%YAML:1.0
---
descriptors: !!opencv-matrix
   rows: 140
   cols: 32
   dt: u
   data: [ 96, 176, 189, 252, 124, 207, 17, 120, 94, 249, 164, 8, 246,
       247, 104, 59, 217, 125, 123, 16, 3, 99, 251, 29, 221, 131, 103,
       125, 208, 40, 7, 251, 124, 81, 120, 101, 48, 79, 119, 184, 36,
       236, 254, 141, 211, 69, 139, 80, 122, 204, 109, 110, 201, 176,
       249, 12, 246, 237, 37, 149, 104, 187, 70, 115, 109, 33, 209, 77,
       93, 29, 194, 152, 83, 161, 105, 72, 218, 112, 93, 180, 24, 204,
       66, 106, 139, 114, 253, 147, 47, 28, 5, 60, 75, 255, 82, 164, 45,
       125, 121, 101, 244, 79, 111, 188, 123, 238, 126, 12, 211, 53, 209,
       48, 30, 220, 84, 110, 233, 176, 249, 30, 239, 159, 37, 36, 106,
       242, 70, 241, 222, 253, 254, 158, 175, 251, 182, 239, 223, 247,
       95, 187, 108, 252, 111, 203, 179, 127, 235, 19, 118, 109, 143,
       247, 58, 119, 95, 191, 215, 127, 157, 223, 79, 250, 239, 71, 50,
       86, 187, 184, 46, 221, 87, 228, 221, 118, 154, 99, 55, 85, 255,
       255, 213, 212, 191, 101, 110, 43, 111, 196, 142, 183, 45, 117, 62,
       88, 226, 154, 79, 209, 158, 196, 135, 214, 212, 167, 40, 220, 119,
       204, 206, 249, 183, 211, 206, 7, 190, 224, 19, 81, 207, 187, 183,
       127, 61, 223, 141, 236, 174, 119, 201, 188, 125, 150, 255, 219,
       102, 16, 249, 255, 88, 123, 197, 118, 123, 28, 162, 220, 251, 243,
       79, 251, 215, 64, 130, 241, 226, 234, 136, 52, 190, 113, 169, 237,
       241, 83, 254, 155, 180, 24, 190, 251, 64, 59, 129, 51, 111, 24,
       50, 109, 242, 83, 207, 219, 114, 59, 192, 64, 195, 171, 82, 169,
       142, 182, 26, 192, 186, 232, 174, 180, 138, 163, 237, 206, 99, 66,
       227, 247, 251, 195, 6, 67, 138, 253, 189, 101, 143, 171, 4, 51,
       45, 82, 138, 157, 244, 255, 103, 252, 252, 166, 191, 29, 122, 19,
       172, 127, 22, 71, 239, 251, 191, 193, 230, 248, 219, 245, 191,
       250, 222, 131, 39, 212, 237, 223, 159, 74, 235, 250, 150, 131,
       239, 212, 22, 204, 214, 246, 89, 207, 177, 72, 127, 233, 23, 222,
       235, 151, 44, 250, 242, 239, 175, 128, 53, 185, 48, 241, 190, 88,
       237, 97, 139, 86, 215, 220, 69, 254, 182, 167, 75, 29, 199, 110,
       125, 212, 253, 242, 237, 231, 125, 170, 251, 215, 229, 151, 235,
       189, 124, 127, 112, 243, 11, 228, 20, 70, 198, 117, 96, 236, 154,
       102, 65, 8, 144, 0, 120, 196, 76, 241, 221, 155, 193, 12, 248,
       164, 175, 212, 45, 34, 250, 19, 251, 205, 107, 71, 102, 16, 236,
       119, 121, 200, 126, 231, 121, 172, 182, 243, 126, 239, 55, 239,
       229, 250, 166, 233, 54, 105, 238, 136, 111, 246, 123, 221, 34,
       249, 21, 216, 201, 197, 237, 239, 142, 17, 96, 64, 180, 151, 108,
       123, 201, 19, 91, 40, 83, 11, 210, 213, 37, 24, 218, 110, 16, 16,
       226, 178, 9, 76, 113, 77, 228, 62, 77, 55, 77, 170, 126, 68, 191,
       19, 145, 244, 23, 46, 28, 46, 193, 188, 113, 30, 39, 254, 116, 16,
       90, 250, 65, 41, 80, 115, 23, 243, 178, 134, 61, 53, 172, 137,
       131, 102, 253, 83, 168, 66, 230, 51, 45, 144, 66, 153, 1, 206,
       168, 228, 46, 130, 8, 146, 161, 41, 97, 163, 192, 5, 52, 22, 74,
       52, 99, 161, 138, 68, 227, 32, 214, 214, 84, 230, 108, 221, 157,
       248, 197, 44, 172, 60, 165, 80, 204, 166, 120, 12, 49, 76, 77,
       175, 30, 107, 71, 64, 68, 98, 235, 130, 243, 16, 49, 97, 88, 160,
       10, 42, 73, 176, 85, 12, 160, 174, 0, 16, 124, 251, 80, 40, 114,
       203, 62, 190, 111, 157, 180, 102, 201, 21, 116, 11, 46, 220, 54,
       175, 174, 179, 163, 65, 198, 107, 182, 253, 19, 83, 88, 43, 85,
       28, 95, 206, 144, 201, 127, 99, 196, 78, 101, 53, 100, 26, 102,
       16, 83, 49, 32, 112, 96, 190, 53, 72, 120, 188, 33, 46, 111, 171,
       116, 64, 97, 146, 230, 234, 115, 125, 51, 164, 55, 212, 158, 66,
       25, 200, 208, 107, 47, 158, 37, 176, 174, 253, 149, 227, 205, 171,
       180, 204, 179, 213, 11, 187, 45, 61, 55, 95, 6, 33, 18, 154, 77,
       197, 184, 64, 140, 148, 89, 3, 140, 210, 104, 64, 248, 57, 131,
       210, 64, 179, 154, 192, 149, 16, 203, 43, 16, 42, 37, 130, 46, 32,
       240, 227, 245, 127, 250, 89, 123, 191, 185, 159, 207, 111, 95, 26,
       191, 157, 223, 179, 158, 112, 221, 210, 159, 222, 139, 247, 199,
       239, 79, 199, 47, 93, 114, 75, 85, 215, 227, 120, 71, 76, 125, 2,
       104, 220, 183, 164, 88, 56, 146, 106, 195, 178, 124, 255, 39, 28,
       1, 2, 87, 190, 116, 244, 54, 225, 109, 235, 141, 69, 206, 205,
       135, 53, 169, 3, 67, 207, 124, 1, 201, 153, 131, 227, 90, 35, 90,
       177, 51, 217, 143, 117, 81, 219, 244, 130, 253, 207, 245, 102,
       252, 42, 207, 248, 123, 234, 255, 238, 91, 105, 157, 48, 127, 199,
       102, 239, 249, 243, 237, 239, 126, 255, 231, 148, 111, 251, 226,
       161, 138, 250, 176, 153, 235, 149, 189, 199, 159, 29, 84, 183,
       172, 158, 102, 205, 239, 59, 179, 145, 214, 78, 162, 209, 111, 81,
       30, 235, 146, 92, 173, 219, 182, 207, 66, 174, 214, 160, 206, 220,
       149, 2, 217, 231, 97, 235, 189, 196, 126, 235, 23, 255, 250, 131,
       14, 255, 48, 100, 175, 136, 61, 255, 248, 145, 79, 218, 237, 71,
       114, 86, 187, 184, 102, 252, 95, 166, 217, 87, 219, 230, 54, 93,
       255, 239, 129, 208, 189, 205, 78, 105, 235, 132, 38, 167, 39, 241,
       204, 236, 191, 127, 77, 252, 121, 158, 255, 251, 38, 16, 252, 255,
       93, 123, 193, 110, 123, 28, 162, 109, 251, 243, 79, 251, 215, 44,
       194, 113, 98, 170, 47, 182, 242, 88, 249, 213, 156, 123, 219, 254,
       156, 189, 108, 253, 254, 180, 159, 59, 223, 37, 230, 71, 178, 223,
       123, 95, 13, 191, 87, 236, 159, 215, 22, 207, 158, 191, 154, 226,
       159, 166, 150, 23, 202, 179, 229, 255, 35, 75, 199, 119, 169, 195,
       48, 201, 75, 63, 233, 167, 254, 19, 144, 113, 165, 74, 232, 137,
       188, 251, 237, 236, 117, 135, 255, 59, 38, 24, 190, 185, 64, 123,
       193, 118, 123, 24, 50, 109, 251, 179, 207, 251, 84, 91, 210, 88,
       193, 42, 214, 43, 46, 189, 8, 194, 59, 72, 190, 148, 195, 131,
       197, 206, 99, 66, 241, 125, 237, 227, 14, 193, 139, 93, 217, 163,
       175, 141, 36, 35, 53, 66, 12, 113, 57, 101, 112, 14, 127, 16, 44,
       140, 119, 72, 223, 19, 9, 112, 150, 92, 69, 106, 72, 176, 121, 12,
       231, 249, 33, 4, 64, 179, 70, 163, 219, 123, 255, 228, 122, 2,
       191, 117, 137, 224, 20, 239, 125, 159, 181, 34, 46, 245, 247, 227,
       193, 87, 164, 236, 116, 79, 239, 162, 45, 188, 35, 249, 218, 91,
       107, 77, 162, 90, 119, 117, 125, 76, 118, 167, 42, 188, 166, 113,
       182, 255, 221, 98, 253, 185, 37, 237, 114, 113, 100, 131, 103,
       180, 246, 95, 203, 91, 110, 14, 98, 154, 191, 117, 169, 68, 119,
       231, 104, 12, 182, 82, 38, 229, 255, 199, 196, 183, 37, 237, 118,
       123, 46, 131, 111, 182, 239, 93, 245, 1, 237, 69, 205, 31, 198,
       109, 64, 226, 174, 12, 83, 40, 85, 187, 24, 230, 96, 111, 221,
       240, 245, 8, 47, 107, 69, 48, 233, 250, 218, 172, 193, 161, 87,
       69, 52, 30, 226, 48, 104, 224, 34, 76, 243, 16, 150, 247, 16, 100,
       120, 108, 165, 248, 245, 13, 44, 249, 67, 64, 72, 162, 90, 12,
       123, 133, 108, 101, 157, 31, 217, 59, 65, 228, 140, 11, 19, 44,
       22, 33, 61, 134, 81, 45, 220, 58, 117, 159, 127, 111, 141, 52,
       119, 236, 84, 110, 61, 77, 123, 238, 84, 147, 207, 244, 212, 200,
       254, 66, 115, 233, 177, 96, 120, 234, 23, 106, 200, 187, 44, 191,
       114, 237, 167, 128, 119, 187, 112, 161, 4, 76, 130, 158, 93, 228,
       150, 67, 156, 138, 217, 2, 228, 249, 33, 72, 216, 56, 34, 2, 96,
       163, 66, 170, 181, 182, 130, 11, 16, 122, 52, 130, 57, 205, 107,
       222, 148, 146, 79, 246, 212, 192, 222, 194, 113, 227, 181, 100,
       124, 234, 30, 238, 201, 171, 44, 175, 112, 175, 166, 136, 61, 251,
       112, 104, 10, 149, 54, 155, 213, 215, 190, 175, 29, 69, 94, 19,
       236, 126, 46, 196, 213, 27, 147, 161, 118, 152, 121, 223, 47, 119,
       154, 71, 22, 12, 189, 222, 53, 239, 232, 239, 254, 35, 238, 252,
       86, 226, 221, 230, 241, 225, 249, 35, 127, 202, 30, 238, 237, 114,
