%YAML:1.0
---
descriptors: !!opencv-matrix
   rows: 306
   cols: 32
   dt: u
   data: [ 191, 255, 109, 71, 206, 23, 159, 252, 80, 250, 254, 206, 113,
       125, 159, 33, 95, 254, 183, 238, 253, 242, 125, 44, 111, 43, 229,
       180, 111, 255, 214, 245, 21, 92, 31, 255, 42, 102, 189, 114, 172,
       26, 194, 98, 244, 247, 33, 107, 231, 115, 63, 195, 225, 197, 19,
       107, 193, 162, 250, 130, 24, 113, 33, 59, 98, 56, 179, 220, 89,
       205, 185, 67, 159, 189, 241, 24, 188, 222, 100, 250, 237, 187,
       251, 144, 18, 107, 242, 209, 29, 253, 26, 123, 209, 8, 167, 246,
       216, 182, 22, 186, 35, 184, 16, 87, 249, 31, 113, 125, 174, 210,
       136, 159, 167, 51, 204, 17, 174, 111, 130, 227, 146, 243, 114,
       203, 202, 68, 143, 31, 123, 158, 238, 117, 23, 86, 89, 59, 113,
       238, 214, 167, 107, 45, 150, 247, 125, 252, 181, 173, 173, 216,
       181, 142, 219, 239, 245, 129, 239, 164, 126, 127, 110, 112, 188,
       210, 237, 125, 209, 216, 219, 255, 181, 29, 206, 220, 95, 175,
       141, 85, 255, 23, 150, 103, 186, 144, 75, 91, 85, 255, 194, 127,
       223, 215, 252, 255, 24, 56, 185, 157, 86, 216, 187, 28, 180, 77,
       111, 203, 75, 146, 189, 193, 204, 118, 238, 103, 154, 159, 251,
       217, 37, 127, 90, 44, 78, 83, 88, 124, 126, 243, 115, 236, 61,
       150, 168, 255, 54, 58, 189, 31, 1, 59, 167, 119, 253, 144, 32,
       212, 176, 236, 231, 239, 124, 161, 162, 209, 135, 251, 66, 184,
       190, 186, 77, 253, 16, 67, 175, 23, 132, 9, 174, 222, 98, 91, 201,
       179, 251, 17, 14, 75, 210, 241, 215, 115, 90, 123, 144, 12, 47,
       74, 169, 129, 123, 79, 212, 223, 231, 53, 117, 65, 114, 82, 211,
       9, 156, 240, 120, 142, 70, 40, 249, 184, 117, 31, 103, 191, 48,
       64, 101, 136, 208, 168, 89, 28, 13, 189, 44, 110, 93, 59, 181,
       122, 198, 19, 247, 55, 2, 123, 225, 166, 125, 141, 237, 221, 211,
       189, 215, 251, 250, 16, 40, 192, 120, 74, 218, 26, 198, 181, 162,
       42, 60, 23, 60, 255, 146, 247, 141, 39, 194, 203, 39, 71, 253,
       149, 52, 221, 133, 194, 220, 99, 254, 193, 174, 244, 173, 91, 104,
       180, 28, 224, 137, 109, 84, 190, 35, 59, 172, 25, 151, 63, 74, 27,
       129, 214, 125, 2, 42, 70, 219, 53, 203, 219, 85, 125, 152, 89,
       202, 10, 249, 87, 237, 101, 36, 126, 207, 190, 97, 230, 190, 252,
       251, 45, 159, 51, 38, 198, 124, 239, 233, 228, 245, 10, 230, 235,
       100, 148, 111, 244, 210, 121, 108, 229, 25, 236, 57, 79, 87, 184,
       35, 232, 173, 8, 215, 87, 72, 48, 144, 212, 92, 106, 105, 66, 251,
       30, 229, 209, 5, 60, 80, 50, 6, 34, 8, 177, 125, 103, 98, 75, 105,
       57, 125, 100, 119, 160, 223, 23, 136, 53, 54, 28, 70, 104, 193,
       176, 121, 93, 79, 139, 37, 68, 103, 130, 71, 241, 238, 180, 166,
       184, 153, 175, 144, 75, 159, 191, 176, 29, 206, 253, 111, 11, 221,
       27, 219, 21, 58, 111, 210, 210, 217, 118, 91, 127, 219, 108, 15,
       210, 57, 133, 107, 109, 52, 74, 111, 120, 68, 104, 250, 66, 83,
       85, 176, 96, 120, 236, 30, 110, 217, 177, 53, 28, 243, 237, 161,
       4, 109, 170, 112, 56, 141, 161, 125, 105, 244, 15, 235, 25, 111,
       113, 119, 92, 223, 56, 150, 49, 46, 15, 118, 61, 183, 176, 125,
       93, 78, 187, 33, 68, 205, 138, 67, 240, 198, 174, 149, 218, 153,
       237, 61, 235, 190, 23, 161, 25, 236, 231, 108, 91, 231, 115, 234,
       144, 114, 79, 154, 243, 185, 18, 95, 123, 144, 64, 165, 66, 19,
       141, 75, 254, 182, 135, 239, 247, 212, 8, 222, 70, 113, 235, 176,
       96, 127, 234, 31, 204, 155, 155, 44, 255, 248, 239, 174, 192, 189,
       138, 240, 169, 218, 76, 127, 65, 19, 90, 125, 103, 120, 228, 70,
       18, 29, 30, 22, 241, 34, 149, 217, 153, 96, 157, 53, 110, 247,
       233, 218, 65, 37, 16, 167, 110, 0, 113, 179, 114, 202, 233, 161,
       79, 234, 65, 121, 104, 52, 215, 104, 56, 174, 59, 67, 17, 3, 123,
       146, 65, 29, 36, 62, 106, 201, 66, 167, 187, 60, 241, 88, 96, 121,
       201, 82, 200, 7, 48, 173, 9, 27, 159, 72, 16, 216, 145, 205, 240,
       10, 35, 88, 21, 251, 205, 5, 125, 114, 131, 78, 130, 60, 100, 184,
       112, 109, 61, 81, 218, 203, 187, 180, 24, 31, 153, 65, 58, 137,
       216, 85, 24, 10, 103, 218, 128, 219, 221, 21, 127, 194, 249, 86,
       162, 197, 85, 92, 103, 32, 14, 111, 184, 104, 170, 123, 100, 211,
       50, 137, 115, 150, 196, 124, 110, 205, 208, 205, 8, 230, 233, 101,
       132, 40, 179, 74, 1, 79, 30, 202, 205, 124, 50, 106, 154, 55, 194,
       222, 230, 233, 47, 151, 252, 95, 252, 190, 156, 141, 210, 231,
       238, 142, 255, 255, 136, 175, 245, 104, 29, 15, 179, 118, 65, 255,
       191, 251, 217, 239, 125, 125, 175, 76, 204, 182, 180, 190, 15,
       198, 127, 150, 241, 175, 212, 94, 89, 35, 231, 199, 143, 75, 215,
       18, 237, 18, 153, 21, 199, 210, 103, 29, 13, 216, 3, 172, 152, 36,
       192, 248, 59, 131, 129, 14, 184, 16, 255, 161, 52, 154, 3, 81, 28,
       189, 142, 169, 228, 88, 121, 116, 142, 107, 252, 112, 16, 100, 20,
       151, 3, 2, 17, 24, 8, 2, 124, 98, 252, 209, 31, 111, 137, 32, 100,
       104, 128, 66, 136, 80, 184, 216, 112, 74, 141, 81, 222, 163, 31,
       164, 29, 55, 147, 66, 26, 167, 147, 69, 0, 10, 75, 146, 49, 219,
       201, 48, 121, 96, 129, 2, 11, 194, 212, 147, 176, 161, 204, 53, 7,
       185, 27, 74, 80, 156, 183, 64, 94, 133, 119, 125, 16, 115, 205,
       146, 98, 173, 182, 94, 74, 136, 64, 165, 51, 56, 159, 18, 170,
       149, 167, 82, 103, 133, 5, 235, 71, 109, 227, 32, 192, 220, 163,
       139, 32, 62, 155, 88, 191, 187, 245, 130, 67, 190, 78, 252, 10,
       253, 125, 253, 98, 237, 77, 87, 248, 195, 186, 189, 8, 91, 221,
       73, 55, 137, 208, 93, 106, 72, 103, 250, 138, 243, 217, 69, 60,
       99, 251, 86, 98, 30, 119, 243, 199, 190, 107, 255, 248, 125, 228,
       255, 230, 207, 255, 157, 36, 127, 213, 255, 227, 169, 179, 237,
       238, 254, 223, 175, 132, 111, 247, 39, 245, 210, 188, 177, 186,
       11, 229, 23, 194, 187, 87, 8, 57, 172, 247, 97, 90, 165, 123, 121,
       131, 34, 75, 154, 243, 217, 214, 30, 123, 144, 81, 39, 122, 221,
       29, 222, 165, 180, 46, 105, 18, 236, 200, 154, 229, 159, 51, 147,
       123, 102, 231, 125, 253, 169, 201, 197, 12, 228, 233, 234, 144,
       172, 225, 113, 25, 163, 188, 159, 88, 201, 237, 228, 199, 255,
       115, 226, 28, 130, 249, 118, 223, 201, 166, 106, 144, 63, 111,
       154, 115, 31, 58, 215, 127, 217, 72, 202, 150, 95, 59, 216, 193,
       242, 242, 58, 82, 59, 233, 126, 238, 13, 55, 199, 244, 54, 255,
       151, 218, 151, 210, 165, 232, 30, 237, 171, 231, 175, 229, 43,
       181, 232, 172, 149, 186, 205, 237, 80, 7, 255, 87, 160, 25, 174,
       245, 64, 219, 201, 50, 234, 16, 51, 111, 218, 243, 159, 242, 86,
       59, 146, 72, 214, 74, 53, 213, 65, 237, 92, 7, 79, 248, 86, 224,
       251, 198, 83, 227, 177, 96, 93, 236, 30, 238, 235, 50, 127, 159,
       180, 174, 167, 188, 61, 187, 240, 176, 88, 52, 18, 184, 45, 173,
       240, 66, 172, 19, 170, 29, 143, 250, 98, 88, 233, 167, 235, 21,
       14, 107, 210, 144, 209, 245, 26, 95, 136, 68, 43, 26, 82, 177,
       187, 160, 178, 64, 61, 143, 43, 245, 154, 187, 141, 175, 74, 2,
       167, 215, 253, 145, 26, 73, 161, 194, 249, 213, 191, 247, 164, 64,
       167, 123, 126, 224, 28, 178, 141, 221, 80, 206, 135, 49, 168, 11,
       47, 223, 106, 154, 233, 179, 202, 145, 14, 107, 90, 181, 155, 209,
       133, 127, 211, 8, 78, 2, 143, 140, 239, 215, 150, 242, 239, 182,
       124, 199, 95, 178, 249, 108, 159, 111, 115, 231, 63, 143, 181,
       220, 45, 238, 110, 111, 254, 193, 175, 247, 253, 116, 17, 68, 107,
       237, 20, 134, 107, 112, 101, 72, 223, 198, 115, 67, 177, 100, 124,
       236, 30, 238, 201, 145, 53, 140, 240, 236, 162, 128, 61, 187, 112,
       56, 48, 193, 123, 236, 22, 135, 75, 120, 68, 0, 250, 2, 83, 81,
       48, 96, 120, 188, 6, 234, 73, 179, 57, 29, 249, 237, 161, 64, 113,
       170, 116, 160, 54, 141, 26, 186, 148, 167, 82, 231, 150, 9, 219,
       3, 116, 251, 32, 64, 217, 171, 11, 16, 30, 171, 90, 63, 187, 167,
