%YAML:1.0
---
descriptors: !!opencv-matrix
   rows: 394
   cols: 32
   dt: u
   data: [ 189, 111, 196, 5, 245, 27, 102, 255, 117, 166, 110, 140, 107,
       96, 159, 181, 58, 206, 198, 46, 236, 240, 69, 206, 54, 127, 69, 7,
       111, 252, 218, 132, 254, 188, 172, 250, 203, 245, 149, 255, 139,
       255, 184, 63, 92, 252, 126, 58, 141, 211, 255, 17, 182, 111, 250,
       243, 91, 95, 221, 255, 215, 124, 150, 119, 204, 188, 158, 240,
       137, 254, 48, 67, 171, 187, 167, 56, 142, 191, 64, 187, 227, 149,
       234, 16, 54, 111, 146, 192, 223, 211, 95, 119, 130, 64, 175, 2,
       173, 85, 119, 69, 116, 95, 230, 56, 117, 224, 115, 102, 211, 60,
       149, 165, 126, 220, 22, 110, 169, 176, 125, 142, 38, 254, 33, 132,
       111, 187, 80, 181, 126, 174, 172, 168, 189, 127, 82, 202, 15, 254,
       188, 25, 143, 45, 83, 16, 137, 209, 221, 85, 62, 111, 67, 147,
       219, 215, 1, 255, 242, 253, 94, 83, 125, 51, 202, 172, 114, 38,
       106, 88, 113, 128, 251, 230, 89, 227, 187, 216, 126, 237, 22, 254,
       141, 147, 156, 202, 18, 237, 163, 132, 175, 243, 106, 148, 202,
       24, 159, 252, 137, 248, 48, 66, 191, 154, 166, 16, 172, 183, 33,
       223, 225, 119, 235, 16, 36, 79, 178, 232, 147, 243, 90, 27, 130,
       117, 47, 30, 134, 173, 145, 218, 250, 165, 190, 232, 154, 187, 17,
       114, 252, 251, 233, 9, 247, 91, 19, 243, 114, 67, 138, 247, 56,
       22, 207, 238, 156, 241, 161, 161, 246, 123, 231, 12, 219, 215,
       151, 204, 147, 252, 240, 175, 98, 220, 87, 146, 220, 253, 247,
       243, 239, 103, 255, 191, 59, 4, 173, 255, 119, 61, 246, 255, 134,
       137, 134, 147, 197, 169, 236, 135, 254, 19, 66, 19, 173, 226, 120,
       79, 227, 107, 34, 88, 54, 88, 94, 241, 45, 18, 222, 97, 144, 92,
       129, 142, 223, 82, 243, 70, 98, 82, 175, 80, 121, 202, 119, 226,
       89, 214, 189, 255, 118, 253, 180, 238, 193, 151, 172, 202, 50,
       104, 235, 134, 47, 247, 99, 245, 216, 104, 190, 244, 34, 192, 181,
       102, 228, 132, 198, 160, 189, 215, 161, 99, 38, 117, 125, 194, 64,
       205, 162, 104, 241, 161, 126, 129, 36, 48, 37, 43, 53, 81, 107,
       202, 116, 87, 203, 120, 69, 204, 253, 14, 83, 93, 183, 36, 124,
       152, 22, 238, 201, 179, 124, 156, 51, 205, 161, 156, 117, 171,
       116, 245, 107, 48, 186, 124, 107, 116, 144, 31, 171, 89, 241, 125,
       60, 189, 76, 186, 134, 19, 253, 17, 151, 107, 210, 193, 83, 125,
       88, 186, 203, 68, 171, 91, 254, 180, 236, 84, 139, 117, 84, 235,
       251, 247, 164, 159, 74, 252, 87, 63, 173, 215, 249, 179, 172, 103,
       187, 194, 123, 91, 213, 63, 231, 116, 254, 94, 75, 191, 239, 31,
       250, 252, 173, 159, 174, 221, 14, 228, 188, 230, 218, 102, 7, 119,
       122, 157, 147, 73, 239, 115, 108, 45, 63, 232, 140, 212, 131, 125,
       61, 81, 107, 238, 116, 71, 203, 120, 69, 72, 255, 70, 113, 92,
       183, 96, 126, 168, 22, 239, 205, 179, 60, 156, 112, 77, 162, 128,
       125, 171, 112, 213, 72, 161, 186, 238, 61, 205, 243, 101, 238, 5,
       173, 8, 191, 255, 106, 112, 208, 59, 123, 80, 22, 43, 242, 247,
       251, 253, 6, 121, 80, 10, 167, 138, 173, 28, 113, 77, 110, 63,
       239, 120, 124, 226, 249, 234, 219, 124, 157, 181, 126, 196, 94,
       235, 169, 183, 101, 206, 20, 46, 35, 180, 127, 251, 82, 180, 9,
       177, 51, 234, 244, 133, 255, 245, 15, 45, 124, 110, 188, 223, 244,
       36, 188, 59, 23, 220, 211, 58, 56, 213, 127, 221, 47, 236, 218,
       10, 167, 251, 254, 172, 190, 250, 157, 247, 93, 207, 183, 151,
       164, 25, 94, 255, 98, 26, 233, 247, 255, 144, 58, 207, 250, 162,
       251, 215, 223, 127, 130, 112, 174, 98, 121, 65, 115, 238, 124,
       135, 75, 112, 197, 200, 223, 74, 115, 213, 177, 100, 124, 160, 63,
       110, 201, 163, 51, 140, 209, 172, 161, 24, 55, 171, 112, 105, 63,
       91, 99, 206, 118, 130, 238, 112, 133, 72, 223, 231, 113, 205, 181,
       228, 126, 232, 151, 239, 201, 179, 36, 237, 50, 44, 170, 128, 63,
       191, 120, 249, 244, 104, 188, 250, 141, 77, 85, 204, 171, 190,
       180, 8, 207, 215, 73, 58, 201, 213, 253, 82, 74, 71, 250, 176,
       219, 211, 85, 63, 192, 51, 78, 35, 53, 95, 111, 205, 182, 67, 231,
       251, 84, 192, 254, 226, 83, 213, 183, 101, 126, 76, 54, 106, 233,
       176, 101, 158, 116, 142, 167, 132, 117, 250, 244, 233, 33, 173,
       31, 113, 113, 237, 113, 115, 105, 17, 108, 8, 54, 17, 0, 49, 128,
       58, 50, 8, 19, 248, 210, 101, 71, 185, 80, 64, 74, 192, 66, 170,
       19, 79, 74, 222, 126, 146, 239, 116, 133, 132, 252, 230, 105, 194,
       183, 100, 110, 232, 22, 206, 204, 171, 38, 237, 50, 44, 170, 136,
       63, 191, 104, 140, 189, 104, 213, 71, 92, 19, 234, 72, 87, 160,
       241, 74, 115, 209, 221, 165, 58, 204, 114, 234, 73, 246, 207, 189,
       28, 202, 65, 52, 111, 171, 90, 164, 59, 75, 98, 94, 94, 144, 206,
       240, 213, 192, 252, 198, 43, 200, 183, 244, 126, 232, 150, 238,
       204, 163, 14, 255, 50, 237, 163, 136, 127, 183, 122, 140, 138,
       154, 244, 153, 106, 185, 184, 215, 159, 21, 84, 247, 173, 142,
       230, 205, 231, 59, 167, 17, 166, 92, 70, 241, 14, 83, 122, 235,
       150, 140, 141, 221, 35, 127, 38, 9, 252, 143, 231, 125, 205, 252,
       218, 79, 226, 8, 55, 3, 204, 162, 78, 127, 236, 251, 85, 252, 60,
       24, 175, 144, 93, 28, 208, 205, 49, 199, 72, 103, 148, 11, 102,
       253, 116, 36, 251, 66, 211, 41, 152, 64, 120, 206, 110, 110, 220,
       184, 77, 63, 254, 239, 180, 84, 101, 154, 208, 8, 62, 219, 107,
       239, 86, 83, 235, 252, 71, 236, 254, 198, 123, 141, 182, 96, 126,
       217, 23, 234, 201, 187, 61, 253, 123, 205, 167, 196, 127, 170,
       124, 249, 106, 181, 104, 37, 189, 123, 209, 47, 23, 101, 191, 189,
       203, 44, 158, 188, 89, 150, 253, 37, 188, 250, 245, 134, 207, 119,
       208, 215, 231, 204, 222, 94, 124, 164, 152, 242, 201, 233, 80,
       203, 251, 183, 173, 24, 14, 251, 72, 26, 137, 219, 233, 16, 26,
       107, 218, 147, 219, 211, 85, 127, 210, 72, 142, 130, 27, 2, 234,
       204, 22, 182, 235, 81, 149, 204, 215, 70, 88, 219, 183, 108, 124,
       168, 31, 188, 136, 167, 32, 202, 211, 237, 162, 136, 191, 168,
       112, 177, 213, 169, 19, 212, 151, 212, 110, 225, 242, 128, 4, 2,
       120, 242, 117, 231, 48, 247, 56, 234, 113, 73, 186, 253, 59, 232,
       143, 104, 41, 32, 99, 38, 121, 169, 250, 229, 118, 154, 232, 113,
       107, 224, 126, 10, 43, 26, 148, 244, 122, 141, 55, 217, 206, 186,
       165, 221, 95, 253, 163, 96, 103, 174, 122, 204, 87, 143, 43, 171,
       244, 34, 107, 246, 52, 75, 202, 247, 213, 39, 56, 73, 127, 207,
       31, 191, 185, 155, 77, 238, 252, 102, 190, 192, 172, 213, 177,
       241, 190, 6, 46, 188, 141, 51, 212, 111, 213, 78, 221, 63, 79,
       232, 63, 137, 249, 169, 151, 165, 188, 167, 2, 142, 210, 83, 218,
       155, 255, 108, 184, 199, 167, 188, 215, 95, 255, 251, 166, 239,
       95, 251, 121, 114, 104, 248, 157, 175, 187, 123, 226, 10, 183,
       252, 127, 235, 62, 94, 87, 71, 207, 124, 203, 173, 223, 208, 111,
       247, 47, 95, 255, 185, 245, 246, 247, 182, 121, 93, 159, 103, 126,
       245, 255, 239, 237, 245, 127, 255, 119, 107, 229, 145, 103, 190,
       116, 121, 191, 237, 94, 254, 221, 223, 95, 236, 209, 150, 229, 26,
       107, 253, 63, 19, 249, 235, 223, 115, 124, 111, 186, 190, 251,
       219, 197, 127, 115, 57, 254, 202, 56, 236, 184, 250, 221, 237,
       214, 207, 95, 21, 232, 8, 46, 249, 108, 16, 217, 171, 2, 16, 10,
       43, 90, 183, 251, 221, 20, 123, 210, 74, 206, 138, 227, 111, 106,
       15, 253, 219, 71, 229, 127, 228, 238, 141, 107, 192, 215, 84, 88,
       238, 238, 94, 204, 187, 237, 186, 182, 125, 5, 17, 99, 222, 222,
       92, 105, 173, 241, 111, 244, 15, 111, 189, 107, 40, 125, 72, 255,
       113, 152, 180, 18, 86, 68, 110, 209, 56, 233, 63, 231, 253, 37,
       180, 66, 250, 194, 169, 13, 222, 249, 99, 52, 143, 123, 188, 127,
       41, 127, 108, 255, 247, 168, 48, 151, 88, 22, 26, 145, 184, 57,
       127, 239, 223, 37, 196, 218, 155, 195, 57, 255, 213, 55, 222, 13,
