%YAML:1.0
---
descriptors: !!opencv-matrix
   rows: 269
   cols: 32
   dt: u
   data: [ 17, 6, 215, 213, 54, 43, 168, 63, 30, 163, 82, 242, 117, 43,
       180, 72, 55, 103, 62, 45, 176, 252, 5, 223, 28, 46, 123, 192, 253,
       168, 1, 169, 193, 61, 31, 119, 160, 142, 118, 51, 237, 170, 174,
       76, 254, 51, 0, 115, 132, 38, 108, 10, 245, 201, 177, 110, 231,
       187, 100, 18, 72, 226, 203, 9, 134, 20, 252, 219, 230, 98, 188, 7,
       188, 23, 127, 179, 200, 127, 47, 75, 235, 19, 179, 129, 52, 244,
       3, 195, 71, 59, 218, 135, 213, 113, 165, 215, 118, 101, 234, 238,
       93, 79, 230, 232, 113, 162, 241, 10, 75, 249, 61, 16, 248, 204,
       95, 227, 232, 179, 216, 206, 179, 238, 135, 63, 101, 123, 118,
       130, 42, 229, 41, 190, 93, 221, 213, 103, 159, 109, 252, 27, 174,
       204, 54, 20, 200, 187, 215, 1, 78, 43, 114, 247, 243, 85, 30, 59,
       83, 76, 222, 254, 201, 89, 17, 101, 180, 15, 100, 55, 100, 232,
       122, 76, 159, 17, 145, 180, 128, 36, 108, 108, 201, 184, 81, 12,
       165, 248, 37, 20, 74, 184, 66, 57, 48, 221, 238, 255, 212, 206,
       255, 237, 124, 69, 254, 3, 243, 253, 62, 64, 248, 219, 23, 227,
       202, 186, 123, 61, 229, 239, 166, 1, 117, 123, 236, 218, 96, 36,
       93, 229, 68, 111, 65, 49, 112, 170, 243, 72, 211, 19, 9, 81, 88,
       164, 76, 40, 105, 180, 81, 12, 199, 235, 160, 16, 104, 170, 82,
       34, 67, 179, 3, 169, 168, 164, 56, 71, 175, 121, 218, 245, 140,
       150, 194, 216, 204, 191, 255, 149, 158, 155, 195, 208, 156, 116,
       186, 210, 144, 68, 163, 95, 42, 253, 51, 248, 89, 213, 151, 238,
       159, 192, 204, 11, 188, 255, 39, 240, 217, 251, 155, 193, 71, 11,
       250, 255, 243, 245, 139, 59, 26, 60, 39, 254, 165, 101, 127, 101,
       52, 79, 103, 48, 96, 232, 127, 8, 211, 21, 153, 49, 26, 148, 84,
       106, 233, 176, 121, 14, 103, 217, 33, 132, 105, 179, 70, 241, 124,
       121, 210, 238, 85, 223, 86, 216, 99, 172, 253, 14, 98, 211, 107,
       148, 248, 252, 134, 226, 15, 179, 216, 255, 179, 197, 133, 63,
       235, 123, 110, 18, 188, 71, 102, 74, 21, 215, 194, 248, 85, 172,
       253, 10, 66, 73, 63, 164, 248, 224, 198, 234, 188, 163, 105, 255,
       59, 205, 133, 87, 115, 47, 126, 134, 73, 205, 19, 165, 180, 138,
       103, 183, 124, 200, 74, 100, 247, 35, 128, 96, 114, 110, 12, 44,
       225, 184, 69, 47, 228, 174, 38, 0, 40, 240, 209, 56, 9, 207, 23,
       103, 178, 10, 103, 55, 116, 73, 106, 96, 247, 51, 128, 112, 54,
       102, 46, 44, 209, 184, 37, 47, 236, 175, 36, 0, 104, 226, 225, 41,
       66, 171, 30, 188, 75, 129, 184, 102, 174, 21, 192, 161, 172, 142,
       98, 67, 230, 59, 235, 133, 70, 11, 130, 245, 157, 48, 154, 235,
       16, 4, 45, 218, 254, 157, 191, 254, 223, 225, 151, 239, 155, 247,
       188, 187, 110, 255, 109, 27, 255, 243, 151, 243, 122, 71, 250,
       255, 251, 215, 223, 127, 215, 127, 183, 122, 129, 158, 159, 185,
       240, 163, 185, 83, 190, 27, 95, 246, 149, 247, 160, 104, 111, 59,
       19, 156, 51, 152, 34, 119, 76, 135, 186, 196, 144, 192, 161, 241,
       127, 227, 98, 164, 53, 155, 254, 232, 173, 172, 222, 175, 79, 200,
       191, 132, 190, 237, 223, 231, 204, 51, 172, 253, 186, 84, 143,
       255, 103, 63, 127, 71, 17, 158, 123, 251, 182, 169, 107, 179, 62,
       75, 90, 246, 183, 227, 176, 96, 119, 43, 63, 156, 179, 152, 71,
       63, 236, 175, 178, 200, 188, 193, 129, 17, 39, 60, 251, 153, 242,
       229, 185, 83, 30, 203, 124, 247, 188, 252, 239, 40, 223, 59, 151,
       149, 147, 190, 114, 243, 79, 30, 63, 170, 221, 204, 167, 255, 23,
       30, 251, 219, 182, 173, 187, 83, 30, 201, 89, 246, 244, 239, 165,
       96, 247, 59, 23, 29, 179, 184, 42, 255, 140, 31, 58, 194, 156,
       203, 161, 249, 43, 252, 169, 251, 109, 181, 185, 222, 27, 123, 84,
       94, 188, 223, 92, 40, 221, 91, 179, 145, 163, 94, 250, 243, 79,
       95, 159, 170, 157, 80, 147, 251, 239, 184, 173, 240, 237, 221,
       249, 190, 27, 123, 148, 31, 156, 157, 84, 43, 141, 223, 251, 17,
       243, 110, 251, 241, 95, 91, 221, 254, 143, 12, 211, 115, 1, 190,
       123, 251, 246, 167, 235, 214, 126, 201, 92, 230, 189, 107, 177,
       96, 55, 107, 23, 156, 179, 152, 61, 255, 108, 143, 62, 192, 189,
       195, 33, 185, 142, 160, 158, 178, 195, 128, 188, 199, 191, 151,
       71, 147, 12, 239, 106, 79, 231, 59, 171, 145, 54, 223, 154, 194,
       223, 83, 223, 203, 162, 68, 173, 194, 225, 44, 29, 101, 36, 111,
       109, 54, 121, 170, 98, 24, 147, 35, 17, 27, 192, 132, 76, 44, 41,
       252, 209, 10, 197, 251, 113, 20, 72, 241, 66, 160, 130, 95, 230,
       191, 96, 36, 111, 198, 245, 6, 194, 52, 45, 178, 33, 126, 238,
       115, 123, 195, 161, 157, 23, 235, 165, 118, 218, 2, 132, 245, 52,
       172, 111, 217, 247, 77, 253, 22, 239, 248, 97, 232, 250, 70, 72,
       183, 165, 244, 126, 236, 178, 238, 193, 250, 253, 236, 63, 126,
       135, 78, 111, 183, 226, 181, 90, 242, 26, 176, 179, 156, 92, 119,
       179, 49, 162, 253, 15, 135, 66, 208, 167, 143, 237, 148, 94, 79,
       144, 21, 250, 231, 60, 255, 168, 132, 171, 27, 66, 200, 184, 176,
       109, 253, 184, 71, 154, 95, 20, 59, 140, 190, 114, 106, 167, 59,
       251, 1, 6, 79, 146, 243, 215, 87, 90, 235, 148, 88, 141, 195, 49,
       157, 249, 231, 22, 14, 103, 53, 70, 224, 122, 70, 243, 49, 0, 96,
       120, 238, 54, 106, 201, 184, 241, 10, 229, 172, 165, 16, 125, 250,
       208, 168, 16, 92, 91, 229, 82, 78, 99, 248, 36, 72, 110, 98, 119,
       19, 33, 112, 122, 220, 6, 106, 73, 147, 16, 15, 245, 165, 32, 4,
       41, 179, 34, 185, 41, 77, 110, 206, 116, 199, 239, 117, 212, 200,
       222, 34, 113, 213, 183, 96, 120, 250, 31, 234, 233, 169, 37, 175,
       117, 47, 167, 128, 23, 186, 244, 121, 199, 95, 227, 30, 215, 242,
       238, 231, 253, 79, 91, 215, 105, 238, 183, 237, 243, 111, 187,
       167, 245, 157, 180, 238, 54, 126, 222, 131, 173, 247, 249, 221,
       80, 132, 123, 105, 118, 234, 227, 107, 124, 65, 123, 178, 113,
       127, 156, 96, 59, 151, 102, 144, 51, 188, 37, 95, 92, 174, 34,
       193, 229, 138, 101, 178, 1, 32, 229, 69, 76, 27, 232, 88, 111,
       241, 242, 194, 153, 136, 213, 236, 120, 140, 126, 152, 133, 242,
       231, 208, 22, 40, 227, 132, 239, 168, 89, 164, 62, 81, 34, 174,
       77, 85, 214, 237, 133, 78, 213, 47, 104, 222, 47, 199, 216, 249,
       255, 227, 76, 39, 250, 185, 179, 113, 207, 187, 19, 62, 60, 223,
       125, 65, 245, 101, 164, 14, 111, 21, 109, 168, 122, 76, 219, 59,
       149, 244, 182, 204, 124, 110, 201, 176, 241, 200, 230, 252, 36,
       132, 106, 243, 194, 33, 202, 8, 151, 220, 201, 240, 49, 70, 189,
       23, 198, 49, 172, 183, 33, 223, 224, 115, 235, 128, 34, 79, 162,
       225, 151, 243, 90, 11, 130, 69, 39, 238, 11, 34, 109, 69, 102, 26,
       249, 89, 109, 228, 118, 134, 89, 77, 159, 173, 126, 133, 255, 173,
       197, 240, 245, 204, 86, 121, 163, 132, 111, 164, 120, 245, 201,
       94, 191, 30, 168, 244, 189, 182, 184, 206, 156, 245, 188, 182,
       163, 235, 135, 115, 223, 14, 229, 77, 178, 106, 226, 115, 126,
       155, 138, 245, 175, 121, 254, 190, 190, 190, 137, 245, 93, 226,
       191, 159, 164, 25, 239, 239, 99, 155, 165, 243, 237, 130, 62, 79,
       186, 243, 219, 211, 95, 59, 146, 117, 175, 122, 10, 223, 242, 88,
       243, 185, 182, 199, 239, 5, 126, 163, 44, 174, 166, 212, 230, 59,
       135, 16, 150, 184, 36, 255, 62, 117, 22, 203, 247, 92, 237, 207,
       89, 95, 87, 109, 178, 14, 103, 55, 100, 200, 106, 100, 247, 115,
       129, 119, 54, 118, 108, 106, 201, 184, 33, 13, 225, 232, 38, 0,
       42, 178, 225, 41, 163, 223, 63, 220, 60, 215, 223, 246, 221, 94,
       212, 6, 170, 191, 182, 101, 204, 243, 63, 206, 237, 43, 50, 253,
       227, 250, 222, 154, 22, 153, 180, 127, 211, 252, 7, 178, 27, 140,
       26, 230, 187, 81, 128, 157, 174, 150, 0, 244, 167, 227, 216, 197,
       47, 79, 146, 255, 153, 242, 26, 58, 8, 4, 3, 92, 134, 236, 150,
       159, 204, 137, 174, 239, 190, 147, 194, 19, 228, 232, 116, 67,
       233, 111, 106, 211, 114, 237, 139, 255, 60, 54, 223, 74, 149, 121,
