%YAML:1.0
---
descriptors: !!opencv-matrix
   rows: 266
   cols: 32
   dt: u
   data: [ 192, 206, 135, 157, 208, 166, 39, 167, 26, 147, 74, 241, 244,
       163, 33, 91, 101, 111, 35, 141, 48, 220, 131, 127, 236, 38, 255,
       128, 128, 113, 177, 41, 117, 181, 245, 69, 252, 79, 239, 249, 95,
       170, 254, 234, 251, 125, 157, 53, 127, 220, 127, 234, 225, 246,
       249, 223, 125, 190, 231, 180, 119, 250, 102, 249, 41, 251, 88,
       251, 124, 141, 235, 184, 74, 152, 112, 76, 253, 89, 221, 160, 150,
       105, 23, 223, 195, 44, 219, 253, 76, 153, 43, 236, 93, 131, 91,
       153, 165, 205, 227, 143, 236, 19, 238, 248, 87, 226, 90, 198, 241,
       248, 189, 228, 123, 206, 54, 239, 245, 178, 127, 255, 60, 46, 239,
       140, 63, 251, 248, 245, 90, 169, 6, 184, 153, 229, 16, 230, 191,
       29, 128, 25, 174, 178, 96, 223, 193, 179, 237, 145, 62, 75, 130,
       245, 153, 242, 222, 123, 144, 4, 167, 14, 170, 243, 82, 170, 233,
       153, 125, 220, 191, 31, 116, 253, 15, 131, 106, 156, 183, 203,
       199, 84, 66, 7, 10, 243, 190, 213, 20, 239, 210, 151, 143, 217, 8,
       181, 57, 225, 54, 143, 51, 251, 62, 185, 56, 104, 191, 253, 72, 0,
       183, 27, 85, 17, 211, 248, 72, 23, 205, 221, 45, 246, 110, 10, 3,
       171, 205, 212, 23, 250, 253, 180, 106, 218, 191, 91, 245, 86, 220,
       211, 41, 253, 221, 201, 255, 58, 51, 71, 218, 247, 159, 251, 219,
       126, 154, 25, 41, 177, 112, 177, 248, 112, 153, 233, 85, 207, 163,
       53, 172, 56, 22, 183, 72, 26, 129, 18, 104, 16, 26, 107, 226, 17,
       219, 215, 21, 127, 226, 64, 198, 42, 77, 178, 181, 103, 164, 126,
       107, 184, 115, 251, 55, 112, 219, 119, 221, 250, 245, 212, 124,
       186, 185, 244, 233, 206, 207, 255, 101, 196, 194, 163, 98, 33,
       205, 48, 185, 111, 120, 127, 123, 24, 126, 233, 55, 88, 223, 87,
       200, 60, 23, 29, 126, 58, 179, 212, 249, 82, 79, 223, 49, 244,
       202, 131, 3, 49, 200, 188, 191, 118, 105, 236, 113, 19, 250, 219,
       182, 24, 191, 247, 64, 59, 165, 118, 125, 8, 163, 109, 178, 35,
       223, 235, 117, 24, 194, 192, 71, 123, 19, 87, 107, 173, 118, 18,
       255, 117, 52, 72, 218, 231, 121, 12, 183, 96, 126, 173, 23, 239,
       205, 179, 37, 207, 246, 109, 170, 128, 45, 158, 113, 249, 86, 104,
       176, 242, 185, 253, 154, 200, 187, 181, 177, 25, 206, 222, 79, 25,
       191, 221, 205, 243, 62, 71, 218, 240, 155, 214, 159, 127, 194, 55,
       7, 70, 159, 210, 103, 123, 51, 245, 251, 152, 61, 93, 119, 151,
       109, 223, 190, 109, 182, 155, 181, 223, 183, 212, 63, 245, 67,
       251, 218, 195, 247, 135, 229, 119, 148, 212, 61, 255, 188, 103,
       95, 184, 148, 122, 159, 19, 215, 127, 57, 99, 221, 85, 61, 47,
       105, 133, 121, 191, 227, 235, 235, 20, 16, 123, 181, 114, 23, 30,
       67, 223, 54, 183, 107, 115, 23, 8, 95, 198, 125, 231, 177, 228,
       127, 186, 31, 140, 163, 153, 40, 255, 178, 238, 171, 128, 191,
       234, 112, 245, 42, 149, 101, 237, 95, 231, 181, 119, 141, 107,
       221, 247, 188, 61, 60, 165, 204, 179, 147, 161, 241, 58, 112, 221,
       119, 67, 218, 187, 63, 76, 214, 251, 94, 205, 54, 174, 173, 92,
       158, 172, 237, 212, 158, 139, 239, 238, 63, 199, 230, 247, 253,
       227, 220, 107, 223, 253, 187, 241, 207, 219, 30, 119, 169, 14,
       105, 56, 253, 249, 124, 237, 249, 218, 207, 112, 188, 10, 188,
       223, 101, 42, 234, 185, 127, 88, 3, 99, 250, 241, 223, 217, 3, 58,
       22, 169, 67, 177, 238, 49, 188, 165, 205, 78, 253, 205, 43, 189,
       182, 25, 220, 183, 67, 91, 249, 213, 251, 241, 80, 91, 219, 192,
       221, 243, 207, 127, 128, 40, 167, 242, 209, 198, 78, 173, 102, 34,
       110, 182, 53, 2, 250, 231, 115, 227, 185, 80, 119, 238, 47, 174,
       200, 148, 13, 111, 244, 172, 230, 128, 61, 242, 224, 0, 175, 253,
       224, 219, 189, 255, 254, 248, 95, 227, 117, 131, 205, 255, 222,
       164, 255, 127, 183, 223, 182, 250, 254, 247, 175, 95, 143, 239,
       215, 255, 87, 247, 211, 156, 175, 181, 180, 238, 63, 183, 182,
       239, 198, 149, 247, 127, 18, 107, 213, 119, 125, 141, 249, 221,
       241, 47, 237, 231, 253, 208, 140, 232, 149, 123, 59, 211, 107,
       237, 118, 147, 235, 125, 84, 72, 252, 230, 113, 205, 188, 96, 126,
       172, 23, 237, 203, 178, 101, 157, 118, 109, 162, 128, 125, 138,
       112, 249, 104, 125, 59, 236, 124, 199, 83, 250, 1, 204, 236, 77,
       55, 159, 35, 80, 220, 252, 157, 114, 200, 43, 242, 46, 243, 221,
       165, 57, 24, 187, 118, 91, 41, 221, 121, 109, 180, 142, 231, 53,
       68, 168, 126, 70, 83, 57, 48, 96, 92, 52, 6, 104, 209, 184, 113,
       12, 111, 173, 37, 68, 123, 170, 192, 43, 202, 176, 252, 113, 233,
       125, 248, 159, 59, 127, 52, 61, 158, 191, 78, 190, 135, 31, 245,
       20, 151, 120, 179, 241, 207, 223, 117, 247, 194, 196, 207, 255,
       234, 190, 181, 208, 169, 253, 148, 151, 159, 91, 182, 125, 174,
       188, 68, 171, 205, 147, 255, 17, 187, 111, 243, 241, 27, 90, 92,
       251, 194, 92, 140, 95, 9, 219, 111, 207, 54, 151, 171, 180, 76,
       72, 95, 230, 241, 68, 176, 96, 118, 104, 62, 238, 193, 152, 109,
       125, 108, 45, 174, 128, 60, 171, 49, 121, 166, 252, 150, 158, 205,
       127, 182, 239, 191, 191, 235, 27, 238, 254, 47, 223, 249, 247,
       235, 51, 116, 239, 155, 238, 189, 246, 95, 23, 144, 125, 239, 206,
       33, 217, 115, 77, 244, 202, 103, 181, 109, 64, 126, 72, 179, 21,
       148, 52, 58, 186, 70, 106, 203, 184, 52, 45, 103, 188, 36, 0, 98,
       154, 198, 168, 49, 79, 110, 237, 54, 131, 207, 252, 84, 160, 218,
       226, 115, 235, 177, 96, 126, 232, 31, 238, 232, 187, 13, 158, 250,
       207, 175, 148, 53, 186, 112, 168, 37, 69, 115, 71, 116, 14, 239,
       56, 68, 200, 127, 66, 211, 93, 189, 100, 94, 92, 22, 106, 193,
       176, 61, 204, 101, 188, 39, 132, 87, 251, 84, 161, 150, 221, 246,
       191, 255, 219, 190, 236, 191, 190, 243, 163, 108, 254, 175, 199,
       251, 255, 239, 227, 116, 243, 11, 255, 190, 118, 255, 215, 180,
       127, 173, 207, 82, 234, 22, 154, 9, 128, 0, 228, 190, 27, 130,
       120, 164, 210, 96, 95, 225, 251, 106, 129, 98, 79, 138, 113, 153,
       50, 90, 123, 16, 0, 39, 14, 169, 227, 88, 239, 108, 13, 239, 188,
       111, 112, 53, 206, 249, 73, 221, 5, 62, 204, 86, 239, 195, 48, 93,
       253, 100, 217, 167, 164, 127, 155, 91, 169, 74, 173, 178, 24, 211,
       240, 176, 103, 251, 85, 108, 19, 44, 186, 102, 212, 163, 43, 179,
       145, 54, 43, 178, 247, 31, 118, 90, 75, 211, 68, 175, 206, 125,
       225, 217, 99, 244, 30, 102, 153, 112, 177, 119, 8, 211, 48, 216,
       182, 121, 204, 86, 126, 217, 240, 237, 0, 190, 237, 167, 68, 234,
       187, 194, 164, 36, 77, 121, 67, 116, 11, 231, 176, 68, 128, 127,
       8, 211, 97, 157, 36, 26, 232, 6, 106, 200, 176, 109, 44, 103, 140,
       33, 0, 119, 187, 66, 160, 53, 77, 97, 143, 84, 31, 238, 240, 69,
       224, 90, 66, 83, 56, 181, 228, 120, 204, 22, 239, 205, 178, 125,
       172, 52, 44, 161, 0, 127, 191, 120, 164, 88, 89, 31, 228, 3, 75,
       21, 100, 172, 160, 162, 40, 63, 151, 33, 115, 162, 245, 77, 64,
       65, 139, 48, 40, 241, 225, 110, 51, 32, 48, 39, 58, 56, 221, 123,
       110, 114, 197, 83, 242, 84, 8, 124, 38, 63, 247, 33, 112, 254,
       251, 151, 234, 195, 186, 56, 63, 115, 237, 36, 8, 123, 146, 102,
       187, 118, 105, 146, 182, 137, 12, 30, 204, 187, 182, 129, 11, 238,
       222, 79, 91, 240, 255, 237, 195, 78, 67, 202, 225, 177, 240, 207,
       59, 0, 119, 167, 78, 96, 107, 212, 94, 233, 137, 84, 77, 203, 184,
       184, 104, 102, 217, 68, 150, 129, 244, 110, 64, 70, 107, 202, 25,
       62, 20, 5, 63, 82, 58, 202, 11, 167, 88, 156, 219, 236, 63, 220,
       220, 159, 250, 181, 22, 214, 211, 107, 123, 201, 221, 126, 122,
       47, 71, 219, 240, 155, 155, 223, 126, 152, 121, 185, 167, 120,
       161, 184, 114, 153, 237, 81, 79, 235, 61, 173, 56, 22, 183, 72,
       16, 129, 154, 196, 16, 26, 107, 234, 17, 251, 213, 21, 127, 194,
       0, 198, 35, 21, 78, 223, 237, 166, 34, 79, 218, 84, 6, 94, 34,
