%YAML:1.0
---
descriptors: !!opencv-matrix
   rows: 136
   cols: 32
   dt: u
   data: [ 2, 161, 16, 155, 253, 205, 176, 79, 14, 49, 57, 27, 140, 90,
       72, 200, 171, 11, 202, 17, 22, 120, 219, 213, 13, 20, 31, 127,
       148, 8, 133, 134, 196, 173, 132, 147, 148, 168, 162, 129, 126,
       179, 11, 18, 228, 226, 72, 74, 97, 110, 42, 146, 50, 92, 203, 227,
       140, 38, 223, 100, 128, 107, 129, 0, 162, 77, 151, 188, 252, 163,
       150, 230, 221, 130, 250, 112, 166, 168, 37, 197, 203, 111, 46, 67,
       112, 175, 2, 238, 184, 190, 86, 10, 80, 121, 241, 141, 214, 233,
       100, 215, 143, 148, 238, 165, 235, 48, 146, 2, 232, 123, 92, 199,
       97, 71, 121, 203, 242, 73, 159, 253, 47, 90, 207, 251, 7, 182,
       213, 14, 133, 140, 173, 87, 228, 62, 181, 135, 126, 63, 78, 21,
       204, 40, 30, 107, 161, 70, 50, 29, 180, 252, 59, 98, 79, 59, 94,
       68, 136, 112, 217, 206, 143, 223, 132, 23, 144, 180, 142, 167, 26,
       211, 11, 213, 232, 108, 93, 137, 149, 107, 177, 215, 247, 92, 30,
       111, 40, 15, 221, 196, 140, 119, 153, 92, 125, 98, 233, 234, 206,
       115, 75, 216, 67, 240, 181, 170, 83, 69, 219, 190, 91, 196, 76,
       250, 139, 103, 237, 176, 218, 201, 165, 253, 255, 251, 118, 176,
       75, 80, 245, 252, 39, 22, 220, 24, 219, 218, 52, 238, 223, 255,
       181, 191, 150, 245, 181, 165, 129, 100, 182, 200, 131, 251, 255,
       174, 159, 245, 83, 125, 123, 178, 244, 232, 61, 23, 216, 216, 91,
       125, 181, 253, 14, 29, 222, 188, 159, 157, 181, 21, 158, 123, 43,
       213, 219, 91, 121, 247, 223, 140, 222, 87, 11, 85, 125, 237, 46,
       215, 89, 57, 205, 232, 29, 231, 221, 223, 150, 99, 150, 53, 253,
       173, 197, 128, 118, 157, 99, 251, 233, 136, 62, 166, 85, 113, 238,
       188, 158, 58, 169, 253, 20, 207, 155, 158, 164, 25, 238, 251, 111,
       159, 129, 115, 233, 18, 54, 111, 202, 49, 203, 211, 85, 59, 210,
       124, 142, 11, 72, 152, 29, 190, 9, 205, 20, 174, 143, 91, 164, 25,
       190, 183, 0, 223, 129, 115, 234, 0, 35, 73, 83, 53, 193, 211, 80,
       59, 26, 8, 13, 59, 157, 103, 204, 71, 176, 11, 111, 184, 118, 170,
       127, 228, 211, 99, 153, 113, 54, 76, 36, 110, 233, 208, 237, 30,
       46, 238, 101, 132, 110, 243, 64, 33, 245, 229, 251, 110, 222, 103,
       71, 237, 193, 166, 169, 10, 83, 244, 105, 54, 25, 214, 64, 42,
       105, 99, 190, 10, 185, 142, 69, 60, 113, 122, 230, 36, 47, 50,
       246, 240, 245, 62, 216, 26, 91, 249, 53, 125, 204, 255, 247, 188,
       151, 149, 245, 53, 149, 97, 186, 208, 138, 91, 93, 254, 206, 165,
       11, 85, 240, 72, 207, 252, 14, 10, 109, 48, 233, 178, 178, 218,
       91, 43, 149, 91, 106, 197, 125, 234, 105, 71, 199, 200, 144, 234,
       254, 152, 37, 177, 112, 32, 6, 161, 144, 131, 221, 109, 184, 73,
       46, 181, 185, 27, 204, 122, 76, 140, 187, 27, 202, 49, 22, 114,
       217, 208, 157, 20, 31, 119, 212, 74, 135, 134, 45, 93, 51, 238,
       61, 135, 86, 176, 212, 200, 254, 64, 255, 241, 33, 224, 212, 120,
       28, 106, 201, 163, 88, 63, 227, 255, 35, 24, 90, 187, 112, 43, 31,
       95, 255, 231, 182, 94, 127, 182, 61, 202, 126, 98, 125, 127, 177,
       119, 118, 119, 63, 238, 225, 144, 57, 238, 247, 255, 238, 128, 38,
       242, 165, 249, 196, 172, 132, 147, 212, 168, 162, 136, 250, 147,
       11, 18, 228, 226, 73, 74, 49, 106, 106, 146, 50, 84, 218, 115,
       141, 6, 143, 108, 128, 99, 1, 128, 212, 200, 150, 151, 141, 64,
       166, 228, 190, 146, 163, 18, 228, 98, 105, 79, 233, 70, 106, 195,
       98, 101, 155, 227, 61, 34, 223, 7, 65, 115, 241, 134, 162, 204,
       151, 190, 252, 161, 180, 230, 157, 11, 250, 80, 166, 232, 37, 193,
       207, 123, 42, 1, 114, 239, 67, 239, 184, 182, 94, 74, 144, 88,
       161, 141, 62, 180, 165, 33, 221, 111, 240, 219, 31, 251, 177, 127,
       74, 61, 78, 31, 249, 159, 231, 48, 190, 114, 217, 150, 31, 214,
       81, 247, 227, 77, 214, 215, 135, 220, 165, 87, 149, 246, 134, 175,
       91, 211, 11, 80, 248, 120, 93, 175, 145, 98, 48, 31, 247, 252, 58,
       175, 43, 94, 85, 70, 142, 119, 217, 60, 248, 82, 55, 172, 41, 94,
       84, 120, 49, 206, 246, 173, 79, 86, 163, 223, 252, 213, 236, 102,
       237, 199, 233, 141, 178, 243, 99, 151, 42, 190, 108, 119, 128,
       166, 29, 187, 236, 233, 185, 143, 30, 59, 81, 248, 180, 167, 200,
       9, 207, 27, 99, 17, 51, 94, 75, 215, 140, 146, 126, 236, 152, 72,
       129, 169, 70, 32, 245, 241, 230, 40, 248, 0, 235, 177, 179, 201,
       143, 63, 85, 58, 175, 149, 125, 21, 146, 112, 207, 192, 158, 216,
       27, 246, 196, 225, 3, 37, 92, 64, 202, 167, 6, 74, 111, 24, 32,
       166, 199, 130, 215, 99, 89, 90, 114, 197, 108, 238, 72, 215, 221,
       8, 209, 227, 239, 5, 36, 243, 47, 32, 75, 112, 247, 236, 47, 22,
       216, 30, 203, 248, 52, 234, 159, 159, 245, 190, 134, 245, 53, 197,
       133, 231, 182, 192, 131, 248, 219, 174, 143, 245, 83, 61, 219, 81,
       117, 236, 47, 86, 93, 63, 205, 232, 86, 227, 221, 191, 180, 231,
       134, 181, 253, 237, 201, 0, 183, 220, 195, 249, 232, 154, 63, 164,
       81, 117, 5, 160, 157, 243, 236, 169, 169, 159, 222, 59, 49, 216,
       157, 225, 216, 42, 175, 11, 126, 29, 147, 124, 203, 211, 204, 155,
       127, 228, 220, 200, 129, 161, 203, 85, 119, 104, 41, 119, 93, 55,
       133, 104, 222, 245, 221, 29, 178, 231, 134, 21, 253, 45, 245, 137,
       117, 140, 99, 251, 104, 146, 22, 212, 165, 125, 113, 240, 158, 32,
       29, 15, 87, 249, 246, 184, 162, 12, 214, 145, 96, 1, 153, 76, 104,
       126, 73, 239, 153, 28, 249, 159, 5, 126, 72, 10, 210, 50, 60, 180,
       252, 241, 223, 111, 241, 202, 95, 51, 33, 27, 31, 253, 72, 57,
       185, 155, 83, 17, 50, 118, 91, 144, 223, 203, 81, 117, 241, 73,
       215, 162, 36, 52, 185, 67, 221, 111, 67, 152, 91, 181, 45, 24,
       214, 85, 77, 62, 145, 92, 64, 58, 17, 112, 249, 18, 79, 157, 1,
       116, 194, 107, 70, 226, 241, 74, 207, 253, 76, 40, 237, 20, 249,
       178, 242, 242, 251, 35, 145, 91, 107, 229, 110, 170, 41, 119, 199,
       224, 212, 170, 242, 144, 37, 241, 115, 168, 120, 165, 125, 101,
       157, 107, 87, 175, 97, 35, 173, 24, 83, 53, 8, 50, 25, 150, 104,
       56, 56, 42, 249, 31, 255, 239, 5, 117, 226, 202, 198, 34, 120,
       157, 61, 110, 157, 238, 87, 183, 197, 12, 174, 0, 242, 119, 32,
       112, 193, 242, 93, 40, 58, 9, 113, 63, 235, 255, 36, 88, 146, 74,
       196, 107, 75, 50, 173, 5, 9, 22, 57, 16, 40, 220, 86, 197, 220,
       47, 23, 219, 134, 69, 253, 140, 133, 212, 177, 64, 71, 123, 250,
       132, 10, 164, 43, 81, 214, 34, 158, 183, 172, 41, 241, 194, 191,
       55, 179, 27, 199, 234, 79, 27, 235, 199, 109, 19, 60, 103, 203,
       98, 212, 242, 90, 50, 192, 73, 131, 2, 125, 125, 25, 109, 57, 15,
       86, 186, 51, 168, 188, 72, 223, 115, 65, 240, 156, 221, 93, 106,
       73, 114, 81, 30, 247, 221, 37, 52, 122, 249, 66, 35, 198, 96, 151,
       158, 14, 0, 174, 168, 186, 178, 147, 2, 236, 234, 125, 75, 51,
       101, 107, 227, 96, 69, 138, 251, 53, 34, 207, 61, 5, 115, 17, 2,
       115, 80, 230, 164, 107, 30, 84, 104, 41, 226, 242, 175, 78, 62,
       135, 127, 254, 213, 253, 103, 204, 211, 225, 200, 146, 242, 67,
       151, 39, 188, 38, 87, 117, 99, 57, 101, 124, 31, 67, 120, 109,
       168, 189, 72, 223, 82, 143, 116, 148, 237, 76, 106, 201, 34, 105,
       28, 149, 220, 35, 60, 64, 163, 67, 37, 242, 73, 103, 174, 15, 66,
       70, 224, 229, 132, 179, 11, 99, 106, 53, 87, 232, 229, 109, 227,
       108, 163, 9, 237, 177, 226, 206, 19, 37, 62, 116, 14, 242, 219,
       14, 14, 8, 66, 151, 237, 140, 164, 162, 169, 98, 224, 36, 67, 216,
       245, 235, 99, 104, 99, 10, 125, 176, 34, 79, 31, 81, 58, 165, 26,
       129, 132, 221, 59, 154, 233, 33, 159, 126, 51, 71, 16, 209, 99,
       200, 105, 115, 10, 42, 24, 51, 92, 255, 23, 205, 135, 87, 100,
       184, 200, 129, 160, 245, 115, 205, 234, 142, 7, 78, 216, 66, 242,
       177, 207, 83, 195, 253, 27, 127, 204, 100, 254, 239, 103, 159, 48,
       58, 136, 229, 188, 189, 187, 112, 16, 120, 185, 188, 122, 169,
