%YAML:1.0
---
descriptors: !!opencv-matrix
   rows: 392
   cols: 32
   dt: u
   data: [ 52, 253, 121, 108, 222, 71, 87, 254, 22, 32, 172, 10, 115,
       127, 73, 48, 93, 218, 19, 226, 106, 35, 123, 63, 123, 205, 133,
       61, 113, 249, 230, 186, 95, 25, 158, 174, 139, 52, 26, 8, 164,
       200, 139, 103, 236, 254, 35, 202, 244, 247, 253, 199, 157, 131,
       155, 233, 147, 231, 234, 155, 168, 103, 41, 23, 186, 249, 114,
       239, 223, 223, 118, 252, 55, 45, 254, 11, 107, 253, 14, 84, 252,
       254, 255, 240, 110, 187, 249, 191, 191, 253, 135, 123, 115, 158,
       238, 223, 216, 252, 30, 250, 27, 221, 85, 238, 187, 87, 164, 57,
       63, 215, 74, 211, 163, 219, 221, 18, 110, 79, 186, 183, 219, 243,
       86, 123, 50, 20, 175, 91, 24, 60, 30, 126, 75, 249, 84, 99, 187,
       86, 237, 57, 127, 255, 35, 153, 163, 187, 204, 2, 46, 67, 58, 191,
       211, 211, 81, 59, 242, 113, 46, 91, 56, 169, 216, 237, 85, 207,
       82, 121, 86, 8, 236, 8, 179, 249, 35, 16, 216, 186, 6, 72, 26,
       186, 88, 27, 227, 237, 33, 57, 249, 42, 74, 130, 128, 130, 26,
       249, 19, 161, 49, 67, 30, 21, 101, 145, 140, 199, 32, 88, 231, 25,
       171, 144, 18, 156, 2, 209, 197, 209, 26, 107, 144, 8, 165, 162,
       188, 21, 190, 126, 237, 255, 84, 67, 191, 215, 229, 25, 111, 255,
       39, 27, 163, 179, 204, 0, 60, 99, 50, 154, 211, 223, 81, 59, 242,
       124, 206, 210, 124, 116, 217, 102, 168, 107, 87, 184, 3, 170, 47,
       40, 87, 119, 201, 56, 147, 84, 100, 34, 72, 50, 201, 0, 215, 207,
       101, 55, 98, 251, 198, 35, 57, 172, 123, 108, 122, 18, 74, 120,
       114, 160, 252, 200, 115, 214, 148, 176, 126, 188, 84, 108, 201,
       151, 228, 31, 16, 173, 33, 180, 101, 162, 98, 173, 200, 245, 58,
       119, 241, 204, 117, 53, 253, 73, 127, 84, 190, 159, 8, 81, 166,
       59, 93, 24, 115, 184, 144, 39, 239, 249, 52, 64, 74, 130, 195, 59,
       254, 93, 54, 222, 251, 255, 182, 71, 159, 14, 243, 59, 126, 255,
       39, 93, 254, 255, 255, 98, 114, 115, 154, 255, 243, 240, 10, 43,
       18, 93, 167, 179, 130, 187, 28, 155, 232, 165, 188, 239, 158, 29,
       64, 23, 164, 234, 106, 73, 199, 59, 35, 17, 54, 88, 26, 241, 143,
       16, 94, 107, 24, 88, 173, 159, 59, 119, 102, 237, 127, 19, 255,
       120, 15, 228, 94, 163, 77, 223, 151, 118, 54, 253, 255, 231, 196,
       209, 173, 222, 126, 125, 175, 151, 39, 166, 93, 119, 125, 21, 230,
       247, 231, 63, 254, 91, 117, 239, 223, 26, 219, 125, 159, 239, 127,
       214, 255, 187, 188, 242, 125, 202, 223, 239, 255, 197, 167, 239,
       252, 71, 254, 44, 246, 238, 237, 119, 222, 106, 87, 166, 255, 27,
       107, 233, 63, 205, 249, 255, 239, 163, 44, 247, 219, 254, 147,
       223, 193, 31, 103, 255, 124, 134, 212, 123, 159, 246, 162, 10, 63,
       176, 186, 190, 131, 248, 207, 231, 193, 91, 39, 245, 236, 210,
       104, 69, 171, 104, 216, 195, 111, 181, 160, 243, 7, 97, 188, 92,
       102, 247, 101, 127, 254, 252, 117, 234, 247, 58, 123, 125, 159,
       249, 127, 252, 223, 170, 236, 247, 125, 254, 247, 235, 243, 149,
       119, 253, 124, 211, 88, 78, 123, 126, 50, 200, 31, 244, 180, 14,
       246, 161, 127, 247, 1, 81, 54, 251, 237, 194, 106, 137, 138, 127,
       241, 231, 126, 137, 96, 208, 167, 123, 200, 113, 17, 168, 105, 77,
       37, 89, 174, 232, 153, 76, 159, 215, 96, 212, 150, 57, 111, 41,
       67, 3, 210, 153, 229, 209, 43, 60, 18, 46, 131, 49, 253, 67, 204,
       166, 174, 2, 78, 248, 65, 242, 150, 207, 83, 105, 219, 123, 127,
       196, 124, 239, 237, 247, 205, 42, 242, 235, 229, 148, 47, 251,
       120, 17, 125, 227, 224, 4, 221, 30, 70, 138, 83, 164, 172, 13, 67,
       40, 215, 212, 217, 204, 232, 116, 156, 114, 237, 146, 58, 127,
       133, 63, 195, 253, 94, 68, 48, 58, 121, 252, 124, 143, 91, 88, 93,
       140, 241, 109, 127, 93, 33, 17, 158, 185, 85, 99, 140, 35, 88,
       157, 211, 221, 33, 186, 113, 171, 6, 67, 50, 49, 26, 172, 91, 23,
       16, 72, 173, 160, 236, 10, 30, 154, 38, 80, 254, 149, 202, 240, 0,
       35, 144, 220, 145, 193, 10, 123, 113, 2, 47, 2, 114, 99, 42, 136,
       77, 75, 248, 68, 13, 109, 223, 139, 142, 141, 18, 136, 232, 141,
       223, 197, 8, 163, 197, 192, 145, 17, 154, 187, 69, 14, 126, 202,
       53, 64, 102, 204, 20, 23, 202, 104, 85, 192, 227, 134, 83, 72,
       190, 101, 122, 164, 42, 239, 237, 183, 53, 156, 16, 42, 193, 20,
       127, 175, 120, 4, 181, 73, 250, 254, 246, 131, 123, 248, 23, 192,
       253, 162, 113, 255, 177, 96, 127, 249, 55, 238, 235, 179, 47, 159,
       250, 239, 167, 140, 117, 251, 96, 177, 63, 237, 232, 235, 92, 23,
       222, 248, 23, 242, 252, 11, 91, 253, 117, 40, 93, 217, 23, 239,
       234, 114, 125, 191, 255, 223, 143, 60, 55, 255, 80, 200, 125, 109,
       220, 74, 188, 2, 79, 216, 99, 148, 172, 140, 83, 227, 223, 22, 59,
       196, 68, 126, 74, 99, 143, 40, 122, 203, 37, 124, 235, 179, 98,
       128, 255, 104, 208, 238, 13, 44, 90, 0, 169, 130, 171, 13, 239,
       187, 95, 218, 232, 197, 253, 66, 12, 39, 211, 194, 147, 252, 194,
       59, 202, 127, 90, 2, 7, 211, 75, 175, 114, 134, 238, 240, 174, 72,
       123, 231, 221, 206, 187, 96, 126, 105, 55, 239, 213, 145, 14, 208,
       124, 205, 175, 132, 45, 179, 43, 209, 138, 149, 45, 155, 29, 221,
       145, 111, 158, 117, 141, 27, 174, 221, 38, 1, 201, 179, 251, 1,
       122, 43, 123, 247, 223, 19, 27, 123, 86, 12, 149, 250, 105, 113,
       125, 111, 125, 95, 255, 252, 125, 108, 246, 14, 123, 93, 159, 48,
       126, 204, 86, 111, 205, 178, 125, 189, 119, 255, 36, 20, 111, 190,
       218, 253, 86, 97, 58, 136, 25, 221, 27, 72, 175, 68, 133, 136,
       222, 214, 111, 116, 250, 189, 255, 231, 74, 3, 186, 209, 209, 177,
       139, 59, 0, 7, 47, 118, 189, 88, 67, 239, 116, 74, 106, 240, 21,
       8, 247, 98, 115, 83, 137, 245, 122, 232, 6, 234, 105, 182, 105,
       236, 182, 201, 163, 128, 111, 187, 98, 169, 181, 72, 78, 111, 68,
       31, 111, 112, 117, 234, 247, 70, 83, 64, 181, 113, 120, 236, 70,
       238, 237, 183, 61, 46, 146, 239, 97, 0, 105, 187, 106, 140, 92,
       17, 223, 237, 18, 70, 115, 48, 52, 69, 239, 2, 215, 55, 40, 115,
       114, 212, 63, 232, 25, 152, 113, 76, 245, 235, 226, 0, 176, 163,
       36, 114, 29, 6, 232, 165, 54, 46, 235, 25, 116, 194, 255, 198,
       219, 104, 155, 72, 122, 132, 110, 174, 157, 176, 117, 10, 198,
       239, 163, 4, 237, 235, 80, 64, 120, 184, 94, 248, 41, 201, 80,
       230, 163, 21, 180, 41, 63, 159, 66, 17, 203, 187, 197, 16, 26,
       111, 210, 149, 219, 209, 48, 123, 98, 0, 70, 170, 104, 236, 24,
       242, 88, 205, 80, 238, 162, 185, 172, 8, 55, 147, 64, 24, 169,
       178, 70, 16, 10, 58, 218, 53, 223, 207, 53, 121, 112, 10, 78, 138,
       92, 190, 158, 188, 169, 236, 16, 175, 174, 187, 130, 125, 239,
       255, 64, 219, 133, 119, 237, 17, 28, 79, 155, 49, 217, 243, 127,
       191, 136, 96, 173, 27, 94, 105, 58, 202, 13, 213, 155, 192, 174,
       148, 143, 11, 190, 223, 119, 102, 224, 245, 255, 219, 74, 3, 250,
       241, 211, 49, 139, 59, 18, 15, 61, 98, 211, 180, 151, 248, 139,
       237, 84, 79, 171, 27, 160, 92, 190, 250, 36, 84, 165, 187, 76, 0,
       43, 47, 146, 211, 177, 218, 87, 58, 216, 64, 163, 47, 216, 141,
       87, 191, 178, 194, 111, 49, 165, 136, 83, 226, 255, 103, 176, 67,
       38, 179, 61, 238, 121, 137, 33, 253, 232, 234, 238, 192, 54, 163,
       165, 113, 130, 125, 26, 219, 234, 233, 51, 66, 173, 31, 253, 177,
       172, 151, 98, 88, 238, 59, 239, 194, 2, 15, 194, 243, 87, 145, 58,
       235, 16, 65, 167, 235, 135, 94, 46, 158, 124, 243, 176, 194, 222,
       222, 214, 50, 244, 216, 183, 105, 201, 107, 26, 147, 231, 231, 46,
       255, 132, 51, 255, 139, 28, 121, 61, 207, 215, 94, 206, 183, 162,
       38, 60, 176, 184, 250, 131, 245, 213, 102, 75, 91, 183, 197, 125,
       183, 181, 213, 157, 64, 204, 162, 239, 196, 168, 243, 41, 17, 177,
       82, 79, 205, 36, 2, 100, 86, 68, 74, 242, 102, 19, 1, 177, 96,
       124, 132, 62, 236, 201, 183, 37, 140, 176, 170, 226, 128, 61, 185,
