%YAML:1.0
---
descriptors: !!opencv-matrix
   rows: 246
   cols: 32
   dt: u
   data: [ 72, 140, 63, 115, 168, 238, 117, 183, 191, 95, 126, 21, 255,
       39, 10, 91, 129, 38, 111, 28, 113, 249, 35, 119, 207, 251, 116,
       81, 200, 192, 199, 91, 65, 217, 191, 110, 3, 205, 117, 119, 236,
       73, 110, 8, 190, 183, 32, 50, 164, 51, 123, 76, 193, 185, 50, 109,
       241, 175, 84, 2, 64, 18, 135, 123, 128, 136, 31, 53, 145, 172, 97,
       39, 188, 19, 98, 17, 182, 35, 32, 88, 129, 35, 105, 12, 50, 237,
       19, 55, 197, 182, 82, 64, 200, 0, 129, 26, 32, 44, 248, 125, 96,
       107, 225, 55, 126, 206, 126, 160, 179, 39, 146, 16, 11, 174, 102,
       12, 96, 248, 225, 95, 198, 191, 48, 1, 66, 200, 78, 235, 90, 95,
       30, 190, 27, 132, 23, 228, 132, 14, 206, 39, 108, 247, 35, 64,
       196, 243, 173, 195, 78, 11, 210, 125, 241, 227, 218, 155, 48, 83,
       45, 91, 217, 80, 87, 238, 70, 10, 71, 184, 113, 138, 246, 98, 115,
       83, 137, 127, 114, 196, 60, 234, 233, 182, 239, 47, 244, 170, 224,
       0, 47, 187, 96, 41, 32, 128, 29, 251, 237, 221, 53, 239, 207, 63,
       32, 24, 166, 183, 104, 40, 201, 27, 226, 0, 82, 42, 122, 213, 207,
       147, 86, 127, 144, 72, 133, 170, 45, 160, 253, 245, 126, 139, 185,
       105, 214, 176, 48, 34, 241, 249, 121, 33, 31, 121, 19, 33, 192,
       242, 14, 157, 76, 143, 239, 52, 117, 168, 81, 160, 93, 211, 91,
       110, 178, 82, 79, 248, 97, 64, 255, 230, 123, 119, 155, 116, 118,
       196, 124, 238, 201, 131, 45, 109, 176, 173, 165, 140, 45, 179, 98,
       113, 48, 221, 123, 77, 116, 207, 231, 253, 68, 44, 252, 66, 115,
       21, 160, 32, 124, 152, 6, 106, 201, 186, 121, 63, 117, 142, 37, 0,
       113, 154, 230, 233, 102, 188, 188, 154, 233, 253, 16, 206, 159,
       255, 160, 25, 238, 254, 102, 91, 193, 247, 239, 17, 62, 75, 250,
       243, 155, 22, 95, 127, 144, 77, 143, 94, 203, 155, 117, 173, 162,
       26, 45, 51, 45, 64, 95, 229, 157, 38, 146, 231, 6, 23, 189, 239,
       245, 152, 117, 205, 164, 120, 106, 128, 46, 164, 129, 125, 80,
       189, 63, 252, 145, 204, 117, 55, 172, 5, 106, 0, 188, 179, 0, 115,
       162, 63, 121, 0, 82, 201, 146, 77, 241, 171, 86, 10, 0, 64, 167,
       43, 252, 76, 214, 174, 13, 70, 86, 96, 177, 134, 227, 3, 111, 250,
       33, 215, 216, 245, 236, 99, 108, 231, 152, 142, 177, 243, 199, 19,
       97, 255, 108, 14, 39, 126, 106, 71, 116, 11, 235, 112, 125, 236,
       255, 237, 211, 76, 151, 0, 62, 236, 87, 239, 129, 178, 229, 238,
       100, 60, 171, 128, 77, 187, 83, 209, 196, 125, 159, 245, 164, 14,
       101, 182, 248, 170, 42, 76, 215, 51, 65, 27, 145, 100, 104, 124,
       105, 252, 145, 42, 233, 210, 101, 16, 136, 112, 67, 58, 130, 210,
       152, 153, 230, 193, 184, 205, 30, 31, 80, 179, 132, 215, 106, 72,
       223, 25, 19, 145, 70, 156, 74, 211, 76, 22, 158, 238, 148, 24,
       181, 159, 180, 205, 85, 250, 132, 161, 70, 172, 85, 18, 107, 18,
       99, 97, 57, 69, 83, 194, 2, 106, 122, 52, 79, 191, 173, 238, 198,
       68, 180, 219, 240, 32, 90, 185, 50, 254, 25, 237, 83, 232, 171,
       76, 172, 9, 191, 223, 99, 20, 134, 187, 221, 66, 14, 43, 250, 189,
       219, 213, 1, 59, 114, 7, 7, 91, 82, 223, 30, 190, 56, 132, 29,
       191, 142, 29, 220, 165, 172, 231, 42, 66, 198, 115, 237, 5, 230,
       9, 3, 117, 224, 247, 122, 155, 16, 16, 173, 91, 101, 160, 217, 68,
       80, 15, 67, 216, 115, 160, 36, 8, 19, 211, 65, 52, 25, 204, 80,
       120, 43, 86, 248, 30, 95, 140, 133, 60, 226, 163, 66, 160, 106,
       99, 99, 200, 105, 81, 233, 96, 41, 4, 245, 171, 9, 143, 151, 53,
       126, 185, 199, 236, 200, 50, 230, 221, 86, 217, 234, 169, 119,
       166, 102, 228, 138, 190, 58, 27, 87, 253, 177, 103, 255, 85, 108,
       17, 174, 152, 38, 1, 171, 43, 131, 17, 182, 60, 22, 247, 79, 81,
       18, 99, 211, 12, 207, 207, 41, 121, 58, 101, 116, 142, 117, 55,
       105, 232, 126, 8, 191, 23, 3, 48, 132, 52, 85, 72, 192, 184, 112,
       44, 231, 253, 52, 0, 66, 176, 66, 107, 4, 2, 205, 237, 38, 11,
       233, 24, 62, 96, 82, 226, 221, 111, 153, 97, 54, 13, 47, 172, 192,
       240, 101, 220, 196, 231, 107, 133, 53, 168, 5, 169, 229, 70, 173,
       247, 172, 47, 237, 152, 214, 254, 179, 84, 211, 101, 217, 107, 77,
       68, 124, 62, 169, 244, 107, 2, 197, 159, 247, 148, 140, 249, 84,
       241, 234, 120, 208, 210, 105, 253, 112, 206, 187, 59, 36, 25, 14,
       159, 101, 159, 137, 153, 227, 16, 2, 103, 218, 242, 31, 210, 85,
       111, 211, 84, 78, 175, 37, 125, 225, 231, 116, 15, 239, 120, 114,
       234, 91, 238, 243, 108, 213, 34, 95, 236, 119, 239, 233, 242, 253,
       170, 172, 207, 237, 160, 109, 251, 82, 249, 125, 105, 235, 70, 69,
       95, 239, 192, 64, 174, 182, 10, 115, 221, 223, 43, 120, 236, 126,
       238, 72, 247, 172, 40, 115, 9, 229, 177, 97, 187, 118, 96, 73,
       153, 191, 118, 169, 204, 117, 183, 239, 95, 190, 17, 254, 255, 32,
       243, 133, 103, 255, 4, 243, 233, 186, 119, 239, 255, 116, 66, 194,
       80, 167, 123, 222, 244, 146, 158, 203, 240, 54, 239, 191, 3, 233,
       50, 76, 246, 42, 253, 243, 251, 251, 163, 118, 71, 154, 255, 185,
       54, 95, 63, 147, 116, 175, 151, 36, 169, 25, 250, 236, 169, 202,
       206, 158, 17, 185, 90, 191, 203, 105, 8, 219, 139, 6, 152, 26, 42,
       218, 243, 220, 213, 191, 124, 212, 91, 193, 160, 248, 77, 118,
       238, 29, 87, 82, 120, 213, 4, 247, 3, 123, 121, 33, 193, 216, 176,
       175, 98, 108, 167, 91, 191, 243, 239, 227, 25, 119, 175, 124, 10,
       149, 221, 59, 255, 158, 98, 175, 255, 52, 238, 223, 54, 221, 119,
       169, 97, 123, 255, 95, 250, 121, 219, 125, 254, 253, 231, 175,
       196, 189, 251, 165, 241, 124, 87, 249, 110, 48, 86, 95, 156, 32,
       204, 255, 228, 123, 71, 139, 210, 86, 212, 204, 254, 201, 131,
       233, 40, 243, 229, 166, 153, 107, 243, 46, 121, 40, 41, 122, 69,
       116, 95, 99, 48, 121, 172, 126, 8, 59, 29, 151, 52, 26, 252, 70,
       106, 201, 186, 240, 46, 103, 253, 32, 32, 99, 171, 70, 252, 139,
       186, 185, 219, 125, 245, 185, 222, 31, 123, 85, 82, 188, 223, 108,
       108, 221, 27, 183, 17, 179, 126, 107, 247, 79, 223, 187, 238, 146,
       8, 145, 251, 250, 188, 236, 180, 95, 97, 211, 250, 147, 246, 140,
       143, 58, 189, 83, 19, 169, 247, 249, 145, 60, 107, 251, 170, 219,
       71, 221, 59, 229, 109, 86, 90, 148, 239, 166, 251, 220, 63, 190,
       238, 22, 163, 219, 18, 241, 237, 43, 96, 125, 222, 107, 226, 240,
       179, 75, 186, 255, 199, 143, 17, 181, 251, 181, 138, 61, 13, 79,
       110, 212, 198, 79, 115, 180, 196, 238, 2, 115, 229, 161, 112, 120,
       230, 2, 238, 105, 187, 60, 47, 113, 239, 165, 0, 113, 250, 102,
       232, 168, 93, 58, 117, 112, 204, 117, 55, 248, 140, 126, 8, 191,
       151, 35, 48, 166, 58, 87, 8, 192, 184, 48, 46, 231, 253, 48, 0,
       66, 144, 70, 235, 60, 61, 51, 238, 25, 253, 82, 96, 171, 76, 169,
       9, 111, 223, 33, 149, 184, 177, 221, 98, 27, 3, 26, 189, 211, 217,
       1, 59, 114, 39, 38, 115, 37, 119, 121, 99, 244, 11, 111, 248, 113,
       172, 125, 236, 83, 69, 153, 48, 30, 220, 6, 126, 201, 178, 237,
       62, 110, 172, 37, 228, 109, 187, 198, 241, 43, 223, 66, 140, 125,
       157, 238, 253, 95, 72, 92, 110, 104, 200, 182, 228, 92, 232, 150,
       111, 197, 58, 110, 255, 54, 94, 165, 170, 95, 190, 216, 157, 80,
       217, 255, 126, 34, 192, 53, 101, 164, 0, 106, 161, 125, 215, 32,
       82, 34, 243, 125, 192, 66, 153, 130, 109, 241, 225, 46, 137, 32,
       50, 167, 59, 252, 180, 29, 101, 170, 75, 83, 169, 184, 186, 167,
       56, 215, 51, 73, 27, 145, 84, 108, 42, 121, 117, 217, 14, 221,
       139, 101, 52, 104, 106, 6, 35, 77, 115, 189, 231, 172, 46, 237,
       153, 234, 251, 139, 76, 215, 117, 89, 106, 149, 68, 125, 30, 153,
       97, 251, 0, 205, 255, 119, 52, 128, 123, 209, 114, 93, 241, 185,
       226, 60, 13, 83, 156, 42, 233, 139, 76, 215, 221, 88, 50, 148, 69,
       125, 95, 203, 1, 251, 32, 249, 221, 45, 124, 8, 50, 83, 114, 121,
       194, 195, 79, 100, 20, 110, 253, 113, 74, 119, 70, 121, 98, 188,
