%YAML:1.0
---
descriptors: !!opencv-matrix
   rows: 318
   cols: 32
   dt: u
   data: [ 33, 185, 121, 65, 116, 223, 227, 112, 105, 164, 252, 8, 27,
       29, 212, 52, 30, 156, 70, 104, 203, 186, 244, 79, 119, 221, 33,
       112, 71, 138, 70, 253, 238, 174, 128, 178, 201, 229, 156, 235,
       187, 190, 161, 153, 172, 238, 71, 155, 205, 251, 253, 147, 126,
       79, 202, 247, 191, 83, 223, 251, 16, 84, 15, 222, 73, 25, 58, 101,
       112, 206, 125, 55, 109, 13, 126, 0, 191, 23, 128, 112, 166, 54,
       93, 12, 193, 184, 49, 78, 231, 253, 48, 128, 66, 128, 198, 107,
       198, 116, 18, 152, 255, 233, 182, 206, 159, 183, 152, 59, 172,
       255, 103, 141, 179, 123, 203, 34, 34, 71, 26, 251, 183, 22, 95,
       59, 146, 93, 133, 147, 198, 164, 182, 154, 185, 228, 254, 239,
       253, 31, 233, 16, 204, 250, 44, 95, 201, 115, 219, 163, 52, 79,
       154, 246, 185, 178, 222, 95, 144, 116, 175, 134, 190, 126, 182,
       222, 239, 111, 158, 206, 159, 191, 184, 187, 238, 189, 37, 15,
       223, 211, 223, 3, 36, 111, 74, 250, 243, 214, 95, 187, 215, 125,
       175, 155, 124, 252, 156, 122, 137, 189, 84, 222, 163, 31, 172, 29,
       63, 251, 74, 26, 133, 243, 236, 16, 14, 107, 154, 49, 219, 223,
       85, 127, 234, 80, 203, 3, 27, 86, 247, 141, 55, 250, 123, 26, 125,
       204, 94, 167, 239, 206, 191, 116, 247, 37, 172, 52, 142, 144, 39,
       207, 194, 247, 2, 131, 182, 199, 37, 119, 35, 143, 108, 135, 244,
       51, 255, 119, 93, 239, 93, 167, 104, 60, 182, 36, 223, 107, 23,
       175, 244, 184, 109, 238, 110, 95, 174, 131, 215, 238, 216, 221,
       65, 237, 59, 73, 52, 219, 103, 45, 110, 64, 110, 8, 178, 208, 128,
       116, 16, 60, 72, 106, 67, 184, 245, 29, 173, 188, 4, 80, 64, 2,
       199, 108, 223, 188, 158, 182, 187, 54, 22, 191, 251, 251, 142,
       117, 220, 250, 107, 99, 181, 87, 253, 55, 247, 65, 155, 255, 184,
       119, 111, 254, 138, 117, 169, 23, 9, 171, 109, 73, 102, 18, 237,
       59, 118, 104, 86, 230, 153, 5, 146, 96, 54, 14, 63, 173, 211, 152,
       229, 89, 110, 43, 175, 132, 63, 128, 241, 241, 2, 150, 156, 155,
       56, 173, 177, 23, 158, 31, 69, 21, 164, 151, 38, 73, 197, 59, 43,
       20, 182, 201, 83, 245, 207, 18, 90, 83, 152, 72, 133, 219, 173,
       90, 165, 245, 172, 107, 237, 155, 246, 254, 50, 244, 211, 37, 209,
       107, 77, 102, 124, 62, 169, 244, 237, 42, 204, 139, 247, 148, 132,
       249, 85, 248, 194, 184, 146, 184, 169, 237, 48, 194, 191, 159,
       160, 25, 172, 158, 97, 222, 133, 51, 251, 16, 54, 79, 146, 242,
       153, 208, 26, 123, 144, 68, 47, 95, 240, 243, 24, 46, 60, 79, 87,
       252, 25, 109, 176, 109, 198, 13, 14, 16, 220, 213, 206, 99, 109,
       103, 81, 62, 240, 150, 37, 63, 88, 27, 198, 91, 165, 249, 113,
       169, 213, 143, 187, 204, 30, 100, 96, 135, 157, 140, 55, 0, 252,
       9, 19, 117, 98, 186, 124, 255, 101, 24, 131, 100, 89, 9, 81, 248,
       87, 149, 175, 194, 148, 118, 175, 221, 224, 239, 159, 18, 80, 119,
       190, 102, 125, 214, 56, 187, 153, 241, 185, 198, 121, 46, 175,
       196, 133, 115, 245, 97, 124, 188, 144, 248, 173, 237, 80, 195,
       255, 31, 176, 25, 142, 219, 100, 217, 225, 179, 207, 16, 58, 111,
       18, 211, 155, 211, 18, 127, 210, 76, 207, 131, 173, 229, 101, 69,
       244, 75, 231, 189, 119, 230, 126, 136, 243, 117, 157, 180, 123,
       206, 102, 110, 233, 240, 109, 63, 44, 238, 101, 4, 111, 251, 214,
       252, 181, 123, 93, 168, 60, 131, 67, 216, 135, 232, 176, 238, 115,
       196, 225, 1, 92, 232, 14, 118, 107, 35, 110, 157, 248, 193, 165,
       188, 61, 187, 80, 113, 67, 156, 7, 186, 49, 252, 40, 7, 173, 89,
       75, 245, 188, 182, 146, 254, 135, 39, 125, 21, 151, 9, 179, 231,
       140, 118, 26, 202, 136, 6, 163, 93, 95, 9, 140, 183, 172, 32, 15,
       144, 146, 245, 135, 135, 221, 231, 107, 75, 68, 199, 191, 222, 28,
       67, 219, 224, 220, 227, 255, 244, 190, 255, 184, 82, 48, 141, 10,
       190, 85, 231, 183, 226, 158, 5, 248, 3, 245, 252, 49, 64, 248,
       251, 19, 129, 34, 171, 26, 255, 113, 167, 138, 8, 21, 11, 117,
       138, 16, 153, 63, 126, 27, 204, 53, 231, 172, 65, 110, 1, 62, 183,
       32, 112, 162, 51, 123, 64, 83, 137, 50, 103, 243, 173, 22, 3, 96,
       2, 167, 251, 91, 78, 231, 189, 44, 126, 108, 62, 191, 250, 210,
       194, 255, 126, 149, 251, 231, 231, 125, 143, 237, 221, 231, 233,
       150, 251, 250, 144, 36, 245, 49, 125, 78, 60, 191, 248, 169, 228,
       57, 3, 187, 219, 167, 16, 156, 255, 73, 123, 167, 23, 249, 16, 51,
       77, 179, 194, 219, 243, 94, 79, 130, 65, 167, 115, 47, 182, 248,
       139, 237, 125, 241, 91, 15, 127, 61, 255, 222, 124, 206, 188, 159,
       155, 247, 53, 151, 114, 251, 209, 95, 95, 117, 255, 222, 78, 221,
       247, 98, 140, 18, 248, 205, 237, 228, 103, 253, 11, 240, 24, 170,
       184, 52, 216, 200, 171, 95, 129, 26, 43, 82, 231, 151, 220, 146,
       59, 80, 72, 246, 138, 0, 140, 31, 189, 176, 172, 97, 39, 188, 31,
       98, 17, 182, 51, 32, 91, 161, 35, 105, 12, 50, 237, 19, 119, 205,
       182, 82, 64, 200, 0, 129, 58, 189, 197, 10, 234, 214, 79, 103,
       241, 116, 8, 253, 66, 83, 83, 57, 113, 120, 136, 22, 234, 105,
       178, 88, 31, 241, 141, 166, 4, 57, 186, 250, 160, 222, 55, 252,
       191, 242, 40, 61, 111, 59, 55, 53, 189, 237, 103, 138, 89, 183,
       151, 207, 180, 50, 89, 137, 223, 254, 243, 127, 231, 174, 228,
       175, 81, 130, 41, 154, 153, 126, 129, 184, 194, 159, 17, 80, 199,
       172, 222, 37, 72, 238, 123, 19, 213, 6, 158, 130, 241, 4, 48, 154,
       234, 28, 9, 33, 159, 82, 185, 191, 186, 139, 228, 53, 199, 170,
       87, 172, 57, 188, 246, 102, 123, 163, 251, 249, 145, 18, 75, 178,
       113, 217, 167, 94, 123, 128, 81, 167, 122, 52, 203, 38, 239, 140,
       31, 254, 253, 206, 160, 213, 34, 241, 207, 185, 96, 124, 254, 127,
       234, 216, 179, 77, 252, 255, 192, 143, 16, 53, 187, 181, 162, 198,
       60, 151, 154, 159, 233, 182, 207, 159, 151, 128, 59, 236, 254,
       103, 77, 243, 243, 235, 48, 54, 111, 154, 251, 189, 22, 95, 123,
       152, 125, 133, 95, 178, 238, 182, 190, 201, 109, 156, 207, 159,
       159, 176, 27, 238, 254, 47, 15, 205, 251, 255, 145, 56, 107, 202,
       242, 187, 246, 95, 59, 211, 124, 143, 222, 101, 109, 204, 101, 36,
       10, 103, 184, 33, 226, 190, 13, 243, 113, 19, 18, 24, 228, 108,
       238, 72, 176, 221, 44, 230, 239, 101, 20, 105, 243, 74, 74, 240,
       254, 89, 46, 114, 75, 23, 254, 57, 106, 248, 237, 247, 29, 137,
       16, 159, 223, 198, 102, 233, 54, 201, 63, 244, 150, 37, 182, 92,
       123, 195, 91, 41, 245, 101, 69, 212, 95, 231, 191, 119, 226, 110,
       200, 211, 116, 157, 180, 121, 222, 122, 104, 233, 240, 117, 31,
       111, 238, 5, 36, 103, 248, 214, 252, 161, 46, 150, 159, 236, 171,
       161, 75, 78, 63, 219, 86, 164, 226, 166, 79, 105, 110, 106, 12,
       182, 249, 71, 241, 156, 34, 247, 32, 152, 105, 185, 133, 94, 57,
       31, 238, 27, 197, 187, 104, 174, 132, 249, 11, 254, 223, 104, 66,
       238, 249, 255, 211, 8, 35, 219, 240, 213, 129, 139, 25, 97, 35,
       39, 178, 32, 141, 26, 190, 212, 231, 211, 230, 22, 5, 72, 2, 246,
       253, 33, 64, 217, 122, 19, 1, 42, 186, 88, 191, 241, 167, 138, 9,
       16, 75, 53, 170, 145, 14, 147, 191, 182, 130, 234, 115, 244, 130,
       90, 86, 253, 234, 176, 96, 127, 111, 62, 139, 241, 157, 6, 238,
       180, 166, 250, 128, 45, 160, 177, 136, 0, 145, 30, 187, 139, 237,
       177, 107, 142, 89, 75, 17, 252, 254, 42, 73, 165, 19, 123, 17, 23,
       201, 27, 117, 205, 50, 90, 67, 152, 72, 133, 83, 218, 48, 158,
       184, 42, 224, 56, 66, 190, 23, 198, 177, 156, 151, 99, 90, 167,
       61, 255, 145, 20, 197, 130, 66, 209, 225, 122, 203, 128, 65, 47,
       147, 177, 90, 77, 184, 44, 131, 65, 120, 85, 248, 244, 238, 19,
       133, 163, 205, 92, 164, 142, 108, 233, 103, 101, 156, 208, 203,
       225, 188, 63, 168, 88, 121, 207, 207, 231, 179, 164, 168, 111,
       148, 187, 83, 95, 213, 221, 239, 223, 106, 151, 71, 61, 95, 210,
       84, 174, 226, 110, 127, 239, 196, 134, 255, 209, 112, 102, 185,
