%YAML:1.0
---
descriptors: !!opencv-matrix
   rows: 281
   cols: 32
   dt: u
   data: [ 15, 62, 169, 27, 187, 245, 187, 83, 22, 207, 93, 183, 184,
       228, 178, 236, 93, 58, 147, 21, 183, 152, 126, 183, 76, 7, 186,
       233, 158, 205, 189, 253, 195, 190, 148, 155, 123, 185, 56, 134,
       191, 83, 64, 253, 172, 198, 206, 220, 167, 43, 251, 149, 183, 92,
       134, 247, 140, 54, 26, 234, 156, 68, 9, 93, 45, 54, 170, 25, 245,
       253, 161, 95, 94, 207, 124, 151, 169, 228, 242, 172, 93, 42, 130,
       29, 183, 186, 118, 18, 76, 7, 63, 105, 223, 204, 253, 212, 2, 158,
       151, 154, 235, 177, 184, 206, 159, 91, 88, 245, 172, 230, 227,
       204, 199, 59, 134, 21, 55, 78, 2, 243, 156, 22, 26, 235, 152, 77,
       41, 221, 93, 85, 122, 230, 246, 82, 95, 113, 177, 198, 223, 162,
       93, 255, 186, 112, 126, 245, 61, 235, 237, 147, 60, 206, 243, 239,
       175, 133, 37, 242, 172, 113, 161, 217, 113, 79, 52, 207, 231, 189,
       124, 72, 122, 64, 243, 84, 156, 112, 126, 216, 78, 106, 203, 184,
       125, 63, 229, 172, 38, 0, 117, 154, 196, 249, 168, 15, 98, 183,
       244, 171, 237, 119, 125, 174, 255, 255, 175, 40, 150, 209, 110,
       175, 238, 13, 228, 184, 197, 206, 244, 255, 182, 129, 71, 204,
       239, 201, 34, 190, 152, 250, 189, 169, 144, 134, 159, 31, 244, 57,
       174, 251, 102, 93, 207, 59, 239, 16, 54, 111, 194, 243, 142, 246,
       82, 123, 208, 73, 111, 143, 222, 56, 182, 180, 203, 116, 57, 66,
       185, 150, 166, 27, 12, 191, 71, 223, 227, 247, 237, 145, 48, 71,
       178, 224, 219, 243, 218, 91, 130, 101, 39, 114, 206, 56, 150, 220,
       41, 116, 16, 66, 171, 158, 164, 57, 172, 247, 97, 255, 196, 247,
       237, 144, 32, 71, 178, 224, 211, 243, 90, 59, 138, 117, 47, 31,
       83, 172, 7, 190, 9, 172, 26, 230, 171, 83, 136, 9, 174, 182, 1,
       253, 165, 227, 249, 133, 15, 79, 146, 253, 145, 242, 90, 26, 8,
       69, 35, 94, 61, 97, 122, 229, 246, 15, 127, 216, 37, 160, 126,
       138, 83, 31, 153, 48, 126, 220, 23, 254, 200, 178, 109, 12, 111,
       141, 165, 132, 103, 179, 98, 225, 59, 29, 59, 236, 83, 247, 95,
       230, 61, 196, 236, 15, 62, 191, 39, 112, 248, 187, 147, 193, 77,
       171, 112, 254, 243, 253, 154, 58, 27, 126, 34, 218, 252, 33, 24,
       164, 188, 26, 75, 40, 51, 164, 165, 10, 199, 194, 203, 209, 120,
       204, 76, 254, 122, 99, 204, 12, 248, 193, 135, 125, 32, 171, 106,
       0, 141, 159, 93, 111, 242, 14, 190, 185, 56, 88, 115, 245, 215,
       103, 136, 17, 151, 87, 85, 110, 241, 148, 73, 63, 228, 235, 105,
       196, 76, 163, 131, 145, 80, 157, 189, 254, 185, 228, 87, 183, 175,
       89, 168, 0, 190, 247, 32, 114, 133, 115, 125, 0, 27, 75, 186, 55,
       233, 255, 22, 122, 144, 80, 165, 59, 219, 83, 127, 100, 42, 86,
       95, 56, 160, 206, 150, 228, 255, 119, 147, 115, 54, 117, 125, 238,
       233, 197, 181, 8, 243, 235, 111, 144, 46, 178, 39, 113, 222, 18,
       190, 115, 163, 254, 81, 16, 231, 125, 87, 189, 203, 157, 142, 238,
       39, 30, 253, 20, 151, 212, 191, 144, 195, 249, 112, 215, 162, 133,
       141, 87, 42, 185, 252, 118, 169, 93, 221, 157, 203, 253, 21, 189,
       175, 253, 94, 174, 135, 83, 253, 17, 150, 105, 250, 160, 203, 219,
       84, 187, 198, 214, 207, 95, 188, 14, 111, 190, 77, 229, 219, 72,
       148, 14, 213, 147, 107, 237, 51, 9, 104, 160, 167, 135, 40, 167,
       42, 187, 83, 99, 224, 153, 119, 237, 116, 226, 244, 96, 140, 189,
       13, 37, 68, 8, 214, 178, 129, 25, 243, 201, 89, 75, 217, 196, 105,
       111, 106, 103, 219, 27, 193, 235, 193, 61, 16, 121, 80, 10, 9,
       135, 18, 151, 116, 188, 232, 55, 253, 15, 123, 119, 237, 170, 150,
       208, 236, 43, 110, 13, 244, 184, 72, 239, 6, 63, 178, 128, 72,
       206, 201, 205, 122, 184, 229, 84, 11, 253, 145, 103, 155, 255,
       180, 189, 42, 188, 86, 158, 141, 247, 253, 1, 188, 111, 242, 227,
       91, 86, 208, 251, 199, 76, 214, 95, 254, 143, 178, 190, 253, 99,
       159, 239, 155, 174, 188, 187, 79, 239, 107, 3, 255, 247, 207, 163,
       108, 103, 72, 254, 249, 215, 207, 191, 179, 127, 181, 211, 58,
       244, 233, 115, 245, 253, 219, 159, 19, 251, 124, 27, 27, 189, 94,
       44, 221, 222, 181, 21, 191, 254, 249, 179, 79, 95, 149, 231, 239,
       220, 212, 255, 106, 203, 193, 94, 73, 16, 78, 165, 51, 2, 111,
       200, 104, 231, 172, 246, 116, 254, 163, 202, 88, 26, 206, 227, 55,
       62, 212, 10, 51, 246, 230, 44, 183, 52, 185, 244, 229, 111, 213,
       219, 27, 251, 181, 30, 30, 127, 77, 57, 221, 217, 23, 34, 185,
       118, 248, 194, 211, 223, 83, 62, 216, 121, 67, 179, 31, 91, 236,
       71, 166, 26, 127, 180, 113, 224, 94, 230, 121, 63, 155, 99, 54,
       244, 181, 238, 193, 208, 109, 236, 102, 239, 239, 128, 47, 247,
       65, 249, 234, 176, 229, 87, 121, 246, 81, 63, 179, 253, 183, 189,
       42, 60, 30, 63, 133, 151, 253, 21, 191, 78, 243, 133, 79, 123, 80,
       243, 195, 4, 222, 95, 191, 165, 68, 123, 205, 31, 200, 41, 87,
       240, 245, 88, 107, 88, 158, 181, 156, 138, 244, 111, 253, 118, 95,
       159, 46, 219, 69, 126, 127, 142, 90, 132, 81, 127, 81, 39, 178,
       10, 62, 181, 40, 232, 90, 237, 255, 38, 129, 208, 182, 103, 92,
       103, 197, 152, 237, 110, 172, 164, 47, 128, 12, 242, 139, 89, 149,
       134, 237, 167, 182, 10, 239, 184, 119, 250, 246, 198, 217, 107,
       155, 225, 127, 196, 62, 239, 233, 240, 109, 239, 190, 239, 231,
       132, 173, 251, 112, 97, 234, 190, 188, 58, 253, 249, 145, 199,
       219, 95, 180, 57, 174, 188, 86, 26, 137, 51, 239, 17, 62, 111,
       234, 179, 219, 87, 84, 123, 208, 76, 222, 219, 86, 3, 198, 165,
       34, 18, 62, 32, 173, 160, 203, 227, 77, 170, 171, 194, 54, 229,
       237, 231, 4, 209, 141, 200, 146, 97, 235, 135, 173, 231, 41, 5,
       106, 188, 169, 186, 189, 233, 145, 207, 158, 95, 156, 57, 190,
       189, 66, 10, 201, 59, 251, 17, 62, 111, 242, 179, 219, 215, 92,
       123, 208, 76, 150, 122, 74, 182, 177, 154, 219, 224, 25, 9, 55,
       31, 221, 177, 236, 199, 202, 220, 95, 155, 255, 145, 26, 70, 203,
       211, 159, 116, 154, 239, 150, 198, 167, 119, 143, 208, 147, 218,
       125, 237, 186, 216, 191, 91, 241, 86, 220, 215, 105, 236, 255,
       217, 222, 243, 171, 7, 26, 243, 153, 220, 139, 238, 154, 59, 33,
       177, 144, 187, 26, 250, 112, 141, 81, 55, 60, 13, 96, 25, 182,
       147, 64, 16, 132, 59, 5, 16, 90, 186, 208, 33, 213, 245, 50, 106,
       72, 0, 131, 11, 209, 188, 159, 188, 8, 237, 20, 111, 190, 90, 160,
       28, 182, 250, 32, 113, 233, 179, 110, 1, 109, 111, 154, 91, 177,
       179, 95, 58, 88, 64, 43, 27, 57, 65, 107, 225, 68, 22, 235, 80,
       101, 96, 247, 194, 27, 29, 181, 48, 122, 140, 23, 238, 201, 179,
       117, 204, 87, 233, 162, 132, 103, 139, 114, 224, 164, 86, 125,
       101, 96, 79, 111, 56, 104, 170, 119, 72, 211, 23, 145, 59, 54, 84,
       84, 106, 225, 244, 57, 14, 199, 187, 97, 4, 96, 179, 70, 177, 98,
       176, 161, 82, 233, 253, 145, 134, 187, 95, 189, 189, 42, 252, 94,
       190, 141, 179, 253, 17, 158, 111, 250, 241, 27, 126, 88, 251, 195,
       13, 214, 127, 220, 120, 191, 246, 11, 77, 87, 232, 224, 242, 167,
       8, 127, 215, 65, 59, 160, 245, 124, 98, 105, 103, 186, 40, 243,
       203, 69, 63, 96, 51, 39, 34, 198, 56, 158, 240, 235, 252, 49, 66,
       191, 215, 195, 53, 140, 246, 103, 91, 231, 127, 251, 16, 55, 79,
       178, 226, 159, 242, 90, 107, 136, 97, 47, 215, 79, 188, 181, 177,
       169, 124, 61, 183, 171, 255, 30, 181, 140, 63, 66, 207, 135, 87,
       253, 149, 119, 76, 219, 226, 143, 247, 95, 214, 142, 116, 137, 95,
       94, 186, 242, 240, 235, 249, 184, 66, 171, 191, 181, 187, 12, 191,
       78, 159, 167, 151, 255, 145, 18, 79, 138, 240, 219, 83, 91, 255,
       134, 69, 167, 211, 254, 176, 208, 234, 203, 117, 26, 200, 19, 51,
       165, 186, 78, 94, 79, 253, 223, 217, 247, 178, 63, 70, 251, 211,
       159, 211, 203, 127, 187, 103, 46, 150, 124, 97, 66, 174, 93, 219,
       71, 232, 225, 164, 236, 9, 99, 195, 43, 19, 88, 236, 200, 114, 72,
