%YAML:1.0
---
descriptors: !!opencv-matrix
   rows: 273
   cols: 32
   dt: u
   data: [ 97, 113, 121, 101, 48, 78, 111, 180, 36, 236, 254, 101, 243,
       23, 129, 112, 54, 204, 93, 110, 201, 144, 241, 12, 229, 237, 39,
       128, 104, 178, 70, 121, 100, 240, 185, 67, 201, 109, 83, 140, 74,
       59, 41, 56, 150, 85, 72, 56, 145, 26, 96, 18, 18, 112, 251, 19,
       205, 156, 21, 127, 208, 91, 198, 163, 52, 105, 251, 65, 244, 79,
       71, 208, 96, 37, 239, 8, 83, 113, 141, 48, 24, 220, 68, 122, 24,
       178, 233, 32, 113, 172, 37, 116, 225, 251, 198, 34, 233, 141, 183,
       255, 173, 236, 117, 183, 255, 27, 102, 16, 254, 185, 96, 91, 197,
       102, 123, 28, 114, 120, 251, 161, 239, 251, 86, 82, 210, 88, 208,
       42, 3, 238, 7, 153, 10, 160, 44, 238, 190, 19, 74, 193, 181, 194,
       32, 64, 103, 43, 42, 140, 66, 152, 135, 119, 132, 166, 186, 192,
       24, 16, 161, 136, 84, 185, 149, 115, 152, 77, 71, 184, 162, 184,
       161, 8, 247, 215, 73, 50, 145, 214, 108, 90, 75, 96, 250, 49, 233,
       128, 37, 124, 96, 35, 7, 34, 58, 173, 242, 234, 255, 185, 218,
       207, 87, 33, 248, 139, 43, 201, 116, 36, 255, 187, 23, 157, 158,
       58, 198, 179, 223, 221, 155, 107, 247, 206, 242, 142, 3, 172, 35,
       155, 213, 245, 170, 231, 95, 73, 88, 19, 44, 220, 54, 164, 249,
       43, 147, 149, 183, 186, 54, 247, 61, 30, 154, 203, 215, 76, 185,
       222, 2, 162, 148, 187, 236, 169, 184, 175, 158, 55, 17, 249, 164,
       231, 72, 11, 207, 27, 107, 17, 50, 78, 74, 215, 12, 22, 126, 255,
       148, 8, 133, 171, 253, 96, 237, 106, 204, 71, 207, 216, 82, 242,
       181, 10, 83, 93, 217, 43, 89, 204, 84, 126, 169, 103, 255, 48, 91,
       203, 229, 60, 245, 251, 86, 224, 181, 98, 233, 35, 174, 51, 74,
       216, 83, 246, 145, 239, 67, 72, 223, 58, 95, 204, 68, 255, 143,
       102, 237, 176, 154, 201, 229, 252, 253, 255, 86, 213, 63, 77, 99,
       206, 244, 214, 239, 240, 117, 198, 223, 194, 81, 252, 181, 100,
       123, 236, 23, 239, 233, 179, 44, 238, 56, 46, 175, 128, 39, 255,
       112, 228, 7, 179, 27, 226, 242, 143, 190, 97, 174, 57, 59, 106,
       84, 222, 108, 0, 190, 57, 87, 115, 211, 57, 8, 85, 60, 12, 47,
       230, 73, 2, 131, 161, 6, 144, 151, 187, 235, 225, 176, 202, 190,
       31, 81, 51, 204, 254, 44, 75, 231, 19, 187, 17, 50, 69, 27, 245,
       141, 50, 90, 207, 144, 65, 165, 211, 150, 112, 180, 152, 235, 81,
       156, 204, 143, 30, 144, 187, 140, 222, 111, 15, 239, 89, 223, 211,
       70, 71, 138, 240, 155, 16, 223, 255, 148, 21, 47, 215, 185, 82,
       77, 111, 100, 30, 236, 60, 101, 234, 243, 230, 211, 8, 144, 227,
       110, 196, 126, 239, 237, 252, 101, 12, 52, 42, 112, 128, 109, 187,
       248, 29, 180, 97, 237, 74, 206, 65, 71, 216, 67, 246, 149, 170,
       83, 69, 223, 43, 121, 196, 85, 254, 200, 103, 175, 48, 122, 9,
       229, 189, 119, 251, 118, 224, 138, 188, 174, 185, 153, 181, 184,
       231, 190, 31, 74, 21, 172, 238, 114, 200, 197, 59, 179, 149, 54,
       216, 82, 247, 239, 119, 158, 75, 152, 68, 169, 218, 18, 204, 195,
       175, 178, 195, 175, 231, 52, 65, 218, 163, 105, 231, 160, 196,
       127, 255, 159, 177, 57, 153, 13, 255, 184, 38, 174, 193, 181, 214,
       165, 248, 16, 173, 106, 105, 150, 227, 235, 103, 100, 1, 254, 2,
       115, 25, 48, 32, 120, 171, 19, 185, 26, 187, 21, 31, 249, 205,
       138, 65, 225, 2, 231, 170, 120, 160, 125, 112, 141, 237, 81, 75,
       227, 181, 164, 24, 23, 147, 64, 58, 137, 150, 108, 24, 26, 107,
       242, 0, 219, 233, 21, 121, 226, 0, 198, 42, 173, 125, 121, 101,
       244, 79, 111, 189, 117, 166, 126, 8, 211, 117, 145, 48, 30, 220,
       86, 106, 233, 176, 125, 14, 231, 205, 37, 4, 103, 250, 86, 240,
       33, 137, 198, 79, 13, 59, 226, 106, 86, 129, 234, 2, 227, 224, 52,
       164, 88, 238, 98, 136, 12, 186, 71, 63, 12, 46, 215, 1, 113, 170,
       120, 140, 3, 169, 26, 219, 252, 145, 172, 231, 254, 17, 92, 18,
       188, 170, 242, 228, 235, 43, 19, 141, 87, 186, 162, 247, 46, 221,
       158, 224, 148, 136, 169, 140, 45, 164, 144, 65, 237, 63, 198, 137,
       91, 59, 41, 88, 150, 208, 92, 188, 153, 12, 66, 58, 18, 48, 217,
       18, 13, 156, 5, 118, 210, 75, 218, 164, 88, 75, 154, 190, 162,
       136, 30, 5, 168, 136, 202, 237, 239, 227, 1, 208, 166, 243, 237,
       66, 76, 137, 130, 41, 242, 229, 62, 153, 168, 82, 43, 11, 60, 77,
       114, 238, 85, 215, 222, 248, 85, 128, 255, 3, 123, 253, 61, 64,
       120, 252, 151, 235, 200, 179, 56, 191, 115, 239, 165, 1, 119, 187,
       124, 130, 61, 7, 101, 173, 188, 47, 79, 121, 5, 172, 219, 199,
       195, 101, 185, 196, 92, 164, 79, 47, 152, 161, 101, 157, 224, 102,
       161, 144, 119, 255, 212, 97, 37, 17, 223, 93, 237, 63, 228, 89,
       125, 139, 117, 68, 116, 115, 165, 188, 216, 178, 114, 8, 145, 178,
       114, 72, 7, 191, 81, 2, 217, 250, 234, 181, 72, 169, 63, 114, 177,
       200, 53, 183, 233, 13, 110, 40, 190, 183, 0, 52, 130, 50, 236, 64,
       80, 169, 162, 117, 235, 247, 20, 67, 194, 146, 135, 107, 134, 207,
       66, 159, 215, 180, 174, 231, 31, 3, 89, 247, 232, 234, 61, 197,
       255, 107, 147, 215, 246, 158, 12, 255, 44, 118, 142, 130, 159,
       127, 185, 148, 19, 221, 210, 223, 211, 131, 54, 247, 55, 1, 202,
       6, 124, 243, 32, 224, 127, 251, 146, 144, 119, 153, 24, 255, 187,
       166, 30, 66, 187, 26, 169, 138, 117, 207, 71, 174, 150, 6, 79,
       252, 4, 164, 218, 199, 115, 97, 185, 65, 126, 228, 63, 238, 200,
       147, 13, 45, 240, 42, 175, 128, 45, 187, 240, 96, 189, 105, 253,
       106, 140, 73, 71, 216, 194, 250, 181, 40, 83, 213, 217, 59, 89,
       208, 124, 122, 75, 103, 234, 48, 251, 201, 229, 60, 243, 251, 214,
       98, 245, 109, 229, 102, 140, 71, 207, 252, 67, 226, 185, 74, 83,
       121, 221, 39, 89, 198, 92, 238, 233, 99, 253, 42, 185, 200, 229,
       60, 125, 251, 210, 112, 204, 233, 182, 251, 173, 204, 117, 167,
       255, 31, 38, 16, 190, 251, 96, 91, 193, 102, 123, 90, 114, 105,
       251, 177, 239, 251, 87, 123, 210, 88, 213, 42, 0, 164, 156, 155,
       218, 169, 41, 175, 62, 51, 65, 176, 189, 226, 72, 72, 99, 27, 106,
       144, 51, 88, 223, 87, 204, 134, 94, 108, 184, 64, 137, 168, 152,
       227, 107, 161, 182, 194, 107, 252, 52, 229, 214, 243, 209, 135,
       216, 64, 123, 204, 21, 253, 91, 220, 133, 134, 232, 229, 191, 196,
       37, 144, 180, 248, 219, 10, 206, 181, 62, 34, 232, 47, 190, 183,
       146, 247, 237, 106, 146, 203, 99, 103, 253, 165, 52, 205, 143,
       253, 156, 99, 255, 209, 172, 164, 185, 72, 25, 189, 17, 255, 16,
       197, 103, 191, 118, 73, 104, 64, 183, 119, 0, 96, 117, 58, 22, 8,
       235, 184, 113, 63, 233, 239, 54, 64, 120, 0, 161, 185, 242, 223,
       70, 76, 30, 82, 198, 232, 197, 132, 242, 102, 98, 72, 172, 85,
       248, 228, 110, 226, 108, 163, 77, 125, 48, 42, 195, 23, 121, 59,
       116, 6, 2, 162, 157, 155, 232, 169, 168, 143, 30, 49, 17, 249,
       156, 194, 72, 11, 143, 27, 107, 17, 18, 76, 203, 209, 12, 18, 95,
       124, 148, 8, 135, 128, 8, 188, 190, 249, 169, 237, 180, 199, 191,
       31, 172, 16, 174, 187, 96, 26, 161, 115, 235, 16, 50, 105, 146,
       243, 207, 215, 86, 123, 210, 80, 167, 171, 138, 151, 145, 155,
       183, 251, 176, 175, 94, 115, 74, 115, 172, 184, 44, 236, 211, 27,
       178, 17, 54, 216, 71, 247, 173, 118, 30, 71, 150, 76, 157, 143,
       243, 69, 102, 236, 21, 82, 78, 104, 229, 32, 178, 2, 67, 106, 55,
       247, 248, 228, 108, 227, 108, 163, 5, 141, 178, 234, 195, 19, 101,
       63, 120, 6, 134, 112, 149, 152, 170, 65, 188, 204, 142, 186, 144,
       163, 140, 158, 109, 11, 239, 89, 255, 211, 6, 71, 75, 240, 157,
       18, 223, 191, 148, 21, 37, 155, 10, 140, 138, 187, 177, 241, 56,
       167, 30, 75, 74, 17, 172, 250, 34, 192, 193, 43, 187, 149, 62,
       220, 67, 191, 238, 247, 158, 195, 152, 68, 169, 154, 122, 182,
       242, 244, 247, 219, 144, 231, 155, 61, 181, 187, 78, 189, 102,
       133, 179, 151, 215, 49, 54, 123, 8, 215, 122, 87, 93, 247, 231,
       12, 159, 71, 31, 159, 100, 175, 178, 139, 31, 185, 173, 76, 31,
