%YAML:1.0
---
descriptors: !!opencv-matrix
   rows: 238
   cols: 32
   dt: u
   data: [ 211, 236, 3, 186, 11, 237, 8, 231, 191, 83, 128, 25, 174, 150,
       96, 223, 161, 163, 121, 149, 62, 79, 146, 247, 153, 242, 94, 123,
       144, 4, 167, 78, 143, 174, 230, 149, 175, 50, 188, 239, 191, 255,
       159, 183, 204, 236, 254, 143, 239, 71, 255, 181, 182, 245, 143,
       195, 14, 91, 223, 199, 142, 253, 185, 213, 135, 151, 77, 79, 242,
       14, 190, 185, 56, 73, 115, 245, 245, 111, 140, 17, 54, 71, 85,
       238, 243, 144, 77, 111, 102, 171, 40, 196, 108, 131, 131, 209, 60,
       221, 123, 106, 83, 228, 87, 246, 5, 64, 236, 4, 62, 251, 33, 112,
       254, 251, 151, 66, 75, 43, 56, 127, 251, 237, 38, 11, 115, 83,
       102, 171, 96, 165, 185, 114, 153, 237, 81, 15, 251, 63, 45, 24,
       150, 183, 72, 26, 129, 26, 96, 24, 58, 106, 250, 19, 201, 215, 21,
       127, 192, 64, 198, 226, 85, 14, 202, 183, 210, 34, 107, 242, 53,
       130, 254, 247, 113, 99, 155, 83, 127, 230, 14, 172, 184, 218, 5,
       110, 252, 175, 183, 128, 175, 241, 104, 136, 165, 141, 7, 219,
       244, 159, 234, 236, 84, 2, 241, 90, 243, 96, 189, 173, 217, 106,
       2, 254, 251, 254, 88, 191, 173, 218, 214, 64, 217, 137, 80, 172,
       201, 58, 191, 21, 34, 254, 49, 18, 190, 255, 86, 244, 188, 182,
       195, 254, 39, 126, 252, 20, 165, 220, 183, 110, 78, 99, 113, 194,
       138, 165, 13, 125, 165, 205, 61, 251, 172, 207, 223, 252, 158,
       114, 149, 18, 247, 221, 121, 41, 217, 155, 27, 127, 123, 39, 123,
       62, 237, 139, 167, 124, 148, 219, 209, 226, 222, 254, 49, 255, 25,
       221, 223, 236, 255, 190, 181, 26, 239, 222, 72, 101, 255, 245,
       236, 227, 106, 111, 250, 191, 185, 211, 143, 127, 113, 61, 135,
       111, 147, 74, 99, 223, 52, 147, 107, 112, 21, 8, 212, 230, 121,
       199, 177, 228, 126, 248, 23, 206, 233, 155, 46, 255, 178, 254,
       162, 128, 62, 187, 48, 189, 252, 28, 247, 190, 45, 102, 94, 250,
       85, 202, 253, 59, 239, 127, 57, 185, 223, 255, 253, 163, 173, 231,
       122, 175, 211, 247, 83, 27, 246, 253, 46, 67, 185, 253, 123, 108,
       84, 70, 203, 124, 81, 64, 252, 10, 51, 29, 180, 48, 88, 152, 20,
       234, 201, 186, 116, 13, 115, 233, 160, 40, 127, 155, 114, 176, 91,
       92, 243, 254, 98, 180, 126, 246, 125, 202, 94, 161, 125, 255, 183,
       112, 246, 251, 183, 199, 228, 159, 166, 235, 246, 255, 126, 138,
       38, 247, 39, 95, 44, 81, 123, 107, 116, 79, 255, 120, 68, 136,
       127, 0, 83, 85, 169, 48, 28, 56, 7, 106, 192, 176, 57, 28, 103,
       141, 37, 4, 83, 187, 70, 163, 223, 121, 251, 254, 58, 220, 95,
       176, 233, 200, 222, 108, 255, 215, 211, 246, 118, 237, 253, 126,
       201, 71, 234, 234, 254, 249, 39, 154, 42, 183, 43, 97, 37, 53,
       251, 64, 118, 127, 243, 90, 123, 233, 125, 42, 26, 60, 215, 52,
       62, 156, 86, 184, 133, 178, 189, 202, 31, 12, 33, 166, 231, 234,
       102, 245, 180, 205, 253, 245, 156, 15, 207, 191, 82, 178, 176, 90,
       83, 121, 81, 43, 89, 214, 125, 58, 249, 238, 123, 62, 233, 207,
       245, 116, 245, 248, 208, 168, 98, 189, 96, 86, 93, 217, 210, 231,
       59, 101, 172, 141, 34, 60, 22, 20, 136, 242, 211, 65, 206, 107,
       246, 189, 63, 84, 144, 59, 103, 12, 86, 222, 254, 238, 182, 186,
       169, 241, 22, 238, 191, 190, 189, 185, 238, 238, 111, 159, 205,
       243, 239, 83, 126, 79, 202, 243, 187, 211, 223, 251, 146, 85, 174,
       79, 26, 141, 166, 185, 157, 245, 152, 199, 31, 21, 206, 19, 172,
       174, 34, 204, 201, 59, 187, 149, 62, 152, 83, 247, 171, 119, 158,
       67, 146, 76, 189, 78, 19, 86, 107, 165, 118, 147, 251, 116, 108,
       76, 222, 231, 121, 12, 183, 32, 126, 189, 151, 239, 205, 178, 37,
       207, 118, 109, 170, 128, 109, 150, 117, 253, 72, 248, 125, 249,
       109, 205, 241, 204, 239, 176, 180, 8, 191, 217, 68, 58, 175, 153,
       110, 209, 195, 103, 251, 209, 223, 217, 87, 62, 84, 24, 103, 171,
       106, 168, 148, 24, 73, 253, 176, 71, 171, 29, 172, 25, 172, 152,
       102, 158, 137, 43, 227, 21, 22, 107, 210, 245, 31, 83, 88, 123,
       210, 12, 207, 206, 64, 185, 155, 250, 17, 204, 49, 23, 174, 13,
       106, 24, 190, 151, 64, 80, 128, 59, 77, 16, 18, 41, 146, 99, 201,
       181, 50, 42, 128, 0, 135, 43, 94, 253, 254, 222, 175, 253, 255,
       254, 255, 255, 191, 191, 238, 255, 254, 191, 255, 255, 255, 211,
       255, 107, 187, 247, 251, 95, 127, 255, 199, 247, 239, 87, 36, 13,
       121, 67, 116, 11, 231, 176, 76, 128, 127, 0, 211, 113, 157, 36,
       26, 120, 6, 106, 201, 176, 109, 44, 103, 156, 33, 0, 119, 187, 66,
       160, 72, 89, 119, 253, 167, 234, 109, 23, 189, 31, 70, 48, 221,
       39, 32, 95, 98, 54, 111, 8, 48, 221, 49, 204, 197, 178, 114, 0,
       34, 144, 165, 122, 24, 56, 123, 248, 83, 247, 25, 67, 165, 64,
       228, 2, 29, 159, 35, 120, 238, 185, 147, 144, 27, 155, 50, 200,
       211, 201, 10, 11, 179, 0, 38, 242, 16, 209, 31, 236, 19, 207, 85,
       101, 172, 0, 234, 8, 54, 151, 32, 113, 178, 177, 69, 96, 73, 139,
       48, 12, 241, 225, 14, 19, 112, 18, 167, 58, 125, 225, 112, 74,
       191, 219, 214, 237, 79, 96, 189, 42, 75, 248, 158, 180, 26, 206,
       212, 107, 223, 43, 236, 181, 58, 253, 5, 127, 127, 142, 218, 141,
       106, 176, 176, 58, 105, 249, 145, 79, 139, 61, 181, 25, 174, 156,
       78, 158, 137, 147, 203, 17, 22, 111, 242, 209, 95, 85, 16, 127,
       211, 12, 207, 206, 42, 176, 56, 218, 121, 221, 177, 223, 143, 125,
       180, 61, 172, 159, 110, 164, 205, 27, 223, 16, 150, 43, 250, 245,
       223, 213, 26, 251, 154, 12, 141, 223, 53, 192, 138, 189, 52, 10,
       108, 105, 86, 3, 194, 2, 243, 98, 56, 105, 89, 236, 42, 173, 44,
       240, 69, 141, 212, 238, 215, 0, 180, 184, 120, 0, 138, 204, 62,
       217, 19, 212, 61, 231, 191, 23, 70, 19, 172, 223, 38, 65, 229, 59,
       187, 128, 118, 221, 50, 255, 111, 243, 222, 75, 50, 4, 173, 202,
       3, 133, 71, 137, 146, 167, 171, 39, 28, 65, 74, 198, 245, 38, 180,
       100, 118, 35, 26, 189, 183, 152, 53, 221, 44, 46, 138, 192, 188,
       198, 177, 124, 190, 252, 118, 254, 47, 223, 223, 236, 191, 190,
       245, 27, 239, 222, 63, 153, 191, 249, 223, 99, 232, 247, 122, 191,
       179, 219, 127, 183, 119, 61, 85, 115, 34, 188, 105, 90, 95, 253,
       178, 246, 11, 109, 248, 175, 34, 156, 22, 52, 204, 187, 215, 1,
       142, 58, 242, 255, 31, 20, 24, 251, 87, 12, 86, 223, 222, 252,
       190, 122, 185, 221, 87, 239, 191, 183, 166, 24, 238, 255, 78, 247,
       197, 215, 237, 82, 122, 111, 251, 247, 251, 243, 95, 127, 66, 52,
       175, 126, 43, 241, 96, 142, 253, 217, 214, 237, 75, 101, 157, 15,
       234, 216, 222, 164, 154, 202, 222, 103, 223, 43, 254, 245, 62, 92,
       133, 127, 127, 30, 218, 199, 236, 12, 245, 190, 109, 127, 87, 250,
       215, 254, 253, 26, 111, 255, 59, 251, 223, 247, 255, 163, 44, 231,
       107, 251, 87, 247, 81, 59, 182, 253, 110, 107, 158, 239, 246, 183,
       186, 50, 190, 252, 63, 190, 242, 247, 109, 239, 175, 193, 55, 127,
       239, 227, 228, 213, 143, 255, 186, 227, 111, 135, 39, 245, 173,
       205, 252, 252, 186, 254, 253, 253, 23, 238, 251, 255, 228, 24,
       238, 253, 74, 255, 129, 255, 245, 83, 110, 111, 250, 179, 251,
       243, 85, 127, 146, 92, 143, 239, 57, 121, 123, 108, 84, 15, 207,
       120, 69, 200, 124, 78, 51, 25, 176, 48, 92, 168, 22, 110, 201,
       178, 112, 61, 115, 205, 160, 0, 123, 187, 114, 185, 139, 106, 234,
       235, 104, 128, 109, 93, 175, 24, 87, 230, 189, 143, 213, 66, 102,
       29, 127, 223, 194, 148, 143, 224, 102, 249, 186, 160, 14, 147, 33,
       185, 98, 169, 244, 90, 205, 249, 208, 235, 219, 178, 165, 8, 170,
       249, 84, 183, 137, 226, 249, 24, 122, 107, 218, 113, 95, 26, 69,
       63, 82, 76, 94, 134, 45, 117, 121, 101, 244, 111, 79, 184, 113,
       238, 127, 8, 83, 117, 153, 48, 58, 222, 86, 106, 249, 178, 125,
       46, 111, 175, 37, 4, 103, 251, 214, 241, 141, 149, 254, 255, 253,
       127, 253, 127, 222, 247, 127, 23, 217, 253, 126, 139, 253, 126,
