%YAML:1.0
---
descriptors: !!opencv-matrix
   rows: 308
   cols: 32
   dt: u
   data: [ 76, 249, 221, 231, 110, 196, 107, 176, 162, 48, 7, 66, 253,
       87, 200, 226, 102, 81, 121, 202, 67, 72, 187, 181, 79, 201, 175,
       224, 38, 130, 37, 169, 203, 187, 108, 255, 110, 221, 123, 56, 170,
       212, 29, 167, 253, 95, 155, 35, 38, 113, 253, 239, 197, 64, 255,
       221, 103, 235, 235, 168, 62, 166, 29, 241, 75, 174, 254, 90, 239,
       180, 244, 199, 235, 31, 124, 21, 40, 234, 118, 223, 165, 107, 230,
       28, 150, 107, 174, 225, 30, 127, 86, 75, 211, 212, 235, 207, 250,
       184, 239, 19, 143, 249, 144, 7, 135, 247, 142, 159, 170, 188, 86,
       170, 201, 243, 251, 145, 158, 111, 246, 162, 223, 87, 220, 123,
       231, 76, 222, 94, 45, 92, 119, 69, 116, 111, 235, 186, 125, 72,
       126, 100, 211, 49, 144, 52, 30, 76, 70, 106, 129, 184, 97, 111,
       102, 190, 33, 64, 75, 169, 66, 161, 223, 96, 245, 101, 39, 58,
       124, 48, 105, 242, 183, 153, 207, 63, 213, 127, 166, 213, 253,
       239, 236, 212, 229, 200, 215, 251, 223, 131, 167, 245, 66, 71,
       232, 176, 180, 80, 201, 253, 80, 71, 235, 127, 164, 25, 46, 152,
       70, 191, 137, 18, 228, 16, 30, 111, 242, 145, 219, 217, 84, 123,
       210, 12, 206, 223, 205, 82, 221, 101, 34, 78, 113, 48, 41, 252,
       55, 236, 223, 23, 131, 91, 6, 21, 236, 110, 225, 212, 241, 72,
       198, 249, 96, 132, 42, 160, 15, 121, 198, 172, 247, 254, 190, 160,
       190, 174, 218, 179, 24, 208, 236, 234, 116, 66, 151, 119, 121,
       155, 178, 77, 142, 243, 172, 62, 95, 238, 132, 113, 129, 9, 98,
       188, 153, 122, 219, 229, 17, 199, 59, 19, 168, 24, 54, 55, 68, 56,
       197, 179, 91, 16, 51, 15, 83, 115, 91, 159, 20, 123, 208, 64, 166,
       58, 118, 48, 184, 224, 201, 125, 80, 200, 187, 179, 161, 24, 14,
       187, 77, 186, 169, 221, 232, 18, 62, 103, 216, 130, 155, 221, 81,
       127, 193, 105, 78, 6, 63, 99, 74, 135, 82, 2, 111, 120, 32, 228,
       127, 231, 89, 3, 146, 16, 126, 237, 23, 238, 200, 210, 141, 76,
       126, 41, 175, 133, 47, 182, 42, 209, 72, 244, 189, 81, 137, 124,
       181, 159, 234, 187, 174, 24, 158, 191, 76, 106, 133, 87, 253, 24,
       131, 109, 243, 226, 235, 223, 86, 127, 194, 80, 133, 59, 248, 89,
       126, 108, 9, 86, 87, 48, 161, 136, 167, 8, 91, 255, 9, 115, 112,
       244, 253, 234, 104, 227, 176, 12, 243, 233, 101, 25, 99, 242, 110,
       50, 117, 101, 233, 98, 142, 99, 71, 216, 82, 178, 185, 138, 83,
       105, 217, 59, 89, 204, 85, 250, 201, 99, 205, 56, 250, 136, 229,
       188, 245, 251, 114, 160, 213, 82, 254, 181, 110, 42, 109, 17, 249,
       218, 183, 254, 223, 63, 159, 123, 99, 197, 125, 175, 233, 71, 239,
       192, 212, 251, 251, 148, 45, 241, 99, 112, 134, 148, 189, 21, 235,
       114, 188, 143, 190, 191, 66, 49, 196, 62, 78, 75, 133, 87, 235,
       145, 54, 220, 227, 98, 13, 50, 222, 199, 128, 80, 165, 215, 31,
       88, 252, 245, 39, 158, 93, 152, 59, 214, 54, 167, 255, 127, 223,
       251, 183, 249, 181, 207, 203, 212, 62, 217, 195, 219, 239, 133,
       47, 245, 94, 123, 241, 193, 102, 207, 15, 18, 78, 172, 229, 0,
       178, 2, 99, 72, 60, 103, 120, 196, 108, 235, 108, 231, 77, 237,
       178, 234, 199, 17, 101, 190, 240, 12, 2, 166, 149, 155, 232, 169,
       173, 143, 30, 51, 17, 241, 189, 34, 200, 200, 207, 27, 106, 17,
       51, 92, 75, 215, 12, 22, 127, 236, 156, 200, 129, 185, 70, 173,
       25, 186, 216, 205, 182, 238, 143, 21, 136, 11, 164, 255, 104, 0,
       201, 123, 107, 83, 82, 11, 218, 245, 189, 20, 31, 127, 144, 11,
       133, 138, 150, 243, 115, 68, 83, 91, 190, 233, 253, 160, 243, 234,
       76, 204, 165, 164, 62, 253, 194, 226, 229, 183, 44, 222, 56, 4,
       15, 167, 103, 39, 167, 165, 1, 132, 213, 155, 202, 233, 169, 175,
       62, 51, 75, 240, 149, 98, 200, 228, 87, 11, 42, 28, 51, 92, 207,
       87, 12, 134, 126, 100, 188, 200, 129, 168, 144, 156, 57, 251, 48,
       199, 83, 182, 22, 73, 206, 0, 179, 215, 33, 96, 213, 58, 29, 72,
       107, 136, 115, 63, 227, 175, 176, 16, 16, 137, 36, 123, 240, 195,
       102, 78, 15, 2, 199, 236, 229, 132, 178, 10, 98, 104, 60, 87, 104,
       228, 106, 235, 104, 231, 79, 109, 177, 42, 199, 19, 97, 58, 244,
       14, 81, 77, 222, 245, 212, 170, 110, 167, 117, 130, 126, 2, 115,
       33, 177, 112, 122, 230, 46, 234, 120, 184, 5, 110, 244, 175, 230,
       0, 101, 240, 224, 40, 120, 13, 62, 110, 57, 206, 87, 48, 225, 140,
       174, 8, 123, 119, 3, 115, 196, 246, 125, 106, 72, 43, 234, 45,
       243, 235, 96, 25, 114, 226, 102, 43, 34, 180, 253, 90, 252, 233,
       211, 236, 207, 127, 185, 59, 34, 252, 110, 56, 137, 155, 67, 19,
       54, 107, 122, 247, 123, 30, 20, 123, 209, 27, 198, 223, 252, 65,
       30, 102, 165, 14, 87, 49, 225, 168, 231, 8, 86, 211, 41, 115, 80,
       116, 108, 106, 88, 181, 216, 8, 243, 233, 101, 21, 34, 59, 194,
       35, 58, 249, 122, 104, 85, 221, 210, 230, 75, 36, 252, 11, 43,
       157, 118, 20, 248, 251, 215, 65, 206, 59, 242, 183, 115, 221, 128,
       123, 119, 159, 222, 206, 244, 98, 190, 112, 77, 45, 80, 216, 227,
       190, 164, 25, 26, 217, 69, 27, 137, 245, 103, 90, 40, 103, 154, 0,
       211, 219, 85, 63, 195, 249, 70, 130, 99, 104, 114, 92, 101, 157,
       240, 66, 123, 160, 240, 8, 174, 156, 21, 52, 154, 185, 118, 65,
       14, 250, 194, 249, 23, 124, 16, 59, 71, 12, 90, 142, 77, 53, 157,
       225, 224, 46, 120, 25, 58, 187, 107, 80, 221, 51, 201, 250, 183,
       93, 125, 60, 145, 208, 217, 66, 207, 239, 103, 100, 136, 227, 139,
       161, 201, 250, 151, 250, 185, 140, 45, 223, 190, 27, 146, 84, 188,
       211, 96, 239, 167, 83, 126, 28, 227, 77, 139, 241, 217, 251, 127,
       200, 138, 80, 161, 57, 94, 238, 237, 191, 58, 115, 27, 216, 151,
       158, 157, 231, 233, 239, 219, 66, 95, 213, 239, 230, 170, 67, 239,
       255, 254, 247, 239, 189, 183, 247, 54, 121, 181, 92, 111, 65, 212,
       103, 227, 254, 84, 230, 126, 86, 81, 49, 181, 97, 121, 206, 19,
       248, 169, 176, 53, 30, 127, 15, 163, 68, 253, 217, 112, 248, 222,
       134, 101, 254, 170, 96, 158, 237, 22, 31, 217, 243, 105, 111, 168,
       201, 127, 211, 191, 163, 122, 71, 111, 247, 242, 230, 251, 221,
       183, 223, 165, 49, 247, 255, 206, 234, 238, 1, 222, 252, 131, 146,
       184, 238, 89, 239, 253, 59, 127, 211, 127, 255, 235, 103, 142,
       251, 120, 203, 237, 188, 61, 251, 178, 145, 37, 240, 200, 75, 124,
       29, 194, 248, 66, 200, 249, 76, 243, 216, 221, 164, 217, 136, 86,
       111, 207, 34, 222, 31, 14, 93, 33, 60, 93, 170, 90, 132, 255, 80,
       95, 228, 44, 78, 95, 176, 49, 226, 247, 170, 95, 55, 141, 115,
       246, 213, 253, 226, 233, 199, 249, 200, 243, 251, 197, 150, 43,
       179, 98, 113, 106, 172, 190, 88, 201, 241, 80, 199, 187, 23, 172,
       25, 46, 239, 102, 158, 137, 187, 235, 16, 62, 75, 178, 243, 27,
       87, 84, 123, 211, 68, 238, 222, 247, 230, 225, 78, 158, 19, 206,
       252, 210, 234, 157, 206, 83, 225, 253, 166, 93, 196, 92, 254, 233,
       103, 174, 190, 56, 14, 165, 188, 127, 255, 114, 36, 41, 204, 68,
       77, 157, 191, 70, 143, 87, 35, 238, 8, 235, 0, 54, 244, 89, 162,
       10, 60, 47, 168, 117, 191, 166, 255, 132, 21, 250, 222, 216, 12,
       1, 132, 197, 155, 218, 233, 40, 143, 126, 115, 67, 146, 213, 98,
       200, 236, 115, 10, 42, 156, 55, 88, 239, 87, 12, 6, 94, 100, 188,
       200, 129, 172, 104, 173, 117, 69, 77, 95, 197, 63, 83, 174, 189,
       8, 155, 49, 196, 183, 9, 22, 206, 40, 120, 106, 233, 30, 111, 159,
       117, 52, 83, 234, 70, 232, 56, 108, 235, 101, 85, 94, 237, 87,
       115, 167, 110, 18, 57, 27, 16, 176, 41, 174, 19, 136, 106, 252,
       177, 139, 119, 237, 150, 33, 227, 208, 254, 202, 189, 201, 224,
       88, 141, 217, 199, 204, 215, 22, 188, 10, 107, 220, 255, 172, 89,
       218, 242, 91, 206, 39, 238, 179, 123, 223, 133, 127, 247, 253,
       220, 230, 159, 94, 102, 7, 98, 59, 58, 112, 60, 234, 119, 231,
       105, 78, 151, 181, 54, 109, 215, 238, 165, 148, 45, 206, 6, 111,
