%YAML:1.0
---
descriptors: !!opencv-matrix
   rows: 293
   cols: 32
   dt: u
   data: [ 122, 224, 54, 186, 45, 205, 81, 204, 143, 95, 165, 9, 174,
       223, 106, 94, 201, 147, 255, 3, 78, 11, 122, 245, 219, 210, 90,
       123, 18, 14, 167, 74, 91, 150, 230, 117, 23, 86, 73, 59, 113, 238,
       86, 167, 107, 45, 150, 247, 121, 236, 181, 173, 173, 216, 181,
       140, 91, 239, 245, 129, 175, 164, 124, 127, 219, 138, 198, 183,
       130, 42, 188, 151, 60, 215, 82, 247, 141, 46, 210, 207, 39, 103,
       191, 149, 181, 220, 135, 226, 140, 98, 254, 194, 172, 213, 169,
       93, 6, 28, 159, 255, 42, 102, 61, 18, 172, 154, 203, 162, 245,
       247, 33, 107, 231, 115, 59, 163, 1, 197, 27, 104, 193, 162, 250,
       128, 152, 115, 37, 51, 166, 177, 225, 208, 223, 221, 144, 205,
       155, 249, 177, 255, 8, 220, 125, 191, 141, 155, 211, 81, 183, 99,
       154, 215, 59, 80, 141, 255, 223, 12, 86, 255, 161, 108, 126, 121,
       68, 175, 225, 242, 116, 22, 102, 16, 243, 17, 19, 25, 9, 40, 66,
       110, 97, 244, 83, 61, 71, 139, 112, 0, 105, 153, 66, 170, 226,
       172, 151, 186, 233, 225, 89, 71, 191, 87, 160, 17, 172, 251, 100,
       91, 201, 35, 123, 16, 58, 79, 250, 243, 155, 154, 222, 123, 144,
       64, 166, 74, 208, 176, 151, 176, 137, 109, 17, 207, 255, 127, 163,
       25, 206, 188, 104, 123, 193, 23, 232, 17, 63, 111, 187, 209, 153,
       210, 85, 127, 208, 72, 133, 119, 189, 117, 113, 98, 169, 109, 87,
       88, 241, 170, 189, 24, 91, 215, 73, 63, 28, 208, 84, 122, 249, 35,
       248, 10, 243, 217, 5, 60, 98, 251, 198, 99, 199, 177, 147, 21,
       232, 44, 168, 27, 250, 250, 18, 116, 252, 242, 196, 246, 151, 103,
       126, 60, 231, 69, 247, 66, 140, 56, 111, 174, 136, 100, 11, 53,
       56, 91, 70, 41, 169, 139, 70, 31, 23, 24, 120, 229, 171, 201, 160,
       208, 216, 168, 172, 64, 94, 180, 67, 17, 162, 241, 32, 155, 114,
       156, 204, 1, 120, 66, 247, 221, 44, 74, 101, 29, 127, 174, 230,
       34, 251, 119, 133, 122, 241, 244, 110, 136, 72, 215, 225, 202,
       247, 239, 183, 16, 162, 240, 100, 43, 141, 185, 117, 105, 244, 15,
       251, 121, 110, 112, 119, 76, 223, 56, 148, 33, 46, 13, 86, 63,
       145, 184, 125, 221, 78, 249, 35, 100, 207, 170, 67, 161, 60, 113,
       88, 224, 89, 205, 82, 216, 7, 160, 172, 8, 27, 151, 65, 16, 88,
       144, 221, 210, 10, 34, 88, 16, 251, 205, 133, 125, 243, 155, 70,
       146, 128, 57, 243, 114, 226, 233, 177, 71, 186, 5, 112, 185, 52,
       159, 96, 24, 166, 59, 3, 81, 19, 251, 162, 112, 93, 132, 122, 106,
       193, 0, 167, 251, 205, 30, 191, 247, 168, 44, 121, 18, 248, 203,
       183, 84, 223, 119, 65, 123, 167, 119, 125, 24, 177, 65, 179, 34,
       195, 251, 115, 200, 136, 241, 35, 115, 194, 216, 151, 176, 161,
       236, 53, 23, 185, 27, 66, 80, 156, 183, 64, 94, 135, 55, 125, 16,
       17, 221, 144, 194, 137, 178, 94, 66, 136, 64, 161, 51, 77, 67, 85,
       7, 50, 10, 110, 184, 108, 160, 75, 228, 221, 66, 155, 244, 54, 68,
       106, 238, 197, 144, 205, 108, 36, 42, 39, 132, 46, 179, 9, 5, 238,
       235, 172, 159, 61, 209, 159, 136, 142, 252, 157, 171, 169, 205,
       215, 130, 205, 243, 253, 215, 78, 74, 238, 253, 238, 81, 191, 249,
       23, 159, 28, 90, 87, 59, 250, 193, 114, 179, 123, 82, 107, 236,
       126, 174, 13, 30, 199, 116, 118, 255, 247, 222, 134, 210, 165,
       248, 30, 92, 35, 163, 175, 229, 43, 213, 221, 115, 17, 161, 97,
       14, 102, 24, 111, 168, 99, 76, 206, 82, 8, 180, 182, 13, 76, 102,
       197, 240, 217, 208, 164, 248, 7, 6, 74, 38, 11, 5, 38, 187, 103,
       65, 245, 219, 251, 72, 110, 252, 113, 175, 73, 204, 215, 176, 190,
       15, 215, 119, 150, 243, 173, 220, 30, 89, 35, 231, 199, 143, 71,
       215, 197, 37, 185, 101, 180, 47, 107, 24, 50, 188, 63, 24, 215,
       53, 217, 59, 21, 92, 125, 126, 169, 240, 249, 10, 205, 169, 37,
       180, 224, 243, 6, 241, 0, 240, 125, 101, 50, 75, 113, 57, 60, 36,
       118, 40, 223, 23, 140, 48, 54, 29, 86, 40, 65, 184, 113, 29, 199,
       255, 112, 132, 96, 130, 71, 185, 125, 161, 236, 242, 221, 124, 88,
       136, 163, 180, 165, 11, 43, 123, 74, 83, 233, 198, 249, 188, 14,
       67, 218, 177, 219, 217, 197, 127, 163, 229, 106, 66, 73, 17, 222,
       253, 168, 46, 109, 55, 175, 203, 238, 5, 251, 55, 3, 90, 100, 166,
       125, 140, 25, 217, 211, 64, 199, 255, 242, 16, 168, 224, 42, 26,
       197, 185, 157, 222, 201, 124, 52, 175, 170, 187, 162, 24, 222,
       246, 76, 251, 129, 87, 104, 16, 51, 73, 251, 113, 159, 187, 87,
       126, 144, 96, 131, 42, 117, 101, 196, 166, 158, 3, 78, 232, 20,
       226, 251, 235, 115, 96, 153, 144, 123, 196, 108, 254, 109, 242,
       207, 14, 184, 166, 165, 148, 237, 255, 122, 0, 57, 143, 107, 239,
       20, 70, 111, 252, 84, 68, 222, 130, 115, 101, 178, 96, 120, 238,
       23, 238, 200, 186, 117, 175, 247, 237, 162, 64, 55, 170, 116, 120,
       25, 13, 99, 239, 52, 194, 107, 112, 100, 64, 222, 230, 113, 103,
       176, 100, 126, 252, 23, 238, 201, 152, 45, 175, 244, 237, 170,
       128, 47, 130, 116, 248, 76, 148, 149, 183, 173, 110, 180, 135,
       190, 255, 66, 17, 205, 62, 10, 107, 193, 87, 249, 17, 52, 220, 91,
       162, 175, 247, 94, 71, 130, 125, 165, 66, 19, 91, 83, 175, 82,
       134, 170, 112, 36, 64, 90, 230, 125, 194, 176, 192, 126, 173, 22,
       239, 193, 152, 21, 253, 48, 172, 170, 128, 45, 130, 33, 185, 202,
       148, 244, 215, 203, 244, 185, 175, 159, 247, 15, 19, 200, 255, 78,
       207, 167, 87, 251, 144, 54, 73, 187, 231, 79, 123, 223, 79, 130,
       68, 141, 214, 34, 13, 18, 156, 87, 193, 178, 102, 31, 4, 120, 11,
       40, 152, 36, 132, 232, 187, 131, 65, 86, 186, 0, 255, 53, 4, 154,
       43, 17, 12, 127, 142, 213, 211, 95, 231, 162, 10, 111, 188, 36,
       128, 242, 224, 87, 119, 136, 115, 118, 213, 124, 234, 249, 144,
       45, 44, 240, 171, 103, 132, 44, 179, 225, 49, 10, 137, 51, 185,
       93, 197, 177, 230, 158, 21, 88, 19, 172, 253, 48, 68, 201, 59, 51,
       129, 66, 184, 82, 247, 109, 22, 154, 106, 82, 12, 181, 234, 124,
       65, 120, 199, 101, 91, 119, 180, 125, 36, 254, 8, 107, 127, 15,
       116, 58, 216, 238, 234, 72, 178, 121, 238, 247, 223, 1, 19, 98,
       191, 110, 110, 214, 108, 30, 184, 43, 227, 26, 232, 187, 134, 169,
       169, 78, 254, 39, 17, 255, 249, 207, 227, 44, 7, 138, 218, 241,
       246, 11, 59, 16, 119, 39, 87, 21, 95, 107, 163, 180, 11, 239, 250,
       100, 224, 219, 230, 83, 75, 185, 96, 126, 204, 31, 239, 201, 145,
       13, 63, 240, 237, 175, 148, 189, 251, 240, 176, 21, 71, 87, 231,
       118, 2, 111, 248, 125, 136, 123, 198, 93, 210, 185, 96, 118, 205,
       62, 238, 225, 177, 13, 206, 180, 174, 39, 132, 45, 243, 97, 161,
       10, 167, 164, 27, 217, 221, 52, 175, 255, 93, 76, 21, 172, 238,
       126, 198, 197, 11, 235, 20, 214, 73, 234, 247, 15, 119, 86, 107,
       146, 68, 141, 206, 2, 159, 154, 155, 123, 161, 188, 198, 159, 23,
       92, 183, 172, 195, 38, 69, 239, 43, 163, 132, 6, 216, 10, 243, 78,
       22, 154, 203, 154, 92, 173, 155, 13, 71, 106, 231, 244, 11, 238,
       248, 125, 160, 123, 230, 221, 235, 185, 64, 126, 237, 62, 238,
       192, 176, 13, 238, 246, 239, 167, 132, 108, 243, 97, 129, 60, 209,
       120, 197, 5, 91, 87, 248, 109, 36, 255, 8, 75, 95, 14, 116, 120,
       220, 207, 98, 72, 176, 121, 205, 247, 253, 129, 23, 99, 187, 70,
       118, 248, 96, 240, 104, 141, 93, 92, 77, 163, 181, 164, 25, 11,
       223, 86, 154, 169, 145, 249, 140, 92, 107, 250, 144, 219, 217, 85,
       125, 115, 132, 206, 66, 124, 164, 188, 224, 29, 118, 81, 200, 99,
       180, 173, 9, 91, 63, 75, 18, 233, 196, 249, 56, 10, 99, 251, 145,
       219, 205, 133, 61, 35, 99, 126, 66, 90, 185, 58, 188, 9, 217, 182,
       230, 190, 198, 142, 41, 174, 190, 98, 208, 232, 251, 235, 65, 76,
       235, 178, 248, 243, 247, 94, 59, 16, 92, 47, 222, 124, 121, 186,
       173, 157, 223, 150, 192, 190, 228, 238, 13, 143, 191, 35, 208,
       248, 253, 239, 99, 76, 19, 241, 158, 243, 245, 143, 63, 210, 126,
