%YAML:1.0
---
descriptors: !!opencv-matrix
   rows: 247
   cols: 32
   dt: u
   data: [ 67, 105, 1, 140, 59, 133, 10, 88, 143, 192, 153, 207, 236,
       199, 241, 230, 214, 49, 255, 239, 195, 3, 154, 221, 144, 20, 139,
       188, 30, 174, 49, 52, 214, 252, 22, 186, 139, 243, 150, 239, 191,
       146, 233, 50, 78, 246, 44, 245, 251, 251, 202, 163, 125, 79, 154,
       246, 185, 246, 94, 127, 217, 83, 175, 159, 229, 96, 209, 69, 84,
       15, 67, 216, 115, 160, 100, 8, 51, 83, 65, 52, 24, 204, 16, 252,
       11, 82, 248, 8, 93, 140, 133, 44, 67, 161, 66, 160, 108, 109, 153,
       101, 184, 47, 71, 186, 82, 170, 32, 72, 215, 51, 65, 57, 145, 124,
       112, 106, 105, 112, 249, 28, 229, 222, 69, 52, 208, 249, 66, 32,
       32, 44, 104, 109, 100, 107, 253, 55, 62, 102, 126, 160, 179, 37,
       146, 16, 11, 14, 102, 12, 74, 252, 225, 27, 70, 191, 118, 1, 100,
       200, 198, 235, 163, 83, 81, 76, 120, 31, 206, 120, 105, 232, 240,
       204, 91, 24, 149, 180, 30, 224, 86, 110, 229, 167, 100, 14, 54,
       24, 1, 184, 95, 191, 74, 133, 80, 185, 63, 254, 3, 196, 53, 119,
       172, 17, 238, 1, 60, 183, 34, 112, 162, 59, 89, 128, 18, 137, 178,
       101, 243, 175, 90, 67, 32, 0, 167, 107, 210, 154, 238, 148, 2,
       180, 185, 215, 132, 223, 150, 247, 41, 206, 230, 74, 111, 243,
       191, 149, 134, 207, 38, 225, 83, 99, 250, 143, 173, 196, 61, 93,
       91, 5, 103, 133, 19, 22, 110, 57, 37, 224, 223, 198, 73, 38, 154,
       247, 54, 197, 189, 238, 253, 145, 53, 204, 178, 107, 202, 132, 47,
       230, 41, 92, 12, 5, 180, 187, 133, 118, 53, 143, 94, 23, 79, 19,
       204, 115, 43, 207, 193, 10, 138, 0, 20, 216, 91, 224, 197, 247,
       214, 7, 146, 125, 173, 66, 8, 177, 17, 185, 139, 173, 33, 159, 30,
       57, 72, 84, 188, 147, 104, 204, 151, 27, 178, 16, 19, 120, 82,
       113, 141, 135, 62, 102, 24, 72, 129, 187, 65, 140, 31, 191, 32,
       172, 113, 39, 188, 27, 106, 17, 246, 179, 32, 67, 161, 35, 105,
       13, 48, 169, 19, 103, 201, 182, 82, 64, 200, 0, 161, 26, 55, 12,
       119, 254, 74, 163, 47, 96, 149, 2, 121, 130, 121, 103, 181, 121,
       126, 177, 23, 175, 32, 131, 46, 253, 80, 170, 234, 136, 53, 243,
       33, 160, 104, 59, 248, 102, 49, 78, 83, 17, 105, 140, 127, 8, 159,
       23, 67, 52, 148, 252, 69, 106, 200, 184, 240, 10, 243, 253, 36,
       168, 66, 162, 70, 51, 1, 64, 85, 205, 28, 71, 75, 56, 4, 192, 211,
       66, 247, 82, 176, 228, 90, 172, 30, 174, 73, 164, 117, 29, 132,
       174, 171, 20, 60, 170, 17, 32, 10, 184, 169, 251, 93, 245, 177,
       223, 31, 123, 84, 27, 188, 221, 122, 8, 157, 27, 147, 21, 178,
       126, 122, 243, 79, 87, 159, 111, 211, 12, 151, 243, 18, 97, 119,
       173, 10, 130, 184, 72, 174, 160, 203, 131, 29, 159, 96, 74, 166,
       53, 121, 229, 0, 129, 131, 208, 209, 232, 139, 238, 36, 134, 37,
       115, 89, 182, 190, 118, 41, 124, 85, 58, 227, 254, 191, 61, 255,
       247, 194, 54, 149, 245, 236, 34, 204, 69, 187, 21, 211, 251, 113,
       159, 98, 230, 14, 119, 244, 77, 214, 174, 45, 70, 86, 96, 177,
       134, 251, 3, 103, 248, 33, 215, 216, 245, 236, 99, 108, 231, 152,
       174, 177, 242, 71, 19, 97, 127, 108, 14, 234, 112, 208, 216, 105,
       253, 80, 206, 187, 59, 36, 24, 46, 151, 69, 159, 137, 185, 226,
       16, 35, 103, 210, 208, 31, 218, 85, 107, 210, 20, 206, 174, 26,
       124, 254, 84, 179, 218, 182, 230, 189, 134, 118, 163, 44, 191,
       167, 221, 162, 127, 239, 66, 96, 217, 36, 238, 115, 103, 86, 131,
       231, 117, 39, 239, 130, 192, 152, 153, 230, 129, 185, 205, 30, 21,
       64, 19, 132, 135, 110, 72, 223, 25, 19, 145, 66, 156, 66, 211, 13,
       22, 158, 230, 148, 24, 181, 235, 66, 223, 60, 188, 56, 132, 29,
       191, 142, 29, 92, 181, 172, 231, 42, 66, 199, 115, 173, 69, 210,
       9, 3, 117, 224, 247, 122, 219, 16, 16, 165, 91, 117, 83, 75, 110,
       182, 10, 79, 248, 97, 192, 255, 230, 115, 119, 191, 244, 126, 228,
       60, 238, 201, 179, 45, 12, 176, 237, 165, 128, 109, 179, 98, 113,
       109, 142, 173, 243, 172, 46, 205, 159, 142, 255, 191, 84, 215, 63,
       91, 107, 197, 71, 125, 29, 185, 64, 251, 34, 205, 255, 255, 244,
       136, 249, 209, 113, 76, 112, 149, 103, 13, 47, 167, 136, 174, 178,
       171, 76, 247, 113, 73, 11, 145, 68, 104, 106, 1, 241, 219, 40,
       205, 171, 103, 16, 200, 123, 67, 48, 45, 169, 245, 245, 54, 131,
       185, 232, 86, 176, 16, 34, 253, 249, 121, 33, 127, 121, 19, 233,
       194, 240, 10, 189, 73, 11, 239, 36, 85, 170, 81, 168, 117, 97,
       239, 70, 68, 78, 199, 101, 224, 234, 246, 10, 115, 245, 221, 55,
       56, 236, 116, 238, 73, 243, 172, 40, 115, 40, 229, 144, 97, 59,
       246, 224, 77, 224, 177, 227, 53, 141, 67, 156, 118, 169, 75, 72,
       215, 209, 88, 100, 16, 92, 125, 122, 75, 16, 217, 51, 237, 252,
       39, 124, 34, 130, 211, 32, 206, 129, 184, 165, 157, 76, 183, 141,
       202, 181, 134, 18, 140, 184, 74, 134, 200, 87, 249, 81, 18, 105,
       219, 226, 237, 117, 159, 127, 128, 28, 157, 10, 108, 175, 232, 42,
       220, 90, 66, 201, 83, 229, 237, 137, 67, 232, 94, 144, 89, 206,
       128, 124, 158, 122, 237, 51, 111, 109, 5, 125, 241, 239, 222, 196,
       252, 52, 29, 101, 186, 75, 87, 40, 120, 186, 37, 56, 214, 51, 137,
       51, 17, 84, 108, 42, 105, 117, 249, 14, 237, 235, 101, 52, 248,
       122, 70, 35, 137, 182, 30, 219, 252, 188, 248, 87, 255, 31, 117,
       20, 172, 139, 254, 13, 239, 43, 230, 28, 182, 126, 146, 241, 142,
       251, 126, 234, 218, 204, 235, 157, 17, 28, 75, 221, 150, 166, 111,
       119, 116, 64, 94, 198, 121, 231, 176, 96, 127, 174, 22, 172, 177,
       153, 52, 206, 126, 174, 175, 192, 175, 224, 240, 224, 92, 97, 150,
       37, 137, 14, 4, 175, 230, 160, 170, 8, 215, 243, 65, 146, 16, 68,
       104, 40, 73, 97, 211, 0, 177, 239, 101, 20, 72, 112, 11, 32, 9,
       147, 16, 249, 51, 157, 49, 159, 94, 25, 124, 100, 190, 147, 170,
       228, 213, 26, 142, 8, 87, 24, 99, 149, 143, 247, 48, 98, 26, 8,
       137, 173, 41, 57, 120, 69, 116, 95, 99, 48, 121, 172, 124, 8, 187,
       29, 149, 52, 30, 252, 70, 106, 201, 186, 245, 46, 103, 253, 32,
       32, 103, 171, 70, 189, 147, 158, 83, 145, 242, 178, 168, 115, 252,
       3, 82, 246, 125, 234, 176, 224, 119, 47, 46, 157, 181, 157, 53,
       206, 60, 46, 174, 192, 173, 192, 161, 149, 248, 77, 86, 238, 29,
       71, 82, 56, 21, 4, 242, 3, 107, 121, 33, 193, 216, 241, 173, 98,
       108, 167, 91, 191, 243, 235, 226, 25, 119, 175, 124, 10, 232, 213,
       57, 234, 237, 205, 21, 239, 142, 29, 169, 57, 190, 223, 40, 80,
       201, 19, 75, 0, 82, 43, 90, 151, 245, 145, 22, 127, 16, 26, 133,
       203, 105, 127, 121, 101, 100, 78, 239, 176, 121, 96, 126, 204,
       243, 61, 149, 48, 62, 108, 119, 110, 193, 176, 229, 77, 102, 191,
       98, 128, 77, 187, 83, 249, 114, 120, 126, 188, 45, 221, 84, 206,
       207, 28, 180, 11, 46, 220, 102, 27, 232, 251, 239, 3, 78, 107,
       154, 241, 179, 219, 85, 59, 80, 28, 238, 79, 40, 93, 58, 118, 112,
       204, 117, 55, 249, 76, 126, 8, 191, 147, 2, 112, 164, 58, 85, 8,
       192, 184, 48, 47, 231, 253, 48, 0, 64, 128, 199, 235, 63, 233, 97,
       102, 246, 19, 239, 252, 99, 224, 127, 234, 89, 77, 157, 180, 62,
       204, 23, 255, 219, 50, 45, 255, 126, 77, 173, 228, 127, 183, 210,
       113, 94, 61, 51, 186, 57, 237, 83, 232, 171, 12, 169, 9, 46, 223,
       33, 20, 162, 179, 221, 66, 10, 35, 154, 253, 219, 209, 3, 59, 82,
       7, 39, 115, 214, 244, 210, 154, 203, 243, 22, 237, 191, 147, 233,
       178, 76, 246, 44, 253, 255, 251, 255, 162, 124, 71, 138, 247, 185,
       182, 223, 255, 145, 115, 175, 151, 114, 185, 190, 184, 169, 221,
       84, 231, 191, 157, 164, 9, 174, 254, 102, 22, 205, 251, 237, 17,
       94, 75, 210, 245, 187, 211, 85, 123, 82, 12, 175, 79, 156, 221,
       166, 251, 220, 63, 191, 254, 22, 166, 219, 18, 241, 253, 59, 96,
       121, 222, 123, 227, 112, 183, 121, 187, 255, 199, 143, 21, 181,
       251, 181, 170, 9, 2, 87, 237, 102, 138, 105, 24, 111, 49, 82, 226,
