%YAML:1.0
---
descriptors: !!opencv-matrix
   rows: 324
   cols: 32
   dt: u
   data: [ 65, 137, 191, 89, 152, 204, 33, 151, 238, 65, 110, 64, 182,
       176, 192, 116, 1, 62, 104, 24, 19, 168, 179, 49, 77, 172, 52, 64,
       192, 128, 195, 40, 56, 133, 114, 253, 213, 243, 116, 251, 86, 0,
       110, 3, 81, 201, 61, 64, 121, 174, 162, 184, 108, 178, 17, 159,
       67, 239, 133, 5, 119, 236, 124, 138, 46, 176, 210, 88, 105, 253,
       112, 194, 91, 59, 116, 24, 14, 217, 110, 156, 169, 154, 130, 16,
       18, 126, 186, 211, 31, 94, 17, 111, 211, 77, 78, 166, 61, 199, 32,
       14, 252, 29, 199, 253, 87, 125, 189, 76, 99, 105, 190, 4, 153,
       202, 70, 111, 254, 35, 79, 55, 122, 79, 37, 124, 119, 255, 218,
       196, 118, 96, 243, 237, 70, 2, 239, 220, 105, 128, 250, 194, 123,
       107, 29, 82, 122, 205, 85, 235, 200, 179, 193, 232, 242, 252, 166,
       128, 101, 243, 98, 32, 213, 6, 239, 197, 70, 66, 239, 112, 116,
       194, 215, 226, 81, 174, 151, 99, 122, 196, 63, 175, 233, 245, 165,
       78, 84, 43, 234, 128, 37, 224, 117, 240, 1, 138, 27, 251, 108,
       165, 168, 223, 222, 25, 121, 64, 188, 211, 104, 96, 245, 43, 38,
       156, 19, 26, 10, 245, 141, 222, 58, 110, 152, 10, 161, 169, 243,
       81, 210, 236, 45, 22, 92, 113, 41, 10, 183, 90, 94, 30, 4, 254,
       254, 213, 253, 226, 77, 135, 241, 194, 147, 250, 218, 154, 11, 51,
       106, 23, 104, 251, 120, 96, 116, 221, 83, 17, 107, 172, 189, 8,
       155, 157, 66, 16, 156, 156, 69, 88, 202, 58, 224, 12, 127, 221,
       37, 121, 66, 138, 78, 35, 116, 193, 78, 172, 76, 10, 110, 232, 45,
       34, 242, 202, 91, 74, 44, 80, 122, 197, 46, 235, 72, 183, 77, 221,
       240, 170, 235, 20, 53, 187, 240, 0, 252, 77, 86, 174, 13, 70, 86,
       240, 145, 142, 250, 3, 103, 250, 33, 211, 216, 245, 236, 227, 108,
       231, 152, 174, 179, 243, 71, 19, 97, 127, 100, 10, 45, 181, 69,
       195, 212, 159, 226, 184, 95, 225, 127, 74, 243, 120, 220, 164, 25,
       206, 22, 123, 187, 248, 125, 191, 47, 223, 165, 116, 239, 139,
       216, 164, 10, 180, 169, 155, 85, 253, 177, 207, 31, 119, 93, 27,
       172, 253, 126, 4, 153, 27, 147, 17, 50, 62, 123, 247, 207, 87, 27,
       111, 211, 12, 149, 250, 2, 150, 56, 251, 180, 255, 59, 239, 31,
       57, 95, 80, 252, 255, 108, 96, 213, 27, 159, 16, 50, 152, 105,
       247, 111, 223, 63, 231, 146, 202, 141, 43, 175, 223, 96, 155, 252,
       159, 239, 252, 31, 64, 212, 223, 243, 204, 190, 229, 94, 202, 23,
       255, 255, 54, 124, 255, 46, 93, 175, 252, 127, 159, 216, 213, 33,
       93, 120, 101, 100, 142, 117, 182, 121, 234, 126, 76, 147, 23, 131,
       48, 132, 124, 86, 76, 193, 184, 113, 12, 103, 189, 36, 0, 74, 184,
       66, 121, 255, 219, 86, 154, 255, 18, 110, 252, 125, 208, 246, 254,
       75, 98, 175, 245, 126, 197, 174, 254, 253, 115, 125, 254, 190,
       123, 207, 78, 63, 191, 232, 21, 156, 220, 110, 251, 220, 79, 239,
       246, 22, 102, 222, 150, 209, 141, 179, 96, 125, 206, 123, 255,
       235, 183, 125, 190, 119, 143, 191, 208, 61, 251, 244, 248, 215,
       29, 155, 143, 218, 97, 191, 226, 60, 107, 251, 86, 253, 114, 169,
       96, 127, 227, 95, 254, 177, 19, 61, 239, 188, 39, 175, 132, 157,
       115, 163, 241, 56, 227, 225, 239, 117, 158, 234, 60, 99, 233, 124,
       70, 249, 237, 216, 160, 124, 252, 183, 205, 201, 186, 205, 141,
       239, 253, 175, 232, 111, 174, 114, 185, 201, 142, 159, 127, 169,
       190, 124, 191, 191, 95, 119, 85, 255, 255, 42, 219, 165, 103, 238,
       12, 119, 237, 59, 119, 239, 251, 116, 65, 194, 192, 175, 91, 72,
       217, 159, 126, 233, 220, 116, 247, 175, 91, 102, 16, 190, 183, 32,
       251, 165, 51, 254, 0, 83, 201, 178, 33, 215, 251, 84, 11, 2, 80,
       167, 11, 179, 206, 74, 219, 31, 147, 90, 222, 87, 70, 212, 182,
       107, 194, 190, 100, 127, 138, 150, 238, 238, 175, 111, 255, 178,
       239, 179, 139, 63, 156, 120, 204, 3, 191, 18, 153, 235, 153, 180,
       199, 159, 89, 88, 103, 172, 202, 110, 196, 231, 43, 162, 17, 87,
       27, 130, 241, 12, 20, 30, 235, 152, 12, 169, 159, 218, 88, 134,
       188, 15, 94, 84, 36, 185, 222, 162, 59, 239, 190, 39, 219, 225,
       245, 237, 227, 108, 71, 147, 232, 147, 227, 90, 19, 34, 117, 45,
       94, 65, 125, 191, 117, 180, 222, 245, 39, 248, 234, 110, 8, 190,
       184, 22, 51, 128, 63, 120, 9, 196, 248, 176, 76, 239, 187, 84, 3,
       64, 64, 135, 75, 80, 189, 63, 124, 147, 236, 49, 55, 172, 29, 110,
       16, 188, 183, 0, 113, 163, 63, 121, 0, 18, 201, 178, 109, 211,
       239, 82, 74, 0, 64, 167, 107, 121, 203, 70, 141, 114, 146, 110,
       252, 101, 140, 254, 231, 105, 98, 182, 213, 126, 228, 6, 238, 204,
       187, 45, 253, 50, 237, 167, 192, 55, 174, 104, 77, 216, 72, 158,
       188, 9, 68, 84, 6, 171, 151, 130, 17, 238, 190, 67, 90, 227, 117,
       237, 17, 12, 71, 147, 224, 211, 243, 94, 59, 144, 116, 45, 10, 34,
       177, 56, 248, 237, 249, 144, 79, 155, 21, 248, 57, 46, 221, 110,
       24, 201, 187, 131, 17, 22, 43, 66, 215, 31, 245, 16, 123, 211, 12,
       238, 222, 42, 153, 50, 222, 221, 237, 209, 71, 95, 13, 116, 27,
       46, 221, 36, 16, 201, 59, 147, 0, 50, 58, 82, 247, 87, 223, 16,
       123, 83, 8, 231, 203, 9, 34, 83, 193, 100, 159, 234, 80, 237, 40,
       254, 70, 153, 130, 149, 180, 126, 172, 94, 236, 129, 151, 225,
       200, 7, 253, 163, 160, 75, 131, 107, 181, 236, 127, 159, 229, 164,
       14, 71, 182, 184, 174, 34, 76, 215, 35, 65, 91, 149, 100, 104,
       124, 105, 252, 209, 42, 237, 211, 101, 16, 136, 240, 70, 56, 64,
       164, 153, 242, 153, 253, 73, 15, 186, 183, 173, 24, 215, 231, 72,
       219, 129, 158, 104, 24, 58, 79, 251, 23, 155, 215, 23, 125, 192,
       194, 143, 32, 65, 144, 191, 101, 16, 78, 241, 59, 125, 226, 230,
       20, 179, 61, 20, 115, 133, 20, 120, 44, 169, 253, 113, 14, 207,
       255, 81, 20, 200, 168, 64, 56, 65, 176, 145, 91, 168, 236, 33,
       135, 238, 91, 162, 80, 182, 242, 200, 126, 33, 54, 106, 24, 19,
       109, 187, 83, 141, 190, 86, 80, 200, 64, 129, 45, 53, 77, 110,
       253, 212, 199, 111, 114, 212, 192, 254, 2, 115, 243, 51, 64, 120,
       234, 19, 236, 233, 187, 114, 63, 99, 175, 166, 0, 61, 235, 112,
       224, 15, 255, 128, 154, 253, 53, 62, 238, 158, 222, 156, 191, 236,
       232, 63, 197, 221, 99, 155, 167, 246, 67, 92, 255, 60, 23, 207,
       255, 158, 127, 185, 223, 117, 164, 216, 100, 80, 15, 75, 216, 115,
       160, 45, 8, 19, 211, 67, 48, 25, 204, 16, 184, 43, 82, 248, 10,
       95, 141, 165, 60, 160, 163, 66, 162, 21, 77, 111, 253, 148, 134,
       239, 114, 244, 196, 254, 6, 113, 227, 176, 97, 120, 228, 63, 238,
       233, 177, 53, 110, 113, 175, 166, 128, 109, 250, 113, 240, 85,
       241, 185, 172, 188, 76, 80, 159, 106, 217, 170, 8, 151, 252, 81,
       114, 150, 213, 124, 61, 159, 97, 243, 0, 251, 253, 39, 92, 224,
       240, 2, 66, 117, 143, 77, 109, 52, 46, 79, 184, 97, 200, 254, 228,
       243, 97, 145, 115, 22, 230, 76, 110, 185, 160, 109, 47, 232, 237,
       33, 192, 109, 163, 114, 49, 25, 117, 33, 232, 49, 143, 71, 121,
       37, 104, 232, 76, 223, 87, 1, 52, 20, 188, 93, 110, 233, 146, 112,
       30, 225, 188, 1, 48, 50, 146, 6, 112, 90, 89, 142, 190, 11, 180,
       22, 102, 164, 202, 202, 167, 236, 254, 35, 194, 236, 247, 249,
       199, 12, 203, 146, 233, 243, 103, 222, 155, 168, 119, 41, 91, 98,
       108, 254, 190, 109, 221, 86, 76, 159, 62, 177, 11, 110, 254, 103,
       219, 201, 253, 239, 67, 110, 99, 218, 249, 155, 114, 79, 63, 145,
       127, 126, 198, 219, 81, 101, 69, 99, 90, 109, 53, 105, 234, 150,
       230, 121, 14, 159, 247, 38, 197, 253, 239, 229, 212, 165, 200, 54,
       122, 238, 128, 47, 180, 88, 125, 119, 98, 241, 103, 36, 46, 202,
       24, 99, 169, 251, 206, 83, 72, 220, 62, 94, 205, 117, 255, 137,
       242, 221, 192, 150, 254, 225, 148, 101, 171, 114, 36, 122, 189,
       50, 184, 255, 209, 84, 230, 159, 127, 184, 171, 46, 159, 102, 212,
       203, 251, 239, 65, 110, 75, 194, 245, 187, 112, 158, 187, 150, 93,
