%YAML:1.0
---
descriptors: !!opencv-matrix
   rows: 338
   cols: 32
   dt: u
   data: [ 235, 171, 80, 87, 109, 157, 100, 55, 235, 41, 54, 92, 170,
       152, 214, 182, 136, 170, 226, 12, 199, 122, 242, 251, 46, 124, 20,
       59, 74, 140, 202, 141, 109, 65, 225, 103, 230, 26, 111, 152, 97,
       224, 126, 238, 83, 109, 157, 182, 94, 196, 54, 254, 221, 178, 237,
       72, 38, 108, 229, 132, 239, 247, 210, 245, 93, 197, 83, 231, 83,
       15, 126, 248, 116, 8, 122, 66, 95, 235, 41, 240, 54, 221, 110,
       106, 69, 177, 25, 110, 247, 239, 39, 4, 107, 251, 73, 128, 57, 77,
       123, 238, 84, 199, 95, 117, 84, 0, 220, 3, 115, 249, 48, 96, 120,
       168, 22, 234, 104, 179, 48, 191, 243, 239, 167, 1, 53, 186, 240,
       194, 216, 204, 102, 238, 5, 86, 126, 240, 116, 14, 215, 3, 121,
       59, 49, 195, 120, 212, 189, 235, 236, 191, 57, 175, 243, 235, 234,
       129, 39, 167, 124, 10, 172, 229, 109, 71, 228, 75, 231, 189, 119,
       118, 247, 152, 211, 117, 156, 53, 123, 222, 102, 110, 123, 244,
       237, 23, 111, 235, 101, 20, 99, 250, 198, 242, 146, 212, 22, 186,
       139, 226, 150, 239, 191, 3, 233, 50, 76, 246, 40, 217, 251, 251,
       203, 163, 125, 79, 26, 246, 185, 246, 94, 127, 177, 80, 167, 31,
       108, 25, 250, 69, 180, 94, 103, 49, 101, 172, 126, 8, 219, 53,
       151, 52, 30, 116, 108, 106, 217, 176, 241, 8, 231, 253, 37, 16,
       227, 186, 70, 33, 242, 76, 150, 164, 5, 70, 86, 236, 177, 142,
       250, 3, 103, 242, 33, 87, 248, 245, 236, 99, 108, 231, 144, 170,
       177, 242, 71, 19, 33, 127, 62, 14, 170, 176, 185, 187, 93, 237,
       177, 207, 31, 85, 84, 31, 172, 221, 126, 8, 221, 27, 147, 17, 50,
       58, 122, 247, 79, 87, 27, 111, 211, 12, 149, 250, 63, 102, 234,
       40, 246, 191, 206, 218, 86, 167, 216, 231, 3, 200, 183, 0, 91,
       104, 19, 61, 142, 179, 12, 154, 96, 77, 143, 164, 253, 255, 120,
       197, 138, 157, 56, 251, 245, 213, 187, 255, 31, 9, 92, 50, 188,
       255, 40, 100, 213, 27, 151, 17, 51, 152, 107, 255, 239, 215, 190,
       195, 146, 12, 181, 187, 169, 93, 58, 101, 116, 206, 117, 55, 104,
       232, 118, 0, 190, 23, 3, 48, 132, 52, 86, 72, 225, 184, 48, 14,
       103, 253, 52, 0, 66, 144, 66, 251, 223, 223, 236, 191, 180, 176,
       111, 183, 21, 222, 223, 119, 105, 104, 187, 73, 125, 230, 63, 127,
       254, 220, 77, 175, 254, 111, 255, 196, 191, 255, 248, 69, 94, 9,
       138, 174, 27, 224, 26, 66, 164, 132, 206, 135, 233, 239, 35, 64,
       120, 247, 233, 195, 12, 139, 146, 105, 209, 231, 138, 9, 173, 103,
       44, 90, 85, 206, 239, 215, 44, 90, 238, 176, 232, 242, 151, 198,
       211, 104, 157, 99, 42, 196, 125, 111, 233, 229, 237, 47, 134, 251,
       227, 148, 108, 251, 81, 116, 90, 25, 142, 190, 11, 228, 22, 38,
       164, 198, 202, 135, 236, 254, 35, 66, 228, 247, 233, 195, 12, 139,
       147, 109, 209, 231, 218, 11, 40, 119, 45, 90, 122, 13, 247, 206,
       191, 98, 159, 238, 219, 164, 190, 10, 110, 253, 53, 166, 255, 247,
       253, 227, 104, 107, 169, 238, 59, 62, 207, 191, 199, 255, 117,
       106, 41, 14, 123, 231, 116, 219, 111, 50, 117, 194, 127, 232, 187,
       41, 145, 176, 90, 236, 22, 14, 233, 184, 100, 174, 230, 255, 32,
       128, 110, 234, 82, 233, 159, 82, 86, 161, 50, 2, 42, 80, 60, 160,
       83, 231, 93, 3, 169, 200, 54, 29, 166, 246, 225, 148, 13, 78, 132,
       167, 43, 132, 45, 163, 41, 145, 17, 77, 111, 239, 148, 134, 239,
       117, 116, 192, 254, 198, 115, 231, 185, 96, 126, 236, 55, 234,
       201, 177, 53, 238, 243, 239, 166, 128, 109, 250, 240, 184, 86, 92,
       140, 183, 172, 34, 79, 156, 158, 182, 138, 135, 213, 35, 123, 75,
       103, 199, 61, 199, 8, 65, 219, 224, 212, 163, 255, 148, 172, 251,
       145, 18, 94, 185, 186, 186, 155, 253, 17, 193, 175, 221, 168, 9,
       46, 254, 102, 18, 165, 243, 237, 17, 30, 75, 186, 241, 219, 213,
       15, 123, 192, 70, 167, 87, 196, 50, 21, 193, 78, 14, 233, 216,
       108, 184, 179, 110, 220, 18, 201, 191, 122, 149, 110, 250, 113,
       119, 169, 196, 157, 0, 235, 228, 1, 33, 35, 161, 169, 175, 12,
       249, 236, 153, 237, 255, 95, 127, 116, 26, 173, 136, 242, 37, 75,
       42, 6, 28, 246, 126, 102, 183, 254, 209, 255, 237, 22, 140, 221,
       237, 1, 153, 191, 108, 131, 205, 53, 119, 172, 77, 110, 4, 190,
       183, 32, 48, 166, 51, 122, 4, 83, 185, 50, 101, 241, 189, 22, 66,
       72, 2, 167, 251, 173, 70, 237, 247, 172, 107, 237, 153, 214, 246,
       179, 246, 209, 109, 221, 107, 75, 100, 126, 46, 225, 244, 111, 40,
       68, 138, 247, 148, 133, 249, 84, 120, 45, 121, 189, 111, 108, 15,
       67, 184, 64, 232, 103, 72, 211, 53, 1, 59, 220, 92, 113, 122, 217,
       240, 249, 44, 205, 186, 69, 52, 192, 187, 82, 178, 65, 233, 59,
       75, 20, 206, 103, 180, 108, 64, 110, 0, 182, 16, 128, 116, 48, 44,
       90, 106, 65, 184, 181, 61, 229, 172, 32, 64, 72, 18, 195, 40, 108,
       109, 153, 109, 184, 47, 79, 152, 82, 170, 41, 72, 215, 51, 65, 57,
       145, 92, 124, 106, 105, 112, 249, 26, 229, 158, 37, 52, 208, 251,
       194, 34, 236, 127, 157, 229, 164, 14, 103, 182, 48, 170, 42, 76,
       215, 35, 65, 90, 133, 100, 108, 126, 121, 244, 217, 42, 237, 146,
       101, 20, 136, 248, 66, 56, 128, 132, 59, 249, 180, 228, 121, 55,
       30, 95, 94, 18, 189, 183, 50, 97, 215, 59, 23, 136, 178, 156, 51,
       215, 205, 255, 186, 192, 148, 136, 165, 251, 11, 35, 87, 201, 69,
       158, 233, 113, 45, 104, 255, 70, 153, 131, 148, 180, 110, 140, 94,
       236, 209, 178, 241, 212, 151, 248, 131, 36, 107, 130, 98, 180,
       153, 67, 93, 237, 36, 159, 232, 93, 109, 120, 242, 198, 155, 10,
       148, 229, 46, 133, 110, 236, 199, 180, 103, 213, 134, 249, 34,
       132, 127, 136, 73, 157, 81, 74, 236, 173, 44, 27, 232, 24, 111,
       232, 246, 231, 255, 40, 151, 104, 126, 236, 126, 77, 141, 180,
       197, 156, 134, 255, 115, 144, 125, 173, 88, 21, 205, 6, 173, 241,
       172, 46, 237, 159, 190, 255, 59, 84, 211, 39, 209, 106, 205, 70,
       125, 28, 185, 116, 235, 2, 205, 255, 255, 244, 128, 249, 209, 241,
       128, 140, 31, 117, 16, 174, 105, 39, 188, 23, 98, 21, 247, 35, 0,
       91, 133, 55, 104, 12, 48, 252, 83, 15, 197, 182, 82, 64, 192, 128,
       133, 58, 189, 205, 183, 110, 141, 95, 79, 252, 118, 218, 226, 8,
       211, 113, 57, 185, 89, 196, 100, 126, 233, 112, 123, 58, 251, 235,
       101, 20, 217, 251, 226, 48, 76, 52, 149, 119, 140, 111, 167, 48,
       238, 178, 171, 84, 247, 113, 73, 11, 145, 118, 104, 42, 97, 225,
       219, 40, 205, 174, 119, 16, 200, 123, 65, 42, 56, 49, 115, 97, 87,
       195, 179, 105, 119, 224, 255, 42, 89, 221, 164, 48, 122, 189, 151,
       161, 129, 178, 61, 223, 126, 204, 33, 103, 111, 174, 102, 242,
       185, 78, 110, 236, 84, 18, 231, 120, 116, 198, 246, 199, 83, 233,
       179, 81, 120, 236, 6, 238, 232, 183, 37, 142, 114, 239, 227, 4,
       127, 184, 112, 208, 196, 23, 223, 101, 226, 106, 55, 16, 120, 202,
       123, 116, 223, 119, 136, 114, 182, 117, 108, 50, 177, 240, 129,
       74, 228, 174, 102, 134, 236, 243, 163, 49, 50, 141, 122, 232, 213,
       67, 254, 111, 93, 4, 252, 3, 9, 185, 54, 0, 248, 153, 147, 161,
       88, 187, 16, 222, 115, 220, 131, 107, 85, 14, 246, 170, 117, 213,
       101, 207, 214, 70, 111, 185, 117, 230, 223, 66, 83, 124, 153, 117,
       120, 212, 54, 235, 233, 178, 125, 142, 53, 238, 231, 4, 39, 243,
       244, 244, 24, 159, 106, 173, 244, 170, 99, 119, 101, 77, 254, 231,
       107, 47, 182, 80, 126, 238, 15, 236, 157, 186, 37, 239, 254, 237,
       170, 128, 189, 230, 240, 89, 66, 134, 210, 152, 237, 232, 248, 71,
       175, 23, 248, 51, 172, 138, 100, 216, 235, 131, 239, 145, 30, 47,
       66, 211, 156, 150, 218, 75, 148, 72, 173, 78, 69, 252, 188, 246,
       137, 36, 93, 190, 178, 214, 142, 29, 247, 247, 91, 59, 133, 215,
       121, 140, 106, 111, 251, 59, 235, 159, 85, 124, 136, 112, 161, 90,
       174, 188, 240, 216, 237, 253, 240, 202, 91, 59, 116, 26, 8, 221,
       100, 156, 201, 155, 131, 16, 18, 126, 218, 243, 31, 92, 17, 111,
