%YAML:1.0
---
descriptors: !!opencv-matrix
   rows: 347
   cols: 32
   dt: u
   data: [ 89, 176, 62, 50, 170, 208, 61, 191, 166, 219, 143, 185, 255,
       247, 202, 118, 39, 119, 253, 156, 66, 73, 171, 17, 219, 231, 127,
       159, 162, 198, 167, 107, 62, 253, 89, 238, 219, 69, 87, 236, 19,
       52, 172, 42, 127, 255, 105, 16, 219, 219, 211, 226, 74, 11, 90,
       191, 251, 197, 133, 63, 51, 123, 134, 186, 91, 85, 123, 236, 47,
       83, 223, 121, 125, 228, 223, 139, 223, 127, 23, 224, 54, 213, 253,
       239, 205, 51, 117, 220, 243, 251, 235, 181, 55, 182, 45, 115, 142,
       248, 179, 243, 239, 201, 181, 196, 159, 53, 20, 59, 140, 159, 105,
       8, 171, 25, 179, 82, 66, 124, 58, 241, 207, 209, 30, 111, 146, 29,
       133, 251, 218, 56, 151, 180, 139, 232, 52, 199, 175, 183, 162, 57,
       174, 191, 97, 219, 163, 119, 235, 17, 32, 205, 146, 224, 153, 242,
       94, 27, 130, 116, 167, 42, 1, 249, 123, 79, 116, 221, 239, 180,
       124, 64, 126, 64, 179, 84, 156, 52, 126, 56, 70, 74, 195, 184,
       117, 63, 37, 252, 34, 0, 69, 154, 70, 253, 106, 129, 40, 158, 29,
       221, 145, 111, 143, 117, 140, 25, 174, 221, 50, 0, 200, 179, 251,
       1, 91, 43, 114, 245, 211, 81, 154, 123, 82, 12, 157, 122, 64, 172,
       157, 249, 153, 236, 20, 143, 154, 19, 136, 16, 174, 182, 72, 106,
       129, 83, 232, 16, 18, 73, 211, 227, 205, 183, 94, 123, 144, 64,
       133, 42, 5, 221, 210, 95, 246, 153, 166, 232, 126, 66, 122, 226,
       113, 248, 191, 97, 122, 235, 38, 195, 231, 176, 14, 249, 54, 42,
       103, 128, 125, 251, 105, 133, 220, 113, 187, 230, 169, 77, 95,
       216, 166, 190, 165, 8, 223, 215, 105, 43, 148, 125, 253, 106, 64,
       67, 186, 8, 243, 217, 103, 60, 66, 243, 39, 99, 157, 199, 67, 221,
       82, 150, 111, 248, 55, 6, 106, 198, 121, 231, 189, 212, 127, 232,
       51, 238, 235, 146, 63, 255, 55, 175, 167, 132, 55, 183, 96, 224,
       222, 118, 208, 35, 162, 170, 126, 132, 63, 39, 123, 245, 79, 207,
       206, 148, 183, 95, 229, 82, 78, 148, 141, 114, 166, 245, 52, 131,
       239, 215, 142, 25, 39, 119, 225, 77, 246, 191, 239, 216, 95, 200,
       125, 230, 89, 118, 157, 36, 62, 120, 22, 238, 193, 176, 108, 206,
       36, 12, 167, 132, 127, 251, 66, 245, 50, 140, 107, 185, 54, 227,
       171, 230, 20, 1, 218, 179, 49, 173, 48, 64, 123, 186, 19, 145, 58,
       191, 5, 63, 252, 38, 186, 65, 181, 200, 244, 184, 125, 11, 16,
       236, 61, 29, 74, 88, 133, 168, 189, 72, 239, 83, 161, 180, 94,
       184, 222, 106, 73, 35, 72, 159, 146, 221, 35, 184, 122, 175, 75,
       33, 56, 195, 121, 111, 116, 15, 127, 253, 85, 40, 117, 106, 83,
       93, 184, 48, 62, 152, 23, 234, 200, 182, 72, 31, 103, 201, 161,
       164, 119, 186, 210, 161, 233, 43, 136, 85, 85, 158, 104, 23, 123,
       169, 102, 88, 171, 32, 214, 244, 192, 174, 44, 28, 236, 152, 245,
       138, 142, 253, 148, 33, 10, 132, 218, 12, 156, 207, 57, 170, 136,
       109, 87, 248, 134, 182, 140, 33, 215, 231, 105, 66, 121, 211, 79,
       98, 120, 3, 106, 50, 249, 197, 175, 61, 178, 251, 133, 99, 56,
       223, 70, 96, 145, 159, 86, 255, 37, 44, 174, 175, 75, 35, 166,
       212, 124, 134, 205, 238, 88, 139, 17, 191, 250, 237, 132, 87, 59,
       158, 248, 92, 17, 20, 63, 127, 48, 238, 97, 49, 124, 65, 227, 80,
       215, 55, 8, 112, 149, 53, 76, 40, 185, 188, 113, 31, 205, 239,
       114, 80, 64, 0, 69, 32, 129, 220, 55, 93, 36, 222, 237, 182, 221,
       74, 114, 64, 251, 60, 180, 229, 234, 51, 62, 72, 225, 173, 55,
       255, 165, 250, 242, 0, 80, 152, 101, 125, 120, 249, 56, 106, 123,
       205, 86, 244, 227, 64, 172, 8, 63, 219, 64, 48, 170, 185, 213, 66,
       75, 43, 154, 53, 243, 205, 36, 123, 122, 2, 78, 155, 194, 50, 182,
       148, 227, 114, 56, 7, 187, 151, 3, 243, 140, 174, 70, 255, 167,
       119, 249, 145, 180, 221, 134, 192, 156, 114, 223, 199, 132, 100,
       175, 71, 25, 213, 66, 13, 149, 146, 71, 191, 117, 77, 206, 102,
       123, 51, 186, 228, 112, 206, 172, 236, 221, 152, 53, 191, 226,
       239, 166, 64, 63, 150, 248, 124, 87, 94, 143, 167, 160, 38, 126,
       144, 168, 250, 139, 229, 213, 110, 83, 90, 183, 197, 125, 183,
       157, 209, 157, 64, 216, 174, 239, 196, 168, 119, 41, 81, 223, 60,
       190, 214, 105, 52, 57, 210, 171, 219, 190, 29, 252, 255, 95, 127,
       231, 247, 255, 149, 168, 71, 242, 224, 211, 251, 218, 155, 138,
       245, 47, 117, 120, 190, 212, 250, 171, 184, 16, 71, 187, 159, 177,
       41, 175, 251, 66, 155, 135, 51, 237, 16, 30, 111, 194, 161, 218,
       243, 80, 123, 226, 64, 142, 3, 114, 34, 42, 168, 76, 75, 152, 72,
       140, 37, 209, 171, 135, 140, 50, 8, 232, 157, 223, 1, 8, 35, 193,
       144, 213, 1, 154, 249, 21, 12, 54, 106, 121, 249, 154, 178, 157,
       221, 86, 215, 235, 249, 172, 13, 191, 153, 66, 146, 161, 239, 236,
       80, 79, 107, 154, 33, 251, 221, 21, 123, 202, 18, 139, 11, 84,
       122, 158, 182, 170, 4, 63, 144, 160, 174, 135, 173, 253, 231, 195,
       91, 39, 245, 109, 214, 72, 197, 139, 104, 216, 195, 239, 145, 40,
       243, 37, 89, 2, 147, 106, 217, 100, 133, 184, 67, 31, 89, 80, 231,
       172, 142, 182, 72, 238, 57, 151, 133, 210, 26, 2, 213, 4, 24, 186,
       203, 29, 12, 45, 223, 109, 124, 81, 86, 227, 235, 103, 246, 121,
       170, 126, 40, 126, 49, 133, 188, 51, 254, 118, 106, 65, 60, 248,
       238, 55, 158, 85, 50, 106, 251, 66, 47, 216, 94, 63, 188, 50, 134,
       31, 182, 180, 14, 246, 225, 111, 231, 9, 81, 54, 247, 237, 227,
       106, 199, 3, 111, 241, 227, 46, 137, 32, 240, 39, 123, 95, 28,
       254, 247, 167, 126, 123, 26, 125, 230, 255, 178, 223, 127, 219,
       127, 127, 255, 255, 191, 184, 240, 253, 234, 207, 255, 127, 129,
       167, 231, 37, 113, 180, 79, 105, 167, 230, 11, 239, 244, 116, 174,
       218, 231, 227, 41, 211, 1, 125, 206, 15, 239, 232, 190, 109, 46,
       252, 76, 231, 132, 101, 251, 244, 233, 213, 60, 159, 181, 168,
       110, 17, 2, 184, 254, 130, 21, 214, 190, 67, 75, 229, 119, 125,
       23, 45, 197, 147, 32, 193, 163, 127, 16, 136, 113, 35, 82, 173,
       117, 123, 101, 240, 94, 115, 49, 121, 204, 119, 24, 223, 87, 138,
       49, 182, 28, 84, 106, 241, 180, 177, 14, 231, 253, 33, 68, 66,
       161, 70, 243, 122, 7, 110, 228, 87, 18, 250, 120, 23, 164, 254,
       143, 73, 169, 54, 68, 126, 221, 183, 239, 204, 179, 173, 222, 251,
       253, 139, 135, 39, 174, 124, 71, 188, 253, 122, 235, 213, 223,
       254, 244, 117, 236, 246, 11, 123, 253, 59, 209, 120, 254, 159,
       251, 254, 187, 125, 254, 255, 233, 167, 65, 119, 190, 254, 218,
       58, 39, 110, 237, 127, 83, 251, 120, 15, 228, 222, 163, 109, 239,
       182, 100, 126, 253, 255, 227, 196, 179, 173, 222, 119, 253, 171,
       151, 39, 166, 117, 239, 192, 184, 152, 56, 43, 205, 16, 143, 190,
       63, 164, 57, 190, 157, 66, 27, 135, 19, 237, 17, 38, 109, 210, 51,
       219, 211, 116, 123, 208, 8, 143, 27, 83, 249, 131, 182, 27, 140,
       28, 230, 171, 113, 136, 205, 175, 182, 64, 150, 167, 231, 253,
       197, 79, 75, 154, 241, 185, 244, 30, 58, 8, 20, 35, 92, 19, 91,
       46, 190, 60, 195, 183, 108, 142, 204, 208, 39, 244, 220, 51, 67,
       232, 105, 59, 71, 206, 195, 46, 189, 240, 33, 239, 139, 20, 58,
       53, 211, 82, 191, 254, 190, 203, 176, 190, 199, 175, 6, 90, 167,
       109, 174, 102, 206, 167, 247, 239, 129, 134, 9, 135, 227, 30, 118,
       30, 131, 167, 86, 173, 95, 232, 188, 156, 188, 169, 173, 16, 143,
       158, 154, 168, 25, 182, 241, 97, 91, 197, 123, 236, 16, 126, 111,
       218, 51, 201, 243, 117, 123, 144, 104, 12, 27, 195, 30, 151, 158,
       171, 172, 56, 7, 191, 219, 3, 245, 172, 230, 96, 207, 167, 103,
       235, 21, 55, 77, 138, 243, 156, 50, 90, 218, 152, 68, 137, 85, 9,
       153, 191, 53, 160, 206, 53, 55, 236, 200, 110, 1, 191, 183, 0,
       114, 164, 119, 125, 9, 209, 248, 176, 13, 229, 255, 118, 0, 200,
       112, 135, 123, 149, 134, 221, 215, 150, 62, 102, 188, 127, 147,
       127, 86, 253, 99, 153, 239, 119, 194, 46, 126, 243, 244, 61, 239,
