%YAML:1.0
---
descriptors: !!opencv-matrix
   rows: 269
   cols: 32
   dt: u
   data: [ 100, 164, 185, 115, 249, 237, 81, 11, 186, 183, 45, 24, 150,
       181, 72, 58, 129, 30, 96, 16, 58, 104, 250, 18, 205, 158, 21, 127,
       192, 64, 198, 226, 23, 151, 119, 3, 178, 139, 107, 189, 45, 105,
       127, 229, 223, 103, 138, 244, 54, 43, 30, 252, 145, 152, 45, 92,
       168, 156, 39, 196, 254, 134, 163, 117, 57, 125, 107, 108, 84, 71,
       207, 124, 65, 72, 124, 70, 51, 93, 180, 49, 124, 136, 22, 238,
       201, 178, 52, 29, 119, 233, 160, 0, 127, 155, 114, 240, 79, 149,
       103, 67, 178, 130, 111, 189, 97, 192, 223, 228, 217, 103, 152,
       245, 54, 231, 93, 253, 241, 152, 173, 93, 110, 41, 175, 196, 46,
       134, 227, 49, 218, 248, 190, 62, 11, 208, 27, 160, 178, 22, 134,
       145, 255, 214, 74, 115, 167, 119, 249, 210, 110, 77, 186, 103,
       217, 225, 30, 91, 32, 5, 39, 106, 211, 236, 3, 186, 27, 205, 8,
       230, 191, 83, 128, 153, 174, 150, 96, 223, 161, 163, 249, 149, 47,
       79, 154, 247, 185, 242, 222, 123, 16, 4, 39, 110, 75, 48, 157,
       190, 104, 60, 152, 31, 170, 91, 49, 124, 252, 254, 94, 170, 135,
       19, 127, 5, 135, 71, 210, 193, 148, 223, 122, 186, 140, 68, 11,
       159, 187, 221, 107, 207, 93, 151, 254, 244, 69, 64, 254, 143, 121,
       79, 54, 101, 126, 245, 223, 239, 237, 183, 117, 255, 119, 121,
       138, 128, 63, 190, 112, 222, 252, 113, 248, 102, 173, 93, 87, 216,
       211, 234, 181, 24, 123, 221, 95, 63, 156, 252, 221, 106, 236, 103,
       248, 162, 243, 217, 69, 63, 106, 191, 94, 115, 252, 232, 137, 242,
       220, 79, 71, 141, 50, 168, 160, 8, 151, 149, 81, 48, 153, 252,
       117, 91, 75, 126, 216, 32, 249, 133, 173, 124, 192, 56, 214, 42,
       231, 92, 173, 254, 236, 100, 255, 184, 158, 254, 151, 151, 245,
       255, 59, 107, 221, 247, 63, 239, 233, 71, 251, 251, 247, 171, 239,
       188, 156, 251, 181, 115, 244, 196, 157, 225, 12, 111, 69, 157, 18,
       59, 163, 24, 87, 51, 8, 123, 177, 84, 89, 106, 41, 117, 121, 18,
       215, 171, 113, 52, 80, 120, 196, 162, 21, 198, 2, 255, 20, 54,
       110, 163, 212, 2, 219, 214, 243, 98, 184, 225, 125, 230, 30, 175,
       173, 148, 77, 175, 164, 239, 254, 0, 60, 248, 248, 0, 37, 188,
       179, 218, 245, 239, 227, 201, 91, 153, 249, 10, 126, 249, 45, 53,
       249, 235, 2, 154, 99, 243, 58, 253, 125, 26, 7, 42, 209, 107, 99,
       162, 163, 104, 101, 89, 71, 152, 232, 7, 127, 115, 243, 242, 168,
       136, 148, 237, 106, 172, 122, 153, 231, 252, 231, 208, 4, 56, 210,
       66, 103, 140, 249, 172, 85, 14, 202, 183, 150, 34, 110, 182, 117,
       131, 222, 247, 241, 99, 187, 83, 127, 230, 14, 172, 188, 218, 77,
       238, 252, 239, 182, 128, 172, 241, 104, 8, 98, 254, 147, 158, 237,
       241, 188, 223, 155, 223, 156, 28, 172, 238, 114, 14, 207, 123,
       127, 25, 7, 79, 242, 227, 221, 86, 158, 251, 132, 92, 151, 253,
       186, 68, 215, 189, 221, 106, 254, 47, 159, 130, 251, 18, 105, 251,
       36, 79, 121, 254, 47, 170, 56, 252, 203, 234, 103, 254, 214, 3,
       247, 125, 240, 162, 79, 252, 231, 215, 225, 148, 63, 253, 191,
       255, 215, 161, 252, 255, 223, 127, 247, 247, 255, 159, 246, 95,
       191, 243, 255, 127, 255, 198, 134, 246, 183, 127, 165, 197, 61,
       251, 188, 199, 223, 252, 222, 115, 157, 26, 215, 253, 121, 33,
       221, 146, 27, 127, 251, 39, 123, 63, 239, 139, 231, 124, 148, 91,
       208, 234, 147, 74, 19, 222, 52, 149, 203, 112, 149, 8, 213, 226,
       123, 198, 181, 100, 126, 184, 22, 206, 201, 171, 42, 255, 178,
       254, 162, 136, 63, 187, 49, 189, 37, 75, 99, 69, 116, 11, 239, 48,
       101, 232, 122, 198, 211, 69, 149, 52, 122, 236, 22, 238, 201, 176,
       101, 44, 36, 172, 161, 128, 111, 187, 114, 181, 48, 207, 127, 108,
       186, 195, 199, 120, 196, 0, 254, 98, 115, 198, 160, 113, 126, 244,
       78, 234, 233, 163, 44, 61, 240, 169, 33, 24, 113, 179, 100, 33,
       218, 30, 239, 124, 51, 246, 90, 54, 49, 206, 222, 183, 105, 127,
       183, 117, 247, 247, 189, 165, 173, 207, 37, 239, 250, 127, 250,
       131, 39, 229, 124, 95, 207, 252, 250, 122, 249, 253, 127, 255,
       255, 95, 254, 61, 232, 255, 94, 245, 255, 223, 255, 151, 246, 95,
       251, 247, 255, 127, 223, 235, 230, 213, 239, 223, 37, 51, 249, 65,
       118, 123, 227, 88, 123, 229, 127, 170, 27, 60, 221, 52, 62, 156,
       22, 184, 145, 178, 229, 192, 31, 13, 33, 230, 231, 234, 70, 245,
       19, 86, 107, 205, 118, 146, 239, 116, 108, 76, 222, 231, 121, 12,
       182, 96, 126, 185, 151, 239, 205, 178, 37, 207, 118, 109, 170,
       128, 45, 150, 117, 253, 51, 243, 107, 237, 118, 19, 235, 125, 85,
       232, 254, 230, 113, 205, 180, 32, 126, 236, 23, 237, 201, 187, 37,
       157, 126, 109, 175, 128, 125, 170, 112, 249, 181, 204, 237, 255,
       156, 39, 79, 186, 82, 178, 180, 90, 83, 121, 217, 43, 89, 214,
       125, 234, 249, 103, 123, 62, 249, 207, 229, 124, 253, 249, 240,
       32, 93, 219, 255, 237, 54, 2, 111, 248, 52, 232, 222, 230, 93,
       103, 185, 96, 118, 197, 61, 238, 201, 145, 45, 207, 240, 239, 171,
       132, 45, 179, 33, 113, 158, 169, 244, 203, 189, 153, 95, 237, 175,
       61, 157, 159, 239, 253, 222, 4, 190, 251, 255, 93, 154, 41, 106,
       247, 187, 221, 133, 255, 150, 159, 214, 119, 122, 185, 227, 92,
       203, 245, 221, 199, 187, 95, 248, 31, 40, 254, 118, 184, 233, 251,
       247, 149, 158, 107, 178, 243, 59, 60, 158, 187, 211, 84, 246, 95,
       226, 182, 188, 112, 185, 253, 20, 151, 159, 123, 182, 125, 174,
       191, 78, 175, 205, 147, 253, 16, 191, 111, 243, 179, 171, 218, 84,
       243, 218, 76, 140, 95, 7, 87, 243, 65, 228, 62, 236, 23, 125, 235,
       126, 244, 153, 38, 149, 236, 55, 78, 30, 184, 145, 152, 117, 234,
       38, 254, 254, 132, 142, 242, 193, 189, 71, 243, 237, 195, 190, 80,
       170, 152, 142, 89, 31, 230, 252, 207, 220, 230, 119, 87, 63, 255,
       195, 65, 175, 225, 46, 45, 175, 236, 15, 135, 185, 125, 78, 252,
       239, 215, 252, 214, 191, 184, 191, 255, 158, 163, 236, 255, 221,
       107, 247, 119, 255, 183, 162, 209, 187, 253, 255, 127, 239, 199,
       134, 246, 53, 247, 163, 212, 99, 206, 93, 71, 255, 252, 85, 104,
       242, 78, 120, 223, 60, 97, 252, 249, 95, 239, 233, 179, 81, 255,
       55, 62, 138, 170, 127, 186, 112, 186, 67, 251, 98, 147, 178, 148,
       171, 180, 171, 93, 26, 230, 172, 130, 223, 118, 39, 71, 125, 223,
       199, 89, 173, 229, 188, 28, 190, 198, 13, 7, 35, 125, 7, 12, 6,
       159, 221, 179, 174, 227, 94, 3, 88, 2, 228, 234, 181, 228, 249,
       106, 18, 131, 38, 184, 14, 255, 36, 54, 142, 131, 148, 126, 249,
       140, 203, 62, 38, 151, 239, 183, 188, 111, 255, 254, 215, 183,
       236, 232, 215, 143, 175, 111, 255, 135, 182, 213, 143, 255, 54,
       95, 223, 163, 14, 117, 185, 215, 151, 94, 43, 222, 52, 151, 203,
       112, 149, 72, 213, 102, 120, 207, 181, 100, 252, 184, 31, 206,
       233, 167, 34, 255, 242, 254, 162, 136, 61, 171, 112, 245, 37, 169,
       151, 222, 109, 175, 224, 200, 206, 144, 233, 0, 254, 249, 109,
       175, 249, 120, 18, 123, 2, 243, 26, 253, 157, 154, 67, 46, 209,
       107, 99, 162, 180, 196, 61, 251, 140, 111, 71, 172, 86, 58, 231,
       16, 215, 115, 41, 105, 81, 82, 63, 106, 104, 36, 75, 63, 237, 139,
       103, 124, 48, 123, 197, 162, 158, 205, 39, 190, 135, 194, 175,
       252, 149, 64, 217, 199, 73, 239, 59, 197, 124, 251, 191, 239, 248,
       131, 14, 239, 241, 98, 207, 204, 55, 247, 181, 240, 75, 27, 238,
       199, 244, 22, 255, 53, 80, 236, 87, 102, 249, 61, 150, 227, 110,
       86, 181, 255, 241, 248, 173, 232, 110, 59, 239, 128, 142, 250,
       216, 249, 175, 221, 247, 95, 247, 222, 239, 250, 91, 201, 125, 82,
       104, 253, 180, 244, 127, 254, 51, 90, 225, 254, 126, 238, 47, 62,
       197, 138, 207, 175, 80, 189, 141, 60, 106, 255, 221, 127, 255,
       251, 214, 238, 253, 31, 249, 237, 123, 169, 125, 234, 219, 174,
       177, 103, 250, 191, 103, 207, 103, 44, 127, 255, 124, 242, 82,
