%YAML:1.0
---
descriptors: !!opencv-matrix
   rows: 259
   cols: 32
   dt: u
   data: [ 83, 43, 151, 156, 171, 240, 4, 7, 171, 210, 130, 229, 174,
       174, 69, 223, 196, 119, 236, 81, 29, 75, 198, 224, 152, 112, 222,
       27, 130, 117, 191, 94, 58, 133, 35, 188, 93, 221, 213, 111, 223,
       21, 253, 25, 174, 204, 62, 145, 201, 187, 207, 1, 94, 43, 114,
       149, 243, 241, 144, 59, 83, 12, 222, 206, 2, 18, 247, 219, 102,
       187, 176, 23, 126, 85, 211, 247, 172, 156, 180, 108, 102, 63, 255,
       21, 147, 252, 103, 192, 4, 32, 58, 194, 237, 204, 181, 253, 59,
       61, 59, 236, 91, 215, 95, 226, 31, 196, 236, 15, 30, 191, 39, 84,
       248, 249, 147, 224, 77, 171, 112, 254, 243, 253, 139, 59, 27, 127,
       46, 222, 218, 254, 151, 190, 43, 245, 24, 230, 187, 30, 160, 185,
       47, 255, 99, 155, 167, 243, 237, 194, 46, 79, 138, 251, 155, 211,
       92, 59, 162, 85, 47, 75, 39, 165, 99, 75, 244, 155, 234, 216, 77,
       64, 121, 230, 1, 72, 156, 164, 122, 138, 18, 253, 151, 186, 108,
       252, 44, 28, 167, 196, 127, 143, 122, 132, 83, 190, 175, 158, 170,
       236, 45, 207, 190, 223, 134, 252, 252, 246, 198, 126, 167, 103,
       126, 157, 155, 79, 191, 115, 152, 50, 95, 250, 136, 80, 163, 125,
       23, 159, 123, 251, 178, 183, 155, 83, 23, 77, 93, 247, 124, 253,
       182, 96, 223, 59, 151, 149, 159, 152, 111, 255, 111, 95, 58, 194,
       183, 206, 164, 247, 11, 158, 43, 217, 242, 177, 187, 147, 94, 75,
       92, 244, 189, 231, 178, 232, 87, 59, 19, 28, 183, 152, 38, 255,
       78, 127, 58, 200, 158, 197, 161, 249, 238, 189, 187, 246, 255,
       103, 151, 239, 155, 250, 184, 59, 94, 255, 109, 35, 255, 243, 215,
       99, 121, 103, 250, 255, 251, 215, 207, 191, 221, 123, 151, 211,
       31, 1, 66, 174, 210, 5, 106, 73, 45, 64, 207, 207, 125, 107, 26,
       148, 126, 171, 23, 173, 157, 146, 21, 204, 246, 237, 138, 128,
       175, 134, 171, 16, 192, 132, 123, 73, 118, 234, 235, 35, 125, 67,
       127, 178, 113, 73, 156, 96, 51, 182, 62, 153, 179, 188, 37, 95,
       94, 174, 50, 193, 229, 128, 69, 32, 135, 158, 31, 153, 250, 160,
       169, 195, 190, 91, 88, 245, 180, 230, 162, 73, 199, 43, 34, 21,
       55, 222, 34, 119, 12, 54, 122, 202, 152, 65, 161, 241, 190, 24,
       182, 186, 61, 247, 18, 64, 151, 143, 213, 51, 102, 252, 39, 76,
       221, 185, 159, 145, 62, 183, 75, 170, 155, 118, 155, 211, 146,
       109, 60, 215, 235, 176, 249, 243, 237, 93, 213, 143, 27, 251, 53,
       27, 154, 189, 92, 171, 153, 223, 245, 17, 255, 126, 251, 227, 207,
       95, 221, 239, 207, 76, 210, 251, 216, 242, 158, 176, 51, 158, 92,
       247, 179, 113, 162, 253, 47, 135, 66, 144, 167, 143, 205, 148,
       110, 223, 144, 23, 250, 231, 60, 247, 170, 20, 171, 27, 224, 159,
       147, 189, 180, 171, 37, 55, 62, 235, 74, 244, 247, 161, 128, 64,
       87, 62, 46, 1, 121, 248, 209, 15, 172, 166, 54, 64, 136, 72, 129,
       25, 60, 101, 106, 101, 214, 27, 239, 216, 101, 160, 125, 130, 91,
       75, 185, 52, 122, 252, 19, 250, 72, 178, 109, 142, 111, 205, 133,
       5, 103, 187, 118, 160, 206, 24, 183, 190, 137, 224, 49, 66, 173,
       151, 198, 49, 172, 247, 99, 207, 192, 115, 235, 144, 34, 207, 146,
       224, 195, 243, 90, 11, 130, 101, 37, 123, 173, 48, 181, 246, 237,
       111, 85, 216, 91, 255, 181, 90, 222, 125, 73, 59, 157, 211, 118,
       43, 185, 102, 251, 192, 151, 219, 71, 62, 194, 105, 71, 227, 176,
       255, 139, 181, 244, 131, 100, 119, 54, 171, 234, 116, 51, 51, 128,
       217, 249, 238, 38, 168, 121, 222, 65, 14, 172, 166, 183, 64, 168,
       80, 242, 136, 122, 249, 112, 234, 155, 209, 22, 237, 11, 36, 168,
       43, 111, 223, 39, 212, 254, 249, 221, 226, 78, 11, 216, 253, 187,
       213, 15, 127, 51, 55, 175, 94, 93, 65, 215, 101, 164, 42, 127, 17,
       101, 232, 126, 0, 91, 35, 149, 116, 118, 204, 108, 110, 73, 176,
       33, 136, 246, 249, 32, 4, 111, 243, 66, 33, 57, 215, 124, 234,
       254, 209, 223, 255, 22, 93, 221, 166, 109, 253, 186, 101, 126,
       155, 151, 239, 255, 43, 127, 191, 250, 237, 174, 217, 63, 158,
       189, 249, 124, 93, 123, 238, 220, 198, 71, 240, 85, 162, 254, 10,
       83, 119, 33, 112, 120, 244, 63, 234, 121, 186, 121, 46, 253, 175,
       229, 64, 52, 251, 116, 96, 172, 113, 123, 103, 100, 79, 103, 56,
       104, 236, 119, 40, 211, 85, 153, 49, 62, 212, 84, 106, 201, 176,
       105, 12, 231, 217, 33, 132, 64, 179, 70, 241, 125, 28, 233, 239,
       166, 122, 107, 154, 125, 198, 254, 166, 223, 111, 155, 110, 123,
       204, 254, 175, 169, 244, 253, 234, 214, 239, 227, 132, 175, 255,
       116, 117, 90, 169, 122, 234, 155, 208, 19, 228, 163, 5, 172, 139,
       47, 223, 98, 82, 162, 243, 233, 208, 90, 11, 178, 225, 251, 213,
       10, 123, 35, 7, 47, 106, 111, 221, 71, 205, 229, 22, 111, 248,
       119, 232, 122, 70, 72, 179, 181, 244, 127, 236, 54, 238, 217, 146,
       253, 254, 62, 62, 199, 198, 47, 247, 224, 181, 33, 78, 125, 101,
       36, 15, 109, 51, 100, 142, 126, 8, 179, 33, 145, 49, 10, 164, 78,
       106, 232, 176, 101, 12, 228, 171, 96, 0, 100, 248, 82, 169, 220,
       84, 156, 182, 139, 100, 22, 140, 142, 150, 129, 17, 221, 254, 105,
       75, 179, 87, 249, 227, 96, 69, 155, 162, 241, 195, 207, 63, 176,
       115, 173, 2, 50, 39, 86, 204, 94, 3, 170, 105, 31, 160, 250, 226,
       124, 227, 36, 192, 254, 253, 43, 227, 72, 187, 137, 223, 184, 164,
       143, 4, 21, 42, 33, 136, 31, 227, 226, 135, 255, 27, 190, 236,
       239, 236, 223, 167, 236, 232, 255, 132, 190, 207, 255, 231, 198,
       177, 141, 237, 62, 60, 15, 135, 79, 63, 251, 199, 134, 56, 150,
       222, 235, 244, 48, 67, 191, 159, 65, 53, 172, 247, 100, 223, 231,
       123, 235, 144, 50, 205, 146, 226, 155, 178, 94, 75, 128, 101, 167,
       214, 163, 223, 125, 233, 188, 215, 223, 190, 87, 93, 220, 182,
       187, 61, 178, 97, 79, 179, 31, 205, 255, 58, 117, 191, 239, 219,
       175, 213, 63, 152, 244, 255, 74, 241, 252, 118, 169, 93, 157, 151,
       171, 255, 21, 61, 175, 253, 95, 190, 135, 83, 253, 17, 135, 105,
       250, 160, 203, 219, 84, 187, 198, 212, 143, 127, 119, 112, 144,
       178, 105, 125, 84, 202, 187, 247, 177, 157, 14, 206, 79, 158, 141,
       201, 228, 23, 15, 103, 218, 226, 155, 215, 85, 63, 202, 125, 10,
       214, 8, 181, 59, 105, 240, 239, 113, 87, 110, 9, 126, 32, 179, 55,
       128, 112, 237, 154, 78, 24, 19, 184, 97, 84, 79, 221, 50, 64, 192,
       130, 230, 169, 0, 10, 123, 109, 36, 14, 105, 50, 108, 12, 126, 0,
       183, 35, 144, 112, 4, 36, 46, 12, 192, 184, 97, 13, 199, 191, 114,
       0, 64, 170, 71, 41, 71, 54, 22, 28, 58, 171, 187, 9, 190, 198,
       131, 237, 204, 206, 239, 77, 182, 53, 234, 39, 165, 65, 158, 216,
       20, 50, 11, 190, 12, 37, 11, 85, 26, 17, 26, 184, 87, 231, 176,
       83, 31, 65, 215, 23, 204, 251, 46, 192, 254, 59, 147, 129, 53,
       179, 16, 222, 211, 247, 154, 67, 189, 12, 185, 147, 108, 161, 185,
       106, 221, 221, 82, 137, 67, 41, 173, 8, 114, 125, 72, 48, 153,
       154, 64, 16, 31, 42, 250, 53, 235, 221, 5, 125, 208, 10, 206, 170,
       102, 125, 237, 162, 173, 77, 87, 253, 175, 242, 184, 201, 215,
       253, 89, 19, 222, 251, 255, 115, 89, 99, 218, 240, 253, 144, 79,
       190, 68, 123, 215, 114, 67, 82, 3, 140, 106, 2, 168, 84, 44, 200,
       210, 231, 132, 134, 181, 205, 126, 133, 91, 237, 129, 131, 101,
       200, 148, 48, 202, 154, 12, 61, 49, 221, 43, 55, 169, 249, 253,
       181, 185, 95, 23, 79, 92, 247, 185, 253, 246, 44, 223, 59, 147,
       157, 183, 186, 118, 147, 79, 95, 154, 234, 255, 204, 149, 255, 93,
       4, 152, 39, 141, 120, 80, 10, 107, 227, 171, 8, 215, 56, 73, 250,
       145, 198, 236, 1, 29, 96, 219, 0, 155, 247, 81, 23, 232, 123, 90,
       6, 95, 196, 250, 90, 155, 180, 86, 204, 255, 23, 173, 17, 106,
       232, 110, 252, 241, 235, 234, 22, 190, 35, 186, 247, 59, 126, 21,
       123, 211, 87, 238, 70, 24, 157, 191, 237, 156, 78, 119, 255, 118,
       5, 254, 2, 247, 125, 56, 64, 120, 222, 127, 107, 90, 186, 115, 61,
