%YAML:1.0
---
descriptors: !!opencv-matrix
   rows: 291
   cols: 32
   dt: u
   data: [ 62, 60, 182, 82, 185, 253, 149, 214, 155, 255, 181, 61, 110,
       252, 95, 175, 133, 115, 253, 17, 182, 107, 186, 226, 27, 95, 85,
       251, 194, 85, 143, 95, 84, 147, 221, 231, 170, 42, 23, 153, 42,
       184, 59, 104, 87, 113, 73, 82, 183, 213, 109, 35, 80, 113, 137, 0,
       252, 166, 101, 180, 228, 242, 135, 35, 181, 87, 111, 77, 182, 66,
       239, 248, 116, 110, 246, 230, 83, 117, 191, 101, 126, 212, 63,
       238, 232, 245, 109, 47, 114, 174, 231, 132, 103, 251, 244, 113,
       64, 185, 154, 254, 176, 140, 49, 23, 60, 13, 98, 24, 182, 147, 64,
       80, 164, 59, 77, 16, 18, 152, 144, 65, 205, 181, 50, 74, 0, 0,
       131, 43, 207, 247, 189, 19, 170, 127, 31, 159, 60, 127, 29, 253,
       222, 55, 203, 191, 151, 87, 221, 62, 183, 84, 253, 34, 238, 91,
       127, 246, 154, 245, 143, 117, 254, 174, 188, 190, 137, 165, 93,
       203, 187, 159, 172, 25, 111, 239, 99, 27, 205, 243, 237, 146, 58,
       79, 218, 179, 219, 211, 223, 59, 146, 113, 174, 90, 213, 246, 237,
       235, 174, 102, 95, 216, 86, 250, 157, 246, 81, 127, 217, 107, 127,
       213, 61, 254, 169, 71, 255, 122, 250, 139, 239, 244, 189, 243,
       112, 113, 140, 246, 126, 115, 226, 110, 125, 117, 61, 159, 119,
       53, 95, 95, 10, 27, 167, 17, 103, 56, 224, 244, 59, 70, 207, 203,
       116, 197, 96, 208, 231, 243, 188, 209, 126, 254, 188, 215, 222,
       248, 20, 76, 247, 39, 83, 221, 170, 225, 252, 240, 159, 234, 252,
       167, 57, 191, 251, 235, 227, 209, 61, 171, 252, 83, 180, 20, 254,
       252, 202, 98, 61, 71, 180, 159, 247, 50, 81, 255, 42, 123, 127,
       181, 127, 160, 56, 199, 34, 2, 83, 163, 246, 129, 161, 224, 164,
       243, 118, 125, 186, 170, 173, 5, 95, 253, 171, 254, 156, 45, 222,
       254, 107, 51, 223, 211, 95, 227, 233, 67, 250, 250, 249, 217, 111,
       190, 152, 119, 163, 83, 207, 95, 187, 145, 162, 127, 63, 151, 188,
       254, 30, 253, 157, 182, 227, 239, 135, 119, 223, 31, 245, 212,
       172, 226, 230, 95, 127, 182, 142, 245, 133, 245, 59, 26, 43, 0,
       96, 93, 145, 112, 121, 77, 246, 173, 26, 28, 166, 189, 236, 145,
       215, 21, 157, 187, 112, 192, 83, 85, 48, 219, 203, 12, 126, 255,
       67, 48, 184, 254, 107, 61, 152, 31, 171, 91, 189, 125, 252, 255,
       78, 154, 151, 19, 245, 1, 151, 99, 210, 193, 211, 255, 90, 186,
       216, 68, 139, 19, 189, 79, 101, 103, 180, 59, 111, 184, 116, 170,
       254, 230, 83, 97, 153, 229, 127, 204, 46, 238, 233, 180, 109, 46,
       188, 239, 231, 132, 239, 255, 80, 165, 203, 31, 175, 30, 162, 244,
       191, 183, 184, 206, 92, 245, 188, 118, 179, 111, 7, 115, 159, 143,
       245, 205, 38, 238, 102, 127, 126, 136, 158, 245, 175, 125, 63,
       165, 237, 247, 244, 31, 239, 248, 123, 226, 125, 206, 121, 239,
       221, 48, 127, 233, 23, 239, 239, 242, 126, 223, 126, 223, 231,
       228, 239, 239, 114, 240, 79, 152, 124, 120, 41, 191, 90, 184, 239,
       112, 133, 77, 223, 31, 87, 251, 135, 85, 253, 247, 159, 69, 219,
       213, 203, 251, 73, 246, 158, 167, 11, 23, 237, 165, 209, 67, 253,
       46, 71, 137, 107, 185, 169, 72, 202, 113, 221, 182, 17, 214, 125,
       58, 27, 98, 217, 216, 47, 28, 133, 126, 202, 226, 82, 36, 222,
       180, 189, 243, 139, 125, 25, 207, 155, 127, 149, 27, 159, 63, 78,
       43, 167, 147, 253, 17, 62, 109, 251, 147, 219, 211, 93, 255, 162,
       76, 135, 115, 28, 3, 123, 231, 82, 66, 107, 112, 36, 136, 123,
       194, 119, 71, 33, 112, 126, 185, 7, 234, 73, 178, 49, 12, 213,
       197, 162, 128, 49, 163, 39, 176, 106, 156, 178, 158, 253, 245,
       158, 231, 159, 79, 188, 31, 172, 190, 103, 148, 237, 243, 219,
       133, 230, 43, 114, 255, 191, 86, 158, 59, 147, 92, 175, 223, 143,
       150, 151, 154, 109, 252, 176, 200, 255, 91, 243, 80, 236, 254,
       108, 255, 237, 83, 254, 19, 183, 103, 186, 243, 157, 122, 90, 74,
       216, 77, 35, 197, 118, 232, 185, 184, 249, 233, 27, 207, 27, 183,
       136, 185, 191, 222, 74, 18, 217, 219, 255, 145, 30, 75, 234, 179,
       217, 213, 159, 127, 144, 8, 135, 74, 90, 112, 50, 108, 58, 192,
       56, 28, 165, 0, 206, 169, 45, 151, 129, 118, 38, 181, 253, 144,
       10, 65, 135, 77, 210, 229, 8, 139, 34, 134, 39, 59, 79, 122, 249,
       247, 104, 124, 125, 152, 251, 222, 150, 244, 221, 255, 219, 254,
       231, 221, 253, 223, 133, 71, 255, 226, 214, 255, 255, 142, 174,
       245, 39, 121, 142, 156, 180, 179, 167, 124, 60, 151, 63, 127, 87,
       183, 205, 63, 74, 203, 231, 23, 191, 149, 182, 220, 51, 227, 207,
       243, 254, 199, 174, 196, 173, 83, 57, 197, 121, 109, 180, 31, 231,
       189, 116, 40, 254, 66, 243, 121, 148, 112, 120, 222, 78, 104, 217,
       184, 101, 29, 239, 237, 37, 68, 111, 186, 208, 168, 58, 189, 115,
       186, 219, 199, 83, 107, 151, 4, 248, 43, 126, 223, 32, 144, 223,
       187, 215, 192, 90, 43, 90, 255, 251, 223, 3, 123, 113, 34, 166,
       242, 61, 79, 107, 236, 244, 2, 79, 248, 85, 196, 254, 98, 83, 225,
       179, 112, 88, 236, 6, 110, 200, 163, 108, 174, 242, 239, 165, 24,
       103, 251, 112, 224, 212, 122, 190, 119, 50, 234, 51, 146, 244,
       142, 150, 160, 255, 215, 129, 106, 38, 117, 109, 194, 40, 213,
       167, 110, 211, 231, 115, 129, 32, 177, 39, 43, 165, 81, 127, 69,
       116, 15, 231, 56, 116, 224, 119, 76, 211, 21, 157, 53, 58, 220,
       86, 106, 233, 180, 117, 14, 101, 136, 33, 4, 101, 187, 82, 176,
       97, 172, 131, 152, 217, 229, 161, 199, 190, 217, 136, 24, 180,
       182, 96, 248, 201, 43, 122, 157, 19, 79, 242, 83, 157, 6, 158,
       104, 128, 64, 179, 234, 24, 209, 39, 171, 61, 195, 179, 104, 134,
       76, 211, 39, 247, 221, 42, 64, 248, 49, 43, 83, 74, 131, 51, 181,
       241, 229, 170, 91, 16, 14, 53, 251, 60, 127, 98, 235, 215, 211,
       255, 216, 85, 204, 253, 39, 105, 221, 63, 132, 120, 248, 151, 243,
       236, 179, 44, 236, 115, 205, 167, 131, 247, 255, 126, 211, 247,
       188, 249, 246, 191, 127, 158, 251, 155, 234, 156, 127, 110, 126,
       31, 38, 247, 247, 221, 35, 252, 107, 249, 239, 187, 254, 79, 190,
       165, 126, 135, 127, 202, 24, 151, 220, 9, 252, 48, 70, 191, 150,
       166, 25, 172, 182, 33, 255, 224, 119, 235, 16, 32, 79, 178, 232,
       147, 243, 90, 27, 130, 117, 47, 126, 206, 42, 150, 144, 235, 232,
       185, 67, 187, 151, 130, 179, 140, 175, 98, 207, 167, 119, 235,
       145, 48, 205, 130, 224, 153, 114, 94, 75, 130, 101, 167, 99, 59,
       253, 59, 248, 93, 213, 87, 238, 159, 64, 236, 8, 190, 255, 33,
       112, 217, 251, 27, 64, 11, 43, 122, 255, 251, 221, 159, 58, 218,
       90, 35, 250, 254, 183, 236, 246, 159, 127, 151, 255, 23, 239, 255,
       63, 74, 125, 159, 45, 253, 215, 255, 181, 189, 243, 105, 207, 123,
       110, 245, 215, 239, 124, 252, 87, 42, 157, 126, 218, 223, 211,
       186, 198, 159, 69, 84, 163, 44, 222, 39, 101, 239, 59, 147, 209,
       54, 139, 58, 255, 127, 55, 158, 203, 159, 13, 60, 222, 206, 178,
       182, 240, 235, 233, 185, 71, 187, 63, 19, 187, 140, 191, 70, 159,
       167, 55, 255, 145, 50, 77, 138, 210, 157, 82, 95, 239, 134, 68,
       167, 227, 211, 233, 3, 186, 25, 196, 10, 230, 171, 113, 128, 9,
       175, 150, 0, 244, 160, 227, 89, 197, 111, 11, 146, 255, 185, 240,
       154, 122, 0, 4, 35, 94, 81, 84, 250, 239, 4, 70, 95, 220, 96, 206,
       255, 39, 115, 127, 187, 112, 126, 212, 61, 234, 200, 179, 189, 45,
       243, 239, 226, 132, 37, 243, 100, 83, 222, 223, 181, 58, 137, 253,
       22, 156, 247, 95, 189, 61, 234, 252, 111, 255, 197, 210, 236, 82,
       191, 103, 186, 179, 251, 211, 85, 191, 218, 127, 204, 87, 91, 87,
       239, 103, 166, 26, 111, 189, 108, 224, 94, 230, 249, 39, 155, 230,
       54, 197, 125, 239, 193, 144, 165, 236, 230, 109, 239, 128, 47,
       246, 129, 121, 248, 156, 188, 186, 173, 253, 84, 239, 215, 127,
       181, 25, 111, 249, 106, 27, 201, 227, 255, 3, 110, 111, 90, 179,
       219, 219, 85, 127, 250, 92, 222, 66, 2, 190, 158, 179, 195, 178,
