%YAML:1.0
---
descriptors: !!opencv-matrix
   rows: 402
   cols: 32
   dt: u
   data: [ 60, 77, 234, 78, 94, 18, 206, 252, 197, 130, 254, 134, 99,
       233, 181, 4, 120, 236, 163, 234, 232, 163, 28, 174, 114, 237, 197,
       9, 111, 187, 124, 152, 83, 236, 3, 184, 155, 204, 24, 198, 171,
       81, 128, 137, 174, 182, 64, 214, 163, 231, 253, 149, 63, 75, 146,
       241, 185, 240, 30, 122, 136, 4, 163, 94, 117, 173, 210, 128, 180,
       63, 126, 202, 59, 168, 186, 42, 30, 54, 199, 48, 253, 237, 206,
       246, 56, 179, 137, 254, 248, 140, 167, 52, 225, 123, 98, 96, 151,
       161, 231, 145, 226, 86, 175, 185, 61, 219, 19, 247, 221, 110, 222,
       111, 55, 199, 63, 255, 245, 208, 45, 224, 60, 10, 239, 196, 173,
       245, 163, 117, 79, 183, 212, 37, 186, 151, 186, 191, 43, 232, 26,
       237, 237, 46, 198, 150, 38, 103, 237, 244, 149, 88, 221, 220, 174,
       84, 47, 246, 175, 134, 139, 221, 79, 149, 103, 99, 178, 130, 111,
       189, 33, 96, 91, 228, 217, 103, 152, 116, 54, 103, 93, 255, 249,
       152, 237, 93, 236, 63, 175, 196, 46, 134, 179, 113, 33, 213, 73,
       103, 116, 74, 239, 53, 100, 65, 123, 98, 243, 49, 152, 96, 90, 14,
       22, 106, 193, 184, 101, 47, 100, 173, 162, 0, 109, 154, 208, 168,
       181, 133, 61, 250, 156, 239, 95, 253, 223, 114, 169, 18, 215, 127,
       61, 97, 217, 147, 31, 254, 251, 39, 123, 255, 251, 218, 199, 116,
       144, 219, 240, 114, 57, 64, 70, 204, 94, 147, 74, 112, 197, 0,
       245, 194, 115, 194, 181, 229, 122, 160, 14, 238, 205, 163, 4, 157,
       50, 233, 162, 24, 63, 171, 120, 140, 206, 174, 228, 159, 175, 176,
       188, 235, 159, 158, 149, 183, 236, 238, 127, 75, 247, 103, 191,
       167, 38, 69, 175, 255, 182, 115, 223, 187, 150, 125, 189, 71, 80,
       250, 91, 96, 18, 141, 83, 50, 40, 164, 32, 8, 183, 131, 64, 16,
       38, 188, 76, 64, 66, 187, 144, 45, 241, 165, 32, 112, 96, 128, 7,
       40, 124, 125, 251, 198, 212, 68, 103, 244, 83, 234, 254, 10, 115,
       245, 97, 116, 121, 254, 38, 218, 121, 242, 248, 170, 253, 172,
       165, 40, 167, 251, 244, 248, 100, 164, 189, 82, 169, 105, 81, 11,
       251, 191, 37, 56, 150, 183, 72, 63, 129, 22, 104, 24, 50, 100,
       234, 18, 207, 222, 85, 127, 194, 64, 198, 162, 80, 235, 90, 232,
       82, 140, 81, 119, 41, 4, 96, 136, 55, 135, 0, 80, 38, 185, 69, 80,
       66, 156, 144, 21, 245, 225, 32, 72, 96, 128, 167, 170, 146, 141,
       254, 223, 21, 214, 250, 51, 159, 165, 191, 19, 233, 223, 54, 64,
       236, 183, 191, 128, 198, 141, 121, 255, 207, 255, 155, 83, 23,
       142, 125, 74, 72, 164, 150, 176, 169, 232, 21, 135, 187, 159, 160,
       56, 142, 243, 104, 91, 195, 51, 237, 0, 42, 71, 194, 130, 201,
       211, 122, 63, 128, 64, 135, 43, 46, 241, 182, 208, 237, 221, 240,
       200, 207, 189, 181, 11, 142, 216, 110, 140, 137, 153, 255, 81, 22,
       107, 90, 213, 31, 153, 23, 127, 219, 13, 223, 211, 248, 36, 221,
       253, 46, 105, 81, 138, 27, 50, 36, 27, 63, 31, 9, 91, 163, 215,
       121, 50, 42, 108, 195, 55, 215, 227, 80, 53, 180, 201, 6, 10, 6,
       149, 182, 255, 139, 36, 188, 207, 237, 19, 203, 18, 205, 226, 40,
       239, 239, 83, 171, 145, 50, 205, 23, 225, 5, 114, 222, 74, 188,
       112, 161, 150, 185, 249, 123, 108, 84, 214, 219, 120, 81, 64, 244,
       10, 51, 29, 48, 48, 120, 152, 21, 234, 75, 178, 112, 29, 243, 233,
       160, 56, 127, 139, 114, 242, 254, 253, 190, 174, 251, 119, 30,
       253, 131, 236, 140, 47, 108, 255, 103, 146, 247, 247, 253, 227,
       236, 75, 186, 255, 251, 119, 141, 191, 18, 119, 174, 95, 45, 125,
       185, 254, 253, 237, 87, 222, 223, 171, 236, 13, 246, 249, 121, 8,
       217, 106, 91, 11, 26, 115, 218, 179, 253, 223, 21, 56, 216, 123,
       210, 162, 49, 197, 82, 78, 214, 147, 238, 253, 117, 64, 121, 230,
       121, 248, 190, 228, 126, 170, 22, 238, 213, 187, 12, 255, 58, 44,
       167, 200, 127, 186, 232, 132, 133, 196, 62, 218, 13, 165, 176,
       230, 220, 31, 129, 16, 142, 204, 60, 89, 193, 51, 74, 147, 62,
       167, 26, 245, 129, 147, 18, 83, 88, 9, 169, 150, 98, 185, 105, 86,
       93, 217, 147, 103, 161, 68, 184, 143, 34, 28, 22, 16, 72, 178,
       211, 65, 206, 43, 118, 189, 63, 16, 144, 187, 101, 12, 86, 222,
       24, 155, 55, 173, 20, 102, 33, 115, 36, 220, 219, 35, 215, 23, 32,
       64, 120, 150, 47, 177, 73, 145, 49, 140, 217, 230, 234, 0, 48, 74,
       52, 123, 181, 237, 113, 70, 212, 103, 71, 254, 81, 162, 124, 74,
       115, 113, 153, 52, 89, 254, 6, 106, 233, 246, 253, 46, 127, 142,
       37, 52, 231, 251, 214, 168, 14, 72, 167, 21, 45, 81, 140, 140,
       206, 82, 194, 195, 204, 236, 61, 238, 217, 68, 43, 79, 129, 244,
       95, 224, 1, 118, 95, 22, 72, 127, 93, 52, 6, 73, 58, 249, 220,
       228, 59, 70, 174, 128, 76, 2, 180, 222, 35, 96, 200, 59, 19, 208,
       2, 138, 114, 121, 229, 164, 138, 11, 144, 83, 37, 170, 247, 213,
       237, 255, 172, 118, 95, 190, 159, 254, 159, 150, 249, 127, 59,
       107, 223, 215, 63, 239, 237, 71, 123, 255, 251, 251, 255, 148, 62,
       249, 176, 123, 146, 146, 194, 185, 19, 162, 56, 75, 62, 5, 66,
       247, 45, 194, 42, 216, 119, 171, 171, 149, 54, 157, 5, 223, 156,
       39, 26, 195, 189, 132, 41, 31, 91, 151, 71, 141, 179, 22, 126,
       191, 45, 64, 222, 231, 109, 102, 154, 244, 54, 199, 188, 238, 253,
       153, 53, 239, 178, 127, 142, 194, 63, 230, 169, 93, 3, 150, 69,
       137, 178, 163, 170, 23, 28, 65, 91, 231, 229, 38, 180, 196, 119,
       43, 30, 157, 151, 152, 69, 223, 44, 6, 170, 192, 188, 206, 177,
       93, 60, 93, 59, 236, 124, 199, 83, 122, 4, 200, 252, 45, 19, 159,
       33, 80, 220, 252, 151, 98, 73, 35, 80, 30, 243, 205, 161, 189,
       114, 171, 118, 211, 83, 124, 218, 183, 5, 190, 238, 182, 61, 138,
       250, 102, 252, 191, 23, 80, 122, 239, 255, 193, 9, 249, 192, 234,
       247, 246, 254, 128, 135, 115, 117, 59, 38, 233, 154, 250, 235,
       193, 29, 229, 155, 19, 97, 24, 188, 247, 104, 121, 195, 123, 179,
       82, 82, 95, 154, 243, 249, 150, 95, 111, 144, 90, 167, 170, 75,
       48, 186, 180, 123, 37, 152, 95, 171, 217, 149, 93, 188, 255, 126,
       10, 135, 27, 245, 21, 151, 107, 146, 192, 211, 253, 122, 186, 200,
       68, 171, 155, 37, 153, 23, 219, 229, 175, 225, 224, 255, 17, 99,
       0, 254, 243, 45, 125, 232, 106, 34, 94, 51, 248, 27, 253, 205,
       186, 86, 66, 208, 25, 97, 170, 33, 194, 207, 189, 116, 158, 232,
       149, 126, 145, 114, 198, 247, 104, 153, 249, 121, 237, 54, 13,
       131, 240, 69, 173, 132, 255, 246, 0, 205, 184, 208, 32, 87, 238,
       198, 151, 210, 162, 190, 254, 182, 247, 90, 247, 109, 234, 123,
       79, 119, 231, 187, 247, 182, 221, 142, 255, 120, 38, 255, 197,
       167, 245, 185, 93, 237, 70, 229, 7, 36, 58, 103, 24, 116, 206,
       251, 229, 243, 96, 155, 126, 90, 228, 108, 238, 169, 176, 237, 10,
       164, 235, 97, 132, 109, 255, 82, 116, 180, 101, 237, 254, 140,
       103, 79, 254, 86, 242, 185, 26, 83, 119, 89, 43, 89, 214, 127,
       170, 249, 103, 251, 186, 249, 207, 229, 60, 177, 249, 208, 96, 32,
       236, 57, 125, 252, 205, 85, 191, 118, 15, 236, 8, 178, 119, 1, 48,
       201, 122, 68, 8, 106, 174, 115, 63, 111, 191, 52, 89, 80, 136, 70,
       234, 126, 124, 122, 68, 121, 124, 87, 250, 161, 172, 188, 40, 10,
       255, 199, 182, 141, 212, 213, 106, 136, 35, 184, 238, 123, 221,
       133, 191, 227, 247, 78, 255, 49, 141, 91, 110, 28, 239, 195, 121,
       70, 200, 248, 72, 115, 252, 176, 32, 28, 186, 14, 104, 155, 171,
       124, 63, 249, 141, 33, 88, 113, 138, 224, 160, 44, 158, 236, 251,
       152, 48, 158, 190, 22, 95, 213, 181, 185, 47, 90, 200, 77, 155,
       157, 149, 190, 14, 111, 51, 206, 207, 254, 253, 181, 197, 190,
       219, 36, 230, 195, 101, 116, 43, 231, 184, 84, 136, 123, 236, 211,
       97, 153, 17, 30, 200, 70, 110, 139, 240, 77, 37, 108, 136, 229,
       212, 237, 187, 80, 49, 161, 64, 101, 69, 100, 14, 237, 49, 117,
       226, 114, 82, 211, 1, 149, 173, 58, 172, 38, 42, 225, 244, 117,
