%YAML:1.0
---
descriptors: !!opencv-matrix
   rows: 256
   cols: 32
   dt: u
   data: [ 122, 188, 236, 85, 143, 253, 145, 7, 187, 127, 150, 155, 42,
       188, 86, 175, 205, 179, 249, 145, 190, 111, 242, 227, 95, 87, 220,
       243, 231, 76, 222, 127, 213, 76, 63, 119, 36, 94, 111, 184, 116,
       234, 179, 80, 215, 83, 25, 105, 240, 244, 124, 106, 233, 245, 57,
       46, 227, 235, 247, 20, 104, 185, 65, 32, 31, 63, 65, 173, 242, 6,
       110, 248, 49, 232, 88, 239, 221, 46, 153, 240, 118, 205, 21, 239,
       237, 146, 125, 206, 188, 108, 175, 132, 45, 247, 35, 245, 203,
       174, 246, 90, 219, 180, 240, 199, 251, 31, 108, 21, 40, 250, 102,
       223, 165, 227, 226, 20, 182, 111, 174, 243, 58, 127, 86, 75, 211,
       68, 235, 207, 249, 205, 79, 237, 148, 2, 111, 247, 117, 0, 238,
       70, 115, 35, 176, 113, 122, 228, 62, 238, 233, 184, 53, 175, 244,
       174, 134, 0, 45, 250, 240, 40, 104, 189, 157, 124, 141, 236, 81,
       43, 194, 139, 232, 8, 178, 113, 0, 114, 201, 38, 104, 8, 27, 106,
       211, 49, 203, 255, 208, 91, 216, 72, 214, 10, 44, 117, 125, 101,
       116, 111, 111, 178, 113, 174, 126, 72, 211, 55, 145, 48, 28, 92,
       102, 106, 225, 240, 241, 46, 103, 191, 101, 4, 98, 249, 70, 241,
       213, 73, 103, 206, 13, 82, 78, 232, 229, 162, 178, 2, 67, 104,
       181, 247, 104, 228, 108, 238, 109, 231, 253, 236, 178, 170, 199,
       20, 103, 187, 112, 36, 246, 172, 237, 253, 156, 103, 206, 175, 83,
       179, 248, 26, 115, 121, 92, 9, 217, 222, 53, 177, 58, 238, 219,
       191, 251, 190, 213, 117, 245, 249, 212, 42, 8, 52, 185, 225, 19,
       237, 49, 71, 46, 101, 108, 24, 191, 159, 96, 48, 163, 27, 2, 16,
       19, 184, 48, 23, 207, 197, 16, 99, 240, 72, 135, 251, 170, 79, 66,
       12, 217, 147, 198, 230, 85, 132, 240, 205, 34, 128, 183, 148, 92,
       232, 130, 108, 236, 171, 68, 190, 58, 60, 5, 59, 83, 188, 126,
       220, 80, 193, 92, 43, 146, 138, 69, 189, 54, 53, 75, 145, 247, 83,
       8, 80, 19, 159, 108, 0, 90, 152, 95, 53, 236, 231, 52, 68, 48,
       130, 128, 2, 60, 72, 126, 254, 76, 167, 214, 112, 196, 0, 249, 3,
       115, 200, 53, 65, 200, 184, 6, 99, 200, 163, 74, 61, 83, 171, 96,
       9, 117, 107, 124, 130, 69, 71, 93, 101, 52, 10, 111, 48, 108, 168,
       254, 96, 243, 33, 145, 113, 26, 196, 108, 110, 233, 176, 101, 44,
       230, 251, 97, 0, 108, 187, 66, 33, 59, 115, 115, 200, 119, 155,
       249, 80, 237, 76, 253, 238, 27, 143, 182, 180, 126, 185, 223, 237,
       201, 163, 100, 220, 214, 249, 170, 186, 119, 142, 118, 245, 203,
       241, 124, 245, 110, 220, 121, 184, 171, 248, 22, 162, 253, 95,
       155, 35, 54, 113, 253, 239, 194, 68, 174, 157, 71, 219, 233, 173,
       38, 166, 21, 117, 244, 104, 130, 166, 77, 45, 202, 200, 235, 162,
       160, 11, 226, 202, 93, 26, 248, 229, 74, 243, 40, 103, 218, 234,
       145, 148, 135, 57, 193, 123, 118, 130, 129, 134, 21, 139, 236, 41,
       232, 205, 14, 51, 89, 210, 213, 195, 248, 67, 127, 11, 106, 41,
       82, 22, 203, 209, 132, 152, 186, 100, 20, 200, 129, 160, 94, 248,
       244, 246, 39, 156, 92, 152, 123, 154, 52, 170, 255, 127, 221, 153,
       183, 249, 181, 203, 202, 116, 26, 249, 203, 219, 239, 167, 167,
       245, 67, 3, 56, 173, 252, 105, 157, 255, 87, 159, 87, 165, 174, 8,
       147, 49, 18, 16, 89, 222, 204, 24, 58, 168, 113, 63, 235, 207, 5,
       117, 242, 232, 220, 42, 111, 144, 242, 248, 253, 63, 216, 123,
       219, 139, 53, 120, 206, 255, 60, 189, 159, 17, 213, 49, 176, 107,
       58, 223, 219, 222, 93, 254, 214, 172, 139, 55, 252, 120, 190, 116,
       13, 125, 80, 192, 243, 178, 166, 24, 79, 221, 67, 59, 169, 245,
       253, 114, 44, 103, 154, 160, 211, 219, 85, 63, 227, 121, 78, 2, 8,
       161, 186, 118, 245, 253, 246, 69, 126, 141, 111, 0, 255, 249, 104,
       176, 176, 122, 163, 16, 18, 248, 154, 35, 207, 221, 22, 99, 194,
       74, 207, 138, 129, 198, 85, 155, 234, 137, 44, 191, 62, 83, 64,
       244, 189, 34, 136, 197, 71, 11, 34, 28, 115, 220, 71, 119, 44, 50,
       126, 224, 156, 128, 129, 169, 69, 50, 189, 97, 224, 46, 121, 25,
       106, 187, 55, 124, 215, 55, 201, 58, 183, 92, 125, 56, 145, 240,
       249, 64, 77, 153, 119, 228, 136, 227, 195, 177, 198, 20, 182, 149,
       169, 118, 189, 11, 191, 255, 3, 53, 204, 62, 79, 79, 133, 87, 249,
       17, 52, 69, 243, 194, 13, 50, 95, 151, 128, 100, 149, 87, 167,
       175, 245, 254, 252, 162, 238, 175, 219, 178, 57, 210, 253, 233,
       252, 11, 151, 103, 55, 47, 177, 236, 143, 255, 44, 30, 255, 236,
       221, 241, 211, 169, 182, 254, 163, 191, 219, 239, 182, 254, 55,
       206, 246, 127, 98, 127, 15, 21, 253, 254, 199, 130, 255, 255, 121,
       191, 255, 231, 117, 215, 235, 125, 230, 219, 52, 10, 222, 238, 28,
       130, 87, 81, 196, 134, 247, 2, 115, 225, 163, 82, 88, 228, 110,
       106, 8, 167, 122, 10, 83, 175, 161, 25, 177, 187, 120, 162, 220,
       1, 185, 119, 165, 110, 69, 9, 122, 163, 39, 24, 223, 115, 73, 122,
       177, 214, 108, 58, 57, 116, 249, 2, 219, 251, 85, 28, 194, 97,
       199, 34, 240, 172, 149, 253, 204, 39, 68, 175, 83, 187, 176, 26,
       115, 121, 84, 11, 217, 214, 117, 17, 58, 110, 219, 191, 137, 250,
       213, 126, 241, 120, 208, 170, 160, 161, 171, 93, 196, 70, 229,
       127, 112, 194, 116, 18, 48, 184, 188, 37, 120, 46, 18, 137, 241,
       254, 176, 67, 85, 42, 210, 0, 73, 104, 246, 252, 88, 41, 251, 110,
       152, 236, 87, 87, 227, 133, 172, 8, 183, 183, 64, 48, 162, 251,
       105, 88, 26, 43, 242, 33, 251, 237, 20, 57, 224, 210, 231, 42,
       237, 73, 109, 79, 52, 86, 79, 48, 96, 68, 231, 0, 243, 103, 147,
       114, 84, 244, 60, 238, 201, 146, 253, 45, 103, 233, 225, 16, 103,
       179, 98, 96, 244, 106, 190, 116, 77, 13, 85, 220, 243, 190, 176,
       24, 94, 217, 65, 27, 169, 245, 108, 98, 104, 103, 138, 32, 211,
       219, 69, 63, 226, 249, 70, 11, 112, 45, 157, 229, 141, 78, 69, 39,
       96, 160, 170, 8, 55, 51, 64, 115, 224, 166, 120, 40, 89, 219, 209,
       8, 249, 168, 69, 48, 96, 96, 226, 42, 210, 57, 26, 168, 59, 193,
       146, 65, 171, 12, 128, 41, 174, 158, 98, 16, 230, 185, 207, 65,
       14, 15, 146, 215, 145, 208, 10, 123, 16, 4, 47, 27, 50, 86, 222,
       52, 34, 107, 88, 70, 169, 218, 162, 253, 47, 46, 7, 27, 167, 151,
       237, 5, 44, 197, 3, 72, 210, 211, 120, 147, 233, 245, 46, 91, 164,
       143, 215, 222, 252, 43, 198, 238, 222, 162, 249, 88, 246, 232, 45,
       65, 219, 111, 106, 43, 48, 239, 75, 254, 184, 182, 87, 60, 212,
       249, 241, 129, 22, 19, 74, 71, 114, 3, 171, 248, 36, 164, 127,
       231, 73, 99, 191, 4, 62, 205, 23, 238, 192, 144, 13, 92, 124, 14,
       167, 132, 111, 231, 43, 177, 197, 239, 151, 158, 188, 35, 238,
       191, 222, 162, 88, 208, 253, 226, 249, 64, 19, 111, 110, 255, 115,
       77, 143, 251, 172, 182, 175, 172, 156, 243, 129, 40, 252, 182,
       185, 96, 160, 111, 81, 159, 50, 255, 181, 125, 95, 87, 72, 27,
       151, 149, 205, 48, 56, 87, 241, 2, 219, 193, 53, 245, 224, 224,
       134, 115, 69, 239, 199, 191, 188, 2, 111, 190, 254, 146, 74, 196,
       245, 226, 249, 98, 115, 78, 42, 254, 115, 64, 143, 123, 172, 166,
       167, 108, 172, 243, 225, 40, 212, 58, 251, 102, 34, 110, 91, 152,
       48, 238, 247, 237, 119, 119, 139, 91, 54, 244, 125, 126, 41, 215,
       233, 10, 211, 171, 97, 148, 160, 243, 6, 115, 212, 54, 255, 97,
       162, 110, 97, 31, 112, 191, 55, 56, 19, 23, 200, 59, 51, 148, 108,
       56, 49, 244, 161, 2, 77, 138, 117, 68, 227, 192, 198, 115, 14,
       176, 176, 18, 249, 252, 185, 203, 187, 255, 53, 61, 140, 254, 78,
       159, 143, 27, 243, 17, 182, 79, 186, 226, 79, 87, 95, 239, 194, 5,
       143, 215, 8, 136, 185, 251, 176, 237, 81, 159, 22, 15, 68, 16,
       183, 183, 160, 104, 213, 58, 31, 24, 58, 156, 99, 55, 203, 207,
       48, 208, 144, 200, 132, 107, 168, 68, 124, 127, 100, 143, 99, 52,
       84, 162, 119, 8, 115, 1, 147, 49, 88, 172, 3, 46, 232, 180, 117,
       62, 71, 139, 112, 0, 123, 138, 66, 170, 182, 254, 167, 191, 250,
