%YAML:1.0
---
descriptors: !!opencv-matrix
   rows: 274
   cols: 32
   dt: u
   data: [ 92, 221, 110, 235, 222, 99, 175, 246, 4, 102, 222, 162, 113,
       167, 163, 96, 105, 223, 42, 234, 42, 151, 127, 255, 119, 237, 174,
       8, 181, 219, 52, 248, 219, 81, 101, 69, 34, 82, 109, 49, 105, 226,
       22, 230, 121, 14, 151, 247, 38, 228, 253, 238, 229, 212, 165, 200,
       118, 122, 238, 128, 47, 180, 240, 125, 69, 54, 215, 101, 162, 42,
       119, 17, 104, 234, 123, 228, 223, 51, 137, 123, 54, 85, 108, 58,
       145, 180, 149, 72, 196, 170, 97, 132, 236, 227, 67, 49, 167, 223,
       234, 143, 221, 63, 190, 232, 92, 226, 219, 215, 200, 232, 191, 32,
       255, 207, 218, 231, 244, 183, 221, 238, 62, 62, 143, 247, 205,
       127, 249, 132, 41, 79, 125, 103, 244, 155, 111, 55, 85, 230, 126,
       194, 179, 41, 145, 49, 74, 238, 22, 108, 233, 184, 101, 174, 111,
       223, 100, 0, 103, 248, 214, 232, 124, 241, 156, 38, 73, 93, 86,
       249, 227, 125, 173, 13, 95, 251, 74, 146, 130, 209, 236, 66, 78,
       35, 218, 49, 219, 217, 101, 63, 106, 51, 203, 83, 203, 91, 109,
       69, 34, 18, 125, 53, 45, 206, 86, 228, 253, 39, 147, 247, 38, 53,
       253, 174, 229, 220, 37, 205, 230, 123, 110, 128, 46, 180, 137,
       125, 216, 76, 102, 238, 5, 86, 126, 112, 49, 142, 215, 3, 123,
       123, 49, 211, 120, 244, 189, 235, 236, 151, 145, 175, 243, 235,
       226, 129, 39, 167, 124, 10, 108, 83, 248, 100, 180, 78, 87, 17,
       97, 172, 255, 8, 219, 55, 195, 22, 20, 252, 108, 120, 136, 48,
       225, 10, 243, 253, 37, 24, 226, 250, 78, 51, 87, 206, 173, 247,
       44, 106, 78, 176, 234, 242, 155, 252, 211, 108, 220, 43, 135, 196,
       125, 239, 205, 193, 239, 32, 130, 251, 237, 144, 12, 251, 80, 80,
       9, 141, 122, 123, 112, 172, 105, 183, 125, 13, 126, 28, 191, 163,
       50, 48, 151, 186, 6, 12, 186, 184, 48, 63, 239, 255, 50, 64, 90,
       192, 195, 169, 69, 134, 173, 241, 172, 46, 205, 155, 158, 255,
       155, 84, 215, 46, 89, 107, 197, 86, 125, 157, 184, 68, 251, 2,
       205, 255, 255, 244, 128, 113, 213, 113, 10, 176, 50, 145, 211,
       221, 176, 71, 191, 89, 70, 25, 172, 156, 70, 140, 164, 59, 243,
       17, 22, 216, 146, 213, 79, 85, 26, 99, 138, 12, 143, 223, 117,
       164, 216, 96, 88, 79, 75, 58, 83, 160, 173, 8, 19, 243, 67, 48,
       25, 220, 80, 56, 11, 90, 248, 14, 251, 141, 37, 124, 161, 162, 66,
       162, 171, 99, 83, 205, 109, 6, 105, 80, 45, 64, 244, 70, 157, 131,
       149, 181, 110, 140, 95, 236, 193, 178, 241, 208, 135, 248, 130,
       160, 111, 128, 98, 160, 121, 81, 81, 237, 79, 140, 105, 88, 111,
       112, 242, 78, 223, 147, 9, 244, 122, 140, 62, 76, 73, 18, 243,
       209, 213, 248, 163, 40, 62, 138, 114, 178, 81, 2, 236, 173, 44,
       59, 200, 58, 95, 97, 218, 231, 223, 40, 150, 96, 126, 140, 126,
       45, 141, 184, 197, 152, 206, 127, 99, 148, 125, 174, 88, 21, 60,
       13, 107, 236, 148, 6, 111, 115, 116, 128, 254, 130, 81, 103, 176,
       97, 122, 236, 23, 238, 249, 155, 53, 78, 251, 175, 163, 192, 37,
       162, 240, 176, 136, 128, 118, 221, 21, 135, 160, 51, 86, 131, 71,
       19, 176, 185, 52, 64, 80, 44, 42, 136, 180, 188, 19, 222, 79, 47,
       146, 0, 26, 136, 121, 138, 92, 252, 188, 246, 137, 37, 95, 190,
       146, 247, 142, 13, 247, 255, 67, 107, 133, 215, 121, 215, 44, 79,
       251, 59, 251, 231, 221, 61, 136, 121, 45, 90, 93, 83, 251, 69,
       226, 26, 127, 56, 105, 226, 127, 230, 223, 39, 155, 114, 54, 197,
       124, 238, 193, 144, 45, 72, 246, 175, 102, 132, 38, 243, 67, 113,
       192, 140, 159, 189, 48, 174, 121, 39, 188, 7, 106, 21, 183, 163,
       32, 82, 165, 55, 104, 4, 48, 189, 19, 103, 205, 182, 82, 64, 200,
       0, 129, 26, 125, 99, 224, 101, 230, 59, 254, 152, 97, 224, 127,
       232, 219, 29, 219, 188, 62, 220, 215, 110, 140, 176, 237, 136,
       102, 93, 165, 165, 231, 255, 90, 225, 236, 127, 157, 97, 160, 14,
       71, 144, 50, 170, 170, 76, 215, 33, 65, 91, 149, 100, 108, 126,
       121, 244, 217, 42, 237, 147, 101, 52, 200, 251, 66, 48, 101, 109,
       57, 101, 188, 47, 79, 190, 82, 170, 42, 72, 215, 49, 81, 57, 144,
       92, 124, 110, 73, 112, 249, 60, 229, 158, 101, 52, 64, 249, 194,
       32, 65, 176, 147, 91, 136, 236, 33, 6, 254, 83, 162, 88, 182, 144,
       200, 124, 33, 30, 104, 24, 19, 45, 179, 81, 141, 188, 18, 88, 192,
       0, 3, 44, 174, 56, 145, 88, 73, 253, 112, 194, 187, 51, 100, 24,
       14, 223, 101, 156, 169, 187, 131, 16, 51, 126, 218, 243, 31, 92,
       17, 111, 211, 69, 78, 166, 64, 185, 191, 86, 200, 125, 53, 179,
       234, 251, 43, 252, 246, 246, 204, 58, 33, 118, 106, 0, 17, 73,
       191, 96, 207, 146, 117, 56, 192, 105, 133, 127, 57, 6, 110, 205,
       70, 18, 239, 122, 84, 198, 246, 198, 81, 33, 183, 97, 120, 236,
       55, 238, 232, 179, 37, 206, 118, 239, 227, 132, 63, 168, 112, 224,
       31, 79, 66, 222, 247, 146, 239, 247, 213, 128, 254, 162, 105, 227,
       183, 228, 122, 250, 150, 202, 205, 139, 46, 237, 50, 253, 135,
       139, 63, 246, 120, 173, 221, 225, 177, 226, 180, 141, 75, 188,
       126, 41, 3, 24, 151, 209, 88, 96, 144, 94, 125, 89, 90, 120, 249,
       51, 233, 236, 47, 124, 0, 18, 151, 34, 138, 34, 106, 225, 116,
       178, 105, 83, 53, 13, 255, 245, 137, 3, 146, 84, 126, 141, 23,
       188, 152, 154, 101, 214, 222, 253, 170, 192, 166, 133, 102, 241,
       65, 233, 59, 73, 48, 222, 103, 52, 100, 64, 110, 0, 242, 209, 128,
       116, 48, 36, 120, 104, 195, 184, 181, 61, 101, 173, 32, 64, 66,
       130, 199, 40, 35, 174, 192, 23, 240, 187, 232, 223, 123, 233, 112,
       253, 106, 232, 214, 24, 63, 238, 70, 28, 183, 250, 205, 127, 14,
       30, 53, 228, 205, 132, 202, 221, 193, 148, 189, 117, 17, 78, 241,
       51, 124, 235, 102, 16, 182, 61, 4, 115, 133, 52, 104, 8, 161, 252,
       113, 14, 79, 191, 80, 0, 72, 0, 65, 58, 143, 88, 65, 71, 116, 30,
       238, 48, 125, 232, 115, 228, 217, 8, 149, 164, 22, 108, 22, 238,
       229, 180, 53, 238, 36, 121, 170, 128, 79, 183, 89, 149, 36, 168,
       27, 250, 236, 133, 234, 200, 222, 25, 249, 88, 189, 195, 104, 32,
       217, 43, 6, 88, 19, 46, 90, 243, 220, 213, 191, 124, 152, 139,
       225, 129, 105, 121, 249, 69, 116, 95, 103, 48, 121, 228, 126, 8,
       27, 29, 149, 52, 30, 252, 68, 106, 201, 186, 245, 10, 39, 253, 5,
       32, 103, 170, 70, 252, 242, 76, 150, 174, 45, 70, 86, 96, 185,
       130, 235, 3, 103, 242, 37, 83, 216, 245, 236, 99, 104, 231, 147,
       202, 177, 242, 202, 27, 0, 122, 46, 14, 138, 152, 57, 219, 125,
       229, 185, 223, 31, 123, 84, 82, 188, 223, 108, 108, 221, 27, 151,
       17, 179, 62, 107, 247, 79, 223, 187, 239, 146, 8, 181, 251, 40,
       89, 59, 117, 112, 204, 117, 55, 248, 76, 118, 8, 191, 23, 3, 48,
       164, 58, 87, 8, 192, 184, 48, 46, 231, 253, 48, 0, 66, 144, 70,
       251, 124, 61, 18, 254, 25, 237, 82, 96, 171, 144, 169, 9, 46, 223,
       33, 149, 168, 179, 221, 98, 14, 11, 26, 253, 147, 209, 3, 59, 82,
       39, 47, 19, 8, 128, 87, 251, 21, 227, 160, 71, 84, 1, 67, 18, 161,
       217, 56, 200, 120, 42, 42, 0, 50, 188, 19, 183, 7, 239, 146, 65,
       183, 137, 240, 130, 144, 153, 127, 110, 114, 192, 55, 229, 172, 1,
       110, 33, 63, 151, 32, 112, 162, 243, 127, 192, 80, 153, 18, 109,
       241, 161, 38, 3, 96, 2, 167, 171, 124, 56, 157, 101, 185, 79, 71,
       176, 120, 170, 38, 8, 214, 51, 1, 59, 144, 116, 108, 106, 121,
       240, 89, 44, 229, 235, 101, 52, 232, 59, 66, 34, 216, 125, 159,
       180, 18, 106, 55, 38, 176, 226, 42, 40, 255, 179, 65, 19, 50, 118,
       108, 98, 97, 217, 145, 42, 249, 231, 117, 18, 32, 112, 3, 43, 208,
       157, 159, 190, 130, 192, 53, 103, 180, 11, 202, 48, 253, 246, 32,
       99, 34, 119, 124, 129, 112, 205, 130, 107, 241, 167, 126, 9, 32,
       96, 165, 43, 109, 213, 237, 197, 212, 94, 239, 189, 117, 230, 222,
       2, 211, 124, 156, 101, 88, 212, 62, 235, 249, 176, 125, 142, 173,
       238, 231, 132, 39, 249, 244, 116, 104, 233, 249, 71, 116, 79, 231,
