%YAML:1.0
---
descriptors: !!opencv-matrix
   rows: 274
   cols: 32
   dt: u
   data: [ 66, 30, 191, 181, 162, 46, 60, 7, 185, 155, 74, 241, 156, 62,
       4, 91, 167, 119, 125, 21, 176, 221, 131, 64, 141, 50, 94, 194,
       140, 116, 129, 53, 28, 221, 58, 234, 219, 196, 87, 246, 175, 4,
       236, 4, 62, 255, 33, 112, 230, 251, 215, 210, 66, 43, 58, 253,
       251, 237, 6, 75, 114, 115, 39, 187, 214, 168, 158, 186, 139, 241,
       16, 203, 159, 189, 165, 57, 108, 211, 106, 94, 129, 115, 232, 16,
       6, 79, 138, 83, 154, 210, 89, 127, 50, 32, 15, 15, 86, 190, 158,
       158, 186, 208, 52, 238, 187, 215, 5, 183, 236, 230, 230, 79, 167,
       115, 236, 129, 182, 77, 174, 253, 186, 50, 223, 175, 156, 116,
       173, 87, 130, 218, 14, 153, 51, 135, 56, 70, 191, 13, 66, 183,
       172, 194, 38, 73, 230, 43, 51, 213, 6, 220, 2, 253, 4, 50, 154,
       203, 24, 4, 41, 159, 10, 175, 136, 185, 223, 177, 188, 239, 30,
       19, 88, 155, 172, 170, 82, 128, 233, 43, 227, 149, 54, 122, 199,
       247, 126, 23, 158, 107, 157, 76, 187, 138, 98, 186, 185, 149, 244,
       238, 145, 23, 58, 235, 145, 125, 148, 61, 68, 42, 141, 63, 117,
       17, 177, 254, 209, 66, 221, 54, 250, 242, 204, 72, 151, 187, 3,
       175, 192, 23, 214, 41, 165, 239, 94, 35, 90, 242, 160, 32, 220,
       36, 123, 78, 34, 156, 242, 248, 165, 119, 44, 30, 158, 224, 197,
       204, 249, 172, 207, 24, 124, 97, 40, 191, 90, 152, 175, 120, 135,
       204, 223, 31, 87, 251, 135, 21, 253, 254, 133, 5, 89, 220, 195,
       219, 105, 246, 30, 183, 9, 21, 228, 161, 145, 100, 252, 78, 68,
       157, 50, 184, 176, 72, 214, 113, 65, 50, 152, 212, 117, 120, 107,
       106, 203, 26, 109, 152, 165, 60, 192, 32, 82, 42, 71, 55, 197,
       133, 178, 62, 46, 23, 43, 249, 26, 229, 205, 38, 211, 150, 23,
       103, 253, 181, 149, 216, 229, 200, 172, 116, 175, 230, 142, 230,
       155, 221, 16, 191, 249, 165, 50, 42, 191, 55, 58, 225, 90, 231,
       181, 45, 210, 0, 54, 127, 21, 21, 209, 184, 245, 14, 236, 231, 63,
       160, 237, 224, 135, 249, 194, 92, 246, 191, 11, 4, 61, 199, 244,
       6, 194, 6, 173, 162, 33, 79, 202, 115, 107, 129, 98, 141, 23, 235,
       33, 115, 222, 2, 28, 240, 37, 188, 208, 251, 27, 228, 114, 136,
       115, 54, 40, 4, 226, 40, 183, 147, 0, 16, 162, 189, 76, 64, 90,
       11, 128, 7, 249, 165, 32, 88, 96, 128, 135, 43, 125, 241, 212, 75,
       155, 22, 94, 184, 119, 184, 227, 100, 89, 82, 205, 247, 118, 221,
       164, 250, 205, 82, 223, 216, 42, 200, 103, 236, 59, 179, 104, 149,
       162, 221, 122, 94, 87, 213, 239, 231, 93, 78, 124, 14, 56, 236,
       62, 129, 216, 43, 131, 99, 227, 187, 48, 255, 53, 30, 88, 171, 93,
       44, 127, 218, 33, 164, 124, 69, 85, 47, 97, 62, 105, 33, 110, 8,
       179, 49, 28, 52, 8, 14, 82, 12, 11, 184, 241, 15, 71, 216, 16, 0,
       74, 136, 66, 168, 159, 212, 237, 255, 188, 118, 95, 185, 31, 250,
       159, 22, 221, 127, 58, 99, 95, 215, 191, 171, 249, 212, 123, 223,
       239, 255, 239, 212, 190, 251, 180, 115, 166, 8, 102, 158, 108,
       225, 234, 96, 165, 68, 195, 133, 161, 206, 55, 65, 200, 168, 11,
       199, 12, 143, 22, 253, 16, 48, 138, 9, 20, 175, 116, 214, 39, 125,
       208, 74, 255, 61, 134, 200, 95, 194, 125, 204, 203, 248, 215, 164,
       30, 104, 194, 127, 135, 34, 95, 58, 38, 28, 5, 58, 223, 255, 90,
       132, 254, 125, 69, 231, 212, 203, 70, 148, 49, 232, 242, 234, 115,
       93, 145, 245, 126, 252, 181, 243, 233, 210, 221, 172, 55, 235,
       165, 128, 47, 251, 210, 185, 90, 177, 190, 240, 137, 100, 21, 223,
       162, 63, 164, 25, 31, 191, 74, 27, 133, 215, 249, 144, 58, 75,
       147, 17, 219, 211, 223, 127, 128, 80, 175, 122, 37, 49, 125, 71,
       116, 79, 235, 248, 122, 236, 117, 96, 211, 117, 157, 53, 62, 92,
       22, 110, 193, 240, 233, 76, 109, 152, 37, 164, 75, 187, 70, 241,
       176, 237, 201, 255, 222, 201, 135, 238, 22, 114, 8, 171, 179, 53,
       16, 32, 9, 218, 19, 67, 107, 56, 95, 63, 236, 6, 173, 49, 61, 88,
       150, 186, 254, 244, 179, 210, 251, 245, 159, 216, 155, 251, 181,
       63, 92, 253, 111, 46, 189, 211, 223, 211, 178, 103, 186, 242, 123,
       94, 141, 255, 215, 127, 183, 247, 80, 253, 26, 168, 145, 205, 53,
       71, 172, 1, 168, 8, 190, 151, 32, 80, 160, 59, 89, 16, 2, 11, 16,
       87, 249, 149, 30, 59, 192, 0, 167, 43, 252, 44, 186, 242, 157,
       252, 83, 202, 251, 151, 141, 25, 206, 233, 75, 154, 217, 254, 233,
       19, 62, 103, 250, 162, 219, 215, 85, 127, 162, 109, 94, 98, 207,
       225, 59, 204, 105, 148, 127, 241, 168, 72, 132, 8, 220, 215, 120,
       242, 164, 53, 123, 236, 209, 3, 178, 209, 255, 249, 139, 248, 26,
       162, 163, 113, 184, 182, 152, 123, 185, 253, 21, 207, 62, 31, 172,
       16, 167, 247, 74, 24, 209, 91, 237, 16, 58, 77, 250, 51, 235, 199,
       62, 123, 144, 80, 135, 235, 94, 240, 189, 244, 169, 108, 89, 158,
       175, 251, 190, 40, 223, 255, 73, 122, 167, 213, 253, 81, 83, 65,
       251, 192, 219, 251, 127, 255, 128, 112, 7, 123, 130, 122, 147,
       152, 9, 228, 180, 198, 190, 31, 128, 85, 172, 194, 97, 219, 197,
       59, 202, 1, 3, 79, 146, 113, 145, 176, 90, 58, 152, 81, 39, 31,
       216, 219, 190, 118, 169, 157, 85, 165, 179, 190, 166, 25, 238,
       237, 66, 27, 133, 247, 237, 67, 120, 111, 186, 53, 243, 243, 85,
       123, 66, 52, 143, 106, 245, 237, 237, 239, 156, 71, 207, 253, 86,
       242, 180, 26, 211, 117, 89, 115, 89, 198, 127, 254, 249, 98, 251,
       58, 251, 203, 229, 124, 241, 251, 208, 104, 75, 48, 156, 188, 106,
       60, 152, 31, 171, 91, 177, 125, 252, 254, 78, 154, 134, 19, 253,
       5, 135, 71, 146, 193, 146, 255, 122, 186, 204, 96, 139, 19, 70,
       48, 186, 180, 235, 97, 188, 75, 138, 215, 17, 187, 12, 252, 79,
       10, 175, 93, 243, 131, 22, 103, 154, 192, 93, 67, 95, 175, 197,
       117, 175, 211, 34, 189, 105, 88, 93, 253, 178, 99, 171, 69, 248,
       173, 34, 156, 22, 48, 204, 187, 211, 1, 159, 58, 118, 189, 23, 16,
       152, 251, 85, 12, 86, 223, 82, 178, 154, 140, 250, 225, 19, 79,
       158, 141, 200, 175, 44, 230, 230, 80, 183, 191, 235, 16, 22, 11,
       138, 83, 88, 36, 57, 255, 145, 6, 167, 91, 86, 189, 235, 182, 146,
       224, 191, 191, 186, 211, 90, 227, 253, 255, 121, 64, 55, 127, 181,
       183, 243, 80, 142, 235, 233, 103, 111, 143, 164, 246, 165, 243,
       205, 245, 59, 206, 61, 156, 95, 113, 233, 72, 173, 72, 252, 223,
       124, 245, 244, 168, 95, 238, 209, 7, 184, 223, 243, 249, 139, 120,
       18, 162, 99, 34, 32, 224, 160, 17, 109, 253, 224, 143, 107, 63,
       57, 25, 142, 8, 94, 28, 137, 8, 194, 17, 6, 116, 219, 16, 15, 20,
       17, 127, 194, 76, 215, 214, 29, 93, 10, 171, 50, 231, 27, 216, 38,
       100, 205, 36, 215, 247, 43, 32, 127, 120, 28, 127, 9, 145, 24, 30,
       233, 197, 43, 84, 178, 99, 39, 241, 249, 86, 210, 100, 33, 94, 87,
       52, 161, 206, 166, 12, 123, 119, 139, 246, 114, 228, 236, 106,
       108, 135, 176, 42, 243, 237, 96, 25, 34, 181, 102, 123, 5, 159,
       45, 49, 160, 46, 175, 184, 44, 122, 122, 229, 213, 111, 152, 81,
       151, 71, 127, 110, 209, 144, 121, 92, 108, 187, 111, 196, 216,
       243, 131, 113, 17, 151, 235, 227, 180, 38, 109, 255, 54, 105, 91,
       246, 213, 51, 216, 96, 127, 143, 55, 189, 187, 152, 45, 87, 236,
       142, 191, 196, 173, 194, 177, 177, 33, 95, 105, 73, 116, 135, 239,
       119, 68, 72, 124, 70, 17, 29, 181, 48, 108, 168, 22, 238, 233,
       186, 116, 63, 103, 44, 160, 128, 125, 152, 114, 249, 205, 48, 152,
       174, 108, 44, 88, 25, 43, 81, 37, 29, 221, 251, 90, 26, 150, 9,
       113, 189, 151, 70, 218, 209, 199, 249, 90, 124, 220, 226, 203,
       210, 7, 82, 255, 154, 168, 116, 63, 216, 191, 94, 21, 245, 76,
       206, 239, 107, 183, 81, 191, 119, 166, 69, 46, 240, 74, 26, 111,
       207, 148, 247, 37, 117, 17, 189, 111, 165, 50, 202, 107, 55, 44,
       224, 26, 229, 183, 7, 144, 96, 54, 117, 93, 253, 241, 152, 53, 14,
       236, 141, 47, 144, 44, 128, 133, 121, 71, 242, 232, 129, 226, 82,
