%YAML:1.0
---
descriptors: !!opencv-matrix
   rows: 233
   cols: 32
   dt: u
   data: [ 236, 168, 173, 113, 157, 254, 251, 146, 195, 253, 30, 16, 155,
       189, 86, 234, 201, 124, 253, 24, 155, 124, 251, 176, 79, 251, 225,
       117, 194, 237, 84, 118, 129, 208, 119, 89, 36, 191, 233, 147, 110,
       81, 114, 84, 155, 144, 156, 237, 70, 42, 126, 28, 131, 180, 119,
       209, 133, 248, 114, 64, 196, 136, 193, 164, 161, 212, 123, 87,
       100, 143, 239, 180, 125, 74, 119, 64, 243, 85, 156, 53, 30, 120,
       22, 110, 225, 180, 121, 47, 103, 154, 32, 128, 75, 155, 66, 185,
       124, 89, 121, 103, 48, 79, 103, 184, 100, 236, 254, 45, 243, 69,
       155, 80, 94, 236, 108, 110, 201, 176, 121, 44, 231, 237, 37, 0,
       96, 186, 70, 113, 116, 89, 125, 101, 44, 86, 90, 176, 225, 140,
       191, 2, 83, 95, 157, 115, 110, 212, 61, 234, 200, 32, 117, 12,
       215, 235, 227, 133, 101, 163, 116, 99, 141, 248, 191, 127, 109,
       189, 125, 220, 255, 219, 102, 16, 253, 255, 93, 123, 197, 125,
       127, 158, 231, 84, 187, 241, 79, 251, 223, 40, 130, 245, 103, 250,
       35, 207, 109, 173, 76, 20, 141, 255, 0, 79, 220, 199, 161, 46,
       178, 65, 76, 131, 151, 141, 239, 26, 101, 189, 166, 99, 250, 144,
       53, 220, 188, 220, 54, 169, 82, 224, 212, 139, 234, 97, 79, 160,
       185, 10, 6, 137, 116, 0, 186, 171, 3, 243, 26, 187, 8, 252, 184,
       156, 133, 116, 229, 11, 210, 128, 24, 241, 147, 225, 146, 194, 43,
       254, 54, 161, 82, 242, 157, 23, 200, 224, 55, 95, 21, 248, 83,
       216, 145, 102, 236, 199, 190, 196, 172, 144, 161, 184, 80, 173,
       22, 120, 147, 201, 84, 231, 176, 2, 234, 40, 39, 147, 0, 81, 163,
       187, 77, 0, 104, 139, 0, 63, 241, 230, 16, 19, 96, 80, 167, 10,
       181, 95, 79, 47, 54, 26, 238, 248, 100, 232, 251, 230, 115, 104,
       157, 225, 126, 228, 30, 239, 237, 176, 109, 46, 54, 235, 167, 132,
       109, 187, 120, 149, 92, 184, 155, 120, 250, 200, 19, 198, 178,
       137, 168, 40, 191, 151, 64, 48, 167, 251, 108, 16, 27, 75, 178,
       99, 249, 197, 53, 105, 160, 0, 167, 59, 117, 164, 201, 181, 214,
       11, 107, 254, 16, 161, 242, 218, 211, 41, 16, 48, 122, 206, 54,
       45, 57, 250, 197, 15, 252, 167, 181, 96, 237, 168, 210, 160, 18,
       201, 67, 238, 182, 194, 239, 229, 52, 64, 218, 162, 97, 231, 160,
       100, 122, 255, 151, 226, 89, 155, 45, 239, 240, 38, 174, 129, 37,
       178, 181, 248, 40, 28, 126, 127, 103, 115, 125, 114, 213, 86, 125,
       35, 123, 125, 51, 27, 235, 186, 151, 162, 172, 242, 58, 189, 71,
       203, 240, 129, 119, 253, 118, 219, 200, 217, 147, 227, 185, 204,
       55, 157, 174, 105, 138, 88, 190, 247, 64, 246, 164, 119, 253, 88,
       19, 9, 155, 243, 237, 245, 15, 94, 130, 2, 133, 59, 134, 72, 18,
       180, 230, 142, 190, 226, 188, 2, 210, 67, 188, 250, 37, 65, 235,
       105, 59, 199, 100, 157, 10, 250, 180, 50, 207, 2, 28, 57, 33, 130,
       237, 16, 253, 81, 172, 126, 233, 159, 70, 251, 54, 20, 209, 61,
       220, 107, 77, 84, 127, 24, 179, 244, 247, 0, 79, 59, 246, 212,
       206, 216, 212, 113, 55, 51, 119, 111, 108, 11, 250, 88, 93, 104,
       113, 229, 95, 157, 157, 32, 222, 29, 119, 111, 201, 242, 69, 144,
       6, 248, 33, 166, 77, 139, 114, 177, 10, 129, 150, 219, 251, 208,
       184, 109, 175, 21, 67, 177, 236, 246, 44, 207, 227, 27, 171, 144,
       22, 200, 11, 213, 13, 178, 218, 203, 146, 4, 173, 158, 134, 156,
       190, 179, 167, 191, 180, 183, 159, 255, 78, 21, 204, 190, 98, 75,
       167, 119, 187, 21, 182, 252, 59, 230, 239, 87, 95, 67, 152, 92,
       141, 255, 212, 29, 219, 255, 214, 102, 63, 144, 186, 63, 79, 18,
       93, 247, 169, 94, 119, 95, 55, 90, 114, 148, 184, 226, 245, 174,
       39, 132, 182, 243, 165, 97, 124, 177, 253, 238, 169, 101, 95, 152,
       35, 249, 173, 9, 223, 255, 73, 122, 215, 213, 253, 242, 27, 67,
       251, 49, 251, 215, 101, 125, 186, 115, 6, 115, 124, 125, 237, 231,
       60, 79, 87, 184, 34, 236, 158, 13, 247, 125, 83, 18, 30, 244, 125,
       107, 201, 210, 249, 44, 249, 207, 101, 180, 44, 179, 22, 115, 84,
       56, 19, 120, 200, 237, 33, 194, 174, 22, 171, 24, 150, 215, 65,
       124, 161, 154, 106, 26, 27, 3, 186, 80, 209, 148, 17, 124, 192,
       65, 39, 98, 248, 252, 17, 250, 49, 205, 91, 252, 51, 74, 240, 92,
       63, 151, 64, 213, 181, 249, 21, 122, 123, 126, 152, 191, 251, 217,
       36, 248, 58, 144, 130, 59, 62, 10, 231, 160, 189, 227, 203, 216,
       135, 205, 155, 227, 72, 237, 249, 204, 93, 240, 159, 255, 138,
       131, 109, 222, 152, 86, 139, 215, 183, 175, 52, 117, 168, 122,
       252, 241, 236, 95, 85, 246, 81, 190, 116, 10, 27, 25, 3, 27, 79,
       188, 199, 56, 232, 254, 113, 28, 111, 203, 117, 37, 227, 248, 86,
       171, 5, 143, 246, 215, 244, 62, 238, 183, 127, 177, 122, 64, 219,
       56, 188, 230, 67, 78, 54, 89, 151, 248, 45, 236, 46, 254, 118, 68,
       206, 251, 217, 140, 255, 221, 234, 142, 253, 53, 222, 252, 87,
       202, 221, 207, 121, 232, 255, 228, 127, 202, 182, 239, 253, 35,
       190, 250, 122, 111, 175, 172, 255, 255, 248, 213, 236, 201, 189,
       255, 173, 140, 125, 151, 255, 27, 102, 16, 190, 253, 84, 91, 193,
       102, 127, 94, 251, 252, 251, 177, 239, 251, 84, 82, 210, 216, 212,
       42, 11, 143, 159, 255, 246, 174, 250, 247, 188, 9, 122, 98, 124,
       255, 180, 224, 255, 55, 55, 141, 179, 185, 32, 255, 124, 63, 186,
       192, 133, 128, 161, 169, 41, 121, 49, 77, 125, 79, 71, 188, 69,
       232, 108, 8, 242, 81, 1, 52, 216, 124, 66, 106, 73, 178, 121, 29,
       103, 188, 5, 48, 90, 58, 86, 170, 255, 255, 198, 159, 253, 51,
       110, 253, 23, 238, 255, 255, 105, 235, 223, 212, 127, 207, 183,
       238, 252, 214, 207, 255, 62, 126, 237, 132, 175, 255, 250, 213,
       210, 226, 174, 191, 8, 192, 56, 142, 174, 20, 194, 163, 225, 239,
       106, 67, 225, 255, 251, 145, 6, 69, 138, 241, 223, 35, 239, 205,
       37, 32, 53, 194, 200, 188, 191, 121, 233, 237, 181, 87, 190, 31,
       164, 17, 190, 191, 66, 59, 165, 51, 251, 16, 50, 109, 178, 83,
       207, 223, 86, 123, 194, 64, 167, 203, 191, 20, 227, 197, 228, 118,
       233, 82, 85, 202, 215, 242, 89, 29, 247, 238, 124, 164, 55, 189,
       169, 247, 37, 202, 18, 106, 227, 132, 175, 253, 112, 245, 44, 55,
       124, 103, 96, 14, 127, 56, 116, 174, 127, 108, 211, 119, 137, 49,
       22, 92, 71, 106, 224, 240, 105, 14, 103, 239, 101, 132, 96, 243,
       70, 227, 37, 125, 121, 101, 244, 79, 111, 188, 113, 228, 126, 8,
       211, 53, 145, 48, 31, 204, 84, 106, 233, 176, 249, 14, 239, 159,
       37, 4, 99, 251, 70, 240, 111, 180, 188, 218, 237, 253, 185, 91,
       159, 127, 181, 126, 156, 254, 110, 43, 239, 147, 255, 145, 183,
       111, 122, 209, 223, 27, 251, 254, 157, 73, 155, 211, 86, 252, 247,
       150, 242, 98, 63, 216, 155, 247, 17, 179, 92, 247, 233, 91, 55,
       127, 189, 115, 178, 69, 186, 238, 249, 38, 255, 238, 166, 255,
       149, 115, 74, 153, 150, 222, 75, 220, 176, 101, 175, 17, 66, 32,
       172, 158, 102, 230, 166, 51, 250, 64, 7, 201, 146, 225, 31, 112,
       90, 75, 2, 4, 45, 159, 16, 173, 110, 235, 22, 139, 251, 229, 100,
       0, 222, 130, 247, 75, 48, 33, 122, 107, 93, 237, 90, 169, 45, 61,
       233, 201, 175, 65, 117, 130, 97, 168, 252, 83, 118, 236, 44, 22,
       86, 120, 165, 140, 247, 111, 111, 127, 174, 211, 252, 245, 237,
       98, 236, 163, 41, 140, 179, 251, 229, 147, 51, 191, 108, 83, 150,
       252, 190, 190, 190, 243, 183, 238, 158, 247, 95, 179, 236, 252,
       111, 203, 183, 127, 255, 147, 118, 237, 171, 255, 254, 103, 127,
       207, 149, 127, 173, 223, 205, 120, 191, 255, 109, 253, 121, 220,
       255, 251, 36, 16, 252, 255, 93, 123, 197, 125, 123, 26, 163, 69,
       250, 243, 79, 251, 223, 42, 146, 113, 99, 250, 200, 169, 190, 251,
       173, 205, 117, 167, 255, 63, 166, 24, 190, 185, 96, 123, 129, 119,
       123, 80, 114, 105, 219, 177, 239, 251, 84, 91, 210, 88, 197, 42,
       183, 134, 198, 30, 214, 147, 166, 238, 94, 194, 240, 247, 96, 232,
