%YAML:1.0
---
descriptors: !!opencv-matrix
   rows: 157
   cols: 32
   dt: u
   data: [ 111, 55, 244, 70, 238, 59, 127, 57, 121, 230, 127, 236, 75,
       45, 223, 191, 23, 214, 247, 46, 213, 114, 237, 202, 62, 94, 69,
       167, 239, 246, 222, 117, 136, 144, 62, 247, 52, 206, 121, 55, 60,
       75, 119, 20, 255, 55, 2, 89, 231, 55, 127, 8, 184, 220, 113, 47,
       207, 255, 114, 192, 160, 128, 5, 123, 39, 55, 224, 210, 239, 113,
       190, 201, 91, 246, 125, 175, 72, 204, 223, 172, 255, 219, 147,
       151, 151, 118, 254, 242, 30, 28, 143, 239, 199, 255, 255, 213, 27,
       172, 178, 187, 147, 229, 63, 199, 190, 87, 202, 17, 188, 254, 98,
       80, 227, 127, 123, 149, 22, 217, 186, 247, 249, 247, 159, 107,
       128, 84, 161, 202, 16, 185, 59, 234, 52, 199, 115, 113, 204, 140,
       215, 98, 247, 223, 160, 96, 250, 57, 31, 120, 155, 187, 40, 29,
       249, 173, 35, 192, 48, 10, 117, 35, 88, 187, 158, 122, 170, 173,
       16, 215, 174, 29, 168, 57, 190, 243, 64, 90, 167, 59, 237, 16, 18,
       73, 146, 49, 217, 231, 116, 123, 224, 64, 167, 11, 208, 178, 158,
       178, 170, 172, 57, 23, 186, 23, 35, 157, 189, 167, 72, 91, 167,
       55, 109, 16, 50, 77, 146, 1, 201, 227, 122, 73, 128, 64, 167, 27,
       240, 193, 28, 252, 185, 77, 85, 175, 159, 89, 160, 25, 247, 243,
       74, 83, 193, 199, 125, 64, 106, 75, 219, 51, 249, 243, 79, 127,
       16, 24, 194, 42, 7, 191, 61, 251, 253, 191, 255, 221, 207, 125,
       221, 70, 156, 220, 63, 97, 221, 27, 31, 63, 179, 178, 122, 255,
       239, 221, 135, 116, 146, 219, 209, 241, 237, 249, 149, 69, 169,
       94, 71, 183, 123, 170, 162, 72, 222, 51, 65, 246, 129, 84, 236,
       122, 105, 92, 249, 42, 175, 254, 85, 54, 202, 244, 194, 60, 175,
       238, 230, 153, 246, 50, 190, 234, 91, 211, 84, 246, 72, 232, 247,
       239, 127, 79, 150, 191, 247, 222, 142, 226, 46, 127, 239, 231,
       159, 125, 249, 133, 42, 176, 16, 184, 221, 221, 144, 71, 31, 21,
       224, 25, 174, 158, 110, 140, 201, 27, 131, 17, 22, 43, 82, 213,
       143, 208, 26, 123, 210, 12, 141, 206, 57, 113, 123, 102, 85, 95,
       219, 112, 69, 192, 253, 10, 123, 93, 177, 32, 56, 184, 23, 234,
       201, 179, 48, 140, 243, 205, 160, 32, 111, 139, 118, 242, 217,
       223, 111, 109, 38, 22, 111, 53, 112, 74, 94, 230, 121, 55, 176,
       100, 118, 100, 52, 238, 233, 148, 37, 47, 102, 239, 230, 128, 47,
       178, 240, 57, 73, 181, 49, 97, 177, 207, 101, 63, 111, 41, 126,
       108, 158, 55, 128, 244, 21, 30, 252, 40, 211, 24, 241, 223, 237,
       220, 53, 230, 90, 128, 131, 57, 217, 113, 29, 101, 32, 78, 71, 48,
       224, 232, 162, 72, 215, 55, 1, 115, 16, 84, 124, 106, 105, 193,
       177, 12, 225, 235, 101, 16, 42, 179, 2, 49, 169, 185, 59, 117,
       100, 207, 101, 49, 121, 224, 100, 24, 183, 25, 0, 177, 152, 172,
       18, 8, 105, 250, 112, 31, 199, 221, 20, 32, 74, 136, 194, 170,
       215, 223, 125, 254, 174, 102, 31, 252, 159, 94, 158, 247, 125,
       127, 191, 99, 255, 215, 61, 239, 233, 71, 123, 255, 243, 251, 239,
       156, 61, 243, 33, 121, 165, 197, 61, 235, 188, 175, 223, 253, 223,
       123, 157, 18, 215, 127, 61, 96, 221, 131, 31, 127, 251, 35, 123,
       255, 239, 158, 135, 116, 144, 219, 209, 240, 244, 244, 253, 246,
       188, 103, 79, 248, 18, 250, 189, 26, 83, 117, 89, 59, 89, 214,
       125, 106, 249, 103, 251, 42, 251, 203, 229, 60, 189, 251, 214,
       242, 254, 95, 110, 68, 179, 114, 159, 243, 169, 206, 158, 239,
       104, 110, 183, 55, 190, 247, 253, 231, 236, 131, 164, 238, 114,
       127, 239, 131, 39, 246, 126, 95, 223, 95, 115, 116, 179, 114, 127,
       246, 185, 238, 158, 239, 78, 125, 183, 183, 183, 247, 221, 231,
       237, 217, 164, 238, 122, 127, 109, 131, 239, 245, 39, 127, 128,
       232, 27, 251, 68, 197, 187, 204, 30, 5, 64, 3, 180, 217, 49, 72,
       248, 121, 19, 195, 66, 190, 122, 247, 69, 6, 154, 32, 21, 25, 53,
       202, 252, 44, 191, 252, 169, 110, 85, 67, 183, 155, 231, 24, 215,
       255, 65, 27, 201, 247, 125, 139, 40, 231, 219, 2, 209, 255, 243,
       28, 192, 113, 102, 34, 130, 183, 222, 179, 186, 136, 188, 55, 191,
       61, 219, 245, 173, 174, 198, 146, 167, 55, 239, 149, 242, 217,
       199, 231, 172, 116, 62, 195, 132, 196, 143, 157, 211, 169, 135,
       184, 155, 204, 24, 199, 175, 81, 130, 153, 174, 166, 64, 214, 167,
       103, 249, 149, 63, 79, 146, 243, 185, 242, 94, 122, 136, 4, 163,
       94, 70, 171, 188, 189, 170, 19, 188, 143, 174, 191, 148, 183, 204,
       238, 126, 75, 167, 95, 255, 149, 22, 73, 139, 241, 142, 115, 223,
       255, 148, 116, 173, 219, 38, 180, 177, 90, 217, 125, 86, 236, 83,
       251, 165, 25, 66, 253, 76, 61, 157, 218, 241, 50, 190, 98, 251,
       51, 59, 222, 85, 127, 211, 125, 214, 246, 80, 185, 159, 186, 138,
       200, 23, 167, 174, 85, 130, 173, 255, 247, 10, 82, 167, 243, 236,
       208, 91, 73, 155, 53, 249, 227, 94, 90, 168, 0, 167, 91, 66, 224,
       181, 249, 77, 237, 185, 74, 175, 189, 180, 11, 172, 223, 80, 26,
       235, 25, 127, 145, 2, 102, 243, 209, 223, 83, 95, 127, 128, 0, 7,
       202, 75, 150, 239, 95, 240, 214, 125, 191, 119, 83, 87, 182, 249,
       119, 158, 125, 127, 222, 63, 156, 191, 216, 127, 245, 127, 62,
       246, 196, 175, 192, 228, 125, 180, 58, 121, 103, 68, 111, 83, 88,
       115, 230, 101, 13, 19, 13, 83, 24, 152, 236, 68, 78, 140, 246,
       253, 58, 199, 205, 33, 36, 97, 187, 70, 210, 65, 160, 136, 181,
       64, 44, 121, 55, 48, 37, 106, 149, 181, 7, 2, 16, 132, 143, 81,
       140, 22, 216, 209, 67, 199, 173, 176, 64, 40, 128, 130, 218, 208,
       204, 28, 188, 40, 201, 21, 174, 190, 62, 176, 57, 182, 183, 64,
       83, 195, 215, 109, 64, 106, 79, 195, 55, 249, 227, 125, 191, 16,
       24, 135, 11, 56, 221, 123, 234, 83, 197, 19, 113, 5, 0, 237, 46,
       63, 223, 33, 112, 254, 187, 151, 226, 75, 43, 56, 63, 251, 205, 6,
       43, 59, 18, 38, 187, 24, 56, 123, 232, 91, 193, 25, 67, 167, 65,
       236, 32, 29, 159, 32, 120, 238, 185, 151, 144, 27, 139, 50, 208,
       211, 209, 10, 107, 243, 0, 39, 242, 138, 130, 164, 153, 221, 241,
       176, 143, 159, 23, 68, 19, 172, 174, 102, 205, 201, 27, 163, 17,
       54, 92, 66, 247, 15, 87, 218, 107, 146, 76, 157, 206, 222, 142,
       198, 183, 199, 54, 124, 167, 53, 183, 218, 151, 77, 43, 70, 203,
       233, 199, 187, 149, 52, 221, 145, 226, 126, 119, 222, 199, 167,
       85, 189, 202, 2, 24, 150, 220, 85, 244, 184, 71, 173, 21, 98, 3,
       172, 158, 38, 206, 224, 51, 187, 129, 6, 137, 18, 205, 7, 114, 90,
       75, 130, 4, 45, 206, 120, 180, 120, 101, 49, 95, 95, 59, 117, 230,
       239, 13, 223, 47, 2, 112, 251, 229, 237, 38, 236, 187, 249, 142,
       255, 255, 37, 53, 98, 164, 78, 82, 131, 104, 103, 91, 79, 249,
       236, 70, 125, 83, 115, 214, 168, 136, 212, 237, 107, 170, 234,
       219, 231, 252, 247, 224, 22, 120, 210, 67, 79, 29, 249, 140, 26,
       137, 62, 248, 3, 209, 24, 71, 173, 21, 228, 131, 12, 143, 32, 88,
       238, 187, 139, 144, 26, 139, 16, 212, 219, 209, 154, 67, 50, 0,
       39, 42, 63, 115, 99, 3, 119, 27, 251, 88, 111, 236, 117, 239, 72,
       204, 223, 180, 126, 136, 198, 254, 199, 179, 45, 208, 22, 88, 129,
       175, 111, 175, 126, 213, 116, 36, 155, 244, 164, 233, 69, 87, 191,
       175, 255, 56, 215, 243, 73, 90, 217, 254, 110, 24, 24, 223, 226,
       2, 221, 223, 119, 253, 192, 104, 230, 35, 252, 237, 228, 110, 29,
       31, 86, 172, 83, 174, 164, 10, 107, 105, 81, 151, 89, 196, 237,
       106, 108, 231, 217, 191, 251, 219, 197, 63, 99, 255, 94, 14, 216,
       126, 156, 191, 42, 169, 21, 146, 190, 190, 246, 253, 239, 163,
       195, 91, 135, 127, 237, 2, 40, 93, 203, 51, 196, 247, 117, 179,
       36, 241, 15, 11, 163, 238, 98, 26, 125, 157, 208, 103, 251, 79,
       184, 29, 42, 136, 118, 149, 137, 171, 198, 5, 238, 111, 230, 255,
       55, 88, 16, 59, 83, 4, 78, 207, 67, 236, 143, 154, 139, 205, 41,
       166, 174, 23, 128, 9, 172, 246, 68, 127, 161, 115, 121, 149, 70,
       73, 178, 113, 153, 48, 94, 123, 0, 0, 167, 108, 244, 244, 253,
