%YAML:1.0
---
descriptors: !!opencv-matrix
   rows: 178
   cols: 32
   dt: u
   data: [ 25, 157, 91, 239, 178, 235, 55, 247, 60, 1, 94, 226, 127, 115,
       160, 96, 54, 127, 30, 104, 17, 153, 29, 63, 248, 231, 39, 64, 61,
       202, 161, 57, 2, 162, 157, 155, 248, 169, 184, 175, 158, 19, 80,
       245, 172, 230, 232, 137, 207, 27, 235, 21, 50, 94, 78, 215, 12,
       22, 254, 238, 148, 136, 133, 153, 213, 223, 110, 167, 150, 6, 111,
       253, 36, 164, 210, 231, 113, 99, 187, 67, 126, 228, 61, 239, 232,
       147, 29, 45, 240, 171, 239, 132, 45, 178, 240, 120, 165, 239, 195,
       207, 254, 1, 238, 252, 222, 242, 89, 230, 241, 226, 249, 98, 127,
       202, 22, 238, 249, 51, 238, 250, 60, 14, 175, 172, 189, 251, 240,
       153, 135, 240, 150, 219, 43, 180, 56, 152, 159, 19, 65, 210, 220,
       214, 105, 239, 247, 25, 187, 146, 54, 213, 155, 241, 141, 178,
       219, 230, 152, 1, 41, 149, 30, 132, 195, 225, 150, 166, 111, 119,
       52, 193, 90, 210, 221, 103, 184, 100, 119, 223, 31, 188, 57, 152,
       21, 206, 233, 230, 190, 196, 175, 198, 161, 176, 2, 130, 132, 155,
       251, 161, 57, 47, 30, 29, 67, 183, 236, 111, 42, 201, 215, 11,
       163, 149, 50, 216, 75, 213, 141, 54, 218, 203, 144, 12, 165, 251,
       40, 237, 178, 84, 221, 220, 245, 199, 239, 13, 110, 8, 46, 181,
       101, 182, 168, 122, 202, 80, 82, 169, 178, 105, 59, 253, 20, 11,
       194, 88, 198, 174, 52, 205, 99, 79, 212, 95, 231, 252, 85, 224,
       248, 66, 115, 101, 189, 164, 120, 238, 6, 234, 217, 187, 124, 191,
       59, 238, 165, 4, 119, 251, 244, 232, 22, 199, 111, 163, 150, 2,
       79, 253, 36, 37, 154, 231, 71, 39, 186, 67, 110, 199, 29, 255,
       248, 153, 5, 44, 248, 225, 174, 212, 165, 147, 180, 105, 17, 158,
       26, 255, 16, 135, 67, 183, 86, 13, 206, 68, 243, 83, 32, 112, 85,
       186, 12, 28, 170, 141, 121, 63, 225, 175, 48, 16, 48, 138, 32, 41,
       247, 253, 131, 142, 174, 53, 142, 252, 130, 210, 153, 206, 113,
       236, 253, 167, 29, 195, 89, 239, 253, 67, 158, 186, 184, 14, 205,
       188, 157, 247, 179, 84, 24, 143, 87, 239, 178, 66, 111, 244, 37,
       8, 250, 226, 127, 103, 160, 228, 118, 247, 30, 234, 89, 153, 45,
       125, 240, 228, 39, 128, 55, 179, 165, 57, 104, 237, 58, 110, 217,
       220, 180, 231, 237, 5, 108, 8, 46, 184, 36, 48, 129, 59, 194, 16,
       82, 43, 146, 37, 123, 245, 20, 11, 80, 90, 207, 170, 1, 160, 57,
       217, 236, 137, 225, 159, 94, 57, 112, 80, 183, 129, 248, 104, 195,
       10, 38, 28, 147, 124, 99, 81, 204, 152, 118, 104, 144, 136, 193,
       169, 2, 168, 19, 152, 89, 205, 176, 207, 158, 29, 248, 10, 172,
       214, 96, 4, 201, 59, 202, 16, 18, 43, 18, 245, 157, 148, 26, 123,
       144, 8, 165, 171, 213, 73, 78, 167, 4, 2, 79, 188, 116, 226, 215,
       198, 115, 113, 155, 99, 122, 228, 61, 239, 233, 215, 221, 44, 240,
       171, 231, 132, 45, 187, 112, 16, 181, 205, 111, 79, 148, 95, 198,
       252, 84, 160, 251, 66, 115, 108, 189, 225, 120, 244, 14, 234, 249,
       179, 125, 61, 187, 235, 167, 20, 117, 187, 240, 160, 24, 238, 235,
       161, 52, 2, 235, 254, 52, 237, 218, 231, 145, 11, 218, 64, 127,
       206, 21, 253, 138, 152, 141, 175, 232, 197, 190, 196, 165, 139,
       53, 233, 44, 255, 153, 111, 248, 143, 207, 190, 118, 175, 120, 68,
       243, 99, 201, 148, 221, 94, 102, 218, 219, 186, 123, 55, 109, 191,
       53, 212, 208, 243, 198, 185, 15, 4, 130, 187, 145, 246, 184, 3,
       62, 211, 75, 23, 140, 234, 118, 204, 241, 43, 187, 149, 54, 216,
       27, 194, 140, 119, 159, 67, 154, 69, 169, 22, 2, 162, 156, 155,
       236, 169, 168, 143, 30, 49, 49, 253, 156, 194, 200, 8, 143, 27,
       107, 21, 18, 72, 203, 213, 12, 18, 127, 252, 156, 136, 139, 153,
       209, 65, 71, 196, 15, 22, 70, 104, 229, 130, 178, 2, 67, 42, 53,
       247, 104, 228, 108, 235, 109, 231, 149, 200, 179, 234, 199, 18,
       109, 59, 112, 4, 34, 190, 0, 187, 125, 185, 146, 231, 30, 69, 88,
       167, 172, 236, 38, 132, 223, 43, 131, 5, 182, 170, 90, 191, 172,
       86, 31, 251, 220, 14, 157, 223, 206, 179, 133, 203, 169, 193, 186,
       137, 142, 61, 129, 177, 204, 199, 104, 206, 199, 17, 235, 209, 18,
       3, 203, 209, 141, 16, 139, 255, 146, 15, 173, 210, 181, 205, 67,
       79, 244, 31, 238, 252, 84, 226, 249, 78, 115, 120, 157, 165, 125,
       238, 22, 110, 253, 178, 125, 46, 62, 14, 165, 4, 109, 251, 250,
       132, 152, 20, 158, 252, 139, 98, 21, 207, 185, 19, 224, 17, 156,
       183, 32, 91, 227, 211, 165, 144, 48, 207, 18, 194, 217, 242, 94,
       75, 176, 112, 167, 162, 134, 127, 54, 152, 203, 164, 189, 199,
       174, 23, 72, 179, 140, 143, 99, 72, 231, 59, 187, 211, 82, 27,
       130, 241, 53, 48, 142, 203, 148, 84, 165, 251, 167, 167, 225, 211,
       252, 47, 237, 255, 95, 179, 57, 90, 208, 97, 220, 36, 29, 142, 82,
       60, 243, 250, 253, 214, 47, 30, 149, 100, 195, 202, 208, 172, 214,
       172, 67, 158, 26, 225, 59, 232, 191, 196, 137, 187, 237, 198, 197,
       84, 55, 253, 253, 195, 110, 71, 143, 127, 184, 36, 139, 187, 37,
       7, 39, 124, 232, 120, 61, 122, 13, 205, 81, 24, 243, 22, 164, 24,
       178, 213, 64, 59, 0, 48, 72, 74, 107, 102, 242, 51, 199, 217, 80,
       57, 66, 8, 70, 34, 25, 29, 15, 169, 180, 215, 119, 117, 36, 72,
       254, 230, 115, 55, 162, 96, 124, 190, 158, 236, 189, 185, 49, 61,
       242, 237, 162, 128, 105, 138, 168, 89, 98, 91, 86, 204, 124, 147,
       118, 244, 197, 200, 250, 231, 104, 235, 165, 213, 254, 244, 167,
       98, 205, 179, 0, 253, 50, 184, 231, 138, 31, 190, 120, 31, 196,
       40, 221, 81, 200, 104, 233, 2, 170, 183, 35, 152, 149, 163, 65,
       59, 35, 101, 104, 26, 48, 84, 239, 64, 205, 130, 115, 108, 192,
       225, 7, 224, 249, 219, 127, 237, 36, 14, 103, 181, 116, 110, 246,
       102, 83, 39, 130, 81, 116, 228, 44, 110, 233, 182, 113, 46, 246,
       235, 229, 128, 41, 186, 240, 121, 233, 200, 157, 252, 45, 141, 85,
       183, 255, 27, 166, 24, 182, 211, 32, 123, 193, 96, 120, 78, 106,
       109, 115, 49, 227, 251, 84, 26, 18, 24, 192, 42, 42, 251, 248,
       174, 238, 137, 182, 244, 200, 132, 120, 239, 172, 232, 231, 2,
       206, 123, 167, 67, 196, 42, 202, 233, 100, 21, 111, 171, 85, 127,
       95, 139, 56, 217, 30, 238, 29, 215, 86, 245, 196, 8, 238, 0, 115,
       241, 32, 96, 216, 240, 136, 96, 88, 171, 90, 61, 251, 229, 133,
       89, 26, 10, 252, 26, 143, 90, 150, 217, 173, 149, 52, 198, 223,
       30, 84, 50, 172, 146, 103, 79, 207, 75, 170, 86, 70, 220, 43, 241,
       7, 90, 94, 239, 146, 29, 41, 143, 64, 189, 190, 180, 203, 236, 52,
       247, 250, 91, 106, 17, 188, 255, 66, 26, 167, 123, 235, 145, 183,
       107, 146, 99, 253, 247, 95, 107, 200, 64, 175, 155, 253, 220, 140,
       183, 4, 44, 78, 176, 116, 82, 214, 215, 243, 105, 27, 107, 117,
       196, 124, 207, 237, 244, 223, 162, 212, 107, 239, 128, 172, 249,
       120, 16, 103, 165, 193, 79, 188, 44, 78, 189, 35, 179, 169, 72,
       211, 99, 221, 150, 81, 198, 121, 254, 122, 82, 201, 34, 174, 188,
       133, 52, 164, 243, 210, 32, 92, 145, 151, 245, 162, 106, 53, 191,
       172, 191, 74, 33, 223, 119, 8, 75, 167, 87, 109, 0, 17, 216, 11,
       44, 237, 230, 127, 196, 128, 114, 133, 51, 116, 174, 192, 117,
       221, 42, 78, 175, 115, 179, 168, 24, 67, 35, 85, 58, 89, 206, 96,
       184, 56, 222, 217, 34, 173, 238, 213, 117, 161, 241, 218, 0, 18,
       251, 90, 201, 214, 153, 182, 255, 15, 5, 92, 230, 173, 167, 227,
       68, 118, 123, 135, 64, 198, 56, 36, 249, 190, 196, 14, 171, 54,
       222, 141, 141, 6, 112, 150, 217, 143, 247, 184, 140, 143, 179,
       134, 2, 204, 222, 111, 110, 227, 117, 187, 147, 6, 69, 27, 208,
       15, 18, 223, 87, 154, 119, 45, 151, 124, 164, 145, 227, 232, 103,
       89, 25, 51, 187, 177, 89, 95, 115, 72, 91, 209, 156, 125, 58, 56,
       71, 201, 146, 221, 222, 117, 252, 178, 226, 230, 35, 83, 143, 70,
       196, 181, 210, 110, 247, 165, 89, 158, 98, 104, 51, 182, 247, 96,
       230, 255, 232, 241, 137, 33, 237, 62, 58, 134, 195, 15, 214, 248,
