%YAML:1.0
---
descriptors: !!opencv-matrix
   rows: 304
   cols: 32
   dt: u
   data: [ 148, 237, 106, 155, 220, 105, 231, 245, 124, 166, 247, 27,
       219, 125, 127, 9, 121, 206, 95, 251, 240, 255, 249, 238, 125, 43,
       246, 117, 101, 251, 245, 234, 28, 60, 215, 247, 198, 107, 102,
       214, 55, 163, 126, 114, 211, 183, 193, 254, 123, 254, 38, 26, 57,
       248, 1, 42, 143, 207, 117, 32, 227, 249, 196, 170, 169, 35, 71,
       69, 109, 158, 232, 80, 239, 104, 247, 68, 185, 195, 149, 180, 108,
       172, 94, 204, 195, 147, 225, 217, 7, 249, 163, 128, 107, 130, 106,
       165, 7, 226, 207, 225, 116, 7, 233, 88, 46, 60, 246, 199, 217, 79,
       220, 82, 126, 141, 119, 252, 128, 146, 103, 208, 76, 57, 171, 196,
       5, 162, 99, 240, 120, 113, 122, 98, 52, 205, 83, 81, 105, 140,
       125, 8, 31, 151, 194, 48, 148, 188, 68, 120, 202, 186, 240, 14,
       251, 221, 32, 120, 66, 170, 78, 35, 225, 185, 251, 80, 244, 157,
       249, 87, 251, 157, 54, 88, 190, 185, 196, 48, 143, 171, 70, 28,
       182, 253, 176, 226, 63, 220, 52, 106, 202, 128, 195, 239, 92, 0,
       190, 182, 188, 109, 179, 78, 158, 175, 218, 11, 215, 253, 106, 74,
       249, 215, 111, 17, 26, 113, 219, 176, 221, 245, 191, 60, 144, 75,
       149, 66, 17, 223, 79, 159, 22, 134, 238, 245, 180, 202, 90, 198,
       81, 227, 176, 96, 126, 237, 63, 174, 241, 153, 5, 111, 180, 46,
       175, 196, 45, 162, 161, 17, 245, 14, 204, 173, 156, 47, 79, 184,
       86, 171, 219, 95, 243, 105, 147, 64, 89, 236, 126, 111, 185, 246,
       253, 191, 228, 111, 165, 148, 253, 255, 80, 96, 58, 234, 232, 56,
       207, 81, 213, 207, 210, 247, 180, 187, 11, 204, 87, 8, 217, 139,
       199, 149, 206, 111, 230, 147, 122, 71, 181, 253, 247, 220, 222,
       194, 61, 159, 249, 3, 246, 58, 239, 184, 99, 237, 127, 238, 91,
       100, 223, 112, 127, 206, 22, 254, 147, 178, 109, 98, 60, 173, 167,
       196, 237, 243, 226, 245, 40, 93, 120, 101, 116, 142, 119, 54, 125,
       170, 118, 72, 183, 19, 129, 48, 132, 116, 87, 76, 225, 184, 113,
       14, 103, 253, 36, 0, 74, 184, 66, 59, 55, 115, 225, 107, 164, 62,
       126, 157, 109, 73, 251, 229, 219, 93, 220, 188, 254, 223, 117,
       255, 159, 176, 237, 224, 166, 252, 164, 198, 239, 215, 242, 149,
       107, 124, 209, 86, 115, 249, 101, 22, 251, 235, 46, 40, 174, 179,
       197, 182, 3, 126, 226, 24, 3, 120, 242, 235, 47, 124, 20, 42, 202,
       212, 66, 47, 203, 81, 229, 69, 102, 90, 109, 53, 105, 194, 86,
       230, 121, 14, 151, 255, 38, 244, 253, 239, 229, 212, 229, 200, 54,
       123, 239, 128, 47, 180, 89, 125, 109, 185, 148, 81, 125, 157, 208,
       136, 75, 249, 160, 76, 138, 152, 69, 191, 136, 12, 224, 88, 159,
       106, 250, 145, 15, 216, 85, 127, 219, 44, 74, 140, 128, 136, 30,
       121, 176, 172, 121, 7, 188, 23, 98, 21, 183, 171, 32, 72, 165, 51,
       104, 20, 50, 237, 19, 71, 205, 182, 82, 64, 200, 0, 133, 26, 108,
       109, 185, 109, 156, 47, 79, 154, 82, 170, 40, 72, 215, 51, 65, 57,
       145, 252, 124, 106, 40, 112, 217, 56, 229, 155, 101, 52, 208, 249,
       194, 34, 17, 153, 63, 126, 131, 236, 53, 119, 172, 81, 110, 0, 62,
       183, 32, 112, 166, 51, 91, 12, 18, 153, 50, 117, 219, 175, 82, 66,
       192, 66, 167, 251, 149, 61, 27, 143, 158, 109, 175, 246, 60, 99,
       251, 214, 253, 119, 169, 96, 123, 227, 94, 254, 177, 155, 61, 238,
       252, 37, 175, 192, 153, 115, 163, 241, 48, 13, 66, 229, 85, 163,
       104, 99, 85, 161, 123, 18, 3, 11, 36, 80, 248, 175, 38, 128, 120,
       186, 1, 142, 14, 254, 146, 2, 55, 200, 248, 140, 151, 115, 225, 1,
       178, 30, 175, 152, 60, 232, 91, 231, 217, 14, 223, 164, 54, 77,
       21, 255, 197, 144, 61, 78, 44, 12, 47, 132, 173, 183, 1, 245, 69,
       166, 172, 243, 172, 46, 201, 158, 174, 255, 47, 69, 215, 43, 90,
       107, 133, 70, 125, 29, 155, 72, 251, 16, 205, 251, 255, 116, 200,
       112, 209, 115, 192, 164, 137, 243, 153, 253, 64, 11, 178, 179,
       167, 24, 215, 231, 72, 251, 129, 30, 104, 24, 59, 79, 251, 19,
       139, 215, 23, 125, 128, 64, 206, 32, 250, 88, 150, 188, 41, 94,
       84, 36, 169, 222, 230, 61, 111, 22, 3, 223, 228, 245, 236, 227,
       108, 71, 147, 138, 177, 243, 94, 19, 2, 52, 47, 95, 61, 93, 107,
       231, 116, 127, 235, 216, 84, 236, 255, 174, 83, 93, 159, 32, 126,
       236, 23, 255, 141, 178, 125, 174, 114, 77, 161, 132, 103, 187,
       112, 241, 42, 164, 18, 248, 221, 205, 244, 103, 207, 7, 248, 24,
       174, 248, 36, 128, 201, 171, 131, 1, 90, 43, 194, 243, 61, 246,
       154, 107, 80, 72, 254, 142, 92, 225, 177, 227, 180, 205, 227, 148,
       118, 169, 11, 8, 215, 241, 88, 96, 145, 86, 125, 89, 155, 56, 217,
       50, 233, 236, 39, 116, 128, 10, 209, 34, 65, 184, 147, 91, 9, 236,
       32, 3, 254, 83, 163, 80, 182, 146, 196, 255, 161, 38, 104, 24, 19,
       77, 179, 113, 137, 184, 82, 90, 200, 64, 131, 44, 169, 116, 1,
       175, 112, 239, 111, 120, 54, 74, 72, 76, 255, 87, 1, 112, 92, 168,
       23, 47, 235, 150, 120, 31, 229, 220, 41, 32, 50, 146, 2, 240, 105,
       145, 113, 237, 110, 138, 105, 24, 111, 64, 118, 230, 255, 211,
       201, 244, 114, 172, 62, 92, 137, 210, 247, 213, 212, 232, 163,
       136, 62, 162, 98, 161, 250, 244, 18, 188, 13, 221, 86, 236, 159,
       191, 180, 27, 110, 255, 106, 149, 249, 249, 239, 66, 108, 103,
       154, 251, 187, 210, 79, 63, 18, 92, 173, 86, 207, 141, 132, 159,
       245, 178, 126, 174, 31, 215, 95, 183, 236, 106, 159, 207, 243,
       239, 183, 247, 118, 216, 75, 239, 46, 118, 223, 199, 143, 127,
       185, 85, 60, 13, 106, 236, 148, 199, 239, 114, 20, 68, 254, 2,
       113, 255, 179, 64, 120, 234, 23, 232, 56, 187, 16, 63, 123, 175,
       167, 73, 117, 170, 244, 226, 245, 143, 109, 101, 52, 46, 79, 184,
       97, 200, 254, 108, 115, 97, 152, 119, 28, 198, 108, 110, 249, 160,
       237, 47, 224, 232, 161, 196, 109, 163, 114, 33, 185, 12, 110, 205,
       86, 18, 235, 114, 117, 96, 246, 70, 91, 41, 182, 97, 122, 172, 22,
       236, 232, 187, 37, 207, 118, 239, 226, 132, 127, 168, 120, 128,
       46, 180, 241, 216, 237, 253, 240, 202, 91, 55, 124, 59, 12, 159,
       100, 156, 217, 155, 163, 16, 18, 126, 218, 211, 95, 220, 17, 111,
       211, 77, 78, 131, 9, 159, 253, 101, 244, 14, 233, 187, 124, 233,
       122, 196, 209, 109, 148, 96, 119, 6, 127, 173, 177, 240, 117, 78,
       110, 255, 231, 196, 236, 160, 208, 241, 1, 138, 155, 187, 109,
       165, 57, 223, 222, 25, 121, 66, 188, 211, 104, 64, 245, 43, 46,
       156, 19, 152, 10, 245, 205, 190, 58, 110, 152, 10, 161, 171, 252,
       76, 214, 190, 45, 86, 86, 224, 177, 130, 251, 3, 103, 250, 33,
       215, 216, 245, 236, 98, 108, 231, 152, 174, 177, 243, 199, 27, 97,
       127, 110, 14, 140, 205, 254, 255, 212, 246, 247, 145, 86, 4, 78,
       2, 241, 241, 179, 96, 89, 126, 51, 74, 242, 240, 123, 191, 103,
       239, 231, 65, 39, 219, 252, 160, 36, 232, 25, 250, 236, 133, 248,
       204, 158, 25, 177, 88, 188, 195, 104, 8, 219, 11, 70, 24, 18, 46,
       218, 243, 156, 213, 63, 124, 144, 139, 225, 161, 169, 57, 115, 67,
       116, 223, 107, 112, 121, 12, 117, 8, 59, 21, 148, 52, 30, 184, 22,
       106, 201, 186, 112, 174, 103, 221, 32, 96, 99, 139, 70, 253, 185,
       13, 110, 253, 22, 178, 111, 115, 117, 98, 246, 198, 83, 43, 182,
       97, 120, 172, 54, 174, 237, 188, 101, 142, 246, 239, 226, 0, 47,
       168, 120, 192, 246, 68, 150, 172, 45, 70, 86, 104, 169, 130, 227,
       11, 103, 242, 45, 83, 248, 245, 108, 99, 108, 231, 145, 138, 177,
       242, 207, 27, 32, 123, 110, 6, 246, 199, 104, 198, 215, 114, 222,
       172, 89, 198, 191, 155, 75, 108, 191, 52, 123, 210, 151, 230, 236,
       103, 44, 238, 63, 95, 133, 151, 101, 255, 252, 118, 69, 179, 147,
       22, 186, 44, 39, 159, 190, 217, 139, 244, 212, 226, 200, 126, 21,
       78, 110, 28, 151, 73, 175, 99, 188, 54, 63, 204, 136, 119, 163,
       117, 216, 125, 159, 167, 162, 106, 55, 166, 176, 226, 170, 40,
       255, 55, 65, 50, 35, 247, 108, 98, 97, 205, 129, 42, 249, 199,
