%YAML:1.0
---
descriptors: !!opencv-matrix
   rows: 169
   cols: 32
   dt: u
   data: [ 104, 176, 189, 252, 124, 207, 81, 120, 222, 249, 164, 8, 246,
       245, 104, 114, 217, 252, 123, 24, 3, 99, 251, 29, 221, 147, 71,
       124, 88, 40, 69, 242, 124, 209, 120, 101, 52, 75, 119, 184, 100,
       236, 254, 45, 211, 71, 155, 112, 122, 204, 76, 110, 200, 176, 249,
       44, 246, 237, 37, 21, 105, 187, 70, 115, 212, 93, 191, 182, 174,
       104, 21, 38, 160, 246, 134, 59, 247, 245, 1, 11, 34, 119, 125, 98,
       105, 101, 178, 40, 241, 227, 111, 57, 0, 121, 5, 123, 92, 241,
       189, 238, 169, 71, 95, 152, 3, 252, 141, 41, 223, 255, 75, 90,
       215, 213, 253, 242, 27, 67, 251, 177, 251, 215, 237, 255, 186,
       115, 134, 115, 45, 125, 121, 101, 244, 15, 111, 189, 114, 236,
       126, 12, 211, 53, 145, 48, 22, 220, 84, 110, 193, 176, 249, 14,
       111, 159, 37, 4, 74, 242, 66, 249, 171, 215, 105, 201, 141, 87,
       205, 255, 87, 127, 156, 95, 145, 12, 190, 101, 221, 138, 23, 173,
       255, 42, 125, 151, 111, 89, 253, 252, 31, 156, 212, 255, 253, 255,
       204, 199, 182, 54, 206, 248, 87, 234, 222, 206, 83, 104, 159, 228,
       127, 198, 126, 239, 253, 247, 237, 190, 190, 111, 229, 148, 239,
       255, 216, 21, 255, 239, 230, 30, 250, 51, 238, 253, 55, 174, 255,
       247, 73, 234, 159, 213, 127, 239, 183, 238, 252, 214, 207, 255,
       62, 110, 239, 196, 167, 247, 234, 197, 158, 253, 254, 183, 243,
       251, 183, 239, 190, 215, 95, 179, 108, 252, 111, 11, 191, 123,
       179, 211, 55, 253, 46, 255, 124, 71, 95, 199, 237, 127, 173, 223,
       61, 213, 225, 78, 204, 23, 206, 252, 87, 226, 249, 206, 83, 232,
       253, 164, 125, 204, 54, 238, 205, 35, 127, 186, 58, 79, 197, 60,
       127, 255, 248, 148, 79, 250, 239, 71, 50, 86, 63, 184, 62, 221,
       86, 230, 221, 118, 155, 98, 55, 85, 255, 239, 129, 212, 191, 96,
       110, 47, 239, 196, 174, 183, 37, 241, 205, 236, 175, 119, 137,
       188, 125, 150, 255, 95, 102, 16, 249, 255, 92, 123, 133, 126, 127,
       156, 163, 220, 251, 243, 79, 251, 215, 64, 130, 209, 231, 250, 2,
       156, 156, 185, 203, 229, 180, 175, 158, 63, 0, 17, 188, 190, 96,
       75, 167, 19, 123, 17, 50, 77, 27, 245, 77, 18, 94, 103, 144, 64,
       133, 219, 255, 183, 160, 90, 251, 213, 150, 249, 155, 252, 189,
       63, 106, 252, 206, 182, 157, 219, 215, 115, 255, 99, 250, 243,
       123, 93, 141, 255, 219, 127, 158, 247, 190, 85, 114, 234, 245,
       127, 222, 248, 93, 174, 253, 11, 75, 93, 63, 133, 254, 217, 151,
       227, 236, 183, 93, 254, 179, 223, 143, 151, 119, 255, 252, 7, 232,
       141, 189, 253, 173, 236, 117, 159, 255, 63, 102, 16, 250, 189, 80,
       123, 193, 118, 123, 28, 50, 252, 243, 179, 207, 251, 84, 80, 210,
       216, 212, 42, 66, 169, 174, 191, 27, 208, 186, 192, 174, 212, 138,
       131, 229, 206, 107, 66, 225, 119, 251, 197, 6, 65, 138, 253, 255,
       103, 143, 139, 4, 38, 53, 82, 108, 117, 89, 97, 48, 78, 127, 184,
       33, 172, 127, 9, 223, 87, 9, 80, 150, 220, 77, 106, 104, 176, 249,
       14, 231, 253, 37, 20, 66, 179, 70, 227, 208, 84, 159, 126, 40,
       110, 85, 56, 176, 142, 231, 8, 87, 119, 1, 91, 132, 244, 109, 106,
       104, 71, 155, 8, 243, 235, 100, 24, 96, 241, 38, 43, 92, 48, 255,
       118, 130, 110, 85, 17, 32, 182, 167, 24, 87, 55, 73, 123, 33, 212,
       109, 58, 104, 87, 249, 8, 219, 235, 117, 16, 160, 243, 166, 34,
       127, 16, 63, 232, 47, 39, 155, 218, 143, 123, 157, 127, 92, 189,
       44, 43, 174, 213, 253, 231, 153, 67, 107, 240, 211, 91, 232, 246,
       159, 127, 179, 115, 82, 251, 253, 228, 254, 67, 191, 253, 137,
       232, 148, 239, 92, 191, 213, 35, 175, 117, 247, 227, 225, 75, 168,
       204, 124, 95, 239, 190, 45, 62, 7, 251, 155, 111, 235, 180, 230,
       16, 237, 117, 145, 234, 92, 231, 121, 238, 247, 43, 126, 239, 55,
       239, 197, 243, 166, 232, 118, 73, 239, 168, 47, 254, 179, 253, 59,
       31, 175, 76, 225, 95, 87, 113, 5, 236, 255, 239, 90, 61, 135, 119,
       124, 254, 223, 102, 221, 155, 117, 136, 115, 105, 228, 147, 123,
       254, 254, 247, 235, 159, 111, 94, 102, 18, 253, 117, 121, 72, 119,
       226, 121, 60, 182, 117, 126, 231, 55, 238, 229, 122, 175, 237,
       118, 107, 230, 136, 111, 182, 242, 253, 32, 232, 21, 217, 73, 197,
       228, 239, 142, 19, 96, 64, 180, 215, 108, 107, 201, 27, 115, 8,
       83, 41, 82, 113, 5, 24, 210, 108, 88, 16, 226, 162, 115, 121, 51,
       160, 23, 212, 158, 194, 25, 192, 152, 235, 47, 158, 117, 164, 238,
       253, 149, 209, 205, 43, 180, 232, 177, 212, 139, 187, 37, 61, 39,
       127, 245, 201, 73, 65, 212, 15, 103, 189, 97, 34, 38, 8, 83, 1,
       149, 244, 56, 132, 64, 110, 105, 52, 61, 31, 39, 170, 5, 4, 97,
       186, 82, 40, 137, 68, 113, 69, 164, 47, 109, 55, 125, 170, 126,
       80, 255, 49, 145, 245, 55, 46, 14, 44, 225, 188, 49, 94, 39, 218,
       117, 0, 82, 248, 193, 40, 32, 201, 87, 67, 114, 139, 234, 224,
       109, 32, 251, 130, 83, 9, 172, 49, 58, 144, 2, 234, 64, 178, 69,
       125, 54, 138, 64, 68, 117, 155, 98, 168, 189, 239, 233, 239, 222,
       27, 230, 252, 198, 242, 253, 234, 211, 225, 249, 162, 89, 202,
       198, 238, 249, 115, 239, 186, 254, 205, 231, 172, 119, 251, 248,
       160, 113, 175, 192, 5, 52, 30, 74, 52, 98, 165, 138, 205, 227, 32,
       214, 210, 84, 230, 108, 253, 141, 250, 205, 44, 184, 44, 165, 16,
       237, 166, 90, 12, 47, 93, 115, 75, 85, 215, 227, 120, 77, 68, 125,
       66, 104, 220, 183, 164, 92, 56, 146, 106, 193, 178, 124, 255, 39,
       28, 1, 2, 87, 191, 124, 244, 49, 205, 107, 222, 60, 130, 79, 244,
       213, 196, 254, 198, 115, 225, 181, 100, 92, 226, 30, 238, 233,
       171, 46, 175, 112, 175, 165, 152, 63, 251, 112, 120, 2, 160, 16,
       155, 127, 225, 184, 74, 46, 25, 80, 3, 172, 222, 105, 204, 238,
       11, 155, 145, 6, 24, 18, 241, 21, 16, 154, 235, 151, 13, 45, 143,
       10, 217, 54, 222, 123, 212, 180, 103, 173, 73, 92, 37, 172, 254,
       38, 228, 230, 59, 187, 1, 71, 9, 50, 253, 55, 113, 26, 139, 26,
       20, 173, 223, 191, 191, 230, 159, 252, 51, 239, 251, 87, 238, 222,
       255, 105, 234, 191, 213, 127, 238, 183, 175, 252, 214, 239, 255,
       62, 111, 239, 196, 175, 252, 122, 213, 182, 207, 66, 142, 246,
       160, 238, 220, 150, 2, 217, 231, 97, 235, 189, 196, 127, 235, 23,
       255, 250, 135, 14, 255, 48, 36, 175, 136, 189, 255, 248, 145, 201,
       252, 191, 123, 237, 252, 125, 158, 255, 91, 38, 16, 252, 255, 92,
       123, 193, 102, 123, 24, 162, 77, 251, 243, 207, 251, 215, 106,
       130, 113, 211, 170, 239, 181, 242, 216, 249, 245, 156, 251, 219,
       254, 156, 189, 108, 253, 254, 166, 159, 59, 215, 53, 182, 67, 186,
       223, 59, 95, 13, 255, 215, 236, 159, 215, 6, 143, 142, 191, 154,
       195, 182, 166, 158, 23, 74, 147, 228, 238, 34, 75, 197, 115, 171,
       193, 54, 201, 11, 61, 233, 39, 223, 83, 144, 120, 149, 218, 57,
       159, 107, 255, 244, 167, 239, 247, 87, 72, 254, 102, 115, 235,
       176, 96, 125, 234, 22, 140, 155, 187, 45, 255, 254, 239, 166, 192,
       63, 202, 240, 185, 200, 185, 189, 251, 173, 237, 117, 135, 255,
       63, 166, 16, 190, 185, 64, 123, 129, 119, 123, 24, 50, 105, 251,
       177, 207, 251, 86, 91, 210, 88, 197, 42, 191, 91, 235, 250, 182,
       131, 239, 212, 215, 202, 212, 230, 113, 207, 183, 104, 126, 232,
       23, 223, 233, 183, 44, 234, 242, 207, 175, 128, 191, 255, 112,
       249, 193, 185, 23, 69, 36, 30, 225, 49, 232, 224, 38, 76, 243, 16,
       214, 183, 0, 100, 120, 110, 229, 252, 181, 13, 14, 186, 67, 32,
       74, 160, 91, 44, 174, 114, 160, 184, 205, 117, 85, 220, 23, 255,
       181, 31, 11, 220, 123, 238, 220, 200, 151, 84, 159, 103, 122, 128,
       211, 209, 222, 191, 146, 253, 92, 215, 61, 95, 109, 164, 108, 127,
       95, 248, 193, 238, 188, 237, 91, 109, 155, 51, 158, 192, 214, 110,
       205, 35, 125, 12, 246, 223, 101, 148, 111, 255, 94, 241, 36, 76,
       130, 158, 77, 128, 134, 97, 220, 130, 217, 3, 228, 248, 49, 64,
