%YAML:1.0
---
descriptors: !!opencv-matrix
   rows: 179
   cols: 32
   dt: u
   data: [ 214, 200, 150, 147, 129, 40, 36, 134, 63, 179, 194, 17, 132,
       162, 77, 206, 225, 78, 106, 83, 110, 221, 139, 226, 157, 54, 222,
       71, 128, 81, 173, 14, 165, 239, 73, 174, 204, 33, 198, 248, 194,
       178, 185, 202, 209, 225, 249, 3, 89, 202, 74, 234, 105, 35, 206,
       186, 56, 132, 167, 60, 125, 251, 242, 160, 198, 232, 148, 183, 15,
       136, 238, 168, 187, 146, 0, 10, 237, 202, 93, 207, 163, 97, 125,
       195, 102, 68, 202, 243, 181, 242, 223, 175, 36, 51, 19, 14, 190,
       53, 178, 224, 233, 63, 146, 217, 31, 187, 189, 59, 78, 253, 109,
       157, 221, 157, 247, 50, 188, 247, 73, 146, 91, 223, 65, 255, 195,
       111, 102, 147, 81, 232, 149, 162, 56, 141, 79, 172, 239, 185, 186,
       72, 255, 243, 64, 118, 135, 247, 124, 90, 75, 105, 235, 117, 185,
       252, 39, 126, 0, 146, 131, 41, 248, 82, 190, 108, 105, 86, 87,
       120, 177, 206, 246, 45, 106, 183, 39, 223, 252, 244, 237, 98, 236,
       231, 243, 138, 243, 243, 101, 155, 99, 191, 110, 83, 247, 237,
       171, 78, 141, 117, 207, 236, 130, 194, 141, 10, 112, 252, 255, 38,
       25, 194, 89, 238, 249, 3, 62, 170, 121, 14, 141, 60, 149, 115,
       246, 100, 248, 72, 95, 236, 46, 2, 79, 56, 161, 146, 182, 218, 95,
       23, 177, 115, 102, 213, 125, 234, 105, 199, 199, 201, 242, 235,
       230, 156, 39, 176, 96, 49, 2, 165, 144, 155, 237, 205, 188, 239,
       30, 53, 25, 27, 140, 120, 92, 14, 171, 27, 203, 17, 118, 120, 219,
       211, 173, 20, 95, 127, 212, 76, 133, 134, 119, 77, 231, 196, 118,
       2, 206, 232, 19, 162, 154, 203, 115, 104, 157, 49, 95, 197, 117,
       239, 168, 227, 77, 206, 56, 46, 237, 148, 109, 251, 114, 32, 70,
       173, 224, 95, 223, 184, 254, 175, 235, 177, 25, 131, 232, 235, 92,
       38, 51, 127, 123, 155, 150, 72, 159, 243, 47, 126, 143, 227, 167,
       231, 209, 142, 162, 197, 22, 190, 253, 33, 212, 111, 223, 3, 249,
       17, 238, 248, 44, 197, 219, 11, 47, 1, 118, 47, 75, 223, 168, 246,
       86, 27, 80, 88, 233, 143, 165, 204, 103, 91, 68, 206, 239, 240,
       124, 82, 99, 86, 113, 85, 188, 237, 120, 40, 18, 238, 225, 180,
       60, 125, 37, 186, 194, 64, 91, 147, 225, 180, 216, 188, 185, 231,
       24, 204, 19, 186, 162, 173, 139, 17, 247, 215, 72, 82, 133, 117,
       109, 210, 106, 13, 251, 51, 201, 165, 43, 121, 32, 3, 7, 107, 60,
       248, 244, 119, 3, 90, 118, 164, 115, 179, 119, 56, 123, 25, 77,
       187, 35, 221, 228, 82, 106, 244, 249, 32, 111, 207, 85, 7, 239,
       177, 206, 42, 192, 32, 181, 80, 104, 237, 169, 67, 170, 255, 49,
       120, 156, 151, 192, 187, 135, 59, 87, 17, 51, 77, 162, 64, 13, 26,
       123, 232, 64, 0, 7, 233, 188, 102, 182, 96, 197, 63, 84, 111, 83,
       175, 52, 25, 11, 41, 119, 153, 153, 220, 196, 50, 60, 247, 64,
       138, 251, 223, 85, 119, 227, 252, 222, 130, 157, 86, 85, 253, 178,
       42, 45, 190, 52, 50, 66, 244, 213, 115, 137, 107, 119, 87, 28,
       170, 33, 212, 89, 62, 236, 162, 127, 4, 168, 241, 33, 41, 238,
       174, 188, 122, 171, 249, 16, 143, 155, 31, 164, 57, 174, 251, 102,
       27, 131, 115, 233, 16, 54, 111, 202, 51, 203, 211, 85, 123, 210,
       84, 143, 11, 224, 153, 28, 219, 41, 205, 16, 174, 159, 27, 160,
       28, 190, 179, 6, 93, 133, 51, 238, 64, 99, 105, 82, 181, 143, 146,
       80, 58, 26, 8, 13, 31, 180, 207, 168, 182, 152, 38, 79, 252, 147,
       134, 141, 29, 115, 107, 59, 19, 153, 231, 5, 239, 248, 71, 58, 63,
       249, 134, 237, 124, 181, 243, 150, 112, 248, 72, 223, 252, 46, 10,
       109, 48, 169, 146, 178, 218, 95, 47, 145, 91, 102, 245, 125, 238,
       105, 71, 199, 200, 210, 251, 238, 144, 39, 177, 96, 33, 38, 165,
       208, 131, 221, 109, 188, 233, 31, 55, 57, 27, 204, 122, 76, 140,
       187, 155, 235, 49, 54, 120, 91, 210, 13, 22, 31, 127, 213, 78,
       199, 134, 156, 127, 99, 235, 203, 233, 103, 212, 165, 46, 251,
       179, 43, 167, 137, 222, 111, 218, 207, 194, 122, 151, 233, 226,
       245, 224, 166, 131, 51, 219, 164, 243, 247, 141, 173, 182, 149,
       246, 78, 175, 147, 210, 9, 28, 112, 120, 59, 177, 145, 231, 48,
       255, 253, 70, 62, 63, 169, 95, 205, 110, 156, 119, 250, 116, 214,
       232, 148, 151, 13, 136, 38, 164, 187, 182, 130, 19, 228, 194, 76,
       207, 225, 239, 106, 195, 102, 95, 139, 227, 189, 50, 223, 43, 0,
       123, 189, 14, 116, 198, 197, 158, 220, 3, 198, 236, 18, 178, 177,
       222, 66, 104, 153, 1, 89, 198, 38, 255, 120, 103, 77, 191, 184, 6,
       237, 124, 253, 123, 242, 128, 162, 133, 148, 234, 253, 43, 212,
       237, 95, 19, 249, 25, 206, 233, 44, 65, 211, 11, 107, 32, 118,
       111, 75, 215, 186, 246, 86, 127, 208, 74, 233, 134, 70, 173, 246,
       206, 159, 131, 186, 168, 143, 160, 27, 131, 104, 235, 124, 130,
       182, 119, 123, 243, 146, 201, 143, 253, 47, 60, 143, 251, 53, 163,
       65, 6, 174, 52, 150, 224, 249, 47, 146, 200, 31, 187, 185, 57, 78,
       253, 109, 143, 223, 93, 255, 51, 60, 247, 75, 130, 155, 222, 69,
       127, 194, 109, 43, 135, 190, 116, 182, 100, 105, 62, 146, 72, 57,
       170, 240, 41, 78, 189, 69, 155, 253, 253, 247, 50, 44, 247, 193,
       138, 147, 219, 69, 191, 195, 125, 38, 211, 64, 233, 17, 230, 56,
       141, 75, 184, 111, 172, 186, 8, 247, 211, 193, 116, 146, 245, 108,
       74, 75, 33, 235, 125, 185, 252, 39, 56, 0, 179, 71, 41, 250, 82,
       246, 108, 105, 86, 86, 120, 177, 206, 247, 173, 74, 255, 103, 223,
       252, 244, 237, 98, 236, 231, 211, 136, 211, 243, 69, 155, 67, 253,
       110, 211, 37, 97, 25, 205, 60, 31, 99, 120, 109, 232, 189, 72,
       214, 80, 155, 52, 216, 140, 94, 110, 201, 162, 233, 76, 213, 152,
       33, 60, 64, 170, 82, 33, 84, 211, 157, 247, 136, 70, 29, 191, 38,
       191, 138, 1, 215, 55, 8, 91, 133, 87, 109, 226, 88, 201, 251, 40,
       233, 231, 127, 149, 160, 115, 133, 123, 197, 74, 215, 213, 108,
       40, 237, 18, 236, 130, 246, 70, 249, 163, 181, 127, 106, 100, 110,
       206, 161, 245, 167, 232, 20, 58, 242, 0, 77, 241, 97, 172, 8, 170,
       92, 155, 250, 137, 40, 175, 62, 21, 64, 245, 173, 162, 200, 192,
       71, 27, 170, 132, 18, 88, 199, 117, 12, 167, 62, 233, 60, 128,
       137, 152, 50, 165, 104, 0, 223, 249, 210, 239, 203, 117, 172, 155,
       2, 12, 94, 20, 137, 138, 195, 53, 94, 43, 108, 151, 59, 20, 133,
       127, 229, 14, 222, 214, 103, 96, 245, 117, 100, 40, 248, 0, 235,
       147, 182, 233, 139, 191, 213, 62, 166, 221, 125, 221, 140, 112,
       230, 192, 134, 250, 210, 130, 199, 245, 66, 13, 117, 237, 237, 68,
       141, 95, 71, 188, 67, 226, 172, 8, 115, 117, 89, 178, 89, 196,
       120, 106, 201, 103, 251, 42, 187, 207, 197, 60, 113, 251, 82, 104,
       189, 60, 244, 119, 181, 127, 210, 136, 91, 179, 53, 26, 234, 121,
       95, 173, 155, 234, 245, 58, 62, 112, 122, 187, 75, 223, 81, 119,
       255, 239, 88, 38, 124, 117, 185, 237, 169, 79, 95, 248, 35, 170,
       189, 72, 223, 119, 73, 48, 149, 221, 125, 98, 201, 98, 249, 56,
       251, 217, 101, 188, 122, 251, 70, 51, 210, 173, 100, 254, 31, 139,
       158, 168, 175, 176, 153, 139, 236, 234, 28, 199, 178, 119, 125,
       227, 98, 65, 142, 253, 185, 120, 143, 255, 21, 38, 209, 6, 135,
       157, 181, 23, 151, 246, 150, 174, 90, 211, 9, 20, 252, 120, 93,
       175, 145, 99, 48, 119, 247, 120, 62, 47, 41, 30, 93, 70, 205, 119,
       217, 31, 29, 103, 196, 71, 176, 26, 110, 184, 118, 170, 127, 228,
       211, 96, 153, 241, 54, 76, 36, 110, 233, 240, 205, 46, 46, 239,
       101, 132, 110, 243, 200, 1, 134, 221, 245, 87, 147, 242, 151, 174,
       91, 211, 45, 48, 104, 116, 205, 175, 23, 114, 160, 242, 115, 120,
       46, 111, 43, 30, 85, 70, 199, 115, 196, 60, 2, 167, 222, 87, 243,
       242, 188, 167, 59, 159, 79, 177, 108, 238, 14, 139, 183, 127, 161,
       145, 116, 216, 138, 207, 47, 119, 95, 195, 134, 100, 173, 79, 252,
       64, 206, 166, 12, 70, 71, 56, 32, 174, 231, 3, 83, 83, 11, 91,
       112, 196, 109, 234, 72, 215, 201, 10, 243, 227, 231, 21, 33, 179,
