%YAML:1.0
---
descriptors: !!opencv-matrix
   rows: 293
   cols: 32
   dt: u
   data: [ 80, 153, 126, 126, 178, 192, 53, 231, 172, 85, 238, 161, 61,
       247, 32, 113, 162, 51, 93, 192, 82, 9, 58, 117, 241, 163, 118, 75,
       48, 2, 167, 123, 253, 124, 157, 119, 177, 175, 71, 144, 58, 162,
       38, 8, 214, 51, 1, 51, 144, 116, 120, 106, 97, 240, 249, 46, 229,
       239, 5, 48, 224, 123, 66, 34, 80, 253, 30, 254, 50, 192, 53, 103,
       176, 3, 194, 33, 253, 215, 0, 83, 162, 119, 109, 129, 98, 217,
       130, 111, 240, 227, 62, 131, 44, 16, 167, 11, 125, 0, 235, 231, 4,
       22, 107, 88, 96, 140, 255, 6, 81, 83, 153, 122, 120, 204, 20, 250,
       137, 177, 189, 72, 215, 173, 167, 132, 165, 163, 112, 160, 208,
       157, 159, 190, 2, 66, 53, 39, 180, 66, 202, 176, 253, 246, 32,
       115, 98, 119, 248, 128, 113, 137, 39, 107, 241, 167, 94, 3, 32,
       112, 165, 106, 41, 209, 120, 75, 101, 91, 247, 172, 109, 64, 246,
       40, 251, 88, 150, 52, 186, 176, 206, 106, 205, 176, 117, 253, 55,
       253, 4, 19, 127, 186, 86, 47, 35, 105, 104, 77, 125, 95, 199, 236,
       75, 96, 252, 11, 242, 88, 23, 32, 216, 236, 87, 111, 204, 50, 241,
       189, 119, 95, 129, 50, 85, 63, 82, 238, 101, 233, 209, 71, 197,
       92, 102, 157, 107, 249, 96, 72, 82, 224, 221, 182, 88, 204, 32,
       92, 81, 122, 250, 96, 47, 184, 197, 44, 203, 186, 202, 172, 108,
       230, 96, 10, 252, 217, 234, 200, 235, 77, 189, 189, 106, 204, 190,
       148, 153, 130, 207, 127, 150, 39, 44, 247, 58, 93, 0, 125, 215,
       159, 222, 212, 237, 49, 248, 101, 100, 14, 123, 16, 113, 168, 119,
       72, 219, 91, 65, 59, 28, 252, 117, 126, 136, 242, 241, 8, 199,
       233, 97, 4, 232, 163, 66, 163, 54, 69, 2, 168, 17, 71, 79, 64, 33,
       140, 249, 10, 11, 146, 39, 52, 248, 169, 85, 227, 72, 131, 32,
       204, 179, 220, 130, 187, 33, 55, 38, 102, 172, 120, 49, 98, 237,
       253, 85, 196, 225, 88, 165, 24, 154, 157, 65, 187, 200, 146, 202,
       82, 75, 39, 242, 160, 247, 217, 0, 123, 66, 27, 198, 242, 91, 25,
       142, 190, 139, 244, 26, 18, 164, 201, 202, 103, 236, 254, 35, 202,
       228, 231, 253, 133, 141, 139, 147, 233, 147, 103, 234, 155, 136,
       103, 41, 27, 212, 59, 158, 182, 130, 110, 55, 176, 184, 166, 39,
       61, 87, 247, 67, 91, 38, 245, 109, 98, 48, 213, 185, 42, 219, 163,
       111, 17, 160, 115, 7, 83, 126, 239, 76, 186, 153, 137, 94, 239,
       175, 20, 172, 137, 47, 203, 98, 16, 233, 235, 205, 198, 90, 11,
       74, 189, 251, 213, 141, 127, 50, 62, 238, 10, 186, 181, 96, 65,
       221, 223, 212, 127, 119, 237, 189, 159, 2, 28, 86, 181, 140, 154,
       213, 33, 255, 58, 245, 159, 63, 93, 20, 119, 123, 12, 222, 222,
       65, 41, 191, 37, 160, 206, 109, 55, 232, 232, 106, 13, 182, 61,
       16, 50, 132, 39, 125, 13, 209, 248, 241, 12, 229, 190, 116, 0, 72,
       64, 195, 122, 41, 168, 20, 8, 93, 221, 208, 75, 207, 112, 161, 76,
       186, 216, 86, 167, 201, 136, 122, 29, 143, 106, 223, 149, 31, 88,
       1, 62, 91, 12, 90, 134, 244, 126, 82, 238, 61, 107, 194, 232, 93,
       174, 248, 127, 66, 200, 37, 209, 216, 237, 78, 98, 109, 167, 217,
       191, 176, 180, 129, 63, 89, 123, 126, 10, 248, 127, 214, 36, 234,
       8, 94, 181, 161, 222, 190, 237, 79, 231, 131, 211, 166, 247, 237,
       230, 217, 67, 130, 40, 242, 241, 100, 187, 42, 246, 170, 83, 120,
       168, 156, 186, 141, 189, 80, 239, 211, 179, 173, 25, 171, 232, 74,
       154, 201, 167, 236, 145, 30, 107, 218, 145, 155, 215, 215, 127,
       208, 76, 234, 14, 178, 197, 90, 225, 215, 107, 238, 238, 125, 39,
       254, 26, 15, 43, 61, 219, 123, 215, 95, 235, 120, 191, 85, 226,
       190, 158, 150, 69, 231, 217, 232, 136, 13, 95, 239, 69, 246, 22,
       255, 183, 112, 234, 94, 230, 249, 63, 147, 107, 55, 246, 149, 238,
       225, 208, 37, 236, 102, 111, 239, 128, 175, 247, 113, 121, 126,
       189, 227, 216, 223, 245, 151, 218, 139, 253, 188, 191, 8, 252,
       127, 62, 141, 211, 215, 209, 158, 107, 186, 243, 59, 85, 141, 255,
       215, 125, 246, 215, 161, 121, 115, 71, 116, 223, 235, 144, 125,
       72, 126, 72, 187, 28, 149, 180, 94, 248, 22, 106, 195, 176, 116,
       111, 39, 252, 32, 0, 71, 155, 70, 173, 114, 83, 58, 172, 61, 129,
       82, 64, 205, 12, 156, 104, 174, 210, 165, 84, 216, 185, 205, 227,
       72, 3, 192, 218, 241, 180, 170, 187, 16, 59, 60, 7, 223, 207, 249,
       246, 180, 44, 255, 184, 185, 154, 153, 59, 255, 107, 219, 195,
       255, 243, 221, 119, 248, 71, 72, 238, 248, 223, 175, 188, 181,
       251, 217, 97, 220, 110, 233, 166, 10, 122, 95, 152, 51, 254, 151,
       169, 207, 103, 219, 63, 55, 212, 253, 238, 108, 85, 237, 34, 211,
       195, 237, 181, 38, 247, 46, 112, 216, 212, 31, 250, 27, 192, 21,
       237, 228, 27, 165, 56, 126, 214, 40, 113, 233, 147, 200, 162, 110,
       7, 42, 117, 241, 227, 90, 95, 16, 18, 167, 43, 212, 54, 158, 119,
       186, 106, 19, 25, 176, 166, 167, 56, 87, 247, 73, 27, 51, 117,
       108, 50, 56, 197, 153, 42, 217, 163, 117, 81, 224, 97, 7, 35, 212,
       52, 191, 183, 168, 102, 29, 144, 176, 250, 135, 17, 215, 255, 73,
       75, 165, 85, 125, 115, 41, 197, 153, 32, 217, 163, 239, 149, 160,
       113, 39, 115, 133, 104, 253, 65, 46, 109, 233, 154, 239, 254, 54,
       0, 146, 213, 215, 110, 51, 76, 127, 92, 131, 180, 247, 80, 71,
       156, 39, 164, 199, 249, 69, 245, 66, 166, 48, 250, 237, 165, 184,
       79, 159, 27, 217, 81, 172, 219, 124, 72, 205, 27, 127, 149, 146,
       15, 203, 211, 159, 220, 154, 234, 144, 76, 177, 139, 136, 123,
       252, 229, 234, 82, 125, 127, 102, 188, 246, 163, 17, 31, 195, 115,
       110, 220, 127, 232, 196, 215, 227, 72, 118, 169, 231, 133, 37,
       240, 110, 203, 252, 60, 107, 113, 84, 251, 89, 18, 48, 236, 214,
       189, 147, 141, 83, 88, 76, 188, 149, 149, 168, 222, 244, 138, 87,
       109, 161, 177, 167, 237, 86, 123, 67, 208, 175, 95, 44, 222, 233,
       61, 238, 93, 215, 16, 240, 212, 158, 102, 196, 86, 127, 13, 211,
       237, 255, 117, 77, 58, 250, 208, 68, 130, 245, 125, 120, 176, 250,
       232, 227, 105, 83, 91, 35, 47, 253, 43, 31, 191, 106, 24, 253,
       159, 247, 129, 26, 55, 211, 147, 219, 231, 177, 125, 227, 202,
       238, 211, 65, 157, 58, 119, 181, 204, 53, 55, 253, 77, 110, 5,
       182, 155, 2, 80, 164, 39, 104, 0, 211, 185, 176, 111, 229, 188,
       22, 2, 72, 0, 195, 91, 37, 224, 189, 127, 41, 143, 97, 184, 238,
       177, 99, 0, 242, 243, 76, 114, 145, 124, 120, 88, 3, 208, 251, 29,
       79, 250, 69, 68, 192, 34, 66, 162, 60, 82, 70, 175, 6, 7, 207,
       120, 36, 14, 243, 199, 67, 75, 177, 129, 126, 217, 7, 239, 233,
       179, 93, 236, 244, 198, 171, 132, 125, 187, 34, 177, 1, 0, 191,
       125, 25, 15, 201, 24, 126, 241, 227, 64, 243, 241, 20, 123, 144,
       52, 120, 12, 137, 252, 115, 29, 201, 250, 81, 80, 72, 168, 64, 56,
       124, 221, 63, 110, 153, 118, 87, 184, 161, 76, 174, 12, 122, 119,
       42, 247, 212, 214, 253, 106, 233, 3, 185, 175, 251, 255, 69, 30,
       58, 247, 230, 115, 133, 94, 46, 159, 188, 242, 176, 226, 222, 94,
       215, 54, 240, 248, 191, 107, 201, 107, 58, 51, 228, 229, 46, 127,
       138, 43, 255, 195, 148, 105, 125, 199, 124, 76, 250, 110, 209,
       238, 83, 202, 114, 142, 236, 8, 115, 247, 97, 48, 89, 254, 0, 122,
       40, 50, 248, 59, 115, 237, 33, 56, 243, 251, 70, 42, 222, 113,
       226, 82, 131, 120, 23, 152, 187, 196, 175, 173, 74, 252, 95, 254,
       183, 221, 253, 211, 222, 67, 190, 226, 123, 125, 13, 191, 231,
       119, 207, 87, 184, 220, 28, 124, 108, 79, 119, 253, 244, 46, 182,
       24, 247, 19, 34, 17, 104, 176, 110, 106, 104, 231, 91, 63, 245,
       139, 102, 17, 121, 184, 230, 171, 72, 185, 191, 119, 161, 204, 53,
       55, 236, 205, 106, 0, 190, 189, 0, 50, 160, 55, 121, 1, 81, 185,
       178, 41, 229, 173, 118, 0, 64, 0, 135, 107, 124, 52, 31, 228, 162,
       107, 87, 49, 41, 170, 63, 40, 87, 115, 129, 27, 51, 84, 108, 34,
       64, 209, 137, 12, 211, 231, 97, 183, 96, 235, 7, 35, 52, 180, 218,
