%YAML:1.0
---
descriptors: !!opencv-matrix
   rows: 285
   cols: 32
   dt: u
   data: [ 179, 131, 212, 229, 118, 14, 200, 63, 91, 49, 177, 94, 223,
       42, 28, 153, 127, 133, 23, 173, 251, 126, 85, 199, 156, 250, 222,
       212, 125, 136, 217, 0, 2, 219, 126, 218, 90, 153, 184, 70, 174,
       21, 230, 167, 44, 195, 38, 81, 230, 59, 139, 192, 2, 157, 2, 253,
       55, 161, 26, 75, 16, 9, 173, 219, 4, 222, 61, 231, 36, 14, 191,
       184, 236, 206, 59, 101, 245, 95, 9, 2, 183, 81, 119, 111, 193,
       176, 59, 125, 229, 142, 111, 132, 76, 243, 7, 241, 159, 233, 3,
       186, 221, 213, 174, 200, 31, 81, 208, 199, 172, 206, 113, 140,
       252, 203, 147, 215, 207, 19, 30, 241, 180, 84, 143, 234, 29, 29,
       185, 212, 133, 219, 125, 119, 50, 142, 191, 184, 236, 236, 55,
       228, 253, 95, 157, 33, 182, 117, 125, 110, 229, 228, 47, 127, 238,
       219, 103, 196, 68, 179, 5, 121, 183, 237, 65, 185, 205, 213, 174,
       206, 31, 80, 248, 207, 41, 204, 117, 165, 249, 235, 19, 215, 199,
       58, 222, 241, 60, 88, 143, 174, 93, 125, 123, 220, 62, 95, 110,
       172, 255, 19, 190, 250, 201, 230, 188, 167, 73, 236, 119, 2, 255,
       253, 151, 231, 196, 171, 78, 252, 122, 95, 207, 191, 127, 255,
       127, 215, 99, 237, 233, 82, 236, 205, 229, 198, 235, 188, 60, 8,
       178, 176, 213, 55, 201, 250, 90, 88, 194, 106, 254, 113, 61, 24,
       135, 56, 81, 122, 214, 236, 92, 176, 154, 178, 171, 253, 16, 207,
       171, 87, 164, 29, 47, 223, 74, 26, 167, 211, 237, 144, 30, 75,
       154, 241, 219, 209, 31, 127, 170, 68, 175, 91, 125, 75, 106, 76,
       173, 27, 70, 168, 227, 228, 238, 13, 75, 224, 151, 150, 88, 228,
       236, 110, 204, 163, 238, 62, 50, 127, 69, 31, 67, 191, 90, 68, 90,
       213, 62, 236, 155, 213, 20, 239, 175, 29, 140, 11, 44, 255, 40,
       194, 165, 87, 249, 96, 82, 11, 146, 253, 251, 231, 94, 59, 50, 16,
       175, 27, 122, 93, 126, 252, 27, 208, 23, 166, 165, 68, 236, 163,
       47, 63, 35, 80, 106, 243, 141, 193, 74, 11, 118, 255, 243, 229,
       10, 27, 55, 21, 36, 122, 43, 55, 193, 69, 215, 63, 235, 95, 83,
       233, 120, 238, 8, 49, 212, 180, 124, 174, 150, 156, 145, 186, 244,
       202, 62, 28, 129, 166, 239, 238, 114, 189, 42, 207, 100, 185, 185,
       217, 188, 167, 143, 125, 154, 163, 169, 46, 54, 64, 237, 163, 207,
       133, 94, 9, 69, 255, 190, 87, 158, 243, 55, 156, 156, 222, 19, 93,
       22, 158, 127, 151, 182, 96, 205, 72, 89, 102, 108, 248, 167, 229,
       238, 43, 150, 71, 229, 171, 26, 253, 50, 120, 10, 138, 30, 47, 57,
       157, 37, 118, 189, 85, 228, 47, 229, 191, 76, 186, 62, 72, 211,
       56, 149, 43, 141, 86, 126, 43, 225, 240, 107, 8, 101, 159, 101,
       20, 192, 248, 208, 225, 178, 127, 99, 88, 83, 135, 3, 112, 149,
       132, 228, 134, 112, 215, 32, 5, 124, 184, 19, 234, 232, 131, 48,
       95, 113, 0, 129, 136, 115, 142, 52, 242, 3, 180, 235, 145, 247,
       247, 185, 215, 95, 207, 93, 151, 152, 252, 126, 40, 255, 43, 151,
       149, 151, 246, 180, 194, 79, 93, 155, 239, 205, 76, 247, 215, 26,
       124, 234, 161, 115, 215, 185, 87, 31, 231, 94, 135, 173, 143, 115,
       8, 47, 187, 147, 149, 130, 156, 53, 202, 231, 87, 158, 163, 167,
       220, 157, 250, 120, 34, 238, 48, 172, 57, 89, 22, 163, 223, 180,
       157, 143, 169, 83, 27, 161, 198, 205, 21, 174, 79, 134, 32, 218,
       251, 116, 153, 234, 196, 94, 90, 163, 99, 98, 20, 70, 16, 172, 97,
       120, 198, 112, 199, 104, 236, 246, 35, 126, 237, 51, 231, 196,
       243, 166, 200, 54, 40, 207, 138, 77, 124, 123, 220, 11, 95, 106,
       203, 119, 214, 191, 116, 21, 76, 94, 167, 125, 95, 178, 228, 126,
       57, 151, 238, 197, 144, 53, 255, 103, 125, 170, 130, 22, 159, 61,
       253, 252, 239, 157, 127, 168, 124, 94, 188, 51, 190, 191, 88, 235,
       103, 205, 251, 221, 214, 236, 202, 252, 78, 235, 43, 235, 255,
       247, 153, 194, 243, 206, 41, 232, 62, 149, 82, 201, 249, 68, 135,
       251, 63, 160, 56, 42, 176, 69, 159, 137, 214, 236, 16, 62, 111,
       194, 162, 155, 210, 84, 59, 194, 93, 198, 46, 98, 236, 61, 250,
       238, 233, 53, 239, 143, 118, 0, 59, 148, 159, 96, 75, 195, 19,
       123, 17, 114, 75, 234, 209, 125, 16, 95, 127, 144, 24, 165, 235,
       32, 232, 53, 217, 109, 224, 53, 206, 142, 19, 104, 16, 180, 215,
       96, 91, 193, 27, 59, 66, 67, 75, 210, 113, 69, 24, 218, 106, 16,
       81, 229, 170, 34, 174, 137, 91, 249, 244, 170, 223, 186, 25, 109,
       80, 160, 230, 92, 184, 221, 123, 194, 152, 179, 74, 250, 115, 47,
       255, 158, 107, 208, 65, 239, 188, 107, 47, 224, 94, 237, 181, 236,
       199, 219, 234, 124, 236, 40, 168, 215, 188, 141, 234, 210, 140,
       135, 106, 230, 251, 22, 30, 213, 187, 223, 245, 218, 140, 216,
       190, 188, 118, 169, 232, 16, 167, 187, 31, 164, 57, 174, 187, 66,
       27, 129, 243, 237, 16, 42, 79, 194, 35, 219, 243, 86, 59, 128, 64,
       175, 11, 205, 113, 181, 103, 133, 79, 103, 57, 122, 232, 35, 72,
       214, 117, 72, 35, 144, 84, 120, 122, 97, 240, 249, 8, 237, 218,
       69, 52, 66, 123, 195, 34, 210, 209, 190, 183, 195, 86, 180, 231,
       61, 87, 246, 19, 140, 190, 38, 123, 235, 215, 191, 129, 124, 223,
       49, 194, 191, 243, 222, 71, 128, 84, 173, 222, 146, 89, 99, 158,
       91, 192, 184, 102, 141, 68, 208, 163, 44, 159, 39, 65, 238, 243,
       159, 193, 106, 11, 2, 239, 179, 112, 154, 139, 23, 20, 37, 219,
       191, 95, 123, 238, 246, 3, 223, 253, 89, 226, 252, 238, 91, 109,
       181, 37, 254, 245, 151, 239, 233, 167, 77, 238, 178, 255, 239,
       150, 127, 255, 250, 117, 61, 3, 114, 232, 247, 146, 122, 113, 101,
       65, 127, 14, 91, 11, 58, 80, 126, 141, 23, 250, 220, 186, 85, 132,
       254, 237, 162, 196, 111, 142, 240, 128, 30, 111, 70, 148, 227,
       146, 190, 99, 189, 142, 222, 167, 105, 206, 183, 141, 126, 249,
       135, 247, 228, 221, 36, 238, 58, 67, 239, 131, 39, 247, 47, 205,
       242, 72, 116, 237, 44, 22, 90, 60, 13, 10, 254, 2, 107, 27, 180,
       112, 206, 149, 63, 234, 200, 47, 99, 255, 146, 250, 210, 210, 119,
       139, 96, 13, 2, 205, 10, 189, 84, 134, 46, 167, 28, 5, 74, 2, 244,
       42, 48, 64, 112, 42, 19, 173, 114, 152, 17, 255, 165, 166, 154,
       64, 20, 24, 177, 8, 165, 236, 228, 65, 204, 63, 199, 216, 83, 243,
       180, 94, 83, 120, 223, 47, 89, 196, 18, 127, 173, 246, 125, 162,
       42, 26, 197, 84, 239, 255, 208, 164, 61, 3, 106, 76, 214, 19, 239,
       121, 69, 128, 125, 162, 89, 253, 180, 244, 120, 172, 150, 234,
       217, 178, 36, 206, 118, 237, 160, 192, 119, 170, 254, 224, 159,
       125, 238, 119, 182, 54, 127, 191, 113, 234, 86, 247, 89, 127, 159,
       239, 55, 95, 181, 175, 245, 208, 173, 174, 110, 239, 253, 132,
       175, 245, 244, 117, 47, 9, 98, 79, 87, 211, 239, 113, 85, 192,
       125, 130, 104, 252, 183, 164, 120, 184, 146, 234, 209, 178, 44,
       223, 55, 60, 129, 170, 119, 175, 126, 165, 208, 25, 31, 228, 138,
       204, 53, 103, 172, 192, 138, 0, 181, 151, 32, 99, 166, 51, 89,
       192, 97, 137, 48, 109, 241, 161, 46, 0, 8, 16, 165, 58, 2, 221,
       51, 156, 114, 192, 190, 230, 188, 64, 88, 163, 188, 190, 32, 96,
       230, 123, 147, 193, 98, 153, 34, 255, 181, 54, 158, 139, 20, 84,
       165, 191, 178, 11, 98, 158, 119, 144, 186, 192, 157, 4, 210, 167,
       40, 204, 55, 192, 238, 251, 151, 213, 134, 155, 6, 237, 50, 112,
       138, 139, 21, 21, 60, 223, 66, 219, 45, 191, 44, 194, 239, 191,
       140, 78, 26, 231, 245, 109, 154, 64, 70, 103, 125, 135, 193, 136,
       79, 253, 228, 54, 254, 144, 12, 134, 149, 89, 157, 245, 105, 227,
       182, 159, 255, 245, 68, 104, 93, 178, 155, 29, 154, 37, 62, 26,
       151, 239, 250, 184, 108, 191, 103, 201, 166, 224, 119, 158, 213,
       249, 163, 151, 125, 83, 246, 222, 171, 189, 90, 93, 123, 246, 217,
       124, 158, 33, 191, 75, 22, 61, 247, 248, 125, 255, 44, 42, 55,
       196, 221, 142, 209, 245, 14, 92, 50, 159, 253, 247, 190, 224, 159,
       12, 93, 3, 236, 254, 39, 196, 248, 123, 147, 195, 6, 187, 26, 255,
