%YAML:1.0
---
descriptors: !!opencv-matrix
   rows: 318
   cols: 32
   dt: u
   data: [ 75, 93, 234, 188, 215, 242, 173, 231, 253, 71, 222, 183, 168,
       172, 182, 237, 231, 103, 187, 133, 245, 201, 182, 234, 52, 126,
       222, 139, 173, 84, 253, 220, 90, 184, 190, 190, 10, 208, 27, 232,
       166, 85, 135, 161, 253, 214, 234, 114, 39, 117, 253, 209, 74, 73,
       175, 117, 217, 165, 47, 155, 32, 6, 39, 123, 83, 233, 3, 186, 155,
       204, 10, 198, 175, 81, 138, 137, 174, 150, 64, 214, 167, 227, 120,
       213, 95, 75, 146, 245, 185, 244, 30, 122, 8, 4, 163, 92, 130, 218,
       142, 185, 115, 129, 57, 198, 190, 29, 66, 183, 172, 135, 34, 72,
       230, 43, 51, 213, 6, 156, 2, 245, 196, 48, 154, 203, 24, 4, 45,
       219, 246, 79, 115, 100, 82, 66, 47, 254, 49, 166, 250, 226, 73,
       39, 165, 212, 126, 221, 132, 234, 232, 151, 165, 78, 48, 166, 175,
       133, 103, 241, 38, 169, 220, 164, 185, 117, 130, 106, 93, 155, 50,
       127, 143, 176, 215, 63, 72, 122, 55, 215, 237, 130, 58, 197, 233,
       2, 201, 231, 125, 149, 160, 225, 134, 115, 49, 143, 98, 15, 214,
       151, 238, 245, 124, 76, 126, 71, 105, 232, 190, 228, 122, 170, 22,
       237, 212, 186, 12, 255, 46, 44, 166, 192, 125, 174, 249, 141, 91,
       159, 101, 43, 178, 162, 47, 189, 32, 64, 75, 229, 221, 102, 152,
       112, 118, 79, 125, 239, 147, 152, 173, 127, 236, 47, 170, 196, 46,
       135, 163, 113, 22, 126, 125, 65, 178, 58, 59, 158, 62, 63, 126,
       244, 141, 38, 133, 124, 39, 93, 206, 180, 178, 148, 101, 118, 110,
       38, 39, 196, 229, 241, 7, 245, 44, 253, 168, 226, 221, 239, 215,
       223, 95, 237, 253, 9, 210, 253, 122, 32, 217, 254, 115, 95, 154,
       58, 248, 182, 253, 223, 133, 124, 208, 91, 214, 242, 36, 113, 253,
       71, 116, 79, 111, 248, 123, 236, 117, 32, 115, 85, 153, 49, 30,
       92, 87, 110, 225, 240, 105, 60, 103, 155, 37, 132, 75, 179, 70,
       241, 152, 182, 184, 123, 184, 188, 21, 159, 50, 63, 172, 21, 183,
       247, 74, 88, 213, 95, 237, 16, 62, 77, 250, 51, 235, 231, 63, 127,
       144, 64, 135, 203, 180, 18, 26, 216, 84, 231, 240, 81, 220, 8,
       241, 114, 16, 217, 37, 104, 216, 56, 6, 48, 153, 183, 18, 158, 83,
       188, 162, 75, 89, 11, 124, 147, 16, 210, 159, 181, 92, 198, 225,
       236, 206, 249, 146, 102, 244, 58, 40, 67, 233, 197, 46, 241, 43,
       233, 81, 253, 157, 130, 255, 70, 153, 8, 113, 187, 79, 191, 197,
       5, 178, 58, 58, 23, 43, 249, 26, 229, 237, 38, 195, 150, 39, 103,
       253, 148, 149, 216, 213, 200, 172, 84, 175, 230, 174, 228, 139,
       221, 70, 84, 80, 200, 250, 161, 10, 216, 15, 57, 137, 124, 204,
       211, 237, 220, 87, 153, 63, 186, 27, 2, 91, 118, 156, 150, 139,
       254, 152, 3, 160, 35, 125, 113, 212, 67, 155, 22, 14, 184, 103,
       184, 253, 102, 88, 82, 207, 247, 118, 205, 36, 254, 205, 114, 223,
       220, 58, 200, 103, 238, 107, 183, 107, 133, 85, 253, 30, 172, 30,
       83, 146, 248, 214, 232, 154, 98, 119, 252, 171, 99, 244, 245, 253,
       227, 175, 193, 9, 61, 249, 231, 175, 151, 61, 59, 61, 27, 126,
       249, 228, 147, 207, 209, 150, 228, 131, 245, 207, 171, 104, 252,
       78, 135, 110, 255, 241, 211, 28, 90, 254, 160, 63, 80, 205, 123,
       167, 31, 156, 214, 39, 39, 80, 8, 223, 57, 130, 72, 79, 192, 121,
       204, 203, 232, 223, 164, 30, 104, 194, 127, 135, 34, 94, 26, 46,
       92, 1, 126, 223, 255, 218, 132, 57, 113, 123, 108, 116, 206, 203,
       120, 113, 64, 245, 12, 51, 93, 144, 48, 62, 184, 85, 234, 201,
       178, 240, 13, 115, 233, 160, 136, 111, 131, 102, 240, 162, 8, 43,
       158, 108, 227, 234, 96, 196, 64, 193, 33, 160, 202, 177, 105, 200,
       40, 19, 143, 8, 135, 66, 253, 0, 48, 138, 8, 20, 43, 116, 132,
       120, 43, 232, 101, 250, 26, 88, 19, 99, 172, 188, 40, 11, 41, 215,
       182, 10, 228, 236, 172, 156, 122, 229, 8, 126, 237, 101, 181, 231,
       224, 74, 2, 239, 184, 232, 82, 236, 53, 184, 218, 91, 251, 53,
       255, 24, 61, 223, 63, 143, 219, 215, 157, 166, 118, 254, 241, 95,
       91, 253, 255, 223, 213, 91, 247, 215, 161, 231, 129, 130, 118,
       175, 157, 61, 251, 19, 246, 93, 102, 222, 111, 55, 199, 63, 255,
       181, 208, 45, 192, 60, 10, 239, 196, 173, 213, 163, 117, 33, 164,
       125, 65, 85, 173, 97, 50, 105, 65, 110, 8, 179, 49, 20, 52, 8, 10,
       82, 12, 147, 184, 113, 47, 71, 220, 16, 64, 74, 137, 66, 168, 240,
       251, 91, 232, 50, 136, 81, 54, 41, 4, 224, 40, 183, 147, 0, 16,
       130, 185, 77, 80, 74, 46, 128, 63, 249, 229, 36, 104, 96, 128, 7,
       43, 106, 53, 23, 186, 249, 225, 19, 77, 175, 21, 169, 41, 254,
       247, 40, 16, 217, 179, 207, 145, 26, 11, 90, 253, 249, 245, 139,
       123, 146, 67, 167, 250, 7, 254, 223, 94, 178, 147, 158, 252, 158,
       219, 60, 228, 253, 238, 237, 160, 223, 123, 150, 242, 247, 203,
       46, 255, 42, 223, 127, 174, 221, 243, 169, 157, 116, 125, 250,
       114, 237, 253, 247, 206, 251, 238, 124, 9, 94, 252, 111, 56, 187,
       95, 118, 83, 86, 187, 186, 224, 251, 223, 21, 127, 193, 123, 223,
       195, 205, 233, 51, 206, 109, 148, 127, 113, 171, 72, 133, 76, 221,
       223, 120, 246, 228, 53, 123, 204, 209, 3, 186, 209, 247, 249, 139,
       120, 10, 166, 163, 33, 255, 221, 53, 243, 181, 189, 86, 182, 157,
       123, 187, 90, 238, 62, 12, 229, 205, 211, 223, 67, 255, 188, 89,
       247, 179, 222, 28, 243, 218, 95, 137, 31, 25, 221, 79, 79, 52,
       150, 238, 248, 116, 64, 254, 70, 115, 113, 184, 224, 124, 228, 22,
       238, 201, 184, 61, 61, 102, 175, 165, 0, 127, 170, 120, 184, 35,
       175, 232, 23, 214, 185, 172, 239, 122, 37, 122, 255, 32, 168, 222,
       4, 59, 78, 34, 29, 246, 248, 229, 127, 60, 46, 182, 224, 197, 220,
       219, 204, 146, 74, 110, 29, 2, 130, 62, 100, 172, 6, 194, 131,
       105, 207, 55, 89, 118, 125, 233, 227, 68, 133, 5, 109, 242, 98,
       202, 131, 37, 183, 37, 90, 8, 141, 19, 251, 149, 199, 70, 231, 22,
       1, 206, 0, 191, 215, 32, 224, 217, 58, 27, 25, 59, 136, 82, 191,
       233, 255, 158, 64, 146, 12, 248, 170, 32, 120, 97, 71, 68, 111,
       227, 80, 67, 224, 105, 72, 114, 21, 85, 52, 24, 252, 83, 78, 193,
       50, 248, 56, 71, 12, 65, 32, 91, 251, 70, 248, 67, 186, 128, 139,
       104, 172, 58, 150, 59, 73, 90, 245, 172, 131, 194, 216, 167, 79,
       237, 20, 150, 24, 131, 115, 140, 182, 58, 234, 138, 135, 171, 25,
       220, 106, 188, 112, 139, 104, 21, 139, 187, 183, 167, 56, 15, 183,
       67, 91, 167, 215, 237, 18, 56, 101, 171, 50, 219, 195, 85, 127,
       224, 113, 135, 99, 189, 181, 189, 235, 157, 119, 95, 216, 23, 251,
       189, 22, 219, 127, 123, 41, 221, 218, 31, 254, 185, 118, 123, 178,
       239, 223, 231, 116, 186, 251, 212, 242, 67, 145, 165, 133, 168,
       102, 169, 63, 110, 249, 222, 84, 148, 54, 150, 110, 132, 7, 125,
       141, 149, 216, 247, 193, 141, 58, 250, 196, 136, 132, 177, 125,
       108, 190, 145, 250, 157, 237, 71, 155, 23, 123, 173, 72, 243, 231,
       72, 84, 89, 218, 110, 26, 91, 106, 251, 55, 237, 158, 133, 124,
       154, 202, 212, 112, 98, 185, 104, 94, 93, 217, 208, 99, 249, 68,
       224, 141, 162, 140, 22, 16, 136, 178, 211, 65, 78, 107, 246, 61,
       55, 16, 144, 27, 69, 12, 86, 222, 124, 106, 108, 104, 237, 95, 86,
       218, 11, 254, 180, 9, 203, 77, 83, 27, 153, 212, 237, 118, 108,
       103, 235, 152, 251, 219, 101, 191, 243, 189, 94, 83, 195, 185, 21,
       152, 169, 140, 184, 55, 174, 89, 130, 213, 172, 134, 64, 215, 134,
       51, 234, 149, 247, 77, 210, 245, 141, 48, 26, 122, 24, 4, 139, 93,
       167, 115, 208, 72, 251, 5, 94, 216, 127, 52, 160, 76, 76, 202,
       109, 216, 255, 201, 66, 242, 135, 39, 26, 210, 60, 220, 7, 110,
       217, 179, 107, 133, 90, 48, 38, 124, 11, 144, 24, 9, 163, 20, 135,
       169, 237, 215, 72, 114, 54, 181, 249, 160, 10, 71, 143, 93, 211,
       225, 11, 31, 34, 134, 39, 34, 99, 169, 104, 82, 89, 221, 203, 200,
       235, 176, 173, 8, 186, 208, 87, 182, 129, 230, 120, 74, 2, 107,
       254, 117, 127, 28, 5, 63, 82, 7, 74, 46, 50, 79, 195, 69, 210, 34,
