%YAML:1.0
---
descriptors: !!opencv-matrix
   rows: 356
   cols: 32
   dt: u
   data: [ 185, 125, 123, 108, 84, 199, 199, 124, 81, 72, 124, 70, 51,
       89, 180, 32, 88, 184, 22, 234, 201, 178, 112, 13, 115, 233, 160,
       8, 127, 154, 114, 248, 105, 29, 125, 103, 240, 78, 127, 55, 109,
       232, 126, 76, 223, 55, 0, 112, 148, 246, 125, 110, 217, 184, 113,
       14, 239, 255, 36, 128, 74, 162, 194, 123, 48, 120, 123, 232, 20,
       215, 83, 112, 69, 192, 253, 10, 51, 221, 33, 48, 216, 184, 23,
       234, 73, 163, 112, 156, 243, 201, 160, 57, 123, 139, 116, 58, 210,
       233, 2, 158, 9, 197, 4, 230, 191, 22, 128, 24, 174, 242, 96, 119,
       225, 227, 120, 195, 110, 79, 146, 241, 177, 242, 222, 59, 16, 20,
       39, 110, 11, 184, 249, 119, 43, 220, 57, 55, 175, 127, 95, 181,
       189, 191, 214, 230, 135, 63, 255, 12, 149, 152, 247, 240, 79, 125,
       58, 195, 174, 135, 141, 255, 250, 180, 48, 250, 125, 253, 82, 232,
       63, 29, 189, 25, 206, 255, 30, 149, 219, 155, 223, 35, 62, 35,
       122, 215, 155, 215, 155, 127, 22, 15, 142, 71, 198, 165, 176, 210,
       189, 221, 50, 233, 191, 61, 175, 25, 206, 222, 78, 86, 179, 31,
       235, 18, 118, 75, 235, 247, 191, 148, 31, 127, 2, 14, 143, 71,
       196, 112, 157, 84, 10, 76, 85, 24, 248, 242, 39, 24, 214, 23, 65,
       59, 3, 212, 108, 74, 105, 68, 243, 2, 195, 187, 85, 62, 64, 113,
       71, 50, 104, 181, 188, 112, 137, 237, 85, 239, 234, 55, 172, 24,
       22, 181, 72, 26, 129, 18, 104, 16, 90, 107, 242, 21, 235, 151, 85,
       127, 192, 72, 198, 170, 94, 240, 176, 242, 189, 249, 91, 200, 187,
       189, 181, 59, 206, 223, 79, 156, 191, 217, 205, 243, 58, 103, 202,
       246, 155, 213, 15, 127, 214, 15, 15, 71, 102, 168, 148, 126, 233,
       141, 82, 137, 139, 177, 169, 8, 230, 249, 77, 26, 137, 83, 105,
       18, 10, 99, 203, 49, 15, 222, 69, 127, 208, 122, 194, 2, 145, 92,
       90, 255, 48, 139, 167, 118, 22, 0, 220, 194, 183, 147, 161, 96,
       126, 59, 22, 202, 107, 184, 17, 63, 224, 229, 34, 0, 124, 154, 33,
       169, 151, 84, 173, 191, 172, 103, 255, 152, 30, 254, 215, 23, 213,
       255, 59, 107, 221, 93, 63, 239, 249, 212, 123, 163, 225, 235, 239,
       148, 148, 251, 181, 115, 90, 186, 210, 36, 211, 176, 184, 91, 59,
       173, 127, 175, 13, 174, 194, 158, 55, 223, 237, 145, 150, 89, 142,
       194, 218, 229, 63, 239, 167, 134, 47, 221, 11, 166, 224, 213, 203,
       173, 101, 7, 255, 51, 106, 120, 188, 242, 196, 250, 39, 122, 254,
       16, 146, 92, 198, 243, 5, 30, 87, 34, 186, 252, 201, 174, 23, 28,
       235, 182, 162, 230, 191, 66, 173, 207, 219, 151, 124, 238, 63, 74,
       255, 247, 31, 151, 132, 135, 180, 234, 19, 62, 222, 130, 133, 119,
       37, 87, 148, 212, 61, 239, 60, 103, 95, 184, 214, 6, 207, 18, 247,
       127, 57, 97, 209, 149, 63, 43, 104, 133, 121, 63, 225, 239, 235,
       20, 48, 123, 21, 98, 113, 49, 58, 106, 9, 141, 83, 73, 230, 12,
       173, 8, 54, 210, 99, 50, 128, 161, 108, 66, 14, 35, 114, 17, 209,
       205, 0, 59, 80, 2, 99, 2, 179, 45, 254, 229, 182, 191, 122, 194,
       119, 162, 190, 6, 43, 43, 151, 20, 239, 239, 204, 216, 172, 249,
       81, 254, 186, 223, 135, 54, 231, 241, 106, 140, 90, 92, 243, 254,
       242, 240, 126, 214, 57, 66, 126, 163, 125, 255, 181, 112, 246,
       251, 183, 199, 230, 154, 162, 235, 115, 255, 30, 139, 167, 245,
       39, 255, 31, 78, 197, 183, 18, 34, 42, 248, 54, 226, 83, 247, 89,
       99, 145, 201, 119, 237, 55, 255, 165, 212, 13, 110, 156, 39, 251,
       192, 173, 231, 41, 145, 33, 157, 91, 103, 244, 207, 119, 53, 165,
       168, 123, 72, 119, 123, 32, 48, 156, 183, 70, 32, 89, 184, 16, 28,
       239, 205, 37, 64, 120, 170, 194, 163, 106, 185, 163, 252, 223,
       229, 149, 199, 187, 91, 248, 27, 44, 255, 116, 156, 233, 251, 247,
       145, 19, 107, 146, 243, 61, 125, 158, 187, 195, 84, 247, 251, 41,
       182, 61, 127, 57, 127, 81, 55, 117, 107, 255, 120, 246, 53, 128,
       181, 221, 30, 124, 40, 185, 254, 241, 63, 231, 255, 112, 82, 66,
       136, 194, 125, 148, 46, 214, 127, 170, 170, 186, 216, 62, 183, 75,
       240, 204, 226, 193, 201, 55, 125, 234, 18, 48, 212, 139, 126, 220,
       162, 123, 196, 160, 99, 33, 161, 94, 166, 246, 244, 172, 82, 216,
       115, 187, 190, 182, 187, 79, 239, 214, 151, 183, 245, 253, 177,
       188, 239, 163, 202, 154, 255, 255, 135, 199, 228, 39, 127, 74,
       240, 252, 97, 233, 125, 120, 223, 43, 127, 54, 61, 30, 31, 206,
       187, 167, 23, 253, 17, 150, 120, 177, 209, 95, 219, 117, 231, 194,
       196, 207, 251, 173, 107, 242, 86, 237, 29, 206, 252, 201, 234,
       181, 76, 106, 249, 223, 183, 156, 234, 214, 110, 237, 99, 218,
       232, 55, 217, 101, 184, 75, 254, 90, 133, 32, 120, 97, 67, 68,
       239, 225, 84, 67, 224, 104, 72, 50, 149, 85, 52, 28, 252, 83, 78,
       129, 242, 248, 56, 71, 28, 65, 32, 91, 251, 86, 184, 11, 251, 252,
       125, 63, 183, 88, 158, 47, 249, 126, 237, 255, 221, 158, 172, 150,
       255, 245, 77, 135, 240, 123, 221, 74, 219, 233, 135, 111, 214, 73,
       85, 124, 121, 59, 168, 61, 199, 82, 250, 129, 204, 188, 13, 31,
       223, 35, 208, 220, 253, 221, 98, 76, 3, 242, 60, 251, 221, 165,
       125, 50, 187, 102, 83, 213, 141, 173, 253, 188, 6, 79, 191, 150,
       242, 158, 82, 241, 115, 49, 99, 93, 230, 61, 174, 249, 79, 121,
       62, 249, 239, 239, 148, 180, 240, 240, 40, 138, 235, 63, 248, 41,
       213, 24, 204, 143, 28, 148, 57, 172, 143, 100, 137, 204, 153, 207,
       208, 74, 15, 98, 245, 219, 209, 154, 251, 18, 0, 173, 187, 195,
       91, 21, 129, 58, 142, 189, 51, 172, 232, 18, 229, 156, 134, 134,
       87, 166, 53, 126, 13, 245, 216, 229, 76, 164, 48, 43, 194, 12,
       164, 131, 125, 1, 189, 17, 197, 180, 61, 109, 119, 109, 104, 88,
       68, 191, 50, 210, 160, 167, 10, 94, 12, 229, 56, 245, 207, 174,
       156, 50, 224, 14, 200, 145, 221, 66, 237, 149, 156, 219, 172, 46,
       143, 171, 177, 138, 201, 100, 227, 68, 214, 160, 119, 105, 80, 19,
       73, 202, 243, 189, 52, 15, 122, 128, 85, 128, 12, 23, 14, 194,
       155, 246, 163, 174, 215, 63, 139, 91, 247, 109, 226, 181, 196,
       127, 251, 135, 157, 179, 152, 13, 255, 44, 46, 190, 192, 189, 223,
       169, 149, 93, 126, 234, 70, 181, 54, 251, 154, 107, 228, 158, 142,
       217, 45, 215, 180, 54, 236, 253, 255, 136, 241, 189, 234, 251,
       221, 175, 133, 167, 247, 127, 112, 94, 219, 254, 174, 175, 30,
       222, 236, 143, 252, 158, 39, 110, 254, 63, 199, 238, 231, 255,
       231, 76, 99, 155, 249, 179, 243, 207, 159, 55, 127, 189, 87, 175,
       221, 230, 158, 254, 23, 254, 252, 31, 234, 216, 103, 92, 250, 191,
       165, 255, 207, 63, 239, 245, 247, 91, 255, 62, 30, 239, 142, 63,
       254, 251, 157, 102, 191, 186, 246, 239, 245, 159, 202, 155, 255,
       149, 59, 108, 252, 127, 58, 159, 211, 255, 151, 182, 99, 170, 242,
       123, 95, 125, 191, 199, 119, 183, 87, 138, 166, 39, 190, 95, 224,
       184, 99, 188, 71, 209, 179, 236, 206, 46, 65, 255, 59, 187, 131,
       54, 223, 174, 231, 85, 99, 218, 139, 7, 76, 189, 211, 252, 177,
       191, 236, 201, 70, 189, 205, 171, 189, 182, 24, 222, 255, 73, 91,
       249, 213, 239, 240, 88, 107, 251, 192, 221, 243, 207, 127, 192,
       48, 167, 242, 226, 156, 181, 216, 169, 229, 149, 151, 159, 95,
       178, 125, 190, 190, 102, 75, 205, 147, 255, 17, 186, 79, 115, 243,
       89, 154, 220, 219, 216, 92, 132, 91, 159, 86, 229, 117, 166, 26,
       111, 188, 113, 234, 86, 246, 217, 127, 157, 47, 55, 213, 53, 174,
       225, 244, 109, 206, 102, 255, 229, 132, 175, 244, 80, 113, 251,
       181, 122, 237, 121, 87, 219, 120, 127, 236, 245, 175, 253, 255,
       254, 245, 255, 221, 255, 170, 236, 99, 255, 223, 255, 255, 239,
       255, 87, 164, 111, 243, 155, 148, 246, 247, 55, 244, 249, 84, 63,
       95, 119, 55, 104, 255, 62, 237, 255, 155, 181, 131, 190, 244, 59,
       229, 83, 251, 218, 195, 167, 133, 253, 119, 154, 143, 234, 217,
       247, 179, 122, 199, 23, 7, 78, 147, 40, 231, 162, 196, 127, 186,
