%YAML:1.0
---
descriptors: !!opencv-matrix
   rows: 362
   cols: 32
   dt: u
   data: [ 114, 159, 121, 238, 242, 70, 95, 117, 25, 110, 253, 239, 111,
       47, 134, 209, 239, 255, 133, 163, 253, 186, 104, 239, 178, 243,
       236, 131, 121, 246, 238, 123, 53, 204, 143, 191, 68, 31, 110, 161,
       84, 35, 211, 210, 243, 98, 184, 233, 121, 230, 46, 175, 253, 254,
       77, 47, 148, 239, 254, 64, 61, 169, 184, 128, 106, 160, 188, 58,
       73, 253, 144, 79, 139, 61, 161, 25, 174, 220, 78, 154, 137, 3,
       235, 17, 30, 111, 210, 209, 159, 81, 16, 127, 208, 12, 206, 222,
       60, 237, 120, 75, 254, 31, 207, 248, 69, 168, 253, 14, 83, 105,
       153, 36, 63, 218, 87, 122, 219, 178, 125, 190, 127, 141, 37, 244,
       255, 251, 90, 177, 207, 183, 111, 71, 182, 26, 111, 189, 41, 224,
       94, 228, 221, 103, 152, 183, 54, 230, 125, 239, 241, 216, 173, 77,
       110, 43, 175, 196, 46, 166, 155, 113, 98, 185, 104, 30, 93, 217,
       194, 99, 233, 68, 236, 141, 42, 140, 22, 16, 136, 162, 195, 69,
       206, 43, 246, 253, 119, 84, 128, 27, 71, 12, 86, 222, 31, 151, 87,
       107, 178, 155, 114, 189, 45, 97, 127, 229, 207, 101, 140, 244, 54,
       51, 204, 252, 157, 184, 13, 93, 170, 212, 5, 198, 254, 134, 137,
       21, 36, 140, 18, 159, 85, 227, 182, 234, 94, 2, 88, 2, 228, 248,
       33, 64, 217, 123, 130, 3, 98, 190, 90, 255, 37, 54, 130, 11, 85,
       91, 53, 142, 124, 102, 179, 231, 53, 95, 95, 89, 33, 237, 255, 8,
       239, 79, 26, 112, 216, 157, 221, 34, 72, 183, 105, 143, 243, 223,
       37, 17, 98, 182, 198, 115, 179, 76, 78, 222, 22, 151, 202, 112,
       149, 64, 244, 135, 115, 64, 182, 101, 124, 168, 30, 238, 109, 165,
       52, 255, 50, 40, 128, 144, 125, 138, 104, 92, 14, 72, 152, 191,
       29, 229, 54, 200, 30, 5, 73, 3, 236, 219, 43, 192, 208, 123, 163,
       67, 66, 144, 90, 189, 133, 119, 26, 43, 16, 91, 29, 138, 181, 204,
       253, 254, 140, 39, 79, 250, 82, 178, 188, 90, 211, 113, 89, 43,
       89, 214, 124, 234, 249, 103, 91, 58, 249, 207, 229, 60, 189, 249,
       208, 160, 3, 188, 231, 87, 241, 255, 172, 119, 255, 251, 87, 246,
       104, 246, 212, 237, 55, 127, 242, 140, 177, 216, 189, 222, 46, 62,
       223, 162, 143, 212, 211, 253, 236, 29, 243, 222, 246, 103, 111,
       119, 81, 202, 126, 74, 123, 247, 181, 116, 127, 254, 23, 170, 249,
       182, 120, 238, 127, 174, 229, 136, 183, 250, 68, 249, 140, 223,
       110, 123, 180, 242, 127, 188, 118, 79, 87, 52, 217, 255, 186, 97,
       215, 95, 191, 243, 191, 220, 111, 183, 110, 239, 255, 197, 190,
       243, 252, 211, 165, 197, 61, 251, 172, 197, 223, 204, 222, 115,
       239, 18, 215, 223, 121, 105, 217, 10, 59, 95, 251, 39, 123, 51,
       237, 137, 135, 124, 148, 91, 209, 98, 47, 102, 240, 31, 207, 189,
       150, 200, 95, 134, 56, 143, 106, 200, 95, 140, 31, 232, 194, 79,
       198, 38, 110, 187, 6, 14, 1, 63, 247, 255, 91, 196, 191, 212, 110,
       210, 213, 255, 122, 254, 23, 247, 255, 155, 107, 125, 62, 56, 189,
       251, 183, 150, 190, 214, 63, 255, 123, 223, 213, 195, 243, 223,
       236, 222, 135, 92, 173, 250, 236, 100, 63, 248, 158, 222, 213, 23,
       245, 255, 123, 107, 255, 251, 31, 255, 235, 71, 123, 254, 253,
       138, 239, 172, 156, 241, 165, 243, 13, 245, 250, 255, 205, 63,
       255, 220, 215, 86, 125, 151, 219, 237, 127, 143, 125, 218, 178,
       255, 239, 116, 251, 243, 111, 223, 199, 44, 255, 255, 232, 208,
       185, 249, 123, 108, 92, 196, 83, 120, 65, 64, 244, 10, 51, 221,
       48, 48, 88, 152, 21, 106, 75, 35, 240, 15, 243, 237, 160, 56, 107,
       138, 118, 186, 105, 159, 127, 101, 244, 62, 103, 183, 96, 200,
       126, 68, 243, 48, 148, 113, 20, 70, 116, 110, 249, 184, 245, 47,
       103, 255, 100, 128, 74, 226, 210, 125, 44, 81, 122, 111, 116, 79,
       247, 121, 68, 136, 125, 0, 83, 93, 185, 16, 28, 56, 7, 106, 192,
       176, 57, 28, 103, 141, 37, 4, 81, 186, 68, 163, 75, 92, 242, 254,
       114, 184, 190, 214, 57, 194, 126, 161, 125, 255, 183, 116, 182,
       251, 183, 199, 164, 158, 182, 235, 118, 255, 62, 138, 198, 245,
       39, 223, 226, 156, 188, 80, 185, 245, 16, 151, 159, 123, 182, 125,
       190, 190, 70, 235, 205, 179, 253, 17, 191, 111, 243, 243, 187,
       218, 84, 251, 216, 76, 140, 95, 48, 143, 127, 108, 186, 195, 199,
       121, 228, 192, 254, 232, 115, 214, 160, 112, 126, 240, 78, 234,
       217, 163, 44, 29, 241, 173, 33, 24, 113, 162, 230, 48, 234, 251,
       186, 170, 43, 209, 19, 204, 139, 60, 188, 169, 174, 223, 102, 22,
       206, 247, 239, 83, 78, 11, 234, 243, 251, 245, 15, 251, 82, 15,
       47, 91, 122, 38, 224, 68, 89, 91, 80, 43, 115, 231, 165, 185, 74,
       44, 214, 158, 217, 164, 236, 36, 236, 127, 239, 202, 27, 127, 213,
       55, 231, 236, 94, 94, 91, 251, 180, 156, 187, 157, 156, 207, 143,
       253, 156, 175, 142, 168, 70, 210, 199, 103, 239, 85, 198, 107,
       203, 241, 186, 117, 94, 255, 222, 30, 139, 223, 124, 157, 183,
       254, 185, 214, 95, 247, 179, 204, 254, 40, 111, 255, 56, 241, 223,
       255, 253, 163, 253, 235, 233, 175, 251, 255, 253, 155, 231, 254,
       166, 123, 252, 249, 176, 254, 237, 249, 150, 142, 91, 191, 228,
       56, 238, 253, 79, 253, 129, 94, 237, 83, 54, 126, 250, 178, 251,
       251, 85, 123, 210, 93, 223, 79, 68, 62, 159, 17, 106, 237, 33, 82,
       174, 255, 118, 124, 148, 150, 227, 219, 163, 46, 238, 16, 147,
       221, 178, 96, 20, 35, 123, 226, 136, 65, 15, 215, 189, 253, 224,
       250, 205, 253, 119, 238, 187, 222, 109, 24, 123, 254, 111, 255,
       249, 234, 247, 83, 127, 86, 250, 186, 127, 219, 205, 107, 51, 127,
       222, 230, 182, 126, 46, 190, 45, 249, 87, 72, 155, 142, 148, 41,
       238, 236, 39, 29, 216, 225, 223, 99, 44, 7, 74, 250, 177, 210, 73,
       187, 82, 127, 22, 87, 173, 151, 237, 161, 172, 47, 207, 152, 83,
       254, 61, 205, 211, 109, 219, 42, 93, 76, 53, 127, 185, 116, 253,
       152, 78, 219, 229, 244, 223, 255, 80, 241, 69, 123, 237, 7, 164,
       14, 239, 53, 104, 232, 126, 237, 243, 97, 151, 39, 28, 228, 124,
       111, 201, 240, 237, 104, 100, 58, 229, 128, 76, 251, 210, 125,
       246, 52, 191, 170, 139, 111, 21, 77, 189, 31, 161, 24, 214, 247,
       40, 123, 219, 145, 207, 49, 56, 71, 122, 66, 209, 147, 90, 127,
       144, 90, 167, 115, 5, 253, 183, 219, 117, 175, 227, 200, 255, 17,
       121, 0, 254, 249, 61, 37, 249, 234, 18, 95, 35, 242, 26, 253, 125,
       154, 79, 106, 209, 123, 115, 170, 19, 86, 107, 165, 118, 19, 251,
       116, 100, 200, 222, 231, 121, 12, 190, 96, 126, 189, 31, 239, 205,
       179, 37, 207, 118, 109, 170, 128, 45, 190, 117, 253, 32, 104, 233,
       103, 68, 237, 99, 208, 115, 224, 108, 9, 51, 141, 17, 57, 24, 252,
       3, 78, 137, 242, 252, 56, 71, 136, 97, 32, 97, 251, 86, 248, 245,
       116, 253, 247, 138, 103, 79, 191, 19, 250, 157, 218, 83, 119, 217,
       123, 95, 215, 125, 190, 249, 70, 251, 186, 251, 207, 239, 188,
       189, 241, 160, 113, 36, 237, 25, 250, 204, 205, 183, 236, 142, 21,
       217, 11, 244, 255, 104, 64, 217, 91, 3, 67, 66, 35, 90, 243, 125,
       148, 15, 125, 16, 123, 149, 162, 220, 109, 186, 234, 173, 92, 87,
       141, 171, 222, 173, 9, 223, 255, 107, 91, 131, 211, 253, 122, 78,
       67, 186, 176, 251, 217, 103, 63, 146, 115, 164, 82, 220, 221, 62,
       179, 141, 125, 87, 167, 172, 127, 175, 25, 223, 127, 75, 115, 225,
       87, 253, 82, 120, 133, 251, 34, 243, 229, 46, 83, 192, 91, 133,
       122, 110, 168, 240, 82, 201, 189, 212, 202, 219, 178, 164, 8, 168,
       217, 85, 191, 137, 226, 249, 24, 98, 111, 218, 113, 95, 24, 21,
       127, 82, 93, 206, 142, 218, 127, 122, 251, 170, 115, 55, 239, 61,
       15, 222, 179, 13, 190, 167, 89, 103, 223, 207, 163, 116, 143, 173,
       226, 242, 231, 62, 147, 183, 85, 173, 207, 159, 199, 102, 158,
       223, 146, 238, 236, 149, 84, 209, 151, 105, 238, 62, 199, 126,
       235, 151, 231, 252, 203, 14, 253, 50, 98, 206, 203, 63, 247, 184,
       220, 181, 229, 84, 170, 222, 3, 198, 237, 84, 162, 168, 26, 67,
