%YAML:1.0
---
descriptors: !!opencv-matrix
   rows: 202
   cols: 32
   dt: u
   data: [ 40, 249, 80, 76, 89, 217, 16, 206, 83, 100, 100, 45, 34, 144,
       198, 148, 152, 184, 194, 64, 79, 58, 210, 31, 54, 84, 17, 59, 91,
       28, 74, 158, 253, 96, 232, 99, 204, 103, 75, 152, 83, 246, 181,
       26, 83, 89, 91, 58, 89, 204, 84, 254, 187, 102, 255, 18, 219, 207,
       165, 124, 247, 251, 86, 224, 3, 200, 59, 223, 116, 150, 184, 199,
       254, 9, 90, 98, 252, 206, 180, 96, 255, 63, 55, 157, 151, 184, 32,
       255, 30, 62, 186, 192, 20, 128, 185, 141, 200, 249, 181, 171, 185,
       204, 51, 157, 174, 217, 138, 0, 252, 247, 64, 118, 128, 119, 121,
       80, 83, 9, 251, 243, 237, 244, 15, 90, 130, 18, 133, 123, 2, 238,
       97, 179, 114, 161, 187, 254, 62, 127, 88, 247, 173, 142, 222, 0,
       191, 75, 23, 199, 230, 92, 45, 247, 108, 6, 186, 226, 85, 133,
       151, 217, 141, 234, 191, 255, 237, 156, 125, 180, 255, 91, 102,
       84, 249, 223, 93, 123, 197, 113, 127, 206, 227, 69, 251, 241, 79,
       251, 215, 8, 10, 245, 224, 251, 173, 109, 121, 101, 244, 79, 111,
       189, 113, 164, 126, 8, 211, 117, 145, 48, 26, 220, 84, 106, 233,
       240, 249, 14, 239, 207, 37, 4, 98, 250, 70, 248, 233, 141, 189,
       255, 173, 252, 101, 183, 255, 59, 102, 16, 250, 185, 84, 123, 193,
       102, 123, 88, 243, 120, 251, 177, 239, 251, 84, 80, 210, 216, 208,
       42, 237, 120, 241, 68, 101, 86, 223, 188, 113, 234, 52, 72, 88,
       125, 221, 191, 26, 220, 116, 234, 241, 118, 253, 234, 127, 123,
       69, 44, 239, 242, 82, 53, 82, 162, 174, 189, 14, 162, 168, 206,
       174, 149, 194, 147, 237, 206, 114, 74, 99, 109, 251, 149, 6, 217,
       143, 213, 156, 99, 159, 197, 164, 4, 53, 202, 136, 172, 191, 121,
       233, 236, 181, 87, 254, 27, 164, 16, 190, 187, 64, 59, 161, 51,
       106, 24, 50, 109, 178, 115, 207, 251, 86, 123, 194, 64, 199, 234,
       49, 159, 106, 175, 150, 130, 238, 245, 84, 96, 222, 199, 113, 104,
       186, 96, 126, 238, 22, 239, 221, 184, 29, 191, 116, 45, 175, 192,
       125, 186, 248, 157, 11, 140, 138, 186, 221, 245, 184, 231, 158,
       91, 92, 23, 172, 250, 54, 192, 201, 43, 179, 133, 54, 218, 82,
       247, 207, 87, 158, 235, 152, 76, 185, 222, 185, 199, 101, 69, 116,
       27, 238, 125, 116, 226, 115, 246, 211, 8, 148, 165, 122, 132, 6,
       238, 233, 252, 109, 30, 36, 202, 96, 4, 103, 168, 208, 236, 53,
       205, 79, 111, 22, 27, 238, 252, 84, 224, 251, 198, 115, 104, 189,
       224, 126, 236, 22, 239, 237, 178, 125, 63, 178, 237, 167, 144,
       125, 187, 248, 148, 212, 93, 31, 229, 154, 79, 71, 176, 228, 224,
       170, 8, 215, 113, 1, 115, 50, 244, 124, 106, 105, 225, 57, 44,
       249, 170, 101, 20, 104, 179, 5, 34, 249, 124, 120, 113, 189, 143,
       85, 150, 115, 186, 180, 24, 155, 27, 65, 57, 141, 252, 92, 24,
       232, 126, 241, 26, 239, 217, 53, 60, 226, 184, 66, 43, 44, 124,
       188, 113, 165, 255, 81, 150, 91, 250, 180, 24, 155, 61, 71, 57,
       201, 252, 149, 24, 41, 254, 112, 186, 207, 223, 85, 53, 210, 249,
       70, 250, 60, 77, 122, 238, 84, 147, 222, 248, 213, 128, 255, 2,
       115, 233, 181, 224, 120, 232, 151, 234, 232, 179, 44, 190, 114,
       239, 167, 129, 119, 187, 120, 130, 189, 114, 237, 67, 172, 51,
       203, 216, 66, 242, 181, 239, 83, 76, 223, 42, 95, 204, 124, 255,
       143, 102, 253, 16, 94, 11, 229, 252, 253, 255, 82, 117, 2, 166,
       149, 187, 248, 233, 184, 143, 158, 51, 17, 249, 140, 230, 72, 11,
       207, 27, 235, 17, 50, 74, 203, 215, 140, 22, 127, 239, 148, 72,
       133, 163, 10, 148, 140, 187, 153, 165, 56, 175, 30, 23, 72, 21,
       164, 175, 42, 72, 193, 11, 187, 149, 54, 220, 83, 247, 207, 119,
       158, 75, 152, 68, 185, 218, 80, 173, 158, 252, 155, 232, 83, 231,
       162, 21, 232, 8, 167, 247, 8, 80, 161, 251, 73, 144, 26, 75, 138,
       55, 249, 230, 30, 121, 160, 64, 167, 42, 2, 136, 159, 255, 83,
       192, 56, 103, 190, 21, 66, 161, 172, 246, 32, 73, 231, 59, 163,
       128, 18, 216, 3, 245, 141, 182, 94, 195, 144, 0, 165, 171, 162,
       79, 226, 142, 247, 160, 190, 198, 31, 5, 89, 247, 40, 202, 181,
       196, 254, 235, 131, 215, 230, 158, 14, 235, 54, 52, 158, 139, 23,
       223, 181, 159, 115, 205, 102, 14, 31, 19, 198, 232, 197, 0, 250,
       6, 98, 72, 62, 117, 120, 228, 74, 107, 236, 163, 29, 189, 50, 40,
       5, 23, 121, 62, 120, 14, 172, 119, 124, 103, 112, 78, 115, 184,
       120, 172, 118, 96, 215, 51, 129, 49, 150, 84, 70, 106, 224, 240,
       105, 12, 103, 187, 97, 132, 64, 179, 70, 227, 41, 175, 18, 87,
       221, 157, 198, 231, 123, 168, 104, 72, 34, 240, 68, 180, 152, 106,
       66, 74, 84, 186, 216, 63, 47, 220, 5, 51, 75, 26, 218, 142, 166,
       207, 194, 159, 213, 165, 174, 204, 31, 3, 89, 215, 104, 234, 61,
       196, 221, 107, 3, 247, 243, 150, 92, 255, 36, 52, 142, 138, 159,
       95, 249, 156, 231, 252, 241, 69, 101, 30, 239, 187, 121, 226, 102,
       76, 88, 24, 214, 183, 53, 68, 112, 47, 229, 244, 245, 202, 47, 58,
       197, 4, 79, 164, 218, 180, 111, 176, 189, 242, 239, 253, 185, 218,
       159, 255, 181, 62, 156, 255, 78, 171, 239, 147, 255, 145, 183,
       103, 250, 208, 223, 219, 219, 255, 159, 77, 15, 243, 96, 60, 19,
       240, 177, 239, 80, 198, 187, 186, 32, 24, 158, 191, 97, 25, 129,
       59, 201, 16, 41, 125, 144, 254, 219, 214, 81, 115, 192, 81, 7, 11,
       205, 232, 191, 255, 109, 157, 125, 220, 255, 218, 166, 16, 252,
       255, 93, 123, 193, 105, 123, 94, 227, 101, 187, 241, 199, 251,
       215, 58, 18, 113, 99, 234, 150, 142, 206, 191, 158, 2, 30, 239,
       148, 150, 194, 183, 101, 106, 59, 67, 115, 231, 173, 167, 124,
       193, 13, 175, 184, 99, 239, 211, 173, 124, 185, 90, 151, 207, 102,
       147, 180, 155, 238, 180, 93, 64, 210, 230, 251, 72, 159, 229, 126,
       194, 30, 255, 255, 184, 77, 238, 172, 88, 175, 192, 111, 158, 249,
       13, 200, 173, 191, 251, 173, 237, 117, 167, 239, 57, 46, 24, 190,
       185, 100, 123, 129, 102, 122, 88, 50, 105, 251, 177, 239, 251, 86,
       123, 210, 88, 197, 42, 19, 10, 206, 189, 30, 34, 168, 79, 190,
       181, 210, 183, 109, 234, 178, 73, 115, 111, 63, 133, 180, 221, 15,
       253, 152, 99, 255, 193, 172, 164, 57, 72, 56, 137, 222, 252, 143,
       139, 84, 103, 55, 144, 232, 9, 127, 243, 32, 16, 186, 187, 32, 0,
       72, 186, 83, 29, 241, 239, 69, 17, 112, 104, 202, 138, 27, 191,
       96, 187, 182, 171, 191, 251, 62, 68, 88, 231, 253, 110, 146, 0,
       63, 43, 23, 141, 150, 152, 109, 255, 228, 14, 171, 160, 125, 230,
       147, 209, 161, 168, 131, 213, 212, 47, 75, 127, 87, 161, 228, 90,
       83, 161, 16, 61, 89, 238, 34, 168, 185, 254, 217, 191, 93, 142,
       213, 96, 235, 168, 210, 168, 238, 115, 160, 162, 173, 73, 150,
       200, 139, 254, 145, 171, 206, 221, 73, 138, 206, 241, 255, 211,
       72, 71, 202, 208, 157, 208, 239, 191, 132, 127, 23, 243, 48, 173,
       30, 178, 153, 139, 84, 239, 55, 55, 232, 9, 103, 227, 0, 17, 169,
       235, 200, 0, 90, 251, 74, 61, 249, 199, 85, 121, 240, 64, 206, 10,
       212, 89, 87, 229, 38, 78, 99, 48, 36, 224, 194, 40, 87, 55, 129,
       115, 50, 244, 125, 106, 73, 145, 49, 12, 241, 170, 97, 20, 40,
       162, 5, 49, 104, 169, 156, 186, 201, 233, 81, 143, 131, 21, 172,
       9, 166, 243, 74, 91, 129, 243, 233, 16, 26, 75, 202, 49, 219, 243,
       85, 123, 144, 72, 134, 10, 144, 137, 79, 237, 158, 75, 78, 109,
       228, 16, 130, 18, 247, 75, 16, 67, 104, 165, 106, 235, 120, 233,
       1, 29, 241, 163, 226, 81, 97, 32, 224, 10, 148, 205, 215, 214,
       148, 38, 111, 252, 176, 146, 187, 82, 81, 243, 169, 119, 115, 254,
       14, 250, 113, 231, 184, 106, 121, 174, 167, 4, 225, 243, 228, 160,
       130, 127, 55, 154, 203, 224, 188, 199, 175, 23, 200, 179, 172,
       207, 101, 72, 231, 59, 171, 145, 82, 11, 162, 243, 53, 48, 158,
       203, 20, 84, 165, 251, 214, 252, 247, 214, 154, 102, 47, 248, 58,
       243, 211, 242, 93, 247, 253, 109, 55, 255, 53, 250, 177, 215, 191,
