%YAML:1.0
---
descriptors: !!opencv-matrix
   rows: 335
   cols: 32
   dt: u
   data: [ 184, 49, 123, 68, 86, 75, 179, 104, 116, 224, 247, 170, 89,
       157, 180, 49, 122, 189, 23, 226, 161, 179, 60, 94, 118, 137, 33,
       165, 109, 170, 102, 179, 216, 76, 230, 231, 5, 86, 126, 240, 49,
       14, 215, 3, 105, 59, 49, 211, 120, 213, 189, 227, 108, 253, 153,
       175, 243, 239, 226, 129, 39, 247, 124, 10, 108, 25, 250, 101, 52,
       79, 239, 49, 109, 172, 126, 8, 219, 55, 151, 52, 28, 244, 108,
       106, 217, 184, 241, 10, 231, 253, 37, 16, 66, 186, 70, 41, 137,
       188, 23, 219, 206, 137, 164, 199, 62, 19, 242, 114, 180, 208, 200,
       168, 105, 26, 74, 152, 115, 186, 91, 115, 44, 128, 62, 64, 201,
       72, 163, 161, 113, 2, 236, 173, 60, 26, 202, 24, 95, 224, 218,
       231, 255, 40, 150, 96, 90, 236, 126, 77, 141, 176, 197, 152, 198,
       127, 99, 144, 125, 175, 88, 4, 120, 121, 59, 232, 61, 221, 83, 72,
       171, 8, 188, 8, 59, 221, 100, 112, 216, 177, 223, 82, 91, 43, 250,
       185, 243, 249, 3, 123, 81, 10, 102, 18, 72, 16, 31, 231, 29, 77,
       243, 88, 230, 168, 187, 12, 214, 217, 96, 66, 200, 181, 110, 67,
       75, 35, 219, 177, 213, 149, 11, 24, 88, 43, 5, 2, 194, 164, 186,
       216, 249, 118, 124, 111, 255, 139, 168, 16, 140, 186, 124, 81,
       249, 23, 91, 161, 244, 79, 146, 222, 185, 54, 223, 127, 144, 112,
       171, 134, 17, 217, 191, 108, 64, 207, 53, 119, 236, 77, 110, 12,
       182, 183, 32, 50, 164, 51, 122, 76, 193, 185, 50, 109, 245, 189,
       20, 2, 72, 2, 135, 251, 109, 89, 189, 101, 108, 15, 71, 176, 64,
       232, 110, 8, 214, 53, 17, 58, 148, 124, 115, 106, 193, 176, 241,
       40, 101, 187, 101, 52, 208, 59, 82, 243, 126, 177, 35, 162, 25,
       85, 91, 200, 171, 245, 137, 137, 79, 206, 106, 16, 209, 217, 205,
       243, 30, 3, 186, 149, 185, 213, 143, 127, 128, 7, 38, 82, 47, 98,
       106, 225, 116, 50, 107, 82, 37, 4, 254, 231, 137, 11, 147, 84,
       126, 140, 23, 252, 136, 146, 101, 204, 214, 253, 170, 192, 39,
       165, 118, 225, 134, 52, 150, 222, 191, 237, 176, 75, 159, 151,
       137, 18, 236, 250, 109, 207, 243, 51, 234, 0, 34, 69, 154, 251,
       151, 54, 27, 63, 144, 104, 13, 6, 80, 189, 63, 116, 177, 204, 125,
       119, 168, 29, 110, 0, 190, 183, 0, 115, 161, 63, 121, 8, 210, 201,
       178, 109, 251, 187, 114, 74, 0, 64, 167, 107, 108, 109, 153, 109,
       184, 47, 79, 186, 82, 170, 41, 72, 215, 51, 65, 49, 145, 92, 124,
       110, 105, 112, 217, 62, 229, 158, 69, 52, 80, 251, 66, 32, 39,
       237, 230, 11, 213, 59, 166, 232, 124, 98, 219, 86, 200, 248, 159,
       164, 249, 206, 210, 255, 181, 178, 221, 238, 62, 61, 135, 70, 205,
       127, 251, 132, 142, 184, 147, 187, 181, 239, 185, 90, 30, 57, 93,
       118, 156, 157, 96, 140, 255, 27, 147, 17, 19, 184, 25, 211, 205,
       215, 59, 230, 158, 9, 13, 179, 128, 140, 62, 125, 176, 172, 121,
       55, 188, 23, 98, 21, 183, 171, 32, 73, 165, 35, 106, 12, 50, 237,
       19, 119, 205, 183, 82, 64, 192, 0, 165, 26, 60, 13, 107, 238, 20,
       199, 127, 112, 84, 128, 254, 2, 115, 243, 177, 64, 120, 234, 23,
       234, 104, 179, 48, 191, 243, 175, 162, 1, 53, 187, 120, 226, 9,
       151, 29, 185, 176, 191, 59, 59, 94, 125, 127, 116, 221, 114, 170,
       225, 247, 11, 14, 28, 183, 152, 97, 223, 206, 223, 51, 196, 154,
       136, 137, 117, 90, 185, 183, 186, 139, 197, 16, 199, 175, 221,
       168, 9, 174, 223, 98, 82, 165, 179, 255, 17, 14, 75, 154, 241,
       155, 213, 31, 123, 18, 6, 167, 123, 108, 116, 149, 119, 172, 111,
       165, 48, 238, 178, 171, 68, 247, 113, 73, 11, 145, 118, 104, 26,
       97, 225, 219, 40, 205, 174, 119, 16, 200, 123, 65, 42, 125, 36,
       216, 100, 88, 111, 91, 25, 51, 160, 173, 8, 23, 243, 66, 48, 25,
       220, 80, 56, 43, 82, 248, 10, 251, 205, 37, 125, 160, 162, 74,
       162, 87, 76, 140, 183, 140, 39, 95, 134, 142, 246, 154, 135, 213,
       175, 115, 75, 105, 231, 63, 199, 77, 69, 219, 160, 244, 3, 255,
       148, 12, 123, 153, 18, 219, 81, 101, 69, 35, 30, 111, 49, 41, 226,
       22, 230, 121, 38, 151, 247, 54, 197, 253, 238, 237, 208, 181, 204,
       38, 123, 236, 128, 47, 180, 137, 125, 109, 85, 193, 71, 230, 18,
       110, 184, 97, 224, 255, 230, 211, 99, 157, 246, 94, 196, 60, 254,
       221, 176, 237, 200, 110, 175, 165, 132, 239, 243, 248, 81, 157,
       94, 55, 121, 190, 215, 151, 218, 212, 126, 214, 118, 201, 92, 183,
       237, 245, 49, 142, 115, 239, 181, 45, 190, 106, 75, 175, 213, 255,
       29, 93, 83, 92, 110, 249, 100, 226, 106, 55, 146, 32, 166, 46,
       168, 31, 55, 193, 58, 39, 213, 109, 210, 8, 92, 161, 98, 213, 167,
       117, 133, 225, 241, 39, 99, 56, 159, 111, 173, 244, 190, 103, 119,
       101, 76, 254, 231, 99, 47, 182, 81, 126, 230, 15, 236, 185, 187,
       37, 237, 254, 237, 162, 192, 63, 230, 252, 217, 173, 70, 237, 243,
       172, 43, 237, 156, 86, 254, 179, 244, 211, 37, 153, 123, 93, 68,
       125, 62, 169, 244, 109, 58, 196, 235, 247, 148, 157, 249, 84, 240,
       77, 142, 173, 241, 172, 46, 205, 191, 18, 255, 190, 85, 215, 47,
       88, 107, 205, 71, 125, 29, 187, 72, 251, 18, 205, 255, 255, 244,
       136, 113, 209, 115, 235, 171, 208, 87, 237, 157, 100, 39, 235,
       169, 116, 92, 170, 40, 214, 182, 140, 174, 226, 12, 199, 122, 242,
       249, 46, 120, 84, 51, 74, 140, 202, 141, 223, 95, 98, 101, 179,
       122, 126, 240, 249, 238, 30, 167, 73, 127, 183, 183, 55, 245, 221,
       231, 229, 145, 188, 238, 114, 127, 101, 135, 47, 247, 47, 87, 29,
       94, 227, 175, 55, 250, 115, 146, 117, 76, 94, 167, 239, 212, 187,
       228, 119, 232, 158, 180, 143, 144, 63, 175, 230, 245, 162, 131,
       166, 199, 61, 255, 118, 13, 243, 204, 159, 122, 223, 238, 203,
       230, 188, 10, 110, 255, 117, 230, 251, 247, 251, 227, 96, 107,
       186, 234, 187, 62, 207, 63, 87, 127, 117, 110, 126, 189, 232, 90,
       207, 245, 151, 203, 139, 255, 189, 187, 10, 252, 127, 186, 141,
       211, 245, 147, 190, 103, 186, 243, 123, 87, 205, 255, 215, 108,
       214, 215, 172, 229, 109, 71, 244, 75, 231, 189, 119, 118, 247,
       152, 211, 103, 156, 21, 91, 206, 102, 110, 121, 244, 237, 23, 110,
       251, 101, 68, 99, 250, 198, 240, 60, 213, 84, 186, 189, 199, 210,
       109, 151, 5, 249, 11, 107, 125, 46, 196, 216, 187, 134, 112, 126,
       171, 91, 191, 187, 255, 5, 91, 247, 14, 236, 2, 10, 159, 48, 185,
       181, 245, 184, 103, 31, 69, 76, 19, 172, 190, 38, 128, 223, 59,
       147, 17, 182, 184, 50, 247, 143, 215, 26, 99, 146, 12, 189, 214,
       242, 92, 150, 172, 41, 70, 86, 238, 185, 142, 250, 3, 79, 246, 33,
       215, 248, 245, 236, 99, 108, 231, 144, 170, 177, 242, 79, 19, 32,
       127, 46, 14, 10, 156, 185, 251, 85, 245, 177, 207, 31, 73, 92, 83,
       188, 255, 40, 100, 221, 59, 147, 17, 50, 152, 122, 255, 79, 87,
       154, 235, 146, 12, 181, 251, 41, 12, 123, 231, 116, 251, 107, 54,
       117, 232, 127, 232, 219, 47, 144, 176, 90, 236, 22, 110, 169, 184,
       237, 174, 230, 255, 32, 128, 111, 171, 82, 233, 170, 253, 51, 216,
       221, 205, 176, 199, 186, 81, 96, 25, 172, 156, 100, 147, 169, 59,
       211, 17, 115, 111, 146, 247, 61, 89, 30, 107, 209, 28, 231, 250,
       42, 176, 185, 187, 93, 237, 177, 207, 31, 117, 93, 31, 172, 221,
       126, 8, 221, 27, 147, 17, 50, 126, 122, 247, 79, 87, 27, 111, 211,
       12, 149, 250, 96, 235, 16, 28, 185, 201, 22, 165, 170, 40, 168,
       40, 166, 243, 65, 20, 130, 114, 72, 64, 66, 11, 202, 61, 233, 148,
       5, 59, 18, 50, 135, 11, 65, 48, 147, 82, 153, 252, 33, 3, 254, 65,
       170, 88, 182, 208, 192, 124, 129, 62, 104, 24, 19, 41, 179, 83,
       141, 188, 18, 74, 192, 64, 131, 36, 46, 184, 208, 216, 233, 253,
       112, 202, 187, 51, 36, 25, 14, 223, 102, 156, 137, 155, 226, 16,
       22, 111, 218, 241, 31, 85, 81, 111, 210, 77, 78, 134, 68, 86, 223,
       101, 162, 106, 55, 48, 248, 202, 115, 244, 223, 119, 137, 123, 54,
       117, 108, 114, 177, 208, 128, 74, 236, 174, 103, 198, 236, 243,
