%YAML:1.0
---
descriptors: !!opencv-matrix
   rows: 263
   cols: 32
   dt: u
   data: [ 109, 117, 249, 103, 244, 110, 111, 188, 113, 234, 127, 8, 83,
       119, 153, 48, 31, 236, 84, 106, 233, 178, 249, 46, 247, 239, 37,
       4, 103, 251, 194, 241, 156, 95, 231, 253, 144, 132, 111, 198, 244,
       128, 198, 132, 57, 227, 33, 95, 110, 242, 170, 209, 233, 205, 19,
       234, 249, 230, 206, 0, 188, 241, 49, 184, 40, 23, 126, 69, 228,
       62, 246, 55, 81, 202, 126, 102, 123, 121, 151, 163, 127, 118, 151,
       46, 241, 244, 49, 142, 102, 239, 117, 128, 111, 248, 216, 187,
       197, 253, 189, 247, 157, 237, 84, 174, 190, 191, 128, 29, 246,
       253, 73, 91, 129, 102, 121, 93, 54, 77, 251, 51, 237, 219, 93,
       122, 144, 89, 211, 26, 152, 148, 190, 120, 203, 124, 112, 211,
       191, 31, 182, 17, 94, 191, 106, 155, 167, 19, 247, 16, 52, 101,
       19, 66, 219, 203, 112, 79, 242, 97, 239, 131, 155, 158, 239, 93,
       51, 246, 95, 54, 53, 206, 94, 247, 105, 127, 182, 117, 247, 247,
       189, 164, 173, 220, 53, 239, 226, 127, 254, 131, 47, 244, 60, 127,
       165, 205, 61, 251, 172, 207, 239, 252, 222, 114, 148, 18, 247,
       253, 57, 105, 221, 147, 59, 127, 235, 39, 123, 183, 237, 139, 239,
       124, 144, 219, 208, 226, 71, 251, 196, 1, 186, 11, 190, 189, 43,
       244, 24, 237, 205, 38, 195, 151, 6, 71, 237, 244, 199, 88, 221,
       92, 172, 80, 45, 246, 238, 182, 11, 221, 120, 249, 121, 108, 93,
       212, 91, 120, 97, 64, 245, 8, 59, 223, 16, 48, 88, 216, 213, 234,
       75, 43, 240, 47, 243, 237, 160, 121, 99, 131, 118, 242, 188, 235,
       113, 250, 189, 217, 95, 237, 30, 52, 241, 154, 107, 223, 252, 177,
       190, 251, 223, 242, 250, 127, 120, 191, 187, 201, 165, 253, 119,
       157, 214, 107, 83, 175, 70, 71, 186, 27, 78, 173, 41, 232, 159,
       236, 74, 106, 158, 55, 54, 231, 124, 238, 253, 201, 205, 125, 186,
       26, 45, 246, 111, 166, 202, 21, 79, 183, 103, 99, 178, 170, 111,
       189, 97, 224, 75, 228, 217, 103, 153, 116, 54, 231, 125, 253, 153,
       152, 173, 108, 236, 60, 175, 196, 174, 214, 227, 53, 127, 43, 208,
       100, 237, 59, 92, 3, 67, 170, 184, 109, 11, 40, 215, 154, 138,
       237, 228, 149, 140, 106, 197, 128, 26, 221, 229, 191, 239, 244,
       74, 7, 216, 188, 252, 248, 139, 240, 20, 135, 147, 23, 180, 51,
       31, 191, 98, 171, 235, 243, 249, 144, 62, 111, 178, 243, 123, 251,
       84, 123, 243, 84, 172, 26, 145, 206, 142, 191, 86, 18, 110, 245,
       84, 3, 211, 214, 245, 106, 178, 233, 127, 229, 30, 167, 237, 215,
       77, 175, 180, 231, 254, 0, 61, 248, 184, 140, 95, 159, 86, 47,
       179, 155, 126, 189, 37, 104, 255, 237, 207, 101, 136, 148, 54,
       215, 204, 108, 221, 184, 77, 61, 170, 254, 5, 214, 110, 166, 139,
       21, 150, 93, 111, 158, 148, 160, 190, 225, 184, 198, 219, 135,
       104, 239, 55, 81, 126, 235, 213, 231, 253, 131, 158, 239, 242, 38,
       174, 138, 141, 247, 183, 209, 161, 141, 7, 219, 244, 175, 235,
       244, 92, 1, 240, 82, 240, 96, 188, 165, 217, 234, 18, 126, 187,
       250, 88, 255, 61, 154, 150, 80, 219, 153, 242, 172, 106, 176, 188,
       178, 233, 253, 145, 79, 139, 125, 165, 25, 174, 252, 78, 158, 137,
       19, 235, 17, 30, 111, 250, 209, 219, 81, 92, 127, 210, 4, 143,
       218, 203, 255, 148, 159, 171, 157, 158, 174, 159, 255, 156, 255,
       140, 168, 86, 142, 167, 71, 239, 85, 246, 111, 223, 243, 190, 119,
       95, 255, 222, 92, 139, 95, 199, 92, 173, 254, 172, 100, 255, 248,
       158, 222, 149, 215, 213, 255, 123, 107, 255, 247, 63, 239, 233,
       71, 251, 250, 253, 171, 239, 140, 156, 243, 161, 115, 173, 29,
       243, 214, 246, 102, 95, 51, 85, 202, 127, 250, 123, 245, 185, 117,
       95, 246, 55, 46, 233, 246, 124, 174, 127, 254, 229, 128, 231, 254,
       244, 121, 83, 231, 195, 128, 179, 18, 104, 198, 57, 201, 218, 247,
       9, 130, 150, 246, 230, 205, 61, 156, 221, 219, 133, 192, 186, 124,
       190, 194, 174, 132, 171, 69, 143, 190, 166, 151, 175, 50, 188,
       239, 255, 255, 147, 247, 204, 232, 255, 143, 175, 71, 251, 183,
       182, 125, 175, 211, 14, 94, 223, 199, 142, 244, 185, 213, 188,
       113, 241, 230, 173, 29, 95, 216, 179, 238, 180, 24, 111, 223, 73,
       187, 156, 244, 253, 106, 233, 103, 250, 162, 243, 217, 101, 58,
       98, 255, 70, 107, 175, 78, 226, 159, 213, 179, 174, 194, 95, 70,
       116, 151, 40, 168, 183, 133, 249, 106, 147, 199, 166, 246, 12,
       255, 38, 95, 202, 131, 95, 125, 120, 206, 26, 140, 166, 187, 149,
       183, 184, 231, 31, 21, 76, 19, 172, 174, 54, 196, 201, 43, 179,
       149, 54, 152, 83, 247, 171, 119, 158, 67, 146, 76, 189, 206, 124,
       232, 137, 182, 141, 77, 199, 133, 50, 168, 128, 8, 151, 189, 65,
       26, 137, 252, 125, 89, 72, 110, 218, 34, 249, 199, 189, 60, 192,
       48, 214, 42, 59, 255, 107, 174, 114, 146, 223, 244, 16, 204, 252,
       167, 57, 103, 178, 164, 126, 250, 151, 238, 200, 155, 36, 175,
       114, 101, 174, 136, 39, 190, 244, 249, 180, 205, 237, 245, 156,
       47, 207, 255, 82, 186, 184, 90, 83, 121, 217, 43, 89, 198, 117,
       122, 249, 102, 123, 46, 249, 207, 229, 52, 245, 249, 208, 160,
       146, 146, 194, 185, 18, 178, 56, 67, 63, 5, 66, 247, 109, 202, 34,
       200, 119, 43, 139, 149, 38, 156, 5, 215, 148, 103, 26, 195, 189,
       132, 41, 31, 3, 151, 79, 137, 182, 163, 171, 55, 28, 65, 94, 230,
       245, 38, 176, 100, 118, 34, 30, 189, 179, 152, 53, 95, 44, 14,
       170, 192, 156, 138, 177, 125, 164, 58, 249, 111, 84, 239, 67, 80,
       86, 230, 97, 9, 115, 141, 81, 56, 24, 172, 3, 78, 136, 178, 124,
       58, 71, 141, 33, 32, 97, 235, 86, 242, 155, 30, 238, 157, 51, 242,
       57, 118, 52, 79, 86, 183, 237, 166, 163, 204, 119, 110, 174, 140,
       165, 220, 39, 255, 198, 103, 250, 129, 38, 133, 45, 93, 192, 182,
       188, 246, 124, 111, 249, 217, 186, 255, 181, 251, 245, 255, 90,
       59, 191, 87, 127, 145, 163, 103, 250, 83, 95, 139, 239, 189, 132,
       224, 7, 243, 81, 141, 59, 60, 16, 236, 120, 39, 236, 73, 234, 16,
       182, 190, 48, 112, 162, 55, 120, 5, 23, 137, 178, 103, 177, 188,
       26, 74, 0, 64, 163, 111, 78, 180, 246, 243, 187, 110, 185, 155,
       251, 255, 31, 181, 221, 255, 90, 110, 55, 23, 255, 157, 179, 81,
       255, 194, 95, 94, 223, 230, 174, 199, 135, 245, 205, 28, 238, 255,
       45, 102, 251, 24, 247, 218, 247, 51, 217, 255, 191, 106, 125, 245,
       255, 146, 172, 213, 191, 234, 71, 255, 251, 129, 239, 245, 124,
       211, 42, 169, 18, 152, 221, 245, 176, 71, 223, 21, 112, 27, 44,
       136, 118, 140, 233, 43, 130, 17, 22, 59, 18, 209, 31, 93, 26, 107,
       211, 12, 235, 142, 212, 117, 253, 231, 138, 103, 95, 156, 18, 242,
       189, 218, 83, 119, 73, 123, 95, 215, 125, 250, 249, 71, 251, 58,
       251, 207, 239, 188, 189, 243, 164, 49, 110, 156, 176, 255, 173,
       124, 214, 143, 223, 63, 175, 25, 202, 253, 78, 202, 217, 87, 249,
       0, 126, 105, 219, 179, 135, 255, 85, 63, 210, 125, 220, 86, 159,
       74, 115, 222, 52, 150, 75, 112, 213, 72, 209, 70, 57, 206, 181,
       228, 254, 169, 30, 206, 233, 143, 42, 255, 146, 254, 170, 136, 63,
       171, 112, 181, 79, 112, 255, 210, 173, 116, 121, 152, 187, 255,
       151, 174, 221, 223, 223, 126, 119, 221, 253, 223, 131, 71, 255,
       192, 223, 95, 223, 254, 174, 181, 39, 117, 61, 85, 121, 97, 180,
       79, 87, 184, 117, 232, 255, 8, 219, 127, 9, 48, 216, 220, 87, 106,
       89, 178, 121, 30, 231, 239, 37, 85, 106, 187, 70, 242, 49, 219,
       97, 77, 116, 31, 239, 252, 69, 104, 250, 230, 115, 24, 156, 164,
       126, 204, 22, 238, 201, 178, 101, 45, 52, 140, 164, 128, 111, 186,
       82, 189, 57, 253, 121, 104, 84, 207, 83, 244, 65, 96, 252, 8, 19,
       21, 0, 48, 72, 184, 21, 74, 75, 58, 112, 61, 243, 237, 32, 120,
       123, 155, 98, 186, 33, 95, 105, 73, 116, 135, 239, 247, 84, 72,
       124, 70, 17, 29, 181, 48, 76, 40, 22, 238, 233, 186, 116, 63, 103,
       44, 160, 128, 125, 152, 242, 249, 222, 252, 63, 242, 187, 223, 87,
