%YAML:1.0
---
descriptors: !!opencv-matrix
   rows: 272
   cols: 32
   dt: u
   data: [ 56, 73, 103, 207, 4, 11, 239, 112, 101, 32, 243, 2, 115, 1,
       148, 100, 106, 164, 30, 206, 72, 187, 85, 173, 245, 232, 194, 16,
       103, 139, 112, 168, 216, 66, 121, 237, 34, 74, 121, 16, 32, 134,
       231, 192, 223, 7, 129, 89, 118, 189, 12, 234, 8, 148, 161, 76,
       211, 225, 98, 4, 34, 163, 39, 48, 202, 88, 150, 220, 9, 244, 20,
       6, 191, 158, 134, 24, 172, 182, 97, 255, 128, 119, 235, 0, 100,
       79, 178, 249, 147, 243, 90, 59, 18, 84, 47, 62, 254, 238, 188,
       254, 137, 245, 93, 202, 179, 150, 164, 25, 239, 239, 99, 27, 205,
       243, 237, 130, 42, 79, 218, 187, 219, 211, 221, 59, 178, 117, 46,
       122, 75, 187, 59, 27, 250, 220, 63, 159, 174, 93, 142, 228, 188,
       231, 194, 114, 39, 115, 255, 220, 211, 73, 190, 115, 111, 45, 63,
       248, 14, 148, 167, 121, 185, 201, 125, 101, 180, 31, 231, 189,
       116, 40, 254, 74, 243, 89, 156, 48, 120, 220, 78, 106, 201, 184,
       101, 61, 103, 237, 37, 16, 103, 186, 210, 168, 83, 233, 3, 186,
       25, 196, 10, 230, 171, 113, 130, 9, 175, 150, 0, 244, 161, 231,
       89, 197, 79, 11, 146, 253, 177, 240, 154, 58, 0, 20, 35, 78, 118,
       232, 185, 176, 249, 233, 88, 207, 31, 181, 128, 185, 191, 222, 74,
       16, 217, 219, 255, 17, 14, 79, 202, 179, 223, 213, 157, 127, 144,
       8, 134, 202, 4, 159, 125, 75, 242, 170, 59, 186, 60, 93, 123, 245,
       211, 111, 141, 89, 23, 87, 71, 118, 179, 248, 109, 127, 110, 171,
       33, 196, 253, 195, 199, 177, 181, 95, 110, 77, 182, 67, 103, 255,
       84, 236, 254, 98, 83, 53, 179, 101, 126, 220, 54, 234, 232, 177,
       109, 30, 118, 139, 229, 132, 117, 250, 116, 233, 156, 2, 219, 97,
       34, 106, 121, 16, 121, 11, 118, 112, 159, 23, 137, 121, 54, 156,
       4, 40, 1, 148, 33, 64, 199, 233, 114, 4, 226, 129, 103, 161, 216,
       75, 39, 171, 29, 198, 75, 80, 164, 76, 195, 135, 255, 135, 35, 64,
       240, 165, 111, 231, 72, 129, 33, 188, 241, 225, 170, 144, 48, 7,
       53, 122, 244, 175, 187, 182, 254, 107, 159, 235, 154, 174, 152,
       43, 213, 255, 105, 3, 251, 247, 95, 163, 104, 71, 104, 62, 249,
       135, 239, 189, 145, 122, 183, 227, 85, 229, 251, 231, 92, 12, 239,
       248, 123, 162, 251, 74, 251, 249, 213, 112, 123, 220, 126, 107,
       233, 115, 223, 218, 255, 254, 167, 44, 101, 250, 112, 160, 191,
       199, 111, 249, 246, 131, 239, 248, 95, 226, 253, 198, 121, 239,
       189, 33, 127, 249, 23, 239, 233, 242, 109, 223, 126, 207, 239,
       228, 127, 187, 112, 176, 42, 174, 163, 154, 255, 241, 186, 198,
       31, 69, 88, 179, 44, 204, 55, 132, 219, 171, 135, 149, 182, 186,
       110, 255, 63, 86, 139, 171, 215, 95, 53, 254, 126, 184, 248, 114,
       137, 245, 95, 204, 219, 247, 164, 25, 106, 253, 95, 63, 137, 251,
       249, 19, 62, 111, 186, 243, 91, 223, 93, 127, 195, 117, 214, 118,
       203, 94, 45, 31, 162, 112, 189, 55, 188, 78, 92, 244, 188, 54,
       151, 111, 7, 115, 159, 141, 229, 204, 102, 107, 230, 59, 126, 136,
       142, 244, 175, 125, 213, 80, 239, 102, 42, 70, 95, 184, 160, 206,
       150, 228, 247, 87, 155, 123, 22, 245, 125, 238, 233, 197, 191, 40,
       243, 171, 111, 144, 44, 179, 36, 115, 207, 152, 61, 105, 41, 63,
       88, 184, 175, 122, 133, 221, 223, 31, 93, 123, 135, 21, 253, 231,
       151, 69, 155, 213, 203, 251, 73, 246, 30, 167, 11, 19, 106, 169,
       104, 30, 124, 217, 226, 103, 249, 68, 244, 173, 171, 12, 150, 148,
       136, 162, 195, 69, 78, 58, 100, 63, 54, 87, 144, 25, 71, 140, 94,
       222, 181, 200, 103, 255, 102, 11, 110, 236, 117, 178, 242, 243,
       123, 89, 157, 113, 122, 245, 119, 235, 232, 246, 77, 255, 246,
       250, 199, 128, 103, 185, 240, 160, 245, 246, 237, 235, 172, 102,
       79, 216, 86, 250, 181, 246, 81, 127, 219, 107, 127, 212, 63, 254,
       187, 71, 255, 122, 251, 139, 239, 244, 189, 243, 112, 113, 230,
       225, 238, 26, 173, 249, 214, 200, 255, 87, 165, 157, 74, 236, 127,
       31, 185, 195, 235, 87, 62, 103, 190, 241, 27, 114, 87, 127, 215,
       87, 254, 86, 122, 220, 50, 158, 255, 245, 148, 231, 159, 79, 188,
       63, 172, 190, 103, 148, 207, 179, 219, 1, 102, 43, 114, 251, 187,
       87, 30, 59, 146, 92, 175, 95, 132, 94, 127, 93, 36, 74, 239, 112,
       252, 138, 118, 96, 243, 119, 181, 115, 50, 100, 86, 106, 225, 245,
       33, 109, 102, 171, 98, 128, 64, 185, 103, 161, 157, 134, 229, 245,
       244, 10, 111, 184, 116, 254, 90, 231, 209, 99, 153, 65, 119, 196,
       46, 238, 240, 240, 45, 239, 236, 174, 231, 132, 167, 251, 112,
       224, 99, 148, 151, 223, 109, 252, 168, 64, 255, 31, 251, 90, 236,
       254, 44, 255, 237, 51, 126, 3, 147, 119, 186, 227, 29, 62, 218,
       202, 208, 79, 231, 229, 242, 188, 189, 82, 139, 253, 145, 212,
       155, 127, 149, 61, 108, 220, 78, 59, 141, 247, 253, 19, 191, 111,
       250, 225, 83, 122, 88, 251, 203, 79, 151, 127, 222, 180, 188, 242,
       171, 125, 25, 223, 187, 127, 149, 57, 159, 63, 74, 43, 167, 147,
       253, 17, 190, 77, 251, 147, 219, 219, 93, 255, 160, 68, 143, 115,
       91, 215, 111, 69, 178, 26, 175, 189, 108, 232, 94, 230, 217, 38,
       154, 98, 54, 199, 61, 238, 193, 144, 37, 111, 230, 47, 174, 132,
       47, 246, 129, 121, 118, 237, 151, 239, 221, 47, 238, 238, 111,
       163, 235, 2, 247, 250, 29, 208, 249, 255, 122, 227, 91, 187, 219,
       255, 189, 190, 135, 84, 201, 123, 233, 136, 47, 118, 111, 237,
       124, 31, 251, 120, 95, 232, 124, 231, 89, 79, 151, 32, 126, 205,
       23, 239, 229, 246, 125, 222, 118, 223, 163, 132, 111, 175, 114,
       241, 22, 16, 11, 184, 87, 247, 186, 67, 20, 71, 211, 23, 76, 222,
       42, 72, 253, 185, 147, 161, 61, 179, 50, 222, 19, 103, 154, 67,
       153, 77, 61, 214, 201, 122, 53, 13, 104, 95, 35, 24, 118, 236,
       246, 108, 210, 150, 130, 116, 20, 92, 126, 110, 193, 212, 241, 28,
       197, 161, 33, 128, 74, 160, 7, 241, 252, 121, 51, 236, 27, 83, 82,
       234, 163, 164, 168, 40, 15, 223, 97, 148, 218, 217, 221, 226, 72,
       3, 210, 158, 179, 213, 5, 63, 114, 53, 38, 34, 156, 180, 254, 241,
       227, 126, 116, 254, 61, 87, 119, 53, 223, 127, 10, 219, 183, 151,
       221, 160, 52, 213, 25, 198, 223, 235, 119, 199, 162, 208, 175,
       211, 157, 212, 45, 45, 32, 14, 159, 252, 56, 122, 77, 21, 221,
       119, 26, 49, 149, 85, 81, 111, 225, 213, 185, 63, 225, 235, 111,
       148, 72, 243, 131, 241, 203, 253, 111, 127, 250, 221, 63, 252,
       238, 212, 78, 160, 253, 223, 210, 98, 39, 127, 251, 206, 231, 73,
       191, 255, 127, 121, 63, 232, 6, 151, 167, 249, 173, 172, 108, 49,
       221, 191, 218, 186, 83, 191, 181, 25, 75, 105, 86, 19, 9, 192,
       211, 191, 190, 102, 77, 191, 126, 79, 161, 253, 247, 237, 90, 198,
       252, 188, 188, 254, 137, 253, 92, 207, 179, 151, 172, 25, 111,
       239, 67, 27, 205, 243, 237, 146, 58, 79, 218, 179, 219, 211, 221,
       59, 210, 117, 142, 90, 148, 127, 28, 183, 172, 15, 93, 189, 148,
       190, 134, 21, 215, 35, 67, 75, 70, 85, 109, 98, 104, 197, 89, 8,
       233, 195, 239, 181, 32, 248, 133, 75, 73, 176, 152, 174, 120, 44,
       217, 25, 43, 89, 101, 29, 221, 255, 90, 26, 151, 25, 113, 21, 151,
       66, 218, 193, 207, 253, 26, 124, 216, 130, 139, 210, 61, 1, 14,
       248, 93, 198, 72, 65, 133, 136, 219, 2, 81, 203, 48, 64, 248, 169,
       31, 157, 24, 163, 18, 140, 211, 237, 130, 9, 49, 42, 120, 130,
       254, 253, 175, 90, 141, 253, 23, 220, 171, 95, 189, 61, 106, 252,
       111, 63, 221, 243, 253, 115, 255, 99, 186, 241, 251, 83, 69, 255,
       219, 127, 246, 87, 2, 250, 186, 186, 125, 141, 48, 71, 191, 47,
       112, 25, 174, 158, 98, 16, 133, 59, 199, 17, 22, 126, 146, 243,
       157, 213, 30, 123, 208, 4, 135, 203, 122, 182, 190, 26, 141, 245,
       208, 67, 223, 31, 165, 29, 42, 248, 110, 159, 201, 163, 235, 17,
       30, 107, 210, 209, 155, 87, 88, 123, 211, 76, 254, 70, 133, 85,
       127, 69, 116, 74, 239, 56, 116, 232, 119, 224, 211, 21, 157, 117,
