%YAML:1.0
---
descriptors: !!opencv-matrix
   rows: 162
   cols: 32
   dt: u
   data: [ 112, 237, 191, 94, 153, 252, 149, 199, 238, 5, 236, 0, 46,
       189, 37, 54, 232, 115, 234, 80, 66, 43, 178, 121, 123, 245, 22,
       27, 209, 80, 231, 234, 30, 133, 211, 225, 146, 98, 111, 247, 60,
       129, 74, 210, 93, 103, 160, 228, 119, 255, 29, 184, 49, 152, 21,
       206, 253, 230, 191, 196, 174, 194, 161, 48, 23, 223, 110, 175,
       150, 6, 239, 253, 36, 196, 218, 199, 113, 107, 178, 65, 126, 199,
       29, 239, 253, 153, 29, 189, 248, 237, 175, 132, 45, 179, 176, 88,
       10, 134, 134, 155, 211, 161, 57, 47, 30, 29, 83, 183, 236, 239,
       42, 73, 247, 11, 163, 149, 50, 216, 75, 213, 141, 54, 218, 203,
       146, 12, 165, 251, 2, 91, 38, 157, 75, 128, 185, 66, 174, 21, 82,
       167, 172, 143, 38, 72, 230, 57, 187, 213, 2, 153, 2, 241, 69, 48,
       154, 195, 20, 5, 165, 211, 245, 75, 70, 78, 12, 10, 199, 232, 229,
       166, 178, 78, 98, 96, 189, 87, 120, 228, 110, 234, 108, 231, 45,
       44, 48, 42, 197, 20, 105, 186, 112, 4, 2, 166, 149, 155, 252, 169,
       168, 175, 30, 31, 24, 253, 164, 166, 232, 0, 207, 27, 107, 21, 50,
       72, 66, 247, 12, 22, 190, 236, 148, 136, 129, 185, 241, 65, 70,
       237, 7, 18, 78, 104, 101, 160, 242, 66, 67, 74, 181, 231, 120,
       228, 124, 234, 236, 161, 37, 141, 178, 234, 195, 20, 39, 190, 120,
       12, 245, 109, 237, 100, 140, 79, 71, 252, 194, 242, 168, 74, 83,
       117, 209, 51, 89, 198, 88, 106, 233, 99, 255, 42, 185, 200, 197,
       60, 125, 251, 210, 96, 143, 104, 150, 155, 45, 180, 56, 216, 159,
       27, 85, 86, 204, 214, 107, 239, 229, 73, 63, 222, 166, 69, 155,
       208, 143, 90, 255, 238, 154, 53, 57, 135, 27, 205, 71, 225, 151,
       198, 111, 247, 37, 233, 222, 194, 157, 39, 176, 196, 99, 231, 29,
       252, 89, 153, 37, 237, 249, 239, 174, 196, 39, 214, 185, 104, 1,
       164, 197, 155, 218, 233, 169, 175, 30, 51, 66, 210, 237, 98, 200,
       204, 99, 11, 106, 156, 51, 88, 207, 87, 12, 6, 158, 108, 188, 136,
       129, 172, 1, 170, 29, 217, 108, 173, 249, 31, 222, 25, 88, 112,
       180, 131, 224, 104, 197, 10, 38, 28, 147, 56, 98, 209, 204, 158,
       50, 104, 144, 136, 129, 169, 0, 168, 18, 152, 249, 201, 176, 239,
       142, 29, 184, 41, 172, 215, 96, 4, 201, 59, 130, 16, 18, 43, 10,
       243, 29, 148, 31, 123, 208, 8, 167, 171, 206, 179, 133, 139, 171,
       209, 154, 136, 143, 53, 145, 179, 204, 199, 108, 206, 207, 17,
       235, 209, 18, 7, 203, 243, 141, 84, 139, 255, 150, 15, 173, 242,
       25, 221, 80, 233, 50, 155, 59, 191, 62, 33, 94, 230, 191, 55, 160,
       228, 55, 59, 158, 24, 163, 152, 17, 191, 238, 239, 54, 128, 190,
       196, 137, 57, 66, 189, 190, 180, 203, 236, 52, 231, 255, 219, 74,
       25, 188, 254, 66, 58, 167, 115, 251, 17, 183, 107, 146, 115, 221,
       182, 95, 75, 200, 64, 175, 155, 213, 219, 111, 175, 150, 6, 111,
       188, 36, 228, 210, 199, 113, 99, 153, 81, 126, 228, 61, 238, 233,
       147, 29, 109, 240, 170, 239, 128, 45, 179, 240, 120, 134, 255, 38,
       152, 203, 160, 189, 199, 173, 22, 72, 179, 140, 143, 103, 79, 231,
       59, 155, 215, 82, 11, 130, 242, 53, 48, 142, 203, 20, 84, 165,
       251, 10, 190, 16, 187, 251, 185, 176, 207, 30, 53, 88, 175, 172,
       140, 102, 128, 143, 59, 131, 21, 22, 122, 90, 247, 44, 87, 30,
       235, 220, 12, 159, 219, 45, 255, 153, 127, 232, 143, 79, 190, 62,
       175, 120, 68, 244, 103, 193, 252, 221, 126, 102, 94, 219, 88, 123,
       59, 173, 190, 247, 212, 208, 242, 130, 185, 172, 241, 243, 90,
       235, 121, 231, 216, 239, 150, 125, 40, 91, 213, 237, 173, 59, 88,
       6, 122, 195, 99, 190, 112, 33, 216, 101, 44, 115, 251, 199, 225,
       213, 92, 78, 167, 6, 2, 111, 184, 112, 226, 215, 198, 115, 99,
       155, 83, 126, 228, 61, 238, 233, 215, 157, 44, 240, 171, 231, 132,
       45, 179, 112, 112, 53, 205, 72, 79, 212, 63, 198, 236, 84, 226,
       249, 74, 115, 120, 159, 177, 89, 206, 18, 110, 253, 178, 77, 46,
       62, 175, 5, 20, 253, 251, 250, 140, 152, 20, 183, 252, 131, 98,
       21, 207, 185, 27, 224, 48, 30, 183, 32, 123, 167, 219, 181, 160,
       56, 207, 18, 226, 249, 242, 94, 15, 242, 112, 167, 43, 56, 217,
       30, 238, 29, 215, 86, 244, 196, 0, 238, 0, 119, 245, 32, 240, 216,
       112, 136, 96, 88, 171, 88, 61, 235, 245, 5, 91, 90, 43, 252, 26,
       232, 172, 182, 124, 137, 249, 16, 207, 155, 159, 172, 25, 174,
       249, 102, 159, 129, 115, 233, 16, 62, 111, 218, 51, 219, 243, 85,
       123, 210, 76, 142, 10, 167, 167, 225, 211, 220, 47, 237, 255, 94,
       187, 57, 90, 209, 105, 220, 39, 61, 14, 82, 60, 179, 248, 205,
       214, 45, 30, 215, 100, 197, 202, 211, 164, 125, 112, 215, 100, 41,
       92, 87, 16, 225, 202, 166, 236, 123, 55, 199, 190, 38, 244, 236,
       106, 205, 103, 241, 8, 146, 249, 69, 26, 107, 246, 106, 125, 119,
       96, 209, 100, 75, 106, 64, 200, 43, 242, 160, 8, 82, 126, 77, 58,
       184, 221, 120, 242, 13, 119, 209, 64, 145, 152, 197, 54, 233, 115,
       66, 134, 209, 95, 127, 237, 180, 14, 103, 53, 116, 108, 246, 102,
       115, 37, 162, 65, 124, 228, 47, 238, 249, 185, 49, 44, 242, 235,
       228, 128, 57, 186, 244, 121, 68, 49, 145, 99, 176, 110, 99, 24,
       104, 168, 39, 72, 214, 87, 73, 122, 144, 84, 108, 122, 17, 208,
       185, 8, 205, 184, 37, 84, 192, 163, 70, 35, 17, 159, 30, 169, 180,
       223, 119, 117, 36, 76, 254, 103, 115, 125, 162, 96, 252, 170, 14,
       228, 157, 185, 49, 61, 242, 205, 166, 129, 121, 218, 232, 91, 15,
       172, 142, 179, 145, 166, 56, 3, 62, 215, 67, 21, 140, 235, 98,
       200, 209, 43, 187, 149, 62, 220, 19, 98, 207, 215, 158, 67, 136,
       68, 169, 18, 2, 162, 85, 155, 236, 169, 168, 143, 14, 49, 17, 250,
       141, 2, 200, 140, 11, 11, 234, 29, 19, 88, 207, 209, 12, 16, 63,
       252, 156, 8, 129, 132, 2, 155, 24, 251, 122, 193, 51, 223, 30, 5,
       92, 162, 188, 151, 32, 64, 206, 59, 131, 80, 18, 24, 66, 245, 237,
       213, 26, 107, 148, 8, 133, 171, 195, 207, 69, 94, 255, 153, 238,
       103, 157, 4, 152, 206, 108, 202, 181, 213, 38, 227, 251, 236, 228,
       9, 38, 253, 50, 26, 73, 155, 23, 148, 73, 12, 6, 120, 150, 211,
       143, 183, 188, 220, 143, 178, 7, 6, 220, 218, 103, 239, 199, 125,
       251, 211, 134, 69, 27, 208, 143, 26, 223, 39, 154, 127, 185, 135,
       90, 143, 70, 198, 181, 210, 110, 247, 165, 8, 158, 66, 104, 39,
       182, 245, 96, 230, 223, 236, 113, 137, 33, 253, 186, 122, 142,
       195, 39, 150, 248, 45, 186, 251, 114, 172, 126, 153, 183, 247, 26,
       4, 92, 234, 45, 172, 180, 132, 126, 123, 135, 65, 194, 58, 132,
       255, 60, 69, 46, 171, 119, 158, 223, 169, 116, 174, 196, 125, 221,
       42, 78, 175, 115, 183, 168, 10, 67, 32, 85, 58, 89, 198, 96, 184,
       60, 94, 221, 42, 45, 238, 213, 117, 225, 123, 214, 4, 198, 148,
       16, 155, 27, 244, 186, 9, 175, 81, 137, 181, 204, 222, 110, 230,
       215, 19, 251, 146, 119, 7, 219, 211, 137, 52, 11, 127, 24, 2, 173,
       23, 33, 239, 153, 79, 248, 159, 110, 191, 110, 233, 108, 68, 246,
       230, 208, 244, 213, 110, 38, 28, 211, 24, 251, 51, 44, 191, 53,
       116, 216, 242, 194, 189, 126, 124, 0, 242, 57, 245, 26, 200, 27,
       182, 145, 175, 207, 222, 73, 157, 223, 249, 221, 243, 47, 70, 216,
       184, 155, 209, 143, 255, 182, 127, 15, 86, 26, 31, 87, 205, 51,
       155, 26, 55, 173, 64, 222, 230, 175, 55, 160, 228, 102, 183, 157,
       96, 205, 137, 37, 253, 170, 245, 0, 147, 62, 134, 13, 61, 242,
       219, 122, 76, 118, 147, 90, 116, 221, 4, 244, 231, 106, 200, 182,
       244, 126, 184, 143, 228, 205, 171, 116, 255, 50, 60, 162, 203,
       127, 142, 120, 29, 10, 169, 128, 187, 147, 189, 186, 207, 30, 97,
       88, 135, 172, 142, 98, 128, 175, 43, 147, 21, 22, 24, 26, 245,
       172, 87, 30, 235, 158, 12, 137, 218, 32, 185, 245, 123, 249, 237,
       81, 151, 143, 25, 253, 40, 178, 255, 68, 54, 205, 122, 119, 16,
       27, 72, 251, 113, 111, 220, 21, 122, 211, 202, 198, 186, 3, 164,
