%YAML:1.0
---
descriptors: !!opencv-matrix
   rows: 458
   cols: 32
   dt: u
   data: [ 11, 178, 245, 109, 59, 214, 88, 59, 31, 249, 92, 229, 189,
       255, 150, 164, 150, 93, 245, 5, 143, 216, 247, 221, 203, 255, 249,
       215, 62, 164, 10, 95, 43, 146, 45, 105, 41, 215, 25, 31, 39, 109,
       94, 229, 153, 157, 134, 244, 198, 60, 253, 4, 143, 154, 247, 149,
       199, 253, 176, 163, 30, 134, 30, 255, 210, 233, 6, 184, 137, 213,
       20, 230, 191, 29, 128, 24, 174, 178, 96, 255, 193, 243, 232, 193,
       14, 75, 130, 241, 153, 240, 222, 123, 144, 20, 167, 14, 27, 186,
       253, 241, 55, 95, 249, 31, 127, 253, 86, 247, 157, 63, 214, 44,
       167, 149, 245, 157, 163, 248, 247, 204, 79, 219, 249, 198, 239,
       132, 85, 127, 27, 186, 236, 247, 38, 94, 249, 23, 123, 237, 119,
       183, 185, 63, 150, 124, 167, 191, 181, 141, 149, 248, 245, 204,
       79, 255, 248, 131, 167, 164, 87, 127, 233, 52, 189, 69, 56, 127,
       91, 63, 127, 233, 127, 88, 223, 53, 136, 182, 151, 30, 124, 56,
       179, 252, 249, 31, 239, 255, 49, 244, 210, 130, 199, 61, 163, 135,
       99, 13, 116, 147, 174, 123, 92, 72, 88, 230, 97, 72, 188, 164,
       126, 42, 22, 239, 231, 178, 36, 223, 38, 60, 170, 128, 95, 140,
       240, 245, 57, 125, 107, 104, 84, 199, 207, 116, 65, 64, 124, 70,
       51, 29, 180, 48, 88, 184, 22, 234, 201, 186, 116, 63, 103, 237,
       160, 104, 127, 154, 118, 248, 145, 78, 90, 255, 54, 139, 111, 124,
       84, 2, 92, 102, 247, 193, 161, 96, 126, 40, 6, 78, 193, 188, 46,
       191, 224, 239, 34, 128, 60, 154, 33, 137, 86, 164, 176, 242, 187,
       233, 50, 200, 191, 181, 179, 25, 206, 254, 76, 89, 187, 213, 239,
       19, 54, 99, 202, 246, 223, 212, 15, 127, 208, 15, 7, 66, 43, 133,
       118, 87, 228, 58, 253, 51, 89, 206, 127, 182, 105, 105, 190, 175,
       95, 118, 151, 44, 176, 248, 37, 206, 70, 127, 244, 130, 239, 236,
       216, 181, 122, 19, 237, 65, 139, 95, 85, 85, 101, 125, 255, 37,
       11, 61, 142, 255, 252, 148, 253, 180, 157, 241, 117, 128, 215,
       249, 96, 215, 235, 140, 238, 119, 112, 91, 91, 196, 102, 209, 146,
       196, 201, 172, 176, 42, 174, 158, 165, 56, 238, 241, 134, 226, 8,
       39, 96, 232, 145, 144, 43, 187, 69, 59, 103, 47, 143, 251, 253,
       109, 62, 218, 219, 185, 159, 252, 84, 229, 251, 221, 214, 38, 22,
       125, 253, 239, 197, 100, 239, 159, 107, 249, 45, 191, 118, 166,
       87, 119, 178, 188, 187, 230, 127, 197, 155, 122, 27, 235, 157,
       127, 60, 191, 68, 32, 255, 187, 215, 149, 187, 111, 249, 255, 91,
       93, 187, 250, 157, 14, 39, 243, 6, 12, 139, 246, 226, 38, 191, 83,
       184, 138, 219, 243, 89, 255, 53, 74, 238, 255, 127, 135, 129, 195,
       128, 234, 208, 46, 254, 128, 133, 115, 163, 177, 255, 106, 104,
       26, 77, 216, 89, 0, 251, 84, 101, 141, 171, 204, 247, 189, 106,
       168, 228, 30, 142, 100, 254, 208, 215, 121, 145, 105, 119, 149,
       94, 86, 214, 104, 166, 190, 9, 88, 158, 204, 191, 182, 130, 27,
       238, 238, 111, 90, 233, 245, 239, 195, 110, 71, 139, 227, 147,
       118, 223, 59, 128, 125, 45, 78, 19, 15, 19, 223, 54, 183, 107,
       114, 23, 78, 223, 134, 125, 231, 177, 228, 127, 187, 31, 142, 171,
       153, 42, 255, 179, 254, 171, 136, 62, 203, 49, 249, 156, 212, 61,
       239, 60, 102, 95, 184, 150, 6, 143, 19, 247, 119, 57, 97, 221, 21,
       63, 107, 104, 133, 121, 63, 225, 235, 235, 20, 48, 123, 21, 114,
       249, 86, 43, 12, 40, 87, 17, 120, 84, 110, 212, 253, 158, 149,
       162, 245, 92, 156, 222, 111, 237, 151, 101, 30, 210, 33, 106, 188,
       90, 172, 46, 241, 60, 221, 91, 106, 83, 197, 87, 246, 165, 4, 236,
       0, 63, 223, 33, 112, 254, 251, 151, 194, 75, 43, 56, 61, 243, 205,
       4, 43, 115, 82, 102, 187, 150, 84, 173, 191, 172, 102, 95, 152,
       150, 255, 151, 151, 213, 127, 59, 75, 213, 87, 61, 175, 249, 197,
       121, 174, 233, 235, 255, 148, 132, 123, 181, 115, 86, 178, 251,
       52, 210, 116, 184, 211, 187, 223, 118, 167, 77, 238, 231, 90, 55,
       253, 165, 145, 150, 89, 166, 192, 219, 231, 255, 207, 165, 228,
       39, 215, 114, 188, 169, 166, 127, 229, 155, 242, 11, 239, 152,
       127, 60, 189, 86, 18, 205, 215, 255, 145, 155, 127, 251, 227, 95,
       93, 191, 186, 207, 77, 23, 251, 212, 112, 157, 84, 42, 76, 85, 0,
       232, 178, 167, 24, 87, 55, 65, 59, 35, 212, 108, 10, 65, 71, 179,
       0, 209, 171, 117, 62, 192, 113, 71, 43, 124, 180, 189, 112, 139,
       233, 81, 11, 171, 191, 173, 56, 151, 183, 72, 26, 131, 22, 108,
       16, 18, 105, 234, 16, 203, 215, 85, 127, 226, 64, 198, 35, 201,
       134, 117, 145, 237, 189, 248, 31, 254, 123, 48, 93, 221, 42, 210,
       47, 35, 3, 110, 157, 182, 108, 111, 213, 79, 90, 123, 236, 220,
       68, 199, 223, 165, 13, 29, 97, 172, 47, 70, 152, 70, 186, 160, 72,
       211, 17, 17, 123, 217, 68, 76, 106, 249, 231, 89, 60, 233, 153,
       225, 116, 216, 187, 80, 32, 238, 189, 242, 254, 255, 253, 254,
       248, 127, 236, 253, 11, 109, 253, 127, 244, 255, 255, 247, 211,
       182, 122, 254, 255, 127, 255, 135, 239, 247, 255, 103, 207, 186,
       255, 106, 93, 119, 147, 252, 119, 213, 6, 124, 134, 40, 200, 182,
       181, 126, 186, 151, 160, 237, 186, 52, 223, 54, 93, 144, 163, 111,
       156, 254, 157, 79, 248, 17, 187, 91, 181, 50, 144, 62, 89, 9, 69,
       172, 210, 73, 204, 231, 107, 170, 215, 151, 26, 95, 241, 156, 84,
       26, 106, 154, 23, 41, 21, 60, 21, 123, 110, 148, 71, 79, 121, 101,
       232, 127, 6, 83, 85, 185, 48, 124, 156, 23, 234, 201, 178, 57, 28,
       115, 237, 161, 132, 123, 171, 100, 241, 159, 144, 118, 251, 39,
       244, 249, 184, 61, 95, 119, 23, 105, 223, 62, 237, 247, 155, 181,
       131, 191, 213, 63, 229, 211, 251, 218, 195, 167, 133, 253, 119,
       44, 247, 249, 243, 237, 233, 215, 140, 79, 127, 189, 59, 218, 92,
       92, 168, 219, 219, 255, 83, 218, 118, 79, 243, 111, 29, 101, 119,
       215, 223, 220, 227, 142, 148, 151, 190, 195, 228, 185, 202, 189,
       19, 217, 19, 252, 255, 40, 239, 239, 155, 251, 130, 51, 197, 26,
       227, 213, 243, 218, 203, 138, 69, 167, 179, 138, 176, 126, 87, 51,
       248, 56, 18, 253, 87, 119, 181, 172, 62, 6, 61, 167, 51, 245, 16,
       182, 220, 53, 247, 71, 127, 80, 195, 227, 4, 15, 95, 55, 67, 101,
       138, 28, 147, 202, 120, 69, 64, 211, 238, 67, 72, 188, 228, 90,
       128, 31, 239, 201, 163, 77, 157, 48, 8, 170, 148, 63, 143, 112,
       36, 120, 124, 57, 236, 124, 207, 83, 254, 131, 200, 252, 9, 55,
       223, 35, 112, 220, 249, 221, 97, 201, 43, 242, 62, 243, 221, 37,
       57, 56, 185, 102, 91, 205, 114, 61, 227, 40, 111, 107, 24, 46,
       248, 23, 120, 221, 87, 201, 123, 182, 85, 125, 254, 129, 84, 249,
       80, 197, 185, 43, 180, 0, 163, 7, 113, 78, 178, 252, 97, 233, 125,
       120, 223, 43, 253, 54, 61, 30, 159, 206, 186, 167, 23, 245, 21,
       150, 89, 179, 192, 223, 219, 117, 231, 194, 196, 207, 243, 36, 5,
       122, 79, 116, 15, 231, 57, 68, 8, 127, 0, 115, 113, 189, 32, 26,
       24, 6, 106, 192, 176, 105, 28, 103, 157, 33, 4, 87, 170, 64, 161,
       156, 56, 123, 248, 83, 241, 83, 67, 183, 64, 236, 50, 63, 223, 33,
       56, 234, 185, 147, 176, 11, 147, 48, 218, 211, 193, 2, 43, 123,
       97, 38, 242, 51, 211, 107, 237, 118, 19, 235, 125, 87, 76, 252,
       230, 113, 205, 190, 32, 126, 236, 23, 237, 201, 186, 101, 157,
       118, 109, 163, 128, 125, 170, 114, 249, 206, 148, 19, 250, 95,
       228, 187, 234, 156, 83, 193, 18, 252, 215, 40, 237, 245, 91, 251,
       163, 51, 71, 218, 247, 213, 243, 218, 74, 26, 13, 37, 179, 94,
       205, 118, 174, 175, 223, 222, 236, 237, 244, 159, 11, 239, 248,
       62, 195, 238, 247, 255, 227, 204, 107, 31, 253, 187, 243, 207,
       159, 63, 127, 169, 15, 125, 232, 25, 104, 9, 141, 83, 234, 227,
       28, 172, 8, 55, 211, 74, 16, 129, 129, 76, 106, 78, 35, 250, 53,
       211, 221, 1, 125, 80, 3, 66, 74, 95, 125, 235, 103, 178, 122, 123,
       144, 105, 237, 159, 174, 217, 63, 223, 50, 54, 223, 221, 255, 137,
