%YAML:1.0
---
descriptors: !!opencv-matrix
   rows: 321
   cols: 32
   dt: u
   data: [ 61, 93, 107, 238, 54, 195, 79, 248, 68, 200, 252, 110, 115,
       213, 177, 112, 126, 232, 20, 238, 201, 163, 60, 45, 240, 169, 161,
       152, 125, 187, 112, 241, 50, 181, 115, 90, 251, 253, 83, 121, 251,
       29, 253, 61, 106, 221, 12, 180, 187, 155, 199, 34, 154, 43, 186,
       215, 19, 60, 16, 127, 115, 6, 230, 231, 13, 164, 179, 75, 245,
       255, 227, 216, 127, 75, 121, 16, 218, 117, 173, 60, 187, 90, 86,
       58, 51, 180, 57, 127, 47, 222, 7, 68, 210, 211, 227, 228, 62, 12,
       47, 254, 13, 225, 219, 64, 132, 78, 213, 131, 112, 237, 51, 75,
       104, 176, 183, 199, 8, 167, 42, 189, 83, 35, 232, 153, 119, 239,
       116, 242, 156, 125, 27, 247, 139, 201, 55, 224, 188, 134, 231, 32,
       255, 247, 41, 65, 50, 253, 106, 98, 96, 145, 25, 106, 245, 195, 7,
       1, 98, 51, 37, 178, 57, 95, 124, 237, 230, 30, 125, 127, 116, 174,
       254, 230, 83, 43, 147, 113, 126, 220, 55, 236, 236, 216, 117, 12,
       246, 235, 231, 132, 45, 248, 116, 249, 35, 253, 208, 83, 255, 157,
       180, 231, 207, 241, 60, 46, 140, 184, 199, 166, 207, 43, 234, 16,
       215, 106, 222, 210, 46, 28, 31, 127, 223, 92, 203, 143, 80, 222,
       62, 188, 58, 130, 89, 190, 176, 14, 246, 225, 127, 231, 0, 83, 38,
       245, 205, 160, 104, 207, 131, 79, 243, 227, 106, 145, 32, 176, 39,
       123, 74, 241, 252, 118, 45, 93, 217, 156, 163, 253, 181, 41, 187,
       253, 94, 186, 142, 89, 253, 81, 214, 105, 250, 161, 207, 217, 85,
       187, 231, 150, 222, 123, 237, 230, 253, 70, 254, 115, 223, 248,
       122, 230, 189, 159, 219, 110, 159, 51, 59, 197, 78, 238, 229, 103,
       61, 110, 123, 207, 239, 189, 229, 243, 103, 211, 182, 244, 111,
       80, 87, 199, 179, 218, 23, 212, 196, 139, 112, 221, 126, 36, 57,
       216, 147, 241, 106, 247, 59, 31, 123, 6, 133, 111, 243, 28, 118,
       242, 181, 207, 234, 173, 214, 43, 239, 254, 84, 174, 254, 239, 67,
       105, 179, 64, 127, 206, 7, 239, 236, 183, 77, 174, 252, 47, 167,
       132, 245, 255, 242, 193, 193, 178, 185, 179, 237, 253, 177, 223,
       239, 127, 181, 60, 158, 190, 74, 58, 167, 23, 238, 17, 151, 109,
       186, 209, 223, 217, 127, 255, 208, 72, 135, 247, 87, 233, 3, 154,
       155, 204, 11, 132, 171, 81, 136, 8, 174, 214, 69, 116, 160, 243,
       121, 215, 95, 11, 186, 113, 185, 52, 142, 122, 136, 22, 35, 124,
       160, 240, 185, 251, 40, 205, 17, 157, 158, 121, 148, 25, 183, 159,
       72, 42, 133, 19, 125, 17, 91, 76, 250, 49, 207, 199, 60, 254, 16,
       8, 151, 123, 100, 124, 159, 84, 56, 238, 83, 2, 235, 186, 162, 40,
       22, 183, 69, 63, 129, 116, 108, 74, 33, 105, 176, 104, 185, 186,
       69, 50, 192, 113, 70, 35, 248, 112, 191, 254, 9, 192, 21, 111,
       178, 214, 166, 24, 63, 183, 97, 123, 225, 183, 253, 128, 104, 79,
       178, 0, 219, 227, 222, 27, 32, 80, 38, 122, 56, 205, 121, 108,
       219, 69, 87, 254, 119, 128, 236, 0, 126, 127, 33, 80, 126, 250,
       83, 106, 74, 43, 59, 127, 115, 239, 5, 56, 115, 241, 230, 250,
       190, 120, 249, 74, 203, 83, 26, 216, 19, 178, 180, 170, 89, 95,
       77, 190, 95, 217, 215, 242, 43, 118, 219, 242, 95, 223, 167, 191,
       247, 191, 78, 179, 146, 92, 122, 158, 214, 167, 191, 115, 94, 198,
       218, 55, 124, 250, 39, 64, 255, 187, 147, 129, 230, 191, 52, 255,
       115, 46, 186, 139, 61, 104, 37, 211, 180, 76, 206, 255, 70, 43,
       239, 236, 117, 50, 243, 18, 83, 105, 25, 25, 123, 229, 47, 171,
       104, 246, 93, 235, 212, 170, 215, 4, 101, 249, 112, 128, 95, 148,
       143, 167, 128, 102, 109, 152, 170, 251, 139, 69, 221, 118, 89,
       251, 181, 69, 125, 191, 157, 209, 189, 64, 201, 39, 239, 196, 140,
       119, 163, 81, 217, 87, 63, 165, 34, 70, 61, 63, 48, 206, 214, 228,
       255, 55, 131, 115, 54, 245, 124, 172, 233, 221, 177, 78, 230, 235,
       110, 128, 42, 240, 163, 121, 92, 0, 142, 181, 3, 102, 185, 0, 52,
       246, 195, 151, 205, 42, 3, 75, 243, 165, 109, 165, 44, 213, 145,
       72, 209, 227, 251, 133, 168, 32, 37, 82, 137, 185, 25, 122, 209,
       236, 112, 115, 251, 65, 101, 24, 190, 211, 32, 248, 128, 59, 82,
       16, 51, 42, 18, 119, 79, 253, 16, 107, 88, 1, 139, 162, 186, 61,
       86, 254, 123, 249, 86, 226, 187, 22, 177, 43, 47, 223, 109, 145,
       171, 251, 197, 66, 110, 111, 26, 255, 243, 211, 80, 59, 115, 69,
       46, 155, 88, 0, 156, 177, 34, 42, 57, 10, 62, 183, 70, 149, 157,
       43, 66, 75, 167, 29, 237, 149, 48, 220, 211, 192, 204, 227, 122,
       197, 172, 0, 1, 66, 215, 80, 255, 108, 46, 6, 93, 188, 249, 202,
       214, 224, 125, 63, 149, 123, 214, 213, 125, 239, 233, 197, 181,
       200, 243, 251, 239, 148, 44, 177, 97, 121, 42, 220, 126, 251, 95,
       211, 187, 226, 159, 69, 86, 167, 124, 223, 38, 65, 238, 59, 147,
       209, 50, 155, 58, 253, 111, 55, 158, 67, 159, 13, 53, 250, 200,
       178, 188, 185, 49, 172, 49, 23, 190, 31, 118, 53, 190, 183, 66,
       91, 135, 59, 253, 17, 50, 92, 195, 215, 207, 211, 122, 211, 154,
       0, 5, 27, 11, 95, 237, 71, 242, 26, 255, 180, 124, 196, 94, 230,
       249, 47, 147, 243, 54, 214, 183, 238, 193, 216, 109, 236, 102,
       111, 238, 128, 47, 247, 129, 121, 218, 252, 250, 184, 43, 240, 17,
       67, 187, 95, 244, 187, 14, 159, 102, 92, 167, 177, 253, 145, 46,
       15, 162, 211, 219, 241, 90, 251, 167, 4, 175, 95, 143, 122, 229,
       145, 44, 94, 105, 152, 255, 251, 82, 244, 223, 198, 221, 255, 39,
       77, 126, 93, 167, 212, 255, 208, 140, 122, 127, 214, 142, 181, 21,
       245, 255, 169, 113, 64, 255, 27, 198, 233, 123, 168, 177, 120, 74,
       216, 221, 180, 187, 207, 212, 123, 247, 115, 204, 222, 58, 92, 37,
       247, 71, 39, 218, 165, 57, 69, 122, 110, 116, 151, 110, 252, 69,
       44, 254, 70, 123, 139, 183, 48, 120, 168, 22, 234, 205, 179, 40,
       255, 114, 237, 160, 132, 127, 187, 122, 137, 125, 119, 188, 231,
       138, 15, 95, 252, 0, 238, 157, 15, 223, 119, 75, 3, 94, 212, 125,
       238, 200, 67, 249, 40, 251, 201, 237, 188, 34, 251, 6, 115, 162,
       169, 96, 92, 85, 217, 199, 231, 123, 100, 228, 137, 35, 12, 22,
       20, 72, 170, 195, 69, 78, 58, 116, 189, 119, 80, 16, 51, 87, 12,
       214, 222, 88, 121, 183, 117, 33, 206, 117, 55, 232, 200, 110, 8,
       190, 181, 0, 114, 160, 119, 121, 65, 65, 249, 176, 44, 225, 251,
       84, 2, 66, 48, 135, 123, 96, 182, 25, 225, 112, 172, 113, 55, 40,
       13, 123, 25, 183, 11, 8, 80, 134, 155, 71, 0, 18, 184, 81, 5, 199,
       253, 48, 65, 64, 128, 70, 139, 233, 161, 8, 37, 84, 109, 97, 54,
       114, 229, 164, 24, 179, 17, 90, 16, 152, 14, 64, 28, 62, 250, 241,
       15, 207, 141, 16, 112, 72, 136, 82, 202, 253, 69, 222, 101, 244,
       14, 111, 189, 48, 238, 247, 21, 211, 99, 139, 83, 51, 204, 125,
       110, 96, 244, 153, 14, 230, 171, 101, 4, 104, 242, 234, 225, 66,
       217, 190, 191, 139, 193, 53, 47, 158, 23, 74, 179, 237, 246, 98,
       66, 227, 127, 171, 129, 118, 200, 219, 183, 237, 231, 222, 75, 52,
       16, 165, 74, 107, 48, 184, 110, 123, 60, 88, 25, 171, 89, 109, 29,
       92, 255, 78, 58, 149, 25, 241, 21, 151, 98, 218, 81, 87, 253, 24,
       62, 216, 66, 139, 19, 105, 128, 149, 125, 48, 110, 97, 3, 116, 43,
       227, 88, 247, 51, 0, 248, 145, 52, 108, 8, 57, 248, 81, 15, 205,
       174, 112, 80, 200, 32, 66, 32, 79, 19, 237, 85, 162, 30, 61, 190,
       60, 254, 86, 228, 221, 36, 147, 111, 55, 68, 60, 188, 177, 208,
       53, 72, 76, 43, 119, 196, 174, 244, 129, 117, 9, 149, 58, 190,
       117, 157, 244, 119, 221, 77, 127, 7, 110, 248, 62, 192, 244, 43,
       134, 5, 214, 185, 50, 159, 115, 255, 22, 3, 90, 14, 233, 207, 105,
       36, 189, 85, 77, 109, 225, 142, 218, 123, 44, 24, 178, 181, 77,
       59, 137, 90, 98, 8, 51, 122, 242, 51, 77, 143, 115, 44, 192, 88,
       87, 234, 222, 15, 206, 180, 2, 178, 58, 96, 188, 134, 195, 183,
       77, 238, 35, 91, 38, 245, 237, 199, 44, 213, 133, 206, 210, 227,
       75, 135, 164, 229, 45, 18, 157, 221, 215, 247, 151, 98, 54, 252,
