%YAML:1.0
---
descriptors: !!opencv-matrix
   rows: 376
   cols: 32
   dt: u
   data: [ 52, 72, 126, 254, 76, 163, 215, 112, 196, 2, 221, 3, 115, 201,
       53, 65, 200, 248, 7, 99, 136, 163, 106, 189, 83, 171, 226, 9, 117,
       251, 124, 130, 116, 9, 231, 206, 12, 226, 207, 80, 197, 128, 219,
       66, 113, 241, 181, 102, 104, 228, 63, 235, 137, 163, 38, 232, 209,
       168, 226, 136, 55, 251, 116, 96, 249, 205, 71, 237, 148, 2, 111,
       245, 100, 96, 234, 194, 115, 35, 176, 113, 122, 228, 58, 238, 233,
       185, 53, 175, 240, 170, 198, 0, 109, 186, 240, 40, 199, 175, 159,
       222, 188, 35, 174, 175, 154, 179, 25, 248, 253, 234, 248, 2, 23,
       111, 127, 191, 51, 73, 143, 251, 40, 62, 111, 188, 140, 243, 129,
       41, 247, 236, 219, 230, 222, 39, 159, 252, 26, 162, 152, 218, 125,
       123, 25, 49, 63, 215, 87, 235, 97, 199, 25, 238, 120, 142, 239,
       188, 173, 243, 163, 169, 163, 163, 157, 155, 236, 169, 188, 191,
       142, 123, 16, 253, 180, 170, 218, 11, 207, 11, 123, 21, 183, 72,
       194, 209, 76, 18, 126, 254, 156, 200, 153, 153, 69, 239, 199, 191,
       212, 8, 102, 189, 254, 147, 10, 196, 245, 226, 249, 66, 115, 74,
       42, 222, 115, 80, 142, 99, 172, 166, 231, 68, 172, 243, 241, 160,
       229, 247, 44, 158, 76, 159, 207, 252, 215, 254, 180, 79, 227, 200,
       55, 33, 220, 236, 126, 111, 236, 103, 255, 191, 247, 121, 199, 60,
       89, 63, 82, 212, 244, 75, 70, 78, 13, 14, 71, 252, 229, 166, 246,
       66, 66, 97, 53, 87, 120, 228, 110, 234, 104, 231, 13, 108, 177,
       170, 197, 20, 99, 187, 240, 36, 8, 180, 185, 241, 211, 237, 49,
       71, 62, 101, 108, 24, 190, 159, 96, 56, 163, 59, 3, 16, 18, 184,
       48, 23, 205, 213, 16, 107, 208, 72, 135, 251, 161, 11, 101, 79,
       84, 219, 235, 112, 85, 96, 243, 82, 113, 28, 148, 165, 110, 172,
       22, 234, 233, 188, 117, 236, 36, 40, 160, 128, 119, 139, 112, 172,
       161, 75, 127, 103, 52, 14, 111, 180, 117, 136, 114, 68, 243, 107,
       145, 49, 146, 228, 102, 106, 233, 176, 65, 44, 230, 250, 101, 128,
       104, 187, 66, 169, 129, 206, 212, 155, 234, 169, 173, 159, 62, 19,
       64, 245, 181, 226, 224, 73, 71, 11, 34, 140, 19, 220, 199, 115,
       76, 34, 126, 200, 156, 208, 137, 185, 45, 97, 233, 101, 52, 11,
       67, 56, 67, 160, 54, 72, 211, 1, 209, 50, 24, 68, 68, 126, 201,
       240, 241, 8, 204, 221, 37, 52, 108, 171, 82, 160, 118, 118, 42,
       140, 76, 23, 207, 120, 215, 206, 220, 207, 227, 204, 183, 80, 124,
       236, 127, 239, 200, 231, 255, 251, 240, 63, 175, 188, 21, 191,
       116, 244, 100, 160, 157, 97, 188, 107, 97, 136, 122, 241, 35, 24,
       215, 1, 72, 27, 19, 68, 104, 124, 17, 116, 217, 20, 205, 155, 69,
       116, 200, 169, 211, 48, 232, 50, 184, 112, 233, 125, 17, 155, 171,
       255, 180, 60, 30, 151, 67, 191, 133, 22, 253, 16, 155, 79, 242,
       144, 219, 209, 117, 255, 194, 100, 78, 115, 252, 112, 254, 116,
       13, 125, 84, 192, 251, 178, 164, 24, 95, 221, 67, 59, 169, 245,
       236, 114, 44, 103, 154, 160, 211, 219, 85, 63, 227, 121, 78, 2,
       124, 173, 124, 105, 157, 255, 83, 191, 71, 165, 172, 8, 19, 41,
       16, 48, 73, 210, 76, 56, 58, 171, 81, 63, 251, 223, 5, 85, 243,
       200, 214, 10, 136, 136, 185, 249, 48, 239, 81, 159, 22, 27, 86,
       48, 183, 151, 160, 96, 85, 58, 31, 24, 59, 156, 99, 55, 239, 207,
       52, 224, 144, 200, 132, 59, 114, 146, 182, 252, 61, 86, 216, 126,
       27, 77, 180, 127, 106, 60, 158, 24, 221, 215, 245, 1, 174, 111,
       33, 223, 27, 126, 216, 211, 71, 12, 126, 95, 93, 109, 28, 172,
       168, 7, 78, 252, 166, 242, 168, 13, 95, 227, 105, 83, 245, 197,
       125, 110, 72, 3, 154, 24, 251, 217, 103, 60, 56, 243, 171, 16, 16,
       133, 29, 43, 138, 205, 39, 189, 38, 53, 79, 16, 215, 83, 72, 64,
       51, 26, 104, 136, 82, 152, 223, 21, 237, 231, 51, 84, 48, 130,
       133, 34, 95, 232, 244, 245, 37, 148, 92, 152, 123, 218, 52, 130,
       235, 127, 221, 125, 183, 249, 53, 207, 206, 116, 46, 217, 195,
       219, 231, 167, 39, 244, 66, 77, 246, 104, 130, 230, 77, 47, 202,
       200, 203, 162, 176, 10, 67, 203, 93, 26, 248, 229, 107, 251, 8,
       103, 218, 234, 145, 156, 139, 60, 193, 123, 114, 128, 27, 143, 66,
       14, 210, 146, 174, 246, 205, 64, 90, 231, 41, 136, 183, 132, 126,
       235, 151, 199, 215, 187, 4, 253, 56, 12, 174, 131, 111, 134, 57,
       157, 174, 106, 160, 22, 109, 253, 209, 68, 219, 254, 52, 61, 170,
       205, 87, 14, 137, 108, 227, 71, 172, 118, 234, 178, 71, 83, 81,
       59, 195, 125, 86, 223, 109, 79, 95, 101, 36, 10, 111, 56, 101,
       168, 126, 232, 211, 33, 145, 51, 58, 196, 108, 110, 233, 176, 101,
       12, 230, 235, 97, 16, 110, 187, 66, 33, 182, 191, 231, 191, 223,
       239, 246, 255, 55, 79, 255, 127, 98, 255, 14, 20, 253, 254, 199,
       194, 255, 251, 121, 255, 255, 231, 117, 211, 235, 124, 230, 223,
       93, 5, 189, 103, 173, 110, 193, 24, 109, 186, 175, 8, 223, 113,
       13, 123, 176, 68, 124, 42, 9, 97, 251, 0, 209, 249, 67, 20, 194,
       115, 65, 32, 24, 33, 178, 246, 229, 253, 118, 71, 123, 139, 111,
       8, 190, 251, 104, 152, 177, 123, 165, 16, 18, 184, 146, 163, 207,
       255, 20, 35, 194, 90, 207, 138, 70, 20, 165, 149, 137, 96, 189,
       11, 191, 215, 131, 17, 204, 110, 77, 79, 193, 87, 249, 145, 48,
       69, 219, 194, 141, 118, 223, 31, 130, 101, 181, 86, 250, 188, 230,
       81, 143, 249, 144, 135, 187, 87, 134, 159, 170, 188, 86, 143, 169,
       243, 249, 145, 190, 109, 246, 227, 31, 83, 220, 123, 199, 76, 222,
       94, 199, 20, 180, 149, 173, 62, 180, 11, 254, 183, 7, 17, 204, 58,
       95, 207, 133, 87, 251, 17, 52, 69, 243, 194, 13, 50, 95, 23, 128,
       100, 153, 70, 201, 177, 109, 253, 106, 221, 121, 56, 162, 216, 21,
       170, 253, 95, 155, 35, 38, 113, 253, 238, 227, 64, 238, 221, 71,
       203, 233, 172, 54, 166, 17, 113, 36, 73, 122, 235, 244, 140, 111,
       148, 111, 76, 124, 0, 215, 209, 187, 112, 118, 136, 23, 94, 194,
       176, 56, 113, 103, 173, 32, 204, 254, 155, 210, 225, 86, 114, 152,
       24, 168, 165, 17, 202, 187, 159, 129, 125, 134, 210, 207, 30, 133,
       25, 76, 17, 138, 71, 202, 82, 152, 148, 31, 254, 152, 81, 47, 23,
       63, 207, 103, 71, 173, 91, 167, 165, 236, 240, 187, 66, 203, 124,
       149, 167, 74, 116, 220, 106, 233, 225, 109, 172, 168, 218, 71, 22,
       71, 126, 209, 172, 198, 22, 183, 21, 203, 118, 181, 15, 190, 255,
       7, 181, 204, 38, 206, 207, 167, 87, 235, 145, 176, 212, 163, 194,
       13, 50, 95, 71, 130, 100, 133, 215, 64, 188, 153, 240, 216, 237,
       49, 66, 190, 59, 104, 24, 150, 183, 97, 120, 129, 59, 107, 16, 18,
       94, 210, 114, 205, 150, 19, 107, 144, 64, 7, 42, 24, 90, 254, 125,
       42, 74, 213, 51, 164, 158, 183, 32, 251, 21, 0, 27, 38, 52, 236,
       42, 64, 229, 35, 8, 195, 235, 112, 17, 99, 176, 70, 35, 184, 191,
       127, 117, 114, 142, 125, 244, 160, 12, 230, 161, 59, 7, 0, 19, 38,
       182, 69, 234, 112, 217, 160, 45, 115, 233, 96, 81, 99, 128, 70,
       251, 253, 65, 239, 111, 100, 30, 111, 56, 97, 192, 247, 128, 91,
       109, 151, 51, 124, 244, 117, 238, 137, 246, 253, 136, 87, 233,
       225, 128, 103, 183, 114, 240, 131, 173, 130, 157, 249, 44, 108,
       175, 188, 159, 108, 21, 180, 179, 98, 86, 193, 10, 19, 140, 114,
       24, 146, 83, 108, 30, 222, 238, 154, 96, 241, 154, 117, 11, 235,
       206, 28, 194, 207, 80, 197, 128, 223, 66, 115, 241, 181, 101, 72,
       252, 52, 234, 137, 179, 162, 168, 177, 233, 162, 136, 37, 171,
       116, 32, 71, 114, 145, 16, 168, 45, 25, 202, 171, 251, 144, 253,
       134, 214, 205, 30, 135, 25, 76, 21, 139, 71, 202, 82, 152, 20, 31,
       254, 152, 81, 3, 21, 120, 205, 108, 110, 77, 86, 70, 172, 65, 38,
       236, 8, 115, 41, 16, 83, 72, 228, 117, 234, 72, 42, 219, 189, 243,
       251, 197, 61, 115, 186, 118, 10, 244, 74, 70, 94, 76, 14, 231,
       232, 244, 166, 230, 94, 98, 65, 61, 95, 120, 228, 106, 106, 104,
       231, 223, 46, 53, 42, 69, 24, 105, 59, 112, 32, 60, 9, 126, 238,
