%YAML:1.0
---
descriptors: !!opencv-matrix
   rows: 290
   cols: 32
   dt: u
   data: [ 185, 69, 82, 76, 118, 27, 206, 104, 93, 224, 249, 236, 107,
       72, 183, 180, 30, 168, 132, 110, 237, 182, 77, 158, 50, 124, 33,
       146, 127, 191, 74, 133, 246, 231, 202, 164, 92, 10, 78, 96, 33,
       166, 186, 203, 75, 41, 29, 147, 250, 197, 205, 226, 108, 243, 193,
       206, 178, 213, 197, 55, 101, 186, 126, 2, 46, 241, 98, 72, 213,
       249, 230, 218, 127, 69, 252, 157, 131, 204, 94, 188, 27, 138, 215,
       83, 158, 50, 124, 179, 47, 93, 133, 255, 247, 221, 222, 214, 61,
       1, 196, 237, 21, 31, 82, 24, 119, 164, 238, 5, 219, 73, 19, 208,
       216, 236, 172, 238, 76, 176, 81, 140, 207, 255, 128, 17, 123, 175,
       120, 2, 223, 94, 255, 87, 171, 252, 127, 148, 173, 94, 7, 181,
       110, 191, 223, 127, 167, 247, 253, 87, 212, 85, 187, 224, 215,
       123, 86, 131, 166, 247, 237, 87, 47, 255, 232, 99, 245, 253, 215,
       220, 87, 125, 253, 173, 147, 93, 223, 52, 221, 218, 215, 87, 159,
       50, 124, 177, 111, 221, 165, 255, 247, 223, 222, 247, 1, 34, 6,
       137, 76, 157, 232, 85, 110, 121, 210, 198, 163, 136, 150, 170,
       108, 140, 106, 157, 135, 184, 71, 208, 20, 56, 146, 64, 77, 140,
       120, 156, 42, 85, 106, 254, 117, 208, 92, 164, 149, 140, 255, 163,
       105, 239, 43, 64, 220, 186, 151, 160, 76, 184, 72, 174, 103, 247,
       180, 145, 55, 190, 92, 218, 101, 224, 209, 84, 84, 78, 71, 184,
       115, 162, 36, 8, 82, 243, 201, 54, 89, 204, 32, 92, 73, 114, 248,
       10, 125, 156, 5, 44, 195, 178, 66, 224, 33, 97, 145, 197, 108,
       140, 105, 17, 171, 153, 103, 68, 177, 147, 192, 254, 96, 44, 62,
       72, 67, 144, 242, 192, 199, 185, 178, 40, 10, 138, 82, 168, 184,
       64, 83, 207, 117, 79, 107, 120, 37, 8, 245, 74, 250, 83, 137, 244,
       120, 156, 78, 234, 73, 183, 121, 205, 183, 248, 130, 20, 115, 139,
       102, 160, 65, 30, 175, 95, 100, 254, 239, 51, 124, 79, 223, 48,
       240, 244, 158, 109, 117, 126, 127, 15, 161, 244, 127, 111, 229,
       63, 250, 128, 4, 211, 247, 241, 0, 140, 31, 53, 16, 174, 105, 39,
       188, 19, 106, 17, 183, 35, 0, 91, 129, 39, 104, 12, 48, 252, 19,
       103, 205, 182, 82, 64, 200, 0, 129, 10, 102, 177, 48, 218, 237,
       253, 144, 235, 143, 53, 185, 25, 140, 222, 110, 140, 201, 147,
       251, 17, 22, 43, 90, 213, 31, 16, 95, 127, 208, 14, 143, 214, 2,
       121, 30, 155, 125, 196, 176, 71, 174, 13, 200, 1, 172, 222, 39,
       196, 200, 59, 235, 17, 6, 139, 146, 249, 133, 52, 158, 11, 144,
       26, 45, 207, 205, 125, 159, 181, 164, 14, 71, 182, 176, 234, 34,
       76, 215, 33, 65, 91, 149, 100, 104, 126, 121, 245, 209, 42, 237,
       214, 101, 20, 136, 113, 66, 58, 88, 29, 124, 231, 52, 110, 93, 55,
       52, 238, 223, 36, 247, 55, 2, 112, 22, 182, 253, 40, 248, 152,
       113, 14, 227, 239, 52, 145, 38, 226, 68, 123, 153, 0, 210, 141,
       86, 134, 107, 87, 125, 65, 87, 214, 29, 131, 178, 100, 54, 172,
       54, 140, 145, 188, 21, 198, 84, 46, 50, 192, 47, 140, 225, 189,
       25, 28, 252, 231, 54, 79, 121, 51, 52, 239, 87, 52, 183, 55, 146,
       97, 102, 189, 61, 8, 184, 248, 113, 14, 207, 239, 112, 128, 36,
       136, 5, 251, 80, 189, 59, 252, 147, 228, 49, 55, 188, 3, 202, 16,
       60, 179, 32, 83, 163, 63, 121, 0, 114, 201, 146, 109, 243, 171,
       26, 74, 0, 0, 167, 43, 19, 92, 74, 222, 23, 178, 126, 246, 213,
       70, 222, 166, 105, 202, 183, 100, 126, 170, 158, 206, 239, 159,
       60, 255, 178, 110, 138, 130, 63, 254, 56, 156, 41, 201, 12, 239,
       77, 159, 118, 252, 102, 44, 252, 12, 243, 81, 19, 16, 200, 232,
       238, 74, 72, 50, 91, 61, 231, 205, 161, 49, 122, 186, 74, 138,
       254, 189, 232, 88, 207, 113, 146, 235, 139, 247, 189, 155, 10,
       252, 126, 63, 137, 211, 243, 147, 254, 107, 186, 243, 91, 83, 205,
       255, 215, 108, 222, 214, 108, 116, 149, 117, 12, 47, 165, 186,
       174, 179, 171, 84, 247, 113, 73, 139, 1, 70, 106, 10, 1, 225, 219,
       40, 205, 239, 119, 16, 200, 121, 65, 176, 9, 66, 110, 243, 32,
       169, 235, 84, 172, 13, 119, 245, 189, 143, 184, 72, 110, 43, 31,
       206, 146, 144, 37, 229, 196, 153, 186, 128, 4, 147, 161, 177, 134,
       138, 174, 155, 132, 242, 168, 194, 190, 223, 215, 179, 192, 238,
       190, 107, 229, 127, 170, 145, 54, 221, 47, 236, 14, 35, 255, 195,
       148, 65, 61, 236, 64, 152, 191, 217, 49, 252, 57, 7, 255, 19, 70,
       16, 188, 182, 4, 125, 131, 59, 250, 24, 51, 220, 51, 199, 207,
       255, 90, 67, 128, 0, 133, 110, 119, 53, 155, 4, 249, 126, 183, 84,
       42, 232, 190, 108, 222, 182, 67, 54, 189, 221, 253, 49, 133, 243,
       249, 74, 189, 52, 15, 190, 200, 118, 39, 255, 5, 168, 153, 251,
       236, 141, 177, 223, 206, 57, 89, 80, 188, 211, 232, 72, 199, 11,
       42, 28, 19, 94, 74, 243, 204, 156, 63, 110, 144, 139, 129, 161,
       26, 181, 48, 142, 127, 215, 154, 111, 15, 253, 157, 47, 108, 190,
       118, 196, 254, 59, 183, 129, 150, 11, 59, 221, 59, 89, 143, 255,
       22, 14, 173, 223, 246, 68, 22, 134, 141, 38, 86, 232, 141, 170,
       155, 11, 70, 122, 45, 91, 249, 213, 108, 227, 108, 231, 25, 206,
       177, 242, 207, 23, 129, 123, 52, 6, 246, 120, 237, 86, 237, 109,
       85, 152, 187, 250, 177, 253, 122, 252, 93, 27, 143, 247, 253, 83,
       169, 103, 218, 240, 91, 26, 117, 191, 205, 127, 86, 115, 33, 128,
       189, 117, 28, 14, 105, 59, 126, 243, 226, 0, 243, 125, 20, 59,
       149, 84, 120, 44, 185, 252, 243, 29, 207, 190, 81, 20, 200, 168,
       64, 56, 8, 208, 63, 247, 52, 238, 107, 48, 52, 77, 87, 116, 247,
       119, 136, 96, 22, 62, 61, 74, 185, 156, 121, 39, 197, 239, 50,
       192, 32, 131, 133, 121, 101, 169, 189, 87, 168, 158, 105, 156,
       114, 185, 102, 64, 211, 115, 92, 122, 129, 70, 120, 88, 155, 216,
       251, 49, 79, 251, 213, 68, 200, 178, 194, 168, 135, 95, 121, 243,
       230, 237, 255, 150, 253, 78, 123, 247, 149, 15, 159, 104, 239,
       219, 95, 223, 247, 180, 125, 226, 230, 188, 182, 128, 237, 211,
       229, 253, 199, 148, 151, 187, 168, 164, 60, 175, 188, 91, 130, 85,
       196, 114, 72, 91, 199, 7, 126, 149, 55, 205, 211, 102, 136, 50,
       94, 206, 136, 64, 169, 29, 146, 79, 158, 190, 146, 162, 62, 231,
       188, 7, 202, 243, 101, 231, 33, 80, 103, 243, 141, 131, 96, 141,
       2, 111, 240, 166, 254, 131, 161, 81, 165, 139, 87, 127, 104, 7,
       178, 27, 191, 248, 41, 224, 191, 239, 89, 78, 223, 52, 62, 197,
       85, 239, 205, 17, 189, 124, 242, 77, 45, 180, 109, 183, 11, 213,
       169, 121, 121, 67, 116, 223, 227, 112, 125, 164, 116, 72, 179, 13,
       149, 52, 30, 184, 70, 122, 201, 178, 117, 63, 39, 221, 32, 96,
       103, 139, 70, 184, 233, 12, 62, 252, 44, 119, 85, 55, 196, 190,
       254, 25, 179, 187, 98, 83, 201, 231, 127, 32, 108, 111, 211, 10,
       243, 249, 245, 57, 24, 104, 112, 26, 3, 222, 140, 159, 78, 182,
       168, 182, 222, 82, 82, 199, 248, 104, 150, 195, 103, 103, 187,
       141, 199, 216, 159, 253, 46, 58, 218, 128, 12, 164, 57, 220, 79,
       127, 248, 227, 247, 253, 251, 214, 59, 237, 191, 191, 156, 158,
       215, 170, 175, 223, 221, 215, 151, 242, 249, 226, 254, 221, 191,
       247, 207, 215, 143, 215, 69, 156, 189, 191, 168, 102, 165, 191,
       254, 95, 222, 112, 244, 118, 136, 107, 197, 87, 124, 9, 179, 220,
       235, 49, 205, 51, 127, 196, 128, 112, 165, 121, 153, 22, 252, 127,
       166, 46, 125, 63, 116, 230, 119, 182, 115, 61, 154, 107, 63, 86,
       117, 46, 249, 244, 125, 15, 102, 235, 117, 4, 111, 248, 204, 113,
       80, 217, 222, 126, 34, 200, 53, 229, 172, 8, 98, 33, 125, 247, 40,
       80, 34, 187, 125, 192, 66, 153, 130, 109, 241, 163, 110, 139, 32,
       18, 167, 43, 252, 52, 29, 101, 168, 107, 85, 168, 56, 186, 39, 56,
       214, 51, 9, 59, 145, 84, 108, 42, 121, 84, 217, 14, 237, 235, 101,
       52, 104, 122, 66, 35, 65, 0, 181, 125, 41, 78, 65, 8, 110, 185,
       99, 0, 214, 19, 0, 123, 128, 52, 124, 24, 1, 252, 211, 21, 205,
       250, 113, 84, 72, 32, 64, 34, 125, 229, 192, 78, 221, 30, 66, 141,
