%YAML:1.0
---
descriptors: !!opencv-matrix
   rows: 143
   cols: 32
   dt: u
   data: [ 124, 81, 120, 101, 48, 75, 119, 56, 36, 236, 254, 173, 211,
       69, 131, 16, 122, 204, 109, 110, 201, 176, 249, 12, 230, 237, 33,
       149, 105, 187, 70, 115, 132, 88, 146, 190, 13, 192, 150, 64, 156,
       134, 209, 3, 228, 250, 33, 73, 200, 120, 170, 67, 96, 163, 82,
       168, 165, 178, 194, 11, 148, 122, 53, 130, 69, 145, 147, 203, 38,
       204, 160, 16, 110, 81, 67, 66, 221, 211, 232, 236, 118, 28, 58,
       88, 147, 176, 155, 192, 141, 184, 74, 68, 136, 130, 41, 49, 42,
       149, 48, 139, 213, 215, 190, 239, 93, 5, 92, 3, 140, 124, 62, 196,
       217, 27, 147, 97, 86, 184, 89, 255, 47, 84, 142, 71, 87, 14, 253,
       222, 45, 125, 121, 101, 180, 79, 103, 184, 114, 232, 126, 8, 211,
       117, 145, 48, 29, 220, 84, 106, 201, 176, 121, 14, 231, 207, 37,
       52, 106, 251, 66, 241, 61, 221, 97, 78, 204, 23, 206, 252, 87,
       226, 249, 198, 83, 248, 255, 228, 125, 206, 54, 238, 237, 35, 127,
       187, 58, 79, 197, 60, 127, 255, 248, 148, 229, 223, 253, 247, 252,
       47, 207, 252, 89, 234, 255, 110, 91, 121, 157, 32, 127, 199, 119,
       239, 249, 243, 109, 238, 124, 191, 175, 148, 77, 251, 210, 177,
       54, 229, 106, 226, 205, 85, 206, 236, 131, 55, 169, 27, 67, 205,
       124, 2, 201, 216, 211, 243, 94, 39, 218, 178, 123, 221, 133, 125,
       209, 251, 246, 130, 113, 163, 200, 7, 52, 22, 74, 52, 99, 173,
       218, 69, 227, 32, 214, 210, 84, 228, 108, 93, 220, 248, 197, 40,
       188, 44, 165, 144, 172, 162, 216, 12, 52, 207, 87, 67, 114, 3,
       235, 224, 37, 36, 251, 162, 67, 3, 164, 17, 126, 152, 3, 234, 72,
       178, 9, 124, 54, 136, 0, 68, 101, 155, 102, 160, 55, 79, 194, 158,
       246, 160, 238, 212, 20, 133, 219, 199, 97, 235, 189, 64, 126, 235,
       23, 255, 144, 147, 12, 238, 56, 44, 174, 136, 189, 191, 240, 145,
       79, 186, 239, 199, 50, 86, 59, 184, 46, 221, 86, 230, 221, 118,
       154, 98, 55, 85, 255, 239, 151, 208, 191, 101, 110, 47, 239, 196,
       174, 183, 45, 113, 34, 241, 21, 217, 201, 197, 236, 239, 174, 19,
       96, 64, 180, 215, 44, 255, 200, 26, 83, 40, 83, 43, 82, 81, 37,
       24, 210, 104, 88, 16, 227, 184, 187, 127, 107, 212, 102, 16, 237,
       117, 121, 200, 92, 231, 121, 172, 183, 35, 126, 239, 55, 239, 197,
       242, 166, 232, 118, 105, 239, 168, 111, 244, 243, 253, 232, 156,
       188, 255, 173, 190, 117, 151, 255, 31, 230, 16, 154, 185, 80, 123,
       193, 110, 127, 24, 187, 252, 243, 163, 207, 251, 212, 81, 210,
       216, 212, 42, 240, 112, 125, 236, 90, 205, 81, 72, 143, 244, 245,
       42, 118, 223, 78, 50, 254, 157, 255, 112, 10, 103, 243, 81, 211,
       169, 1, 127, 113, 11, 102, 243, 2, 157, 172, 159, 201, 227, 180,
       231, 158, 23, 72, 179, 164, 174, 34, 73, 201, 123, 163, 129, 50,
       216, 10, 253, 37, 22, 222, 3, 148, 93, 157, 218, 53, 44, 136, 165,
       92, 3, 71, 120, 84, 162, 216, 74, 115, 99, 192, 32, 121, 236, 22,
       168, 57, 242, 217, 46, 252, 134, 165, 52, 237, 235, 82, 160, 101,
       201, 72, 101, 116, 11, 103, 180, 97, 40, 38, 8, 211, 19, 145, 20,
       48, 132, 108, 108, 72, 52, 145, 31, 228, 172, 37, 100, 106, 178,
       66, 40, 216, 212, 28, 126, 40, 76, 85, 188, 164, 26, 167, 24, 247,
       119, 8, 19, 133, 81, 109, 42, 104, 103, 91, 29, 243, 251, 97, 28,
       72, 240, 34, 35, 98, 89, 173, 222, 77, 196, 189, 103, 139, 196,
       188, 3, 176, 159, 52, 38, 204, 51, 123, 140, 64, 11, 114, 249,
       119, 60, 222, 186, 17, 24, 116, 254, 120, 176, 189, 252, 124, 207,
       81, 120, 222, 249, 164, 8, 246, 247, 104, 50, 217, 124, 123, 16,
       3, 99, 251, 29, 217, 131, 71, 124, 88, 40, 7, 251, 2, 188, 28,
       153, 235, 229, 177, 167, 158, 55, 8, 19, 188, 190, 96, 75, 231,
       19, 59, 17, 50, 76, 27, 245, 77, 18, 94, 99, 144, 64, 165, 155,
       62, 88, 226, 154, 111, 209, 158, 196, 135, 206, 212, 167, 44, 220,
       247, 204, 206, 249, 151, 211, 78, 7, 110, 224, 50, 81, 222, 187,
       183, 127, 60, 223, 70, 251, 81, 162, 50, 137, 50, 248, 175, 104,
       58, 237, 238, 198, 201, 212, 182, 89, 236, 86, 199, 1, 139, 253,
       152, 212, 43, 254, 76, 135, 11, 29, 124, 241, 189, 230, 172, 79,
       95, 184, 2, 250, 157, 41, 215, 127, 75, 58, 151, 213, 253, 243,
       73, 67, 251, 56, 251, 199, 229, 189, 186, 243, 22, 115, 39, 93,
       99, 75, 85, 215, 167, 96, 93, 68, 125, 66, 104, 220, 183, 164, 88,
       40, 146, 107, 199, 186, 124, 255, 39, 28, 3, 2, 87, 175, 124, 228,
       253, 223, 197, 199, 180, 63, 206, 184, 87, 234, 222, 206, 115,
       104, 157, 165, 125, 230, 126, 239, 253, 242, 109, 174, 58, 111,
       229, 148, 239, 251, 216, 53, 255, 255, 198, 158, 250, 50, 207,
       252, 19, 238, 223, 255, 105, 234, 191, 221, 127, 239, 183, 239,
       252, 215, 143, 255, 62, 46, 239, 196, 175, 247, 250, 221, 198,
       252, 172, 191, 205, 237, 183, 175, 158, 191, 12, 29, 236, 255,
       107, 75, 133, 119, 251, 19, 114, 77, 250, 243, 239, 119, 223, 123,
       144, 125, 149, 91, 10, 217, 54, 158, 123, 208, 52, 231, 191, 93,
       84, 35, 172, 254, 38, 197, 230, 59, 179, 193, 70, 137, 50, 253,
       55, 113, 26, 139, 18, 20, 173, 223, 142, 253, 254, 183, 243, 251,
       183, 239, 190, 247, 95, 179, 236, 252, 111, 11, 183, 123, 179, 19,
       55, 252, 58, 255, 110, 71, 95, 199, 239, 127, 141, 223, 94, 24,
       186, 186, 191, 244, 24, 131, 143, 93, 159, 51, 156, 255, 107, 74,
       199, 83, 253, 145, 30, 73, 187, 226, 219, 247, 158, 251, 146, 77,
       189, 83, 49, 65, 85, 173, 14, 75, 198, 104, 68, 96, 72, 2, 243,
       17, 57, 96, 88, 8, 10, 106, 65, 176, 85, 28, 133, 174, 64, 16,
       125, 59, 80, 138, 80, 149, 63, 190, 130, 110, 23, 47, 180, 70,
       202, 35, 119, 127, 42, 83, 178, 247, 125, 33, 121, 137, 49, 47,
       241, 163, 122, 18, 40, 64, 165, 123, 250, 241, 59, 210, 243, 213,
       153, 213, 171, 89, 181, 111, 60, 223, 78, 49, 237, 187, 215, 145,
       203, 43, 186, 209, 119, 89, 190, 251, 79, 22, 167, 255, 253, 189,
       230, 156, 221, 55, 206, 251, 87, 226, 222, 222, 115, 232, 191,
       229, 93, 238, 54, 175, 253, 246, 127, 191, 62, 127, 197, 20, 143,
       254, 120, 20, 63, 190, 230, 157, 254, 19, 239, 251, 23, 230, 222,
       247, 105, 234, 191, 213, 127, 239, 183, 175, 252, 210, 239, 255,
       62, 111, 239, 196, 175, 244, 122, 213, 173, 125, 121, 101, 180,
       79, 111, 61, 113, 238, 126, 8, 211, 53, 145, 48, 26, 220, 84, 106,
       233, 176, 249, 14, 231, 207, 37, 4, 106, 250, 198, 248, 86, 188,
       190, 191, 190, 203, 183, 236, 158, 247, 70, 55, 244, 255, 107, 75,
       183, 127, 251, 19, 114, 73, 187, 127, 255, 231, 127, 255, 148,
       121, 149, 251, 79, 185, 238, 71, 114, 86, 187, 185, 102, 252, 95,
       167, 249, 127, 219, 102, 54, 85, 255, 239, 129, 208, 191, 205, 79,
       107, 239, 196, 39, 167, 37, 113, 164, 172, 173, 247, 148, 111, 77,
       142, 115, 179, 231, 24, 243, 233, 92, 27, 217, 238, 117, 24, 58,
       254, 219, 163, 207, 255, 213, 85, 192, 249, 210, 42, 175, 181,
       114, 216, 233, 213, 156, 251, 219, 254, 156, 169, 108, 253, 254,
       167, 159, 59, 255, 37, 246, 103, 186, 223, 59, 95, 77, 255, 86,
       236, 31, 215, 154, 219, 242, 158, 111, 213, 158, 231, 159, 94,
       212, 167, 44, 222, 102, 230, 238, 251, 151, 195, 206, 15, 50, 241,
       51, 89, 158, 187, 55, 28, 189, 223, 77, 252, 190, 127, 109, 253,
       121, 158, 255, 219, 103, 16, 253, 255, 95, 123, 193, 127, 123, 30,
       162, 116, 251, 243, 79, 251, 215, 44, 194, 113, 99, 234, 2, 143,
       158, 191, 138, 225, 189, 167, 158, 23, 74, 147, 229, 255, 34, 73,
       197, 115, 171, 129, 52, 216, 11, 63, 233, 167, 254, 19, 144, 89,
       165, 202, 232, 249, 189, 251, 173, 220, 117, 183, 255, 31, 166,
       24, 190, 185, 64, 123, 193, 118, 123, 88, 114, 109, 251, 179, 207,
       251, 84, 83, 146, 88, 197, 10, 8, 180, 190, 112, 169, 237, 181,
       71, 190, 31, 174, 24, 190, 183, 64, 27, 129, 51, 106, 16, 50, 109,
