%YAML:1.0
---
descriptors: !!opencv-matrix
   rows: 261
   cols: 32
   dt: u
   data: [ 224, 249, 157, 115, 233, 205, 117, 167, 235, 251, 33, 24, 182,
       21, 64, 59, 129, 118, 104, 66, 115, 124, 248, 49, 237, 152, 85,
       50, 64, 88, 199, 43, 166, 239, 226, 222, 247, 176, 190, 199, 31,
       15, 93, 247, 104, 238, 191, 196, 255, 235, 147, 135, 246, 158,
       174, 227, 54, 124, 142, 171, 151, 95, 252, 213, 216, 217, 183,
       237, 187, 204, 55, 133, 174, 213, 138, 1, 253, 247, 64, 98, 166,
       119, 121, 208, 83, 9, 187, 35, 237, 229, 47, 88, 128, 18, 165,
       122, 182, 229, 152, 190, 223, 111, 151, 236, 154, 166, 177, 27,
       108, 254, 106, 1, 249, 243, 203, 99, 32, 111, 88, 255, 189, 151,
       223, 63, 145, 123, 157, 130, 134, 226, 198, 155, 232, 160, 168,
       200, 190, 17, 81, 243, 205, 206, 253, 203, 119, 25, 187, 215, 166,
       69, 142, 241, 12, 50, 187, 236, 148, 149, 33, 149, 71, 251, 225,
       87, 246, 212, 255, 150, 123, 253, 126, 230, 120, 127, 222, 100,
       55, 127, 55, 223, 211, 120, 175, 227, 110, 30, 191, 198, 207, 247,
       245, 253, 134, 114, 148, 152, 234, 69, 184, 204, 158, 27, 144,
       243, 140, 222, 237, 139, 231, 89, 223, 211, 166, 71, 10, 240, 156,
       16, 255, 239, 148, 21, 37, 215, 40, 173, 57, 250, 93, 205, 83,
       194, 159, 20, 108, 8, 190, 221, 33, 112, 201, 123, 83, 82, 34, 43,
       122, 191, 231, 223, 16, 59, 80, 25, 4, 234, 14, 146, 149, 187,
       203, 225, 176, 200, 158, 31, 81, 243, 204, 254, 40, 203, 231, 27,
       187, 145, 22, 65, 11, 213, 157, 18, 90, 207, 144, 69, 165, 211,
       74, 137, 151, 190, 75, 192, 184, 70, 174, 21, 66, 35, 172, 183,
       96, 70, 162, 63, 251, 209, 18, 201, 130, 225, 221, 176, 90, 75, 2,
       0, 37, 139, 245, 97, 237, 102, 140, 71, 207, 216, 67, 242, 181,
       74, 83, 125, 221, 43, 88, 196, 84, 110, 201, 103, 255, 56, 121,
       136, 229, 60, 117, 251, 82, 96, 2, 162, 157, 187, 236, 169, 184,
       143, 158, 51, 16, 249, 164, 167, 104, 8, 207, 27, 235, 17, 50, 76,
       74, 213, 12, 22, 126, 255, 148, 8, 133, 171, 142, 140, 142, 185,
       145, 182, 184, 7, 62, 31, 74, 21, 172, 234, 118, 200, 193, 43,
       187, 149, 54, 216, 83, 247, 143, 119, 222, 195, 152, 68, 169, 158,
       3, 173, 33, 155, 215, 253, 170, 239, 95, 73, 88, 147, 172, 236,
       54, 164, 249, 43, 147, 149, 151, 184, 62, 255, 45, 30, 158, 235,
       223, 76, 155, 220, 7, 243, 27, 226, 246, 143, 167, 229, 174, 57,
       59, 106, 84, 221, 108, 0, 190, 29, 87, 113, 211, 57, 8, 85, 61, 0,
       47, 230, 73, 10, 131, 177, 174, 253, 251, 240, 255, 225, 191, 231,
       159, 190, 28, 179, 44, 253, 97, 1, 239, 123, 151, 211, 114, 111,
       10, 255, 127, 215, 207, 239, 247, 125, 181, 251, 63, 77, 107, 206,
       212, 210, 239, 240, 117, 192, 222, 194, 81, 253, 183, 100, 126,
       236, 23, 239, 233, 179, 60, 238, 115, 47, 167, 128, 39, 255, 112,
       228, 2, 138, 158, 187, 91, 128, 184, 70, 174, 21, 82, 163, 172,
       206, 34, 72, 230, 59, 187, 145, 6, 201, 3, 245, 77, 50, 218, 203,
       20, 4, 37, 203, 25, 125, 63, 103, 180, 207, 87, 176, 100, 200,
       174, 4, 247, 113, 1, 32, 176, 118, 92, 106, 73, 169, 57, 47, 233,
       207, 37, 16, 104, 187, 64, 59, 214, 207, 71, 239, 146, 2, 111,
       252, 37, 132, 218, 199, 97, 103, 176, 213, 126, 230, 47, 238, 232,
       155, 45, 109, 176, 170, 175, 128, 37, 179, 244, 105, 182, 237,
       254, 255, 255, 107, 254, 236, 127, 166, 251, 27, 107, 249, 29, 81,
       251, 255, 247, 227, 248, 242, 207, 255, 127, 254, 197, 71, 231,
       255, 252, 194, 53, 207, 111, 79, 150, 91, 238, 252, 84, 224, 250,
       98, 115, 108, 189, 224, 122, 238, 22, 110, 237, 184, 109, 61, 62,
       173, 167, 196, 125, 187, 248, 172, 117, 91, 78, 167, 6, 2, 111,
       184, 32, 230, 215, 231, 115, 99, 155, 81, 126, 228, 61, 239, 233,
       150, 221, 44, 244, 170, 239, 132, 45, 179, 112, 112, 152, 226,
       107, 161, 54, 194, 235, 252, 54, 197, 210, 247, 145, 143, 216, 64,
       127, 205, 21, 253, 219, 220, 133, 166, 236, 229, 191, 196, 37,
       144, 180, 248, 14, 147, 148, 187, 139, 231, 184, 152, 142, 61,
       129, 245, 204, 246, 104, 206, 199, 17, 235, 209, 18, 1, 91, 241,
       141, 118, 219, 255, 146, 7, 45, 215, 10, 141, 10, 187, 177, 242,
       28, 167, 62, 91, 202, 21, 172, 122, 34, 192, 209, 43, 185, 149,
       62, 152, 67, 247, 234, 247, 158, 195, 152, 68, 169, 30, 122, 215,
       240, 222, 255, 89, 148, 239, 219, 39, 180, 187, 110, 60, 142, 132,
       187, 87, 215, 33, 246, 107, 32, 255, 62, 119, 28, 255, 119, 28,
       223, 207, 223, 96, 248, 225, 3, 121, 121, 192, 43, 178, 166, 154,
       31, 26, 91, 126, 107, 213, 91, 175, 10, 87, 189, 192, 215, 201,
       207, 37, 167, 245, 15, 102, 41, 43, 115, 97, 116, 158, 107, 55,
       105, 72, 124, 76, 187, 1, 148, 180, 18, 172, 6, 124, 195, 184,
       224, 13, 102, 253, 32, 64, 78, 128, 66, 169, 3, 253, 235, 220,
       246, 149, 254, 254, 31, 201, 92, 70, 60, 254, 244, 244, 255, 107,
       51, 220, 215, 26, 186, 255, 63, 31, 159, 234, 159, 246, 169, 253,
       197, 44, 245, 103, 180, 42, 111, 184, 121, 162, 98, 208, 223, 107,
       157, 123, 55, 87, 125, 174, 160, 208, 237, 110, 238, 250, 199, 4,
       228, 241, 67, 32, 225, 67, 71, 79, 108, 31, 238, 125, 77, 98, 243,
       218, 83, 8, 148, 231, 110, 196, 122, 111, 229, 183, 77, 254, 54,
       42, 192, 16, 127, 191, 216, 140, 0, 162, 156, 185, 236, 137, 224,
       159, 94, 57, 80, 124, 167, 131, 200, 9, 139, 10, 98, 24, 18, 124,
       75, 145, 204, 144, 118, 108, 216, 136, 129, 137, 113, 77, 70, 172,
       29, 2, 70, 96, 133, 128, 234, 131, 71, 99, 35, 85, 248, 228, 108,
       102, 108, 163, 17, 156, 178, 240, 129, 22, 57, 175, 120, 12, 33,
       140, 25, 251, 148, 205, 67, 175, 94, 1, 104, 0, 178, 208, 32, 64,
       217, 42, 10, 24, 18, 184, 83, 63, 109, 190, 146, 64, 144, 8, 208,
       10, 197, 165, 221, 71, 164, 43, 110, 185, 121, 178, 59, 248, 215,
       115, 221, 59, 23, 87, 124, 46, 241, 244, 201, 106, 172, 154, 101,
       180, 196, 243, 195, 33, 244, 76, 199, 229, 22, 106, 110, 166, 113,
       162, 234, 18, 83, 35, 17, 83, 123, 228, 40, 234, 104, 244, 205,
       106, 245, 174, 199, 5, 101, 243, 114, 32, 3, 172, 35, 155, 245,
       241, 170, 207, 95, 73, 88, 19, 172, 252, 54, 164, 249, 43, 147,
       149, 183, 184, 46, 247, 45, 22, 158, 235, 215, 76, 181, 206, 203,
       207, 108, 231, 182, 146, 111, 188, 37, 120, 158, 230, 253, 35,
       146, 199, 102, 198, 127, 238, 227, 201, 45, 253, 238, 121, 175,
       192, 46, 151, 169, 105, 84, 176, 145, 112, 136, 201, 67, 152, 162,
       184, 161, 8, 119, 215, 73, 50, 17, 244, 108, 58, 11, 67, 250, 17,
       217, 128, 37, 124, 224, 162, 6, 34, 40, 161, 181, 251, 221, 237,
       177, 207, 206, 113, 37, 24, 158, 189, 72, 168, 137, 27, 251, 17,
       19, 106, 250, 149, 77, 213, 21, 127, 210, 12, 223, 162, 243, 65,
       102, 204, 15, 18, 78, 104, 229, 128, 179, 66, 67, 74, 53, 247,
       104, 228, 108, 231, 108, 231, 69, 205, 178, 234, 195, 19, 37, 62,
       120, 6, 0, 143, 57, 249, 60, 141, 1, 191, 94, 61, 92, 56, 183,
       145, 128, 96, 69, 26, 6, 8, 66, 56, 99, 55, 237, 158, 52, 112, 16,
       136, 133, 233, 11, 150, 145, 153, 151, 251, 176, 143, 95, 67, 74,
       114, 172, 60, 44, 236, 211, 27, 186, 17, 55, 152, 71, 247, 173,
       118, 30, 67, 150, 76, 157, 207, 228, 124, 63, 118, 65, 205, 117,
       112, 249, 138, 231, 24, 247, 211, 1, 57, 160, 48, 76, 74, 97, 231,
       178, 42, 195, 249, 64, 8, 64, 49, 70, 170, 130, 162, 157, 155,
       232, 169, 168, 143, 30, 49, 17, 249, 156, 194, 72, 200, 207, 27,
       106, 17, 19, 76, 203, 209, 12, 18, 158, 124, 156, 8, 137, 136, 8,
       160, 149, 155, 218, 233, 40, 143, 62, 49, 65, 208, 221, 162, 72,
       200, 99, 27, 106, 152, 51, 88, 223, 85, 140, 135, 127, 108, 184,
       0, 137, 136, 245, 253, 229, 110, 157, 103, 207, 252, 65, 250, 184,
       78, 83, 121, 85, 55, 89, 230, 92, 110, 233, 99, 255, 46, 185, 206,
