%YAML:1.0
---
descriptors: !!opencv-matrix
   rows: 221
   cols: 32
   dt: u
   data: [ 63, 191, 195, 193, 214, 39, 239, 218, 87, 234, 248, 110, 27,
       174, 247, 148, 125, 207, 22, 254, 155, 178, 104, 254, 60, 142,
       167, 164, 255, 255, 242, 245, 35, 195, 70, 157, 84, 147, 172, 109,
       213, 64, 80, 199, 104, 200, 190, 228, 126, 42, 147, 237, 199, 154,
       6, 221, 38, 46, 138, 128, 63, 156, 249, 156, 174, 255, 99, 199,
       118, 135, 111, 240, 85, 234, 92, 206, 121, 253, 145, 36, 127, 248,
       23, 239, 233, 190, 124, 254, 125, 30, 173, 160, 47, 190, 114, 249,
       138, 185, 54, 243, 181, 255, 251, 85, 159, 109, 223, 19, 252, 159,
       58, 160, 238, 59, 223, 149, 18, 169, 57, 247, 207, 221, 154, 83,
       214, 143, 173, 242, 252, 93, 100, 126, 143, 83, 215, 232, 81, 166,
       167, 42, 75, 124, 31, 191, 120, 212, 236, 227, 236, 231, 125, 190,
       243, 239, 197, 23, 103, 127, 254, 102, 84, 74, 210, 172, 38, 170,
       178, 64, 237, 130, 250, 103, 111, 235, 33, 200, 242, 237, 46, 67,
       0, 181, 2, 234, 144, 230, 106, 2, 109, 123, 41, 131, 9, 78, 15,
       159, 96, 130, 171, 248, 60, 66, 70, 198, 245, 194, 161, 229, 126,
       40, 10, 238, 225, 150, 119, 127, 132, 39, 234, 128, 28, 179, 41,
       184, 88, 190, 158, 178, 170, 172, 24, 7, 170, 27, 138, 221, 191,
       167, 66, 90, 167, 179, 237, 21, 30, 73, 146, 113, 216, 231, 122,
       218, 136, 64, 171, 27, 88, 187, 26, 186, 170, 173, 16, 199, 170,
       29, 168, 125, 191, 243, 64, 18, 167, 59, 237, 16, 18, 75, 146, 49,
       217, 229, 62, 123, 136, 64, 175, 27, 24, 188, 155, 187, 147, 231,
       63, 199, 190, 69, 106, 5, 189, 247, 32, 80, 247, 59, 91, 148, 18,
       153, 27, 125, 237, 199, 190, 66, 144, 82, 167, 218, 194, 152, 190,
       187, 188, 228, 181, 135, 190, 95, 66, 19, 180, 254, 102, 104, 227,
       59, 59, 145, 54, 220, 187, 243, 205, 55, 254, 203, 144, 80, 165,
       91, 182, 221, 238, 246, 246, 22, 222, 244, 145, 194, 186, 135,
       115, 125, 55, 35, 191, 245, 53, 231, 236, 239, 60, 238, 123, 122,
       205, 130, 109, 251, 118, 94, 171, 34, 198, 141, 125, 51, 168, 75,
       95, 227, 210, 223, 72, 168, 182, 204, 250, 140, 251, 157, 149,
       223, 199, 215, 30, 62, 219, 79, 159, 76, 120, 140, 125, 61, 121,
       101, 244, 111, 79, 191, 113, 232, 254, 76, 83, 49, 145, 48, 92,
       238, 84, 110, 217, 178, 249, 14, 255, 237, 37, 180, 107, 250, 194,
       185, 94, 32, 183, 183, 143, 112, 16, 11, 235, 159, 131, 49, 204,
       254, 93, 238, 227, 119, 249, 145, 22, 65, 171, 192, 153, 118, 223,
       95, 132, 101, 53, 70, 98, 183, 248, 103, 242, 10, 125, 55, 49,
       172, 127, 237, 111, 47, 130, 22, 22, 127, 229, 32, 240, 216, 193,
       79, 110, 247, 52, 130, 110, 198, 134, 251, 40, 157, 121, 111, 244,
       143, 243, 51, 116, 169, 126, 64, 179, 49, 32, 48, 44, 62, 6, 24,
       145, 184, 113, 62, 111, 175, 36, 64, 219, 138, 194, 171, 228, 48,
       189, 112, 169, 109, 81, 27, 179, 183, 165, 24, 214, 247, 72, 59,
       1, 22, 108, 24, 58, 103, 250, 18, 201, 145, 85, 124, 194, 193,
       198, 98, 105, 165, 72, 69, 149, 63, 70, 174, 117, 166, 238, 8,
       227, 32, 22, 148, 25, 198, 104, 44, 108, 184, 97, 15, 239, 255, 5,
       21, 67, 250, 90, 12, 250, 237, 60, 48, 155, 223, 85, 239, 171,
       181, 132, 9, 15, 175, 66, 19, 161, 199, 205, 117, 126, 75, 250,
       61, 251, 193, 5, 127, 240, 148, 142, 202, 82, 237, 238, 247, 203,
       112, 62, 167, 171, 158, 250, 131, 237, 255, 95, 90, 167, 247, 253,
       199, 68, 219, 142, 225, 183, 255, 254, 139, 39, 246, 175, 203,
       120, 233, 121, 236, 93, 212, 83, 112, 195, 68, 236, 9, 59, 157, 2,
       112, 200, 188, 213, 192, 74, 43, 240, 189, 243, 253, 128, 121,
       115, 139, 118, 226, 15, 245, 61, 235, 173, 255, 255, 216, 143,
       250, 157, 22, 159, 223, 123, 173, 221, 155, 159, 251, 243, 178,
       123, 246, 239, 223, 175, 246, 158, 91, 177, 243, 189, 181, 185,
       251, 172, 63, 95, 248, 23, 254, 189, 30, 223, 255, 123, 33, 221,
       218, 31, 254, 187, 35, 123, 178, 255, 223, 175, 124, 154, 251,
       224, 243, 214, 239, 198, 150, 214, 162, 174, 191, 26, 215, 90,
       247, 105, 234, 123, 77, 55, 239, 51, 247, 180, 221, 143, 255, 56,
       38, 223, 132, 175, 247, 177, 92, 74, 184, 158, 152, 249, 245, 49,
       199, 159, 87, 4, 21, 172, 254, 102, 206, 131, 59, 187, 145, 54,
       73, 178, 243, 79, 87, 94, 107, 146, 68, 173, 223, 127, 79, 102,
       134, 199, 22, 254, 97, 169, 198, 143, 143, 72, 238, 55, 215, 174,
       245, 251, 231, 204, 131, 188, 202, 51, 121, 207, 131, 39, 246, 62,
       86, 172, 52, 184, 225, 253, 127, 82, 218, 83, 191, 61, 25, 27, 29,
       95, 56, 221, 152, 215, 57, 186, 118, 121, 146, 207, 223, 149, 117,
       210, 201, 86, 146, 154, 57, 59, 248, 211, 194, 17, 67, 167, 65,
       228, 48, 31, 159, 34, 120, 234, 185, 151, 144, 27, 139, 50, 212,
       211, 209, 2, 75, 179, 0, 167, 242, 60, 221, 123, 238, 83, 197, 83,
       244, 165, 192, 237, 14, 127, 223, 33, 48, 254, 187, 148, 226, 75,
       43, 56, 189, 243, 205, 7, 43, 123, 50, 38, 187, 155, 204, 67, 190,
       23, 146, 110, 230, 180, 66, 202, 199, 97, 238, 51, 208, 120, 235,
       155, 231, 237, 159, 20, 255, 176, 38, 138, 128, 61, 53, 56, 220,
       25, 79, 106, 79, 52, 135, 239, 240, 84, 8, 254, 102, 113, 65, 181,
       96, 124, 232, 22, 238, 201, 176, 109, 63, 102, 175, 163, 128, 127,
       187, 112, 169, 33, 217, 121, 101, 116, 14, 107, 49, 108, 104, 127,
       76, 243, 21, 144, 48, 22, 108, 86, 110, 193, 184, 97, 13, 231,
       189, 32, 128, 72, 170, 66, 249, 60, 77, 103, 78, 22, 82, 198, 252,
       212, 128, 254, 226, 113, 233, 181, 230, 122, 228, 54, 234, 233,
       179, 44, 173, 114, 46, 229, 128, 119, 187, 112, 168, 57, 253, 121,
       108, 84, 207, 215, 116, 65, 72, 124, 14, 51, 29, 16, 48, 72, 184,
       20, 106, 203, 186, 112, 61, 115, 237, 32, 40, 123, 139, 118, 186,
       90, 185, 145, 176, 155, 141, 24, 199, 171, 113, 128, 221, 175,
       166, 66, 155, 167, 231, 253, 149, 31, 75, 146, 241, 184, 242, 30,
       123, 138, 4, 139, 94, 41, 149, 125, 69, 52, 15, 235, 51, 124, 232,
       126, 68, 243, 53, 148, 36, 92, 166, 22, 44, 249, 184, 117, 79,
       109, 190, 163, 192, 77, 168, 80, 249, 91, 153, 213, 253, 54, 182,
       120, 183, 127, 249, 90, 246, 253, 62, 144, 231, 167, 119, 189,
       141, 181, 216, 127, 253, 142, 251, 255, 198, 174, 164, 137, 29,
       157, 157, 119, 77, 182, 46, 239, 191, 125, 98, 250, 114, 219, 49,
       149, 229, 127, 214, 30, 234, 241, 184, 101, 238, 36, 174, 230,
       132, 255, 248, 241, 165, 162, 116, 99, 213, 246, 167, 239, 127,
       85, 194, 94, 214, 120, 125, 148, 37, 127, 186, 23, 173, 225, 254,
       117, 207, 63, 30, 151, 128, 47, 252, 242, 252, 33, 201, 113, 217,
       84, 143, 235, 246, 85, 73, 116, 66, 48, 25, 52, 100, 72, 186, 18,
       200, 235, 186, 112, 191, 101, 14, 176, 64, 113, 136, 208, 168, 56,
       237, 206, 103, 149, 90, 102, 237, 117, 230, 238, 135, 107, 97, 6,
       212, 121, 238, 204, 238, 108, 184, 125, 175, 234, 239, 133, 1,
       103, 190, 252, 94, 254, 221, 254, 238, 143, 87, 87, 248, 83, 254,
       188, 43, 74, 253, 43, 183, 221, 214, 253, 99, 236, 227, 251, 168,
       251, 251, 69, 55, 115, 255, 254, 119, 209, 89, 31, 101, 0, 78, 71,
       50, 96, 232, 162, 72, 151, 55, 1, 243, 32, 116, 124, 106, 105,
       216, 177, 12, 225, 235, 101, 16, 40, 48, 3, 56, 90, 235, 250, 238,
       187, 72, 190, 236, 171, 133, 251, 171, 237, 239, 73, 18, 182, 247,
       253, 195, 70, 11, 138, 233, 251, 253, 47, 171, 39, 182, 47, 91,
       83, 185, 159, 190, 186, 192, 25, 133, 174, 93, 130, 169, 190, 246,
       74, 82, 167, 119, 125, 212, 27, 73, 154, 117, 249, 160, 62, 218,
       128, 2, 167, 123, 9, 218, 14, 141, 9, 87, 175, 252, 4, 70, 196,
       134, 249, 70, 179, 228, 124, 72, 186, 238, 199, 148, 127, 253,
       196, 39, 250, 128, 62, 191, 57, 252, 158, 60, 50, 250, 181, 253,
       223, 210, 159, 87, 255, 18, 190, 255, 127, 173, 201, 122, 223, 27,
