%YAML:1.0
---
descriptors: !!opencv-matrix
   rows: 286
   cols: 32
   dt: u
   data: [ 106, 160, 180, 186, 201, 253, 145, 79, 139, 29, 164, 25, 174,
       140, 78, 142, 137, 131, 227, 17, 22, 111, 210, 209, 95, 83, 90,
       123, 210, 12, 207, 206, 108, 208, 250, 119, 112, 236, 123, 144,
       112, 79, 127, 24, 247, 117, 155, 112, 53, 252, 116, 74, 170, 180,
       248, 39, 231, 255, 32, 192, 224, 147, 198, 113, 215, 193, 111,
       131, 226, 82, 175, 181, 60, 251, 19, 246, 93, 118, 222, 47, 55,
       71, 55, 255, 241, 212, 45, 226, 60, 14, 255, 196, 173, 215, 161,
       245, 149, 204, 11, 255, 180, 159, 110, 241, 84, 2, 195, 82, 243,
       98, 184, 233, 121, 230, 30, 174, 249, 188, 77, 63, 180, 239, 247,
       0, 61, 248, 248, 164, 75, 92, 243, 254, 99, 180, 126, 246, 61, 74,
       94, 163, 109, 255, 55, 116, 246, 251, 183, 199, 228, 159, 134,
       235, 243, 127, 222, 138, 38, 215, 35, 95, 60, 221, 122, 234, 219,
       229, 23, 246, 167, 0, 236, 34, 61, 255, 33, 112, 254, 251, 147,
       210, 74, 11, 26, 191, 251, 197, 7, 123, 59, 83, 38, 187, 230, 164,
       180, 124, 121, 45, 80, 139, 155, 184, 161, 24, 230, 249, 92, 63,
       153, 89, 121, 56, 42, 102, 219, 25, 15, 218, 69, 127, 210, 40, 66,
       2, 232, 181, 188, 112, 153, 237, 85, 207, 250, 63, 172, 24, 150,
       183, 72, 26, 129, 26, 96, 16, 58, 106, 242, 19, 235, 215, 21, 127,
       208, 64, 198, 234, 202, 250, 190, 190, 59, 217, 18, 204, 143, 157,
       180, 185, 172, 222, 102, 210, 206, 241, 239, 81, 70, 79, 234, 243,
       155, 245, 15, 251, 18, 23, 15, 95, 254, 120, 248, 226, 203, 85,
       95, 204, 139, 254, 164, 25, 14, 223, 71, 30, 143, 209, 253, 211,
       10, 71, 250, 242, 219, 221, 5, 63, 179, 55, 78, 87, 134, 14, 166,
       155, 139, 242, 188, 231, 159, 215, 211, 179, 76, 238, 54, 75, 239,
       119, 187, 147, 52, 221, 43, 238, 63, 50, 223, 195, 151, 116, 189,
       214, 56, 100, 251, 231, 49, 93, 95, 109, 45, 79, 255, 8, 255, 95,
       10, 112, 184, 155, 221, 34, 78, 182, 105, 143, 243, 221, 38, 17,
       98, 146, 230, 115, 224, 105, 137, 228, 108, 77, 69, 157, 50, 184,
       176, 8, 151, 151, 65, 48, 153, 220, 117, 89, 75, 126, 203, 2, 253,
       133, 181, 60, 224, 48, 82, 42, 53, 73, 99, 69, 84, 15, 239, 112,
       101, 232, 250, 70, 83, 65, 149, 52, 126, 236, 22, 238, 201, 176,
       117, 44, 52, 172, 161, 128, 111, 187, 82, 177, 11, 189, 231, 87,
       245, 255, 173, 119, 255, 251, 119, 246, 104, 247, 244, 253, 55,
       126, 179, 158, 241, 216, 191, 252, 47, 126, 223, 130, 143, 212,
       213, 253, 250, 30, 110, 94, 51, 242, 95, 51, 53, 206, 222, 167,
       104, 110, 182, 116, 254, 231, 189, 167, 188, 139, 37, 239, 242,
       127, 152, 131, 47, 231, 124, 95, 19, 86, 107, 237, 86, 147, 187,
       116, 36, 72, 222, 231, 121, 12, 183, 96, 126, 189, 23, 239, 205,
       147, 37, 207, 246, 109, 170, 128, 45, 158, 53, 249, 236, 29, 251,
       246, 246, 102, 127, 55, 17, 206, 127, 186, 123, 253, 185, 116, 95,
       246, 55, 46, 169, 254, 122, 238, 123, 191, 245, 128, 167, 248,
       244, 123, 165, 196, 61, 251, 188, 231, 223, 252, 222, 114, 223,
       18, 215, 127, 57, 97, 221, 130, 27, 239, 249, 39, 123, 63, 237,
       139, 231, 124, 148, 251, 240, 234, 255, 253, 160, 127, 237, 252,
       119, 224, 243, 126, 117, 24, 90, 254, 91, 255, 249, 238, 245, 91,
       127, 86, 250, 179, 239, 251, 207, 111, 227, 117, 222, 230, 189,
       159, 252, 255, 183, 246, 222, 188, 87, 102, 255, 183, 107, 126,
       175, 96, 255, 254, 181, 210, 190, 184, 125, 191, 227, 255, 175,
       195, 247, 255, 252, 215, 44, 29, 27, 242, 241, 207, 119, 113, 173,
       137, 105, 0, 127, 255, 32, 16, 152, 59, 23, 16, 25, 184, 16, 30,
       239, 221, 37, 66, 240, 34, 134, 179, 106, 185, 162, 222, 207, 229,
       212, 199, 187, 75, 248, 31, 40, 254, 85, 184, 169, 251, 247, 145,
       158, 107, 146, 243, 63, 29, 158, 187, 203, 84, 255, 219, 48, 5,
       91, 108, 146, 203, 199, 124, 228, 64, 250, 98, 115, 246, 176, 112,
       126, 248, 14, 106, 217, 171, 36, 28, 241, 173, 33, 16, 113, 171,
       228, 41, 44, 81, 123, 107, 116, 15, 247, 120, 68, 8, 125, 8, 83,
       85, 169, 48, 30, 24, 7, 106, 192, 176, 121, 28, 103, 141, 37, 4,
       83, 186, 64, 163, 111, 122, 229, 199, 44, 7, 239, 156, 6, 232, 22,
       239, 209, 45, 209, 171, 94, 212, 63, 254, 201, 240, 237, 168, 110,
       26, 237, 180, 15, 255, 80, 241, 64, 189, 58, 184, 49, 192, 49, 39,
       188, 9, 74, 48, 188, 182, 32, 96, 130, 59, 89, 1, 102, 137, 178,
       111, 225, 181, 58, 75, 0, 0, 167, 43, 129, 94, 253, 85, 100, 46,
       237, 50, 116, 230, 119, 84, 209, 37, 145, 125, 95, 172, 34, 46,
       225, 244, 117, 74, 69, 174, 112, 0, 107, 248, 64, 184, 3, 151, 79,
       137, 178, 162, 171, 55, 28, 64, 90, 230, 245, 38, 180, 101, 118,
       35, 30, 253, 177, 152, 101, 223, 44, 46, 170, 192, 188, 130, 161,
       125, 144, 234, 190, 127, 50, 194, 184, 39, 182, 157, 210, 177,
       181, 255, 32, 75, 166, 119, 237, 128, 98, 205, 131, 105, 203, 227,
       126, 129, 96, 128, 165, 11, 88, 20, 23, 229, 21, 110, 97, 51, 53,
       138, 203, 66, 251, 55, 128, 247, 112, 150, 60, 168, 41, 144, 49,
       141, 197, 234, 226, 0, 34, 224, 36, 48, 32, 120, 121, 71, 68, 239,
       227, 208, 96, 228, 104, 8, 51, 133, 17, 56, 24, 248, 2, 78, 193,
       178, 248, 56, 71, 12, 65, 32, 99, 251, 70, 248, 10, 141, 160, 187,
       157, 181, 176, 199, 159, 23, 76, 19, 172, 248, 54, 196, 201, 43,
       147, 149, 54, 152, 82, 247, 175, 87, 158, 67, 150, 76, 189, 206,
       107, 48, 188, 254, 107, 60, 152, 29, 171, 91, 181, 125, 252, 254,
       78, 154, 135, 17, 253, 1, 151, 103, 211, 193, 82, 255, 122, 186,
       216, 68, 139, 19, 104, 248, 125, 248, 109, 205, 249, 204, 235,
       176, 180, 10, 190, 221, 85, 26, 175, 153, 127, 145, 3, 103, 219,
       209, 223, 217, 87, 62, 84, 152, 103, 187, 28, 56, 251, 232, 83,
       244, 115, 83, 167, 64, 109, 2, 29, 223, 97, 120, 234, 185, 147,
       144, 27, 147, 48, 202, 211, 205, 2, 43, 251, 97, 39, 242, 171,
       191, 114, 93, 115, 155, 252, 119, 117, 14, 124, 166, 40, 156, 182,
       181, 62, 58, 150, 160, 229, 190, 52, 223, 38, 95, 16, 131, 111,
       156, 238, 157, 238, 49, 188, 165, 201, 79, 181, 201, 46, 191, 162,
       25, 206, 191, 65, 91, 249, 213, 239, 241, 24, 91, 219, 192, 221,
       243, 223, 119, 128, 112, 167, 98, 46, 176, 48, 250, 205, 253, 208,
       235, 143, 53, 165, 25, 142, 223, 110, 153, 201, 155, 195, 16, 30,
       43, 90, 213, 219, 217, 19, 127, 211, 13, 207, 210, 6, 12, 150,
       159, 221, 227, 190, 227, 158, 11, 218, 3, 228, 250, 37, 196, 249,
       123, 155, 131, 50, 137, 11, 255, 37, 54, 158, 131, 148, 127, 181,
       142, 98, 40, 244, 90, 201, 189, 212, 79, 203, 178, 164, 8, 186,
       249, 85, 191, 137, 114, 251, 8, 18, 99, 218, 121, 95, 26, 81, 63,
       210, 125, 222, 38, 203, 254, 54, 159, 107, 189, 186, 224, 175,
       122, 159, 255, 236, 222, 255, 198, 239, 99, 255, 71, 231, 37, 158,
       247, 150, 112, 11, 187, 94, 15, 9, 223, 11, 249, 231, 87, 247,
       149, 172, 229, 255, 217, 115, 230, 232, 252, 244, 237, 255, 127,
       178, 221, 215, 248, 191, 245, 46, 58, 223, 194, 207, 150, 251,
       253, 90, 173, 62, 58, 139, 180, 28, 171, 179, 22, 143, 9, 239,
       215, 72, 91, 39, 243, 249, 130, 90, 75, 154, 117, 211, 227, 91,
       59, 34, 69, 175, 34, 15, 251, 231, 219, 127, 214, 123, 248, 119,
       93, 87, 166, 120, 247, 191, 101, 126, 124, 183, 222, 211, 210,
       127, 245, 95, 56, 231, 198, 54, 167, 100, 245, 220, 53, 56, 230,
       173, 124, 95, 233, 163, 238, 173, 9, 127, 255, 75, 115, 129, 215,
       253, 98, 124, 99, 187, 170, 251, 217, 101, 61, 2, 115, 167, 122,
       45, 249, 238, 223, 205, 223, 255, 248, 198, 220, 252, 7, 217, 253,
       127, 162, 253, 248, 251, 254, 199, 113, 250, 185, 95, 207, 231,
       45, 223, 191, 120, 242, 82, 172, 138, 154, 139, 224, 13, 231, 174,
       149, 136, 8, 164, 246, 100, 127, 161, 59, 123, 145, 18, 75, 154,
