%YAML:1.0
---
descriptors: !!opencv-matrix
   rows: 315
   cols: 32
   dt: u
   data: [ 41, 102, 24, 101, 112, 31, 102, 184, 121, 140, 111, 72, 223,
       19, 11, 176, 176, 76, 76, 110, 108, 176, 9, 14, 231, 253, 36, 21,
       74, 241, 74, 137, 40, 177, 120, 97, 176, 111, 113, 151, 125, 61,
       126, 24, 155, 19, 10, 16, 134, 30, 85, 56, 136, 248, 113, 4, 207,
       221, 48, 69, 64, 128, 206, 235, 241, 75, 75, 108, 4, 6, 111, 112,
       112, 128, 226, 66, 115, 193, 177, 113, 120, 236, 36, 238, 201,
       179, 149, 12, 240, 168, 230, 0, 105, 178, 114, 40, 181, 122, 187,
       224, 45, 45, 81, 82, 235, 232, 176, 92, 191, 153, 85, 58, 141,
       161, 125, 30, 171, 103, 210, 130, 219, 216, 37, 186, 200, 249, 66,
       35, 97, 133, 3, 236, 92, 134, 71, 61, 196, 8, 234, 64, 243, 97,
       176, 112, 88, 162, 46, 236, 75, 170, 67, 31, 160, 188, 160, 24,
       57, 170, 112, 40, 3, 140, 2, 155, 87, 149, 170, 231, 31, 11, 88,
       70, 172, 202, 37, 196, 217, 43, 147, 149, 55, 188, 10, 255, 36,
       54, 154, 130, 158, 14, 57, 140, 53, 33, 104, 101, 84, 79, 67, 24,
       65, 224, 239, 13, 211, 49, 31, 16, 88, 204, 80, 110, 9, 178, 253,
       12, 103, 141, 129, 20, 107, 187, 82, 240, 203, 59, 129, 148, 233,
       24, 12, 55, 187, 250, 144, 237, 174, 172, 212, 159, 134, 255, 252,
       199, 221, 75, 198, 224, 148, 112, 255, 186, 14, 244, 155, 29, 161,
       233, 251, 84, 196, 77, 101, 81, 115, 142, 116, 24, 18, 145, 208,
       56, 56, 248, 6, 74, 80, 54, 162, 2, 85, 141, 117, 40, 97, 184,
       198, 160, 41, 93, 23, 109, 21, 15, 71, 188, 100, 44, 238, 12, 243,
       81, 1, 84, 216, 204, 74, 110, 73, 176, 113, 13, 231, 188, 4, 16,
       90, 58, 66, 232, 97, 253, 37, 77, 93, 15, 71, 188, 35, 232, 172,
       13, 242, 81, 19, 53, 152, 228, 120, 110, 105, 114, 249, 61, 231,
       216, 5, 52, 74, 59, 82, 114, 60, 116, 184, 96, 93, 253, 83, 82,
       227, 163, 188, 8, 31, 157, 65, 48, 155, 153, 213, 16, 11, 35, 178,
       130, 251, 221, 5, 123, 235, 10, 70, 51, 41, 19, 0, 105, 124, 31,
       64, 24, 70, 41, 244, 108, 178, 16, 145, 112, 220, 140, 14, 76,
       143, 50, 81, 29, 70, 217, 160, 20, 90, 137, 88, 9, 101, 237, 189,
       231, 188, 15, 71, 189, 75, 187, 14, 72, 214, 113, 89, 54, 145, 70,
       124, 127, 80, 120, 249, 32, 237, 222, 101, 52, 194, 250, 210, 107,
       125, 36, 153, 167, 25, 111, 67, 184, 34, 232, 171, 8, 215, 19, 73,
       114, 144, 220, 124, 122, 9, 82, 217, 30, 205, 245, 37, 52, 40, 35,
       2, 34, 166, 98, 209, 69, 100, 15, 232, 88, 123, 170, 51, 74, 66,
       89, 221, 62, 63, 204, 87, 42, 160, 118, 205, 202, 22, 152, 65,
       166, 103, 187, 82, 133, 88, 113, 83, 97, 35, 78, 127, 20, 33, 12,
       239, 32, 31, 23, 1, 84, 38, 148, 205, 234, 72, 144, 145, 202, 247,
       253, 32, 1, 98, 147, 102, 43, 236, 103, 156, 231, 224, 30, 126,
       181, 59, 170, 127, 108, 255, 115, 73, 83, 151, 207, 76, 106, 108,
       240, 136, 46, 238, 255, 37, 165, 96, 242, 202, 11, 213, 158, 78,
       51, 128, 154, 118, 184, 116, 95, 199, 181, 211, 106, 138, 209,
       113, 198, 236, 246, 188, 208, 205, 44, 238, 227, 230, 149, 172,
       67, 88, 82, 41, 149, 225, 203, 253, 53, 201, 157, 87, 29, 125, 23,
       178, 45, 190, 68, 217, 10, 23, 28, 154, 58, 121, 147, 111, 252,
       176, 252, 223, 206, 208, 250, 144, 176, 51, 249, 17, 198, 105,
       112, 125, 7, 67, 16, 158, 23, 56, 125, 245, 25, 31, 141, 170, 156,
       48, 87, 193, 190, 90, 64, 16, 1, 37, 96, 251, 135, 236, 39, 174,
       82, 159, 104, 216, 254, 159, 191, 111, 108, 150, 131, 191, 103,
       253, 103, 252, 239, 109, 174, 186, 235, 111, 151, 101, 111, 191,
       71, 75, 50, 106, 108, 97, 212, 89, 120, 161, 76, 214, 173, 61,
       223, 186, 180, 150, 149, 253, 237, 140, 67, 166, 197, 83, 121,
       232, 143, 38, 132, 38, 119, 253, 183, 232, 198, 222, 19, 79, 252,
       65, 238, 189, 238, 83, 124, 223, 182, 127, 196, 222, 238, 237, 35,
       237, 174, 250, 205, 165, 188, 127, 254, 120, 125, 189, 126, 249,
       100, 52, 63, 87, 208, 113, 234, 188, 92, 27, 25, 81, 48, 157, 236,
       84, 126, 233, 118, 248, 42, 243, 221, 37, 60, 107, 251, 82, 251,
       88, 56, 19, 116, 19, 202, 51, 162, 169, 164, 98, 8, 30, 183, 1,
       80, 166, 117, 233, 64, 65, 217, 176, 108, 217, 228, 1, 3, 34, 32,
       7, 122, 151, 70, 228, 87, 206, 50, 175, 154, 82, 242, 157, 246,
       209, 96, 223, 239, 127, 196, 62, 239, 169, 118, 111, 234, 44, 42,
       231, 148, 255, 255, 88, 180, 127, 83, 248, 74, 238, 21, 214, 216,
       71, 248, 180, 239, 75, 217, 253, 184, 127, 216, 247, 243, 207, 99,
       207, 176, 50, 73, 229, 255, 255, 191, 250, 23, 65, 184, 154, 186,
       249, 205, 51, 71, 186, 9, 96, 40, 62, 243, 96, 80, 179, 187, 66,
       16, 23, 11, 154, 51, 217, 149, 17, 123, 152, 2, 171, 155, 134, 4,
       238, 149, 203, 118, 188, 11, 189, 247, 199, 151, 204, 110, 47, 75,
       247, 85, 251, 165, 52, 212, 127, 192, 71, 51, 219, 135, 133, 117,
       45, 214, 191, 253, 99, 210, 199, 209, 190, 244, 153, 86, 221, 183,
       105, 252, 255, 165, 127, 251, 147, 247, 247, 243, 60, 226, 114,
       88, 143, 234, 239, 255, 189, 215, 84, 148, 156, 58, 138, 96, 17,
       138, 190, 23, 173, 49, 215, 243, 74, 90, 243, 147, 104, 144, 62,
       67, 219, 83, 219, 167, 83, 127, 240, 65, 47, 2, 13, 181, 17, 101,
       181, 46, 103, 57, 125, 232, 107, 76, 222, 113, 8, 240, 144, 14,
       78, 44, 209, 176, 89, 14, 229, 253, 33, 4, 74, 98, 195, 161, 86,
       49, 145, 192, 170, 96, 17, 138, 170, 177, 139, 40, 156, 183, 73,
       126, 167, 87, 121, 144, 19, 65, 154, 64, 153, 150, 95, 126, 128,
       99, 167, 50, 82, 73, 150, 44, 9, 10, 84, 40, 169, 130, 162, 9,
       110, 227, 1, 83, 210, 245, 108, 98, 72, 67, 211, 73, 145, 178, 69,
       27, 32, 114, 34, 10, 68, 177, 185, 99, 242, 110, 115, 145, 59,
       253, 55, 60, 220, 23, 74, 58, 151, 95, 85, 154, 147, 208, 185,
       114, 207, 223, 39, 228, 200, 195, 135, 243, 37, 113, 24, 67, 117,
       31, 194, 56, 110, 232, 109, 76, 210, 88, 22, 48, 152, 108, 82,
       126, 205, 176, 217, 24, 111, 157, 1, 52, 72, 43, 90, 132, 244,
       146, 53, 161, 164, 47, 96, 25, 111, 59, 179, 88, 215, 54, 72, 123,
       203, 149, 108, 48, 56, 100, 89, 208, 141, 210, 87, 118, 208, 8,
       199, 35, 104, 113, 25, 229, 56, 79, 69, 63, 34, 232, 174, 8, 215,
       19, 8, 112, 144, 156, 124, 40, 73, 82, 209, 28, 229, 217, 1, 52,
       8, 176, 66, 58, 170, 189, 40, 201, 221, 221, 211, 239, 15, 77,
       124, 15, 168, 252, 126, 132, 216, 122, 147, 81, 55, 58, 114, 189,
       111, 93, 140, 123, 219, 14, 222, 222, 111, 241, 48, 69, 125, 31,
       194, 184, 75, 232, 189, 76, 202, 88, 222, 180, 152, 76, 210, 110,
       205, 50, 253, 253, 14, 88, 5, 62, 90, 47, 90, 132, 199, 90, 197,
       149, 14, 22, 172, 20, 139, 242, 146, 199, 225, 44, 213, 239, 70,
       229, 248, 231, 205, 197, 215, 232, 132, 114, 223, 146, 15, 253,
       25, 92, 39, 175, 234, 14, 220, 179, 138, 236, 70, 204, 88, 239,
       96, 232, 191, 0, 92, 106, 131, 245, 150, 163, 12, 191, 56, 12,
       173, 189, 221, 127, 217, 197, 103, 226, 164, 1, 173, 31, 232, 159,
       203, 249, 150, 94, 194, 168, 222, 166, 133, 68, 248, 29, 199, 108,
       255, 144, 14, 26, 149, 246, 206, 172, 216, 12, 1, 185, 173, 23,
       228, 205, 229, 183, 126, 255, 70, 68, 176, 44, 214, 42, 1, 78,
       114, 93, 131, 248, 255, 53, 109, 11, 117, 64, 72, 136, 209, 249,
       163, 168, 237, 95, 205, 157, 233, 31, 203, 241, 180, 30, 240, 236,
       86, 47, 201, 98, 115, 29, 151, 110, 254, 177, 15, 27, 213, 120,
       223, 12, 210, 252, 43, 205, 33, 222, 125, 148, 200, 191, 21, 73,
       216, 71, 168, 78, 52, 228, 204, 170, 19, 205, 239, 10, 118, 255,
       39, 124, 154, 136, 31, 28, 248, 252, 45, 180, 161, 195, 213, 191,
       227, 154, 95, 241, 41, 92, 210, 121, 92, 188, 153, 138, 82, 28,
       147, 114, 121, 146, 15, 94, 17, 116, 219, 79, 80, 164, 37, 44,
       237, 88, 205, 101, 197, 202, 194, 179, 161, 26, 18, 120, 93, 59,
