%YAML:1.0
---
descriptors: !!opencv-matrix
   rows: 330
   cols: 32
   dt: u
   data: [ 159, 208, 238, 251, 55, 244, 251, 216, 63, 93, 119, 23, 105,
       223, 62, 109, 255, 155, 181, 223, 190, 212, 63, 245, 195, 251,
       218, 199, 183, 133, 252, 119, 233, 180, 61, 111, 56, 127, 25, 63,
       127, 105, 127, 88, 223, 21, 136, 180, 151, 30, 252, 56, 179, 252,
       241, 31, 239, 255, 48, 114, 218, 136, 131, 53, 130, 150, 62, 185,
       175, 242, 184, 103, 157, 31, 215, 51, 140, 62, 46, 75, 239, 19,
       187, 145, 54, 205, 3, 199, 79, 119, 218, 199, 150, 76, 173, 199,
       173, 254, 96, 97, 116, 159, 210, 178, 87, 250, 52, 253, 155, 9,
       214, 177, 15, 136, 215, 127, 239, 126, 109, 183, 110, 89, 37, 244,
       111, 141, 90, 221, 234, 158, 181, 216, 233, 165, 145, 151, 155,
       95, 178, 125, 60, 190, 100, 155, 205, 179, 255, 17, 187, 111, 242,
       243, 25, 50, 94, 250, 210, 76, 133, 123, 75, 92, 242, 126, 99,
       180, 254, 246, 61, 67, 118, 161, 61, 255, 183, 244, 246, 251, 183,
       207, 230, 158, 182, 235, 119, 127, 254, 139, 103, 213, 171, 253,
       98, 188, 187, 236, 125, 69, 155, 90, 27, 203, 156, 127, 60, 189,
       68, 50, 205, 213, 255, 17, 155, 111, 243, 226, 95, 95, 186, 250,
       205, 13, 54, 123, 190, 237, 246, 255, 239, 223, 254, 232, 255,
       182, 189, 11, 111, 255, 95, 223, 255, 255, 255, 227, 254, 227,
       219, 255, 191, 255, 199, 255, 215, 255, 239, 207, 22, 14, 139,
       182, 226, 38, 175, 66, 184, 139, 219, 242, 124, 255, 49, 74, 254,
       119, 63, 139, 161, 135, 128, 234, 144, 38, 250, 136, 133, 115,
       161, 161, 134, 252, 150, 190, 205, 239, 182, 239, 191, 183, 243,
       27, 238, 254, 111, 31, 249, 247, 239, 83, 126, 239, 154, 255, 189,
       86, 95, 127, 128, 95, 165, 78, 114, 190, 59, 242, 115, 231, 187,
       115, 27, 235, 157, 127, 60, 191, 228, 48, 253, 191, 215, 145, 187,
       139, 184, 255, 91, 93, 187, 250, 217, 14, 39, 251, 43, 21, 118,
       87, 228, 122, 253, 115, 93, 202, 126, 246, 104, 109, 190, 173, 95,
       114, 151, 40, 241, 240, 37, 206, 102, 95, 244, 130, 239, 236, 216,
       181, 151, 212, 45, 187, 188, 103, 95, 152, 22, 254, 215, 151, 213,
       127, 59, 105, 221, 223, 63, 255, 251, 213, 121, 190, 233, 235,
       239, 212, 180, 251, 181, 115, 11, 186, 253, 117, 50, 222, 249, 55,
       127, 253, 86, 247, 157, 61, 150, 44, 167, 61, 245, 141, 133, 248,
       245, 205, 79, 255, 120, 194, 111, 132, 79, 127, 210, 182, 242,
       244, 52, 2, 216, 115, 57, 206, 242, 247, 108, 255, 182, 1, 247,
       189, 157, 165, 168, 255, 128, 206, 218, 254, 251, 134, 207, 228,
       99, 95, 167, 143, 99, 9, 244, 179, 174, 251, 92, 72, 88, 230, 41,
       72, 189, 164, 94, 42, 23, 237, 247, 178, 100, 223, 36, 60, 170,
       192, 95, 140, 240, 245, 57, 253, 107, 104, 84, 199, 207, 124, 65,
       64, 124, 6, 51, 29, 176, 49, 88, 152, 22, 234, 203, 186, 116, 29,
       119, 233, 160, 76, 127, 154, 114, 240, 248, 249, 121, 236, 29,
       205, 83, 120, 3, 64, 172, 8, 59, 159, 64, 48, 216, 152, 213, 64,
       91, 43, 248, 29, 243, 237, 1, 125, 115, 138, 70, 178, 213, 220,
       237, 253, 188, 38, 79, 191, 150, 250, 154, 82, 245, 115, 145, 99,
       85, 247, 125, 174, 249, 207, 249, 46, 249, 235, 239, 148, 188,
       240, 160, 56, 95, 116, 235, 103, 182, 98, 251, 146, 96, 237, 159,
       163, 89, 63, 223, 50, 55, 213, 125, 255, 136, 208, 189, 106, 255,
       237, 175, 133, 167, 243, 119, 123, 36, 5, 120, 79, 116, 15, 231,
       57, 68, 136, 127, 0, 115, 81, 189, 32, 24, 24, 6, 106, 208, 176,
       121, 12, 103, 141, 37, 4, 83, 234, 208, 161, 211, 156, 175, 181,
       188, 238, 93, 183, 54, 255, 198, 151, 247, 127, 16, 99, 213, 247,
       125, 173, 249, 220, 241, 174, 237, 231, 253, 144, 140, 248, 148,
       121, 206, 148, 23, 254, 93, 228, 59, 250, 188, 27, 193, 18, 252,
       215, 40, 237, 245, 91, 187, 162, 51, 199, 154, 231, 213, 243, 218,
       75, 26, 77, 37, 179, 138, 180, 23, 247, 193, 252, 56, 115, 189,
       11, 199, 20, 236, 247, 40, 239, 227, 51, 251, 130, 51, 221, 50,
       239, 135, 246, 218, 2, 138, 64, 175, 190, 114, 91, 123, 196, 103,
       209, 146, 68, 137, 140, 176, 170, 46, 30, 165, 56, 238, 241, 151,
       227, 72, 39, 96, 236, 147, 144, 32, 187, 85, 59, 5, 47, 44, 251,
       245, 195, 237, 121, 214, 204, 79, 123, 185, 58, 90, 24, 92, 184,
       223, 223, 255, 83, 223, 114, 111, 241, 63, 29, 117, 119, 213, 223,
       222, 165, 37, 157, 89, 103, 244, 207, 119, 49, 37, 168, 123, 68,
       119, 121, 32, 48, 140, 183, 6, 8, 17, 184, 80, 14, 111, 205, 37,
       64, 248, 170, 194, 163, 9, 61, 125, 101, 240, 175, 123, 51, 109,
       232, 127, 72, 255, 55, 128, 48, 148, 182, 92, 44, 185, 184, 113,
       15, 231, 255, 32, 128, 72, 194, 194, 115, 45, 79, 96, 111, 212,
       155, 231, 212, 84, 224, 124, 198, 51, 9, 183, 164, 88, 234, 19,
       207, 201, 186, 108, 190, 102, 77, 164, 128, 127, 255, 120, 236,
       42, 255, 98, 93, 119, 219, 252, 247, 61, 12, 124, 174, 40, 143,
       182, 180, 126, 187, 151, 136, 229, 186, 36, 223, 38, 92, 152, 131,
       111, 156, 106, 189, 229, 50, 237, 65, 236, 63, 67, 152, 66, 250,
       181, 124, 211, 4, 221, 59, 93, 196, 100, 126, 185, 118, 253, 18,
       76, 155, 101, 244, 216, 251, 82, 241, 187, 35, 102, 11, 79, 27,
       232, 72, 109, 113, 243, 210, 74, 136, 158, 238, 106, 140, 234,
       223, 159, 179, 205, 193, 22, 40, 130, 6, 111, 143, 120, 132, 28,
       207, 45, 183, 164, 79, 111, 254, 52, 254, 246, 229, 247, 101, 144,
       65, 123, 202, 95, 238, 233, 248, 105, 61, 237, 195, 231, 132, 100,
       248, 214, 232, 133, 198, 91, 251, 180, 174, 110, 148, 126, 19,
       115, 84, 215, 67, 153, 121, 23, 78, 46, 94, 163, 244, 77, 119,
       236, 191, 55, 68, 140, 209, 193, 33, 120, 125, 57, 236, 124, 223,
       86, 254, 131, 200, 252, 9, 55, 223, 35, 80, 216, 249, 157, 96, 77,
       43, 242, 62, 243, 253, 37, 57, 56, 185, 86, 91, 106, 185, 227, 88,
       215, 245, 220, 199, 187, 91, 248, 91, 40, 254, 116, 188, 233, 251,
       247, 145, 147, 107, 146, 243, 63, 29, 158, 187, 219, 84, 255, 223,
       22, 238, 246, 247, 254, 18, 254, 248, 63, 174, 250, 231, 105, 238,
       254, 198, 127, 255, 255, 231, 252, 243, 143, 239, 190, 126, 239,
       135, 231, 254, 45, 133, 165, 237, 199, 223, 252, 191, 238, 252,
       93, 194, 123, 198, 249, 104, 189, 229, 123, 238, 126, 111, 245,
       242, 127, 239, 60, 62, 239, 132, 63, 255, 249, 149, 74, 178, 252,
       113, 233, 125, 120, 223, 59, 127, 54, 61, 158, 29, 78, 190, 167,
       31, 245, 21, 150, 124, 179, 208, 223, 219, 117, 247, 194, 68, 207,
       251, 160, 188, 189, 247, 148, 239, 245, 183, 90, 187, 120, 16,
       247, 121, 16, 41, 217, 122, 19, 9, 240, 252, 88, 175, 237, 223,
       215, 48, 192, 120, 209, 170, 33, 249, 115, 69, 244, 202, 231, 181,
       109, 72, 126, 72, 179, 21, 148, 52, 58, 120, 6, 106, 203, 184, 52,
       109, 109, 188, 36, 0, 70, 154, 198, 169, 91, 54, 246, 237, 127,
       123, 250, 120, 63, 236, 254, 175, 237, 255, 151, 164, 190, 221,
       255, 161, 166, 213, 237, 223, 222, 255, 43, 135, 39, 167, 111,
       255, 245, 123, 205, 101, 172, 27, 70, 156, 67, 234, 182, 236, 211,
       0, 209, 59, 24, 196, 108, 110, 237, 246, 237, 8, 230, 203, 229,
       180, 109, 250, 90, 29, 216, 156, 175, 245, 149, 238, 127, 183,
       180, 226, 206, 18, 247, 125, 16, 107, 161, 119, 121, 41, 57, 221,
       177, 47, 253, 239, 221, 16, 160, 120, 148, 122, 105, 149, 61, 101,
       116, 14, 127, 51, 109, 232, 126, 72, 255, 51, 128, 48, 148, 54,
       118, 110, 209, 184, 113, 12, 239, 253, 32, 208, 74, 168, 194, 163,
       237, 98, 255, 101, 52, 126, 107, 184, 115, 168, 247, 64, 219, 103,
       221, 250, 87, 212, 108, 122, 169, 244, 233, 10, 207, 255, 101,
       196, 226, 163, 70, 49, 86, 148, 158, 218, 137, 244, 56, 202, 191,
       19, 213, 22, 220, 255, 46, 120, 255, 211, 255, 144, 55, 199, 59,
       227, 159, 191, 218, 79, 152, 65, 169, 183, 62, 245, 109, 182, 109,
