%YAML:1.0
---
descriptors: !!opencv-matrix
   rows: 306
   cols: 32
   dt: u
   data: [ 199, 79, 236, 179, 172, 56, 109, 149, 138, 247, 95, 213, 221,
       47, 223, 74, 199, 71, 61, 95, 208, 212, 239, 226, 206, 123, 254,
       192, 142, 223, 209, 88, 53, 101, 199, 167, 22, 3, 103, 232, 118,
       164, 235, 6, 83, 97, 153, 64, 120, 204, 110, 238, 72, 243, 77, 44,
       252, 174, 231, 4, 45, 243, 112, 128, 6, 253, 154, 186, 237, 133,
       158, 236, 158, 190, 152, 11, 236, 254, 73, 2, 157, 123, 251, 115,
       70, 67, 218, 243, 189, 22, 143, 127, 128, 126, 31, 155, 60, 141,
       58, 254, 85, 199, 243, 227, 212, 8, 254, 2, 115, 249, 52, 64, 248,
       234, 19, 202, 106, 171, 24, 255, 115, 239, 130, 9, 81, 10, 124,
       170, 186, 203, 106, 190, 122, 128, 79, 244, 148, 4, 212, 227, 41,
       207, 179, 64, 110, 187, 151, 198, 200, 139, 38, 255, 114, 101,
       170, 137, 55, 150, 52, 233, 220, 250, 156, 58, 169, 157, 84, 223,
       163, 29, 172, 29, 143, 219, 74, 146, 133, 227, 236, 18, 94, 67,
       154, 49, 251, 209, 101, 127, 106, 118, 171, 67, 3, 159, 107, 171,
       244, 131, 170, 119, 14, 65, 88, 247, 165, 140, 176, 64, 223, 43,
       23, 149, 151, 184, 68, 247, 46, 85, 186, 192, 221, 138, 185, 217,
       236, 51, 249, 103, 116, 59, 83, 24, 83, 172, 189, 104, 123, 105,
       203, 176, 28, 252, 196, 106, 172, 50, 237, 26, 246, 205, 33, 181,
       99, 251, 78, 225, 1, 192, 92, 109, 48, 14, 109, 189, 124, 8, 118,
       68, 243, 3, 154, 16, 18, 12, 110, 108, 65, 184, 81, 13, 230, 251,
       112, 0, 74, 144, 74, 136, 38, 110, 182, 190, 137, 47, 158, 207,
       159, 63, 248, 155, 174, 173, 39, 9, 205, 251, 239, 129, 184, 111,
       74, 242, 251, 214, 95, 59, 211, 125, 143, 218, 198, 181, 182, 218,
       185, 224, 150, 239, 255, 19, 233, 48, 204, 250, 44, 93, 211, 115,
       223, 50, 114, 79, 154, 246, 185, 178, 94, 127, 144, 80, 167, 134,
       234, 236, 36, 186, 205, 173, 220, 239, 187, 54, 161, 29, 236, 235,
       94, 155, 201, 235, 249, 7, 126, 71, 218, 247, 187, 91, 223, 63,
       16, 84, 214, 194, 134, 13, 146, 218, 187, 225, 190, 203, 159, 183,
       137, 58, 172, 254, 101, 73, 243, 115, 235, 130, 50, 75, 138, 251,
       177, 22, 95, 59, 144, 89, 133, 7, 173, 224, 103, 91, 94, 91, 166,
       228, 92, 96, 115, 66, 200, 72, 157, 167, 121, 72, 250, 255, 231,
       180, 109, 225, 44, 28, 135, 68, 79, 191, 249, 164, 76, 152, 253,
       247, 176, 206, 115, 150, 118, 183, 103, 16, 247, 247, 72, 120, 51,
       94, 44, 24, 58, 248, 251, 35, 207, 239, 117, 64, 224, 240, 196,
       58, 0, 139, 126, 219, 118, 233, 177, 35, 126, 5, 94, 178, 181, 15,
       164, 96, 98, 59, 135, 17, 18, 184, 101, 245, 79, 167, 186, 193,
       148, 136, 149, 235, 9, 142, 55, 83, 116, 237, 233, 55, 127, 79,
       126, 20, 191, 165, 148, 60, 131, 42, 38, 28, 179, 188, 97, 119,
       69, 254, 48, 64, 194, 200, 199, 249, 75, 158, 198, 181, 130, 58,
       188, 151, 60, 211, 90, 247, 141, 38, 210, 203, 39, 103, 251, 149,
       148, 216, 133, 224, 140, 99, 254, 196, 172, 213, 169, 93, 34, 41,
       18, 136, 221, 225, 242, 71, 31, 173, 248, 11, 42, 152, 36, 144,
       248, 171, 131, 129, 30, 59, 194, 251, 53, 20, 154, 107, 209, 8,
       254, 138, 244, 95, 231, 62, 147, 118, 86, 248, 209, 206, 239, 231,
       99, 231, 163, 127, 88, 238, 44, 238, 237, 199, 254, 170, 243, 231,
       229, 155, 171, 255, 116, 119, 62, 251, 92, 114, 43, 217, 84, 200,
       139, 188, 181, 169, 15, 201, 102, 155, 174, 153, 206, 82, 78, 99,
       202, 177, 146, 209, 1, 255, 115, 159, 207, 135, 43, 48, 170, 178,
       237, 253, 184, 83, 223, 93, 85, 59, 188, 253, 126, 42, 239, 59,
       247, 21, 150, 122, 138, 209, 95, 89, 250, 235, 215, 76, 91, 203,
       202, 226, 156, 250, 233, 201, 21, 175, 159, 63, 164, 56, 174, 247,
       76, 91, 131, 19, 239, 16, 114, 79, 203, 241, 223, 210, 93, 255,
       146, 64, 135, 11, 61, 159, 109, 110, 154, 11, 79, 249, 84, 226,
       248, 238, 115, 101, 185, 48, 127, 206, 46, 238, 233, 163, 109, 63,
       248, 175, 37, 188, 125, 243, 96, 113, 4, 90, 123, 109, 36, 74,
       103, 176, 109, 10, 126, 96, 243, 21, 161, 112, 54, 116, 54, 106,
       193, 176, 33, 44, 102, 175, 96, 128, 96, 187, 70, 41, 147, 12,
       231, 149, 134, 50, 172, 103, 116, 195, 90, 214, 25, 42, 183, 239,
       111, 199, 51, 173, 181, 220, 53, 202, 20, 42, 254, 128, 173, 245,
       249, 252, 245, 251, 25, 106, 185, 157, 82, 220, 63, 72, 245, 77,
       95, 223, 75, 144, 180, 201, 68, 126, 223, 50, 154, 55, 251, 221,
       37, 252, 248, 147, 234, 83, 131, 203, 117, 220, 46, 135, 237, 189,
       207, 26, 144, 70, 253, 203, 176, 99, 110, 97, 63, 239, 225, 109,
       46, 253, 228, 154, 239, 188, 20, 184, 161, 169, 169, 34, 234, 189,
       78, 137, 225, 115, 124, 226, 246, 222, 251, 201, 218, 42, 105,
       168, 110, 141, 161, 246, 229, 207, 86, 239, 242, 32, 111, 136,
       121, 136, 191, 245, 237, 69, 219, 87, 223, 191, 83, 226, 252, 158,
       123, 125, 151, 33, 93, 222, 177, 174, 237, 246, 125, 158, 107, 75,
       197, 180, 127, 252, 210, 120, 87, 36, 231, 165, 146, 166, 106, 81,
       181, 194, 219, 195, 221, 239, 187, 89, 118, 237, 127, 175, 164,
       209, 133, 206, 212, 46, 235, 128, 173, 231, 49, 208, 58, 44, 178,
       248, 221, 245, 177, 67, 255, 137, 252, 16, 156, 254, 100, 180,
       233, 59, 218, 145, 18, 235, 178, 210, 155, 220, 7, 123, 211, 72,
       103, 166, 215, 76, 239, 214, 2, 114, 239, 240, 176, 194, 199, 150,
       81, 230, 191, 111, 118, 229, 57, 238, 225, 199, 188, 234, 81, 43,
       207, 12, 45, 241, 33, 116, 189, 70, 99, 238, 22, 143, 79, 240, 85,
       198, 251, 10, 123, 201, 189, 53, 120, 232, 86, 238, 232, 183, 44,
       191, 178, 204, 161, 148, 119, 255, 114, 96, 198, 30, 158, 183,
       139, 38, 56, 2, 190, 151, 203, 181, 236, 226, 99, 75, 231, 119,
       235, 151, 52, 205, 131, 226, 196, 51, 219, 131, 136, 117, 41, 19,
       72, 59, 250, 229, 168, 44, 125, 147, 175, 201, 190, 197, 159, 175,
       67, 90, 230, 247, 127, 156, 152, 201, 211, 194, 223, 255, 103,
       152, 136, 240, 43, 19, 248, 152, 146, 248, 141, 237, 80, 198, 175,
       23, 160, 25, 142, 155, 100, 159, 201, 147, 205, 16, 62, 111, 210,
       209, 155, 209, 82, 123, 218, 76, 143, 10, 189, 30, 238, 126, 199,
       54, 222, 250, 84, 134, 126, 182, 121, 105, 187, 233, 127, 250,
       150, 175, 172, 182, 60, 174, 114, 239, 230, 129, 119, 253, 120,
       195, 25, 77, 99, 255, 22, 130, 239, 119, 117, 192, 223, 198, 121,
       247, 176, 228, 126, 239, 23, 143, 233, 153, 21, 238, 176, 238,
       174, 128, 63, 182, 113, 248, 111, 162, 128, 23, 253, 61, 72, 157,
       27, 191, 5, 221, 202, 160, 223, 158, 157, 206, 241, 29, 142, 86,
       207, 130, 14, 92, 149, 252, 138, 238, 90, 204, 189, 204, 107, 239,
       118, 19, 207, 250, 85, 194, 245, 242, 91, 75, 189, 53, 123, 204,
       23, 174, 233, 182, 125, 238, 178, 207, 167, 132, 119, 249, 122,
       160, 54, 41, 104, 175, 93, 95, 210, 96, 89, 228, 253, 139, 107,
       109, 31, 16, 248, 237, 215, 231, 140, 178, 213, 236, 119, 127,
       129, 27, 103, 63, 126, 214, 2, 8, 42, 139, 121, 133, 187, 64, 175,
       5, 205, 1, 172, 131, 38, 68, 232, 41, 203, 148, 18, 9, 18, 213,
       215, 52, 138, 107, 18, 15, 45, 202, 81, 76, 13, 189, 12, 46, 92,
       190, 189, 114, 194, 3, 247, 126, 17, 123, 229, 231, 127, 141, 237,
       221, 211, 189, 215, 251, 219, 16, 0, 248, 120, 74, 90, 48, 146,
       184, 11, 237, 16, 71, 175, 59, 160, 57, 142, 158, 96, 154, 131,
       179, 235, 16, 38, 79, 146, 208, 155, 208, 90, 123, 154, 68, 15,
       31, 27, 94, 126, 183, 114, 130, 175, 115, 188, 66, 95, 230, 125,
       167, 176, 224, 118, 61, 63, 143, 225, 153, 13, 238, 116, 39, 46,
       128, 47, 178, 41, 185, 237, 184, 189, 85, 237, 78, 97, 154, 123,
       251, 54, 24, 210, 113, 213, 111, 5, 116, 120, 24, 177, 252, 251,
       162, 79, 58, 117, 84, 194, 233, 80, 97, 17, 78, 75, 237, 118, 139,
       235, 86, 102, 104, 250, 230, 51, 137, 177, 96, 126, 172, 78, 140,
