%YAML:1.0
---
descriptors: !!opencv-matrix
   rows: 263
   cols: 32
   dt: u
   data: [ 103, 226, 168, 1, 172, 27, 138, 136, 203, 188, 148, 175, 195,
       168, 223, 11, 205, 196, 237, 247, 222, 67, 205, 144, 158, 17, 173,
       255, 132, 191, 92, 68, 125, 132, 245, 85, 149, 94, 71, 191, 113,
       231, 190, 26, 91, 48, 154, 180, 25, 198, 244, 40, 189, 252, 125,
       142, 107, 239, 117, 85, 239, 236, 218, 108, 77, 62, 185, 247, 184,
       44, 121, 18, 187, 201, 55, 116, 223, 247, 67, 122, 167, 117, 125,
       24, 177, 69, 179, 34, 207, 253, 119, 200, 136, 225, 35, 99, 124,
       162, 132, 162, 169, 251, 84, 136, 35, 191, 168, 173, 143, 14, 75,
       155, 137, 207, 237, 23, 30, 66, 201, 144, 154, 211, 221, 255, 166,
       223, 222, 70, 151, 22, 229, 83, 206, 50, 143, 152, 82, 242, 159,
       246, 209, 96, 221, 239, 127, 196, 62, 175, 169, 118, 239, 176, 44,
       10, 239, 148, 255, 255, 216, 181, 124, 97, 121, 104, 25, 205, 83,
       204, 7, 160, 164, 8, 27, 159, 73, 16, 216, 145, 204, 210, 10, 35,
       88, 148, 251, 221, 5, 125, 115, 155, 70, 34, 77, 35, 158, 39, 32,
       14, 115, 184, 96, 28, 103, 41, 215, 99, 11, 82, 146, 196, 108,
       110, 12, 240, 201, 0, 194, 251, 100, 5, 64, 179, 75, 3, 180, 156,
       157, 119, 192, 110, 85, 135, 48, 51, 98, 16, 151, 55, 65, 123,
       193, 214, 32, 24, 57, 252, 81, 34, 237, 175, 116, 68, 224, 81,
       226, 170, 236, 64, 213, 229, 37, 110, 110, 56, 33, 170, 246, 73,
       223, 63, 1, 219, 208, 196, 236, 234, 73, 244, 209, 136, 199, 251,
       101, 0, 98, 243, 70, 2, 150, 159, 110, 159, 175, 115, 191, 249,
       152, 222, 156, 167, 109, 252, 191, 131, 191, 115, 221, 227, 229,
       101, 46, 255, 186, 67, 239, 159, 247, 127, 253, 215, 159, 78, 230,
       149, 15, 114, 188, 50, 189, 214, 215, 151, 232, 108, 55, 207, 111,
       101, 251, 167, 172, 197, 53, 234, 135, 99, 219, 131, 167, 117, 61,
       214, 125, 55, 228, 71, 159, 51, 79, 248, 65, 234, 189, 174, 91,
       109, 211, 182, 125, 212, 220, 234, 237, 51, 237, 142, 251, 207,
       229, 180, 103, 254, 90, 125, 91, 48, 234, 108, 105, 84, 88, 90,
       171, 201, 212, 173, 60, 159, 214, 52, 166, 149, 253, 133, 141, 75,
       178, 193, 83, 121, 248, 139, 6, 132, 62, 127, 146, 216, 222, 254,
       138, 224, 61, 206, 182, 23, 226, 179, 117, 254, 40, 90, 231, 211,
       173, 208, 54, 207, 3, 97, 217, 163, 126, 203, 177, 80, 165, 91,
       84, 87, 14, 35, 146, 154, 118, 176, 116, 108, 195, 165, 211, 74,
       138, 81, 240, 197, 236, 230, 236, 145, 205, 12, 242, 227, 170,
       149, 40, 83, 152, 82, 248, 193, 87, 237, 4, 10, 71, 45, 36, 0,
       226, 2, 115, 35, 32, 115, 112, 196, 104, 234, 104, 145, 81, 45,
       241, 171, 192, 16, 49, 178, 224, 40, 51, 151, 104, 138, 242, 176,
       185, 125, 23, 69, 93, 183, 105, 206, 190, 100, 126, 27, 147, 165,
       246, 154, 60, 215, 50, 101, 154, 235, 55, 134, 173, 220, 108, 116,
       57, 103, 116, 79, 119, 184, 33, 232, 111, 8, 87, 95, 9, 48, 144,
       92, 85, 106, 73, 244, 217, 44, 231, 217, 37, 52, 74, 187, 70, 178,
       191, 221, 99, 218, 195, 245, 190, 244, 153, 70, 125, 191, 105,
       253, 191, 165, 127, 251, 147, 247, 247, 179, 62, 226, 51, 89, 142,
       202, 231, 223, 189, 246, 158, 86, 39, 251, 175, 240, 182, 200,
       156, 94, 151, 183, 236, 94, 47, 203, 239, 81, 255, 243, 239, 197,
       59, 245, 131, 115, 239, 151, 22, 127, 61, 87, 40, 45, 120, 101,
       117, 95, 116, 55, 97, 172, 126, 8, 155, 61, 130, 144, 142, 156,
       199, 40, 72, 184, 113, 140, 231, 221, 52, 17, 98, 132, 78, 139, 1,
       160, 145, 153, 200, 237, 160, 79, 142, 25, 8, 80, 180, 147, 96,
       106, 73, 59, 74, 24, 19, 41, 82, 81, 141, 128, 58, 104, 152, 8,
       129, 168, 171, 159, 49, 202, 245, 213, 255, 247, 87, 77, 124, 103,
       188, 189, 182, 36, 221, 26, 151, 220, 247, 58, 104, 255, 111, 93,
       182, 234, 27, 156, 244, 255, 86, 44, 31, 186, 138, 233, 17, 74,
       191, 151, 136, 169, 44, 247, 99, 24, 167, 179, 233, 17, 50, 71,
       10, 119, 217, 146, 91, 123, 176, 97, 7, 115, 201, 180, 159, 241,
       161, 44, 49, 159, 58, 187, 2, 84, 156, 179, 72, 123, 167, 95, 124,
       144, 51, 92, 147, 98, 205, 211, 126, 102, 136, 64, 163, 59, 221,
       48, 151, 228, 161, 28, 100, 152, 233, 155, 2, 68, 222, 242, 73,
       250, 165, 85, 124, 24, 17, 69, 147, 0, 153, 250, 71, 78, 136, 112,
       33, 1, 125, 97, 153, 167, 168, 79, 71, 56, 98, 168, 170, 40, 215,
       115, 73, 58, 145, 212, 108, 122, 73, 82, 201, 40, 249, 237, 101,
       52, 160, 115, 2, 35, 9, 157, 51, 248, 211, 244, 49, 119, 237, 89,
       110, 20, 60, 191, 38, 116, 165, 59, 146, 0, 151, 137, 50, 247,
       219, 253, 18, 74, 218, 0, 161, 251, 33, 96, 113, 73, 68, 255, 99,
       80, 117, 0, 246, 2, 211, 81, 148, 116, 120, 184, 70, 234, 139,
       182, 113, 29, 71, 184, 128, 64, 115, 139, 84, 160, 66, 21, 183,
       151, 171, 108, 180, 7, 174, 251, 3, 49, 204, 190, 69, 239, 167,
       119, 251, 17, 49, 201, 147, 192, 141, 54, 94, 195, 128, 100, 133,
       63, 34, 142, 18, 186, 85, 167, 18, 234, 31, 5, 75, 19, 228, 234,
       40, 192, 217, 59, 131, 16, 54, 152, 88, 255, 175, 247, 138, 67,
       144, 78, 60, 10, 103, 98, 162, 156, 109, 151, 158, 72, 207, 172,
       144, 143, 206, 200, 119, 136, 222, 225, 255, 103, 204, 103, 206,
       216, 176, 18, 207, 187, 85, 63, 61, 71, 67, 159, 158, 173, 182, 2,
       62, 191, 28, 73, 90, 231, 252, 58, 162, 96, 247, 87, 31, 161, 245,
       152, 13, 239, 172, 39, 175, 198, 156, 106, 185, 25, 61, 229, 214,
       119, 245, 91, 246, 248, 119, 250, 123, 106, 107, 120, 159, 175,
       187, 238, 230, 99, 173, 240, 207, 175, 62, 255, 101, 7, 239, 254,
       88, 133, 189, 122, 185, 96, 60, 13, 83, 80, 235, 168, 180, 72,
       159, 153, 85, 58, 140, 224, 92, 90, 139, 103, 226, 128, 211, 217,
       33, 188, 202, 187, 66, 33, 51, 5, 103, 173, 22, 6, 207, 121, 20,
       226, 218, 198, 81, 46, 183, 100, 124, 228, 63, 239, 237, 147, 117,
       142, 184, 238, 175, 132, 45, 254, 112, 84, 39, 106, 197, 16, 236,
       59, 66, 200, 131, 186, 176, 205, 2, 200, 213, 158, 201, 196, 230,
       94, 140, 118, 202, 176, 30, 82, 197, 191, 202, 253, 90, 132, 252,
       107, 248, 224, 44, 73, 87, 204, 83, 174, 180, 58, 19, 129, 65, 27,
       88, 252, 69, 122, 104, 103, 232, 42, 243, 201, 165, 61, 101, 187,
       86, 42, 50, 48, 111, 237, 14, 15, 112, 80, 61, 104, 243, 227, 82,
       29, 20, 97, 252, 157, 127, 167, 200, 178, 193, 200, 151, 248, 226,
       130, 109, 170, 80, 183, 214, 223, 106, 26, 234, 240, 190, 244,
       148, 70, 221, 231, 105, 238, 191, 96, 127, 251, 151, 247, 246, 7,
       174, 251, 122, 103, 175, 235, 191, 247, 173, 213, 227, 160, 93,
       241, 124, 137, 232, 74, 63, 49, 242, 122, 150, 153, 220, 24, 255,
       157, 127, 17, 35, 255, 203, 211, 156, 24, 59, 244, 77, 8, 67, 169,
       101, 32, 204, 77, 204, 62, 76, 136, 83, 178, 229, 72, 83, 48, 221,
       122, 89, 196, 122, 60, 153, 114, 253, 0, 31, 187, 197, 124, 233,
       251, 90, 36, 183, 104, 236, 69, 205, 23, 206, 248, 83, 242, 180,
       30, 83, 104, 223, 47, 89, 196, 112, 239, 237, 103, 127, 128, 43,
       90, 197, 60, 127, 253, 218, 228, 201, 184, 159, 81, 234, 252, 33,
       18, 238, 211, 38, 80, 180, 147, 192, 251, 35, 54, 122, 24, 183,
       77, 151, 81, 77, 171, 119, 72, 202, 192, 139, 57, 7, 56, 229, 85,
       213, 190, 172, 151, 127, 227, 82, 214, 88, 40, 149, 173, 127, 110,
       50, 157, 183, 248, 117, 238, 12, 62, 223, 66, 207, 221, 209, 180,
       49, 13, 90, 76, 212, 19, 102, 124, 84, 64, 254, 70, 115, 112, 181,
       112, 120, 238, 38, 238, 237, 187, 53, 46, 114, 175, 166, 0, 125,
       170, 120, 136, 98, 170, 172, 177, 172, 201, 89, 174, 11, 61, 156,
       137, 163, 13, 82, 10, 205, 198, 253, 21, 138, 72, 233, 181, 207,
       211, 189, 253, 132, 140, 150, 104, 165, 236, 241, 78, 212, 111,
       71, 254, 83, 234, 124, 24, 115, 113, 245, 52, 89, 202, 2, 42, 105,
       50, 120, 62, 111, 158, 37, 44, 211, 250, 82, 168, 169, 58, 184,
