%YAML:1.0
---
descriptors: !!opencv-matrix
   rows: 325
   cols: 32
   dt: u
   data: [ 98, 10, 2, 248, 109, 173, 192, 71, 251, 9, 240, 89, 174, 152,
       52, 221, 200, 171, 207, 17, 10, 43, 194, 247, 151, 220, 146, 123,
       211, 8, 242, 142, 159, 30, 53, 91, 5, 247, 191, 248, 92, 118, 207,
       215, 201, 92, 63, 237, 245, 17, 155, 39, 231, 180, 125, 159, 71,
       91, 139, 87, 95, 141, 85, 117, 50, 173, 50, 174, 85, 211, 210,
       233, 213, 4, 248, 3, 110, 248, 35, 80, 248, 187, 135, 225, 46,
       187, 8, 191, 177, 212, 131, 59, 241, 46, 124, 142, 9, 225, 57, 91,
       36, 207, 109, 216, 118, 120, 119, 0, 183, 209, 216, 45, 24, 8, 54,
       74, 67, 240, 123, 49, 199, 217, 35, 100, 82, 155, 67, 225, 189,
       96, 213, 229, 108, 95, 206, 220, 81, 234, 244, 74, 211, 217, 213,
       175, 88, 236, 54, 234, 233, 246, 213, 136, 163, 219, 229, 60, 111,
       187, 90, 168, 33, 64, 105, 79, 52, 255, 107, 24, 119, 73, 119, 0,
       243, 85, 153, 100, 80, 44, 30, 60, 171, 180, 125, 63, 231, 255,
       32, 80, 250, 139, 80, 100, 110, 120, 16, 82, 25, 221, 146, 72,
       235, 164, 169, 13, 174, 205, 69, 150, 128, 120, 232, 83, 75, 107,
       218, 253, 155, 212, 1, 123, 90, 47, 11, 22, 50, 41, 98, 248, 213,
       135, 250, 70, 95, 45, 248, 10, 42, 152, 52, 20, 248, 171, 151,
       129, 28, 58, 64, 246, 183, 158, 154, 107, 85, 12, 254, 142, 121,
       159, 111, 124, 158, 131, 207, 255, 86, 224, 254, 238, 115, 236,
       178, 112, 127, 238, 46, 238, 249, 187, 109, 63, 248, 174, 165,
       148, 253, 248, 224, 121, 95, 99, 230, 164, 34, 6, 59, 112, 173,
       196, 215, 199, 93, 231, 147, 82, 118, 237, 255, 239, 196, 209,
       141, 204, 218, 105, 239, 132, 167, 167, 35, 80, 191, 221, 237, 71,
       218, 55, 159, 254, 82, 226, 252, 143, 121, 125, 151, 33, 31, 222,
       179, 238, 237, 246, 125, 190, 123, 79, 101, 180, 127, 255, 210,
       249, 31, 13, 103, 159, 86, 214, 239, 114, 116, 192, 95, 198, 121,
       222, 183, 228, 126, 239, 23, 207, 229, 153, 61, 238, 54, 47, 174,
       128, 47, 167, 121, 253, 158, 124, 150, 254, 11, 229, 22, 64, 187,
       146, 169, 56, 110, 255, 33, 25, 227, 243, 221, 130, 43, 79, 154,
       251, 179, 243, 78, 59, 178, 115, 47, 19, 140, 61, 19, 219, 222,
       169, 167, 214, 44, 0, 250, 234, 181, 113, 129, 230, 111, 250, 74,
       216, 35, 186, 201, 238, 60, 164, 46, 0, 200, 91, 33, 169, 131,
       142, 2, 155, 53, 177, 186, 207, 31, 75, 80, 247, 236, 238, 190,
       196, 247, 11, 151, 133, 183, 152, 10, 247, 44, 54, 186, 195, 30,
       76, 185, 159, 147, 222, 126, 93, 55, 211, 251, 218, 223, 70, 246,
       167, 72, 206, 183, 109, 119, 173, 191, 164, 164, 149, 37, 223,
       242, 127, 3, 135, 63, 180, 109, 87, 62, 110, 170, 171, 84, 179,
       203, 202, 198, 165, 216, 135, 225, 200, 55, 0, 123, 106, 131, 61,
       142, 162, 76, 191, 104, 5, 141, 57, 245, 223, 93, 196, 81, 111,
       107, 232, 94, 130, 239, 127, 36, 204, 248, 198, 49, 131, 180, 192,
       122, 173, 79, 236, 203, 139, 36, 95, 240, 173, 170, 136, 61, 130,
       96, 249, 30, 86, 230, 141, 35, 114, 89, 26, 125, 78, 94, 183, 207,
       78, 191, 124, 247, 133, 172, 53, 172, 193, 39, 207, 194, 119, 82,
       199, 182, 229, 37, 87, 9, 139, 75, 237, 124, 139, 234, 119, 70, 0,
       222, 230, 177, 137, 176, 96, 110, 174, 62, 153, 207, 187, 39, 221,
       246, 173, 162, 192, 61, 138, 120, 137, 1, 171, 91, 201, 118, 137,
       233, 87, 47, 1, 126, 230, 189, 137, 180, 196, 110, 42, 55, 156,
       147, 184, 71, 213, 14, 253, 50, 192, 125, 138, 225, 169, 9, 163,
       251, 251, 116, 173, 233, 87, 63, 89, 123, 196, 189, 139, 176, 232,
       238, 59, 55, 29, 147, 186, 198, 213, 76, 255, 186, 192, 156, 136,
       227, 185, 250, 143, 98, 152, 223, 208, 188, 239, 151, 116, 212,
       163, 9, 174, 182, 197, 127, 191, 179, 149, 126, 91, 166, 213, 62,
       115, 207, 239, 183, 132, 188, 222, 147, 12, 239, 213, 134, 50,
       237, 103, 116, 195, 90, 214, 17, 42, 183, 239, 111, 231, 63, 141,
       181, 220, 37, 234, 52, 46, 254, 128, 173, 244, 185, 252, 253, 69,
       252, 100, 143, 91, 199, 185, 82, 166, 175, 8, 83, 120, 223, 51,
       17, 196, 236, 106, 248, 99, 237, 10, 251, 239, 101, 53, 227, 123,
       204, 32, 188, 219, 85, 248, 62, 129, 83, 248, 151, 216, 148, 239,
       115, 197, 169, 1, 94, 248, 14, 126, 235, 103, 106, 189, 250, 201,
       165, 252, 61, 187, 80, 241, 77, 58, 222, 253, 232, 44, 124, 19,
       173, 203, 254, 197, 159, 175, 3, 90, 230, 247, 255, 140, 141, 201,
       211, 224, 215, 255, 254, 144, 136, 241, 43, 83, 211, 76, 141, 189,
       44, 190, 108, 62, 191, 122, 194, 82, 247, 126, 17, 251, 229, 231,
       127, 141, 237, 221, 243, 253, 151, 251, 251, 16, 16, 120, 112,
       104, 156, 98, 10, 168, 82, 3, 59, 88, 54, 4, 85, 167, 13, 199,
       163, 80, 126, 185, 135, 230, 160, 151, 36, 94, 244, 197, 171, 169,
       55, 147, 47, 225, 218, 184, 144, 184, 43, 237, 16, 199, 175, 27,
       160, 25, 174, 158, 101, 219, 135, 51, 239, 16, 54, 79, 210, 209,
       155, 209, 26, 123, 152, 68, 47, 31, 172, 84, 125, 101, 36, 111,
       111, 56, 116, 238, 119, 24, 211, 21, 153, 49, 24, 212, 87, 106,
       233, 180, 113, 14, 199, 251, 97, 20, 98, 251, 70, 112, 122, 176,
       18, 248, 173, 237, 80, 71, 175, 27, 176, 25, 174, 219, 100, 220,
       233, 187, 207, 16, 26, 47, 146, 241, 155, 216, 18, 123, 210, 76,
       239, 11, 23, 116, 202, 163, 182, 35, 239, 200, 61, 224, 255, 135,
       223, 106, 159, 48, 123, 197, 127, 239, 141, 182, 221, 202, 188,
       158, 143, 132, 237, 243, 107, 212, 173, 28, 189, 117, 164, 46,
       229, 191, 116, 250, 54, 24, 211, 49, 209, 47, 17, 118, 124, 46,
       241, 244, 121, 42, 77, 139, 117, 4, 202, 249, 192, 33, 237, 188,
       173, 85, 172, 78, 101, 191, 82, 251, 6, 28, 210, 49, 216, 127, 1,
       86, 120, 25, 241, 252, 251, 42, 77, 63, 117, 20, 138, 232, 208,
       121, 50, 13, 194, 204, 85, 195, 226, 75, 29, 5, 248, 11, 42, 248,
       52, 132, 248, 185, 135, 161, 24, 187, 0, 223, 179, 220, 131, 43,
       85, 46, 254, 134, 134, 198, 135, 147, 151, 226, 45, 175, 159, 247,
       66, 179, 204, 102, 40, 205, 241, 71, 171, 149, 114, 221, 11, 246,
       172, 54, 223, 71, 148, 92, 181, 108, 52, 241, 122, 170, 24, 205,
       211, 232, 230, 77, 177, 9, 23, 223, 42, 16, 216, 153, 69, 97, 78,
       43, 90, 17, 251, 197, 33, 125, 121, 11, 78, 202, 158, 221, 113,
       250, 243, 100, 31, 254, 17, 26, 93, 162, 125, 119, 169, 101, 119,
       219, 151, 250, 242, 6, 24, 255, 115, 197, 174, 174, 183, 247, 164,
       187, 130, 175, 30, 180, 205, 135, 190, 103, 141, 180, 92, 3, 172,
       171, 50, 3, 232, 107, 19, 231, 116, 219, 2, 237, 253, 145, 207,
       43, 18, 108, 171, 138, 215, 76, 239, 222, 6, 118, 239, 96, 148,
       194, 199, 146, 81, 230, 183, 111, 118, 229, 57, 238, 225, 199, 60,
       234, 81, 42, 207, 8, 37, 241, 49, 116, 188, 222, 236, 183, 246,
       67, 223, 248, 82, 254, 92, 191, 113, 108, 154, 33, 93, 238, 53,
       167, 252, 242, 109, 63, 109, 39, 237, 165, 165, 254, 214, 211, 39,
       61, 107, 90, 213, 215, 175, 199, 94, 194, 124, 14, 48, 252, 118,
       36, 121, 122, 19, 203, 211, 186, 60, 255, 125, 30, 143, 170, 221,
       123, 247, 246, 117, 179, 25, 42, 248, 13, 87, 249, 43, 232, 185,
       77, 87, 255, 73, 48, 180, 207, 92, 126, 159, 3, 249, 55, 251, 221,
       37, 124, 232, 179, 194, 83, 236, 116, 125, 101, 36, 79, 103, 56,
       113, 170, 247, 104, 211, 23, 137, 51, 24, 212, 93, 106, 105, 246,
       217, 14, 199, 203, 97, 180, 98, 187, 70, 35, 144, 32, 231, 237,
       94, 47, 232, 67, 100, 160, 210, 179, 177, 137, 240, 106, 124, 172,
       127, 172, 128, 247, 197, 200, 214, 232, 171, 0, 37, 168, 117, 160,
       1, 163, 75, 203, 116, 137, 233, 83, 46, 73, 127, 198, 189, 131,
       184, 96, 126, 43, 54, 156, 147, 184, 103, 213, 206, 189, 50, 192,
       124, 138, 227, 233, 65, 184, 191, 27, 169, 237, 49, 134, 238, 91,
       14, 24, 190, 182, 64, 127, 163, 51, 122, 24, 19, 73, 178, 113,
