%YAML:1.0
---
descriptors: !!opencv-matrix
   rows: 331
   cols: 32
   dt: u
   data: [ 111, 99, 76, 101, 40, 11, 78, 170, 41, 160, 166, 136, 219, 66,
       29, 115, 218, 221, 125, 110, 104, 146, 193, 124, 196, 184, 9, 53,
       64, 185, 74, 0, 209, 223, 110, 237, 54, 66, 95, 117, 100, 76, 214,
       167, 115, 111, 178, 113, 126, 244, 61, 238, 232, 179, 37, 13, 243,
       235, 226, 144, 53, 186, 244, 121, 134, 64, 22, 152, 77, 197, 184,
       72, 142, 148, 81, 3, 140, 220, 47, 205, 216, 57, 179, 99, 4, 183,
       18, 208, 21, 16, 203, 171, 21, 45, 61, 134, 92, 103, 160, 165,
       149, 15, 68, 155, 101, 160, 206, 72, 199, 105, 25, 80, 80, 212,
       109, 233, 200, 144, 193, 136, 183, 241, 133, 21, 34, 244, 94, 2,
       109, 227, 132, 39, 139, 6, 38, 184, 83, 186, 161, 199, 195, 32,
       73, 222, 221, 197, 236, 247, 204, 98, 207, 2, 44, 246, 71, 62,
       249, 127, 42, 133, 62, 70, 86, 254, 139, 114, 30, 108, 145, 134,
       249, 163, 79, 254, 45, 221, 255, 249, 135, 226, 108, 135, 0, 204,
       179, 243, 222, 155, 183, 119, 174, 215, 10, 149, 48, 143, 213,
       215, 182, 47, 28, 5, 90, 3, 236, 126, 46, 196, 216, 19, 147, 97,
       86, 152, 81, 221, 47, 118, 138, 67, 22, 14, 189, 78, 39, 201, 99,
       79, 84, 211, 174, 113, 85, 64, 117, 194, 104, 204, 180, 165, 88,
       40, 22, 239, 253, 170, 46, 255, 34, 92, 130, 130, 95, 174, 248,
       180, 139, 166, 236, 85, 238, 24, 253, 59, 123, 242, 20, 250, 153,
       44, 214, 39, 47, 93, 247, 173, 245, 120, 230, 200, 78, 91, 255,
       172, 231, 228, 83, 253, 14, 157, 20, 139, 245, 183, 186, 236, 29,
       5, 95, 2, 204, 126, 46, 228, 223, 27, 155, 243, 54, 152, 105, 255,
       47, 21, 142, 199, 150, 15, 189, 199, 23, 195, 235, 179, 226, 96,
       189, 223, 62, 83, 82, 243, 157, 142, 249, 105, 103, 27, 183, 159,
       147, 216, 47, 240, 76, 11, 254, 196, 181, 213, 177, 253, 23, 143,
       206, 227, 134, 34, 108, 151, 102, 179, 218, 198, 81, 35, 217, 106,
       99, 198, 63, 223, 153, 209, 141, 224, 92, 174, 239, 196, 173, 243,
       241, 32, 151, 16, 207, 252, 84, 162, 232, 81, 116, 137, 211, 118,
       81, 203, 184, 105, 120, 173, 55, 168, 169, 213, 5, 198, 208, 174,
       250, 192, 173, 136, 112, 1, 154, 90, 111, 222, 66, 132, 237, 118,
       181, 70, 86, 199, 57, 167, 177, 69, 110, 243, 191, 204, 225, 157,
       50, 239, 243, 235, 250, 128, 47, 180, 37, 120, 217, 91, 87, 214,
       102, 146, 52, 117, 245, 66, 246, 230, 61, 144, 164, 229, 102, 183,
       190, 200, 229, 191, 36, 205, 50, 106, 118, 130, 47, 180, 169, 61,
       51, 159, 111, 236, 62, 135, 204, 127, 84, 104, 218, 230, 113, 44,
       176, 96, 127, 164, 23, 173, 249, 187, 5, 159, 240, 174, 187, 132,
       61, 168, 240, 25, 144, 195, 62, 254, 28, 192, 149, 117, 213, 72,
       214, 226, 187, 217, 60, 97, 78, 187, 159, 193, 234, 175, 103, 191,
       243, 97, 190, 25, 117, 152, 181, 105, 90, 153, 176, 169, 157, 215,
       144, 47, 15, 237, 158, 11, 142, 190, 102, 196, 200, 183, 191, 17,
       92, 43, 83, 212, 155, 244, 143, 127, 150, 14, 29, 94, 38, 159, 48,
       203, 244, 195, 191, 239, 94, 8, 88, 34, 160, 92, 183, 32, 255, 59,
       23, 241, 246, 184, 108, 255, 110, 20, 175, 194, 149, 26, 181, 187,
       75, 43, 110, 236, 107, 148, 121, 88, 175, 148, 212, 131, 173, 207,
       119, 246, 102, 189, 255, 205, 134, 3, 182, 209, 215, 249, 139,
       173, 22, 166, 63, 224, 94, 171, 238, 253, 77, 212, 233, 152, 239,
       148, 214, 7, 233, 207, 86, 198, 104, 237, 255, 221, 134, 73, 255,
       209, 223, 249, 203, 13, 39, 166, 125, 226, 77, 65, 19, 105, 36,
       204, 105, 16, 126, 72, 98, 64, 215, 147, 241, 253, 80, 12, 62, 94,
       67, 176, 33, 16, 133, 184, 50, 0, 24, 145, 65, 32, 77, 106, 158,
       52, 168, 44, 80, 27, 251, 157, 182, 25, 223, 195, 66, 90, 129,
       228, 108, 28, 12, 69, 131, 0, 218, 251, 117, 73, 224, 160, 202, 3,
       62, 153, 182, 185, 203, 215, 245, 238, 87, 87, 230, 23, 106, 252,
       38, 205, 249, 207, 170, 69, 127, 251, 115, 181, 191, 119, 87, 71,
       219, 92, 236, 222, 118, 99, 72, 229, 180, 11, 108, 170, 61, 160,
       230, 200, 131, 67, 29, 112, 146, 196, 93, 104, 104, 208, 197, 14,
       175, 221, 5, 21, 36, 176, 218, 4, 74, 223, 255, 247, 226, 228, 63,
       183, 177, 79, 78, 181, 125, 247, 43, 95, 39, 119, 181, 138, 240,
       216, 184, 235, 239, 255, 126, 128, 162, 244, 165, 123, 222, 214,
       172, 37, 139, 86, 156, 175, 146, 254, 150, 191, 79, 108, 87, 139,
       173, 215, 237, 167, 236, 207, 235, 170, 184, 227, 239, 151, 33,
       116, 191, 87, 125, 55, 229, 231, 158, 115, 79, 249, 65, 226, 189,
       238, 115, 97, 155, 166, 94, 230, 92, 238, 233, 178, 237, 142, 250,
       239, 229, 180, 111, 254, 218, 117, 248, 88, 127, 252, 62, 192, 87,
       230, 196, 200, 214, 162, 55, 189, 161, 99, 98, 244, 63, 64, 73,
       175, 166, 175, 242, 235, 246, 153, 53, 184, 117, 123, 81, 184,
       159, 187, 170, 237, 49, 151, 190, 27, 130, 48, 188, 242, 64, 122,
       167, 115, 108, 144, 54, 73, 155, 115, 201, 167, 62, 122, 152, 64,
       161, 11, 233, 241, 16, 71, 229, 30, 102, 57, 121, 200, 102, 76,
       250, 112, 12, 244, 144, 76, 112, 106, 229, 176, 241, 47, 39, 255,
       5, 2, 74, 50, 202, 149, 180, 161, 113, 96, 229, 89, 81, 73, 99,
       125, 53, 24, 18, 29, 76, 49, 152, 152, 84, 114, 126, 54, 232, 20,
       91, 216, 1, 127, 99, 138, 214, 227, 63, 113, 232, 74, 238, 18,
       255, 216, 67, 92, 181, 239, 73, 204, 255, 56, 127, 201, 151, 255,
       207, 39, 175, 240, 122, 73, 175, 237, 255, 183, 122, 213, 153,
       210, 235, 248, 38, 130, 109, 85, 84, 75, 215, 246, 89, 203, 184,
       96, 126, 169, 54, 140, 249, 151, 36, 194, 208, 239, 186, 132, 61,
       136, 240, 241, 211, 88, 111, 190, 6, 194, 125, 118, 181, 194, 214,
       163, 53, 159, 177, 97, 98, 224, 31, 205, 233, 143, 54, 239, 242,
       107, 186, 128, 37, 148, 112, 123, 109, 109, 196, 103, 140, 46, 70,
       167, 51, 178, 14, 8, 211, 33, 193, 158, 1, 230, 104, 110, 120,
       248, 201, 42, 238, 239, 85, 52, 170, 251, 218, 8, 52, 45, 22, 168,
       93, 163, 226, 104, 197, 0, 233, 66, 66, 200, 36, 128, 248, 168, 2,
       226, 60, 163, 26, 29, 17, 132, 131, 79, 121, 43, 120, 134, 16, 42,
       94, 240, 40, 137, 88, 83, 162, 28, 176, 169, 23, 143, 96, 27, 166,
       185, 197, 16, 10, 75, 130, 16, 211, 193, 48, 249, 64, 128, 6, 131,
       45, 101, 33, 69, 29, 31, 71, 56, 65, 160, 235, 76, 211, 1, 21,
       180, 88, 196, 64, 110, 201, 178, 121, 14, 39, 172, 129, 52, 75,
       187, 82, 176, 198, 134, 183, 159, 171, 112, 188, 141, 191, 31,
       135, 177, 236, 254, 110, 79, 167, 83, 251, 147, 54, 69, 171, 225,
       143, 54, 94, 139, 130, 87, 165, 119, 169, 241, 120, 200, 221, 221,
       181, 253, 95, 121, 181, 26, 154, 217, 126, 37, 89, 136, 147, 56,
       243, 46, 104, 151, 127, 89, 133, 127, 95, 142, 209, 231, 11, 31,
       2, 188, 17, 134, 46, 119, 149, 64, 202, 199, 169, 234, 51, 192,
       204, 227, 155, 199, 221, 139, 18, 255, 160, 118, 138, 136, 28,
       133, 57, 24, 41, 143, 19, 79, 244, 15, 103, 49, 117, 8, 110, 76,
       242, 97, 16, 244, 216, 110, 70, 110, 201, 184, 121, 47, 167, 253,
       32, 0, 66, 171, 82, 168, 171, 153, 33, 154, 213, 213, 159, 245,
       23, 93, 92, 7, 168, 220, 62, 36, 204, 155, 151, 212, 255, 42, 122,
       189, 235, 89, 158, 235, 27, 28, 180, 255, 39, 110, 243, 228, 102,
       50, 122, 82, 105, 130, 124, 194, 61, 175, 245, 62, 62, 237, 23,
       222, 132, 178, 132, 234, 86, 221, 163, 168, 231, 243, 98, 128, 75,
       77, 7, 158, 1, 150, 110, 54, 180, 194, 202, 198, 249, 226, 179,
       228, 72, 231, 56, 207, 205, 139, 22, 239, 160, 62, 206, 136, 14,
       55, 56, 28, 176, 201, 110, 108, 90, 195, 215, 108, 196, 36, 172,
       171, 99, 204, 54, 17, 106, 177, 195, 227, 76, 43, 54, 29, 115,
       193, 129, 57, 117, 10, 118, 74, 219, 223, 111, 222, 238, 18, 207,
       255, 212, 90, 222, 230, 121, 191, 179, 103, 110, 246, 63, 239,
       225, 11, 47, 255, 120, 43, 238, 140, 63, 250, 240, 121, 195, 28,
