%YAML:1.0
---
descriptors: !!opencv-matrix
   rows: 235
   cols: 32
   dt: u
   data: [ 167, 237, 234, 139, 221, 63, 190, 202, 94, 226, 219, 95, 200,
       232, 191, 160, 249, 205, 250, 247, 245, 183, 221, 234, 62, 30,
       143, 231, 205, 127, 249, 132, 210, 180, 23, 154, 155, 226, 54,
       239, 191, 3, 233, 50, 76, 246, 40, 253, 243, 243, 219, 163, 48,
       79, 154, 255, 185, 182, 94, 255, 145, 80, 167, 159, 170, 178, 185,
       251, 221, 237, 177, 219, 31, 121, 85, 89, 156, 221, 72, 40, 157,
       27, 147, 17, 178, 126, 250, 247, 79, 87, 31, 239, 210, 12, 151,
       243, 90, 157, 17, 249, 179, 232, 49, 167, 63, 21, 72, 177, 189,
       55, 8, 84, 35, 27, 189, 128, 50, 24, 131, 247, 205, 182, 26, 199,
       50, 4, 133, 115, 92, 116, 149, 103, 137, 47, 165, 40, 166, 178,
       171, 76, 247, 113, 73, 139, 17, 84, 104, 42, 65, 240, 219, 8, 205,
       167, 117, 20, 200, 123, 67, 176, 91, 49, 1, 140, 123, 133, 138,
       120, 143, 192, 153, 239, 252, 199, 249, 196, 214, 177, 255, 237,
       201, 3, 218, 221, 144, 84, 139, 190, 30, 166, 49, 48, 40, 159,
       120, 122, 184, 171, 87, 178, 198, 13, 252, 32, 242, 241, 161, 112,
       192, 122, 14, 90, 90, 168, 107, 61, 235, 191, 36, 91, 210, 203,
       68, 43, 9, 177, 145, 185, 211, 173, 33, 159, 30, 57, 92, 116, 188,
       211, 104, 236, 149, 27, 158, 24, 19, 88, 83, 21, 141, 135, 62,
       230, 26, 8, 129, 169, 125, 241, 29, 34, 139, 44, 86, 184, 227,
       124, 173, 77, 95, 115, 74, 146, 132, 197, 237, 126, 223, 35, 219,
       53, 219, 237, 101, 126, 106, 51, 202, 83, 108, 89, 250, 100, 53,
       78, 87, 17, 97, 172, 127, 8, 219, 55, 147, 52, 28, 252, 109, 106,
       200, 176, 241, 10, 227, 253, 36, 16, 226, 186, 70, 33, 163, 128,
       40, 251, 253, 189, 216, 207, 95, 57, 21, 90, 130, 88, 124, 32,
       205, 26, 23, 29, 158, 44, 74, 181, 79, 88, 154, 253, 22, 140, 216,
       132, 242, 92, 214, 172, 41, 70, 86, 104, 177, 134, 250, 3, 111,
       250, 35, 87, 216, 245, 236, 99, 108, 231, 144, 170, 177, 242, 71,
       19, 32, 127, 46, 14, 177, 67, 66, 204, 166, 2, 228, 127, 85, 66,
       242, 246, 19, 9, 176, 101, 126, 132, 14, 172, 249, 191, 5, 140,
       176, 232, 242, 128, 127, 184, 240, 137, 142, 89, 144, 155, 229,
       245, 176, 204, 31, 23, 80, 19, 172, 220, 111, 137, 221, 27, 147,
       83, 6, 116, 90, 240, 7, 17, 222, 39, 150, 92, 61, 159, 71, 242,
       173, 247, 172, 45, 73, 159, 186, 251, 131, 93, 214, 238, 89, 59,
       133, 79, 125, 29, 187, 69, 251, 32, 201, 155, 255, 244, 136, 120,
       147, 113, 109, 109, 153, 237, 184, 47, 79, 24, 18, 170, 37, 8,
       215, 51, 65, 57, 145, 124, 104, 106, 41, 112, 249, 62, 229, 223,
       5, 52, 210, 251, 66, 32, 64, 140, 159, 191, 32, 172, 113, 39, 188,
       27, 106, 17, 246, 179, 32, 82, 161, 39, 105, 12, 48, 169, 19, 103,
       201, 182, 114, 64, 200, 64, 161, 26, 234, 35, 99, 204, 125, 83,
       239, 97, 41, 12, 253, 171, 9, 207, 182, 84, 126, 169, 135, 169,
       200, 50, 100, 221, 118, 153, 170, 169, 119, 166, 102, 240, 204,
       125, 159, 245, 164, 14, 101, 183, 184, 170, 34, 12, 247, 163, 65,
       83, 133, 118, 104, 92, 105, 252, 209, 10, 237, 131, 69, 16, 136,
       120, 195, 58, 160, 104, 201, 209, 245, 203, 112, 71, 31, 165, 116,
       25, 162, 159, 71, 24, 201, 184, 3, 16, 106, 254, 81, 144, 79, 150,
       148, 115, 208, 24, 212, 202, 77, 134, 173, 243, 172, 46, 205, 159,
       30, 255, 31, 84, 215, 55, 88, 107, 197, 86, 125, 28, 185, 80, 251,
       34, 205, 255, 255, 244, 136, 121, 209, 113, 60, 141, 11, 190, 84,
       199, 231, 226, 148, 4, 220, 2, 117, 249, 48, 64, 248, 170, 2, 171,
       8, 187, 56, 191, 249, 231, 171, 65, 49, 10, 116, 234, 16, 13, 75,
       239, 20, 134, 207, 114, 180, 64, 254, 2, 115, 227, 48, 64, 120,
       238, 31, 236, 9, 185, 49, 239, 249, 175, 170, 64, 61, 170, 112,
       56, 34, 168, 98, 248, 125, 197, 250, 198, 95, 7, 248, 11, 42, 217,
       60, 144, 217, 171, 151, 145, 14, 182, 210, 251, 55, 94, 146, 43,
       215, 14, 254, 130, 80, 189, 63, 252, 147, 204, 53, 119, 172, 5,
       234, 0, 60, 147, 32, 83, 162, 63, 121, 0, 82, 201, 146, 109, 241,
       163, 82, 74, 0, 0, 167, 43, 124, 133, 105, 237, 221, 23, 78, 249,
       22, 160, 249, 11, 83, 237, 113, 192, 121, 204, 31, 238, 106, 51,
       89, 159, 251, 237, 167, 60, 123, 171, 112, 178, 234, 157, 47, 156,
       107, 212, 189, 103, 185, 94, 212, 183, 44, 190, 54, 83, 236, 183,
       247, 133, 244, 79, 162, 207, 119, 51, 250, 139, 5, 68, 183, 223,
       125, 87, 197, 101, 182, 26, 110, 184, 97, 224, 251, 230, 219, 99,
       153, 242, 126, 196, 60, 238, 201, 144, 109, 12, 238, 239, 165,
       132, 47, 243, 112, 17, 63, 106, 234, 45, 244, 155, 239, 202, 86,
       230, 216, 143, 3, 200, 247, 0, 95, 232, 135, 71, 206, 183, 140,
       154, 112, 5, 173, 173, 117, 255, 122, 204, 252, 189, 188, 246,
       137, 102, 95, 184, 19, 246, 175, 13, 115, 255, 67, 123, 149, 247,
       249, 194, 57, 75, 251, 43, 251, 239, 69, 61, 169, 243, 46, 82, 27,
       137, 232, 169, 51, 219, 154, 162, 14, 97, 30, 131, 157, 44, 19,
       160, 166, 121, 157, 93, 214, 169, 53, 189, 235, 205, 47, 213, 247,
       173, 25, 204, 234, 48, 184, 252, 77, 125, 208, 66, 91, 99, 164,
       25, 190, 159, 68, 56, 217, 189, 51, 17, 42, 110, 242, 210, 87,
       223, 218, 59, 210, 8, 82, 218, 197, 23, 211, 101, 162, 106, 119,
       48, 120, 233, 115, 244, 223, 55, 136, 122, 54, 85, 108, 58, 177,
       240, 129, 74, 236, 174, 102, 196, 236, 243, 163, 49, 139, 149, 19,
       220, 177, 220, 116, 55, 253, 67, 108, 80, 174, 247, 32, 244, 130,
       58, 218, 8, 115, 168, 50, 231, 163, 254, 18, 74, 90, 4, 139, 175,
       173, 86, 229, 247, 172, 43, 237, 152, 86, 254, 179, 244, 211, 101,
       217, 107, 77, 100, 126, 46, 233, 244, 109, 10, 196, 139, 247, 148,
       204, 249, 84, 240, 84, 19, 126, 228, 54, 90, 123, 89, 109, 76,
       215, 166, 95, 198, 171, 98, 118, 213, 255, 238, 136, 145, 165,
       204, 209, 237, 170, 133, 36, 163, 37, 115, 71, 201, 214, 222, 74,
       144, 104, 168, 175, 16, 71, 130, 248, 194, 189, 231, 118, 97, 58,
       222, 67, 65, 191, 241, 12, 58, 203, 76, 28, 163, 41, 44, 50, 12,
       226, 202, 85, 209, 250, 68, 95, 133, 248, 10, 40, 216, 52, 128,
       249, 187, 147, 129, 10, 187, 16, 255, 51, 28, 131, 107, 85, 10,
       246, 138, 153, 14, 122, 245, 114, 186, 239, 114, 124, 2, 114, 246,
       89, 226, 176, 96, 119, 173, 54, 142, 229, 156, 37, 206, 118, 175,
       186, 128, 45, 224, 33, 161, 100, 180, 153, 224, 221, 109, 80, 11,
       11, 121, 169, 24, 158, 63, 76, 58, 201, 147, 234, 16, 31, 106,
       219, 208, 143, 223, 17, 127, 208, 73, 206, 2, 131, 152, 57, 251,
       124, 245, 185, 218, 31, 89, 84, 114, 188, 223, 188, 108, 221, 27,
       55, 153, 179, 158, 107, 247, 207, 223, 186, 238, 154, 8, 49, 251,
       138, 62, 170, 188, 207, 244, 189, 103, 185, 86, 84, 151, 172, 190,
       54, 203, 237, 59, 179, 129, 244, 94, 178, 195, 119, 115, 222, 139,
       7, 84, 191, 219, 156, 253, 171, 187, 205, 61, 183, 254, 126, 166,
       251, 31, 251, 252, 120, 33, 121, 219, 219, 227, 118, 247, 249,
       255, 255, 71, 199, 117, 229, 123, 245, 194, 9, 185, 16, 249, 155,
       189, 48, 159, 30, 57, 92, 96, 188, 147, 96, 236, 7, 27, 162, 16,
       19, 24, 115, 149, 141, 215, 58, 102, 26, 8, 137, 169, 113, 202,
       130, 140, 125, 133, 202, 108, 220, 9, 208, 66, 163, 232, 180, 228,
       216, 104, 50, 77, 155, 163, 130, 175, 176, 252, 138, 72, 29, 9,
       122, 132, 10, 30, 225, 191, 38, 251, 188, 19, 28, 235, 94, 247,
       173, 45, 145, 140, 127, 59, 151, 133, 161, 188, 69, 206, 132, 87,
       122, 130, 255, 252, 29, 249, 125, 208, 81, 205, 231, 6, 111, 189,
       113, 74, 99, 70, 91, 115, 184, 244, 118, 204, 54, 238, 217, 158,
       249, 223, 55, 238, 228, 68, 63, 166, 224, 117, 92, 61, 19, 186,
       25, 253, 83, 104, 171, 156, 169, 8, 110, 223, 33, 149, 160, 179,
       205, 66, 10, 35, 154, 253, 219, 209, 3, 59, 82, 39, 7, 51, 56,
