%YAML:1.0
---
descriptors: !!opencv-matrix
   rows: 278
   cols: 32
   dt: u
   data: [ 95, 221, 158, 156, 251, 246, 158, 246, 159, 234, 158, 167,
       124, 254, 39, 224, 247, 119, 191, 199, 229, 203, 59, 254, 249,
       119, 207, 146, 142, 117, 169, 87, 143, 221, 255, 220, 251, 243,
       191, 230, 222, 202, 222, 162, 188, 254, 183, 231, 231, 115, 187,
       203, 229, 79, 62, 255, 127, 127, 223, 139, 158, 117, 169, 255,
       245, 97, 233, 66, 204, 71, 71, 216, 66, 246, 181, 10, 83, 81, 217,
       59, 89, 196, 124, 122, 233, 103, 255, 48, 249, 137, 229, 60, 245,
       251, 86, 224, 61, 180, 237, 203, 236, 55, 203, 152, 66, 251, 189,
       222, 211, 117, 219, 42, 93, 200, 95, 254, 155, 102, 255, 16, 79,
       205, 225, 252, 255, 235, 82, 240, 138, 172, 138, 185, 177, 180,
       184, 135, 30, 27, 74, 21, 172, 234, 118, 200, 193, 43, 179, 149,
       54, 220, 83, 247, 141, 87, 158, 203, 152, 68, 185, 158, 60, 28,
       127, 254, 98, 231, 85, 122, 21, 94, 125, 43, 119, 127, 33, 25,
       217, 187, 23, 34, 40, 242, 122, 29, 215, 203, 241, 35, 49, 249,
       38, 242, 18, 143, 99, 175, 146, 227, 111, 255, 36, 141, 218, 227,
       97, 231, 176, 64, 126, 239, 31, 238, 88, 153, 45, 255, 248, 38,
       175, 197, 165, 242, 180, 105, 45, 205, 145, 222, 221, 103, 239,
       236, 222, 226, 185, 10, 240, 232, 121, 163, 121, 194, 66, 235, 33,
       107, 122, 255, 61, 6, 207, 60, 149, 123, 241, 168, 189, 74, 101,
       79, 12, 91, 206, 184, 68, 226, 243, 194, 83, 108, 157, 235, 126,
       212, 124, 235, 237, 181, 109, 44, 176, 235, 231, 148, 125, 251,
       80, 36, 134, 250, 246, 155, 171, 208, 184, 200, 191, 87, 81, 183,
       140, 222, 111, 207, 239, 89, 187, 211, 6, 68, 142, 241, 142, 112,
       219, 239, 150, 21, 45, 215, 5, 241, 27, 226, 242, 143, 191, 245,
       174, 57, 59, 106, 84, 223, 108, 0, 190, 29, 87, 113, 211, 185,
       136, 84, 61, 8, 47, 230, 73, 2, 131, 163, 152, 241, 203, 161, 146,
       66, 173, 245, 54, 225, 66, 178, 85, 231, 72, 64, 127, 93, 145,
       177, 113, 216, 149, 70, 249, 199, 191, 196, 173, 144, 181, 176,
       183, 237, 245, 206, 245, 46, 207, 232, 91, 162, 251, 26, 122, 120,
       29, 36, 251, 247, 119, 235, 233, 243, 121, 254, 59, 62, 143, 144,
       69, 127, 242, 38, 207, 248, 175, 255, 237, 156, 109, 188, 255,
       218, 103, 84, 249, 255, 93, 123, 197, 123, 127, 202, 227, 84, 251,
       243, 79, 219, 223, 40, 130, 117, 226, 186, 104, 253, 63, 118, 161,
       201, 87, 167, 235, 182, 46, 8, 254, 245, 76, 51, 131, 114, 104,
       98, 107, 105, 186, 61, 235, 219, 69, 63, 66, 112, 199, 106, 252,
       41, 122, 101, 20, 207, 83, 81, 97, 140, 231, 8, 83, 81, 1, 48, 56,
       188, 68, 120, 24, 177, 184, 12, 251, 233, 33, 81, 97, 170, 70, 34,
       136, 221, 118, 123, 215, 252, 246, 231, 223, 19, 122, 18, 186,
       248, 36, 97, 235, 122, 34, 80, 242, 188, 51, 255, 111, 251, 22,
       67, 211, 88, 229, 175, 142, 112, 180, 186, 235, 209, 184, 204,
       159, 31, 144, 179, 140, 222, 239, 139, 231, 25, 223, 209, 6, 71,
       138, 208, 154, 81, 223, 239, 150, 149, 47, 215, 2, 145, 150, 159,
       203, 192, 176, 71, 175, 21, 66, 51, 236, 254, 46, 202, 227, 59,
       171, 145, 22, 201, 131, 241, 143, 54, 218, 75, 144, 4, 173, 207,
       6, 144, 182, 155, 235, 241, 176, 200, 159, 31, 17, 51, 204, 254,
       46, 207, 231, 19, 191, 145, 22, 65, 11, 245, 143, 82, 90, 207,
       146, 77, 45, 215, 200, 249, 181, 235, 59, 204, 51, 140, 174, 29,
       130, 48, 253, 247, 72, 114, 162, 119, 121, 80, 82, 13, 187, 51,
       237, 229, 47, 94, 128, 18, 133, 123, 229, 252, 149, 97, 201, 109,
       117, 143, 106, 251, 32, 24, 150, 21, 65, 59, 129, 92, 104, 58,
       115, 124, 251, 16, 173, 152, 85, 126, 192, 120, 199, 34, 36, 168,
       185, 107, 189, 237, 67, 138, 78, 49, 41, 8, 182, 85, 73, 56, 153,
       90, 98, 90, 27, 32, 251, 49, 205, 156, 1, 126, 208, 91, 70, 226,
       109, 249, 145, 83, 229, 205, 119, 199, 123, 251, 40, 8, 158, 53,
       64, 188, 129, 94, 98, 90, 65, 120, 248, 50, 61, 158, 21, 118, 202,
       90, 199, 171, 92, 233, 121, 106, 250, 201, 87, 184, 38, 4, 109,
       40, 119, 215, 8, 80, 50, 144, 77, 106, 90, 6, 42, 55, 241, 165,
       33, 108, 48, 131, 166, 99, 12, 148, 149, 253, 170, 111, 189, 27,
       174, 59, 27, 100, 220, 119, 8, 75, 199, 23, 127, 1, 1, 192, 91,
       209, 197, 182, 123, 132, 152, 114, 133, 179, 194, 145, 158, 154,
       11, 192, 176, 9, 175, 29, 129, 49, 236, 222, 110, 66, 230, 19,
       235, 145, 22, 13, 155, 211, 157, 52, 90, 79, 144, 6, 173, 215, 88,
       173, 61, 120, 155, 201, 87, 167, 171, 149, 44, 8, 62, 183, 64, 48,
       163, 243, 237, 80, 82, 73, 178, 125, 235, 215, 20, 123, 114, 0,
       135, 106, 252, 73, 150, 254, 13, 214, 214, 96, 197, 132, 227, 11,
       74, 249, 36, 215, 232, 228, 235, 194, 76, 227, 146, 224, 243, 241,
       198, 27, 19, 63, 126, 2, 207, 120, 191, 255, 109, 157, 253, 220,
       255, 218, 164, 16, 252, 255, 93, 123, 197, 121, 123, 78, 227, 101,
       250, 243, 199, 219, 223, 56, 18, 113, 99, 98, 204, 173, 190, 251,
       237, 204, 117, 167, 239, 25, 46, 24, 254, 251, 100, 123, 129, 119,
       123, 80, 114, 105, 219, 241, 239, 251, 87, 123, 210, 88, 197, 42,
       25, 189, 27, 255, 150, 197, 167, 254, 118, 73, 72, 64, 181, 247,
       32, 96, 125, 123, 18, 200, 243, 184, 59, 63, 237, 175, 62, 0, 120,
       64, 161, 187, 200, 188, 190, 249, 233, 236, 52, 199, 191, 31, 164,
       16, 172, 187, 64, 91, 161, 51, 235, 16, 50, 77, 146, 243, 207,
       247, 94, 123, 130, 64, 167, 171, 232, 100, 186, 246, 49, 205, 85,
       7, 187, 175, 38, 24, 175, 159, 66, 27, 128, 63, 221, 16, 104, 221,
       144, 138, 243, 209, 22, 51, 66, 16, 135, 11, 21, 141, 106, 239,
       150, 179, 238, 253, 84, 192, 123, 198, 113, 104, 188, 96, 126,
       238, 22, 239, 157, 184, 13, 255, 124, 173, 175, 192, 253, 250,
       248, 156, 229, 76, 71, 79, 108, 31, 238, 180, 101, 106, 243, 206,
       211, 8, 157, 231, 110, 196, 126, 238, 253, 190, 109, 238, 52, 58,
       224, 128, 111, 187, 248, 148, 252, 112, 253, 102, 11, 110, 87,
       152, 115, 162, 167, 8, 87, 247, 73, 122, 51, 212, 124, 106, 41,
       119, 185, 10, 211, 235, 69, 53, 226, 243, 70, 34, 4, 164, 149,
       145, 141, 47, 160, 75, 86, 51, 139, 90, 196, 224, 72, 206, 217,
       14, 106, 24, 18, 240, 203, 17, 13, 6, 159, 116, 144, 74, 145, 128,
       134, 72, 166, 155, 173, 208, 188, 200, 159, 87, 208, 147, 140,
       206, 119, 207, 207, 121, 187, 211, 70, 69, 159, 240, 141, 112,
       223, 239, 150, 53, 61, 214, 199, 123, 166, 150, 239, 149, 188, 69,
       139, 254, 145, 143, 204, 238, 119, 143, 206, 109, 255, 199, 196,
       67, 202, 192, 55, 88, 207, 187, 22, 126, 155, 215, 32, 233, 57,
       250, 125, 205, 83, 142, 222, 25, 176, 8, 182, 159, 64, 48, 137,
       122, 83, 64, 2, 42, 106, 51, 239, 221, 20, 121, 80, 25, 70, 170,
       0, 167, 185, 249, 252, 141, 37, 191, 94, 61, 56, 56, 182, 49, 200,
       32, 135, 26, 38, 8, 18, 120, 107, 55, 205, 156, 52, 124, 208, 136,
       133, 233, 53, 207, 75, 79, 148, 83, 238, 252, 116, 224, 251, 66,
       115, 108, 189, 224, 122, 238, 22, 238, 217, 176, 109, 45, 62, 173,
       167, 196, 125, 251, 248, 164, 248, 73, 118, 108, 13, 94, 86, 48,
       229, 136, 166, 8, 123, 115, 33, 243, 224, 244, 236, 106, 108, 131,
       49, 140, 243, 235, 64, 17, 50, 187, 124, 42, 8, 169, 24, 122, 120,
       197, 179, 199, 182, 13, 108, 0, 191, 215, 96, 16, 137, 59, 131,
       16, 18, 42, 10, 53, 237, 197, 54, 105, 80, 0, 167, 235, 118, 176,
       184, 186, 201, 221, 16, 207, 139, 53, 165, 57, 174, 221, 74, 26,
       137, 211, 233, 17, 30, 107, 218, 177, 219, 81, 21, 127, 210, 14,
       158, 86, 122, 198, 240, 158, 255, 217, 180, 239, 219, 55, 60, 187,
       110, 188, 46, 134, 183, 87, 223, 33, 246, 105, 140, 215, 62, 87,
       29, 247, 247, 92, 159, 207, 221, 84, 119, 102, 8, 78, 79, 176,
       160, 218, 163, 92, 83, 119, 137, 123, 36, 212, 125, 234, 233, 197,
