%YAML:1.0
---
descriptors: !!opencv-matrix
   rows: 236
   cols: 32
   dt: u
   data: [ 37, 185, 148, 81, 237, 29, 196, 142, 123, 249, 32, 76, 138,
       248, 87, 190, 137, 77, 226, 84, 151, 122, 254, 240, 15, 94, 85,
       126, 203, 61, 202, 132, 203, 82, 229, 69, 98, 30, 109, 53, 105,
       234, 22, 230, 121, 14, 151, 255, 38, 245, 253, 238, 225, 212, 165,
       200, 38, 122, 236, 130, 46, 180, 9, 125, 94, 29, 142, 190, 155,
       224, 26, 66, 164, 132, 202, 135, 233, 239, 35, 82, 232, 247, 233,
       209, 12, 139, 146, 104, 209, 229, 142, 11, 169, 119, 44, 90, 56,
       167, 112, 97, 117, 203, 243, 216, 83, 229, 252, 43, 11, 13, 86,
       16, 191, 220, 199, 113, 142, 186, 205, 158, 63, 220, 5, 119, 103,
       142, 86, 215, 215, 83, 238, 4, 226, 18, 254, 113, 169, 230, 150,
       239, 73, 14, 215, 247, 54, 197, 253, 239, 205, 213, 165, 200, 54,
       56, 239, 135, 47, 246, 123, 93, 10, 180, 169, 187, 85, 239, 177,
       207, 31, 101, 93, 27, 172, 253, 122, 0, 217, 27, 147, 17, 178, 60,
       122, 247, 207, 87, 27, 111, 215, 76, 149, 250, 63, 175, 96, 104,
       157, 191, 90, 250, 67, 232, 188, 77, 11, 40, 215, 180, 217, 232,
       220, 127, 158, 43, 93, 159, 250, 221, 129, 127, 255, 175, 90, 4,
       105, 53, 225, 101, 37, 95, 92, 55, 65, 232, 190, 232, 171, 61,
       150, 55, 158, 214, 221, 110, 221, 248, 229, 136, 231, 217, 101,
       178, 111, 252, 82, 127, 185, 78, 110, 237, 86, 147, 234, 114, 85,
       64, 246, 70, 113, 11, 182, 97, 120, 172, 22, 168, 233, 190, 37,
       143, 118, 239, 226, 128, 127, 168, 120, 136, 61, 30, 111, 238,
       118, 162, 107, 112, 101, 200, 95, 230, 123, 99, 177, 96, 126, 168,
       23, 174, 137, 146, 44, 143, 210, 239, 171, 128, 191, 171, 112,
       113, 82, 107, 58, 172, 31, 193, 147, 64, 207, 196, 144, 43, 44,
       216, 55, 0, 238, 249, 203, 195, 4, 35, 134, 253, 240, 16, 11, 59,
       85, 31, 47, 207, 82, 249, 155, 234, 11, 205, 17, 69, 171, 5, 172,
       8, 190, 151, 96, 50, 162, 179, 220, 80, 30, 11, 178, 241, 155,
       213, 30, 123, 64, 18, 167, 47, 46, 52, 208, 210, 237, 237, 113,
       74, 155, 191, 125, 27, 12, 255, 109, 156, 201, 155, 163, 16, 18,
       122, 218, 210, 95, 220, 21, 111, 211, 77, 70, 162, 83, 18, 216,
       165, 44, 120, 120, 26, 233, 251, 182, 247, 143, 186, 215, 94, 226,
       165, 238, 133, 133, 101, 247, 192, 150, 241, 250, 159, 140, 100,
       41, 95, 92, 193, 149, 231, 172, 78, 199, 157, 230, 169, 171, 64,
       215, 113, 72, 74, 1, 70, 108, 88, 25, 248, 217, 34, 205, 254, 117,
       84, 192, 123, 193, 34, 101, 172, 216, 100, 80, 7, 75, 152, 115,
       160, 172, 8, 19, 243, 65, 48, 25, 204, 16, 248, 43, 86, 248, 10,
       255, 141, 133, 60, 171, 163, 66, 160, 40, 179, 120, 98, 116, 141,
       123, 113, 105, 172, 125, 8, 27, 151, 194, 16, 156, 184, 70, 120,
       218, 58, 240, 31, 127, 221, 33, 120, 66, 138, 78, 163, 138, 141,
       51, 222, 219, 208, 188, 103, 189, 73, 252, 160, 172, 182, 38, 229,
       230, 51, 138, 128, 119, 11, 38, 255, 55, 54, 30, 203, 18, 4, 173,
       159, 52, 195, 105, 77, 92, 7, 195, 248, 71, 36, 189, 14, 83, 73,
       29, 36, 88, 204, 6, 110, 202, 50, 125, 157, 119, 205, 129, 52,
       119, 187, 84, 224, 246, 68, 150, 166, 141, 102, 86, 232, 185, 130,
       179, 11, 71, 250, 45, 91, 248, 245, 236, 99, 108, 231, 24, 138,
       177, 242, 207, 23, 33, 123, 126, 6, 108, 112, 149, 103, 12, 111,
       165, 24, 238, 179, 171, 68, 243, 113, 73, 10, 137, 102, 104, 10,
       1, 224, 219, 40, 205, 170, 117, 16, 200, 123, 65, 186, 108, 77,
       189, 118, 136, 111, 71, 189, 117, 190, 167, 8, 215, 113, 73, 123,
       129, 198, 108, 42, 104, 68, 251, 32, 245, 138, 117, 20, 176, 121,
       196, 34, 88, 190, 190, 181, 34, 174, 25, 55, 188, 175, 182, 189,
       255, 63, 2, 27, 167, 55, 253, 5, 168, 237, 3, 15, 200, 231, 123,
       209, 72, 128, 7, 91, 65, 184, 151, 89, 170, 236, 33, 23, 238, 91,
       98, 80, 182, 147, 192, 122, 33, 54, 104, 24, 19, 252, 183, 115,
       13, 174, 50, 64, 200, 192, 65, 41, 6, 172, 132, 159, 223, 131,
       190, 232, 159, 151, 203, 131, 228, 234, 127, 79, 243, 111, 123,
       151, 118, 75, 207, 253, 188, 54, 223, 111, 156, 126, 49, 206, 232,
       63, 188, 252, 236, 13, 85, 159, 147, 190, 52, 61, 182, 183, 195,
       91, 135, 254, 111, 40, 112, 74, 235, 26, 255, 155, 117, 189, 178,
       248, 134, 123, 126, 164, 103, 231, 54, 106, 79, 56, 33, 230, 255,
       142, 91, 111, 30, 83, 126, 196, 125, 230, 168, 243, 233, 143, 178,
       253, 193, 214, 103, 163, 118, 116, 240, 207, 59, 229, 52, 78, 127,
       119, 45, 40, 250, 72, 63, 55, 4, 80, 224, 245, 77, 104, 72, 185,
       33, 111, 247, 237, 32, 0, 96, 176, 231, 43, 120, 141, 46, 254,
       157, 220, 94, 103, 173, 4, 238, 0, 171, 239, 50, 81, 200, 163,
       219, 225, 126, 171, 115, 173, 243, 249, 130, 27, 18, 14, 244, 74,
       61, 198, 98, 11, 84, 23, 202, 248, 85, 4, 253, 198, 65, 72, 190,
       132, 124, 136, 6, 239, 204, 183, 77, 159, 50, 76, 163, 205, 119,
       175, 122, 132, 189, 65, 64, 75, 92, 23, 202, 248, 85, 160, 245,
       70, 83, 64, 189, 180, 88, 136, 22, 254, 205, 182, 93, 158, 62,
       204, 161, 108, 127, 171, 122, 132, 65, 121, 191, 53, 160, 206,
       117, 55, 236, 234, 110, 8, 182, 188, 19, 59, 128, 39, 120, 13,
       197, 248, 241, 12, 231, 255, 116, 2, 72, 112, 67, 106, 0, 140,
       159, 189, 16, 174, 120, 39, 188, 23, 98, 21, 183, 35, 32, 74, 133,
       35, 104, 20, 50, 189, 19, 119, 205, 182, 82, 64, 200, 0, 129, 26,
       1, 144, 189, 125, 28, 30, 209, 59, 126, 241, 230, 64, 179, 61, 20,
       107, 148, 52, 104, 44, 161, 252, 119, 29, 207, 191, 81, 20, 72,
       168, 64, 120, 134, 173, 22, 155, 205, 213, 190, 232, 158, 28, 248,
       1, 236, 254, 47, 196, 201, 123, 203, 195, 70, 3, 90, 247, 45, 54,
       143, 107, 16, 119, 47, 198, 76, 36, 158, 148, 205, 124, 112, 3,
       185, 151, 167, 19, 206, 251, 67, 90, 233, 245, 235, 145, 28, 99,
       155, 192, 223, 243, 199, 95, 130, 109, 191, 66, 204, 127, 159,
       245, 164, 14, 101, 55, 184, 174, 42, 92, 247, 35, 65, 91, 133,
       118, 104, 120, 105, 252, 209, 10, 237, 179, 101, 16, 136, 248,
       199, 56, 17, 153, 63, 126, 131, 204, 53, 119, 172, 89, 110, 0,
       190, 183, 32, 112, 166, 59, 91, 8, 18, 153, 50, 125, 211, 191, 82,
       66, 64, 2, 167, 107, 6, 253, 48, 154, 221, 221, 182, 236, 158, 63,
       72, 9, 172, 250, 111, 196, 201, 123, 171, 83, 102, 75, 218, 247,
       61, 20, 31, 127, 146, 95, 157, 207, 21, 223, 67, 79, 118, 10, 107,
       184, 116, 232, 122, 230, 113, 115, 184, 244, 126, 236, 22, 238,
       201, 184, 109, 95, 44, 174, 167, 132, 109, 170, 96, 57, 237, 109,
       153, 109, 152, 47, 79, 154, 82, 170, 45, 72, 215, 51, 65, 57, 145,
       124, 124, 110, 40, 116, 217, 58, 229, 223, 37, 52, 208, 251, 194,
       32, 115, 121, 178, 238, 41, 28, 86, 232, 235, 140, 184, 12, 238,
       218, 111, 118, 212, 229, 252, 98, 204, 3, 250, 233, 179, 249, 11,
       191, 18, 55, 43, 79, 123, 125, 240, 70, 181, 253, 210, 198, 107,
       225, 168, 108, 170, 248, 199, 180, 163, 227, 204, 16, 143, 40,
       240, 191, 186, 221, 4, 59, 203, 94, 74, 30, 222, 94, 242, 68, 163,
       18, 190, 242, 185, 238, 154, 231, 104, 190, 183, 182, 183, 245,
       245, 231, 229, 221, 172, 238, 58, 126, 77, 131, 175, 245, 47, 125,
       242, 106, 42, 188, 106, 129, 154, 66, 140, 140, 208, 171, 172,
       136, 55, 64, 238, 241, 203, 195, 68, 39, 2, 254, 240, 49, 138,
       187, 85, 61, 47, 207, 55, 78, 74, 158, 86, 179, 110, 98, 215, 68,
       254, 167, 105, 234, 183, 96, 127, 234, 142, 166, 238, 139, 44,
       255, 114, 47, 131, 129, 191, 255, 120, 84, 216, 125, 159, 183, 34,
       106, 55, 166, 176, 226, 170, 32, 255, 183, 65, 114, 34, 119, 108,
       98, 97, 205, 129, 42, 248, 231, 103, 19, 32, 115, 39, 43, 218, 60,
       27, 242, 49, 236, 49, 66, 187, 30, 39, 24, 190, 223, 96, 27, 167,
       59, 221, 16, 34, 109, 146, 247, 211, 241, 18, 107, 130, 1, 7, 35,
