%YAML:1.0
---
descriptors: !!opencv-matrix
   rows: 279
   cols: 32
   dt: u
   data: [ 248, 177, 249, 70, 108, 93, 197, 113, 193, 188, 189, 40, 83,
       245, 196, 55, 8, 246, 100, 106, 72, 99, 234, 0, 113, 136, 101, 56,
       99, 250, 198, 227, 124, 97, 89, 98, 153, 205, 83, 204, 135, 160,
       173, 8, 27, 159, 73, 48, 216, 209, 217, 210, 74, 35, 88, 16, 251,
       205, 5, 127, 115, 27, 66, 34, 120, 37, 249, 102, 29, 109, 87, 58,
       1, 226, 172, 8, 115, 127, 65, 18, 24, 254, 85, 42, 40, 34, 248,
       46, 243, 237, 165, 57, 97, 251, 70, 170, 49, 64, 123, 75, 84, 255,
       227, 80, 119, 32, 246, 10, 115, 89, 149, 116, 120, 156, 102, 106,
       139, 176, 117, 29, 87, 174, 128, 64, 99, 139, 84, 160, 77, 96, 24,
       105, 96, 30, 119, 186, 105, 12, 124, 8, 223, 19, 139, 48, 178, 76,
       76, 106, 64, 176, 161, 46, 230, 253, 32, 5, 74, 177, 75, 9, 100,
       244, 25, 231, 57, 79, 71, 185, 35, 224, 165, 8, 215, 83, 9, 48,
       152, 148, 92, 106, 73, 86, 217, 62, 229, 221, 1, 52, 64, 163, 70,
       34, 84, 80, 220, 250, 138, 97, 17, 136, 150, 55, 165, 59, 215,
       215, 75, 90, 203, 213, 109, 146, 58, 71, 219, 50, 219, 135, 91,
       127, 177, 51, 39, 2, 44, 116, 57, 97, 116, 79, 115, 184, 61, 232,
       111, 8, 215, 87, 9, 48, 144, 220, 85, 106, 41, 176, 89, 12, 199,
       217, 33, 20, 72, 171, 70, 178, 34, 142, 18, 170, 21, 167, 178,
       194, 31, 5, 89, 3, 228, 202, 42, 192, 217, 43, 130, 17, 54, 152,
       8, 255, 169, 214, 154, 67, 146, 78, 57, 142, 45, 39, 67, 77, 87,
       59, 230, 80, 113, 225, 121, 198, 11, 33, 156, 244, 120, 204, 6,
       238, 129, 178, 125, 206, 54, 44, 128, 4, 239, 239, 114, 164, 55,
       119, 106, 14, 86, 147, 154, 232, 70, 224, 249, 239, 99, 200, 183,
       160, 218, 232, 22, 117, 142, 179, 12, 159, 58, 77, 173, 191, 125,
       126, 90, 133, 171, 159, 49, 203, 245, 213, 191, 255, 31, 93, 92,
       103, 188, 61, 182, 165, 220, 27, 151, 253, 247, 58, 104, 253, 110,
       217, 190, 234, 95, 140, 253, 253, 220, 83, 76, 35, 144, 26, 86,
       136, 116, 20, 195, 165, 211, 74, 139, 89, 114, 197, 236, 242, 44,
       208, 253, 60, 250, 227, 231, 149, 172, 51, 9, 66, 125, 245, 97,
       231, 86, 27, 79, 188, 81, 234, 191, 238, 115, 49, 154, 180, 127,
       228, 212, 239, 237, 250, 237, 174, 190, 239, 165, 180, 111, 255,
       90, 117, 63, 243, 98, 74, 237, 20, 222, 216, 67, 92, 244, 175, 74,
       204, 255, 124, 126, 200, 151, 255, 206, 35, 174, 240, 122, 89,
       173, 255, 247, 255, 246, 215, 150, 28, 174, 151, 11, 114, 189, 42,
       189, 214, 135, 151, 76, 126, 55, 79, 231, 245, 251, 163, 36, 197,
       59, 202, 131, 50, 219, 151, 133, 117, 45, 214, 183, 70, 237, 211,
       238, 50, 175, 152, 86, 242, 151, 246, 208, 104, 157, 239, 127,
       196, 62, 255, 161, 100, 111, 226, 44, 42, 239, 132, 255, 255, 120,
       53, 222, 66, 188, 166, 171, 115, 158, 204, 142, 254, 151, 171,
       206, 110, 95, 203, 183, 213, 253, 247, 108, 71, 235, 128, 155,
       199, 239, 191, 150, 127, 45, 87, 207, 20, 247, 209, 231, 118, 188,
       23, 125, 243, 86, 246, 200, 62, 151, 239, 103, 31, 179, 168, 177,
       220, 53, 194, 6, 123, 222, 134, 143, 245, 189, 117, 255, 180, 224,
       117, 149, 95, 86, 191, 83, 243, 189, 31, 91, 61, 30, 181, 153,
       198, 21, 45, 253, 122, 121, 142, 107, 223, 213, 119, 239, 236,
       218, 118, 123, 50, 106, 68, 104, 212, 121, 88, 33, 204, 244, 237,
       57, 159, 214, 180, 190, 157, 245, 140, 143, 67, 166, 193, 83, 121,
       32, 139, 70, 132, 46, 247, 124, 64, 213, 231, 37, 46, 70, 24, 33,
       138, 227, 72, 223, 119, 65, 250, 208, 212, 108, 106, 76, 246, 201,
       136, 199, 249, 97, 16, 98, 243, 70, 32, 35, 168, 237, 95, 77, 189,
       233, 191, 219, 241, 116, 30, 240, 236, 94, 174, 201, 106, 115, 29,
       151, 108, 254, 177, 15, 90, 213, 120, 223, 172, 80, 252, 93, 176,
       147, 228, 139, 100, 65, 158, 171, 145, 130, 80, 222, 243, 72, 254,
       161, 87, 120, 24, 3, 75, 155, 64, 153, 240, 95, 110, 136, 96, 163,
       50, 8, 188, 252, 97, 32, 110, 113, 23, 125, 63, 62, 24, 159, 55,
       2, 24, 133, 22, 77, 24, 56, 248, 113, 0, 207, 219, 112, 69, 194,
       192, 207, 235, 94, 58, 144, 178, 139, 244, 16, 136, 139, 223, 137,
       13, 204, 254, 107, 90, 133, 115, 237, 17, 30, 67, 154, 240, 155,
       87, 223, 255, 146, 103, 15, 87, 108, 81, 249, 229, 116, 79, 119,
       184, 33, 168, 255, 8, 215, 119, 9, 112, 88, 220, 125, 106, 72,
       176, 217, 8, 231, 237, 37, 20, 104, 251, 70, 50, 204, 72, 181,
       229, 45, 78, 103, 48, 111, 162, 38, 8, 223, 49, 17, 254, 144, 68,
       121, 74, 73, 224, 243, 32, 197, 250, 69, 16, 66, 249, 84, 34, 209,
       242, 159, 120, 40, 140, 81, 22, 235, 91, 176, 124, 190, 147, 192,
       123, 165, 149, 124, 16, 187, 79, 162, 81, 211, 251, 118, 250, 8,
       0, 35, 43, 108, 102, 156, 103, 237, 15, 86, 184, 123, 190, 181,
       77, 223, 107, 73, 144, 145, 196, 76, 110, 44, 96, 203, 26, 239,
       219, 101, 61, 210, 251, 74, 131, 9, 78, 16, 71, 116, 31, 98, 48,
       125, 174, 119, 76, 227, 64, 151, 180, 149, 108, 102, 110, 228,
       180, 109, 47, 6, 255, 33, 132, 74, 187, 91, 141, 45, 149, 57, 107,
       148, 239, 67, 185, 70, 105, 111, 8, 211, 113, 152, 112, 81, 10,
       30, 56, 155, 56, 121, 23, 239, 205, 33, 116, 250, 138, 208, 96,
       87, 79, 67, 166, 210, 22, 110, 241, 165, 200, 219, 199, 121, 234,
       179, 192, 126, 231, 31, 239, 253, 147, 28, 238, 178, 110, 175,
       128, 45, 246, 184, 85, 86, 150, 189, 183, 170, 38, 189, 155, 190,
       247, 131, 247, 221, 127, 200, 75, 167, 87, 125, 183, 177, 69, 187,
       66, 200, 163, 255, 196, 172, 241, 165, 113, 36, 102, 232, 163,
       124, 99, 203, 216, 22, 254, 149, 235, 211, 76, 223, 40, 93, 216,
       23, 255, 175, 86, 109, 26, 204, 141, 173, 244, 157, 251, 84, 208,
       82, 158, 237, 165, 154, 114, 159, 63, 128, 230, 158, 231, 229, 46,
       146, 66, 103, 247, 253, 167, 252, 13, 237, 142, 248, 103, 239,
       149, 45, 246, 181, 89, 248, 49, 61, 124, 9, 76, 85, 112, 225, 24,
       165, 12, 31, 211, 72, 27, 130, 149, 253, 66, 104, 99, 146, 1, 211,
       233, 96, 59, 98, 32, 102, 35, 33, 164, 177, 78, 221, 255, 199,
       175, 211, 234, 121, 72, 114, 240, 188, 164, 25, 110, 18, 44, 177,
       186, 124, 191, 45, 30, 5, 62, 91, 106, 210, 172, 88, 57, 19, 228,
       3, 202, 51, 96, 169, 164, 102, 8, 62, 151, 33, 116, 166, 117, 105,
       66, 64, 153, 176, 108, 209, 240, 0, 3, 34, 33, 7, 106, 47, 49, 17,
       79, 125, 31, 194, 152, 75, 232, 33, 76, 218, 80, 21, 180, 152, 76,
       82, 110, 197, 50, 249, 220, 7, 88, 1, 54, 90, 47, 90, 164, 151,
       223, 106, 90, 234, 176, 190, 252, 148, 86, 221, 247, 105, 238,
       191, 229, 127, 251, 151, 231, 247, 39, 46, 251, 50, 109, 175, 171,
       255, 247, 173, 213, 92, 51, 154, 170, 187, 73, 31, 73, 174, 36,
       143, 169, 207, 215, 74, 80, 246, 149, 239, 227, 12, 67, 203, 16,
       241, 245, 43, 59, 32, 99, 175, 67, 119, 98, 102, 14, 45, 31, 210,
       16, 105, 108, 119, 109, 74, 8, 151, 148, 156, 204, 228, 111, 204,
       178, 205, 136, 18, 121, 1, 151, 79, 191, 90, 69, 235, 48, 122,
       108, 104, 84, 89, 88, 169, 76, 213, 169, 29, 159, 150, 48, 134,
       29, 213, 237, 132, 135, 178, 208, 83, 249, 168, 171, 6, 134, 118,
       243, 122, 166, 248, 68, 251, 123, 148, 111, 81, 174, 188, 187, 42,
       44, 198, 22, 159, 247, 197, 32, 252, 107, 228, 142, 58, 223, 101,
       187, 103, 236, 206, 79, 229, 60, 25, 224, 124, 173, 113, 83, 234,
       168, 185, 92, 150, 147, 69, 56, 132, 57, 78, 24, 147, 39, 210, 82,
       221, 152, 33, 120, 200, 9, 67, 163, 40, 180, 80, 101, 53, 255,
       120, 55, 41, 165, 111, 25, 191, 57, 2, 144, 132, 38, 197, 8, 24,
       184, 209, 142, 199, 253, 16, 1, 66, 132, 202, 10, 35, 98, 69, 229,
       118, 15, 237, 96, 60, 168, 242, 98, 218, 25, 148, 80, 126, 157,
       127, 233, 233, 176, 65, 206, 52, 46, 174, 132, 109, 40, 114, 161,
       44, 115, 156, 103, 237, 31, 86, 184, 127, 172, 63, 77, 223, 121,
