%YAML:1.0
---
descriptors: !!opencv-matrix
   rows: 165
   cols: 32
   dt: u
   data: [ 208, 93, 191, 182, 142, 110, 21, 167, 168, 214, 130, 24, 247,
       55, 1, 91, 162, 247, 109, 99, 105, 67, 178, 40, 241, 227, 124, 16,
       40, 120, 151, 122, 124, 113, 120, 101, 48, 79, 119, 188, 100, 236,
       254, 45, 211, 69, 131, 80, 122, 236, 108, 110, 201, 176, 249, 12,
       231, 237, 37, 21, 104, 178, 70, 123, 124, 241, 189, 238, 169, 103,
       95, 152, 163, 249, 173, 9, 95, 127, 73, 122, 213, 213, 253, 242,
       27, 67, 251, 177, 251, 215, 229, 127, 178, 115, 134, 115, 45, 113,
       193, 79, 85, 29, 231, 152, 115, 160, 109, 72, 242, 81, 221, 180,
       24, 200, 82, 122, 203, 114, 249, 11, 45, 28, 5, 44, 75, 186, 82,
       164, 169, 217, 105, 233, 124, 7, 221, 191, 95, 122, 244, 70, 50,
       29, 60, 96, 220, 154, 23, 205, 203, 58, 121, 191, 103, 217, 180,
       180, 93, 152, 208, 251, 253, 223, 207, 199, 244, 62, 206, 188, 87,
       234, 222, 238, 83, 104, 157, 229, 125, 198, 126, 239, 253, 243,
       109, 174, 190, 47, 229, 148, 239, 255, 216, 21, 255, 239, 198,
       159, 254, 51, 79, 255, 23, 238, 222, 255, 105, 235, 159, 213, 127,
       206, 183, 238, 252, 214, 205, 255, 62, 110, 237, 196, 175, 247,
       250, 221, 31, 94, 235, 250, 182, 163, 235, 212, 151, 203, 214,
       246, 89, 203, 177, 104, 127, 232, 31, 223, 171, 183, 44, 250, 242,
       207, 175, 128, 189, 251, 112, 241, 243, 251, 253, 236, 46, 7, 223,
       184, 203, 248, 176, 239, 252, 223, 212, 50, 150, 245, 253, 103,
       195, 103, 235, 217, 250, 217, 237, 190, 29, 190, 3, 123, 251, 159,
       106, 95, 102, 16, 237, 117, 121, 76, 119, 230, 121, 108, 182, 119,
       126, 246, 183, 238, 245, 122, 175, 237, 118, 123, 230, 136, 111,
       230, 242, 253, 215, 211, 205, 225, 166, 2, 111, 159, 0, 121, 146,
       246, 17, 6, 217, 235, 119, 196, 29, 255, 233, 208, 229, 192, 184,
       168, 239, 196, 173, 240, 240, 113, 2, 181, 111, 250, 250, 231,
       189, 239, 190, 85, 157, 163, 116, 255, 10, 1, 183, 19, 219, 161,
       146, 73, 43, 93, 125, 3, 59, 253, 85, 66, 183, 251, 255, 223, 232,
       142, 254, 50, 206, 252, 83, 234, 221, 239, 89, 232, 255, 228, 127,
       206, 182, 239, 253, 35, 239, 186, 58, 109, 167, 172, 127, 255,
       248, 213, 111, 183, 175, 10, 249, 95, 55, 252, 169, 109, 124, 237,
       90, 246, 142, 180, 148, 86, 255, 46, 149, 153, 186, 96, 127, 123,
       100, 251, 202, 214, 207, 247, 182, 111, 226, 158, 246, 160, 190,
       212, 151, 13, 217, 231, 105, 207, 191, 64, 126, 235, 23, 223, 218,
       135, 142, 235, 114, 108, 174, 137, 183, 255, 244, 193, 83, 121,
       51, 160, 55, 212, 218, 198, 25, 200, 152, 111, 15, 156, 101, 160,
       174, 253, 149, 241, 205, 43, 180, 204, 179, 209, 143, 191, 37, 52,
       39, 95, 193, 69, 81, 101, 100, 15, 109, 63, 93, 170, 62, 64, 255,
       19, 129, 117, 54, 36, 44, 44, 65, 180, 49, 30, 229, 218, 117, 20,
       90, 218, 65, 41, 41, 5, 87, 71, 208, 62, 103, 55, 100, 162, 111,
       8, 115, 51, 128, 119, 48, 246, 74, 42, 113, 184, 53, 46, 37, 174,
       68, 16, 234, 242, 192, 40, 9, 148, 215, 71, 20, 78, 103, 55, 108,
       67, 106, 64, 246, 51, 136, 246, 51, 118, 56, 40, 17, 184, 49, 111,
       45, 174, 80, 0, 202, 234, 192, 40, 84, 81, 126, 228, 44, 94, 93,
       56, 225, 220, 191, 130, 219, 95, 159, 115, 102, 212, 253, 234,
       204, 97, 183, 140, 211, 235, 227, 149, 39, 163, 124, 115, 32, 193,
       87, 67, 114, 11, 238, 224, 109, 32, 251, 130, 83, 9, 172, 49, 58,
       144, 2, 234, 64, 178, 69, 93, 54, 138, 64, 68, 101, 139, 98, 160,
       22, 113, 127, 75, 98, 228, 187, 216, 174, 88, 125, 165, 124, 223,
       237, 120, 182, 91, 23, 214, 131, 144, 58, 112, 85, 172, 42, 138,
       213, 211, 39, 243, 13, 29, 251, 195, 183, 243, 61, 87, 95, 237,
       30, 50, 29, 191, 246, 228, 119, 59, 151, 152, 183, 248, 36, 226,
       107, 221, 55, 195, 182, 204, 165, 247, 79, 250, 239, 87, 34, 86,
       187, 184, 62, 221, 87, 228, 221, 118, 154, 99, 55, 85, 255, 255,
       215, 208, 191, 97, 76, 43, 111, 196, 142, 183, 47, 113, 207, 236,
       190, 127, 233, 188, 125, 158, 255, 219, 110, 20, 249, 255, 95,
       127, 165, 127, 251, 158, 163, 92, 251, 243, 79, 251, 215, 108,
       138, 245, 227, 250, 10, 217, 54, 158, 123, 212, 180, 231, 173, 93,
       116, 33, 172, 254, 38, 100, 166, 59, 187, 1, 70, 137, 50, 253, 55,
       112, 26, 139, 18, 20, 165, 223, 255, 255, 176, 90, 235, 213, 158,
       252, 155, 254, 156, 47, 104, 252, 255, 182, 159, 91, 215, 83, 230,
       99, 186, 243, 123, 89, 141, 255, 215, 255, 158, 223, 47, 93, 99,
       79, 85, 215, 167, 96, 93, 68, 125, 2, 104, 220, 183, 164, 88, 42,
       146, 111, 199, 178, 124, 255, 39, 28, 1, 2, 87, 191, 112, 228,
       117, 77, 99, 30, 148, 146, 206, 246, 244, 192, 218, 198, 115, 236,
       183, 244, 124, 230, 62, 207, 237, 171, 44, 46, 50, 46, 167, 128,
       111, 247, 248, 124, 136, 52, 189, 113, 169, 237, 241, 87, 254, 91,
       164, 24, 158, 187, 64, 59, 129, 23, 110, 24, 51, 109, 178, 66,
       207, 155, 82, 120, 192, 64, 199, 163, 10, 149, 32, 139, 213, 215,
       190, 111, 29, 69, 95, 19, 236, 126, 62, 196, 221, 27, 147, 161,
       118, 152, 89, 223, 47, 119, 138, 67, 22, 14, 189, 215, 2, 142,
       174, 191, 157, 243, 180, 231, 158, 23, 64, 179, 164, 172, 34, 201,
       201, 123, 163, 129, 54, 248, 74, 253, 45, 22, 222, 67, 148, 93,
       157, 222, 86, 233, 142, 191, 10, 192, 186, 200, 174, 148, 130,
       131, 229, 207, 107, 66, 227, 119, 251, 195, 66, 65, 138, 241, 253,
       97, 143, 171, 4, 55, 53, 82, 233, 140, 189, 249, 173, 252, 117,
       159, 255, 123, 102, 16, 255, 185, 96, 123, 193, 102, 127, 24, 179,
       252, 243, 179, 207, 251, 84, 82, 210, 88, 208, 42, 237, 223, 237,
       246, 244, 42, 207, 248, 89, 234, 255, 238, 91, 105, 157, 48, 127,
       199, 86, 111, 241, 243, 237, 239, 126, 255, 231, 148, 79, 251,
       210, 177, 189, 239, 225, 239, 254, 11, 239, 252, 196, 242, 253,
       238, 211, 233, 249, 34, 127, 200, 22, 238, 233, 50, 111, 186, 254,
       205, 231, 172, 255, 251, 240, 177, 189, 102, 89, 225, 252, 15, 79,
       216, 83, 248, 180, 76, 83, 83, 89, 185, 91, 204, 84, 126, 235,
       118, 201, 30, 251, 201, 37, 244, 251, 187, 82, 129, 189, 172, 239,
       247, 180, 47, 79, 239, 115, 243, 186, 30, 123, 105, 84, 57, 221,
       238, 125, 142, 185, 254, 217, 238, 251, 223, 213, 84, 203, 249,
       242, 184, 190, 197, 82, 138, 93, 223, 222, 232, 141, 14, 185, 11,
       206, 222, 46, 132, 248, 177, 223, 227, 108, 35, 88, 223, 177, 156,
       139, 63, 87, 63, 127, 198, 190, 88, 226, 218, 79, 212, 156, 198,
       143, 222, 212, 39, 44, 222, 103, 238, 238, 251, 183, 211, 198, 7,
       58, 224, 51, 81, 222, 171, 191, 127, 60, 223, 186, 241, 59, 242,
       235, 213, 157, 85, 171, 121, 181, 111, 60, 222, 94, 48, 237, 187,
       215, 145, 195, 35, 250, 209, 123, 89, 190, 250, 75, 22, 166, 255,
       84, 133, 155, 163, 180, 46, 107, 156, 54, 37, 75, 17, 215, 19, 8,
       80, 119, 223, 29, 56, 58, 144, 201, 58, 237, 229, 175, 68, 160,
       211, 128, 35, 255, 190, 230, 157, 220, 23, 206, 251, 87, 226, 222,
       222, 83, 232, 191, 245, 93, 238, 54, 175, 253, 246, 125, 159, 62,
       111, 197, 132, 175, 254, 120, 212, 169, 125, 121, 101, 244, 79,
       103, 61, 113, 234, 126, 8, 211, 53, 145, 48, 26, 252, 84, 106,
       233, 184, 249, 14, 103, 207, 37, 4, 99, 250, 198, 248, 150, 253,
       254, 190, 186, 243, 183, 239, 158, 215, 95, 179, 108, 254, 235,
       75, 55, 127, 251, 147, 119, 237, 175, 255, 120, 103, 127, 207,
       173, 127, 165, 219, 164, 172, 140, 247, 156, 111, 76, 174, 119,
       179, 234, 24, 243, 105, 28, 59, 201, 238, 117, 12, 58, 254, 219,
       39, 207, 255, 213, 85, 192, 249, 210, 40, 79, 240, 238, 71, 98,
       86, 187, 184, 102, 252, 87, 166, 249, 127, 223, 230, 54, 93, 255,
       239, 129, 208, 191, 233, 79, 107, 239, 132, 39, 167, 45, 113, 63,
       182, 114, 88, 251, 85, 156, 123, 219, 254, 156, 173, 110, 253,
