%YAML:1.0
---
descriptors: !!opencv-matrix
   rows: 317
   cols: 32
   dt: u
   data: [ 17, 153, 63, 126, 3, 204, 53, 119, 172, 73, 110, 4, 190, 183,
       32, 48, 166, 51, 89, 12, 83, 153, 50, 109, 243, 255, 18, 2, 64, 0,
       167, 251, 117, 164, 216, 100, 80, 79, 75, 88, 51, 160, 165, 8, 19,
       211, 65, 52, 25, 220, 80, 248, 43, 86, 248, 10, 223, 141, 165, 60,
       171, 163, 66, 160, 72, 249, 151, 254, 203, 204, 117, 215, 171, 91,
       228, 0, 190, 255, 96, 122, 167, 115, 249, 0, 71, 73, 178, 241,
       211, 251, 86, 75, 18, 16, 167, 187, 37, 112, 115, 65, 96, 31, 227,
       80, 117, 160, 113, 72, 82, 21, 149, 188, 92, 152, 82, 122, 131,
       176, 117, 8, 7, 24, 1, 64, 75, 171, 82, 181, 90, 25, 142, 190, 27,
       208, 26, 66, 180, 196, 202, 135, 233, 238, 35, 194, 232, 247, 233,
       195, 12, 203, 150, 110, 242, 103, 138, 9, 45, 39, 44, 26, 250, 81,
       82, 236, 45, 86, 92, 120, 161, 42, 183, 10, 95, 191, 32, 126, 254,
       213, 253, 226, 73, 135, 145, 200, 147, 251, 218, 155, 43, 62, 42,
       55, 223, 83, 110, 4, 194, 22, 254, 125, 41, 236, 183, 239, 73, 46,
       159, 247, 54, 197, 255, 239, 229, 209, 173, 200, 50, 104, 237,
       134, 47, 246, 122, 93, 84, 124, 189, 119, 12, 46, 165, 40, 238,
       178, 163, 76, 246, 113, 13, 11, 129, 118, 104, 34, 41, 229, 219,
       40, 205, 170, 119, 16, 72, 123, 67, 34, 61, 165, 80, 71, 213, 159,
       194, 249, 87, 169, 253, 78, 243, 120, 220, 164, 89, 206, 6, 254,
       255, 250, 93, 191, 46, 207, 165, 116, 123, 139, 216, 132, 62, 238,
       236, 40, 157, 177, 218, 234, 135, 117, 188, 175, 11, 232, 86, 2,
       203, 195, 207, 245, 142, 107, 230, 183, 250, 87, 141, 255, 247,
       29, 222, 70, 222, 95, 119, 100, 163, 122, 127, 240, 169, 238, 31,
       239, 75, 61, 183, 54, 182, 245, 213, 231, 237, 149, 172, 238, 242,
       127, 13, 135, 111, 247, 247, 87, 5, 168, 155, 251, 236, 141, 177,
       223, 222, 25, 81, 112, 188, 211, 232, 72, 193, 43, 34, 28, 18, 28,
       10, 241, 141, 158, 63, 110, 144, 8, 161, 161, 201, 61, 187, 240,
       177, 252, 121, 23, 185, 137, 126, 48, 191, 183, 64, 116, 134, 63,
       213, 24, 49, 220, 176, 194, 239, 253, 54, 194, 194, 192, 195, 59,
       104, 185, 120, 96, 116, 221, 83, 81, 107, 172, 189, 8, 59, 159,
       194, 16, 156, 188, 69, 120, 202, 58, 224, 15, 255, 221, 33, 121,
       66, 138, 78, 99, 97, 121, 191, 101, 96, 143, 117, 54, 236, 232,
       106, 72, 182, 53, 1, 48, 164, 124, 122, 76, 193, 184, 48, 44, 229,
       159, 116, 48, 64, 58, 67, 107, 58, 107, 99, 237, 52, 151, 234,
       112, 103, 168, 254, 198, 251, 77, 17, 160, 126, 236, 151, 233,
       201, 186, 197, 189, 230, 237, 171, 224, 111, 174, 122, 153, 51,
       94, 106, 222, 22, 179, 91, 254, 87, 6, 252, 231, 107, 194, 191,
       68, 127, 170, 142, 238, 238, 143, 47, 255, 50, 239, 178, 137, 63,
       223, 120, 76, 229, 108, 153, 101, 184, 47, 79, 24, 18, 170, 41,
       88, 215, 51, 65, 48, 145, 92, 120, 110, 40, 116, 217, 30, 237,
       158, 5, 52, 80, 251, 66, 32, 220, 53, 90, 176, 211, 194, 63, 97,
       52, 132, 71, 179, 79, 199, 34, 81, 50, 189, 139, 242, 120, 151,
       148, 14, 251, 229, 15, 77, 37, 160, 175, 66, 10, 180, 185, 187,
       213, 253, 177, 223, 31, 117, 93, 31, 172, 253, 106, 0, 157, 27,
       147, 17, 50, 58, 123, 247, 207, 87, 27, 111, 210, 12, 149, 250,
       196, 127, 159, 245, 164, 14, 101, 183, 240, 174, 34, 76, 247, 35,
       65, 91, 133, 118, 104, 88, 105, 252, 209, 10, 237, 178, 101, 16,
       136, 248, 87, 56, 82, 105, 182, 182, 45, 221, 150, 70, 159, 188,
       187, 11, 238, 252, 103, 133, 248, 249, 239, 99, 12, 99, 90, 216,
       179, 210, 79, 59, 208, 126, 13, 71, 245, 87, 197, 103, 228, 10,
       111, 189, 113, 226, 250, 230, 83, 39, 157, 119, 126, 196, 52, 238,
       233, 240, 109, 202, 52, 238, 231, 132, 109, 243, 240, 125, 128,
       136, 31, 113, 16, 173, 105, 7, 188, 21, 98, 21, 183, 7, 16, 72,
       129, 51, 107, 28, 58, 252, 19, 7, 197, 182, 82, 64, 192, 0, 133,
       26, 61, 99, 224, 67, 230, 59, 255, 152, 97, 224, 255, 234, 91, 93,
       219, 188, 126, 204, 151, 254, 157, 178, 237, 160, 118, 77, 165,
       164, 239, 255, 250, 241, 253, 211, 70, 158, 239, 27, 126, 248,
       125, 242, 246, 238, 75, 74, 175, 245, 126, 197, 174, 231, 237,
       119, 95, 254, 190, 235, 231, 150, 63, 189, 104, 21, 61, 159, 122,
       110, 114, 163, 95, 248, 5, 72, 124, 239, 119, 109, 178, 80, 126,
       250, 23, 239, 153, 154, 76, 63, 126, 237, 33, 192, 125, 171, 98,
       121, 46, 48, 209, 216, 201, 237, 112, 74, 27, 63, 116, 24, 14,
       221, 101, 156, 217, 155, 163, 16, 18, 126, 210, 210, 95, 92, 17,
       111, 211, 77, 70, 162, 65, 176, 147, 91, 136, 252, 33, 7, 238, 91,
       163, 80, 182, 242, 200, 126, 33, 54, 106, 24, 19, 109, 187, 83,
       141, 174, 114, 80, 200, 64, 33, 45, 216, 88, 166, 188, 13, 124,
       84, 36, 177, 222, 130, 17, 239, 190, 35, 219, 225, 245, 237, 99,
       108, 69, 147, 170, 147, 243, 250, 19, 34, 125, 61, 94, 97, 16,
       189, 117, 52, 30, 241, 59, 124, 227, 230, 0, 147, 60, 20, 99, 132,
       20, 104, 40, 173, 252, 241, 12, 207, 255, 80, 20, 72, 168, 64, 56,
       137, 31, 239, 217, 164, 46, 233, 27, 126, 218, 86, 244, 241, 15,
       148, 105, 87, 46, 63, 13, 163, 252, 117, 204, 70, 59, 246, 128,
       204, 200, 81, 185, 34, 250, 50, 154, 189, 157, 158, 198, 159, 29,
       184, 29, 174, 236, 118, 132, 205, 107, 207, 87, 206, 107, 218,
       243, 187, 20, 158, 123, 82, 93, 175, 223, 0, 130, 253, 237, 54,
       139, 185, 25, 126, 105, 83, 226, 255, 14, 152, 96, 54, 29, 46, 17,
       131, 240, 103, 217, 204, 227, 43, 197, 52, 138, 5, 177, 85, 17,
       191, 228, 172, 108, 92, 139, 238, 193, 170, 8, 215, 254, 89, 122,
       145, 197, 124, 57, 141, 97, 243, 0, 219, 237, 103, 92, 192, 112,
       67, 98, 125, 143, 109, 109, 52, 42, 111, 186, 112, 204, 255, 228,
       83, 97, 152, 113, 54, 228, 76, 110, 249, 176, 109, 47, 236, 233,
       33, 196, 109, 171, 82, 113, 75, 201, 0, 184, 13, 209, 148, 239,
       143, 65, 136, 3, 172, 188, 54, 192, 192, 35, 186, 5, 71, 11, 66,
       245, 182, 87, 154, 59, 22, 30, 153, 142, 61, 231, 96, 10, 252, 31,
       198, 253, 87, 120, 189, 78, 83, 104, 158, 180, 89, 206, 70, 127,
       254, 43, 111, 63, 58, 207, 37, 252, 123, 250, 218, 133, 223, 140,
       236, 183, 148, 170, 110, 191, 127, 210, 95, 87, 249, 104, 251, 73,
       115, 226, 63, 175, 244, 92, 31, 255, 238, 47, 255, 196, 173, 252,
       249, 68, 217, 207, 114, 78, 118, 146, 110, 252, 101, 4, 126, 226,
       105, 98, 182, 244, 118, 228, 38, 238, 220, 187, 37, 255, 58, 172,
       38, 192, 55, 170, 104, 205, 143, 184, 61, 115, 237, 221, 249, 255,
       255, 255, 53, 61, 222, 253, 222, 189, 135, 27, 255, 21, 183, 120,
       122, 245, 207, 219, 117, 255, 222, 140, 207, 247, 187, 207, 96,
       143, 92, 18, 206, 125, 23, 102, 213, 199, 97, 106, 182, 196, 122,
       236, 23, 239, 236, 159, 109, 191, 50, 111, 171, 152, 55, 190, 120,
       204, 94, 244, 50, 186, 187, 221, 22, 236, 187, 80, 137, 9, 238,
       222, 111, 245, 183, 219, 217, 115, 103, 71, 154, 247, 187, 212,
       15, 127, 26, 23, 175, 94, 113, 221, 111, 197, 84, 82, 111, 190,
       117, 70, 222, 38, 51, 60, 150, 117, 88, 214, 54, 233, 249, 250,
       117, 143, 245, 175, 231, 132, 37, 240, 244, 124, 1, 193, 95, 205,
       108, 95, 232, 57, 110, 112, 242, 64, 249, 18, 148, 240, 90, 140,
       126, 200, 193, 176, 117, 221, 7, 249, 226, 0, 72, 130, 97, 172,
       170, 56, 248, 82, 205, 253, 240, 199, 219, 63, 116, 26, 8, 152,
       103, 175, 201, 187, 178, 16, 134, 126, 242, 242, 31, 93, 85, 43,
       211, 92, 206, 174, 12, 168, 25, 250, 236, 165, 248, 202, 158, 25,
       185, 88, 189, 195, 104, 8, 219, 11, 6, 24, 18, 47, 202, 243, 220,
       213, 191, 124, 144, 139, 225, 161, 40, 57, 120, 65, 116, 223, 75,
       112, 121, 172, 117, 8, 59, 21, 148, 52, 26, 188, 70, 106, 202,
       186, 240, 63, 119, 221, 33, 112, 103, 139, 70, 249, 124, 93, 235,
