%YAML:1.0
---
descriptors: !!opencv-matrix
   rows: 328
   cols: 32
   dt: u
   data: [ 1, 27, 247, 31, 162, 186, 101, 23, 127, 89, 95, 228, 247, 44,
       146, 108, 102, 110, 38, 28, 145, 248, 103, 33, 142, 254, 112, 128,
       238, 205, 192, 125, 32, 159, 91, 203, 242, 195, 175, 231, 28, 8,
       120, 230, 49, 86, 164, 81, 254, 59, 18, 224, 115, 154, 32, 63, 45,
       140, 174, 192, 17, 10, 229, 185, 172, 246, 126, 103, 112, 79, 119,
       176, 125, 12, 119, 24, 215, 85, 136, 17, 54, 24, 71, 106, 224,
       180, 57, 14, 103, 153, 33, 132, 66, 186, 198, 243, 57, 196, 88,
       239, 116, 11, 111, 248, 85, 38, 125, 130, 91, 65, 152, 144, 122,
       204, 22, 238, 104, 182, 73, 31, 102, 207, 161, 4, 119, 187, 202,
       160, 83, 61, 135, 190, 11, 164, 14, 194, 171, 82, 136, 9, 174,
       182, 1, 255, 165, 227, 121, 135, 15, 75, 146, 249, 145, 246, 90,
       58, 8, 85, 35, 126, 207, 152, 60, 114, 41, 191, 90, 152, 239, 114,
       167, 12, 221, 159, 87, 123, 135, 245, 249, 207, 133, 69, 219, 241,
       203, 219, 73, 116, 26, 163, 74, 18, 232, 172, 149, 188, 41, 237,
       81, 15, 159, 223, 168, 57, 182, 253, 64, 91, 193, 59, 109, 17, 58,
       111, 194, 179, 205, 211, 113, 123, 210, 72, 4, 91, 98, 190, 146,
       250, 123, 249, 144, 198, 159, 31, 240, 57, 174, 219, 102, 223,
       199, 59, 238, 16, 54, 111, 194, 243, 134, 247, 82, 123, 210, 73,
       13, 143, 181, 199, 109, 79, 180, 42, 111, 184, 117, 106, 255, 246,
       83, 97, 153, 101, 127, 206, 62, 239, 249, 180, 109, 46, 254, 174,
       231, 132, 253, 251, 240, 161, 187, 79, 247, 165, 246, 11, 237,
       254, 125, 238, 250, 235, 11, 40, 151, 97, 126, 205, 95, 237, 236,
       250, 69, 202, 244, 106, 175, 180, 101, 252, 115, 197, 7, 30, 137,
       155, 248, 241, 163, 83, 30, 79, 93, 247, 160, 228, 242, 108, 93,
       42, 130, 21, 183, 152, 110, 54, 12, 22, 187, 232, 156, 76, 189,
       213, 75, 251, 191, 218, 186, 220, 61, 255, 190, 93, 142, 228, 252,
       247, 194, 242, 103, 247, 251, 220, 211, 73, 255, 247, 254, 39,
       127, 248, 138, 132, 167, 249, 45, 52, 234, 9, 245, 255, 99, 95,
       87, 205, 124, 20, 187, 240, 242, 228, 89, 42, 130, 28, 151, 184,
       116, 158, 110, 93, 53, 97, 250, 204, 200, 244, 203, 134, 199, 149,
       147, 50, 168, 55, 63, 251, 83, 247, 204, 174, 214, 237, 103, 15,
       187, 157, 183, 220, 133, 195, 30, 62, 222, 198, 142, 196, 169, 93,
       135, 6, 231, 157, 230, 50, 237, 39, 125, 195, 83, 246, 72, 108,
       180, 239, 255, 103, 50, 173, 181, 220, 37, 202, 44, 62, 222, 130,
       173, 228, 240, 229, 56, 221, 121, 126, 91, 197, 87, 254, 23, 4,
       236, 3, 127, 255, 41, 80, 254, 251, 3, 226, 106, 43, 91, 191, 123,
       239, 5, 26, 115, 114, 102, 138, 106, 165, 41, 186, 157, 249, 145,
       107, 159, 125, 157, 25, 174, 221, 78, 16, 137, 187, 255, 1, 30,
       107, 234, 247, 219, 85, 24, 123, 210, 12, 159, 122, 140, 159, 29,
       109, 240, 14, 191, 184, 56, 122, 115, 245, 215, 111, 136, 17, 151,
       85, 85, 102, 241, 148, 89, 63, 108, 235, 107, 196, 72, 163, 131,
       241, 183, 113, 152, 234, 237, 13, 95, 220, 143, 24, 181, 78, 94,
       223, 111, 63, 253, 217, 223, 115, 75, 103, 186, 240, 243, 216, 71,
       190, 218, 127, 115, 147, 51, 62, 237, 85, 182, 59, 205, 59, 93,
       238, 222, 254, 115, 44, 151, 45, 63, 230, 117, 173, 169, 248, 101,
       95, 210, 15, 253, 148, 109, 232, 80, 125, 222, 245, 165, 238, 139,
       38, 159, 248, 143, 154, 155, 242, 220, 255, 125, 231, 253, 211,
       255, 227, 233, 69, 75, 255, 185, 63, 239, 158, 181, 119, 160, 49,
       42, 220, 26, 184, 187, 253, 52, 231, 159, 59, 172, 29, 190, 187,
       99, 81, 207, 115, 222, 16, 98, 47, 82, 247, 251, 215, 31, 127,
       154, 92, 175, 11, 111, 37, 244, 215, 246, 42, 239, 27, 125, 163,
       255, 146, 217, 107, 213, 238, 123, 206, 63, 189, 177, 240, 205,
       194, 206, 255, 223, 196, 239, 235, 233, 160, 56, 56, 117, 105, 45,
       207, 97, 19, 45, 108, 246, 8, 187, 31, 7, 148, 236, 156, 239, 136,
       11, 248, 241, 144, 133, 248, 0, 2, 99, 140, 70, 249, 86, 3, 198,
       165, 170, 18, 60, 41, 173, 180, 131, 163, 77, 174, 139, 219, 38,
       229, 237, 231, 20, 193, 141, 200, 146, 99, 106, 135, 164, 167, 41,
       71, 144, 185, 26, 254, 112, 141, 113, 87, 56, 9, 96, 25, 182, 147,
       0, 16, 164, 187, 4, 0, 90, 186, 16, 3, 193, 213, 50, 8, 72, 0,
       131, 139, 58, 93, 59, 236, 83, 215, 87, 230, 61, 196, 238, 11, 62,
       191, 39, 176, 252, 251, 147, 193, 73, 187, 48, 238, 243, 245, 154,
       11, 75, 92, 46, 250, 240, 109, 143, 253, 221, 239, 101, 239, 55,
       167, 234, 24, 50, 51, 1, 26, 233, 230, 107, 128, 57, 223, 211, 31,
       245, 182, 215, 18, 161, 80, 246, 170, 58, 188, 233, 226, 213, 255,
       219, 206, 83, 109, 60, 11, 106, 61, 95, 36, 157, 219, 149, 21,
       191, 186, 125, 191, 123, 95, 149, 247, 231, 207, 86, 255, 132,
       253, 172, 179, 142, 169, 191, 196, 174, 87, 157, 183, 245, 248,
       123, 74, 239, 99, 127, 215, 86, 114, 206, 32, 236, 129, 111, 237,
       149, 123, 181, 195, 35, 12, 101, 197, 52, 174, 239, 55, 201, 235,
       158, 68, 243, 44, 148, 38, 77, 102, 125, 13, 137, 249, 117, 174,
       44, 62, 254, 144, 142, 200, 80, 253, 168, 169, 104, 92, 93, 217,
       198, 231, 121, 68, 236, 137, 35, 12, 22, 144, 8, 170, 195, 65, 78,
       42, 116, 61, 55, 89, 16, 89, 87, 140, 94, 222, 46, 53, 59, 224,
       253, 237, 183, 79, 139, 235, 189, 26, 156, 255, 97, 50, 137, 51,
       219, 49, 19, 35, 178, 210, 255, 213, 15, 63, 210, 123, 135, 243,
       57, 17, 107, 224, 86, 23, 235, 88, 69, 100, 255, 138, 27, 29, 190,
       32, 126, 136, 23, 237, 136, 179, 53, 220, 210, 205, 162, 132, 119,
       142, 112, 210, 219, 156, 99, 251, 54, 188, 107, 182, 117, 75, 78,
       246, 123, 79, 150, 113, 119, 170, 61, 156, 187, 156, 53, 255, 238,
       239, 178, 192, 47, 197, 240, 121, 62, 180, 144, 216, 217, 253, 16,
       203, 155, 49, 189, 24, 14, 191, 110, 188, 201, 155, 195, 16, 30,
       107, 90, 211, 155, 215, 17, 127, 210, 76, 142, 134, 222, 144, 254,
       82, 131, 255, 80, 152, 255, 127, 167, 151, 74, 220, 110, 127, 167,
       151, 253, 22, 190, 197, 63, 241, 219, 123, 81, 215, 226, 85, 172,
       87, 40, 253, 51, 122, 125, 221, 215, 252, 223, 12, 125, 8, 126,
       217, 60, 176, 153, 107, 87, 106, 226, 35, 42, 191, 99, 221, 37,
       59, 83, 26, 86, 171, 60, 105, 74, 166, 213, 203, 71, 200, 17, 164,
       237, 11, 99, 193, 43, 17, 120, 232, 2, 250, 106, 178, 88, 61, 251,
       193, 133, 45, 99, 187, 126, 226, 70, 187, 152, 178, 185, 172, 31,
       143, 171, 29, 60, 61, 174, 247, 74, 82, 135, 83, 237, 84, 22, 72,
       154, 227, 239, 245, 31, 255, 136, 87, 143, 91, 248, 238, 28, 254,
       41, 245, 92, 251, 179, 31, 165, 25, 47, 255, 106, 155, 205, 179,
       237, 130, 110, 79, 202, 183, 211, 211, 92, 59, 114, 84, 174, 27,
       188, 94, 79, 189, 34, 35, 79, 248, 180, 78, 214, 231, 119, 71,
       163, 73, 126, 244, 29, 238, 105, 133, 5, 46, 192, 227, 226, 144,
       62, 185, 52, 113, 172, 114, 124, 101, 96, 47, 113, 24, 105, 174,
       119, 8, 215, 23, 139, 59, 148, 20, 100, 106, 193, 244, 241, 8,
       199, 251, 97, 20, 64, 187, 70, 163, 195, 150, 239, 215, 246, 178,
       169, 183, 126, 75, 94, 246, 112, 46, 190, 100, 119, 79, 51, 141,
       179, 220, 165, 239, 44, 46, 254, 192, 173, 192, 177, 125, 137,
       205, 121, 111, 52, 79, 231, 189, 108, 72, 126, 64, 243, 85, 152,
       113, 122, 216, 94, 106, 233, 176, 125, 63, 229, 237, 39, 4, 116,
       186, 212, 32, 56, 205, 57, 108, 221, 197, 87, 255, 87, 41, 252, 8,
       62, 253, 32, 112, 249, 219, 87, 40, 122, 43, 83, 63, 123, 239, 5,
       125, 115, 72, 226, 170, 3, 158, 149, 155, 250, 161, 185, 219, 159,
       91, 88, 247, 172, 246, 226, 236, 231, 59, 179, 21, 183, 94, 102,
       243, 12, 22, 26, 234, 156, 197, 169, 221, 58, 53, 250, 121, 179,
       251, 83, 95, 119, 197, 124, 163, 43, 253, 182, 52, 55, 186, 151,
       17, 158, 184, 36, 159, 107, 95, 21, 195, 247, 204, 198, 223, 76,
