%YAML:1.0
---
descriptors: !!opencv-matrix
   rows: 293
   cols: 32
   dt: u
   data: [ 114, 248, 52, 186, 45, 205, 81, 207, 175, 31, 132, 9, 174,
       223, 106, 31, 129, 179, 255, 17, 90, 79, 218, 245, 219, 210, 90,
       123, 18, 12, 151, 107, 50, 77, 18, 156, 87, 211, 182, 102, 31,
       133, 248, 11, 42, 186, 36, 196, 248, 251, 131, 65, 76, 187, 0,
       254, 177, 132, 154, 43, 17, 12, 125, 142, 56, 157, 18, 170, 151,
       167, 146, 235, 141, 1, 202, 135, 110, 232, 34, 196, 216, 187, 138,
       49, 31, 187, 88, 191, 185, 244, 130, 66, 156, 78, 185, 30, 82,
       169, 149, 154, 137, 249, 24, 199, 159, 49, 160, 27, 174, 254, 76,
       223, 233, 147, 234, 16, 31, 107, 218, 241, 159, 210, 91, 123, 210,
       76, 143, 14, 175, 255, 109, 71, 196, 23, 207, 188, 82, 248, 255,
       206, 81, 125, 159, 33, 92, 206, 55, 238, 237, 242, 125, 60, 111,
       43, 229, 148, 111, 255, 208, 245, 122, 240, 126, 104, 41, 93, 88,
       116, 133, 125, 181, 61, 27, 31, 142, 183, 204, 144, 253, 0, 216,
       75, 243, 129, 211, 217, 116, 255, 107, 140, 238, 115, 189, 113,
       113, 98, 237, 109, 87, 93, 227, 174, 181, 24, 94, 217, 73, 62,
       136, 208, 68, 122, 74, 39, 250, 130, 243, 217, 5, 62, 98, 219,
       198, 35, 92, 39, 56, 233, 149, 91, 119, 232, 52, 164, 238, 11,
       207, 111, 67, 208, 250, 223, 237, 98, 88, 178, 249, 138, 255, 229,
       47, 53, 34, 123, 79, 98, 216, 180, 149, 176, 141, 237, 112, 207,
       255, 119, 160, 27, 142, 191, 72, 203, 169, 147, 234, 17, 63, 111,
       251, 209, 153, 210, 87, 127, 146, 88, 133, 122, 45, 253, 249, 102,
       253, 63, 95, 190, 83, 234, 188, 12, 83, 121, 93, 49, 153, 206, 85,
       110, 249, 114, 249, 190, 111, 223, 197, 60, 251, 251, 210, 186,
       218, 26, 198, 181, 130, 34, 60, 23, 60, 215, 82, 247, 141, 38,
       194, 203, 103, 71, 255, 149, 180, 221, 133, 226, 156, 98, 254,
       192, 174, 244, 169, 93, 61, 117, 105, 207, 110, 26, 239, 248, 125,
       226, 119, 166, 209, 126, 159, 112, 126, 204, 54, 110, 193, 176,
       253, 238, 54, 175, 166, 132, 125, 251, 82, 244, 21, 69, 95, 205,
       50, 6, 107, 248, 116, 136, 254, 70, 89, 227, 169, 100, 126, 204,
       62, 238, 225, 147, 31, 78, 240, 174, 175, 132, 61, 179, 33, 161,
       0, 176, 125, 101, 114, 75, 113, 57, 125, 36, 119, 168, 223, 23,
       140, 48, 54, 28, 86, 40, 193, 176, 113, 29, 199, 207, 112, 196,
       96, 130, 71, 249, 120, 78, 255, 221, 108, 74, 101, 30, 63, 174,
       246, 34, 123, 183, 133, 122, 115, 244, 110, 136, 72, 215, 225,
       202, 247, 239, 247, 17, 32, 248, 100, 43, 81, 176, 24, 176, 138,
       204, 81, 158, 170, 21, 162, 29, 191, 147, 64, 82, 167, 223, 125,
       80, 90, 73, 146, 49, 217, 229, 62, 126, 168, 0, 163, 91, 124, 249,
       217, 98, 89, 205, 83, 200, 3, 160, 172, 8, 27, 151, 73, 16, 88,
       145, 217, 216, 10, 34, 216, 48, 251, 205, 133, 125, 242, 155, 70,
       34, 63, 181, 98, 14, 246, 147, 198, 253, 86, 232, 249, 110, 115,
       216, 190, 164, 94, 234, 22, 255, 223, 179, 76, 191, 58, 77, 165,
       180, 127, 190, 248, 149, 194, 156, 151, 178, 179, 236, 53, 7, 185,
       27, 2, 80, 156, 183, 64, 78, 199, 55, 125, 17, 51, 205, 146, 194,
       137, 242, 94, 74, 136, 64, 165, 51, 91, 178, 230, 85, 23, 82, 73,
       59, 113, 231, 86, 151, 107, 45, 150, 247, 114, 228, 181, 172, 173,
       220, 181, 142, 203, 111, 245, 129, 239, 164, 126, 124, 118, 229,
       232, 162, 155, 83, 22, 200, 19, 246, 140, 175, 67, 236, 95, 18,
       217, 205, 249, 243, 206, 67, 255, 182, 186, 69, 141, 127, 181,
       118, 30, 78, 0, 57, 147, 114, 194, 233, 161, 198, 186, 145, 112,
       104, 52, 157, 97, 56, 174, 59, 66, 81, 19, 122, 146, 112, 93, 128,
       122, 104, 193, 64, 39, 187, 72, 17, 220, 229, 164, 46, 121, 19,
       41, 139, 118, 52, 159, 51, 129, 90, 70, 53, 61, 24, 16, 216, 161,
       72, 198, 251, 114, 128, 136, 192, 67, 41, 250, 49, 133, 188, 137,
       124, 84, 79, 139, 243, 161, 25, 206, 255, 72, 155, 201, 255, 249,
       1, 63, 67, 218, 128, 147, 241, 217, 63, 130, 124, 222, 82, 39,
       163, 119, 65, 247, 251, 187, 89, 239, 253, 115, 175, 76, 204, 215,
       164, 190, 15, 199, 119, 150, 241, 173, 220, 30, 88, 35, 230, 199,
       143, 71, 215, 77, 67, 69, 7, 178, 26, 47, 168, 108, 228, 75, 228,
       205, 98, 155, 212, 50, 68, 106, 110, 193, 144, 141, 72, 36, 104,
       39, 4, 46, 183, 41, 4, 82, 232, 154, 186, 42, 201, 20, 206, 174,
       31, 128, 57, 158, 222, 34, 89, 230, 183, 239, 145, 76, 75, 130,
       112, 209, 225, 123, 59, 0, 64, 175, 91, 166, 114, 248, 218, 172,
       19, 150, 216, 223, 190, 149, 255, 198, 205, 239, 12, 223, 88, 135,
       114, 138, 103, 74, 178, 202, 215, 37, 191, 222, 187, 92, 147, 182,
       181, 97, 88, 223, 201, 147, 205, 155, 244, 176, 159, 8, 220, 126,
       149, 137, 145, 211, 81, 54, 111, 254, 247, 59, 16, 141, 127, 87,
       12, 214, 254, 144, 220, 31, 249, 46, 133, 189, 254, 158, 26, 82,
       114, 180, 147, 40, 97, 231, 27, 63, 234, 99, 220, 3, 119, 229,
       162, 122, 196, 24, 24, 161, 169, 210, 45, 107, 65, 19, 90, 59, 70,
       125, 100, 70, 146, 141, 30, 22, 113, 34, 29, 217, 221, 36, 153,
       181, 206, 247, 105, 10, 7, 37, 132, 7, 102, 229, 114, 253, 69,
       100, 110, 99, 24, 120, 234, 119, 108, 211, 19, 205, 122, 150, 76,
       100, 106, 129, 244, 233, 2, 70, 255, 97, 164, 200, 243, 71, 241,
       55, 119, 234, 198, 230, 19, 238, 240, 117, 194, 255, 239, 113,
       168, 159, 32, 126, 207, 55, 239, 205, 178, 237, 234, 54, 47, 175,
       140, 109, 251, 114, 245, 255, 113, 229, 70, 237, 94, 71, 57, 83,
       234, 182, 12, 122, 117, 151, 62, 24, 228, 116, 110, 233, 231, 253,
       138, 99, 62, 85, 20, 111, 254, 214, 124, 253, 244, 153, 227, 168,
       79, 71, 156, 50, 248, 162, 8, 215, 115, 73, 50, 145, 220, 124,
       122, 105, 86, 217, 18, 237, 193, 37, 116, 160, 50, 130, 35, 120,
       114, 214, 236, 105, 15, 88, 88, 35, 25, 241, 109, 31, 155, 8, 154,
       150, 157, 221, 80, 141, 3, 210, 128, 146, 249, 96, 254, 42, 130,
       42, 19, 215, 76, 111, 158, 7, 230, 175, 224, 244, 194, 198, 130,
       113, 230, 53, 111, 114, 229, 57, 239, 105, 197, 52, 239, 177, 42,
       203, 0, 45, 241, 49, 124, 172, 255, 56, 90, 253, 251, 87, 252, 83,
       46, 109, 56, 106, 241, 35, 149, 25, 122, 132, 122, 122, 102, 122,
       191, 123, 215, 5, 127, 210, 123, 198, 227, 87, 59, 250, 193, 114,
       178, 123, 82, 123, 236, 126, 166, 13, 182, 199, 116, 118, 253,
       183, 222, 133, 210, 165, 232, 30, 237, 35, 163, 175, 229, 43, 213,
       252, 69, 121, 102, 40, 74, 79, 188, 97, 174, 175, 40, 95, 103,
       137, 115, 18, 212, 76, 106, 105, 39, 249, 46, 243, 237, 37, 60,
       98, 179, 70, 49, 150, 179, 109, 183, 172, 219, 172, 105, 30, 248,
       211, 243, 223, 124, 28, 161, 191, 25, 255, 37, 249, 248, 95, 157,
       175, 195, 239, 245, 85, 10, 213, 241, 92, 58, 234, 229, 112, 194,
       123, 16, 33, 232, 223, 161, 153, 23, 131, 80, 118, 253, 61, 250,
       24, 154, 209, 108, 221, 229, 171, 129, 164, 163, 38, 115, 163,
       254, 110, 26, 87, 157, 186, 230, 221, 70, 116, 159, 40, 204, 54,
       17, 175, 169, 211, 71, 230, 111, 62, 255, 54, 27, 24, 59, 85, 29,
       95, 222, 25, 27, 83, 133, 50, 134, 171, 112, 52, 72, 90, 230, 125,
       130, 177, 224, 118, 173, 22, 238, 193, 145, 21, 76, 180, 173, 170,
       128, 45, 163, 41, 177, 60, 121, 178, 96, 61, 221, 82, 80, 235,
       169, 181, 8, 31, 153, 65, 178, 136, 177, 221, 80, 10, 35, 154,
       160, 251, 221, 5, 59, 235, 27, 70, 50, 216, 24, 149, 191, 169,
       108, 52, 167, 170, 210, 34, 16, 255, 119, 1, 223, 163, 119, 249,
       2, 113, 205, 219, 169, 141, 243, 95, 19, 130, 112, 135, 170, 25,
       29, 107, 237, 22, 66, 111, 120, 100, 192, 222, 226, 113, 119, 177,
       100, 126, 252, 30, 238, 201, 147, 53, 143, 243, 237, 162, 128, 47,
       179, 96, 113, 192, 184, 157, 218, 201, 204, 49, 143, 171, 181,
       162, 24, 252, 247, 76, 219, 129, 87, 234, 16, 51, 79, 251, 241,
