%YAML:1.0
---
descriptors: !!opencv-matrix
   rows: 315
   cols: 32
   dt: u
   data: [ 114, 249, 229, 60, 219, 207, 151, 206, 135, 236, 184, 175, 66,
       220, 71, 150, 205, 245, 255, 209, 206, 75, 251, 189, 127, 20, 141,
       255, 117, 60, 214, 126, 126, 238, 104, 168, 189, 127, 80, 202, 15,
       127, 188, 25, 15, 13, 83, 24, 137, 193, 205, 85, 30, 111, 195,
       151, 251, 223, 5, 255, 243, 252, 222, 83, 161, 169, 59, 113, 100,
       237, 113, 51, 125, 80, 102, 8, 54, 147, 0, 49, 128, 58, 18, 8, 19,
       248, 82, 101, 199, 153, 80, 64, 72, 128, 66, 170, 140, 246, 126,
       123, 224, 238, 125, 115, 184, 31, 119, 20, 95, 87, 10, 27, 167,
       17, 101, 42, 240, 244, 51, 70, 207, 251, 112, 197, 192, 192, 231,
       243, 62, 125, 236, 78, 219, 115, 151, 236, 223, 246, 173, 143, 74,
       236, 127, 15, 217, 215, 235, 99, 94, 99, 254, 249, 123, 83, 197,
       63, 215, 127, 222, 214, 161, 5, 97, 65, 84, 91, 226, 113, 117, 96,
       250, 74, 83, 16, 148, 164, 120, 140, 18, 236, 237, 186, 117, 222,
       55, 44, 128, 68, 111, 138, 114, 164, 34, 161, 120, 250, 109, 217,
       212, 111, 11, 5, 252, 9, 42, 253, 44, 20, 201, 187, 195, 1, 90,
       42, 194, 211, 87, 215, 16, 123, 83, 14, 214, 170, 204, 180, 188,
       250, 169, 237, 21, 143, 186, 63, 132, 25, 158, 247, 74, 91, 193,
       87, 233, 16, 122, 77, 251, 179, 219, 243, 95, 127, 146, 88, 133,
       106, 49, 199, 88, 107, 180, 11, 230, 61, 116, 33, 255, 66, 211, 9,
       156, 96, 122, 142, 110, 106, 220, 184, 77, 31, 238, 239, 182, 68,
       109, 138, 208, 136, 254, 172, 190, 250, 137, 245, 92, 207, 179,
       159, 164, 24, 239, 247, 99, 218, 201, 243, 249, 144, 58, 79, 250,
       178, 219, 215, 223, 123, 146, 117, 175, 106, 121, 89, 119, 206,
       124, 199, 67, 120, 69, 232, 254, 78, 115, 213, 161, 116, 124, 244,
       54, 106, 201, 179, 48, 172, 241, 172, 161, 16, 63, 170, 112, 57,
       59, 91, 67, 206, 116, 150, 74, 112, 133, 200, 215, 230, 123, 198,
       181, 244, 126, 236, 22, 238, 201, 147, 36, 236, 178, 249, 162,
       128, 63, 191, 120, 173, 30, 30, 163, 187, 246, 234, 175, 246, 52,
       111, 218, 243, 213, 63, 57, 72, 127, 199, 95, 157, 176, 155, 109,
       238, 253, 102, 190, 192, 164, 93, 181, 251, 124, 176, 184, 232,
       189, 245, 211, 200, 11, 57, 189, 8, 223, 221, 78, 176, 219, 153,
       245, 17, 26, 35, 250, 211, 219, 221, 11, 127, 211, 3, 102, 163,
       83, 233, 3, 186, 11, 197, 14, 230, 171, 64, 136, 9, 174, 150, 1,
       244, 161, 175, 121, 199, 79, 75, 146, 253, 177, 244, 26, 58, 8,
       21, 35, 126, 95, 22, 202, 174, 102, 38, 106, 88, 49, 194, 219,
       231, 127, 227, 187, 216, 118, 237, 63, 238, 141, 147, 140, 202,
       208, 237, 171, 136, 173, 247, 40, 17, 75, 48, 157, 190, 105, 116,
       152, 31, 171, 91, 145, 93, 252, 254, 94, 138, 135, 19, 251, 5,
       135, 67, 210, 193, 151, 251, 90, 186, 140, 68, 11, 223, 135, 168,
       150, 158, 110, 133, 190, 232, 158, 154, 81, 80, 252, 250, 232, 39,
       183, 123, 51, 79, 102, 109, 138, 241, 24, 26, 79, 110, 16, 43, 33,
       141, 238, 180, 188, 218, 251, 245, 158, 219, 155, 255, 176, 63,
       28, 254, 127, 43, 141, 211, 223, 145, 182, 103, 186, 243, 123, 95,
       143, 255, 213, 124, 159, 215, 95, 152, 125, 249, 41, 191, 90, 152,
       239, 120, 135, 69, 222, 31, 85, 251, 135, 53, 253, 247, 159, 69,
       27, 213, 139, 251, 73, 246, 158, 167, 9, 23, 137, 86, 125, 205,
       108, 95, 127, 28, 87, 238, 118, 228, 217, 85, 155, 228, 94, 20,
       254, 110, 193, 180, 101, 158, 102, 255, 163, 132, 126, 184, 84,
       245, 21, 196, 103, 221, 14, 199, 235, 248, 196, 194, 243, 194, 81,
       215, 189, 229, 126, 244, 62, 238, 201, 181, 63, 221, 21, 170, 227,
       4, 55, 187, 112, 240, 44, 98, 148, 250, 108, 45, 105, 216, 239,
       28, 117, 8, 159, 195, 221, 63, 138, 137, 102, 94, 2, 114, 170,
       240, 196, 216, 98, 56, 82, 187, 67, 161, 251, 213, 37, 222, 13,
       85, 197, 125, 213, 94, 197, 22, 242, 252, 62, 227, 220, 132, 251,
       174, 237, 103, 123, 157, 243, 251, 203, 28, 26, 62, 244, 126, 138,
       187, 180, 153, 234, 189, 184, 223, 159, 61, 84, 247, 172, 206,
       238, 205, 207, 27, 167, 17, 146, 94, 138, 209, 14, 81, 126, 239,
       150, 12, 141, 223, 112, 150, 158, 157, 25, 204, 65, 103, 191, 63,
       226, 57, 34, 179, 4, 81, 201, 190, 238, 144, 122, 251, 211, 85,
       153, 182, 214, 83, 192, 0, 102, 10, 53, 2, 234, 220, 52, 182, 75,
       81, 213, 200, 215, 70, 89, 195, 181, 108, 124, 168, 30, 188, 153,
       131, 36, 202, 210, 253, 162, 136, 191, 170, 112, 177, 11, 241, 51,
       202, 245, 197, 191, 245, 15, 45, 124, 42, 156, 223, 236, 36, 190,
       59, 23, 216, 211, 58, 40, 213, 127, 220, 46, 238, 90, 10, 163,
       251, 109, 69, 69, 109, 180, 11, 79, 184, 116, 160, 234, 64, 211,
       99, 153, 117, 80, 196, 108, 110, 105, 176, 101, 62, 228, 254, 229,
       20, 34, 179, 80, 32, 106, 145, 16, 218, 217, 253, 80, 107, 143,
       49, 161, 25, 14, 218, 108, 220, 193, 147, 206, 16, 30, 11, 90,
       213, 155, 80, 85, 127, 210, 12, 143, 6, 246, 113, 54, 222, 79, 69,
       182, 252, 141, 72, 209, 111, 88, 220, 47, 175, 252, 245, 251, 227,
       229, 103, 218, 252, 51, 42, 203, 191, 93, 63, 190, 215, 117, 13,
       199, 71, 166, 50, 238, 120, 97, 194, 219, 198, 115, 104, 189, 230,
       126, 230, 124, 239, 141, 243, 173, 40, 16, 46, 229, 128, 237, 251,
       112, 12, 78, 56, 176, 249, 185, 244, 61, 75, 31, 63, 72, 1, 188,
       190, 107, 200, 181, 59, 187, 149, 19, 88, 146, 241, 141, 247, 30,
       106, 152, 77, 161, 191, 64, 185, 154, 254, 0, 140, 113, 23, 60,
       13, 96, 24, 182, 147, 64, 80, 132, 59, 109, 16, 82, 152, 146, 99,
       193, 181, 50, 74, 0, 0, 135, 43, 20, 203, 205, 245, 212, 74, 111,
       248, 118, 240, 210, 226, 83, 97, 209, 107, 121, 204, 46, 254, 105,
       241, 15, 108, 252, 166, 231, 132, 173, 251, 116, 48, 239, 191,
       245, 242, 168, 60, 95, 184, 251, 250, 189, 125, 223, 127, 221, 55,
       151, 211, 221, 119, 253, 77, 250, 254, 235, 223, 109, 254, 222,
       247, 66, 119, 215, 91, 126, 4, 98, 22, 190, 240, 248, 198, 118,
       229, 125, 42, 183, 115, 38, 229, 52, 238, 229, 209, 180, 110, 114,
       43, 102, 128, 109, 177, 43, 93, 136, 180, 254, 241, 227, 110, 117,
       159, 189, 95, 118, 53, 95, 127, 10, 91, 183, 23, 253, 0, 48, 244,
       19, 67, 215, 235, 112, 71, 226, 208, 175, 211, 44, 99, 83, 235,
       236, 73, 111, 216, 235, 20, 181, 8, 143, 195, 217, 31, 202, 201,
       78, 106, 74, 99, 234, 240, 198, 217, 103, 60, 66, 187, 198, 161,
       255, 106, 243, 68, 102, 50, 239, 80, 249, 138, 247, 226, 73, 206,
       181, 254, 126, 253, 20, 234, 161, 215, 172, 202, 18, 233, 171,
       132, 103, 243, 103, 165, 229, 78, 68, 167, 36, 14, 70, 48, 116,
       170, 243, 76, 243, 97, 145, 215, 16, 228, 108, 110, 233, 244, 205,
       46, 164, 170, 101, 16, 76, 187, 80, 0, 149, 120, 238, 37, 102, 10,
       255, 80, 248, 194, 118, 135, 93, 200, 147, 11, 62, 109, 85, 239,
       229, 245, 180, 72, 114, 41, 111, 128, 109, 241, 123, 208, 147,
       203, 102, 158, 126, 147, 206, 253, 213, 72, 208, 231, 105, 204,
       182, 229, 126, 233, 151, 239, 237, 143, 6, 255, 48, 40, 174, 136,
       63, 191, 184, 221, 119, 121, 54, 238, 239, 5, 158, 238, 143, 154,
       216, 43, 76, 254, 37, 15, 254, 241, 255, 227, 196, 99, 202, 249,
       49, 58, 79, 190, 21, 127, 171, 135, 34, 189, 105, 89, 85, 253,
       178, 230, 13, 109, 248, 175, 162, 156, 22, 16, 204, 187, 215, 1,
       158, 186, 84, 181, 23, 20, 152, 243, 77, 12, 86, 223, 191, 91,
       107, 206, 118, 150, 238, 248, 197, 72, 253, 230, 113, 205, 181,
       228, 126, 232, 23, 239, 233, 163, 12, 255, 50, 45, 162, 136, 127,
       191, 120, 177, 120, 188, 188, 254, 169, 253, 85, 207, 191, 159,
       164, 24, 254, 247, 75, 91, 193, 243, 253, 16, 58, 75, 250, 177,
       219, 211, 87, 123, 146, 80, 166, 106, 54, 180, 248, 218, 221, 253,
       80, 75, 143, 49, 189, 25, 10, 219, 110, 28, 201, 155, 231, 16, 30,
