%YAML:1.0
---
descriptors: !!opencv-matrix
   rows: 270
   cols: 32
   dt: u
   data: [ 212, 121, 27, 172, 26, 197, 19, 64, 168, 192, 161, 8, 54, 223,
       33, 112, 240, 185, 89, 66, 73, 7, 154, 125, 209, 129, 11, 59, 16,
       35, 39, 50, 139, 157, 48, 248, 125, 213, 153, 255, 159, 93, 180,
       63, 172, 159, 182, 165, 206, 19, 223, 129, 246, 47, 114, 223, 251,
       91, 59, 255, 30, 12, 173, 223, 58, 62, 226, 229, 85, 127, 210,
       120, 87, 172, 124, 47, 107, 61, 215, 148, 120, 252, 151, 104, 136,
       178, 89, 158, 251, 221, 129, 179, 111, 238, 94, 155, 156, 120, 26,
       242, 97, 237, 113, 64, 187, 10, 35, 25, 190, 223, 97, 24, 165, 49,
       221, 16, 38, 37, 146, 211, 211, 213, 2, 43, 66, 1, 7, 211, 82,
       249, 27, 248, 27, 197, 19, 228, 171, 4, 136, 11, 38, 215, 33, 80,
       226, 249, 217, 67, 75, 11, 178, 253, 177, 225, 10, 59, 16, 19, 39,
       58, 88, 181, 27, 234, 147, 252, 83, 103, 161, 73, 237, 8, 63, 151,
       32, 112, 166, 187, 213, 16, 27, 11, 176, 17, 251, 245, 2, 107, 50,
       2, 167, 59, 249, 91, 122, 110, 116, 134, 95, 120, 81, 8, 245, 110,
       123, 95, 169, 113, 94, 252, 21, 106, 233, 167, 248, 63, 243, 233,
       161, 152, 123, 187, 106, 51, 168, 59, 120, 98, 116, 141, 123, 80,
       105, 44, 125, 8, 27, 151, 198, 48, 156, 184, 70, 120, 218, 58,
       240, 95, 119, 221, 33, 248, 66, 138, 70, 163, 0, 125, 27, 161, 83,
       141, 115, 87, 173, 133, 106, 0, 191, 147, 32, 80, 38, 187, 27, 88,
       2, 152, 16, 126, 237, 197, 22, 64, 96, 0, 167, 170, 94, 9, 142,
       174, 155, 242, 26, 67, 164, 196, 203, 135, 105, 238, 35, 194, 120,
       245, 233, 147, 28, 131, 158, 232, 218, 231, 139, 75, 173, 103, 45,
       18, 219, 87, 103, 5, 34, 18, 110, 53, 101, 232, 222, 230, 89, 38,
       158, 231, 54, 196, 253, 238, 237, 144, 37, 204, 182, 107, 238,
       128, 47, 182, 185, 125, 252, 61, 188, 252, 172, 110, 85, 191, 194,
       190, 188, 56, 151, 255, 67, 123, 201, 118, 253, 32, 104, 99, 235,
       8, 227, 251, 103, 189, 208, 120, 70, 107, 189, 221, 249, 123, 148,
       255, 238, 255, 87, 235, 251, 82, 211, 124, 157, 224, 125, 218, 18,
       123, 255, 176, 125, 63, 47, 207, 133, 68, 251, 251, 248, 180, 9,
       116, 19, 165, 112, 175, 107, 88, 54, 106, 105, 77, 247, 87, 9,
       112, 148, 184, 23, 45, 171, 150, 112, 31, 229, 212, 35, 32, 2,
       163, 7, 241, 101, 160, 216, 100, 80, 13, 67, 152, 115, 161, 44, 8,
       19, 243, 67, 48, 25, 204, 80, 120, 11, 94, 248, 10, 255, 141, 133,
       60, 160, 227, 66, 168, 184, 238, 66, 218, 87, 147, 98, 232, 119,
       4, 226, 147, 107, 192, 124, 196, 122, 232, 130, 242, 110, 191, 12,
       191, 58, 69, 135, 73, 55, 143, 124, 140, 68, 48, 149, 119, 140,
       47, 135, 32, 238, 178, 171, 76, 215, 113, 72, 11, 137, 102, 104,
       58, 25, 225, 219, 40, 205, 174, 119, 16, 200, 123, 193, 50, 207,
       207, 134, 159, 247, 50, 62, 167, 29, 31, 91, 183, 108, 104, 63,
       205, 243, 207, 183, 151, 246, 220, 77, 239, 60, 118, 223, 195,
       158, 125, 185, 77, 38, 108, 154, 208, 127, 189, 178, 198, 155,
       167, 188, 43, 172, 216, 101, 8, 255, 187, 131, 17, 6, 47, 146,
       242, 95, 85, 31, 123, 211, 77, 15, 142, 143, 223, 162, 179, 247,
       180, 190, 199, 95, 91, 223, 247, 140, 40, 126, 233, 239, 203, 158,
       151, 183, 124, 31, 242, 190, 87, 222, 195, 159, 93, 185, 159, 64,
       140, 31, 189, 16, 174, 121, 39, 188, 21, 98, 21, 247, 41, 0, 75,
       129, 39, 104, 4, 48, 252, 83, 39, 205, 183, 82, 64, 192, 0, 129,
       26, 247, 175, 194, 158, 252, 35, 207, 255, 147, 174, 152, 255, 97,
       235, 255, 19, 93, 230, 31, 239, 248, 71, 14, 191, 186, 78, 239,
       188, 191, 255, 248, 145, 21, 164, 241, 237, 182, 42, 110, 251, 54,
       162, 250, 70, 211, 105, 153, 64, 127, 205, 63, 175, 233, 176, 205,
       30, 236, 174, 175, 132, 253, 240, 80, 161, 216, 136, 144, 179, 41,
       216, 112, 34, 173, 23, 162, 17, 175, 159, 66, 203, 226, 51, 237,
       0, 78, 76, 211, 161, 199, 209, 90, 91, 34, 4, 15, 74, 97, 148,
       189, 125, 61, 14, 209, 59, 125, 227, 230, 24, 146, 61, 4, 115,
       133, 20, 104, 40, 185, 249, 241, 14, 207, 191, 80, 20, 200, 168,
       64, 58, 56, 133, 83, 238, 149, 215, 87, 103, 5, 4, 233, 10, 43,
       251, 40, 112, 216, 186, 150, 160, 88, 187, 112, 189, 243, 245,
       128, 27, 51, 10, 252, 42, 34, 165, 224, 84, 93, 253, 212, 71, 91,
       37, 248, 27, 170, 184, 22, 4, 200, 179, 223, 1, 190, 107, 210,
       215, 23, 30, 146, 59, 69, 76, 222, 142, 64, 191, 187, 252, 176,
       172, 113, 55, 184, 13, 74, 0, 180, 179, 0, 83, 161, 63, 125, 8,
       114, 217, 146, 77, 241, 191, 50, 66, 0, 0, 231, 43, 229, 100, 153,
       237, 152, 47, 71, 154, 18, 170, 40, 72, 215, 115, 9, 57, 149, 92,
       125, 106, 41, 112, 217, 30, 229, 158, 37, 52, 208, 249, 66, 34,
       20, 69, 30, 188, 18, 194, 127, 123, 52, 128, 218, 3, 85, 243, 32,
       80, 126, 249, 31, 226, 104, 147, 17, 95, 241, 231, 175, 5, 48,
       240, 165, 2, 65, 61, 189, 117, 52, 206, 125, 55, 232, 226, 110, 8,
       182, 56, 18, 51, 129, 47, 120, 9, 213, 248, 241, 76, 239, 187, 84,
       16, 64, 64, 211, 106, 97, 121, 63, 117, 96, 143, 117, 55, 172,
       168, 106, 72, 183, 53, 1, 48, 164, 118, 127, 76, 193, 184, 177,
       60, 229, 155, 117, 16, 64, 58, 195, 107, 17, 189, 63, 126, 19,
       204, 53, 119, 172, 73, 108, 1, 190, 183, 32, 48, 166, 51, 93, 12,
       18, 137, 50, 125, 243, 191, 82, 2, 64, 0, 167, 235, 57, 73, 122,
       109, 68, 86, 127, 117, 101, 224, 246, 2, 115, 11, 51, 113, 120,
       236, 23, 238, 73, 187, 49, 12, 115, 233, 164, 1, 107, 186, 106,
       234, 185, 71, 106, 108, 86, 2, 71, 120, 85, 230, 250, 199, 83,
       233, 179, 81, 120, 236, 22, 110, 237, 183, 5, 158, 242, 239, 225,
       16, 125, 250, 114, 200, 1, 184, 153, 251, 236, 165, 177, 218, 222,
       25, 81, 112, 188, 211, 104, 72, 201, 11, 51, 24, 19, 78, 74, 241,
       205, 149, 123, 110, 152, 9, 161, 163, 143, 251, 254, 251, 239,
       255, 255, 212, 255, 95, 247, 247, 253, 254, 254, 105, 255, 251,
       255, 215, 215, 240, 111, 241, 255, 219, 239, 195, 191, 255, 245,
       215, 169, 57, 121, 65, 116, 207, 235, 112, 121, 172, 117, 12, 187,
       21, 148, 52, 26, 184, 70, 106, 201, 186, 112, 127, 103, 221, 32,
       96, 67, 139, 70, 240, 246, 68, 150, 172, 13, 38, 86, 104, 173,
       130, 131, 11, 70, 234, 45, 91, 248, 229, 108, 99, 104, 231, 25,
       206, 177, 242, 207, 23, 32, 123, 116, 6, 248, 59, 188, 244, 172,
       77, 85, 55, 200, 191, 183, 57, 191, 191, 66, 91, 199, 119, 237, 0,
       56, 107, 227, 8, 219, 243, 116, 187, 128, 104, 143, 91, 198, 56,
       186, 178, 68, 100, 185, 66, 153, 198, 89, 19, 133, 254, 115, 47,
       237, 125, 51, 147, 28, 86, 178, 194, 215, 148, 203, 234, 133, 97,
       39, 246, 80, 249, 126, 126, 34, 200, 53, 101, 172, 0, 106, 161,
       125, 247, 32, 80, 162, 51, 125, 192, 66, 153, 130, 125, 241, 227,
       110, 139, 32, 18, 167, 59, 252, 60, 29, 229, 56, 79, 71, 184, 56,
       162, 39, 24, 214, 51, 1, 19, 145, 84, 76, 106, 121, 245, 217, 14,
       237, 203, 101, 52, 200, 105, 66, 34, 220, 124, 159, 165, 178, 106,
       119, 166, 184, 226, 42, 40, 247, 51, 65, 114, 35, 117, 108, 82,
       97, 221, 153, 42, 249, 199, 101, 18, 160, 115, 7, 43, 100, 33,
       157, 96, 137, 237, 67, 138, 226, 189, 172, 8, 147, 247, 65, 58,
       201, 214, 108, 24, 26, 98, 226, 48, 205, 159, 113, 125, 192, 67,
       70, 34, 208, 79, 191, 119, 130, 66, 63, 167, 180, 130, 202, 160,
       245, 183, 33, 99, 38, 119, 233, 226, 104, 205, 133, 106, 241, 166,
       126, 1, 160, 112, 165, 42, 101, 237, 192, 70, 221, 28, 70, 172,
       67, 224, 168, 76, 66, 112, 223, 246, 88, 198, 96, 126, 221, 42,
       221, 40, 62, 60, 133, 124, 203, 254, 90, 4, 193, 57, 185, 228, 52,
       78, 81, 7, 126, 165, 34, 24, 151, 26, 64, 112, 128, 63, 93, 17,
       105, 188, 241, 10, 221, 248, 50, 32, 64, 0, 7, 42, 205, 228, 17,
       229, 53, 143, 98, 186, 119, 168, 66, 72, 191, 81, 88, 244, 17,
