%YAML:1.0
---
descriptors: !!opencv-matrix
   rows: 264
   cols: 32
   dt: u
   data: [ 88, 178, 158, 176, 170, 168, 88, 199, 163, 63, 166, 189, 15,
       163, 66, 90, 167, 151, 237, 148, 30, 75, 130, 16, 218, 227, 125,
       253, 168, 64, 175, 19, 215, 206, 54, 190, 191, 176, 190, 234, 255,
       22, 81, 151, 236, 232, 63, 73, 247, 235, 191, 39, 230, 101, 14,
       255, 180, 114, 94, 207, 93, 125, 57, 71, 254, 116, 232, 126, 95,
       119, 150, 232, 19, 166, 165, 187, 74, 125, 15, 151, 253, 212, 221,
       227, 44, 103, 249, 191, 251, 231, 221, 63, 119, 127, 126, 86, 254,
       108, 226, 38, 157, 91, 214, 232, 81, 230, 167, 159, 75, 108, 31,
       149, 57, 196, 233, 231, 108, 231, 221, 174, 58, 119, 197, 23, 103,
       63, 222, 86, 80, 186, 154, 178, 170, 172, 24, 7, 186, 27, 139,
       221, 191, 167, 64, 90, 167, 183, 109, 20, 26, 73, 146, 97, 216,
       231, 122, 233, 168, 64, 171, 27, 137, 204, 7, 223, 112, 146, 171,
       248, 52, 66, 70, 198, 249, 199, 177, 229, 127, 40, 26, 238, 225,
       148, 127, 127, 36, 47, 170, 128, 62, 181, 57, 184, 201, 119, 63,
       6, 184, 127, 23, 28, 252, 237, 159, 252, 246, 53, 139, 191, 22,
       70, 204, 124, 161, 225, 245, 14, 224, 49, 36, 176, 202, 223, 143,
       121, 93, 213, 25, 233, 182, 78, 79, 184, 38, 160, 222, 66, 215,
       115, 248, 96, 118, 220, 62, 234, 89, 144, 125, 63, 249, 173, 167,
       68, 60, 187, 176, 32, 147, 207, 66, 190, 86, 146, 110, 230, 181,
       64, 202, 231, 97, 202, 178, 208, 126, 235, 159, 231, 237, 159, 4,
       255, 176, 38, 170, 128, 61, 150, 184, 28, 64, 169, 155, 117, 1,
       204, 65, 39, 236, 145, 174, 8, 182, 179, 64, 123, 160, 54, 104, 8,
       80, 105, 147, 0, 193, 249, 80, 80, 64, 0, 195, 42, 87, 173, 253,
       243, 166, 168, 255, 136, 251, 147, 27, 210, 253, 250, 93, 106,
       183, 83, 53, 83, 179, 112, 158, 227, 168, 158, 223, 198, 132, 243,
       129, 33, 60, 97, 17, 97, 29, 79, 198, 42, 106, 160, 168, 8, 178,
       81, 68, 180, 152, 108, 72, 106, 73, 34, 217, 56, 169, 220, 5, 58,
       64, 43, 66, 162, 101, 109, 44, 5, 205, 91, 198, 168, 67, 164, 174,
       9, 195, 104, 95, 18, 152, 196, 98, 110, 76, 114, 237, 60, 39, 24,
       69, 53, 65, 255, 90, 196, 194, 156, 186, 187, 190, 229, 189, 135,
       158, 87, 82, 51, 188, 254, 102, 104, 231, 59, 59, 145, 182, 220,
       59, 243, 205, 55, 190, 203, 148, 80, 165, 75, 191, 191, 104, 98,
       245, 255, 243, 215, 119, 237, 189, 127, 27, 29, 214, 49, 189, 155,
       215, 81, 190, 186, 120, 182, 123, 93, 37, 247, 231, 143, 222, 243,
       189, 71, 67, 205, 180, 54, 238, 122, 117, 202, 250, 214, 91, 104,
       181, 229, 124, 228, 30, 174, 253, 183, 101, 206, 178, 254, 163,
       128, 127, 255, 248, 148, 253, 79, 244, 71, 180, 26, 78, 164, 113,
       172, 254, 100, 75, 96, 159, 244, 82, 228, 108, 110, 236, 241, 237,
       46, 178, 254, 37, 20, 103, 183, 106, 5, 105, 5, 16, 69, 149, 63,
       102, 47, 109, 160, 110, 8, 195, 96, 31, 180, 144, 196, 104, 108,
       76, 176, 113, 14, 39, 255, 5, 20, 66, 250, 74, 12, 94, 142, 230,
       150, 226, 162, 63, 231, 62, 151, 83, 183, 109, 238, 171, 207, 103,
       231, 183, 151, 116, 221, 13, 239, 56, 38, 254, 199, 165, 245, 165,
       95, 125, 111, 148, 101, 57, 30, 70, 58, 99, 168, 190, 72, 207, 35,
       211, 246, 20, 196, 236, 124, 201, 120, 193, 136, 174, 255, 101,
       181, 234, 244, 74, 37, 173, 121, 249, 119, 100, 77, 247, 216, 114,
       238, 53, 8, 19, 221, 219, 59, 156, 220, 116, 110, 233, 118, 250,
       32, 71, 201, 101, 44, 99, 185, 86, 243, 129, 248, 59, 219, 116,
       213, 171, 212, 94, 73, 112, 114, 180, 158, 252, 96, 254, 57, 22,
       89, 131, 184, 48, 119, 5, 140, 58, 232, 156, 8, 161, 249, 40, 190,
       248, 90, 253, 185, 210, 238, 223, 31, 188, 57, 174, 249, 100, 16,
       201, 122, 195, 16, 42, 111, 74, 183, 107, 215, 20, 123, 210, 73,
       222, 139, 202, 248, 255, 176, 111, 237, 185, 202, 191, 85, 180,
       185, 188, 223, 76, 11, 175, 217, 255, 17, 34, 111, 186, 241, 221,
       91, 95, 239, 196, 12, 39, 251, 44, 81, 120, 79, 244, 79, 247, 184,
       68, 140, 127, 0, 83, 85, 189, 32, 28, 80, 7, 106, 192, 176, 121,
       28, 103, 137, 37, 4, 83, 187, 68, 163, 49, 31, 70, 143, 22, 7,
       226, 120, 100, 168, 251, 70, 115, 96, 177, 192, 120, 236, 14, 238,
       205, 179, 13, 13, 56, 46, 163, 196, 109, 171, 120, 5, 30, 49, 187,
       248, 211, 224, 17, 65, 171, 65, 237, 48, 31, 223, 99, 120, 250,
       185, 151, 144, 27, 147, 50, 208, 211, 213, 2, 43, 186, 64, 167,
       242, 254, 125, 230, 30, 155, 91, 150, 236, 179, 230, 132, 143,
       106, 124, 23, 151, 121, 246, 253, 227, 236, 99, 253, 174, 59, 119,
       205, 155, 103, 127, 222, 94, 57, 125, 121, 110, 84, 215, 211, 116,
       81, 64, 252, 14, 51, 29, 16, 48, 72, 184, 21, 74, 73, 186, 112,
       61, 243, 237, 160, 57, 123, 155, 118, 250, 165, 205, 241, 87, 212,
       79, 199, 255, 83, 162, 124, 90, 115, 117, 157, 53, 89, 254, 38,
       106, 233, 246, 109, 46, 63, 46, 101, 20, 103, 249, 214, 160, 204,
       32, 146, 176, 169, 40, 104, 10, 187, 147, 162, 24, 143, 163, 65,
       223, 35, 101, 104, 152, 50, 69, 195, 194, 156, 210, 95, 124, 130,
       101, 11, 0, 25, 79, 107, 79, 52, 135, 239, 240, 84, 72, 254, 230,
       113, 193, 181, 100, 124, 232, 22, 238, 233, 176, 109, 63, 118, 47,
       163, 128, 127, 155, 112, 169, 126, 39, 224, 68, 155, 91, 85, 9,
       115, 230, 172, 173, 75, 100, 207, 22, 25, 204, 236, 188, 108, 99,
       237, 138, 250, 247, 5, 63, 231, 238, 94, 118, 210, 204, 134, 190,
       137, 225, 180, 230, 158, 23, 194, 59, 44, 254, 40, 203, 233, 247,
       235, 131, 126, 207, 138, 247, 177, 114, 222, 27, 0, 93, 189, 10,
       91, 185, 147, 184, 139, 173, 24, 199, 171, 113, 136, 205, 175,
       166, 66, 218, 167, 231, 253, 149, 31, 73, 146, 241, 152, 244, 30,
       123, 138, 68, 139, 94, 121, 207, 107, 78, 86, 18, 206, 244, 212,
       192, 254, 230, 113, 233, 181, 100, 122, 228, 54, 238, 201, 179,
       44, 175, 114, 45, 165, 128, 127, 187, 120, 168, 60, 221, 123, 238,
       83, 197, 83, 244, 165, 192, 237, 46, 127, 223, 33, 48, 254, 187,
       149, 226, 75, 11, 56, 189, 243, 205, 7, 59, 123, 50, 38, 187, 6,
       157, 186, 187, 178, 231, 187, 134, 158, 13, 78, 35, 245, 254, 42,
       96, 247, 123, 59, 145, 22, 153, 26, 255, 237, 215, 159, 195, 148,
       91, 181, 219, 32, 219, 126, 94, 60, 130, 215, 183, 213, 4, 228,
       32, 98, 249, 39, 117, 200, 242, 107, 66, 122, 171, 122, 61, 99,
       187, 198, 27, 80, 25, 244, 107, 125, 207, 102, 79, 181, 90, 78,
       173, 117, 228, 238, 136, 107, 96, 159, 213, 114, 238, 236, 238,
       236, 240, 237, 175, 186, 254, 69, 17, 103, 246, 222, 76, 223, 143,
       238, 231, 182, 54, 104, 176, 117, 249, 94, 198, 221, 42, 155, 226,
       119, 199, 61, 157, 173, 216, 157, 238, 238, 235, 255, 196, 175,
       228, 121, 29, 41, 17, 117, 69, 36, 31, 237, 51, 109, 234, 118, 68,
       251, 61, 149, 228, 124, 164, 118, 44, 201, 184, 117, 204, 39, 249,
       226, 128, 79, 168, 80, 253, 236, 180, 161, 124, 249, 95, 86, 248,
       83, 254, 228, 25, 66, 253, 78, 61, 157, 220, 245, 112, 239, 118,
       251, 31, 107, 223, 69, 63, 210, 124, 214, 247, 190, 245, 110, 113,
       135, 223, 181, 247, 189, 126, 180, 63, 26, 93, 30, 49, 173, 147,
       215, 115, 255, 109, 56, 221, 251, 91, 101, 247, 111, 12, 223, 223,
       201, 223, 111, 79, 34, 18, 175, 53, 124, 74, 86, 230, 245, 38,
       146, 97, 118, 102, 60, 239, 241, 156, 37, 111, 100, 43, 238, 128,
       44, 178, 177, 121, 124, 48, 189, 114, 168, 109, 81, 24, 227, 183,
       165, 24, 87, 183, 73, 59, 1, 212, 108, 24, 27, 101, 250, 0, 219,
       203, 117, 124, 226, 225, 70, 98, 173, 117, 117, 101, 116, 15, 111,
       121, 113, 168, 246, 76, 123, 19, 149, 53, 30, 236, 86, 110, 233,
       178, 241, 12, 119, 249, 37, 48, 107, 184, 66, 169, 194, 183, 124,
       71, 114, 10, 58, 57, 57, 77, 127, 245, 255, 111, 140, 16, 54, 23,
       213, 38, 241, 216, 205, 79, 102, 175, 32, 194, 109, 130, 134, 177,
