%YAML:1.0
---
descriptors: !!opencv-matrix
   rows: 152
   cols: 32
   dt: u
   data: [ 196, 205, 133, 147, 148, 168, 38, 134, 54, 19, 75, 82, 240,
       98, 73, 74, 97, 206, 42, 218, 50, 216, 203, 98, 172, 38, 222, 64,
       128, 115, 161, 0, 252, 233, 196, 255, 204, 7, 78, 184, 83, 186,
       176, 74, 67, 105, 93, 19, 89, 198, 101, 234, 122, 98, 203, 189,
       171, 219, 197, 116, 127, 251, 208, 0, 245, 105, 233, 234, 142, 67,
       79, 200, 67, 242, 165, 10, 83, 213, 89, 59, 120, 196, 121, 254,
       73, 103, 255, 48, 249, 136, 197, 60, 245, 187, 114, 96, 45, 248,
       147, 187, 117, 141, 102, 212, 127, 121, 120, 76, 255, 217, 64,
       176, 213, 233, 102, 94, 199, 122, 90, 49, 175, 223, 52, 104, 202,
       155, 194, 153, 77, 115, 253, 101, 34, 94, 121, 48, 41, 220, 55,
       236, 223, 23, 139, 122, 38, 85, 252, 238, 193, 0, 229, 72, 198,
       233, 96, 132, 46, 178, 15, 113, 40, 178, 184, 80, 105, 253, 81,
       91, 251, 127, 52, 61, 142, 156, 70, 190, 137, 24, 228, 16, 158,
       111, 242, 144, 91, 217, 17, 127, 194, 12, 78, 87, 86, 32, 245,
       225, 230, 42, 248, 130, 123, 179, 179, 154, 143, 43, 93, 26, 175,
       213, 125, 145, 146, 116, 201, 192, 156, 218, 95, 246, 197, 225, 3,
       129, 134, 156, 173, 23, 194, 102, 189, 167, 62, 87, 74, 144, 212,
       60, 76, 107, 131, 87, 163, 145, 54, 220, 59, 98, 109, 38, 222, 71,
       132, 81, 133, 250, 253, 98, 205, 226, 140, 35, 75, 216, 82, 178,
       149, 250, 211, 64, 217, 171, 91, 196, 108, 254, 171, 102, 207, 50,
       152, 139, 229, 252, 253, 251, 90, 32, 197, 38, 221, 117, 238, 40,
       233, 218, 251, 179, 179, 220, 223, 235, 221, 59, 47, 197, 124,
       159, 161, 103, 207, 66, 220, 154, 127, 188, 205, 241, 3, 161, 72,
       169, 118, 113, 179, 216, 124, 55, 239, 113, 78, 144, 157, 151,
       130, 116, 38, 63, 253, 156, 208, 216, 181, 84, 239, 249, 22, 193,
       34, 132, 135, 107, 9, 13, 255, 245, 244, 142, 111, 50, 124, 128,
       126, 194, 253, 51, 177, 96, 118, 109, 62, 234, 177, 248, 37, 238,
       100, 174, 231, 0, 166, 242, 97, 169, 77, 17, 189, 101, 37, 14,
       115, 56, 104, 104, 39, 12, 222, 113, 9, 114, 178, 68, 120, 106,
       129, 176, 249, 8, 199, 185, 65, 6, 74, 35, 67, 51, 2, 251, 25,
       170, 216, 205, 182, 207, 142, 1, 73, 75, 164, 222, 104, 0, 217,
       59, 3, 81, 18, 26, 90, 117, 61, 20, 30, 106, 144, 26, 133, 138,
       130, 165, 29, 155, 252, 233, 168, 143, 30, 49, 25, 185, 148, 226,
       200, 9, 207, 27, 106, 17, 51, 88, 203, 213, 76, 146, 63, 252, 156,
       72, 137, 169, 190, 6, 237, 255, 170, 98, 95, 217, 150, 255, 151,
       179, 81, 103, 235, 75, 127, 214, 191, 178, 57, 71, 111, 162, 250,
       227, 255, 213, 181, 251, 180, 115, 133, 166, 221, 241, 236, 169,
       169, 27, 222, 51, 49, 220, 157, 161, 216, 43, 163, 11, 126, 28,
       179, 124, 203, 211, 76, 155, 127, 244, 220, 200, 195, 161, 227,
       178, 177, 80, 105, 253, 16, 82, 235, 253, 53, 125, 142, 157, 198,
       63, 135, 25, 213, 17, 150, 109, 242, 208, 75, 217, 112, 255, 194,
       12, 71, 247, 65, 152, 28, 184, 41, 205, 16, 175, 143, 25, 164, 25,
       190, 179, 2, 91, 133, 51, 252, 0, 110, 73, 211, 53, 203, 243, 80,
       59, 24, 8, 9, 27, 121, 190, 218, 183, 49, 173, 122, 85, 59, 169,
       251, 77, 255, 187, 74, 144, 183, 207, 237, 20, 30, 122, 217, 177,
       255, 255, 53, 240, 202, 194, 202, 11, 164, 204, 214, 254, 252,
       171, 214, 239, 223, 147, 248, 88, 238, 232, 37, 201, 211, 107,
       110, 35, 50, 111, 10, 255, 168, 190, 87, 58, 212, 121, 193, 141,
       236, 235, 196, 231, 237, 15, 70, 188, 87, 184, 177, 73, 67, 105,
       92, 19, 89, 198, 108, 114, 106, 98, 203, 177, 47, 219, 229, 124,
       251, 187, 216, 2, 194, 173, 147, 148, 254, 160, 174, 175, 154,
       179, 24, 210, 253, 235, 112, 66, 55, 111, 123, 153, 114, 77, 142,
       251, 172, 22, 223, 252, 132, 113, 129, 8, 253, 117, 149, 236, 169,
       15, 94, 248, 59, 170, 185, 76, 223, 123, 9, 177, 221, 213, 125,
       98, 105, 99, 219, 190, 241, 219, 101, 190, 90, 123, 194, 3, 241,
       72, 207, 188, 78, 8, 109, 16, 249, 146, 178, 90, 123, 99, 145,
       123, 106, 229, 108, 234, 105, 71, 199, 226, 212, 170, 254, 24, 37,
       241, 98, 40, 124, 120, 186, 114, 77, 45, 81, 200, 227, 178, 165,
       25, 30, 217, 71, 27, 169, 253, 113, 82, 12, 103, 154, 160, 219,
       219, 85, 63, 225, 121, 70, 130, 196, 173, 133, 147, 214, 168, 38,
       143, 186, 147, 10, 82, 244, 226, 73, 74, 113, 234, 42, 152, 114,
       92, 202, 243, 172, 6, 159, 100, 160, 112, 161, 136, 38, 165, 112,
       203, 253, 125, 184, 41, 95, 117, 185, 27, 204, 92, 92, 141, 155,
       27, 251, 49, 182, 122, 91, 213, 15, 24, 31, 127, 150, 14, 221,
       214, 242, 184, 238, 114, 141, 249, 145, 135, 187, 87, 134, 157,
       170, 188, 86, 10, 169, 243, 249, 145, 190, 109, 246, 227, 223,
       119, 220, 91, 199, 76, 222, 94, 93, 103, 214, 71, 176, 11, 111,
       184, 118, 168, 111, 228, 209, 227, 153, 244, 55, 108, 44, 238,
       225, 208, 205, 46, 44, 174, 101, 132, 46, 179, 64, 161, 245, 119,
       205, 38, 142, 3, 71, 248, 194, 242, 185, 206, 83, 100, 203, 19,
       125, 196, 108, 238, 233, 99, 255, 42, 248, 193, 229, 60, 253, 251,
       242, 112, 56, 169, 114, 108, 85, 221, 82, 246, 99, 4, 252, 8, 42,
       159, 54, 180, 120, 250, 134, 72, 94, 59, 240, 189, 123, 253, 0,
       43, 115, 142, 110, 174, 34, 173, 17, 186, 217, 133, 166, 238, 158,
       17, 232, 75, 164, 210, 104, 0, 221, 27, 3, 81, 83, 10, 90, 245,
       185, 148, 15, 126, 24, 10, 131, 138, 88, 188, 188, 114, 169, 237,
       21, 143, 187, 63, 164, 25, 174, 183, 74, 27, 135, 83, 237, 16, 58,
       75, 250, 49, 219, 211, 85, 127, 194, 80, 135, 107, 254, 80, 118,
       236, 77, 86, 94, 232, 49, 142, 247, 11, 75, 95, 47, 223, 248, 212,
       253, 226, 108, 199, 249, 202, 179, 251, 199, 31, 35, 183, 126, 70,
       93, 33, 147, 225, 178, 46, 104, 25, 58, 163, 99, 80, 223, 51, 72,
       250, 179, 31, 60, 56, 17, 208, 145, 2, 141, 239, 119, 68, 168,
       224, 131, 161, 126, 36, 240, 99, 87, 127, 250, 200, 123, 246, 191,
       27, 75, 125, 95, 190, 187, 221, 221, 243, 172, 247, 249, 194, 159,
       220, 7, 55, 231, 247, 78, 198, 6, 181, 116, 131, 255, 127, 250,
       201, 111, 181, 187, 27, 206, 60, 94, 142, 187, 157, 223, 51, 182,
       112, 217, 214, 159, 28, 11, 119, 199, 79, 223, 198, 24, 220, 57,
       251, 49, 207, 83, 183, 86, 13, 238, 16, 183, 87, 32, 112, 213, 58,
       28, 24, 42, 136, 97, 63, 235, 255, 52, 80, 18, 136, 196, 107, 45,
       29, 23, 238, 61, 207, 86, 48, 197, 136, 251, 68, 254, 123, 32,
       240, 212, 114, 92, 106, 201, 161, 88, 63, 227, 255, 33, 26, 90,
       43, 64, 51, 125, 111, 148, 229, 169, 31, 94, 186, 59, 170, 184,
       76, 223, 115, 137, 179, 157, 197, 108, 110, 233, 98, 193, 30, 243,
       219, 101, 188, 74, 121, 202, 1, 132, 140, 150, 158, 188, 43, 150,
       239, 222, 179, 248, 80, 238, 226, 41, 79, 211, 103, 106, 43, 50,
       107, 11, 255, 184, 182, 87, 94, 208, 120, 161, 129, 41, 233, 27,
       107, 116, 205, 102, 220, 110, 72, 120, 72, 191, 217, 88, 176, 152,
       104, 22, 78, 199, 178, 120, 61, 103, 221, 37, 32, 66, 154, 66,
       201, 113, 65, 45, 173, 44, 15, 79, 56, 237, 232, 183, 72, 211,
       100, 154, 119, 216, 228, 124, 110, 201, 163, 121, 28, 181, 250,
       193, 20, 80, 170, 82, 100, 163, 112, 245, 112, 104, 141, 248, 0,
       235, 249, 49, 249, 158, 157, 212, 59, 135, 25, 85, 21, 146, 108,
       130, 208, 143, 216, 80, 250, 196, 133, 3, 247, 227, 170, 254, 26,
       203, 181, 152, 199, 219, 95, 180, 31, 40, 250, 102, 222, 239, 227,
       234, 149, 182, 111, 174, 243, 27, 95, 94, 251, 211, 68, 239, 79,
       77, 49, 241, 69, 103, 30, 113, 16, 105, 232, 55, 76, 222, 17, 141,
       182, 178, 4, 124, 106, 193, 176, 177, 72, 71, 56, 33, 6, 74, 34,
       67, 39, 109, 75, 191, 101, 36, 14, 111, 176, 105, 232, 126, 76,
       219, 99, 145, 114, 150, 100, 108, 110, 193, 176, 233, 40, 230,
       249, 101, 128, 74, 179, 66, 33, 19, 93, 123, 229, 50, 206, 191,
