%YAML:1.0
---
descriptors: !!opencv-matrix
   rows: 261
   cols: 32
   dt: u
   data: [ 242, 98, 70, 137, 75, 129, 168, 66, 38, 60, 208, 247, 128,
       135, 224, 221, 108, 157, 239, 145, 104, 95, 199, 208, 148, 32,
       250, 233, 53, 4, 52, 218, 101, 224, 209, 69, 84, 14, 75, 152, 115,
       160, 36, 8, 19, 243, 77, 52, 89, 204, 0, 124, 75, 118, 248, 10,
       31, 140, 5, 108, 195, 178, 66, 160, 188, 12, 111, 190, 95, 225,
       223, 72, 149, 70, 221, 131, 97, 237, 51, 0, 120, 176, 147, 167,
       40, 39, 42, 187, 115, 103, 169, 153, 119, 239, 116, 242, 129, 163,
       14, 9, 76, 157, 232, 81, 108, 113, 211, 94, 131, 136, 214, 235,
       232, 136, 106, 157, 135, 184, 199, 192, 4, 56, 146, 64, 77, 140,
       121, 140, 46, 241, 96, 72, 213, 249, 231, 223, 127, 69, 252, 157,
       131, 204, 126, 180, 27, 138, 215, 93, 158, 50, 252, 243, 111, 93,
       5, 253, 247, 221, 222, 214, 222, 95, 247, 119, 171, 252, 127, 148,
       173, 94, 55, 181, 110, 191, 215, 255, 167, 119, 253, 87, 213, 85,
       191, 224, 247, 123, 86, 131, 174, 247, 237, 87, 47, 255, 232, 99,
       233, 253, 215, 212, 83, 109, 125, 189, 155, 252, 223, 180, 157,
       218, 215, 94, 159, 50, 252, 178, 111, 221, 37, 255, 223, 223, 222,
       247, 137, 97, 89, 73, 104, 157, 232, 80, 238, 72, 240, 64, 153,
       130, 212, 184, 72, 40, 94, 216, 131, 156, 119, 80, 13, 217, 162,
       64, 88, 131, 99, 164, 156, 112, 19, 233, 20, 79, 107, 120, 37, 36,
       243, 10, 159, 83, 33, 81, 120, 156, 79, 106, 73, 183, 217, 156,
       245, 224, 163, 52, 115, 139, 103, 162, 156, 121, 26, 169, 28, 207,
       179, 240, 164, 36, 226, 3, 151, 211, 97, 80, 250, 189, 78, 115,
       72, 147, 145, 28, 241, 161, 43, 117, 48, 43, 7, 130, 24, 50, 90,
       232, 102, 203, 49, 79, 31, 165, 85, 187, 31, 149, 98, 8, 62, 153,
       167, 17, 2, 126, 3, 209, 217, 129, 49, 239, 53, 136, 37, 171, 129,
       16, 63, 121, 29, 215, 200, 91, 118, 73, 224, 16, 176, 150, 48,
       232, 216, 56, 26, 152, 43, 174, 115, 93, 135, 255, 210, 8, 80, 0,
       96, 160, 64, 140, 158, 190, 32, 172, 49, 39, 188, 31, 106, 21,
       246, 179, 32, 64, 165, 35, 104, 4, 48, 137, 19, 111, 201, 182, 90,
       64, 216, 64, 161, 26, 35, 32, 53, 89, 77, 223, 192, 7, 95, 249,
       240, 88, 138, 24, 212, 173, 200, 172, 250, 8, 137, 122, 115, 212,
       7, 90, 80, 114, 91, 12, 82, 172, 209, 148, 191, 117, 28, 14, 113,
       59, 127, 243, 230, 16, 243, 61, 4, 123, 133, 52, 104, 40, 169,
       253, 113, 15, 207, 191, 80, 84, 200, 168, 64, 58, 81, 169, 185,
       232, 172, 92, 88, 31, 106, 201, 170, 8, 151, 190, 81, 48, 128,
       151, 124, 25, 143, 41, 179, 0, 251, 253, 39, 60, 192, 96, 67, 106,
       29, 189, 91, 234, 240, 140, 123, 115, 57, 9, 121, 64, 63, 251, 40,
       80, 182, 187, 21, 48, 114, 187, 16, 47, 251, 237, 32, 200, 104,
       130, 163, 131, 80, 189, 59, 252, 147, 236, 53, 55, 188, 15, 106,
       16, 60, 179, 32, 115, 163, 63, 121, 0, 114, 201, 146, 109, 241,
       175, 18, 66, 0, 64, 167, 43, 55, 239, 107, 206, 22, 131, 75, 252,
       199, 196, 220, 230, 115, 225, 186, 68, 126, 234, 31, 238, 202,
       139, 44, 191, 248, 14, 133, 216, 55, 154, 112, 224, 109, 109, 25,
       117, 168, 47, 79, 182, 50, 170, 42, 72, 215, 51, 1, 57, 145, 124,
       116, 110, 105, 240, 249, 62, 229, 222, 101, 52, 64, 249, 66, 41,
       65, 60, 189, 117, 52, 238, 113, 55, 104, 235, 110, 24, 182, 60,
       22, 115, 129, 38, 124, 9, 149, 248, 241, 77, 207, 187, 114, 16,
       192, 64, 211, 106, 109, 89, 189, 125, 228, 15, 103, 176, 116, 168,
       98, 72, 214, 53, 1, 57, 148, 124, 113, 110, 209, 248, 241, 40,
       229, 190, 101, 48, 192, 187, 82, 168, 16, 153, 63, 126, 131, 204,
       53, 119, 172, 81, 110, 1, 62, 183, 32, 112, 166, 51, 91, 0, 82,
       153, 50, 117, 243, 175, 82, 66, 112, 2, 167, 122, 246, 102, 203,
       164, 4, 75, 78, 104, 33, 166, 178, 203, 107, 105, 69, 147, 248,
       197, 205, 227, 104, 227, 193, 202, 178, 209, 197, 55, 101, 250,
       126, 0, 61, 129, 78, 229, 21, 31, 122, 16, 101, 164, 239, 7, 219,
       73, 26, 208, 120, 140, 175, 254, 204, 176, 81, 140, 207, 237, 161,
       69, 107, 138, 120, 2, 134, 138, 174, 219, 164, 242, 168, 198, 158,
       31, 86, 179, 224, 206, 182, 111, 237, 58, 171, 145, 38, 221, 46,
       252, 15, 35, 255, 195, 148, 72, 61, 245, 41, 105, 56, 111, 93,
       141, 243, 28, 70, 40, 244, 8, 243, 217, 19, 16, 88, 224, 74, 74,
       74, 34, 217, 57, 247, 237, 160, 57, 91, 186, 90, 138, 198, 159,
       148, 155, 185, 180, 184, 139, 190, 29, 147, 245, 204, 246, 108,
       207, 199, 55, 239, 145, 54, 201, 219, 245, 140, 243, 251, 215,
       152, 68, 173, 87, 45, 57, 121, 67, 116, 207, 235, 80, 109, 44,
       125, 8, 187, 149, 149, 52, 30, 184, 22, 122, 131, 186, 112, 124,
       103, 220, 32, 96, 67, 139, 70, 225, 246, 4, 158, 164, 141, 102,
       78, 232, 45, 186, 187, 11, 79, 122, 41, 91, 249, 213, 108, 227,
       40, 231, 25, 204, 185, 242, 207, 23, 161, 123, 116, 2, 1, 168,
       153, 251, 108, 169, 233, 223, 206, 25, 121, 80, 189, 195, 232,
       104, 219, 11, 42, 24, 19, 56, 74, 243, 204, 148, 59, 108, 152,
       138, 129, 169, 104, 89, 177, 108, 117, 253, 71, 22, 87, 76, 120,
       8, 186, 181, 33, 244, 216, 122, 6, 72, 11, 58, 240, 57, 115, 252,
       0, 56, 210, 123, 70, 106, 156, 51, 103, 235, 79, 123, 233, 81,
       101, 108, 255, 198, 91, 203, 27, 96, 122, 140, 127, 175, 137, 183,
       125, 144, 215, 233, 163, 144, 111, 175, 116, 209, 57, 67, 106,
       101, 116, 18, 202, 84, 100, 192, 254, 230, 27, 10, 158, 112, 126,
       140, 22, 252, 157, 179, 69, 128, 214, 237, 162, 196, 111, 162,
       122, 133, 4, 66, 75, 227, 32, 171, 233, 20, 44, 13, 247, 229, 157,
       15, 184, 105, 110, 33, 79, 206, 144, 144, 37, 224, 196, 217, 186,
       192, 132, 147, 165, 177, 62, 49, 240, 64, 253, 125, 208, 72, 203,
       189, 189, 9, 10, 253, 87, 190, 137, 154, 213, 16, 158, 99, 250,
       208, 27, 221, 5, 127, 211, 207, 78, 214, 123, 50, 230, 237, 31,
       95, 248, 88, 119, 233, 246, 102, 91, 30, 150, 253, 126, 157, 255,
       160, 141, 249, 117, 156, 223, 255, 243, 198, 111, 172, 124, 87,
       38, 177, 16, 218, 253, 253, 144, 203, 143, 61, 185, 25, 140, 222,
       110, 140, 201, 19, 219, 17, 22, 107, 90, 213, 31, 28, 31, 127,
       208, 14, 143, 199, 124, 95, 124, 228, 172, 94, 95, 191, 33, 174,
       190, 41, 91, 55, 3, 211, 70, 212, 253, 106, 104, 67, 225, 140,
       243, 239, 101, 149, 34, 242, 78, 115, 126, 189, 236, 88, 223, 245,
       147, 203, 139, 253, 188, 187, 8, 252, 127, 62, 141, 211, 223, 19,
       190, 111, 186, 243, 123, 85, 141, 255, 215, 93, 222, 87, 37, 169,
       189, 87, 201, 14, 101, 188, 114, 177, 103, 0, 242, 115, 72, 123,
       129, 70, 120, 88, 27, 216, 251, 49, 79, 251, 85, 68, 200, 162, 66,
       170, 133, 95, 123, 195, 228, 236, 255, 148, 236, 95, 123, 119,
       149, 158, 159, 104, 174, 187, 95, 214, 211, 180, 237, 98, 100,
       184, 162, 192, 12, 219, 245, 241, 92, 201, 149, 231, 173, 78, 71,
       189, 229, 169, 170, 72, 247, 113, 9, 102, 0, 70, 108, 72, 73, 233,
       217, 40, 233, 254, 69, 20, 226, 250, 192, 42, 67, 31, 135, 149,
       160, 6, 172, 55, 172, 203, 90, 229, 252, 38, 148, 230, 166, 103,
       125, 141, 213, 217, 51, 200, 140, 62, 254, 128, 140, 228, 161, 93,
       64, 164, 157, 242, 153, 237, 64, 15, 162, 179, 173, 8, 151, 231,
       72, 187, 129, 158, 104, 24, 26, 75, 218, 21, 139, 211, 85, 125,
       192, 66, 206, 32, 113, 81, 126, 227, 38, 251, 121, 20, 109, 117,
       247, 182, 155, 31, 150, 104, 110, 157, 255, 222, 135, 188, 117,
       244, 214, 249, 178, 193, 45, 139, 233, 241, 2, 105, 26, 184, 92,
       196, 186, 70, 172, 132, 250, 3, 164, 158, 103, 64, 232, 179, 207,
       193, 70, 11, 146, 233, 181, 117, 142, 11, 1, 24, 47, 202, 120, 29,
       124, 103, 48, 94, 95, 55, 33, 236, 191, 44, 219, 55, 131, 114, 6,
       182, 253, 40, 232, 152, 113, 14, 235, 239, 36, 145, 34, 226, 68,
       123, 2, 105, 22, 158, 109, 196, 180, 71, 174, 13, 202, 1, 172,
