%YAML:1.0
---
descriptors: !!opencv-matrix
   rows: 135
   cols: 32
   dt: u
   data: [ 2, 149, 16, 217, 219, 205, 177, 79, 158, 21, 108, 16, 172,
       183, 108, 68, 225, 27, 171, 16, 18, 11, 50, 215, 141, 214, 30,
       127, 146, 8, 133, 235, 24, 141, 63, 253, 25, 212, 145, 231, 238,
       13, 234, 0, 191, 190, 32, 224, 192, 59, 202, 1, 74, 169, 50, 61,
       225, 247, 26, 27, 16, 0, 37, 42, 2, 153, 182, 155, 203, 208, 176,
       71, 175, 21, 70, 33, 172, 254, 46, 206, 227, 51, 235, 145, 22,
       201, 3, 245, 15, 114, 90, 75, 146, 6, 173, 207, 36, 176, 144, 161,
       253, 73, 208, 203, 79, 57, 177, 25, 150, 25, 72, 11, 137, 8, 75,
       17, 19, 104, 91, 145, 141, 144, 21, 126, 216, 8, 211, 130, 244,
       68, 30, 172, 12, 11, 71, 40, 132, 134, 198, 11, 87, 97, 35, 91,
       88, 228, 105, 106, 104, 231, 75, 12, 241, 163, 65, 29, 112, 187,
       116, 2, 247, 205, 225, 22, 157, 116, 206, 252, 211, 218, 153, 223,
       121, 236, 255, 167, 29, 227, 17, 239, 253, 67, 190, 187, 184, 14,
       141, 188, 159, 247, 154, 84, 70, 173, 212, 215, 175, 168, 174,
       168, 154, 147, 27, 2, 236, 234, 93, 11, 163, 103, 123, 211, 50,
       105, 138, 243, 44, 62, 223, 239, 132, 115, 129, 138, 70, 173, 148,
       151, 133, 232, 166, 135, 187, 179, 11, 19, 228, 226, 76, 206, 225,
       79, 42, 211, 86, 88, 219, 227, 173, 54, 223, 99, 128, 115, 169,
       14, 181, 239, 201, 174, 204, 1, 79, 248, 70, 178, 185, 206, 83,
       227, 249, 3, 123, 200, 6, 238, 73, 99, 142, 184, 248, 128, 231,
       44, 61, 251, 240, 160, 164, 76, 126, 254, 125, 139, 86, 232, 223,
       134, 233, 9, 238, 233, 45, 65, 211, 121, 235, 98, 96, 39, 74, 191,
       227, 255, 71, 27, 86, 251, 93, 130, 209, 73, 71, 205, 15, 18, 78,
       40, 229, 130, 242, 66, 75, 42, 181, 247, 120, 228, 108, 238, 237,
       231, 101, 204, 178, 234, 199, 20, 111, 187, 120, 36, 130, 162,
       156, 153, 248, 137, 185, 175, 158, 23, 80, 245, 173, 167, 232, 72,
       207, 27, 43, 21, 50, 94, 66, 247, 76, 22, 254, 232, 156, 136, 129,
       153, 245, 64, 71, 76, 78, 90, 231, 104, 245, 162, 242, 74, 66, 64,
       181, 247, 120, 228, 106, 106, 105, 231, 109, 12, 52, 42, 69, 20,
       111, 187, 114, 164, 247, 237, 161, 18, 148, 180, 206, 175, 208,
       210, 9, 92, 112, 120, 255, 33, 153, 99, 16, 255, 253, 102, 60,
       239, 170, 30, 205, 126, 221, 119, 218, 212, 181, 108, 237, 74,
       204, 103, 199, 216, 82, 246, 165, 10, 83, 245, 253, 47, 89, 196,
       112, 122, 233, 103, 255, 48, 115, 139, 197, 60, 247, 251, 86, 224,
       208, 176, 63, 188, 11, 204, 49, 111, 172, 23, 130, 49, 190, 255,
       106, 91, 167, 151, 125, 129, 82, 79, 147, 81, 209, 227, 90, 91,
       32, 0, 167, 107, 164, 94, 149, 95, 232, 47, 77, 191, 118, 63, 120,
       116, 193, 39, 129, 221, 205, 94, 6, 170, 185, 252, 105, 62, 36,
       150, 247, 180, 208, 241, 134, 185, 177, 75, 79, 125, 20, 159, 236,
       112, 116, 232, 242, 70, 115, 8, 181, 161, 124, 236, 22, 239, 237,
       252, 101, 28, 36, 235, 103, 0, 109, 168, 120, 140, 43, 48, 246,
       252, 61, 223, 216, 91, 91, 237, 53, 189, 78, 157, 182, 188, 158,
       181, 181, 5, 132, 235, 179, 221, 139, 251, 89, 255, 71, 140, 95,
       95, 75, 210, 244, 244, 53, 150, 216, 24, 251, 220, 54, 175, 239,
       223, 246, 252, 182, 181, 181, 157, 142, 100, 174, 221, 203, 251,
       251, 143, 6, 164, 85, 127, 194, 240, 186, 154, 27, 208, 176, 77,
       175, 21, 131, 49, 236, 222, 110, 66, 230, 51, 235, 145, 86, 13,
       186, 211, 155, 116, 26, 123, 16, 6, 173, 95, 250, 188, 150, 126,
       137, 249, 20, 207, 155, 191, 164, 57, 110, 249, 102, 155, 137,
       123, 233, 16, 62, 111, 154, 49, 219, 243, 85, 127, 210, 124, 142,
       139, 194, 110, 50, 154, 235, 241, 188, 71, 173, 14, 156, 179, 172,
       158, 103, 205, 231, 179, 219, 145, 102, 15, 130, 243, 179, 116,
       154, 187, 18, 85, 175, 207, 245, 207, 128, 54, 184, 38, 142, 253,
       146, 194, 137, 222, 115, 225, 249, 19, 23, 226, 4, 110, 249, 71,
       26, 63, 184, 142, 101, 124, 253, 243, 130, 16, 141, 103, 197, 103,
       176, 43, 111, 184, 118, 170, 79, 228, 211, 99, 153, 113, 55, 76,
       44, 110, 225, 208, 205, 46, 108, 239, 101, 132, 238, 243, 64, 1,
       80, 40, 134, 169, 9, 131, 32, 64, 166, 33, 194, 3, 135, 130, 32,
       64, 232, 173, 106, 129, 8, 219, 195, 16, 145, 160, 155, 21, 32, 0,
       33, 130, 134, 242, 159, 177, 170, 3, 189, 223, 158, 178, 82, 242,
       213, 255, 232, 75, 167, 93, 123, 177, 241, 212, 139, 82, 204, 130,
       127, 196, 140, 112, 161, 177, 9, 4, 81, 69, 116, 174, 232, 19,
       124, 41, 114, 80, 187, 3, 144, 244, 80, 46, 38, 8, 49, 188, 65,
       14, 4, 190, 50, 0, 202, 136, 67, 168, 121, 111, 101, 69, 61, 26,
       70, 60, 97, 228, 190, 172, 75, 40, 151, 183, 26, 196, 108, 110,
       205, 240, 229, 140, 182, 250, 69, 22, 103, 254, 90, 100, 114, 171,
       34, 170, 25, 193, 154, 232, 143, 140, 144, 139, 110, 207, 105, 16,
       216, 177, 239, 193, 74, 3, 202, 253, 217, 212, 139, 187, 16, 46,
       39, 50, 80, 113, 22, 76, 11, 193, 16, 72, 175, 16, 160, 104, 108,
       211, 33, 246, 226, 177, 234, 96, 64, 3, 130, 88, 145, 176, 67, 59,
       16, 34, 39, 35, 244, 199, 193, 142, 222, 3, 206, 232, 82, 162,
       185, 202, 115, 96, 185, 3, 121, 198, 70, 235, 105, 99, 205, 191,
       56, 134, 239, 60, 253, 123, 114, 128, 228, 76, 222, 254, 125, 43,
       86, 232, 223, 130, 232, 1, 239, 233, 45, 81, 211, 125, 107, 98,
       96, 231, 74, 191, 227, 246, 71, 31, 80, 123, 109, 130, 88, 147,
       157, 237, 168, 66, 61, 189, 166, 61, 138, 33, 215, 55, 8, 75, 192,
       87, 109, 225, 24, 201, 75, 1, 233, 163, 255, 213, 128, 114, 133,
       123, 186, 177, 54, 236, 121, 31, 146, 232, 31, 168, 240, 169, 78,
       223, 44, 145, 220, 221, 215, 102, 108, 183, 74, 159, 243, 251, 1,
       191, 83, 46, 46, 211, 2, 162, 212, 153, 250, 137, 169, 143, 30,
       53, 80, 253, 173, 131, 200, 76, 79, 27, 107, 156, 18, 88, 207,
       213, 12, 18, 254, 236, 156, 136, 129, 184, 245, 74, 199, 93, 78,
       91, 229, 120, 244, 226, 246, 234, 83, 96, 149, 255, 120, 228, 238,
       106, 233, 247, 231, 8, 20, 42, 97, 148, 103, 249, 118, 165, 10,
       162, 196, 155, 218, 137, 41, 191, 62, 55, 68, 215, 173, 39, 200,
       204, 119, 27, 162, 156, 50, 92, 207, 87, 76, 38, 222, 228, 190,
       128, 133, 248, 37, 141, 249, 15, 222, 43, 167, 175, 70, 33, 110,
       142, 83, 96, 158, 100, 27, 78, 66, 61, 144, 168, 109, 43, 44, 46,
       21, 20, 245, 251, 208, 236, 26, 133, 23, 237, 151, 243, 82, 103,
       135, 65, 206, 3, 174, 245, 40, 196, 217, 50, 139, 0, 27, 137, 49,
       255, 171, 246, 18, 83, 178, 76, 189, 110, 206, 249, 190, 184, 173,
       121, 188, 207, 143, 214, 156, 1, 174, 254, 103, 203, 231, 83, 255,
       83, 70, 73, 186, 240, 163, 209, 79, 63, 22, 126, 173, 223, 26,
       157, 55, 136, 179, 230, 57, 119, 173, 69, 222, 167, 172, 39, 32,
       197, 102, 179, 159, 165, 114, 137, 49, 253, 185, 116, 138, 194,
       54, 132, 165, 125, 106, 48, 126, 236, 47, 223, 216, 27, 75, 253,
       53, 187, 143, 156, 22, 184, 134, 157, 181, 21, 148, 232, 162, 212,
       131, 249, 91, 247, 71, 140, 95, 87, 141, 248, 253, 85, 230, 90,
       245, 150, 122, 243, 54, 24, 155, 21, 210, 59, 3, 68, 112, 78, 193,
       252, 253, 32, 111, 75, 117, 4, 103, 144, 211, 233, 192, 40, 179,
       112, 232, 169, 169, 67, 170, 191, 48, 56, 180, 151, 192, 59, 135,
       57, 83, 25, 50, 77, 162, 64, 13, 16, 127, 232, 192, 192, 7, 233,
       222, 252, 56, 250, 155, 117, 82, 216, 27, 126, 165, 11, 207, 223,
       107, 25, 247, 217, 221, 243, 46, 71, 250, 176, 251, 209, 15, 127,
       178, 55, 47, 83, 244, 66, 254, 238, 40, 2, 94, 184, 240, 174, 243,
       233, 87, 219, 139, 91, 86, 213, 109, 98, 76, 199, 204, 8, 242,
       235, 231, 157, 36, 179, 102, 3, 45, 60, 245, 119, 181, 255, 83,
       152, 91, 255, 119, 56, 251, 125, 223, 173, 145, 106, 180, 30, 179,
       240, 107, 186, 75, 223, 113, 247, 194, 239, 84, 119, 1, 176, 189,
