%YAML:1.0
---
descriptors: !!opencv-matrix
   rows: 344
   cols: 32
   dt: u
   data: [ 88, 161, 182, 106, 43, 208, 122, 140, 167, 17, 199, 0, 253,
       211, 72, 118, 54, 93, 121, 202, 66, 1, 139, 113, 211, 229, 10, 15,
       34, 135, 35, 34, 191, 73, 234, 254, 252, 35, 95, 248, 23, 66, 253,
       130, 123, 239, 177, 112, 127, 217, 55, 250, 170, 146, 107, 223,
       250, 239, 175, 140, 183, 251, 96, 128, 29, 145, 123, 253, 246,
       130, 127, 217, 119, 192, 119, 162, 89, 255, 185, 96, 126, 253, 55,
       254, 241, 177, 61, 206, 122, 239, 39, 196, 119, 187, 225, 241, 7,
       211, 99, 163, 100, 154, 235, 240, 238, 64, 91, 230, 213, 198, 184,
       96, 126, 233, 54, 239, 193, 144, 46, 209, 188, 76, 175, 132, 45,
       179, 113, 245, 47, 121, 108, 239, 77, 31, 255, 252, 67, 104, 244,
       15, 123, 124, 31, 32, 220, 204, 247, 111, 204, 178, 253, 189, 119,
       223, 225, 184, 119, 191, 86, 255, 109, 231, 192, 4, 221, 30, 194,
       154, 99, 164, 172, 76, 66, 104, 95, 246, 88, 204, 232, 127, 222,
       34, 221, 138, 62, 124, 133, 124, 203, 239, 90, 4, 50, 132, 107,
       155, 246, 227, 171, 111, 22, 69, 219, 179, 33, 237, 176, 64, 123,
       154, 131, 129, 58, 187, 37, 183, 88, 39, 154, 65, 245, 140, 244,
       248, 162, 220, 125, 219, 79, 197, 191, 246, 159, 31, 244, 2, 56,
       95, 44, 37, 108, 19, 19, 202, 227, 45, 58, 253, 119, 26, 218, 18,
       83, 24, 212, 251, 56, 41, 242, 64, 209, 164, 107, 83, 35, 133,
       109, 141, 59, 167, 68, 20, 60, 186, 67, 152, 26, 186, 176, 72, 95,
       172, 0, 40, 227, 194, 230, 242, 92, 74, 251, 126, 50, 200, 23,
       244, 180, 142, 118, 161, 127, 247, 33, 81, 54, 251, 237, 64, 104,
       201, 130, 45, 241, 231, 118, 137, 224, 176, 39, 123, 114, 35, 42,
       136, 109, 75, 216, 73, 141, 36, 156, 171, 14, 140, 50, 128, 232,
       153, 223, 229, 28, 35, 192, 220, 145, 20, 139, 255, 21, 14, 62,
       214, 185, 204, 14, 233, 29, 159, 66, 252, 101, 34, 238, 8, 115, 9,
       50, 208, 216, 192, 204, 110, 108, 167, 81, 63, 243, 239, 160, 17,
       122, 155, 122, 10, 33, 121, 121, 69, 116, 207, 227, 180, 112, 164,
       254, 8, 243, 21, 149, 52, 30, 252, 70, 106, 201, 248, 245, 63,
       103, 157, 33, 32, 97, 139, 70, 184, 120, 188, 90, 248, 41, 237,
       81, 82, 161, 7, 188, 40, 63, 255, 0, 24, 235, 179, 237, 128, 26,
       43, 194, 129, 211, 247, 112, 27, 176, 64, 46, 2, 255, 223, 254,
       254, 189, 94, 159, 248, 187, 238, 191, 175, 239, 255, 191, 231,
       255, 247, 255, 231, 236, 99, 186, 255, 251, 255, 79, 191, 215,
       255, 237, 87, 53, 205, 111, 79, 150, 2, 207, 188, 84, 226, 251,
       198, 83, 97, 156, 96, 127, 230, 61, 238, 233, 177, 109, 46, 248,
       174, 167, 144, 109, 187, 240, 57, 188, 230, 104, 9, 86, 91, 227,
       232, 86, 100, 125, 139, 99, 77, 159, 0, 57, 200, 131, 239, 108,
       182, 45, 63, 127, 15, 37, 101, 119, 175, 94, 234, 177, 64, 70,
       205, 118, 23, 200, 120, 85, 224, 247, 70, 83, 16, 181, 229, 124,
       140, 18, 174, 237, 183, 85, 156, 18, 170, 130, 4, 127, 136, 120,
       132, 0, 180, 149, 187, 232, 173, 52, 143, 158, 59, 25, 120, 150,
       147, 72, 9, 133, 27, 127, 16, 19, 120, 203, 81, 141, 144, 127,
       238, 152, 72, 129, 161, 210, 178, 158, 188, 185, 236, 16, 175,
       174, 189, 130, 125, 254, 246, 104, 90, 133, 119, 237, 16, 62, 77,
       155, 83, 217, 243, 127, 255, 152, 32, 141, 19, 157, 113, 249, 74,
       234, 7, 159, 216, 71, 184, 181, 106, 93, 223, 205, 59, 254, 217,
       119, 250, 193, 67, 219, 240, 123, 136, 103, 190, 123, 243, 227,
       177, 128, 204, 48, 217, 29, 205, 21, 230, 158, 7, 68, 16, 174,
       211, 34, 68, 201, 58, 43, 8, 98, 28, 82, 255, 229, 182, 18, 59,
       18, 24, 165, 170, 212, 123, 159, 246, 170, 75, 55, 144, 186, 190,
       163, 184, 223, 103, 193, 91, 39, 245, 236, 114, 104, 69, 171, 56,
       216, 195, 109, 181, 160, 243, 7, 99, 57, 66, 102, 140, 36, 18,
       232, 88, 116, 4, 247, 230, 83, 72, 183, 201, 126, 132, 46, 173,
       140, 183, 21, 140, 146, 235, 226, 4, 125, 170, 120, 4, 253, 65,
       218, 252, 37, 30, 76, 17, 113, 130, 231, 29, 75, 105, 31, 219,
       248, 237, 181, 110, 108, 246, 209, 200, 211, 251, 208, 1, 107,
       188, 202, 0, 112, 33, 248, 104, 220, 237, 83, 93, 114, 169, 252,
       8, 19, 185, 66, 16, 248, 190, 70, 88, 24, 58, 208, 18, 255, 141,
       33, 57, 241, 202, 194, 170, 93, 148, 159, 186, 169, 236, 57, 154,
       174, 95, 175, 85, 254, 247, 42, 122, 165, 19, 253, 18, 19, 69, 59,
       241, 201, 247, 122, 94, 152, 67, 165, 115, 214, 94, 238, 55, 170,
       34, 63, 176, 180, 150, 130, 229, 213, 103, 131, 91, 39, 229, 109,
       246, 224, 197, 141, 104, 248, 163, 239, 128, 168, 241, 33, 27, 61,
       81, 122, 110, 91, 199, 215, 248, 197, 128, 237, 10, 95, 219, 45,
       48, 250, 249, 66, 226, 72, 35, 26, 62, 243, 205, 5, 26, 113, 59,
       98, 162, 252, 237, 216, 76, 124, 10, 79, 248, 243, 164, 172, 140,
       83, 227, 153, 19, 90, 236, 68, 110, 106, 99, 222, 43, 122, 233, 5,
       60, 111, 243, 66, 160, 125, 33, 161, 230, 149, 72, 71, 9, 75, 161,
       139, 10, 211, 188, 89, 102, 216, 206, 121, 121, 27, 48, 249, 128,
       185, 244, 141, 62, 166, 46, 212, 100, 92, 253, 184, 229, 181, 127,
       127, 146, 47, 237, 254, 8, 159, 55, 67, 116, 113, 222, 221, 122,
       11, 184, 241, 232, 255, 253, 133, 39, 162, 245, 70, 114, 248, 233,
       120, 102, 61, 221, 223, 244, 226, 164, 188, 10, 59, 153, 89, 48,
       58, 248, 221, 218, 202, 47, 248, 175, 243, 205, 165, 57, 103, 155,
       94, 42, 130, 191, 24, 187, 235, 165, 188, 207, 159, 29, 88, 151,
       164, 238, 106, 69, 231, 43, 35, 21, 22, 88, 26, 241, 173, 80, 94,
       235, 152, 76, 173, 223, 188, 220, 126, 255, 101, 95, 255, 244,
       117, 110, 246, 178, 123, 95, 191, 253, 127, 252, 151, 238, 232,
       246, 125, 239, 247, 251, 247, 129, 119, 188, 126, 251, 119, 96,
       59, 168, 27, 221, 91, 72, 173, 68, 173, 138, 158, 214, 47, 180,
       254, 185, 221, 227, 76, 7, 176, 216, 177, 212, 10, 63, 48, 55, 39,
       118, 165, 188, 149, 81, 237, 253, 192, 202, 91, 251, 160, 88, 154,
       152, 68, 190, 137, 94, 226, 24, 23, 110, 251, 179, 15, 218, 85,
       126, 218, 73, 66, 172, 42, 177, 44, 155, 29, 253, 145, 239, 143,
       117, 141, 27, 174, 221, 126, 4, 201, 27, 251, 21, 19, 107, 123,
       247, 207, 85, 27, 127, 82, 12, 149, 250, 57, 83, 107, 232, 102,
       131, 203, 112, 69, 72, 220, 230, 57, 143, 176, 96, 126, 168, 23,
       239, 201, 179, 36, 221, 242, 237, 170, 136, 63, 138, 112, 249, 7,
       147, 248, 169, 226, 43, 189, 191, 28, 71, 90, 183, 213, 44, 158,
       8, 151, 27, 51, 53, 151, 152, 117, 67, 68, 7, 126, 196, 204, 201,
       133, 209, 220, 126, 221, 47, 42, 106, 95, 184, 48, 230, 183, 173,
       255, 103, 11, 27, 54, 213, 237, 227, 105, 116, 205, 40, 244, 227,
       101, 149, 109, 243, 15, 81, 60, 253, 120, 232, 219, 71, 87, 255,
       19, 49, 172, 10, 17, 247, 64, 16, 93, 216, 83, 232, 74, 67, 251,
       23, 123, 205, 133, 124, 51, 248, 198, 178, 157, 213, 245, 247,
       182, 42, 103, 188, 117, 210, 123, 118, 251, 113, 153, 103, 123,
       198, 62, 238, 249, 240, 125, 255, 172, 238, 231, 4, 255, 251, 240,
       32, 105, 234, 64, 229, 85, 31, 76, 183, 115, 160, 108, 72, 131, 3,
       209, 244, 80, 204, 68, 184, 205, 218, 209, 154, 174, 253, 133, 36,
       42, 176, 90, 12, 114, 233, 58, 202, 29, 213, 91, 192, 207, 12,
       156, 11, 174, 222, 119, 100, 232, 177, 255, 203, 78, 3, 162, 253,
       241, 176, 139, 187, 16, 31, 53, 110, 2, 179, 249, 175, 254, 72,
       187, 220, 10, 65, 89, 239, 189, 255, 120, 0, 190, 91, 19, 193,
       147, 58, 154, 241, 117, 4, 42, 236, 157, 3, 131, 177, 122, 169,
       106, 176, 153, 169, 88, 207, 179, 55, 140, 153, 47, 235, 66, 24,
       233, 171, 237, 148, 30, 75, 194, 183, 219, 215, 159, 121, 178, 68,
       190, 74, 62, 61, 126, 254, 235, 225, 85, 75, 191, 86, 253, 59,
       111, 255, 35, 57, 171, 187, 213, 130, 56, 99, 58, 152, 211, 215,
