%YAML:1.0
---
descriptors: !!opencv-matrix
   rows: 180
   cols: 32
   dt: u
   data: [ 213, 77, 110, 167, 6, 2, 111, 188, 32, 226, 151, 199, 117, 99,
       155, 83, 118, 229, 125, 239, 233, 213, 157, 110, 240, 171, 239,
       132, 45, 179, 49, 121, 24, 141, 55, 93, 157, 216, 151, 230, 239,
       5, 232, 0, 174, 186, 36, 224, 192, 115, 236, 64, 74, 169, 115,
       253, 169, 246, 22, 27, 82, 88, 229, 46, 30, 135, 235, 169, 150,
       66, 175, 103, 4, 133, 218, 179, 69, 175, 186, 64, 126, 207, 7,
       181, 88, 153, 5, 142, 248, 229, 174, 197, 165, 234, 181, 242, 82,
       32, 26, 184, 11, 225, 16, 67, 172, 17, 160, 25, 140, 150, 96, 90,
       226, 185, 203, 144, 26, 15, 130, 81, 209, 177, 26, 123, 16, 0,
       167, 2, 70, 237, 148, 151, 149, 224, 166, 135, 187, 19, 139, 19,
       236, 226, 76, 206, 225, 207, 170, 145, 54, 88, 219, 227, 173, 54,
       223, 67, 128, 85, 189, 14, 70, 237, 144, 182, 223, 136, 174, 172,
       187, 179, 9, 10, 236, 234, 93, 198, 163, 107, 121, 211, 102, 72,
       218, 243, 173, 86, 223, 107, 132, 87, 137, 14, 209, 65, 71, 197,
       13, 18, 78, 40, 229, 130, 242, 66, 75, 106, 149, 247, 120, 228,
       108, 238, 237, 231, 117, 204, 178, 234, 199, 16, 111, 187, 120,
       36, 2, 142, 213, 155, 250, 169, 169, 175, 62, 19, 72, 241, 172,
       226, 224, 192, 103, 27, 162, 144, 51, 88, 199, 119, 44, 182, 62,
       232, 156, 192, 137, 185, 253, 100, 237, 106, 140, 119, 207, 216,
       82, 242, 165, 10, 83, 93, 93, 43, 89, 212, 124, 122, 233, 103,
       255, 178, 243, 203, 197, 60, 245, 251, 86, 96, 2, 165, 24, 217,
       217, 205, 53, 231, 159, 61, 108, 17, 172, 183, 110, 84, 193, 27,
       171, 16, 18, 27, 18, 215, 239, 150, 22, 111, 146, 76, 133, 234,
       172, 77, 62, 254, 125, 131, 86, 232, 223, 134, 245, 9, 238, 249,
       45, 65, 218, 121, 191, 98, 96, 167, 74, 191, 243, 255, 71, 31, 86,
       251, 125, 131, 208, 249, 157, 235, 56, 204, 19, 140, 174, 61, 130,
       0, 183, 215, 64, 114, 128, 85, 125, 80, 91, 13, 251, 51, 233, 161,
       46, 121, 0, 18, 133, 122, 216, 184, 30, 184, 11, 232, 17, 71, 238,
       23, 162, 56, 191, 159, 66, 123, 163, 51, 236, 1, 54, 79, 146, 81,
       209, 225, 90, 123, 32, 0, 167, 11, 153, 68, 19, 183, 16, 6, 111,
       101, 52, 130, 67, 82, 245, 99, 41, 97, 117, 237, 58, 238, 97, 212,
       25, 46, 241, 166, 143, 0, 40, 112, 161, 40, 189, 68, 122, 108, 93,
       87, 67, 120, 85, 34, 253, 10, 83, 209, 43, 100, 88, 172, 2, 106,
       104, 183, 52, 30, 243, 237, 1, 25, 115, 171, 96, 160, 88, 145,
       157, 229, 168, 74, 53, 189, 174, 189, 130, 32, 215, 55, 8, 91,
       128, 87, 109, 64, 24, 216, 203, 33, 233, 163, 127, 212, 128, 114,
       133, 59, 84, 52, 184, 99, 176, 111, 242, 8, 58, 189, 187, 25, 223,
       92, 73, 26, 187, 221, 77, 179, 30, 112, 217, 66, 221, 197, 41,
       117, 193, 99, 7, 130, 216, 252, 25, 250, 56, 204, 19, 186, 182,
       44, 138, 24, 183, 151, 72, 113, 129, 85, 109, 82, 107, 77, 251,
       55, 249, 225, 47, 120, 48, 3, 5, 122, 248, 88, 255, 252, 46, 78,
       93, 52, 169, 222, 182, 58, 127, 119, 129, 123, 110, 245, 125, 234,
       233, 71, 227, 232, 211, 235, 246, 152, 39, 241, 102, 115, 244,
       128, 244, 234, 141, 33, 82, 201, 87, 23, 161, 27, 67, 233, 124,
       219, 217, 130, 107, 178, 58, 103, 219, 145, 155, 249, 193, 127,
       243, 75, 246, 2, 16, 238, 106, 163, 22, 130, 171, 254, 54, 37,
       218, 231, 145, 14, 218, 64, 127, 207, 21, 245, 202, 154, 13, 182,
       232, 197, 190, 196, 165, 147, 53, 201, 107, 48, 252, 228, 37, 127,
       217, 24, 91, 252, 53, 175, 91, 157, 214, 44, 150, 189, 181, 29,
       158, 108, 179, 217, 203, 219, 113, 247, 71, 173, 87, 119, 41, 0,
       81, 69, 116, 15, 224, 19, 124, 32, 114, 64, 147, 17, 149, 164,
       122, 12, 34, 40, 161, 184, 69, 78, 4, 174, 50, 4, 107, 136, 65,
       168, 28, 28, 21, 247, 178, 42, 45, 178, 52, 178, 66, 240, 253, 55,
       129, 105, 55, 119, 57, 42, 33, 212, 89, 44, 196, 162, 127, 0, 168,
       241, 1, 57, 222, 177, 176, 170, 155, 241, 18, 200, 143, 21, 129,
       187, 204, 222, 110, 196, 255, 145, 255, 211, 62, 7, 218, 243, 155,
       213, 139, 255, 146, 15, 173, 87, 26, 141, 3, 229, 151, 194, 111,
       103, 37, 193, 222, 2, 189, 55, 32, 196, 99, 63, 159, 152, 89, 153,
       17, 239, 249, 246, 158, 128, 166, 70, 165, 58, 169, 134, 17, 233,
       116, 171, 168, 127, 22, 35, 88, 114, 149, 35, 176, 160, 95, 10, 2,
       60, 49, 190, 65, 158, 140, 143, 187, 100, 220, 200, 153, 169, 162,
       178, 243, 241, 116, 175, 160, 87, 122, 59, 112, 123, 148, 157, 84,
       56, 207, 155, 23, 17, 179, 254, 64, 64, 77, 30, 50, 226, 205, 8,
       67, 187, 201, 204, 236, 87, 199, 114, 252, 167, 113, 83, 70, 18,
       249, 63, 30, 251, 35, 246, 177, 142, 112, 220, 189, 227, 103, 107,
       222, 1, 167, 244, 223, 42, 114, 32, 22, 76, 11, 67, 48, 72, 239,
       144, 160, 8, 76, 147, 37, 127, 232, 149, 106, 224, 72, 67, 211,
       80, 145, 160, 75, 63, 81, 34, 39, 138, 70, 237, 144, 151, 213,
       192, 166, 132, 187, 179, 139, 19, 228, 242, 76, 206, 225, 111,
       170, 211, 118, 88, 203, 227, 189, 54, 159, 103, 128, 119, 189,
       142, 253, 237, 237, 102, 141, 79, 71, 252, 66, 242, 172, 10, 115,
       117, 89, 51, 89, 198, 120, 106, 233, 99, 255, 42, 249, 203, 197,
       60, 113, 251, 210, 40, 241, 74, 79, 93, 78, 10, 229, 120, 244,
       170, 242, 238, 115, 96, 149, 123, 104, 228, 110, 234, 233, 247,
       231, 8, 20, 42, 227, 144, 109, 185, 112, 173, 58, 53, 50, 172,
       121, 31, 146, 104, 31, 168, 249, 169, 78, 223, 38, 144, 222, 157,
       215, 100, 44, 179, 74, 158, 243, 253, 9, 191, 83, 46, 46, 211,
       102, 228, 246, 214, 254, 3, 190, 232, 219, 178, 27, 194, 108, 234,
       61, 2, 179, 101, 115, 251, 96, 225, 143, 222, 44, 62, 207, 132,
       133, 115, 115, 128, 253, 205, 193, 22, 152, 36, 78, 236, 147, 194,
       169, 221, 115, 227, 105, 19, 23, 226, 17, 238, 125, 71, 26, 63,
       250, 143, 101, 252, 249, 243, 138, 24, 70, 172, 244, 222, 191,
       129, 174, 168, 223, 176, 25, 130, 236, 234, 93, 6, 147, 103, 123,
       211, 98, 97, 143, 251, 44, 62, 207, 191, 149, 115, 81, 6, 61, 117,
       57, 234, 61, 79, 87, 216, 111, 232, 253, 76, 223, 93, 13, 48, 220,
       209, 94, 106, 137, 35, 123, 158, 251, 221, 7, 60, 90, 187, 67, 51,
       109, 209, 63, 239, 45, 15, 110, 248, 111, 104, 247, 76, 219, 219,
       24, 114, 220, 196, 126, 110, 201, 179, 217, 157, 231, 249, 163,
       52, 90, 187, 115, 49, 9, 143, 25, 253, 50, 175, 41, 55, 30, 169,
       94, 100, 181, 51, 160, 96, 118, 43, 22, 12, 147, 152, 97, 31, 204,
       175, 50, 128, 24, 200, 129, 169, 131, 176, 132, 155, 221, 157,
       184, 207, 158, 121, 17, 23, 172, 152, 126, 207, 201, 3, 251, 21,
       55, 108, 91, 213, 14, 82, 222, 127, 152, 12, 153, 158, 197, 39,
       101, 5, 164, 62, 229, 55, 104, 248, 58, 84, 210, 32, 150, 55, 36,
       70, 124, 61, 181, 248, 245, 68, 44, 56, 101, 84, 204, 244, 211,
       117, 244, 67, 126, 236, 42, 10, 95, 184, 165, 132, 247, 171, 83,
       91, 171, 83, 118, 245, 109, 98, 104, 67, 207, 12, 242, 235, 229,
       157, 53, 179, 100, 3, 188, 106, 250, 100, 68, 91, 87, 208, 211,
       166, 180, 8, 67, 201, 99, 19, 24, 252, 196, 114, 108, 103, 200,
       42, 243, 201, 37, 57, 99, 251, 94, 130, 253, 180, 177, 114, 181,
       127, 83, 57, 83, 235, 61, 24, 90, 124, 30, 173, 145, 70, 212, 59,
       189, 99, 56, 158, 75, 223, 69, 127, 194, 111, 214, 103, 142, 225,
       182, 187, 173, 249, 188, 206, 143, 20, 152, 3, 140, 222, 111, 203,
       227, 83, 251, 83, 70, 65, 154, 241, 165, 209, 79, 47, 22, 126,
       141, 223, 170, 219, 81, 207, 247, 217, 102, 253, 95, 0, 120, 226,
       44, 145, 160, 228, 126, 122, 134, 64, 227, 184, 36, 255, 54, 80,
       36, 170, 118, 156, 196, 173, 40, 156, 48, 121, 185, 175, 83, 31,
       22, 45, 76, 24, 190, 51, 34, 100, 149, 26, 13, 24, 58, 168, 121,
       63, 233, 255, 48, 112, 146, 136, 133, 107, 92, 54, 184, 33, 176,
