%YAML:1.0
---
descriptors: !!opencv-matrix
   rows: 267
   cols: 32
   dt: u
   data: [ 157, 84, 246, 68, 215, 63, 246, 250, 125, 226, 110, 70, 94,
       249, 61, 253, 178, 76, 114, 106, 225, 245, 17, 14, 51, 238, 69, 6,
       235, 121, 107, 166, 49, 133, 107, 79, 22, 31, 234, 117, 124, 97,
       251, 82, 211, 40, 156, 164, 124, 142, 22, 173, 245, 184, 101, 143,
       38, 109, 178, 0, 109, 138, 248, 140, 130, 90, 14, 153, 18, 133,
       184, 70, 62, 13, 66, 183, 164, 202, 38, 72, 230, 43, 59, 149, 38,
       156, 18, 255, 4, 54, 154, 202, 152, 4, 33, 155, 221, 66, 175, 161,
       160, 58, 108, 153, 44, 243, 146, 244, 223, 6, 217, 251, 246, 5,
       253, 253, 155, 212, 229, 0, 140, 241, 111, 212, 172, 243, 137,
       113, 254, 226, 192, 160, 253, 27, 216, 206, 83, 189, 176, 255, 11,
       8, 86, 147, 155, 205, 197, 245, 254, 110, 201, 146, 186, 217, 165,
       255, 239, 28, 218, 135, 91, 185, 131, 184, 139, 156, 88, 199, 171,
       81, 128, 141, 175, 182, 64, 222, 167, 167, 253, 149, 31, 75, 146,
       241, 153, 240, 30, 123, 170, 4, 171, 94, 189, 149, 189, 235, 189,
       127, 95, 217, 87, 243, 157, 22, 223, 127, 123, 97, 221, 218, 31,
       254, 187, 182, 121, 191, 235, 223, 143, 116, 154, 251, 208, 242,
       245, 52, 253, 247, 140, 111, 71, 255, 86, 242, 169, 26, 211, 125,
       89, 59, 89, 214, 127, 58, 105, 103, 251, 58, 251, 143, 229, 60,
       241, 249, 210, 226, 215, 213, 125, 254, 188, 118, 95, 189, 23, 94,
       223, 86, 253, 127, 58, 97, 255, 215, 63, 238, 233, 199, 123, 255,
       251, 251, 239, 132, 62, 243, 181, 123, 147, 207, 74, 158, 83, 146,
       46, 231, 180, 64, 194, 199, 105, 226, 50, 192, 120, 235, 131, 197,
       108, 155, 22, 255, 178, 38, 158, 3, 61, 20, 184, 158, 33, 169, 88,
       85, 68, 205, 97, 51, 121, 161, 110, 8, 178, 17, 20, 53, 136, 42,
       114, 12, 81, 248, 211, 37, 71, 153, 80, 0, 74, 136, 74, 170, 185,
       206, 70, 206, 118, 18, 106, 248, 117, 8, 247, 230, 115, 67, 189,
       229, 126, 132, 62, 238, 233, 149, 45, 189, 50, 235, 226, 196, 63,
       171, 120, 41, 96, 249, 120, 78, 120, 157, 90, 240, 195, 172, 244,
       76, 51, 205, 247, 48, 204, 248, 199, 194, 202, 43, 250, 61, 55,
       157, 161, 185, 81, 171, 78, 248, 42, 144, 54, 210, 125, 221, 240,
       200, 223, 57, 181, 26, 142, 220, 108, 172, 201, 145, 223, 17, 19,
       107, 122, 213, 31, 91, 83, 127, 219, 13, 93, 183, 203, 241, 179,
       236, 109, 20, 124, 93, 239, 72, 148, 68, 157, 223, 124, 226, 166,
       53, 127, 204, 199, 5, 178, 209, 119, 249, 11, 190, 26, 180, 163,
       87, 225, 205, 43, 206, 92, 159, 199, 244, 68, 96, 216, 74, 243, 8,
       180, 225, 216, 160, 95, 111, 233, 175, 117, 63, 181, 105, 162, 56,
       93, 58, 114, 172, 95, 7, 86, 237, 162, 50, 125, 57, 45, 130, 127,
       230, 221, 99, 171, 123, 118, 165, 60, 174, 149, 144, 165, 204,
       150, 239, 106, 128, 174, 226, 41, 5, 151, 161, 199, 129, 162, 118,
       175, 249, 61, 217, 83, 247, 93, 110, 223, 239, 55, 199, 63, 255,
       181, 209, 45, 192, 60, 10, 239, 196, 173, 247, 163, 117, 253, 111,
       224, 6, 189, 26, 78, 172, 123, 236, 191, 205, 107, 96, 151, 214,
       18, 228, 236, 110, 236, 163, 237, 174, 186, 126, 5, 145, 102, 247,
       218, 68, 135, 151, 77, 47, 242, 14, 63, 185, 56, 73, 123, 245,
       213, 111, 156, 17, 22, 7, 85, 238, 245, 156, 77, 79, 102, 43, 104,
       196, 77, 131, 131, 209, 126, 252, 165, 82, 251, 245, 158, 223,
       155, 251, 188, 127, 76, 252, 109, 190, 157, 211, 255, 181, 191,
       99, 186, 242, 59, 94, 13, 255, 211, 118, 151, 119, 33, 95, 107,
       77, 116, 135, 239, 126, 68, 72, 124, 70, 49, 93, 180, 52, 124,
       136, 22, 238, 225, 178, 53, 95, 103, 44, 160, 132, 125, 155, 114,
       245, 7, 147, 103, 11, 178, 134, 107, 189, 45, 105, 75, 229, 221,
       103, 170, 244, 54, 47, 31, 252, 145, 152, 45, 93, 172, 60, 175,
       198, 190, 134, 163, 117, 100, 160, 249, 114, 201, 105, 81, 11,
       251, 63, 37, 24, 22, 247, 72, 62, 129, 30, 68, 24, 26, 110, 234,
       17, 223, 216, 53, 127, 194, 64, 198, 227, 220, 120, 181, 84, 105,
       108, 65, 146, 233, 186, 38, 24, 94, 23, 65, 191, 33, 244, 108, 90,
       1, 71, 179, 0, 211, 251, 85, 62, 226, 241, 70, 35, 254, 84, 110,
       62, 95, 123, 87, 232, 145, 230, 181, 159, 75, 124, 47, 147, 121,
       212, 207, 227, 108, 103, 124, 190, 115, 103, 197, 63, 247, 127,
       222, 86, 198, 30, 55, 156, 238, 171, 188, 107, 159, 246, 145, 255,
       236, 232, 245, 77, 247, 43, 63, 37, 228, 71, 15, 222, 190, 86, 95,
       190, 20, 108, 17, 71, 137, 124, 48, 251, 237, 253, 251, 214, 223,
       95, 124, 17, 188, 221, 115, 172, 207, 58, 179, 31, 162, 62, 250,
       243, 71, 217, 18, 43, 82, 221, 109, 235, 130, 125, 115, 87, 211,
       203, 183, 231, 253, 134, 126, 162, 104, 247, 165, 53, 110, 126,
       162, 74, 112, 187, 182, 238, 61, 62, 70, 2, 67, 240, 231, 172,
       135, 237, 239, 215, 214, 146, 174, 204, 126, 176, 120, 66, 112,
       202, 245, 32, 123, 110, 18, 254, 231, 248, 188, 110, 44, 14, 175,
       164, 133, 242, 251, 172, 122, 164, 172, 184, 205, 229, 148, 199,
       139, 31, 152, 27, 12, 255, 70, 11, 169, 243, 255, 145, 62, 75,
       130, 240, 219, 87, 222, 251, 145, 92, 159, 202, 19, 86, 107, 133,
       118, 147, 255, 117, 101, 76, 222, 231, 121, 12, 190, 32, 126, 169,
       151, 239, 205, 179, 37, 207, 118, 109, 170, 128, 109, 150, 117,
       221, 61, 205, 219, 246, 244, 3, 103, 220, 23, 162, 94, 74, 115,
       225, 113, 64, 121, 238, 38, 74, 104, 179, 136, 170, 250, 175, 165,
       44, 247, 251, 240, 40, 35, 55, 246, 189, 231, 59, 180, 119, 93,
       235, 210, 255, 142, 60, 182, 173, 255, 191, 247, 33, 189, 251, 69,
       206, 54, 119, 94, 147, 207, 92, 187, 223, 19, 134, 71, 137, 50,
       178, 42, 7, 61, 65, 91, 247, 237, 34, 176, 196, 119, 163, 159,
       181, 183, 156, 5, 223, 188, 102, 170, 192, 189, 134, 169, 29, 63,
       113, 244, 64, 173, 93, 213, 200, 203, 244, 188, 10, 10, 220, 127,
       175, 200, 216, 214, 122, 206, 99, 254, 240, 123, 89, 69, 127, 215,
       255, 222, 246, 249, 253, 237, 245, 188, 79, 239, 191, 83, 255,
       190, 30, 211, 125, 211, 59, 89, 198, 125, 111, 249, 250, 255, 174,
       239, 255, 245, 148, 239, 248, 210, 120, 236, 125, 241, 70, 201,
       125, 215, 216, 225, 238, 188, 8, 75, 125, 223, 182, 140, 208, 214,
       106, 232, 39, 252, 170, 115, 221, 69, 63, 67, 247, 206, 247, 5,
       119, 127, 165, 178, 74, 63, 61, 44, 224, 155, 229, 247, 101, 136,
       2, 54, 85, 93, 127, 225, 161, 45, 14, 236, 133, 39, 144, 236, 242,
       133, 113, 16, 73, 154, 188, 23, 197, 130, 198, 150, 1, 192, 2, 48,
       201, 49, 64, 120, 250, 2, 193, 10, 169, 18, 189, 241, 167, 130, 9,
       49, 25, 48, 170, 226, 190, 188, 120, 185, 181, 24, 151, 159, 123,
       178, 125, 190, 191, 198, 59, 205, 147, 253, 16, 191, 79, 227, 243,
       155, 218, 92, 250, 218, 76, 140, 95, 125, 61, 209, 101, 244, 47,
       78, 189, 115, 168, 254, 72, 83, 49, 213, 180, 30, 222, 84, 106,
       201, 178, 249, 42, 127, 253, 37, 52, 234, 251, 194, 41, 0, 201,
       184, 169, 92, 229, 179, 206, 14, 5, 76, 3, 180, 187, 35, 64, 200,
       123, 147, 65, 2, 58, 82, 177, 229, 5, 186, 41, 144, 88, 61, 202,
       33, 141, 98, 155, 213, 177, 238, 239, 86, 69, 232, 131, 33, 232,
       62, 64, 121, 234, 2, 205, 158, 171, 94, 255, 60, 14, 134, 72, 117,
       206, 248, 204, 53, 31, 75, 236, 244, 163, 199, 125, 68, 192, 248,
       230, 115, 248, 189, 96, 124, 234, 22, 239, 249, 179, 28, 191, 240,
       172, 167, 24, 125, 250, 240, 176, 245, 165, 189, 245, 140, 111,
       69, 191, 82, 178, 168, 24, 211, 113, 89, 59, 89, 214, 120, 58,
       121, 98, 219, 10, 237, 218, 85, 52, 192, 248, 210, 34, 181, 133,
       11, 105, 148, 63, 230, 230, 116, 105, 251, 82, 211, 40, 156, 160,
       248, 142, 94, 239, 189, 186, 69, 47, 182, 175, 162, 68, 109, 139,
       248, 132, 177, 88, 41, 239, 60, 95, 199, 252, 84, 98, 240, 12,
       243, 88, 17, 225, 216, 96, 94, 107, 233, 183, 113, 63, 229, 239,
