%YAML:1.0
---
descriptors: !!opencv-matrix
   rows: 314
   cols: 32
   dt: u
   data: [ 41, 57, 115, 65, 116, 223, 107, 48, 121, 44, 126, 72, 59, 29,
       148, 180, 30, 188, 70, 104, 219, 186, 240, 207, 55, 220, 32, 64,
       103, 138, 70, 253, 0, 140, 26, 223, 84, 199, 167, 226, 30, 13, 92,
       2, 180, 249, 34, 96, 217, 122, 19, 8, 66, 186, 58, 255, 101, 46,
       154, 8, 81, 10, 245, 170, 3, 12, 11, 190, 84, 134, 170, 102, 158,
       64, 218, 71, 244, 226, 33, 192, 248, 107, 27, 199, 37, 155, 18,
       255, 180, 38, 154, 0, 156, 73, 57, 136, 0, 188, 147, 219, 196,
       169, 164, 214, 46, 51, 250, 114, 180, 113, 136, 238, 111, 218, 74,
       136, 99, 190, 203, 243, 28, 166, 126, 32, 205, 88, 163, 169, 124,
       248, 152, 122, 233, 189, 84, 222, 163, 31, 172, 29, 63, 219, 74,
       26, 133, 243, 236, 18, 78, 99, 154, 49, 219, 221, 85, 127, 226,
       80, 206, 3, 187, 68, 237, 183, 30, 58, 206, 40, 212, 242, 147,
       147, 243, 108, 31, 163, 105, 228, 125, 175, 169, 229, 125, 175,
       171, 107, 239, 208, 237, 173, 88, 96, 40, 172, 58, 186, 85, 199,
       178, 225, 86, 4, 124, 3, 120, 217, 54, 192, 249, 59, 130, 131, 66,
       186, 10, 255, 119, 15, 131, 41, 81, 42, 124, 138, 207, 75, 237,
       179, 168, 56, 109, 149, 171, 215, 95, 213, 221, 47, 218, 74, 71,
       71, 61, 223, 215, 212, 239, 224, 206, 123, 254, 192, 134, 215,
       145, 113, 218, 184, 144, 184, 9, 237, 16, 71, 191, 27, 160, 25,
       174, 158, 100, 218, 193, 179, 239, 17, 38, 79, 210, 211, 155, 208,
       82, 123, 146, 68, 15, 14, 20, 119, 95, 220, 242, 134, 111, 248,
       22, 12, 253, 226, 113, 231, 169, 100, 127, 248, 6, 234, 235, 147,
       47, 223, 112, 174, 175, 140, 53, 243, 37, 161, 219, 94, 39, 189,
       45, 63, 108, 190, 191, 114, 210, 82, 255, 126, 17, 235, 231, 231,
       127, 13, 237, 205, 243, 253, 151, 251, 219, 146, 54, 252, 16, 109,
       137, 151, 21, 155, 177, 223, 57, 59, 31, 89, 87, 118, 220, 118,
       170, 229, 231, 27, 142, 24, 183, 156, 57, 223, 143, 243, 50, 198,
       154, 136, 129, 117, 189, 91, 93, 232, 60, 131, 67, 248, 134, 184,
       176, 238, 115, 205, 161, 1, 92, 184, 14, 126, 107, 39, 74, 157,
       250, 201, 165, 188, 61, 187, 80, 153, 181, 3, 66, 142, 102, 3,
       206, 121, 68, 192, 251, 230, 83, 200, 188, 97, 122, 160, 6, 110,
       217, 163, 5, 140, 48, 40, 226, 136, 61, 234, 240, 128, 141, 173,
       190, 217, 253, 231, 177, 75, 190, 153, 252, 18, 156, 223, 102, 36,
       249, 63, 115, 152, 50, 251, 178, 214, 127, 189, 143, 71, 195, 0,
       227, 162, 79, 25, 204, 183, 200, 64, 31, 152, 130, 245, 135, 135,
       221, 230, 107, 74, 70, 199, 191, 214, 29, 67, 223, 224, 252, 227,
       255, 236, 188, 183, 185, 82, 100, 114, 26, 202, 124, 173, 179, 80,
       236, 9, 255, 126, 158, 193, 232, 80, 254, 56, 78, 80, 147, 183,
       128, 247, 212, 189, 34, 122, 200, 139, 103, 161, 166, 110, 178,
       156, 171, 225, 158, 239, 159, 142, 152, 187, 172, 253, 33, 141,
       223, 251, 223, 163, 32, 103, 74, 250, 179, 22, 95, 187, 215, 125,
       141, 219, 134, 180, 182, 218, 185, 246, 222, 239, 191, 23, 233,
       16, 204, 250, 44, 89, 219, 111, 219, 51, 52, 79, 154, 254, 185,
       242, 222, 95, 144, 113, 167, 6, 247, 164, 168, 130, 159, 53, 218,
       136, 83, 191, 133, 27, 66, 72, 94, 11, 217, 204, 253, 247, 190,
       71, 207, 211, 219, 10, 207, 255, 189, 79, 250, 70, 175, 237, 103,
       75, 213, 123, 166, 236, 124, 82, 123, 82, 200, 248, 157, 164, 121,
       74, 162, 251, 247, 176, 111, 227, 46, 124, 135, 70, 207, 255, 250,
       164, 85, 185, 159, 190, 137, 221, 85, 253, 171, 85, 169, 13, 254,
       254, 78, 26, 161, 227, 108, 71, 27, 107, 186, 113, 187, 255, 87,
       126, 216, 114, 131, 118, 22, 22, 127, 164, 178, 42, 61, 81, 61,
       166, 103, 183, 77, 39, 171, 89, 54, 189, 133, 166, 176, 209, 36,
       204, 242, 227, 74, 134, 165, 247, 167, 113, 85, 90, 139, 158, 34,
       220, 103, 112, 165, 78, 255, 231, 242, 215, 171, 92, 124, 232,
       174, 206, 195, 144, 50, 97, 214, 175, 162, 136, 42, 187, 44, 113,
       173, 165, 119, 69, 240, 75, 229, 187, 127, 226, 126, 232, 211, 53,
       149, 181, 123, 156, 102, 44, 113, 248, 229, 94, 109, 254, 103, 68,
       99, 232, 199, 240, 26, 86, 246, 173, 39, 122, 123, 90, 125, 206,
       94, 167, 239, 206, 175, 100, 247, 105, 172, 36, 143, 144, 39, 207,
       130, 247, 18, 135, 182, 231, 45, 117, 51, 143, 108, 143, 180, 115,
       191, 119, 93, 238, 159, 167, 120, 60, 182, 96, 223, 99, 159, 173,
       244, 169, 109, 238, 110, 94, 191, 147, 151, 238, 245, 223, 234,
       151, 104, 233, 189, 147, 92, 191, 87, 125, 180, 191, 139, 9, 150,
       213, 205, 138, 159, 132, 254, 46, 69, 151, 238, 219, 180, 255, 63,
       140, 216, 31, 71, 14, 236, 145, 168, 54, 156, 154, 190, 251, 159,
       245, 221, 110, 223, 239, 71, 215, 253, 159, 188, 69, 239, 194,
       142, 255, 255, 212, 134, 245, 169, 69, 73, 49, 57, 101, 48, 206,
       125, 55, 109, 73, 126, 0, 191, 23, 128, 112, 164, 63, 93, 12, 193,
       184, 48, 79, 231, 253, 48, 128, 66, 128, 195, 107, 110, 90, 113,
       201, 117, 222, 127, 188, 61, 104, 246, 236, 235, 87, 133, 244,
       182, 252, 238, 106, 201, 146, 249, 255, 183, 252, 33, 146, 114,
       159, 70, 125, 128, 136, 31, 249, 177, 172, 105, 39, 188, 21, 98,
       17, 182, 39, 0, 89, 129, 35, 105, 28, 50, 172, 19, 119, 205, 182,
       82, 64, 192, 0, 129, 58, 111, 249, 172, 158, 77, 149, 153, 152,
       207, 252, 157, 15, 248, 220, 87, 34, 141, 101, 251, 215, 198, 99,
       254, 241, 79, 89, 141, 191, 87, 15, 85, 223, 72, 21, 59, 119, 112,
       204, 117, 55, 109, 73, 126, 24, 191, 151, 0, 48, 132, 58, 87, 8,
       193, 184, 48, 47, 231, 253, 48, 128, 66, 128, 199, 235, 89, 66,
       198, 133, 22, 2, 110, 52, 112, 162, 83, 230, 81, 35, 144, 207,
       114, 196, 44, 238, 161, 212, 133, 76, 188, 167, 255, 132, 173,
       161, 57, 0, 252, 119, 188, 38, 140, 95, 87, 253, 66, 238, 191, 41,
       67, 252, 91, 51, 177, 213, 236, 99, 252, 99, 233, 42, 251, 227,
       101, 189, 97, 123, 214, 99, 246, 60, 158, 254, 139, 225, 20, 79,
       187, 19, 161, 57, 110, 247, 32, 91, 227, 243, 221, 130, 59, 71,
       154, 243, 147, 243, 94, 59, 152, 113, 167, 18, 1, 188, 153, 219,
       214, 185, 166, 214, 62, 51, 122, 242, 181, 243, 128, 230, 111,
       250, 106, 136, 51, 186, 203, 115, 28, 166, 54, 96, 205, 200, 169,
       169, 34, 166, 164, 254, 233, 237, 220, 239, 155, 63, 184, 25, 238,
       239, 126, 143, 141, 243, 255, 129, 62, 107, 202, 243, 185, 214,
       223, 59, 211, 124, 143, 78, 53, 104, 102, 235, 76, 11, 250, 200,
       198, 160, 209, 162, 241, 217, 233, 98, 124, 220, 122, 110, 76,
       183, 79, 184, 87, 200, 131, 49, 53, 187, 112, 170, 214, 115, 183,
       50, 169, 105, 159, 200, 159, 254, 181, 169, 78, 237, 111, 11, 159,
       81, 237, 119, 232, 101, 170, 176, 249, 211, 109, 191, 212, 127,
       135, 115, 207, 207, 239, 243, 228, 40, 111, 151, 187, 211, 95,
       213, 221, 239, 223, 106, 71, 111, 63, 95, 240, 84, 238, 226, 110,
       127, 239, 192, 134, 247, 209, 240, 14, 148, 52, 219, 39, 246, 51,
       169, 29, 95, 79, 18, 236, 118, 42, 228, 215, 19, 187, 34, 83, 144,
       123, 255, 199, 247, 218, 71, 18, 15, 173, 119, 41, 180, 119, 69,
       84, 95, 225, 59, 125, 226, 106, 72, 147, 53, 148, 180, 121, 156,
       114, 40, 249, 184, 245, 14, 15, 255, 85, 4, 67, 232, 70, 248, 149,
       84, 95, 173, 182, 138, 111, 248, 124, 192, 91, 102, 93, 243, 185,
       97, 114, 236, 62, 111, 225, 241, 13, 206, 248, 174, 39, 132, 45,
       251, 113, 129, 84, 249, 191, 186, 137, 205, 87, 228, 171, 81, 168,
       13, 254, 254, 74, 50, 160, 115, 121, 83, 87, 43, 186, 113, 249,
       245, 7, 126, 200, 51, 135, 115, 21, 71, 123, 253, 16, 135, 207,
       248, 86, 0, 253, 194, 209, 227, 169, 96, 95, 248, 38, 234, 235,
       178, 111, 95, 160, 238, 167, 132, 53, 242, 96, 160, 201, 57, 219,
       229, 184, 236, 120, 19, 175, 201, 254, 69, 191, 191, 83, 82, 198,
