%YAML:1.0
---
descriptors: !!opencv-matrix
   rows: 135
   cols: 32
   dt: u
   data: [ 198, 237, 100, 255, 223, 136, 110, 189, 191, 176, 19, 3, 237,
       235, 28, 7, 50, 115, 125, 235, 98, 76, 139, 253, 111, 250, 205,
       229, 39, 179, 208, 10, 188, 181, 204, 161, 221, 123, 112, 43, 59,
       119, 61, 31, 79, 58, 78, 153, 185, 143, 230, 48, 63, 116, 223,
       215, 159, 215, 85, 119, 251, 76, 206, 214, 198, 232, 244, 95, 15,
       152, 254, 172, 187, 146, 55, 2, 232, 203, 93, 111, 35, 101, 121,
       202, 98, 68, 223, 251, 39, 58, 207, 187, 39, 179, 209, 14, 162,
       223, 22, 252, 252, 163, 150, 231, 223, 130, 248, 113, 174, 248,
       36, 69, 207, 123, 47, 3, 112, 239, 2, 254, 184, 254, 87, 26, 84,
       121, 225, 143, 68, 133, 132, 147, 150, 168, 164, 129, 94, 19, 75,
       82, 213, 99, 72, 74, 113, 74, 42, 24, 50, 248, 207, 227, 44, 38,
       215, 68, 176, 106, 145, 0, 70, 32, 245, 241, 230, 41, 248, 2, 123,
       179, 51, 249, 159, 63, 213, 58, 167, 213, 125, 21, 144, 244, 129,
       192, 206, 222, 91, 246, 197, 229, 67, 37, 141, 140, 188, 87, 229,
       54, 180, 183, 126, 183, 70, 20, 200, 56, 222, 239, 163, 70, 50,
       28, 180, 252, 63, 98, 47, 63, 86, 70, 202, 117, 137, 204, 2, 235,
       24, 186, 253, 129, 180, 239, 142, 29, 88, 35, 164, 251, 96, 64,
       203, 59, 131, 1, 86, 26, 66, 241, 61, 20, 30, 107, 16, 24, 165,
       139, 244, 207, 200, 54, 178, 34, 95, 191, 18, 150, 13, 185, 119,
       109, 171, 17, 23, 115, 133, 246, 120, 70, 8, 47, 234, 135, 101,
       253, 244, 243, 134, 81, 212, 64, 207, 166, 14, 74, 111, 40, 32,
       134, 195, 139, 87, 67, 25, 91, 114, 197, 109, 239, 104, 215, 157,
       8, 208, 163, 239, 20, 36, 179, 35, 0, 107, 144, 245, 220, 125,
       119, 217, 91, 27, 121, 181, 127, 92, 29, 158, 189, 223, 151, 245,
       17, 151, 111, 57, 213, 91, 122, 217, 254, 223, 140, 215, 119, 122,
       197, 102, 174, 159, 82, 86, 236, 69, 4, 218, 3, 107, 121, 62, 193,
       248, 228, 205, 227, 108, 163, 9, 173, 179, 225, 135, 23, 51, 190,
       252, 78, 200, 152, 29, 190, 41, 205, 16, 175, 143, 91, 164, 25,
       190, 183, 0, 223, 129, 51, 233, 0, 35, 77, 91, 53, 197, 211, 88,
       123, 26, 8, 5, 27, 251, 82, 167, 140, 43, 94, 23, 120, 61, 238,
       214, 175, 78, 22, 167, 255, 252, 212, 252, 102, 233, 215, 225,
       138, 147, 243, 203, 151, 34, 60, 36, 127, 62, 180, 229, 161, 205,
       127, 240, 91, 59, 255, 177, 63, 74, 60, 78, 25, 185, 143, 246, 48,
       190, 114, 249, 214, 223, 214, 81, 247, 235, 77, 198, 215, 69, 36,
       217, 225, 240, 44, 121, 25, 58, 187, 43, 80, 221, 179, 73, 122,
       183, 95, 125, 28, 17, 208, 153, 66, 207, 191, 119, 100, 136, 225,
       195, 161, 38, 165, 16, 131, 205, 109, 184, 77, 14, 53, 57, 27,
       140, 88, 72, 140, 187, 139, 202, 17, 18, 112, 91, 213, 29, 16, 31,
       127, 148, 10, 133, 134, 52, 206, 196, 191, 204, 35, 70, 168, 19,
       179, 185, 74, 98, 232, 93, 154, 89, 206, 38, 50, 78, 98, 207, 187,
       168, 150, 197, 126, 253, 123, 88, 140, 196, 173, 132, 147, 212,
       168, 162, 137, 190, 179, 11, 18, 192, 226, 72, 74, 113, 110, 42,
       154, 50, 116, 219, 227, 13, 38, 207, 100, 128, 107, 145, 0, 135,
       221, 164, 23, 149, 182, 206, 174, 90, 219, 11, 84, 225, 104, 95,
       175, 145, 98, 48, 95, 247, 252, 62, 191, 45, 95, 221, 68, 204,
       119, 217, 92, 128, 164, 157, 155, 248, 233, 169, 143, 30, 51, 1,
       184, 181, 162, 72, 8, 207, 27, 106, 16, 51, 88, 75, 87, 140, 150,
       63, 108, 156, 72, 129, 161, 31, 95, 255, 229, 182, 14, 127, 180,
       61, 202, 126, 66, 125, 127, 181, 115, 118, 245, 63, 238, 225, 144,
       49, 238, 247, 255, 231, 128, 38, 243, 225, 185, 53, 111, 198, 37,
       13, 59, 70, 224, 116, 162, 235, 77, 67, 224, 19, 155, 88, 236,
       106, 110, 108, 247, 205, 40, 176, 130, 69, 53, 105, 251, 122, 132,
       191, 176, 37, 123, 171, 221, 80, 152, 143, 125, 181, 63, 10, 157,
       222, 253, 205, 155, 253, 81, 159, 62, 251, 241, 211, 89, 16, 255,
       219, 13, 212, 119, 203, 87, 126, 108, 42, 86, 61, 55, 37, 110,
       222, 181, 93, 61, 178, 119, 134, 21, 255, 45, 245, 139, 37, 140,
       115, 251, 120, 147, 6, 212, 165, 125, 212, 166, 204, 33, 172, 106,
       108, 41, 120, 183, 163, 153, 195, 32, 220, 91, 19, 132, 108, 60,
       56, 212, 205, 0, 140, 250, 117, 85, 228, 224, 215, 0, 190, 224,
       116, 90, 173, 249, 81, 201, 207, 119, 165, 25, 10, 204, 126, 175,
       131, 8, 172, 22, 94, 101, 254, 145, 203, 217, 85, 127, 114, 221,
       220, 86, 217, 223, 45, 133, 161, 126, 53, 183, 36, 93, 158, 229,
       126, 55, 130, 247, 100, 214, 188, 68, 237, 153, 113, 173, 247, 99,
       118, 147, 10, 220, 172, 123, 133, 166, 221, 241, 236, 169, 233,
       27, 254, 51, 51, 216, 157, 163, 216, 43, 163, 11, 110, 28, 179,
       124, 235, 211, 204, 155, 127, 244, 220, 200, 193, 161, 29, 103,
       204, 71, 176, 26, 111, 184, 116, 168, 126, 228, 211, 99, 153, 112,
       54, 76, 36, 110, 233, 208, 237, 46, 230, 239, 101, 132, 110, 243,
       72, 33, 212, 112, 159, 116, 42, 108, 81, 146, 176, 218, 166, 24,
       215, 247, 65, 123, 3, 244, 124, 10, 41, 71, 251, 32, 209, 171,
       113, 24, 168, 241, 6, 51, 113, 240, 27, 101, 29, 15, 99, 252, 118,
       232, 226, 12, 82, 17, 64, 49, 184, 204, 74, 106, 73, 247, 153, 29,
       249, 139, 5, 116, 72, 10, 82, 26, 241, 74, 207, 188, 78, 8, 109,
       52, 233, 146, 178, 94, 123, 35, 129, 91, 106, 229, 108, 234, 105,
       103, 199, 224, 212, 170, 246, 24, 45, 249, 114, 40, 208, 42, 150,
       183, 172, 169, 233, 66, 191, 23, 179, 25, 239, 234, 78, 27, 235,
       231, 111, 5, 58, 103, 203, 163, 220, 242, 122, 58, 192, 105, 3, 2,
       196, 44, 132, 147, 221, 169, 162, 136, 186, 179, 9, 18, 196, 226,
       73, 79, 49, 110, 106, 146, 50, 100, 218, 242, 141, 6, 207, 108,
       128, 107, 17, 128, 125, 125, 25, 229, 248, 15, 86, 190, 51, 170,
       188, 72, 159, 51, 1, 48, 156, 220, 93, 104, 105, 114, 209, 30,
       255, 223, 37, 52, 72, 249, 66, 35, 116, 235, 208, 227, 221, 11,
       194, 168, 83, 177, 185, 239, 67, 232, 92, 134, 217, 206, 102, 114,
       78, 98, 203, 179, 46, 222, 133, 127, 253, 235, 216, 142, 194, 140,
       151, 159, 184, 169, 172, 230, 158, 3, 250, 80, 174, 226, 36, 195,
       199, 107, 106, 1, 114, 239, 67, 239, 188, 182, 94, 90, 144, 88,
       161, 140, 55, 48, 247, 161, 237, 47, 240, 88, 59, 249, 178, 43,
       74, 157, 71, 31, 253, 157, 247, 52, 156, 115, 201, 192, 31, 90,
       85, 246, 195, 173, 98, 215, 115, 80, 238, 205, 42, 26, 28, 32, 57,
       226, 214, 171, 78, 62, 135, 127, 126, 213, 255, 166, 204, 215,
       229, 200, 150, 122, 90, 146, 39, 188, 36, 119, 125, 107, 25, 230,
       52, 15, 67, 120, 109, 168, 189, 8, 223, 82, 137, 52, 144, 208, 76,
       106, 201, 35, 105, 28, 177, 221, 35, 62, 64, 51, 67, 37, 242, 201,
       103, 174, 15, 66, 70, 232, 229, 4, 178, 3, 99, 106, 60, 87, 232,
       229, 109, 227, 108, 163, 13, 237, 177, 226, 203, 19, 37, 62, 116,
       14, 97, 57, 155, 124, 25, 228, 18, 64, 235, 201, 232, 12, 150,
       211, 100, 114, 216, 122, 104, 80, 27, 107, 210, 0, 251, 241, 6,
       123, 88, 2, 98, 19, 76, 178, 153, 161, 160, 47, 17, 25, 42, 185,
       53, 125, 223, 31, 72, 26, 151, 21, 221, 48, 19, 64, 217, 16, 207,
       213, 45, 246, 200, 2, 135, 51, 209, 88, 191, 116, 8, 78, 69, 180,
       240, 242, 166, 24, 215, 115, 1, 123, 33, 244, 124, 106, 233, 101,
       187, 40, 209, 171, 117, 20, 104, 241, 66, 50, 82, 144, 254, 244,
       55, 202, 184, 99, 191, 171, 210, 147, 173, 190, 52, 96, 231, 61,
       255, 133, 36, 221, 144, 206, 155, 255, 250, 135, 12, 0, 37, 155,
       218, 81, 124, 236, 46, 82, 93, 57, 233, 238, 118, 163, 223, 191,
       150, 51, 166, 181, 181, 239, 200, 100, 166, 216, 195, 249, 235,
       143, 39, 164, 85, 115, 117, 253, 237, 110, 142, 67, 71, 252, 195,
       254, 189, 106, 83, 243, 251, 51, 57, 194, 125, 234, 232, 99, 175,
       58, 250, 200, 229, 188, 125, 251, 246, 97, 9, 0, 205, 101, 116,
