%YAML:1.0
---
descriptors: !!opencv-matrix
   rows: 168
   cols: 32
   dt: u
   data: [ 240, 177, 125, 108, 74, 73, 209, 72, 163, 252, 189, 43, 119,
       223, 77, 18, 254, 149, 237, 112, 74, 99, 251, 17, 211, 241, 1, 63,
       113, 42, 70, 243, 61, 123, 89, 109, 48, 78, 127, 56, 100, 236,
       255, 45, 215, 7, 131, 80, 122, 236, 108, 110, 201, 176, 249, 60,
       230, 237, 39, 0, 104, 187, 78, 81, 45, 125, 121, 101, 244, 79, 79,
       188, 113, 234, 126, 8, 211, 55, 145, 48, 29, 220, 84, 106, 201,
       176, 249, 14, 239, 223, 37, 20, 98, 251, 70, 113, 198, 252, 190,
       159, 207, 237, 183, 175, 159, 247, 14, 31, 236, 254, 111, 79, 163,
       119, 251, 19, 114, 77, 186, 243, 239, 119, 223, 123, 150, 125,
       149, 95, 61, 17, 107, 79, 212, 71, 239, 120, 84, 64, 127, 2, 113,
       213, 189, 32, 120, 24, 18, 106, 209, 178, 61, 62, 101, 141, 161,
       0, 125, 187, 244, 240, 54, 79, 226, 158, 246, 160, 170, 212, 149,
       141, 217, 231, 105, 203, 189, 64, 126, 235, 23, 215, 130, 147, 12,
       239, 48, 36, 174, 136, 191, 159, 177, 153, 27, 159, 107, 255, 246,
       162, 239, 247, 117, 74, 255, 246, 121, 235, 182, 96, 127, 239, 23,
       141, 185, 187, 45, 239, 254, 239, 174, 192, 175, 234, 241, 241,
       116, 81, 109, 229, 44, 94, 92, 48, 225, 220, 183, 3, 83, 127, 31,
       107, 110, 212, 253, 234, 204, 97, 119, 128, 211, 235, 227, 149,
       101, 171, 116, 115, 253, 172, 159, 247, 180, 47, 79, 254, 115,
       179, 190, 24, 123, 121, 81, 57, 217, 254, 124, 170, 57, 254, 217,
       174, 251, 223, 213, 20, 193, 249, 242, 168, 207, 252, 191, 127,
       201, 188, 125, 150, 255, 223, 102, 16, 249, 255, 93, 123, 197,
       126, 123, 158, 163, 220, 251, 243, 207, 255, 223, 0, 130, 241,
       103, 250, 2, 156, 28, 153, 139, 229, 181, 175, 158, 23, 8, 19,
       188, 62, 36, 75, 167, 19, 59, 17, 114, 77, 27, 245, 77, 18, 94,
       71, 144, 64, 165, 155, 232, 148, 189, 253, 173, 188, 117, 151,
       255, 59, 102, 16, 254, 189, 16, 123, 193, 118, 127, 24, 187, 252,
       243, 179, 207, 251, 84, 80, 210, 216, 212, 42, 49, 172, 201, 167,
       22, 11, 71, 120, 84, 162, 218, 74, 119, 33, 192, 32, 121, 238, 86,
       171, 57, 186, 205, 14, 252, 134, 165, 52, 237, 170, 18, 128, 216,
       80, 156, 126, 40, 77, 85, 188, 164, 26, 167, 24, 247, 87, 11, 59,
       132, 209, 109, 106, 104, 103, 91, 17, 211, 235, 97, 29, 80, 242,
       110, 35, 151, 90, 235, 250, 182, 147, 239, 208, 214, 74, 214, 246,
       81, 206, 177, 104, 127, 232, 31, 223, 171, 151, 44, 254, 250, 239,
       175, 192, 189, 187, 112, 113, 114, 122, 255, 228, 122, 2, 191,
       125, 137, 226, 20, 239, 93, 63, 181, 3, 46, 117, 215, 227, 225,
       79, 172, 204, 126, 79, 239, 190, 45, 182, 7, 249, 123, 119, 121,
       108, 46, 21, 95, 61, 73, 234, 156, 237, 127, 221, 215, 53, 150,
       117, 253, 103, 205, 67, 239, 157, 115, 217, 45, 190, 46, 254, 82,
       127, 179, 111, 235, 133, 102, 18, 237, 119, 121, 234, 94, 231,
       121, 172, 247, 35, 126, 239, 55, 239, 197, 251, 166, 232, 118,
       105, 239, 168, 109, 254, 243, 253, 2, 217, 21, 201, 201, 197, 172,
       239, 142, 19, 168, 64, 176, 147, 60, 119, 201, 19, 91, 168, 83,
       43, 82, 85, 37, 30, 214, 126, 24, 88, 227, 178, 83, 125, 51, 164,
       54, 212, 154, 98, 25, 200, 152, 107, 31, 158, 117, 160, 174, 253,
       149, 225, 205, 139, 176, 204, 179, 245, 139, 186, 45, 53, 39, 95,
       59, 89, 106, 36, 115, 71, 94, 116, 33, 232, 126, 167, 31, 29, 35,
       16, 46, 253, 149, 229, 204, 154, 17, 172, 115, 201, 33, 131, 111,
       183, 106, 219, 52, 201, 87, 65, 114, 75, 238, 224, 109, 32, 251,
       130, 83, 11, 164, 48, 122, 152, 2, 234, 72, 178, 13, 92, 54, 142,
       65, 68, 101, 155, 98, 160, 251, 219, 111, 254, 230, 26, 237, 245,
       121, 72, 247, 254, 123, 111, 182, 113, 126, 231, 55, 239, 233, 59,
       45, 253, 118, 251, 230, 128, 127, 188, 240, 249, 165, 180, 121,
       97, 236, 125, 194, 152, 82, 122, 49, 88, 211, 120, 93, 59, 153,
       208, 86, 122, 187, 102, 255, 50, 79, 155, 101, 124, 209, 249, 82,
       160, 49, 76, 93, 47, 30, 107, 67, 64, 84, 98, 106, 130, 243, 16,
       33, 96, 88, 168, 10, 106, 73, 176, 117, 61, 165, 134, 0, 16, 117,
       219, 84, 232, 125, 103, 249, 38, 172, 31, 78, 184, 96, 234, 187,
       108, 215, 107, 217, 178, 26, 197, 108, 238, 221, 114, 201, 42,
       250, 205, 101, 180, 104, 243, 2, 1, 242, 219, 110, 5, 114, 154,
       191, 53, 121, 76, 246, 239, 107, 12, 150, 85, 54, 229, 239, 71,
       196, 253, 37, 237, 118, 123, 96, 147, 111, 134, 199, 93, 132, 73,
       18, 190, 77, 132, 182, 64, 156, 132, 81, 3, 228, 217, 35, 73, 200,
       106, 162, 67, 64, 162, 90, 168, 165, 176, 194, 11, 16, 122, 61,
       130, 90, 223, 111, 14, 210, 218, 191, 246, 61, 68, 126, 167, 109,
       110, 22, 112, 54, 247, 219, 231, 229, 153, 61, 239, 126, 111, 14,
       195, 103, 182, 165, 125, 10, 149, 48, 139, 213, 215, 190, 239, 93,
       101, 92, 3, 140, 92, 62, 132, 217, 27, 147, 117, 246, 184, 88,
       255, 47, 84, 142, 71, 87, 14, 221, 222, 187, 123, 107, 212, 102,
       18, 239, 117, 81, 202, 244, 230, 121, 237, 180, 41, 126, 236, 55,
       239, 233, 246, 164, 235, 118, 111, 246, 136, 111, 188, 242, 249,
       98, 203, 190, 190, 109, 221, 244, 103, 201, 85, 124, 11, 46, 252,
       54, 34, 168, 163, 243, 5, 198, 43, 34, 253, 87, 115, 88, 43, 85,
       30, 255, 206, 172, 102, 124, 101, 108, 15, 79, 248, 86, 170, 180,
       78, 83, 19, 155, 49, 92, 204, 87, 238, 232, 246, 105, 28, 111,
       139, 229, 180, 121, 187, 82, 177, 165, 236, 153, 239, 220, 15,
       111, 252, 198, 162, 249, 74, 211, 227, 105, 35, 89, 200, 70, 106,
       105, 119, 218, 191, 253, 207, 167, 44, 120, 251, 226, 160, 52, 15,
       103, 167, 182, 2, 107, 248, 52, 140, 219, 231, 67, 101, 185, 65,
       126, 228, 47, 239, 248, 179, 45, 46, 240, 166, 163, 128, 37, 171,
       116, 97, 91, 223, 123, 198, 246, 6, 190, 247, 185, 234, 126, 238,
       124, 127, 180, 34, 63, 247, 215, 163, 241, 155, 36, 239, 127, 47,
       175, 130, 45, 246, 163, 185, 165, 18, 253, 69, 108, 47, 207, 24,
       84, 238, 183, 86, 209, 53, 157, 47, 92, 212, 126, 238, 169, 244,
       125, 8, 71, 139, 225, 148, 205, 251, 84, 241, 158, 253, 254, 151,
       211, 251, 182, 239, 191, 215, 95, 179, 108, 252, 111, 11, 191,
       123, 179, 147, 55, 253, 14, 255, 126, 71, 95, 199, 239, 125, 173,
       223, 253, 223, 200, 78, 252, 55, 206, 252, 87, 234, 221, 206, 91,
       104, 191, 164, 127, 198, 62, 239, 253, 119, 125, 190, 58, 79, 229,
       188, 255, 255, 248, 21, 139, 206, 70, 216, 219, 148, 188, 207,
       191, 83, 196, 151, 44, 202, 190, 228, 231, 139, 147, 132, 230, 15,
       54, 247, 50, 127, 158, 207, 31, 84, 169, 28, 191, 174, 230, 159,
       254, 51, 239, 251, 23, 254, 222, 247, 105, 234, 191, 197, 127,
       239, 183, 175, 252, 214, 239, 255, 62, 111, 239, 196, 175, 252,
       122, 213, 255, 223, 230, 158, 220, 55, 206, 253, 87, 234, 220,
       223, 115, 232, 191, 165, 93, 238, 54, 239, 253, 246, 93, 191, 122,
       127, 197, 20, 255, 255, 248, 220, 45, 117, 121, 227, 212, 79, 207,
       216, 87, 232, 252, 10, 147, 93, 89, 32, 92, 216, 22, 122, 203,
       178, 121, 190, 239, 221, 165, 52, 82, 187, 84, 176, 86, 188, 191,
       191, 190, 239, 183, 239, 190, 247, 71, 55, 244, 255, 107, 75, 183,
       127, 251, 19, 114, 73, 187, 127, 239, 231, 127, 127, 148, 113,
       149, 251, 220, 123, 20, 176, 170, 9, 21, 223, 50, 190, 176, 249,
       159, 131, 193, 27, 183, 217, 236, 114, 106, 71, 203, 18, 248, 193,
       111, 253, 160, 112, 7, 3, 235, 181, 242, 88, 249, 245, 152, 123,
       219, 254, 156, 189, 108, 253, 254, 181, 159, 51, 215, 53, 174, 75,
       178, 223, 91, 95, 93, 255, 215, 236, 31, 223, 229, 172, 172, 247,
       148, 111, 77, 166, 119, 179, 239, 24, 243, 105, 92, 59, 217, 238,
       116, 26, 58, 254, 219, 35, 207, 255, 213, 80, 192, 249, 210, 40,
       60, 45, 4, 20, 221, 127, 196, 111, 87, 190, 184, 9, 66, 44, 87,
