%YAML:1.0
---
descriptors: !!opencv-matrix
   rows: 185
   cols: 32
   dt: u
   data: [ 19, 73, 67, 174, 86, 131, 238, 228, 196, 0, 209, 226, 113,
       202, 177, 97, 126, 233, 19, 239, 201, 163, 12, 253, 48, 40, 170,
       136, 61, 187, 112, 168, 181, 221, 95, 239, 180, 14, 79, 188, 100,
       200, 255, 100, 211, 115, 153, 113, 88, 196, 92, 238, 233, 144,
       121, 45, 224, 233, 167, 132, 40, 179, 240, 49, 104, 169, 81, 232,
       109, 217, 88, 73, 239, 49, 188, 8, 175, 155, 68, 180, 202, 190,
       206, 80, 14, 43, 226, 209, 151, 221, 64, 123, 194, 142, 78, 43,
       53, 93, 91, 239, 180, 175, 231, 252, 84, 224, 251, 102, 215, 113,
       169, 96, 126, 254, 30, 106, 217, 176, 121, 62, 237, 239, 39, 16,
       124, 251, 209, 177, 242, 168, 148, 186, 137, 233, 21, 207, 155,
       55, 160, 25, 174, 189, 66, 27, 201, 147, 235, 17, 62, 111, 202,
       243, 219, 210, 84, 123, 210, 92, 143, 78, 74, 8, 190, 186, 237,
       181, 184, 67, 175, 29, 212, 17, 172, 250, 98, 203, 235, 51, 235,
       17, 22, 75, 130, 241, 151, 115, 218, 75, 144, 76, 45, 79, 130,
       168, 54, 153, 73, 245, 176, 71, 159, 87, 68, 19, 172, 158, 102,
       204, 233, 59, 171, 133, 54, 79, 50, 211, 15, 54, 154, 107, 146,
       12, 45, 222, 66, 184, 180, 155, 73, 221, 176, 207, 191, 29, 68,
       17, 172, 254, 102, 78, 193, 59, 251, 17, 22, 77, 210, 245, 79,
       114, 90, 107, 146, 4, 141, 206, 92, 59, 218, 229, 114, 74, 123,
       16, 33, 236, 119, 169, 87, 71, 66, 80, 118, 253, 53, 250, 8, 210,
       217, 76, 223, 233, 163, 196, 164, 163, 38, 115, 204, 20, 221, 117,
       224, 110, 101, 191, 54, 191, 126, 112, 215, 119, 137, 123, 23, 94,
       108, 42, 49, 212, 251, 42, 239, 175, 117, 4, 224, 240, 196, 161,
       89, 28, 29, 189, 44, 238, 120, 50, 239, 115, 194, 19, 191, 63, 16,
       107, 225, 183, 127, 129, 61, 221, 243, 253, 199, 243, 218, 17, 24,
       73, 57, 74, 24, 220, 45, 191, 44, 91, 94, 190, 22, 250, 218, 167,
       247, 126, 9, 67, 223, 215, 253, 227, 109, 193, 107, 63, 243, 231,
       255, 149, 52, 122, 29, 123, 122, 160, 23, 250, 9, 221, 216, 200,
       143, 52, 160, 11, 174, 206, 125, 150, 233, 179, 203, 193, 14, 99,
       26, 241, 155, 209, 31, 63, 83, 13, 15, 142, 73, 49, 222, 245, 168,
       110, 125, 23, 175, 233, 238, 13, 191, 183, 66, 90, 38, 167, 125,
       156, 25, 216, 211, 64, 223, 255, 118, 16, 200, 192, 235, 26, 36,
       177, 121, 67, 114, 75, 105, 120, 45, 164, 119, 168, 89, 87, 140,
       52, 62, 28, 70, 106, 193, 176, 253, 93, 71, 136, 33, 196, 99, 130,
       71, 241, 141, 111, 14, 139, 234, 169, 47, 148, 172, 16, 75, 244,
       189, 130, 201, 203, 38, 11, 122, 222, 83, 148, 79, 96, 228, 32,
       42, 192, 12, 211, 169, 169, 123, 138, 238, 85, 23, 82, 73, 59,
       113, 231, 70, 151, 107, 45, 150, 245, 112, 228, 181, 172, 173,
       252, 245, 142, 203, 239, 213, 133, 239, 164, 124, 126, 130, 132,
       50, 153, 213, 245, 184, 71, 31, 5, 85, 19, 172, 156, 54, 204, 233,
       59, 147, 145, 54, 184, 18, 215, 15, 22, 154, 75, 150, 76, 189,
       206, 10, 160, 16, 155, 77, 253, 176, 79, 159, 23, 85, 19, 172,
       156, 110, 141, 201, 27, 163, 17, 22, 126, 114, 213, 15, 82, 154,
       107, 210, 12, 157, 142, 90, 241, 154, 176, 139, 212, 92, 119, 175,
       241, 138, 27, 15, 191, 74, 218, 167, 159, 253, 145, 30, 75, 146,
       128, 251, 229, 30, 127, 168, 4, 175, 27, 244, 100, 253, 101, 36,
       110, 79, 184, 112, 170, 179, 72, 215, 49, 153, 123, 16, 212, 125,
       106, 105, 244, 249, 10, 229, 171, 229, 20, 96, 243, 70, 32, 181,
       109, 255, 70, 236, 85, 199, 253, 195, 250, 188, 10, 83, 253, 245,
       39, 88, 236, 118, 106, 201, 99, 254, 136, 123, 216, 229, 60, 115,
       251, 244, 228, 208, 245, 187, 161, 146, 68, 61, 143, 58, 253, 130,
       51, 157, 183, 72, 66, 231, 87, 125, 145, 114, 77, 177, 66, 249,
       229, 191, 197, 128, 0, 165, 123, 99, 188, 149, 26, 169, 253, 17,
       207, 187, 91, 172, 28, 174, 244, 102, 191, 129, 115, 234, 16, 23,
       107, 250, 241, 153, 18, 85, 123, 216, 68, 135, 255, 114, 184, 149,
       250, 137, 237, 17, 207, 139, 95, 160, 57, 174, 183, 100, 95, 201,
       83, 239, 16, 27, 79, 250, 241, 155, 210, 84, 123, 210, 76, 135,
       127, 202, 176, 149, 178, 171, 237, 17, 143, 191, 127, 129, 57,
       206, 246, 74, 31, 131, 19, 237, 16, 51, 77, 250, 209, 137, 210,
       95, 255, 154, 68, 135, 119, 229, 237, 104, 70, 236, 29, 199, 248,
       81, 234, 181, 78, 115, 121, 223, 51, 88, 200, 86, 110, 237, 38,
       252, 42, 119, 157, 165, 60, 125, 251, 82, 160, 141, 41, 119, 97,
       116, 239, 235, 82, 125, 232, 246, 88, 155, 31, 149, 177, 110, 61,
       126, 248, 177, 250, 245, 204, 79, 249, 35, 64, 207, 161, 67, 161,
       71, 103, 194, 5, 210, 26, 174, 172, 108, 224, 203, 199, 193, 98,
       159, 244, 50, 204, 106, 238, 197, 144, 141, 78, 52, 44, 175, 132,
       45, 183, 59, 4, 30, 179, 126, 165, 182, 91, 191, 121, 126, 236,
       247, 167, 79, 204, 190, 1, 62, 93, 255, 231, 208, 241, 45, 220,
       254, 203, 111, 199, 101, 174, 165, 245, 16, 211, 255, 165, 46, 91,
       253, 189, 46, 109, 215, 167, 223, 76, 154, 64, 254, 85, 255, 101,
       200, 177, 109, 157, 246, 231, 111, 149, 101, 186, 133, 115, 77,
       48, 185, 97, 176, 111, 115, 152, 106, 249, 35, 92, 214, 23, 73,
       58, 149, 93, 124, 122, 147, 116, 249, 0, 205, 157, 33, 116, 200,
       163, 3, 51, 202, 188, 59, 241, 57, 205, 121, 55, 175, 89, 190, 28,
       191, 159, 68, 116, 167, 51, 127, 24, 115, 109, 178, 247, 207, 249,
       18, 250, 10, 128, 131, 59, 201, 177, 159, 245, 185, 204, 121, 23,
       175, 241, 238, 16, 191, 183, 66, 114, 162, 167, 127, 152, 27, 201,
       243, 66, 207, 253, 22, 64, 138, 128, 195, 122, 124, 224, 56, 248,
       13, 93, 84, 239, 131, 144, 164, 11, 43, 221, 74, 144, 249, 145,
       217, 224, 94, 99, 218, 181, 251, 217, 133, 127, 115, 60, 238, 2,
       120, 160, 26, 250, 13, 221, 82, 204, 143, 176, 160, 11, 43, 223,
       110, 145, 233, 179, 201, 195, 14, 99, 218, 177, 155, 217, 133, 59,
       83, 29, 78, 2, 72, 8, 191, 255, 45, 236, 113, 3, 239, 115, 207,
       16, 191, 191, 0, 106, 227, 183, 123, 1, 31, 201, 243, 213, 213,
       247, 82, 81, 128, 72, 21, 42, 226, 169, 58, 250, 253, 193, 185,
       69, 175, 21, 244, 27, 172, 223, 102, 95, 234, 187, 235, 209, 18,
       107, 130, 241, 219, 112, 154, 123, 146, 12, 167, 202, 64, 168,
       157, 250, 201, 205, 17, 207, 170, 53, 160, 24, 190, 215, 72, 122,
       129, 51, 232, 16, 18, 75, 186, 113, 217, 211, 95, 127, 144, 0,
       135, 42, 2, 158, 146, 155, 246, 161, 190, 198, 30, 7, 88, 247,
       172, 238, 38, 192, 255, 107, 163, 133, 38, 152, 10, 255, 44, 22,
       158, 195, 28, 92, 169, 159, 2, 177, 148, 155, 235, 181, 184, 79,
       143, 25, 145, 95, 172, 218, 110, 206, 207, 27, 251, 145, 22, 107,
       218, 241, 31, 80, 90, 123, 154, 76, 169, 143, 33, 127, 109, 197,
       116, 15, 236, 114, 125, 232, 122, 78, 147, 9, 149, 48, 94, 204,
       86, 109, 233, 186, 117, 206, 38, 156, 167, 164, 77, 184, 82, 161,
       214, 254, 234, 223, 254, 31, 190, 248, 63, 238, 223, 239, 202,
       238, 255, 64, 255, 223, 255, 227, 236, 115, 239, 255, 254, 87,
       175, 159, 93, 127, 175, 215, 165, 229, 97, 74, 213, 63, 231, 248,
       87, 224, 120, 78, 82, 240, 253, 180, 89, 200, 18, 126, 235, 50,
       124, 190, 45, 28, 133, 44, 95, 251, 82, 172, 86, 241, 169, 178,
       155, 65, 23, 236, 131, 245, 137, 171, 198, 252, 95, 10, 209, 215,
       249, 243, 94, 67, 255, 176, 249, 4, 143, 127, 133, 55, 151, 118,
       253, 101, 252, 117, 174, 120, 93, 190, 121, 246, 182, 184, 251,
       61, 219, 59, 39, 214, 253, 110, 236, 96, 231, 168, 231, 251, 117,
       149, 103, 244, 198, 123, 214, 182, 190, 178, 171, 249, 144, 207,
       187, 191, 129, 185, 142, 174, 78, 27, 167, 87, 237, 17, 54, 75,
       138, 208, 216, 83, 95, 255, 128, 68, 175, 215, 191, 100, 116, 87,
       109, 91, 215, 232, 229, 246, 181, 184, 75, 77, 159, 191, 90, 192,
