%YAML:1.0
---
descriptors: !!opencv-matrix
   rows: 278
   cols: 32
   dt: u
   data: [ 27, 137, 232, 169, 179, 219, 190, 230, 14, 97, 94, 131, 157,
       44, 18, 160, 38, 89, 145, 93, 214, 152, 117, 177, 239, 205, 174,
       197, 247, 140, 153, 216, 2, 219, 115, 95, 83, 209, 172, 231, 95,
       9, 120, 98, 168, 214, 164, 244, 82, 59, 130, 128, 195, 152, 102,
       255, 37, 126, 154, 138, 19, 28, 229, 173, 82, 152, 158, 191, 138,
       224, 52, 7, 190, 87, 202, 51, 180, 254, 34, 72, 227, 51, 235, 129,
       23, 205, 19, 119, 209, 167, 90, 75, 56, 64, 173, 90, 147, 206, 99,
       250, 118, 131, 75, 250, 21, 2, 208, 234, 121, 79, 181, 97, 126,
       233, 23, 239, 234, 15, 45, 255, 240, 138, 171, 184, 53, 153, 112,
       104, 97, 65, 93, 79, 108, 79, 103, 188, 69, 32, 114, 72, 243, 17,
       157, 51, 88, 244, 102, 106, 201, 50, 125, 61, 101, 186, 97, 16,
       80, 187, 66, 168, 0, 189, 27, 240, 242, 205, 115, 246, 173, 4,
       110, 8, 190, 211, 32, 80, 166, 123, 19, 88, 18, 155, 48, 127, 253,
       157, 6, 64, 0, 145, 167, 170, 42, 176, 232, 73, 117, 249, 225, 91,
       127, 69, 244, 189, 139, 141, 86, 156, 27, 136, 215, 21, 158, 42,
       244, 211, 79, 93, 16, 237, 215, 140, 94, 254, 17, 21, 155, 173,
       154, 110, 41, 119, 60, 105, 218, 86, 157, 39, 128, 96, 111, 143,
       126, 188, 177, 153, 245, 78, 252, 229, 190, 196, 169, 192, 161,
       249, 249, 149, 118, 174, 159, 150, 54, 253, 245, 64, 235, 22, 78,
       248, 46, 225, 246, 103, 170, 102, 245, 187, 61, 175, 59, 111, 71,
       70, 58, 110, 232, 15, 73, 133, 236, 193, 150, 82, 237, 183, 100,
       245, 14, 146, 25, 47, 86, 99, 107, 70, 59, 248, 241, 216, 181,
       228, 111, 43, 222, 68, 167, 208, 245, 120, 32, 158, 184, 250, 188,
       233, 87, 182, 86, 15, 252, 40, 182, 209, 161, 64, 201, 122, 14,
       80, 26, 168, 106, 63, 235, 151, 52, 123, 208, 217, 84, 43, 60,
       110, 122, 110, 116, 27, 91, 240, 113, 204, 125, 41, 123, 73, 179,
       16, 90, 232, 4, 110, 200, 182, 104, 47, 242, 205, 33, 169, 119,
       187, 70, 201, 101, 224, 209, 68, 84, 12, 67, 152, 115, 164, 36, 8,
       18, 211, 201, 52, 88, 204, 0, 124, 75, 114, 248, 8, 61, 156, 133,
       108, 227, 178, 66, 224, 91, 223, 238, 21, 50, 18, 61, 55, 52, 198,
       94, 167, 125, 47, 146, 225, 54, 102, 181, 141, 228, 216, 37, 237,
       102, 103, 254, 129, 39, 244, 173, 89, 65, 140, 159, 190, 160, 174,
       33, 39, 188, 91, 106, 17, 246, 51, 32, 81, 161, 39, 105, 12, 48,
       153, 19, 111, 201, 182, 122, 64, 200, 64, 161, 10, 130, 40, 18,
       156, 79, 241, 184, 66, 173, 132, 210, 163, 172, 206, 39, 196, 234,
       49, 203, 129, 6, 143, 130, 237, 21, 48, 138, 11, 0, 12, 45, 206,
       64, 190, 218, 52, 114, 203, 113, 19, 59, 175, 54, 249, 183, 183,
       194, 18, 39, 189, 229, 16, 34, 92, 128, 74, 222, 135, 49, 161,
       164, 128, 7, 75, 3, 152, 145, 217, 93, 205, 176, 79, 94, 81, 64,
       18, 188, 146, 96, 236, 217, 42, 34, 0, 3, 60, 114, 245, 5, 22,
       154, 106, 90, 8, 17, 174, 54, 52, 26, 172, 29, 127, 210, 104, 61,
       140, 249, 9, 94, 222, 39, 145, 248, 185, 207, 35, 108, 39, 80, 92,
       147, 209, 11, 63, 81, 43, 110, 2, 101, 89, 189, 109, 100, 79, 103,
       180, 108, 168, 98, 72, 214, 53, 1, 59, 132, 124, 120, 110, 193,
       248, 241, 40, 229, 191, 101, 16, 192, 187, 82, 249, 114, 56, 18,
       132, 85, 255, 50, 66, 173, 132, 242, 11, 46, 158, 39, 212, 232,
       189, 143, 193, 76, 175, 16, 222, 147, 112, 11, 59, 19, 45, 47, 86,
       65, 57, 191, 53, 161, 206, 117, 55, 232, 232, 110, 8, 182, 188,
       18, 51, 128, 55, 121, 13, 197, 248, 240, 76, 231, 191, 116, 2, 64,
       64, 131, 107, 217, 72, 93, 239, 6, 10, 111, 56, 100, 194, 215, 98,
       247, 83, 137, 123, 114, 228, 60, 234, 105, 212, 207, 42, 244, 171,
       226, 0, 45, 179, 96, 41, 41, 32, 53, 89, 77, 221, 224, 67, 207,
       121, 241, 88, 138, 152, 84, 173, 200, 168, 250, 25, 143, 122, 115,
       145, 7, 88, 80, 122, 211, 12, 80, 164, 220, 124, 159, 245, 133,
       14, 71, 182, 120, 170, 34, 76, 215, 51, 65, 19, 145, 100, 104,
       122, 105, 221, 145, 42, 233, 199, 69, 52, 136, 112, 66, 58, 191,
       103, 80, 76, 120, 31, 206, 120, 73, 224, 249, 200, 123, 72, 151,
       180, 30, 168, 86, 110, 237, 178, 77, 31, 50, 92, 1, 180, 95, 191,
       74, 133, 237, 125, 253, 69, 224, 78, 79, 184, 96, 234, 54, 72, 83,
       55, 129, 55, 20, 212, 116, 106, 233, 242, 253, 8, 103, 171, 101,
       180, 106, 251, 66, 113, 139, 163, 86, 213, 109, 157, 236, 119,
       237, 89, 246, 212, 169, 138, 214, 183, 106, 139, 126, 140, 207,
       187, 231, 209, 134, 217, 250, 128, 79, 132, 235, 156, 62, 121, 99,
       232, 127, 115, 250, 66, 109, 64, 252, 170, 9, 158, 151, 188, 122,
       153, 215, 243, 13, 179, 101, 200, 23, 217, 130, 175, 119, 189,
       110, 246, 45, 181, 105, 65, 252, 123, 201, 57, 86, 117, 29, 188,
       219, 109, 222, 173, 95, 12, 215, 60, 187, 80, 253, 148, 78, 223,
       225, 244, 214, 175, 218, 241, 173, 204, 87, 251, 196, 160, 110,
       174, 85, 2, 107, 18, 81, 99, 57, 229, 83, 194, 34, 74, 123, 156,
       93, 183, 37, 238, 210, 64, 54, 219, 240, 40, 88, 13, 92, 229, 180,
       15, 79, 63, 52, 170, 254, 72, 215, 51, 129, 96, 50, 196, 125, 44,
       104, 184, 97, 14, 232, 239, 37, 148, 36, 250, 64, 41, 41, 93, 123,
       101, 100, 14, 125, 54, 105, 234, 126, 76, 151, 59, 129, 48, 134,
       124, 86, 72, 225, 184, 113, 14, 103, 253, 36, 128, 72, 184, 66,
       169, 44, 188, 253, 247, 246, 135, 183, 249, 94, 178, 48, 98, 113,
       125, 253, 33, 191, 121, 19, 51, 226, 242, 8, 157, 109, 15, 111,
       36, 213, 120, 83, 163, 40, 57, 120, 67, 112, 205, 107, 80, 105,
       172, 125, 8, 155, 23, 212, 52, 30, 184, 70, 122, 155, 186, 112,
       126, 111, 221, 32, 96, 67, 139, 70, 177, 133, 223, 127, 103, 180,
       30, 111, 180, 124, 74, 127, 228, 243, 113, 157, 113, 86, 206, 62,
       110, 225, 176, 109, 47, 166, 251, 102, 132, 109, 243, 193, 49, 55,
       12, 127, 255, 66, 162, 127, 112, 157, 66, 115, 162, 121, 111, 181,
       121, 102, 249, 23, 239, 161, 146, 14, 253, 86, 42, 234, 128, 61,
       251, 32, 176, 129, 89, 125, 195, 102, 174, 251, 20, 108, 105, 91,
       242, 213, 31, 152, 104, 110, 190, 127, 222, 147, 156, 253, 116,
       213, 168, 186, 192, 36, 155, 241, 241, 39, 36, 236, 81, 197, 121,
       180, 74, 90, 247, 125, 31, 0, 232, 223, 171, 153, 74, 146, 31,
       166, 244, 238, 194, 6, 31, 213, 175, 197, 125, 90, 198, 125, 100,
       232, 71, 87, 127, 107, 152, 82, 226, 39, 138, 91, 125, 95, 42, 59,
       204, 83, 126, 168, 244, 253, 40, 95, 207, 133, 53, 231, 255, 84,
       224, 190, 72, 230, 190, 79, 151, 222, 104, 149, 134, 209, 147,
       111, 237, 51, 143, 248, 225, 163, 231, 108, 167, 30, 143, 147,
       243, 205, 27, 247, 125, 124, 194, 1, 88, 69, 247, 112, 142, 107,
       52, 124, 233, 115, 240, 241, 23, 144, 112, 118, 60, 55, 204, 145,
       152, 65, 110, 132, 174, 186, 192, 12, 131, 65, 185, 23, 29, 74,
       158, 214, 179, 238, 227, 215, 65, 255, 231, 105, 234, 183, 96,
       127, 235, 158, 166, 174, 155, 12, 255, 114, 46, 135, 129, 191,
       223, 248, 150, 126, 182, 252, 244, 191, 114, 223, 59, 91, 255, 61,
       191, 95, 125, 214, 171, 151, 87, 181, 61, 185, 105, 169, 206, 106,
       223, 253, 255, 231, 237, 221, 113, 190, 23, 241, 242, 231, 121,
       255, 251, 153, 214, 189, 187, 207, 126, 255, 47, 255, 243, 151,
       179, 252, 38, 46, 234, 255, 223, 207, 191, 247, 255, 197, 247, 14,
       129, 148, 245, 205, 92, 180, 143, 138, 177, 14, 2, 204, 124, 88,
       170, 201, 87, 179, 17, 22, 120, 219, 224, 111, 87, 223, 119, 134,
       126, 157, 138, 182, 72, 174, 190, 13, 199, 208, 104, 151, 150,
       193, 27, 103, 237, 51, 75, 248, 225, 235, 195, 108, 231, 26, 187,
       211, 227, 201, 27, 113, 45, 60, 194, 220, 104, 27, 236, 2, 204,
       51, 64, 172, 132, 194, 1, 183, 215, 33, 80, 226, 117, 73, 98, 64,
       5, 144, 46, 209, 229, 42, 25, 32, 51, 39, 50, 104, 223, 94, 108,
