%YAML:1.0
---
descriptors: !!opencv-matrix
   rows: 296
   cols: 32
   dt: u
   data: [ 33, 93, 125, 71, 52, 207, 227, 180, 116, 100, 246, 72, 243,
       21, 157, 48, 62, 252, 78, 106, 233, 176, 117, 47, 229, 142, 33,
       16, 101, 155, 70, 232, 106, 129, 40, 186, 221, 253, 144, 111, 223,
       85, 237, 25, 174, 204, 62, 192, 201, 187, 235, 1, 30, 43, 114,
       183, 211, 117, 26, 123, 82, 12, 159, 78, 58, 92, 122, 228, 83,
       215, 95, 230, 61, 228, 254, 15, 46, 190, 39, 112, 254, 255, 151,
       129, 76, 155, 112, 238, 243, 245, 142, 3, 35, 52, 46, 254, 232,
       172, 158, 188, 173, 233, 80, 7, 151, 159, 168, 25, 182, 253, 98,
       91, 201, 58, 236, 17, 62, 111, 194, 23, 203, 247, 113, 123, 146,
       72, 220, 11, 209, 180, 159, 188, 139, 111, 80, 107, 239, 154, 169,
       92, 94, 250, 36, 211, 233, 243, 204, 1, 121, 111, 154, 86, 185,
       210, 87, 62, 216, 96, 171, 51, 2, 206, 154, 153, 250, 160, 188,
       230, 190, 15, 80, 179, 172, 163, 229, 72, 239, 123, 175, 129, 114,
       30, 130, 243, 252, 54, 254, 203, 148, 80, 165, 139, 19, 159, 126,
       222, 189, 213, 127, 252, 205, 76, 220, 167, 108, 238, 182, 100,
       254, 235, 159, 204, 239, 139, 62, 253, 242, 254, 138, 139, 62,
       158, 253, 223, 57, 249, 120, 106, 124, 141, 83, 248, 98, 8, 188,
       12, 55, 211, 66, 48, 156, 184, 85, 72, 203, 43, 240, 61, 251, 205,
       32, 120, 120, 130, 66, 171, 83, 181, 191, 158, 170, 252, 61, 207,
       174, 223, 143, 180, 252, 246, 194, 251, 167, 247, 255, 157, 183,
       75, 191, 113, 217, 50, 255, 250, 136, 84, 167, 125, 221, 180, 31,
       186, 170, 236, 29, 155, 190, 86, 133, 188, 255, 247, 138, 123, 39,
       55, 124, 157, 115, 73, 186, 125, 217, 163, 127, 24, 160, 64, 167,
       113, 215, 64, 19, 140, 51, 83, 26, 72, 189, 192, 194, 168, 78,
       134, 163, 253, 246, 221, 223, 231, 37, 135, 36, 204, 144, 48, 11,
       159, 4, 55, 43, 4, 197, 28, 151, 95, 137, 46, 100, 19, 252, 211,
       227, 84, 212, 115, 37, 255, 193, 102, 106, 46, 49, 229, 51, 74, 5,
       186, 82, 0, 200, 97, 225, 32, 244, 69, 249, 76, 156, 111, 215,
       232, 91, 174, 184, 10, 114, 216, 63, 50, 217, 196, 76, 98, 236,
       39, 127, 31, 115, 14, 5, 63, 113, 123, 118, 70, 94, 127, 14, 190,
       58, 4, 95, 180, 160, 142, 218, 229, 255, 231, 9, 90, 182, 247,
       109, 231, 104, 135, 131, 111, 241, 227, 110, 136, 32, 243, 39,
       123, 14, 185, 51, 241, 235, 205, 181, 199, 143, 181, 108, 43, 140,
       159, 96, 12, 162, 59, 163, 80, 82, 90, 178, 240, 239, 209, 31,
       111, 146, 90, 133, 251, 67, 187, 151, 154, 187, 141, 60, 205, 175,
       85, 168, 237, 172, 230, 100, 222, 135, 115, 234, 84, 23, 75, 154,
       241, 152, 182, 94, 250, 152, 22, 163, 221, 141, 244, 185, 91, 244,
       191, 226, 216, 126, 75, 117, 84, 222, 216, 252, 232, 177, 74, 22,
       127, 183, 180, 57, 247, 47, 95, 55, 68, 216, 139, 249, 149, 12,
       93, 239, 231, 244, 206, 111, 244, 37, 192, 94, 67, 253, 255, 177,
       96, 126, 254, 63, 239, 225, 184, 61, 238, 253, 173, 175, 128, 167,
       251, 244, 121, 129, 220, 119, 93, 36, 222, 237, 182, 253, 74, 114,
       64, 251, 20, 180, 229, 106, 50, 30, 72, 227, 172, 55, 255, 37,
       250, 114, 0, 83, 152, 101, 252, 227, 188, 183, 80, 173, 253, 225,
       195, 251, 247, 166, 24, 14, 188, 213, 63, 129, 118, 120, 24, 179,
       109, 178, 226, 157, 90, 85, 114, 194, 77, 87, 110, 166, 180, 39,
       80, 91, 213, 177, 251, 183, 248, 240, 42, 120, 220, 236, 37, 189,
       152, 211, 177, 243, 99, 50, 223, 57, 24, 5, 238, 75, 44, 118, 247,
       239, 221, 199, 77, 221, 22, 238, 248, 101, 104, 250, 70, 72, 178,
       181, 244, 126, 204, 54, 238, 217, 179, 253, 206, 54, 126, 135,
       134, 111, 247, 224, 181, 216, 176, 191, 246, 139, 64, 17, 79, 161,
       151, 167, 24, 95, 183, 72, 123, 227, 151, 233, 144, 40, 79, 178,
       0, 219, 227, 86, 91, 160, 0, 167, 58, 90, 187, 250, 178, 187, 208,
       51, 198, 171, 133, 166, 169, 45, 255, 98, 18, 166, 243, 205, 209,
       18, 11, 162, 97, 251, 197, 30, 219, 161, 4, 167, 123, 193, 61, 17,
       229, 176, 15, 103, 55, 60, 170, 106, 88, 159, 51, 0, 247, 132,
       119, 94, 104, 113, 248, 209, 14, 165, 246, 38, 16, 8, 96, 131, 41,
       1, 157, 58, 171, 244, 165, 178, 199, 94, 73, 120, 7, 181, 216, 54,
       96, 249, 43, 18, 21, 151, 186, 20, 127, 108, 12, 186, 72, 221, 74,
       241, 139, 208, 137, 185, 254, 153, 204, 23, 175, 158, 23, 130, 24,
       246, 246, 104, 98, 193, 119, 232, 17, 58, 111, 250, 51, 233, 231,
       95, 123, 144, 88, 133, 42, 143, 6, 231, 157, 231, 50, 236, 55,
       117, 195, 82, 246, 73, 234, 180, 239, 127, 103, 50, 173, 181, 220,
       37, 202, 44, 126, 222, 130, 175, 228, 240, 213, 39, 119, 235, 77,
       246, 79, 239, 120, 77, 200, 125, 230, 81, 247, 189, 36, 126, 124,
       23, 238, 193, 176, 109, 202, 100, 44, 167, 132, 127, 251, 114,
       241, 240, 237, 142, 188, 153, 199, 69, 231, 183, 191, 234, 25, 34,
       35, 0, 82, 233, 230, 106, 128, 120, 239, 211, 15, 251, 246, 215,
       17, 161, 80, 246, 10, 46, 166, 225, 146, 253, 249, 146, 232, 155,
       253, 185, 185, 206, 236, 94, 158, 201, 219, 255, 23, 63, 107, 234,
       242, 159, 86, 157, 255, 198, 79, 222, 215, 57, 100, 88, 238, 116,
       27, 74, 120, 69, 36, 252, 10, 107, 67, 139, 20, 122, 200, 4, 110,
       76, 50, 108, 191, 242, 205, 33, 49, 119, 187, 74, 204, 56, 69, 88,
       111, 100, 11, 111, 121, 84, 32, 117, 138, 83, 73, 185, 17, 126,
       152, 23, 234, 104, 182, 73, 31, 102, 201, 161, 36, 117, 186, 202,
       160, 18, 223, 58, 190, 223, 149, 180, 254, 158, 29, 220, 15, 172,
       250, 39, 80, 237, 123, 235, 65, 198, 11, 154, 247, 251, 181, 30,
       43, 24, 88, 45, 223, 253, 113, 240, 102, 233, 95, 94, 220, 243,
       186, 165, 8, 91, 211, 75, 190, 150, 220, 252, 122, 205, 71, 248,
       152, 243, 217, 69, 63, 42, 247, 74, 3, 55, 69, 115, 78, 95, 199,
       210, 96, 5, 0, 237, 10, 114, 221, 53, 180, 92, 185, 147, 226, 73,
       35, 88, 156, 51, 204, 129, 58, 123, 43, 122, 178, 200, 174, 156,
       185, 43, 249, 16, 15, 158, 191, 48, 57, 174, 188, 66, 139, 131,
       51, 238, 17, 54, 109, 195, 51, 140, 215, 120, 59, 208, 72, 15, 75,
       63, 100, 112, 74, 253, 61, 82, 216, 127, 125, 181, 29, 74, 217,
       95, 188, 157, 201, 213, 127, 158, 103, 122, 247, 27, 221, 1, 127,
       243, 191, 74, 199, 91, 250, 135, 176, 139, 172, 24, 198, 187, 113,
       130, 221, 175, 174, 66, 154, 167, 135, 252, 149, 15, 75, 146, 247,
       152, 247, 94, 115, 170, 84, 171, 92, 3, 158, 131, 155, 242, 241,
       179, 83, 30, 79, 88, 247, 164, 246, 162, 108, 87, 59, 154, 149,
       183, 152, 102, 119, 12, 38, 186, 202, 156, 77, 165, 221, 207, 60,
       159, 254, 40, 124, 57, 90, 171, 223, 182, 253, 188, 247, 195, 127,
       231, 119, 255, 148, 161, 71, 178, 224, 214, 243, 122, 186, 138,
       241, 39, 123, 93, 85, 122, 230, 22, 214, 127, 112, 225, 196, 255,
       2, 91, 87, 187, 112, 124, 245, 20, 234, 205, 147, 52, 78, 243,
       237, 163, 129, 37, 179, 108, 83, 90, 150, 86, 176, 43, 171, 24,
       99, 169, 52, 163, 173, 110, 47, 6, 151, 167, 183, 237, 160, 12,
       75, 2, 221, 154, 211, 91, 215, 34, 4, 7, 19, 70, 22, 238, 151,
       142, 34, 185, 2, 188, 215, 195, 151, 221, 110, 31, 75, 103, 71,
       123, 151, 180, 197, 151, 192, 76, 34, 218, 71, 173, 229, 53, 82,
       237, 98, 200, 101, 36, 27, 99, 16, 96, 172, 247, 236, 211, 33,
       147, 18, 90, 196, 108, 110, 137, 240, 197, 8, 198, 169, 32, 144,
       111, 251, 90, 1, 58, 124, 58, 236, 83, 215, 87, 103, 61, 196, 236,
       13, 62, 191, 38, 116, 248, 187, 147, 129, 73, 155, 112, 238, 243,
       253, 154, 27, 27, 22, 166, 250, 215, 124, 159, 190, 41, 116, 25,
       86, 171, 223, 148, 61, 190, 255, 103, 91, 239, 245, 253, 150, 169,
       71, 242, 224, 211, 243, 218, 154, 138, 125, 47, 123, 131, 158,
       239, 213, 182, 178, 169, 183, 126, 195, 94, 246, 121, 38, 150,
       101, 55, 239, 53, 141, 179, 216, 165, 239, 108, 46, 254, 192, 173,
