%YAML:1.0
---
descriptors: !!opencv-matrix
   rows: 283
   cols: 32
   dt: u
   data: [ 55, 217, 234, 239, 118, 130, 235, 248, 117, 200, 255, 98, 121,
       217, 191, 96, 122, 236, 23, 239, 233, 179, 45, 255, 126, 111, 171,
       128, 125, 171, 112, 233, 246, 254, 234, 230, 198, 122, 238, 231,
       120, 239, 255, 58, 89, 46, 223, 57, 59, 207, 215, 163, 253, 127,
       172, 226, 127, 79, 255, 165, 229, 113, 255, 214, 217, 38, 134,
       148, 41, 50, 136, 43, 182, 183, 146, 251, 206, 234, 210, 139, 171,
       101, 236, 133, 60, 71, 143, 194, 154, 114, 127, 61, 70, 108, 169,
       4, 61, 223, 235, 238, 116, 130, 239, 252, 84, 233, 252, 102, 115,
       249, 185, 96, 122, 238, 23, 235, 233, 187, 45, 175, 248, 239, 167,
       192, 125, 187, 112, 185, 95, 95, 111, 175, 50, 42, 191, 120, 45,
       192, 223, 231, 253, 79, 177, 96, 118, 181, 255, 231, 193, 145, 45,
       220, 246, 97, 171, 128, 45, 191, 33, 113, 189, 207, 111, 247, 180,
       2, 239, 252, 84, 200, 222, 102, 113, 235, 177, 97, 126, 238, 31,
       238, 233, 251, 45, 238, 248, 239, 231, 132, 45, 251, 112, 185,
       139, 20, 101, 83, 197, 254, 164, 7, 125, 83, 115, 82, 136, 60,
       156, 237, 107, 10, 146, 9, 181, 188, 117, 198, 6, 62, 82, 66, 223,
       220, 249, 164, 86, 34, 172, 182, 141, 48, 22, 168, 146, 183, 135,
       187, 199, 227, 75, 95, 113, 198, 233, 167, 60, 67, 207, 163, 154,
       103, 223, 59, 134, 119, 158, 70, 17, 167, 201, 227, 214, 168, 233,
       83, 98, 1, 123, 198, 25, 35, 208, 64, 107, 139, 22, 156, 147, 152,
       132, 192, 92, 140, 186, 228, 173, 194, 242, 160, 31, 54, 235, 161,
       246, 243, 233, 90, 87, 197, 220, 231, 25, 172, 247, 40, 127, 137,
       23, 189, 159, 179, 36, 202, 90, 77, 170, 196, 231, 204, 51, 245,
       62, 37, 99, 232, 87, 167, 235, 90, 149, 193, 221, 134, 121, 207,
       57, 64, 126, 171, 19, 189, 154, 163, 52, 206, 219, 205, 139, 72,
       183, 203, 112, 240, 138, 133, 20, 153, 213, 247, 184, 107, 29, 23,
       83, 19, 140, 30, 46, 197, 217, 27, 147, 177, 54, 156, 83, 223, 13,
       50, 218, 71, 22, 12, 189, 198, 29, 12, 103, 218, 118, 178, 107,
       82, 229, 193, 223, 198, 121, 203, 181, 228, 111, 169, 31, 156,
       153, 155, 36, 254, 218, 239, 170, 192, 191, 207, 97, 241, 53, 155,
       77, 232, 190, 135, 207, 253, 198, 72, 216, 230, 19, 201, 176, 32,
       127, 170, 23, 125, 219, 43, 110, 189, 120, 136, 175, 252, 125,
       138, 208, 177, 82, 157, 154, 188, 179, 228, 61, 167, 190, 79, 78,
       165, 188, 183, 34, 80, 167, 115, 189, 144, 82, 9, 146, 111, 251,
       247, 62, 203, 136, 84, 173, 91, 55, 129, 71, 136, 148, 147, 206,
       249, 68, 80, 216, 198, 81, 204, 188, 228, 88, 194, 18, 239, 223,
       3, 63, 189, 56, 8, 143, 204, 61, 143, 248, 116, 92, 176, 190, 176,
       139, 116, 88, 200, 163, 151, 165, 25, 95, 247, 74, 90, 231, 215,
       253, 178, 30, 67, 154, 192, 219, 195, 79, 127, 162, 99, 175, 82,
       252, 239, 220, 127, 184, 122, 94, 188, 114, 251, 189, 184, 251,
       110, 139, 121, 221, 247, 236, 242, 125, 194, 235, 47, 235, 255,
       231, 181, 192, 243, 206, 17, 40, 175, 33, 59, 124, 201, 233, 103,
       110, 109, 120, 169, 183, 140, 20, 0, 138, 43, 195, 5, 214, 58,
       102, 61, 108, 29, 58, 233, 85, 142, 215, 218, 130, 105, 146, 157,
       77, 145, 180, 196, 30, 16, 80, 3, 172, 138, 101, 141, 200, 121,
       147, 67, 70, 114, 210, 225, 4, 16, 218, 43, 20, 29, 57, 142, 7,
       223, 74, 171, 242, 182, 190, 213, 30, 77, 95, 231, 97, 234, 187,
       64, 127, 203, 151, 223, 150, 152, 13, 245, 46, 37, 174, 192, 189,
       151, 185, 93, 71, 56, 169, 133, 188, 253, 232, 18, 107, 248, 158,
       76, 214, 156, 214, 34, 133, 108, 125, 29, 135, 72, 253, 196, 207,
       60, 143, 252, 140, 142, 91, 85, 38, 188, 242, 202, 117, 239, 178,
       202, 95, 13, 121, 11, 104, 220, 119, 4, 217, 123, 147, 17, 134,
       178, 88, 255, 63, 28, 143, 107, 213, 78, 118, 223, 112, 161, 59,
       112, 49, 205, 80, 103, 233, 49, 232, 24, 175, 156, 4, 48, 138,
       187, 76, 0, 91, 42, 240, 21, 179, 220, 20, 123, 64, 8, 198, 46,
       159, 154, 255, 245, 114, 154, 121, 83, 189, 105, 87, 246, 221,
       159, 164, 105, 54, 125, 63, 148, 177, 220, 45, 206, 214, 255, 43,
       196, 174, 160, 161, 241, 80, 99, 76, 229, 164, 27, 68, 187, 101,
       168, 218, 76, 135, 41, 17, 208, 208, 132, 108, 45, 72, 184, 209,
       28, 162, 247, 165, 20, 44, 248, 218, 0, 171, 129, 99, 73, 245,
       219, 225, 87, 85, 105, 118, 82, 8, 28, 182, 236, 121, 10, 146,
       157, 191, 188, 101, 198, 14, 94, 146, 198, 215, 140, 248, 237,
       101, 247, 196, 133, 44, 26, 166, 170, 138, 160, 170, 236, 195, 96,
       205, 199, 216, 196, 104, 110, 237, 240, 199, 44, 44, 250, 197, 22,
       8, 125, 88, 20, 111, 243, 132, 39, 139, 20, 134, 184, 131, 190,
       177, 239, 200, 232, 75, 206, 221, 197, 232, 215, 220, 98, 207,
       160, 60, 118, 207, 254, 235, 126, 10, 149, 34, 221, 35, 252, 95,
       197, 191, 230, 141, 64, 88, 7, 60, 223, 52, 32, 236, 187, 147,
       199, 227, 187, 18, 255, 119, 20, 138, 10, 29, 28, 53, 250, 237,
       242, 197, 23, 168, 26, 198, 184, 114, 242, 35, 228, 211, 98, 221,
       238, 89, 76, 108, 79, 141, 244, 223, 40, 140, 58, 231, 180, 206,
       127, 90, 148, 79, 168, 228, 213, 87, 84, 185, 248, 123, 255, 20,
       142, 120, 108, 223, 175, 63, 199, 215, 189, 181, 120, 189, 204,
       30, 31, 207, 166, 167, 228, 95, 245, 7, 20, 38, 145, 231, 118,
       188, 199, 189, 119, 83, 147, 140, 190, 126, 239, 247, 31, 187,
       181, 182, 208, 53, 192, 55, 58, 218, 199, 133, 85, 173, 214, 125,
       119, 123, 101, 160, 14, 87, 56, 97, 232, 255, 100, 95, 63, 137,
       112, 222, 220, 92, 106, 217, 178, 225, 8, 246, 233, 37, 148, 106,
       243, 226, 115, 198, 12, 39, 158, 109, 246, 184, 64, 189, 206, 211,
       18, 204, 206, 55, 235, 232, 61, 187, 147, 164, 215, 178, 192, 21,
       48, 202, 195, 4, 37, 53, 215, 3, 237, 19, 218, 221, 133, 173, 231,
       158, 17, 72, 6, 188, 219, 112, 100, 200, 43, 19, 157, 83, 42, 82,
       245, 173, 156, 158, 106, 24, 8, 161, 170, 2, 129, 42, 169, 212,
       192, 189, 103, 28, 5, 90, 3, 180, 14, 54, 64, 250, 11, 19, 129,
       86, 152, 32, 223, 103, 38, 186, 195, 20, 8, 181, 202, 174, 24,
       118, 223, 85, 247, 176, 64, 223, 12, 117, 3, 104, 220, 55, 200,
       216, 57, 162, 67, 6, 182, 90, 223, 7, 59, 194, 11, 87, 47, 125,
       150, 245, 181, 156, 170, 153, 125, 86, 200, 127, 250, 164, 57,
       239, 122, 75, 51, 217, 215, 236, 242, 111, 67, 219, 159, 187, 209,
       13, 63, 88, 115, 10, 22, 78, 59, 227, 84, 219, 244, 58, 82, 171,
       204, 254, 229, 168, 255, 103, 254, 228, 255, 255, 208, 151, 203,
       182, 234, 95, 117, 142, 139, 170, 101, 39, 255, 42, 193, 16, 140,
       77, 85, 182, 109, 137, 20, 152, 11, 172, 136, 46, 134, 200, 19,
       195, 99, 68, 43, 210, 221, 53, 48, 142, 59, 23, 30, 159, 142, 39,
       185, 136, 139, 212, 149, 234, 216, 70, 201, 88, 70, 240, 232, 127,
       160, 221, 106, 18, 93, 159, 58, 94, 241, 46, 29, 143, 108, 157,
       126, 120, 156, 231, 182, 132, 135, 137, 62, 78, 184, 83, 242, 139,
       220, 194, 98, 218, 215, 85, 196, 232, 63, 253, 68, 223, 242, 172,
       62, 207, 62, 138, 255, 154, 20, 214, 102, 140, 182, 172, 59, 134,
       136, 222, 182, 147, 255, 199, 232, 219, 75, 211, 196, 236, 103,
       188, 103, 207, 35, 184, 99, 111, 255, 140, 127, 157, 86, 131, 18,
       122, 9, 118, 179, 168, 88, 94, 73, 116, 246, 121, 216, 183, 236,
       126, 169, 22, 173, 167, 180, 37, 223, 6, 79, 186, 132, 125, 140,
       105, 197, 199, 150, 164, 26, 173, 53, 206, 152, 223, 247, 133,
       221, 201, 238, 223, 239, 85, 198, 253, 255, 190, 69, 239, 242,
       170, 114, 207, 254, 159, 247, 152, 84, 86, 230, 140, 183, 138, 50,
       94, 172, 179, 255, 159, 183, 195, 110, 91, 139, 93, 199, 237, 183,
       188, 65, 207, 170, 168, 231, 255, 245, 172, 247, 190, 87, 185,
       188, 183, 112, 253, 253, 81, 87, 251, 123, 180, 24, 191, 191, 66,
