%YAML:1.0
---
descriptors: !!opencv-matrix
   rows: 254
   cols: 32
   dt: u
   data: [ 218, 185, 190, 190, 139, 208, 25, 134, 190, 149, 134, 145,
       253, 214, 74, 114, 39, 119, 249, 209, 122, 77, 186, 115, 217, 227,
       31, 91, 32, 4, 167, 106, 53, 204, 143, 255, 196, 31, 110, 161, 84,
       3, 211, 210, 243, 98, 184, 233, 121, 230, 46, 174, 253, 254, 77,
       175, 148, 239, 254, 64, 60, 232, 185, 128, 31, 151, 103, 35, 178,
       139, 111, 189, 45, 225, 107, 229, 253, 103, 138, 244, 54, 35, 93,
       252, 147, 152, 45, 92, 236, 28, 47, 196, 174, 134, 163, 125, 75,
       251, 180, 159, 235, 157, 156, 239, 207, 125, 156, 239, 174, 168,
       198, 134, 199, 231, 239, 21, 214, 107, 207, 241, 190, 119, 94,
       251, 222, 30, 139, 95, 211, 236, 7, 184, 27, 205, 8, 199, 191, 83,
       128, 25, 174, 150, 64, 223, 161, 163, 121, 149, 111, 79, 146, 247,
       185, 242, 30, 122, 16, 4, 167, 78, 32, 204, 50, 159, 85, 231, 182,
       234, 95, 14, 88, 2, 164, 248, 49, 68, 217, 123, 2, 3, 98, 190, 90,
       255, 37, 54, 155, 11, 21, 91, 53, 142, 75, 63, 231, 87, 229, 255,
       173, 119, 127, 235, 87, 246, 120, 247, 244, 237, 55, 126, 179,
       142, 241, 220, 189, 239, 46, 62, 215, 130, 143, 212, 244, 253, 8,
       72, 152, 191, 29, 253, 50, 200, 30, 5, 73, 3, 236, 219, 43, 200,
       208, 123, 163, 67, 70, 144, 91, 253, 71, 119, 26, 35, 16, 91, 29,
       138, 251, 38, 228, 84, 249, 91, 80, 43, 115, 231, 165, 185, 106,
       44, 222, 150, 219, 166, 236, 52, 188, 111, 231, 202, 26, 127, 213,
       55, 231, 236, 94, 70, 57, 201, 108, 103, 52, 95, 195, 252, 84,
       224, 246, 74, 115, 120, 146, 165, 120, 236, 222, 105, 237, 250,
       125, 175, 254, 239, 37, 16, 111, 186, 88, 172, 13, 245, 249, 255,
       205, 53, 255, 220, 215, 86, 125, 151, 219, 237, 127, 143, 125,
       219, 178, 255, 239, 118, 250, 243, 111, 223, 199, 44, 255, 255,
       236, 208, 105, 141, 127, 101, 244, 94, 111, 181, 112, 232, 126,
       76, 243, 112, 148, 113, 20, 70, 116, 110, 249, 184, 229, 45, 103,
       255, 101, 128, 78, 250, 210, 121, 184, 249, 123, 108, 92, 196, 83,
       120, 65, 64, 244, 10, 51, 223, 32, 48, 88, 216, 21, 106, 75, 35,
       240, 15, 243, 237, 160, 56, 107, 138, 118, 250, 165, 213, 61, 251,
       172, 205, 255, 253, 222, 115, 137, 18, 215, 221, 121, 41, 217,
       155, 27, 90, 251, 37, 123, 179, 239, 153, 199, 124, 148, 91, 209,
       226, 45, 102, 240, 31, 207, 61, 150, 200, 95, 166, 41, 143, 234,
       232, 95, 140, 63, 232, 194, 111, 198, 38, 94, 59, 6, 14, 5, 63,
       247, 255, 75, 196, 173, 108, 97, 227, 189, 127, 219, 152, 67, 174,
       188, 8, 219, 9, 209, 41, 217, 220, 95, 123, 168, 102, 249, 170,
       239, 221, 165, 60, 195, 255, 80, 49, 144, 202, 255, 127, 42, 128,
       56, 54, 182, 157, 242, 177, 229, 175, 0, 75, 230, 119, 237, 128,
       32, 205, 131, 109, 203, 227, 118, 193, 224, 144, 37, 43, 32, 104,
       105, 119, 64, 239, 99, 80, 114, 232, 104, 9, 51, 13, 81, 48, 24,
       252, 3, 78, 137, 242, 248, 56, 69, 136, 33, 32, 97, 251, 70, 250,
       223, 216, 124, 105, 40, 191, 90, 152, 239, 120, 151, 197, 223, 31,
       87, 251, 135, 21, 253, 255, 135, 69, 91, 213, 138, 251, 73, 246,
       30, 167, 11, 21, 110, 176, 189, 178, 201, 253, 145, 75, 139, 255,
       181, 29, 142, 255, 74, 158, 141, 19, 255, 17, 19, 71, 250, 209,
       221, 211, 95, 255, 130, 68, 143, 243, 218, 255, 188, 247, 185,
       124, 159, 239, 187, 191, 189, 17, 239, 231, 78, 86, 251, 215, 237,
       162, 122, 111, 250, 255, 251, 247, 95, 63, 194, 118, 135, 235,
       226, 188, 189, 80, 185, 245, 144, 151, 159, 123, 182, 125, 186,
       190, 70, 171, 205, 179, 253, 145, 191, 111, 243, 243, 187, 218,
       212, 251, 219, 76, 140, 95, 169, 76, 225, 85, 68, 110, 109, 50,
       116, 234, 126, 28, 83, 33, 145, 61, 57, 204, 22, 46, 169, 244,
       117, 78, 69, 174, 113, 4, 107, 248, 66, 176, 64, 185, 26, 252, 17,
       204, 49, 7, 172, 9, 42, 8, 182, 147, 32, 80, 132, 51, 72, 0, 18,
       9, 144, 3, 225, 181, 26, 26, 64, 0, 135, 43, 44, 81, 120, 111,
       116, 15, 247, 120, 68, 136, 125, 0, 83, 93, 185, 48, 28, 56, 6,
       106, 192, 176, 121, 28, 103, 141, 33, 4, 81, 187, 70, 163, 247,
       94, 122, 12, 107, 59, 150, 104, 253, 134, 244, 43, 110, 250, 39,
       245, 250, 229, 206, 99, 228, 135, 28, 234, 178, 51, 75, 187, 95,
       119, 43, 135, 97, 95, 111, 7, 164, 14, 239, 53, 96, 232, 126, 236,
       243, 96, 151, 55, 22, 102, 108, 111, 193, 240, 229, 108, 36, 58,
       229, 128, 77, 242, 210, 125, 95, 31, 110, 30, 179, 178, 90, 51,
       53, 206, 223, 183, 105, 110, 182, 244, 254, 230, 189, 174, 188,
       153, 37, 239, 178, 127, 170, 131, 47, 231, 120, 87, 10, 140, 164,
       185, 157, 181, 176, 207, 159, 23, 72, 19, 172, 174, 38, 204, 201,
       59, 179, 145, 54, 216, 83, 247, 143, 87, 158, 75, 146, 76, 189,
       206, 250, 31, 234, 116, 179, 114, 159, 114, 185, 206, 222, 167,
       104, 255, 183, 117, 255, 247, 149, 231, 237, 139, 52, 238, 123,
       127, 222, 131, 47, 244, 54, 127, 19, 86, 107, 165, 118, 19, 251,
       116, 100, 76, 222, 231, 121, 12, 182, 32, 126, 189, 31, 231, 205,
       179, 37, 207, 118, 109, 170, 128, 45, 182, 53, 249, 174, 176, 48,
       250, 221, 221, 208, 201, 143, 61, 181, 27, 14, 223, 110, 153, 201,
       155, 215, 16, 30, 47, 90, 213, 219, 217, 17, 127, 211, 13, 207,
       210, 201, 216, 31, 216, 99, 221, 181, 247, 190, 85, 118, 48, 188,
       151, 34, 229, 167, 59, 250, 8, 115, 189, 50, 247, 247, 179, 90,
       75, 18, 0, 173, 251, 54, 29, 27, 246, 241, 205, 119, 113, 173,
       141, 105, 1, 127, 247, 32, 16, 164, 187, 149, 0, 24, 153, 16, 142,
       251, 213, 7, 67, 160, 34, 167, 179, 96, 232, 125, 249, 111, 205,
       249, 204, 239, 180, 180, 10, 190, 223, 93, 27, 175, 153, 238, 17,
       66, 103, 251, 209, 223, 153, 87, 127, 84, 24, 7, 187, 41, 221,
       121, 77, 116, 143, 231, 118, 68, 72, 124, 70, 51, 25, 176, 48, 76,
       168, 22, 106, 201, 186, 112, 63, 103, 173, 160, 128, 127, 152,
       242, 185, 49, 91, 97, 77, 84, 14, 239, 48, 101, 232, 254, 70, 115,
       5, 149, 116, 124, 236, 22, 238, 201, 176, 101, 44, 53, 172, 161,
       128, 111, 187, 112, 185, 36, 237, 184, 250, 204, 205, 183, 236,
       142, 21, 153, 11, 244, 223, 104, 64, 217, 91, 11, 67, 66, 35, 250,
       241, 245, 148, 15, 125, 16, 91, 149, 226, 185, 225, 110, 111, 29,
       95, 215, 252, 87, 228, 246, 10, 123, 121, 158, 165, 120, 204, 246,
       106, 237, 243, 125, 173, 255, 239, 37, 85, 103, 190, 220, 76, 82,
       168, 10, 154, 139, 173, 13, 71, 175, 19, 137, 8, 164, 246, 101,
       127, 161, 59, 120, 129, 2, 75, 154, 113, 145, 50, 90, 59, 16, 82,
       39, 46, 61, 229, 243, 64, 212, 27, 207, 249, 87, 160, 253, 74, 83,
       233, 253, 164, 89, 204, 86, 122, 233, 179, 109, 158, 58, 140, 37,
       116, 247, 251, 210, 164, 98, 40, 240, 88, 233, 189, 212, 78, 219,
       178, 164, 8, 186, 249, 84, 191, 137, 114, 123, 8, 18, 107, 218,
       81, 95, 26, 21, 63, 210, 124, 206, 166, 78, 252, 238, 215, 246,
       150, 190, 252, 191, 223, 215, 179, 236, 255, 223, 107, 247, 247,
       255, 215, 246, 217, 239, 239, 127, 127, 255, 199, 134, 246, 183,
       215, 110, 61, 180, 82, 185, 253, 150, 142, 171, 223, 188, 45, 110,
       253, 79, 158, 141, 211, 253, 83, 158, 107, 251, 226, 123, 95, 93,
       251, 203, 87, 142, 95, 161, 173, 61, 91, 197, 237, 97, 35, 109,
       25, 108, 16, 182, 51, 4, 49, 136, 58, 114, 8, 51, 184, 114, 117,
       79, 153, 80, 64, 64, 73, 202, 170, 133, 84, 173, 255, 172, 102,
       255, 188, 150, 250, 149, 18, 213, 247, 121, 107, 205, 119, 63,
       235, 233, 199, 123, 42, 237, 171, 239, 148, 144, 121, 181, 242,
       36, 169, 150, 218, 93, 175, 162, 200, 254, 17, 105, 0, 230, 241,
       41, 173, 217, 106, 2, 90, 2, 243, 90, 253, 141, 218, 67, 110, 208,
       75, 99, 160, 195, 250, 157, 242, 40, 205, 89, 158, 187, 127, 176,
       124, 191, 159, 66, 58, 135, 147, 125, 17, 227, 109, 250, 243, 201,
