%YAML:1.0
---
descriptors: !!opencv-matrix
   rows: 357
   cols: 32
   dt: u
   data: [ 111, 111, 196, 7, 139, 27, 14, 168, 14, 178, 139, 205, 231,
       96, 205, 151, 147, 100, 106, 110, 180, 193, 207, 40, 188, 66, 109,
       182, 142, 127, 25, 5, 29, 85, 85, 101, 48, 15, 70, 184, 116, 162,
       171, 100, 211, 83, 137, 240, 84, 196, 92, 234, 233, 148, 93, 30,
       160, 239, 165, 20, 58, 243, 0, 33, 109, 111, 192, 71, 236, 59, 70,
       152, 67, 178, 168, 72, 211, 97, 209, 190, 25, 228, 108, 126, 76,
       114, 205, 40, 174, 218, 229, 52, 138, 251, 90, 4, 9, 175, 19, 107,
       240, 142, 103, 247, 125, 9, 110, 68, 247, 243, 40, 84, 176, 106,
       6, 60, 83, 152, 24, 127, 237, 253, 38, 64, 194, 210, 227, 169, 38,
       12, 34, 139, 87, 167, 170, 66, 94, 64, 121, 131, 168, 204, 53,
       132, 216, 41, 147, 149, 134, 178, 12, 255, 5, 20, 138, 10, 213,
       79, 113, 196, 134, 141, 32, 139, 149, 147, 186, 237, 94, 5, 77,
       19, 232, 88, 62, 228, 216, 27, 147, 115, 54, 184, 93, 255, 45, 20,
       142, 99, 85, 15, 253, 134, 130, 72, 154, 157, 86, 213, 186, 198,
       30, 5, 82, 3, 180, 138, 39, 72, 246, 57, 163, 209, 38, 156, 18,
       255, 5, 39, 186, 11, 20, 17, 45, 138, 49, 141, 75, 254, 22, 163,
       239, 226, 212, 64, 200, 130, 51, 233, 48, 96, 122, 234, 2, 207,
       107, 171, 60, 191, 177, 174, 130, 8, 53, 203, 112, 168, 27, 14,
       255, 252, 22, 162, 107, 114, 180, 130, 218, 194, 125, 235, 177,
       96, 118, 255, 63, 143, 161, 157, 4, 238, 240, 239, 170, 128, 181,
       161, 33, 32, 145, 215, 111, 190, 52, 192, 205, 119, 132, 72, 210,
       230, 113, 207, 184, 97, 110, 162, 31, 193, 235, 139, 38, 191, 240,
       163, 190, 128, 61, 152, 240, 121, 161, 81, 121, 69, 116, 79, 103,
       52, 117, 44, 126, 72, 243, 21, 149, 48, 126, 252, 86, 106, 201,
       176, 117, 14, 103, 172, 32, 0, 101, 187, 70, 249, 46, 253, 242,
       203, 117, 247, 187, 202, 94, 13, 125, 7, 108, 221, 63, 4, 221,
       123, 147, 145, 130, 186, 88, 255, 47, 93, 143, 235, 215, 95, 125,
       219, 209, 95, 111, 239, 182, 70, 111, 181, 100, 204, 254, 167,
       115, 55, 179, 113, 118, 244, 61, 238, 232, 147, 45, 44, 241, 171,
       230, 128, 37, 186, 244, 121, 80, 111, 74, 225, 181, 15, 68, 187,
       101, 128, 142, 76, 135, 9, 17, 80, 210, 132, 76, 41, 200, 168,
       209, 28, 162, 241, 37, 21, 36, 248, 218, 2, 109, 227, 132, 133,
       45, 30, 38, 184, 10, 168, 162, 239, 194, 96, 200, 210, 220, 196,
       108, 102, 204, 114, 197, 164, 188, 226, 229, 144, 8, 61, 88, 6,
       122, 153, 48, 232, 157, 213, 90, 39, 71, 173, 154, 11, 46, 190,
       114, 196, 216, 191, 191, 145, 30, 43, 209, 156, 187, 213, 139,
       123, 54, 14, 28, 78, 7, 131, 103, 129, 214, 147, 168, 121, 92,
       209, 83, 215, 73, 76, 190, 173, 126, 9, 146, 191, 213, 240, 45,
       196, 12, 10, 255, 196, 173, 14, 249, 213, 17, 34, 251, 225, 214,
       171, 233, 87, 126, 35, 122, 114, 153, 9, 212, 40, 107, 139, 6,
       157, 147, 188, 5, 194, 76, 141, 178, 196, 237, 200, 241, 168, 2,
       191, 187, 248, 243, 165, 185, 87, 155, 153, 24, 117, 60, 191, 96,
       40, 167, 59, 151, 145, 146, 11, 130, 243, 73, 21, 62, 234, 144,
       68, 167, 251, 17, 38, 203, 225, 20, 43, 233, 87, 86, 35, 82, 210,
       19, 9, 248, 104, 123, 136, 23, 157, 187, 188, 5, 210, 220, 142,
       178, 196, 189, 136, 240, 160, 251, 217, 111, 252, 60, 134, 79,
       245, 133, 72, 212, 230, 49, 211, 176, 113, 78, 240, 29, 238, 233,
       139, 118, 189, 242, 233, 174, 152, 63, 176, 240, 105, 185, 217,
       123, 92, 55, 219, 183, 231, 220, 68, 246, 34, 58, 152, 180, 96,
       106, 58, 31, 73, 212, 187, 52, 191, 115, 233, 38, 67, 119, 24,
       245, 255, 187, 223, 111, 172, 52, 131, 239, 119, 132, 76, 222,
       231, 49, 15, 178, 65, 108, 163, 23, 236, 233, 155, 36, 253, 240,
       233, 174, 192, 63, 156, 244, 249, 2, 208, 123, 75, 119, 213, 185,
       237, 127, 77, 119, 2, 8, 220, 188, 100, 255, 27, 146, 153, 210,
       188, 63, 215, 111, 30, 22, 71, 87, 6, 229, 255, 153, 223, 87, 220,
       54, 154, 110, 119, 237, 192, 126, 230, 127, 225, 164, 229, 102,
       226, 62, 110, 229, 173, 36, 239, 178, 235, 102, 136, 63, 188, 233,
       61, 151, 129, 123, 216, 134, 146, 237, 113, 85, 66, 215, 18, 89,
       203, 186, 104, 122, 169, 23, 140, 217, 151, 36, 194, 210, 239,
       187, 196, 63, 168, 240, 240, 154, 159, 119, 236, 150, 194, 189,
       119, 245, 74, 218, 230, 57, 63, 160, 229, 110, 179, 159, 161, 249,
       155, 37, 223, 240, 231, 174, 192, 63, 128, 165, 57, 233, 112, 211,
       70, 65, 92, 102, 189, 121, 202, 102, 72, 122, 87, 205, 188, 144,
       220, 96, 106, 97, 118, 251, 106, 39, 186, 69, 10, 74, 178, 194,
       168, 130, 104, 146, 153, 71, 145, 176, 196, 30, 134, 80, 3, 172,
       138, 103, 204, 216, 105, 131, 81, 38, 244, 82, 243, 4, 18, 154,
       43, 20, 29, 57, 142, 148, 0, 142, 190, 20, 162, 104, 65, 180, 131,
       211, 18, 72, 210, 48, 73, 120, 173, 34, 137, 40, 213, 130, 204,
       144, 162, 218, 64, 4, 32, 48, 0, 214, 170, 140, 150, 170, 48, 84,
       143, 234, 183, 134, 187, 195, 163, 206, 94, 65, 230, 233, 144, 60,
       79, 207, 34, 154, 67, 223, 59, 164, 116, 158, 70, 184, 200, 66,
       227, 86, 3, 74, 244, 5, 32, 118, 2, 27, 11, 48, 17, 120, 136, 23,
       234, 72, 190, 64, 189, 118, 201, 160, 192, 119, 154, 114, 136, 23,
       129, 230, 179, 194, 96, 188, 207, 62, 115, 83, 147, 157, 174, 121,
       73, 103, 95, 55, 151, 215, 216, 13, 240, 156, 2, 254, 196, 181,
       213, 161, 217, 126, 174, 204, 183, 170, 50, 180, 175, 162, 183,
       143, 183, 195, 98, 203, 11, 43, 199, 237, 179, 62, 73, 143, 171,
       216, 199, 255, 223, 165, 116, 191, 198, 6, 141, 16, 139, 149, 179,
       186, 239, 14, 5, 90, 2, 236, 106, 59, 192, 217, 11, 155, 241, 22,
       152, 89, 253, 44, 20, 143, 199, 148, 95, 185, 196, 237, 195, 233,
       70, 205, 86, 79, 188, 83, 194, 173, 24, 83, 101, 221, 52, 89, 192,
       112, 234, 233, 38, 125, 43, 107, 93, 133, 20, 103, 255, 254, 100,
       18, 147, 87, 220, 154, 194, 56, 113, 166, 4, 211, 231, 109, 199,
       164, 64, 118, 185, 191, 128, 210, 139, 38, 213, 18, 32, 234, 203,
       53, 166, 165, 241, 49, 201, 104, 216, 212, 145, 198, 247, 86, 0,
       80, 66, 51, 8, 180, 32, 72, 42, 23, 75, 218, 40, 46, 189, 104, 13,
       174, 200, 117, 156, 216, 140, 73, 112, 17, 97, 64, 205, 97, 220,
       42, 240, 32, 8, 150, 151, 65, 25, 128, 12, 90, 92, 3, 118, 242,
       16, 213, 152, 16, 108, 64, 16, 3, 234, 65, 9, 19, 169, 52, 142,
       105, 19, 126, 72, 98, 68, 151, 131, 17, 120, 128, 13, 60, 28, 195,
       184, 145, 80, 197, 188, 50, 4, 24, 128, 99, 40, 202, 61, 251, 102,
       240, 108, 127, 23, 41, 206, 62, 8, 61, 55, 133, 114, 166, 247, 93,
       74, 225, 219, 176, 106, 247, 253, 38, 128, 194, 243, 199, 123, 59,
       219, 98, 156, 87, 150, 190, 119, 141, 64, 92, 135, 40, 206, 54,
       228, 236, 187, 147, 197, 199, 155, 54, 253, 51, 120, 138, 130, 31,
       156, 57, 220, 42, 249, 51, 154, 31, 213, 147, 224, 222, 4, 192, 2,
       172, 216, 37, 228, 200, 121, 138, 83, 70, 43, 114, 253, 185, 20,
       138, 123, 18, 15, 53, 238, 241, 217, 93, 252, 28, 132, 79, 189,
       198, 88, 212, 70, 115, 241, 177, 97, 76, 226, 62, 234, 235, 43,
       111, 189, 242, 235, 167, 152, 61, 184, 240, 41, 173, 125, 121, 99,
       244, 95, 255, 181, 121, 234, 63, 104, 159, 61, 213, 177, 159, 245,
       84, 122, 241, 248, 240, 110, 239, 221, 37, 180, 199, 250, 199,
       241, 31, 24, 255, 245, 50, 162, 59, 83, 189, 65, 87, 242, 93, 247,
       160, 120, 118, 61, 63, 156, 161, 221, 36, 238, 214, 239, 171, 128,
       174, 225, 33, 161, 2, 180, 22, 154, 121, 229, 176, 66, 142, 29,
       89, 49, 140, 158, 104, 204, 199, 27, 147, 145, 18, 15, 18, 209,
       13, 16, 26, 235, 144, 4, 45, 151, 209, 190, 159, 187, 170, 173,
       49, 214, 254, 19, 2, 80, 189, 210, 96, 105, 167, 59, 106, 16, 54,
       205, 27, 119, 205, 135, 62, 72, 152, 64, 161, 11, 51, 143, 111,
