%YAML:1.0
---
descriptors: !!opencv-matrix
   rows: 259
   cols: 32
   dt: u
   data: [ 237, 16, 189, 245, 237, 111, 213, 89, 27, 251, 181, 30, 222,
       127, 75, 59, 157, 215, 119, 58, 177, 98, 251, 192, 159, 219, 95,
       62, 208, 105, 199, 243, 88, 169, 187, 104, 25, 212, 17, 71, 163,
       5, 172, 8, 46, 191, 96, 144, 160, 179, 217, 144, 26, 11, 178, 33,
       251, 229, 16, 123, 194, 2, 167, 106, 1, 79, 125, 101, 36, 15, 109,
       50, 100, 174, 118, 0, 179, 33, 145, 49, 24, 36, 108, 110, 232,
       180, 101, 12, 228, 169, 96, 0, 96, 184, 70, 40, 45, 112, 184, 99,
       85, 141, 226, 152, 107, 201, 105, 76, 146, 216, 95, 48, 152, 8,
       82, 93, 135, 50, 216, 50, 111, 157, 5, 108, 200, 27, 218, 128, 10,
       30, 19, 186, 119, 183, 185, 81, 159, 143, 95, 86, 108, 223, 32,
       196, 254, 57, 131, 129, 16, 179, 50, 222, 21, 119, 139, 131, 19,
       76, 61, 179, 77, 89, 21, 101, 52, 79, 67, 154, 100, 232, 98, 76,
       151, 17, 17, 112, 0, 68, 108, 106, 201, 176, 241, 44, 229, 184,
       33, 20, 72, 177, 66, 48, 203, 149, 214, 78, 219, 114, 82, 236,
       121, 1, 239, 54, 104, 50, 172, 247, 114, 214, 170, 202, 49, 27,
       189, 239, 50, 254, 18, 75, 43, 167, 170, 60, 27, 159, 123, 251,
       182, 181, 187, 83, 31, 73, 95, 247, 252, 253, 164, 96, 247, 59,
       151, 21, 179, 152, 42, 255, 238, 222, 58, 194, 191, 206, 161, 255,
       49, 221, 249, 229, 150, 15, 103, 253, 70, 224, 250, 70, 83, 49, 1,
       98, 120, 238, 54, 106, 201, 186, 121, 8, 245, 172, 165, 52, 125,
       122, 208, 184, 80, 205, 31, 111, 26, 10, 23, 175, 160, 0, 234,
       136, 247, 119, 0, 82, 22, 119, 108, 96, 72, 137, 203, 45, 233,
       167, 37, 16, 96, 162, 135, 40, 255, 215, 250, 102, 171, 119, 95,
       252, 115, 238, 191, 189, 91, 255, 223, 115, 151, 215, 253, 102,
       237, 199, 189, 238, 251, 255, 101, 191, 103, 247, 110, 127, 90,
       234, 22, 184, 59, 193, 176, 102, 175, 21, 160, 41, 172, 158, 102,
       150, 238, 179, 235, 192, 66, 11, 130, 245, 153, 208, 26, 123, 16,
       4, 39, 75, 193, 159, 147, 183, 180, 170, 37, 55, 62, 227, 74, 244,
       247, 160, 160, 64, 87, 46, 46, 4, 121, 248, 193, 31, 172, 166, 62,
       0, 136, 72, 129, 57, 44, 32, 252, 81, 213, 121, 225, 10, 47, 53,
       109, 24, 131, 177, 77, 30, 73, 154, 226, 24, 26, 112, 211, 16, 79,
       223, 80, 101, 195, 73, 70, 162, 255, 114, 150, 182, 233, 29, 84,
       80, 187, 254, 177, 221, 14, 140, 71, 159, 141, 229, 236, 23, 109,
       103, 218, 128, 154, 211, 85, 63, 202, 125, 10, 87, 67, 190, 175,
       158, 170, 196, 45, 135, 190, 127, 134, 252, 180, 246, 206, 123,
       231, 231, 126, 157, 243, 79, 191, 115, 156, 50, 255, 250, 152, 64,
       163, 125, 124, 105, 194, 174, 85, 74, 71, 200, 35, 164, 233, 11,
       99, 195, 107, 208, 120, 236, 132, 226, 14, 179, 216, 173, 243,
       229, 133, 45, 227, 123, 126, 2, 103, 221, 199, 77, 213, 22, 238,
       248, 125, 224, 250, 70, 72, 182, 181, 244, 126, 236, 50, 238, 209,
       250, 253, 236, 62, 62, 199, 70, 239, 247, 226, 180, 161, 227, 97,
       67, 244, 155, 235, 121, 125, 96, 113, 224, 19, 0, 148, 165, 122,
       8, 6, 122, 243, 184, 109, 253, 44, 24, 165, 196, 111, 138, 210,
       164, 236, 97, 123, 103, 116, 78, 111, 56, 96, 236, 127, 40, 211,
       85, 153, 48, 54, 220, 85, 106, 201, 176, 233, 12, 231, 169, 33,
       132, 96, 179, 70, 241, 48, 221, 124, 255, 220, 70, 255, 239, 94,
       7, 253, 3, 83, 127, 62, 64, 249, 219, 7, 227, 120, 186, 123, 55,
       119, 239, 242, 77, 113, 122, 230, 202, 122, 165, 33, 190, 221,
       221, 213, 111, 223, 117, 188, 25, 174, 220, 62, 145, 200, 187,
       223, 1, 126, 107, 242, 149, 243, 209, 28, 123, 83, 12, 214, 222,
       252, 54, 93, 231, 20, 79, 67, 48, 48, 168, 247, 72, 243, 19, 9,
       17, 88, 188, 76, 106, 104, 242, 217, 12, 231, 233, 33, 16, 96,
       170, 86, 34, 41, 249, 127, 71, 180, 207, 231, 181, 116, 36, 126,
       64, 243, 85, 156, 112, 126, 252, 78, 106, 203, 184, 125, 63, 101,
       175, 36, 64, 103, 154, 214, 232, 31, 127, 246, 101, 243, 31, 255,
       248, 125, 238, 94, 239, 93, 189, 151, 180, 54, 253, 247, 239, 228,
       240, 173, 238, 126, 255, 45, 135, 103, 247, 15, 87, 3, 50, 255,
       91, 42, 186, 184, 83, 62, 81, 87, 247, 185, 141, 148, 76, 110, 63,
       255, 149, 147, 252, 103, 193, 6, 42, 58, 194, 237, 204, 161, 245,
       165, 215, 109, 107, 180, 46, 111, 184, 116, 74, 123, 198, 211, 97,
       185, 113, 127, 206, 62, 238, 249, 176, 93, 62, 236, 175, 103, 132,
       253, 251, 240, 49, 3, 18, 239, 91, 66, 174, 232, 19, 63, 91, 115,
       247, 185, 143, 190, 105, 127, 47, 183, 156, 151, 220, 103, 209,
       70, 42, 250, 192, 255, 196, 226, 209, 176, 255, 77, 181, 208, 171,
       100, 183, 52, 171, 122, 116, 243, 35, 1, 80, 121, 238, 38, 136,
       121, 252, 65, 46, 172, 166, 183, 64, 169, 80, 226, 136, 59, 124,
       51, 248, 91, 213, 150, 238, 159, 192, 236, 15, 188, 223, 39, 244,
       217, 249, 155, 192, 77, 11, 242, 254, 243, 245, 159, 59, 26, 60,
       35, 222, 131, 158, 31, 153, 242, 161, 185, 67, 190, 87, 94, 246,
       180, 230, 162, 104, 199, 43, 50, 157, 179, 152, 38, 119, 12, 39,
       186, 200, 156, 64, 161, 241, 234, 248, 169, 243, 237, 237, 252,
       159, 27, 123, 85, 31, 60, 157, 92, 168, 221, 219, 183, 17, 211,
       126, 251, 243, 95, 95, 157, 255, 143, 76, 214, 251, 36, 48, 249,
       65, 77, 109, 241, 72, 175, 183, 177, 24, 130, 189, 77, 30, 201,
       152, 98, 16, 10, 118, 251, 64, 95, 156, 17, 119, 225, 73, 70, 162,
       222, 190, 190, 186, 137, 245, 88, 198, 187, 151, 160, 25, 111,
       231, 99, 155, 167, 243, 237, 145, 42, 79, 154, 243, 219, 211, 95,
       123, 146, 85, 47, 91, 223, 163, 242, 90, 189, 180, 222, 204, 255,
       69, 245, 21, 106, 232, 255, 252, 243, 203, 238, 94, 190, 35, 46,
       243, 58, 126, 7, 95, 211, 215, 238, 70, 25, 223, 63, 109, 176,
       138, 103, 183, 116, 72, 106, 228, 247, 55, 160, 112, 54, 118, 60,
       44, 249, 152, 37, 47, 224, 175, 36, 128, 40, 210, 161, 121, 67,
       188, 175, 222, 170, 244, 173, 223, 238, 95, 142, 180, 252, 246,
       218, 106, 103, 127, 123, 157, 147, 73, 191, 115, 255, 47, 255,
       248, 142, 84, 175, 249, 253, 73, 91, 101, 180, 90, 110, 5, 97,
       160, 250, 8, 91, 57, 149, 176, 122, 236, 92, 106, 73, 176, 197, 8,
       178, 237, 36, 16, 111, 251, 218, 0, 205, 95, 191, 62, 233, 244,
       183, 246, 172, 222, 156, 116, 188, 247, 163, 239, 133, 115, 238,
       199, 225, 79, 186, 106, 227, 115, 126, 138, 138, 117, 175, 251,
       86, 83, 156, 172, 138, 98, 30, 136, 142, 182, 136, 171, 85, 102,
       75, 75, 247, 213, 109, 243, 40, 67, 203, 16, 248, 131, 239, 191,
       188, 115, 45, 19, 46, 26, 182, 158, 45, 117, 16, 72, 159, 220,
       213, 35, 110, 220, 111, 207, 220, 249, 191, 83, 14, 231, 235, 160,
       147, 112, 203, 155, 146, 63, 124, 215, 19, 159, 123, 251, 178,
       163, 57, 119, 30, 73, 90, 247, 245, 255, 176, 96, 247, 59, 23, 28,
       183, 152, 37, 63, 238, 239, 190, 192, 188, 200, 161, 241, 175,
       176, 249, 241, 237, 109, 249, 223, 27, 123, 116, 94, 156, 157, 92,
       59, 141, 223, 55, 29, 243, 126, 251, 243, 79, 219, 221, 238, 205,
       72, 210, 243, 219, 172, 135, 178, 27, 188, 88, 230, 187, 115, 128,
       157, 175, 150, 0, 151, 167, 231, 248, 133, 47, 79, 146, 247, 153,
       242, 90, 58, 42, 68, 3, 94, 134, 56, 150, 154, 235, 224, 48, 67,
       191, 151, 71, 49, 172, 247, 102, 223, 227, 59, 235, 144, 50, 205,
       146, 226, 139, 50, 94, 75, 130, 69, 165, 246, 142, 253, 254, 218,
       255, 245, 190, 254, 223, 215, 157, 187, 205, 255, 190, 231, 239,
       251, 223, 247, 246, 67, 190, 255, 127, 127, 15, 251, 183, 255,
       175, 215, 237, 36, 104, 88, 104, 189, 145, 90, 218, 226, 164, 152,
       144, 221, 222, 189, 29, 104, 218, 46, 178, 103, 254, 31, 71, 25,
       1, 61, 82, 173, 74, 228, 49, 93, 111, 204, 116, 215, 239, 117, 84,
       204, 254, 102, 113, 245, 183, 100, 126, 238, 22, 238, 201, 187,
