%YAML:1.0
---
descriptors: !!opencv-matrix
   rows: 238
   cols: 32
   dt: u
   data: [ 204, 125, 159, 181, 164, 14, 101, 182, 248, 174, 34, 76, 247,
       179, 65, 91, 133, 102, 104, 124, 97, 253, 145, 42, 237, 231, 101,
       16, 136, 112, 3, 56, 67, 187, 239, 39, 176, 138, 111, 21, 63, 77,
       219, 228, 255, 70, 144, 112, 86, 119, 125, 220, 219, 216, 111, 97,
       172, 190, 46, 192, 44, 130, 129, 125, 171, 181, 59, 72, 252, 159,
       245, 251, 255, 232, 52, 125, 30, 156, 245, 52, 190, 24, 87, 61,
       231, 47, 48, 222, 127, 93, 37, 254, 94, 140, 210, 255, 104, 123,
       120, 98, 116, 221, 83, 81, 105, 172, 253, 8, 27, 159, 194, 16, 28,
       188, 198, 120, 202, 58, 240, 28, 127, 221, 33, 121, 66, 138, 78,
       51, 237, 101, 153, 111, 152, 47, 71, 184, 82, 170, 173, 24, 215,
       115, 73, 49, 145, 220, 76, 106, 104, 102, 217, 30, 237, 223, 5,
       52, 80, 251, 194, 32, 1, 21, 147, 215, 68, 38, 231, 119, 212, 130,
       219, 66, 118, 241, 48, 228, 120, 110, 50, 40, 65, 185, 16, 142,
       49, 174, 214, 0, 14, 234, 240, 168, 41, 93, 123, 101, 116, 206,
       117, 54, 121, 232, 126, 8, 183, 23, 129, 48, 132, 124, 86, 72,
       193, 184, 112, 46, 103, 253, 36, 0, 74, 184, 66, 123, 191, 31,
       121, 242, 231, 249, 255, 208, 153, 94, 189, 187, 207, 126, 255,
       175, 127, 211, 151, 255, 255, 38, 44, 226, 247, 221, 175, 191,
       247, 255, 253, 245, 132, 237, 42, 155, 204, 253, 167, 245, 92,
       102, 247, 23, 248, 237, 127, 9, 121, 234, 223, 243, 246, 191, 121,
       254, 127, 11, 254, 113, 85, 91, 253, 218, 44, 159, 58, 254, 188,
       195, 87, 177, 198, 12, 252, 32, 242, 241, 162, 112, 216, 114, 142,
       82, 90, 171, 106, 61, 234, 183, 37, 27, 82, 154, 244, 43, 12, 5,
       180, 187, 133, 118, 180, 175, 95, 19, 76, 19, 204, 123, 43, 207,
       193, 91, 163, 145, 54, 216, 91, 240, 111, 247, 222, 71, 146, 124,
       189, 130, 16, 153, 191, 110, 131, 204, 53, 119, 172, 65, 110, 33,
       62, 183, 34, 112, 166, 51, 123, 0, 82, 153, 50, 101, 243, 173, 22,
       2, 96, 66, 167, 123, 249, 208, 87, 239, 14, 2, 79, 184, 101, 10,
       246, 98, 115, 83, 137, 119, 120, 196, 44, 234, 233, 183, 109, 47,
       244, 170, 226, 4, 47, 187, 112, 41, 134, 104, 160, 145, 229, 213,
       188, 69, 95, 162, 80, 19, 172, 152, 119, 140, 217, 59, 147, 81,
       246, 246, 66, 242, 45, 22, 159, 171, 215, 124, 153, 143, 87, 21,
       151, 165, 178, 54, 40, 19, 124, 225, 203, 246, 223, 50, 129, 236,
       119, 167, 60, 188, 157, 152, 69, 206, 172, 238, 174, 198, 172,
       226, 169, 5, 73, 156, 159, 119, 161, 238, 124, 255, 191, 95, 115,
       85, 254, 255, 32, 219, 165, 87, 108, 4, 177, 253, 187, 125, 207,
       255, 118, 64, 194, 192, 167, 123, 92, 225, 177, 231, 53, 141, 67,
       188, 118, 169, 74, 72, 247, 209, 88, 100, 16, 92, 125, 90, 75, 48,
       217, 55, 233, 252, 39, 124, 42, 155, 19, 32, 202, 160, 20, 185,
       173, 249, 16, 143, 223, 63, 144, 25, 174, 170, 78, 207, 131, 3,
       238, 21, 54, 108, 67, 211, 143, 210, 94, 127, 146, 76, 143, 79,
       42, 176, 185, 185, 93, 237, 177, 207, 31, 117, 84, 31, 156, 221,
       78, 8, 157, 27, 147, 17, 51, 126, 123, 215, 79, 87, 27, 111, 211,
       12, 151, 250, 165, 204, 83, 219, 213, 161, 110, 172, 85, 18, 75,
       18, 97, 99, 57, 229, 89, 194, 2, 106, 123, 148, 93, 191, 45, 174,
       214, 68, 182, 219, 240, 40, 177, 66, 75, 237, 38, 2, 108, 87, 68,
       66, 242, 246, 19, 0, 176, 97, 126, 132, 30, 172, 201, 183, 5, 200,
       176, 170, 242, 128, 61, 184, 240, 41, 76, 97, 145, 231, 188, 78,
       199, 25, 118, 161, 171, 72, 215, 241, 72, 66, 144, 70, 104, 90,
       17, 112, 217, 34, 237, 238, 39, 84, 200, 43, 193, 34, 252, 76,
       214, 174, 13, 70, 86, 232, 177, 170, 251, 3, 111, 251, 33, 215,
       248, 245, 236, 226, 108, 231, 152, 142, 179, 243, 199, 19, 99,
       255, 108, 6, 125, 86, 232, 97, 174, 50, 79, 152, 97, 226, 191,
       238, 91, 102, 219, 62, 127, 196, 92, 254, 137, 2, 109, 64, 248,
       143, 165, 212, 173, 243, 114, 113, 2, 252, 22, 154, 153, 221, 182,
       230, 191, 29, 168, 25, 172, 254, 102, 135, 201, 123, 235, 83, 54,
       107, 154, 247, 187, 22, 30, 123, 210, 85, 175, 142, 234, 120, 208,
       208, 73, 253, 80, 198, 187, 19, 36, 24, 14, 151, 69, 159, 171,
       153, 227, 16, 2, 71, 146, 241, 23, 208, 85, 111, 210, 85, 206,
       183, 179, 124, 105, 172, 30, 175, 206, 82, 221, 66, 212, 207, 51,
       201, 53, 33, 126, 169, 23, 175, 232, 167, 84, 159, 247, 13, 169,
       184, 125, 253, 82, 176, 122, 239, 236, 40, 157, 27, 213, 239, 195,
       244, 188, 175, 11, 168, 87, 18, 73, 193, 205, 245, 206, 107, 231,
       159, 250, 69, 157, 253, 247, 188, 222, 206, 222, 127, 98, 68, 163,
       114, 190, 242, 169, 238, 190, 175, 72, 252, 247, 183, 167, 245,
       213, 231, 236, 243, 172, 234, 50, 124, 205, 151, 103, 247, 127,
       87, 172, 232, 25, 186, 236, 169, 235, 204, 158, 17, 185, 88, 189,
       203, 121, 8, 219, 139, 6, 219, 18, 38, 202, 243, 220, 213, 191,
       124, 148, 219, 193, 160, 41, 121, 115, 67, 116, 223, 107, 112,
       121, 12, 125, 8, 59, 21, 149, 52, 30, 184, 6, 106, 201, 176, 112,
       238, 103, 221, 32, 0, 99, 139, 70, 253, 11, 144, 57, 249, 125,
       245, 185, 222, 31, 121, 85, 82, 188, 223, 44, 104, 221, 27, 151,
       17, 179, 60, 107, 215, 79, 95, 187, 238, 154, 8, 53, 251, 81, 77,
       79, 127, 144, 198, 103, 244, 180, 128, 238, 0, 115, 243, 33, 97,
       120, 102, 106, 234, 105, 185, 57, 45, 241, 175, 231, 0, 113, 243,
       96, 40, 151, 87, 70, 133, 226, 10, 172, 125, 56, 234, 83, 247, 77,
       46, 159, 197, 54, 205, 167, 167, 229, 212, 13, 78, 52, 34, 111,
       132, 45, 244, 171, 157, 252, 52, 29, 103, 184, 75, 87, 57, 185,
       186, 167, 56, 214, 115, 9, 27, 145, 84, 108, 42, 105, 117, 217,
       14, 237, 219, 101, 52, 104, 106, 70, 35, 212, 111, 157, 39, 162,
       106, 55, 176, 170, 162, 170, 232, 215, 119, 193, 114, 39, 245,
       108, 114, 96, 81, 137, 42, 249, 193, 101, 53, 160, 243, 7, 35, 0,
       129, 213, 205, 31, 195, 232, 104, 206, 176, 16, 2, 244, 201, 121,
       166, 122, 40, 51, 73, 66, 112, 15, 221, 13, 2, 203, 36, 119, 170,
       113, 160, 100, 163, 232, 10, 221, 88, 83, 137, 83, 245, 237, 137,
       67, 232, 95, 80, 89, 206, 160, 84, 30, 114, 238, 51, 127, 45, 5,
       125, 241, 255, 222, 198, 109, 33, 144, 229, 213, 29, 70, 154, 115,
       161, 78, 76, 147, 209, 89, 244, 16, 204, 96, 120, 27, 114, 209, 8,
       191, 237, 5, 108, 170, 185, 218, 32, 48, 199, 110, 27, 84, 195,
       231, 236, 86, 100, 246, 163, 97, 109, 190, 5, 57, 200, 195, 239,
       104, 179, 45, 127, 114, 7, 133, 5, 117, 159, 118, 234, 81, 13, 23,
       172, 22, 166, 111, 246, 236, 128, 218, 66, 117, 226, 177, 96, 126,
       247, 46, 169, 201, 153, 53, 206, 241, 166, 175, 0, 44, 114, 33,
       40, 32, 137, 153, 217, 253, 201, 181, 239, 14, 13, 124, 42, 172,
       179, 96, 64, 201, 27, 131, 0, 18, 42, 98, 241, 111, 149, 30, 107,
       144, 8, 133, 171, 55, 182, 232, 217, 206, 51, 221, 219, 87, 62,
       220, 255, 11, 232, 246, 141, 95, 136, 166, 191, 190, 118, 127,
       145, 158, 203, 239, 253, 183, 236, 248, 197, 78, 129, 188, 197,
       141, 92, 181, 143, 202, 181, 142, 26, 204, 185, 106, 138, 201, 87,
       235, 17, 18, 105, 219, 194, 109, 21, 159, 127, 146, 126, 157, 130,
       26, 249, 183, 254, 139, 228, 17, 196, 175, 21, 105, 0, 126, 255,
       44, 122, 166, 123, 249, 16, 18, 75, 186, 241, 219, 255, 86, 75,
       146, 19, 167, 123, 105, 44, 247, 84, 229, 191, 248, 86, 233, 219,
       118, 92, 190, 185, 148, 187, 139, 227, 102, 28, 177, 253, 178,
       224, 71, 251, 116, 66, 206, 200, 67, 173, 200, 157, 238, 195, 133,
       82, 246, 183, 96, 185, 158, 50, 24, 63, 222, 99, 105, 214, 187,
       218, 248, 249, 185, 228, 127, 43, 246, 197, 39, 216, 252, 58, 252,
       68, 214, 236, 13, 70, 86, 104, 181, 134, 243, 3, 107, 251, 33,
       211, 248, 245, 173, 227, 108, 167, 83, 142, 179, 235, 195, 19, 39,
