%YAML:1.0
---
descriptors: !!opencv-matrix
   rows: 331
   cols: 32
   dt: u
   data: [ 80, 189, 59, 252, 147, 236, 53, 55, 188, 1, 74, 16, 60, 179,
       32, 83, 163, 63, 121, 1, 114, 201, 146, 101, 243, 171, 26, 74, 0,
       64, 167, 43, 229, 101, 153, 101, 184, 47, 71, 56, 83, 170, 173,
       88, 215, 115, 73, 48, 149, 84, 120, 110, 41, 118, 217, 30, 237,
       158, 5, 52, 80, 251, 194, 32, 83, 155, 78, 68, 50, 150, 126, 49,
       229, 132, 254, 230, 99, 99, 182, 117, 54, 228, 108, 238, 221, 185,
       37, 109, 178, 233, 32, 128, 111, 167, 107, 85, 81, 217, 191, 127,
       3, 205, 53, 119, 172, 73, 106, 8, 190, 183, 0, 112, 166, 51, 123,
       76, 65, 185, 50, 45, 245, 175, 84, 2, 64, 18, 135, 123, 197, 125,
       159, 181, 164, 14, 71, 182, 176, 234, 34, 76, 215, 33, 65, 91,
       149, 100, 104, 126, 121, 245, 209, 42, 237, 150, 69, 20, 136, 112,
       66, 56, 95, 25, 135, 190, 155, 246, 22, 226, 165, 192, 202, 231,
       108, 254, 35, 234, 236, 247, 249, 195, 13, 139, 146, 236, 147,
       103, 202, 139, 168, 119, 41, 95, 7, 75, 107, 233, 32, 128, 239,
       208, 172, 12, 84, 229, 157, 143, 185, 72, 110, 9, 31, 206, 146,
       128, 39, 241, 228, 217, 170, 192, 20, 145, 161, 241, 0, 140, 159,
       53, 16, 174, 104, 39, 188, 19, 106, 17, 247, 35, 0, 90, 129, 39,
       104, 12, 48, 252, 19, 103, 205, 182, 82, 64, 200, 0, 129, 10, 62,
       57, 240, 65, 153, 125, 80, 82, 227, 189, 172, 8, 138, 189, 71,
       190, 137, 250, 197, 24, 138, 98, 242, 128, 79, 221, 21, 63, 195,
       253, 78, 230, 173, 255, 232, 75, 245, 253, 215, 221, 87, 93, 253,
       173, 146, 221, 223, 164, 221, 202, 214, 94, 255, 50, 124, 179,
       111, 221, 37, 255, 219, 223, 222, 247, 198, 30, 150, 191, 185,
       180, 184, 130, 190, 159, 154, 245, 236, 246, 237, 203, 199, 119,
       239, 17, 55, 201, 203, 243, 140, 247, 123, 211, 136, 69, 45, 95,
       1, 97, 223, 81, 96, 157, 232, 17, 238, 89, 118, 64, 153, 130, 213,
       188, 14, 41, 118, 220, 131, 180, 39, 80, 6, 217, 50, 192, 200,
       128, 235, 173, 67, 150, 146, 188, 57, 164, 184, 23, 191, 75, 219,
       245, 172, 166, 166, 214, 165, 39, 237, 149, 151, 141, 147, 199,
       152, 118, 58, 202, 136, 4, 169, 29, 234, 142, 120, 115, 224, 56,
       125, 23, 169, 31, 188, 185, 171, 47, 206, 27, 239, 147, 207, 0,
       150, 12, 96, 225, 198, 217, 114, 249, 210, 192, 198, 201, 43, 32,
       53, 89, 93, 223, 192, 67, 95, 225, 241, 88, 154, 24, 84, 173, 200,
       168, 242, 24, 143, 122, 115, 148, 7, 90, 208, 114, 83, 12, 82,
       172, 189, 97, 83, 206, 117, 95, 106, 248, 109, 8, 245, 74, 106,
       83, 141, 180, 120, 216, 206, 234, 73, 183, 121, 205, 183, 248,
       130, 30, 123, 171, 114, 164, 253, 64, 66, 99, 53, 31, 234, 96,
       108, 224, 243, 78, 219, 88, 183, 225, 248, 173, 78, 239, 205, 183,
       85, 220, 150, 233, 162, 17, 95, 175, 123, 132, 155, 4, 72, 173,
       37, 63, 72, 17, 109, 66, 211, 199, 143, 8, 147, 232, 250, 133, 92,
       45, 141, 180, 85, 138, 134, 253, 138, 149, 46, 175, 89, 20, 254,
       188, 236, 88, 207, 245, 145, 235, 139, 247, 189, 155, 10, 252,
       126, 63, 201, 211, 211, 147, 254, 107, 186, 243, 91, 83, 205, 127,
       215, 108, 222, 86, 72, 21, 62, 103, 49, 94, 95, 53, 161, 238, 175,
       41, 255, 55, 2, 243, 132, 246, 253, 42, 232, 152, 121, 46, 231,
       255, 116, 17, 34, 230, 204, 123, 0, 121, 30, 176, 104, 196, 186,
       102, 172, 140, 218, 1, 189, 158, 97, 66, 232, 121, 123, 209, 84,
       153, 18, 236, 253, 213, 174, 73, 0, 1, 45, 138, 2, 181, 48, 154,
       253, 253, 144, 203, 143, 61, 185, 25, 142, 254, 110, 156, 201,
       147, 235, 17, 22, 107, 90, 213, 157, 18, 91, 127, 208, 12, 143,
       199, 98, 201, 154, 158, 125, 196, 188, 199, 142, 29, 200, 1, 172,
       254, 38, 192, 192, 59, 235, 1, 70, 11, 210, 241, 181, 53, 158, 43,
       16, 24, 173, 206, 116, 17, 90, 236, 74, 71, 23, 73, 105, 160, 241,
       10, 86, 222, 45, 88, 254, 189, 78, 160, 9, 35, 144, 200, 211, 169,
       3, 62, 25, 123, 38, 131, 27, 76, 74, 222, 22, 147, 110, 116, 149,
       2, 222, 226, 105, 194, 179, 228, 126, 234, 158, 206, 237, 151, 12,
       255, 50, 239, 130, 129, 63, 159, 56, 156, 41, 217, 28, 235, 77,
       159, 118, 252, 102, 40, 254, 12, 243, 123, 19, 16, 72, 232, 110,
       106, 72, 178, 91, 61, 231, 205, 225, 37, 122, 187, 74, 138, 242,
       99, 70, 169, 75, 65, 184, 65, 164, 52, 210, 243, 8, 135, 36, 217,
       108, 157, 239, 193, 72, 159, 199, 208, 148, 32, 138, 185, 49, 12,
       46, 154, 222, 93, 254, 115, 171, 252, 63, 148, 173, 94, 15, 165,
       239, 255, 207, 127, 167, 119, 253, 86, 198, 69, 191, 224, 247,
       251, 126, 131, 162, 247, 173, 95, 33, 16, 49, 205, 61, 239, 65,
       75, 86, 13, 224, 16, 178, 147, 36, 241, 216, 24, 26, 40, 59, 174,
       115, 159, 135, 255, 179, 124, 80, 8, 80, 162, 61, 1, 220, 237, 53,
       31, 82, 24, 117, 160, 238, 5, 203, 105, 19, 208, 216, 236, 172,
       110, 28, 176, 81, 140, 199, 239, 33, 17, 251, 191, 104, 2, 248,
       83, 103, 233, 79, 127, 105, 81, 101, 104, 255, 110, 219, 77, 154,
       236, 126, 141, 255, 185, 137, 182, 245, 192, 215, 233, 163, 128,
       111, 174, 124, 243, 195, 150, 47, 95, 52, 254, 175, 54, 124, 79,
       223, 50, 240, 117, 158, 101, 116, 126, 127, 139, 225, 252, 253,
       111, 101, 47, 250, 128, 4, 211, 247, 249, 101, 224, 209, 68, 84,
       15, 107, 152, 115, 160, 100, 76, 51, 211, 204, 52, 24, 204, 64,
       126, 75, 118, 248, 10, 13, 140, 5, 44, 75, 162, 66, 160, 246, 103,
       195, 166, 141, 11, 78, 232, 41, 166, 186, 207, 67, 40, 77, 151,
       248, 197, 205, 231, 104, 227, 201, 234, 176, 208, 135, 55, 101,
       126, 94, 68, 123, 178, 230, 236, 127, 23, 88, 121, 23, 169, 247,
       111, 75, 250, 142, 247, 254, 229, 255, 172, 172, 247, 65, 223,
       154, 255, 163, 150, 175, 172, 120, 149, 248, 80, 222, 236, 110,
       66, 87, 220, 145, 142, 246, 35, 123, 221, 43, 91, 250, 244, 166,
       98, 104, 183, 144, 138, 243, 239, 224, 153, 119, 251, 124, 123,
       243, 83, 122, 195, 102, 253, 127, 22, 109, 109, 255, 182, 155, 31,
       150, 120, 110, 159, 255, 223, 207, 188, 101, 224, 214, 249, 178,
       128, 39, 219, 233, 121, 65, 217, 27, 180, 49, 220, 180, 39, 237,
       72, 110, 4, 190, 154, 38, 114, 160, 55, 106, 0, 71, 185, 178, 67,
       231, 189, 22, 3, 72, 0, 137, 26, 101, 169, 189, 87, 232, 158, 109,
       184, 226, 57, 102, 64, 211, 115, 92, 58, 129, 70, 120, 88, 155,
       216, 251, 53, 79, 251, 213, 68, 200, 162, 194, 168, 44, 59, 121,
       67, 116, 205, 107, 80, 105, 44, 125, 40, 187, 149, 212, 52, 30,
       184, 86, 122, 139, 186, 224, 125, 103, 220, 32, 96, 66, 139, 70,
       225, 9, 117, 19, 204, 49, 143, 71, 120, 37, 232, 232, 76, 190, 87,
       1, 244, 20, 184, 93, 110, 201, 146, 112, 94, 225, 188, 1, 56, 50,
       147, 2, 120, 246, 68, 22, 164, 141, 38, 222, 232, 233, 186, 179,
       19, 70, 114, 41, 91, 249, 213, 108, 227, 120, 199, 153, 204, 177,
       178, 207, 23, 161, 123, 48, 2, 100, 164, 141, 114, 137, 237, 65,
       9, 162, 179, 173, 8, 211, 247, 72, 59, 153, 150, 104, 152, 26, 66,
       250, 17, 203, 215, 81, 125, 128, 67, 206, 34, 146, 78, 151, 190,
       146, 162, 62, 230, 188, 15, 202, 243, 109, 231, 33, 73, 103, 243,
       173, 129, 98, 205, 2, 111, 160, 166, 254, 131, 177, 80, 165, 171,
       87, 243, 104, 3, 122, 25, 191, 248, 43, 252, 61, 237, 92, 78, 223,
       54, 54, 197, 221, 110, 199, 33, 175, 241, 126, 25, 45, 191, 95,
       183, 11, 245, 25, 121, 124, 103, 114, 94, 255, 184, 97, 112, 54,
       6, 185, 31, 215, 33, 46, 157, 21, 239, 205, 56, 125, 189, 103,
       201, 170, 164, 103, 147, 67, 251, 119, 116, 187, 4, 251, 78, 183,
       80, 42, 234, 186, 108, 222, 244, 66, 54, 189, 253, 253, 49, 137,
       243, 249, 74, 189, 54, 15, 190, 200, 118, 39, 247, 184, 55, 251,
       114, 225, 125, 21, 87, 185, 95, 189, 56, 30, 55, 130, 57, 143,
       147, 197, 2, 184, 107, 32, 96, 211, 219, 116, 187, 195, 209, 135,
