%YAML:1.0
---
descriptors: !!opencv-matrix
   rows: 464
   cols: 32
   dt: u
   data: [ 95, 25, 158, 190, 139, 182, 30, 112, 165, 200, 203, 103, 236,
       250, 35, 194, 244, 103, 253, 199, 141, 139, 146, 237, 178, 119,
       239, 155, 138, 103, 41, 23, 59, 181, 99, 237, 95, 247, 121, 119,
       117, 197, 236, 10, 59, 188, 16, 244, 216, 190, 147, 137, 253, 218,
       244, 143, 191, 237, 154, 10, 39, 76, 118, 254, 255, 127, 188, 170,
       173, 85, 94, 248, 139, 254, 189, 47, 79, 255, 107, 179, 255, 209,
       221, 102, 204, 3, 186, 186, 251, 217, 109, 191, 178, 255, 174, 87,
       175, 231, 97, 74, 237, 181, 174, 237, 207, 63, 125, 254, 8, 200,
       252, 180, 207, 202, 130, 246, 247, 54, 110, 243, 62, 92, 133, 239,
       215, 223, 254, 229, 255, 191, 243, 230, 185, 118, 159, 248, 27,
       238, 189, 175, 95, 126, 191, 181, 223, 247, 253, 231, 233, 71,
       185, 239, 251, 223, 239, 191, 143, 119, 47, 127, 188, 77, 103,
       175, 150, 106, 111, 231, 117, 66, 219, 178, 83, 35, 185, 229, 121,
       214, 63, 170, 121, 149, 109, 174, 240, 230, 166, 128, 183, 255,
       244, 232, 248, 162, 250, 240, 153, 225, 89, 207, 179, 55, 164,
       153, 47, 231, 74, 26, 233, 155, 205, 144, 58, 79, 234, 19, 219,
       199, 159, 125, 162, 64, 166, 106, 244, 234, 174, 190, 141, 205,
       85, 206, 134, 31, 132, 25, 231, 253, 107, 75, 201, 227, 237, 3,
       122, 103, 218, 49, 211, 195, 93, 59, 176, 121, 53, 74, 116, 33,
       189, 102, 169, 111, 65, 8, 235, 184, 175, 8, 86, 117, 73, 59, 160,
       84, 108, 122, 25, 97, 233, 8, 223, 217, 101, 118, 192, 99, 70, 35,
       56, 253, 248, 67, 219, 71, 221, 255, 23, 244, 172, 10, 26, 55, 71,
       48, 77, 222, 211, 168, 106, 107, 121, 151, 123, 207, 149, 62, 115,
       250, 198, 250, 60, 97, 51, 242, 141, 253, 229, 192, 239, 85, 165,
       8, 139, 217, 95, 62, 136, 138, 66, 90, 10, 35, 250, 177, 211, 217,
       64, 123, 210, 91, 198, 226, 189, 107, 216, 202, 234, 7, 95, 220,
       23, 188, 181, 42, 93, 211, 203, 63, 62, 217, 118, 250, 65, 99,
       235, 112, 248, 201, 103, 188, 115, 243, 227, 161, 96, 224, 61,
       114, 41, 77, 85, 173, 235, 49, 165, 8, 214, 21, 72, 59, 128, 84,
       104, 74, 72, 97, 251, 16, 223, 219, 85, 127, 64, 24, 198, 34, 60,
       221, 121, 76, 223, 85, 215, 254, 87, 20, 172, 10, 58, 253, 53,
       100, 125, 218, 18, 106, 235, 43, 115, 191, 123, 207, 7, 60, 115,
       249, 100, 248, 222, 11, 206, 180, 34, 162, 58, 192, 188, 132, 194,
       163, 77, 238, 43, 91, 54, 245, 237, 227, 36, 209, 141, 72, 208,
       227, 107, 131, 165, 247, 45, 18, 236, 104, 189, 126, 45, 109, 81,
       136, 127, 191, 100, 24, 182, 181, 65, 59, 137, 88, 100, 24, 42,
       116, 250, 51, 199, 223, 80, 59, 194, 25, 70, 106, 213, 88, 189,
       245, 36, 38, 127, 146, 56, 170, 210, 96, 213, 63, 145, 123, 166,
       117, 125, 239, 233, 212, 193, 42, 212, 171, 239, 128, 12, 241, 35,
       33, 93, 95, 239, 71, 182, 18, 255, 53, 112, 238, 94, 230, 249, 47,
       147, 99, 54, 118, 181, 239, 225, 208, 37, 236, 102, 111, 239, 128,
       47, 246, 113, 249, 117, 231, 224, 4, 221, 30, 194, 156, 99, 164,
       172, 77, 67, 104, 223, 214, 89, 206, 232, 127, 206, 106, 205, 170,
       62, 124, 133, 125, 203, 238, 218, 140, 195, 31, 108, 197, 124, 66,
       237, 55, 172, 232, 158, 226, 189, 55, 146, 119, 110, 183, 127,
       140, 209, 152, 225, 206, 116, 185, 170, 144, 12, 224, 35, 249, 73,
       57, 148, 229, 165, 30, 100, 183, 119, 161, 142, 68, 159, 49, 64,
       198, 0, 68, 108, 8, 25, 248, 209, 130, 141, 254, 85, 84, 234, 184,
       216, 40, 91, 95, 126, 229, 134, 31, 92, 127, 21, 234, 246, 199,
       75, 44, 183, 65, 126, 237, 191, 236, 237, 248, 117, 156, 242, 235,
       103, 132, 127, 252, 104, 93, 105, 91, 252, 237, 230, 18, 125, 63,
       100, 252, 254, 230, 81, 47, 147, 115, 110, 244, 63, 232, 204, 216,
       229, 8, 118, 235, 231, 133, 37, 240, 124, 217, 60, 220, 93, 233,
       154, 103, 91, 248, 7, 112, 184, 0, 83, 63, 33, 113, 95, 209, 21,
       242, 24, 50, 121, 20, 235, 201, 161, 116, 241, 163, 102, 178, 176,
       121, 248, 65, 142, 7, 143, 125, 86, 224, 180, 2, 49, 23, 197, 43,
       94, 126, 18, 234, 193, 242, 121, 72, 109, 136, 231, 52, 121, 250,
       97, 184, 41, 240, 211, 94, 67, 208, 160, 76, 123, 67, 109, 120,
       56, 222, 236, 188, 253, 152, 194, 128, 135, 54, 190, 83, 23, 252,
       16, 43, 75, 2, 106, 156, 2, 220, 63, 191, 91, 199, 187, 242, 158,
       84, 196, 39, 124, 223, 38, 65, 238, 59, 179, 209, 51, 137, 58,
       253, 111, 35, 222, 195, 145, 8, 165, 251, 182, 17, 255, 204, 10,
       194, 157, 97, 132, 196, 247, 178, 81, 255, 39, 106, 110, 181, 187,
       162, 57, 135, 50, 202, 83, 171, 234, 139, 185, 170, 36, 114, 145,
       63, 61, 197, 174, 7, 143, 125, 76, 224, 24, 70, 81, 56, 245, 35,
       254, 125, 18, 235, 193, 122, 189, 72, 57, 8, 239, 44, 28, 250, 33,
       253, 214, 94, 238, 55, 162, 34, 63, 176, 180, 190, 163, 245, 213,
       99, 131, 91, 39, 229, 109, 246, 224, 213, 141, 104, 232, 162, 239,
       196, 172, 241, 33, 19, 212, 107, 159, 246, 162, 74, 63, 176, 160,
       190, 163, 160, 215, 103, 193, 91, 38, 245, 236, 82, 104, 193, 169,
       40, 216, 227, 111, 145, 160, 243, 37, 107, 188, 237, 114, 235,
       253, 159, 214, 253, 85, 44, 245, 27, 107, 89, 62, 213, 120, 252,
       207, 122, 254, 191, 121, 191, 255, 233, 165, 113, 119, 143, 254,
       194, 42, 239, 170, 186, 119, 211, 187, 198, 159, 69, 85, 163, 44,
       204, 54, 0, 250, 171, 151, 213, 54, 186, 110, 255, 119, 87, 142,
       235, 85, 30, 188, 222, 98, 227, 208, 161, 108, 137, 232, 205, 175,
       53, 177, 221, 143, 139, 92, 2, 139, 129, 111, 149, 2, 35, 218,
       209, 140, 208, 27, 126, 94, 142, 203, 130, 190, 11, 110, 190, 79,
       243, 219, 65, 132, 68, 221, 131, 97, 237, 51, 72, 120, 176, 147,
       231, 8, 163, 34, 136, 83, 99, 224, 153, 247, 239, 116, 242, 121,
       64, 146, 228, 13, 28, 78, 72, 233, 130, 170, 9, 111, 171, 21, 218,
       232, 197, 253, 66, 76, 39, 211, 162, 147, 253, 198, 25, 74, 127,
       90, 2, 252, 125, 31, 116, 186, 235, 87, 176, 184, 170, 166, 56,
       215, 119, 1, 51, 34, 244, 125, 106, 97, 213, 136, 46, 241, 171,
       101, 48, 96, 249, 6, 35, 65, 189, 191, 117, 36, 238, 109, 55, 104,
       232, 106, 72, 182, 57, 16, 51, 128, 38, 121, 13, 209, 248, 241,
       12, 205, 190, 116, 16, 72, 64, 211, 106, 250, 108, 114, 238, 29,
       119, 210, 232, 215, 166, 186, 11, 107, 220, 55, 213, 249, 253,
       223, 227, 108, 231, 152, 191, 179, 223, 129, 63, 103, 127, 124,
       78, 212, 156, 156, 190, 169, 108, 20, 174, 190, 186, 138, 125,
       255, 243, 73, 91, 133, 119, 237, 0, 46, 77, 155, 49, 219, 243,
       127, 191, 136, 96, 141, 27, 248, 185, 120, 248, 57, 201, 91, 246,
       179, 21, 180, 57, 63, 159, 64, 19, 139, 251, 221, 64, 106, 111,
       242, 183, 251, 217, 20, 121, 98, 128, 206, 123, 120, 249, 248,
       102, 61, 220, 223, 188, 162, 13, 189, 8, 187, 221, 218, 50, 46,
       209, 221, 218, 202, 43, 250, 161, 251, 205, 36, 249, 103, 146,
       206, 43, 89, 241, 88, 225, 6, 26, 118, 222, 97, 113, 182, 230, 31,
       18, 200, 246, 115, 205, 28, 252, 201, 242, 245, 192, 190, 233, 54,
       134, 47, 153, 235, 45, 255, 21, 238, 231, 183, 126, 95, 125, 125,
       231, 255, 155, 75, 125, 158, 255, 127, 215, 159, 191, 252, 242,
       125, 206, 255, 239, 239, 213, 231, 254, 252, 115, 125, 65, 193,
       193, 130, 90, 108, 20, 101, 225, 246, 242, 219, 35, 152, 230, 126,
       212, 238, 248, 89, 180, 101, 192, 190, 232, 230, 196, 239, 178,
       160, 36, 49, 70, 109, 47, 68, 11, 227, 120, 117, 66, 251, 70, 115,
       73, 159, 48, 120, 136, 70, 111, 236, 182, 77, 31, 212, 143, 226,
       0, 117, 187, 114, 168, 246, 33, 247, 174, 13, 101, 214, 73, 143,
       146, 251, 3, 110, 222, 109, 91, 248, 253, 239, 227, 78, 119, 155,
       219, 155, 242, 203, 63, 81, 127, 101, 134, 181, 230, 90, 75, 84,
       31, 98, 248, 117, 32, 227, 78, 83, 64, 188, 113, 120, 140, 6, 106,
