%YAML:1.0
---
descriptors: !!opencv-matrix
   rows: 258
   cols: 32
   dt: u
   data: [ 126, 180, 229, 68, 219, 87, 213, 233, 187, 246, 173, 159, 74,
       252, 95, 182, 185, 213, 249, 177, 189, 99, 255, 202, 59, 94, 197,
       63, 231, 102, 118, 119, 83, 232, 131, 186, 155, 205, 24, 198, 175,
       81, 128, 201, 174, 150, 64, 222, 167, 231, 252, 149, 31, 75, 146,
       241, 185, 246, 30, 122, 136, 4, 163, 94, 96, 176, 121, 97, 84,
       223, 80, 33, 104, 32, 100, 8, 18, 19, 4, 48, 144, 60, 80, 40, 11,
       184, 240, 13, 199, 237, 1, 51, 64, 34, 70, 170, 44, 253, 243, 223,
       245, 70, 111, 220, 83, 170, 124, 74, 24, 247, 229, 244, 123, 254,
       6, 218, 123, 242, 184, 234, 127, 188, 165, 108, 167, 251, 242,
       169, 198, 46, 102, 158, 171, 178, 188, 235, 159, 150, 209, 183,
       236, 238, 39, 207, 247, 111, 191, 167, 54, 69, 234, 223, 182, 114,
       223, 191, 150, 125, 181, 215, 86, 206, 198, 151, 210, 162, 62,
       238, 187, 151, 82, 247, 109, 239, 251, 77, 119, 239, 191, 247,
       182, 221, 14, 255, 120, 38, 255, 197, 167, 245, 181, 89, 46, 245,
       6, 146, 205, 93, 166, 237, 154, 51, 21, 155, 76, 252, 120, 135,
       185, 91, 211, 99, 115, 115, 154, 241, 61, 83, 93, 111, 95, 94,
       159, 178, 88, 161, 158, 117, 41, 232, 81, 55, 230, 157, 174, 8,
       182, 179, 64, 122, 128, 54, 108, 8, 18, 105, 131, 1, 201, 241,
       112, 81, 2, 64, 139, 42, 139, 252, 48, 251, 125, 253, 250, 214,
       95, 87, 221, 18, 169, 157, 118, 172, 205, 122, 251, 217, 182, 188,
       251, 247, 79, 217, 154, 105, 215, 207, 221, 202, 165, 236, 241,
       70, 220, 99, 199, 254, 83, 162, 124, 74, 83, 117, 149, 180, 89,
       222, 6, 106, 233, 246, 124, 46, 127, 142, 165, 52, 231, 251, 214,
       160, 33, 125, 107, 77, 84, 134, 239, 124, 64, 72, 124, 70, 49, 93,
       180, 48, 124, 168, 22, 239, 201, 178, 52, 31, 103, 44, 160, 128,
       127, 155, 114, 241, 150, 222, 134, 179, 131, 38, 124, 199, 61, 31,
       218, 215, 12, 47, 32, 219, 237, 215, 167, 148, 60, 222, 17, 226,
       187, 242, 222, 199, 171, 85, 175, 219, 112, 250, 91, 96, 114, 141,
       113, 118, 40, 4, 108, 8, 55, 147, 0, 16, 38, 185, 72, 64, 66, 186,
       144, 61, 241, 161, 0, 72, 96, 144, 7, 42, 206, 184, 159, 248, 137,
       253, 16, 67, 191, 27, 165, 24, 172, 254, 96, 255, 201, 179, 234,
       16, 54, 111, 242, 226, 155, 243, 94, 123, 210, 65, 175, 6, 254,
       77, 234, 47, 145, 91, 70, 172, 117, 230, 238, 137, 107, 109, 31,
       244, 89, 230, 236, 226, 236, 179, 125, 174, 251, 231, 133, 17,
       103, 126, 222, 94, 96, 164, 248, 82, 248, 233, 81, 79, 187, 63,
       45, 56, 22, 151, 72, 26, 129, 26, 68, 24, 58, 111, 234, 18, 75,
       157, 53, 127, 194, 72, 198, 163, 118, 239, 251, 90, 235, 121, 183,
       206, 251, 31, 252, 171, 76, 255, 111, 184, 191, 215, 239, 242, 86,
       99, 170, 242, 59, 231, 103, 255, 197, 115, 167, 235, 46, 208, 189,
       154, 253, 221, 176, 200, 159, 121, 181, 26, 140, 220, 108, 9, 201,
       17, 219, 17, 19, 111, 90, 213, 29, 82, 83, 127, 209, 9, 221, 147,
       161, 66, 117, 69, 100, 10, 229, 53, 117, 226, 114, 66, 243, 0,
       149, 229, 122, 188, 38, 170, 233, 244, 101, 76, 4, 42, 112, 0,
       111, 184, 80, 172, 130, 90, 14, 153, 98, 133, 56, 70, 190, 13, 66,
       183, 164, 194, 39, 72, 230, 43, 51, 213, 70, 156, 18, 251, 68, 54,
       154, 139, 24, 20, 41, 155, 49, 159, 98, 15, 214, 155, 238, 117,
       116, 64, 122, 103, 99, 232, 190, 132, 122, 170, 22, 237, 212, 186,
       4, 255, 44, 44, 166, 64, 125, 142, 248, 140, 203, 227, 251, 236,
       108, 20, 124, 93, 239, 88, 18, 69, 157, 207, 124, 226, 230, 53,
       127, 205, 199, 1, 178, 209, 87, 249, 171, 172, 30, 178, 227, 217,
       49, 133, 67, 71, 84, 27, 230, 101, 124, 105, 251, 94, 211, 56,
       156, 164, 120, 142, 86, 172, 253, 186, 101, 207, 54, 44, 34, 64,
       111, 142, 250, 132, 90, 249, 159, 186, 170, 192, 29, 164, 174, 85,
       134, 161, 252, 246, 106, 83, 167, 115, 253, 209, 74, 75, 186, 117,
       249, 225, 94, 251, 0, 18, 167, 123, 125, 177, 156, 238, 75, 85,
       18, 248, 143, 115, 165, 8, 222, 247, 104, 247, 223, 209, 254, 226,
       107, 67, 219, 209, 147, 219, 75, 62, 26, 107, 43, 179, 60, 221,
       122, 234, 83, 197, 87, 246, 167, 4, 236, 4, 63, 255, 33, 112, 230,
       251, 147, 210, 74, 43, 24, 127, 251, 237, 6, 107, 51, 82, 39, 187,
       102, 121, 244, 102, 233, 88, 84, 200, 171, 189, 189, 41, 14, 159,
       71, 26, 138, 255, 229, 82, 74, 99, 250, 224, 27, 216, 69, 187,
       194, 119, 198, 215, 238, 244, 165, 218, 255, 117, 158, 249, 155,
       251, 189, 127, 76, 252, 127, 175, 189, 211, 255, 179, 183, 99,
       186, 243, 59, 95, 205, 255, 223, 126, 159, 215, 57, 95, 119, 110,
       230, 46, 223, 119, 65, 206, 120, 111, 43, 61, 135, 31, 174, 211,
       149, 34, 237, 178, 33, 234, 50, 223, 100, 130, 111, 250, 230, 221,
       244, 112, 187, 226, 76, 109, 83, 216, 170, 250, 177, 24, 23, 157,
       73, 58, 173, 213, 125, 82, 11, 103, 250, 2, 217, 201, 37, 60, 224,
       123, 7, 51, 10, 200, 152, 153, 21, 249, 50, 206, 30, 7, 76, 3,
       172, 155, 39, 200, 193, 59, 171, 0, 6, 24, 83, 255, 231, 119, 26,
       35, 146, 93, 141, 138, 19, 86, 107, 205, 118, 147, 255, 116, 108,
       76, 222, 231, 121, 12, 150, 32, 126, 185, 151, 239, 205, 179, 37,
       207, 118, 109, 170, 128, 109, 150, 119, 253, 254, 117, 116, 66,
       233, 93, 215, 253, 233, 252, 189, 8, 10, 221, 95, 183, 140, 208,
       215, 106, 200, 99, 186, 192, 115, 217, 69, 63, 67, 254, 206, 247,
       32, 41, 233, 119, 68, 239, 99, 80, 86, 232, 113, 9, 51, 141, 81,
       24, 24, 248, 7, 78, 137, 178, 124, 56, 69, 140, 33, 32, 113, 251,
       86, 248, 69, 141, 13, 247, 148, 46, 239, 179, 116, 51, 75, 80,
       215, 97, 24, 99, 5, 70, 120, 47, 185, 248, 221, 45, 237, 174, 235,
       68, 140, 235, 209, 32, 29, 105, 135, 183, 131, 110, 45, 246, 34,
       250, 26, 195, 223, 39, 65, 139, 33, 103, 125, 143, 65, 217, 153,
       40, 173, 198, 127, 180, 232, 123, 3, 248, 79, 152, 124, 97, 44,
       182, 90, 184, 239, 120, 183, 69, 223, 31, 23, 251, 135, 149, 253,
       247, 135, 69, 91, 213, 203, 219, 75, 246, 30, 167, 11, 21, 54,
       248, 153, 250, 235, 193, 23, 228, 159, 19, 105, 0, 62, 255, 108,
       88, 203, 251, 147, 82, 90, 26, 90, 241, 219, 150, 31, 107, 144,
       27, 167, 170, 75, 50, 156, 190, 108, 44, 152, 29, 171, 91, 149,
       125, 252, 251, 94, 154, 134, 19, 253, 5, 135, 71, 210, 193, 214,
       255, 122, 186, 156, 68, 139, 27, 156, 143, 172, 187, 184, 20, 159,
       191, 22, 31, 220, 181, 249, 111, 154, 65, 221, 219, 157, 149, 190,
       74, 79, 55, 234, 207, 254, 221, 149, 214, 174, 219, 32, 21, 123,
       104, 176, 235, 195, 119, 196, 0, 248, 64, 243, 220, 164, 32, 92,
       186, 6, 120, 153, 187, 124, 31, 105, 141, 33, 64, 113, 138, 228,
       168, 215, 213, 253, 255, 172, 118, 95, 188, 159, 254, 159, 22,
       253, 127, 59, 107, 255, 215, 63, 239, 233, 71, 251, 255, 251, 251,
       255, 148, 60, 241, 160, 123, 109, 189, 237, 117, 172, 111, 205,
       191, 115, 255, 190, 24, 211, 125, 212, 59, 89, 198, 125, 45, 185,
       250, 255, 42, 239, 255, 245, 180, 205, 248, 214, 120, 180, 101,
       253, 255, 140, 103, 79, 191, 86, 242, 189, 26, 211, 127, 89, 59,
       89, 214, 127, 186, 121, 103, 251, 58, 251, 207, 229, 60, 177, 249,
       214, 162, 87, 147, 110, 11, 242, 146, 110, 57, 45, 224, 215, 230,
       81, 99, 158, 244, 118, 165, 95, 252, 241, 153, 45, 93, 62, 45,
       175, 196, 45, 130, 171, 53, 203, 97, 59, 239, 108, 4, 254, 93,
       233, 74, 29, 69, 157, 159, 117, 115, 230, 29, 95, 239, 195, 7,
       154, 225, 119, 249, 186, 168, 30, 210, 235, 155, 66, 187, 158,
       178, 168, 161, 20, 199, 175, 59, 128, 125, 172, 179, 96, 91, 199,
       91, 239, 17, 50, 75, 194, 241, 152, 150, 94, 251, 144, 80, 171,
       11, 77, 213, 45, 45, 160, 14, 239, 189, 56, 90, 118, 213, 213,
       119, 26, 113, 151, 85, 117, 111, 241, 208, 121, 61, 229, 171, 111,
