%YAML:1.0
---
descriptors: !!opencv-matrix
   rows: 180
   cols: 32
   dt: u
   data: [ 246, 75, 102, 174, 7, 18, 78, 224, 229, 4, 242, 2, 99, 106,
       61, 199, 120, 196, 108, 239, 108, 163, 13, 173, 179, 234, 198, 17,
       39, 191, 244, 12, 89, 13, 223, 237, 86, 42, 111, 50, 116, 130,
       110, 66, 115, 51, 177, 97, 122, 236, 54, 238, 233, 248, 69, 238,
       244, 175, 230, 0, 45, 249, 112, 32, 77, 177, 189, 101, 37, 94, 97,
       24, 106, 232, 39, 12, 222, 81, 73, 50, 144, 4, 120, 120, 129, 240,
       241, 0, 207, 249, 1, 22, 74, 34, 67, 34, 111, 178, 244, 112, 233,
       253, 216, 27, 203, 249, 181, 253, 142, 157, 222, 191, 143, 31,
       221, 21, 158, 98, 250, 144, 207, 217, 53, 255, 198, 204, 94, 247,
       207, 112, 244, 101, 35, 28, 124, 16, 41, 250, 22, 189, 223, 63,
       215, 255, 134, 213, 253, 238, 196, 84, 245, 192, 199, 251, 117,
       130, 38, 181, 15, 119, 247, 72, 79, 252, 14, 2, 77, 48, 249, 50,
       179, 90, 91, 11, 149, 91, 98, 197, 125, 238, 232, 199, 205, 204,
       210, 234, 227, 144, 45, 177, 112, 0, 41, 221, 83, 111, 180, 159,
       98, 190, 117, 73, 122, 76, 251, 113, 144, 240, 220, 238, 76, 124,
       189, 184, 89, 63, 238, 253, 36, 80, 234, 138, 202, 25, 41, 177,
       52, 203, 253, 253, 245, 191, 95, 125, 53, 28, 142, 112, 206, 164,
       151, 10, 254, 28, 183, 120, 123, 151, 207, 221, 21, 126, 218, 140,
       201, 215, 183, 164, 237, 239, 157, 39, 74, 153, 87, 179, 249, 90,
       83, 121, 28, 57, 217, 220, 53, 187, 187, 246, 95, 159, 139, 254,
       197, 116, 253, 235, 208, 0, 146, 119, 99, 71, 82, 66, 175, 120,
       49, 132, 242, 226, 73, 7, 141, 149, 126, 221, 195, 238, 97, 150,
       165, 78, 52, 44, 139, 130, 103, 163, 39, 245, 180, 236, 213, 243,
       221, 47, 74, 152, 83, 187, 49, 90, 67, 105, 93, 27, 217, 204, 36,
       122, 42, 118, 219, 178, 143, 219, 197, 116, 251, 251, 80, 128,
       198, 167, 180, 190, 188, 161, 190, 175, 154, 179, 25, 210, 236,
       234, 124, 66, 151, 119, 123, 155, 178, 77, 142, 243, 172, 30, 223,
       254, 148, 113, 145, 9, 196, 172, 133, 147, 150, 168, 38, 135, 58,
       19, 75, 82, 228, 226, 72, 74, 97, 238, 42, 144, 50, 92, 203, 227,
       172, 38, 223, 68, 128, 115, 161, 8, 37, 52, 119, 69, 116, 15, 235,
       58, 125, 72, 126, 68, 211, 49, 148, 52, 26, 76, 86, 44, 161, 176,
       117, 76, 38, 158, 32, 0, 75, 170, 66, 165, 253, 97, 236, 106, 142,
       19, 198, 200, 66, 242, 181, 170, 83, 72, 219, 43, 121, 196, 125,
       242, 236, 103, 223, 48, 250, 201, 229, 61, 125, 251, 122, 2, 67,
       191, 91, 225, 178, 142, 190, 55, 60, 96, 90, 228, 189, 182, 132,
       112, 38, 127, 95, 204, 209, 152, 181, 111, 172, 189, 46, 128, 12,
       192, 131, 57, 125, 247, 149, 236, 172, 15, 94, 248, 59, 186, 184,
       108, 223, 123, 73, 146, 221, 213, 124, 106, 233, 99, 219, 187,
       185, 223, 111, 190, 88, 123, 131, 1, 164, 140, 215, 158, 252, 171,
       198, 175, 223, 131, 104, 88, 230, 224, 36, 201, 211, 107, 106, 43,
       48, 109, 74, 255, 172, 182, 87, 24, 212, 121, 193, 136, 238, 199,
       237, 191, 172, 82, 95, 189, 151, 255, 151, 179, 201, 239, 218, 75,
       93, 199, 255, 247, 122, 71, 239, 179, 238, 247, 255, 253, 183,
       255, 180, 81, 230, 227, 233, 2, 252, 73, 207, 200, 66, 245, 177,
       187, 67, 104, 223, 18, 89, 204, 71, 119, 254, 102, 239, 50, 124,
       9, 165, 253, 245, 191, 214, 196, 121, 177, 154, 167, 53, 157, 90,
       93, 107, 233, 255, 76, 191, 186, 90, 176, 180, 207, 124, 28, 143,
       250, 217, 161, 191, 221, 52, 248, 202, 130, 234, 25, 1, 89, 119,
       69, 52, 143, 235, 54, 109, 136, 122, 68, 154, 49, 148, 36, 182,
       38, 126, 108, 129, 184, 49, 78, 36, 190, 34, 128, 72, 136, 67,
       173, 126, 101, 234, 174, 223, 82, 94, 200, 17, 196, 204, 167, 75,
       230, 187, 84, 122, 204, 129, 247, 108, 131, 188, 138, 178, 101,
       143, 45, 183, 247, 62, 86, 203, 112, 244, 117, 35, 28, 121, 17,
       169, 248, 54, 189, 159, 31, 214, 127, 134, 149, 253, 12, 132, 68,
       231, 192, 199, 249, 112, 139, 38, 164, 7, 119, 81, 13, 206, 213,
       212, 138, 111, 39, 117, 130, 110, 2, 115, 35, 177, 113, 122, 238,
       34, 238, 40, 248, 197, 238, 102, 239, 198, 0, 231, 248, 240, 168,
       242, 184, 239, 240, 143, 253, 145, 135, 187, 87, 150, 191, 170,
       188, 86, 10, 205, 179, 251, 145, 159, 111, 242, 227, 95, 119, 220,
       251, 197, 76, 150, 127, 246, 75, 102, 142, 14, 2, 70, 232, 229, 6,
       178, 7, 99, 72, 61, 87, 104, 196, 108, 227, 108, 231, 93, 237,
       176, 170, 199, 23, 37, 59, 112, 14, 34, 165, 217, 155, 252, 233,
       169, 143, 30, 51, 49, 184, 156, 226, 200, 10, 15, 27, 106, 17, 51,
       88, 207, 211, 12, 18, 63, 124, 156, 72, 131, 160, 77, 113, 49, 69,
       53, 14, 99, 24, 105, 232, 55, 76, 222, 81, 89, 52, 144, 12, 92,
       110, 193, 176, 241, 12, 199, 185, 33, 4, 74, 162, 67, 35, 129,
       166, 221, 241, 236, 169, 249, 159, 126, 51, 49, 252, 157, 161,
       216, 43, 167, 11, 110, 28, 179, 124, 235, 211, 204, 154, 127, 228,
       156, 200, 129, 161, 99, 77, 78, 94, 213, 191, 110, 135, 221, 1,
       110, 8, 98, 168, 183, 245, 89, 226, 2, 124, 229, 186, 116, 175,
       54, 63, 132, 1, 219, 220, 248, 12, 253, 65, 94, 238, 15, 94, 95,
       56, 181, 130, 247, 138, 95, 119, 43, 243, 118, 213, 253, 234, 105,
       199, 123, 140, 243, 235, 199, 29, 34, 187, 44, 96, 13, 177, 48,
       195, 253, 125, 241, 217, 127, 125, 61, 63, 206, 124, 222, 172,
       191, 139, 254, 60, 150, 112, 251, 214, 223, 221, 17, 119, 198,
       143, 205, 215, 252, 96, 186, 116, 77, 45, 84, 216, 227, 190, 164,
       24, 94, 217, 67, 27, 169, 245, 109, 82, 12, 103, 154, 128, 211,
       217, 85, 63, 227, 121, 70, 2, 69, 36, 155, 229, 224, 46, 104, 17,
       58, 187, 107, 80, 213, 51, 73, 122, 183, 93, 124, 60, 17, 208,
       217, 66, 207, 175, 103, 68, 136, 227, 75, 129, 66, 189, 149, 209,
       201, 100, 181, 135, 174, 189, 10, 48, 156, 183, 72, 78, 133, 87,
       251, 208, 19, 88, 155, 96, 109, 50, 222, 70, 128, 80, 133, 187,
       17, 79, 222, 245, 148, 134, 110, 231, 252, 128, 110, 66, 121, 227,
       48, 82, 98, 230, 42, 204, 112, 153, 5, 238, 254, 239, 166, 0, 33,
       240, 233, 8, 38, 253, 17, 170, 217, 141, 162, 238, 158, 9, 248,
       74, 164, 210, 104, 128, 217, 59, 3, 81, 83, 42, 90, 253, 184, 148,
       15, 126, 216, 10, 129, 137, 247, 4, 223, 246, 110, 40, 109, 18,
       249, 146, 179, 218, 223, 171, 213, 123, 107, 229, 127, 142, 40,
       71, 199, 194, 212, 186, 251, 152, 165, 241, 99, 32, 244, 98, 190,
       84, 77, 13, 85, 64, 235, 190, 180, 24, 10, 217, 69, 27, 137, 244,
       99, 90, 104, 103, 138, 0, 83, 219, 85, 63, 195, 249, 70, 162, 93,
       52, 147, 225, 178, 46, 104, 19, 58, 179, 107, 80, 223, 51, 72,
       250, 183, 31, 60, 56, 17, 208, 153, 2, 140, 237, 63, 68, 168, 226,
       171, 161, 47, 165, 240, 195, 253, 127, 248, 73, 127, 245, 189, 27,
       206, 60, 222, 190, 191, 141, 223, 63, 150, 112, 249, 210, 159,
       221, 7, 119, 199, 207, 223, 230, 132, 175, 133, 181, 222, 170, 39,
       175, 190, 179, 8, 210, 245, 227, 200, 65, 113, 110, 42, 186, 50,
       92, 142, 255, 172, 134, 175, 108, 168, 113, 161, 128, 4, 140, 150,
       158, 188, 43, 166, 238, 222, 179, 250, 80, 238, 224, 41, 207, 211,
       103, 106, 40, 48, 235, 11, 255, 168, 182, 87, 28, 208, 120, 225,
       161, 121, 201, 55, 39, 53, 15, 71, 176, 229, 104, 186, 72, 255,
       113, 16, 176, 144, 228, 92, 110, 205, 169, 121, 61, 163, 255, 97,
       80, 98, 171, 66, 105, 244, 66, 206, 148, 78, 10, 229, 40, 249,
       150, 178, 31, 66, 104, 31, 91, 104, 228, 110, 235, 104, 103, 223,
       200, 148, 34, 207, 21, 45, 57, 112, 4, 6, 164, 221, 147, 254, 233,
       169, 75, 158, 49, 49, 154, 157, 226, 72, 11, 43, 11, 106, 17, 51,
       120, 207, 208, 140, 18, 95, 125, 148, 72, 131, 160, 93, 97, 115,
       69, 52, 30, 99, 56, 105, 232, 127, 76, 222, 17, 149, 180, 176, 12,
       68, 110, 193, 176, 177, 12, 182, 252, 33, 4, 106, 163, 67, 37, 77,
