%YAML:1.0
---
descriptors: !!opencv-matrix
   rows: 341
   cols: 32
   dt: u
   data: [ 254, 126, 138, 246, 188, 98, 95, 157, 19, 174, 150, 183, 109,
       255, 249, 73, 215, 247, 189, 131, 40, 67, 136, 170, 242, 247, 255,
       187, 174, 249, 180, 51, 71, 71, 70, 69, 178, 26, 110, 184, 109,
       224, 79, 228, 193, 98, 159, 228, 54, 68, 122, 238, 197, 144, 173,
       76, 38, 62, 7, 132, 46, 183, 169, 69, 60, 52, 248, 227, 253, 119,
       82, 216, 71, 177, 189, 26, 91, 93, 75, 168, 93, 152, 151, 186,
       154, 98, 123, 178, 95, 221, 1, 127, 247, 203, 92, 18, 72, 49, 218,
       229, 168, 44, 125, 23, 175, 201, 254, 68, 159, 167, 65, 90, 230,
       183, 127, 156, 153, 137, 211, 192, 223, 255, 182, 152, 138, 224,
       35, 57, 45, 253, 237, 71, 221, 119, 79, 191, 83, 250, 140, 12, 91,
       125, 23, 51, 93, 206, 117, 238, 249, 250, 253, 190, 111, 207, 229,
       52, 175, 242, 210, 250, 110, 112, 162, 172, 77, 141, 152, 72, 143,
       172, 176, 15, 142, 204, 119, 2, 204, 189, 251, 21, 138, 39, 210,
       208, 209, 113, 11, 59, 81, 46, 87, 210, 108, 244, 61, 250, 13,
       109, 85, 248, 195, 119, 173, 9, 119, 253, 73, 26, 153, 210, 233,
       2, 74, 99, 218, 17, 219, 215, 69, 61, 82, 122, 86, 98, 23, 252,
       184, 90, 155, 245, 26, 200, 247, 95, 141, 19, 108, 254, 111, 124,
       245, 219, 159, 150, 182, 69, 58, 243, 187, 95, 159, 239, 178, 87,
       173, 71, 181, 109, 206, 189, 156, 34, 70, 236, 247, 160, 235, 134,
       67, 227, 179, 87, 121, 236, 104, 254, 110, 247, 143, 15, 184, 230,
       135, 20, 173, 251, 120, 4, 191, 253, 237, 69, 222, 23, 223, 188,
       83, 226, 244, 206, 121, 109, 159, 37, 31, 222, 179, 110, 229, 246,
       253, 174, 127, 11, 101, 148, 111, 253, 212, 249, 130, 158, 186,
       155, 19, 173, 190, 206, 31, 7, 68, 135, 172, 199, 39, 68, 255, 59,
       131, 0, 34, 156, 26, 255, 101, 182, 26, 35, 146, 92, 45, 155, 4,
       197, 63, 254, 254, 199, 191, 232, 254, 0, 251, 2, 252, 255, 45,
       64, 250, 121, 43, 227, 98, 163, 10, 223, 117, 190, 7, 10, 81, 123,
       165, 163, 22, 239, 200, 137, 158, 67, 190, 234, 30, 160, 216, 226,
       65, 204, 245, 0, 127, 217, 127, 241, 111, 115, 79, 223, 60, 6,
       175, 173, 181, 248, 61, 129, 6, 130, 150, 218, 27, 197, 152, 104,
       158, 149, 129, 3, 236, 207, 100, 73, 246, 49, 235, 208, 18, 75,
       138, 221, 155, 176, 75, 123, 144, 11, 37, 3, 253, 229, 121, 231,
       68, 30, 78, 248, 97, 234, 191, 74, 91, 107, 93, 183, 60, 197, 124,
       238, 201, 115, 249, 232, 179, 249, 197, 52, 107, 179, 106, 36,
       232, 253, 189, 113, 185, 77, 81, 158, 98, 252, 36, 8, 182, 53, 65,
       59, 129, 94, 121, 88, 123, 120, 243, 48, 239, 153, 85, 112, 192,
       81, 70, 122, 252, 187, 22, 56, 185, 157, 86, 217, 171, 28, 180,
       93, 111, 203, 75, 146, 165, 195, 236, 118, 78, 103, 154, 51, 251,
       217, 37, 127, 74, 5, 238, 67, 5, 167, 223, 227, 188, 34, 239, 216,
       127, 224, 255, 100, 221, 122, 153, 32, 127, 207, 126, 254, 147,
       240, 239, 235, 172, 255, 175, 196, 205, 243, 227, 161, 34, 111,
       97, 165, 124, 155, 236, 103, 93, 228, 248, 239, 171, 44, 151, 132,
       78, 173, 215, 133, 204, 186, 229, 206, 54, 92, 190, 163, 101, 140,
       94, 221, 196, 164, 153, 244, 232, 104, 81, 26, 186, 191, 163, 56,
       214, 231, 64, 91, 131, 215, 108, 24, 50, 111, 203, 66, 219, 187,
       119, 125, 128, 224, 71, 43, 120, 177, 53, 248, 157, 221, 81, 203,
       131, 245, 164, 8, 158, 223, 72, 191, 137, 144, 253, 16, 27, 107,
       250, 149, 219, 209, 85, 127, 210, 12, 70, 122, 80, 120, 59, 232,
       79, 201, 179, 64, 172, 64, 250, 40, 190, 223, 97, 48, 234, 177,
       95, 66, 65, 43, 146, 125, 209, 177, 10, 27, 72, 3, 39, 59, 2, 216,
       14, 188, 77, 133, 184, 198, 142, 85, 84, 135, 172, 202, 102, 64,
       232, 43, 187, 197, 70, 11, 82, 241, 86, 81, 154, 171, 28, 28, 57,
       222, 214, 94, 38, 158, 239, 187, 246, 238, 191, 174, 222, 47, 108,
       248, 119, 195, 235, 231, 255, 227, 172, 231, 143, 251, 182, 82,
       143, 187, 29, 127, 61, 15, 45, 109, 226, 239, 222, 185, 231, 212,
       102, 226, 255, 206, 251, 233, 153, 226, 121, 238, 110, 223, 147,
       250, 253, 239, 126, 239, 167, 4, 239, 251, 240, 160, 9, 24, 23,
       241, 52, 190, 104, 19, 125, 89, 111, 84, 191, 19, 128, 252, 167,
       63, 126, 28, 147, 156, 113, 199, 199, 255, 18, 64, 138, 136, 1,
       57, 221, 207, 110, 251, 222, 147, 239, 253, 86, 228, 223, 214,
       209, 227, 218, 99, 121, 238, 127, 238, 251, 218, 239, 255, 126,
       233, 175, 232, 63, 251, 248, 240, 137, 114, 29, 233, 44, 15, 105,
       17, 108, 121, 247, 84, 159, 19, 24, 249, 76, 140, 126, 220, 137,
       180, 241, 208, 197, 249, 178, 68, 74, 128, 96, 176, 186, 78, 228,
       215, 29, 118, 224, 104, 215, 183, 247, 18, 66, 120, 23, 239, 248,
       230, 233, 225, 172, 231, 105, 191, 59, 235, 213, 83, 103, 61, 92,
       206, 35, 232, 55, 217, 77, 213, 176, 198, 223, 17, 80, 66, 172,
       220, 52, 173, 200, 59, 162, 65, 199, 122, 118, 245, 7, 80, 154,
       107, 83, 12, 61, 204, 88, 78, 172, 173, 8, 30, 91, 62, 22, 238,
       254, 167, 247, 110, 147, 66, 93, 229, 237, 229, 204, 165, 103, 62,
       210, 231, 255, 145, 113, 250, 12, 75, 147, 20, 231, 149, 134, 50,
       172, 119, 124, 198, 82, 214, 9, 42, 183, 237, 127, 199, 59, 173,
       181, 220, 53, 202, 148, 46, 218, 128, 173, 244, 185, 220, 214, 94,
       219, 174, 174, 96, 31, 154, 143, 206, 159, 247, 236, 247, 227, 66,
       199, 103, 191, 246, 40, 5, 75, 226, 248, 245, 175, 159, 154, 255,
       37, 115, 137, 208, 229, 183, 52, 15, 109, 57, 86, 98, 247, 214,
       243, 96, 154, 97, 62, 204, 126, 110, 237, 252, 125, 63, 228, 139,
       231, 144, 125, 168, 208, 216, 121, 168, 245, 85, 20, 107, 193, 59,
       82, 225, 50, 88, 115, 56, 144, 185, 17, 246, 116, 40, 185, 252,
       109, 31, 9, 142, 117, 116, 227, 168, 70, 37, 91, 14, 198, 181,
       130, 58, 188, 23, 60, 215, 18, 247, 141, 38, 210, 203, 39, 71,
       255, 149, 180, 221, 135, 194, 204, 99, 254, 193, 174, 244, 169,
       93, 236, 156, 156, 187, 252, 111, 53, 207, 126, 51, 225, 24, 222,
       243, 104, 91, 235, 223, 123, 19, 51, 127, 219, 242, 253, 178, 95,
       44, 144, 89, 167, 130, 33, 163, 122, 97, 240, 15, 111, 113, 113,
       13, 125, 72, 19, 49, 144, 48, 52, 26, 6, 124, 144, 184, 161, 94,
       111, 157, 36, 68, 194, 130, 194, 161, 1, 135, 104, 139, 180, 175,
       235, 55, 124, 45, 90, 231, 243, 40, 154, 0, 55, 42, 23, 61, 150,
       184, 5, 127, 44, 29, 34, 192, 220, 206, 209, 205, 60, 121, 88, 97,
       185, 205, 83, 216, 7, 160, 173, 8, 19, 159, 73, 16, 216, 216, 213,
       240, 10, 34, 88, 48, 251, 205, 165, 125, 243, 155, 70, 178, 53,
       13, 216, 171, 212, 171, 110, 255, 86, 225, 124, 238, 115, 200,
       190, 112, 123, 238, 6, 156, 207, 186, 197, 62, 126, 173, 167, 160,
       253, 219, 250, 136, 212, 75, 109, 239, 38, 14, 111, 184, 36, 166,
       87, 198, 247, 103, 153, 83, 118, 228, 45, 110, 232, 180, 109, 44,
       246, 235, 229, 148, 36, 187, 212, 97, 76, 26, 193, 197, 116, 162,
       235, 18, 118, 224, 254, 230, 217, 7, 145, 220, 126, 236, 174, 222,
       137, 210, 229, 236, 204, 191, 171, 132, 167, 229, 101, 113, 215,
       92, 199, 150, 2, 38, 143, 112, 184, 194, 195, 214, 93, 230, 55,
       111, 119, 229, 57, 239, 233, 199, 190, 238, 144, 42, 203, 0, 45,
       245, 49, 116, 207, 237, 168, 179, 236, 60, 255, 151, 249, 219, 31,
       21, 220, 248, 223, 110, 135, 71, 125, 31, 247, 92, 255, 226, 238,
       127, 126, 200, 142, 247, 153, 93, 182, 104, 146, 154, 77, 247,
       210, 200, 95, 142, 241, 27, 10, 216, 101, 156, 248, 249, 134, 243,
       12, 55, 10, 242, 147, 148, 131, 47, 211, 63, 126, 134, 26, 149,
       19, 248, 219, 240, 17, 99, 189, 81, 200, 50, 44, 182, 36, 244,
       226, 187, 147, 128, 19, 11, 50, 213, 155, 244, 26, 75, 59, 0, 165,
       190, 194, 62, 147, 18, 162, 169, 52, 87, 187, 95, 50, 253, 174,
       166, 196, 157, 167, 59, 204, 16, 183, 109, 130, 226, 152, 22, 114,
