%YAML:1.0
---
descriptors: !!opencv-matrix
   rows: 90
   cols: 32
   dt: u
   data: [ 141, 170, 212, 249, 236, 189, 232, 223, 127, 187, 118, 116,
       157, 227, 240, 237, 247, 107, 38, 28, 179, 124, 235, 241, 142,
       219, 127, 236, 158, 200, 137, 165, 93, 150, 254, 252, 191, 87, 95,
       251, 223, 206, 158, 166, 109, 255, 187, 231, 119, 245, 191, 172,
       253, 67, 62, 223, 251, 255, 239, 157, 191, 236, 109, 123, 10, 136,
       74, 249, 54, 171, 232, 67, 62, 1, 87, 146, 157, 137, 48, 192, 123,
       41, 23, 25, 50, 188, 1, 223, 206, 191, 154, 193, 180, 136, 121,
       130, 219, 22, 121, 96, 51, 124, 95, 22, 105, 78, 54, 189, 159, 31,
       150, 53, 166, 149, 213, 44, 165, 0, 164, 202, 243, 253, 32, 131,
       102, 212, 135, 119, 79, 18, 237, 71, 163, 126, 93, 144, 81, 206,
       22, 253, 91, 125, 155, 191, 151, 84, 181, 46, 165, 80, 188, 136,
       67, 123, 101, 135, 174, 247, 14, 119, 57, 222, 122, 238, 118, 209,
       219, 112, 213, 72, 252, 230, 57, 205, 178, 100, 126, 184, 151,
       205, 203, 191, 36, 255, 114, 237, 170, 168, 127, 142, 116, 249,
       71, 255, 159, 254, 184, 132, 191, 252, 159, 155, 153, 112, 220,
       255, 236, 106, 183, 115, 127, 123, 243, 67, 170, 243, 249, 222,
       111, 254, 152, 115, 161, 177, 54, 125, 239, 190, 207, 71, 151,
       236, 147, 230, 216, 175, 104, 252, 39, 10, 253, 247, 243, 227,
       237, 227, 186, 250, 123, 39, 207, 191, 253, 127, 182, 247, 3, 151,
       104, 139, 246, 181, 184, 103, 126, 69, 88, 135, 172, 46, 62, 96,
       255, 27, 147, 149, 150, 24, 53, 247, 44, 28, 154, 192, 157, 4,
       177, 223, 19, 207, 98, 140, 118, 144, 190, 117, 141, 72, 216, 231,
       40, 142, 182, 68, 110, 163, 31, 229, 196, 139, 4, 253, 50, 44,
       170, 136, 63, 150, 57, 221, 42, 249, 32, 90, 85, 213, 150, 237,
       23, 77, 252, 43, 40, 221, 126, 132, 220, 186, 147, 65, 94, 43,
       122, 253, 59, 85, 156, 123, 83, 30, 222, 222, 19, 91, 102, 156,
       118, 146, 236, 116, 196, 72, 82, 231, 49, 138, 178, 96, 110, 232,
       55, 205, 197, 187, 38, 253, 48, 32, 174, 128, 61, 156, 48, 221,
       10, 180, 184, 211, 213, 245, 241, 207, 91, 61, 125, 26, 8, 191,
       94, 172, 233, 155, 147, 145, 18, 122, 187, 209, 95, 223, 150, 111,
       211, 76, 236, 246, 176, 93, 123, 237, 54, 198, 79, 119, 20, 140,
       122, 99, 115, 63, 176, 80, 126, 234, 23, 232, 104, 186, 32, 47,
       241, 173, 36, 128, 117, 184, 100, 235, 239, 176, 253, 227, 237,
       125, 248, 153, 31, 255, 181, 63, 206, 126, 94, 187, 191, 147, 255,
       49, 183, 102, 123, 210, 159, 219, 123, 255, 214, 79, 207, 215, 16,
       232, 154, 248, 225, 232, 87, 198, 250, 21, 104, 8, 54, 251, 97,
       24, 161, 123, 2, 80, 10, 107, 2, 49, 219, 213, 22, 107, 208, 81,
       39, 138, 204, 180, 189, 113, 169, 108, 117, 31, 187, 255, 182, 25,
       223, 63, 74, 59, 135, 87, 253, 24, 57, 109, 243, 2, 207, 251, 116,
       117, 194, 192, 199, 83, 92, 95, 154, 174, 240, 132, 95, 248, 184,
       142, 92, 33, 127, 247, 43, 80, 215, 123, 21, 66, 16, 3, 138, 191,
       241, 245, 46, 200, 144, 243, 37, 99, 114, 57, 42, 172, 94, 228,
       123, 80, 21, 204, 212, 167, 48, 223, 51, 1, 124, 252, 183, 197,
       136, 83, 179, 237, 83, 33, 170, 137, 37, 43, 52, 115, 9, 157, 21,
       243, 149, 175, 71, 55, 21, 171, 142, 20, 183, 51, 16, 229, 193,
       38, 24, 28, 121, 216, 81, 190, 239, 223, 214, 80, 154, 216, 208,
       40, 163, 13, 2, 140, 109, 165, 170, 198, 28, 8, 88, 2, 160, 170,
       49, 96, 216, 106, 19, 193, 38, 186, 2, 235, 52, 52, 138, 136, 21,
       121, 49, 140, 174, 180, 236, 253, 237, 125, 93, 187, 151, 254,
       156, 191, 235, 253, 219, 183, 95, 210, 255, 62, 255, 70, 254, 186,
       239, 223, 229, 191, 182, 252, 92, 215, 4, 227, 142, 158, 90, 131,
       167, 236, 182, 144, 195, 70, 112, 224, 105, 64, 121, 108, 98, 98,
       66, 208, 139, 61, 44, 34, 103, 12, 24, 59, 33, 160, 210, 138, 238,
       152, 207, 240, 184, 199, 191, 87, 150, 179, 44, 206, 118, 223,
       239, 179, 255, 149, 62, 79, 166, 241, 31, 115, 222, 251, 151, 4,
       173, 94, 139, 170, 182, 217, 108, 145, 184, 91, 223, 95, 84, 86,
       173, 202, 246, 237, 239, 43, 55, 156, 183, 92, 170, 241, 78, 219,
       250, 232, 158, 140, 41, 205, 148, 204, 208, 247, 214, 42, 238,
       230, 125, 19, 242, 210, 255, 107, 29, 73, 123, 251, 31, 186, 48,
       244, 77, 239, 188, 222, 222, 0, 229, 249, 241, 128, 15, 219, 255,
       139, 126, 208, 187, 240, 143, 93, 86, 167, 252, 222, 254, 102,
       230, 113, 191, 215, 199, 153, 187, 225, 78, 121, 175, 194, 30,
       142, 37, 253, 15, 48, 194, 129, 87, 243, 248, 73, 63, 193, 91,
       247, 72, 202, 254, 236, 123, 141, 182, 177, 151, 180, 37, 196, 30,
       94, 155, 199, 175, 15, 121, 215, 160, 225, 143, 61, 88, 227, 33,
       206, 22, 176, 107, 0, 112, 225, 32, 64, 89, 108, 98, 112, 34, 219,
       75, 29, 77, 34, 69, 100, 48, 43, 160, 168, 153, 28, 127, 117, 178,
       226, 125, 55, 116, 198, 94, 178, 253, 63, 177, 97, 38, 119, 61,
       137, 225, 220, 37, 78, 231, 175, 250, 128, 36, 240, 37, 123, 16,
       219, 78, 172, 46, 128, 172, 117, 164, 72, 218, 231, 49, 142, 178,
       65, 110, 169, 31, 231, 204, 139, 6, 237, 176, 225, 170, 136, 53,
       146, 57, 217, 130, 176, 130, 185, 107, 229, 184, 71, 30, 29, 81,
       151, 172, 151, 106, 73, 239, 59, 179, 149, 18, 92, 18, 209, 141,
       16, 218, 235, 144, 12, 165, 219, 245, 76, 94, 69, 116, 34, 111,
       182, 81, 234, 254, 66, 83, 49, 149, 119, 122, 228, 28, 234, 233,
       245, 69, 14, 54, 170, 229, 148, 109, 249, 120, 41, 245, 68, 196,
       69, 228, 38, 239, 186, 112, 178, 62, 70, 81, 32, 223, 47, 127,
       196, 52, 238, 169, 244, 237, 10, 60, 234, 231, 132, 237, 241, 114,
       164, 153, 21, 119, 101, 52, 127, 67, 56, 116, 232, 126, 98, 91,
       53, 185, 229, 54, 84, 28, 106, 233, 177, 33, 159, 243, 235, 33,
       132, 110, 169, 97, 57, 3, 125, 115, 140, 122, 161, 170, 214, 201,
       200, 120, 230, 180, 222, 181, 48, 222, 43, 22, 229, 135, 35, 22,
       253, 52, 28, 170, 170, 29, 211, 43, 157, 125, 213, 123, 235, 240,
       79, 111, 188, 37, 104, 255, 76, 211, 23, 136, 112, 126, 156, 63,
       254, 201, 146, 121, 14, 253, 173, 37, 196, 105, 146, 228, 113, 89,
       120, 123, 88, 86, 241, 177, 82, 126, 64, 76, 34, 60, 151, 247, 96,
       34, 56, 19, 217, 131, 24, 54, 253, 87, 9, 154, 41, 182, 1, 53,
       250, 134, 228, 110, 147, 196, 194, 174, 229, 144, 210, 147, 147,
       88, 254, 60, 35, 127, 117, 83, 167, 224, 247, 12, 206, 40, 10,
       223, 197, 5, 118, 243, 212, 89, 157, 85, 215, 191, 217, 116, 167,
       253, 107, 54, 58, 126, 49, 136, 245, 35, 246, 254, 8, 113, 216,
       97, 191, 190, 250, 84, 83, 58, 140, 200, 47, 254, 82, 254, 206,
       45, 86, 223, 248, 185, 238, 183, 167, 94, 255, 191, 127, 254, 213,
       255, 238, 233, 199, 185, 232, 243, 251, 239, 159, 7, 191, 127,
       247, 2, 132, 16, 137, 213, 231, 178, 66, 15, 5, 90, 3, 140, 59,
       32, 196, 217, 27, 131, 17, 18, 152, 81, 223, 47, 20, 138, 67, 150,
       78, 29, 134, 234, 184, 247, 154, 75, 213, 185, 71, 171, 87, 244,
       187, 44, 222, 102, 27, 239, 179, 243, 145, 6, 111, 178, 241, 95,
       89, 218, 235, 215, 4, 231, 223, 139, 184, 182, 240, 109, 189, 184,
       87, 159, 25, 84, 126, 188, 159, 100, 175, 239, 59, 247, 17, 147,
       126, 178, 241, 95, 89, 123, 234, 138, 12, 171, 187, 23, 86, 235,
       133, 118, 82, 239, 88, 60, 232, 95, 230, 89, 14, 159, 100, 126,
       205, 23, 239, 193, 144, 37, 206, 118, 47, 170, 132, 47, 183, 33,
       245, 139, 16, 120, 225, 100, 20, 249, 16, 73, 72, 23, 167, 157,
       31, 246, 111, 198, 145, 151, 173, 132, 160, 36, 192, 199, 217,
       234, 130, 7, 140, 89, 117, 123, 18, 106, 201, 111, 93, 249, 80,
       45, 108, 254, 239, 30, 31, 182, 116, 238, 153, 223, 141, 141, 179,
       117, 192, 215, 217, 170, 154, 127, 142, 119, 247, 59, 87, 106,
       236, 118, 19, 219, 120, 37, 76, 255, 167, 75, 13, 183, 244, 254,
       157, 151, 231, 204, 179, 37, 206, 242, 253, 162, 131, 103, 174,
