%YAML:1.0
---
descriptors: !!opencv-matrix
   rows: 34
   cols: 32
   dt: u
   data: [ 135, 80, 155, 250, 235, 165, 185, 216, 190, 25, 81, 82, 188,
       215, 105, 73, 231, 25, 55, 210, 19, 69, 10, 241, 197, 152, 122,
       238, 152, 17, 161, 163, 178, 77, 34, 172, 29, 95, 212, 110, 141,
       132, 168, 11, 10, 156, 54, 148, 232, 161, 219, 193, 108, 171, 18,
       206, 177, 220, 138, 63, 81, 60, 126, 198, 252, 156, 249, 108, 188,
       111, 87, 186, 147, 230, 188, 40, 83, 125, 1, 50, 153, 244, 237,
       98, 105, 103, 248, 46, 123, 239, 101, 63, 243, 249, 70, 115, 33,
       104, 227, 81, 85, 190, 234, 210, 251, 241, 124, 6, 16, 168, 215,
       44, 104, 104, 18, 92, 133, 184, 244, 224, 79, 28, 5, 36, 235, 253,
       90, 212, 74, 141, 6, 186, 153, 228, 58, 198, 174, 17, 203, 19,
       172, 251, 32, 194, 225, 115, 251, 209, 18, 9, 138, 247, 157, 54,
       154, 75, 144, 7, 189, 10, 30, 149, 27, 170, 243, 196, 27, 104,
       189, 4, 233, 165, 78, 255, 42, 80, 182, 187, 135, 226, 88, 139,
       58, 223, 251, 245, 10, 203, 16, 7, 39, 115, 185, 203, 79, 188, 14,
       128, 205, 247, 212, 0, 208, 194, 49, 131, 176, 97, 104, 160, 10,
       200, 105, 143, 36, 189, 240, 161, 250, 136, 61, 152, 176, 168,
       121, 21, 111, 236, 52, 86, 127, 113, 69, 72, 222, 34, 91, 31, 182,
       97, 124, 148, 159, 232, 201, 155, 49, 205, 243, 233, 170, 128, 55,
       138, 116, 107, 68, 173, 140, 191, 157, 200, 187, 168, 174, 149,
       136, 3, 236, 234, 74, 64, 177, 107, 235, 209, 22, 73, 138, 253,
       237, 36, 143, 109, 128, 34, 23, 202, 9, 48, 46, 249, 109, 223,
       241, 90, 175, 253, 246, 39, 253, 159, 130, 233, 110, 188, 254,
       144, 135, 255, 243, 213, 215, 251, 179, 211, 111, 140, 125, 255,
       148, 76, 26, 155, 82, 130, 42, 64, 60, 1, 66, 82, 117, 194, 41,
       64, 114, 43, 2, 152, 34, 149, 4, 127, 48, 166, 10, 64, 37, 1, 41,
       128, 2, 77, 18, 154, 93, 201, 182, 102, 173, 0, 232, 3, 172, 154,
       37, 196, 232, 107, 203, 195, 68, 185, 18, 232, 53, 48, 154, 11,
       19, 29, 47, 142, 53, 52, 232, 114, 157, 253, 208, 66, 203, 253,
       189, 29, 18, 184, 95, 42, 137, 200, 85, 21, 174, 99, 120, 0, 91,
       93, 21, 127, 201, 77, 94, 214, 86, 45, 34, 168, 155, 163, 154,
       234, 15, 128, 200, 139, 12, 142, 33, 64, 254, 153, 155, 245, 28,
       11, 6, 254, 185, 68, 139, 255, 181, 13, 37, 70, 82, 173, 26, 186,
       25, 164, 50, 198, 190, 17, 200, 1, 164, 211, 40, 80, 225, 123,
       235, 211, 6, 11, 154, 247, 185, 180, 154, 75, 144, 3, 61, 10, 113,
       32, 230, 157, 124, 3, 72, 120, 87, 225, 210, 206, 115, 232, 144,
       105, 123, 204, 63, 173, 169, 242, 207, 157, 28, 46, 253, 148, 45,
       172, 120, 136, 232, 169, 188, 120, 189, 217, 80, 15, 203, 29, 164,
       25, 174, 189, 66, 155, 201, 50, 201, 16, 62, 107, 194, 145, 203,
       209, 20, 123, 210, 72, 222, 202, 82, 249, 56, 242, 153, 205, 19,
       166, 170, 61, 136, 9, 180, 215, 64, 50, 129, 123, 121, 211, 66,
       75, 154, 55, 249, 149, 31, 123, 144, 1, 135, 58, 200, 36, 125,
       113, 228, 106, 113, 19, 249, 27, 119, 48, 147, 23, 136, 59, 3,
       150, 108, 56, 48, 252, 161, 2, 207, 251, 112, 1, 194, 192, 198,
       99, 185, 76, 79, 254, 12, 162, 75, 114, 213, 2, 212, 194, 115,
       193, 177, 105, 72, 224, 63, 206, 169, 167, 6, 175, 210, 235, 226,
       136, 63, 249, 112, 40, 44, 36, 156, 178, 60, 169, 208, 194, 143,
       189, 189, 57, 135, 217, 91, 11, 139, 65, 93, 17, 10, 99, 74, 160,
       202, 219, 53, 119, 196, 91, 91, 131, 0, 97, 223, 95, 86, 201, 160,
       71, 236, 1, 120, 2, 48, 216, 61, 32, 40, 42, 2, 17, 2, 184, 18,
       105, 45, 12, 22, 8, 193, 26, 115, 138, 64, 249, 24, 186, 25, 193,
       19, 224, 142, 28, 136, 41, 180, 215, 97, 66, 129, 123, 233, 83,
       66, 75, 138, 55, 233, 149, 31, 123, 16, 3, 7, 10, 117, 7, 199,
       236, 164, 34, 76, 81, 213, 138, 219, 118, 81, 227, 185, 111, 120,
       164, 62, 172, 185, 163, 4, 200, 208, 235, 226, 132, 175, 234, 240,
       33, 138, 184, 178, 155, 71, 213, 185, 67, 159, 77, 84, 19, 172,
       223, 102, 12, 238, 59, 147, 145, 2, 190, 58, 243, 71, 85, 154,
       235, 23, 12, 53, 255, 24, 165, 12, 189, 29, 139, 187, 72, 174,
       165, 136, 3, 236, 203, 10, 64, 240, 41, 207, 177, 2, 65, 202, 221,
       253, 37, 139, 127, 16, 6, 23, 194, 124, 101, 188, 102, 168, 72,
       87, 216, 227, 158, 189, 8, 87, 243, 73, 51, 177, 212, 108, 122,
       106, 99, 138, 32, 251, 233, 101, 61, 224, 243, 198, 35, 82, 97,
       158, 188, 27, 199, 18, 72, 134, 164, 139, 135, 102, 198, 98, 66,
       176, 117, 233, 227, 78, 67, 155, 29, 249, 227, 143, 63, 48, 35,
       45, 82, 81, 211, 199, 192, 230, 34, 109, 215, 117, 11, 218, 246,
       17, 35, 248, 110, 125, 196, 62, 188, 153, 219, 165, 192, 184, 174,
       254, 196, 173, 208, 240, 41, 250, 17, 115, 237, 117, 82, 126, 113,
       101, 0, 246, 34, 75, 63, 36, 241, 254, 149, 151, 234, 217, 187,
       33, 205, 243, 249, 226, 131, 55, 170, 244, 11, 3, 218, 59, 219,
       109, 213, 184, 86, 159, 89, 80, 103, 188, 158, 54, 105, 238, 59,
       55, 213, 135, 188, 50, 241, 7, 56, 186, 138, 28, 12, 33, 223, 247,
       255, 140, 15, 156, 54, 142, 188, 18, 162, 139, 239, 193, 224, 223,
       82, 93, 206, 104, 231, 252, 87, 207, 62, 56, 39, 239, 245, 141,
       127, 248, 20, 231, 174, 140, 158, 170, 57, 22, 175, 30, 191, 152,
       255, 231, 104, 207, 75, 213, 199, 236, 39, 190, 79, 207, 59, 168,
       38, 125, 191, 156, 253, 152, 85, 85, 217, 203, 195, 214, 0, 111,
       246, 112, 241, 222, 230, 57, 35, 208, 98, 111, 206, 63, 222, 219,
       217, 173, 227, 252, 175, 190, 196, 173, 154, 241, 57 ]
keypoints: !!opencv-matrix
   rows: 34
   cols: 2
   dt: d
   data: [ 128., 87., 346., 89., 330., 112., 329., 127., 324., 135.,
       329., 136., 120., 169., 61., 232., 56., 240., 243., 249.,
       3.5160000610351562e+02, 8.6400001525878906e+01, 348.,
       8.8800003051757812e+01, 3.3840002441406250e+02,
       1.1640000152587891e+02, 3.2760000610351562e+02,
       1.3320001220703125e+02, 324., 1.3560000610351562e+02, 180.,
       1.4040000915527344e+02, 3.4440002441406250e+02,
       1.4640000915527344e+02, 330., 1.5120001220703125e+02,
       3.1560000610351562e+02, 1.5360000610351562e+02,
       1.1880000305175781e+02, 168., 3.3552001953125000e+02,
       1.1520000457763672e+02, 3.2832000732421875e+02,
       1.2528000640869141e+02, 3.3120001220703125e+02,
       1.4976000976562500e+02, 1.1952000427246094e+02,
       1.6704000854492188e+02, 1.8144000244140625e+02,
       2.3616000366210938e+02, 5.3280002593994141e+01,
       2.3904000854492188e+02, 3.2313601684570312e+02,
       7.7760009765625000e+01, 3.3004803466796875e+02,
       1.4860801696777344e+02, 1.1923200988769531e+02,
       1.6761601257324219e+02, 6.0480007171630859e+01,
       2.3155201721191406e+02, 1.8489601135253906e+02,
       2.4192002868652344e+02, 3.2140805053710938e+02,
       1.2856321716308594e+02, 3.2140805053710938e+02,
       1.3271041870117188e+02, 1.2026881408691406e+02,
       1.6588803100585938e+02 ]
