%YAML:1.0
---
descriptors: !!opencv-matrix
   rows: 157
   cols: 32
   dt: u
   data: [ 10, 78, 50, 252, 53, 131, 186, 71, 31, 6, 94, 35, 44, 141, 33,
       68, 90, 59, 135, 17, 34, 188, 0, 255, 227, 246, 154, 11, 151, 28,
       53, 235, 2, 249, 184, 219, 221, 205, 179, 238, 30, 25, 76, 0, 188,
       223, 96, 4, 201, 59, 147, 81, 82, 56, 58, 245, 109, 20, 30, 107,
       208, 24, 167, 251, 46, 105, 106, 78, 93, 213, 214, 232, 203, 4,
       229, 11, 106, 200, 119, 148, 216, 232, 195, 70, 78, 43, 218, 253,
       55, 93, 1, 59, 83, 31, 126, 206, 115, 205, 165, 156, 189, 86, 134,
       175, 208, 250, 136, 66, 226, 112, 188, 231, 217, 102, 120, 107,
       253, 235, 251, 175, 169, 18, 207, 58, 22, 124, 176, 46, 3, 201,
       19, 219, 245, 221, 191, 198, 158, 9, 88, 66, 188, 158, 100, 228,
       204, 59, 18, 73, 67, 24, 98, 245, 173, 156, 158, 234, 16, 24, 129,
       173, 40, 244, 121, 105, 112, 237, 95, 254, 123, 47, 124, 8, 23,
       87, 72, 48, 17, 26, 85, 8, 66, 62, 120, 55, 111, 221, 37, 108, 82,
       210, 198, 250, 125, 249, 216, 166, 138, 4, 86, 216, 3, 154, 157,
       78, 87, 247, 105, 122, 119, 220, 125, 243, 207, 67, 154, 32, 251,
       229, 165, 188, 189, 243, 186, 19, 57, 79, 98, 204, 212, 150, 238,
       119, 85, 72, 250, 70, 51, 168, 182, 228, 120, 174, 22, 237, 205,
       187, 20, 175, 50, 108, 166, 0, 127, 188, 248, 140, 51, 75, 106,
       12, 124, 151, 202, 244, 214, 204, 248, 199, 99, 232, 183, 0, 92,
       168, 7, 109, 222, 171, 44, 189, 176, 12, 165, 152, 117, 190, 120,
       196, 155, 31, 134, 188, 211, 182, 184, 99, 189, 74, 90, 247, 44,
       254, 38, 192, 231, 191, 191, 149, 245, 217, 16, 206, 30, 103, 158,
       131, 47, 68, 41, 223, 10, 157, 51, 189, 151, 199, 185, 103, 30,
       69, 78, 2, 188, 159, 32, 64, 255, 59, 147, 145, 83, 152, 49, 223,
       237, 246, 154, 3, 20, 8, 165, 250, 216, 57, 179, 244, 173, 92, 85,
       23, 179, 90, 182, 25, 191, 191, 67, 251, 129, 183, 253, 1, 74,
       109, 243, 128, 219, 241, 124, 157, 226, 228, 6, 123, 114, 0, 196,
       181, 26, 66, 9, 110, 83, 165, 243, 155, 105, 43, 146, 8, 122, 165,
       230, 161, 44, 222, 197, 142, 216, 231, 217, 209, 39, 140, 46, 200,
       58, 221, 118, 220, 215, 244, 191, 247, 213, 70, 204, 2, 40, 255,
       39, 228, 108, 251, 147, 136, 225, 139, 50, 239, 51, 111, 142, 11,
       51, 124, 108, 254, 88, 119, 188, 245, 187, 122, 21, 191, 172, 190,
       182, 185, 207, 103, 3, 203, 167, 87, 237, 32, 56, 197, 225, 140,
       251, 243, 127, 215, 130, 116, 143, 99, 2, 175, 42, 137, 151, 179,
       186, 103, 30, 5, 88, 135, 172, 232, 54, 64, 248, 43, 131, 149,
       150, 184, 20, 255, 46, 21, 158, 67, 213, 78, 185, 206, 46, 188,
       252, 112, 253, 255, 89, 222, 31, 127, 188, 28, 11, 191, 70, 60,
       141, 154, 247, 24, 59, 111, 115, 215, 95, 223, 17, 127, 243, 205,
       78, 115, 51, 2, 200, 133, 28, 83, 200, 106, 82, 229, 195, 158, 97,
       34, 22, 128, 120, 172, 64, 173, 44, 219, 229, 142, 152, 231, 152,
       117, 161, 140, 94, 204, 52, 199, 237, 173, 142, 6, 203, 248, 16,
       68, 200, 135, 83, 109, 25, 0, 125, 196, 97, 239, 200, 34, 31, 47,
       249, 166, 235, 76, 117, 251, 116, 112, 74, 254, 142, 181, 187,
       210, 63, 182, 191, 206, 214, 183, 173, 239, 35, 199, 231, 231,
       255, 197, 52, 221, 178, 239, 238, 119, 223, 131, 174, 117, 189,
       219, 7, 113, 147, 250, 107, 69, 184, 216, 139, 248, 25, 38, 156,
       223, 232, 47, 198, 25, 23, 67, 7, 3, 186, 240, 159, 216, 79, 170,
       26, 51, 41, 151, 42, 181, 116, 93, 253, 255, 251, 251, 95, 119,
       253, 31, 106, 253, 94, 52, 223, 139, 247, 132, 222, 58, 122, 255,
       127, 31, 17, 127, 83, 204, 198, 223, 111, 185, 172, 191, 137, 81,
       16, 168, 2, 85, 128, 173, 226, 124, 74, 170, 205, 219, 160, 85,
       159, 74, 255, 177, 137, 83, 93, 127, 144, 47, 12, 94, 3, 133, 2,
       157, 213, 199, 168, 103, 31, 9, 90, 3, 40, 218, 52, 196, 249, 43,
       22, 149, 87, 153, 0, 223, 60, 54, 186, 130, 152, 12, 185, 142, 51,
       217, 122, 206, 126, 213, 219, 240, 199, 76, 220, 167, 57, 205,
       182, 64, 94, 185, 151, 69, 202, 171, 118, 189, 114, 109, 171, 137,
       127, 142, 120, 219, 16, 203, 122, 238, 62, 133, 223, 245, 134, 72,
       252, 199, 115, 239, 177, 64, 126, 251, 63, 206, 218, 171, 10, 189,
       251, 173, 38, 152, 117, 155, 41, 187, 158, 221, 28, 187, 159, 231,
       149, 175, 158, 91, 218, 55, 252, 126, 46, 65, 253, 211, 175, 129,
       124, 237, 91, 255, 249, 163, 255, 211, 21, 124, 189, 91, 14, 245,
       152, 211, 213, 215, 55, 237, 31, 43, 77, 16, 252, 222, 78, 36,
       217, 91, 147, 144, 119, 218, 122, 247, 111, 87, 159, 111, 154, 30,
       159, 158, 11, 253, 176, 219, 149, 215, 191, 206, 95, 103, 76, 6,
       252, 254, 47, 100, 253, 123, 147, 208, 231, 152, 121, 255, 111,
       95, 159, 35, 26, 95, 161, 222, 96, 242, 153, 174, 106, 68, 93, 77,
       43, 29, 105, 105, 84, 199, 104, 91, 247, 157, 38, 160, 66, 82,
       138, 65, 213, 160, 127, 44, 16, 66, 166, 59, 17, 143, 83, 219,
       150, 163, 235, 247, 23, 65, 90, 230, 117, 238, 160, 96, 127, 170,
       30, 156, 179, 185, 44, 255, 190, 239, 166, 192, 189, 202, 176,
       185, 214, 185, 144, 224, 187, 133, 31, 7, 11, 161, 128, 171, 140,
       179, 64, 82, 135, 117, 253, 208, 90, 75, 216, 210, 185, 212, 15,
       254, 152, 0, 137, 3, 43, 46, 231, 29, 230, 54, 188, 103, 120, 155,
       88, 247, 184, 44, 149, 171, 239, 111, 147, 133, 180, 250, 132,
       233, 100, 43, 254, 128, 197, 116, 251, 155, 38, 205, 16, 218, 157,
       153, 150, 236, 159, 21, 25, 11, 106, 200, 110, 132, 153, 91, 130,
       82, 86, 43, 74, 183, 43, 84, 5, 127, 83, 31, 216, 142, 63, 73, 98,
       30, 93, 159, 194, 104, 199, 68, 249, 15, 98, 200, 55, 132, 216,
       168, 3, 111, 206, 163, 94, 191, 50, 76, 129, 57, 127, 63, 120,
       214, 66, 33, 6, 12, 11, 199, 32, 73, 174, 160, 194, 8, 196, 194,
       96, 198, 224, 45, 106, 225, 2, 195, 147, 93, 149, 32, 11, 63, 16,
       2, 39, 134, 58, 89, 114, 158, 95, 212, 159, 230, 149, 68, 220,
       163, 40, 222, 39, 228, 78, 251, 147, 195, 78, 139, 50, 255, 51,
       100, 138, 155, 55, 31, 60, 223, 60, 229, 208, 71, 221, 91, 198,
       168, 113, 164, 233, 8, 67, 96, 29, 148, 24, 204, 64, 122, 72, 240,
       221, 46, 47, 142, 5, 117, 99, 59, 66, 132, 44, 227, 104, 3, 124,
       91, 71, 168, 82, 228, 189, 169, 195, 65, 219, 144, 25, 200, 198,
       110, 76, 50, 109, 31, 110, 221, 37, 117, 87, 191, 94, 192, 41, 25,
       16, 103, 117, 159, 82, 112, 109, 40, 245, 76, 223, 25, 1, 176,
       156, 168, 70, 110, 141, 178, 89, 28, 231, 221, 1, 48, 90, 43, 74,
       131, 210, 188, 158, 184, 139, 224, 24, 71, 187, 23, 160, 57, 172,
       182, 96, 91, 231, 51, 253, 145, 62, 79, 146, 241, 153, 210, 90,
       123, 144, 64, 167, 30, 105, 35, 16, 32, 61, 31, 66, 56, 111, 168,
       169, 76, 206, 72, 87, 180, 144, 140, 76, 110, 204, 34, 217, 157,
       179, 220, 1, 60, 74, 14, 90, 5, 42, 205, 50, 159, 85, 213, 182,
       230, 95, 13, 92, 2, 172, 216, 39, 196, 217, 123, 147, 65, 102,
       184, 90, 255, 47, 118, 158, 11, 18, 13, 61, 174, 194, 182, 148,
       49, 235, 185, 52, 143, 187, 123, 48, 253, 142, 190, 206, 159, 167,
       23, 237, 21, 182, 78, 199, 243, 158, 86, 125, 255, 204, 68, 139,
       223, 252, 237, 223, 126, 138, 106, 71, 191, 112, 202, 174, 120,
       115, 117, 137, 51, 17, 214, 108, 106, 121, 103, 235, 42, 251, 239,
       101, 28, 225, 251, 198, 33, 220, 223, 95, 126, 186, 106, 87, 253,
       54, 174, 174, 184, 87, 103, 137, 81, 55, 246, 109, 226, 120, 197,
       169, 62, 248, 231, 101, 148, 160, 243, 166, 99, 212, 95, 175, 183,
       170, 99, 95, 156, 54, 238, 223, 179, 87, 119, 9, 73, 119, 215,
       125, 227, 120, 213, 105, 46, 241, 231, 237, 148, 164, 251, 164,
       115, 173, 245, 245, 71, 246, 110, 103, 187, 113, 122, 126, 104,
       115, 113, 157, 52, 59, 206, 118, 122, 251, 246, 253, 63, 63, 174,
       101, 4, 235, 251, 194, 181, 77, 177, 157, 113, 233, 111, 117, 159,
