%YAML:1.0
---
descriptors: !!opencv-matrix
   rows: 33
   cols: 32
   dt: u
   data: [ 84, 209, 154, 174, 58, 200, 84, 101, 166, 137, 234, 33, 119,
       219, 34, 210, 162, 245, 236, 81, 94, 169, 130, 12, 250, 229, 37,
       89, 120, 42, 168, 3, 80, 241, 90, 224, 54, 202, 82, 244, 224, 136,
       254, 35, 19, 217, 106, 64, 242, 252, 13, 120, 72, 171, 128, 7,
       250, 173, 36, 89, 104, 138, 104, 11, 9, 15, 18, 189, 85, 143, 96,
       115, 93, 12, 124, 70, 174, 131, 34, 212, 234, 42, 6, 12, 69, 186,
       82, 95, 228, 253, 2, 0, 90, 136, 107, 137, 57, 93, 98, 220, 93,
       214, 198, 114, 85, 204, 254, 38, 98, 248, 167, 228, 120, 236, 134,
       194, 237, 171, 96, 175, 50, 239, 129, 27, 123, 60, 124, 206, 62,
       206, 214, 250, 157, 231, 94, 236, 95, 26, 251, 91, 111, 235, 57,
       65, 249, 203, 47, 243, 126, 243, 91, 255, 251, 222, 199, 211, 187,
       127, 248, 3, 206, 156, 183, 184, 239, 229, 185, 158, 158, 91, 80,
       119, 188, 255, 125, 75, 231, 91, 191, 145, 179, 79, 18, 243, 93,
       55, 255, 202, 156, 93, 181, 243, 63, 115, 123, 236, 124, 119, 95,
       88, 13, 236, 221, 239, 95, 223, 191, 96, 254, 221, 151, 239, 141,
       147, 104, 220, 243, 221, 171, 190, 63, 255, 116, 245, 138, 152,
       182, 216, 237, 245, 152, 207, 159, 95, 148, 55, 172, 190, 119,
       239, 239, 51, 191, 145, 166, 111, 50, 241, 155, 91, 222, 251, 158,
       92, 61, 223, 118, 229, 210, 164, 213, 82, 250, 232, 119, 172, 250,
       10, 106, 232, 110, 196, 249, 204, 238, 241, 78, 243, 137, 207,
       191, 254, 135, 111, 103, 46, 126, 134, 43, 187, 248, 216, 255,
       245, 185, 87, 207, 93, 28, 191, 12, 157, 246, 44, 207, 27, 151,
       149, 151, 43, 178, 209, 95, 93, 186, 235, 151, 140, 221, 255, 2,
       144, 113, 249, 246, 173, 248, 87, 95, 25, 120, 243, 189, 159, 180,
       104, 239, 155, 23, 145, 146, 58, 2, 215, 158, 220, 154, 194, 223,
       140, 225, 191, 110, 181, 188, 149, 189, 124, 144, 171, 27, 255,
       30, 57, 230, 124, 78, 14, 145, 86, 233, 17, 28, 120, 235, 130,
       207, 87, 85, 119, 194, 108, 156, 87, 10, 157, 19, 248, 87, 229,
       184, 103, 141, 1, 72, 18, 188, 151, 32, 228, 236, 59, 147, 0, 19,
       155, 50, 223, 145, 244, 154, 67, 18, 8, 165, 170, 212, 113, 159,
       116, 42, 72, 17, 0, 232, 176, 163, 40, 158, 151, 65, 59, 130, 213,
       108, 98, 73, 67, 178, 64, 209, 184, 64, 62, 72, 33, 7, 34, 202,
       156, 150, 249, 237, 244, 189, 223, 31, 91, 84, 118, 172, 191, 97,
       239, 231, 27, 183, 145, 51, 92, 147, 211, 141, 247, 223, 238, 158,
       76, 185, 187, 10, 152, 180, 184, 173, 245, 184, 71, 159, 95, 148,
       55, 172, 158, 102, 207, 239, 59, 191, 145, 135, 79, 242, 209, 159,
       91, 222, 251, 158, 76, 173, 223, 11, 24, 96, 241, 231, 252, 249,
       23, 45, 73, 86, 178, 157, 31, 214, 124, 238, 187, 151, 157, 146,
       156, 116, 192, 223, 221, 186, 193, 166, 132, 87, 253, 58, 39, 98,
       229, 87, 95, 250, 95, 117, 44, 254, 10, 11, 27, 150, 180, 126,
       141, 151, 169, 140, 178, 101, 222, 247, 221, 171, 165, 119, 142,
       250, 142, 31, 65, 104, 237, 54, 22, 127, 120, 69, 192, 127, 130,
       91, 31, 191, 96, 126, 221, 23, 239, 200, 176, 117, 204, 247, 237,
       170, 133, 39, 191, 116, 224, 58, 183, 114, 168, 125, 215, 210,
       233, 119, 236, 254, 47, 75, 204, 126, 212, 249, 205, 206, 161,
       142, 179, 169, 223, 187, 214, 143, 223, 103, 46, 126, 215, 126,
       64, 96, 229, 7, 90, 218, 80, 105, 160, 247, 10, 75, 11, 29, 52,
       122, 149, 93, 234, 204, 179, 85, 200, 211, 249, 130, 149, 103,
       191, 82, 2, 15, 221, 182, 159, 253, 255, 190, 239, 127, 255, 223,
       55, 236, 248, 127, 207, 255, 111, 251, 83, 246, 250, 123, 255, 63,
       127, 95, 199, 158, 127, 185, 223, 26, 24, 98, 225, 119, 255, 248,
       87, 125, 45, 254, 182, 11, 31, 148, 252, 126, 187, 151, 153, 158,
       186, 101, 194, 151, 221, 186, 195, 175, 140, 254, 159, 10, 184,
       18, 249, 253, 229, 184, 87, 158, 25, 80, 119, 188, 159, 96, 200,
       239, 59, 151, 145, 147, 90, 18, 241, 77, 81, 58, 235, 152, 12,
       161, 155, 3, 137, 59, 217, 116, 132, 185, 119, 175, 9, 120, 98,
       188, 159, 180, 96, 238, 59, 31, 141, 147, 155, 34, 245, 100, 61,
       186, 200, 20, 136, 225, 169, 56, 79, 98, 229, 87, 18, 254, 116,
       117, 164, 254, 227, 75, 9, 181, 208, 122, 140, 151, 232, 200, 187,
       5, 206, 246, 237, 163, 133, 103, 190, 124, 139, 51, 79, 67, 229,
       86, 138, 234, 119, 109, 0, 250, 198, 43, 10, 180, 192, 126, 171,
       6, 141, 201, 187, 20, 204, 180, 188, 138, 128, 109, 136, 240, 156,
       11, 185, 115, 233, 246, 177, 250, 87, 79, 65, 124, 226, 137, 159,
       244, 164, 255, 187, 151, 157, 150, 186, 36, 213, 94, 92, 154, 234,
       191, 142, 241, 157, 29, 31, 99, 222, 246, 163, 239, 115, 85, 200,
       223, 230, 113, 239, 181, 100, 126, 234, 23, 207, 185, 187, 44,
       255, 118, 46, 167, 128, 191, 251, 240, 241, 59, 23, 106, 201, 118,
       115, 235, 127, 85, 109, 254, 166, 89, 29, 182, 96, 126, 140, 151,
       172, 153, 187, 37, 206, 119, 111, 162, 196, 119, 142, 244, 249,
       53, 95, 107, 206, 244, 214, 239, 240, 212, 200, 223, 102, 113,
       253, 181, 100, 126, 238, 23, 239, 233, 179, 60, 175, 114, 47, 167,
       128, 47, 251, 112, 249, 58, 63, 114, 236, 117, 123, 91, 127, 93,
       236, 254, 175, 74, 140, 182, 212, 254, 189, 159, 165, 156, 187,
       117, 206, 178, 221, 139, 135, 127, 14, 126, 215, 61, 223, 107,
       255, 246, 131, 239, 245, 87, 72, 253, 230, 113, 255, 180, 96, 126,
       234, 23, 207, 219, 186, 60, 255, 118, 239, 167, 128, 61, 250, 240,
       241 ]
keypoints: !!opencv-matrix
   rows: 33
   cols: 2
   dt: d
   data: [ 337., 32., 339., 32., 337., 48., 333., 52., 263., 74., 242.,
       191., 254., 216., 236., 221., 84., 240., 333., 246., 333., 250.,
       3.3120001220703125e+02, 3.9600002288818359e+01,
       3.3960000610351562e+02, 48., 6.9600006103515625e+01,
       1.3560000610351562e+02, 2.4120001220703125e+02,
       1.9080000305175781e+02, 2.3520001220703125e+02,
       2.2080000305175781e+02, 7.5600006103515625e+01,
       2.3400001525878906e+02, 8.2800003051757812e+01,
       2.3640000915527344e+02, 1.4880000305175781e+02,
       2.3760000610351562e+02, 84., 2.4000001525878906e+02,
       1.5840000915527344e+02, 2.4000001525878906e+02,
       1.1088000488281250e+02, 1.9728001403808594e+02,
       7.7760002136230469e+01, 2.3472001647949219e+02,
       2.2320001220703125e+02, 2.4048001098632812e+02,
       2.3184001159667969e+02, 2.4192001342773438e+02,
       2.4624000549316406e+02, 2.4192001342773438e+02,
       2.3904000854492188e+02, 2.4336001586914062e+02,
       3.3408001708984375e+02, 2.4624000549316406e+02,
       1.0540801239013672e+02, 8.4672004699707031e+01,
       8.6400009155273438e+01, 2.3328002929687500e+02,
       1.0195201110839844e+02, 2.3500802612304688e+02,
       8.1216011047363281e+01, 2.4019201660156250e+02,
       1.0948610687255859e+02, 9.2067863464355469e+01 ]
