%YAML:1.0
---
descriptors: !!opencv-matrix
   rows: 84
   cols: 32
   dt: u
   data: [ 143, 115, 231, 145, 230, 49, 189, 223, 27, 254, 84, 247, 13,
       142, 247, 175, 127, 223, 183, 199, 197, 84, 175, 192, 94, 89, 255,
       166, 191, 252, 181, 245, 151, 82, 235, 209, 230, 147, 253, 220,
       95, 195, 86, 246, 25, 143, 255, 108, 127, 153, 23, 191, 163, 246,
       60, 210, 94, 79, 191, 132, 191, 221, 49, 241, 42, 130, 56, 248,
       108, 137, 185, 67, 203, 25, 176, 154, 188, 142, 116, 138, 207, 51,
       95, 25, 147, 111, 66, 209, 220, 25, 250, 250, 28, 136, 9, 169, 15,
       87, 99, 135, 246, 19, 174, 248, 93, 200, 91, 230, 73, 236, 189,
       228, 126, 237, 22, 239, 197, 176, 44, 238, 52, 76, 175, 132, 47,
       255, 49, 245, 128, 136, 147, 155, 118, 171, 32, 71, 126, 1, 66,
       82, 180, 130, 32, 72, 179, 43, 34, 24, 50, 188, 0, 123, 132, 166,
       26, 64, 132, 8, 161, 136, 34, 19, 88, 160, 228, 73, 250, 65, 45,
       1, 185, 43, 142, 14, 38, 80, 238, 153, 14, 193, 14, 51, 64, 196,
       150, 220, 10, 119, 84, 2, 47, 151, 145, 69, 71, 229, 20, 74, 111,
       48, 100, 0, 218, 66, 211, 19, 177, 97, 122, 148, 30, 234, 233,
       144, 117, 12, 244, 168, 162, 128, 45, 187, 112, 40, 49, 81, 107,
       237, 84, 66, 235, 121, 84, 200, 251, 66, 81, 25, 188, 96, 120,
       140, 23, 235, 201, 178, 20, 140, 117, 172, 162, 132, 109, 138,
       112, 160, 17, 216, 21, 239, 60, 135, 75, 184, 6, 96, 218, 66, 247,
       83, 168, 96, 86, 144, 28, 104, 11, 128, 89, 61, 232, 164, 163,
       148, 60, 138, 16, 56, 33, 96, 41, 232, 77, 5, 201, 88, 197, 232,
       192, 78, 147, 137, 112, 42, 200, 136, 90, 189, 137, 34, 115, 144,
       193, 217, 128, 60, 89, 136, 80, 160, 152, 0, 76, 245, 21, 202,
       105, 50, 53, 161, 102, 146, 251, 3, 16, 93, 114, 172, 61, 136, 40,
       220, 85, 142, 199, 255, 208, 65, 38, 136, 100, 42, 49, 67, 106,
       12, 84, 27, 194, 104, 68, 4, 222, 10, 67, 136, 183, 68, 120, 136,
       6, 111, 204, 179, 5, 156, 50, 45, 160, 25, 117, 175, 124, 196, 32,
       34, 71, 137, 70, 11, 32, 68, 44, 48, 106, 226, 4, 2, 160, 222,
       104, 140, 66, 80, 2, 146, 5, 64, 20, 32, 154, 0, 37, 27, 243, 128,
       252, 109, 253, 100, 141, 87, 87, 237, 195, 250, 188, 10, 83, 249,
       65, 179, 88, 244, 237, 98, 73, 99, 251, 168, 243, 201, 229, 61,
       99, 122, 118, 42, 9, 154, 83, 249, 100, 138, 104, 23, 62, 81, 66,
       84, 157, 131, 224, 72, 38, 43, 34, 28, 131, 156, 19, 113, 196,
       169, 50, 64, 156, 128, 161, 153, 82, 249, 57, 186, 27, 197, 19,
       168, 139, 116, 137, 41, 188, 222, 65, 50, 197, 251, 249, 195, 74,
       75, 250, 253, 241, 213, 155, 59, 16, 3, 7, 90, 90, 141, 38, 191,
       17, 228, 56, 39, 172, 21, 202, 19, 172, 186, 34, 66, 224, 179,
       185, 129, 18, 137, 18, 247, 241, 117, 154, 67, 16, 4, 181, 42,
       153, 201, 74, 191, 20, 146, 110, 229, 85, 4, 230, 134, 99, 66,
       178, 197, 122, 236, 32, 238, 108, 157, 37, 191, 242, 227, 196, 65,
       63, 190, 248, 76, 26, 159, 26, 186, 179, 196, 61, 101, 189, 4,
       104, 165, 108, 214, 34, 81, 182, 59, 133, 128, 80, 139, 18, 237,
       243, 243, 10, 203, 16, 6, 167, 83, 26, 64, 115, 229, 52, 10, 122,
       120, 45, 128, 246, 131, 239, 95, 149, 116, 254, 185, 31, 233, 200,
       179, 65, 204, 182, 221, 139, 147, 38, 174, 97, 5, 124, 181, 188,
       118, 169, 45, 87, 152, 255, 187, 189, 28, 223, 251, 72, 58, 149,
       86, 108, 42, 187, 97, 251, 35, 251, 223, 101, 56, 202, 243, 194,
       35, 17, 135, 91, 169, 18, 162, 43, 119, 52, 1, 90, 226, 125, 227,
       168, 96, 118, 63, 14, 184, 19, 152, 5, 95, 188, 166, 42, 192, 188,
       130, 161, 169, 192, 68, 63, 229, 36, 110, 109, 17, 124, 14, 119,
       80, 215, 3, 169, 123, 114, 36, 60, 42, 41, 148, 49, 10, 197, 187,
       114, 128, 16, 241, 100, 33, 67, 132, 134, 158, 234, 162, 186, 206,
       175, 3, 74, 131, 236, 234, 60, 66, 247, 127, 59, 141, 22, 137,
       143, 227, 4, 62, 154, 138, 148, 246, 177, 132, 189, 70, 97, 237,
       76, 35, 75, 56, 83, 226, 181, 238, 83, 73, 145, 33, 92, 140, 23,
       238, 233, 38, 109, 159, 82, 235, 161, 188, 127, 191, 80, 224, 29,
       6, 88, 79, 52, 26, 74, 56, 117, 8, 127, 100, 211, 99, 152, 244,
       18, 76, 12, 110, 169, 176, 109, 14, 162, 239, 32, 132, 42, 130,
       72, 37, 177, 71, 101, 5, 30, 27, 203, 120, 70, 224, 144, 206, 83,
       8, 149, 165, 88, 196, 86, 239, 237, 55, 109, 28, 48, 10, 169, 180,
       127, 191, 80, 252, 175, 177, 117, 80, 221, 221, 208, 75, 223, 241,
       161, 24, 10, 152, 78, 189, 137, 147, 194, 16, 182, 111, 126, 212,
       31, 90, 85, 127, 211, 12, 198, 198, 56, 1, 69, 225, 5, 218, 96, 1,
       117, 21, 102, 2, 115, 19, 0, 92, 104, 188, 168, 136, 8, 216, 245,
       128, 199, 235, 208, 65, 35, 136, 116, 186, 1, 105, 66, 129, 66,
       170, 167, 198, 100, 8, 234, 198, 129, 0, 161, 212, 120, 132, 74,
       204, 67, 144, 69, 37, 36, 36, 34, 64, 41, 27, 241, 168, 1, 75,
       218, 249, 164, 138, 111, 151, 126, 9, 82, 228, 183, 131, 241, 104,
       114, 42, 38, 92, 195, 156, 5, 50, 236, 189, 54, 192, 156, 144,
       225, 169, 9, 218, 31, 249, 176, 142, 107, 151, 124, 73, 114, 116,
       191, 3, 176, 200, 55, 42, 14, 28, 131, 188, 17, 127, 228, 255, 54,
       64, 152, 144, 225, 57, 82, 129, 34, 186, 155, 128, 190, 105, 142,
       1, 203, 131, 236, 206, 60, 64, 246, 51, 59, 135, 86, 11, 15, 215,
       177, 52, 138, 203, 20, 6, 177, 134, 236, 240, 17, 226, 13, 77, 65,
       216, 7, 50, 161, 24, 150, 211, 72, 25, 145, 152, 95, 122, 107, 39,
       250, 16, 217, 208, 65, 124, 18, 11, 4, 34, 52, 148, 159, 248, 195,
       102, 85, 239, 145, 23, 228, 19, 6, 189, 40, 91, 201, 215, 163, 48,
       56, 235, 18, 160, 91, 227, 84, 87, 241, 88, 230, 234, 94, 248,
       185, 224, 27, 68, 25, 202, 3, 176, 132, 10, 31, 159, 65, 114, 199,
       221, 221, 241, 74, 75, 250, 136, 251, 193, 143, 63, 176, 33, 39,
       51, 88, 129, 186, 106, 184, 236, 95, 23, 235, 13, 189, 0, 159,
       183, 74, 112, 160, 23, 125, 24, 18, 43, 162, 81, 219, 253, 50, 73,
       194, 194, 231, 107, 60, 115, 42, 140, 93, 87, 183, 120, 14, 236,
       253, 175, 94, 222, 107, 32, 252, 216, 206, 226, 201, 51, 123, 216,
       245, 5, 171, 63, 83, 62, 127, 243, 58, 17, 96, 229, 87, 82, 250,
       112, 101, 40, 254, 35, 75, 27, 148, 228, 122, 140, 151, 234, 204,
       178, 101, 204, 246, 253, 170, 129, 111, 142, 120, 135, 60, 168,
       57, 106, 121, 237, 83, 250, 103, 41, 248, 8, 63, 255, 64, 144,
       153, 154, 215, 88, 10, 42, 90, 53, 219, 221, 33, 123, 242, 3, 70,
       171, 212, 36, 191, 225, 133, 110, 121, 27, 48, 251, 167, 24, 215,
       55, 72, 91, 177, 151, 125, 56, 56, 213, 145, 2, 207, 203, 119,
       100, 128, 96, 230, 34, 18, 140, 2, 219, 77, 249, 178, 70, 173, 5,
       169, 3, 168, 154, 100, 196, 232, 163, 203, 131, 14, 43, 2, 224,
       151, 20, 154, 107, 17, 11, 189, 142, 50, 172, 234, 168, 210, 164,
       26, 206, 42, 1, 72, 131, 61, 238, 102, 80, 247, 251, 19, 148, 18,
       27, 146, 115, 251, 173, 142, 105, 177, 66, 39, 200, 83, 137, 226,
       136, 219, 160, 186, 198, 15, 97, 200, 131, 44, 190, 112, 96, 254,
       255, 187, 149, 158, 27, 213, 240, 187, 52, 143, 250, 149, 79, 177,
       94, 178, 66, 78, 172, 10, 3, 27, 120, 134, 164, 212, 239, 99, 197,
       163, 65, 92, 181, 175, 231, 200, 7, 14, 157, 240, 163, 233, 189,
       53, 190, 52, 80, 237, 114, 173, 103, 36, 79, 111, 20, 121, 238,
       55, 92, 243, 77, 223, 59, 156, 108, 116, 110, 237, 244, 249, 8,
       199, 153, 101, 176, 74, 187, 86, 249, 52, 67, 106, 44, 92, 139,
       195, 104, 196, 4, 241, 171, 67, 204, 191, 64, 88, 168, 134, 103,
       204, 163, 100, 28, 112, 36, 33, 25, 117, 175, 116, 196, 54, 89,
       41, 158, 93, 197, 147, 96, 132, 68, 216, 15, 50, 220, 53, 64, 200,
       248, 147, 67, 75, 43, 114, 189, 113, 36, 136, 27, 117, 63, 116,
       250, 93, 157, 127, 236, 50, 210, 63, 176, 237, 68, 110, 32, 93,
       119, 163, 113, 118, 119, 188, 234, 129, 153, 33, 125, 251, 233,
