%YAML:1.0
---
descriptors: !!opencv-matrix
   rows: 90
   cols: 32
   dt: u
   data: [ 21, 74, 155, 190, 6, 134, 106, 80, 148, 136, 83, 102, 117,
       211, 161, 73, 126, 121, 55, 202, 65, 147, 2, 232, 208, 160, 234,
       128, 60, 187, 49, 161, 247, 71, 107, 132, 246, 18, 239, 112, 169,
       198, 219, 231, 73, 238, 183, 35, 126, 229, 23, 239, 229, 211, 164,
       204, 54, 42, 239, 132, 45, 247, 119, 213, 27, 151, 107, 201, 214,
       183, 235, 82, 68, 105, 94, 230, 25, 61, 182, 96, 126, 186, 23,
       189, 147, 184, 53, 222, 126, 77, 170, 196, 191, 206, 112, 241, 58,
       188, 34, 158, 95, 213, 178, 239, 137, 71, 204, 143, 108, 252, 62,
       134, 233, 51, 211, 161, 38, 47, 186, 255, 51, 119, 154, 43, 215,
       14, 63, 222, 181, 10, 195, 253, 70, 35, 232, 88, 23, 130, 243,
       242, 113, 203, 177, 232, 122, 172, 54, 142, 169, 247, 135, 202,
       148, 238, 243, 136, 61, 169, 112, 161, 207, 50, 239, 192, 106, 48,
       249, 17, 169, 246, 23, 255, 29, 15, 222, 63, 166, 149, 253, 191,
       181, 71, 164, 192, 22, 121, 250, 174, 175, 229, 39, 117, 19, 156,
       107, 249, 52, 171, 233, 115, 63, 1, 95, 242, 189, 189, 176, 96,
       127, 58, 23, 25, 179, 184, 37, 223, 204, 247, 186, 192, 180, 136,
       113, 185, 3, 26, 6, 157, 114, 134, 168, 71, 191, 65, 82, 199, 172,
       138, 52, 196, 230, 47, 59, 133, 135, 152, 21, 221, 4, 54, 154,
       194, 28, 4, 41, 157, 19, 219, 71, 157, 22, 130, 172, 101, 212, 8,
       82, 231, 36, 138, 176, 196, 110, 107, 55, 197, 199, 184, 6, 253,
       32, 32, 190, 130, 61, 28, 185, 141, 82, 203, 10, 140, 94, 144,
       190, 101, 172, 140, 218, 163, 164, 142, 52, 192, 238, 187, 223,
       193, 72, 139, 0, 253, 176, 52, 142, 139, 20, 18, 173, 142, 2, 165,
       144, 210, 217, 241, 144, 207, 155, 21, 45, 27, 172, 255, 78, 140,
       137, 27, 147, 144, 18, 106, 218, 243, 47, 22, 159, 127, 147, 68,
       135, 238, 178, 253, 46, 184, 125, 215, 150, 238, 159, 126, 144,
       175, 40, 252, 103, 1, 221, 123, 215, 227, 239, 47, 58, 255, 115,
       82, 157, 191, 93, 124, 31, 223, 50, 76, 234, 157, 86, 244, 252,
       71, 26, 71, 90, 151, 49, 172, 183, 98, 239, 239, 17, 133, 166,
       222, 180, 235, 103, 47, 190, 129, 133, 80, 124, 222, 166, 122,
       160, 154, 239, 225, 189, 206, 154, 254, 80, 183, 140, 206, 119,
       14, 239, 121, 147, 211, 98, 118, 170, 242, 93, 16, 223, 175, 215,
       125, 23, 223, 34, 204, 138, 140, 84, 229, 190, 231, 28, 3, 88, 3,
       36, 186, 36, 192, 216, 59, 147, 129, 102, 58, 80, 235, 181, 165,
       186, 171, 21, 88, 57, 142, 11, 158, 31, 248, 176, 164, 56, 151,
       191, 25, 88, 116, 188, 179, 160, 104, 231, 35, 31, 28, 179, 9, 34,
       247, 200, 255, 58, 202, 152, 192, 161, 41, 6, 4, 160, 137, 85,
       247, 186, 66, 31, 5, 89, 19, 140, 28, 54, 204, 217, 27, 147, 17,
       22, 152, 17, 215, 15, 22, 154, 67, 150, 78, 61, 134, 10, 177, 114,
       136, 123, 209, 186, 204, 143, 69, 124, 167, 172, 222, 238, 196,
       254, 27, 151, 209, 22, 10, 50, 213, 62, 85, 10, 239, 30, 6, 173,
       215, 141, 207, 30, 251, 236, 39, 239, 220, 158, 154, 152, 98, 253,
       243, 249, 97, 255, 83, 31, 251, 243, 99, 10, 250, 108, 143, 239,
       140, 156, 251, 161, 161, 3, 145, 113, 233, 244, 149, 248, 51, 15,
       121, 252, 246, 157, 15, 180, 100, 239, 155, 31, 157, 211, 58, 101,
       213, 142, 220, 186, 198, 31, 140, 241, 181, 138, 180, 189, 249,
       253, 229, 185, 95, 158, 27, 85, 50, 156, 191, 104, 104, 199, 27,
       179, 153, 50, 92, 114, 215, 79, 223, 158, 238, 150, 72, 161, 163,
       21, 80, 203, 236, 22, 130, 107, 80, 20, 130, 211, 246, 81, 195,
       169, 104, 126, 188, 31, 184, 41, 149, 21, 14, 208, 167, 170, 128,
       173, 171, 48, 48, 30, 34, 226, 193, 71, 187, 232, 89, 127, 117,
       87, 182, 201, 138, 254, 236, 123, 141, 183, 157, 150, 180, 37,
       208, 94, 79, 187, 197, 183, 141, 125, 196, 187, 223, 107, 233,
       119, 215, 255, 112, 69, 76, 252, 231, 27, 29, 182, 165, 126, 185,
       151, 239, 237, 182, 52, 223, 115, 93, 170, 226, 127, 142, 124,
       253, 110, 178, 232, 16, 235, 125, 189, 222, 171, 127, 52, 253, 12,
       254, 207, 31, 135, 91, 247, 21, 151, 66, 186, 240, 31, 89, 125,
       255, 142, 117, 143, 215, 57, 218, 107, 252, 118, 151, 235, 112,
       87, 72, 116, 230, 57, 205, 183, 96, 126, 168, 23, 207, 203, 182,
       36, 255, 112, 205, 170, 136, 127, 139, 112, 249, 11, 133, 96, 139,
       244, 145, 186, 119, 95, 73, 92, 195, 184, 30, 190, 96, 126, 27,
       151, 149, 215, 184, 37, 247, 126, 93, 186, 192, 31, 142, 185, 220,
       155, 156, 39, 221, 50, 230, 45, 55, 124, 74, 70, 240, 253, 55,
       176, 101, 39, 63, 53, 141, 225, 156, 53, 79, 229, 46, 250, 128,
       38, 192, 165, 253, 18, 75, 14, 188, 46, 128, 188, 101, 172, 12,
       210, 231, 53, 138, 176, 65, 110, 161, 31, 231, 64, 139, 2, 237,
       240, 225, 174, 137, 29, 16, 185, 155, 3, 143, 64, 185, 206, 149,
       238, 35, 172, 66, 73, 199, 141, 234, 50, 193, 103, 171, 27, 175,
       244, 152, 78, 223, 172, 12, 143, 236, 61, 230, 185, 132, 35, 127,
       115, 204, 122, 181, 186, 92, 137, 72, 120, 228, 180, 222, 181,
       160, 222, 57, 22, 229, 135, 3, 102, 253, 54, 60, 170, 170, 28,
       147, 35, 189, 58, 188, 32, 142, 63, 215, 146, 250, 14, 234, 152,
       175, 44, 188, 38, 0, 221, 115, 223, 193, 204, 43, 122, 255, 155,
       87, 155, 191, 87, 110, 55, 223, 19, 228, 38, 135, 198, 34, 174,
       238, 236, 242, 218, 131, 200, 40, 61, 43, 123, 71, 19, 231, 196,
       245, 13, 233, 36, 10, 222, 133, 5, 127, 49, 206, 81, 223, 122,
       172, 26, 152, 22, 184, 230, 116, 30, 175, 231, 204, 171, 66, 182,
       197, 172, 103, 198, 49, 173, 53, 242, 225, 39, 189, 60, 186, 13,
       89, 25, 157, 21, 247, 53, 203, 81, 35, 221, 113, 6, 32, 254, 49,
       0, 229, 130, 50, 124, 8, 49, 216, 113, 189, 143, 218, 80, 82, 170,
       8, 80, 58, 255, 94, 236, 97, 188, 55, 76, 158, 83, 238, 180, 223,
       67, 44, 215, 60, 93, 196, 53, 189, 173, 246, 101, 142, 186, 223,
       245, 244, 255, 253, 90, 84, 5, 149, 119, 91, 164, 239, 229, 191,
       125, 29, 127, 0, 208, 125, 188, 108, 123, 26, 50, 56, 147, 176,
       63, 215, 109, 30, 87, 68, 215, 202, 213, 245, 134, 96, 176, 153,
       69, 213, 184, 72, 31, 63, 81, 19, 140, 158, 119, 140, 217, 25,
       147, 145, 38, 180, 82, 210, 15, 22, 154, 99, 146, 13, 29, 134, 2,
       133, 16, 137, 213, 231, 187, 98, 30, 5, 91, 3, 140, 60, 38, 64,
       216, 27, 147, 49, 54, 152, 81, 223, 45, 20, 138, 67, 148, 15, 53,
       198, 19, 14, 107, 193, 118, 242, 235, 82, 85, 76, 94, 162, 25,
       142, 182, 100, 126, 137, 23, 189, 133, 186, 36, 206, 54, 76, 170,
       192, 53, 142, 117, 245, 23, 34, 227, 209, 86, 178, 232, 82, 125,
       75, 87, 246, 153, 139, 176, 236, 127, 172, 22, 156, 147, 148, 37,
       194, 22, 239, 186, 196, 175, 205, 113, 177, 187, 94, 103, 236, 38,
       54, 223, 112, 29, 74, 214, 231, 121, 63, 183, 101, 126, 177, 151,
       239, 237, 183, 37, 223, 242, 251, 234, 128, 63, 253, 116, 121,
       147, 90, 103, 157, 38, 130, 171, 214, 212, 66, 210, 230, 49, 206,
       177, 105, 110, 233, 63, 207, 225, 133, 38, 253, 128, 170, 250,
       128, 61, 153, 49, 189, 86, 127, 254, 164, 162, 66, 191, 247, 168,
       206, 158, 167, 29, 175, 227, 90, 38, 247, 253, 199, 192, 219, 128,
       232, 242, 231, 238, 129, 165, 242, 167, 91, 218, 84, 252, 244, 11,
       120, 85, 55, 169, 246, 166, 186, 255, 63, 7, 127, 39, 247, 253,
       162, 104, 101, 243, 192, 215, 251, 84, 19, 103, 244, 5, 122, 35,
       31, 99, 206, 120, 246, 154, 81, 141, 72, 249, 231, 48, 158, 181,
       112, 206, 187, 23, 199, 141, 139, 96, 239, 50, 60, 170, 146, 29,
       94, 114, 221, 35, 74, 112, 11, 87, 144, 250, 71, 109, 69, 253,
       166, 40, 10, 182, 220, 106, 169, 130, 156, 150, 190, 100, 247, 22,
       124, 18, 67, 255, 134, 235, 196, 15, 221, 147, 187, 182, 163, 190,
       215, 30, 203, 88, 226, 252, 254, 225, 96, 247, 123, 151, 209, 183,
       152, 26, 250, 172, 86, 191, 130, 156, 90, 169, 159, 6, 115, 243,
