%YAML:1.0
---
descriptors: !!opencv-matrix
   rows: 41
   cols: 32
   dt: u
   data: [ 110, 165, 132, 183, 157, 125, 182, 175, 155, 191, 143, 25,
       232, 108, 94, 142, 153, 70, 249, 145, 30, 232, 219, 162, 47, 87,
       221, 87, 130, 108, 158, 86, 3, 159, 67, 137, 118, 147, 170, 118,
       28, 73, 88, 231, 49, 138, 180, 224, 126, 43, 23, 197, 135, 152, 4,
       255, 38, 44, 170, 192, 61, 142, 57, 157, 57, 93, 38, 220, 93, 150,
       215, 114, 213, 206, 252, 6, 98, 248, 55, 228, 232, 236, 166, 207,
       236, 171, 112, 175, 51, 111, 194, 11, 91, 188, 120, 220, 11, 89,
       123, 254, 124, 215, 251, 112, 157, 200, 253, 34, 252, 223, 183,
       96, 254, 249, 151, 227, 193, 179, 58, 254, 119, 253, 171, 170, 31,
       175, 101, 251, 150, 142, 214, 255, 134, 162, 238, 231, 189, 130,
       243, 210, 237, 235, 53, 77, 127, 247, 47, 195, 112, 237, 27, 238,
       188, 182, 223, 128, 189, 121, 169, 0, 174, 221, 118, 154, 239,
       249, 190, 228, 143, 190, 152, 34, 204, 254, 103, 199, 239, 243,
       255, 243, 84, 39, 58, 242, 191, 80, 143, 191, 151, 127, 181, 223,
       234, 183, 116, 31, 122, 105, 155, 187, 11, 117, 25, 189, 237, 108,
       158, 23, 7, 87, 241, 39, 182, 120, 255, 253, 76, 118, 89, 183, 87,
       205, 135, 255, 141, 207, 156, 254, 236, 34, 239, 220, 30, 158,
       188, 246, 253, 227, 185, 201, 255, 211, 63, 251, 99, 99, 75, 243,
       124, 187, 239, 140, 156, 249, 169, 161, 25, 157, 111, 235, 182,
       159, 111, 119, 125, 105, 223, 86, 219, 45, 180, 96, 127, 143, 63,
       239, 249, 184, 125, 255, 254, 239, 190, 192, 61, 138, 240, 57, 43,
       155, 96, 153, 127, 145, 184, 119, 31, 77, 92, 231, 168, 204, 182,
       196, 94, 43, 151, 149, 150, 26, 86, 213, 14, 84, 154, 235, 63, 12,
       189, 223, 31, 122, 122, 174, 62, 199, 219, 216, 143, 236, 223,
       231, 254, 223, 255, 96, 254, 245, 255, 231, 143, 35, 175, 223,
       242, 253, 171, 158, 63, 191, 53, 83, 202, 216, 182, 152, 239, 245,
       184, 199, 159, 95, 148, 55, 44, 158, 103, 207, 239, 187, 191, 145,
       166, 111, 178, 209, 27, 83, 222, 251, 158, 92, 189, 223, 126, 97,
       114, 229, 39, 91, 126, 112, 41, 160, 246, 139, 75, 31, 21, 48,
       126, 245, 223, 235, 200, 179, 117, 204, 243, 249, 130, 147, 103,
       191, 118, 230, 63, 5, 96, 225, 245, 19, 122, 248, 77, 160, 254,
       130, 91, 15, 189, 112, 126, 157, 151, 254, 152, 178, 125, 222,
       255, 221, 139, 197, 55, 143, 112, 164, 11, 179, 232, 201, 247,
       181, 249, 83, 79, 77, 92, 167, 185, 159, 246, 228, 127, 59, 151,
       157, 151, 24, 36, 211, 78, 93, 186, 232, 151, 142, 253, 253, 58,
       133, 98, 233, 247, 146, 250, 119, 85, 1, 254, 194, 41, 11, 180,
       196, 126, 159, 151, 140, 158, 186, 69, 207, 118, 253, 162, 193,
       103, 142, 248, 130, 78, 181, 188, 149, 189, 124, 48, 139, 59, 253,
       14, 25, 204, 254, 78, 2, 149, 87, 249, 17, 22, 72, 251, 195, 207,
       87, 221, 127, 130, 100, 156, 87, 10, 140, 18, 252, 85, 245, 56,
       103, 157, 1, 104, 18, 172, 146, 32, 228, 236, 59, 130, 0, 23, 155,
       18, 223, 149, 244, 154, 75, 26, 8, 169, 142, 57, 24, 98, 220, 93,
       214, 208, 98, 213, 196, 246, 7, 34, 184, 39, 228, 216, 168, 166,
       129, 205, 187, 114, 143, 19, 127, 146, 11, 127, 44, 124, 222, 187,
       127, 107, 201, 118, 151, 235, 112, 85, 76, 116, 230, 25, 12, 182,
       161, 126, 136, 151, 253, 239, 186, 36, 220, 126, 73, 170, 224,
       127, 142, 120, 253, 191, 30, 227, 222, 118, 179, 235, 114, 213,
       202, 223, 230, 105, 238, 183, 228, 126, 253, 183, 207, 173, 183,
       46, 238, 50, 111, 171, 128, 63, 255, 112, 245, 31, 94, 99, 223,
       118, 179, 239, 112, 85, 202, 223, 230, 121, 237, 183, 228, 126,
       232, 55, 207, 169, 179, 46, 238, 118, 111, 171, 128, 63, 255, 112,
       245, 12, 158, 133, 159, 213, 79, 239, 248, 30, 90, 210, 70, 252,
       106, 57, 193, 123, 235, 142, 239, 115, 250, 123, 255, 189, 6, 239,
       192, 156, 121, 49, 249, 137, 14, 220, 189, 236, 51, 253, 251, 158,
       254, 252, 182, 237, 227, 243, 207, 127, 103, 174, 172, 229, 119,
       99, 218, 110, 223, 239, 165, 30, 252, 41, 249, 52, 84, 169, 175,
       172, 111, 207, 152, 22, 218, 89, 66, 213, 117, 57, 104, 89, 92,
       55, 107, 41, 116, 91, 26, 237, 134, 231, 4, 176, 123, 208, 177,
       143, 158, 148, 249, 237, 181, 61, 223, 159, 59, 84, 118, 140, 191,
       227, 237, 231, 27, 183, 145, 166, 94, 34, 210, 207, 223, 223, 239,
       158, 252, 169, 159, 23, 93, 107, 206, 246, 86, 239, 248, 84, 200,
       223, 198, 113, 237, 191, 100, 126, 236, 23, 239, 201, 179, 61,
       238, 114, 47, 175, 132, 47, 251, 112, 245, 27, 65, 120, 237, 119,
       90, 123, 120, 69, 228, 127, 131, 91, 31, 179, 112, 126, 157, 151,
       238, 204, 176, 101, 204, 247, 237, 162, 133, 55, 175, 124, 226,
       40, 136, 48, 217, 93, 221, 241, 71, 221, 13, 244, 19, 170, 140,
       38, 68, 200, 186, 130, 0, 14, 190, 114, 221, 7, 244, 18, 11, 83,
       12, 108, 206, 59, 86, 111, 237, 38, 86, 255, 112, 5, 78, 214, 231,
       121, 31, 178, 97, 126, 145, 151, 239, 237, 181, 53, 159, 242, 239,
       234, 128, 63, 158, 124, 121, 194, 137, 164, 187, 13, 132, 56, 168,
       142, 85, 202, 23, 236, 232, 58, 66, 193, 99, 187, 69, 22, 13, 91,
       247, 204, 54, 203, 219, 20, 14, 17, 90, 137, 30, 254, 245, 124,
       115, 249, 115, 31, 255, 214, 183, 173, 175, 178, 107, 239, 37,
       190, 12, 165, 255, 119, 202, 222, 223, 251, 161, 158, 204, 45,
       253, 139, 158, 188, 217, 173, 245, 121, 87, 159, 255, 92, 55, 172,
       191, 230, 109, 231, 59, 191, 148, 182, 92, 226, 211, 207, 223,
       223, 239, 146, 204, 173, 223, 74, 185, 190, 184, 237, 245, 184,
       71, 143, 93, 220, 47, 172, 158, 102, 206, 206, 59, 191, 145, 214,
       11, 242, 209, 159, 85, 218, 235, 150, 78, 173, 223, 10, 184, 23,
       249, 253, 165, 185, 87, 142, 25, 80, 118, 188, 159, 96, 73, 239,
       59, 179, 145, 147, 24, 18, 245, 77, 25, 58, 234, 152, 8, 161, 187,
       47, 31, 123, 254, 118, 243, 255, 112, 95, 74, 125, 230, 125, 255,
       183, 100, 126, 185, 23, 238, 193, 178, 46, 255, 118, 255, 171,
       136, 63, 251, 113, 241, 139, 30, 236, 253, 44, 251, 121, 23, 127,
       255, 118, 183, 189, 47, 182, 107, 239, 47, 191, 4, 165, 252, 119,
       195, 207, 255, 242, 129, 150, 204, 109, 255, 245, 207, 221, 238,
       188, 43, 78, 184, 82, 170, 184, 106, 243, 225, 217, 98, 89, 204,
       44, 110, 233, 102, 207, 59, 184, 142, 229, 188, 188, 251, 80, 160,
       58, 79, 66, 229, 87, 146, 254, 103, 21, 172, 250, 35, 43, 11, 53,
       212, 122, 173, 151, 224, 76, 187, 1, 206, 178, 237, 130, 131, 127,
       140, 124, 142, 43, 51, 99, 200, 118, 133, 251, 83, 75, 73, 124,
       238, 24, 157, 244, 52, 126, 184, 23, 156, 131, 58, 164, 209, 86,
       28, 160, 232, 127, 142, 114, 253, 130, 152, 190, 185, 101, 236,
       185, 23, 191, 95, 86, 53, 188, 159, 54, 73, 199, 59, 191, 21, 182,
       220, 114, 211, 79, 123, 90, 195, 148, 4, 133, 223 ]
