%YAML:1.0
---
descriptors: !!opencv-matrix
   rows: 99
   cols: 32
   dt: u
   data: [ 218, 153, 18, 184, 43, 196, 16, 3, 175, 29, 138, 49, 174, 158,
       96, 210, 230, 55, 253, 145, 30, 9, 146, 209, 217, 241, 26, 91, 18,
       4, 165, 91, 66, 185, 186, 89, 248, 173, 57, 215, 175, 13, 124, 5,
       188, 231, 246, 84, 167, 59, 127, 24, 146, 56, 178, 241, 79, 253,
       54, 235, 146, 194, 167, 251, 244, 126, 221, 117, 248, 102, 79,
       255, 50, 234, 168, 124, 87, 103, 193, 26, 85, 222, 125, 190, 57,
       199, 217, 42, 249, 142, 229, 188, 168, 241, 166, 241, 221, 82,
       253, 109, 34, 94, 127, 57, 33, 78, 87, 228, 221, 23, 146, 115, 54,
       212, 253, 238, 225, 212, 237, 72, 230, 235, 231, 132, 46, 176,
       131, 113, 228, 204, 90, 154, 206, 169, 118, 231, 158, 50, 104, 59,
       102, 249, 109, 89, 179, 234, 35, 18, 118, 126, 10, 115, 124, 14,
       85, 111, 153, 120, 217, 138, 177, 5, 67, 137, 86, 139, 227, 103,
       92, 64, 240, 82, 19, 8, 176, 33, 120, 138, 6, 173, 105, 186, 68,
       223, 180, 134, 178, 0, 125, 8, 240, 168, 139, 18, 109, 5, 34, 63,
       249, 27, 45, 238, 118, 253, 159, 12, 150, 189, 62, 13, 94, 45,
       165, 180, 101, 76, 70, 121, 96, 132, 111, 132, 11, 245, 145, 68,
       218, 229, 18, 42, 107, 122, 52, 130, 106, 82, 119, 35, 33, 112,
       115, 76, 8, 168, 41, 148, 17, 14, 224, 175, 50, 0, 168, 243, 33,
       32, 116, 32, 158, 169, 204, 41, 160, 202, 70, 177, 233, 27, 130,
       128, 105, 88, 233, 136, 106, 17, 30, 59, 75, 16, 157, 0, 87, 125,
       209, 75, 250, 130, 240, 65, 146, 140, 73, 67, 4, 103, 37, 162,
       224, 26, 6, 179, 33, 159, 232, 212, 106, 34, 104, 103, 131, 64,
       145, 162, 212, 63, 65, 120, 166, 130, 2, 128, 26, 248, 125, 228,
       184, 103, 158, 1, 212, 18, 189, 155, 48, 96, 238, 59, 139, 129,
       50, 11, 18, 215, 213, 245, 154, 75, 16, 8, 165, 171, 5, 84, 189,
       87, 108, 127, 245, 186, 204, 186, 126, 18, 210, 117, 157, 47, 5,
       84, 126, 42, 225, 244, 123, 40, 71, 155, 119, 4, 66, 249, 69, 171,
       37, 241, 97, 77, 244, 7, 239, 248, 83, 232, 124, 78, 82, 96, 157,
       180, 88, 236, 22, 110, 201, 178, 125, 221, 60, 28, 165, 36, 127,
       186, 114, 180, 55, 235, 66, 76, 116, 151, 234, 120, 95, 232, 253,
       198, 97, 200, 191, 164, 124, 236, 22, 239, 205, 179, 44, 223, 58,
       93, 167, 164, 95, 174, 122, 133, 70, 255, 183, 187, 255, 213, 191,
       231, 191, 23, 154, 19, 236, 254, 110, 66, 239, 123, 251, 211, 118,
       107, 187, 247, 191, 118, 223, 91, 146, 94, 165, 207, 2, 138, 166,
       153, 47, 145, 184, 71, 142, 85, 82, 183, 172, 142, 118, 202, 231,
       35, 187, 149, 22, 13, 7, 209, 20, 54, 218, 203, 156, 12, 189, 223,
       187, 214, 102, 0, 119, 147, 250, 116, 117, 230, 215, 183, 73, 78,
       190, 165, 126, 173, 151, 239, 237, 151, 52, 222, 50, 91, 203, 135,
       47, 182, 122, 213, 246, 97, 0, 172, 29, 11, 70, 232, 15, 160, 161,
       11, 198, 195, 33, 80, 248, 197, 106, 99, 104, 35, 203, 62, 176,
       160, 143, 61, 57, 59, 114, 2, 42, 221, 115, 202, 255, 215, 207,
       253, 79, 108, 253, 42, 104, 221, 188, 164, 126, 186, 151, 234,
       211, 43, 120, 255, 63, 92, 135, 254, 95, 142, 244, 255, 58, 107,
       96, 174, 109, 153, 222, 70, 143, 108, 252, 175, 43, 140, 247, 132,
       142, 171, 215, 69, 206, 43, 102, 185, 50, 221, 128, 187, 119, 158,
       94, 223, 61, 79, 111, 239, 180, 166, 111, 240, 117, 76, 254, 198,
       115, 43, 187, 96, 126, 206, 30, 238, 137, 187, 45, 173, 242, 239,
       162, 128, 239, 219, 112, 224, 97, 176, 185, 101, 125, 79, 208, 24,
       75, 240, 165, 12, 222, 29, 84, 50, 147, 12, 120, 61, 135, 102,
       251, 29, 207, 217, 1, 126, 74, 40, 67, 242, 89, 249, 185, 101, 25,
       30, 91, 176, 99, 232, 174, 76, 223, 151, 65, 114, 132, 245, 124,
       254, 201, 65, 249, 8, 239, 249, 5, 20, 10, 162, 3, 56, 195, 6,
       239, 181, 46, 160, 57, 19, 191, 211, 18, 243, 253, 15, 180, 107,
       199, 53, 61, 133, 163, 204, 135, 195, 192, 122, 250, 128, 140,
       132, 49, 73, 183, 4, 126, 224, 254, 23, 218, 248, 93, 226, 247,
       138, 83, 108, 255, 97, 255, 221, 191, 183, 237, 231, 125, 206,
       154, 223, 207, 223, 253, 170, 120, 148, 181, 79, 83, 71, 134, 58,
       230, 148, 116, 194, 123, 86, 83, 96, 157, 228, 120, 206, 6, 106,
       249, 180, 125, 46, 52, 172, 38, 0, 237, 251, 208, 164, 164, 118,
       124, 87, 108, 79, 229, 185, 237, 190, 55, 48, 211, 81, 143, 63,
       15, 84, 110, 42, 240, 229, 123, 44, 71, 155, 117, 4, 66, 251, 198,
       163, 4, 16, 188, 87, 44, 111, 245, 154, 207, 191, 191, 0, 210,
       125, 143, 42, 129, 86, 110, 10, 128, 225, 123, 64, 71, 159, 113,
       21, 194, 251, 69, 171, 42, 36, 226, 201, 213, 251, 176, 71, 95,
       45, 120, 59, 8, 188, 118, 132, 249, 138, 147, 145, 22, 186, 68,
       210, 31, 20, 146, 227, 215, 76, 254, 198, 2, 156, 155, 187, 113,
       229, 186, 194, 30, 15, 74, 19, 172, 159, 32, 72, 247, 59, 147,
       145, 54, 156, 18, 255, 79, 55, 154, 195, 144, 13, 45, 219, 55,
       235, 106, 170, 124, 147, 202, 248, 198, 200, 209, 239, 99, 200,
       191, 0, 94, 233, 151, 247, 206, 163, 78, 189, 120, 13, 171, 248,
       125, 175, 120, 141, 53, 73, 107, 202, 212, 135, 199, 240, 196,
       192, 253, 66, 115, 213, 179, 96, 88, 232, 22, 126, 201, 163, 108,
       60, 121, 173, 165, 24, 247, 187, 112, 224, 138, 157, 178, 145,
       165, 215, 188, 231, 31, 111, 90, 23, 140, 190, 98, 196, 239, 59,
       179, 145, 246, 216, 113, 194, 111, 87, 158, 199, 18, 76, 189, 223,
       49, 105, 251, 78, 124, 194, 207, 80, 196, 192, 252, 74, 115, 233,
       181, 32, 88, 232, 6, 202, 201, 163, 38, 41, 115, 173, 161, 136,
       101, 187, 116, 232, 72, 249, 176, 46, 57, 221, 18, 133, 171, 77,
       172, 9, 174, 223, 66, 208, 132, 115, 237, 80, 94, 11, 250, 177,
       187, 245, 5, 123, 18, 6, 143, 91, 209, 82, 253, 189, 44, 14, 93,
       56, 164, 250, 150, 247, 215, 63, 147, 75, 102, 197, 125, 231, 237,
       229, 227, 8, 208, 235, 250, 148, 44, 249, 113, 89, 69, 124, 157,
       117, 172, 110, 118, 144, 120, 242, 34, 104, 214, 49, 65, 187, 147,
       116, 124, 122, 33, 240, 217, 32, 173, 190, 69, 22, 200, 115, 75,
       35, 17, 157, 23, 245, 146, 78, 52, 55, 61, 162, 234, 64, 127, 55,
       0, 241, 167, 183, 92, 170, 121, 216, 17, 109, 161, 234, 86, 2, 40,
       96, 161, 57, 209, 156, 145, 253, 176, 166, 66, 59, 62, 11, 106,
       80, 246, 243, 32, 240, 213, 63, 60, 136, 59, 152, 25, 95, 169,
       174, 35, 0, 152, 224, 41, 49, 52, 104, 146, 128, 204, 11, 160, 70,
       100, 161, 224, 74, 6, 178, 97, 26, 233, 196, 74, 17, 8, 227, 129,
       66, 153, 132, 151, 63, 193, 120, 98, 138, 244, 96, 154, 168, 221,
       11, 64, 206, 214, 129, 224, 25, 6, 152, 97, 24, 249, 136, 66, 81,
       28, 99, 130, 66, 153, 4, 5, 127, 208, 121, 114, 130, 92, 180, 157,
       113, 178, 106, 21, 143, 50, 255, 43, 57, 215, 55, 72, 27, 151, 23,
       237, 48, 27, 88, 249, 2, 201, 199, 117, 119, 160, 64, 135, 115,
       26, 29, 111, 233, 54, 210, 107, 113, 5, 76, 222, 162, 89, 23, 178,
       101, 126, 181, 159, 234, 217, 155, 37, 221, 243, 233, 170, 193,
       55, 138, 116, 113, 94, 114, 251, 103, 43, 124, 25, 24, 169, 206,
       55, 173, 95, 255, 207, 254, 182, 85, 253, 54, 133, 85, 184, 200,
       215, 251, 97, 131, 174, 247, 15, 119, 239, 50, 249, 112, 161, 125,
       89, 25, 235, 253, 55, 61, 142, 157, 223, 191, 135, 149, 245, 19,
       151, 100, 184, 208, 203, 217, 37, 255, 198, 229, 207, 119, 186,
       31, 103, 236, 63, 195, 123, 121, 133, 12, 254, 163, 107, 207, 32,
       65, 126, 176, 191, 226, 120, 171, 33, 157, 243, 233, 163, 195, 55,
       142, 116, 115, 138, 217, 51, 154, 125, 213, 187, 246, 159, 76, 84,
       163, 172, 221, 55, 228, 238, 59, 147, 209, 243, 58, 50, 255, 119,
       121, 138, 171, 23, 13, 53, 251, 94, 50, 249, 231, 231, 124, 249,
       24, 105, 254, 183, 187, 223, 63, 221, 63, 183, 213, 253, 243, 129,
       245, 161, 192, 223, 217, 123, 167, 231, 247, 71, 119, 222, 90,
