%YAML:1.0
---
descriptors: !!opencv-matrix
   rows: 110
   cols: 32
   dt: u
   data: [ 25, 28, 123, 237, 118, 246, 249, 115, 125, 78, 94, 198, 57,
       15, 182, 97, 118, 189, 23, 172, 225, 157, 52, 206, 118, 239, 186,
       128, 47, 128, 97, 249, 42, 177, 114, 154, 125, 213, 178, 196, 159,
       93, 125, 27, 40, 220, 126, 132, 217, 27, 147, 81, 22, 58, 122,
       247, 31, 28, 154, 107, 215, 15, 254, 214, 49, 10, 75, 252, 12,
       128, 203, 242, 196, 128, 212, 194, 49, 193, 177, 97, 104, 224, 30,
       206, 137, 171, 38, 173, 208, 233, 170, 136, 53, 185, 112, 40, 70,
       248, 57, 242, 27, 197, 19, 226, 138, 53, 129, 41, 188, 222, 64,
       48, 199, 123, 217, 210, 75, 75, 250, 245, 217, 145, 159, 123, 16,
       3, 7, 122, 255, 70, 69, 141, 12, 50, 206, 120, 22, 226, 209, 239,
       67, 40, 151, 207, 92, 196, 191, 239, 237, 55, 77, 154, 144, 98,
       233, 148, 63, 255, 120, 84, 0, 160, 142, 157, 88, 143, 160, 40,
       182, 176, 66, 0, 244, 224, 40, 66, 49, 108, 98, 96, 2, 208, 139,
       29, 12, 35, 111, 12, 16, 40, 33, 130, 100, 160, 132, 28, 89, 143,
       160, 232, 150, 177, 64, 8, 228, 226, 104, 82, 81, 108, 98, 80, 2,
       82, 219, 29, 13, 34, 79, 108, 16, 42, 3, 130, 49, 67, 106, 76, 84,
       19, 194, 120, 68, 4, 255, 66, 67, 8, 183, 96, 120, 140, 6, 107,
       204, 179, 37, 12, 114, 173, 32, 5, 117, 170, 120, 132, 109, 122,
       168, 1, 101, 127, 83, 144, 83, 238, 54, 13, 219, 12, 215, 186,
       157, 100, 228, 126, 141, 116, 249, 170, 79, 221, 37, 53, 202, 255,
       94, 221, 209, 6, 239, 224, 134, 34, 105, 85, 116, 195, 214, 246,
       81, 43, 184, 107, 126, 132, 63, 189, 185, 151, 37, 194, 210, 235,
       250, 196, 173, 232, 240, 49, 52, 200, 254, 246, 199, 70, 85, 230,
       81, 23, 230, 19, 66, 61, 36, 91, 233, 222, 165, 16, 120, 250, 91,
       160, 155, 243, 212, 67, 227, 88, 246, 234, 24, 205, 71, 235, 20,
       79, 79, 188, 37, 128, 218, 66, 83, 83, 184, 229, 114, 196, 28,
       234, 105, 145, 89, 189, 177, 232, 161, 84, 38, 186, 112, 40, 252,
       127, 191, 228, 205, 67, 86, 103, 193, 174, 188, 43, 98, 189, 97,
       19, 200, 246, 236, 98, 72, 99, 200, 136, 243, 209, 101, 63, 99,
       122, 214, 43, 106, 184, 188, 248, 105, 221, 49, 207, 175, 61, 164,
       25, 172, 223, 70, 90, 129, 27, 235, 16, 18, 75, 250, 241, 223,
       209, 95, 127, 146, 4, 143, 234, 165, 161, 109, 73, 212, 159, 224,
       89, 69, 81, 125, 22, 145, 200, 222, 36, 120, 10, 18, 220, 151,
       184, 126, 192, 15, 24, 0, 68, 239, 142, 242, 244, 82, 137, 2, 190,
       17, 192, 48, 230, 169, 5, 202, 1, 172, 179, 32, 86, 224, 119, 233,
       193, 10, 9, 146, 229, 241, 245, 154, 11, 0, 4, 173, 10, 90, 141,
       118, 239, 179, 178, 122, 183, 165, 0, 78, 163, 109, 127, 160, 229,
       118, 183, 189, 224, 60, 153, 1, 253, 250, 255, 138, 195, 54, 198,
       169, 30, 130, 184, 187, 218, 239, 245, 185, 215, 143, 93, 84, 55,
       188, 159, 102, 43, 239, 59, 151, 145, 147, 79, 178, 241, 95, 81,
       122, 235, 154, 12, 165, 251, 11, 219, 235, 139, 114, 212, 187,
       212, 174, 77, 94, 231, 61, 159, 254, 100, 102, 89, 191, 213, 211,
       137, 62, 225, 110, 37, 174, 194, 63, 135, 165, 249, 11, 124, 234,
       197, 246, 251, 191, 215, 95, 199, 92, 163, 61, 172, 247, 32, 63,
       123, 151, 149, 135, 188, 36, 234, 102, 93, 190, 161, 231, 220,
       253, 221, 32, 129, 9, 173, 148, 195, 205, 37, 68, 0, 89, 2, 177,
       9, 48, 64, 88, 2, 19, 169, 81, 184, 81, 157, 101, 168, 138, 80,
       21, 138, 240, 168, 23, 124, 227, 209, 246, 167, 239, 215, 31, 235,
       86, 214, 25, 143, 245, 104, 127, 169, 23, 157, 163, 190, 37, 202,
       127, 14, 191, 132, 167, 220, 241, 249, 1, 220, 59, 88, 116, 165,
       179, 246, 252, 73, 124, 66, 60, 181, 165, 100, 167, 58, 2, 8, 163,
       173, 50, 127, 97, 62, 50, 2, 83, 129, 97, 233, 1, 201, 115, 89,
       100, 205, 169, 212, 238, 20, 116, 64, 184, 149, 245, 101, 10, 24,
       18, 74, 195, 56, 54, 241, 5, 24, 66, 40, 87, 154, 101, 236, 58,
       149, 123, 232, 211, 98, 89, 111, 21, 69, 252, 179, 27, 63, 38,
       112, 254, 155, 151, 160, 25, 155, 48, 222, 219, 229, 138, 199, 55,
       4, 166, 242, 216, 11, 250, 244, 165, 148, 117, 87, 177, 143, 118,
       23, 47, 171, 98, 27, 166, 34, 165, 12, 240, 237, 162, 128, 115,
       233, 116, 1, 99, 196, 228, 107, 184, 11, 235, 116, 225, 200, 125,
       87, 165, 206, 118, 153, 63, 143, 35, 25, 172, 178, 199, 4, 72,
       157, 32, 8, 195, 193, 116, 129, 98, 204, 198, 251, 152, 136, 58,
       184, 52, 249, 89, 71, 244, 93, 100, 17, 191, 141, 50, 88, 227,
       171, 143, 21, 62, 15, 34, 55, 219, 199, 50, 105, 176, 132, 167,
       90, 196, 36, 191, 225, 128, 102, 121, 31, 58, 179, 39, 16, 151,
       55, 72, 91, 177, 151, 121, 56, 50, 84, 177, 66, 207, 219, 87, 100,
       128, 192, 231, 98, 122, 120, 56, 228, 27, 71, 89, 126, 35, 172,
       160, 10, 63, 23, 65, 114, 204, 253, 221, 208, 72, 79, 216, 156,
       219, 193, 143, 187, 34, 32, 38, 43, 106, 8, 18, 153, 205, 233,
       176, 71, 172, 5, 160, 19, 168, 138, 36, 200, 232, 179, 203, 145,
       24, 47, 64, 226, 151, 80, 154, 123, 209, 12, 127, 138, 24, 160,
       158, 228, 172, 75, 221, 239, 142, 183, 152, 35, 207, 107, 96, 2,
       163, 85, 237, 33, 24, 73, 11, 152, 201, 199, 127, 53, 212, 104, 5,
       170, 189, 238, 109, 105, 124, 19, 207, 248, 86, 178, 180, 234, 83,
       73, 217, 33, 89, 200, 22, 238, 235, 102, 109, 159, 122, 203, 165,
       252, 119, 187, 82, 160, 104, 173, 184, 252, 189, 237, 85, 139,
       195, 29, 172, 8, 178, 249, 67, 18, 201, 58, 233, 16, 26, 106, 242,
       19, 203, 221, 20, 123, 210, 72, 94, 106, 179, 100, 69, 4, 14, 19,
       206, 120, 86, 226, 144, 206, 83, 8, 215, 165, 88, 196, 94, 239,
       237, 39, 109, 158, 48, 74, 233, 188, 127, 191, 90, 92, 209, 142,
       237, 241, 134, 32, 105, 23, 100, 115, 30, 246, 57, 43, 208, 107,
       111, 135, 63, 157, 187, 152, 101, 227, 222, 235, 250, 192, 173,
       192, 241, 120, 52, 217, 255, 234, 203, 70, 81, 238, 131, 21, 231,
       19, 2, 189, 108, 82, 233, 215, 163, 80, 90, 235, 187, 32, 91, 163,
       84, 71, 241, 72, 228, 234, 56, 48, 114, 105, 77, 93, 112, 80, 101,
       1, 230, 2, 19, 149, 96, 246, 104, 156, 202, 144, 8, 179, 241, 128,
       87, 233, 128, 19, 99, 10, 116, 162, 52, 65, 107, 172, 29, 195,
       195, 104, 196, 196, 211, 163, 83, 205, 59, 64, 88, 168, 3, 239,
       72, 163, 100, 140, 241, 33, 128, 25, 117, 47, 116, 242, 131, 132,
       144, 140, 126, 57, 174, 239, 220, 226, 24, 222, 204, 98, 245, 231,
       179, 69, 74, 45, 101, 109, 141, 223, 60, 22, 79, 46, 94, 108, 41,
       140, 10, 154, 210, 185, 107, 249, 176, 70, 159, 29, 84, 179, 172,
       223, 230, 204, 227, 59, 175, 17, 22, 93, 130, 209, 150, 81, 122,
       235, 182, 12, 45, 207, 148, 140, 214, 190, 150, 34, 238, 234, 222,
       147, 218, 82, 101, 98, 61, 65, 123, 227, 42, 251, 112, 193, 14,
       239, 184, 166, 207, 68, 165, 121, 241, 0, 3, 215, 82, 141, 114,
       19, 190, 252, 45, 104, 94, 231, 109, 14, 174, 196, 54, 29, 135,
       231, 197, 152, 5, 221, 38, 52, 42, 128, 127, 150, 41, 157, 121,
       166, 205, 101, 60, 43, 73, 55, 80, 235, 250, 254, 51, 33, 144, 50,
       79, 166, 124, 140, 185, 250, 229, 14, 252, 239, 241, 144, 109,
       200, 82, 57, 245, 253, 207, 254, 156, 35, 79, 252, 22, 162, 234,
       222, 115, 225, 161, 33, 123, 230, 106, 110, 233, 231, 31, 63, 248,
       175, 197, 20, 173, 251, 224, 48, 253, 223, 239, 254, 190, 51, 79,
       253, 87, 250, 253, 246, 91, 253, 187, 97, 127, 230, 63, 239, 249,
       103, 175, 191, 250, 239, 231, 188, 191, 255, 240, 113, 27, 92,
       227, 193, 214, 167, 239, 215, 31, 235, 94, 66, 57, 63, 181, 100,
       111, 171, 23, 157, 131, 152, 49, 222, 125, 14, 190, 128, 183, 220,
       177, 249, 108, 109, 252, 101, 172, 107, 93, 175, 114, 178, 174, 8,
       151, 49, 65, 59, 3, 214, 104, 56, 120, 105, 243, 10, 239, 239, 69,
       29, 192, 240, 198, 34, 209, 203, 79, 111, 178, 6, 79, 181, 36, 0,
