%YAML:1.0
---
descriptors: !!opencv-matrix
   rows: 61
   cols: 32
   dt: u
   data: [ 189, 70, 105, 237, 92, 19, 79, 248, 83, 104, 189, 238, 115,
       73, 153, 36, 88, 136, 23, 238, 235, 38, 111, 159, 242, 205, 161,
       188, 119, 187, 80, 224, 183, 79, 109, 77, 94, 3, 207, 248, 86,
       224, 148, 238, 83, 76, 149, 37, 88, 140, 87, 239, 233, 39, 109,
       159, 112, 10, 225, 188, 125, 187, 80, 244, 183, 161, 113, 80, 157,
       255, 80, 107, 223, 245, 165, 24, 10, 152, 78, 189, 153, 154, 194,
       16, 191, 111, 126, 214, 27, 88, 21, 119, 211, 13, 198, 70, 235,
       148, 101, 26, 205, 221, 212, 109, 223, 115, 177, 25, 10, 28, 126,
       145, 201, 131, 211, 21, 247, 111, 90, 215, 63, 90, 85, 127, 95,
       12, 214, 222, 116, 61, 189, 100, 205, 67, 86, 125, 195, 250, 188,
       43, 82, 189, 65, 19, 200, 246, 229, 98, 73, 99, 233, 8, 243, 193,
       101, 63, 97, 122, 86, 27, 137, 74, 146, 123, 164, 154, 106, 150,
       126, 11, 82, 112, 247, 131, 177, 236, 115, 42, 38, 92, 163, 156,
       7, 51, 140, 255, 50, 192, 154, 145, 65, 169, 49, 74, 75, 254, 30,
       160, 203, 210, 196, 128, 208, 230, 49, 201, 177, 97, 110, 224, 22,
       207, 137, 171, 38, 173, 208, 233, 170, 136, 53, 185, 112, 40, 75,
       154, 186, 216, 109, 249, 185, 87, 143, 93, 180, 94, 172, 142, 246,
       174, 239, 163, 223, 149, 151, 79, 178, 209, 86, 89, 250, 251, 158,
       140, 105, 221, 21, 134, 90, 169, 82, 162, 43, 66, 52, 1, 74, 242,
       93, 195, 168, 64, 119, 41, 2, 184, 35, 148, 5, 95, 188, 166, 42,
       64, 181, 131, 33, 160, 154, 18, 122, 237, 38, 210, 249, 55, 109,
       76, 118, 231, 43, 31, 182, 100, 238, 189, 151, 141, 204, 188, 37,
       207, 198, 249, 178, 131, 63, 132, 116, 95, 179, 86, 78, 172, 30,
       19, 206, 120, 20, 224, 208, 239, 67, 8, 179, 65, 92, 196, 191,
       231, 236, 135, 69, 156, 242, 67, 233, 188, 61, 191, 120, 80, 177,
       67, 106, 44, 20, 19, 194, 120, 68, 4, 246, 199, 67, 8, 183, 65,
       120, 140, 6, 111, 204, 179, 69, 28, 112, 41, 160, 16, 125, 174,
       120, 196, 54, 65, 107, 174, 84, 194, 195, 96, 196, 196, 215, 163,
       67, 204, 191, 64, 88, 168, 7, 239, 72, 179, 36, 140, 114, 41, 162,
       129, 117, 191, 116, 194, 229, 96, 171, 103, 36, 31, 223, 20, 104,
       238, 55, 9, 243, 77, 223, 58, 156, 108, 85, 126, 205, 244, 232,
       10, 103, 137, 101, 176, 64, 186, 86, 249, 143, 223, 78, 158, 255,
       183, 190, 252, 159, 91, 221, 183, 236, 232, 63, 197, 255, 235,
       191, 199, 230, 75, 31, 255, 126, 127, 207, 139, 159, 255, 185,
       223, 89, 142, 237, 243, 182, 160, 105, 151, 116, 81, 94, 246, 49,
       35, 208, 106, 103, 134, 63, 156, 179, 216, 37, 224, 222, 239, 254,
       192, 173, 192, 240, 41, 40, 137, 188, 254, 189, 237, 81, 139, 199,
       93, 172, 8, 182, 125, 75, 50, 201, 58, 121, 16, 10, 42, 114, 49,
       239, 221, 20, 59, 210, 72, 214, 106, 72, 41, 251, 98, 244, 232,
       119, 3, 106, 9, 126, 32, 191, 183, 192, 48, 50, 58, 68, 24, 18,
       56, 160, 99, 255, 253, 34, 73, 194, 194, 231, 43, 56, 21, 123,
       232, 211, 98, 81, 107, 5, 65, 236, 178, 31, 191, 32, 112, 250,
       155, 151, 160, 25, 155, 48, 158, 219, 229, 138, 71, 191, 64, 164,
       242, 75, 18, 120, 240, 103, 220, 249, 86, 201, 93, 180, 142, 191,
       143, 246, 47, 238, 145, 159, 141, 135, 43, 38, 209, 215, 217, 186,
       169, 87, 140, 45, 121, 27, 19, 120, 225, 118, 220, 249, 81, 109,
       76, 182, 231, 157, 30, 214, 192, 238, 129, 159, 213, 143, 58, 117,
       192, 214, 217, 170, 192, 47, 142, 125, 219, 63, 89, 122, 228, 54,
       86, 123, 112, 97, 236, 254, 46, 95, 31, 183, 52, 254, 189, 151,
       227, 201, 183, 33, 206, 242, 253, 171, 135, 111, 190, 124, 117,
       14, 111, 226, 129, 242, 18, 190, 240, 61, 236, 31, 227, 205, 12,
       215, 132, 62, 253, 151, 247, 196, 208, 37, 234, 46, 85, 175, 193,
       231, 183, 61, 197, 40, 238, 17, 98, 112, 239, 82, 250, 99, 169,
       56, 72, 63, 219, 73, 176, 153, 216, 198, 88, 10, 50, 72, 61, 223,
       205, 33, 125, 226, 139, 70, 171, 179, 68, 101, 132, 30, 19, 206,
       120, 84, 224, 144, 206, 83, 8, 149, 161, 24, 132, 94, 239, 237,
       183, 101, 156, 178, 74, 225, 180, 125, 188, 88, 220, 243, 66, 78,
       172, 14, 3, 74, 120, 20, 230, 214, 239, 83, 13, 179, 65, 92, 132,
       63, 239, 236, 135, 69, 140, 210, 99, 233, 144, 61, 189, 120, 80,
       16, 141, 26, 188, 80, 132, 114, 98, 164, 0, 104, 1, 53, 211, 32,
       80, 248, 185, 3, 192, 90, 139, 2, 127, 249, 165, 170, 73, 48, 35,
       166, 130, 203, 158, 215, 250, 164, 132, 108, 183, 223, 91, 16,
       212, 189, 235, 240, 227, 135, 35, 63, 12, 243, 77, 146, 247, 206,
       218, 126, 232, 158, 128, 161, 57, 40, 239, 91, 99, 240, 201, 118,
       117, 105, 8, 123, 40, 151, 145, 128, 48, 50, 184, 68, 122, 82,
       184, 128, 45, 239, 221, 36, 65, 64, 130, 198, 170, 155, 18, 122,
       249, 39, 244, 249, 23, 221, 79, 118, 183, 173, 31, 182, 225, 238,
       187, 151, 133, 167, 188, 52, 215, 194, 253, 186, 131, 63, 140,
       125, 95, 75, 176, 251, 216, 109, 253, 248, 83, 175, 89, 180, 30,
       188, 159, 246, 175, 239, 179, 223, 153, 151, 79, 242, 209, 95, 89,
       122, 251, 158, 140, 111, 255, 124, 173, 252, 112, 184, 73, 87,
       239, 243, 186, 188, 8, 87, 243, 193, 19, 179, 246, 108, 90, 120,
       99, 202, 50, 251, 235, 101, 125, 226, 240, 198, 43, 214, 220, 140,
       190, 155, 114, 22, 172, 150, 182, 135, 182, 76, 118, 11, 203, 229,
       215, 249, 227, 124, 197, 27, 191, 187, 227, 223, 151, 180, 117,
       189, 86, 147, 164, 132, 181, 14, 42, 168, 99, 172, 243, 131, 215,
       173, 34, 18, 199, 35, 103, 72, 165, 53, 205, 85, 205, 140, 18, 91,
       114, 12, 100, 41, 132, 248, 61, 18, 240, 201, 173, 92, 119, 161,
       169, 168, 93, 175, 147, 64, 209, 196, 191, 205, 128, 122, 203,
       208, 173, 243, 241, 176, 249, 34, 64, 138, 139, 248, 157, 126,
       124, 37, 220, 221, 119, 144, 95, 116, 19, 59, 191, 34, 3, 172, 50,
       245, 0, 112, 109, 50, 137, 115, 235, 116, 9, 115, 200, 228, 123,
       30, 78, 230, 142, 174, 50, 254, 248, 143, 142, 223, 231, 109, 238,
       191, 204, 127, 231, 191, 231, 132, 129, 15, 232, 242, 103, 239,
       129, 183, 255, 61, 213, 27, 155, 246, 248, 175, 213, 216, 87, 139,
       93, 148, 183, 44, 157, 246, 237, 238, 51, 183, 149, 159, 75, 50,
       241, 91, 89, 218, 251, 159, 140, 189, 95, 248, 175, 156, 116, 168,
       15, 84, 191, 243, 190, 168, 105, 175, 163, 65, 147, 129, 246, 236,
       16, 122, 107, 195, 26, 250, 243, 101, 57, 226, 224, 206, 11, 32,
       103, 216, 99, 116, 235, 115, 220, 115, 40, 124, 40, 115, 193, 201,
       16, 26, 216, 70, 106, 10, 178, 73, 63, 102, 157, 33, 37, 97, 155,
       74, 137, 82, 166, 141, 177, 138, 97, 29, 143, 18, 63, 129, 191,
       199, 39, 74, 75, 209, 151, 109, 149, 58, 75, 203, 17, 217, 131,
       255, 253, 176, 64, 149, 107, 94, 241, 144, 162, 187, 201, 22, 236,
       130, 53, 152, 171, 238, 220, 202, 2, 183, 219, 237, 115, 78, 67,
       207, 183, 248, 69, 45, 255, 180, 30, 159, 83, 211, 187, 19, 180,
       160, 140, 4, 103, 185, 91, 130, 124, 182, 210, 0, 83, 164, 47,
       124, 0, 123, 73, 146, 103, 176, 176, 58, 250, 8, 0, 129, 27, 184,
       156, 22, 252, 75, 205, 84, 119, 177, 27, 176, 25, 47, 191, 32, 19,
       171, 179, 245, 0, 122, 79, 18, 151, 211, 219, 80, 75, 51, 64, 166,
       155, 118, 2, 204, 183, 140, 122, 222, 168, 18, 231, 131, 143, 195,
       108, 95, 202, 221, 199, 253, 231, 141, 65, 207, 162, 154, 103,
       221, 149, 173, 127, 156, 84, 193, 153, 191, 95, 136, 140, 45, 151,
       238, 25, 70, 80, 244, 179, 128, 98, 36, 118, 122, 12, 147, 73, 51,
       97, 77, 170, 114, 64, 8, 32, 161, 41, 99, 131, 238, 7, 164, 26,
       238, 165, 104, 229, 139, 205, 195, 104, 158, 246, 148, 70, 252,
       111, 157, 240, 237, 137, 38, 125, 239, 144, 12, 255, 216, 84, 193,
       252, 27, 184, 10, 196, 37, 103, 188, 83, 130, 16, 180, 151, 96,
       115, 39, 51, 106, 8, 99, 79, 178, 99, 245, 160, 62, 56, 8, 80,
