%YAML:1.0
---
descriptors: !!opencv-matrix
   rows: 61
   cols: 32
   dt: u
   data: [ 15, 124, 227, 129, 246, 183, 187, 222, 95, 235, 92, 247, 28,
       220, 247, 168, 255, 57, 151, 149, 167, 180, 44, 210, 14, 93, 191,
       166, 159, 221, 113, 213, 173, 69, 41, 234, 205, 53, 199, 156, 199,
       240, 173, 14, 146, 217, 125, 42, 200, 136, 82, 239, 201, 39, 122,
       176, 99, 89, 129, 60, 91, 91, 208, 166, 49, 65, 106, 237, 20, 2,
       227, 96, 100, 32, 247, 2, 83, 9, 177, 96, 120, 140, 22, 238, 73,
       179, 37, 140, 246, 233, 162, 4, 101, 171, 112, 160, 62, 201, 98,
       230, 215, 18, 94, 229, 37, 160, 250, 139, 107, 11, 61, 244, 248,
       221, 151, 226, 76, 179, 29, 172, 179, 249, 133, 7, 103, 190, 254,
       142, 153, 142, 237, 225, 166, 32, 233, 23, 101, 123, 214, 246, 25,
       47, 208, 107, 111, 134, 63, 157, 185, 156, 37, 226, 222, 235, 254,
       192, 173, 192, 240, 121, 2, 133, 9, 137, 212, 195, 186, 107, 12,
       1, 91, 3, 244, 57, 48, 64, 216, 27, 19, 177, 18, 152, 89, 221,
       109, 4, 138, 65, 20, 10, 177, 130, 27, 93, 106, 237, 118, 82, 255,
       53, 101, 68, 254, 162, 121, 63, 182, 228, 126, 252, 151, 238, 201,
       184, 37, 237, 247, 237, 162, 128, 39, 190, 116, 249, 231, 38, 229,
       5, 172, 59, 205, 25, 82, 226, 145, 254, 211, 40, 215, 175, 89,
       196, 125, 175, 173, 118, 237, 154, 12, 10, 229, 180, 237, 253, 82,
       116, 184, 66, 78, 109, 4, 10, 97, 112, 100, 36, 246, 198, 67, 1,
       145, 81, 120, 132, 46, 234, 232, 182, 69, 12, 212, 227, 224, 1,
       101, 168, 116, 0, 176, 66, 111, 229, 4, 66, 107, 96, 100, 128,
       242, 2, 83, 9, 177, 97, 120, 132, 14, 234, 104, 181, 37, 12, 208,
       233, 162, 1, 101, 170, 116, 32, 139, 158, 253, 251, 166, 168, 109,
       151, 255, 91, 54, 246, 189, 235, 240, 107, 103, 35, 63, 156, 179,
       12, 38, 227, 206, 219, 254, 200, 174, 192, 193, 105, 56, 29, 123,
       126, 82, 226, 179, 114, 148, 64, 125, 34, 121, 247, 33, 96, 126,
       187, 147, 226, 49, 139, 58, 127, 115, 175, 162, 73, 115, 131, 108,
       178, 252, 112, 253, 227, 173, 95, 87, 152, 67, 254, 181, 12, 91,
       93, 91, 59, 156, 212, 253, 106, 201, 102, 249, 128, 215, 217, 101,
       52, 99, 251, 86, 115, 253, 117, 125, 103, 172, 78, 95, 184, 97,
       232, 189, 76, 219, 127, 73, 51, 158, 212, 125, 106, 201, 98, 249,
       40, 243, 217, 101, 52, 106, 251, 66, 115, 58, 48, 110, 141, 77,
       95, 248, 72, 47, 228, 247, 11, 142, 158, 38, 196, 234, 157, 255,
       224, 8, 179, 243, 216, 215, 49, 139, 59, 87, 14, 125, 214, 202,
       176, 247, 210, 239, 245, 184, 93, 139, 121, 149, 255, 12, 222,
       126, 106, 239, 147, 255, 149, 151, 67, 186, 209, 31, 88, 254, 255,
       159, 4, 165, 87, 43, 48, 121, 224, 109, 221, 217, 27, 203, 253,
       188, 173, 191, 31, 214, 178, 143, 147, 215, 29, 131, 106, 250,
       209, 206, 221, 187, 251, 95, 132, 79, 255, 131, 156, 183, 250,
       174, 164, 189, 215, 159, 91, 144, 118, 60, 255, 224, 107, 167,
       123, 63, 153, 179, 79, 58, 243, 249, 218, 127, 234, 152, 80, 161,
       123, 178, 145, 123, 236, 178, 66, 29, 103, 49, 65, 248, 179, 13,
       63, 160, 113, 110, 151, 135, 160, 120, 155, 36, 197, 240, 225,
       186, 195, 53, 128, 166, 123, 134, 96, 144, 153, 69, 133, 184, 72,
       31, 50, 81, 19, 140, 218, 109, 141, 217, 25, 147, 211, 70, 118,
       218, 208, 5, 16, 219, 47, 20, 29, 25, 134, 234, 178, 230, 16, 239,
       113, 184, 207, 235, 119, 180, 191, 8, 140, 254, 159, 175, 151,
       255, 149, 150, 111, 166, 241, 31, 89, 222, 239, 199, 68, 255, 223,
       127, 188, 253, 242, 167, 116, 89, 158, 219, 219, 52, 253, 31, 61,
       214, 63, 135, 83, 149, 21, 191, 76, 170, 225, 203, 219, 124, 251,
       198, 212, 150, 119, 107, 145, 121, 216, 253, 253, 217, 19, 203,
       109, 189, 191, 58, 29, 182, 164, 206, 179, 151, 13, 159, 42, 112,
       213, 67, 95, 176, 250, 223, 140, 220, 119, 165, 46, 237, 69, 164,
       43, 205, 19, 82, 226, 150, 254, 147, 41, 213, 47, 11, 228, 124,
       60, 169, 244, 229, 10, 76, 155, 229, 180, 237, 232, 80, 96, 193,
       30, 183, 85, 161, 188, 113, 23, 253, 91, 118, 84, 190, 178, 132,
       127, 165, 39, 108, 28, 177, 252, 160, 98, 133, 186, 114, 66, 200,
       64, 227, 45, 210, 220, 151, 218, 139, 228, 49, 198, 190, 19, 71,
       18, 60, 183, 96, 111, 231, 51, 187, 144, 51, 77, 50, 227, 153,
       178, 94, 74, 154, 81, 165, 59, 19, 141, 107, 205, 214, 118, 239,
       244, 116, 68, 222, 2, 113, 252, 188, 100, 120, 238, 22, 239, 233,
       185, 61, 239, 49, 46, 171, 132, 37, 243, 244, 236, 147, 156, 191,
       250, 155, 229, 29, 255, 158, 219, 152, 82, 60, 247, 97, 107, 229,
       123, 63, 144, 179, 79, 58, 255, 249, 138, 255, 234, 177, 80, 165,
       251, 203, 207, 0, 190, 61, 149, 222, 239, 159, 85, 220, 151, 172,
       232, 58, 193, 205, 11, 187, 197, 238, 11, 78, 247, 178, 119, 222,
       187, 30, 28, 185, 94, 133, 31, 103, 205, 52, 70, 175, 48, 92, 206,
       94, 70, 208, 108, 181, 101, 126, 100, 22, 239, 161, 176, 117, 206,
       37, 46, 226, 128, 133, 251, 117, 245, 44, 213, 120, 79, 244, 86,
       247, 184, 84, 236, 127, 2, 89, 125, 187, 224, 89, 92, 179, 106,
       240, 176, 121, 174, 111, 205, 165, 69, 247, 251, 220, 226, 142,
       56, 183, 154, 239, 245, 184, 83, 143, 219, 85, 55, 188, 222, 119,
       175, 239, 59, 179, 145, 151, 111, 178, 224, 95, 81, 222, 235, 159,
       77, 173, 247, 207, 178, 190, 240, 239, 181, 185, 87, 139, 95, 213,
       119, 140, 222, 118, 175, 239, 49, 183, 149, 151, 95, 170, 209, 95,
       89, 251, 238, 158, 12, 173, 247, 220, 156, 255, 122, 131, 240, 55,
       192, 252, 83, 103, 48, 124, 247, 108, 123, 167, 115, 248, 146, 51,
       205, 186, 99, 91, 235, 86, 75, 202, 83, 167, 50, 22, 221, 255,
       255, 218, 226, 63, 238, 22, 134, 206, 179, 241, 247, 33, 96, 127,
       255, 187, 194, 121, 222, 123, 127, 253, 167, 255, 137, 181, 251,
       164, 250, 214, 156, 222, 190, 155, 224, 31, 239, 150, 211, 129,
       179, 125, 247, 43, 75, 127, 243, 185, 147, 123, 79, 26, 255, 249,
       199, 223, 91, 189, 121, 164, 26, 150, 189, 152, 186, 155, 229, 23,
       207, 150, 243, 137, 19, 180, 223, 104, 8, 253, 155, 147, 145, 58,
       79, 90, 179, 249, 197, 159, 127, 184, 72, 165, 146, 79, 56, 253,
       115, 173, 124, 121, 154, 235, 255, 62, 189, 159, 255, 223, 62,
       135, 95, 253, 21, 135, 69, 250, 224, 207, 219, 125, 239, 206, 245,
       15, 119, 183, 149, 67, 2, 245, 159, 210, 97, 93, 72, 217, 90, 10,
       24, 190, 160, 248, 131, 150, 117, 253, 187, 85, 254, 190, 28, 14,
       83, 93, 14, 249, 133, 187, 221, 110, 190, 125, 151, 222, 253, 221,
       74, 221, 71, 105, 248, 62, 193, 220, 163, 191, 231, 237, 167, 94,
       255, 242, 127, 234, 155, 31, 190, 120, 223, 159, 86, 230, 175,
       246, 54, 254, 248, 93, 234, 223, 247, 89, 104, 191, 196, 127, 205,
       191, 239, 165, 148, 29, 238, 254, 111, 239, 132, 191, 255, 185,
       213, 14, 221, 247, 223, 219, 226, 63, 255, 23, 131, 206, 178, 120,
       247, 41, 100, 127, 250, 51, 194, 113, 222, 123, 255, 125, 54, 223,
       138, 183, 251, 180, 250, 216, 21, 254, 76, 135, 70, 245, 113, 252,
       198, 247, 18, 90, 249, 60, 99, 114, 116, 57, 42, 240, 165, 177,
       202, 115, 171, 98, 0, 103, 106, 229, 99, 210, 149, 111, 193, 146,
       114, 185, 175, 116, 81, 223, 178, 209, 54, 190, 101, 119, 151, 61,
       161, 185, 153, 37, 87, 217, 34, 250, 197, 181, 193, 181, 117, 172,
       135, 110, 225, 181, 51, 249, 254, 20, 21, 223, 151, 73, 45, 186,
       201, 125, 6, 151, 189, 190, 184, 33, 142, 78, 75, 186, 197, 167,
       205, 244, 226, 135, 85, 37, 207, 188, 102, 239, 184, 92, 79, 91,
       86, 208, 124, 188, 101, 93, 70, 62, 111, 243, 180, 125, 255, 37,
       46, 234, 196, 157, 123, 245, 245, 191, 92, 238, 189, 190, 54, 207,
       250, 23, 254, 214, 215, 89, 104, 183, 77, 127, 205, 63, 239, 237,
       215, 21, 238, 250, 107, 239, 132, 191, 253, 120, 213, 47, 211,
       165, 183, 253, 22, 238, 184, 95, 251, 19, 70, 217, 120, 253, 235,
