%YAML:1.0
---
descriptors: !!opencv-matrix
   rows: 152
   cols: 32
   dt: u
   data: [ 99, 143, 104, 70, 246, 49, 254, 239, 89, 230, 252, 143, 105,
       104, 215, 115, 123, 238, 130, 174, 244, 122, 236, 238, 126, 62,
       197, 59, 101, 255, 222, 206, 123, 87, 98, 4, 115, 26, 126, 113,
       105, 228, 126, 239, 75, 44, 151, 180, 62, 228, 149, 238, 205, 146,
       165, 204, 50, 125, 229, 135, 111, 182, 90, 85, 218, 84, 242, 228,
       13, 86, 90, 56, 33, 164, 191, 3, 75, 63, 27, 214, 254, 213, 253,
       226, 76, 151, 209, 202, 147, 249, 194, 151, 39, 167, 108, 70, 141,
       222, 253, 119, 34, 94, 127, 148, 57, 255, 119, 180, 223, 55, 139,
       189, 55, 84, 149, 110, 225, 212, 125, 42, 231, 223, 117, 132, 230,
       241, 71, 121, 34, 224, 112, 137, 109, 221, 248, 72, 15, 53, 177,
       11, 142, 28, 86, 140, 142, 153, 223, 81, 6, 34, 90, 209, 159, 24,
       155, 127, 86, 15, 95, 215, 32, 233, 81, 77, 92, 137, 71, 53, 100,
       32, 104, 8, 179, 1, 128, 20, 8, 170, 68, 72, 91, 184, 65, 61, 173,
       136, 36, 48, 97, 138, 210, 168, 210, 180, 182, 186, 139, 240, 56,
       11, 191, 87, 139, 49, 236, 254, 78, 203, 167, 19, 249, 145, 54,
       77, 154, 243, 153, 114, 94, 219, 128, 68, 175, 87, 165, 196, 127,
       91, 244, 15, 229, 181, 125, 26, 119, 80, 211, 81, 188, 61, 123,
       24, 22, 42, 241, 244, 105, 127, 103, 155, 118, 132, 91, 152, 194,
       161, 73, 154, 187, 172, 52, 140, 120, 19, 107, 73, 91, 108, 191,
       159, 128, 240, 166, 191, 124, 13, 149, 24, 161, 85, 215, 253, 58,
       200, 8, 128, 35, 121, 117, 22, 239, 109, 52, 46, 235, 57, 48, 234,
       255, 252, 83, 125, 153, 112, 55, 164, 125, 45, 185, 181, 165, 14,
       208, 239, 161, 132, 237, 226, 82, 49, 145, 106, 107, 255, 52, 199,
       75, 120, 87, 204, 215, 230, 115, 199, 187, 97, 92, 168, 62, 238,
       235, 212, 109, 191, 194, 201, 161, 128, 53, 171, 116, 113, 63,
       125, 246, 141, 125, 95, 252, 104, 31, 234, 250, 47, 78, 254, 119,
       125, 254, 253, 255, 243, 237, 243, 121, 200, 191, 218, 207, 183,
       23, 126, 117, 223, 91, 105, 242, 255, 45, 223, 255, 196, 127, 109,
       246, 34, 239, 159, 159, 252, 254, 255, 255, 195, 140, 251, 225,
       225, 151, 255, 218, 146, 39, 159, 253, 111, 176, 201, 150, 186,
       141, 137, 84, 231, 159, 23, 224, 27, 38, 240, 32, 157, 201, 251,
       194, 81, 126, 111, 90, 181, 185, 210, 94, 123, 208, 92, 138, 142,
       244, 44, 2, 62, 153, 43, 166, 231, 52, 34, 235, 25, 70, 226, 1,
       81, 249, 230, 74, 34, 120, 167, 201, 62, 176, 38, 21, 57, 192,
       115, 163, 2, 250, 86, 118, 239, 127, 95, 251, 120, 125, 108, 255,
       175, 75, 15, 158, 116, 254, 213, 255, 230, 168, 183, 109, 255,
       255, 255, 131, 211, 119, 143, 118, 119, 93, 85, 21, 111, 152, 46,
       71, 184, 100, 0, 171, 68, 215, 115, 9, 119, 52, 212, 124, 106,
       233, 161, 89, 45, 225, 238, 33, 84, 106, 243, 98, 48, 118, 164,
       150, 58, 137, 229, 20, 207, 191, 55, 168, 25, 14, 226, 108, 158,
       201, 155, 232, 17, 62, 75, 154, 179, 153, 214, 93, 127, 208, 85,
       174, 14, 232, 172, 28, 186, 201, 237, 16, 239, 163, 63, 172, 25,
       174, 247, 66, 27, 129, 27, 233, 16, 62, 75, 202, 53, 203, 211, 85,
       127, 144, 64, 142, 74, 244, 96, 253, 118, 10, 104, 81, 152, 227,
       182, 167, 56, 87, 247, 73, 59, 3, 212, 108, 106, 40, 103, 235, 32,
       209, 169, 113, 61, 224, 241, 70, 34, 120, 250, 18, 250, 61, 137,
       82, 226, 231, 20, 160, 41, 174, 219, 108, 144, 201, 242, 237, 64,
       78, 107, 202, 181, 219, 213, 1, 123, 82, 12, 110, 10, 6, 140, 178,
       155, 221, 243, 178, 234, 158, 7, 89, 19, 236, 250, 46, 192, 217,
       123, 163, 211, 54, 218, 90, 255, 175, 87, 143, 107, 144, 127, 189,
       198, 10, 48, 63, 186, 105, 221, 48, 69, 175, 93, 101, 25, 174,
       223, 106, 154, 132, 59, 251, 17, 22, 73, 146, 241, 211, 209, 26,
       123, 18, 4, 135, 91, 79, 179, 177, 161, 241, 124, 57, 27, 43, 253,
       31, 253, 156, 63, 202, 190, 151, 31, 245, 21, 151, 80, 241, 192,
       207, 93, 61, 239, 142, 198, 143, 117, 1, 34, 81, 69, 48, 139, 97,
       16, 116, 33, 99, 64, 215, 3, 136, 120, 50, 12, 36, 24, 1, 240,
       197, 5, 132, 174, 48, 64, 232, 129, 67, 160, 52, 37, 235, 163,
       212, 110, 235, 73, 124, 165, 251, 19, 89, 173, 125, 72, 251, 207,
       23, 181, 178, 243, 136, 194, 29, 237, 175, 109, 197, 107, 247,
       194, 65, 70, 107, 189, 84, 130, 229, 255, 180, 134, 218, 199, 113,
       233, 185, 64, 120, 238, 43, 173, 192, 185, 135, 111, 52, 38, 190,
       136, 45, 208, 241, 232, 150, 204, 215, 247, 182, 10, 238, 166, 61,
       130, 242, 82, 237, 107, 53, 73, 251, 231, 127, 211, 96, 253, 73,
       238, 188, 254, 223, 0, 181, 241, 225, 8, 251, 88, 118, 246, 103,
       28, 125, 52, 169, 94, 182, 179, 127, 31, 183, 127, 238, 245, 253,
       239, 236, 199, 166, 232, 211, 251, 250, 155, 39, 180, 116, 127,
       131, 221, 23, 185, 168, 141, 188, 199, 174, 91, 152, 117, 188,
       154, 100, 66, 231, 35, 127, 69, 231, 13, 147, 243, 164, 144, 58,
       226, 24, 80, 161, 153, 25, 15, 70, 223, 150, 186, 110, 127, 119,
       134, 94, 198, 107, 96, 179, 228, 123, 238, 46, 172, 188, 248, 109,
       255, 190, 239, 167, 129, 175, 236, 248, 4, 72, 177, 157, 247, 41,
       204, 112, 23, 171, 185, 39, 25, 191, 191, 64, 218, 132, 55, 253,
       16, 6, 88, 211, 0, 207, 241, 118, 115, 130, 0, 135, 27, 49, 237,
       43, 201, 20, 199, 239, 247, 84, 200, 252, 2, 177, 157, 176, 164,
       120, 170, 22, 201, 235, 186, 116, 255, 237, 141, 167, 0, 85, 24,
       116, 232, 248, 241, 120, 106, 93, 77, 83, 188, 67, 37, 172, 8, 59,
       89, 74, 16, 152, 154, 196, 112, 74, 42, 250, 55, 251, 205, 33,
       125, 114, 10, 198, 42, 220, 62, 156, 181, 169, 126, 92, 23, 179,
       251, 6, 117, 143, 55, 67, 219, 167, 119, 253, 17, 60, 92, 211,
       130, 207, 243, 127, 195, 170, 244, 139, 91, 251, 88, 255, 228, 13,
       70, 93, 54, 161, 242, 166, 24, 63, 63, 1, 123, 192, 213, 125, 232,
       105, 79, 241, 140, 243, 251, 212, 18, 42, 176, 98, 122, 107, 120,
       226, 198, 103, 84, 254, 84, 105, 200, 117, 138, 57, 157, 247, 190,
       126, 253, 183, 207, 197, 178, 180, 192, 87, 109, 230, 137, 111,
       190, 126, 253, 13, 214, 94, 95, 100, 63, 117, 186, 237, 26, 63,
       84, 88, 115, 172, 123, 175, 82, 110, 42, 225, 229, 59, 93, 71,
       155, 113, 4, 88, 248, 104, 171, 20, 206, 205, 243, 194, 40, 111,
       246, 52, 23, 242, 210, 113, 103, 137, 27, 127, 218, 7, 218, 120,
       216, 73, 226, 252, 134, 246, 128, 165, 251, 164, 168, 45, 27, 254,
       127, 228, 62, 244, 19, 237, 31, 127, 20, 211, 121, 51, 59, 201,
       102, 102, 10, 148, 240, 115, 32, 71, 255, 112, 1, 202, 233, 200,
       131, 95, 86, 99, 71, 115, 18, 106, 48, 121, 72, 127, 230, 104, 78,
       159, 245, 54, 140, 148, 238, 237, 144, 61, 205, 22, 120, 160, 130,
       47, 167, 106, 117, 55, 189, 20, 129, 158, 143, 130, 233, 14, 49,
       129, 95, 198, 122, 76, 1, 249, 133, 75, 181, 55, 99, 89, 84, 189,
       6, 143, 118, 153, 9, 145, 134, 239, 148, 240, 115, 245, 125, 218,
       176, 121, 239, 63, 56, 207, 125, 159, 189, 151, 211, 213, 62, 180,
       116, 124, 238, 79, 223, 65, 247, 231, 239, 78, 119, 190, 53, 112,
       163, 237, 125, 222, 73, 15, 54, 189, 27, 142, 28, 94, 132, 239,
       155, 223, 3, 94, 38, 89, 243, 183, 216, 139, 63, 87, 95, 223, 198,
       35, 53, 244, 141, 109, 55, 254, 105, 31, 234, 251, 43, 238, 126,
       119, 245, 254, 253, 255, 163, 236, 243, 99, 200, 183, 90, 207,
       154, 23, 254, 112, 215, 189, 247, 239, 230, 254, 66, 239, 252, 83,
       232, 246, 230, 91, 237, 253, 99, 126, 222, 55, 255, 233, 243, 173,
       232, 122, 203, 239, 140, 175, 251, 242, 241, 127, 183, 111, 196,
       254, 19, 239, 249, 99, 232, 190, 238, 121, 110, 159, 50, 127, 229,
       87, 239, 205, 243, 173, 205, 122, 237, 175, 164, 175, 246, 114,
       245, 187, 37, 126, 225, 117, 255, 121, 83, 125, 108, 246, 11, 27,
       95, 151, 112, 254, 189, 223, 188, 239, 183, 117, 222, 247, 253,
