%YAML:1.0
---
descriptors: !!opencv-matrix
   rows: 119
   cols: 32
   dt: u
   data: [ 57, 149, 107, 225, 214, 243, 251, 115, 68, 77, 126, 102, 25,
       29, 182, 96, 122, 186, 23, 185, 151, 184, 53, 223, 127, 205, 170,
       192, 255, 142, 116, 251, 247, 71, 111, 132, 102, 18, 239, 112,
       105, 196, 91, 231, 89, 236, 255, 51, 126, 237, 55, 239, 197, 211,
       164, 204, 54, 40, 239, 140, 45, 183, 114, 213, 3, 129, 113, 225,
       244, 173, 248, 51, 79, 121, 60, 242, 157, 31, 244, 100, 239, 155,
       23, 157, 147, 56, 100, 212, 142, 220, 186, 230, 151, 140, 193,
       165, 110, 181, 172, 21, 173, 122, 81, 171, 51, 255, 142, 49, 230,
       124, 78, 142, 145, 86, 233, 0, 28, 232, 251, 163, 207, 119, 85,
       87, 130, 101, 220, 86, 58, 77, 96, 76, 79, 211, 214, 234, 85, 198,
       236, 11, 98, 252, 39, 148, 88, 234, 194, 103, 76, 43, 118, 191,
       51, 111, 5, 59, 119, 60, 126, 222, 11, 150, 114, 235, 50, 179,
       184, 115, 63, 105, 123, 246, 220, 203, 184, 64, 255, 59, 151, 149,
       179, 184, 36, 223, 206, 205, 58, 194, 255, 130, 161, 145, 49, 222,
       107, 206, 116, 197, 235, 240, 151, 72, 252, 230, 49, 205, 182, 96,
       126, 248, 23, 206, 203, 186, 36, 255, 114, 141, 170, 168, 55, 155,
       116, 249, 214, 123, 237, 248, 172, 71, 220, 221, 158, 250, 144,
       119, 93, 254, 119, 107, 239, 213, 127, 247, 236, 71, 219, 218,
       251, 203, 239, 191, 157, 120, 181, 211, 11, 159, 96, 155, 246,
       149, 186, 119, 94, 77, 92, 167, 173, 174, 182, 100, 126, 59, 151,
       149, 151, 56, 36, 247, 110, 85, 186, 200, 31, 132, 189, 221, 3,
       154, 7, 157, 50, 134, 168, 103, 189, 73, 82, 199, 164, 170, 180,
       196, 230, 45, 59, 133, 133, 152, 21, 221, 4, 54, 154, 194, 12, 4,
       57, 221, 48, 207, 122, 172, 54, 131, 94, 103, 172, 4, 248, 171,
       55, 142, 34, 80, 254, 187, 23, 225, 76, 139, 0, 127, 243, 165,
       174, 137, 53, 154, 174, 139, 15, 223, 121, 237, 254, 159, 255,
       251, 159, 88, 92, 230, 253, 255, 178, 96, 127, 123, 23, 111, 211,
       40, 62, 255, 238, 221, 175, 236, 63, 190, 209, 241, 184, 77, 123,
       109, 22, 74, 111, 119, 52, 132, 122, 66, 115, 61, 177, 80, 122,
       244, 21, 106, 104, 184, 49, 46, 241, 173, 164, 0, 101, 186, 228,
       235, 151, 143, 64, 171, 222, 177, 174, 243, 164, 66, 217, 215,
       169, 106, 178, 192, 111, 171, 31, 175, 246, 10, 15, 255, 60, 12,
       175, 232, 61, 199, 185, 148, 99, 126, 83, 206, 122, 181, 26, 86,
       169, 200, 184, 236, 60, 222, 165, 180, 150, 113, 214, 193, 135, 3,
       6, 253, 50, 93, 42, 170, 14, 215, 43, 157, 10, 4, 48, 137, 85,
       247, 186, 74, 30, 39, 88, 19, 140, 26, 45, 204, 217, 25, 147, 145,
       22, 156, 81, 223, 15, 86, 154, 103, 146, 15, 29, 134, 6, 181, 32,
       137, 213, 247, 178, 99, 79, 69, 89, 3, 140, 28, 54, 4, 216, 59,
       147, 17, 150, 184, 116, 221, 45, 20, 139, 71, 213, 78, 21, 214,
       46, 120, 161, 152, 239, 113, 188, 206, 26, 250, 80, 43, 140, 252,
       119, 140, 221, 123, 147, 147, 23, 118, 154, 242, 9, 87, 223, 175,
       151, 125, 63, 255, 88, 215, 24, 175, 62, 88, 22, 172, 206, 60,
       154, 39, 231, 152, 234, 194, 226, 71, 236, 67, 70, 41, 239, 49,
       240, 229, 46, 127, 52, 27, 141, 75, 79, 134, 8, 187, 226, 164, 56,
       183, 60, 95, 95, 215, 205, 106, 186, 72, 247, 139, 187, 133, 150,
       24, 207, 247, 92, 39, 250, 201, 156, 70, 185, 81, 1, 142, 63, 250,
       180, 168, 121, 23, 255, 89, 90, 116, 188, 139, 176, 104, 199, 43,
       23, 28, 179, 28, 34, 247, 204, 222, 58, 194, 152, 128, 161, 41, 2,
       58, 50, 248, 125, 245, 184, 83, 139, 93, 144, 119, 172, 159, 116,
       8, 238, 51, 223, 21, 146, 15, 50, 209, 23, 88, 186, 234, 150, 12,
       37, 223, 15, 80, 122, 229, 38, 82, 251, 24, 45, 200, 87, 166, 221,
       95, 191, 228, 118, 213, 159, 238, 193, 148, 37, 200, 198, 249,
       171, 132, 39, 183, 45, 113, 15, 81, 104, 229, 118, 30, 255, 56,
       77, 236, 127, 167, 221, 29, 159, 36, 94, 213, 151, 239, 193, 176,
       109, 204, 102, 217, 171, 132, 103, 191, 81, 241, 189, 2, 235, 253,
       102, 35, 233, 80, 86, 202, 247, 246, 17, 143, 177, 72, 126, 172,
       55, 156, 169, 182, 37, 194, 84, 175, 250, 128, 189, 169, 112, 177,
       187, 86, 111, 236, 38, 118, 95, 112, 5, 78, 254, 231, 123, 31,
       183, 97, 126, 189, 151, 238, 233, 183, 37, 207, 242, 233, 170,
       128, 63, 191, 116, 121, 31, 34, 194, 193, 102, 187, 248, 88, 127,
       57, 87, 247, 73, 138, 254, 204, 127, 141, 183, 157, 150, 181, 5,
       208, 30, 79, 187, 196, 175, 141, 121, 133, 14, 179, 176, 147, 235,
       253, 185, 221, 139, 125, 21, 253, 172, 220, 222, 174, 135, 27,
       151, 17, 151, 120, 234, 241, 15, 85, 62, 239, 222, 79, 135, 215,
       110, 179, 240, 80, 235, 125, 189, 159, 171, 127, 53, 253, 140,
       252, 207, 30, 135, 91, 247, 23, 151, 98, 234, 241, 14, 89, 125,
       255, 206, 85, 143, 215, 145, 28, 127, 117, 34, 226, 125, 55, 116,
       78, 94, 242, 253, 55, 176, 97, 54, 63, 61, 169, 225, 156, 37, 79,
       231, 174, 250, 128, 38, 224, 165, 121, 147, 203, 71, 156, 102,
       129, 172, 244, 148, 0, 82, 230, 33, 142, 180, 229, 110, 168, 55,
       205, 195, 188, 6, 253, 52, 32, 186, 136, 61, 156, 48, 173, 46,
       177, 240, 67, 221, 253, 219, 207, 75, 125, 61, 8, 168, 254, 94,
       36, 153, 155, 211, 145, 23, 58, 250, 241, 111, 93, 157, 239, 211,
       79, 214, 238, 216, 77, 87, 228, 38, 74, 111, 116, 161, 128, 250,
       98, 63, 23, 161, 87, 110, 244, 5, 234, 105, 183, 32, 172, 241,
       232, 102, 128, 103, 184, 100, 41, 54, 222, 151, 190, 252, 79, 71,
       236, 159, 255, 248, 103, 230, 234, 109, 86, 221, 239, 46, 67, 109,
       235, 203, 249, 184, 182, 215, 126, 152, 123, 164, 223, 246, 93,
       230, 157, 135, 2, 79, 182, 213, 214, 194, 215, 98, 104, 55, 207,
       121, 230, 41, 231, 233, 197, 23, 238, 160, 50, 207, 2, 47, 253,
       244, 124, 153, 149, 63, 101, 52, 46, 235, 184, 116, 232, 126, 96,
       219, 117, 185, 97, 54, 116, 28, 110, 225, 177, 53, 31, 232, 235,
       35, 196, 110, 170, 97, 49, 3, 127, 82, 158, 122, 181, 154, 214,
       201, 72, 248, 231, 188, 222, 183, 48, 222, 43, 86, 229, 135, 3, 6,
       253, 50, 28, 170, 186, 28, 214, 43, 157, 30, 219, 62, 185, 147,
       194, 181, 239, 196, 21, 210, 163, 205, 220, 58, 96, 235, 17, 171,
       145, 94, 169, 39, 213, 225, 231, 218, 71, 53, 8, 165, 98, 3, 238,
       103, 135, 198, 50, 174, 238, 104, 114, 154, 131, 104, 44, 31, 43,
       175, 71, 83, 231, 196, 241, 45, 253, 37, 14, 223, 133, 5, 119, 55,
       206, 46, 126, 234, 131, 246, 227, 191, 214, 30, 238, 28, 231, 108,
       237, 247, 12, 127, 123, 151, 215, 130, 178, 12, 250, 108, 7, 175,
       163, 223, 255, 61, 219, 89, 157, 21, 247, 53, 223, 64, 50, 221,
       121, 6, 0, 254, 51, 0, 229, 128, 34, 124, 8, 57, 216, 113, 189,
       143, 251, 80, 82, 58, 12, 88, 62, 31, 142, 136, 187, 240, 160, 58,
       151, 62, 7, 95, 151, 141, 235, 90, 64, 119, 11, 183, 149, 150,
       152, 221, 215, 204, 103, 190, 197, 188, 198, 185, 210, 247, 110,
       236, 113, 188, 62, 78, 158, 83, 226, 182, 223, 19, 44, 215, 56,
       93, 228, 125, 156, 173, 238, 117, 138, 170, 223, 181, 212, 239,
       253, 90, 92, 5, 133, 119, 91, 244, 239, 231, 183, 125, 13, 127, 0,
       208, 113, 188, 108, 123, 26, 18, 40, 147, 184, 45, 215, 109, 30,
       66, 68, 215, 202, 213, 225, 18, 157, 123, 252, 155, 192, 21, 103,
       134, 81, 204, 50, 60, 183, 32, 96, 103, 179, 179, 128, 115, 11,
       50, 247, 243, 225, 154, 75, 57, 0, 165, 186, 134, 112, 184, 153,
       69, 215, 184, 72, 31, 55, 84, 19, 140, 158, 111, 140, 217, 25,
       147, 145, 6, 212, 83, 210, 79, 22, 154, 103, 150, 29, 61, 134,
       230, 252, 229, 154, 237, 229, 158, 204, 155, 122, 153, 127, 126,
       252, 125, 107, 205, 211, 255, 211, 251, 103, 250, 243, 121, 22,
       207, 255, 157, 127, 212, 115, 141, 174, 150, 253, 252, 35, 239,
       255, 30, 162, 28, 114, 253, 227, 249, 135, 127, 75, 62, 175, 113,
