%YAML:1.0
---
descriptors: !!opencv-matrix
   rows: 126
   cols: 32
   dt: u
   data: [ 10, 141, 48, 169, 215, 243, 186, 66, 14, 5, 74, 131, 140, 62,
       32, 192, 215, 27, 147, 145, 22, 152, 81, 223, 111, 117, 138, 199,
       150, 78, 57, 130, 2, 151, 32, 137, 213, 167, 178, 99, 13, 69, 89,
       135, 140, 44, 54, 68, 220, 43, 147, 53, 150, 184, 21, 221, 45, 84,
       138, 195, 21, 14, 149, 214, 180, 0, 227, 221, 102, 34, 233, 88,
       87, 130, 243, 214, 65, 203, 177, 76, 126, 172, 38, 142, 136, 247,
       134, 202, 20, 238, 235, 136, 189, 169, 112, 160, 15, 34, 226, 145,
       85, 191, 168, 73, 127, 177, 87, 215, 72, 202, 254, 236, 123, 141,
       183, 189, 150, 244, 45, 208, 30, 94, 155, 198, 151, 12, 49, 196,
       8, 140, 234, 249, 52, 171, 233, 115, 94, 1, 95, 18, 189, 171, 176,
       64, 123, 40, 23, 24, 178, 188, 37, 223, 78, 175, 186, 192, 182,
       136, 113, 160, 3, 159, 96, 155, 246, 149, 184, 55, 94, 69, 88,
       231, 172, 142, 182, 96, 230, 59, 147, 149, 151, 56, 102, 247, 44,
       28, 154, 232, 29, 132, 141, 221, 19, 133, 2, 140, 148, 166, 238,
       103, 20, 193, 91, 199, 121, 234, 56, 64, 122, 171, 51, 173, 17,
       153, 21, 223, 56, 46, 143, 192, 157, 74, 241, 144, 2, 154, 30,
       185, 43, 229, 56, 71, 190, 29, 64, 181, 172, 135, 96, 73, 231, 59,
       171, 145, 18, 28, 18, 209, 133, 16, 154, 235, 144, 0, 165, 155,
       18, 203, 74, 140, 118, 128, 174, 117, 164, 136, 222, 227, 168,
       142, 178, 64, 110, 171, 159, 229, 76, 139, 4, 237, 176, 37, 174,
       137, 53, 146, 185, 153, 32, 133, 106, 205, 244, 163, 229, 111, 84,
       37, 124, 2, 145, 185, 52, 0, 89, 190, 19, 40, 16, 186, 64, 159,
       108, 190, 186, 100, 149, 72, 246, 162, 32, 133, 186, 209, 213,
       173, 240, 87, 127, 29, 110, 25, 154, 185, 126, 72, 253, 154, 3,
       25, 150, 186, 16, 213, 79, 31, 146, 71, 210, 72, 248, 138, 176,
       77, 91, 236, 22, 202, 111, 119, 52, 128, 250, 3, 115, 59, 177, 80,
       122, 228, 4, 106, 104, 185, 0, 46, 241, 173, 164, 0, 101, 186,
       228, 171, 33, 133, 67, 79, 84, 14, 231, 180, 100, 128, 106, 66,
       243, 97, 188, 100, 120, 226, 2, 234, 233, 184, 85, 15, 37, 174,
       230, 0, 109, 250, 112, 168, 35, 126, 82, 204, 114, 181, 186, 214,
       169, 72, 248, 236, 60, 222, 167, 180, 158, 185, 151, 196, 199,
       131, 6, 255, 50, 28, 40, 170, 14, 215, 43, 157, 135, 120, 178,
       153, 166, 189, 176, 214, 94, 91, 82, 114, 156, 158, 228, 104, 207,
       27, 147, 81, 179, 252, 67, 243, 4, 16, 58, 194, 156, 25, 169, 151,
       50, 12, 238, 156, 86, 182, 250, 198, 57, 206, 90, 135, 57, 174,
       55, 235, 238, 239, 145, 213, 166, 250, 180, 238, 27, 107, 186,
       131, 133, 213, 118, 222, 79, 11, 106, 32, 244, 146, 234, 81, 228,
       196, 71, 135, 145, 136, 179, 89, 106, 168, 27, 253, 156, 155, 36,
       76, 126, 41, 170, 201, 165, 167, 250, 68, 50, 189, 36, 222, 95,
       71, 150, 238, 159, 126, 144, 47, 40, 189, 102, 129, 205, 83, 211,
       99, 226, 107, 26, 255, 51, 86, 221, 191, 87, 124, 55, 219, 164,
       43, 226, 206, 196, 193, 174, 65, 92, 132, 121, 3, 32, 200, 53, 8,
       216, 58, 3, 195, 80, 178, 10, 232, 36, 60, 138, 43, 85, 123, 245,
       130, 47, 80, 120, 229, 100, 22, 251, 24, 73, 236, 117, 167, 89,
       29, 183, 160, 222, 21, 151, 111, 197, 180, 101, 136, 70, 217, 171,
       133, 119, 191, 93, 243, 191, 223, 110, 216, 173, 115, 223, 251,
       215, 222, 188, 167, 73, 238, 255, 229, 223, 194, 191, 190, 255,
       35, 62, 155, 122, 223, 239, 191, 191, 252, 252, 213, 237, 253,
       253, 242, 173, 125, 87, 189, 195, 254, 188, 60, 219, 117, 219,
       247, 93, 214, 253, 126, 251, 100, 251, 162, 239, 219, 229, 189,
       190, 255, 220, 115, 8, 140, 83, 249, 54, 171, 233, 115, 60, 1, 91,
       82, 189, 139, 48, 64, 122, 41, 23, 24, 18, 184, 17, 223, 204, 239,
       50, 192, 180, 138, 113, 160, 2, 133, 90, 169, 50, 227, 184, 99,
       60, 1, 91, 178, 221, 254, 168, 64, 126, 59, 23, 176, 18, 184, 4,
       223, 156, 231, 186, 194, 181, 2, 161, 147, 111, 243, 240, 0, 235,
       124, 156, 157, 171, 125, 60, 253, 12, 254, 207, 190, 135, 83, 245,
       85, 151, 67, 238, 224, 30, 88, 109, 255, 206, 245, 143, 215, 57,
       222, 123, 252, 118, 209, 251, 242, 87, 64, 252, 230, 57, 205, 179,
       224, 126, 184, 151, 207, 235, 190, 52, 255, 114, 205, 170, 168,
       127, 158, 116, 249, 166, 204, 211, 151, 252, 9, 238, 224, 189,
       130, 184, 83, 206, 106, 109, 65, 251, 241, 79, 227, 112, 103, 72,
       238, 188, 150, 207, 30, 213, 123, 227, 128, 49, 34, 135, 29, 26,
       3, 0, 91, 22, 177, 194, 70, 83, 128, 128, 73, 120, 172, 106, 140,
       13, 222, 199, 29, 28, 162, 241, 0, 41, 40, 112, 128, 87, 141, 97,
       215, 214, 137, 238, 233, 189, 130, 184, 202, 207, 106, 53, 65,
       123, 227, 95, 255, 112, 107, 76, 238, 188, 30, 207, 124, 117, 235,
       225, 132, 2, 136, 134, 185, 177, 162, 56, 7, 62, 29, 66, 17, 236,
       166, 32, 73, 225, 63, 187, 144, 18, 220, 3, 213, 13, 50, 218, 195,
       144, 0, 165, 10, 3, 133, 96, 139, 246, 209, 184, 111, 30, 65, 89,
       135, 188, 14, 62, 96, 254, 11, 147, 149, 151, 24, 53, 247, 44, 28,
       154, 224, 157, 142, 185, 220, 153, 28, 255, 117, 178, 234, 125,
       55, 124, 194, 94, 242, 253, 63, 177, 97, 38, 119, 61, 168, 225,
       220, 37, 111, 231, 175, 122, 128, 36, 240, 37, 121, 2, 8, 82, 153,
       108, 169, 232, 71, 172, 17, 48, 210, 157, 130, 116, 74, 106, 41,
       90, 157, 2, 12, 70, 192, 4, 24, 186, 104, 20, 136, 113, 136, 147,
       219, 103, 156, 46, 144, 236, 244, 196, 72, 214, 230, 49, 138, 176,
       229, 110, 170, 63, 205, 207, 155, 6, 253, 50, 40, 170, 136, 61,
       156, 120, 157, 47, 177, 184, 67, 221, 253, 249, 207, 75, 121, 61,
       26, 8, 253, 94, 44, 153, 27, 211, 153, 151, 58, 250, 241, 79, 93,
       157, 127, 211, 79, 222, 246, 36, 36, 240, 219, 252, 173, 225, 11,
       95, 15, 121, 24, 130, 232, 92, 44, 217, 24, 55, 25, 146, 178, 234,
       194, 15, 30, 17, 104, 209, 203, 86, 224, 220, 89, 95, 164, 38, 74,
       127, 112, 165, 164, 246, 162, 63, 7, 161, 83, 102, 245, 93, 234,
       104, 183, 4, 40, 240, 224, 102, 128, 101, 241, 37, 41, 181, 100,
       200, 69, 164, 46, 239, 152, 112, 226, 63, 222, 211, 96, 223, 46,
       63, 204, 52, 238, 249, 116, 253, 2, 204, 142, 231, 164, 237, 243,
       210, 160, 3, 125, 90, 140, 122, 180, 186, 214, 201, 64, 120, 231,
       188, 202, 183, 48, 222, 41, 23, 197, 135, 3, 22, 255, 38, 28, 170,
       138, 93, 214, 43, 157, 76, 29, 186, 174, 244, 132, 95, 248, 146,
       140, 92, 0, 255, 243, 43, 80, 214, 121, 21, 90, 2, 10, 10, 63,
       227, 253, 39, 168, 176, 163, 33, 41, 113, 149, 30, 237, 56, 15,
       95, 56, 118, 232, 190, 12, 119, 115, 130, 82, 118, 244, 125, 104,
       169, 195, 217, 31, 250, 239, 101, 20, 40, 162, 0, 49, 78, 173,
       158, 179, 137, 228, 52, 175, 191, 151, 74, 1, 236, 246, 74, 75,
       193, 95, 235, 17, 54, 216, 219, 225, 175, 247, 95, 71, 128, 85,
       173, 14, 58, 153, 160, 173, 31, 199, 146, 98, 14, 238, 152, 171,
       108, 124, 39, 128, 220, 115, 223, 193, 136, 43, 81, 191, 145, 87,
       155, 179, 85, 47, 21, 223, 6, 92, 147, 219, 178, 225, 186, 214,
       30, 11, 90, 226, 188, 222, 165, 232, 247, 59, 151, 17, 131, 148,
       40, 242, 44, 20, 62, 198, 156, 91, 37, 191, 255, 78, 236, 33, 180,
       59, 76, 150, 83, 230, 182, 223, 3, 44, 215, 58, 95, 228, 93, 189,
       173, 254, 101, 142, 186, 95, 181, 244, 239, 252, 90, 92, 82, 173,
       4, 186, 153, 185, 20, 231, 191, 51, 136, 25, 174, 162, 64, 215,
       129, 163, 233, 1, 126, 75, 138, 183, 184, 246, 94, 123, 0, 68,
       139, 14, 42, 157, 96, 153, 213, 241, 248, 231, 27, 77, 124, 183,
       44, 252, 38, 132, 255, 187, 147, 145, 182, 186, 114, 255, 111, 87,
       158, 235, 215, 76, 252, 223, 31, 82, 120, 229, 39, 22, 218, 16,
       77, 236, 119, 167, 221, 29, 151, 32, 222, 149, 151, 239, 204, 176,
       101, 200, 198, 217, 170, 135, 119, 191, 93, 215, 15, 34, 226, 137,
