%YAML:1.0
---
descriptors: !!opencv-matrix
   rows: 76
   cols: 32
   dt: u
   data: [ 143, 221, 238, 190, 255, 179, 191, 230, 159, 198, 92, 183,
       108, 232, 55, 69, 239, 235, 151, 71, 228, 223, 14, 255, 126, 83,
       223, 139, 158, 125, 185, 223, 49, 75, 107, 252, 14, 128, 75, 214,
       196, 64, 208, 198, 49, 131, 177, 96, 104, 224, 31, 207, 201, 139,
       38, 173, 240, 169, 162, 136, 61, 185, 112, 56, 189, 99, 97, 236,
       124, 5, 75, 120, 71, 232, 185, 206, 115, 73, 157, 32, 88, 136, 23,
       239, 203, 34, 111, 159, 242, 221, 161, 188, 127, 171, 80, 160, 82,
       249, 56, 250, 25, 197, 27, 192, 142, 84, 129, 41, 180, 214, 33,
       48, 132, 59, 217, 195, 75, 3, 250, 61, 241, 145, 139, 59, 16, 19,
       7, 122, 109, 122, 169, 69, 37, 127, 71, 20, 75, 238, 54, 13, 179,
       141, 211, 190, 140, 108, 244, 94, 141, 244, 240, 170, 71, 221,
       101, 48, 202, 253, 94, 253, 82, 141, 22, 158, 25, 160, 48, 166,
       172, 5, 202, 17, 172, 179, 32, 196, 224, 55, 169, 193, 30, 139,
       146, 229, 177, 244, 154, 75, 0, 4, 189, 10, 144, 68, 85, 225, 52,
       203, 99, 176, 36, 0, 242, 64, 211, 3, 129, 81, 106, 128, 14, 106,
       105, 180, 97, 12, 228, 136, 32, 0, 48, 153, 68, 40, 181, 198, 109,
       77, 78, 19, 207, 248, 86, 226, 180, 238, 83, 73, 149, 33, 89, 196,
       23, 238, 233, 54, 109, 31, 118, 11, 225, 180, 119, 187, 80, 224,
       48, 67, 106, 44, 20, 19, 195, 120, 68, 4, 243, 79, 67, 8, 183, 64,
       120, 140, 6, 111, 204, 179, 5, 12, 112, 97, 160, 17, 117, 171,
       124, 196, 225, 96, 171, 103, 36, 31, 117, 21, 232, 238, 55, 9,
       243, 93, 223, 58, 148, 108, 85, 78, 228, 244, 224, 40, 103, 217,
       117, 176, 64, 186, 86, 123, 245, 237, 207, 254, 158, 35, 79, 252,
       22, 162, 250, 218, 115, 225, 153, 33, 121, 238, 108, 234, 121,
       231, 207, 63, 248, 175, 229, 84, 173, 251, 240, 40, 25, 142, 237,
       243, 132, 160, 105, 23, 100, 83, 94, 214, 185, 43, 208, 107, 103,
       130, 63, 157, 179, 216, 101, 225, 222, 233, 250, 192, 173, 192,
       240, 40, 104, 161, 187, 104, 244, 200, 99, 213, 105, 9, 124, 40,
       183, 181, 192, 48, 144, 58, 68, 88, 26, 56, 160, 37, 251, 253, 36,
       73, 194, 130, 198, 43, 168, 137, 107, 124, 96, 200, 125, 119, 164,
       69, 126, 177, 55, 175, 34, 16, 8, 178, 215, 4, 120, 168, 48, 47,
       99, 193, 48, 137, 112, 136, 230, 250, 42, 143, 98, 154, 255, 241,
       184, 231, 159, 93, 92, 179, 40, 174, 54, 196, 239, 59, 135, 145,
       54, 27, 38, 247, 30, 87, 154, 235, 151, 76, 189, 223, 154, 143,
       38, 186, 179, 179, 56, 231, 157, 13, 94, 183, 236, 239, 34, 193,
       231, 51, 191, 145, 54, 153, 35, 255, 251, 87, 154, 195, 22, 12,
       173, 75, 27, 22, 120, 233, 38, 180, 249, 55, 77, 77, 126, 247, 47,
       31, 182, 96, 238, 187, 151, 133, 143, 188, 36, 213, 194, 249, 186,
       131, 63, 140, 105, 93, 58, 113, 62, 237, 109, 95, 187, 88, 173,
       236, 247, 43, 206, 223, 47, 96, 254, 157, 255, 227, 204, 179, 243,
       220, 215, 121, 139, 191, 23, 47, 125, 215, 11, 48, 47, 233, 110,
       223, 185, 82, 175, 121, 214, 167, 189, 159, 178, 107, 238, 157,
       255, 149, 135, 251, 231, 208, 215, 121, 186, 146, 39, 140, 53,
       255, 124, 115, 110, 140, 108, 95, 251, 120, 45, 236, 247, 47, 94,
       222, 139, 211, 252, 213, 238, 226, 201, 227, 225, 204, 212, 161,
       235, 188, 79, 46, 118, 241, 174, 18, 124, 229, 108, 89, 249, 80,
       205, 252, 181, 142, 223, 15, 215, 139, 238, 129, 223, 107, 137,
       118, 112, 192, 214, 217, 235, 181, 95, 173, 95, 209, 10, 184, 178,
       217, 109, 249, 185, 83, 143, 93, 180, 62, 172, 159, 246, 142, 239,
       51, 223, 145, 151, 111, 50, 209, 94, 89, 250, 251, 158, 140, 125,
       249, 26, 19, 120, 225, 117, 204, 249, 81, 109, 77, 190, 102, 159,
       31, 214, 192, 238, 137, 159, 209, 139, 56, 113, 209, 215, 217,
       170, 194, 63, 138, 125, 243, 9, 18, 254, 241, 111, 125, 249, 82,
       111, 125, 246, 118, 157, 31, 210, 111, 110, 157, 255, 156, 131,
       246, 227, 192, 215, 219, 250, 208, 239, 140, 117, 241, 15, 111,
       226, 15, 114, 18, 174, 240, 121, 204, 124, 231, 73, 110, 151, 132,
       126, 125, 135, 231, 196, 146, 164, 238, 54, 116, 170, 128, 71,
       183, 111, 197, 40, 175, 25, 106, 113, 239, 82, 254, 103, 45, 120,
       72, 63, 123, 8, 144, 153, 155, 198, 72, 10, 58, 72, 61, 255, 221,
       33, 125, 226, 139, 70, 171, 17, 143, 75, 233, 146, 162, 107, 122,
       36, 0, 202, 194, 81, 35, 176, 96, 126, 174, 12, 236, 153, 152, 5,
       31, 232, 174, 170, 196, 61, 226, 32, 32, 114, 137, 130, 136, 223,
       161, 138, 198, 14, 1, 200, 139, 36, 170, 117, 64, 248, 187, 59,
       213, 14, 27, 214, 240, 177, 36, 138, 43, 149, 74, 49, 10, 187,
       100, 101, 69, 14, 19, 206, 120, 84, 226, 144, 206, 83, 8, 149,
       165, 88, 196, 94, 239, 237, 247, 101, 158, 48, 74, 225, 180, 127,
       190, 82, 252, 203, 152, 211, 250, 164, 132, 108, 151, 159, 91, 16,
       84, 189, 251, 240, 106, 135, 35, 63, 28, 243, 77, 18, 243, 200,
       222, 126, 200, 158, 192, 161, 41, 74, 148, 190, 220, 121, 240,
       185, 123, 207, 255, 158, 54, 172, 191, 162, 230, 231, 55, 191,
       168, 177, 77, 51, 207, 223, 255, 251, 139, 150, 228, 45, 221, 202,
       148, 180, 220, 249, 244, 185, 43, 203, 255, 20, 17, 172, 190, 102,
       231, 199, 23, 251, 128, 54, 79, 178, 215, 95, 87, 218, 239, 146,
       68, 45, 223, 187, 89, 122, 165, 103, 94, 253, 81, 41, 236, 246,
       167, 31, 30, 183, 244, 254, 181, 151, 229, 205, 183, 113, 206,
       246, 217, 171, 135, 111, 172, 125, 215, 58, 113, 98, 141, 125, 95,
       249, 121, 47, 236, 254, 175, 222, 159, 130, 100, 254, 157, 255,
       228, 200, 179, 241, 220, 247, 125, 171, 183, 87, 46, 245, 243,
       123, 49, 123, 228, 111, 94, 251, 112, 237, 204, 247, 46, 95, 158,
       183, 115, 126, 133, 255, 231, 205, 179, 225, 200, 215, 249, 170,
       137, 103, 175, 119, 243, 203, 176, 246, 216, 109, 221, 249, 83,
       175, 93, 180, 22, 172, 158, 214, 111, 239, 145, 255, 145, 151,
       109, 242, 209, 95, 89, 250, 235, 142, 140, 103, 255, 139, 24, 122,
       216, 109, 220, 249, 82, 233, 93, 180, 182, 140, 159, 246, 47, 238,
       49, 223, 157, 135, 47, 50, 209, 215, 89, 186, 235, 31, 140, 109,
       255, 27, 19, 120, 225, 118, 220, 249, 85, 109, 77, 190, 231, 159,
       31, 182, 228, 238, 145, 159, 245, 159, 59, 97, 196, 246, 217, 170,
       194, 47, 142, 253, 243, 252, 237, 252, 96, 172, 75, 86, 207, 227,
       190, 188, 8, 87, 179, 65, 27, 169, 198, 108, 120, 106, 107, 203,
       48, 251, 219, 101, 61, 226, 240, 206, 2, 3, 87, 67, 141, 112, 22,
       238, 56, 61, 72, 91, 199, 217, 46, 191, 228, 246, 13, 23, 239,
       197, 144, 61, 207, 38, 60, 170, 132, 30, 182, 57, 213, 177, 6, 78,
       37, 4, 10, 224, 112, 116, 66, 247, 215, 19, 8, 178, 65, 120, 132,
       14, 173, 173, 180, 69, 14, 212, 233, 162, 0, 109, 136, 120, 144,
       147, 160, 148, 181, 15, 58, 168, 35, 152, 243, 130, 215, 237, 34,
       18, 142, 163, 71, 106, 133, 53, 205, 85, 207, 140, 102, 91, 82,
       140, 44, 9, 140, 146, 153, 127, 254, 138, 193, 25, 246, 150, 130,
       192, 178, 53, 247, 32, 104, 111, 243, 59, 128, 43, 79, 50, 127,
       217, 135, 222, 72, 181, 8, 37, 122, 75, 6, 198, 151, 44, 58, 104,
       34, 164, 227, 223, 228, 203, 32, 146, 206, 71, 196, 236, 172, 29,
       220, 229, 141, 132, 119, 250, 209, 46, 239, 25, 36, 248, 191, 16,
       240, 9, 141, 92, 55, 179, 41, 160, 89, 175, 147, 64, 209, 196,
       191, 205, 0, 126, 203, 208, 183, 243, 241, 176, 123, 34, 0, 138,
       11, 152, 13, 126, 252, 173, 244, 113, 119, 144, 15, 244, 19, 63,
       189, 34, 91, 236, 178, 133, 8, 50, 175, 178, 167, 83, 235, 112, 9,
       115, 200, 228, 251, 158, 78, 238, 190, 174, 179, 190, 248, 159,
       158, 215, 243, 105, 236, 191, 79, 127, 227, 191, 231, 236, 199,
       46, 250, 178, 99, 255, 137, 55, 255, 61, 213, 138, 157, 50, 149,
       243, 255, 176, 39, 29, 239, 70, 19, 172, 62, 38, 197, 230, 59,
