%YAML:1.0
---
descriptors: !!opencv-matrix
   rows: 62
   cols: 32
   dt: u
   data: [ 27, 151, 106, 201, 246, 183, 235, 119, 84, 73, 92, 102, 25,
       61, 182, 96, 126, 170, 23, 189, 155, 184, 53, 223, 126, 77, 170,
       192, 191, 138, 240, 241, 11, 142, 75, 249, 116, 175, 232, 115, 63,
       9, 91, 86, 189, 169, 176, 192, 127, 42, 23, 12, 179, 184, 1, 223,
       142, 255, 58, 192, 60, 136, 241, 185, 35, 218, 115, 222, 116, 129,
       235, 240, 85, 72, 116, 230, 49, 220, 181, 32, 126, 169, 23, 203,
       203, 190, 36, 255, 52, 204, 170, 168, 125, 154, 112, 253, 3, 159,
       7, 157, 118, 162, 168, 39, 188, 73, 90, 231, 164, 162, 52, 197,
       230, 47, 27, 133, 181, 152, 5, 205, 36, 54, 154, 194, 12, 4, 57,
       221, 19, 233, 203, 177, 150, 138, 238, 214, 94, 224, 82, 231, 145,
       8, 148, 8, 106, 239, 22, 221, 215, 248, 5, 108, 44, 42, 190, 192,
       173, 185, 241, 136, 2, 56, 58, 216, 109, 245, 185, 83, 143, 89,
       116, 119, 188, 159, 118, 106, 239, 59, 151, 145, 130, 47, 178,
       209, 95, 88, 186, 235, 158, 12, 37, 223, 103, 179, 245, 64, 235,
       125, 189, 157, 171, 127, 53, 253, 12, 252, 223, 190, 135, 87, 245,
       87, 151, 99, 174, 224, 30, 24, 125, 255, 207, 245, 143, 215, 2,
       136, 150, 221, 21, 226, 56, 39, 30, 23, 66, 19, 236, 119, 32, 73,
       243, 63, 187, 129, 50, 220, 3, 245, 13, 54, 218, 67, 146, 8, 181,
       10, 3, 135, 32, 171, 244, 209, 184, 127, 94, 73, 88, 227, 189, 14,
       190, 96, 254, 27, 23, 149, 151, 184, 37, 247, 44, 92, 186, 192,
       29, 142, 185, 221, 2, 152, 6, 185, 35, 228, 57, 71, 190, 29, 64,
       181, 172, 135, 96, 73, 230, 59, 163, 148, 18, 220, 3, 209, 133,
       176, 218, 195, 144, 4, 37, 251, 145, 28, 255, 117, 50, 226, 61,
       55, 52, 206, 94, 246, 125, 55, 179, 97, 38, 119, 29, 168, 225,
       220, 37, 111, 231, 174, 122, 128, 36, 240, 165, 121, 43, 177, 176,
       75, 221, 253, 187, 204, 75, 121, 61, 10, 168, 221, 94, 36, 153,
       27, 147, 221, 151, 42, 250, 241, 111, 28, 29, 127, 211, 15, 223,
       254, 147, 219, 71, 157, 46, 145, 172, 244, 220, 64, 210, 230, 33,
       138, 180, 197, 110, 41, 182, 197, 199, 189, 6, 253, 48, 32, 186,
       128, 61, 156, 57, 157, 89, 159, 88, 172, 58, 153, 18, 248, 206,
       100, 28, 175, 239, 202, 171, 64, 182, 165, 236, 103, 206, 1, 173,
       29, 242, 225, 43, 189, 60, 171, 13, 93, 217, 157, 23, 215, 183,
       217, 81, 35, 221, 89, 22, 34, 254, 113, 128, 229, 34, 50, 124, 8,
       113, 232, 115, 189, 175, 250, 80, 83, 42, 8, 80, 47, 31, 134, 200,
       187, 240, 160, 122, 151, 62, 71, 93, 215, 221, 227, 90, 80, 119,
       43, 23, 157, 182, 152, 204, 215, 236, 101, 174, 229, 188, 198,
       185, 210, 14, 48, 144, 217, 85, 247, 176, 74, 31, 47, 81, 19, 140,
       154, 111, 204, 217, 25, 147, 145, 38, 148, 81, 210, 15, 22, 154,
       103, 146, 13, 13, 134, 15, 81, 104, 197, 38, 86, 255, 56, 77, 232,
       87, 162, 217, 29, 159, 164, 62, 221, 151, 239, 192, 176, 109, 204,
       103, 249, 171, 133, 119, 191, 93, 241, 27, 223, 111, 201, 118,
       147, 235, 245, 84, 64, 94, 230, 81, 77, 180, 96, 126, 168, 19,
       253, 211, 184, 53, 255, 110, 45, 174, 192, 63, 138, 240, 249, 29,
       2, 194, 249, 86, 178, 232, 82, 117, 195, 87, 246, 9, 139, 177,
       236, 123, 173, 150, 156, 135, 180, 37, 194, 86, 239, 186, 196,
       175, 205, 121, 132, 18, 133, 123, 202, 178, 226, 171, 99, 61, 1,
       95, 162, 93, 247, 168, 96, 126, 187, 23, 184, 19, 153, 36, 223,
       184, 164, 170, 192, 181, 130, 165, 160, 2, 152, 138, 153, 51, 230,
       56, 7, 62, 29, 66, 177, 172, 151, 32, 72, 247, 59, 187, 148, 18,
       220, 3, 213, 133, 54, 154, 195, 144, 4, 165, 123, 147, 90, 103,
       221, 46, 129, 169, 212, 220, 66, 212, 230, 49, 204, 181, 109, 110,
       168, 31, 207, 227, 175, 54, 253, 20, 42, 250, 128, 61, 152, 112,
       253, 39, 51, 232, 64, 228, 52, 236, 219, 91, 251, 60, 239, 136,
       172, 215, 184, 221, 207, 23, 157, 151, 114, 228, 192, 14, 93, 189,
       236, 207, 253, 218, 213, 39, 36, 232, 235, 124, 169, 234, 90, 94,
       195, 121, 222, 145, 200, 221, 40, 95, 136, 23, 153, 159, 50, 205,
       178, 12, 93, 187, 236, 221, 203, 88, 148, 58, 56, 34, 164, 23,
       207, 154, 98, 142, 236, 218, 175, 44, 220, 39, 0, 252, 185, 215,
       161, 140, 175, 16, 159, 211, 85, 139, 187, 87, 13, 23, 223, 7,
       253, 187, 155, 182, 131, 190, 213, 158, 201, 88, 226, 252, 254,
       233, 96, 247, 123, 151, 209, 179, 216, 10, 250, 44, 20, 191, 162,
       156, 90, 169, 155, 139, 149, 70, 171, 181, 150, 106, 191, 191, 89,
       89, 215, 205, 234, 58, 193, 247, 11, 157, 189, 247, 9, 30, 223,
       174, 113, 170, 196, 62, 132, 185, 93, 23, 42, 203, 193, 214, 162,
       234, 82, 127, 1, 90, 226, 1, 138, 181, 104, 127, 168, 22, 156,
       146, 144, 5, 192, 20, 44, 186, 192, 165, 201, 241, 133, 75, 251,
       225, 18, 242, 153, 191, 245, 43, 236, 20, 239, 44, 156, 214, 180,
       174, 121, 215, 215, 199, 90, 174, 224, 62, 24, 47, 234, 79, 150,
       135, 255, 194, 142, 18, 155, 54, 162, 56, 39, 62, 15, 66, 115,
       236, 34, 32, 64, 243, 55, 59, 145, 50, 156, 1, 255, 140, 54, 186,
       194, 148, 0, 161, 11, 52, 7, 73, 235, 220, 163, 203, 90, 22, 1,
       217, 195, 81, 207, 184, 64, 122, 138, 23, 189, 26, 178, 77, 223,
       220, 141, 170, 204, 181, 203, 116, 224, 130, 152, 138, 187, 55,
       227, 56, 71, 30, 79, 66, 183, 172, 214, 34, 72, 247, 59, 155, 149,
       54, 156, 1, 243, 141, 22, 154, 195, 148, 12, 189, 91, 248, 139,
       106, 188, 4, 128, 202, 248, 18, 200, 210, 227, 115, 205, 112, 64,
       124, 253, 53, 231, 204, 187, 142, 153, 216, 233, 171, 173, 37,
       164, 116, 91, 50, 94, 99, 140, 83, 195, 15, 126, 61, 68, 248, 239,
       40, 199, 181, 213, 126, 169, 151, 238, 233, 131, 52, 223, 50, 28,
       129, 146, 55, 180, 100, 253, 180, 174, 200, 217, 236, 33, 77, 218,
       22, 50, 216, 82, 17, 163, 209, 77, 89, 202, 38, 190, 58, 126, 203,
       146, 28, 136, 247, 108, 181, 249, 240, 160, 141, 141, 119, 89,
       181, 239, 163, 178, 255, 21, 126, 80, 218, 249, 180, 101, 75, 50,
       30, 88, 179, 168, 63, 255, 45, 24, 7, 64, 215, 237, 213, 37, 46,
       112, 48, 128, 109, 85, 184, 72, 137, 180, 153, 11, 140, 158, 111,
       135, 200, 17, 211, 227, 68, 35, 210, 192, 23, 80, 139, 63, 22, 62,
       29, 198, 34, 12, 162, 156, 77, 245, 150, 70, 217, 134, 252, 11,
       40, 188, 55, 180, 232, 187, 147, 129, 4, 171, 178, 235, 51, 28,
       138, 43, 211, 124, 126, 206, 5, 143, 83, 195, 214, 130, 171, 208,
       44, 1, 91, 198, 213, 3, 185, 96, 118, 171, 23, 220, 147, 152, 29,
       116, 44, 140, 174, 196, 189, 139, 161, 161, 21, 133, 95, 170, 150,
       130, 111, 249, 100, 1, 219, 66, 83, 195, 56, 96, 114, 131, 30,
       251, 91, 155, 29, 29, 248, 173, 170, 68, 61, 131, 161, 0, 157, 12,
       239, 253, 60, 182, 251, 210, 213, 198, 214, 146, 25, 255, 179,
       105, 110, 225, 63, 221, 184, 173, 55, 238, 67, 239, 250, 128, 183,
       249, 112, 113, 11, 58, 231, 145, 247, 243, 185, 83, 191, 231, 22,
       167, 12, 142, 215, 174, 175, 61, 251, 149, 180, 221, 53, 202, 95,
       95, 155, 195, 135, 36, 61, 215, 39, 35, 235, 68, 244, 58, 235, 91,
       75, 229, 125, 207, 25, 172, 214, 32, 126, 204, 23, 157, 149, 186,
       228, 192, 94, 125, 171, 164, 199, 239, 82, 212, 66, 151, 46, 180,
       239, 104, 61, 35, 173, 94, 91, 183, 204, 175, 34, 75, 231, 183,
       191, 33, 80, 88, 2, 193, 215, 51, 218, 139, 4, 108, 181, 83, 30,
       28, 190, 249, 149, 246, 250, 194, 141, 194, 206, 3, 141, 191, 53,
       104, 237, 119, 187, 145, 176, 153, 49, 238, 207, 255, 222, 67,
       135, 237, 57, 66, 52, 47, 73, 235, 148, 163, 203, 201, 6, 161,
       217, 2, 115, 226, 49, 64, 120, 170, 6, 216, 26, 178, 77, 60, 248,
       133, 175, 52, 181, 219, 112, 160, 55, 104, 235, 142, 86, 128, 235,
       80, 66, 192, 216, 207, 49, 204, 215, 32, 126, 237, 23, 223, 143,
       179, 180, 232, 86, 45, 171, 168, 109, 187, 114, 244, 2, 28, 39,
