%YAML:1.0
---
descriptors: !!opencv-matrix
   rows: 56
   cols: 32
   dt: u
   data: [ 214, 205, 240, 246, 182, 32, 222, 181, 89, 130, 57, 18, 239,
       123, 29, 1, 183, 243, 21, 227, 248, 100, 12, 238, 235, 222, 207,
       211, 247, 247, 195, 3, 178, 105, 2, 188, 29, 87, 212, 106, 133, 4,
       160, 11, 42, 156, 39, 148, 200, 153, 203, 225, 110, 43, 18, 159,
       179, 212, 129, 63, 81, 60, 126, 198, 244, 53, 255, 100, 172, 99,
       215, 250, 131, 238, 188, 41, 83, 253, 105, 51, 217, 212, 237, 98,
       120, 99, 250, 10, 251, 193, 101, 63, 113, 123, 86, 115, 240, 61,
       253, 228, 141, 67, 86, 109, 67, 234, 188, 10, 83, 189, 65, 51,
       200, 246, 236, 98, 77, 99, 233, 8, 243, 193, 229, 63, 97, 122, 86,
       107, 37, 43, 233, 81, 213, 191, 234, 210, 87, 241, 124, 78, 128,
       168, 215, 44, 108, 110, 18, 220, 135, 186, 244, 224, 79, 28, 129,
       32, 239, 253, 114, 212, 90, 141, 94, 237, 50, 178, 122, 39, 173,
       1, 78, 131, 109, 127, 32, 240, 230, 183, 189, 160, 56, 153, 1,
       255, 251, 255, 138, 67, 182, 134, 169, 6, 243, 166, 209, 196, 90,
       6, 143, 123, 24, 162, 152, 250, 124, 118, 148, 182, 127, 213, 87,
       175, 241, 75, 204, 206, 60, 14, 239, 188, 5, 226, 35, 169, 82,
       141, 2, 190, 145, 224, 58, 166, 188, 17, 202, 19, 172, 251, 32,
       194, 224, 115, 251, 129, 18, 9, 138, 231, 149, 118, 154, 75, 0, 5,
       189, 10, 90, 149, 58, 186, 179, 192, 27, 105, 189, 5, 205, 161,
       76, 247, 42, 80, 246, 187, 151, 231, 82, 11, 26, 223, 251, 245,
       10, 207, 16, 6, 167, 115, 135, 144, 147, 250, 161, 165, 57, 208,
       158, 25, 81, 80, 188, 211, 104, 105, 231, 59, 55, 16, 19, 68, 26,
       241, 141, 152, 122, 234, 152, 1, 161, 171, 152, 205, 87, 239, 4,
       203, 79, 180, 37, 32, 210, 66, 115, 19, 176, 245, 122, 228, 30,
       234, 105, 145, 97, 189, 241, 232, 160, 16, 54, 187, 112, 40, 108,
       173, 190, 120, 157, 245, 84, 198, 195, 31, 172, 25, 42, 253, 107,
       154, 201, 178, 233, 16, 26, 107, 194, 177, 219, 215, 197, 123,
       210, 92, 222, 66, 145, 201, 79, 220, 6, 129, 13, 229, 132, 0, 210,
       194, 49, 130, 184, 97, 106, 162, 10, 200, 105, 143, 36, 221, 240,
       160, 234, 8, 53, 152, 240, 40, 61, 113, 235, 101, 119, 86, 255,
       120, 97, 232, 255, 130, 91, 31, 157, 34, 126, 212, 213, 238, 204,
       182, 189, 138, 119, 237, 165, 133, 103, 183, 118, 243, 198, 205,
       208, 146, 228, 160, 238, 164, 201, 2, 185, 82, 237, 106, 125, 3,
       235, 227, 14, 255, 114, 39, 76, 226, 180, 156, 142, 60, 156, 251,
       235, 136, 50, 72, 58, 188, 93, 199, 212, 103, 141, 134, 160, 9, 6,
       152, 39, 212, 200, 187, 203, 1, 108, 47, 80, 156, 179, 212, 146,
       59, 80, 28, 126, 14, 180, 1, 91, 232, 212, 71, 231, 97, 16, 0,
       233, 10, 83, 151, 32, 16, 120, 152, 3, 234, 105, 178, 16, 14, 241,
       172, 130, 12, 97, 59, 230, 162, 199, 237, 18, 218, 236, 161, 174,
       196, 138, 18, 25, 64, 188, 203, 249, 3, 199, 99, 27, 95, 82, 1,
       138, 241, 36, 152, 174, 172, 156, 251, 161, 161, 35, 12, 239, 89,
       100, 175, 232, 70, 126, 83, 122, 199, 48, 156, 52, 40, 235, 42,
       51, 29, 134, 252, 52, 96, 71, 26, 82, 64, 197, 200, 112, 238, 252,
       122, 188, 164, 13, 79, 215, 69, 136, 174, 182, 43, 239, 15, 67,
       27, 168, 244, 236, 98, 104, 247, 192, 8, 245, 193, 237, 49, 97,
       120, 214, 122, 1, 94, 211, 121, 52, 174, 106, 150, 126, 75, 114,
       100, 247, 3, 177, 244, 55, 46, 12, 28, 131, 184, 53, 127, 164,
       190, 50, 64, 152, 145, 97, 57, 124, 40, 252, 118, 141, 120, 209,
       136, 219, 183, 180, 25, 75, 120, 79, 58, 137, 215, 236, 83, 140,
       99, 251, 32, 91, 207, 85, 63, 225, 121, 78, 66, 134, 243, 31, 186,
       236, 133, 189, 216, 142, 26, 17, 96, 156, 219, 233, 203, 231, 25,
       23, 83, 67, 5, 138, 241, 197, 145, 110, 174, 152, 91, 161, 161,
       114, 228, 158, 184, 13, 197, 84, 206, 135, 31, 168, 9, 38, 219,
       98, 90, 201, 243, 235, 80, 94, 111, 194, 177, 155, 215, 213, 123,
       208, 88, 254, 74, 80, 253, 57, 186, 25, 197, 23, 226, 190, 53,
       136, 9, 180, 215, 65, 16, 129, 123, 89, 67, 66, 75, 218, 55, 249,
       149, 27, 59, 16, 19, 7, 122, 185, 78, 79, 252, 14, 129, 202, 246,
       212, 2, 208, 198, 51, 137, 177, 97, 106, 224, 62, 206, 233, 175,
       6, 191, 208, 235, 226, 136, 61, 185, 112, 8, 217, 1, 111, 229,
       102, 86, 126, 113, 101, 72, 246, 130, 91, 31, 180, 241, 126, 148,
       53, 238, 216, 154, 37, 205, 247, 233, 234, 193, 55, 166, 116, 105,
       11, 90, 22, 155, 101, 149, 184, 82, 159, 77, 86, 102, 172, 222,
       166, 237, 238, 59, 151, 205, 199, 152, 34, 241, 6, 121, 186, 202,
       30, 140, 41, 223, 11, 48, 127, 201, 111, 221, 249, 82, 175, 125,
       246, 103, 156, 159, 214, 110, 238, 157, 255, 149, 135, 185, 243,
       209, 215, 121, 186, 195, 159, 140, 101, 247, 123, 50, 111, 205,
       124, 95, 251, 120, 47, 236, 246, 239, 219, 159, 150, 116, 126,
       157, 255, 173, 140, 243, 231, 220, 214, 255, 171, 188, 119, 174,
       118, 245, 192, 188, 157, 179, 138, 233, 49, 135, 186, 55, 2, 24,
       180, 183, 64, 91, 163, 83, 105, 144, 50, 76, 210, 115, 205, 131,
       126, 127, 128, 64, 135, 43, 16, 44, 138, 184, 81, 225, 122, 71,
       182, 4, 104, 3, 53, 211, 33, 80, 249, 187, 3, 128, 2, 11, 2, 123,
       241, 165, 138, 41, 177, 66, 47, 138, 253, 96, 175, 103, 36, 15,
       117, 20, 121, 238, 55, 9, 122, 93, 219, 59, 148, 116, 85, 127,
       232, 244, 168, 10, 195, 217, 101, 176, 66, 255, 86, 107, 22, 104,
       147, 163, 6, 107, 98, 68, 171, 166, 131, 205, 167, 171, 65, 10,
       163, 109, 109, 87, 8, 245, 153, 72, 137, 208, 79, 50, 160, 123, 7,
       90, 32, 105, 95, 91, 86, 203, 160, 70, 108, 129, 120, 2, 48, 216,
       53, 32, 120, 58, 2, 17, 2, 184, 18, 109, 109, 12, 22, 0, 205, 10,
       99, 170, 117, 6, 199, 236, 142, 34, 205, 81, 212, 130, 219, 246,
       83, 235, 185, 107, 122, 164, 62, 170, 185, 167, 36, 138, 208, 170,
       226, 144, 173, 234, 112, 32, 124, 224, 188, 122, 168, 13, 87, 216,
       227, 154, 181, 8, 127, 243, 73, 27, 179, 214, 108, 122, 122, 103,
       138, 50, 251, 235, 101, 125, 224, 243, 198, 35, 222, 220, 132,
       151, 139, 114, 28, 174, 150, 242, 134, 183, 233, 102, 11, 207, 99,
       199, 249, 167, 124, 197, 207, 172, 184, 99, 223, 151, 174, 125,
       185, 92, 69, 163, 144, 177, 166, 169, 32, 9, 126, 177, 27, 248,
       215, 194, 200, 8, 55, 15, 46, 29, 18, 120, 205, 82, 140, 6, 127,
       108, 140, 137, 137, 1, 38, 160, 24, 58, 93, 173, 208, 200, 203,
       23, 33, 25, 166, 216, 76, 136, 153, 155, 195, 17, 30, 38, 218,
       179, 157, 84, 24, 123, 209, 11, 222, 134, 76, 182, 149, 243, 201,
       44, 53, 159, 175, 27, 171, 84, 238, 243, 72, 219, 133, 83, 238,
       16, 50, 73, 155, 113, 141, 242, 86, 94, 194, 80, 163, 171, 113, 7,
       207, 224, 166, 34, 109, 223, 84, 3, 222, 246, 17, 35, 176, 106,
       126, 198, 62, 188, 185, 251, 37, 130, 248, 175, 254, 196, 173,
       216, 240, 56, 42, 184, 186, 248, 239, 245, 185, 71, 139, 93, 28,
       63, 172, 158, 102, 12, 239, 59, 151, 145, 151, 43, 178, 241, 95,
       93, 154, 235, 151, 76, 175, 255, 252, 231, 220, 98, 172, 9, 86,
       216, 99, 190, 189, 104, 87, 227, 73, 18, 17, 212, 108, 122, 106,
       99, 203, 51, 250, 235, 101, 125, 224, 243, 78, 3, 199, 238, 140,
       158, 158, 51, 22, 175, 158, 255, 153, 255, 199, 232, 207, 75, 213,
       199, 237, 55, 190, 79, 207, 59, 168, 38, 253, 189, 156, 253, 152,
       85, 222, 52, 204, 180, 139, 98, 156, 202, 178, 246, 129, 191, 77,
       110, 83, 139, 35, 213, 249, 183, 44, 71, 155, 66, 216, 67, 255,
       255, 173, 117, 47, 82, 76, 177, 148, 251, 139, 188, 52, 159, 175,
       57, 168, 68, 206, 243, 72, 222, 133, 87, 232, 16, 19, 73, 219,
       241, 143, 247, 87, 94, 202, 82, 139, 43, 85, 201, 203, 195, 244,
       2, 111, 246, 116, 113, 222, 230, 19, 35, 240, 98, 111, 206, 62,
       222, 217, 251, 173, 226, 254, 175, 254, 196, 173, 218, 240, 40,
       193, 223, 140, 191, 172, 172, 31, 191, 158, 223, 139, 213, 247,
