%YAML:1.0
---
descriptors: !!opencv-matrix
   rows: 39
   cols: 32
   dt: u
   data: [ 193, 82, 159, 237, 36, 46, 105, 17, 44, 10, 119, 80, 215, 51,
       169, 123, 22, 20, 60, 40, 1, 148, 33, 66, 197, 187, 114, 132, 16,
       241, 97, 97, 24, 0, 68, 233, 5, 218, 97, 16, 53, 21, 102, 2, 155,
       19, 2, 76, 112, 140, 171, 152, 10, 184, 117, 128, 199, 233, 144,
       65, 39, 140, 124, 162, 175, 181, 120, 82, 221, 253, 208, 75, 91,
       113, 165, 24, 10, 24, 94, 191, 153, 138, 210, 16, 191, 106, 250,
       210, 15, 88, 21, 127, 219, 12, 218, 70, 116, 125, 189, 100, 140,
       67, 87, 237, 195, 186, 188, 42, 83, 189, 65, 51, 216, 244, 236,
       98, 73, 99, 235, 8, 251, 193, 229, 63, 97, 122, 214, 27, 10, 151,
       50, 157, 85, 209, 176, 239, 95, 5, 92, 39, 172, 236, 62, 196, 251,
       59, 131, 129, 22, 184, 115, 223, 39, 118, 154, 195, 22, 12, 189,
       223, 120, 16, 58, 73, 77, 87, 112, 88, 69, 32, 231, 2, 18, 147,
       40, 116, 104, 156, 106, 104, 8, 179, 241, 144, 87, 233, 128, 59,
       115, 10, 116, 162, 6, 141, 26, 248, 82, 228, 122, 226, 175, 5,
       108, 3, 61, 223, 40, 80, 178, 187, 19, 208, 18, 11, 18, 127, 123,
       197, 2, 73, 177, 3, 47, 162, 72, 33, 187, 97, 180, 200, 115, 21,
       107, 9, 126, 40, 191, 151, 192, 48, 146, 62, 84, 88, 19, 184, 160,
       0, 239, 253, 36, 64, 192, 130, 230, 43, 3, 18, 107, 129, 98, 6,
       169, 18, 44, 76, 86, 230, 157, 6, 182, 108, 38, 21, 55, 141, 129,
       148, 37, 196, 4, 60, 186, 192, 44, 132, 33, 245, 186, 186, 99,
       248, 119, 245, 152, 87, 139, 93, 84, 55, 44, 157, 118, 172, 238,
       187, 151, 149, 151, 47, 50, 243, 19, 89, 154, 235, 215, 12, 126,
       223, 252, 229, 188, 114, 168, 76, 85, 221, 243, 187, 180, 24, 95,
       243, 73, 123, 161, 215, 124, 90, 106, 99, 139, 35, 251, 251, 117,
       61, 226, 242, 198, 43, 2, 169, 18, 154, 77, 137, 162, 199, 174,
       17, 72, 1, 164, 210, 32, 196, 232, 43, 10, 17, 6, 171, 2, 241, 21,
       20, 154, 75, 16, 8, 173, 142, 48, 173, 138, 232, 211, 228, 123,
       207, 162, 5, 104, 3, 53, 243, 96, 80, 248, 187, 19, 144, 26, 27,
       146, 123, 249, 165, 138, 105, 177, 66, 166, 138, 210, 164, 157,
       240, 139, 97, 25, 207, 187, 23, 133, 57, 140, 223, 106, 27, 133,
       19, 249, 145, 122, 79, 138, 147, 219, 211, 223, 255, 144, 64, 167,
       90, 212, 104, 149, 179, 15, 107, 64, 192, 191, 182, 34, 77, 199,
       201, 65, 11, 163, 101, 109, 118, 40, 117, 153, 128, 153, 210, 69,
       55, 160, 123, 7, 18, 16, 205, 26, 232, 210, 196, 123, 238, 182, 4,
       104, 1, 53, 211, 33, 80, 248, 187, 3, 208, 26, 139, 18, 127, 249,
       165, 170, 73, 49, 2, 38, 138, 11, 27, 122, 233, 55, 244, 121, 23,
       45, 77, 94, 167, 189, 31, 182, 228, 38, 51, 151, 141, 149, 152,
       36, 197, 70, 249, 186, 195, 54, 132, 37, 125, 58, 18, 123, 237,
       119, 214, 249, 115, 109, 76, 254, 231, 59, 31, 182, 212, 238, 177,
       151, 165, 201, 186, 37, 205, 214, 249, 178, 130, 127, 140, 124,
       123, 107, 178, 242, 184, 109, 249, 249, 83, 171, 93, 180, 191,
       172, 143, 246, 47, 239, 185, 223, 149, 150, 111, 226, 209, 95, 89,
       122, 235, 22, 140, 103, 223, 230, 188, 149, 90, 233, 237, 5, 142,
       159, 187, 160, 24, 226, 245, 109, 191, 201, 114, 234, 16, 51, 79,
       250, 243, 45, 22, 85, 126, 146, 125, 132, 180, 52, 32, 88, 97, 14,
       75, 115, 64, 101, 36, 235, 34, 19, 25, 77, 82, 122, 156, 74, 98,
       8, 176, 65, 0, 212, 160, 0, 23, 113, 171, 100, 130, 27, 132, 148,
       181, 31, 50, 168, 107, 138, 179, 130, 215, 205, 42, 18, 202, 163,
       103, 106, 165, 53, 205, 93, 207, 140, 230, 91, 82, 172, 44, 171,
       148, 184, 29, 62, 244, 96, 236, 121, 118, 176, 14, 116, 57, 63,
       191, 0, 17, 168, 178, 215, 0, 56, 137, 16, 47, 211, 203, 112, 145,
       98, 200, 102, 251, 27, 155, 114, 248, 51, 212, 57, 87, 141, 93,
       84, 167, 61, 159, 182, 228, 230, 51, 151, 149, 151, 9, 38, 241,
       67, 121, 186, 203, 30, 132, 173, 127, 94, 207, 204, 151, 138, 114,
       28, 175, 132, 182, 142, 175, 203, 102, 159, 203, 99, 231, 237,
       167, 108, 195, 207, 172, 186, 99, 223, 149, 45, 126, 156, 86, 86,
       247, 148, 178, 186, 65, 22, 140, 138, 117, 137, 187, 204, 252,
       202, 2, 183, 87, 237, 243, 86, 67, 143, 177, 184, 68, 47, 255,
       180, 23, 133, 87, 210, 63, 18, 180, 57, 140, 68, 55, 185, 170,
       130, 125, 167, 210, 0, 211, 132, 239, 76, 0, 107, 207, 210, 175,
       176, 240, 58, 186, 8, 0, 139, 27, 246, 27, 236, 183, 136, 90, 14,
       172, 48, 230, 131, 175, 227, 108, 31, 66, 84, 199, 253, 231, 252,
       67, 223, 170, 186, 227, 205, 149, 173, 127, 156, 84, 94, 227, 129,
       170, 58, 65, 31, 168, 3, 252, 152, 235, 237, 198, 201, 150, 23,
       215, 237, 247, 74, 67, 207, 253, 188, 20, 45, 254, 22, 182, 7,
       117, 211, 128, 133, 149, 172, 106, 104, 39, 254, 113, 130, 80,
       199, 32, 144, 238, 1, 70, 108, 141, 61, 201, 231, 71, 140, 182,
       250, 80, 132, 32, 145, 44, 36, 231, 88, 99, 240, 75, 103, 189, 96,
       4, 239, 169, 195, 71, 138, 16, 26, 220, 68, 106, 88, 176, 109, 62,
       238, 229, 36, 69, 96, 147, 198, 224, 7, 190, 253, 83, 202, 240,
       189, 159, 250, 215, 100, 242, 121, 230, 207, 255, 55, 91, 178,
       152, 183, 68, 175, 227, 15, 31, 223, 204, 135, 244, 175, 253, 71,
       178, 165, 141, 41, 13, 9, 25, 139, 252, 129, 205, 204, 71, 88,
       198, 133, 69, 121, 189, 147, 64, 251, 209, 141, 16, 207, 252, 18,
       166, 23, 116, 79, 99, 161, 167, 41, 13, 74, 152, 43, 236, 147,
       205, 239, 76, 91, 134, 148, 69, 125, 127, 205, 80, 205, 160, 140,
       80, 173, 180, 14, 183, 18, 124, 201, 189, 151, 222, 137, 188, 37,
       55, 254, 155, 130, 88, 254, 242, 64, 255, 165, 103, 120, 12, 179,
       77, 179, 103, 145, 186, 82, 90, 10, 64, 131, 45, 36, 247, 121, 67,
       242, 75, 103, 189, 117, 36, 127, 232, 211, 69, 136, 20, 122, 220,
       70, 106, 88, 176, 109, 62, 110, 132, 37, 69, 103, 179, 198, 240,
       153, 188, 151, 186, 139, 236, 69, 231, 187, 83, 224, 92, 190, 246,
       32, 255, 163, 179, 124, 0, 59, 79, 18, 243, 153, 242, 94, 74, 152,
       64, 163, 58, 117, 113, 136, 167, 156, 14, 78, 184, 32, 224, 143,
       141, 211, 109, 91, 82, 92, 196, 125, 239, 221, 210, 217, 44, 255,
       237, 173, 52, 44, 187, 154, 16, 36, 215, 97, 71, 210, 75, 111,
       189, 53, 164, 127, 237, 83, 69, 140, 20, 126, 220, 70, 234, 217,
       176, 109, 46, 108, 140, 165, 196, 103, 179, 198, 241 ]
