%YAML:1.0
---
descriptors: !!opencv-matrix
   rows: 102
   cols: 32
   dt: u
   data: [ 15, 154, 185, 157, 33, 223, 89, 248, 31, 221, 244, 229, 250,
       254, 175, 237, 221, 249, 183, 52, 175, 250, 114, 221, 203, 95,
       119, 211, 218, 44, 76, 127, 61, 150, 252, 252, 63, 87, 89, 123,
       87, 238, 180, 166, 107, 111, 190, 229, 127, 128, 158, 172, 173,
       107, 117, 159, 219, 207, 231, 213, 191, 172, 76, 127, 46, 183,
       226, 200, 247, 213, 189, 219, 27, 77, 92, 175, 8, 204, 127, 132,
       255, 155, 151, 149, 214, 50, 246, 211, 127, 93, 143, 239, 215, 92,
       254, 215, 15, 129, 43, 219, 245, 245, 235, 88, 31, 69, 77, 18,
       153, 222, 62, 32, 221, 11, 19, 157, 147, 152, 60, 215, 79, 93,
       154, 224, 151, 143, 117, 244, 173, 97, 41, 234, 205, 85, 199, 156,
       199, 240, 173, 14, 146, 153, 125, 34, 200, 128, 82, 127, 207, 35,
       122, 176, 107, 89, 133, 60, 91, 91, 208, 166, 37, 193, 41, 232,
       205, 213, 193, 216, 199, 112, 165, 8, 146, 217, 125, 104, 201,
       136, 82, 95, 139, 35, 122, 145, 11, 217, 129, 124, 91, 11, 80,
       162, 48, 160, 143, 28, 92, 131, 128, 107, 22, 161, 194, 74, 113,
       224, 32, 1, 89, 236, 34, 168, 40, 219, 139, 29, 25, 166, 245, 116,
       49, 40, 112, 168, 176, 66, 78, 109, 20, 10, 71, 96, 100, 36, 247,
       138, 67, 1, 145, 113, 120, 196, 78, 234, 104, 183, 69, 12, 240,
       169, 224, 17, 101, 187, 118, 32, 70, 98, 15, 158, 28, 137, 162,
       72, 174, 128, 195, 74, 228, 194, 41, 70, 240, 100, 106, 99, 3, 65,
       139, 125, 20, 36, 139, 58, 24, 35, 41, 4, 3, 0, 97, 193, 108, 136,
       232, 65, 237, 17, 240, 195, 141, 10, 244, 107, 106, 129, 95, 156,
       130, 58, 68, 193, 22, 24, 154, 8, 85, 136, 97, 140, 4, 161, 134,
       31, 208, 135, 162, 232, 54, 145, 67, 0, 96, 224, 104, 64, 121,
       110, 34, 112, 34, 216, 139, 63, 12, 38, 71, 76, 144, 40, 32, 128,
       36, 141, 192, 243, 212, 43, 238, 228, 125, 3, 250, 2, 203, 43, 24,
       80, 123, 203, 14, 216, 10, 190, 77, 239, 252, 222, 142, 68, 245,
       251, 240, 136, 70, 109, 26, 138, 206, 43, 174, 204, 110, 34, 201,
       10, 132, 136, 93, 64, 106, 143, 106, 227, 96, 19, 203, 242, 52,
       36, 11, 40, 149, 91, 163, 128, 192, 34, 134, 157, 75, 139, 160,
       74, 62, 182, 66, 18, 228, 194, 64, 73, 49, 44, 106, 0, 34, 212,
       139, 31, 4, 34, 91, 45, 16, 40, 5, 128, 217, 142, 237, 225, 166,
       32, 105, 151, 104, 115, 22, 246, 57, 39, 208, 107, 111, 135, 61,
       156, 187, 220, 165, 226, 222, 235, 254, 192, 173, 192, 241, 121,
       21, 117, 152, 231, 134, 15, 87, 184, 84, 168, 223, 68, 215, 115,
       73, 32, 92, 220, 12, 106, 201, 176, 121, 42, 225, 205, 37, 52, 40,
       251, 0, 35, 165, 237, 205, 246, 221, 47, 231, 254, 18, 162, 169,
       26, 245, 241, 105, 33, 89, 226, 34, 106, 113, 102, 218, 63, 253,
       134, 197, 60, 241, 123, 210, 168, 58, 149, 122, 232, 211, 82, 17,
       111, 5, 65, 252, 179, 13, 63, 34, 113, 250, 147, 151, 161, 89,
       155, 48, 220, 211, 227, 138, 199, 55, 4, 166, 114, 1, 216, 123,
       89, 100, 205, 233, 156, 255, 92, 118, 0, 176, 215, 189, 109, 78,
       24, 18, 74, 195, 180, 54, 113, 69, 24, 114, 136, 87, 153, 101,
       253, 38, 77, 19, 190, 125, 195, 182, 224, 158, 64, 89, 67, 236,
       252, 33, 192, 250, 123, 131, 67, 97, 186, 26, 255, 53, 54, 143,
       11, 85, 127, 189, 139, 0, 157, 150, 157, 225, 172, 180, 103, 236,
       27, 74, 64, 172, 178, 32, 70, 164, 35, 106, 0, 80, 201, 18, 197,
       133, 54, 90, 2, 0, 68, 161, 143, 58, 84, 98, 172, 101, 95, 220,
       104, 17, 132, 245, 11, 15, 13, 55, 145, 254, 157, 151, 103, 108,
       163, 16, 140, 211, 217, 0, 63, 119, 63, 126, 210, 189, 31, 235,
       247, 246, 59, 238, 248, 125, 234, 251, 230, 211, 108, 157, 235,
       127, 230, 94, 239, 189, 243, 109, 238, 190, 239, 231, 148, 239,
       251, 251, 181, 127, 112, 118, 236, 125, 95, 86, 232, 141, 232,
       245, 10, 106, 222, 47, 244, 252, 253, 255, 226, 77, 35, 251, 204,
       179, 249, 131, 63, 115, 63, 110, 247, 137, 170, 191, 249, 236,
       237, 185, 87, 127, 91, 118, 112, 188, 183, 224, 104, 231, 59, 55,
       24, 179, 92, 227, 243, 206, 223, 126, 234, 154, 200, 161, 249,
       139, 87, 117, 229, 242, 26, 63, 60, 61, 232, 86, 246, 221, 47,
       158, 117, 54, 213, 23, 238, 229, 144, 117, 206, 166, 254, 46, 132,
       47, 246, 129, 245, 173, 38, 237, 205, 236, 63, 205, 187, 87, 250,
       149, 220, 211, 41, 223, 43, 89, 206, 23, 175, 187, 102, 125, 155,
       110, 91, 245, 188, 159, 253, 208, 240, 176, 2, 111, 229, 4, 2,
       105, 96, 100, 132, 246, 2, 83, 1, 177, 97, 120, 132, 14, 234, 104,
       182, 101, 12, 212, 169, 162, 1, 101, 168, 116, 32, 128, 225, 135,
       31, 88, 167, 160, 236, 150, 176, 75, 0, 240, 224, 104, 66, 209,
       108, 106, 82, 2, 197, 155, 61, 13, 34, 71, 108, 16, 43, 33, 128,
       38, 137, 210, 183, 125, 11, 238, 232, 191, 128, 249, 10, 237, 234,
       60, 80, 251, 227, 79, 227, 74, 115, 74, 253, 189, 158, 207, 31,
       85, 43, 115, 130, 19, 223, 99, 143, 86, 86, 239, 254, 52, 96, 90,
       198, 121, 46, 181, 100, 126, 239, 23, 239, 237, 153, 61, 239, 52,
       46, 175, 128, 45, 166, 113, 252, 2, 184, 150, 185, 107, 237, 56,
       71, 62, 29, 64, 49, 172, 150, 96, 201, 199, 59, 162, 16, 18, 220,
       66, 209, 141, 16, 26, 75, 144, 0, 173, 155, 205, 92, 253, 245,
       168, 46, 77, 186, 176, 242, 134, 216, 219, 103, 137, 123, 71, 213,
       125, 170, 233, 197, 243, 42, 199, 251, 253, 148, 42, 241, 0, 48,
       124, 117, 253, 229, 172, 79, 87, 184, 66, 170, 174, 8, 83, 117,
       73, 122, 81, 212, 108, 106, 72, 99, 251, 8, 251, 239, 101, 52, 48,
       251, 198, 34, 253, 223, 239, 254, 190, 54, 79, 252, 215, 202, 221,
       246, 113, 255, 191, 113, 127, 230, 63, 238, 249, 71, 175, 191,
       250, 239, 231, 156, 191, 251, 240, 113, 2, 132, 48, 201, 213, 183,
       186, 202, 78, 33, 90, 2, 140, 56, 60, 100, 217, 27, 19, 177, 18,
       184, 81, 223, 45, 22, 154, 70, 148, 75, 49, 166, 234, 184, 167,
       152, 239, 245, 185, 199, 143, 95, 144, 191, 44, 220, 118, 139,
       239, 187, 179, 145, 151, 111, 178, 241, 31, 17, 218, 235, 151, 12,
       181, 223, 127, 62, 245, 114, 161, 116, 89, 150, 219, 223, 53, 253,
       63, 125, 223, 63, 135, 83, 149, 21, 191, 76, 186, 163, 75, 219,
       124, 187, 206, 196, 22, 127, 201, 50, 254, 185, 108, 253, 233, 87,
       175, 93, 246, 54, 141, 143, 210, 235, 111, 139, 254, 156, 182,
       126, 231, 209, 214, 217, 250, 200, 150, 140, 173, 209, 203, 58,
       120, 113, 35, 252, 121, 18, 57, 78, 52, 253, 159, 31, 151, 188,
       134, 49, 213, 28, 167, 148, 36, 194, 70, 219, 48, 130, 238, 133,
       71, 119, 23, 86, 67, 141, 246, 63, 238, 120, 22, 234, 91, 231, 89,
       46, 191, 228, 127, 205, 23, 175, 229, 180, 61, 222, 52, 46, 175,
       132, 191, 255, 185, 213, 11, 186, 159, 241, 108, 185, 185, 87,
       238, 93, 86, 246, 188, 131, 242, 239, 239, 43, 255, 156, 147, 92,
       162, 241, 206, 217, 250, 232, 158, 140, 173, 249, 23, 84, 107,
       197, 246, 94, 239, 124, 125, 234, 127, 230, 89, 62, 159, 116, 62,
       205, 23, 239, 225, 180, 53, 206, 118, 47, 174, 132, 47, 242, 99,
       245, 59, 83, 102, 237, 119, 27, 250, 120, 53, 236, 255, 231, 75,
       13, 183, 196, 254, 157, 191, 231, 205, 179, 37, 206, 178, 255,
       162, 135, 127, 174, 124, 213, 231, 38, 197, 5, 172, 59, 76, 19,
       113, 226, 146, 221, 211, 40, 211, 191, 8, 228, 124, 45, 189, 244,
       229, 10, 132, 90, 229, 176, 237, 236, 90, 84, 193, 6, 92, 229, 36,
       42, 105, 18, 116, 6, 118, 86, 147, 1, 144, 75, 106, 132, 46, 140,
       168, 188, 69, 64, 196, 235, 242, 0, 109, 128, 105, 8, 130, 184,
       146, 187, 107, 229, 56, 71, 30, 29, 80, 183, 172, 215, 96, 201,
       239, 59, 163, 145, 18, 220, 18, 241, 141, 144, 218, 235, 144, 8,
       173, 155, 131, 158, 183, 250, 188, 164, 189, 215, 159, 91, 24,
       112, 188, 255, 240, 107, 231, 115, 63, 25, 179, 77, 42, 243, 250,
       222, 126, 234, 154, 208, 161, 57, 181, 188, 159, 253, 157, 79, 69,
