%YAML:1.0
---
descriptors: !!opencv-matrix
   rows: 93
   cols: 32
   dt: u
   data: [ 171, 191, 97, 238, 255, 149, 159, 255, 153, 110, 156, 254,
       121, 125, 158, 165, 159, 147, 215, 175, 241, 47, 104, 191, 126,
       93, 172, 250, 95, 204, 159, 249, 31, 253, 96, 65, 179, 215, 90,
       252, 3, 125, 156, 143, 10, 156, 222, 164, 191, 219, 213, 253, 222,
       27, 188, 247, 251, 93, 141, 247, 167, 134, 222, 255, 27, 16, 102,
       221, 23, 150, 104, 51, 213, 65, 199, 210, 123, 54, 180, 228, 116,
       180, 188, 184, 185, 141, 53, 207, 3, 127, 210, 194, 190, 140, 120,
       52, 17, 16, 27, 254, 50, 140, 122, 112, 173, 72, 123, 69, 60, 215,
       33, 80, 182, 57, 23, 64, 129, 129, 50, 110, 243, 253, 42, 10, 8,
       3, 33, 91, 64, 193, 63, 247, 20, 204, 181, 37, 236, 1, 74, 0, 244,
       243, 40, 98, 162, 51, 121, 72, 67, 169, 18, 109, 229, 174, 54, 0,
       0, 2, 165, 42, 65, 89, 59, 244, 48, 206, 43, 48, 168, 200, 74, 64,
       180, 215, 33, 114, 162, 117, 121, 77, 65, 153, 176, 108, 225, 169,
       42, 0, 0, 34, 3, 43, 124, 3, 155, 236, 80, 46, 66, 25, 38, 161,
       235, 72, 83, 163, 72, 80, 80, 156, 109, 168, 24, 19, 201, 20, 217,
       165, 33, 84, 96, 227, 160, 32, 120, 233, 56, 236, 24, 205, 87,
       237, 130, 52, 160, 9, 183, 131, 64, 19, 136, 219, 73, 66, 74, 11,
       218, 61, 249, 129, 141, 61, 16, 26, 135, 42, 47, 4, 226, 11, 85,
       183, 234, 72, 87, 67, 253, 23, 65, 232, 62, 164, 121, 168, 18,
       189, 158, 182, 92, 222, 6, 62, 131, 68, 223, 143, 248, 196, 220,
       40, 59, 240, 36, 7, 75, 80, 52, 166, 231, 24, 151, 135, 97, 89,
       124, 252, 15, 250, 40, 247, 81, 10, 209, 131, 227, 28, 32, 185,
       36, 34, 138, 249, 54, 154, 105, 212, 184, 196, 175, 92, 92, 37,
       172, 222, 103, 70, 230, 59, 179, 65, 130, 9, 146, 241, 71, 48, 26,
       171, 18, 20, 37, 223, 248, 73, 103, 236, 124, 70, 207, 52, 225,
       204, 242, 2, 115, 29, 49, 114, 108, 244, 125, 234, 200, 167, 97,
       172, 113, 232, 160, 144, 103, 186, 116, 106, 187, 121, 114, 236,
       117, 221, 251, 246, 233, 72, 188, 171, 191, 31, 55, 49, 238, 179,
       223, 197, 238, 43, 112, 253, 247, 217, 162, 187, 119, 156, 103,
       219, 153, 93, 47, 21, 131, 214, 63, 182, 244, 206, 222, 38, 121,
       55, 179, 231, 37, 118, 220, 234, 229, 205, 53, 174, 235, 99, 239,
       131, 47, 244, 173, 127, 134, 236, 212, 183, 213, 172, 126, 175,
       191, 147, 123, 19, 232, 106, 79, 223, 233, 239, 174, 146, 62, 252,
       203, 227, 47, 254, 215, 7, 165, 117, 248, 134, 33, 201, 80, 76,
       85, 159, 194, 111, 93, 0, 104, 76, 35, 0, 53, 180, 216, 168, 2,
       108, 205, 186, 117, 31, 53, 220, 0, 40, 91, 136, 66, 172, 42, 246,
       32, 154, 95, 253, 146, 236, 155, 93, 29, 191, 108, 252, 78, 132,
       157, 27, 211, 19, 182, 106, 122, 247, 47, 85, 156, 251, 215, 31,
       159, 223, 74, 180, 182, 126, 57, 252, 48, 58, 191, 79, 111, 181,
       238, 255, 46, 212, 183, 59, 239, 32, 54, 205, 186, 223, 207, 247,
       19, 11, 66, 100, 15, 87, 43, 154, 235, 93, 100, 217, 251, 182, 73,
       111, 124, 239, 153, 188, 246, 188, 159, 253, 183, 141, 149, 58,
       230, 226, 78, 127, 176, 239, 223, 205, 94, 245, 95, 75, 247, 245,
       182, 130, 107, 179, 173, 72, 222, 230, 89, 11, 180, 252, 102, 229,
       63, 223, 209, 153, 5, 236, 228, 235, 234, 192, 47, 183, 249, 33,
       27, 159, 99, 203, 246, 183, 250, 219, 79, 73, 254, 230, 121, 223,
       191, 228, 126, 171, 151, 189, 139, 179, 45, 223, 62, 221, 171,
       134, 191, 222, 112, 253, 8, 93, 115, 232, 119, 243, 251, 242, 140,
       72, 124, 230, 189, 159, 177, 228, 110, 251, 151, 249, 163, 187,
       32, 255, 246, 221, 170, 136, 191, 143, 61, 185, 15, 93, 227, 219,
       237, 116, 253, 222, 255, 222, 124, 167, 168, 255, 247, 239, 103,
       123, 183, 207, 197, 112, 182, 224, 103, 122, 222, 171, 151, 245,
       253, 255, 107, 159, 254, 222, 239, 84, 189, 247, 137, 222, 92, 47,
       252, 255, 183, 39, 207, 115, 183, 231, 229, 75, 226, 233, 119,
       123, 254, 171, 23, 252, 45, 255, 46, 251, 226, 128, 255, 208, 190,
       196, 139, 253, 88, 175, 12, 172, 119, 134, 238, 223, 147, 213,
       214, 123, 166, 224, 62, 81, 143, 239, 199, 30, 191, 215, 122, 255,
       98, 64, 55, 208, 218, 245, 235, 236, 188, 175, 42, 157, 214, 180,
       190, 189, 213, 245, 206, 43, 172, 253, 58, 93, 133, 243, 103, 134,
       94, 223, 46, 247, 58, 128, 253, 214, 190, 101, 137, 221, 189, 51,
       12, 222, 126, 196, 238, 147, 151, 241, 214, 43, 56, 212, 127, 89,
       143, 207, 199, 14, 253, 215, 15, 191, 107, 1, 242, 143, 171, 243,
       30, 237, 29, 255, 156, 204, 246, 160, 63, 59, 146, 189, 179, 184,
       60, 94, 44, 5, 47, 228, 221, 142, 129, 241, 18, 129, 114, 173,
       183, 128, 252, 101, 13, 4, 210, 3, 173, 10, 54, 64, 234, 179, 159,
       193, 88, 185, 0, 221, 182, 248, 154, 195, 53, 12, 249, 11, 5, 159,
       29, 169, 178, 171, 58, 179, 62, 121, 90, 247, 213, 38, 168, 65,
       247, 15, 15, 181, 55, 152, 13, 117, 236, 166, 59, 196, 188, 1,
       169, 209, 66, 136, 135, 29, 128, 2, 40, 39, 62, 17, 66, 16, 228,
       98, 0, 235, 65, 118, 57, 136, 50, 216, 195, 109, 13, 34, 222, 0,
       128, 96, 165, 40, 207, 94, 246, 86, 41, 254, 95, 16, 249, 238,
       183, 181, 94, 252, 215, 191, 135, 245, 253, 71, 236, 197, 190,
       234, 67, 123, 101, 147, 70, 247, 110, 119, 3, 152, 142, 153, 52,
       166, 49, 7, 30, 89, 70, 51, 228, 182, 34, 105, 245, 63, 59, 145,
       22, 216, 35, 245, 76, 38, 250, 194, 144, 8, 177, 75, 92, 187, 148,
       161, 171, 205, 21, 151, 174, 253, 138, 109, 206, 179, 66, 86, 133,
       119, 237, 80, 91, 73, 219, 32, 232, 208, 45, 126, 138, 102, 133,
       27, 64, 32, 91, 137, 78, 137, 169, 67, 236, 17, 194, 18, 149, 130,
       80, 74, 106, 137, 106, 153, 2, 24, 197, 64, 20, 32, 154, 0, 36, 0,
       33, 168, 2, 136, 14, 185, 42, 128, 57, 71, 190, 21, 66, 181, 172,
       135, 34, 73, 231, 43, 187, 148, 18, 156, 3, 209, 132, 48, 218,
       201, 144, 4, 169, 216, 162, 235, 32, 26, 77, 213, 150, 236, 135,
       92, 244, 143, 160, 204, 127, 134, 200, 234, 211, 199, 78, 43, 250,
       177, 55, 80, 140, 59, 83, 31, 222, 222, 56, 137, 58, 104, 21, 207,
       83, 101, 172, 5, 168, 9, 55, 25, 32, 16, 168, 179, 71, 96, 90,
       171, 16, 31, 249, 205, 0, 81, 112, 10, 198, 42, 18, 175, 26, 168,
       179, 241, 26, 71, 175, 5, 248, 169, 44, 158, 36, 144, 238, 187,
       135, 144, 30, 11, 0, 221, 187, 213, 10, 251, 145, 6, 175, 15, 138,
       92, 54, 220, 109, 213, 190, 228, 141, 94, 176, 57, 172, 222, 39,
       175, 206, 113, 223, 99, 228, 79, 34, 238, 119, 89, 90, 171, 22,
       21, 47, 223, 254, 78, 230, 20, 238, 114, 252, 70, 169, 230, 182,
       175, 73, 44, 151, 159, 47, 229, 255, 231, 236, 231, 37, 202, 50,
       123, 205, 151, 231, 245, 126, 84, 75, 28, 231, 84, 227, 118, 109,
       55, 233, 206, 30, 196, 124, 39, 151, 255, 38, 247, 253, 172, 225,
       217, 53, 232, 55, 58, 84, 130, 142, 244, 37, 125, 238, 92, 118,
       220, 109, 221, 252, 98, 137, 222, 244, 27, 174, 94, 55, 191, 238,
       241, 215, 111, 224, 103, 114, 236, 23, 251, 218, 155, 87, 189, 95,
       247, 111, 123, 254, 246, 237, 116, 254, 154, 251, 255, 55, 189,
       92, 255, 223, 255, 167, 87, 245, 215, 167, 83, 186, 224, 127, 121,
       239, 183, 135, 245, 223, 87, 143, 248, 252, 210, 239, 253, 191,
       216, 219, 127, 21, 191, 220, 252, 222, 47, 135, 91, 247, 215, 183,
       96, 254, 240, 111, 95, 127, 255, 207, 151, 143, 215, 138, 214,
       116, 219, 245, 252, 185, 191, 191, 95, 85, 179, 172, 63, 62, 237,
       231, 27, 183, 129, 182, 124, 59, 245, 47, 123, 218, 199, 150, 132,
       133, 223, 157, 84, 105, 77, 54, 135, 235, 120, 86, 106, 87, 230,
       81, 117, 177, 33, 63, 56, 22, 174, 227, 180, 45, 31, 102, 143,
       165, 132, 255, 184, 80, 241, 79, 139, 118, 204, 119, 146, 251, 19,
       237, 72, 222, 230, 92, 171, 183, 246, 102, 165, 191, 223, 193,
       137, 37, 204, 118, 125, 170, 128, 47, 230, 41, 117, 154, 31, 119,
