%YAML:1.0
---
descriptors: !!opencv-matrix
   rows: 121
   cols: 32
   dt: u
   data: [ 35, 33, 113, 225, 244, 169, 248, 83, 79, 177, 122, 242, 157,
       31, 212, 44, 239, 155, 31, 157, 147, 184, 69, 208, 158, 220, 186,
       228, 221, 200, 81, 165, 57, 151, 107, 233, 246, 247, 251, 114, 69,
       109, 126, 102, 25, 29, 182, 96, 126, 170, 151, 253, 155, 184, 117,
       220, 126, 205, 162, 192, 127, 142, 112, 251, 247, 71, 111, 132,
       230, 18, 239, 112, 105, 196, 91, 231, 89, 236, 191, 51, 126, 237,
       183, 239, 229, 215, 172, 200, 54, 40, 239, 140, 45, 183, 114, 213,
       23, 66, 203, 235, 22, 131, 235, 80, 20, 192, 211, 246, 81, 207,
       185, 104, 126, 184, 23, 255, 171, 149, 4, 206, 240, 140, 171, 192,
       189, 155, 49, 176, 2, 188, 147, 153, 183, 231, 184, 71, 31, 75,
       74, 247, 172, 190, 100, 204, 247, 59, 179, 145, 55, 156, 17, 247,
       13, 22, 154, 194, 156, 76, 177, 223, 52, 76, 75, 238, 22, 163, 74,
       80, 148, 2, 217, 226, 115, 199, 161, 96, 122, 184, 31, 170, 41,
       135, 12, 158, 240, 167, 171, 128, 61, 171, 48, 48, 141, 143, 23,
       253, 236, 35, 239, 255, 158, 154, 152, 114, 245, 227, 249, 195,
       255, 83, 63, 235, 241, 103, 11, 250, 60, 142, 239, 172, 29, 250,
       177, 129, 181, 74, 227, 252, 110, 34, 232, 88, 87, 194, 243, 247,
       113, 203, 177, 105, 126, 172, 55, 142, 137, 247, 134, 200, 210,
       234, 235, 136, 63, 169, 112, 176, 29, 34, 226, 209, 86, 187, 232,
       88, 127, 249, 87, 242, 93, 223, 254, 236, 127, 140, 182, 156, 150,
       244, 37, 212, 94, 79, 187, 196, 167, 141, 121, 129, 58, 93, 50,
       12, 95, 215, 150, 238, 21, 204, 252, 15, 98, 252, 39, 212, 220,
       248, 215, 99, 236, 171, 114, 191, 51, 118, 4, 59, 115, 60, 124,
       223, 11, 142, 106, 185, 52, 171, 235, 115, 63, 65, 95, 246, 185,
       173, 178, 96, 127, 42, 23, 25, 178, 184, 37, 223, 206, 207, 186,
       192, 182, 136, 117, 249, 56, 33, 57, 97, 84, 205, 89, 16, 97, 236,
       172, 8, 151, 23, 64, 48, 128, 188, 85, 88, 10, 186, 240, 4, 199,
       221, 32, 112, 96, 130, 70, 234, 11, 143, 96, 139, 246, 209, 186,
       231, 31, 65, 88, 231, 169, 142, 182, 224, 254, 59, 151, 149, 151,
       56, 100, 247, 44, 93, 154, 233, 29, 4, 185, 221, 3, 10, 7, 157,
       114, 134, 168, 71, 191, 73, 82, 199, 172, 138, 52, 196, 230, 47,
       59, 149, 151, 152, 21, 221, 12, 54, 154, 194, 12, 4, 57, 157, 151,
       143, 64, 187, 222, 177, 174, 243, 172, 70, 217, 215, 205, 106,
       178, 193, 111, 163, 95, 175, 244, 11, 12, 255, 188, 12, 175, 232,
       61, 230, 185, 148, 35, 252, 90, 22, 114, 149, 186, 214, 233, 72,
       188, 237, 60, 218, 167, 180, 134, 185, 215, 198, 199, 3, 6, 255,
       50, 93, 46, 170, 14, 151, 43, 157, 50, 253, 38, 188, 15, 213, 150,
       238, 158, 90, 144, 47, 44, 252, 39, 33, 221, 115, 223, 227, 239,
       43, 58, 255, 179, 83, 223, 191, 95, 124, 53, 223, 6, 120, 161,
       152, 239, 113, 188, 206, 154, 254, 16, 171, 140, 252, 119, 170,
       157, 123, 179, 147, 133, 118, 186, 210, 29, 22, 223, 175, 213,
       125, 63, 215, 35, 78, 234, 93, 84, 244, 184, 70, 184, 79, 90, 151,
       49, 172, 183, 73, 239, 239, 145, 133, 166, 238, 164, 235, 99, 43,
       190, 129, 149, 212, 124, 222, 165, 207, 220, 158, 236, 35, 239,
       236, 30, 182, 184, 158, 229, 224, 121, 130, 123, 227, 34, 235,
       112, 103, 79, 250, 184, 134, 207, 60, 221, 251, 249, 128, 4, 133,
       126, 91, 244, 235, 233, 181, 124, 31, 119, 16, 209, 83, 188, 109,
       91, 26, 2, 56, 178, 188, 44, 95, 79, 191, 50, 68, 85, 136, 228,
       161, 89, 83, 211, 175, 34, 27, 46, 24, 37, 76, 91, 230, 111, 102,
       169, 208, 118, 181, 174, 226, 197, 145, 13, 155, 178, 229, 34,
       128, 62, 255, 41, 21, 121, 76, 104, 205, 70, 82, 111, 120, 113,
       230, 222, 138, 121, 125, 151, 115, 126, 236, 53, 239, 233, 182,
       189, 205, 83, 235, 225, 132, 39, 163, 118, 104, 234, 191, 100,
       189, 91, 253, 185, 186, 27, 125, 28, 191, 236, 125, 30, 149, 47,
       151, 247, 165, 178, 122, 251, 247, 13, 119, 89, 247, 119, 12, 151,
       247, 3, 159, 31, 250, 177, 164, 57, 119, 159, 89, 92, 84, 60, 187,
       32, 96, 231, 51, 23, 28, 179, 9, 34, 247, 217, 191, 58, 202, 152,
       64, 161, 43, 151, 204, 220, 191, 222, 34, 239, 232, 31, 146, 226,
       18, 101, 226, 125, 64, 123, 199, 42, 191, 122, 215, 79, 255, 188,
       174, 207, 4, 181, 123, 241, 128, 142, 151, 246, 216, 163, 124, 60,
       123, 191, 95, 127, 183, 200, 254, 238, 239, 247, 27, 191, 182,
       247, 216, 58, 192, 175, 217, 207, 207, 150, 228, 173, 247, 222,
       89, 237, 188, 172, 71, 221, 221, 158, 250, 144, 119, 93, 127, 113,
       75, 239, 213, 127, 243, 232, 71, 219, 218, 249, 235, 239, 188,
       156, 121, 181, 27, 170, 249, 114, 200, 127, 213, 219, 80, 203, 76,
       60, 47, 40, 157, 118, 180, 238, 185, 151, 215, 199, 43, 50, 213,
       119, 89, 136, 251, 87, 142, 94, 223, 29, 70, 75, 233, 22, 130,
       235, 80, 20, 192, 223, 226, 81, 195, 185, 224, 126, 168, 31, 254,
       137, 151, 37, 142, 240, 205, 175, 128, 191, 187, 112, 176, 189,
       18, 227, 221, 102, 35, 233, 80, 87, 202, 243, 246, 17, 143, 177,
       232, 126, 172, 55, 141, 137, 246, 37, 194, 20, 239, 250, 128, 191,
       173, 112, 241, 187, 84, 98, 236, 38, 22, 254, 112, 77, 74, 254,
       231, 59, 31, 181, 97, 126, 185, 31, 239, 236, 183, 37, 223, 242,
       249, 170, 128, 63, 159, 112, 121, 187, 223, 123, 233, 119, 215,
       255, 112, 77, 78, 252, 231, 59, 29, 182, 37, 254, 185, 151, 231,
       239, 182, 52, 223, 243, 217, 170, 227, 127, 142, 117, 255, 14,
       179, 176, 146, 235, 253, 177, 221, 139, 125, 21, 253, 140, 220,
       206, 142, 143, 27, 215, 17, 151, 106, 234, 241, 79, 85, 62, 239,
       222, 79, 135, 215, 79, 179, 176, 82, 235, 125, 189, 222, 171, 127,
       53, 253, 140, 254, 206, 46, 135, 91, 247, 21, 151, 64, 234, 241,
       78, 89, 127, 239, 206, 85, 143, 215, 57, 90, 107, 188, 118, 131,
       235, 240, 87, 72, 244, 230, 49, 205, 179, 96, 126, 168, 23, 207,
       235, 190, 36, 191, 114, 77, 170, 136, 127, 153, 112, 249, 11, 133,
       96, 139, 245, 209, 187, 127, 95, 65, 92, 131, 188, 14, 190, 96,
       126, 11, 151, 149, 215, 152, 36, 247, 126, 93, 154, 193, 31, 142,
       185, 222, 131, 219, 103, 157, 38, 128, 172, 244, 212, 64, 82, 230,
       41, 202, 180, 101, 110, 40, 55, 205, 231, 188, 6, 253, 36, 40,
       186, 136, 61, 156, 49, 205, 145, 28, 119, 213, 50, 198, 109, 55,
       124, 66, 94, 242, 125, 55, 176, 101, 118, 62, 29, 172, 225, 156,
       53, 79, 229, 46, 250, 128, 38, 224, 181, 121, 47, 185, 240, 90,
       221, 221, 251, 207, 75, 121, 61, 8, 184, 220, 94, 164, 137, 27,
       147, 81, 23, 42, 250, 245, 47, 93, 29, 127, 211, 15, 222, 254, 42,
       149, 98, 201, 245, 243, 185, 71, 78, 77, 125, 34, 136, 172, 190,
       100, 217, 26, 151, 145, 150, 186, 97, 215, 111, 124, 154, 199,
       215, 14, 244, 247, 3, 125, 90, 158, 122, 181, 186, 244, 232, 72,
       56, 231, 188, 218, 183, 48, 174, 35, 86, 197, 135, 35, 6, 253, 36,
       28, 42, 170, 77, 151, 43, 157, 50, 184, 161, 174, 63, 199, 146,
       232, 30, 234, 152, 171, 108, 188, 39, 0, 221, 115, 223, 193, 137,
       43, 123, 255, 153, 87, 155, 191, 85, 47, 53, 255, 30, 145, 47,
       185, 147, 195, 189, 235, 198, 21, 210, 163, 221, 220, 58, 105,
       251, 19, 187, 177, 94, 185, 39, 213, 233, 227, 254, 199, 117, 8,
       165, 98, 7, 220, 179, 219, 183, 241, 187, 198, 31, 91, 88, 182,
       188, 158, 231, 236, 247, 123, 151, 17, 135, 156, 48, 242, 5, 22,
       30, 198, 148, 89, 45, 255, 14, 126, 234, 131, 246, 243, 191, 214,
       30, 238, 92, 167, 76, 237, 247, 12, 127, 123, 147, 151, 134, 178,
       40, 250, 110, 21, 175, 163, 151, 255, 53, 219, 15, 150, 136, 187,
       208, 164, 58, 147, 62, 79, 95, 215, 141, 235, 90, 80, 119, 139,
       183, 157, 150, 152, 222, 211, 204, 103, 190, 204, 188, 198, 185,
       210, 175, 156, 118, 219, 229, 253, 120, 218, 159, 90, 252, 55,
