%YAML:1.0
---
descriptors: !!opencv-matrix
   rows: 58
   cols: 32
   dt: u
   data: [ 114, 8, 34, 168, 77, 111, 192, 79, 193, 4, 232, 11, 10, 152,
       37, 116, 232, 129, 203, 161, 8, 43, 18, 136, 145, 244, 154, 63,
       81, 124, 118, 142, 189, 70, 105, 109, 92, 27, 207, 56, 86, 226,
       245, 206, 83, 73, 155, 33, 88, 136, 87, 239, 233, 38, 109, 159,
       102, 203, 161, 188, 127, 187, 82, 224, 49, 67, 106, 13, 84, 19,
       194, 120, 68, 36, 247, 66, 67, 8, 183, 224, 120, 140, 6, 107, 204,
       179, 69, 12, 50, 45, 32, 5, 117, 175, 120, 132, 51, 74, 75, 188,
       6, 128, 203, 246, 132, 0, 208, 198, 49, 131, 177, 96, 108, 226,
       31, 205, 201, 139, 6, 237, 240, 40, 186, 136, 61, 185, 112, 56,
       56, 172, 121, 122, 121, 237, 83, 250, 103, 45, 189, 8, 63, 215, 8,
       16, 157, 155, 198, 26, 10, 42, 74, 53, 219, 221, 49, 121, 98, 195,
       70, 139, 196, 36, 159, 225, 132, 102, 121, 15, 42, 179, 35, 17,
       151, 55, 72, 91, 161, 151, 121, 56, 58, 93, 145, 64, 217, 219, 87,
       100, 160, 64, 167, 34, 222, 166, 175, 176, 217, 192, 25, 205, 155,
       151, 133, 185, 77, 255, 106, 27, 211, 159, 253, 177, 122, 71, 138,
       146, 251, 209, 159, 255, 146, 68, 183, 114, 191, 70, 78, 172, 14,
       19, 206, 120, 22, 230, 208, 239, 67, 44, 179, 193, 92, 196, 191,
       231, 236, 39, 77, 156, 178, 99, 233, 188, 61, 191, 120, 84, 49,
       67, 106, 45, 20, 19, 194, 120, 68, 4, 246, 71, 67, 8, 183, 64,
       120, 140, 6, 111, 204, 179, 69, 28, 114, 41, 32, 17, 125, 170,
       120, 132, 240, 123, 186, 180, 140, 79, 85, 69, 144, 174, 178, 43,
       35, 141, 65, 27, 168, 244, 236, 98, 72, 247, 224, 40, 241, 129,
       229, 49, 97, 120, 214, 122, 89, 142, 237, 241, 182, 160, 105, 23,
       108, 115, 30, 246, 185, 43, 208, 106, 111, 135, 63, 157, 187, 216,
       101, 227, 220, 239, 190, 192, 173, 192, 241, 57, 72, 169, 251,
       106, 244, 200, 99, 85, 107, 13, 124, 32, 191, 243, 160, 112, 50,
       58, 68, 88, 18, 56, 160, 97, 255, 253, 34, 73, 194, 130, 231, 43,
       50, 149, 123, 232, 147, 99, 25, 107, 5, 69, 252, 179, 15, 159, 32,
       80, 126, 155, 151, 160, 25, 139, 36, 220, 211, 229, 138, 207, 55,
       4, 166, 243, 10, 158, 62, 250, 179, 243, 56, 103, 157, 77, 94,
       179, 172, 191, 34, 64, 231, 59, 191, 144, 54, 153, 34, 255, 255,
       215, 158, 195, 150, 76, 173, 219, 181, 2, 111, 228, 6, 34, 73, 81,
       196, 194, 211, 246, 81, 203, 184, 107, 126, 164, 62, 172, 185,
       183, 36, 200, 208, 170, 226, 132, 173, 168, 112, 33, 10, 48, 127,
       233, 109, 95, 184, 88, 47, 121, 246, 39, 156, 159, 162, 238, 238,
       157, 255, 148, 133, 181, 243, 208, 215, 249, 186, 211, 95, 140,
       125, 247, 19, 82, 122, 161, 38, 6, 251, 80, 45, 236, 247, 103,
       159, 30, 183, 96, 254, 141, 159, 231, 205, 179, 33, 192, 148, 217,
       170, 134, 45, 175, 125, 245, 125, 113, 110, 141, 93, 95, 251, 120,
       47, 236, 247, 47, 206, 206, 139, 118, 252, 196, 238, 230, 205,
       227, 249, 220, 247, 49, 171, 191, 87, 46, 127, 247, 27, 19, 120,
       225, 118, 220, 233, 83, 109, 77, 190, 102, 159, 30, 214, 224, 106,
       137, 159, 145, 159, 56, 117, 193, 214, 217, 170, 193, 47, 142,
       125, 249, 18, 172, 138, 168, 211, 164, 90, 206, 50, 1, 72, 3, 53,
       251, 96, 80, 249, 187, 19, 144, 26, 11, 130, 113, 249, 165, 142,
       105, 177, 82, 163, 138, 179, 66, 76, 173, 14, 3, 74, 120, 20, 226,
       214, 239, 83, 8, 179, 1, 92, 132, 127, 239, 236, 183, 69, 140,
       210, 107, 233, 144, 61, 188, 88, 80, 177, 2, 110, 45, 20, 11, 195,
       120, 68, 68, 247, 199, 67, 8, 182, 65, 120, 132, 6, 109, 236, 183,
       69, 12, 80, 41, 32, 0, 109, 170, 120, 208, 237, 96, 255, 102, 36,
       79, 247, 92, 249, 230, 55, 25, 247, 93, 219, 59, 182, 68, 93, 111,
       224, 245, 168, 10, 247, 153, 101, 52, 68, 186, 214, 227, 139, 158,
       191, 248, 168, 164, 61, 215, 158, 91, 28, 116, 188, 191, 226, 107,
       135, 51, 63, 157, 179, 77, 34, 243, 202, 251, 126, 200, 156, 192,
       161, 121, 169, 190, 243, 245, 245, 253, 233, 59, 155, 219, 116,
       252, 189, 239, 242, 167, 7, 43, 215, 12, 179, 108, 182, 219, 206,
       223, 127, 232, 158, 236, 75, 249, 122, 154, 226, 216, 143, 213,
       17, 87, 139, 93, 148, 63, 40, 156, 118, 236, 237, 179, 149, 149,
       158, 11, 50, 241, 219, 95, 152, 251, 183, 12, 188, 95, 10, 154,
       242, 248, 109, 253, 249, 83, 143, 93, 180, 55, 172, 159, 246, 110,
       239, 179, 223, 149, 150, 11, 114, 209, 87, 89, 122, 235, 158, 140,
       101, 255, 120, 175, 220, 116, 168, 75, 84, 239, 243, 186, 188, 40,
       55, 177, 65, 18, 161, 246, 108, 24, 120, 107, 195, 26, 251, 239,
       117, 61, 224, 240, 206, 10, 214, 212, 140, 151, 155, 114, 20, 175,
       134, 182, 135, 179, 197, 118, 11, 207, 101, 215, 249, 163, 124,
       197, 223, 188, 184, 227, 223, 151, 180, 125, 189, 86, 185, 100,
       101, 69, 14, 19, 199, 120, 86, 224, 180, 78, 83, 8, 213, 165, 88,
       196, 94, 238, 233, 103, 101, 158, 56, 74, 229, 180, 127, 184, 80,
       172, 177, 100, 101, 37, 14, 27, 192, 123, 84, 224, 210, 206, 83,
       8, 149, 161, 24, 132, 94, 173, 237, 182, 101, 156, 144, 75, 225,
       176, 109, 172, 82, 76, 43, 249, 148, 243, 169, 157, 18, 134, 139,
       57, 160, 72, 174, 50, 68, 182, 133, 83, 252, 80, 71, 74, 218, 177,
       143, 209, 21, 127, 218, 14, 11, 143, 32, 229, 90, 107, 244, 203,
       99, 181, 112, 0, 108, 40, 147, 81, 136, 48, 26, 152, 70, 122, 90,
       186, 76, 47, 110, 173, 36, 65, 99, 138, 202, 162, 10, 93, 166,
       149, 241, 240, 188, 39, 157, 141, 78, 131, 172, 190, 38, 196, 192,
       59, 147, 129, 6, 152, 16, 207, 39, 118, 158, 131, 130, 92, 157,
       222, 11, 155, 250, 248, 237, 213, 217, 87, 203, 93, 148, 191, 44,
       159, 246, 236, 199, 51, 149, 149, 158, 11, 50, 209, 75, 93, 186,
       251, 158, 140, 189, 95, 120, 175, 148, 117, 185, 142, 84, 55, 187,
       186, 170, 109, 175, 43, 64, 147, 129, 183, 236, 16, 124, 107, 195,
       10, 186, 247, 117, 57, 202, 224, 202, 11, 222, 202, 204, 151, 138,
       114, 28, 174, 148, 182, 134, 187, 195, 108, 159, 203, 99, 199,
       253, 163, 108, 193, 207, 162, 154, 99, 223, 151, 167, 253, 156,
       84, 94, 245, 152, 178, 155, 73, 22, 205, 170, 181, 137, 191, 78,
       255, 74, 18, 179, 223, 233, 115, 86, 75, 154, 245, 248, 197, 15,
       127, 160, 22, 143, 83, 86, 234, 72, 170, 58, 17, 26, 232, 7, 124,
       145, 175, 231, 198, 203, 2, 23, 209, 237, 119, 78, 67, 207, 181,
       154, 192, 173, 255, 52, 15, 29, 87, 94, 151, 10, 166, 181, 6, 94,
       184, 133, 172, 155, 135, 207, 105, 58, 66, 246, 197, 157, 231,
       204, 129, 25, 174, 250, 119, 175, 151, 60, 63, 57, 83, 99, 131,
       229, 7, 36, 58, 78, 32, 105, 226, 155, 237, 195, 104, 158, 214,
       22, 198, 252, 206, 156, 216, 197, 161, 134, 126, 237, 144, 45,
       239, 216, 68, 52, 165, 113, 75, 215, 218, 227, 229, 117, 5, 235,
       2, 83, 81, 140, 180, 120, 154, 2, 120, 26, 186, 109, 47, 47, 172,
       4, 69, 227, 138, 198, 160, 146, 156, 22, 184, 139, 237, 80, 103,
       187, 19, 160, 89, 47, 191, 32, 27, 167, 179, 93, 0, 58, 79, 18,
       179, 145, 210, 90, 123, 48, 64, 163, 27, 30, 79, 238, 174, 238,
       50, 255, 248, 135, 142, 223, 231, 77, 238, 191, 64, 127, 239, 191,
       231, 204, 147, 47, 234, 250, 103, 239, 141, 183, 255, 61, 213, 23,
       83, 80, 133, 114, 10, 191, 56, 44, 232, 95, 231, 221, 70, 159, 68,
       54, 77, 23, 239, 193, 144, 77, 204, 36, 36, 43, 132, 45, 183, 1,
       245, 94, 183, 193, 162, 154, 66, 30, 141, 34, 244, 153, 175, 205,
       110, 219, 130, 127, 223, 253, 243, 94, 75, 207, 224, 248, 68, 143,
       253, 173, 247, 167, 83, 94, 251, 193, 162, 186, 65, 30, 172, 3,
       241, 137, 235, 205, 70, 200, 130, 55, 221, 237, 243, 79, 67, 207,
       247, 184, 68, 47, 255, 38, 182, 135, 87, 65, 186, 140, 187, 172,
       141, 24, 156, 142, 125, 16, 253, 183, 40, 90, 75, 133, 71, 125,
       85, 150, 72, 203, 49, 204, 19, 127, 253, 156, 10, 153, 91, 107,
