%YAML:1.0
---
descriptors: !!opencv-matrix
   rows: 59
   cols: 32
   dt: u
   data: [ 125, 150, 254, 220, 125, 95, 81, 123, 215, 206, 180, 14, 123,
       252, 191, 247, 93, 160, 174, 44, 237, 99, 118, 143, 91, 255, 229,
       189, 251, 236, 108, 87, 23, 124, 234, 225, 246, 167, 187, 222, 31,
       235, 92, 246, 25, 205, 247, 40, 127, 185, 23, 157, 163, 182, 45,
       250, 126, 31, 191, 164, 189, 221, 113, 241, 48, 67, 110, 109, 22,
       2, 199, 96, 68, 4, 242, 2, 67, 8, 181, 113, 120, 132, 6, 234, 108,
       179, 101, 12, 112, 169, 160, 17, 117, 171, 116, 128, 234, 184, 56,
       248, 9, 253, 145, 79, 175, 93, 172, 9, 174, 223, 102, 112, 201,
       179, 207, 0, 10, 11, 250, 241, 211, 241, 26, 123, 82, 8, 7, 250,
       181, 207, 205, 254, 220, 35, 71, 252, 82, 234, 185, 94, 115, 225,
       169, 33, 89, 226, 6, 238, 249, 103, 78, 63, 248, 143, 231, 60,
       253, 251, 208, 168, 209, 22, 239, 225, 134, 34, 105, 87, 112, 243,
       214, 246, 25, 43, 184, 107, 127, 132, 61, 188, 185, 221, 165, 194,
       216, 235, 254, 196, 173, 192, 240, 57, 24, 157, 123, 94, 83, 231,
       179, 242, 84, 64, 108, 2, 56, 247, 33, 96, 126, 59, 19, 202, 3,
       186, 56, 127, 119, 173, 2, 75, 115, 131, 36, 251, 167, 165, 97, 1,
       213, 159, 174, 235, 92, 224, 120, 70, 64, 120, 181, 164, 121, 42,
       18, 61, 247, 184, 29, 223, 46, 30, 143, 230, 93, 44, 217, 140, 2,
       133, 8, 137, 212, 131, 162, 47, 4, 1, 74, 3, 128, 42, 44, 64, 216,
       11, 2, 224, 82, 152, 81, 221, 45, 36, 130, 67, 20, 10, 176, 138,
       171, 114, 226, 216, 103, 147, 232, 72, 95, 67, 116, 246, 8, 200,
       246, 236, 127, 168, 183, 157, 135, 183, 166, 210, 22, 126, 146,
       171, 95, 140, 122, 213, 136, 174, 255, 249, 228, 233, 121, 23,
       127, 123, 86, 212, 189, 167, 242, 105, 231, 43, 55, 28, 179, 220,
       227, 243, 206, 223, 126, 192, 158, 200, 133, 249, 247, 38, 101, 5,
       12, 59, 207, 56, 82, 226, 147, 238, 83, 40, 213, 175, 88, 196,
       124, 239, 237, 246, 237, 30, 148, 10, 229, 180, 125, 253, 82, 116,
       177, 64, 111, 165, 20, 66, 227, 96, 68, 192, 243, 2, 83, 9, 177,
       97, 120, 132, 14, 239, 72, 183, 37, 140, 240, 169, 162, 1, 37,
       171, 112, 32, 203, 142, 237, 241, 166, 168, 109, 151, 250, 91, 22,
       246, 189, 43, 208, 107, 39, 35, 61, 156, 179, 76, 166, 225, 204,
       203, 254, 200, 172, 192, 209, 121, 56, 149, 123, 232, 211, 98, 81,
       107, 5, 65, 237, 50, 31, 191, 40, 112, 254, 155, 151, 160, 25,
       187, 48, 220, 219, 229, 2, 79, 251, 0, 164, 178, 14, 217, 148,
       151, 193, 86, 188, 175, 63, 183, 66, 17, 204, 126, 14, 207, 215,
       95, 179, 195, 52, 216, 91, 224, 47, 54, 223, 71, 130, 117, 141,
       206, 171, 98, 98, 216, 111, 145, 184, 64, 223, 86, 117, 191, 8,
       200, 247, 173, 254, 169, 179, 199, 196, 119, 166, 208, 22, 89,
       219, 171, 95, 189, 122, 215, 3, 130, 241, 217, 238, 169, 249, 23,
       239, 91, 92, 214, 189, 138, 244, 110, 239, 139, 63, 157, 147, 44,
       230, 211, 140, 156, 186, 232, 156, 200, 129, 233, 42, 121, 51,
       218, 111, 213, 184, 86, 143, 88, 212, 47, 172, 222, 103, 196, 238,
       59, 191, 195, 199, 43, 178, 241, 23, 89, 218, 171, 31, 29, 45,
       255, 145, 2, 78, 37, 4, 42, 96, 18, 100, 2, 119, 215, 147, 3, 146,
       73, 104, 132, 46, 172, 172, 180, 69, 12, 196, 235, 242, 0, 109,
       168, 104, 0, 203, 156, 183, 250, 168, 164, 28, 215, 159, 91, 24,
       116, 188, 255, 224, 107, 135, 115, 63, 156, 179, 77, 162, 243,
       202, 223, 126, 234, 158, 208, 161, 57, 1, 220, 59, 91, 87, 165,
       179, 246, 94, 73, 124, 2, 56, 211, 164, 100, 253, 58, 18, 8, 163,
       188, 50, 255, 101, 62, 18, 66, 83, 1, 97, 235, 223, 50, 248, 226,
       171, 116, 89, 24, 235, 252, 21, 253, 223, 95, 223, 63, 151, 85,
       213, 55, 135, 68, 190, 192, 203, 217, 105, 255, 174, 231, 15, 119,
       229, 46, 237, 69, 164, 43, 205, 19, 82, 226, 150, 254, 211, 41,
       213, 47, 73, 228, 124, 44, 169, 244, 229, 138, 68, 26, 229, 180,
       237, 248, 80, 96, 201, 6, 151, 85, 164, 188, 105, 23, 253, 91,
       114, 84, 191, 34, 176, 255, 166, 38, 44, 12, 181, 188, 37, 67,
       132, 250, 114, 0, 200, 192, 225, 45, 23, 141, 107, 207, 86, 246,
       235, 242, 116, 68, 223, 2, 113, 254, 190, 100, 120, 238, 23, 173,
       169, 185, 61, 255, 121, 46, 171, 196, 165, 227, 116, 244, 26, 219,
       210, 185, 226, 154, 184, 215, 191, 5, 86, 231, 109, 206, 167, 204,
       118, 59, 167, 145, 134, 217, 12, 249, 150, 99, 58, 195, 183, 148,
       173, 207, 210, 156, 191, 254, 203, 228, 29, 246, 150, 219, 128,
       82, 52, 247, 97, 107, 231, 243, 59, 145, 51, 79, 58, 243, 217,
       130, 223, 250, 185, 80, 165, 123, 134, 188, 152, 186, 236, 165,
       188, 207, 142, 19, 25, 20, 188, 250, 104, 11, 135, 27, 19, 17,
       150, 79, 154, 243, 205, 145, 95, 106, 152, 81, 161, 139, 131, 221,
       3, 159, 53, 214, 174, 254, 93, 72, 90, 231, 228, 248, 191, 224,
       254, 107, 62, 199, 231, 184, 23, 255, 182, 126, 170, 130, 31, 30,
       57, 157, 58, 219, 98, 237, 55, 218, 126, 53, 109, 76, 246, 167,
       43, 15, 182, 212, 126, 181, 151, 234, 204, 184, 101, 205, 246,
       249, 162, 131, 55, 142, 244, 95, 11, 50, 112, 217, 109, 189, 249,
       82, 207, 89, 180, 46, 156, 159, 246, 238, 238, 145, 223, 153, 135,
       43, 98, 209, 215, 217, 186, 248, 158, 140, 117, 243, 130, 249, 51,
       222, 111, 213, 189, 214, 143, 88, 84, 103, 188, 222, 103, 101,
       238, 59, 147, 195, 199, 59, 178, 241, 55, 16, 154, 170, 26, 29,
       37, 255, 207, 50, 241, 226, 229, 124, 251, 24, 235, 254, 181, 55,
       221, 95, 223, 123, 255, 213, 223, 247, 163, 101, 184, 192, 223,
       217, 171, 182, 143, 231, 103, 117, 201, 188, 190, 87, 165, 188,
       245, 151, 248, 219, 103, 92, 190, 185, 84, 43, 165, 102, 120, 28,
       177, 252, 178, 98, 79, 187, 84, 64, 202, 90, 195, 43, 220, 156,
       191, 90, 131, 244, 55, 193, 252, 19, 103, 16, 124, 247, 108, 123,
       163, 115, 184, 146, 51, 237, 186, 99, 91, 171, 86, 75, 202, 67,
       161, 50, 222, 156, 159, 218, 139, 240, 55, 192, 150, 19, 165, 50,
       124, 247, 104, 123, 99, 115, 187, 210, 51, 71, 58, 243, 91, 163,
       222, 75, 186, 83, 165, 50, 19, 92, 67, 155, 214, 150, 170, 212,
       63, 65, 90, 215, 121, 206, 183, 228, 127, 175, 151, 253, 167, 149,
       29, 255, 56, 46, 190, 128, 191, 151, 185, 220, 30, 204, 235, 255,
       178, 226, 63, 238, 22, 198, 95, 179, 245, 231, 161, 64, 127, 255,
       183, 195, 120, 216, 105, 46, 237, 167, 175, 129, 180, 251, 180,
       242, 246, 207, 207, 188, 174, 99, 15, 237, 150, 182, 158, 179, 97,
       231, 249, 67, 127, 214, 191, 231, 120, 67, 46, 190, 248, 99, 239,
       157, 181, 253, 180, 113, 241, 77, 69, 172, 12, 22, 204, 190, 84,
       98, 218, 70, 115, 56, 177, 227, 72, 198, 62, 239, 237, 43, 85,
       159, 176, 42, 239, 156, 61, 252, 120, 28, 131, 200, 15, 191, 52,
       140, 232, 150, 220, 65, 82, 215, 181, 8, 178, 232, 64, 34, 63, 77,
       167, 156, 85, 189, 132, 63, 186, 128, 28, 156, 89, 12, 1, 220, 55,
       91, 23, 199, 179, 222, 222, 11, 116, 18, 124, 81, 37, 100, 255,
       50, 18, 72, 163, 173, 59, 255, 97, 62, 18, 2, 211, 25, 97, 175,
       55, 5, 98, 168, 213, 191, 210, 106, 93, 65, 217, 31, 14, 40, 62,
       0, 216, 139, 151, 53, 188, 186, 84, 158, 186, 84, 136, 199, 253,
       79, 120, 214, 187, 223, 110, 190, 125, 149, 222, 253, 151, 78,
       220, 135, 105, 232, 58, 193, 220, 235, 191, 199, 238, 15, 94, 191,
       242, 127, 234, 155, 63, 190, 248, 223, 131, 22, 64, 191, 125, 118,
       190, 120, 93, 75, 89, 247, 236, 124, 190, 225, 222, 11, 159, 167,
       167, 182, 93, 255, 166, 127, 138, 139, 31, 127, 185, 149, 159, 87,
       238, 173, 190, 54, 255, 216, 23, 238, 215, 247, 73, 232, 191, 73,
       127, 205, 191, 255, 172, 213, 29, 234, 254, 111, 239, 132, 191,
       253, 185, 213, 175, 214, 204, 159, 237, 54, 254, 188, 95, 251,
       219, 215, 200, 104, 255, 239, 221, 206, 182, 183, 253, 116, 77,
