%YAML:1.0
---
descriptors: !!opencv-matrix
   rows: 172
   cols: 32
   dt: u
   data: [ 82, 173, 164, 58, 137, 249, 148, 199, 171, 23, 136, 9, 174,
       252, 70, 143, 137, 115, 233, 17, 30, 75, 202, 241, 153, 82, 223,
       123, 208, 84, 135, 78, 11, 155, 55, 217, 125, 149, 185, 215, 159,
       29, 120, 86, 188, 223, 244, 228, 207, 59, 183, 157, 147, 58, 114,
       245, 15, 221, 186, 234, 86, 136, 165, 249, 17, 31, 94, 173, 50,
       134, 94, 117, 5, 64, 222, 231, 247, 107, 178, 96, 118, 255, 31,
       238, 205, 153, 85, 63, 242, 229, 38, 208, 60, 170, 169, 25, 40,
       141, 59, 251, 87, 253, 241, 103, 31, 5, 108, 3, 63, 189, 34, 96,
       249, 59, 147, 0, 18, 184, 48, 191, 103, 255, 18, 67, 83, 8, 229,
       234, 35, 91, 98, 72, 117, 159, 250, 69, 111, 72, 252, 239, 10,
       136, 182, 180, 254, 169, 150, 212, 199, 187, 36, 221, 54, 125, 0,
       235, 95, 158, 250, 205, 109, 176, 241, 243, 237, 45, 233, 27, 27,
       247, 181, 28, 159, 51, 92, 31, 221, 142, 123, 28, 155, 106, 251,
       208, 207, 216, 215, 124, 154, 200, 210, 240, 120, 81, 107, 236,
       118, 194, 91, 124, 4, 204, 215, 163, 81, 95, 160, 64, 126, 245,
       31, 234, 73, 147, 49, 12, 241, 237, 171, 136, 53, 187, 116, 115,
       63, 155, 114, 202, 119, 149, 122, 240, 101, 72, 247, 102, 104,
       223, 255, 244, 126, 185, 151, 222, 207, 178, 44, 232, 54, 92, 130,
       130, 127, 143, 104, 189, 33, 13, 99, 221, 20, 134, 239, 55, 92,
       72, 126, 70, 177, 36, 180, 100, 124, 42, 18, 140, 177, 184, 117,
       255, 37, 62, 186, 0, 63, 136, 240, 252, 4, 140, 150, 159, 148,
       139, 166, 234, 158, 147, 66, 2, 228, 224, 41, 73, 121, 106, 34,
       16, 50, 248, 11, 127, 173, 38, 95, 68, 144, 120, 49, 138, 205, 76,
       125, 251, 230, 171, 253, 215, 127, 242, 242, 222, 223, 233, 213,
       89, 127, 237, 127, 62, 161, 246, 239, 254, 254, 251, 127, 252,
       221, 249, 81, 248, 26, 185, 147, 240, 155, 221, 80, 71, 171, 21,
       168, 25, 46, 159, 102, 144, 163, 51, 209, 16, 22, 107, 18, 193,
       219, 213, 22, 123, 194, 4, 175, 218, 72, 253, 145, 186, 153, 204,
       87, 167, 219, 221, 108, 24, 190, 247, 98, 246, 193, 126, 232, 80,
       82, 107, 242, 163, 253, 247, 20, 91, 146, 92, 133, 106, 173, 182,
       253, 251, 252, 255, 233, 91, 223, 251, 255, 126, 223, 255, 216,
       106, 127, 159, 127, 28, 179, 243, 251, 210, 223, 223, 191, 244,
       215, 200, 209, 241, 207, 172, 245, 251, 238, 233, 255, 254, 255,
       251, 191, 250, 253, 255, 221, 110, 111, 195, 127, 159, 243, 125,
       239, 243, 190, 223, 255, 236, 191, 219, 161, 121, 207, 188, 249,
       251, 252, 153, 254, 252, 255, 219, 181, 252, 252, 239, 221, 243,
       247, 123, 255, 31, 243, 111, 250, 243, 174, 255, 127, 254, 158,
       251, 131, 249, 2, 255, 122, 255, 254, 137, 191, 246, 127, 132,
       120, 230, 189, 235, 245, 0, 126, 123, 39, 195, 194, 186, 46, 255,
       124, 140, 38, 168, 125, 154, 103, 185, 155, 23, 255, 245, 230, 58,
       236, 119, 125, 235, 254, 246, 93, 47, 148, 123, 127, 199, 127,
       173, 177, 252, 101, 206, 246, 255, 254, 192, 239, 248, 233, 145,
       253, 88, 223, 237, 36, 110, 111, 18, 116, 202, 246, 66, 243, 51,
       177, 123, 98, 228, 124, 238, 169, 245, 181, 42, 210, 235, 226,
       144, 45, 249, 112, 33, 149, 85, 91, 167, 22, 70, 239, 56, 52, 224,
       91, 198, 213, 119, 153, 96, 54, 205, 52, 239, 225, 144, 157, 14,
       228, 172, 171, 132, 45, 179, 33, 240, 79, 191, 253, 247, 172, 157,
       95, 183, 187, 251, 188, 237, 255, 255, 215, 63, 167, 243, 255,
       223, 255, 74, 238, 241, 254, 223, 255, 250, 134, 247, 199, 125,
       41, 49, 59, 101, 96, 15, 119, 48, 105, 204, 126, 12, 255, 63, 3,
       48, 180, 116, 85, 110, 201, 176, 49, 12, 231, 253, 32, 16, 74,
       178, 66, 251, 75, 190, 253, 247, 188, 156, 125, 183, 255, 255, 30,
       245, 189, 255, 214, 119, 135, 115, 253, 29, 247, 72, 239, 247,
       238, 255, 127, 242, 142, 196, 7, 125, 14, 142, 238, 251, 254, 163,
       187, 216, 63, 83, 87, 247, 93, 239, 191, 72, 255, 255, 183, 159,
       179, 211, 47, 247, 94, 127, 255, 196, 159, 231, 41, 209, 67, 179,
       209, 1, 242, 136, 188, 191, 58, 249, 26, 253, 212, 166, 202, 148,
       23, 79, 36, 21, 215, 88, 237, 83, 44, 22, 61, 228, 204, 192, 129,
       93, 56, 4, 89, 229, 48, 14, 97, 59, 117, 162, 110, 68, 19, 35,
       129, 80, 114, 140, 4, 40, 105, 184, 81, 14, 207, 239, 33, 4, 104,
       232, 96, 56, 189, 237, 252, 103, 190, 123, 94, 252, 23, 230, 255,
       139, 99, 237, 91, 0, 95, 206, 127, 126, 124, 242, 253, 190, 126,
       207, 101, 21, 231, 251, 196, 64, 100, 140, 130, 158, 220, 131,
       166, 239, 26, 162, 64, 26, 100, 226, 104, 89, 121, 238, 34, 168,
       32, 251, 138, 127, 60, 6, 223, 108, 145, 104, 49, 136, 244, 236,
       129, 182, 159, 39, 198, 236, 242, 234, 169, 75, 82, 253, 93, 146,
       249, 214, 77, 247, 123, 99, 154, 127, 185, 6, 143, 124, 177, 115,
       242, 50, 1, 159, 235, 79, 180, 171, 239, 255, 127, 71, 126, 228,
       249, 231, 190, 100, 31, 238, 22, 140, 209, 184, 109, 127, 110, 63,
       54, 192, 222, 250, 193, 249, 29, 85, 107, 231, 118, 70, 111, 248,
       101, 236, 255, 2, 121, 63, 191, 112, 126, 204, 23, 234, 201, 179,
       61, 204, 243, 237, 167, 132, 39, 179, 116, 225, 139, 178, 245,
       253, 60, 223, 249, 59, 255, 248, 118, 224, 255, 223, 220, 230,
       151, 61, 127, 29, 195, 244, 227, 221, 142, 219, 235, 230, 22, 164,
       65, 253, 62, 95, 122, 236, 119, 82, 95, 248, 5, 204, 254, 167, 75,
       255, 51, 208, 254, 253, 159, 226, 76, 179, 33, 140, 243, 237, 167,
       147, 55, 191, 124, 211, 172, 48, 56, 96, 41, 111, 85, 16, 121,
       142, 53, 28, 159, 31, 67, 25, 132, 21, 93, 42, 168, 100, 240, 0,
       195, 219, 97, 20, 66, 225, 70, 99, 122, 177, 50, 174, 59, 221,
       150, 232, 175, 172, 188, 11, 238, 254, 102, 148, 254, 247, 207,
       99, 78, 35, 218, 221, 179, 117, 15, 63, 83, 62, 47, 87, 210, 169,
       58, 152, 91, 192, 177, 71, 175, 21, 128, 179, 172, 158, 102, 80,
       231, 59, 203, 145, 18, 75, 130, 243, 185, 48, 30, 235, 4, 4, 167,
       203, 53, 65, 99, 76, 84, 7, 199, 120, 84, 192, 251, 66, 83, 72,
       181, 96, 120, 172, 22, 239, 201, 179, 21, 28, 48, 172, 161, 4,
       125, 170, 112, 164, 174, 248, 118, 254, 109, 223, 254, 236, 223,
       238, 244, 175, 236, 223, 127, 133, 254, 249, 255, 227, 228, 119,
       122, 255, 63, 219, 207, 191, 31, 191, 125, 223, 161, 249, 107,
       219, 84, 193, 167, 244, 86, 64, 112, 230, 49, 196, 180, 96, 120,
       56, 2, 200, 195, 186, 54, 61, 100, 8, 162, 104, 29, 154, 245, 248,
       0, 161, 150, 157, 79, 131, 160, 73, 158, 177, 66, 2, 228, 226, 96,
       74, 113, 109, 106, 145, 2, 249, 139, 221, 29, 34, 223, 108, 16,
       40, 49, 138, 56, 221, 30, 254, 153, 207, 87, 240, 237, 136, 238,
       8, 127, 251, 32, 112, 240, 247, 253, 98, 105, 171, 58, 63, 243,
       239, 5, 27, 122, 123, 100, 59, 41, 253, 50, 94, 85, 149, 238, 246,
       223, 76, 252, 12, 40, 248, 55, 180, 249, 234, 130, 206, 207, 59,
       58, 255, 63, 223, 135, 43, 91, 95, 106, 158, 42, 223, 106, 158,
       255, 151, 159, 254, 159, 108, 220, 175, 104, 236, 183, 64, 223,
       251, 159, 199, 230, 43, 60, 255, 123, 95, 191, 191, 23, 93, 244,
       255, 17, 237, 75, 191, 118, 131, 238, 246, 62, 64, 122, 198, 57,
       207, 176, 96, 126, 235, 23, 206, 195, 154, 14, 255, 124, 172, 174,
       128, 125, 138, 99, 216, 13, 190, 255, 243, 252, 191, 249, 91, 191,
       187, 247, 126, 223, 255, 240, 104, 111, 191, 126, 24, 179, 253,
       239, 214, 222, 223, 123, 244, 214, 201, 209, 241, 253, 113, 63,
       230, 45, 14, 71, 248, 225, 168, 182, 76, 95, 249, 25, 51, 216,
       228, 124, 110, 233, 227, 249, 168, 243, 251, 69, 28, 98, 251, 82,
       98, 75, 186, 252, 253, 124, 157, 249, 179, 251, 249, 180, 237,
       188, 254, 215, 54, 167, 123, 255, 29, 135, 105, 226, 253, 206,
       223, 255, 250, 142, 164, 67, 127, 13, 142, 179, 222, 244, 183,
       239, 242, 223, 202, 95, 70, 124, 236, 181, 100, 255, 107, 55, 191,
