%YAML:1.0
---
descriptors: !!opencv-matrix
   rows: 86
   cols: 32
   dt: u
   data: [ 214, 31, 106, 68, 82, 146, 186, 115, 169, 196, 210, 231, 73,
       174, 183, 33, 126, 181, 151, 165, 229, 147, 164, 206, 50, 46, 171,
       130, 45, 164, 127, 213, 61, 79, 96, 12, 94, 27, 198, 120, 69, 164,
       252, 239, 67, 104, 151, 148, 88, 236, 198, 238, 204, 179, 101, 28,
       50, 110, 161, 49, 119, 255, 122, 196, 57, 48, 121, 97, 84, 76, 75,
       16, 97, 204, 108, 8, 19, 23, 16, 48, 24, 184, 20, 72, 8, 186, 112,
       8, 215, 205, 32, 32, 99, 130, 70, 234, 2, 136, 159, 159, 133, 230,
       184, 167, 30, 23, 66, 18, 236, 102, 32, 73, 209, 63, 187, 129, 48,
       216, 115, 245, 77, 39, 218, 65, 144, 72, 181, 186, 3, 219, 103,
       157, 118, 129, 172, 245, 220, 72, 82, 230, 56, 138, 176, 224, 110,
       43, 55, 197, 199, 184, 6, 253, 36, 32, 190, 128, 29, 156, 177,
       189, 34, 249, 32, 138, 93, 213, 214, 236, 135, 5, 204, 139, 40,
       204, 62, 0, 216, 251, 147, 195, 78, 43, 90, 255, 63, 84, 140, 123,
       83, 30, 86, 222, 2, 203, 2, 140, 62, 129, 174, 101, 140, 4, 218,
       231, 172, 142, 48, 192, 238, 43, 155, 197, 64, 139, 2, 253, 176,
       32, 142, 138, 20, 30, 185, 141, 6, 124, 161, 144, 239, 245, 188,
       206, 26, 254, 16, 43, 140, 252, 119, 136, 221, 123, 147, 147, 6,
       118, 186, 242, 13, 22, 223, 175, 213, 127, 55, 255, 9, 150, 133,
       161, 180, 47, 73, 31, 22, 169, 94, 84, 183, 33, 16, 192, 93, 14,
       14, 60, 187, 248, 81, 30, 237, 215, 183, 84, 154, 200, 144, 168,
       189, 74, 236, 232, 156, 51, 78, 218, 83, 255, 148, 254, 83, 108,
       223, 188, 93, 204, 53, 254, 173, 102, 109, 146, 218, 207, 229,
       180, 191, 253, 120, 85, 79, 80, 122, 229, 38, 18, 251, 24, 13,
       204, 87, 166, 221, 31, 191, 96, 118, 85, 159, 239, 193, 148, 37,
       200, 198, 249, 170, 132, 38, 183, 49, 117, 23, 80, 155, 250, 22,
       134, 43, 80, 148, 138, 211, 66, 85, 211, 161, 104, 126, 169, 23,
       218, 9, 149, 0, 200, 208, 166, 170, 128, 189, 187, 49, 161, 57,
       151, 107, 233, 246, 151, 235, 117, 85, 73, 222, 230, 121, 61, 182,
       96, 126, 186, 23, 237, 185, 186, 37, 223, 126, 109, 170, 192, 63,
       138, 240, 249, 31, 34, 195, 209, 70, 178, 232, 80, 119, 227, 119,
       246, 9, 202, 249, 236, 126, 173, 54, 156, 129, 247, 37, 192, 30,
       207, 187, 196, 175, 141, 121, 133, 26, 132, 122, 233, 54, 187,
       250, 115, 61, 9, 91, 66, 253, 171, 176, 64, 114, 43, 23, 136, 146,
       184, 5, 223, 206, 239, 58, 192, 182, 138, 121, 129, 103, 179, 249,
       80, 235, 125, 189, 222, 171, 127, 61, 253, 140, 254, 207, 30, 135,
       91, 247, 21, 151, 66, 170, 240, 14, 88, 125, 239, 206, 85, 143,
       215, 18, 135, 83, 201, 242, 163, 185, 103, 61, 1, 91, 226, 93,
       174, 172, 64, 126, 59, 151, 176, 19, 153, 5, 223, 60, 172, 186,
       192, 181, 130, 161, 177, 11, 149, 97, 139, 246, 209, 186, 127, 94,
       65, 88, 227, 173, 142, 190, 224, 254, 27, 147, 149, 215, 184, 36,
       247, 44, 28, 186, 192, 21, 142, 177, 253, 145, 28, 127, 85, 50,
       226, 125, 55, 116, 66, 94, 242, 253, 63, 176, 97, 54, 55, 29, 173,
       225, 220, 53, 79, 231, 46, 250, 128, 36, 240, 37, 121, 43, 177,
       120, 75, 221, 245, 251, 207, 79, 121, 61, 11, 24, 220, 94, 36,
       153, 27, 147, 221, 151, 58, 250, 241, 111, 93, 149, 111, 211, 15,
       223, 254, 138, 152, 142, 185, 35, 229, 57, 71, 62, 93, 66, 181,
       172, 135, 34, 73, 231, 59, 187, 149, 18, 220, 19, 209, 197, 19,
       218, 195, 144, 4, 37, 219, 36, 52, 176, 219, 253, 173, 241, 27,
       79, 25, 125, 25, 154, 249, 124, 24, 217, 10, 23, 25, 146, 178,
       218, 192, 79, 28, 16, 111, 218, 74, 210, 131, 153, 148, 63, 101,
       52, 46, 235, 56, 116, 234, 94, 116, 223, 113, 185, 225, 54, 84,
       28, 45, 161, 180, 37, 31, 224, 235, 99, 132, 108, 162, 33, 33, 51,
       94, 195, 76, 113, 246, 94, 83, 21, 72, 248, 231, 42, 158, 167,
       244, 220, 185, 151, 231, 141, 131, 48, 237, 50, 124, 170, 155, 95,
       254, 120, 223, 58, 184, 160, 172, 31, 215, 146, 98, 14, 238, 152,
       175, 108, 188, 39, 0, 221, 115, 223, 193, 141, 43, 113, 191, 145,
       87, 155, 187, 85, 47, 53, 223, 6, 92, 179, 219, 183, 241, 187,
       214, 30, 75, 92, 98, 156, 222, 225, 108, 247, 123, 151, 17, 131,
       148, 40, 242, 45, 20, 63, 198, 148, 91, 37, 255, 19, 228, 110,
       135, 198, 50, 174, 236, 232, 114, 155, 131, 120, 44, 63, 43, 127,
       71, 83, 231, 196, 245, 44, 237, 33, 14, 223, 132, 5, 119, 187,
       204, 88, 159, 90, 174, 122, 152, 19, 248, 198, 100, 158, 175, 103,
       234, 171, 80, 54, 197, 204, 103, 206, 1, 172, 29, 240, 165, 33,
       189, 60, 186, 13, 91, 46, 126, 234, 131, 246, 243, 191, 222, 26,
       238, 92, 167, 44, 236, 255, 8, 127, 123, 151, 215, 134, 178, 44,
       234, 110, 69, 175, 163, 247, 255, 55, 219, 15, 148, 136, 187, 244,
       180, 122, 151, 62, 75, 95, 215, 221, 235, 122, 64, 119, 11, 183,
       149, 151, 24, 220, 211, 238, 101, 174, 197, 188, 198, 185, 211,
       255, 78, 236, 81, 188, 51, 77, 158, 83, 238, 180, 254, 19, 44,
       215, 58, 93, 196, 125, 189, 173, 118, 101, 154, 186, 95, 181, 244,
       255, 253, 88, 93, 5, 133, 127, 91, 228, 235, 237, 191, 94, 13,
       127, 0, 208, 247, 188, 108, 91, 58, 50, 56, 147, 176, 63, 213,
       109, 30, 103, 68, 213, 202, 245, 225, 134, 96, 176, 153, 77, 213,
       184, 72, 31, 31, 81, 19, 140, 158, 110, 141, 200, 25, 147, 209, 6,
       86, 210, 208, 7, 16, 218, 239, 20, 12, 61, 198, 15, 81, 104, 229,
       38, 22, 255, 56, 77, 224, 95, 166, 217, 29, 159, 96, 54, 213, 151,
       239, 197, 176, 101, 204, 103, 249, 171, 132, 39, 191, 81, 241, 78,
       251, 241, 147, 235, 157, 189, 212, 11, 253, 20, 237, 156, 158,
       215, 46, 167, 89, 247, 213, 151, 90, 174, 224, 78, 93, 63, 238,
       143, 246, 135, 223, 185, 88, 107, 253, 118, 197, 235, 214, 22, 66,
       116, 230, 49, 221, 177, 96, 126, 184, 23, 207, 235, 190, 54, 255,
       71, 207, 186, 136, 117, 153, 116, 249, 66, 140, 159, 189, 52, 226,
       56, 39, 62, 13, 66, 19, 236, 55, 32, 73, 243, 63, 41, 144, 50,
       220, 1, 223, 205, 182, 218, 195, 144, 0, 165, 10, 17, 133, 106,
       171, 148, 167, 107, 123, 20, 1, 223, 22, 89, 251, 186, 64, 122,
       171, 23, 189, 154, 154, 33, 223, 248, 237, 170, 192, 61, 138, 240,
       192, 131, 218, 103, 221, 38, 133, 237, 244, 212, 66, 208, 230, 49,
       200, 177, 101, 110, 40, 63, 207, 227, 173, 54, 253, 32, 42, 186,
       128, 61, 152, 48, 249, 39, 169, 232, 64, 228, 61, 238, 219, 75,
       249, 60, 207, 8, 172, 215, 172, 157, 203, 151, 157, 151, 122, 228,
       208, 14, 93, 173, 236, 207, 253, 218, 213, 58, 56, 163, 172, 31,
       199, 154, 115, 143, 236, 216, 175, 44, 252, 37, 0, 220, 185, 223,
       129, 152, 187, 80, 191, 241, 213, 139, 179, 21, 47, 21, 219, 35,
       66, 88, 91, 115, 144, 250, 68, 109, 69, 253, 166, 40, 202, 182,
       252, 106, 169, 134, 156, 214, 190, 102, 247, 6, 60, 146, 203, 223,
       134, 232, 205, 7, 253, 147, 155, 182, 211, 190, 213, 30, 201, 88,
       98, 252, 254, 233, 96, 247, 123, 151, 209, 247, 216, 40, 250, 172,
       84, 191, 194, 148, 90, 161, 223, 22, 204, 166, 164, 12, 2, 174,
       224, 196, 67, 154, 131, 201, 236, 61, 34, 249, 197, 127, 231, 140,
       161, 14, 235, 177, 110, 207, 132, 133, 127, 113, 204, 74, 145, 87,
       222, 103, 248, 48, 47, 239, 73, 95, 50, 238, 215, 172, 244, 50,
       178, 174, 0, 19, 8, 47, 247, 14, 246, 48, 203, 54, 143, 205, 47,
       139, 181, 76, 187, 177, 182, 122, 190, 191, 89, 93, 213, 205, 107,
       58, 193, 119, 11, 157, 189, 183, 136, 28, 223, 238, 123, 171, 197,
       158, 196, 185, 31, 239, 94, 236, 209, 252, 63, 204, 150, 217, 234,
       186, 253, 147, 40, 215, 59, 205, 230, 95, 29, 173, 127, 228, 174,
       110, 31, 181, 240, 205, 252, 90, 93, 141, 142, 148, 253, 248, 35,
       175, 255, 62, 170, 218, 112, 221, 99, 177, 194, 247, 87, 127, 173,
       49, 221, 73, 218, 236, 175, 239, 132, 156, 240, 169, 169, 58, 159,
