%YAML:1.0
---
descriptors: !!opencv-matrix
   rows: 23
   cols: 32
   dt: u
   data: [ 18, 159, 122, 152, 243, 243, 186, 103, 143, 77, 90, 167, 44,
       174, 166, 64, 238, 187, 135, 145, 86, 153, 36, 253, 60, 117, 174,
       195, 21, 12, 173, 223, 168, 92, 59, 190, 121, 228, 95, 246, 53,
       78, 232, 1, 63, 191, 35, 81, 205, 251, 151, 192, 106, 14, 82, 255,
       247, 247, 154, 11, 50, 213, 38, 218, 120, 181, 246, 120, 185, 255,
       80, 127, 251, 31, 236, 25, 15, 189, 70, 157, 137, 187, 237, 16,
       62, 107, 242, 149, 219, 223, 85, 123, 242, 196, 238, 195, 230,
       189, 148, 178, 185, 237, 22, 239, 187, 187, 168, 25, 238, 246, 76,
       151, 137, 211, 238, 16, 126, 79, 218, 243, 185, 214, 93, 127, 208,
       68, 143, 15, 2, 171, 27, 249, 219, 193, 49, 71, 174, 21, 76, 177,
       172, 151, 96, 80, 231, 59, 235, 144, 82, 9, 162, 117, 205, 241,
       30, 107, 144, 0, 167, 234, 3, 142, 202, 223, 213, 144, 190, 103,
       94, 1, 90, 134, 40, 234, 182, 224, 249, 43, 146, 133, 214, 186, 4,
       255, 54, 63, 158, 131, 29, 78, 249, 142, 58, 212, 56, 184, 125,
       205, 85, 239, 31, 63, 64, 27, 174, 158, 106, 81, 139, 155, 151, 1,
       110, 94, 90, 151, 253, 215, 94, 127, 16, 28, 133, 202, 0, 179, 25,
       249, 127, 201, 177, 239, 30, 29, 88, 48, 164, 183, 40, 64, 195,
       27, 162, 1, 18, 56, 98, 245, 237, 148, 26, 107, 16, 8, 133, 171,
       70, 239, 197, 151, 210, 170, 110, 175, 62, 183, 202, 215, 237,
       102, 217, 223, 119, 255, 111, 150, 114, 216, 207, 235, 188, 38,
       223, 224, 164, 240, 167, 140, 167, 93, 99, 95, 212, 151, 239, 241,
       85, 194, 123, 70, 120, 248, 181, 228, 120, 106, 18, 238, 225, 188,
       60, 254, 36, 62, 135, 0, 95, 255, 241, 244, 241, 76, 79, 109, 4,
       11, 230, 48, 116, 130, 242, 202, 243, 104, 144, 97, 120, 228, 110,
       234, 233, 182, 69, 47, 244, 171, 229, 0, 109, 186, 120, 8, 60,
       223, 122, 238, 246, 139, 87, 248, 23, 140, 125, 235, 119, 253,
       163, 80, 94, 248, 135, 98, 232, 178, 108, 63, 246, 229, 165, 165,
       117, 187, 118, 161, 48, 142, 75, 249, 182, 131, 235, 223, 22, 67,
       216, 246, 113, 207, 176, 96, 127, 170, 31, 157, 187, 158, 79, 191,
       248, 142, 191, 196, 189, 138, 240, 185, 128, 164, 17, 185, 249,
       233, 177, 79, 158, 53, 9, 24, 140, 151, 104, 104, 139, 27, 202,
       16, 50, 30, 90, 215, 141, 148, 27, 111, 208, 8, 133, 162, 181,
       141, 135, 63, 148, 43, 231, 239, 84, 163, 234, 82, 83, 96, 185,
       105, 121, 206, 34, 43, 249, 254, 77, 46, 60, 46, 117, 4, 253, 249,
       240, 8, 71, 20, 123, 140, 126, 103, 187, 120, 173, 192, 223, 134,
       221, 238, 191, 100, 126, 237, 31, 239, 197, 147, 125, 222, 180,
       44, 171, 140, 60, 239, 33, 245, 162, 189, 184, 186, 221, 237, 180,
       239, 223, 31, 56, 27, 172, 252, 118, 8, 201, 27, 131, 17, 50, 111,
       90, 247, 125, 22, 30, 123, 209, 76, 221, 154, 63, 23, 82, 172,
       118, 191, 250, 120, 29, 192, 249, 199, 95, 236, 191, 208, 126,
       173, 23, 239, 141, 178, 28, 206, 182, 239, 43, 132, 111, 239, 106,
       149, 19, 137, 179, 79, 87, 215, 166, 238, 95, 72, 90, 66, 104,
       248, 53, 228, 120, 106, 18, 75, 199, 185, 63, 255, 61, 46, 14, 2,
       247, 127, 113, 172, 51, 170, 134, 159, 88, 129, 170, 232, 62, 177,
       227, 199, 224, 226, 88, 212, 121, 239, 34, 197, 14, 218, 207, 253,
       156, 38, 207, 104, 9, 34, 43, 140, 54, 11, 98, 78, 86, 131, 235,
       64, 215, 132, 254, 130, 97, 225, 181, 4, 122, 234, 2, 202, 10,
       187, 44, 255, 112, 44, 131, 1, 119, 171, 116, 168, 61, 9, 74, 238,
       212, 151, 106, 81, 5, 128, 127, 71, 121, 219, 49, 224, 120, 168,
       19, 254, 156, 178, 28, 188, 119, 237, 163, 0, 255, 171, 120, 128,
       66, 239, 128, 3, 189, 153, 134, 175, 78, 61, 140, 13, 174, 168,
       94, 134, 129, 70, 232, 21, 86, 40, 203, 179, 172, 22, 29, 127,
       218, 94, 219, 14 ]
keypoints: !!opencv-matrix
   rows: 23
   cols: 2
   dt: d
   data: [ 93., 34., 43., 231., 286., 177., 2.8080001831054688e+02,
       1.8240000915527344e+02, 1.2120000457763672e+02,
       1.1400000762939453e+02, 2.9280001831054688e+02,
       9.4800003051757812e+01, 4.0800003051757812e+01,
       2.3400001525878906e+02, 1.1400000762939453e+02,
       2.2680000305175781e+02, 1.1664000701904297e+02,
       1.6992001342773438e+02, 9.0720001220703125e+01,
       1.1232000732421875e+02, 2.8166403198242188e+02,
       2.3155201721191406e+02, 9.6768005371093750e+01,
       1.1923200988769531e+02, 6.2208007812500000e+01,
       1.1923200988769531e+02, 1.1404801177978516e+02,
       2.2636802673339844e+02, 1.2268801116943359e+02,
       1.7798402404785156e+02, 1.0368000793457031e+02,
       1.3651200866699219e+02, 1.0368001556396484e+02,
       2.2394883728027344e+02, 9.9532814025878906e+01,
       1.2856321716308594e+02, 9.2067863464355469e+01,
       1.1197442626953125e+02, 1.1695106506347656e+02,
       1.6671748352050781e+02, 9.5551513671875000e+01,
       1.1943939208984375e+02, 9.8537498474121094e+01,
       1.2839733886718750e+02, 1.2541136169433594e+02,
       1.1466181945800781e+02 ]
