%YAML:1.0
---
descriptors: !!opencv-matrix
   rows: 156
   cols: 32
   dt: u
   data: [ 62, 247, 100, 103, 147, 19, 222, 253, 23, 226, 245, 239, 107,
       125, 190, 37, 63, 217, 151, 183, 236, 242, 125, 158, 123, 79, 213,
       151, 255, 254, 222, 215, 9, 179, 108, 15, 222, 91, 165, 125, 70,
       101, 127, 166, 209, 108, 154, 164, 122, 14, 234, 45, 215, 184,
       109, 145, 100, 37, 166, 5, 127, 142, 221, 244, 69, 22, 191, 245,
       40, 46, 121, 18, 236, 250, 179, 116, 221, 51, 169, 107, 167, 117,
       125, 46, 161, 197, 171, 64, 193, 187, 122, 148, 136, 241, 33, 97,
       254, 103, 142, 166, 169, 29, 118, 224, 161, 190, 189, 13, 162,
       224, 107, 147, 201, 234, 206, 102, 76, 99, 202, 160, 190, 209,
       111, 191, 72, 127, 90, 214, 124, 81, 254, 110, 181, 22, 94, 152,
       117, 142, 255, 68, 75, 123, 29, 208, 241, 205, 61, 234, 232, 179,
       89, 206, 251, 255, 165, 151, 107, 243, 106, 3, 253, 215, 148, 190,
       179, 158, 86, 168, 123, 75, 179, 109, 238, 114, 47, 213, 247, 199,
       236, 102, 47, 195, 73, 255, 184, 246, 71, 86, 218, 63, 9, 5, 123,
       146, 238, 117, 20, 86, 97, 58, 113, 237, 70, 231, 115, 60, 150,
       115, 116, 228, 181, 173, 173, 216, 181, 12, 74, 239, 245, 128, 47,
       164, 126, 126, 62, 233, 68, 0, 207, 91, 198, 236, 67, 164, 164,
       139, 75, 72, 87, 148, 57, 200, 194, 253, 76, 114, 207, 156, 62,
       79, 133, 125, 119, 188, 90, 196, 60, 143, 56, 239, 156, 179, 86,
       255, 86, 164, 236, 2, 243, 97, 33, 64, 89, 250, 10, 40, 74, 186,
       73, 63, 235, 231, 133, 17, 243, 218, 124, 170, 205, 81, 189, 101,
       40, 14, 111, 184, 40, 234, 55, 68, 223, 23, 217, 123, 22, 84, 125,
       110, 233, 212, 251, 8, 231, 251, 103, 132, 14, 243, 67, 49, 253,
       117, 237, 231, 222, 70, 79, 248, 18, 250, 157, 235, 81, 119, 209,
       51, 127, 204, 21, 254, 233, 86, 237, 10, 251, 139, 239, 180, 37,
       242, 114, 241, 86, 36, 158, 212, 141, 246, 20, 71, 185, 151, 199,
       18, 78, 242, 100, 223, 225, 245, 232, 16, 60, 199, 146, 192, 155,
       243, 95, 79, 130, 116, 173, 6, 154, 85, 122, 168, 219, 243, 54,
       71, 173, 2, 252, 59, 14, 159, 38, 212, 238, 185, 207, 161, 124,
       167, 16, 202, 243, 245, 10, 11, 115, 85, 175, 135, 0, 156, 19,
       251, 146, 199, 58, 95, 30, 73, 90, 198, 189, 215, 32, 96, 247, 59,
       31, 144, 147, 152, 17, 127, 237, 166, 42, 192, 152, 8, 161, 187,
       223, 86, 142, 165, 162, 54, 44, 184, 48, 250, 151, 212, 221, 102,
       219, 251, 55, 69, 125, 175, 173, 213, 157, 10, 200, 227, 239, 132,
       174, 247, 59, 81, 236, 225, 232, 26, 217, 125, 87, 140, 195, 245,
       173, 29, 66, 228, 79, 126, 89, 206, 232, 90, 62, 99, 254, 49, 127,
       16, 69, 127, 211, 127, 222, 214, 92, 87, 111, 111, 242, 2, 111,
       184, 52, 142, 255, 230, 81, 103, 185, 81, 118, 213, 37, 234, 184,
       147, 45, 110, 248, 167, 165, 132, 231, 243, 36, 113, 37, 38, 192,
       75, 222, 59, 170, 200, 94, 161, 123, 194, 209, 104, 157, 228, 123,
       76, 106, 189, 134, 176, 77, 254, 44, 44, 135, 4, 229, 235, 120,
       132, 108, 119, 170, 166, 232, 73, 119, 248, 129, 174, 189, 173,
       231, 239, 75, 19, 221, 232, 199, 102, 76, 99, 234, 42, 254, 213,
       101, 189, 64, 251, 30, 211, 150, 92, 82, 234, 251, 163, 54, 198,
       173, 3, 250, 179, 12, 155, 37, 81, 239, 191, 207, 131, 124, 143,
       0, 226, 178, 244, 30, 203, 145, 83, 175, 139, 75, 225, 254, 206,
       187, 208, 190, 237, 206, 192, 77, 161, 252, 254, 254, 102, 214,
       127, 251, 223, 198, 1, 174, 253, 111, 125, 143, 159, 22, 182, 165,
       127, 242, 96, 46, 190, 89, 149, 152, 72, 142, 148, 128, 7, 236,
       206, 127, 66, 216, 41, 251, 199, 14, 71, 218, 249, 211, 113, 139,
       59, 17, 47, 61, 210, 115, 247, 19, 174, 251, 215, 30, 109, 15, 76,
       233, 237, 108, 214, 170, 212, 222, 187, 151, 231, 207, 3, 186,
       223, 176, 244, 143, 190, 24, 22, 171, 223, 77, 16, 191, 247, 169,
       110, 61, 19, 174, 219, 191, 84, 220, 247, 73, 234, 229, 87, 253,
       24, 145, 193, 155, 194, 205, 255, 127, 214, 138, 97, 161, 51, 255,
       215, 78, 165, 178, 6, 78, 184, 49, 234, 255, 231, 91, 103, 155,
       213, 126, 196, 21, 238, 233, 210, 205, 142, 242, 239, 237, 132,
       47, 247, 122, 81, 143, 186, 148, 51, 227, 188, 176, 199, 251, 151,
       49, 117, 172, 250, 78, 191, 167, 107, 226, 17, 182, 124, 142, 225,
       14, 80, 95, 107, 206, 69, 139, 135, 207, 0, 165, 151, 13, 54, 232,
       136, 206, 242, 131, 27, 216, 252, 93, 235, 205, 69, 123, 111, 141,
       101, 255, 240, 13, 122, 203, 86, 132, 47, 81, 116, 182, 105, 138,
       154, 141, 195, 198, 200, 215, 164, 161, 27, 66, 232, 127, 137,
       216, 236, 234, 211, 108, 99, 218, 176, 153, 0, 207, 63, 209, 127,
       126, 198, 0, 172, 27, 190, 113, 197, 50, 229, 191, 11, 105, 1,
       100, 246, 32, 84, 177, 123, 2, 0, 18, 143, 10, 127, 185, 214, 19,
       106, 208, 3, 167, 131, 203, 92, 183, 86, 65, 84, 61, 55, 249, 206,
       70, 4, 124, 182, 3, 127, 164, 119, 249, 46, 225, 213, 178, 202,
       115, 123, 94, 2, 10, 116, 35, 127, 229, 67, 220, 101, 36, 14, 70,
       16, 97, 170, 183, 108, 211, 1, 145, 91, 216, 196, 108, 110, 201,
       244, 193, 8, 198, 251, 97, 148, 74, 187, 90, 1, 199, 120, 201,
       167, 98, 8, 47, 144, 40, 224, 74, 239, 213, 6, 211, 122, 54, 85,
       121, 255, 193, 212, 189, 104, 244, 36, 47, 128, 172, 179, 35, 112,
       167, 190, 185, 26, 249, 245, 146, 234, 27, 223, 180, 61, 238, 252,
       222, 177, 157, 91, 213, 17, 191, 111, 234, 183, 59, 87, 61, 255,
       217, 108, 30, 215, 15, 251, 148, 147, 235, 249, 189, 199, 138, 95,
       28, 166, 236, 238, 203, 143, 143, 83, 234, 149, 214, 73, 238, 225,
       108, 83, 127, 239, 134, 116, 143, 213, 95, 255, 158, 26, 187, 223,
       94, 188, 127, 250, 191, 236, 206, 242, 143, 181, 183, 235, 252,
       254, 239, 193, 127, 255, 184, 223, 111, 215, 138, 119, 41, 21,
       125, 223, 92, 174, 184, 31, 86, 184, 63, 248, 255, 109, 111, 242,
       43, 209, 183, 205, 172, 118, 239, 227, 91, 189, 186, 243, 101,
       151, 120, 255, 9, 21, 48, 7, 111, 101, 246, 11, 231, 63, 84, 164,
       122, 198, 211, 41, 144, 65, 62, 4, 2, 45, 224, 184, 69, 14, 100,
       175, 37, 4, 109, 234, 213, 168, 167, 124, 236, 181, 172, 127, 244,
       158, 219, 254, 150, 63, 195, 60, 87, 43, 201, 70, 127, 21, 172,
       244, 247, 168, 79, 91, 245, 181, 205, 253, 92, 223, 131, 198, 204,
       145, 132, 27, 236, 191, 87, 123, 86, 119, 209, 40, 158, 97, 89,
       206, 55, 157, 255, 252, 71, 151, 46, 14, 245, 196, 189, 216, 216,
       28, 3, 56, 140, 191, 110, 164, 184, 18, 159, 92, 82, 247, 164,
       154, 70, 72, 198, 47, 191, 149, 150, 220, 215, 253, 4, 50, 250,
       194, 28, 12, 25, 95, 190, 62, 214, 85, 227, 58, 116, 82, 121, 190,
       247, 253, 74, 107, 135, 159, 191, 244, 198, 50, 164, 246, 68, 234,
       22, 218, 81, 131, 227, 245, 106, 135, 37, 119, 97, 71, 84, 31,
       239, 120, 125, 232, 127, 198, 211, 45, 149, 52, 126, 204, 6, 238,
       201, 176, 125, 206, 39, 238, 166, 132, 111, 187, 82, 244, 223,
       121, 172, 183, 172, 125, 156, 140, 174, 254, 159, 173, 253, 220,
       95, 75, 167, 111, 253, 87, 198, 65, 255, 160, 199, 89, 239, 187,
       4, 127, 157, 95, 56, 140, 19, 239, 21, 175, 82, 102, 84, 129, 234,
       2, 243, 225, 32, 192, 216, 234, 14, 40, 40, 184, 89, 191, 235,
       247, 1, 17, 122, 234, 80, 10, 99, 33, 236, 23, 195, 20, 253, 53,
       121, 230, 175, 143, 121, 46, 94, 50, 46, 231, 113, 143, 213, 218,
       245, 234, 127, 47, 222, 0, 109, 230, 250, 92, 49, 223, 91, 107,
       146, 143, 79, 245, 37, 136, 234, 76, 115, 67, 0, 80, 58, 234, 70,
       238, 121, 154, 89, 61, 248, 137, 37, 64, 121, 146, 226, 56, 13,
       116, 89, 35, 162, 43, 47, 152, 54, 242, 55, 236, 215, 71, 203, 41,
       55, 88, 22, 126, 243, 244, 125, 60, 236, 201, 33, 100, 236, 179,
       129, 241, 74, 151, 244, 69, 242, 26, 63, 189, 41, 165, 126, 230,
       105, 103, 140, 116, 54, 215, 167, 232, 208, 152, 165, 205, 110,
