%YAML:1.0
---
descriptors: !!opencv-matrix
   rows: 204
   cols: 32
   dt: u
   data: [ 33, 110, 106, 74, 116, 181, 235, 112, 69, 76, 253, 79, 35,
       200, 191, 48, 88, 168, 6, 238, 207, 179, 60, 191, 50, 29, 160,
       168, 93, 139, 122, 220, 66, 184, 155, 152, 171, 233, 49, 199, 175,
       53, 164, 57, 140, 150, 102, 30, 163, 51, 234, 16, 18, 75, 178,
       113, 157, 144, 26, 123, 144, 64, 143, 110, 43, 29, 39, 221, 21,
       223, 226, 115, 93, 193, 82, 86, 242, 252, 180, 164, 216, 46, 50,
       13, 189, 252, 117, 175, 15, 126, 217, 82, 223, 44, 112, 180, 152,
       82, 111, 173, 30, 2, 75, 120, 4, 68, 215, 163, 115, 79, 184, 97,
       126, 149, 159, 231, 232, 135, 101, 157, 242, 227, 235, 145, 53,
       175, 52, 112, 202, 130, 36, 185, 205, 245, 184, 15, 143, 93, 205,
       149, 140, 142, 126, 206, 205, 11, 171, 21, 150, 14, 123, 209, 79,
       113, 218, 127, 146, 12, 157, 86, 10, 159, 18, 171, 215, 167, 178,
       67, 31, 5, 73, 71, 236, 234, 32, 192, 221, 59, 131, 17, 54, 152,
       88, 255, 45, 116, 138, 67, 156, 78, 189, 150, 115, 157, 30, 254,
       189, 151, 86, 239, 151, 77, 190, 13, 98, 251, 62, 80, 221, 226,
       109, 230, 127, 171, 90, 191, 187, 254, 133, 26, 89, 74, 248, 30,
       189, 239, 120, 41, 244, 31, 86, 253, 113, 238, 124, 76, 83, 73,
       154, 17, 25, 202, 68, 110, 252, 62, 109, 63, 110, 205, 37, 116,
       111, 190, 218, 193, 71, 175, 237, 151, 186, 176, 63, 174, 190,
       215, 19, 247, 253, 238, 223, 107, 39, 103, 125, 223, 183, 192,
       175, 225, 172, 58, 255, 196, 172, 245, 129, 85, 44, 116, 248, 97,
       77, 127, 83, 152, 83, 243, 181, 26, 91, 93, 75, 56, 89, 216, 243,
       122, 42, 102, 251, 146, 95, 207, 37, 125, 255, 251, 78, 146, 237,
       80, 189, 111, 13, 95, 71, 120, 96, 226, 231, 8, 211, 17, 9, 187,
       216, 212, 106, 106, 105, 183, 249, 8, 215, 251, 65, 20, 74, 59,
       66, 162, 126, 65, 124, 78, 61, 211, 212, 232, 195, 188, 181, 42,
       74, 217, 255, 175, 200, 244, 236, 98, 76, 99, 106, 156, 59, 219,
       197, 63, 119, 191, 126, 39, 86, 79, 207, 119, 130, 2, 46, 164,
       164, 134, 138, 225, 229, 39, 33, 91, 38, 247, 105, 242, 104, 193,
       129, 104, 232, 162, 111, 128, 164, 243, 37, 24, 52, 49, 153, 226,
       152, 109, 16, 72, 110, 177, 169, 8, 214, 122, 73, 56, 153, 155,
       78, 48, 31, 99, 91, 80, 217, 129, 35, 125, 208, 75, 15, 130, 24,
       156, 19, 183, 146, 166, 41, 119, 60, 73, 90, 86, 189, 55, 32, 64,
       119, 59, 23, 136, 179, 152, 17, 111, 205, 230, 58, 192, 40, 64,
       161, 185, 117, 169, 172, 50, 141, 157, 68, 205, 203, 125, 172, 13,
       166, 232, 94, 27, 137, 130, 108, 93, 158, 107, 218, 177, 155, 219,
       85, 127, 216, 14, 218, 78, 212, 109, 223, 98, 162, 106, 55, 160,
       170, 178, 171, 168, 215, 183, 193, 115, 39, 245, 108, 114, 96, 85,
       169, 42, 249, 195, 101, 53, 160, 243, 7, 35, 45, 115, 184, 103,
       117, 31, 86, 152, 107, 232, 61, 77, 223, 89, 75, 144, 156, 204,
       213, 126, 140, 48, 217, 24, 239, 221, 37, 53, 74, 187, 74, 211,
       195, 30, 46, 159, 60, 182, 184, 54, 212, 247, 218, 215, 225, 44,
       150, 239, 205, 231, 250, 133, 189, 255, 247, 237, 6, 59, 218, 209,
       13, 237, 153, 92, 53, 69, 75, 77, 84, 19, 238, 96, 100, 64, 250,
       194, 81, 40, 181, 224, 122, 204, 18, 238, 205, 178, 69, 78, 54,
       44, 162, 0, 109, 187, 120, 132, 157, 76, 236, 255, 214, 55, 239,
       254, 83, 234, 124, 210, 89, 127, 189, 173, 127, 255, 151, 238,
       225, 246, 45, 254, 127, 207, 229, 164, 247, 255, 248, 161, 191,
       93, 237, 117, 215, 55, 255, 251, 19, 234, 126, 142, 89, 125, 31,
       32, 127, 255, 55, 239, 233, 246, 125, 174, 127, 111, 229, 132,
       111, 255, 210, 240, 137, 0, 23, 245, 36, 155, 105, 55, 124, 107,
       86, 116, 191, 51, 128, 228, 38, 44, 38, 12, 177, 188, 101, 79,
       140, 255, 114, 128, 42, 136, 1, 169, 8, 113, 24, 225, 114, 15,
       121, 49, 37, 40, 126, 100, 159, 19, 0, 80, 118, 157, 111, 168, 73,
       144, 209, 76, 228, 161, 34, 128, 42, 178, 40, 147, 82, 172, 159,
       184, 171, 224, 29, 207, 191, 23, 128, 169, 140, 247, 98, 91, 239,
       179, 239, 144, 58, 75, 138, 241, 217, 179, 223, 251, 144, 84, 167,
       75, 24, 157, 63, 237, 18, 194, 63, 39, 4, 5, 202, 34, 245, 55, 32,
       64, 114, 183, 31, 129, 88, 153, 49, 15, 225, 231, 186, 1, 52, 66,
       165, 122, 141, 174, 78, 153, 138, 152, 45, 211, 164, 86, 78, 148,
       189, 230, 219, 239, 35, 42, 74, 140, 119, 148, 167, 83, 230, 97,
       110, 129, 170, 212, 171, 212, 203, 140, 167, 151, 141, 188, 236,
       163, 220, 83, 194, 87, 248, 236, 30, 235, 205, 103, 123, 141, 181,
       220, 247, 225, 135, 59, 218, 80, 140, 108, 145, 94, 215, 92, 142,
       158, 141, 52, 108, 222, 213, 83, 198, 87, 96, 235, 59, 207, 249,
       226, 58, 142, 173, 199, 159, 227, 51, 127, 214, 11, 187, 125, 248,
       158, 130, 153, 44, 185, 173, 253, 180, 143, 143, 125, 76, 23, 140,
       158, 118, 202, 193, 11, 187, 21, 22, 29, 91, 243, 143, 113, 154,
       255, 144, 76, 157, 214, 124, 227, 168, 96, 60, 205, 83, 213, 99,
       237, 188, 9, 19, 141, 90, 16, 152, 128, 77, 92, 94, 43, 232, 16,
       251, 221, 37, 125, 96, 138, 214, 83, 37, 116, 125, 109, 101, 95,
       231, 48, 116, 104, 243, 64, 211, 24, 21, 241, 216, 204, 102, 106,
       201, 176, 113, 10, 231, 255, 38, 0, 73, 58, 82, 160, 124, 99, 12,
       37, 52, 14, 70, 184, 33, 172, 235, 77, 199, 1, 11, 80, 144, 196,
       205, 102, 76, 178, 201, 12, 230, 245, 33, 53, 96, 179, 90, 2, 249,
       93, 31, 108, 153, 79, 87, 252, 236, 232, 174, 8, 127, 55, 1, 49,
       176, 244, 76, 106, 73, 171, 113, 60, 241, 233, 37, 16, 82, 51,
       199, 58, 253, 89, 61, 108, 41, 95, 71, 252, 97, 232, 228, 8, 223,
       81, 1, 55, 152, 244, 108, 106, 73, 35, 251, 44, 243, 249, 69, 28,
       90, 187, 194, 98, 113, 73, 121, 103, 52, 203, 71, 48, 96, 8, 255,
       40, 243, 21, 129, 48, 56, 244, 68, 106, 73, 176, 109, 44, 231,
       173, 32, 16, 99, 187, 70, 41, 219, 53, 238, 4, 145, 54, 125, 251,
       177, 230, 142, 135, 73, 46, 151, 23, 61, 229, 253, 173, 237, 201,
       181, 206, 122, 123, 205, 133, 47, 244, 42, 92, 198, 179, 236, 18,
       171, 25, 188, 157, 171, 125, 181, 189, 204, 236, 222, 159, 167,
       71, 253, 85, 150, 107, 174, 241, 26, 83, 93, 255, 199, 132, 143,
       215, 18, 181, 59, 188, 147, 229, 21, 111, 183, 135, 204, 59, 62,
       247, 96, 80, 241, 187, 151, 129, 26, 155, 178, 95, 249, 199, 30,
       107, 48, 0, 167, 250, 253, 4, 212, 69, 203, 122, 110, 56, 113,
       130, 231, 8, 91, 99, 157, 255, 50, 244, 104, 234, 105, 214, 255,
       74, 23, 251, 69, 4, 99, 243, 74, 36, 60, 53, 24, 226, 156, 111,
       83, 216, 102, 169, 185, 8, 214, 115, 73, 48, 152, 155, 78, 114,
       27, 35, 89, 16, 217, 148, 33, 124, 200, 75, 66, 34, 45, 123, 120,
       101, 116, 15, 83, 154, 97, 232, 126, 12, 27, 25, 19, 16, 156, 204,
       87, 124, 200, 184, 241, 12, 239, 221, 37, 53, 106, 185, 74, 243,
       54, 40, 238, 156, 30, 211, 178, 234, 214, 226, 192, 131, 80, 248,
       55, 96, 251, 109, 59, 231, 70, 239, 143, 159, 89, 39, 143, 63,
       181, 47, 117, 198, 99, 140, 56, 124, 189, 239, 83, 175, 95, 77,
       248, 25, 98, 249, 46, 80, 217, 234, 109, 36, 62, 42, 107, 191,
       234, 222, 5, 123, 210, 76, 208, 91, 103, 249, 161, 18, 201, 125,
       150, 140, 203, 255, 168, 109, 98, 244, 79, 186, 141, 222, 232, 82,
       207, 75, 254, 49, 31, 84, 85, 127, 209, 127, 198, 255, 239, 245,
       117, 64, 237, 93, 223, 191, 139, 255, 188, 185, 204, 127, 222,
       191, 143, 215, 253, 247, 247, 75, 234, 241, 127, 89, 77, 255, 215,
       245, 199, 119, 150, 214, 94, 183, 130, 2, 188, 245, 176, 190, 19,
       247, 77, 111, 42, 11, 175, 245, 165, 167, 100, 213, 11, 79, 248,
       195, 255, 133, 45, 112, 173, 219, 35, 188, 152, 27, 213, 189, 176,
       199, 95, 81, 104, 16, 172, 152, 126, 172, 201, 11, 130, 17, 151,
       58, 82, 243, 13, 94, 26, 107, 216, 76, 219, 142, 86, 197, 252,
