%YAML:1.0
---
descriptors: !!opencv-matrix
   rows: 164
   cols: 32
   dt: u
   data: [ 3, 219, 10, 189, 54, 146, 58, 230, 60, 73, 90, 231, 172, 138,
       50, 192, 246, 107, 179, 213, 231, 152, 5, 255, 36, 39, 186, 131,
       28, 20, 57, 221, 108, 53, 216, 101, 224, 79, 86, 56, 33, 232, 255,
       41, 223, 61, 3, 16, 144, 212, 221, 98, 73, 176, 217, 8, 231, 217,
       37, 21, 106, 187, 78, 19, 53, 140, 75, 190, 22, 163, 194, 242,
       148, 65, 219, 130, 113, 233, 177, 96, 127, 170, 2, 13, 155, 171,
       28, 191, 184, 239, 131, 64, 181, 203, 112, 168, 2, 133, 8, 155,
       149, 197, 180, 231, 31, 21, 74, 19, 164, 232, 116, 64, 201, 11,
       59, 145, 118, 184, 91, 247, 45, 22, 158, 75, 16, 72, 181, 14, 91,
       92, 55, 180, 39, 196, 55, 98, 237, 206, 90, 34, 172, 154, 39, 228,
       166, 113, 191, 67, 196, 141, 178, 237, 179, 252, 10, 138, 4, 37,
       33, 79, 190, 167, 246, 240, 247, 27, 222, 239, 123, 183, 183, 31,
       79, 168, 94, 29, 191, 223, 245, 55, 188, 255, 152, 198, 251, 222,
       95, 247, 199, 237, 207, 71, 61, 98, 201, 99, 108, 11, 79, 216, 70,
       226, 181, 238, 83, 73, 217, 168, 91, 196, 70, 254, 137, 118, 109,
       24, 126, 205, 165, 180, 255, 251, 82, 160, 152, 222, 62, 188, 44,
       133, 158, 246, 156, 14, 212, 167, 189, 143, 51, 1, 175, 49, 215,
       135, 236, 175, 18, 255, 243, 215, 250, 137, 28, 24, 47, 219, 178,
       57, 252, 28, 207, 221, 148, 99, 201, 206, 188, 175, 42, 252, 39,
       143, 206, 179, 255, 5, 220, 235, 102, 200, 19, 91, 80, 59, 95,
       108, 92, 87, 236, 31, 251, 237, 184, 98, 123, 18, 57, 142, 125,
       32, 223, 247, 161, 91, 86, 124, 39, 122, 48, 148, 161, 42, 199,
       239, 35, 0, 242, 243, 100, 227, 39, 12, 106, 95, 85, 215, 178, 96,
       92, 68, 125, 2, 104, 252, 55, 36, 88, 120, 146, 107, 182, 190,
       124, 255, 39, 60, 2, 43, 87, 175, 116, 236, 14, 95, 102, 154, 101,
       164, 190, 98, 157, 196, 218, 135, 40, 206, 55, 197, 238, 169, 179,
       199, 196, 147, 22, 236, 50, 56, 202, 139, 31, 63, 125, 214, 63,
       93, 186, 244, 241, 190, 127, 214, 185, 206, 126, 4, 30, 191, 39,
       244, 231, 127, 181, 76, 241, 189, 48, 234, 243, 255, 116, 130,
       194, 253, 33, 123, 42, 165, 20, 154, 93, 253, 144, 236, 159, 29,
       180, 25, 236, 252, 110, 133, 217, 91, 235, 1, 38, 99, 122, 247,
       95, 22, 91, 59, 210, 79, 95, 206, 195, 94, 223, 62, 58, 10, 186,
       20, 168, 200, 114, 229, 245, 238, 135, 211, 134, 101, 237, 71,
       229, 197, 199, 104, 164, 33, 110, 152, 12, 178, 43, 89, 189, 71,
       69, 79, 220, 123, 71, 248, 69, 238, 253, 10, 67, 96, 187, 52, 89,
       206, 70, 110, 125, 178, 109, 62, 254, 237, 37, 21, 115, 251, 244,
       68, 173, 19, 173, 174, 237, 85, 21, 89, 131, 124, 181, 239, 219,
       247, 235, 191, 204, 208, 151, 102, 221, 2, 122, 144, 243, 217,
       237, 190, 155, 254, 220, 241, 11, 221, 32, 159, 85, 215, 178, 226,
       94, 68, 92, 2, 232, 220, 183, 164, 216, 43, 147, 71, 199, 184, 60,
       255, 39, 30, 138, 131, 85, 15, 117, 222, 181, 188, 175, 247, 140,
       100, 205, 251, 240, 223, 173, 20, 243, 127, 91, 43, 217, 199, 121,
       191, 255, 239, 250, 47, 233, 203, 255, 92, 192, 112, 246, 250,
       109, 122, 170, 140, 125, 244, 251, 220, 54, 204, 214, 143, 169,
       134, 243, 228, 124, 228, 254, 220, 143, 3, 244, 226, 223, 117,
       170, 137, 139, 149, 124, 125, 130, 90, 22, 157, 43, 208, 188, 230,
       159, 12, 80, 163, 172, 158, 39, 193, 230, 123, 179, 193, 70, 158,
       2, 253, 39, 48, 218, 139, 22, 21, 45, 159, 245, 4, 156, 181, 188,
       111, 79, 186, 119, 235, 206, 26, 87, 115, 27, 113, 81, 230, 124,
       172, 57, 215, 217, 14, 251, 239, 245, 84, 170, 232, 88, 2, 2, 200,
       14, 191, 91, 196, 62, 230, 159, 0, 64, 131, 172, 238, 33, 65, 236,
       123, 59, 193, 98, 137, 18, 255, 37, 54, 218, 11, 16, 17, 37, 158,
       37, 117, 241, 71, 96, 126, 238, 184, 121, 234, 123, 72, 115, 118,
       221, 183, 30, 252, 84, 106, 129, 242, 253, 42, 39, 252, 101, 32,
       75, 243, 66, 181, 106, 180, 189, 250, 233, 249, 17, 207, 187, 23,
       172, 25, 174, 255, 108, 90, 193, 155, 235, 16, 50, 79, 250, 243,
       219, 215, 90, 127, 146, 64, 167, 170, 246, 93, 242, 238, 119, 124,
       222, 156, 137, 10, 186, 171, 106, 127, 61, 250, 254, 215, 191, 98,
       172, 35, 56, 251, 183, 188, 138, 159, 247, 255, 76, 31, 127, 238,
       198, 158, 95, 147, 142, 236, 19, 166, 216, 239, 96, 232, 255, 132,
       217, 236, 177, 231, 206, 199, 143, 191, 58, 46, 205, 191, 31, 63,
       120, 92, 166, 41, 82, 131, 237, 141, 254, 65, 141, 142, 185, 27,
       142, 136, 114, 10, 234, 169, 87, 211, 80, 231, 210, 234, 61, 16,
       143, 235, 205, 15, 243, 130, 220, 31, 250, 236, 177, 110, 123, 82,
       177, 134, 254, 176, 95, 231, 35, 94, 118, 254, 141, 122, 56, 133,
       176, 170, 219, 255, 35, 17, 242, 229, 108, 99, 70, 152, 191, 177,
       238, 196, 169, 231, 190, 125, 210, 18, 180, 183, 100, 74, 231, 87,
       123, 145, 18, 217, 179, 225, 221, 34, 255, 196, 128, 0, 165, 251,
       53, 239, 97, 70, 206, 19, 199, 252, 68, 230, 185, 238, 83, 232,
       253, 167, 120, 204, 70, 238, 201, 99, 111, 56, 56, 8, 229, 188,
       125, 251, 114, 236, 11, 48, 111, 229, 62, 86, 89, 59, 33, 204, 94,
       164, 189, 87, 146, 183, 22, 60, 149, 188, 129, 208, 247, 136, 195,
       249, 170, 128, 46, 164, 127, 241, 181, 255, 201, 239, 222, 47,
       230, 254, 215, 234, 248, 254, 243, 241, 249, 226, 125, 234, 94,
       238, 249, 103, 78, 255, 254, 207, 167, 172, 253, 251, 248, 145,
       179, 72, 226, 159, 68, 146, 238, 244, 121, 66, 80, 215, 57, 236,
       182, 40, 126, 237, 55, 207, 229, 247, 174, 227, 54, 46, 250, 136,
       109, 189, 243, 196, 106, 187, 234, 16, 237, 217, 177, 71, 203, 69,
       60, 169, 168, 172, 118, 22, 206, 187, 227, 17, 150, 43, 230, 209,
       95, 21, 154, 235, 199, 12, 223, 223, 218, 30, 118, 180, 211, 210,
       184, 99, 185, 206, 214, 163, 44, 255, 39, 221, 103, 245, 151, 177,
       116, 219, 36, 206, 59, 115, 207, 131, 39, 36, 45, 223, 54, 238,
       246, 178, 231, 79, 252, 239, 59, 183, 179, 155, 206, 238, 94, 157,
       191, 199, 239, 183, 116, 239, 26, 244, 185, 210, 95, 119, 199, 60,
       199, 214, 180, 180, 189, 247, 140, 110, 85, 187, 208, 211, 165,
       25, 215, 125, 73, 43, 201, 214, 125, 58, 59, 101, 251, 34, 235,
       203, 245, 84, 192, 120, 214, 114, 163, 76, 122, 76, 85, 215, 231,
       70, 85, 132, 100, 2, 32, 153, 55, 36, 120, 168, 130, 88, 96, 190,
       52, 222, 55, 60, 130, 11, 87, 156, 124, 174, 155, 89, 110, 237,
       55, 86, 255, 180, 29, 72, 86, 163, 249, 63, 183, 229, 118, 117,
       159, 239, 224, 144, 53, 236, 103, 121, 238, 129, 55, 191, 61, 121,
       131, 73, 227, 213, 103, 146, 172, 103, 125, 192, 82, 194, 40, 158,
       181, 228, 110, 175, 147, 141, 197, 156, 52, 202, 38, 126, 222,
       130, 15, 148, 241, 252, 55, 115, 106, 130, 86, 146, 191, 65, 169,
       196, 219, 239, 9, 204, 254, 0, 126, 165, 215, 247, 212, 179, 172,
       204, 118, 12, 175, 171, 109, 135, 255, 213, 195, 86, 239, 159,
       106, 86, 169, 25, 188, 74, 87, 244, 253, 230, 191, 119, 86, 117,
       62, 111, 225, 212, 231, 75, 68, 43, 106, 128, 12, 161, 33, 125,
       199, 118, 187, 55, 34, 38, 185, 16, 56, 206, 87, 244, 213, 134,
       195, 126, 150, 125, 124, 7, 161, 213, 165, 74, 196, 191, 122, 128,
       12, 241, 35, 245, 154, 92, 158, 190, 63, 149, 220, 119, 156, 78,
       212, 55, 189, 255, 51, 1, 238, 177, 183, 133, 108, 143, 18, 251,
       243, 231, 250, 137, 61, 92, 41, 91, 46, 249, 180, 154, 253, 253,
       147, 201, 143, 61, 189, 11, 206, 252, 110, 148, 217, 27, 235, 51,
       18, 99, 122, 213, 191, 20, 5, 127, 210, 62, 143, 198, 107, 254,
       164, 125, 105, 124, 21, 159, 19, 255, 188, 61, 186, 125, 198, 191,
       205, 94, 253, 20, 175, 74, 251, 145, 111, 127, 245, 191, 250, 244,
       142, 255, 247, 28, 210, 164, 69, 38, 126, 66, 117, 138, 250, 70,
       91, 59, 37, 88, 248, 244, 62, 226, 45, 183, 145, 202, 178, 238,
