%YAML:1.0
---
descriptors: !!opencv-matrix
   rows: 197
   cols: 32
   dt: u
   data: [ 1, 155, 157, 249, 60, 141, 65, 151, 94, 73, 112, 68, 182, 210,
       160, 96, 193, 42, 46, 28, 179, 168, 99, 63, 237, 158, 50, 72, 152,
       8, 193, 105, 4, 49, 251, 101, 224, 238, 127, 83, 234, 141, 111, 0,
       156, 215, 64, 50, 54, 63, 91, 152, 81, 145, 176, 64, 239, 157, 39,
       64, 192, 226, 231, 227, 53, 207, 115, 79, 244, 11, 239, 252, 116,
       228, 250, 194, 115, 97, 157, 228, 126, 238, 22, 238, 201, 178,
       109, 63, 60, 236, 167, 196, 119, 186, 244, 233, 192, 216, 191,
       252, 104, 236, 117, 182, 176, 26, 110, 8, 247, 247, 32, 83, 224,
       247, 109, 10, 104, 95, 147, 33, 215, 171, 114, 8, 48, 240, 100,
       43, 80, 160, 184, 186, 200, 237, 49, 79, 170, 23, 161, 25, 183,
       255, 72, 26, 225, 155, 107, 17, 18, 79, 218, 17, 221, 195, 122,
       109, 144, 64, 167, 138, 125, 93, 66, 167, 102, 2, 111, 248, 68,
       226, 218, 231, 113, 97, 187, 64, 126, 228, 63, 239, 205, 178, 93,
       174, 244, 46, 231, 132, 45, 191, 112, 24, 214, 220, 150, 151, 181,
       118, 190, 231, 63, 31, 218, 19, 236, 62, 110, 207, 237, 215, 175,
       145, 62, 221, 27, 227, 189, 54, 222, 67, 130, 124, 189, 95, 245,
       2, 229, 101, 164, 30, 207, 57, 113, 250, 211, 122, 211, 108, 221,
       111, 94, 212, 60, 255, 185, 244, 237, 130, 141, 232, 231, 196,
       229, 171, 240, 101, 88, 153, 151, 247, 131, 110, 53, 191, 62, 63,
       66, 33, 221, 55, 8, 91, 167, 87, 125, 128, 16, 216, 155, 97, 237,
       226, 126, 71, 160, 80, 165, 59, 2, 166, 29, 155, 252, 137, 169,
       175, 30, 51, 49, 249, 156, 66, 200, 8, 143, 27, 75, 21, 50, 76,
       75, 215, 76, 22, 62, 252, 156, 8, 129, 153, 11, 132, 132, 155,
       245, 245, 176, 142, 95, 83, 72, 19, 172, 184, 127, 236, 209, 11,
       179, 21, 55, 220, 83, 243, 13, 118, 218, 75, 158, 92, 153, 142,
       60, 160, 252, 106, 141, 71, 71, 216, 67, 63, 181, 10, 83, 93, 91,
       58, 89, 216, 68, 122, 26, 103, 123, 17, 219, 203, 229, 125, 243,
       187, 118, 226, 68, 36, 209, 1, 240, 106, 233, 8, 106, 183, 41, 88,
       214, 38, 89, 58, 187, 77, 104, 57, 19, 112, 233, 64, 141, 20, 1,
       116, 192, 99, 7, 224, 61, 105, 229, 74, 140, 71, 207, 216, 66,
       240, 189, 10, 83, 113, 221, 50, 89, 196, 112, 126, 201, 99, 255,
       56, 123, 137, 165, 60, 245, 251, 82, 240, 78, 41, 230, 223, 77,
       219, 248, 104, 239, 176, 162, 138, 233, 219, 125, 123, 114, 253,
       123, 234, 66, 67, 222, 217, 87, 251, 203, 61, 55, 166, 91, 130,
       66, 179, 31, 158, 43, 196, 184, 71, 174, 29, 66, 165, 172, 214,
       32, 65, 166, 51, 235, 128, 18, 73, 146, 245, 21, 48, 26, 139, 8,
       0, 165, 31, 248, 176, 159, 112, 137, 237, 81, 87, 175, 17, 164,
       24, 150, 243, 64, 59, 161, 50, 104, 24, 26, 111, 178, 16, 219,
       219, 84, 121, 194, 64, 198, 34, 9, 153, 21, 121, 61, 141, 81, 55,
       222, 73, 108, 68, 182, 145, 32, 228, 196, 34, 46, 28, 147, 168,
       115, 29, 237, 255, 50, 82, 90, 8, 193, 43, 113, 65, 23, 172, 12,
       2, 66, 32, 165, 128, 163, 74, 119, 18, 33, 247, 232, 212, 108, 98,
       72, 131, 1, 140, 145, 226, 192, 18, 32, 171, 32, 36, 214, 220,
       150, 151, 149, 244, 190, 231, 191, 159, 251, 19, 236, 254, 110,
       207, 237, 255, 175, 147, 62, 221, 155, 227, 189, 54, 223, 71, 129,
       117, 189, 159, 91, 33, 110, 204, 47, 95, 249, 120, 175, 228, 197,
       138, 253, 223, 182, 54, 126, 181, 251, 237, 196, 3, 231, 221, 211,
       121, 138, 57, 55, 166, 55, 116, 193, 74, 206, 220, 108, 14, 237,
       52, 252, 138, 242, 214, 249, 160, 181, 107, 110, 228, 110, 206,
       225, 245, 7, 232, 20, 42, 246, 128, 77, 249, 97, 40, 120, 93, 30,
       110, 25, 214, 82, 48, 229, 64, 175, 12, 115, 115, 33, 243, 192,
       244, 252, 98, 73, 131, 89, 61, 243, 235, 1, 27, 58, 35, 104, 18,
       11, 141, 14, 187, 145, 215, 60, 167, 62, 65, 202, 5, 172, 250, 34,
       192, 193, 43, 187, 149, 30, 152, 91, 247, 235, 247, 159, 195, 152,
       68, 185, 26, 11, 132, 149, 185, 151, 253, 176, 143, 94, 83, 74,
       19, 172, 188, 44, 232, 209, 11, 186, 17, 55, 216, 83, 183, 143,
       119, 30, 67, 146, 76, 153, 14, 161, 181, 61, 225, 253, 79, 101,
       175, 94, 123, 49, 24, 214, 53, 92, 49, 145, 27, 122, 56, 51, 120,
       123, 87, 205, 158, 85, 116, 216, 8, 193, 162, 208, 169, 28, 185,
       184, 201, 81, 135, 174, 21, 130, 17, 183, 183, 0, 91, 131, 179,
       107, 17, 58, 73, 83, 55, 233, 131, 62, 81, 144, 0, 133, 10, 45,
       48, 181, 97, 165, 111, 97, 152, 107, 241, 167, 8, 222, 125, 73,
       58, 153, 92, 124, 56, 9, 240, 249, 0, 207, 223, 5, 52, 202, 115,
       66, 162, 64, 24, 155, 252, 104, 236, 113, 18, 162, 10, 234, 0,
       183, 243, 33, 90, 225, 255, 109, 0, 0, 139, 146, 49, 215, 167,
       112, 9, 48, 226, 38, 43, 82, 174, 18, 250, 155, 241, 156, 231,
       189, 15, 144, 179, 172, 190, 37, 221, 231, 187, 207, 145, 118, 15,
       2, 242, 179, 212, 30, 187, 146, 84, 175, 143, 1, 189, 153, 123,
       185, 237, 148, 190, 110, 59, 40, 72, 182, 49, 64, 48, 133, 91,
       122, 8, 19, 40, 219, 55, 173, 158, 20, 58, 216, 88, 131, 187, 197,
       78, 222, 247, 36, 42, 108, 150, 57, 146, 98, 220, 247, 99, 129,
       91, 35, 100, 108, 14, 33, 244, 193, 106, 132, 250, 114, 0, 172,
       241, 73, 8, 213, 113, 159, 167, 32, 14, 63, 184, 44, 162, 131, 69,
       215, 87, 73, 91, 182, 117, 125, 111, 65, 212, 217, 8, 229, 225,
       111, 20, 8, 179, 3, 49, 66, 123, 22, 144, 33, 205, 48, 7, 173, 9,
       234, 41, 174, 146, 36, 212, 162, 51, 238, 1, 4, 153, 130, 224,
       149, 176, 26, 51, 0, 0, 15, 15, 104, 136, 181, 127, 141, 239, 65,
       174, 215, 179, 164, 24, 243, 249, 20, 58, 201, 230, 104, 24, 24,
       110, 251, 176, 207, 251, 85, 123, 210, 72, 210, 10, 49, 173, 3,
       173, 149, 166, 162, 71, 52, 41, 234, 70, 51, 130, 32, 212, 120,
       238, 2, 184, 27, 187, 145, 62, 185, 228, 142, 64, 152, 74, 176,
       168, 187, 178, 247, 125, 43, 191, 152, 95, 127, 123, 214, 255, 94,
       157, 214, 45, 175, 191, 253, 21, 191, 239, 163, 211, 219, 123,
       121, 210, 207, 132, 182, 255, 155, 186, 127, 113, 39, 223, 121,
       215, 127, 123, 86, 119, 126, 157, 150, 45, 167, 63, 253, 21, 175,
       252, 179, 241, 207, 123, 117, 194, 111, 132, 246, 255, 94, 235,
       230, 254, 31, 145, 250, 236, 239, 145, 177, 11, 105, 235, 124,
       150, 235, 235, 255, 195, 78, 107, 138, 241, 187, 250, 143, 59,
       103, 54, 122, 142, 145, 148, 159, 241, 178, 175, 45, 23, 62, 171,
       78, 80, 213, 51, 0, 96, 55, 63, 28, 152, 51, 156, 17, 30, 237,
       167, 62, 192, 168, 192, 161, 57, 247, 121, 43, 98, 45, 93, 87,
       240, 161, 232, 189, 8, 90, 221, 101, 55, 140, 240, 221, 106, 201,
       35, 184, 172, 243, 217, 5, 58, 67, 191, 86, 118, 118, 34, 211, 80,
       234, 233, 128, 67, 234, 185, 177, 120, 22, 220, 76, 58, 175, 147,
       78, 17, 27, 107, 202, 64, 157, 24, 17, 126, 193, 73, 199, 163,
       253, 113, 209, 228, 172, 15, 79, 216, 67, 162, 165, 74, 87, 83,
       201, 243, 94, 212, 124, 106, 73, 67, 249, 24, 243, 201, 101, 60,
       58, 251, 66, 32, 253, 12, 173, 190, 141, 119, 71, 239, 215, 198,
       164, 24, 210, 244, 123, 59, 217, 226, 106, 42, 120, 111, 250, 190,
       249, 159, 213, 61, 208, 120, 246, 106, 75, 160, 246, 233, 105, 29,
       120, 88, 175, 177, 214, 169, 157, 223, 252, 127, 198, 29, 255, 28,
       134, 67, 227, 208, 223, 251, 219, 254, 150, 172, 3, 231, 18, 141,
       90, 207, 114, 194, 191, 230, 52, 0, 90, 162, 113, 238, 182, 96,
       126, 251, 23, 226, 79, 155, 45, 255, 124, 166, 174, 129, 61, 130,
       37, 152, 23, 2, 215, 197, 34, 14, 63, 104, 45, 160, 103, 130, 221,
       39, 129, 247, 54, 213, 123, 238, 192, 145, 29, 204, 212, 170, 75,
       6, 38, 163, 35, 160, 36, 161, 153, 129, 221, 253, 162, 75, 174,
       245, 41, 8, 134, 160, 74, 134, 185, 2, 202, 16, 23, 48, 248, 16,
       157, 148, 5, 127, 208, 75, 207, 198, 74, 33, 246, 232, 91, 25,
       120, 72, 175, 128, 163, 139, 143, 203, 116, 214, 106, 149, 127,
