%YAML:1.0
---
descriptors: !!opencv-matrix
   rows: 235
   cols: 32
   dt: u
   data: [ 36, 34, 113, 69, 86, 91, 235, 120, 117, 32, 123, 226, 211, 12,
       157, 164, 126, 220, 134, 234, 137, 176, 101, 78, 36, 140, 32, 132,
       101, 187, 70, 165, 130, 190, 128, 152, 201, 181, 188, 239, 143,
       31, 128, 157, 172, 174, 102, 143, 205, 27, 203, 149, 118, 79, 210,
       247, 29, 82, 222, 123, 146, 76, 173, 222, 38, 213, 149, 194, 253,
       111, 212, 205, 207, 123, 185, 24, 78, 125, 108, 188, 217, 147,
       203, 48, 90, 35, 90, 210, 187, 222, 5, 127, 210, 94, 212, 38, 122,
       237, 113, 103, 157, 93, 214, 172, 75, 173, 188, 11, 106, 125, 93,
       36, 153, 210, 253, 65, 78, 107, 123, 191, 123, 220, 149, 51, 119,
       94, 214, 110, 139, 200, 133, 159, 125, 148, 232, 174, 95, 93, 68,
       20, 232, 194, 190, 236, 201, 42, 34, 156, 167, 156, 127, 245, 6,
       58, 218, 202, 154, 12, 240, 252, 58, 176, 242, 229, 53, 227, 218,
       222, 91, 237, 126, 175, 111, 253, 30, 132, 191, 127, 181, 17, 159,
       251, 153, 255, 26, 255, 29, 211, 207, 143, 222, 223, 71, 160, 232,
       131, 210, 46, 105, 29, 46, 121, 95, 150, 213, 102, 218, 120, 55,
       15, 127, 157, 147, 80, 253, 81, 76, 15, 185, 228, 172, 194, 147,
       112, 90, 251, 172, 191, 43, 192, 59, 212, 170, 29, 137, 165, 173,
       199, 74, 2, 230, 123, 237, 209, 82, 73, 138, 241, 235, 209, 175,
       187, 2, 23, 39, 123, 100, 161, 232, 90, 221, 121, 87, 136, 83,
       247, 229, 153, 67, 237, 95, 90, 89, 206, 160, 92, 30, 114, 254,
       50, 79, 37, 85, 125, 243, 255, 222, 214, 74, 157, 190, 247, 139,
       196, 189, 167, 174, 215, 143, 19, 220, 191, 66, 75, 231, 55, 251,
       129, 81, 201, 179, 192, 239, 179, 222, 67, 128, 80, 165, 122, 249,
       109, 229, 69, 100, 59, 77, 190, 83, 226, 188, 202, 147, 41, 151,
       183, 24, 196, 116, 110, 237, 112, 245, 136, 102, 107, 229, 180,
       111, 252, 90, 236, 82, 185, 150, 250, 187, 193, 29, 205, 171, 29,
       160, 41, 46, 247, 104, 27, 239, 179, 239, 144, 26, 75, 138, 241,
       217, 242, 95, 123, 208, 2, 167, 147, 104, 97, 91, 97, 100, 203,
       103, 48, 96, 4, 111, 8, 215, 19, 9, 176, 18, 244, 68, 106, 73,
       176, 249, 12, 231, 233, 32, 4, 98, 179, 70, 160, 223, 122, 69, 5,
       195, 31, 254, 184, 57, 242, 54, 207, 77, 76, 223, 191, 55, 197,
       245, 239, 229, 84, 253, 200, 62, 91, 77, 180, 111, 245, 11, 85,
       105, 248, 121, 74, 123, 221, 83, 216, 207, 104, 165, 8, 62, 209,
       97, 244, 130, 184, 78, 90, 67, 39, 186, 255, 91, 221, 1, 126, 82,
       11, 66, 43, 93, 79, 89, 197, 178, 38, 110, 191, 53, 234, 95, 198,
       121, 39, 129, 244, 118, 222, 28, 238, 225, 144, 45, 238, 166, 175,
       166, 128, 46, 243, 168, 49, 47, 124, 237, 85, 198, 127, 191, 186,
       22, 234, 94, 134, 89, 125, 159, 43, 127, 255, 55, 239, 229, 240,
       125, 168, 111, 111, 237, 132, 239, 255, 208, 241, 161, 234, 105,
       88, 116, 157, 202, 248, 89, 76, 116, 204, 51, 72, 151, 180, 88,
       168, 22, 78, 239, 54, 124, 191, 22, 31, 160, 40, 95, 159, 90, 212,
       214, 4, 150, 220, 141, 240, 20, 67, 157, 151, 195, 18, 110, 242,
       37, 207, 225, 118, 170, 16, 52, 199, 146, 202, 155, 178, 87, 27,
       146, 104, 173, 6, 91, 10, 198, 189, 30, 150, 184, 115, 22, 237,
       215, 215, 105, 170, 178, 197, 126, 173, 183, 141, 189, 222, 69,
       222, 30, 103, 251, 128, 63, 172, 184, 85, 10, 159, 18, 187, 213,
       167, 178, 231, 28, 13, 90, 71, 236, 106, 32, 192, 221, 43, 131,
       17, 54, 152, 89, 255, 173, 118, 138, 67, 152, 78, 185, 155, 35,
       156, 39, 85, 85, 191, 235, 115, 85, 195, 123, 86, 114, 120, 180,
       164, 120, 164, 18, 45, 185, 188, 53, 143, 45, 62, 131, 0, 79, 44,
       112, 244, 3, 229, 51, 203, 213, 213, 175, 239, 95, 1, 104, 2, 168,
       216, 60, 228, 248, 10, 18, 156, 83, 58, 58, 255, 45, 28, 142, 110,
       91, 14, 241, 174, 124, 99, 72, 101, 21, 15, 70, 16, 33, 172, 235,
       9, 67, 3, 3, 16, 216, 196, 205, 98, 76, 146, 193, 8, 230, 237,
       161, 17, 32, 187, 86, 2, 237, 209, 31, 103, 76, 78, 103, 180, 96,
       72, 231, 8, 211, 17, 24, 115, 216, 212, 126, 106, 201, 179, 121,
       44, 245, 171, 100, 20, 72, 187, 226, 32, 227, 225, 96, 78, 93, 17,
       72, 173, 83, 176, 181, 10, 98, 96, 220, 183, 88, 198, 50, 234,
       239, 110, 239, 255, 63, 58, 197, 124, 119, 170, 88, 44, 208, 203,
       222, 254, 34, 192, 61, 101, 164, 0, 102, 161, 125, 215, 32, 82,
       38, 253, 253, 192, 72, 153, 130, 105, 241, 161, 110, 137, 32, 178,
       39, 43, 57, 143, 107, 238, 182, 163, 79, 246, 212, 64, 222, 230,
       113, 227, 176, 96, 126, 234, 30, 206, 155, 187, 44, 191, 250, 237,
       166, 192, 61, 203, 240, 121, 199, 169, 239, 151, 178, 176, 175,
       140, 190, 209, 83, 214, 253, 238, 223, 107, 55, 103, 61, 223, 183,
       216, 175, 225, 172, 58, 255, 196, 172, 247, 137, 85, 124, 49, 26,
       170, 59, 75, 23, 72, 174, 4, 237, 41, 223, 215, 43, 80, 242, 213,
       79, 98, 8, 3, 210, 60, 241, 225, 42, 59, 16, 51, 39, 163, 227,
       141, 17, 124, 189, 207, 87, 175, 223, 77, 248, 25, 114, 253, 46,
       80, 217, 226, 63, 4, 127, 43, 107, 191, 186, 254, 21, 91, 80, 204,
       212, 79, 141, 134, 70, 25, 234, 153, 41, 51, 172, 86, 70, 196,
       189, 226, 139, 247, 39, 43, 122, 172, 119, 152, 167, 67, 196, 225,
       110, 192, 190, 196, 41, 252, 214, 84, 188, 172, 139, 102, 29, 206,
       19, 183, 129, 147, 68, 62, 75, 91, 231, 197, 121, 183, 46, 71,
       251, 210, 217, 130, 223, 191, 177, 117, 165, 71, 91, 255, 171,
       167, 176, 110, 95, 183, 49, 234, 138, 205, 255, 111, 19, 98, 150,
       247, 125, 231, 233, 201, 253, 47, 249, 247, 175, 144, 44, 242,
       131, 121, 244, 125, 91, 166, 220, 70, 150, 230, 16, 194, 248, 142,
       115, 253, 33, 0, 124, 255, 67, 227, 105, 167, 152, 110, 177, 134,
       143, 56, 77, 123, 118, 152, 95, 116, 140, 165, 162, 62, 124, 186,
       35, 251, 142, 196, 223, 51, 219, 251, 55, 197, 125, 174, 189, 81,
       189, 0, 202, 235, 255, 148, 174, 245, 11, 21, 35, 193, 109, 73,
       92, 135, 237, 253, 68, 116, 244, 207, 16, 12, 190, 33, 76, 136,
       19, 237, 207, 58, 125, 29, 118, 8, 164, 244, 125, 158, 210, 220,
       151, 20, 135, 158, 199, 54, 110, 138, 221, 67, 203, 87, 100, 234,
       63, 254, 241, 231, 58, 167, 189, 199, 31, 226, 147, 126, 222, 2,
       185, 125, 184, 20, 218, 251, 128, 186, 57, 192, 26, 216, 171, 29,
       128, 165, 173, 199, 72, 2, 198, 113, 253, 211, 74, 73, 138, 241,
       235, 209, 143, 251, 50, 6, 39, 91, 61, 175, 108, 35, 244, 59, 79,
       255, 113, 238, 124, 141, 67, 41, 154, 17, 25, 206, 69, 63, 252,
       250, 109, 62, 110, 207, 37, 245, 103, 238, 222, 201, 38, 221, 144,
       128, 253, 221, 150, 239, 143, 187, 185, 24, 142, 248, 100, 180,
       137, 51, 194, 50, 118, 43, 88, 210, 187, 212, 5, 127, 208, 124,
       207, 6, 214, 90, 158, 190, 50, 134, 27, 16, 180, 140, 210, 229,
       255, 7, 1, 91, 166, 245, 109, 231, 40, 197, 129, 108, 208, 227,
       250, 128, 32, 177, 39, 57, 83, 109, 110, 4, 194, 22, 236, 127, 33,
       226, 174, 143, 89, 46, 151, 179, 63, 197, 249, 174, 237, 223, 181,
       76, 114, 107, 205, 5, 109, 244, 234, 92, 218, 93, 87, 254, 34,
       194, 63, 117, 181, 74, 70, 226, 125, 247, 161, 117, 54, 245, 61,
       234, 97, 133, 32, 111, 241, 234, 110, 128, 38, 178, 165, 121, 124,
       99, 200, 38, 120, 75, 87, 40, 131, 164, 173, 169, 71, 71, 75, 18,
       24, 229, 237, 98, 72, 67, 203, 30, 250, 197, 37, 61, 34, 191, 14,
       82, 94, 251, 165, 182, 139, 64, 31, 136, 162, 246, 137, 173, 207,
       230, 67, 18, 7, 213, 237, 243, 76, 67, 239, 16, 248, 199, 239,
       189, 180, 119, 7, 83, 181, 65, 79, 47, 20, 3, 202, 104, 68, 96,
       243, 194, 83, 72, 185, 161, 122, 196, 30, 239, 237, 176, 101, 28,
       176, 171, 162, 0, 125, 187, 120, 4, 57, 141, 79, 172, 146, 194,
       71, 117, 132, 64, 234, 194, 119, 115, 34, 97, 122, 166, 30, 238,
       121, 187, 21, 157, 176, 235, 2, 16, 53, 170, 161, 104, 87, 115,
