%YAML:1.0
---
descriptors: !!opencv-matrix
   rows: 265
   cols: 32
   dt: u
   data: [ 38, 105, 54, 138, 93, 213, 186, 200, 143, 148, 217, 11, 236,
       222, 111, 6, 248, 121, 251, 243, 70, 99, 218, 249, 61, 16, 143,
       43, 20, 30, 61, 206, 60, 5, 235, 239, 132, 106, 111, 117, 117, 7,
       127, 18, 91, 107, 56, 88, 121, 174, 55, 138, 24, 178, 77, 130,
       215, 239, 226, 197, 183, 251, 244, 162, 2, 239, 31, 153, 244, 143,
       174, 119, 156, 128, 120, 227, 180, 218, 180, 32, 238, 43, 23, 215,
       242, 184, 2, 255, 44, 28, 174, 192, 28, 136, 241, 169, 52, 59, 90,
       234, 116, 141, 82, 121, 33, 8, 253, 15, 55, 219, 34, 16, 248, 168,
       5, 110, 94, 35, 24, 29, 243, 201, 33, 121, 121, 138, 106, 147, 57,
       229, 107, 105, 116, 143, 111, 244, 85, 104, 125, 206, 83, 69, 152,
       48, 124, 168, 22, 238, 201, 182, 100, 44, 118, 201, 160, 128, 111,
       154, 114, 177, 77, 89, 247, 68, 36, 142, 111, 177, 237, 72, 118,
       96, 222, 181, 176, 100, 38, 116, 62, 74, 209, 185, 39, 232, 101,
       186, 103, 128, 70, 185, 225, 33, 122, 219, 186, 236, 127, 193,
       147, 199, 139, 77, 252, 171, 46, 156, 38, 0, 206, 155, 215, 193,
       206, 43, 192, 161, 251, 245, 188, 251, 87, 30, 190, 223, 131, 161,
       224, 85, 231, 252, 188, 55, 91, 113, 84, 155, 136, 60, 214, 47,
       47, 31, 179, 141, 148, 252, 247, 193, 15, 122, 218, 227, 199, 132,
       223, 222, 62, 112, 242, 236, 109, 95, 254, 200, 91, 174, 249, 43,
       74, 220, 95, 148, 255, 221, 215, 227, 204, 55, 216, 202, 23, 93,
       135, 47, 71, 63, 126, 215, 62, 116, 178, 138, 253, 253, 178, 200,
       30, 173, 221, 11, 204, 252, 111, 128, 223, 121, 131, 115, 6, 51,
       90, 251, 187, 213, 15, 127, 146, 95, 45, 199, 62, 114, 166, 169,
       47, 115, 184, 66, 143, 237, 223, 167, 140, 140, 55, 142, 238, 153,
       255, 145, 140, 167, 71, 192, 151, 85, 154, 187, 215, 93, 61, 215,
       6, 229, 128, 155, 197, 113, 190, 207, 30, 183, 73, 19, 204, 238,
       111, 204, 249, 91, 147, 19, 54, 244, 91, 243, 45, 22, 159, 111,
       148, 125, 189, 198, 6, 186, 191, 150, 238, 192, 177, 232, 250,
       159, 16, 43, 228, 252, 237, 43, 179, 123, 119, 81, 34, 121, 170,
       225, 77, 18, 255, 239, 132, 32, 55, 203, 18, 143, 66, 158, 87,
       144, 60, 103, 189, 4, 94, 135, 44, 162, 38, 196, 106, 171, 131,
       132, 116, 153, 0, 255, 50, 36, 154, 3, 55, 12, 252, 222, 217, 228,
       78, 115, 112, 206, 121, 21, 51, 249, 183, 29, 87, 151, 74, 19,
       161, 172, 125, 156, 106, 220, 137, 108, 254, 201, 53, 193, 40,
       130, 106, 91, 1, 155, 19, 175, 52, 135, 170, 49, 30, 200, 91, 102,
       245, 223, 176, 224, 222, 57, 63, 137, 211, 152, 81, 223, 172, 190,
       170, 192, 28, 138, 177, 121, 10, 58, 106, 168, 110, 241, 184, 80,
       140, 76, 222, 167, 157, 140, 243, 0, 238, 137, 223, 213, 134, 35,
       247, 208, 86, 65, 170, 137, 29, 15, 61, 211, 144, 89, 62, 252, 46,
       67, 157, 117, 148, 78, 214, 35, 247, 61, 51, 41, 238, 177, 127,
       227, 232, 173, 35, 61, 243, 195, 122, 145, 117, 184, 37, 123, 141,
       50, 151, 227, 236, 139, 233, 81, 236, 232, 215, 254, 157, 136,
       241, 47, 238, 173, 119, 29, 145, 252, 170, 192, 156, 217, 127,
       232, 141, 138, 49, 177, 18, 156, 182, 147, 165, 102, 189, 231, 29,
       63, 218, 19, 196, 190, 38, 75, 239, 215, 63, 145, 52, 217, 49,
       226, 189, 54, 222, 199, 132, 120, 181, 95, 184, 201, 122, 252, 29,
       213, 220, 71, 215, 4, 196, 2, 41, 217, 52, 192, 72, 184, 171, 129,
       74, 47, 18, 159, 243, 237, 130, 25, 51, 8, 252, 10, 245, 94, 239,
       229, 38, 34, 73, 20, 240, 234, 214, 230, 211, 39, 145, 123, 94,
       228, 60, 252, 169, 212, 229, 10, 214, 171, 231, 148, 172, 249, 80,
       121, 94, 185, 180, 116, 169, 76, 220, 135, 235, 243, 142, 9, 62,
       188, 87, 58, 131, 247, 253, 17, 31, 105, 155, 224, 219, 223, 93,
       63, 206, 116, 143, 31, 157, 51, 113, 195, 47, 89, 123, 88, 109,
       120, 181, 238, 223, 7, 217, 166, 62, 148, 222, 254, 209, 33, 173,
       192, 150, 217, 35, 228, 111, 167, 107, 241, 100, 237, 106, 101,
       180, 75, 95, 177, 49, 196, 246, 137, 211, 37, 18, 17, 24, 222, 85,
       110, 104, 248, 241, 44, 239, 171, 36, 17, 101, 186, 214, 114, 129,
       129, 31, 249, 164, 168, 104, 7, 62, 1, 82, 213, 181, 131, 148, 73,
       226, 43, 63, 156, 19, 156, 67, 87, 140, 190, 250, 192, 140, 128,
       161, 57, 93, 90, 116, 239, 44, 26, 123, 144, 101, 236, 223, 228,
       223, 7, 211, 250, 94, 76, 253, 254, 137, 144, 237, 136, 198, 249,
       163, 148, 174, 191, 88, 241, 26, 93, 63, 252, 98, 224, 191, 114,
       173, 194, 90, 230, 60, 255, 161, 96, 230, 123, 191, 195, 193, 137,
       50, 237, 240, 225, 122, 138, 44, 113, 37, 187, 90, 249, 158, 190,
       43, 209, 22, 193, 175, 81, 168, 41, 47, 223, 35, 16, 226, 251,
       205, 192, 15, 11, 154, 253, 243, 245, 7, 59, 58, 18, 167, 27, 10,
       203, 96, 159, 125, 209, 190, 238, 31, 68, 92, 163, 168, 236, 183,
       132, 202, 107, 147, 199, 198, 170, 78, 255, 38, 86, 138, 139, 87,
       159, 61, 207, 154, 12, 110, 221, 71, 242, 109, 71, 181, 70, 198,
       147, 57, 143, 55, 109, 106, 187, 147, 141, 40, 157, 52, 235, 87,
       235, 218, 1, 39, 212, 60, 234, 45, 125, 115, 67, 118, 79, 239, 80,
       121, 232, 120, 66, 27, 21, 149, 180, 62, 232, 22, 122, 193, 176,
       53, 238, 36, 28, 37, 128, 111, 187, 66, 181, 120, 61, 184, 229,
       216, 79, 95, 55, 35, 228, 172, 9, 87, 119, 66, 19, 220, 247, 121,
       104, 88, 210, 241, 8, 251, 233, 133, 48, 32, 250, 150, 114, 61,
       94, 233, 107, 212, 3, 79, 221, 87, 226, 252, 198, 83, 9, 113, 104,
       127, 204, 22, 254, 203, 178, 93, 154, 111, 205, 133, 36, 255, 251,
       112, 184, 10, 115, 104, 171, 109, 125, 184, 88, 4, 76, 221, 167,
       157, 13, 91, 192, 206, 9, 223, 229, 140, 178, 247, 144, 198, 213,
       170, 169, 55, 143, 61, 211, 22, 91, 111, 188, 230, 162, 189, 119,
       157, 196, 222, 231, 41, 239, 183, 65, 110, 185, 183, 199, 192,
       155, 38, 236, 114, 97, 206, 137, 53, 245, 53, 241, 103, 30, 243,
       254, 108, 44, 255, 144, 137, 90, 190, 110, 252, 254, 189, 123,
       239, 247, 127, 75, 161, 35, 234, 248, 246, 249, 226, 154, 157,
       251, 67, 57, 169, 55, 233, 199, 230, 31, 239, 121, 86, 226, 93,
       238, 241, 45, 212, 32, 95, 238, 23, 143, 193, 190, 237, 170, 70,
       15, 255, 160, 63, 234, 208, 249, 7, 71, 83, 235, 114, 130, 171,
       112, 28, 9, 121, 226, 125, 75, 184, 96, 126, 185, 23, 252, 145,
       154, 4, 254, 52, 172, 170, 192, 245, 139, 33, 161, 146, 207, 70,
       158, 86, 208, 188, 101, 180, 68, 222, 167, 41, 234, 182, 69, 106,
       171, 135, 197, 100, 155, 6, 255, 50, 34, 186, 131, 55, 158, 185,
       206, 82, 157, 191, 151, 244, 228, 189, 231, 62, 191, 218, 19, 244,
       190, 108, 74, 239, 223, 63, 145, 50, 219, 219, 227, 253, 54, 223,
       194, 132, 88, 181, 250, 29, 127, 105, 201, 182, 54, 207, 223, 70,
       200, 220, 230, 81, 71, 181, 100, 127, 136, 31, 253, 171, 129, 109,
       222, 232, 13, 175, 132, 191, 243, 113, 241, 239, 87, 104, 78, 252,
       52, 255, 248, 81, 238, 125, 239, 75, 105, 255, 36, 95, 204, 151,
       238, 237, 50, 236, 174, 126, 125, 165, 172, 127, 255, 122, 213,
       39, 115, 233, 138, 252, 15, 219, 216, 95, 73, 249, 111, 80, 220,
       255, 32, 222, 217, 23, 119, 135, 50, 124, 250, 116, 28, 171, 188,
       221, 123, 87, 247, 49, 201, 105, 238, 28, 197, 79, 244, 69, 64,
       252, 66, 51, 81, 176, 100, 72, 168, 22, 202, 203, 171, 119, 189,
       241, 172, 162, 8, 55, 155, 112, 232, 17, 147, 17, 235, 180, 135,
       234, 121, 14, 73, 91, 102, 245, 221, 184, 224, 222, 59, 31, 77,
       211, 184, 65, 191, 164, 236, 170, 192, 28, 139, 145, 177, 92, 159,
       84, 168, 178, 34, 31, 255, 55, 184, 154, 231, 79, 99, 161, 197,
       119, 23, 175, 48, 241, 137, 9, 220, 248, 246, 103, 214, 190, 226,
       161, 25, 134, 233, 160, 147, 205, 81, 182, 204, 31, 183, 0, 27,
       140, 248, 118, 142, 233, 91, 179, 211, 118, 127, 219, 242, 29, 22,
