%YAML:1.0
---
descriptors: !!opencv-matrix
   rows: 248
   cols: 32
   dt: u
   data: [ 44, 243, 120, 99, 244, 15, 119, 184, 103, 232, 127, 76, 219,
       93, 75, 16, 156, 204, 87, 126, 201, 176, 89, 60, 239, 221, 37,
       117, 74, 187, 74, 147, 33, 2, 111, 81, 68, 138, 233, 19, 117, 21,
       118, 230, 147, 1, 149, 124, 123, 140, 38, 28, 155, 184, 101, 92,
       78, 187, 242, 64, 239, 136, 64, 168, 191, 95, 229, 151, 142, 19,
       142, 253, 213, 242, 144, 246, 73, 108, 159, 239, 127, 199, 254,
       239, 237, 231, 111, 238, 56, 2, 239, 182, 175, 252, 184, 85, 35,
       225, 228, 157, 93, 19, 234, 168, 87, 240, 223, 143, 97, 232, 158,
       134, 89, 236, 115, 239, 205, 242, 255, 221, 46, 62, 205, 244, 127,
       175, 88, 212, 2, 191, 62, 208, 219, 233, 181, 231, 158, 55, 44,
       187, 172, 231, 96, 0, 175, 59, 227, 16, 50, 75, 42, 243, 125, 213,
       31, 111, 208, 72, 133, 235, 245, 85, 103, 134, 206, 78, 239, 240,
       108, 226, 251, 106, 90, 124, 189, 115, 122, 212, 126, 235, 233,
       179, 253, 204, 181, 42, 239, 20, 101, 123, 113, 48, 44, 48, 185,
       112, 33, 77, 113, 16, 239, 159, 37, 24, 31, 23, 73, 58, 133, 16,
       100, 26, 0, 100, 51, 0, 195, 223, 112, 24, 194, 129, 70, 99, 216,
       250, 189, 112, 40, 232, 89, 26, 175, 127, 135, 157, 159, 231, 210,
       123, 135, 53, 125, 12, 170, 69, 187, 113, 211, 243, 123, 249, 128,
       129, 7, 115, 95, 118, 236, 183, 170, 58, 156, 184, 18, 246, 151,
       255, 203, 44, 223, 175, 95, 197, 253, 231, 236, 69, 239, 170, 130,
       211, 255, 151, 173, 252, 153, 85, 161, 143, 32, 249, 252, 133,
       206, 255, 23, 9, 120, 66, 176, 105, 176, 33, 204, 58, 23, 93, 250,
       42, 66, 189, 110, 152, 190, 232, 85, 136, 208, 169, 134, 20, 191,
       245, 138, 102, 189, 18, 184, 242, 131, 214, 93, 127, 41, 75, 231,
       117, 123, 163, 161, 213, 19, 200, 69, 170, 223, 132, 141, 113, 33,
       178, 199, 158, 140, 183, 206, 48, 188, 191, 155, 251, 147, 247,
       237, 232, 91, 203, 199, 231, 248, 135, 181, 77, 207, 227, 142, 51,
       223, 179, 140, 253, 153, 93, 63, 246, 108, 71, 252, 19, 206, 248,
       81, 238, 156, 238, 97, 104, 159, 183, 93, 228, 222, 175, 237, 243,
       109, 174, 58, 79, 237, 180, 47, 255, 122, 213, 77, 119, 152, 231,
       240, 14, 127, 185, 40, 202, 127, 77, 255, 115, 11, 82, 150, 244,
       125, 110, 201, 208, 201, 40, 239, 255, 101, 133, 72, 242, 202, 19,
       196, 6, 236, 213, 140, 62, 237, 190, 243, 183, 134, 18, 211, 97,
       93, 111, 73, 198, 104, 139, 168, 244, 255, 224, 197, 58, 215, 20,
       196, 249, 212, 44, 185, 23, 233, 85, 22, 27, 199, 127, 87, 235,
       246, 254, 115, 44, 148, 100, 126, 238, 54, 173, 185, 250, 101,
       142, 124, 239, 245, 192, 103, 168, 208, 229, 124, 122, 140, 167,
       172, 58, 92, 152, 51, 238, 154, 237, 239, 232, 219, 154, 149, 199,
       237, 87, 172, 82, 207, 160, 206, 243, 237, 177, 174, 245, 26, 81,
       159, 206, 120, 239, 246, 55, 255, 248, 87, 234, 93, 214, 89, 109,
       191, 161, 63, 73, 23, 239, 225, 246, 45, 254, 127, 79, 239, 164,
       255, 255, 249, 225, 168, 168, 144, 250, 253, 249, 144, 207, 218,
       251, 100, 57, 62, 253, 106, 56, 201, 122, 227, 16, 54, 127, 202,
       179, 95, 207, 53, 127, 210, 76, 206, 139, 237, 69, 55, 207, 78,
       95, 167, 248, 100, 98, 215, 74, 211, 253, 153, 231, 124, 220, 122,
       107, 225, 247, 239, 140, 117, 235, 99, 8, 119, 251, 112, 160, 191,
       195, 101, 202, 255, 19, 222, 216, 215, 92, 213, 243, 73, 204, 191,
       173, 95, 200, 151, 255, 254, 103, 46, 178, 122, 89, 175, 255, 247,
       191, 242, 229, 72, 51, 26, 229, 114, 6, 123, 48, 36, 40, 219, 162,
       213, 23, 9, 112, 118, 149, 127, 226, 0, 144, 145, 12, 245, 165,
       170, 132, 40, 162, 33, 179, 34, 173, 179, 137, 149, 227, 178, 207,
       94, 97, 88, 3, 164, 188, 52, 132, 249, 11, 147, 145, 23, 186, 57,
       255, 45, 20, 143, 70, 213, 78, 245, 220, 9, 245, 21, 251, 228,
       141, 173, 255, 94, 123, 88, 84, 188, 242, 232, 224, 205, 11, 50,
       28, 211, 248, 123, 245, 45, 155, 63, 108, 152, 72, 129, 169, 223,
       86, 228, 143, 143, 55, 158, 152, 215, 254, 151, 183, 201, 108,
       223, 207, 127, 197, 253, 231, 236, 101, 111, 218, 130, 75, 239,
       159, 255, 247, 57, 85, 240, 172, 153, 242, 168, 237, 85, 151, 187,
       59, 164, 24, 183, 247, 64, 59, 129, 242, 76, 8, 57, 79, 250, 51,
       211, 223, 85, 56, 192, 209, 198, 34, 244, 236, 140, 186, 141, 15,
       70, 168, 23, 186, 153, 9, 199, 120, 73, 67, 217, 195, 111, 115,
       108, 103, 91, 191, 185, 214, 205, 127, 144, 123, 24, 2, 116, 141,
       151, 253, 222, 98, 39, 175, 118, 167, 194, 2, 115, 225, 40, 98,
       121, 252, 42, 160, 40, 249, 237, 15, 125, 166, 215, 68, 161, 104,
       52, 168, 217, 6, 156, 116, 168, 58, 68, 55, 249, 30, 166, 28, 223,
       35, 131, 251, 131, 198, 236, 42, 125, 77, 163, 8, 210, 251, 116,
       17, 226, 240, 202, 1, 41, 102, 85, 229, 36, 47, 106, 56, 117, 162,
       179, 76, 211, 3, 25, 179, 26, 196, 76, 110, 233, 244, 85, 14, 132,
       218, 97, 16, 40, 251, 66, 0, 120, 185, 247, 112, 137, 233, 80, 69,
       163, 57, 164, 40, 63, 191, 64, 187, 137, 179, 253, 16, 27, 107,
       242, 17, 219, 219, 84, 123, 227, 130, 198, 59, 215, 146, 228, 159,
       175, 48, 188, 137, 143, 87, 151, 183, 204, 236, 222, 78, 247, 71,
       255, 151, 182, 65, 239, 227, 154, 54, 95, 223, 159, 231, 189, 87,
       217, 152, 156, 244, 171, 44, 88, 151, 179, 155, 166, 80, 127, 179,
       64, 219, 165, 247, 108, 8, 57, 79, 147, 33, 219, 235, 116, 88,
       170, 224, 170, 43, 120, 189, 56, 250, 123, 221, 81, 103, 187, 85,
       172, 25, 47, 191, 66, 16, 167, 187, 213, 0, 94, 11, 250, 183, 219,
       215, 16, 59, 114, 4, 143, 219, 120, 176, 255, 120, 169, 236, 81,
       23, 163, 25, 172, 40, 63, 247, 64, 250, 129, 183, 253, 16, 27, 75,
       178, 17, 219, 235, 112, 121, 226, 194, 6, 59, 116, 96, 140, 166,
       44, 15, 70, 168, 23, 174, 185, 9, 211, 121, 73, 18, 217, 228, 109,
       114, 72, 98, 219, 158, 251, 215, 197, 61, 48, 123, 80, 2, 45, 99,
       120, 67, 244, 15, 111, 184, 113, 236, 127, 12, 211, 81, 223, 52,
       30, 204, 86, 126, 192, 178, 233, 44, 111, 157, 37, 36, 75, 187,
       66, 241, 25, 33, 15, 173, 28, 91, 170, 104, 22, 160, 202, 2, 215,
       242, 49, 224, 248, 125, 122, 227, 77, 209, 91, 29, 181, 231, 139,
       21, 48, 43, 57, 160, 199, 204, 239, 151, 162, 112, 175, 140, 190,
       215, 87, 215, 253, 238, 251, 107, 55, 79, 63, 159, 183, 196, 175,
       227, 172, 46, 255, 204, 172, 245, 161, 117, 175, 221, 238, 87,
       199, 23, 191, 247, 86, 234, 86, 210, 89, 253, 183, 173, 127, 255,
       183, 239, 225, 252, 61, 254, 111, 111, 239, 132, 231, 253, 217,
       225, 49, 207, 75, 238, 150, 163, 207, 246, 212, 0, 218, 198, 113,
       226, 176, 96, 126, 234, 14, 206, 155, 187, 12, 191, 248, 238, 166,
       192, 61, 219, 240, 168, 209, 207, 95, 111, 52, 10, 111, 53, 100,
       64, 250, 228, 243, 35, 144, 241, 114, 236, 44, 238, 233, 176, 101,
       45, 166, 233, 98, 128, 109, 178, 224, 40, 242, 172, 151, 186, 171,
       225, 29, 207, 191, 23, 160, 57, 172, 247, 96, 219, 235, 243, 239,
       144, 58, 79, 138, 243, 217, 214, 95, 251, 144, 64, 167, 123, 127,
       183, 111, 98, 171, 94, 93, 49, 225, 252, 191, 189, 91, 125, 222,
       183, 167, 149, 253, 54, 189, 75, 186, 132, 251, 217, 101, 255,
       235, 166, 206, 119, 190, 125, 227, 102, 245, 83, 238, 247, 49,
       202, 126, 139, 123, 125, 181, 176, 57, 254, 23, 239, 105, 246, 60,
       174, 123, 239, 165, 129, 111, 255, 246, 186, 3, 158, 18, 187, 149,
       167, 186, 255, 31, 9, 90, 71, 228, 234, 40, 196, 253, 43, 147,
       149, 22, 152, 88, 223, 173, 246, 154, 66, 152, 14, 185, 154, 10,
       191, 178, 216, 219, 205, 181, 231, 159, 31, 168, 27, 172, 239,
       100, 4, 173, 59, 203, 145, 18, 75, 114, 247, 125, 150, 31, 123,
       210, 76, 133, 235, 244, 127, 155, 230, 220, 65, 150, 252, 136,
       194, 184, 234, 118, 237, 97, 2, 252, 248, 75, 99, 73, 35, 152,
