%YAML:1.0
---
descriptors: !!opencv-matrix
   rows: 260
   cols: 32
   dt: u
   data: [ 96, 104, 189, 229, 45, 79, 81, 15, 3, 240, 164, 8, 182, 151,
       67, 26, 136, 188, 121, 24, 9, 78, 243, 0, 199, 185, 80, 57, 64,
       56, 70, 106, 2, 189, 58, 251, 183, 166, 190, 247, 31, 137, 94, 18,
       252, 255, 34, 64, 247, 59, 147, 145, 178, 152, 17, 255, 239, 255,
       158, 195, 144, 74, 169, 155, 135, 176, 17, 184, 234, 237, 185,
       217, 142, 89, 17, 125, 156, 214, 233, 43, 199, 25, 223, 48, 147,
       65, 170, 209, 12, 16, 47, 238, 156, 12, 1, 243, 50, 173, 170, 190,
       221, 197, 207, 111, 150, 134, 204, 139, 35, 237, 50, 0, 121, 234,
       131, 13, 74, 171, 30, 191, 241, 7, 157, 57, 117, 126, 244, 202, 6,
       179, 59, 75, 244, 213, 187, 248, 78, 93, 125, 6, 144, 220, 252,
       32, 220, 25, 23, 209, 146, 184, 127, 212, 79, 24, 170, 206, 85,
       11, 245, 247, 152, 50, 182, 253, 43, 82, 57, 24, 165, 220, 214,
       179, 189, 151, 98, 207, 102, 185, 255, 208, 106, 205, 227, 201,
       215, 241, 250, 131, 54, 164, 45, 251, 47, 51, 102, 65, 37, 149,
       248, 81, 237, 73, 191, 230, 136, 24, 150, 166, 206, 129, 223, 221,
       159, 163, 119, 192, 6, 89, 138, 211, 79, 135, 123, 149, 190, 83,
       103, 100, 53, 86, 94, 120, 65, 236, 247, 167, 75, 77, 191, 244,
       126, 244, 149, 239, 204, 179, 53, 140, 243, 121, 129, 151, 103,
       191, 124, 119, 11, 50, 38, 185, 109, 151, 184, 105, 204, 220, 213,
       167, 173, 204, 54, 129, 238, 33, 223, 181, 132, 235, 118, 220, 30,
       83, 251, 207, 95, 14, 61, 215, 126, 84, 98, 204, 125, 87, 222,
       104, 137, 236, 181, 171, 106, 220, 63, 181, 254, 241, 223, 231,
       232, 163, 52, 204, 51, 89, 137, 187, 119, 191, 126, 215, 14, 172,
       160, 155, 253, 81, 190, 203, 31, 23, 77, 19, 236, 254, 126, 196,
       249, 91, 147, 147, 118, 90, 75, 243, 47, 87, 159, 111, 150, 127,
       189, 198, 159, 86, 103, 154, 175, 55, 190, 200, 159, 94, 149, 183,
       72, 76, 191, 207, 255, 193, 255, 247, 238, 103, 63, 253, 147, 90,
       207, 151, 215, 255, 61, 215, 134, 20, 191, 181, 138, 102, 189, 27,
       188, 243, 131, 82, 220, 127, 9, 75, 247, 85, 123, 163, 49, 213,
       27, 192, 69, 162, 223, 132, 132, 113, 37, 243, 45, 85, 113, 71,
       116, 78, 103, 184, 117, 232, 123, 108, 211, 113, 141, 244, 92,
       220, 6, 106, 201, 178, 121, 12, 37, 252, 33, 4, 107, 187, 82, 165,
       139, 20, 246, 213, 167, 114, 188, 55, 125, 211, 86, 246, 200, 62,
       182, 239, 103, 119, 179, 141, 165, 212, 53, 206, 6, 123, 218, 131,
       143, 244, 169, 85, 58, 50, 230, 169, 127, 115, 184, 90, 143, 93,
       221, 167, 108, 205, 63, 140, 254, 153, 255, 149, 142, 227, 103,
       213, 87, 87, 218, 219, 215, 207, 60, 255, 31, 34, 232, 169, 63,
       49, 249, 90, 79, 205, 157, 183, 141, 136, 223, 12, 254, 137, 223,
       157, 134, 34, 231, 194, 214, 93, 186, 255, 247, 213, 125, 199,
       209, 236, 140, 186, 140, 188, 76, 151, 254, 83, 166, 29, 183, 170,
       82, 91, 193, 198, 104, 29, 191, 111, 210, 51, 250, 251, 86, 56,
       136, 80, 203, 92, 134, 157, 44, 159, 188, 135, 190, 171, 158, 10,
       147, 115, 228, 126, 52, 65, 255, 115, 63, 231, 244, 141, 73, 255,
       171, 54, 223, 211, 156, 41, 185, 159, 153, 95, 71, 188, 54, 146,
       238, 119, 181, 12, 210, 231, 41, 138, 176, 193, 106, 239, 134,
       199, 237, 185, 4, 239, 176, 227, 170, 128, 47, 156, 121, 157, 81,
       205, 91, 111, 54, 30, 238, 181, 100, 64, 254, 70, 243, 122, 148,
       112, 122, 238, 52, 234, 221, 184, 117, 47, 228, 175, 162, 192,
       125, 162, 232, 136, 120, 101, 120, 101, 228, 127, 84, 31, 113,
       170, 254, 25, 147, 57, 31, 25, 216, 140, 196, 42, 188, 178, 241,
       14, 247, 221, 33, 53, 99, 249, 222, 130, 142, 249, 178, 154, 109,
       213, 186, 200, 143, 252, 85, 11, 236, 222, 127, 133, 254, 121,
       179, 211, 70, 118, 218, 241, 31, 81, 203, 235, 22, 63, 61, 215,
       159, 86, 228, 151, 143, 50, 142, 248, 215, 246, 144, 246, 72, 104,
       191, 239, 127, 197, 252, 247, 237, 71, 127, 234, 184, 98, 207,
       150, 191, 253, 185, 213, 88, 180, 187, 122, 139, 249, 145, 79,
       251, 23, 189, 57, 175, 223, 104, 58, 171, 155, 237, 17, 26, 107,
       186, 243, 219, 215, 22, 123, 211, 64, 167, 251, 124, 85, 89, 101,
       50, 79, 87, 56, 52, 236, 127, 236, 215, 23, 137, 112, 54, 212,
       125, 106, 73, 144, 121, 30, 245, 175, 33, 148, 104, 179, 6, 115,
       218, 145, 58, 233, 91, 212, 57, 113, 40, 77, 255, 55, 28, 159, 10,
       240, 238, 189, 255, 145, 91, 155, 241, 197, 255, 225, 170, 195,
       35, 6, 175, 243, 25, 119, 59, 229, 118, 207, 125, 117, 120, 76,
       118, 78, 63, 31, 24, 48, 190, 153, 23, 44, 193, 186, 49, 95, 245,
       205, 48, 128, 105, 130, 195, 249, 223, 114, 236, 167, 171, 58,
       158, 152, 83, 246, 159, 239, 203, 44, 223, 143, 95, 197, 253, 247,
       236, 69, 239, 138, 174, 211, 239, 151, 175, 255, 25, 93, 8, 213,
       120, 251, 116, 236, 121, 55, 52, 9, 126, 1, 183, 23, 10, 81, 102,
       186, 23, 24, 34, 152, 81, 61, 231, 235, 48, 128, 52, 152, 196,
       251, 255, 245, 225, 68, 255, 19, 207, 248, 83, 234, 189, 238, 91,
       108, 183, 183, 127, 204, 214, 238, 237, 99, 237, 158, 58, 79, 229,
       188, 255, 255, 90, 213, 73, 89, 243, 69, 36, 206, 239, 177, 229,
       72, 118, 64, 251, 181, 176, 100, 38, 244, 126, 202, 193, 184, 53,
       224, 101, 184, 98, 128, 102, 179, 197, 117, 57, 70, 107, 231, 118,
       11, 75, 112, 97, 96, 253, 238, 115, 73, 185, 49, 126, 168, 23,
       238, 201, 178, 108, 61, 246, 201, 160, 160, 111, 187, 114, 249,
       151, 129, 238, 251, 150, 162, 111, 199, 116, 3, 195, 18, 81, 235,
       57, 104, 123, 206, 59, 189, 57, 213, 29, 230, 249, 239, 222, 68,
       165, 209, 240, 32, 191, 215, 108, 71, 252, 19, 207, 248, 81, 238,
       191, 238, 73, 104, 158, 167, 125, 228, 220, 239, 237, 243, 125,
       142, 62, 79, 229, 148, 111, 255, 122, 213, 249, 18, 107, 104, 36,
       3, 200, 121, 97, 8, 244, 238, 27, 11, 180, 48, 126, 129, 21, 172,
       201, 167, 68, 142, 210, 217, 162, 184, 127, 130, 114, 177, 131,
       171, 233, 213, 230, 185, 189, 55, 91, 113, 84, 255, 185, 44, 214,
       41, 47, 63, 55, 157, 181, 252, 231, 195, 78, 123, 254, 224, 207,
       132, 211, 253, 11, 114, 189, 251, 100, 168, 185, 23, 174, 91, 127,
       116, 157, 139, 208, 122, 207, 25, 127, 157, 131, 156, 98, 225,
       198, 249, 186, 192, 142, 192, 163, 161, 61, 81, 98, 108, 117, 87,
       95, 120, 69, 204, 253, 174, 123, 109, 191, 180, 126, 168, 148,
       238, 205, 178, 125, 157, 242, 233, 161, 129, 119, 175, 126, 245,
       58, 219, 187, 172, 125, 193, 145, 246, 139, 77, 220, 43, 44, 157,
       164, 2, 206, 179, 255, 65, 74, 11, 226, 225, 243, 117, 190, 187,
       87, 28, 54, 251, 3, 216, 59, 253, 115, 133, 187, 254, 31, 73, 84,
       103, 188, 191, 37, 96, 231, 123, 183, 193, 163, 152, 35, 255, 247,
       247, 58, 130, 28, 29, 33, 187, 72, 39, 24, 101, 112, 14, 119, 184,
       56, 172, 110, 76, 215, 35, 3, 18, 148, 76, 76, 110, 64, 240, 217,
       14, 229, 253, 37, 4, 66, 242, 67, 97, 90, 145, 182, 237, 187, 86,
       56, 105, 15, 69, 223, 163, 237, 254, 46, 196, 254, 159, 191, 129,
       28, 155, 115, 221, 155, 247, 202, 195, 182, 46, 45, 87, 34, 172,
       162, 186, 77, 225, 145, 231, 150, 31, 216, 57, 160, 253, 100, 1,
       201, 59, 243, 1, 26, 107, 234, 183, 137, 23, 220, 251, 208, 76,
       182, 234, 17, 211, 119, 235, 52, 134, 107, 49, 68, 73, 219, 102,
       245, 87, 184, 100, 126, 152, 31, 106, 219, 145, 109, 189, 160,
       172, 170, 192, 60, 138, 240, 49, 19, 193, 237, 249, 146, 130, 45,
       79, 46, 49, 74, 130, 189, 7, 208, 104, 103, 27, 59, 156, 195, 216,
       55, 213, 236, 203, 222, 228, 61, 144, 161, 168, 17, 195, 74, 235,
       50, 130, 107, 240, 36, 12, 219, 230, 81, 67, 184, 96, 126, 185,
       23, 238, 208, 147, 12, 109, 240, 172, 170, 192, 53, 131, 161, 161,
       159, 255, 231, 150, 246, 50, 175, 252, 83, 222, 221, 247, 105,
