%YAML:1.0
---
descriptors: !!opencv-matrix
   rows: 224
   cols: 32
   dt: u
   data: [ 233, 116, 189, 247, 36, 110, 93, 55, 48, 238, 199, 92, 179,
       55, 129, 122, 77, 180, 125, 136, 233, 220, 241, 14, 199, 239, 244,
       16, 34, 248, 4, 123, 181, 212, 189, 255, 140, 175, 223, 184, 222,
       114, 219, 86, 215, 253, 57, 105, 221, 243, 59, 111, 185, 39, 123,
       191, 247, 239, 218, 92, 152, 123, 241, 50, 42, 189, 145, 91, 249,
       253, 50, 215, 59, 57, 125, 120, 172, 150, 196, 180, 133, 123, 210,
       16, 19, 88, 186, 247, 47, 220, 21, 234, 202, 70, 139, 191, 71,
       123, 204, 12, 234, 0, 189, 157, 170, 252, 156, 237, 204, 238, 215,
       91, 38, 69, 253, 231, 197, 67, 143, 64, 112, 48, 239, 189, 12,
       246, 191, 93, 69, 50, 217, 129, 98, 41, 43, 24, 42, 243, 19, 237,
       149, 6, 203, 26, 55, 93, 100, 94, 147, 208, 239, 64, 140, 5, 45,
       228, 140, 243, 3, 241, 92, 71, 79, 110, 210, 2, 111, 184, 48, 142,
       255, 165, 89, 103, 171, 81, 118, 220, 44, 238, 232, 211, 173, 110,
       240, 167, 103, 132, 167, 179, 36, 113, 86, 187, 170, 166, 154, 64,
       158, 252, 170, 93, 155, 173, 237, 238, 122, 2, 183, 215, 237, 215,
       150, 65, 142, 99, 251, 103, 175, 255, 164, 119, 175, 83, 199, 153,
       183, 158, 170, 148, 191, 184, 190, 84, 71, 229, 252, 238, 191,
       103, 199, 115, 251, 207, 247, 77, 190, 247, 46, 58, 79, 202, 30,
       165, 33, 125, 222, 119, 234, 102, 211, 26, 127, 240, 49, 166, 255,
       171, 75, 231, 171, 23, 54, 252, 133, 234, 232, 215, 172, 170, 242,
       235, 101, 133, 103, 247, 110, 113, 215, 251, 23, 158, 171, 214,
       30, 232, 190, 222, 129, 229, 204, 246, 163, 215, 214, 117, 238,
       231, 245, 71, 170, 252, 176, 50, 207, 255, 24, 55, 47, 87, 61,
       116, 120, 107, 124, 95, 87, 152, 87, 236, 253, 8, 219, 93, 31, 48,
       93, 220, 85, 106, 200, 98, 121, 30, 103, 205, 37, 61, 115, 187,
       102, 243, 220, 223, 59, 171, 174, 100, 95, 148, 188, 78, 223, 53,
       215, 127, 43, 83, 231, 87, 61, 67, 122, 133, 57, 34, 225, 229, 46,
       129, 176, 115, 165, 123, 98, 226, 32, 138, 29, 149, 200, 141, 143,
       61, 133, 141, 168, 206, 94, 196, 204, 1, 251, 141, 206, 3, 218,
       209, 151, 85, 155, 191, 18, 14, 216, 94, 212, 164, 158, 251, 136,
       100, 94, 143, 190, 27, 138, 17, 215, 123, 72, 74, 193, 83, 125,
       147, 122, 205, 211, 35, 233, 239, 254, 65, 128, 81, 169, 10, 111,
       161, 32, 130, 141, 157, 192, 169, 143, 61, 149, 15, 142, 200, 94,
       134, 137, 0, 251, 95, 214, 43, 218, 213, 159, 88, 141, 126, 30,
       15, 217, 86, 62, 18, 46, 188, 109, 243, 85, 99, 149, 14, 244, 45,
       110, 237, 39, 25, 216, 185, 199, 35, 12, 163, 34, 156, 211, 247,
       64, 59, 87, 125, 118, 211, 38, 103, 152, 132, 206, 33, 142, 200,
       10, 178, 153, 75, 212, 234, 77, 10, 153, 197, 107, 119, 64, 99,
       203, 80, 60, 6, 207, 60, 212, 123, 179, 128, 49, 95, 115, 78, 116,
       22, 198, 116, 196, 200, 250, 102, 115, 248, 181, 228, 94, 108, 22,
       106, 201, 179, 52, 172, 50, 172, 38, 128, 127, 186, 112, 189, 173,
       221, 101, 219, 164, 189, 238, 156, 71, 90, 90, 70, 243, 216, 221,
       228, 95, 74, 54, 127, 215, 180, 127, 179, 38, 121, 37, 196, 95,
       255, 216, 245, 71, 59, 224, 132, 234, 4, 189, 127, 42, 252, 92,
       229, 157, 174, 215, 87, 54, 79, 117, 239, 197, 82, 175, 192, 116,
       48, 239, 172, 14, 246, 179, 253, 165, 253, 249, 79, 124, 13, 239,
       184, 75, 104, 60, 76, 242, 117, 221, 52, 156, 66, 87, 78, 195, 40,
       123, 63, 111, 157, 37, 184, 90, 187, 66, 249, 109, 244, 185, 227,
       244, 77, 71, 158, 107, 251, 60, 76, 151, 17, 216, 56, 149, 218,
       84, 90, 219, 120, 249, 48, 239, 217, 53, 108, 202, 155, 210, 57,
       119, 55, 136, 166, 56, 31, 94, 184, 19, 236, 141, 205, 198, 232,
       91, 18, 157, 237, 237, 103, 204, 83, 219, 62, 254, 117, 173, 189,
       8, 63, 26, 87, 188, 120, 248, 96, 236, 79, 87, 216, 83, 190, 180,
       8, 83, 29, 215, 58, 89, 220, 68, 122, 200, 102, 249, 26, 115, 217,
       101, 61, 227, 187, 70, 227, 162, 165, 225, 145, 213, 235, 185,
       207, 94, 117, 0, 155, 128, 44, 84, 8, 169, 143, 195, 21, 54, 120,
       117, 210, 77, 22, 159, 119, 197, 76, 215, 242, 221, 86, 255, 231,
       36, 46, 111, 24, 117, 234, 127, 100, 211, 115, 153, 123, 118, 196,
       60, 110, 169, 244, 237, 42, 196, 175, 97, 132, 44, 243, 64, 49,
       196, 236, 205, 247, 134, 42, 110, 134, 250, 179, 11, 18, 213, 98,
       81, 107, 35, 103, 121, 219, 48, 216, 159, 98, 13, 174, 223, 68,
       165, 115, 177, 40, 246, 237, 129, 148, 204, 1, 198, 238, 27, 162,
       168, 11, 70, 232, 69, 18, 153, 207, 97, 99, 120, 99, 218, 106,
       185, 22, 205, 62, 193, 123, 146, 130, 105, 84, 251, 247, 36, 252,
       117, 22, 48, 99, 103, 24, 251, 119, 8, 121, 85, 254, 53, 10, 41,
       212, 241, 34, 199, 239, 240, 0, 162, 217, 198, 122, 7, 165, 250,
       83, 242, 185, 188, 199, 251, 181, 45, 153, 12, 170, 206, 56, 167,
       107, 66, 20, 150, 248, 174, 114, 46, 29, 30, 103, 196, 208, 203,
       140, 78, 255, 211, 210, 243, 176, 62, 220, 59, 145, 77, 238, 108,
       247, 204, 180, 55, 123, 147, 210, 147, 90, 138, 247, 62, 84, 15,
       238, 142, 215, 167, 181, 60, 39, 112, 78, 251, 67, 87, 120, 19,
       172, 253, 169, 75, 97, 139, 20, 88, 222, 199, 226, 72, 50, 233,
       158, 118, 214, 37, 187, 115, 191, 230, 227, 71, 247, 168, 166,
       168, 23, 31, 168, 154, 246, 137, 141, 199, 236, 91, 66, 213, 69,
       253, 247, 204, 67, 255, 178, 248, 87, 207, 189, 156, 119, 158, 86,
       215, 114, 35, 156, 106, 86, 31, 232, 190, 206, 192, 231, 76, 214,
       175, 127, 246, 117, 255, 231, 229, 71, 254, 250, 176, 50, 207,
       190, 24, 55, 37, 85, 139, 119, 45, 141, 94, 91, 167, 124, 92, 228,
       214, 167, 208, 76, 151, 165, 124, 204, 250, 239, 229, 243, 117,
       204, 116, 33, 175, 148, 95, 188, 61, 252, 160, 172, 56, 187, 252,
       173, 154, 75, 222, 6, 193, 27, 181, 218, 125, 65, 217, 59, 27, 51,
       106, 38, 218, 63, 229, 141, 186, 121, 16, 73, 29, 138, 132, 44,
       211, 83, 195, 232, 161, 67, 122, 171, 97, 18, 20, 243, 101, 60,
       179, 127, 34, 24, 51, 254, 170, 98, 29, 174, 87, 110, 225, 97,
       227, 162, 119, 191, 105, 166, 218, 2, 31, 189, 2, 244, 8, 175,
       117, 111, 203, 17, 55, 223, 17, 247, 218, 90, 221, 127, 124, 0,
       173, 236, 61, 242, 166, 209, 109, 126, 243, 71, 114, 54, 111, 20,
       123, 232, 123, 198, 121, 103, 213, 244, 118, 236, 22, 206, 129,
       146, 252, 234, 39, 236, 167, 160, 239, 243, 98, 189, 156, 93, 62,
       171, 168, 239, 62, 134, 172, 26, 139, 19, 223, 31, 41, 73, 229,
       211, 253, 215, 120, 133, 27, 54, 225, 227, 174, 145, 16, 83, 165,
       91, 120, 59, 58, 104, 56, 140, 83, 113, 233, 140, 188, 76, 159,
       155, 2, 16, 164, 49, 76, 72, 216, 41, 176, 12, 243, 249, 32, 25,
       66, 130, 71, 107, 124, 71, 110, 111, 113, 22, 111, 184, 49, 238,
       255, 229, 73, 103, 155, 213, 124, 196, 165, 238, 168, 210, 105,
       174, 118, 235, 229, 132, 47, 183, 104, 113, 7, 190, 220, 83, 186,
       249, 176, 239, 255, 115, 52, 244, 236, 254, 206, 169, 183, 91,
       194, 17, 183, 108, 30, 117, 46, 18, 95, 239, 220, 4, 139, 159,
       247, 101, 195, 166, 248, 2, 78, 200, 161, 202, 153, 239, 80, 202,
       253, 18, 222, 237, 93, 231, 109, 7, 140, 234, 176, 60, 175, 168,
       12, 243, 122, 21, 138, 186, 180, 147, 237, 157, 176, 151, 143, 61,
       21, 125, 172, 201, 90, 143, 135, 35, 235, 21, 150, 109, 74, 241,
       206, 16, 95, 255, 210, 12, 157, 223, 220, 221, 63, 170, 162, 236,
       95, 183, 164, 86, 222, 181, 223, 247, 41, 83, 119, 243, 189, 243,
       120, 20, 155, 50, 251, 229, 47, 141, 180, 243, 165, 115, 70, 138,
       236, 223, 84, 132, 107, 184, 191, 21, 39, 150, 241, 103, 28, 67,
       117, 208, 43, 234, 34, 68, 219, 247, 207, 190, 203, 68, 181, 163,
       101, 32, 222, 253, 183, 254, 155, 225, 23, 238, 191, 159, 165, 57,
       110, 255, 104, 91, 163, 243, 239, 210, 114, 79, 170, 243, 251,
