%YAML:1.0
---
descriptors: !!opencv-matrix
   rows: 200
   cols: 32
   dt: u
   data: [ 248, 89, 126, 110, 9, 86, 87, 56, 225, 130, 167, 8, 123, 255,
       9, 115, 248, 244, 253, 234, 104, 227, 186, 12, 243, 233, 69, 29,
       99, 179, 110, 114, 62, 112, 64, 168, 77, 89, 249, 72, 45, 68, 180,
       14, 78, 94, 31, 157, 122, 137, 206, 227, 77, 35, 240, 217, 151,
       217, 202, 63, 119, 47, 111, 214, 103, 122, 157, 181, 44, 12, 109,
       156, 233, 250, 178, 76, 246, 138, 85, 95, 133, 197, 124, 79, 201,
       101, 219, 192, 133, 186, 223, 140, 200, 113, 115, 13, 69, 54, 216,
       229, 224, 46, 104, 18, 122, 187, 111, 84, 215, 35, 201, 122, 55,
       212, 125, 30, 160, 208, 217, 66, 198, 175, 115, 36, 136, 225, 67,
       161, 226, 60, 180, 94, 233, 221, 148, 111, 155, 31, 161, 57, 238,
       252, 110, 31, 133, 51, 237, 2, 118, 103, 218, 51, 147, 210, 85,
       59, 80, 92, 143, 23, 186, 191, 166, 60, 203, 255, 149, 222, 55,
       127, 244, 63, 42, 255, 102, 25, 253, 251, 231, 148, 46, 255, 250,
       161, 91, 227, 117, 191, 219, 124, 230, 219, 189, 100, 229, 125,
       28, 39, 72, 154, 87, 186, 241, 90, 115, 105, 93, 59, 89, 204, 117,
       187, 170, 246, 219, 154, 11, 251, 197, 52, 255, 249, 80, 0, 137,
       187, 125, 253, 110, 223, 127, 184, 163, 220, 21, 162, 253, 127,
       155, 35, 38, 113, 253, 238, 224, 64, 255, 157, 103, 235, 233, 172,
       54, 166, 85, 241, 162, 140, 246, 254, 252, 163, 94, 238, 223, 131,
       240, 80, 231, 233, 52, 77, 219, 106, 127, 44, 48, 239, 74, 191,
       170, 254, 87, 26, 212, 232, 240, 141, 188, 224, 212, 113, 205, 15,
       70, 184, 87, 186, 49, 89, 67, 105, 93, 27, 217, 196, 100, 122,
       122, 118, 203, 147, 111, 219, 197, 116, 115, 185, 208, 130, 198,
       172, 208, 190, 254, 160, 190, 175, 187, 147, 16, 154, 237, 234,
       88, 74, 183, 107, 121, 145, 50, 76, 142, 243, 172, 54, 223, 236,
       148, 113, 129, 0, 212, 140, 133, 147, 148, 168, 38, 135, 62, 147,
       74, 82, 228, 98, 73, 74, 97, 238, 42, 154, 50, 220, 203, 227, 172,
       38, 223, 64, 160, 115, 161, 8, 237, 205, 67, 69, 228, 30, 102,
       176, 125, 224, 110, 72, 83, 49, 148, 245, 88, 236, 34, 110, 249,
       178, 253, 46, 38, 249, 69, 4, 107, 187, 216, 164, 115, 180, 177,
       212, 127, 84, 152, 255, 27, 107, 148, 127, 124, 60, 30, 183, 157,
       151, 213, 5, 183, 111, 240, 223, 27, 94, 88, 250, 207, 12, 191,
       95, 103, 20, 246, 220, 253, 62, 216, 90, 219, 155, 181, 120, 92,
       255, 188, 191, 151, 81, 213, 57, 177, 97, 58, 206, 155, 222, 95,
       254, 214, 229, 67, 55, 50, 112, 115, 168, 78, 15, 232, 72, 45, 40,
       240, 111, 2, 154, 53, 28, 252, 145, 95, 225, 140, 35, 81, 216,
       151, 144, 139, 190, 125, 41, 98, 151, 106, 48, 126, 201, 109, 221,
       248, 83, 235, 125, 244, 173, 136, 159, 150, 63, 238, 181, 255, 24,
       133, 43, 246, 212, 87, 121, 82, 171, 94, 140, 79, 255, 3, 125, 91,
       229, 178, 158, 190, 119, 60, 192, 90, 228, 189, 182, 161, 112,
       166, 127, 31, 204, 193, 152, 164, 238, 164, 253, 46, 128, 12, 176,
       163, 185, 122, 233, 114, 72, 125, 221, 94, 231, 235, 12, 252, 9,
       42, 159, 54, 180, 248, 186, 199, 72, 78, 43, 176, 253, 59, 221, 4,
       59, 99, 158, 238, 158, 81, 77, 214, 213, 52, 130, 111, 38, 124,
       128, 126, 2, 121, 163, 177, 116, 114, 238, 62, 202, 96, 248, 5,
       238, 230, 239, 230, 0, 39, 240, 97, 168, 178, 188, 182, 250, 234,
       143, 148, 223, 31, 59, 240, 249, 126, 255, 164, 25, 255, 255, 247,
       20, 186, 223, 75, 243, 91, 218, 95, 254, 209, 124, 163, 219, 88,
       0, 156, 167, 43, 88, 80, 32, 161, 181, 143, 41, 231, 51, 2, 82,
       130, 230, 237, 0, 28, 201, 193, 36, 218, 227, 112, 81, 160, 131,
       14, 74, 244, 103, 93, 101, 138, 75, 71, 168, 32, 164, 170, 170,
       211, 97, 9, 19, 58, 212, 108, 98, 104, 243, 205, 12, 240, 160,
       101, 53, 97, 122, 70, 34, 38, 189, 17, 218, 223, 201, 182, 239,
       143, 33, 120, 107, 36, 219, 108, 128, 217, 187, 3, 81, 83, 43, 74,
       245, 61, 20, 15, 126, 144, 10, 135, 139, 2, 180, 191, 187, 211,
       229, 185, 71, 190, 89, 90, 19, 188, 191, 32, 8, 167, 59, 19, 145,
       51, 216, 18, 215, 205, 6, 186, 194, 144, 0, 165, 251, 109, 5, 21,
       37, 180, 79, 67, 48, 109, 232, 186, 76, 215, 124, 17, 176, 152,
       132, 92, 108, 141, 161, 113, 28, 165, 254, 37, 16, 72, 235, 64,
       101, 89, 249, 63, 97, 56, 206, 81, 55, 228, 204, 174, 4, 183, 23,
       2, 115, 132, 52, 92, 104, 201, 201, 241, 13, 235, 233, 37, 80,
       104, 128, 71, 115, 77, 142, 183, 69, 164, 62, 103, 186, 121, 202,
       62, 76, 255, 96, 157, 254, 145, 70, 108, 46, 129, 224, 235, 39,
       134, 254, 117, 16, 202, 243, 67, 37, 240, 195, 70, 140, 159, 2,
       71, 237, 197, 4, 178, 7, 67, 72, 60, 71, 120, 196, 108, 227, 108,
       163, 77, 141, 176, 162, 199, 19, 117, 58, 244, 6, 72, 252, 184,
       115, 185, 205, 17, 174, 59, 53, 44, 25, 174, 55, 74, 18, 131, 91,
       233, 80, 114, 72, 251, 115, 239, 213, 21, 127, 210, 80, 135, 107,
       120, 29, 62, 110, 9, 198, 87, 48, 225, 12, 175, 8, 122, 247, 35,
       115, 192, 246, 253, 106, 104, 107, 250, 45, 243, 249, 96, 25, 98,
       178, 102, 35, 143, 165, 112, 195, 253, 125, 240, 201, 127, 117,
       181, 27, 206, 88, 94, 173, 191, 155, 255, 49, 182, 112, 251, 212,
       159, 216, 3, 119, 198, 143, 209, 198, 133, 160, 221, 177, 236, 41,
       233, 27, 254, 179, 49, 216, 159, 168, 216, 43, 171, 15, 110, 28,
       51, 124, 207, 210, 204, 154, 127, 100, 204, 200, 131, 160, 9, 25,
       87, 69, 48, 158, 230, 54, 109, 136, 126, 100, 184, 51, 132, 180,
       38, 116, 118, 104, 129, 184, 17, 108, 38, 255, 32, 128, 74, 160,
       107, 169, 24, 205, 19, 110, 145, 230, 71, 239, 53, 9, 234, 0, 126,
       243, 40, 212, 248, 222, 74, 232, 106, 155, 9, 127, 241, 244, 6, 0,
       18, 82, 166, 42, 50, 104, 82, 156, 79, 137, 248, 70, 235, 32, 224,
       11, 46, 152, 21, 20, 170, 169, 123, 193, 14, 43, 194, 241, 151,
       88, 24, 59, 69, 12, 82, 142, 72, 172, 144, 186, 137, 233, 17, 142,
       190, 19, 8, 25, 191, 243, 96, 88, 129, 123, 169, 16, 50, 72, 218,
       55, 205, 214, 31, 121, 144, 65, 135, 2, 55, 123, 122, 14, 100,
       143, 255, 192, 233, 204, 248, 45, 26, 220, 183, 48, 174, 233, 87,
       71, 196, 163, 190, 104, 115, 60, 37, 138, 69, 191, 103, 215, 129,
       129, 149, 155, 238, 233, 168, 143, 30, 49, 73, 240, 149, 226, 200,
       225, 75, 11, 42, 24, 51, 88, 207, 213, 172, 146, 254, 108, 156,
       200, 137, 168, 252, 65, 118, 236, 13, 86, 95, 104, 181, 166, 230,
       10, 91, 127, 45, 83, 248, 245, 253, 234, 104, 199, 49, 204, 243,
       251, 199, 17, 35, 63, 124, 34, 141, 178, 165, 145, 237, 189, 105,
       155, 254, 127, 37, 220, 157, 231, 218, 108, 13, 14, 250, 28, 183,
       92, 255, 214, 207, 223, 215, 100, 154, 140, 193, 244, 98, 184,
       235, 242, 155, 253, 145, 7, 187, 215, 150, 191, 170, 188, 70, 10,
       205, 179, 255, 145, 191, 111, 242, 226, 223, 87, 220, 251, 205,
       76, 150, 127, 99, 176, 244, 204, 125, 22, 216, 75, 91, 121, 181,
       57, 92, 157, 254, 56, 159, 21, 181, 21, 151, 107, 171, 213, 155,
       90, 217, 254, 158, 140, 203, 87, 121, 189, 149, 188, 169, 15, 94,
       255, 59, 186, 184, 104, 255, 243, 64, 179, 157, 223, 125, 82, 107,
       107, 219, 185, 185, 211, 111, 190, 88, 248, 195, 11, 154, 80, 116,
       237, 47, 82, 93, 56, 139, 242, 84, 163, 255, 223, 148, 39, 150,
       245, 181, 239, 200, 68, 183, 217, 195, 251, 233, 175, 55, 166, 69,
       115, 246, 32, 241, 229, 102, 74, 248, 72, 121, 162, 178, 155, 15,
       43, 85, 27, 190, 221, 117, 185, 40, 246, 213, 200, 151, 248, 203,
       166, 229, 176, 99, 134, 160, 249, 21, 187, 153, 135, 134, 237,
       158, 16, 160, 66, 180, 210, 40, 129, 220, 123, 74, 115, 115, 11,
       90, 189, 169, 208, 15, 126, 24, 26, 129, 136, 57, 97, 147, 101,
       52, 79, 99, 24, 109, 232, 123, 64, 223, 25, 9, 176, 144, 76, 92,
       108, 141, 176, 121, 12, 227, 253, 33, 4, 98, 186, 66, 97, 83, 85,
