%YAML:1.0
---
descriptors: !!opencv-matrix
   rows: 199
   cols: 32
   dt: u
   data: [ 220, 191, 188, 181, 178, 230, 95, 191, 146, 223, 94, 53, 245,
       255, 75, 83, 183, 127, 53, 133, 250, 216, 171, 63, 235, 231, 239,
       133, 164, 240, 133, 91, 61, 117, 88, 47, 117, 95, 82, 56, 103,
       232, 251, 77, 207, 90, 11, 176, 216, 205, 222, 102, 141, 178, 121,
       158, 191, 253, 35, 55, 107, 175, 74, 215, 207, 109, 42, 190, 221,
       183, 190, 238, 157, 230, 222, 143, 236, 232, 51, 65, 251, 239,
       251, 231, 228, 199, 223, 238, 254, 119, 207, 187, 30, 127, 185,
       94, 214, 28, 59, 218, 137, 236, 43, 67, 236, 87, 143, 16, 156,
       246, 106, 122, 97, 147, 91, 187, 51, 5, 184, 98, 209, 36, 138, 92,
       144, 99, 167, 98, 86, 239, 168, 190, 188, 71, 95, 168, 30, 252,
       136, 11, 245, 239, 91, 66, 213, 223, 125, 247, 206, 67, 251, 183,
       249, 199, 175, 253, 148, 115, 21, 66, 45, 253, 229, 95, 252, 95,
       238, 188, 90, 234, 25, 68, 243, 248, 189, 161, 157, 102, 54, 111,
       229, 96, 126, 191, 44, 30, 103, 188, 220, 255, 209, 181, 70, 229,
       172, 179, 140, 111, 191, 172, 222, 183, 155, 19, 213, 236, 95, 74,
       217, 87, 121, 83, 190, 97, 251, 178, 237, 223, 223, 125, 212, 123,
       213, 66, 199, 223, 204, 158, 252, 6, 110, 188, 150, 202, 149, 231,
       249, 227, 251, 69, 95, 231, 63, 239, 229, 67, 30, 255, 108, 14,
       239, 140, 158, 247, 184, 209, 216, 55, 124, 229, 58, 15, 93, 113,
       52, 172, 150, 234, 223, 55, 129, 19, 54, 189, 93, 172, 232, 221,
       225, 14, 241, 203, 111, 180, 36, 160, 7, 105, 216, 222, 151, 191,
       42, 136, 4, 182, 190, 19, 194, 244, 247, 243, 1, 213, 39, 119,
       108, 68, 107, 77, 195, 59, 160, 231, 126, 144, 24, 80, 9, 41, 245,
       76, 246, 239, 36, 10, 79, 248, 113, 138, 243, 66, 115, 123, 149,
       123, 120, 228, 60, 234, 232, 247, 221, 170, 240, 234, 226, 16,
       109, 251, 112, 40, 4, 29, 127, 113, 164, 234, 241, 144, 236, 125,
       126, 53, 211, 93, 184, 105, 98, 18, 127, 122, 179, 176, 113, 101,
       199, 186, 114, 192, 228, 129, 213, 115, 177, 29, 13, 229, 142, 23,
       140, 39, 20, 162, 202, 66, 183, 52, 16, 225, 76, 182, 25, 173,
       121, 216, 81, 14, 161, 199, 222, 16, 57, 104, 216, 24, 100, 19,
       245, 79, 236, 106, 86, 136, 195, 189, 185, 237, 194, 109, 205, 26,
       221, 212, 236, 114, 30, 99, 203, 32, 78, 182, 101, 127, 197, 251,
       214, 211, 41, 45, 49, 200, 237, 253, 145, 79, 207, 252, 188, 8,
       154, 156, 71, 166, 201, 58, 210, 24, 87, 43, 242, 144, 79, 217, 7,
       63, 82, 78, 87, 238, 141, 229, 135, 190, 157, 183, 142, 204, 86,
       211, 217, 86, 242, 232, 57, 233, 217, 111, 58, 95, 255, 246, 91,
       179, 169, 47, 207, 92, 153, 127, 249, 132, 146, 130, 46, 183, 54,
       226, 249, 114, 172, 13, 215, 179, 247, 47, 18, 2, 238, 177, 95,
       133, 58, 157, 33, 207, 195, 231, 186, 193, 37, 0, 53, 115, 167,
       229, 149, 94, 237, 121, 134, 236, 222, 210, 249, 88, 242, 248,
       125, 171, 217, 106, 122, 123, 119, 98, 251, 179, 61, 30, 71, 62,
       209, 127, 210, 166, 184, 32, 182, 104, 77, 15, 208, 74, 69, 164,
       240, 25, 11, 153, 96, 154, 200, 156, 231, 49, 24, 255, 209, 128,
       219, 201, 81, 117, 227, 40, 126, 130, 198, 5, 142, 149, 136, 34,
       164, 131, 182, 147, 138, 19, 192, 226, 105, 75, 225, 87, 104, 177,
       48, 193, 147, 64, 9, 34, 223, 85, 128, 113, 161, 2, 118, 62, 146,
       170, 187, 243, 18, 200, 191, 204, 249, 237, 78, 254, 111, 212,
       223, 249, 206, 243, 12, 3, 138, 254, 184, 212, 15, 255, 152, 103,
       47, 87, 183, 66, 107, 110, 102, 27, 223, 248, 65, 226, 244, 235,
       83, 28, 191, 49, 254, 197, 87, 103, 237, 167, 101, 138, 242, 105,
       97, 190, 117, 191, 122, 125, 71, 157, 229, 223, 186, 176, 186,
       168, 190, 81, 79, 231, 252, 238, 159, 230, 39, 115, 251, 207, 151,
       72, 174, 243, 46, 62, 207, 202, 158, 247, 33, 125, 69, 176, 253,
       83, 228, 120, 229, 151, 122, 123, 127, 48, 144, 54, 220, 123, 35,
       94, 54, 24, 147, 252, 191, 97, 79, 187, 118, 68, 192, 208, 229,
       229, 50, 134, 64, 249, 150, 227, 74, 207, 22, 3, 203, 179, 65, 78,
       188, 64, 123, 155, 19, 145, 62, 158, 77, 223, 56, 6, 155, 69, 181,
       200, 180, 2, 214, 173, 121, 241, 150, 128, 234, 170, 107, 49, 1,
       26, 133, 10, 92, 1, 163, 155, 89, 243, 50, 72, 157, 245, 157, 144,
       139, 124, 36, 1, 147, 2, 125, 47, 218, 116, 240, 171, 99, 82, 113,
       140, 110, 108, 51, 225, 129, 16, 19, 238, 68, 90, 60, 186, 224,
       46, 254, 239, 37, 89, 232, 241, 74, 3, 229, 125, 45, 69, 172, 95,
       239, 185, 196, 250, 156, 74, 210, 112, 221, 103, 88, 68, 126, 110,
       201, 99, 255, 72, 101, 8, 101, 60, 92, 250, 80, 116, 71, 173, 231,
       223, 158, 182, 186, 168, 174, 80, 75, 131, 253, 238, 61, 99, 55,
       119, 123, 223, 150, 65, 174, 253, 45, 62, 207, 204, 148, 247, 49,
       52, 50, 132, 196, 155, 151, 227, 136, 203, 22, 51, 193, 147, 65,
       227, 44, 72, 121, 155, 35, 145, 58, 222, 77, 247, 153, 6, 155,
       101, 181, 73, 180, 130, 119, 63, 23, 136, 58, 119, 26, 232, 175,
       236, 152, 229, 76, 246, 163, 212, 254, 221, 206, 247, 141, 131,
       249, 252, 184, 52, 143, 255, 152, 39, 47, 87, 221, 83, 237, 69,
       164, 18, 111, 56, 96, 238, 151, 230, 81, 109, 155, 123, 118, 196,
       125, 238, 237, 244, 229, 8, 70, 107, 231, 128, 175, 247, 116, 113,
       183, 70, 106, 110, 78, 23, 207, 120, 81, 164, 245, 206, 83, 76,
       191, 49, 126, 245, 85, 239, 232, 167, 125, 14, 243, 233, 225, 144,
       117, 187, 118, 100, 252, 164, 245, 231, 177, 78, 127, 176, 53,
       166, 247, 145, 207, 103, 8, 213, 127, 221, 239, 234, 120, 244,
       249, 238, 255, 255, 71, 69, 99, 182, 230, 98, 29, 224, 142, 178,
       29, 215, 242, 200, 182, 248, 176, 7, 91, 222, 123, 136, 249, 201,
       191, 247, 15, 103, 27, 156, 219, 203, 175, 109, 249, 63, 121, 210,
       3, 172, 132, 159, 93, 157, 170, 39, 222, 195, 90, 215, 252, 232,
       54, 224, 203, 107, 58, 141, 181, 248, 95, 255, 44, 62, 223, 8, 28,
       12, 89, 140, 221, 148, 181, 255, 141, 111, 78, 168, 222, 243, 139,
       18, 215, 127, 57, 235, 217, 215, 123, 43, 57, 229, 123, 188, 169,
       251, 95, 84, 144, 123, 145, 114, 167, 237, 140, 190, 204, 37, 198,
       232, 222, 242, 201, 95, 246, 248, 123, 107, 217, 74, 122, 111,
       127, 103, 219, 179, 253, 22, 207, 60, 220, 123, 248, 130, 84, 205,
       157, 254, 156, 70, 79, 168, 146, 181, 139, 0, 215, 247, 73, 82,
       81, 214, 109, 250, 122, 67, 203, 51, 249, 231, 231, 92, 160, 251,
       164, 34, 175, 239, 71, 95, 221, 157, 174, 229, 255, 194, 249, 66,
       232, 232, 189, 165, 217, 235, 226, 195, 247, 251, 111, 255, 62,
       126, 15, 3, 223, 127, 251, 140, 13, 253, 197, 149, 252, 63, 238,
       186, 94, 234, 94, 70, 243, 248, 187, 161, 31, 110, 54, 111, 229,
       240, 127, 191, 46, 31, 239, 180, 222, 253, 217, 149, 222, 239,
       247, 222, 155, 243, 31, 238, 191, 150, 164, 187, 110, 255, 47,
       127, 255, 247, 239, 194, 120, 79, 170, 250, 251, 246, 79, 63, 179,
       117, 167, 102, 109, 119, 89, 100, 244, 15, 79, 125, 112, 234, 188,
       205, 23, 41, 209, 17, 94, 204, 86, 110, 233, 114, 216, 10, 246,
       205, 37, 188, 109, 250, 74, 217, 12, 185, 253, 83, 230, 104, 253,
       159, 122, 55, 127, 48, 217, 119, 204, 122, 39, 95, 34, 152, 18,
       88, 187, 97, 79, 175, 119, 68, 197, 209, 229, 241, 45, 153, 125,
       119, 225, 126, 117, 53, 97, 186, 127, 56, 219, 63, 128, 59, 73,
       246, 246, 42, 121, 248, 121, 172, 111, 219, 117, 192, 194, 242,
       198, 163, 40, 61, 253, 247, 244, 238, 113, 22, 160, 189, 126, 104,
       247, 55, 137, 123, 6, 126, 87, 24, 17, 248, 113, 44, 79, 255, 116,
       128, 194, 201, 70, 251, 86, 168, 238, 48, 188, 248, 89, 131, 235,
       245, 134, 185, 223, 28, 86, 58, 163, 183, 253, 17, 30, 75, 231, 0,
       219, 243, 117, 253, 164, 132, 222, 78, 68, 208, 255, 221, 228, 72,
       101, 159, 175, 89, 126, 112, 148, 247, 216, 110, 3, 88, 127, 8,
