%YAML:1.0
---
descriptors: !!opencv-matrix
   rows: 177
   cols: 32
   dt: u
   data: [ 118, 97, 235, 197, 76, 15, 238, 192, 168, 184, 178, 75, 82,
       94, 93, 123, 248, 197, 127, 247, 200, 243, 193, 96, 21, 40, 239,
       52, 5, 59, 99, 161, 118, 113, 233, 192, 110, 15, 234, 200, 105,
       248, 177, 75, 82, 78, 93, 51, 254, 213, 95, 243, 200, 103, 217,
       224, 157, 136, 239, 254, 101, 187, 114, 151, 189, 119, 106, 101,
       54, 90, 111, 248, 97, 236, 254, 230, 91, 77, 155, 48, 126, 156,
       21, 238, 233, 176, 37, 142, 114, 237, 165, 132, 111, 170, 118,
       113, 77, 53, 89, 101, 179, 110, 51, 24, 104, 232, 103, 96, 94, 19,
       129, 113, 178, 85, 124, 98, 17, 144, 177, 76, 247, 169, 34, 6,
       104, 35, 3, 51, 2, 187, 25, 187, 250, 201, 182, 207, 142, 21, 72,
       35, 164, 254, 96, 64, 207, 59, 11, 17, 82, 24, 74, 117, 45, 20,
       30, 107, 16, 26, 133, 203, 64, 156, 28, 249, 57, 141, 17, 174,
       142, 57, 160, 29, 190, 51, 74, 91, 133, 19, 108, 0, 38, 77, 83,
       53, 207, 211, 80, 123, 152, 8, 129, 27, 101, 113, 149, 1, 245, 79,
       103, 24, 105, 232, 250, 76, 214, 20, 29, 182, 152, 196, 84, 126,
       137, 178, 241, 72, 173, 220, 5, 22, 72, 51, 66, 117, 77, 177, 29,
       67, 99, 92, 49, 176, 104, 121, 39, 8, 222, 51, 8, 51, 146, 20, 88,
       106, 65, 48, 249, 64, 71, 185, 64, 70, 74, 2, 67, 179, 164, 160,
       144, 131, 223, 109, 176, 73, 30, 55, 49, 26, 204, 120, 72, 140,
       187, 27, 194, 17, 50, 116, 91, 214, 29, 22, 31, 127, 212, 72, 143,
       130, 186, 231, 229, 239, 28, 7, 202, 188, 87, 184, 216, 74, 99,
       105, 156, 97, 89, 206, 117, 253, 170, 114, 207, 157, 43, 251, 165,
       244, 119, 174, 80, 8, 166, 140, 150, 254, 189, 171, 214, 239, 223,
       131, 240, 88, 238, 249, 36, 201, 215, 123, 111, 35, 48, 235, 74,
       191, 170, 254, 87, 26, 212, 248, 233, 143, 9, 188, 185, 123, 176,
       173, 245, 158, 126, 59, 124, 92, 191, 63, 64, 32, 133, 91, 86, 88,
       179, 56, 91, 55, 239, 223, 52, 100, 216, 216, 195, 187, 8, 156,
       185, 251, 176, 239, 87, 151, 22, 79, 206, 16, 183, 119, 32, 96,
       213, 58, 29, 24, 171, 136, 113, 63, 235, 207, 52, 80, 144, 88,
       132, 123, 194, 164, 180, 190, 188, 161, 188, 175, 154, 179, 24,
       211, 252, 234, 124, 66, 151, 95, 123, 153, 178, 77, 138, 243, 172,
       22, 159, 238, 148, 80, 145, 9, 60, 245, 145, 238, 249, 79, 86,
       252, 63, 170, 185, 8, 223, 255, 8, 112, 221, 219, 93, 98, 107, 99,
       89, 155, 251, 223, 37, 62, 250, 122, 198, 179, 92, 186, 158, 247,
       169, 140, 122, 213, 187, 59, 183, 77, 127, 255, 74, 82, 165, 247,
       253, 130, 90, 93, 219, 161, 223, 255, 116, 241, 106, 130, 143, 27,
       15, 146, 179, 250, 245, 247, 186, 73, 30, 73, 81, 103, 236, 222,
       60, 232, 255, 59, 191, 149, 151, 155, 27, 213, 31, 127, 187, 207,
       150, 12, 181, 215, 105, 34, 246, 85, 109, 31, 249, 23, 233, 253,
       118, 61, 142, 9, 150, 159, 138, 165, 230, 12, 132, 126, 226, 192,
       70, 251, 114, 171, 66, 140, 78, 221, 126, 233, 83, 234, 57, 221,
       82, 208, 163, 12, 253, 9, 110, 223, 104, 212, 186, 249, 197, 114,
       94, 35, 24, 245, 251, 253, 1, 123, 98, 135, 110, 195, 64, 176,
       213, 97, 98, 72, 49, 9, 105, 89, 114, 104, 158, 23, 200, 63, 130,
       29, 100, 32, 3, 240, 227, 65, 5, 240, 112, 7, 104, 128, 7, 187,
       75, 181, 119, 123, 179, 223, 125, 55, 125, 109, 127, 181, 191, 63,
       150, 116, 166, 63, 255, 12, 247, 152, 245, 95, 239, 255, 54, 194,
       110, 134, 135, 127, 242, 79, 39, 174, 29, 67, 70, 109, 197, 4,
       178, 3, 99, 104, 36, 87, 248, 244, 108, 227, 108, 171, 9, 173,
       177, 226, 199, 19, 113, 58, 244, 110, 78, 34, 212, 241, 168, 88,
       233, 3, 187, 189, 50, 252, 141, 130, 215, 159, 167, 133, 236, 17,
       19, 104, 131, 192, 140, 218, 123, 239, 198, 164, 15, 37, 205, 82,
       231, 149, 96, 58, 105, 18, 55, 222, 214, 247, 201, 39, 147, 111,
       127, 204, 238, 142, 165, 214, 229, 194, 198, 115, 242, 133, 174,
       245, 45, 245, 85, 78, 255, 165, 38, 46, 107, 16, 120, 130, 194,
       229, 215, 35, 209, 91, 118, 229, 125, 111, 136, 212, 197, 40, 212,
       227, 110, 0, 172, 243, 33, 33, 162, 140, 150, 252, 189, 171, 148,
       239, 223, 147, 240, 88, 238, 232, 36, 207, 195, 127, 110, 33, 48,
       235, 10, 253, 168, 250, 87, 90, 212, 120, 169, 141, 134, 164, 255,
       213, 238, 43, 170, 107, 218, 179, 27, 210, 221, 232, 92, 10, 191,
       69, 115, 187, 176, 117, 143, 214, 12, 30, 111, 236, 133, 105, 131,
       128, 194, 164, 145, 158, 254, 161, 172, 143, 154, 179, 25, 154,
       236, 234, 88, 73, 147, 11, 123, 145, 50, 79, 202, 215, 172, 22,
       159, 252, 148, 64, 147, 136, 34, 191, 17, 154, 220, 205, 182, 239,
       15, 1, 104, 75, 164, 255, 108, 0, 221, 155, 3, 17, 82, 11, 90,
       245, 61, 20, 30, 122, 144, 10, 133, 138, 200, 252, 188, 122, 137,
       221, 21, 174, 187, 55, 36, 25, 174, 255, 66, 27, 129, 115, 233,
       80, 114, 78, 250, 55, 239, 211, 85, 123, 210, 80, 135, 106, 248,
       125, 157, 244, 168, 47, 86, 190, 59, 186, 184, 104, 255, 123, 65,
       18, 149, 255, 125, 48, 41, 75, 219, 58, 251, 219, 101, 188, 138,
       112, 3, 11, 200, 152, 157, 190, 9, 237, 21, 163, 143, 91, 160, 25,
       190, 247, 34, 90, 193, 115, 232, 2, 19, 15, 218, 51, 193, 247, 90,
       59, 152, 104, 5, 91, 192, 164, 149, 151, 222, 160, 44, 175, 190,
       147, 11, 82, 236, 226, 72, 66, 113, 107, 42, 152, 34, 92, 202,
       243, 172, 38, 159, 108, 128, 80, 161, 136, 58, 146, 37, 123, 47,
       223, 145, 159, 31, 125, 181, 127, 10, 29, 94, 88, 205, 155, 181,
       149, 158, 126, 123, 213, 19, 89, 88, 247, 211, 12, 222, 95, 219,
       81, 127, 236, 44, 22, 93, 57, 201, 250, 86, 224, 223, 223, 182,
       103, 134, 53, 253, 239, 205, 68, 183, 221, 195, 251, 233, 142, 38,
       164, 65, 117, 13, 103, 70, 71, 178, 27, 110, 184, 118, 160, 111,
       228, 209, 226, 153, 244, 50, 108, 110, 110, 197, 208, 207, 62, 46,
       174, 101, 132, 46, 243, 200, 132, 225, 60, 13, 111, 29, 79, 194,
       184, 86, 226, 234, 12, 243, 97, 25, 32, 89, 206, 106, 106, 235,
       102, 219, 63, 237, 175, 5, 56, 121, 107, 80, 56, 246, 80, 150,
       142, 77, 70, 86, 232, 169, 142, 227, 11, 78, 254, 47, 223, 248,
       245, 237, 227, 108, 71, 154, 232, 145, 178, 207, 31, 1, 63, 126,
       70, 242, 56, 169, 244, 139, 253, 145, 23, 155, 127, 150, 63, 186,
       189, 70, 42, 237, 183, 253, 145, 186, 111, 242, 226, 219, 118,
       220, 251, 239, 76, 150, 127, 248, 217, 126, 118, 137, 86, 87, 240,
       225, 150, 166, 8, 123, 255, 32, 115, 232, 244, 253, 226, 104, 103,
       186, 169, 243, 235, 197, 29, 99, 50, 110, 106, 124, 187, 152, 234,
       105, 140, 122, 217, 47, 9, 255, 77, 127, 251, 74, 80, 188, 219,
       253, 202, 154, 18, 155, 49, 223, 253, 35, 236, 106, 130, 107, 19,
       77, 53, 153, 225, 224, 46, 120, 27, 58, 187, 107, 80, 221, 51, 72,
       123, 183, 31, 117, 56, 19, 208, 155, 64, 207, 203, 127, 100, 136,
       224, 139, 161, 11, 123, 123, 229, 114, 158, 58, 114, 61, 72, 94,
       228, 189, 159, 177, 112, 182, 61, 151, 207, 197, 152, 52, 238,
       230, 253, 42, 128, 44, 147, 33, 249, 107, 178, 253, 248, 124, 7,
       152, 95, 27, 125, 177, 255, 12, 29, 190, 9, 159, 23, 245, 21, 159,
       111, 42, 213, 91, 91, 250, 254, 22, 140, 151, 115, 77, 75, 93,
       103, 36, 14, 111, 176, 109, 168, 126, 68, 247, 97, 145, 115, 22,
       100, 108, 110, 201, 240, 237, 44, 230, 251, 101, 144, 72, 243, 67,
       33, 46, 102, 229, 129, 252, 59, 202, 156, 71, 189, 156, 239, 195,
       13, 215, 140, 93, 200, 7, 255, 138, 118, 109, 186, 46, 93, 173,
       244, 183, 255, 92, 228, 61, 6, 107, 103, 86, 50, 111, 120, 117,
       226, 119, 194, 115, 13, 187, 121, 126, 140, 23, 174, 233, 182, 45,
       142, 119, 239, 225, 128, 103, 235, 112, 224, 78, 185, 146, 90,
       251, 225, 16, 199, 191, 21, 40, 41, 44, 247, 101, 220, 167, 123,
       235, 16, 18, 75, 154, 241, 123, 214, 31, 111, 146, 68, 175, 139,
