%YAML:1.0
---
descriptors: !!opencv-matrix
   rows: 300
   cols: 32
   dt: u
   data: [ 155, 165, 111, 177, 149, 247, 233, 119, 85, 243, 214, 147, 25,
       28, 118, 41, 109, 139, 19, 189, 191, 253, 53, 198, 91, 75, 158,
       196, 175, 204, 241, 244, 125, 189, 57, 248, 189, 253, 81, 215,
       223, 121, 172, 28, 158, 185, 96, 104, 129, 171, 126, 17, 27, 41,
       114, 151, 219, 221, 17, 122, 218, 72, 208, 114, 189, 13, 47, 250,
       149, 244, 75, 97, 213, 192, 199, 22, 115, 227, 49, 97, 216, 162,
       59, 222, 57, 139, 122, 190, 219, 235, 138, 72, 59, 169, 112, 112,
       135, 184, 183, 219, 215, 244, 185, 151, 254, 87, 71, 22, 188, 246,
       127, 109, 231, 59, 59, 153, 179, 220, 254, 241, 13, 58, 222, 74,
       156, 81, 181, 247, 105, 135, 41, 248, 253, 141, 79, 63, 203, 105,
       236, 92, 178, 139, 28, 112, 205, 170, 126, 12, 219, 43, 242, 151,
       247, 253, 146, 120, 26, 8, 210, 122, 60, 15, 74, 251, 196, 34,
       102, 81, 117, 3, 255, 18, 91, 107, 48, 88, 121, 138, 6, 170, 24,
       178, 9, 134, 210, 239, 226, 65, 183, 235, 248, 128, 48, 20, 253,
       127, 83, 230, 112, 86, 22, 107, 123, 87, 92, 63, 32, 121, 255,
       191, 55, 128, 33, 222, 81, 127, 71, 239, 114, 66, 249, 65, 32,
       187, 184, 20, 255, 255, 195, 111, 85, 111, 177, 83, 101, 56, 127,
       255, 41, 59, 171, 243, 167, 0, 56, 246, 58, 167, 211, 211, 84, 3,
       243, 112, 38, 187, 120, 180, 188, 164, 14, 79, 87, 63, 50, 238,
       159, 47, 215, 61, 66, 2, 159, 215, 253, 35, 232, 103, 217, 11,
       251, 231, 109, 61, 36, 106, 158, 83, 14, 45, 238, 244, 238, 50,
       222, 146, 201, 194, 124, 194, 221, 237, 245, 42, 143, 253, 55,
       255, 240, 224, 38, 234, 110, 255, 239, 200, 231, 253, 209, 129,
       129, 0, 103, 9, 68, 249, 160, 66, 76, 113, 115, 82, 144, 8, 148,
       105, 232, 12, 58, 153, 135, 188, 117, 192, 4, 56, 154, 66, 93, 8,
       121, 140, 52, 31, 90, 238, 116, 143, 83, 120, 5, 12, 125, 11, 51,
       217, 50, 16, 248, 184, 7, 106, 88, 178, 24, 61, 243, 205, 32, 104,
       113, 139, 102, 131, 56, 120, 120, 239, 100, 205, 95, 208, 17, 46,
       116, 10, 51, 159, 67, 48, 92, 248, 23, 202, 202, 54, 120, 49, 71,
       205, 176, 169, 115, 155, 78, 187, 72, 213, 90, 253, 52, 172, 121,
       151, 52, 9, 126, 17, 183, 147, 40, 80, 82, 170, 12, 12, 42, 152,
       208, 31, 231, 237, 48, 64, 48, 128, 192, 43, 174, 239, 100, 187,
       197, 249, 125, 196, 181, 86, 85, 147, 11, 205, 91, 11, 105, 202,
       147, 215, 126, 116, 126, 161, 103, 193, 212, 101, 247, 223, 214,
       210, 46, 114, 230, 169, 47, 115, 184, 74, 143, 253, 223, 167, 140,
       141, 39, 140, 238, 153, 255, 145, 132, 167, 119, 208, 23, 85, 155,
       191, 151, 93, 53, 215, 9, 217, 191, 84, 32, 142, 239, 176, 237,
       12, 118, 64, 223, 183, 160, 100, 38, 116, 62, 74, 193, 185, 51,
       104, 97, 190, 98, 128, 66, 179, 225, 49, 74, 161, 58, 193, 231,
       204, 185, 21, 173, 93, 87, 18, 156, 159, 86, 102, 230, 59, 159,
       89, 210, 152, 226, 192, 71, 249, 26, 195, 6, 8, 149, 243, 106,
       219, 186, 172, 127, 209, 148, 231, 139, 77, 220, 43, 172, 156,
       166, 0, 206, 19, 247, 193, 222, 43, 226, 241, 179, 245, 190, 251,
       21, 30, 175, 223, 91, 18, 106, 141, 122, 114, 185, 83, 164, 76,
       222, 231, 57, 143, 246, 82, 110, 141, 191, 141, 141, 159, 167,
       192, 214, 105, 186, 136, 47, 132, 49, 217, 35, 137, 99, 75, 20,
       147, 134, 233, 68, 64, 117, 66, 240, 72, 191, 164, 88, 42, 18,
       111, 215, 168, 108, 189, 38, 8, 34, 192, 93, 15, 121, 204, 6, 234,
       162, 158, 239, 208, 190, 236, 31, 87, 89, 163, 172, 238, 126, 204,
       251, 123, 147, 195, 66, 18, 138, 241, 53, 54, 222, 171, 23, 127,
       189, 222, 6, 236, 144, 155, 213, 243, 190, 206, 31, 23, 73, 19,
       236, 250, 111, 72, 217, 75, 147, 211, 54, 212, 91, 243, 47, 22,
       159, 103, 150, 95, 189, 134, 172, 5, 146, 153, 213, 247, 180, 193,
       31, 135, 119, 19, 204, 237, 63, 200, 249, 63, 163, 179, 52, 178,
       25, 194, 47, 119, 215, 71, 215, 93, 253, 194, 46, 112, 242, 206,
       109, 95, 246, 200, 91, 174, 253, 43, 74, 252, 95, 132, 255, 221,
       215, 227, 204, 55, 248, 194, 23, 93, 7, 47, 87, 63, 110, 215, 62,
       120, 154, 138, 125, 253, 178, 200, 30, 237, 253, 11, 204, 220,
       111, 128, 253, 249, 147, 115, 6, 51, 250, 218, 159, 213, 15, 47,
       213, 123, 61, 215, 92, 121, 251, 100, 98, 76, 127, 16, 40, 172,
       126, 104, 159, 151, 193, 112, 54, 125, 21, 74, 195, 18, 176, 96,
       211, 237, 38, 168, 32, 179, 39, 113, 6, 220, 58, 155, 84, 247,
       178, 226, 30, 69, 92, 3, 228, 252, 55, 192, 221, 123, 147, 17, 6,
       184, 90, 255, 47, 54, 138, 75, 148, 11, 61, 222, 49, 201, 106,
       254, 28, 135, 71, 116, 212, 4, 252, 2, 115, 209, 176, 96, 88, 168,
       14, 234, 201, 171, 126, 189, 243, 173, 162, 24, 117, 154, 116, 40,
       11, 3, 102, 71, 230, 26, 236, 53, 109, 202, 119, 230, 233, 40,
       158, 231, 54, 102, 126, 239, 213, 240, 173, 200, 38, 122, 102,
       130, 79, 246, 217, 141, 15, 177, 42, 139, 245, 245, 179, 201, 76,
       77, 93, 3, 136, 220, 126, 96, 220, 27, 147, 85, 150, 186, 118,
       215, 79, 93, 138, 203, 85, 15, 245, 215, 94, 240, 187, 242, 131,
       244, 63, 152, 171, 219, 7, 4, 222, 255, 105, 122, 183, 119, 253,
       210, 3, 65, 186, 224, 219, 245, 111, 79, 136, 115, 167, 51, 183,
       123, 233, 197, 238, 3, 173, 253, 82, 234, 212, 238, 145, 52, 215,
       46, 127, 204, 55, 239, 193, 118, 239, 202, 116, 14, 255, 172, 61,
       250, 241, 253, 10, 82, 106, 168, 108, 241, 184, 80, 140, 76, 220,
       167, 157, 140, 119, 0, 238, 137, 223, 213, 132, 35, 117, 192, 214,
       5, 170, 233, 93, 143, 125, 211, 11, 223, 99, 218, 119, 215, 191,
       247, 157, 72, 222, 103, 60, 220, 182, 164, 174, 57, 151, 135, 225,
       171, 48, 255, 51, 94, 175, 202, 95, 158, 185, 255, 22, 134, 54,
       155, 180, 131, 158, 239, 31, 11, 218, 179, 236, 122, 61, 68, 255,
       91, 31, 179, 126, 141, 11, 255, 170, 22, 159, 211, 148, 88, 177,
       143, 195, 94, 31, 244, 103, 140, 187, 246, 173, 202, 86, 100, 188,
       223, 165, 97, 166, 99, 127, 77, 225, 141, 162, 254, 247, 251, 42,
       138, 8, 1, 33, 251, 187, 76, 107, 140, 70, 215, 109, 119, 21, 66,
       196, 147, 57, 142, 50, 101, 110, 169, 19, 173, 233, 159, 52, 207,
       179, 105, 154, 128, 55, 212, 48, 252, 100, 179, 249, 206, 250,
       203, 19, 188, 143, 228, 121, 236, 119, 245, 232, 52, 22, 250, 55,
       122, 195, 35, 238, 63, 120, 148, 37, 254, 92, 171, 4, 113, 82,
       157, 151, 147, 167, 118, 190, 231, 61, 63, 218, 51, 204, 190, 100,
       75, 239, 215, 63, 145, 60, 217, 49, 226, 189, 54, 222, 199, 132,
       92, 181, 95, 245, 94, 239, 245, 38, 138, 77, 17, 208, 234, 215,
       246, 243, 103, 145, 123, 110, 228, 61, 174, 233, 213, 229, 10,
       244, 171, 231, 144, 45, 248, 80, 121, 29, 51, 80, 195, 47, 25,
       123, 88, 37, 120, 183, 238, 223, 87, 219, 166, 62, 148, 222, 238,
       153, 51, 173, 192, 214, 217, 33, 228, 111, 167, 43, 117, 91, 185,
       186, 118, 173, 92, 156, 135, 235, 243, 142, 9, 62, 189, 87, 58,
       135, 247, 253, 17, 23, 105, 154, 224, 251, 255, 93, 123, 206, 116,
       139, 30, 0, 207, 31, 115, 144, 204, 62, 180, 254, 21, 234, 65,
       247, 206, 72, 97, 229, 219, 110, 211, 222, 184, 111, 117, 237,
       179, 190, 65, 80, 18, 141, 8, 50, 246, 57, 104, 121, 151, 154,
       248, 143, 124, 184, 79, 106, 220, 125, 176, 220, 153, 215, 101,
       206, 35, 122, 157, 51, 221, 9, 191, 85, 46, 78, 255, 222, 191,
       242, 100, 83, 86, 91, 121, 115, 204, 181, 183, 73, 255, 102, 183,
       52, 189, 149, 164, 189, 75, 180, 200, 123, 217, 135, 175, 43, 164,
       47, 119, 111, 94, 123, 252, 160, 190, 95, 178, 221, 234, 126, 100,
       31, 191, 183, 116, 199, 125, 181, 78, 249, 189, 32, 234, 227, 255,
       97, 192, 222, 253, 65, 113, 57, 124, 112, 229, 53, 223, 90, 22,
       103, 236, 254, 40, 171, 29, 147, 244, 94, 188, 156, 72, 204, 186,
       101, 190, 247, 221, 160, 177, 118, 158, 84, 125, 56, 79, 94, 236,
