%YAML:1.0
---
descriptors: !!opencv-matrix
   rows: 167
   cols: 32
   dt: u
   data: [ 220, 25, 183, 113, 195, 110, 53, 131, 121, 243, 166, 24, 158,
       57, 65, 190, 167, 213, 232, 16, 49, 252, 177, 66, 223, 255, 84,
       70, 234, 97, 135, 50, 232, 184, 191, 118, 203, 237, 117, 231, 162,
       151, 36, 25, 62, 247, 64, 27, 165, 243, 233, 0, 114, 79, 178, 33,
       219, 227, 116, 59, 96, 64, 134, 250, 192, 52, 189, 116, 232, 108,
       113, 55, 225, 155, 47, 16, 182, 55, 64, 123, 131, 247, 124, 8, 49,
       205, 243, 66, 205, 186, 114, 64, 128, 64, 167, 59, 66, 169, 175,
       161, 172, 192, 189, 133, 174, 125, 142, 131, 132, 191, 74, 66,
       164, 83, 123, 209, 18, 73, 171, 241, 237, 21, 159, 239, 132, 18,
       165, 122, 133, 62, 159, 241, 232, 45, 168, 138, 186, 187, 114,
       120, 212, 243, 193, 43, 167, 127, 127, 25, 179, 84, 203, 66, 204,
       154, 123, 236, 200, 97, 3, 161, 198, 120, 191, 116, 106, 172, 184,
       82, 187, 154, 178, 121, 180, 158, 69, 59, 167, 117, 127, 21, 162,
       71, 146, 64, 213, 58, 123, 186, 136, 113, 35, 59, 10, 187, 56,
       169, 255, 153, 186, 207, 14, 53, 92, 175, 172, 142, 98, 128, 175,
       27, 131, 81, 86, 58, 194, 247, 110, 85, 158, 235, 21, 12, 159,
       219, 197, 90, 222, 212, 108, 6, 237, 50, 252, 130, 242, 70, 253,
       162, 181, 107, 102, 101, 126, 238, 225, 229, 150, 232, 20, 58,
       242, 128, 12, 241, 97, 45, 60, 228, 252, 106, 141, 79, 87, 200,
       87, 63, 165, 26, 83, 217, 120, 24, 89, 208, 236, 122, 58, 39, 91,
       19, 219, 207, 101, 125, 243, 187, 220, 34, 5, 59, 31, 162, 242,
       134, 175, 113, 168, 136, 59, 98, 84, 243, 64, 2, 166, 117, 87,
       243, 209, 217, 136, 108, 124, 8, 47, 196, 136, 35, 163, 161, 213,
       70, 77, 167, 36, 2, 110, 184, 96, 234, 223, 198, 243, 98, 155,
       115, 126, 196, 124, 239, 237, 212, 205, 40, 244, 235, 239, 132,
       45, 243, 120, 17, 9, 207, 57, 123, 60, 137, 65, 191, 94, 25, 120,
       96, 183, 129, 160, 112, 193, 42, 6, 12, 195, 184, 99, 53, 238,
       157, 52, 120, 80, 136, 192, 169, 80, 65, 95, 172, 28, 6, 71, 96,
       165, 160, 211, 3, 67, 19, 32, 83, 248, 196, 108, 226, 105, 163,
       17, 140, 177, 226, 194, 22, 33, 186, 112, 2, 220, 249, 157, 239,
       58, 200, 19, 168, 174, 149, 137, 33, 253, 215, 72, 114, 134, 113,
       125, 82, 66, 13, 187, 51, 201, 229, 47, 121, 16, 2, 7, 123, 76,
       145, 151, 247, 130, 226, 53, 167, 174, 59, 74, 1, 221, 55, 8, 75,
       227, 87, 121, 144, 17, 217, 19, 32, 205, 163, 126, 69, 128, 82,
       165, 59, 125, 109, 99, 70, 87, 86, 79, 248, 97, 224, 239, 10, 91,
       101, 21, 244, 56, 228, 80, 238, 201, 179, 189, 140, 51, 237, 133,
       4, 103, 183, 114, 100, 252, 90, 222, 244, 44, 78, 93, 184, 169,
       222, 182, 63, 95, 95, 7, 91, 238, 213, 253, 226, 104, 199, 219,
       232, 211, 251, 231, 151, 37, 177, 102, 115, 128, 162, 24, 155,
       252, 137, 169, 175, 30, 49, 17, 248, 157, 66, 200, 72, 15, 11, 74,
       29, 51, 88, 79, 215, 12, 22, 190, 252, 156, 136, 137, 137, 112,
       130, 95, 141, 68, 72, 225, 97, 40, 4, 242, 78, 230, 98, 32, 82,
       120, 165, 46, 161, 73, 187, 211, 73, 148, 160, 202, 9, 41, 40,
       125, 136, 52, 42, 93, 129, 6, 75, 225, 64, 110, 180, 178, 78, 134,
       2, 69, 139, 104, 165, 110, 177, 9, 243, 81, 72, 156, 130, 203, 52,
       105, 41, 121, 128, 125, 87, 189, 239, 44, 15, 111, 184, 127, 234,
       191, 76, 223, 243, 153, 112, 220, 196, 126, 110, 233, 99, 249,
       154, 247, 255, 167, 188, 26, 251, 65, 49, 13, 255, 185, 95, 224,
       143, 239, 191, 126, 235, 126, 100, 249, 231, 209, 180, 159, 110,
       102, 156, 211, 184, 249, 115, 108, 191, 55, 196, 218, 242, 195,
       249, 120, 184, 191, 126, 203, 233, 53, 199, 162, 159, 164, 41, 61,
       247, 64, 26, 165, 251, 235, 16, 18, 79, 186, 33, 219, 231, 116,
       41, 224, 80, 166, 234, 125, 117, 61, 239, 60, 15, 215, 248, 127,
       232, 189, 76, 223, 121, 25, 32, 156, 213, 126, 110, 233, 99, 251,
       158, 251, 223, 37, 252, 72, 187, 67, 51, 189, 112, 240, 104, 219,
       63, 67, 216, 83, 178, 181, 92, 91, 81, 205, 188, 27, 220, 198,
       250, 171, 118, 253, 18, 127, 217, 5, 60, 251, 191, 106, 161, 31,
       161, 142, 179, 145, 246, 56, 7, 62, 193, 203, 21, 204, 238, 98,
       192, 241, 43, 187, 149, 31, 152, 19, 214, 168, 85, 159, 199, 152,
       70, 169, 22, 21, 60, 159, 225, 178, 62, 106, 51, 52, 171, 74, 84,
       215, 51, 128, 224, 55, 127, 28, 184, 185, 220, 145, 14, 168, 239,
       39, 68, 168, 224, 137, 33, 156, 60, 155, 241, 178, 175, 57, 23,
       62, 171, 66, 112, 157, 183, 64, 40, 55, 63, 55, 145, 51, 220, 145,
       2, 205, 199, 63, 196, 168, 64, 131, 177, 192, 180, 159, 246, 234,
       228, 53, 53, 170, 31, 39, 48, 244, 247, 72, 91, 135, 119, 105, 2,
       50, 77, 186, 97, 207, 163, 118, 73, 128, 66, 167, 35, 48, 133, 27,
       169, 148, 227, 195, 111, 52, 5, 250, 2, 115, 241, 32, 64, 120,
       170, 10, 176, 26, 187, 1, 63, 249, 133, 162, 64, 241, 74, 244,
       170, 232, 168, 188, 120, 169, 249, 17, 143, 155, 55, 164, 25, 174,
       253, 66, 27, 129, 115, 233, 16, 50, 111, 202, 49, 219, 211, 85,
       123, 210, 76, 143, 75, 63, 125, 113, 99, 230, 93, 255, 240, 1,
       232, 189, 106, 91, 125, 213, 36, 158, 249, 85, 107, 217, 50, 248,
       170, 111, 221, 37, 176, 111, 191, 86, 241, 18, 253, 191, 188, 226,
       210, 53, 231, 191, 223, 94, 163, 60, 183, 34, 112, 167, 255, 191,
       129, 117, 217, 162, 127, 255, 39, 127, 203, 164, 64, 173, 123, 68,
       112, 153, 225, 32, 110, 83, 152, 46, 186, 35, 104, 215, 119, 73,
       122, 151, 93, 124, 106, 1, 65, 185, 8, 193, 173, 37, 52, 128, 243,
       7, 35, 240, 141, 31, 228, 148, 79, 103, 101, 244, 36, 238, 2, 115,
       33, 32, 81, 120, 230, 106, 106, 120, 187, 49, 61, 241, 163, 229,
       80, 49, 42, 244, 104, 56, 172, 206, 126, 205, 111, 199, 239, 81,
       163, 236, 26, 115, 105, 30, 187, 89, 230, 106, 168, 56, 235, 123,
       175, 251, 255, 213, 25, 227, 104, 254, 42, 136, 172, 166, 250,
       205, 253, 240, 71, 247, 23, 164, 27, 173, 175, 98, 143, 233, 162,
       234, 144, 54, 111, 178, 177, 223, 211, 214, 123, 243, 76, 239,
       206, 117, 13, 84, 101, 188, 11, 70, 32, 197, 160, 170, 8, 227, 97,
       145, 247, 72, 228, 108, 106, 108, 225, 197, 44, 168, 248, 69, 49,
       96, 251, 88, 0, 237, 253, 177, 68, 189, 77, 199, 142, 66, 250,
       188, 8, 242, 113, 217, 166, 25, 194, 92, 122, 107, 103, 251, 58,
       233, 141, 37, 60, 216, 122, 210, 40, 92, 219, 191, 163, 168, 198,
       63, 180, 174, 157, 138, 1, 253, 183, 96, 66, 224, 87, 105, 209,
       82, 201, 155, 161, 205, 231, 255, 69, 128, 18, 165, 122, 241, 252,
       129, 116, 28, 7, 71, 254, 82, 226, 160, 78, 51, 112, 81, 176, 89,
       236, 88, 111, 233, 111, 221, 62, 185, 142, 133, 60, 89, 249, 82,
       40, 121, 146, 15, 141, 77, 92, 161, 112, 44, 76, 246, 38, 190,
       150, 162, 211, 104, 172, 238, 160, 73, 187, 241, 77, 213, 33, 234,
       137, 25, 40, 127, 251, 208, 221, 94, 197, 178, 74, 125, 183, 172,
       240, 134, 178, 85, 55, 128, 115, 38, 214, 124, 234, 113, 217, 161,
       109, 251, 171, 103, 197, 32, 208, 173, 57, 185, 100, 106, 40, 86,
       95, 90, 248, 49, 226, 244, 143, 91, 77, 59, 17, 62, 204, 23, 239,
       109, 182, 28, 63, 119, 201, 161, 165, 111, 189, 122, 218, 183, 99,
       236, 66, 173, 23, 198, 216, 207, 254, 181, 14, 74, 72, 223, 175,
       89, 196, 254, 127, 237, 103, 111, 216, 50, 91, 197, 183, 127, 255,
       120, 101, 41, 48, 135, 145, 77, 95, 161, 80, 38, 252, 182, 14,
       157, 22, 67, 207, 104, 164, 238, 144, 1, 254, 117, 200, 213, 3,
       251, 36, 107, 44, 93, 240, 82, 159, 127, 177, 178, 202, 63, 183,
       172, 117, 14, 229, 253, 39, 160, 65, 38, 119, 253, 237, 114, 137,
       33, 125, 233, 163, 46, 208, 36, 144, 133, 121, 36, 237, 129, 101,
       213, 170, 70, 167, 99, 167, 106, 8, 3, 32, 5, 18, 89, 238, 64, 16,
       28, 248, 217, 46, 45, 150, 149, 85, 225, 122, 214, 142, 16, 220,
