%YAML:1.0
---
descriptors: !!opencv-matrix
   rows: 191
   cols: 32
   dt: u
   data: [ 73, 176, 181, 101, 99, 76, 112, 40, 232, 89, 38, 40, 190, 113,
       9, 51, 130, 20, 104, 104, 3, 112, 179, 1, 71, 249, 96, 10, 74, 32,
       67, 171, 162, 126, 154, 90, 201, 237, 148, 79, 154, 63, 168, 57,
       166, 252, 111, 24, 141, 59, 235, 17, 38, 111, 218, 51, 89, 23, 85,
       123, 208, 88, 135, 219, 120, 41, 82, 232, 57, 223, 82, 80, 161,
       13, 236, 9, 47, 219, 2, 148, 162, 187, 205, 80, 30, 171, 18, 205,
       243, 221, 0, 27, 98, 134, 110, 11, 93, 13, 247, 205, 246, 10, 111,
       182, 124, 130, 126, 98, 249, 115, 177, 117, 114, 238, 62, 234,
       225, 184, 37, 238, 116, 174, 231, 0, 39, 248, 113, 168, 2, 249,
       25, 187, 248, 201, 182, 239, 142, 5, 72, 107, 164, 223, 104, 64,
       203, 59, 3, 1, 82, 26, 74, 245, 173, 20, 30, 107, 16, 26, 165,
       139, 193, 148, 28, 249, 57, 141, 21, 191, 174, 63, 164, 28, 190,
       51, 74, 83, 133, 19, 108, 0, 102, 73, 83, 53, 239, 219, 116, 126,
       24, 8, 129, 11, 93, 17, 91, 101, 51, 94, 51, 16, 104, 104, 111,
       96, 222, 51, 129, 120, 178, 85, 124, 106, 17, 144, 177, 76, 215,
       175, 34, 70, 168, 35, 35, 51, 208, 72, 223, 182, 14, 2, 108, 228,
       249, 146, 178, 90, 123, 98, 13, 91, 106, 197, 108, 234, 104, 199,
       139, 232, 179, 234, 198, 16, 37, 176, 226, 8, 60, 245, 17, 236,
       189, 79, 94, 252, 63, 138, 248, 72, 223, 255, 41, 48, 221, 217,
       253, 98, 107, 35, 91, 187, 249, 223, 37, 62, 88, 251, 198, 179,
       198, 172, 150, 180, 188, 160, 174, 175, 186, 178, 24, 80, 172,
       235, 112, 66, 163, 111, 121, 153, 50, 77, 138, 243, 172, 22, 159,
       238, 132, 113, 129, 137, 166, 140, 215, 252, 252, 139, 94, 239,
       223, 131, 112, 88, 239, 233, 52, 205, 211, 107, 111, 40, 48, 111,
       74, 159, 170, 254, 87, 58, 212, 248, 193, 141, 201, 253, 125, 255,
       126, 214, 123, 56, 224, 200, 29, 230, 253, 87, 155, 99, 22, 49,
       253, 238, 225, 0, 46, 221, 111, 107, 171, 128, 54, 167, 17, 241,
       114, 144, 224, 90, 95, 212, 209, 63, 27, 77, 180, 63, 42, 60, 30,
       180, 157, 147, 253, 129, 191, 111, 115, 255, 27, 126, 152, 251,
       219, 12, 222, 95, 109, 120, 17, 39, 117, 95, 66, 184, 105, 232,
       123, 76, 223, 50, 9, 180, 148, 197, 94, 110, 141, 240, 121, 168,
       165, 248, 33, 54, 74, 187, 66, 5, 141, 182, 224, 147, 221, 121,
       165, 31, 254, 127, 61, 62, 205, 230, 202, 175, 11, 10, 206, 24,
       183, 112, 255, 215, 78, 87, 119, 245, 222, 204, 221, 247, 250, 56,
       236, 117, 139, 125, 145, 23, 147, 255, 150, 191, 10, 188, 71, 42,
       237, 247, 253, 145, 188, 111, 243, 130, 83, 119, 216, 179, 231,
       92, 158, 95, 9, 79, 86, 73, 244, 154, 238, 119, 108, 4, 126, 192,
       137, 1, 148, 180, 50, 44, 70, 44, 208, 184, 37, 92, 46, 62, 54, 4,
       78, 136, 203, 140, 88, 254, 152, 247, 49, 143, 90, 150, 63, 169,
       250, 77, 255, 59, 64, 144, 183, 255, 237, 16, 142, 122, 201, 186,
       255, 223, 53, 178, 202, 144, 203, 11, 1, 161, 157, 187, 252, 137,
       173, 175, 30, 57, 88, 248, 180, 163, 200, 0, 207, 27, 34, 17, 83,
       88, 75, 209, 12, 22, 62, 236, 152, 8, 129, 185, 233, 34, 254, 124,
       109, 63, 121, 91, 235, 254, 116, 61, 143, 171, 214, 191, 131, 165,
       238, 12, 164, 111, 230, 202, 86, 251, 114, 173, 74, 164, 78, 217,
       15, 146, 179, 249, 191, 247, 186, 73, 94, 73, 208, 119, 236, 252,
       60, 236, 255, 59, 191, 149, 183, 187, 43, 215, 31, 126, 187, 198,
       151, 12, 181, 247, 91, 189, 126, 115, 179, 222, 124, 55, 253, 105,
       127, 177, 159, 191, 150, 117, 38, 191, 253, 12, 245, 216, 181, 85,
       255, 251, 118, 195, 110, 132, 203, 95, 73, 75, 93, 103, 36, 14,
       111, 180, 109, 168, 118, 108, 247, 97, 145, 115, 22, 100, 108,
       110, 201, 240, 237, 44, 230, 251, 101, 144, 74, 179, 66, 41, 3,
       125, 123, 229, 50, 158, 191, 119, 173, 72, 90, 228, 189, 159, 165,
       96, 182, 61, 31, 239, 193, 153, 32, 238, 182, 253, 42, 130, 12,
       146, 33, 249, 104, 34, 244, 124, 109, 89, 249, 83, 107, 253, 116,
       189, 143, 141, 214, 191, 202, 45, 231, 12, 148, 122, 226, 192, 70,
       123, 114, 171, 198, 140, 79, 223, 29, 22, 110, 227, 182, 50, 239,
       242, 85, 75, 215, 246, 91, 45, 190, 104, 127, 198, 23, 191, 185,
       180, 101, 238, 246, 239, 190, 192, 239, 253, 240, 241, 65, 77,
       222, 229, 116, 14, 110, 114, 252, 128, 110, 66, 253, 227, 177,
       102, 114, 236, 62, 234, 96, 152, 129, 238, 230, 174, 230, 0, 38,
       242, 97, 168, 178, 190, 175, 184, 226, 143, 180, 199, 191, 251,
       242, 251, 46, 191, 36, 25, 237, 251, 247, 17, 242, 255, 2, 227,
       63, 114, 94, 234, 193, 92, 167, 251, 147, 207, 102, 157, 159, 147,
       190, 231, 220, 68, 208, 231, 168, 136, 182, 197, 236, 43, 155,
       197, 246, 169, 6, 253, 34, 80, 142, 195, 87, 28, 249, 204, 34,
       189, 17, 234, 253, 141, 182, 239, 14, 1, 104, 75, 164, 251, 108,
       0, 217, 27, 3, 81, 82, 10, 74, 245, 189, 148, 30, 126, 144, 10,
       135, 139, 109, 105, 21, 37, 116, 95, 110, 120, 105, 232, 122, 72,
       223, 48, 17, 176, 144, 204, 86, 110, 205, 242, 249, 12, 167, 249,
       37, 36, 72, 187, 66, 193, 15, 182, 229, 81, 252, 249, 176, 155,
       127, 127, 189, 255, 138, 252, 206, 47, 15, 158, 238, 20, 183, 120,
       239, 211, 78, 86, 119, 247, 223, 204, 213, 247, 41, 237, 58, 110,
       249, 182, 198, 239, 241, 0, 236, 0, 106, 250, 62, 112, 216, 110,
       66, 104, 76, 171, 140, 127, 115, 125, 6, 9, 66, 86, 234, 142, 200,
       176, 189, 112, 185, 109, 17, 143, 187, 63, 36, 25, 142, 183, 74,
       26, 129, 19, 237, 16, 58, 76, 251, 51, 207, 215, 85, 119, 194, 64,
       135, 106, 110, 199, 237, 247, 170, 114, 79, 157, 150, 255, 159,
       179, 193, 111, 219, 75, 95, 214, 237, 182, 56, 70, 239, 226, 238,
       231, 255, 221, 183, 255, 180, 113, 61, 103, 196, 71, 48, 26, 78,
       184, 119, 168, 123, 228, 83, 96, 157, 244, 54, 204, 36, 110, 233,
       240, 205, 46, 168, 174, 37, 132, 111, 243, 64, 5, 236, 167, 196,
       103, 157, 15, 70, 184, 71, 184, 191, 73, 195, 105, 92, 135, 89,
       198, 110, 122, 126, 96, 203, 156, 111, 219, 229, 125, 243, 251,
       216, 2, 9, 203, 86, 77, 52, 155, 232, 103, 109, 5, 126, 128, 171,
       32, 182, 164, 42, 38, 110, 76, 196, 185, 37, 222, 166, 253, 2, 65,
       70, 132, 233, 12, 36, 160, 184, 241, 205, 45, 240, 200, 91, 177,
       161, 27, 22, 219, 109, 26, 249, 156, 99, 16, 18, 119, 218, 144,
       95, 153, 65, 127, 209, 75, 86, 130, 105, 82, 165, 149, 109, 60,
       109, 24, 48, 214, 182, 220, 219, 38, 211, 255, 77, 196, 250, 142,
       233, 102, 247, 192, 197, 123, 243, 20, 10, 253, 90, 244, 99, 178,
       252, 232, 124, 23, 216, 219, 91, 121, 49, 253, 12, 157, 222, 56,
       159, 21, 181, 21, 150, 111, 171, 213, 219, 91, 251, 254, 222, 140,
       211, 117, 218, 80, 119, 236, 47, 22, 89, 56, 201, 216, 86, 227,
       253, 223, 180, 103, 134, 53, 245, 239, 201, 196, 182, 221, 195,
       251, 233, 142, 54, 166, 69, 115, 173, 141, 127, 81, 212, 167, 229,
       254, 86, 34, 246, 214, 16, 41, 180, 73, 89, 70, 2, 120, 177, 191,
       37, 62, 126, 15, 181, 68, 223, 137, 240, 128, 251, 178, 125, 73,
       47, 253, 216, 155, 11, 125, 181, 125, 10, 28, 222, 56, 205, 159,
       245, 17, 159, 126, 251, 209, 27, 89, 152, 247, 223, 140, 222, 87,
       205, 48, 153, 225, 224, 46, 120, 25, 122, 179, 99, 80, 221, 115,
       72, 250, 183, 31, 116, 56, 19, 212, 153, 66, 207, 237, 55, 68,
       136, 224, 139, 161, 70, 164, 112, 195, 221, 109, 240, 73, 127, 55,
       185, 27, 206, 120, 92, 136, 187, 155, 239, 49, 54, 118, 219, 214,
       157, 22, 27, 119, 197, 79, 223, 134, 120, 157, 61, 126, 185, 207,
       83, 183, 150, 13, 238, 0, 247, 119, 32, 112, 197, 50, 29, 24, 58,
       137, 121, 63, 235, 239, 52, 80, 146, 138, 196, 107, 119, 123, 107,
       14, 108, 132, 223, 66, 249, 204, 249, 15, 34, 220, 119, 48, 190,
       233, 87, 87, 196, 99, 190, 104, 83, 56, 5, 170, 69, 183, 118, 215,
