%YAML:1.0
---
descriptors: !!opencv-matrix
   rows: 261
   cols: 32
   dt: u
   data: [ 74, 58, 38, 158, 89, 148, 25, 88, 143, 156, 196, 135, 168,
       207, 119, 203, 204, 57, 235, 197, 138, 75, 146, 253, 27, 113, 139,
       187, 18, 5, 61, 222, 57, 123, 123, 101, 118, 95, 247, 112, 109,
       104, 126, 110, 127, 29, 149, 180, 190, 236, 87, 107, 193, 177, 37,
       31, 182, 253, 33, 176, 111, 190, 91, 249, 197, 111, 26, 139, 234,
       169, 47, 199, 172, 7, 107, 212, 157, 2, 137, 219, 39, 11, 74, 206,
       115, 13, 4, 98, 180, 132, 62, 40, 152, 83, 171, 136, 182, 48, 225,
       33, 207, 105, 176, 74, 27, 245, 161, 155, 2, 204, 94, 15, 249,
       157, 211, 49, 30, 114, 251, 144, 95, 80, 145, 119, 231, 109, 86,
       214, 111, 126, 241, 5, 105, 127, 59, 152, 43, 254, 53, 253, 220,
       38, 199, 190, 151, 93, 244, 126, 133, 84, 253, 192, 6, 93, 109,
       182, 206, 245, 3, 245, 227, 234, 14, 90, 77, 213, 144, 200, 203,
       158, 161, 29, 32, 200, 127, 59, 201, 160, 234, 82, 230, 103, 142,
       115, 26, 24, 65, 59, 89, 13, 122, 14, 203, 95, 23, 23, 48, 158,
       46, 55, 189, 200, 90, 229, 253, 38, 146, 115, 134, 39, 125, 108,
       229, 153, 53, 110, 164, 58, 46, 128, 10, 244, 129, 125, 201, 26,
       150, 21, 37, 190, 162, 146, 238, 138, 98, 68, 172, 130, 133, 239,
       228, 102, 106, 94, 165, 253, 147, 104, 4, 122, 86, 2, 74, 117,
       121, 141, 217, 124, 82, 89, 75, 248, 48, 79, 126, 3, 96, 48, 60,
       146, 68, 253, 163, 63, 234, 144, 103, 95, 146, 87, 21, 160, 18,
       43, 104, 80, 171, 142, 35, 2, 231, 141, 126, 59, 224, 110, 95,
       224, 90, 238, 64, 104, 180, 172, 222, 140, 182, 45, 133, 250, 101,
       157, 28, 30, 81, 198, 127, 140, 120, 205, 85, 22, 191, 247, 168,
       44, 57, 26, 172, 186, 183, 116, 220, 55, 137, 107, 167, 117, 125,
       10, 161, 197, 179, 192, 197, 186, 123, 148, 136, 225, 1, 51, 252,
       119, 243, 70, 210, 90, 119, 240, 49, 174, 127, 170, 75, 103, 137,
       183, 54, 212, 132, 106, 104, 215, 173, 138, 114, 227, 37, 132, 99,
       242, 71, 49, 112, 175, 115, 92, 82, 200, 73, 247, 51, 5, 236, 24,
       54, 199, 128, 20, 55, 190, 101, 136, 106, 26, 162, 127, 241, 164,
       52, 104, 96, 128, 38, 106, 171, 190, 52, 59, 189, 189, 146, 239,
       94, 127, 52, 21, 238, 216, 62, 141, 157, 43, 130, 21, 166, 108,
       90, 183, 15, 95, 159, 126, 218, 77, 217, 223, 126, 94, 118, 172,
       59, 18, 95, 112, 165, 132, 223, 163, 75, 223, 41, 208, 254, 181,
       157, 226, 76, 131, 4, 140, 243, 229, 171, 139, 39, 183, 54, 99,
       240, 99, 200, 101, 92, 10, 111, 56, 113, 168, 247, 78, 243, 3,
       216, 83, 88, 204, 76, 238, 104, 242, 201, 8, 238, 169, 165, 16,
       105, 187, 106, 128, 222, 115, 250, 100, 210, 26, 126, 208, 33,
       172, 183, 239, 75, 231, 233, 158, 54, 245, 205, 102, 232, 71, 140,
       74, 242, 201, 37, 189, 227, 247, 46, 113, 92, 87, 87, 110, 18, 66,
       43, 184, 52, 140, 203, 226, 81, 103, 169, 81, 118, 245, 47, 234,
       33, 147, 13, 79, 112, 166, 35, 132, 55, 179, 36, 33, 125, 132,
       120, 234, 157, 125, 82, 216, 70, 53, 173, 26, 91, 93, 74, 152, 89,
       152, 198, 58, 26, 39, 123, 151, 219, 205, 33, 125, 243, 203, 76,
       194, 103, 179, 236, 18, 234, 105, 188, 143, 235, 125, 185, 253,
       104, 188, 222, 26, 135, 199, 253, 21, 150, 107, 238, 241, 30, 26,
       125, 255, 197, 70, 199, 95, 77, 32, 235, 69, 162, 50, 43, 26, 126,
       227, 79, 146, 221, 39, 219, 106, 55, 92, 59, 191, 145, 208, 189,
       66, 206, 207, 255, 132, 166, 231, 1, 112, 221, 86, 140, 165, 162,
       46, 44, 184, 50, 250, 7, 213, 221, 39, 203, 219, 55, 69, 125, 174,
       165, 213, 157, 66, 204, 231, 127, 132, 170, 245, 11, 81, 212, 114,
       189, 101, 170, 10, 21, 25, 186, 190, 35, 253, 223, 103, 200, 91,
       55, 85, 108, 98, 112, 85, 137, 2, 220, 162, 101, 180, 160, 241,
       135, 51, 96, 33, 27, 97, 8, 239, 67, 4, 228, 32, 170, 8, 215, 17,
       0, 48, 144, 20, 104, 88, 10, 161, 209, 0, 225, 172, 32, 16, 64,
       74, 70, 162, 123, 134, 238, 85, 22, 18, 75, 58, 113, 227, 215,
       215, 99, 44, 150, 241, 112, 236, 189, 173, 172, 252, 165, 14, 218,
       111, 245, 128, 239, 164, 122, 92, 82, 176, 254, 176, 139, 248, 16,
       199, 255, 83, 160, 153, 46, 254, 102, 250, 167, 183, 217, 145, 31,
       79, 182, 241, 153, 210, 94, 107, 200, 68, 175, 14, 252, 32, 121,
       110, 29, 91, 80, 72, 83, 164, 165, 24, 203, 24, 29, 184, 216, 148,
       204, 51, 62, 103, 251, 154, 147, 255, 1, 63, 243, 43, 94, 38, 57,
       254, 123, 105, 114, 247, 91, 118, 117, 72, 254, 100, 59, 31, 150,
       116, 126, 157, 86, 236, 137, 186, 101, 93, 210, 253, 34, 192, 99,
       129, 98, 249, 254, 182, 225, 146, 250, 96, 27, 217, 19, 247, 151,
       255, 73, 231, 202, 20, 95, 223, 237, 148, 58, 86, 205, 194, 124,
       6, 189, 253, 167, 230, 166, 123, 251, 74, 238, 23, 22, 186, 107,
       48, 113, 231, 247, 151, 107, 40, 158, 221, 114, 230, 253, 237,
       173, 252, 229, 239, 126, 111, 240, 193, 111, 133, 218, 84, 31,
       207, 214, 150, 163, 18, 126, 228, 61, 186, 250, 227, 110, 46, 39,
       213, 247, 223, 159, 198, 244, 219, 9, 239, 184, 214, 94, 194, 162,
       119, 43, 13, 76, 17, 151, 245, 171, 110, 53, 31, 175, 251, 175,
       84, 220, 183, 72, 250, 167, 87, 253, 16, 17, 73, 147, 194, 205,
       255, 95, 86, 138, 96, 161, 51, 82, 181, 59, 138, 185, 253, 17, 79,
       175, 73, 173, 8, 190, 222, 78, 52, 161, 155, 220, 16, 31, 43, 186,
       209, 153, 148, 18, 123, 208, 66, 135, 127, 104, 255, 56, 101, 48,
       142, 127, 176, 105, 12, 124, 12, 191, 3, 2, 16, 182, 124, 76, 106,
       200, 176, 184, 45, 227, 253, 32, 17, 64, 147, 71, 235, 58, 22,
       229, 165, 29, 115, 160, 11, 86, 226, 218, 211, 193, 44, 21, 237,
       89, 20, 187, 161, 173, 244, 85, 158, 13, 103, 219, 20, 207, 108,
       116, 148, 151, 205, 14, 158, 157, 253, 198, 236, 220, 82, 137, 18,
       230, 120, 62, 231, 161, 194, 90, 111, 119, 101, 30, 255, 176, 42,
       70, 18, 24, 95, 217, 6, 71, 12, 199, 156, 214, 114, 110, 206, 253,
       195, 202, 18, 80, 242, 61, 254, 121, 239, 50, 152, 61, 220, 183,
       226, 57, 62, 222, 70, 169, 113, 176, 36, 67, 180, 167, 151, 141,
       108, 173, 47, 254, 83, 75, 23, 240, 252, 30, 107, 201, 78, 123,
       141, 183, 252, 255, 131, 13, 62, 222, 2, 140, 108, 209, 126, 94,
       247, 179, 130, 211, 64, 59, 252, 51, 193, 73, 239, 108, 247, 232,
       212, 55, 219, 183, 243, 19, 66, 138, 247, 253, 36, 13, 238, 166,
       151, 167, 115, 48, 20, 91, 104, 116, 47, 66, 90, 73, 168, 249, 72,
       19, 211, 45, 112, 216, 188, 6, 40, 9, 179, 16, 158, 209, 253, 162,
       40, 249, 235, 98, 163, 73, 34, 122, 125, 114, 130, 41, 57, 188, 8,
       66, 224, 249, 195, 176, 96, 54, 37, 123, 172, 160, 157, 134, 93,
       68, 45, 170, 200, 36, 128, 41, 9, 52, 221, 85, 235, 156, 67, 71,
       248, 132, 66, 233, 66, 211, 119, 41, 96, 89, 218, 26, 234, 121,
       144, 123, 58, 233, 204, 167, 20, 189, 251, 212, 176, 41, 121, 51,
       117, 117, 141, 80, 118, 105, 232, 116, 77, 191, 155, 3, 144, 140,
       189, 85, 72, 205, 184, 80, 188, 231, 221, 48, 48, 74, 140, 66,
       219, 76, 185, 148, 81, 235, 124, 53, 191, 171, 253, 46, 44, 204,
       182, 70, 191, 135, 87, 232, 80, 23, 73, 187, 96, 15, 243, 85, 79,
       202, 117, 143, 151, 223, 68, 142, 165, 160, 54, 124, 186, 51, 250,
       134, 84, 223, 50, 219, 123, 55, 197, 124, 174, 173, 213, 189, 74,
       202, 239, 255, 148, 174, 245, 42, 21, 87, 73, 19, 190, 43, 192,
       14, 104, 169, 192, 201, 231, 238, 202, 37, 210, 210, 229, 108,
       231, 77, 3, 218, 205, 176, 240, 139, 154, 12, 55, 43, 20, 126, 87,
       74, 236, 49, 18, 94, 113, 37, 136, 251, 231, 75, 203, 41, 80, 254,
       181, 157, 162, 72, 147, 0, 142, 242, 245, 170, 133, 47, 230, 120,
       18, 37, 149, 17, 75, 221, 31, 198, 121, 93, 98, 169, 92, 210, 24,
       28, 181, 153, 2, 90, 46, 245, 50, 89, 31, 55, 222, 1, 118, 88,
       107, 218, 20, 108, 251, 145, 98, 57, 205, 66, 176, 227, 61, 172,
