%YAML:1.0
---
descriptors: !!opencv-matrix
   rows: 298
   cols: 32
   dt: u
   data: [ 170, 56, 254, 252, 47, 71, 221, 127, 91, 238, 118, 191, 127,
       189, 55, 140, 151, 125, 181, 1, 233, 255, 147, 206, 66, 255, 221,
       146, 79, 172, 124, 219, 54, 176, 225, 1, 205, 105, 241, 74, 27,
       245, 41, 155, 2, 204, 94, 15, 249, 140, 211, 49, 30, 114, 251,
       144, 95, 80, 153, 119, 215, 77, 86, 246, 60, 97, 123, 103, 212,
       223, 71, 177, 96, 4, 255, 8, 211, 81, 9, 176, 24, 240, 68, 106,
       73, 176, 120, 12, 231, 205, 36, 21, 97, 186, 198, 162, 9, 60, 26,
       41, 29, 191, 114, 79, 126, 106, 234, 12, 158, 152, 18, 144, 161,
       46, 106, 13, 151, 189, 211, 51, 133, 253, 16, 48, 72, 73, 203, 14,
       61, 68, 125, 109, 50, 26, 238, 60, 100, 192, 251, 226, 217, 12,
       157, 32, 126, 213, 94, 239, 237, 176, 109, 76, 102, 237, 162, 132,
       109, 187, 105, 129, 233, 153, 93, 93, 236, 12, 229, 184, 104, 90,
       116, 76, 210, 49, 4, 187, 36, 94, 114, 106, 225, 114, 178, 105,
       103, 169, 96, 8, 75, 177, 67, 177, 251, 134, 238, 101, 20, 26, 79,
       55, 113, 226, 247, 215, 115, 41, 150, 243, 123, 228, 61, 173, 173,
       252, 165, 14, 58, 111, 245, 144, 239, 164, 122, 92, 67, 33, 42,
       26, 50, 153, 187, 32, 188, 64, 70, 160, 252, 214, 176, 116, 54,
       57, 91, 221, 130, 1, 38, 125, 212, 36, 42, 200, 16, 2, 35, 96, 83,
       184, 210, 184, 155, 253, 16, 71, 251, 81, 160, 27, 46, 186, 102,
       57, 167, 163, 221, 17, 62, 11, 18, 209, 153, 210, 94, 123, 201,
       68, 171, 15, 87, 176, 129, 131, 194, 46, 171, 200, 42, 249, 19,
       223, 84, 174, 92, 42, 55, 205, 123, 191, 151, 80, 189, 64, 28, 36,
       235, 228, 173, 35, 163, 116, 197, 22, 191, 247, 40, 46, 57, 18,
       172, 190, 179, 116, 221, 55, 137, 107, 167, 85, 125, 42, 161, 197,
       163, 192, 193, 250, 122, 144, 136, 241, 1, 113, 181, 112, 252, 97,
       76, 15, 87, 216, 83, 182, 181, 10, 83, 93, 95, 59, 93, 220, 86,
       122, 168, 118, 123, 50, 219, 203, 101, 60, 249, 251, 86, 178, 0,
       206, 26, 187, 146, 167, 58, 230, 30, 1, 74, 135, 181, 195, 34, 64,
       125, 43, 11, 148, 50, 136, 27, 63, 236, 166, 190, 72, 152, 10,
       169, 24, 208, 124, 83, 88, 203, 249, 52, 71, 62, 3, 226, 56, 188,
       150, 100, 253, 35, 59, 234, 128, 35, 29, 147, 115, 149, 160, 18,
       107, 120, 80, 171, 191, 22, 75, 2, 174, 61, 147, 218, 104, 143, 8,
       219, 199, 238, 204, 53, 196, 220, 161, 223, 103, 202, 39, 78, 255,
       242, 116, 139, 155, 93, 63, 57, 23, 82, 105, 158, 170, 27, 193,
       19, 200, 171, 4, 168, 169, 46, 223, 96, 18, 234, 177, 205, 208,
       74, 11, 138, 241, 217, 245, 11, 123, 16, 6, 39, 75, 214, 191, 171,
       182, 184, 62, 31, 183, 184, 237, 158, 253, 239, 108, 211, 66, 151,
       247, 237, 117, 189, 73, 249, 174, 184, 247, 47, 187, 140, 118,
       157, 125, 35, 66, 231, 157, 124, 19, 192, 110, 87, 224, 82, 238,
       96, 232, 182, 237, 222, 172, 178, 37, 173, 250, 109, 157, 30, 26,
       209, 198, 95, 172, 88, 141, 195, 148, 164, 87, 205, 190, 173, 51,
       221, 255, 87, 22, 224, 108, 158, 111, 237, 110, 122, 141, 245,
       252, 247, 227, 15, 58, 222, 66, 15, 76, 217, 252, 167, 240, 231,
       157, 92, 83, 162, 232, 87, 240, 212, 106, 64, 248, 255, 164, 89,
       236, 178, 233, 239, 246, 111, 223, 14, 46, 197, 183, 31, 46, 92,
       198, 155, 0, 167, 149, 23, 219, 176, 66, 215, 224, 66, 66, 104,
       248, 53, 236, 248, 172, 178, 129, 175, 248, 71, 221, 30, 106, 219,
       67, 239, 12, 120, 142, 25, 97, 10, 224, 20, 15, 224, 93, 100, 40,
       190, 74, 147, 17, 177, 160, 120, 152, 78, 40, 9, 179, 81, 156,
       241, 205, 160, 52, 109, 154, 88, 40, 74, 186, 166, 188, 73, 148,
       57, 216, 135, 188, 196, 135, 40, 207, 115, 207, 204, 109, 251,
       213, 14, 75, 154, 253, 95, 113, 155, 187, 18, 37, 60, 218, 244,
       125, 219, 166, 78, 73, 183, 224, 136, 194, 169, 207, 119, 237, 97,
       34, 126, 253, 202, 99, 73, 227, 190, 170, 49, 132, 143, 58, 101,
       251, 55, 240, 185, 33, 107, 105, 244, 7, 201, 121, 97, 8, 249, 74,
       19, 25, 149, 48, 248, 168, 22, 232, 217, 178, 80, 142, 211, 201,
       162, 4, 101, 170, 98, 160, 63, 204, 79, 42, 117, 211, 210, 224,
       197, 72, 250, 35, 123, 92, 54, 240, 248, 225, 84, 230, 111, 171,
       8, 191, 58, 253, 165, 211, 117, 14, 122, 78, 252, 70, 254, 103,
       52, 110, 79, 56, 113, 174, 255, 0, 91, 97, 153, 115, 88, 204, 37,
       106, 104, 244, 233, 14, 227, 239, 229, 5, 99, 243, 118, 32, 227,
       234, 46, 26, 77, 149, 144, 200, 219, 94, 181, 29, 34, 216, 119,
       59, 201, 161, 234, 83, 238, 103, 158, 115, 26, 24, 81, 123, 89,
       13, 126, 142, 62, 92, 126, 236, 83, 194, 95, 112, 165, 132, 255,
       163, 91, 223, 43, 80, 126, 181, 159, 226, 72, 151, 32, 206, 243,
       229, 170, 131, 55, 183, 110, 67, 50, 2, 70, 157, 109, 179, 184,
       72, 143, 148, 210, 167, 104, 234, 119, 199, 220, 45, 187, 165,
       142, 195, 199, 221, 26, 114, 203, 143, 31, 46, 120, 222, 24, 255,
       154, 187, 250, 140, 118, 254, 182, 29, 120, 101, 191, 235, 106,
       80, 231, 107, 198, 84, 94, 90, 138, 55, 238, 229, 55, 233, 160,
       82, 175, 203, 82, 89, 22, 158, 27, 128, 154, 96, 143, 128, 203,
       231, 236, 235, 33, 195, 118, 245, 232, 227, 69, 3, 218, 253, 178,
       176, 75, 27, 28, 51, 41, 27, 102, 178, 236, 2, 234, 120, 188, 143,
       235, 127, 187, 253, 72, 174, 222, 26, 167, 199, 253, 149, 150, 67,
       175, 192, 30, 62, 125, 255, 197, 103, 198, 87, 229, 165, 232, 74,
       204, 125, 194, 200, 82, 123, 253, 24, 83, 120, 222, 56, 217, 206,
       114, 127, 159, 114, 255, 51, 95, 15, 229, 125, 217, 235, 218, 132,
       8, 45, 211, 91, 147, 249, 54, 135, 110, 1, 106, 160, 175, 182, 5,
       244, 39, 59, 234, 144, 19, 152, 101, 123, 173, 228, 22, 67, 226,
       210, 167, 172, 141, 28, 215, 85, 163, 250, 162, 2, 252, 218, 119,
       116, 220, 242, 165, 239, 35, 100, 238, 10, 133, 245, 191, 196, 4,
       122, 99, 134, 206, 101, 105, 53, 242, 121, 27, 234, 27, 193, 83,
       72, 171, 4, 161, 41, 63, 223, 97, 16, 250, 177, 205, 194, 74, 3,
       170, 125, 243, 213, 3, 123, 112, 3, 39, 106, 124, 99, 64, 36, 75,
       67, 87, 104, 19, 172, 253, 169, 67, 71, 75, 20, 88, 220, 199, 226,
       72, 86, 201, 158, 252, 196, 165, 189, 99, 183, 38, 195, 122, 178,
       124, 252, 127, 247, 217, 42, 91, 189, 52, 59, 79, 174, 22, 53,
       151, 157, 181, 161, 188, 238, 226, 221, 219, 251, 219, 255, 87,
       132, 87, 255, 138, 148, 245, 252, 119, 91, 252, 239, 155, 210,
       144, 59, 254, 127, 53, 37, 251, 243, 23, 161, 100, 110, 122, 223,
       191, 222, 223, 63, 247, 108, 21, 238, 51, 34, 198, 173, 47, 179,
       152, 72, 30, 228, 211, 231, 201, 202, 55, 200, 222, 45, 191, 165,
       142, 147, 71, 221, 152, 116, 155, 151, 29, 14, 121, 223, 64, 0,
       74, 88, 50, 128, 169, 33, 244, 0, 66, 160, 245, 195, 176, 96, 50,
       57, 123, 168, 0, 129, 134, 93, 68, 45, 42, 200, 36, 128, 35, 136,
       223, 52, 140, 165, 160, 62, 108, 154, 51, 251, 142, 84, 223, 50,
       219, 251, 55, 197, 125, 174, 173, 85, 189, 66, 218, 235, 255, 148,
       174, 245, 11, 21, 103, 244, 185, 82, 233, 125, 22, 142, 155, 251,
       172, 237, 246, 252, 207, 186, 149, 95, 252, 84, 239, 75, 250, 51,
       171, 95, 85, 255, 216, 116, 138, 95, 78, 247, 211, 130, 243, 224,
       59, 220, 59, 201, 89, 235, 76, 247, 232, 148, 55, 219, 183, 210,
       19, 67, 138, 243, 61, 20, 15, 238, 166, 215, 167, 119, 62, 244,
       37, 74, 139, 213, 150, 232, 142, 216, 137, 42, 232, 220, 76, 172,
       221, 81, 251, 115, 219, 99, 251, 181, 171, 87, 13, 255, 83, 31,
       183, 247, 60, 29, 123, 111, 244, 203, 71, 244, 116, 200, 127, 40,
       115, 113, 128, 48, 120, 250, 6, 106, 121, 186, 104, 46, 231, 173,
       36, 0, 99, 251, 198, 163, 87, 96, 203, 165, 66, 70, 47, 72, 40,
       224, 194, 142, 85, 6, 91, 122, 54, 197, 121, 239, 197, 151, 181,
       72, 149, 44, 207, 132, 37, 179, 35, 116, 98, 36, 248, 17, 195,
