%YAML:1.0
---
descriptors: !!opencv-matrix
   rows: 211
   cols: 32
   dt: u
   data: [ 118, 120, 124, 224, 78, 79, 218, 200, 41, 168, 176, 75, 67,
       92, 29, 51, 254, 213, 95, 243, 204, 35, 89, 252, 211, 216, 131,
       190, 109, 187, 118, 151, 61, 23, 107, 69, 118, 82, 235, 121, 116,
       236, 127, 198, 115, 69, 183, 100, 126, 140, 20, 238, 233, 176, 53,
       14, 118, 173, 163, 132, 111, 170, 112, 241, 73, 181, 120, 105,
       186, 222, 125, 55, 125, 109, 110, 189, 155, 63, 150, 116, 38, 158,
       253, 12, 145, 152, 245, 87, 239, 253, 54, 196, 230, 132, 135, 113,
       233, 34, 212, 124, 109, 31, 121, 27, 235, 255, 52, 60, 143, 9,
       214, 191, 131, 133, 238, 12, 164, 111, 227, 216, 86, 251, 112,
       189, 74, 132, 74, 13, 93, 77, 215, 221, 246, 10, 111, 178, 124,
       130, 122, 98, 241, 115, 177, 117, 118, 236, 62, 234, 225, 184, 37,
       238, 116, 174, 231, 0, 167, 249, 113, 168, 2, 237, 17, 219, 249,
       141, 176, 239, 142, 9, 104, 64, 164, 146, 108, 64, 193, 59, 10,
       16, 83, 58, 210, 119, 45, 180, 30, 106, 24, 10, 161, 139, 2, 235,
       24, 186, 252, 201, 182, 206, 142, 5, 88, 43, 164, 222, 104, 0,
       203, 59, 3, 65, 82, 58, 74, 245, 61, 20, 30, 123, 16, 26, 165,
       203, 178, 207, 102, 236, 21, 83, 70, 104, 197, 4, 250, 3, 99, 104,
       52, 197, 120, 228, 204, 227, 108, 163, 5, 141, 179, 226, 195, 19,
       119, 62, 116, 14, 121, 190, 144, 183, 177, 143, 90, 151, 59, 169,
       186, 77, 255, 51, 64, 144, 181, 255, 237, 16, 143, 90, 201, 50,
       255, 255, 55, 178, 202, 194, 203, 27, 196, 38, 217, 103, 232, 44,
       105, 24, 106, 187, 63, 88, 213, 35, 201, 122, 39, 95, 124, 60,
       177, 84, 217, 66, 205, 185, 99, 36, 136, 227, 67, 161, 9, 143, 70,
       65, 180, 155, 233, 39, 108, 5, 126, 128, 235, 0, 150, 164, 58, 34,
       74, 60, 212, 184, 101, 220, 44, 223, 18, 64, 71, 142, 89, 172,
       128, 162, 29, 187, 236, 137, 172, 175, 30, 59, 80, 240, 180, 135,
       200, 1, 207, 27, 51, 17, 115, 92, 75, 215, 108, 18, 126, 236, 152,
       8, 129, 169, 54, 254, 167, 60, 227, 255, 180, 246, 191, 255, 242,
       191, 42, 191, 39, 29, 237, 251, 247, 18, 62, 255, 50, 227, 219,
       247, 85, 243, 195, 124, 166, 223, 93, 49, 27, 97, 51, 126, 51,
       152, 104, 104, 102, 96, 222, 19, 137, 120, 178, 85, 124, 122, 17,
       144, 177, 76, 215, 175, 34, 70, 232, 35, 3, 51, 114, 144, 224, 26,
       95, 213, 209, 63, 27, 77, 180, 63, 42, 28, 30, 180, 253, 147, 253,
       21, 174, 111, 115, 255, 27, 127, 152, 251, 219, 12, 94, 95, 162,
       165, 244, 223, 254, 163, 184, 175, 219, 177, 25, 211, 236, 234,
       92, 3, 151, 87, 115, 181, 178, 109, 207, 215, 44, 30, 223, 254,
       149, 194, 211, 137, 166, 140, 215, 254, 252, 171, 222, 239, 223,
       130, 113, 88, 238, 232, 52, 193, 211, 107, 110, 35, 48, 111, 74,
       255, 172, 254, 87, 58, 212, 248, 193, 137, 162, 126, 154, 90, 201,
       237, 144, 207, 154, 191, 168, 57, 166, 253, 103, 25, 141, 59, 235,
       17, 50, 111, 218, 50, 89, 23, 85, 123, 208, 88, 7, 219, 21, 109,
       27, 79, 211, 30, 102, 228, 117, 40, 238, 64, 122, 50, 37, 244,
       176, 238, 2, 238, 197, 147, 57, 110, 51, 237, 7, 0, 107, 51, 235,
       164, 196, 172, 149, 151, 214, 136, 38, 135, 190, 147, 74, 82, 236,
       226, 73, 74, 97, 111, 42, 144, 114, 92, 139, 227, 172, 38, 223,
       64, 128, 112, 161, 8, 11, 125, 123, 229, 50, 158, 190, 118, 45,
       200, 122, 228, 189, 158, 181, 96, 182, 61, 31, 239, 193, 152, 32,
       238, 230, 253, 42, 130, 12, 147, 35, 185, 199, 167, 151, 216, 252,
       164, 169, 219, 239, 155, 56, 112, 156, 251, 244, 255, 135, 27,
       127, 24, 179, 79, 138, 211, 156, 152, 127, 238, 158, 224, 161,
       161, 120, 169, 82, 106, 121, 221, 82, 212, 171, 13, 237, 9, 46,
       223, 36, 148, 186, 185, 205, 64, 94, 43, 26, 249, 243, 220, 0, 27,
       98, 135, 238, 71, 85, 82, 251, 165, 34, 44, 121, 24, 122, 202,
       211, 229, 215, 179, 73, 90, 55, 205, 125, 175, 136, 212, 205, 64,
       196, 225, 99, 132, 172, 241, 35, 83, 15, 154, 51, 250, 255, 247,
       186, 203, 30, 73, 216, 103, 236, 254, 60, 236, 255, 59, 191, 149,
       183, 171, 59, 223, 31, 126, 187, 206, 159, 12, 181, 119, 34, 191,
       17, 170, 221, 205, 182, 239, 15, 17, 121, 75, 164, 255, 108, 0,
       221, 155, 3, 81, 82, 10, 90, 247, 61, 20, 15, 111, 144, 10, 135,
       138, 72, 173, 188, 115, 137, 233, 21, 175, 171, 63, 164, 25, 174,
       183, 66, 27, 129, 83, 233, 16, 50, 73, 251, 113, 207, 211, 93,
       127, 194, 64, 135, 106, 29, 103, 196, 71, 176, 27, 110, 184, 118,
       168, 127, 228, 211, 96, 153, 245, 54, 76, 36, 110, 233, 208, 205,
       62, 46, 238, 101, 132, 111, 179, 200, 5, 45, 37, 100, 33, 252, 47,
       195, 152, 87, 249, 189, 92, 211, 8, 219, 44, 89, 200, 86, 125,
       191, 112, 93, 150, 76, 92, 161, 116, 223, 207, 88, 149, 246, 89,
       86, 174, 13, 86, 94, 232, 177, 142, 242, 11, 78, 255, 47, 219,
       248, 213, 237, 226, 108, 199, 155, 238, 179, 242, 199, 31, 34, 63,
       124, 6, 240, 72, 223, 188, 78, 10, 109, 164, 249, 146, 178, 90,
       255, 98, 21, 91, 106, 229, 108, 234, 104, 71, 195, 234, 149, 170,
       222, 16, 37, 113, 99, 40, 52, 40, 184, 242, 205, 45, 240, 200,
       219, 179, 165, 27, 30, 217, 77, 26, 185, 220, 115, 18, 26, 119,
       218, 176, 95, 217, 17, 127, 209, 105, 86, 162, 105, 34, 244, 117,
       109, 253, 249, 19, 235, 253, 118, 61, 142, 15, 214, 191, 142, 165,
       230, 28, 148, 126, 226, 192, 70, 251, 114, 171, 66, 132, 79, 223,
       77, 53, 153, 229, 226, 46, 120, 27, 58, 179, 107, 80, 221, 115,
       73, 251, 183, 95, 124, 56, 17, 208, 155, 64, 207, 233, 127, 68,
       136, 225, 139, 161, 248, 221, 62, 110, 9, 86, 87, 176, 225, 140,
       166, 8, 123, 255, 34, 115, 192, 246, 253, 106, 120, 107, 178, 45,
       243, 249, 68, 25, 99, 50, 102, 106, 147, 207, 102, 157, 23, 147,
       174, 228, 220, 82, 210, 199, 168, 72, 182, 229, 236, 97, 154, 239,
       228, 237, 6, 255, 34, 58, 206, 131, 31, 61, 185, 140, 56, 157, 61,
       127, 184, 207, 83, 183, 86, 13, 238, 0, 183, 119, 32, 112, 197,
       50, 29, 24, 122, 137, 113, 63, 235, 255, 52, 80, 146, 136, 196,
       107, 125, 189, 145, 236, 189, 15, 86, 250, 63, 170, 248, 72, 223,
       123, 65, 241, 221, 223, 125, 98, 105, 99, 91, 186, 251, 255, 101,
       62, 122, 120, 194, 35, 41, 237, 42, 46, 209, 151, 71, 239, 247, 4,
       236, 9, 226, 232, 54, 52, 216, 106, 66, 109, 92, 171, 190, 127,
       99, 124, 6, 9, 66, 86, 234, 206, 36, 140, 214, 190, 189, 171, 196,
       239, 223, 147, 240, 88, 207, 232, 36, 207, 211, 103, 110, 33, 48,
       111, 202, 255, 168, 246, 87, 94, 212, 104, 201, 132, 93, 57, 87,
       97, 34, 74, 50, 48, 40, 232, 106, 96, 223, 23, 129, 114, 38, 213,
       124, 226, 17, 144, 161, 76, 21, 233, 99, 198, 234, 162, 35, 51,
       130, 167, 253, 223, 254, 35, 172, 111, 222, 179, 25, 210, 220,
       234, 220, 3, 183, 7, 115, 45, 242, 245, 143, 215, 44, 62, 255,
       244, 149, 232, 145, 128, 50, 252, 167, 188, 234, 141, 176, 230,
       191, 219, 240, 251, 46, 191, 36, 25, 239, 251, 255, 145, 170, 207,
       2, 253, 153, 114, 94, 170, 193, 92, 39, 255, 135, 182, 229, 17,
       190, 251, 176, 219, 127, 125, 181, 255, 138, 124, 206, 45, 127,
       158, 238, 20, 183, 120, 109, 214, 30, 18, 119, 247, 255, 204, 197,
       215, 118, 32, 245, 225, 119, 74, 248, 64, 105, 161, 178, 139, 15,
       15, 85, 63, 174, 149, 85, 253, 136, 240, 197, 192, 159, 216, 131,
       167, 231, 165, 67, 134, 190, 150, 236, 255, 170, 98, 31, 153, 22,
       255, 159, 179, 209, 111, 203, 75, 95, 215, 239, 178, 56, 71, 239,
       162, 238, 231, 255, 213, 183, 255, 164, 115, 51, 122, 235, 12,
       108, 135, 219, 64, 249, 204, 248, 15, 2, 204, 55, 48, 190, 233,
       87, 71, 204, 163, 182, 72, 83, 60, 0, 138, 69, 183, 118, 215, 114,
       189, 233, 69, 83, 127, 87, 255, 19, 235, 250, 235, 114, 124, 68,
       48, 252, 255, 245, 1, 172, 250, 241, 47, 59, 46, 37, 186, 225,
