%YAML:1.0
---
descriptors: !!opencv-matrix
   rows: 216
   cols: 32
   dt: u
   data: [ 0, 205, 11, 186, 157, 197, 196, 231, 158, 17, 200, 18, 166,
       216, 48, 64, 201, 43, 11, 145, 122, 43, 18, 183, 169, 182, 158,
       72, 16, 8, 177, 10, 3, 219, 10, 189, 50, 128, 184, 230, 188, 73,
       82, 231, 172, 138, 50, 64, 230, 107, 179, 213, 198, 152, 6, 255,
       100, 55, 154, 131, 28, 4, 57, 223, 14, 21, 182, 153, 149, 246,
       184, 199, 61, 7, 199, 19, 204, 250, 46, 204, 249, 127, 179, 176,
       52, 212, 17, 198, 3, 127, 154, 71, 134, 93, 248, 6, 176, 212, 109,
       71, 22, 79, 227, 52, 84, 234, 247, 198, 115, 53, 28, 33, 92, 252,
       23, 234, 169, 180, 121, 63, 103, 143, 161, 144, 117, 155, 86, 250,
       133, 75, 63, 127, 48, 158, 238, 48, 244, 128, 243, 64, 243, 236,
       49, 99, 220, 113, 108, 99, 237, 161, 62, 44, 225, 169, 47, 0, 96,
       179, 73, 0, 189, 13, 47, 250, 157, 247, 75, 97, 149, 64, 197, 18,
       115, 255, 49, 97, 216, 162, 27, 216, 57, 171, 122, 190, 219, 251,
       138, 73, 154, 9, 112, 114, 5, 66, 90, 235, 96, 47, 111, 248, 60,
       10, 117, 196, 213, 67, 171, 25, 127, 8, 23, 174, 128, 144, 8, 93,
       228, 143, 114, 132, 88, 211, 107, 129, 61, 222, 233, 233, 246, 35,
       75, 218, 87, 73, 248, 230, 83, 73, 181, 104, 127, 200, 23, 254,
       139, 178, 109, 151, 122, 207, 161, 196, 253, 251, 112, 241, 152,
       90, 62, 252, 42, 197, 157, 118, 148, 14, 246, 51, 255, 157, 35, 9,
       174, 177, 255, 195, 104, 167, 3, 63, 243, 231, 122, 153, 113, 56,
       45, 91, 216, 68, 223, 165, 36, 10, 109, 21, 48, 130, 226, 2, 247,
       51, 17, 91, 114, 212, 61, 234, 104, 244, 209, 10, 244, 227, 230,
       0, 36, 240, 160, 8, 82, 189, 181, 183, 179, 236, 122, 231, 63,
       217, 186, 67, 252, 127, 72, 210, 163, 255, 255, 145, 18, 88, 155,
       243, 253, 246, 31, 66, 160, 96, 167, 27, 154, 143, 106, 190, 18,
       132, 63, 246, 150, 65, 196, 195, 61, 239, 49, 97, 110, 251, 155,
       205, 226, 139, 2, 255, 115, 111, 158, 136, 53, 148, 49, 248, 86,
       156, 151, 151, 165, 102, 181, 230, 60, 31, 218, 19, 196, 62, 100,
       75, 239, 215, 59, 144, 50, 223, 17, 226, 157, 182, 222, 70, 128,
       88, 165, 91, 4, 156, 26, 223, 84, 231, 178, 226, 31, 1, 88, 2,
       228, 252, 53, 96, 249, 123, 2, 17, 2, 184, 26, 255, 45, 54, 130,
       75, 148, 75, 53, 158, 139, 161, 228, 85, 239, 252, 252, 55, 123,
       249, 84, 154, 136, 60, 150, 47, 47, 63, 243, 141, 180, 120, 247,
       212, 15, 123, 218, 235, 199, 132, 223, 253, 217, 180, 90, 243, 48,
       196, 123, 53, 49, 201, 247, 53, 247, 215, 74, 17, 178, 174, 125,
       222, 122, 222, 137, 103, 254, 201, 165, 193, 40, 130, 170, 91, 60,
       5, 73, 235, 132, 42, 110, 117, 117, 3, 255, 82, 91, 107, 184, 88,
       120, 171, 23, 170, 24, 178, 77, 207, 214, 239, 178, 196, 183, 234,
       240, 160, 122, 217, 50, 236, 127, 209, 151, 71, 139, 77, 188, 43,
       44, 157, 38, 0, 206, 211, 215, 193, 218, 43, 226, 161, 243, 245,
       174, 187, 87, 30, 167, 219, 146, 197, 66, 158, 87, 208, 188, 101,
       180, 68, 91, 167, 105, 234, 174, 69, 114, 171, 147, 197, 100, 155,
       6, 239, 50, 32, 186, 131, 53, 134, 189, 206, 29, 127, 105, 203,
       182, 50, 207, 221, 70, 232, 220, 230, 81, 5, 181, 100, 127, 204,
       31, 253, 171, 130, 109, 222, 248, 13, 175, 132, 189, 242, 112,
       249, 15, 184, 183, 147, 199, 181, 168, 150, 255, 89, 83, 80, 172,
       210, 252, 236, 167, 107, 59, 223, 147, 88, 59, 241, 13, 90, 31,
       206, 154, 87, 177, 165, 143, 204, 44, 187, 199, 245, 253, 167,
       223, 87, 87, 19, 236, 124, 62, 45, 163, 99, 179, 131, 246, 252,
       62, 247, 111, 91, 223, 195, 151, 92, 157, 198, 57, 201, 105, 255,
       28, 205, 195, 240, 68, 4, 252, 10, 51, 81, 177, 96, 72, 184, 22,
       74, 203, 42, 126, 189, 245, 141, 162, 24, 117, 155, 80, 168, 59,
       50, 231, 101, 49, 86, 89, 51, 49, 204, 214, 230, 29, 151, 194,
       183, 54, 60, 213, 188, 205, 217, 177, 136, 203, 249, 188, 194, 46,
       164, 62, 125, 146, 89, 127, 220, 98, 224, 191, 114, 189, 192, 94,
       226, 60, 223, 161, 97, 230, 123, 191, 195, 193, 137, 38, 233, 176,
       227, 122, 138, 36, 241, 37, 251, 146, 204, 15, 252, 19, 132, 46,
       230, 181, 2, 192, 131, 61, 239, 49, 64, 236, 251, 59, 205, 98,
       143, 18, 255, 177, 174, 158, 8, 17, 0, 33, 184, 90, 121, 150, 254,
       75, 213, 22, 224, 171, 0, 172, 41, 63, 255, 35, 146, 230, 243,
       253, 194, 11, 11, 154, 189, 243, 245, 7, 59, 58, 22, 46, 26, 34,
       133, 0, 187, 157, 229, 196, 175, 30, 17, 72, 16, 180, 187, 104,
       64, 201, 26, 27, 17, 58, 74, 83, 183, 173, 150, 158, 107, 144, 8,
       240, 138, 103, 94, 127, 234, 108, 61, 255, 156, 173, 74, 190, 238,
       254, 255, 189, 112, 238, 211, 127, 110, 193, 39, 104, 251, 246,
       189, 98, 154, 95, 251, 65, 41, 28, 31, 84, 168, 178, 35, 31, 63,
       53, 170, 155, 231, 79, 35, 161, 69, 119, 151, 143, 176, 249, 137,
       9, 222, 248, 134, 47, 214, 190, 242, 169, 25, 166, 223, 47, 187,
       205, 109, 119, 232, 149, 86, 81, 151, 227, 237, 121, 11, 233, 219,
       147, 227, 122, 118, 122, 161, 237, 194, 207, 47, 181, 123, 246,
       242, 70, 185, 144, 147, 187, 132, 186, 172, 158, 153, 10, 0, 236,
       242, 104, 70, 183, 123, 59, 81, 18, 73, 155, 243, 45, 22, 31, 107,
       144, 22, 161, 15, 20, 21, 28, 171, 60, 95, 242, 232, 22, 172, 211,
       3, 215, 94, 43, 65, 248, 93, 207, 243, 44, 241, 89, 156, 253, 195,
       171, 85, 52, 43, 61, 147, 216, 129, 244, 229, 199, 90, 124, 61,
       33, 54, 183, 19, 75, 43, 26, 223, 58, 197, 253, 168, 124, 116,
       145, 193, 215, 251, 82, 133, 103, 228, 238, 66, 14, 129, 182, 153,
       149, 214, 188, 201, 31, 19, 70, 19, 204, 254, 47, 204, 249, 63,
       187, 145, 118, 221, 27, 194, 15, 118, 222, 71, 150, 76, 188, 198,
       14, 177, 166, 209, 129, 214, 188, 239, 63, 119, 78, 3, 172, 222,
       126, 205, 243, 27, 187, 145, 86, 216, 59, 209, 143, 83, 159, 199,
       150, 68, 189, 206, 138, 185, 240, 213, 231, 220, 188, 167, 123,
       127, 86, 147, 172, 60, 212, 44, 175, 63, 179, 145, 246, 252, 245,
       227, 47, 126, 222, 227, 199, 132, 223, 207, 3, 16, 106, 169, 113,
       244, 185, 87, 45, 73, 222, 135, 189, 158, 22, 98, 238, 143, 191,
       149, 151, 152, 181, 193, 87, 125, 186, 128, 134, 196, 185, 223,
       26, 23, 114, 160, 114, 123, 185, 87, 45, 109, 254, 254, 13, 30,
       134, 48, 46, 155, 223, 145, 153, 186, 53, 206, 246, 197, 58, 195,
       239, 196, 167, 249, 51, 205, 14, 156, 29, 132, 206, 231, 196, 65,
       216, 6, 49, 170, 48, 64, 72, 226, 19, 205, 75, 43, 86, 191, 49,
       46, 158, 8, 29, 88, 240, 24, 220, 229, 189, 244, 141, 77, 87, 191,
       178, 254, 172, 24, 215, 247, 73, 91, 145, 214, 125, 26, 105, 67,
       251, 18, 251, 203, 229, 61, 176, 112, 196, 114, 100, 180, 189,
       247, 140, 110, 87, 186, 242, 242, 175, 24, 215, 117, 73, 123, 209,
       214, 125, 42, 57, 96, 251, 34, 233, 207, 101, 84, 128, 120, 84,
       114, 34, 184, 41, 254, 93, 165, 153, 74, 135, 13, 249, 15, 180,
       221, 32, 0, 204, 185, 211, 129, 142, 43, 114, 253, 85, 21, 152,
       59, 81, 14, 22, 250, 10, 207, 96, 159, 125, 145, 190, 238, 31, 12,
       92, 163, 168, 236, 183, 132, 254, 235, 135, 199, 198, 42, 78, 255,
       46, 94, 154, 171, 87, 159, 125, 205, 81, 64, 63, 100, 32, 30, 69,
       120, 252, 138, 242, 96, 215, 154, 161, 97, 178, 101, 108, 110,
       201, 165, 33, 14, 209, 239, 111, 132, 104, 48, 33, 49, 16, 221,
       23, 249, 19, 228, 53, 183, 188, 1, 74, 84, 188, 55, 32, 97, 231,
       51, 59, 0, 115, 152, 19, 127, 233, 167, 90, 66, 16, 0, 165, 43,
       205, 159, 191, 246, 160, 164, 127, 147, 168, 154, 30, 100, 255,
       247, 41, 122, 183, 119, 253, 110, 193, 65, 170, 226, 235, 255,
       111, 138, 136, 243, 161, 51, 32, 109, 121, 105, 116, 175, 99, 248,
       69, 4, 124, 12, 51, 65, 177, 48, 90, 152, 7, 106, 138, 178, 112,
       61, 103, 141, 32, 100, 117, 139, 86, 248, 54, 120, 250, 236, 124,
