%YAML:1.0
---
descriptors: !!opencv-matrix
   rows: 239
   cols: 32
   dt: u
   data: [ 65, 151, 107, 79, 180, 14, 111, 49, 124, 72, 127, 228, 243,
       85, 152, 113, 118, 172, 28, 238, 209, 176, 101, 77, 230, 235, 162,
       128, 109, 162, 242, 113, 66, 48, 111, 109, 74, 198, 105, 26, 236,
       77, 71, 212, 153, 159, 52, 96, 34, 61, 123, 169, 129, 157, 183,
       93, 7, 105, 186, 128, 44, 128, 37, 249, 189, 205, 103, 109, 157,
       79, 71, 248, 85, 224, 230, 2, 83, 113, 51, 101, 120, 228, 94, 110,
       233, 179, 125, 60, 241, 235, 229, 20, 123, 187, 112, 96, 11, 188,
       145, 91, 241, 189, 178, 215, 59, 57, 125, 124, 140, 150, 196, 180,
       135, 123, 210, 24, 151, 120, 186, 247, 47, 92, 20, 234, 202, 6,
       139, 189, 20, 198, 20, 255, 141, 40, 70, 175, 245, 23, 185, 16,
       195, 104, 8, 67, 201, 194, 108, 34, 126, 39, 75, 183, 161, 246,
       214, 31, 240, 121, 236, 6, 247, 68, 231, 78, 76, 23, 79, 248, 81,
       194, 231, 74, 115, 97, 157, 127, 120, 196, 122, 238, 233, 247,
       125, 170, 51, 42, 197, 20, 107, 251, 114, 100, 182, 176, 227, 176,
       207, 103, 241, 74, 27, 247, 145, 159, 2, 220, 94, 15, 249, 157,
       211, 17, 30, 119, 187, 144, 91, 80, 207, 127, 229, 109, 118, 246,
       8, 188, 19, 122, 147, 237, 19, 207, 123, 105, 104, 56, 190, 247,
       72, 188, 147, 59, 200, 16, 51, 58, 184, 119, 217, 244, 16, 106,
       194, 68, 135, 43, 87, 172, 239, 209, 143, 98, 109, 143, 186, 243,
       138, 18, 29, 42, 92, 106, 99, 199, 121, 159, 50, 89, 191, 226, 29,
       46, 223, 68, 165, 113, 161, 100, 71, 176, 233, 131, 198, 102, 171,
       89, 122, 253, 23, 22, 81, 38, 218, 42, 55, 205, 123, 191, 147, 84,
       189, 66, 93, 12, 239, 228, 173, 227, 147, 240, 165, 220, 61, 251,
       141, 237, 223, 254, 223, 82, 253, 18, 214, 253, 61, 105, 221, 179,
       63, 111, 235, 39, 123, 183, 231, 251, 223, 28, 24, 121, 240, 178,
       0, 132, 165, 161, 29, 239, 225, 39, 70, 181, 42, 17, 151, 49, 80,
       2, 137, 38, 106, 25, 26, 188, 113, 22, 205, 142, 145, 85, 192, 8,
       212, 106, 53, 4, 110, 101, 54, 82, 219, 56, 64, 198, 183, 2, 83,
       124, 150, 35, 122, 228, 93, 239, 252, 225, 37, 12, 67, 235, 225,
       149, 101, 171, 124, 96, 156, 209, 62, 251, 226, 196, 121, 144,
       166, 29, 103, 17, 223, 215, 107, 89, 230, 153, 55, 210, 10, 148,
       26, 113, 199, 225, 98, 205, 176, 19, 175, 227, 207, 156, 238, 95,
       171, 244, 191, 185, 190, 87, 79, 181, 252, 254, 190, 103, 103,
       119, 185, 143, 247, 77, 191, 243, 111, 63, 223, 202, 150, 230,
       165, 125, 63, 76, 163, 156, 193, 53, 239, 198, 149, 198, 232, 6,
       104, 250, 61, 174, 249, 233, 147, 239, 205, 183, 58, 234, 49, 126,
       207, 8, 211, 118, 114, 238, 83, 58, 242, 165, 70, 18, 186, 80,
       187, 228, 86, 167, 109, 190, 215, 130, 54, 253, 181, 87, 132, 217,
       164, 200, 94, 109, 175, 163, 39, 182, 127, 221, 63, 181, 100, 103,
       151, 51, 222, 249, 23, 230, 223, 175, 75, 125, 158, 37, 127, 221,
       151, 231, 188, 242, 109, 190, 123, 79, 133, 215, 247, 239, 252,
       247, 54, 228, 108, 95, 94, 227, 215, 236, 23, 119, 237, 139, 96,
       109, 62, 1, 121, 218, 195, 163, 42, 227, 127, 61, 123, 7, 213,
       117, 117, 223, 246, 250, 33, 28, 245, 87, 52, 255, 225, 55, 92,
       225, 115, 80, 243, 60, 148, 44, 88, 46, 50, 8, 185, 252, 117, 15,
       13, 62, 176, 64, 205, 136, 80, 252, 147, 146, 198, 141, 116, 6,
       104, 59, 22, 233, 210, 215, 17, 34, 182, 68, 125, 172, 55, 141,
       189, 220, 149, 207, 28, 46, 251, 196, 45, 164, 48, 93, 114, 171,
       40, 130, 173, 157, 202, 174, 139, 189, 157, 143, 142, 140, 86,
       134, 141, 204, 253, 85, 222, 105, 218, 181, 155, 81, 141, 255, 6,
       15, 222, 94, 173, 39, 236, 3, 212, 123, 167, 89, 116, 230, 119,
       182, 209, 100, 159, 172, 127, 76, 226, 191, 181, 244, 109, 10, 76,
       15, 35, 196, 239, 239, 252, 244, 124, 39, 58, 96, 176, 14, 119,
       80, 105, 140, 124, 72, 159, 131, 1, 48, 180, 60, 68, 106, 72, 178,
       160, 12, 243, 253, 32, 17, 64, 179, 71, 163, 212, 118, 156, 53,
       170, 46, 61, 157, 186, 190, 162, 253, 223, 39, 73, 91, 167, 85,
       109, 36, 240, 69, 155, 0, 204, 162, 125, 180, 168, 240, 131, 19,
       34, 181, 60, 134, 95, 213, 156, 119, 137, 239, 157, 31, 172, 189,
       98, 134, 204, 179, 211, 129, 244, 43, 242, 207, 63, 85, 154, 187,
       7, 78, 159, 255, 57, 69, 90, 232, 54, 19, 206, 111, 121, 2, 252,
       10, 11, 10, 191, 21, 122, 137, 21, 173, 236, 183, 4, 206, 178,
       205, 166, 141, 111, 218, 250, 136, 125, 215, 105, 228, 244, 15,
       70, 184, 85, 170, 123, 105, 215, 117, 153, 112, 85, 204, 53, 110,
       232, 178, 201, 14, 255, 239, 37, 180, 102, 251, 82, 33, 32, 173,
       249, 123, 242, 233, 119, 223, 122, 3, 124, 56, 54, 179, 96, 48,
       59, 26, 6, 24, 18, 190, 162, 115, 111, 141, 52, 104, 241, 202,
       199, 171, 109, 87, 109, 231, 244, 14, 111, 184, 117, 236, 127,
       110, 87, 117, 147, 112, 92, 204, 55, 110, 233, 242, 105, 110, 125,
       190, 165, 132, 46, 187, 80, 113, 196, 255, 88, 116, 234, 233, 23,
       231, 186, 190, 36, 185, 55, 247, 67, 19, 167, 251, 205, 66, 114,
       79, 138, 51, 251, 129, 37, 189, 96, 112, 143, 155, 216, 113, 119,
       69, 67, 90, 99, 72, 109, 160, 111, 2, 92, 151, 69, 246, 50, 156,
       248, 234, 65, 149, 177, 192, 23, 248, 3, 6, 99, 51, 103, 162, 111,
       102, 136, 166, 41, 31, 94, 184, 19, 238, 133, 13, 199, 232, 91,
       18, 221, 204, 237, 103, 204, 87, 217, 47, 254, 119, 237, 189, 8,
       63, 26, 86, 205, 201, 151, 94, 105, 156, 98, 224, 235, 152, 103,
       8, 126, 241, 37, 246, 160, 118, 104, 74, 65, 235, 186, 233, 27,
       249, 68, 10, 66, 51, 107, 46, 141, 20, 215, 69, 178, 122, 33, 57,
       125, 251, 127, 112, 92, 50, 140, 254, 51, 84, 108, 40, 177, 244,
       45, 78, 14, 174, 115, 198, 238, 227, 225, 37, 60, 99, 224, 78,
       235, 67, 87, 216, 19, 174, 253, 171, 75, 231, 203, 20, 90, 220,
       199, 226, 72, 50, 232, 187, 118, 212, 5, 187, 119, 255, 102, 231,
       103, 253, 181, 82, 249, 93, 150, 173, 155, 251, 161, 40, 234, 244,
       77, 191, 141, 95, 248, 86, 255, 75, 250, 49, 59, 95, 85, 126, 208,
       118, 135, 127, 83, 246, 154, 142, 59, 86, 19, 205, 175, 77, 253,
       229, 108, 246, 170, 212, 253, 159, 238, 164, 143, 3, 251, 215,
       184, 52, 143, 191, 152, 22, 175, 95, 87, 148, 167, 133, 172, 118,
       7, 191, 228, 235, 222, 100, 208, 118, 184, 102, 241, 198, 124,
       173, 157, 153, 189, 12, 161, 46, 239, 148, 136, 114, 177, 117, 9,
       188, 147, 113, 241, 253, 112, 215, 115, 83, 108, 24, 63, 211, 64,
       188, 147, 186, 146, 24, 19, 126, 178, 51, 143, 223, 16, 106, 234,
       68, 203, 175, 119, 13, 75, 140, 86, 34, 111, 113, 53, 192, 219,
       230, 113, 67, 179, 116, 126, 236, 23, 238, 237, 147, 5, 238, 178,
       44, 162, 128, 45, 227, 112, 69, 213, 233, 220, 227, 134, 8, 110,
       132, 106, 177, 167, 6, 151, 11, 91, 114, 98, 199, 124, 222, 94,
       248, 221, 96, 238, 169, 166, 68, 172, 147, 233, 8, 162, 177, 46,
       180, 201, 221, 188, 103, 143, 53, 134, 25, 164, 188, 6, 35, 160,
       51, 251, 5, 118, 201, 18, 151, 251, 83, 220, 115, 8, 12, 159, 158,
       179, 12, 15, 190, 94, 167, 138, 224, 156, 66, 64, 71, 245, 106,
       183, 97, 232, 233, 18, 231, 173, 142, 30, 127, 144, 34, 234, 8,
       29, 43, 57, 220, 79, 247, 211, 210, 243, 176, 62, 197, 59, 17, 73,
       226, 108, 247, 204, 180, 55, 91, 179, 154, 19, 218, 138, 243, 62,
       84, 30, 234, 142, 215, 171, 173, 125, 87, 76, 103, 114, 22, 111,
       184, 49, 238, 127, 229, 91, 39, 155, 85, 124, 196, 181, 238, 232,
       208, 205, 14, 238, 235, 229, 132, 47, 183, 40, 113, 153, 23, 118,
       79, 114, 90, 181, 119, 121, 196, 126, 231, 43, 38, 166, 209, 126,
       191, 134, 160, 228, 249, 37, 79, 126, 235, 38, 131, 111, 228, 111,
       223, 143, 186, 150, 19, 187, 189, 176, 204, 251, 211, 53, 53, 236,
       248, 78, 47, 167, 107, 210, 17, 183, 252, 154, 241, 12, 82, 95,
