%YAML:1.0
---
descriptors: !!opencv-matrix
   rows: 228
   cols: 32
   dt: u
   data: [ 207, 232, 191, 255, 105, 220, 125, 156, 255, 218, 118, 16,
       253, 255, 93, 251, 229, 121, 127, 206, 227, 69, 186, 241, 79, 219,
       255, 172, 210, 245, 103, 234, 233, 46, 230, 69, 116, 62, 96, 19,
       121, 174, 127, 88, 202, 40, 151, 191, 144, 36, 68, 44, 164, 244,
       225, 10, 6, 126, 80, 1, 194, 236, 90, 13, 53, 205, 113, 79, 180,
       27, 239, 248, 116, 224, 250, 194, 115, 64, 157, 224, 122, 238, 22,
       238, 233, 176, 109, 63, 46, 237, 167, 132, 117, 187, 240, 236, 1,
       155, 23, 57, 61, 143, 67, 183, 206, 73, 234, 68, 182, 210, 32, 96,
       192, 34, 14, 28, 155, 169, 115, 61, 161, 190, 50, 80, 152, 8, 224,
       41, 246, 236, 212, 247, 207, 171, 236, 138, 95, 179, 99, 26, 231,
       235, 85, 91, 251, 239, 107, 147, 42, 116, 219, 251, 157, 190, 223,
       55, 181, 121, 80, 134, 117, 69, 23, 172, 25, 66, 70, 104, 133, 0,
       234, 2, 71, 114, 41, 247, 248, 228, 108, 102, 109, 163, 81, 140,
       176, 240, 128, 18, 48, 171, 56, 4, 166, 221, 152, 174, 253, 15,
       183, 236, 159, 238, 185, 31, 236, 252, 123, 2, 221, 211, 95, 99,
       100, 103, 90, 254, 125, 22, 207, 191, 213, 123, 213, 211, 73, 48,
       159, 113, 169, 236, 113, 83, 171, 51, 164, 24, 158, 183, 64, 122,
       167, 54, 104, 24, 19, 73, 178, 80, 223, 251, 80, 80, 194, 192,
       135, 170, 210, 220, 150, 151, 229, 242, 254, 231, 63, 55, 218,
       179, 236, 46, 110, 207, 237, 215, 175, 147, 62, 221, 11, 227, 189,
       54, 222, 67, 132, 125, 189, 223, 245, 77, 78, 167, 36, 10, 110,
       184, 84, 226, 215, 198, 211, 72, 155, 97, 126, 228, 60, 239, 237,
       180, 77, 46, 244, 171, 231, 148, 45, 187, 120, 17, 240, 71, 111,
       172, 188, 34, 77, 61, 4, 140, 211, 247, 83, 37, 177, 75, 124, 228,
       125, 238, 248, 131, 101, 12, 240, 226, 233, 148, 53, 248, 244, 97,
       9, 185, 59, 251, 52, 197, 161, 127, 126, 73, 124, 64, 181, 87, 33,
       96, 180, 59, 18, 8, 195, 184, 51, 29, 229, 173, 54, 0, 88, 2, 39,
       169, 244, 104, 215, 100, 9, 74, 70, 64, 225, 242, 163, 8, 99, 223,
       69, 187, 168, 244, 109, 226, 73, 71, 147, 8, 147, 232, 197, 27,
       105, 115, 102, 26, 32, 173, 189, 251, 221, 205, 85, 175, 94, 57,
       172, 24, 182, 179, 72, 48, 137, 26, 98, 24, 122, 106, 219, 55,
       239, 159, 20, 125, 80, 72, 198, 170, 160, 168, 57, 123, 252, 201,
       177, 143, 202, 25, 112, 24, 180, 157, 64, 16, 137, 27, 67, 17, 2,
       106, 210, 115, 77, 21, 54, 104, 208, 8, 199, 170, 36, 77, 59, 254,
       28, 206, 79, 230, 214, 128, 232, 0, 247, 243, 33, 112, 216, 122,
       18, 74, 106, 170, 82, 63, 225, 255, 7, 8, 80, 122, 96, 162, 120,
       77, 126, 110, 28, 223, 87, 48, 196, 4, 238, 8, 115, 115, 33, 113,
       80, 246, 108, 106, 104, 169, 113, 61, 243, 235, 96, 17, 50, 170,
       68, 42, 24, 226, 235, 161, 150, 66, 107, 222, 54, 225, 82, 243,
       213, 39, 216, 64, 119, 223, 29, 189, 91, 156, 133, 38, 236, 231,
       191, 196, 165, 144, 165, 248, 244, 114, 24, 100, 40, 79, 83, 216,
       98, 172, 165, 8, 82, 145, 65, 54, 25, 252, 68, 106, 72, 99, 251,
       24, 89, 129, 33, 60, 65, 179, 70, 35, 214, 252, 148, 151, 253,
       224, 190, 199, 191, 183, 155, 147, 236, 254, 79, 79, 237, 255,
       255, 147, 54, 221, 203, 243, 189, 182, 223, 199, 133, 117, 181,
       223, 230, 223, 145, 190, 253, 39, 143, 236, 155, 174, 185, 31,
       236, 254, 41, 135, 221, 247, 223, 227, 96, 103, 216, 255, 189, 86,
       207, 62, 151, 127, 245, 183, 40, 29, 56, 255, 60, 141, 23, 54, 86,
       12, 108, 4, 182, 241, 34, 96, 192, 58, 12, 74, 106, 168, 91, 63,
       227, 175, 48, 56, 80, 8, 12, 43, 238, 140, 240, 246, 253, 119,
       222, 239, 155, 174, 184, 27, 108, 108, 63, 135, 223, 199, 87, 39,
       244, 103, 24, 255, 57, 95, 207, 191, 213, 126, 223, 79, 124, 88,
       255, 100, 13, 78, 87, 112, 225, 162, 166, 8, 95, 177, 65, 123, 32,
       244, 108, 106, 73, 103, 178, 8, 211, 235, 69, 60, 98, 241, 70, 34,
       26, 141, 12, 187, 145, 214, 28, 167, 62, 65, 202, 17, 172, 122,
       34, 192, 193, 43, 185, 149, 127, 136, 83, 183, 171, 247, 158, 83,
       144, 68, 185, 14, 102, 160, 245, 249, 109, 137, 248, 200, 239,
       177, 224, 139, 141, 235, 92, 95, 203, 149, 123, 153, 26, 107, 215,
       208, 159, 250, 223, 126, 247, 136, 66, 134, 72, 176, 190, 112,
       137, 237, 113, 87, 238, 19, 166, 24, 158, 179, 64, 58, 161, 54,
       104, 24, 19, 105, 178, 80, 219, 187, 84, 121, 192, 192, 199, 34,
       11, 132, 149, 187, 149, 253, 48, 143, 94, 91, 74, 83, 174, 188,
       40, 232, 209, 27, 186, 17, 55, 216, 67, 247, 143, 119, 30, 87,
       144, 76, 157, 15, 82, 253, 191, 180, 178, 210, 61, 231, 190, 223,
       90, 163, 189, 254, 98, 34, 167, 127, 191, 129, 80, 217, 166, 111,
       249, 103, 127, 139, 164, 112, 165, 123, 0, 157, 31, 233, 176, 199,
       15, 191, 54, 105, 202, 64, 247, 247, 32, 96, 21, 114, 125, 152,
       91, 136, 89, 63, 233, 134, 47, 212, 152, 66, 161, 57, 124, 73,
       253, 69, 69, 94, 103, 136, 97, 240, 238, 8, 83, 117, 77, 254, 112,
       212, 104, 106, 73, 240, 249, 32, 87, 233, 69, 21, 99, 59, 70, 38,
       89, 74, 86, 101, 50, 154, 106, 48, 124, 128, 99, 196, 67, 64, 179,
       208, 54, 236, 44, 110, 132, 181, 5, 45, 144, 239, 35, 0, 109, 163,
       105, 12, 8, 188, 190, 249, 169, 237, 52, 199, 191, 31, 174, 17,
       174, 187, 64, 26, 161, 115, 235, 16, 50, 109, 147, 243, 239, 215,
       86, 123, 194, 80, 167, 139, 53, 109, 253, 106, 236, 75, 71, 216,
       67, 184, 188, 40, 83, 117, 217, 50, 89, 216, 86, 122, 73, 98, 235,
       56, 251, 200, 101, 60, 241, 251, 214, 225, 3, 150, 242, 30, 243,
       241, 188, 199, 63, 75, 126, 243, 44, 254, 166, 252, 183, 59, 179,
       149, 182, 216, 38, 247, 62, 126, 28, 203, 159, 84, 171, 223, 3,
       169, 35, 155, 213, 209, 162, 231, 95, 77, 88, 3, 172, 252, 118,
       164, 217, 43, 147, 209, 214, 186, 62, 245, 45, 84, 158, 107, 148,
       14, 181, 206, 25, 145, 57, 237, 16, 199, 65, 61, 118, 9, 237, 0,
       183, 87, 0, 96, 84, 58, 28, 8, 91, 184, 113, 31, 225, 237, 34, 0,
       112, 130, 165, 41, 228, 169, 31, 103, 188, 207, 119, 241, 162,
       169, 171, 8, 215, 243, 64, 18, 136, 118, 109, 122, 88, 169, 203,
       44, 239, 141, 37, 84, 192, 162, 198, 162, 218, 252, 49, 178, 27,
       201, 51, 230, 190, 124, 128, 57, 188, 215, 72, 65, 163, 89, 251,
       211, 98, 79, 154, 247, 249, 209, 31, 255, 16, 4, 5, 123, 73, 61,
       215, 65, 226, 44, 56, 23, 233, 145, 110, 100, 190, 51, 193, 254,
       166, 55, 238, 24, 145, 248, 145, 64, 14, 248, 86, 66, 202, 192, 3,
       57, 82, 158, 18, 250, 219, 240, 52, 231, 189, 15, 144, 179, 172,
       254, 36, 221, 231, 179, 207, 145, 118, 11, 2, 226, 179, 84, 30,
       203, 146, 84, 175, 143, 88, 197, 29, 109, 144, 78, 71, 191, 101,
       1, 174, 8, 119, 115, 8, 112, 16, 150, 76, 40, 107, 169, 113, 31,
       235, 239, 36, 80, 96, 130, 198, 42, 240, 73, 55, 188, 15, 192, 69,
       164, 161, 134, 130, 11, 102, 150, 33, 91, 224, 244, 104, 226, 104,
       79, 162, 108, 177, 162, 198, 27, 32, 49, 100, 106, 96, 13, 158,
       246, 248, 234, 119, 134, 162, 163, 234, 8, 183, 243, 65, 82, 131,
       127, 109, 0, 8, 169, 194, 41, 255, 167, 116, 57, 224, 251, 70, 10,
       197, 26, 151, 247, 160, 44, 105, 18, 58, 155, 83, 112, 215, 243,
       193, 127, 167, 117, 124, 30, 177, 212, 139, 96, 132, 186, 115,
       128, 136, 225, 1, 33, 38, 54, 240, 83, 241, 253, 176, 91, 123,
       239, 125, 125, 8, 252, 78, 60, 159, 27, 130, 16, 182, 242, 232,
       210, 15, 94, 21, 111, 195, 77, 199, 215, 86, 133, 22, 255, 205,
       134, 236, 232, 255, 180, 226, 2, 79, 234, 60, 223, 233, 229, 107,
       227, 122, 227, 155, 221, 189, 250, 207, 30, 49, 104, 121, 134,
       209, 192, 87, 189, 40, 10, 109, 53, 172, 18, 194, 208, 247, 2,
       144, 107, 98, 101, 110, 234, 97, 212, 87, 77, 164, 162, 126, 0,
       44, 176, 161, 40, 66, 160, 118, 253, 107, 3, 248, 104, 175, 176,
