%YAML:1.0
---
descriptors: !!opencv-matrix
   rows: 190
   cols: 32
   dt: u
   data: [ 69, 48, 249, 103, 224, 46, 105, 16, 106, 187, 55, 92, 215,
       115, 201, 122, 55, 92, 125, 30, 144, 208, 153, 64, 207, 187, 99,
       36, 136, 227, 67, 161, 81, 13, 199, 221, 116, 10, 111, 50, 117,
       130, 110, 2, 113, 51, 177, 116, 122, 238, 58, 238, 233, 248, 165,
       238, 116, 174, 198, 0, 39, 240, 112, 168, 2, 233, 25, 186, 254,
       201, 182, 207, 142, 5, 89, 107, 164, 222, 104, 64, 203, 59, 3, 1,
       82, 26, 74, 245, 45, 20, 30, 107, 16, 90, 133, 139, 119, 134, 109,
       228, 222, 38, 222, 121, 17, 163, 187, 222, 89, 123, 28, 32, 127,
       213, 93, 175, 185, 231, 77, 206, 56, 46, 175, 244, 237, 227, 178,
       33, 119, 150, 253, 230, 246, 38, 158, 253, 25, 171, 187, 250, 92,
       127, 156, 33, 63, 215, 117, 165, 185, 231, 205, 207, 56, 46, 253,
       244, 237, 226, 131, 33, 198, 172, 185, 188, 252, 161, 190, 175,
       155, 178, 16, 153, 188, 238, 116, 66, 135, 127, 123, 149, 178, 77,
       138, 243, 188, 30, 223, 252, 148, 96, 147, 9, 162, 140, 151, 254,
       252, 171, 214, 239, 223, 130, 112, 88, 238, 232, 36, 65, 211, 123,
       110, 35, 48, 107, 74, 255, 172, 190, 87, 26, 212, 120, 193, 141,
       254, 100, 241, 229, 39, 58, 120, 18, 105, 130, 187, 155, 79, 63,
       93, 59, 190, 221, 125, 191, 172, 244, 133, 202, 215, 249, 207,
       131, 231, 245, 99, 135, 124, 189, 149, 238, 185, 15, 86, 249, 63,
       186, 185, 72, 223, 255, 65, 48, 223, 223, 93, 115, 107, 99, 90,
       187, 185, 215, 39, 62, 216, 123, 163, 19, 198, 4, 182, 149, 137,
       118, 188, 11, 191, 151, 131, 16, 204, 110, 95, 207, 161, 87, 251,
       149, 48, 197, 243, 194, 13, 50, 223, 23, 128, 101, 181, 102, 201,
       241, 125, 253, 110, 223, 123, 56, 227, 220, 29, 162, 253, 95, 154,
       35, 38, 113, 253, 238, 193, 64, 254, 157, 103, 235, 233, 172, 54,
       166, 85, 241, 252, 65, 86, 238, 13, 86, 94, 180, 177, 166, 231,
       10, 75, 119, 41, 215, 112, 212, 237, 234, 104, 199, 177, 172, 243,
       235, 199, 17, 35, 191, 124, 34, 115, 180, 177, 220, 125, 84, 152,
       127, 27, 107, 148, 127, 124, 60, 30, 181, 157, 151, 213, 37, 183,
       111, 241, 223, 59, 126, 88, 254, 207, 12, 191, 95, 61, 109, 74,
       111, 212, 31, 230, 236, 100, 224, 125, 136, 211, 72, 159, 48, 56,
       236, 66, 111, 204, 176, 77, 60, 118, 109, 5, 49, 111, 191, 90,
       140, 111, 148, 242, 220, 253, 54, 216, 123, 219, 251, 181, 120,
       92, 255, 252, 191, 159, 21, 213, 61, 177, 107, 184, 214, 219, 95,
       95, 254, 222, 236, 195, 119, 240, 64, 207, 190, 12, 2, 108, 228,
       241, 146, 178, 26, 95, 34, 33, 83, 106, 229, 108, 234, 104, 199,
       147, 232, 177, 162, 198, 24, 37, 176, 114, 40, 122, 56, 172, 116,
       139, 125, 145, 23, 147, 255, 150, 191, 10, 188, 71, 42, 237, 183,
       253, 145, 189, 111, 243, 130, 219, 119, 216, 187, 231, 76, 158,
       127, 39, 161, 112, 203, 253, 125, 240, 9, 95, 117, 61, 27, 206,
       120, 94, 44, 155, 10, 223, 21, 150, 120, 255, 215, 15, 92, 23,
       127, 214, 14, 221, 199, 226, 52, 186, 90, 217, 237, 148, 79, 155,
       159, 169, 57, 102, 252, 111, 25, 201, 59, 235, 17, 34, 111, 218,
       51, 25, 22, 85, 59, 208, 88, 142, 223, 57, 83, 107, 101, 54, 86,
       233, 49, 117, 236, 118, 134, 27, 13, 150, 116, 126, 164, 149, 172,
       201, 176, 53, 140, 119, 233, 160, 128, 111, 166, 116, 113, 3, 127,
       91, 229, 50, 142, 126, 54, 60, 192, 122, 228, 189, 158, 177, 112,
       182, 63, 31, 205, 197, 152, 36, 238, 228, 253, 42, 128, 44, 144,
       43, 185, 122, 169, 242, 72, 117, 221, 82, 65, 107, 13, 252, 8, 46,
       223, 102, 148, 250, 170, 199, 88, 30, 43, 178, 253, 179, 221, 0,
       27, 99, 134, 238, 14, 17, 77, 222, 197, 84, 142, 110, 114, 253,
       128, 126, 66, 125, 163, 177, 96, 114, 238, 62, 234, 96, 152, 133,
       238, 231, 174, 102, 0, 39, 240, 97, 168, 34, 189, 17, 170, 220,
       193, 182, 239, 142, 1, 120, 107, 164, 243, 108, 0, 217, 59, 3, 81,
       82, 26, 74, 245, 61, 148, 15, 110, 16, 10, 135, 139, 72, 252, 188,
       115, 137, 237, 17, 143, 59, 63, 36, 25, 174, 55, 74, 27, 129, 83,
       233, 16, 50, 72, 251, 113, 239, 211, 93, 127, 194, 80, 135, 107,
       50, 232, 80, 158, 77, 137, 248, 70, 171, 33, 224, 11, 46, 136, 20,
       20, 168, 171, 107, 129, 14, 43, 194, 241, 151, 212, 26, 59, 71,
       12, 83, 142, 56, 221, 57, 251, 176, 207, 83, 183, 22, 13, 238, 0,
       183, 87, 32, 112, 85, 58, 29, 88, 123, 136, 113, 63, 235, 239, 52,
       80, 50, 136, 196, 107, 196, 172, 135, 147, 212, 168, 38, 135, 182,
       147, 74, 82, 224, 226, 73, 66, 113, 238, 42, 152, 50, 92, 203,
       227, 60, 38, 159, 68, 128, 112, 161, 168, 194, 172, 146, 156, 254,
       161, 190, 239, 158, 179, 16, 218, 188, 235, 80, 2, 131, 111, 123,
       153, 50, 77, 142, 255, 172, 22, 159, 236, 132, 112, 145, 40, 130,
       140, 215, 254, 252, 171, 156, 239, 223, 147, 248, 88, 238, 232,
       36, 205, 215, 123, 110, 33, 48, 107, 10, 255, 136, 186, 87, 122,
       212, 120, 161, 141, 247, 134, 213, 212, 214, 34, 204, 107, 27,
       179, 251, 218, 89, 104, 156, 27, 127, 207, 55, 173, 185, 246, 205,
       223, 60, 46, 253, 196, 237, 224, 243, 129, 93, 121, 17, 254, 184,
       220, 71, 184, 111, 8, 106, 72, 255, 211, 129, 240, 132, 127, 108,
       74, 91, 9, 251, 61, 177, 253, 38, 24, 0, 179, 7, 41, 105, 64, 173,
       149, 109, 30, 237, 16, 120, 218, 230, 76, 219, 36, 147, 127, 77,
       196, 122, 14, 205, 246, 245, 128, 199, 123, 246, 20, 74, 253, 82,
       240, 116, 103, 28, 100, 138, 75, 7, 232, 32, 164, 170, 170, 83,
       101, 9, 19, 56, 212, 108, 98, 72, 243, 201, 12, 249, 129, 101, 53,
       97, 123, 6, 34, 242, 193, 103, 174, 13, 2, 70, 100, 197, 36, 179,
       3, 99, 104, 52, 71, 120, 228, 108, 227, 108, 163, 13, 141, 177,
       234, 199, 19, 117, 58, 116, 14, 109, 11, 211, 101, 164, 62, 102,
       185, 121, 202, 126, 76, 243, 96, 153, 242, 144, 206, 108, 110,
       189, 240, 237, 43, 174, 255, 101, 0, 202, 243, 218, 33, 57, 123,
       154, 231, 53, 143, 94, 85, 43, 172, 250, 77, 255, 91, 67, 144,
       188, 237, 76, 92, 143, 186, 217, 61, 255, 221, 37, 176, 74, 154,
       202, 139, 36, 32, 248, 241, 205, 45, 208, 200, 203, 179, 165, 26,
       22, 217, 109, 26, 169, 220, 99, 18, 26, 119, 218, 144, 95, 157, 1,
       127, 209, 105, 86, 162, 9, 203, 86, 69, 52, 155, 238, 38, 109, 4,
       126, 32, 171, 32, 150, 164, 58, 102, 110, 108, 196, 184, 37, 79,
       38, 255, 34, 65, 71, 164, 75, 141, 17, 191, 63, 97, 48, 206, 65,
       55, 100, 200, 238, 68, 183, 19, 128, 112, 4, 56, 76, 120, 219,
       136, 113, 29, 233, 137, 36, 64, 104, 128, 162, 121, 77, 50, 156,
       177, 124, 12, 169, 19, 250, 253, 54, 76, 156, 138, 211, 155, 143,
       37, 110, 157, 147, 104, 243, 192, 204, 155, 127, 252, 200, 160,
       11, 241, 55, 122, 122, 12, 100, 134, 223, 66, 233, 204, 249, 15,
       34, 220, 183, 48, 174, 233, 87, 71, 196, 171, 182, 72, 83, 60, 7,
       138, 77, 178, 103, 215, 99, 176, 248, 220, 124, 23, 217, 95, 91,
       121, 181, 255, 252, 28, 190, 41, 159, 23, 247, 21, 150, 107, 171,
       213, 27, 94, 250, 254, 28, 140, 219, 95, 218, 80, 117, 237, 47,
       82, 93, 56, 203, 250, 85, 163, 255, 223, 148, 39, 134, 181, 181,
       239, 200, 68, 182, 221, 195, 251, 233, 143, 55, 164, 69, 115, 224,
       168, 149, 176, 44, 173, 64, 138, 187, 59, 178, 88, 183, 131, 64,
       27, 201, 165, 108, 16, 42, 111, 202, 81, 156, 146, 114, 120, 192,
       8, 67, 40, 16, 207, 158, 253, 20, 136, 102, 38, 244, 133, 238, 0,
       163, 161, 48, 80, 104, 238, 42, 200, 72, 187, 2, 111, 226, 239,
       150, 1, 97, 128, 104, 136, 133, 164, 221, 241, 236, 169, 233, 27,
       254, 179, 51, 90, 157, 163, 216, 43, 43, 15, 110, 28, 51, 124,
       207, 210, 204, 155, 119, 100, 204, 200, 131, 160, 244, 72, 223,
       246, 78, 8, 109, 128, 185, 146, 178, 90, 95, 107, 21, 91, 107,
       229, 125, 234, 104, 71, 207, 226, 212, 170, 251, 28, 37, 241, 99,
