%YAML:1.0
---
descriptors: !!opencv-matrix
   rows: 226
   cols: 32
   dt: u
   data: [ 150, 191, 144, 179, 186, 9, 190, 207, 187, 181, 152, 253, 141,
       238, 206, 2, 183, 95, 205, 209, 182, 73, 142, 243, 168, 84, 15,
       255, 132, 116, 143, 149, 199, 156, 175, 31, 170, 244, 191, 185,
       190, 87, 79, 149, 252, 238, 190, 102, 199, 119, 249, 141, 183, 77,
       190, 227, 47, 63, 223, 202, 150, 231, 165, 125, 73, 120, 147, 86,
       97, 204, 103, 214, 61, 202, 110, 8, 190, 151, 33, 180, 180, 122,
       18, 72, 65, 156, 16, 107, 165, 190, 20, 2, 130, 19, 3, 59, 118,
       246, 134, 154, 139, 119, 12, 205, 191, 127, 145, 247, 76, 230,
       106, 221, 253, 157, 207, 179, 47, 71, 219, 210, 184, 54, 223, 191,
       152, 86, 175, 215, 141, 59, 237, 5, 206, 91, 167, 121, 116, 230,
       119, 246, 209, 100, 159, 172, 123, 76, 234, 255, 245, 244, 109,
       66, 76, 45, 231, 132, 111, 239, 124, 244, 32, 161, 217, 123, 240,
       237, 117, 223, 122, 11, 124, 24, 52, 179, 72, 48, 59, 26, 2, 24,
       18, 62, 170, 115, 111, 140, 52, 108, 240, 200, 199, 171, 220, 119,
       247, 102, 242, 90, 127, 248, 49, 174, 127, 238, 75, 103, 137, 183,
       54, 212, 132, 106, 232, 212, 173, 142, 242, 235, 101, 132, 99,
       243, 70, 49, 92, 71, 75, 237, 240, 2, 111, 184, 52, 142, 119, 230,
       121, 103, 169, 81, 118, 253, 36, 238, 104, 210, 41, 79, 224, 167,
       103, 132, 103, 179, 36, 113, 114, 171, 40, 160, 61, 157, 91, 232,
       139, 61, 157, 143, 134, 140, 86, 134, 204, 140, 253, 85, 158, 11,
       234, 149, 155, 81, 141, 255, 20, 14, 94, 102, 52, 119, 97, 71, 86,
       95, 175, 112, 117, 236, 255, 198, 217, 108, 157, 164, 124, 220,
       134, 238, 233, 176, 109, 206, 37, 14, 161, 128, 111, 186, 70, 180,
       86, 253, 158, 186, 155, 192, 22, 236, 187, 19, 168, 168, 108, 246,
       105, 82, 227, 243, 233, 211, 114, 75, 154, 243, 185, 150, 95, 123,
       144, 83, 167, 27, 161, 156, 117, 95, 52, 255, 225, 55, 92, 99,
       115, 82, 243, 60, 148, 164, 88, 46, 22, 8, 185, 188, 117, 47, 5,
       62, 178, 64, 77, 136, 80, 252, 69, 21, 179, 165, 252, 108, 186,
       83, 40, 201, 251, 119, 157, 63, 0, 42, 238, 151, 95, 177, 145,
       187, 209, 226, 213, 188, 170, 192, 201, 65, 231, 243, 3, 18, 198,
       157, 116, 6, 104, 59, 23, 233, 211, 215, 33, 162, 182, 77, 108,
       141, 63, 141, 188, 220, 149, 204, 4, 42, 250, 192, 45, 132, 56,
       93, 212, 115, 158, 181, 170, 46, 61, 57, 188, 190, 131, 253, 213,
       103, 193, 91, 39, 69, 109, 166, 176, 197, 155, 66, 216, 162, 111,
       148, 168, 241, 1, 19, 65, 147, 127, 79, 182, 30, 111, 49, 108, 72,
       127, 228, 251, 118, 152, 112, 118, 228, 60, 238, 209, 144, 37, 77,
       230, 235, 162, 128, 45, 163, 225, 117, 88, 113, 247, 229, 67, 78,
       113, 72, 43, 224, 111, 0, 92, 215, 1, 118, 50, 253, 121, 104, 1,
       208, 179, 72, 213, 168, 67, 6, 34, 35, 39, 114, 189, 117, 237,
       231, 222, 70, 79, 248, 18, 242, 148, 207, 81, 119, 209, 51, 127,
       204, 85, 254, 233, 214, 253, 42, 255, 203, 239, 180, 39, 242, 114,
       248, 87, 141, 167, 209, 133, 98, 109, 139, 242, 179, 130, 18, 89,
       58, 81, 107, 97, 199, 121, 185, 48, 221, 181, 194, 93, 46, 223,
       68, 161, 113, 161, 32, 212, 248, 153, 230, 14, 4, 94, 248, 130,
       176, 129, 74, 119, 251, 105, 66, 241, 245, 109, 242, 74, 103, 154,
       56, 249, 193, 239, 60, 48, 51, 37, 2, 130, 151, 14, 138, 222, 165,
       184, 105, 158, 17, 91, 151, 196, 234, 58, 65, 255, 139, 43, 165,
       54, 19, 27, 213, 28, 18, 219, 108, 29, 10, 169, 148, 130, 166, 12,
       187, 201, 165, 56, 207, 159, 31, 68, 149, 172, 238, 106, 73, 197,
       59, 171, 145, 54, 92, 82, 243, 143, 115, 222, 235, 144, 68, 173,
       206, 24, 188, 179, 250, 187, 233, 17, 71, 63, 1, 104, 56, 190,
       247, 96, 60, 155, 187, 135, 144, 27, 26, 178, 115, 217, 212, 26,
       107, 146, 64, 167, 42, 241, 91, 119, 204, 38, 86, 199, 244, 68,
       200, 242, 230, 115, 148, 181, 225, 94, 244, 46, 106, 233, 187, 53,
       172, 176, 170, 230, 128, 125, 186, 116, 57, 212, 217, 159, 180,
       159, 4, 150, 236, 142, 144, 130, 3, 247, 255, 105, 2, 253, 115,
       105, 115, 74, 105, 154, 169, 249, 199, 79, 31, 0, 58, 165, 10,
       101, 237, 153, 142, 222, 33, 134, 200, 74, 162, 137, 74, 84, 224,
       121, 2, 89, 201, 74, 243, 114, 35, 222, 58, 184, 4, 143, 60, 213,
       123, 179, 128, 191, 62, 228, 77, 143, 83, 191, 216, 87, 230, 215,
       163, 73, 253, 223, 44, 127, 92, 251, 255, 252, 244, 111, 190, 127,
       79, 205, 135, 231, 239, 116, 245, 119, 246, 131, 138, 203, 119,
       62, 201, 63, 111, 217, 239, 204, 246, 234, 220, 253, 149, 255,
       183, 143, 3, 251, 210, 184, 38, 143, 191, 152, 118, 175, 87, 71,
       148, 135, 140, 168, 102, 15, 51, 228, 203, 219, 100, 208, 246,
       184, 234, 209, 102, 124, 47, 157, 129, 235, 78, 160, 54, 255, 132,
       136, 118, 177, 117, 1, 15, 88, 205, 188, 149, 238, 119, 109, 40,
       188, 98, 169, 10, 151, 160, 238, 163, 206, 205, 204, 43, 100, 252,
       182, 221, 174, 185, 85, 152, 107, 141, 213, 233, 120, 227, 150,
       12, 110, 149, 106, 241, 166, 6, 147, 11, 82, 114, 98, 207, 124,
       222, 223, 152, 221, 96, 254, 169, 166, 100, 173, 147, 233, 8, 91,
       167, 106, 166, 100, 61, 126, 242, 48, 206, 95, 175, 107, 236, 250,
       129, 254, 239, 167, 167, 220, 250, 174, 168, 246, 225, 239, 169,
       45, 255, 63, 211, 252, 73, 106, 168, 76, 201, 239, 97, 141, 68,
       180, 171, 3, 141, 179, 81, 106, 160, 79, 239, 72, 35, 100, 136,
       240, 224, 130, 57, 55, 191, 244, 194, 22, 156, 254, 182, 243, 194,
       55, 231, 189, 87, 254, 179, 110, 255, 46, 89, 251, 251, 135, 129,
       60, 251, 8, 231, 251, 215, 94, 195, 229, 100, 167, 203, 131, 246,
       245, 81, 230, 27, 173, 190, 94, 115, 82, 244, 188, 12, 220, 173,
       39, 91, 86, 25, 227, 252, 111, 119, 44, 26, 126, 230, 92, 216,
       129, 189, 231, 252, 173, 254, 141, 127, 223, 190, 159, 250, 149,
       30, 244, 253, 127, 107, 205, 247, 127, 127, 233, 103, 251, 250,
       251, 251, 207, 62, 156, 121, 212, 114, 165, 204, 189, 255, 172,
       45, 95, 254, 222, 58, 160, 18, 214, 249, 121, 107, 201, 211, 59,
       122, 251, 103, 123, 179, 239, 187, 215, 60, 144, 121, 240, 34,
       189, 84, 114, 232, 85, 63, 114, 80, 68, 104, 249, 95, 27, 153, 55,
       240, 252, 136, 22, 110, 165, 183, 48, 138, 119, 205, 160, 48, 251,
       219, 114, 211, 171, 193, 161, 191, 221, 157, 205, 173, 31, 53, 97,
       25, 234, 124, 94, 163, 201, 74, 179, 71, 94, 42, 251, 177, 173,
       120, 222, 126, 82, 14, 208, 206, 100, 197, 242, 71, 246, 10, 111,
       184, 115, 162, 123, 234, 115, 97, 153, 117, 123, 204, 55, 110, 96,
       242, 205, 46, 126, 46, 101, 36, 103, 251, 82, 161, 201, 24, 157,
       252, 41, 228, 81, 27, 155, 251, 36, 24, 190, 183, 67, 123, 193,
       51, 121, 16, 33, 77, 242, 80, 203, 219, 83, 58, 144, 96, 5, 107,
       163, 235, 228, 95, 236, 31, 254, 236, 95, 154, 250, 111, 104, 232,
       151, 47, 188, 238, 119, 71, 230, 250, 207, 225, 38, 58, 197, 146,
       71, 253, 216, 143, 95, 60, 237, 85, 171, 126, 92, 155, 59, 251,
       14, 92, 223, 54, 215, 191, 167, 215, 252, 190, 189, 72, 253, 96,
       159, 219, 93, 182, 170, 245, 139, 53, 33, 148, 249, 87, 52, 239,
       227, 48, 92, 99, 123, 80, 243, 56, 156, 96, 88, 54, 18, 9, 177,
       188, 125, 47, 5, 174, 178, 64, 76, 138, 208, 56, 78, 243, 67, 26,
       235, 144, 189, 153, 171, 92, 95, 229, 141, 206, 223, 223, 38, 155,
       245, 215, 198, 82, 174, 225, 150, 113, 174, 143, 6, 215, 175, 85,
       162, 177, 46, 180, 205, 221, 188, 103, 191, 117, 134, 155, 172,
       188, 70, 3, 136, 51, 251, 129, 118, 217, 18, 245, 187, 83, 222,
       115, 4, 12, 159, 222, 195, 238, 19, 155, 240, 168, 47, 183, 188,
       15, 120, 244, 172, 194, 136, 244, 135, 59, 6, 30, 231, 156, 238,
       119, 164, 180, 62, 232, 144, 209, 131, 237, 32, 28, 30, 31, 188,
       187, 134, 231, 252, 6, 250, 29, 166, 40, 7, 1, 201, 98, 206, 3,
