%YAML:1.0
---
descriptors: !!opencv-matrix
   rows: 148
   cols: 32
   dt: u
   data: [ 214, 188, 181, 179, 171, 253, 60, 255, 191, 123, 179, 125,
       189, 254, 76, 251, 167, 251, 255, 147, 246, 77, 186, 243, 223,
       219, 95, 234, 128, 64, 135, 123, 2, 219, 10, 189, 50, 128, 184,
       102, 62, 5, 82, 167, 172, 142, 38, 64, 230, 43, 147, 213, 70, 152,
       2, 255, 100, 38, 186, 131, 28, 20, 169, 219, 49, 141, 75, 254, 22,
       163, 202, 242, 196, 0, 218, 194, 113, 224, 176, 96, 122, 234, 10,
       207, 187, 171, 14, 191, 248, 175, 130, 72, 61, 203, 112, 168, 242,
       30, 252, 28, 255, 113, 145, 71, 219, 247, 180, 191, 10, 60, 103,
       31, 239, 183, 255, 17, 188, 111, 114, 216, 91, 91, 80, 191, 247,
       108, 92, 95, 66, 28, 54, 244, 111, 204, 54, 226, 237, 138, 90, 33,
       172, 158, 33, 68, 166, 113, 255, 67, 64, 141, 146, 239, 179, 244,
       26, 139, 6, 37, 37, 31, 130, 205, 16, 155, 213, 199, 188, 239, 31,
       5, 74, 19, 164, 202, 60, 68, 209, 11, 51, 145, 118, 152, 81, 247,
       45, 54, 158, 71, 16, 88, 181, 142, 157, 212, 114, 251, 39, 95,
       254, 253, 21, 78, 183, 162, 255, 93, 186, 37, 63, 208, 159, 235,
       232, 180, 57, 175, 231, 219, 247, 135, 119, 254, 213, 123, 10,
       221, 32, 139, 213, 215, 190, 167, 29, 5, 94, 19, 236, 126, 62,
       196, 221, 27, 147, 161, 118, 152, 89, 255, 47, 118, 158, 199, 22,
       14, 189, 222, 61, 207, 107, 222, 150, 146, 207, 246, 213, 196,
       222, 194, 113, 237, 181, 100, 126, 234, 31, 206, 233, 187, 46,
       175, 114, 239, 167, 128, 55, 251, 116, 236, 188, 85, 127, 69, 182,
       122, 231, 113, 101, 142, 255, 32, 91, 117, 141, 49, 56, 244, 204,
       106, 248, 180, 97, 14, 119, 239, 37, 0, 227, 251, 230, 97, 41,
       140, 189, 253, 205, 119, 197, 159, 86, 251, 148, 24, 147, 57, 81,
       171, 201, 86, 50, 9, 187, 126, 123, 177, 79, 219, 245, 60, 214,
       88, 208, 170, 45, 98, 193, 99, 252, 47, 79, 152, 71, 168, 189,
       204, 83, 65, 217, 56, 92, 192, 70, 126, 137, 50, 109, 56, 110,
       205, 165, 180, 255, 251, 82, 161, 225, 161, 119, 5, 52, 158, 225,
       48, 232, 192, 102, 88, 243, 16, 150, 247, 0, 100, 120, 110, 229,
       252, 245, 13, 46, 250, 65, 64, 74, 128, 82, 100, 188, 28, 125,
       253, 114, 106, 103, 250, 52, 6, 126, 34, 115, 119, 161, 117, 126,
       254, 6, 234, 104, 180, 105, 63, 119, 239, 98, 0, 115, 249, 100,
       233, 44, 113, 61, 103, 116, 79, 119, 184, 109, 168, 119, 8, 223,
       81, 9, 16, 148, 216, 71, 106, 105, 176, 89, 14, 231, 221, 37, 4,
       64, 187, 70, 163, 2, 161, 16, 136, 77, 101, 184, 204, 14, 21, 216,
       3, 172, 14, 124, 204, 250, 137, 219, 177, 6, 51, 83, 209, 21, 16,
       154, 175, 85, 12, 37, 206, 138, 217, 62, 159, 115, 212, 60, 230,
       188, 5, 68, 163, 172, 246, 35, 65, 230, 123, 155, 193, 102, 137,
       18, 255, 111, 51, 222, 139, 18, 20, 45, 155, 2, 205, 48, 153, 213,
       199, 182, 239, 94, 33, 72, 19, 172, 152, 52, 0, 217, 59, 147, 1,
       86, 184, 91, 247, 45, 28, 158, 99, 81, 88, 221, 142, 35, 13, 98,
       95, 85, 223, 182, 96, 95, 68, 125, 2, 104, 252, 55, 36, 216, 122,
       146, 75, 134, 186, 126, 255, 39, 28, 130, 43, 87, 175, 117, 236,
       154, 222, 126, 188, 102, 151, 254, 246, 156, 78, 84, 135, 61, 172,
       51, 1, 174, 57, 151, 197, 228, 191, 18, 255, 242, 199, 122, 129,
       125, 24, 47, 219, 240, 116, 121, 232, 25, 111, 81, 89, 33, 104,
       177, 8, 19, 29, 5, 49, 220, 145, 93, 162, 41, 39, 241, 31, 243,
       217, 1, 63, 113, 170, 102, 51, 3, 223, 107, 141, 246, 70, 191,
       181, 12, 204, 94, 231, 253, 110, 182, 96, 118, 125, 151, 231, 197,
       152, 61, 237, 36, 61, 174, 128, 28, 190, 177, 253, 72, 36, 191,
       116, 169, 109, 181, 87, 254, 187, 174, 24, 158, 191, 64, 59, 161,
       55, 110, 24, 50, 109, 179, 66, 219, 223, 86, 59, 194, 80, 135, 99,
       218, 112, 125, 228, 126, 71, 157, 93, 139, 170, 148, 235, 252,
       159, 213, 43, 166, 117, 255, 227, 224, 71, 160, 200, 116, 89, 111,
       186, 5, 61, 7, 251, 34, 169, 144, 158, 93, 253, 146, 236, 159, 29,
       225, 9, 236, 254, 47, 196, 201, 123, 203, 65, 38, 43, 90, 245, 15,
       22, 26, 59, 82, 15, 45, 206, 103, 115, 106, 129, 246, 144, 184,
       89, 43, 252, 85, 239, 8, 140, 247, 14, 46, 141, 215, 245, 134, 50,
       164, 220, 30, 25, 175, 239, 239, 134, 127, 213, 90, 188, 188, 250,
       169, 253, 145, 207, 187, 31, 172, 24, 174, 255, 100, 91, 193, 179,
       239, 16, 58, 79, 250, 243, 219, 215, 90, 123, 210, 64, 135, 170,
       129, 255, 232, 21, 184, 62, 175, 190, 126, 230, 94, 229, 181, 108,
       211, 34, 23, 102, 127, 173, 229, 252, 247, 62, 110, 63, 111, 140,
       204, 248, 9, 217, 188, 30, 254, 253, 48, 106, 127, 114, 53, 134,
       254, 176, 123, 103, 163, 81, 126, 254, 135, 170, 56, 180, 33, 174,
       231, 239, 99, 1, 243, 241, 100, 243, 252, 52, 113, 108, 61, 111,
       87, 121, 113, 234, 177, 72, 219, 23, 9, 177, 220, 156, 92, 170,
       41, 38, 113, 156, 243, 217, 33, 60, 123, 171, 70, 51, 191, 111,
       68, 94, 203, 23, 159, 236, 211, 182, 165, 26, 74, 232, 127, 167,
       93, 198, 218, 235, 108, 103, 251, 191, 50, 219, 205, 63, 119, 255,
       186, 196, 159, 89, 110, 237, 55, 214, 255, 180, 29, 76, 86, 130,
       249, 95, 183, 229, 118, 117, 159, 239, 225, 144, 61, 237, 231,
       249, 174, 129, 55, 191, 125, 249, 200, 233, 188, 243, 173, 205,
       116, 167, 255, 63, 38, 24, 190, 185, 64, 123, 129, 119, 106, 88,
       114, 109, 219, 177, 207, 251, 84, 123, 210, 88, 197, 42, 126, 120,
       251, 228, 107, 5, 155, 212, 137, 234, 180, 235, 60, 31, 197, 58,
       207, 245, 255, 83, 201, 103, 224, 232, 211, 93, 239, 186, 79, 63,
       6, 123, 179, 234, 107, 159, 102, 146, 239, 116, 80, 70, 87, 247,
       121, 236, 182, 33, 126, 237, 55, 207, 229, 246, 174, 239, 116, 47,
       254, 136, 109, 189, 243, 253, 23, 115, 98, 131, 246, 145, 187, 85,
       41, 236, 89, 231, 9, 140, 255, 0, 62, 173, 151, 247, 198, 179,
       172, 196, 126, 8, 175, 228, 109, 134, 187, 221, 163, 233, 32, 90,
       93, 221, 178, 198, 223, 85, 96, 10, 168, 220, 54, 36, 201, 59,
       147, 65, 38, 62, 122, 247, 63, 30, 26, 43, 81, 28, 127, 206, 14,
       91, 102, 156, 205, 180, 190, 98, 157, 196, 218, 135, 44, 206, 55,
       201, 238, 107, 179, 199, 196, 147, 18, 232, 54, 113, 202, 139, 31,
       125, 61, 222, 218, 93, 18, 156, 99, 244, 62, 98, 173, 134, 94, 34,
       172, 190, 39, 196, 166, 123, 191, 67, 96, 139, 178, 239, 179, 52,
       26, 139, 6, 117, 37, 239, 2, 200, 14, 189, 25, 196, 58, 230, 159,
       0, 64, 131, 172, 254, 53, 65, 236, 123, 59, 197, 102, 156, 18,
       255, 37, 118, 218, 11, 16, 29, 37, 222, 95, 57, 114, 68, 235, 123,
       54, 114, 233, 244, 44, 175, 14, 190, 103, 191, 166, 117, 209, 98,
       197, 81, 180, 232, 83, 89, 65, 63, 111, 119, 15, 247, 118, 92,
       242, 238, 167, 124, 94, 140, 9, 14, 186, 43, 110, 126, 61, 223,
       255, 215, 189, 99, 168, 35, 217, 235, 179, 252, 194, 147, 247,
       255, 76, 15, 212, 140, 150, 151, 230, 170, 174, 231, 190, 155,
       210, 242, 236, 102, 104, 75, 239, 247, 46, 146, 50, 220, 203, 227,
       188, 54, 223, 66, 132, 121, 177, 137, 138, 94, 50, 159, 99, 212,
       188, 198, 159, 78, 92, 167, 172, 222, 39, 196, 230, 123, 179, 193,
       70, 158, 50, 251, 7, 119, 154, 139, 22, 21, 45, 223, 43, 204, 98,
       31, 85, 223, 178, 226, 95, 68, 88, 3, 168, 220, 55, 228, 216, 107,
       146, 71, 230, 188, 124, 255, 39, 94, 138, 3, 87, 31, 125, 206,
       173, 255, 197, 254, 220, 43, 238, 252, 214, 234, 185, 254, 211,
       225, 249, 163, 125, 230, 94, 238, 241, 99, 238, 254, 254, 207,
       231, 188, 255, 251, 240, 161, 198, 156, 183, 223, 168, 102, 173,
       238, 62, 123, 210, 18, 212, 183, 33, 107, 231, 87, 59, 217, 49,
       221, 179, 226, 253, 182, 222, 198, 132, 81, 165, 121, 46, 185,
       180, 154, 125, 253, 146, 200, 143, 29, 173, 9, 238, 220, 110, 134,
       201, 91, 235, 67, 6, 35, 90, 245, 159, 80, 11, 127, 82, 15, 15,
