%YAML:1.0
---
descriptors: !!opencv-matrix
   rows: 189
   cols: 32
   dt: u
   data: [ 85, 33, 169, 193, 157, 93, 67, 3, 66, 225, 143, 10, 147, 180,
       80, 36, 88, 190, 120, 152, 25, 56, 241, 2, 189, 140, 143, 112,
       128, 40, 148, 52, 0, 94, 27, 191, 50, 199, 59, 119, 30, 71, 88,
       167, 188, 199, 33, 64, 247, 59, 11, 144, 98, 156, 49, 255, 229,
       166, 62, 0, 24, 8, 37, 251, 221, 86, 140, 165, 162, 46, 45, 184,
       48, 250, 135, 213, 221, 39, 203, 219, 55, 69, 125, 175, 165, 212,
       157, 2, 204, 227, 239, 132, 168, 245, 11, 81, 69, 20, 191, 247,
       170, 44, 57, 27, 174, 255, 159, 84, 220, 119, 9, 107, 167, 87,
       125, 138, 177, 69, 187, 192, 193, 186, 123, 144, 136, 97, 37, 115,
       9, 251, 108, 13, 222, 91, 167, 253, 70, 228, 126, 166, 241, 76,
       147, 164, 122, 78, 234, 111, 199, 184, 101, 61, 108, 37, 39, 129,
       127, 190, 252, 252, 181, 112, 249, 65, 204, 79, 207, 216, 87, 246,
       180, 14, 83, 89, 221, 46, 93, 220, 86, 122, 235, 118, 125, 178,
       69, 140, 165, 52, 245, 187, 84, 224, 35, 18, 231, 141, 126, 63,
       224, 93, 87, 233, 83, 102, 66, 104, 188, 164, 220, 140, 182, 45,
       141, 242, 125, 157, 30, 30, 209, 198, 93, 12, 120, 141, 60, 109,
       123, 99, 213, 223, 71, 240, 97, 172, 255, 8, 83, 85, 1, 176, 24,
       244, 68, 106, 73, 178, 120, 44, 231, 205, 37, 21, 99, 187, 70,
       162, 67, 249, 232, 223, 187, 212, 191, 167, 174, 85, 78, 128, 252,
       246, 222, 230, 39, 99, 249, 223, 215, 72, 191, 241, 47, 63, 158,
       202, 6, 22, 169, 124, 216, 235, 90, 234, 52, 141, 90, 240, 53,
       136, 244, 73, 63, 147, 0, 17, 58, 248, 14, 250, 106, 55, 72, 189,
       243, 217, 32, 120, 122, 131, 74, 10, 254, 119, 218, 68, 242, 27,
       126, 208, 33, 174, 183, 239, 75, 199, 237, 156, 54, 213, 197, 254,
       232, 39, 140, 74, 186, 201, 37, 188, 103, 247, 14, 17, 202, 10, 4,
       159, 121, 177, 25, 2, 142, 149, 132, 133, 172, 202, 115, 203, 198,
       35, 251, 133, 6, 77, 214, 245, 78, 115, 218, 185, 22, 12, 29, 94,
       83, 184, 186, 176, 139, 245, 16, 71, 235, 83, 160, 29, 15, 250,
       102, 58, 167, 179, 220, 145, 30, 75, 146, 209, 155, 208, 27, 107,
       232, 68, 171, 31, 243, 205, 39, 30, 189, 135, 71, 230, 151, 108,
       250, 9, 98, 250, 54, 84, 216, 226, 110, 76, 111, 171, 104, 191,
       187, 254, 148, 27, 80, 28, 224, 94, 197, 111, 26, 139, 234, 169,
       47, 198, 172, 7, 235, 212, 157, 2, 169, 219, 39, 11, 74, 222, 115,
       29, 133, 98, 180, 36, 62, 104, 152, 83, 171, 136, 116, 37, 157,
       103, 136, 111, 71, 40, 36, 34, 235, 8, 215, 113, 9, 114, 144, 212,
       108, 42, 40, 240, 217, 14, 245, 231, 68, 53, 96, 251, 70, 34, 15,
       121, 236, 79, 222, 87, 191, 248, 70, 232, 95, 162, 121, 125, 159,
       34, 126, 125, 55, 239, 193, 240, 237, 232, 127, 47, 173, 132, 239,
       255, 113, 241, 52, 125, 219, 166, 78, 75, 183, 232, 128, 224, 137,
       143, 119, 253, 105, 34, 126, 253, 83, 227, 201, 51, 158, 170, 113,
       132, 143, 62, 109, 251, 55, 240, 121, 132, 238, 69, 23, 82, 67,
       59, 113, 231, 215, 215, 115, 44, 150, 245, 112, 236, 189, 173,
       173, 252, 181, 14, 218, 111, 245, 128, 239, 164, 122, 124, 7, 132,
       237, 87, 140, 110, 233, 11, 94, 243, 75, 18, 208, 124, 94, 107,
       217, 78, 59, 157, 179, 244, 255, 202, 77, 62, 223, 6, 197, 104,
       209, 246, 214, 94, 142, 183, 58, 166, 123, 18, 180, 158, 130, 245,
       245, 39, 3, 91, 167, 101, 125, 135, 40, 197, 145, 108, 208, 227,
       250, 128, 168, 177, 35, 27, 76, 17, 181, 241, 171, 108, 61, 31,
       174, 251, 139, 20, 220, 183, 72, 250, 167, 87, 253, 144, 17, 201,
       147, 194, 205, 247, 126, 86, 138, 96, 165, 51, 56, 235, 94, 72,
       92, 143, 71, 252, 65, 4, 244, 78, 51, 129, 160, 21, 120, 232, 70,
       234, 72, 187, 16, 61, 118, 201, 32, 40, 107, 154, 98, 168, 101,
       97, 200, 69, 236, 63, 78, 152, 67, 250, 188, 76, 83, 104, 223, 63,
       24, 204, 118, 110, 205, 114, 253, 8, 54, 24, 229, 52, 73, 251, 90,
       148, 57, 195, 115, 76, 84, 219, 230, 116, 197, 72, 244, 74, 115,
       88, 180, 164, 120, 176, 198, 234, 205, 163, 36, 157, 50, 73, 160,
       17, 119, 154, 114, 172, 124, 185, 148, 106, 25, 205, 66, 152, 227,
       61, 169, 8, 238, 243, 72, 146, 129, 214, 236, 16, 10, 43, 219, 17,
       217, 245, 1, 125, 218, 35, 78, 2, 9, 7, 68, 5, 84, 11, 231, 120,
       116, 164, 126, 230, 211, 32, 146, 128, 122, 76, 34, 110, 196, 176,
       77, 12, 100, 167, 166, 0, 111, 186, 88, 160, 117, 125, 91, 166,
       94, 7, 135, 226, 16, 194, 232, 10, 119, 253, 33, 32, 124, 253, 19,
       227, 105, 163, 152, 110, 241, 134, 143, 56, 73, 123, 50, 176, 56,
       249, 172, 101, 45, 63, 197, 190, 71, 254, 188, 13, 163, 60, 87,
       146, 201, 198, 253, 13, 140, 106, 115, 187, 199, 95, 213, 61, 83,
       124, 94, 90, 223, 52, 172, 117, 160, 62, 124, 154, 51, 251, 134,
       84, 223, 54, 219, 123, 167, 199, 125, 190, 189, 85, 189, 66, 203,
       235, 255, 180, 170, 245, 139, 21, 93, 67, 125, 229, 32, 14, 79,
       56, 96, 232, 247, 192, 215, 7, 153, 114, 118, 212, 124, 110, 201,
       176, 109, 12, 228, 233, 103, 132, 108, 179, 65, 49, 124, 110, 126,
       111, 44, 14, 87, 184, 117, 174, 127, 32, 91, 233, 155, 81, 112,
       204, 109, 106, 232, 244, 233, 42, 99, 239, 229, 5, 99, 243, 126,
       3, 9, 179, 104, 15, 222, 91, 167, 125, 100, 100, 223, 175, 233,
       12, 154, 164, 126, 140, 202, 237, 197, 186, 253, 157, 110, 77, 39,
       197, 111, 142, 221, 252, 90, 184, 186, 186, 139, 240, 152, 71,
       171, 87, 164, 57, 174, 254, 102, 254, 235, 187, 253, 145, 30, 79,
       178, 225, 153, 241, 218, 123, 144, 68, 175, 94, 91, 92, 191, 86,
       3, 116, 53, 54, 161, 206, 206, 12, 124, 182, 3, 127, 164, 247,
       249, 206, 193, 199, 178, 104, 243, 123, 92, 11, 10, 116, 39, 127,
       124, 103, 72, 39, 113, 15, 86, 248, 33, 172, 239, 77, 67, 97, 11,
       16, 220, 196, 205, 102, 72, 178, 201, 12, 246, 245, 37, 53, 96,
       251, 90, 3, 24, 239, 83, 235, 50, 139, 79, 244, 37, 128, 232, 232,
       247, 67, 33, 16, 126, 251, 6, 250, 74, 154, 8, 61, 248, 197, 39,
       64, 108, 147, 162, 168, 45, 119, 97, 69, 20, 31, 239, 56, 117,
       232, 123, 198, 211, 13, 149, 164, 126, 204, 6, 238, 233, 176, 117,
       142, 38, 254, 162, 132, 111, 187, 82, 244, 103, 253, 185, 18, 249,
       125, 22, 143, 155, 251, 168, 109, 226, 252, 77, 178, 133, 215,
       252, 86, 255, 75, 250, 51, 187, 93, 85, 127, 216, 127, 142, 127,
       215, 64, 235, 165, 66, 76, 111, 28, 40, 192, 78, 134, 221, 6, 91,
       122, 54, 197, 121, 239, 193, 212, 181, 72, 181, 41, 239, 132, 37,
       243, 35, 112, 4, 250, 154, 26, 120, 169, 179, 208, 190, 15, 117,
       120, 180, 242, 166, 48, 157, 59, 70, 24, 50, 46, 10, 119, 141, 22,
       59, 233, 208, 3, 7, 163, 70, 251, 149, 19, 170, 141, 191, 190,
       138, 117, 24, 237, 172, 254, 205, 15, 135, 83, 249, 87, 215, 73,
       250, 241, 12, 18, 95, 254, 156, 85, 135, 221, 125, 67, 76, 229,
       44, 10, 111, 176, 224, 172, 247, 72, 211, 1, 145, 83, 120, 196,
       108, 238, 200, 176, 201, 12, 228, 233, 225, 20, 36, 179, 82, 32,
       6, 229, 233, 19, 213, 249, 245, 199, 251, 119, 40, 27, 140, 236,
       94, 136, 171, 75, 195, 21, 22, 120, 190, 242, 63, 28, 31, 111,
       197, 92, 215, 222, 24, 143, 23, 142, 52, 171, 67, 32, 205, 136,
       203, 96, 231, 240, 168, 100, 80, 230, 14, 106, 24, 169, 8, 191,
       168, 244, 35, 80, 50, 11, 5, 37, 163, 182, 173, 29, 40, 251, 145,
       90, 27, 255, 53, 189, 246, 124, 198, 47, 159, 57, 245, 21, 175,
       102, 239, 31, 78, 31, 121, 255, 212, 172, 22, 247, 188, 95, 122,
       110, 52, 203, 119, 182, 116, 132, 127, 168, 115, 117, 163, 48, 30,
       248, 4, 106, 232, 184, 104, 47, 226, 175, 37, 1, 101, 250, 70,
       163, 88, 123, 59, 100, 48, 78, 87, 112, 104, 204, 126, 13, 223,
       23, 2, 16, 180, 228, 76, 110, 73, 185, 177, 44, 243, 253, 32, 17,
       72, 163, 71, 115, 49, 90, 122, 44, 14, 139, 214, 252, 197, 64,
