%YAML:1.0
---
descriptors: !!opencv-matrix
   rows: 241
   cols: 32
   dt: u
   data: [ 232, 184, 209, 250, 255, 249, 176, 207, 154, 191, 112, 59, 46,
       189, 96, 186, 235, 59, 227, 16, 54, 127, 234, 179, 95, 199, 53,
       123, 210, 76, 199, 139, 121, 185, 148, 112, 141, 189, 80, 205,
       235, 179, 160, 12, 190, 184, 68, 191, 137, 131, 108, 16, 31, 107,
       218, 177, 155, 218, 85, 126, 218, 72, 203, 6, 9, 157, 83, 79, 245,
       158, 230, 181, 125, 72, 122, 68, 252, 120, 180, 228, 244, 110, 18,
       108, 213, 184, 21, 239, 39, 60, 6, 2, 74, 150, 227, 141, 46, 211,
       244, 219, 239, 253, 177, 205, 223, 61, 117, 58, 140, 220, 238,
       173, 171, 27, 167, 83, 18, 112, 42, 241, 15, 90, 85, 255, 211, 31,
       197, 231, 3, 62, 157, 145, 170, 251, 169, 159, 30, 255, 30, 244,
       148, 38, 195, 111, 7, 19, 106, 29, 179, 92, 101, 82, 140, 22, 127,
       244, 156, 200, 1, 125, 43, 239, 8, 170, 223, 145, 190, 239, 95,
       37, 220, 131, 172, 200, 126, 192, 249, 43, 130, 213, 86, 58, 76,
       247, 62, 85, 142, 107, 23, 30, 185, 206, 170, 169, 251, 90, 237,
       241, 249, 79, 159, 89, 245, 58, 56, 221, 254, 184, 235, 170, 151,
       12, 18, 107, 162, 241, 95, 25, 242, 235, 87, 140, 255, 235, 231,
       132, 128, 188, 157, 36, 74, 155, 218, 27, 137, 88, 212, 242, 88,
       235, 209, 69, 125, 187, 191, 71, 218, 210, 169, 190, 207, 124,
       152, 97, 154, 6, 8, 115, 24, 229, 98, 14, 123, 48, 36, 168, 94,
       160, 157, 23, 1, 80, 118, 29, 127, 234, 64, 144, 193, 76, 197,
       165, 170, 128, 32, 162, 37, 179, 145, 73, 111, 101, 38, 27, 238,
       48, 116, 34, 211, 194, 83, 8, 145, 225, 126, 228, 30, 239, 233,
       180, 45, 78, 180, 171, 234, 128, 101, 187, 113, 32, 189, 112, 248,
       97, 204, 95, 215, 216, 83, 182, 181, 14, 83, 89, 223, 42, 93, 220,
       86, 122, 171, 102, 249, 50, 83, 201, 37, 60, 255, 251, 86, 179,
       59, 32, 6, 141, 29, 127, 224, 78, 86, 224, 218, 67, 82, 184, 118,
       172, 216, 140, 122, 29, 157, 251, 215, 156, 30, 107, 217, 3, 79,
       44, 120, 132, 45, 243, 184, 103, 117, 31, 87, 184, 99, 232, 125,
       77, 219, 81, 75, 144, 148, 204, 213, 126, 201, 48, 249, 60, 239,
       221, 37, 37, 74, 187, 74, 147, 232, 48, 188, 101, 97, 46, 113, 80,
       121, 14, 101, 24, 159, 19, 1, 57, 132, 20, 68, 106, 32, 244, 177,
       2, 199, 249, 96, 0, 194, 161, 70, 163, 115, 157, 6, 126, 157, 151,
       94, 191, 151, 13, 186, 13, 106, 233, 46, 80, 221, 227, 237, 230,
       252, 171, 90, 191, 187, 254, 133, 27, 91, 90, 232, 26, 88, 157,
       17, 111, 242, 70, 23, 191, 48, 8, 238, 96, 119, 119, 128, 112, 52,
       158, 124, 168, 89, 154, 225, 63, 237, 175, 96, 72, 112, 130, 166,
       43, 215, 12, 175, 158, 11, 102, 77, 34, 185, 194, 194, 18, 117,
       230, 49, 111, 97, 229, 57, 175, 41, 199, 182, 206, 145, 42, 219,
       0, 36, 113, 49, 100, 244, 100, 132, 174, 45, 15, 78, 168, 23, 186,
       153, 11, 199, 104, 89, 67, 217, 197, 108, 227, 108, 103, 75, 159,
       185, 211, 199, 55, 16, 123, 24, 6, 7, 1, 15, 173, 30, 79, 170,
       104, 142, 96, 203, 195, 213, 220, 57, 192, 254, 45, 123, 103, 65,
       177, 91, 156, 181, 103, 139, 16, 29, 43, 49, 144, 215, 158, 237,
       183, 162, 160, 63, 134, 191, 215, 91, 247, 237, 110, 219, 107, 39,
       103, 127, 151, 183, 220, 191, 227, 140, 34, 223, 192, 172, 245,
       169, 84, 1, 34, 159, 185, 116, 3, 232, 66, 46, 177, 242, 66, 157,
       3, 144, 9, 170, 45, 110, 157, 3, 217, 3, 217, 156, 178, 122, 196,
       205, 128, 35, 137, 151, 204, 239, 151, 134, 114, 175, 230, 124,
       87, 95, 151, 249, 46, 191, 107, 103, 199, 63, 159, 181, 220, 61,
       226, 148, 42, 254, 128, 173, 245, 177, 124, 18, 189, 59, 251, 211,
       197, 181, 103, 158, 77, 204, 33, 188, 215, 44, 112, 205, 59, 147,
       128, 115, 11, 50, 255, 171, 213, 154, 107, 16, 64, 167, 251, 125,
       181, 232, 71, 254, 19, 207, 248, 81, 234, 189, 238, 83, 104, 215,
       182, 127, 196, 86, 110, 237, 114, 237, 174, 62, 79, 165, 180, 111,
       254, 90, 221, 109, 76, 23, 71, 176, 30, 110, 176, 108, 232, 107,
       64, 211, 115, 145, 244, 48, 100, 124, 126, 201, 176, 121, 44, 172,
       238, 37, 4, 202, 179, 74, 32, 195, 158, 142, 151, 148, 188, 168,
       183, 250, 91, 211, 215, 224, 232, 30, 235, 197, 103, 248, 133,
       183, 220, 223, 231, 142, 51, 218, 209, 140, 108, 153, 220, 52, 84,
       25, 237, 24, 79, 87, 104, 52, 32, 233, 8, 215, 87, 8, 112, 216,
       152, 74, 106, 73, 162, 121, 30, 229, 143, 1, 52, 112, 34, 70, 162,
       170, 204, 22, 190, 73, 161, 148, 238, 158, 22, 160, 17, 108, 219,
       45, 133, 201, 51, 203, 129, 98, 15, 74, 255, 209, 146, 218, 59,
       81, 92, 47, 138, 221, 85, 103, 135, 204, 78, 239, 248, 124, 194,
       251, 66, 221, 124, 185, 99, 122, 244, 126, 235, 233, 243, 125,
       204, 245, 42, 239, 20, 101, 251, 117, 32, 2, 50, 253, 217, 82,
       132, 184, 71, 171, 153, 240, 227, 184, 158, 84, 89, 238, 189, 119,
       145, 131, 218, 194, 213, 5, 58, 250, 194, 101, 0, 99, 139, 95,
       118, 195, 131, 202, 63, 174, 217, 63, 234, 191, 206, 220, 102,
       201, 190, 127, 197, 222, 254, 137, 83, 253, 202, 188, 14, 175,
       164, 143, 255, 171, 180, 45, 180, 241, 65, 245, 125, 226, 219, 75,
       59, 61, 24, 18, 185, 220, 188, 153, 94, 82, 26, 147, 50, 248, 146,
       15, 221, 5, 116, 195, 107, 210, 164, 38, 102, 102, 156, 125, 151,
       184, 120, 135, 172, 221, 135, 104, 204, 246, 198, 220, 45, 251,
       165, 134, 67, 207, 221, 30, 116, 139, 191, 31, 46, 56, 214, 221,
       69, 119, 239, 204, 79, 231, 120, 228, 226, 215, 66, 211, 253, 185,
       99, 120, 212, 122, 107, 233, 247, 255, 174, 117, 171, 103, 24,
       111, 251, 112, 160, 43, 112, 102, 141, 125, 147, 248, 89, 87, 232,
       211, 103, 64, 248, 183, 164, 216, 172, 54, 37, 205, 242, 199, 157,
       30, 126, 201, 167, 111, 174, 120, 213, 138, 89, 38, 186, 201, 244,
       56, 198, 175, 93, 196, 7, 172, 223, 54, 77, 228, 171, 187, 213,
       150, 139, 18, 241, 211, 113, 218, 203, 26, 21, 173, 222, 173, 101,
       60, 127, 60, 223, 86, 184, 243, 136, 245, 8, 211, 121, 30, 49,
       216, 248, 92, 106, 236, 98, 250, 61, 231, 251, 37, 57, 64, 187,
       94, 163, 233, 188, 172, 85, 140, 189, 225, 159, 218, 243, 6, 28,
       210, 176, 210, 43, 1, 102, 120, 28, 179, 108, 255, 50, 78, 11,
       117, 124, 204, 72, 217, 120, 48, 152, 108, 251, 20, 255, 72, 151,
       87, 73, 254, 130, 243, 29, 50, 120, 89, 186, 191, 144, 159, 184,
       99, 61, 207, 239, 176, 193, 185, 202, 220, 250, 77, 215, 157, 231,
       176, 14, 127, 184, 109, 202, 127, 77, 223, 115, 8, 114, 150, 213,
       124, 110, 217, 208, 153, 44, 239, 255, 101, 4, 40, 243, 202, 3,
       37, 37, 113, 71, 85, 30, 239, 56, 97, 192, 107, 64, 211, 16, 29,
       180, 56, 204, 82, 254, 193, 176, 117, 108, 37, 140, 1, 0, 107,
       163, 66, 164, 163, 141, 49, 249, 252, 133, 206, 255, 215, 8, 248,
       66, 176, 73, 180, 33, 204, 186, 23, 205, 250, 42, 66, 253, 109,
       152, 158, 232, 85, 136, 208, 168, 40, 186, 187, 120, 237, 253,
       241, 215, 250, 93, 180, 121, 150, 157, 194, 187, 201, 42, 206, 28,
       155, 111, 226, 17, 223, 217, 118, 121, 194, 72, 214, 251, 252, 85,
       246, 237, 165, 54, 118, 120, 85, 142, 255, 39, 75, 125, 59, 207,
       124, 244, 191, 234, 172, 247, 49, 138, 242, 235, 227, 133, 239,
       255, 112, 83, 73, 155, 173, 253, 172, 143, 97, 148, 166, 121, 182,
       69, 243, 61, 16, 106, 196, 86, 125, 92, 155, 233, 115, 33, 207,
       251, 246, 208, 216, 136, 80, 123, 105, 133, 81, 75, 243, 62, 98,
       189, 127, 1, 107, 64, 122, 115, 140, 244, 115, 30, 50, 42, 19,
       178, 57, 95, 45, 190, 0, 70, 250, 194, 226, 161, 45, 99, 120, 69,
       116, 15, 111, 184, 113, 236, 127, 12, 211, 65, 159, 52, 28, 204,
       86, 110, 201, 178, 249, 62, 111, 157, 37, 36, 75, 187, 82, 241,
       77, 121, 184, 229, 240, 14, 127, 190, 105, 232, 110, 12, 159, 51,
       3, 80, 150, 220, 125, 108, 217, 152, 241, 12, 239, 253, 37, 4, 74,
