%YAML:1.0
---
descriptors: !!opencv-matrix
   rows: 294
   cols: 32
   dt: u
   data: [ 15, 177, 42, 171, 244, 245, 187, 216, 76, 77, 93, 39, 152,
       220, 127, 96, 220, 27, 23, 85, 150, 58, 126, 244, 79, 29, 170,
       238, 213, 15, 245, 215, 97, 189, 0, 53, 5, 157, 64, 55, 233, 161,
       234, 93, 175, 160, 2, 146, 128, 174, 236, 12, 221, 248, 208, 12,
       142, 241, 16, 18, 72, 76, 90, 28, 39, 91, 83, 218, 114, 162, 186,
       84, 156, 1, 121, 230, 93, 223, 165, 64, 126, 185, 23, 213, 145,
       155, 4, 254, 116, 44, 170, 202, 253, 139, 33, 177, 189, 13, 47,
       250, 157, 231, 75, 113, 213, 192, 199, 18, 115, 251, 48, 97, 216,
       162, 27, 190, 57, 171, 50, 158, 251, 235, 138, 72, 187, 43, 112,
       114, 57, 108, 105, 234, 116, 83, 67, 112, 85, 104, 245, 74, 115,
       25, 177, 48, 122, 172, 22, 110, 201, 178, 108, 63, 242, 205, 161,
       176, 127, 155, 114, 169, 92, 56, 250, 228, 242, 108, 91, 18, 57,
       174, 53, 56, 31, 151, 195, 120, 183, 253, 85, 26, 48, 86, 176, 98,
       219, 253, 37, 168, 160, 227, 6, 51, 131, 137, 98, 143, 20, 147,
       230, 232, 68, 64, 88, 70, 224, 72, 191, 160, 88, 34, 18, 111, 199,
       184, 44, 191, 36, 40, 138, 128, 93, 15, 120, 204, 189, 5, 107,
       110, 84, 7, 75, 120, 85, 168, 253, 78, 123, 73, 177, 49, 122, 168,
       23, 238, 233, 182, 101, 158, 242, 201, 161, 128, 127, 171, 114,
       177, 49, 73, 107, 206, 28, 215, 203, 112, 212, 64, 221, 2, 113,
       221, 181, 96, 120, 184, 23, 234, 201, 163, 54, 189, 243, 233, 162,
       136, 55, 139, 116, 224, 42, 50, 106, 168, 110, 213, 184, 88, 140,
       76, 220, 175, 157, 140, 183, 128, 238, 137, 223, 213, 135, 35,
       119, 144, 86, 65, 170, 169, 85, 15, 61, 219, 70, 249, 148, 158,
       233, 196, 188, 173, 158, 153, 16, 33, 236, 254, 108, 203, 135,
       115, 251, 211, 82, 73, 154, 241, 13, 50, 95, 235, 144, 119, 173,
       159, 56, 120, 120, 239, 68, 141, 95, 208, 83, 46, 116, 14, 51,
       159, 67, 48, 92, 216, 23, 202, 202, 54, 120, 49, 71, 205, 161,
       173, 115, 155, 70, 235, 60, 31, 90, 234, 116, 173, 90, 120, 5, 12,
       125, 15, 115, 93, 51, 16, 124, 184, 7, 106, 26, 186, 8, 61, 243,
       205, 32, 105, 113, 139, 102, 147, 231, 126, 172, 167, 172, 23, 78,
       136, 26, 246, 128, 141, 195, 108, 95, 10, 157, 197, 121, 119, 173,
       71, 255, 58, 235, 91, 205, 60, 136, 127, 30, 84, 215, 123, 172,
       165, 168, 23, 141, 142, 154, 246, 128, 141, 195, 236, 87, 11, 205,
       69, 121, 245, 236, 75, 255, 16, 168, 67, 239, 253, 140, 116, 149,
       84, 87, 57, 172, 53, 140, 30, 140, 173, 198, 245, 134, 141, 211,
       108, 83, 107, 133, 71, 249, 149, 157, 73, 255, 0, 203, 99, 221,
       21, 200, 108, 153, 84, 142, 161, 176, 155, 205, 241, 182, 207, 31,
       183, 65, 19, 204, 250, 110, 204, 249, 75, 147, 19, 54, 116, 91,
       243, 45, 22, 159, 111, 150, 125, 189, 198, 81, 235, 140, 37, 12,
       156, 72, 148, 230, 253, 130, 205, 147, 136, 82, 82, 132, 196, 236,
       85, 159, 73, 215, 32, 200, 97, 255, 125, 8, 8, 27, 92, 93, 213,
       58, 175, 18, 75, 119, 248, 117, 96, 250, 171, 223, 122, 10, 96,
       122, 221, 78, 227, 108, 179, 77, 63, 240, 231, 39, 20, 109, 178,
       35, 18, 62, 114, 230, 173, 111, 115, 184, 74, 15, 222, 217, 167,
       140, 204, 55, 136, 254, 153, 247, 135, 132, 167, 119, 208, 23, 85,
       219, 191, 215, 93, 61, 215, 249, 86, 255, 245, 38, 42, 105, 22,
       248, 234, 86, 246, 215, 167, 241, 107, 118, 228, 61, 60, 169, 213,
       165, 138, 222, 235, 247, 132, 172, 248, 112, 121, 129, 20, 255,
       93, 86, 38, 240, 90, 30, 203, 114, 86, 84, 187, 32, 105, 255, 61,
       55, 40, 161, 252, 19, 95, 79, 174, 115, 196, 249, 224, 97, 187,
       17, 142, 109, 241, 150, 169, 105, 151, 110, 49, 78, 214, 189, 35,
       48, 96, 103, 130, 27, 156, 147, 152, 117, 247, 205, 207, 154, 64,
       188, 200, 209, 40, 155, 247, 120, 65, 243, 27, 189, 223, 123, 238,
       60, 170, 45, 12, 207, 181, 55, 95, 134, 113, 230, 252, 165, 222,
       126, 73, 53, 167, 231, 212, 143, 221, 9, 95, 191, 119, 164, 31,
       231, 183, 254, 234, 62, 76, 255, 61, 209, 43, 140, 102, 110, 14,
       161, 240, 241, 42, 231, 255, 117, 16, 202, 248, 193, 121, 50, 81,
       98, 204, 119, 87, 222, 105, 73, 196, 181, 139, 107, 221, 62, 52,
       254, 177, 215, 231, 200, 163, 52, 204, 51, 92, 137, 187, 103, 191,
       118, 87, 8, 50, 254, 233, 44, 172, 233, 87, 108, 93, 255, 52, 157,
       27, 210, 106, 206, 11, 95, 157, 130, 184, 103, 192, 198, 249, 186,
       192, 204, 192, 227, 241, 149, 99, 124, 97, 12, 95, 222, 248, 100,
       248, 183, 66, 211, 72, 155, 35, 124, 213, 108, 243, 237, 177, 109,
       12, 224, 201, 39, 21, 109, 187, 72, 0, 6, 235, 162, 159, 111, 224,
       190, 204, 26, 71, 89, 163, 232, 236, 126, 64, 251, 107, 147, 199,
       198, 18, 142, 241, 38, 54, 143, 171, 149, 127, 189, 213, 120, 188,
       187, 248, 187, 237, 145, 71, 251, 83, 188, 56, 190, 189, 100, 58,
       171, 187, 197, 17, 27, 111, 178, 211, 219, 213, 22, 123, 210, 64,
       167, 251, 150, 142, 54, 155, 180, 131, 159, 239, 31, 26, 218, 179,
       228, 234, 60, 69, 255, 123, 31, 179, 122, 201, 9, 255, 168, 150,
       223, 214, 148, 72, 177, 143, 37, 6, 123, 204, 124, 43, 75, 91, 73,
       232, 252, 110, 82, 41, 181, 48, 222, 168, 23, 44, 137, 179, 96,
       154, 86, 157, 161, 180, 220, 234, 82, 241, 120, 241, 122, 234, 51,
       213, 91, 253, 99, 76, 189, 41, 63, 223, 106, 176, 246, 153, 149,
       242, 206, 11, 184, 159, 251, 205, 36, 255, 50, 134, 46, 75, 60,
       12, 250, 235, 198, 34, 111, 83, 85, 3, 255, 18, 91, 43, 49, 88,
       121, 222, 55, 154, 24, 186, 13, 162, 210, 239, 226, 64, 183, 251,
       244, 128, 1, 34, 55, 249, 100, 169, 169, 83, 126, 89, 83, 112,
       188, 130, 208, 105, 166, 43, 54, 29, 147, 188, 3, 209, 196, 153,
       58, 192, 156, 128, 33, 169, 154, 19, 50, 225, 51, 192, 57, 81,
       165, 93, 215, 178, 157, 23, 162, 199, 102, 157, 223, 240, 74, 145,
       97, 192, 197, 241, 170, 131, 38, 132, 165, 243, 93, 82, 121, 229,
       46, 27, 255, 216, 76, 232, 223, 238, 223, 95, 155, 226, 118, 228,
       255, 111, 193, 177, 109, 136, 246, 233, 171, 144, 62, 187, 89,
       241, 14, 13, 236, 252, 238, 178, 254, 178, 201, 130, 124, 194,
       185, 233, 245, 42, 175, 121, 55, 221, 144, 232, 38, 234, 78, 255,
       239, 136, 255, 253, 81, 131, 6, 182, 186, 155, 246, 131, 186, 234,
       31, 187, 80, 243, 228, 248, 252, 5, 255, 91, 23, 181, 178, 248,
       11, 255, 46, 30, 143, 230, 157, 72, 185, 135, 92, 119, 85, 103,
       178, 79, 103, 184, 53, 172, 239, 232, 215, 119, 137, 112, 54, 212,
       108, 106, 105, 144, 249, 62, 245, 228, 37, 148, 34, 179, 6, 49,
       205, 51, 112, 227, 105, 26, 107, 88, 37, 124, 181, 236, 223, 87,
       219, 246, 126, 148, 223, 254, 153, 51, 233, 208, 214, 217, 35,
       236, 110, 167, 39, 113, 61, 85, 98, 108, 55, 87, 94, 120, 69, 204,
       254, 167, 91, 109, 183, 244, 126, 172, 150, 238, 204, 178, 117,
       156, 115, 237, 161, 129, 119, 191, 116, 245, 252, 240, 57, 232,
       185, 71, 83, 216, 51, 180, 165, 8, 95, 87, 72, 19, 213, 213, 253,
       114, 74, 67, 251, 21, 251, 217, 5, 126, 226, 51, 38, 115, 190,
       189, 63, 186, 187, 229, 147, 244, 142, 89, 157, 171, 124, 223,
       105, 33, 205, 123, 147, 83, 187, 43, 58, 189, 123, 65, 143, 250,
       213, 15, 181, 251, 154, 12, 110, 255, 5, 240, 252, 71, 181, 6,
       198, 19, 41, 171, 55, 233, 104, 171, 147, 137, 44, 157, 52, 234,
       87, 107, 218, 1, 167, 212, 124, 202, 130, 232, 226, 211, 247, 216,
       188, 167, 127, 103, 90, 147, 168, 172, 214, 172, 175, 59, 147,
       145, 242, 248, 228, 231, 47, 62, 158, 227, 199, 140, 223, 206,
       115, 135, 234, 4, 214, 18, 191, 97, 105, 229, 123, 231, 73, 234,
       254, 18, 126, 237, 39, 173, 212, 243, 172, 192, 126, 45, 171, 141,
       101, 166, 235, 197, 33, 233, 113, 73, 68, 79, 239, 252, 69, 32,
       124, 66, 17, 133, 244, 36, 94, 152, 2, 106, 193, 186, 116, 213,
