%YAML:1.0
---
descriptors: !!opencv-matrix
   rows: 133
   cols: 32
   dt: u
   data: [ 169, 2, 222, 117, 36, 14, 121, 27, 61, 138, 182, 116, 191, 9,
       148, 89, 166, 164, 108, 44, 169, 236, 65, 204, 194, 251, 112, 144,
       74, 160, 74, 41, 200, 240, 21, 115, 99, 217, 48, 5, 105, 89, 99,
       56, 190, 17, 136, 57, 130, 22, 104, 16, 67, 252, 241, 53, 71, 249,
       112, 67, 74, 16, 195, 59, 244, 64, 206, 164, 40, 10, 110, 32, 160,
       162, 162, 169, 87, 39, 145, 91, 114, 196, 109, 239, 72, 215, 193,
       8, 208, 227, 239, 16, 36, 179, 115, 2, 92, 17, 91, 101, 51, 106,
       50, 24, 104, 104, 111, 96, 94, 23, 136, 114, 54, 21, 124, 98, 1,
       144, 177, 64, 215, 233, 34, 6, 104, 33, 3, 51, 2, 251, 24, 186,
       254, 137, 182, 239, 142, 5, 72, 35, 164, 186, 96, 64, 207, 59, 3,
       1, 82, 26, 66, 245, 61, 20, 30, 107, 16, 10, 165, 139, 1, 150,
       157, 185, 252, 173, 161, 159, 30, 25, 80, 112, 180, 179, 232, 192,
       205, 27, 34, 24, 51, 88, 66, 183, 140, 151, 62, 232, 152, 72, 129,
       185, 246, 64, 150, 156, 77, 70, 86, 104, 185, 134, 227, 11, 78,
       242, 45, 219, 248, 213, 234, 99, 108, 71, 219, 202, 145, 50, 203,
       31, 0, 127, 126, 6, 118, 230, 229, 205, 220, 39, 202, 168, 83,
       184, 185, 74, 67, 105, 93, 16, 217, 204, 53, 251, 138, 114, 207,
       159, 43, 254, 197, 244, 245, 251, 82, 4, 197, 49, 249, 225, 232,
       46, 121, 25, 58, 187, 55, 92, 221, 115, 201, 123, 151, 87, 125,
       60, 177, 84, 249, 64, 207, 187, 119, 228, 136, 225, 195, 33, 212,
       172, 144, 147, 213, 160, 38, 135, 58, 179, 139, 18, 228, 226, 72,
       74, 225, 207, 42, 146, 122, 220, 219, 227, 189, 38, 223, 103, 128,
       98, 169, 14, 4, 164, 16, 147, 207, 109, 180, 235, 30, 51, 57, 27,
       140, 104, 72, 8, 187, 11, 66, 17, 18, 120, 91, 215, 29, 22, 31,
       111, 148, 72, 133, 130, 203, 219, 108, 127, 110, 220, 127, 56,
       227, 220, 20, 167, 253, 95, 147, 99, 38, 113, 253, 239, 229, 0,
       110, 221, 103, 235, 235, 160, 62, 166, 21, 241, 252, 13, 103, 236,
       151, 82, 86, 233, 229, 192, 202, 3, 107, 121, 49, 225, 120, 228,
       253, 227, 108, 163, 29, 141, 179, 225, 131, 21, 55, 191, 124, 2,
       69, 93, 255, 229, 244, 10, 111, 182, 125, 202, 126, 98, 249, 63,
       181, 116, 118, 255, 63, 238, 225, 248, 37, 238, 230, 254, 230,
       128, 47, 243, 225, 169, 243, 198, 247, 254, 126, 3, 222, 236, 27,
       162, 210, 235, 93, 124, 188, 17, 127, 245, 53, 231, 232, 215, 13,
       223, 56, 46, 237, 150, 61, 182, 51, 25, 56, 156, 57, 254, 145,
       231, 83, 182, 150, 79, 238, 0, 247, 119, 33, 112, 213, 178, 29, 8,
       43, 137, 121, 63, 235, 239, 176, 17, 176, 90, 100, 123, 69, 67,
       95, 103, 36, 14, 111, 184, 108, 170, 255, 100, 211, 97, 153, 115,
       22, 100, 108, 110, 201, 176, 109, 44, 230, 251, 103, 128, 76, 243,
       67, 33, 107, 34, 228, 83, 109, 156, 233, 3, 107, 125, 117, 60,
       136, 12, 214, 190, 206, 45, 183, 29, 147, 126, 230, 208, 14, 58,
       210, 234, 199, 140, 91, 237, 194, 140, 214, 188, 253, 171, 92,
       239, 223, 147, 240, 24, 239, 234, 36, 205, 195, 107, 110, 1, 116,
       111, 2, 255, 168, 242, 87, 59, 212, 120, 129, 140, 185, 22, 239,
       239, 164, 114, 253, 119, 85, 79, 246, 246, 91, 61, 182, 107, 126,
       214, 151, 163, 185, 188, 37, 226, 118, 239, 254, 128, 239, 249,
       244, 249, 213, 84, 253, 222, 138, 98, 151, 218, 150, 210, 149,
       182, 80, 119, 169, 107, 95, 211, 187, 226, 169, 71, 127, 234, 113,
       171, 255, 158, 189, 121, 36, 115, 54, 180, 182, 184, 233, 47, 152,
       75, 31, 123, 241, 185, 78, 191, 108, 29, 223, 159, 247, 21, 58,
       119, 75, 211, 155, 222, 89, 254, 210, 76, 162, 211, 92, 187, 154,
       119, 176, 140, 123, 240, 59, 173, 255, 76, 255, 243, 72, 88, 182,
       255, 236, 18, 138, 250, 203, 49, 219, 255, 53, 176, 66, 194, 138,
       3, 126, 121, 82, 46, 121, 223, 86, 236, 171, 140, 184, 9, 79, 219,
       43, 148, 242, 253, 205, 98, 76, 35, 154, 188, 179, 253, 5, 63, 98,
       55, 46, 3, 69, 96, 19, 231, 32, 78, 107, 56, 109, 168, 123, 72,
       223, 18, 137, 116, 182, 221, 124, 106, 9, 208, 185, 76, 165, 254,
       37, 4, 64, 179, 3, 33, 21, 77, 254, 252, 212, 134, 110, 242, 189,
       130, 106, 66, 125, 243, 49, 113, 102, 247, 59, 234, 224, 153, 16,
       238, 245, 175, 206, 0, 9, 242, 97, 168, 2, 239, 17, 186, 220, 141,
       178, 239, 30, 1, 72, 75, 164, 211, 108, 0, 232, 59, 3, 17, 82, 26,
       26, 245, 189, 148, 30, 106, 144, 10, 133, 170, 134, 205, 140, 247,
       144, 226, 143, 174, 18, 147, 13, 144, 229, 116, 89, 47, 17, 115,
       49, 251, 114, 92, 14, 47, 169, 22, 221, 69, 132, 115, 153, 44, 64,
       152, 157, 190, 9, 205, 17, 162, 143, 91, 160, 8, 182, 247, 32,
       122, 193, 51, 232, 0, 67, 13, 218, 51, 193, 247, 80, 59, 24, 8, 5,
       59, 250, 56, 161, 244, 139, 253, 153, 87, 187, 127, 150, 63, 46,
       189, 70, 47, 237, 183, 253, 129, 186, 79, 242, 226, 211, 127, 216,
       187, 163, 76, 151, 127, 122, 235, 110, 122, 239, 209, 221, 237,
       227, 92, 180, 171, 43, 204, 190, 176, 238, 179, 253, 197, 222, 15,
       174, 245, 251, 235, 252, 251, 119, 134, 254, 95, 219, 81, 124,
       236, 110, 22, 93, 56, 137, 202, 84, 167, 125, 223, 150, 51, 166,
       181, 245, 231, 196, 68, 230, 217, 199, 251, 233, 142, 55, 166, 85,
       115, 60, 180, 248, 243, 221, 47, 241, 203, 91, 179, 37, 26, 30,
       249, 76, 56, 185, 153, 83, 16, 50, 114, 218, 146, 95, 223, 81,
       119, 209, 105, 206, 130, 77, 36, 211, 229, 226, 46, 104, 25, 58,
       179, 99, 80, 221, 51, 73, 250, 183, 31, 124, 56, 49, 212, 153, 66,
       143, 239, 119, 68, 168, 225, 131, 33, 6, 164, 16, 131, 221, 109,
       184, 73, 62, 183, 185, 27, 204, 120, 72, 8, 187, 27, 202, 177, 18,
       114, 219, 214, 29, 22, 31, 111, 148, 74, 133, 134, 107, 120, 56,
       250, 104, 173, 216, 82, 187, 121, 181, 77, 190, 157, 84, 57, 142,
       49, 125, 93, 143, 111, 210, 241, 215, 249, 120, 248, 72, 129, 11,
       25, 101, 49, 29, 229, 52, 15, 71, 24, 105, 104, 119, 72, 223, 50,
       136, 116, 148, 69, 92, 106, 137, 176, 249, 28, 165, 220, 3, 54,
       64, 51, 67, 101, 126, 50, 214, 244, 77, 88, 120, 16, 171, 149,
       182, 143, 139, 139, 87, 159, 42, 133, 237, 144, 13, 97, 147, 192,
       214, 217, 225, 139, 239, 164, 78, 154, 54, 32, 241, 225, 118, 9,
       248, 64, 105, 177, 179, 138, 15, 11, 85, 27, 170, 149, 95, 209, 8,
       242, 197, 192, 159, 220, 139, 39, 229, 163, 115, 134, 105, 66,
       100, 71, 109, 88, 105, 16, 233, 69, 183, 172, 139, 13, 150, 190,
       110, 132, 238, 78, 137, 161, 231, 224, 86, 249, 64, 17, 103, 143,
       78, 117, 93, 96, 152, 165, 32, 42, 107, 8, 96, 162, 195, 128, 215,
       35, 217, 90, 114, 205, 108, 239, 8, 212, 197, 8, 196, 229, 107, 4,
       164, 243, 43, 32, 69, 166, 149, 37, 164, 14, 108, 63, 106, 191,
       43, 88, 215, 32, 216, 123, 147, 6, 108, 44, 208, 252, 205, 2, 140,
       186, 117, 84, 192, 224, 195, 0, 160, 233, 21, 187, 156, 133, 166,
       237, 158, 17, 192, 82, 180, 195, 40, 1, 200, 59, 11, 83, 114, 15,
       90, 255, 173, 144, 14, 122, 80, 8, 161, 168, 88, 188, 188, 112,
       171, 237, 21, 142, 59, 63, 164, 57, 175, 183, 74, 27, 135, 83,
       237, 16, 26, 77, 235, 51, 219, 215, 85, 127, 194, 80, 135, 107,
       133, 164, 221, 243, 236, 169, 233, 91, 254, 179, 49, 90, 157, 227,
       216, 43, 35, 15, 110, 24, 51, 116, 239, 210, 204, 147, 119, 100,
       220, 200, 195, 160, 181, 239, 103, 218, 190, 225, 79, 216, 214,
       146, 188, 242, 83, 227, 249, 127, 123, 202, 30, 254, 251, 103, 46,
       62, 248, 136, 167, 172, 181, 251, 240, 161, 213, 124, 159, 118,
       40, 108, 81, 18, 240, 218, 166, 24, 119, 247, 65, 123, 35, 244,
       124, 10, 41, 69, 187, 0, 209, 171, 113, 24, 232, 241, 38, 51, 29,
       103, 196, 71, 176, 26, 110, 184, 116, 168, 127, 228, 83, 96, 153,
       240, 54, 204, 36, 110, 237, 240, 237, 46, 166, 239, 101, 132, 110,
       243, 72, 5, 121, 240, 31, 96, 29, 111, 83, 236, 118, 248, 162, 8,
