%YAML:1.0
---
descriptors: !!opencv-matrix
   rows: 161
   cols: 32
   dt: u
   data: [ 194, 254, 156, 189, 106, 201, 52, 247, 191, 27, 100, 253, 172,
       183, 66, 81, 135, 43, 235, 132, 102, 79, 194, 115, 238, 147, 118,
       171, 24, 80, 139, 155, 169, 243, 239, 245, 237, 125, 253, 223,
       127, 127, 246, 254, 153, 189, 214, 175, 111, 223, 247, 141, 181,
       254, 255, 194, 94, 123, 247, 236, 239, 220, 254, 251, 197, 94, 63,
       247, 44, 42, 105, 176, 252, 186, 51, 244, 247, 67, 153, 107, 230,
       117, 124, 106, 225, 229, 15, 42, 196, 251, 98, 144, 12, 185, 1,
       41, 89, 127, 116, 5, 22, 30, 228, 55, 97, 228, 126, 76, 155, 56,
       151, 16, 46, 228, 92, 45, 237, 184, 117, 78, 38, 46, 36, 0, 109,
       240, 74, 77, 65, 93, 94, 69, 112, 218, 108, 55, 105, 224, 110, 0,
       179, 54, 133, 246, 6, 118, 112, 200, 197, 184, 245, 76, 39, 189,
       20, 0, 73, 176, 74, 28, 250, 56, 56, 60, 57, 221, 83, 83, 171,
       108, 172, 41, 174, 151, 2, 20, 132, 177, 221, 0, 74, 15, 242, 27,
       211, 213, 17, 59, 18, 4, 14, 123, 10, 156, 50, 185, 245, 252, 184,
       103, 191, 95, 92, 17, 172, 190, 38, 196, 167, 59, 147, 17, 54,
       152, 18, 215, 15, 119, 26, 203, 146, 68, 173, 223, 148, 20, 29,
       187, 137, 103, 149, 175, 156, 23, 201, 17, 212, 119, 41, 75, 209,
       83, 107, 34, 56, 197, 91, 63, 193, 163, 91, 21, 144, 113, 165,
       162, 70, 172, 172, 215, 141, 126, 182, 172, 222, 247, 191, 19,
       232, 236, 95, 11, 217, 71, 251, 119, 246, 97, 251, 226, 111, 127,
       207, 127, 197, 127, 221, 70, 125, 244, 208, 163, 61, 63, 82, 216,
       55, 236, 250, 77, 79, 94, 15, 144, 252, 205, 206, 118, 141, 178,
       249, 190, 191, 253, 7, 119, 234, 63, 74, 87, 9, 8, 239, 229, 52,
       138, 105, 54, 124, 33, 83, 80, 181, 1, 144, 105, 98, 44, 63, 8,
       161, 252, 85, 14, 204, 239, 114, 64, 44, 129, 65, 168, 175, 189,
       254, 255, 255, 255, 254, 255, 255, 255, 255, 63, 236, 252, 255,
       237, 255, 255, 255, 19, 183, 255, 251, 255, 255, 127, 95, 247,
       215, 253, 223, 215, 248, 37, 247, 231, 7, 46, 94, 49, 97, 162,
       191, 10, 107, 105, 28, 19, 62, 212, 125, 162, 220, 241, 197, 142,
       183, 233, 229, 144, 103, 234, 82, 2, 26, 165, 50, 154, 31, 209,
       176, 239, 143, 21, 136, 11, 174, 220, 110, 132, 232, 59, 203, 17,
       22, 43, 18, 245, 187, 85, 30, 123, 18, 12, 173, 142, 31, 188, 254,
       255, 255, 255, 253, 255, 191, 255, 246, 183, 77, 254, 182, 253,
       255, 255, 255, 181, 247, 251, 191, 255, 127, 127, 255, 207, 255,
       252, 253, 223, 72, 173, 56, 186, 153, 205, 21, 231, 174, 21, 204,
       9, 182, 159, 98, 80, 193, 59, 235, 81, 94, 11, 210, 53, 251, 133,
       30, 121, 16, 0, 141, 74, 68, 52, 189, 241, 136, 108, 81, 11, 186,
       191, 130, 25, 151, 183, 73, 74, 129, 23, 121, 16, 58, 69, 243, 2,
       201, 182, 95, 116, 128, 96, 133, 114, 21, 83, 249, 229, 180, 15,
       111, 184, 102, 232, 255, 228, 215, 119, 153, 112, 118, 92, 125,
       110, 201, 144, 237, 14, 236, 173, 37, 132, 44, 251, 194, 241, 60,
       80, 127, 101, 68, 110, 99, 120, 101, 164, 247, 10, 83, 85, 35,
       113, 120, 244, 126, 106, 104, 177, 49, 12, 247, 235, 33, 4, 99,
       187, 70, 226, 53, 5, 252, 103, 68, 127, 87, 57, 112, 166, 255, 8,
       211, 61, 159, 59, 88, 212, 118, 42, 168, 242, 121, 8, 71, 235, 97,
       21, 97, 251, 70, 226, 55, 83, 99, 205, 118, 18, 235, 120, 68, 200,
       95, 230, 81, 72, 189, 100, 126, 236, 22, 239, 201, 178, 45, 204,
       52, 44, 163, 132, 109, 187, 112, 245, 252, 69, 48, 232, 141, 127,
       86, 204, 7, 166, 189, 27, 79, 121, 107, 156, 217, 221, 207, 98,
       92, 39, 91, 146, 179, 213, 133, 63, 115, 127, 220, 6, 35, 62, 250,
       87, 239, 59, 180, 87, 91, 231, 118, 190, 106, 188, 215, 174, 55,
       126, 254, 17, 182, 253, 253, 226, 30, 62, 21, 179, 207, 252, 222,
       223, 244, 205, 206, 247, 158, 11, 110, 236, 119, 162, 251, 202,
       83, 105, 25, 113, 123, 206, 127, 238, 120, 242, 205, 255, 248,
       238, 231, 5, 229, 251, 240, 160, 175, 253, 247, 255, 253, 255,
       255, 255, 127, 255, 253, 54, 220, 255, 223, 173, 255, 255, 247,
       255, 243, 251, 251, 255, 255, 223, 239, 247, 207, 252, 255, 247,
       114, 140, 22, 190, 157, 197, 150, 229, 158, 7, 193, 3, 228, 250,
       33, 196, 200, 242, 234, 19, 110, 47, 26, 255, 179, 246, 150, 27,
       146, 93, 60, 142, 51, 170, 130, 145, 205, 189, 216, 67, 23, 255,
       244, 31, 170, 140, 86, 140, 237, 170, 230, 148, 30, 126, 242, 147,
       158, 86, 149, 251, 203, 76, 218, 222, 117, 165, 228, 245, 220, 10,
       110, 236, 87, 162, 234, 146, 83, 107, 29, 99, 123, 206, 122, 254,
       56, 242, 221, 223, 255, 238, 199, 4, 229, 251, 240, 160, 146, 8,
       18, 131, 12, 9, 242, 68, 143, 34, 179, 27, 166, 154, 104, 1, 170,
       147, 123, 195, 6, 189, 9, 241, 149, 144, 26, 51, 84, 11, 1, 142,
       43, 168, 178, 89, 253, 189, 248, 71, 123, 11, 116, 28, 174, 137,
       118, 140, 171, 43, 198, 29, 151, 126, 146, 211, 14, 92, 22, 106,
       223, 204, 235, 141, 107, 184, 211, 122, 235, 229, 176, 71, 251,
       91, 112, 120, 60, 187, 100, 188, 239, 59, 182, 144, 19, 126, 130,
       211, 31, 220, 22, 234, 219, 68, 227, 143, 98, 12, 82, 136, 76,
       162, 104, 74, 43, 130, 225, 11, 4, 154, 36, 89, 232, 189, 107,
       146, 40, 7, 195, 216, 149, 176, 154, 59, 17, 73, 96, 138, 67, 22,
       189, 151, 42, 189, 53, 55, 174, 251, 19, 252, 252, 246, 128, 111,
       135, 55, 252, 5, 241, 205, 243, 74, 132, 50, 125, 146, 8, 96, 133,
       125, 31, 190, 253, 247, 126, 26, 255, 249, 127, 224, 255, 230,
       253, 111, 159, 96, 127, 255, 127, 239, 225, 210, 237, 255, 254,
       255, 175, 148, 63, 254, 113, 241, 10, 157, 50, 156, 211, 212, 180,
       231, 189, 77, 94, 55, 44, 190, 38, 196, 231, 59, 147, 129, 118,
       153, 50, 255, 63, 119, 30, 203, 18, 68, 173, 223, 197, 148, 181,
       255, 172, 110, 207, 173, 222, 83, 131, 18, 247, 126, 56, 107, 213,
       87, 59, 107, 121, 101, 123, 187, 237, 250, 223, 20, 144, 121, 149,
       114, 212, 229, 173, 183, 140, 74, 159, 173, 158, 182, 131, 1, 215,
       255, 89, 75, 209, 87, 121, 243, 106, 65, 219, 48, 233, 227, 207,
       125, 144, 123, 149, 98, 84, 237, 188, 246, 140, 109, 215, 168,
       218, 247, 139, 11, 247, 252, 95, 2, 217, 87, 121, 115, 26, 97,
       251, 179, 249, 255, 207, 127, 192, 123, 85, 82, 24, 197, 26, 186,
       27, 205, 20, 237, 142, 5, 204, 11, 190, 223, 42, 64, 248, 187,
       139, 1, 78, 11, 18, 61, 251, 197, 26, 123, 16, 10, 173, 202, 52,
       72, 127, 100, 4, 206, 119, 112, 228, 132, 230, 0, 115, 215, 33,
       112, 120, 244, 106, 106, 72, 179, 48, 44, 243, 171, 1, 1, 99, 187,
       102, 226, 188, 100, 120, 232, 205, 127, 86, 234, 87, 166, 172, 27,
       75, 57, 75, 153, 217, 220, 207, 42, 124, 103, 91, 154, 251, 223,
       197, 63, 243, 249, 222, 2, 70, 72, 18, 130, 76, 9, 226, 192, 175,
       34, 227, 75, 70, 200, 45, 89, 232, 207, 106, 67, 10, 51, 9, 240,
       149, 16, 154, 58, 81, 27, 32, 2, 65, 132, 27, 163, 84, 169, 170,
       64, 60, 33, 107, 66, 213, 3, 56, 64, 114, 142, 42, 24, 18, 188,
       65, 74, 52, 164, 42, 32, 148, 74, 49, 160, 60, 39, 240, 66, 253,
       61, 82, 216, 67, 189, 189, 8, 10, 249, 95, 188, 153, 138, 199, 60,
       158, 114, 232, 144, 91, 221, 1, 127, 227, 207, 94, 199, 24, 120,
       179, 85, 3, 222, 181, 70, 249, 134, 98, 0, 60, 151, 37, 182, 164,
       125, 96, 72, 65, 253, 176, 104, 53, 188, 6, 2, 66, 48, 103, 250,
       77, 221, 253, 119, 224, 108, 125, 183, 122, 95, 110, 20, 247, 55,
       66, 123, 39, 70, 52, 30, 179, 216, 251, 34, 237, 175, 116, 68,
       168, 209, 135, 123, 252, 121, 184, 118, 201, 85, 84, 204, 147,
       182, 164, 25, 11, 223, 79, 155, 137, 212, 237, 194, 108, 71, 250,
       160, 211, 209, 69, 63, 99, 125, 78, 66, 188, 0, 254, 101, 4, 111,
       115, 120, 100, 164, 231, 8, 83, 53, 29, 50, 56, 212, 108, 106, 8,
       176, 113, 12, 87, 171, 97, 21, 97, 235, 70, 226, 252, 4, 246, 109,
