%YAML:1.0
---
descriptors: !!opencv-matrix
   rows: 21
   cols: 32
   dt: u
   data: [ 38, 189, 17, 186, 248, 137, 162, 239, 142, 33, 120, 107, 164,
       219, 104, 128, 217, 187, 3, 81, 19, 42, 74, 245, 189, 148, 15,
       110, 152, 10, 129, 139, 198, 172, 216, 190, 252, 161, 174, 142,
       154, 179, 24, 218, 253, 234, 88, 2, 179, 111, 123, 145, 50, 73,
       142, 243, 172, 22, 159, 236, 148, 112, 147, 136, 77, 79, 123, 103,
       52, 10, 111, 176, 97, 200, 126, 236, 243, 97, 145, 115, 18, 228,
       108, 110, 201, 176, 237, 44, 230, 249, 37, 128, 108, 187, 194, 40,
       234, 188, 188, 88, 169, 253, 17, 135, 187, 95, 164, 61, 46, 191,
       70, 31, 133, 179, 237, 16, 62, 79, 242, 243, 219, 211, 84, 123,
       210, 68, 142, 95, 212, 0, 223, 183, 78, 40, 105, 0, 185, 146, 179,
       90, 223, 235, 73, 91, 107, 229, 111, 138, 40, 71, 207, 194, 212,
       186, 251, 24, 165, 225, 99, 32, 98, 92, 251, 94, 91, 84, 157, 100,
       233, 78, 240, 175, 104, 252, 63, 54, 238, 243, 255, 193, 164, 43,
       178, 235, 51, 62, 26, 187, 69, 20, 103, 127, 16, 27, 125, 161, 18,
       203, 185, 55, 44, 5, 86, 135, 189, 15, 2, 1, 38, 51, 31, 141, 128,
       152, 49, 93, 197, 131, 186, 128, 37, 0, 37, 123, 54, 36, 240, 227,
       221, 127, 250, 200, 127, 181, 185, 27, 206, 88, 93, 190, 187, 221,
       223, 51, 28, 115, 217, 210, 159, 220, 3, 119, 199, 111, 95, 134,
       3, 146, 151, 221, 58, 138, 184, 23, 190, 57, 210, 240, 188, 19,
       128, 111, 230, 53, 126, 8, 33, 220, 67, 197, 140, 178, 122, 210,
       136, 136, 1, 169, 3, 2, 159, 185, 82, 175, 185, 87, 190, 17, 66,
       210, 189, 135, 48, 73, 110, 57, 123, 157, 131, 220, 87, 213, 196,
       50, 218, 192, 12, 136, 33, 168, 73, 188, 151, 245, 57, 237, 56,
       39, 191, 59, 170, 92, 190, 178, 64, 243, 135, 55, 124, 0, 51, 217,
       210, 199, 141, 255, 90, 114, 136, 64, 131, 15, 66, 152, 151, 251,
       45, 236, 56, 22, 191, 25, 147, 112, 188, 158, 0, 239, 230, 51,
       255, 145, 19, 205, 210, 241, 133, 242, 250, 203, 136, 0, 37, 59,
       114, 96, 114, 236, 109, 82, 94, 104, 9, 132, 243, 43, 11, 30, 23,
       212, 250, 157, 223, 227, 76, 183, 193, 204, 179, 248, 139, 151,
       39, 63, 126, 134, 131, 146, 151, 215, 48, 172, 57, 23, 188, 19,
       67, 212, 188, 183, 32, 111, 231, 55, 122, 8, 179, 220, 51, 231,
       133, 190, 90, 66, 138, 128, 129, 184, 252, 233, 104, 102, 60, 11,
       87, 184, 83, 172, 181, 9, 83, 73, 81, 16, 24, 204, 68, 106, 200,
       50, 204, 62, 251, 201, 37, 61, 103, 187, 90, 2, 66, 181, 151, 242,
       185, 236, 49, 103, 191, 27, 107, 16, 188, 182, 32, 246, 165, 51,
       234, 0, 51, 201, 146, 231, 153, 246, 90, 75, 8, 64, 133, 47, 182,
       1, 82, 224, 85, 79, 90, 72, 9, 164, 251, 11, 11, 26, 55, 212, 250,
       149, 151, 242, 12, 183, 81, 204, 147, 216, 130, 87, 119, 15, 126,
       134, 233, 207, 109, 101, 116, 10, 231, 180, 96, 160, 126, 204,
       243, 1, 144, 241, 122, 228, 70, 110, 201, 176, 101, 45, 102, 233,
       160, 128, 111, 186, 82, 168, 49, 207, 103, 109, 20, 10, 111, 52,
       117, 64, 250, 198, 115, 8, 148, 101, 122, 236, 22, 238, 237, 176,
       101, 159, 164, 174, 160, 0, 109, 186, 112, 44, 66, 181, 159, 218,
       155, 252, 49, 103, 254, 91, 79, 16, 188, 246, 44, 118, 167, 51,
       234, 0, 51, 201, 178, 247, 153, 182, 90, 75, 8, 64, 165, 63, 158,
       68, 96, 247, 231, 126, 126, 183, 113, 231, 119, 147, 89, 63, 159,
       237, 127, 223, 149, 174, 248, 244, 125, 238, 103, 255, 246, 133,
       231, 253, 252, 211 ]
keypoints: !!opencv-matrix
   rows: 21
   cols: 2
   dt: d
   data: [ 1.7520001220703125e+02, 2.5440000915527344e+02,
       2.7720001220703125e+02, 1.7640000915527344e+02,
       1.3536000061035156e+02, 1.3968000793457031e+02,
       3.3120001220703125e+02, 2.4768000793457031e+02,
       3.1795202636718750e+02, 2.4364802551269531e+02,
       6.0480007171630859e+01, 2.2982402038574219e+02,
       1.0540801239013672e+02, 1.0540801239013672e+02,
       2.4019201660156250e+02, 2.3846401977539062e+02,
       2.8615682983398438e+02, 1.7418241882324219e+02,
       2.7786242675781250e+02, 1.7210882568359375e+02,
       3.0274563598632812e+02, 1.7625602722167969e+02,
       2.9237765502929688e+02, 1.7003521728515625e+02,
       2.6873861694335938e+02, 9.9532821655273438e+01,
       2.8615686035156250e+02, 1.7418243408203125e+02,
       2.6127365112304688e+02, 1.7667076110839844e+02,
       3.0357510375976562e+02, 1.7667076110839844e+02,
       2.5082272338867188e+02, 9.8537498474121094e+01,
       1.3735530090332031e+02, 1.3735530090332031e+02,
       1.3138333129882812e+02, 1.4332727050781250e+02,
       3.0158447265625000e+02, 1.7617309570312500e+02,
       2.7232180786132812e+02, 1.1107863616943359e+02 ]
