%YAML:1.0
---
descriptors: !!opencv-matrix
   rows: 30
   cols: 32
   dt: u
   data: [ 196, 172, 133, 147, 212, 168, 38, 135, 182, 147, 74, 82, 224,
       226, 73, 66, 113, 238, 42, 152, 114, 92, 203, 227, 60, 38, 159,
       68, 128, 112, 161, 168, 133, 164, 221, 241, 236, 169, 233, 27,
       254, 179, 49, 218, 157, 171, 216, 43, 43, 15, 110, 28, 51, 124,
       207, 210, 204, 155, 119, 100, 220, 200, 131, 160, 75, 190, 148,
       217, 172, 165, 185, 87, 159, 187, 156, 112, 156, 179, 224, 239,
       167, 63, 127, 24, 179, 75, 195, 240, 157, 219, 127, 250, 154, 64,
       169, 169, 77, 79, 123, 103, 164, 10, 111, 180, 104, 232, 126, 108,
       243, 97, 145, 114, 18, 228, 108, 110, 201, 176, 237, 46, 230, 253,
       37, 128, 78, 187, 194, 33, 213, 92, 191, 118, 40, 108, 85, 148,
       240, 218, 166, 24, 119, 247, 65, 123, 1, 244, 124, 42, 105, 101,
       187, 34, 209, 235, 113, 24, 104, 241, 2, 50, 98, 238, 190, 26, 75,
       245, 153, 198, 203, 95, 184, 27, 44, 238, 118, 26, 237, 227, 235,
       149, 150, 107, 170, 241, 91, 31, 222, 251, 209, 68, 167, 207, 108,
       94, 249, 101, 32, 106, 71, 19, 96, 170, 110, 104, 243, 51, 129,
       122, 86, 244, 108, 42, 201, 244, 241, 10, 231, 239, 100, 16, 227,
       242, 70, 33, 129, 174, 199, 159, 222, 35, 108, 255, 62, 179, 66,
       246, 253, 226, 232, 65, 115, 111, 42, 156, 51, 220, 143, 255, 108,
       166, 255, 96, 172, 192, 161, 168, 1, 203, 123, 101, 116, 10, 111,
       180, 109, 200, 126, 100, 243, 99, 144, 116, 118, 100, 20, 110,
       193, 184, 109, 45, 230, 191, 37, 128, 108, 178, 98, 41, 74, 248,
       191, 186, 45, 245, 177, 198, 143, 89, 148, 55, 188, 223, 96, 142,
       237, 59, 251, 17, 19, 75, 178, 241, 219, 209, 222, 251, 154, 12,
       191, 251, 178, 33, 112, 225, 109, 111, 250, 72, 233, 164, 241, 11,
       143, 154, 84, 134, 234, 157, 247, 243, 28, 54, 210, 208, 151, 216,
       138, 239, 103, 15, 95, 134, 106, 248, 183, 186, 79, 197, 185, 198,
       139, 93, 148, 59, 172, 222, 118, 138, 235, 187, 251, 145, 6, 111,
       186, 241, 89, 81, 222, 251, 215, 4, 167, 251, 194, 152, 151, 243,
       49, 236, 57, 23, 191, 27, 83, 116, 188, 151, 32, 111, 167, 51,
       255, 145, 51, 205, 146, 243, 141, 246, 122, 195, 136, 0, 5, 59,
       193, 2, 151, 213, 42, 174, 48, 51, 188, 59, 210, 112, 188, 178,
       128, 239, 231, 55, 110, 8, 49, 221, 195, 199, 140, 242, 122, 210,
       136, 0, 33, 45, 125, 94, 110, 69, 21, 30, 106, 48, 117, 200, 239,
       68, 91, 96, 151, 244, 52, 228, 124, 110, 237, 177, 53, 14, 178,
       239, 33, 144, 107, 183, 120, 53, 33, 127, 103, 79, 116, 139, 235,
       112, 109, 200, 124, 228, 115, 69, 181, 52, 94, 40, 86, 110, 193,
       176, 101, 93, 102, 158, 32, 128, 95, 138, 82, 249, 66, 184, 187,
       250, 41, 221, 57, 214, 174, 89, 142, 68, 188, 223, 100, 96, 231,
       51, 255, 80, 151, 9, 178, 241, 203, 253, 30, 251, 152, 1, 37, 123,
       54, 32, 114, 225, 103, 79, 250, 72, 45, 36, 177, 11, 142, 30, 87,
       148, 234, 157, 223, 227, 92, 179, 81, 208, 151, 220, 138, 247,
       103, 15, 127, 134, 255, 230, 238, 26, 207, 113, 222, 200, 219, 86,
       181, 159, 74, 236, 255, 159, 191, 193, 249, 247, 174, 103, 190,
       243, 27, 91, 197, 255, 247, 255, 126, 86, 183, 91, 71, 79, 20, 23,
       206, 248, 68, 224, 240, 198, 113, 72, 181, 165, 92, 232, 22, 239,
       237, 178, 125, 190, 54, 72, 165, 148, 127, 191, 88, 188, 66, 148,
       151, 218, 27, 228, 49, 67, 190, 23, 75, 17, 172, 247, 104, 72,
       167, 51, 251, 16, 50, 77, 146, 247, 217, 182, 90, 75, 144, 0, 165,
       115, 33, 237, 97, 71, 116, 143, 231, 244, 117, 96, 120, 78, 115,
       65, 148, 52, 120, 236, 22, 110, 201, 186, 125, 61, 36, 12, 37, 0,
       127, 154, 210, 172, 182, 1, 82, 224, 69, 79, 90, 64, 41, 36, 249,
       11, 11, 31, 55, 148, 250, 149, 151, 226, 12, 183, 81, 204, 147,
       216, 130, 7, 103, 175, 126, 134, 246, 64, 82, 228, 69, 86, 90,
       104, 9, 164, 243, 11, 75, 30, 39, 212, 250, 149, 159, 226, 76,
       183, 81, 204, 147, 248, 130, 23, 39, 47, 126, 6, 94, 241, 187,
       186, 11, 209, 155, 201, 143, 93, 157, 171, 236, 223, 110, 0, 254,
       27, 251, 211, 67, 3, 186, 241, 251, 81, 143, 251, 20, 31, 183,
       251, 186, 68, 96, 225, 103, 118, 248, 83, 109, 6, 254, 19, 11, 31,
       28, 4, 126, 157, 151, 184, 172, 182, 81, 194, 215, 217, 130, 135,
       103, 140, 124, 130, 133, 160, 221, 177, 236, 233, 233, 27, 254,
       243, 51, 216, 157, 130, 216, 43, 43, 11, 106, 24, 51, 124, 207,
       80, 140, 146, 127, 100, 148, 200, 195, 160, 193, 125, 158, 180,
       169, 221, 116, 103, 253, 202, 162, 8, 190, 178, 32, 243, 160, 51,
       238, 0, 101, 233, 178, 234, 177, 250, 86, 27, 72, 80, 139, 15,
       158, 76, 224, 247, 247, 122, 126, 183, 121, 231, 119, 146, 89, 63,
       159, 233, 127, 215, 149, 174, 252, 252, 125, 234, 103, 255, 246,
       133, 167, 245, 220, 87, 13, 160, 221, 241, 236, 169, 105, 27, 126,
       51, 51, 208, 159, 131, 216, 169, 35, 11, 110, 24, 19, 124, 79, 80,
       204, 155, 119, 100, 212, 200, 129, 160 ]
keypoints: !!opencv-matrix
   rows: 30
   cols: 2
   dt: d
   data: [ 2.4480000305175781e+02, 1.7880000305175781e+02,
       2.7792001342773438e+02, 2.4912001037597656e+02,
       1.0080000305175781e+02, 9.0720001220703125e+01,
       1.0512000274658203e+02, 1.3824000549316406e+02,
       3.3696002197265625e+02, 2.4537602233886719e+02,
       1.0368000793457031e+02, 1.0195201110839844e+02,
       6.9120010375976562e+01, 1.1232000732421875e+02,
       2.4192002868652344e+02, 1.7798402404785156e+02,
       1.0195201110839844e+02, 1.4169601440429688e+02,
       1.0368001556396484e+02, 9.7459213256835938e+01,
       2.2602243041992188e+02, 9.9532814025878906e+01,
       1.0575361633300781e+02, 1.0160641479492188e+02,
       2.5712643432617188e+02, 1.7003521728515625e+02,
       2.5297923278808594e+02, 1.7418241882324219e+02,
       9.9532814025878906e+01, 2.3224322509765625e+02,
       8.7091217041015625e+01, 7.9626258850097656e+01,
       1.0450946807861328e+02, 9.2067863464355469e+01,
       2.2394885253906250e+02, 9.9532821655273438e+01,
       1.3436930847167969e+02, 1.1446274566650391e+02,
       2.2146052551269531e+02, 1.6422915649414062e+02,
       2.5878533935546875e+02, 1.6920579528808594e+02,
       2.1399557495117188e+02, 1.7169412231445312e+02,
       2.2394885253906250e+02, 9.8537498474121094e+01,
       2.4186477661132812e+02, 9.8537498474121094e+01,
       1.0749545288085938e+02, 1.0152348327636719e+02,
       2.0006097412109375e+02, 1.0152348327636719e+02,
       1.5228521728515625e+02, 1.4631326293945312e+02,
       2.7471060180664062e+02, 1.8513105773925781e+02,
       2.4007318115234375e+02, 1.1107863616943359e+02,
       1.5049363708496094e+02, 1.4691046142578125e+02 ]
