%YAML:1.0
---
descriptors: !!opencv-matrix
   rows: 12
   cols: 32
   dt: u
   data: [ 133, 164, 221, 241, 236, 41, 233, 91, 254, 179, 49, 90, 157,
       227, 216, 43, 35, 15, 110, 25, 51, 116, 207, 210, 204, 154, 119,
       116, 220, 200, 131, 161, 6, 164, 16, 131, 221, 109, 176, 73, 31,
       55, 185, 27, 204, 120, 72, 8, 187, 155, 202, 177, 50, 114, 89,
       214, 29, 22, 31, 127, 148, 10, 133, 134, 122, 50, 240, 228, 79,
       92, 248, 80, 233, 204, 180, 47, 11, 159, 214, 22, 110, 133, 239,
       144, 142, 35, 242, 192, 87, 217, 162, 187, 111, 132, 126, 215,
       209, 88, 159, 118, 40, 108, 85, 156, 240, 218, 166, 24, 119, 247,
       65, 123, 1, 244, 124, 10, 105, 101, 187, 34, 209, 235, 113, 24,
       104, 241, 66, 34, 18, 48, 151, 161, 106, 139, 184, 66, 15, 176,
       242, 235, 140, 158, 68, 14, 238, 29, 127, 149, 2, 219, 67, 196,
       156, 152, 91, 246, 69, 8, 35, 137, 181, 105, 105, 111, 116, 203,
       103, 248, 113, 224, 117, 78, 115, 81, 149, 48, 90, 236, 22, 110,
       201, 178, 109, 62, 102, 141, 37, 32, 109, 187, 82, 224, 202, 148,
       151, 250, 57, 236, 57, 3, 191, 27, 195, 48, 172, 191, 40, 72, 231,
       51, 253, 17, 51, 77, 146, 247, 137, 247, 90, 203, 128, 0, 165, 59,
       201, 146, 149, 189, 58, 174, 48, 51, 190, 57, 210, 112, 191, 50,
       128, 203, 231, 55, 252, 0, 49, 204, 67, 215, 140, 243, 122, 210,
       136, 0, 1, 41, 82, 189, 23, 246, 147, 204, 53, 103, 189, 1, 106,
       24, 174, 183, 32, 245, 162, 51, 234, 0, 99, 201, 178, 231, 177,
       246, 30, 27, 0, 0, 135, 43, 178, 64, 98, 224, 101, 66, 90, 64, 41,
       36, 251, 3, 11, 27, 55, 208, 250, 149, 151, 226, 76, 183, 65, 206,
       147, 248, 130, 135, 103, 175, 124, 6, 177, 141, 99, 73, 84, 219,
       226, 121, 85, 96, 248, 70, 115, 80, 148, 164, 120, 172, 22, 108,
       233, 186, 117, 159, 46, 72, 33, 64, 127, 142, 114, 188, 82, 253,
       23, 222, 11, 192, 53, 103, 189, 7, 230, 48, 172, 247, 32, 215,
       162, 51, 234, 0, 98, 75, 178, 229, 177, 178, 94, 11, 0, 0, 167,
       59 ]
keypoints: !!opencv-matrix
   rows: 12
   cols: 2
   dt: d
   data: [ 2.0160000610351562e+02, 2.4480000305175781e+02,
       1.3536000061035156e+02, 2.3184001159667969e+02,
       1.7280000305175781e+02, 1.6127999877929688e+02,
       2.6956802368164062e+02, 2.4019201660156250e+02,
       1.7452801513671875e+02, 1.6761601257324219e+02,
       1.4722561645507812e+02, 1.6588803100585938e+02,
       1.8869763183593750e+02, 1.6588803100585938e+02,
       1.8247682189941406e+02, 1.7003521728515625e+02,
       1.9906564331054688e+02, 1.7418243408203125e+02,
       1.8513105773925781e+02, 9.8537498474121094e+01,
       1.4332727050781250e+02, 1.6721514892578125e+02,
       1.9707499694824219e+02, 1.7318711853027344e+02 ]
