%YAML:1.0
---
descriptors: !!opencv-matrix
   rows: 8
   cols: 32
   dt: u
   data: [ 133, 164, 217, 179, 236, 41, 233, 91, 190, 179, 49, 90, 157,
       225, 216, 11, 35, 15, 110, 25, 51, 116, 207, 210, 140, 146, 127,
       116, 204, 201, 131, 160, 54, 176, 215, 248, 105, 137, 152, 233,
       143, 57, 177, 169, 78, 223, 108, 31, 207, 153, 255, 21, 26, 107,
       203, 209, 154, 218, 91, 254, 212, 140, 163, 147, 74, 50, 212, 161,
       109, 88, 120, 19, 171, 253, 182, 237, 143, 142, 210, 158, 174,
       141, 238, 145, 134, 120, 230, 192, 134, 209, 186, 235, 38, 132,
       79, 223, 4, 166, 151, 145, 222, 171, 33, 235, 190, 179, 67, 210,
       220, 226, 232, 69, 51, 108, 106, 184, 50, 217, 143, 223, 12, 6,
       127, 108, 160, 96, 161, 160, 141, 164, 221, 179, 236, 233, 105,
       139, 94, 51, 21, 152, 157, 227, 200, 41, 19, 10, 106, 24, 51, 92,
       239, 147, 204, 147, 119, 100, 180, 200, 129, 160, 74, 144, 151,
       250, 49, 236, 57, 3, 191, 27, 67, 16, 188, 191, 40, 74, 165, 51,
       255, 145, 51, 77, 146, 247, 137, 246, 90, 203, 128, 0, 165, 59,
       201, 18, 149, 189, 42, 174, 56, 51, 188, 27, 210, 112, 191, 50,
       128, 235, 231, 55, 126, 0, 49, 204, 67, 197, 140, 243, 122, 210,
       136, 0, 33, 43, 182, 1, 82, 161, 85, 71, 88, 64, 45, 36, 243, 11,
       11, 26, 37, 89, 250, 149, 159, 240, 12, 183, 81, 204, 147, 216,
       130, 23, 101, 15, 124, 134 ]
keypoints: !!opencv-matrix
   rows: 8
   cols: 2
   dt: d
   data: [ 222., 244., 1.9440000915527344e+02, 1.6704000854492188e+02,
       1.8720001220703125e+02, 1.6127999877929688e+02,
       1.9180801391601562e+02, 1.7452801513671875e+02,
       1.0886401367187500e+02, 1.4342401123046875e+02,
       2.0736003112792969e+02, 1.6588803100585938e+02,
       2.0113922119140625e+02, 1.7003521728515625e+02,
       1.8214508056640625e+02, 9.5551513671875000e+01 ]
