%YAML:1.0
---
descriptors: !!opencv-matrix
   rows: 90
   cols: 32
   dt: u
   data: [ 145, 75, 75, 252, 22, 128, 111, 246, 196, 0, 210, 194, 49,
       195, 177, 96, 106, 226, 31, 204, 201, 139, 38, 253, 240, 168, 190,
       136, 53, 152, 112, 40, 53, 75, 107, 254, 126, 129, 207, 112, 197,
       64, 241, 230, 51, 201, 181, 97, 90, 232, 22, 239, 201, 175, 46,
       189, 112, 169, 162, 136, 125, 187, 114, 160, 131, 152, 134, 184,
       201, 165, 176, 215, 158, 91, 192, 85, 172, 218, 98, 203, 205, 43,
       235, 20, 183, 79, 82, 241, 141, 18, 95, 122, 152, 76, 169, 158,
       52, 71, 106, 175, 20, 67, 71, 248, 116, 228, 255, 131, 83, 101,
       187, 64, 120, 204, 13, 111, 104, 178, 109, 14, 240, 167, 167, 21,
       117, 187, 116, 96, 250, 54, 123, 224, 235, 126, 125, 87, 173, 238,
       245, 60, 159, 159, 199, 255, 238, 149, 223, 178, 249, 167, 241,
       194, 247, 249, 50, 187, 194, 213, 167, 243, 49, 32, 245, 77, 20,
       123, 224, 31, 119, 225, 243, 90, 19, 24, 148, 237, 104, 140, 126,
       9, 141, 250, 229, 20, 22, 170, 113, 64, 109, 136, 208, 44, 236,
       80, 181, 102, 232, 78, 71, 184, 49, 174, 167, 8, 87, 119, 73, 95,
       21, 212, 109, 106, 73, 86, 251, 42, 213, 186, 101, 28, 34, 243,
       70, 113, 98, 251, 24, 186, 9, 141, 148, 175, 143, 29, 168, 93,
       174, 138, 98, 18, 205, 35, 203, 5, 78, 11, 210, 241, 225, 144, 26,
       59, 88, 28, 139, 154, 17, 140, 106, 185, 150, 163, 227, 214, 86,
       67, 222, 151, 113, 238, 178, 64, 125, 170, 6, 189, 190, 191, 37,
       255, 248, 207, 186, 64, 181, 200, 240, 216, 97, 95, 125, 101, 180,
       14, 111, 55, 96, 232, 126, 76, 243, 33, 145, 115, 22, 102, 124,
       108, 233, 248, 229, 14, 228, 255, 101, 16, 72, 242, 194, 57, 13,
       117, 17, 101, 112, 14, 103, 58, 125, 168, 122, 72, 222, 51, 0, 48,
       148, 92, 70, 104, 193, 176, 81, 78, 229, 188, 33, 4, 72, 177, 67,
       177, 100, 97, 57, 69, 85, 78, 71, 56, 96, 224, 239, 8, 211, 17, 9,
       52, 216, 220, 64, 106, 73, 176, 241, 8, 101, 188, 1, 20, 64, 58,
       70, 162, 137, 174, 251, 251, 116, 171, 233, 19, 127, 91, 118, 244,
       191, 169, 180, 104, 103, 43, 63, 29, 179, 252, 103, 247, 206, 255,
       58, 192, 222, 200, 209, 185, 72, 93, 17, 101, 112, 14, 109, 62,
       121, 168, 122, 64, 159, 51, 129, 112, 150, 28, 68, 104, 225, 184,
       209, 78, 229, 188, 38, 132, 72, 176, 67, 169, 39, 99, 96, 15, 124,
       31, 206, 120, 83, 232, 249, 204, 66, 72, 159, 180, 88, 200, 70,
       111, 205, 50, 205, 158, 54, 28, 133, 188, 95, 191, 90, 132, 39,
       78, 130, 158, 249, 137, 206, 224, 139, 140, 185, 205, 198, 226,
       63, 151, 221, 97, 78, 103, 110, 71, 202, 249, 184, 50, 207, 186,
       208, 127, 154, 133, 153, 223, 109, 79, 70, 19, 239, 244, 116, 72,
       94, 230, 121, 109, 151, 37, 126, 234, 23, 239, 233, 184, 45, 253,
       118, 75, 231, 128, 63, 179, 240, 249, 194, 176, 158, 251, 235,
       201, 177, 207, 190, 61, 81, 177, 172, 215, 104, 89, 227, 27, 239,
       16, 82, 93, 138, 209, 221, 179, 126, 239, 144, 4, 133, 235, 11,
       245, 64, 209, 243, 217, 172, 254, 63, 121, 92, 240, 173, 183, 218,
       165, 63, 26, 151, 137, 243, 88, 231, 245, 46, 83, 158, 231, 158,
       156, 143, 253, 217, 105, 223, 103, 2, 78, 111, 53, 48, 234, 98,
       141, 127, 103, 3, 83, 54, 229, 108, 238, 105, 213, 181, 106, 245,
       235, 101, 0, 105, 242, 131, 121, 75, 122, 248, 125, 185, 255, 59,
       158, 175, 238, 94, 173, 189, 189, 215, 100, 135, 127, 253, 85,
       135, 152, 247, 191, 111, 255, 61, 187, 150, 213, 13, 127, 139,
       243, 246, 125, 171, 214, 61, 31, 191, 95, 87, 181, 253, 255, 254,
       111, 167, 63, 255, 141, 247, 221, 175, 213, 111, 251, 127, 207, 6,
       196, 165, 255, 27, 156, 235, 249, 214, 162, 107, 247, 55, 67, 94,
       242, 125, 231, 176, 96, 127, 175, 63, 152, 187, 157, 37, 255, 222,
       239, 186, 192, 183, 192, 225, 184, 10, 158, 26, 187, 181, 231, 55,
       231, 31, 15, 92, 55, 172, 255, 34, 64, 223, 123, 139, 144, 50,
       156, 83, 255, 111, 247, 158, 195, 146, 92, 173, 155, 139, 186,
       187, 249, 246, 189, 185, 83, 191, 91, 84, 118, 188, 223, 228, 104,
       231, 59, 23, 21, 179, 220, 34, 243, 78, 223, 58, 234, 158, 204,
       161, 241, 73, 93, 17, 245, 113, 142, 100, 54, 45, 168, 106, 68,
       190, 51, 128, 244, 134, 126, 92, 72, 65, 152, 81, 108, 165, 253,
       54, 0, 10, 144, 131, 41, 45, 113, 17, 69, 85, 31, 66, 56, 97, 232,
       107, 76, 210, 16, 29, 180, 216, 76, 82, 110, 201, 178, 249, 140,
       37, 252, 1, 20, 74, 191, 82, 164, 168, 252, 60, 125, 48, 15, 125,
       191, 124, 170, 118, 24, 191, 51, 129, 49, 135, 30, 76, 40, 224,
       252, 241, 31, 239, 251, 117, 4, 66, 240, 74, 171, 9, 121, 17, 101,
       112, 14, 100, 55, 109, 168, 122, 68, 158, 51, 129, 176, 132, 60,
       86, 40, 193, 184, 81, 76, 165, 188, 32, 4, 74, 176, 67, 169, 70,
       247, 129, 129, 175, 51, 140, 175, 11, 191, 153, 255, 204, 108,
       220, 143, 223, 151, 253, 177, 222, 67, 207, 208, 188, 22, 191,
       255, 134, 76, 151, 85, 68, 32, 216, 231, 224, 46, 123, 24, 57,
       174, 111, 32, 215, 115, 203, 90, 22, 92, 125, 126, 16, 208, 249,
       104, 199, 189, 99, 4, 160, 227, 67, 97, 149, 36, 155, 181, 134,
       46, 105, 18, 50, 227, 67, 18, 213, 35, 81, 74, 115, 111, 49, 156,
       33, 212, 213, 2, 205, 167, 251, 0, 160, 241, 33, 176, 216, 221,
       29, 252, 184, 205, 21, 191, 148, 28, 134, 8, 247, 119, 32, 83,
       196, 115, 125, 98, 123, 73, 115, 61, 225, 227, 100, 24, 16, 24,
       133, 123, 106, 179, 16, 184, 57, 13, 80, 191, 15, 61, 176, 77,
       174, 42, 74, 16, 197, 3, 205, 20, 30, 74, 83, 149, 205, 213, 28,
       127, 88, 12, 139, 27, 124, 98, 232, 101, 100, 10, 93, 24, 33, 172,
       182, 137, 211, 7, 219, 26, 30, 196, 109, 238, 72, 242, 225, 8,
       198, 237, 101, 181, 229, 242, 86, 66, 222, 252, 191, 254, 187,
       110, 191, 238, 191, 255, 254, 49, 252, 255, 9, 123, 255, 247, 239,
       130, 121, 207, 187, 235, 251, 247, 95, 151, 128, 113, 167, 123,
       83, 151, 70, 165, 178, 18, 174, 247, 52, 67, 218, 247, 105, 238,
       186, 192, 119, 231, 191, 165, 245, 153, 5, 207, 184, 39, 190, 132,
       173, 214, 185, 93, 43, 252, 180, 250, 101, 253, 156, 214, 155, 95,
       252, 63, 44, 253, 94, 188, 207, 251, 247, 1, 167, 126, 250, 243,
       23, 127, 92, 251, 223, 92, 206, 223, 10, 157, 30, 187, 243, 239,
       62, 175, 63, 15, 78, 177, 236, 119, 34, 80, 247, 115, 151, 128,
       54, 152, 81, 255, 239, 247, 30, 195, 146, 68, 141, 91, 56, 255,
       88, 118, 121, 221, 86, 254, 167, 61, 172, 45, 63, 151, 67, 144,
       141, 219, 199, 66, 78, 11, 90, 61, 243, 193, 52, 57, 122, 147, 14,
       219, 27, 188, 251, 249, 242, 179, 185, 215, 63, 67, 94, 246, 189,
       175, 176, 104, 103, 59, 23, 156, 179, 156, 37, 247, 222, 239, 186,
       192, 191, 192, 161, 185, 168, 60, 188, 119, 225, 254, 117, 55,
       253, 186, 118, 24, 191, 63, 3, 27, 133, 55, 236, 8, 96, 252, 115,
       14, 199, 251, 116, 3, 202, 192, 203, 11, 65, 133, 63, 103, 52,
       110, 103, 55, 232, 200, 111, 8, 247, 115, 8, 115, 128, 102, 124,
       106, 121, 248, 177, 45, 229, 251, 96, 16, 64, 226, 195, 40, 237,
       126, 249, 101, 100, 79, 79, 252, 81, 238, 116, 76, 115, 93, 209,
       49, 28, 236, 84, 110, 233, 246, 233, 42, 103, 201, 37, 176, 111,
       249, 82, 249, 14, 157, 18, 159, 245, 221, 182, 229, 45, 5, 254, 3,
       236, 126, 46, 197, 248, 243, 207, 226, 84, 187, 81, 237, 183, 54,
       206, 3, 147, 126, 173, 206, 67, 179, 164, 129, 172, 31, 172, 191,
       47, 249, 154, 237, 132, 36, 222, 134, 149, 71, 127, 53, 215, 88,
       197, 208, 172, 20, 255, 246, 140, 156, 147, 93, 95, 177, 146, 163,
       163, 62, 124, 25, 107, 169, 43, 68, 206, 114, 76, 254, 183, 143,
       108, 20, 149, 144, 153, 192, 156, 252, 15, 70, 138, 102, 171, 21,
       105, 115, 19, 76, 121, 221, 18, 88, 235, 104, 181, 108, 126, 208,
       205, 180, 150, 188, 108, 96, 207, 35, 210, 93, 146, 217, 33, 186,
