%YAML:1.0
---
descriptors: !!opencv-matrix
   rows: 281
   cols: 32
   dt: u
   data: [ 181, 197, 220, 103, 252, 31, 198, 232, 94, 160, 33, 78, 83,
       114, 237, 163, 155, 66, 98, 110, 245, 227, 29, 62, 122, 143, 69,
       116, 89, 187, 203, 134, 91, 157, 235, 205, 180, 150, 110, 183,
       117, 72, 222, 98, 241, 35, 176, 228, 113, 254, 61, 233, 249, 153,
       53, 239, 170, 47, 190, 192, 174, 240, 248, 56, 56, 73, 59, 190,
       116, 192, 103, 228, 148, 12, 210, 34, 119, 219, 33, 65, 248, 185,
       7, 195, 104, 159, 2, 61, 241, 167, 170, 137, 17, 58, 52, 171, 157,
       64, 215, 229, 23, 14, 107, 16, 117, 160, 103, 66, 91, 115, 129,
       253, 58, 244, 28, 234, 41, 180, 17, 14, 197, 238, 99, 4, 171, 179,
       96, 32, 84, 141, 141, 123, 156, 236, 39, 171, 182, 19, 206, 16,
       243, 229, 73, 103, 105, 106, 106, 152, 58, 120, 251, 51, 237, 167,
       87, 65, 224, 96, 253, 162, 36, 236, 61, 250, 141, 197, 151, 236,
       207, 123, 172, 8, 252, 223, 108, 34, 201, 83, 251, 67, 74, 35,
       250, 245, 251, 217, 79, 127, 82, 27, 199, 226, 98, 141, 106, 200,
       245, 249, 243, 71, 239, 69, 252, 169, 174, 172, 54, 16, 216, 171,
       211, 17, 22, 43, 50, 247, 95, 61, 16, 91, 212, 14, 254, 94, 19,
       211, 66, 134, 67, 17, 190, 244, 141, 112, 88, 231, 109, 142, 47,
       133, 126, 153, 147, 231, 197, 19, 28, 245, 176, 80, 218, 167, 63,
       31, 41, 159, 45, 117, 65, 79, 245, 31, 230, 248, 85, 200, 121, 76,
       82, 96, 157, 180, 88, 204, 18, 110, 205, 178, 125, 142, 39, 124,
       132, 12, 91, 255, 90, 180, 63, 159, 229, 237, 191, 59, 223, 191,
       31, 234, 222, 230, 219, 45, 213, 100, 95, 255, 127, 77, 153, 56,
       109, 186, 238, 223, 173, 180, 255, 254, 208, 121, 105, 63, 171,
       165, 244, 255, 235, 55, 83, 237, 94, 239, 187, 172, 146, 32, 212,
       238, 223, 93, 151, 184, 228, 175, 238, 125, 175, 240, 142, 206,
       214, 253, 94, 144, 189, 191, 171, 248, 144, 3, 190, 191, 151, 113,
       207, 254, 78, 202, 163, 119, 253, 17, 28, 105, 203, 146, 219, 247,
       123, 215, 128, 69, 173, 71, 246, 247, 204, 202, 143, 59, 86, 248,
       19, 51, 173, 26, 66, 97, 79, 159, 25, 212, 232, 122, 62, 67, 219,
       179, 187, 214, 197, 127, 183, 251, 222, 6, 44, 100, 57, 69, 181,
       79, 71, 168, 113, 174, 239, 8, 210, 113, 13, 52, 216, 212, 96,
       106, 105, 182, 249, 14, 231, 159, 5, 52, 66, 59, 70, 226, 255, 69,
       110, 236, 39, 18, 94, 112, 213, 130, 255, 163, 75, 232, 183, 241,
       250, 228, 188, 226, 236, 167, 53, 142, 178, 251, 194, 19, 55, 255,
       120, 6, 31, 150, 135, 181, 54, 30, 250, 187, 122, 234, 146, 103,
       95, 104, 147, 227, 183, 197, 61, 173, 173, 249, 157, 206, 154,
       239, 255, 132, 173, 228, 57, 93, 160, 168, 156, 186, 236, 229,
       149, 207, 158, 31, 64, 17, 164, 179, 98, 73, 201, 59, 35, 17, 34,
       110, 82, 51, 201, 144, 90, 107, 144, 72, 133, 170, 83, 93, 123,
       230, 50, 198, 175, 117, 252, 192, 90, 198, 125, 254, 181, 96, 118,
       245, 31, 239, 193, 145, 52, 238, 49, 44, 174, 128, 45, 178, 33,
       125, 164, 250, 250, 88, 228, 169, 231, 216, 94, 31, 116, 120, 210,
       209, 237, 44, 27, 88, 6, 90, 34, 55, 42, 115, 78, 158, 53, 239,
       214, 249, 212, 163, 124, 79, 230, 101, 168, 90, 79, 186, 242, 242,
       166, 8, 211, 97, 149, 115, 17, 196, 108, 106, 236, 229, 239, 10,
       234, 235, 101, 20, 226, 241, 66, 64, 145, 79, 79, 237, 54, 130,
       237, 49, 228, 128, 210, 230, 243, 3, 176, 99, 96, 229, 44, 238,
       233, 157, 37, 13, 224, 171, 234, 0, 37, 160, 97, 40, 102, 49, 149,
       57, 169, 111, 20, 139, 175, 251, 169, 77, 198, 118, 77, 59, 133,
       83, 232, 17, 19, 65, 219, 17, 141, 210, 85, 62, 216, 121, 135, 55,
       186, 74, 46, 188, 45, 199, 221, 230, 207, 254, 150, 3, 167, 141,
       55, 75, 200, 97, 61, 71, 204, 205, 99, 184, 211, 91, 255, 179, 53,
       61, 84, 75, 85, 45, 154, 98, 213, 254, 118, 193, 235, 232, 175, 8,
       30, 177, 115, 62, 176, 110, 72, 120, 23, 243, 184, 10, 251, 253,
       5, 37, 202, 115, 235, 6, 126, 253, 233, 108, 77, 93, 215, 238,
       135, 96, 172, 11, 82, 125, 87, 32, 217, 208, 251, 227, 78, 35,
       122, 185, 115, 221, 133, 63, 83, 127, 86, 122, 38, 181, 120, 227,
       253, 111, 242, 169, 79, 189, 177, 27, 206, 29, 94, 24, 191, 149,
       223, 55, 190, 112, 89, 214, 159, 220, 65, 247, 247, 175, 223, 215,
       254, 65, 118, 238, 5, 86, 94, 56, 49, 102, 247, 11, 75, 127, 46,
       247, 242, 213, 253, 226, 108, 151, 249, 202, 179, 251, 195, 151,
       39, 191, 124, 86, 204, 168, 155, 242, 240, 225, 113, 146, 54, 27,
       98, 48, 158, 147, 64, 88, 131, 155, 46, 144, 50, 94, 139, 114,
       205, 151, 115, 109, 128, 65, 167, 35, 8, 180, 185, 248, 219, 229,
       57, 207, 150, 63, 104, 1, 28, 247, 96, 88, 247, 155, 131, 144, 18,
       26, 18, 85, 221, 199, 55, 111, 144, 72, 135, 171, 240, 88, 31,
       252, 12, 70, 85, 37, 132, 150, 134, 17, 247, 247, 33, 91, 192,
       244, 109, 98, 104, 199, 211, 45, 241, 227, 231, 25, 32, 56, 180,
       122, 147, 94, 78, 190, 58, 163, 94, 250, 148, 66, 216, 247, 97,
       227, 179, 64, 127, 235, 31, 167, 239, 135, 12, 255, 240, 14, 171,
       136, 60, 255, 56, 217, 76, 48, 184, 229, 160, 108, 121, 27, 58,
       143, 63, 49, 223, 119, 75, 90, 151, 213, 125, 24, 24, 80, 147, 0,
       207, 249, 99, 129, 160, 225, 47, 83, 57, 159, 123, 238, 182, 135,
       239, 245, 213, 72, 222, 70, 113, 249, 176, 96, 126, 234, 30, 238,
       153, 171, 60, 191, 250, 239, 166, 200, 61, 170, 240, 169, 5, 117,
       57, 71, 113, 94, 119, 56, 104, 224, 111, 72, 222, 22, 12, 176,
       144, 92, 80, 106, 193, 176, 241, 78, 37, 188, 1, 6, 72, 51, 67,
       181, 24, 73, 127, 255, 70, 198, 239, 116, 164, 128, 114, 2, 113,
       255, 49, 96, 122, 252, 19, 234, 65, 177, 16, 108, 245, 171, 226,
       128, 37, 179, 113, 168, 92, 118, 188, 103, 41, 111, 85, 186, 168,
       190, 191, 12, 223, 127, 9, 26, 129, 85, 237, 34, 64, 97, 251, 32,
       195, 243, 117, 21, 72, 243, 71, 51, 99, 9, 67, 156, 101, 210, 108,
       101, 241, 72, 210, 96, 48, 150, 180, 245, 216, 168, 22, 233, 205,
       155, 36, 205, 50, 56, 170, 138, 6, 22, 242, 237, 26, 69, 99, 236,
       86, 70, 191, 113, 164, 200, 218, 130, 121, 255, 49, 98, 126, 245,
       31, 239, 65, 147, 52, 206, 113, 172, 170, 128, 37, 162, 53, 248,
       11, 157, 251, 89, 251, 244, 187, 223, 191, 77, 252, 38, 56, 254,
       166, 116, 255, 59, 183, 144, 151, 155, 50, 247, 127, 253, 158,
       203, 219, 198, 173, 255, 194, 156, 125, 250, 253, 228, 89, 167,
       127, 83, 247, 16, 254, 255, 44, 121, 211, 183, 191, 129, 59, 78,
       251, 247, 255, 255, 214, 91, 148, 192, 164, 123, 134, 156, 58,
       222, 215, 244, 179, 224, 222, 14, 95, 18, 124, 252, 62, 100, 247,
       123, 51, 74, 178, 173, 58, 255, 123, 62, 2, 75, 215, 107, 117,
       247, 252, 109, 252, 100, 141, 93, 87, 204, 211, 182, 172, 8, 67,
       227, 75, 59, 25, 198, 108, 122, 108, 99, 251, 50, 251, 219, 69,
       125, 227, 243, 198, 98, 251, 68, 110, 236, 15, 18, 94, 104, 85,
       134, 255, 131, 75, 106, 55, 225, 250, 229, 191, 226, 108, 183, 21,
       206, 179, 251, 194, 23, 39, 254, 120, 6, 121, 149, 61, 107, 189,
       95, 87, 189, 71, 121, 173, 8, 211, 117, 10, 112, 81, 146, 92, 40,
       91, 40, 121, 29, 235, 239, 36, 85, 114, 202, 212, 106, 149, 31,
       79, 190, 184, 163, 79, 123, 148, 194, 219, 247, 113, 230, 185, 65,
       119, 231, 127, 175, 189, 195, 15, 127, 240, 42, 235, 144, 60, 243,
       176, 81, 164, 32, 191, 242, 204, 237, 225, 200, 150, 181, 161, 26,
       18, 221, 105, 43, 233, 153, 107, 147, 58, 103, 250, 16, 89, 128,
       219, 125, 209, 105, 118, 226, 205, 121, 129, 177, 164, 12, 109,
       157, 58, 250, 80, 204, 215, 238, 209, 123, 183, 205, 125, 255,
       207, 80, 255, 0, 172, 233, 239, 172, 44, 240, 147, 113, 125, 120,
       191, 224, 45, 45, 80, 208, 235, 185, 176, 76, 158, 153, 85, 58,
       140, 225, 125, 80, 139, 99, 218, 224, 219, 217, 81, 62, 202, 123,
