%YAML:1.0
---
descriptors: !!opencv-matrix
   rows: 140
   cols: 32
   dt: u
   data: [ 88, 18, 113, 105, 16, 238, 97, 18, 37, 13, 230, 0, 187, 23,
       128, 124, 100, 152, 111, 136, 10, 150, 113, 85, 215, 233, 50, 0,
       114, 129, 102, 121, 210, 180, 157, 177, 171, 228, 56, 159, 186,
       251, 146, 117, 157, 191, 72, 107, 167, 87, 253, 145, 51, 77, 187,
       211, 221, 211, 255, 246, 136, 64, 165, 123, 120, 249, 58, 248, 9,
       221, 87, 246, 163, 0, 164, 8, 191, 215, 66, 240, 128, 243, 253,
       88, 74, 11, 242, 177, 251, 217, 22, 121, 82, 16, 175, 122, 124,
       121, 62, 98, 29, 221, 82, 208, 239, 48, 165, 8, 126, 223, 75, 50,
       160, 241, 253, 90, 14, 35, 186, 177, 219, 217, 1, 123, 98, 15, 78,
       10, 34, 170, 148, 152, 109, 145, 152, 75, 159, 145, 208, 27, 174,
       202, 101, 142, 201, 187, 235, 145, 30, 111, 194, 209, 31, 82, 223,
       123, 150, 12, 127, 142, 234, 32, 164, 248, 109, 181, 216, 75, 203,
       157, 180, 25, 170, 153, 86, 159, 204, 177, 255, 145, 138, 111,
       210, 209, 159, 89, 210, 59, 211, 12, 126, 206, 88, 219, 95, 236,
       74, 72, 117, 55, 228, 0, 238, 34, 55, 51, 32, 83, 98, 246, 46, 96,
       88, 171, 3, 45, 241, 161, 100, 9, 97, 138, 228, 43, 90, 193, 158,
       213, 141, 94, 125, 165, 173, 231, 206, 19, 222, 247, 42, 98, 240,
       245, 249, 160, 92, 209, 179, 194, 247, 247, 222, 23, 2, 116, 189,
       74, 93, 201, 39, 231, 149, 6, 103, 181, 100, 64, 235, 70, 115,
       113, 57, 115, 117, 198, 58, 110, 217, 187, 57, 173, 249, 170, 198,
       68, 58, 186, 240, 56, 223, 219, 69, 239, 0, 134, 111, 185, 39,
       234, 131, 70, 121, 67, 152, 246, 116, 231, 61, 238, 201, 145, 185,
       255, 185, 236, 175, 132, 42, 162, 33, 57, 189, 124, 18, 126, 91,
       157, 82, 112, 253, 8, 245, 8, 46, 216, 38, 176, 184, 185, 198, 98,
       78, 39, 26, 191, 243, 221, 1, 59, 123, 47, 106, 135, 13, 22, 127,
       239, 122, 170, 59, 57, 140, 128, 127, 226, 221, 119, 168, 113,
       118, 53, 62, 50, 161, 128, 77, 94, 100, 175, 34, 200, 188, 138, 1,
       177, 229, 67, 121, 64, 112, 31, 111, 184, 119, 172, 127, 108, 81,
       66, 221, 116, 118, 204, 38, 254, 201, 54, 109, 94, 52, 168, 165,
       132, 117, 179, 68, 101, 86, 177, 139, 162, 250, 196, 26, 248, 161,
       201, 201, 207, 117, 223, 106, 80, 246, 255, 157, 247, 95, 67, 154,
       164, 251, 229, 175, 251, 40, 35, 175, 83, 69, 233, 183, 214, 31,
       204, 163, 128, 238, 145, 130, 0, 188, 245, 80, 230, 35, 119, 122,
       91, 67, 201, 187, 225, 61, 52, 15, 74, 0, 3, 37, 40, 38, 85, 227,
       202, 252, 103, 167, 205, 95, 15, 249, 90, 80, 252, 61, 0, 255,
       219, 19, 227, 145, 179, 120, 210, 53, 60, 135, 174, 213, 123, 246,
       241, 147, 203, 79, 252, 54, 128, 108, 119, 148, 72, 208, 230, 57,
       130, 176, 96, 110, 163, 23, 140, 251, 139, 38, 255, 242, 235, 190,
       136, 61, 136, 161, 25, 179, 135, 76, 165, 30, 51, 204, 127, 20,
       230, 222, 247, 115, 40, 146, 67, 111, 230, 63, 173, 252, 250, 69,
       142, 252, 15, 255, 144, 61, 236, 120, 217, 252, 83, 238, 164, 36,
       70, 95, 88, 0, 172, 254, 47, 87, 29, 51, 82, 120, 229, 53, 227,
       200, 247, 241, 136, 241, 225, 229, 148, 101, 187, 116, 123, 184,
       252, 121, 120, 83, 197, 83, 250, 51, 76, 116, 7, 61, 215, 33, 17,
       110, 251, 23, 194, 226, 47, 58, 125, 243, 201, 32, 42, 115, 145,
       102, 251, 61, 95, 106, 110, 214, 135, 95, 113, 85, 200, 255, 167,
       115, 95, 187, 144, 126, 232, 151, 238, 200, 178, 8, 46, 114, 233,
       161, 128, 119, 187, 98, 241, 14, 253, 182, 159, 221, 215, 190,
       232, 159, 228, 207, 3, 236, 254, 63, 228, 253, 127, 251, 243, 70,
       211, 123, 253, 63, 118, 143, 119, 150, 127, 61, 214, 155, 223,
       111, 252, 46, 128, 77, 247, 212, 64, 212, 198, 57, 131, 176, 97,
       110, 227, 31, 204, 235, 143, 38, 255, 240, 235, 254, 136, 61, 152,
       176, 121, 11, 190, 230, 91, 99, 181, 184, 198, 191, 95, 94, 247,
       40, 174, 254, 236, 167, 43, 179, 149, 182, 220, 167, 243, 14, 127,
       218, 203, 159, 196, 253, 221, 120, 249, 56, 120, 25, 221, 87, 246,
       227, 12, 172, 8, 63, 155, 67, 48, 128, 250, 221, 72, 74, 43, 242,
       189, 243, 221, 20, 59, 114, 16, 110, 42, 18, 14, 74, 190, 178,
       162, 63, 246, 181, 15, 94, 231, 45, 231, 163, 64, 118, 235, 167,
       213, 166, 157, 6, 239, 114, 103, 190, 129, 55, 214, 53, 217, 237,
       78, 97, 69, 116, 3, 239, 49, 116, 232, 250, 234, 91, 44, 149, 241,
       122, 236, 6, 238, 237, 178, 101, 94, 52, 10, 231, 164, 117, 176,
       118, 229, 173, 23, 68, 227, 116, 31, 106, 56, 5, 168, 191, 206,
       123, 73, 153, 129, 92, 128, 198, 126, 233, 178, 73, 158, 62, 201,
       165, 148, 111, 139, 88, 49, 109, 89, 21, 37, 124, 142, 102, 176,
       96, 224, 106, 77, 83, 27, 17, 240, 212, 228, 114, 126, 205, 50,
       81, 46, 109, 255, 69, 20, 72, 187, 82, 144, 124, 235, 224, 96,
       249, 91, 79, 188, 99, 236, 180, 168, 11, 68, 223, 180, 25, 220,
       212, 122, 222, 90, 236, 190, 254, 221, 165, 255, 103, 183, 222,
       101, 254, 225, 97, 42, 63, 209, 211, 236, 87, 124, 145, 171, 107,
       220, 222, 20, 219, 217, 221, 243, 78, 99, 238, 183, 186, 216, 173,
       255, 119, 31, 86, 111, 94, 171, 148, 158, 153, 209, 24, 233, 187,
       185, 129, 233, 236, 246, 76, 182, 149, 251, 236, 209, 30, 75, 202,
       245, 155, 210, 79, 127, 146, 38, 143, 14, 39, 53, 18, 154, 244,
       167, 174, 73, 95, 9, 89, 118, 244, 240, 189, 228, 222, 235, 18,
       255, 183, 178, 92, 255, 52, 20, 143, 170, 157, 123, 185, 133, 9,
       133, 62, 111, 96, 174, 113, 55, 237, 25, 127, 64, 255, 115, 8,
       114, 166, 51, 116, 8, 146, 184, 3, 69, 207, 255, 114, 64, 64, 194,
       131, 43, 173, 76, 88, 77, 124, 27, 203, 248, 86, 104, 116, 172,
       115, 73, 147, 49, 90, 200, 70, 106, 237, 182, 125, 63, 102, 139,
       33, 181, 127, 187, 90, 208, 161, 207, 113, 77, 116, 143, 237, 119,
       125, 8, 118, 96, 179, 1, 148, 37, 14, 56, 6, 108, 225, 184, 97,
       95, 37, 152, 36, 128, 87, 152, 194, 169, 1, 134, 46, 191, 52, 190,
       232, 51, 252, 91, 95, 85, 255, 40, 190, 105, 135, 39, 127, 13,
       183, 252, 3, 199, 206, 127, 122, 192, 204, 136, 217, 25, 56, 253,
       56, 110, 89, 215, 83, 250, 87, 12, 236, 8, 59, 91, 35, 16, 217,
       250, 135, 106, 106, 43, 122, 63, 243, 205, 33, 57, 115, 27, 102,
       170, 30, 141, 22, 190, 189, 210, 188, 101, 173, 135, 219, 179,
       204, 234, 36, 193, 234, 51, 235, 163, 116, 169, 11, 252, 186, 119,
       222, 67, 151, 62, 173, 134, 58, 52, 98, 141, 125, 95, 250, 107,
       29, 228, 214, 139, 76, 158, 54, 196, 254, 189, 223, 161, 172, 187,
       113, 222, 183, 117, 139, 15, 23, 44, 61, 222, 56, 95, 111, 79,
       116, 131, 239, 248, 84, 68, 253, 38, 115, 105, 191, 32, 126, 226,
       22, 238, 233, 186, 125, 63, 118, 175, 160, 0, 119, 187, 116, 248,
       14, 173, 54, 141, 93, 215, 186, 233, 159, 132, 206, 11, 236, 254,
       103, 228, 249, 127, 251, 241, 6, 211, 251, 223, 63, 119, 143, 95,
       18, 46, 61, 198, 65, 135, 14, 181, 36, 42, 236, 55, 220, 235, 94,
       245, 243, 40, 146, 67, 79, 38, 127, 13, 253, 248, 69, 143, 196,
       255, 254, 144, 12, 232, 216, 24, 18, 28, 110, 233, 22, 43, 249,
       90, 69, 96, 254, 167, 11, 9, 183, 68, 110, 140, 23, 189, 136, 185,
       5, 222, 214, 108, 178, 198, 127, 140, 112, 211, 80, 223, 191, 183,
       186, 202, 61, 55, 172, 172, 30, 161, 245, 55, 2, 66, 38, 119, 125,
       129, 80, 201, 163, 15, 233, 167, 127, 208, 36, 240, 133, 123, 110,
       32, 16, 250, 77, 217, 80, 72, 139, 180, 161, 11, 170, 200, 108,
       158, 200, 177, 203, 16, 14, 103, 202, 145, 147, 209, 129, 63, 83,
       14, 94, 134, 23, 15, 82, 204, 178, 182, 175, 250, 29, 128, 255,
       198, 73, 227, 181, 228, 126, 255, 154, 254, 145, 145, 44, 222, 50,
       254, 139, 196, 191, 255, 169, 180, 84, 140, 190, 180, 174, 107,
       148, 175, 206, 183, 138, 59, 199, 60, 66, 75, 163, 85, 237, 35,
       92, 101, 139, 16, 217, 199, 95, 119, 192, 120, 133, 67, 184, 238,
