%YAML:1.0
---
descriptors: !!opencv-matrix
   rows: 107
   cols: 32
   dt: u
   data: [ 179, 203, 79, 252, 38, 129, 207, 247, 132, 0, 210, 230, 49,
       139, 176, 65, 110, 162, 31, 205, 233, 143, 6, 253, 240, 168, 190,
       136, 61, 152, 240, 40, 177, 74, 107, 222, 126, 131, 203, 240, 196,
       64, 241, 230, 51, 200, 181, 33, 110, 168, 23, 239, 233, 167, 46,
       189, 114, 137, 162, 136, 125, 155, 114, 185, 113, 141, 29, 101,
       52, 110, 103, 55, 96, 226, 238, 8, 243, 49, 16, 115, 16, 102, 124,
       42, 121, 248, 241, 14, 237, 239, 101, 16, 96, 250, 210, 42, 165,
       78, 18, 223, 148, 167, 230, 242, 95, 10, 113, 82, 230, 224, 177,
       196, 217, 106, 6, 78, 226, 190, 74, 255, 36, 190, 39, 8, 18, 251,
       97, 141, 138, 156, 154, 251, 177, 229, 55, 239, 31, 15, 76, 55,
       172, 247, 34, 64, 223, 59, 131, 16, 50, 156, 82, 255, 239, 215,
       30, 99, 144, 88, 173, 155, 139, 171, 64, 211, 37, 153, 250, 238,
       31, 41, 84, 170, 172, 142, 215, 164, 63, 218, 151, 204, 102, 28,
       79, 247, 14, 95, 152, 163, 62, 141, 25, 157, 139, 186, 251, 251,
       228, 185, 249, 23, 127, 91, 118, 244, 188, 175, 246, 104, 199, 43,
       63, 29, 179, 252, 98, 243, 206, 223, 186, 192, 222, 204, 209, 249,
       44, 120, 252, 99, 109, 127, 87, 216, 99, 254, 189, 12, 219, 93,
       91, 186, 153, 252, 215, 122, 136, 118, 249, 40, 199, 221, 101, 53,
       194, 251, 78, 242, 65, 159, 93, 101, 180, 46, 111, 55, 104, 234,
       122, 68, 211, 33, 144, 112, 22, 230, 124, 44, 249, 184, 225, 14,
       238, 255, 37, 128, 72, 226, 194, 57, 122, 185, 187, 248, 185, 237,
       17, 198, 171, 61, 172, 9, 174, 191, 100, 82, 197, 243, 221, 80,
       26, 11, 178, 240, 219, 209, 26, 123, 146, 1, 7, 58, 205, 38, 150,
       179, 225, 62, 112, 19, 121, 155, 51, 84, 143, 50, 72, 219, 167, 7,
       236, 20, 180, 214, 203, 194, 142, 219, 127, 198, 138, 102, 171, 7,
       103, 206, 128, 190, 253, 141, 70, 164, 155, 140, 185, 77, 230,
       232, 52, 148, 204, 99, 78, 71, 206, 43, 202, 249, 172, 54, 13, 58,
       88, 62, 218, 133, 38, 93, 149, 254, 155, 205, 22, 226, 139, 152,
       168, 8, 174, 246, 37, 180, 142, 123, 226, 82, 19, 11, 218, 253,
       169, 176, 13, 58, 88, 123, 135, 191, 72, 157, 29, 235, 184, 239,
       87, 191, 14, 61, 26, 96, 247, 55, 136, 64, 135, 19, 77, 56, 51, 8,
       89, 61, 237, 231, 36, 208, 16, 202, 133, 41, 73, 170, 151, 184,
       108, 173, 105, 23, 174, 27, 242, 88, 151, 131, 208, 91, 203, 163,
       110, 28, 51, 109, 194, 81, 220, 154, 114, 72, 216, 200, 195, 168,
       99, 184, 144, 154, 137, 173, 148, 207, 143, 27, 168, 93, 174, 154,
       98, 138, 205, 35, 235, 21, 30, 75, 210, 241, 141, 208, 90, 122,
       216, 76, 137, 30, 108, 98, 252, 101, 32, 62, 125, 24, 43, 190, 54,
       173, 215, 37, 219, 26, 23, 68, 109, 126, 128, 240, 233, 0, 206,
       217, 101, 181, 226, 243, 78, 97, 1, 32, 247, 193, 68, 207, 225,
       82, 236, 34, 242, 66, 147, 247, 221, 98, 123, 188, 110, 56, 129,
       176, 245, 192, 21, 172, 34, 0, 225, 168, 71, 168, 222, 124, 191,
       254, 171, 106, 119, 239, 187, 218, 254, 56, 254, 255, 5, 123, 255,
       247, 255, 162, 105, 231, 187, 234, 243, 247, 87, 155, 194, 113,
       167, 187, 179, 74, 111, 156, 14, 144, 207, 246, 196, 64, 212, 231,
       49, 140, 183, 97, 110, 224, 23, 207, 237, 175, 38, 253, 48, 43,
       234, 136, 61, 189, 120, 220, 146, 218, 222, 185, 114, 130, 56,
       199, 190, 23, 82, 183, 45, 231, 162, 65, 39, 63, 175, 129, 50,
       221, 14, 215, 220, 39, 126, 199, 52, 132, 173, 219, 58, 229, 102,
       144, 223, 209, 188, 239, 159, 117, 188, 155, 8, 238, 94, 132, 235,
       139, 211, 145, 126, 122, 238, 215, 63, 91, 159, 239, 167, 12, 190,
       206, 25, 140, 106, 185, 180, 163, 235, 255, 23, 75, 222, 18, 113,
       234, 50, 96, 127, 170, 22, 185, 186, 189, 5, 255, 252, 207, 187,
       192, 181, 200, 240, 201, 26, 158, 235, 249, 180, 162, 235, 215,
       63, 67, 94, 246, 125, 239, 176, 96, 119, 171, 55, 156, 179, 156,
       37, 255, 222, 239, 186, 192, 183, 192, 161, 177, 34, 157, 240,
       153, 253, 255, 254, 231, 63, 47, 242, 27, 172, 62, 6, 205, 233,
       219, 207, 145, 50, 250, 113, 239, 61, 54, 222, 103, 213, 76, 245,
       206, 155, 231, 96, 209, 231, 153, 252, 238, 31, 53, 84, 187, 169,
       138, 222, 165, 63, 139, 151, 157, 238, 126, 238, 245, 62, 89, 223,
       239, 55, 156, 223, 204, 169, 124, 124, 117, 48, 15, 125, 191, 112,
       138, 118, 24, 191, 51, 131, 49, 135, 60, 84, 40, 224, 252, 241,
       15, 239, 251, 101, 4, 74, 240, 74, 171, 237, 125, 249, 71, 100,
       95, 207, 144, 81, 238, 180, 12, 243, 93, 213, 34, 28, 252, 84,
       106, 233, 118, 249, 42, 103, 217, 37, 176, 99, 251, 214, 241, 66,
       249, 158, 184, 235, 193, 177, 67, 174, 29, 82, 163, 172, 151, 98,
       82, 162, 59, 235, 208, 82, 73, 130, 241, 221, 49, 30, 235, 144, 0,
       167, 251, 130, 51, 214, 155, 238, 153, 184, 73, 143, 29, 81, 247,
       12, 142, 254, 139, 238, 25, 183, 149, 214, 87, 134, 209, 22, 81,
       250, 171, 29, 140, 187, 215, 3, 16, 113, 193, 103, 220, 184, 3,
       237, 89, 114, 0, 156, 158, 84, 254, 226, 25, 127, 153, 135, 56,
       114, 192, 7, 56, 154, 2, 15, 0, 97, 183, 114, 133, 146, 141, 221,
       95, 180, 103, 45, 37, 250, 11, 142, 62, 34, 196, 248, 159, 207,
       161, 92, 187, 81, 204, 189, 52, 158, 23, 147, 76, 189, 206, 105,
       176, 149, 92, 121, 221, 48, 232, 235, 88, 224, 8, 254, 243, 12,
       180, 176, 177, 106, 72, 3, 99, 250, 93, 29, 186, 65, 62, 74, 34,
       3, 167, 60, 161, 98, 3, 215, 147, 239, 233, 71, 161, 93, 131, 9,
       201, 126, 132, 120, 138, 131, 253, 219, 186, 28, 222, 62, 77, 133,
       101, 239, 142, 250, 132, 196, 52, 155, 181, 70, 46, 169, 26, 58,
       243, 67, 82, 213, 103, 73, 75, 115, 93, 49, 153, 33, 212, 211, 2,
       197, 162, 251, 4, 168, 241, 39, 240, 124, 217, 26, 110, 93, 205,
       82, 224, 131, 4, 172, 9, 43, 219, 96, 16, 216, 248, 204, 82, 78,
       35, 90, 189, 243, 217, 1, 123, 115, 43, 78, 138, 124, 98, 236,
       165, 36, 42, 125, 24, 32, 174, 182, 141, 215, 43, 91, 26, 26, 196,
       109, 118, 8, 208, 193, 8, 198, 201, 229, 181, 228, 243, 94, 67,
       94, 222, 255, 254, 191, 66, 127, 252, 191, 191, 246, 179, 237,
       255, 47, 91, 255, 247, 255, 194, 120, 203, 171, 235, 251, 247,
       223, 147, 167, 117, 167, 123, 20, 67, 106, 173, 20, 75, 75, 184,
       116, 228, 239, 131, 83, 69, 187, 64, 120, 204, 13, 238, 72, 176,
       109, 12, 224, 175, 161, 21, 117, 187, 116, 98, 146, 158, 206, 189,
       18, 162, 56, 247, 190, 7, 82, 247, 45, 230, 162, 80, 119, 239,
       175, 133, 166, 221, 4, 255, 248, 39, 186, 193, 189, 196, 169, 153,
       19, 143, 111, 207, 118, 146, 239, 247, 116, 72, 222, 230, 113,
       101, 182, 100, 126, 230, 22, 239, 249, 185, 45, 255, 124, 46, 166,
       128, 63, 250, 240, 253, 186, 244, 98, 146, 223, 209, 188, 239,
       159, 119, 157, 159, 8, 252, 126, 164, 235, 155, 243, 145, 254,
       127, 190, 215, 63, 87, 159, 111, 231, 12, 254, 214, 110, 252, 166,
       30, 77, 245, 209, 234, 147, 223, 189, 63, 106, 252, 111, 191, 205,
       243, 251, 131, 174, 103, 250, 243, 83, 87, 213, 187, 211, 125,
       126, 86, 208, 159, 223, 103, 162, 10, 119, 53, 121, 174, 254, 108,
       119, 51, 128, 87, 54, 246, 108, 106, 240, 249, 129, 44, 244, 227,
       101, 128, 98, 242, 199, 43, 223, 94, 239, 103, 34, 22, 63, 180,
       48, 238, 214, 228, 253, 54, 147, 123, 54, 117, 253, 239, 225, 213,
       189, 106, 230, 235, 239, 128, 46, 247, 35, 121, 5, 15, 146, 143,
       245, 167, 230, 195, 95, 13, 89, 66, 236, 232, 53, 196, 216, 106,
       6, 12, 150, 184, 72, 255, 44, 62, 134, 8, 146, 123, 241, 140, 10,
       156, 180, 151, 215, 255, 188, 231, 63, 247, 246, 19, 172, 62, 6,
       197, 235, 251, 239, 145, 54, 252, 115, 255, 61, 118, 222, 67, 215,
       76, 253, 222, 138, 156, 154, 187, 181, 229, 186, 230, 31, 15, 92,
       55, 172, 255, 34, 64, 255, 123, 131, 144, 50, 156, 82, 255, 239,
