%YAML:1.0
---
descriptors: !!opencv-matrix
   rows: 236
   cols: 32
   dt: u
   data: [ 219, 156, 43, 126, 155, 244, 87, 191, 117, 79, 206, 53, 120,
       254, 46, 245, 245, 255, 189, 160, 255, 77, 190, 255, 251, 111,
       246, 203, 58, 68, 172, 127, 56, 157, 119, 237, 151, 199, 247, 247,
       84, 68, 250, 3, 127, 61, 33, 64, 122, 243, 55, 105, 248, 187, 49,
       191, 241, 238, 38, 64, 119, 122, 229, 123, 57, 87, 98, 44, 52, 19,
       238, 124, 68, 4, 222, 231, 65, 8, 182, 192, 126, 136, 22, 239,
       204, 187, 5, 158, 114, 109, 170, 192, 127, 190, 120, 205, 62, 253,
       45, 232, 205, 93, 215, 238, 135, 112, 188, 11, 82, 125, 85, 34,
       201, 208, 251, 227, 74, 35, 122, 181, 251, 223, 197, 127, 83, 127,
       86, 242, 61, 120, 183, 240, 61, 45, 80, 82, 235, 251, 190, 72,
       158, 153, 85, 59, 141, 225, 125, 16, 143, 103, 218, 128, 219, 219,
       21, 62, 202, 121, 66, 3, 155, 254, 101, 151, 55, 147, 236, 246,
       61, 123, 82, 246, 41, 14, 150, 229, 111, 203, 151, 141, 231, 220,
       37, 255, 54, 94, 222, 192, 63, 148, 185, 253, 223, 215, 133, 167,
       172, 60, 238, 189, 174, 250, 154, 199, 221, 110, 221, 227, 231,
       71, 125, 255, 197, 81, 175, 224, 188, 122, 239, 180, 142, 247,
       153, 85, 161, 134, 169, 255, 61, 165, 201, 31, 86, 75, 89, 84,
       179, 41, 56, 96, 217, 10, 54, 12, 187, 174, 115, 159, 197, 255,
       146, 72, 24, 200, 208, 184, 60, 12, 82, 186, 150, 163, 122, 115,
       148, 1, 218, 199, 101, 227, 32, 192, 217, 170, 135, 148, 62, 141,
       8, 255, 250, 231, 162, 65, 186, 75, 184, 138, 128, 190, 152, 186,
       236, 233, 149, 199, 158, 31, 64, 49, 166, 211, 96, 73, 193, 59,
       35, 16, 50, 110, 66, 51, 205, 144, 94, 123, 208, 72, 133, 170, 44,
       101, 57, 71, 149, 79, 71, 168, 113, 164, 239, 8, 210, 117, 9, 52,
       216, 212, 96, 106, 105, 178, 249, 14, 239, 223, 5, 116, 66, 43,
       70, 226, 219, 157, 63, 94, 169, 244, 22, 183, 223, 91, 159, 49,
       122, 254, 174, 118, 197, 183, 253, 129, 253, 137, 59, 247, 107,
       127, 126, 215, 18, 68, 164, 127, 45, 116, 17, 79, 213, 95, 103,
       188, 81, 104, 109, 76, 210, 81, 29, 180, 88, 204, 18, 110, 201,
       178, 249, 42, 39, 60, 4, 44, 91, 187, 82, 180, 27, 144, 238, 189,
       62, 51, 216, 63, 95, 245, 86, 183, 77, 200, 182, 73, 214, 45, 191,
       165, 148, 221, 23, 221, 130, 123, 219, 215, 30, 172, 153, 85, 3,
       144, 63, 251, 124, 141, 185, 223, 94, 89, 80, 114, 188, 223, 168,
       105, 247, 27, 55, 12, 131, 92, 42, 245, 197, 158, 122, 234, 28, 8,
       161, 169, 2, 181, 154, 251, 234, 165, 185, 223, 158, 27, 92, 50,
       188, 255, 104, 8, 255, 59, 23, 145, 18, 88, 154, 243, 205, 215,
       250, 234, 144, 64, 163, 187, 61, 9, 72, 255, 76, 147, 194, 80, 69,
       0, 245, 66, 115, 73, 177, 224, 72, 232, 22, 74, 9, 162, 73, 189,
       210, 233, 162, 24, 127, 171, 120, 128, 51, 144, 183, 152, 59, 215,
       152, 105, 159, 200, 144, 110, 108, 252, 52, 165, 159, 177, 223,
       181, 167, 75, 50, 221, 27, 94, 95, 255, 31, 44, 57, 95, 46, 181,
       112, 227, 253, 127, 242, 153, 95, 255, 189, 191, 207, 61, 94, 156,
       191, 157, 223, 55, 180, 112, 121, 214, 159, 223, 65, 247, 199,
       239, 223, 215, 164, 235, 178, 91, 237, 201, 231, 216, 94, 30, 116,
       48, 146, 209, 237, 44, 89, 88, 6, 90, 66, 116, 42, 243, 77, 156,
       53, 238, 210, 121, 213, 163, 92, 93, 126, 230, 180, 14, 94, 188,
       37, 232, 190, 103, 123, 127, 155, 115, 118, 246, 253, 238, 237,
       137, 121, 173, 250, 235, 165, 208, 47, 178, 228, 89, 118, 220,
       183, 252, 44, 192, 23, 234, 133, 10, 216, 162, 247, 247, 32, 70,
       91, 240, 191, 226, 8, 71, 75, 167, 211, 246, 251, 143, 38, 187,
       52, 35, 44, 112, 184, 96, 45, 109, 80, 152, 75, 186, 180, 25, 155,
       25, 85, 27, 137, 196, 117, 26, 140, 118, 216, 128, 203, 217, 21,
       54, 194, 249, 66, 3, 32, 142, 49, 79, 124, 235, 131, 190, 87, 9,
       121, 120, 226, 49, 172, 228, 217, 26, 6, 8, 186, 186, 105, 63, 45,
       190, 48, 211, 211, 11, 196, 173, 48, 141, 126, 255, 214, 227, 254,
       231, 21, 69, 126, 163, 51, 61, 38, 32, 251, 251, 7, 176, 126, 186,
       33, 191, 127, 207, 182, 129, 245, 218, 236, 218, 83, 93, 123, 239,
       114, 198, 175, 117, 236, 192, 90, 198, 125, 254, 181, 96, 118,
       245, 31, 239, 193, 153, 52, 206, 117, 44, 174, 128, 37, 178, 37,
       249, 204, 188, 154, 242, 240, 224, 113, 134, 54, 31, 102, 48, 158,
       211, 64, 88, 131, 27, 236, 144, 50, 78, 139, 114, 205, 215, 114,
       105, 128, 65, 173, 35, 174, 112, 244, 80, 203, 253, 88, 206, 139,
       255, 180, 27, 10, 159, 103, 191, 175, 145, 215, 16, 6, 103, 186,
       208, 31, 88, 81, 255, 243, 205, 78, 215, 24, 221, 19, 161, 189,
       207, 55, 230, 142, 32, 10, 3, 158, 151, 32, 64, 225, 115, 43, 67,
       82, 25, 16, 183, 233, 132, 15, 114, 16, 24, 149, 138, 123, 156,
       191, 126, 209, 246, 53, 255, 179, 95, 108, 53, 105, 254, 46, 116,
       245, 159, 181, 160, 191, 26, 58, 191, 251, 255, 214, 207, 186, 68,
       174, 127, 59, 188, 49, 200, 117, 245, 218, 71, 95, 105, 120, 74,
       46, 188, 52, 180, 221, 187, 151, 17, 155, 186, 112, 215, 31, 92,
       152, 250, 211, 78, 211, 255, 58, 71, 70, 172, 30, 147, 206, 104,
       132, 4, 220, 195, 97, 204, 183, 192, 126, 160, 143, 239, 76, 131,
       6, 157, 178, 101, 171, 153, 55, 190, 124, 64, 35, 184, 21, 152,
       73, 141, 144, 7, 142, 89, 128, 77, 180, 214, 96, 203, 197, 43,
       122, 21, 23, 75, 210, 209, 141, 18, 90, 122, 152, 12, 9, 158, 150,
       156, 186, 222, 215, 228, 179, 232, 223, 78, 93, 18, 92, 252, 63,
       100, 247, 121, 27, 75, 178, 167, 58, 239, 121, 46, 15, 74, 149,
       123, 117, 247, 222, 70, 239, 196, 70, 82, 239, 112, 224, 198, 215,
       130, 89, 47, 183, 115, 126, 212, 127, 239, 232, 247, 165, 200,
       115, 43, 230, 129, 39, 243, 118, 112, 121, 67, 108, 173, 52, 10,
       75, 48, 100, 164, 254, 135, 211, 1, 146, 80, 88, 132, 108, 236,
       200, 177, 69, 13, 226, 237, 160, 20, 117, 170, 112, 72, 42, 162,
       16, 168, 57, 157, 88, 175, 15, 61, 176, 77, 174, 14, 74, 16, 204,
       11, 207, 5, 30, 10, 83, 149, 143, 209, 24, 251, 26, 12, 11, 31,
       248, 92, 191, 188, 9, 66, 21, 38, 132, 214, 134, 17, 119, 247, 35,
       91, 193, 245, 237, 66, 104, 199, 242, 40, 211, 227, 114, 27, 48,
       121, 36, 90, 152, 205, 83, 178, 150, 201, 52, 231, 188, 0, 138,
       162, 47, 183, 33, 193, 34, 243, 139, 65, 97, 137, 2, 255, 184,
       197, 30, 115, 52, 88, 165, 42, 131, 253, 12, 159, 184, 133, 140,
       239, 142, 140, 216, 229, 176, 234, 151, 0, 204, 107, 23, 205, 70,
       138, 82, 125, 108, 24, 190, 136, 28, 20, 43, 155, 37, 162, 141,
       251, 108, 173, 225, 88, 94, 57, 113, 124, 147, 201, 216, 105, 201,
       8, 118, 28, 155, 118, 107, 145, 204, 217, 241, 252, 220, 137, 80,
       160, 150, 28, 107, 254, 26, 194, 151, 97, 148, 66, 195, 147, 112,
       255, 33, 97, 120, 185, 19, 131, 121, 135, 54, 110, 241, 38, 138,
       11, 53, 42, 52, 242, 254, 65, 118, 238, 13, 86, 86, 40, 117, 134,
       231, 11, 75, 126, 63, 215, 248, 213, 253, 227, 108, 167, 121, 204,
       179, 251, 195, 31, 55, 191, 124, 70, 253, 217, 119, 238, 46, 14,
       94, 188, 161, 248, 243, 239, 123, 127, 153, 115, 118, 245, 125,
       234, 249, 225, 217, 173, 242, 233, 229, 144, 47, 179, 98, 57, 76,
       33, 184, 225, 160, 44, 121, 27, 43, 185, 38, 25, 159, 55, 66, 90,
       135, 159, 125, 24, 16, 216, 193, 2, 207, 253, 119, 69, 128, 224,
       143, 3, 127, 69, 197, 167, 150, 50, 78, 184, 112, 226, 155, 199,
       83, 104, 155, 240, 90, 196, 93, 239, 237, 131, 93, 46, 184, 110,
       173, 148, 45, 247, 248, 84, 62, 52, 240, 225, 245, 127, 122, 88,
       127, 164, 63, 139, 75, 61, 95, 188, 191, 157, 215, 52, 156, 114,
       121, 218, 159, 223, 1, 231, 231, 239, 94, 215, 136, 184, 221, 95,
       250, 224, 33, 151, 182, 27, 100, 48, 181, 215, 192, 120, 7, 123,
       160, 152, 51, 92, 170, 119, 77, 143, 55, 96, 176, 192, 135, 185,
