%YAML:1.0
---
descriptors: !!opencv-matrix
   rows: 32
   cols: 32
   dt: u
   data: [ 66, 0, 2, 129, 77, 217, 248, 66, 45, 36, 242, 11, 140, 10, 96,
       220, 234, 157, 206, 128, 4, 191, 193, 192, 149, 48, 154, 43, 81,
       12, 127, 142, 195, 205, 223, 147, 238, 249, 236, 222, 175, 211,
       177, 82, 189, 234, 244, 107, 235, 227, 127, 219, 179, 79, 238,
       243, 158, 26, 126, 232, 157, 217, 243, 184, 212, 205, 198, 151,
       221, 171, 238, 236, 127, 146, 250, 18, 236, 234, 41, 207, 123,
       239, 110, 226, 100, 255, 203, 255, 188, 182, 223, 11, 165, 123,
       233, 142, 189, 219, 239, 216, 174, 209, 79, 255, 214, 90, 148,
       230, 19, 229, 241, 98, 111, 202, 62, 218, 251, 75, 46, 179, 250,
       201, 167, 252, 191, 249, 244, 121, 26, 143, 71, 236, 54, 210, 237,
       119, 213, 68, 222, 226, 41, 162, 178, 96, 106, 166, 31, 136, 93,
       155, 36, 207, 242, 237, 190, 129, 55, 136, 244, 73, 1, 18, 223,
       229, 110, 137, 233, 80, 239, 89, 246, 230, 189, 11, 240, 106, 106,
       137, 94, 140, 131, 121, 103, 213, 212, 153, 250, 128, 125, 136,
       113, 185, 106, 48, 54, 136, 121, 95, 176, 72, 175, 172, 244, 11,
       140, 222, 47, 212, 252, 157, 251, 97, 4, 67, 243, 216, 151, 112,
       11, 63, 18, 44, 47, 215, 237, 112, 248, 97, 164, 79, 121, 25, 115,
       239, 55, 28, 211, 29, 219, 42, 31, 28, 125, 58, 169, 244, 249, 2,
       207, 223, 101, 244, 230, 170, 86, 241, 40, 182, 115, 121, 117,
       253, 113, 87, 251, 9, 124, 88, 190, 153, 4, 60, 175, 58, 70, 24,
       146, 254, 178, 215, 79, 223, 48, 74, 194, 128, 194, 171, 236, 117,
       120, 101, 180, 79, 127, 48, 96, 172, 118, 40, 215, 31, 131, 49,
       22, 220, 69, 122, 104, 240, 241, 12, 231, 249, 37, 4, 96, 179, 78,
       51, 126, 99, 96, 68, 205, 91, 70, 232, 97, 228, 180, 141, 75, 109,
       159, 150, 90, 196, 206, 102, 204, 35, 252, 172, 54, 217, 5, 61,
       103, 191, 222, 84, 87, 22, 199, 165, 166, 50, 56, 10, 61, 251,
       147, 247, 205, 46, 207, 207, 247, 199, 189, 181, 189, 213, 133,
       194, 156, 242, 251, 134, 172, 229, 41, 85, 246, 205, 96, 135, 244,
       43, 238, 236, 61, 162, 187, 187, 222, 123, 29, 64, 251, 199, 127,
       227, 120, 251, 73, 238, 253, 190, 143, 69, 165, 127, 245, 130,
       134, 74, 2, 159, 125, 151, 186, 224, 31, 4, 81, 3, 236, 200, 53,
       196, 216, 59, 179, 67, 102, 190, 74, 255, 37, 54, 139, 11, 22, 15,
       61, 142, 166, 97, 114, 158, 85, 151, 178, 104, 222, 4, 113, 3,
       232, 216, 55, 196, 248, 57, 131, 99, 228, 182, 26, 223, 21, 28,
       139, 43, 85, 63, 121, 134, 182, 205, 245, 147, 236, 168, 238, 239,
       251, 19, 184, 82, 253, 106, 253, 75, 107, 195, 127, 203, 242, 99,
       74, 243, 190, 158, 207, 60, 245, 219, 227, 128, 66, 48, 39, 173,
       92, 198, 56, 73, 173, 200, 210, 71, 172, 142, 52, 64, 248, 173,
       127, 161, 0, 147, 147, 204, 149, 112, 138, 139, 20, 40, 53, 210,
       185, 223, 237, 254, 174, 209, 79, 247, 215, 218, 148, 238, 51,
       165, 241, 99, 111, 250, 62, 204, 235, 107, 102, 191, 250, 203,
       245, 184, 63, 184, 244, 121, 57, 223, 98, 186, 124, 145, 223, 245,
       21, 12, 220, 103, 45, 201, 178, 68, 126, 170, 151, 205, 206, 171,
       68, 191, 242, 221, 174, 169, 63, 158, 240, 217, 40, 160, 243, 89,
       117, 189, 121, 83, 251, 19, 116, 24, 186, 155, 212, 60, 173, 186,
       70, 24, 179, 254, 178, 211, 15, 222, 16, 106, 194, 136, 66, 172,
       56, 181, 56, 106, 112, 205, 83, 216, 99, 77, 125, 12, 23, 223, 74,
       48, 188, 154, 21, 120, 155, 58, 184, 31, 251, 205, 32, 108, 250,
       138, 78, 243, 88, 57, 187, 112, 177, 204, 81, 87, 169, 201, 46,
       12, 190, 159, 64, 50, 164, 191, 220, 16, 25, 171, 178, 0, 251,
       253, 20, 122, 202, 0, 135, 59, 82, 48, 114, 225, 78, 78, 248, 85,
       45, 40, 242, 199, 141, 143, 32, 80, 238, 157, 95, 224, 0, 187,
       145, 192, 213, 240, 138, 128, 5, 2, 39, 155, 200, 28, 63, 254, 33,
       236, 53, 119, 189, 74, 103, 20, 190, 255, 33, 113, 164, 59, 217,
       0, 97, 189, 50, 239, 211, 251, 82, 2, 10, 80, 39, 59, 37, 247,
       121, 75, 116, 143, 107, 216, 112, 105, 125, 108, 19, 85, 153, 48,
       30, 152, 22, 124, 163, 178, 120, 31, 111, 141, 33, 228, 251, 139,
       66, 241, 2, 16, 55, 169, 109, 201, 185, 64, 140, 105, 211, 3, 156,
       158, 52, 96, 234, 141, 127, 193, 3, 187, 17, 208, 149, 48, 154,
       66, 21, 11, 53, 234, 218, 28, 191, 254, 131, 224, 55, 102, 189,
       67, 236, 50, 126, 255, 32, 121, 179, 243, 249, 130, 33, 207, 178,
       239, 211, 227, 90, 11, 131, 113, 167, 123, 37, 247, 113, 67, 244,
       143, 235, 216, 125, 104, 125, 228, 81, 69, 157, 36, 94, 8, 22,
       126, 227, 176, 109, 255, 36, 30, 33, 196, 95, 155, 82, 245, 216,
       249, 59, 122, 211, 204, 85, 247, 169, 73, 228, 28, 62, 223, 32,
       176, 166, 187, 221, 80, 91, 15, 178, 231, 251, 253, 20, 107, 106,
       16, 175, 59, 187, 223, 111, 254, 62, 145, 223, 247, 213, 76, 220,
       230, 57, 206, 182, 101, 110, 186, 151, 206, 235, 175, 38, 255,
       114, 239, 186, 136, 63, 156, 248, 253, 132, 65, 51, 139, 205, 205,
       190, 64, 172, 12, 219, 2, 140, 159, 41, 64, 234, 155, 238, 194,
       66, 179, 49, 224, 181, 48, 138, 67, 20, 27, 165, 162, 187, 223,
       111, 254, 46, 148, 223, 246, 213, 74, 220, 231, 121, 239, 183,
       229, 110, 242, 191, 207, 233, 143, 38, 255, 242, 239, 250, 136,
       63, 156, 120, 125 ]
keypoints: !!opencv-matrix
   rows: 32
   cols: 2
   dt: d
   data: [ 272., 35., 32., 96., 360., 150., 120., 174., 119., 187., 219.,
       206., 127., 223., 31., 235., 353., 236., 354., 255., 64., 262.,
       160., 267., 42., 3.8400001525878906e+01, 2.3520001220703125e+02,
       3.9600002288818359e+01, 2.3880000305175781e+02,
       3.9600002288818359e+01, 3.7200000762939453e+01,
       6.7200004577636719e+01, 2.2080000305175781e+02,
       9.3600006103515625e+01, 1.2000000762939453e+02, 174.,
       1.2720000457763672e+02, 1.8720001220703125e+02,
       3.5280001831054688e+02, 2.3640000915527344e+02,
       1.2480000305175781e+02, 2.4120001220703125e+02,
       2.1480000305175781e+02, 2.4600001525878906e+02,
       2.2320001220703125e+02, 9.6480003356933594e+01,
       1.0944000244140625e+02, 2.3904000854492188e+02,
       1.2528000640869141e+02, 2.4048001098632812e+02,
       2.2118402099609375e+02, 8.9856010437011719e+01,
       1.0886401367187500e+02, 2.4019201660156250e+02,
       1.2441601562500000e+02, 2.4019201660156250e+02,
       2.1427201843261719e+02, 2.4537602233886719e+02,
       1.2441601562500000e+02, 1.8662402343750000e+02,
       2.2146052551269531e+02, 8.9579544067382812e+01,
       1.2242537689208984e+02, 1.8513105773925781e+02 ]
