%YAML:1.0
---
descriptors: !!opencv-matrix
   rows: 122
   cols: 32
   dt: u
   data: [ 112, 208, 123, 111, 112, 204, 121, 60, 53, 13, 102, 32, 55,
       23, 8, 80, 118, 158, 111, 72, 74, 154, 97, 61, 245, 173, 48, 64,
       98, 130, 38, 107, 162, 96, 50, 221, 77, 215, 176, 104, 94, 134,
       113, 19, 72, 220, 63, 141, 248, 57, 147, 99, 228, 183, 18, 222,
       23, 30, 11, 43, 85, 45, 127, 134, 35, 183, 227, 1, 246, 31, 172,
       127, 90, 233, 95, 255, 153, 108, 222, 164, 63, 15, 146, 61, 247,
       248, 181, 199, 44, 14, 191, 228, 205, 204, 155, 245, 109, 49, 185,
       103, 224, 110, 115, 17, 105, 236, 127, 12, 223, 119, 75, 58, 148,
       220, 93, 58, 153, 178, 249, 8, 199, 253, 33, 52, 194, 227, 70,
       115, 120, 177, 56, 232, 27, 253, 82, 217, 163, 77, 172, 9, 31,
       223, 98, 144, 164, 155, 221, 80, 30, 11, 186, 145, 251, 221, 0,
       127, 242, 2, 175, 91, 45, 55, 240, 69, 224, 62, 111, 19, 105, 234,
       126, 228, 27, 43, 215, 188, 54, 78, 20, 62, 213, 144, 165, 200,
       102, 221, 37, 132, 238, 246, 202, 229, 221, 80, 119, 68, 99, 94,
       115, 48, 105, 136, 119, 108, 95, 19, 141, 247, 54, 149, 84, 106,
       225, 181, 49, 76, 119, 233, 96, 6, 107, 179, 107, 49, 169, 127,
       127, 101, 116, 14, 109, 54, 124, 232, 126, 100, 179, 5, 145, 49,
       6, 44, 86, 12, 233, 184, 97, 12, 230, 187, 48, 128, 64, 176, 66,
       249, 63, 55, 97, 65, 246, 123, 238, 217, 65, 236, 127, 239, 73,
       12, 159, 172, 62, 140, 151, 255, 157, 178, 109, 158, 118, 77, 161,
       229, 239, 255, 222, 213, 69, 48, 243, 69, 100, 46, 233, 16, 107,
       232, 123, 100, 223, 60, 213, 58, 150, 76, 118, 15, 145, 240, 241,
       64, 77, 60, 99, 128, 200, 227, 67, 241, 35, 179, 105, 193, 116,
       15, 235, 56, 78, 109, 57, 253, 157, 12, 222, 32, 158, 12, 23, 111,
       151, 176, 237, 212, 110, 29, 169, 228, 76, 143, 211, 241, 49, 141,
       155, 156, 148, 167, 71, 111, 84, 130, 234, 18, 115, 227, 32, 96,
       89, 238, 34, 168, 121, 187, 19, 143, 233, 166, 151, 0, 184, 104,
       240, 168, 174, 98, 232, 65, 253, 95, 202, 72, 67, 252, 181, 13,
       131, 141, 87, 156, 153, 172, 199, 127, 140, 118, 236, 144, 95, 89,
       133, 117, 199, 175, 94, 214, 31, 221, 206, 190, 252, 146, 110,
       244, 191, 202, 222, 102, 121, 234, 183, 224, 127, 239, 63, 207,
       231, 219, 174, 255, 190, 239, 239, 136, 60, 255, 57, 221, 11, 159,
       59, 219, 176, 247, 59, 247, 30, 77, 94, 231, 188, 247, 162, 228,
       247, 59, 159, 156, 147, 152, 33, 255, 238, 95, 190, 194, 158, 142,
       173, 249, 188, 82, 114, 66, 65, 95, 118, 240, 101, 76, 183, 125,
       10, 7, 175, 84, 124, 128, 206, 98, 237, 163, 49, 202, 50, 220, 0,
       151, 107, 183, 110, 87, 26, 149, 57, 170, 91, 193, 146, 237, 30,
       21, 249, 51, 108, 255, 40, 64, 251, 155, 131, 131, 82, 11, 26,
       247, 243, 197, 26, 111, 81, 2, 165, 203, 252, 44, 230, 116, 185,
       58, 95, 158, 179, 175, 174, 185, 75, 123, 203, 159, 151, 214, 253,
       56, 56, 197, 201, 170, 250, 255, 213, 151, 130, 245, 202, 2, 191,
       94, 123, 226, 116, 255, 219, 112, 29, 238, 116, 254, 27, 29, 183,
       37, 222, 185, 151, 111, 173, 182, 116, 158, 114, 217, 161, 160,
       127, 191, 94, 245, 239, 116, 254, 252, 106, 61, 31, 218, 169, 94,
       188, 189, 30, 223, 223, 59, 135, 81, 253, 103, 166, 71, 186, 227,
       210, 249, 104, 190, 78, 245, 3, 83, 104, 165, 248, 108, 188, 201,
       85, 191, 66, 189, 172, 40, 182, 241, 74, 48, 153, 26, 69, 0, 90,
       106, 235, 31, 235, 213, 53, 63, 80, 200, 198, 107, 42, 182, 184,
       240, 253, 249, 144, 207, 159, 63, 188, 57, 142, 157, 106, 136,
       137, 27, 151, 17, 18, 110, 194, 147, 203, 215, 25, 255, 211, 76,
       159, 139, 207, 88, 6, 190, 45, 148, 184, 96, 172, 218, 130, 231,
       236, 202, 55, 207, 230, 97, 251, 199, 229, 71, 134, 233, 146, 114,
       202, 139, 30, 53, 57, 87, 121, 113, 19, 76, 61, 221, 67, 88, 105,
       104, 185, 76, 158, 212, 57, 180, 156, 184, 92, 110, 201, 35, 240,
       157, 177, 216, 1, 58, 90, 47, 90, 53, 40, 62, 111, 103, 100, 170,
       111, 48, 113, 130, 127, 196, 251, 13, 145, 57, 10, 164, 87, 14,
       232, 244, 117, 44, 71, 251, 112, 0, 103, 235, 82, 168, 7, 137,
       170, 191, 114, 128, 187, 232, 30, 149, 86, 131, 253, 239, 122, 64,
       255, 127, 51, 199, 6, 218, 174, 253, 205, 175, 255, 201, 148, 34,
       37, 203, 133, 90, 151, 63, 164, 46, 236, 151, 116, 27, 115, 116,
       215, 33, 145, 207, 111, 78, 110, 143, 233, 244, 197, 98, 132, 170,
       118, 0, 204, 240, 161, 169, 241, 221, 47, 94, 5, 198, 199, 245,
       244, 74, 215, 2, 113, 241, 53, 101, 120, 244, 56, 234, 233, 167,
       60, 47, 113, 171, 230, 0, 57, 50, 240, 104, 198, 120, 115, 94, 43,
       217, 146, 196, 171, 200, 180, 169, 190, 222, 71, 178, 166, 113,
       253, 67, 199, 71, 186, 249, 179, 81, 15, 187, 86, 55, 15, 95, 39,
       141, 252, 219, 213, 119, 151, 207, 95, 83, 248, 27, 40, 124, 62,
       173, 221, 91, 146, 23, 183, 234, 122, 241, 47, 31, 212, 127, 209,
       92, 216, 222, 70, 218, 175, 190, 238, 128, 191, 229, 191, 215, 83,
       183, 108, 239, 62, 67, 231, 247, 179, 199, 242, 223, 139, 229,
       124, 50, 223, 194, 149, 54, 181, 91, 63, 63, 67, 228, 213, 22,
       106, 112, 81, 192, 251, 70, 75, 201, 52, 244, 252, 236, 150, 254,
       153, 179, 24, 142, 59, 252, 133, 78, 239, 175, 250, 148, 218, 203,
       106, 156, 195, 208, 188, 231, 185, 70, 86, 179, 44, 174, 166, 213,
       102, 255, 167, 195, 116, 95, 166, 227, 50, 99, 222, 139, 55, 36,
       173, 223, 46, 181, 48, 250, 221, 253, 218, 219, 31, 121, 125, 29,
       158, 223, 126, 160, 221, 27, 147, 21, 146, 58, 122, 215, 223, 221,
       155, 127, 210, 78, 207, 242, 72, 123, 91, 229, 34, 142, 59, 50,
       168, 232, 118, 236, 159, 23, 129, 112, 6, 125, 221, 72, 193, 152,
       160, 76, 228, 249, 35, 128, 40, 177, 7, 121, 46, 176, 112, 219,
       253, 221, 152, 248, 143, 125, 180, 63, 204, 220, 222, 164, 223,
       27, 223, 81, 151, 102, 122, 245, 15, 89, 143, 255, 214, 14, 223,
       247, 90, 27, 59, 188, 35, 212, 185, 118, 172, 204, 86, 231, 189,
       158, 163, 64, 166, 55, 191, 197, 197, 137, 50, 236, 211, 97, 58,
       131, 14, 4, 45, 123, 91, 93, 118, 245, 39, 210, 127, 182, 253,
       198, 246, 130, 255, 47, 183, 231, 110, 247, 191, 237, 237, 185,
       53, 238, 243, 251, 222, 144, 39, 252, 117, 125, 135, 123, 156,
       153, 236, 21, 188, 220, 222, 250, 16, 103, 156, 202, 243, 43, 239,
       73, 54, 214, 199, 86, 234, 240, 174, 24, 255, 175, 152, 248, 41,
       221, 0, 136, 90, 219, 228, 168, 232, 71, 236, 17, 106, 210, 181,
       130, 116, 74, 107, 171, 74, 157, 18, 60, 199, 97, 4, 0, 154, 72,
       148, 136, 241, 136, 166, 88, 178, 158, 93, 199, 186, 72, 159, 142,
       81, 19, 236, 222, 39, 76, 217, 57, 179, 131, 102, 246, 26, 223, 5,
       22, 155, 171, 20, 45, 61, 198, 54, 106, 224, 129, 174, 115, 202,
       200, 23, 247, 149, 187, 67, 76, 223, 142, 91, 216, 151, 243, 46,
       70, 109, 178, 30, 70, 173, 253, 183, 255, 28, 212, 128, 14, 91,
       153, 204, 169, 237, 199, 236, 19, 234, 82, 181, 130, 97, 202, 107,
       42, 74, 156, 50, 28, 198, 115, 156, 128, 158, 104, 156, 88, 233,
       136, 48, 142, 74, 253, 52, 162, 99, 103, 84, 139, 250, 242, 51,
       177, 160, 96, 91, 174, 6, 8, 56, 187, 65, 31, 232, 166, 178, 192,
       52, 200, 240, 169, 1, 159, 83, 173, 246, 138, 191, 119, 124, 73,
       122, 230, 189, 103, 160, 64, 118, 43, 6, 140, 211, 152, 37, 255,
       172, 188, 34, 192, 28, 130, 161, 217, 17, 156, 25, 233, 18, 231,
       51, 23, 54, 3, 74, 82, 181, 19, 32, 224, 119, 59, 24, 152, 59,
       156, 17, 63, 233, 167, 58, 64, 184, 2, 33, 59, 11, 159, 122, 235,
       178, 151, 59, 247, 31, 77, 94, 167, 189, 255, 178, 228, 246, 59,
       151, 92, 151, 152, 37, 255, 238, 93, 174, 192, 22, 142, 173, 249,
       159, 127, 118, 239, 250, 151, 191, 240, 189, 206, 255, 231, 205,
       239, 163, 84, 126, 253, 255, 238, 225, 211, 175, 238, 246, 255,
