%YAML:1.0
---
descriptors: !!opencv-matrix
   rows: 236
   cols: 32
   dt: u
   data: [ 56, 157, 119, 237, 151, 199, 231, 247, 84, 6, 250, 67, 115,
       61, 33, 64, 122, 242, 23, 104, 248, 185, 49, 191, 249, 239, 38,
       64, 119, 250, 244, 107, 62, 135, 98, 142, 242, 115, 158, 233, 21,
       5, 253, 227, 73, 238, 190, 212, 126, 217, 135, 227, 188, 147, 12,
       222, 178, 102, 171, 199, 247, 231, 172, 197, 127, 106, 210, 78,
       101, 30, 70, 112, 105, 202, 253, 72, 106, 217, 149, 180, 156, 236,
       230, 110, 205, 182, 232, 170, 55, 253, 1, 155, 107, 191, 90, 181,
       74, 139, 58, 10, 253, 221, 242, 231, 239, 77, 125, 9, 44, 236, 62,
       144, 232, 43, 199, 21, 150, 43, 34, 245, 127, 125, 2, 203, 211,
       14, 255, 207, 164, 106, 250, 91, 228, 233, 231, 216, 94, 31, 116,
       50, 210, 209, 237, 76, 89, 88, 6, 90, 34, 36, 42, 51, 79, 158, 55,
       111, 209, 217, 244, 163, 45, 117, 81, 79, 85, 31, 199, 248, 83,
       232, 109, 76, 82, 81, 157, 180, 88, 200, 18, 110, 201, 178, 249,
       186, 39, 60, 5, 44, 91, 187, 82, 180, 33, 137, 9, 186, 93, 197,
       203, 79, 134, 1, 200, 2, 176, 193, 120, 96, 216, 170, 19, 153, 26,
       43, 82, 183, 249, 156, 154, 105, 16, 10, 112, 170, 8, 180, 185,
       248, 219, 229, 57, 207, 142, 63, 40, 57, 28, 247, 104, 88, 183,
       27, 175, 16, 18, 26, 18, 81, 223, 135, 55, 111, 144, 64, 133, 163,
       83, 93, 123, 254, 18, 198, 175, 117, 172, 192, 91, 198, 125, 254,
       181, 97, 118, 245, 23, 239, 197, 153, 52, 236, 241, 40, 174, 128,
       45, 242, 33, 121, 139, 201, 96, 153, 70, 157, 236, 183, 207, 81,
       94, 87, 169, 136, 182, 197, 110, 138, 23, 141, 215, 152, 70, 213,
       38, 120, 154, 196, 63, 156, 249, 140, 44, 112, 185, 96, 109, 109,
       80, 152, 75, 186, 164, 24, 155, 25, 65, 26, 137, 196, 68, 26, 8,
       102, 216, 128, 203, 217, 85, 60, 194, 249, 70, 131, 204, 184, 158,
       242, 224, 224, 113, 134, 62, 27, 102, 48, 158, 147, 64, 89, 163,
       155, 238, 144, 50, 92, 139, 114, 205, 211, 118, 109, 128, 65, 173,
       35, 213, 23, 71, 188, 186, 35, 79, 123, 180, 202, 219, 247, 117,
       226, 185, 67, 118, 230, 127, 175, 249, 195, 15, 30, 240, 42, 239,
       144, 60, 243, 176, 81, 219, 5, 99, 228, 66, 70, 191, 113, 160,
       194, 210, 195, 125, 159, 49, 98, 118, 245, 31, 239, 225, 149, 180,
       206, 241, 236, 170, 128, 37, 160, 37, 249, 198, 147, 188, 55, 168,
       44, 180, 143, 174, 191, 131, 53, 212, 254, 78, 75, 135, 87, 235,
       17, 178, 77, 219, 97, 205, 51, 95, 86, 136, 96, 133, 19, 252, 237,
       252, 98, 137, 85, 87, 236, 211, 182, 172, 8, 83, 243, 75, 59, 25,
       208, 108, 122, 110, 99, 187, 51, 251, 203, 69, 61, 243, 243, 206,
       98, 253, 101, 252, 106, 142, 83, 87, 216, 83, 182, 165, 10, 83,
       105, 91, 59, 89, 212, 108, 122, 236, 99, 255, 56, 251, 203, 69,
       61, 243, 251, 126, 4, 42, 240, 152, 224, 123, 193, 57, 87, 142,
       45, 188, 171, 188, 151, 96, 144, 207, 27, 135, 144, 2, 26, 66,
       211, 207, 213, 188, 255, 146, 8, 7, 235, 71, 50, 149, 163, 168,
       46, 13, 152, 170, 250, 139, 76, 214, 114, 73, 58, 133, 87, 124,
       51, 137, 65, 251, 64, 141, 150, 95, 54, 136, 115, 3, 33, 12, 182,
       152, 249, 243, 249, 57, 159, 47, 29, 60, 32, 140, 247, 234, 92,
       183, 27, 239, 144, 18, 136, 10, 213, 206, 215, 55, 239, 178, 194,
       175, 131, 129, 203, 62, 250, 60, 132, 185, 246, 236, 29, 84, 84,
       188, 219, 162, 97, 167, 35, 63, 77, 226, 9, 34, 245, 227, 123, 58,
       202, 16, 128, 161, 137, 53, 56, 157, 240, 61, 173, 80, 208, 235,
       185, 176, 76, 158, 153, 69, 27, 141, 193, 108, 92, 155, 99, 218,
       128, 155, 217, 81, 126, 202, 75, 66, 35, 253, 217, 119, 238, 44,
       14, 94, 188, 161, 88, 242, 110, 127, 127, 152, 115, 118, 229, 125,
       238, 233, 171, 217, 173, 242, 249, 231, 144, 45, 178, 226, 49, 62,
       61, 232, 227, 247, 127, 250, 216, 31, 237, 61, 155, 75, 125, 215,
       188, 191, 157, 151, 190, 156, 50, 125, 242, 95, 223, 161, 231,
       247, 239, 94, 243, 137, 188, 253, 119, 180, 207, 103, 183, 114,
       243, 102, 20, 243, 113, 146, 41, 17, 110, 48, 28, 243, 252, 127,
       63, 77, 175, 117, 64, 104, 232, 209, 120, 45, 48, 145, 79, 109,
       79, 97, 184, 113, 234, 100, 8, 210, 113, 13, 180, 152, 28, 114,
       40, 97, 242, 249, 8, 7, 190, 69, 54, 74, 58, 82, 160, 214, 222,
       191, 177, 170, 98, 61, 151, 186, 223, 18, 245, 220, 55, 193, 75,
       167, 87, 253, 145, 176, 205, 171, 96, 200, 179, 127, 135, 132,
       112, 165, 115, 162, 253, 174, 152, 205, 149, 188, 199, 203, 85,
       148, 159, 40, 168, 118, 143, 201, 35, 243, 149, 246, 107, 246,
       241, 63, 89, 222, 123, 215, 76, 255, 206, 34, 251, 105, 66, 207,
       213, 182, 239, 11, 253, 120, 171, 40, 252, 118, 32, 157, 251, 147,
       193, 214, 122, 250, 245, 63, 28, 149, 239, 85, 30, 246, 223, 219,
       24, 119, 244, 39, 86, 120, 48, 173, 78, 214, 179, 255, 31, 182,
       111, 230, 181, 253, 238, 237, 197, 53, 204, 211, 251, 234, 130,
       38, 164, 37, 127, 47, 235, 104, 11, 252, 157, 206, 236, 75, 124,
       252, 205, 194, 104, 222, 180, 93, 202, 198, 111, 206, 50, 206,
       181, 62, 93, 165, 189, 95, 158, 218, 133, 189, 78, 237, 117, 36,
       58, 79, 186, 81, 238, 118, 222, 115, 109, 147, 47, 27, 228, 52,
       46, 169, 244, 109, 170, 102, 239, 229, 132, 239, 253, 82, 248,
       195, 31, 31, 158, 105, 132, 57, 114, 189, 90, 212, 103, 60, 223,
       163, 75, 166, 115, 63, 71, 226, 79, 42, 253, 209, 59, 122, 138,
       24, 5, 33, 91, 37, 162, 173, 251, 108, 169, 193, 152, 78, 121,
       117, 252, 147, 201, 216, 41, 201, 8, 118, 30, 155, 118, 111, 145,
       204, 217, 225, 252, 220, 139, 80, 176, 9, 12, 99, 75, 116, 191,
       234, 114, 77, 72, 122, 198, 249, 24, 180, 164, 127, 40, 22, 175,
       199, 184, 117, 255, 38, 95, 162, 128, 127, 207, 89, 157, 57, 92,
       119, 126, 75, 231, 183, 240, 212, 66, 113, 11, 120, 95, 37, 49,
       238, 249, 2, 194, 160, 167, 58, 125, 81, 138, 98, 10, 113, 123,
       99, 235, 107, 217, 108, 188, 124, 7, 238, 253, 218, 226, 148, 207,
       253, 104, 54, 0, 254, 99, 95, 237, 229, 111, 20, 255, 126, 95,
       223, 184, 31, 188, 217, 152, 2, 147, 19, 153, 213, 229, 164, 71,
       31, 13, 91, 87, 164, 138, 36, 204, 249, 43, 131, 145, 23, 184, 81,
       213, 45, 84, 154, 67, 153, 8, 181, 158, 105, 181, 57, 104, 253,
       127, 223, 191, 87, 233, 188, 8, 83, 61, 80, 48, 153, 158, 87, 57,
       219, 42, 249, 159, 127, 221, 5, 124, 251, 234, 210, 122, 61, 59,
       98, 106, 181, 159, 83, 120, 101, 204, 127, 108, 122, 217, 187,
       180, 184, 110, 196, 123, 221, 163, 56, 172, 250, 253, 5, 90, 106,
       175, 122, 71, 89, 111, 194, 111, 147, 22, 78, 181, 112, 128, 238,
       128, 107, 99, 129, 244, 112, 238, 200, 238, 120, 155, 181, 46,
       242, 239, 135, 0, 34, 246, 234, 44, 58, 169, 232, 8, 223, 217,
       211, 207, 67, 229, 188, 143, 2, 172, 86, 20, 88, 138, 195, 213,
       30, 43, 244, 156, 123, 69, 133, 127, 247, 142, 222, 222, 10, 190,
       177, 216, 251, 253, 49, 215, 63, 109, 124, 125, 12, 151, 230, 220,
       183, 187, 135, 144, 147, 26, 162, 247, 95, 84, 16, 239, 154, 196,
       143, 247, 103, 197, 229, 14, 205, 53, 206, 140, 83, 243, 143, 143,
       64, 108, 223, 166, 93, 198, 179, 255, 159, 98, 127, 226, 63, 62,
       205, 124, 223, 255, 248, 116, 165, 107, 73, 225, 236, 41, 203,
       216, 199, 248, 189, 238, 147, 137, 209, 42, 72, 200, 78, 127, 139,
       39, 238, 176, 212, 217, 161, 188, 125, 251, 82, 161, 9, 184, 189,
       119, 53, 221, 99, 182, 118, 127, 102, 4, 243, 117, 210, 41, 1,
       106, 48, 28, 147, 248, 255, 61, 79, 79, 117, 64, 206, 136, 80,
       121, 252, 253, 189, 102, 152, 111, 87, 190, 82, 246, 172, 9, 83,
       245, 65, 51, 153, 214, 108, 114, 122, 99, 251, 58, 251, 207, 101,
       61, 224, 243, 198, 122, 43, 159, 98, 27, 213, 219, 246, 255, 87,
       77, 124, 151, 42, 232, 190, 228, 121, 170, 150, 157, 255, 186,
       124, 255, 62, 93, 148, 227, 127, 140, 248, 220, 35, 191, 99, 74,
