%YAML:1.0
---
descriptors: !!opencv-matrix
   rows: 128
   cols: 32
   dt: u
   data: [ 253, 5, 235, 229, 244, 106, 111, 152, 112, 230, 254, 194, 211,
       101, 153, 120, 90, 196, 28, 110, 169, 176, 245, 10, 229, 175, 161,
       148, 165, 249, 84, 112, 1, 29, 63, 245, 34, 166, 189, 55, 252,
       235, 94, 114, 188, 63, 164, 97, 198, 55, 63, 136, 225, 152, 96,
       207, 103, 255, 250, 130, 12, 192, 129, 185, 47, 255, 106, 64, 241,
       157, 94, 182, 233, 200, 188, 236, 43, 216, 215, 180, 158, 251,
       213, 126, 207, 106, 252, 236, 58, 93, 37, 250, 79, 183, 74, 93,
       67, 174, 145, 154, 249, 253, 32, 235, 187, 117, 105, 93, 140, 230,
       70, 156, 133, 43, 226, 21, 23, 74, 202, 247, 156, 22, 27, 111,
       154, 4, 139, 212, 82, 113, 50, 168, 15, 255, 88, 77, 175, 228,
       130, 171, 142, 222, 74, 222, 246, 149, 253, 97, 12, 1, 211, 208,
       145, 240, 138, 63, 38, 13, 13, 87, 8, 133, 152, 255, 177, 205,
       237, 39, 30, 5, 111, 16, 175, 163, 40, 196, 201, 59, 138, 8, 82,
       184, 82, 191, 237, 247, 22, 17, 82, 218, 141, 168, 33, 79, 127,
       69, 116, 142, 109, 55, 125, 200, 118, 108, 179, 3, 145, 49, 6, 44,
       86, 12, 225, 184, 97, 14, 103, 191, 48, 128, 72, 144, 66, 185,
       168, 237, 122, 106, 116, 221, 67, 244, 116, 0, 108, 8, 51, 19, 16,
       48, 26, 232, 6, 106, 74, 186, 40, 63, 119, 205, 32, 33, 115, 155,
       78, 168, 38, 189, 18, 154, 253, 197, 187, 225, 142, 13, 249, 3,
       172, 220, 42, 4, 222, 59, 147, 83, 82, 171, 26, 255, 173, 20, 143,
       235, 85, 14, 181, 243, 19, 159, 102, 149, 247, 150, 252, 119, 189,
       77, 94, 135, 44, 142, 54, 100, 238, 187, 151, 149, 223, 184, 54,
       239, 187, 124, 158, 195, 47, 132, 189, 255, 46, 177, 50, 136, 223,
       215, 178, 107, 138, 237, 249, 43, 8, 220, 102, 176, 252, 187, 147,
       241, 150, 43, 24, 212, 61, 21, 143, 111, 209, 14, 255, 215, 11,
       159, 115, 161, 242, 246, 57, 119, 61, 109, 90, 247, 188, 62, 162,
       240, 230, 63, 150, 133, 213, 152, 53, 223, 174, 127, 186, 194, 14,
       132, 165, 221, 93, 4, 237, 117, 180, 110, 109, 150, 113, 251, 118,
       80, 83, 39, 153, 123, 115, 196, 60, 172, 185, 244, 113, 8, 203,
       239, 245, 132, 163, 240, 84, 112, 8, 13, 127, 255, 228, 78, 101,
       51, 116, 222, 126, 66, 243, 53, 177, 73, 72, 102, 54, 170, 97,
       248, 113, 44, 69, 235, 246, 128, 103, 248, 116, 249, 61, 69, 213,
       111, 218, 75, 103, 252, 39, 224, 251, 131, 83, 103, 41, 80, 122,
       228, 106, 238, 65, 177, 89, 120, 119, 174, 37, 20, 243, 251, 64,
       176, 228, 117, 27, 242, 205, 237, 215, 236, 222, 162, 185, 26,
       254, 251, 105, 33, 251, 251, 95, 123, 113, 103, 154, 250, 249,
       152, 15, 62, 217, 123, 227, 162, 184, 95, 59, 125, 48, 143, 71,
       119, 116, 174, 246, 44, 183, 21, 161, 17, 28, 186, 5, 104, 232,
       190, 97, 63, 225, 225, 32, 176, 112, 152, 6, 121, 144, 156, 26,
       186, 82, 245, 182, 227, 60, 13, 125, 19, 127, 255, 46, 64, 249,
       187, 135, 194, 114, 186, 24, 127, 243, 197, 42, 75, 25, 66, 175,
       147, 34, 141, 80, 154, 253, 229, 180, 239, 31, 21, 248, 11, 36,
       255, 108, 80, 219, 155, 19, 17, 22, 58, 90, 245, 61, 20, 156, 123,
       213, 72, 228, 138, 34, 157, 115, 218, 221, 245, 180, 231, 207, 9,
       120, 19, 40, 252, 52, 228, 201, 59, 147, 129, 150, 58, 82, 247,
       55, 124, 146, 107, 87, 76, 245, 142, 183, 22, 96, 129, 118, 59,
       234, 88, 27, 109, 217, 255, 73, 44, 158, 132, 126, 141, 151, 167,
       188, 50, 77, 214, 30, 12, 171, 244, 189, 239, 218, 213, 27, 223,
       98, 156, 51, 213, 190, 247, 149, 76, 92, 167, 40, 142, 182, 228,
       238, 187, 151, 197, 207, 154, 54, 255, 50, 124, 154, 139, 63, 148,
       173, 221, 124, 183, 216, 38, 184, 46, 95, 189, 50, 174, 174, 141,
       87, 231, 75, 18, 55, 214, 109, 98, 120, 67, 219, 43, 251, 231,
       101, 189, 160, 243, 142, 115, 218, 218, 22, 253, 107, 196, 61,
       117, 189, 90, 118, 119, 60, 159, 38, 115, 230, 53, 191, 194, 96,
       221, 34, 245, 215, 227, 122, 195, 50, 0, 165, 219, 94, 183, 178,
       162, 243, 165, 26, 223, 47, 93, 27, 247, 79, 239, 106, 208, 247,
       91, 167, 53, 150, 27, 24, 130, 186, 213, 15, 239, 174, 70, 173,
       211, 23, 181, 83, 160, 178, 231, 26, 248, 23, 253, 153, 231, 79,
       255, 106, 80, 247, 155, 21, 245, 191, 27, 25, 151, 186, 213, 47,
       230, 188, 134, 37, 211, 220, 56, 187, 53, 43, 109, 51, 24, 182,
       222, 71, 36, 223, 215, 99, 106, 55, 121, 253, 18, 1, 197, 186, 2,
       193, 193, 107, 138, 2, 99, 5, 115, 9, 141, 123, 141, 178, 150,
       239, 247, 60, 69, 94, 130, 189, 230, 178, 96, 126, 59, 23, 140,
       211, 184, 52, 255, 228, 173, 170, 192, 53, 138, 161, 249, 120,
       181, 56, 104, 49, 205, 82, 92, 35, 13, 188, 9, 63, 159, 66, 16,
       156, 153, 197, 120, 30, 43, 144, 23, 251, 221, 32, 121, 242, 130,
       78, 91, 11, 141, 115, 235, 245, 145, 190, 247, 31, 73, 92, 163,
       189, 223, 180, 100, 222, 59, 151, 77, 214, 152, 36, 255, 239, 221,
       174, 203, 22, 142, 161, 255, 43, 55, 243, 69, 228, 62, 236, 51,
       121, 203, 126, 228, 27, 58, 215, 190, 182, 207, 22, 172, 149, 248,
       245, 200, 6, 222, 118, 130, 239, 244, 234, 157, 137, 92, 63, 119,
       113, 204, 113, 54, 188, 75, 102, 4, 190, 151, 33, 113, 164, 59,
       151, 0, 225, 188, 48, 111, 231, 251, 114, 3, 74, 16, 35, 187, 63,
       55, 224, 97, 246, 63, 236, 83, 125, 234, 122, 239, 75, 40, 215,
       168, 127, 206, 23, 189, 157, 240, 101, 200, 54, 92, 229, 128, 239,
       253, 218, 213, 62, 7, 98, 161, 246, 51, 250, 216, 23, 174, 249,
       239, 73, 44, 183, 141, 127, 207, 151, 247, 188, 178, 77, 220, 54,
       79, 171, 229, 247, 255, 252, 213, 59, 121, 41, 68, 93, 93, 215,
       124, 67, 232, 188, 12, 50, 156, 215, 36, 156, 252, 213, 111, 205,
       107, 240, 172, 123, 221, 133, 59, 99, 62, 94, 255, 45, 124, 225,
       69, 116, 126, 235, 90, 97, 232, 126, 108, 147, 29, 213, 166, 126,
       236, 86, 254, 129, 178, 245, 202, 6, 124, 33, 160, 239, 251, 82,
       181, 154, 151, 91, 174, 50, 211, 54, 105, 60, 78, 211, 179, 111,
       222, 170, 65, 246, 187, 143, 162, 124, 133, 44, 223, 178, 231, 42,
       131, 53, 102, 45, 87, 178, 157, 18, 186, 181, 197, 86, 227, 29, 1,
       250, 3, 175, 122, 38, 69, 234, 171, 134, 195, 126, 170, 82, 255,
       185, 240, 138, 75, 17, 14, 164, 14, 38, 189, 18, 152, 253, 237,
       186, 227, 142, 5, 120, 3, 172, 222, 99, 4, 207, 59, 147, 81, 22,
       43, 26, 255, 109, 20, 15, 251, 212, 13, 15, 219, 57, 73, 107, 238,
       60, 131, 199, 244, 196, 192, 222, 226, 115, 205, 177, 96, 88, 232,
       22, 110, 233, 179, 108, 191, 242, 237, 165, 144, 125, 187, 112,
       248, 10, 235, 161, 139, 93, 196, 235, 252, 7, 29, 208, 66, 232,
       195, 112, 196, 121, 204, 179, 217, 74, 26, 235, 241, 29, 116, 143,
       204, 183, 134, 53, 232, 41, 181, 180, 97, 153, 63, 80, 63, 119,
       59, 173, 24, 202, 51, 74, 180, 149, 158, 250, 24, 190, 122, 123,
       151, 207, 223, 21, 119, 210, 68, 202, 34, 26, 93, 218, 252, 131,
       212, 180, 103, 189, 67, 94, 163, 44, 191, 37, 192, 166, 51, 191,
       0, 96, 137, 18, 239, 179, 247, 30, 131, 39, 84, 173, 251, 52, 231,
       106, 102, 212, 3, 111, 248, 36, 164, 255, 135, 83, 99, 187, 16,
       120, 204, 23, 238, 232, 147, 109, 44, 122, 137, 165, 133, 101,
       243, 246, 192, 119, 237, 170, 14, 157, 221, 214, 232, 207, 236,
       173, 9, 98, 248, 63, 164, 152, 224, 238, 102, 78, 35, 186, 185,
       179, 220, 141, 59, 81, 127, 75, 70, 198, 178, 164, 150, 235, 164,
       185, 143, 251, 255, 129, 125, 140, 250, 78, 94, 135, 87, 125, 145,
       182, 79, 206, 194, 156, 54, 223, 255, 132, 68, 159, 87, 27, 159,
       70, 190, 54, 146, 236, 119, 213, 5, 222, 230, 41, 170, 182, 196,
       110, 170, 31, 140, 252, 155, 4, 239, 178, 237, 186, 128, 63, 140,
       248, 29, 114, 97, 34, 168, 233, 127, 92, 77, 173, 164, 137, 11,
       14, 158, 3, 221, 230, 149, 255, 225, 92, 3, 211, 220, 179, 240,
