%YAML:1.0
---
descriptors: !!opencv-matrix
   rows: 196
   cols: 32
   dt: u
   data: [ 12, 120, 120, 119, 96, 223, 127, 48, 61, 206, 127, 168, 255,
       95, 131, 176, 22, 249, 215, 74, 224, 176, 106, 110, 231, 223, 97,
       128, 98, 179, 71, 241, 126, 48, 54, 112, 109, 221, 80, 73, 235,
       116, 161, 9, 78, 220, 78, 187, 200, 177, 255, 85, 14, 103, 250,
       213, 147, 217, 65, 127, 82, 46, 78, 70, 234, 160, 128, 152, 77,
       253, 152, 74, 143, 181, 228, 27, 172, 221, 127, 159, 205, 187,
       219, 145, 6, 111, 210, 209, 159, 81, 155, 59, 210, 12, 62, 206,
       62, 49, 114, 128, 125, 255, 250, 72, 15, 165, 253, 11, 10, 156,
       102, 180, 252, 153, 151, 112, 14, 179, 48, 220, 27, 93, 129, 127,
       215, 15, 126, 198, 177, 236, 59, 250, 21, 143, 217, 230, 89, 82,
       160, 24, 190, 204, 116, 41, 137, 169, 83, 63, 107, 239, 56, 255,
       249, 218, 30, 120, 89, 24, 83, 250, 173, 78, 125, 127, 100, 43,
       111, 56, 116, 106, 119, 228, 243, 65, 145, 123, 62, 228, 118, 110,
       225, 180, 105, 63, 70, 235, 97, 128, 123, 243, 66, 177, 18, 199,
       99, 220, 28, 128, 205, 247, 196, 0, 208, 198, 57, 139, 176, 64,
       110, 170, 23, 200, 203, 11, 6, 221, 48, 168, 190, 200, 53, 152,
       240, 40, 185, 95, 126, 238, 118, 198, 95, 112, 197, 196, 255, 7,
       115, 151, 51, 113, 110, 160, 151, 234, 236, 191, 48, 47, 114, 235,
       226, 129, 119, 170, 120, 219, 122, 137, 106, 76, 207, 212, 221,
       239, 201, 68, 236, 11, 40, 237, 54, 0, 186, 234, 243, 237, 84, 43,
       182, 253, 115, 105, 69, 43, 119, 174, 254, 202, 188, 92, 104, 111,
       122, 67, 91, 248, 20, 100, 245, 175, 121, 95, 35, 17, 94, 217,
       151, 234, 236, 54, 89, 63, 115, 201, 161, 189, 127, 187, 110, 219,
       8, 181, 57, 106, 185, 245, 146, 207, 174, 29, 168, 32, 172, 214,
       44, 112, 132, 27, 204, 16, 23, 9, 58, 117, 171, 253, 30, 123, 208,
       66, 167, 63, 130, 34, 2, 137, 72, 128, 168, 71, 172, 5, 210, 151,
       141, 135, 98, 78, 108, 169, 203, 148, 2, 159, 193, 192, 148, 32,
       154, 139, 33, 132, 37, 248, 14, 191, 54, 159, 253, 211, 190, 239,
       159, 132, 222, 43, 236, 252, 118, 196, 255, 127, 251, 179, 86,
       251, 235, 255, 63, 119, 143, 75, 150, 126, 189, 223, 237, 141,
       236, 30, 233, 184, 244, 143, 251, 255, 190, 25, 106, 248, 118,
       255, 193, 231, 236, 31, 246, 109, 239, 179, 62, 127, 85, 95, 219,
       125, 200, 78, 124, 121, 50, 106, 9, 221, 82, 64, 235, 212, 173, 8,
       63, 223, 99, 182, 160, 185, 221, 90, 10, 35, 186, 185, 211, 217,
       1, 59, 98, 55, 110, 114, 137, 144, 191, 250, 59, 164, 57, 210,
       191, 91, 119, 112, 188, 223, 40, 121, 229, 19, 63, 16, 179, 205,
       51, 247, 207, 255, 58, 202, 144, 0, 165, 179, 176, 219, 126, 173,
       62, 219, 86, 53, 237, 76, 254, 39, 127, 190, 166, 80, 238, 183,
       229, 64, 221, 185, 33, 63, 226, 233, 32, 193, 125, 138, 108, 91,
       35, 134, 110, 181, 52, 186, 232, 51, 124, 91, 83, 215, 243, 40,
       150, 227, 79, 38, 127, 13, 183, 252, 69, 207, 142, 127, 250, 192,
       204, 140, 217, 221, 41, 186, 226, 88, 121, 253, 241, 87, 235, 93,
       124, 60, 42, 156, 246, 188, 201, 186, 134, 16, 151, 58, 226, 209,
       31, 93, 48, 235, 219, 140, 110, 223, 152, 220, 58, 126, 83, 221,
       115, 240, 181, 76, 116, 0, 62, 223, 35, 17, 166, 187, 151, 74,
       226, 191, 48, 127, 243, 201, 32, 9, 115, 147, 111, 251, 129, 8,
       127, 91, 36, 174, 105, 19, 124, 17, 119, 80, 191, 3, 144, 124, 82,
       42, 38, 28, 147, 188, 117, 117, 69, 186, 50, 64, 216, 137, 193,
       161, 179, 22, 74, 156, 70, 167, 233, 113, 148, 70, 215, 135, 113,
       192, 183, 65, 126, 168, 35, 175, 172, 151, 86, 158, 80, 43, 234,
       8, 61, 169, 120, 208, 8, 16, 115, 65, 112, 238, 97, 23, 108, 13,
       127, 16, 159, 17, 132, 112, 38, 62, 102, 8, 17, 184, 49, 68, 7,
       253, 50, 64, 194, 128, 199, 161, 14, 112, 186, 218, 229, 245, 185,
       202, 223, 95, 125, 23, 140, 222, 127, 41, 239, 27, 151, 17, 135,
       101, 58, 209, 71, 91, 218, 235, 151, 93, 165, 215, 179, 15, 76,
       173, 142, 3, 204, 127, 20, 234, 222, 231, 113, 40, 147, 67, 111,
       198, 63, 175, 237, 206, 69, 158, 248, 43, 255, 148, 61, 252, 248,
       89, 71, 10, 183, 253, 172, 42, 252, 18, 254, 219, 210, 116, 253,
       227, 177, 107, 199, 103, 127, 12, 161, 193, 99, 232, 132, 251,
       123, 128, 156, 249, 33, 97, 151, 80, 235, 69, 102, 86, 239, 80,
       116, 202, 87, 198, 81, 24, 191, 104, 126, 204, 22, 239, 237, 181,
       37, 74, 86, 46, 234, 132, 45, 243, 113, 245, 126, 158, 172, 183,
       175, 232, 148, 239, 219, 119, 16, 191, 239, 236, 95, 139, 141,
       103, 225, 17, 182, 127, 202, 179, 234, 115, 95, 127, 197, 124,
       223, 219, 4, 172, 191, 241, 149, 239, 48, 3, 126, 243, 15, 16,
       214, 244, 64, 106, 129, 127, 40, 16, 19, 248, 59, 38, 201, 215,
       85, 67, 128, 105, 133, 34, 122, 65, 114, 160, 77, 93, 116, 68, 45,
       36, 186, 11, 14, 30, 103, 222, 232, 149, 239, 195, 76, 55, 209,
       192, 151, 240, 202, 19, 55, 31, 124, 78, 62, 239, 166, 179, 141,
       227, 94, 236, 151, 191, 19, 155, 239, 239, 89, 139, 201, 251, 253,
       215, 58, 218, 203, 165, 233, 211, 223, 229, 166, 127, 156, 26, 62,
       112, 114, 72, 77, 118, 82, 72, 9, 140, 252, 11, 10, 157, 119, 148,
       248, 153, 215, 226, 76, 183, 208, 194, 19, 220, 128, 63, 103, 191,
       126, 198, 74, 177, 21, 106, 185, 141, 150, 237, 175, 57, 185, 96,
       156, 222, 44, 241, 134, 19, 223, 80, 19, 9, 26, 117, 41, 144, 14,
       254, 216, 2, 131, 27, 220, 120, 254, 177, 167, 110, 125, 23, 57,
       254, 54, 25, 31, 27, 83, 27, 167, 183, 125, 19, 124, 244, 161,
       192, 211, 243, 126, 131, 228, 240, 207, 67, 86, 196, 188, 191,
       173, 116, 148, 174, 206, 63, 136, 17, 207, 120, 90, 74, 129, 71,
       253, 3, 30, 101, 203, 177, 219, 247, 95, 127, 144, 117, 221, 66,
       244, 112, 255, 241, 164, 110, 81, 19, 49, 254, 182, 63, 31, 23,
       67, 27, 187, 148, 117, 56, 40, 246, 241, 192, 219, 211, 113, 247,
       166, 249, 86, 115, 39, 117, 211, 154, 246, 135, 174, 200, 95, 200,
       249, 110, 80, 248, 61, 164, 255, 249, 23, 115, 251, 179, 24, 250,
       60, 30, 143, 174, 221, 123, 241, 181, 39, 95, 18, 154, 244, 167,
       174, 221, 31, 9, 89, 102, 228, 232, 189, 196, 255, 235, 18, 247,
       183, 178, 76, 255, 52, 20, 143, 234, 157, 123, 185, 133, 180, 92,
       124, 109, 78, 71, 223, 248, 22, 100, 244, 14, 113, 95, 55, 17, 94,
       248, 19, 238, 233, 182, 121, 63, 103, 139, 161, 52, 125, 187, 70,
       250, 120, 241, 56, 234, 25, 220, 85, 255, 163, 13, 172, 8, 63,
       215, 10, 240, 192, 155, 221, 72, 74, 11, 242, 181, 243, 253, 20,
       123, 114, 18, 238, 106, 234, 160, 180, 153, 77, 149, 216, 72, 143,
       181, 225, 27, 174, 218, 108, 143, 201, 185, 251, 145, 14, 103,
       219, 209, 159, 81, 219, 127, 210, 12, 127, 134, 188, 107, 229, 99,
       40, 75, 79, 8, 18, 166, 179, 169, 67, 71, 193, 27, 90, 244, 237,
       242, 40, 86, 233, 24, 221, 194, 229, 181, 247, 251, 70, 32, 130,
       232, 131, 154, 77, 193, 176, 198, 158, 7, 64, 18, 172, 218, 97,
       200, 233, 59, 163, 145, 34, 222, 26, 243, 21, 6, 158, 107, 144,
       25, 53, 142, 87, 175, 238, 227, 242, 0, 175, 245, 42, 181, 26,
       231, 125, 46, 254, 66, 103, 223, 63, 223, 214, 217, 141, 227, 124,
       45, 175, 196, 165, 211, 161, 201, 169, 238, 127, 243, 116, 138,
       107, 180, 116, 202, 246, 116, 243, 3, 144, 113, 82, 172, 92, 110,
       233, 220, 105, 63, 230, 203, 37, 192, 44, 145, 82, 41, 92, 52,
       184, 224, 184, 237, 83, 154, 102, 189, 175, 24, 151, 247, 75, 120,
       145, 158, 124, 24, 26, 34, 249, 18, 219, 205, 49, 125, 160, 193,
       6, 99, 201, 91, 83, 166, 114, 136, 107, 116, 172, 200, 114, 236,
       252, 199, 160, 212, 38, 173, 126, 76, 193, 144, 130, 109, 116, 36,
       34, 128, 42, 178, 35, 249, 243, 91, 62, 188, 32, 222, 157, 119,
       172, 76, 254, 165, 127, 158, 167, 113, 238, 177, 255, 71, 204,
       143, 50, 205, 243, 241, 106, 147, 64, 56, 45, 127, 43, 51, 249,
