%YAML:1.0
---
descriptors: !!opencv-matrix
   rows: 29
   cols: 32
   dt: u
   data: [ 81, 65, 82, 129, 71, 15, 232, 64, 45, 32, 242, 14, 159, 26, 1,
       80, 234, 133, 78, 224, 72, 179, 81, 200, 149, 240, 138, 18, 77,
       11, 99, 130, 113, 162, 79, 249, 78, 139, 105, 91, 110, 57, 242,
       230, 145, 131, 208, 105, 110, 140, 126, 156, 131, 248, 231, 209,
       220, 169, 242, 196, 109, 136, 112, 169, 145, 22, 89, 225, 102, 9,
       233, 82, 237, 80, 242, 246, 159, 11, 176, 107, 110, 129, 94, 173,
       163, 62, 101, 192, 212, 137, 186, 160, 125, 136, 97, 185, 169,
       186, 250, 89, 101, 189, 121, 83, 255, 29, 117, 24, 170, 155, 214,
       188, 173, 186, 102, 28, 147, 252, 162, 209, 15, 223, 16, 235, 210,
       136, 78, 173, 236, 113, 122, 101, 244, 78, 119, 48, 120, 172, 118,
       8, 211, 19, 131, 48, 22, 252, 68, 106, 232, 176, 241, 12, 231,
       249, 37, 0, 96, 179, 198, 161, 129, 20, 123, 229, 116, 14, 105,
       51, 120, 140, 126, 96, 157, 55, 128, 112, 150, 28, 23, 40, 225,
       188, 49, 78, 101, 191, 38, 128, 4, 160, 101, 249, 62, 112, 48,
       202, 79, 85, 158, 200, 143, 252, 181, 43, 12, 220, 127, 143, 220,
       217, 215, 243, 198, 35, 122, 241, 51, 81, 143, 191, 87, 63, 62,
       215, 215, 22, 207, 133, 162, 34, 41, 27, 61, 251, 211, 246, 221,
       38, 255, 111, 119, 199, 127, 189, 181, 213, 165, 194, 156, 50,
       250, 196, 140, 225, 33, 117, 2, 205, 2, 159, 85, 133, 186, 230,
       30, 4, 89, 3, 172, 202, 37, 64, 216, 123, 147, 195, 98, 184, 74,
       255, 37, 54, 139, 139, 20, 27, 53, 142, 38, 105, 34, 158, 85, 135,
       178, 104, 223, 4, 81, 3, 104, 200, 55, 4, 216, 57, 147, 67, 198,
       178, 30, 255, 37, 20, 139, 43, 85, 63, 53, 134, 34, 173, 24, 157,
       220, 199, 182, 239, 30, 19, 88, 2, 228, 248, 120, 64, 217, 74, 19,
       161, 114, 58, 91, 255, 125, 6, 143, 47, 21, 104, 185, 138, 60,
       245, 120, 106, 112, 205, 83, 216, 51, 109, 125, 12, 31, 215, 75,
       48, 156, 152, 23, 120, 138, 50, 248, 31, 251, 205, 33, 236, 250,
       131, 102, 243, 94, 185, 145, 250, 171, 249, 16, 207, 171, 117,
       172, 57, 142, 151, 72, 254, 163, 83, 255, 16, 19, 75, 250, 241,
       155, 209, 30, 127, 146, 84, 175, 59, 187, 223, 106, 218, 126, 211,
       255, 247, 215, 76, 220, 162, 57, 222, 182, 100, 126, 187, 151,
       193, 239, 171, 38, 255, 114, 93, 174, 203, 55, 156, 189, 253, 34,
       104, 242, 90, 77, 221, 248, 64, 235, 85, 228, 25, 170, 216, 84,
       61, 200, 184, 242, 25, 142, 111, 242, 241, 23, 216, 16, 123, 195,
       13, 70, 142, 152, 92, 63, 254, 33, 236, 117, 119, 189, 74, 103,
       20, 62, 255, 32, 121, 164, 59, 253, 0, 33, 189, 50, 234, 211, 251,
       82, 3, 202, 80, 167, 251, 37, 119, 121, 75, 116, 207, 107, 216,
       115, 108, 125, 108, 19, 85, 221, 48, 30, 24, 22, 126, 163, 178,
       40, 126, 103, 140, 33, 228, 91, 155, 70, 241, 94, 249, 184, 250,
       187, 221, 18, 204, 171, 117, 164, 40, 174, 222, 74, 254, 163, 211,
       255, 82, 31, 75, 250, 241, 219, 209, 31, 127, 146, 23, 175, 31,
       190, 113, 115, 232, 45, 241, 82, 72, 139, 140, 189, 43, 110, 223,
       109, 180, 222, 185, 215, 226, 74, 39, 250, 253, 211, 209, 129, 63,
       115, 47, 110, 115, 192, 125, 63, 101, 160, 206, 117, 55, 104, 170,
       118, 72, 183, 23, 1, 51, 132, 52, 93, 72, 233, 252, 49, 44, 231,
       187, 116, 0, 64, 240, 71, 107, 60, 85, 106, 108, 189, 119, 95, 92,
       81, 174, 180, 11, 11, 189, 55, 153, 124, 212, 213, 98, 236, 163,
       96, 142, 243, 221, 133, 191, 247, 255, 118, 115, 34, 168, 148,
       152, 93, 199, 144, 74, 158, 177, 224, 26, 164, 216, 116, 12, 217,
       185, 99, 145, 18, 127, 90, 253, 29, 22, 155, 127, 17, 8, 117, 142,
       35, 104, 34, 90, 77, 221, 208, 66, 203, 85, 164, 9, 42, 217, 86,
       62, 200, 186, 219, 217, 142, 43, 242, 241, 23, 216, 144, 59, 83,
       28, 86, 206, 218, 28, 191, 254, 147, 240, 53, 231, 189, 71, 228,
       51, 108, 255, 36, 121, 179, 251, 185, 130, 32, 207, 50, 235, 243,
       231, 90, 11, 179, 113, 167, 123, 153, 223, 111, 254, 46, 144, 93,
       247, 213, 72, 220, 230, 57, 207, 178, 97, 110, 179, 63, 205, 233,
       143, 38, 255, 242, 235, 254, 136, 63, 156, 244, 121, 187, 223,
       110, 254, 62, 209, 223, 247, 149, 76, 220, 231, 57, 205, 182, 101,
       110, 179, 151, 205, 239, 175, 38, 255, 242, 239, 190, 137, 63,
       156, 252, 249, 34, 232, 20, 152, 77, 205, 208, 206, 143, 185, 160,
       8, 174, 216, 68, 142, 201, 187, 235, 81, 14, 107, 218, 241, 157,
       16, 153, 127, 80, 12, 82, 142, 104, 177, 48, 106, 109, 221, 80,
       220, 203, 57, 165, 9, 170, 217, 92, 180, 200, 146, 223, 72, 206,
       43, 250, 181, 147, 217, 16, 123, 82, 14, 94, 206, 187, 223, 111,
       254, 126, 144, 223, 244, 149, 78, 220, 231, 121, 239, 182, 97,
       110, 251, 191, 207, 233, 143, 38, 255, 242, 235, 250, 136, 63,
       158, 120, 121 ]
keypoints: !!opencv-matrix
   rows: 29
   cols: 2
   dt: d
   data: [ 213., 39., 85., 206., 188., 208., 307., 233., 308., 252.,
       308., 256., 36., 263., 130., 265., 1.9680000305175781e+02,
       3.9600002288818359e+01, 2.0040000915527344e+02,
       3.9600002288818359e+01, 3.1560000610351562e+02,
       2.3040000915527344e+02, 9.4800003051757812e+01,
       2.4000001525878906e+02, 1.8360000610351562e+02,
       2.4240000915527344e+02, 9.7920005798339844e+01,
       1.8432000732421875e+02, 3.0816000366210938e+02,
       2.3328001403808594e+02, 7.9200004577636719e+01,
       2.3760000610351562e+02, 9.5040000915527344e+01,
       2.3904000854492188e+02, 1.8288000488281250e+02,
       2.4192001342773438e+02, 1.8288000488281250e+02,
       2.4768000793457031e+02, 3.0816000366210938e+02,
       2.5056001281738281e+02, 1.8576000976562500e+02,
       2.5200001525878906e+02, 3.1449603271484375e+02,
       2.2982402038574219e+02, 3.0758401489257812e+02,
       2.3328002929687500e+02, 7.9488006591796875e+01,
       2.3846401977539062e+02, 9.1238410949707031e+01,
       1.8455043029785156e+02, 9.5385612487792969e+01,
       1.8662402343750000e+02, 3.1518725585937500e+02,
       2.3016963195800781e+02, 3.0896643066406250e+02,
       2.3431683349609375e+02, 9.2565528869628906e+01,
       1.8513105773925781e+02 ]
