%YAML:1.0
---
descriptors: !!opencv-matrix
   rows: 236
   cols: 32
   dt: u
   data: [ 101, 34, 148, 224, 237, 141, 80, 72, 139, 185, 177, 72, 134,
       153, 93, 58, 137, 129, 127, 92, 26, 99, 202, 208, 223, 216, 65,
       127, 208, 43, 82, 131, 18, 153, 58, 186, 91, 213, 147, 246, 142,
       92, 204, 7, 44, 222, 38, 96, 237, 59, 147, 195, 70, 11, 58, 253,
       113, 5, 154, 171, 49, 31, 37, 255, 234, 154, 148, 188, 173, 233,
       148, 175, 159, 191, 148, 57, 174, 185, 99, 142, 137, 119, 239, 17,
       54, 111, 203, 178, 155, 87, 125, 255, 210, 124, 157, 11, 142, 62,
       212, 177, 162, 58, 188, 159, 187, 254, 18, 245, 140, 46, 195, 143,
       167, 87, 204, 21, 230, 76, 143, 192, 140, 83, 127, 167, 206, 244,
       143, 221, 143, 126, 225, 17, 178, 50, 189, 159, 59, 218, 20, 247,
       157, 46, 215, 175, 39, 79, 151, 157, 167, 212, 173, 202, 46, 8,
       255, 196, 174, 244, 129, 253, 62, 135, 114, 142, 242, 83, 30, 233,
       21, 69, 253, 163, 73, 238, 190, 212, 126, 217, 151, 227, 124, 147,
       12, 223, 178, 198, 143, 143, 55, 247, 172, 133, 62, 249, 41, 232,
       205, 85, 151, 238, 135, 112, 188, 10, 218, 125, 77, 32, 217, 210,
       251, 227, 74, 35, 122, 181, 251, 221, 205, 127, 83, 127, 214, 242,
       98, 164, 164, 152, 205, 244, 177, 71, 203, 87, 28, 159, 40, 156,
       118, 142, 201, 171, 147, 21, 150, 107, 246, 209, 31, 25, 154, 235,
       151, 76, 255, 222, 89, 73, 202, 188, 78, 0, 79, 246, 133, 130,
       222, 66, 53, 163, 177, 226, 104, 236, 61, 202, 73, 139, 134, 233,
       240, 229, 234, 136, 63, 249, 56, 40, 57, 75, 70, 252, 12, 147, 78,
       242, 133, 2, 220, 198, 51, 33, 177, 228, 104, 224, 62, 206, 73,
       171, 71, 189, 178, 239, 226, 144, 63, 249, 56, 44, 255, 230, 196,
       75, 157, 19, 79, 184, 23, 178, 181, 202, 75, 113, 221, 183, 89,
       196, 253, 254, 235, 102, 239, 191, 190, 218, 197, 124, 255, 255,
       122, 36, 164, 104, 248, 89, 237, 233, 231, 216, 94, 30, 116, 50,
       146, 209, 237, 44, 89, 88, 6, 90, 98, 102, 42, 51, 77, 158, 55,
       47, 211, 121, 213, 163, 86, 150, 181, 191, 171, 104, 16, 11, 175,
       191, 155, 113, 206, 254, 76, 78, 167, 87, 253, 17, 28, 77, 203,
       208, 137, 246, 95, 215, 144, 101, 165, 103, 52, 101, 123, 103,
       149, 79, 71, 232, 113, 172, 239, 8, 211, 117, 25, 48, 24, 220, 64,
       106, 72, 178, 249, 14, 231, 221, 5, 52, 99, 123, 70, 226, 32, 133,
       55, 95, 29, 246, 195, 35, 84, 9, 255, 98, 242, 113, 188, 228, 88,
       242, 6, 11, 185, 186, 105, 191, 37, 190, 160, 80, 83, 75, 244,
       172, 209, 69, 95, 173, 38, 10, 109, 48, 228, 210, 210, 66, 215,
       35, 145, 107, 98, 229, 125, 239, 233, 213, 5, 12, 192, 171, 234,
       132, 44, 240, 33, 32, 45, 117, 97, 79, 85, 31, 198, 216, 83, 104,
       125, 76, 82, 208, 157, 180, 88, 204, 18, 110, 137, 178, 253, 186,
       39, 60, 129, 44, 91, 191, 82, 164, 152, 73, 111, 254, 70, 198,
       239, 116, 164, 192, 82, 2, 121, 223, 49, 64, 126, 253, 51, 239,
       65, 145, 20, 108, 117, 168, 234, 128, 37, 179, 49, 184, 34, 153,
       34, 140, 93, 213, 144, 103, 135, 77, 252, 3, 34, 252, 54, 196,
       200, 42, 147, 1, 30, 43, 114, 157, 19, 52, 154, 123, 82, 14, 252,
       222, 83, 95, 123, 230, 118, 134, 255, 117, 236, 192, 90, 230, 125,
       126, 181, 97, 102, 247, 23, 239, 193, 152, 52, 238, 245, 40, 174,
       128, 45, 242, 33, 121, 28, 141, 143, 253, 149, 222, 101, 191, 182,
       151, 206, 2, 243, 231, 25, 67, 113, 238, 40, 152, 122, 248, 115,
       31, 235, 231, 197, 5, 162, 248, 252, 98, 29, 33, 91, 67, 83, 190,
       251, 120, 96, 225, 111, 2, 120, 211, 40, 52, 124, 216, 18, 250,
       19, 176, 56, 77, 127, 205, 3, 100, 107, 131, 99, 160, 57, 159,
       123, 238, 182, 135, 71, 245, 212, 72, 222, 102, 115, 249, 176, 96,
       126, 234, 30, 110, 217, 187, 60, 191, 250, 239, 166, 192, 63, 170,
       240, 169, 219, 65, 99, 228, 70, 70, 191, 113, 160, 194, 218, 195,
       125, 223, 49, 98, 118, 245, 31, 239, 193, 151, 180, 202, 241, 237,
       170, 128, 39, 162, 33, 248, 72, 175, 146, 22, 213, 248, 162, 103,
       255, 141, 122, 76, 174, 224, 36, 132, 160, 106, 234, 17, 18, 185,
       130, 111, 60, 52, 20, 75, 203, 76, 201, 15, 61, 185, 115, 98, 181,
       223, 99, 112, 229, 236, 255, 108, 122, 217, 190, 180, 184, 238,
       68, 122, 217, 179, 56, 44, 250, 221, 37, 64, 74, 39, 114, 227,
       156, 156, 254, 222, 215, 246, 179, 240, 220, 70, 127, 18, 88, 253,
       63, 100, 121, 122, 179, 234, 178, 165, 58, 239, 123, 47, 7, 75,
       211, 123, 125, 242, 203, 148, 109, 27, 248, 116, 185, 191, 126,
       127, 87, 244, 220, 52, 154, 253, 23, 22, 189, 61, 179, 76, 255,
       87, 78, 63, 122, 204, 158, 196, 129, 125, 199, 150, 149, 155, 184,
       237, 1, 159, 30, 127, 17, 125, 244, 118, 202, 235, 197, 11, 174,
       20, 183, 76, 123, 117, 140, 18, 126, 254, 152, 77, 129, 125, 151,
       31, 79, 190, 158, 167, 110, 123, 148, 194, 203, 247, 113, 254,
       177, 65, 127, 231, 127, 175, 173, 195, 15, 63, 240, 38, 235, 144,
       61, 251, 176, 81, 107, 203, 98, 78, 95, 217, 247, 236, 65, 68,
       124, 143, 42, 232, 182, 180, 120, 234, 194, 76, 206, 58, 230, 253,
       54, 125, 4, 43, 119, 158, 222, 206, 49, 12, 3, 186, 150, 163, 230,
       99, 150, 0, 216, 67, 101, 224, 32, 192, 217, 171, 6, 129, 47, 171,
       8, 191, 184, 231, 175, 0, 180, 74, 176, 136, 198, 147, 157, 151,
       168, 108, 189, 159, 174, 243, 131, 117, 212, 247, 72, 75, 135, 87,
       235, 17, 49, 73, 219, 65, 205, 50, 95, 86, 136, 96, 133, 51, 196,
       62, 157, 183, 168, 110, 53, 159, 190, 251, 2, 117, 247, 55, 65,
       91, 135, 87, 105, 16, 49, 220, 219, 34, 205, 227, 127, 4, 136,
       112, 133, 123, 244, 109, 252, 98, 141, 83, 86, 204, 211, 246, 173,
       9, 67, 237, 75, 59, 89, 196, 108, 122, 110, 99, 250, 50, 251, 203,
       69, 127, 243, 123, 222, 70, 51, 79, 106, 137, 116, 147, 234, 112,
       84, 96, 222, 231, 67, 8, 183, 0, 126, 136, 23, 239, 204, 186, 69,
       156, 118, 13, 168, 128, 125, 142, 120, 220, 49, 79, 106, 11, 116,
       187, 234, 114, 69, 72, 94, 199, 179, 8, 182, 164, 126, 168, 22,
       111, 205, 184, 69, 238, 38, 13, 162, 128, 125, 142, 120, 157, 212,
       108, 189, 242, 136, 237, 85, 140, 186, 150, 160, 25, 182, 223, 73,
       27, 129, 83, 105, 82, 106, 71, 218, 51, 209, 146, 85, 63, 192,
       113, 135, 98, 82, 74, 227, 190, 98, 128, 111, 214, 176, 194, 214,
       199, 57, 167, 177, 86, 110, 251, 21, 206, 201, 139, 134, 234, 242,
       44, 170, 136, 39, 245, 52, 248, 248, 92, 63, 188, 9, 194, 85, 166,
       132, 150, 134, 19, 119, 183, 35, 91, 193, 245, 233, 66, 104, 199,
       242, 40, 211, 227, 94, 27, 48, 121, 36, 122, 189, 78, 237, 101,
       36, 58, 79, 190, 81, 226, 126, 223, 115, 109, 151, 47, 27, 228,
       21, 46, 169, 244, 109, 170, 102, 207, 229, 148, 231, 253, 82, 120,
       39, 235, 96, 11, 237, 31, 238, 188, 75, 232, 124, 76, 74, 40, 223,
       180, 156, 206, 214, 111, 207, 50, 206, 189, 46, 28, 197, 190, 95,
       191, 218, 141, 61, 97, 233, 64, 205, 21, 207, 216, 67, 242, 188,
       10, 67, 89, 223, 174, 89, 216, 18, 250, 207, 34, 252, 176, 59,
       221, 133, 63, 247, 251, 90, 228, 19, 175, 64, 145, 151, 147, 174,
       167, 93, 65, 90, 246, 169, 104, 182, 164, 255, 235, 150, 149, 247,
       184, 36, 255, 46, 92, 158, 195, 239, 76, 249, 157, 34, 189, 174,
       152, 205, 245, 188, 199, 139, 85, 28, 159, 172, 188, 118, 11, 205,
       35, 243, 149, 150, 75, 242, 241, 127, 17, 222, 235, 149, 76, 191,
       222, 45, 57, 177, 77, 93, 79, 97, 185, 117, 232, 100, 8, 210, 113,
       13, 180, 216, 156, 114, 40, 121, 178, 113, 12, 7, 190, 5, 6, 66,
       56, 82, 164, 131, 76, 7, 181, 125, 180, 168, 230, 204, 83, 90, 82,
       172, 184, 48, 227, 239, 111, 58, 133, 165, 221, 182, 239, 166, 54,
       218, 130, 12, 92, 185, 140, 198, 158, 159, 177, 170, 98, 189, 151,
       186, 223, 146, 247, 204, 191, 195, 75, 167, 87, 237, 145, 48, 205,
       131, 224, 233, 179, 255, 199, 132, 112, 165, 123, 45, 206, 53, 91,
