%YAML:1.0
---
descriptors: !!opencv-matrix
   rows: 97
   cols: 32
   dt: u
   data: [ 211, 203, 79, 220, 14, 128, 77, 119, 132, 2, 210, 230, 49,
       131, 176, 97, 110, 227, 63, 204, 201, 143, 6, 253, 240, 40, 254,
       136, 61, 152, 176, 40, 19, 158, 67, 191, 82, 178, 170, 246, 62,
       67, 90, 247, 45, 238, 178, 192, 119, 235, 151, 133, 167, 156, 5,
       255, 188, 102, 186, 192, 189, 196, 185, 221, 74, 122, 246, 222,
       125, 212, 156, 118, 143, 92, 212, 167, 172, 222, 55, 230, 238,
       115, 255, 197, 198, 75, 178, 233, 119, 123, 222, 139, 22, 20, 47,
       223, 22, 40, 242, 135, 199, 248, 186, 194, 127, 167, 95, 131, 140,
       238, 103, 76, 123, 111, 179, 144, 22, 144, 174, 226, 159, 100,
       155, 167, 167, 111, 45, 198, 174, 113, 113, 94, 105, 205, 87, 120,
       155, 76, 117, 44, 124, 215, 165, 180, 156, 184, 215, 74, 195, 6,
       122, 223, 119, 88, 65, 186, 82, 191, 6, 247, 139, 182, 251, 251,
       246, 169, 249, 87, 127, 75, 118, 244, 189, 171, 214, 104, 167, 59,
       55, 29, 179, 252, 39, 243, 78, 223, 50, 192, 206, 192, 129, 249,
       54, 85, 114, 133, 245, 127, 254, 232, 61, 174, 251, 11, 206, 126,
       47, 192, 254, 221, 223, 227, 124, 179, 121, 238, 181, 54, 143, 23,
       69, 127, 245, 215, 44, 56, 176, 227, 237, 127, 82, 152, 71, 253,
       189, 9, 219, 93, 67, 186, 153, 220, 215, 122, 143, 114, 121, 176,
       207, 221, 5, 117, 194, 255, 94, 210, 65, 159, 125, 101, 180, 46,
       111, 55, 104, 232, 126, 108, 247, 33, 144, 113, 22, 102, 124, 108,
       249, 184, 229, 14, 228, 255, 37, 128, 72, 226, 194, 57, 18, 30,
       206, 189, 178, 178, 186, 115, 190, 75, 82, 247, 109, 234, 163, 73,
       119, 111, 191, 149, 180, 221, 134, 239, 152, 39, 250, 195, 173,
       197, 185, 221, 126, 77, 114, 232, 213, 95, 86, 237, 101, 4, 248,
       11, 11, 92, 55, 212, 248, 249, 159, 242, 92, 163, 16, 252, 179,
       253, 135, 127, 119, 191, 254, 6, 3, 186, 227, 145, 118, 179, 169,
       87, 126, 107, 90, 246, 188, 140, 148, 164, 63, 43, 23, 141, 183,
       156, 53, 247, 4, 30, 186, 194, 205, 132, 179, 253, 11, 16, 117,
       65, 35, 222, 248, 19, 109, 89, 118, 16, 156, 31, 22, 253, 166, 29,
       127, 157, 135, 216, 115, 192, 7, 120, 154, 194, 79, 4, 97, 119,
       11, 191, 107, 91, 242, 244, 187, 119, 126, 77, 124, 229, 185, 223,
       182, 112, 54, 59, 151, 157, 151, 152, 52, 255, 110, 125, 186, 200,
       158, 198, 239, 253, 129, 96, 141, 185, 204, 173, 233, 87, 174, 19,
       98, 86, 149, 131, 64, 75, 105, 11, 74, 156, 51, 252, 83, 81, 197,
       128, 250, 96, 152, 72, 161, 168, 166, 167, 96, 26, 253, 153, 220,
       239, 91, 244, 253, 187, 40, 200, 254, 133, 217, 170, 195, 245,
       246, 123, 238, 215, 62, 24, 141, 255, 87, 206, 222, 196, 8, 215,
       57, 235, 176, 239, 19, 191, 30, 45, 24, 96, 183, 55, 136, 64, 151,
       27, 29, 24, 19, 168, 105, 55, 237, 215, 52, 244, 144, 202, 133,
       107, 106, 185, 128, 154, 137, 181, 144, 199, 143, 25, 136, 77,
       174, 250, 99, 136, 205, 35, 235, 21, 30, 11, 82, 241, 137, 16, 30,
       59, 152, 76, 9, 158, 101, 98, 249, 69, 96, 74, 111, 24, 104, 236,
       54, 232, 211, 37, 209, 50, 22, 84, 108, 110, 201, 240, 229, 8,
       196, 185, 101, 180, 96, 178, 70, 97, 164, 253, 254, 127, 248, 239,
       255, 254, 62, 255, 254, 29, 243, 247, 11, 81, 127, 254, 127, 90,
       122, 250, 251, 127, 255, 175, 119, 228, 240, 249, 198, 251, 222,
       222, 255, 254, 171, 114, 127, 239, 189, 222, 246, 179, 111, 255,
       44, 91, 255, 247, 253, 194, 120, 207, 171, 235, 251, 243, 223,
       155, 162, 244, 167, 123, 222, 124, 191, 254, 171, 110, 55, 239,
       187, 218, 246, 56, 254, 255, 77, 123, 255, 247, 255, 130, 105, 71,
       186, 235, 243, 247, 95, 27, 72, 113, 167, 59, 181, 10, 111, 206,
       110, 163, 203, 80, 212, 66, 245, 230, 113, 201, 181, 97, 126, 160,
       22, 239, 169, 167, 46, 158, 82, 171, 226, 128, 125, 171, 112, 177,
       138, 157, 182, 159, 245, 221, 188, 103, 63, 87, 82, 19, 172, 190,
       6, 205, 239, 59, 187, 133, 118, 252, 115, 247, 47, 54, 222, 67,
       150, 76, 173, 222, 126, 101, 34, 8, 89, 95, 150, 104, 143, 68,
       140, 9, 78, 212, 46, 148, 216, 25, 202, 99, 76, 3, 242, 156, 179,
       85, 9, 63, 82, 62, 15, 214, 58, 245, 102, 210, 223, 209, 188, 239,
       159, 117, 212, 159, 8, 220, 126, 132, 233, 155, 243, 145, 126,
       123, 62, 215, 63, 86, 159, 239, 183, 12, 254, 222, 138, 189, 178,
       154, 253, 245, 184, 203, 159, 31, 92, 49, 172, 254, 111, 205, 199,
       59, 179, 145, 182, 72, 186, 243, 15, 94, 26, 235, 146, 77, 173,
       223, 4, 14, 146, 159, 244, 167, 230, 226, 95, 142, 91, 2, 224,
       224, 181, 196, 89, 106, 6, 14, 130, 190, 76, 255, 36, 62, 178, 8,
       22, 251, 120, 141, 27, 148, 251, 251, 246, 162, 107, 87, 127, 75,
       95, 246, 125, 255, 184, 96, 119, 191, 63, 152, 179, 156, 37, 247,
       222, 239, 186, 192, 191, 192, 161, 249, 171, 255, 112, 95, 109,
       157, 254, 250, 95, 121, 116, 108, 168, 248, 215, 180, 143, 43,
       214, 207, 231, 122, 126, 247, 46, 92, 25, 170, 95, 157, 75, 157,
       10, 172, 148, 147, 245, 189, 184, 135, 63, 31, 90, 17, 172, 42, 6,
       204, 195, 31, 171, 145, 54, 220, 83, 247, 15, 118, 94, 67, 130,
       76, 141, 142, 168, 124, 124, 117, 176, 15, 125, 191, 117, 170,
       118, 24, 183, 49, 131, 49, 133, 28, 76, 40, 232, 252, 113, 14,
       231, 251, 101, 4, 74, 240, 74, 161, 193, 127, 61, 103, 164, 14,
       111, 55, 104, 234, 126, 76, 247, 51, 144, 115, 132, 102, 124, 110,
       225, 248, 241, 44, 229, 251, 100, 16, 72, 242, 195, 57, 172, 120,
       248, 99, 109, 79, 87, 216, 67, 236, 189, 12, 211, 93, 83, 50, 156,
       252, 84, 126, 201, 54, 249, 42, 231, 221, 37, 52, 202, 251, 94,
       251, 45, 253, 177, 67, 253, 95, 247, 188, 91, 250, 57, 104, 214,
       124, 205, 180, 149, 92, 70, 122, 241, 112, 121, 54, 47, 158, 37,
       118, 218, 123, 66, 183, 2, 173, 146, 141, 221, 221, 190, 71, 45,
       37, 250, 3, 172, 62, 6, 192, 232, 155, 207, 193, 86, 187, 209,
       225, 183, 52, 158, 3, 1, 94, 189, 206, 226, 170, 236, 16, 237,
       249, 217, 199, 203, 247, 180, 191, 42, 172, 214, 27, 171, 227,
       231, 21, 190, 107, 238, 240, 90, 89, 213, 251, 199, 76, 222, 94,
       68, 48, 217, 231, 100, 46, 107, 152, 41, 174, 111, 32, 215, 115,
       201, 122, 214, 220, 125, 126, 1, 212, 233, 104, 199, 189, 99, 4,
       128, 243, 66, 33, 38, 167, 102, 10, 223, 209, 146, 105, 139, 245,
       189, 171, 104, 236, 62, 4, 217, 163, 195, 245, 30, 107, 126, 221,
       63, 22, 141, 127, 215, 14, 222, 214, 212, 36, 155, 181, 70, 46,
       233, 26, 50, 226, 67, 18, 213, 39, 89, 75, 115, 77, 49, 159, 33,
       212, 211, 2, 197, 163, 251, 4, 168, 241, 35, 176, 107, 184, 144,
       184, 57, 141, 16, 143, 143, 25, 160, 77, 174, 170, 66, 146, 197,
       3, 239, 21, 30, 10, 210, 177, 137, 209, 26, 59, 152, 12, 139, 31,
       181, 237, 209, 84, 220, 107, 198, 251, 83, 226, 184, 90, 115, 248,
       253, 164, 25, 202, 70, 42, 249, 99, 126, 63, 56, 142, 101, 124,
       253, 250, 210, 164, 1, 32, 85, 65, 68, 251, 97, 19, 101, 113, 115,
       82, 147, 20, 148, 236, 104, 140, 110, 152, 131, 184, 229, 64, 4,
       168, 50, 64, 103, 136, 96, 172, 94, 222, 255, 254, 191, 82, 127,
       252, 191, 191, 246, 163, 237, 255, 47, 91, 255, 247, 255, 194,
       120, 219, 171, 233, 255, 255, 223, 147, 167, 116, 167, 123, 218,
       114, 255, 237, 43, 254, 249, 89, 175, 252, 246, 160, 159, 159,
       199, 250, 230, 189, 255, 160, 137, 199, 243, 208, 215, 249, 43,
       191, 70, 165, 103, 243, 52, 3, 106, 173, 20, 74, 75, 184, 100,
       228, 239, 131, 83, 5, 187, 64, 120, 204, 13, 110, 72, 176, 109,
       12, 242, 175, 161, 21, 117, 187, 116, 96, 10, 157, 182, 155, 245,
       221, 188, 167, 191, 87, 87, 19, 172, 254, 38, 205, 227, 59, 187,
       145, 118, 216, 122, 247, 15, 119, 222, 67, 150, 76, 173, 223, 73,
       141, 119, 103, 164, 106, 103, 183, 105, 168, 126, 104, 243, 115,
