%YAML:1.0
---
descriptors: !!opencv-matrix
   rows: 193
   cols: 32
   dt: u
   data: [ 40, 245, 120, 65, 244, 207, 111, 119, 101, 45, 126, 10, 19,
       21, 144, 52, 122, 158, 22, 8, 208, 186, 117, 95, 119, 173, 32, 64,
       103, 138, 198, 169, 130, 78, 34, 154, 243, 224, 60, 103, 189, 143,
       94, 179, 172, 142, 35, 64, 239, 59, 175, 145, 34, 159, 2, 255, 63,
       118, 158, 139, 150, 212, 37, 223, 163, 189, 39, 157, 205, 255,
       188, 39, 191, 246, 218, 23, 140, 184, 86, 231, 233, 47, 251, 133,
       245, 250, 247, 214, 31, 62, 223, 226, 143, 76, 249, 222, 25, 91,
       117, 65, 48, 158, 75, 17, 117, 172, 126, 68, 251, 19, 129, 116,
       22, 60, 12, 76, 201, 152, 97, 14, 167, 252, 32, 128, 42, 162, 64,
       45, 1, 156, 59, 122, 115, 239, 185, 247, 127, 77, 118, 20, 252,
       95, 38, 125, 183, 59, 19, 24, 179, 188, 48, 127, 79, 255, 18, 66,
       216, 0, 165, 251, 82, 25, 51, 190, 29, 198, 154, 33, 141, 4, 219,
       3, 239, 254, 52, 64, 232, 181, 189, 195, 76, 139, 18, 237, 147,
       245, 138, 11, 20, 46, 53, 79, 2, 72, 18, 155, 101, 217, 184, 66,
       63, 17, 86, 19, 140, 154, 102, 205, 234, 9, 179, 145, 6, 252, 66,
       241, 7, 16, 154, 67, 150, 13, 45, 142, 138, 91, 34, 138, 105, 149,
       188, 204, 143, 28, 140, 165, 172, 206, 103, 198, 204, 59, 251,
       199, 198, 11, 82, 241, 54, 80, 138, 187, 18, 22, 45, 223, 160,
       223, 115, 73, 116, 203, 231, 119, 125, 12, 116, 8, 51, 21, 132,
       21, 8, 58, 70, 72, 96, 184, 96, 61, 101, 152, 52, 0, 83, 152, 198,
       249, 84, 43, 168, 164, 168, 44, 92, 159, 34, 162, 142, 137, 215,
       47, 83, 42, 149, 215, 253, 131, 156, 65, 211, 0, 249, 231, 239,
       61, 160, 240, 140, 18, 3, 129, 10, 136, 148, 132, 172, 103, 4, 1,
       91, 67, 56, 130, 56, 64, 104, 43, 18, 133, 82, 136, 0, 221, 33,
       32, 138, 192, 29, 8, 177, 8, 38, 5, 18, 138, 213, 181, 186, 73,
       31, 9, 89, 83, 236, 248, 61, 196, 217, 59, 147, 131, 55, 50, 74,
       255, 54, 20, 139, 235, 159, 79, 185, 134, 180, 173, 57, 171, 186,
       99, 159, 191, 22, 55, 168, 153, 215, 119, 73, 33, 95, 91, 89, 55,
       122, 102, 93, 63, 233, 143, 47, 124, 244, 113, 135, 226, 139, 23,
       66, 77, 112, 14, 105, 51, 37, 140, 126, 197, 185, 3, 147, 84, 126,
       172, 23, 172, 232, 152, 85, 78, 70, 237, 162, 128, 47, 164, 98,
       249, 38, 37, 227, 203, 253, 175, 182, 201, 95, 167, 249, 75, 72,
       232, 125, 132, 249, 171, 147, 51, 146, 179, 88, 218, 55, 28, 143,
       46, 215, 127, 246, 134, 38, 152, 118, 219, 125, 183, 186, 104,
       205, 4, 253, 3, 104, 220, 62, 196, 216, 57, 147, 99, 134, 161, 90,
       253, 7, 94, 139, 67, 87, 15, 125, 198, 41, 221, 123, 105, 116,
       143, 111, 245, 85, 72, 124, 230, 59, 155, 180, 180, 126, 168, 22,
       110, 211, 186, 52, 255, 118, 205, 36, 192, 127, 154, 226, 185, 9,
       145, 119, 77, 52, 223, 233, 55, 108, 73, 122, 96, 187, 28, 148,
       228, 110, 52, 62, 8, 217, 184, 117, 157, 173, 252, 50, 192, 70,
       136, 197, 125, 38, 52, 114, 192, 245, 127, 208, 79, 29, 173, 249,
       11, 10, 156, 119, 156, 252, 185, 135, 49, 28, 178, 16, 216, 51,
       28, 129, 103, 215, 93, 246, 214, 173, 22, 253, 125, 44, 46, 109,
       56, 116, 202, 119, 84, 211, 103, 145, 123, 30, 100, 126, 46, 161,
       244, 97, 10, 71, 235, 97, 144, 238, 249, 66, 241, 94, 177, 186,
       176, 187, 196, 93, 151, 171, 253, 158, 61, 223, 255, 74, 90, 167,
       215, 253, 144, 219, 65, 179, 192, 251, 245, 175, 254, 138, 4, 167,
       83, 44, 13, 106, 79, 244, 135, 239, 112, 84, 140, 127, 2, 113,
       109, 183, 96, 124, 234, 23, 238, 248, 186, 60, 61, 103, 173, 165,
       0, 117, 187, 116, 240, 31, 247, 96, 3, 127, 19, 187, 248, 47, 108,
       157, 175, 104, 76, 223, 164, 62, 137, 215, 239, 199, 19, 45, 223,
       62, 92, 139, 167, 95, 135, 127, 245, 67, 178, 102, 25, 251, 208,
       184, 71, 175, 93, 20, 183, 172, 222, 214, 238, 167, 59, 251, 149,
       151, 73, 166, 213, 30, 48, 155, 239, 143, 4, 175, 213, 31, 145,
       159, 225, 151, 214, 57, 87, 7, 73, 94, 18, 156, 179, 96, 228, 117,
       62, 30, 153, 19, 152, 49, 198, 189, 254, 158, 194, 162, 8, 185,
       37, 9, 153, 191, 111, 91, 196, 115, 55, 236, 73, 78, 68, 252, 247,
       34, 114, 166, 51, 123, 12, 147, 152, 51, 97, 103, 237, 42, 192,
       10, 2, 161, 251, 2, 95, 119, 252, 122, 132, 191, 246, 189, 8, 250,
       231, 188, 254, 165, 96, 230, 123, 255, 193, 195, 139, 34, 239,
       182, 116, 62, 138, 12, 53, 37, 251, 92, 180, 184, 248, 173, 237,
       81, 155, 174, 63, 173, 25, 159, 183, 74, 88, 129, 19, 125, 16, 26,
       9, 218, 19, 219, 213, 51, 125, 144, 73, 141, 115, 169, 186, 242,
       88, 237, 253, 241, 83, 251, 93, 116, 124, 40, 156, 230, 188, 205,
       58, 130, 28, 151, 62, 242, 211, 15, 93, 48, 235, 219, 140, 206,
       253, 168, 254, 120, 97, 120, 143, 91, 250, 2, 164, 164, 9, 51, 23,
       67, 17, 31, 248, 85, 98, 104, 94, 89, 63, 231, 137, 37, 52, 112,
       177, 70, 219, 10, 78, 34, 159, 243, 182, 190, 230, 189, 15, 94,
       135, 236, 238, 55, 68, 239, 107, 171, 213, 198, 152, 6, 255, 110,
       119, 158, 131, 22, 86, 45, 223, 82, 204, 178, 182, 23, 220, 126,
       228, 185, 4, 202, 3, 236, 254, 46, 214, 242, 247, 251, 195, 70,
       217, 152, 237, 179, 117, 14, 11, 6, 55, 45, 14, 160, 255, 122,
       123, 112, 207, 117, 119, 185, 77, 100, 13, 54, 151, 2, 17, 132,
       58, 71, 76, 226, 188, 48, 61, 103, 153, 52, 64, 64, 144, 198, 251,
       112, 169, 184, 165, 208, 14, 93, 55, 50, 164, 174, 9, 55, 167, 82,
       18, 4, 255, 85, 216, 90, 90, 208, 10, 255, 133, 165, 124, 32, 160,
       134, 74, 129, 31, 127, 69, 48, 158, 107, 50, 125, 204, 126, 68,
       115, 83, 164, 116, 182, 168, 46, 108, 233, 152, 49, 111, 103, 252,
       32, 128, 42, 128, 64, 109, 65, 185, 186, 164, 240, 140, 121, 55,
       51, 77, 78, 29, 183, 191, 82, 80, 132, 191, 125, 21, 158, 26, 209,
       5, 255, 237, 56, 105, 160, 128, 138, 90, 93, 244, 104, 99, 22,
       212, 235, 184, 112, 236, 31, 2, 249, 94, 219, 96, 55, 93, 61, 251,
       226, 208, 189, 47, 111, 205, 175, 132, 37, 163, 117, 97, 193, 78,
       125, 69, 116, 222, 107, 48, 125, 232, 115, 100, 211, 0, 151, 113,
       54, 36, 46, 110, 229, 180, 101, 94, 38, 58, 32, 128, 64, 162, 64,
       69, 118, 216, 240, 130, 197, 92, 118, 228, 41, 47, 179, 11, 14,
       62, 111, 222, 233, 215, 175, 195, 92, 59, 217, 224, 151, 52, 222,
       127, 131, 127, 254, 78, 64, 249, 248, 90, 58, 157, 59, 156, 239,
       85, 44, 140, 190, 199, 198, 114, 134, 123, 234, 90, 211, 43, 254,
       113, 111, 157, 7, 123, 216, 131, 79, 249, 175, 113, 226, 68, 245,
       86, 254, 81, 201, 205, 245, 18, 72, 252, 190, 166, 124, 252, 151,
       249, 220, 183, 52, 202, 51, 93, 133, 139, 199, 190, 252, 215, 92,
       17, 133, 173, 137, 100, 7, 138, 166, 179, 138, 80, 215, 119, 73,
       90, 209, 86, 121, 67, 25, 67, 219, 0, 201, 231, 203, 28, 152, 115,
       16, 50, 6, 193, 22, 159, 141, 210, 190, 229, 173, 5, 195, 51, 236,
       234, 46, 196, 250, 115, 251, 227, 84, 169, 11, 239, 59, 54, 206,
       67, 23, 54, 173, 134, 185, 76, 42, 58, 93, 231, 215, 99, 212, 70,
       237, 19, 115, 216, 51, 97, 216, 168, 18, 167, 60, 183, 52, 31,
       115, 111, 130, 89, 113, 75, 248, 194, 2, 217, 63, 249, 210, 199,
       177, 87, 30, 85, 102, 34, 60, 223, 38, 104, 246, 59, 179, 144,
       131, 154, 50, 213, 79, 143, 26, 67, 185, 0, 165, 251, 147, 161,
       147, 216, 181, 212, 120, 71, 159, 129, 198, 18, 140, 147, 242,
       228, 248, 40, 26, 24, 22, 155, 162, 194, 155, 252, 150, 75, 146,
       140, 177, 236, 136, 140, 30, 251, 116, 238, 113, 146, 126, 27,
       119, 16, 247, 83, 40, 88, 131, 42, 102, 24, 50, 188, 3, 55, 207,
       255, 48, 65, 208, 129, 107, 163, 22, 140, 202, 250, 150, 163, 235,
       202, 22, 7, 203, 130, 97, 202, 49, 64, 123, 171, 19, 153, 10, 159,
       12, 255, 248, 143, 159, 65, 181, 203, 116, 160, 212, 115, 189,
       229, 40, 14, 93, 188, 168, 254, 182, 12, 151, 23, 73, 27, 134, 85,
