%YAML:1.0
---
descriptors: !!opencv-matrix
   rows: 47
   cols: 32
   dt: u
   data: [ 116, 106, 70, 142, 78, 11, 70, 220, 167, 176, 242, 234, 99,
       200, 253, 82, 126, 236, 110, 110, 200, 243, 207, 185, 180, 168,
       165, 188, 53, 187, 112, 8, 82, 81, 82, 129, 103, 11, 232, 64, 45,
       44, 243, 47, 143, 10, 5, 80, 234, 149, 207, 227, 8, 179, 65, 200,
       148, 240, 138, 147, 109, 11, 119, 146, 18, 0, 112, 129, 103, 152,
       232, 67, 173, 0, 176, 3, 172, 10, 22, 218, 234, 129, 223, 129,
       140, 47, 64, 192, 148, 152, 154, 155, 101, 12, 123, 206, 33, 34,
       223, 225, 108, 137, 233, 83, 238, 17, 114, 230, 157, 131, 208,
       107, 110, 169, 110, 156, 131, 124, 71, 209, 212, 184, 122, 192,
       29, 136, 97, 168, 58, 16, 50, 129, 77, 95, 248, 64, 45, 236, 246,
       11, 142, 30, 38, 196, 250, 157, 207, 161, 12, 179, 113, 204, 149,
       216, 138, 19, 87, 12, 127, 222, 129, 10, 89, 240, 236, 168, 232,
       87, 233, 25, 176, 246, 157, 139, 240, 107, 111, 131, 94, 157, 147,
       47, 70, 209, 212, 152, 186, 232, 156, 136, 225, 185, 6, 205, 19,
       159, 157, 193, 46, 237, 94, 2, 88, 2, 224, 226, 45, 64, 217, 106,
       51, 194, 98, 130, 10, 255, 45, 54, 143, 10, 20, 122, 244, 138,
       120, 177, 56, 232, 219, 221, 82, 217, 163, 69, 173, 9, 63, 223,
       106, 144, 188, 155, 221, 80, 31, 43, 186, 145, 251, 213, 0, 123,
       114, 6, 174, 211, 43, 50, 126, 233, 110, 155, 249, 83, 175, 109,
       254, 230, 157, 143, 182, 96, 110, 173, 127, 157, 135, 187, 103,
       208, 214, 221, 186, 144, 127, 142, 115, 249, 90, 185, 59, 250,
       187, 193, 17, 199, 171, 85, 172, 56, 174, 223, 100, 122, 231, 51,
       239, 16, 19, 75, 186, 241, 219, 209, 30, 123, 146, 0, 167, 59, 1,
       20, 123, 101, 116, 14, 109, 51, 124, 142, 126, 96, 159, 55, 145,
       112, 54, 60, 23, 40, 225, 184, 49, 78, 103, 191, 38, 128, 64, 224,
       97, 249, 152, 213, 123, 227, 182, 199, 111, 119, 85, 109, 254, 22,
       59, 31, 56, 65, 126, 155, 23, 169, 251, 184, 49, 239, 255, 205,
       182, 192, 37, 138, 244, 249, 74, 88, 179, 88, 67, 196, 49, 198,
       191, 133, 102, 8, 44, 151, 100, 244, 34, 185, 163, 208, 66, 159,
       178, 226, 19, 54, 16, 75, 2, 20, 39, 238, 234, 78, 100, 29, 77,
       122, 196, 39, 193, 198, 246, 155, 35, 44, 151, 223, 72, 166, 227,
       165, 236, 254, 100, 138, 54, 123, 208, 17, 119, 252, 222, 206,
       215, 22, 231, 141, 38, 34, 169, 26, 60, 203, 219, 246, 213, 38,
       183, 111, 118, 197, 63, 173, 165, 213, 37, 202, 144, 46, 250, 132,
       172, 233, 49, 117, 164, 105, 50, 158, 93, 207, 162, 104, 94, 0,
       113, 2, 224, 200, 55, 4, 216, 40, 130, 67, 226, 182, 26, 255, 53,
       22, 3, 43, 85, 43, 57, 134, 130, 201, 2, 159, 85, 135, 186, 224,
       30, 4, 81, 3, 228, 202, 33, 196, 216, 123, 147, 195, 102, 156, 90,
       255, 37, 54, 154, 11, 20, 31, 53, 142, 169, 223, 237, 254, 188,
       145, 79, 183, 151, 216, 156, 238, 179, 252, 244, 99, 79, 242, 63,
       200, 251, 107, 110, 187, 234, 219, 247, 184, 31, 252, 208, 121, 1,
       130, 75, 241, 76, 137, 225, 86, 236, 17, 242, 246, 187, 2, 240,
       107, 106, 131, 78, 156, 147, 59, 69, 193, 212, 137, 178, 200, 117,
       136, 97, 169, 81, 202, 89, 177, 102, 136, 233, 86, 233, 81, 176,
       254, 191, 11, 240, 3, 106, 161, 78, 141, 131, 43, 6, 225, 212,
       153, 186, 232, 125, 136, 97, 168, 25, 157, 79, 252, 182, 130, 101,
       119, 244, 72, 222, 102, 49, 183, 160, 96, 106, 162, 30, 136, 249,
       187, 36, 239, 240, 239, 178, 128, 61, 136, 240, 59, 122, 81, 114,
       168, 109, 95, 216, 64, 45, 108, 245, 11, 10, 158, 38, 212, 236,
       157, 223, 225, 12, 163, 113, 200, 147, 248, 130, 59, 119, 14, 126,
       215, 34, 141, 1, 156, 221, 195, 142, 239, 30, 18, 88, 2, 224, 242,
       44, 64, 217, 90, 19, 160, 114, 43, 74, 255, 57, 22, 143, 111, 20,
       122, 176, 168, 160, 168, 242, 89, 101, 189, 120, 82, 251, 17, 116,
       24, 170, 155, 84, 60, 207, 171, 102, 24, 150, 252, 178, 209, 15,
       254, 16, 107, 194, 136, 75, 164, 169, 30, 63, 119, 100, 174, 125,
       51, 252, 234, 118, 76, 183, 57, 145, 57, 132, 46, 118, 12, 161,
       188, 97, 46, 199, 251, 112, 128, 74, 200, 66, 185, 122, 48, 126,
       169, 111, 219, 249, 72, 175, 108, 246, 171, 142, 159, 38, 64, 238,
       157, 255, 129, 10, 171, 243, 208, 215, 241, 138, 251, 87, 12, 119,
       243, 107, 56, 50, 250, 109, 157, 88, 80, 205, 72, 165, 12, 174,
       219, 54, 244, 200, 161, 219, 76, 143, 43, 242, 245, 151, 249, 130,
       58, 90, 14, 122, 222, 164, 121, 127, 101, 164, 79, 125, 55, 104,
       174, 118, 8, 147, 23, 145, 51, 132, 212, 68, 104, 232, 244, 113,
       12, 231, 219, 100, 0, 64, 184, 70, 235, 129, 20, 63, 229, 48, 238,
       121, 55, 124, 15, 126, 112, 189, 55, 128, 112, 134, 54, 23, 40,
       177, 188, 49, 79, 71, 191, 50, 128, 0, 128, 229, 249, 154, 223,
       111, 254, 182, 192, 109, 119, 245, 72, 222, 230, 57, 247, 176, 97,
       110, 179, 159, 200, 249, 155, 38, 255, 242, 235, 186, 128, 63,
       136, 245, 57, 35, 168, 242, 90, 77, 221, 248, 64, 239, 21, 228,
       24, 170, 217, 116, 61, 200, 184, 242, 24, 142, 127, 242, 241, 23,
       216, 80, 107, 211, 141, 66, 134, 136, 28, 63, 254, 65, 236, 53,
       119, 189, 75, 102, 20, 62, 255, 32, 121, 164, 59, 217, 0, 49, 173,
       50, 239, 211, 251, 82, 10, 74, 80, 167, 59, 37, 247, 121, 75, 244,
       143, 235, 248, 85, 77, 125, 100, 19, 85, 189, 52, 30, 24, 22, 126,
       163, 178, 104, 95, 111, 156, 33, 228, 95, 139, 70, 241, 90, 249,
       18, 250, 187, 209, 18, 204, 171, 81, 164, 40, 174, 223, 104, 246,
       163, 251, 255, 208, 91, 11, 186, 241, 251, 209, 30, 123, 146, 19,
       175, 59, 192, 121, 63, 101, 32, 206, 117, 55, 104, 138, 118, 72,
       183, 23, 1, 19, 132, 54, 93, 8, 225, 248, 49, 12, 231, 251, 116,
       0, 64, 208, 199, 107, 182, 69, 88, 163, 244, 42, 238, 132, 57,
       130, 187, 26, 207, 42, 29, 80, 251, 195, 31, 243, 120, 182, 72,
       234, 182, 221, 174, 148, 229, 251, 241, 128, 251, 223, 111, 254,
       62, 129, 77, 247, 159, 72, 244, 238, 59, 205, 180, 101, 110, 226,
       127, 204, 235, 43, 166, 191, 250, 235, 180, 184, 63, 152, 208,
       121, 155, 223, 111, 254, 54, 144, 109, 119, 245, 72, 214, 230, 57,
       207, 176, 97, 110, 178, 63, 204, 233, 139, 38, 255, 242, 235, 186,
       136, 63, 144, 244, 121, 35, 104, 34, 88, 77, 221, 208, 66, 207,
       81, 164, 9, 42, 217, 86, 58, 200, 170, 219, 25, 142, 43, 242, 241,
       23, 216, 144, 59, 83, 12, 86, 206, 90, 28, 191, 254, 131, 228, 53,
       230, 189, 83, 228, 16, 126, 255, 32, 121, 163, 123, 249, 0, 51,
       207, 178, 239, 211, 243, 90, 11, 170, 81, 167, 123, 37, 247, 113,
       67, 244, 155, 239, 216, 95, 232, 125, 230, 217, 68, 157, 164, 126,
       72, 22, 126, 227, 176, 109, 255, 44, 28, 37, 132, 95, 155, 82,
       181, 218, 249, 58, 250, 59, 221, 19, 204, 175, 81, 164, 40, 174,
       223, 106, 244, 163, 219, 205, 210, 79, 15, 186, 241, 187, 209, 14,
       127, 90, 23, 47, 95, 187, 223, 111, 254, 62, 209, 223, 247, 213,
       76, 220, 230, 57, 204, 182, 97, 110, 186, 151, 207, 235, 175, 38,
       191, 242, 239, 186, 136, 63, 156, 244, 253, 34, 168, 20, 152, 77,
       133, 208, 206, 143, 61, 160, 9, 174, 216, 100, 4, 201, 171, 234,
       17, 10, 107, 218, 245, 157, 16, 155, 127, 80, 8, 88, 142, 104,
       177, 48, 122, 109, 221, 80, 93, 203, 121, 165, 9, 170, 217, 92,
       180, 200, 154, 223, 73, 206, 43, 250, 145, 211, 217, 16, 123, 82,
       142, 94, 206, 54, 196, 90, 135, 212, 11, 254, 232, 61, 134, 251,
       2, 206, 122, 41, 65, 251, 197, 79, 227, 104, 179, 73, 238, 253,
       22, 143, 23, 149, 123, 117, 130, 197, 142, 121, 243, 236, 168,
       239, 251, 255, 82, 188, 214, 255, 107, 217, 107, 111, 227, 95,
       159, 243, 103, 238, 247, 252, 159, 255, 232, 221, 248, 225, 161 ]
