%YAML:1.0
---
descriptors: !!opencv-matrix
   rows: 194
   cols: 32
   dt: u
   data: [ 67, 249, 123, 67, 122, 217, 171, 176, 239, 100, 191, 170, 48,
       158, 215, 244, 38, 177, 222, 219, 195, 41, 44, 255, 63, 29, 43,
       226, 103, 131, 103, 125, 1, 143, 125, 69, 180, 42, 111, 191, 116,
       162, 126, 196, 211, 33, 145, 116, 123, 206, 6, 44, 249, 184, 101,
       14, 236, 174, 37, 4, 109, 248, 194, 40, 152, 221, 91, 107, 17,
       222, 67, 180, 117, 72, 102, 64, 179, 83, 0, 244, 16, 186, 76, 74,
       107, 184, 113, 63, 227, 249, 32, 64, 122, 130, 102, 40, 161, 79,
       127, 69, 116, 14, 237, 55, 125, 104, 126, 100, 147, 3, 149, 53,
       30, 44, 70, 44, 225, 184, 97, 14, 100, 190, 32, 128, 79, 184, 66,
       169, 105, 149, 189, 101, 176, 110, 89, 63, 105, 233, 175, 104,
       223, 55, 136, 118, 151, 214, 125, 40, 153, 137, 241, 15, 235, 255,
       113, 212, 130, 224, 134, 113, 173, 120, 185, 83, 77, 95, 215, 208,
       83, 254, 180, 8, 26, 157, 71, 190, 141, 252, 212, 90, 201, 118,
       250, 176, 31, 217, 69, 54, 227, 63, 86, 255, 110, 50, 243, 224,
       98, 98, 57, 90, 185, 223, 115, 249, 29, 215, 201, 26, 247, 189,
       247, 176, 1, 214, 162, 192, 221, 208, 251, 238, 130, 225, 39, 243,
       41, 135, 96, 13, 252, 31, 207, 191, 95, 109, 124, 205, 227, 104,
       158, 148, 25, 14, 70, 45, 222, 56, 109, 31, 110, 95, 37, 244, 94,
       142, 218, 205, 44, 181, 56, 250, 253, 253, 242, 253, 94, 61, 61,
       25, 222, 253, 126, 144, 217, 26, 151, 51, 214, 42, 90, 247, 79,
       223, 53, 125, 210, 14, 223, 131, 94, 56, 211, 255, 50, 238, 107,
       24, 63, 203, 75, 208, 221, 231, 193, 254, 119, 253, 61, 152, 19,
       212, 187, 202, 205, 230, 171, 192, 170, 227, 37, 49, 34, 249, 104,
       208, 253, 205, 158, 239, 139, 189, 152, 15, 40, 217, 86, 0, 152,
       187, 211, 213, 86, 107, 218, 245, 127, 92, 159, 251, 93, 12, 223,
       158, 61, 77, 91, 110, 116, 207, 67, 112, 85, 8, 125, 8, 119, 211,
       33, 49, 248, 184, 22, 106, 104, 163, 40, 31, 243, 205, 33, 40,
       115, 171, 98, 163, 0, 0, 23, 251, 32, 200, 112, 0, 236, 17, 99,
       112, 159, 151, 0, 120, 194, 25, 110, 16, 2, 188, 66, 17, 197, 241,
       50, 65, 64, 9, 5, 35, 122, 97, 6, 172, 93, 220, 120, 72, 171, 164,
       179, 11, 78, 222, 70, 146, 170, 181, 255, 225, 76, 35, 211, 213,
       145, 241, 131, 31, 65, 7, 110, 198, 188, 79, 75, 238, 116, 207,
       74, 112, 21, 40, 245, 72, 115, 69, 49, 144, 216, 168, 4, 110, 105,
       182, 72, 63, 243, 221, 33, 56, 115, 187, 82, 176, 161, 99, 3, 73,
       72, 29, 232, 80, 100, 104, 251, 72, 147, 6, 20, 112, 76, 156, 74,
       200, 137, 179, 245, 64, 149, 184, 130, 16, 65, 139, 98, 176, 0,
       145, 26, 250, 254, 153, 180, 231, 158, 25, 200, 112, 150, 248, 40,
       192, 251, 27, 138, 16, 86, 43, 2, 117, 191, 165, 54, 111, 216, 8,
       169, 131, 216, 255, 28, 173, 184, 139, 84, 63, 166, 180, 142, 173,
       231, 225, 2, 66, 129, 38, 236, 1, 94, 137, 203, 31, 234, 229, 37,
       49, 120, 10, 140, 26, 50, 221, 120, 234, 126, 197, 222, 239, 143,
       72, 92, 3, 61, 222, 54, 96, 238, 187, 23, 193, 199, 43, 58, 255,
       119, 221, 142, 235, 53, 26, 173, 203, 34, 32, 199, 92, 77, 211,
       232, 72, 94, 176, 112, 138, 33, 200, 244, 164, 88, 168, 162, 184,
       6, 114, 230, 221, 30, 24, 193, 47, 87, 44, 126, 132, 16, 201, 26,
       182, 52, 133, 119, 244, 244, 8, 198, 0, 183, 115, 35, 64, 248,
       226, 15, 201, 106, 169, 0, 45, 241, 167, 190, 1, 32, 16, 41, 10,
       1, 154, 207, 209, 116, 139, 105, 83, 127, 113, 86, 246, 157, 171,
       176, 104, 102, 45, 62, 156, 163, 252, 37, 209, 222, 187, 187, 192,
       172, 136, 97, 248, 12, 141, 149, 233, 157, 239, 67, 194, 135, 49,
       46, 0, 150, 55, 97, 120, 201, 90, 10, 24, 26, 184, 121, 48, 237,
       220, 5, 84, 210, 217, 196, 34, 22, 63, 218, 176, 242, 161, 182,
       194, 154, 175, 56, 163, 13, 238, 227, 10, 175, 123, 135, 145, 20,
       219, 132, 224, 248, 197, 47, 171, 229, 121, 175, 131, 140, 237,
       181, 233, 189, 231, 75, 158, 23, 185, 157, 18, 149, 119, 80, 39,
       73, 80, 27, 248, 59, 72, 123, 252, 237, 216, 143, 100, 146, 153,
       212, 34, 117, 72, 195, 71, 82, 74, 107, 96, 113, 164, 163, 202,
       115, 103, 133, 117, 120, 244, 78, 234, 41, 183, 109, 108, 189,
       174, 69, 16, 97, 179, 102, 36, 174, 20, 37, 185, 25, 231, 137, 26,
       23, 124, 144, 159, 214, 93, 25, 45, 220, 145, 91, 189, 171, 38,
       115, 159, 205, 18, 201, 244, 22, 141, 20, 114, 90, 161, 150, 132,
       77, 94, 176, 104, 170, 148, 131, 9, 238, 218, 78, 150, 248, 245,
       235, 97, 12, 195, 155, 205, 155, 113, 203, 63, 2, 38, 63, 134, 82,
       132, 70, 181, 51, 130, 120, 39, 61, 5, 98, 151, 44, 175, 38, 208,
       227, 47, 189, 133, 60, 152, 81, 207, 158, 246, 154, 195, 174, 4,
       169, 26, 48, 149, 83, 174, 181, 227, 70, 103, 21, 9, 251, 231,
       103, 174, 40, 196, 248, 191, 134, 32, 121, 187, 1, 159, 184, 246,
       2, 83, 121, 10, 228, 159, 109, 64, 138, 31, 108, 56, 100, 150,
       163, 211, 239, 100, 227, 226, 235, 254, 201, 108, 234, 14, 13,
       103, 238, 32, 134, 245, 118, 8, 202, 251, 104, 172, 5, 239, 91,
       242, 244, 169, 111, 220, 94, 105, 120, 236, 253, 195, 249, 56,
       191, 75, 54, 94, 211, 50, 174, 243, 244, 156, 167, 232, 220, 219,
       161, 161, 2, 217, 50, 139, 85, 213, 182, 230, 15, 5, 88, 3, 172,
       222, 38, 196, 216, 59, 131, 193, 70, 186, 82, 255, 45, 20, 142,
       107, 16, 30, 173, 206, 93, 20, 247, 71, 135, 118, 113, 16, 117,
       218, 103, 82, 90, 114, 173, 255, 119, 212, 60, 42, 177, 244, 57,
       192, 27, 235, 71, 6, 235, 243, 97, 37, 201, 16, 61, 181, 42, 108,
       169, 50, 172, 122, 82, 244, 157, 23, 144, 107, 38, 21, 127, 173,
       161, 84, 247, 64, 197, 171, 250, 128, 4, 160, 5, 241, 129, 93, 63,
       117, 116, 142, 117, 55, 124, 72, 118, 68, 191, 19, 128, 113, 132,
       54, 86, 8, 225, 188, 49, 79, 103, 187, 114, 0, 72, 144, 67, 235,
       14, 48, 211, 193, 242, 107, 56, 90, 63, 225, 126, 224, 157, 151,
       200, 188, 55, 29, 150, 184, 19, 208, 80, 64, 15, 221, 59, 228,
       170, 193, 39, 177, 108, 112, 248, 113, 252, 109, 243, 152, 123,
       189, 52, 24, 211, 93, 223, 26, 27, 216, 103, 88, 186, 118, 251,
       50, 79, 223, 53, 124, 197, 249, 198, 243, 114, 69, 26, 140, 25,
       87, 90, 72, 173, 12, 249, 11, 14, 142, 39, 208, 252, 153, 207,
       227, 76, 131, 0, 222, 177, 212, 138, 59, 16, 15, 47, 22, 121, 97,
       119, 73, 1, 223, 224, 16, 103, 49, 235, 72, 147, 144, 132, 244,
       104, 156, 110, 88, 139, 186, 247, 16, 23, 232, 0, 64, 107, 130,
       66, 172, 190, 79, 43, 174, 93, 197, 83, 104, 145, 76, 249, 47, 99,
       205, 51, 145, 216, 169, 133, 231, 76, 35, 74, 159, 243, 197, 137,
       187, 115, 47, 118, 210, 49, 85, 72, 108, 28, 47, 74, 89, 65, 8,
       249, 76, 19, 8, 185, 48, 88, 168, 6, 238, 205, 163, 84, 28, 178,
       217, 160, 60, 121, 171, 98, 16, 200, 113, 58, 105, 111, 93, 241,
       80, 100, 96, 191, 8, 159, 17, 2, 48, 104, 16, 202, 73, 65, 35,
       209, 0, 215, 193, 34, 57, 122, 11, 75, 131, 94, 52, 195, 201, 50,
       230, 107, 18, 55, 201, 78, 210, 157, 247, 193, 252, 119, 189, 61,
       152, 19, 144, 177, 206, 157, 237, 171, 192, 170, 225, 33, 49, 251,
       250, 48, 42, 29, 149, 146, 232, 195, 108, 185, 47, 42, 216, 79,
       16, 220, 137, 205, 103, 206, 39, 218, 191, 249, 84, 9, 63, 81, 15,
       94, 79, 66, 235, 26, 250, 57, 192, 27, 96, 142, 12, 141, 161, 172,
       215, 109, 80, 196, 49, 251, 210, 66, 3, 138, 253, 209, 181, 139,
       187, 16, 3, 45, 18, 40, 221, 122, 255, 181, 212, 127, 181, 197,
       13, 255, 2, 251, 255, 190, 68, 88, 250, 159, 202, 202, 170, 122,
       191, 231, 253, 182, 1, 23, 158, 252, 218, 28, 222, 39, 191, 50,
       135, 79, 254, 20, 142, 218, 231, 247, 101, 32, 65, 127, 227, 79,
       111, 232, 173, 41, 63, 233, 230, 111, 144, 52, 251, 37, 123, 70,
       235, 184, 170, 189, 205, 154, 204, 142, 117, 152, 137, 172, 204,
