%YAML:1.0
---
descriptors: !!opencv-matrix
   rows: 452
   cols: 32
   dt: u
   data: [ 179, 242, 109, 21, 22, 95, 217, 125, 95, 231, 119, 215, 65,
       108, 158, 36, 63, 141, 87, 173, 165, 244, 61, 158, 46, 94, 221,
       212, 237, 140, 211, 213, 122, 233, 40, 176, 157, 217, 83, 230,
       131, 181, 140, 137, 47, 157, 66, 16, 137, 251, 217, 81, 78, 75,
       218, 183, 251, 213, 157, 123, 98, 28, 158, 74, 127, 233, 192, 66,
       189, 88, 71, 140, 107, 233, 188, 168, 203, 214, 223, 54, 145, 204,
       124, 90, 31, 75, 234, 160, 186, 220, 37, 255, 138, 183, 218, 53,
       118, 225, 96, 2, 157, 209, 147, 236, 207, 125, 157, 43, 234, 220,
       222, 132, 155, 203, 221, 247, 74, 107, 238, 247, 187, 92, 15, 255,
       87, 30, 151, 126, 71, 249, 156, 179, 138, 208, 176, 160, 158, 209,
       3, 167, 252, 254, 74, 74, 167, 119, 249, 85, 87, 72, 159, 225,
       141, 34, 95, 79, 172, 102, 41, 94, 66, 193, 183, 219, 137, 196,
       165, 135, 142, 29, 170, 16, 156, 190, 108, 226, 201, 83, 123, 145,
       18, 73, 187, 241, 169, 54, 222, 95, 208, 80, 165, 106, 246, 20,
       237, 191, 206, 98, 221, 11, 145, 215, 87, 147, 81, 109, 23, 107,
       77, 246, 241, 131, 185, 228, 247, 138, 13, 34, 220, 131, 229, 125,
       212, 114, 126, 176, 180, 114, 109, 221, 80, 73, 235, 180, 165, 8,
       110, 220, 78, 187, 136, 177, 253, 64, 14, 103, 218, 213, 147, 217,
       65, 123, 82, 47, 78, 6, 234, 160, 160, 152, 109, 189, 216, 72,
       203, 177, 180, 25, 174, 200, 94, 159, 201, 169, 219, 17, 142, 111,
       210, 209, 159, 89, 210, 59, 210, 12, 126, 142, 39, 53, 19, 142,
       244, 167, 174, 73, 94, 73, 89, 98, 244, 248, 173, 228, 254, 59,
       18, 226, 179, 179, 72, 223, 52, 20, 139, 168, 221, 123, 249, 181,
       41, 89, 191, 117, 229, 14, 117, 55, 105, 234, 126, 76, 247, 61,
       16, 51, 132, 110, 52, 12, 209, 248, 177, 12, 231, 251, 116, 0, 64,
       250, 195, 107, 54, 36, 246, 158, 239, 105, 181, 202, 139, 23, 189,
       187, 76, 253, 111, 15, 43, 209, 243, 3, 32, 103, 138, 240, 83, 18,
       81, 63, 183, 255, 23, 231, 173, 94, 88, 105, 116, 159, 194, 248,
       84, 40, 244, 108, 115, 73, 145, 177, 88, 248, 134, 106, 237, 182,
       93, 63, 102, 137, 33, 53, 123, 187, 74, 152, 254, 70, 124, 118,
       235, 99, 85, 168, 209, 182, 183, 187, 75, 109, 143, 127, 63, 245,
       239, 163, 108, 103, 111, 232, 82, 67, 85, 183, 247, 253, 110, 71,
       190, 190, 227, 92, 114, 98, 47, 250, 179, 174, 253, 242, 96, 231,
       229, 148, 125, 252, 135, 162, 41, 95, 168, 126, 59, 134, 175, 175,
       115, 241, 102, 243, 242, 115, 14, 175, 44, 1, 21, 77, 134, 125,
       151, 255, 231, 132, 235, 74, 206, 5, 255, 71, 78, 7, 199, 147,
       180, 16, 170, 187, 20, 94, 148, 221, 53, 121, 252, 197, 172, 15,
       79, 176, 103, 232, 190, 68, 83, 51, 215, 118, 84, 196, 95, 110,
       216, 136, 121, 106, 242, 157, 165, 148, 42, 187, 88, 17, 90, 193,
       182, 213, 135, 94, 252, 165, 173, 23, 206, 19, 206, 255, 58, 198,
       224, 245, 234, 161, 92, 241, 147, 204, 243, 247, 223, 7, 130, 126,
       189, 66, 102, 106, 202, 166, 236, 129, 222, 103, 8, 134, 184, 143,
       173, 171, 87, 8, 154, 227, 87, 159, 64, 11, 0, 234, 250, 223, 190,
       184, 140, 242, 115, 138, 199, 106, 161, 145, 228, 22, 172, 207,
       122, 250, 16, 198, 137, 40, 213, 236, 189, 77, 51, 157, 229, 92,
       188, 218, 12, 126, 223, 228, 141, 180, 51, 252, 229, 103, 113, 69,
       118, 31, 111, 184, 125, 236, 122, 238, 83, 70, 157, 245, 118, 204,
       22, 238, 237, 146, 109, 78, 54, 28, 37, 164, 117, 178, 64, 101,
       112, 159, 26, 248, 216, 225, 90, 107, 54, 5, 232, 185, 23, 167,
       32, 80, 197, 155, 133, 128, 26, 11, 2, 23, 249, 199, 50, 105, 176,
       64, 167, 178, 109, 36, 249, 225, 189, 110, 75, 8, 121, 171, 53,
       16, 223, 51, 80, 254, 209, 132, 92, 58, 57, 228, 249, 198, 207,
       223, 33, 84, 130, 163, 66, 32, 48, 151, 91, 237, 210, 64, 55, 103,
       32, 1, 236, 32, 55, 243, 40, 80, 126, 187, 134, 160, 90, 171, 0,
       15, 249, 229, 54, 65, 113, 138, 230, 171, 29, 86, 95, 238, 114,
       139, 26, 49, 12, 9, 127, 230, 255, 119, 168, 240, 118, 61, 22, 32,
       161, 144, 77, 31, 228, 239, 43, 192, 62, 170, 9, 49, 18, 79, 202,
       188, 18, 166, 186, 214, 183, 12, 222, 231, 41, 175, 179, 64, 110,
       235, 191, 197, 238, 153, 6, 255, 112, 39, 186, 129, 61, 212, 57,
       216, 107, 203, 100, 108, 233, 208, 94, 165, 65, 64, 244, 168, 43,
       46, 150, 245, 204, 247, 246, 195, 221, 10, 71, 253, 54, 249, 204,
       155, 127, 182, 250, 28, 189, 93, 126, 110, 118, 151, 127, 112, 85,
       200, 127, 6, 115, 121, 179, 144, 126, 248, 151, 234, 201, 178, 60,
       47, 114, 239, 161, 128, 127, 187, 104, 147, 60, 93, 121, 238, 116,
       231, 94, 121, 5, 68, 253, 199, 123, 125, 57, 144, 94, 186, 151,
       234, 143, 178, 88, 191, 243, 237, 161, 136, 119, 251, 118, 210,
       14, 237, 150, 159, 221, 215, 190, 232, 159, 132, 206, 3, 236, 254,
       111, 196, 217, 127, 251, 227, 70, 243, 91, 255, 47, 119, 207, 15,
       22, 127, 61, 198, 252, 96, 236, 225, 100, 47, 89, 25, 51, 182, 55,
       153, 223, 31, 91, 27, 47, 149, 117, 189, 40, 212, 209, 128, 199,
       219, 233, 245, 103, 177, 214, 98, 122, 181, 46, 174, 221, 212,
       214, 237, 137, 85, 172, 11, 110, 237, 62, 147, 168, 194, 227, 101,
       94, 107, 154, 245, 251, 113, 68, 123, 83, 78, 254, 218, 120, 82,
       113, 105, 16, 238, 97, 18, 36, 13, 230, 128, 179, 23, 128, 80, 96,
       152, 111, 136, 10, 150, 113, 85, 215, 233, 50, 0, 114, 128, 102,
       121, 57, 141, 83, 236, 117, 135, 78, 119, 85, 8, 250, 66, 107,
       235, 52, 80, 216, 174, 6, 108, 120, 187, 64, 159, 242, 253, 162,
       0, 127, 170, 240, 8, 232, 210, 101, 237, 108, 6, 111, 184, 68, 58,
       246, 230, 89, 11, 177, 211, 92, 212, 183, 234, 232, 20, 105, 157,
       119, 235, 227, 132, 63, 186, 116, 57, 65, 22, 188, 69, 160, 110,
       53, 55, 40, 255, 63, 188, 158, 39, 130, 63, 39, 84, 76, 44, 176,
       248, 49, 76, 236, 187, 117, 212, 200, 224, 135, 241, 9, 48, 63,
       125, 125, 253, 177, 104, 238, 105, 103, 8, 190, 208, 0, 49, 128,
       48, 122, 72, 3, 56, 115, 29, 71, 217, 0, 122, 88, 11, 67, 166,
       252, 91, 238, 164, 44, 70, 91, 88, 1, 172, 246, 15, 119, 29, 19,
       91, 120, 244, 53, 107, 200, 231, 241, 136, 211, 225, 225, 145, 99,
       187, 118, 123, 54, 238, 172, 178, 191, 63, 94, 255, 159, 182, 29,
       159, 207, 237, 123, 10, 151, 67, 221, 63, 238, 103, 90, 186, 234,
       87, 77, 191, 182, 255, 153, 87, 199, 30, 159, 189, 168, 38, 44,
       19, 188, 219, 211, 116, 215, 243, 177, 107, 231, 103, 125, 62,
       185, 197, 3, 74, 128, 250, 255, 128, 140, 241, 161, 33, 33, 172,
       25, 81, 53, 173, 99, 130, 126, 41, 106, 8, 178, 17, 81, 48, 137,
       106, 66, 24, 26, 184, 193, 63, 205, 156, 48, 97, 192, 201, 82,
       168, 130, 232, 146, 218, 205, 193, 160, 198, 150, 23, 64, 19, 32,
       202, 96, 9, 233, 58, 163, 144, 50, 126, 10, 243, 29, 6, 222, 107,
       145, 24, 189, 142, 1, 8, 27, 217, 108, 249, 160, 70, 236, 81, 210,
       82, 156, 136, 244, 235, 106, 9, 74, 17, 135, 188, 71, 192, 20, 24,
       18, 64, 93, 9, 121, 140, 128, 166, 239, 29, 84, 11, 105, 251, 119,
       182, 66, 215, 227, 225, 88, 81, 121, 200, 35, 45, 234, 244, 111,
       95, 44, 26, 199, 36, 117, 168, 116, 224, 66, 145, 148, 209, 139,
       112, 180, 135, 138, 241, 138, 50, 140, 182, 100, 78, 199, 87, 249,
       144, 19, 73, 243, 192, 137, 182, 222, 127, 128, 80, 133, 30, 184,
       92, 123, 126, 91, 197, 83, 112, 212, 68, 228, 3, 61, 223, 35, 49,
       110, 187, 151, 74, 226, 47, 58, 125, 115, 201, 32, 41, 115, 147,
       102, 251, 57, 22, 123, 76, 102, 39, 225, 120, 69, 136, 254, 102,
       83, 1, 181, 100, 126, 172, 22, 42, 137, 183, 36, 14, 82, 169, 160,
       128, 127, 168, 112, 177, 186, 48, 34, 184, 29, 157, 210, 104, 143,
       4, 213, 143, 46, 200, 55, 132, 216, 169, 213, 103, 206, 39, 18,
       223, 146, 81, 11, 59, 87, 47, 30, 70, 88, 249, 58, 248, 9, 220,
