%YAML:1.0
---
descriptors: !!opencv-matrix
   rows: 93
   cols: 32
   dt: u
   data: [ 50, 113, 35, 168, 79, 75, 178, 72, 141, 196, 217, 139, 72,
       204, 63, 132, 248, 153, 251, 227, 76, 35, 214, 220, 145, 16, 139,
       191, 85, 46, 54, 214, 82, 113, 18, 232, 27, 6, 27, 72, 175, 140,
       241, 13, 12, 214, 33, 80, 244, 189, 255, 226, 68, 3, 146, 220,
       209, 176, 11, 190, 24, 35, 35, 211, 48, 96, 102, 141, 77, 11, 248,
       72, 109, 160, 240, 10, 138, 138, 52, 100, 232, 157, 107, 225, 12,
       179, 197, 208, 213, 240, 138, 19, 119, 14, 118, 142, 170, 64, 34,
       156, 77, 215, 178, 104, 95, 134, 113, 19, 72, 216, 63, 141, 248,
       169, 147, 99, 228, 183, 30, 223, 21, 62, 139, 47, 87, 45, 117,
       198, 114, 32, 119, 169, 76, 15, 248, 64, 109, 33, 243, 43, 142,
       154, 52, 64, 234, 141, 127, 209, 14, 179, 193, 192, 215, 184, 138,
       2, 69, 8, 97, 138, 126, 115, 116, 196, 111, 92, 188, 120, 169,
       252, 181, 175, 76, 30, 223, 191, 174, 213, 223, 231, 196, 99, 180,
       192, 87, 121, 75, 191, 103, 183, 15, 247, 192, 8, 83, 209, 76,
       169, 168, 71, 172, 17, 242, 82, 132, 138, 96, 75, 234, 179, 74,
       144, 18, 63, 64, 224, 148, 144, 154, 42, 5, 72, 225, 132, 226,
       194, 83, 177, 108, 169, 248, 71, 175, 19, 240, 243, 173, 138, 244,
       74, 239, 147, 95, 145, 22, 47, 66, 209, 20, 24, 154, 104, 149, 72,
       225, 136, 96, 32, 87, 169, 108, 137, 248, 67, 237, 33, 242, 66,
       140, 139, 20, 94, 106, 141, 110, 153, 6, 187, 195, 208, 215, 184,
       154, 120, 21, 136, 97, 128, 107, 16, 120, 224, 101, 156, 248, 19,
       137, 89, 180, 191, 190, 31, 246, 46, 238, 145, 159, 157, 143, 43,
       244, 192, 215, 89, 186, 250, 23, 140, 81, 255, 177, 140, 11, 173,
       148, 167, 103, 127, 84, 131, 218, 82, 115, 227, 48, 64, 121, 174,
       34, 168, 121, 187, 19, 143, 249, 174, 183, 0, 185, 232, 240, 136,
       222, 125, 126, 239, 251, 82, 191, 248, 189, 174, 223, 130, 221,
       255, 171, 112, 126, 253, 255, 234, 224, 147, 169, 238, 247, 255,
       239, 133, 39, 247, 45, 161, 33, 32, 87, 205, 108, 141, 248, 67,
       174, 49, 242, 98, 157, 154, 160, 104, 110, 141, 110, 152, 2, 185,
       195, 208, 148, 240, 154, 96, 21, 8, 97, 138, 99, 32, 119, 137,
       108, 137, 232, 67, 175, 49, 242, 227, 141, 138, 180, 72, 106, 141,
       127, 149, 134, 188, 199, 208, 84, 120, 154, 200, 21, 8, 113, 136,
       225, 140, 211, 211, 204, 173, 172, 199, 254, 19, 242, 82, 164,
       178, 96, 111, 235, 139, 110, 152, 54, 125, 194, 243, 61, 82, 94,
       74, 149, 88, 225, 142, 104, 165, 152, 114, 157, 205, 85, 175, 147,
       183, 173, 9, 182, 243, 74, 18, 153, 218, 105, 8, 90, 107, 218, 23,
       235, 221, 21, 125, 80, 106, 206, 106, 153, 157, 126, 252, 118,
       214, 127, 119, 253, 76, 254, 2, 61, 187, 182, 113, 110, 175, 23,
       204, 241, 187, 48, 239, 99, 235, 166, 0, 35, 128, 225, 235, 40,
       133, 56, 104, 157, 237, 81, 175, 119, 21, 236, 25, 187, 189, 58,
       112, 217, 154, 195, 8, 58, 42, 112, 23, 235, 255, 16, 77, 242, 72,
       206, 106, 0, 157, 59, 188, 48, 236, 49, 119, 188, 73, 78, 17, 180,
       183, 32, 112, 165, 59, 59, 0, 51, 152, 146, 103, 201, 165, 58, 72,
       8, 64, 165, 123, 70, 201, 190, 187, 222, 192, 187, 236, 142, 213,
       86, 3, 253, 239, 120, 74, 243, 103, 59, 213, 82, 90, 159, 241,
       253, 39, 255, 205, 181, 18, 37, 250, 11, 219, 99, 203, 52, 149,
       239, 244, 31, 72, 92, 230, 40, 207, 180, 228, 126, 187, 151, 204,
       195, 186, 38, 255, 36, 92, 170, 202, 62, 142, 180, 253, 62, 217,
       240, 164, 181, 95, 86, 232, 47, 236, 254, 11, 111, 127, 7, 212,
       249, 255, 253, 98, 92, 251, 121, 236, 187, 255, 199, 55, 227, 191,
       110, 95, 151, 222, 39, 156, 170, 23, 159, 252, 156, 222, 156, 231,
       124, 252, 191, 39, 183, 113, 183, 231, 225, 71, 62, 255, 104, 26,
       239, 158, 30, 247, 53, 245, 95, 25, 114, 161, 103, 94, 123, 82,
       45, 236, 246, 175, 31, 31, 151, 116, 238, 189, 223, 227, 137, 147,
       53, 200, 215, 249, 171, 134, 46, 165, 39, 119, 63, 54, 97, 65,
       198, 115, 239, 218, 84, 238, 127, 239, 89, 13, 215, 172, 63, 204,
       151, 191, 137, 178, 45, 154, 118, 79, 165, 164, 239, 255, 118,
       245, 169, 94, 127, 101, 116, 14, 109, 54, 124, 200, 118, 100, 147,
       1, 145, 49, 14, 44, 86, 12, 233, 188, 97, 14, 102, 189, 48, 128,
       104, 176, 66, 249, 13, 39, 232, 69, 228, 58, 111, 19, 121, 238,
       126, 236, 27, 35, 215, 188, 55, 206, 20, 46, 213, 176, 229, 74,
       102, 221, 37, 160, 239, 247, 74, 245, 120, 177, 184, 232, 219,
       221, 83, 89, 171, 77, 173, 8, 63, 223, 106, 176, 164, 155, 221,
       80, 31, 43, 242, 145, 251, 221, 0, 123, 242, 6, 238, 115, 93, 49,
       185, 98, 224, 110, 83, 25, 105, 232, 189, 76, 223, 87, 75, 58,
       180, 156, 93, 58, 153, 114, 248, 0, 211, 253, 33, 60, 226, 227,
       66, 115, 58, 119, 232, 97, 246, 9, 95, 223, 97, 229, 124, 175, 59,
       45, 222, 48, 62, 203, 21, 253, 222, 186, 101, 170, 127, 205, 180,
       161, 229, 218, 214, 219, 1, 183, 193, 1, 246, 153, 165, 191, 122,
       121, 120, 252, 168, 44, 222, 164, 55, 10, 66, 29, 215, 120, 237,
       87, 44, 30, 54, 230, 207, 132, 203, 253, 47, 176, 184, 224, 221,
       253, 219, 216, 75, 253, 181, 24, 158, 223, 127, 56, 221, 153, 223,
       49, 158, 99, 250, 208, 223, 221, 137, 127, 211, 15, 94, 230, 112,
       192, 90, 111, 114, 136, 121, 60, 39, 5, 230, 1, 55, 23, 8, 80,
       118, 158, 109, 200, 10, 154, 193, 29, 247, 165, 50, 64, 48, 130,
       38, 106, 166, 72, 2, 159, 93, 215, 186, 72, 159, 14, 81, 19, 236,
       220, 39, 204, 216, 57, 179, 67, 102, 182, 90, 223, 7, 54, 155,
       171, 23, 61, 61, 198, 194, 140, 91, 243, 204, 168, 236, 71, 172,
       19, 226, 82, 133, 130, 112, 75, 107, 171, 74, 153, 50, 28, 195,
       98, 148, 144, 26, 104, 149, 72, 225, 136, 34, 32, 83, 225, 76,
       137, 232, 64, 109, 33, 227, 10, 134, 11, 20, 74, 106, 141, 90,
       209, 2, 179, 193, 192, 148, 184, 138, 0, 5, 138, 97, 136, 49, 140,
       11, 189, 20, 167, 97, 119, 84, 139, 250, 18, 51, 163, 176, 64,
       121, 174, 38, 136, 57, 187, 17, 159, 248, 174, 178, 64, 57, 72,
       240, 168, 1, 159, 83, 173, 178, 138, 46, 119, 108, 72, 122, 228,
       255, 39, 160, 64, 118, 46, 14, 108, 209, 152, 5, 111, 164, 190,
       34, 192, 108, 130, 169, 153, 11, 159, 123, 203, 178, 215, 59, 247,
       30, 77, 94, 230, 189, 255, 178, 224, 118, 59, 159, 220, 215, 152,
       53, 255, 238, 125, 174, 192, 158, 142, 173, 249, 66, 32, 83, 169,
       108, 136, 232, 67, 173, 17, 242, 211, 149, 138, 84, 74, 234, 169,
       91, 145, 2, 24, 199, 192, 148, 56, 154, 104, 20, 136, 97, 128,
       132, 140, 151, 219, 236, 169, 172, 199, 254, 19, 226, 82, 180,
       162, 104, 75, 235, 235, 106, 152, 50, 94, 203, 115, 28, 18, 222,
       72, 148, 88, 225, 136, 1, 0, 87, 241, 108, 136, 232, 67, 108, 49,
       114, 82, 149, 131, 212, 75, 106, 41, 106, 28, 2, 152, 199, 209,
       132, 184, 154, 64, 28, 136, 49, 168, 88, 125, 151, 116, 25, 206,
       23, 182, 168, 160, 170, 8, 190, 183, 65, 114, 160, 117, 120, 64,
       65, 201, 176, 106, 249, 245, 20, 18, 0, 48, 7, 58, 88, 89, 59,
       244, 51, 200, 87, 102, 181, 132, 238, 33, 63, 151, 33, 80, 162,
       243, 221, 192, 72, 137, 48, 47, 243, 229, 60, 3, 32, 16, 39, 107,
       172, 160, 184, 240, 205, 237, 209, 67, 159, 191, 53, 24, 158, 221,
       74, 8, 137, 27, 211, 16, 18, 110, 250, 146, 207, 221, 85, 111,
       211, 72, 207, 226, 163, 237, 98, 66, 215, 155, 238, 229, 205, 33,
       252, 10, 40, 136, 180, 180, 234, 170, 130, 200, 246, 187, 36, 255,
       58, 92, 132, 99, 87, 142, 250, 140, 58, 173, 98, 88, 221, 177,
       146, 227, 223, 133, 184, 139, 42, 136, 119, 164, 200, 187, 130,
       21, 158, 43, 38, 255, 59, 92, 139, 123, 215, 12, 126, 206, 253,
       222, 239, 250, 174, 17, 79, 254, 151, 214, 180, 238, 51, 173, 241,
       99, 111, 194, 63, 222, 235, 111, 46, 178, 250, 203, 244, 188, 191,
