%YAML:1.0
---
descriptors: !!opencv-matrix
   rows: 287
   cols: 32
   dt: u
   data: [ 10, 158, 50, 152, 117, 188, 176, 103, 173, 13, 124, 53, 172,
       190, 38, 196, 134, 59, 131, 1, 22, 184, 18, 247, 135, 245, 26, 75,
       210, 12, 141, 159, 45, 166, 224, 27, 252, 185, 194, 89, 87, 45,
       121, 223, 227, 200, 222, 140, 217, 10, 134, 29, 158, 178, 78, 147,
       14, 92, 53, 252, 215, 206, 218, 196, 237, 112, 149, 71, 105, 31,
       70, 152, 43, 186, 167, 72, 222, 19, 201, 191, 20, 212, 124, 122,
       73, 102, 217, 72, 135, 219, 69, 54, 202, 251, 74, 53, 227, 153,
       220, 88, 202, 80, 179, 174, 122, 89, 116, 242, 17, 58, 206, 115,
       103, 223, 54, 226, 247, 94, 239, 99, 94, 43, 246, 207, 189, 1,
       235, 159, 61, 81, 123, 103, 113, 14, 119, 112, 33, 104, 255, 69,
       95, 27, 11, 112, 188, 205, 84, 110, 205, 178, 57, 12, 247, 237,
       32, 4, 104, 179, 98, 195, 144, 140, 175, 190, 156, 239, 229, 175,
       222, 243, 22, 18, 247, 253, 48, 107, 177, 103, 123, 57, 58, 237,
       43, 191, 233, 235, 223, 85, 148, 104, 213, 106, 172, 188, 188,
       119, 229, 127, 119, 190, 53, 255, 246, 25, 219, 125, 10, 27, 157,
       222, 247, 58, 56, 244, 123, 42, 239, 255, 117, 85, 194, 248, 206,
       243, 204, 28, 188, 249, 232, 110, 117, 158, 59, 223, 118, 29, 223,
       119, 3, 91, 133, 215, 125, 8, 56, 204, 155, 50, 207, 251, 117,
       197, 160, 241, 206, 115, 149, 143, 71, 161, 148, 139, 234, 225,
       79, 160, 187, 78, 67, 72, 52, 0, 122, 229, 14, 255, 93, 185, 13,
       252, 184, 136, 135, 84, 125, 171, 208, 4, 115, 198, 200, 239, 68,
       0, 238, 205, 59, 19, 249, 71, 107, 106, 28, 82, 123, 205, 39, 134,
       78, 150, 203, 195, 54, 238, 214, 140, 125, 250, 250, 136, 133,
       141, 87, 210, 180, 207, 239, 225, 221, 178, 179, 26, 222, 72, 52,
       169, 171, 161, 126, 123, 113, 237, 57, 254, 189, 26, 79, 84, 77,
       43, 209, 32, 114, 212, 209, 239, 69, 68, 239, 205, 59, 7, 249, 2,
       105, 123, 76, 86, 249, 223, 55, 130, 75, 214, 219, 227, 181, 254,
       158, 15, 101, 114, 246, 170, 100, 92, 252, 73, 220, 126, 195, 158,
       66, 52, 188, 10, 83, 61, 149, 122, 89, 212, 110, 122, 136, 34,
       249, 28, 127, 175, 229, 93, 209, 251, 84, 34, 41, 173, 55, 229,
       36, 111, 229, 55, 72, 238, 126, 8, 243, 53, 144, 39, 8, 126, 126,
       41, 249, 248, 241, 141, 229, 251, 100, 0, 70, 232, 215, 232, 168,
       183, 163, 245, 36, 14, 237, 55, 57, 234, 86, 252, 155, 165, 144,
       135, 30, 126, 247, 45, 241, 248, 145, 139, 100, 241, 108, 128, 78,
       236, 222, 185, 193, 147, 223, 189, 170, 34, 60, 59, 60, 83, 211,
       244, 221, 118, 170, 107, 247, 87, 44, 163, 245, 196, 127, 67, 128,
       163, 122, 132, 60, 224, 169, 17, 150, 171, 127, 240, 174, 139,
       248, 225, 253, 176, 50, 219, 207, 201, 52, 9, 167, 53, 125, 115,
       240, 253, 15, 252, 154, 218, 111, 214, 101, 169, 193, 1, 122, 192,
       225, 239, 79, 84, 126, 188, 115, 3, 125, 2, 105, 255, 92, 118,
       123, 205, 53, 138, 202, 22, 255, 209, 7, 255, 222, 173, 55, 246,
       230, 134, 117, 77, 109, 73, 220, 118, 203, 154, 98, 244, 190, 2,
       211, 58, 215, 122, 89, 196, 124, 250, 169, 34, 253, 62, 127, 171,
       167, 84, 181, 243, 116, 100, 103, 113, 22, 12, 171, 31, 150, 104,
       207, 224, 129, 44, 204, 248, 47, 175, 150, 69, 250, 99, 132, 35,
       154, 156, 176, 120, 73, 62, 94, 63, 11, 135, 133, 156, 93, 153,
       106, 242, 41, 186, 28, 83, 82, 214, 213, 102, 182, 105, 103, 87,
       62, 238, 181, 200, 127, 125, 140, 43, 235, 196, 188, 225, 41, 245,
       91, 159, 194, 253, 178, 178, 110, 55, 53, 137, 94, 230, 237, 99,
       160, 244, 119, 191, 189, 140, 153, 152, 5, 239, 170, 230, 254,
       192, 174, 226, 169, 29, 137, 2, 247, 89, 36, 254, 233, 87, 126,
       91, 118, 84, 190, 131, 180, 237, 243, 42, 38, 28, 147, 252, 51,
       209, 5, 185, 114, 64, 218, 128, 97, 169, 219, 130, 78, 191, 50,
       162, 105, 21, 54, 5, 215, 247, 229, 11, 186, 73, 118, 143, 191,
       149, 158, 216, 69, 197, 212, 99, 250, 192, 173, 132, 57, 89, 252,
       124, 220, 101, 168, 111, 94, 152, 50, 250, 182, 24, 223, 55, 67,
       27, 31, 212, 253, 106, 105, 100, 249, 26, 207, 203, 101, 53, 234,
       241, 78, 19, 149, 46, 74, 165, 150, 43, 111, 255, 52, 170, 218,
       246, 243, 98, 145, 80, 127, 238, 62, 174, 185, 144, 205, 46, 188,
       172, 175, 128, 173, 251, 178, 169, 231, 178, 142, 155, 108, 191,
       184, 73, 191, 121, 215, 159, 196, 202, 126, 90, 237, 141, 127,
       151, 38, 215, 219, 211, 158, 51, 203, 239, 156, 14, 57, 215, 125,
       161, 191, 234, 173, 223, 79, 216, 239, 88, 253, 8, 223, 253, 30,
       52, 221, 194, 93, 94, 155, 35, 122, 177, 251, 219, 71, 92, 194,
       254, 210, 98, 38, 232, 234, 90, 77, 253, 241, 202, 223, 63, 117,
       26, 40, 216, 118, 56, 185, 187, 115, 131, 130, 123, 186, 243, 31,
       30, 209, 43, 213, 73, 118, 174, 177, 139, 103, 174, 20, 3, 199,
       113, 69, 72, 243, 70, 115, 9, 176, 100, 120, 160, 6, 239, 201,
       191, 69, 189, 48, 168, 162, 0, 125, 138, 112, 136, 219, 246, 133,
       225, 180, 4, 109, 183, 35, 123, 150, 214, 157, 7, 216, 239, 39,
       199, 61, 156, 251, 220, 177, 226, 190, 249, 190, 196, 174, 148,
       161, 56, 52, 163, 223, 103, 246, 11, 167, 205, 58, 161, 123, 234,
       83, 97, 204, 2, 63, 223, 99, 113, 17, 240, 137, 2, 108, 142, 37,
       228, 237, 251, 195, 161, 143, 29, 46, 188, 61, 151, 190, 224, 221,
       202, 222, 199, 236, 248, 55, 225, 255, 107, 158, 231, 229, 171,
       86, 238, 190, 95, 207, 139, 223, 124, 121, 159, 1, 175, 42, 25,
       220, 149, 180, 239, 254, 93, 76, 16, 165, 216, 254, 96, 225, 10,
       42, 145, 214, 186, 230, 119, 111, 39, 62, 105, 144, 0, 189, 238,
       253, 19, 207, 204, 172, 54, 76, 29, 133, 202, 215, 118, 211, 227,
       185, 238, 94, 164, 62, 172, 153, 163, 101, 138, 146, 255, 226,
       144, 190, 232, 248, 49, 164, 250, 186, 210, 237, 193, 177, 206,
       218, 191, 116, 58, 164, 216, 108, 8, 217, 123, 163, 17, 114, 127,
       138, 243, 93, 23, 223, 111, 193, 8, 247, 171, 109, 230, 196, 75,
       172, 63, 79, 184, 83, 178, 165, 136, 195, 97, 221, 191, 89, 196,
       125, 254, 251, 102, 221, 145, 206, 218, 197, 124, 247, 255, 90,
       36, 17, 77, 10, 189, 22, 206, 127, 246, 164, 68, 74, 135, 183,
       134, 35, 64, 34, 107, 14, 68, 70, 152, 39, 61, 228, 165, 58, 0,
       48, 27, 33, 218, 138, 152, 147, 248, 187, 229, 17, 199, 158, 27,
       80, 48, 188, 151, 32, 200, 199, 59, 175, 16, 50, 12, 82, 243, 201,
       247, 58, 251, 144, 8, 165, 59, 216, 191, 191, 254, 168, 236, 93,
       221, 254, 191, 183, 61, 255, 231, 73, 91, 167, 243, 237, 18, 58,
       75, 186, 51, 251, 243, 119, 249, 144, 243, 167, 123, 84, 105, 58,
       172, 14, 13, 94, 104, 138, 164, 0, 13, 135, 200, 51, 0, 144, 225,
       105, 111, 68, 33, 154, 24, 241, 161, 13, 61, 112, 59, 95, 66, 237,
       99, 244, 71, 236, 31, 206, 152, 107, 190, 181, 76, 74, 72, 223,
       191, 154, 196, 102, 110, 204, 114, 237, 200, 54, 217, 101, 60, 71,
       255, 74, 133, 61, 115, 123, 103, 117, 79, 115, 112, 97, 236, 255,
       76, 95, 23, 11, 48, 188, 220, 85, 110, 200, 178, 57, 12, 247, 221,
       33, 4, 98, 179, 102, 227, 189, 98, 252, 97, 74, 91, 218, 216, 67,
       240, 181, 204, 75, 75, 223, 155, 31, 197, 68, 250, 205, 102, 205,
       24, 26, 201, 37, 61, 107, 187, 74, 133, 171, 149, 101, 85, 36, 63,
       237, 55, 13, 242, 190, 220, 251, 37, 148, 167, 78, 246, 125, 172,
       249, 252, 117, 172, 166, 250, 242, 144, 78, 236, 208, 253, 116,
       101, 236, 106, 141, 71, 86, 200, 67, 190, 173, 8, 83, 233, 79, 59,
       217, 196, 108, 114, 78, 99, 235, 48, 251, 203, 229, 125, 241, 251,
       198, 66, 169, 223, 40, 169, 221, 157, 238, 253, 196, 64, 216, 94,
       185, 136, 54, 225, 236, 170, 26, 237, 223, 62, 86, 253, 246, 89,
       138, 104, 31, 159, 249, 156, 137, 205, 208, 229, 182, 10, 103,
       191, 116, 162, 122, 226, 243, 99, 153, 208, 115, 206, 46, 172, 97,
