%YAML:1.0
---
descriptors: !!opencv-matrix
   rows: 161
   cols: 32
   dt: u
   data: [ 67, 8, 161, 158, 125, 240, 184, 194, 203, 77, 88, 31, 172,
       236, 119, 238, 192, 111, 187, 21, 134, 10, 230, 227, 23, 52, 154,
       171, 148, 79, 61, 223, 45, 127, 231, 77, 244, 59, 239, 250, 119,
       234, 250, 230, 211, 104, 149, 240, 127, 236, 118, 238, 185, 250,
       237, 238, 60, 174, 231, 132, 239, 249, 82, 245, 40, 245, 121, 69,
       116, 143, 103, 119, 101, 40, 126, 74, 51, 25, 144, 52, 122, 190,
       22, 8, 201, 186, 117, 79, 119, 141, 32, 0, 111, 138, 194, 169,
       138, 79, 18, 152, 219, 240, 188, 198, 191, 134, 208, 163, 172,
       142, 39, 204, 231, 187, 171, 145, 38, 143, 130, 254, 191, 119,
       158, 203, 150, 84, 47, 223, 188, 25, 126, 254, 157, 214, 83, 112,
       197, 196, 247, 3, 91, 253, 51, 67, 88, 244, 159, 234, 120, 163,
       122, 172, 243, 235, 227, 89, 55, 171, 116, 82, 245, 89, 111, 194,
       20, 214, 75, 240, 225, 204, 215, 66, 81, 247, 181, 115, 120, 244,
       61, 234, 249, 151, 60, 236, 115, 169, 227, 196, 37, 179, 116, 113,
       12, 88, 126, 127, 96, 221, 127, 48, 45, 142, 126, 160, 255, 119,
       129, 52, 6, 121, 199, 74, 128, 176, 115, 232, 103, 253, 96, 128,
       99, 179, 71, 241, 2, 145, 58, 235, 117, 213, 186, 109, 31, 13, 92,
       3, 172, 222, 46, 196, 220, 59, 147, 209, 86, 152, 112, 255, 47,
       85, 138, 227, 20, 10, 189, 223, 24, 31, 119, 255, 54, 166, 175,
       55, 52, 72, 90, 230, 253, 39, 176, 96, 118, 51, 63, 141, 177, 152,
       5, 239, 228, 239, 186, 128, 60, 194, 33, 185, 131, 26, 251, 255,
       50, 162, 41, 23, 60, 73, 82, 246, 189, 151, 160, 104, 102, 63, 63,
       149, 179, 220, 5, 226, 196, 174, 186, 192, 172, 128, 33, 57, 0,
       216, 59, 81, 180, 238, 233, 150, 124, 73, 118, 16, 179, 23, 16,
       41, 177, 58, 23, 24, 179, 252, 49, 127, 207, 191, 50, 64, 192,
       136, 199, 249, 10, 59, 32, 138, 105, 181, 186, 204, 143, 12, 220,
       173, 172, 206, 103, 198, 204, 59, 219, 215, 198, 11, 218, 241, 22,
       112, 138, 187, 26, 95, 45, 223, 18, 34, 102, 137, 74, 193, 185,
       67, 166, 53, 210, 163, 169, 142, 226, 78, 110, 189, 239, 145, 6,
       159, 199, 209, 212, 32, 186, 195, 53, 132, 37, 221, 6, 41, 176,
       91, 237, 221, 177, 72, 79, 92, 117, 12, 168, 204, 247, 45, 200,
       10, 162, 83, 198, 114, 254, 241, 5, 16, 66, 43, 83, 13, 69, 238,
       129, 154, 187, 251, 100, 173, 185, 87, 254, 89, 80, 116, 188, 223,
       224, 105, 230, 59, 23, 29, 147, 188, 34, 241, 199, 152, 58, 202,
       156, 136, 161, 241, 129, 10, 123, 251, 228, 168, 105, 23, 236, 89,
       82, 246, 149, 143, 240, 107, 102, 43, 31, 156, 147, 156, 102, 224,
       196, 184, 186, 136, 60, 192, 161, 241, 42, 249, 96, 203, 117, 213,
       182, 204, 95, 77, 120, 3, 168, 216, 62, 164, 216, 57, 147, 81,
       198, 58, 100, 253, 39, 92, 142, 235, 87, 30, 253, 207, 111, 89,
       182, 142, 105, 20, 146, 232, 136, 212, 140, 13, 236, 254, 39, 215,
       204, 101, 235, 102, 68, 35, 250, 232, 179, 48, 78, 59, 90, 63, 43,
       94, 82, 98, 106, 172, 42, 0, 57, 120, 36, 12, 214, 167, 165, 143,
       34, 80, 254, 157, 239, 197, 72, 131, 227, 73, 210, 229, 170, 137,
       53, 130, 37, 219, 41, 251, 123, 234, 116, 197, 127, 245, 21, 72,
       124, 110, 57, 223, 176, 48, 254, 187, 23, 200, 219, 186, 48, 255,
       127, 221, 164, 232, 127, 154, 226, 249, 41, 103, 220, 101, 52, 14,
       108, 63, 117, 168, 122, 200, 223, 35, 129, 16, 22, 204, 110, 44,
       104, 176, 65, 14, 230, 255, 33, 4, 104, 184, 66, 32, 59, 2, 238,
       189, 94, 3, 233, 91, 22, 245, 210, 231, 1, 140, 182, 73, 126, 141,
       175, 149, 140, 218, 103, 156, 92, 35, 251, 192, 189, 140, 124,
       212, 177, 6, 73, 225, 164, 43, 73, 87, 77, 226, 180, 254, 159, 11,
       209, 57, 110, 128, 94, 44, 137, 180, 101, 134, 214, 217, 162, 116,
       255, 136, 82, 112, 126, 101, 50, 174, 21, 213, 82, 104, 5, 132,
       217, 11, 239, 254, 35, 212, 216, 249, 133, 225, 94, 3, 216, 191,
       177, 245, 139, 59, 48, 63, 62, 70, 189, 193, 78, 174, 30, 5, 79,
       252, 132, 16, 213, 70, 115, 195, 59, 97, 124, 192, 31, 239, 202,
       3, 30, 61, 240, 169, 175, 152, 61, 187, 56, 8, 9, 142, 95, 117,
       52, 190, 105, 55, 125, 73, 126, 68, 255, 34, 144, 228, 135, 38,
       110, 12, 181, 184, 101, 15, 142, 255, 114, 192, 202, 136, 73, 61,
       161, 222, 125, 69, 36, 15, 239, 188, 116, 126, 246, 100, 243, 23,
       156, 53, 94, 68, 126, 110, 233, 180, 105, 63, 101, 187, 97, 148,
       88, 152, 67, 249, 113, 95, 109, 5, 172, 15, 207, 191, 69, 238,
       190, 237, 211, 40, 151, 51, 93, 230, 124, 111, 220, 250, 237, 14,
       254, 127, 229, 148, 103, 254, 208, 77, 2, 140, 18, 158, 117, 244,
       186, 194, 30, 5, 91, 19, 172, 238, 38, 196, 249, 59, 131, 129, 38,
       154, 26, 255, 53, 52, 154, 11, 18, 79, 45, 206, 88, 249, 18, 250,
       137, 196, 93, 247, 171, 21, 172, 8, 191, 151, 96, 82, 224, 179,
       253, 80, 74, 11, 178, 181, 251, 249, 30, 123, 2, 16, 167, 122,
       245, 92, 111, 222, 100, 214, 79, 112, 208, 196, 231, 2, 113, 223,
       181, 115, 120, 244, 56, 234, 233, 231, 60, 172, 123, 171, 227, 72,
       37, 187, 116, 112, 2, 153, 18, 154, 95, 197, 186, 231, 158, 9, 88,
       3, 172, 222, 36, 196, 237, 59, 147, 193, 82, 154, 18, 255, 61, 20,
       154, 203, 16, 12, 189, 159, 169, 223, 121, 203, 116, 151, 239,
       253, 69, 72, 124, 230, 59, 11, 180, 36, 94, 170, 22, 236, 235,
       186, 100, 255, 110, 217, 166, 192, 127, 138, 224, 185, 169, 44,
       234, 117, 109, 237, 225, 194, 91, 247, 240, 26, 186, 184, 87, 43,
       203, 235, 119, 25, 174, 254, 246, 226, 95, 89, 82, 41, 197, 249,
       87, 206, 33, 165, 99, 77, 84, 27, 231, 107, 95, 164, 125, 78, 96,
       200, 244, 164, 88, 168, 2, 40, 195, 186, 124, 159, 62, 12, 133,
       44, 95, 170, 210, 164, 41, 132, 99, 73, 116, 59, 227, 115, 117,
       33, 127, 74, 24, 9, 148, 180, 122, 158, 18, 40, 145, 186, 117,
       223, 54, 60, 144, 64, 111, 138, 242, 164, 60, 21, 121, 73, 188,
       239, 211, 57, 70, 40, 253, 34, 115, 85, 44, 96, 88, 178, 151, 106,
       24, 34, 121, 29, 99, 141, 33, 125, 115, 139, 100, 51, 43, 2, 228,
       189, 6, 154, 233, 83, 86, 117, 86, 215, 145, 12, 146, 73, 108,
       140, 55, 157, 158, 252, 117, 149, 68, 43, 250, 192, 189, 140, 112,
       220, 3, 159, 40, 171, 180, 247, 186, 235, 28, 77, 94, 167, 225,
       108, 62, 65, 222, 11, 147, 181, 182, 152, 109, 255, 110, 69, 170,
       197, 29, 14, 189, 215, 90, 249, 178, 250, 11, 208, 16, 65, 171,
       21, 164, 163, 44, 223, 103, 214, 230, 179, 255, 209, 70, 11, 130,
       241, 219, 241, 26, 187, 50, 4, 47, 26, 58, 206, 48, 138, 123, 245,
       158, 238, 13, 13, 157, 171, 46, 110, 47, 148, 222, 187, 159, 167,
       142, 3, 104, 255, 179, 84, 138, 187, 22, 94, 47, 95, 111, 244, 33,
       138, 125, 253, 182, 200, 207, 104, 157, 107, 172, 220, 126, 164,
       141, 145, 219, 99, 199, 35, 122, 243, 55, 20, 11, 191, 87, 127,
       31, 215, 53, 93, 117, 69, 164, 14, 207, 190, 80, 232, 250, 78, 83,
       53, 149, 35, 94, 220, 52, 110, 233, 242, 245, 12, 101, 136, 229,
       180, 109, 248, 80, 177, 60, 13, 251, 78, 149, 198, 199, 97, 213,
       196, 239, 2, 83, 245, 53, 100, 120, 254, 50, 234, 88, 171, 186,
       174, 123, 238, 135, 8, 227, 122, 244, 226, 40, 236, 181, 90, 13,
       205, 197, 174, 214, 31, 173, 24, 242, 245, 44, 52, 201, 154, 122,
       8, 123, 110, 122, 55, 105, 222, 84, 123, 82, 90, 196, 234, 113,
       23, 204, 37, 182, 10, 236, 59, 116, 234, 218, 239, 83, 56, 147,
       112, 119, 132, 125, 173, 237, 152, 69, 14, 188, 46, 173, 148, 45,
       224, 122, 29, 193, 92, 61, 127, 36, 46, 103, 184, 252, 122, 119,
       68, 243, 55, 129, 59, 38, 84, 124, 110, 225, 244, 105, 63, 199,
       187, 97, 148, 72, 241, 66, 121, 187, 141, 126, 90, 223, 247, 210,
       198, 223, 95, 180, 27, 106, 252, 55, 189, 233, 227, 198, 84, 46,
       111, 62, 255, 123, 91, 17, 91, 251, 93, 110, 94, 26, 159, 55, 191,
