%YAML:1.0
---
descriptors: !!opencv-matrix
   rows: 201
   cols: 32
   dt: u
   data: [ 245, 68, 237, 231, 92, 39, 71, 56, 82, 234, 215, 90, 83, 113,
       152, 35, 89, 196, 125, 175, 168, 118, 253, 14, 253, 175, 229, 52,
       37, 235, 80, 96, 209, 76, 79, 229, 6, 10, 109, 50, 228, 130, 210,
       66, 247, 35, 177, 67, 98, 229, 124, 238, 105, 149, 5, 12, 192,
       171, 234, 0, 45, 240, 97, 32, 29, 73, 211, 239, 70, 198, 239, 116,
       172, 128, 82, 66, 125, 215, 49, 224, 118, 253, 51, 234, 65, 145,
       16, 232, 245, 233, 234, 128, 47, 179, 33, 184, 83, 93, 123, 206,
       114, 134, 175, 116, 172, 192, 91, 198, 125, 254, 181, 96, 118,
       245, 59, 239, 193, 145, 52, 236, 113, 44, 174, 128, 45, 242, 33,
       121, 57, 16, 90, 224, 99, 77, 81, 80, 33, 64, 244, 13, 31, 31, 2,
       50, 174, 145, 213, 16, 29, 179, 49, 0, 211, 217, 0, 67, 107, 0,
       106, 211, 32, 184, 146, 232, 119, 137, 178, 192, 95, 41, 120, 42,
       12, 155, 100, 16, 251, 57, 2, 17, 18, 58, 18, 241, 93, 148, 19,
       111, 208, 11, 7, 131, 66, 148, 188, 63, 155, 108, 177, 7, 186, 31,
       79, 49, 172, 62, 14, 90, 135, 31, 249, 1, 54, 136, 251, 99, 71,
       55, 24, 147, 128, 80, 135, 219, 20, 173, 62, 82, 153, 208, 214,
       229, 236, 21, 174, 1, 108, 238, 110, 16, 177, 115, 234, 210, 86,
       235, 58, 119, 251, 215, 7, 75, 64, 18, 239, 94, 18, 111, 142, 189,
       12, 140, 127, 230, 173, 134, 218, 135, 167, 174, 51, 2, 174, 99,
       111, 69, 108, 201, 147, 107, 224, 246, 222, 136, 44, 120, 49, 154,
       157, 140, 175, 254, 156, 107, 239, 175, 214, 243, 86, 18, 243,
       253, 56, 43, 57, 110, 63, 47, 33, 237, 63, 191, 233, 239, 255, 20,
       157, 248, 209, 122, 229, 75, 65, 31, 108, 159, 104, 16, 85, 236,
       243, 214, 211, 2, 151, 251, 78, 164, 126, 206, 237, 30, 229, 202,
       22, 184, 226, 144, 61, 171, 88, 69, 53, 74, 78, 68, 20, 30, 71,
       64, 117, 164, 238, 6, 99, 128, 183, 117, 120, 236, 44, 238, 204,
       179, 37, 44, 178, 234, 193, 1, 99, 191, 120, 68, 110, 143, 128,
       173, 157, 63, 134, 175, 22, 169, 152, 106, 166, 184, 241, 198,
       201, 254, 186, 17, 31, 122, 201, 186, 188, 86, 13, 63, 223, 124,
       152, 13, 40, 72, 186, 219, 21, 247, 211, 80, 86, 7, 68, 18, 178,
       209, 49, 108, 89, 56, 130, 26, 10, 182, 114, 187, 67, 143, 146, 9,
       243, 153, 124, 170, 44, 53, 120, 111, 253, 95, 86, 184, 53, 172,
       255, 9, 219, 125, 10, 144, 216, 220, 247, 98, 120, 176, 89, 46,
       231, 255, 36, 21, 98, 251, 206, 146, 251, 82, 218, 172, 41, 22,
       95, 52, 49, 238, 231, 237, 79, 182, 195, 251, 244, 213, 253, 230,
       204, 199, 233, 202, 243, 243, 230, 159, 42, 247, 46, 87, 236, 117,
       124, 235, 164, 79, 127, 56, 61, 206, 247, 41, 223, 31, 11, 81,
       214, 221, 255, 106, 104, 176, 89, 30, 231, 251, 100, 149, 98, 242,
       79, 83, 90, 127, 110, 108, 42, 211, 31, 114, 7, 238, 94, 231, 105,
       143, 183, 100, 6, 255, 189, 198, 204, 153, 167, 189, 98, 121, 169,
       131, 55, 247, 44, 125, 64, 143, 222, 94, 242, 162, 111, 231, 184,
       128, 106, 224, 117, 99, 161, 50, 126, 255, 34, 136, 80, 154, 130,
       111, 188, 166, 118, 0, 136, 242, 162, 136, 153, 204, 14, 188, 14,
       208, 77, 246, 148, 2, 198, 2, 113, 226, 49, 227, 104, 226, 42,
       233, 105, 143, 54, 175, 240, 227, 250, 8, 60, 56, 56, 40, 253,
       229, 205, 103, 148, 75, 79, 189, 49, 226, 255, 200, 115, 101, 153,
       48, 93, 196, 124, 238, 105, 242, 237, 14, 255, 239, 165, 180, 101,
       250, 210, 112, 80, 175, 19, 20, 151, 203, 166, 231, 252, 136, 122,
       78, 174, 232, 52, 132, 48, 110, 106, 89, 83, 185, 144, 175, 60,
       52, 4, 66, 75, 14, 217, 44, 17, 173, 115, 72, 246, 128, 179, 103,
       236, 1, 106, 34, 188, 152, 180, 228, 242, 187, 10, 209, 210, 187,
       36, 255, 56, 172, 6, 74, 85, 2, 225, 172, 41, 139, 91, 237, 210,
       134, 47, 231, 48, 128, 106, 192, 113, 227, 32, 80, 124, 255, 34,
       200, 80, 154, 21, 111, 108, 167, 134, 0, 33, 130, 163, 168, 34,
       189, 234, 74, 213, 249, 211, 199, 95, 69, 124, 139, 42, 189, 118,
       20, 219, 154, 147, 17, 26, 58, 48, 247, 91, 20, 16, 107, 215, 79,
       246, 222, 194, 148, 157, 183, 137, 108, 53, 159, 190, 255, 2, 21,
       244, 255, 72, 75, 133, 87, 105, 21, 55, 205, 219, 99, 205, 182,
       95, 66, 136, 112, 133, 90, 19, 143, 64, 153, 215, 145, 238, 167,
       95, 65, 88, 230, 40, 40, 182, 228, 127, 235, 150, 205, 247, 184,
       4, 255, 46, 92, 158, 195, 63, 142, 249, 140, 60, 112, 176, 224,
       45, 45, 80, 80, 235, 185, 185, 72, 143, 153, 85, 26, 140, 197,
       100, 88, 136, 99, 218, 128, 219, 217, 37, 62, 194, 251, 66, 3, 35,
       181, 99, 66, 253, 213, 191, 255, 203, 237, 61, 175, 40, 252, 246,
       36, 223, 251, 147, 209, 215, 42, 254, 245, 127, 92, 143, 239, 87,
       142, 246, 223, 59, 189, 99, 74, 213, 223, 206, 247, 71, 109, 252,
       142, 42, 204, 190, 180, 120, 170, 150, 124, 223, 186, 124, 255,
       63, 92, 133, 251, 127, 142, 254, 253, 244, 36, 237, 247, 156, 46,
       69, 58, 80, 179, 191, 90, 211, 113, 24, 115, 89, 212, 125, 42,
       184, 246, 221, 14, 239, 235, 245, 20, 229, 233, 82, 32, 46, 54,
       248, 192, 255, 125, 144, 202, 91, 255, 61, 191, 8, 252, 223, 12,
       223, 25, 147, 49, 150, 54, 234, 210, 94, 29, 189, 255, 223, 79,
       94, 215, 252, 109, 120, 100, 220, 75, 71, 253, 80, 164, 188, 10,
       83, 49, 65, 48, 120, 252, 68, 106, 72, 51, 224, 42, 243, 201, 165,
       61, 99, 250, 214, 170, 225, 165, 237, 247, 172, 46, 109, 191, 224,
       250, 151, 88, 211, 57, 152, 59, 65, 70, 125, 46, 249, 220, 219,
       12, 207, 251, 245, 148, 4, 248, 210, 32, 135, 31, 198, 189, 168,
       34, 60, 250, 174, 242, 222, 229, 173, 163, 247, 75, 231, 111, 63,
       143, 196, 217, 135, 240, 206, 91, 239, 132, 30, 245, 41, 153, 41,
       181, 121, 97, 221, 47, 223, 63, 83, 233, 188, 12, 82, 61, 84, 52,
       157, 158, 83, 45, 249, 122, 249, 159, 111, 29, 5, 116, 223, 234,
       210, 250, 41, 189, 35, 75, 213, 253, 227, 151, 127, 105, 126, 76,
       178, 144, 158, 36, 24, 10, 2, 24, 147, 184, 117, 181, 111, 28, 0,
       96, 218, 136, 208, 252, 43, 207, 106, 188, 124, 23, 222, 254, 219,
       224, 148, 207, 253, 104, 54, 35, 206, 227, 31, 239, 229, 107, 20,
       255, 122, 95, 223, 184, 29, 188, 249, 221, 24, 187, 152, 233, 243,
       241, 57, 223, 47, 13, 124, 32, 141, 215, 234, 212, 183, 27, 143,
       144, 18, 8, 42, 215, 238, 213, 55, 239, 178, 194, 175, 139, 23,
       15, 39, 153, 150, 247, 169, 151, 95, 233, 94, 226, 220, 60, 177,
       236, 127, 35, 31, 189, 179, 184, 37, 222, 44, 30, 191, 196, 191,
       220, 177, 245, 210, 135, 206, 181, 182, 46, 124, 55, 60, 59, 218,
       215, 205, 47, 146, 65, 103, 135, 63, 149, 240, 216, 65, 207, 236,
       182, 254, 196, 172, 192, 161, 25, 164, 32, 171, 242, 204, 229,
       225, 72, 214, 183, 161, 26, 18, 217, 105, 43, 249, 217, 107, 147,
       58, 103, 186, 16, 221, 137, 211, 125, 193, 41, 118, 226, 125, 109,
       236, 98, 140, 83, 79, 248, 67, 182, 173, 10, 83, 105, 219, 51, 89,
       196, 108, 250, 204, 99, 253, 58, 251, 203, 229, 61, 115, 251, 94,
       64, 37, 54, 217, 225, 228, 45, 233, 154, 59, 235, 57, 124, 214,
       255, 213, 56, 159, 141, 119, 28, 145, 118, 217, 66, 205, 158, 49,
       236, 204, 235, 67, 177, 45, 74, 237, 117, 36, 26, 237, 150, 80,
       226, 86, 214, 243, 45, 147, 43, 27, 228, 53, 46, 233, 244, 229,
       42, 70, 239, 245, 128, 239, 253, 80, 120, 59, 143, 106, 191, 199,
       144, 254, 237, 21, 71, 84, 147, 105, 238, 62, 196, 123, 203, 147,
       199, 246, 154, 46, 247, 126, 111, 222, 195, 55, 158, 248, 204, 37,
       149, 185, 67, 180, 239, 99, 154, 70, 105, 45, 76, 211, 49, 216,
       96, 17, 14, 22, 28, 147, 184, 121, 22, 205, 141, 33, 116, 216,
       203, 208, 240, 66, 31, 138, 180, 251, 164, 190, 35, 169, 143, 218,
       175, 236, 239, 2, 82, 231, 247, 237, 133, 20, 203, 130, 235, 240,
       54, 250, 139, 140, 103, 175, 91, 108, 60, 60, 231, 100, 79, 127,
