%YAML:1.0
---
descriptors: !!opencv-matrix
   rows: 111
   cols: 32
   dt: u
   data: [ 50, 65, 66, 160, 69, 11, 218, 64, 109, 32, 227, 11, 2, 8, 52,
       80, 248, 149, 75, 227, 76, 179, 69, 200, 179, 208, 130, 19, 117,
       15, 114, 134, 134, 76, 18, 159, 93, 211, 178, 104, 158, 6, 81, 18,
       236, 220, 47, 68, 217, 121, 131, 99, 102, 182, 90, 255, 45, 54,
       139, 11, 21, 47, 61, 134, 225, 4, 65, 179, 236, 168, 236, 199,
       172, 19, 160, 82, 181, 170, 80, 91, 107, 131, 74, 141, 50, 45,
       194, 226, 148, 152, 218, 104, 149, 88, 227, 136, 6, 1, 113, 224,
       100, 8, 248, 0, 201, 0, 177, 98, 159, 15, 188, 2, 238, 145, 23,
       227, 194, 34, 4, 192, 215, 216, 138, 178, 21, 138, 103, 163, 130,
       0, 81, 161, 100, 172, 232, 67, 173, 17, 177, 82, 149, 10, 116,
       106, 234, 129, 95, 145, 22, 40, 192, 192, 148, 152, 154, 104, 20,
       8, 97, 134, 2, 2, 113, 224, 100, 172, 248, 3, 201, 25, 176, 218,
       141, 14, 116, 10, 238, 145, 31, 145, 150, 43, 128, 192, 151, 216,
       154, 251, 149, 140, 71, 129, 0, 159, 82, 249, 244, 168, 162, 119,
       124, 73, 122, 230, 173, 243, 160, 64, 246, 59, 6, 128, 147, 152,
       0, 255, 172, 180, 50, 194, 28, 194, 165, 185, 240, 205, 82, 166,
       205, 11, 206, 231, 109, 160, 234, 10, 99, 42, 36, 211, 122, 247,
       74, 226, 120, 187, 73, 239, 177, 232, 199, 17, 101, 122, 242, 138,
       226, 140, 223, 155, 236, 173, 236, 199, 191, 19, 114, 83, 164,
       170, 116, 73, 107, 235, 123, 145, 50, 92, 203, 243, 60, 18, 94,
       106, 148, 89, 241, 138, 227, 0, 91, 161, 108, 136, 232, 66, 173,
       17, 242, 243, 133, 11, 240, 74, 106, 137, 91, 157, 22, 60, 197,
       192, 148, 152, 26, 104, 20, 136, 113, 136, 188, 100, 120, 104, 77,
       87, 95, 232, 83, 166, 229, 10, 91, 93, 25, 177, 120, 220, 209,
       234, 40, 39, 121, 158, 211, 201, 129, 61, 115, 187, 118, 226, 100,
       165, 185, 115, 253, 237, 85, 171, 83, 191, 173, 24, 242, 117, 72,
       50, 145, 90, 104, 24, 59, 106, 251, 55, 239, 159, 21, 127, 192,
       74, 198, 106, 80, 125, 191, 116, 139, 76, 53, 38, 232, 192, 138,
       8, 190, 183, 65, 114, 162, 119, 104, 80, 65, 201, 178, 104, 241,
       161, 70, 18, 0, 112, 7, 58, 153, 157, 58, 252, 215, 214, 127, 119,
       245, 68, 238, 2, 61, 187, 34, 113, 238, 187, 147, 200, 248, 187,
       50, 239, 115, 235, 130, 1, 51, 128, 232, 234, 24, 89, 123, 252,
       50, 192, 21, 103, 181, 4, 226, 161, 63, 183, 33, 80, 166, 187,
       141, 192, 72, 137, 0, 47, 243, 229, 62, 3, 32, 16, 39, 123, 127,
       119, 82, 172, 53, 157, 90, 120, 105, 72, 253, 108, 127, 210, 175,
       180, 254, 169, 148, 110, 205, 35, 48, 223, 178, 221, 33, 186, 122,
       167, 106, 21, 24, 93, 123, 244, 50, 194, 55, 118, 165, 132, 254,
       35, 63, 159, 33, 80, 34, 255, 141, 192, 72, 169, 32, 47, 243, 229,
       52, 3, 99, 176, 37, 123, 70, 201, 173, 187, 222, 192, 187, 236,
       46, 117, 90, 131, 253, 239, 122, 66, 247, 77, 51, 213, 82, 90,
       175, 241, 253, 167, 255, 237, 181, 2, 165, 234, 38, 142, 188, 155,
       204, 119, 189, 239, 94, 255, 188, 19, 64, 104, 119, 9, 249, 203,
       163, 179, 52, 250, 107, 248, 127, 15, 223, 119, 145, 121, 252,
       198, 71, 224, 140, 147, 205, 172, 170, 136, 26, 177, 3, 221, 196,
       232, 95, 74, 157, 79, 49, 85, 6, 84, 219, 226, 12, 54, 159, 102,
       140, 123, 155, 148, 74, 157, 62, 216, 219, 253, 48, 39, 173, 93,
       142, 1, 44, 190, 38, 241, 228, 51, 251, 16, 54, 137, 50, 255, 123,
       55, 26, 83, 154, 68, 173, 95, 130, 13, 15, 158, 198, 228, 45, 39,
       156, 75, 82, 211, 252, 111, 48, 107, 230, 243, 51, 133, 112, 154,
       82, 239, 245, 34, 222, 136, 148, 120, 165, 248, 135, 123, 149,
       145, 239, 21, 188, 220, 95, 250, 20, 70, 156, 150, 227, 175, 207,
       105, 54, 222, 199, 86, 250, 240, 63, 216, 255, 174, 154, 124, 41,
       253, 35, 141, 172, 186, 221, 247, 158, 239, 220, 87, 88, 19, 188,
       124, 62, 97, 217, 35, 19, 37, 182, 171, 126, 255, 237, 22, 222,
       73, 209, 92, 181, 206, 133, 76, 151, 95, 32, 46, 239, 150, 116,
       11, 115, 84, 211, 49, 145, 237, 93, 78, 62, 138, 177, 244, 69, 43,
       132, 174, 114, 128, 202, 241, 129, 161, 252, 188, 228, 119, 177,
       62, 95, 155, 51, 191, 190, 56, 203, 119, 202, 190, 21, 214, 253,
       56, 184, 212, 233, 162, 235, 255, 213, 215, 162, 245, 222, 51,
       220, 191, 164, 117, 177, 126, 117, 27, 59, 255, 46, 17, 223, 119,
       67, 222, 177, 86, 253, 28, 50, 212, 249, 134, 239, 255, 117, 197,
       130, 228, 198, 115, 124, 133, 212, 247, 207, 83, 230, 172, 81, 55,
       161, 27, 75, 107, 10, 79, 121, 198, 234, 226, 120, 99, 75, 229,
       127, 231, 215, 85, 243, 123, 212, 2, 190, 29, 118, 210, 253, 255,
       250, 200, 157, 252, 247, 11, 74, 220, 63, 199, 252, 253, 159, 243,
       44, 243, 58, 252, 187, 217, 207, 199, 215, 127, 125, 214, 60, 52,
       249, 97, 188, 127, 91, 152, 87, 236, 188, 13, 219, 125, 211, 48,
       93, 220, 221, 122, 168, 114, 121, 30, 207, 223, 165, 181, 247,
       251, 86, 115, 172, 116, 248, 101, 52, 79, 79, 24, 115, 238, 182,
       44, 211, 53, 211, 50, 31, 220, 117, 106, 232, 244, 249, 10, 231,
       207, 101, 180, 103, 251, 86, 249, 131, 25, 39, 152, 125, 213, 184,
       85, 156, 88, 80, 215, 188, 142, 183, 201, 236, 41, 183, 213, 183,
       223, 50, 223, 4, 49, 250, 130, 28, 12, 57, 221, 77, 56, 249, 101,
       100, 110, 237, 18, 120, 234, 118, 108, 243, 61, 149, 59, 30, 76,
       118, 110, 193, 240, 245, 8, 69, 187, 113, 128, 76, 249, 83, 249,
       95, 121, 122, 229, 34, 222, 123, 50, 45, 236, 126, 173, 159, 31,
       131, 116, 38, 189, 221, 110, 193, 152, 165, 204, 199, 249, 35,
       132, 46, 165, 7, 115, 56, 177, 58, 234, 217, 221, 83, 85, 171, 77,
       172, 13, 63, 223, 106, 176, 188, 155, 221, 80, 31, 43, 50, 177,
       251, 221, 0, 123, 122, 10, 238, 251, 77, 39, 232, 101, 228, 62,
       111, 19, 105, 238, 126, 228, 27, 43, 215, 252, 22, 239, 20, 46,
       213, 144, 165, 202, 102, 253, 36, 128, 206, 246, 202, 229, 46,
       160, 176, 250, 221, 253, 217, 216, 159, 125, 61, 25, 142, 254,
       126, 60, 221, 155, 211, 29, 146, 114, 122, 209, 95, 221, 155, 127,
       210, 15, 87, 246, 96, 192, 123, 111, 112, 200, 97, 52, 37, 5, 102,
       0, 55, 23, 0, 80, 114, 154, 78, 200, 74, 154, 113, 125, 213, 172,
       50, 64, 98, 130, 102, 42, 194, 88, 31, 158, 35, 228, 49, 70, 188,
       206, 194, 49, 172, 150, 35, 95, 166, 51, 238, 129, 37, 205, 178,
       234, 145, 50, 90, 139, 0, 21, 39, 127, 174, 88, 178, 159, 93, 215,
       178, 72, 31, 134, 81, 19, 236, 220, 47, 204, 217, 57, 179, 3, 102,
       246, 90, 255, 5, 118, 155, 43, 22, 61, 53, 214, 162, 64, 50, 156,
       77, 215, 176, 72, 95, 134, 113, 19, 76, 216, 63, 141, 248, 185,
       163, 99, 228, 247, 26, 218, 21, 54, 91, 43, 85, 45, 125, 198, 222,
       115, 228, 212, 111, 88, 188, 88, 169, 246, 145, 191, 12, 30, 223,
       143, 174, 213, 247, 231, 196, 103, 182, 192, 23, 88, 203, 175, 39,
       181, 47, 215, 128, 12, 82, 177, 204, 168, 172, 199, 172, 19, 226,
       82, 164, 162, 96, 75, 107, 171, 74, 156, 34, 28, 199, 98, 20, 128,
       26, 8, 149, 88, 225, 136, 16, 1, 66, 161, 68, 9, 224, 64, 109, 0,
       227, 10, 134, 2, 37, 194, 104, 129, 74, 208, 10, 51, 65, 192, 148,
       128, 138, 0, 113, 10, 97, 128, 29, 95, 118, 255, 188, 150, 254,
       248, 223, 202, 222, 70, 125, 234, 179, 96, 254, 239, 63, 234, 230,
       209, 47, 255, 246, 255, 175, 128, 55, 255, 113, 225, 31, 109, 118,
       239, 250, 146, 255, 248, 189, 206, 223, 134, 221, 239, 179, 112,
       126, 237, 127, 238, 225, 211, 171, 238, 246, 239, 175, 136, 47,
       247, 33, 209, 2, 141, 211, 171, 212, 171, 234, 231, 127, 3, 234,
       66, 228, 106, 52, 64, 251, 235, 11, 145, 50, 186, 73, 255, 188,
       158, 158, 66, 181, 74, 225, 136, 1, 32, 81, 153, 108, 169, 232, 7,
       172, 17, 64, 80, 149, 130, 112, 74, 106, 43, 74, 29, 2, 28, 70,
       81, 132, 152, 154, 104, 28, 136, 1, 168, 135, 174, 213, 155, 236,
