%YAML:1.0
---
descriptors: !!opencv-matrix
   rows: 248
   cols: 32
   dt: u
   data: [ 91, 141, 195, 173, 180, 182, 110, 183, 53, 72, 222, 198, 249,
       119, 176, 228, 116, 238, 61, 173, 217, 153, 133, 239, 168, 126,
       174, 192, 174, 246, 184, 60, 134, 150, 189, 159, 170, 106, 181,
       159, 190, 255, 131, 117, 196, 119, 133, 75, 135, 87, 235, 1, 48,
       205, 75, 82, 140, 50, 127, 215, 136, 96, 133, 123, 247, 230, 220,
       202, 207, 55, 94, 232, 83, 51, 165, 26, 67, 97, 79, 31, 27, 196,
       236, 250, 62, 102, 223, 179, 59, 218, 197, 127, 183, 251, 106, 4,
       155, 205, 126, 78, 155, 135, 191, 237, 158, 36, 44, 170, 125, 251,
       40, 65, 62, 211, 250, 227, 114, 43, 14, 125, 249, 131, 15, 127,
       113, 146, 161, 10, 95, 3, 207, 230, 164, 50, 79, 17, 164, 138,
       223, 230, 89, 227, 177, 238, 126, 228, 61, 174, 153, 211, 165,
       138, 210, 239, 239, 128, 175, 243, 56, 33, 17, 4, 90, 205, 22,
       182, 234, 82, 116, 3, 110, 214, 121, 227, 48, 228, 126, 170, 18,
       172, 185, 152, 21, 79, 50, 239, 130, 0, 233, 195, 105, 168, 33,
       158, 156, 179, 176, 63, 165, 167, 94, 191, 127, 30, 228, 56, 42,
       9, 189, 91, 34, 1, 50, 248, 91, 35, 13, 199, 127, 39, 209, 104,
       205, 169, 29, 55, 67, 237, 180, 30, 110, 125, 117, 168, 218, 70,
       211, 99, 145, 228, 126, 204, 30, 238, 221, 152, 93, 142, 174, 237,
       167, 132, 46, 186, 248, 133, 189, 146, 52, 74, 45, 63, 82, 216,
       87, 63, 181, 126, 74, 81, 238, 221, 221, 136, 238, 114, 170, 39,
       123, 149, 26, 219, 65, 126, 218, 15, 104, 231, 35, 201, 114, 74,
       223, 149, 182, 237, 207, 21, 124, 3, 44, 216, 126, 196, 234, 171,
       130, 197, 214, 43, 50, 245, 63, 88, 6, 107, 83, 30, 235, 143, 252,
       126, 221, 117, 169, 111, 92, 154, 51, 254, 182, 57, 223, 63, 67,
       155, 143, 213, 253, 114, 45, 100, 219, 18, 207, 219, 101, 181,
       226, 241, 78, 83, 249, 37, 81, 101, 92, 111, 199, 63, 80, 226,
       250, 90, 115, 49, 144, 162, 88, 246, 82, 41, 57, 190, 241, 14,
       125, 174, 33, 16, 103, 232, 82, 168, 57, 16, 123, 224, 117, 93,
       81, 80, 105, 65, 245, 13, 63, 31, 14, 48, 170, 153, 213, 80, 15,
       179, 112, 129, 211, 217, 0, 19, 107, 10, 106, 210, 253, 77, 111,
       71, 100, 122, 103, 168, 117, 230, 254, 162, 115, 100, 159, 127,
       122, 196, 108, 238, 237, 182, 109, 46, 118, 235, 225, 4, 103, 251,
       112, 100, 245, 68, 237, 231, 28, 39, 71, 184, 80, 226, 247, 90,
       83, 125, 153, 51, 89, 196, 125, 47, 168, 246, 237, 30, 255, 175,
       229, 52, 101, 249, 80, 96, 82, 205, 140, 180, 156, 66, 206, 174,
       148, 162, 142, 2, 245, 123, 49, 99, 201, 246, 124, 233, 105, 201,
       89, 190, 185, 231, 255, 145, 180, 112, 184, 8, 82, 77, 175, 181,
       16, 206, 78, 166, 53, 224, 202, 193, 247, 127, 17, 208, 176, 247,
       125, 197, 201, 137, 5, 63, 249, 231, 189, 144, 32, 53, 16, 122,
       44, 53, 252, 101, 252, 127, 118, 178, 53, 174, 126, 9, 219, 61,
       27, 48, 217, 222, 247, 42, 40, 178, 121, 62, 231, 223, 37, 53,
       194, 251, 78, 147, 92, 101, 191, 254, 168, 123, 79, 252, 251, 142,
       189, 56, 223, 243, 217, 114, 147, 199, 108, 106, 120, 97, 234, 58,
       251, 255, 103, 189, 128, 243, 199, 33, 27, 18, 78, 189, 38, 178,
       232, 23, 30, 85, 214, 247, 193, 10, 186, 72, 126, 143, 191, 157,
       158, 156, 69, 209, 198, 99, 250, 192, 189, 140, 185, 88, 123, 20,
       197, 197, 21, 127, 206, 55, 17, 235, 250, 222, 83, 60, 148, 182,
       93, 198, 53, 172, 185, 248, 117, 142, 60, 110, 253, 148, 237, 252,
       208, 120, 189, 67, 204, 206, 174, 18, 207, 248, 85, 194, 213, 226,
       83, 233, 185, 111, 122, 204, 62, 238, 233, 227, 239, 170, 114, 47,
       229, 156, 127, 251, 120, 52, 198, 172, 182, 220, 185, 237, 53,
       206, 174, 159, 168, 24, 188, 246, 99, 90, 193, 115, 235, 16, 34,
       79, 138, 115, 153, 151, 95, 123, 144, 80, 167, 43, 162, 217, 58,
       220, 125, 196, 183, 230, 141, 12, 244, 34, 172, 159, 39, 65, 232,
       123, 219, 65, 96, 171, 34, 253, 247, 49, 30, 27, 16, 24, 37, 235,
       34, 163, 32, 154, 255, 217, 176, 239, 143, 85, 136, 185, 172, 204,
       110, 148, 203, 27, 203, 17, 86, 11, 202, 245, 63, 20, 30, 251, 22,
       12, 159, 207, 93, 105, 242, 38, 139, 20, 110, 216, 227, 246, 165,
       11, 77, 226, 75, 254, 51, 205, 108, 254, 198, 67, 158, 224, 251,
       201, 199, 61, 163, 247, 171, 6, 34, 251, 16, 152, 125, 145, 150,
       230, 207, 25, 248, 106, 172, 152, 167, 164, 200, 59, 134, 65, 70,
       43, 66, 245, 54, 16, 154, 187, 82, 28, 95, 143, 91, 201, 3, 172,
       97, 201, 109, 231, 172, 68, 202, 143, 166, 135, 50, 84, 104, 162,
       127, 77, 76, 139, 34, 253, 240, 48, 138, 136, 30, 28, 181, 90, 24,
       94, 23, 238, 21, 130, 67, 112, 165, 8, 218, 102, 107, 211, 161,
       196, 112, 240, 14, 234, 104, 129, 0, 189, 240, 228, 162, 0, 58,
       179, 112, 43, 212, 103, 204, 103, 186, 14, 111, 184, 48, 178, 175,
       216, 87, 99, 91, 83, 55, 213, 109, 238, 232, 208, 201, 106, 254,
       235, 239, 148, 40, 243, 131, 2, 253, 181, 237, 247, 140, 110, 77,
       63, 112, 242, 151, 95, 211, 53, 154, 59, 73, 198, 125, 174, 249,
       214, 253, 12, 231, 235, 253, 148, 37, 248, 214, 240, 219, 5, 67,
       236, 87, 6, 171, 112, 181, 128, 94, 194, 125, 255, 177, 229, 118,
       245, 23, 239, 225, 147, 20, 206, 209, 233, 170, 136, 47, 165, 41,
       176, 124, 255, 178, 46, 205, 20, 86, 188, 227, 158, 172, 13, 75,
       227, 67, 214, 209, 238, 236, 98, 76, 67, 218, 160, 251, 241, 199,
       63, 42, 247, 250, 74, 252, 79, 234, 111, 102, 122, 215, 216, 81,
       166, 255, 170, 67, 105, 159, 59, 122, 220, 229, 99, 232, 246, 237,
       40, 118, 235, 229, 149, 103, 251, 86, 225, 183, 194, 252, 74, 109,
       27, 82, 200, 79, 52, 181, 139, 74, 72, 255, 253, 219, 72, 238,
       126, 142, 39, 107, 145, 154, 89, 65, 127, 214, 191, 92, 69, 42,
       171, 56, 10, 249, 221, 178, 207, 175, 29, 124, 169, 140, 236, 126,
       148, 202, 11, 195, 85, 22, 43, 138, 245, 62, 85, 6, 111, 210, 14,
       239, 199, 93, 77, 237, 69, 166, 90, 111, 188, 113, 226, 254, 162,
       243, 98, 151, 118, 114, 230, 44, 238, 237, 240, 229, 106, 110,
       239, 231, 128, 103, 243, 112, 108, 19, 130, 206, 185, 52, 178,
       104, 23, 20, 73, 82, 247, 241, 10, 178, 72, 126, 167, 63, 157,
       159, 156, 69, 223, 198, 111, 186, 192, 189, 140, 248, 29, 3, 142,
       103, 153, 52, 187, 234, 55, 92, 73, 82, 246, 211, 40, 180, 236,
       123, 38, 62, 61, 183, 188, 101, 223, 4, 126, 186, 192, 221, 140,
       217, 157, 7, 88, 134, 185, 160, 178, 60, 194, 191, 83, 66, 117,
       204, 218, 187, 234, 231, 73, 59, 151, 151, 213, 11, 240, 134, 126,
       222, 198, 156, 117, 169, 213, 192, 188, 158, 124, 168, 237, 53,
       199, 190, 151, 236, 24, 180, 243, 99, 91, 161, 127, 107, 16, 50,
       79, 210, 115, 253, 227, 127, 123, 144, 113, 167, 138, 244, 101,
       236, 106, 140, 83, 87, 220, 211, 254, 173, 9, 83, 237, 75, 59, 89,
       212, 108, 122, 108, 99, 251, 58, 251, 203, 101, 125, 241, 251,
       214, 66, 215, 19, 206, 228, 164, 50, 108, 21, 161, 139, 215, 246,
       217, 163, 184, 110, 112, 196, 61, 184, 185, 209, 133, 194, 186,
       251, 254, 196, 174, 226, 184, 33, 244, 244, 189, 114, 136, 109,
       151, 136, 186, 51, 161, 25, 214, 254, 77, 27, 145, 211, 105, 115,
       59, 71, 218, 51, 185, 146, 77, 126, 208, 115, 134, 114, 148, 164,
       140, 191, 156, 37, 199, 232, 86, 183, 169, 145, 247, 233, 91, 11,
       89, 202, 105, 183, 58, 103, 223, 27, 232, 135, 79, 61, 241, 123,
       217, 130, 85, 116, 157, 167, 168, 46, 78, 184, 169, 250, 139, 109,
       215, 115, 73, 154, 147, 197, 124, 246, 77, 193, 201, 40, 138, 251,
       101, 148, 40, 243, 11, 17, 182, 246, 17, 234, 221, 101, 66, 200,
       151, 58, 185, 94, 66, 225, 109, 157, 217, 200, 78, 114, 59, 39,
       90, 183, 185, 148, 133, 126, 249, 123, 82, 134, 24, 28, 159, 245,
       181, 238, 117, 51, 117, 15, 110, 16, 255, 51, 32, 121, 161, 58,
