%YAML:1.0
---
descriptors: !!opencv-matrix
   rows: 111
   cols: 32
   dt: u
   data: [ 18, 157, 71, 188, 146, 128, 61, 119, 140, 1, 218, 231, 61,
       166, 160, 64, 102, 179, 159, 133, 115, 153, 6, 253, 240, 36, 186,
       194, 61, 132, 161, 89, 185, 78, 107, 78, 86, 147, 207, 240, 213,
       72, 244, 238, 115, 201, 181, 49, 122, 168, 22, 238, 233, 183, 44,
       191, 114, 201, 161, 136, 127, 187, 114, 173, 2, 171, 166, 184,
       251, 224, 185, 103, 190, 21, 82, 179, 172, 175, 98, 75, 231, 59,
       171, 145, 54, 221, 130, 245, 220, 50, 218, 203, 132, 4, 165, 203,
       200, 185, 154, 248, 137, 237, 17, 102, 171, 185, 160, 24, 190,
       155, 96, 18, 161, 51, 238, 16, 18, 75, 146, 241, 155, 209, 26,
       123, 218, 0, 7, 43, 124, 141, 125, 103, 188, 75, 87, 185, 65, 164,
       254, 10, 115, 125, 0, 49, 88, 214, 68, 106, 88, 186, 105, 44, 255,
       233, 37, 81, 103, 170, 86, 35, 27, 93, 146, 255, 147, 148, 190,
       114, 23, 130, 76, 70, 189, 247, 33, 228, 110, 123, 179, 195, 99,
       216, 83, 191, 175, 231, 94, 130, 63, 117, 41, 185, 186, 221, 230,
       87, 131, 222, 117, 55, 247, 95, 79, 151, 170, 252, 22, 245, 101,
       186, 181, 128, 254, 248, 119, 167, 239, 247, 212, 195, 99, 76,
       252, 215, 13, 207, 32, 191, 52, 141, 239, 184, 94, 76, 89, 71,
       253, 104, 187, 0, 158, 107, 23, 207, 198, 176, 76, 191, 228, 111,
       171, 160, 127, 191, 81, 193, 78, 253, 176, 146, 25, 213, 178, 160,
       174, 125, 141, 9, 236, 222, 75, 134, 129, 115, 249, 83, 70, 73,
       250, 253, 63, 85, 143, 123, 18, 7, 31, 95, 80, 240, 159, 248, 10,
       193, 49, 207, 170, 17, 160, 40, 188, 215, 97, 114, 163, 179, 121,
       144, 3, 79, 138, 81, 217, 128, 95, 127, 144, 16, 39, 59, 11, 155,
       118, 111, 253, 151, 255, 121, 207, 76, 124, 166, 121, 221, 191,
       164, 158, 59, 151, 110, 215, 176, 46, 189, 98, 249, 33, 202, 119,
       174, 93, 245, 40, 20, 248, 101, 116, 238, 123, 159, 118, 79, 126,
       0, 247, 127, 3, 80, 19, 158, 95, 56, 10, 180, 121, 30, 239, 239,
       53, 1, 224, 202, 70, 123, 65, 149, 57, 73, 52, 238, 235, 55, 108,
       77, 126, 0, 219, 23, 150, 116, 54, 62, 22, 44, 145, 184, 49, 95,
       109, 189, 34, 192, 84, 130, 101, 121, 154, 156, 250, 215, 245,
       246, 253, 119, 63, 207, 94, 55, 185, 191, 182, 64, 127, 191, 191,
       136, 176, 221, 51, 239, 95, 255, 254, 193, 167, 196, 229, 123, 43,
       180, 224, 218, 245, 253, 248, 207, 95, 127, 125, 187, 8, 252, 254,
       172, 255, 155, 151, 149, 182, 126, 126, 247, 31, 95, 159, 239,
       215, 204, 223, 215, 139, 186, 248, 249, 230, 189, 249, 87, 127,
       123, 118, 246, 189, 175, 214, 45, 47, 43, 55, 157, 179, 248, 119,
       211, 78, 223, 118, 224, 239, 204, 203, 249, 222, 77, 82, 130, 213,
       125, 254, 198, 61, 46, 187, 27, 142, 62, 107, 73, 235, 211, 207,
       211, 126, 47, 89, 226, 181, 148, 158, 59, 183, 95, 237, 206, 37,
       253, 217, 67, 244, 159, 230, 244, 106, 105, 121, 76, 243, 56, 220,
       176, 157, 74, 22, 94, 215, 184, 252, 63, 46, 221, 36, 96, 77, 219,
       218, 157, 97, 143, 109, 101, 180, 46, 111, 63, 112, 234, 122, 108,
       243, 33, 144, 112, 22, 230, 124, 44, 249, 184, 229, 14, 236, 175,
       37, 144, 108, 226, 210, 57, 90, 177, 155, 178, 11, 205, 49, 111,
       175, 17, 168, 9, 46, 223, 104, 82, 163, 51, 233, 16, 2, 75, 186,
       209, 219, 213, 31, 123, 64, 2, 39, 122, 107, 50, 228, 76, 58, 83,
       153, 25, 139, 237, 148, 173, 140, 158, 214, 182, 150, 21, 253, 37,
       140, 75, 230, 221, 218, 123, 121, 191, 6, 164, 15, 95, 75, 219,
       105, 207, 58, 208, 191, 189, 206, 76, 28, 230, 249, 223, 186, 98,
       22, 112, 223, 239, 199, 1, 254, 249, 102, 45, 175, 184, 30, 182,
       149, 121, 178, 236, 82, 138, 205, 81, 254, 103, 61, 38, 251, 19,
       14, 154, 38, 213, 232, 151, 207, 227, 124, 175, 193, 247, 177,
       180, 158, 123, 23, 93, 253, 142, 11, 183, 126, 104, 250, 215, 191,
       127, 206, 204, 28, 173, 221, 253, 182, 164, 22, 51, 255, 109, 213,
       41, 54, 157, 110, 93, 45, 252, 94, 174, 137, 249, 164, 253, 254,
       255, 248, 239, 255, 255, 63, 255, 126, 49, 247, 255, 10, 81, 255,
       255, 255, 18, 114, 248, 219, 127, 127, 255, 119, 229, 208, 248,
       206, 219, 146, 151, 95, 152, 179, 224, 185, 103, 156, 71, 90, 179,
       44, 183, 160, 65, 231, 59, 159, 129, 50, 157, 34, 223, 248, 38,
       186, 195, 52, 4, 165, 123, 57, 206, 237, 119, 86, 26, 235, 190,
       86, 226, 118, 230, 115, 41, 144, 96, 127, 206, 54, 172, 169, 252,
       109, 191, 110, 239, 245, 132, 127, 168, 80, 185, 18, 142, 238,
       189, 178, 160, 60, 103, 190, 23, 82, 183, 44, 174, 162, 64, 103,
       59, 175, 133, 54, 221, 6, 247, 156, 39, 254, 195, 164, 68, 173,
       219, 194, 184, 159, 248, 203, 201, 49, 67, 175, 21, 224, 49, 172,
       151, 96, 83, 163, 59, 235, 128, 18, 79, 130, 241, 221, 177, 90,
       107, 16, 0, 167, 171, 1, 223, 111, 79, 246, 146, 239, 247, 84, 64,
       94, 230, 113, 37, 182, 100, 126, 230, 23, 238, 225, 184, 45, 111,
       118, 47, 166, 128, 127, 186, 240, 249, 61, 251, 111, 239, 108,
       157, 239, 208, 175, 120, 246, 230, 249, 207, 249, 98, 110, 232,
       127, 206, 203, 51, 239, 241, 246, 233, 175, 184, 63, 187, 121,
       249, 59, 29, 107, 238, 182, 151, 223, 125, 85, 72, 124, 230, 123,
       93, 182, 100, 126, 185, 149, 239, 221, 186, 60, 191, 226, 205,
       161, 192, 127, 174, 208, 125, 17, 13, 125, 69, 180, 235, 107, 54,
       100, 96, 254, 2, 243, 53, 144, 96, 122, 150, 30, 40, 153, 184,
       101, 63, 239, 173, 160, 192, 101, 202, 84, 105, 74, 249, 56, 146,
       57, 221, 150, 170, 174, 125, 140, 45, 172, 222, 70, 150, 133, 123,
       253, 67, 198, 75, 250, 245, 251, 85, 31, 187, 18, 23, 15, 95, 90,
       184, 191, 242, 139, 213, 29, 215, 187, 95, 132, 29, 191, 191, 98,
       251, 231, 211, 253, 145, 255, 79, 178, 243, 219, 219, 94, 123,
       138, 84, 175, 123, 73, 141, 93, 101, 180, 110, 103, 55, 104, 234,
       106, 72, 243, 49, 144, 115, 16, 230, 124, 110, 121, 248, 241, 14,
       229, 255, 101, 16, 104, 226, 194, 40, 122, 205, 114, 158, 93, 213,
       254, 228, 29, 38, 244, 11, 110, 62, 46, 213, 232, 211, 207, 226,
       104, 171, 121, 255, 183, 54, 158, 27, 23, 31, 254, 206, 61, 63,
       107, 105, 241, 255, 115, 83, 103, 77, 252, 175, 27, 253, 166, 180,
       252, 184, 151, 126, 159, 178, 112, 158, 119, 93, 33, 231, 251,
       238, 254, 247, 1, 157, 101, 13, 116, 94, 239, 55, 108, 72, 122,
       68, 253, 54, 144, 229, 54, 102, 54, 110, 245, 184, 53, 77, 36, 56,
       98, 128, 12, 226, 225, 253, 10, 148, 50, 155, 245, 247, 179, 239,
       31, 15, 93, 19, 140, 254, 46, 196, 253, 59, 147, 145, 54, 190,
       120, 247, 47, 86, 154, 71, 146, 76, 189, 215, 10, 156, 186, 255,
       245, 244, 249, 119, 63, 79, 94, 23, 236, 255, 38, 192, 247, 187,
       183, 128, 182, 188, 51, 231, 95, 255, 158, 195, 150, 196, 173,
       219, 139, 185, 250, 251, 246, 253, 249, 87, 127, 75, 118, 246,
       189, 191, 150, 108, 175, 59, 23, 157, 179, 252, 54, 247, 78, 223,
       62, 192, 223, 204, 161, 249, 114, 101, 18, 232, 201, 111, 22, 111,
       189, 38, 160, 9, 14, 191, 32, 89, 248, 155, 203, 34, 120, 3, 208,
       222, 179, 212, 154, 63, 144, 93, 175, 130, 222, 252, 191, 255,
       171, 106, 55, 239, 191, 250, 254, 56, 254, 255, 77, 123, 255, 247,
       255, 226, 105, 231, 251, 235, 255, 247, 95, 27, 128, 113, 167, 59,
       90, 48, 255, 236, 43, 94, 121, 88, 239, 252, 246, 168, 253, 223,
       135, 114, 254, 189, 255, 192, 135, 99, 179, 201, 215, 249, 107,
       191, 103, 166, 111, 115, 45, 170, 125, 247, 228, 138, 105, 177,
       119, 225, 118, 230, 219, 11, 144, 121, 122, 206, 54, 156, 153,
       248, 101, 172, 78, 235, 116, 192, 111, 138, 226, 160, 19, 159, 66,
       159, 22, 178, 174, 119, 188, 67, 90, 247, 109, 234, 182, 192, 119,
       239, 191, 165, 245, 153, 4, 239, 188, 39, 190, 192, 45, 196, 185,
       93, 19, 159, 99, 141, 150, 178, 174, 247, 124, 65, 90, 230, 105,
