%YAML:1.0
---
descriptors: !!opencv-matrix
   rows: 196
   cols: 32
   dt: u
   data: [ 251, 30, 101, 69, 86, 62, 239, 115, 17, 234, 254, 254, 123,
       44, 148, 181, 126, 246, 223, 172, 249, 254, 117, 142, 62, 46, 177,
       144, 111, 236, 82, 253, 152, 172, 173, 191, 156, 111, 205, 175,
       214, 243, 146, 19, 247, 253, 112, 43, 145, 103, 121, 25, 58, 237,
       187, 191, 203, 235, 255, 85, 148, 104, 213, 106, 232, 21, 253,
       229, 36, 78, 127, 55, 48, 230, 254, 137, 243, 63, 18, 83, 94, 247,
       125, 174, 105, 248, 209, 14, 231, 235, 101, 129, 101, 234, 78, 90,
       34, 251, 16, 159, 121, 153, 182, 199, 159, 25, 88, 43, 172, 218,
       37, 132, 200, 123, 131, 65, 70, 10, 202, 253, 166, 80, 30, 187,
       90, 28, 11, 143, 194, 150, 189, 159, 170, 106, 181, 159, 190, 191,
       131, 117, 212, 55, 200, 75, 167, 87, 237, 17, 50, 205, 11, 83,
       204, 51, 127, 215, 136, 96, 165, 51, 218, 42, 83, 185, 42, 224,
       57, 82, 165, 23, 214, 179, 173, 135, 192, 91, 102, 185, 207, 144,
       10, 31, 197, 224, 212, 224, 186, 137, 167, 192, 37, 105, 129, 130,
       183, 89, 36, 191, 233, 87, 127, 25, 118, 80, 191, 128, 180, 237,
       183, 42, 46, 28, 147, 252, 35, 209, 132, 248, 114, 64, 216, 128,
       225, 173, 29, 47, 74, 237, 180, 46, 111, 123, 52, 168, 222, 198,
       209, 99, 145, 96, 127, 238, 30, 172, 185, 144, 205, 30, 236, 173,
       175, 132, 173, 250, 248, 161, 73, 189, 35, 181, 36, 76, 237, 51,
       56, 200, 90, 68, 191, 181, 144, 167, 132, 110, 117, 79, 209, 248,
       176, 173, 229, 249, 106, 128, 14, 236, 211, 249, 101, 204, 109,
       73, 252, 54, 75, 152, 103, 248, 190, 204, 209, 38, 215, 123, 95,
       196, 126, 254, 173, 82, 237, 92, 126, 59, 231, 244, 189, 243, 96,
       116, 143, 72, 163, 217, 68, 197, 171, 214, 222, 64, 64, 66, 177,
       222, 53, 104, 72, 121, 19, 221, 131, 156, 86, 241, 5, 28, 154, 8,
       20, 25, 113, 168, 107, 203, 114, 8, 95, 149, 182, 237, 207, 28,
       252, 15, 44, 216, 126, 148, 234, 171, 130, 69, 214, 43, 146, 245,
       63, 88, 6, 107, 83, 30, 235, 207, 61, 22, 207, 205, 44, 54, 76,
       17, 197, 10, 223, 246, 211, 113, 185, 237, 94, 160, 62, 46, 169,
       165, 103, 136, 130, 239, 225, 144, 190, 251, 120, 53, 92, 207, 5,
       166, 141, 66, 78, 162, 129, 174, 154, 110, 199, 99, 145, 199, 73,
       246, 236, 227, 105, 73, 201, 172, 184, 226, 207, 22, 38, 243, 52,
       40, 214, 206, 238, 254, 162, 82, 191, 224, 188, 142, 247, 179, 69,
       239, 165, 83, 255, 245, 175, 226, 120, 199, 42, 234, 251, 231,
       239, 157, 161, 241, 36, 243, 87, 98, 209, 66, 155, 112, 74, 200,
       227, 182, 165, 72, 201, 226, 205, 190, 51, 205, 108, 250, 7, 71,
       175, 192, 152, 220, 143, 252, 163, 243, 47, 164, 229, 112, 208,
       65, 109, 63, 98, 152, 91, 186, 53, 92, 218, 114, 205, 191, 153,
       220, 118, 122, 131, 118, 219, 210, 15, 152, 69, 126, 202, 251, 74,
       133, 33, 167, 32, 11, 244, 191, 194, 93, 87, 109, 121, 77, 227,
       104, 158, 132, 89, 138, 22, 61, 158, 186, 77, 31, 44, 28, 165,
       116, 223, 206, 218, 196, 212, 94, 61, 117, 168, 78, 53, 188, 172,
       190, 182, 44, 215, 119, 137, 27, 135, 85, 109, 98, 104, 229, 115,
       46, 203, 243, 117, 148, 64, 241, 135, 51, 162, 59, 234, 90, 77,
       197, 241, 65, 219, 61, 245, 11, 40, 216, 119, 24, 248, 187, 227,
       209, 130, 123, 186, 241, 95, 24, 131, 43, 85, 15, 126, 174, 117,
       97, 175, 238, 44, 95, 95, 216, 237, 220, 181, 8, 215, 253, 27, 50,
       217, 192, 125, 110, 200, 35, 123, 8, 243, 251, 103, 29, 64, 187,
       86, 99, 232, 188, 188, 245, 232, 110, 121, 158, 51, 255, 54, 25,
       223, 55, 66, 91, 133, 214, 125, 24, 56, 220, 251, 50, 207, 251,
       117, 69, 128, 240, 206, 251, 116, 79, 143, 164, 140, 82, 78, 160,
       161, 170, 142, 106, 103, 98, 129, 246, 192, 228, 236, 234, 77, 75,
       233, 168, 187, 227, 229, 57, 32, 243, 30, 44, 154, 202, 62, 249,
       51, 210, 57, 39, 191, 21, 86, 177, 237, 223, 38, 65, 167, 51, 189,
       129, 102, 205, 35, 253, 203, 243, 90, 195, 54, 4, 165, 75, 9, 44,
       81, 101, 20, 127, 102, 127, 118, 235, 122, 86, 243, 49, 144, 228,
       121, 238, 126, 172, 169, 188, 117, 31, 164, 239, 183, 0, 235, 250,
       64, 184, 42, 187, 178, 250, 125, 133, 179, 198, 223, 29, 80, 42,
       172, 217, 100, 140, 217, 123, 131, 81, 2, 122, 218, 243, 13, 84,
       159, 107, 211, 13, 119, 175, 73, 237, 161, 63, 249, 196, 189, 238,
       90, 87, 104, 197, 184, 46, 86, 113, 193, 75, 51, 197, 230, 90,
       151, 125, 108, 58, 222, 44, 16, 84, 227, 222, 33, 175, 127, 85,
       36, 63, 101, 55, 93, 238, 126, 76, 179, 33, 144, 39, 8, 110, 124,
       8, 217, 248, 225, 9, 230, 187, 116, 16, 72, 232, 208, 41, 41, 83,
       113, 69, 52, 78, 231, 53, 100, 108, 127, 100, 211, 21, 148, 52,
       92, 188, 22, 108, 201, 184, 117, 14, 101, 172, 32, 128, 101, 170,
       86, 249, 174, 98, 224, 27, 205, 121, 194, 200, 23, 119, 245, 187,
       203, 204, 223, 141, 89, 200, 227, 119, 14, 118, 206, 177, 30, 80,
       205, 253, 247, 63, 94, 212, 121, 77, 74, 69, 18, 202, 79, 48, 33,
       160, 238, 136, 115, 151, 129, 112, 116, 252, 124, 238, 73, 152,
       225, 60, 115, 237, 37, 144, 42, 179, 66, 40, 92, 191, 191, 254,
       184, 76, 95, 253, 251, 190, 189, 12, 255, 247, 75, 50, 183, 223,
       108, 90, 250, 67, 186, 51, 251, 255, 103, 61, 130, 243, 135, 107,
       150, 134, 238, 181, 50, 38, 57, 123, 180, 142, 214, 183, 197, 238,
       35, 75, 255, 189, 239, 164, 44, 215, 161, 74, 223, 231, 235, 133,
       164, 96, 37, 243, 208, 140, 189, 247, 141, 111, 69, 175, 214, 183,
       134, 24, 247, 125, 16, 75, 129, 247, 105, 33, 56, 237, 123, 63,
       201, 243, 213, 85, 128, 104, 212, 42, 37, 73, 99, 12, 62, 11, 199,
       248, 100, 192, 122, 205, 115, 96, 183, 32, 26, 108, 66, 111, 197,
       185, 117, 45, 32, 44, 37, 16, 109, 191, 82, 212, 73, 174, 91, 245,
       114, 170, 233, 55, 124, 162, 122, 192, 253, 35, 144, 240, 55, 47,
       55, 172, 225, 216, 197, 79, 236, 175, 190, 128, 44, 224, 3, 168,
       101, 108, 204, 243, 172, 43, 77, 158, 18, 178, 178, 92, 211, 99,
       217, 123, 73, 198, 124, 170, 41, 70, 217, 56, 204, 139, 247, 52,
       136, 241, 82, 0, 199, 176, 142, 158, 108, 173, 184, 73, 174, 251,
       183, 221, 220, 202, 126, 91, 239, 173, 127, 151, 23, 71, 155, 209,
       222, 19, 203, 255, 152, 42, 57, 83, 219, 247, 143, 193, 180, 22,
       108, 159, 57, 123, 150, 86, 29, 35, 216, 239, 231, 199, 61, 156,
       251, 221, 161, 192, 191, 251, 254, 196, 174, 208, 249, 57, 24,
       156, 190, 253, 147, 238, 49, 119, 62, 15, 110, 16, 191, 127, 32,
       120, 161, 59, 19, 0, 16, 248, 50, 13, 203, 231, 82, 67, 240, 64,
       165, 171, 151, 73, 99, 133, 102, 6, 239, 112, 112, 232, 83, 198,
       121, 14, 151, 101, 126, 205, 55, 239, 193, 144, 37, 200, 52, 40,
       234, 128, 45, 183, 49, 245, 74, 10, 206, 187, 234, 160, 105, 23,
       175, 23, 86, 245, 173, 135, 242, 95, 103, 187, 175, 148, 146, 28,
       230, 241, 196, 144, 186, 201, 182, 196, 165, 121, 125, 101, 236,
       98, 140, 95, 71, 248, 67, 182, 173, 8, 83, 97, 219, 50, 89, 196,
       108, 250, 72, 99, 253, 56, 251, 203, 229, 61, 243, 251, 94, 32,
       116, 6, 237, 231, 156, 46, 71, 186, 82, 162, 255, 90, 83, 33, 25,
       123, 89, 198, 125, 174, 184, 246, 221, 14, 255, 175, 245, 20, 229,
       251, 210, 160, 192, 156, 157, 183, 136, 110, 61, 175, 190, 247,
       66, 21, 244, 247, 72, 75, 133, 119, 105, 17, 49, 220, 219, 99,
       205, 178, 95, 66, 136, 112, 133, 123, 191, 213, 112, 104, 239,
       221, 214, 233, 207, 112, 189, 11, 74, 221, 126, 180, 152, 145,
       213, 99, 222, 43, 120, 149, 251, 88, 5, 127, 119, 14, 222, 87,
       171, 154, 46, 190, 125, 149, 186, 105, 223, 72, 212, 15, 236, 248,
       63, 69, 220, 43, 250, 133, 238, 43, 86, 255, 214, 127, 218, 59,
       94, 12, 57, 158, 89, 205, 220, 229, 180, 26, 110, 191, 116, 226,
       126, 230, 243, 99, 145, 228, 122, 238, 46, 238, 105, 248, 69, 47,
