%YAML:1.0
---
descriptors: !!opencv-matrix
   rows: 123
   cols: 32
   dt: u
   data: [ 179, 205, 107, 254, 30, 129, 207, 246, 213, 64, 212, 134, 49,
       141, 176, 97, 110, 170, 19, 206, 235, 171, 62, 191, 242, 201, 146,
       24, 63, 152, 112, 248, 14, 173, 182, 159, 221, 247, 190, 232, 159,
       228, 78, 3, 236, 236, 63, 196, 217, 127, 187, 247, 22, 243, 27,
       253, 63, 119, 207, 39, 150, 127, 61, 214, 55, 106, 107, 73, 82,
       83, 107, 80, 53, 192, 246, 230, 17, 7, 181, 116, 126, 188, 23,
       238, 137, 150, 101, 238, 22, 172, 162, 128, 55, 179, 118, 240,
       120, 18, 80, 73, 112, 174, 97, 18, 37, 13, 230, 0, 187, 19, 128,
       124, 102, 152, 110, 168, 10, 150, 97, 93, 215, 233, 50, 0, 114,
       129, 102, 41, 60, 221, 104, 238, 117, 135, 94, 248, 21, 72, 253,
       15, 123, 127, 59, 16, 92, 186, 151, 238, 142, 178, 88, 191, 243,
       205, 161, 168, 119, 255, 118, 211, 83, 129, 135, 156, 9, 210, 60,
       39, 173, 193, 202, 81, 236, 242, 14, 198, 224, 39, 249, 129, 21,
       201, 147, 197, 144, 118, 222, 155, 130, 68, 169, 78, 210, 180,
       157, 177, 170, 100, 56, 159, 190, 251, 138, 85, 181, 183, 72, 107,
       167, 87, 125, 145, 51, 93, 155, 195, 201, 243, 255, 230, 168, 64,
       133, 59, 57, 109, 104, 46, 125, 159, 82, 96, 87, 36, 237, 9, 43,
       201, 51, 144, 216, 168, 199, 103, 78, 42, 76, 191, 243, 221, 1,
       57, 119, 143, 90, 202, 101, 87, 93, 40, 252, 30, 74, 152, 97, 248,
       178, 77, 83, 74, 17, 251, 212, 197, 116, 119, 173, 114, 95, 60,
       190, 251, 101, 92, 249, 179, 90, 21, 58, 120, 83, 218, 91, 221,
       82, 104, 191, 0, 173, 8, 46, 215, 101, 180, 186, 185, 214, 194,
       75, 35, 26, 255, 179, 212, 1, 59, 114, 7, 46, 166, 8, 253, 152,
       107, 177, 221, 150, 254, 110, 9, 124, 0, 191, 254, 108, 48, 157,
       91, 134, 82, 215, 42, 186, 55, 235, 221, 54, 109, 216, 83, 143,
       155, 38, 85, 227, 202, 252, 103, 175, 205, 95, 207, 249, 122, 80,
       252, 61, 8, 255, 219, 19, 179, 145, 179, 120, 210, 53, 60, 135,
       174, 213, 123, 246, 241, 124, 83, 175, 172, 44, 78, 87, 88, 0,
       236, 242, 111, 119, 125, 35, 90, 216, 245, 53, 99, 201, 243, 249,
       136, 241, 227, 237, 148, 105, 59, 116, 123, 68, 249, 179, 186, 31,
       196, 179, 128, 238, 196, 139, 0, 252, 222, 96, 98, 166, 113, 251,
       211, 66, 73, 186, 245, 221, 52, 15, 90, 4, 3, 37, 122, 82, 189,
       189, 181, 186, 236, 57, 7, 190, 247, 138, 17, 181, 247, 64, 74,
       167, 119, 125, 145, 51, 73, 179, 119, 205, 166, 255, 208, 132, 64,
       133, 123, 122, 34, 244, 248, 77, 157, 216, 73, 203, 53, 177, 9,
       142, 201, 92, 159, 200, 161, 223, 1, 14, 103, 218, 209, 147, 216,
       65, 63, 82, 14, 94, 134, 252, 231, 236, 247, 141, 18, 79, 188, 17,
       182, 135, 159, 67, 109, 91, 7, 89, 198, 237, 238, 108, 199, 253,
       174, 251, 227, 197, 181, 39, 255, 222, 82, 140, 120, 120, 127, 98,
       221, 127, 112, 61, 198, 125, 172, 127, 95, 131, 176, 182, 121,
       215, 78, 193, 180, 122, 239, 119, 253, 33, 137, 98, 243, 15, 243,
       90, 193, 190, 148, 7, 210, 116, 229, 173, 5, 198, 19, 206, 251,
       46, 86, 242, 247, 235, 193, 80, 217, 147, 195, 243, 247, 222, 71,
       34, 54, 173, 10, 253, 235, 104, 66, 189, 157, 66, 184, 107, 188,
       189, 76, 203, 193, 222, 246, 17, 204, 204, 126, 206, 99, 233, 183,
       186, 253, 37, 125, 66, 191, 222, 101, 121, 72, 96, 239, 84, 175,
       107, 16, 85, 32, 251, 206, 115, 1, 145, 80, 120, 172, 23, 238,
       137, 178, 85, 175, 212, 172, 160, 128, 45, 171, 80, 176, 189, 6,
       64, 111, 109, 63, 78, 120, 85, 42, 245, 76, 91, 73, 187, 177, 220,
       136, 134, 110, 173, 182, 105, 30, 34, 249, 33, 148, 123, 175, 90,
       129, 30, 171, 149, 222, 189, 181, 24, 232, 155, 189, 137, 11, 236,
       239, 109, 150, 209, 251, 233, 80, 18, 75, 218, 241, 155, 82, 207,
       255, 146, 111, 141, 14, 73, 153, 187, 231, 180, 140, 119, 53, 233,
       137, 126, 68, 191, 185, 0, 50, 164, 102, 124, 72, 209, 185, 178,
       33, 231, 253, 36, 0, 74, 138, 210, 171, 155, 223, 111, 252, 14,
       128, 79, 247, 212, 64, 212, 198, 57, 195, 176, 97, 110, 163, 63,
       204, 235, 143, 38, 253, 240, 235, 254, 136, 61, 152, 176, 120, 39,
       53, 18, 154, 244, 167, 174, 77, 94, 11, 89, 118, 212, 248, 189,
       229, 127, 235, 22, 255, 183, 178, 28, 254, 52, 22, 175, 232, 221,
       123, 185, 149, 168, 236, 104, 122, 85, 201, 83, 246, 23, 44, 124,
       9, 51, 157, 18, 16, 24, 170, 199, 72, 106, 190, 104, 63, 103, 205,
       48, 49, 115, 152, 94, 234, 73, 149, 59, 74, 21, 236, 243, 115,
       104, 73, 127, 68, 190, 245, 56, 112, 180, 58, 28, 40, 147, 43,
       176, 127, 251, 173, 34, 72, 72, 2, 227, 123, 252, 115, 239, 165,
       36, 110, 81, 16, 33, 238, 182, 111, 87, 29, 65, 27, 124, 244, 117,
       251, 233, 246, 241, 136, 211, 225, 225, 132, 111, 185, 118, 115,
       52, 93, 122, 79, 118, 135, 239, 248, 84, 0, 253, 198, 113, 109,
       189, 96, 126, 250, 22, 234, 201, 178, 125, 63, 118, 173, 160, 0,
       125, 187, 112, 185, 151, 180, 173, 43, 202, 61, 172, 143, 58, 91,
       81, 223, 221, 126, 222, 187, 183, 203, 242, 181, 183, 84, 223, 65,
       156, 107, 126, 238, 237, 84, 139, 213, 26, 142, 74, 190, 50, 162,
       46, 244, 182, 15, 222, 231, 105, 234, 187, 64, 126, 235, 159, 207,
       206, 155, 14, 255, 240, 103, 190, 128, 61, 215, 57, 217, 226, 173,
       120, 90, 205, 201, 87, 233, 223, 148, 237, 25, 104, 217, 110, 17,
       155, 251, 251, 194, 118, 111, 218, 255, 127, 25, 5, 123, 83, 2,
       198, 66, 94, 192, 210, 158, 31, 208, 62, 236, 191, 21, 207, 163,
       76, 234, 46, 192, 243, 213, 235, 227, 78, 131, 139, 231, 187, 245,
       143, 79, 6, 23, 173, 14, 84, 194, 188, 165, 174, 123, 20, 175,
       238, 183, 139, 57, 207, 168, 75, 10, 163, 215, 236, 35, 28, 97,
       139, 128, 153, 215, 95, 55, 128, 120, 141, 71, 86, 171, 156, 154,
       153, 181, 26, 200, 139, 189, 141, 9, 238, 238, 79, 150, 129, 243,
       237, 81, 30, 75, 202, 241, 187, 209, 143, 127, 146, 111, 15, 6,
       246, 236, 8, 176, 56, 193, 82, 234, 146, 184, 128, 41, 182, 222,
       66, 16, 201, 205, 93, 211, 78, 79, 202, 55, 249, 209, 141, 255, 0,
       1, 62, 74, 254, 238, 96, 42, 60, 153, 219, 232, 83, 60, 177, 171,
       107, 76, 222, 16, 223, 217, 197, 227, 238, 102, 238, 191, 250,
       209, 173, 255, 117, 159, 86, 103, 88, 151, 26, 110, 56, 172, 115,
       51, 238, 9, 111, 64, 254, 243, 8, 80, 164, 19, 108, 8, 18, 169,
       18, 119, 217, 253, 34, 72, 192, 2, 163, 3, 233, 86, 252, 205, 100,
       50, 255, 58, 80, 46, 126, 246, 209, 35, 155, 107, 95, 212, 54,
       234, 232, 180, 229, 10, 102, 171, 226, 132, 29, 241, 90, 129, 181,
       201, 99, 106, 68, 143, 71, 240, 69, 8, 241, 74, 83, 217, 176, 113,
       88, 168, 22, 110, 232, 182, 76, 60, 243, 168, 161, 56, 119, 187,
       114, 160, 48, 189, 107, 166, 86, 235, 118, 114, 48, 228, 218, 175,
       115, 237, 50, 16, 122, 238, 23, 231, 205, 187, 28, 47, 114, 37,
       165, 1, 109, 235, 126, 218, 216, 219, 190, 181, 170, 66, 29, 182,
       164, 190, 158, 161, 247, 55, 3, 67, 38, 119, 125, 192, 104, 201,
       131, 44, 233, 227, 127, 145, 36, 240, 133, 123, 248, 229, 56, 106,
       189, 221, 85, 127, 99, 45, 173, 24, 59, 147, 74, 16, 152, 154,
       196, 8, 90, 42, 248, 23, 251, 205, 36, 125, 114, 130, 206, 42,
       168, 238, 122, 122, 117, 217, 243, 246, 246, 12, 116, 41, 59, 201,
       35, 16, 168, 58, 135, 66, 102, 62, 10, 63, 119, 207, 48, 41, 115,
       153, 78, 203, 32, 237, 120, 104, 120, 205, 87, 254, 86, 28, 60,
       40, 50, 215, 34, 16, 25, 26, 70, 106, 98, 43, 106, 63, 103, 143,
       33, 125, 112, 154, 198, 171, 37, 87, 6, 155, 244, 135, 174, 252,
       92, 136, 81, 102, 208, 224, 189, 229, 127, 104, 18, 255, 245, 178,
       28, 254, 44, 14, 175, 196, 157, 123, 185, 133, 182, 4, 99, 172,
       95, 99, 95, 73, 21, 142, 217, 171, 79, 222, 57, 21, 250, 185, 151,
       163, 40, 135, 100, 142, 177, 208, 139, 191, 53, 126, 54, 231, 37,
