%YAML:1.0
---
descriptors: !!opencv-matrix
   rows: 265
   cols: 32
   dt: u
   data: [ 45, 113, 17, 79, 213, 95, 71, 184, 85, 232, 109, 76, 210, 81,
       29, 180, 88, 204, 18, 110, 201, 178, 249, 138, 39, 60, 5, 44, 91,
       251, 82, 164, 158, 74, 142, 177, 42, 163, 188, 67, 190, 182, 211,
       183, 141, 202, 99, 203, 39, 61, 171, 135, 100, 213, 14, 208, 144,
       3, 123, 131, 20, 124, 169, 195, 44, 101, 59, 69, 21, 111, 103, 40,
       113, 172, 239, 8, 210, 113, 13, 52, 216, 212, 96, 106, 73, 176,
       241, 14, 231, 223, 1, 20, 66, 123, 70, 226, 50, 143, 106, 251,
       214, 227, 254, 231, 21, 5, 126, 163, 49, 47, 38, 0, 255, 251, 135,
       160, 126, 186, 1, 255, 123, 143, 182, 193, 245, 218, 236, 154,
       164, 235, 187, 90, 236, 201, 247, 216, 222, 30, 116, 56, 146, 209,
       237, 44, 89, 88, 6, 90, 66, 116, 42, 51, 79, 156, 53, 239, 210,
       249, 212, 163, 12, 253, 145, 228, 249, 79, 119, 250, 42, 170, 96,
       72, 150, 247, 65, 48, 165, 219, 93, 106, 81, 114, 176, 44, 253,
       215, 5, 4, 64, 113, 7, 179, 128, 174, 158, 186, 236, 229, 149,
       207, 158, 31, 64, 17, 164, 211, 96, 73, 193, 59, 35, 0, 50, 110,
       66, 51, 205, 144, 90, 123, 16, 72, 133, 170, 9, 191, 255, 87, 247,
       254, 183, 247, 248, 205, 126, 101, 126, 252, 134, 50, 166, 102,
       230, 12, 149, 249, 55, 239, 111, 255, 116, 130, 203, 238, 231,
       255, 192, 184, 157, 91, 250, 224, 33, 151, 182, 17, 34, 48, 180,
       215, 65, 123, 7, 122, 104, 144, 51, 92, 187, 117, 13, 130, 55,
       104, 144, 192, 135, 185, 61, 124, 190, 240, 45, 45, 80, 82, 235,
       187, 176, 72, 159, 153, 85, 58, 141, 213, 125, 18, 139, 103, 218,
       128, 219, 219, 117, 62, 202, 121, 66, 43, 213, 74, 207, 181, 78,
       42, 109, 16, 184, 210, 195, 214, 213, 35, 17, 91, 102, 229, 123,
       206, 161, 213, 151, 64, 213, 170, 250, 8, 45, 241, 49, 176, 194,
       157, 126, 222, 173, 246, 30, 167, 159, 91, 191, 49, 126, 255, 44,
       114, 199, 183, 253, 129, 241, 137, 59, 247, 251, 255, 94, 215, 26,
       68, 165, 95, 146, 78, 14, 156, 154, 32, 190, 230, 188, 134, 144,
       151, 173, 230, 99, 67, 111, 231, 207, 165, 96, 15, 160, 238, 248,
       39, 191, 137, 144, 244, 37, 248, 126, 249, 173, 104, 205, 93, 215,
       238, 135, 114, 172, 9, 114, 125, 85, 34, 201, 210, 251, 99, 75,
       35, 123, 181, 251, 223, 197, 63, 83, 127, 214, 242, 56, 157, 119,
       237, 151, 199, 247, 247, 84, 4, 250, 3, 127, 57, 33, 64, 122, 243,
       6, 224, 120, 187, 17, 191, 249, 239, 38, 64, 119, 90, 229, 235,
       221, 85, 239, 108, 6, 82, 127, 112, 241, 198, 247, 166, 91, 111,
       187, 115, 122, 244, 189, 239, 236, 183, 165, 202, 243, 239, 230,
       133, 39, 243, 118, 98, 147, 204, 78, 190, 26, 163, 78, 242, 151,
       66, 216, 215, 97, 227, 179, 65, 127, 235, 31, 239, 238, 143, 76,
       255, 176, 46, 187, 128, 61, 247, 56, 216, 8, 156, 222, 93, 251,
       240, 187, 87, 167, 5, 254, 160, 124, 247, 162, 212, 103, 51, 162,
       152, 3, 169, 51, 255, 111, 167, 22, 11, 219, 192, 173, 185, 161,
       134, 169, 251, 125, 173, 193, 31, 94, 123, 85, 92, 178, 233, 88,
       40, 217, 10, 2, 29, 187, 126, 123, 151, 205, 223, 146, 116, 216,
       8, 208, 168, 155, 242, 102, 145, 119, 19, 236, 246, 61, 123, 86,
       247, 8, 14, 182, 229, 111, 139, 151, 205, 247, 220, 37, 255, 62,
       90, 222, 198, 47, 148, 185, 221, 204, 232, 159, 240, 232, 225,
       113, 134, 54, 27, 102, 48, 158, 151, 72, 89, 195, 27, 110, 144,
       50, 94, 195, 114, 205, 147, 118, 105, 128, 81, 167, 35, 89, 7,
       108, 173, 20, 10, 79, 48, 100, 164, 254, 135, 211, 33, 146, 64,
       120, 196, 76, 238, 204, 185, 101, 12, 232, 239, 164, 16, 125, 170,
       120, 74, 211, 93, 123, 238, 50, 134, 239, 117, 237, 192, 90, 226,
       125, 254, 181, 97, 102, 253, 29, 239, 197, 153, 52, 236, 181, 40,
       174, 128, 45, 242, 33, 125, 89, 223, 126, 231, 54, 14, 94, 188,
       165, 232, 190, 71, 123, 119, 155, 243, 118, 214, 125, 238, 237,
       145, 89, 189, 255, 235, 165, 212, 47, 178, 224, 121, 238, 120,
       250, 208, 105, 212, 92, 64, 171, 222, 180, 57, 46, 159, 103, 190,
       198, 241, 223, 210, 76, 71, 226, 224, 19, 89, 213, 187, 130, 181,
       110, 71, 34, 162, 16, 184, 57, 157, 152, 175, 159, 29, 176, 93,
       174, 202, 78, 148, 205, 27, 207, 5, 94, 74, 66, 241, 141, 212, 30,
       251, 26, 12, 139, 31, 35, 184, 147, 184, 73, 165, 144, 71, 142,
       91, 128, 93, 172, 254, 96, 203, 201, 43, 123, 20, 23, 111, 210,
       241, 141, 18, 90, 122, 152, 12, 169, 158, 1, 203, 11, 173, 84,
       195, 43, 117, 20, 68, 78, 66, 181, 134, 32, 96, 112, 40, 26, 205,
       67, 152, 49, 29, 236, 165, 174, 0, 16, 10, 177, 232, 123, 156,
       190, 126, 241, 244, 125, 255, 123, 91, 124, 49, 124, 255, 46, 112,
       245, 155, 181, 128, 159, 26, 186, 247, 251, 255, 222, 203, 146,
       196, 166, 127, 206, 156, 125, 250, 189, 245, 89, 191, 95, 83, 247,
       56, 255, 127, 28, 121, 199, 147, 189, 16, 187, 76, 123, 247, 207,
       255, 247, 219, 190, 196, 196, 115, 67, 76, 110, 173, 44, 183, 216,
       30, 15, 119, 90, 151, 141, 136, 54, 73, 199, 15, 127, 133, 198,
       221, 87, 245, 130, 123, 218, 211, 28, 156, 153, 95, 215, 121, 129,
       181, 172, 12, 108, 157, 122, 250, 18, 198, 215, 238, 219, 123,
       183, 207, 60, 239, 205, 80, 255, 0, 188, 233, 239, 172, 172, 244,
       153, 85, 45, 220, 17, 219, 252, 251, 130, 140, 95, 11, 81, 114,
       226, 88, 189, 236, 219, 122, 134, 83, 183, 180, 109, 183, 46, 126,
       48, 211, 214, 95, 216, 133, 252, 109, 252, 98, 141, 87, 86, 204,
       211, 182, 172, 8, 67, 229, 75, 59, 25, 212, 108, 122, 110, 99,
       251, 50, 251, 203, 69, 125, 243, 243, 206, 98, 250, 69, 110, 236,
       7, 18, 94, 104, 213, 134, 255, 131, 75, 233, 63, 65, 248, 229,
       191, 230, 236, 167, 21, 142, 243, 239, 194, 27, 119, 191, 124, 70,
       17, 36, 159, 225, 176, 42, 105, 23, 60, 163, 10, 16, 151, 55, 64,
       106, 55, 95, 29, 60, 19, 216, 177, 10, 205, 175, 62, 68, 160, 192,
       129, 32, 72, 157, 218, 221, 251, 240, 187, 215, 191, 69, 254, 134,
       57, 255, 38, 116, 126, 59, 178, 144, 23, 155, 51, 255, 127, 245,
       150, 203, 251, 198, 173, 219, 121, 181, 185, 104, 253, 79, 87,
       191, 71, 233, 188, 8, 114, 61, 80, 48, 153, 158, 117, 57, 91, 58,
       121, 159, 251, 221, 133, 126, 251, 122, 214, 122, 254, 64, 118,
       238, 69, 86, 94, 248, 49, 38, 247, 11, 75, 95, 15, 215, 242, 213,
       253, 226, 76, 151, 249, 202, 147, 251, 203, 31, 39, 191, 110, 70,
       117, 112, 183, 224, 61, 45, 80, 80, 235, 185, 184, 76, 158, 153,
       85, 58, 141, 225, 124, 88, 139, 99, 218, 192, 219, 217, 113, 62,
       200, 123, 66, 35, 108, 112, 184, 97, 45, 45, 80, 16, 107, 186,
       177, 72, 159, 25, 73, 27, 153, 196, 68, 90, 136, 118, 217, 128,
       207, 217, 37, 54, 194, 249, 66, 3, 131, 78, 7, 189, 125, 180, 170,
       102, 220, 67, 90, 214, 172, 188, 48, 227, 239, 111, 59, 133, 165,
       157, 54, 239, 165, 54, 154, 130, 140, 92, 57, 156, 62, 37, 240,
       225, 229, 127, 250, 200, 31, 164, 191, 11, 75, 61, 95, 156, 191,
       221, 215, 179, 28, 50, 73, 210, 159, 223, 1, 119, 231, 239, 78,
       214, 101, 52, 249, 224, 252, 47, 105, 26, 123, 251, 57, 92, 214,
       121, 93, 24, 159, 157, 119, 60, 185, 116, 219, 66, 157, 158, 97,
       244, 204, 233, 66, 177, 7, 186, 57, 249, 108, 165, 185, 218, 158,
       121, 81, 118, 156, 223, 224, 41, 207, 25, 55, 145, 147, 126, 106,
       241, 77, 152, 123, 238, 220, 9, 33, 179, 137, 188, 205, 127, 116,
       175, 227, 183, 118, 235, 102, 20, 243, 112, 146, 41, 17, 106, 48,
       12, 179, 252, 127, 63, 77, 239, 117, 0, 232, 232, 208, 248, 49,
       143, 79, 236, 22, 130, 231, 119, 212, 0, 218, 230, 51, 161, 176,
       96, 106, 166, 14, 236, 249, 187, 36, 191, 240, 174, 162, 128, 61,
       136, 112, 40, 56, 14, 66, 190, 150, 162, 122, 99, 148, 1, 219,
       195, 101, 227, 32, 192, 89, 170, 143, 148, 62, 155, 8, 255, 250,
