%YAML:1.0
---
descriptors: !!opencv-matrix
   rows: 189
   cols: 32
   dt: u
   data: [ 40, 245, 121, 101, 116, 207, 103, 119, 101, 41, 126, 74, 51,
       29, 144, 52, 122, 158, 22, 136, 200, 186, 117, 15, 119, 173, 32,
       64, 103, 138, 198, 171, 218, 209, 146, 165, 39, 94, 124, 165, 189,
       175, 214, 19, 207, 190, 26, 214, 242, 245, 253, 225, 76, 217, 145,
       199, 183, 247, 222, 151, 38, 54, 157, 95, 90, 252, 82, 239, 115,
       92, 126, 182, 57, 4, 118, 129, 191, 23, 19, 209, 54, 223, 253,
       206, 78, 152, 145, 237, 247, 249, 186, 129, 38, 151, 78, 91, 10,
       27, 2, 138, 105, 149, 188, 204, 143, 92, 220, 167, 172, 206, 103,
       198, 236, 43, 251, 199, 198, 11, 146, 241, 22, 80, 138, 171, 26,
       31, 57, 223, 181, 67, 253, 71, 236, 14, 207, 184, 64, 238, 245,
       78, 83, 97, 159, 35, 124, 196, 6, 110, 232, 242, 109, 8, 119, 139,
       101, 132, 103, 251, 112, 225, 41, 245, 123, 109, 114, 206, 113,
       246, 96, 72, 108, 108, 51, 23, 0, 48, 54, 60, 68, 104, 193, 186,
       176, 77, 103, 173, 32, 0, 105, 146, 98, 187, 161, 180, 53, 91,
       141, 93, 212, 173, 95, 123, 33, 24, 210, 124, 76, 167, 217, 26,
       106, 24, 123, 108, 123, 151, 15, 218, 85, 127, 208, 8, 212, 166,
       38, 165, 19, 139, 221, 247, 178, 201, 15, 33, 121, 3, 236, 220,
       105, 196, 217, 59, 131, 131, 6, 178, 74, 255, 61, 20, 139, 103,
       147, 79, 181, 134, 171, 180, 252, 82, 233, 125, 188, 254, 235,
       123, 52, 93, 56, 188, 222, 191, 141, 19, 215, 21, 167, 126, 242,
       243, 31, 91, 92, 254, 203, 68, 203, 223, 94, 185, 182, 240, 169,
       116, 90, 209, 171, 185, 155, 49, 220, 255, 72, 250, 231, 213, 253,
       147, 157, 67, 187, 192, 219, 247, 239, 223, 138, 102, 175, 83,
       188, 132, 105, 251, 92, 99, 195, 218, 86, 35, 221, 18, 115, 233,
       57, 96, 89, 202, 23, 184, 186, 178, 111, 159, 217, 207, 163, 124,
       181, 203, 116, 160, 27, 225, 146, 161, 181, 150, 107, 87, 55, 137,
       86, 18, 156, 147, 242, 228, 244, 12, 55, 28, 19, 153, 49, 198,
       185, 252, 158, 194, 142, 132, 177, 164, 167, 41, 48, 91, 205, 157,
       165, 73, 95, 28, 117, 2, 160, 216, 247, 45, 200, 40, 18, 91, 210,
       114, 254, 240, 5, 24, 222, 42, 87, 13, 245, 164, 162, 48, 148,
       153, 125, 205, 216, 74, 159, 189, 240, 27, 174, 218, 110, 27, 201,
       185, 223, 145, 42, 111, 82, 209, 159, 18, 219, 123, 208, 12, 126,
       202, 9, 144, 101, 65, 36, 223, 232, 55, 94, 105, 242, 230, 203,
       12, 148, 228, 126, 44, 254, 137, 215, 184, 101, 213, 4, 111, 178,
       192, 127, 140, 121, 157, 136, 144, 158, 187, 177, 236, 57, 7, 190,
       23, 103, 17, 173, 151, 42, 88, 131, 19, 235, 16, 50, 141, 19, 211,
       207, 247, 26, 67, 144, 0, 141, 82, 188, 25, 126, 238, 157, 214,
       83, 112, 197, 140, 255, 2, 91, 253, 178, 65, 88, 244, 143, 234,
       248, 163, 120, 172, 243, 235, 227, 81, 119, 171, 124, 82, 41, 251,
       123, 234, 116, 199, 127, 245, 85, 72, 124, 98, 59, 223, 176, 48,
       126, 186, 23, 200, 203, 186, 32, 255, 127, 221, 164, 232, 127,
       138, 226, 249, 93, 71, 225, 15, 180, 18, 238, 184, 117, 234, 218,
       102, 83, 104, 157, 228, 119, 76, 60, 239, 237, 144, 109, 174, 188,
       110, 239, 132, 111, 247, 121, 37, 1, 154, 190, 249, 36, 169, 109,
       55, 110, 123, 126, 228, 191, 171, 146, 104, 231, 47, 126, 12, 209,
       152, 231, 21, 198, 255, 122, 192, 156, 192, 129, 121, 161, 206,
       125, 79, 36, 78, 111, 184, 116, 122, 118, 100, 243, 7, 153, 49,
       54, 68, 126, 110, 225, 244, 105, 63, 102, 171, 96, 132, 121, 177,
       66, 249, 170, 249, 112, 251, 117, 213, 178, 236, 95, 93, 112, 19,
       168, 220, 62, 133, 216, 57, 147, 81, 230, 190, 80, 247, 39, 89,
       130, 107, 87, 28, 253, 222, 136, 145, 53, 249, 102, 207, 177, 113,
       94, 121, 83, 114, 148, 29, 168, 105, 230, 16, 55, 9, 211, 184, 57,
       149, 69, 186, 122, 198, 20, 8, 213, 243, 23, 142, 203, 235, 150,
       163, 235, 214, 22, 65, 223, 230, 121, 203, 185, 96, 127, 171, 23,
       156, 147, 157, 45, 255, 252, 143, 191, 192, 189, 203, 161, 160,
       184, 73, 104, 108, 93, 71, 67, 250, 85, 40, 252, 10, 51, 25, 49,
       48, 216, 232, 7, 234, 72, 50, 64, 191, 243, 201, 161, 61, 115,
       185, 118, 170, 55, 217, 14, 174, 30, 133, 207, 252, 132, 64, 217,
       71, 113, 217, 59, 64, 92, 194, 31, 239, 203, 3, 26, 189, 241, 40,
       175, 152, 61, 59, 176, 136, 2, 13, 50, 158, 245, 245, 186, 74, 30,
       5, 89, 19, 172, 254, 39, 68, 249, 59, 131, 129, 38, 154, 10, 255,
       53, 54, 154, 11, 146, 77, 61, 206, 61, 134, 69, 170, 188, 39, 74,
       216, 23, 91, 153, 215, 67, 104, 187, 193, 127, 194, 31, 239, 175,
       3, 79, 191, 240, 207, 171, 188, 191, 255, 120, 65, 111, 70, 238,
       26, 237, 116, 217, 206, 249, 95, 150, 23, 72, 236, 191, 223, 225,
       199, 255, 181, 164, 103, 38, 228, 90, 123, 222, 207, 135, 85, 127,
       79, 185, 103, 229, 69, 118, 27, 239, 254, 119, 225, 246, 238, 243,
       36, 149, 181, 127, 206, 118, 236, 169, 250, 237, 143, 60, 238,
       245, 132, 111, 248, 114, 249, 9, 158, 31, 125, 52, 190, 105, 55,
       237, 73, 126, 100, 190, 50, 166, 244, 166, 35, 126, 12, 147, 184,
       49, 255, 206, 255, 50, 192, 202, 128, 201, 61, 66, 143, 32, 138,
       121, 181, 158, 239, 141, 12, 157, 173, 172, 238, 46, 212, 206,
       147, 223, 231, 6, 11, 106, 255, 179, 84, 138, 187, 22, 94, 175,
       223, 81, 79, 193, 13, 180, 18, 78, 187, 119, 226, 218, 198, 83,
       104, 145, 240, 115, 204, 124, 173, 237, 208, 197, 14, 174, 110,
       173, 132, 45, 244, 248, 85, 90, 92, 243, 222, 98, 100, 47, 214,
       177, 202, 254, 226, 61, 183, 165, 126, 102, 253, 55, 202, 1, 135,
       176, 234, 83, 172, 254, 136, 167, 241, 37, 249, 24, 88, 30, 190,
       45, 213, 27, 102, 140, 14, 222, 3, 239, 90, 34, 64, 192, 177, 191,
       195, 76, 173, 115, 189, 147, 247, 250, 19, 22, 29, 61, 75, 128,
       130, 247, 81, 48, 170, 233, 18, 126, 7, 118, 240, 243, 5, 140,
       125, 55, 62, 110, 24, 179, 252, 101, 87, 69, 254, 50, 64, 198,
       128, 69, 33, 90, 212, 178, 166, 55, 222, 126, 164, 189, 36, 202,
       3, 238, 190, 46, 214, 242, 255, 253, 227, 76, 221, 153, 239, 179,
       246, 222, 19, 6, 55, 45, 94, 87, 17, 131, 132, 164, 102, 172, 1,
       236, 203, 219, 215, 212, 254, 254, 110, 246, 229, 61, 189, 157,
       195, 181, 194, 184, 60, 207, 206, 140, 118, 177, 85, 10, 206, 34,
       155, 243, 176, 190, 102, 189, 15, 94, 167, 172, 238, 38, 68, 239,
       43, 163, 149, 230, 156, 2, 255, 46, 119, 158, 139, 150, 86, 173,
       222, 33, 93, 123, 79, 212, 199, 239, 252, 84, 4, 127, 2, 112, 117,
       189, 100, 88, 122, 2, 234, 195, 186, 125, 127, 109, 46, 38, 64,
       119, 155, 244, 252, 40, 165, 115, 73, 244, 155, 235, 115, 117, 33,
       127, 10, 26, 17, 148, 52, 122, 158, 6, 24, 209, 186, 101, 222,
       118, 60, 0, 64, 103, 138, 242, 164, 172, 40, 248, 117, 108, 109,
       225, 194, 251, 182, 244, 26, 187, 185, 85, 58, 233, 236, 118, 11,
       136, 246, 246, 226, 87, 217, 83, 56, 69, 249, 86, 168, 180, 40,
       233, 249, 220, 239, 233, 218, 86, 163, 245, 26, 211, 233, 81, 40,
       89, 206, 55, 153, 42, 246, 127, 178, 223, 207, 155, 60, 245, 233,
       116, 160, 249, 75, 110, 252, 46, 131, 79, 252, 196, 14, 212, 230,
       115, 233, 177, 65, 126, 224, 63, 239, 232, 167, 6, 173, 240, 235,
       238, 152, 61, 186, 112, 9, 185, 223, 103, 73, 118, 155, 239, 245,
       69, 72, 252, 230, 51, 9, 180, 37, 126, 170, 22, 236, 233, 186,
       100, 255, 118, 201, 166, 192, 127, 154, 240, 189, 163, 88, 111,
       157, 108, 134, 234, 146, 148, 76, 210, 199, 49, 14, 183, 89, 78,
       225, 55, 207, 207, 134, 87, 253, 4, 42, 250, 136, 61, 149, 112,
       221, 91, 26, 74, 165, 52, 142, 120, 55, 37, 72, 214, 229, 191, 3,
       146, 80, 102, 173, 61, 141, 141, 156, 213, 142, 198, 237, 186,
       128, 46, 132, 56, 27, 2, 129, 0, 137, 149, 199, 190, 103, 12, 5,
       91, 3, 172, 50, 32, 64, 216, 27, 131, 160, 82, 152, 81, 221, 45,
