%YAML:1.0
---
descriptors: !!opencv-matrix
   rows: 393
   cols: 32
   dt: u
   data: [ 190, 207, 196, 163, 148, 99, 223, 231, 21, 183, 187, 179, 83,
       47, 72, 9, 125, 215, 151, 179, 56, 246, 73, 174, 249, 198, 255,
       213, 165, 91, 244, 114, 60, 77, 254, 94, 141, 231, 215, 96, 212,
       134, 239, 2, 115, 245, 55, 97, 88, 250, 51, 106, 120, 227, 122,
       46, 115, 175, 69, 25, 115, 123, 124, 226, 152, 152, 191, 250, 147,
       165, 57, 215, 190, 91, 66, 87, 188, 215, 32, 104, 231, 59, 27,
       145, 179, 13, 50, 119, 201, 231, 58, 74, 152, 0, 165, 123, 129,
       26, 191, 249, 36, 172, 105, 23, 254, 89, 82, 116, 189, 135, 176,
       105, 230, 59, 63, 157, 147, 220, 2, 113, 196, 185, 186, 192, 152,
       128, 161, 57, 118, 109, 16, 174, 29, 237, 86, 73, 7, 4, 217, 11,
       239, 252, 41, 212, 216, 251, 143, 97, 10, 35, 216, 191, 177, 244,
       139, 59, 48, 126, 52, 14, 60, 76, 62, 126, 221, 229, 215, 227,
       212, 14, 236, 10, 115, 245, 35, 81, 105, 242, 51, 10, 104, 171,
       122, 63, 115, 175, 196, 25, 209, 123, 124, 234, 9, 140, 30, 101,
       52, 190, 104, 55, 109, 73, 126, 68, 255, 40, 146, 228, 135, 38,
       126, 12, 157, 184, 117, 143, 238, 255, 114, 192, 202, 200, 73, 13,
       218, 193, 150, 181, 141, 90, 124, 37, 173, 165, 210, 19, 207, 58,
       34, 198, 226, 245, 253, 193, 92, 249, 193, 194, 183, 243, 206, 19,
       38, 62, 189, 6, 162, 249, 120, 203, 117, 213, 178, 204, 79, 13,
       124, 3, 168, 220, 54, 128, 222, 57, 147, 81, 198, 58, 80, 245, 47,
       93, 138, 235, 87, 30, 253, 223, 26, 30, 87, 180, 34, 131, 174,
       114, 180, 170, 18, 231, 61, 167, 161, 131, 46, 245, 159, 230, 225,
       221, 4, 238, 56, 199, 111, 128, 45, 241, 41, 153, 36, 13, 122, 79,
       212, 135, 231, 112, 84, 132, 127, 2, 113, 97, 183, 32, 120, 250,
       2, 234, 208, 186, 60, 126, 111, 143, 165, 64, 117, 171, 118, 160,
       53, 71, 109, 69, 236, 10, 239, 248, 64, 236, 255, 238, 83, 109,
       157, 39, 122, 196, 54, 110, 225, 242, 237, 44, 116, 40, 101, 132,
       109, 251, 116, 240, 172, 89, 118, 119, 97, 223, 127, 48, 57, 142,
       118, 168, 255, 127, 131, 176, 6, 120, 198, 74, 193, 184, 113, 232,
       103, 251, 96, 128, 99, 183, 70, 249, 243, 88, 78, 28, 84, 150,
       234, 48, 53, 72, 210, 199, 113, 14, 183, 89, 76, 233, 55, 207,
       173, 158, 86, 255, 22, 42, 170, 136, 61, 149, 120, 221, 179, 35,
       6, 136, 83, 179, 152, 67, 45, 97, 208, 159, 14, 10, 38, 157, 234,
       129, 223, 181, 62, 155, 64, 220, 144, 16, 154, 211, 155, 12, 59,
       6, 40, 245, 121, 101, 116, 143, 102, 55, 101, 41, 126, 72, 59, 25,
       144, 48, 122, 158, 6, 8, 200, 186, 113, 15, 103, 237, 32, 64, 103,
       138, 198, 171, 136, 153, 62, 251, 143, 220, 181, 119, 175, 87, 38,
       17, 188, 159, 98, 75, 167, 51, 251, 0, 118, 237, 51, 245, 79, 219,
       86, 67, 2, 4, 173, 219, 139, 202, 30, 187, 38, 157, 184, 148, 190,
       93, 86, 215, 189, 138, 171, 73, 166, 43, 63, 29, 134, 220, 3, 241,
       198, 249, 122, 130, 28, 156, 41, 217, 58, 19, 118, 232, 79, 91,
       80, 105, 5, 12, 247, 43, 75, 29, 38, 221, 254, 177, 167, 96, 92,
       187, 3, 156, 19, 251, 64, 75, 115, 142, 108, 7, 11, 251, 38, 139,
       105, 181, 184, 204, 143, 92, 88, 133, 172, 206, 119, 198, 198, 43,
       251, 213, 134, 11, 210, 241, 6, 112, 138, 235, 30, 7, 57, 223,
       161, 94, 125, 79, 36, 46, 239, 184, 124, 106, 118, 68, 243, 53,
       149, 127, 6, 84, 126, 110, 225, 244, 105, 127, 197, 186, 98, 144,
       88, 249, 67, 121, 9, 159, 40, 138, 116, 167, 187, 184, 20, 108,
       93, 230, 245, 85, 186, 96, 86, 26, 19, 251, 179, 26, 109, 63, 109,
       5, 171, 236, 28, 139, 29, 121, 15, 154, 132, 159, 21, 223, 168,
       176, 22, 125, 86, 231, 193, 100, 186, 197, 113, 204, 186, 77, 215,
       216, 61, 181, 78, 103, 255, 197, 63, 12, 25, 212, 63, 188, 241,
       163, 149, 253, 123, 222, 3, 229, 120, 0, 13, 63, 90, 174, 157, 91,
       145, 148, 159, 184, 248, 162, 47, 221, 21, 102, 235, 87, 194, 246,
       181, 99, 105, 162, 196, 79, 71, 216, 114, 238, 177, 11, 83, 77,
       89, 57, 184, 200, 85, 110, 201, 118, 105, 26, 241, 201, 37, 188,
       97, 187, 118, 241, 1, 156, 55, 250, 18, 229, 177, 87, 188, 65, 74,
       86, 188, 215, 32, 96, 167, 59, 27, 16, 179, 157, 50, 127, 205,
       166, 26, 66, 144, 0, 161, 251, 111, 225, 39, 130, 205, 21, 172,
       101, 201, 248, 153, 74, 8, 216, 126, 167, 200, 33, 211, 231, 213,
       99, 254, 192, 60, 88, 207, 238, 79, 46, 251, 196, 200, 128, 30,
       187, 185, 236, 49, 7, 190, 23, 102, 17, 174, 215, 42, 89, 131, 51,
       237, 16, 50, 205, 19, 215, 207, 247, 90, 67, 130, 0, 141, 83, 253,
       145, 111, 198, 100, 86, 79, 240, 225, 204, 247, 18, 83, 247, 190,
       115, 124, 244, 61, 234, 249, 247, 188, 140, 83, 233, 227, 196, 39,
       163, 244, 113, 17, 221, 46, 171, 52, 199, 187, 101, 4, 65, 222, 7,
       181, 30, 34, 96, 250, 59, 31, 225, 78, 136, 48, 191, 225, 173,
       170, 193, 56, 10, 169, 219, 167, 41, 177, 91, 237, 221, 161, 72,
       207, 220, 85, 10, 168, 200, 247, 175, 200, 42, 2, 91, 210, 114,
       238, 240, 5, 24, 74, 42, 87, 15, 85, 228, 90, 249, 190, 254, 11,
       208, 17, 199, 171, 21, 164, 35, 44, 223, 98, 118, 162, 243, 251,
       209, 2, 75, 146, 241, 243, 241, 94, 11, 147, 20, 175, 187, 41, 80,
       41, 77, 85, 31, 194, 56, 84, 104, 230, 76, 243, 24, 29, 161, 88,
       140, 90, 110, 237, 178, 113, 28, 39, 249, 129, 16, 75, 170, 82,
       188, 179, 213, 99, 66, 215, 215, 135, 229, 213, 96, 191, 30, 82,
       124, 60, 37, 93, 214, 147, 235, 233, 179, 124, 191, 59, 78, 133,
       86, 103, 94, 244, 118, 181, 193, 78, 170, 30, 133, 206, 252, 198,
       16, 209, 70, 115, 216, 59, 96, 120, 192, 30, 239, 239, 35, 30, 61,
       240, 137, 175, 28, 61, 187, 248, 128, 1, 2, 196, 145, 100, 187,
       232, 83, 127, 121, 118, 246, 153, 8, 214, 237, 106, 12, 54, 29,
       151, 252, 103, 209, 6, 120, 242, 192, 239, 140, 88, 156, 151, 71,
       204, 5, 180, 50, 78, 188, 54, 226, 218, 199, 83, 104, 159, 240,
       51, 204, 60, 239, 237, 208, 77, 46, 174, 111, 173, 148, 45, 245,
       248, 84, 41, 249, 121, 234, 244, 197, 79, 245, 119, 73, 124, 108,
       63, 199, 176, 48, 222, 171, 22, 220, 219, 58, 112, 255, 254, 221,
       166, 232, 58, 138, 226, 249, 189, 0, 107, 229, 71, 107, 73, 81,
       69, 162, 247, 138, 83, 9, 17, 57, 122, 140, 22, 172, 8, 182, 117,
       140, 211, 201, 225, 20, 103, 168, 82, 160, 51, 18, 238, 157, 94,
       3, 233, 91, 22, 245, 214, 247, 33, 12, 182, 72, 126, 141, 63, 149,
       158, 216, 103, 157, 94, 34, 251, 192, 61, 140, 120, 212, 1, 249,
       191, 249, 225, 205, 185, 215, 110, 93, 118, 0, 188, 223, 96, 104,
       231, 59, 55, 25, 211, 184, 50, 241, 77, 216, 62, 226, 144, 0, 165,
       251, 9, 138, 197, 245, 52, 186, 233, 18, 116, 33, 86, 242, 179, 0,
       144, 236, 74, 174, 54, 141, 187, 252, 101, 173, 68, 239, 186, 192,
       167, 136, 80, 40, 2, 133, 16, 137, 213, 215, 186, 99, 13, 5, 95,
       3, 172, 42, 46, 196, 216, 27, 147, 161, 22, 152, 1, 221, 45, 20,
       138, 67, 22, 14, 189, 198, 255, 213, 84, 92, 251, 83, 84, 236,
       217, 82, 180, 190, 74, 122, 174, 183, 122, 240, 198, 234, 125, 39,
       126, 222, 54, 90, 69, 223, 127, 189, 234, 151, 2, 145, 59, 203,
       116, 215, 186, 109, 30, 65, 92, 2, 180, 222, 44, 224, 214, 27,
       147, 209, 87, 152, 80, 247, 47, 37, 170, 67, 20, 10, 189, 154, 86,
       239, 206, 183, 216, 2, 239, 238, 54, 182, 202, 199, 225, 226, 89,
       195, 121, 239, 107, 255, 107, 219, 223, 127, 188, 38, 239, 132,
       173, 120, 187, 152, 57, 223, 107, 73, 118, 159, 239, 245, 69, 72,
       252, 230, 51, 9, 180, 36, 126, 170, 22, 238, 235, 186, 36, 253,
       102, 137, 164, 192, 127, 154, 240, 185, 27, 225, 146, 192, 181,
       150, 107, 199, 21, 137, 222, 18, 156, 147, 184, 100, 240, 62, 62,
       152, 19, 155, 33, 198, 185, 252, 158, 198, 166, 136, 185, 45, 18,
       34, 102, 137, 74, 193, 185, 67, 174, 53, 210, 179, 141, 142, 226,
