%YAML:1.0
---
descriptors: !!opencv-matrix
   rows: 30
   cols: 32
   dt: u
   data: [ 50, 1, 114, 129, 103, 153, 232, 65, 109, 1, 176, 2, 140, 10,
       116, 212, 106, 137, 223, 145, 158, 43, 64, 212, 148, 152, 138,
       251, 119, 12, 115, 132, 2, 204, 34, 223, 93, 147, 186, 224, 30, 4,
       89, 2, 228, 216, 49, 64, 216, 122, 147, 67, 98, 190, 26, 255, 37,
       54, 139, 139, 20, 31, 61, 138, 50, 65, 82, 129, 103, 11, 248, 64,
       45, 4, 242, 11, 140, 10, 39, 80, 234, 177, 223, 193, 72, 187, 64,
       200, 149, 152, 138, 147, 101, 8, 119, 202, 122, 17, 82, 168, 125,
       95, 248, 72, 45, 44, 240, 11, 14, 158, 38, 212, 254, 157, 207,
       241, 12, 179, 81, 220, 151, 216, 139, 31, 119, 46, 126, 215, 58,
       16, 86, 137, 109, 95, 248, 72, 13, 236, 244, 11, 142, 158, 38,
       196, 254, 145, 207, 241, 12, 179, 81, 204, 149, 80, 138, 55, 87,
       14, 127, 223, 33, 34, 79, 233, 78, 139, 105, 91, 110, 112, 242,
       230, 145, 131, 208, 105, 110, 172, 110, 156, 131, 248, 197, 208,
       220, 168, 242, 132, 61, 136, 96, 169, 36, 205, 0, 158, 221, 129,
       134, 239, 30, 1, 88, 2, 228, 248, 56, 192, 217, 74, 51, 99, 98,
       50, 91, 191, 185, 86, 143, 110, 21, 122, 176, 138, 169, 78, 125,
       101, 116, 14, 105, 54, 124, 200, 118, 100, 183, 1, 145, 113, 6,
       44, 86, 12, 233, 188, 97, 12, 230, 249, 48, 128, 104, 144, 66,
       185, 106, 49, 127, 232, 109, 223, 249, 80, 45, 104, 246, 10, 156,
       159, 4, 116, 238, 157, 255, 129, 1, 179, 243, 208, 215, 249, 138,
       43, 87, 8, 119, 251, 164, 113, 126, 97, 244, 78, 111, 176, 120,
       172, 118, 0, 211, 17, 145, 49, 22, 220, 68, 110, 232, 180, 113,
       14, 231, 185, 37, 4, 64, 178, 194, 161, 64, 20, 251, 229, 116, 78,
       111, 51, 124, 136, 126, 32, 183, 55, 129, 112, 86, 60, 23, 40,
       225, 152, 113, 78, 231, 189, 34, 128, 0, 224, 69, 185, 166, 105,
       114, 158, 85, 159, 178, 104, 94, 4, 113, 3, 232, 200, 61, 128,
       216, 56, 130, 67, 230, 182, 74, 255, 37, 30, 11, 43, 85, 63, 121,
       134, 193, 18, 249, 224, 108, 168, 233, 83, 233, 81, 181, 254, 157,
       139, 240, 106, 106, 129, 78, 157, 147, 39, 102, 192, 212, 153,
       186, 168, 156, 136, 225, 176, 137, 30, 31, 119, 96, 140, 121, 54,
       252, 202, 118, 68, 191, 27, 1, 113, 134, 55, 94, 12, 225, 188, 48,
       46, 199, 251, 112, 128, 74, 128, 67, 171, 90, 185, 147, 250, 155,
       224, 17, 199, 171, 85, 164, 57, 172, 215, 96, 250, 227, 51, 251,
       144, 19, 75, 186, 241, 219, 213, 30, 123, 146, 0, 167, 122, 255,
       127, 106, 100, 13, 63, 94, 80, 65, 224, 254, 143, 11, 9, 55, 180,
       252, 228, 213, 230, 204, 167, 85, 170, 242, 249, 129, 187, 111,
       191, 122, 22, 24, 221, 115, 239, 53, 205, 111, 180, 85, 14, 126,
       2, 255, 63, 56, 65, 122, 146, 23, 234, 235, 184, 57, 191, 229,
       205, 166, 128, 55, 158, 245, 123, 155, 159, 111, 254, 182, 128,
       237, 119, 180, 72, 222, 230, 57, 207, 176, 97, 110, 163, 31, 140,
       235, 153, 36, 255, 242, 235, 186, 128, 61, 136, 241, 121, 186,
       207, 99, 218, 124, 145, 223, 255, 85, 12, 220, 227, 41, 204, 182,
       100, 126, 170, 151, 205, 238, 171, 38, 255, 118, 221, 174, 249,
       55, 158, 244, 237, 163, 104, 242, 88, 77, 253, 248, 66, 239, 21,
       228, 24, 170, 217, 116, 63, 232, 184, 210, 24, 142, 103, 178, 209,
       23, 216, 80, 107, 211, 140, 70, 134, 152, 28, 63, 254, 3, 236, 53,
       119, 189, 74, 103, 16, 62, 255, 32, 121, 164, 59, 217, 0, 49, 173,
       50, 239, 211, 243, 82, 11, 138, 80, 167, 187, 192, 125, 63, 101,
       32, 206, 117, 55, 104, 170, 118, 72, 183, 23, 1, 19, 134, 52, 125,
       8, 225, 252, 49, 12, 231, 187, 116, 0, 64, 240, 199, 107, 11, 221,
       123, 223, 247, 87, 255, 255, 31, 207, 94, 134, 88, 253, 190, 96,
       127, 255, 183, 231, 241, 186, 125, 255, 127, 127, 175, 196, 23,
       254, 181, 249, 34, 168, 148, 152, 93, 165, 144, 74, 158, 177, 224,
       27, 164, 216, 112, 12, 217, 170, 99, 145, 50, 111, 90, 253, 29,
       22, 155, 127, 145, 8, 117, 142, 105, 184, 50, 88, 77, 221, 208,
       66, 227, 80, 164, 8, 42, 217, 86, 62, 200, 162, 202, 24, 206, 43,
       242, 241, 83, 217, 16, 59, 83, 12, 118, 206, 218, 92, 191, 254,
       131, 240, 21, 230, 189, 71, 228, 51, 110, 255, 36, 121, 179, 251,
       185, 130, 49, 207, 50, 239, 211, 231, 90, 11, 179, 81, 167, 123,
       218, 249, 56, 250, 27, 213, 18, 204, 171, 81, 172, 40, 174, 223,
       106, 244, 239, 219, 221, 208, 79, 15, 186, 241, 251, 209, 30, 123,
       18, 22, 175, 95, 148, 69, 67, 163, 213, 46, 238, 228, 61, 6, 251,
       18, 206, 42, 57, 64, 249, 195, 15, 227, 120, 183, 89, 238, 181,
       244, 142, 4, 5, 123, 245, 130, 34, 232, 20, 154, 77, 205, 208,
       206, 143, 185, 160, 9, 166, 216, 68, 28, 201, 155, 235, 17, 10,
       107, 218, 241, 157, 16, 153, 127, 80, 8, 94, 142, 187, 223, 111,
       254, 126, 149, 223, 246, 213, 76, 220, 231, 59, 205, 182, 97, 110,
       179, 151, 207, 239, 47, 38, 191, 242, 239, 186, 136, 63, 156, 124,
       249 ]
keypoints: !!opencv-matrix
   rows: 30
   cols: 2
   dt: d
   data: [ 225., 38., 198., 39., 217., 39., 93., 198., 93., 200., 80.,
       204., 316., 231., 75., 238., 154., 244., 307., 252., 309., 255.,
       2.0160000610351562e+02, 3.8400001525878906e+01,
       1.8480000305175781e+02, 2.1000001525878906e+02,
       7.4400001525878906e+01, 2.3760000610351562e+02, 180.,
       2.4240000915527344e+02, 186., 2.5320001220703125e+02,
       1.9440000915527344e+02, 258., 8.4960006713867188e+01,
       1.8432000732421875e+02, 9.3600006103515625e+01,
       1.8432000732421875e+02, 3.0672000122070312e+02,
       2.3328001403808594e+02, 7.4880004882812500e+01,
       2.3760000610351562e+02, 3.0816000366210938e+02,
       2.5056001281738281e+02, 1.0713600921630859e+02,
       1.7280001831054688e+02, 3.1449603271484375e+02,
       2.2982402038574219e+02, 3.0585601806640625e+02,
       2.3500802612304688e+02, 7.4304008483886719e+01,
       2.3846401977539062e+02, 1.7971202087402344e+02,
       2.4192002868652344e+02, 1.9077122497558594e+02,
       8.9164810180664062e+01, 3.1518725585937500e+02,
       2.3016963195800781e+02, 9.2067863464355469e+01,
       1.8413572692871094e+02 ]
