%YAML:1.0
---
descriptors: !!opencv-matrix
   rows: 154
   cols: 32
   dt: u
   data: [ 88, 249, 58, 248, 25, 221, 87, 246, 163, 12, 164, 8, 191, 151,
       98, 208, 128, 243, 253, 88, 74, 43, 178, 177, 251, 221, 20, 123,
       98, 16, 238, 122, 210, 176, 191, 241, 171, 196, 57, 151, 186, 251,
       150, 87, 157, 191, 72, 123, 231, 87, 253, 145, 115, 77, 179, 194,
       219, 211, 255, 238, 136, 0, 165, 123, 19, 219, 75, 188, 182, 128,
       108, 119, 196, 73, 210, 230, 57, 130, 176, 96, 102, 163, 63, 205,
       209, 139, 6, 253, 240, 233, 190, 200, 61, 128, 177, 9, 34, 157,
       38, 222, 211, 244, 184, 231, 175, 77, 78, 5, 104, 254, 38, 84,
       237, 251, 179, 129, 159, 154, 50, 253, 111, 118, 158, 203, 211,
       70, 166, 223, 162, 160, 148, 153, 77, 181, 184, 75, 159, 177, 240,
       27, 172, 218, 103, 159, 201, 185, 235, 145, 14, 111, 210, 209, 31,
       82, 219, 127, 151, 12, 127, 142, 71, 233, 158, 179, 139, 148, 188,
       166, 190, 209, 2, 3, 252, 254, 79, 106, 167, 71, 57, 85, 23, 201,
       155, 225, 141, 42, 223, 66, 136, 117, 169, 14, 211, 112, 19, 140,
       58, 205, 26, 64, 175, 96, 161, 73, 222, 215, 45, 180, 178, 169,
       93, 99, 65, 7, 26, 95, 145, 148, 11, 186, 24, 35, 35, 119, 9, 156,
       62, 127, 49, 174, 113, 55, 237, 25, 127, 80, 254, 59, 32, 113,
       165, 51, 116, 8, 147, 184, 49, 109, 207, 251, 112, 64, 200, 0,
       227, 43, 107, 137, 141, 95, 153, 196, 78, 175, 102, 209, 78, 0,
       240, 55, 16, 112, 192, 106, 57, 204, 95, 136, 243, 61, 237, 191,
       158, 18, 152, 80, 248, 42, 252, 111, 111, 229, 36, 102, 107, 16,
       97, 236, 182, 66, 83, 13, 81, 83, 120, 236, 125, 250, 233, 247,
       241, 10, 115, 233, 161, 128, 103, 179, 118, 115, 173, 6, 253, 127,
       36, 46, 109, 56, 116, 202, 119, 116, 243, 99, 145, 123, 94, 36,
       126, 46, 161, 244, 101, 14, 70, 171, 96, 128, 125, 251, 66, 225,
       8, 251, 187, 120, 232, 197, 181, 223, 110, 13, 116, 32, 156, 159,
       225, 104, 239, 59, 6, 88, 194, 42, 34, 113, 97, 157, 54, 108, 80,
       152, 231, 233, 129, 78, 125, 207, 36, 15, 111, 176, 124, 106, 119,
       102, 241, 3, 177, 97, 62, 48, 23, 238, 225, 180, 41, 127, 70, 155,
       226, 128, 61, 187, 65, 185, 57, 5, 115, 236, 117, 151, 94, 119,
       85, 8, 254, 66, 123, 255, 48, 240, 92, 190, 23, 108, 249, 187,
       112, 159, 243, 237, 160, 152, 115, 170, 240, 43, 177, 155, 126,
       108, 62, 207, 86, 52, 197, 76, 250, 39, 115, 254, 166, 80, 206,
       181, 108, 98, 220, 169, 33, 63, 226, 237, 33, 145, 121, 170, 100,
       91, 197, 14, 191, 253, 172, 38, 188, 19, 254, 218, 210, 116, 245,
       187, 161, 107, 199, 119, 127, 14, 177, 197, 67, 232, 132, 250,
       123, 128, 156, 249, 161, 49, 99, 142, 76, 181, 44, 43, 236, 55,
       20, 231, 222, 247, 241, 41, 146, 67, 79, 167, 127, 173, 252, 216,
       69, 143, 204, 123, 250, 144, 45, 236, 152, 89, 43, 59, 226, 88,
       121, 253, 241, 83, 243, 77, 124, 253, 42, 156, 214, 188, 204, 186,
       214, 20, 151, 58, 246, 128, 31, 93, 48, 235, 203, 140, 94, 255,
       212, 65, 63, 230, 36, 78, 79, 40, 96, 244, 171, 8, 215, 119, 9,
       51, 26, 213, 125, 107, 72, 225, 249, 8, 241, 169, 103, 20, 96,
       123, 71, 98, 86, 148, 251, 160, 194, 114, 61, 199, 57, 231, 58,
       179, 93, 190, 110, 122, 55, 215, 191, 177, 52, 209, 165, 194, 254,
       167, 95, 199, 165, 240, 165, 87, 177, 15, 76, 173, 158, 3, 204,
       63, 84, 242, 158, 231, 83, 40, 179, 67, 111, 230, 63, 173, 236,
       222, 69, 158, 254, 11, 255, 148, 61, 252, 248, 89, 106, 32, 180,
       186, 77, 157, 208, 72, 143, 53, 161, 9, 174, 200, 92, 159, 200,
       177, 235, 17, 14, 103, 218, 209, 151, 88, 195, 63, 83, 14, 94,
       134, 70, 9, 156, 154, 173, 112, 148, 143, 206, 147, 137, 16, 228,
       250, 111, 106, 193, 83, 121, 17, 22, 73, 203, 224, 137, 54, 223,
       127, 144, 101, 189, 7, 113, 193, 29, 111, 156, 200, 68, 173, 106,
       97, 40, 0, 246, 51, 8, 112, 208, 70, 120, 72, 91, 8, 243, 61, 233,
       237, 158, 17, 48, 18, 214, 42, 181, 78, 97, 5, 118, 67, 238, 48,
       85, 232, 250, 231, 81, 12, 183, 241, 126, 236, 22, 239, 237, 178,
       101, 206, 54, 10, 163, 132, 125, 190, 112, 213, 13, 253, 16, 107,
       177, 173, 86, 159, 239, 25, 57, 100, 158, 250, 108, 176, 135, 27,
       204, 16, 150, 41, 24, 245, 235, 220, 7, 118, 218, 82, 139, 7, 238,
       20, 172, 182, 206, 107, 149, 239, 154, 119, 145, 191, 247, 109,
       27, 11, 137, 87, 243, 3, 48, 103, 90, 59, 87, 67, 221, 51, 221,
       125, 214, 210, 137, 239, 91, 251, 116, 142, 123, 244, 112, 72,
       116, 68, 183, 195, 176, 113, 126, 234, 23, 126, 227, 188, 104, 63,
       238, 233, 166, 200, 60, 154, 226, 169, 11, 148, 226, 27, 83, 181,
       184, 91, 95, 91, 93, 247, 104, 252, 190, 236, 125, 42, 179, 156,
       183, 152, 62, 211, 14, 94, 146, 202, 159, 204, 248, 215, 215, 52,
       19, 140, 27, 239, 26, 65, 169, 192, 161, 8, 94, 214, 45, 181, 182,
       185, 221, 227, 105, 7, 18, 222, 177, 208, 11, 58, 16, 39, 35, 36,
       39, 93, 18, 158, 244, 167, 174, 200, 95, 11, 89, 70, 228, 232,
       189, 196, 222, 235, 18, 247, 183, 178, 92, 255, 52, 20, 139, 170,
       157, 123, 185, 133, 126, 134, 125, 116, 137, 122, 157, 175, 229,
       182, 190, 171, 75, 45, 5, 219, 95, 215, 237, 163, 88, 107, 231,
       142, 147, 247, 245, 151, 103, 244, 228, 98, 210, 188, 191, 241,
       138, 228, 185, 7, 190, 123, 130, 87, 180, 191, 64, 107, 167, 23,
       125, 145, 51, 93, 179, 211, 205, 150, 223, 194, 136, 64, 165, 123,
       9, 181, 113, 75, 205, 253, 229, 127, 79, 73, 125, 72, 188, 189,
       212, 164, 75, 58, 146, 24, 211, 58, 254, 211, 45, 28, 22, 104,
       219, 206, 199, 188, 141, 22, 253, 125, 164, 46, 125, 27, 124, 202,
       119, 84, 223, 123, 153, 123, 148, 36, 126, 44, 177, 244, 97, 10,
       71, 235, 112, 128, 234, 249, 64, 97, 133, 22, 255, 253, 36, 47,
       253, 25, 252, 202, 119, 84, 215, 119, 185, 107, 54, 116, 127, 46,
       177, 244, 33, 74, 71, 171, 99, 128, 216, 233, 65, 33, 39, 85, 195,
       202, 244, 71, 166, 200, 95, 202, 249, 78, 80, 252, 189, 164, 253,
       249, 23, 115, 177, 179, 24, 250, 53, 28, 135, 172, 221, 123, 242,
       177, 171, 142, 230, 91, 117, 181, 184, 199, 31, 95, 86, 215, 40,
       140, 254, 237, 239, 43, 179, 157, 182, 220, 167, 247, 14, 126,
       218, 195, 159, 132, 249, 221, 92, 129, 145, 234, 187, 73, 86, 137,
       79, 177, 139, 56, 206, 250, 104, 230, 211, 215, 108, 115, 26, 43,
       203, 146, 185, 244, 143, 127, 242, 11, 165, 39, 110, 158, 51, 218,
       245, 245, 155, 243, 91, 77, 253, 122, 120, 124, 188, 36, 221, 147,
       151, 145, 187, 46, 120, 247, 63, 30, 156, 206, 215, 202, 214, 253,
       74, 45, 54, 140, 93, 215, 186, 107, 159, 132, 206, 11, 236, 254,
       39, 196, 248, 253, 251, 161, 6, 147, 219, 223, 63, 118, 143, 11,
       22, 46, 61, 206, 128, 128, 152, 153, 54, 169, 40, 7, 126, 17, 82,
       82, 140, 130, 96, 72, 107, 11, 2, 144, 18, 156, 65, 211, 132, 22,
       154, 64, 156, 8, 57, 136, 124, 164, 184, 224, 184, 109, 83, 154,
       34, 61, 173, 24, 151, 247, 74, 120, 145, 158, 93, 24, 26, 10, 248,
       18, 219, 205, 49, 125, 176, 67, 70, 99, 43, 51, 233, 73, 120, 221,
       185, 81, 75, 77, 244, 237, 40, 140, 214, 188, 206, 56, 214, 93,
       151, 42, 246, 209, 22, 29, 48, 250, 223, 142, 90, 253, 48, 93,
       123, 79, 116, 199, 239, 248, 84, 64, 253, 34, 115, 125, 189, 32,
       94, 242, 22, 234, 201, 186, 121, 63, 118, 175, 160, 0, 119, 187,
       116, 248, 87, 175, 234, 163, 242, 160, 191, 247, 46, 189, 26, 231,
       125, 46, 254, 66, 39, 223, 63, 213, 150, 217, 173, 231, 252, 5,
       175, 228, 165, 210, 161, 217, 60, 191, 89, 235, 86, 79, 87, 248,
       22, 100, 125, 130, 115, 125, 185, 16, 126, 218, 23, 106, 74, 178,
       121, 63, 119, 205, 161, 37, 119, 171, 86, 242, 53, 166, 107, 235,
       214, 163, 235, 223, 86, 225, 217, 230, 115, 201, 176, 96, 123,
       170, 6, 188, 155, 187, 44, 191, 250, 207, 167, 192, 253, 139, 112,
