%YAML:1.0
---
descriptors: !!opencv-matrix
   rows: 247
   cols: 32
   dt: u
   data: [ 48, 171, 72, 72, 92, 139, 208, 103, 75, 168, 240, 75, 2, 136,
       116, 16, 200, 168, 71, 65, 94, 58, 192, 29, 63, 8, 161, 121, 89,
       8, 82, 138, 2, 251, 17, 158, 125, 217, 150, 231, 159, 8, 80, 111,
       174, 246, 37, 132, 204, 123, 130, 64, 6, 10, 74, 253, 174, 84, 26,
       123, 26, 29, 9, 159, 137, 130, 243, 89, 36, 186, 225, 87, 126, 65,
       118, 84, 251, 128, 180, 253, 179, 42, 46, 28, 147, 252, 33, 81, 4,
       187, 114, 64, 210, 128, 193, 169, 209, 207, 223, 231, 244, 42,
       110, 191, 116, 162, 122, 66, 243, 99, 153, 96, 123, 206, 46, 234,
       120, 248, 205, 111, 252, 174, 231, 4, 101, 248, 241, 168, 21, 15,
       74, 141, 176, 43, 111, 186, 116, 170, 222, 230, 243, 99, 145, 112,
       122, 238, 62, 174, 248, 144, 205, 46, 228, 172, 175, 128, 44, 251,
       114, 161, 144, 140, 175, 190, 156, 111, 237, 175, 214, 243, 150,
       18, 247, 253, 48, 107, 177, 103, 121, 41, 56, 237, 43, 191, 233,
       231, 255, 85, 148, 104, 213, 106, 171, 55, 101, 69, 218, 39, 207,
       123, 81, 234, 188, 238, 83, 53, 149, 55, 94, 214, 87, 238, 233,
       218, 117, 142, 63, 10, 229, 180, 127, 254, 114, 253, 216, 175,
       191, 254, 168, 237, 93, 254, 255, 158, 188, 24, 255, 243, 64, 51,
       163, 243, 108, 24, 106, 107, 170, 51, 249, 251, 119, 249, 144,
       240, 231, 43, 253, 19, 199, 205, 172, 54, 76, 29, 229, 203, 215,
       118, 83, 163, 185, 238, 94, 164, 62, 172, 153, 147, 117, 130, 146,
       255, 226, 148, 190, 232, 248, 49, 17, 205, 10, 189, 22, 198, 51,
       230, 182, 69, 74, 7, 181, 190, 51, 64, 226, 107, 27, 69, 70, 152,
       39, 63, 229, 165, 58, 1, 52, 16, 49, 202, 168, 151, 103, 229, 36,
       46, 237, 55, 41, 202, 94, 244, 215, 37, 144, 167, 134, 54, 245,
       41, 241, 248, 33, 143, 228, 243, 104, 192, 78, 236, 211, 185, 88,
       79, 38, 181, 20, 138, 79, 182, 116, 136, 202, 65, 255, 120, 17,
       96, 48, 231, 125, 107, 232, 153, 5, 47, 233, 231, 175, 144, 36,
       55, 81, 10, 214, 138, 239, 246, 114, 82, 187, 232, 191, 158, 247,
       179, 109, 239, 239, 83, 255, 253, 175, 162, 106, 215, 170, 239,
       219, 227, 239, 199, 37, 161, 45, 243, 217, 210, 223, 255, 162, 82,
       61, 63, 116, 91, 215, 244, 249, 118, 138, 123, 119, 87, 188, 160,
       245, 212, 111, 67, 168, 231, 254, 132, 172, 240, 169, 125, 237,
       112, 149, 71, 105, 31, 70, 152, 107, 186, 165, 72, 222, 83, 201,
       191, 20, 212, 108, 122, 73, 102, 217, 104, 135, 219, 69, 54, 202,
       243, 74, 37, 42, 166, 224, 11, 252, 185, 202, 73, 87, 45, 217,
       219, 227, 232, 222, 132, 89, 138, 135, 29, 190, 58, 77, 151, 14,
       94, 181, 253, 215, 206, 222, 196, 167, 95, 110, 138, 252, 131,
       222, 212, 205, 72, 220, 231, 93, 10, 183, 65, 238, 195, 31, 223,
       245, 143, 12, 247, 114, 121, 174, 216, 29, 159, 249, 221, 71, 113,
       22, 136, 111, 31, 150, 232, 207, 240, 1, 44, 204, 248, 47, 39,
       150, 69, 122, 103, 212, 97, 158, 220, 144, 120, 73, 126, 94, 47,
       11, 133, 210, 164, 172, 190, 141, 225, 149, 79, 150, 55, 129, 27,
       228, 248, 122, 11, 233, 131, 251, 129, 126, 79, 203, 211, 209, 3,
       223, 63, 21, 92, 181, 74, 92, 79, 7, 166, 140, 2, 78, 176, 129,
       174, 154, 102, 231, 99, 17, 199, 104, 228, 108, 235, 105, 65, 201,
       172, 176, 226, 239, 148, 46, 251, 16, 8, 105, 173, 163, 229, 100,
       108, 239, 182, 120, 200, 94, 64, 191, 189, 144, 166, 128, 110,
       117, 13, 209, 184, 177, 175, 229, 249, 234, 128, 6, 236, 87, 233,
       129, 21, 29, 251, 138, 173, 49, 31, 190, 51, 3, 84, 253, 55, 8,
       107, 135, 19, 123, 16, 51, 88, 91, 115, 205, 147, 122, 86, 152,
       73, 129, 59, 21, 139, 87, 128, 150, 139, 234, 97, 237, 160, 187,
       78, 223, 72, 48, 1, 58, 161, 78, 255, 81, 169, 12, 220, 184, 128,
       47, 84, 125, 43, 193, 0, 116, 93, 252, 72, 156, 111, 71, 158, 71,
       180, 188, 10, 83, 57, 149, 122, 89, 212, 110, 122, 136, 50, 125,
       60, 127, 175, 165, 21, 241, 251, 84, 42, 114, 212, 225, 239, 77,
       68, 111, 239, 115, 19, 249, 2, 107, 123, 12, 80, 249, 222, 55,
       130, 91, 54, 219, 211, 55, 254, 214, 14, 53, 234, 246, 162, 4,
       130, 95, 177, 174, 139, 175, 249, 142, 182, 19, 218, 223, 73, 184,
       11, 43, 5, 110, 43, 81, 229, 11, 213, 220, 146, 111, 212, 92, 170,
       129, 33, 218, 162, 119, 243, 234, 224, 57, 199, 165, 23, 214, 179,
       45, 135, 200, 95, 103, 155, 207, 144, 26, 31, 167, 241, 220, 128,
       186, 203, 167, 128, 165, 105, 255, 124, 150, 148, 109, 60, 152,
       90, 155, 250, 183, 127, 204, 252, 87, 159, 207, 245, 255, 7, 165,
       71, 218, 194, 146, 122, 95, 191, 142, 125, 59, 87, 191, 86, 98,
       168, 118, 51, 222, 91, 93, 78, 253, 255, 15, 136, 187, 205, 126,
       129, 151, 167, 172, 167, 4, 206, 242, 117, 170, 159, 127, 253,
       122, 199, 166, 248, 186, 210, 237, 193, 177, 206, 222, 191, 240,
       58, 32, 216, 124, 8, 217, 123, 35, 17, 114, 127, 138, 243, 93, 22,
       223, 111, 193, 8, 246, 171, 102, 230, 196, 79, 236, 55, 78, 152,
       87, 50, 181, 152, 195, 97, 220, 191, 93, 208, 126, 234, 170, 102,
       207, 145, 14, 218, 197, 60, 215, 255, 218, 36, 41, 75, 21, 101,
       172, 15, 101, 151, 108, 236, 254, 76, 147, 0, 147, 50, 164, 4, 78,
       108, 205, 184, 97, 8, 180, 217, 36, 148, 74, 240, 66, 105, 232,
       21, 223, 229, 52, 110, 127, 51, 48, 238, 126, 1, 247, 55, 2, 83,
       86, 246, 125, 42, 121, 248, 241, 14, 231, 235, 96, 145, 36, 224,
       198, 123, 139, 117, 119, 111, 185, 114, 222, 222, 61, 194, 252,
       144, 249, 127, 159, 39, 222, 83, 223, 189, 174, 199, 117, 239,
       227, 217, 190, 148, 199, 213, 163, 253, 75, 219, 198, 191, 118,
       135, 188, 119, 95, 97, 214, 231, 252, 40, 178, 69, 118, 103, 191,
       133, 229, 217, 29, 253, 252, 119, 255, 194, 30, 172, 185, 221, 24,
       201, 42, 173, 52, 130, 91, 182, 102, 0, 74, 65, 191, 218, 51, 96,
       242, 107, 29, 193, 206, 152, 23, 61, 225, 229, 170, 0, 52, 19, 33,
       10, 61, 115, 59, 103, 113, 79, 83, 112, 33, 236, 255, 76, 95, 23,
       11, 48, 180, 157, 85, 110, 201, 178, 113, 12, 243, 221, 32, 4, 98,
       179, 98, 227, 146, 93, 63, 252, 13, 197, 191, 230, 140, 204, 198,
       2, 190, 159, 33, 97, 204, 121, 219, 195, 72, 175, 50, 173, 241,
       241, 138, 27, 16, 57, 37, 250, 103, 204, 106, 205, 230, 46, 126,
       59, 139, 34, 93, 206, 29, 143, 244, 80, 247, 253, 63, 142, 193,
       21, 188, 210, 54, 252, 129, 244, 63, 250, 210, 129, 180, 198, 93,
       237, 230, 42, 94, 63, 24, 34, 251, 210, 81, 43, 52, 83, 127, 197,
       21, 170, 248, 149, 77, 15, 230, 175, 238, 148, 61, 250, 208, 129,
       34, 251, 16, 154, 121, 153, 178, 238, 143, 25, 88, 239, 172, 218,
       102, 132, 207, 59, 130, 64, 70, 10, 74, 245, 46, 20, 30, 235, 90,
       28, 139, 159, 105, 156, 121, 101, 52, 94, 97, 55, 113, 77, 126,
       24, 179, 53, 144, 36, 8, 54, 124, 8, 185, 184, 241, 15, 239, 255,
       112, 64, 98, 136, 214, 248, 232, 93, 253, 69, 188, 79, 71, 23, 87,
       174, 190, 8, 243, 61, 213, 114, 72, 246, 124, 104, 233, 250, 113,
       10, 103, 143, 37, 48, 113, 248, 212, 123, 255, 213, 229, 174, 207,
       117, 222, 253, 211, 210, 152, 238, 90, 252, 63, 235, 253, 211,
       251, 227, 239, 99, 190, 251, 187, 115, 205, 191, 127, 127, 252,
       86, 34, 163, 50, 8, 253, 149, 178, 237, 207, 29, 188, 13, 140,
       200, 126, 132, 204, 11, 195, 85, 214, 43, 170, 213, 63, 89, 14,
       111, 211, 14, 235, 207, 116, 6, 237, 231, 156, 46, 71, 186, 82,
       178, 191, 90, 83, 97, 25, 91, 89, 198, 125, 174, 184, 246, 221,
       14, 255, 239, 229, 20, 229, 251, 210, 160, 84, 239, 243, 64, 210,
       138, 174, 229, 122, 160, 234, 232, 11, 232, 213, 112, 54, 255, 66,
       242, 208, 187, 164, 110, 56, 12, 7, 104, 229, 179, 167, 164, 73,
       143, 209, 229, 246, 10, 111, 191, 124, 162, 122, 230, 247, 99,
       144, 208, 115, 206, 46, 168, 113, 248, 205, 111, 236, 175, 167, 0,
