%YAML:1.0
---
descriptors: !!opencv-matrix
   rows: 402
   cols: 32
   dt: u
   data: [ 197, 122, 158, 151, 45, 45, 165, 151, 222, 187, 6, 92, 182,
       17, 91, 11, 133, 68, 106, 31, 163, 101, 211, 226, 197, 26, 87, 48,
       136, 120, 81, 40, 179, 214, 237, 37, 62, 63, 219, 60, 31, 231, 83,
       247, 65, 44, 158, 44, 63, 5, 119, 45, 165, 244, 125, 159, 14, 94,
       125, 214, 253, 140, 88, 221, 205, 185, 53, 99, 157, 95, 65, 184,
       198, 240, 167, 64, 211, 85, 89, 231, 81, 86, 120, 122, 251, 232,
       251, 60, 207, 249, 101, 116, 226, 139, 84, 96, 190, 190, 227, 92,
       114, 98, 175, 250, 179, 174, 125, 182, 104, 231, 229, 180, 127,
       252, 135, 162, 41, 95, 168, 126, 59, 134, 175, 174, 243, 241, 102,
       243, 188, 239, 173, 222, 216, 227, 15, 253, 18, 175, 213, 186,
       113, 229, 170, 97, 93, 254, 167, 242, 122, 219, 237, 63, 121, 39,
       189, 245, 177, 251, 156, 240, 66, 193, 183, 219, 137, 196, 189,
       231, 142, 29, 170, 16, 156, 190, 108, 98, 201, 83, 123, 144, 82,
       9, 187, 241, 173, 62, 222, 95, 144, 16, 165, 106, 70, 225, 236,
       210, 253, 193, 181, 237, 143, 157, 157, 59, 200, 253, 94, 6, 169,
       83, 127, 145, 82, 107, 235, 241, 127, 30, 159, 255, 199, 30, 245,
       231, 71, 249, 156, 179, 154, 208, 176, 160, 158, 209, 2, 163, 252,
       254, 74, 74, 167, 127, 251, 87, 23, 72, 223, 225, 141, 34, 95, 75,
       172, 103, 41, 94, 127, 233, 224, 66, 185, 89, 95, 140, 107, 253,
       189, 169, 202, 252, 222, 54, 25, 204, 252, 90, 222, 75, 239, 240,
       250, 220, 165, 255, 202, 167, 218, 71, 252, 96, 236, 241, 100, 47,
       89, 25, 51, 55, 55, 153, 223, 15, 90, 27, 23, 149, 117, 189, 42,
       84, 209, 144, 199, 219, 249, 244, 230, 145, 214, 66, 38, 85, 227,
       202, 228, 103, 239, 204, 95, 143, 249, 122, 80, 252, 125, 0, 253,
       219, 19, 227, 209, 179, 120, 242, 53, 60, 135, 174, 213, 251, 246,
       245, 252, 83, 174, 164, 4, 70, 83, 88, 1, 236, 246, 15, 83, 29,
       19, 91, 248, 245, 117, 243, 72, 247, 241, 136, 211, 235, 229, 149,
       101, 187, 118, 115, 199, 202, 163, 129, 228, 22, 172, 231, 122,
       242, 16, 198, 137, 174, 213, 235, 111, 77, 51, 149, 229, 94, 172,
       218, 12, 58, 223, 228, 141, 228, 51, 220, 39, 53, 19, 142, 244,
       231, 174, 73, 31, 73, 89, 102, 244, 248, 173, 228, 248, 43, 18,
       231, 179, 179, 24, 223, 52, 20, 139, 168, 221, 123, 249, 181, 25,
       87, 95, 238, 114, 171, 26, 57, 12, 9, 127, 230, 255, 119, 168,
       241, 118, 61, 22, 34, 161, 144, 77, 28, 244, 239, 43, 200, 62,
       170, 137, 49, 210, 180, 189, 241, 171, 196, 56, 159, 186, 251,
       150, 117, 157, 191, 72, 107, 167, 87, 253, 145, 51, 77, 187, 211,
       221, 211, 255, 246, 136, 0, 167, 123, 41, 25, 191, 245, 100, 14,
       117, 55, 105, 234, 126, 76, 247, 61, 16, 59, 132, 110, 52, 12,
       209, 248, 177, 12, 231, 255, 116, 0, 64, 250, 194, 123, 215, 120,
       19, 138, 59, 205, 26, 64, 175, 224, 129, 105, 252, 214, 105, 52,
       178, 41, 93, 99, 67, 7, 154, 223, 177, 148, 11, 62, 24, 39, 35,
       115, 88, 249, 58, 248, 9, 220, 87, 246, 163, 12, 164, 8, 191, 215,
       66, 82, 128, 243, 253, 72, 74, 11, 178, 177, 251, 253, 22, 123,
       98, 16, 175, 106, 123, 56, 34, 158, 31, 157, 146, 64, 143, 4, 149,
       15, 46, 216, 63, 132, 250, 169, 219, 103, 78, 39, 30, 223, 146,
       84, 11, 59, 95, 15, 27, 86, 126, 48, 48, 114, 109, 221, 80, 64,
       235, 48, 165, 9, 78, 221, 94, 190, 136, 177, 237, 80, 14, 99, 218,
       213, 147, 216, 65, 123, 82, 47, 78, 6, 234, 176, 160, 216, 109,
       157, 216, 72, 203, 49, 177, 25, 174, 216, 92, 159, 200, 185, 219,
       17, 14, 111, 210, 209, 159, 24, 208, 59, 82, 12, 122, 142, 146,
       79, 194, 158, 50, 166, 185, 214, 183, 12, 90, 231, 45, 175, 183,
       68, 102, 171, 183, 133, 230, 153, 6, 255, 48, 102, 186, 129, 61,
       212, 61, 216, 116, 218, 238, 183, 54, 90, 183, 233, 183, 204, 215,
       167, 99, 220, 175, 65, 126, 228, 175, 231, 236, 229, 45, 189, 242,
       103, 231, 135, 109, 191, 252, 83, 24, 217, 127, 229, 54, 202, 231,
       244, 228, 128, 254, 34, 119, 17, 32, 35, 106, 246, 94, 106, 73,
       185, 33, 44, 241, 137, 38, 1, 97, 186, 100, 43, 48, 151, 91, 237,
       210, 64, 55, 119, 32, 1, 236, 32, 55, 243, 40, 80, 126, 187, 134,
       160, 90, 171, 0, 15, 249, 165, 38, 65, 113, 130, 166, 171, 112,
       159, 26, 236, 88, 225, 26, 107, 54, 5, 232, 185, 55, 167, 32, 80,
       197, 155, 133, 128, 26, 11, 18, 23, 249, 199, 178, 109, 176, 64,
       167, 50, 122, 233, 40, 176, 157, 217, 83, 230, 131, 181, 140, 137,
       175, 157, 66, 16, 137, 187, 217, 81, 78, 75, 218, 183, 251, 213,
       157, 123, 98, 28, 158, 74, 120, 233, 56, 250, 27, 213, 83, 238,
       55, 21, 172, 9, 47, 223, 66, 16, 249, 219, 205, 194, 74, 43, 218,
       183, 251, 197, 5, 127, 115, 3, 38, 42, 44, 122, 122, 127, 96, 159,
       127, 48, 125, 206, 117, 44, 255, 127, 131, 176, 22, 121, 214, 74,
       225, 162, 122, 110, 103, 223, 97, 136, 74, 243, 103, 243, 177, 4,
       106, 140, 94, 159, 202, 112, 213, 64, 215, 198, 115, 200, 54, 224,
       124, 160, 26, 173, 237, 167, 86, 159, 22, 111, 129, 8, 125, 174,
       120, 20, 8, 18, 51, 73, 48, 204, 113, 23, 109, 13, 127, 48, 159,
       151, 164, 252, 166, 31, 38, 24, 16, 184, 48, 68, 199, 253, 50, 64,
       194, 128, 231, 97, 88, 18, 81, 105, 48, 238, 97, 18, 37, 13, 230,
       128, 179, 23, 128, 116, 98, 152, 111, 152, 10, 150, 113, 93, 215,
       232, 50, 0, 114, 128, 102, 56, 130, 232, 130, 154, 205, 193, 176,
       198, 150, 23, 64, 19, 32, 202, 102, 9, 201, 58, 131, 144, 114,
       126, 2, 243, 25, 22, 222, 107, 145, 24, 188, 142, 2, 2, 2, 169,
       72, 165, 168, 66, 172, 21, 210, 215, 137, 134, 112, 74, 108, 137,
       207, 156, 2, 159, 195, 192, 148, 32, 154, 192, 17, 13, 53, 248,
       183, 20, 18, 172, 57, 15, 90, 72, 45, 8, 249, 76, 206, 198, 45,
       148, 158, 185, 206, 38, 73, 3, 80, 222, 177, 208, 9, 62, 88, 47,
       3, 53, 49, 166, 235, 233, 214, 163, 235, 222, 86, 193, 216, 230,
       81, 234, 188, 96, 127, 234, 22, 188, 155, 187, 45, 191, 248, 175,
       183, 196, 189, 203, 240, 184, 243, 22, 74, 156, 86, 166, 75, 113,
       20, 70, 215, 199, 113, 200, 183, 65, 126, 172, 51, 175, 172, 150,
       116, 159, 82, 47, 234, 136, 61, 170, 120, 208, 33, 165, 24, 119,
       180, 143, 103, 33, 228, 40, 111, 8, 243, 65, 24, 112, 152, 34, 72,
       110, 122, 184, 104, 29, 111, 221, 129, 80, 64, 138, 210, 32, 114,
       255, 43, 162, 52, 197, 55, 247, 164, 72, 158, 231, 48, 247, 160,
       96, 252, 114, 223, 98, 155, 11, 40, 191, 249, 69, 175, 202, 9,
       159, 244, 123, 184, 220, 121, 124, 91, 197, 83, 254, 55, 68, 228,
       7, 63, 223, 34, 16, 110, 187, 23, 194, 74, 47, 50, 127, 243, 201,
       48, 43, 113, 17, 38, 251, 176, 31, 122, 109, 62, 143, 83, 120,
       197, 76, 254, 39, 115, 249, 178, 64, 222, 176, 79, 98, 236, 169,
       113, 31, 227, 237, 33, 209, 125, 170, 108, 91, 42, 48, 166, 141,
       125, 95, 178, 107, 95, 102, 248, 3, 232, 252, 63, 196, 249, 157,
       251, 161, 148, 187, 87, 223, 23, 127, 139, 35, 215, 46, 125, 222,
       124, 121, 50, 234, 13, 221, 82, 80, 239, 148, 165, 8, 127, 223,
       99, 182, 160, 177, 205, 90, 14, 35, 186, 185, 211, 217, 1, 59,
       114, 175, 78, 114, 10, 173, 150, 159, 221, 247, 190, 232, 159,
       132, 206, 3, 236, 254, 111, 196, 221, 127, 251, 99, 6, 251, 123,
       255, 47, 119, 207, 15, 22, 111, 61, 222, 161, 199, 115, 73, 116,
       223, 237, 119, 93, 72, 112, 66, 185, 24, 180, 164, 88, 56, 22,
       104, 241, 184, 101, 223, 39, 24, 162, 192, 95, 136, 240, 173, 129,
       78, 127, 199, 116, 11, 107, 240, 60, 106, 118, 230, 241, 7, 177,
       49, 62, 208, 23, 238, 225, 180, 45, 127, 102, 139, 163, 128, 61,
       187, 65, 185, 33, 172, 25, 81, 53, 173, 99, 130, 126, 41, 110, 8,
       179, 17, 81, 48, 137, 74, 66, 24, 26, 184, 225, 55, 77, 189, 48,
       97, 192, 73, 82, 168, 161, 235, 123, 225, 116, 139, 255, 244, 125,
