%YAML:1.0
---
descriptors: !!opencv-matrix
   rows: 255
   cols: 32
   dt: u
   data: [ 12, 29, 141, 187, 173, 224, 165, 159, 22, 23, 68, 50, 245,
       243, 113, 206, 65, 122, 187, 153, 51, 216, 91, 178, 205, 39, 254,
       129, 190, 80, 189, 170, 11, 18, 78, 185, 100, 180, 248, 23, 141,
       89, 86, 247, 157, 136, 178, 73, 102, 169, 63, 141, 135, 156, 71,
       209, 198, 121, 250, 128, 62, 140, 249, 157, 80, 219, 15, 190, 156,
       128, 6, 165, 148, 13, 194, 103, 113, 226, 40, 64, 224, 131, 42,
       192, 95, 139, 18, 253, 176, 167, 254, 72, 56, 8, 184, 10, 25, 69,
       111, 199, 68, 14, 239, 53, 96, 134, 127, 2, 113, 105, 57, 99, 120,
       230, 51, 234, 232, 177, 53, 175, 119, 235, 230, 0, 103, 186, 244,
       232, 44, 245, 120, 109, 125, 95, 86, 184, 53, 174, 253, 41, 219,
       125, 11, 144, 216, 220, 247, 98, 108, 178, 121, 142, 231, 223, 37,
       21, 115, 251, 78, 211, 210, 146, 189, 183, 169, 122, 144, 11, 239,
       191, 147, 113, 204, 126, 136, 203, 135, 87, 253, 17, 52, 77, 235,
       192, 137, 243, 127, 211, 128, 100, 165, 119, 33, 217, 115, 73,
       116, 207, 235, 80, 111, 73, 124, 64, 56, 151, 180, 52, 126, 56,
       22, 88, 131, 184, 48, 93, 101, 156, 34, 192, 219, 130, 99, 249, 2,
       143, 223, 221, 242, 162, 122, 247, 177, 9, 122, 224, 116, 231,
       160, 80, 110, 255, 38, 192, 19, 154, 131, 125, 46, 166, 190, 192,
       225, 192, 162, 169, 33, 161, 137, 250, 93, 197, 193, 207, 198, 1,
       201, 0, 178, 209, 104, 96, 201, 10, 18, 24, 26, 42, 90, 177, 141,
       156, 146, 123, 208, 10, 176, 170, 57, 16, 27, 224, 99, 77, 81, 83,
       41, 81, 180, 29, 31, 31, 2, 26, 174, 145, 213, 16, 31, 171, 48, 0,
       211, 217, 16, 82, 104, 0, 42, 219, 131, 72, 70, 185, 100, 152,
       184, 4, 207, 81, 87, 247, 172, 136, 50, 233, 230, 45, 191, 5, 135,
       188, 71, 209, 132, 112, 218, 193, 28, 140, 57, 143, 192, 184, 149,
       219, 216, 224, 33, 135, 190, 17, 2, 112, 180, 215, 64, 122, 7,
       123, 106, 144, 51, 76, 186, 115, 77, 128, 55, 104, 144, 0, 135,
       184, 252, 101, 201, 103, 156, 75, 71, 249, 113, 226, 255, 74, 83,
       113, 153, 48, 89, 196, 108, 110, 105, 242, 237, 14, 255, 207, 37,
       52, 109, 251, 214, 112, 154, 157, 123, 190, 19, 192, 155, 236,
       150, 69, 200, 179, 61, 222, 42, 64, 115, 251, 155, 193, 106, 139,
       42, 255, 249, 231, 154, 203, 53, 2, 37, 250, 209, 76, 79, 237, 4,
       10, 109, 48, 228, 162, 210, 194, 211, 3, 177, 99, 96, 228, 44,
       238, 105, 213, 5, 12, 224, 171, 234, 0, 37, 184, 113, 32, 161,
       134, 41, 251, 29, 173, 73, 63, 86, 75, 205, 84, 179, 97, 56, 96,
       217, 10, 10, 12, 187, 172, 115, 151, 205, 255, 146, 88, 152, 72,
       240, 168, 44, 183, 120, 129, 253, 127, 245, 57, 95, 125, 61, 61,
       206, 60, 94, 172, 159, 153, 206, 49, 151, 48, 121, 215, 207, 93,
       37, 247, 222, 14, 223, 215, 67, 239, 34, 139, 252, 149, 174, 207,
       14, 5, 218, 143, 160, 136, 182, 64, 200, 106, 27, 85, 198, 27,
       198, 255, 60, 60, 142, 234, 28, 30, 240, 220, 107, 107, 66, 78,
       101, 156, 70, 112, 97, 200, 125, 72, 106, 201, 151, 180, 152, 236,
       230, 78, 205, 50, 234, 249, 50, 253, 1, 171, 107, 191, 74, 189,
       251, 82, 251, 166, 96, 86, 95, 52, 57, 238, 247, 229, 95, 119,
       143, 255, 246, 245, 253, 230, 205, 215, 249, 202, 178, 251, 230,
       130, 42, 182, 110, 117, 245, 100, 233, 231, 124, 39, 79, 184, 82,
       234, 151, 90, 83, 125, 216, 35, 93, 196, 125, 175, 169, 246, 237,
       14, 253, 46, 229, 180, 165, 249, 80, 96, 252, 228, 236, 79, 172,
       123, 71, 184, 87, 178, 165, 136, 83, 113, 221, 191, 89, 196, 252,
       122, 43, 102, 237, 59, 186, 203, 197, 125, 247, 251, 90, 32, 10,
       180, 24, 184, 185, 249, 176, 79, 158, 21, 9, 185, 172, 150, 110,
       200, 199, 27, 203, 16, 22, 11, 202, 211, 143, 213, 26, 127, 144,
       68, 141, 211, 61, 120, 177, 224, 61, 45, 80, 208, 235, 185, 184,
       72, 159, 153, 85, 26, 140, 225, 92, 80, 139, 99, 218, 128, 219,
       217, 33, 62, 202, 123, 66, 3, 106, 191, 144, 148, 253, 185, 148,
       7, 223, 173, 154, 237, 174, 168, 227, 134, 133, 111, 234, 21, 20,
       74, 194, 186, 174, 86, 29, 187, 218, 76, 140, 95, 198, 30, 159,
       245, 162, 98, 189, 151, 188, 147, 18, 247, 221, 63, 137, 107, 167,
       87, 61, 145, 177, 205, 163, 64, 200, 227, 126, 198, 140, 112, 165,
       51, 188, 105, 232, 100, 21, 91, 71, 252, 64, 164, 180, 10, 19, 17,
       81, 48, 120, 252, 68, 106, 72, 54, 224, 42, 243, 201, 165, 61, 99,
       186, 86, 42, 91, 94, 142, 190, 42, 164, 158, 112, 160, 202, 214,
       231, 109, 234, 51, 203, 238, 229, 189, 199, 204, 199, 150, 232,
       210, 99, 250, 138, 45, 119, 57, 95, 217, 78, 206, 220, 12, 18, 74,
       178, 212, 198, 198, 134, 97, 34, 179, 239, 104, 228, 44, 206, 109,
       207, 55, 175, 210, 235, 218, 1, 62, 249, 120, 76, 196, 158, 157,
       183, 128, 46, 53, 159, 190, 255, 10, 117, 215, 55, 65, 75, 133,
       119, 105, 16, 177, 220, 219, 42, 205, 227, 127, 20, 136, 113, 133,
       123, 64, 175, 147, 22, 151, 200, 226, 231, 252, 129, 122, 78, 174,
       224, 36, 132, 48, 110, 98, 72, 19, 185, 144, 111, 60, 36, 4, 67,
       107, 14, 233, 12, 194, 146, 189, 181, 168, 108, 181, 159, 190,
       191, 130, 117, 228, 254, 72, 75, 133, 87, 105, 17, 178, 77, 219,
       97, 205, 50, 95, 86, 136, 112, 133, 91, 200, 174, 159, 254, 178,
       224, 91, 146, 182, 159, 100, 176, 125, 247, 32, 217, 7, 122, 161,
       24, 50, 204, 170, 63, 203, 163, 117, 73, 48, 160, 132, 107, 51,
       78, 110, 169, 22, 131, 203, 114, 20, 38, 222, 231, 65, 8, 178, 65,
       126, 165, 31, 175, 236, 159, 69, 158, 242, 103, 170, 145, 61, 142,
       120, 216, 244, 236, 189, 114, 141, 109, 85, 175, 242, 178, 165,
       24, 215, 253, 73, 59, 129, 211, 72, 42, 122, 103, 250, 50, 235,
       203, 85, 61, 208, 121, 199, 98, 188, 122, 226, 5, 7, 123, 84, 66,
       85, 230, 247, 183, 3, 44, 215, 172, 122, 236, 166, 6, 204, 242,
       125, 128, 210, 195, 69, 7, 231, 253, 124, 214, 3, 158, 167, 129,
       183, 247, 168, 23, 31, 233, 90, 215, 220, 60, 181, 236, 55, 43,
       63, 157, 151, 216, 37, 222, 12, 30, 191, 196, 191, 204, 145, 221,
       116, 133, 110, 78, 148, 82, 231, 249, 244, 8, 255, 2, 115, 241,
       188, 100, 120, 214, 62, 234, 248, 187, 44, 47, 115, 175, 162, 193,
       101, 171, 244, 32, 164, 32, 187, 242, 204, 237, 225, 72, 214, 183,
       161, 26, 18, 221, 105, 42, 233, 153, 107, 147, 26, 119, 186, 16,
       221, 137, 211, 109, 193, 9, 118, 226, 61, 251, 50, 44, 177, 159,
       87, 248, 100, 196, 109, 44, 87, 208, 138, 180, 48, 108, 72, 110,
       221, 163, 61, 45, 250, 237, 37, 92, 106, 183, 218, 225, 151, 23,
       79, 173, 184, 38, 108, 123, 20, 202, 218, 247, 81, 99, 177, 67,
       127, 167, 127, 173, 253, 217, 21, 78, 248, 46, 239, 132, 189, 248,
       176, 81, 253, 97, 236, 107, 142, 91, 71, 248, 67, 182, 165, 10,
       83, 121, 223, 51, 89, 212, 108, 234, 236, 98, 253, 56, 251, 203,
       229, 61, 115, 251, 94, 36, 119, 140, 172, 190, 156, 135, 175, 235,
       158, 94, 144, 135, 245, 104, 58, 65, 249, 227, 59, 39, 252, 79,
       95, 191, 248, 39, 255, 220, 156, 104, 49, 218, 2, 147, 18, 153,
       213, 229, 164, 71, 95, 13, 90, 103, 164, 152, 36, 196, 249, 43,
       131, 145, 22, 184, 81, 215, 20, 22, 154, 67, 153, 10, 189, 159,
       131, 68, 172, 181, 28, 190, 224, 22, 222, 115, 66, 83, 188, 8, 18,
       235, 97, 47, 59, 13, 167, 252, 215, 215, 132, 62, 218, 0, 12, 156,
       25, 140, 194, 184, 158, 184, 137, 237, 48, 71, 190, 151, 128, 25,
       172, 182, 66, 90, 165, 51, 233, 17, 54, 79, 146, 115, 153, 211,
       95, 123, 128, 64, 143, 79, 8, 170, 152, 233, 179, 241, 57, 223,
       47, 13, 60, 32, 173, 243, 234, 212, 183, 27, 239, 144, 18, 8, 10,
       213, 238, 215, 55, 239, 178, 194, 175, 139, 69, 114, 157, 163,
       168, 46, 76, 184, 234, 250, 139, 76, 215, 114, 73, 59, 133, 69,
       124, 55, 193, 65, 219, 8, 137, 222, 127, 244, 136, 115, 3, 37,
