%YAML:1.0
---
descriptors: !!opencv-matrix
   rows: 175
   cols: 32
   dt: u
   data: [ 244, 174, 26, 186, 141, 237, 150, 203, 159, 55, 169, 27, 142,
       227, 106, 25, 201, 147, 202, 18, 58, 47, 202, 243, 177, 180, 30,
       127, 209, 89, 231, 194, 160, 205, 17, 155, 205, 197, 180, 239, 30,
       19, 72, 16, 164, 242, 40, 65, 201, 59, 163, 0, 66, 58, 82, 241,
       37, 16, 26, 43, 16, 88, 181, 138, 206, 154, 158, 178, 171, 184,
       52, 135, 187, 31, 34, 181, 174, 171, 98, 219, 167, 115, 237, 16,
       54, 77, 130, 225, 206, 243, 94, 91, 138, 84, 175, 11, 61, 103, 26,
       101, 116, 15, 127, 248, 53, 108, 127, 77, 95, 59, 11, 16, 180,
       200, 86, 110, 201, 176, 9, 14, 231, 221, 32, 132, 106, 187, 74,
       211, 179, 143, 67, 204, 244, 131, 239, 113, 85, 64, 251, 230, 115,
       229, 180, 228, 126, 170, 54, 108, 233, 187, 102, 223, 176, 190,
       162, 136, 63, 170, 112, 185, 253, 53, 237, 231, 222, 38, 79, 255,
       16, 250, 189, 223, 115, 119, 155, 51, 125, 198, 117, 238, 248,
       214, 253, 46, 253, 139, 229, 180, 37, 249, 214, 240, 11, 56, 187,
       254, 95, 212, 187, 80, 141, 64, 68, 2, 189, 159, 55, 230, 238,
       121, 147, 209, 3, 11, 178, 233, 215, 253, 138, 11, 158, 7, 45,
       254, 74, 61, 190, 247, 187, 252, 181, 135, 184, 215, 14, 49, 188,
       191, 70, 75, 135, 115, 251, 16, 54, 200, 242, 225, 111, 179, 94,
       75, 130, 84, 141, 91, 231, 157, 100, 73, 235, 182, 24, 186, 75,
       113, 188, 246, 72, 46, 215, 253, 79, 199, 254, 252, 181, 74, 127,
       246, 62, 122, 195, 254, 159, 245, 104, 85, 130, 158, 50, 186, 53,
       188, 178, 199, 189, 13, 90, 53, 172, 218, 38, 196, 246, 59, 135,
       1, 50, 153, 18, 247, 147, 244, 26, 75, 18, 12, 165, 143, 220, 170,
       191, 250, 168, 237, 93, 223, 255, 31, 180, 56, 191, 243, 200, 59,
       167, 51, 108, 24, 58, 111, 170, 113, 219, 219, 119, 121, 194, 192,
       199, 43, 172, 188, 190, 117, 165, 239, 85, 191, 183, 255, 54, 25,
       223, 253, 66, 27, 137, 246, 237, 8, 120, 236, 251, 34, 239, 251,
       117, 49, 194, 216, 206, 251, 168, 76, 117, 91, 149, 207, 161, 134,
       86, 7, 100, 18, 177, 213, 37, 104, 89, 58, 2, 24, 34, 188, 123,
       63, 111, 143, 20, 65, 210, 152, 84, 170, 236, 141, 80, 120, 205,
       253, 208, 234, 154, 52, 224, 25, 11, 249, 102, 219, 201, 245, 227,
       98, 52, 107, 218, 181, 95, 235, 65, 127, 83, 45, 78, 130, 214, 9,
       22, 178, 199, 171, 112, 224, 189, 176, 162, 27, 78, 170, 101, 141,
       168, 179, 234, 243, 60, 127, 26, 246, 153, 146, 75, 115, 97, 45,
       45, 6, 18, 114, 163, 182, 38, 141, 188, 69, 190, 223, 19, 255,
       236, 204, 124, 138, 167, 107, 223, 23, 198, 229, 158, 227, 184,
       18, 30, 170, 76, 94, 151, 223, 53, 119, 232, 231, 246, 35, 79,
       220, 19, 225, 253, 230, 83, 111, 221, 112, 126, 204, 23, 190, 139,
       178, 237, 136, 246, 205, 167, 180, 253, 251, 114, 241, 163, 165,
       197, 207, 124, 34, 202, 142, 27, 17, 248, 192, 177, 107, 157, 82,
       94, 75, 23, 248, 43, 194, 206, 201, 38, 188, 170, 188, 157, 209,
       66, 168, 196, 160, 189, 211, 141, 124, 113, 141, 235, 191, 167,
       24, 206, 247, 76, 255, 161, 86, 232, 24, 50, 109, 235, 224, 75,
       155, 85, 127, 130, 120, 196, 38, 192, 188, 189, 243, 139, 108, 53,
       151, 186, 211, 34, 16, 159, 55, 64, 123, 35, 87, 121, 16, 51, 220,
       179, 98, 205, 231, 94, 64, 128, 80, 167, 58, 253, 20, 249, 101,
       133, 126, 75, 136, 97, 226, 230, 8, 219, 119, 73, 122, 120, 212,
       124, 106, 41, 246, 241, 10, 215, 237, 65, 20, 227, 115, 70, 114,
       77, 177, 176, 240, 249, 253, 185, 91, 227, 253, 61, 28, 141, 135,
       202, 174, 11, 26, 198, 24, 151, 74, 250, 144, 223, 213, 21, 255,
       202, 204, 143, 247, 15, 155, 64, 139, 244, 151, 234, 249, 78, 104,
       93, 230, 217, 88, 186, 164, 126, 10, 23, 239, 215, 184, 93, 253,
       46, 9, 171, 228, 31, 142, 217, 149, 88, 249, 27, 224, 113, 204,
       86, 119, 161, 136, 232, 8, 191, 159, 0, 112, 230, 191, 221, 144,
       73, 155, 144, 142, 243, 253, 38, 107, 34, 2, 166, 59, 216, 172,
       189, 254, 189, 111, 85, 175, 214, 183, 134, 24, 247, 121, 80, 75,
       129, 247, 105, 33, 56, 237, 219, 191, 201, 243, 93, 85, 144, 104,
       213, 42, 245, 75, 207, 228, 14, 2, 110, 120, 101, 128, 242, 198,
       83, 235, 181, 67, 120, 228, 127, 239, 201, 227, 135, 200, 242,
       233, 239, 148, 45, 187, 112, 0, 168, 169, 190, 221, 77, 213, 165,
       235, 214, 23, 85, 18, 176, 241, 60, 47, 89, 122, 18, 74, 114, 239,
       122, 161, 71, 139, 210, 13, 80, 105, 245, 162, 2, 173, 34, 155,
       215, 209, 190, 231, 30, 5, 88, 131, 172, 236, 54, 196, 255, 123,
       147, 149, 86, 186, 26, 255, 45, 22, 158, 107, 215, 30, 189, 222,
       16, 68, 47, 251, 149, 230, 65, 166, 116, 134, 234, 2, 115, 123,
       53, 105, 121, 182, 43, 184, 56, 185, 57, 190, 107, 238, 210, 65,
       177, 210, 116, 42, 116, 172, 151, 186, 137, 233, 16, 206, 159,
       191, 168, 57, 174, 246, 97, 25, 201, 251, 200, 16, 58, 107, 202,
       179, 153, 214, 85, 123, 208, 93, 38, 66, 253, 195, 109, 231, 166,
       2, 111, 185, 68, 224, 247, 230, 83, 79, 184, 96, 126, 205, 63,
       238, 217, 182, 109, 60, 244, 235, 231, 196, 61, 171, 240, 33, 33,
       7, 81, 207, 126, 139, 202, 57, 93, 64, 249, 194, 243, 97, 188,
       228, 94, 170, 22, 172, 249, 186, 69, 223, 4, 174, 162, 200, 61,
       138, 112, 164, 124, 164, 237, 231, 156, 47, 71, 186, 80, 178, 191,
       90, 83, 105, 25, 19, 121, 198, 125, 170, 184, 246, 221, 46, 251,
       239, 229, 52, 229, 251, 210, 32, 188, 234, 148, 62, 141, 205, 84,
       205, 147, 159, 160, 25, 46, 221, 107, 27, 201, 243, 237, 18, 110,
       111, 202, 177, 219, 211, 85, 59, 210, 25, 198, 74, 246, 100, 238,
       208, 222, 123, 125, 95, 237, 151, 95, 26, 120, 125, 247, 47, 42,
       146, 251, 184, 162, 243, 55, 204, 127, 11, 69, 9, 167, 216, 252,
       46, 8, 159, 26, 255, 246, 135, 58, 247, 30, 13, 94, 99, 172, 231,
       32, 64, 255, 59, 135, 128, 114, 152, 0, 255, 239, 167, 190, 195,
       50, 136, 165, 139, 138, 152, 176, 184, 43, 249, 16, 199, 159, 95,
       84, 53, 172, 159, 34, 205, 199, 59, 191, 1, 7, 76, 114, 243, 207,
       215, 90, 251, 154, 76, 141, 95, 75, 141, 167, 179, 178, 246, 43,
       182, 62, 101, 78, 128, 221, 182, 179, 100, 119, 127, 58, 156, 149,
       152, 189, 246, 237, 239, 191, 192, 182, 131, 1, 124, 26, 12, 175,
       243, 145, 246, 105, 150, 118, 165, 79, 2, 241, 118, 177, 108, 113,
       183, 59, 152, 16, 153, 61, 254, 201, 239, 223, 192, 182, 210, 53,
       110, 2, 190, 104, 155, 242, 177, 187, 247, 31, 69, 92, 167, 172,
       142, 166, 4, 135, 107, 151, 149, 166, 152, 47, 255, 110, 22, 190,
       195, 158, 198, 157, 221, 232, 116, 241, 76, 121, 127, 199, 59,
       113, 174, 172, 8, 90, 53, 133, 180, 25, 212, 196, 42, 105, 38,
       249, 14, 119, 223, 37, 60, 67, 250, 70, 104, 91, 77, 107, 230, 22,
       18, 111, 117, 33, 224, 222, 194, 123, 47, 176, 112, 126, 229, 125,
       239, 201, 147, 165, 206, 242, 237, 174, 128, 39, 182, 240, 104,
       153, 205, 35, 253, 21, 214, 228, 231, 126, 73, 106, 0, 185, 152,
       48, 224, 248, 42, 186, 129, 231, 184, 51, 63, 175, 255, 158, 64,
       88, 8, 249, 172, 92, 176, 191, 250, 168, 236, 91, 152, 175, 95,
       165, 29, 255, 247, 74, 91, 167, 247, 125, 94, 27, 71, 186, 49,
       219, 251, 119, 121, 192, 211, 167, 115, 166, 164, 181, 251, 157,
       45, 206, 138, 95, 19, 169, 24, 170, 105, 92, 46, 153, 75, 83, 14,
       58, 230, 91, 243, 143, 222, 85, 126, 210, 105, 209, 134, 215, 236,
       171, 177, 150, 229, 111, 219, 62, 215, 78, 18, 149, 246, 88, 104,
       113, 219, 59, 221, 51, 220, 183, 227, 253, 5, 159, 172, 164, 89,
       181, 96, 59, 85, 107, 239, 118, 34, 239, 124, 101, 200, 253, 230,
       121, 111, 157, 96, 126, 139, 23, 174, 201, 178, 101, 207, 118,
       237, 166, 128, 111, 146, 96, 249, 232, 124, 253, 117, 32, 111, 93,
       22, 48, 190, 182, 24, 211, 63, 65, 187, 137, 244, 253, 42, 105,
