%YAML:1.0
---
descriptors: !!opencv-matrix
   rows: 284
   cols: 32
   dt: u
   data: [ 24, 148, 255, 255, 147, 230, 181, 55, 52, 3, 78, 50, 253, 63,
       40, 97, 247, 55, 187, 128, 51, 216, 17, 77, 99, 231, 126, 1, 160,
       64, 165, 58, 127, 106, 210, 78, 109, 156, 86, 240, 105, 202, 117,
       72, 106, 200, 151, 180, 156, 236, 228, 110, 205, 54, 234, 233, 51,
       253, 1, 171, 107, 191, 74, 173, 61, 124, 181, 240, 125, 173, 80,
       210, 251, 187, 184, 72, 158, 153, 81, 59, 141, 129, 93, 28, 139,
       103, 218, 128, 219, 219, 85, 126, 194, 89, 82, 131, 138, 182, 220,
       181, 162, 122, 180, 191, 170, 255, 50, 245, 204, 46, 202, 139,
       167, 87, 236, 49, 52, 237, 139, 192, 204, 211, 127, 167, 196, 116,
       143, 223, 247, 230, 196, 79, 77, 19, 78, 184, 23, 178, 181, 250,
       75, 113, 157, 191, 93, 208, 255, 238, 234, 102, 207, 159, 58, 254,
       197, 190, 127, 255, 122, 36, 61, 37, 186, 106, 181, 222, 70, 193,
       107, 168, 253, 8, 83, 248, 61, 176, 176, 110, 68, 122, 29, 179,
       184, 60, 187, 253, 37, 85, 202, 98, 122, 138, 143, 87, 230, 149,
       226, 50, 188, 223, 56, 246, 86, 247, 205, 46, 223, 143, 55, 79,
       183, 183, 245, 212, 165, 194, 38, 96, 255, 134, 175, 244, 171,
       221, 34, 233, 107, 104, 116, 137, 228, 103, 239, 0, 112, 43, 34,
       152, 116, 16, 234, 40, 19, 65, 66, 187, 0, 209, 52, 28, 2, 42, 85,
       24, 83, 138, 56, 221, 119, 237, 151, 198, 231, 247, 69, 64, 250,
       66, 127, 61, 33, 68, 122, 246, 55, 107, 89, 185, 17, 191, 241,
       238, 38, 64, 119, 122, 244, 234, 62, 135, 98, 142, 114, 115, 206,
       249, 21, 36, 249, 227, 73, 110, 190, 213, 126, 217, 135, 231, 188,
       147, 12, 223, 178, 38, 139, 143, 119, 255, 174, 213, 139, 192,
       102, 173, 47, 151, 216, 63, 95, 245, 86, 151, 237, 136, 54, 68,
       214, 45, 191, 13, 212, 253, 23, 221, 2, 123, 219, 199, 30, 140,
       217, 93, 164, 104, 249, 88, 236, 233, 231, 200, 94, 30, 116, 50,
       146, 209, 253, 44, 89, 88, 6, 90, 98, 102, 42, 179, 77, 158, 55,
       47, 211, 121, 245, 163, 154, 206, 2, 188, 91, 0, 174, 238, 188,
       134, 144, 151, 173, 174, 115, 71, 111, 227, 207, 165, 96, 79, 0,
       222, 188, 6, 223, 173, 53, 116, 37, 216, 17, 203, 11, 173, 86,
       131, 43, 117, 22, 64, 94, 198, 181, 135, 160, 96, 126, 40, 19,
       220, 195, 152, 37, 31, 236, 165, 174, 192, 60, 138, 177, 249, 32,
       133, 55, 95, 29, 246, 195, 34, 84, 9, 251, 2, 242, 112, 188, 228,
       88, 242, 6, 42, 185, 186, 105, 191, 45, 190, 162, 80, 83, 75, 244,
       36, 67, 239, 34, 139, 253, 129, 62, 207, 15, 5, 216, 175, 164,
       136, 54, 64, 236, 47, 155, 85, 198, 155, 204, 255, 60, 52, 142,
       235, 28, 30, 184, 222, 101, 52, 189, 226, 236, 111, 123, 152, 187,
       251, 185, 124, 215, 124, 77, 59, 143, 83, 127, 50, 51, 118, 249,
       80, 205, 154, 101, 244, 208, 235, 71, 243, 8, 180, 185, 248, 219,
       229, 57, 207, 142, 29, 104, 3, 29, 247, 96, 88, 183, 27, 131, 144,
       18, 11, 18, 213, 221, 199, 63, 239, 176, 72, 167, 171, 255, 210,
       110, 228, 39, 86, 95, 49, 49, 78, 247, 167, 91, 63, 150, 247, 118,
       213, 253, 238, 237, 215, 181, 203, 243, 251, 235, 145, 47, 183,
       254, 117, 125, 120, 185, 224, 45, 45, 81, 216, 203, 249, 181, 12,
       159, 157, 85, 58, 137, 196, 125, 94, 139, 99, 250, 176, 219, 217,
       69, 126, 202, 251, 82, 50, 215, 67, 135, 131, 172, 52, 172, 152,
       236, 250, 154, 198, 221, 104, 221, 239, 246, 69, 124, 255, 197,
       209, 175, 224, 176, 120, 239, 134, 140, 247, 185, 85, 32, 145, 34,
       140, 93, 213, 144, 103, 199, 77, 232, 3, 34, 152, 54, 68, 200,
       170, 130, 1, 30, 171, 50, 149, 51, 20, 146, 123, 83, 14, 252, 206,
       218, 123, 111, 108, 42, 210, 95, 62, 31, 236, 222, 227, 105, 143,
       183, 113, 150, 253, 181, 199, 204, 223, 167, 253, 114, 121, 237,
       147, 39, 182, 36, 125, 94, 30, 138, 159, 73, 180, 187, 82, 172,
       15, 148, 231, 172, 38, 163, 216, 109, 161, 207, 132, 142, 7, 96,
       235, 214, 231, 186, 153, 147, 37, 45, 243, 85, 9, 187, 254, 221,
       196, 251, 65, 238, 65, 105, 0, 124, 255, 49, 96, 240, 107, 59, 92,
       19, 43, 186, 127, 249, 172, 2, 72, 216, 42, 225, 242, 74, 180,
       152, 187, 187, 233, 16, 143, 190, 21, 137, 177, 172, 151, 106,
       200, 199, 27, 235, 16, 22, 73, 202, 83, 203, 245, 26, 127, 144,
       68, 141, 91, 219, 13, 99, 236, 22, 70, 175, 114, 188, 192, 218,
       195, 125, 255, 52, 96, 118, 245, 31, 239, 225, 139, 52, 207, 81,
       44, 170, 128, 45, 160, 49, 121, 16, 239, 8, 171, 188, 129, 159,
       255, 4, 13, 216, 135, 181, 138, 58, 64, 246, 107, 95, 247, 122,
       155, 201, 63, 248, 165, 174, 248, 20, 26, 183, 218, 41, 77, 67,
       137, 116, 159, 238, 112, 68, 104, 122, 70, 243, 24, 181, 164, 122,
       168, 22, 111, 205, 176, 101, 189, 38, 77, 162, 128, 127, 142, 88,
       141, 88, 175, 146, 30, 85, 168, 162, 103, 255, 1, 106, 10, 174,
       200, 52, 196, 160, 106, 202, 17, 18, 185, 130, 239, 61, 52, 22,
       75, 195, 12, 201, 14, 62, 7, 98, 138, 219, 115, 78, 232, 23, 132,
       221, 171, 73, 238, 63, 212, 124, 249, 135, 231, 188, 3, 12, 255,
       178, 71, 139, 255, 55, 247, 62, 196, 139, 126, 233, 85, 246, 52,
       253, 23, 91, 207, 94, 246, 185, 47, 215, 47, 7, 127, 151, 157,
       231, 220, 245, 234, 103, 123, 190, 128, 14, 244, 209, 125, 61, 49,
       34, 102, 181, 159, 67, 112, 101, 232, 255, 100, 122, 217, 186,
       180, 248, 236, 70, 122, 221, 179, 56, 44, 250, 205, 37, 64, 107,
       39, 122, 195, 98, 183, 172, 152, 205, 245, 185, 71, 139, 127, 156,
       31, 172, 188, 118, 10, 205, 51, 219, 21, 150, 107, 242, 209, 95,
       19, 154, 251, 149, 76, 223, 223, 1, 139, 67, 237, 242, 130, 106,
       183, 52, 1, 106, 196, 53, 231, 32, 80, 126, 255, 51, 220, 19, 152,
       65, 127, 44, 164, 170, 192, 56, 130, 160, 168, 34, 191, 172, 152,
       221, 245, 189, 199, 139, 85, 156, 159, 172, 172, 118, 11, 205, 35,
       251, 149, 182, 75, 242, 241, 127, 17, 222, 235, 149, 76, 191, 222,
       17, 14, 3, 186, 150, 163, 234, 99, 150, 1, 219, 230, 101, 227, 32,
       192, 217, 171, 14, 144, 63, 155, 8, 191, 184, 230, 139, 64, 188,
       74, 176, 128, 89, 45, 66, 77, 147, 18, 78, 183, 113, 134, 238,
       128, 107, 98, 131, 244, 112, 238, 136, 238, 253, 154, 181, 47,
       178, 239, 134, 8, 35, 246, 234, 44, 199, 146, 149, 155, 248, 229,
       1, 159, 31, 95, 17, 125, 230, 102, 202, 219, 197, 3, 174, 21, 183,
       76, 123, 117, 140, 18, 124, 254, 152, 77, 137, 93, 90, 171, 198,
       162, 187, 146, 60, 196, 171, 53, 154, 239, 45, 234, 34, 154, 166,
       231, 237, 213, 30, 203, 142, 240, 154, 247, 222, 187, 174, 23,
       171, 159, 237, 49, 145, 77, 253, 79, 103, 185, 115, 226, 97, 8,
       210, 117, 13, 52, 152, 92, 114, 106, 1, 246, 249, 10, 39, 158, 5,
       44, 66, 123, 82, 164, 67, 76, 110, 173, 44, 135, 216, 14, 79, 119,
       90, 151, 173, 136, 54, 64, 199, 173, 63, 133, 204, 252, 87, 213,
       130, 123, 219, 211, 29, 140, 217, 95, 210, 215, 206, 181, 178, 34,
       125, 255, 61, 191, 218, 247, 205, 47, 162, 66, 119, 215, 127, 180,
       248, 221, 5, 206, 252, 230, 255, 196, 173, 240, 165, 25, 107, 233,
       98, 78, 125, 217, 247, 252, 105, 68, 124, 141, 42, 232, 150, 180,
       26, 234, 246, 78, 206, 58, 238, 253, 118, 125, 4, 107, 119, 158,
       222, 206, 213, 15, 71, 188, 188, 35, 79, 123, 148, 194, 219, 247,
       113, 102, 185, 65, 127, 231, 127, 175, 249, 199, 15, 95, 240, 42,
       235, 144, 61, 243, 176, 81, 53, 97, 233, 64, 205, 21, 207, 216,
       67, 242, 188, 10, 67, 89, 223, 174, 89, 216, 18, 250, 207, 34,
       252, 176, 51, 93, 133, 63, 247, 251, 90, 228, 203, 150, 109, 27,
       242, 60, 169, 191, 126, 123, 87, 244, 252, 116, 154, 237, 23, 23,
       188, 61, 179, 92, 127, 215, 76, 63, 122, 204, 158, 196, 129, 125,
       74, 22, 170, 184, 120, 188, 248, 83, 174, 221, 157, 183, 141, 239,
       227, 75, 238, 161, 223, 148, 150, 1, 178, 192, 222, 85, 170, 233,
