%YAML:1.0
---
descriptors: !!opencv-matrix
   rows: 135
   cols: 32
   dt: u
   data: [ 14, 125, 150, 141, 253, 215, 190, 238, 159, 164, 206, 3, 236,
       252, 119, 196, 251, 125, 251, 227, 70, 251, 219, 255, 63, 119,
       143, 7, 22, 127, 61, 206, 88, 18, 117, 105, 48, 236, 105, 18, 37,
       13, 230, 128, 183, 7, 128, 88, 96, 156, 111, 152, 10, 156, 113,
       93, 199, 233, 50, 0, 114, 129, 102, 122, 105, 186, 226, 88, 105,
       253, 241, 87, 235, 77, 124, 61, 42, 156, 230, 188, 200, 170, 198,
       16, 151, 58, 242, 209, 95, 93, 16, 235, 219, 140, 110, 223, 176,
       27, 122, 109, 62, 143, 87, 124, 212, 76, 254, 103, 115, 249, 50,
       64, 222, 244, 111, 98, 236, 169, 97, 31, 227, 237, 33, 145, 125,
       170, 124, 91, 40, 251, 56, 250, 232, 133, 149, 213, 30, 172, 244,
       33, 60, 159, 99, 88, 206, 59, 7, 208, 66, 26, 82, 112, 117, 153,
       126, 107, 81, 16, 167, 203, 173, 6, 253, 127, 108, 46, 125, 56,
       116, 202, 119, 116, 211, 99, 145, 123, 94, 100, 126, 46, 161, 244,
       97, 10, 70, 235, 97, 128, 107, 251, 66, 241, 210, 180, 189, 241,
       170, 236, 56, 159, 186, 251, 146, 117, 189, 191, 72, 107, 167, 87,
       125, 145, 51, 77, 187, 211, 221, 211, 255, 246, 128, 64, 167, 123,
       124, 48, 54, 242, 109, 221, 80, 64, 235, 180, 165, 9, 78, 221, 78,
       187, 136, 176, 253, 66, 78, 103, 250, 149, 147, 217, 65, 127, 82,
       47, 78, 70, 234, 160, 164, 152, 109, 189, 216, 72, 139, 179, 176,
       25, 174, 217, 92, 159, 201, 185, 251, 17, 14, 103, 210, 209, 159,
       24, 211, 59, 210, 12, 126, 142, 61, 221, 120, 238, 116, 151, 95,
       249, 69, 76, 253, 15, 123, 109, 59, 48, 94, 234, 151, 238, 206,
       178, 120, 191, 115, 205, 160, 168, 119, 251, 118, 249, 190, 190,
       227, 92, 114, 99, 15, 250, 51, 174, 125, 241, 104, 231, 229, 20,
       125, 252, 135, 162, 41, 87, 40, 95, 57, 134, 175, 175, 115, 243,
       102, 241, 44, 122, 121, 126, 96, 221, 119, 48, 185, 206, 125, 172,
       255, 223, 131, 48, 134, 121, 199, 74, 193, 160, 122, 239, 231,
       253, 33, 136, 98, 179, 71, 241, 218, 217, 250, 174, 51, 92, 127,
       188, 59, 117, 70, 161, 189, 159, 26, 114, 166, 215, 253, 199, 194,
       93, 185, 227, 243, 249, 158, 131, 38, 151, 37, 123, 163, 143, 76,
       181, 12, 34, 236, 55, 20, 226, 222, 247, 241, 40, 146, 67, 79,
       230, 127, 173, 252, 216, 69, 142, 206, 43, 255, 144, 45, 236, 248,
       89, 77, 233, 159, 215, 205, 204, 98, 160, 238, 145, 66, 0, 252,
       240, 64, 230, 35, 118, 122, 88, 83, 217, 187, 96, 13, 46, 87, 64,
       128, 43, 153, 40, 38, 85, 227, 202, 244, 103, 238, 201, 95, 43,
       249, 82, 80, 252, 61, 172, 252, 251, 23, 115, 185, 179, 28, 250,
       53, 28, 143, 174, 213, 123, 242, 181, 152, 252, 123, 254, 83, 197,
       83, 240, 177, 68, 100, 9, 63, 223, 33, 16, 174, 185, 87, 66, 106,
       143, 26, 63, 243, 201, 0, 11, 113, 3, 39, 219, 9, 156, 63, 127,
       52, 174, 113, 55, 253, 27, 127, 16, 255, 51, 0, 49, 167, 55, 116,
       8, 179, 248, 33, 45, 207, 251, 112, 192, 192, 128, 195, 169, 129,
       239, 123, 225, 116, 143, 111, 245, 116, 232, 116, 198, 183, 7,
       144, 49, 126, 168, 23, 238, 243, 188, 32, 127, 238, 137, 166, 192,
       45, 146, 242, 169, 120, 249, 58, 248, 9, 221, 87, 246, 163, 12,
       164, 8, 63, 215, 98, 80, 128, 251, 221, 72, 74, 11, 178, 181, 251,
       221, 22, 121, 114, 16, 47, 122, 1, 134, 110, 147, 52, 186, 232,
       51, 124, 89, 83, 213, 243, 40, 150, 233, 207, 38, 127, 29, 183,
       252, 69, 207, 14, 127, 186, 192, 204, 140, 217, 221, 147, 219,
       111, 252, 14, 128, 205, 247, 132, 64, 212, 198, 49, 143, 48, 97,
       110, 163, 59, 207, 235, 143, 54, 253, 240, 235, 222, 136, 61, 152,
       176, 120, 206, 248, 188, 115, 161, 109, 125, 151, 59, 255, 54, 57,
       190, 61, 75, 27, 135, 91, 245, 21, 230, 124, 219, 226, 207, 219,
       116, 183, 194, 212, 143, 91, 75, 38, 134, 5, 145, 62, 234, 91,
       107, 171, 175, 197, 142, 34, 18, 150, 45, 198, 204, 29, 149, 233,
       133, 192, 156, 118, 26, 84, 202, 231, 171, 4, 9, 255, 176, 107,
       177, 141, 94, 191, 239, 57, 60, 100, 142, 251, 8, 180, 135, 91,
       204, 80, 218, 40, 88, 245, 235, 220, 6, 118, 218, 214, 131, 143,
       46, 190, 163, 90, 245, 245, 211, 251, 87, 79, 125, 56, 90, 252,
       188, 116, 221, 154, 151, 16, 187, 47, 56, 215, 91, 62, 145, 206,
       211, 78, 246, 119, 198, 28, 165, 95, 173, 104, 101, 158, 215, 255,
       135, 149, 226, 108, 63, 79, 193, 102, 233, 7, 189, 229, 255, 226,
       71, 58, 213, 147, 214, 125, 212, 118, 90, 193, 178, 246, 7, 82,
       126, 228, 191, 21, 198, 3, 204, 255, 62, 198, 243, 215, 251, 195,
       76, 205, 137, 227, 251, 247, 222, 71, 38, 22, 173, 74, 184, 238,
       122, 126, 125, 221, 83, 226, 183, 12, 116, 9, 47, 205, 51, 17,
       168, 170, 199, 79, 110, 47, 42, 63, 243, 217, 32, 57, 114, 159,
       94, 202, 106, 32, 180, 248, 77, 157, 208, 72, 139, 52, 177, 9,
       142, 201, 92, 159, 200, 144, 219, 1, 14, 103, 210, 209, 147, 216,
       209, 127, 83, 12, 90, 134, 39, 31, 2, 154, 244, 167, 174, 73, 95,
       9, 89, 86, 228, 224, 189, 197, 222, 235, 2, 247, 183, 178, 92,
       255, 52, 22, 139, 234, 157, 123, 185, 133, 161, 221, 115, 77, 116,
       143, 237, 119, 125, 8, 118, 64, 184, 17, 180, 53, 46, 42, 22, 76,
       225, 184, 113, 93, 101, 184, 52, 128, 91, 144, 195, 169, 161, 237,
       104, 69, 116, 139, 239, 246, 85, 160, 116, 12, 51, 1, 150, 53, 88,
       168, 70, 108, 233, 188, 117, 31, 102, 153, 165, 32, 111, 152, 90,
       168, 72, 219, 158, 219, 170, 192, 183, 172, 142, 29, 190, 224,
       236, 243, 232, 198, 227, 83, 235, 80, 82, 73, 139, 113, 108, 167,
       254, 223, 144, 19, 165, 43, 118, 225, 241, 234, 191, 81, 151, 205,
       15, 181, 153, 187, 206, 222, 204, 36, 219, 217, 253, 243, 94, 107,
       235, 179, 187, 212, 143, 255, 149, 30, 181, 103, 32, 230, 137, 65,
       52, 235, 65, 158, 86, 41, 122, 88, 162, 0, 212, 52, 89, 206, 78,
       24, 139, 252, 193, 55, 140, 158, 52, 117, 192, 24, 86, 172, 237,
       78, 97, 69, 116, 11, 111, 56, 117, 236, 122, 238, 91, 76, 149,
       113, 94, 236, 6, 238, 233, 182, 101, 78, 36, 8, 165, 132, 101,
       178, 116, 229, 86, 175, 235, 227, 242, 34, 191, 247, 42, 61, 26,
       231, 125, 46, 220, 66, 103, 223, 63, 213, 214, 217, 173, 243, 252,
       133, 175, 228, 165, 211, 165, 217, 196, 148, 159, 245, 160, 102,
       165, 183, 188, 219, 90, 116, 213, 119, 32, 107, 229, 119, 59, 184,
       49, 221, 17, 14, 237, 166, 254, 132, 136, 112, 161, 59, 225, 16,
       25, 105, 77, 45, 64, 23, 100, 104, 232, 92, 147, 16, 16, 122, 200,
       132, 74, 60, 153, 182, 209, 0, 133, 184, 16, 88, 88, 136, 234,
       160, 185, 69, 106, 173, 22, 38, 239, 119, 84, 71, 207, 151, 83,
       169, 50, 64, 120, 172, 19, 175, 188, 151, 21, 142, 242, 111, 138,
       0, 61, 255, 248, 208, 124, 36, 185, 224, 188, 109, 81, 154, 54,
       189, 175, 24, 151, 243, 73, 120, 145, 158, 109, 24, 26, 96, 233,
       18, 219, 205, 49, 125, 160, 193, 70, 98, 212, 97, 157, 228, 44,
       74, 69, 60, 160, 182, 162, 8, 215, 119, 73, 59, 16, 212, 108, 106,
       104, 101, 243, 0, 209, 225, 101, 52, 96, 176, 71, 98, 11, 190,
       230, 91, 111, 181, 184, 214, 191, 95, 94, 215, 40, 174, 254, 237,
       231, 43, 179, 157, 182, 220, 183, 243, 14, 126, 218, 203, 159,
       196, 249, 221, 252, 83, 247, 164, 44, 78, 81, 88, 17, 236, 242,
       47, 87, 29, 1, 91, 126, 244, 125, 99, 233, 247, 241, 136, 209,
       225, 101, 144, 102, 185, 54, 123, 130, 128, 16, 185, 102, 137, 40,
       3, 62, 17, 82, 83, 141, 130, 96, 72, 106, 9, 19, 148, 18, 156, 71,
       209, 132, 16, 186, 192, 156, 8, 49, 128, 48, 93, 106, 111, 116,
       195, 239, 248, 84, 64, 255, 130, 113, 125, 187, 32, 126, 250, 18,
       234, 233, 186, 125, 63, 119, 175, 160, 0, 117, 187, 116, 248, 57,
       133, 83, 236, 117, 135, 78, 127, 21, 8, 251, 67, 127, 251, 56, 80,
       216, 171, 23, 108, 125, 186, 80, 157, 179, 255, 162, 64, 127, 138,
