%YAML:1.0
---
descriptors: !!opencv-matrix
   rows: 84
   cols: 32
   dt: u
   data: [ 179, 74, 79, 252, 6, 128, 79, 246, 132, 66, 210, 230, 49, 163,
       177, 97, 110, 226, 63, 207, 233, 143, 38, 189, 240, 171, 250, 136,
       61, 152, 112, 40, 19, 159, 67, 143, 54, 178, 174, 246, 124, 72,
       90, 231, 109, 110, 180, 228, 118, 111, 31, 237, 229, 153, 37, 239,
       180, 46, 170, 192, 61, 134, 49, 221, 153, 148, 251, 255, 214, 242,
       233, 119, 63, 75, 126, 242, 189, 239, 176, 104, 119, 191, 63, 140,
       179, 220, 39, 231, 206, 239, 190, 192, 165, 192, 161, 249, 139,
       186, 249, 249, 244, 187, 233, 23, 127, 123, 118, 246, 191, 173,
       212, 104, 111, 171, 63, 29, 179, 252, 101, 215, 206, 255, 190,
       192, 222, 200, 209, 249, 38, 39, 226, 26, 223, 241, 252, 75, 155,
       231, 221, 187, 8, 236, 126, 12, 251, 171, 195, 149, 62, 127, 238,
       210, 62, 22, 157, 255, 215, 76, 254, 214, 173, 245, 121, 101, 176,
       15, 127, 187, 116, 168, 126, 8, 223, 113, 136, 48, 148, 92, 70,
       110, 241, 180, 241, 63, 239, 221, 37, 4, 74, 177, 194, 163, 23,
       158, 99, 137, 246, 146, 170, 247, 124, 203, 90, 247, 93, 238, 180,
       228, 119, 175, 23, 189, 183, 156, 61, 222, 60, 46, 175, 196, 175,
       134, 177, 213, 11, 16, 53, 85, 33, 150, 248, 19, 109, 105, 118,
       20, 60, 24, 22, 252, 166, 45, 125, 157, 133, 220, 113, 197, 7,
       122, 88, 130, 79, 4, 97, 31, 98, 153, 144, 154, 205, 165, 148,
       199, 143, 25, 168, 77, 174, 250, 102, 128, 205, 43, 203, 5, 14,
       11, 82, 241, 161, 212, 26, 59, 216, 76, 137, 158, 1, 32, 117, 81,
       68, 223, 225, 19, 108, 113, 115, 82, 147, 20, 148, 233, 104, 156,
       110, 24, 159, 184, 245, 64, 5, 168, 50, 64, 101, 136, 64, 164,
       124, 98, 232, 167, 100, 58, 94, 152, 35, 190, 183, 173, 203, 47,
       91, 27, 19, 196, 237, 118, 12, 212, 201, 0, 198, 203, 229, 181,
       230, 247, 94, 67, 248, 112, 123, 236, 107, 126, 121, 89, 237, 236,
       255, 60, 159, 159, 135, 50, 238, 149, 255, 162, 141, 135, 177,
       194, 211, 249, 42, 187, 103, 135, 47, 243, 126, 156, 249, 243,
       183, 92, 253, 182, 121, 95, 54, 178, 95, 63, 159, 59, 191, 211,
       149, 162, 189, 252, 57, 224, 251, 223, 254, 135, 231, 244, 239,
       115, 75, 127, 182, 254, 239, 212, 188, 118, 185, 206, 116, 167,
       172, 255, 119, 175, 174, 123, 247, 65, 230, 107, 178, 235, 55,
       123, 94, 139, 70, 85, 47, 255, 218, 223, 182, 254, 111, 212, 189,
       254, 159, 95, 212, 55, 44, 255, 62, 213, 239, 27, 191, 133, 230,
       75, 178, 243, 55, 123, 222, 171, 19, 84, 173, 255, 46, 253, 49,
       126, 121, 205, 95, 240, 191, 92, 125, 41, 254, 215, 33, 52, 148,
       251, 215, 67, 226, 10, 122, 255, 247, 84, 9, 186, 18, 55, 7, 243,
       105, 173, 93, 101, 148, 110, 103, 55, 96, 234, 106, 72, 243, 49,
       144, 51, 16, 230, 124, 110, 121, 248, 241, 46, 229, 251, 101, 16,
       106, 226, 194, 40, 37, 78, 66, 159, 212, 179, 230, 226, 85, 14,
       121, 2, 98, 224, 183, 68, 89, 234, 6, 14, 172, 190, 76, 255, 36,
       46, 167, 0, 17, 251, 120, 140, 27, 158, 235, 251, 214, 166, 107,
       119, 63, 79, 95, 214, 125, 239, 184, 96, 119, 191, 63, 156, 179,
       156, 37, 247, 222, 239, 186, 192, 191, 192, 161, 249, 178, 241,
       98, 218, 223, 209, 188, 239, 159, 87, 213, 155, 8, 220, 126, 4,
       233, 155, 179, 145, 126, 107, 62, 215, 63, 86, 159, 127, 247, 12,
       252, 214, 3, 190, 251, 251, 242, 169, 185, 87, 127, 75, 126, 246,
       189, 191, 164, 104, 39, 59, 55, 157, 179, 156, 38, 247, 206, 223,
       58, 192, 158, 192, 161, 249, 11, 158, 251, 251, 244, 185, 233, 23,
       127, 75, 126, 246, 189, 175, 180, 104, 231, 43, 31, 29, 179, 188,
       101, 247, 206, 255, 54, 192, 158, 200, 209, 249, 142, 188, 150,
       155, 229, 253, 188, 135, 191, 27, 80, 49, 172, 254, 106, 206, 199,
       59, 187, 17, 54, 92, 26, 243, 15, 86, 30, 235, 146, 68, 141, 159,
       193, 127, 61, 103, 164, 14, 109, 53, 104, 234, 126, 76, 247, 49,
       145, 115, 132, 102, 124, 110, 225, 248, 241, 12, 229, 251, 100,
       16, 72, 242, 195, 121, 58, 93, 114, 172, 149, 87, 86, 237, 5, 140,
       248, 11, 11, 157, 55, 212, 248, 249, 143, 227, 92, 171, 16, 158,
       179, 221, 133, 95, 115, 190, 254, 206, 68, 52, 152, 231, 160, 46,
       123, 24, 56, 170, 103, 32, 215, 119, 201, 90, 22, 92, 125, 126,
       16, 208, 233, 104, 199, 189, 99, 4, 128, 227, 3, 33, 148, 36, 155,
       181, 6, 110, 105, 26, 54, 227, 67, 210, 213, 39, 65, 74, 115, 92,
       49, 154, 33, 212, 209, 2, 197, 166, 251, 4, 160, 241, 35, 176,
       106, 178, 144, 184, 57, 141, 80, 143, 143, 61, 160, 77, 174, 58,
       74, 148, 205, 3, 207, 21, 30, 74, 82, 177, 137, 213, 26, 127, 152,
       12, 139, 27, 104, 98, 248, 101, 36, 14, 121, 24, 104, 172, 54, 41,
       147, 13, 211, 58, 6, 148, 77, 124, 136, 240, 225, 8, 199, 221, 33,
       180, 228, 178, 70, 105, 49, 32, 245, 69, 84, 75, 192, 123, 87,
       225, 242, 90, 19, 56, 148, 172, 24, 140, 118, 8, 173, 250, 229,
       28, 28, 174, 113, 80, 109, 136, 82, 164, 222, 222, 191, 254, 171,
       98, 63, 239, 191, 158, 254, 187, 236, 255, 46, 91, 255, 247, 255,
       226, 112, 207, 171, 255, 251, 247, 223, 155, 144, 116, 167, 251,
       222, 252, 191, 254, 171, 106, 63, 239, 191, 254, 254, 57, 254,
       255, 9, 123, 255, 247, 239, 162, 96, 231, 171, 234, 247, 247, 223,
       27, 128, 113, 167, 123, 20, 67, 107, 237, 20, 75, 75, 184, 100,
       164, 222, 131, 211, 65, 187, 64, 122, 204, 13, 238, 72, 176, 101,
       12, 224, 173, 163, 4, 53, 187, 116, 96, 63, 188, 251, 234, 246,
       191, 127, 210, 127, 73, 125, 239, 127, 255, 190, 112, 255, 251,
       23, 143, 155, 178, 172, 251, 254, 253, 175, 170, 239, 223, 227,
       241, 170, 245, 38, 218, 223, 213, 180, 239, 159, 119, 157, 159, 8,
       252, 126, 133, 237, 155, 251, 145, 254, 107, 58, 215, 63, 87, 223,
       239, 151, 12, 253, 223, 184, 221, 114, 238, 53, 211, 87, 253, 21,
       204, 244, 42, 107, 253, 50, 113, 252, 248, 151, 226, 105, 163, 56,
       191, 243, 251, 133, 155, 119, 190, 246, 219, 136, 188, 60, 119,
       225, 191, 117, 55, 125, 191, 118, 24, 191, 59, 2, 59, 133, 54,
       238, 8, 224, 252, 113, 15, 199, 251, 116, 1, 66, 192, 207, 171,
       11, 157, 104, 203, 246, 247, 251, 183, 126, 77, 94, 134, 185, 61,
       182, 96, 63, 42, 23, 157, 147, 184, 53, 255, 111, 13, 186, 192,
       183, 194, 245, 249, 226, 184, 239, 16, 205, 233, 177, 199, 139,
       247, 180, 187, 32, 172, 86, 27, 137, 179, 243, 17, 22, 111, 246,
       240, 95, 17, 221, 123, 197, 76, 214, 250, 77, 185, 149, 95, 121,
       221, 176, 248, 235, 121, 244, 104, 254, 242, 140, 183, 176, 57,
       238, 96, 135, 227, 250, 93, 31, 186, 97, 58, 74, 34, 75, 167, 200,
       217, 29, 252, 169, 205, 21, 183, 148, 94, 134, 41, 182, 183, 33,
       83, 196, 115, 125, 66, 104, 77, 115, 63, 225, 243, 116, 154, 16,
       56, 133, 123, 12, 253, 253, 255, 244, 207, 111, 190, 62, 169, 122,
       65, 247, 247, 9, 64, 127, 127, 119, 202, 112, 248, 91, 63, 237,
       174, 103, 132, 240, 251, 197, 187, 19, 143, 67, 190, 182, 178,
       110, 247, 180, 72, 218, 231, 121, 238, 178, 224, 118, 239, 31,
       173, 189, 153, 12, 239, 184, 110, 170, 192, 61, 230, 185, 93, 57,
       223, 107, 238, 54, 131, 79, 253, 85, 200, 252, 238, 115, 237, 184,
       113, 126, 234, 22, 238, 233, 163, 44, 191, 242, 237, 165, 144,
       127, 186, 242, 249, 170, 245, 98, 218, 223, 209, 252, 239, 159,
       117, 156, 159, 40, 172, 126, 164, 235, 155, 243, 129, 246, 43, 54,
       247, 63, 83, 222, 255, 87, 28, 255, 222, 110, 188, 180, 222, 237,
       245, 152, 202, 155, 255, 157, 61, 172, 252, 103, 174, 205, 251,
       255, 145, 174, 107, 250, 243, 27, 95, 95, 187, 211, 77, 63, 223,
       192, 251, 223, 101, 226, 10, 119, 53, 121, 174, 118, 236, 247, 51,
       128, 83, 54, 116, 108, 106, 225, 244, 129, 107, 230, 171, 101,
       128, 104, 176, 199, 57, 221, 92, 239, 231, 34, 94, 127, 180, 112,
