%YAML:1.0
---
descriptors: !!opencv-matrix
   rows: 178
   cols: 32
   dt: u
   data: [ 181, 235, 123, 46, 60, 139, 195, 252, 196, 232, 244, 236, 115,
       201, 179, 32, 30, 232, 70, 110, 201, 179, 12, 62, 240, 205, 37,
       148, 117, 187, 114, 233, 124, 173, 216, 100, 184, 43, 87, 187, 50,
       174, 175, 169, 87, 231, 75, 82, 55, 214, 109, 42, 120, 67, 201,
       14, 251, 231, 37, 61, 160, 242, 134, 115, 3, 29, 127, 213, 38,
       254, 189, 55, 156, 138, 94, 114, 185, 191, 164, 97, 110, 55, 23,
       136, 225, 152, 112, 207, 103, 255, 250, 130, 4, 200, 129, 187,
       195, 82, 166, 150, 175, 20, 188, 53, 253, 91, 151, 246, 204, 232,
       191, 239, 231, 101, 252, 135, 165, 101, 191, 192, 154, 50, 223,
       151, 142, 116, 185, 93, 150, 111, 254, 254, 250, 194, 191, 240,
       191, 206, 218, 163, 125, 239, 183, 96, 230, 255, 127, 199, 229,
       219, 174, 239, 246, 127, 239, 136, 37, 247, 37, 217, 9, 159, 58,
       203, 240, 149, 191, 247, 30, 77, 92, 167, 189, 247, 162, 100, 254,
       59, 151, 204, 210, 152, 34, 255, 238, 93, 190, 202, 22, 142, 165,
       249, 34, 180, 17, 186, 249, 173, 176, 239, 159, 49, 121, 89, 172,
       219, 108, 148, 201, 155, 131, 16, 18, 58, 90, 247, 29, 22, 26,
       110, 218, 12, 131, 138, 218, 49, 18, 168, 47, 63, 24, 9, 175, 164,
       130, 175, 142, 158, 66, 222, 246, 149, 253, 97, 12, 1, 211, 208,
       147, 240, 154, 63, 34, 13, 141, 23, 56, 185, 26, 232, 89, 221, 82,
       85, 167, 13, 172, 9, 63, 159, 98, 144, 172, 187, 221, 80, 30, 43,
       18, 177, 251, 221, 0, 123, 114, 10, 238, 219, 129, 95, 125, 69,
       116, 14, 109, 55, 125, 200, 118, 68, 179, 17, 149, 53, 6, 44, 86,
       76, 225, 184, 97, 14, 103, 191, 48, 128, 72, 184, 66, 185, 89,
       173, 136, 181, 144, 204, 63, 183, 62, 233, 10, 1, 191, 175, 82,
       80, 129, 111, 125, 21, 86, 152, 211, 47, 237, 239, 63, 113, 8, 0,
       139, 90, 121, 105, 91, 70, 113, 222, 99, 112, 233, 12, 239, 8,
       123, 211, 133, 116, 176, 228, 76, 110, 73, 163, 176, 109, 115,
       237, 0, 8, 99, 163, 98, 40, 92, 148, 189, 116, 153, 254, 81, 59,
       115, 109, 175, 60, 218, 119, 136, 114, 149, 150, 253, 40, 153,
       201, 249, 15, 203, 255, 113, 86, 170, 130, 132, 115, 39, 55, 225,
       1, 244, 63, 234, 144, 107, 105, 127, 254, 218, 8, 159, 172, 159,
       141, 86, 127, 181, 178, 109, 214, 38, 28, 163, 228, 207, 255, 219,
       213, 39, 183, 97, 129, 116, 63, 234, 120, 75, 105, 89, 255, 201,
       44, 158, 164, 126, 140, 23, 173, 149, 50, 125, 215, 14, 28, 171,
       228, 207, 143, 219, 213, 40, 237, 122, 106, 116, 207, 99, 244,
       116, 0, 124, 8, 51, 81, 48, 48, 26, 232, 6, 106, 74, 186, 40, 63,
       119, 205, 32, 33, 115, 155, 78, 168, 60, 105, 232, 65, 77, 95,
       195, 192, 199, 228, 164, 8, 2, 157, 87, 62, 152, 252, 195, 90, 72,
       115, 248, 176, 95, 89, 133, 55, 99, 63, 94, 246, 6, 189, 18, 154,
       253, 213, 186, 225, 142, 77, 217, 35, 172, 220, 46, 128, 222, 59,
       147, 83, 86, 171, 26, 253, 173, 20, 142, 235, 85, 14, 189, 215,
       34, 165, 98, 65, 215, 219, 254, 231, 77, 101, 252, 139, 8, 12,
       182, 52, 250, 138, 147, 245, 254, 186, 52, 223, 63, 28, 133, 231,
       119, 142, 222, 222, 157, 73, 207, 229, 164, 102, 109, 177, 116,
       250, 86, 70, 211, 39, 145, 107, 96, 68, 60, 238, 137, 208, 53, 0,
       197, 235, 231, 132, 174, 240, 100, 240, 109, 181, 244, 83, 205,
       62, 229, 159, 115, 243, 47, 28, 202, 113, 220, 191, 17, 86, 224,
       58, 177, 112, 253, 130, 47, 127, 85, 118, 235, 255, 202, 180, 45,
       49, 233, 97, 244, 79, 235, 25, 87, 237, 119, 72, 211, 21, 209, 44,
       95, 156, 22, 56, 153, 240, 125, 10, 77, 223, 165, 228, 231, 234,
       86, 241, 162, 189, 184, 218, 169, 201, 148, 239, 159, 59, 188, 57,
       174, 253, 108, 148, 201, 27, 235, 16, 114, 111, 90, 211, 203, 22,
       20, 127, 208, 72, 159, 187, 34, 172, 184, 222, 189, 193, 212, 111,
       223, 15, 188, 19, 160, 254, 100, 0, 201, 187, 203, 1, 90, 47, 66,
       247, 123, 22, 158, 59, 16, 72, 252, 46, 19, 159, 38, 156, 183,
       148, 252, 119, 189, 77, 94, 135, 44, 174, 54, 100, 238, 187, 151,
       149, 223, 155, 54, 239, 187, 126, 158, 195, 15, 132, 189, 221,
       180, 75, 120, 79, 82, 15, 255, 248, 68, 36, 119, 139, 115, 77,
       159, 1, 62, 220, 7, 238, 224, 180, 45, 61, 119, 169, 37, 144, 117,
       187, 69, 224, 51, 29, 119, 180, 211, 198, 126, 103, 189, 192, 106,
       3, 47, 174, 53, 208, 238, 191, 147, 197, 253, 187, 20, 222, 185,
       254, 143, 2, 45, 36, 35, 222, 132, 249, 159, 251, 169, 201, 55,
       204, 174, 145, 43, 0, 252, 215, 105, 90, 163, 123, 106, 82, 2, 73,
       154, 113, 221, 148, 7, 107, 144, 19, 133, 170, 11, 159, 91, 177,
       242, 255, 60, 119, 125, 109, 90, 246, 156, 190, 162, 224, 230, 63,
       182, 5, 213, 152, 101, 215, 46, 125, 186, 194, 30, 132, 165, 221,
       45, 81, 213, 79, 237, 14, 231, 184, 101, 64, 251, 228, 74, 101,
       45, 214, 126, 212, 106, 110, 81, 161, 91, 232, 36, 190, 5, 20,
       251, 255, 64, 176, 27, 157, 70, 252, 180, 135, 238, 119, 213, 9,
       222, 230, 49, 171, 176, 96, 110, 170, 31, 140, 249, 187, 5, 255,
       186, 239, 190, 192, 63, 136, 248, 25, 75, 251, 104, 130, 114, 137,
       251, 244, 43, 96, 148, 239, 61, 143, 214, 16, 54, 217, 95, 223,
       199, 14, 236, 247, 126, 13, 46, 236, 45, 134, 3, 89, 124, 109, 43,
       162, 80, 203, 79, 236, 54, 164, 201, 8, 215, 210, 97, 113, 113,
       237, 93, 250, 104, 210, 237, 62, 249, 135, 175, 61, 32, 51, 38,
       96, 34, 157, 112, 218, 253, 229, 176, 239, 31, 29, 120, 27, 40,
       253, 44, 16, 201, 155, 3, 17, 22, 58, 82, 245, 63, 28, 146, 107,
       215, 76, 212, 159, 100, 190, 245, 86, 225, 110, 116, 175, 121,
       191, 96, 88, 78, 57, 12, 155, 153, 223, 100, 2, 48, 122, 218, 226,
       63, 254, 85, 75, 193, 113, 198, 235, 108, 49, 185, 103, 240, 110,
       83, 25, 97, 236, 127, 12, 223, 119, 75, 48, 148, 220, 93, 122,
       137, 176, 249, 8, 199, 253, 33, 52, 234, 227, 70, 115, 16, 159,
       90, 189, 182, 162, 119, 119, 116, 142, 90, 230, 179, 179, 160, 64,
       122, 62, 46, 128, 248, 152, 5, 142, 232, 167, 190, 131, 36, 232,
       244, 137, 56, 181, 58, 104, 116, 205, 83, 94, 99, 77, 252, 8, 63,
       159, 66, 48, 156, 152, 21, 120, 26, 58, 48, 31, 251, 205, 32, 121,
       114, 138, 78, 251, 137, 92, 63, 117, 116, 142, 117, 54, 252, 202,
       118, 68, 191, 55, 1, 113, 132, 118, 118, 72, 225, 188, 113, 110,
       103, 251, 112, 128, 74, 144, 67, 251, 3, 55, 241, 69, 228, 62,
       108, 19, 121, 202, 126, 100, 154, 62, 213, 190, 182, 239, 22, 44,
       149, 248, 181, 202, 6, 126, 118, 130, 206, 244, 195, 189, 141, 48,
       191, 247, 40, 237, 49, 16, 166, 250, 71, 52, 159, 215, 73, 122,
       149, 124, 125, 26, 1, 212, 187, 2, 199, 245, 97, 134, 170, 227, 7,
       115, 39, 55, 224, 1, 244, 63, 238, 19, 121, 234, 122, 239, 91, 40,
       215, 188, 127, 206, 22, 189, 157, 240, 117, 202, 46, 94, 167, 132,
       239, 253, 218, 213, 63, 39, 98, 161, 246, 51, 238, 216, 21, 238,
       219, 239, 73, 44, 191, 140, 127, 143, 151, 255, 188, 178, 77, 222,
       52, 78, 171, 228, 239, 255, 248, 213, 250, 221, 18, 188, 185, 204,
       86, 103, 189, 12, 232, 9, 47, 246, 34, 213, 238, 187, 204, 67,
       125, 139, 18, 191, 177, 240, 4, 27, 112, 4, 166, 79, 178, 157, 18,
       186, 145, 197, 94, 227, 29, 13, 250, 3, 47, 254, 36, 196, 238,
       187, 135, 195, 126, 139, 82, 255, 185, 244, 138, 75, 49, 14, 164,
       94, 121, 249, 185, 100, 93, 93, 215, 127, 195, 236, 188, 12, 58,
       189, 86, 54, 140, 254, 212, 104, 205, 107, 240, 169, 251, 221, 5,
       59, 67, 62, 214, 255, 10, 189, 52, 137, 153, 221, 182, 231, 174,
       37, 74, 1, 172, 191, 34, 196, 224, 59, 219, 81, 86, 137, 83, 253,
       45, 21, 30, 67, 18, 4, 173, 78, 34, 189, 50, 136, 221, 215, 182,
       99, 142, 236, 248, 43, 12, 156, 102, 132, 236, 59, 147, 209, 214,
       187, 16, 220, 61, 20, 143, 235, 81, 12, 255, 215, 45, 116, 241,
