%YAML:1.0
---
descriptors: !!opencv-matrix
   rows: 21
   cols: 32
   dt: u
   data: [ 66, 32, 18, 137, 77, 77, 240, 64, 45, 32, 242, 11, 140, 158,
       64, 82, 232, 157, 207, 144, 2, 51, 209, 192, 149, 48, 138, 59, 81,
       12, 39, 130, 231, 207, 215, 147, 238, 184, 238, 206, 187, 211,
       185, 215, 237, 234, 244, 75, 107, 227, 127, 199, 247, 111, 206,
       243, 188, 26, 95, 168, 157, 255, 241, 148, 189, 223, 236, 250,
       174, 133, 79, 254, 215, 122, 156, 238, 19, 169, 243, 35, 111, 194,
       94, 94, 251, 107, 126, 179, 250, 201, 229, 252, 191, 249, 240,
       121, 45, 116, 248, 97, 180, 127, 105, 25, 87, 239, 63, 28, 211,
       61, 218, 40, 29, 156, 117, 56, 184, 244, 249, 2, 207, 223, 37,
       244, 238, 170, 214, 241, 40, 176, 122, 121, 117, 253, 113, 83,
       123, 25, 124, 24, 190, 155, 192, 60, 167, 58, 70, 28, 146, 254,
       178, 215, 207, 223, 48, 74, 194, 128, 194, 171, 120, 177, 56, 232,
       217, 221, 82, 89, 171, 77, 173, 9, 63, 223, 74, 176, 180, 155,
       221, 80, 31, 43, 178, 145, 251, 221, 0, 123, 114, 6, 174, 83, 89,
       57, 185, 100, 225, 110, 81, 19, 41, 232, 124, 76, 159, 55, 65,
       122, 164, 189, 93, 24, 153, 122, 241, 0, 211, 253, 32, 44, 234,
       224, 227, 115, 236, 113, 121, 101, 244, 78, 127, 48, 96, 236, 118,
       40, 215, 23, 131, 49, 150, 124, 69, 106, 232, 176, 241, 12, 231,
       249, 37, 4, 96, 177, 70, 115, 125, 97, 96, 68, 253, 91, 71, 168,
       97, 228, 188, 141, 75, 105, 159, 151, 26, 196, 204, 110, 204, 35,
       253, 172, 114, 249, 5, 53, 111, 191, 206, 84, 88, 179, 220, 241,
       170, 169, 60, 31, 171, 61, 49, 237, 143, 63, 72, 154, 167, 151,
       237, 144, 22, 72, 195, 209, 206, 215, 125, 255, 170, 194, 143, 19,
       134, 72, 18, 159, 93, 135, 186, 96, 158, 6, 81, 3, 236, 218, 33,
       68, 216, 59, 147, 67, 98, 158, 90, 255, 37, 54, 139, 11, 18, 31,
       61, 134, 118, 140, 244, 151, 244, 11, 238, 233, 127, 178, 178,
       227, 253, 106, 221, 83, 123, 199, 127, 163, 120, 99, 72, 235, 252,
       158, 207, 68, 165, 248, 97, 136, 231, 174, 213, 147, 252, 169,
       238, 235, 191, 147, 184, 242, 253, 234, 253, 103, 123, 227, 127,
       157, 242, 103, 206, 251, 252, 158, 79, 232, 149, 248, 99, 168, 25,
       223, 111, 252, 180, 134, 237, 119, 244, 76, 222, 230, 57, 171,
       178, 64, 110, 162, 14, 204, 249, 187, 36, 255, 242, 239, 190, 128,
       63, 136, 241, 121, 137, 92, 63, 119, 97, 140, 117, 55, 253, 74,
       118, 68, 190, 155, 1, 113, 132, 63, 86, 12, 225, 188, 48, 110,
       231, 251, 112, 128, 74, 128, 67, 187, 152, 28, 63, 254, 67, 236,
       53, 87, 189, 74, 102, 16, 62, 255, 33, 121, 164, 59, 209, 0, 33,
       173, 50, 239, 211, 243, 82, 11, 74, 80, 39, 251, 152, 249, 59, 96,
       241, 204, 119, 87, 169, 73, 126, 12, 191, 159, 64, 48, 164, 187,
       212, 80, 91, 185, 176, 38, 251, 221, 36, 66, 74, 16, 134, 59, 10,
       32, 54, 169, 77, 207, 185, 69, 172, 45, 211, 3, 140, 158, 52, 72,
       234, 157, 251, 129, 0, 187, 51, 208, 149, 241, 154, 3, 21, 10, 53,
       234, 37, 119, 113, 67, 244, 143, 239, 216, 119, 232, 125, 108, 81,
       85, 157, 52, 94, 72, 22, 126, 227, 176, 108, 126, 102, 30, 33,
       132, 79, 187, 66, 241, 153, 223, 111, 254, 46, 144, 93, 247, 213,
       72, 220, 230, 57, 239, 182, 97, 110, 179, 190, 204, 233, 175, 38,
       255, 242, 235, 250, 136, 63, 156, 240, 125, 187, 222, 111, 254,
       46, 148, 223, 246, 149, 74, 220, 231, 57, 239, 182, 101, 110, 250,
       191, 207, 235, 143, 54, 255, 242, 239, 250, 136, 63, 156, 120,
       121 ]
keypoints: !!opencv-matrix
   rows: 21
   cols: 2
   dt: d
   data: [ 287., 33., 37., 88., 124., 174., 34., 235., 359., 237., 129.,
       242., 220., 247., 360., 256., 68., 262., 166., 264.,
       2.4000001525878906e+02, 3.9600002288818359e+01, 42.,
       5.8800003051757812e+01, 3.8400001525878906e+01,
       8.0400001525878906e+01, 1.2360000610351562e+02, 186.,
       1.1400000762939453e+02, 2.4120001220703125e+02,
       1.1376000213623047e+02, 2.4048001098632812e+02,
       2.1888000488281250e+02, 2.4624000549316406e+02,
       2.2464001464843750e+02, 8.9856010437011719e+01,
       1.2960000610351562e+02, 2.4192002868652344e+02,
       1.2441601562500000e+02, 1.8662402343750000e+02,
       1.2541136169433594e+02, 1.8513105773925781e+02 ]
