%YAML:1.0
---
descriptors: !!opencv-matrix
   rows: 185
   cols: 32
   dt: u
   data: [ 49, 97, 123, 103, 116, 79, 111, 125, 97, 160, 127, 8, 115, 23,
       17, 48, 56, 252, 70, 106, 201, 176, 121, 12, 119, 173, 37, 4, 105,
       186, 66, 184, 168, 252, 158, 115, 245, 255, 116, 191, 63, 63, 126,
       25, 255, 125, 2, 17, 157, 86, 247, 24, 58, 248, 91, 63, 239, 255,
       117, 85, 194, 216, 206, 155, 2, 232, 28, 185, 25, 161, 176, 239,
       158, 23, 128, 19, 172, 170, 102, 64, 201, 59, 139, 129, 22, 13,
       82, 247, 173, 214, 154, 123, 144, 12, 165, 206, 18, 142, 29, 185,
       25, 193, 176, 175, 158, 23, 136, 17, 164, 174, 44, 64, 193, 51,
       107, 1, 50, 137, 67, 119, 169, 214, 30, 91, 16, 64, 165, 138, 61,
       81, 58, 103, 117, 15, 119, 112, 109, 236, 127, 77, 95, 25, 27, 16,
       188, 200, 86, 110, 200, 178, 113, 12, 247, 221, 32, 4, 106, 187,
       66, 211, 220, 174, 191, 250, 168, 233, 93, 223, 255, 31, 180, 56,
       175, 231, 200, 27, 163, 115, 204, 24, 58, 109, 170, 51, 248, 243,
       119, 121, 208, 209, 199, 233, 152, 140, 191, 255, 157, 103, 217,
       175, 222, 247, 130, 27, 255, 252, 16, 107, 145, 119, 121, 57, 176,
       237, 59, 189, 201, 251, 95, 85, 132, 104, 149, 106, 118, 166, 228,
       75, 173, 63, 71, 152, 83, 50, 181, 12, 195, 97, 221, 191, 89, 196,
       127, 126, 186, 102, 251, 145, 142, 218, 197, 124, 215, 255, 218,
       36, 163, 32, 230, 29, 93, 19, 168, 72, 94, 224, 82, 198, 96, 232,
       183, 172, 88, 108, 50, 253, 133, 246, 119, 157, 14, 30, 219, 38,
       95, 172, 120, 140, 219, 238, 199, 227, 180, 4, 108, 151, 59, 251,
       146, 246, 157, 7, 208, 239, 103, 199, 61, 157, 251, 220, 129, 224,
       188, 251, 254, 196, 174, 212, 161, 57, 6, 42, 142, 187, 108, 135,
       170, 72, 174, 61, 211, 199, 228, 194, 99, 91, 236, 173, 127, 214,
       10, 215, 203, 241, 148, 34, 235, 240, 13, 41, 49, 210, 253, 37,
       237, 247, 142, 38, 79, 191, 80, 250, 191, 218, 211, 53, 153, 59,
       93, 198, 125, 174, 248, 246, 253, 46, 239, 203, 229, 180, 37, 249,
       210, 224, 53, 117, 81, 71, 52, 31, 70, 248, 96, 232, 251, 108, 83,
       80, 157, 180, 60, 220, 84, 106, 205, 178, 125, 12, 48, 172, 37,
       20, 105, 187, 74, 133, 65, 132, 213, 245, 244, 42, 108, 191, 127,
       163, 122, 82, 243, 99, 144, 113, 123, 206, 46, 168, 120, 248, 197,
       223, 252, 190, 247, 68, 229, 232, 224, 168, 11, 217, 240, 24, 79,
       213, 180, 236, 207, 81, 244, 6, 44, 216, 118, 132, 234, 233, 178,
       201, 198, 42, 150, 241, 63, 88, 6, 107, 91, 30, 107, 142, 122,
       196, 192, 175, 77, 80, 94, 237, 27, 23, 233, 27, 72, 234, 78, 208,
       249, 207, 130, 131, 78, 38, 202, 211, 181, 245, 142, 63, 49, 126,
       254, 134, 32, 173, 185, 245, 164, 95, 101, 55, 117, 164, 126, 8,
       179, 49, 208, 39, 8, 126, 108, 8, 89, 248, 241, 8, 231, 217, 84,
       16, 98, 232, 212, 40, 252, 124, 220, 101, 168, 111, 95, 184, 50,
       250, 182, 25, 223, 55, 67, 27, 31, 212, 253, 106, 45, 100, 217,
       10, 207, 203, 101, 53, 234, 241, 78, 18, 143, 156, 174, 189, 125,
       149, 184, 107, 221, 194, 208, 199, 232, 232, 55, 227, 255, 105,
       186, 165, 229, 255, 86, 206, 62, 95, 207, 11, 95, 44, 121, 159,
       224, 85, 220, 229, 164, 78, 127, 53, 48, 226, 254, 128, 211, 55,
       3, 83, 94, 244, 125, 234, 104, 208, 209, 14, 231, 171, 229, 16,
       41, 242, 70, 123, 37, 107, 61, 97, 44, 31, 101, 158, 108, 232,
       126, 76, 147, 16, 147, 48, 8, 68, 110, 108, 205, 184, 97, 8, 164,
       249, 36, 20, 72, 185, 82, 121, 200, 188, 156, 253, 232, 236, 121,
       150, 179, 95, 38, 25, 183, 183, 66, 91, 165, 214, 125, 24, 58, 77,
       179, 51, 223, 251, 116, 121, 128, 192, 206, 123, 192, 156, 157,
       183, 136, 110, 181, 183, 190, 119, 66, 85, 244, 183, 72, 75, 133,
       87, 105, 17, 51, 220, 219, 99, 205, 178, 94, 66, 136, 112, 133,
       122, 116, 101, 237, 98, 136, 107, 86, 136, 67, 182, 173, 8, 67,
       249, 79, 59, 153, 212, 108, 114, 110, 99, 251, 48, 251, 203, 101,
       125, 224, 251, 198, 98, 146, 54, 174, 181, 42, 54, 57, 107, 182,
       190, 222, 183, 133, 175, 35, 75, 255, 141, 191, 164, 40, 221, 145,
       202, 222, 231, 251, 133, 164, 96, 37, 219, 139, 16, 174, 189, 93,
       149, 184, 107, 223, 202, 212, 87, 168, 248, 54, 227, 220, 41, 250,
       165, 165, 111, 87, 223, 31, 91, 219, 11, 94, 44, 121, 158, 138,
       152, 144, 249, 171, 229, 16, 223, 159, 27, 84, 116, 188, 151, 32,
       201, 199, 59, 191, 16, 18, 76, 82, 243, 205, 213, 122, 235, 154,
       8, 141, 187, 147, 31, 229, 149, 174, 50, 172, 191, 220, 250, 146,
       246, 201, 44, 149, 239, 231, 71, 252, 165, 229, 237, 101, 206, 40,
       122, 255, 150, 77, 252, 217, 93, 72, 143, 21, 189, 25, 128, 37,
       166, 174, 21, 202, 1, 236, 35, 32, 66, 193, 115, 107, 69, 82, 201,
       67, 125, 237, 166, 122, 80, 16, 64, 165, 10, 10, 251, 16, 154,
       123, 153, 178, 230, 159, 29, 88, 167, 172, 202, 38, 196, 207, 123,
       130, 65, 70, 10, 74, 245, 46, 84, 30, 43, 26, 28, 137, 159, 2,
       190, 225, 187, 178, 171, 187, 215, 30, 71, 88, 231, 172, 142, 162,
       4, 135, 59, 151, 21, 182, 156, 108, 255, 172, 22, 62, 226, 156,
       204, 133, 249, 219, 254, 133, 211, 164, 20, 108, 150, 59, 123,
       150, 86, 189, 35, 220, 239, 229, 199, 61, 156, 235, 92, 185, 225,
       191, 251, 254, 192, 142, 208, 249, 61, 46, 166, 232, 11, 252, 123,
       202, 200, 87, 253, 157, 139, 195, 204, 222, 140, 89, 136, 199, 63,
       158, 114, 111, 147, 78, 87, 161, 253, 247, 207, 94, 228, 149, 34,
       142, 187, 40, 171, 169, 72, 62, 180, 211, 151, 213, 195, 194, 72,
       124, 173, 127, 158, 2, 213, 203, 80, 212, 163, 235, 228, 136, 169,
       49, 144, 199, 30, 173, 151, 172, 54, 173, 154, 250, 255, 151, 118,
       208, 116, 223, 111, 69, 71, 124, 191, 177, 69, 255, 226, 13, 58,
       255, 214, 140, 113, 181, 117, 2, 205, 30, 190, 28, 161, 178, 230,
       142, 21, 200, 3, 164, 234, 34, 64, 201, 99, 107, 193, 6, 9, 66,
       125, 233, 54, 154, 91, 152, 25, 53, 10, 109, 98, 208, 71, 109, 31,
       231, 152, 75, 172, 181, 76, 218, 88, 223, 62, 156, 204, 102, 126,
       196, 118, 253, 128, 78, 217, 101, 60, 75, 187, 90, 133, 237, 99,
       220, 71, 104, 31, 70, 184, 105, 174, 181, 76, 218, 82, 207, 63,
       156, 196, 110, 110, 204, 114, 233, 40, 54, 217, 101, 52, 74, 187,
       74, 5, 186, 7, 70, 236, 180, 18, 110, 119, 5, 8, 222, 98, 65, 42,
       180, 229, 120, 134, 31, 236, 253, 155, 5, 140, 178, 234, 238, 193,
       63, 254, 248, 5, 34, 250, 242, 218, 77, 229, 177, 194, 218, 61,
       240, 11, 40, 216, 119, 8, 233, 187, 227, 131, 130, 123, 154, 241,
       85, 30, 219, 43, 213, 93, 118, 174, 42, 250, 178, 186, 237, 141,
       177, 198, 222, 151, 84, 58, 172, 217, 96, 140, 217, 123, 163, 17,
       66, 126, 218, 243, 77, 214, 95, 107, 210, 12, 159, 139, 125, 73,
       75, 69, 16, 10, 111, 48, 49, 160, 239, 200, 83, 71, 129, 116, 52,
       252, 92, 238, 73, 146, 137, 46, 242, 173, 33, 144, 99, 179, 74,
       32, 211, 41, 204, 189, 52, 162, 248, 3, 62, 245, 219, 151, 165,
       42, 22, 73, 230, 47, 63, 149, 30, 216, 195, 192, 132, 249, 234,
       192, 140, 69, 57, 83, 103, 56, 183, 148, 109, 124, 152, 10, 235,
       250, 147, 88, 204, 254, 69, 254, 231, 245, 254, 19, 133, 71, 250,
       192, 23, 122, 91, 58, 138, 117, 43, 85, 232, 21, 253, 229, 36,
       110, 127, 51, 48, 234, 127, 8, 243, 55, 2, 83, 22, 246, 125, 42,
       121, 248, 241, 12, 231, 235, 96, 144, 32, 232, 70, 123, 193, 134,
       221, 245, 118, 42, 104, 35, 126, 163, 122, 242, 247, 35, 128, 80,
       115, 174, 38, 136, 49, 252, 197, 79, 140, 174, 114, 196, 173, 160,
       65, 136, 121, 141, 192, 37, 150, 10, 103, 191, 116, 226, 238, 132,
       243, 33, 147, 212, 123, 206, 108, 44, 105, 184, 197, 14, 252, 231,
       37, 4, 109, 250, 250, 8, 253, 165, 237, 247, 140, 46, 77, 191, 96,
       178, 191, 90, 211, 113, 152, 59, 73, 198, 125, 174, 248, 240, 221,
       44, 239, 235, 245, 20, 173, 251, 210, 32, 117, 225, 236, 107, 140,
