%YAML:1.0
---
descriptors: !!opencv-matrix
   rows: 28
   cols: 32
   dt: u
   data: [ 82, 0, 82, 129, 69, 11, 232, 64, 45, 32, 243, 11, 142, 26, 64,
       80, 234, 129, 223, 229, 4, 179, 65, 192, 148, 16, 138, 147, 69,
       15, 115, 130, 38, 77, 34, 158, 85, 195, 178, 96, 222, 4, 89, 2,
       108, 200, 53, 164, 248, 57, 147, 67, 198, 178, 14, 255, 37, 22,
       139, 11, 85, 47, 53, 198, 17, 0, 89, 193, 102, 201, 232, 80, 173,
       81, 182, 130, 159, 15, 240, 104, 106, 129, 95, 157, 3, 59, 97,
       192, 214, 153, 186, 48, 117, 136, 113, 248, 59, 219, 99, 218, 118,
       145, 207, 246, 31, 76, 92, 230, 41, 207, 180, 228, 126, 186, 151,
       200, 203, 186, 102, 255, 54, 220, 170, 202, 55, 158, 244, 253,
       169, 168, 242, 81, 101, 189, 120, 83, 255, 31, 116, 88, 170, 155,
       148, 188, 143, 186, 70, 24, 178, 252, 226, 211, 15, 222, 16, 82,
       194, 136, 74, 173, 120, 177, 184, 234, 153, 221, 82, 217, 171, 69,
       172, 9, 63, 223, 74, 144, 166, 155, 221, 80, 30, 43, 186, 177,
       251, 221, 0, 123, 242, 2, 174, 91, 42, 48, 126, 168, 111, 223,
       249, 73, 47, 124, 244, 171, 140, 159, 6, 89, 238, 157, 255, 161,
       4, 51, 243, 208, 215, 113, 139, 171, 87, 12, 119, 211, 172, 113,
       120, 101, 116, 79, 127, 176, 96, 172, 118, 8, 215, 17, 129, 49,
       30, 220, 68, 122, 232, 244, 225, 12, 231, 249, 37, 68, 96, 179,
       70, 161, 129, 20, 121, 229, 116, 78, 111, 51, 120, 142, 126, 96,
       183, 55, 129, 112, 22, 28, 23, 40, 225, 184, 33, 78, 231, 191, 34,
       128, 0, 160, 69, 249, 122, 48, 118, 136, 125, 95, 248, 72, 111,
       44, 243, 11, 14, 158, 38, 212, 234, 157, 239, 225, 12, 51, 211,
       212, 149, 48, 139, 59, 87, 14, 127, 199, 215, 22, 199, 133, 162,
       34, 169, 26, 60, 251, 211, 246, 221, 38, 191, 111, 119, 69, 63,
       191, 165, 213, 165, 194, 148, 50, 250, 132, 140, 229, 33, 117, 6,
       73, 2, 158, 85, 215, 190, 96, 156, 0, 89, 3, 236, 222, 55, 196,
       216, 107, 147, 195, 70, 186, 10, 255, 55, 52, 138, 139, 23, 63,
       57, 142, 19, 159, 111, 254, 182, 134, 253, 119, 180, 72, 94, 230,
       57, 191, 176, 96, 110, 179, 31, 137, 249, 153, 36, 239, 242, 237,
       186, 128, 61, 136, 241, 121, 2, 141, 16, 189, 221, 167, 150, 239,
       22, 22, 88, 3, 228, 227, 40, 64, 217, 75, 51, 161, 114, 58, 75,
       255, 61, 6, 143, 110, 20, 122, 185, 138, 74, 185, 48, 250, 171,
       221, 16, 204, 175, 93, 165, 41, 174, 222, 110, 158, 235, 179, 235,
       80, 22, 75, 250, 241, 155, 209, 31, 123, 146, 7, 175, 95, 254,
       113, 106, 104, 13, 127, 91, 88, 65, 44, 189, 11, 11, 13, 55, 28,
       252, 148, 213, 103, 140, 39, 241, 144, 211, 217, 129, 191, 119,
       191, 126, 87, 34, 140, 16, 157, 93, 135, 178, 239, 30, 183, 200,
       19, 228, 226, 32, 68, 217, 107, 51, 164, 50, 250, 91, 223, 189,
       22, 159, 111, 16, 44, 57, 138, 34, 104, 246, 90, 77, 221, 240, 64,
       235, 81, 228, 24, 170, 217, 84, 58, 200, 170, 226, 24, 142, 111,
       242, 241, 23, 216, 144, 123, 83, 12, 78, 142, 152, 28, 63, 254, 3,
       236, 53, 119, 189, 67, 102, 16, 62, 255, 32, 121, 162, 59, 241, 0,
       51, 141, 50, 239, 211, 243, 82, 11, 138, 80, 167, 123, 165, 246,
       123, 75, 116, 207, 107, 216, 113, 73, 125, 108, 19, 85, 156, 52,
       31, 24, 22, 126, 163, 182, 108, 127, 111, 156, 33, 228, 91, 139,
       198, 241, 94, 249, 184, 250, 169, 221, 19, 204, 171, 93, 165, 41,
       174, 223, 110, 150, 131, 211, 239, 82, 30, 75, 250, 241, 155, 209,
       31, 127, 146, 7, 175, 95, 62, 95, 98, 104, 173, 87, 95, 92, 65,
       174, 180, 11, 11, 29, 55, 157, 252, 212, 213, 226, 232, 35, 113,
       170, 243, 221, 132, 159, 247, 255, 118, 114, 34, 168, 148, 152,
       93, 133, 152, 206, 158, 181, 160, 11, 172, 200, 96, 140, 201, 169,
       235, 17, 18, 107, 218, 213, 29, 22, 219, 127, 144, 12, 61, 142,
       90, 28, 191, 254, 131, 228, 53, 103, 185, 67, 228, 50, 126, 255,
       36, 121, 179, 251, 249, 130, 49, 207, 50, 234, 243, 247, 90, 11,
       138, 81, 167, 123, 37, 119, 113, 67, 244, 139, 239, 216, 127, 232,
       124, 108, 81, 69, 157, 52, 94, 88, 22, 126, 227, 176, 108, 126,
       44, 30, 37, 228, 79, 187, 194, 241, 254, 249, 56, 250, 57, 221,
       19, 204, 175, 125, 172, 9, 174, 223, 79, 50, 131, 219, 221, 82,
       78, 15, 250, 241, 251, 209, 15, 127, 210, 23, 15, 95, 153, 223,
       111, 254, 62, 208, 77, 247, 149, 72, 214, 230, 57, 207, 178, 97,
       110, 179, 63, 205, 233, 143, 38, 255, 242, 235, 254, 136, 63, 156,
       240, 121, 186, 223, 110, 222, 126, 145, 223, 247, 213, 76, 220,
       231, 57, 205, 182, 101, 110, 187, 151, 197, 239, 175, 38, 255,
       242, 111, 190, 137, 63, 156, 252, 221 ]
keypoints: !!opencv-matrix
   rows: 28
   cols: 2
   dt: d
   data: [ 243., 33., 190., 40., 183., 133., 88., 185., 295., 233., 84.,
       239., 156., 244., 295., 251., 296., 255., 331., 255., 118., 265.,
       1.8840000915527344e+02, 42., 7.9200004577636719e+01,
       1.8480000305175781e+02, 3.0360000610351562e+02,
       2.2920001220703125e+02, 1.7040000915527344e+02,
       2.4360000610351562e+02, 174., 2.5200001525878906e+02,
       3.0384002685546875e+02, 2.2896000671386719e+02,
       2.9520001220703125e+02, 2.3328001403808594e+02,
       6.9120002746582031e+01, 2.3760000610351562e+02,
       8.3520004272460938e+01, 2.3760000610351562e+02,
       1.7136000061035156e+02, 2.4192001342773438e+02,
       1.7424000549316406e+02, 2.5200001525878906e+02,
       3.0240002441406250e+02, 2.2982402038574219e+02,
       6.7392005920410156e+01, 2.3846401977539062e+02,
       8.4672004699707031e+01, 2.3846401977539062e+02,
       1.7107202148437500e+02, 2.4192002868652344e+02,
       8.0870414733886719e+01, 1.8455043029785156e+02,
       8.7091209411621094e+01, 1.8455043029785156e+02 ]
