%YAML:1.0
---
descriptors: !!opencv-matrix
   rows: 107
   cols: 32
   dt: u
   data: [ 83, 182, 233, 193, 230, 48, 233, 95, 43, 115, 30, 247, 29, 46,
       222, 42, 55, 159, 53, 157, 151, 92, 165, 194, 94, 77, 186, 228,
       173, 196, 179, 253, 19, 143, 71, 220, 146, 162, 60, 119, 140, 1,
       90, 198, 61, 167, 160, 64, 102, 179, 31, 132, 211, 153, 4, 253,
       184, 44, 186, 192, 61, 128, 161, 57, 185, 251, 75, 234, 118, 129,
       199, 244, 149, 72, 240, 238, 51, 201, 180, 32, 126, 168, 6, 110,
       203, 171, 44, 189, 114, 201, 167, 248, 125, 154, 114, 185, 51,
       203, 107, 202, 116, 147, 239, 113, 212, 64, 212, 230, 57, 204,
       182, 165, 124, 168, 22, 239, 239, 187, 36, 253, 50, 8, 170, 192,
       127, 143, 248, 252, 2, 188, 175, 156, 143, 224, 176, 103, 158, 87,
       80, 179, 172, 191, 102, 11, 163, 59, 243, 129, 54, 205, 18, 225,
       77, 18, 94, 139, 133, 76, 181, 219, 41, 142, 237, 101, 118, 26,
       235, 57, 86, 224, 119, 246, 83, 105, 144, 96, 127, 204, 54, 172,
       185, 248, 109, 158, 110, 239, 229, 132, 255, 170, 80, 161, 188,
       162, 249, 105, 244, 203, 115, 150, 118, 165, 126, 48, 19, 29, 136,
       112, 123, 222, 6, 24, 154, 188, 225, 58, 239, 237, 53, 69, 231,
       139, 230, 227, 225, 211, 111, 109, 160, 14, 111, 52, 96, 192, 114,
       228, 211, 102, 144, 119, 118, 228, 60, 239, 233, 144, 245, 13,
       164, 168, 226, 128, 45, 178, 114, 117, 2, 213, 191, 158, 122, 133,
       189, 231, 158, 91, 88, 119, 188, 254, 44, 98, 239, 59, 55, 129,
       227, 27, 146, 247, 117, 54, 250, 170, 24, 80, 161, 187, 218, 188,
       186, 240, 155, 245, 25, 215, 187, 117, 132, 25, 190, 191, 66, 186,
       167, 211, 253, 145, 63, 75, 178, 243, 251, 213, 158, 123, 138, 84,
       175, 123, 2, 4, 134, 155, 229, 252, 184, 7, 60, 19, 75, 17, 172,
       30, 2, 200, 227, 63, 170, 17, 22, 216, 83, 241, 5, 54, 26, 67,
       128, 77, 141, 142, 104, 148, 248, 109, 116, 238, 123, 31, 54, 79,
       126, 1, 247, 55, 10, 112, 91, 158, 127, 56, 42, 188, 113, 31, 231,
       239, 48, 69, 226, 194, 198, 123, 65, 157, 123, 75, 180, 238, 123,
       183, 108, 77, 126, 0, 211, 55, 150, 112, 54, 54, 30, 60, 145, 184,
       49, 124, 111, 189, 38, 192, 196, 194, 229, 121, 218, 156, 255,
       213, 229, 254, 249, 247, 127, 207, 94, 50, 61, 191, 182, 236, 239,
       255, 191, 128, 177, 252, 177, 235, 223, 255, 246, 131, 175, 196,
       253, 123, 155, 188, 251, 245, 231, 246, 233, 247, 63, 203, 94, 54,
       189, 191, 246, 237, 239, 175, 191, 137, 179, 220, 179, 211, 223,
       255, 250, 130, 175, 196, 37, 253, 86, 237, 16, 62, 25, 221, 22,
       232, 187, 60, 137, 9, 238, 210, 3, 148, 129, 187, 204, 67, 78, 11,
       90, 63, 177, 212, 9, 59, 16, 55, 15, 6, 35, 239, 104, 26, 124,
       145, 254, 206, 207, 85, 124, 175, 40, 136, 247, 4, 111, 235, 199,
       199, 230, 59, 46, 247, 54, 28, 154, 171, 85, 157, 127, 204, 137,
       187, 240, 253, 230, 191, 249, 127, 127, 239, 118, 247, 61, 175,
       214, 169, 127, 171, 183, 157, 179, 252, 231, 211, 222, 223, 119,
       192, 255, 204, 195, 249, 35, 166, 232, 25, 252, 185, 254, 79, 91,
       175, 124, 191, 0, 232, 254, 24, 219, 202, 194, 21, 182, 122, 198,
       211, 62, 31, 149, 239, 213, 204, 218, 197, 242, 69, 82, 160, 85,
       127, 246, 71, 45, 38, 251, 27, 11, 30, 38, 212, 232, 157, 207,
       163, 108, 167, 81, 202, 179, 220, 130, 59, 117, 93, 254, 134, 97,
       15, 221, 101, 52, 46, 111, 59, 116, 234, 254, 236, 243, 33, 144,
       112, 22, 230, 124, 44, 249, 184, 229, 14, 236, 175, 37, 144, 108,
       226, 210, 57, 82, 185, 191, 176, 43, 201, 49, 199, 171, 148, 168,
       41, 174, 222, 99, 82, 163, 51, 235, 17, 66, 75, 178, 209, 219,
       208, 95, 59, 0, 0, 39, 91, 67, 162, 174, 156, 13, 151, 168, 127,
       151, 189, 214, 215, 168, 168, 126, 198, 205, 135, 251, 133, 158,
       75, 199, 213, 30, 51, 222, 217, 31, 12, 184, 220, 43, 176, 164,
       31, 221, 191, 224, 47, 95, 121, 81, 92, 192, 56, 94, 174, 201, 14,
       122, 29, 151, 252, 215, 149, 15, 122, 210, 118, 218, 12, 216, 148,
       11, 219, 237, 223, 238, 212, 191, 181, 206, 93, 86, 166, 253, 111,
       190, 101, 7, 115, 191, 207, 195, 88, 127, 245, 110, 107, 254, 192,
       30, 150, 149, 249, 242, 33, 18, 137, 221, 201, 188, 103, 13, 36,
       251, 3, 140, 158, 38, 196, 232, 159, 206, 241, 94, 187, 209, 212,
       181, 48, 138, 123, 21, 14, 245, 198, 191, 255, 112, 122, 179, 215,
       159, 253, 23, 238, 116, 173, 106, 220, 190, 165, 159, 123, 149,
       119, 255, 238, 58, 191, 107, 223, 37, 255, 95, 140, 222, 247, 35,
       174, 192, 75, 244, 191, 238, 254, 91, 107, 120, 206, 32, 232, 214,
       180, 89, 202, 146, 31, 183, 186, 204, 247, 46, 28, 149, 234, 223,
       223, 218, 141, 164, 252, 252, 127, 248, 239, 255, 255, 63, 255,
       126, 17, 243, 247, 11, 81, 127, 254, 127, 26, 114, 252, 251, 127,
       239, 191, 119, 229, 240, 248, 206, 219, 3, 35, 239, 205, 118, 2,
       235, 56, 110, 225, 95, 230, 209, 102, 158, 100, 126, 236, 63, 237,
       137, 208, 109, 221, 12, 46, 235, 128, 45, 162, 113, 245, 25, 141,
       125, 69, 52, 203, 107, 186, 100, 108, 254, 34, 243, 117, 144, 96,
       122, 182, 30, 104, 137, 184, 109, 63, 239, 175, 161, 128, 101,
       138, 84, 97, 137, 207, 214, 255, 165, 154, 109, 167, 247, 23, 78,
       144, 235, 227, 162, 229, 67, 42, 170, 8, 118, 216, 39, 173, 174,
       251, 214, 1, 34, 220, 204, 204, 34, 229, 111, 152, 220, 193, 253,
       239, 158, 117, 216, 155, 32, 236, 126, 0, 235, 139, 179, 149, 118,
       123, 102, 215, 127, 6, 159, 237, 213, 28, 246, 218, 36, 167, 233,
       187, 220, 235, 169, 79, 26, 229, 89, 187, 1, 236, 126, 8, 251,
       139, 3, 21, 54, 122, 238, 18, 124, 6, 191, 109, 213, 76, 247, 210,
       233, 109, 61, 101, 164, 78, 111, 53, 104, 224, 110, 8, 243, 49,
       144, 51, 16, 102, 124, 110, 233, 240, 241, 44, 229, 251, 101, 16,
       72, 242, 194, 40, 144, 42, 223, 189, 26, 163, 57, 87, 54, 189,
       210, 243, 133, 167, 128, 88, 103, 253, 111, 144, 58, 220, 135,
       125, 220, 162, 123, 192, 161, 128, 37, 105, 186, 213, 82, 136,
       213, 223, 214, 231, 29, 36, 252, 27, 15, 158, 34, 213, 232, 219,
       206, 97, 124, 175, 80, 255, 185, 212, 150, 123, 115, 28, 254, 206,
       11, 153, 124, 127, 254, 215, 255, 185, 207, 92, 93, 167, 253, 253,
       182, 160, 158, 59, 151, 207, 215, 168, 46, 189, 103, 91, 41, 137,
       119, 142, 221, 253, 2, 153, 150, 155, 229, 252, 180, 135, 46, 21,
       75, 1, 172, 62, 14, 204, 227, 59, 170, 17, 22, 152, 91, 241, 37,
       52, 30, 67, 130, 95, 141, 134, 77, 59, 146, 255, 169, 189, 46,
       210, 173, 137, 95, 68, 156, 243, 225, 228, 230, 125, 254, 10, 145,
       153, 139, 224, 230, 253, 47, 130, 138, 243, 169, 161, 138, 220,
       51, 191, 203, 197, 191, 246, 158, 82, 64, 227, 188, 255, 33, 201,
       239, 123, 179, 193, 99, 31, 146, 247, 117, 163, 218, 170, 29, 89,
       53, 187, 171, 190, 232, 217, 246, 159, 253, 87, 127, 239, 118,
       246, 191, 173, 246, 236, 127, 171, 183, 157, 243, 252, 103, 215,
       94, 127, 191, 192, 255, 204, 249, 249, 218, 176, 144, 176, 139,
       244, 16, 135, 187, 87, 4, 25, 140, 190, 74, 219, 133, 31, 249, 17,
       62, 76, 146, 128, 155, 211, 222, 127, 130, 68, 143, 91, 72, 178,
       152, 241, 224, 236, 113, 23, 59, 255, 117, 61, 156, 183, 74, 25,
       135, 31, 181, 16, 55, 88, 178, 64, 207, 219, 116, 233, 128, 192,
       143, 83, 75, 249, 237, 87, 34, 220, 191, 148, 238, 196, 86, 230,
       253, 223, 211, 98, 38, 119, 123, 223, 195, 216, 191, 97, 110, 45,
       238, 128, 6, 147, 17, 121, 75, 217, 237, 95, 42, 212, 191, 148,
       238, 85, 86, 166, 249, 223, 147, 226, 38, 115, 255, 207, 195, 8,
       255, 241, 102, 41, 238, 136, 54, 182, 29, 121, 90, 181, 58, 186,
       155, 205, 17, 65, 171, 21, 173, 25, 46, 223, 106, 16, 162, 187,
       205, 17, 30, 11, 26, 215, 219, 213, 26, 123, 48, 6, 175, 83, 41,
       151, 42, 8, 217, 215, 167, 127, 196, 108, 252, 102, 50, 180, 182,
