%YAML:1.0
---
descriptors: !!opencv-matrix
   rows: 181
   cols: 32
   dt: u
   data: [ 175, 44, 232, 85, 229, 125, 253, 194, 127, 246, 244, 27, 138,
       184, 215, 43, 235, 234, 87, 15, 166, 118, 246, 226, 23, 89, 83,
       35, 199, 253, 86, 206, 90, 249, 182, 254, 11, 208, 48, 199, 175,
       21, 228, 163, 44, 223, 102, 222, 226, 243, 251, 209, 2, 75, 146,
       241, 211, 241, 94, 11, 146, 20, 175, 250, 10, 129, 34, 139, 117,
       213, 186, 109, 31, 13, 92, 3, 172, 222, 46, 196, 220, 59, 147,
       209, 86, 152, 112, 255, 47, 84, 138, 235, 22, 14, 181, 223, 160,
       156, 145, 223, 221, 237, 180, 239, 94, 19, 72, 16, 180, 242, 40,
       97, 217, 42, 34, 0, 115, 124, 91, 191, 173, 150, 30, 107, 144, 88,
       213, 170, 249, 90, 78, 254, 46, 1, 79, 248, 212, 10, 212, 230,
       115, 233, 177, 97, 126, 224, 46, 238, 233, 167, 14, 189, 242, 235,
       225, 152, 61, 187, 112, 57, 253, 153, 111, 196, 100, 86, 79, 240,
       241, 206, 247, 18, 81, 247, 190, 115, 120, 244, 53, 234, 249, 183,
       188, 140, 83, 233, 227, 196, 39, 163, 244, 113, 52, 196, 126, 231,
       228, 67, 127, 253, 52, 6, 247, 3, 115, 125, 58, 81, 254, 221, 55,
       226, 120, 178, 73, 189, 243, 239, 231, 65, 53, 171, 244, 235, 62,
       85, 234, 163, 245, 63, 254, 220, 81, 133, 253, 11, 107, 124, 127,
       80, 255, 219, 151, 167, 222, 179, 201, 140, 179, 253, 130, 227,
       231, 254, 122, 223, 203, 58, 251, 225, 98, 168, 185, 87, 168, 73,
       54, 246, 157, 151, 192, 122, 38, 61, 95, 140, 145, 29, 164, 192,
       214, 233, 58, 170, 44, 128, 163, 249, 169, 223, 123, 73, 116, 147,
       239, 245, 77, 72, 124, 230, 57, 29, 180, 164, 126, 170, 22, 236,
       243, 186, 52, 255, 102, 221, 166, 192, 127, 154, 224, 185, 17, 18,
       105, 233, 110, 169, 233, 87, 100, 73, 246, 246, 145, 15, 176, 96,
       110, 136, 94, 140, 155, 190, 101, 193, 212, 169, 178, 128, 61,
       136, 240, 249, 60, 217, 121, 78, 12, 92, 215, 248, 68, 88, 245,
       34, 123, 93, 173, 96, 88, 216, 151, 106, 75, 35, 123, 61, 115,
       169, 33, 29, 115, 171, 100, 59, 11, 89, 32, 138, 105, 181, 186,
       206, 143, 92, 220, 167, 172, 222, 103, 198, 206, 43, 219, 215,
       134, 3, 82, 241, 22, 80, 138, 251, 30, 31, 41, 223, 136, 16, 158,
       251, 33, 236, 49, 3, 190, 31, 39, 17, 143, 215, 42, 75, 227, 27,
       239, 16, 18, 196, 83, 208, 199, 241, 122, 67, 144, 64, 133, 242,
       129, 89, 63, 153, 236, 204, 249, 151, 238, 89, 86, 84, 188, 157,
       241, 104, 166, 43, 55, 93, 199, 156, 51, 243, 71, 56, 34, 192, 28,
       144, 65, 249, 73, 39, 87, 101, 52, 10, 108, 55, 117, 168, 122, 64,
       223, 35, 145, 16, 18, 132, 108, 44, 40, 184, 65, 14, 230, 255, 33,
       4, 106, 168, 66, 40, 9, 2, 197, 81, 100, 186, 232, 19, 127, 113,
       118, 86, 153, 8, 150, 237, 106, 44, 54, 28, 151, 248, 101, 209, 6,
       122, 242, 192, 239, 140, 89, 172, 169, 21, 121, 69, 52, 78, 105,
       51, 117, 194, 118, 70, 179, 5, 149, 53, 126, 188, 22, 168, 233,
       180, 117, 14, 71, 232, 32, 0, 111, 168, 66, 248, 170, 218, 60,
       216, 111, 213, 191, 252, 143, 86, 148, 255, 60, 223, 47, 35, 239,
       145, 147, 227, 227, 39, 58, 245, 115, 89, 203, 191, 31, 60, 181,
       251, 60, 93, 118, 254, 213, 246, 86, 240, 149, 132, 233, 3, 75,
       255, 35, 209, 250, 249, 135, 98, 108, 179, 24, 142, 243, 239, 97,
       1, 115, 254, 126, 194, 61, 134, 204, 170, 188, 35, 78, 216, 23,
       123, 153, 207, 83, 99, 187, 201, 95, 202, 31, 238, 170, 3, 79,
       191, 242, 207, 229, 188, 189, 255, 120, 17, 139, 186, 59, 251, 67,
       181, 185, 215, 255, 93, 84, 84, 188, 223, 98, 104, 167, 59, 147,
       16, 147, 92, 50, 241, 199, 217, 26, 106, 154, 0, 161, 251, 89,
       241, 187, 100, 50, 76, 23, 53, 43, 193, 236, 44, 159, 183, 64, 50,
       182, 253, 125, 64, 89, 91, 176, 65, 243, 249, 38, 42, 72, 98, 167,
       115, 34, 249, 112, 203, 117, 221, 178, 204, 79, 13, 124, 3, 40,
       220, 54, 132, 216, 57, 147, 81, 214, 58, 112, 245, 47, 28, 10,
       107, 87, 14, 221, 223, 183, 205, 192, 190, 148, 32, 206, 174, 25,
       6, 201, 147, 101, 107, 57, 75, 123, 227, 17, 239, 124, 71, 14,
       235, 248, 46, 207, 24, 181, 251, 240, 8, 3, 26, 239, 255, 34, 210,
       57, 23, 61, 77, 86, 246, 189, 143, 178, 104, 102, 189, 63, 141,
       131, 220, 37, 225, 198, 251, 250, 128, 166, 128, 37, 121, 82, 185,
       146, 152, 27, 193, 16, 204, 175, 17, 160, 41, 174, 210, 96, 158,
       235, 191, 234, 145, 26, 75, 154, 241, 153, 180, 27, 123, 144, 2,
       39, 6, 145, 27, 123, 225, 102, 168, 233, 87, 236, 73, 242, 246,
       157, 3, 176, 106, 110, 163, 94, 140, 145, 157, 100, 224, 212, 137,
       186, 192, 45, 128, 225, 249, 90, 185, 182, 250, 11, 208, 24, 65,
       175, 21, 132, 163, 44, 223, 98, 214, 238, 179, 239, 209, 78, 11,
       138, 241, 219, 241, 154, 187, 18, 4, 47, 26, 33, 132, 114, 73,
       244, 171, 235, 115, 117, 33, 127, 74, 19, 17, 148, 52, 122, 158,
       6, 8, 153, 186, 101, 198, 86, 188, 48, 64, 111, 138, 226, 160,
       171, 44, 234, 85, 109, 125, 240, 194, 251, 255, 240, 26, 170, 184,
       87, 59, 235, 254, 119, 1, 164, 126, 246, 224, 87, 91, 82, 43, 199,
       253, 86, 238, 249, 90, 78, 236, 46, 3, 79, 252, 196, 130, 244,
       198, 115, 233, 177, 99, 126, 228, 62, 238, 233, 167, 6, 173, 242,
       235, 227, 152, 61, 187, 112, 57, 114, 180, 249, 228, 79, 103, 150,
       127, 67, 234, 184, 111, 24, 188, 84, 34, 237, 255, 247, 163, 189,
       123, 209, 138, 119, 13, 229, 186, 93, 110, 214, 155, 135, 113,
       159, 248, 236, 133, 253, 217, 158, 88, 80, 102, 156, 207, 249, 72,
       223, 73, 55, 127, 195, 99, 26, 209, 236, 153, 47, 236, 156, 186,
       177, 177, 56, 28, 122, 127, 84, 252, 243, 112, 80, 68, 125, 2, 51,
       253, 55, 97, 216, 56, 19, 107, 136, 186, 252, 191, 71, 237, 2, 41,
       117, 171, 116, 250, 206, 113, 54, 132, 77, 84, 180, 96, 169, 148,
       129, 9, 140, 222, 103, 143, 232, 117, 251, 99, 68, 99, 146, 192,
       147, 80, 75, 59, 2, 63, 47, 198, 3, 90, 110, 156, 40, 180, 238,
       82, 140, 206, 216, 199, 33, 206, 183, 74, 238, 97, 31, 206, 205,
       135, 54, 232, 82, 58, 234, 136, 29, 253, 56, 221, 129, 26, 127,
       251, 36, 168, 105, 23, 236, 89, 114, 244, 181, 135, 240, 105, 70,
       42, 62, 156, 147, 188, 103, 97, 196, 184, 114, 192, 28, 128, 225,
       249, 60, 201, 126, 231, 36, 66, 127, 249, 100, 172, 255, 3, 83,
       125, 56, 64, 126, 221, 63, 235, 200, 178, 73, 173, 247, 235, 231,
       133, 37, 186, 244, 211, 129, 154, 59, 251, 36, 237, 185, 87, 254,
       89, 82, 84, 189, 223, 48, 105, 230, 43, 55, 28, 147, 188, 34, 113,
       197, 184, 122, 192, 152, 128, 161, 249, 62, 94, 224, 239, 37, 54,
       94, 222, 23, 142, 125, 167, 107, 205, 63, 132, 221, 250, 149, 130,
       206, 180, 233, 171, 99, 255, 133, 131, 119, 255, 124, 223, 47,
       212, 160, 138, 125, 125, 150, 236, 203, 106, 157, 111, 108, 220,
       127, 164, 221, 193, 223, 103, 199, 35, 88, 251, 51, 84, 139, 191,
       31, 127, 27, 223, 237, 92, 245, 101, 44, 79, 71, 152, 64, 234,
       182, 76, 211, 55, 129, 191, 92, 212, 124, 106, 233, 244, 113, 8,
       225, 203, 101, 20, 107, 249, 64, 48, 106, 198, 32, 138, 121, 149,
       158, 238, 143, 7, 157, 143, 172, 206, 62, 212, 223, 145, 223, 167,
       70, 3, 104, 255, 179, 84, 154, 191, 22, 86, 175, 223, 189, 79,
       231, 93, 246, 27, 239, 250, 119, 226, 242, 226, 211, 104, 149,
       229, 127, 236, 126, 238, 185, 248, 109, 254, 62, 238, 231, 196,
       231, 249, 112, 229, 59, 2, 231, 157, 76, 139, 233, 83, 22, 117,
       82, 215, 145, 12, 150, 73, 108, 140, 51, 157, 158, 252, 117, 149,
       68, 42, 250, 192, 61, 140, 112, 220, 36, 177, 181, 250, 205, 237,
       144, 207, 207, 49, 161, 24, 142, 216, 76, 11, 137, 27, 234, 17,
       19, 107, 218, 241, 141, 18, 85, 127, 208, 9, 215, 130, 9, 155, 62,
       121, 52, 158, 121, 55, 253, 73, 126, 100, 191, 58, 182, 100, 134,
       38, 126, 28, 149, 184, 49, 223, 206, 255, 50, 192, 202, 128, 73,
