%YAML:1.0
---
descriptors: !!opencv-matrix
   rows: 162
   cols: 32
   dt: u
   data: [ 3, 188, 51, 155, 114, 245, 58, 210, 62, 65, 72, 133, 188, 214,
       34, 240, 183, 59, 19, 149, 151, 152, 62, 247, 141, 52, 26, 74,
       156, 199, 43, 220, 20, 178, 249, 225, 82, 227, 179, 216, 22, 189,
       29, 170, 21, 149, 201, 40, 63, 24, 199, 152, 130, 112, 105, 81,
       221, 133, 57, 245, 245, 139, 7, 227, 2, 28, 80, 137, 86, 235, 176,
       102, 30, 33, 88, 187, 175, 56, 164, 132, 63, 57, 130, 1, 54, 188,
       85, 223, 28, 6, 16, 99, 117, 140, 9, 141, 57, 201, 91, 74, 17,
       222, 79, 164, 101, 0, 110, 0, 51, 67, 180, 244, 112, 168, 4, 106,
       75, 184, 52, 61, 227, 253, 0, 0, 114, 146, 98, 44, 120, 149, 189,
       102, 187, 110, 17, 57, 171, 109, 175, 169, 94, 119, 140, 114, 151,
       214, 237, 32, 25, 137, 249, 13, 251, 247, 97, 214, 226, 42, 134,
       115, 60, 121, 177, 64, 77, 93, 215, 220, 195, 252, 188, 40, 58,
       157, 71, 182, 200, 252, 210, 83, 201, 107, 250, 184, 59, 217, 69,
       59, 67, 62, 94, 255, 168, 205, 123, 111, 116, 203, 107, 240, 84,
       64, 124, 8, 51, 69, 177, 48, 26, 232, 2, 106, 97, 190, 40, 63,
       103, 141, 32, 32, 119, 155, 70, 232, 16, 99, 106, 233, 42, 129,
       121, 80, 36, 37, 231, 131, 141, 135, 64, 88, 110, 153, 75, 196,
       10, 153, 193, 80, 213, 161, 154, 1, 32, 131, 37, 106, 112, 189,
       115, 74, 117, 253, 194, 230, 107, 9, 184, 72, 58, 92, 164, 180,
       216, 178, 198, 104, 3, 43, 112, 255, 51, 156, 0, 122, 83, 10, 102,
       45, 98, 48, 70, 8, 105, 239, 248, 74, 171, 236, 176, 169, 142,
       158, 70, 159, 174, 189, 255, 225, 14, 35, 210, 80, 149, 80, 27,
       191, 67, 5, 111, 214, 1, 79, 125, 69, 116, 14, 109, 55, 124, 200,
       118, 100, 179, 23, 145, 116, 38, 44, 86, 44, 225, 184, 101, 78,
       102, 191, 50, 128, 72, 144, 67, 185, 189, 80, 106, 193, 244, 118,
       239, 88, 84, 236, 93, 6, 81, 29, 191, 96, 126, 156, 23, 250, 201,
       178, 60, 138, 119, 141, 163, 132, 39, 251, 116, 241, 26, 93, 87,
       254, 35, 208, 180, 103, 173, 2, 90, 163, 44, 255, 37, 198, 162,
       179, 191, 129, 64, 139, 2, 237, 179, 231, 90, 139, 39, 84, 173,
       187, 10, 189, 17, 155, 249, 253, 161, 239, 174, 29, 104, 28, 172,
       242, 104, 148, 129, 11, 226, 20, 19, 26, 90, 247, 44, 20, 30, 106,
       154, 68, 139, 189, 196, 253, 159, 255, 233, 237, 55, 228, 174, 58,
       169, 24, 244, 247, 105, 83, 225, 123, 106, 66, 98, 71, 154, 113,
       253, 145, 79, 127, 16, 123, 135, 162, 9, 22, 241, 101, 96, 62,
       108, 51, 113, 202, 126, 228, 249, 59, 145, 255, 55, 254, 54, 174,
       229, 148, 229, 202, 70, 255, 116, 128, 47, 244, 106, 189, 45, 49,
       225, 65, 244, 95, 235, 25, 87, 233, 255, 106, 211, 85, 221, 44,
       94, 156, 54, 122, 153, 178, 125, 136, 13, 206, 165, 196, 231, 170,
       210, 245, 11, 157, 50, 235, 243, 149, 190, 247, 15, 73, 92, 231,
       188, 223, 166, 100, 255, 59, 151, 84, 214, 184, 42, 255, 239, 221,
       62, 234, 22, 142, 165, 255, 61, 203, 122, 14, 118, 159, 199, 252,
       85, 204, 244, 110, 115, 201, 183, 196, 124, 232, 6, 110, 205, 179,
       45, 62, 114, 205, 37, 144, 127, 191, 114, 201, 67, 50, 211, 1,
       114, 190, 168, 23, 123, 105, 122, 244, 140, 158, 214, 252, 151,
       29, 212, 21, 151, 152, 164, 194, 140, 124, 58, 226, 140, 196, 139,
       213, 33, 143, 109, 101, 180, 11, 111, 63, 116, 234, 126, 236, 243,
       33, 144, 48, 31, 230, 108, 44, 233, 248, 101, 14, 236, 174, 37,
       148, 109, 250, 194, 41, 120, 189, 56, 106, 113, 221, 83, 86, 35,
       13, 188, 8, 63, 159, 98, 16, 188, 155, 213, 120, 26, 43, 176, 55,
       251, 221, 32, 121, 114, 138, 110, 251, 137, 94, 63, 117, 112, 142,
       125, 54, 252, 202, 118, 68, 183, 17, 129, 113, 132, 54, 86, 12,
       225, 188, 49, 110, 103, 251, 112, 0, 74, 144, 67, 187, 105, 22,
       115, 197, 100, 126, 109, 51, 121, 202, 126, 102, 59, 59, 148, 245,
       127, 252, 54, 174, 201, 176, 117, 200, 6, 254, 240, 128, 111, 224,
       98, 189, 2, 153, 54, 155, 153, 205, 182, 231, 174, 5, 202, 1, 172,
       254, 38, 64, 192, 51, 155, 67, 86, 137, 91, 253, 47, 48, 14, 91,
       16, 14, 165, 222, 163, 237, 115, 75, 116, 199, 175, 245, 93, 8,
       124, 34, 56, 213, 188, 37, 94, 56, 19, 106, 227, 184, 40, 255, 37,
       28, 4, 64, 87, 154, 225, 173, 161, 205, 113, 73, 213, 223, 231,
       101, 85, 40, 112, 98, 50, 25, 180, 164, 88, 186, 18, 104, 251,
       184, 117, 191, 45, 24, 4, 66, 83, 10, 210, 172, 6, 189, 48, 155,
       221, 221, 178, 227, 143, 5, 88, 1, 172, 222, 38, 0, 200, 59, 131,
       81, 22, 152, 90, 253, 47, 20, 14, 99, 144, 15, 141, 198, 61, 95,
       98, 46, 117, 159, 91, 112, 69, 76, 125, 207, 107, 77, 51, 148,
       220, 168, 135, 110, 205, 178, 60, 189, 242, 221, 33, 168, 127,
       191, 122, 213, 37, 255, 73, 9, 220, 111, 198, 249, 70, 250, 24,
       79, 82, 248, 255, 32, 25, 74, 22, 127, 247, 34, 94, 30, 108, 13,
       37, 252, 221, 250, 218, 145, 247, 183, 131, 12, 139, 6, 6, 187,
       178, 194, 200, 229, 112, 246, 65, 214, 213, 214, 248, 166, 237,
       67, 211, 10, 184, 38, 207, 158, 168, 116, 58, 29, 70, 235, 161,
       203, 221, 148, 234, 236, 7, 17, 208, 66, 168, 235, 124, 196, 120,
       203, 179, 217, 210, 26, 203, 241, 61, 60, 158, 238, 23, 14, 244,
       172, 63, 55, 238, 37, 230, 63, 238, 90, 85, 234, 122, 231, 91, 40,
       151, 152, 126, 206, 23, 175, 141, 242, 85, 136, 54, 79, 229, 128,
       239, 255, 122, 213, 105, 241, 185, 68, 125, 93, 215, 125, 75, 232,
       188, 12, 254, 125, 222, 182, 158, 84, 212, 104, 205, 106, 248,
       141, 123, 221, 5, 62, 66, 174, 202, 255, 2, 244, 156, 177, 174,
       175, 188, 183, 142, 123, 26, 213, 148, 63, 74, 10, 135, 19, 123,
       5, 211, 73, 27, 85, 236, 22, 127, 246, 140, 88, 145, 219, 189, 53,
       225, 65, 124, 127, 234, 216, 71, 232, 253, 110, 83, 216, 245, 164,
       126, 204, 86, 255, 143, 178, 253, 154, 62, 76, 161, 188, 255, 171,
       88, 181, 52, 85, 19, 238, 125, 71, 71, 248, 149, 168, 249, 76, 86,
       245, 41, 20, 216, 220, 23, 98, 73, 179, 56, 172, 177, 254, 165,
       150, 80, 123, 116, 243, 19, 223, 103, 252, 22, 130, 111, 246, 133,
       74, 222, 230, 121, 238, 180, 96, 124, 253, 23, 239, 233, 155, 36,
       239, 242, 110, 174, 128, 61, 178, 32, 121, 40, 180, 17, 251, 221,
       237, 81, 43, 87, 121, 125, 16, 190, 53, 8, 228, 201, 26, 162, 0,
       27, 58, 121, 181, 205, 215, 18, 114, 146, 10, 212, 178, 42, 233,
       18, 138, 85, 213, 190, 231, 15, 4, 88, 3, 172, 220, 54, 196, 216,
       59, 147, 65, 70, 58, 80, 255, 173, 84, 142, 107, 23, 30, 189, 206,
       114, 80, 255, 228, 119, 78, 217, 120, 123, 225, 242, 42, 94, 29,
       20, 48, 254, 157, 119, 161, 137, 247, 241, 204, 219, 251, 217,
       182, 101, 40, 102, 187, 19, 157, 123, 221, 87, 214, 255, 103, 125,
       69, 94, 130, 61, 158, 54, 100, 126, 187, 23, 141, 241, 152, 52,
       239, 245, 127, 154, 128, 37, 132, 181, 252, 3, 232, 130, 153, 83,
       133, 184, 199, 62, 83, 96, 21, 189, 150, 119, 172, 239, 43, 19,
       157, 7, 30, 18, 243, 5, 28, 26, 104, 153, 20, 171, 220, 11, 141,
       98, 250, 245, 213, 252, 231, 133, 77, 220, 131, 41, 223, 54, 228,
       238, 187, 147, 141, 214, 139, 50, 247, 127, 125, 154, 203, 55,
       132, 252, 222, 34, 143, 115, 186, 253, 193, 240, 103, 223, 13,
       120, 19, 46, 216, 36, 196, 200, 187, 135, 17, 94, 171, 66, 183,
       191, 244, 154, 75, 83, 12, 244, 207, 34, 189, 17, 154, 221, 197,
       161, 239, 158, 5, 120, 27, 172, 222, 100, 132, 201, 59, 131, 17,
       82, 58, 82, 247, 61, 20, 158, 106, 209, 12, 165, 138, 98, 97, 6,
       137, 105, 93, 184, 76, 173, 36, 176, 9, 142, 158, 71, 159, 238,
       157, 255, 193, 12, 3, 211, 208, 149, 16, 26, 187, 67, 21, 175,
       222, 114, 33, 114, 168, 205, 95, 92, 77, 105, 100, 137, 11, 14,
       30, 22, 212, 226, 133, 223, 231, 220, 3, 209, 208, 179, 240, 138,
       63, 54, 30, 174, 70, 183, 211, 102, 143, 60, 22, 200, 121, 68,
