%YAML:1.0
---
descriptors: !!opencv-matrix
   rows: 30
   cols: 32
   dt: u
   data: [ 82, 32, 19, 137, 77, 67, 248, 64, 45, 36, 242, 11, 140, 142,
       33, 80, 234, 157, 207, 224, 8, 179, 193, 200, 149, 240, 138, 59,
       81, 11, 39, 226, 134, 72, 2, 159, 85, 135, 170, 96, 158, 4, 81, 2,
       236, 220, 49, 196, 216, 59, 147, 195, 98, 186, 26, 255, 37, 54,
       139, 139, 21, 31, 53, 142, 1, 130, 89, 209, 230, 136, 233, 83,
       237, 81, 182, 246, 159, 11, 240, 107, 110, 131, 78, 156, 147, 43,
       100, 193, 212, 153, 186, 200, 253, 136, 161, 176, 37, 207, 2, 158,
       222, 129, 142, 236, 22, 1, 88, 66, 112, 233, 57, 64, 89, 106, 18,
       203, 98, 178, 75, 191, 44, 6, 143, 40, 53, 122, 184, 136, 168,
       184, 114, 121, 117, 189, 113, 87, 123, 25, 116, 24, 190, 155, 196,
       60, 141, 186, 70, 28, 147, 252, 162, 215, 207, 223, 16, 106, 202,
       136, 194, 169, 137, 94, 127, 101, 112, 142, 121, 54, 124, 200,
       118, 68, 183, 17, 145, 113, 6, 62, 86, 12, 225, 188, 97, 46, 199,
       191, 48, 128, 72, 144, 66, 169, 90, 185, 187, 248, 155, 224, 17,
       71, 171, 81, 172, 56, 190, 151, 96, 122, 163, 187, 253, 144, 27,
       75, 178, 241, 219, 213, 30, 123, 146, 64, 167, 59, 126, 235, 170,
       186, 143, 145, 154, 196, 139, 29, 148, 175, 174, 200, 126, 10,
       237, 227, 255, 215, 94, 107, 138, 241, 218, 81, 223, 255, 159, 31,
       191, 199, 236, 125, 120, 101, 244, 79, 127, 48, 96, 172, 118, 8,
       215, 23, 131, 49, 30, 220, 85, 122, 232, 240, 241, 12, 231, 249,
       37, 4, 96, 177, 70, 97, 129, 20, 123, 229, 116, 78, 105, 51, 120,
       206, 118, 112, 157, 55, 144, 112, 150, 28, 23, 40, 225, 188, 49,
       78, 103, 191, 50, 128, 4, 160, 101, 249, 124, 69, 96, 70, 213, 90,
       70, 56, 97, 228, 255, 141, 75, 109, 159, 180, 58, 196, 196, 110,
       204, 178, 253, 140, 242, 253, 5, 21, 103, 191, 94, 86, 62, 81, 96,
       198, 77, 91, 214, 252, 65, 228, 181, 143, 75, 92, 31, 166, 88,
       212, 215, 231, 204, 35, 125, 136, 115, 89, 133, 191, 119, 191, 94,
       86, 83, 182, 149, 177, 162, 40, 60, 7, 59, 251, 155, 253, 207, 38,
       200, 91, 167, 135, 108, 149, 183, 89, 133, 64, 156, 246, 127, 230,
       140, 64, 163, 85, 166, 109, 34, 159, 85, 203, 178, 104, 94, 0, 81,
       3, 232, 200, 53, 192, 216, 41, 131, 67, 198, 182, 90, 255, 37, 22,
       11, 43, 85, 47, 57, 130, 169, 219, 109, 254, 252, 149, 79, 255,
       215, 200, 188, 238, 187, 236, 242, 99, 78, 234, 126, 204, 255,
       107, 238, 191, 250, 203, 245, 248, 61, 184, 208, 121, 161, 160,
       114, 89, 117, 189, 248, 83, 255, 17, 244, 24, 186, 155, 84, 60,
       207, 170, 70, 24, 151, 254, 242, 209, 79, 216, 16, 90, 194, 136,
       66, 172, 168, 125, 127, 101, 160, 79, 125, 55, 96, 174, 118, 8,
       151, 21, 129, 49, 134, 212, 85, 104, 232, 188, 113, 12, 231, 251,
       100, 4, 64, 176, 70, 107, 61, 21, 96, 69, 149, 94, 87, 248, 97,
       236, 254, 175, 75, 125, 159, 180, 60, 212, 213, 226, 236, 178,
       117, 142, 115, 253, 133, 151, 103, 254, 126, 119, 87, 65, 82, 131,
       118, 8, 234, 64, 45, 0, 251, 194, 156, 14, 9, 112, 238, 145, 95,
       226, 1, 179, 65, 192, 180, 176, 138, 128, 13, 11, 33, 128, 34,
       172, 0, 153, 221, 135, 166, 239, 22, 50, 72, 2, 224, 224, 120, 64,
       217, 74, 35, 161, 118, 122, 91, 159, 61, 6, 159, 108, 16, 104,
       176, 136, 33, 40, 114, 88, 77, 189, 248, 82, 255, 81, 229, 24,
       170, 217, 116, 60, 200, 168, 82, 24, 143, 119, 242, 209, 23, 216,
       80, 106, 211, 140, 66, 134, 152, 28, 63, 254, 33, 236, 117, 119,
       253, 74, 102, 20, 190, 255, 33, 121, 164, 59, 221, 0, 113, 189,
       50, 238, 243, 251, 82, 2, 74, 64, 39, 59, 165, 247, 121, 75, 116,
       143, 107, 216, 115, 77, 125, 76, 19, 85, 153, 48, 30, 24, 22, 126,
       163, 178, 104, 95, 111, 141, 33, 228, 219, 139, 66, 241, 90, 249,
       19, 250, 27, 193, 19, 204, 171, 81, 164, 40, 174, 223, 104, 240,
       227, 251, 221, 208, 91, 11, 186, 241, 251, 213, 30, 123, 18, 22,
       167, 58, 192, 125, 63, 101, 32, 78, 117, 55, 40, 170, 114, 72,
       151, 23, 1, 19, 132, 53, 77, 8, 97, 252, 209, 12, 231, 187, 116,
       16, 64, 176, 70, 43, 186, 223, 111, 218, 126, 147, 223, 255, 213,
       76, 252, 231, 57, 207, 182, 97, 126, 187, 151, 197, 235, 171, 38,
       255, 114, 205, 190, 200, 63, 156, 244, 249, 97, 40, 48, 90, 77,
       221, 208, 66, 235, 81, 164, 8, 42, 217, 86, 190, 200, 170, 74, 88,
       142, 43, 242, 241, 23, 216, 16, 59, 83, 12, 122, 142, 218, 28,
       191, 254, 131, 224, 53, 102, 185, 67, 228, 50, 126, 255, 32, 121,
       179, 251, 249, 130, 33, 207, 178, 238, 211, 247, 90, 11, 139, 81,
       167, 123, 37, 247, 97, 67, 244, 155, 239, 216, 93, 104, 125, 230,
       217, 68, 157, 164, 126, 72, 22, 126, 227, 176, 109, 255, 44, 30,
       37, 132, 127, 155, 82, 181, 153, 223, 111, 254, 62, 144, 93, 247,
       213, 72, 222, 230, 57, 207, 178, 97, 110, 163, 63, 205, 233, 143,
       38, 255, 242, 235, 250, 136, 63, 156, 240, 121 ]
keypoints: !!opencv-matrix
   rows: 30
   cols: 2
   dt: d
   data: [ 223., 38., 208., 40., 195., 191., 328., 231., 318., 234., 85.,
       239., 190., 244., 195., 247., 319., 252., 319., 257., 37., 259.,
       41., 261., 138., 264., 2.1000001525878906e+02,
       3.8400001525878906e+01, 9.9600006103515625e+01,
       1.7280000305175781e+02, 318., 2.3400001525878906e+02, 318.,
       2.5200001525878906e+02, 3.7200000762939453e+01,
       2.5920001220703125e+02, 2.0016000366210938e+02,
       9.5040000915527344e+01, 3.2832000732421875e+02,
       2.3040000915527344e+02, 3.1824002075195312e+02,
       2.3328001403808594e+02, 8.3520004272460938e+01,
       2.3760000610351562e+02, 9.9360000610351562e+01,
       2.3904000854492188e+02, 1.9008000183105469e+02,
       2.4336001586914062e+02, 3.1968002319335938e+02,
       2.5056001281738281e+02, 1.0195201110839844e+02,
       1.8489601135253906e+02, 3.1795202636718750e+02,
       2.3500802612304688e+02, 8.2944007873535156e+01,
       2.3846401977539062e+02, 9.8496009826660156e+01,
       2.3846401977539062e+02, 9.5385612487792969e+01,
       1.8455043029785156e+02 ]
