%YAML:1.0
---
descriptors: !!opencv-matrix
   rows: 188
   cols: 32
   dt: u
   data: [ 121, 77, 206, 204, 220, 22, 78, 191, 192, 130, 254, 70, 115,
       98, 182, 114, 92, 230, 44, 238, 221, 171, 245, 175, 114, 175, 166,
       128, 47, 250, 248, 12, 162, 251, 17, 200, 93, 133, 150, 239, 207,
       8, 240, 111, 32, 200, 36, 132, 216, 169, 131, 193, 95, 43, 82,
       221, 60, 20, 141, 127, 89, 12, 218, 159, 176, 201, 59, 190, 116,
       192, 231, 228, 148, 12, 210, 34, 181, 219, 33, 65, 232, 185, 7,
       195, 72, 139, 2, 61, 241, 161, 170, 137, 17, 26, 53, 171, 56, 221,
       55, 172, 151, 142, 199, 247, 133, 0, 250, 66, 127, 117, 33, 196,
       120, 230, 39, 106, 121, 171, 49, 191, 241, 238, 6, 16, 115, 122,
       228, 234, 204, 140, 156, 246, 209, 250, 86, 175, 179, 183, 47, 24,
       231, 243, 203, 95, 17, 246, 36, 26, 122, 94, 250, 63, 239, 247,
       223, 71, 186, 113, 143, 42, 138, 172, 183, 249, 239, 233, 185,
       207, 223, 63, 80, 50, 172, 254, 96, 41, 239, 59, 171, 17, 50, 252,
       107, 213, 141, 147, 95, 111, 148, 72, 165, 171, 98, 141, 42, 202,
       245, 249, 179, 71, 175, 69, 124, 137, 174, 188, 54, 16, 184, 59,
       211, 17, 22, 43, 48, 247, 127, 53, 26, 75, 196, 14, 223, 218, 120,
       205, 60, 126, 157, 221, 87, 190, 197, 76, 172, 8, 115, 117, 34,
       113, 192, 242, 221, 72, 107, 43, 115, 189, 235, 255, 4, 25, 50,
       152, 212, 106, 213, 74, 207, 180, 78, 34, 237, 16, 168, 146, 194,
       214, 241, 163, 17, 91, 102, 229, 123, 239, 225, 215, 151, 64, 213,
       170, 250, 8, 45, 241, 113, 40, 254, 193, 82, 238, 69, 22, 94, 40,
       49, 6, 231, 11, 75, 91, 14, 215, 250, 213, 189, 226, 108, 151,
       153, 203, 179, 251, 195, 31, 35, 183, 126, 6, 253, 112, 177, 112,
       13, 109, 81, 146, 203, 187, 164, 24, 158, 153, 65, 59, 137, 192,
       125, 24, 11, 103, 250, 128, 203, 217, 21, 126, 194, 121, 82, 34,
       11, 6, 231, 152, 247, 242, 188, 71, 157, 207, 218, 179, 44, 174,
       183, 236, 247, 191, 155, 149, 165, 159, 36, 206, 60, 54, 158, 195,
       135, 84, 181, 221, 60, 188, 186, 252, 56, 207, 95, 248, 22, 134,
       244, 8, 119, 253, 33, 1, 159, 249, 87, 33, 40, 67, 58, 31, 251,
       207, 109, 61, 208, 168, 7, 171, 217, 150, 157, 181, 56, 15, 90,
       63, 59, 235, 146, 93, 255, 63, 18, 144, 151, 101, 253, 37, 189,
       205, 209, 142, 234, 255, 57, 210, 140, 132, 27, 91, 18, 239, 123,
       178, 182, 193, 182, 230, 238, 172, 154, 163, 45, 140, 229, 0, 47,
       251, 207, 209, 70, 169, 6, 252, 184, 4, 46, 227, 101, 154, 165,
       203, 1, 31, 154, 223, 116, 165, 187, 210, 30, 77, 88, 38, 180,
       247, 165, 104, 231, 123, 55, 156, 131, 152, 50, 123, 205, 190,
       186, 136, 152, 73, 33, 251, 12, 180, 153, 248, 249, 229, 57, 207,
       150, 59, 104, 1, 156, 247, 104, 216, 245, 155, 151, 144, 18, 26,
       18, 215, 205, 215, 55, 237, 146, 64, 167, 163, 45, 121, 97, 79,
       85, 31, 198, 184, 83, 232, 125, 76, 210, 80, 157, 180, 88, 204,
       18, 110, 201, 178, 253, 190, 39, 28, 5, 44, 91, 191, 82, 180, 21,
       7, 107, 173, 182, 34, 239, 113, 20, 200, 219, 230, 81, 99, 184,
       64, 126, 237, 23, 239, 217, 147, 37, 14, 240, 175, 170, 196, 61,
       250, 240, 160, 30, 142, 26, 190, 150, 163, 58, 99, 150, 3, 216,
       163, 101, 227, 32, 192, 217, 43, 131, 148, 62, 157, 8, 255, 250,
       231, 174, 193, 176, 74, 184, 138, 25, 217, 255, 204, 54, 22, 239,
       190, 238, 73, 222, 70, 57, 58, 180, 98, 102, 67, 62, 204, 215,
       169, 55, 101, 62, 172, 38, 140, 109, 178, 225, 61, 163, 188, 135,
       152, 201, 165, 144, 71, 142, 91, 192, 85, 172, 210, 96, 203, 201,
       43, 122, 21, 55, 79, 82, 241, 141, 50, 90, 122, 152, 76, 169, 158,
       252, 254, 164, 63, 155, 115, 22, 253, 87, 246, 195, 179, 99, 244,
       75, 207, 89, 254, 168, 167, 252, 214, 255, 63, 251, 231, 197, 7,
       183, 127, 180, 86, 106, 155, 0, 184, 249, 157, 152, 175, 159, 29,
       176, 13, 174, 138, 78, 148, 205, 139, 207, 5, 94, 43, 82, 245,
       139, 212, 30, 251, 90, 12, 138, 159, 24, 143, 103, 237, 54, 227,
       235, 115, 68, 69, 222, 163, 121, 109, 176, 96, 126, 187, 31, 161,
       154, 184, 37, 223, 237, 237, 170, 192, 53, 138, 117, 59, 90, 13,
       99, 236, 86, 70, 175, 115, 164, 192, 218, 130, 121, 191, 49, 98,
       118, 245, 31, 239, 193, 147, 52, 206, 113, 172, 170, 128, 37, 160,
       33, 120, 2, 136, 183, 249, 239, 233, 184, 79, 142, 51, 90, 50,
       172, 254, 96, 104, 239, 59, 43, 17, 18, 45, 67, 243, 141, 150, 26,
       107, 148, 72, 165, 171, 130, 164, 149, 251, 200, 169, 176, 207,
       190, 51, 224, 17, 164, 242, 104, 73, 235, 27, 107, 144, 50, 220,
       75, 211, 141, 146, 95, 111, 144, 72, 161, 138, 13, 120, 232, 223,
       70, 23, 239, 80, 86, 102, 117, 6, 57, 137, 183, 40, 126, 168, 19,
       207, 194, 182, 60, 251, 70, 13, 171, 161, 127, 187, 121, 226, 35,
       235, 96, 15, 252, 159, 238, 253, 79, 252, 252, 205, 98, 104, 214,
       180, 92, 202, 198, 111, 206, 58, 79, 189, 62, 29, 165, 189, 95,
       190, 218, 205, 189, 12, 237, 103, 180, 63, 79, 154, 81, 234, 62,
       222, 83, 109, 151, 175, 25, 228, 20, 46, 173, 244, 109, 174, 234,
       223, 229, 148, 239, 253, 88, 117, 36, 151, 90, 79, 246, 170, 131,
       184, 76, 9, 127, 230, 243, 225, 172, 68, 94, 90, 6, 106, 155, 176,
       77, 61, 110, 190, 33, 196, 93, 139, 216, 49, 66, 210, 189, 151,
       184, 204, 185, 143, 174, 253, 139, 117, 212, 190, 68, 66, 135, 87,
       233, 17, 147, 73, 219, 65, 233, 54, 127, 91, 136, 64, 133, 59, 8,
       249, 147, 229, 243, 206, 53, 182, 175, 168, 104, 72, 158, 183, 65,
       48, 130, 127, 124, 72, 65, 184, 240, 104, 237, 245, 22, 2, 10, 48,
       131, 187, 116, 109, 252, 100, 137, 87, 87, 142, 147, 182, 172, 8,
       67, 231, 67, 59, 25, 214, 108, 122, 108, 99, 251, 58, 251, 219,
       69, 125, 226, 115, 206, 106, 245, 109, 252, 110, 142, 31, 87, 248,
       67, 182, 173, 10, 83, 120, 223, 59, 89, 212, 108, 250, 236, 99,
       253, 56, 251, 203, 197, 61, 241, 251, 94, 6, 205, 121, 161, 177,
       228, 15, 109, 157, 122, 250, 16, 204, 151, 230, 209, 58, 151, 77,
       124, 223, 207, 84, 255, 18, 173, 201, 255, 172, 172, 240, 146,
       253, 49, 143, 75, 237, 22, 131, 239, 119, 212, 64, 222, 230, 49,
       33, 176, 96, 110, 170, 30, 204, 249, 187, 36, 255, 250, 173, 170,
       192, 61, 136, 240, 169, 86, 215, 222, 165, 178, 34, 63, 191, 60,
       191, 218, 247, 85, 47, 170, 67, 119, 215, 109, 164, 248, 217, 17,
       238, 248, 166, 255, 196, 173, 240, 161, 89, 217, 148, 181, 245,
       23, 126, 75, 55, 123, 235, 146, 86, 255, 62, 16, 235, 183, 245,
       124, 173, 189, 237, 245, 207, 153, 239, 123, 208, 173, 0, 129,
       125, 57, 213, 61, 107, 189, 207, 71, 191, 70, 105, 236, 8, 243,
       117, 10, 112, 80, 146, 28, 40, 27, 40, 121, 29, 235, 237, 36, 84,
       114, 154, 212, 106, 25, 131, 110, 173, 20, 10, 75, 48, 100, 36,
       254, 134, 211, 1, 178, 64, 120, 132, 12, 236, 200, 177, 101, 12,
       226, 237, 160, 16, 37, 170, 112, 96, 42, 178, 16, 168, 61, 157,
       88, 47, 15, 61, 176, 77, 175, 9, 74, 144, 204, 11, 207, 21, 30,
       42, 83, 149, 143, 209, 24, 255, 90, 12, 74, 27, 248, 92, 159, 188,
       9, 64, 85, 166, 132, 158, 134, 57, 119, 247, 35, 91, 192, 245,
       237, 66, 104, 71, 242, 41, 209, 227, 124, 25, 48, 120, 36, 122,
       192, 188, 157, 115, 226, 224, 33, 151, 54, 123, 102, 48, 181, 183,
       192, 123, 39, 123, 32, 152, 51, 92, 187, 49, 13, 131, 118, 96,
       128, 192, 135, 185, 180, 32, 171, 242, 204, 109, 225, 72, 222,
       183, 161, 26, 80, 221, 105, 10, 249, 157, 107, 147, 50, 119, 186,
       18, 93, 140, 223, 125, 193, 107, 87, 226, 222, 14, 158, 180, 171,
       34, 63, 163, 185, 134, 190, 191, 237, 239, 3, 91, 167, 247, 237,
       134, 100, 77, 130, 234, 243, 247, 95, 155, 164, 117, 167, 91, 149,
       36, 219, 245, 128, 110, 105, 19, 58, 163, 74, 144, 149, 35, 81,
       106, 51, 15, 57, 156, 49, 212, 181, 2, 205, 175, 59, 4, 164, 224,
