%YAML:1.0
---
descriptors: !!opencv-matrix
   rows: 45
   cols: 32
   dt: u
   data: [ 82, 2, 66, 129, 77, 25, 232, 64, 45, 40, 243, 75, 140, 10, 32,
       212, 234, 129, 206, 164, 4, 179, 65, 192, 148, 16, 138, 51, 85,
       14, 123, 134, 230, 101, 23, 143, 206, 35, 166, 76, 87, 160, 203,
       138, 64, 248, 109, 64, 88, 254, 106, 99, 72, 243, 207, 58, 52, 54,
       143, 30, 5, 123, 176, 130, 75, 178, 251, 240, 108, 213, 217, 19,
       139, 89, 180, 238, 188, 191, 246, 175, 142, 145, 151, 145, 131,
       75, 34, 192, 138, 93, 251, 250, 134, 132, 67, 121, 230, 207, 222,
       147, 238, 249, 254, 231, 191, 19, 184, 242, 237, 234, 255, 203,
       107, 227, 255, 147, 114, 103, 238, 243, 254, 159, 127, 233, 149,
       219, 249, 136, 228, 205, 218, 147, 204, 233, 239, 215, 254, 87,
       255, 18, 253, 231, 107, 107, 107, 235, 78, 210, 114, 127, 234,
       227, 253, 18, 254, 104, 149, 91, 245, 224, 199, 221, 255, 179,
       238, 173, 239, 247, 191, 83, 188, 214, 253, 235, 255, 107, 107,
       227, 127, 223, 247, 71, 126, 243, 254, 223, 239, 232, 156, 251,
       241, 208, 189, 223, 239, 250, 174, 129, 79, 255, 215, 90, 148,
       238, 19, 237, 241, 35, 111, 242, 63, 218, 251, 107, 46, 178, 250,
       203, 228, 248, 63, 217, 240, 121, 25, 159, 78, 252, 52, 151, 236,
       119, 148, 8, 222, 230, 57, 171, 178, 64, 110, 170, 14, 141, 249,
       187, 4, 255, 178, 237, 190, 192, 63, 136, 248, 153, 43, 219, 83,
       203, 119, 209, 250, 244, 95, 72, 88, 102, 172, 216, 180, 228, 254,
       59, 151, 65, 199, 186, 66, 255, 174, 93, 174, 235, 62, 158, 57,
       157, 19, 156, 123, 245, 18, 170, 57, 119, 60, 67, 94, 214, 189,
       167, 160, 96, 103, 63, 31, 140, 179, 156, 53, 223, 204, 239, 58,
       192, 173, 192, 161, 185, 125, 181, 252, 225, 188, 127, 91, 185,
       87, 234, 189, 24, 211, 61, 222, 240, 221, 148, 255, 56, 185, 50,
       121, 158, 207, 223, 165, 244, 247, 234, 80, 115, 40, 182, 186,
       122, 117, 189, 113, 87, 251, 31, 125, 24, 190, 155, 66, 60, 165,
       58, 198, 28, 146, 254, 178, 215, 223, 223, 48, 106, 194, 128, 199,
       235, 205, 48, 185, 117, 228, 110, 237, 27, 120, 250, 115, 92, 222,
       61, 222, 59, 151, 12, 118, 47, 209, 240, 241, 64, 69, 27, 117,
       164, 204, 224, 67, 241, 137, 90, 121, 101, 116, 142, 121, 55, 124,
       105, 118, 116, 191, 19, 128, 112, 134, 46, 86, 12, 225, 184, 97,
       78, 231, 253, 50, 128, 72, 128, 195, 233, 120, 177, 58, 106, 217,
       221, 83, 93, 163, 77, 173, 13, 63, 223, 106, 176, 188, 155, 221,
       80, 95, 43, 178, 49, 251, 221, 0, 123, 114, 2, 206, 219, 44, 113,
       120, 97, 180, 78, 119, 48, 96, 168, 118, 40, 215, 19, 131, 48,
       150, 92, 69, 122, 200, 176, 225, 12, 231, 249, 37, 4, 96, 177, 70,
       163, 254, 99, 96, 198, 109, 91, 206, 232, 73, 228, 181, 143, 75,
       76, 159, 151, 90, 196, 215, 111, 204, 39, 236, 168, 114, 89, 133,
       61, 103, 191, 94, 214, 90, 179, 220, 241, 170, 169, 124, 31, 43,
       189, 57, 237, 143, 63, 72, 154, 167, 151, 253, 16, 22, 72, 195,
       208, 206, 215, 127, 255, 170, 192, 143, 19, 166, 73, 34, 158, 93,
       199, 178, 104, 30, 128, 113, 19, 236, 221, 53, 128, 216, 57, 147,
       99, 98, 182, 90, 255, 21, 22, 11, 43, 85, 47, 125, 146, 166, 88,
       50, 222, 77, 199, 186, 64, 30, 0, 81, 18, 236, 220, 49, 72, 216,
       57, 179, 195, 98, 182, 90, 255, 21, 54, 203, 139, 21, 41, 61, 130,
       118, 128, 213, 149, 86, 11, 248, 105, 63, 160, 243, 139, 238, 106,
       29, 65, 122, 181, 123, 161, 8, 243, 73, 205, 157, 190, 207, 70,
       165, 40, 97, 130, 74, 50, 185, 208, 109, 213, 185, 83, 139, 93,
       20, 63, 188, 159, 246, 175, 134, 49, 223, 133, 147, 79, 178, 209,
       95, 89, 122, 250, 22, 12, 39, 255, 87, 128, 241, 149, 116, 11,
       232, 105, 127, 146, 178, 10, 238, 106, 93, 97, 122, 161, 91, 169,
       8, 115, 65, 221, 156, 158, 207, 100, 133, 168, 97, 160, 118, 128,
       213, 149, 124, 9, 232, 105, 191, 178, 176, 194, 253, 106, 29, 83,
       123, 161, 95, 161, 40, 99, 70, 221, 156, 158, 207, 124, 149, 168,
       99, 128, 118, 128, 246, 149, 124, 11, 232, 107, 255, 146, 176, 66,
       236, 234, 125, 75, 123, 161, 127, 161, 32, 99, 194, 201, 156, 158,
       223, 44, 245, 40, 99, 136, 59, 17, 120, 229, 54, 94, 121, 16, 97,
       76, 246, 166, 91, 31, 158, 112, 126, 149, 149, 237, 205, 176, 117,
       204, 215, 249, 162, 132, 111, 174, 116, 115, 67, 160, 223, 189,
       124, 137, 248, 107, 191, 146, 176, 194, 253, 234, 252, 103, 251,
       161, 127, 173, 178, 79, 198, 217, 156, 94, 95, 236, 148, 168, 99,
       140, 185, 255, 237, 252, 174, 129, 79, 247, 215, 216, 180, 238,
       51, 173, 240, 35, 111, 242, 126, 206, 235, 107, 102, 191, 250,
       203, 245, 248, 63, 184, 240, 57, 59, 219, 90, 234, 118, 149, 222,
       244, 95, 72, 220, 230, 175, 216, 182, 224, 254, 187, 151, 193,
       207, 186, 68, 255, 178, 221, 170, 235, 63, 158, 185, 157, 173, 52,
       249, 101, 36, 111, 107, 16, 113, 234, 247, 88, 211, 29, 211, 58,
       31, 220, 125, 58, 169, 244, 241, 10, 199, 223, 37, 148, 238, 249,
       86, 113, 137, 28, 63, 246, 113, 236, 113, 23, 253, 74, 118, 20,
       190, 151, 33, 113, 166, 59, 151, 0, 161, 157, 50, 111, 199, 251,
       114, 3, 74, 64, 35, 187, 57, 181, 120, 104, 116, 205, 83, 216, 97,
       77, 125, 12, 23, 223, 74, 48, 188, 154, 21, 120, 155, 58, 56, 31,
       251, 205, 32, 108, 123, 139, 70, 243, 112, 0, 213, 133, 92, 10,
       232, 73, 175, 160, 160, 194, 133, 10, 20, 89, 122, 165, 106, 169,
       0, 105, 198, 221, 156, 154, 219, 60, 21, 40, 99, 136, 82, 32, 94,
       172, 126, 3, 248, 88, 173, 128, 246, 2, 29, 138, 34, 80, 254, 173,
       127, 160, 4, 147, 131, 204, 214, 185, 171, 137, 5, 40, 41, 131,
       152, 28, 63, 254, 3, 236, 53, 119, 189, 75, 103, 20, 62, 223, 33,
       121, 166, 59, 217, 0, 35, 141, 50, 239, 243, 243, 90, 11, 10, 64,
       39, 123, 37, 119, 121, 75, 244, 143, 107, 216, 113, 105, 125, 108,
       19, 85, 153, 48, 31, 152, 22, 126, 163, 178, 120, 31, 111, 141,
       33, 228, 251, 139, 66, 241, 105, 57, 59, 97, 240, 142, 87, 23, 97,
       232, 126, 76, 159, 27, 65, 48, 132, 188, 84, 88, 217, 186, 240,
       10, 239, 253, 36, 112, 202, 160, 194, 51, 10, 0, 30, 141, 109,
       151, 184, 75, 173, 37, 214, 2, 141, 138, 50, 192, 238, 141, 255,
       129, 4, 187, 51, 212, 151, 241, 154, 129, 22, 12, 57, 200, 153,
       223, 111, 254, 54, 144, 253, 247, 213, 72, 222, 230, 57, 222, 178,
       97, 110, 179, 30, 204, 239, 171, 38, 255, 242, 235, 190, 136, 63,
       156, 240, 121, 218, 28, 127, 254, 155, 224, 23, 102, 189, 7, 228,
       179, 108, 255, 44, 121, 179, 251, 185, 130, 32, 143, 50, 239, 211,
       231, 90, 11, 179, 81, 167, 123, 10, 0, 54, 169, 77, 151, 248, 64,
       45, 37, 215, 3, 140, 142, 50, 72, 232, 141, 187, 209, 6, 187, 115,
       192, 215, 241, 154, 9, 22, 12, 61, 202, 153, 223, 111, 254, 62,
       145, 205, 247, 213, 72, 222, 230, 57, 207, 182, 97, 110, 179, 159,
       204, 239, 175, 38, 255, 242, 235, 250, 136, 63, 156, 240, 121,
       187, 223, 111, 222, 62, 145, 223, 247, 149, 72, 220, 231, 57, 205,
       182, 225, 110, 170, 151, 205, 235, 171, 54, 255, 114, 239, 186,
       136, 63, 156, 248, 253, 66, 65, 62, 171, 77, 213, 184, 64, 44, 21,
       215, 3, 140, 159, 42, 72, 234, 137, 187, 209, 6, 179, 83, 192,
       215, 241, 138, 11, 20, 11, 45, 194, 187, 223, 111, 254, 60, 149,
       223, 252, 213, 74, 220, 230, 121, 253, 182, 97, 110, 226, 191,
       207, 235, 175, 62, 255, 242, 239, 250, 136, 63, 158, 120, 253 ]
