%YAML:1.0
---
descriptors: !!opencv-matrix
   rows: 170
   cols: 32
   dt: u
   data: [ 34, 233, 104, 176, 221, 205, 190, 239, 139, 61, 184, 11, 32,
       220, 86, 0, 184, 171, 211, 85, 86, 107, 218, 245, 63, 28, 141,
       251, 93, 30, 223, 218, 129, 0, 83, 89, 116, 174, 107, 18, 124, 11,
       115, 112, 247, 3, 176, 252, 179, 46, 6, 24, 179, 188, 33, 95, 4,
       190, 50, 192, 198, 129, 65, 161, 9, 33, 85, 73, 68, 155, 224, 16,
       101, 49, 251, 66, 147, 24, 148, 236, 104, 156, 110, 216, 139, 184,
       83, 209, 6, 232, 50, 64, 111, 138, 120, 164, 248, 221, 91, 75, 17,
       222, 71, 180, 117, 8, 102, 64, 179, 83, 0, 116, 16, 248, 76, 74,
       107, 156, 49, 63, 227, 253, 0, 64, 122, 146, 98, 40, 88, 174, 222,
       116, 27, 201, 81, 43, 183, 143, 182, 41, 107, 239, 71, 27, 175,
       247, 236, 128, 62, 235, 139, 77, 219, 247, 85, 27, 227, 224, 102,
       75, 115, 182, 57, 236, 110, 47, 221, 123, 11, 234, 184, 111, 28,
       191, 228, 48, 255, 157, 151, 165, 225, 43, 194, 218, 223, 220,
       239, 190, 125, 104, 99, 251, 188, 79, 99, 238, 116, 207, 67, 112,
       21, 108, 121, 77, 115, 205, 49, 16, 216, 168, 7, 110, 72, 182, 88,
       191, 243, 221, 33, 56, 115, 171, 86, 240, 161, 79, 127, 69, 116,
       14, 109, 55, 125, 200, 126, 108, 179, 1, 149, 53, 14, 44, 70, 44,
       225, 184, 97, 14, 100, 186, 32, 128, 75, 184, 66, 185, 10, 217,
       18, 139, 85, 213, 190, 230, 31, 12, 88, 3, 172, 222, 38, 196, 216,
       59, 131, 193, 86, 186, 82, 255, 47, 84, 142, 43, 18, 14, 189, 142,
       105, 149, 181, 101, 185, 126, 85, 63, 105, 233, 174, 104, 223, 55,
       136, 118, 150, 214, 125, 40, 153, 203, 241, 15, 235, 255, 113,
       148, 66, 224, 134, 121, 189, 120, 249, 83, 77, 95, 215, 216, 83,
       254, 180, 8, 26, 157, 87, 190, 157, 252, 212, 90, 201, 118, 250,
       176, 95, 217, 69, 54, 227, 63, 86, 255, 110, 50, 219, 224, 234,
       99, 121, 90, 187, 255, 115, 185, 156, 151, 73, 26, 183, 157, 247,
       176, 19, 215, 160, 64, 221, 213, 59, 238, 128, 193, 39, 243, 94,
       56, 147, 255, 42, 236, 41, 24, 62, 203, 67, 208, 253, 247, 65, 90,
       119, 125, 125, 152, 19, 212, 187, 194, 213, 231, 235, 200, 160,
       227, 37, 112, 50, 221, 120, 234, 126, 197, 222, 239, 207, 8, 88,
       2, 61, 218, 52, 96, 234, 187, 23, 193, 78, 58, 26, 255, 115, 205,
       174, 235, 53, 18, 173, 139, 72, 185, 149, 179, 139, 204, 53, 151,
       174, 81, 34, 117, 188, 183, 64, 218, 167, 87, 233, 81, 19, 72,
       155, 225, 205, 246, 94, 70, 138, 84, 167, 59, 222, 128, 37, 252,
       41, 4, 88, 56, 177, 186, 151, 88, 95, 95, 16, 127, 215, 213, 125,
       238, 248, 79, 203, 133, 219, 251, 249, 222, 38, 164, 16, 35, 90,
       185, 146, 232, 137, 237, 80, 64, 171, 29, 168, 9, 174, 159, 98,
       154, 164, 179, 253, 16, 30, 11, 146, 241, 219, 213, 2, 123, 146,
       6, 47, 91, 128, 189, 47, 191, 252, 203, 181, 231, 158, 91, 80,
       179, 181, 253, 32, 9, 203, 123, 19, 81, 115, 252, 122, 63, 237,
       131, 127, 193, 212, 24, 149, 251, 69, 180, 142, 51, 186, 188, 185,
       46, 186, 255, 11, 181, 245, 238, 74, 2, 167, 103, 233, 149, 150,
       220, 191, 2, 204, 39, 127, 197, 136, 68, 15, 219, 48, 135, 82,
       174, 53, 195, 70, 103, 149, 9, 251, 227, 103, 172, 32, 196, 216,
       191, 134, 32, 124, 187, 64, 159, 184, 244, 2, 83, 113, 14, 172,
       31, 200, 249, 149, 250, 27, 201, 17, 136, 170, 149, 161, 41, 174,
       223, 64, 18, 130, 113, 233, 80, 2, 77, 218, 241, 217, 208, 15,
       123, 82, 2, 7, 27, 60, 80, 83, 236, 27, 207, 83, 88, 33, 0, 225,
       8, 95, 215, 33, 148, 250, 185, 132, 98, 73, 35, 16, 156, 179, 217,
       1, 59, 115, 43, 102, 50, 164, 253, 157, 239, 253, 109, 87, 239,
       10, 178, 184, 24, 214, 253, 73, 19, 217, 86, 234, 114, 123, 103,
       219, 59, 253, 147, 69, 63, 208, 123, 214, 162, 44, 181, 56, 250,
       253, 253, 243, 253, 31, 61, 61, 25, 222, 253, 126, 128, 217, 27,
       151, 59, 86, 42, 90, 247, 79, 221, 54, 125, 210, 10, 207, 211, 94,
       217, 216, 146, 233, 100, 95, 174, 187, 127, 134, 61, 76, 231, 79,
       223, 243, 199, 173, 210, 120, 67, 154, 226, 251, 247, 223, 255,
       138, 117, 174, 82, 88, 203, 30, 46, 57, 152, 86, 180, 229, 68,
       198, 13, 231, 129, 10, 80, 128, 230, 236, 71, 78, 169, 199, 61,
       242, 229, 52, 25, 106, 30, 12, 91, 201, 50, 61, 181, 42, 108, 169,
       50, 172, 122, 82, 244, 157, 23, 208, 107, 38, 21, 127, 173, 225,
       84, 243, 66, 197, 161, 250, 128, 4, 160, 5, 241, 41, 99, 250, 101,
       100, 31, 71, 53, 65, 168, 127, 76, 211, 97, 216, 54, 152, 68, 102,
       110, 201, 176, 225, 8, 230, 221, 101, 48, 74, 186, 210, 169, 233,
       252, 119, 86, 85, 220, 103, 180, 241, 74, 246, 76, 122, 85, 5,
       181, 136, 244, 204, 106, 233, 239, 240, 47, 119, 251, 96, 24, 75,
       29, 66, 125, 129, 95, 63, 117, 100, 142, 117, 54, 252, 74, 118,
       68, 183, 19, 129, 113, 132, 54, 86, 12, 225, 188, 112, 78, 103,
       187, 112, 0, 72, 144, 67, 185, 62, 141, 50, 186, 149, 199, 94,
       225, 149, 4, 216, 3, 111, 253, 50, 192, 248, 187, 151, 227, 126,
       171, 26, 191, 187, 253, 138, 75, 55, 14, 244, 198, 66, 132, 86,
       157, 83, 248, 184, 39, 189, 65, 106, 179, 44, 178, 38, 208, 163,
       15, 251, 128, 54, 157, 5, 199, 158, 54, 26, 67, 4, 4, 175, 15, 92,
       20, 253, 101, 36, 126, 111, 58, 97, 238, 190, 12, 219, 55, 145,
       115, 55, 214, 125, 40, 185, 201, 241, 142, 207, 255, 245, 148,
       230, 225, 68, 113, 173, 92, 120, 111, 84, 143, 75, 112, 84, 0,
       125, 74, 115, 25, 177, 32, 92, 184, 22, 234, 233, 182, 124, 63,
       103, 141, 160, 16, 127, 187, 88, 168, 66, 174, 188, 188, 185, 172,
       29, 167, 186, 191, 138, 89, 172, 167, 66, 83, 197, 119, 237, 5,
       112, 73, 194, 107, 253, 54, 254, 155, 128, 116, 135, 91, 49, 85,
       88, 108, 48, 15, 74, 120, 65, 0, 249, 12, 19, 16, 181, 112, 92,
       184, 22, 234, 73, 163, 84, 30, 178, 221, 160, 56, 121, 171, 106,
       20, 2, 185, 17, 130, 253, 197, 166, 239, 142, 57, 152, 75, 172,
       214, 104, 132, 201, 59, 11, 209, 83, 75, 90, 245, 189, 84, 143,
       126, 26, 14, 161, 191, 15, 177, 20, 27, 185, 189, 36, 143, 174,
       89, 78, 4, 140, 242, 206, 244, 129, 10, 234, 28, 23, 152, 255,
       245, 172, 244, 30, 66, 154, 4, 137, 213, 14, 48, 211, 225, 242,
       111, 57, 90, 63, 97, 120, 240, 157, 151, 200, 188, 55, 31, 151,
       144, 19, 154, 176, 192, 205, 213, 58, 228, 162, 193, 167, 177, 94,
       36, 211, 225, 178, 230, 105, 27, 63, 201, 75, 210, 221, 247, 201,
       252, 119, 189, 61, 184, 17, 208, 145, 194, 221, 230, 187, 192,
       162, 225, 39, 49, 1, 138, 251, 245, 54, 170, 185, 119, 124, 75,
       86, 246, 189, 167, 178, 96, 103, 47, 55, 156, 177, 156, 37, 207,
       206, 191, 58, 192, 164, 128, 33, 249, 40, 149, 120, 255, 181, 221,
       95, 189, 87, 13, 253, 2, 251, 253, 186, 96, 89, 154, 159, 136,
       218, 186, 122, 191, 231, 255, 182, 9, 22, 138, 220, 235, 14, 235,
       176, 42, 191, 157, 154, 204, 142, 61, 136, 13, 172, 204, 94, 134,
       141, 67, 235, 85, 214, 43, 218, 241, 169, 84, 31, 127, 210, 30,
       143, 207, 120, 189, 56, 106, 49, 253, 82, 82, 35, 13, 188, 9, 63,
       159, 98, 144, 188, 187, 197, 88, 30, 43, 176, 183, 251, 221, 32,
       123, 242, 11, 110, 91, 41, 135, 96, 13, 252, 31, 238, 63, 95, 108,
       126, 76, 243, 40, 158, 148, 24, 142, 70, 109, 220, 184, 109, 31,
       46, 125, 37, 180, 127, 142, 218, 205, 82, 233, 26, 218, 57, 209,
       26, 224, 142, 12, 141, 169, 44, 214, 103, 80, 196, 49, 251, 210,
       70, 3, 138, 253, 155, 149, 138, 251, 16, 3, 45, 27, 137, 113, 58,
       233, 109, 221, 112, 80, 228, 97, 102, 8, 159, 153, 66, 106, 232,
       24, 218, 73, 7, 60, 241, 128, 199, 233, 48, 33, 106, 13, 88, 138,
       51, 237, 122, 74, 121, 221, 214, 230, 203, 68, 252, 9, 42, 220,
       54, 48, 232, 186, 198, 64, 206, 43, 52, 253, 51, 92, 0, 123, 83,
       158, 206, 206, 44, 133, 60, 250, 237, 217, 183, 233, 207, 87, 61,
