%YAML:1.0
---
descriptors: !!opencv-matrix
   rows: 139
   cols: 32
   dt: u
   data: [ 1, 79, 127, 77, 116, 14, 237, 55, 125, 200, 126, 68, 179, 3,
       149, 116, 70, 44, 6, 44, 225, 184, 101, 14, 100, 190, 48, 128, 78,
       128, 66, 169, 184, 108, 105, 106, 84, 203, 67, 240, 17, 100, 236,
       137, 51, 93, 49, 16, 24, 184, 23, 106, 104, 182, 104, 63, 119,
       205, 161, 57, 119, 155, 86, 234, 10, 181, 176, 91, 249, 245, 177,
       239, 191, 29, 172, 16, 172, 246, 110, 180, 193, 27, 202, 16, 18,
       75, 250, 209, 47, 28, 22, 127, 210, 68, 135, 238, 122, 185, 146,
       232, 139, 221, 16, 65, 175, 29, 168, 9, 174, 159, 102, 146, 166,
       187, 221, 80, 30, 43, 146, 241, 219, 221, 2, 123, 210, 6, 47, 91,
       249, 76, 94, 78, 89, 134, 67, 32, 225, 4, 231, 8, 123, 211, 5,
       117, 32, 228, 104, 238, 104, 135, 152, 109, 115, 233, 0, 8, 107,
       163, 106, 40, 137, 154, 255, 249, 102, 170, 233, 87, 126, 83, 86,
       246, 157, 167, 176, 104, 103, 45, 54, 156, 147, 220, 37, 209, 206,
       251, 250, 192, 172, 136, 97, 185, 156, 82, 125, 101, 50, 90, 115,
       56, 116, 204, 119, 32, 211, 23, 139, 113, 54, 20, 76, 106, 224,
       180, 37, 12, 198, 233, 32, 133, 102, 163, 70, 97, 133, 115, 27,
       243, 236, 173, 239, 217, 206, 120, 120, 110, 221, 195, 249, 40,
       191, 75, 94, 94, 211, 48, 171, 242, 252, 153, 47, 172, 216, 250,
       129, 161, 61, 223, 102, 14, 126, 31, 198, 252, 85, 232, 254, 110,
       83, 216, 191, 164, 124, 236, 6, 111, 236, 179, 109, 63, 50, 77,
       37, 148, 111, 191, 120, 205, 120, 189, 58, 234, 57, 253, 82, 86,
       171, 13, 188, 9, 63, 159, 98, 144, 180, 187, 213, 80, 30, 43, 144,
       179, 251, 221, 32, 123, 242, 6, 110, 219, 129, 95, 63, 117, 116,
       142, 125, 55, 124, 72, 118, 68, 183, 51, 128, 113, 132, 62, 70,
       12, 225, 184, 49, 78, 103, 187, 114, 128, 72, 144, 67, 233, 153,
       80, 253, 245, 36, 14, 109, 17, 116, 218, 86, 246, 223, 51, 211,
       107, 118, 76, 60, 173, 233, 212, 245, 8, 196, 235, 250, 128, 46,
       240, 113, 57, 121, 121, 50, 70, 69, 220, 231, 112, 225, 204, 255,
       12, 107, 217, 23, 182, 40, 228, 196, 106, 201, 163, 176, 45, 115,
       253, 0, 25, 75, 63, 102, 254, 105, 145, 188, 100, 249, 28, 95,
       191, 43, 121, 188, 108, 222, 53, 134, 182, 134, 70, 253, 108, 147,
       72, 249, 31, 239, 253, 101, 254, 74, 164, 202, 113, 43, 120, 184,
       70, 105, 29, 214, 244, 195, 236, 180, 76, 170, 221, 215, 54, 140,
       248, 215, 78, 205, 111, 242, 168, 123, 89, 69, 186, 75, 62, 90,
       255, 125, 20, 109, 229, 172, 126, 110, 50, 97, 234, 190, 110, 219,
       57, 145, 251, 127, 198, 124, 47, 189, 240, 245, 142, 254, 251,
       229, 148, 239, 251, 88, 81, 74, 113, 34, 140, 93, 221, 154, 72,
       143, 140, 137, 15, 172, 218, 39, 148, 216, 161, 219, 103, 68, 3,
       210, 221, 145, 16, 139, 187, 26, 15, 63, 86, 121, 97, 106, 12, 93,
       159, 198, 120, 197, 64, 189, 79, 19, 216, 182, 176, 88, 168, 94,
       111, 205, 35, 68, 159, 178, 77, 1, 56, 127, 175, 122, 132, 109,
       116, 225, 227, 252, 127, 233, 158, 82, 255, 211, 90, 211, 60, 221,
       106, 93, 220, 126, 57, 171, 118, 253, 130, 157, 254, 251, 244,
       165, 219, 86, 245, 44, 252, 134, 30, 219, 247, 134, 236, 214, 254,
       108, 40, 96, 244, 139, 183, 25, 254, 226, 114, 38, 242, 239, 63,
       57, 6, 69, 15, 195, 119, 110, 214, 34, 169, 2, 129, 213, 215, 190,
       101, 13, 173, 248, 3, 12, 158, 118, 148, 232, 185, 147, 241, 84,
       187, 16, 220, 45, 16, 143, 227, 69, 14, 255, 142, 2, 181, 184, 91,
       249, 253, 176, 207, 254, 53, 173, 17, 140, 254, 76, 40, 129, 27,
       235, 17, 22, 105, 250, 209, 15, 21, 31, 127, 208, 64, 135, 230,
       42, 185, 80, 154, 253, 221, 177, 239, 143, 21, 252, 11, 172, 223,
       110, 148, 200, 59, 211, 81, 18, 43, 90, 245, 63, 21, 30, 123, 215,
       12, 223, 238, 34, 185, 48, 218, 253, 213, 177, 239, 159, 29, 252,
       26, 172, 222, 110, 164, 201, 59, 130, 16, 22, 11, 122, 245, 63,
       84, 158, 123, 211, 12, 143, 238, 37, 160, 128, 75, 205, 61, 192,
       25, 79, 57, 225, 92, 146, 80, 92, 190, 201, 8, 106, 30, 159, 102,
       219, 17, 133, 152, 1, 124, 218, 10, 218, 132, 37, 153, 148, 155,
       237, 79, 228, 173, 95, 249, 112, 2, 212, 120, 124, 174, 217, 66,
       50, 81, 23, 120, 91, 176, 45, 22, 215, 110, 221, 122, 216, 142,
       57, 183, 110, 108, 178, 178, 74, 123, 19, 173, 255, 230, 83, 227,
       176, 80, 95, 238, 52, 188, 185, 219, 45, 29, 250, 239, 165, 212,
       255, 162, 250, 17, 34, 157, 122, 186, 124, 197, 253, 119, 213, 77,
       252, 7, 53, 217, 50, 64, 248, 171, 23, 133, 86, 43, 18, 255, 119,
       221, 146, 107, 61, 136, 252, 218, 57, 97, 250, 103, 36, 31, 103,
       21, 97, 168, 119, 72, 243, 17, 217, 54, 24, 196, 116, 110, 201,
       176, 225, 8, 231, 221, 37, 20, 106, 186, 210, 41, 2, 158, 118,
       218, 115, 208, 184, 71, 189, 89, 82, 247, 172, 158, 166, 196, 231,
       59, 151, 148, 182, 157, 2, 247, 30, 126, 58, 203, 134, 4, 173,
       223, 244, 72, 153, 30, 170, 72, 23, 136, 186, 210, 165, 185, 214,
       245, 203, 122, 81, 220, 236, 66, 105, 103, 234, 34, 213, 183, 119,
       61, 64, 59, 6, 115, 10, 249, 18, 139, 213, 213, 182, 239, 31, 5,
       88, 3, 172, 222, 38, 196, 216, 59, 147, 65, 86, 58, 80, 255, 47,
       84, 142, 107, 86, 30, 189, 206, 39, 191, 122, 129, 246, 139, 187,
       223, 26, 233, 88, 235, 28, 156, 246, 32, 190, 59, 151, 117, 147,
       58, 8, 222, 124, 28, 47, 230, 221, 142, 11, 155, 178, 140, 167,
       190, 172, 229, 221, 199, 159, 119, 144, 155, 189, 237, 114, 11,
       239, 243, 63, 133, 122, 79, 10, 179, 217, 82, 223, 184, 148, 92,
       149, 122, 155, 23, 226, 141, 230, 22, 189, 119, 61, 198, 87, 247,
       13, 46, 182, 204, 118, 47, 183, 165, 212, 152, 37, 202, 102, 107,
       250, 128, 39, 228, 185, 213, 9, 62, 185, 247, 160, 252, 121, 23,
       47, 203, 95, 116, 189, 183, 194, 106, 135, 63, 253, 28, 147, 216,
       179, 99, 199, 253, 58, 128, 138, 192, 137, 123, 56, 244, 120, 106,
       116, 205, 91, 92, 115, 13, 125, 8, 63, 151, 106, 48, 158, 152, 23,
       122, 138, 182, 56, 31, 243, 205, 32, 233, 115, 130, 206, 251, 105,
       219, 113, 78, 124, 159, 215, 188, 97, 72, 252, 108, 58, 29, 150,
       180, 220, 130, 212, 110, 205, 186, 101, 189, 103, 255, 32, 154,
       95, 158, 222, 125, 148, 189, 142, 191, 156, 247, 134, 232, 150,
       252, 205, 55, 213, 244, 43, 99, 217, 110, 234, 103, 38, 209, 187,
       61, 233, 35, 239, 53, 144, 123, 189, 210, 169, 223, 99, 73, 116,
       143, 239, 245, 92, 76, 124, 198, 40, 1, 182, 4, 94, 40, 6, 110,
       227, 184, 116, 255, 36, 24, 160, 192, 95, 158, 208, 253, 109, 34,
       64, 96, 108, 63, 66, 152, 75, 188, 180, 77, 131, 9, 87, 157, 217,
       204, 68, 126, 140, 34, 200, 16, 159, 217, 161, 125, 210, 191, 90,
       128, 121, 77, 225, 71, 84, 23, 195, 184, 80, 224, 250, 78, 115,
       96, 157, 164, 88, 204, 20, 236, 141, 178, 125, 47, 52, 108, 161,
       4, 239, 191, 82, 44, 42, 221, 48, 139, 213, 213, 182, 239, 31, 13,
       92, 3, 172, 220, 46, 196, 216, 59, 131, 65, 86, 186, 80, 255, 47,
       85, 142, 107, 23, 14, 189, 206, 244, 74, 217, 180, 106, 72, 117,
       184, 186, 134, 164, 185, 223, 199, 193, 90, 119, 252, 236, 2, 96,
       103, 226, 2, 213, 247, 115, 61, 64, 185, 7, 97, 0, 134, 185, 249,
       236, 109, 101, 175, 94, 127, 124, 24, 158, 161, 112, 105, 129, 10,
       102, 8, 83, 124, 99, 211, 199, 155, 117, 109, 80, 216, 197, 168,
       80, 135, 156, 183, 152, 141, 87, 191, 182, 173, 142, 5, 231, 227,
       74, 66, 1, 70, 108, 16, 90, 233, 203, 55, 232, 182, 21, 85, 168,
       8, 137, 10, 43, 123, 105, 198, 124, 21, 223, 124, 203, 236, 156,
       239, 186, 220, 247, 32, 222, 249, 151, 111, 204, 35, 238, 248,
       114, 29, 165, 186, 87, 191, 86, 253, 19, 137, 138, 139, 214, 146,
       170, 232, 78, 97, 220, 66, 164, 170, 186, 228, 121, 78, 18, 221,
       215, 155, 156, 253, 156, 39, 159, 101, 157, 14, 57, 140, 15, 159,
