%YAML:1.0
---
descriptors: !!opencv-matrix
   rows: 39
   cols: 32
   dt: u
   data: [ 82, 113, 18, 140, 27, 215, 18, 104, 175, 140, 241, 9, 12, 214,
       35, 84, 252, 185, 255, 226, 68, 3, 146, 220, 177, 48, 11, 191, 19,
       39, 47, 215, 66, 32, 18, 137, 77, 29, 176, 64, 45, 40, 243, 10,
       140, 154, 96, 218, 232, 157, 238, 145, 4, 179, 209, 192, 149, 48,
       138, 59, 81, 12, 47, 134, 166, 72, 34, 159, 85, 195, 187, 104,
       158, 6, 81, 19, 236, 200, 55, 64, 216, 105, 147, 195, 98, 182, 74,
       255, 37, 54, 139, 171, 21, 63, 53, 198, 84, 128, 215, 149, 119,
       159, 248, 105, 63, 146, 242, 42, 238, 126, 13, 81, 254, 177, 110,
       160, 0, 243, 73, 205, 221, 214, 207, 71, 133, 40, 101, 130, 94,
       125, 82, 231, 251, 94, 190, 240, 189, 238, 251, 167, 204, 238, 35,
       80, 254, 253, 255, 226, 100, 147, 185, 238, 182, 119, 143, 135, 7,
       247, 39, 215, 42, 128, 223, 221, 124, 139, 248, 121, 187, 144,
       180, 66, 253, 235, 252, 99, 123, 161, 127, 169, 163, 111, 226,
       221, 222, 159, 251, 172, 159, 168, 115, 185, 101, 142, 227, 177,
       92, 137, 232, 251, 254, 219, 242, 194, 253, 227, 249, 107, 123,
       161, 78, 188, 176, 113, 230, 203, 220, 158, 255, 172, 181, 168,
       97, 232, 1, 254, 49, 73, 176, 47, 103, 190, 126, 10, 122, 68, 150,
       55, 133, 48, 181, 88, 70, 104, 163, 184, 49, 95, 173, 158, 37, 68,
       192, 248, 103, 241, 189, 222, 239, 250, 174, 209, 79, 220, 151,
       90, 180, 238, 19, 231, 243, 106, 111, 210, 30, 222, 239, 111, 46,
       179, 250, 203, 244, 248, 189, 251, 248, 217, 59, 217, 67, 219,
       119, 209, 142, 244, 95, 72, 88, 226, 40, 220, 180, 228, 126, 251,
       151, 194, 199, 186, 110, 255, 174, 93, 174, 235, 31, 14, 185, 189,
       1, 50, 79, 233, 78, 139, 105, 91, 110, 113, 242, 230, 185, 131,
       208, 105, 110, 172, 126, 156, 139, 250, 231, 209, 220, 169, 178,
       192, 45, 136, 97, 177, 237, 122, 252, 101, 36, 95, 111, 24, 81,
       238, 246, 60, 211, 29, 211, 59, 30, 220, 117, 106, 233, 244, 253,
       10, 199, 203, 101, 180, 111, 185, 86, 241, 137, 94, 125, 101, 116,
       142, 121, 55, 124, 232, 118, 100, 183, 19, 129, 113, 134, 46, 86,
       12, 225, 188, 97, 14, 231, 249, 48, 128, 72, 128, 66, 185, 56,
       177, 58, 106, 217, 221, 82, 93, 171, 77, 173, 9, 63, 223, 74, 48,
       180, 155, 221, 80, 31, 43, 178, 145, 251, 221, 0, 123, 122, 2,
       206, 219, 125, 49, 185, 96, 241, 79, 81, 89, 105, 233, 189, 76,
       223, 95, 72, 58, 148, 156, 84, 56, 153, 178, 249, 0, 251, 221, 37,
       116, 202, 202, 194, 115, 63, 32, 32, 225, 221, 127, 216, 218, 75,
       249, 188, 8, 155, 29, 95, 184, 221, 137, 215, 61, 142, 98, 248,
       144, 219, 221, 133, 125, 210, 93, 90, 194, 71, 54, 134, 180, 234,
       45, 184, 18, 154, 255, 27, 255, 76, 236, 223, 139, 183, 69, 255,
       167, 180, 213, 134, 194, 20, 38, 251, 166, 141, 109, 27, 85, 50,
       0, 199, 164, 95, 139, 232, 72, 47, 176, 226, 139, 70, 202, 113,
       68, 250, 189, 107, 177, 8, 179, 71, 221, 157, 144, 203, 54, 101,
       42, 113, 130, 166, 65, 34, 156, 77, 151, 176, 104, 222, 132, 113,
       19, 200, 200, 55, 9, 248, 41, 147, 99, 228, 183, 26, 222, 21, 26,
       75, 11, 85, 45, 121, 134, 195, 140, 83, 153, 236, 173, 236, 199,
       239, 19, 248, 82, 180, 186, 116, 107, 239, 163, 90, 129, 114, 11,
       70, 243, 148, 24, 222, 40, 148, 88, 227, 136, 66, 32, 215, 157,
       124, 11, 232, 75, 175, 177, 240, 66, 181, 138, 244, 74, 234, 165,
       122, 153, 2, 75, 199, 221, 156, 154, 218, 108, 20, 136, 99, 136,
       8, 93, 57, 113, 240, 206, 53, 55, 52, 232, 110, 68, 181, 55, 1,
       112, 4, 62, 87, 8, 97, 184, 113, 30, 109, 175, 54, 0, 200, 208,
       199, 187, 27, 159, 94, 254, 180, 134, 237, 119, 245, 72, 222, 102,
       57, 171, 182, 96, 108, 163, 31, 141, 249, 153, 0, 255, 242, 239,
       186, 128, 63, 136, 248, 25, 77, 48, 251, 101, 100, 110, 233, 18,
       104, 234, 126, 100, 159, 61, 209, 62, 150, 108, 118, 12, 129, 240,
       241, 64, 69, 253, 99, 132, 202, 225, 67, 241, 112, 32, 71, 132,
       76, 11, 224, 73, 47, 160, 227, 10, 6, 138, 116, 66, 234, 133, 106,
       177, 8, 179, 195, 80, 148, 32, 138, 36, 101, 8, 97, 136, 86, 81,
       118, 132, 111, 82, 186, 104, 169, 244, 183, 171, 76, 158, 95, 35,
       174, 213, 223, 231, 196, 99, 188, 192, 23, 120, 203, 191, 39, 183,
       47, 215, 82, 48, 114, 172, 126, 6, 248, 104, 173, 136, 242, 3, 76,
       222, 33, 80, 254, 189, 255, 161, 128, 211, 129, 204, 149, 119,
       139, 138, 5, 36, 35, 209, 1, 32, 87, 153, 108, 139, 168, 3, 46,
       49, 66, 194, 149, 130, 16, 74, 106, 13, 106, 25, 2, 220, 199, 81,
       132, 184, 218, 96, 4, 136, 33, 168, 45, 56, 249, 101, 244, 127,
       107, 18, 115, 238, 254, 44, 211, 61, 215, 56, 30, 252, 127, 56,
       137, 240, 241, 8, 71, 223, 33, 144, 239, 249, 86, 113, 154, 28,
       63, 254, 3, 236, 53, 103, 189, 74, 103, 16, 62, 255, 32, 121, 166,
       59, 249, 0, 35, 141, 50, 239, 211, 243, 82, 11, 10, 80, 167, 59,
       173, 57, 121, 97, 240, 14, 127, 87, 97, 232, 126, 76, 31, 23, 129,
       48, 182, 188, 84, 120, 217, 184, 113, 14, 239, 205, 37, 196, 106,
       160, 194, 179, 2, 16, 54, 141, 125, 199, 184, 106, 172, 137, 210,
       2, 236, 158, 32, 64, 254, 189, 255, 161, 128, 187, 19, 220, 149,
       50, 154, 138, 20, 12, 49, 139, 187, 223, 98, 186, 126, 149, 223,
       254, 213, 76, 220, 231, 57, 221, 178, 196, 126, 170, 151, 205,
       239, 171, 38, 255, 114, 77, 174, 136, 63, 158, 240, 217, 37, 119,
       113, 67, 244, 143, 235, 216, 125, 232, 125, 228, 209, 69, 157,
       164, 126, 72, 22, 126, 227, 176, 109, 254, 36, 30, 37, 132, 95,
       155, 210, 181, 66, 16, 22, 140, 93, 135, 184, 67, 60, 9, 210, 2,
       172, 154, 32, 72, 232, 189, 187, 129, 0, 187, 19, 196, 149, 48,
       154, 10, 20, 8, 49, 138, 26, 48, 22, 169, 103, 15, 248, 80, 45,
       40, 242, 2, 140, 154, 32, 72, 238, 157, 127, 129, 0, 191, 17, 192,
       149, 249, 154, 130, 5, 8, 99, 139, 155, 223, 111, 254, 62, 144,
       207, 119, 213, 72, 220, 230, 57, 254, 182, 97, 110, 179, 191, 201,
       237, 139, 38, 255, 242, 239, 254, 136, 63, 152, 176, 121, 10, 0,
       22, 137, 109, 215, 184, 64, 44, 1, 215, 2, 140, 158, 34, 72, 232,
       61, 187, 209, 2, 191, 19, 208, 149, 177, 154, 11, 22, 12, 41, 130,
       187, 223, 111, 254, 126, 148, 223, 254, 149, 78, 220, 230, 121,
       239, 182, 225, 110, 186, 191, 205, 239, 143, 54, 255, 242, 239,
       250, 136, 63, 156, 252, 249 ]
keypoints: !!opencv-matrix
   rows: 39
   cols: 2
   dt: d
   data: [ 326., 31., 311., 34., 261., 41., 59., 45., 241., 98., 47.,
       122., 45., 128., 38., 161., 135., 175., 147., 189., 134., 207.,
       49., 237., 130., 243., 144., 243., 234., 250., 255., 253., 34.,
       254., 6.0000003814697266e+01, 3.7200000762939453e+01, 264.,
       4.0800003051757812e+01, 3.9600002288818359e+01,
       6.3600002288818359e+01, 4.9200000762939453e+01,
       1.0680000305175781e+02, 3.8400001525878906e+01,
       1.5960000610351562e+02, 138., 1.8840000915527344e+02,
       4.4400001525878906e+01, 2.4000001525878906e+02,
       5.7600002288818359e+01, 5.1840003967285156e+01,
       2.6208001708984375e+02, 5.3280002593994141e+01,
       2.4048001098632812e+02, 9.7920005798339844e+01,
       5.0400001525878906e+01, 9.9360000610351562e+01,
       4.7520000457763672e+01, 2.3472001647949219e+02,
       1.2960000610351562e+02, 2.4192001342773438e+02,
       2.3472001647949219e+02, 2.4912001037597656e+02,
       2.3846401977539062e+02, 9.3312011718750000e+01,
       1.4515200805664062e+02, 1.9008001708984375e+02,
       1.4342401123046875e+02, 2.4364802551269531e+02,
       2.3846403503417969e+02, 9.3312011718750000e+01,
       2.4053762817382812e+02, 9.9532814025878906e+01,
       1.3893121337890625e+02, 1.8869763183593750e+02,
       2.3887878417968750e+02, 9.2067863464355469e+01,
       1.4183427429199219e+02, 1.8911236572265625e+02 ]
