%YAML:1.0
---
descriptors: !!opencv-matrix
   rows: 190
   cols: 32
   dt: u
   data: [ 27, 29, 114, 172, 52, 150, 255, 119, 69, 77, 222, 6, 48, 191,
       182, 96, 108, 170, 31, 141, 201, 187, 33, 255, 243, 253, 190, 128,
       54, 138, 240, 217, 17, 68, 31, 161, 146, 43, 167, 231, 44, 163,
       250, 64, 95, 34, 33, 144, 187, 201, 70, 182, 57, 185, 17, 110,
       184, 198, 15, 22, 233, 90, 163, 136, 189, 248, 249, 81, 77, 95,
       211, 216, 87, 254, 180, 10, 26, 157, 87, 46, 25, 220, 214, 90,
       203, 118, 248, 176, 95, 89, 5, 54, 227, 63, 94, 254, 109, 121,
       185, 100, 233, 93, 85, 159, 235, 254, 52, 8, 190, 191, 195, 63,
       135, 94, 116, 122, 193, 99, 250, 0, 235, 217, 101, 190, 194, 240,
       199, 251, 129, 2, 83, 217, 116, 170, 105, 18, 124, 9, 119, 80,
       191, 3, 176, 252, 18, 40, 6, 28, 51, 188, 33, 95, 4, 190, 50, 64,
       208, 136, 67, 161, 6, 189, 145, 154, 249, 173, 176, 207, 158, 25,
       104, 73, 140, 243, 104, 204, 197, 27, 203, 144, 19, 11, 90, 244,
       156, 214, 30, 110, 154, 69, 161, 135, 215, 83, 111, 160, 50, 15,
       91, 112, 45, 104, 147, 239, 85, 14, 151, 113, 182, 149, 93, 231,
       233, 149, 37, 204, 240, 136, 171, 150, 45, 163, 35, 117, 188, 110,
       107, 110, 116, 207, 67, 112, 85, 108, 125, 73, 115, 77, 49, 17,
       88, 168, 7, 110, 233, 178, 72, 63, 227, 201, 32, 48, 115, 171, 86,
       240, 105, 149, 189, 100, 184, 110, 95, 59, 41, 237, 191, 108, 222,
       55, 128, 114, 151, 215, 125, 40, 153, 200, 241, 15, 235, 255, 117,
       212, 130, 224, 134, 113, 41, 33, 239, 229, 228, 14, 237, 49, 64,
       168, 119, 76, 211, 33, 152, 35, 24, 228, 84, 106, 217, 240, 225,
       8, 230, 219, 229, 128, 106, 250, 210, 161, 24, 185, 146, 234, 153,
       221, 80, 65, 175, 21, 173, 9, 46, 159, 98, 144, 172, 187, 253, 80,
       30, 43, 18, 209, 155, 209, 0, 123, 210, 6, 175, 27, 240, 113, 90,
       238, 26, 205, 83, 120, 161, 0, 173, 40, 119, 215, 33, 48, 190,
       185, 84, 98, 72, 3, 16, 31, 211, 205, 33, 57, 112, 35, 38, 35,
       137, 221, 89, 107, 17, 204, 99, 181, 117, 73, 102, 64, 179, 23, 0,
       244, 80, 58, 12, 88, 107, 152, 113, 63, 227, 253, 36, 64, 122,
       130, 226, 56, 18, 221, 120, 234, 126, 197, 223, 239, 143, 8, 92,
       3, 61, 222, 54, 96, 234, 187, 23, 193, 74, 43, 26, 255, 243, 205,
       174, 235, 53, 18, 245, 203, 182, 172, 109, 236, 221, 71, 207, 250,
       29, 226, 216, 138, 121, 109, 29, 33, 123, 221, 95, 173, 105, 15,
       87, 222, 121, 15, 143, 188, 189, 120, 119, 186, 164, 253, 157,
       251, 237, 239, 151, 239, 154, 187, 184, 24, 214, 253, 105, 18,
       217, 95, 98, 115, 122, 99, 218, 179, 253, 151, 69, 127, 208, 123,
       199, 162, 112, 188, 254, 118, 27, 201, 117, 163, 243, 143, 182,
       169, 111, 253, 71, 27, 163, 247, 236, 0, 60, 107, 139, 237, 123,
       255, 85, 59, 227, 232, 102, 91, 60, 105, 105, 109, 12, 91, 199,
       152, 87, 228, 180, 170, 211, 13, 151, 32, 90, 212, 197, 235, 204,
       50, 109, 24, 102, 201, 165, 53, 119, 187, 86, 98, 80, 201, 26,
       183, 52, 140, 119, 244, 244, 12, 198, 1, 183, 163, 35, 80, 192,
       226, 78, 74, 104, 137, 64, 47, 241, 167, 182, 1, 32, 144, 104, 10,
       168, 246, 48, 218, 109, 221, 182, 237, 206, 31, 117, 56, 174, 220,
       108, 165, 205, 58, 130, 67, 118, 47, 42, 179, 103, 209, 80, 59,
       82, 30, 205, 239, 110, 50, 211, 240, 234, 98, 57, 82, 187, 223,
       113, 249, 157, 199, 73, 26, 247, 157, 247, 176, 17, 214, 162, 64,
       221, 213, 187, 206, 164, 193, 39, 243, 129, 79, 119, 69, 116, 14,
       237, 55, 125, 232, 126, 68, 147, 1, 149, 117, 86, 36, 70, 44, 225,
       184, 101, 14, 100, 186, 32, 128, 78, 184, 66, 169, 201, 30, 151,
       191, 33, 38, 104, 50, 188, 82, 67, 85, 253, 34, 17, 219, 167, 103,
       121, 175, 161, 197, 147, 77, 197, 243, 218, 0, 8, 117, 33, 24,
       150, 190, 250, 244, 118, 243, 186, 194, 170, 173, 58, 187, 13,
       252, 247, 2, 175, 125, 213, 145, 22, 251, 132, 194, 122, 197, 47,
       235, 229, 108, 63, 131, 129, 146, 239, 241, 70, 139, 233, 83, 124,
       240, 86, 246, 157, 138, 176, 104, 110, 173, 62, 156, 131, 248, 39,
       192, 28, 171, 251, 196, 172, 136, 97, 185, 48, 135, 82, 174, 179,
       203, 86, 103, 29, 1, 251, 163, 103, 166, 32, 212, 250, 187, 142,
       32, 92, 187, 1, 159, 184, 246, 6, 83, 113, 142, 164, 143, 222,
       214, 170, 146, 225, 100, 125, 142, 59, 87, 134, 181, 76, 231, 79,
       223, 243, 215, 173, 214, 120, 71, 186, 226, 251, 243, 223, 175,
       130, 117, 175, 114, 248, 203, 26, 254, 52, 136, 87, 244, 165, 4,
       230, 9, 55, 195, 42, 80, 96, 226, 78, 74, 74, 171, 0, 45, 240,
       163, 52, 25, 34, 146, 108, 10, 14, 48, 211, 225, 242, 239, 41, 90,
       63, 97, 124, 240, 157, 135, 200, 188, 55, 29, 23, 184, 19, 152,
       176, 64, 141, 213, 58, 228, 170, 193, 167, 177, 94, 36, 211, 229,
       146, 230, 107, 27, 59, 201, 79, 210, 221, 247, 192, 244, 119, 253,
       61, 184, 17, 144, 177, 202, 221, 239, 171, 196, 162, 225, 39, 48,
       34, 173, 82, 128, 213, 215, 182, 103, 77, 164, 248, 3, 8, 156, 54,
       132, 232, 185, 131, 241, 84, 187, 16, 222, 57, 20, 143, 103, 85,
       14, 253, 134, 12, 175, 60, 218, 237, 249, 183, 233, 223, 31, 61,
       56, 238, 236, 110, 173, 147, 83, 202, 115, 118, 99, 42, 245, 63,
       211, 85, 127, 210, 79, 143, 231, 82, 249, 26, 250, 57, 193, 19,
       224, 143, 4, 137, 41, 188, 214, 101, 112, 194, 185, 201, 194, 78,
       11, 154, 255, 243, 245, 138, 123, 16, 3, 39, 26, 50, 24, 173, 237,
       29, 71, 201, 123, 87, 232, 144, 10, 179, 61, 20, 33, 200, 181,
       127, 169, 169, 235, 113, 220, 219, 159, 219, 16, 29, 40, 118, 58,
       233, 249, 185, 69, 108, 93, 215, 125, 75, 236, 180, 104, 187, 60,
       214, 183, 140, 116, 84, 90, 237, 111, 242, 170, 111, 217, 101,
       186, 66, 188, 194, 253, 137, 48, 189, 245, 42, 110, 57, 19, 46,
       123, 86, 244, 157, 151, 192, 107, 39, 29, 127, 141, 129, 212, 243,
       66, 197, 235, 122, 128, 12, 192, 5, 121, 56, 185, 58, 106, 121,
       221, 82, 80, 35, 13, 189, 9, 63, 159, 98, 144, 188, 187, 197, 80,
       30, 43, 144, 181, 251, 221, 32, 123, 114, 10, 78, 203, 129, 95,
       127, 69, 100, 142, 101, 54, 125, 202, 118, 68, 183, 49, 145, 117,
       132, 54, 118, 12, 225, 188, 113, 78, 103, 187, 114, 128, 72, 144,
       67, 169, 105, 177, 241, 100, 249, 94, 95, 55, 105, 233, 190, 108,
       223, 55, 132, 182, 150, 214, 252, 40, 145, 107, 241, 15, 239, 253,
       32, 244, 66, 160, 198, 121, 79, 166, 172, 183, 42, 160, 185, 138,
       186, 255, 3, 145, 213, 254, 90, 106, 135, 69, 121, 149, 182, 220,
       207, 34, 204, 39, 255, 197, 132, 69, 153, 67, 250, 198, 104, 191,
       83, 35, 155, 174, 19, 39, 220, 191, 97, 39, 10, 4, 93, 222, 245,
       132, 42, 30, 201, 191, 246, 231, 152, 179, 63, 156, 30, 218, 14,
       185, 144, 171, 185, 157, 160, 239, 142, 25, 8, 68, 140, 242, 104,
       196, 193, 27, 138, 16, 19, 9, 90, 244, 172, 212, 31, 110, 152, 10,
       169, 141, 116, 189, 153, 250, 255, 205, 151, 235, 154, 186, 176,
       40, 246, 245, 97, 51, 155, 127, 110, 16, 115, 107, 218, 59, 249,
       150, 85, 126, 208, 120, 135, 171, 50, 189, 112, 224, 253, 205,
       158, 239, 143, 45, 184, 11, 42, 221, 116, 0, 136, 187, 215, 81,
       90, 43, 90, 247, 59, 92, 141, 251, 85, 14, 214, 223, 51, 253, 122,
       74, 121, 221, 210, 231, 205, 76, 252, 9, 42, 156, 182, 52, 232,
       170, 198, 68, 222, 43, 52, 255, 59, 92, 4, 123, 115, 142, 238,
       206, 109, 100, 152, 61, 104, 56, 100, 155, 234, 211, 173, 220,
       215, 226, 203, 250, 81, 76, 110, 30, 7, 102, 238, 2, 150, 253,
       103, 45, 202, 240, 107, 148, 137, 198, 124, 153, 172, 157, 100,
       255, 95, 127, 116, 21, 143, 128, 126, 73, 147, 10, 46, 44, 230,
       124, 79, 211, 230, 219, 117, 109, 90, 152, 201, 132, 106, 104, 86,
       171, 111, 222, 244, 68, 173, 36, 242, 11, 140, 154, 7, 223, 234,
       189, 251, 195, 68, 179, 210, 224, 149, 112, 154, 11, 66, 23, 111,
