%YAML:1.0
---
descriptors: !!opencv-matrix
   rows: 146
   cols: 32
   dt: u
   data: [ 71, 51, 249, 3, 242, 189, 187, 82, 47, 109, 95, 237, 156, 140,
       223, 172, 183, 11, 215, 29, 151, 144, 228, 80, 156, 28, 58, 230,
       206, 199, 19, 213, 118, 249, 191, 250, 169, 197, 23, 204, 171, 93,
       188, 41, 190, 255, 111, 58, 133, 243, 253, 82, 10, 75, 170, 49,
       219, 215, 125, 187, 144, 83, 7, 123, 209, 81, 149, 237, 164, 78,
       77, 156, 62, 250, 178, 64, 247, 23, 73, 123, 215, 213, 125, 123,
       233, 212, 89, 24, 205, 186, 127, 148, 8, 241, 1, 57, 20, 133, 46,
       173, 150, 195, 223, 255, 20, 132, 218, 3, 215, 119, 58, 65, 120,
       243, 31, 235, 120, 185, 1, 46, 249, 165, 174, 64, 53, 219, 180,
       74, 163, 44, 230, 19, 237, 253, 244, 87, 251, 255, 116, 157, 170,
       136, 215, 191, 139, 174, 246, 29, 167, 126, 246, 192, 6, 90, 84,
       171, 207, 220, 90, 223, 121, 160, 56, 42, 9, 157, 81, 201, 102,
       53, 173, 9, 131, 138, 78, 16, 137, 138, 104, 16, 14, 43, 123, 17,
       219, 157, 17, 125, 217, 2, 198, 78, 57, 223, 107, 77, 118, 139,
       239, 244, 117, 72, 124, 230, 59, 9, 180, 48, 126, 170, 22, 236,
       201, 186, 36, 255, 118, 237, 164, 128, 127, 154, 242, 185, 124,
       32, 189, 112, 173, 104, 81, 15, 226, 191, 166, 56, 151, 177, 65,
       59, 129, 150, 108, 16, 26, 109, 226, 0, 219, 227, 117, 125, 224,
       96, 198, 35, 3, 141, 19, 221, 151, 150, 174, 231, 126, 65, 122,
       82, 172, 186, 180, 224, 243, 43, 130, 145, 247, 184, 36, 255, 47,
       127, 158, 66, 221, 0, 233, 172, 185, 117, 243, 68, 29, 127, 71,
       254, 113, 238, 168, 8, 114, 125, 21, 48, 153, 214, 84, 42, 233,
       35, 121, 14, 51, 222, 5, 60, 99, 250, 70, 104, 57, 79, 67, 205,
       86, 18, 111, 244, 117, 64, 254, 230, 115, 3, 180, 244, 122, 236,
       38, 238, 201, 186, 101, 175, 178, 236, 162, 128, 111, 186, 112,
       172, 178, 92, 123, 238, 79, 69, 222, 228, 137, 10, 176, 42, 34,
       221, 37, 19, 232, 241, 85, 227, 104, 39, 0, 234, 179, 216, 138,
       187, 117, 58, 118, 11, 98, 32, 226, 141, 125, 31, 216, 75, 91,
       165, 244, 27, 174, 136, 54, 40, 250, 140, 215, 129, 164, 255, 225,
       223, 151, 126, 154, 251, 215, 12, 87, 198, 53, 221, 79, 237, 164,
       3, 111, 241, 84, 138, 242, 98, 115, 59, 176, 97, 120, 228, 30,
       235, 249, 191, 41, 173, 242, 239, 231, 128, 61, 187, 240, 33, 244,
       33, 185, 70, 141, 111, 195, 9, 119, 231, 167, 24, 210, 117, 77,
       62, 152, 212, 121, 58, 25, 103, 251, 8, 209, 152, 65, 60, 193,
       107, 70, 98, 18, 75, 90, 188, 114, 195, 59, 102, 173, 4, 210, 163,
       45, 143, 163, 80, 102, 185, 143, 193, 64, 139, 4, 253, 240, 161,
       186, 203, 53, 128, 45, 91, 124, 29, 124, 238, 188, 246, 83, 184,
       197, 132, 237, 2, 115, 125, 51, 97, 88, 242, 143, 122, 184, 163,
       123, 172, 251, 235, 129, 89, 247, 171, 124, 66, 34, 176, 148, 154,
       221, 205, 144, 239, 158, 49, 161, 25, 142, 248, 104, 140, 201, 27,
       234, 17, 22, 107, 90, 213, 141, 22, 95, 127, 208, 8, 213, 134,
       125, 5, 185, 101, 149, 126, 65, 10, 113, 226, 238, 8, 83, 55, 1,
       122, 248, 212, 124, 40, 41, 242, 241, 10, 215, 239, 65, 20, 225,
       113, 102, 106, 102, 249, 187, 250, 120, 193, 27, 200, 171, 92,
       168, 41, 126, 223, 97, 16, 134, 251, 247, 81, 74, 11, 170, 49,
       249, 213, 47, 187, 16, 34, 7, 251, 154, 191, 50, 184, 243, 197,
       93, 119, 185, 79, 204, 27, 47, 159, 34, 17, 167, 187, 213, 1, 126,
       143, 50, 223, 243, 211, 26, 171, 50, 68, 167, 91, 172, 242, 252,
       123, 236, 47, 67, 152, 86, 191, 181, 24, 211, 113, 217, 57, 89,
       216, 70, 122, 186, 118, 107, 50, 79, 159, 245, 116, 243, 251, 86,
       161, 100, 180, 49, 105, 89, 79, 67, 121, 43, 105, 169, 88, 214,
       87, 8, 116, 157, 153, 89, 42, 91, 38, 120, 87, 165, 188, 3, 126,
       80, 34, 199, 243, 88, 186, 156, 112, 171, 168, 16, 135, 171, 189,
       166, 61, 142, 163, 66, 90, 167, 55, 237, 16, 22, 73, 194, 64, 218,
       211, 116, 123, 192, 64, 143, 11, 2, 141, 83, 219, 245, 195, 171,
       231, 31, 9, 92, 50, 184, 183, 164, 68, 123, 59, 23, 152, 115, 152,
       33, 255, 44, 62, 190, 194, 22, 8, 165, 171, 57, 210, 79, 239, 36,
       6, 79, 253, 84, 200, 247, 102, 115, 123, 184, 113, 126, 196, 62,
       234, 201, 178, 109, 45, 240, 235, 230, 128, 125, 187, 240, 33, 41,
       89, 121, 111, 124, 207, 83, 248, 100, 104, 252, 8, 114, 87, 33,
       48, 156, 120, 70, 106, 73, 178, 120, 61, 103, 205, 33, 48, 115,
       187, 70, 235, 34, 0, 102, 153, 125, 167, 184, 67, 29, 33, 242,
       147, 108, 14, 52, 9, 236, 149, 127, 149, 0, 255, 65, 220, 151, 26,
       218, 210, 69, 12, 53, 130, 53, 79, 99, 12, 86, 18, 206, 244, 117,
       192, 250, 230, 115, 104, 181, 112, 126, 236, 22, 239, 205, 179, 5,
       142, 50, 108, 165, 128, 109, 187, 114, 141, 176, 64, 122, 236, 70,
       70, 113, 64, 113, 134, 242, 3, 19, 29, 33, 88, 248, 253, 7, 224,
       8, 183, 17, 138, 211, 237, 130, 1, 97, 185, 100, 162, 66, 48, 246,
       213, 110, 132, 184, 7, 59, 33, 242, 51, 188, 30, 84, 74, 230, 55,
       255, 145, 144, 222, 211, 193, 85, 58, 218, 194, 132, 0, 163, 155,
       151, 207, 107, 199, 164, 6, 237, 180, 117, 104, 215, 66, 209, 13,
       190, 105, 126, 206, 29, 239, 233, 240, 109, 237, 119, 43, 230,
       196, 39, 147, 240, 121, 5, 239, 228, 71, 246, 10, 239, 252, 119,
       160, 254, 226, 243, 97, 148, 100, 127, 206, 62, 238, 232, 248,
       237, 63, 108, 174, 231, 132, 103, 251, 208, 168, 9, 148, 247, 87,
       21, 254, 105, 23, 117, 67, 103, 80, 251, 60, 156, 228, 81, 30, 52,
       152, 191, 188, 117, 143, 207, 255, 144, 64, 202, 128, 240, 116,
       124, 239, 134, 127, 221, 123, 230, 238, 215, 180, 238, 11, 99,
       233, 79, 212, 121, 238, 234, 226, 76, 227, 223, 61, 63, 231, 197,
       127, 227, 127, 252, 134, 222, 185, 188, 242, 139, 225, 21, 195,
       191, 53, 165, 57, 14, 191, 64, 123, 131, 147, 233, 144, 58, 75,
       186, 244, 219, 211, 95, 127, 178, 64, 167, 50, 91, 87, 98, 5, 178,
       18, 78, 183, 117, 230, 222, 231, 75, 110, 183, 212, 54, 231, 189,
       238, 236, 153, 45, 206, 186, 110, 165, 148, 47, 246, 188, 93, 85,
       145, 29, 235, 146, 238, 91, 184, 124, 201, 111, 68, 215, 119, 136,
       112, 116, 117, 60, 126, 161, 128, 121, 46, 237, 175, 39, 80, 184,
       227, 1, 49, 198, 239, 156, 190, 184, 161, 158, 188, 159, 191, 17,
       249, 236, 238, 237, 11, 151, 123, 237, 83, 246, 75, 138, 251, 170,
       86, 125, 255, 148, 255, 141, 9, 90, 57, 188, 186, 153, 224, 21,
       198, 171, 157, 140, 169, 46, 191, 75, 90, 193, 211, 237, 145, 26,
       75, 219, 161, 251, 213, 158, 59, 130, 87, 165, 90, 75, 158, 174,
       85, 162, 248, 189, 183, 190, 223, 78, 180, 188, 166, 210, 239, 39,
       119, 249, 157, 177, 221, 167, 98, 76, 47, 126, 192, 142, 116, 173,
       125, 189, 83, 125, 237, 38, 10, 111, 184, 100, 232, 247, 230, 83,
       91, 153, 97, 126, 204, 63, 238, 201, 180, 109, 13, 246, 235, 231,
       132, 109, 187, 112, 49, 124, 191, 134, 62, 217, 191, 22, 255, 183,
       252, 254, 109, 98, 252, 111, 148, 253, 246, 238, 98, 220, 235,
       219, 61, 59, 247, 101, 255, 203, 126, 254, 95, 2, 141, 18, 155,
       213, 209, 182, 231, 30, 5, 72, 131, 172, 254, 36, 196, 249, 59,
       147, 145, 118, 152, 26, 255, 45, 22, 158, 99, 144, 12, 189, 142,
       82, 35, 18, 137, 10, 129, 160, 72, 166, 32, 200, 162, 164, 130,
       96, 212, 96, 189, 234, 208, 2, 11, 199, 85, 148, 36, 139, 123, 16,
       2, 39, 172, 137, 120, 61, 91, 73, 221, 117, 21, 236, 80, 102, 8,
       186, 151, 64, 255, 128, 50, 122, 72, 67, 236, 243, 49, 71, 217,
       80, 24, 66, 8, 197, 170, 218, 64, 233, 215, 70, 80, 253, 55, 56,
       198, 86, 146, 57, 63, 150, 107, 38, 159, 55, 137, 224, 220, 165,
       194, 71, 43, 254, 129, 39, 208, 181, 232, 45, 252, 250, 112, 245,
       253, 219, 211, 123, 237, 189, 29, 159, 157, 194, 180, 191, 186,
       214, 24, 183, 111, 188, 150, 255, 221, 21, 255, 194, 196, 207,
