%YAML:1.0
---
descriptors: !!opencv-matrix
   rows: 85
   cols: 32
   dt: u
   data: [ 147, 203, 79, 252, 22, 129, 78, 247, 132, 0, 210, 230, 49,
       130, 176, 97, 106, 226, 31, 205, 233, 143, 6, 253, 240, 169, 190,
       136, 61, 152, 240, 40, 177, 218, 107, 254, 126, 129, 207, 112,
       212, 72, 244, 230, 51, 201, 180, 33, 110, 168, 23, 207, 233, 175,
       38, 189, 112, 201, 170, 152, 125, 187, 112, 185, 97, 141, 93, 101,
       180, 110, 103, 55, 96, 224, 238, 72, 243, 49, 144, 51, 16, 102,
       124, 106, 121, 248, 225, 44, 229, 251, 101, 16, 96, 226, 194, 40,
       137, 166, 251, 251, 244, 169, 249, 23, 127, 83, 118, 246, 189,
       171, 212, 104, 167, 43, 31, 29, 179, 252, 39, 243, 206, 223, 50,
       192, 206, 192, 129, 249, 173, 245, 58, 109, 240, 142, 127, 187,
       124, 200, 126, 16, 255, 115, 136, 49, 182, 124, 86, 106, 225, 180,
       49, 63, 239, 253, 37, 0, 74, 177, 194, 163, 182, 20, 92, 163, 245,
       46, 254, 236, 61, 174, 179, 31, 206, 126, 31, 81, 251, 221, 223,
       227, 108, 243, 89, 238, 189, 154, 207, 151, 229, 127, 255, 151,
       44, 112, 184, 99, 109, 127, 82, 152, 67, 252, 53, 12, 219, 93, 75,
       186, 153, 92, 215, 126, 136, 112, 249, 176, 207, 223, 37, 53, 194,
       251, 94, 211, 65, 159, 125, 101, 180, 46, 111, 55, 104, 234, 122,
       68, 243, 33, 144, 112, 22, 230, 124, 44, 249, 184, 229, 14, 236,
       255, 36, 128, 72, 226, 66, 57, 3, 16, 117, 193, 37, 220, 248, 2,
       237, 89, 118, 16, 156, 30, 22, 126, 162, 9, 127, 157, 135, 184,
       115, 192, 7, 120, 18, 66, 74, 4, 65, 183, 126, 125, 18, 141, 221,
       93, 254, 231, 45, 38, 250, 11, 142, 190, 43, 197, 232, 223, 207,
       163, 92, 179, 209, 224, 181, 52, 142, 19, 135, 124, 253, 214, 34,
       221, 17, 254, 219, 205, 23, 226, 155, 28, 169, 8, 166, 247, 37,
       148, 142, 115, 235, 66, 75, 11, 218, 253, 161, 246, 13, 59, 80,
       91, 135, 186, 99, 185, 128, 154, 137, 133, 148, 207, 143, 25, 128,
       93, 174, 210, 98, 138, 205, 35, 235, 5, 14, 75, 210, 241, 137, 16,
       222, 58, 152, 76, 137, 158, 220, 124, 191, 254, 171, 106, 55, 207,
       255, 218, 254, 56, 254, 255, 77, 123, 255, 247, 255, 226, 97, 231,
       187, 234, 243, 247, 87, 27, 192, 113, 167, 59, 248, 118, 123, 236,
       41, 126, 249, 95, 233, 236, 191, 60, 31, 159, 135, 186, 254, 149,
       255, 162, 137, 135, 177, 202, 211, 249, 34, 187, 66, 213, 39, 243,
       20, 67, 107, 173, 20, 75, 103, 120, 84, 228, 239, 131, 83, 69,
       187, 64, 120, 204, 6, 239, 72, 176, 109, 12, 224, 167, 167, 5, 53,
       187, 116, 224, 27, 191, 105, 235, 246, 147, 239, 253, 71, 72, 124,
       230, 123, 73, 156, 36, 126, 235, 23, 239, 219, 184, 44, 255, 126,
       205, 167, 224, 127, 134, 208, 177, 27, 227, 96, 209, 183, 153,
       252, 239, 31, 53, 220, 187, 137, 174, 222, 164, 59, 139, 215, 149,
       94, 88, 230, 213, 190, 83, 223, 239, 55, 156, 158, 206, 209, 83,
       223, 165, 34, 2, 46, 53, 184, 202, 210, 229, 245, 102, 145, 195,
       54, 101, 124, 111, 225, 213, 165, 106, 160, 163, 111, 128, 44,
       242, 169, 89, 25, 140, 66, 185, 180, 163, 227, 247, 23, 75, 222,
       18, 121, 235, 178, 96, 127, 170, 6, 157, 187, 191, 37, 255, 250,
       207, 187, 192, 183, 201, 240, 233, 27, 142, 255, 249, 242, 178,
       107, 215, 63, 67, 94, 242, 125, 227, 176, 104, 119, 175, 63, 152,
       179, 156, 37, 247, 222, 239, 186, 192, 183, 192, 161, 160, 200,
       157, 152, 225, 176, 207, 121, 23, 62, 169, 126, 24, 191, 179, 64,
       112, 135, 31, 127, 24, 106, 152, 209, 23, 207, 253, 54, 229, 144,
       192, 79, 11, 173, 123, 248, 103, 100, 95, 71, 144, 67, 238, 189,
       12, 211, 221, 223, 50, 28, 252, 84, 122, 201, 54, 249, 42, 103,
       221, 37, 48, 99, 251, 86, 241, 66, 185, 159, 248, 187, 201, 49,
       199, 174, 21, 0, 49, 172, 151, 96, 82, 163, 51, 235, 80, 18, 73,
       146, 112, 221, 176, 30, 123, 144, 0, 135, 106, 122, 165, 50, 141,
       221, 95, 180, 103, 45, 36, 250, 11, 142, 62, 34, 196, 248, 159,
       207, 161, 92, 187, 209, 200, 181, 116, 142, 19, 147, 124, 181,
       206, 113, 177, 151, 76, 89, 207, 16, 104, 235, 216, 227, 8, 254,
       211, 13, 182, 184, 189, 108, 64, 75, 179, 250, 93, 157, 184, 1,
       22, 74, 34, 67, 54, 99, 184, 144, 184, 13, 141, 80, 143, 143, 57,
       160, 13, 174, 186, 66, 151, 201, 3, 235, 21, 30, 106, 210, 177,
       137, 213, 26, 123, 216, 12, 11, 31, 220, 93, 53, 231, 176, 78, 71,
       184, 36, 234, 139, 64, 215, 119, 9, 83, 22, 212, 93, 106, 105,
       129, 121, 46, 225, 230, 101, 20, 32, 243, 5, 113, 56, 201, 24,
       110, 93, 205, 82, 232, 135, 4, 172, 9, 43, 223, 34, 16, 216, 240,
       198, 66, 78, 43, 90, 185, 243, 221, 1, 123, 115, 42, 78, 138, 222,
       222, 255, 254, 191, 66, 127, 238, 191, 191, 214, 179, 236, 239,
       47, 91, 255, 247, 255, 194, 120, 203, 171, 255, 251, 247, 223,
       147, 165, 125, 165, 123, 221, 94, 223, 167, 34, 10, 47, 180, 56,
       234, 214, 228, 255, 102, 131, 251, 54, 117, 124, 239, 233, 213,
       173, 106, 180, 227, 111, 128, 44, 247, 35, 121, 27, 158, 107, 249,
       180, 163, 235, 247, 21, 73, 222, 102, 57, 171, 176, 96, 127, 171,
       31, 157, 187, 185, 37, 255, 254, 239, 186, 192, 189, 200, 240,
       249, 13, 15, 146, 143, 245, 183, 230, 227, 95, 9, 89, 2, 238, 232,
       53, 196, 216, 106, 6, 76, 150, 184, 72, 255, 44, 126, 166, 8, 150,
       223, 241, 140, 10, 158, 24, 187, 177, 239, 62, 175, 63, 79, 78,
       181, 236, 255, 34, 80, 215, 123, 187, 20, 54, 152, 89, 255, 239,
       87, 30, 195, 146, 68, 141, 91, 138, 157, 246, 251, 253, 236, 248,
       35, 255, 91, 87, 19, 172, 190, 22, 233, 239, 183, 191, 145, 178,
       252, 218, 247, 143, 123, 218, 195, 134, 140, 141, 215, 10, 156,
       154, 251, 181, 229, 182, 198, 31, 15, 92, 55, 172, 255, 34, 64,
       223, 123, 131, 144, 50, 156, 83, 255, 239, 215, 158, 203, 146, 76,
       173, 155, 56, 255, 88, 50, 249, 221, 86, 254, 167, 61, 172, 45,
       47, 191, 74, 144, 143, 219, 197, 66, 78, 75, 90, 53, 251, 195, 53,
       255, 122, 149, 14, 219, 58, 228, 102, 147, 223, 209, 252, 239,
       159, 119, 149, 187, 8, 238, 126, 165, 107, 139, 211, 149, 94, 127,
       190, 213, 63, 83, 223, 239, 167, 140, 254, 214, 11, 190, 251, 249,
       242, 177, 185, 87, 31, 91, 92, 246, 188, 159, 228, 104, 231, 59,
       151, 145, 179, 156, 34, 247, 78, 95, 58, 202, 158, 204, 161, 249,
       136, 60, 28, 255, 97, 254, 117, 55, 189, 186, 103, 16, 191, 59, 0,
       249, 133, 63, 252, 0, 96, 252, 80, 30, 199, 251, 112, 3, 66, 64,
       75, 139, 193, 149, 63, 119, 160, 78, 103, 53, 232, 200, 111, 8,
       247, 119, 0, 115, 132, 118, 124, 106, 113, 233, 177, 45, 229, 251,
       100, 0, 72, 242, 195, 121, 237, 124, 249, 101, 100, 78, 207, 180,
       113, 238, 118, 12, 243, 125, 213, 49, 28, 252, 20, 110, 233, 246,
       241, 42, 119, 201, 101, 176, 103, 249, 86, 249, 131, 242, 195,
       153, 230, 155, 188, 87, 30, 75, 80, 247, 172, 142, 254, 204, 127,
       11, 151, 149, 167, 156, 5, 211, 12, 22, 62, 194, 157, 156, 169,
       157, 71, 243, 128, 129, 188, 31, 172, 23, 43, 253, 155, 237, 204,
       108, 222, 142, 151, 7, 253, 53, 213, 65, 197, 192, 172, 20, 191,
       246, 142, 206, 147, 85, 95, 55, 144, 35, 177, 62, 96, 27, 107,
       233, 59, 68, 206, 114, 78, 254, 183, 7, 236, 53, 149, 144, 153,
       192, 156, 252, 7, 198, 138, 102, 171, 21, 105, 113, 23, 76, 121,
       221, 48, 88, 235, 200, 181, 108, 254, 210, 141, 182, 184, 176,
       236, 96, 195, 35, 243, 93, 151, 184, 33, 186, 74, 35, 75, 183,
       156, 36, 155, 245, 132, 110, 105, 27, 50, 163, 67, 18, 151, 183,
       81, 74, 113, 29, 49, 152, 41, 212, 145, 2, 205, 167, 250, 4, 160,
       97, 37, 162, 112, 98, 200, 229, 36, 10, 73, 24, 32, 172, 182, 137,
       147, 7, 83, 26, 30, 196, 109, 108, 8, 208, 193, 8, 198, 205, 165,
       181, 228, 178, 86, 74, 147, 158, 202, 191, 178, 162, 58, 247, 62,
       7, 90, 247, 109, 226, 162, 192, 119, 239, 191, 133, 182, 157, 5,
