%YAML:1.0
---
descriptors: !!opencv-matrix
   rows: 122
   cols: 32
   dt: u
   data: [ 184, 236, 123, 106, 117, 217, 83, 224, 81, 64, 228, 8, 59,
       221, 33, 16, 56, 184, 134, 106, 74, 54, 40, 61, 243, 201, 33, 57,
       115, 139, 78, 234, 242, 96, 26, 172, 27, 201, 82, 72, 173, 132,
       161, 9, 103, 223, 35, 16, 250, 185, 79, 99, 72, 7, 18, 29, 211,
       209, 9, 59, 112, 35, 38, 66, 105, 191, 123, 101, 116, 47, 111, 55,
       104, 232, 126, 76, 243, 33, 144, 48, 148, 110, 22, 44, 209, 184,
       161, 15, 103, 253, 36, 128, 74, 234, 210, 185, 33, 77, 101, 69,
       164, 14, 238, 55, 92, 224, 122, 76, 243, 32, 149, 231, 24, 102,
       126, 109, 233, 184, 117, 14, 36, 186, 101, 16, 77, 248, 208, 44,
       87, 106, 232, 225, 52, 2, 107, 180, 32, 232, 22, 238, 145, 11,
       211, 43, 46, 228, 117, 253, 201, 220, 165, 200, 238, 137, 175,
       224, 173, 177, 80, 104, 71, 157, 190, 147, 151, 212, 180, 166,
       254, 211, 75, 147, 252, 252, 94, 235, 167, 87, 186, 215, 183, 216,
       159, 225, 46, 102, 94, 67, 141, 117, 169, 78, 6, 219, 165, 187,
       172, 2, 189, 158, 134, 253, 154, 247, 196, 237, 114, 78, 207, 87,
       175, 213, 146, 73, 235, 240, 204, 54, 255, 246, 149, 124, 181,
       251, 103, 182, 241, 66, 248, 157, 218, 223, 107, 249, 57, 233, 26,
       252, 222, 52, 159, 219, 215, 21, 151, 58, 234, 243, 62, 92, 45,
       238, 207, 198, 210, 215, 51, 1, 50, 136, 93, 83, 184, 67, 77, 64,
       251, 79, 8, 24, 54, 100, 232, 129, 206, 181, 141, 179, 85, 196,
       20, 56, 138, 75, 93, 14, 123, 134, 41, 48, 63, 124, 121, 253, 177,
       96, 238, 120, 101, 8, 190, 213, 0, 185, 168, 56, 98, 72, 3, 122,
       114, 29, 87, 219, 81, 123, 80, 9, 71, 163, 116, 237, 206, 196,
       220, 2, 103, 237, 51, 166, 174, 139, 97, 99, 83, 23, 121, 238, 97,
       254, 104, 219, 205, 42, 126, 134, 197, 61, 167, 250, 114, 170,
       112, 249, 56, 162, 25, 201, 83, 228, 235, 173, 168, 9, 38, 154,
       66, 16, 136, 249, 204, 80, 94, 11, 234, 53, 249, 213, 5, 127, 32,
       10, 198, 10, 146, 112, 19, 172, 27, 203, 19, 104, 171, 108, 169,
       171, 110, 223, 43, 20, 190, 185, 213, 227, 76, 7, 24, 223, 177,
       212, 11, 191, 50, 39, 39, 87, 154, 165, 115, 248, 95, 213, 216,
       103, 221, 13, 248, 19, 40, 156, 60, 132, 234, 155, 151, 145, 126,
       47, 18, 215, 59, 220, 154, 203, 87, 12, 245, 239, 74, 185, 154,
       184, 217, 245, 176, 67, 154, 53, 89, 11, 140, 190, 102, 200, 201,
       59, 131, 17, 22, 75, 146, 213, 29, 85, 26, 111, 144, 76, 175, 198,
       184, 124, 122, 110, 83, 205, 82, 112, 17, 0, 245, 8, 63, 223, 33,
       144, 250, 185, 149, 98, 72, 39, 24, 189, 243, 201, 32, 59, 115,
       171, 110, 139, 70, 229, 158, 158, 217, 231, 182, 237, 158, 150,
       73, 1, 228, 246, 105, 66, 145, 127, 107, 35, 102, 65, 155, 127,
       45, 54, 143, 47, 16, 114, 141, 134, 129, 146, 59, 91, 116, 174,
       233, 18, 126, 75, 119, 84, 190, 81, 188, 120, 183, 26, 22, 28,
       179, 188, 49, 119, 69, 190, 50, 192, 216, 129, 225, 241, 160, 253,
       123, 75, 84, 207, 227, 244, 68, 12, 116, 8, 50, 21, 180, 53, 56,
       184, 22, 106, 107, 186, 112, 61, 103, 136, 36, 64, 115, 154, 70,
       235, 56, 133, 87, 234, 215, 231, 82, 119, 133, 5, 251, 7, 107,
       239, 46, 192, 252, 187, 135, 36, 28, 187, 16, 157, 251, 239, 32,
       67, 115, 142, 236, 210, 41, 183, 99, 73, 244, 223, 226, 115, 124,
       104, 122, 102, 179, 24, 148, 164, 126, 170, 22, 125, 255, 184,
       117, 31, 46, 93, 32, 192, 127, 138, 90, 157, 190, 7, 106, 46, 124,
       171, 91, 104, 177, 12, 249, 141, 103, 200, 59, 16, 152, 169, 197,
       103, 108, 7, 78, 30, 240, 197, 41, 185, 113, 47, 86, 195, 182, 7,
       107, 172, 120, 235, 91, 104, 145, 204, 249, 233, 103, 207, 41, 17,
       220, 185, 197, 231, 104, 7, 98, 30, 241, 197, 169, 185, 113, 171,
       22, 243, 6, 114, 161, 187, 159, 173, 151, 205, 14, 181, 153, 143,
       140, 200, 95, 8, 155, 75, 203, 21, 22, 97, 120, 224, 165, 84, 159,
       50, 213, 95, 149, 198, 181, 31, 127, 105, 150, 35, 235, 80, 116,
       232, 247, 230, 83, 9, 145, 105, 126, 164, 14, 234, 185, 178, 101,
       14, 212, 235, 160, 128, 109, 171, 112, 33, 86, 251, 33, 178, 60,
       133, 139, 216, 142, 236, 153, 239, 228, 205, 91, 130, 196, 225,
       205, 199, 202, 67, 202, 253, 217, 85, 171, 187, 20, 15, 23, 115,
       6, 153, 165, 179, 184, 134, 171, 184, 142, 253, 155, 199, 236,
       231, 120, 198, 205, 87, 59, 215, 131, 73, 91, 241, 141, 114, 255,
       214, 158, 142, 21, 121, 241, 30, 253, 101, 38, 43, 67, 18, 80,
       226, 246, 238, 179, 33, 145, 123, 126, 228, 44, 110, 169, 252,
       229, 42, 196, 235, 112, 144, 109, 233, 80, 57, 53, 79, 239, 164,
       182, 34, 235, 80, 20, 200, 218, 198, 83, 33, 177, 105, 126, 228,
       31, 255, 169, 179, 37, 142, 240, 175, 175, 128, 173, 255, 112, 97,
       148, 13, 172, 181, 156, 110, 215, 130, 222, 246, 142, 23, 215, 44,
       83, 11, 129, 103, 109, 119, 60, 225, 121, 40, 233, 203, 239, 21,
       192, 121, 85, 82, 163, 96, 66, 201, 76, 173, 160, 71, 108, 97,
       226, 6, 144, 152, 52, 108, 104, 140, 90, 141, 131, 191, 213, 192,
       20, 56, 146, 0, 77, 8, 113, 140, 184, 88, 122, 110, 84, 207, 83,
       240, 68, 8, 116, 8, 59, 83, 33, 49, 60, 184, 6, 106, 104, 182, 56,
       61, 115, 201, 32, 9, 115, 139, 110, 171, 39, 187, 251, 192, 246,
       155, 187, 211, 91, 233, 120, 239, 28, 156, 244, 48, 190, 59, 151,
       85, 147, 59, 172, 222, 62, 28, 47, 238, 221, 142, 3, 247, 248, 77,
       235, 100, 16, 78, 95, 53, 112, 230, 230, 136, 115, 5, 19, 51, 50,
       244, 117, 234, 232, 254, 180, 14, 243, 235, 101, 17, 99, 176, 230,
       122, 149, 7, 111, 225, 182, 34, 235, 112, 116, 224, 210, 230, 81,
       11, 177, 105, 126, 164, 62, 253, 169, 180, 37, 206, 220, 171, 167,
       128, 173, 171, 112, 33, 214, 74, 111, 164, 66, 2, 235, 240, 176,
       64, 210, 227, 89, 207, 185, 81, 126, 245, 21, 239, 233, 151, 132,
       236, 240, 96, 235, 128, 45, 183, 39, 240, 169, 149, 99, 73, 244,
       223, 224, 115, 124, 104, 122, 102, 179, 28, 148, 165, 126, 42, 22,
       45, 253, 184, 101, 159, 38, 89, 32, 192, 125, 140, 216, 253, 8,
       192, 91, 123, 112, 234, 105, 144, 127, 1, 103, 16, 215, 67, 152,
       120, 19, 12, 6, 24, 50, 188, 33, 119, 207, 255, 48, 64, 210, 129,
       70, 160, 56, 84, 106, 237, 116, 230, 123, 119, 100, 13, 254, 7,
       59, 31, 50, 64, 124, 187, 23, 168, 232, 184, 49, 207, 115, 173,
       162, 129, 51, 194, 100, 91, 33, 132, 123, 71, 116, 187, 235, 51,
       125, 67, 127, 80, 243, 33, 156, 36, 90, 46, 22, 44, 185, 184, 101,
       47, 102, 190, 32, 64, 79, 138, 210, 168, 0, 132, 189, 249, 205,
       109, 229, 239, 94, 51, 104, 18, 188, 51, 96, 104, 233, 27, 50,
       136, 67, 126, 115, 209, 197, 155, 86, 45, 144, 88, 197, 170, 215,
       233, 168, 176, 189, 209, 18, 238, 203, 185, 128, 25, 134, 154, 78,
       98, 193, 205, 253, 209, 94, 79, 202, 183, 249, 213, 159, 127, 0,
       4, 155, 14, 65, 8, 151, 245, 164, 110, 109, 55, 236, 219, 74, 64,
       252, 51, 129, 111, 225, 102, 124, 8, 1, 216, 179, 192, 133, 190,
       118, 0, 136, 240, 161, 45, 190, 4, 97, 190, 95, 227, 95, 104, 145,
       198, 193, 139, 111, 92, 39, 17, 218, 185, 151, 231, 108, 7, 114,
       159, 179, 209, 137, 59, 53, 127, 118, 214, 26, 48, 176, 186, 57,
       253, 16, 74, 191, 29, 173, 25, 174, 222, 110, 140, 153, 59, 215,
       17, 30, 75, 250, 209, 155, 212, 26, 123, 210, 5, 15, 254, 74, 251,
       177, 30, 189, 216, 20, 135, 235, 157, 138, 56, 174, 184, 68, 246,
       128, 127, 236, 17, 94, 105, 227, 131, 171, 245, 22, 123, 130, 20,
       143, 111, 26, 27, 171, 188, 19, 198, 57, 79, 62, 69, 198, 135, 44,
       174, 35, 72, 246, 63, 187, 133, 6, 153, 51, 221, 209, 39, 154, 3,
       177, 4, 37, 91, 62, 245, 96, 74, 205, 85, 222, 236, 207, 86, 189,
       11, 74, 252, 255, 164, 157, 218, 151, 247, 222, 35, 62, 243, 59,
       93, 133, 191, 215, 254, 222, 214, 151, 251, 238, 167, 178, 2, 191,
