%YAML:1.0
---
descriptors: !!opencv-matrix
   rows: 260
   cols: 32
   dt: u
   data: [ 61, 96, 175, 174, 181, 31, 79, 216, 125, 104, 237, 8, 255,
       239, 31, 52, 220, 200, 92, 110, 137, 178, 121, 191, 243, 223, 7,
       20, 66, 191, 82, 244, 108, 85, 122, 237, 52, 79, 127, 56, 52, 204,
       127, 13, 223, 119, 11, 80, 210, 221, 127, 106, 104, 176, 89, 14,
       231, 255, 33, 5, 96, 179, 78, 115, 147, 14, 67, 157, 22, 163, 234,
       98, 86, 202, 218, 243, 113, 168, 181, 96, 123, 172, 63, 173, 173,
       189, 5, 158, 148, 46, 187, 128, 189, 233, 112, 137, 57, 48, 27,
       160, 99, 204, 81, 83, 33, 65, 228, 13, 31, 31, 2, 56, 174, 153,
       85, 16, 29, 155, 16, 0, 211, 217, 18, 67, 104, 0, 43, 211, 194,
       189, 190, 60, 169, 205, 52, 239, 190, 191, 128, 57, 172, 246, 102,
       19, 163, 115, 251, 17, 118, 79, 138, 115, 185, 114, 95, 123, 144,
       80, 135, 15, 90, 207, 132, 190, 157, 130, 94, 191, 150, 183, 138,
       19, 237, 107, 48, 67, 209, 119, 61, 153, 104, 205, 73, 190, 249,
       231, 223, 145, 182, 116, 188, 10, 1, 173, 215, 85, 214, 138, 167,
       231, 250, 161, 122, 66, 123, 240, 4, 32, 186, 103, 96, 72, 80,
       249, 141, 110, 104, 174, 37, 0, 193, 106, 227, 138, 247, 165, 220,
       202, 143, 55, 86, 248, 19, 179, 165, 26, 66, 97, 75, 31, 57, 196,
       232, 122, 62, 71, 219, 179, 187, 218, 69, 127, 179, 251, 218, 38,
       123, 180, 73, 165, 21, 95, 74, 56, 23, 225, 210, 207, 243, 44, 22,
       224, 125, 173, 220, 165, 173, 90, 213, 159, 190, 111, 187, 244,
       45, 172, 88, 92, 11, 203, 50, 10, 223, 157, 182, 237, 207, 29,
       124, 7, 44, 216, 126, 196, 232, 43, 194, 85, 214, 43, 34, 245, 63,
       125, 6, 107, 83, 14, 239, 207, 18, 2, 106, 169, 10, 162, 56, 87,
       20, 5, 218, 247, 129, 142, 178, 64, 126, 143, 175, 149, 158, 155,
       199, 208, 208, 97, 186, 193, 53, 132, 189, 89, 212, 205, 214, 246,
       129, 96, 102, 166, 241, 130, 170, 49, 99, 243, 109, 219, 225, 246,
       236, 226, 120, 203, 130, 226, 176, 242, 199, 11, 160, 113, 236, 2,
       43, 184, 243, 91, 228, 191, 169, 87, 127, 89, 112, 116, 184, 149,
       180, 188, 127, 58, 22, 24, 147, 248, 36, 209, 5, 24, 50, 192, 223,
       128, 195, 189, 167, 141, 46, 159, 213, 135, 190, 231, 28, 119,
       218, 151, 96, 104, 62, 65, 249, 195, 27, 39, 244, 223, 93, 255,
       62, 54, 223, 211, 28, 124, 184, 222, 143, 205, 74, 186, 236, 145,
       238, 244, 204, 88, 92, 231, 189, 202, 191, 233, 238, 107, 23, 207,
       215, 38, 14, 245, 52, 121, 174, 232, 28, 159, 249, 141, 170, 217,
       50, 190, 121, 149, 156, 103, 141, 29, 224, 23, 172, 206, 38, 193,
       204, 51, 139, 129, 70, 11, 82, 253, 179, 243, 26, 27, 16, 28, 173,
       222, 253, 71, 226, 231, 228, 50, 110, 248, 85, 226, 255, 199, 67,
       105, 191, 237, 126, 204, 54, 254, 173, 243, 45, 174, 62, 107, 229,
       132, 239, 255, 120, 133, 45, 181, 121, 96, 252, 37, 223, 253, 67,
       248, 60, 76, 91, 125, 88, 48, 159, 219, 87, 63, 219, 98, 251, 151,
       127, 221, 37, 252, 255, 250, 210, 241, 168, 121, 187, 118, 229,
       93, 245, 85, 88, 238, 116, 29, 58, 221, 87, 42, 140, 124, 167, 66,
       193, 118, 178, 162, 71, 219, 117, 41, 67, 56, 214, 251, 131, 204,
       78, 191, 108, 144, 188, 230, 159, 83, 86, 247, 188, 200, 63, 65,
       239, 43, 191, 199, 231, 60, 79, 243, 166, 113, 250, 137, 28, 220,
       57, 141, 89, 25, 211, 229, 34, 42, 40, 23, 44, 160, 122, 226, 157,
       51, 161, 250, 38, 53, 60, 168, 1, 152, 129, 200, 148, 236, 42,
       128, 168, 224, 33, 41, 27, 77, 175, 181, 145, 231, 95, 182, 52,
       230, 202, 133, 253, 230, 51, 64, 228, 239, 253, 197, 204, 217, 23,
       175, 225, 231, 191, 144, 32, 84, 132, 90, 59, 18, 72, 189, 48, 27,
       88, 58, 48, 97, 198, 205, 235, 10, 18, 89, 126, 173, 213, 165,
       173, 222, 85, 29, 198, 103, 250, 209, 61, 132, 90, 210, 228, 174,
       252, 211, 205, 124, 117, 175, 219, 191, 38, 16, 104, 247, 76, 127,
       193, 86, 234, 24, 50, 109, 235, 243, 79, 155, 85, 119, 130, 200,
       212, 110, 32, 169, 8, 186, 93, 197, 194, 207, 134, 1, 233, 10,
       178, 217, 120, 32, 200, 170, 18, 153, 26, 43, 90, 181, 93, 148,
       154, 123, 144, 10, 240, 170, 61, 195, 43, 111, 28, 15, 207, 252,
       68, 236, 223, 206, 115, 65, 185, 0, 92, 204, 87, 239, 201, 178,
       109, 45, 112, 45, 165, 148, 125, 187, 208, 121, 245, 53, 237, 247,
       222, 38, 79, 187, 16, 242, 191, 222, 83, 55, 217, 59, 93, 206, 93,
       174, 249, 214, 253, 14, 252, 139, 239, 180, 173, 248, 210, 240,
       181, 3, 97, 173, 124, 66, 201, 89, 20, 192, 209, 243, 67, 76, 177,
       225, 122, 136, 54, 237, 237, 50, 101, 142, 148, 32, 163, 140, 117,
       174, 116, 244, 67, 151, 99, 135, 114, 14, 175, 53, 44, 72, 91,
       230, 253, 38, 156, 100, 54, 103, 63, 239, 225, 152, 37, 239, 36,
       44, 174, 128, 45, 150, 129, 125, 245, 68, 237, 167, 92, 47, 79,
       56, 83, 234, 247, 90, 83, 57, 153, 57, 93, 196, 125, 175, 169,
       246, 237, 14, 252, 175, 245, 148, 229, 233, 80, 96, 27, 207, 138,
       189, 144, 173, 127, 231, 180, 69, 74, 135, 167, 238, 51, 64, 228,
       107, 239, 69, 78, 153, 19, 47, 224, 231, 190, 129, 40, 88, 189,
       218, 124, 207, 158, 158, 137, 96, 70, 174, 169, 150, 168, 133, 98,
       226, 71, 214, 193, 230, 236, 226, 120, 75, 202, 106, 184, 183,
       199, 31, 128, 114, 238, 88, 42, 141, 106, 109, 176, 139, 206, 231,
       133, 32, 252, 139, 163, 173, 52, 196, 88, 171, 19, 205, 88, 185,
       84, 191, 172, 93, 140, 80, 117, 142, 216, 184, 33, 191, 130, 151,
       149, 155, 134, 231, 215, 161, 138, 14, 162, 176, 98, 134, 201,
       238, 170, 80, 92, 250, 220, 184, 172, 20, 133, 115, 216, 122, 216,
       142, 49, 233, 219, 101, 210, 6, 111, 231, 48, 128, 106, 192, 113,
       99, 1, 16, 120, 255, 32, 234, 89, 154, 132, 47, 248, 167, 175, 8,
       41, 179, 162, 136, 210, 188, 158, 188, 136, 237, 53, 231, 190,
       151, 194, 25, 182, 246, 98, 83, 165, 119, 107, 17, 114, 79, 147,
       115, 249, 231, 127, 59, 0, 80, 167, 10, 125, 101, 252, 110, 140,
       95, 71, 248, 67, 166, 173, 8, 83, 97, 219, 51, 89, 212, 108, 122,
       205, 99, 255, 56, 251, 203, 101, 53, 115, 251, 218, 32, 61, 104,
       176, 225, 45, 61, 82, 16, 107, 185, 188, 8, 159, 25, 85, 58, 140,
       228, 68, 90, 140, 98, 248, 168, 203, 217, 37, 54, 194, 187, 66, 3,
       7, 73, 142, 153, 168, 162, 60, 139, 190, 210, 86, 197, 141, 194,
       243, 200, 231, 111, 63, 223, 199, 213, 15, 240, 140, 122, 223,
       132, 156, 245, 169, 85, 237, 165, 237, 247, 172, 46, 109, 191,
       112, 242, 183, 216, 211, 49, 152, 187, 9, 70, 125, 46, 249, 248,
       217, 12, 239, 251, 245, 20, 6, 248, 210, 160, 19, 31, 231, 193,
       182, 247, 233, 247, 85, 233, 94, 226, 88, 60, 177, 108, 127, 43,
       22, 189, 177, 184, 37, 222, 45, 14, 191, 196, 247, 204, 177, 253,
       9, 154, 247, 91, 228, 191, 232, 87, 127, 89, 123, 118, 185, 152,
       180, 172, 127, 42, 54, 29, 147, 188, 39, 241, 4, 88, 178, 192,
       223, 142, 193, 189, 194, 27, 236, 149, 42, 80, 189, 23, 138, 246,
       146, 247, 236, 174, 198, 75, 230, 117, 253, 133, 196, 73, 231,
       192, 194, 113, 255, 155, 4, 228, 61, 95, 232, 124, 221, 245, 168,
       111, 93, 23, 187, 254, 182, 25, 255, 63, 67, 27, 135, 244, 253, 4,
       109, 77, 241, 138, 207, 219, 117, 177, 194, 240, 70, 123, 125, 14,
       206, 254, 44, 50, 74, 16, 197, 142, 223, 198, 227, 98, 179, 234,
       72, 228, 44, 206, 172, 131, 103, 170, 210, 239, 234, 144, 167,
       235, 120, 4, 0, 23, 19, 169, 188, 167, 178, 75, 78, 13, 217, 103,
       132, 152, 40, 192, 220, 59, 138, 17, 31, 187, 16, 215, 132, 148,
       186, 75, 216, 74, 189, 147, 214, 22, 159, 243, 162, 34, 61, 183,
       188, 19, 83, 247, 213, 119, 169, 107, 167, 87, 61, 179, 177, 213,
       35, 98, 204, 163, 126, 192, 140, 112, 165, 51, 43, 182, 234, 26,
       245, 189, 178, 223, 95, 205, 125, 255, 40, 204, 254, 180, 157,
       170, 150, 21, 183, 186, 126, 255, 62, 93, 181, 235, 223, 206, 218,
