%YAML:1.0
---
descriptors: !!opencv-matrix
   rows: 117
   cols: 32
   dt: u
   data: [ 248, 126, 88, 125, 122, 139, 85, 55, 31, 166, 100, 57, 47, 3,
       1, 81, 130, 189, 204, 0, 104, 126, 209, 31, 247, 247, 49, 51, 112,
       184, 70, 11, 68, 157, 157, 247, 168, 108, 63, 191, 186, 243, 138,
       80, 245, 119, 65, 98, 167, 87, 125, 145, 51, 73, 155, 99, 237,
       167, 255, 220, 136, 112, 129, 59, 226, 34, 224, 216, 109, 137,
       216, 74, 203, 181, 176, 25, 170, 136, 84, 159, 201, 169, 79, 145,
       10, 111, 194, 208, 31, 88, 211, 123, 87, 12, 126, 142, 73, 153,
       191, 247, 37, 204, 117, 55, 233, 89, 126, 76, 190, 185, 0, 58,
       164, 103, 124, 12, 209, 248, 179, 9, 199, 251, 116, 2, 72, 74,
       195, 123, 73, 148, 63, 127, 49, 236, 113, 55, 237, 89, 127, 68,
       190, 255, 40, 122, 165, 51, 124, 8, 147, 185, 51, 85, 207, 251,
       114, 66, 202, 2, 225, 123, 89, 145, 59, 110, 15, 220, 51, 55, 239,
       65, 175, 4, 188, 255, 98, 114, 166, 51, 249, 65, 147, 41, 178,
       193, 235, 253, 2, 74, 26, 2, 165, 123, 124, 121, 54, 226, 9, 157,
       82, 208, 175, 48, 165, 8, 110, 219, 73, 150, 160, 241, 237, 82,
       10, 35, 154, 181, 219, 217, 1, 123, 66, 15, 74, 2, 124, 160, 246,
       242, 45, 157, 80, 65, 239, 180, 165, 8, 110, 217, 76, 150, 136,
       176, 237, 90, 78, 103, 218, 145, 219, 217, 65, 123, 82, 14, 74, 6,
       120, 16, 80, 105, 48, 174, 105, 18, 37, 13, 230, 4, 155, 19, 128,
       84, 100, 156, 111, 152, 10, 150, 81, 85, 214, 233, 50, 128, 122,
       128, 34, 59, 88, 153, 63, 254, 155, 196, 53, 103, 172, 69, 202, 1,
       190, 151, 32, 82, 162, 51, 249, 128, 82, 137, 178, 101, 249, 225,
       30, 75, 32, 2, 167, 123, 48, 87, 126, 109, 62, 159, 210, 120, 196,
       76, 254, 103, 99, 89, 163, 64, 222, 48, 206, 98, 204, 161, 113,
       31, 98, 205, 33, 145, 123, 170, 108, 211, 215, 120, 16, 174, 57,
       141, 74, 104, 175, 104, 169, 77, 238, 214, 77, 148, 180, 185, 93,
       231, 75, 7, 154, 223, 177, 212, 9, 186, 24, 39, 3, 21, 36, 117,
       227, 203, 244, 111, 167, 221, 94, 111, 249, 118, 80, 253, 61, 0,
       125, 222, 19, 251, 145, 179, 56, 242, 117, 44, 166, 164, 213, 123,
       246, 241, 190, 253, 34, 141, 127, 95, 190, 234, 15, 196, 222, 131,
       108, 254, 62, 196, 254, 253, 255, 229, 172, 179, 113, 222, 183,
       116, 143, 159, 23, 126, 61, 215, 1, 134, 110, 179, 52, 190, 232,
       50, 252, 91, 87, 212, 255, 40, 154, 107, 135, 38, 126, 13, 183,
       252, 71, 223, 206, 63, 114, 192, 204, 136, 89, 145, 120, 233, 56,
       122, 25, 141, 84, 253, 163, 12, 172, 8, 191, 211, 66, 16, 128,
       186, 205, 72, 74, 43, 210, 53, 243, 253, 20, 57, 114, 18, 238, 10,
       98, 34, 196, 248, 77, 201, 192, 72, 139, 180, 177, 11, 170, 200,
       92, 159, 200, 177, 203, 17, 14, 103, 202, 209, 147, 208, 209, 63,
       83, 12, 94, 134, 26, 15, 74, 190, 18, 178, 63, 246, 180, 4, 222,
       231, 105, 239, 183, 64, 126, 235, 143, 197, 230, 157, 6, 255, 242,
       103, 190, 129, 61, 215, 57, 217, 82, 193, 190, 220, 135, 82, 118,
       164, 175, 21, 198, 19, 78, 187, 46, 70, 243, 215, 233, 193, 92,
       201, 147, 227, 179, 247, 222, 71, 38, 54, 173, 14, 185, 208, 107,
       239, 68, 13, 239, 248, 101, 72, 241, 78, 115, 73, 56, 0, 120, 136,
       23, 239, 201, 182, 92, 31, 244, 168, 224, 4, 125, 187, 112, 144,
       49, 135, 66, 172, 86, 131, 102, 101, 21, 0, 250, 226, 99, 32, 172,
       69, 122, 143, 6, 228, 124, 187, 5, 159, 176, 164, 130, 64, 53,
       138, 248, 12, 133, 53, 19, 202, 244, 167, 174, 89, 94, 73, 89, 86,
       208, 242, 189, 228, 126, 106, 18, 250, 179, 178, 92, 126, 52, 12,
       175, 168, 221, 123, 249, 149, 124, 42, 50, 106, 77, 157, 82, 64,
       235, 180, 161, 9, 106, 201, 85, 150, 136, 160, 236, 66, 78, 39,
       218, 177, 147, 217, 1, 123, 82, 47, 78, 2, 155, 207, 79, 252, 14,
       128, 79, 247, 212, 64, 208, 198, 57, 203, 48, 97, 110, 163, 27,
       204, 235, 143, 38, 253, 240, 235, 218, 136, 61, 152, 176, 56, 185,
       200, 43, 252, 29, 197, 207, 230, 212, 64, 196, 2, 49, 137, 48, 97,
       104, 234, 26, 206, 107, 47, 126, 191, 243, 201, 150, 24, 53, 24,
       240, 168, 252, 86, 255, 172, 44, 102, 83, 88, 1, 236, 254, 47, 87,
       29, 1, 83, 92, 244, 125, 111, 233, 247, 241, 136, 243, 225, 225,
       148, 99, 251, 118, 115, 184, 237, 104, 106, 125, 205, 87, 252, 87,
       44, 252, 43, 51, 89, 51, 17, 216, 200, 135, 106, 106, 43, 106, 63,
       115, 201, 161, 61, 115, 155, 94, 234, 109, 120, 27, 104, 123, 253,
       178, 64, 237, 64, 228, 8, 158, 150, 37, 56, 170, 177, 74, 114, 3,
       39, 50, 80, 211, 217, 0, 59, 88, 19, 39, 163, 8, 147, 114, 105,
       240, 156, 121, 23, 237, 13, 127, 16, 159, 147, 172, 116, 230, 27,
       6, 24, 19, 184, 48, 80, 71, 253, 50, 68, 218, 130, 227, 177, 188,
       92, 18, 238, 25, 197, 82, 104, 149, 12, 225, 11, 111, 223, 45,
       145, 248, 185, 197, 226, 104, 39, 26, 159, 211, 209, 1, 59, 115,
       47, 46, 130, 220, 90, 158, 181, 42, 14, 31, 176, 182, 190, 134,
       189, 247, 255, 3, 91, 167, 245, 253, 227, 108, 197, 155, 42, 211,
       227, 239, 145, 32, 177, 13, 83, 122, 168, 16, 186, 79, 217, 144,
       72, 143, 20, 161, 43, 46, 216, 108, 159, 200, 177, 202, 83, 14,
       99, 202, 145, 155, 209, 1, 63, 83, 15, 14, 134, 28, 108, 122, 111,
       83, 216, 123, 232, 57, 6, 109, 11, 127, 223, 27, 48, 178, 251,
       151, 202, 70, 182, 184, 255, 119, 237, 0, 1, 99, 179, 103, 202,
       90, 196, 146, 158, 95, 208, 182, 228, 191, 5, 202, 163, 76, 234,
       44, 192, 243, 247, 235, 195, 78, 203, 138, 227, 187, 245, 142, 15,
       6, 55, 173, 14, 56, 239, 82, 122, 115, 159, 82, 240, 53, 12, 125,
       40, 47, 195, 33, 144, 184, 186, 134, 106, 106, 155, 8, 63, 243,
       197, 32, 41, 115, 143, 110, 171, 133, 85, 6, 155, 244, 135, 174,
       252, 92, 200, 91, 70, 208, 224, 185, 97, 127, 104, 2, 254, 245,
       178, 93, 126, 44, 46, 175, 192, 157, 251, 249, 133, 219, 108, 19,
       190, 89, 221, 82, 96, 185, 8, 233, 8, 46, 210, 33, 181, 160, 171,
       220, 67, 110, 7, 26, 191, 177, 213, 8, 59, 18, 55, 42, 14, 253,
       254, 112, 74, 125, 31, 83, 248, 123, 60, 181, 76, 75, 67, 222,
       180, 29, 204, 196, 110, 238, 38, 237, 191, 186, 217, 37, 124, 90,
       151, 74, 37, 215, 248, 40, 176, 25, 213, 82, 238, 163, 185, 128,
       41, 134, 158, 66, 50, 193, 221, 253, 211, 78, 79, 202, 183, 185,
       213, 143, 127, 0, 17, 62, 78, 47, 188, 245, 91, 245, 253, 216,
       150, 95, 91, 124, 112, 168, 252, 221, 172, 207, 186, 183, 25, 183,
       120, 126, 243, 15, 94, 213, 238, 215, 205, 80, 189, 32, 221, 124,
       73, 124, 203, 215, 254, 86, 108, 252, 40, 50, 29, 166, 17, 88, 58,
       7, 106, 106, 42, 105, 63, 103, 143, 37, 61, 87, 154, 86, 235, 181,
       19, 111, 65, 36, 30, 107, 49, 116, 228, 247, 198, 211, 6, 148, 97,
       126, 164, 14, 174, 249, 180, 117, 14, 68, 235, 163, 196, 109, 170,
       112, 240, 165, 78, 93, 77, 108, 15, 207, 248, 87, 170, 244, 104,
       115, 81, 133, 49, 94, 216, 22, 110, 233, 182, 105, 63, 102, 139,
       33, 180, 127, 187, 74, 161, 171, 180, 208, 88, 245, 63, 240, 94,
       91, 123, 116, 122, 10, 56, 158, 189, 253, 138, 150, 57, 183, 118,
       117, 215, 30, 94, 81, 110, 223, 205, 234, 133, 181, 66, 107, 207,
       68, 6, 238, 88, 84, 10, 243, 198, 115, 73, 189, 224, 124, 204, 23,
       238, 201, 182, 109, 138, 54, 233, 162, 132, 109, 187, 112, 160,
       177, 1, 105, 79, 84, 47, 75, 88, 85, 224, 239, 78, 115, 65, 153,
       112, 88, 172, 22, 238, 169, 178, 117, 62, 215, 233, 161, 16, 123,
       171, 82, 240, 65, 135, 142, 183, 36, 46, 104, 55, 236, 75, 95, 84,
       247, 41, 146, 98, 196, 102, 124, 13, 149, 248, 67, 129, 196, 255,
       114, 144, 8, 232, 217, 25, 10, 172, 50, 156, 93, 213, 178, 235,
       159, 172, 196, 9, 236, 248, 102, 132, 217, 121, 235, 33, 102, 107,
       218, 223, 59, 87, 143, 63, 18, 44, 63, 142, 22, 233, 156, 146,
       169, 249, 22, 230, 175, 181, 141, 153, 238, 238, 78, 154, 133,
