%YAML:1.0
---
descriptors: !!opencv-matrix
   rows: 199
   cols: 32
   dt: u
   data: [ 73, 148, 157, 101, 184, 110, 89, 59, 49, 235, 175, 104, 223,
       55, 136, 114, 151, 86, 125, 44, 153, 216, 241, 15, 203, 255, 113,
       208, 130, 224, 132, 113, 5, 66, 221, 253, 42, 35, 109, 218, 30,
       114, 94, 246, 221, 99, 169, 105, 119, 89, 62, 174, 193, 212, 111,
       208, 196, 138, 111, 132, 188, 249, 33, 177, 191, 81, 74, 165, 50,
       30, 90, 120, 37, 232, 243, 231, 95, 14, 155, 16, 190, 141, 21,
       230, 205, 144, 21, 204, 178, 233, 171, 132, 45, 167, 34, 83, 88,
       217, 91, 107, 17, 204, 67, 181, 101, 9, 110, 64, 179, 87, 0, 116,
       16, 186, 76, 88, 91, 184, 113, 63, 235, 253, 36, 64, 114, 130,
       198, 42, 112, 35, 10, 233, 8, 5, 97, 64, 36, 36, 235, 3, 131, 131,
       32, 80, 232, 156, 75, 192, 8, 147, 193, 0, 213, 161, 170, 57, 49,
       10, 55, 226, 240, 50, 26, 168, 9, 135, 17, 72, 142, 172, 129, 13,
       134, 201, 34, 80, 216, 189, 203, 97, 8, 39, 210, 28, 209, 177, 11,
       63, 16, 10, 39, 67, 1, 132, 123, 91, 52, 174, 105, 51, 124, 73,
       119, 80, 243, 51, 144, 116, 51, 46, 86, 28, 179, 188, 33, 95, 78,
       190, 50, 64, 200, 128, 195, 185, 101, 149, 143, 108, 205, 78, 197,
       251, 194, 234, 168, 10, 114, 113, 9, 50, 217, 198, 106, 40, 89,
       35, 243, 30, 125, 175, 197, 60, 217, 120, 82, 162, 232, 104, 119,
       70, 101, 91, 103, 96, 233, 164, 39, 8, 115, 197, 149, 55, 8, 244,
       96, 106, 73, 119, 248, 12, 87, 249, 65, 48, 66, 187, 86, 168, 160,
       239, 105, 73, 84, 207, 199, 244, 84, 108, 116, 138, 51, 13, 50,
       49, 88, 184, 7, 106, 232, 190, 116, 63, 103, 137, 160, 33, 113,
       154, 86, 250, 45, 120, 232, 67, 93, 127, 211, 216, 87, 246, 164,
       8, 218, 93, 95, 188, 89, 216, 194, 122, 171, 102, 125, 178, 15,
       93, 5, 63, 243, 127, 86, 246, 162, 248, 112, 94, 127, 221, 210,
       104, 95, 4, 117, 10, 104, 216, 52, 128, 158, 185, 147, 99, 226,
       34, 126, 223, 55, 29, 1, 59, 85, 46, 94, 135, 120, 249, 8, 232,
       89, 213, 94, 236, 3, 236, 168, 9, 23, 159, 64, 144, 216, 249, 213,
       241, 94, 11, 216, 191, 251, 213, 141, 127, 50, 26, 158, 26, 19,
       149, 122, 205, 86, 214, 239, 119, 109, 65, 79, 2, 49, 50, 182,
       116, 122, 183, 18, 169, 249, 184, 53, 95, 117, 172, 130, 0, 61, 2,
       225, 188, 45, 142, 236, 183, 220, 14, 239, 184, 18, 254, 23, 7,
       241, 233, 219, 3, 89, 102, 49, 47, 160, 240, 255, 63, 110, 47,
       229, 132, 231, 236, 88, 240, 68, 9, 159, 215, 137, 108, 172, 7,
       174, 179, 138, 80, 220, 183, 65, 238, 161, 119, 122, 24, 17, 201,
       147, 96, 141, 54, 94, 80, 128, 113, 137, 40, 7, 221, 247, 91, 195,
       84, 182, 175, 94, 211, 75, 18, 124, 252, 110, 239, 231, 95, 50,
       211, 247, 248, 191, 225, 47, 46, 94, 79, 197, 117, 169, 239, 117,
       27, 110, 100, 28, 22, 218, 240, 192, 252, 182, 14, 83, 92, 159,
       35, 220, 228, 125, 254, 141, 179, 125, 12, 91, 235, 225, 213, 109,
       43, 122, 115, 193, 143, 159, 126, 164, 172, 101, 183, 252, 27,
       118, 112, 191, 243, 176, 123, 166, 98, 44, 8, 243, 173, 34, 99,
       198, 187, 114, 8, 72, 208, 227, 41, 200, 249, 24, 168, 56, 205,
       82, 164, 167, 12, 164, 169, 191, 151, 98, 80, 206, 177, 239, 208,
       78, 15, 194, 117, 251, 209, 34, 123, 16, 2, 39, 91, 21, 197, 219,
       254, 150, 36, 111, 215, 116, 11, 218, 18, 113, 243, 40, 96, 121,
       251, 63, 138, 27, 154, 1, 235, 241, 174, 190, 128, 185, 211, 224,
       168, 143, 255, 45, 187, 190, 251, 151, 191, 30, 255, 29, 191, 254,
       124, 219, 1, 151, 67, 255, 119, 247, 108, 123, 191, 238, 87, 45,
       246, 158, 223, 157, 83, 217, 158, 191, 250, 170, 164, 29, 247,
       158, 27, 52, 114, 60, 243, 160, 107, 231, 115, 62, 152, 179, 15,
       42, 247, 219, 251, 126, 202, 152, 192, 161, 43, 97, 177, 149, 85,
       233, 126, 165, 183, 250, 251, 38, 88, 210, 54, 196, 255, 133, 86,
       120, 24, 177, 248, 243, 96, 47, 186, 84, 84, 200, 88, 195, 189,
       66, 249, 181, 243, 171, 204, 37, 150, 171, 125, 130, 84, 156, 183,
       64, 222, 163, 87, 121, 88, 19, 105, 187, 225, 173, 246, 86, 94,
       130, 81, 165, 123, 38, 133, 2, 138, 221, 213, 182, 233, 141, 5,
       249, 3, 76, 216, 46, 132, 248, 155, 131, 115, 86, 171, 26, 213,
       57, 20, 143, 79, 81, 14, 248, 134, 111, 33, 104, 74, 109, 95, 91,
       152, 207, 108, 149, 137, 219, 221, 223, 117, 212, 196, 255, 110,
       207, 3, 255, 177, 87, 121, 161, 189, 86, 191, 84, 119, 133, 59,
       219, 225, 178, 34, 105, 27, 126, 209, 114, 246, 157, 131, 225,
       120, 119, 79, 46, 156, 147, 216, 229, 66, 204, 172, 55, 196, 172,
       192, 161, 161, 129, 194, 29, 249, 36, 141, 109, 222, 95, 123, 112,
       118, 188, 131, 188, 105, 183, 11, 46, 12, 227, 124, 3, 211, 198,
       219, 119, 164, 24, 216, 129, 169, 173, 121, 185, 83, 109, 95, 215,
       212, 67, 248, 180, 8, 58, 156, 215, 55, 141, 252, 214, 78, 205,
       102, 250, 176, 127, 89, 101, 190, 83, 191, 70, 255, 69, 135, 199,
       97, 182, 10, 107, 59, 120, 193, 123, 244, 215, 97, 152, 112, 55,
       134, 124, 60, 177, 184, 165, 14, 172, 174, 36, 196, 237, 162, 227,
       49, 153, 253, 25, 75, 48, 222, 71, 183, 117, 73, 110, 68, 179, 23,
       128, 245, 20, 154, 76, 72, 251, 184, 113, 63, 239, 253, 36, 64,
       122, 146, 198, 57, 6, 205, 150, 222, 195, 114, 188, 231, 62, 19,
       66, 2, 108, 114, 45, 239, 231, 83, 179, 147, 54, 216, 27, 225, 61,
       54, 222, 195, 148, 113, 165, 142, 172, 248, 248, 80, 252, 93, 251,
       220, 219, 125, 52, 24, 154, 221, 223, 56, 153, 216, 87, 91, 178,
       102, 250, 242, 111, 223, 37, 125, 212, 185, 222, 227, 137, 128,
       115, 91, 52, 234, 97, 18, 124, 1, 119, 16, 243, 17, 152, 116, 19,
       46, 86, 28, 51, 188, 101, 95, 76, 190, 48, 64, 194, 136, 67, 160,
       9, 176, 189, 125, 61, 255, 161, 25, 254, 249, 7, 8, 254, 252, 82,
       42, 145, 124, 122, 25, 135, 97, 251, 29, 205, 251, 83, 124, 216,
       40, 1, 246, 49, 91, 19, 108, 98, 206, 5, 117, 233, 200, 242, 108,
       54, 150, 164, 48, 236, 253, 4, 65, 201, 187, 48, 12, 177, 224, 36,
       2, 73, 50, 162, 185, 111, 148, 236, 156, 217, 22, 109, 191, 55,
       254, 70, 92, 89, 247, 223, 247, 85, 238, 123, 188, 241, 90, 255,
       223, 127, 127, 221, 236, 158, 228, 90, 124, 45, 45, 105, 103, 100,
       62, 103, 49, 65, 228, 127, 72, 243, 97, 145, 50, 24, 230, 102,
       110, 217, 176, 237, 12, 102, 139, 101, 0, 101, 235, 82, 160, 82,
       233, 145, 184, 185, 196, 16, 207, 171, 209, 138, 0, 174, 150, 68,
       214, 225, 95, 125, 209, 91, 75, 146, 227, 185, 244, 30, 122, 128,
       20, 167, 46, 17, 157, 58, 76, 244, 182, 227, 115, 116, 77, 127,
       118, 112, 48, 182, 100, 124, 170, 22, 169, 185, 186, 52, 255, 113,
       46, 162, 192, 125, 2, 224, 165, 70, 235, 165, 215, 157, 216, 171,
       168, 143, 181, 135, 138, 232, 229, 220, 230, 1, 86, 251, 94, 67,
       73, 239, 241, 15, 18, 207, 126, 134, 15, 85, 108, 71, 233, 252,
       83, 139, 208, 178, 168, 218, 145, 3, 130, 232, 254, 221, 234, 195,
       127, 250, 211, 215, 72, 255, 241, 13, 62, 223, 79, 133, 99, 45,
       142, 90, 137, 149, 184, 141, 108, 84, 15, 175, 19, 138, 17, 143,
       62, 65, 238, 193, 147, 249, 145, 27, 9, 211, 145, 137, 246, 95,
       94, 146, 100, 133, 38, 5, 137, 209, 237, 220, 0, 111, 159, 86, 17,
       216, 66, 145, 115, 184, 96, 89, 202, 50, 216, 27, 154, 211, 161,
       236, 174, 150, 76, 188, 248, 240, 160, 253, 109, 249, 76, 204, 70,
       71, 252, 82, 228, 164, 10, 83, 117, 209, 59, 88, 220, 112, 122,
       105, 99, 253, 8, 123, 169, 101, 60, 241, 249, 246, 240, 38, 235,
       164, 147, 237, 67, 207, 173, 23, 245, 91, 131, 192, 124, 95, 47,
       217, 70, 179, 215, 158, 248, 207, 241, 45, 30, 223, 199, 149, 127,
       212, 238, 90, 20, 230, 49, 9, 248, 120, 3, 175, 215, 142, 133,
       175, 142, 7, 218, 225, 183, 253, 144, 14, 205, 55, 192, 203, 247,
       218, 211, 162, 68, 45, 94, 70, 0, 174, 159, 141, 108, 180, 130,
