%YAML:1.0
---
descriptors: !!opencv-matrix
   rows: 233
   cols: 32
   dt: u
   data: [ 162, 235, 65, 73, 221, 203, 194, 103, 79, 40, 240, 79, 2, 137,
       116, 148, 200, 169, 67, 65, 94, 58, 192, 156, 60, 20, 129, 255,
       93, 8, 90, 142, 24, 78, 19, 238, 23, 194, 99, 112, 165, 8, 218,
       66, 255, 211, 33, 196, 120, 252, 14, 234, 104, 133, 0, 239, 241,
       228, 162, 0, 50, 187, 52, 42, 25, 72, 94, 95, 5, 150, 111, 116,
       229, 136, 246, 2, 115, 129, 179, 228, 104, 236, 38, 206, 77, 181,
       53, 44, 242, 233, 226, 1, 107, 187, 120, 140, 83, 237, 175, 181,
       144, 203, 95, 166, 180, 207, 202, 131, 245, 126, 50, 96, 241, 231,
       125, 133, 238, 201, 39, 47, 249, 103, 190, 145, 160, 92, 149, 90,
       11, 150, 25, 249, 55, 175, 185, 127, 30, 75, 93, 114, 188, 159,
       40, 96, 221, 59, 151, 17, 179, 156, 113, 223, 207, 247, 58, 194,
       152, 72, 33, 251, 126, 89, 103, 4, 15, 82, 70, 210, 197, 228, 198,
       135, 35, 140, 55, 230, 120, 228, 232, 238, 205, 183, 180, 168,
       243, 101, 133, 19, 111, 191, 124, 94, 19, 109, 142, 189, 22, 158,
       127, 230, 166, 69, 206, 135, 183, 238, 35, 64, 162, 107, 253, 69,
       14, 153, 51, 47, 226, 231, 62, 129, 44, 88, 57, 218, 92, 239, 146,
       246, 137, 80, 110, 184, 225, 150, 174, 8, 105, 227, 107, 86, 177,
       198, 236, 234, 92, 67, 139, 224, 251, 243, 199, 47, 162, 243, 236,
       2, 212, 140, 191, 190, 156, 111, 255, 175, 222, 247, 82, 18, 247,
       253, 48, 107, 51, 119, 61, 45, 48, 237, 63, 191, 233, 239, 255,
       21, 180, 232, 149, 104, 78, 14, 144, 185, 237, 57, 148, 143, 158,
       191, 26, 40, 134, 184, 99, 142, 201, 110, 170, 17, 20, 106, 203,
       178, 172, 214, 223, 63, 212, 121, 157, 15, 59, 29, 229, 69, 149,
       127, 199, 63, 93, 235, 254, 90, 115, 60, 148, 166, 93, 246, 116,
       40, 185, 248, 117, 142, 47, 126, 245, 146, 239, 238, 212, 124, 99,
       217, 114, 72, 223, 149, 182, 237, 207, 21, 252, 15, 44, 216, 110,
       196, 238, 171, 130, 193, 214, 43, 178, 245, 63, 89, 6, 107, 83,
       14, 235, 143, 40, 171, 0, 136, 253, 153, 198, 239, 87, 9, 88, 73,
       162, 200, 124, 132, 217, 10, 130, 93, 94, 42, 74, 183, 46, 20,
       148, 121, 90, 14, 216, 140, 80, 173, 59, 64, 246, 249, 178, 199,
       255, 161, 110, 40, 174, 252, 244, 116, 178, 251, 78, 89, 151, 187,
       164, 127, 187, 28, 7, 107, 196, 66, 239, 173, 44, 85, 252, 101,
       244, 127, 119, 184, 117, 174, 127, 8, 219, 125, 27, 16, 156, 220,
       247, 106, 232, 176, 121, 14, 103, 223, 37, 21, 194, 251, 78, 243,
       236, 84, 124, 109, 224, 78, 127, 56, 61, 206, 127, 44, 223, 55,
       11, 81, 22, 84, 127, 106, 96, 176, 121, 14, 239, 255, 101, 133,
       66, 243, 70, 243, 45, 69, 41, 111, 117, 95, 79, 248, 125, 106,
       253, 8, 223, 125, 27, 48, 220, 200, 124, 110, 201, 178, 121, 159,
       231, 223, 37, 20, 82, 255, 82, 229, 69, 48, 157, 35, 168, 47, 20,
       152, 171, 185, 185, 109, 214, 127, 73, 154, 133, 87, 109, 35, 13,
       65, 219, 16, 143, 215, 125, 54, 200, 123, 11, 19, 93, 10, 206,
       246, 172, 50, 78, 81, 165, 134, 223, 230, 75, 227, 179, 206, 126,
       228, 44, 174, 140, 135, 143, 136, 146, 239, 239, 128, 167, 243,
       56, 4, 8, 225, 35, 224, 181, 198, 235, 244, 69, 73, 94, 66, 157,
       199, 120, 228, 216, 74, 23, 93, 219, 184, 16, 165, 233, 220, 134,
       68, 2, 142, 241, 184, 37, 255, 59, 76, 244, 31, 199, 248, 84, 200,
       124, 108, 82, 248, 180, 48, 220, 108, 86, 110, 201, 187, 109, 63,
       106, 173, 37, 84, 89, 187, 210, 161, 117, 47, 202, 54, 242, 34,
       47, 231, 48, 134, 106, 168, 113, 226, 129, 19, 62, 239, 2, 238,
       112, 218, 140, 110, 184, 134, 239, 8, 164, 243, 162, 128, 36, 107,
       248, 224, 125, 137, 240, 200, 203, 61, 48, 8, 14, 217, 101, 24,
       200, 153, 130, 80, 18, 50, 202, 208, 95, 152, 17, 127, 211, 11,
       78, 163, 246, 164, 220, 74, 205, 55, 70, 200, 83, 51, 165, 26, 67,
       97, 94, 159, 89, 196, 232, 250, 62, 102, 223, 179, 187, 223, 197,
       125, 243, 251, 234, 4, 253, 230, 236, 79, 172, 51, 78, 184, 87,
       178, 181, 136, 203, 97, 221, 191, 95, 212, 253, 250, 170, 98, 237,
       149, 174, 219, 197, 124, 247, 255, 90, 36, 192, 150, 159, 245,
       234, 110, 52, 191, 190, 187, 2, 117, 213, 55, 136, 75, 167, 87,
       109, 0, 49, 220, 131, 2, 196, 163, 127, 130, 136, 112, 133, 59,
       194, 150, 188, 191, 170, 232, 53, 31, 190, 159, 131, 113, 196,
       183, 66, 75, 135, 23, 235, 17, 48, 77, 203, 66, 205, 51, 127, 215,
       128, 64, 165, 123, 12, 240, 155, 243, 227, 173, 57, 206, 46, 27,
       102, 0, 156, 211, 105, 88, 167, 27, 35, 16, 18, 16, 154, 115, 221,
       151, 63, 108, 144, 83, 165, 171, 19, 205, 76, 110, 155, 135, 159,
       237, 54, 4, 172, 138, 121, 243, 40, 0, 62, 219, 219, 226, 122, 43,
       31, 127, 249, 133, 15, 60, 113, 146, 161, 136, 219, 1, 114, 228,
       71, 22, 171, 112, 173, 128, 94, 194, 125, 247, 185, 230, 118, 245,
       31, 239, 225, 131, 20, 206, 177, 236, 138, 128, 47, 165, 41, 176,
       25, 173, 115, 40, 215, 219, 118, 231, 253, 192, 74, 11, 62, 248,
       48, 176, 186, 171, 83, 81, 86, 187, 20, 255, 185, 77, 4, 67, 117,
       14, 251, 142, 20, 180, 155, 239, 218, 99, 55, 250, 38, 161, 239,
       34, 212, 247, 8, 116, 121, 254, 122, 170, 25, 147, 249, 125, 253,
       166, 167, 68, 160, 98, 164, 227, 124, 235, 230, 98, 157, 89, 86,
       200, 235, 180, 173, 41, 106, 249, 79, 158, 185, 202, 204, 114, 74,
       99, 138, 96, 187, 209, 5, 63, 195, 119, 238, 6, 153, 134, 71, 181,
       180, 170, 109, 55, 52, 3, 75, 210, 213, 35, 184, 97, 115, 6, 62,
       172, 113, 216, 37, 79, 236, 174, 254, 196, 164, 192, 241, 32, 16,
       173, 115, 72, 242, 131, 167, 231, 124, 128, 106, 162, 41, 168,
       180, 112, 182, 251, 2, 209, 86, 187, 164, 127, 56, 140, 6, 106,
       69, 2, 167, 172, 131, 134, 31, 177, 178, 170, 40, 183, 62, 123,
       90, 245, 253, 35, 168, 65, 39, 7, 63, 12, 179, 220, 1, 247, 204,
       167, 122, 196, 156, 128, 161, 25, 61, 249, 123, 109, 52, 15, 199,
       248, 68, 224, 126, 110, 83, 89, 145, 32, 94, 108, 86, 111, 201,
       179, 125, 61, 112, 237, 37, 20, 109, 187, 82, 161, 17, 13, 90,
       127, 148, 166, 227, 115, 116, 9, 255, 18, 115, 241, 176, 96, 120,
       170, 6, 168, 56, 185, 17, 31, 98, 174, 162, 0, 249, 195, 224, 128,
       106, 171, 58, 8, 249, 181, 178, 207, 239, 29, 60, 13, 140, 234,
       110, 148, 206, 139, 194, 85, 150, 43, 138, 245, 63, 85, 6, 111,
       210, 6, 239, 199, 62, 118, 197, 167, 58, 35, 202, 88, 21, 236,
       251, 239, 67, 78, 143, 152, 126, 221, 206, 231, 173, 147, 77, 142,
       148, 198, 169, 180, 253, 255, 14, 209, 53, 143, 202, 46, 210, 2,
       111, 231, 48, 132, 110, 130, 113, 98, 147, 80, 120, 238, 32, 238,
       88, 154, 140, 47, 252, 167, 239, 0, 33, 243, 170, 136, 188, 78,
       234, 111, 70, 58, 238, 216, 85, 174, 254, 239, 67, 105, 151, 25,
       126, 220, 231, 226, 232, 182, 205, 170, 246, 231, 225, 149, 103,
       251, 126, 129, 48, 23, 18, 168, 180, 163, 67, 83, 20, 13, 219, 98,
       199, 243, 168, 196, 216, 186, 7, 184, 26, 155, 0, 159, 240, 244,
       170, 192, 144, 75, 180, 161, 67, 138, 204, 185, 52, 178, 232, 23,
       22, 73, 222, 231, 193, 10, 178, 72, 126, 174, 63, 157, 159, 152,
       197, 151, 198, 111, 186, 192, 188, 142, 217, 89, 26, 171, 115,
       249, 226, 192, 57, 85, 53, 5, 246, 243, 9, 135, 224, 92, 126, 155,
       135, 208, 26, 154, 228, 195, 212, 196, 186, 201, 183, 128, 166,
       225, 137, 58, 247, 89, 228, 191, 233, 87, 127, 89, 112, 116, 184,
       208, 244, 173, 63, 58, 22, 24, 147, 252, 39, 241, 4, 216, 114,
       192, 223, 200, 195, 173, 208, 252, 158, 252, 168, 237, 53, 239,
       190, 158, 234, 25, 183, 247, 97, 90, 161, 127, 107, 16, 34, 79,
       218, 59, 249, 231, 127, 57, 128, 112, 167, 43, 192, 148, 157, 183,
       136, 110, 61, 191, 190, 243, 66, 21, 213, 119, 8, 75, 133, 87,
       121, 5, 49, 220, 219, 99, 205, 163, 95, 68, 136, 112, 133, 122,
