%YAML:1.0
---
descriptors: !!opencv-matrix
   rows: 97
   cols: 32
   dt: u
   data: [ 19, 203, 79, 252, 6, 128, 79, 247, 132, 2, 210, 230, 49, 131,
       176, 96, 106, 162, 63, 205, 201, 143, 6, 253, 240, 171, 250, 136,
       61, 152, 240, 40, 177, 94, 111, 254, 110, 131, 207, 240, 196, 72,
       240, 230, 115, 201, 181, 33, 126, 232, 23, 239, 233, 167, 46, 189,
       114, 139, 170, 136, 125, 187, 112, 185, 22, 40, 242, 133, 199,
       248, 186, 194, 127, 197, 95, 131, 12, 230, 103, 204, 127, 107,
       179, 145, 22, 144, 190, 226, 31, 102, 159, 139, 167, 127, 45, 198,
       139, 174, 251, 251, 228, 169, 249, 87, 127, 75, 118, 244, 189,
       175, 212, 104, 167, 43, 55, 28, 179, 252, 39, 243, 78, 223, 50,
       192, 206, 192, 129, 185, 65, 31, 125, 101, 180, 14, 111, 55, 96,
       234, 126, 108, 211, 33, 145, 114, 22, 102, 124, 44, 249, 248, 229,
       14, 228, 255, 101, 128, 72, 242, 194, 57, 82, 10, 254, 188, 235,
       224, 57, 71, 190, 31, 94, 179, 44, 167, 163, 75, 231, 63, 175,
       145, 34, 217, 130, 241, 212, 35, 250, 139, 164, 85, 165, 219, 3,
       16, 117, 65, 39, 222, 249, 19, 109, 89, 118, 16, 60, 30, 20, 252,
       166, 157, 125, 157, 135, 248, 113, 197, 7, 120, 18, 194, 79, 4,
       97, 63, 2, 241, 146, 141, 237, 75, 180, 111, 46, 180, 250, 3, 172,
       30, 102, 192, 248, 189, 239, 160, 70, 187, 209, 205, 181, 54, 158,
       7, 1, 92, 189, 206, 129, 238, 31, 185, 228, 173, 233, 151, 126,
       19, 66, 82, 181, 131, 96, 105, 103, 43, 42, 28, 179, 220, 215, 49,
       197, 128, 250, 64, 148, 216, 129, 168, 205, 223, 85, 87, 162, 102,
       47, 191, 56, 250, 119, 244, 221, 119, 136, 247, 23, 86, 124, 42,
       241, 220, 249, 110, 166, 251, 103, 132, 42, 241, 131, 57, 196, 38,
       217, 231, 228, 46, 107, 24, 57, 142, 119, 48, 215, 115, 201, 90,
       214, 221, 125, 122, 32, 212, 169, 98, 196, 185, 99, 128, 160, 243,
       34, 33, 212, 82, 223, 180, 110, 64, 237, 88, 184, 178, 227, 215,
       85, 166, 33, 91, 106, 197, 107, 227, 104, 87, 139, 64, 212, 162,
       251, 12, 5, 113, 55, 114, 34, 185, 144, 154, 201, 165, 148, 199,
       143, 89, 136, 13, 172, 218, 99, 202, 201, 35, 235, 21, 71, 75,
       210, 241, 129, 16, 94, 59, 216, 92, 137, 158, 181, 237, 113, 66,
       220, 91, 198, 253, 215, 242, 184, 74, 83, 248, 253, 164, 25, 218,
       70, 106, 251, 99, 110, 59, 56, 142, 37, 60, 255, 251, 210, 164,
       222, 252, 255, 254, 171, 106, 23, 239, 187, 218, 254, 56, 126,
       255, 1, 123, 255, 247, 253, 130, 105, 199, 186, 235, 243, 247, 95,
       27, 0, 113, 167, 59, 217, 114, 123, 236, 43, 126, 185, 89, 237,
       236, 255, 60, 159, 159, 135, 50, 238, 181, 255, 32, 141, 39, 179,
       194, 211, 249, 42, 187, 110, 132, 47, 115, 52, 71, 106, 175, 20,
       75, 71, 248, 116, 228, 255, 131, 83, 97, 187, 64, 120, 204, 7,
       111, 72, 176, 109, 14, 240, 167, 167, 5, 117, 187, 116, 96, 179,
       74, 111, 220, 38, 146, 207, 244, 196, 74, 214, 230, 113, 204, 183,
       97, 110, 224, 55, 207, 237, 167, 38, 253, 114, 41, 234, 136, 61,
       189, 112, 125, 146, 158, 74, 189, 18, 162, 56, 247, 190, 7, 82,
       247, 45, 226, 162, 64, 119, 43, 167, 133, 166, 221, 6, 255, 188,
       39, 186, 131, 189, 132, 169, 157, 234, 223, 58, 254, 111, 212,
       188, 254, 143, 95, 220, 167, 44, 255, 55, 198, 238, 123, 191, 197,
       230, 75, 178, 243, 119, 115, 222, 187, 23, 92, 45, 223, 105, 141,
       125, 101, 180, 78, 103, 53, 96, 232, 126, 72, 243, 49, 144, 51,
       16, 230, 124, 106, 89, 248, 225, 44, 229, 251, 101, 16, 96, 242,
       194, 40, 215, 87, 239, 133, 34, 2, 175, 53, 124, 226, 214, 230,
       213, 102, 147, 99, 54, 229, 125, 239, 225, 213, 165, 76, 240, 43,
       239, 132, 44, 242, 177, 121, 27, 156, 251, 251, 242, 166, 107, 87,
       127, 75, 95, 246, 125, 227, 176, 96, 119, 175, 63, 156, 179, 156,
       37, 247, 222, 239, 186, 192, 191, 192, 161, 185, 186, 241, 102,
       210, 207, 209, 252, 239, 143, 117, 212, 155, 8, 204, 126, 133,
       235, 155, 147, 145, 126, 123, 254, 213, 63, 80, 223, 239, 183, 28,
       254, 222, 139, 142, 251, 251, 244, 169, 249, 87, 127, 91, 126,
       246, 189, 175, 180, 104, 231, 43, 23, 29, 179, 188, 35, 247, 78,
       223, 58, 194, 158, 200, 145, 249, 190, 41, 226, 158, 207, 241,
       209, 75, 159, 247, 213, 155, 8, 236, 127, 140, 249, 251, 243, 145,
       30, 243, 254, 242, 31, 20, 217, 63, 215, 109, 254, 214, 168, 188,
       124, 117, 240, 79, 125, 190, 117, 138, 118, 24, 183, 49, 128, 49,
       133, 28, 70, 40, 249, 252, 113, 31, 239, 251, 101, 4, 66, 240, 66,
       161, 54, 24, 82, 133, 117, 223, 248, 96, 173, 168, 242, 3, 142,
       190, 37, 196, 238, 189, 223, 225, 76, 187, 80, 204, 149, 182, 139,
       23, 133, 44, 125, 151, 172, 120, 248, 103, 108, 79, 87, 216, 67,
       236, 180, 8, 115, 221, 83, 50, 24, 252, 84, 126, 201, 54, 249, 42,
       231, 221, 37, 52, 98, 187, 94, 243, 2, 50, 38, 153, 97, 156, 184,
       19, 175, 89, 82, 117, 172, 156, 118, 205, 132, 57, 243, 21, 134,
       28, 146, 209, 5, 56, 26, 194, 218, 4, 27, 223, 3, 246, 195, 153,
       118, 177, 168, 87, 63, 75, 82, 247, 172, 140, 182, 172, 63, 11,
       23, 149, 183, 156, 53, 215, 4, 22, 186, 194, 157, 140, 177, 221,
       45, 189, 177, 67, 253, 127, 183, 184, 91, 250, 57, 108, 214, 124,
       205, 164, 149, 94, 86, 114, 243, 112, 121, 54, 47, 156, 37, 118,
       218, 123, 194, 183, 2, 165, 18, 141, 205, 127, 180, 103, 45, 37,
       250, 3, 172, 190, 2, 196, 234, 159, 239, 129, 84, 187, 209, 193,
       181, 52, 158, 3, 17, 78, 173, 206, 68, 54, 152, 231, 32, 46, 123,
       24, 48, 174, 103, 36, 215, 115, 203, 90, 22, 76, 125, 126, 0, 212,
       249, 42, 199, 189, 99, 4, 160, 243, 67, 33, 148, 36, 155, 181, 6,
       46, 105, 18, 50, 227, 67, 210, 213, 39, 73, 75, 115, 93, 49, 158,
       33, 212, 209, 2, 197, 166, 251, 0, 168, 241, 35, 240, 36, 253,
       255, 255, 252, 239, 255, 254, 62, 255, 248, 9, 247, 255, 73, 83,
       255, 255, 127, 18, 114, 122, 251, 127, 255, 174, 247, 236, 208,
       248, 199, 219, 1, 32, 87, 69, 68, 91, 225, 83, 101, 97, 115, 82,
       147, 144, 148, 236, 106, 156, 110, 136, 129, 248, 101, 196, 4,
       184, 114, 64, 111, 136, 64, 172, 94, 222, 255, 254, 175, 82, 127,
       239, 191, 159, 246, 179, 237, 255, 47, 91, 255, 247, 255, 194,
       120, 203, 171, 239, 251, 247, 223, 155, 167, 245, 167, 123, 57,
       207, 107, 238, 246, 131, 79, 241, 85, 72, 255, 230, 115, 105, 176,
       112, 126, 234, 23, 238, 249, 187, 44, 191, 242, 237, 165, 128,
       127, 186, 240, 249, 138, 157, 182, 191, 245, 253, 188, 167, 63,
       95, 86, 23, 172, 254, 6, 205, 231, 63, 251, 149, 54, 252, 115,
       255, 143, 119, 222, 195, 134, 76, 173, 223, 110, 60, 166, 222,
       205, 245, 144, 202, 155, 255, 189, 31, 104, 252, 127, 190, 205,
       251, 243, 129, 142, 99, 250, 243, 27, 86, 217, 187, 211, 125, 126,
       223, 5, 143, 131, 143, 244, 167, 239, 195, 94, 13, 91, 2, 232,
       232, 181, 68, 216, 106, 2, 12, 18, 186, 8, 255, 44, 62, 134, 8,
       148, 251, 241, 140, 56, 255, 88, 50, 249, 205, 86, 254, 167, 61,
       172, 45, 47, 159, 74, 144, 143, 219, 199, 64, 78, 75, 90, 53, 251,
       197, 53, 255, 112, 209, 142, 219, 43, 230, 100, 18, 239, 153, 252,
       238, 203, 127, 52, 175, 40, 168, 222, 135, 175, 139, 215, 157,
       198, 107, 238, 245, 62, 91, 223, 239, 87, 220, 219, 205, 2, 140,
       148, 155, 245, 255, 184, 135, 63, 23, 82, 19, 140, 58, 6, 205,
       235, 31, 171, 145, 54, 252, 83, 247, 15, 118, 94, 67, 130, 68,
       173, 206, 136, 188, 60, 127, 225, 254, 117, 55, 253, 190, 118, 16,
       190, 59, 0, 217, 133, 63, 231, 8, 96, 252, 112, 30, 199, 251, 116,
       1, 66, 192, 206, 171, 193, 113, 191, 119, 160, 78, 117, 53, 232,
       202, 103, 76, 247, 119, 8, 115, 164, 118, 124, 106, 225, 249, 177,
       40, 227, 251, 100, 0, 72, 114, 195, 123, 19, 158, 206, 191, 50,
       146, 58, 115, 60, 203, 91, 247, 109, 238, 178, 192, 119, 175, 191,
