%YAML:1.0
---
descriptors: !!opencv-matrix
   rows: 193
   cols: 32
   dt: u
   data: [ 162, 171, 64, 72, 93, 203, 194, 103, 79, 40, 240, 79, 2, 136,
       116, 16, 200, 169, 71, 209, 94, 58, 192, 157, 61, 24, 129, 255,
       89, 8, 82, 142, 91, 141, 195, 173, 180, 178, 110, 183, 53, 72,
       222, 198, 249, 227, 176, 228, 118, 238, 61, 173, 217, 153, 133,
       239, 168, 126, 174, 192, 174, 230, 184, 60, 44, 117, 252, 103,
       244, 95, 119, 176, 53, 174, 127, 9, 219, 125, 27, 48, 216, 220,
       247, 106, 104, 240, 121, 46, 239, 255, 37, 21, 194, 251, 78, 147,
       253, 230, 196, 75, 140, 59, 79, 184, 23, 178, 181, 136, 195, 113,
       221, 191, 91, 212, 253, 250, 168, 102, 253, 176, 174, 219, 197,
       124, 255, 255, 90, 32, 104, 184, 120, 228, 118, 235, 241, 127, 27,
       237, 246, 59, 190, 61, 6, 16, 175, 181, 247, 1, 54, 191, 225, 223,
       95, 191, 56, 243, 85, 136, 71, 235, 247, 228, 220, 202, 143, 55,
       86, 216, 19, 51, 165, 30, 67, 97, 79, 31, 89, 196, 236, 250, 62,
       102, 223, 179, 187, 218, 197, 127, 183, 251, 90, 4, 61, 197, 57,
       239, 117, 31, 79, 248, 125, 76, 253, 8, 223, 111, 31, 48, 220,
       200, 84, 110, 233, 178, 121, 175, 247, 223, 33, 20, 82, 191, 66,
       224, 90, 34, 90, 169, 42, 224, 57, 83, 165, 5, 214, 179, 13, 135,
       226, 90, 102, 159, 239, 144, 26, 159, 135, 192, 212, 225, 186,
       201, 165, 128, 37, 107, 216, 125, 253, 181, 164, 78, 124, 55, 49,
       230, 182, 141, 255, 63, 19, 211, 134, 247, 253, 45, 105, 220, 209,
       14, 239, 235, 117, 145, 36, 240, 158, 91, 19, 205, 175, 181, 16,
       206, 78, 166, 52, 224, 202, 129, 247, 126, 19, 112, 240, 231, 125,
       197, 204, 217, 1, 61, 233, 231, 190, 144, 32, 84, 16, 90, 3, 217,
       114, 74, 95, 149, 182, 237, 207, 17, 124, 6, 44, 216, 110, 244,
       238, 171, 130, 193, 214, 43, 178, 245, 63, 88, 6, 107, 91, 30,
       171, 142, 252, 126, 221, 245, 169, 127, 92, 154, 51, 250, 180, 57,
       223, 63, 67, 155, 143, 213, 253, 114, 109, 71, 219, 10, 207, 211,
       101, 181, 162, 241, 78, 83, 249, 53, 109, 247, 140, 46, 77, 63,
       112, 242, 183, 223, 243, 55, 152, 59, 89, 198, 125, 174, 248, 212,
       253, 14, 229, 203, 245, 148, 37, 248, 210, 240, 25, 111, 10, 189,
       18, 142, 127, 246, 164, 196, 74, 135, 183, 198, 35, 64, 166, 107,
       15, 69, 78, 152, 19, 63, 230, 229, 46, 128, 40, 154, 57, 218, 80,
       221, 140, 188, 156, 2, 95, 174, 214, 166, 138, 2, 245, 122, 49,
       99, 201, 247, 93, 225, 104, 201, 89, 190, 249, 167, 255, 17, 148,
       112, 188, 42, 245, 68, 233, 231, 92, 39, 71, 248, 82, 234, 247,
       90, 83, 113, 153, 51, 89, 196, 125, 42, 168, 246, 237, 30, 249,
       175, 229, 52, 117, 233, 80, 32, 54, 149, 97, 170, 204, 69, 222,
       249, 7, 113, 185, 91, 83, 93, 124, 0, 217, 209, 91, 227, 222, 35,
       91, 183, 243, 12, 143, 124, 53, 235, 212, 130, 37, 237, 107, 13,
       124, 159, 199, 248, 100, 232, 124, 108, 210, 240, 151, 48, 24,
       236, 84, 111, 205, 178, 236, 61, 36, 44, 37, 56, 93, 187, 82, 229,
       53, 207, 2, 12, 116, 139, 198, 250, 68, 132, 250, 199, 99, 232,
       183, 196, 88, 232, 6, 111, 204, 178, 68, 61, 48, 36, 165, 0, 125,
       191, 120, 212, 24, 78, 19, 238, 21, 194, 99, 112, 165, 8, 218, 66,
       239, 211, 33, 196, 120, 240, 14, 234, 104, 133, 0, 239, 177, 228,
       162, 0, 50, 59, 100, 40, 225, 123, 29, 97, 44, 31, 101, 150, 108,
       248, 118, 76, 147, 16, 147, 187, 128, 76, 108, 92, 141, 248, 241,
       8, 165, 249, 101, 20, 72, 177, 74, 109, 148, 140, 175, 254, 156,
       111, 239, 175, 222, 242, 18, 18, 247, 253, 57, 43, 57, 102, 59,
       43, 49, 237, 59, 191, 235, 239, 255, 21, 181, 120, 213, 104, 207,
       223, 110, 154, 236, 148, 254, 244, 141, 90, 152, 231, 253, 202,
       191, 193, 239, 227, 31, 255, 231, 7, 14, 247, 118, 121, 174, 232,
       29, 223, 249, 157, 95, 2, 198, 230, 164, 50, 76, 17, 165, 138,
       223, 246, 89, 227, 187, 238, 126, 228, 60, 190, 157, 195, 237,
       138, 146, 239, 239, 128, 175, 243, 56, 5, 59, 20, 229, 197, 21,
       127, 207, 55, 85, 227, 250, 222, 115, 60, 148, 162, 93, 230, 53,
       173, 185, 248, 117, 142, 47, 111, 253, 144, 237, 236, 208, 124,
       242, 75, 228, 62, 169, 88, 28, 13, 139, 126, 160, 185, 110, 206,
       15, 222, 134, 215, 253, 199, 76, 71, 235, 241, 147, 242, 220, 187,
       18, 117, 134, 95, 92, 255, 178, 172, 205, 20, 86, 190, 225, 158,
       172, 12, 107, 227, 67, 214, 65, 230, 236, 226, 76, 75, 218, 168,
       186, 241, 199, 63, 34, 247, 254, 78, 223, 5, 66, 228, 71, 22, 235,
       112, 245, 128, 222, 194, 125, 247, 177, 228, 118, 245, 31, 239,
       225, 147, 20, 206, 145, 236, 170, 128, 47, 161, 41, 164, 33, 143,
       128, 150, 157, 191, 134, 231, 150, 173, 138, 111, 162, 160, 231,
       198, 201, 110, 170, 84, 60, 251, 200, 186, 168, 22, 133, 51, 216,
       124, 216, 14, 28, 235, 248, 102, 137, 89, 87, 216, 227, 188, 189,
       10, 107, 201, 219, 182, 56, 200, 204, 122, 76, 99, 174, 40, 251,
       201, 5, 61, 99, 247, 79, 198, 17, 12, 30, 92, 148, 166, 227, 67,
       116, 15, 251, 18, 115, 243, 177, 96, 121, 170, 6, 172, 60, 185,
       53, 79, 242, 175, 162, 0, 249, 67, 224, 0, 52, 205, 222, 109, 210,
       2, 111, 229, 48, 128, 106, 128, 113, 99, 129, 18, 122, 238, 64,
       238, 88, 154, 140, 46, 248, 167, 167, 0, 33, 243, 226, 168, 253,
       97, 120, 230, 45, 27, 199, 248, 67, 228, 181, 10, 83, 73, 219,
       167, 26, 228, 220, 111, 205, 99, 109, 156, 242, 217, 5, 53, 127,
       191, 88, 65, 62, 102, 224, 234, 221, 39, 78, 216, 83, 186, 185,
       74, 75, 105, 125, 157, 89, 216, 23, 250, 40, 103, 75, 190, 187,
       222, 197, 127, 243, 255, 84, 162, 20, 252, 31, 255, 90, 239, 51,
       250, 54, 167, 231, 18, 245, 247, 8, 112, 123, 255, 123, 186, 48,
       223, 123, 127, 253, 167, 119, 68, 32, 3, 39, 226, 192, 252, 158,
       188, 136, 237, 55, 199, 190, 151, 204, 24, 182, 243, 99, 90, 161,
       127, 107, 17, 34, 79, 218, 115, 253, 167, 127, 59, 144, 112, 167,
       170, 237, 97, 237, 71, 204, 95, 207, 184, 82, 232, 183, 10, 83,
       125, 157, 35, 88, 196, 126, 110, 233, 114, 253, 40, 127, 43, 229,
       60, 103, 187, 86, 224, 125, 165, 205, 103, 148, 47, 71, 184, 112,
       162, 239, 72, 211, 117, 152, 48, 89, 230, 124, 110, 121, 242, 249,
       46, 255, 239, 165, 20, 97, 251, 210, 32, 17, 173, 19, 79, 180,
       111, 103, 185, 111, 232, 254, 64, 243, 113, 144, 116, 112, 238,
       126, 110, 217, 184, 121, 63, 165, 188, 37, 0, 104, 234, 192, 60,
       153, 134, 87, 177, 178, 170, 105, 55, 60, 19, 75, 210, 221, 35,
       176, 97, 55, 7, 62, 60, 176, 220, 37, 223, 236, 174, 126, 196,
       164, 128, 161, 65, 195, 148, 157, 183, 136, 110, 61, 159, 190,
       243, 67, 85, 244, 119, 8, 75, 133, 87, 123, 5, 177, 220, 91, 99,
       205, 50, 95, 66, 136, 112, 133, 122, 252, 109, 253, 106, 141, 87,
       87, 216, 211, 190, 173, 8, 67, 101, 79, 59, 153, 212, 108, 122,
       108, 99, 235, 58, 251, 203, 69, 125, 243, 251, 198, 102, 3, 190,
       232, 155, 242, 177, 187, 223, 30, 119, 84, 247, 172, 140, 214, 8,
       175, 11, 147, 149, 182, 92, 110, 247, 76, 22, 191, 234, 221, 76,
       151, 253, 253, 87, 71, 45, 52, 30, 78, 189, 117, 224, 250, 237,
       67, 72, 147, 213, 126, 196, 76, 238, 237, 178, 77, 30, 178, 233,
       165, 148, 111, 182, 250, 28, 252, 110, 234, 103, 198, 122, 199,
       216, 81, 166, 255, 170, 83, 109, 159, 59, 122, 220, 229, 235, 232,
       246, 237, 42, 118, 235, 229, 149, 231, 251, 86, 227, 93, 79, 237,
       69, 228, 122, 111, 172, 97, 226, 126, 162, 211, 96, 151, 127, 114,
       228, 44, 238, 233, 240, 229, 106, 102, 239, 231, 132, 231, 243,
       116, 108, 137, 50, 245, 91, 100, 191, 233, 94, 127, 91, 112, 116,
       185, 144, 180, 173, 95, 26, 22, 28, 131, 252, 103, 241, 4, 152,
       114, 192, 223, 200, 65, 189, 34, 177, 24, 154, 251, 217, 180, 239,
       143, 29, 156, 57, 172, 222, 46, 144, 203, 27, 219, 17, 86, 11, 74,
