%YAML:1.0
---
descriptors: !!opencv-matrix
   rows: 347
   cols: 32
   dt: u
   data: [ 54, 148, 98, 226, 213, 79, 126, 225, 95, 166, 255, 11, 75,
       253, 126, 16, 249, 253, 183, 179, 216, 187, 24, 214, 191, 222,
       133, 71, 231, 174, 244, 210, 191, 57, 246, 254, 213, 246, 218, 64,
       185, 133, 245, 3, 74, 255, 63, 254, 248, 245, 149, 152, 60, 227,
       58, 202, 155, 251, 207, 3, 195, 103, 106, 198, 169, 223, 107, 73,
       116, 147, 239, 245, 85, 72, 124, 230, 57, 9, 180, 176, 126, 170,
       22, 236, 227, 186, 36, 255, 102, 201, 166, 192, 127, 154, 224,
       185, 2, 190, 178, 155, 245, 205, 178, 231, 30, 13, 88, 35, 172,
       220, 38, 132, 217, 59, 147, 17, 50, 184, 10, 255, 45, 22, 158,
       235, 144, 12, 181, 207, 187, 221, 114, 190, 87, 157, 84, 103, 221,
       65, 252, 55, 47, 248, 38, 245, 234, 171, 134, 5, 110, 175, 22,
       255, 178, 251, 16, 11, 123, 12, 232, 143, 252, 89, 126, 238, 61,
       246, 83, 240, 197, 132, 253, 2, 123, 125, 179, 65, 92, 240, 191,
       122, 184, 163, 122, 172, 251, 235, 192, 25, 247, 171, 124, 114,
       252, 112, 234, 228, 69, 86, 127, 89, 113, 174, 247, 18, 91, 255,
       255, 122, 120, 220, 181, 170, 232, 247, 188, 194, 83, 235, 231,
       133, 39, 178, 118, 227, 166, 232, 144, 184, 221, 231, 146, 202,
       30, 191, 176, 27, 198, 248, 97, 8, 217, 89, 163, 17, 34, 119, 91,
       182, 29, 150, 159, 127, 209, 109, 21, 130, 40, 245, 121, 101, 116,
       31, 102, 55, 101, 40, 126, 72, 179, 25, 144, 48, 122, 156, 6, 8,
       201, 186, 113, 15, 103, 205, 32, 0, 111, 138, 210, 169, 227, 88,
       107, 188, 116, 198, 203, 242, 16, 72, 208, 199, 49, 46, 183, 113,
       76, 236, 23, 239, 173, 158, 116, 255, 20, 46, 170, 136, 61, 133,
       114, 221, 122, 175, 42, 176, 181, 249, 89, 103, 171, 229, 156,
       189, 175, 140, 82, 0, 136, 171, 205, 21, 190, 219, 166, 175, 251,
       213, 152, 251, 6, 12, 158, 94, 20, 223, 58, 234, 190, 203, 86,
       240, 132, 40, 186, 43, 119, 253, 33, 0, 190, 241, 205, 99, 72, 41,
       8, 62, 241, 197, 37, 21, 112, 123, 132, 43, 132, 205, 127, 251,
       238, 164, 255, 212, 140, 25, 90, 194, 221, 199, 169, 75, 230, 123,
       63, 94, 210, 209, 170, 225, 102, 184, 110, 128, 148, 219, 161,
       241, 104, 15, 152, 236, 189, 249, 84, 7, 83, 175, 108, 40, 174,
       178, 99, 212, 193, 62, 172, 16, 30, 26, 226, 154, 171, 245, 5, 59,
       146, 104, 92, 15, 135, 209, 154, 152, 252, 173, 254, 221, 159, 89,
       80, 231, 220, 222, 191, 72, 223, 73, 23, 85, 131, 38, 154, 241,
       38, 60, 175, 238, 156, 185, 177, 209, 167, 40, 224, 81, 237, 125,
       244, 194, 123, 246, 244, 27, 138, 184, 87, 43, 201, 234, 247, 93,
       166, 254, 246, 226, 23, 89, 209, 59, 199, 125, 94, 206, 90, 248,
       190, 254, 75, 208, 48, 198, 171, 21, 228, 41, 44, 255, 34, 250,
       162, 115, 251, 208, 2, 75, 178, 225, 211, 245, 94, 11, 130, 20,
       175, 59, 61, 204, 126, 231, 164, 31, 239, 249, 116, 34, 247, 2,
       115, 105, 184, 97, 122, 197, 23, 235, 233, 178, 121, 173, 247,
       239, 231, 0, 37, 186, 240, 160, 60, 213, 248, 231, 244, 111, 255,
       252, 81, 137, 253, 2, 123, 121, 124, 81, 250, 221, 23, 163, 250,
       178, 89, 201, 255, 253, 167, 197, 247, 218, 116, 139, 94, 220,
       210, 198, 103, 124, 254, 194, 59, 123, 255, 10, 78, 254, 119, 246,
       251, 205, 191, 139, 9, 19, 184, 195, 151, 254, 207, 175, 175, 127,
       121, 87, 114, 212, 224, 143, 125, 80, 220, 236, 27, 79, 240, 131,
       232, 110, 62, 192, 250, 211, 159, 225, 110, 34, 202, 211, 183,
       254, 158, 159, 23, 94, 221, 223, 129, 140, 157, 223, 157, 197, 37,
       239, 94, 83, 72, 16, 180, 242, 32, 96, 201, 106, 50, 8, 115, 92,
       82, 255, 45, 182, 222, 11, 16, 88, 240, 170, 3, 94, 103, 205, 38,
       82, 173, 55, 92, 70, 94, 230, 241, 36, 180, 101, 126, 100, 51,
       239, 225, 176, 53, 237, 36, 42, 218, 128, 13, 252, 117, 252, 220,
       88, 153, 190, 137, 68, 84, 17, 130, 194, 135, 11, 159, 223, 97,
       218, 192, 253, 189, 147, 73, 7, 210, 130, 243, 229, 175, 57, 184,
       122, 44, 18, 75, 90, 174, 185, 36, 164, 104, 22, 190, 79, 82, 101,
       189, 138, 179, 72, 196, 43, 63, 157, 135, 148, 2, 241, 134, 251,
       250, 136, 24, 21, 57, 91, 78, 238, 236, 127, 189, 91, 223, 188,
       22, 255, 87, 177, 253, 237, 219, 105, 215, 94, 255, 127, 242, 200,
       239, 191, 111, 127, 125, 253, 150, 255, 149, 243, 10, 153, 34,
       171, 117, 213, 186, 109, 31, 77, 92, 3, 172, 222, 62, 64, 222, 59,
       147, 17, 86, 152, 80, 255, 111, 117, 138, 235, 22, 14, 189, 223,
       41, 7, 92, 101, 52, 10, 108, 55, 116, 168, 122, 72, 223, 35, 145,
       80, 22, 172, 108, 44, 105, 184, 65, 14, 230, 255, 33, 0, 106, 168,
       74, 40, 9, 142, 223, 117, 52, 190, 232, 55, 124, 75, 126, 68, 191,
       34, 144, 228, 199, 38, 110, 12, 181, 184, 101, 143, 142, 255, 50,
       128, 206, 200, 73, 61, 131, 158, 103, 253, 54, 147, 233, 119, 29,
       71, 94, 246, 185, 15, 182, 100, 110, 171, 159, 140, 225, 188, 37,
       223, 198, 255, 186, 128, 63, 140, 113, 249, 45, 71, 229, 205, 246,
       58, 239, 185, 118, 227, 255, 246, 211, 96, 156, 229, 127, 236,
       126, 238, 177, 240, 237, 206, 60, 174, 231, 196, 239, 251, 240,
       245, 250, 18, 234, 149, 63, 83, 155, 115, 25, 237, 150, 191, 108,
       62, 150, 42, 190, 247, 253, 133, 188, 207, 229, 207, 243, 119,
       248, 211, 39, 164, 53, 127, 10, 94, 34, 138, 121, 181, 186, 204,
       143, 14, 156, 173, 172, 206, 39, 196, 206, 33, 219, 199, 134, 7,
       114, 243, 54, 84, 138, 187, 26, 87, 45, 223, 90, 177, 152, 168,
       75, 213, 17, 75, 139, 69, 237, 11, 44, 223, 98, 144, 161, 27, 195,
       17, 22, 11, 186, 209, 219, 197, 24, 127, 210, 6, 175, 218, 211,
       111, 200, 165, 180, 42, 110, 187, 52, 234, 90, 239, 209, 40, 147,
       64, 59, 196, 125, 237, 237, 152, 69, 14, 236, 46, 175, 132, 44,
       240, 218, 17, 72, 177, 187, 100, 234, 76, 53, 53, 171, 201, 228,
       44, 188, 183, 64, 50, 166, 127, 253, 64, 81, 75, 176, 65, 247,
       253, 38, 42, 72, 98, 167, 187, 73, 157, 123, 71, 149, 254, 111,
       55, 113, 228, 110, 0, 251, 53, 144, 116, 23, 246, 92, 168, 249,
       184, 113, 46, 239, 255, 36, 64, 226, 226, 198, 120, 62, 181, 176,
       242, 147, 113, 17, 203, 59, 55, 173, 57, 143, 255, 74, 154, 185,
       155, 209, 144, 26, 67, 154, 176, 219, 213, 31, 127, 226, 69, 167,
       146, 71, 92, 31, 249, 169, 164, 185, 158, 174, 27, 158, 112, 220,
       215, 41, 106, 231, 19, 127, 16, 131, 129, 11, 245, 193, 255, 123,
       222, 144, 81, 161, 3, 231, 182, 248, 240, 252, 141, 158, 251, 137,
       218, 184, 95, 188, 254, 221, 18, 191, 97, 95, 47, 247, 39, 218,
       211, 124, 30, 47, 190, 156, 232, 67, 17, 209, 2, 123, 225, 102,
       32, 105, 87, 101, 72, 210, 246, 157, 11, 176, 104, 110, 137, 94,
       140, 129, 191, 37, 192, 214, 233, 186, 128, 45, 136, 225, 185, 82,
       185, 151, 154, 11, 193, 16, 201, 175, 149, 128, 41, 172, 242, 96,
       222, 235, 243, 234, 145, 22, 75, 154, 241, 153, 52, 95, 123, 144,
       32, 39, 14, 15, 49, 183, 177, 135, 101, 189, 219, 142, 123, 66,
       82, 220, 254, 109, 107, 229, 91, 59, 179, 147, 208, 59, 193, 197,
       10, 255, 166, 144, 113, 165, 243, 43, 212, 114, 236, 103, 31, 220,
       253, 223, 127, 31, 59, 206, 253, 62, 228, 151, 153, 255, 37, 230,
       51, 40, 213, 162, 216, 77, 183, 94, 222, 217, 87, 54, 97, 114,
       192, 85, 87, 210, 72, 75, 164, 249, 11, 10, 156, 119, 148, 216,
       185, 135, 240, 14, 51, 16, 216, 19, 28, 129, 127, 87, 15, 126,
       198, 77, 184, 185, 241, 160, 236, 57, 23, 46, 249, 31, 117, 157,
       191, 202, 122, 135, 59, 125, 20, 147, 216, 179, 96, 207, 223, 126,
       224, 136, 192, 139, 123, 99, 88, 169, 158, 109, 116, 184, 142,
       155, 95, 217, 31, 172, 172, 119, 234, 201, 207, 187, 133, 134, 2,
       254, 241, 23, 117, 218, 187, 148, 94, 61, 222, 35, 110, 226, 24,
       223, 181, 184, 199, 95, 115, 120, 255, 8, 136, 119, 172, 239, 43,
