%YAML:1.0
---
descriptors: !!opencv-matrix
   rows: 139
   cols: 32
   dt: u
   data: [ 198, 241, 9, 179, 170, 65, 189, 189, 170, 85, 128, 189, 213,
       199, 202, 83, 39, 83, 123, 247, 67, 71, 254, 113, 236, 1, 239,
       252, 4, 16, 167, 241, 122, 185, 146, 232, 153, 221, 80, 69, 171,
       13, 168, 9, 174, 159, 98, 146, 164, 179, 221, 80, 30, 43, 146,
       177, 219, 221, 2, 123, 210, 6, 175, 91, 1, 95, 125, 69, 116, 14,
       109, 55, 124, 200, 118, 100, 179, 19, 145, 117, 6, 44, 86, 44,
       225, 184, 97, 78, 102, 191, 48, 128, 74, 152, 67, 185, 122, 183,
       238, 100, 235, 90, 21, 63, 169, 239, 174, 169, 110, 165, 10, 23,
       132, 214, 237, 32, 88, 75, 162, 9, 243, 247, 101, 191, 66, 238,
       206, 123, 74, 113, 244, 116, 235, 89, 29, 157, 139, 190, 60, 40,
       236, 255, 207, 55, 135, 119, 245, 98, 64, 66, 234, 192, 255, 217,
       101, 191, 227, 246, 135, 251, 62, 121, 177, 64, 205, 85, 151, 220,
       67, 252, 180, 40, 26, 157, 199, 166, 205, 252, 215, 83, 73, 99,
       250, 176, 123, 217, 5, 63, 83, 62, 86, 255, 191, 118, 98, 160,
       116, 63, 202, 120, 81, 234, 209, 255, 91, 72, 151, 165, 127, 204,
       23, 239, 173, 182, 92, 142, 186, 77, 169, 244, 111, 175, 122, 213,
       146, 75, 103, 158, 107, 192, 188, 230, 173, 6, 208, 227, 44, 239,
       39, 79, 238, 243, 175, 193, 64, 139, 2, 233, 176, 114, 222, 139,
       7, 84, 37, 235, 27, 143, 107, 205, 52, 146, 236, 119, 85, 73, 222,
       230, 49, 171, 176, 96, 108, 170, 31, 141, 221, 187, 37, 255, 242,
       237, 190, 128, 63, 136, 240, 89, 42, 153, 147, 154, 249, 197, 165,
       231, 158, 29, 120, 3, 172, 246, 96, 196, 201, 59, 130, 17, 19, 26,
       82, 247, 61, 20, 158, 106, 208, 12, 165, 186, 226, 112, 100, 12,
       73, 255, 248, 78, 171, 228, 240, 137, 142, 158, 86, 158, 170, 141,
       255, 197, 14, 71, 210, 80, 151, 112, 11, 63, 65, 5, 111, 214, 184,
       77, 123, 111, 116, 207, 103, 240, 84, 8, 124, 8, 51, 85, 177, 48,
       56, 248, 7, 106, 104, 182, 8, 63, 103, 205, 32, 32, 115, 155, 70,
       168, 50, 177, 98, 65, 213, 219, 254, 239, 77, 101, 124, 139, 8,
       28, 54, 180, 250, 154, 147, 241, 214, 186, 116, 221, 63, 28, 133,
       231, 119, 142, 222, 222, 33, 32, 165, 77, 21, 30, 233, 27, 86,
       225, 226, 66, 147, 4, 16, 233, 88, 172, 114, 140, 137, 254, 245,
       12, 13, 174, 208, 80, 65, 136, 80, 44, 197, 253, 157, 254, 204,
       109, 103, 252, 234, 58, 169, 24, 246, 243, 105, 115, 193, 210,
       106, 74, 99, 103, 218, 115, 253, 153, 71, 60, 24, 123, 163, 170,
       19, 205, 42, 205, 87, 70, 239, 119, 125, 44, 222, 2, 57, 190, 54,
       100, 120, 237, 23, 233, 232, 185, 52, 239, 177, 44, 142, 128, 37,
       56, 245, 236, 11, 159, 50, 251, 245, 149, 190, 247, 31, 73, 92,
       231, 189, 223, 178, 228, 254, 59, 151, 220, 214, 154, 38, 255,
       238, 93, 190, 234, 22, 142, 169, 253, 90, 113, 54, 204, 29, 222,
       88, 13, 239, 228, 135, 10, 206, 222, 94, 246, 242, 181, 236, 161,
       142, 5, 183, 208, 147, 240, 139, 63, 34, 6, 45, 70, 40, 181, 57,
       251, 221, 109, 193, 111, 87, 63, 125, 24, 182, 61, 64, 160, 201,
       30, 34, 1, 123, 122, 241, 151, 141, 215, 18, 127, 210, 72, 132,
       170, 120, 189, 56, 106, 113, 221, 82, 86, 35, 13, 188, 9, 63, 159,
       98, 16, 156, 155, 213, 120, 30, 43, 176, 23, 251, 221, 32, 121,
       114, 138, 78, 219, 241, 172, 254, 84, 140, 252, 197, 135, 250,
       187, 166, 24, 114, 248, 86, 59, 137, 230, 120, 24, 62, 111, 255,
       34, 91, 171, 117, 121, 193, 104, 214, 46, 120, 147, 115, 72, 179,
       94, 83, 61, 35, 109, 239, 169, 91, 213, 174, 244, 54, 150, 237,
       112, 152, 171, 169, 29, 251, 229, 32, 215, 98, 134, 230, 115, 57,
       209, 99, 79, 85, 94, 71, 253, 101, 72, 254, 108, 114, 25, 190,
       180, 216, 138, 212, 110, 205, 186, 117, 61, 39, 237, 32, 64, 107,
       158, 250, 254, 137, 92, 63, 117, 112, 142, 125, 54, 252, 202, 118,
       68, 183, 23, 128, 113, 164, 54, 86, 8, 225, 188, 48, 110, 231,
       251, 112, 0, 74, 144, 67, 187, 107, 241, 249, 100, 127, 93, 215,
       125, 203, 236, 188, 40, 190, 188, 198, 54, 158, 117, 212, 97, 197,
       107, 240, 136, 123, 221, 37, 187, 71, 190, 198, 255, 35, 251, 0,
       27, 225, 133, 176, 87, 58, 93, 112, 85, 172, 158, 70, 28, 204, 43,
       87, 20, 211, 94, 210, 113, 5, 24, 186, 234, 88, 4, 171, 223, 43,
       167, 106, 168, 157, 183, 202, 75, 86, 77, 220, 199, 129, 168, 54,
       64, 89, 138, 23, 189, 158, 187, 68, 157, 106, 93, 170, 213, 221,
       78, 248, 198, 18, 221, 58, 204, 21, 134, 239, 119, 117, 8, 222, 6,
       56, 187, 54, 100, 120, 190, 23, 137, 200, 187, 48, 207, 241, 175,
       158, 1, 45, 8, 249, 170, 41, 141, 113, 73, 213, 223, 230, 101, 85,
       33, 248, 66, 34, 24, 148, 164, 120, 42, 2, 120, 251, 186, 117,
       191, 47, 28, 4, 66, 91, 14, 242, 172, 42, 233, 50, 138, 85, 213,
       182, 239, 31, 5, 88, 3, 172, 220, 54, 196, 216, 59, 147, 193, 70,
       58, 80, 255, 55, 84, 142, 107, 23, 30, 189, 206, 112, 97, 90, 232,
       11, 65, 89, 64, 165, 36, 239, 130, 3, 135, 32, 80, 104, 157, 203,
       224, 8, 131, 129, 64, 209, 160, 130, 25, 49, 3, 38, 34, 6, 235,
       139, 203, 221, 208, 234, 204, 111, 17, 212, 66, 40, 226, 252, 228,
       120, 203, 178, 216, 83, 26, 138, 225, 63, 60, 143, 207, 23, 150,
       249, 172, 70, 43, 142, 165, 141, 32, 188, 138, 170, 151, 154, 163,
       197, 234, 91, 10, 203, 87, 249, 145, 20, 65, 143, 192, 204, 54,
       223, 191, 132, 119, 159, 194, 26, 30, 234, 189, 242, 162, 185, 83,
       61, 199, 94, 247, 45, 174, 167, 73, 102, 63, 183, 165, 180, 152,
       37, 206, 214, 103, 186, 131, 183, 229, 37, 241, 189, 53, 97, 193,
       60, 31, 202, 120, 71, 232, 255, 238, 83, 216, 245, 165, 126, 204,
       94, 255, 207, 183, 125, 156, 62, 8, 161, 252, 127, 175, 88, 181,
       199, 48, 188, 87, 233, 252, 176, 142, 250, 251, 135, 16, 156, 252,
       79, 107, 129, 87, 250, 17, 183, 109, 254, 226, 15, 59, 95, 95,
       128, 65, 141, 86, 79, 180, 184, 83, 249, 252, 176, 139, 250, 123,
       13, 17, 156, 254, 94, 234, 129, 27, 250, 17, 151, 77, 254, 115,
       15, 23, 27, 111, 128, 68, 143, 214, 9, 22, 254, 69, 102, 62, 232,
       50, 105, 234, 126, 230, 217, 43, 151, 230, 126, 68, 54, 172, 133,
       176, 101, 200, 70, 127, 226, 128, 239, 224, 122, 149, 191, 22,
       108, 165, 180, 63, 206, 248, 21, 234, 211, 247, 83, 40, 155, 137,
       127, 196, 31, 175, 189, 183, 93, 158, 178, 207, 235, 212, 191,
       255, 248, 213, 196, 125, 159, 239, 170, 107, 55, 200, 238, 178,
       104, 32, 212, 243, 233, 98, 179, 127, 110, 98, 67, 81, 155, 115,
       253, 161, 103, 46, 176, 115, 165, 163, 189, 19, 236, 181, 164, 63,
       236, 25, 84, 234, 118, 231, 83, 40, 151, 137, 126, 206, 23, 255,
       189, 240, 85, 136, 102, 203, 231, 132, 237, 253, 216, 209, 88,
       149, 63, 254, 155, 192, 21, 103, 189, 65, 236, 48, 60, 247, 32,
       113, 166, 51, 187, 128, 115, 139, 50, 245, 243, 243, 26, 75, 50,
       0, 167, 123, 34, 141, 98, 250, 255, 149, 252, 231, 207, 9, 220, 3,
       40, 223, 54, 100, 234, 187, 19, 129, 214, 43, 18, 255, 127, 92,
       154, 203, 55, 12, 252, 143, 51, 223, 99, 220, 22, 130, 111, 244,
       165, 74, 222, 230, 113, 238, 180, 96, 126, 253, 63, 238, 233, 139,
       36, 239, 178, 238, 174, 136, 61, 178, 32, 121, 40, 245, 120, 107,
       116, 207, 123, 93, 113, 13, 125, 40, 23, 29, 138, 48, 30, 152, 7,
       120, 234, 182, 120, 63, 111, 205, 32, 100, 113, 131, 198, 243, 74,
       31, 232, 105, 184, 191, 91, 26, 39, 237, 222, 237, 191, 7, 147,
       84, 6, 254, 253, 156, 138, 8, 227, 58, 202, 253, 169, 176, 150,
       215, 4, 121, 45, 151, 99, 73, 244, 159, 199, 121, 76, 72, 125, 76,
       210, 204, 190, 164, 92, 42, 150, 110, 213, 178, 124, 31, 46, 61,
       33, 196, 94, 142, 218, 245, 41, 20, 247, 69, 100, 62, 232, 51,
       109, 203, 122, 230, 123, 56, 148, 246, 126, 140, 54, 172, 133,
       184, 117, 204, 6, 255, 242, 128, 239, 232, 120, 189, 153, 19, 236,
