%YAML:1.0
---
descriptors: !!opencv-matrix
   rows: 108
   cols: 32
   dt: u
   data: [ 211, 120, 151, 148, 35, 252, 49, 66, 185, 206, 194, 37, 172,
       150, 39, 255, 166, 53, 236, 129, 101, 221, 178, 107, 145, 178, 90,
       131, 0, 21, 39, 127, 130, 220, 18, 159, 93, 211, 178, 232, 159, 2,
       81, 18, 236, 218, 45, 196, 217, 121, 131, 131, 102, 182, 90, 255,
       39, 22, 139, 11, 22, 63, 57, 134, 3, 183, 227, 1, 246, 31, 172,
       127, 90, 233, 91, 255, 152, 108, 222, 164, 63, 15, 146, 21, 247,
       248, 181, 215, 44, 12, 63, 230, 205, 12, 155, 245, 56, 247, 232,
       101, 244, 10, 95, 191, 113, 205, 124, 175, 59, 45, 222, 48, 63,
       222, 21, 157, 218, 186, 229, 130, 111, 237, 180, 161, 231, 210,
       214, 251, 195, 201, 102, 94, 75, 84, 52, 165, 249, 82, 226, 64,
       104, 226, 174, 247, 226, 231, 232, 230, 229, 77, 190, 109, 50, 58,
       86, 27, 10, 52, 234, 12, 120, 177, 59, 232, 153, 221, 83, 89, 163,
       77, 172, 9, 63, 223, 106, 176, 164, 147, 221, 80, 27, 43, 178,
       145, 251, 221, 0, 123, 114, 2, 231, 115, 33, 95, 125, 101, 116,
       15, 105, 54, 124, 232, 118, 68, 179, 5, 145, 49, 14, 36, 86, 76,
       233, 184, 97, 12, 102, 187, 48, 128, 72, 184, 66, 249, 77, 119,
       242, 69, 228, 62, 111, 19, 105, 206, 126, 236, 31, 10, 215, 188,
       182, 205, 20, 62, 133, 176, 165, 202, 102, 253, 37, 128, 206, 246,
       202, 85, 221, 123, 210, 86, 67, 20, 116, 64, 233, 130, 227, 104,
       110, 242, 197, 255, 166, 245, 236, 194, 77, 199, 162, 104, 146,
       248, 66, 11, 106, 179, 43, 13, 113, 122, 178, 22, 69, 24, 182, 64,
       249, 198, 162, 13, 110, 232, 71, 190, 162, 237, 232, 71, 196, 231,
       150, 104, 144, 118, 85, 27, 203, 117, 75, 94, 69, 56, 241, 69,
       100, 110, 233, 16, 105, 232, 123, 68, 251, 60, 213, 58, 150, 108,
       118, 79, 129, 240, 241, 64, 69, 56, 99, 128, 204, 227, 83, 241,
       246, 106, 160, 176, 237, 123, 210, 192, 155, 188, 144, 169, 2,
       140, 71, 154, 201, 252, 255, 83, 12, 119, 200, 160, 159, 85, 141,
       191, 199, 125, 94, 222, 31, 221, 206, 222, 252, 134, 255, 252,
       182, 202, 222, 98, 121, 251, 177, 96, 125, 255, 63, 202, 227, 219,
       171, 255, 126, 239, 239, 136, 63, 251, 113, 185, 11, 159, 123,
       219, 176, 247, 59, 183, 30, 77, 94, 228, 189, 255, 178, 228, 247,
       59, 159, 28, 151, 152, 53, 255, 238, 127, 190, 192, 158, 142, 173,
       121, 189, 3, 236, 101, 236, 59, 205, 25, 71, 58, 191, 250, 83, 57,
       157, 170, 94, 148, 119, 168, 169, 178, 101, 154, 70, 207, 225,
       180, 247, 232, 216, 161, 112, 9, 187, 236, 77, 236, 211, 194, 205,
       12, 252, 11, 54, 253, 39, 80, 248, 243, 47, 65, 8, 35, 242, 233,
       211, 252, 130, 27, 81, 123, 116, 234, 39, 205, 252, 95, 221, 247,
       150, 239, 91, 81, 252, 18, 106, 124, 63, 172, 217, 218, 147, 87,
       191, 234, 122, 249, 43, 30, 213, 127, 213, 95, 248, 254, 58, 173,
       34, 186, 221, 249, 146, 198, 223, 5, 252, 11, 46, 253, 118, 128,
       201, 187, 147, 17, 30, 43, 82, 183, 123, 85, 26, 123, 215, 77,
       213, 206, 135, 123, 189, 209, 236, 21, 188, 223, 207, 250, 20,
       102, 140, 130, 247, 175, 239, 73, 54, 222, 199, 118, 235, 240, 38,
       88, 255, 174, 152, 248, 169, 253, 38, 173, 242, 90, 221, 177, 146,
       203, 203, 5, 248, 11, 40, 232, 118, 0, 201, 187, 131, 81, 22, 43,
       14, 247, 58, 92, 7, 123, 213, 79, 255, 134, 138, 13, 39, 190, 199,
       228, 188, 247, 156, 67, 66, 211, 253, 231, 32, 201, 127, 123, 179,
       143, 112, 138, 18, 239, 229, 35, 222, 136, 148, 124, 181, 250, 91,
       92, 254, 245, 36, 30, 127, 182, 237, 198, 214, 130, 255, 63, 183,
       103, 110, 245, 189, 204, 237, 153, 53, 236, 243, 251, 238, 144,
       39, 253, 117, 121, 125, 109, 73, 166, 58, 155, 78, 248, 40, 224,
       232, 141, 119, 76, 19, 48, 30, 233, 85, 231, 205, 66, 254, 63,
       240, 193, 13, 56, 109, 179, 10, 216, 190, 29, 118, 146, 221, 255,
       242, 232, 189, 188, 247, 11, 78, 252, 63, 223, 252, 245, 223, 243,
       60, 243, 56, 252, 155, 219, 203, 87, 211, 127, 61, 70, 220, 55,
       164, 53, 145, 126, 117, 31, 59, 255, 14, 21, 207, 37, 83, 222, 49,
       150, 253, 28, 50, 220, 241, 134, 239, 231, 53, 197, 162, 228, 214,
       114, 254, 14, 230, 119, 177, 58, 95, 158, 51, 171, 142, 184, 75,
       119, 203, 222, 23, 214, 253, 24, 56, 213, 201, 170, 218, 255, 245,
       151, 166, 245, 154, 35, 226, 68, 85, 129, 236, 169, 236, 71, 237,
       18, 160, 26, 134, 26, 21, 95, 235, 131, 91, 147, 118, 39, 66, 194,
       148, 152, 154, 42, 21, 88, 227, 134, 162, 80, 50, 221, 77, 199,
       176, 72, 95, 6, 241, 19, 72, 216, 61, 141, 248, 185, 179, 99, 224,
       182, 18, 218, 21, 58, 219, 43, 87, 45, 127, 134, 128, 142, 219,
       155, 236, 168, 236, 198, 174, 19, 106, 210, 181, 162, 112, 75,
       107, 11, 74, 141, 50, 28, 206, 99, 4, 128, 222, 104, 148, 89, 193,
       136, 48, 142, 75, 253, 52, 226, 99, 103, 116, 139, 250, 114, 51,
       179, 160, 64, 91, 174, 38, 136, 57, 155, 1, 31, 232, 167, 178,
       192, 52, 200, 240, 169, 48, 141, 86, 174, 215, 171, 230, 231, 61,
       33, 234, 10, 98, 42, 36, 80, 249, 231, 74, 177, 58, 187, 89, 255,
       185, 166, 150, 83, 225, 74, 240, 138, 129, 58, 147, 185, 100, 133,
       169, 87, 14, 25, 80, 112, 188, 147, 224, 105, 231, 59, 18, 25, 3,
       92, 2, 81, 132, 136, 122, 168, 152, 0, 33, 169, 222, 122, 142,
       180, 34, 160, 56, 2, 178, 143, 134, 181, 237, 231, 67, 90, 167,
       229, 237, 151, 44, 199, 131, 98, 218, 231, 255, 137, 168, 117, 47,
       19, 32, 132, 185, 121, 253, 233, 65, 15, 94, 31, 125, 48, 178,
       209, 40, 104, 217, 26, 6, 24, 58, 60, 107, 23, 79, 159, 50, 127,
       208, 8, 212, 227, 223, 90, 134, 190, 43, 144, 60, 0, 173, 218,
       195, 247, 173, 202, 115, 203, 230, 101, 253, 199, 109, 69, 134,
       224, 146, 113, 218, 139, 14, 53, 57, 87, 168, 178, 184, 241, 253,
       233, 145, 207, 31, 63, 52, 56, 142, 157, 106, 8, 137, 27, 151, 16,
       18, 126, 194, 147, 207, 215, 52, 255, 210, 72, 159, 171, 86, 233,
       169, 171, 28, 192, 235, 248, 6, 29, 209, 163, 245, 199, 120, 66,
       122, 73, 63, 219, 66, 26, 203, 241, 221, 165, 175, 236, 53, 130,
       37, 250, 189, 92, 237, 250, 174, 1, 79, 222, 87, 82, 180, 238, 19,
       173, 243, 43, 111, 194, 62, 222, 235, 111, 127, 178, 250, 203,
       245, 188, 191, 219, 112, 121, 248, 86, 127, 238, 46, 82, 87, 252,
       212, 6, 247, 162, 123, 253, 171, 193, 126, 244, 175, 226, 104,
       167, 46, 175, 242, 227, 225, 153, 119, 186, 124, 123, 25, 157, 79,
       188, 182, 194, 180, 119, 181, 72, 218, 102, 48, 191, 160, 224,
       110, 178, 31, 129, 249, 187, 32, 255, 176, 239, 178, 194, 61, 136,
       248, 123, 35, 181, 172, 187, 157, 237, 215, 143, 207, 125, 152,
       19, 200, 252, 94, 34, 201, 67, 123, 85, 150, 104, 251, 177, 111,
       94, 159, 127, 213, 94, 212, 222, 245, 169, 237, 73, 252, 51, 207,
       152, 82, 242, 188, 78, 83, 240, 223, 46, 89, 68, 124, 126, 189,
       99, 255, 18, 62, 14, 229, 252, 253, 251, 82, 196, 63, 81, 99, 173,
       126, 26, 251, 120, 37, 96, 246, 231, 75, 140, 191, 244, 254, 213,
       191, 231, 205, 179, 117, 204, 182, 252, 138, 134, 39, 191, 112,
       245, 45, 20, 94, 119, 228, 174, 110, 17, 249, 138, 127, 68, 251,
       235, 157, 185, 178, 166, 87, 46, 145, 177, 16, 108, 198, 255, 96,
       0, 202, 227, 74, 160, 141, 81, 255, 238, 164, 38, 127, 216, 237,
       90, 127, 68, 93, 243, 189, 122, 118, 80, 55, 110, 161, 129, 58,
       235, 83, 255, 99, 140, 210, 243, 97, 225, 211, 29, 183, 204, 42,
       39, 159, 250, 28, 234, 154, 230, 93, 127, 181, 102, 246, 117, 63,
       239, 225, 195, 49, 206, 177, 14, 239, 158, 29, 245, 49, 121, 254,
       46, 254, 84, 185, 114, 88, 139, 179, 183, 174, 157, 74, 235, 79,
       223, 147, 215, 237, 176, 60, 207, 171, 194, 218, 255, 213, 23,
       134, 228, 78, 78, 126, 89, 118, 246, 237, 87, 250, 232, 141, 156,
       182, 11, 79, 252, 39, 223, 232, 245, 255, 243, 12, 227, 123, 236,
