%YAML:1.0
---
descriptors: !!opencv-matrix
   rows: 170
   cols: 32
   dt: u
   data: [ 120, 45, 113, 68, 233, 127, 71, 127, 97, 174, 172, 8, 90, 119,
       69, 54, 152, 214, 76, 106, 104, 43, 241, 10, 115, 221, 5, 60, 99,
       250, 70, 106, 124, 113, 147, 224, 217, 228, 80, 4, 163, 160, 202,
       9, 31, 215, 97, 218, 208, 253, 157, 240, 27, 83, 208, 128, 251,
       225, 15, 127, 162, 3, 38, 50, 205, 177, 155, 240, 176, 134, 109,
       213, 178, 137, 243, 84, 212, 211, 104, 114, 212, 189, 60, 184,
       251, 223, 144, 70, 233, 249, 167, 196, 136, 0, 160, 35, 41, 7, 84,
       101, 52, 10, 105, 55, 117, 136, 122, 76, 223, 35, 145, 80, 18, 44,
       108, 44, 32, 184, 65, 14, 228, 255, 32, 0, 106, 160, 66, 8, 106,
       188, 104, 197, 95, 125, 241, 103, 73, 239, 222, 63, 170, 60, 22,
       34, 236, 255, 255, 129, 188, 254, 245, 207, 87, 95, 208, 243, 79,
       44, 214, 223, 10, 126, 32, 138, 107, 181, 187, 72, 143, 14, 156,
       165, 172, 206, 103, 196, 206, 57, 219, 199, 198, 7, 218, 243, 54,
       84, 138, 187, 26, 23, 47, 223, 92, 91, 19, 170, 139, 13, 22, 200,
       143, 44, 139, 107, 207, 207, 105, 64, 246, 177, 237, 67, 72, 33,
       27, 176, 177, 197, 111, 30, 48, 59, 5, 35, 1, 15, 201, 37, 180,
       14, 238, 59, 116, 234, 90, 228, 147, 40, 145, 96, 126, 140, 20,
       45, 237, 184, 69, 14, 44, 46, 191, 132, 109, 224, 81, 9, 10, 153,
       50, 139, 117, 213, 186, 239, 31, 73, 88, 7, 172, 222, 46, 196,
       216, 59, 147, 145, 86, 152, 80, 255, 47, 117, 138, 195, 22, 14,
       189, 223, 41, 219, 123, 233, 244, 133, 127, 245, 85, 72, 124, 230,
       57, 207, 176, 48, 126, 170, 23, 220, 211, 186, 96, 255, 110, 221,
       164, 232, 127, 138, 226, 249, 2, 177, 148, 153, 203, 197, 176,
       199, 142, 29, 72, 17, 172, 158, 106, 73, 201, 27, 235, 17, 22, 75,
       146, 209, 13, 16, 26, 107, 144, 12, 173, 206, 64, 49, 187, 100,
       170, 76, 53, 23, 234, 201, 174, 44, 188, 183, 64, 50, 166, 127,
       236, 0, 17, 105, 179, 64, 255, 189, 36, 10, 200, 96, 167, 59, 185,
       223, 111, 77, 118, 155, 239, 245, 68, 72, 254, 230, 51, 9, 180,
       37, 126, 170, 22, 238, 233, 187, 101, 189, 118, 233, 162, 128,
       127, 154, 240, 185, 160, 180, 149, 187, 221, 237, 180, 239, 222,
       51, 73, 26, 188, 249, 104, 97, 201, 27, 179, 17, 50, 122, 90, 183,
       173, 150, 94, 127, 208, 72, 149, 170, 45, 71, 231, 77, 244, 58,
       239, 57, 118, 227, 127, 246, 211, 97, 156, 117, 127, 204, 126,
       174, 185, 240, 109, 206, 44, 238, 231, 196, 239, 251, 224, 161,
       16, 141, 62, 174, 148, 226, 215, 231, 148, 5, 218, 3, 247, 255,
       34, 64, 120, 251, 31, 243, 56, 187, 25, 63, 249, 167, 174, 64,
       180, 90, 181, 202, 166, 168, 144, 152, 221, 229, 178, 202, 30,
       189, 240, 27, 196, 248, 113, 8, 217, 91, 163, 17, 34, 119, 91,
       246, 29, 22, 159, 127, 209, 73, 85, 130, 1, 34, 196, 157, 116,
       187, 232, 19, 127, 113, 118, 214, 145, 8, 150, 237, 106, 140, 54,
       157, 151, 252, 101, 213, 14, 122, 242, 192, 239, 140, 121, 156,
       32, 95, 126, 77, 116, 143, 175, 119, 92, 140, 126, 230, 241, 101,
       180, 69, 94, 48, 6, 106, 225, 184, 53, 125, 100, 186, 102, 128,
       95, 170, 224, 249, 9, 142, 95, 85, 52, 186, 233, 55, 126, 99, 126,
       212, 191, 32, 148, 244, 107, 46, 78, 12, 185, 188, 117, 15, 174,
       255, 50, 0, 206, 192, 73, 189, 73, 157, 115, 101, 177, 254, 111,
       55, 125, 69, 110, 0, 251, 53, 144, 244, 55, 118, 60, 40, 241, 184,
       49, 111, 239, 255, 4, 64, 66, 226, 197, 121, 2, 153, 18, 155, 245,
       197, 186, 199, 158, 9, 88, 35, 172, 222, 32, 196, 237, 59, 147,
       209, 86, 152, 18, 255, 45, 22, 158, 203, 18, 12, 189, 159, 92,
       215, 27, 236, 242, 201, 86, 252, 21, 136, 248, 235, 119, 231, 41,
       80, 254, 243, 7, 98, 72, 51, 0, 62, 251, 197, 37, 57, 112, 250,
       172, 11, 72, 26, 187, 245, 164, 236, 121, 23, 124, 79, 118, 244,
       191, 47, 146, 122, 231, 55, 61, 136, 147, 216, 227, 64, 199, 255,
       122, 192, 132, 192, 133, 121, 60, 93, 86, 254, 213, 246, 86, 113,
       149, 132, 253, 3, 107, 255, 35, 209, 216, 250, 135, 98, 108, 163,
       90, 140, 243, 239, 69, 9, 115, 254, 110, 130, 239, 244, 33, 154,
       109, 93, 150, 236, 217, 106, 149, 111, 108, 220, 63, 181, 156,
       209, 219, 103, 229, 39, 124, 255, 51, 85, 15, 191, 95, 63, 27,
       223, 121, 143, 225, 101, 172, 11, 207, 55, 101, 228, 254, 237,
       243, 41, 150, 48, 126, 230, 125, 109, 200, 184, 229, 12, 254, 255,
       229, 144, 103, 238, 210, 104, 9, 142, 254, 85, 52, 190, 105, 55,
       109, 73, 126, 100, 187, 34, 150, 116, 199, 38, 110, 12, 157, 184,
       101, 111, 206, 255, 50, 192, 202, 128, 195, 45, 53, 199, 204, 234,
       254, 35, 78, 216, 7, 178, 189, 175, 83, 99, 251, 90, 123, 196,
       110, 254, 10, 99, 79, 49, 254, 143, 229, 188, 189, 251, 120, 16,
       124, 218, 239, 231, 36, 74, 127, 249, 116, 206, 247, 198, 83, 109,
       184, 97, 126, 213, 63, 235, 200, 178, 105, 44, 244, 235, 231, 132,
       37, 187, 244, 113, 82, 225, 150, 156, 27, 193, 16, 72, 174, 145,
       128, 169, 164, 194, 96, 214, 232, 177, 234, 209, 2, 75, 138, 81,
       153, 48, 139, 123, 16, 2, 47, 14, 41, 132, 120, 69, 116, 47, 227,
       119, 117, 33, 127, 74, 19, 17, 148, 52, 58, 158, 6, 40, 217, 186,
       101, 222, 118, 188, 48, 64, 111, 138, 242, 160, 73, 39, 17, 101,
       52, 14, 104, 55, 125, 161, 106, 84, 191, 35, 128, 84, 18, 46, 76,
       44, 113, 184, 65, 14, 230, 255, 48, 0, 74, 128, 194, 40, 32, 176,
       148, 155, 205, 237, 144, 175, 158, 49, 161, 24, 142, 248, 72, 11,
       201, 26, 234, 16, 18, 106, 218, 245, 141, 146, 91, 127, 216, 8,
       145, 130, 172, 252, 188, 121, 172, 109, 93, 155, 254, 222, 52, 24,
       151, 253, 211, 59, 157, 88, 126, 120, 178, 100, 251, 0, 239, 219,
       101, 252, 192, 249, 206, 243, 148, 207, 14, 175, 150, 2, 95, 252,
       20, 4, 218, 131, 119, 99, 42, 65, 122, 231, 45, 235, 104, 153, 9,
       47, 240, 167, 175, 0, 53, 58, 180, 10, 13, 207, 231, 69, 244, 26,
       239, 251, 119, 161, 127, 226, 211, 32, 148, 101, 127, 204, 126,
       254, 249, 248, 237, 190, 60, 238, 231, 196, 231, 251, 240, 165,
       249, 90, 78, 236, 14, 6, 79, 248, 196, 194, 196, 198, 115, 233,
       49, 99, 126, 228, 58, 238, 233, 167, 23, 172, 242, 235, 192, 24,
       61, 187, 112, 56, 216, 253, 25, 232, 219, 196, 93, 247, 59, 248,
       164, 24, 31, 31, 64, 113, 231, 191, 221, 144, 107, 79, 248, 223,
       251, 209, 63, 127, 58, 0, 167, 59, 66, 12, 181, 255, 109, 108,
       184, 142, 159, 23, 80, 17, 172, 191, 97, 75, 195, 83, 123, 1, 34,
       77, 211, 241, 199, 242, 90, 43, 148, 89, 5, 139, 131, 132, 127,
       204, 110, 35, 188, 123, 172, 210, 88, 214, 157, 250, 245, 67, 111,
       41, 23, 173, 224, 63, 6, 223, 60, 24, 239, 172, 157, 232, 33, 217,
       155, 157, 58, 56, 155, 241, 144, 231, 255, 85, 252, 55, 46, 184,
       38, 213, 239, 171, 135, 133, 254, 47, 22, 247, 218, 211, 26, 107,
       95, 4, 171, 223, 18, 2, 231, 137, 74, 195, 169, 83, 38, 117, 210,
       231, 169, 134, 146, 204, 110, 157, 239, 149, 139, 216, 231, 209,
       20, 32, 250, 193, 37, 132, 37, 253, 3, 2, 238, 157, 84, 139, 233,
       19, 86, 117, 86, 215, 145, 12, 150, 73, 108, 140, 63, 157, 158,
       252, 117, 213, 68, 42, 250, 192, 61, 140, 112, 212, 227, 184, 232,
       213, 87, 253, 177, 23, 249, 73, 246, 63, 186, 28, 22, 44, 237,
       191, 215, 145, 190, 190, 244, 199, 87, 126, 152, 211, 239, 12,
       214, 255, 181, 205, 72, 174, 156, 39, 207, 253, 150, 34, 152, 14,
       115, 225, 59, 64, 121, 194, 31, 239, 121, 35, 30, 63, 248, 143,
       175, 60, 61, 251, 240, 160, 186, 193, 122, 186, 195, 211, 92, 237,
       31, 78, 116, 187, 15, 222, 46, 189, 255, 153, 151, 227, 126, 30,
       106, 183, 179, 211, 222, 239, 115, 156, 174, 214, 82, 185, 18,
       248, 75, 192, 152, 73, 175, 20, 160, 163, 44, 223, 100, 86, 234,
       185, 235, 129, 78, 11, 130, 209, 147, 208, 10, 59, 18, 4, 47, 14,
