%YAML:1.0
---
descriptors: !!opencv-matrix
   rows: 128
   cols: 32
   dt: u
   data: [ 66, 251, 0, 186, 169, 141, 28, 142, 143, 29, 168, 77, 174,
       138, 70, 144, 205, 35, 207, 69, 14, 11, 82, 241, 169, 144, 26, 59,
       24, 92, 139, 155, 212, 82, 207, 180, 78, 0, 109, 112, 168, 182,
       226, 215, 117, 174, 53, 91, 110, 197, 123, 231, 224, 87, 183, 64,
       213, 162, 250, 8, 45, 241, 117, 80, 194, 161, 156, 154, 137, 229,
       24, 15, 143, 21, 129, 17, 172, 151, 72, 90, 201, 19, 235, 144, 18,
       75, 218, 209, 157, 146, 218, 127, 144, 4, 135, 82, 141, 117, 17,
       101, 112, 15, 103, 56, 125, 168, 122, 72, 215, 83, 9, 176, 148,
       92, 70, 106, 97, 176, 81, 14, 229, 188, 37, 4, 72, 177, 67, 161,
       101, 97, 57, 71, 5, 79, 103, 24, 112, 160, 111, 8, 210, 17, 9, 52,
       152, 212, 64, 106, 73, 176, 241, 14, 101, 188, 0, 20, 64, 59, 70,
       162, 47, 103, 96, 14, 125, 31, 206, 56, 83, 232, 253, 76, 66, 72,
       223, 180, 88, 200, 22, 111, 207, 50, 223, 159, 46, 28, 129, 60,
       95, 191, 90, 132, 11, 245, 17, 209, 243, 201, 61, 254, 31, 113,
       92, 112, 188, 151, 204, 164, 23, 26, 147, 72, 67, 88, 115, 247,
       111, 20, 28, 230, 30, 152, 135, 251, 177, 75, 79, 252, 22, 129,
       79, 246, 196, 0, 210, 230, 49, 130, 177, 97, 106, 226, 30, 204,
       201, 139, 6, 253, 176, 168, 190, 136, 61, 152, 112, 40, 181, 75,
       107, 254, 94, 131, 207, 112, 196, 64, 241, 230, 51, 201, 181, 97,
       106, 232, 22, 207, 235, 175, 46, 191, 114, 233, 162, 184, 125,
       187, 112, 168, 15, 153, 236, 247, 164, 94, 254, 180, 123, 251, 23,
       130, 249, 125, 223, 47, 23, 119, 181, 206, 240, 248, 63, 169, 111,
       223, 245, 129, 231, 247, 221, 121, 52, 71, 106, 175, 20, 11, 103,
       248, 84, 228, 255, 163, 83, 161, 187, 64, 120, 204, 6, 110, 72,
       178, 109, 12, 244, 175, 167, 5, 117, 187, 116, 192, 56, 237, 24,
       62, 121, 205, 86, 254, 183, 60, 168, 9, 47, 155, 67, 144, 137,
       219, 199, 66, 78, 43, 90, 63, 243, 199, 48, 57, 114, 25, 78, 138,
       139, 186, 255, 251, 98, 169, 185, 214, 255, 91, 118, 244, 188,
       255, 228, 105, 167, 11, 63, 29, 179, 252, 35, 243, 206, 255, 122,
       202, 222, 192, 33, 249, 122, 180, 105, 68, 27, 115, 209, 111, 17,
       231, 174, 159, 42, 60, 22, 54, 169, 183, 221, 161, 252, 107, 245,
       142, 123, 86, 149, 179, 103, 108, 86, 126, 182, 87, 214, 135, 237,
       63, 254, 237, 61, 170, 243, 27, 206, 62, 13, 93, 255, 215, 207,
       227, 124, 243, 73, 238, 181, 154, 207, 151, 197, 127, 255, 135,
       79, 158, 237, 127, 182, 54, 255, 191, 119, 251, 87, 246, 217, 125,
       222, 111, 55, 94, 189, 158, 243, 216, 191, 178, 110, 255, 247,
       196, 190, 245, 213, 249, 173, 253, 177, 67, 221, 91, 198, 184, 91,
       243, 45, 72, 210, 124, 93, 164, 153, 94, 82, 122, 255, 112, 121,
       55, 47, 222, 5, 119, 210, 123, 214, 167, 130, 162, 156, 187, 233,
       193, 49, 79, 158, 29, 81, 177, 172, 151, 106, 73, 195, 27, 235,
       16, 50, 76, 195, 213, 204, 50, 250, 235, 144, 4, 133, 203, 95,
       158, 252, 247, 182, 54, 223, 190, 123, 223, 119, 247, 123, 111,
       159, 123, 183, 215, 181, 175, 249, 252, 175, 239, 234, 255, 255,
       198, 239, 247, 216, 125, 191, 214, 239, 247, 182, 50, 79, 191, 85,
       235, 255, 246, 91, 127, 191, 249, 127, 199, 55, 174, 249, 246,
       109, 238, 250, 255, 247, 132, 239, 249, 240, 113, 63, 159, 242,
       254, 191, 119, 154, 251, 87, 239, 221, 247, 72, 125, 182, 45, 223,
       251, 151, 181, 188, 219, 121, 254, 219, 95, 253, 247, 151, 237,
       188, 247, 220, 108, 238, 103, 7, 58, 126, 148, 113, 162, 198, 2,
       123, 59, 81, 123, 50, 244, 125, 234, 40, 213, 133, 234, 247, 235,
       231, 129, 39, 243, 126, 42, 73, 250, 185, 31, 40, 221, 49, 159,
       190, 255, 22, 236, 190, 244, 195, 62, 135, 127, 254, 29, 131, 77,
       254, 115, 206, 63, 63, 184, 10, 148, 7, 253, 25, 140, 78, 184,
       148, 163, 226, 243, 22, 75, 222, 210, 49, 235, 176, 96, 121, 170,
       14, 188, 185, 191, 5, 255, 250, 239, 187, 192, 189, 201, 240, 137,
       139, 146, 254, 127, 243, 214, 61, 191, 191, 223, 87, 181, 253,
       255, 250, 239, 183, 127, 191, 157, 247, 217, 191, 213, 111, 123,
       127, 199, 158, 196, 173, 255, 27, 142, 251, 249, 210, 162, 107,
       222, 63, 67, 94, 242, 61, 227, 176, 96, 119, 175, 63, 152, 179,
       156, 37, 255, 222, 239, 186, 192, 183, 192, 161, 168, 10, 140, 26,
       187, 181, 167, 186, 231, 31, 15, 92, 3, 172, 239, 34, 64, 223,
       123, 147, 144, 50, 188, 72, 255, 239, 247, 158, 67, 146, 72, 189,
       155, 31, 191, 174, 251, 251, 247, 57, 123, 23, 253, 87, 183, 88,
       254, 242, 237, 253, 127, 183, 149, 183, 217, 63, 245, 95, 91, 255,
       199, 190, 141, 188, 215, 186, 157, 122, 159, 213, 253, 255, 103,
       61, 78, 254, 19, 174, 62, 54, 97, 238, 179, 159, 163, 252, 191,
       113, 255, 183, 255, 154, 211, 55, 79, 253, 223, 131, 245, 81, 211,
       251, 157, 188, 255, 142, 121, 57, 254, 156, 190, 204, 161, 175,
       27, 210, 145, 243, 122, 218, 215, 45, 24, 31, 238, 157, 12, 139,
       181, 59, 252, 224, 118, 115, 245, 214, 246, 27, 239, 252, 63, 42,
       189, 86, 181, 253, 251, 149, 1, 172, 126, 248, 255, 123, 95, 85,
       187, 215, 125, 126, 255, 73, 93, 17, 247, 113, 140, 102, 182, 45,
       168, 106, 68, 190, 51, 1, 244, 132, 127, 92, 72, 65, 152, 81, 108,
       165, 255, 54, 2, 10, 17, 3, 41, 254, 221, 82, 147, 229, 125, 254,
       230, 61, 78, 191, 27, 142, 62, 15, 221, 239, 211, 207, 195, 124,
       63, 120, 226, 183, 212, 158, 19, 199, 95, 255, 223, 45, 113, 1,
       79, 93, 31, 70, 56, 75, 232, 105, 76, 210, 16, 29, 180, 152, 76,
       82, 110, 201, 176, 249, 28, 37, 60, 1, 52, 90, 191, 90, 164, 168,
       124, 62, 117, 180, 63, 117, 187, 116, 186, 118, 88, 191, 51, 1,
       57, 135, 124, 68, 40, 232, 252, 113, 31, 231, 219, 101, 16, 66,
       248, 74, 43, 105, 109, 17, 101, 112, 14, 108, 59, 109, 168, 122,
       76, 159, 51, 129, 180, 132, 12, 76, 40, 193, 184, 65, 12, 164,
       190, 33, 4, 74, 176, 74, 161, 97, 173, 61, 101, 180, 78, 103, 55,
       96, 232, 255, 8, 243, 49, 144, 51, 16, 230, 124, 44, 121, 248,
       241, 14, 229, 239, 100, 16, 104, 226, 194, 40, 173, 120, 249, 99,
       109, 95, 87, 216, 67, 236, 188, 8, 219, 93, 83, 58, 156, 252, 215,
       122, 137, 54, 249, 162, 239, 221, 37, 53, 226, 187, 94, 243, 121,
       113, 19, 76, 89, 221, 112, 72, 233, 104, 225, 8, 190, 210, 5, 180,
       184, 180, 76, 104, 73, 35, 210, 93, 151, 184, 1, 58, 74, 2, 106,
       7, 68, 32, 217, 231, 96, 46, 123, 152, 57, 134, 111, 0, 215, 99,
       201, 90, 86, 204, 125, 122, 0, 208, 249, 96, 198, 189, 99, 4, 160,
       243, 67, 32, 89, 131, 78, 173, 44, 26, 72, 48, 229, 72, 182, 229,
       251, 40, 146, 243, 66, 164, 124, 237, 204, 169, 69, 141, 226, 251,
       226, 144, 108, 160, 72, 9, 41, 149, 185, 107, 156, 207, 71, 189,
       70, 105, 109, 0, 211, 117, 24, 100, 81, 10, 58, 60, 219, 56, 121,
       23, 237, 221, 180, 116, 146, 202, 208, 104, 124, 98, 200, 165, 44,
       10, 95, 152, 32, 166, 183, 169, 83, 39, 91, 27, 124, 196, 237,
       231, 76, 214, 201, 8, 210, 227, 229, 181, 165, 251, 94, 66, 220,
       124, 191, 255, 187, 106, 191, 206, 191, 251, 254, 48, 254, 255, 9,
       123, 255, 247, 239, 130, 41, 199, 187, 234, 247, 247, 95, 31, 192,
       113, 167, 251, 90, 50, 123, 236, 107, 126, 121, 91, 173, 206, 246,
       185, 159, 159, 198, 127, 238, 157, 255, 160, 137, 195, 227, 192,
       215, 249, 58, 191, 102, 196, 39, 115, 131, 184, 149, 185, 105,
       173, 144, 79, 158, 91, 128, 93, 188, 242, 96, 203, 201, 43, 123,
       21, 55, 79, 210, 243, 141, 18, 90, 122, 152, 76, 9, 158, 130, 146,
       220, 187, 186, 168, 49, 239, 62, 31, 82, 245, 172, 167, 170, 72,
       231, 27, 175, 1, 50, 220, 195, 247, 204, 55, 122, 195, 180, 4,
       141, 203, 41, 159, 109, 79, 242, 155, 95, 189, 84, 72, 92, 230,
       255, 101, 178, 36, 30, 106, 151, 110, 211, 152, 109, 63, 102, 77,
