%YAML:1.0
---
descriptors: !!opencv-matrix
   rows: 116
   cols: 32
   dt: u
   data: [ 103, 248, 154, 86, 237, 189, 100, 214, 235, 251, 41, 76, 62,
       240, 85, 254, 129, 230, 122, 94, 135, 107, 186, 113, 31, 58, 85,
       42, 200, 115, 194, 31, 114, 247, 232, 100, 244, 92, 222, 159, 105,
       205, 188, 173, 27, 61, 222, 18, 158, 223, 213, 244, 222, 58, 229,
       194, 122, 221, 164, 181, 237, 242, 222, 91, 162, 64, 114, 220, 77,
       95, 240, 104, 93, 2, 241, 18, 72, 220, 61, 173, 248, 185, 179,
       227, 224, 183, 118, 222, 23, 58, 210, 47, 85, 40, 126, 134, 125,
       49, 185, 98, 224, 110, 83, 25, 105, 232, 61, 12, 223, 119, 75, 58,
       148, 221, 93, 58, 153, 242, 248, 0, 203, 221, 37, 52, 226, 227,
       66, 115, 77, 83, 187, 68, 164, 62, 125, 19, 105, 202, 126, 100,
       158, 27, 151, 252, 182, 229, 124, 110, 197, 144, 177, 200, 246,
       253, 38, 128, 10, 241, 107, 53, 77, 119, 251, 65, 224, 62, 127,
       19, 105, 206, 126, 236, 27, 11, 215, 252, 182, 205, 20, 190, 213,
       176, 165, 200, 102, 221, 37, 128, 206, 246, 203, 117, 39, 179,
       105, 193, 244, 11, 235, 120, 73, 233, 57, 253, 157, 12, 222, 32,
       62, 12, 23, 111, 149, 176, 237, 212, 110, 28, 169, 228, 76, 143,
       211, 245, 49, 141, 139, 252, 156, 231, 71, 111, 86, 138, 250, 34,
       115, 241, 160, 96, 89, 234, 38, 8, 121, 187, 80, 31, 232, 174,
       167, 136, 48, 104, 240, 168, 172, 106, 232, 65, 253, 27, 226, 192,
       71, 180, 183, 13, 10, 137, 87, 156, 153, 172, 199, 127, 140, 118,
       108, 152, 31, 89, 5, 117, 231, 175, 94, 198, 11, 157, 126, 111,
       178, 158, 127, 183, 61, 77, 94, 165, 253, 127, 182, 112, 87, 55,
       191, 44, 213, 152, 53, 255, 238, 255, 46, 192, 54, 134, 165, 121,
       191, 118, 123, 102, 118, 95, 219, 88, 81, 206, 117, 255, 123, 93,
       159, 53, 190, 184, 149, 111, 233, 246, 60, 142, 114, 217, 33, 160,
       111, 191, 86, 253, 239, 116, 254, 92, 106, 53, 31, 218, 169, 90,
       188, 189, 28, 223, 223, 59, 135, 213, 253, 39, 229, 71, 242, 226,
       211, 121, 105, 190, 78, 245, 2, 83, 199, 217, 124, 246, 44, 140,
       251, 176, 203, 248, 179, 114, 249, 90, 222, 99, 238, 229, 63, 195,
       205, 101, 207, 225, 222, 250, 239, 208, 13, 139, 113, 1, 44, 30,
       111, 103, 100, 42, 109, 17, 125, 226, 127, 216, 211, 45, 149, 57,
       78, 180, 119, 46, 169, 240, 101, 10, 71, 255, 241, 128, 231, 251,
       80, 177, 39, 141, 252, 91, 213, 255, 151, 239, 91, 83, 252, 26,
       104, 124, 62, 173, 217, 218, 146, 31, 191, 250, 120, 247, 47, 94,
       85, 127, 209, 93, 218, 222, 61, 29, 67, 228, 213, 22, 110, 113,
       113, 192, 251, 70, 75, 185, 53, 244, 124, 236, 23, 255, 157, 179,
       24, 142, 187, 252, 133, 70, 111, 175, 242, 148, 138, 77, 35, 190,
       199, 100, 191, 231, 28, 66, 66, 147, 253, 231, 33, 201, 119, 123,
       179, 143, 112, 158, 22, 239, 229, 39, 254, 136, 180, 124, 181,
       248, 25, 141, 62, 252, 212, 214, 127, 119, 245, 68, 238, 2, 61,
       187, 50, 113, 102, 179, 19, 200, 240, 187, 48, 239, 115, 235, 130,
       0, 51, 128, 229, 234, 59, 159, 71, 188, 55, 134, 100, 119, 149,
       73, 218, 102, 48, 183, 160, 96, 236, 186, 31, 132, 249, 155, 32,
       255, 186, 239, 186, 130, 63, 8, 240, 123, 42, 182, 184, 240, 253,
       249, 144, 207, 159, 63, 60, 56, 142, 155, 106, 8, 153, 27, 151,
       17, 18, 46, 66, 147, 207, 215, 25, 255, 210, 76, 143, 139, 207,
       90, 6, 190, 41, 148, 188, 96, 172, 218, 195, 231, 236, 222, 55,
       203, 230, 97, 251, 199, 229, 71, 134, 224, 146, 115, 218, 139, 30,
       53, 57, 87, 149, 205, 111, 206, 5, 70, 239, 245, 244, 64, 199, 2,
       81, 246, 60, 101, 120, 228, 58, 239, 233, 147, 60, 207, 49, 43,
       207, 4, 61, 178, 240, 124, 71, 137, 234, 191, 122, 128, 187, 224,
       158, 149, 83, 131, 253, 254, 127, 96, 255, 123, 51, 197, 134, 218,
       174, 253, 76, 47, 255, 201, 148, 34, 49, 202, 194, 88, 150, 156,
       35, 224, 53, 70, 189, 206, 66, 49, 172, 150, 35, 223, 166, 51,
       238, 129, 37, 197, 130, 106, 145, 50, 90, 139, 0, 117, 39, 127,
       47, 181, 49, 234, 221, 253, 250, 203, 31, 113, 45, 29, 156, 222,
       126, 32, 217, 27, 147, 21, 23, 58, 250, 211, 223, 221, 155, 127,
       210, 78, 199, 214, 41, 49, 56, 109, 109, 95, 81, 25, 65, 108, 181,
       12, 154, 29, 150, 180, 216, 132, 212, 104, 141, 162, 241, 136, 71,
       217, 32, 179, 90, 174, 94, 247, 46, 176, 112, 219, 253, 221, 250,
       156, 143, 125, 181, 63, 204, 95, 222, 174, 223, 219, 255, 87, 150,
       106, 250, 241, 15, 89, 159, 255, 214, 15, 207, 247, 41, 223, 89,
       251, 241, 159, 126, 246, 21, 72, 124, 197, 175, 111, 32, 208, 182,
       251, 151, 70, 215, 152, 80, 191, 175, 221, 36, 192, 58, 142, 138,
       217, 125, 83, 199, 237, 52, 18, 110, 112, 117, 200, 243, 231, 75,
       47, 183, 198, 126, 197, 191, 231, 205, 179, 69, 204, 178, 239,
       234, 128, 47, 190, 120, 81, 199, 224, 109, 106, 30, 26, 75, 136,
       235, 176, 135, 136, 251, 216, 93, 118, 19, 212, 125, 127, 202, 65,
       255, 213, 143, 120, 129, 124, 52, 167, 80, 100, 7, 222, 111, 220,
       42, 23, 159, 254, 158, 218, 28, 228, 253, 254, 189, 167, 151, 113,
       63, 239, 225, 69, 42, 255, 170, 94, 239, 142, 28, 245, 33, 245,
       124, 137, 188, 214, 141, 115, 215, 232, 83, 183, 167, 26, 66, 121,
       15, 139, 105, 198, 232, 250, 56, 227, 27, 164, 219, 175, 213, 87,
       203, 123, 252, 50, 252, 60, 166, 117, 185, 62, 94, 155, 51, 191,
       190, 57, 75, 115, 203, 158, 149, 214, 253, 48, 56, 193, 201, 162,
       234, 255, 213, 215, 170, 245, 218, 19, 134, 172, 215, 187, 236,
       169, 236, 199, 190, 19, 224, 82, 181, 171, 124, 75, 235, 251, 74,
       145, 50, 94, 206, 115, 60, 26, 222, 104, 148, 88, 227, 136, 190,
       98, 225, 129, 94, 115, 139, 200, 23, 247, 145, 187, 65, 76, 223,
       8, 91, 216, 151, 243, 46, 70, 109, 178, 30, 70, 173, 253, 183,
       255, 20, 212, 134, 64, 18, 158, 125, 215, 178, 72, 159, 142, 85,
       19, 236, 216, 47, 204, 217, 57, 163, 35, 38, 183, 10, 223, 23, 54,
       155, 11, 23, 45, 61, 134, 132, 136, 218, 179, 204, 169, 237, 199,
       238, 19, 224, 146, 149, 162, 112, 203, 107, 170, 74, 156, 50, 92,
       198, 96, 156, 128, 222, 104, 156, 72, 233, 128, 11, 159, 122, 203,
       178, 215, 63, 247, 31, 77, 94, 166, 189, 255, 178, 228, 118, 59,
       159, 220, 215, 152, 37, 255, 238, 125, 174, 192, 22, 142, 173,
       249, 120, 183, 88, 109, 250, 11, 21, 63, 58, 173, 44, 45, 239, 35,
       74, 17, 23, 159, 205, 32, 122, 106, 203, 31, 255, 197, 53, 125,
       112, 200, 142, 11, 19, 157, 55, 220, 50, 150, 187, 115, 188, 72,
       91, 230, 124, 246, 160, 101, 118, 51, 63, 239, 241, 153, 52, 239,
       177, 46, 42, 194, 60, 164, 161, 117, 95, 62, 142, 182, 179, 178,
       26, 2, 187, 235, 139, 245, 205, 238, 67, 218, 183, 231, 253, 149,
       60, 205, 137, 206, 154, 247, 191, 195, 168, 103, 43, 19, 40, 150,
       120, 123, 240, 169, 81, 63, 127, 29, 125, 56, 167, 61, 10, 80,
       195, 26, 199, 16, 58, 56, 65, 23, 239, 247, 48, 87, 240, 200, 206,
       171, 24, 182, 152, 177, 179, 185, 48, 75, 63, 63, 61, 189, 143,
       139, 106, 152, 183, 27, 143, 16, 22, 28, 81, 215, 206, 215, 51,
       103, 250, 76, 141, 147, 33, 223, 74, 79, 116, 143, 239, 244, 116,
       8, 124, 196, 115, 1, 181, 52, 30, 104, 22, 110, 225, 176, 85, 63,
       102, 12, 32, 128, 127, 155, 66, 185, 2, 171, 170, 191, 28, 192,
       251, 248, 134, 149, 84, 3, 245, 235, 120, 64, 120, 105, 51, 193,
       10, 216, 138, 253, 201, 167, 139, 233, 52, 34, 53, 234, 198, 120,
       59, 190, 106, 217, 186, 200, 174, 200, 145, 233, 252, 222, 109,
       51, 166, 113, 255, 99, 199, 7, 154, 121, 179, 17, 43, 187, 92, 51,
       15, 155, 188, 215, 126, 238, 39, 82, 86, 253, 213, 134, 247, 162,
       75, 205, 171, 193, 122, 244, 167, 226, 232, 167, 44, 143, 114,
       227, 229, 133, 119, 190, 252, 99, 19, 206, 226, 156, 98, 144, 174,
       246, 155, 14, 218, 231, 41, 238, 183, 196, 127, 233, 183, 199,
