%YAML:1.0
---
descriptors: !!opencv-matrix
   rows: 179
   cols: 32
   dt: u
   data: [ 17, 215, 231, 71, 212, 26, 239, 254, 126, 225, 126, 230, 211,
       100, 156, 101, 127, 206, 126, 110, 249, 248, 237, 190, 60, 238,
       247, 132, 239, 251, 208, 253, 56, 193, 123, 224, 81, 199, 117,
       117, 36, 4, 100, 9, 59, 159, 40, 16, 248, 184, 131, 32, 72, 155,
       48, 29, 115, 205, 176, 33, 51, 136, 118, 250, 73, 157, 115, 101,
       149, 254, 111, 55, 125, 195, 110, 80, 251, 53, 144, 244, 23, 54,
       52, 56, 185, 184, 53, 174, 175, 255, 20, 64, 226, 192, 197, 124,
       57, 203, 67, 205, 86, 2, 111, 117, 101, 64, 246, 230, 115, 1, 180,
       244, 120, 236, 6, 238, 201, 187, 37, 141, 50, 172, 162, 128, 127,
       186, 240, 168, 83, 223, 78, 173, 54, 18, 174, 246, 76, 202, 218,
       231, 117, 104, 179, 224, 118, 101, 63, 231, 229, 153, 5, 239, 176,
       39, 239, 128, 61, 190, 57, 157, 1, 148, 27, 249, 50, 166, 41, 55,
       60, 1, 75, 84, 181, 51, 32, 96, 119, 27, 27, 152, 51, 156, 17, 87,
       205, 167, 58, 64, 152, 0, 161, 57, 90, 120, 190, 254, 75, 216, 49,
       198, 175, 85, 228, 41, 60, 255, 39, 254, 163, 115, 251, 16, 2, 75,
       178, 225, 211, 243, 94, 11, 130, 84, 47, 126, 5, 22, 157, 231,
       164, 46, 111, 184, 44, 170, 123, 100, 247, 115, 217, 114, 183, 93,
       63, 235, 161, 244, 153, 106, 172, 190, 111, 132, 204, 251, 65, 57,
       227, 88, 75, 158, 116, 134, 203, 16, 21, 72, 82, 199, 49, 14, 183,
       112, 204, 232, 23, 207, 175, 158, 84, 255, 22, 62, 170, 128, 29,
       133, 120, 93, 180, 203, 71, 206, 94, 131, 207, 240, 133, 4, 241,
       199, 115, 193, 180, 5, 126, 224, 3, 238, 72, 163, 14, 189, 112,
       136, 33, 24, 127, 187, 96, 184, 182, 237, 0, 142, 207, 85, 150,
       236, 131, 182, 137, 11, 98, 252, 111, 135, 217, 210, 195, 227,
       124, 35, 218, 187, 187, 5, 205, 63, 243, 127, 190, 198, 9, 27, 59,
       119, 48, 140, 113, 55, 236, 9, 126, 84, 183, 19, 160, 112, 134,
       42, 6, 12, 209, 184, 48, 78, 71, 189, 48, 0, 72, 128, 195, 43, 65,
       158, 63, 93, 42, 46, 53, 51, 232, 26, 110, 100, 252, 55, 132, 127,
       167, 117, 108, 42, 225, 205, 179, 77, 71, 186, 114, 130, 74, 224,
       35, 59, 20, 222, 126, 231, 166, 75, 111, 253, 116, 162, 247, 162,
       83, 109, 176, 97, 126, 245, 63, 235, 233, 178, 45, 189, 246, 239,
       231, 132, 117, 186, 244, 49, 61, 231, 232, 231, 244, 38, 255, 220,
       87, 45, 253, 230, 91, 109, 159, 0, 126, 221, 23, 254, 138, 178,
       109, 205, 254, 205, 167, 132, 239, 218, 114, 209, 217, 88, 237,
       239, 38, 66, 111, 152, 100, 104, 119, 230, 113, 127, 153, 98, 126,
       212, 61, 234, 201, 148, 189, 105, 244, 171, 231, 132, 45, 178,
       112, 57, 154, 191, 59, 184, 117, 252, 121, 119, 177, 77, 92, 57,
       47, 191, 34, 16, 164, 59, 213, 17, 62, 139, 32, 167, 219, 245,
       184, 203, 162, 132, 182, 251, 163, 108, 226, 81, 237, 253, 248,
       70, 91, 255, 244, 31, 170, 156, 215, 63, 139, 170, 215, 29, 174,
       254, 246, 194, 31, 24, 212, 251, 199, 220, 94, 206, 2, 141, 18,
       155, 211, 203, 182, 231, 30, 1, 88, 163, 236, 254, 36, 196, 255,
       123, 147, 17, 50, 152, 74, 255, 44, 22, 30, 195, 150, 14, 141,
       142, 169, 223, 123, 235, 116, 135, 239, 245, 69, 72, 252, 230, 57,
       143, 180, 48, 126, 170, 22, 236, 235, 186, 52, 255, 102, 205, 166,
       192, 127, 154, 240, 185, 104, 77, 125, 109, 220, 79, 71, 55, 70,
       162, 174, 8, 243, 57, 21, 112, 88, 246, 110, 120, 233, 186, 117,
       30, 111, 175, 165, 16, 81, 218, 212, 42, 194, 132, 189, 253, 108,
       108, 184, 142, 191, 51, 16, 81, 164, 191, 73, 75, 131, 23, 123, 1,
       34, 76, 211, 211, 199, 242, 90, 47, 148, 88, 5, 139, 253, 72, 111,
       236, 15, 66, 79, 232, 196, 130, 228, 130, 115, 225, 49, 97, 120,
       228, 42, 238, 105, 167, 62, 61, 243, 235, 193, 24, 61, 187, 112,
       58, 9, 156, 127, 125, 52, 190, 105, 55, 125, 73, 126, 68, 191, 34,
       148, 116, 103, 38, 110, 12, 149, 184, 117, 207, 206, 255, 50, 192,
       74, 128, 73, 45, 21, 199, 230, 71, 244, 10, 239, 252, 119, 161,
       127, 226, 211, 97, 156, 101, 127, 206, 126, 110, 248, 240, 237,
       190, 124, 174, 231, 132, 239, 251, 208, 168, 166, 232, 152, 153,
       220, 167, 178, 206, 158, 183, 16, 27, 228, 254, 105, 8, 217, 91,
       35, 17, 38, 111, 74, 242, 13, 22, 31, 127, 144, 88, 5, 142, 212,
       207, 14, 175, 6, 2, 95, 189, 36, 134, 214, 131, 119, 99, 43, 67,
       122, 228, 45, 235, 104, 149, 9, 45, 240, 227, 239, 16, 36, 186,
       180, 10, 11, 187, 46, 128, 93, 149, 185, 194, 142, 220, 94, 199,
       172, 196, 242, 196, 236, 43, 187, 85, 135, 155, 54, 245, 28, 17,
       138, 234, 12, 12, 57, 221, 161, 93, 111, 77, 116, 143, 239, 116,
       84, 200, 126, 198, 243, 117, 180, 33, 94, 104, 23, 238, 233, 184,
       117, 63, 103, 171, 226, 128, 125, 186, 80, 249, 252, 232, 148,
       254, 141, 205, 84, 206, 147, 151, 160, 25, 106, 249, 106, 27, 201,
       243, 229, 82, 122, 103, 218, 179, 211, 211, 85, 59, 211, 121, 198,
       74, 252, 165, 188, 122, 157, 109, 87, 217, 195, 63, 173, 24, 107,
       249, 74, 27, 201, 210, 233, 32, 58, 99, 250, 51, 251, 203, 69,
       127, 242, 104, 222, 34, 188, 164, 184, 120, 157, 111, 81, 217, 86,
       191, 173, 24, 82, 245, 75, 56, 153, 216, 232, 56, 58, 99, 251, 19,
       219, 207, 69, 125, 210, 107, 198, 98, 218, 30, 142, 181, 35, 54,
       56, 19, 172, 251, 130, 245, 141, 46, 2, 219, 167, 39, 237, 133,
       164, 205, 147, 192, 146, 243, 122, 131, 136, 100, 41, 31, 68, 189,
       157, 243, 170, 236, 55, 150, 190, 91, 62, 112, 191, 247, 72, 114,
       35, 87, 125, 88, 19, 88, 187, 99, 237, 223, 54, 192, 160, 208,
       135, 59, 68, 249, 189, 243, 170, 228, 61, 151, 170, 249, 184, 48,
       189, 183, 72, 122, 167, 87, 125, 144, 19, 73, 187, 97, 237, 199,
       127, 236, 160, 80, 135, 123, 57, 195, 67, 205, 86, 26, 109, 117,
       101, 64, 246, 230, 123, 1, 176, 244, 122, 172, 22, 236, 201, 186,
       101, 205, 118, 237, 162, 128, 127, 186, 240, 184, 203, 90, 105,
       213, 98, 82, 61, 54, 56, 198, 86, 178, 57, 7, 215, 107, 38, 125,
       55, 204, 224, 220, 165, 202, 71, 43, 254, 129, 39, 180, 5, 249,
       114, 74, 106, 165, 70, 18, 248, 66, 33, 14, 246, 167, 9, 15, 55,
       72, 238, 189, 183, 197, 140, 190, 5, 202, 214, 237, 250, 131, 37,
       189, 124, 219, 163, 16, 240, 217, 101, 253, 248, 87, 95, 89, 116,
       51, 186, 156, 246, 237, 239, 187, 151, 17, 151, 124, 54, 209, 7,
       89, 218, 235, 223, 140, 89, 223, 166, 189, 188, 122, 185, 249,
       150, 175, 155, 191, 61, 57, 238, 252, 206, 27, 129, 123, 229, 18,
       54, 111, 170, 55, 170, 215, 117, 255, 208, 117, 143, 79, 73, 7,
       85, 101, 48, 14, 104, 55, 125, 129, 106, 68, 183, 35, 144, 212,
       146, 46, 108, 12, 49, 152, 193, 14, 230, 255, 50, 0, 74, 128, 194,
       8, 18, 50, 103, 137, 74, 193, 185, 65, 174, 117, 210, 231, 137,
       134, 230, 206, 110, 189, 239, 145, 2, 159, 231, 209, 148, 32, 154,
       195, 37, 132, 37, 253, 90, 249, 182, 254, 75, 208, 48, 199, 175,
       21, 228, 163, 44, 223, 101, 222, 226, 187, 235, 208, 6, 75, 130,
       241, 219, 241, 94, 43, 147, 4, 47, 143, 104, 180, 89, 101, 116,
       142, 111, 55, 97, 41, 126, 72, 187, 27, 128, 16, 58, 190, 6, 8,
       201, 184, 81, 15, 231, 255, 48, 0, 107, 130, 194, 169, 194, 0,
       247, 212, 126, 98, 185, 99, 188, 33, 82, 178, 252, 174, 52, 106,
       110, 181, 59, 129, 48, 223, 37, 204, 20, 54, 218, 192, 133, 8, 37,
       233, 58, 157, 126, 188, 131, 240, 85, 103, 149, 87, 252, 183, 47,
       191, 34, 81, 235, 179, 133, 129, 126, 171, 50, 247, 243, 247, 80,
       139, 119, 68, 172, 91, 82, 161, 150, 140, 27, 193, 32, 72, 174,
       177, 128, 160, 164, 194, 96, 86, 232, 181, 234, 209, 2, 75, 130,
       81, 152, 32, 139, 123, 16, 2, 39, 14, 137, 156, 179, 83, 181, 254,
       105, 55, 119, 75, 102, 16, 187, 60, 148, 252, 145, 62, 52, 24,
       191, 252, 117, 239, 207, 255, 16, 64, 226, 192, 196, 124, 82, 185,
