%YAML:1.0
---
descriptors: !!opencv-matrix
   rows: 256
   cols: 32
   dt: u
   data: [ 99, 7, 204, 37, 180, 42, 108, 59, 116, 234, 90, 229, 211, 40,
       147, 64, 123, 196, 125, 173, 237, 144, 69, 14, 172, 46, 173, 132,
       44, 224, 82, 25, 73, 157, 115, 101, 176, 254, 111, 55, 125, 199,
       110, 0, 251, 53, 144, 116, 55, 118, 28, 56, 177, 184, 49, 14, 239,
       255, 36, 64, 194, 194, 198, 120, 164, 168, 144, 184, 221, 231,
       178, 202, 30, 189, 240, 27, 196, 248, 113, 8, 217, 89, 163, 17,
       34, 119, 91, 150, 29, 22, 159, 127, 213, 105, 93, 130, 232, 216,
       52, 250, 109, 217, 84, 174, 223, 23, 164, 25, 238, 253, 46, 221,
       195, 243, 251, 66, 106, 111, 122, 247, 251, 211, 84, 123, 82, 28,
       204, 74, 5, 188, 221, 225, 164, 47, 110, 184, 60, 186, 123, 244,
       215, 115, 217, 115, 247, 221, 127, 107, 249, 240, 91, 98, 172,
       142, 239, 196, 140, 243, 209, 49, 122, 16, 231, 244, 61, 118, 216,
       83, 27, 237, 150, 191, 76, 60, 182, 13, 182, 117, 253, 1, 188,
       207, 161, 205, 147, 127, 250, 211, 135, 4, 244, 127, 202, 208,
       188, 191, 109, 124, 249, 142, 159, 23, 20, 17, 172, 127, 74, 75,
       203, 19, 239, 1, 38, 68, 243, 243, 199, 243, 218, 59, 148, 88, 13,
       202, 249, 218, 10, 190, 118, 130, 90, 182, 55, 73, 70, 231, 127,
       65, 50, 208, 118, 238, 181, 197, 239, 158, 4, 191, 246, 103, 184,
       201, 62, 133, 56, 91, 11, 154, 127, 251, 100, 172, 249, 23, 175,
       89, 86, 244, 189, 159, 240, 105, 166, 59, 23, 25, 147, 156, 34,
       241, 198, 249, 58, 192, 28, 136, 193, 249, 181, 123, 117, 69, 164,
       14, 199, 184, 64, 170, 186, 78, 211, 49, 149, 39, 28, 196, 84,
       110, 233, 240, 245, 10, 101, 202, 101, 20, 109, 251, 80, 49, 103,
       56, 188, 87, 236, 44, 165, 19, 105, 219, 61, 20, 208, 252, 87, 47,
       141, 71, 115, 14, 144, 96, 250, 64, 5, 58, 87, 42, 201, 107, 195,
       245, 252, 25, 126, 254, 173, 214, 83, 240, 197, 132, 245, 2, 123,
       253, 51, 67, 88, 240, 175, 234, 56, 163, 122, 172, 243, 235, 224,
       89, 119, 171, 116, 114, 0, 88, 251, 81, 180, 207, 225, 23, 62, 73,
       118, 16, 183, 21, 128, 120, 83, 58, 119, 24, 51, 252, 113, 125,
       207, 191, 50, 64, 192, 128, 199, 187, 7, 193, 171, 152, 252, 164,
       254, 221, 222, 89, 80, 71, 220, 202, 63, 104, 218, 73, 55, 85,
       135, 114, 234, 241, 36, 56, 175, 204, 156, 59, 241, 211, 145, 2,
       107, 233, 110, 33, 233, 87, 101, 73, 214, 246, 153, 11, 176, 96,
       110, 129, 95, 172, 153, 63, 101, 196, 214, 233, 186, 200, 61, 136,
       240, 249, 145, 26, 107, 225, 102, 168, 105, 87, 237, 72, 214, 246,
       185, 15, 176, 106, 110, 169, 95, 140, 129, 156, 101, 192, 214,
       169, 186, 128, 45, 136, 97, 185, 56, 3, 114, 232, 71, 115, 88,
       123, 5, 12, 127, 163, 75, 173, 42, 212, 254, 149, 167, 160, 28,
       187, 0, 148, 83, 249, 64, 67, 115, 142, 108, 211, 35, 254, 35,
       197, 52, 219, 230, 183, 204, 200, 90, 96, 178, 156, 180, 228, 200,
       122, 22, 65, 199, 188, 116, 191, 45, 28, 188, 130, 4, 156, 212,
       125, 9, 140, 223, 117, 52, 190, 233, 55, 124, 75, 126, 84, 191,
       32, 148, 244, 103, 46, 78, 12, 177, 188, 117, 143, 142, 255, 50,
       64, 202, 128, 75, 189, 61, 134, 204, 170, 188, 35, 74, 216, 22,
       59, 153, 207, 83, 99, 185, 73, 127, 202, 15, 238, 170, 3, 79, 191,
       210, 199, 227, 188, 189, 251, 120, 17, 72, 49, 187, 108, 234, 76,
       53, 19, 170, 201, 110, 36, 252, 183, 64, 50, 166, 119, 253, 0, 17,
       73, 179, 65, 215, 253, 114, 10, 200, 96, 167, 123, 163, 88, 78,
       156, 116, 134, 234, 16, 20, 72, 82, 199, 49, 14, 183, 81, 76, 233,
       55, 207, 175, 158, 84, 255, 22, 42, 186, 128, 61, 149, 120, 93,
       71, 188, 254, 212, 190, 132, 254, 243, 185, 219, 178, 87, 252,
       250, 93, 114, 239, 243, 127, 181, 243, 39, 170, 203, 187, 190,
       239, 158, 204, 96, 33, 87, 193, 16, 253, 245, 36, 106, 121, 19,
       108, 219, 87, 244, 151, 63, 147, 107, 102, 151, 61, 140, 161, 220,
       231, 64, 198, 251, 114, 128, 172, 224, 97, 121, 163, 40, 232, 81,
       237, 125, 240, 198, 123, 247, 244, 27, 170, 184, 87, 59, 201, 238,
       87, 93, 166, 254, 246, 226, 31, 25, 148, 59, 199, 125, 94, 206,
       230, 182, 249, 244, 252, 9, 254, 251, 187, 138, 176, 249, 188,
       238, 93, 18, 191, 113, 87, 161, 178, 47, 138, 215, 60, 158, 47,
       190, 212, 232, 67, 217, 38, 33, 210, 128, 85, 95, 242, 72, 11,
       161, 185, 11, 10, 152, 103, 140, 248, 157, 130, 81, 30, 51, 208,
       208, 29, 28, 137, 127, 209, 15, 78, 134, 27, 235, 186, 225, 183,
       150, 187, 247, 71, 9, 222, 114, 156, 147, 168, 228, 119, 31, 31,
       152, 146, 153, 1, 231, 253, 213, 190, 198, 167, 136, 185, 169,
       219, 58, 123, 224, 98, 40, 57, 87, 169, 73, 54, 254, 29, 31, 132,
       122, 38, 149, 223, 128, 145, 31, 164, 192, 214, 249, 58, 162, 47,
       128, 163, 177, 122, 189, 105, 176, 91, 209, 89, 103, 147, 229,
       156, 187, 175, 159, 66, 16, 206, 191, 221, 145, 126, 90, 240, 191,
       255, 213, 189, 243, 36, 12, 134, 91, 25, 158, 123, 251, 52, 151,
       249, 119, 93, 79, 94, 22, 189, 143, 182, 96, 239, 43, 23, 141,
       243, 188, 32, 255, 198, 255, 186, 192, 23, 136, 113, 249, 9, 34,
       197, 89, 100, 186, 232, 19, 127, 65, 118, 246, 153, 0, 148, 236,
       106, 44, 54, 28, 151, 252, 101, 209, 6, 122, 242, 64, 239, 136,
       89, 172, 40, 84, 121, 101, 116, 31, 103, 55, 101, 41, 126, 72,
       187, 25, 144, 48, 58, 190, 6, 8, 201, 184, 113, 15, 103, 237, 48,
       0, 103, 138, 194, 169, 61, 199, 229, 87, 214, 43, 239, 185, 118,
       234, 255, 230, 211, 97, 157, 117, 127, 236, 126, 174, 185, 240,
       109, 222, 60, 238, 231, 132, 239, 251, 240, 241, 9, 7, 92, 101,
       48, 42, 105, 55, 124, 168, 122, 192, 223, 35, 145, 80, 50, 140,
       110, 44, 40, 184, 65, 14, 228, 255, 34, 0, 72, 224, 67, 169, 90,
       249, 190, 254, 75, 208, 49, 199, 175, 21, 228, 35, 44, 223, 103,
       254, 162, 243, 251, 208, 2, 75, 178, 225, 211, 241, 94, 11, 178,
       20, 47, 251, 184, 249, 57, 232, 59, 197, 85, 255, 51, 88, 164, 41,
       63, 31, 96, 48, 167, 153, 221, 96, 107, 79, 58, 159, 251, 209, 15,
       63, 58, 16, 39, 123, 135, 92, 31, 249, 172, 165, 189, 151, 172,
       26, 146, 80, 157, 211, 41, 107, 199, 49, 127, 122, 99, 197, 2,
       247, 228, 251, 126, 208, 28, 209, 161, 161, 133, 173, 89, 163,
       236, 169, 238, 215, 14, 50, 184, 242, 157, 139, 217, 16, 111, 219,
       78, 219, 123, 54, 202, 243, 244, 156, 174, 232, 221, 219, 163,
       168, 120, 109, 241, 108, 57, 110, 71, 126, 97, 174, 172, 8, 123,
       55, 1, 54, 88, 214, 68, 42, 105, 43, 241, 14, 243, 255, 37, 60,
       98, 242, 70, 106, 82, 161, 150, 188, 27, 193, 16, 77, 175, 145,
       128, 41, 172, 210, 96, 86, 234, 245, 234, 209, 26, 75, 138, 241,
       153, 180, 31, 123, 144, 2, 39, 6, 11, 145, 117, 73, 117, 219, 160,
       99, 109, 97, 114, 70, 168, 28, 148, 164, 106, 136, 242, 169, 133,
       184, 117, 213, 12, 24, 146, 66, 79, 140, 113, 188, 26, 11, 123,
       253, 82, 194, 57, 119, 164, 140, 214, 227, 41, 135, 160, 65, 110,
       185, 143, 192, 64, 155, 36, 253, 242, 225, 170, 193, 55, 128, 37,
       233, 196, 184, 189, 235, 184, 204, 17, 184, 162, 117, 161, 25,
       151, 151, 72, 82, 3, 85, 121, 81, 83, 111, 251, 113, 205, 160, 35,
       124, 64, 3, 135, 115, 122, 35, 34, 172, 107, 16, 24, 105, 175, 12,
       213, 167, 108, 206, 54, 210, 254, 189, 239, 229, 204, 3, 194, 221,
       210, 113, 138, 187, 22, 38, 61, 95, 126, 92, 242, 212, 117, 126,
       250, 194, 187, 231, 254, 11, 42, 254, 119, 246, 254, 237, 255,
       195, 44, 243, 248, 234, 183, 253, 207, 187, 135, 125, 127, 215,
       237, 121, 213, 69, 36, 78, 71, 176, 64, 234, 182, 76, 211, 49,
       145, 167, 8, 244, 124, 106, 233, 244, 241, 8, 231, 219, 101, 20,
       106, 249, 64, 49, 233, 26, 121, 224, 228, 41, 89, 23, 73, 123,
       180, 252, 159, 15, 208, 121, 207, 131, 31, 28, 129, 46, 96, 208,
       214, 217, 178, 244, 158, 200, 209, 121, 154, 213, 244, 207, 127,
