%YAML:1.0
---
descriptors: !!opencv-matrix
   rows: 28
   cols: 32
   dt: u
   data: [ 134, 204, 2, 159, 85, 135, 186, 224, 30, 6, 81, 3, 236, 202,
       49, 192, 217, 107, 147, 195, 102, 156, 74, 255, 37, 54, 139, 11,
       20, 15, 61, 142, 166, 72, 50, 158, 93, 151, 178, 96, 94, 0, 113,
       2, 236, 216, 53, 132, 216, 41, 147, 99, 230, 182, 90, 255, 53, 22,
       11, 43, 85, 47, 57, 134, 234, 205, 215, 147, 236, 169, 237, 214,
       191, 19, 185, 82, 189, 170, 244, 107, 107, 227, 95, 223, 51, 79,
       238, 243, 188, 154, 126, 232, 151, 217, 227, 168, 212, 204, 214,
       151, 207, 43, 238, 236, 63, 146, 251, 26, 236, 234, 105, 91, 123,
       255, 110, 162, 104, 247, 219, 255, 189, 54, 207, 15, 133, 123,
       225, 130, 104, 176, 178, 120, 113, 253, 113, 83, 251, 25, 117, 24,
       190, 155, 64, 60, 167, 59, 68, 28, 179, 126, 178, 215, 223, 255,
       48, 106, 202, 128, 195, 187, 205, 52, 125, 97, 228, 110, 233, 17,
       120, 250, 55, 124, 219, 29, 221, 59, 151, 12, 126, 62, 241, 244,
       249, 0, 77, 153, 101, 196, 64, 225, 67, 241, 137, 90, 59, 117,
       116, 142, 121, 55, 124, 232, 118, 68, 183, 19, 128, 112, 134, 46,
       86, 12, 193, 188, 97, 76, 231, 185, 50, 128, 72, 128, 67, 169,
       236, 113, 122, 101, 36, 79, 127, 176, 96, 168, 118, 8, 215, 21,
       137, 49, 146, 212, 85, 106, 232, 180, 241, 12, 231, 201, 37, 4,
       66, 177, 70, 99, 254, 97, 96, 70, 77, 91, 198, 232, 65, 228, 181,
       143, 75, 77, 95, 183, 90, 196, 199, 99, 204, 35, 252, 136, 119,
       89, 133, 63, 103, 191, 94, 214, 94, 179, 212, 177, 171, 169, 56,
       31, 43, 191, 57, 237, 141, 63, 72, 155, 167, 151, 237, 144, 22,
       72, 195, 209, 206, 215, 127, 247, 174, 196, 143, 19, 54, 204, 245,
       151, 230, 47, 254, 236, 125, 130, 186, 26, 206, 122, 29, 83, 127,
       215, 95, 167, 120, 243, 73, 234, 189, 190, 207, 22, 133, 123, 227,
       128, 246, 204, 245, 215, 236, 41, 238, 236, 255, 146, 176, 82,
       253, 234, 93, 99, 123, 195, 127, 203, 120, 99, 202, 243, 253, 158,
       223, 56, 165, 249, 225, 136, 231, 142, 215, 155, 236, 168, 254,
       231, 187, 19, 184, 242, 237, 234, 253, 107, 107, 227, 95, 159,
       242, 103, 206, 243, 252, 30, 79, 168, 149, 251, 227, 160, 25, 223,
       114, 171, 54, 145, 222, 252, 87, 72, 220, 231, 175, 200, 178, 196,
       126, 171, 151, 197, 207, 186, 68, 191, 242, 221, 174, 234, 62,
       158, 185, 157, 169, 184, 250, 81, 117, 189, 120, 83, 255, 19, 117,
       24, 186, 155, 84, 60, 143, 186, 70, 24, 186, 254, 178, 211, 15,
       222, 16, 122, 202, 136, 194, 164, 137, 30, 63, 119, 116, 174, 121,
       54, 253, 234, 118, 68, 191, 27, 1, 49, 132, 62, 118, 12, 161, 188,
       112, 46, 199, 251, 112, 128, 74, 136, 66, 251, 89, 57, 187, 96,
       177, 204, 81, 87, 169, 201, 110, 12, 191, 151, 64, 48, 132, 191,
       220, 24, 25, 187, 176, 0, 219, 253, 52, 98, 202, 0, 195, 59, 168,
       125, 126, 101, 164, 78, 125, 55, 104, 174, 118, 0, 151, 63, 131,
       49, 134, 20, 84, 104, 232, 184, 113, 12, 231, 249, 100, 0, 64,
       240, 70, 235, 185, 255, 111, 246, 62, 129, 79, 247, 215, 200, 188,
       238, 51, 237, 177, 33, 110, 226, 126, 204, 233, 107, 102, 191,
       242, 203, 229, 184, 63, 184, 208, 121, 152, 28, 63, 254, 3, 236,
       49, 119, 189, 75, 103, 16, 62, 255, 32, 121, 164, 59, 241, 0, 49,
       173, 50, 239, 211, 243, 82, 10, 202, 64, 167, 123, 152, 249, 59,
       96, 113, 204, 113, 87, 233, 73, 100, 12, 62, 159, 96, 48, 164,
       187, 221, 80, 91, 171, 178, 39, 251, 221, 52, 106, 74, 16, 231,
       59, 153, 223, 111, 190, 54, 144, 237, 247, 213, 72, 222, 230, 57,
       223, 182, 97, 110, 170, 30, 205, 239, 171, 38, 255, 242, 239, 190,
       136, 63, 156, 240, 121, 218, 28, 63, 254, 131, 240, 23, 102, 189,
       71, 228, 51, 108, 255, 42, 121, 179, 179, 251, 130, 49, 143, 178,
       239, 211, 231, 90, 11, 179, 81, 167, 115, 37, 119, 113, 67, 244,
       47, 235, 216, 127, 232, 125, 100, 81, 69, 157, 52, 94, 72, 22,
       126, 163, 176, 108, 254, 44, 30, 37, 132, 79, 251, 66, 241, 16,
       81, 26, 169, 77, 205, 184, 64, 172, 1, 211, 3, 140, 154, 34, 72,
       234, 153, 255, 193, 6, 179, 17, 192, 215, 241, 138, 3, 21, 11, 41,
       194, 187, 223, 111, 222, 126, 211, 223, 254, 213, 76, 220, 231,
       57, 205, 182, 97, 110, 170, 151, 207, 235, 175, 38, 255, 114, 239,
       186, 136, 63, 156, 244, 253, 148, 81, 26, 171, 77, 77, 191, 64,
       172, 8, 223, 3, 156, 155, 43, 66, 232, 153, 255, 195, 66, 183, 17,
       224, 213, 177, 138, 3, 20, 27, 169, 130, 187, 223, 111, 254, 62,
       148, 223, 246, 213, 74, 220, 231, 121, 239, 182, 229, 110, 242,
       191, 207, 235, 175, 54, 255, 242, 239, 250, 136, 63, 156, 120,
       121 ]
keypoints: !!opencv-matrix
   rows: 28
   cols: 2
   dt: d
   data: [ 238., 39., 241., 39., 33., 104., 365., 181., 356., 237., 32.,
       238., 114., 241., 357., 255., 69., 263., 164., 264.,
       4.3200000762939453e+01, 4.5600002288818359e+01,
       4.0800003051757812e+01, 6.0000003814697266e+01,
       3.7200000762939453e+01, 8.1600006103515625e+01,
       1.3080000305175781e+02, 1.8720001220703125e+02,
       3.5640002441406250e+02, 2.3640000915527344e+02,
       1.1160000610351562e+02, 2.4120001220703125e+02,
       2.1720001220703125e+02, 2.4600001525878906e+02,
       3.5640002441406250e+02, 2.5560000610351562e+02,
       1.2240000152587891e+02, 1.7424000549316406e+02,
       1.1232000732421875e+02, 2.4048001098632812e+02,
       2.1744000244140625e+02, 2.4624000549316406e+02,
       1.2268801116943359e+02, 1.8662402343750000e+02,
       1.1232000732421875e+02, 2.4019201660156250e+02,
       1.2787200927734375e+02, 2.4192002868652344e+02,
       2.2394883728027344e+02, 8.9164810180664062e+01,
       1.2856321716308594e+02, 1.8869763183593750e+02,
       2.2394885253906250e+02, 8.9579544067382812e+01,
       1.2541136169433594e+02, 1.8513105773925781e+02 ]
