%YAML:1.0
---
descriptors: !!opencv-matrix
   rows: 304
   cols: 32
   dt: u
   data: [ 41, 153, 243, 73, 116, 223, 235, 81, 111, 73, 124, 64, 184,
       149, 180, 52, 126, 58, 22, 88, 131, 184, 32, 251, 37, 156, 34,
       192, 87, 138, 103, 253, 129, 150, 103, 89, 100, 157, 232, 63, 236,
       90, 114, 82, 177, 156, 180, 229, 109, 25, 26, 45, 227, 60, 55,
       223, 5, 28, 210, 76, 85, 136, 117, 172, 106, 158, 144, 156, 173,
       51, 148, 143, 159, 191, 152, 109, 206, 168, 99, 142, 137, 119,
       234, 17, 28, 107, 203, 178, 184, 86, 93, 191, 222, 124, 153, 15,
       60, 80, 224, 225, 21, 123, 66, 90, 87, 227, 247, 151, 67, 45, 59,
       204, 121, 138, 143, 184, 43, 244, 93, 158, 95, 199, 145, 21, 255,
       221, 124, 114, 32, 175, 215, 119, 149, 171, 230, 231, 254, 161,
       106, 73, 98, 160, 21, 150, 33, 102, 98, 76, 16, 249, 149, 42, 45,
       46, 85, 0, 201, 122, 193, 168, 33, 168, 137, 186, 93, 229, 195,
       207, 134, 17, 233, 10, 178, 217, 120, 32, 217, 138, 18, 25, 26,
       42, 90, 177, 29, 148, 154, 123, 208, 10, 240, 130, 57, 16, 30, 96,
       99, 205, 81, 81, 41, 89, 180, 13, 31, 31, 2, 27, 174, 145, 212, 4,
       15, 187, 48, 1, 211, 201, 48, 66, 104, 0, 11, 211, 44, 117, 88,
       237, 245, 95, 86, 184, 53, 238, 255, 41, 219, 125, 11, 16, 216,
       220, 247, 98, 120, 178, 89, 142, 231, 255, 36, 21, 226, 251, 198,
       210, 246, 165, 212, 202, 143, 55, 70, 232, 19, 179, 173, 26, 67,
       97, 79, 159, 25, 212, 232, 250, 126, 71, 219, 179, 187, 210, 197,
       127, 243, 251, 222, 6, 53, 204, 251, 200, 252, 231, 235, 218, 86,
       9, 252, 2, 81, 217, 253, 104, 121, 136, 22, 184, 18, 167, 59, 255,
       123, 143, 163, 76, 245, 219, 116, 226, 212, 103, 204, 39, 170, 10,
       94, 152, 48, 178, 131, 221, 87, 99, 91, 27, 50, 197, 109, 246,
       236, 197, 201, 10, 254, 235, 237, 181, 172, 241, 202, 18, 198,
       184, 150, 152, 169, 236, 48, 139, 186, 31, 128, 25, 172, 254, 70,
       219, 133, 115, 249, 17, 54, 79, 218, 243, 153, 18, 95, 123, 144,
       69, 167, 71, 223, 211, 63, 174, 174, 86, 95, 184, 245, 106, 215,
       246, 95, 54, 170, 247, 246, 213, 253, 239, 253, 135, 61, 238, 178,
       251, 234, 146, 62, 191, 60, 117, 44, 183, 112, 129, 253, 127, 245,
       57, 79, 127, 61, 61, 206, 60, 94, 140, 159, 149, 206, 51, 150, 48,
       121, 214, 207, 87, 5, 247, 206, 110, 223, 215, 40, 8, 152, 251,
       29, 229, 83, 66, 86, 3, 69, 19, 51, 209, 35, 72, 89, 58, 131, 24,
       42, 188, 90, 187, 67, 175, 146, 9, 178, 139, 124, 138, 165, 176,
       185, 241, 236, 111, 209, 153, 31, 127, 49, 92, 214, 60, 76, 56,
       159, 23, 127, 53, 147, 118, 251, 214, 205, 158, 113, 254, 216, 9,
       199, 243, 29, 133, 126, 202, 212, 198, 255, 249, 116, 9, 255, 2,
       89, 121, 62, 96, 120, 130, 23, 238, 242, 185, 57, 255, 123, 175,
       162, 68, 53, 139, 240, 224, 9, 69, 111, 231, 100, 14, 239, 53, 96,
       6, 127, 2, 113, 109, 56, 99, 120, 230, 51, 238, 232, 177, 53, 173,
       119, 171, 230, 0, 103, 178, 240, 232, 157, 72, 215, 229, 23, 30,
       106, 80, 117, 160, 103, 66, 91, 83, 161, 253, 58, 228, 28, 234,
       41, 145, 21, 204, 151, 239, 227, 0, 43, 179, 104, 32, 209, 76, 79,
       237, 4, 10, 109, 48, 228, 162, 210, 66, 211, 3, 177, 99, 98, 228,
       60, 234, 105, 213, 37, 12, 224, 171, 234, 0, 37, 176, 113, 32, 34,
       164, 161, 152, 205, 225, 153, 71, 154, 95, 152, 187, 56, 188, 84,
       138, 201, 187, 211, 149, 30, 75, 194, 211, 93, 22, 218, 251, 149,
       68, 247, 250, 2, 191, 19, 169, 242, 137, 162, 103, 30, 9, 89, 227,
       180, 130, 96, 64, 254, 59, 2, 16, 83, 154, 0, 85, 172, 132, 42,
       234, 152, 10, 161, 139, 161, 162, 9, 251, 124, 173, 201, 25, 94,
       123, 117, 92, 210, 201, 88, 41, 217, 8, 38, 28, 187, 116, 107,
       147, 205, 223, 241, 124, 216, 136, 208, 160, 37, 199, 106, 75,
       212, 143, 230, 253, 68, 8, 123, 66, 211, 233, 61, 96, 120, 202, 6,
       126, 218, 177, 12, 61, 105, 140, 167, 68, 245, 251, 240, 160, 218,
       95, 111, 76, 42, 211, 31, 118, 7, 236, 94, 231, 105, 143, 183,
       100, 6, 125, 189, 198, 204, 159, 167, 189, 98, 121, 233, 147, 55,
       183, 36, 125, 60, 102, 227, 33, 52, 123, 226, 74, 119, 231, 251,
       241, 67, 8, 159, 156, 59, 204, 78, 60, 168, 180, 77, 14, 148, 207,
       49, 5, 231, 253, 86, 100, 205, 89, 23, 190, 52, 140, 106, 48, 172,
       200, 83, 100, 189, 215, 177, 231, 134, 34, 126, 79, 97, 153, 18,
       236, 164, 249, 106, 128, 10, 171, 9, 49, 170, 210, 120, 187, 110,
       137, 180, 254, 31, 53, 116, 191, 172, 141, 238, 129, 175, 27, 131,
       69, 198, 62, 78, 245, 102, 17, 114, 239, 95, 156, 141, 155, 172,
       251, 248, 121, 236, 9, 85, 220, 87, 62, 52, 56, 151, 195, 105, 24,
       219, 216, 134, 82, 66, 102, 202, 51, 207, 215, 117, 125, 240, 249,
       206, 163, 19, 29, 127, 246, 50, 134, 175, 113, 172, 192, 91, 230,
       125, 254, 181, 97, 118, 245, 23, 239, 225, 153, 52, 238, 177, 40,
       174, 128, 45, 242, 33, 249, 107, 191, 146, 148, 253, 189, 148,
       135, 159, 173, 154, 109, 174, 168, 98, 134, 205, 111, 234, 17, 22,
       250, 194, 186, 174, 86, 29, 179, 202, 92, 152, 95, 41, 146, 40,
       169, 93, 157, 232, 91, 71, 113, 208, 79, 147, 24, 54, 160, 200,
       128, 90, 189, 143, 39, 87, 149, 150, 89, 130, 124, 93, 12, 120,
       132, 94, 171, 222, 176, 171, 153, 28, 229, 171, 149, 156, 175, 15,
       235, 98, 154, 166, 247, 237, 213, 28, 75, 142, 224, 186, 211, 95,
       251, 166, 54, 175, 31, 137, 216, 36, 179, 109, 157, 184, 244, 221,
       89, 151, 87, 190, 28, 26, 175, 236, 144, 218, 79, 231, 111, 127,
       229, 215, 89, 90, 83, 94, 12, 57, 220, 210, 151, 206, 181, 146, 6,
       61, 183, 60, 191, 218, 247, 221, 39, 130, 67, 103, 151, 125, 180,
       248, 217, 5, 206, 252, 230, 254, 196, 172, 208, 165, 89, 107, 223,
       98, 74, 223, 217, 247, 237, 99, 101, 252, 142, 106, 236, 158, 180,
       120, 138, 198, 108, 223, 58, 124, 253, 63, 93, 4, 123, 119, 142,
       222, 220, 131, 0, 14, 157, 13, 156, 184, 6, 206, 83, 67, 83, 173,
       136, 50, 235, 196, 41, 58, 13, 135, 252, 87, 213, 132, 115, 218,
       67, 28, 12, 57, 140, 182, 78, 107, 94, 70, 251, 223, 120, 85, 70,
       117, 131, 99, 205, 183, 5, 92, 168, 151, 110, 232, 182, 46, 191,
       115, 235, 225, 137, 119, 255, 116, 242, 18, 62, 238, 239, 40, 166,
       88, 90, 47, 45, 218, 133, 45, 174, 23, 90, 198, 239, 253, 133,
       140, 153, 211, 240, 214, 249, 170, 130, 188, 197, 32, 91, 189, 78,
       237, 101, 36, 26, 111, 188, 80, 226, 118, 222, 115, 45, 147, 43,
       25, 228, 53, 238, 233, 244, 101, 42, 102, 239, 229, 132, 111, 253,
       80, 120, 47, 54, 240, 65, 239, 125, 184, 90, 91, 255, 61, 191, 8,
       220, 223, 172, 223, 25, 147, 53, 151, 118, 236, 210, 30, 92, 29,
       255, 223, 239, 94, 215, 188, 106, 226, 101, 6, 123, 100, 80, 119,
       231, 247, 183, 75, 45, 147, 156, 123, 204, 134, 43, 172, 246, 109,
       130, 210, 199, 65, 5, 231, 253, 126, 228, 162, 147, 43, 188, 24,
       133, 153, 127, 20, 13, 208, 199, 161, 44, 62, 1, 220, 147, 135,
       165, 238, 171, 118, 223, 241, 55, 186, 152, 85, 8, 37, 202, 92,
       121, 31, 230, 50, 202, 23, 228, 172, 164, 162, 41, 127, 247, 33,
       81, 54, 245, 237, 98, 72, 129, 168, 124, 241, 227, 47, 19, 32, 50,
       39, 115, 188, 105, 120, 100, 85, 75, 71, 252, 64, 164, 180, 10,
       19, 25, 81, 48, 88, 252, 68, 106, 72, 50, 224, 42, 243, 201, 165,
       61, 99, 186, 214, 42, 120, 149, 125, 111, 157, 95, 87, 189, 71,
       105, 172, 8, 243, 117, 8, 112, 208, 146, 92, 104, 123, 40, 121,
       29, 235, 239, 36, 85, 114, 138, 212, 106, 61, 101, 233, 64, 205,
       95, 199, 216, 67, 242, 188, 10, 67, 120, 223, 191, 89, 200, 210,
       106, 205, 98, 255, 160, 51, 219, 197, 61, 247, 255, 218, 228, 217,
       78, 78, 156, 14, 18, 74, 178, 212, 70, 214, 166, 99, 34, 179, 239,
       104, 228, 44, 206, 108, 143, 103, 175, 146, 235, 250, 1, 54, 253,
       120, 76, 175, 247, 118, 174, 239, 85, 158, 252, 139, 218, 157,
