%YAML:1.0
---
descriptors: !!opencv-matrix
   rows: 77
   cols: 32
   dt: u
   data: [ 177, 203, 79, 252, 14, 129, 79, 246, 196, 64, 210, 230, 49,
       131, 176, 97, 72, 226, 31, 206, 233, 143, 6, 189, 240, 171, 250,
       136, 61, 152, 240, 40, 177, 202, 111, 254, 78, 131, 207, 240, 196,
       64, 244, 230, 51, 201, 181, 33, 110, 232, 23, 207, 233, 167, 46,
       189, 112, 203, 170, 136, 125, 187, 112, 169, 97, 141, 29, 103,
       180, 78, 111, 53, 96, 232, 110, 8, 243, 49, 16, 51, 16, 230, 124,
       110, 249, 248, 241, 44, 229, 251, 101, 16, 72, 242, 194, 40, 155,
       142, 255, 251, 246, 162, 233, 83, 63, 67, 95, 242, 253, 235, 184,
       104, 127, 171, 63, 157, 179, 156, 39, 247, 222, 239, 186, 192,
       191, 192, 161, 241, 139, 186, 251, 251, 244, 169, 249, 23, 127,
       75, 118, 244, 189, 175, 182, 104, 199, 43, 63, 29, 179, 252, 99,
       247, 206, 223, 186, 192, 222, 204, 209, 249, 66, 185, 159, 248,
       171, 224, 49, 198, 174, 23, 138, 49, 172, 183, 96, 90, 163, 51,
       235, 16, 18, 73, 146, 241, 209, 182, 90, 123, 144, 64, 167, 58,
       196, 98, 217, 231, 100, 46, 107, 24, 57, 142, 119, 32, 215, 115,
       201, 91, 86, 221, 125, 122, 32, 212, 169, 98, 196, 185, 99, 140,
       160, 243, 38, 33, 54, 125, 82, 186, 219, 209, 150, 196, 155, 135,
       168, 171, 46, 202, 101, 148, 203, 249, 203, 83, 126, 11, 74, 243,
       184, 84, 13, 123, 243, 31, 175, 134, 0, 148, 153, 233, 176, 239,
       23, 191, 30, 45, 24, 112, 183, 55, 136, 64, 151, 27, 31, 24, 19,
       184, 105, 23, 237, 135, 54, 244, 144, 200, 133, 41, 3, 185, 20,
       186, 137, 165, 144, 199, 143, 25, 136, 77, 172, 218, 98, 202, 205,
       35, 235, 21, 23, 11, 210, 241, 129, 16, 90, 122, 152, 76, 169,
       158, 181, 229, 113, 74, 220, 105, 199, 252, 198, 50, 185, 74, 83,
       249, 249, 36, 25, 218, 70, 122, 219, 99, 110, 55, 57, 140, 37, 60,
       117, 251, 214, 160, 20, 71, 107, 175, 20, 75, 71, 120, 116, 228,
       255, 163, 83, 97, 187, 64, 120, 204, 5, 239, 72, 176, 45, 46, 240,
       167, 167, 4, 117, 187, 116, 96, 18, 186, 222, 185, 114, 163, 57,
       199, 190, 21, 82, 179, 44, 231, 162, 73, 103, 63, 175, 128, 50,
       221, 6, 215, 220, 38, 122, 195, 180, 4, 165, 203, 175, 125, 49,
       94, 121, 221, 62, 240, 191, 72, 125, 108, 172, 222, 37, 180, 150,
       123, 215, 66, 231, 10, 122, 255, 55, 94, 9, 170, 26, 23, 15, 247,
       62, 45, 226, 30, 207, 121, 220, 74, 159, 247, 205, 159, 106, 236,
       127, 142, 249, 235, 227, 149, 28, 99, 254, 242, 23, 86, 217, 63,
       247, 125, 126, 214, 29, 140, 106, 249, 148, 183, 235, 251, 87, 75,
       254, 18, 121, 234, 178, 96, 125, 170, 22, 156, 187, 191, 37, 255,
       254, 207, 187, 192, 183, 201, 240, 193, 5, 14, 18, 159, 244, 167,
       230, 242, 92, 10, 91, 66, 240, 234, 179, 228, 89, 106, 6, 142,
       134, 186, 78, 255, 36, 190, 167, 0, 17, 251, 121, 141, 138, 220,
       154, 251, 181, 229, 190, 231, 31, 15, 92, 55, 172, 255, 34, 64,
       223, 123, 131, 16, 50, 156, 82, 255, 239, 215, 158, 195, 146, 88,
       173, 155, 154, 227, 96, 145, 231, 217, 252, 239, 31, 119, 92, 187,
       9, 172, 222, 133, 43, 139, 183, 157, 246, 122, 238, 241, 62, 81,
       223, 239, 119, 156, 222, 206, 190, 35, 226, 30, 237, 59, 254, 75,
       95, 167, 245, 191, 74, 232, 223, 140, 123, 238, 199, 149, 158,
       243, 238, 210, 22, 94, 145, 191, 247, 237, 94, 198, 168, 252, 124,
       125, 112, 15, 125, 191, 117, 138, 118, 24, 191, 49, 128, 49, 135,
       60, 68, 40, 224, 252, 113, 31, 231, 251, 101, 0, 66, 176, 66, 163,
       65, 63, 61, 103, 180, 14, 103, 55, 104, 232, 126, 76, 247, 49,
       144, 115, 132, 102, 124, 110, 233, 248, 241, 44, 229, 251, 100,
       144, 72, 242, 195, 57, 3, 242, 243, 153, 114, 185, 168, 87, 94,
       75, 82, 247, 188, 140, 246, 236, 127, 11, 23, 149, 183, 188, 52,
       243, 12, 22, 58, 194, 221, 140, 185, 221, 3, 16, 113, 193, 39,
       221, 184, 3, 237, 89, 114, 0, 156, 159, 84, 238, 230, 25, 127,
       153, 135, 184, 115, 208, 7, 120, 18, 2, 14, 0, 97, 183, 10, 193,
       146, 141, 221, 95, 180, 103, 44, 165, 250, 3, 172, 62, 38, 196,
       232, 159, 235, 129, 68, 187, 81, 204, 181, 52, 142, 3, 19, 94,
       173, 142, 148, 36, 155, 181, 70, 46, 169, 26, 50, 227, 67, 82,
       213, 39, 73, 75, 115, 93, 49, 158, 33, 212, 211, 2, 197, 162, 251,
       4, 160, 241, 39, 176, 107, 186, 144, 184, 41, 141, 16, 143, 143,
       57, 160, 77, 174, 186, 74, 146, 197, 3, 235, 21, 30, 75, 210, 177,
       141, 213, 26, 123, 152, 12, 139, 31, 120, 249, 24, 106, 89, 205,
       82, 232, 131, 4, 172, 9, 47, 219, 99, 16, 216, 185, 204, 66, 78,
       35, 218, 189, 243, 221, 1, 59, 114, 11, 78, 10, 65, 32, 87, 69,
       68, 91, 97, 27, 101, 97, 114, 66, 147, 145, 212, 236, 106, 156,
       110, 136, 129, 248, 229, 68, 4, 184, 114, 4, 111, 136, 96, 172,
       124, 98, 236, 165, 36, 42, 125, 24, 32, 174, 182, 141, 211, 43,
       91, 26, 26, 196, 109, 126, 8, 240, 193, 8, 198, 201, 229, 181,
       228, 243, 94, 67, 94, 222, 255, 254, 187, 66, 127, 239, 191, 191,
       246, 179, 236, 255, 47, 91, 255, 247, 255, 194, 120, 203, 171,
       235, 251, 247, 223, 147, 165, 117, 167, 123, 214, 124, 191, 254,
       171, 106, 63, 238, 191, 250, 254, 48, 252, 255, 9, 123, 255, 247,
       239, 226, 97, 231, 171, 234, 247, 247, 95, 19, 128, 113, 167, 123,
       186, 245, 102, 210, 223, 209, 188, 239, 159, 117, 157, 159, 8,
       254, 126, 165, 233, 155, 243, 145, 254, 123, 190, 215, 63, 95,
       159, 239, 231, 12, 254, 222, 110, 60, 166, 222, 205, 117, 144,
       202, 147, 223, 189, 31, 106, 252, 127, 190, 201, 251, 251, 129,
       140, 99, 250, 243, 91, 87, 217, 59, 211, 125, 126, 214, 221, 94,
       239, 103, 34, 86, 111, 180, 112, 238, 214, 228, 253, 55, 147, 107,
       54, 85, 125, 239, 225, 213, 165, 106, 230, 235, 239, 128, 46, 247,
       33, 121, 184, 93, 111, 239, 118, 23, 95, 249, 85, 206, 247, 102,
       123, 125, 189, 241, 126, 244, 151, 234, 233, 182, 125, 191, 242,
       235, 225, 128, 127, 190, 240, 241, 56, 255, 88, 50, 249, 221, 86,
       254, 167, 61, 188, 45, 63, 191, 74, 145, 143, 219, 199, 64, 78,
       75, 90, 53, 251, 193, 53, 255, 122, 145, 142, 219, 136, 60, 60,
       127, 97, 238, 117, 55, 189, 190, 102, 16, 191, 63, 2, 217, 133,
       63, 255, 0, 96, 252, 112, 14, 199, 251, 112, 3, 66, 64, 79, 139,
       73, 177, 149, 93, 121, 220, 48, 120, 235, 88, 244, 108, 254, 210,
       141, 180, 148, 61, 238, 96, 131, 114, 242, 93, 31, 248, 97, 174,
       74, 34, 11, 183, 54, 33, 226, 10, 223, 211, 210, 73, 203, 229,
       189, 171, 10, 236, 127, 148, 122, 171, 195, 245, 30, 43, 238, 220,
       62, 84, 133, 127, 247, 143, 254, 214, 156, 36, 155, 245, 4, 110,
       97, 91, 50, 163, 67, 18, 213, 55, 73, 106, 121, 204, 56, 152, 41,
       212, 209, 2, 197, 167, 251, 4, 160, 97, 35, 162, 200, 216, 29,
       252, 41, 204, 21, 182, 148, 30, 166, 8, 182, 183, 33, 83, 132,
       117, 125, 66, 105, 77, 242, 63, 225, 243, 116, 26, 16, 48, 133,
       123, 99, 184, 16, 184, 57, 141, 16, 15, 143, 89, 160, 77, 174,
       154, 66, 18, 192, 3, 105, 21, 15, 11, 210, 145, 137, 212, 26, 122,
       24, 12, 11, 30, 37, 177, 241, 67, 245, 127, 227, 216, 83, 233,
       121, 72, 82, 80, 220, 180, 24, 154, 2, 122, 147, 50, 124, 212, 47,
       28, 5, 108, 219, 203, 210, 164, 19, 158, 202, 188, 178, 162, 46,
       247, 180, 67, 90, 247, 109, 230, 178, 192, 119, 239, 191, 141,
       181, 157, 4, 255, 248, 103, 186, 128, 189, 196, 169, 93, 19, 159,
       99, 207, 182, 178, 239, 247, 116, 72, 222, 230, 121, 230, 182,
       100, 126, 234, 30, 175, 185, 153, 45, 255, 60, 46, 170, 192, 61,
       194, 177, 253, 57, 159, 107, 239, 246, 131, 207, 253, 85, 72, 254,
       230, 123, 109, 180, 96, 126, 234, 23, 238, 217, 186, 45, 191, 122,
       237, 167, 192, 127, 170, 240, 249, 138, 189, 190, 155, 253, 253,
       184, 167, 191, 95, 87, 51, 172, 254, 22, 201, 231, 59, 255, 145,
       54, 220, 122, 247, 175, 119, 222, 195, 150, 76, 141, 215, 93, 118,
