%YAML:1.0
---
descriptors: !!opencv-matrix
   rows: 37
   cols: 32
   dt: u
   data: [ 64, 0, 66, 129, 77, 197, 248, 64, 173, 36, 242, 11, 140, 30,
       96, 74, 234, 145, 206, 128, 0, 63, 65, 192, 149, 16, 154, 43, 85,
       8, 117, 130, 166, 73, 34, 158, 85, 147, 162, 96, 95, 4, 113, 2,
       234, 200, 53, 132, 216, 41, 131, 99, 230, 182, 78, 255, 52, 30,
       11, 43, 87, 47, 120, 134, 114, 49, 82, 136, 73, 66, 104, 64, 45,
       160, 242, 10, 12, 18, 33, 80, 250, 133, 95, 224, 72, 131, 209,
       192, 149, 48, 138, 140, 1, 2, 35, 130, 20, 141, 134, 151, 221,
       171, 238, 238, 62, 147, 242, 18, 238, 234, 41, 75, 251, 239, 110,
       226, 120, 251, 75, 255, 189, 166, 207, 5, 133, 121, 225, 130, 123,
       50, 120, 104, 41, 212, 88, 16, 201, 77, 20, 237, 27, 157, 214, 54,
       134, 17, 213, 5, 143, 6, 166, 192, 67, 249, 56, 187, 6, 132, 70,
       119, 157, 223, 239, 250, 174, 133, 79, 247, 214, 94, 156, 231, 27,
       173, 243, 99, 111, 194, 62, 222, 255, 107, 46, 179, 250, 203, 246,
       248, 189, 216, 240, 121, 24, 157, 79, 252, 54, 194, 101, 119, 213,
       72, 222, 226, 49, 175, 176, 96, 106, 170, 14, 136, 121, 187, 36,
       255, 242, 229, 190, 129, 61, 136, 244, 121, 36, 205, 16, 190, 222,
       129, 142, 237, 22, 0, 88, 2, 117, 248, 57, 64, 89, 107, 19, 227,
       98, 162, 27, 191, 57, 6, 143, 44, 21, 122, 177, 136, 40, 186, 242,
       121, 117, 189, 113, 83, 251, 25, 116, 24, 190, 155, 198, 188, 167,
       58, 70, 28, 146, 126, 162, 211, 223, 223, 16, 106, 202, 128, 74,
       171, 9, 94, 127, 101, 112, 142, 121, 54, 124, 200, 118, 68, 183,
       17, 145, 113, 6, 62, 86, 12, 225, 184, 97, 44, 71, 187, 48, 128,
       72, 144, 67, 169, 120, 177, 58, 106, 217, 221, 83, 221, 171, 77,
       173, 9, 63, 223, 74, 176, 180, 155, 221, 80, 31, 43, 178, 49, 251,
       221, 0, 123, 114, 2, 142, 243, 88, 185, 155, 240, 155, 205, 81,
       71, 171, 81, 172, 24, 190, 159, 96, 58, 163, 59, 216, 16, 19, 75,
       178, 241, 219, 221, 22, 123, 202, 0, 135, 59, 118, 235, 174, 186,
       173, 177, 156, 206, 139, 29, 148, 191, 172, 232, 126, 138, 207,
       195, 255, 149, 158, 107, 206, 241, 154, 83, 222, 251, 221, 92,
       185, 95, 236, 113, 120, 101, 52, 79, 127, 176, 96, 236, 118, 8,
       215, 17, 131, 49, 150, 220, 69, 106, 232, 180, 241, 12, 231, 233,
       37, 4, 64, 177, 70, 163, 190, 105, 96, 198, 77, 91, 206, 232, 65,
       228, 180, 139, 75, 76, 23, 183, 120, 196, 215, 231, 204, 35, 253,
       168, 51, 89, 133, 53, 103, 191, 94, 222, 138, 204, 34, 159, 85,
       211, 178, 232, 31, 4, 89, 3, 236, 216, 39, 196, 217, 123, 131, 67,
       102, 188, 90, 255, 37, 54, 155, 11, 22, 15, 61, 142, 185, 223,
       237, 254, 188, 129, 79, 247, 215, 216, 148, 230, 187, 173, 243,
       99, 79, 234, 63, 204, 251, 107, 110, 191, 250, 203, 246, 248, 63,
       184, 240, 121, 1, 0, 89, 225, 102, 137, 233, 86, 237, 17, 182,
       230, 157, 11, 208, 106, 110, 129, 95, 156, 131, 41, 228, 192, 212,
       217, 186, 248, 253, 136, 113, 169, 32, 141, 16, 185, 220, 133,
       142, 239, 22, 18, 88, 66, 241, 232, 56, 64, 89, 74, 19, 169, 98,
       58, 91, 191, 61, 134, 143, 44, 21, 122, 177, 136, 41, 181, 121,
       106, 116, 207, 83, 216, 113, 76, 125, 76, 23, 215, 10, 48, 60,
       152, 22, 120, 155, 178, 56, 31, 123, 205, 32, 236, 251, 138, 66,
       243, 126, 235, 168, 186, 175, 145, 157, 207, 139, 29, 148, 175,
       174, 204, 126, 2, 207, 195, 253, 213, 94, 75, 202, 241, 251, 85,
       158, 255, 151, 30, 191, 79, 160, 125, 126, 101, 164, 78, 125, 55,
       96, 174, 118, 8, 151, 21, 131, 49, 134, 84, 84, 104, 224, 188,
       113, 12, 231, 249, 100, 0, 64, 240, 70, 43, 152, 221, 123, 235,
       52, 205, 255, 245, 93, 12, 124, 2, 191, 31, 56, 1, 122, 155, 23,
       106, 122, 184, 56, 191, 237, 205, 166, 64, 101, 138, 213, 235,
       126, 181, 104, 100, 213, 95, 215, 249, 97, 236, 252, 47, 75, 125,
       158, 180, 124, 212, 213, 99, 204, 179, 125, 158, 59, 253, 133, 23,
       103, 190, 222, 87, 86, 160, 134, 157, 93, 11, 232, 104, 191, 176,
       243, 11, 238, 234, 40, 71, 250, 229, 110, 160, 0, 243, 203, 221,
       157, 54, 203, 95, 133, 42, 97, 134, 0, 140, 0, 157, 221, 135, 162,
       239, 22, 50, 72, 2, 228, 251, 112, 64, 89, 74, 51, 169, 114, 122,
       91, 159, 61, 6, 159, 108, 20, 40, 56, 136, 35, 168, 122, 90, 77,
       221, 240, 64, 255, 49, 229, 24, 170, 216, 84, 61, 200, 168, 98,
       24, 142, 126, 242, 241, 23, 216, 80, 123, 195, 8, 70, 134, 192,
       121, 63, 101, 160, 206, 117, 55, 40, 174, 114, 72, 151, 23, 1, 19,
       132, 53, 93, 72, 105, 252, 49, 44, 231, 187, 116, 0, 64, 240, 199,
       107, 59, 87, 106, 44, 29, 23, 86, 127, 81, 106, 252, 15, 43, 136,
       55, 177, 216, 172, 212, 103, 236, 163, 84, 159, 242, 253, 132,
       187, 127, 254, 250, 15, 82, 32, 150, 141, 77, 139, 232, 72, 175,
       176, 243, 10, 206, 202, 100, 82, 250, 165, 110, 160, 12, 243, 195,
       220, 149, 50, 203, 15, 5, 40, 105, 134, 153, 223, 111, 254, 54,
       132, 109, 119, 149, 72, 214, 231, 57, 239, 178, 97, 110, 162, 63,
       204, 233, 139, 38, 255, 242, 239, 190, 136, 63, 156, 240, 121, 35,
       40, 34, 90, 77, 221, 208, 66, 207, 81, 164, 8, 42, 216, 86, 63,
       200, 170, 91, 89, 142, 107, 242, 241, 23, 216, 144, 123, 83, 12,
       86, 206, 218, 28, 59, 254, 139, 224, 53, 102, 189, 71, 228, 51,
       108, 255, 32, 121, 179, 243, 249, 130, 33, 143, 178, 239, 211,
       231, 90, 11, 51, 81, 167, 123, 37, 119, 113, 67, 244, 143, 235,
       216, 127, 232, 125, 100, 81, 69, 157, 52, 94, 72, 22, 126, 227,
       176, 108, 126, 108, 28, 37, 196, 79, 187, 66, 241, 218, 249, 58,
       250, 155, 213, 19, 238, 171, 81, 172, 8, 62, 223, 106, 176, 226,
       219, 221, 208, 75, 15, 186, 247, 251, 213, 22, 123, 26, 20, 175,
       59, 186, 223, 111, 222, 126, 149, 223, 247, 213, 76, 220, 231, 59,
       204, 182, 225, 110, 186, 151, 197, 235, 175, 38, 255, 242, 239,
       186, 136, 63, 156, 244, 253, 187, 223, 111, 254, 46, 144, 223,
       246, 149, 74, 220, 230, 57, 207, 182, 97, 110, 242, 191, 207, 233,
       143, 38, 255, 242, 235, 254, 136, 63, 156, 116, 121 ]
keypoints: !!opencv-matrix
   rows: 37
   cols: 2
   dt: d
   data: [ 255., 35., 221., 39., 209., 96., 339., 141., 214., 143., 109.,
       173., 105., 185., 341., 232., 331., 235., 96., 240., 110., 240.,
       199., 245., 207., 246., 332., 253., 52., 261.,
       2.1720001220703125e+02, 3.8400001525878906e+01,
       1.0920000457763672e+02, 1.7280000305175781e+02,
       2.0520001220703125e+02, 1.8840000915527344e+02,
       3.4080001831054688e+02, 2.3160000610351562e+02,
       1.0920000457763672e+02, 2.4000001525878906e+02,
       2.0640000915527344e+02, 2.4600001525878906e+02,
       3.3120001220703125e+02, 2.5320001220703125e+02,
       2.1720001220703125e+02, 2.5920001220703125e+02, 48.,
       2.6040002441406250e+02, 3.3984002685546875e+02,
       1.7424000549316406e+02, 3.4127999877929688e+02,
       2.3040000915527344e+02, 3.3264001464843750e+02,
       2.3472001647949219e+02, 3.3264001464843750e+02,
       2.5200001525878906e+02, 2.1024000549316406e+02,
       2.5344000244140625e+02, 3.3868801879882812e+02,
       1.7452801513671875e+02, 1.0540801239013672e+02,
       1.8489601135253906e+02, 3.3177603149414062e+02,
       2.3500802612304688e+02, 9.5040008544921875e+01,
       2.3846401977539062e+02, 1.1059201049804688e+02,
       2.4019201660156250e+02, 1.9872001647949219e+02,
       2.4364802551269531e+02, 1.1197441864013672e+02,
       1.8662402343750000e+02, 1.0699778747558594e+02,
       1.8662403869628906e+02 ]
