%YAML:1.0
---
descriptors: !!opencv-matrix
   rows: 135
   cols: 32
   dt: u
   data: [ 210, 90, 23, 180, 35, 224, 61, 70, 189, 206, 194, 33, 174,
       150, 35, 223, 166, 49, 238, 128, 101, 197, 130, 233, 145, 178, 90,
       139, 0, 117, 39, 95, 162, 112, 98, 221, 77, 215, 176, 104, 95,
       162, 240, 19, 72, 220, 61, 141, 248, 185, 179, 227, 228, 247, 18,
       222, 23, 26, 219, 175, 87, 45, 126, 134, 48, 38, 88, 237, 112,
       107, 113, 27, 53, 39, 254, 56, 83, 23, 8, 80, 127, 158, 71, 56,
       58, 156, 65, 31, 207, 175, 48, 69, 224, 136, 198, 163, 103, 57,
       210, 86, 233, 173, 101, 209, 235, 251, 45, 76, 102, 240, 69, 62,
       129, 230, 98, 90, 147, 107, 154, 113, 31, 30, 85, 42, 200, 115,
       194, 38, 195, 201, 70, 94, 203, 148, 44, 165, 185, 18, 230, 80,
       104, 226, 44, 215, 226, 231, 232, 230, 101, 205, 30, 125, 51, 58,
       214, 27, 18, 52, 234, 12, 56, 185, 58, 104, 93, 221, 82, 81, 171,
       77, 188, 13, 63, 223, 98, 144, 188, 187, 221, 80, 30, 43, 48, 149,
       251, 221, 0, 123, 114, 14, 206, 219, 169, 91, 127, 101, 100, 14,
       109, 54, 124, 200, 118, 68, 183, 1, 145, 49, 6, 44, 86, 12, 233,
       184, 97, 12, 103, 187, 48, 128, 72, 144, 66, 249, 218, 122, 210,
       94, 67, 80, 120, 0, 169, 130, 227, 96, 111, 242, 197, 254, 182,
       253, 236, 194, 69, 215, 178, 200, 147, 240, 66, 11, 34, 179, 43,
       5, 48, 141, 11, 252, 149, 231, 103, 103, 86, 138, 218, 2, 115,
       227, 160, 64, 89, 106, 38, 8, 121, 187, 66, 159, 232, 174, 167,
       136, 16, 104, 240, 169, 47, 103, 97, 65, 244, 59, 235, 152, 105,
       237, 127, 239, 203, 12, 159, 188, 62, 140, 23, 127, 157, 176, 109,
       212, 46, 92, 165, 228, 239, 255, 218, 213, 85, 106, 178, 22, 67,
       56, 182, 4, 249, 130, 162, 41, 110, 232, 71, 254, 162, 229, 232,
       83, 132, 231, 134, 106, 16, 54, 85, 11, 203, 119, 107, 15, 39,
       179, 97, 193, 244, 59, 235, 121, 73, 105, 89, 255, 153, 12, 222,
       36, 30, 136, 23, 239, 149, 48, 108, 214, 46, 28, 171, 228, 47,
       143, 210, 245, 118, 106, 162, 150, 143, 121, 150, 198, 155, 182,
       144, 137, 46, 236, 71, 142, 137, 253, 253, 83, 12, 103, 202, 168,
       155, 86, 93, 63, 198, 125, 30, 78, 172, 106, 232, 65, 253, 95,
       194, 64, 99, 252, 181, 13, 2, 141, 87, 158, 153, 236, 199, 127,
       140, 119, 200, 144, 95, 89, 133, 117, 231, 175, 94, 214, 53, 19,
       122, 110, 188, 27, 86, 120, 117, 204, 253, 236, 67, 236, 175, 177,
       94, 216, 132, 98, 221, 178, 111, 8, 242, 249, 97, 15, 123, 187,
       110, 117, 14, 149, 26, 186, 219, 229, 144, 237, 158, 21, 233, 17,
       236, 255, 106, 144, 219, 27, 131, 35, 18, 35, 26, 247, 217, 87,
       31, 111, 208, 6, 167, 194, 191, 114, 127, 119, 102, 126, 253, 88,
       89, 206, 117, 238, 127, 93, 159, 57, 62, 185, 151, 110, 237, 246,
       60, 140, 70, 219, 97, 128, 111, 255, 70, 241, 248, 121, 24, 252,
       57, 153, 86, 239, 131, 172, 164, 41, 47, 219, 65, 146, 136, 251,
       205, 66, 78, 111, 218, 59, 243, 209, 5, 59, 114, 60, 206, 11, 255,
       116, 124, 124, 42, 21, 31, 156, 187, 90, 180, 189, 93, 223, 223,
       59, 151, 241, 221, 231, 231, 71, 242, 227, 243, 249, 105, 190, 14,
       245, 135, 87, 2, 189, 16, 186, 189, 173, 186, 199, 143, 13, 88,
       171, 172, 254, 32, 132, 207, 59, 147, 17, 22, 41, 90, 245, 173,
       212, 26, 251, 208, 12, 141, 159, 161, 237, 123, 75, 84, 203, 103,
       244, 81, 0, 124, 8, 51, 21, 48, 48, 24, 184, 18, 106, 107, 186,
       116, 63, 103, 141, 36, 96, 115, 154, 86, 232, 7, 139, 186, 191,
       146, 128, 191, 180, 54, 135, 86, 131, 253, 235, 123, 64, 119, 127,
       55, 207, 210, 216, 142, 255, 236, 175, 255, 129, 164, 242, 33,
       202, 165, 205, 90, 219, 213, 181, 182, 231, 222, 19, 89, 18, 224,
       248, 46, 97, 201, 106, 130, 82, 118, 186, 90, 255, 47, 158, 150,
       99, 156, 91, 217, 142, 189, 7, 220, 101, 44, 59, 73, 16, 85, 174,
       255, 58, 83, 41, 147, 40, 90, 132, 102, 170, 168, 182, 101, 138,
       198, 207, 225, 149, 119, 235, 88, 129, 162, 249, 58, 250, 253,
       221, 245, 231, 159, 29, 244, 27, 46, 221, 38, 16, 201, 187, 199,
       17, 118, 43, 82, 247, 251, 213, 22, 123, 81, 8, 175, 202, 167,
       140, 168, 155, 221, 247, 150, 238, 94, 67, 188, 19, 176, 124, 62,
       41, 221, 75, 146, 55, 183, 238, 120, 255, 47, 31, 151, 127, 221,
       93, 217, 222, 62, 17, 118, 226, 221, 95, 218, 232, 141, 188, 183,
       11, 78, 252, 63, 223, 232, 213, 223, 243, 12, 227, 56, 252, 187,
       216, 207, 23, 119, 63, 124, 86, 92, 167, 152, 166, 154, 42, 94,
       185, 178, 166, 143, 141, 87, 227, 75, 82, 177, 247, 237, 166, 124,
       67, 203, 15, 251, 231, 101, 61, 160, 114, 46, 2, 33, 239, 80, 69,
       116, 15, 100, 55, 109, 168, 122, 72, 147, 3, 128, 180, 10, 140,
       70, 40, 65, 184, 65, 29, 36, 156, 32, 20, 66, 136, 66, 169, 181,
       74, 79, 238, 30, 3, 67, 248, 132, 128, 211, 230, 83, 193, 177, 97,
       88, 228, 30, 238, 201, 167, 76, 188, 208, 169, 161, 152, 61, 187,
       112, 32, 121, 205, 98, 76, 149, 146, 78, 246, 117, 200, 254, 132,
       43, 161, 183, 244, 88, 230, 204, 204, 237, 187, 117, 175, 186,
       255, 134, 1, 111, 180, 122, 92, 126, 191, 166, 100, 177, 62, 126,
       191, 51, 187, 190, 57, 74, 123, 202, 158, 181, 214, 253, 56, 184,
       201, 137, 166, 254, 255, 213, 215, 162, 245, 218, 35, 185, 95,
       103, 236, 54, 82, 110, 112, 85, 66, 254, 230, 123, 239, 178, 225,
       126, 236, 159, 238, 237, 179, 37, 143, 242, 239, 226, 128, 55,
       174, 120, 249, 236, 253, 144, 186, 203, 165, 151, 236, 154, 23,
       169, 24, 108, 242, 105, 16, 149, 91, 194, 115, 114, 99, 218, 243,
       121, 148, 15, 127, 208, 115, 167, 162, 230, 55, 189, 242, 236,
       173, 157, 83, 143, 127, 189, 125, 220, 221, 236, 11, 207, 51, 255,
       19, 178, 103, 250, 242, 87, 89, 123, 250, 212, 73, 135, 243, 147,
       77, 67, 156, 130, 128, 111, 231, 180, 2, 202, 194, 61, 226, 177,
       65, 98, 227, 18, 207, 97, 139, 6, 239, 176, 166, 142, 136, 37,
       240, 161, 40, 138, 64, 146, 157, 93, 151, 184, 72, 158, 142, 81,
       19, 236, 218, 47, 200, 249, 57, 179, 131, 38, 247, 26, 219, 23,
       54, 219, 139, 23, 61, 61, 134, 192, 12, 90, 147, 204, 169, 161,
       71, 236, 19, 98, 18, 149, 130, 96, 203, 107, 138, 74, 152, 51, 60,
       198, 96, 20, 128, 114, 72, 156, 72, 233, 128, 48, 142, 75, 253,
       52, 226, 99, 119, 116, 139, 218, 242, 179, 179, 160, 96, 91, 46,
       6, 136, 121, 186, 69, 31, 232, 166, 178, 128, 52, 200, 112, 169,
       14, 125, 127, 254, 250, 214, 191, 248, 189, 206, 223, 230, 253,
       255, 179, 96, 126, 253, 255, 234, 225, 211, 175, 238, 247, 239,
       175, 136, 39, 247, 37, 241, 192, 172, 222, 155, 236, 169, 173,
       199, 190, 19, 98, 18, 189, 226, 120, 203, 107, 107, 106, 156, 50,
       92, 206, 243, 28, 146, 222, 104, 156, 88, 233, 136, 82, 183, 7,
       182, 185, 172, 28, 47, 171, 253, 139, 221, 206, 238, 78, 214, 167,
       119, 237, 21, 95, 73, 218, 213, 185, 118, 15, 255, 136, 70, 135,
       87, 162, 237, 98, 64, 215, 155, 252, 103, 205, 37, 252, 139, 40,
       136, 182, 164, 234, 170, 147, 144, 246, 187, 36, 223, 62, 28, 132,
       99, 71, 12, 250, 142, 22, 139, 171, 191, 20, 134, 107, 120, 134,
       133, 207, 131, 245, 235, 56, 64, 126, 233, 59, 205, 10, 153, 154,
       253, 201, 167, 171, 128, 52, 162, 37, 232, 5, 140, 154, 191, 181,
       133, 166, 232, 222, 7, 88, 7, 245, 250, 59, 64, 217, 107, 34, 3,
       118, 168, 90, 191, 237, 151, 255, 73, 156, 122, 249, 138, 76, 92,
       188, 245, 141, 110, 101, 190, 172, 182, 174, 0, 215, 119, 9, 79,
       65, 84, 105, 42, 72, 229, 251, 0, 197, 179, 87, 20, 162, 249, 5,
       50, 59, 222, 194, 140, 118, 182, 174, 214, 19, 74, 216, 231, 41,
       238, 183, 196, 126, 235, 151, 207, 205, 155, 132, 251, 50, 124,
       174, 138, 63, 254, 121, 221, 167, 193, 173, 187, 141, 103, 221,
       143, 95, 119, 88, 23, 216, 252, 94, 10, 201, 75, 51, 21, 214, 120,
       219, 241, 111, 26, 223, 119, 213, 92, 213, 222, 237, 207, 104,
