%YAML:1.0
---
descriptors: !!opencv-matrix
   rows: 166
   cols: 32
   dt: u
   data: [ 252, 148, 245, 93, 155, 122, 213, 171, 245, 246, 182, 50, 123,
       125, 15, 255, 35, 214, 253, 162, 57, 229, 111, 143, 115, 235, 117,
       23, 231, 100, 68, 99, 58, 49, 98, 192, 85, 127, 250, 72, 79, 165,
       253, 11, 10, 157, 119, 148, 248, 157, 151, 241, 156, 179, 80, 222,
       23, 221, 128, 247, 247, 15, 126, 210, 19, 201, 110, 252, 30, 128,
       205, 247, 132, 64, 212, 230, 57, 143, 176, 96, 110, 163, 31, 205,
       203, 11, 38, 253, 242, 233, 190, 136, 53, 152, 176, 41, 177, 205,
       67, 190, 30, 129, 206, 246, 149, 64, 208, 198, 49, 137, 176, 97,
       110, 170, 19, 207, 235, 43, 6, 189, 178, 200, 146, 56, 63, 152,
       112, 168, 102, 0, 181, 251, 141, 109, 144, 202, 206, 59, 169, 16,
       206, 126, 109, 238, 201, 19, 122, 51, 19, 33, 123, 240, 137, 214,
       91, 127, 208, 123, 197, 166, 244, 253, 127, 214, 255, 122, 118,
       238, 249, 218, 189, 56, 126, 253, 44, 179, 163, 118, 212, 98, 113,
       239, 58, 175, 187, 219, 69, 63, 66, 123, 239, 187, 120, 82, 91,
       105, 80, 238, 97, 26, 37, 13, 230, 64, 51, 23, 128, 112, 96, 156,
       108, 152, 11, 150, 113, 93, 213, 232, 50, 0, 113, 128, 102, 104,
       234, 32, 164, 152, 109, 253, 216, 72, 203, 177, 177, 25, 174, 216,
       94, 159, 200, 185, 251, 17, 14, 111, 210, 209, 159, 24, 208, 59,
       82, 12, 126, 142, 42, 176, 132, 152, 77, 181, 184, 74, 159, 177,
       244, 25, 172, 218, 119, 159, 201, 185, 251, 145, 30, 111, 210,
       209, 31, 80, 219, 123, 146, 12, 123, 142, 14, 124, 182, 157, 125,
       215, 190, 234, 31, 196, 222, 11, 236, 252, 127, 196, 223, 127,
       251, 163, 70, 243, 219, 255, 63, 119, 143, 47, 150, 127, 61, 214,
       77, 233, 158, 87, 205, 222, 98, 160, 234, 177, 71, 0, 252, 242,
       80, 118, 97, 118, 122, 90, 81, 249, 191, 224, 13, 186, 71, 64,
       130, 163, 217, 172, 189, 93, 107, 110, 244, 215, 94, 112, 21, 204,
       127, 3, 123, 95, 179, 48, 126, 232, 23, 234, 237, 178, 40, 174,
       115, 239, 165, 128, 119, 187, 98, 209, 229, 67, 113, 65, 114, 31,
       111, 184, 125, 236, 122, 108, 83, 66, 189, 244, 118, 205, 38, 254,
       205, 146, 109, 94, 54, 8, 37, 132, 117, 178, 96, 101, 176, 27,
       126, 109, 58, 143, 86, 53, 197, 108, 254, 37, 51, 29, 34, 80, 206,
       183, 110, 96, 252, 169, 113, 63, 227, 237, 32, 145, 113, 136, 108,
       91, 12, 123, 120, 127, 98, 221, 127, 48, 57, 206, 125, 172, 255,
       95, 131, 176, 22, 121, 215, 74, 192, 144, 122, 111, 231, 223, 97,
       136, 98, 179, 79, 241, 149, 251, 113, 197, 52, 31, 79, 249, 69,
       172, 222, 70, 211, 51, 213, 36, 94, 204, 30, 238, 201, 144, 125,
       142, 174, 220, 165, 132, 46, 186, 80, 37, 137, 138, 123, 89, 36,
       138, 105, 23, 127, 11, 118, 84, 187, 131, 180, 125, 34, 42, 38,
       28, 179, 188, 39, 113, 70, 251, 50, 64, 82, 128, 65, 169, 3, 0,
       103, 89, 78, 185, 160, 71, 236, 81, 115, 210, 169, 136, 148, 238,
       106, 8, 106, 141, 135, 188, 103, 209, 6, 56, 154, 64, 117, 8, 105,
       172, 2, 34, 2, 169, 72, 165, 168, 71, 172, 5, 210, 135, 141, 134,
       98, 74, 108, 173, 235, 148, 0, 159, 209, 192, 20, 32, 154, 137,
       33, 4, 53, 250, 160, 239, 104, 69, 116, 203, 199, 244, 85, 236,
       116, 173, 115, 69, 151, 21, 88, 232, 6, 110, 233, 182, 101, 63,
       102, 136, 37, 176, 127, 186, 86, 249, 9, 148, 63, 127, 112, 174,
       113, 55, 253, 91, 127, 80, 254, 183, 40, 121, 165, 51, 118, 24,
       179, 252, 51, 117, 207, 255, 114, 66, 192, 128, 227, 107, 212, 97,
       189, 229, 44, 79, 95, 56, 160, 242, 163, 8, 215, 87, 73, 27, 146,
       85, 125, 106, 105, 229, 249, 0, 193, 233, 103, 52, 64, 241, 7, 98,
       177, 15, 76, 173, 158, 51, 204, 63, 84, 226, 218, 247, 115, 40,
       150, 99, 79, 230, 63, 173, 253, 250, 69, 142, 254, 11, 255, 144,
       61, 236, 248, 157, 3, 134, 110, 151, 52, 186, 232, 51, 252, 91,
       83, 213, 245, 40, 150, 233, 207, 38, 127, 13, 183, 252, 69, 207,
       142, 127, 250, 192, 204, 140, 217, 157, 35, 143, 108, 181, 36, 42,
       232, 55, 20, 227, 222, 247, 241, 40, 146, 67, 79, 166, 127, 141,
       189, 248, 69, 143, 206, 127, 250, 144, 45, 236, 216, 93, 86, 134,
       254, 193, 226, 114, 63, 199, 41, 251, 90, 179, 93, 174, 238, 122,
       119, 215, 191, 176, 21, 217, 165, 194, 62, 134, 190, 199, 165,
       240, 165, 93, 107, 201, 100, 108, 233, 208, 94, 53, 193, 64, 254,
       136, 43, 46, 182, 245, 204, 247, 182, 226, 221, 26, 102, 253, 54,
       249, 192, 153, 127, 182, 248, 28, 43, 59, 240, 88, 233, 253, 241,
       83, 75, 77, 116, 253, 40, 156, 214, 188, 142, 186, 214, 28, 151,
       58, 246, 208, 22, 93, 48, 235, 223, 140, 78, 253, 161, 235, 123,
       225, 116, 139, 239, 244, 61, 72, 116, 230, 177, 31, 176, 49, 126,
       184, 23, 254, 227, 190, 32, 255, 110, 153, 166, 192, 109, 146,
       242, 249, 8, 16, 115, 105, 48, 238, 225, 23, 108, 13, 127, 48,
       159, 149, 172, 112, 166, 31, 38, 24, 145, 184, 48, 64, 69, 253,
       50, 64, 192, 128, 231, 225, 26, 14, 234, 158, 242, 160, 187, 240,
       188, 14, 94, 231, 109, 239, 163, 72, 127, 123, 135, 195, 146, 159,
       14, 239, 126, 7, 186, 139, 165, 199, 37, 217, 129, 128, 145, 185,
       52, 173, 40, 7, 62, 17, 82, 82, 140, 2, 32, 72, 107, 11, 2, 157,
       18, 156, 65, 209, 132, 22, 154, 64, 148, 8, 177, 128, 206, 120,
       184, 115, 163, 237, 85, 151, 59, 255, 52, 25, 62, 189, 67, 25,
       135, 123, 245, 17, 182, 124, 218, 114, 203, 223, 85, 183, 210,
       212, 143, 91, 34, 158, 163, 90, 245, 247, 211, 251, 87, 79, 125,
       48, 122, 252, 188, 116, 221, 154, 151, 145, 191, 47, 56, 215, 91,
       62, 145, 206, 211, 78, 244, 119, 60, 77, 111, 111, 116, 195, 239,
       249, 84, 64, 253, 130, 115, 117, 187, 32, 94, 234, 18, 238, 233,
       186, 125, 61, 103, 175, 160, 0, 119, 187, 116, 248, 61, 157, 105,
       235, 84, 79, 95, 248, 22, 100, 125, 2, 115, 117, 187, 48, 127,
       218, 23, 110, 139, 178, 121, 63, 111, 141, 161, 36, 119, 139, 86,
       226, 139, 190, 230, 91, 107, 181, 184, 214, 191, 95, 86, 247, 40,
       142, 254, 237, 231, 43, 179, 149, 182, 220, 167, 243, 14, 63, 218,
       203, 159, 132, 249, 221, 140, 120, 120, 127, 98, 94, 127, 112, 61,
       198, 125, 141, 127, 127, 135, 48, 182, 249, 215, 110, 193, 148,
       59, 235, 119, 239, 32, 128, 103, 243, 71, 243, 90, 205, 178, 166,
       23, 218, 126, 228, 185, 5, 206, 3, 76, 191, 46, 210, 242, 245,
       249, 195, 68, 205, 153, 227, 179, 247, 206, 7, 38, 55, 53, 74,
       194, 188, 191, 177, 10, 228, 57, 7, 186, 127, 2, 23, 188, 159, 64,
       75, 167, 23, 125, 145, 51, 93, 178, 211, 205, 150, 223, 226, 136,
       0, 133, 123, 137, 8, 87, 115, 52, 174, 96, 22, 126, 3, 98, 84,
       243, 17, 16, 248, 18, 42, 58, 24, 179, 188, 81, 113, 133, 190, 18,
       64, 200, 129, 65, 168, 120, 249, 58, 120, 29, 221, 86, 246, 225,
       12, 172, 8, 63, 159, 3, 176, 136, 240, 220, 72, 74, 43, 178, 189,
       243, 217, 0, 59, 98, 21, 110, 42, 188, 92, 104, 238, 88, 71, 90,
       248, 22, 96, 245, 15, 121, 95, 43, 17, 94, 217, 147, 230, 107, 6,
       91, 63, 115, 201, 161, 60, 123, 179, 78, 210, 177, 249, 104, 97,
       244, 207, 127, 255, 51, 224, 36, 141, 51, 29, 82, 48, 28, 252, 85,
       125, 219, 250, 244, 14, 255, 141, 165, 113, 109, 152, 222, 218,
       22, 175, 239, 227, 242, 128, 175, 245, 42, 181, 26, 231, 125, 46,
       220, 66, 103, 223, 63, 215, 246, 217, 173, 235, 252, 133, 175,
       196, 165, 211, 165, 217, 83, 233, 168, 130, 153, 213, 154, 204,
       138, 249, 128, 11, 128, 222, 94, 98, 201, 215, 249, 209, 94, 75,
       219, 241, 185, 21, 159, 255, 129, 6, 189, 78, 190, 21, 127, 234,
       125, 215, 219, 104, 197, 76, 253, 3, 75, 220, 62, 36, 252, 185,
       151, 227, 174, 163, 56, 159, 179, 249, 139, 207, 119, 47, 124,
       215, 43, 51, 249, 89, 106, 221, 185, 80, 107, 93, 116, 237, 56,
       140, 214, 188, 142, 25, 215, 28, 151, 42, 246, 209, 70, 29, 48,
