%YAML:1.0
---
descriptors: !!opencv-matrix
   rows: 54
   cols: 32
   dt: u
   data: [ 3, 151, 67, 141, 50, 34, 171, 51, 44, 72, 218, 231, 253, 38,
       178, 100, 118, 39, 31, 237, 213, 153, 37, 205, 164, 44, 170, 192,
       60, 166, 161, 125, 66, 32, 2, 137, 77, 131, 176, 64, 44, 32, 242,
       11, 136, 138, 100, 204, 232, 140, 238, 145, 6, 179, 193, 192, 149,
       48, 130, 123, 81, 12, 43, 134, 18, 1, 82, 129, 119, 201, 248, 65,
       45, 1, 242, 11, 142, 26, 6, 64, 234, 145, 223, 129, 6, 187, 65,
       205, 149, 144, 138, 147, 85, 14, 119, 142, 80, 1, 82, 161, 85, 79,
       232, 64, 45, 0, 250, 2, 143, 26, 1, 84, 234, 153, 78, 224, 72,
       179, 65, 192, 149, 208, 138, 2, 101, 10, 115, 130, 139, 154, 251,
       253, 114, 170, 57, 87, 62, 97, 86, 246, 189, 183, 160, 104, 167,
       63, 55, 152, 179, 156, 33, 215, 204, 255, 58, 194, 156, 128, 33,
       169, 65, 34, 91, 225, 108, 137, 233, 83, 239, 209, 114, 230, 157,
       131, 208, 107, 110, 173, 110, 140, 131, 124, 231, 209, 148, 184,
       114, 192, 28, 136, 97, 168, 58, 80, 50, 129, 77, 95, 248, 64, 45,
       236, 246, 11, 142, 158, 38, 196, 250, 157, 207, 161, 12, 179, 113,
       204, 149, 24, 138, 55, 87, 12, 127, 223, 198, 141, 214, 159, 253,
       31, 238, 232, 127, 162, 250, 11, 236, 234, 61, 193, 251, 231, 255,
       227, 116, 243, 91, 255, 189, 62, 207, 151, 133, 126, 105, 134, 42,
       176, 54, 137, 125, 95, 176, 104, 175, 44, 246, 11, 142, 222, 46,
       196, 248, 157, 239, 33, 4, 179, 211, 220, 151, 113, 11, 123, 83,
       44, 47, 215, 168, 168, 242, 81, 117, 189, 120, 83, 127, 25, 118,
       88, 170, 137, 212, 188, 155, 170, 198, 24, 146, 252, 226, 211, 15,
       222, 16, 67, 194, 140, 66, 173, 56, 177, 56, 234, 217, 221, 83,
       89, 163, 69, 173, 9, 63, 223, 106, 144, 190, 155, 221, 80, 30, 43,
       184, 145, 251, 221, 0, 123, 114, 2, 174, 242, 43, 50, 127, 233,
       110, 153, 249, 82, 175, 121, 246, 230, 189, 159, 182, 104, 110,
       141, 127, 141, 131, 187, 103, 209, 214, 217, 186, 176, 95, 140,
       115, 249, 58, 48, 110, 168, 111, 91, 249, 72, 175, 108, 246, 171,
       14, 158, 54, 80, 234, 157, 255, 129, 12, 163, 227, 208, 215, 241,
       138, 251, 87, 12, 119, 211, 105, 184, 51, 250, 125, 221, 80, 64,
       237, 73, 228, 12, 190, 219, 36, 244, 200, 35, 90, 76, 11, 43, 242,
       245, 211, 249, 18, 58, 90, 12, 122, 26, 127, 48, 97, 66, 101, 95,
       80, 80, 105, 241, 179, 94, 74, 88, 222, 191, 250, 132, 252, 50,
       141, 51, 253, 192, 146, 216, 129, 119, 111, 175, 90, 20, 1, 20,
       251, 197, 116, 78, 105, 51, 121, 204, 126, 96, 189, 55, 144, 112,
       150, 60, 23, 40, 161, 184, 49, 78, 103, 189, 50, 128, 0, 160, 101,
       249, 23, 181, 104, 227, 246, 246, 251, 221, 117, 125, 127, 146,
       89, 125, 190, 40, 127, 155, 23, 189, 178, 176, 61, 215, 111, 207,
       190, 196, 245, 131, 245, 243, 95, 50, 226, 96, 247, 86, 91, 219,
       115, 239, 148, 175, 8, 189, 215, 172, 191, 221, 245, 181, 156,
       115, 188, 194, 91, 93, 141, 231, 231, 244, 126, 87, 71, 121, 167,
       149, 186, 140, 169, 23, 170, 205, 158, 228, 188, 230, 215, 102,
       38, 103, 120, 221, 211, 201, 183, 96, 44, 60, 47, 200, 140, 164,
       161, 125, 166, 201, 50, 158, 93, 203, 178, 224, 94, 0, 81, 3, 236,
       200, 61, 192, 216, 57, 131, 67, 226, 182, 90, 255, 37, 22, 11, 11,
       85, 43, 53, 134, 130, 205, 2, 159, 85, 195, 186, 224, 30, 0, 81,
       3, 236, 216, 53, 64, 216, 59, 147, 195, 98, 184, 26, 255, 37, 54,
       139, 139, 20, 31, 61, 142, 62, 89, 114, 78, 125, 209, 218, 112,
       197, 76, 253, 47, 106, 221, 183, 148, 126, 184, 151, 106, 204, 35,
       124, 223, 115, 220, 129, 171, 119, 175, 126, 215, 1, 2, 95, 249,
       100, 136, 233, 23, 236, 81, 114, 244, 157, 131, 208, 106, 230, 41,
       110, 28, 131, 156, 231, 209, 196, 185, 186, 192, 28, 136, 1, 169,
       129, 130, 73, 177, 108, 169, 233, 87, 236, 91, 176, 246, 157, 11,
       240, 106, 111, 3, 78, 140, 179, 45, 70, 195, 196, 152, 186, 232,
       188, 200, 161, 185, 2, 141, 24, 159, 222, 131, 182, 239, 22, 2,
       88, 2, 228, 243, 40, 64, 217, 90, 19, 160, 114, 58, 75, 255, 61,
       134, 143, 111, 20, 122, 184, 138, 137, 28, 63, 119, 97, 140, 117,
       55, 253, 74, 118, 68, 190, 159, 1, 113, 132, 55, 86, 12, 225, 188,
       48, 110, 199, 251, 112, 128, 74, 128, 67, 251, 60, 181, 120, 106,
       116, 237, 83, 216, 97, 77, 125, 12, 23, 223, 74, 48, 188, 152, 21,
       120, 155, 58, 56, 31, 251, 205, 32, 108, 243, 139, 70, 243, 105,
       184, 50, 250, 109, 221, 112, 192, 239, 81, 165, 8, 174, 219, 46,
       244, 224, 51, 218, 64, 7, 43, 186, 245, 147, 249, 18, 123, 90, 14,
       107, 158, 160, 125, 127, 101, 116, 79, 125, 55, 96, 172, 118, 8,
       151, 21, 145, 49, 150, 148, 84, 104, 232, 188, 113, 12, 231, 219,
       100, 0, 64, 184, 70, 169, 5, 153, 111, 227, 246, 199, 235, 240,
       102, 121, 95, 66, 81, 93, 184, 96, 127, 24, 23, 255, 147, 184, 61,
       244, 111, 141, 175, 196, 165, 139, 245, 241, 155, 223, 111, 254,
       54, 128, 237, 119, 245, 72, 222, 230, 57, 239, 178, 97, 110, 179,
       31, 200, 241, 155, 38, 255, 242, 235, 186, 128, 61, 136, 241, 121,
       195, 9, 89, 250, 108, 168, 233, 80, 237, 17, 185, 126, 159, 139,
       240, 98, 110, 161, 95, 153, 131, 39, 102, 209, 212, 153, 170, 232,
       93, 137, 33, 161, 201, 70, 121, 240, 236, 168, 237, 87, 233, 83,
       188, 254, 157, 139, 240, 107, 111, 131, 95, 141, 179, 47, 102,
       226, 212, 153, 250, 168, 28, 217, 161, 185, 129, 142, 89, 243,
       236, 169, 237, 215, 238, 91, 189, 246, 157, 171, 240, 107, 111, 3,
       94, 156, 179, 45, 238, 243, 196, 153, 250, 232, 156, 217, 193,
       185, 34, 140, 0, 157, 93, 135, 162, 235, 30, 51, 216, 18, 228,
       234, 32, 64, 217, 90, 51, 161, 50, 254, 91, 223, 61, 22, 159, 111,
       80, 40, 48, 138, 33, 104, 246, 90, 77, 221, 240, 66, 235, 21, 228,
       24, 170, 216, 86, 63, 200, 170, 98, 24, 142, 111, 242, 241, 23,
       216, 16, 123, 67, 8, 74, 142, 152, 92, 63, 254, 67, 236, 53, 119,
       189, 74, 102, 16, 62, 255, 33, 121, 164, 59, 209, 0, 113, 173, 50,
       239, 211, 243, 82, 11, 74, 80, 39, 251, 37, 118, 121, 75, 116,
       207, 107, 216, 115, 108, 125, 76, 19, 85, 153, 48, 31, 24, 22,
       126, 227, 178, 56, 126, 111, 141, 33, 228, 91, 147, 70, 241, 94,
       249, 16, 250, 155, 209, 18, 204, 171, 81, 164, 41, 174, 223, 104,
       246, 227, 243, 255, 210, 91, 75, 186, 241, 219, 209, 30, 127, 146,
       23, 175, 63, 128, 61, 63, 101, 32, 206, 117, 55, 108, 138, 118,
       72, 183, 23, 0, 49, 132, 54, 93, 8, 225, 184, 49, 12, 231, 187,
       116, 0, 64, 208, 199, 43, 62, 69, 112, 231, 215, 46, 254, 232,
       121, 166, 251, 11, 75, 107, 31, 144, 250, 213, 151, 227, 236, 179,
       73, 206, 247, 223, 135, 135, 231, 255, 126, 130, 199, 77, 113,
       195, 230, 41, 239, 213, 205, 66, 185, 90, 159, 11, 253, 96, 106,
       195, 95, 207, 241, 37, 108, 226, 180, 152, 174, 184, 85, 219, 209,
       161, 34, 168, 20, 152, 93, 135, 144, 74, 158, 177, 160, 27, 164,
       200, 116, 8, 201, 185, 107, 145, 26, 107, 90, 245, 29, 22, 219,
       127, 17, 8, 117, 138, 99, 40, 34, 90, 77, 221, 208, 67, 203, 81,
       164, 9, 170, 217, 86, 62, 200, 170, 218, 25, 142, 43, 242, 241,
       23, 216, 144, 59, 83, 12, 118, 206, 218, 28, 255, 254, 147, 224,
       53, 103, 189, 67, 228, 51, 108, 255, 36, 121, 179, 251, 185, 130,
       48, 207, 178, 235, 243, 231, 90, 11, 179, 81, 167, 122, 250, 249,
       56, 250, 59, 221, 18, 204, 175, 81, 164, 40, 174, 223, 110, 116,
       163, 219, 221, 82, 79, 15, 250, 241, 187, 209, 30, 127, 90, 23,
       47, 95, 150, 197, 114, 135, 213, 110, 254, 224, 125, 130, 251, 18,
       204, 122, 61, 64, 251, 195, 31, 227, 104, 183, 73, 238, 189, 150,
       142, 7, 5, 123, 241, 130, 213, 143, 219, 243, 230, 41, 239, 209,
       173, 18, 187, 254, 223, 107, 249, 75, 111, 195, 94, 223, 243, 39,
       78, 226, 252, 159, 238, 236, 253, 251, 161, 160, 155, 223, 111,
