%YAML:1.0
---
descriptors: !!opencv-matrix
   rows: 184
   cols: 32
   dt: u
   data: [ 37, 237, 254, 71, 220, 47, 231, 236, 218, 229, 41, 13, 115,
       224, 63, 50, 25, 98, 66, 126, 244, 225, 63, 47, 105, 14, 5, 52,
       201, 123, 195, 196, 121, 77, 222, 76, 204, 22, 78, 55, 193, 130,
       254, 70, 115, 114, 182, 114, 88, 230, 60, 238, 205, 171, 245, 47,
       114, 239, 228, 0, 47, 250, 248, 12, 31, 219, 99, 210, 247, 147,
       239, 244, 93, 204, 94, 230, 40, 140, 183, 164, 126, 235, 151, 207,
       209, 184, 44, 238, 62, 94, 174, 194, 111, 191, 241, 125, 16, 73,
       43, 190, 116, 193, 231, 228, 148, 12, 208, 34, 241, 219, 33, 65,
       232, 185, 7, 195, 104, 175, 10, 61, 241, 167, 170, 137, 17, 58,
       52, 235, 91, 157, 43, 253, 180, 150, 110, 183, 117, 73, 222, 66,
       241, 179, 176, 228, 113, 230, 63, 236, 249, 153, 21, 239, 168,
       175, 190, 192, 62, 240, 248, 40, 18, 73, 127, 238, 70, 198, 239,
       116, 172, 192, 90, 194, 125, 207, 49, 98, 126, 245, 51, 239, 193,
       145, 20, 104, 117, 168, 238, 128, 37, 179, 49, 184, 131, 206, 11,
       157, 116, 216, 172, 103, 220, 67, 82, 114, 172, 172, 176, 224,
       239, 43, 27, 133, 229, 188, 6, 239, 36, 118, 154, 139, 12, 92,
       185, 141, 45, 120, 33, 79, 85, 31, 198, 248, 85, 96, 109, 76, 210,
       80, 29, 180, 89, 204, 18, 110, 201, 178, 253, 174, 39, 60, 5, 44,
       91, 191, 82, 180, 250, 115, 54, 136, 43, 150, 152, 88, 143, 60,
       150, 117, 12, 142, 55, 223, 198, 149, 253, 199, 140, 199, 243,
       208, 83, 120, 202, 147, 7, 5, 55, 119, 1, 31, 186, 191, 52, 165,
       59, 210, 30, 93, 88, 38, 180, 247, 35, 105, 247, 123, 55, 149,
       147, 216, 34, 121, 205, 188, 58, 128, 152, 73, 33, 249, 250, 192,
       86, 230, 37, 22, 94, 41, 49, 38, 231, 11, 75, 31, 14, 211, 242,
       213, 189, 226, 76, 151, 217, 203, 179, 251, 194, 23, 35, 191, 254,
       6, 199, 249, 161, 177, 172, 28, 109, 156, 59, 250, 18, 197, 215,
       230, 219, 255, 215, 77, 125, 127, 207, 84, 254, 240, 140, 248,
       239, 172, 140, 245, 146, 117, 89, 144, 221, 181, 54, 30, 184, 59,
       122, 249, 82, 118, 223, 62, 208, 233, 183, 205, 60, 165, 165, 248,
       157, 205, 154, 239, 123, 196, 173, 164, 9, 29, 128, 219, 26, 190,
       124, 129, 182, 228, 222, 12, 240, 103, 228, 202, 40, 64, 216, 57,
       3, 67, 78, 47, 10, 63, 240, 161, 174, 11, 28, 26, 61, 155, 188,
       112, 177, 112, 45, 45, 80, 144, 203, 187, 180, 24, 31, 153, 65,
       27, 137, 208, 69, 24, 10, 103, 218, 128, 219, 217, 21, 118, 194,
       121, 66, 3, 2, 129, 18, 153, 87, 193, 176, 71, 30, 1, 82, 19, 164,
       154, 32, 76, 233, 59, 35, 145, 22, 184, 83, 213, 141, 118, 154,
       67, 20, 8, 185, 142, 83, 31, 123, 254, 50, 194, 63, 117, 189, 192,
       91, 231, 125, 254, 180, 96, 118, 127, 29, 239, 229, 153, 52, 238,
       242, 46, 174, 128, 45, 242, 33, 125, 45, 101, 49, 71, 213, 79,
       103, 168, 113, 232, 111, 8, 210, 117, 13, 52, 216, 220, 64, 106,
       105, 176, 121, 46, 101, 220, 5, 20, 66, 59, 86, 162, 163, 184,
       135, 152, 9, 165, 144, 199, 142, 91, 128, 85, 172, 210, 96, 203,
       201, 43, 250, 20, 55, 79, 82, 241, 141, 18, 91, 122, 152, 76, 169,
       158, 172, 93, 191, 252, 184, 207, 87, 243, 159, 202, 244, 48, 254,
       247, 161, 112, 215, 123, 255, 80, 59, 207, 114, 191, 235, 255, 37,
       155, 154, 249, 166, 115, 76, 48, 184, 229, 168, 108, 121, 25, 42,
       255, 63, 61, 223, 247, 75, 90, 151, 213, 125, 24, 24, 80, 241, 0,
       207, 249, 99, 141, 160, 225, 14, 67, 25, 217, 255, 77, 62, 22,
       255, 190, 236, 9, 122, 70, 57, 122, 180, 98, 38, 211, 60, 204,
       199, 169, 55, 109, 123, 173, 38, 136, 109, 178, 225, 41, 47, 227,
       96, 15, 252, 31, 206, 252, 79, 124, 253, 205, 98, 104, 222, 180,
       88, 202, 198, 111, 222, 50, 79, 189, 62, 93, 165, 188, 95, 255,
       218, 197, 205, 121, 193, 181, 228, 12, 109, 159, 58, 250, 80, 204,
       151, 238, 209, 59, 183, 207, 117, 111, 197, 80, 255, 64, 172, 201,
       239, 172, 44, 240, 82, 249, 162, 159, 103, 94, 222, 195, 175, 250,
       221, 70, 126, 230, 112, 117, 181, 101, 110, 114, 19, 234, 241,
       175, 102, 255, 117, 42, 224, 136, 119, 237, 116, 253, 49, 14, 3,
       186, 148, 163, 226, 99, 151, 129, 218, 195, 101, 232, 48, 192,
       217, 171, 6, 53, 63, 187, 8, 191, 184, 230, 143, 64, 189, 78, 176,
       140, 101, 56, 189, 240, 173, 173, 81, 208, 203, 249, 176, 76, 158,
       153, 69, 59, 141, 177, 127, 84, 155, 99, 218, 192, 219, 217, 81,
       126, 202, 9, 83, 35, 72, 249, 147, 229, 177, 206, 53, 182, 172,
       232, 106, 72, 158, 183, 1, 116, 134, 117, 92, 72, 81, 216, 208,
       104, 237, 247, 86, 2, 10, 112, 167, 59, 189, 120, 249, 100, 45,
       29, 87, 212, 227, 232, 188, 76, 31, 153, 81, 50, 136, 228, 93, 94,
       201, 39, 248, 162, 243, 221, 37, 60, 107, 251, 82, 43, 169, 188,
       173, 63, 116, 175, 67, 191, 86, 239, 70, 92, 243, 225, 146, 160,
       17, 110, 48, 44, 163, 252, 255, 63, 108, 111, 53, 4, 252, 232, 80,
       120, 217, 16, 181, 181, 22, 126, 72, 55, 126, 233, 146, 86, 223,
       62, 144, 233, 183, 247, 124, 129, 189, 252, 245, 207, 137, 239,
       251, 208, 172, 0, 129, 125, 213, 132, 191, 69, 188, 118, 239, 251,
       236, 234, 190, 18, 211, 120, 181, 103, 249, 196, 126, 41, 249,
       239, 125, 142, 185, 238, 103, 20, 201, 120, 97, 108, 37, 52, 209,
       225, 252, 47, 104, 152, 123, 186, 59, 92, 214, 121, 93, 58, 159,
       221, 118, 56, 169, 116, 217, 66, 157, 158, 97, 244, 204, 235, 66,
       177, 57, 121, 59, 101, 49, 207, 85, 246, 97, 232, 126, 12, 191,
       151, 3, 48, 164, 188, 84, 72, 201, 186, 177, 12, 243, 237, 36, 0,
       106, 176, 74, 59, 70, 222, 190, 179, 170, 96, 189, 183, 190, 223,
       30, 247, 236, 175, 111, 75, 167, 87, 253, 145, 176, 205, 171, 226,
       234, 99, 126, 199, 132, 116, 165, 91, 165, 117, 177, 79, 253, 95,
       231, 184, 91, 232, 109, 72, 210, 112, 29, 180, 152, 76, 82, 110,
       225, 114, 249, 30, 39, 30, 5, 52, 90, 251, 210, 164, 29, 73, 223,
       196, 5, 214, 110, 80, 229, 136, 254, 66, 91, 211, 177, 230, 120,
       236, 60, 234, 73, 177, 0, 232, 179, 233, 230, 0, 43, 179, 104, 40,
       133, 32, 251, 245, 160, 46, 169, 19, 58, 227, 66, 144, 149, 167,
       81, 106, 55, 29, 49, 157, 49, 212, 149, 66, 197, 175, 250, 4, 140,
       224, 35, 160, 2, 21, 39, 153, 215, 242, 189, 103, 172, 213, 90,
       163, 140, 190, 54, 101, 239, 63, 179, 145, 181, 216, 54, 204, 61,
       54, 222, 195, 133, 68, 165, 254, 253, 109, 252, 102, 156, 87, 87,
       248, 83, 166, 172, 10, 83, 105, 83, 51, 89, 212, 108, 250, 108,
       99, 253, 62, 251, 203, 69, 61, 115, 251, 222, 32, 10, 242, 152,
       233, 121, 227, 57, 223, 143, 173, 28, 169, 140, 151, 96, 144, 199,
       59, 135, 144, 18, 26, 66, 213, 207, 213, 190, 239, 146, 192, 141,
       171, 56, 143, 78, 175, 20, 227, 251, 115, 4, 4, 250, 163, 115,
       111, 58, 64, 126, 187, 7, 165, 90, 184, 1, 191, 237, 199, 170,
       193, 117, 138, 116, 202, 90, 13, 99, 228, 86, 70, 175, 115, 172,
       200, 218, 195, 57, 191, 49, 98, 126, 245, 31, 239, 65, 155, 180,
       206, 241, 44, 170, 128, 37, 160, 49, 248, 57, 27, 106, 129, 246,
       182, 251, 214, 4, 204, 252, 167, 49, 38, 179, 192, 126, 170, 151,
       221, 138, 187, 100, 236, 254, 77, 170, 128, 181, 223, 116, 249,
       18, 26, 238, 191, 42, 166, 121, 18, 47, 61, 218, 181, 101, 142,
       23, 91, 230, 191, 125, 149, 138, 217, 243, 225, 214, 235, 250,
       128, 164, 193, 36, 91, 139, 216, 32, 179, 109, 157, 176, 244, 253,
       89, 149, 87, 184, 28, 82, 175, 236, 179, 218, 199, 231, 111, 126,
       245, 223, 91, 222, 123, 94, 12, 57, 223, 121, 7, 108, 165, 52, 10,
       75, 49, 100, 36, 254, 135, 243, 33, 146, 80, 122, 132, 109, 236,
       200, 176, 69, 12, 242, 237, 160, 16, 100, 170, 120, 72, 246, 156,
       236, 158, 155, 119, 22, 174, 23, 246, 203, 155, 96, 252, 47, 67,
       221, 255, 177, 179, 124, 215, 251, 63, 59, 38, 205, 151, 181, 123,
