%YAML:1.0
---
descriptors: !!opencv-matrix
   rows: 142
   cols: 32
   dt: u
   data: [ 129, 218, 89, 249, 54, 137, 59, 158, 94, 66, 112, 116, 191,
       67, 185, 104, 55, 75, 46, 78, 163, 188, 39, 127, 196, 158, 50,
       128, 60, 153, 1, 41, 177, 4, 111, 109, 22, 11, 233, 51, 116, 32,
       242, 230, 19, 9, 144, 97, 126, 164, 30, 172, 233, 190, 101, 14,
       84, 171, 32, 0, 109, 168, 112, 160, 177, 80, 26, 108, 25, 71, 82,
       72, 225, 192, 233, 8, 18, 217, 45, 112, 216, 184, 88, 98, 77, 39,
       82, 14, 211, 177, 0, 27, 88, 34, 106, 146, 38, 133, 173, 249, 236,
       103, 205, 155, 87, 127, 156, 18, 209, 125, 252, 107, 217, 210, 55,
       185, 155, 98, 111, 144, 77, 31, 255, 220, 213, 233, 244, 160, 41,
       47, 108, 103, 100, 42, 103, 48, 64, 224, 127, 200, 243, 97, 146,
       51, 26, 228, 70, 110, 216, 240, 237, 12, 102, 137, 97, 0, 101,
       235, 82, 160, 246, 143, 142, 190, 157, 133, 71, 233, 134, 156,
       152, 15, 98, 231, 106, 82, 201, 226, 239, 244, 42, 75, 202, 191,
       249, 199, 175, 253, 144, 110, 52, 123, 185, 221, 24, 250, 25, 221,
       82, 248, 7, 56, 173, 8, 62, 87, 1, 48, 132, 187, 214, 66, 75, 14,
       90, 63, 243, 213, 1, 58, 122, 27, 10, 58, 151, 255, 125, 27, 190,
       251, 151, 252, 95, 254, 21, 255, 238, 124, 159, 41, 151, 83, 238,
       119, 247, 225, 111, 191, 46, 91, 109, 215, 253, 253, 141, 85, 88,
       217, 91, 107, 17, 204, 99, 183, 55, 9, 110, 64, 179, 215, 0, 116,
       80, 186, 76, 88, 91, 152, 113, 61, 239, 245, 36, 64, 106, 130,
       198, 58, 1, 150, 59, 91, 116, 174, 249, 51, 252, 73, 127, 84, 180,
       179, 164, 96, 167, 58, 6, 12, 179, 184, 48, 127, 79, 191, 50, 192,
       200, 128, 193, 169, 86, 128, 183, 156, 141, 108, 148, 143, 175,
       91, 138, 17, 204, 254, 60, 78, 225, 19, 121, 129, 19, 41, 147,
       209, 145, 246, 90, 94, 208, 100, 165, 118, 94, 180, 189, 180, 171,
       108, 157, 171, 170, 250, 146, 63, 222, 126, 69, 11, 167, 213, 253,
       163, 105, 69, 154, 192, 217, 211, 255, 183, 136, 116, 7, 115, 67,
       233, 233, 191, 242, 192, 191, 252, 26, 81, 92, 131, 253, 255, 254,
       96, 127, 219, 55, 221, 211, 74, 191, 241, 109, 47, 191, 236, 181,
       150, 181, 248, 185, 108, 67, 109, 81, 207, 103, 114, 116, 2, 96,
       72, 51, 17, 17, 181, 120, 232, 18, 238, 105, 182, 80, 63, 245,
       239, 0, 0, 123, 184, 98, 184, 188, 124, 82, 234, 83, 205, 82, 112,
       1, 0, 245, 9, 63, 223, 33, 16, 250, 185, 213, 98, 74, 39, 24, 191,
       243, 217, 1, 59, 115, 43, 102, 155, 124, 112, 187, 242, 169, 236,
       81, 80, 163, 207, 165, 24, 31, 223, 67, 58, 173, 189, 221, 144, 9,
       71, 178, 0, 211, 205, 37, 57, 226, 115, 46, 115, 178, 197, 18,
       174, 149, 199, 86, 229, 141, 4, 219, 3, 110, 216, 62, 197, 248,
       179, 159, 227, 94, 187, 24, 253, 179, 240, 142, 67, 22, 14, 252,
       78, 155, 217, 35, 186, 19, 213, 188, 101, 157, 69, 210, 167, 173,
       222, 50, 192, 254, 179, 159, 133, 222, 139, 50, 223, 251, 85, 158,
       203, 54, 12, 189, 95, 190, 92, 82, 238, 91, 223, 82, 120, 149, 44,
       241, 47, 111, 223, 35, 145, 190, 185, 215, 98, 108, 7, 24, 159,
       243, 217, 1, 187, 115, 63, 38, 211, 167, 205, 232, 215, 213, 51,
       238, 239, 95, 115, 25, 147, 112, 108, 62, 41, 249, 203, 19, 167,
       246, 246, 125, 255, 111, 30, 223, 229, 213, 127, 216, 206, 217,
       120, 185, 254, 40, 76, 89, 152, 171, 218, 166, 12, 191, 151, 67,
       122, 198, 245, 253, 66, 11, 71, 242, 33, 211, 233, 122, 58, 40,
       177, 35, 123, 62, 141, 82, 248, 149, 199, 94, 227, 133, 5, 217, 3,
       107, 255, 58, 196, 216, 187, 151, 227, 94, 171, 24, 191, 187, 253,
       138, 79, 55, 14, 252, 2, 169, 85, 16, 108, 89, 143, 19, 120, 233,
       72, 237, 12, 222, 209, 33, 112, 216, 184, 86, 106, 73, 39, 82, 30,
       241, 188, 0, 26, 90, 43, 98, 147, 223, 253, 253, 225, 166, 127,
       189, 199, 171, 242, 22, 58, 29, 189, 212, 171, 167, 85, 253, 49,
       229, 85, 168, 192, 222, 91, 109, 246, 166, 244, 131, 113, 185, 92,
       122, 110, 89, 197, 83, 248, 85, 76, 245, 13, 123, 221, 35, 17,
       184, 184, 135, 98, 110, 39, 58, 63, 243, 201, 33, 41, 115, 171,
       102, 219, 181, 185, 137, 249, 148, 134, 101, 219, 118, 217, 226,
       86, 147, 147, 80, 120, 89, 142, 42, 156, 251, 218, 241, 2, 237,
       174, 183, 68, 168, 0, 240, 160, 56, 151, 87, 238, 247, 135, 118,
       119, 149, 9, 251, 103, 111, 255, 40, 80, 254, 191, 7, 32, 93, 187,
       16, 157, 243, 254, 2, 66, 123, 138, 228, 155, 184, 92, 123, 110,
       117, 207, 82, 112, 85, 8, 125, 8, 127, 89, 33, 17, 252, 184, 134,
       106, 104, 182, 24, 63, 243, 201, 33, 41, 115, 171, 98, 131, 24,
       149, 63, 124, 211, 230, 113, 119, 189, 81, 111, 16, 60, 127, 32,
       113, 166, 59, 147, 0, 51, 152, 50, 93, 123, 235, 82, 67, 122, 0,
       165, 187, 210, 233, 49, 184, 25, 196, 16, 230, 171, 89, 136, 1,
       174, 150, 68, 214, 225, 251, 125, 209, 75, 75, 146, 247, 185, 244,
       30, 122, 16, 4, 167, 110, 67, 150, 35, 158, 52, 172, 168, 35, 237,
       73, 91, 84, 188, 190, 180, 244, 166, 35, 30, 13, 151, 137, 36,
       207, 140, 62, 154, 194, 136, 4, 177, 125, 71, 233, 180, 147, 159,
       208, 178, 168, 238, 209, 3, 3, 236, 248, 94, 98, 163, 127, 122,
       211, 198, 72, 191, 241, 13, 18, 95, 107, 133, 6, 173, 78, 72, 25,
       149, 184, 169, 125, 80, 15, 175, 27, 138, 24, 142, 186, 65, 234,
       193, 19, 253, 17, 27, 41, 211, 144, 137, 245, 90, 126, 144, 76,
       137, 14, 177, 12, 111, 101, 38, 43, 233, 55, 116, 2, 114, 242,
       147, 1, 144, 97, 106, 164, 30, 172, 169, 188, 101, 14, 196, 235,
       242, 128, 109, 136, 240, 40, 66, 137, 143, 179, 136, 198, 44, 167,
       186, 179, 66, 17, 196, 38, 88, 75, 225, 71, 121, 149, 16, 216,
       155, 96, 173, 178, 222, 68, 128, 80, 149, 10, 90, 57, 176, 164,
       139, 117, 157, 71, 139, 237, 156, 173, 172, 191, 66, 142, 135,
       119, 253, 145, 18, 75, 178, 192, 219, 213, 95, 187, 130, 102, 143,
       127, 27, 211, 34, 184, 7, 213, 156, 229, 5, 85, 208, 167, 173,
       142, 62, 224, 238, 139, 151, 197, 222, 15, 54, 213, 243, 113, 154,
       203, 55, 30, 189, 222, 34, 161, 42, 217, 157, 213, 188, 103, 207,
       69, 213, 19, 168, 156, 54, 4, 201, 27, 147, 149, 214, 43, 118,
       215, 47, 28, 158, 251, 87, 12, 253, 214, 36, 9, 189, 249, 236,
       111, 197, 159, 70, 187, 152, 106, 147, 57, 213, 42, 201, 86, 46,
       25, 25, 120, 67, 144, 77, 158, 245, 116, 213, 248, 212, 160, 37,
       149, 209, 249, 236, 34, 71, 187, 86, 19, 248, 114, 211, 113, 168,
       104, 89, 202, 38, 40, 27, 50, 91, 145, 236, 190, 247, 76, 189,
       249, 240, 160, 151, 219, 125, 52, 170, 15, 158, 253, 94, 242, 146,
       239, 119, 124, 189, 41, 55, 119, 127, 103, 245, 225, 45, 28, 248,
       10, 109, 150, 125, 248, 133, 117, 32, 13, 108, 71, 116, 107, 103,
       58, 64, 160, 127, 138, 115, 33, 149, 48, 88, 236, 102, 110, 136,
       178, 101, 45, 102, 175, 225, 0, 101, 235, 82, 160, 69, 185, 189,
       87, 172, 204, 225, 184, 250, 189, 39, 0, 240, 247, 204, 118, 193,
       118, 120, 88, 147, 108, 251, 97, 77, 186, 87, 80, 128, 170, 87,
       248, 39, 185, 243, 192, 118, 153, 186, 195, 91, 233, 120, 234, 12,
       156, 244, 180, 191, 57, 151, 21, 147, 58, 172, 222, 62, 28, 15,
       238, 207, 142, 11, 229, 82, 235, 174, 189, 61, 196, 153, 160, 175,
       157, 194, 1, 174, 206, 32, 66, 196, 125, 253, 193, 10, 73, 194,
       253, 137, 240, 154, 155, 4, 4, 53, 75, 24, 149, 27, 250, 19, 228,
       49, 115, 236, 9, 111, 80, 62, 247, 40, 112, 167, 59, 18, 8, 51,
       137, 48, 119, 249, 253, 18, 74, 144, 0, 165, 43, 137, 128, 123,
       123, 52, 174, 105, 18, 126, 73, 119, 80, 191, 3, 184, 120, 87, 46,
       6, 28, 179, 188, 49, 119, 196, 191, 50, 64, 218, 129, 67, 176, 83,
       33, 147, 148, 185, 92, 5, 7, 235, 173, 138, 24, 174, 242, 76, 238,
       128, 231, 120, 24, 30, 73, 243, 160, 185, 244, 30, 26, 130, 116,
       129, 14, 131, 184, 186, 155, 197, 245, 184, 199, 223, 85, 69, 23,
