%YAML:1.0
---
descriptors: !!opencv-matrix
   rows: 77
   cols: 32
   dt: u
   data: [ 177, 254, 107, 126, 124, 131, 207, 244, 196, 72, 244, 230, 51,
       201, 180, 33, 94, 232, 6, 238, 235, 175, 46, 191, 114, 137, 160,
       184, 125, 155, 114, 185, 185, 102, 235, 229, 116, 10, 75, 120,
       115, 225, 246, 254, 91, 35, 144, 112, 126, 204, 52, 110, 169, 246,
       237, 158, 254, 239, 229, 132, 111, 169, 82, 177, 19, 158, 70, 189,
       150, 146, 190, 119, 60, 67, 90, 247, 45, 234, 182, 192, 119, 107,
       191, 133, 246, 153, 7, 239, 188, 39, 190, 195, 61, 196, 185, 221,
       146, 184, 159, 248, 171, 201, 177, 71, 175, 85, 162, 49, 172, 151,
       96, 115, 163, 51, 235, 128, 82, 77, 146, 241, 217, 179, 90, 107,
       0, 0, 167, 187, 19, 159, 99, 205, 22, 162, 175, 246, 124, 64, 90,
       230, 121, 108, 180, 100, 126, 110, 22, 239, 241, 184, 37, 255, 36,
       46, 170, 128, 61, 206, 113, 253, 225, 217, 103, 109, 32, 14, 111,
       180, 112, 194, 86, 228, 211, 102, 144, 119, 54, 196, 124, 239,
       233, 144, 245, 13, 164, 40, 226, 128, 45, 178, 242, 117, 170, 157,
       54, 223, 229, 245, 156, 119, 29, 95, 254, 63, 44, 60, 6, 173, 143,
       187, 247, 17, 190, 251, 115, 247, 27, 123, 90, 211, 199, 77, 141,
       95, 66, 185, 157, 248, 43, 193, 17, 71, 170, 185, 160, 56, 188,
       151, 64, 114, 131, 51, 123, 144, 83, 75, 210, 113, 217, 144, 31,
       123, 16, 0, 167, 59, 157, 125, 107, 70, 54, 86, 239, 116, 96, 192,
       222, 230, 123, 77, 151, 113, 126, 236, 21, 238, 233, 178, 60, 110,
       242, 41, 167, 128, 47, 179, 114, 121, 11, 159, 106, 239, 190, 211,
       255, 185, 197, 72, 253, 166, 249, 253, 190, 228, 126, 179, 159,
       239, 221, 41, 44, 253, 111, 221, 171, 216, 119, 174, 120, 245,
       154, 158, 255, 255, 245, 242, 253, 119, 61, 79, 94, 18, 253, 255,
       54, 96, 115, 187, 191, 136, 178, 188, 51, 239, 223, 239, 254, 193,
       167, 204, 165, 251, 137, 187, 253, 249, 230, 171, 249, 87, 127,
       235, 118, 247, 189, 175, 214, 41, 47, 43, 127, 29, 179, 248, 103,
       211, 206, 223, 118, 192, 239, 204, 195, 249, 171, 187, 233, 249,
       228, 171, 233, 23, 127, 123, 118, 246, 191, 173, 214, 104, 111,
       171, 55, 157, 179, 252, 103, 211, 78, 223, 190, 192, 254, 204,
       209, 249, 74, 176, 240, 244, 63, 209, 216, 41, 187, 148, 148, 169,
       236, 255, 223, 150, 151, 121, 253, 177, 134, 67, 138, 217, 218,
       223, 207, 191, 134, 164, 15, 95, 65, 47, 125, 101, 52, 14, 111,
       63, 96, 234, 254, 108, 243, 33, 145, 114, 22, 230, 124, 44, 249,
       248, 229, 14, 236, 239, 101, 132, 108, 242, 66, 57, 118, 232, 82,
       138, 77, 87, 254, 236, 189, 38, 211, 11, 78, 154, 38, 213, 248,
       205, 239, 227, 108, 163, 217, 253, 183, 54, 143, 63, 23, 62, 184,
       198, 47, 176, 209, 80, 237, 253, 224, 206, 123, 235, 124, 88, 8,
       240, 221, 188, 25, 154, 242, 24, 151, 126, 254, 211, 30, 30, 21,
       110, 203, 196, 202, 181, 17, 20, 115, 69, 6, 78, 233, 123, 108,
       200, 126, 2, 147, 23, 132, 164, 124, 148, 22, 168, 129, 184, 113,
       79, 5, 236, 50, 4, 97, 160, 103, 185, 164, 253, 252, 119, 248,
       239, 127, 255, 62, 255, 254, 25, 243, 247, 11, 17, 127, 254, 127,
       26, 122, 254, 251, 127, 255, 175, 117, 229, 225, 249, 206, 251,
       190, 212, 121, 225, 167, 126, 95, 183, 113, 75, 126, 50, 27, 63,
       154, 57, 255, 223, 149, 186, 249, 180, 117, 230, 247, 255, 246,
       197, 239, 245, 230, 115, 241, 251, 106, 238, 60, 131, 79, 252,
       197, 72, 188, 238, 123, 205, 183, 112, 126, 232, 95, 238, 201, 35,
       172, 255, 242, 233, 167, 184, 127, 186, 114, 121, 73, 141, 127,
       101, 52, 110, 103, 55, 104, 232, 110, 8, 247, 49, 144, 115, 16,
       102, 124, 110, 241, 184, 241, 45, 229, 255, 101, 0, 72, 226, 194,
       40, 177, 93, 111, 111, 118, 86, 111, 245, 117, 200, 126, 198, 113,
       103, 183, 117, 126, 238, 23, 239, 233, 186, 45, 47, 118, 233, 166,
       128, 45, 178, 242, 249, 122, 217, 114, 142, 109, 215, 126, 236,
       13, 4, 244, 11, 106, 222, 47, 212, 252, 245, 223, 227, 76, 35,
       121, 253, 181, 249, 206, 27, 55, 63, 126, 222, 78, 173, 242, 203,
       221, 253, 254, 206, 47, 165, 254, 2, 236, 254, 79, 212, 251, 223,
       239, 210, 22, 187, 251, 224, 191, 116, 143, 111, 135, 127, 253,
       206, 165, 78, 82, 159, 84, 183, 230, 226, 86, 142, 91, 82, 98,
       232, 183, 196, 89, 106, 2, 14, 230, 190, 76, 255, 36, 46, 183, 0,
       21, 251, 120, 132, 184, 255, 16, 62, 121, 205, 86, 234, 183, 60,
       161, 45, 47, 247, 67, 144, 129, 251, 197, 66, 110, 75, 90, 55,
       179, 213, 49, 59, 114, 23, 14, 139, 11, 188, 250, 255, 246, 254,
       253, 87, 63, 75, 126, 118, 189, 191, 182, 104, 119, 43, 55, 157,
       179, 156, 53, 247, 239, 255, 190, 192, 175, 196, 161, 249, 45,
       191, 96, 3, 245, 159, 238, 176, 125, 104, 127, 76, 234, 104, 156,
       164, 28, 234, 22, 111, 203, 184, 93, 255, 46, 28, 5, 192, 79, 158,
       90, 141, 18, 154, 198, 145, 242, 176, 184, 199, 190, 93, 82, 247,
       172, 174, 182, 201, 103, 43, 175, 149, 150, 217, 6, 245, 28, 102,
       254, 195, 173, 4, 169, 159, 194, 157, 31, 255, 139, 227, 53, 167,
       188, 19, 74, 48, 252, 119, 32, 107, 227, 119, 187, 144, 113, 221,
       27, 255, 237, 243, 94, 67, 152, 80, 165, 59, 222, 223, 255, 255,
       175, 66, 127, 238, 191, 158, 247, 179, 237, 239, 47, 91, 255, 247,
       255, 226, 120, 207, 171, 239, 251, 247, 223, 155, 135, 117, 167,
       123, 43, 239, 96, 155, 117, 153, 254, 238, 95, 55, 220, 183, 40,
       168, 214, 132, 123, 202, 135, 197, 238, 120, 111, 247, 62, 95,
       148, 227, 87, 221, 220, 204, 105, 173, 87, 103, 180, 126, 103, 55,
       97, 232, 110, 72, 243, 49, 144, 183, 16, 230, 124, 106, 121, 248,
       241, 47, 231, 251, 101, 16, 98, 226, 194, 40, 250, 217, 114, 174,
       29, 95, 222, 236, 133, 76, 244, 11, 107, 222, 47, 212, 252, 249,
       223, 226, 76, 163, 88, 253, 179, 249, 143, 59, 119, 190, 126, 94,
       61, 29, 106, 237, 246, 247, 251, 123, 85, 204, 126, 130, 123, 109,
       182, 96, 126, 186, 151, 238, 185, 184, 53, 191, 127, 205, 163,
       192, 119, 143, 252, 249, 10, 157, 250, 251, 245, 246, 251, 127,
       63, 79, 95, 55, 232, 255, 46, 68, 255, 191, 159, 144, 50, 152, 49,
       255, 127, 255, 154, 195, 159, 196, 253, 251, 58, 220, 230, 154,
       75, 245, 156, 206, 143, 87, 220, 131, 40, 190, 110, 196, 237, 187,
       187, 129, 14, 11, 50, 241, 19, 87, 154, 171, 183, 94, 189, 222,
       43, 238, 96, 159, 117, 185, 238, 218, 95, 47, 92, 231, 168, 200,
       183, 132, 127, 234, 150, 207, 198, 184, 109, 251, 46, 94, 146,
       163, 127, 221, 88, 205, 11, 158, 251, 251, 244, 191, 249, 55, 127,
       107, 126, 246, 189, 175, 182, 96, 127, 43, 23, 29, 179, 184, 37,
       255, 110, 255, 182, 192, 191, 204, 241, 249, 43, 239, 224, 1, 253,
       155, 234, 238, 95, 173, 124, 239, 10, 40, 222, 148, 95, 206, 198,
       61, 222, 186, 69, 255, 62, 94, 149, 231, 255, 222, 218, 141, 210,
       248, 27, 240, 59, 201, 49, 71, 170, 5, 130, 41, 172, 151, 96, 82,
       166, 51, 235, 16, 18, 15, 178, 241, 217, 148, 26, 123, 0, 0, 167,
       107, 27, 157, 122, 233, 183, 223, 251, 55, 69, 77, 126, 162, 59,
       61, 182, 228, 126, 155, 151, 189, 222, 184, 117, 255, 111, 221,
       162, 193, 119, 142, 252, 121, 11, 191, 121, 203, 246, 245, 187,
       247, 95, 77, 92, 230, 189, 63, 182, 164, 95, 59, 151, 221, 151,
       184, 52, 255, 110, 93, 186, 194, 158, 142, 189, 253, 242, 184,
       239, 84, 207, 233, 145, 71, 139, 247, 164, 159, 34, 188, 86, 27,
       233, 243, 251, 145, 31, 111, 246, 224, 95, 17, 221, 123, 197, 76,
       214, 254, 77, 188, 17, 91, 249, 221, 54, 240, 121, 123, 245, 104,
       254, 114, 140, 181, 145, 91, 206, 66, 243, 122, 249, 125, 63, 190,
       116, 122, 202, 18, 203, 191, 155, 158, 206, 188, 178, 162, 62,
       247, 180, 71, 94, 247, 109, 238, 178, 192, 119, 239, 191, 133,
       180, 157, 4, 255, 248, 103, 186, 128, 173, 196, 169, 93, 57, 207,
