%YAML:1.0
---
descriptors: !!opencv-matrix
   rows: 151
   cols: 32
   dt: u
   data: [ 181, 11, 107, 254, 126, 131, 207, 113, 196, 64, 241, 230, 51,
       201, 181, 97, 94, 168, 22, 207, 249, 171, 46, 189, 112, 168, 162,
       136, 125, 170, 112, 161, 60, 79, 106, 175, 20, 67, 79, 248, 116,
       228, 254, 131, 115, 97, 187, 64, 120, 204, 5, 111, 72, 176, 109,
       44, 224, 231, 167, 5, 117, 187, 116, 106, 34, 243, 16, 186, 185,
       141, 92, 175, 143, 61, 184, 29, 174, 74, 78, 144, 205, 11, 207,
       21, 94, 74, 91, 247, 173, 212, 30, 127, 88, 12, 143, 31, 197, 90,
       239, 181, 78, 40, 237, 80, 184, 210, 194, 215, 117, 170, 49, 91,
       103, 229, 123, 207, 225, 87, 151, 66, 84, 170, 250, 8, 45, 241,
       113, 184, 130, 140, 142, 188, 17, 164, 56, 231, 190, 23, 66, 23,
       172, 226, 50, 64, 229, 171, 187, 133, 38, 221, 18, 255, 249, 55,
       154, 75, 153, 68, 169, 218, 124, 85, 78, 237, 20, 30, 94, 184, 53,
       172, 255, 3, 91, 115, 11, 208, 114, 212, 157, 234, 76, 145, 89,
       158, 243, 239, 165, 149, 39, 251, 120, 82, 253, 120, 188, 112, 45,
       125, 81, 218, 203, 251, 180, 28, 158, 185, 87, 63, 137, 244, 125,
       27, 11, 103, 250, 160, 219, 219, 85, 62, 202, 121, 82, 114, 45,
       120, 248, 99, 125, 127, 83, 220, 75, 252, 62, 12, 91, 93, 83, 186,
       152, 236, 213, 122, 137, 112, 249, 168, 207, 221, 5, 53, 226, 251,
       94, 243, 141, 117, 17, 101, 240, 14, 103, 187, 125, 136, 122, 64,
       222, 51, 129, 176, 182, 92, 76, 108, 97, 176, 17, 78, 229, 254,
       37, 4, 72, 177, 195, 161, 37, 97, 57, 69, 21, 79, 227, 40, 112,
       224, 111, 8, 210, 21, 29, 52, 152, 196, 64, 106, 73, 176, 121, 14,
       101, 156, 1, 52, 65, 59, 86, 162, 152, 253, 25, 255, 48, 205, 87,
       186, 23, 72, 152, 160, 191, 215, 33, 32, 151, 251, 159, 66, 107,
       136, 91, 63, 227, 215, 49, 177, 58, 155, 12, 59, 62, 91, 35, 250,
       183, 215, 154, 212, 23, 77, 215, 55, 72, 222, 62, 236, 252, 187,
       183, 213, 159, 135, 56, 245, 91, 95, 154, 195, 183, 15, 188, 95,
       139, 186, 255, 249, 98, 185, 185, 215, 127, 83, 119, 246, 188,
       155, 196, 104, 167, 43, 62, 28, 179, 252, 39, 243, 206, 255, 58,
       194, 222, 128, 163, 185, 62, 180, 226, 138, 95, 245, 146, 202,
       155, 71, 157, 159, 104, 252, 126, 128, 253, 251, 211, 145, 158,
       39, 250, 251, 123, 85, 152, 187, 247, 95, 182, 214, 131, 30, 15,
       153, 226, 169, 173, 51, 188, 90, 90, 244, 188, 134, 167, 109, 39,
       43, 30, 141, 165, 156, 38, 127, 132, 18, 122, 226, 28, 197, 33,
       253, 17, 140, 79, 248, 20, 163, 227, 115, 85, 3, 222, 86, 113,
       235, 176, 64, 121, 170, 6, 60, 187, 191, 36, 255, 248, 207, 178,
       64, 189, 200, 240, 168, 248, 163, 158, 241, 173, 232, 84, 135,
       179, 191, 182, 57, 139, 187, 72, 219, 201, 214, 237, 16, 58, 109,
       195, 160, 251, 243, 246, 215, 130, 72, 236, 11, 19, 79, 79, 252,
       22, 128, 235, 246, 132, 0, 218, 194, 49, 171, 177, 96, 110, 227,
       31, 201, 75, 139, 6, 253, 240, 172, 170, 136, 61, 152, 48, 40,
       153, 20, 111, 69, 246, 118, 233, 23, 116, 235, 87, 146, 81, 61,
       158, 105, 127, 140, 23, 188, 161, 244, 53, 206, 103, 43, 178, 132,
       167, 200, 244, 249, 62, 189, 98, 74, 95, 213, 146, 200, 131, 229,
       189, 139, 106, 220, 126, 180, 248, 251, 211, 243, 158, 35, 120,
       255, 59, 85, 141, 255, 119, 15, 254, 214, 56, 253, 88, 186, 121,
       221, 86, 238, 183, 61, 168, 9, 47, 155, 67, 144, 137, 219, 199,
       64, 78, 43, 90, 55, 251, 197, 48, 63, 114, 29, 78, 138, 143, 135,
       202, 21, 214, 51, 175, 107, 90, 231, 121, 159, 73, 104, 182, 128,
       123, 75, 18, 173, 181, 122, 12, 222, 60, 15, 255, 236, 221, 236,
       251, 196, 33, 141, 123, 233, 213, 205, 127, 103, 61, 64, 104, 9,
       183, 15, 48, 48, 250, 171, 19, 76, 94, 186, 48, 159, 231, 252, 0,
       64, 97, 138, 198, 202, 137, 250, 187, 249, 110, 189, 249, 86, 255,
       89, 117, 116, 190, 159, 230, 105, 167, 59, 63, 29, 163, 124, 170,
       241, 206, 219, 122, 234, 222, 136, 225, 185, 127, 184, 148, 48,
       169, 221, 16, 3, 171, 249, 160, 29, 142, 158, 70, 187, 133, 149,
       252, 16, 23, 75, 210, 192, 155, 210, 85, 127, 202, 4, 143, 23, 94,
       50, 255, 224, 43, 94, 121, 91, 173, 205, 246, 168, 159, 159, 195,
       127, 230, 149, 255, 176, 145, 195, 163, 192, 215, 249, 59, 159,
       198, 164, 39, 115, 141, 78, 239, 87, 166, 50, 239, 182, 116, 251,
       87, 214, 89, 45, 155, 111, 119, 70, 53, 238, 225, 252, 45, 170,
       102, 107, 246, 132, 175, 245, 240, 121, 122, 18, 111, 228, 103,
       86, 121, 83, 41, 125, 182, 183, 15, 31, 134, 219, 238, 149, 191,
       144, 136, 159, 225, 192, 211, 249, 250, 215, 39, 132, 102, 115,
       129, 184, 151, 217, 198, 237, 225, 215, 126, 83, 66, 82, 176, 179,
       96, 105, 121, 58, 50, 152, 51, 252, 243, 81, 13, 138, 222, 64,
       184, 72, 225, 168, 1, 93, 17, 229, 52, 14, 110, 55, 52, 170, 90,
       64, 215, 19, 129, 228, 22, 28, 28, 104, 97, 144, 81, 78, 164, 174,
       35, 132, 42, 176, 1, 33, 141, 22, 236, 213, 166, 50, 237, 59, 118,
       250, 87, 246, 249, 109, 155, 111, 55, 118, 63, 174, 177, 212, 47,
       223, 110, 107, 255, 132, 47, 244, 209, 241, 189, 158, 239, 101,
       244, 18, 111, 248, 85, 202, 118, 246, 91, 109, 189, 101, 127, 222,
       23, 254, 233, 246, 45, 174, 126, 239, 229, 132, 239, 233, 112,
       241, 10, 253, 17, 217, 49, 205, 93, 254, 31, 125, 28, 116, 188,
       151, 200, 36, 23, 26, 151, 72, 99, 216, 115, 247, 239, 148, 28,
       230, 58, 152, 135, 251, 223, 92, 239, 231, 32, 22, 127, 52, 57,
       206, 214, 166, 249, 127, 147, 123, 118, 245, 253, 238, 233, 212,
       245, 234, 246, 255, 239, 128, 39, 247, 39, 121, 139, 29, 127, 219,
       226, 182, 189, 183, 188, 95, 86, 244, 189, 247, 178, 109, 103, 59,
       159, 141, 177, 156, 54, 254, 102, 111, 126, 192, 158, 213, 161,
       249, 54, 241, 80, 138, 77, 85, 210, 200, 135, 52, 185, 11, 66,
       220, 111, 148, 216, 152, 207, 115, 14, 35, 91, 177, 147, 16, 129,
       127, 83, 47, 94, 198, 131, 247, 21, 211, 251, 157, 188, 255, 187,
       249, 29, 124, 140, 151, 200, 165, 15, 26, 215, 24, 243, 120, 250,
       214, 46, 90, 31, 238, 142, 132, 131, 245, 159, 191, 98, 251, 183,
       247, 95, 222, 23, 79, 93, 183, 61, 255, 191, 228, 223, 123, 151,
       159, 247, 156, 58, 251, 107, 93, 174, 195, 182, 223, 188, 247, 62,
       249, 226, 218, 223, 245, 150, 204, 27, 109, 252, 47, 10, 220, 127,
       188, 221, 219, 215, 83, 222, 35, 250, 243, 27, 93, 141, 255, 215,
       95, 254, 215, 231, 83, 103, 135, 140, 22, 175, 185, 84, 248, 211,
       198, 80, 100, 159, 103, 124, 198, 122, 239, 233, 241, 253, 236,
       52, 42, 239, 148, 45, 254, 240, 116, 54, 227, 96, 8, 93, 91, 206,
       232, 71, 244, 189, 171, 67, 104, 223, 148, 89, 204, 198, 103, 206,
       35, 111, 157, 62, 94, 133, 191, 119, 255, 94, 196, 14, 188, 176,
       155, 253, 253, 186, 135, 174, 95, 93, 17, 172, 254, 126, 196, 231,
       59, 155, 17, 22, 28, 250, 243, 175, 85, 158, 235, 150, 78, 141,
       223, 9, 121, 21, 103, 81, 142, 102, 178, 45, 168, 110, 68, 190,
       19, 1, 244, 132, 126, 86, 74, 65, 152, 80, 108, 165, 255, 4, 0,
       74, 51, 67, 185, 252, 105, 248, 102, 206, 75, 71, 252, 65, 164,
       180, 10, 83, 81, 81, 48, 120, 252, 68, 106, 72, 50, 232, 42, 115,
       205, 165, 61, 103, 187, 86, 234, 118, 188, 239, 158, 207, 229,
       149, 239, 155, 215, 136, 159, 96, 252, 126, 11, 233, 251, 243,
       147, 62, 107, 250, 241, 127, 18, 221, 123, 213, 93, 182, 254, 86,
       159, 190, 174, 186, 98, 31, 175, 166, 134, 142, 163, 119, 231, 43,
       66, 183, 119, 237, 163, 120, 9, 139, 63, 248, 231, 175, 157, 164,
       114, 165, 91, 45, 113, 1, 79, 125, 31, 198, 184, 75, 232, 41, 76,
       218, 80, 29, 180, 216, 204, 82, 110, 205, 178, 217, 156, 37, 60,
       5, 52, 90, 191, 90, 132, 169, 252, 62, 125, 176, 143, 125, 255,
       117, 138, 118, 88, 191, 51, 1, 49, 167, 60, 84, 40, 233, 252, 49,
