%YAML:1.0
---
descriptors: !!opencv-matrix
   rows: 160
   cols: 32
   dt: u
   data: [ 19, 221, 107, 205, 86, 198, 255, 103, 125, 100, 94, 130, 61,
       62, 54, 100, 102, 191, 23, 173, 225, 152, 53, 207, 245, 108, 142,
       130, 37, 128, 181, 252, 28, 178, 120, 65, 26, 251, 147, 88, 86,
       189, 61, 170, 147, 29, 201, 40, 63, 152, 199, 184, 26, 112, 109,
       29, 207, 135, 49, 245, 247, 139, 6, 227, 34, 143, 23, 190, 253,
       193, 80, 103, 141, 13, 248, 3, 174, 169, 36, 196, 200, 171, 135,
       17, 26, 186, 66, 255, 189, 246, 158, 75, 146, 12, 244, 207, 120,
       185, 146, 232, 153, 221, 82, 85, 175, 77, 172, 9, 174, 159, 102,
       144, 164, 187, 221, 80, 30, 43, 146, 209, 219, 221, 0, 123, 210,
       6, 47, 91, 121, 201, 123, 70, 17, 218, 71, 164, 97, 64, 238, 8,
       115, 64, 148, 180, 48, 228, 76, 106, 77, 169, 181, 45, 99, 237, 0,
       1, 99, 146, 98, 44, 33, 95, 125, 69, 116, 15, 109, 55, 124, 200,
       126, 108, 179, 1, 145, 53, 46, 172, 70, 44, 233, 184, 101, 14,
       102, 191, 32, 128, 74, 184, 66, 185, 106, 149, 255, 100, 187, 106,
       23, 63, 169, 109, 175, 169, 94, 117, 138, 82, 150, 214, 237, 32,
       24, 11, 160, 13, 243, 247, 97, 215, 66, 230, 134, 115, 122, 181,
       240, 102, 235, 93, 29, 189, 171, 190, 61, 40, 254, 247, 207, 183,
       135, 119, 253, 42, 65, 67, 250, 192, 127, 221, 101, 191, 98, 246,
       135, 251, 113, 173, 113, 78, 117, 246, 194, 104, 73, 8, 184, 72,
       50, 88, 181, 244, 216, 186, 6, 104, 171, 43, 120, 253, 51, 252,
       131, 58, 83, 10, 114, 44, 242, 97, 42, 168, 29, 11, 210, 72, 205,
       36, 157, 11, 7, 136, 51, 16, 248, 129, 203, 101, 76, 35, 196, 156,
       210, 65, 137, 63, 117, 15, 122, 198, 33, 32, 141, 101, 21, 30,
       232, 35, 86, 225, 226, 74, 147, 0, 16, 233, 72, 172, 114, 140,
       141, 250, 245, 29, 133, 174, 208, 80, 65, 136, 80, 44, 237, 172,
       236, 87, 237, 189, 236, 142, 218, 242, 54, 26, 81, 248, 215, 43,
       137, 70, 114, 30, 167, 124, 255, 178, 111, 75, 245, 124, 197, 249,
       90, 236, 122, 208, 249, 116, 117, 78, 217, 120, 115, 232, 182, 43,
       122, 125, 20, 49, 255, 245, 245, 161, 169, 243, 241, 221, 219,
       255, 213, 214, 239, 168, 118, 123, 34, 175, 17, 158, 249, 233,
       149, 111, 31, 13, 248, 169, 166, 236, 36, 68, 204, 187, 135, 1,
       18, 42, 66, 255, 189, 150, 30, 58, 144, 76, 135, 255, 154, 93,
       118, 190, 35, 208, 180, 103, 173, 132, 218, 163, 44, 255, 37, 199,
       230, 179, 191, 129, 96, 139, 2, 237, 179, 243, 94, 139, 39, 84,
       173, 251, 5, 101, 27, 227, 236, 173, 111, 220, 206, 160, 187, 76,
       221, 211, 121, 96, 187, 75, 74, 94, 195, 35, 187, 114, 237, 156,
       39, 108, 152, 219, 225, 160, 61, 237, 99, 166, 85, 87, 78, 232,
       97, 224, 203, 74, 91, 122, 25, 176, 120, 204, 84, 239, 205, 147,
       61, 191, 187, 205, 173, 132, 39, 55, 114, 228, 98, 96, 102, 12,
       73, 251, 248, 78, 171, 228, 176, 137, 142, 142, 70, 159, 170, 157,
       255, 197, 6, 67, 194, 208, 149, 16, 27, 187, 67, 5, 47, 214, 68,
       168, 184, 90, 253, 253, 211, 136, 223, 29, 53, 24, 158, 221, 92,
       56, 145, 91, 95, 91, 146, 100, 122, 241, 79, 95, 21, 127, 208, 9,
       199, 226, 191, 118, 98, 128, 116, 63, 234, 248, 81, 234, 217, 239,
       91, 72, 215, 165, 127, 204, 23, 255, 173, 182, 220, 142, 60, 76,
       169, 252, 111, 175, 122, 213, 24, 34, 46, 169, 15, 153, 184, 80,
       38, 53, 87, 151, 141, 9, 18, 200, 232, 13, 255, 149, 14, 184, 67,
       145, 198, 225, 186, 193, 62, 12, 61, 194, 61, 49, 225, 65, 244,
       95, 235, 89, 71, 233, 249, 110, 83, 220, 221, 164, 126, 204, 54,
       255, 219, 178, 253, 152, 30, 76, 165, 228, 255, 171, 80, 181, 57,
       112, 109, 101, 37, 95, 121, 24, 103, 236, 118, 164, 27, 31, 150,
       116, 38, 156, 253, 140, 205, 148, 119, 144, 71, 249, 176, 129, 39,
       132, 84, 127, 55, 70, 110, 65, 230, 51, 238, 218, 101, 254, 126,
       231, 65, 9, 151, 8, 127, 204, 23, 191, 132, 176, 45, 200, 70, 79,
       229, 132, 239, 255, 122, 213, 109, 20, 252, 87, 205, 62, 229, 152,
       83, 247, 47, 28, 74, 96, 223, 191, 29, 70, 226, 58, 177, 244, 253,
       130, 79, 123, 85, 86, 203, 255, 218, 180, 9, 22, 245, 69, 100, 62,
       108, 51, 97, 234, 126, 228, 249, 35, 151, 191, 63, 110, 54, 174,
       197, 240, 101, 200, 70, 255, 244, 128, 239, 246, 106, 189, 32,
       189, 153, 251, 205, 109, 85, 111, 86, 55, 237, 24, 178, 53, 64,
       32, 201, 26, 34, 0, 91, 122, 123, 147, 205, 215, 20, 127, 80, 72,
       196, 250, 91, 97, 54, 140, 29, 222, 88, 9, 239, 228, 135, 10, 206,
       218, 126, 230, 242, 165, 252, 161, 140, 1, 183, 208, 147, 248,
       139, 63, 6, 12, 61, 70, 67, 50, 209, 33, 50, 188, 56, 23, 123,
       105, 112, 245, 142, 158, 214, 252, 150, 13, 212, 21, 151, 152,
       164, 194, 140, 252, 58, 226, 140, 132, 11, 213, 162, 26, 182, 152,
       111, 241, 145, 66, 159, 15, 196, 51, 172, 222, 39, 77, 200, 59,
       163, 17, 54, 79, 98, 243, 19, 54, 218, 91, 146, 77, 61, 199, 120,
       189, 56, 106, 113, 221, 83, 86, 35, 13, 188, 9, 63, 159, 98, 16,
       188, 153, 213, 120, 26, 43, 176, 23, 251, 221, 32, 121, 114, 138,
       110, 251, 9, 141, 107, 237, 182, 146, 239, 119, 108, 69, 94, 130,
       185, 102, 178, 96, 126, 42, 22, 205, 211, 152, 37, 255, 228, 45,
       170, 192, 53, 138, 177, 237, 9, 22, 238, 69, 102, 62, 232, 50,
       105, 203, 126, 230, 217, 43, 151, 230, 126, 68, 54, 172, 133, 176,
       245, 202, 70, 127, 242, 128, 239, 228, 122, 149, 57, 209, 123, 75,
       53, 94, 71, 253, 101, 72, 127, 108, 114, 17, 142, 180, 216, 142,
       196, 106, 219, 186, 113, 29, 103, 253, 32, 64, 107, 138, 218, 255,
       137, 95, 63, 117, 112, 142, 125, 54, 124, 202, 118, 68, 183, 21,
       129, 113, 166, 54, 86, 12, 225, 188, 49, 46, 103, 187, 112, 0, 72,
       144, 67, 251, 41, 20, 247, 69, 102, 126, 108, 50, 121, 74, 126,
       230, 123, 59, 149, 245, 127, 204, 22, 172, 201, 176, 117, 204, 6,
       255, 240, 128, 111, 232, 114, 189, 61, 23, 238, 37, 230, 63, 236,
       91, 85, 234, 126, 231, 83, 40, 151, 137, 126, 206, 23, 175, 141,
       240, 85, 136, 102, 203, 229, 132, 237, 255, 122, 209, 90, 181,
       252, 102, 235, 88, 29, 125, 171, 174, 61, 168, 236, 255, 206, 54,
       182, 247, 253, 160, 80, 67, 170, 200, 251, 217, 101, 191, 98, 230,
       143, 227, 107, 241, 249, 68, 127, 93, 215, 125, 203, 236, 188, 40,
       254, 253, 206, 54, 158, 117, 212, 104, 205, 107, 240, 137, 123,
       221, 5, 187, 102, 190, 206, 255, 191, 22, 100, 165, 180, 55, 206,
       248, 21, 238, 211, 247, 75, 40, 155, 137, 127, 197, 151, 239, 189,
       182, 93, 158, 178, 207, 235, 212, 191, 253, 248, 209, 112, 97, 10,
       232, 73, 65, 73, 64, 36, 36, 207, 131, 1, 135, 32, 80, 104, 157,
       75, 192, 8, 131, 193, 0, 213, 161, 138, 57, 48, 3, 38, 130, 0, 97,
       126, 105, 66, 200, 49, 0, 108, 17, 103, 160, 159, 147, 0, 92, 34,
       185, 106, 208, 2, 152, 195, 64, 197, 160, 18, 65, 96, 129, 37,
       160, 1, 64, 119, 123, 100, 216, 97, 0, 108, 17, 115, 0, 150, 144,
       144, 232, 98, 40, 58, 88, 3, 188, 227, 1, 133, 184, 50, 64, 68, 9,
       65, 162, 48, 32, 245, 65, 23, 202, 97, 0, 126, 33, 99, 0, 146, 17,
       0, 248, 42, 44, 106, 24, 8, 248, 241, 20, 5, 170, 80, 80, 97, 8,
       86, 170, 26, 31, 250, 189, 242, 178, 185, 83, 60, 199, 95, 247,
       45, 175, 167, 76, 102, 63, 183, 181, 180, 152, 37, 206, 214, 103,
       186, 131, 183, 229, 37, 209, 102, 249, 247, 91, 91, 220, 179, 168,
       235, 21, 111, 0, 104, 221, 76, 114, 166, 121, 243, 80, 130, 105,
       186, 241, 79, 184, 5, 107, 83, 2, 102, 174, 189, 61, 97, 65, 124,
       127, 234, 216, 71, 232, 253, 110, 83, 216, 221, 164, 126, 204, 86,
       255, 143, 51, 253, 154, 62, 12, 161, 252, 127, 175, 122, 149, 219,
       83, 110, 142, 42, 54, 172, 29, 52, 94, 211, 231, 233, 10, 191,
       203, 126, 133, 255, 239, 236, 199, 87, 217, 210, 107, 250, 148,
       61, 244, 41, 93, 59, 223, 111, 252, 22, 130, 111, 246, 197, 206,
