%YAML:1.0
---
descriptors: !!opencv-matrix
   rows: 108
   cols: 32
   dt: u
   data: [ 19, 157, 75, 252, 146, 130, 188, 119, 140, 1, 90, 227, 61,
       183, 160, 96, 102, 51, 159, 133, 83, 153, 0, 253, 240, 38, 186,
       194, 61, 132, 161, 57, 185, 249, 107, 90, 124, 145, 199, 244, 197,
       72, 244, 230, 51, 204, 180, 32, 92, 184, 22, 234, 203, 171, 46,
       189, 114, 201, 164, 232, 125, 154, 114, 249, 3, 226, 231, 141,
       114, 3, 233, 61, 126, 225, 83, 230, 209, 38, 150, 101, 118, 205,
       62, 237, 165, 212, 237, 221, 44, 42, 255, 132, 45, 166, 177, 245,
       57, 242, 253, 245, 116, 42, 107, 188, 119, 225, 118, 230, 91, 107,
       152, 120, 122, 204, 38, 236, 169, 240, 109, 157, 230, 239, 241,
       196, 111, 185, 98, 169, 210, 184, 156, 188, 11, 197, 17, 67, 175,
       145, 160, 24, 190, 158, 96, 82, 135, 179, 251, 144, 91, 79, 210,
       209, 219, 208, 26, 123, 152, 0, 167, 154, 2, 213, 63, 156, 91,
       197, 188, 238, 158, 91, 216, 115, 60, 190, 44, 96, 237, 155, 51,
       129, 227, 27, 146, 245, 117, 34, 250, 170, 17, 24, 165, 251, 39,
       167, 234, 24, 252, 185, 252, 79, 90, 237, 125, 191, 0, 232, 254,
       24, 251, 138, 71, 21, 182, 122, 230, 82, 126, 13, 181, 237, 213,
       204, 222, 196, 218, 248, 184, 240, 155, 212, 25, 215, 171, 125,
       140, 29, 158, 159, 66, 250, 167, 215, 253, 145, 223, 79, 178, 243,
       219, 217, 30, 255, 170, 4, 175, 123, 101, 125, 61, 101, 164, 14,
       111, 53, 96, 224, 110, 76, 243, 49, 145, 51, 20, 230, 124, 110,
       233, 240, 249, 44, 229, 251, 101, 16, 72, 242, 194, 56, 227, 98,
       14, 187, 77, 189, 232, 87, 142, 69, 194, 93, 160, 136, 86, 74,
       204, 171, 123, 149, 142, 223, 215, 209, 132, 49, 154, 56, 28, 12,
       249, 220, 2, 28, 150, 155, 229, 252, 188, 7, 62, 19, 75, 16, 172,
       22, 4, 204, 227, 63, 170, 17, 22, 216, 83, 241, 7, 54, 90, 67,
       132, 93, 141, 134, 139, 158, 243, 213, 231, 244, 249, 119, 63,
       207, 94, 118, 173, 190, 246, 237, 103, 191, 191, 137, 183, 216,
       183, 227, 159, 127, 254, 192, 166, 196, 165, 253, 78, 101, 18, 40,
       25, 95, 22, 104, 134, 36, 205, 9, 142, 208, 34, 212, 144, 5, 202,
       99, 68, 3, 218, 30, 179, 117, 9, 59, 82, 23, 47, 198, 163, 234,
       104, 26, 108, 145, 254, 238, 223, 87, 116, 175, 32, 136, 247, 1,
       111, 235, 167, 197, 198, 58, 110, 245, 54, 24, 218, 171, 85, 157,
       127, 204, 242, 68, 82, 160, 69, 127, 246, 71, 61, 38, 249, 27, 11,
       26, 38, 212, 248, 141, 207, 226, 124, 167, 80, 202, 179, 220, 130,
       59, 117, 93, 254, 198, 254, 181, 254, 76, 251, 118, 159, 251, 147,
       238, 188, 63, 106, 253, 119, 55, 157, 211, 213, 161, 252, 79, 186,
       142, 123, 95, 237, 191, 223, 108, 126, 95, 82, 177, 191, 184, 11,
       201, 49, 199, 171, 21, 168, 41, 172, 222, 100, 82, 163, 51, 233,
       17, 2, 75, 162, 209, 217, 208, 95, 123, 0, 0, 39, 107, 107, 162,
       132, 158, 141, 149, 152, 95, 159, 21, 145, 215, 168, 168, 94, 194,
       205, 143, 251, 149, 158, 75, 215, 209, 142, 51, 154, 253, 158, 12,
       184, 220, 15, 219, 253, 223, 174, 212, 191, 189, 223, 93, 86, 166,
       249, 239, 190, 230, 7, 115, 183, 207, 199, 88, 63, 253, 102, 123,
       255, 128, 62, 182, 221, 121, 15, 251, 124, 123, 189, 215, 159,
       253, 151, 220, 84, 165, 125, 253, 190, 165, 151, 123, 151, 119,
       247, 248, 46, 189, 107, 219, 101, 235, 94, 140, 157, 255, 239,
       170, 192, 80, 237, 61, 244, 207, 251, 251, 52, 92, 8, 232, 214,
       190, 137, 202, 226, 12, 134, 126, 222, 241, 30, 91, 85, 47, 207,
       252, 218, 133, 56, 80, 59, 236, 60, 79, 81, 88, 135, 204, 245, 9,
       55, 223, 33, 50, 220, 185, 127, 96, 72, 35, 242, 24, 211, 169, 33,
       184, 113, 171, 102, 243, 243, 235, 106, 10, 116, 145, 250, 228,
       95, 12, 244, 175, 32, 200, 183, 0, 126, 232, 150, 223, 206, 43,
       108, 253, 50, 24, 162, 187, 117, 159, 122, 205, 186, 84, 122, 232,
       23, 103, 94, 75, 49, 66, 253, 26, 27, 31, 37, 49, 250, 149, 151,
       162, 105, 167, 16, 206, 243, 253, 130, 19, 123, 248, 102, 178,
       193, 157, 159, 255, 187, 230, 53, 183, 190, 91, 110, 20, 252, 115,
       32, 123, 227, 119, 123, 176, 49, 217, 59, 127, 237, 179, 94, 66,
       152, 80, 161, 59, 222, 252, 191, 254, 171, 114, 63, 239, 187, 218,
       246, 48, 254, 255, 4, 123, 255, 247, 253, 162, 105, 199, 251, 235,
       243, 247, 95, 27, 194, 113, 167, 187, 45, 78, 237, 87, 116, 26,
       235, 57, 86, 232, 119, 230, 81, 105, 148, 97, 126, 236, 54, 236,
       185, 240, 109, 188, 110, 175, 231, 128, 111, 171, 240, 161, 33,
       223, 111, 79, 246, 130, 239, 247, 116, 72, 126, 230, 113, 39, 181,
       96, 126, 234, 22, 238, 225, 184, 37, 111, 102, 46, 166, 128, 127,
       178, 226, 249, 59, 223, 122, 238, 190, 151, 223, 253, 205, 72,
       252, 239, 123, 221, 190, 36, 222, 249, 223, 239, 221, 171, 60,
       255, 114, 253, 37, 218, 127, 174, 244, 245, 57, 141, 125, 111,
       180, 235, 107, 182, 100, 104, 254, 34, 243, 61, 144, 96, 122, 182,
       30, 106, 153, 184, 101, 61, 239, 173, 160, 192, 103, 139, 212, 97,
       172, 231, 235, 57, 244, 169, 173, 207, 94, 229, 120, 191, 1, 236,
       254, 8, 219, 139, 3, 21, 182, 250, 230, 18, 124, 14, 191, 237,
       213, 76, 215, 194, 144, 170, 159, 253, 26, 162, 57, 118, 54, 181,
       194, 245, 165, 167, 0, 89, 103, 253, 109, 144, 58, 221, 231, 125,
       217, 163, 255, 192, 33, 160, 39, 233, 83, 121, 235, 207, 50, 148,
       175, 181, 108, 192, 222, 230, 185, 134, 151, 102, 38, 103, 125,
       207, 193, 137, 181, 105, 116, 41, 174, 128, 13, 179, 49, 125, 6,
       153, 148, 155, 229, 236, 188, 135, 46, 21, 75, 1, 172, 62, 14, 72,
       227, 123, 170, 17, 22, 152, 91, 241, 37, 52, 30, 67, 128, 87, 141,
       142, 1, 157, 103, 77, 244, 94, 239, 53, 108, 72, 122, 68, 253, 52,
       144, 225, 22, 102, 54, 111, 241, 184, 53, 109, 37, 56, 98, 128,
       76, 162, 241, 253, 154, 156, 242, 223, 245, 246, 249, 119, 63, 79,
       94, 23, 168, 190, 54, 228, 255, 191, 191, 129, 182, 188, 51, 239,
       95, 255, 158, 195, 135, 204, 229, 255, 162, 234, 106, 152, 108,
       193, 253, 238, 206, 119, 248, 187, 32, 136, 246, 1, 235, 139, 99,
       197, 230, 127, 230, 247, 126, 8, 254, 233, 85, 156, 246, 206, 139,
       185, 250, 241, 246, 255, 253, 87, 127, 239, 118, 182, 189, 191,
       214, 44, 111, 171, 151, 157, 179, 252, 37, 211, 94, 223, 54, 192,
       239, 204, 233, 249, 187, 158, 233, 249, 246, 159, 253, 87, 127,
       239, 246, 246, 191, 173, 182, 108, 127, 191, 191, 157, 243, 252,
       103, 211, 94, 255, 191, 192, 255, 204, 241, 253, 8, 183, 88, 105,
       242, 43, 63, 255, 50, 15, 124, 245, 61, 39, 138, 16, 55, 27, 135,
       40, 242, 184, 1, 127, 110, 175, 52, 193, 125, 192, 139, 155, 79,
       217, 237, 95, 126, 212, 191, 156, 238, 92, 86, 166, 249, 223, 159,
       98, 38, 113, 255, 207, 195, 0, 255, 241, 102, 105, 175, 136, 54,
       183, 13, 249, 178, 197, 18, 136, 197, 93, 190, 103, 29, 38, 249,
       27, 14, 30, 38, 213, 232, 159, 207, 163, 124, 191, 81, 247, 177,
       52, 154, 123, 23, 12, 255, 142, 56, 177, 58, 186, 83, 205, 81,
       101, 173, 5, 173, 9, 63, 223, 42, 16, 162, 187, 197, 0, 74, 11,
       18, 149, 251, 213, 18, 123, 114, 2, 167, 219, 57, 159, 43, 9, 223,
       223, 183, 119, 196, 108, 254, 103, 50, 148, 162, 164, 108, 6, 202,
       101, 221, 171, 117, 29, 125, 37, 38, 219, 91, 14, 188, 255, 242,
       170, 236, 16, 205, 217, 209, 71, 195, 247, 164, 191, 10, 172, 86,
       31, 137, 230, 233, 21, 158, 111, 246, 208, 91, 89, 213, 127, 231,
       140, 222, 94, 33, 235, 232, 11, 244, 157, 238, 204, 90, 125, 124,
       207, 49, 168, 222, 32, 222, 202, 22, 93, 150, 250, 206, 49, 62,
       13, 181, 229, 221, 154, 218, 141, 36, 253, 254, 255, 248, 239,
       255, 255, 62, 255, 126, 17, 247, 255, 10, 81, 255, 255, 127, 18,
       114, 248, 219, 127, 255, 175, 119, 100, 240, 248, 198, 219, 90,
       48, 255, 236, 43, 92, 121, 88, 239, 252, 246, 169, 253, 223, 135,
