%YAML:1.0
---
descriptors: !!opencv-matrix
   rows: 188
   cols: 32
   dt: u
   data: [ 202, 208, 252, 253, 109, 109, 248, 15, 191, 23, 52, 25, 236,
       127, 94, 75, 131, 19, 255, 33, 34, 101, 211, 209, 199, 251, 90,
       191, 20, 88, 213, 74, 2, 189, 18, 155, 243, 197, 178, 231, 30, 5,
       72, 51, 172, 254, 32, 196, 215, 123, 131, 17, 54, 152, 90, 255,
       45, 22, 30, 75, 144, 12, 173, 223, 154, 11, 75, 252, 114, 192, 57,
       102, 164, 12, 214, 162, 45, 135, 160, 65, 110, 187, 143, 192, 104,
       155, 36, 253, 241, 161, 186, 201, 52, 128, 37, 233, 33, 93, 79,
       77, 112, 143, 239, 119, 20, 200, 126, 197, 113, 71, 182, 17, 94,
       32, 23, 110, 225, 184, 53, 125, 110, 11, 36, 128, 125, 186, 96,
       217, 77, 48, 153, 177, 160, 40, 121, 23, 126, 255, 78, 212, 159,
       167, 194, 122, 39, 15, 108, 28, 145, 220, 183, 64, 206, 255, 118,
       192, 136, 192, 137, 113, 9, 142, 223, 125, 52, 186, 233, 55, 126,
       107, 126, 84, 187, 34, 144, 244, 107, 46, 126, 12, 177, 184, 117,
       15, 174, 255, 50, 192, 206, 128, 73, 169, 46, 237, 97, 70, 209,
       70, 79, 248, 33, 228, 125, 10, 88, 119, 25, 52, 88, 220, 23, 234,
       73, 18, 248, 238, 127, 156, 165, 172, 55, 243, 102, 242, 92, 223,
       186, 228, 158, 75, 86, 238, 132, 164, 154, 171, 95, 237, 35, 0,
       191, 247, 205, 227, 76, 43, 24, 174, 251, 199, 45, 61, 101, 123,
       165, 106, 106, 213, 241, 175, 125, 68, 248, 220, 31, 95, 252, 19,
       236, 111, 62, 68, 255, 211, 159, 161, 110, 18, 107, 211, 247, 255,
       154, 159, 55, 94, 247, 251, 138, 120, 32, 170, 105, 181, 186, 72,
       143, 76, 148, 173, 172, 222, 103, 196, 206, 41, 219, 199, 198, 7,
       82, 243, 86, 85, 138, 187, 30, 23, 41, 223, 145, 7, 74, 37, 180,
       10, 109, 59, 52, 226, 90, 231, 211, 32, 145, 64, 126, 140, 61,
       173, 232, 144, 69, 30, 228, 46, 175, 132, 45, 240, 80, 64, 90,
       248, 190, 254, 11, 220, 53, 199, 175, 21, 228, 32, 60, 255, 99,
       126, 162, 115, 251, 16, 6, 75, 178, 225, 211, 243, 94, 11, 130,
       20, 175, 122, 104, 168, 188, 250, 157, 253, 80, 143, 243, 53, 164,
       24, 170, 249, 64, 26, 201, 210, 233, 16, 26, 107, 202, 49, 219,
       223, 85, 123, 210, 72, 222, 42, 163, 144, 224, 213, 87, 255, 248,
       87, 89, 105, 214, 63, 42, 28, 22, 108, 236, 191, 151, 129, 191,
       254, 116, 199, 23, 62, 154, 211, 175, 12, 212, 215, 40, 145, 125,
       111, 189, 95, 86, 189, 70, 109, 126, 7, 251, 61, 58, 192, 220, 86,
       164, 104, 153, 184, 89, 61, 111, 239, 96, 85, 123, 170, 220, 90,
       52, 221, 126, 231, 166, 11, 127, 249, 116, 66, 247, 163, 83, 125,
       176, 97, 126, 213, 63, 231, 248, 178, 9, 173, 246, 239, 231, 132,
       117, 186, 240, 241, 64, 177, 191, 101, 170, 108, 53, 51, 170, 222,
       110, 36, 252, 183, 0, 58, 166, 119, 108, 0, 81, 201, 179, 65, 71,
       191, 112, 2, 72, 96, 7, 123, 124, 32, 189, 112, 141, 105, 81, 15,
       226, 191, 166, 24, 151, 181, 64, 59, 129, 150, 108, 16, 26, 111,
       242, 0, 219, 211, 117, 125, 192, 104, 198, 98, 82, 34, 102, 137,
       74, 193, 185, 75, 166, 53, 210, 163, 141, 142, 226, 78, 110, 189,
       239, 145, 6, 219, 199, 213, 148, 32, 250, 235, 37, 4, 39, 207, 9,
       7, 88, 229, 52, 10, 109, 55, 124, 168, 122, 64, 191, 35, 145, 208,
       18, 140, 110, 44, 72, 184, 65, 14, 228, 255, 32, 0, 106, 160, 67,
       41, 160, 164, 149, 155, 221, 237, 180, 239, 222, 51, 72, 26, 180,
       248, 104, 96, 201, 27, 179, 1, 114, 104, 90, 247, 45, 150, 94,
       127, 208, 72, 149, 170, 132, 173, 26, 186, 205, 105, 183, 199,
       174, 55, 169, 26, 142, 171, 105, 75, 233, 147, 74, 146, 122, 43,
       91, 243, 181, 148, 158, 127, 208, 90, 165, 162, 40, 84, 121, 101,
       116, 207, 127, 55, 101, 40, 126, 72, 187, 27, 144, 48, 126, 188,
       6, 8, 201, 184, 113, 12, 103, 255, 48, 0, 103, 154, 66, 171, 58,
       190, 42, 176, 117, 252, 120, 87, 185, 77, 92, 189, 47, 141, 18,
       16, 133, 187, 213, 21, 62, 139, 178, 167, 219, 245, 184, 235, 166,
       12, 158, 219, 16, 205, 46, 174, 150, 227, 151, 231, 148, 4, 222,
       131, 247, 236, 34, 64, 120, 251, 15, 225, 60, 171, 8, 63, 249,
       167, 174, 65, 181, 90, 181, 202, 163, 44, 224, 81, 237, 253, 248,
       198, 95, 246, 244, 159, 170, 156, 215, 41, 201, 234, 215, 29, 174,
       254, 246, 242, 31, 24, 212, 251, 199, 93, 94, 206, 56, 89, 91,
       109, 81, 79, 85, 246, 37, 96, 228, 8, 59, 31, 33, 176, 168, 153,
       147, 64, 73, 187, 48, 61, 119, 201, 32, 33, 115, 144, 102, 186,
       28, 185, 188, 224, 155, 255, 81, 195, 167, 245, 172, 24, 31, 63,
       66, 26, 129, 211, 217, 16, 30, 75, 115, 160, 219, 211, 21, 119,
       226, 65, 174, 82, 162, 130, 174, 189, 124, 166, 184, 71, 31, 105,
       210, 243, 60, 30, 180, 8, 238, 183, 55, 149, 176, 222, 65, 223,
       20, 126, 250, 194, 133, 12, 49, 217, 67, 48, 123, 240, 126, 141,
       185, 91, 187, 233, 176, 122, 156, 159, 148, 56, 174, 21, 95, 25,
       179, 111, 160, 221, 94, 31, 58, 234, 132, 136, 3, 169, 5, 149,
       184, 67, 244, 239, 163, 159, 86, 109, 95, 8, 209, 117, 218, 96,
       21, 14, 26, 60, 147, 176, 121, 30, 111, 13, 37, 116, 220, 202,
       213, 112, 102, 177, 148, 146, 205, 237, 208, 137, 207, 49, 161,
       24, 142, 248, 76, 14, 201, 27, 251, 17, 26, 107, 218, 209, 141,
       154, 85, 127, 208, 11, 214, 134, 162, 120, 152, 144, 253, 239,
       176, 207, 30, 183, 240, 27, 164, 216, 113, 9, 217, 91, 227, 17,
       38, 127, 219, 210, 29, 22, 159, 127, 213, 88, 31, 142, 195, 30,
       135, 149, 162, 62, 172, 23, 189, 251, 82, 245, 172, 38, 149, 239,
       167, 39, 125, 133, 181, 220, 149, 202, 132, 50, 122, 130, 140,
       244, 129, 93, 249, 88, 111, 236, 14, 6, 79, 252, 196, 130, 196,
       134, 115, 233, 49, 97, 126, 228, 58, 238, 233, 167, 52, 189, 243,
       235, 195, 24, 61, 187, 112, 56, 2, 153, 18, 155, 245, 197, 190,
       231, 158, 13, 88, 3, 172, 222, 36, 196, 239, 59, 179, 209, 86,
       154, 18, 255, 45, 22, 154, 203, 16, 12, 189, 143, 24, 217, 127,
       231, 38, 74, 111, 249, 100, 232, 247, 230, 115, 111, 184, 96, 126,
       213, 63, 239, 201, 176, 45, 173, 244, 239, 231, 128, 101, 187,
       240, 97, 185, 221, 107, 75, 116, 151, 239, 245, 69, 64, 252, 230,
       57, 15, 180, 33, 110, 170, 22, 236, 235, 186, 116, 255, 102, 201,
       166, 192, 127, 154, 240, 185, 1, 32, 207, 89, 100, 185, 232, 19,
       126, 81, 118, 214, 153, 8, 150, 237, 74, 12, 54, 29, 151, 252,
       103, 208, 6, 57, 114, 64, 207, 140, 121, 204, 9, 156, 159, 125,
       52, 190, 105, 55, 125, 73, 126, 100, 191, 50, 146, 116, 199, 38,
       126, 12, 151, 184, 113, 223, 206, 255, 50, 192, 202, 128, 201, 45,
       249, 79, 107, 229, 22, 18, 111, 244, 97, 224, 254, 230, 123, 11,
       149, 115, 126, 228, 93, 238, 233, 179, 101, 172, 242, 233, 167,
       128, 47, 179, 114, 40, 175, 244, 33, 142, 109, 93, 150, 236, 217,
       106, 145, 123, 110, 92, 63, 181, 156, 209, 223, 99, 229, 39, 124,
       255, 51, 81, 77, 191, 87, 63, 95, 223, 233, 121, 156, 69, 44, 30,
       69, 182, 224, 234, 182, 76, 155, 17, 209, 183, 4, 100, 124, 110,
       233, 236, 241, 40, 231, 219, 101, 20, 74, 184, 90, 57, 116, 108,
       156, 186, 137, 237, 84, 206, 155, 31, 168, 25, 46, 254, 107, 27,
       201, 251, 200, 16, 58, 103, 218, 179, 153, 214, 85, 59, 208, 121,
       134, 66, 234, 82, 96, 218, 105, 149, 158, 236, 157, 14, 148, 159,
       44, 206, 63, 221, 222, 145, 223, 231, 102, 7, 120, 255, 179, 84,
       154, 191, 23, 21, 47, 223, 90, 185, 182, 254, 11, 208, 16, 199,
       175, 21, 228, 35, 44, 223, 100, 214, 162, 179, 251, 208, 2, 75,
       146, 241, 211, 241, 94, 11, 147, 4, 175, 158, 51, 2, 238, 189, 86,
       131, 233, 27, 86, 229, 210, 215, 161, 12, 150, 73, 124, 140, 63,
       157, 140, 220, 119, 149, 76, 42, 250, 192, 189, 140, 112, 220, 68,
       188, 189, 243, 170, 236, 55, 151, 186, 251, 58, 112, 191, 55, 64,
       122, 167, 87, 124, 24, 19, 216, 187, 98, 237, 231, 118, 192, 168,
