%YAML:1.0
---
descriptors: !!opencv-matrix
   rows: 193
   cols: 32
   dt: u
   data: [ 184, 249, 89, 160, 243, 206, 93, 119, 49, 232, 184, 12, 31,
       23, 64, 112, 166, 191, 149, 208, 107, 154, 208, 158, 251, 201, 36,
       246, 58, 0, 166, 59, 166, 188, 144, 152, 253, 109, 178, 202, 30,
       183, 16, 27, 140, 252, 99, 138, 221, 91, 131, 17, 38, 118, 218,
       242, 29, 22, 31, 111, 213, 125, 29, 134, 90, 191, 58, 184, 31,
       244, 88, 71, 187, 93, 216, 31, 47, 156, 38, 0, 167, 187, 149, 21,
       190, 43, 178, 247, 155, 245, 26, 235, 211, 4, 167, 95, 163, 36,
       230, 81, 237, 253, 240, 71, 251, 255, 244, 29, 170, 156, 215, 63,
       139, 170, 215, 29, 174, 126, 246, 194, 30, 88, 84, 187, 199, 220,
       94, 206, 244, 48, 189, 116, 173, 105, 81, 11, 226, 191, 166, 56,
       151, 181, 73, 59, 129, 214, 108, 16, 56, 101, 227, 0, 219, 235,
       113, 127, 224, 121, 70, 35, 4, 4, 27, 251, 18, 227, 33, 19, 54, 1,
       67, 82, 213, 211, 40, 104, 115, 57, 10, 152, 51, 148, 17, 23, 205,
       166, 58, 64, 176, 1, 33, 160, 16, 133, 62, 171, 150, 226, 239,
       247, 148, 4, 218, 3, 87, 238, 58, 64, 120, 247, 31, 243, 120, 187,
       17, 46, 249, 167, 174, 64, 53, 90, 180, 202, 80, 121, 31, 246, 18,
       194, 53, 103, 188, 0, 110, 32, 52, 151, 32, 112, 162, 63, 89, 192,
       67, 137, 48, 109, 241, 165, 62, 3, 32, 16, 167, 59, 41, 169, 187,
       245, 164, 95, 109, 55, 85, 232, 118, 0, 179, 53, 144, 36, 24, 110,
       20, 8, 217, 248, 241, 137, 231, 249, 52, 0, 66, 232, 210, 232, 18,
       18, 127, 148, 118, 195, 184, 99, 189, 193, 210, 247, 236, 254,
       180, 0, 254, 177, 159, 161, 160, 221, 32, 222, 154, 30, 219, 194,
       5, 12, 37, 215, 40, 92, 123, 101, 100, 79, 127, 54, 105, 40, 126,
       72, 191, 27, 1, 16, 150, 188, 68, 40, 193, 184, 113, 13, 231, 253,
       32, 0, 66, 178, 70, 171, 245, 72, 111, 238, 14, 2, 79, 248, 196,
       130, 228, 134, 115, 225, 49, 99, 122, 224, 42, 238, 233, 39, 62,
       189, 243, 235, 195, 24, 61, 187, 112, 48, 170, 184, 250, 88, 39,
       253, 240, 87, 239, 93, 52, 53, 174, 156, 102, 121, 231, 187, 223,
       16, 150, 109, 50, 209, 195, 89, 18, 251, 210, 12, 207, 95, 5, 28,
       191, 89, 176, 239, 177, 151, 254, 95, 126, 16, 188, 151, 101, 109,
       135, 59, 31, 24, 179, 252, 51, 114, 205, 158, 18, 66, 208, 64,
       133, 235, 18, 233, 234, 163, 150, 195, 251, 214, 22, 69, 218, 131,
       53, 223, 58, 64, 127, 203, 23, 221, 178, 153, 29, 255, 253, 14,
       191, 196, 165, 138, 181, 218, 60, 37, 188, 124, 141, 111, 87, 219,
       86, 55, 173, 24, 115, 117, 75, 56, 89, 210, 115, 42, 26, 103, 123,
       19, 243, 207, 101, 61, 243, 249, 222, 226, 180, 203, 74, 142, 94,
       131, 207, 240, 133, 0, 241, 199, 115, 193, 49, 1, 126, 168, 7,
       238, 72, 167, 12, 61, 114, 8, 161, 152, 125, 186, 96, 144, 57, 75,
       67, 237, 86, 10, 111, 117, 101, 64, 254, 230, 115, 3, 176, 244,
       122, 236, 22, 238, 201, 178, 37, 205, 246, 237, 162, 128, 127,
       186, 240, 168, 2, 159, 18, 155, 247, 195, 178, 231, 30, 5, 88,
       163, 236, 252, 34, 196, 223, 123, 131, 17, 22, 184, 74, 255, 45,
       54, 30, 203, 148, 14, 189, 223, 82, 162, 230, 152, 74, 192, 184,
       105, 166, 149, 210, 163, 109, 206, 230, 95, 106, 189, 239, 145,
       22, 203, 199, 209, 28, 34, 251, 203, 165, 4, 37, 199, 90, 248,
       190, 254, 11, 252, 53, 198, 175, 23, 164, 8, 62, 255, 102, 255,
       163, 115, 251, 16, 2, 75, 178, 225, 211, 247, 94, 11, 194, 84,
       167, 122, 254, 205, 182, 158, 217, 117, 150, 236, 147, 158, 137,
       27, 100, 252, 111, 135, 217, 211, 203, 227, 126, 103, 90, 191, 59,
       7, 205, 63, 211, 127, 190, 198, 180, 229, 215, 191, 220, 43, 238,
       236, 254, 178, 234, 66, 197, 226, 29, 81, 123, 239, 106, 227, 98,
       243, 79, 127, 188, 166, 199, 20, 165, 122, 227, 136, 218, 30, 158,
       180, 42, 34, 56, 51, 164, 158, 134, 181, 141, 167, 35, 91, 167,
       181, 237, 132, 108, 205, 131, 72, 210, 227, 250, 145, 40, 228, 47,
       91, 32, 81, 123, 76, 84, 95, 211, 116, 196, 72, 254, 2, 115, 159,
       33, 32, 88, 184, 18, 104, 73, 178, 112, 29, 99, 173, 32, 0, 123,
       187, 100, 186, 163, 178, 108, 217, 101, 180, 248, 83, 143, 93, 84,
       183, 168, 158, 246, 111, 239, 155, 151, 149, 135, 92, 118, 209, 7,
       89, 218, 227, 159, 140, 121, 223, 143, 204, 228, 215, 166, 50,
       236, 183, 127, 243, 26, 214, 249, 42, 221, 239, 39, 71, 53, 159,
       181, 220, 29, 226, 46, 126, 254, 196, 175, 212, 153, 29, 130, 186,
       126, 216, 47, 253, 184, 23, 175, 95, 20, 183, 172, 158, 246, 79,
       167, 59, 191, 17, 150, 77, 166, 209, 143, 88, 90, 235, 150, 132,
       173, 95, 160, 216, 123, 91, 100, 195, 229, 117, 221, 8, 116, 34,
       176, 149, 180, 100, 104, 56, 18, 74, 193, 188, 32, 223, 109, 24,
       38, 72, 87, 154, 245, 233, 90, 248, 182, 250, 11, 208, 48, 199,
       175, 21, 228, 35, 44, 255, 100, 222, 163, 179, 251, 145, 6, 75,
       146, 241, 219, 243, 94, 43, 147, 20, 175, 158, 185, 207, 107, 205,
       118, 151, 239, 245, 85, 64, 252, 226, 49, 11, 180, 32, 126, 170,
       22, 238, 235, 186, 100, 255, 118, 233, 166, 192, 127, 154, 224,
       169, 66, 48, 248, 209, 106, 236, 184, 3, 175, 89, 114, 189, 188,
       158, 84, 88, 230, 19, 255, 145, 146, 93, 211, 209, 21, 56, 218,
       195, 132, 4, 135, 91, 2, 16, 119, 148, 126, 163, 184, 67, 188, 65,
       210, 243, 220, 30, 52, 73, 238, 149, 123, 145, 177, 239, 17, 204,
       21, 50, 218, 194, 141, 8, 49, 249, 186, 156, 122, 188, 131, 240,
       85, 103, 145, 87, 248, 183, 47, 190, 38, 81, 239, 187, 149, 129,
       126, 15, 18, 255, 243, 247, 218, 203, 119, 68, 174, 222, 185, 180,
       241, 108, 29, 127, 71, 43, 83, 226, 173, 24, 91, 53, 20, 181, 153,
       214, 192, 40, 41, 238, 121, 159, 123, 223, 85, 53, 211, 104, 198,
       42, 41, 85, 121, 101, 116, 15, 103, 55, 101, 40, 126, 72, 51, 17,
       144, 48, 58, 190, 6, 40, 201, 184, 81, 15, 103, 237, 48, 0, 107,
       194, 194, 169, 66, 16, 215, 189, 110, 142, 184, 3, 168, 41, 114,
       114, 188, 30, 48, 74, 230, 53, 127, 129, 128, 221, 129, 196, 20,
       50, 250, 194, 132, 0, 33, 155, 203, 90, 104, 213, 102, 114, 125,
       22, 56, 198, 86, 163, 185, 63, 151, 107, 38, 149, 183, 140, 160,
       220, 37, 234, 71, 107, 254, 129, 39, 244, 5, 249, 90, 156, 145,
       253, 45, 237, 25, 55, 175, 9, 154, 80, 190, 191, 0, 98, 196, 51,
       253, 129, 25, 9, 211, 131, 193, 245, 186, 154, 152, 72, 161, 59,
       178, 66, 106, 229, 102, 66, 88, 70, 21, 166, 246, 163, 11, 15, 55,
       89, 254, 189, 183, 225, 76, 183, 5, 206, 210, 235, 250, 131, 53,
       185, 124, 219, 166, 232, 156, 144, 221, 175, 176, 207, 30, 183,
       80, 27, 132, 248, 119, 14, 217, 91, 99, 17, 38, 126, 218, 210, 29,
       22, 95, 127, 213, 120, 31, 142, 248, 189, 19, 240, 241, 205, 93,
       119, 185, 194, 100, 24, 191, 151, 32, 113, 230, 187, 213, 128,
       123, 158, 48, 191, 251, 209, 62, 98, 42, 128, 135, 59, 35, 180,
       230, 85, 237, 253, 244, 71, 251, 255, 244, 27, 170, 252, 94, 187,
       233, 170, 247, 21, 182, 126, 246, 224, 23, 90, 212, 187, 199, 76,
       222, 206, 64, 249, 189, 243, 170, 224, 61, 182, 186, 255, 184, 32,
       189, 247, 64, 122, 39, 83, 253, 208, 19, 73, 251, 113, 237, 214,
       127, 248, 128, 80, 135, 123, 36, 177, 148, 154, 205, 237, 144,
       203, 143, 49, 161, 24, 206, 248, 72, 15, 201, 27, 234, 16, 18,
       107, 90, 213, 141, 18, 95, 127, 208, 8, 215, 134, 9, 156, 119, 87,
       181, 254, 105, 55, 119, 75, 110, 16, 251, 60, 148, 244, 49, 190,
       60, 24, 191, 188, 53, 239, 207, 255, 16, 64, 194, 132, 196, 124,
       210, 156, 58, 184, 155, 245, 153, 71, 155, 85, 140, 27, 44, 158,
       102, 64, 239, 187, 157, 145, 62, 11, 178, 247, 219, 85, 154, 251,
       149, 68, 173, 94, 53, 195, 98, 74, 94, 131, 199, 248, 69, 0, 253,
       207, 115, 201, 191, 4, 88, 200, 2, 238, 202, 35, 76, 189, 122, 12,
       129, 120, 127, 155, 114, 128, 82, 161, 18, 136, 91, 193, 48, 72,
