%YAML:1.0
---
descriptors: !!opencv-matrix
   rows: 168
   cols: 32
   dt: u
   data: [ 40, 116, 121, 101, 116, 95, 111, 55, 101, 40, 126, 72, 187,
       25, 144, 48, 62, 188, 6, 8, 201, 184, 113, 15, 103, 205, 48, 0,
       103, 154, 66, 169, 226, 182, 249, 244, 124, 9, 187, 123, 153, 234,
       176, 127, 188, 254, 212, 2, 239, 49, 87, 37, 176, 43, 130, 223,
       60, 94, 59, 190, 212, 168, 67, 217, 2, 138, 130, 155, 87, 145,
       168, 199, 30, 7, 80, 179, 164, 200, 182, 196, 217, 43, 130, 149,
       54, 188, 6, 255, 12, 22, 154, 235, 148, 12, 185, 140, 163, 188,
       232, 213, 87, 253, 216, 55, 89, 107, 214, 59, 58, 60, 22, 40, 205,
       191, 151, 133, 188, 254, 245, 207, 87, 127, 152, 243, 167, 12,
       116, 223, 122, 188, 171, 176, 53, 248, 89, 71, 187, 77, 92, 189,
       175, 141, 82, 16, 141, 191, 213, 21, 30, 79, 178, 167, 219, 245,
       184, 251, 166, 12, 151, 91, 61, 135, 231, 87, 214, 27, 239, 253,
       119, 234, 255, 230, 115, 104, 156, 101, 127, 238, 126, 175, 249,
       242, 109, 142, 60, 238, 229, 132, 239, 250, 240, 245, 227, 88,
       103, 156, 116, 198, 202, 144, 92, 72, 80, 199, 49, 12, 183, 113,
       204, 232, 23, 205, 175, 158, 116, 255, 20, 58, 186, 128, 29, 141,
       120, 93, 52, 221, 127, 231, 166, 11, 127, 248, 52, 170, 243, 162,
       115, 125, 177, 65, 254, 245, 63, 227, 248, 178, 9, 237, 246, 235,
       231, 128, 117, 187, 244, 177, 90, 248, 190, 254, 75, 208, 49, 198,
       175, 21, 228, 33, 44, 255, 35, 254, 162, 115, 251, 192, 2, 75,
       178, 225, 211, 243, 94, 11, 130, 20, 175, 122, 129, 216, 63, 89,
       244, 207, 249, 151, 126, 89, 118, 16, 189, 151, 180, 108, 183, 59,
       54, 24, 163, 252, 51, 115, 77, 219, 50, 64, 208, 0, 197, 105, 16,
       205, 58, 170, 150, 227, 255, 231, 148, 5, 218, 131, 117, 237, 50,
       64, 121, 251, 31, 177, 56, 187, 0, 63, 249, 167, 174, 65, 181, 90,
       180, 202, 24, 255, 58, 228, 151, 91, 214, 254, 196, 164, 186, 43,
       79, 173, 51, 0, 186, 247, 205, 227, 72, 171, 32, 46, 251, 199, 47,
       25, 101, 123, 165, 106, 86, 91, 22, 170, 139, 9, 23, 136, 143, 52,
       139, 143, 207, 207, 105, 74, 230, 209, 109, 67, 72, 33, 27, 176,
       145, 208, 79, 30, 16, 59, 37, 18, 124, 77, 105, 230, 212, 66, 79,
       248, 17, 232, 92, 10, 83, 119, 17, 116, 120, 220, 21, 234, 73,
       146, 120, 174, 127, 173, 165, 172, 54, 179, 118, 114, 82, 34, 102,
       137, 74, 193, 185, 73, 174, 53, 210, 163, 141, 142, 226, 78, 110,
       185, 239, 145, 6, 27, 199, 213, 148, 32, 186, 235, 53, 4, 37, 207,
       73, 7, 85, 101, 52, 10, 111, 55, 117, 168, 126, 64, 223, 35, 145,
       144, 18, 228, 76, 44, 105, 184, 69, 14, 230, 255, 32, 4, 106, 168,
       66, 40, 69, 223, 103, 77, 180, 58, 239, 183, 120, 74, 91, 230,
       215, 56, 149, 101, 54, 100, 124, 43, 165, 184, 173, 175, 172, 62,
       96, 196, 108, 235, 81, 109, 117, 7, 202, 37, 180, 42, 111, 59, 52,
       226, 90, 229, 211, 96, 145, 80, 23, 204, 125, 189, 249, 144, 69,
       14, 236, 46, 173, 132, 45, 240, 80, 8, 72, 49, 191, 101, 234, 110,
       53, 51, 168, 218, 110, 36, 252, 183, 0, 58, 166, 119, 121, 2, 65,
       217, 179, 65, 199, 175, 114, 2, 72, 240, 167, 251, 0, 223, 123,
       76, 118, 140, 167, 183, 204, 5, 94, 38, 162, 148, 182, 36, 6, 114,
       2, 73, 194, 169, 54, 173, 97, 56, 36, 74, 84, 152, 245, 253, 73,
       156, 115, 101, 181, 254, 111, 55, 125, 195, 110, 16, 251, 53, 144,
       244, 55, 62, 60, 40, 177, 184, 53, 46, 239, 255, 36, 64, 194, 194,
       197, 124, 9, 142, 95, 245, 52, 190, 232, 55, 124, 201, 126, 84,
       191, 32, 144, 228, 239, 46, 110, 12, 181, 184, 101, 143, 142, 255,
       50, 192, 202, 192, 73, 169, 45, 205, 105, 206, 214, 209, 238, 252,
       198, 192, 61, 194, 121, 237, 249, 160, 126, 234, 22, 239, 215, 34,
       62, 125, 106, 13, 167, 172, 125, 251, 248, 184, 163, 184, 233,
       209, 87, 253, 177, 87, 219, 89, 210, 127, 184, 28, 22, 40, 238,
       187, 215, 145, 190, 254, 244, 199, 87, 63, 154, 194, 197, 12, 214,
       223, 163, 164, 230, 81, 109, 253, 240, 71, 251, 223, 244, 27, 170,
       184, 86, 59, 235, 186, 247, 17, 174, 126, 246, 192, 95, 90, 86,
       43, 199, 220, 222, 206, 212, 207, 78, 175, 6, 2, 79, 184, 36, 134,
       214, 131, 119, 99, 41, 67, 114, 228, 125, 234, 104, 149, 9, 45,
       240, 227, 239, 132, 37, 179, 52, 42, 166, 232, 152, 176, 253, 239,
       176, 207, 30, 183, 240, 27, 164, 216, 113, 8, 217, 123, 227, 17,
       38, 127, 219, 210, 29, 22, 95, 127, 209, 88, 31, 138, 253, 74,
       239, 236, 14, 6, 79, 248, 212, 130, 196, 198, 115, 225, 49, 99,
       126, 228, 56, 238, 233, 167, 54, 168, 241, 235, 199, 24, 61, 187,
       112, 56, 194, 132, 149, 185, 236, 109, 184, 142, 191, 51, 0, 81,
       140, 191, 72, 75, 131, 27, 123, 17, 54, 108, 219, 211, 199, 178,
       90, 47, 148, 89, 5, 138, 1, 32, 237, 81, 100, 187, 232, 19, 127,
       113, 118, 86, 145, 8, 150, 236, 106, 12, 54, 28, 151, 252, 103,
       208, 6, 57, 114, 64, 207, 140, 121, 236, 65, 7, 85, 101, 52, 14,
       108, 55, 125, 169, 122, 68, 183, 33, 144, 84, 146, 38, 108, 44,
       249, 184, 65, 14, 166, 254, 48, 0, 74, 128, 195, 40, 67, 134, 223,
       204, 110, 40, 184, 123, 174, 147, 90, 82, 157, 186, 224, 99, 103,
       29, 63, 45, 161, 93, 134, 217, 28, 184, 123, 238, 156, 232, 33,
       169, 116, 33, 189, 101, 13, 111, 83, 10, 103, 230, 175, 8, 82,
       117, 77, 59, 184, 212, 121, 106, 9, 99, 251, 0, 209, 139, 65, 60,
       97, 121, 70, 98, 82, 161, 146, 136, 27, 193, 16, 72, 174, 145,
       128, 137, 164, 210, 96, 214, 232, 177, 234, 209, 10, 11, 130, 81,
       153, 48, 139, 123, 16, 2, 39, 14, 90, 249, 182, 254, 11, 208, 48,
       199, 175, 21, 224, 163, 44, 223, 100, 214, 226, 187, 251, 208, 2,
       75, 146, 241, 147, 241, 90, 59, 18, 4, 175, 138, 72, 249, 189,
       243, 170, 236, 61, 151, 170, 93, 26, 49, 189, 183, 64, 122, 167,
       83, 125, 144, 19, 73, 187, 97, 237, 215, 126, 255, 128, 80, 135,
       123, 56, 61, 113, 68, 157, 127, 199, 127, 81, 166, 172, 24, 122,
       61, 5, 180, 153, 214, 196, 40, 41, 239, 241, 142, 123, 223, 21,
       59, 227, 252, 70, 110, 29, 207, 231, 77, 254, 26, 239, 248, 127,
       161, 255, 226, 211, 104, 148, 100, 126, 204, 126, 238, 249, 242,
       237, 158, 60, 238, 231, 196, 103, 251, 240, 164, 237, 120, 213,
       69, 45, 94, 70, 146, 97, 250, 182, 76, 155, 17, 209, 191, 8, 68,
       124, 106, 233, 100, 241, 40, 103, 219, 101, 52, 74, 185, 74, 49,
       238, 94, 230, 127, 205, 54, 126, 158, 81, 206, 94, 167, 105, 109,
       159, 239, 95, 230, 181, 239, 236, 244, 255, 170, 103, 123, 229,
       133, 39, 247, 124, 255, 2, 157, 18, 155, 245, 213, 186, 231, 158,
       9, 88, 3, 172, 222, 36, 196, 253, 59, 147, 209, 118, 154, 18, 255,
       45, 54, 154, 203, 16, 12, 189, 143, 169, 221, 123, 203, 116, 143,
       239, 245, 85, 64, 124, 230, 57, 207, 180, 48, 126, 170, 22, 206,
       227, 186, 116, 255, 102, 217, 166, 192, 127, 154, 224, 249, 2,
       189, 18, 155, 247, 195, 178, 231, 30, 5, 88, 163, 172, 222, 32,
       196, 223, 123, 131, 17, 18, 184, 74, 255, 45, 20, 14, 203, 148,
       14, 165, 219, 9, 158, 63, 125, 52, 190, 105, 55, 125, 73, 126,
       100, 191, 50, 146, 116, 198, 39, 126, 12, 157, 184, 101, 239, 206,
       255, 50, 192, 202, 136, 73, 45, 53, 199, 204, 239, 172, 35, 78,
       216, 7, 178, 189, 206, 83, 97, 219, 74, 91, 196, 110, 254, 139,
       99, 79, 185, 250, 143, 229, 188, 189, 251, 88, 0, 252, 168, 180,
       254, 205, 237, 84, 237, 147, 63, 165, 25, 111, 249, 75, 27, 201,
       242, 237, 2, 62, 111, 218, 177, 211, 211, 85, 59, 242, 124, 198,
       2, 175, 92, 33, 138, 109, 93, 150, 232, 201, 74, 176, 111, 238,
       220, 63, 165, 220, 209, 222, 103, 237, 39, 124, 251, 55, 85, 139,
       191, 95, 63, 91, 215, 186, 86, 98, 218, 107, 149, 158, 236, 29,
       14, 180, 191, 44, 206, 47, 220, 254, 177, 159, 231, 238, 7, 120,
       255, 179, 86, 154, 187, 23, 31, 47, 255, 33, 223, 111, 77, 36,
