%YAML:1.0
---
descriptors: !!opencv-matrix
   rows: 371
   cols: 32
   dt: u
   data: [ 188, 25, 126, 238, 157, 198, 83, 112, 197, 132, 255, 3, 91,
       253, 51, 65, 88, 244, 143, 106, 56, 163, 120, 172, 243, 235, 225,
       89, 119, 171, 116, 98, 131, 147, 42, 171, 172, 141, 253, 245, 172,
       93, 28, 117, 156, 139, 250, 67, 230, 3, 95, 79, 215, 9, 18, 241,
       196, 89, 170, 234, 28, 140, 153, 209, 155, 225, 146, 161, 181,
       150, 235, 71, 87, 201, 86, 18, 156, 147, 242, 228, 248, 44, 54,
       29, 19, 153, 33, 198, 175, 253, 158, 194, 134, 140, 185, 229, 18,
       34, 102, 137, 74, 193, 185, 67, 174, 53, 210, 163, 173, 142, 226,
       78, 110, 157, 239, 129, 6, 155, 199, 209, 148, 32, 186, 131, 53,
       132, 37, 223, 179, 207, 111, 172, 62, 131, 207, 125, 196, 64, 220,
       231, 115, 201, 178, 97, 126, 224, 63, 239, 232, 171, 38, 189, 242,
       43, 170, 152, 53, 186, 240, 105, 40, 245, 121, 101, 116, 159, 103,
       119, 101, 41, 126, 72, 51, 25, 144, 48, 122, 190, 6, 136, 200,
       186, 113, 15, 119, 237, 36, 0, 103, 138, 194, 171, 129, 154, 59,
       251, 52, 172, 57, 151, 254, 89, 80, 117, 188, 223, 32, 104, 231,
       59, 23, 29, 179, 156, 18, 119, 197, 190, 58, 64, 152, 0, 161, 187,
       146, 122, 215, 182, 114, 130, 186, 116, 184, 136, 210, 231, 125,
       239, 161, 3, 46, 245, 167, 197, 225, 255, 4, 238, 208, 166, 122,
       128, 45, 177, 37, 153, 173, 104, 248, 87, 109, 125, 237, 210, 123,
       242, 244, 24, 187, 185, 213, 59, 235, 236, 118, 75, 204, 118, 246,
       224, 87, 89, 81, 32, 71, 249, 82, 142, 245, 157, 111, 198, 68, 86,
       111, 112, 225, 200, 247, 18, 81, 247, 190, 115, 120, 212, 60, 234,
       249, 183, 188, 204, 115, 171, 227, 196, 37, 163, 244, 96, 7, 41,
       177, 75, 237, 253, 165, 72, 207, 92, 93, 10, 168, 200, 255, 175,
       200, 10, 130, 91, 215, 114, 238, 240, 5, 24, 74, 42, 87, 95, 87,
       236, 122, 95, 118, 236, 31, 86, 90, 4, 161, 140, 170, 7, 106, 94,
       55, 214, 204, 245, 221, 227, 204, 131, 209, 238, 179, 252, 136,
       147, 47, 55, 126, 95, 90, 193, 150, 183, 173, 94, 92, 37, 173,
       165, 147, 19, 207, 62, 54, 198, 226, 245, 253, 193, 92, 249, 145,
       202, 183, 246, 207, 19, 38, 62, 189, 70, 135, 24, 191, 218, 35,
       229, 185, 80, 254, 91, 85, 84, 188, 215, 101, 104, 229, 59, 51,
       24, 131, 197, 58, 241, 65, 26, 122, 202, 152, 1, 33, 179, 253, 74,
       78, 254, 46, 128, 78, 248, 212, 10, 212, 230, 115, 233, 177, 65,
       126, 232, 46, 239, 234, 39, 14, 191, 242, 235, 227, 152, 61, 187,
       112, 25, 202, 192, 189, 255, 109, 92, 253, 175, 159, 119, 22, 26,
       236, 127, 94, 107, 203, 19, 255, 1, 98, 100, 243, 241, 199, 251,
       218, 59, 22, 88, 149, 106, 142, 60, 190, 254, 237, 244, 185, 3,
       191, 159, 86, 17, 172, 255, 103, 203, 199, 123, 251, 17, 54, 77,
       178, 226, 207, 251, 218, 203, 130, 69, 37, 235, 180, 71, 109, 69,
       236, 74, 239, 248, 64, 236, 253, 142, 83, 101, 157, 35, 120, 196,
       22, 110, 201, 114, 237, 8, 119, 137, 101, 164, 117, 251, 116, 240,
       171, 184, 244, 80, 233, 93, 252, 223, 235, 123, 52, 125, 40, 188,
       222, 190, 141, 83, 247, 5, 183, 111, 246, 243, 31, 95, 92, 254,
       203, 148, 203, 221, 129, 154, 95, 251, 36, 168, 105, 23, 124, 25,
       114, 244, 181, 131, 176, 105, 70, 42, 63, 28, 147, 156, 71, 113,
       196, 168, 250, 192, 156, 136, 209, 169, 10, 63, 34, 138, 105, 181,
       186, 206, 143, 12, 156, 165, 172, 206, 103, 196, 206, 59, 203,
       199, 134, 11, 210, 241, 54, 80, 138, 187, 18, 87, 47, 223, 2, 149,
       58, 139, 116, 215, 186, 109, 31, 77, 88, 3, 164, 222, 46, 192,
       254, 59, 147, 145, 86, 152, 96, 255, 45, 52, 138, 195, 20, 10,
       181, 223, 200, 128, 30, 187, 185, 236, 113, 7, 191, 23, 102, 17,
       190, 151, 42, 91, 131, 51, 239, 16, 50, 205, 19, 87, 199, 247, 90,
       67, 130, 0, 141, 82, 14, 90, 186, 184, 38, 165, 184, 82, 158, 158,
       84, 87, 156, 223, 99, 73, 167, 57, 183, 149, 134, 101, 18, 208,
       195, 209, 122, 202, 152, 9, 45, 83, 0, 74, 58, 187, 34, 137, 121,
       18, 188, 29, 86, 229, 189, 143, 163, 73, 166, 57, 47, 149, 134,
       220, 34, 241, 198, 243, 122, 201, 148, 137, 37, 73, 31, 154, 6,
       151, 23, 223, 162, 240, 22, 125, 86, 199, 121, 108, 186, 229, 113,
       206, 183, 205, 247, 216, 61, 181, 126, 103, 255, 196, 63, 44, 25,
       84, 166, 121, 114, 74, 85, 213, 242, 80, 87, 132, 125, 11, 40,
       221, 247, 132, 88, 184, 134, 98, 206, 54, 120, 250, 55, 92, 129,
       43, 119, 191, 126, 214, 177, 223, 107, 73, 116, 159, 239, 245, 77,
       72, 252, 230, 51, 9, 180, 165, 126, 168, 22, 236, 235, 184, 100,
       253, 38, 201, 166, 192, 127, 154, 240, 189, 72, 153, 158, 254,
       169, 252, 48, 39, 191, 31, 102, 17, 172, 255, 34, 219, 165, 55,
       233, 0, 22, 73, 146, 225, 211, 243, 90, 75, 2, 68, 173, 75, 73, 3,
       24, 131, 77, 189, 232, 85, 108, 121, 127, 94, 157, 8, 94, 232,
       232, 139, 106, 29, 151, 50, 215, 209, 23, 89, 154, 104, 223, 15,
       217, 132, 131, 189, 183, 149, 205, 255, 180, 71, 207, 246, 202,
       27, 140, 188, 86, 239, 233, 47, 251, 17, 245, 239, 243, 210, 29,
       58, 223, 63, 150, 76, 253, 222, 11, 131, 26, 155, 229, 157, 184,
       21, 206, 89, 87, 86, 188, 136, 118, 232, 230, 11, 50, 29, 215,
       184, 214, 241, 6, 121, 154, 98, 30, 140, 153, 133, 10, 131, 32,
       137, 213, 147, 190, 231, 15, 101, 88, 135, 172, 140, 54, 132, 220,
       11, 147, 245, 214, 152, 68, 221, 46, 20, 142, 227, 23, 14, 189,
       222, 129, 94, 125, 79, 36, 47, 239, 184, 124, 106, 118, 100, 243,
       3, 149, 127, 62, 68, 126, 110, 225, 244, 109, 63, 69, 186, 98,
       144, 88, 241, 65, 121, 86, 239, 206, 191, 216, 2, 47, 238, 54,
       182, 202, 199, 225, 226, 89, 195, 121, 239, 106, 254, 107, 219,
       223, 127, 188, 38, 239, 196, 189, 112, 171, 152, 89, 244, 251,
       100, 114, 76, 87, 117, 33, 200, 108, 44, 63, 151, 0, 50, 182, 253,
       84, 96, 73, 218, 176, 9, 243, 233, 32, 34, 104, 50, 163, 251, 6,
       49, 189, 168, 235, 229, 185, 207, 139, 121, 5, 19, 28, 159, 109,
       31, 167, 27, 19, 17, 18, 65, 138, 209, 93, 16, 94, 239, 146, 84,
       167, 243, 15, 112, 151, 193, 105, 236, 225, 66, 175, 25, 57, 48,
       156, 147, 236, 174, 203, 17, 95, 154, 19, 32, 242, 208, 7, 216,
       138, 238, 218, 83, 195, 163, 60, 134, 205, 170, 188, 35, 74, 216,
       23, 123, 153, 207, 115, 97, 187, 201, 127, 194, 63, 238, 170, 67,
       79, 191, 248, 199, 233, 188, 191, 255, 120, 65, 152, 152, 187,
       248, 147, 229, 57, 215, 190, 95, 66, 23, 60, 215, 32, 104, 231,
       59, 27, 145, 179, 13, 50, 119, 217, 135, 58, 74, 152, 0, 165, 123,
       59, 49, 115, 77, 87, 219, 226, 121, 117, 96, 126, 230, 43, 24,
       182, 164, 122, 172, 150, 237, 133, 186, 53, 221, 54, 124, 1, 2,
       111, 142, 106, 140, 90, 216, 182, 254, 139, 208, 52, 199, 175, 21,
       196, 51, 172, 255, 96, 218, 227, 115, 251, 129, 82, 75, 146, 241,
       211, 243, 94, 75, 146, 84, 175, 26, 190, 230, 238, 247, 228, 107,
       254, 239, 23, 247, 119, 147, 67, 109, 126, 11, 249, 223, 167, 151,
       124, 246, 73, 162, 111, 207, 255, 69, 229, 253, 244, 210, 170,
       249, 112, 203, 117, 213, 178, 204, 95, 77, 124, 3, 40, 220, 62,
       164, 216, 57, 147, 81, 198, 58, 112, 255, 39, 29, 138, 107, 87,
       30, 253, 223, 146, 142, 174, 187, 50, 178, 184, 103, 158, 7, 218,
       183, 173, 143, 50, 64, 239, 43, 143, 133, 182, 141, 4, 255, 226,
       103, 186, 195, 20, 12, 181, 219, 9, 158, 223, 85, 52, 190, 232,
       55, 124, 75, 118, 84, 191, 34, 144, 244, 71, 46, 78, 12, 179, 188,
       117, 79, 142, 255, 50, 192, 202, 128, 203, 189, 190, 140, 199,
       179, 151, 99, 95, 239, 21, 55, 251, 179, 95, 63, 41, 73, 253, 211,
       151, 178, 58, 246, 105, 190, 249, 214, 222, 69, 179, 221, 164,
       114, 120, 48, 52, 248, 45, 205, 80, 88, 235, 57, 177, 9, 206, 217,
       94, 31, 152, 149, 253, 112, 142, 103, 218, 149, 147, 217, 65, 127,
