%YAML:1.0
---
descriptors: !!opencv-matrix
   rows: 43
   cols: 32
   dt: u
   data: [ 51, 65, 50, 224, 117, 95, 218, 64, 109, 12, 249, 11, 14, 152,
       60, 208, 248, 133, 31, 101, 205, 179, 48, 204, 179, 252, 138, 147,
       64, 10, 114, 87, 19, 5, 99, 141, 50, 242, 107, 51, 44, 64, 90,
       230, 113, 102, 176, 100, 118, 175, 29, 237, 153, 152, 37, 223,
       176, 44, 170, 192, 61, 230, 33, 125, 114, 0, 83, 129, 100, 200,
       233, 66, 45, 5, 176, 2, 142, 11, 100, 88, 106, 145, 95, 145, 10,
       63, 96, 192, 149, 152, 154, 251, 69, 8, 119, 170, 51, 1, 82, 129,
       102, 140, 232, 81, 45, 0, 178, 70, 190, 10, 52, 84, 106, 129, 95,
       141, 73, 43, 80, 197, 148, 152, 138, 216, 125, 8, 115, 152, 50, 3,
       82, 128, 70, 9, 232, 64, 45, 0, 178, 98, 143, 10, 165, 80, 106,
       129, 95, 225, 8, 179, 68, 192, 148, 216, 170, 144, 101, 10, 115,
       128, 26, 50, 82, 128, 109, 95, 248, 64, 45, 172, 246, 43, 142,
       158, 34, 196, 254, 149, 239, 161, 12, 163, 81, 196, 151, 209, 139,
       63, 71, 12, 45, 215, 1, 18, 219, 233, 110, 136, 233, 83, 239, 81,
       246, 230, 157, 131, 208, 105, 110, 169, 94, 156, 131, 216, 231,
       209, 214, 249, 250, 192, 60, 136, 97, 169, 73, 0, 249, 241, 100,
       168, 233, 83, 237, 19, 178, 114, 189, 11, 208, 107, 111, 131, 94,
       153, 155, 47, 228, 192, 212, 217, 186, 232, 189, 200, 225, 160,
       139, 154, 249, 241, 108, 184, 233, 87, 239, 83, 52, 246, 189, 139,
       240, 107, 111, 163, 95, 157, 179, 108, 230, 227, 222, 217, 122,
       232, 151, 136, 209, 233, 137, 94, 127, 101, 100, 14, 105, 54, 124,
       202, 118, 100, 183, 17, 145, 113, 6, 36, 86, 76, 225, 188, 97, 46,
       231, 187, 112, 128, 72, 176, 66, 185, 120, 177, 176, 234, 155,
       221, 82, 201, 171, 69, 173, 9, 63, 223, 74, 144, 132, 147, 221,
       80, 30, 43, 250, 145, 219, 213, 0, 123, 242, 6, 174, 83, 173, 22,
       107, 237, 108, 43, 239, 113, 109, 234, 255, 238, 155, 15, 149,
       113, 126, 173, 94, 174, 233, 183, 101, 206, 246, 253, 162, 128,
       111, 251, 114, 241, 74, 184, 190, 154, 187, 253, 176, 207, 175,
       29, 164, 57, 172, 222, 102, 26, 163, 59, 235, 17, 22, 75, 186,
       241, 223, 209, 30, 123, 146, 5, 175, 223, 62, 168, 58, 250, 109,
       209, 152, 200, 143, 29, 180, 43, 46, 223, 111, 158, 239, 179, 207,
       145, 14, 107, 234, 241, 155, 209, 159, 127, 211, 12, 47, 207, 34,
       97, 82, 137, 109, 91, 248, 72, 45, 32, 242, 11, 140, 158, 6, 84,
       234, 157, 255, 193, 12, 179, 211, 208, 151, 56, 138, 59, 87, 12,
       126, 134, 114, 32, 82, 136, 109, 95, 248, 72, 173, 44, 240, 11,
       142, 158, 52, 212, 234, 133, 255, 161, 12, 35, 209, 208, 151, 248,
       138, 59, 87, 14, 127, 214, 90, 179, 212, 177, 171, 169, 116, 159,
       43, 57, 58, 109, 143, 58, 204, 158, 167, 151, 236, 16, 23, 72,
       195, 209, 190, 210, 119, 246, 234, 68, 143, 31, 75, 89, 239, 215,
       102, 208, 191, 52, 232, 206, 94, 166, 121, 47, 151, 122, 102, 119,
       183, 207, 197, 216, 166, 232, 102, 111, 254, 128, 167, 246, 55,
       249, 215, 22, 239, 133, 162, 34, 169, 26, 61, 219, 219, 247, 221,
       38, 191, 111, 119, 197, 63, 189, 181, 213, 165, 194, 148, 54, 250,
       132, 140, 229, 33, 117, 77, 249, 237, 3, 122, 92, 43, 152, 138,
       125, 6, 228, 252, 214, 218, 34, 7, 82, 120, 92, 131, 72, 255, 113,
       76, 9, 63, 236, 142, 134, 3, 253, 0, 205, 16, 159, 20, 131, 46,
       230, 30, 0, 88, 2, 228, 226, 33, 64, 216, 123, 19, 194, 98, 152,
       75, 255, 44, 54, 138, 2, 20, 27, 49, 136, 6, 77, 34, 159, 85, 131,
       162, 224, 94, 0, 89, 2, 228, 200, 49, 64, 216, 59, 19, 67, 226,
       186, 78, 191, 36, 22, 11, 42, 85, 15, 113, 138, 84, 69, 82, 131,
       246, 11, 238, 232, 109, 0, 187, 10, 206, 74, 56, 64, 122, 193, 78,
       227, 64, 51, 73, 238, 180, 148, 138, 124, 85, 59, 241, 128, 129,
       2, 83, 129, 118, 9, 233, 82, 237, 65, 243, 90, 159, 10, 176, 98,
       106, 129, 94, 141, 129, 63, 100, 196, 148, 24, 186, 232, 117, 136,
       97, 168, 25, 159, 111, 252, 182, 134, 237, 119, 181, 72, 222, 102,
       57, 175, 176, 96, 108, 162, 30, 140, 249, 187, 32, 255, 242, 239,
       186, 192, 61, 136, 240, 121, 129, 2, 91, 227, 108, 137, 233, 81,
       236, 25, 179, 94, 157, 139, 240, 98, 106, 161, 94, 157, 131, 59,
       102, 192, 212, 152, 186, 232, 28, 138, 97, 160, 139, 202, 251,
       243, 236, 185, 237, 214, 239, 83, 116, 246, 189, 139, 244, 107,
       111, 235, 95, 159, 179, 92, 110, 243, 222, 219, 126, 232, 159,
       217, 241, 249, 34, 172, 128, 157, 93, 195, 186, 235, 30, 55, 216,
       19, 236, 236, 50, 192, 217, 107, 179, 165, 54, 123, 75, 223, 61,
       22, 159, 111, 21, 44, 61, 206, 171, 32, 242, 91, 101, 253, 248,
       82, 255, 17, 117, 24, 170, 201, 116, 189, 239, 168, 226, 24, 150,
       252, 242, 209, 7, 216, 16, 107, 195, 140, 74, 134, 120, 181, 120,
       106, 113, 221, 83, 216, 35, 77, 253, 12, 31, 215, 74, 48, 148,
       155, 213, 88, 26, 58, 248, 23, 251, 205, 32, 125, 114, 131, 78,
       115, 254, 113, 96, 106, 109, 125, 218, 88, 65, 125, 189, 63, 11,
       29, 94, 191, 238, 144, 213, 247, 142, 39, 253, 192, 83, 217, 128,
       191, 119, 159, 254, 87, 129, 20, 123, 229, 116, 142, 121, 51, 124,
       77, 118, 112, 191, 55, 128, 113, 6, 60, 23, 8, 177, 188, 49, 78,
       199, 191, 50, 128, 8, 128, 97, 249, 83, 243, 213, 161, 162, 201,
       125, 189, 47, 125, 50, 237, 143, 38, 206, 86, 166, 213, 108, 213,
       147, 24, 227, 241, 172, 212, 126, 230, 204, 18, 135, 125, 129,
       169, 105, 211, 236, 137, 237, 215, 238, 81, 250, 222, 157, 138,
       208, 98, 106, 131, 94, 221, 211, 59, 238, 224, 252, 152, 190, 232,
       157, 138, 225, 168, 43, 104, 246, 120, 77, 157, 248, 64, 239, 85,
       244, 10, 170, 217, 118, 186, 200, 169, 243, 89, 134, 34, 242, 241,
       23, 216, 146, 107, 83, 13, 94, 198, 37, 247, 121, 107, 116, 207,
       107, 216, 112, 109, 125, 108, 19, 85, 152, 48, 30, 152, 22, 126,
       163, 178, 120, 31, 111, 141, 33, 228, 249, 139, 70, 241, 190, 49,
       122, 232, 45, 209, 219, 72, 139, 188, 189, 43, 110, 223, 111, 16,
       222, 177, 199, 243, 78, 39, 106, 209, 211, 209, 139, 63, 83, 15,
       110, 215, 62, 119, 98, 104, 189, 119, 95, 220, 1, 174, 188, 171,
       11, 29, 55, 149, 220, 212, 213, 226, 236, 35, 96, 142, 243, 221,
       128, 191, 119, 255, 126, 87, 187, 205, 107, 250, 126, 209, 223,
       247, 213, 76, 220, 167, 57, 204, 182, 97, 110, 171, 151, 205, 239,
       171, 38, 255, 242, 77, 190, 201, 55, 156, 244, 221, 34, 168, 20,
       152, 93, 197, 152, 74, 143, 181, 160, 11, 172, 220, 118, 12, 201,
       185, 251, 145, 14, 107, 90, 241, 157, 16, 155, 123, 17, 12, 124,
       206, 222, 249, 57, 250, 59, 205, 19, 200, 171, 93, 165, 41, 174,
       223, 110, 18, 163, 243, 221, 83, 74, 15, 250, 241, 219, 209, 15,
       127, 16, 7, 39, 123, 98, 225, 48, 186, 61, 221, 80, 78, 143, 189,
       176, 9, 174, 220, 86, 144, 201, 187, 223, 81, 10, 43, 218, 177,
       155, 216, 153, 123, 82, 14, 86, 14, 40, 177, 32, 106, 93, 93, 80,
       188, 75, 109, 165, 8, 171, 93, 30, 176, 216, 146, 213, 72, 206,
       34, 122, 181, 195, 217, 16, 123, 82, 14, 94, 206 ]
