%YAML:1.0
---
descriptors: !!opencv-matrix
   rows: 53
   cols: 32
   dt: u
   data: [ 114, 113, 35, 136, 95, 75, 178, 72, 143, 100, 217, 139, 76,
       204, 55, 132, 248, 189, 251, 227, 76, 35, 214, 220, 145, 16, 139,
       63, 23, 14, 63, 214, 82, 113, 18, 172, 91, 7, 26, 104, 173, 12,
       241, 11, 14, 158, 39, 80, 252, 157, 223, 227, 76, 131, 144, 220,
       177, 240, 10, 191, 17, 39, 47, 211, 82, 33, 2, 137, 77, 75, 176,
       65, 45, 36, 242, 11, 136, 138, 36, 196, 232, 140, 207, 161, 4,
       187, 193, 196, 149, 48, 138, 59, 81, 12, 39, 142, 99, 33, 119,
       133, 103, 30, 248, 72, 107, 160, 242, 42, 158, 154, 84, 124, 254,
       189, 63, 161, 0, 242, 195, 213, 221, 184, 203, 6, 37, 8, 103, 172,
       113, 0, 199, 133, 116, 27, 248, 73, 47, 177, 242, 107, 190, 154,
       224, 120, 122, 173, 106, 160, 4, 243, 67, 221, 220, 210, 219, 6,
       5, 40, 97, 136, 96, 2, 247, 181, 124, 139, 232, 75, 255, 177, 240,
       195, 189, 143, 240, 75, 122, 173, 110, 136, 130, 125, 198, 221,
       222, 218, 251, 44, 21, 168, 101, 168, 99, 50, 222, 173, 110, 11,
       248, 91, 47, 249, 240, 230, 157, 138, 180, 74, 238, 165, 127, 157,
       131, 75, 199, 221, 222, 184, 122, 236, 5, 136, 99, 137, 120, 233,
       153, 254, 157, 205, 85, 239, 131, 180, 172, 9, 51, 247, 64, 18,
       137, 254, 233, 64, 74, 107, 250, 27, 251, 221, 21, 61, 80, 90,
       198, 106, 93, 127, 157, 229, 176, 46, 71, 186, 113, 234, 170, 72,
       215, 119, 65, 115, 148, 196, 124, 110, 233, 208, 209, 40, 225,
       255, 101, 20, 168, 241, 66, 49, 120, 141, 58, 252, 157, 220, 93,
       111, 117, 5, 236, 0, 63, 63, 50, 112, 232, 186, 130, 8, 90, 171,
       50, 191, 251, 253, 18, 73, 82, 128, 236, 74, 244, 17, 29, 230,
       237, 76, 87, 40, 169, 232, 167, 8, 86, 85, 73, 59, 136, 212, 108,
       106, 73, 99, 249, 8, 217, 217, 65, 62, 64, 43, 70, 114, 1, 93, 53,
       69, 244, 15, 231, 182, 124, 232, 122, 68, 150, 53, 145, 112, 180,
       84, 30, 104, 193, 184, 113, 78, 37, 174, 37, 4, 72, 248, 65, 57,
       17, 159, 94, 236, 180, 134, 236, 119, 244, 8, 218, 230, 49, 171,
       176, 64, 108, 162, 30, 141, 248, 185, 0, 239, 242, 239, 182, 128,
       61, 136, 248, 25, 35, 219, 83, 202, 126, 209, 174, 244, 31, 72,
       92, 230, 44, 220, 180, 228, 126, 187, 151, 201, 195, 186, 46, 255,
       62, 92, 170, 170, 30, 142, 177, 253, 13, 48, 177, 101, 228, 110,
       233, 16, 120, 234, 127, 68, 222, 61, 221, 58, 149, 76, 118, 31,
       145, 240, 241, 64, 69, 62, 115, 132, 200, 235, 83, 241, 63, 54,
       97, 73, 246, 55, 175, 219, 86, 110, 93, 239, 89, 77, 159, 172, 63,
       136, 151, 191, 147, 178, 45, 156, 118, 77, 169, 228, 255, 255,
       222, 245, 169, 91, 125, 101, 116, 142, 105, 55, 124, 200, 118, 68,
       183, 7, 145, 49, 6, 44, 86, 12, 233, 184, 97, 14, 231, 185, 48,
       128, 72, 144, 66, 185, 94, 121, 248, 116, 107, 253, 16, 192, 171,
       184, 52, 40, 62, 159, 71, 62, 162, 121, 253, 82, 2, 97, 186, 240,
       211, 217, 65, 63, 226, 55, 15, 99, 57, 24, 115, 69, 84, 255, 226,
       114, 109, 72, 122, 74, 51, 24, 181, 244, 40, 168, 22, 72, 129,
       184, 53, 61, 23, 236, 32, 0, 107, 139, 80, 172, 239, 99, 96, 70,
       109, 91, 206, 200, 201, 228, 181, 143, 75, 72, 223, 151, 218, 196,
       199, 111, 204, 39, 236, 232, 118, 89, 197, 61, 103, 191, 94, 196,
       166, 96, 50, 156, 77, 215, 178, 104, 223, 134, 113, 27, 236, 216,
       63, 140, 216, 41, 131, 99, 102, 246, 90, 223, 23, 22, 11, 11, 87,
       45, 61, 134, 134, 72, 130, 158, 93, 215, 186, 72, 158, 6, 81, 19,
       236, 206, 47, 72, 217, 57, 179, 195, 102, 150, 90, 255, 5, 54,
       155, 11, 20, 45, 61, 198, 16, 32, 71, 133, 76, 11, 232, 73, 47,
       161, 226, 202, 134, 139, 64, 72, 106, 141, 106, 144, 0, 179, 199,
       208, 148, 176, 154, 4, 5, 136, 97, 128, 130, 136, 91, 145, 238,
       168, 236, 199, 238, 19, 226, 82, 164, 130, 96, 74, 107, 171, 74,
       144, 18, 28, 199, 113, 148, 16, 26, 72, 148, 200, 225, 136, 215,
       109, 126, 207, 250, 31, 254, 248, 189, 234, 255, 2, 220, 250, 191,
       113, 254, 237, 127, 238, 228, 151, 189, 238, 247, 127, 143, 132,
       7, 247, 35, 215, 198, 172, 151, 155, 236, 169, 236, 231, 191, 19,
       240, 83, 180, 250, 124, 75, 235, 235, 123, 145, 50, 79, 202, 243,
       156, 26, 222, 104, 148, 88, 227, 138, 2, 32, 87, 233, 108, 137,
       232, 67, 175, 49, 242, 66, 149, 139, 80, 74, 234, 173, 106, 152,
       2, 26, 195, 208, 148, 184, 154, 72, 20, 136, 99, 136, 202, 186,
       59, 216, 109, 213, 152, 87, 139, 93, 180, 127, 44, 158, 118, 47,
       134, 51, 223, 145, 135, 15, 178, 209, 83, 89, 250, 251, 158, 12,
       39, 223, 96, 164, 185, 114, 217, 109, 83, 171, 82, 183, 173, 24,
       242, 117, 72, 50, 145, 94, 104, 56, 58, 106, 251, 23, 207, 159,
       21, 125, 208, 72, 198, 34, 89, 125, 145, 100, 177, 78, 71, 182,
       249, 232, 170, 72, 183, 55, 1, 114, 132, 244, 124, 104, 105, 216,
       241, 42, 249, 255, 101, 16, 8, 112, 3, 41, 8, 93, 59, 117, 48,
       206, 53, 55, 164, 200, 110, 0, 191, 183, 33, 112, 32, 62, 19, 8,
       65, 152, 48, 44, 231, 237, 54, 0, 106, 208, 7, 187, 59, 223, 102,
       254, 238, 147, 94, 247, 143, 254, 94, 231, 105, 237, 182, 67, 111,
       227, 191, 197, 252, 107, 46, 253, 122, 91, 231, 128, 63, 252, 248,
       217, 175, 118, 115, 226, 118, 95, 123, 120, 17, 200, 117, 254,
       123, 93, 191, 53, 62, 153, 23, 111, 237, 182, 60, 142, 54, 217,
       33, 160, 127, 191, 86, 245, 45, 124, 248, 101, 52, 127, 75, 26,
       83, 238, 190, 12, 211, 53, 211, 56, 29, 220, 127, 58, 169, 244,
       249, 10, 199, 223, 37, 180, 239, 251, 86, 113, 39, 39, 233, 65,
       244, 59, 237, 19, 105, 236, 126, 236, 155, 45, 214, 52, 62, 142,
       21, 61, 213, 184, 37, 200, 110, 93, 37, 164, 207, 228, 194, 245,
       62, 32, 176, 224, 253, 127, 80, 216, 75, 185, 188, 8, 139, 25, 93,
       152, 217, 153, 215, 49, 138, 99, 80, 144, 219, 221, 133, 127, 210,
       45, 94, 130, 86, 114, 118, 196, 111, 88, 188, 104, 169, 244, 149,
       175, 12, 30, 95, 47, 174, 213, 247, 227, 196, 99, 190, 192, 23,
       88, 203, 191, 103, 183, 47, 215, 1, 34, 23, 185, 100, 136, 168, 7,
       110, 17, 98, 80, 181, 131, 144, 73, 106, 41, 42, 153, 3, 156, 199,
       81, 4, 176, 122, 64, 156, 128, 1, 168, 88, 93, 59, 244, 50, 194,
       87, 102, 173, 132, 174, 161, 63, 151, 33, 80, 162, 243, 205, 192,
       72, 139, 32, 111, 241, 229, 62, 147, 32, 16, 39, 107, 249, 223,
       237, 254, 174, 129, 79, 246, 215, 250, 180, 238, 51, 173, 240, 35,
       111, 226, 127, 206, 235, 111, 174, 187, 250, 203, 229, 184, 63,
       248, 240, 121, 73, 121, 187, 69, 228, 126, 237, 23, 105, 200, 126,
       100, 191, 53, 209, 62, 134, 44, 118, 12, 129, 176, 241, 72, 199,
       253, 34, 128, 206, 248, 83, 249, 137, 243, 97, 65, 244, 159, 237,
       53, 105, 233, 118, 237, 159, 13, 148, 180, 182, 44, 23, 61, 209,
       184, 37, 204, 110, 93, 38, 192, 78, 134, 219, 249, 73, 17, 179,
       197, 240, 108, 125, 23, 105, 201, 127, 100, 188, 63, 196, 116,
       166, 63, 30, 12, 145, 152, 176, 200, 103, 253, 58, 130, 138, 194,
       227, 121, 45, 245, 121, 107, 116, 207, 123, 216, 114, 105, 125,
       108, 19, 87, 154, 48, 30, 152, 23, 124, 171, 178, 56, 31, 111,
       141, 33, 228, 249, 131, 66, 241, 109, 57, 249, 101, 240, 14, 127,
       25, 97, 232, 126, 76, 151, 87, 129, 48, 148, 220, 84, 122, 153,
       176, 241, 10, 231, 253, 33, 4, 234, 163, 194, 179, 129, 156, 155,
       249, 48, 174, 40, 23, 62, 11, 66, 84, 181, 147, 160, 96, 181, 42,
       30, 24, 179, 156, 17, 23, 204, 175, 50, 192, 152, 128, 169, 41,
       155, 223, 111, 254, 54, 144, 237, 119, 213, 72, 222, 230, 57, 222,
       178, 97, 110, 179, 191, 201, 237, 139, 38, 255, 242, 235, 190,
       136, 63, 152, 185, 125, 45, 57, 248, 101, 180, 95, 75, 18, 119,
       236, 246, 12, 147, 61, 147, 48, 30, 188, 85, 120, 153, 184, 241,
       14, 239, 223, 37, 144, 239, 169, 86, 241, 218, 20, 123, 254, 155,
