%YAML:1.0
---
descriptors: !!opencv-matrix
   rows: 213
   cols: 32
   dt: u
   data: [ 124, 116, 189, 116, 40, 104, 81, 10, 226, 190, 166, 56, 215,
       53, 73, 59, 129, 212, 108, 2, 41, 101, 227, 0, 209, 227, 113, 53,
       224, 113, 70, 35, 16, 217, 27, 254, 18, 200, 53, 103, 172, 1, 106,
       32, 181, 183, 32, 112, 162, 59, 24, 128, 67, 153, 48, 109, 241,
       165, 50, 2, 32, 0, 167, 59, 166, 120, 176, 148, 109, 125, 180,
       206, 91, 243, 176, 27, 12, 252, 87, 142, 153, 125, 243, 17, 166,
       127, 218, 210, 29, 22, 223, 63, 197, 124, 95, 223, 163, 124, 226,
       17, 237, 253, 240, 71, 251, 255, 244, 159, 170, 156, 215, 191,
       139, 174, 215, 29, 174, 126, 246, 194, 30, 88, 84, 187, 199, 92,
       94, 222, 20, 133, 31, 173, 150, 194, 199, 253, 148, 132, 218, 131,
       215, 103, 56, 65, 120, 247, 15, 227, 120, 185, 1, 46, 249, 167,
       174, 68, 53, 27, 181, 74, 245, 73, 111, 252, 14, 2, 79, 232, 196,
       130, 228, 130, 115, 225, 49, 99, 122, 228, 58, 238, 105, 167, 62,
       173, 241, 171, 199, 24, 53, 187, 112, 32, 3, 143, 27, 189, 150,
       146, 190, 231, 126, 65, 90, 82, 173, 170, 180, 224, 243, 43, 162,
       133, 247, 184, 5, 255, 172, 119, 30, 195, 93, 4, 169, 140, 98, 56,
       116, 113, 109, 253, 216, 87, 11, 125, 118, 189, 14, 157, 86, 25,
       142, 189, 247, 17, 150, 126, 243, 209, 23, 88, 88, 251, 87, 140,
       86, 223, 180, 79, 121, 233, 112, 75, 95, 176, 29, 100, 116, 232,
       83, 7, 177, 112, 94, 252, 7, 106, 232, 22, 108, 62, 246, 137, 161,
       180, 117, 187, 68, 241, 6, 172, 144, 155, 221, 181, 178, 202, 30,
       19, 72, 19, 196, 250, 109, 76, 217, 75, 147, 21, 54, 80, 90, 247,
       45, 22, 159, 111, 144, 93, 169, 134, 218, 191, 50, 184, 159, 244,
       24, 71, 187, 93, 220, 31, 174, 156, 38, 64, 231, 171, 149, 21,
       158, 11, 178, 215, 219, 245, 26, 235, 146, 4, 181, 95, 77, 55,
       248, 242, 237, 253, 121, 219, 231, 253, 61, 60, 141, 191, 203,
       174, 15, 18, 238, 24, 151, 73, 254, 144, 207, 213, 55, 255, 202,
       207, 207, 247, 162, 140, 39, 222, 93, 197, 186, 239, 158, 7, 216,
       3, 168, 253, 54, 0, 201, 123, 147, 129, 114, 46, 90, 255, 53, 62,
       154, 43, 21, 12, 119, 234, 54, 48, 168, 178, 164, 63, 80, 202, 27,
       253, 157, 141, 134, 108, 107, 27, 157, 203, 135, 21, 28, 99, 120,
       0, 219, 23, 93, 127, 144, 109, 30, 210, 0, 156, 190, 89, 241, 237,
       177, 151, 254, 31, 46, 16, 188, 191, 103, 104, 167, 51, 123, 24,
       146, 233, 51, 115, 79, 159, 22, 66, 208, 64, 133, 107, 155, 50,
       100, 113, 39, 189, 184, 18, 237, 93, 86, 247, 169, 156, 246, 239,
       102, 155, 159, 149, 135, 60, 102, 209, 70, 89, 58, 130, 255, 140,
       13, 221, 60, 93, 124, 238, 60, 247, 83, 184, 197, 132, 252, 2,
       115, 125, 51, 224, 92, 240, 143, 122, 152, 163, 123, 172, 251,
       251, 128, 89, 247, 187, 124, 114, 66, 48, 246, 212, 125, 14, 184,
       47, 186, 249, 18, 59, 156, 158, 84, 27, 166, 117, 255, 17, 160,
       111, 146, 204, 31, 18, 251, 234, 4, 4, 39, 219, 0, 159, 88, 171,
       190, 139, 150, 247, 14, 1, 88, 231, 237, 105, 162, 64, 78, 123,
       142, 81, 214, 168, 95, 189, 236, 181, 38, 218, 28, 154, 153, 153,
       57, 219, 107, 233, 118, 139, 111, 244, 117, 72, 124, 230, 51, 15,
       180, 176, 126, 170, 22, 236, 203, 186, 36, 255, 118, 237, 166,
       192, 127, 154, 242, 185, 71, 50, 185, 3, 242, 185, 187, 210, 110,
       109, 93, 237, 156, 156, 223, 188, 183, 11, 215, 29, 135, 16, 166,
       112, 142, 29, 59, 238, 206, 199, 11, 245, 82, 162, 230, 153, 90,
       192, 184, 104, 182, 21, 208, 163, 44, 238, 234, 95, 106, 189, 239,
       145, 30, 91, 199, 209, 156, 38, 251, 235, 181, 4, 39, 207, 18, 74,
       106, 189, 34, 130, 61, 118, 180, 12, 210, 231, 45, 143, 162, 65,
       110, 185, 143, 196, 204, 157, 36, 253, 246, 225, 186, 129, 53,
       180, 37, 217, 57, 79, 99, 77, 86, 26, 108, 119, 101, 192, 250,
       230, 123, 9, 181, 244, 122, 172, 22, 236, 201, 178, 37, 140, 54,
       236, 166, 128, 111, 186, 112, 172, 19, 223, 88, 171, 186, 139,
       158, 247, 14, 64, 88, 231, 189, 237, 162, 192, 126, 107, 143, 85,
       215, 136, 77, 255, 172, 4, 46, 216, 61, 158, 137, 153, 139, 48,
       241, 216, 109, 244, 249, 83, 203, 91, 52, 183, 189, 159, 246, 175,
       134, 17, 151, 149, 151, 110, 182, 209, 7, 89, 242, 234, 158, 140,
       85, 247, 90, 248, 182, 250, 139, 208, 52, 199, 175, 21, 192, 163,
       44, 255, 36, 219, 227, 51, 251, 128, 86, 75, 146, 241, 211, 243,
       94, 75, 146, 84, 175, 10, 53, 75, 67, 76, 86, 18, 206, 240, 69,
       192, 250, 238, 115, 72, 181, 244, 126, 236, 22, 239, 205, 179, 69,
       172, 50, 108, 161, 144, 109, 191, 122, 141, 88, 58, 156, 112, 171,
       40, 20, 23, 171, 191, 166, 185, 143, 163, 66, 26, 167, 23, 237,
       16, 26, 105, 131, 0, 219, 227, 116, 127, 226, 192, 143, 11, 71,
       203, 83, 176, 228, 137, 238, 115, 31, 171, 91, 250, 159, 169, 240,
       0, 63, 185, 55, 143, 217, 58, 142, 210, 184, 20, 45, 232, 205,
       232, 161, 33, 2, 162, 231, 153, 90, 194, 169, 75, 38, 117, 210,
       231, 169, 134, 210, 205, 110, 173, 235, 149, 134, 218, 199, 213,
       28, 34, 250, 193, 37, 132, 37, 221, 66, 16, 246, 149, 110, 170,
       184, 67, 63, 49, 242, 211, 236, 14, 52, 75, 110, 149, 255, 133,
       128, 221, 149, 196, 22, 58, 218, 210, 141, 12, 33, 153, 65, 195,
       155, 160, 52, 169, 111, 149, 70, 41, 91, 238, 213, 227, 248, 64,
       55, 143, 14, 140, 131, 48, 140, 83, 244, 140, 43, 172, 28, 218,
       129, 33, 216, 30, 14, 188, 42, 130, 25, 51, 164, 158, 134, 181,
       173, 135, 35, 91, 230, 181, 237, 128, 104, 205, 131, 76, 210, 227,
       250, 145, 32, 160, 37, 91, 65, 149, 127, 225, 52, 230, 115, 182,
       108, 99, 46, 68, 214, 23, 8, 113, 213, 86, 28, 122, 233, 152, 121,
       62, 233, 255, 178, 70, 8, 211, 96, 121, 174, 239, 188, 58, 168,
       249, 150, 175, 155, 159, 60, 249, 238, 236, 207, 27, 135, 123,
       229, 19, 118, 76, 202, 179, 170, 215, 125, 251, 212, 253, 143,
       207, 98, 251, 185, 250, 120, 205, 27, 200, 170, 92, 172, 169, 190,
       223, 99, 18, 134, 251, 253, 81, 74, 11, 186, 49, 249, 213, 45,
       187, 16, 2, 7, 123, 66, 48, 246, 213, 110, 40, 248, 71, 59, 185,
       242, 122, 156, 158, 84, 11, 174, 21, 127, 145, 130, 95, 131, 193,
       84, 58, 250, 234, 4, 0, 99, 139, 165, 216, 115, 89, 245, 201, 231,
       245, 93, 76, 116, 98, 144, 220, 180, 36, 88, 56, 18, 72, 211, 188,
       100, 223, 37, 28, 2, 66, 87, 136, 244, 229, 41, 69, 121, 101, 116,
       47, 103, 55, 101, 168, 126, 72, 51, 57, 144, 48, 58, 156, 6, 40,
       201, 184, 97, 14, 103, 237, 32, 0, 111, 234, 66, 169, 9, 7, 93,
       101, 48, 10, 104, 55, 125, 137, 110, 68, 191, 35, 144, 208, 18,
       44, 108, 44, 185, 184, 69, 14, 230, 255, 50, 0, 74, 128, 203, 40,
       84, 188, 153, 243, 170, 236, 53, 183, 186, 123, 62, 112, 191, 183,
       192, 122, 35, 95, 125, 152, 19, 88, 171, 99, 237, 231, 118, 228,
       160, 81, 167, 59, 108, 164, 184, 122, 157, 111, 87, 217, 214, 63,
       173, 24, 82, 241, 74, 24, 153, 210, 237, 48, 58, 99, 251, 19, 251,
       143, 37, 125, 210, 107, 198, 98, 162, 56, 182, 249, 107, 237, 185,
       7, 171, 93, 48, 61, 172, 158, 70, 27, 174, 59, 255, 17, 146, 239,
       242, 209, 69, 89, 122, 251, 196, 12, 135, 219, 2, 141, 19, 217,
       245, 195, 171, 231, 30, 9, 124, 18, 168, 243, 164, 100, 249, 59,
       19, 136, 115, 136, 32, 255, 45, 62, 158, 194, 22, 12, 161, 174,
       212, 71, 93, 237, 34, 2, 77, 56, 180, 166, 150, 163, 247, 103,
       145, 91, 118, 245, 125, 234, 104, 197, 193, 12, 224, 171, 239,
       132, 36, 240, 36, 41, 219, 80, 111, 197, 66, 82, 237, 55, 56, 230,
       86, 162, 57, 22, 151, 123, 38, 149, 55, 172, 225, 220, 53, 200,
       119, 43, 254, 128, 39, 176, 37, 125, 210, 74, 106, 189, 50, 130,
       47, 114, 52, 132, 210, 231, 45, 143, 178, 80, 118, 189, 175, 197,
       232, 159, 5, 111, 240, 39, 170, 128, 37, 180, 37, 89, 35, 52, 230,
