%YAML:1.0
---
descriptors: !!opencv-matrix
   rows: 279
   cols: 32
   dt: u
   data: [ 137, 77, 87, 127, 52, 223, 111, 244, 116, 64, 102, 64, 255,
       83, 177, 245, 114, 56, 2, 106, 97, 188, 52, 63, 231, 249, 34, 0,
       122, 145, 97, 168, 151, 83, 107, 165, 50, 6, 91, 112, 45, 104,
       215, 231, 95, 14, 191, 112, 126, 141, 29, 239, 205, 145, 37, 204,
       178, 216, 170, 134, 45, 167, 50, 85, 105, 61, 181, 100, 249, 92,
       87, 63, 225, 236, 188, 8, 58, 55, 197, 183, 132, 118, 252, 104,
       217, 75, 241, 40, 251, 249, 101, 186, 66, 242, 198, 123, 76, 149,
       125, 101, 172, 110, 111, 187, 225, 254, 191, 8, 219, 119, 203,
       119, 55, 214, 125, 170, 249, 97, 249, 10, 255, 251, 101, 180, 34,
       242, 198, 113, 189, 120, 185, 81, 77, 95, 215, 216, 87, 254, 180,
       8, 26, 157, 87, 190, 25, 220, 214, 90, 203, 118, 250, 176, 95,
       217, 69, 54, 227, 63, 94, 254, 63, 248, 184, 72, 221, 127, 211,
       216, 87, 127, 181, 10, 90, 220, 95, 44, 221, 216, 215, 123, 139,
       39, 123, 179, 91, 95, 5, 127, 243, 63, 86, 247, 118, 50, 251, 224,
       234, 98, 25, 82, 171, 255, 179, 185, 159, 143, 73, 90, 247, 157,
       253, 176, 24, 199, 160, 64, 219, 209, 187, 239, 164, 193, 39, 115,
       98, 49, 34, 136, 93, 157, 176, 72, 142, 4, 208, 143, 142, 136, 50,
       196, 200, 169, 251, 69, 2, 35, 210, 213, 148, 48, 10, 123, 22, 14,
       59, 198, 116, 72, 211, 71, 82, 75, 99, 96, 97, 164, 162, 10, 115,
       37, 133, 54, 104, 244, 74, 234, 9, 183, 109, 44, 29, 142, 129, 16,
       97, 187, 102, 160, 88, 18, 62, 117, 23, 223, 49, 87, 119, 5, 231,
       16, 143, 155, 4, 124, 38, 190, 251, 16, 146, 249, 49, 197, 223,
       251, 82, 67, 99, 128, 173, 42, 116, 112, 26, 236, 26, 193, 83,
       104, 160, 0, 237, 40, 119, 215, 33, 112, 122, 185, 92, 226, 72, 3,
       16, 31, 209, 133, 33, 57, 112, 35, 38, 34, 128, 189, 173, 187,
       246, 233, 183, 207, 158, 93, 80, 179, 181, 253, 32, 1, 139, 123,
       19, 17, 51, 248, 58, 127, 109, 6, 63, 225, 212, 88, 149, 250, 184,
       110, 107, 110, 116, 207, 67, 112, 85, 76, 125, 9, 51, 77, 49, 16,
       88, 168, 7, 110, 232, 182, 72, 63, 243, 205, 33, 32, 119, 139, 86,
       248, 56, 84, 83, 236, 19, 207, 83, 112, 33, 0, 229, 10, 127, 215,
       33, 148, 250, 185, 133, 98, 73, 163, 16, 159, 243, 217, 1, 59,
       115, 43, 102, 51, 34, 161, 196, 76, 77, 209, 192, 72, 203, 176,
       181, 10, 97, 200, 223, 166, 72, 168, 226, 201, 78, 99, 238, 145,
       14, 88, 129, 63, 87, 46, 94, 132, 117, 64, 193, 7, 86, 75, 194,
       96, 80, 224, 163, 10, 83, 88, 29, 181, 120, 228, 18, 111, 141,
       182, 93, 12, 28, 14, 65, 20, 109, 43, 122, 132, 152, 77, 115, 254,
       36, 132, 111, 112, 237, 132, 122, 66, 125, 207, 181, 101, 38, 121,
       21, 238, 193, 177, 34, 237, 225, 248, 162, 136, 39, 243, 101, 233,
       90, 235, 58, 170, 27, 193, 155, 72, 174, 132, 129, 169, 236, 199,
       107, 82, 230, 49, 235, 211, 66, 3, 138, 209, 217, 212, 139, 187,
       16, 7, 39, 83, 54, 187, 236, 31, 77, 209, 144, 232, 214, 85, 240,
       39, 96, 232, 126, 2, 217, 235, 162, 209, 142, 107, 94, 177, 10, 3,
       207, 111, 221, 46, 124, 142, 39, 156, 239, 214, 127, 211, 179,
       232, 223, 226, 90, 35, 120, 252, 63, 32, 251, 101, 51, 39, 244,
       249, 62, 255, 127, 30, 207, 199, 213, 46, 81, 199, 24, 29, 90,
       237, 180, 134, 127, 119, 21, 77, 222, 70, 57, 183, 178, 96, 126,
       170, 31, 136, 217, 186, 48, 255, 235, 239, 182, 192, 54, 138, 180,
       249, 164, 253, 157, 255, 233, 111, 151, 239, 154, 178, 184, 24,
       214, 253, 105, 18, 217, 87, 99, 114, 122, 99, 218, 51, 253, 150,
       69, 127, 208, 123, 134, 178, 210, 188, 189, 189, 139, 96, 85, 175,
       51, 23, 128, 57, 143, 63, 64, 91, 135, 215, 253, 129, 122, 78,
       211, 195, 239, 247, 92, 31, 160, 116, 166, 90, 29, 77, 23, 163,
       147, 171, 7, 230, 44, 160, 187, 194, 222, 34, 33, 129, 106, 227,
       78, 246, 121, 169, 9, 124, 184, 128, 46, 80, 241, 91, 161, 168,
       229, 13, 20, 73, 217, 190, 66, 2, 117, 1, 239, 24, 146, 48, 5,
       253, 201, 150, 34, 120, 57, 186, 113, 36, 15, 186, 0, 88, 210,
       201, 234, 36, 1, 148, 81, 79, 197, 84, 238, 189, 107, 91, 109, 64,
       249, 114, 156, 244, 57, 203, 50, 138, 215, 56, 186, 245, 39, 188,
       18, 100, 91, 130, 235, 172, 242, 109, 139, 140, 222, 160, 175, 71,
       184, 3, 201, 154, 180, 226, 160, 112, 112, 235, 2, 139, 112, 31,
       134, 235, 244, 36, 186, 40, 20, 91, 179, 168, 15, 181, 21, 155,
       249, 165, 41, 11, 190, 25, 73, 84, 140, 242, 232, 220, 1, 10, 42,
       152, 19, 24, 219, 119, 12, 20, 26, 206, 154, 68, 137, 180, 78,
       147, 151, 177, 139, 36, 60, 151, 170, 221, 138, 213, 156, 183, 72,
       90, 167, 87, 253, 148, 150, 73, 147, 64, 201, 183, 127, 222, 136,
       68, 165, 83, 109, 74, 129, 63, 105, 56, 100, 150, 162, 210, 235,
       252, 227, 160, 201, 254, 65, 108, 234, 14, 13, 118, 239, 32, 134,
       244, 82, 8, 218, 255, 96, 140, 50, 135, 83, 174, 179, 139, 86,
       111, 157, 13, 251, 227, 103, 166, 32, 212, 222, 187, 142, 36, 120,
       187, 0, 159, 184, 244, 2, 83, 113, 14, 164, 15, 16, 217, 120, 234,
       62, 193, 222, 237, 206, 24, 216, 2, 61, 218, 60, 96, 234, 155, 23,
       193, 78, 43, 26, 245, 243, 233, 170, 73, 21, 26, 169, 139, 34,
       249, 40, 128, 221, 205, 156, 239, 139, 189, 184, 15, 36, 217, 118,
       0, 153, 187, 83, 85, 86, 107, 218, 245, 125, 24, 159, 255, 93, 14,
       215, 218, 217, 239, 30, 63, 9, 152, 84, 167, 228, 4, 202, 77, 167,
       168, 2, 210, 128, 103, 236, 69, 92, 169, 199, 63, 226, 225, 52,
       17, 104, 28, 137, 15, 38, 54, 124, 82, 169, 239, 145, 232, 233,
       190, 177, 25, 74, 92, 13, 27, 139, 147, 106, 114, 52, 229, 122,
       100, 89, 26, 85, 119, 193, 81, 198, 199, 170, 16, 33, 137, 79,
       239, 17, 122, 31, 102, 4, 159, 150, 29, 17, 44, 157, 16, 251, 61,
       131, 52, 113, 159, 205, 22, 17, 118, 86, 12, 20, 114, 27, 182,
       174, 55, 186, 254, 184, 162, 186, 253, 15, 181, 245, 236, 90, 34,
       135, 103, 248, 149, 183, 216, 191, 39, 204, 103, 63, 193, 140, 68,
       11, 223, 40, 149, 56, 250, 253, 253, 242, 253, 95, 61, 125, 25,
       254, 253, 126, 128, 217, 27, 151, 19, 210, 42, 26, 247, 79, 223,
       22, 125, 82, 10, 207, 131, 41, 207, 96, 13, 124, 31, 207, 188, 85,
       232, 252, 76, 243, 104, 151, 244, 92, 234, 70, 111, 205, 170, 103,
       63, 102, 124, 165, 184, 95, 190, 90, 157, 61, 72, 75, 71, 85, 219,
       227, 64, 96, 224, 247, 10, 83, 16, 21, 180, 120, 236, 68, 235, 13,
       179, 125, 44, 145, 169, 161, 17, 97, 59, 122, 164, 109, 33, 123,
       103, 228, 30, 111, 49, 96, 168, 127, 72, 211, 97, 152, 50, 24,
       100, 100, 110, 217, 176, 225, 12, 103, 249, 97, 0, 74, 234, 210,
       160, 137, 48, 61, 181, 40, 110, 57, 18, 172, 126, 86, 244, 157,
       151, 208, 107, 38, 29, 127, 141, 161, 212, 179, 66, 197, 235, 250,
       128, 4, 224, 7, 241, 185, 221, 117, 91, 49, 222, 71, 183, 117, 72,
       118, 68, 186, 23, 132, 245, 196, 186, 68, 74, 235, 188, 113, 63,
       227, 249, 36, 64, 122, 144, 194, 63, 94, 219, 152, 182, 235, 64,
       93, 142, 187, 127, 132, 29, 76, 231, 79, 219, 179, 207, 173, 214,
       122, 75, 154, 226, 250, 183, 223, 239, 138, 117, 175, 83, 233,
       124, 119, 86, 85, 223, 231, 176, 241, 74, 246, 76, 122, 93, 21,
       181, 136, 244, 220, 106, 237, 239, 240, 47, 119, 251, 96, 24, 75,
       61, 66, 127, 105, 145, 249, 100, 176, 94, 91, 55, 105, 237, 190,
       104, 223, 55, 132, 246, 150, 214, 125, 40, 145, 137, 241, 15, 239,
       255, 33, 244, 194, 160, 198, 121, 169, 121, 249, 65, 236, 93, 221,
       253, 75, 252, 180, 40, 186, 157, 215, 63, 142, 92, 116, 90, 197,
       106, 250, 224, 111, 217, 101, 190, 66, 184, 198, 253, 62, 141, 66,
       232, 213, 215, 218, 227, 149, 5, 222, 3, 105, 255, 54, 64, 248,
       187, 151, 227, 126, 171, 26, 191, 251, 253, 138, 203, 55, 143,
       252, 194, 137, 2, 83, 91, 116, 250, 105, 18, 124, 11, 119, 112,
