%YAML:1.0
---
descriptors: !!opencv-matrix
   rows: 127
   cols: 32
   dt: u
   data: [ 112, 216, 123, 111, 114, 200, 113, 54, 49, 13, 230, 40, 51,
       23, 0, 80, 118, 254, 100, 72, 10, 154, 241, 45, 247, 173, 48, 64,
       96, 128, 102, 123, 1, 183, 81, 9, 114, 153, 165, 63, 126, 105,
       120, 252, 168, 32, 206, 180, 23, 10, 2, 12, 211, 56, 103, 87, 44,
       28, 50, 236, 90, 132, 203, 221, 114, 247, 232, 101, 244, 28, 223,
       159, 97, 205, 124, 137, 27, 44, 222, 48, 158, 223, 21, 188, 222,
       186, 229, 162, 127, 221, 164, 165, 229, 210, 222, 95, 13, 55, 248,
       69, 224, 62, 111, 19, 105, 234, 126, 228, 155, 43, 215, 180, 23,
       78, 20, 44, 213, 144, 229, 74, 38, 221, 37, 132, 238, 246, 74,
       245, 1, 95, 125, 101, 116, 142, 105, 55, 124, 232, 126, 68, 179,
       23, 144, 112, 6, 46, 86, 12, 225, 184, 97, 12, 231, 187, 50, 128,
       72, 144, 66, 249, 100, 104, 178, 20, 77, 56, 182, 68, 251, 230,
       162, 9, 238, 248, 87, 158, 161, 237, 236, 71, 132, 231, 150, 104,
       144, 22, 85, 59, 203, 117, 75, 78, 77, 48, 249, 101, 100, 110,
       233, 16, 120, 234, 118, 76, 211, 61, 213, 59, 30, 76, 118, 78,
       129, 240, 241, 0, 69, 187, 113, 128, 68, 251, 71, 241, 172, 106,
       224, 97, 125, 31, 192, 64, 79, 180, 55, 13, 10, 137, 87, 156, 153,
       140, 70, 126, 140, 118, 125, 152, 31, 89, 5, 117, 231, 175, 94,
       198, 45, 124, 249, 101, 244, 111, 239, 24, 114, 238, 118, 8, 243,
       53, 211, 40, 31, 220, 119, 58, 137, 244, 253, 10, 199, 223, 53,
       180, 198, 251, 86, 249, 11, 159, 59, 219, 176, 215, 59, 247, 30,
       77, 94, 231, 188, 247, 162, 224, 247, 59, 151, 156, 151, 152, 49,
       255, 238, 95, 190, 194, 158, 142, 173, 249, 135, 222, 247, 204,
       170, 22, 191, 248, 156, 218, 24, 230, 253, 255, 189, 231, 151, 81,
       63, 239, 225, 69, 46, 254, 34, 30, 239, 142, 30, 247, 33, 245,
       215, 217, 124, 246, 44, 4, 123, 176, 235, 249, 179, 246, 251, 58,
       222, 99, 238, 199, 61, 199, 175, 105, 159, 229, 250, 249, 238,
       192, 45, 155, 240, 25, 13, 68, 127, 214, 100, 230, 255, 248, 236,
       94, 127, 64, 253, 215, 185, 109, 182, 81, 22, 110, 161, 165, 42,
       237, 67, 187, 98, 128, 2, 243, 97, 225, 178, 185, 26, 186, 185,
       217, 16, 239, 191, 29, 164, 57, 174, 222, 102, 16, 203, 187, 207,
       17, 62, 11, 66, 247, 251, 213, 30, 123, 144, 12, 175, 203, 167,
       205, 184, 155, 213, 247, 158, 239, 95, 67, 248, 18, 56, 124, 62,
       45, 221, 91, 146, 23, 247, 238, 122, 255, 43, 30, 222, 127, 221,
       92, 216, 222, 63, 57, 195, 228, 213, 6, 78, 81, 69, 224, 251, 78,
       75, 185, 53, 180, 252, 236, 22, 239, 201, 179, 24, 140, 179, 252,
       135, 14, 107, 191, 114, 180, 135, 123, 189, 145, 236, 21, 252,
       223, 206, 250, 16, 70, 156, 158, 247, 171, 238, 107, 54, 206, 199,
       114, 243, 240, 39, 25, 239, 174, 24, 248, 169, 253, 189, 69, 111,
       198, 214, 210, 239, 241, 84, 196, 223, 130, 81, 85, 187, 101, 122,
       228, 19, 239, 249, 179, 61, 206, 123, 43, 175, 196, 55, 171, 244,
       224, 25, 141, 62, 220, 212, 214, 127, 119, 245, 76, 238, 2, 57,
       191, 54, 97, 100, 179, 19, 200, 241, 187, 48, 239, 115, 235, 130,
       64, 51, 128, 229, 232, 167, 205, 10, 155, 213, 181, 190, 231, 30,
       23, 89, 23, 224, 234, 46, 65, 217, 107, 130, 214, 118, 184, 30,
       255, 45, 30, 222, 99, 153, 91, 249, 142, 41, 111, 91, 111, 116,
       143, 111, 240, 116, 8, 124, 76, 51, 65, 177, 48, 26, 232, 6, 110,
       233, 178, 56, 61, 103, 205, 32, 32, 123, 155, 66, 169, 38, 175,
       208, 26, 217, 169, 178, 203, 203, 21, 248, 15, 44, 232, 102, 16,
       201, 107, 131, 81, 22, 43, 154, 241, 60, 20, 14, 123, 217, 79,
       207, 142, 108, 164, 213, 122, 237, 107, 86, 143, 91, 59, 177, 57,
       74, 122, 77, 155, 217, 199, 228, 50, 58, 98, 203, 242, 63, 222,
       85, 127, 211, 117, 198, 35, 214, 252, 159, 254, 139, 224, 55, 162,
       190, 150, 134, 177, 236, 247, 1, 95, 163, 119, 233, 194, 98, 69,
       171, 121, 217, 178, 79, 27, 0, 113, 37, 115, 90, 202, 226, 158,
       98, 144, 190, 247, 189, 14, 82, 231, 41, 174, 182, 196, 119, 237,
       167, 199, 196, 159, 166, 227, 50, 118, 254, 139, 55, 180, 173,
       221, 61, 165, 197, 77, 140, 118, 79, 185, 115, 243, 157, 216, 211,
       101, 216, 175, 25, 204, 116, 126, 249, 114, 255, 18, 175, 238,
       101, 252, 239, 243, 210, 244, 253, 7, 229, 69, 164, 26, 207, 61,
       81, 230, 191, 206, 83, 32, 149, 247, 88, 196, 100, 110, 233, 240,
       237, 136, 38, 235, 229, 148, 111, 254, 210, 116, 189, 5, 204, 101,
       140, 59, 204, 27, 87, 170, 255, 26, 83, 57, 147, 168, 90, 132,
       118, 168, 140, 182, 101, 154, 214, 203, 225, 181, 119, 233, 90,
       129, 47, 177, 48, 155, 237, 221, 184, 157, 143, 121, 149, 61, 204,
       92, 222, 173, 207, 19, 223, 87, 151, 106, 123, 241, 175, 89, 31,
       255, 222, 15, 157, 215, 25, 223, 81, 251, 115, 157, 126, 246, 61,
       72, 124, 69, 47, 111, 32, 208, 182, 251, 151, 68, 247, 152, 16,
       191, 175, 221, 36, 192, 58, 142, 136, 153, 191, 118, 123, 102,
       118, 95, 91, 88, 25, 206, 117, 191, 127, 93, 159, 181, 190, 185,
       149, 110, 233, 246, 60, 142, 242, 217, 33, 162, 111, 191, 78, 245,
       252, 49, 63, 64, 143, 95, 85, 75, 101, 190, 162, 26, 26, 28, 69,
       187, 233, 148, 232, 176, 120, 231, 241, 68, 155, 203, 69, 119,
       225, 32, 230, 34, 126, 191, 166, 101, 177, 62, 94, 187, 51, 187,
       190, 57, 203, 115, 75, 158, 149, 214, 253, 56, 184, 193, 201, 142,
       251, 255, 213, 215, 170, 245, 218, 51, 62, 29, 118, 226, 253, 255,
       242, 200, 173, 180, 247, 11, 74, 220, 63, 199, 248, 245, 223, 243,
       44, 243, 24, 252, 187, 216, 203, 87, 211, 63, 108, 86, 142, 80,
       146, 158, 93, 215, 178, 72, 31, 6, 85, 19, 236, 220, 47, 204, 217,
       57, 163, 3, 38, 182, 122, 223, 23, 118, 155, 11, 23, 45, 61, 198,
       170, 96, 50, 221, 109, 215, 176, 72, 95, 142, 117, 19, 72, 216,
       55, 141, 216, 57, 147, 99, 228, 247, 66, 218, 21, 26, 91, 47, 87,
       45, 127, 215, 137, 138, 218, 147, 204, 169, 237, 198, 238, 19,
       194, 146, 181, 130, 240, 202, 107, 42, 74, 136, 51, 28, 70, 97,
       196, 128, 190, 40, 148, 216, 201, 168, 161, 140, 15, 253, 52, 227,
       65, 103, 84, 139, 218, 114, 179, 163, 160, 96, 91, 174, 38, 136,
       57, 191, 35, 159, 168, 166, 178, 192, 180, 72, 112, 171, 11, 157,
       122, 235, 178, 151, 123, 183, 31, 77, 94, 167, 189, 255, 178, 96,
       118, 59, 159, 220, 215, 152, 37, 255, 238, 253, 174, 192, 22, 142,
       165, 249, 199, 18, 167, 215, 173, 34, 173, 3, 252, 219, 131, 246,
       196, 228, 221, 111, 231, 103, 120, 149, 177, 229, 167, 192, 132,
       50, 223, 130, 140, 101, 177, 117, 132, 172, 214, 179, 204, 169,
       237, 199, 190, 19, 98, 18, 165, 162, 112, 203, 107, 234, 106, 157,
       50, 92, 207, 115, 28, 2, 94, 104, 157, 88, 233, 136, 95, 182, 134,
       180, 185, 182, 26, 3, 187, 233, 139, 253, 205, 238, 74, 154, 183,
       231, 253, 181, 61, 201, 139, 206, 152, 247, 159, 215, 138, 102,
       171, 87, 10, 190, 144, 186, 249, 185, 144, 199, 159, 61, 88, 253,
       174, 159, 96, 128, 207, 27, 135, 17, 22, 42, 66, 243, 170, 213,
       30, 251, 158, 76, 141, 155, 22, 171, 171, 191, 20, 192, 123, 248,
       134, 133, 216, 3, 245, 235, 120, 64, 126, 105, 51, 201, 10, 152,
       138, 253, 205, 231, 175, 200, 52, 162, 53, 234, 5, 156, 138, 191,
       149, 133, 190, 232, 94, 15, 88, 7, 245, 234, 43, 64, 249, 107, 35,
       151, 118, 248, 26, 191, 233, 151, 223, 65, 152, 122, 241, 218,
       185, 223, 98, 222, 188, 149, 207, 247, 215, 200, 156, 230, 59,
       236, 178, 228, 111, 226, 158, 76, 251, 43, 46, 191, 250, 223, 183,
       248, 55, 188, 240, 125, 24, 159, 103, 188, 246, 194, 181, 119,
       149, 72, 218, 231, 49, 191, 160, 96, 110, 179, 159, 129, 249, 155,
       36, 255, 176, 166, 186, 128, 61, 136, 244, 123, 43, 221, 98, 218,
       119, 149, 239, 247, 29, 68, 92, 134, 57, 205, 182, 228, 126, 170,
