%YAML:1.0
---
descriptors: !!opencv-matrix
   rows: 216
   cols: 32
   dt: u
   data: [ 253, 53, 237, 247, 142, 39, 79, 253, 16, 250, 183, 94, 83,
       127, 89, 59, 93, 198, 125, 254, 232, 215, 253, 174, 251, 203, 239,
       180, 37, 249, 242, 226, 9, 137, 51, 95, 149, 158, 172, 103, 126,
       65, 98, 70, 169, 186, 52, 228, 248, 42, 162, 140, 247, 184, 55,
       255, 47, 127, 158, 66, 89, 12, 233, 172, 172, 125, 220, 101, 32,
       79, 127, 184, 52, 226, 182, 9, 211, 55, 3, 19, 30, 212, 125, 106,
       105, 244, 89, 14, 231, 139, 101, 21, 105, 251, 70, 51, 11, 211,
       64, 139, 116, 151, 234, 253, 20, 77, 84, 231, 249, 74, 186, 196,
       94, 11, 23, 237, 231, 152, 93, 255, 100, 111, 170, 132, 31, 158,
       185, 221, 163, 37, 205, 255, 252, 160, 232, 158, 26, 145, 80, 64,
       181, 3, 209, 115, 206, 75, 23, 221, 51, 202, 194, 233, 108, 184,
       186, 168, 156, 201, 83, 169, 72, 154, 158, 240, 171, 168, 52, 135,
       171, 31, 166, 49, 174, 163, 66, 91, 167, 119, 237, 16, 18, 77,
       130, 96, 218, 243, 118, 91, 130, 64, 143, 11, 16, 177, 27, 232,
       18, 204, 49, 101, 164, 1, 96, 32, 181, 151, 32, 112, 34, 57, 27,
       192, 83, 139, 48, 93, 241, 161, 34, 72, 56, 0, 167, 186, 11, 88,
       187, 252, 93, 212, 249, 212, 201, 64, 196, 6, 188, 223, 51, 102,
       236, 121, 19, 205, 131, 35, 50, 233, 247, 249, 154, 40, 27, 28,
       33, 250, 82, 211, 255, 70, 15, 93, 191, 252, 207, 102, 190, 143,
       78, 236, 62, 0, 183, 215, 239, 99, 196, 49, 61, 211, 243, 62, 75,
       23, 113, 126, 5, 126, 128, 201, 57, 91, 204, 221, 165, 207, 94,
       23, 100, 2, 176, 212, 245, 105, 201, 58, 2, 24, 194, 124, 123, 49,
       79, 27, 22, 32, 80, 88, 213, 238, 160, 169, 184, 223, 205, 205,
       181, 123, 90, 151, 85, 26, 180, 241, 98, 37, 72, 58, 2, 10, 82,
       122, 250, 241, 69, 25, 84, 43, 82, 200, 215, 170, 131, 161, 167,
       151, 197, 68, 173, 109, 248, 87, 81, 18, 248, 252, 124, 175, 56,
       75, 19, 143, 211, 246, 182, 225, 5, 56, 222, 136, 69, 76, 247,
       228, 97, 198, 193, 143, 84, 42, 174, 143, 74, 1, 105, 202, 176,
       226, 185, 82, 120, 76, 34, 142, 3, 50, 204, 193, 36, 36, 154, 44,
       28, 90, 211, 140, 117, 219, 95, 237, 166, 2, 79, 241, 116, 234,
       243, 230, 83, 107, 176, 113, 126, 228, 63, 234, 249, 183, 109,
       140, 242, 239, 231, 132, 53, 186, 240, 33, 61, 215, 232, 239, 246,
       34, 239, 220, 87, 65, 253, 230, 123, 111, 188, 112, 126, 140, 23,
       174, 139, 178, 77, 141, 118, 237, 167, 132, 255, 218, 242, 177,
       132, 73, 19, 184, 73, 132, 175, 192, 172, 0, 226, 66, 28, 210, 49,
       217, 108, 249, 51, 215, 66, 151, 18, 240, 21, 32, 138, 8, 25, 19,
       33, 160, 162, 233, 19, 184, 205, 133, 76, 207, 143, 0, 168, 9,
       180, 218, 52, 80, 200, 171, 91, 197, 74, 43, 82, 243, 177, 24,
       138, 56, 16, 26, 240, 138, 64, 22, 124, 229, 116, 110, 123, 50,
       52, 229, 127, 133, 243, 39, 18, 80, 86, 188, 125, 172, 184, 184,
       113, 14, 231, 175, 162, 0, 36, 226, 86, 113, 13, 178, 176, 81,
       233, 253, 185, 91, 227, 253, 61, 28, 141, 151, 202, 174, 15, 26,
       238, 24, 151, 122, 250, 144, 207, 221, 51, 239, 194, 197, 143,
       245, 253, 198, 233, 238, 252, 39, 79, 248, 82, 170, 189, 90, 83,
       121, 153, 51, 93, 196, 125, 171, 248, 103, 233, 15, 251, 175, 229,
       188, 117, 251, 112, 34, 196, 160, 188, 83, 141, 124, 113, 142,
       235, 191, 167, 24, 204, 245, 78, 111, 161, 86, 234, 24, 50, 109,
       251, 240, 15, 27, 85, 127, 130, 88, 197, 110, 2, 191, 42, 187,
       183, 129, 190, 231, 30, 5, 216, 167, 172, 236, 54, 128, 223, 123,
       147, 209, 86, 154, 92, 255, 232, 87, 158, 235, 157, 14, 189, 155,
       253, 4, 177, 101, 9, 110, 67, 136, 97, 226, 230, 8, 211, 117, 9,
       126, 248, 212, 124, 106, 41, 183, 249, 10, 211, 239, 65, 20, 227,
       115, 102, 114, 113, 161, 8, 40, 25, 153, 208, 203, 102, 180, 172,
       9, 3, 136, 70, 48, 137, 168, 104, 20, 14, 43, 79, 17, 219, 141,
       21, 125, 209, 10, 74, 14, 10, 178, 208, 145, 242, 241, 189, 199,
       63, 63, 84, 245, 172, 206, 206, 12, 135, 27, 135, 17, 54, 88, 98,
       243, 12, 22, 62, 239, 150, 68, 143, 223, 2, 175, 50, 155, 215,
       153, 190, 231, 94, 69, 88, 131, 172, 236, 54, 196, 255, 123, 147,
       21, 214, 184, 110, 255, 45, 22, 15, 235, 213, 94, 189, 222, 3,
       173, 3, 139, 246, 203, 174, 231, 14, 65, 88, 231, 173, 236, 180,
       132, 127, 107, 151, 85, 87, 184, 76, 255, 44, 20, 47, 194, 157,
       222, 149, 221, 212, 205, 30, 167, 4, 2, 95, 180, 36, 6, 214, 3,
       247, 99, 43, 67, 120, 196, 45, 235, 104, 149, 73, 44, 240, 227,
       238, 20, 36, 186, 180, 10, 49, 143, 67, 207, 86, 130, 236, 113,
       85, 64, 251, 198, 243, 98, 180, 228, 122, 174, 22, 174, 217, 186,
       101, 223, 52, 174, 162, 136, 61, 170, 240, 172, 179, 189, 119,
       159, 190, 142, 158, 236, 137, 136, 144, 243, 124, 94, 173, 115,
       230, 87, 95, 119, 227, 197, 136, 239, 60, 58, 174, 150, 29, 19,
       51, 173, 234, 141, 110, 83, 207, 249, 253, 230, 218, 182, 102, 26,
       120, 254, 119, 123, 105, 182, 179, 136, 240, 222, 190, 244, 95,
       43, 223, 97, 21, 120, 92, 174, 216, 188, 190, 254, 40, 236, 85,
       182, 186, 95, 166, 25, 191, 247, 2, 91, 165, 247, 109, 8, 41, 79,
       178, 49, 211, 251, 116, 25, 192, 192, 143, 123, 71, 207, 211, 214,
       228, 129, 174, 163, 206, 35, 186, 218, 156, 224, 244, 64, 35, 239,
       42, 143, 81, 59, 140, 243, 60, 60, 239, 168, 29, 250, 161, 160,
       93, 76, 175, 243, 145, 246, 105, 166, 246, 165, 206, 18, 241, 190,
       49, 104, 113, 246, 59, 153, 156, 153, 61, 254, 205, 239, 222, 64,
       176, 67, 117, 110, 239, 21, 213, 223, 237, 37, 15, 185, 83, 250,
       121, 252, 216, 113, 201, 63, 93, 210, 50, 46, 225, 102, 127, 249,
       36, 58, 69, 190, 94, 255, 128, 181, 59, 60, 235, 226, 244, 169,
       239, 114, 125, 200, 254, 238, 191, 238, 245, 32, 126, 235, 23,
       221, 145, 186, 102, 236, 94, 221, 190, 200, 237, 171, 115, 249,
       213, 75, 207, 228, 14, 2, 239, 216, 117, 160, 242, 230, 83, 171,
       177, 75, 122, 196, 110, 238, 201, 243, 135, 232, 208, 169, 239,
       132, 45, 187, 112, 32, 91, 75, 107, 231, 22, 18, 111, 117, 37,
       224, 222, 194, 123, 43, 177, 98, 126, 229, 125, 239, 201, 147,
       165, 236, 242, 233, 174, 128, 39, 178, 240, 40, 232, 108, 252,
       117, 244, 207, 69, 23, 214, 167, 166, 24, 179, 17, 5, 18, 129,
       246, 74, 24, 104, 252, 113, 14, 111, 223, 53, 17, 194, 216, 196,
       42, 133, 207, 195, 149, 84, 139, 238, 151, 254, 19, 123, 210, 145,
       162, 240, 96, 43, 44, 34, 142, 97, 186, 140, 81, 36, 44, 231, 44,
       93, 248, 225, 160, 202, 249, 188, 255, 235, 252, 52, 135, 191, 23,
       38, 17, 172, 255, 66, 91, 131, 115, 251, 16, 54, 72, 250, 225, 79,
       243, 94, 75, 130, 80, 141, 75, 136, 169, 191, 221, 77, 213, 181,
       106, 222, 23, 212, 18, 176, 248, 124, 43, 200, 122, 26, 74, 114,
       229, 114, 161, 69, 27, 219, 11, 16, 105, 245, 230, 56, 68, 63,
       251, 21, 231, 241, 7, 212, 135, 199, 18, 241, 122, 61, 105, 217,
       50, 43, 24, 40, 245, 123, 158, 107, 207, 214, 1, 144, 88, 116, 42,
       242, 181, 58, 184, 31, 241, 152, 99, 139, 69, 140, 191, 46, 158,
       102, 64, 239, 187, 157, 145, 30, 11, 50, 215, 219, 85, 154, 251,
       21, 4, 175, 94, 88, 186, 191, 250, 172, 237, 93, 215, 171, 159,
       181, 60, 175, 231, 192, 26, 167, 51, 236, 24, 26, 107, 186, 177,
       217, 211, 119, 120, 194, 192, 135, 123, 143, 188, 164, 19, 235,
       189, 188, 167, 155, 251, 24, 221, 172, 254, 94, 175, 135, 107,
       243, 149, 182, 76, 222, 243, 46, 94, 95, 251, 158, 84, 139, 223,
       236, 68, 86, 250, 221, 245, 208, 71, 152, 148, 233, 27, 104, 251,
       111, 217, 217, 179, 163, 48, 36, 99, 26, 188, 127, 203, 85, 43,
       211, 92, 236, 138, 1, 205, 55, 253, 21, 214, 228, 231, 126, 65,
       106, 18, 189, 218, 52, 224, 224, 43, 162, 129, 119, 184, 50, 255,
       167, 255, 158, 64, 88, 8, 233, 172, 50, 32, 102, 137, 69, 143,
