%YAML:1.0
---
descriptors: !!opencv-matrix
   rows: 89
   cols: 32
   dt: u
   data: [ 211, 139, 79, 252, 150, 128, 109, 247, 132, 0, 218, 230, 49,
       131, 176, 97, 110, 163, 63, 204, 217, 139, 6, 253, 240, 170, 190,
       136, 53, 128, 176, 40, 185, 222, 107, 94, 94, 147, 207, 240, 213,
       64, 244, 230, 115, 201, 181, 37, 126, 232, 23, 238, 233, 167, 46,
       191, 114, 73, 160, 136, 127, 155, 114, 173, 57, 6, 237, 101, 116,
       26, 239, 56, 87, 234, 118, 246, 83, 105, 144, 96, 127, 204, 54,
       174, 169, 248, 109, 158, 110, 239, 229, 132, 111, 170, 80, 177,
       57, 46, 249, 231, 116, 10, 107, 122, 115, 225, 118, 230, 123, 35,
       144, 48, 126, 238, 36, 172, 169, 250, 109, 190, 238, 239, 245,
       128, 111, 168, 66, 184, 66, 185, 151, 176, 139, 237, 49, 71, 175,
       81, 162, 56, 188, 159, 100, 122, 163, 51, 235, 16, 19, 75, 146,
       241, 217, 208, 26, 123, 128, 0, 167, 59, 56, 5, 125, 229, 252, 75,
       87, 60, 65, 172, 254, 42, 115, 125, 8, 49, 88, 246, 100, 106, 120,
       186, 105, 44, 255, 233, 101, 85, 103, 171, 214, 235, 193, 219,
       103, 47, 160, 14, 111, 185, 96, 194, 119, 228, 243, 102, 152, 119,
       54, 196, 124, 239, 233, 144, 253, 45, 164, 42, 226, 128, 109, 178,
       210, 117, 133, 249, 29, 115, 180, 223, 230, 176, 252, 88, 51, 64,
       243, 88, 157, 161, 156, 114, 94, 122, 239, 240, 123, 63, 175, 219,
       39, 84, 73, 50, 75, 181, 90, 248, 184, 240, 139, 213, 25, 215,
       171, 117, 132, 31, 141, 190, 66, 250, 231, 215, 253, 145, 223, 79,
       242, 243, 219, 213, 158, 127, 138, 4, 175, 91, 192, 185, 157, 248,
       138, 193, 21, 75, 170, 145, 160, 56, 190, 151, 64, 115, 131, 179,
       253, 144, 67, 79, 210, 81, 249, 144, 95, 127, 16, 0, 167, 59, 130,
       185, 174, 181, 191, 153, 176, 99, 190, 85, 82, 183, 172, 184, 102,
       66, 163, 35, 251, 5, 86, 201, 134, 245, 220, 50, 90, 195, 12, 12,
       185, 207, 11, 157, 106, 239, 254, 151, 255, 57, 197, 76, 125, 167,
       249, 253, 182, 96, 94, 51, 159, 239, 213, 41, 46, 253, 102, 253,
       171, 136, 119, 174, 217, 245, 6, 45, 132, 155, 205, 47, 180, 199,
       47, 55, 219, 19, 236, 34, 10, 76, 233, 206, 251, 19, 22, 248, 219,
       240, 181, 54, 222, 67, 130, 95, 145, 194, 164, 78, 82, 159, 116,
       147, 198, 226, 87, 14, 81, 19, 98, 200, 183, 196, 89, 106, 6, 78,
       102, 190, 78, 255, 36, 62, 167, 9, 23, 189, 120, 132, 153, 156,
       250, 247, 230, 246, 125, 119, 127, 207, 126, 22, 189, 191, 38,
       104, 247, 191, 191, 136, 177, 220, 177, 239, 223, 239, 190, 128,
       167, 192, 229, 251, 167, 121, 249, 94, 108, 157, 238, 88, 95, 202,
       117, 124, 120, 220, 181, 184, 158, 57, 22, 74, 167, 54, 122, 251,
       7, 31, 33, 170, 93, 251, 74, 181, 139, 170, 249, 249, 230, 191,
       249, 87, 127, 251, 118, 246, 189, 175, 214, 169, 175, 43, 55, 29,
       179, 252, 103, 211, 78, 223, 118, 224, 207, 204, 195, 249, 90,
       104, 162, 176, 41, 241, 24, 70, 139, 189, 136, 169, 172, 159, 99,
       74, 193, 55, 253, 145, 14, 79, 130, 240, 219, 209, 154, 187, 130,
       92, 15, 91, 88, 185, 155, 240, 25, 205, 81, 123, 171, 89, 173, 9,
       190, 223, 104, 18, 161, 27, 253, 16, 26, 107, 154, 213, 219, 221,
       17, 123, 66, 0, 135, 122, 235, 184, 208, 80, 237, 189, 224, 222,
       123, 251, 116, 92, 8, 184, 223, 190, 153, 202, 242, 24, 167, 126,
       254, 243, 30, 94, 85, 46, 203, 220, 74, 141, 161, 16, 119, 77, 52,
       86, 168, 121, 124, 104, 114, 66, 177, 30, 148, 225, 252, 28, 22,
       40, 161, 176, 113, 205, 7, 249, 34, 68, 73, 40, 99, 181, 108, 185,
       252, 126, 124, 205, 91, 184, 131, 252, 181, 169, 121, 221, 123,
       18, 14, 120, 255, 93, 130, 107, 250, 177, 95, 217, 37, 189, 86,
       142, 84, 251, 164, 252, 254, 127, 248, 239, 255, 255, 62, 255,
       254, 25, 243, 247, 15, 81, 127, 254, 127, 90, 250, 254, 251, 127,
       127, 175, 119, 229, 241, 249, 206, 219, 222, 223, 255, 254, 171,
       242, 127, 239, 191, 158, 246, 179, 239, 255, 36, 123, 247, 247,
       255, 226, 120, 207, 171, 255, 251, 247, 223, 155, 18, 113, 167,
       107, 222, 252, 255, 254, 171, 106, 127, 239, 187, 218, 246, 48,
       255, 255, 45, 123, 255, 247, 255, 162, 105, 215, 171, 234, 243,
       247, 95, 151, 66, 113, 167, 187, 216, 50, 123, 236, 107, 92, 121,
       88, 233, 204, 183, 44, 31, 159, 198, 50, 254, 181, 255, 224, 137,
       39, 179, 200, 211, 249, 35, 187, 67, 167, 47, 243, 19, 143, 99,
       141, 54, 178, 175, 246, 92, 65, 90, 230, 121, 236, 180, 228, 127,
       239, 22, 237, 245, 152, 37, 255, 60, 46, 174, 192, 63, 198, 177,
       253, 125, 235, 106, 234, 126, 145, 79, 252, 197, 72, 244, 238,
       115, 195, 249, 112, 126, 204, 94, 238, 203, 35, 238, 253, 242,
       233, 167, 188, 55, 187, 242, 233, 25, 197, 125, 69, 180, 235, 107,
       191, 100, 104, 254, 34, 243, 53, 152, 96, 90, 150, 30, 106, 137,
       184, 101, 30, 239, 173, 164, 192, 103, 218, 212, 105, 105, 141,
       63, 101, 180, 110, 103, 181, 104, 232, 110, 8, 247, 49, 144, 115,
       16, 102, 124, 110, 241, 248, 241, 44, 229, 251, 101, 16, 72, 242,
       194, 40, 147, 77, 107, 207, 118, 22, 111, 245, 117, 192, 94, 198,
       113, 38, 183, 117, 126, 238, 21, 239, 233, 154, 45, 239, 240, 169,
       174, 128, 45, 178, 114, 253, 46, 173, 2, 139, 221, 221, 190, 197,
       62, 33, 250, 3, 232, 166, 76, 208, 233, 223, 207, 210, 118, 187,
       217, 247, 191, 52, 142, 99, 131, 95, 175, 158, 102, 173, 130, 139,
       221, 125, 182, 199, 47, 101, 250, 11, 204, 166, 79, 212, 233, 206,
       255, 211, 18, 187, 219, 226, 189, 52, 158, 71, 131, 95, 181, 206,
       42, 148, 50, 155, 245, 247, 178, 235, 31, 15, 93, 23, 140, 254,
       62, 196, 253, 59, 147, 145, 54, 190, 24, 247, 143, 87, 155, 71,
       151, 76, 189, 215, 26, 156, 254, 255, 245, 246, 125, 119, 127, 79,
       94, 18, 124, 255, 34, 96, 255, 191, 191, 128, 178, 157, 49, 239,
       255, 255, 158, 195, 135, 68, 173, 251, 42, 180, 224, 219, 245,
       245, 184, 203, 95, 127, 125, 147, 136, 252, 126, 172, 255, 27,
       179, 149, 182, 254, 126, 243, 15, 95, 159, 231, 215, 76, 253, 215,
       139, 190, 248, 249, 246, 187, 237, 87, 127, 107, 118, 246, 189,
       47, 150, 104, 111, 47, 63, 29, 183, 252, 101, 255, 238, 255, 54,
       192, 255, 204, 209, 249, 193, 63, 61, 103, 164, 14, 111, 55, 104,
       232, 62, 76, 247, 49, 145, 51, 132, 102, 124, 110, 233, 248, 241,
       12, 229, 251, 100, 144, 72, 242, 195, 57, 88, 185, 25, 248, 25,
       205, 81, 91, 171, 89, 164, 8, 190, 159, 64, 16, 162, 179, 253, 80,
       27, 107, 146, 245, 219, 221, 1, 127, 82, 0, 135, 51, 19, 221, 105,
       77, 242, 214, 111, 117, 97, 64, 94, 230, 121, 102, 146, 116, 62,
       171, 21, 238, 217, 152, 53, 95, 244, 173, 175, 128, 61, 162, 195,
       253, 118, 201, 82, 155, 205, 221, 254, 229, 45, 37, 242, 3, 236,
       110, 46, 213, 232, 213, 207, 195, 76, 179, 89, 253, 181, 54, 206,
       83, 23, 30, 255, 142, 106, 157, 176, 249, 243, 253, 152, 151, 47,
       93, 222, 45, 44, 189, 22, 244, 135, 187, 183, 17, 150, 154, 240,
       241, 63, 125, 24, 211, 199, 76, 150, 95, 104, 249, 121, 106, 126,
       205, 219, 216, 130, 172, 189, 11, 249, 221, 89, 18, 6, 49, 255,
       90, 66, 35, 250, 189, 95, 201, 33, 249, 119, 139, 70, 251, 15,
       238, 224, 159, 117, 159, 238, 216, 95, 74, 125, 70, 232, 201, 183,
       132, 127, 106, 150, 79, 231, 184, 77, 255, 38, 94, 131, 162, 127,
       255, 89, 133, 11, 158, 235, 249, 244, 191, 249, 87, 127, 107, 126,
       246, 189, 175, 182, 96, 127, 43, 23, 29, 179, 184, 37, 255, 110,
       255, 62, 192, 159, 204, 241, 249, 82, 185, 27, 248, 57, 205, 17,
       71, 171, 113, 160, 40, 190, 151, 96, 48, 134, 49, 221, 80, 91, 11,
       146, 245, 217, 209, 26, 123, 80, 0, 135, 59, 9, 191, 57, 187, 244,
       245, 251, 215, 86, 77, 92, 231, 184, 60, 178, 160, 255, 59, 150,
       149, 151, 184, 116, 247, 110, 221, 186, 226, 223, 206, 252, 253,
       242, 184, 239, 116, 207, 233, 145, 71, 139, 247, 180, 191, 32,
