%YAML:1.0
---
descriptors: !!opencv-matrix
   rows: 126
   cols: 32
   dt: u
   data: [ 88, 18, 89, 73, 48, 238, 97, 18, 37, 13, 230, 0, 179, 23, 128,
       124, 102, 152, 108, 152, 11, 150, 113, 93, 215, 233, 50, 0, 114,
       129, 102, 41, 179, 94, 74, 156, 86, 183, 234, 112, 84, 4, 223,
       199, 99, 200, 183, 65, 126, 168, 19, 175, 172, 182, 118, 159, 18,
       47, 170, 136, 61, 171, 120, 196, 212, 97, 61, 230, 36, 75, 87, 40,
       224, 242, 163, 8, 215, 119, 73, 59, 16, 213, 108, 106, 72, 225,
       249, 8, 241, 225, 101, 21, 96, 187, 70, 98, 126, 176, 112, 126,
       45, 221, 80, 73, 203, 53, 165, 9, 206, 221, 78, 183, 200, 176,
       253, 0, 206, 103, 250, 145, 211, 217, 65, 63, 82, 14, 94, 22, 56,
       237, 120, 110, 27, 197, 82, 232, 3, 4, 173, 11, 111, 223, 35, 16,
       248, 249, 197, 226, 74, 11, 90, 191, 243, 197, 1, 59, 115, 11, 38,
       74, 124, 121, 62, 234, 9, 221, 82, 80, 231, 212, 165, 8, 63, 223,
       99, 52, 160, 177, 204, 90, 10, 35, 58, 189, 211, 217, 1, 59, 114,
       143, 110, 114, 33, 8, 61, 81, 5, 238, 225, 22, 116, 81, 99, 80,
       147, 17, 16, 105, 40, 172, 50, 24, 155, 188, 117, 0, 5, 184, 82,
       64, 200, 136, 80, 168, 190, 190, 227, 68, 82, 99, 79, 250, 51,
       174, 253, 175, 96, 231, 229, 20, 125, 252, 135, 162, 104, 219,
       168, 106, 123, 134, 173, 173, 227, 243, 102, 241, 88, 249, 58,
       248, 25, 221, 87, 246, 163, 76, 164, 8, 191, 215, 98, 208, 128,
       251, 253, 88, 74, 11, 178, 177, 251, 221, 22, 123, 114, 16, 175,
       122, 86, 180, 251, 160, 162, 114, 61, 199, 185, 231, 59, 179, 93,
       190, 238, 122, 55, 215, 189, 177, 52, 213, 164, 194, 218, 167, 95,
       199, 173, 240, 165, 87, 92, 164, 184, 242, 168, 109, 81, 155, 174,
       63, 175, 24, 215, 243, 74, 122, 129, 22, 125, 24, 26, 5, 251, 18,
       217, 239, 115, 125, 144, 67, 135, 99, 27, 243, 96, 15, 123, 153,
       187, 248, 47, 108, 157, 239, 232, 78, 158, 132, 62, 137, 215, 239,
       199, 1, 111, 223, 62, 93, 139, 190, 95, 150, 31, 213, 147, 219,
       111, 252, 46, 128, 77, 247, 132, 64, 208, 198, 57, 194, 176, 96,
       110, 163, 63, 204, 203, 139, 38, 253, 240, 171, 254, 136, 61, 144,
       176, 120, 106, 32, 244, 248, 77, 157, 216, 72, 203, 53, 177, 11,
       142, 200, 92, 159, 200, 177, 219, 17, 14, 103, 210, 209, 151, 217,
       146, 59, 82, 12, 94, 134, 58, 36, 98, 205, 93, 95, 186, 75, 95,
       101, 246, 19, 44, 156, 54, 196, 248, 157, 219, 129, 166, 187, 117,
       223, 55, 125, 139, 3, 87, 12, 125, 222, 120, 249, 58, 120, 25,
       221, 87, 246, 227, 12, 172, 8, 63, 219, 67, 176, 136, 242, 221,
       72, 74, 43, 242, 189, 243, 221, 4, 59, 98, 144, 78, 42, 142, 121,
       112, 127, 107, 220, 127, 120, 57, 198, 125, 165, 127, 95, 135, 80,
       182, 249, 215, 70, 192, 148, 58, 255, 247, 253, 32, 139, 118, 183,
       7, 243, 184, 236, 122, 126, 125, 221, 82, 226, 247, 12, 116, 9,
       47, 201, 35, 17, 168, 171, 199, 70, 110, 47, 10, 63, 243, 217, 32,
       41, 115, 159, 78, 202, 82, 188, 189, 181, 170, 236, 57, 39, 190,
       251, 138, 80, 244, 183, 64, 106, 167, 119, 125, 145, 51, 73, 179,
       115, 205, 166, 255, 144, 128, 64, 133, 123, 236, 120, 188, 115,
       161, 237, 85, 151, 63, 255, 52, 57, 190, 189, 67, 27, 133, 123,
       245, 17, 178, 124, 218, 50, 207, 219, 117, 183, 210, 84, 143, 91,
       225, 48, 17, 73, 77, 47, 192, 22, 196, 104, 224, 92, 147, 16, 20,
       122, 200, 4, 90, 60, 137, 39, 241, 0, 133, 184, 0, 56, 88, 136,
       82, 164, 173, 6, 253, 125, 164, 46, 125, 27, 117, 202, 119, 84,
       219, 123, 153, 123, 22, 36, 126, 46, 177, 244, 97, 10, 199, 235,
       112, 128, 234, 249, 194, 49, 165, 76, 108, 77, 68, 11, 207, 248,
       84, 228, 244, 142, 115, 73, 151, 5, 88, 232, 6, 238, 232, 182,
       125, 63, 102, 139, 161, 52, 125, 187, 88, 232, 89, 181, 59, 74,
       52, 172, 123, 115, 104, 73, 93, 76, 190, 247, 184, 112, 180, 42,
       21, 108, 211, 186, 176, 111, 251, 189, 34, 200, 8, 130, 227, 121,
       167, 53, 18, 154, 244, 167, 174, 77, 94, 9, 121, 118, 212, 248,
       189, 228, 125, 107, 22, 255, 183, 178, 28, 255, 52, 22, 175, 168,
       157, 123, 185, 149, 247, 210, 201, 10, 0, 31, 78, 248, 59, 106,
       165, 204, 83, 198, 190, 244, 93, 204, 30, 238, 205, 23, 252, 211,
       178, 28, 129, 188, 25, 190, 218, 244, 119, 125, 11, 170, 250, 198,
       95, 216, 2, 200, 216, 199, 85, 215, 107, 80, 246, 249, 21, 246,
       207, 3, 154, 62, 251, 165, 173, 236, 184, 243, 162, 211, 252, 52,
       111, 229, 36, 110, 125, 19, 97, 254, 54, 37, 27, 31, 81, 91, 32,
       164, 125, 170, 232, 244, 241, 136, 199, 233, 225, 128, 103, 240,
       86, 115, 84, 209, 191, 239, 154, 68, 159, 153, 134, 197, 195, 3,
       213, 255, 40, 66, 242, 85, 57, 243, 82, 1, 187, 32, 249, 229, 174,
       92, 176, 35, 165, 114, 56, 93, 107, 79, 116, 199, 207, 248, 84,
       64, 253, 6, 115, 125, 187, 32, 92, 250, 22, 234, 233, 186, 125,
       63, 119, 173, 160, 0, 127, 187, 116, 248, 97, 15, 76, 181, 172,
       11, 204, 55, 84, 226, 154, 247, 243, 40, 146, 67, 79, 230, 127,
       141, 253, 216, 69, 142, 228, 251, 255, 144, 61, 232, 216, 24, 177,
       69, 106, 172, 22, 166, 239, 118, 84, 70, 207, 23, 83, 232, 51, 72,
       124, 172, 18, 175, 189, 183, 20, 142, 240, 47, 138, 0, 61, 123,
       248, 208, 130, 232, 130, 154, 77, 193, 176, 198, 158, 23, 64, 19,
       172, 218, 97, 73, 233, 59, 179, 209, 2, 94, 154, 241, 21, 0, 158,
       43, 145, 25, 53, 138, 175, 144, 240, 88, 245, 63, 248, 75, 91,
       123, 117, 126, 74, 56, 254, 173, 253, 143, 182, 61, 191, 118, 125,
       211, 30, 94, 81, 102, 223, 205, 250, 133, 80, 223, 191, 183, 186,
       194, 61, 55, 172, 188, 30, 161, 245, 55, 2, 66, 38, 119, 125, 129,
       112, 201, 163, 13, 233, 163, 127, 129, 36, 240, 133, 123, 120,
       165, 120, 104, 185, 221, 87, 127, 99, 45, 173, 24, 59, 17, 10, 48,
       152, 154, 196, 40, 90, 42, 248, 23, 251, 221, 36, 125, 114, 130,
       206, 42, 143, 7, 197, 133, 166, 122, 232, 57, 44, 234, 211, 243,
       219, 44, 145, 239, 126, 132, 126, 175, 181, 244, 101, 200, 134,
       107, 107, 132, 111, 238, 121, 213, 26, 222, 74, 190, 50, 176, 46,
       254, 150, 13, 222, 231, 105, 234, 186, 64, 127, 235, 183, 199,
       142, 155, 14, 255, 242, 103, 186, 136, 61, 215, 185, 221, 28, 108,
       122, 111, 115, 92, 126, 120, 61, 70, 125, 131, 125, 223, 43, 176,
       54, 249, 147, 238, 64, 148, 58, 255, 119, 239, 3, 1, 103, 243,
       111, 242, 254, 150, 236, 245, 156, 31, 87, 187, 23, 190, 134, 159,
       67, 109, 11, 67, 93, 196, 253, 44, 248, 199, 121, 159, 235, 235,
       229, 149, 167, 252, 84, 115, 37, 215, 6, 155, 252, 135, 174, 252,
       92, 136, 89, 70, 196, 224, 188, 229, 127, 104, 2, 255, 247, 178,
       30, 254, 60, 6, 175, 192, 157, 123, 185, 133, 242, 249, 40, 176,
       60, 193, 18, 238, 138, 189, 128, 41, 134, 154, 66, 82, 193, 221,
       125, 209, 78, 79, 202, 55, 249, 213, 159, 255, 0, 0, 191, 74, 218,
       248, 190, 116, 43, 77, 21, 222, 187, 223, 52, 57, 62, 255, 66, 59,
       167, 89, 245, 80, 230, 77, 154, 227, 203, 219, 85, 235, 66, 52,
       143, 219, 161, 205, 119, 93, 116, 143, 237, 55, 125, 8, 118, 96,
       179, 17, 180, 37, 42, 42, 22, 76, 225, 188, 101, 255, 36, 184, 50,
       128, 91, 152, 193, 173, 177, 201, 47, 248, 29, 197, 197, 231, 198,
       81, 192, 2, 51, 221, 48, 97, 200, 162, 19, 201, 123, 43, 50, 181,
       249, 203, 150, 121, 17, 24, 240, 170, 175, 248, 245, 91, 229, 253,
       248, 150, 95, 123, 116, 88, 138, 29, 213, 189, 143, 218, 183, 24,
       179, 124, 251, 242, 15, 90, 84, 230, 215, 221, 214, 189, 3, 174,
       238, 155, 108, 181, 184, 206, 222, 95, 84, 183, 168, 140, 254, 72,
       239, 11, 179, 149, 182, 252, 71, 243, 14, 63, 250, 235, 149, 5,
       249, 223, 188, 4, 109, 238, 111, 115, 94, 120, 21, 106, 245, 171,
       123, 95, 57, 145, 88, 216, 151, 226, 40, 39, 75, 159, 83, 235,
       225, 189, 119, 255, 124, 211, 124, 108, 185, 224, 112, 109, 81,
