%YAML:1.0
---
descriptors: !!opencv-matrix
   rows: 267
   cols: 32
   dt: u
   data: [ 128, 91, 174, 188, 102, 143, 180, 230, 220, 132, 242, 239,
       173, 136, 55, 75, 174, 107, 107, 69, 226, 239, 22, 109, 245, 3,
       126, 137, 85, 28, 57, 155, 133, 141, 32, 147, 213, 157, 246, 229,
       92, 91, 158, 86, 224, 120, 95, 161, 249, 66, 26, 55, 247, 120, 93,
       255, 60, 30, 87, 71, 221, 126, 248, 132, 81, 157, 63, 141, 50,
       230, 185, 55, 236, 73, 222, 96, 181, 54, 160, 96, 166, 55, 124,
       128, 181, 137, 37, 95, 235, 166, 114, 192, 4, 128, 165, 125, 98,
       239, 34, 139, 253, 129, 174, 239, 7, 13, 216, 239, 160, 136, 246,
       68, 236, 43, 155, 85, 198, 27, 200, 255, 60, 52, 142, 235, 28, 30,
       240, 223, 10, 139, 58, 42, 253, 221, 182, 231, 237, 13, 124, 1,
       46, 236, 62, 144, 168, 43, 199, 69, 86, 43, 162, 245, 127, 125, 2,
       75, 82, 14, 239, 207, 194, 168, 150, 184, 169, 237, 16, 75, 191,
       63, 160, 25, 142, 146, 98, 219, 129, 51, 251, 16, 22, 79, 210, 81,
       155, 210, 91, 127, 144, 68, 135, 71, 111, 106, 210, 94, 109, 156,
       70, 240, 105, 138, 253, 72, 106, 200, 149, 180, 152, 236, 196,
       110, 205, 39, 202, 235, 50, 253, 5, 187, 75, 191, 90, 13, 24, 140,
       2, 186, 151, 163, 106, 230, 151, 1, 218, 199, 101, 234, 32, 192,
       217, 235, 14, 149, 62, 155, 8, 191, 184, 230, 143, 64, 188, 78,
       48, 138, 252, 239, 237, 39, 152, 71, 71, 248, 112, 226, 170, 72,
       83, 115, 73, 50, 89, 196, 108, 234, 105, 243, 249, 42, 253, 207,
       101, 52, 97, 251, 102, 96, 161, 137, 113, 65, 116, 139, 235, 112,
       85, 232, 126, 66, 123, 0, 180, 164, 126, 184, 6, 104, 209, 184,
       101, 221, 36, 24, 33, 192, 127, 138, 80, 173, 86, 28, 189, 191,
       171, 121, 144, 10, 174, 191, 159, 113, 206, 126, 136, 203, 131,
       119, 253, 17, 52, 69, 107, 240, 139, 243, 127, 151, 128, 101, 45,
       67, 45, 117, 65, 75, 213, 31, 198, 216, 83, 232, 121, 76, 82, 216,
       221, 180, 88, 200, 18, 126, 141, 178, 253, 158, 39, 28, 133, 44,
       91, 159, 218, 180, 246, 230, 212, 202, 143, 55, 70, 248, 19, 179,
       173, 26, 67, 97, 75, 159, 57, 212, 232, 122, 58, 71, 219, 179,
       187, 222, 197, 126, 179, 255, 222, 4, 254, 230, 196, 78, 159, 59,
       71, 248, 23, 178, 181, 154, 67, 113, 221, 183, 91, 212, 253, 122,
       234, 102, 239, 183, 186, 219, 197, 124, 247, 255, 90, 36, 34, 169,
       161, 250, 93, 229, 195, 207, 134, 1, 200, 2, 178, 221, 120, 96,
       217, 154, 19, 153, 26, 42, 122, 177, 157, 156, 154, 123, 208, 10,
       240, 170, 208, 78, 95, 237, 38, 10, 109, 50, 164, 130, 210, 98,
       215, 35, 145, 107, 98, 101, 125, 238, 105, 213, 37, 12, 196, 171,
       234, 128, 36, 240, 37, 32, 32, 133, 111, 95, 148, 238, 227, 49,
       212, 9, 255, 2, 243, 241, 60, 101, 88, 246, 54, 234, 248, 184, 60,
       175, 101, 174, 162, 64, 113, 138, 244, 162, 36, 132, 126, 74, 244,
       235, 227, 250, 212, 13, 127, 2, 114, 241, 60, 96, 89, 26, 6, 120,
       58, 161, 42, 63, 107, 191, 32, 69, 209, 203, 244, 162, 125, 120,
       189, 96, 45, 29, 83, 216, 203, 184, 180, 76, 31, 153, 81, 58, 140,
       212, 93, 94, 137, 99, 250, 160, 219, 217, 5, 62, 202, 123, 82, 51,
       164, 251, 216, 120, 234, 73, 117, 220, 146, 190, 52, 40, 151, 211,
       235, 27, 27, 218, 166, 82, 66, 102, 202, 81, 111, 129, 101, 173,
       112, 249, 206, 163, 251, 82, 254, 238, 32, 86, 95, 53, 57, 78,
       247, 167, 95, 119, 155, 251, 246, 213, 253, 238, 205, 215, 229,
       203, 242, 255, 234, 145, 38, 182, 254, 117, 61, 60, 189, 240, 173,
       173, 80, 210, 203, 249, 185, 72, 158, 185, 69, 63, 137, 194, 95,
       16, 153, 99, 218, 176, 155, 223, 81, 118, 218, 73, 83, 39, 122,
       127, 111, 108, 42, 211, 95, 118, 5, 236, 222, 231, 105, 143, 183,
       112, 198, 253, 189, 199, 204, 155, 167, 189, 114, 121, 169, 147,
       39, 247, 36, 93, 139, 95, 22, 188, 52, 140, 122, 50, 189, 8, 82,
       68, 191, 223, 49, 195, 166, 115, 157, 79, 235, 169, 18, 237, 224,
       241, 42, 130, 30, 177, 9, 25, 19, 31, 127, 238, 50, 198, 191, 116,
       173, 192, 91, 231, 125, 254, 180, 96, 102, 247, 23, 231, 229, 153,
       52, 238, 177, 44, 174, 128, 45, 242, 33, 125, 55, 97, 232, 74,
       205, 117, 198, 200, 67, 242, 189, 10, 66, 201, 95, 190, 89, 200,
       18, 250, 207, 34, 126, 176, 51, 92, 133, 63, 247, 251, 218, 228,
       253, 106, 185, 96, 61, 29, 83, 216, 195, 168, 188, 76, 27, 153,
       81, 50, 156, 196, 93, 126, 201, 39, 248, 162, 243, 221, 37, 60,
       234, 251, 82, 43, 214, 158, 191, 177, 170, 98, 189, 183, 184, 223,
       18, 247, 220, 47, 195, 75, 167, 87, 189, 145, 48, 205, 163, 194,
       204, 115, 255, 199, 132, 112, 165, 115, 45, 116, 145, 79, 221, 95,
       231, 185, 81, 232, 109, 72, 210, 113, 29, 180, 152, 76, 82, 106,
       209, 242, 251, 14, 47, 158, 5, 110, 74, 59, 82, 164, 152, 200, 14,
       188, 14, 82, 77, 238, 132, 6, 196, 131, 181, 34, 50, 65, 72, 164,
       42, 225, 108, 15, 23, 157, 241, 227, 218, 25, 53, 24, 188, 74,
       190, 78, 106, 254, 76, 195, 95, 120, 21, 6, 117, 139, 99, 77, 55,
       21, 88, 168, 135, 238, 232, 166, 74, 191, 114, 203, 193, 169, 119,
       255, 118, 194, 106, 235, 96, 78, 95, 217, 247, 236, 67, 100, 252,
       175, 42, 232, 150, 180, 120, 234, 230, 76, 206, 58, 238, 253, 54,
       125, 4, 123, 119, 158, 222, 206, 42, 189, 226, 74, 245, 233, 243,
       199, 63, 69, 124, 137, 42, 253, 118, 20, 217, 154, 147, 17, 18,
       58, 48, 243, 95, 20, 16, 107, 215, 78, 246, 246, 64, 184, 157,
       115, 210, 224, 33, 150, 182, 123, 102, 48, 180, 183, 192, 122, 39,
       122, 32, 152, 51, 92, 187, 113, 13, 135, 118, 96, 128, 128, 135,
       185, 1, 139, 83, 205, 242, 130, 170, 247, 54, 1, 106, 192, 113,
       227, 160, 240, 126, 127, 34, 200, 83, 152, 1, 111, 108, 164, 174,
       64, 41, 130, 161, 168, 207, 150, 229, 27, 250, 60, 41, 159, 62,
       91, 87, 252, 220, 100, 154, 255, 23, 7, 252, 157, 179, 84, 111,
       87, 12, 50, 122, 204, 158, 196, 129, 117, 180, 32, 171, 242, 204,
       109, 225, 72, 206, 181, 161, 26, 16, 221, 125, 43, 169, 205, 91,
       147, 58, 119, 186, 16, 93, 136, 215, 125, 193, 43, 118, 226, 197,
       148, 189, 119, 132, 110, 101, 187, 114, 243, 39, 84, 211, 117, 88,
       123, 21, 86, 104, 62, 185, 244, 251, 2, 77, 170, 85, 68, 200, 241,
       192, 48, 154, 67, 103, 188, 26, 195, 153, 104, 151, 84, 208, 163,
       97, 207, 161, 77, 122, 185, 155, 225, 106, 199, 38, 221, 208, 98,
       203, 139, 55, 172, 36, 242, 252, 237, 252, 98, 141, 117, 87, 168,
       211, 182, 172, 8, 67, 241, 75, 59, 25, 192, 108, 122, 110, 99,
       250, 58, 251, 203, 69, 61, 227, 243, 206, 66, 253, 101, 252, 106,
       142, 87, 87, 248, 67, 166, 173, 10, 83, 97, 91, 50, 121, 196, 108,
       122, 108, 99, 239, 58, 251, 203, 69, 61, 115, 251, 218, 32, 237,
       78, 237, 117, 116, 58, 111, 158, 80, 226, 118, 222, 211, 109, 147,
       43, 31, 228, 52, 46, 169, 244, 109, 42, 102, 111, 245, 132, 239,
       253, 80, 120, 51, 91, 83, 172, 114, 194, 49, 86, 37, 76, 250, 230,
       34, 150, 167, 212, 254, 189, 166, 192, 141, 187, 37, 207, 176,
       180, 162, 130, 109, 152, 100, 125, 72, 249, 151, 229, 177, 206,
       53, 182, 168, 232, 42, 8, 158, 183, 0, 114, 130, 117, 92, 80, 65,
       152, 240, 44, 237, 209, 118, 2, 66, 48, 135, 59, 89, 29, 111, 173,
       182, 70, 79, 182, 52, 200, 222, 198, 119, 39, 179, 96, 118, 230,
       61, 238, 249, 153, 53, 47, 240, 231, 166, 128, 62, 250, 176, 121,
       123, 173, 194, 204, 215, 214, 95, 103, 19, 205, 206, 10, 107, 228,
       186, 244, 120, 238, 148, 220, 127, 155, 228, 174, 186, 253, 140,
       219, 35, 142, 252, 76, 215, 92, 30, 190, 107, 148, 56, 112, 189,
       74, 85, 86, 124, 223, 35, 239, 164, 49, 63, 7, 229, 71, 10, 237,
       147, 251, 106, 138, 26, 32, 41, 23, 216, 29, 30, 246, 139, 66, 21,
       103, 185, 130, 166, 56, 126, 55, 33, 115, 163, 247, 253, 162, 120,
       207, 19, 110, 243, 227, 86, 19, 32, 112, 167, 42, 78, 190, 152,
