%YAML:1.0
---
descriptors: !!opencv-matrix
   rows: 185
   cols: 32
   dt: u
   data: [ 148, 133, 31, 173, 150, 66, 87, 253, 20, 132, 218, 3, 215, 99,
       40, 65, 120, 247, 15, 227, 120, 185, 1, 14, 241, 167, 174, 68, 52,
       187, 181, 66, 162, 164, 145, 154, 221, 205, 148, 239, 158, 55,
       169, 26, 142, 252, 108, 38, 137, 19, 195, 17, 114, 111, 90, 215,
       61, 22, 95, 127, 208, 72, 135, 170, 227, 180, 17, 148, 77, 125,
       160, 111, 203, 123, 57, 26, 172, 188, 76, 167, 137, 19, 74, 1, 55,
       111, 250, 215, 29, 22, 94, 127, 208, 72, 159, 140, 61, 119, 234,
       229, 244, 34, 254, 220, 83, 201, 253, 231, 91, 111, 221, 48, 126,
       221, 23, 190, 139, 178, 77, 201, 118, 237, 167, 132, 239, 251,
       114, 209, 216, 174, 190, 250, 168, 232, 121, 222, 251, 31, 180,
       60, 191, 227, 194, 91, 167, 179, 108, 24, 58, 79, 170, 115, 217,
       243, 118, 121, 128, 192, 199, 41, 88, 32, 189, 112, 169, 104, 81,
       15, 234, 191, 166, 56, 159, 177, 64, 59, 131, 150, 108, 16, 26,
       105, 227, 0, 219, 243, 116, 127, 224, 64, 199, 43, 144, 153, 31,
       252, 18, 192, 53, 101, 180, 1, 226, 32, 183, 151, 32, 113, 162,
       59, 12, 192, 115, 137, 48, 61, 241, 225, 50, 0, 32, 0, 167, 59,
       35, 118, 161, 79, 89, 52, 201, 31, 18, 29, 237, 212, 161, 102,
       221, 222, 220, 74, 132, 156, 171, 66, 251, 129, 39, 252, 158, 184,
       147, 86, 118, 252, 213, 98, 207, 167, 70, 42, 107, 16, 121, 226,
       179, 234, 219, 107, 213, 123, 122, 229, 126, 254, 169, 247, 205,
       202, 212, 171, 235, 148, 173, 179, 114, 32, 214, 244, 94, 218,
       158, 54, 74, 248, 51, 19, 181, 86, 87, 83, 200, 95, 127, 208, 125,
       250, 123, 71, 219, 247, 251, 227, 207, 220, 173, 243, 42, 32, 2,
       159, 20, 171, 186, 143, 190, 247, 14, 13, 90, 231, 173, 98, 162,
       192, 199, 51, 143, 85, 214, 136, 79, 255, 172, 23, 46, 211, 156,
       222, 137, 153, 233, 168, 175, 250, 45, 253, 105, 150, 239, 89,
       180, 24, 191, 237, 22, 127, 205, 162, 125, 12, 187, 107, 234, 241,
       215, 219, 242, 248, 194, 133, 66, 96, 228, 228, 188, 83, 141, 124,
       113, 143, 239, 191, 167, 16, 200, 247, 76, 255, 161, 86, 232, 24,
       50, 109, 235, 224, 15, 26, 85, 127, 130, 217, 196, 38, 253, 117,
       221, 165, 137, 79, 94, 184, 51, 240, 164, 9, 223, 23, 75, 59, 215,
       213, 253, 242, 109, 67, 249, 8, 251, 227, 101, 53, 170, 243, 6,
       82, 172, 125, 124, 101, 176, 79, 95, 189, 52, 168, 62, 168, 211,
       55, 131, 19, 30, 212, 125, 106, 104, 240, 113, 14, 231, 139, 101,
       149, 104, 186, 70, 59, 1, 141, 31, 189, 149, 158, 236, 231, 126,
       65, 122, 66, 173, 168, 180, 224, 243, 43, 162, 133, 247, 184, 55,
       255, 44, 127, 22, 65, 93, 12, 233, 140, 114, 171, 16, 168, 91,
       193, 26, 232, 11, 45, 152, 171, 44, 154, 44, 212, 252, 155, 207,
       227, 14, 11, 200, 247, 182, 84, 138, 255, 19, 7, 47, 15, 64, 148,
       120, 229, 116, 110, 123, 50, 48, 230, 127, 133, 215, 39, 18, 80,
       86, 253, 125, 172, 184, 184, 209, 14, 231, 175, 160, 0, 36, 226,
       70, 114, 34, 139, 98, 152, 223, 241, 184, 71, 143, 85, 188, 179,
       40, 142, 246, 228, 235, 51, 187, 145, 23, 11, 166, 209, 31, 20,
       154, 251, 151, 12, 189, 222, 31, 118, 227, 161, 102, 59, 122, 80,
       63, 234, 123, 239, 15, 142, 211, 144, 191, 169, 151, 23, 199, 148,
       44, 130, 134, 197, 45, 164, 175, 255, 27, 213, 80, 249, 189, 243,
       170, 232, 61, 151, 170, 123, 26, 48, 189, 183, 72, 123, 163, 215,
       125, 144, 19, 73, 187, 113, 253, 231, 126, 236, 160, 80, 135, 123,
       120, 3, 146, 118, 173, 172, 230, 180, 236, 136, 186, 72, 238, 248,
       109, 240, 176, 102, 108, 10, 20, 41, 138, 33, 185, 253, 116, 91,
       192, 122, 67, 11, 192, 172, 189, 255, 189, 111, 85, 175, 214, 183,
       130, 16, 247, 249, 80, 11, 129, 103, 105, 1, 56, 237, 219, 61,
       201, 243, 95, 85, 128, 104, 149, 42, 212, 160, 189, 82, 173, 125,
       17, 140, 251, 191, 165, 24, 194, 254, 76, 59, 145, 214, 236, 18,
       58, 103, 235, 240, 155, 219, 87, 127, 128, 91, 199, 39, 252, 124,
       253, 37, 169, 79, 95, 184, 51, 242, 160, 24, 223, 55, 73, 187,
       157, 213, 253, 98, 105, 86, 249, 26, 255, 219, 101, 52, 98, 241,
       70, 98, 244, 100, 185, 100, 13, 111, 67, 216, 99, 234, 170, 8, 82,
       119, 73, 59, 152, 212, 124, 106, 9, 103, 241, 10, 209, 168, 65,
       60, 225, 123, 70, 98, 37, 205, 230, 71, 244, 11, 238, 184, 118,
       162, 123, 226, 243, 97, 149, 117, 127, 236, 118, 110, 232, 240,
       77, 110, 108, 174, 167, 132, 109, 251, 80, 168, 2, 221, 2, 155,
       213, 245, 190, 198, 31, 5, 88, 131, 172, 222, 38, 196, 255, 59,
       147, 209, 118, 154, 18, 255, 45, 22, 158, 203, 22, 92, 189, 158,
       2, 237, 50, 155, 215, 203, 190, 231, 30, 5, 88, 131, 172, 236, 54,
       196, 251, 59, 131, 17, 54, 184, 10, 255, 45, 22, 30, 75, 149, 30,
       189, 206, 153, 205, 14, 189, 20, 142, 111, 182, 52, 192, 206, 135,
       247, 171, 51, 64, 114, 238, 61, 77, 236, 157, 21, 47, 240, 231,
       182, 0, 44, 184, 57, 10, 163, 88, 103, 189, 116, 134, 235, 150,
       56, 72, 82, 199, 48, 12, 183, 112, 204, 104, 19, 207, 231, 156,
       52, 191, 4, 46, 186, 128, 29, 149, 112, 217, 145, 141, 31, 253,
       21, 150, 236, 231, 126, 65, 106, 82, 189, 186, 52, 224, 249, 43,
       42, 129, 247, 184, 49, 255, 171, 255, 158, 64, 89, 8, 233, 140, 2,
       141, 83, 219, 117, 195, 187, 231, 31, 9, 92, 34, 184, 215, 164,
       100, 123, 59, 23, 136, 114, 152, 34, 255, 109, 62, 186, 194, 22,
       8, 165, 171, 32, 220, 122, 72, 116, 215, 243, 254, 85, 13, 124,
       34, 16, 157, 182, 32, 120, 24, 2, 232, 194, 178, 32, 95, 103, 13,
       34, 5, 115, 154, 100, 235, 19, 143, 19, 171, 178, 141, 190, 247,
       14, 73, 88, 199, 172, 230, 160, 192, 246, 43, 159, 69, 215, 137,
       1, 255, 188, 148, 46, 192, 24, 158, 137, 25, 152, 14, 94, 189, 50,
       138, 107, 50, 52, 134, 70, 133, 183, 131, 179, 65, 54, 111, 63,
       204, 96, 156, 1, 46, 196, 239, 58, 128, 44, 128, 33, 249, 2, 184,
       188, 181, 45, 253, 184, 39, 142, 123, 158, 48, 188, 63, 0, 10,
       135, 51, 255, 17, 18, 205, 115, 197, 207, 215, 122, 211, 128, 8,
       133, 155, 5, 238, 29, 251, 180, 142, 77, 63, 124, 138, 89, 100,
       247, 67, 128, 121, 87, 40, 12, 30, 211, 152, 79, 45, 236, 174,
       118, 192, 56, 130, 193, 33, 216, 253, 26, 240, 113, 205, 93, 119,
       177, 70, 108, 25, 191, 159, 34, 80, 198, 187, 213, 128, 104, 159,
       48, 159, 243, 213, 24, 41, 34, 128, 142, 90, 143, 232, 78, 133,
       106, 27, 237, 236, 172, 182, 230, 139, 237, 78, 155, 215, 110,
       197, 251, 239, 100, 247, 239, 253, 246, 123, 207, 21, 39, 190, 43,
       200, 44, 182, 124, 107, 252, 63, 83, 216, 87, 63, 181, 124, 211,
       121, 200, 25, 221, 216, 198, 58, 186, 118, 75, 55, 79, 223, 113,
       253, 243, 203, 94, 163, 29, 92, 238, 117, 38, 118, 255, 144, 213,
       206, 118, 34, 121, 61, 183, 107, 126, 116, 21, 238, 233, 176, 37,
       168, 103, 235, 224, 128, 239, 253, 116, 123, 220, 208, 60, 255,
       44, 14, 95, 188, 140, 62, 150, 16, 247, 119, 43, 75, 199, 85, 125,
       235, 104, 197, 91, 39, 225, 227, 111, 144, 16, 185, 37, 115, 124,
       165, 188, 106, 157, 111, 87, 221, 198, 61, 173, 24, 82, 249, 74,
       18, 217, 210, 201, 56, 58, 35, 251, 23, 251, 207, 37, 125, 243,
       106, 206, 34, 27, 159, 2, 170, 178, 135, 126, 247, 28, 64, 90,
       199, 63, 230, 176, 192, 246, 171, 23, 204, 255, 152, 17, 255, 184,
       229, 46, 192, 56, 142, 169, 29, 104, 173, 16, 254, 25, 233, 82,
       230, 151, 13, 168, 8, 166, 241, 32, 208, 201, 122, 234, 2, 74, 42,
       74, 61, 227, 245, 17, 59, 82, 75, 76, 10, 218, 248, 190, 242, 139,
       193, 21, 228, 191, 55, 164, 57, 174, 223, 110, 26, 139, 243, 237,
       208, 90, 79, 186, 243, 219, 211, 95, 123, 208, 16, 135, 122, 67,
       59, 2, 128, 125, 181, 187, 65, 140, 68, 156, 175, 172, 198, 231,
       196, 220, 171, 219, 133, 134, 11, 180, 223, 144, 20, 138, 251, 20,
