%YAML:1.0
---
descriptors: !!opencv-matrix
   rows: 144
   cols: 32
   dt: u
   data: [ 8, 157, 190, 89, 185, 237, 177, 151, 254, 29, 46, 16, 188,
       191, 102, 104, 165, 51, 123, 24, 18, 73, 51, 119, 79, 159, 30, 67,
       210, 64, 165, 43, 148, 133, 15, 173, 150, 194, 87, 253, 148, 132,
       218, 3, 215, 103, 40, 65, 120, 247, 15, 227, 120, 187, 1, 46, 249,
       167, 174, 68, 53, 187, 181, 74, 163, 100, 226, 19, 237, 253, 240,
       71, 251, 255, 244, 157, 170, 140, 214, 191, 139, 170, 215, 29,
       166, 126, 246, 192, 6, 90, 84, 187, 207, 220, 222, 222, 6, 236,
       144, 155, 253, 253, 178, 202, 158, 179, 88, 27, 204, 252, 109,
       140, 217, 91, 147, 49, 54, 118, 90, 242, 45, 22, 159, 111, 148,
       125, 153, 134, 163, 91, 108, 93, 112, 146, 232, 148, 23, 76, 82,
       199, 33, 142, 183, 81, 76, 168, 55, 204, 207, 156, 101, 253, 38,
       56, 170, 128, 61, 148, 120, 221, 137, 233, 155, 229, 52, 15, 111,
       55, 117, 170, 54, 72, 179, 161, 208, 38, 152, 110, 92, 8, 201,
       252, 113, 170, 227, 221, 53, 48, 74, 248, 208, 41, 252, 32, 189,
       116, 172, 104, 81, 11, 234, 191, 166, 56, 151, 181, 73, 59, 129,
       214, 108, 16, 56, 101, 227, 0, 219, 227, 117, 125, 224, 105, 198,
       35, 16, 157, 27, 252, 18, 192, 53, 103, 188, 1, 106, 32, 181, 183,
       32, 112, 162, 59, 88, 0, 67, 153, 48, 125, 241, 165, 50, 2, 32, 0,
       167, 58, 2, 141, 19, 217, 213, 135, 175, 247, 31, 9, 110, 18, 56,
       227, 36, 68, 121, 42, 19, 152, 51, 154, 50, 255, 45, 62, 158, 66,
       147, 200, 225, 172, 73, 148, 115, 69, 149, 254, 107, 55, 117, 195,
       110, 16, 251, 53, 144, 244, 23, 190, 28, 56, 185, 184, 117, 78,
       239, 255, 20, 64, 226, 192, 196, 124, 75, 144, 183, 211, 165, 236,
       169, 135, 254, 95, 83, 114, 156, 254, 92, 233, 167, 31, 187, 145,
       147, 252, 162, 193, 13, 58, 254, 192, 132, 68, 133, 113, 0, 223,
       84, 171, 190, 139, 150, 247, 142, 1, 88, 231, 237, 232, 160, 192,
       78, 107, 142, 85, 215, 168, 95, 253, 172, 149, 47, 210, 60, 142,
       137, 153, 53, 111, 67, 12, 94, 27, 206, 248, 69, 224, 250, 238,
       83, 72, 181, 180, 122, 236, 86, 239, 205, 179, 77, 172, 50, 108,
       161, 144, 109, 255, 122, 132, 57, 219, 107, 201, 118, 139, 239,
       244, 117, 72, 124, 230, 59, 3, 180, 48, 126, 234, 22, 238, 203,
       186, 36, 255, 118, 205, 160, 128, 127, 154, 242, 185, 82, 162,
       230, 153, 74, 208, 184, 104, 182, 21, 208, 163, 40, 238, 238, 95,
       106, 189, 239, 145, 30, 91, 199, 209, 28, 34, 251, 203, 181, 4,
       47, 199, 90, 156, 186, 184, 155, 245, 152, 71, 207, 85, 156, 19,
       172, 158, 102, 72, 239, 51, 251, 145, 22, 43, 178, 243, 219, 93,
       154, 123, 215, 76, 173, 79, 34, 177, 148, 154, 221, 205, 144, 239,
       159, 49, 161, 24, 142, 252, 72, 141, 201, 27, 235, 17, 18, 107,
       90, 245, 157, 22, 95, 127, 208, 12, 151, 134, 194, 48, 247, 217,
       107, 252, 184, 7, 175, 93, 82, 189, 172, 158, 86, 91, 230, 183,
       255, 149, 150, 76, 242, 209, 23, 120, 218, 195, 132, 4, 167, 95,
       170, 50, 108, 217, 100, 188, 248, 83, 173, 93, 118, 183, 136, 141,
       214, 111, 238, 153, 183, 149, 134, 188, 102, 192, 6, 89, 154, 195,
       247, 140, 124, 221, 23, 30, 202, 228, 50, 39, 106, 114, 37, 202,
       223, 230, 121, 103, 179, 96, 62, 229, 28, 238, 205, 145, 53, 78,
       210, 206, 107, 128, 45, 227, 33, 21, 220, 185, 28, 240, 203, 225,
       21, 199, 175, 117, 165, 57, 30, 191, 66, 27, 129, 147, 217, 144,
       58, 75, 122, 149, 219, 211, 87, 127, 178, 64, 167, 98, 34, 32,
       230, 205, 116, 139, 232, 75, 27, 37, 240, 155, 12, 12, 52, 25,
       250, 141, 55, 149, 2, 255, 65, 221, 150, 50, 154, 243, 85, 12, 87,
       198, 88, 186, 252, 112, 170, 104, 81, 151, 171, 189, 172, 57, 143,
       179, 66, 26, 163, 151, 237, 16, 26, 105, 195, 0, 219, 211, 117,
       127, 226, 192, 207, 11, 120, 52, 184, 244, 139, 100, 21, 71, 131,
       215, 172, 57, 190, 191, 99, 90, 193, 251, 249, 144, 8, 75, 242,
       160, 219, 215, 222, 59, 162, 80, 7, 122, 66, 16, 246, 148, 127,
       162, 184, 67, 31, 49, 242, 179, 124, 30, 52, 75, 238, 149, 255,
       129, 0, 255, 17, 212, 21, 58, 218, 210, 149, 12, 33, 171, 248, 73,
       111, 236, 15, 194, 71, 236, 196, 2, 228, 2, 115, 225, 49, 97, 120,
       228, 42, 234, 104, 39, 62, 61, 241, 171, 195, 25, 53, 59, 116, 42,
       58, 157, 254, 188, 163, 240, 28, 103, 149, 71, 252, 183, 47, 191,
       38, 65, 239, 179, 149, 129, 108, 171, 2, 207, 242, 247, 222, 139,
       119, 92, 172, 223, 84, 188, 157, 243, 162, 236, 55, 151, 62, 91,
       62, 112, 159, 55, 200, 122, 35, 87, 124, 24, 19, 216, 187, 98,
       237, 231, 118, 196, 160, 80, 135, 59, 117, 20, 249, 101, 141, 110,
       65, 10, 97, 226, 238, 8, 83, 55, 69, 58, 185, 212, 124, 56, 41,
       246, 241, 10, 211, 236, 65, 22, 225, 121, 70, 98, 211, 88, 237,
       197, 98, 90, 237, 23, 56, 230, 86, 130, 61, 22, 215, 127, 38, 245,
       53, 237, 225, 212, 181, 200, 103, 41, 254, 128, 37, 240, 5, 125,
       208, 14, 30, 188, 42, 128, 29, 51, 164, 30, 134, 181, 175, 135,
       35, 91, 230, 181, 237, 128, 104, 205, 131, 13, 209, 227, 250, 153,
       32, 160, 37, 123, 178, 64, 90, 164, 70, 66, 216, 100, 21, 166,
       242, 163, 35, 15, 35, 89, 250, 149, 167, 225, 108, 183, 1, 142,
       211, 227, 218, 3, 101, 24, 124, 202, 25, 71, 67, 205, 86, 26, 109,
       119, 101, 0, 250, 230, 59, 3, 180, 228, 122, 172, 22, 172, 201,
       184, 37, 207, 182, 236, 166, 128, 111, 186, 240, 172, 199, 205,
       245, 215, 228, 52, 174, 182, 251, 210, 27, 208, 252, 254, 221,
       239, 135, 115, 52, 223, 247, 76, 190, 227, 46, 30, 255, 228, 142,
       243, 129, 189, 19, 223, 80, 171, 186, 141, 158, 183, 14, 72, 90,
       231, 175, 231, 162, 64, 118, 107, 143, 68, 215, 136, 77, 255, 252,
       165, 46, 216, 61, 158, 137, 25, 188, 106, 148, 190, 205, 205, 84,
       206, 147, 159, 160, 25, 110, 249, 107, 27, 201, 243, 229, 82, 122,
       111, 218, 179, 211, 211, 85, 59, 210, 125, 230, 194, 18, 162, 231,
       157, 90, 194, 169, 107, 54, 245, 210, 231, 161, 142, 182, 77, 126,
       173, 171, 149, 142, 218, 199, 213, 28, 34, 251, 193, 53, 132, 52,
       221, 105, 7, 84, 101, 52, 10, 108, 55, 125, 168, 126, 76, 191, 35,
       144, 208, 16, 38, 108, 44, 225, 184, 65, 14, 230, 255, 48, 0, 74,
       128, 202, 8, 18, 74, 106, 189, 34, 130, 60, 118, 180, 4, 210, 231,
       45, 143, 178, 65, 110, 173, 143, 196, 204, 155, 5, 237, 246, 225,
       186, 128, 53, 180, 37, 217, 172, 242, 252, 123, 236, 111, 67, 152,
       86, 63, 181, 56, 211, 113, 201, 57, 89, 216, 70, 122, 186, 118,
       107, 55, 79, 143, 245, 117, 211, 251, 86, 163, 199, 205, 245, 215,
       244, 188, 238, 191, 219, 219, 27, 82, 253, 122, 221, 239, 51, 99,
       48, 155, 247, 108, 190, 227, 45, 62, 223, 196, 140, 241, 217, 164,
       49, 31, 110, 235, 54, 139, 239, 240, 68, 232, 254, 230, 115, 77,
       179, 96, 126, 235, 23, 239, 217, 187, 37, 189, 250, 201, 163, 192,
       125, 171, 112, 209, 249, 83, 111, 237, 38, 14, 111, 60, 100, 72,
       247, 230, 83, 71, 153, 97, 126, 204, 63, 238, 201, 180, 109, 141,
       246, 233, 227, 132, 37, 186, 112, 113, 130, 184, 190, 185, 169,
       237, 184, 71, 174, 91, 144, 49, 172, 158, 100, 10, 167, 59, 255,
       17, 147, 45, 146, 211, 137, 215, 26, 251, 208, 4, 167, 251, 216,
       188, 27, 248, 113, 204, 93, 119, 185, 11, 104, 25, 63, 151, 32,
       81, 228, 187, 213, 0, 123, 159, 18, 191, 243, 247, 24, 11, 8, 0,
       166, 59, 102, 180, 238, 210, 205, 253, 248, 67, 235, 87, 249, 27,
       170, 252, 94, 14, 233, 187, 243, 21, 150, 115, 218, 193, 23, 30,
       216, 123, 197, 76, 223, 198, 217, 66, 222, 165, 44, 10, 77, 56,
       48, 162, 151, 243, 247, 35, 145, 91, 118, 229, 125, 238, 104, 197,
       197, 10, 208, 235, 239, 148, 44, 241, 33, 9, 138, 72, 233, 245,
       102, 88, 253, 23, 56, 198, 86, 178, 185, 15, 215, 104, 38, 59, 21,
       136, 224, 156, 165, 194, 71, 239, 254, 129, 167, 208, 87, 251,
