%YAML:1.0
---
descriptors: !!opencv-matrix
   rows: 206
   cols: 32
   dt: u
   data: [ 216, 157, 95, 245, 131, 110, 117, 182, 181, 194, 166, 18, 127,
       63, 33, 99, 163, 119, 125, 32, 121, 221, 49, 174, 227, 235, 86,
       19, 34, 112, 133, 58, 121, 73, 203, 252, 60, 128, 79, 246, 128, 2,
       196, 2, 49, 227, 177, 112, 104, 234, 21, 202, 73, 139, 166, 233,
       242, 169, 170, 8, 53, 241, 112, 40, 217, 79, 198, 110, 139, 16,
       79, 191, 177, 6, 206, 134, 105, 227, 163, 246, 114, 230, 168, 206,
       76, 152, 183, 171, 242, 253, 134, 1, 58, 246, 168, 12, 34, 180,
       171, 184, 205, 228, 185, 71, 155, 95, 92, 151, 172, 255, 118, 10,
       205, 59, 147, 149, 146, 75, 210, 209, 77, 85, 154, 235, 149, 68,
       183, 251, 128, 138, 154, 186, 220, 229, 145, 199, 158, 31, 72, 17,
       166, 177, 34, 72, 201, 59, 35, 17, 50, 47, 66, 55, 201, 135, 30,
       123, 144, 72, 173, 138, 2, 156, 153, 251, 236, 228, 185, 223, 158,
       91, 88, 114, 188, 255, 96, 106, 207, 59, 23, 145, 19, 94, 194,
       243, 141, 176, 186, 234, 148, 72, 165, 187, 45, 117, 33, 79, 85,
       31, 230, 248, 83, 232, 109, 76, 82, 80, 157, 180, 88, 204, 18,
       110, 201, 178, 253, 158, 39, 28, 5, 40, 91, 191, 82, 180, 143,
       254, 237, 81, 242, 179, 187, 158, 127, 242, 20, 246, 153, 79, 215,
       189, 55, 91, 151, 253, 183, 76, 45, 250, 110, 89, 47, 228, 191,
       245, 129, 245, 252, 228, 148, 178, 137, 124, 70, 136, 147, 150,
       165, 24, 75, 243, 75, 159, 17, 198, 232, 122, 42, 103, 171, 162,
       187, 219, 69, 125, 162, 255, 204, 98, 44, 101, 187, 69, 157, 79,
       71, 160, 113, 174, 239, 8, 210, 113, 13, 52, 24, 220, 64, 106,
       104, 178, 249, 14, 103, 223, 5, 52, 66, 123, 86, 34, 87, 87, 133,
       131, 172, 28, 238, 156, 172, 250, 154, 231, 205, 106, 223, 239,
       231, 71, 125, 255, 205, 81, 223, 224, 188, 120, 239, 148, 140,
       247, 153, 85, 244, 21, 123, 174, 19, 111, 87, 105, 41, 96, 253,
       42, 94, 127, 44, 49, 254, 149, 198, 34, 57, 179, 56, 206, 241,
       241, 2, 31, 121, 106, 230, 115, 33, 137, 41, 216, 93, 197, 203,
       207, 198, 1, 200, 2, 178, 197, 120, 96, 216, 170, 19, 156, 26, 43,
       114, 181, 217, 156, 154, 121, 16, 10, 112, 170, 33, 81, 121, 73,
       116, 207, 235, 112, 76, 40, 127, 0, 114, 21, 180, 36, 24, 56, 6,
       106, 193, 176, 113, 29, 103, 140, 32, 0, 91, 138, 66, 185, 82, 66,
       238, 253, 43, 54, 88, 62, 31, 149, 94, 135, 109, 239, 54, 79, 214,
       109, 189, 133, 136, 221, 231, 221, 130, 122, 219, 135, 54, 164,
       53, 127, 3, 153, 97, 241, 244, 168, 249, 151, 255, 89, 82, 247,
       189, 15, 244, 104, 111, 155, 23, 149, 147, 56, 102, 245, 14, 92,
       190, 192, 159, 140, 241, 217, 147, 220, 78, 190, 62, 163, 94, 242,
       150, 74, 217, 247, 101, 235, 179, 65, 95, 235, 31, 239, 236, 135,
       76, 255, 242, 110, 171, 136, 60, 247, 56, 217, 147, 192, 110, 189,
       63, 151, 216, 63, 95, 249, 86, 151, 77, 200, 54, 77, 214, 45, 191,
       165, 132, 253, 23, 221, 202, 123, 219, 215, 31, 140, 217, 95, 2,
       176, 40, 186, 205, 197, 185, 239, 158, 95, 84, 155, 172, 253, 126,
       0, 237, 27, 179, 145, 19, 126, 186, 247, 95, 87, 223, 239, 157,
       12, 183, 219, 213, 74, 207, 245, 78, 32, 237, 16, 184, 146, 195,
       214, 209, 35, 81, 123, 102, 229, 123, 174, 161, 215, 151, 64, 212,
       170, 250, 8, 45, 241, 51, 160, 67, 239, 34, 143, 252, 129, 175,
       239, 15, 5, 90, 175, 160, 136, 246, 68, 232, 110, 59, 85, 198, 26,
       199, 255, 60, 52, 142, 234, 28, 30, 176, 204, 89, 79, 108, 175,
       20, 10, 79, 48, 100, 164, 254, 135, 243, 35, 147, 81, 114, 228,
       76, 238, 200, 176, 69, 12, 226, 239, 161, 16, 37, 186, 112, 72,
       254, 80, 126, 238, 47, 86, 94, 57, 113, 110, 247, 138, 75, 62,
       191, 247, 246, 213, 253, 234, 236, 151, 189, 203, 243, 251, 194,
       155, 39, 190, 254, 87, 219, 13, 99, 236, 86, 198, 175, 112, 172,
       200, 90, 194, 125, 255, 48, 96, 118, 245, 31, 239, 225, 131, 52,
       206, 113, 44, 170, 128, 45, 160, 49, 248, 203, 149, 249, 127, 239,
       116, 253, 191, 123, 91, 95, 188, 253, 125, 158, 101, 23, 86, 245,
       13, 177, 76, 255, 247, 111, 127, 112, 202, 254, 228, 211, 127, 73,
       158, 45, 26, 153, 245, 17, 191, 22, 95, 199, 60, 248, 246, 170,
       253, 81, 170, 174, 152, 191, 78, 122, 183, 239, 247, 245, 253,
       154, 76, 172, 127, 147, 46, 6, 181, 138, 34, 60, 34, 172, 246,
       218, 215, 173, 163, 115, 67, 103, 103, 63, 175, 124, 217, 195,
       234, 236, 243, 207, 128, 44, 229, 41, 152, 252, 109, 252, 98, 141,
       93, 87, 236, 211, 182, 172, 8, 83, 225, 75, 59, 25, 196, 108, 122,
       108, 99, 251, 50, 251, 203, 69, 125, 227, 243, 206, 98, 125, 97,
       252, 106, 140, 95, 87, 216, 67, 182, 173, 10, 83, 121, 219, 59,
       89, 212, 108, 122, 236, 103, 255, 56, 251, 203, 69, 61, 243, 251,
       90, 38, 94, 190, 152, 185, 179, 240, 57, 159, 47, 31, 110, 161,
       141, 247, 202, 92, 231, 27, 237, 144, 22, 152, 75, 215, 206, 247,
       63, 207, 162, 198, 175, 67, 42, 162, 16, 168, 57, 157, 88, 47, 15,
       61, 176, 13, 175, 10, 74, 144, 205, 11, 207, 21, 30, 10, 67, 149,
       142, 209, 26, 255, 26, 12, 15, 27, 164, 32, 187, 242, 204, 237,
       225, 72, 214, 183, 161, 26, 80, 217, 105, 42, 249, 137, 115, 145,
       18, 119, 186, 18, 93, 143, 155, 109, 193, 11, 87, 226, 61, 56,
       189, 224, 45, 173, 80, 208, 235, 185, 176, 76, 158, 153, 85, 26,
       141, 193, 93, 92, 139, 99, 218, 128, 219, 217, 81, 126, 202, 27,
       82, 3, 249, 209, 119, 238, 40, 14, 94, 188, 161, 88, 178, 238,
       123, 127, 152, 115, 118, 213, 125, 238, 233, 233, 217, 173, 242,
       233, 231, 144, 47, 178, 98, 57, 62, 60, 240, 225, 247, 127, 122,
       216, 127, 236, 191, 171, 79, 125, 95, 188, 191, 157, 215, 183,
       156, 114, 121, 214, 223, 223, 1, 231, 231, 239, 78, 215, 101, 52,
       249, 225, 116, 47, 121, 26, 123, 250, 57, 124, 214, 253, 93, 56,
       159, 157, 119, 56, 185, 116, 217, 66, 141, 158, 97, 228, 200, 233,
       66, 177, 161, 188, 141, 63, 20, 175, 97, 183, 86, 239, 70, 84,
       243, 97, 146, 104, 17, 110, 48, 12, 179, 252, 127, 63, 79, 239,
       117, 0, 108, 232, 208, 248, 139, 216, 32, 147, 77, 157, 184, 244,
       205, 91, 212, 87, 188, 28, 94, 175, 237, 147, 218, 215, 231, 62,
       126, 247, 95, 91, 218, 107, 95, 12, 57, 223, 57, 75, 84, 254, 12,
       157, 70, 242, 197, 6, 212, 74, 163, 161, 179, 224, 72, 226, 46,
       78, 204, 43, 70, 189, 242, 233, 226, 24, 55, 185, 88, 8, 2, 131,
       19, 153, 213, 229, 164, 71, 31, 9, 218, 87, 172, 138, 36, 196,
       249, 43, 11, 145, 86, 184, 83, 245, 37, 52, 158, 67, 152, 8, 189,
       142, 151, 31, 79, 190, 190, 163, 110, 251, 148, 194, 203, 247,
       113, 238, 179, 65, 127, 231, 127, 175, 173, 131, 31, 127, 240, 46,
       235, 144, 189, 249, 176, 81, 215, 21, 133, 165, 172, 12, 108, 191,
       110, 250, 26, 199, 215, 238, 211, 235, 247, 205, 125, 255, 205,
       80, 255, 128, 188, 232, 239, 172, 44, 246, 177, 85, 72, 121, 147,
       229, 179, 206, 53, 146, 174, 136, 106, 8, 158, 183, 65, 120, 162,
       125, 76, 88, 17, 153, 176, 104, 237, 149, 38, 2, 194, 49, 7, 59,
       45, 222, 53, 219, 188, 187, 130, 148, 95, 43, 83, 114, 226, 88,
       188, 236, 219, 26, 166, 19, 183, 180, 109, 183, 46, 126, 48, 211,
       214, 27, 216, 7, 198, 222, 191, 181, 162, 102, 189, 151, 190, 223,
       18, 247, 204, 63, 227, 75, 167, 87, 253, 145, 176, 205, 35, 224,
       233, 99, 255, 135, 140, 112, 165, 123, 131, 189, 31, 249, 238,
       165, 185, 87, 190, 27, 90, 118, 188, 255, 224, 105, 167, 59, 55,
       145, 179, 216, 2, 213, 205, 154, 250, 234, 156, 64, 161, 185, 3,
       28, 229, 145, 150, 255, 169, 23, 30, 235, 90, 215, 188, 60, 183,
       172, 39, 43, 63, 157, 151, 184, 53, 218, 44, 14, 191, 192, 191,
       220, 129, 253, 56, 140, 2, 190, 150, 162, 74, 227, 148, 1, 218,
       195, 117, 227, 32, 192, 121, 171, 142, 132, 62, 155, 8, 191, 184,
