%YAML:1.0
---
descriptors: !!opencv-matrix
   rows: 155
   cols: 32
   dt: u
   data: [ 130, 188, 150, 184, 201, 165, 180, 199, 158, 91, 192, 93, 172,
       234, 96, 203, 205, 43, 235, 21, 55, 111, 210, 243, 137, 114, 95,
       122, 154, 76, 169, 150, 60, 71, 106, 175, 20, 66, 79, 248, 116,
       228, 239, 131, 83, 65, 187, 64, 120, 204, 13, 239, 72, 177, 109,
       62, 240, 231, 167, 21, 117, 251, 116, 96, 57, 143, 78, 45, 148,
       27, 78, 53, 100, 100, 254, 231, 243, 40, 146, 225, 122, 230, 76,
       239, 220, 185, 69, 61, 234, 239, 166, 80, 125, 170, 248, 8, 38,
       32, 152, 131, 223, 111, 184, 72, 15, 177, 161, 27, 196, 25, 76,
       10, 185, 157, 75, 49, 18, 115, 89, 208, 29, 20, 11, 119, 193, 75,
       159, 130, 245, 56, 189, 240, 173, 109, 81, 218, 203, 255, 181, 28,
       158, 253, 87, 59, 137, 193, 125, 17, 11, 103, 250, 176, 219, 217,
       85, 126, 194, 105, 86, 114, 36, 48, 249, 227, 188, 111, 82, 152,
       75, 185, 185, 89, 199, 93, 93, 26, 155, 221, 95, 115, 142, 116,
       217, 144, 143, 220, 1, 246, 196, 235, 86, 211, 83, 159, 71, 175,
       18, 182, 46, 55, 60, 194, 74, 199, 125, 110, 178, 192, 118, 231,
       189, 165, 229, 153, 21, 207, 176, 103, 174, 128, 44, 230, 169, 93,
       45, 112, 252, 99, 125, 127, 83, 216, 67, 252, 54, 12, 91, 93, 91,
       186, 152, 252, 213, 122, 136, 114, 249, 168, 79, 221, 37, 53, 226,
       251, 94, 242, 41, 125, 17, 101, 112, 14, 110, 190, 125, 168, 122,
       64, 159, 51, 1, 48, 132, 92, 68, 104, 193, 184, 81, 78, 229, 252,
       37, 4, 74, 177, 66, 177, 3, 30, 47, 153, 226, 185, 173, 23, 188,
       91, 94, 245, 188, 166, 182, 109, 39, 43, 30, 141, 181, 156, 54,
       127, 4, 50, 122, 130, 156, 212, 161, 245, 21, 140, 111, 248, 22,
       163, 227, 242, 84, 67, 222, 210, 113, 239, 176, 96, 123, 170, 22,
       188, 171, 191, 37, 255, 250, 239, 179, 192, 189, 201, 112, 232,
       10, 253, 25, 251, 48, 201, 87, 254, 23, 104, 84, 32, 190, 21, 1,
       32, 7, 90, 151, 66, 107, 24, 123, 127, 227, 151, 17, 177, 58, 153,
       4, 187, 190, 249, 50, 250, 183, 215, 158, 213, 31, 77, 223, 39,
       104, 223, 191, 108, 252, 187, 151, 215, 207, 151, 58, 245, 115,
       89, 158, 203, 31, 31, 188, 87, 223, 126, 239, 231, 38, 62, 127,
       144, 49, 238, 214, 166, 249, 111, 147, 123, 54, 245, 253, 238,
       169, 212, 229, 234, 198, 251, 239, 128, 167, 247, 118, 121, 153,
       20, 110, 229, 214, 118, 249, 23, 116, 231, 119, 50, 89, 61, 147,
       105, 127, 158, 23, 184, 184, 244, 53, 142, 103, 235, 242, 132,
       167, 192, 244, 249, 19, 79, 75, 252, 22, 129, 107, 118, 132, 0,
       218, 226, 57, 131, 177, 97, 110, 163, 31, 200, 75, 139, 6, 253,
       240, 172, 190, 128, 61, 152, 48, 40, 240, 239, 18, 190, 29, 129,
       70, 237, 149, 136, 176, 75, 98, 201, 44, 209, 248, 224, 78, 98,
       108, 39, 74, 191, 177, 224, 133, 59, 121, 58, 254, 10, 166, 239,
       232, 30, 236, 249, 254, 238, 219, 247, 245, 187, 33, 236, 223, 11,
       203, 235, 227, 71, 230, 126, 238, 243, 126, 83, 221, 187, 197,
       253, 222, 206, 46, 110, 232, 82, 102, 249, 249, 218, 91, 175, 124,
       190, 8, 173, 215, 156, 63, 248, 151, 153, 130, 118, 174, 226, 94,
       31, 181, 173, 231, 213, 94, 229, 82, 254, 146, 186, 59, 224, 24,
       198, 159, 31, 144, 247, 44, 238, 101, 206, 229, 243, 175, 145, 14,
       79, 138, 243, 152, 118, 222, 251, 144, 69, 45, 31, 11, 245, 17,
       243, 177, 205, 53, 254, 23, 121, 92, 116, 188, 183, 72, 36, 23,
       26, 151, 64, 83, 88, 251, 245, 239, 148, 93, 230, 58, 152, 131,
       155, 47, 135, 234, 150, 214, 115, 175, 107, 90, 231, 117, 159,
       201, 236, 182, 133, 123, 111, 147, 173, 181, 122, 172, 206, 60, 7,
       223, 237, 213, 109, 251, 212, 124, 98, 232, 103, 100, 10, 95, 152,
       33, 174, 183, 169, 83, 71, 219, 27, 54, 196, 109, 110, 72, 212,
       237, 8, 214, 203, 101, 181, 229, 243, 86, 67, 139, 186, 187, 251,
       108, 189, 249, 222, 127, 91, 116, 116, 156, 155, 244, 105, 167,
       11, 63, 29, 179, 124, 162, 243, 206, 223, 122, 238, 222, 136, 225,
       233, 54, 244, 224, 138, 95, 245, 146, 200, 139, 103, 157, 175,
       104, 252, 126, 132, 253, 219, 211, 145, 142, 39, 248, 243, 59, 84,
       137, 251, 215, 31, 182, 214, 141, 222, 237, 119, 230, 50, 255,
       176, 117, 250, 87, 246, 121, 109, 159, 111, 119, 214, 55, 174,
       225, 212, 45, 170, 102, 239, 246, 128, 175, 247, 112, 121, 195,
       158, 199, 149, 34, 172, 173, 55, 60, 75, 90, 245, 188, 38, 150,
       239, 39, 103, 126, 141, 229, 220, 183, 239, 132, 54, 122, 130, 12,
       212, 129, 93, 33, 160, 181, 89, 237, 109, 193, 203, 219, 251, 48,
       24, 178, 245, 197, 191, 201, 26, 114, 24, 51, 110, 242, 145, 13,
       26, 85, 62, 211, 40, 86, 172, 65, 141, 61, 101, 180, 46, 111, 55,
       112, 226, 110, 76, 211, 33, 16, 112, 16, 230, 124, 44, 185, 184,
       245, 14, 237, 175, 37, 0, 104, 232, 210, 56, 101, 69, 121, 69, 20,
       79, 195, 24, 68, 224, 239, 8, 211, 17, 25, 32, 88, 140, 16, 106,
       137, 178, 117, 14, 101, 140, 129, 52, 113, 171, 80, 96, 119, 56,
       156, 176, 169, 61, 80, 27, 171, 249, 178, 93, 142, 186, 71, 155,
       135, 197, 253, 21, 157, 67, 210, 192, 154, 219, 117, 254, 138,
       101, 75, 23, 246, 253, 239, 158, 207, 225, 157, 239, 155, 247,
       136, 187, 96, 252, 127, 11, 233, 251, 243, 147, 62, 111, 250, 243,
       123, 18, 223, 127, 213, 125, 182, 222, 84, 32, 29, 186, 45, 237,
       72, 8, 175, 23, 161, 8, 135, 194, 72, 91, 202, 129, 76, 30, 10,
       39, 218, 208, 145, 216, 82, 57, 64, 11, 67, 2, 134, 93, 58, 148,
       197, 228, 191, 194, 173, 198, 106, 3, 140, 190, 39, 75, 236, 249,
       147, 195, 32, 189, 18, 238, 181, 22, 203, 3, 129, 125, 165, 210,
       155, 78, 105, 87, 118, 145, 239, 240, 117, 72, 84, 230, 57, 77,
       151, 37, 46, 232, 23, 239, 225, 180, 45, 255, 118, 73, 162, 160,
       63, 183, 82, 253, 130, 136, 142, 184, 249, 225, 57, 135, 158, 31,
       196, 49, 172, 167, 34, 73, 193, 59, 187, 149, 54, 78, 66, 247,
       205, 119, 222, 235, 144, 4, 165, 218, 57, 223, 11, 46, 112, 215,
       23, 253, 84, 204, 252, 236, 114, 244, 162, 176, 92, 234, 134, 110,
       237, 171, 40, 63, 240, 133, 37, 152, 91, 190, 254, 249, 223, 118,
       237, 117, 182, 58, 127, 191, 115, 219, 86, 247, 89, 125, 159, 111,
       55, 247, 61, 175, 181, 244, 175, 234, 110, 255, 245, 132, 175,
       245, 208, 117, 190, 249, 162, 218, 207, 245, 158, 220, 27, 108,
       188, 47, 12, 220, 127, 172, 253, 219, 215, 211, 207, 99, 250, 243,
       27, 85, 141, 255, 223, 127, 62, 247, 240, 215, 23, 190, 13, 79,
       198, 237, 149, 174, 240, 111, 98, 226, 41, 213, 248, 228, 110, 98,
       109, 103, 90, 63, 176, 162, 231, 190, 89, 58, 250, 15, 17, 140,
       107, 249, 150, 163, 107, 115, 85, 67, 222, 214, 113, 227, 176, 96,
       121, 238, 63, 156, 185, 159, 37, 255, 250, 239, 178, 192, 189,
       201, 240, 32, 139, 29, 110, 219, 226, 246, 189, 151, 252, 95, 94,
       180, 253, 255, 178, 109, 103, 59, 191, 141, 177, 216, 55, 254, 70,
       127, 254, 192, 150, 213, 161, 249, 142, 183, 143, 155, 207, 229,
       169, 91, 158, 223, 93, 247, 92, 238, 98, 138, 125, 127, 179, 149,
       179, 95, 186, 247, 29, 7, 251, 239, 157, 77, 189, 243, 54, 225,
       48, 138, 77, 85, 210, 200, 7, 52, 185, 11, 66, 220, 111, 132, 216,
       152, 207, 115, 14, 35, 123, 145, 147, 16, 129, 127, 83, 47, 86,
       198, 7, 247, 17, 210, 251, 157, 172, 255, 187, 249, 61, 124, 140,
       247, 200, 164, 47, 27, 214, 28, 243, 122, 250, 214, 62, 94, 31,
       238, 142, 132, 131, 181, 139, 186, 251, 249, 242, 163, 185, 211,
       63, 67, 118, 246, 157, 151, 224, 104, 55, 59, 54, 148, 179, 220,
       39, 211, 222, 239, 58, 192, 188, 192, 161, 177, 14, 188, 50, 154,
       253, 253, 186, 199, 175, 85, 61, 3, 172, 254, 126, 196, 231, 43,
       159, 145, 22, 8, 58, 247, 47, 93, 158, 235, 150, 78, 173, 223,
       139, 178, 251, 249, 228, 189, 185, 87, 223, 91, 84, 118, 188, 223,
