%YAML:1.0
---
descriptors: !!opencv-matrix
   rows: 128
   cols: 32
   dt: u
   data: [ 241, 86, 111, 237, 36, 11, 71, 121, 68, 234, 247, 238, 83, 56,
       176, 97, 120, 164, 62, 46, 233, 183, 37, 140, 240, 235, 225, 148,
       109, 170, 80, 57, 181, 82, 95, 100, 46, 11, 79, 248, 84, 234, 180,
       238, 83, 117, 145, 49, 62, 212, 126, 106, 233, 183, 45, 30, 242,
       203, 101, 180, 125, 186, 82, 57, 188, 108, 72, 126, 91, 217, 82,
       96, 151, 4, 253, 169, 99, 207, 35, 16, 218, 185, 199, 194, 110, 7,
       74, 63, 242, 197, 33, 185, 113, 171, 78, 194, 96, 81, 26, 108, 73,
       79, 82, 72, 232, 64, 169, 8, 22, 151, 33, 48, 216, 144, 74, 98,
       77, 35, 80, 14, 211, 189, 0, 63, 88, 35, 106, 146, 190, 124, 82,
       174, 91, 199, 90, 96, 133, 44, 249, 45, 111, 223, 35, 17, 190,
       185, 213, 226, 108, 7, 24, 159, 243, 209, 9, 187, 51, 47, 38, 211,
       217, 60, 158, 254, 169, 237, 85, 87, 255, 187, 172, 24, 190, 243,
       65, 59, 129, 115, 124, 24, 57, 109, 178, 122, 251, 223, 85, 58,
       194, 96, 131, 43, 184, 124, 90, 110, 87, 205, 82, 112, 1, 8, 245,
       9, 127, 217, 33, 16, 252, 185, 132, 98, 72, 39, 24, 61, 243, 217,
       1, 59, 115, 171, 98, 163, 24, 149, 59, 126, 211, 204, 115, 119,
       61, 73, 110, 0, 62, 191, 32, 112, 182, 59, 147, 0, 115, 153, 48,
       79, 243, 253, 16, 67, 122, 64, 167, 251, 244, 89, 25, 254, 25,
       205, 82, 104, 143, 72, 173, 8, 118, 215, 33, 48, 144, 185, 222,
       98, 75, 3, 26, 31, 243, 213, 1, 59, 24, 35, 14, 50, 210, 107, 42,
       186, 57, 209, 26, 96, 175, 196, 137, 169, 172, 206, 118, 176, 204,
       185, 217, 195, 78, 11, 170, 255, 177, 20, 139, 187, 20, 6, 63, 94,
       71, 9, 159, 213, 141, 108, 172, 7, 238, 145, 138, 16, 244, 180,
       65, 238, 128, 118, 120, 24, 17, 201, 211, 224, 141, 54, 94, 16,
       138, 121, 153, 44, 69, 33, 155, 254, 253, 108, 51, 200, 234, 145,
       105, 0, 244, 243, 105, 122, 211, 75, 106, 90, 3, 67, 154, 224,
       213, 252, 67, 46, 144, 123, 35, 162, 196, 216, 29, 186, 169, 77,
       87, 236, 174, 58, 163, 24, 254, 211, 105, 91, 161, 209, 106, 98,
       97, 103, 27, 247, 217, 147, 87, 126, 80, 59, 5, 34, 7, 221, 183,
       147, 151, 244, 182, 167, 94, 211, 75, 19, 252, 252, 126, 235, 167,
       95, 50, 215, 183, 248, 191, 225, 45, 46, 94, 70, 141, 93, 169,
       206, 0, 205, 27, 255, 120, 132, 110, 231, 180, 0, 106, 64, 181,
       243, 32, 80, 196, 123, 11, 192, 74, 139, 66, 125, 229, 166, 190,
       8, 16, 16, 161, 170, 211, 106, 235, 231, 178, 2, 109, 20, 32, 224,
       22, 238, 121, 7, 211, 43, 38, 229, 61, 253, 193, 220, 165, 200,
       124, 41, 175, 160, 45, 182, 115, 120, 34, 189, 152, 152, 221, 245,
       176, 199, 155, 61, 88, 27, 140, 190, 102, 136, 201, 59, 131, 145,
       22, 11, 210, 209, 31, 20, 158, 111, 144, 76, 143, 142, 112, 165,
       196, 165, 95, 2, 97, 44, 50, 164, 206, 139, 99, 99, 74, 86, 120,
       204, 105, 232, 120, 203, 199, 136, 125, 166, 197, 57, 35, 168,
       118, 138, 24, 93, 122, 237, 85, 150, 127, 118, 101, 12, 126, 3,
       57, 191, 50, 80, 126, 187, 149, 202, 200, 184, 48, 169, 119, 237,
       162, 129, 103, 242, 124, 218, 45, 41, 105, 103, 100, 10, 103, 49,
       97, 224, 127, 200, 83, 97, 144, 50, 24, 238, 100, 110, 217, 176,
       237, 8, 70, 205, 101, 0, 111, 235, 82, 160, 109, 103, 33, 96, 252,
       63, 74, 220, 67, 168, 188, 72, 147, 41, 209, 185, 217, 204, 68,
       126, 169, 50, 232, 28, 255, 217, 161, 124, 211, 255, 90, 160, 137,
       144, 123, 91, 52, 174, 233, 18, 127, 75, 119, 84, 255, 19, 188,
       124, 23, 8, 54, 28, 179, 188, 49, 119, 71, 190, 50, 192, 218, 129,
       65, 177, 197, 52, 153, 236, 121, 108, 99, 218, 234, 153, 232, 24,
       150, 243, 105, 122, 241, 74, 106, 56, 35, 99, 250, 66, 205, 188,
       7, 60, 216, 113, 35, 162, 129, 196, 29, 249, 36, 173, 109, 223,
       94, 123, 96, 86, 188, 147, 120, 105, 177, 11, 42, 12, 227, 124,
       51, 211, 197, 154, 82, 36, 24, 88, 129, 168, 190, 225, 232, 162,
       93, 196, 219, 200, 130, 229, 149, 143, 11, 205, 90, 2, 152, 200,
       211, 85, 222, 47, 254, 163, 251, 69, 143, 125, 103, 14, 118, 210,
       218, 192, 255, 236, 23, 84, 237, 39, 225, 65, 198, 18, 57, 63, 20,
       227, 106, 245, 49, 169, 73, 236, 183, 201, 99, 235, 222, 9, 111,
       48, 247, 58, 86, 251, 40, 186, 56, 133, 155, 216, 138, 236, 153,
       175, 173, 204, 95, 0, 132, 105, 205, 199, 206, 3, 254, 255, 240,
       84, 139, 187, 28, 7, 23, 223, 41, 133, 127, 103, 116, 47, 239, 55,
       101, 232, 127, 76, 243, 33, 144, 52, 28, 102, 86, 44, 241, 184,
       97, 15, 103, 255, 32, 0, 78, 234, 210, 168, 67, 233, 165, 82, 157,
       213, 170, 172, 138, 241, 138, 138, 232, 236, 92, 230, 129, 87,
       250, 211, 71, 73, 255, 241, 29, 20, 223, 127, 132, 15, 149, 124,
       151, 66, 207, 236, 52, 2, 107, 80, 132, 128, 211, 230, 81, 199,
       177, 96, 124, 236, 31, 238, 201, 151, 4, 200, 240, 169, 170, 128,
       45, 179, 112, 48, 181, 23, 111, 173, 54, 2, 235, 80, 84, 200, 210,
       230, 83, 1, 177, 105, 122, 164, 31, 239, 169, 179, 37, 206, 240,
       43, 170, 128, 189, 187, 112, 49, 181, 23, 127, 109, 54, 11, 227,
       112, 84, 96, 247, 230, 83, 25, 176, 97, 126, 180, 30, 110, 249,
       182, 101, 14, 244, 235, 32, 128, 109, 171, 112, 49, 93, 196, 156,
       183, 141, 61, 156, 175, 206, 242, 134, 25, 223, 120, 95, 235, 129,
       71, 249, 39, 125, 69, 219, 145, 131, 251, 95, 55, 152, 124, 153,
       14, 178, 20, 19, 188, 91, 231, 90, 96, 181, 64, 233, 41, 111, 223,
       33, 149, 190, 185, 213, 226, 105, 135, 16, 158, 177, 208, 11, 59,
       51, 39, 39, 246, 56, 133, 87, 170, 215, 199, 118, 119, 133, 5,
       251, 3, 111, 255, 40, 192, 252, 187, 135, 32, 92, 187, 16, 157,
       187, 247, 2, 67, 115, 142, 228, 130, 89, 1, 145, 188, 157, 124,
       68, 7, 234, 125, 138, 24, 175, 242, 74, 218, 192, 231, 236, 1, 31,
       75, 242, 129, 185, 245, 30, 59, 128, 84, 152, 78, 162, 249, 114,
       154, 95, 213, 184, 231, 203, 85, 112, 27, 44, 156, 118, 132, 238,
       187, 147, 209, 214, 47, 18, 215, 61, 80, 30, 107, 87, 12, 255,
       206, 3, 49, 79, 193, 100, 169, 160, 19, 108, 17, 114, 86, 144, 24,
       212, 104, 106, 8, 50, 157, 131, 188, 85, 64, 4, 40, 178, 64, 77,
       137, 209, 172, 38, 161, 98, 90, 125, 213, 186, 232, 207, 20, 113,
       139, 104, 220, 126, 148, 217, 27, 147, 227, 214, 35, 30, 245, 23,
       28, 129, 111, 85, 15, 126, 214, 184, 87, 83, 236, 123, 67, 23,
       120, 21, 74, 253, 232, 94, 151, 169, 241, 94, 149, 135, 98, 105,
       135, 64, 206, 243, 181, 32, 155, 51, 123, 46, 51, 190, 12, 96,
       188, 79, 243, 86, 104, 149, 198, 225, 139, 107, 221, 35, 145, 218,
       169, 147, 231, 44, 38, 126, 159, 243, 195, 129, 59, 55, 127, 118,
       214, 169, 183, 115, 73, 244, 223, 228, 115, 124, 104, 122, 108,
       179, 28, 148, 165, 62, 170, 86, 41, 253, 184, 101, 31, 46, 216,
       32, 192, 111, 136, 218, 189, 168, 216, 122, 110, 112, 207, 115,
       240, 68, 8, 116, 8, 51, 19, 33, 49, 60, 184, 23, 106, 232, 182,
       56, 61, 103, 201, 32, 40, 115, 155, 98, 171, 33, 132, 123, 71, 52,
       186, 235, 50, 117, 67, 127, 208, 243, 41, 156, 100, 89, 166, 22,
       44, 185, 188, 101, 47, 46, 190, 176, 64, 204, 138, 80, 32, 177,
       70, 109, 101, 6, 10, 111, 51, 116, 106, 246, 230, 83, 5, 144, 113,
       126, 164, 126, 236, 233, 182, 101, 14, 244, 235, 224, 128, 109,
       168, 112, 49, 66, 240, 133, 205, 10, 70, 9, 24, 58, 240, 130, 196,
       244, 247, 196, 222, 54, 125, 121, 228, 1, 65, 187, 89, 137, 178,
       203, 172, 8, 160, 39, 121, 247, 233, 168, 176, 185, 213, 18, 206,
       235, 185, 128, 25, 142, 222, 70, 50, 193, 221, 253, 209, 94, 75,
       218, 162, 185, 213, 159, 127, 128, 20, 155, 6, 50, 149, 50, 200,
       93, 213, 216, 103, 143, 13, 217, 3, 44, 156, 54, 132, 236, 155,
       151, 129, 94, 43, 18, 213, 187, 84, 154, 251, 23, 14, 189, 206,
       86, 59, 158, 148, 203, 39, 148, 74, 139, 191, 172, 175, 12, 238,
