%YAML:1.0
---
descriptors: !!opencv-matrix
   rows: 218
   cols: 32
   dt: u
   data: [ 235, 168, 191, 254, 172, 221, 105, 215, 235, 91, 180, 24, 191,
       237, 22, 255, 141, 179, 93, 28, 187, 47, 226, 241, 219, 219, 86,
       248, 210, 128, 202, 108, 200, 60, 62, 248, 184, 236, 117, 55, 186,
       223, 54, 25, 191, 247, 2, 89, 167, 183, 109, 8, 56, 79, 146, 23,
       219, 251, 116, 137, 192, 192, 142, 91, 216, 170, 191, 250, 172,
       233, 81, 223, 235, 31, 180, 56, 191, 227, 192, 27, 163, 179, 108,
       24, 58, 109, 170, 49, 217, 211, 119, 127, 192, 192, 135, 35, 133,
       79, 70, 195, 230, 41, 231, 215, 124, 59, 90, 246, 209, 0, 217, 77,
       111, 10, 110, 30, 242, 188, 77, 98, 52, 168, 54, 196, 237, 219,
       241, 129, 208, 140, 191, 255, 157, 111, 205, 175, 222, 243, 130,
       26, 247, 253, 48, 107, 161, 119, 121, 41, 48, 237, 59, 189, 233,
       235, 223, 85, 148, 104, 149, 106, 2, 173, 34, 155, 215, 217, 190,
       231, 30, 69, 88, 131, 172, 236, 54, 196, 255, 107, 147, 21, 86,
       186, 78, 255, 44, 22, 158, 235, 213, 78, 189, 222, 58, 231, 50,
       184, 215, 221, 80, 103, 169, 93, 216, 11, 47, 140, 34, 144, 174,
       171, 197, 21, 94, 43, 162, 149, 251, 209, 24, 123, 99, 12, 190,
       91, 73, 135, 123, 236, 244, 142, 235, 55, 228, 72, 126, 70, 27,
       169, 176, 96, 118, 38, 28, 108, 209, 169, 160, 141, 118, 237, 32,
       192, 127, 138, 240, 113, 150, 47, 22, 144, 142, 171, 174, 226,
       173, 128, 178, 131, 206, 74, 37, 13, 42, 227, 78, 243, 48, 233, 7,
       254, 184, 2, 79, 67, 101, 9, 169, 4, 253, 53, 237, 247, 140, 103,
       79, 191, 16, 242, 183, 223, 211, 119, 153, 59, 93, 214, 125, 238,
       249, 214, 253, 44, 239, 203, 237, 180, 37, 241, 214, 240, 45, 119,
       80, 71, 228, 14, 102, 188, 97, 168, 127, 76, 83, 115, 137, 180,
       28, 196, 70, 106, 201, 178, 201, 42, 38, 221, 37, 36, 107, 251,
       202, 161, 97, 68, 193, 143, 84, 40, 238, 206, 90, 33, 217, 194,
       224, 162, 188, 192, 120, 204, 2, 141, 3, 50, 204, 211, 52, 36,
       138, 44, 29, 122, 209, 140, 253, 116, 221, 165, 137, 79, 95, 184,
       51, 242, 160, 9, 223, 87, 73, 59, 221, 213, 252, 242, 109, 87,
       249, 8, 251, 227, 101, 53, 162, 243, 6, 82, 70, 248, 189, 250,
       168, 233, 21, 238, 186, 223, 164, 41, 190, 255, 64, 59, 135, 123,
       253, 83, 3, 75, 250, 113, 217, 147, 127, 251, 144, 81, 135, 123,
       81, 29, 188, 253, 137, 110, 85, 51, 239, 247, 174, 16, 158, 55,
       67, 127, 229, 87, 124, 24, 184, 73, 243, 192, 221, 251, 94, 86,
       128, 96, 165, 115, 228, 125, 252, 101, 160, 79, 95, 188, 48, 170,
       182, 136, 211, 55, 131, 19, 30, 212, 125, 106, 104, 244, 241, 12,
       231, 203, 229, 20, 104, 251, 78, 51, 120, 253, 24, 232, 91, 205,
       85, 255, 35, 24, 180, 9, 31, 151, 64, 16, 167, 185, 221, 112, 74,
       15, 80, 157, 251, 209, 37, 255, 50, 16, 166, 91, 49, 215, 201,
       239, 246, 35, 207, 221, 23, 73, 249, 230, 115, 107, 188, 80, 126,
       142, 23, 174, 139, 178, 109, 157, 242, 237, 166, 132, 253, 218,
       114, 217, 60, 77, 110, 222, 92, 130, 199, 240, 196, 128, 255, 194,
       115, 233, 181, 97, 88, 228, 38, 234, 232, 163, 46, 44, 114, 171,
       231, 8, 117, 186, 112, 160, 35, 162, 66, 24, 75, 145, 152, 97,
       207, 4, 176, 239, 40, 206, 54, 148, 238, 49, 202, 133, 198, 7,
       134, 213, 18, 16, 138, 187, 87, 4, 43, 140, 244, 166, 26, 154,
       141, 233, 22, 207, 159, 23, 169, 27, 14, 226, 104, 89, 233, 147,
       202, 2, 122, 47, 202, 243, 177, 148, 27, 127, 208, 89, 166, 66,
       34, 205, 16, 155, 205, 197, 180, 239, 30, 17, 72, 18, 164, 210,
       40, 64, 201, 59, 163, 0, 66, 42, 82, 245, 37, 16, 26, 107, 16, 24,
       181, 138, 144, 5, 30, 173, 150, 66, 71, 117, 132, 4, 222, 3, 215,
       119, 43, 65, 120, 245, 15, 235, 120, 161, 17, 30, 241, 231, 170,
       16, 48, 186, 180, 66, 103, 153, 253, 93, 232, 86, 159, 187, 58,
       123, 252, 180, 153, 110, 134, 112, 215, 93, 180, 132, 215, 78,
       255, 119, 6, 191, 251, 236, 28, 160, 171, 213, 246, 172, 18, 186,
       157, 173, 210, 206, 159, 151, 160, 27, 14, 234, 111, 25, 201, 227,
       203, 51, 58, 111, 218, 246, 153, 214, 215, 127, 209, 89, 110, 138,
       162, 89, 59, 216, 205, 133, 156, 198, 204, 16, 200, 2, 180, 154,
       117, 99, 200, 187, 27, 195, 74, 43, 82, 241, 181, 16, 142, 56, 16,
       88, 181, 170, 138, 186, 146, 145, 178, 177, 184, 215, 63, 55, 84,
       181, 172, 142, 234, 140, 159, 27, 135, 17, 54, 220, 70, 247, 142,
       86, 30, 239, 134, 196, 143, 223, 148, 238, 67, 179, 160, 169, 110,
       198, 52, 51, 210, 242, 161, 34, 216, 73, 107, 202, 78, 158, 58,
       156, 69, 34, 188, 164, 254, 192, 161, 217, 161, 128, 64, 150, 120,
       229, 52, 78, 107, 48, 52, 103, 127, 148, 243, 39, 18, 80, 94, 188,
       63, 172, 168, 184, 113, 79, 231, 191, 162, 192, 37, 162, 68, 114,
       198, 160, 188, 211, 141, 125, 113, 142, 239, 191, 167, 24, 200,
       245, 76, 79, 161, 86, 233, 24, 50, 109, 251, 240, 79, 26, 85, 127,
       130, 104, 196, 46, 134, 255, 223, 215, 170, 108, 54, 254, 190,
       219, 187, 240, 245, 247, 205, 171, 231, 87, 255, 82, 115, 199,
       203, 34, 171, 239, 119, 218, 136, 251, 167, 187, 77, 191, 141,
       159, 250, 98, 175, 254, 62, 247, 76, 229, 245, 230, 203, 218, 119,
       79, 234, 149, 183, 90, 239, 127, 60, 39, 255, 236, 152, 119, 175,
       249, 26, 159, 18, 187, 215, 131, 190, 231, 31, 5, 90, 167, 45,
       238, 34, 64, 247, 187, 135, 145, 114, 152, 20, 255, 188, 231, 158,
       195, 60, 12, 173, 155, 165, 71, 200, 71, 244, 27, 207, 168, 113,
       166, 239, 136, 67, 96, 159, 180, 90, 204, 66, 110, 124, 178, 109,
       46, 62, 174, 5, 21, 103, 251, 222, 132, 19, 175, 67, 139, 178,
       195, 174, 239, 30, 65, 90, 231, 236, 238, 180, 192, 127, 107, 155,
       213, 215, 153, 13, 255, 60, 36, 143, 192, 29, 30, 161, 220, 113,
       168, 191, 248, 44, 221, 89, 199, 235, 91, 180, 24, 183, 205, 86,
       123, 201, 163, 127, 28, 63, 111, 250, 49, 219, 219, 118, 121, 208,
       8, 90, 107, 74, 248, 190, 247, 233, 220, 53, 134, 171, 247, 38,
       25, 188, 255, 70, 122, 131, 119, 251, 80, 82, 77, 186, 241, 207,
       147, 95, 123, 128, 80, 135, 122, 194, 185, 188, 243, 137, 252, 53,
       135, 175, 247, 166, 16, 188, 63, 70, 123, 161, 119, 249, 16, 16,
       88, 243, 224, 207, 243, 94, 83, 128, 80, 133, 122, 168, 188, 190,
       117, 165, 127, 117, 151, 63, 255, 190, 25, 255, 181, 2, 26, 133,
       114, 239, 8, 40, 249, 115, 34, 255, 223, 117, 49, 194, 248, 198,
       251, 88, 186, 191, 250, 168, 237, 89, 223, 239, 31, 181, 60, 191,
       247, 64, 91, 167, 179, 236, 16, 26, 107, 170, 241, 219, 211, 119,
       127, 210, 66, 199, 123, 60, 75, 79, 236, 78, 2, 198, 248, 196,
       128, 254, 194, 115, 233, 177, 67, 120, 228, 46, 238, 200, 227, 7,
       140, 114, 235, 231, 0, 103, 187, 112, 128, 200, 140, 189, 255,
       189, 103, 193, 175, 214, 183, 130, 24, 254, 249, 80, 75, 129, 119,
       107, 9, 56, 237, 219, 189, 201, 243, 95, 85, 144, 104, 181, 42,
       90, 5, 86, 242, 215, 163, 120, 111, 21, 135, 251, 27, 105, 107,
       45, 217, 249, 179, 171, 176, 60, 251, 3, 206, 63, 198, 212, 75,
       231, 204, 124, 10, 27, 90, 202, 189, 54, 134, 109, 87, 52, 12,
       214, 231, 121, 207, 179, 64, 126, 172, 63, 205, 200, 151, 215,
       169, 246, 239, 174, 128, 45, 180, 120, 89, 253, 4, 237, 247, 156,
       47, 79, 187, 112, 178, 191, 90, 83, 121, 25, 51, 121, 214, 125,
       171, 184, 242, 217, 46, 255, 235, 229, 20, 229, 251, 210, 32, 255,
       163, 101, 192, 236, 23, 79, 189, 87, 250, 148, 78, 91, 117, 216,
       181, 23, 196, 125, 126, 249, 118, 127, 158, 251, 222, 229, 252,
       62, 174, 208, 113, 5, 130, 206, 129, 196, 13, 237, 249, 116, 59,
       114, 86, 211, 96, 217, 73, 125, 142, 46, 188, 243, 176, 69, 66,
       140, 172, 54, 68, 237, 232, 65, 128, 21, 253, 157, 119, 152, 110,
       95, 188, 54, 179, 170, 80, 215, 119, 73, 43, 213, 87, 120, 114,
