%YAML:1.0
---
descriptors: !!opencv-matrix
   rows: 232
   cols: 32
   dt: u
   data: [ 16, 219, 58, 190, 52, 192, 183, 244, 212, 12, 210, 34, 183,
       219, 33, 65, 232, 251, 7, 67, 104, 191, 2, 61, 241, 161, 170, 9,
       16, 26, 52, 171, 252, 116, 188, 118, 203, 116, 87, 236, 81, 182,
       165, 24, 82, 249, 73, 187, 137, 215, 241, 35, 104, 103, 251, 42,
       243, 235, 85, 63, 99, 123, 230, 234, 18, 73, 111, 238, 70, 198,
       239, 117, 172, 192, 90, 130, 113, 223, 53, 64, 110, 245, 55, 239,
       193, 145, 52, 236, 113, 168, 174, 128, 37, 178, 113, 248, 11, 146,
       238, 189, 63, 215, 217, 59, 31, 253, 86, 231, 253, 252, 182, 77,
       215, 45, 183, 173, 165, 220, 55, 221, 202, 123, 251, 214, 30, 172,
       93, 95, 216, 12, 255, 245, 171, 106, 21, 166, 177, 150, 182, 50,
       111, 63, 1, 91, 163, 247, 237, 226, 120, 237, 163, 174, 243, 227,
       116, 19, 99, 241, 165, 107, 199, 121, 161, 176, 172, 20, 79, 156,
       123, 218, 144, 92, 215, 198, 219, 254, 215, 77, 125, 223, 207, 86,
       254, 176, 136, 248, 239, 172, 140, 245, 51, 117, 198, 252, 254,
       127, 188, 254, 86, 191, 159, 215, 71, 179, 115, 253, 111, 107,
       215, 127, 189, 18, 254, 252, 187, 179, 107, 255, 85, 143, 244,
       248, 236, 83, 74, 146, 238, 252, 56, 86, 89, 59, 191, 221, 86,
       229, 237, 238, 182, 91, 214, 125, 189, 165, 133, 221, 167, 205,
       195, 251, 251, 135, 30, 164, 37, 127, 44, 101, 51, 71, 149, 79,
       103, 168, 117, 232, 231, 8, 210, 113, 29, 52, 216, 220, 114, 106,
       73, 176, 121, 14, 103, 222, 5, 20, 67, 59, 86, 98, 181, 56, 189,
       240, 157, 237, 81, 218, 203, 249, 161, 24, 158, 153, 85, 59, 137,
       192, 124, 16, 27, 99, 250, 176, 219, 217, 17, 126, 194, 73, 82,
       34, 1, 26, 186, 253, 36, 165, 57, 210, 30, 15, 92, 6, 180, 243,
       35, 104, 247, 123, 55, 8, 130, 156, 3, 115, 197, 175, 122, 128,
       144, 89, 37, 171, 216, 157, 29, 252, 184, 205, 23, 191, 140, 25,
       140, 0, 183, 119, 32, 65, 196, 115, 93, 64, 123, 9, 83, 61, 233,
       161, 44, 88, 24, 8, 133, 59, 160, 189, 188, 216, 232, 237, 181,
       199, 158, 31, 0, 57, 164, 244, 104, 11, 137, 59, 107, 17, 50, 110,
       82, 115, 205, 150, 94, 123, 208, 72, 133, 171, 83, 31, 123, 214,
       50, 198, 191, 117, 189, 192, 91, 199, 125, 238, 180, 96, 118, 247,
       31, 239, 229, 153, 52, 238, 179, 108, 170, 128, 37, 182, 37, 125,
       98, 167, 0, 184, 185, 141, 156, 175, 143, 29, 184, 221, 174, 234,
       78, 144, 205, 27, 207, 5, 94, 75, 66, 247, 173, 212, 30, 251, 24,
       28, 143, 31, 150, 30, 78, 190, 154, 167, 190, 122, 148, 142, 219,
       247, 105, 231, 179, 65, 127, 227, 175, 166, 168, 135, 24, 254,
       242, 231, 251, 128, 189, 255, 41, 209, 220, 205, 205, 87, 157, 90,
       71, 175, 246, 182, 174, 0, 115, 101, 9, 114, 113, 246, 232, 250,
       123, 193, 127, 63, 239, 227, 197, 85, 162, 240, 196, 66, 220, 156,
       156, 190, 179, 250, 23, 191, 119, 183, 79, 60, 239, 243, 138, 93,
       19, 230, 108, 26, 62, 220, 251, 127, 170, 246, 87, 71, 186, 81,
       135, 14, 108, 112, 156, 103, 169, 63, 20, 154, 175, 186, 189, 109,
       223, 125, 73, 154, 133, 85, 237, 2, 4, 97, 219, 16, 207, 215, 117,
       55, 218, 127, 79, 19, 26, 140, 2, 186, 151, 163, 26, 231, 150, 1,
       218, 199, 109, 234, 32, 192, 249, 171, 139, 148, 62, 155, 8, 191,
       184, 230, 142, 67, 184, 78, 184, 138, 45, 117, 65, 79, 245, 31,
       198, 56, 83, 232, 121, 76, 210, 104, 157, 180, 92, 204, 18, 110,
       205, 178, 253, 190, 38, 126, 5, 40, 91, 255, 218, 148, 63, 223,
       107, 98, 242, 151, 191, 240, 37, 232, 255, 230, 89, 220, 191, 164,
       126, 253, 151, 239, 217, 179, 44, 238, 58, 77, 175, 198, 111, 183,
       242, 245, 56, 143, 111, 239, 148, 227, 235, 115, 4, 4, 250, 163,
       115, 111, 56, 64, 124, 179, 7, 161, 90, 186, 65, 191, 249, 231,
       170, 193, 117, 138, 100, 250, 49, 143, 79, 236, 150, 131, 239,
       119, 212, 64, 250, 230, 51, 169, 176, 96, 110, 162, 14, 236, 249,
       187, 4, 255, 248, 173, 162, 192, 61, 136, 240, 168, 201, 156, 181,
       180, 63, 126, 91, 55, 121, 235, 146, 88, 255, 60, 16, 243, 135,
       247, 124, 9, 189, 237, 245, 223, 189, 255, 121, 208, 172, 12, 131,
       125, 216, 92, 159, 188, 9, 64, 85, 166, 132, 158, 134, 57, 119,
       247, 35, 91, 193, 244, 237, 66, 104, 199, 243, 41, 209, 227, 120,
       25, 48, 120, 36, 122, 57, 203, 123, 238, 54, 135, 203, 245, 215,
       72, 220, 70, 113, 217, 176, 96, 126, 234, 30, 220, 219, 171, 108,
       191, 250, 237, 166, 200, 61, 138, 240, 169, 189, 120, 249, 98, 61,
       29, 83, 208, 195, 168, 188, 76, 27, 217, 81, 50, 152, 228, 93,
       126, 201, 39, 248, 170, 243, 221, 37, 60, 106, 251, 82, 43, 19,
       24, 195, 139, 18, 246, 170, 80, 61, 67, 194, 231, 124, 222, 181,
       236, 126, 169, 26, 151, 135, 145, 53, 234, 16, 38, 154, 130, 189,
       7, 41, 221, 162, 31, 111, 222, 254, 131, 175, 114, 220, 202, 116,
       230, 112, 117, 183, 101, 110, 114, 19, 234, 241, 174, 102, 255,
       116, 42, 234, 136, 117, 233, 116, 249, 8, 121, 149, 229, 241, 206,
       117, 183, 45, 136, 106, 72, 158, 55, 1, 48, 134, 63, 92, 8, 65,
       184, 81, 76, 237, 255, 118, 2, 10, 48, 131, 187, 121, 121, 59,
       100, 225, 206, 85, 119, 105, 200, 254, 76, 159, 187, 3, 48, 164,
       190, 124, 8, 201, 186, 241, 12, 243, 253, 52, 16, 106, 176, 66,
       251, 37, 52, 209, 227, 124, 47, 104, 16, 123, 186, 59, 72, 215,
       89, 93, 24, 159, 189, 119, 56, 169, 116, 217, 66, 12, 158, 33,
       244, 204, 235, 66, 161, 92, 49, 19, 246, 147, 206, 55, 225, 173,
       136, 99, 8, 222, 247, 41, 116, 176, 125, 72, 98, 81, 145, 184,
       125, 241, 214, 7, 6, 34, 51, 135, 51, 118, 114, 50, 160, 107, 148,
       156, 64, 137, 30, 144, 111, 12, 158, 87, 154, 237, 145, 255, 151,
       204, 7, 210, 194, 147, 118, 218, 186, 13, 23, 51, 87, 50, 155, 62,
       236, 124, 131, 222, 111, 196, 12, 248, 103, 49, 152, 52, 65, 200,
       185, 23, 225, 200, 43, 66, 157, 112, 137, 170, 185, 29, 40, 252,
       139, 76, 49, 248, 229, 160, 46, 121, 27, 43, 167, 46, 48, 223, 55,
       67, 90, 151, 213, 125, 60, 16, 208, 145, 0, 207, 253, 103, 4, 160,
       225, 7, 35, 231, 96, 105, 64, 221, 117, 203, 216, 67, 176, 181,
       10, 18, 201, 93, 60, 89, 136, 83, 126, 171, 38, 250, 146, 123,
       216, 133, 124, 219, 187, 82, 180, 45, 117, 17, 79, 221, 95, 198,
       184, 85, 234, 239, 76, 210, 113, 29, 180, 216, 76, 82, 110, 233,
       178, 249, 174, 39, 60, 5, 54, 74, 191, 210, 164, 156, 73, 119,
       229, 7, 70, 239, 84, 180, 136, 82, 66, 125, 215, 49, 229, 122,
       253, 61, 234, 64, 145, 32, 200, 241, 232, 238, 128, 39, 179, 37,
       168, 198, 222, 158, 183, 162, 96, 188, 151, 188, 223, 30, 247,
       204, 190, 235, 75, 167, 87, 253, 145, 48, 205, 131, 226, 235, 243,
       126, 199, 132, 112, 173, 91, 117, 56, 189, 240, 173, 173, 81, 208,
       235, 249, 180, 76, 158, 153, 69, 59, 141, 241, 127, 84, 139, 99,
       250, 192, 219, 217, 81, 126, 202, 9, 83, 35, 121, 71, 108, 45, 52,
       10, 75, 48, 100, 164, 254, 135, 243, 41, 147, 83, 122, 228, 108,
       108, 204, 184, 69, 13, 226, 235, 160, 17, 109, 170, 120, 72, 104,
       165, 57, 100, 173, 127, 215, 175, 7, 188, 188, 8, 218, 61, 86, 48,
       153, 150, 245, 1, 88, 42, 107, 159, 251, 223, 53, 191, 83, 122,
       214, 107, 163, 91, 106, 220, 116, 130, 237, 117, 124, 12, 86, 230,
       48, 144, 182, 117, 222, 56, 22, 233, 225, 190, 36, 77, 100, 56,
       186, 130, 4, 144, 246, 173, 244, 237, 237, 74, 140, 71, 87, 204,
       83, 182, 160, 9, 67, 97, 71, 27, 217, 196, 108, 242, 126, 103,
       251, 50, 251, 202, 197, 125, 241, 123, 118, 102, 197, 25, 157,
       183, 128, 14, 37, 191, 58, 251, 2, 85, 215, 55, 1, 91, 133, 87,
       121, 92, 49, 220, 251, 32, 201, 163, 127, 20, 136, 112, 135, 121,
       9, 129, 187, 104, 181, 221, 227, 223, 94, 13, 124, 0, 159, 241,
       168, 228, 184, 26, 38, 24, 19, 56, 50, 151, 239, 221, 38, 76, 210,
