%YAML:1.0
---
descriptors: !!opencv-matrix
   rows: 464
   cols: 32
   dt: u
   data: [ 124, 121, 54, 234, 25, 221, 82, 64, 239, 132, 164, 9, 46, 223,
       103, 182, 164, 177, 236, 82, 14, 35, 186, 249, 211, 217, 1, 59,
       66, 55, 110, 70, 197, 79, 127, 65, 52, 31, 106, 49, 117, 232, 126,
       100, 83, 2, 151, 244, 118, 132, 46, 110, 237, 176, 101, 95, 38,
       255, 33, 132, 114, 162, 72, 101, 29, 72, 7, 254, 15, 150, 78, 240,
       196, 66, 195, 66, 113, 210, 177, 225, 120, 240, 58, 203, 73, 167,
       62, 173, 147, 239, 226, 8, 63, 51, 120, 40, 41, 186, 226, 88, 253,
       253, 177, 87, 251, 93, 116, 60, 40, 156, 214, 188, 205, 58, 194,
       28, 151, 58, 246, 209, 14, 93, 48, 235, 203, 140, 222, 253, 90,
       249, 251, 186, 43, 208, 17, 198, 175, 85, 164, 171, 46, 223, 99,
       90, 226, 243, 239, 208, 2, 11, 178, 241, 219, 245, 30, 59, 178,
       20, 39, 123, 10, 91, 38, 154, 73, 149, 60, 204, 143, 92, 68, 167,
       172, 203, 103, 198, 236, 43, 187, 199, 198, 3, 146, 241, 22, 80,
       138, 171, 26, 31, 57, 223, 25, 31, 116, 67, 48, 158, 75, 49, 117,
       172, 239, 68, 219, 19, 133, 116, 86, 180, 28, 216, 201, 152, 113,
       14, 227, 254, 36, 128, 42, 162, 64, 41, 145, 206, 75, 239, 52,
       139, 111, 244, 86, 170, 90, 98, 247, 65, 177, 96, 123, 236, 30,
       106, 233, 188, 77, 63, 228, 142, 167, 128, 60, 187, 80, 40, 113,
       79, 124, 100, 48, 14, 83, 182, 117, 232, 190, 69, 83, 51, 151,
       112, 86, 228, 76, 108, 184, 137, 65, 46, 251, 175, 37, 148, 234,
       243, 74, 107, 137, 196, 37, 239, 13, 77, 77, 188, 22, 115, 196,
       16, 246, 19, 24, 101, 209, 10, 121, 44, 107, 4, 251, 23, 229, 249,
       218, 60, 26, 152, 208, 58, 145, 217, 123, 254, 118, 135, 191, 244,
       124, 0, 112, 226, 125, 219, 188, 32, 126, 123, 6, 195, 227, 187,
       30, 127, 117, 143, 42, 128, 125, 147, 35, 185, 10, 173, 182, 157,
       125, 199, 186, 235, 158, 164, 216, 3, 236, 254, 102, 68, 217, 127,
       251, 145, 70, 219, 91, 255, 61, 22, 143, 39, 22, 46, 61, 206, 167,
       102, 45, 165, 164, 47, 238, 48, 20, 238, 27, 223, 211, 44, 211,
       11, 28, 68, 93, 47, 253, 244, 69, 142, 236, 27, 237, 180, 77, 255,
       88, 209, 147, 94, 214, 220, 50, 178, 186, 214, 252, 72, 122, 230,
       61, 186, 165, 234, 102, 127, 22, 209, 165, 153, 4, 234, 48, 172,
       62, 130, 173, 209, 41, 157, 230, 105, 6, 150, 79, 80, 189, 96,
       168, 150, 151, 154, 204, 138, 87, 175, 238, 245, 251, 227, 100,
       87, 178, 192, 21, 48, 202, 171, 7, 37, 63, 132, 148, 236, 57, 41,
       154, 111, 143, 175, 22, 55, 169, 25, 215, 87, 89, 17, 89, 91, 89,
       63, 106, 38, 89, 23, 233, 143, 47, 124, 241, 81, 135, 226, 40,
       157, 126, 159, 93, 215, 178, 96, 204, 12, 125, 3, 236, 88, 46, 64,
       216, 59, 131, 99, 6, 171, 90, 253, 71, 87, 130, 67, 83, 15, 125,
       131, 5, 201, 138, 191, 141, 199, 239, 239, 150, 7, 79, 3, 241,
       237, 50, 64, 89, 106, 59, 207, 90, 184, 90, 191, 237, 167, 207,
       73, 144, 58, 176, 234, 206, 123, 183, 156, 77, 84, 180, 96, 232,
       220, 208, 35, 140, 214, 103, 239, 236, 117, 234, 226, 196, 71,
       162, 192, 21, 112, 206, 43, 3, 45, 47, 215, 89, 158, 173, 53, 168,
       188, 88, 23, 46, 117, 142, 5, 247, 62, 2, 210, 165, 39, 253, 21,
       157, 9, 243, 1, 219, 239, 122, 81, 168, 64, 13, 90, 217, 29, 106,
       174, 84, 214, 122, 113, 177, 72, 203, 2, 125, 223, 48, 112, 102,
       189, 21, 131, 29, 155, 144, 239, 243, 229, 170, 129, 45, 163, 48,
       26, 206, 221, 245, 255, 215, 118, 126, 191, 243, 147, 127, 50,
       105, 121, 28, 231, 51, 247, 181, 170, 243, 252, 187, 239, 47, 255,
       213, 2, 167, 247, 212, 47, 122, 52, 172, 244, 13, 125, 153, 23,
       168, 255, 150, 61, 155, 61, 86, 59, 141, 183, 245, 129, 205, 111,
       242, 128, 211, 243, 248, 179, 69, 76, 30, 123, 220, 121, 149, 164,
       173, 83, 86, 141, 194, 242, 136, 40, 79, 118, 65, 186, 131, 213,
       236, 115, 77, 67, 251, 0, 187, 195, 109, 127, 168, 114, 7, 90, 86,
       99, 168, 164, 136, 52, 94, 159, 42, 182, 138, 137, 223, 174, 83,
       106, 149, 215, 253, 151, 140, 67, 219, 128, 219, 199, 223, 61,
       160, 115, 141, 90, 90, 25, 3, 174, 53, 214, 91, 33, 165, 200, 223,
       2, 107, 190, 33, 226, 232, 245, 189, 195, 73, 139, 160, 237, 177,
       253, 170, 137, 54, 46, 52, 74, 92, 107, 184, 160, 184, 13, 94,
       156, 34, 245, 136, 137, 223, 175, 91, 90, 151, 223, 253, 209, 158,
       75, 217, 176, 251, 197, 45, 125, 164, 243, 143, 82, 142, 238, 236,
       247, 164, 51, 254, 159, 119, 183, 30, 151, 201, 105, 223, 11, 63,
       79, 55, 159, 242, 252, 239, 227, 110, 79, 255, 229, 167, 245, 212,
       202, 6, 13, 18, 138, 221, 177, 186, 200, 31, 1, 89, 67, 236, 248,
       61, 196, 217, 59, 147, 195, 23, 179, 26, 255, 54, 20, 139, 239,
       159, 95, 185, 134, 66, 185, 246, 223, 235, 208, 184, 39, 175, 21,
       102, 163, 172, 190, 70, 198, 230, 31, 235, 145, 86, 201, 163, 225,
       15, 114, 222, 75, 3, 6, 173, 223, 215, 213, 163, 128, 180, 86,
       106, 196, 225, 201, 218, 214, 81, 214, 254, 231, 118, 205, 28,
       253, 221, 215, 180, 196, 184, 104, 174, 198, 172, 55, 185, 117,
       139, 248, 37, 155, 31, 213, 176, 204, 95, 89, 82, 98, 172, 220,
       126, 237, 213, 57, 178, 81, 135, 252, 127, 245, 7, 114, 154, 227,
       30, 12, 57, 95, 37, 189, 253, 119, 228, 111, 213, 191, 94, 247,
       104, 156, 211, 60, 71, 41, 223, 95, 51, 0, 188, 250, 125, 56, 111,
       143, 245, 52, 205, 248, 214, 218, 53, 142, 74, 235, 150, 163, 234,
       218, 86, 5, 219, 162, 97, 227, 184, 96, 127, 170, 19, 152, 154,
       187, 13, 255, 248, 143, 143, 64, 181, 203, 248, 128, 228, 100,
       174, 82, 77, 125, 228, 194, 249, 23, 163, 24, 130, 232, 95, 63,
       201, 194, 106, 11, 46, 119, 250, 67, 23, 218, 80, 61, 193, 121,
       86, 134, 210, 209, 190, 167, 39, 94, 126, 164, 237, 37, 198, 3,
       236, 190, 62, 70, 230, 245, 253, 193, 68, 153, 145, 227, 183, 246,
       222, 23, 38, 22, 173, 30, 172, 121, 120, 127, 96, 220, 127, 48,
       61, 142, 119, 168, 255, 95, 131, 176, 22, 121, 215, 78, 224, 180,
       122, 239, 231, 253, 32, 128, 66, 179, 78, 241, 130, 160, 146, 153,
       101, 189, 184, 130, 62, 25, 80, 17, 140, 154, 110, 72, 231, 25,
       147, 16, 54, 156, 2, 211, 15, 150, 26, 227, 144, 4, 45, 135, 74,
       174, 166, 157, 217, 159, 188, 103, 191, 127, 218, 151, 168, 174,
       118, 215, 237, 175, 251, 133, 254, 219, 215, 211, 63, 54, 158,
       179, 135, 76, 189, 222, 130, 144, 22, 152, 77, 245, 184, 107, 31,
       23, 246, 19, 140, 190, 102, 205, 233, 185, 171, 145, 54, 127, 83,
       209, 31, 50, 219, 111, 147, 12, 45, 206, 26, 34, 82, 136, 75, 209,
       184, 65, 175, 36, 210, 163, 12, 142, 226, 196, 106, 153, 239, 129,
       6, 3, 135, 209, 144, 64, 154, 187, 55, 4, 37, 207, 87, 253, 97,
       135, 22, 68, 175, 188, 106, 236, 31, 198, 176, 28, 223, 100, 55,
       207, 61, 239, 227, 221, 189, 255, 60, 44, 175, 164, 5, 183, 113,
       124, 60, 85, 88, 238, 116, 215, 86, 249, 21, 4, 253, 15, 123, 121,
       43, 208, 88, 250, 135, 106, 14, 178, 88, 191, 247, 237, 161, 9,
       127, 187, 126, 147, 149, 189, 190, 48, 178, 235, 182, 99, 255,
       251, 50, 58, 30, 184, 226, 35, 163, 117, 254, 19, 117, 253, 0,
       118, 152, 2, 101, 99, 236, 97, 141, 7, 19, 145, 186, 233, 151,
       182, 185, 215, 69, 73, 94, 2, 156, 179, 50, 108, 117, 63, 62, 157,
       157, 152, 49, 196, 173, 254, 158, 70, 170, 8, 169, 167, 130, 78,
       10, 190, 114, 192, 60, 103, 181, 143, 86, 179, 173, 174, 37, 64,
       238, 187, 175, 144, 98, 159, 34, 239, 119, 119, 158, 139, 20, 212,
       37, 251, 15, 44, 167, 186, 247, 165, 186, 198, 54, 201, 91, 227,
       124, 252, 57, 172, 191, 123, 51, 149, 151, 234, 15, 239, 40, 30,
       30, 202, 207, 223, 177, 157, 44, 95, 122, 79, 116, 199, 239, 112,
       84, 140, 127, 2, 115, 109, 179, 96, 120, 242, 6, 234, 216, 186,
       44, 63, 103, 173, 160, 0, 119, 187, 124, 160, 252, 111, 213, 229,
