%YAML:1.0
---
descriptors: !!opencv-matrix
   rows: 342
   cols: 32
   dt: u
   data: [ 187, 204, 111, 252, 31, 197, 207, 230, 212, 64, 212, 130, 49,
       207, 48, 97, 104, 162, 27, 204, 235, 175, 54, 191, 243, 203, 154,
       24, 63, 152, 112, 120, 41, 175, 101, 103, 101, 43, 79, 48, 65,
       228, 123, 205, 123, 105, 150, 51, 24, 228, 87, 110, 220, 250, 237,
       140, 102, 249, 101, 16, 103, 239, 82, 194, 9, 57, 250, 68, 114,
       155, 51, 114, 236, 224, 78, 237, 62, 180, 167, 116, 166, 124, 214,
       76, 133, 153, 164, 46, 118, 61, 33, 130, 70, 165, 3, 253, 66, 177,
       146, 180, 221, 252, 184, 71, 154, 181, 24, 27, 172, 190, 66, 2,
       233, 59, 195, 17, 22, 75, 146, 195, 157, 84, 158, 107, 128, 12,
       159, 206, 2, 181, 146, 159, 223, 220, 184, 101, 138, 21, 89, 19,
       172, 188, 94, 134, 175, 63, 243, 17, 22, 122, 154, 247, 45, 52,
       30, 107, 197, 14, 143, 207, 38, 92, 38, 156, 109, 197, 156, 234,
       158, 154, 208, 3, 224, 222, 125, 9, 217, 121, 179, 197, 78, 102,
       82, 249, 5, 18, 203, 171, 20, 61, 116, 222, 10, 72, 224, 253, 101,
       148, 248, 60, 119, 76, 84, 7, 169, 217, 55, 192, 112, 169, 191,
       205, 198, 44, 50, 219, 71, 255, 178, 137, 55, 182, 124, 202, 181,
       19, 79, 161, 180, 38, 107, 240, 100, 172, 251, 231, 83, 33, 187,
       73, 124, 196, 46, 254, 185, 179, 125, 140, 216, 171, 163, 196,
       173, 171, 112, 113, 229, 170, 232, 225, 52, 175, 106, 178, 73,
       160, 22, 78, 147, 25, 81, 34, 35, 228, 125, 127, 165, 220, 181,
       172, 207, 201, 169, 244, 45, 169, 89, 1, 250, 96, 90, 172, 27,
       205, 82, 72, 173, 132, 165, 9, 14, 223, 34, 80, 250, 185, 207, 98,
       72, 39, 16, 159, 211, 209, 11, 59, 115, 46, 47, 66, 105, 185, 29,
       125, 109, 205, 225, 104, 254, 240, 100, 8, 246, 209, 64, 49, 144,
       44, 106, 8, 3, 120, 219, 29, 205, 219, 81, 58, 88, 8, 75, 170, 70,
       72, 134, 188, 107, 121, 52, 202, 143, 94, 218, 163, 236, 226, 227,
       202, 195, 97, 239, 132, 4, 71, 195, 240, 150, 118, 127, 171, 186,
       125, 41, 215, 108, 110, 154, 252, 203, 252, 178, 194, 171, 151,
       172, 9, 142, 239, 111, 90, 233, 254, 234, 16, 6, 99, 154, 224, 87,
       245, 7, 59, 210, 125, 103, 194, 1, 149, 63, 127, 112, 238, 99, 55,
       124, 73, 127, 80, 180, 55, 32, 112, 183, 58, 22, 8, 179, 184, 48,
       111, 109, 191, 50, 64, 200, 192, 165, 187, 3, 158, 19, 191, 52,
       190, 104, 55, 60, 73, 91, 84, 188, 50, 176, 224, 135, 43, 30, 13,
       183, 156, 17, 255, 140, 126, 58, 194, 136, 132, 153, 29, 244, 109,
       206, 228, 206, 2, 103, 205, 51, 182, 172, 139, 65, 227, 67, 95,
       121, 238, 97, 250, 120, 67, 207, 42, 122, 134, 197, 45, 167, 250,
       242, 138, 184, 237, 122, 106, 116, 205, 83, 244, 21, 0, 116, 8,
       59, 223, 34, 48, 56, 184, 23, 106, 74, 62, 56, 63, 243, 201, 32,
       41, 115, 155, 110, 250, 184, 104, 121, 110, 85, 205, 83, 224, 81,
       100, 228, 9, 51, 221, 1, 16, 88, 168, 5, 110, 74, 54, 120, 63,
       243, 201, 33, 57, 115, 139, 70, 202, 112, 160, 238, 141, 124, 10,
       73, 42, 49, 165, 206, 137, 119, 33, 18, 82, 82, 196, 125, 173, 8,
       219, 197, 77, 216, 46, 193, 20, 36, 160, 114, 40, 248, 145, 23,
       235, 193, 198, 113, 97, 37, 25, 231, 18, 90, 127, 44, 112, 232,
       151, 179, 192, 89, 155, 27, 245, 91, 239, 194, 71, 123, 2, 228,
       50, 115, 59, 81, 188, 116, 247, 202, 40, 91, 72, 248, 72, 247,
       254, 156, 176, 222, 233, 20, 233, 143, 162, 254, 223, 185, 156,
       139, 186, 88, 35, 67, 61, 23, 231, 195, 131, 148, 162, 238, 252,
       38, 49, 139, 87, 81, 106, 216, 0, 121, 79, 19, 255, 154, 209, 13,
       246, 40, 12, 191, 196, 173, 211, 240, 136, 242, 2, 18, 136, 91,
       67, 152, 67, 45, 4, 250, 171, 12, 142, 32, 212, 238, 149, 207,
       160, 76, 167, 1, 204, 145, 176, 138, 155, 19, 12, 38, 135, 1, 157,
       31, 101, 244, 206, 101, 55, 124, 200, 126, 68, 183, 51, 128, 113,
       132, 54, 22, 40, 241, 184, 113, 15, 101, 190, 100, 0, 72, 192,
       195, 169, 87, 237, 235, 128, 196, 50, 238, 238, 114, 243, 154, 66,
       17, 170, 213, 42, 121, 205, 49, 217, 223, 91, 180, 226, 56, 14,
       207, 228, 173, 245, 250, 132, 33, 32, 119, 65, 70, 159, 224, 66,
       109, 113, 114, 114, 176, 24, 148, 236, 106, 156, 50, 24, 131, 184,
       101, 65, 4, 40, 50, 64, 109, 136, 80, 172, 189, 71, 10, 44, 122,
       43, 95, 104, 145, 132, 249, 143, 71, 201, 43, 17, 222, 169, 199,
       103, 108, 167, 64, 30, 240, 225, 41, 57, 113, 47, 102, 194, 73,
       148, 59, 107, 52, 172, 115, 51, 236, 73, 127, 84, 255, 57, 56,
       112, 165, 54, 124, 12, 147, 184, 51, 95, 111, 255, 50, 64, 202,
       130, 225, 59, 65, 149, 59, 78, 116, 172, 123, 55, 120, 73, 127,
       68, 188, 181, 176, 112, 183, 46, 23, 44, 179, 184, 48, 79, 111,
       61, 34, 192, 72, 194, 243, 249, 67, 142, 133, 159, 162, 162, 40,
       34, 62, 91, 75, 244, 236, 98, 128, 223, 39, 47, 44, 129, 181, 216,
       7, 119, 140, 54, 250, 192, 156, 100, 41, 29, 244, 68, 89, 236, 26,
       203, 82, 72, 133, 224, 229, 169, 23, 215, 41, 48, 26, 185, 143,
       98, 73, 7, 66, 30, 243, 149, 1, 59, 48, 171, 14, 114, 83, 33, 98,
       140, 95, 147, 155, 72, 173, 196, 201, 143, 12, 206, 55, 84, 250,
       169, 223, 231, 204, 3, 182, 222, 144, 20, 139, 187, 61, 39, 63,
       246, 90, 249, 50, 170, 27, 145, 26, 228, 171, 4, 132, 41, 46, 222,
       102, 212, 230, 249, 205, 211, 78, 11, 154, 245, 249, 213, 143,
       123, 18, 23, 47, 14, 33, 191, 113, 73, 244, 223, 226, 243, 127,
       72, 120, 64, 179, 88, 148, 180, 122, 42, 22, 120, 211, 184, 117,
       95, 46, 28, 37, 64, 95, 138, 210, 173, 246, 59, 173, 164, 142, 70,
       149, 61, 128, 254, 154, 111, 84, 62, 81, 11, 201, 215, 125, 227,
       233, 195, 219, 8, 249, 34, 239, 148, 5, 112, 183, 123, 71, 113,
       106, 152, 31, 208, 146, 72, 207, 196, 157, 175, 232, 216, 255, 68,
       122, 161, 251, 231, 198, 35, 254, 221, 18, 60, 139, 187, 29, 47,
       57, 214, 105, 59, 187, 229, 36, 14, 103, 55, 105, 232, 126, 76,
       183, 41, 144, 50, 156, 110, 116, 76, 201, 184, 241, 8, 231, 253,
       36, 144, 72, 186, 210, 59, 199, 54, 193, 149, 244, 43, 100, 23,
       121, 227, 26, 253, 198, 40, 213, 142, 147, 102, 110, 29, 181, 116,
       197, 194, 12, 30, 53, 182, 206, 253, 217, 21, 1, 169, 17, 89, 148,
       205, 109, 135, 110, 65, 104, 64, 178, 128, 180, 228, 72, 42, 2,
       92, 147, 184, 117, 125, 45, 28, 22, 64, 152, 136, 193, 172, 94,
       251, 163, 178, 29, 193, 155, 136, 134, 188, 147, 227, 175, 205,
       90, 194, 197, 115, 237, 211, 74, 73, 234, 177, 185, 84, 175, 255,
       4, 15, 53, 123, 210, 145, 174, 181, 50, 150, 56, 32, 180, 213,
       134, 179, 253, 103, 138, 75, 102, 245, 253, 228, 172, 221, 33, 77,
       219, 227, 239, 193, 36, 160, 45, 115, 119, 220, 132, 159, 13, 116,
       156, 174, 142, 122, 130, 18, 202, 120, 30, 239, 201, 87, 249, 135,
       109, 69, 219, 177, 131, 251, 223, 31, 158, 125, 153, 22, 87, 95,
       151, 95, 162, 36, 62, 151, 185, 11, 235, 244, 204, 182, 172, 255,
       167, 87, 172, 130, 225, 193, 187, 98, 161, 246, 126, 130, 136,
       112, 167, 53, 67, 233, 183, 156, 159, 196, 171, 134, 238, 209,
       138, 2, 188, 182, 96, 230, 227, 119, 122, 217, 83, 73, 179, 225,
       173, 52, 30, 74, 132, 0, 165, 124, 110, 160, 167, 82, 173, 253,
       146, 128, 143, 95, 189, 24, 234, 252, 95, 174, 137, 115, 249, 23,
       27, 97, 250, 161, 139, 95, 218, 123, 194, 95, 85, 246, 71, 9, 151,
       213, 141, 220, 164, 135, 238, 209, 142, 0, 188, 244, 113, 238,
       225, 118, 122, 88, 19, 201, 179, 224, 173, 54, 94, 72, 128, 113,
       177, 44, 71, 9, 182, 85, 141, 60, 165, 7, 238, 187, 142, 0, 248,
       240, 23, 110, 161, 102, 120, 24, 21, 233, 243, 224, 141, 62, 86,
       18, 130, 121, 153, 12, 6, 219, 167, 187, 191, 134, 189, 150, 142,
       221, 146, 247, 236, 109, 115, 206, 207, 87, 191, 213, 154, 201,
       123, 224, 205, 54, 222, 210, 150, 94, 181, 251, 3, 1, 34, 129, 69,
