%YAML:1.0
---
descriptors: !!opencv-matrix
   rows: 172
   cols: 32
   dt: u
   data: [ 78, 177, 54, 142, 123, 221, 182, 232, 175, 220, 221, 41, 236,
       218, 110, 214, 254, 255, 235, 99, 70, 35, 218, 217, 183, 113, 15,
       63, 90, 63, 47, 199, 62, 97, 50, 234, 41, 213, 159, 200, 175, 44,
       181, 11, 14, 223, 39, 20, 236, 189, 239, 226, 76, 3, 234, 216,
       243, 241, 143, 63, 83, 62, 47, 70, 218, 188, 146, 176, 131, 253,
       16, 71, 187, 23, 168, 25, 46, 159, 98, 152, 163, 187, 217, 17, 22,
       79, 18, 211, 155, 209, 26, 123, 194, 68, 167, 90, 186, 185, 116,
       231, 253, 223, 255, 252, 155, 252, 244, 175, 106, 253, 151, 149,
       254, 243, 223, 227, 232, 107, 250, 253, 127, 89, 207, 191, 87,
       191, 94, 255, 174, 249, 112, 222, 237, 213, 190, 248, 159, 254,
       244, 42, 236, 223, 127, 165, 255, 219, 215, 195, 230, 119, 123,
       255, 63, 91, 207, 191, 31, 189, 253, 223, 21, 204, 135, 159, 148,
       139, 39, 232, 246, 147, 67, 2, 228, 226, 41, 77, 113, 110, 34,
       106, 97, 208, 27, 127, 172, 38, 199, 4, 144, 122, 49, 172, 36,
       165, 132, 188, 220, 131, 134, 232, 18, 177, 224, 10, 113, 227, 41,
       81, 89, 236, 34, 248, 98, 114, 203, 31, 124, 6, 239, 109, 145, 43,
       112, 128, 4, 140, 134, 151, 213, 139, 166, 232, 190, 147, 66, 18,
       228, 226, 41, 73, 113, 110, 34, 16, 50, 216, 11, 127, 45, 38, 223,
       68, 144, 120, 177, 136, 54, 71, 99, 140, 84, 18, 206, 120, 149,
       196, 219, 199, 67, 204, 189, 192, 120, 236, 23, 239, 204, 179, 4,
       140, 48, 36, 163, 132, 53, 191, 116, 212, 2, 160, 150, 157, 95,
       139, 160, 232, 158, 177, 66, 2, 228, 232, 104, 74, 179, 109, 107,
       17, 2, 249, 139, 221, 13, 34, 223, 110, 148, 40, 49, 138, 112,
       164, 135, 156, 94, 3, 198, 235, 86, 163, 208, 90, 99, 224, 16, 1,
       121, 238, 106, 169, 40, 235, 143, 31, 56, 6, 213, 92, 229, 40,
       112, 8, 41, 253, 19, 254, 213, 197, 103, 228, 243, 96, 236, 12,
       58, 243, 98, 148, 217, 234, 194, 202, 75, 59, 186, 255, 127, 221,
       151, 42, 26, 23, 250, 154, 253, 89, 63, 102, 45, 15, 71, 248, 225,
       172, 178, 76, 83, 249, 57, 59, 216, 228, 124, 110, 232, 227, 248,
       168, 243, 251, 69, 28, 98, 251, 82, 2, 199, 236, 253, 219, 236,
       249, 127, 190, 255, 251, 191, 122, 253, 234, 223, 107, 231, 203,
       127, 155, 243, 124, 239, 243, 254, 159, 255, 232, 148, 211, 161,
       73, 0, 251, 122, 255, 126, 141, 175, 246, 62, 36, 120, 231, 189,
       234, 180, 0, 126, 123, 135, 197, 194, 186, 30, 255, 124, 140, 46,
       168, 125, 154, 99, 185, 199, 253, 249, 250, 252, 221, 127, 252,
       191, 219, 181, 124, 253, 255, 223, 123, 215, 243, 255, 215, 243,
       111, 234, 243, 190, 222, 127, 250, 158, 255, 139, 209, 75, 190,
       252, 247, 172, 157, 125, 182, 255, 255, 22, 237, 253, 255, 214,
       127, 167, 115, 253, 29, 247, 88, 239, 243, 206, 223, 255, 226,
       134, 196, 7, 125, 231, 223, 207, 215, 182, 38, 111, 191, 54, 250,
       90, 246, 113, 231, 153, 81, 117, 238, 53, 174, 241, 220, 239, 47,
       44, 46, 253, 196, 173, 240, 208, 121, 48, 83, 107, 168, 22, 195,
       223, 84, 68, 68, 222, 163, 115, 205, 50, 64, 126, 169, 23, 231,
       200, 179, 36, 156, 243, 173, 170, 129, 117, 187, 244, 242, 11,
       155, 51, 217, 124, 149, 185, 247, 159, 29, 120, 70, 188, 222, 180,
       224, 207, 59, 54, 141, 131, 186, 50, 245, 47, 221, 186, 234, 86,
       152, 161, 249, 107, 254, 249, 255, 110, 252, 187, 211, 171, 123,
       189, 237, 188, 255, 214, 58, 239, 123, 255, 129, 131, 79, 234,
       243, 214, 253, 186, 186, 158, 246, 79, 255, 70, 180, 156, 176,
       137, 253, 20, 143, 187, 251, 130, 25, 142, 254, 74, 219, 129, 87,
       232, 17, 63, 77, 219, 208, 201, 211, 95, 127, 136, 64, 141, 15,
       207, 146, 254, 246, 238, 153, 253, 245, 191, 243, 247, 254, 253,
       239, 252, 127, 111, 255, 127, 156, 241, 127, 238, 242, 222, 251,
       255, 232, 191, 136, 161, 121, 63, 155, 115, 202, 103, 149, 122,
       80, 109, 72, 247, 110, 106, 223, 189, 244, 126, 185, 151, 218,
       203, 179, 44, 240, 23, 92, 130, 130, 127, 143, 104, 189, 126, 181,
       118, 238, 255, 123, 250, 232, 109, 108, 191, 47, 74, 252, 31, 181,
       254, 213, 255, 227, 140, 163, 249, 253, 63, 121, 143, 183, 87,
       127, 127, 215, 237, 97, 125, 100, 108, 13, 101, 248, 224, 184,
       180, 72, 211, 65, 209, 51, 10, 212, 108, 106, 201, 99, 242, 32,
       247, 201, 101, 60, 104, 185, 66, 176, 237, 98, 189, 245, 108, 13,
       117, 216, 235, 250, 180, 72, 159, 209, 65, 59, 136, 68, 110, 78,
       193, 103, 242, 0, 215, 217, 117, 60, 66, 185, 67, 161, 116, 236,
       161, 54, 157, 39, 134, 236, 186, 226, 169, 75, 82, 254, 93, 146,
       249, 215, 76, 247, 123, 103, 154, 127, 185, 6, 207, 124, 209, 115,
       243, 18, 21, 85, 75, 167, 86, 14, 239, 120, 52, 224, 91, 199, 213,
       103, 57, 64, 118, 237, 55, 239, 225, 144, 29, 78, 244, 172, 171,
       132, 45, 179, 33, 241, 20, 85, 127, 239, 20, 66, 239, 120, 116,
       196, 251, 34, 209, 87, 185, 96, 122, 252, 55, 234, 200, 178, 61,
       12, 241, 175, 163, 132, 37, 187, 117, 240, 62, 223, 122, 238, 119,
       70, 127, 248, 5, 204, 255, 167, 107, 253, 58, 64, 254, 253, 159,
       231, 204, 179, 9, 172, 243, 237, 166, 131, 119, 190, 124, 211, 65,
       32, 135, 141, 90, 139, 32, 72, 174, 176, 66, 64, 228, 194, 105,
       66, 112, 109, 106, 224, 7, 209, 159, 93, 28, 34, 139, 12, 0, 34,
       33, 132, 32, 160, 134, 188, 94, 11, 128, 104, 22, 176, 224, 10,
       98, 224, 33, 0, 89, 236, 98, 97, 74, 243, 203, 29, 28, 34, 69, 53,
       113, 42, 90, 128, 53, 65, 99, 76, 84, 7, 199, 120, 84, 192, 251,
       78, 83, 72, 181, 96, 120, 172, 22, 111, 205, 179, 21, 28, 48, 44,
       161, 4, 125, 170, 112, 164, 0, 161, 150, 157, 79, 131, 160, 73,
       158, 177, 66, 2, 228, 226, 96, 202, 113, 109, 106, 145, 2, 217,
       139, 221, 29, 34, 223, 109, 16, 40, 49, 138, 2, 32, 102, 201, 78,
       139, 168, 66, 238, 49, 210, 131, 160, 136, 116, 74, 234, 189, 123,
       133, 2, 251, 199, 209, 20, 32, 154, 0, 69, 8, 33, 140, 160, 235,
       107, 251, 116, 193, 171, 244, 86, 68, 112, 230, 49, 197, 176, 96,
       90, 40, 2, 206, 195, 186, 102, 63, 100, 140, 162, 104, 125, 154,
       116, 248, 8, 148, 58, 249, 85, 231, 177, 111, 30, 5, 108, 18, 60,
       191, 42, 96, 249, 59, 147, 16, 50, 184, 48, 215, 79, 223, 18, 67,
       211, 8, 229, 234, 24, 157, 123, 238, 22, 214, 95, 112, 20, 64,
       254, 2, 127, 255, 32, 96, 248, 255, 159, 234, 89, 187, 48, 191,
       243, 239, 162, 65, 51, 171, 100, 187, 120, 221, 30, 238, 157, 206,
       87, 245, 165, 136, 238, 0, 127, 251, 32, 112, 248, 245, 252, 98,
       73, 163, 56, 191, 243, 239, 37, 26, 122, 122, 228, 27, 75, 186,
       244, 245, 124, 156, 249, 179, 251, 249, 182, 237, 188, 255, 215,
       118, 167, 123, 255, 157, 135, 104, 226, 249, 206, 223, 255, 250,
       142, 164, 83, 127, 67, 178, 143, 29, 122, 139, 169, 57, 62, 185,
       82, 228, 241, 226, 197, 105, 55, 61, 110, 129, 161, 216, 199, 93,
       12, 38, 127, 192, 204, 160, 35, 189, 122, 233, 178, 42, 25, 217,
       82, 204, 207, 21, 168, 9, 46, 216, 102, 150, 200, 241, 237, 81,
       78, 43, 202, 177, 187, 213, 13, 123, 82, 14, 15, 78, 122, 233,
       151, 186, 9, 201, 18, 236, 139, 149, 160, 9, 46, 214, 104, 146,
       200, 241, 233, 81, 78, 11, 218, 241, 155, 212, 13, 123, 16, 30,
       14, 10, 43, 223, 106, 158, 253, 151, 159, 254, 159, 108, 220, 167,
       40, 236, 55, 64, 223, 251, 151, 71, 238, 187, 126, 255, 123, 31,
       135, 187, 29, 223, 252, 223, 104, 253, 177, 122, 249, 221, 21,
       167, 187, 93, 108, 24, 174, 183, 66, 244, 129, 122, 226, 16, 87,
       74, 242, 183, 175, 247, 20, 123, 210, 92, 135, 239, 76, 50, 188,
       117, 32, 106, 121, 26, 50, 191, 103, 185, 151, 183, 74, 90, 23,
       221, 109, 16, 40, 212, 195, 2, 205, 231, 117, 229, 160, 224, 7,
       51, 107, 181, 177, 81, 249, 125, 117, 159, 123, 127, 44, 24, 142,
       181, 78, 190, 129, 95, 252, 16, 183, 88, 243, 211, 143, 255, 85,
