%YAML:1.0
---
descriptors: !!opencv-matrix
   rows: 203
   cols: 32
   dt: u
   data: [ 43, 159, 106, 158, 247, 179, 190, 231, 95, 77, 124, 167, 104,
       232, 182, 128, 255, 235, 146, 133, 214, 186, 30, 255, 126, 127,
       143, 203, 223, 126, 248, 223, 1, 71, 83, 71, 180, 11, 103, 181,
       108, 232, 122, 100, 247, 33, 129, 113, 18, 108, 78, 110, 193, 176,
       77, 12, 228, 152, 37, 132, 76, 178, 192, 41, 217, 92, 121, 247,
       110, 189, 237, 124, 125, 226, 246, 14, 255, 249, 213, 125, 123,
       239, 127, 111, 233, 126, 255, 255, 254, 219, 255, 248, 126, 184,
       81, 40, 35, 253, 43, 186, 93, 197, 188, 239, 207, 89, 152, 95,
       180, 220, 60, 32, 205, 187, 91, 129, 215, 43, 58, 247, 61, 28,
       158, 250, 93, 8, 179, 223, 109, 78, 53, 101, 49, 30, 70, 184, 105,
       234, 58, 76, 223, 33, 145, 183, 148, 68, 108, 110, 233, 240, 249,
       46, 165, 255, 101, 148, 106, 183, 66, 49, 181, 66, 201, 236, 76,
       3, 71, 216, 83, 130, 245, 206, 83, 65, 185, 104, 88, 204, 38, 238,
       201, 39, 239, 25, 210, 175, 225, 60, 125, 187, 112, 160, 5, 204,
       134, 159, 213, 155, 167, 232, 222, 182, 71, 2, 224, 224, 169, 71,
       121, 110, 34, 106, 32, 240, 47, 127, 44, 38, 199, 5, 144, 123, 53,
       164, 154, 165, 253, 235, 186, 75, 239, 249, 63, 115, 183, 82, 255,
       75, 156, 48, 127, 211, 95, 235, 251, 229, 237, 255, 254, 223, 171,
       128, 103, 130, 231, 97, 228, 140, 134, 158, 222, 131, 166, 235,
       22, 178, 192, 155, 96, 224, 41, 73, 121, 238, 34, 50, 112, 75, 14,
       255, 60, 6, 223, 108, 145, 120, 177, 128, 143, 183, 121, 243, 246,
       191, 253, 51, 127, 125, 127, 246, 221, 63, 222, 96, 255, 11, 23,
       157, 179, 248, 109, 215, 78, 95, 191, 228, 135, 142, 245, 241, 26,
       207, 230, 191, 246, 194, 254, 230, 23, 7, 218, 179, 105, 239, 178,
       64, 127, 251, 183, 211, 126, 250, 15, 255, 126, 231, 191, 193,
       183, 223, 252, 201, 213, 173, 236, 183, 222, 47, 255, 255, 62,
       254, 191, 31, 255, 107, 155, 75, 123, 231, 126, 190, 252, 251,
       237, 239, 252, 239, 255, 212, 229, 251, 209, 193, 127, 109, 226,
       71, 228, 18, 238, 48, 97, 196, 191, 137, 99, 108, 215, 182, 88,
       230, 253, 239, 204, 242, 237, 232, 54, 253, 197, 145, 103, 247,
       126, 84, 149, 69, 123, 167, 54, 66, 239, 56, 116, 224, 91, 198,
       213, 119, 153, 96, 54, 205, 52, 239, 201, 176, 61, 14, 229, 173,
       171, 132, 37, 179, 37, 241, 132, 87, 95, 231, 114, 10, 111, 56,
       60, 168, 83, 230, 213, 99, 153, 65, 54, 92, 23, 107, 225, 208, 13,
       12, 228, 160, 43, 132, 44, 179, 3, 177, 206, 254, 252, 251, 238,
       185, 254, 254, 255, 243, 151, 255, 253, 238, 221, 75, 239, 231,
       127, 223, 243, 121, 239, 243, 254, 223, 255, 236, 188, 251, 129,
       25, 62, 105, 228, 131, 207, 83, 206, 192, 3, 244, 157, 171, 73,
       108, 223, 142, 59, 213, 251, 243, 204, 243, 237, 192, 62, 64, 207,
       181, 231, 255, 62, 212, 199, 250, 248, 250, 252, 137, 255, 252,
       191, 223, 181, 252, 253, 239, 221, 123, 247, 251, 127, 211, 178,
       103, 234, 255, 254, 223, 127, 250, 150, 179, 131, 177, 159, 7,
       255, 245, 230, 42, 237, 127, 125, 43, 255, 246, 93, 43, 156, 123,
       127, 199, 63, 169, 185, 252, 109, 206, 246, 255, 254, 196, 175,
       248, 225, 161, 139, 153, 30, 152, 205, 217, 176, 69, 207, 81, 84,
       19, 172, 216, 38, 233, 200, 43, 187, 81, 86, 107, 82, 245, 31, 81,
       90, 107, 26, 12, 185, 206, 2, 171, 146, 155, 241, 169, 184, 199,
       63, 29, 100, 149, 172, 195, 102, 28, 239, 59, 131, 144, 18, 90,
       74, 243, 79, 20, 26, 235, 154, 4, 175, 219, 62, 180, 241, 233,
       189, 255, 123, 95, 31, 235, 255, 26, 223, 191, 124, 224, 219, 159,
       159, 56, 59, 63, 121, 158, 255, 223, 187, 247, 150, 139, 213, 243,
       114, 233, 134, 26, 25, 209, 144, 204, 175, 149, 164, 9, 110, 250,
       110, 158, 200, 225, 233, 81, 30, 107, 138, 241, 187, 82, 95, 123,
       208, 30, 47, 14, 203, 122, 254, 254, 108, 133, 253, 246, 253, 90,
       246, 254, 253, 207, 159, 27, 239, 243, 127, 141, 225, 239, 194,
       235, 214, 251, 254, 136, 77, 144, 99, 153, 90, 174, 148, 186, 139,
       177, 20, 143, 175, 55, 136, 25, 172, 170, 66, 159, 129, 83, 232,
       17, 22, 73, 203, 241, 153, 82, 95, 127, 146, 84, 143, 14, 90, 189,
       149, 186, 137, 237, 20, 239, 171, 55, 136, 9, 174, 246, 64, 155,
       129, 243, 233, 17, 30, 75, 154, 241, 153, 211, 95, 123, 144, 84,
       143, 10, 239, 82, 248, 116, 32, 204, 217, 17, 187, 252, 182, 237,
       255, 221, 223, 185, 150, 181, 253, 21, 137, 101, 243, 200, 128,
       255, 109, 150, 207, 164, 90, 83, 47, 151, 121, 235, 162, 126, 159,
       121, 25, 88, 253, 228, 223, 125, 190, 97, 222, 27, 151, 35, 157,
       170, 127, 213, 235, 251, 235, 231, 127, 239, 167, 243, 239, 54,
       231, 150, 238, 118, 191, 217, 155, 251, 213, 247, 92, 255, 223,
       175, 223, 87, 183, 183, 181, 215, 170, 234, 94, 123, 255, 175,
       143, 255, 181, 247, 82, 179, 16, 178, 185, 137, 80, 207, 171, 189,
       136, 249, 142, 131, 72, 20, 167, 151, 205, 144, 26, 75, 136, 215,
       152, 212, 29, 247, 128, 4, 135, 47, 0, 191, 91, 235, 244, 239,
       103, 255, 127, 73, 122, 101, 255, 231, 160, 80, 147, 107, 7, 2,
       211, 184, 186, 127, 236, 149, 54, 192, 24, 82, 231, 251, 206, 184,
       182, 159, 121, 223, 184, 232, 191, 244, 194, 17, 236, 254, 110,
       198, 183, 127, 251, 145, 102, 197, 219, 255, 31, 114, 79, 127, 18,
       36, 45, 215, 244, 236, 129, 182, 157, 71, 199, 236, 242, 170, 169,
       75, 114, 252, 93, 178, 185, 219, 92, 227, 105, 103, 154, 127, 185,
       6, 143, 60, 241, 115, 115, 58, 10, 157, 59, 223, 247, 225, 191,
       231, 31, 71, 92, 162, 188, 255, 38, 100, 255, 123, 147, 145, 51,
       154, 58, 255, 111, 119, 158, 203, 158, 76, 181, 250, 11, 179, 49,
       218, 253, 157, 188, 255, 223, 25, 124, 86, 188, 223, 124, 164,
       207, 27, 147, 153, 211, 42, 122, 245, 47, 29, 158, 234, 86, 136,
       225, 189, 139, 187, 253, 251, 252, 169, 249, 223, 191, 121, 188,
       246, 189, 239, 220, 40, 239, 155, 127, 157, 179, 105, 107, 241,
       222, 217, 191, 236, 222, 200, 225, 249, 43, 182, 249, 251, 124,
       189, 249, 223, 175, 125, 189, 255, 188, 255, 222, 34, 255, 27,
       223, 21, 131, 97, 234, 209, 206, 221, 187, 190, 223, 198, 195,
       255, 49, 69, 99, 12, 84, 7, 227, 120, 84, 64, 251, 70, 83, 200,
       189, 96, 120, 168, 6, 111, 205, 179, 37, 28, 48, 44, 161, 4, 125,
       171, 112, 132, 193, 68, 125, 255, 46, 43, 228, 124, 127, 162, 243,
       122, 255, 123, 157, 107, 123, 239, 126, 170, 161, 244, 239, 223,
       214, 251, 119, 176, 127, 186, 81, 136, 158, 175, 246, 231, 214,
       42, 235, 248, 63, 172, 251, 103, 77, 203, 185, 80, 123, 207, 127,
       238, 178, 211, 137, 223, 254, 239, 171, 196, 39, 171, 103, 161,
       33, 103, 115, 65, 86, 139, 239, 120, 117, 224, 124, 226, 83, 5,
       148, 180, 126, 220, 6, 234, 201, 178, 101, 14, 52, 12, 32, 64,
       111, 138, 82, 165, 174, 248, 52, 159, 205, 213, 190, 233, 31, 246,
       244, 11, 236, 222, 119, 228, 255, 73, 251, 227, 102, 103, 123,
       255, 63, 89, 143, 63, 23, 63, 253, 198, 20, 71, 123, 239, 52, 66,
       111, 248, 36, 172, 251, 3, 211, 103, 57, 64, 126, 220, 29, 234,
       72, 176, 41, 14, 225, 175, 163, 132, 37, 179, 116, 225, 85, 69,
       125, 231, 50, 74, 111, 56, 100, 232, 219, 98, 215, 87, 153, 99,
       54, 212, 93, 234, 233, 148, 109, 14, 225, 169, 43, 132, 36, 179,
       37, 97, 92, 52, 188, 244, 168, 108, 81, 18, 170, 191, 167, 57,
       215, 191, 67, 91, 133, 215, 125, 16, 8, 69, 211, 0, 211, 227, 113,
       189, 160, 113, 7, 83, 244, 175, 221, 103, 186, 42, 79, 187, 48,
       174, 239, 236, 83, 99, 137, 16, 63, 222, 108, 234, 121, 210, 201,
       46, 252, 174, 37, 20, 105, 242, 194, 161, 75, 182, 253, 253, 124,
       189, 248, 59, 239, 217, 60, 253, 188, 254, 214, 246, 167, 59, 255,
       29, 151, 104, 226, 223, 206, 223, 187, 250, 142, 132, 67, 127,
