%YAML:1.0
---
descriptors: !!opencv-matrix
   rows: 164
   cols: 32
   dt: u
   data: [ 2, 186, 146, 91, 225, 173, 185, 199, 175, 29, 108, 165, 172,
       215, 102, 28, 175, 59, 163, 144, 18, 88, 138, 241, 79, 20, 26,
       235, 146, 68, 175, 219, 73, 146, 187, 254, 53, 188, 89, 19, 235,
       73, 91, 92, 191, 158, 64, 240, 230, 63, 253, 21, 155, 9, 178, 193,
       223, 253, 58, 202, 8, 2, 33, 123, 42, 190, 176, 152, 123, 249,
       176, 198, 155, 255, 20, 187, 44, 140, 70, 140, 175, 59, 243, 17,
       38, 126, 162, 243, 31, 87, 30, 187, 215, 76, 15, 223, 168, 176,
       27, 122, 67, 205, 112, 117, 173, 89, 101, 25, 62, 159, 40, 145,
       166, 59, 215, 0, 119, 141, 18, 101, 199, 217, 16, 11, 90, 0, 167,
       219, 252, 151, 254, 102, 178, 70, 95, 184, 51, 174, 191, 173, 83,
       119, 138, 81, 119, 214, 125, 238, 120, 195, 233, 62, 251, 239,
       101, 148, 163, 242, 198, 123, 189, 67, 69, 238, 76, 3, 71, 248,
       71, 16, 245, 206, 83, 193, 185, 101, 88, 192, 38, 110, 201, 39,
       111, 157, 242, 235, 225, 60, 127, 187, 112, 160, 53, 69, 107, 12,
       84, 19, 206, 120, 84, 224, 251, 199, 83, 200, 183, 96, 120, 172,
       22, 111, 205, 179, 53, 30, 48, 44, 161, 16, 125, 191, 112, 196,
       218, 90, 254, 252, 46, 90, 125, 48, 249, 94, 246, 179, 239, 159,
       55, 123, 230, 245, 253, 199, 232, 229, 162, 232, 211, 251, 250,
       147, 39, 181, 37, 95, 159, 183, 235, 243, 246, 230, 235, 216, 63,
       123, 95, 246, 89, 111, 220, 104, 127, 159, 23, 159, 187, 240, 125,
       246, 94, 207, 187, 196, 175, 203, 244, 241, 235, 246, 125, 223,
       108, 212, 253, 253, 191, 95, 244, 246, 253, 223, 158, 123, 207,
       155, 255, 141, 231, 79, 238, 215, 118, 123, 254, 168, 31, 148,
       235, 249, 15, 118, 233, 211, 246, 52, 255, 216, 123, 255, 29, 247,
       89, 111, 223, 47, 63, 205, 119, 255, 167, 84, 239, 226, 126, 95,
       239, 164, 175, 247, 243, 245, 53, 207, 98, 14, 244, 191, 238, 254,
       85, 66, 254, 206, 99, 232, 190, 228, 127, 234, 22, 111, 253, 187,
       13, 191, 58, 46, 165, 128, 127, 254, 248, 140, 10, 175, 42, 187,
       247, 209, 191, 231, 31, 77, 92, 163, 172, 236, 54, 0, 255, 107,
       131, 149, 118, 186, 42, 255, 239, 87, 159, 235, 215, 94, 191, 219,
       235, 215, 253, 255, 238, 157, 253, 253, 255, 123, 119, 254, 253,
       255, 254, 243, 127, 223, 255, 141, 247, 126, 239, 215, 126, 251,
       255, 236, 63, 140, 213, 241, 124, 117, 253, 101, 174, 79, 87, 248,
       65, 174, 188, 42, 83, 125, 221, 54, 30, 212, 125, 106, 200, 99,
       251, 136, 251, 216, 101, 60, 99, 251, 70, 115, 125, 117, 97, 68,
       220, 95, 79, 248, 65, 234, 188, 74, 83, 125, 149, 182, 88, 212,
       85, 234, 233, 50, 253, 142, 127, 253, 229, 180, 103, 255, 86, 117,
       107, 126, 253, 255, 108, 126, 253, 158, 91, 251, 124, 247, 189,
       191, 215, 122, 239, 255, 247, 29, 131, 254, 255, 226, 70, 255,
       255, 164, 159, 252, 83, 249, 155, 23, 255, 245, 230, 42, 253, 127,
       125, 235, 251, 247, 223, 63, 156, 91, 127, 199, 63, 173, 185, 244,
       101, 206, 246, 255, 254, 196, 239, 248, 225, 241, 203, 147, 125,
       245, 236, 31, 125, 61, 127, 250, 183, 254, 251, 255, 222, 59, 127,
       215, 255, 174, 249, 247, 255, 222, 254, 219, 247, 164, 111, 172,
       224, 113, 143, 191, 239, 245, 188, 63, 255, 51, 189, 253, 247,
       244, 219, 63, 150, 51, 206, 215, 255, 238, 185, 249, 241, 237,
       238, 219, 239, 196, 206, 229, 230, 241, 14, 204, 178, 190, 245,
       231, 183, 230, 158, 7, 90, 19, 236, 254, 35, 64, 217, 123, 131,
       67, 54, 186, 26, 255, 109, 54, 159, 75, 146, 125, 181, 202, 79,
       191, 253, 215, 188, 221, 255, 182, 111, 123, 30, 237, 253, 63,
       215, 118, 167, 119, 255, 29, 247, 120, 239, 227, 238, 223, 255,
       226, 134, 214, 215, 125, 237, 126, 181, 101, 33, 30, 71, 184, 105,
       234, 51, 76, 222, 49, 209, 183, 148, 68, 108, 110, 233, 244, 249,
       40, 165, 251, 101, 52, 74, 247, 66, 53, 139, 255, 19, 155, 124,
       131, 190, 255, 30, 72, 92, 230, 173, 207, 178, 68, 254, 107, 23,
       223, 242, 186, 74, 255, 110, 93, 175, 232, 30, 140, 177, 217, 46,
       253, 18, 156, 219, 247, 182, 226, 159, 134, 120, 35, 44, 250, 39,
       196, 255, 123, 131, 211, 38, 154, 10, 255, 61, 86, 15, 107, 211,
       125, 175, 143, 152, 197, 127, 254, 20, 207, 255, 125, 116, 12,
       127, 2, 121, 87, 56, 97, 120, 178, 31, 170, 234, 185, 57, 221,
       241, 171, 162, 0, 55, 130, 245, 106, 203, 240, 255, 255, 174, 221,
       253, 29, 127, 91, 119, 244, 255, 223, 190, 105, 223, 147, 255,
       143, 251, 116, 107, 209, 230, 251, 118, 138, 94, 220, 161, 113,
       190, 97, 98, 225, 95, 123, 250, 200, 125, 236, 242, 11, 74, 72,
       23, 148, 250, 253, 223, 243, 140, 179, 89, 222, 183, 28, 135, 183,
       231, 191, 110, 222, 247, 221, 205, 207, 214, 34, 79, 188, 16, 226,
       201, 230, 81, 115, 137, 82, 119, 198, 21, 238, 249, 146, 221, 46,
       120, 239, 239, 132, 173, 243, 240, 112, 139, 85, 119, 255, 34,
       206, 109, 53, 172, 194, 91, 66, 253, 246, 177, 97, 118, 55, 63,
       239, 225, 153, 53, 205, 241, 170, 122, 128, 36, 146, 165, 121, 79,
       126, 254, 227, 118, 58, 251, 210, 175, 250, 95, 239, 157, 159,
       215, 42, 47, 253, 255, 191, 133, 244, 173, 234, 214, 221, 175,
       166, 175, 247, 59, 245, 142, 176, 250, 243, 229, 253, 249, 218,
       127, 255, 117, 59, 158, 157, 95, 40, 191, 153, 247, 17, 130, 116,
       186, 210, 95, 89, 127, 231, 199, 77, 103, 243, 207, 50, 239, 22,
       235, 254, 185, 153, 187, 223, 23, 253, 236, 252, 223, 191, 151,
       247, 253, 149, 183, 69, 174, 226, 78, 123, 253, 203, 142, 101,
       159, 95, 25, 116, 253, 255, 62, 58, 253, 95, 251, 123, 255, 246,
       255, 255, 157, 123, 239, 255, 127, 12, 161, 249, 255, 221, 254,
       251, 118, 176, 238, 216, 67, 249, 10, 221, 43, 255, 247, 193, 191,
       231, 31, 69, 92, 167, 188, 255, 34, 96, 255, 123, 147, 193, 115,
       154, 58, 255, 111, 119, 158, 203, 23, 12, 181, 250, 247, 215, 233,
       135, 254, 23, 223, 253, 81, 238, 155, 239, 89, 108, 159, 34, 127,
       197, 87, 239, 237, 179, 253, 206, 126, 15, 175, 180, 109, 254,
       240, 213, 253, 53, 121, 71, 244, 95, 79, 184, 81, 234, 255, 106,
       83, 125, 157, 52, 125, 212, 84, 106, 233, 178, 253, 142, 127, 239,
       165, 180, 103, 251, 86, 245, 173, 120, 189, 58, 172, 111, 135,
       216, 214, 254, 133, 12, 215, 244, 75, 47, 153, 80, 106, 123, 169,
       103, 251, 58, 217, 147, 109, 60, 216, 123, 23, 112, 36, 169, 134,
       158, 216, 131, 166, 232, 150, 178, 97, 2, 224, 226, 105, 67, 89,
       110, 34, 98, 102, 210, 202, 61, 44, 38, 71, 45, 144, 42, 33, 130,
       54, 75, 98, 142, 84, 147, 206, 112, 149, 196, 219, 231, 97, 204,
       183, 192, 120, 232, 151, 231, 204, 179, 4, 142, 114, 100, 171,
       137, 55, 191, 116, 212, 177, 114, 107, 77, 52, 203, 203, 120, 86,
       236, 246, 238, 115, 77, 180, 32, 92, 172, 22, 111, 233, 182, 101,
       31, 98, 175, 161, 148, 125, 168, 80, 241, 61, 54, 239, 227, 244,
       98, 235, 216, 119, 251, 255, 246, 89, 111, 221, 107, 127, 206, 23,
       255, 187, 242, 109, 226, 126, 207, 175, 196, 167, 251, 240, 241,
       49, 141, 66, 223, 212, 151, 238, 248, 87, 74, 255, 70, 113, 234,
       188, 228, 121, 234, 22, 238, 207, 186, 29, 255, 62, 110, 167, 128,
       127, 255, 248, 141, 26, 143, 226, 158, 214, 210, 238, 230, 23, 5,
       222, 163, 105, 238, 183, 196, 127, 238, 183, 199, 142, 187, 45,
       255, 122, 103, 191, 129, 183, 223, 252, 204, 205, 124, 189, 55,
       168, 205, 183, 188, 186, 254, 132, 12, 245, 213, 83, 59, 133, 116,
       120, 79, 227, 69, 250, 57, 237, 145, 111, 60, 72, 113, 3, 251, 90,
       240, 150, 186, 27, 253, 48, 204, 191, 29, 64, 25, 46, 222, 42,
       216, 161, 27, 251, 17, 22, 79, 18, 245, 153, 247, 26, 75, 146, 5,
       47, 94, 10, 182, 162, 144, 255, 241, 184, 199, 59, 255, 80, 191,
       172, 174, 94, 142, 175, 91, 243, 149, 182, 94, 146, 243, 31, 87,
       158, 235, 135, 68, 191, 223, 138, 176, 163, 151, 239, 116, 188,
