%YAML:1.0
---
descriptors: !!opencv-matrix
   rows: 218
   cols: 32
   dt: u
   data: [ 25, 207, 51, 255, 22, 159, 255, 250, 95, 76, 124, 198, 127,
       237, 179, 228, 118, 235, 6, 78, 227, 185, 45, 255, 247, 239, 38,
       128, 119, 222, 1, 233, 25, 223, 42, 110, 21, 151, 111, 254, 119,
       44, 252, 68, 249, 227, 50, 100, 189, 235, 14, 206, 234, 153, 57,
       127, 235, 255, 133, 32, 91, 214, 233, 233, 21, 140, 143, 159, 214,
       139, 167, 232, 86, 178, 66, 66, 113, 224, 105, 65, 121, 110, 34,
       110, 37, 240, 15, 63, 172, 38, 207, 4, 177, 122, 17, 128, 116,
       164, 139, 190, 222, 3, 70, 232, 18, 130, 233, 74, 115, 225, 41,
       81, 121, 238, 34, 170, 104, 99, 142, 63, 120, 167, 231, 124, 177,
       250, 114, 160, 68, 162, 135, 157, 30, 130, 32, 168, 190, 180, 67,
       199, 228, 226, 72, 194, 113, 109, 106, 240, 2, 208, 207, 93, 140,
       162, 207, 76, 168, 34, 33, 0, 67, 161, 198, 189, 30, 139, 232,
       104, 158, 176, 67, 66, 229, 232, 112, 66, 115, 109, 106, 105, 4,
       241, 143, 221, 28, 34, 207, 60, 61, 42, 89, 128, 116, 164, 199,
       188, 30, 3, 194, 104, 86, 162, 162, 202, 115, 224, 0, 1, 121, 236,
       106, 168, 40, 243, 205, 31, 184, 166, 229, 84, 101, 168, 114, 0,
       116, 140, 138, 156, 222, 3, 6, 235, 22, 130, 224, 90, 113, 226,
       105, 81, 121, 238, 34, 170, 120, 111, 142, 63, 120, 134, 207, 124,
       177, 120, 112, 136, 175, 174, 182, 159, 253, 255, 190, 235, 127,
       243, 255, 89, 238, 236, 95, 177, 255, 255, 254, 51, 247, 243, 207,
       255, 190, 127, 79, 127, 215, 126, 235, 135, 2, 32, 119, 137, 110,
       139, 184, 75, 238, 177, 210, 131, 236, 152, 116, 106, 238, 29,
       123, 145, 130, 251, 135, 209, 20, 32, 27, 66, 5, 8, 49, 141, 4,
       140, 134, 151, 213, 139, 166, 232, 158, 179, 66, 2, 228, 224, 41,
       73, 121, 110, 34, 82, 50, 248, 11, 127, 45, 6, 223, 71, 144, 122,
       17, 138, 100, 140, 128, 158, 216, 131, 166, 232, 18, 147, 224, 26,
       228, 226, 105, 81, 89, 110, 34, 50, 114, 66, 202, 63, 60, 38, 71,
       108, 144, 120, 163, 128, 213, 88, 29, 191, 34, 142, 47, 48, 188,
       200, 83, 231, 245, 119, 1, 72, 182, 117, 63, 230, 193, 144, 83,
       72, 197, 163, 107, 128, 24, 51, 1, 113, 70, 169, 148, 159, 73,
       128, 160, 168, 190, 145, 67, 2, 228, 226, 76, 198, 225, 103, 106,
       208, 2, 72, 203, 125, 13, 50, 207, 75, 128, 34, 41, 142, 48, 162,
       150, 188, 28, 11, 192, 232, 223, 177, 242, 10, 102, 232, 20, 11,
       153, 229, 106, 49, 40, 243, 203, 93, 152, 162, 77, 116, 69, 40,
       82, 8, 5, 140, 149, 23, 136, 143, 39, 168, 190, 187, 66, 64, 244,
       98, 137, 239, 17, 102, 106, 90, 113, 216, 123, 127, 45, 54, 87,
       64, 136, 122, 129, 44, 70, 233, 157, 147, 201, 204, 181, 166, 190,
       177, 10, 17, 228, 242, 76, 91, 129, 127, 106, 81, 18, 73, 219,
       113, 13, 22, 95, 107, 128, 112, 133, 142, 71, 188, 167, 159, 205,
       207, 167, 236, 191, 255, 195, 117, 236, 247, 204, 207, 241, 103,
       123, 159, 179, 73, 251, 245, 189, 54, 95, 254, 154, 116, 165, 125,
       66, 32, 23, 173, 77, 143, 160, 72, 175, 160, 194, 73, 196, 218,
       100, 66, 200, 61, 107, 97, 0, 195, 211, 208, 149, 48, 11, 58, 16,
       10, 33, 130, 199, 190, 148, 30, 232, 173, 188, 239, 186, 251, 138,
       253, 228, 234, 78, 123, 199, 127, 122, 147, 247, 79, 222, 115, 60,
       54, 223, 250, 136, 112, 139, 29, 118, 233, 135, 190, 205, 193, 20,
       237, 191, 149, 128, 139, 236, 230, 104, 223, 201, 251, 235, 67,
       94, 75, 202, 241, 185, 86, 223, 123, 144, 60, 183, 206, 88, 184,
       152, 248, 9, 236, 81, 151, 166, 62, 164, 28, 159, 179, 66, 90,
       165, 183, 253, 0, 58, 111, 240, 17, 211, 233, 50, 40, 162, 0, 47,
       107, 212, 130, 188, 241, 42, 72, 125, 57, 174, 190, 167, 185, 223,
       183, 74, 91, 167, 149, 109, 130, 120, 69, 235, 64, 221, 195, 127,
       221, 32, 33, 7, 115, 70, 172, 181, 154, 137, 249, 148, 207, 158,
       183, 128, 25, 172, 252, 108, 143, 129, 115, 235, 17, 50, 75, 218,
       241, 153, 18, 223, 123, 144, 92, 151, 110, 70, 172, 149, 186, 139,
       241, 148, 239, 154, 55, 128, 25, 236, 246, 104, 207, 193, 123,
       235, 145, 54, 79, 154, 241, 185, 82, 223, 123, 144, 84, 135, 14,
       198, 253, 190, 191, 233, 254, 182, 239, 255, 223, 215, 53, 236,
       250, 78, 75, 255, 111, 251, 147, 118, 255, 219, 227, 191, 54, 95,
       71, 136, 117, 175, 223, 2, 186, 26, 153, 111, 161, 184, 199, 158,
       29, 80, 183, 172, 142, 102, 73, 239, 59, 51, 145, 22, 92, 2, 241,
       13, 16, 154, 235, 144, 8, 173, 159, 252, 237, 246, 127, 191, 123,
       222, 252, 87, 166, 255, 139, 115, 233, 95, 64, 91, 238, 111, 126,
       124, 242, 255, 190, 122, 207, 37, 17, 231, 251, 240, 66, 109, 249,
       184, 106, 189, 221, 87, 156, 203, 121, 60, 12, 190, 217, 66, 48,
       132, 112, 124, 88, 211, 42, 250, 49, 239, 221, 37, 126, 90, 27,
       202, 123, 148, 239, 187, 247, 144, 46, 87, 255, 48, 174, 168, 17,
       247, 231, 9, 17, 121, 254, 5, 226, 120, 205, 168, 63, 233, 167,
       175, 52, 161, 243, 231, 226, 198, 180, 156, 178, 169, 253, 20,
       143, 190, 251, 131, 25, 142, 250, 74, 203, 133, 19, 249, 17, 55,
       77, 219, 210, 137, 211, 95, 123, 136, 68, 137, 23, 105, 134, 236,
       53, 181, 63, 100, 159, 127, 127, 62, 93, 231, 41, 90, 186, 145,
       78, 125, 13, 182, 120, 201, 19, 207, 255, 113, 180, 218, 252, 218,
       75, 151, 221, 238, 222, 212, 167, 239, 253, 86, 162, 95, 50, 113,
       242, 188, 37, 127, 255, 55, 235, 248, 214, 63, 239, 121, 46, 239,
       128, 45, 243, 240, 164, 77, 22, 223, 101, 162, 46, 121, 19, 40,
       235, 47, 100, 223, 51, 192, 122, 55, 213, 124, 62, 153, 208, 241,
       64, 206, 239, 103, 196, 168, 227, 131, 49, 55, 108, 138, 220, 221,
       247, 198, 238, 150, 130, 204, 10, 48, 240, 55, 32, 249, 234, 18,
       202, 110, 15, 58, 191, 57, 14, 143, 57, 177, 121, 120, 142, 77,
       181, 253, 97, 164, 47, 117, 159, 107, 249, 62, 76, 159, 57, 216,
       58, 135, 70, 124, 60, 155, 120, 241, 32, 207, 223, 117, 244, 202,
       209, 211, 113, 55, 157, 215, 223, 189, 119, 102, 251, 23, 250,
       255, 66, 234, 245, 169, 237, 127, 254, 254, 106, 121, 243, 123,
       254, 191, 223, 199, 183, 190, 255, 232, 181, 145, 76, 95, 253, 44,
       14, 79, 52, 244, 98, 246, 66, 243, 51, 177, 97, 114, 228, 124,
       238, 233, 165, 101, 63, 240, 235, 227, 16, 60, 184, 96, 40, 145,
       129, 31, 233, 54, 135, 175, 125, 84, 64, 211, 66, 245, 81, 184,
       97, 122, 42, 22, 235, 251, 184, 37, 29, 224, 201, 170, 192, 125,
       138, 241, 168, 15, 110, 191, 212, 85, 189, 238, 210, 237, 192,
       110, 70, 188, 239, 117, 167, 166, 105, 115, 95, 129, 241, 178,
       232, 55, 89, 79, 40, 134, 253, 123, 172, 138, 156, 54, 158, 125,
       215, 190, 231, 159, 78, 222, 51, 236, 254, 54, 228, 255, 251, 191,
       129, 230, 175, 42, 255, 191, 118, 142, 139, 22, 76, 45, 223, 198,
       216, 182, 184, 207, 220, 184, 226, 175, 30, 210, 19, 140, 158, 39,
       95, 231, 245, 255, 65, 116, 77, 147, 209, 151, 50, 91, 199, 18,
       61, 45, 95, 63, 83, 115, 203, 247, 215, 254, 85, 109, 200, 255,
       102, 104, 223, 189, 244, 126, 184, 151, 218, 195, 178, 44, 252,
       55, 92, 134, 130, 127, 158, 120, 189, 21, 207, 95, 172, 158, 131,
       71, 245, 229, 128, 250, 66, 87, 3, 32, 113, 122, 228, 14, 106, 93,
       171, 65, 172, 176, 162, 166, 80, 56, 187, 160, 8, 9, 154, 51, 217,
       125, 157, 185, 214, 159, 25, 112, 118, 188, 223, 228, 236, 207,
       59, 54, 136, 131, 186, 114, 245, 15, 222, 58, 234, 210, 8, 161,
       251, 26, 15, 82, 173, 246, 194, 191, 119, 61, 196, 90, 167, 45,
       138, 179, 68, 110, 235, 7, 213, 212, 184, 4, 238, 124, 36, 46,
       129, 47, 141, 45, 221, 107, 139, 122, 29, 118, 152, 188, 103, 233,
       77, 126, 175, 172, 172, 182, 196, 174, 47, 151, 5, 212, 186, 164,
       205, 38, 127, 58, 131, 71, 132, 239, 221, 56, 184, 188, 120, 45,
       189, 80, 95, 235, 61, 188, 25, 31, 221, 66, 152, 137, 154, 197,
