%YAML:1.0
---
descriptors: !!opencv-matrix
   rows: 305
   cols: 32
   dt: u
   data: [ 217, 241, 154, 50, 48, 134, 121, 21, 51, 249, 167, 29, 159,
       147, 66, 16, 177, 173, 125, 156, 107, 222, 153, 18, 250, 201, 53,
       229, 40, 130, 170, 27, 43, 50, 110, 169, 109, 213, 184, 88, 204,
       77, 220, 175, 137, 140, 54, 138, 238, 9, 223, 213, 134, 163, 119,
       192, 86, 73, 186, 141, 95, 15, 125, 211, 60, 52, 232, 107, 229,
       119, 90, 216, 87, 239, 125, 39, 75, 253, 223, 44, 95, 216, 151,
       251, 142, 176, 127, 178, 79, 221, 165, 173, 247, 255, 84, 211, 7,
       177, 35, 171, 244, 213, 186, 216, 76, 72, 89, 6, 152, 220, 126,
       96, 252, 27, 23, 241, 151, 58, 126, 245, 77, 88, 170, 238, 213,
       15, 117, 247, 119, 81, 249, 70, 237, 93, 207, 248, 75, 236, 189,
       110, 74, 124, 255, 190, 92, 220, 180, 106, 205, 50, 254, 224, 19,
       221, 229, 190, 95, 255, 86, 245, 65, 211, 19, 239, 52, 135, 235,
       53, 76, 73, 219, 102, 245, 23, 176, 100, 126, 63, 63, 137, 217,
       152, 97, 159, 164, 172, 170, 192, 28, 138, 177, 57, 14, 161, 160,
       155, 205, 241, 182, 206, 31, 55, 64, 19, 140, 254, 110, 204, 217,
       91, 147, 19, 54, 126, 90, 243, 47, 86, 159, 111, 150, 125, 189,
       198, 58, 114, 230, 169, 111, 119, 184, 72, 143, 125, 220, 167,
       136, 140, 63, 142, 206, 153, 223, 149, 142, 167, 103, 208, 23, 85,
       154, 183, 215, 15, 61, 215, 115, 249, 173, 37, 140, 29, 93, 175,
       130, 246, 136, 13, 151, 172, 83, 11, 129, 69, 121, 53, 207, 75,
       243, 16, 233, 91, 205, 60, 136, 112, 214, 90, 65, 169, 172, 165,
       140, 14, 205, 151, 162, 245, 130, 141, 151, 44, 82, 74, 132, 231,
       121, 197, 157, 200, 243, 32, 201, 227, 253, 16, 136, 40, 148, 88,
       133, 158, 191, 94, 244, 142, 183, 251, 222, 27, 117, 86, 116, 253,
       173, 109, 181, 122, 55, 14, 243, 252, 26, 127, 111, 190, 119, 192,
       217, 240, 97, 179, 155, 173, 111, 161, 149, 247, 233, 215, 117,
       97, 222, 19, 25, 12, 86, 165, 107, 139, 19, 157, 191, 250, 53,
       198, 95, 77, 158, 196, 239, 140, 241, 252, 153, 217, 107, 222, 84,
       214, 239, 116, 244, 64, 218, 198, 49, 222, 176, 224, 120, 232, 22,
       239, 233, 143, 54, 191, 112, 109, 170, 136, 61, 146, 112, 248,
       191, 149, 111, 248, 149, 198, 79, 113, 213, 192, 199, 22, 81, 223,
       56, 97, 120, 160, 59, 173, 121, 163, 48, 206, 251, 235, 138, 72,
       63, 170, 240, 112, 119, 225, 169, 166, 156, 70, 95, 188, 2, 228,
       139, 139, 215, 111, 90, 114, 220, 197, 121, 247, 222, 3, 255, 32,
       249, 165, 143, 124, 36, 51, 148, 82, 48, 252, 24, 168, 55, 221,
       82, 218, 3, 41, 184, 15, 47, 159, 99, 16, 255, 153, 196, 82, 14,
       34, 88, 191, 251, 221, 33, 63, 120, 155, 110, 27, 72, 221, 26,
       189, 116, 172, 121, 183, 60, 9, 126, 33, 183, 151, 34, 81, 230,
       59, 31, 24, 106, 152, 16, 29, 231, 241, 50, 9, 48, 208, 169, 27,
       56, 120, 120, 238, 70, 215, 95, 216, 83, 46, 116, 10, 59, 157, 99,
       16, 94, 184, 151, 202, 202, 54, 120, 185, 87, 205, 33, 169, 119,
       187, 78, 139, 57, 122, 123, 111, 118, 3, 75, 120, 69, 232, 245,
       238, 83, 25, 185, 48, 126, 168, 22, 234, 201, 178, 109, 60, 114,
       201, 161, 160, 125, 187, 114, 169, 37, 22, 105, 205, 116, 43, 75,
       91, 93, 106, 252, 110, 83, 9, 189, 56, 94, 168, 23, 44, 137, 182,
       100, 154, 70, 221, 161, 180, 255, 234, 82, 177, 85, 26, 123, 225,
       38, 172, 123, 50, 44, 64, 218, 198, 215, 15, 145, 104, 39, 165,
       61, 15, 137, 144, 101, 36, 215, 239, 42, 192, 172, 235, 1, 113,
       161, 2, 109, 89, 118, 155, 233, 119, 85, 105, 118, 246, 155, 13,
       180, 41, 110, 172, 22, 141, 159, 252, 101, 221, 70, 75, 242, 192,
       119, 136, 116, 253, 83, 18, 111, 173, 98, 2, 57, 87, 37, 202, 214,
       231, 57, 135, 179, 104, 110, 189, 63, 141, 205, 159, 183, 192,
       214, 105, 186, 128, 45, 132, 49, 249, 130, 193, 0, 137, 149, 133,
       46, 175, 4, 16, 90, 2, 224, 42, 56, 64, 208, 2, 59, 225, 82, 8,
       17, 157, 45, 50, 142, 196, 20, 10, 184, 8, 131, 161, 224, 213,
       231, 249, 188, 103, 91, 97, 84, 147, 173, 60, 214, 40, 175, 31,
       55, 141, 150, 252, 229, 195, 79, 126, 218, 227, 167, 132, 151,
       223, 51, 218, 111, 252, 62, 131, 205, 249, 214, 74, 214, 102, 113,
       233, 185, 97, 127, 228, 63, 173, 169, 183, 47, 159, 242, 239, 255,
       148, 61, 168, 112, 57, 1, 143, 93, 241, 180, 169, 233, 55, 238,
       81, 10, 150, 189, 43, 48, 96, 39, 35, 27, 156, 179, 56, 53, 245,
       204, 221, 18, 64, 188, 200, 193, 40, 6, 252, 148, 151, 253, 244,
       188, 175, 159, 159, 26, 49, 236, 254, 110, 207, 135, 115, 187,
       145, 118, 77, 155, 243, 45, 22, 223, 239, 150, 116, 173, 223, 165,
       117, 113, 71, 116, 78, 99, 152, 113, 232, 247, 72, 211, 49, 157,
       53, 88, 220, 86, 106, 169, 176, 121, 14, 101, 248, 33, 4, 67, 187,
       70, 161, 56, 201, 122, 238, 92, 199, 211, 244, 196, 4, 252, 2,
       115, 221, 178, 96, 88, 248, 6, 106, 202, 171, 126, 189, 115, 237,
       162, 25, 119, 154, 116, 234, 154, 115, 118, 249, 43, 210, 57, 85,
       165, 93, 214, 183, 141, 151, 2, 79, 102, 157, 253, 208, 42, 221,
       241, 193, 215, 241, 250, 195, 38, 132, 45, 91, 111, 30, 193, 193,
       224, 32, 107, 18, 33, 235, 126, 230, 25, 39, 213, 252, 119, 254,
       55, 158, 129, 146, 229, 226, 14, 188, 167, 160, 174, 243, 96, 245,
       122, 81, 98, 204, 125, 71, 222, 104, 137, 172, 177, 139, 106, 221,
       63, 5, 254, 177, 223, 231, 236, 35, 88, 221, 51, 92, 137, 187, 87,
       62, 126, 211, 223, 118, 172, 164, 175, 18, 150, 40, 19, 190, 159,
       175, 239, 124, 199, 139, 255, 229, 253, 231, 236, 71, 207, 136,
       186, 227, 239, 151, 165, 127, 61, 87, 243, 140, 172, 181, 140, 46,
       73, 174, 214, 247, 138, 157, 243, 108, 82, 99, 205, 230, 121, 157,
       172, 205, 255, 42, 201, 111, 221, 20, 164, 232, 144, 88, 250, 249,
       50, 242, 45, 221, 90, 224, 185, 108, 176, 9, 175, 159, 68, 145,
       128, 249, 245, 67, 78, 111, 154, 181, 147, 209, 200, 187, 2, 15,
       94, 91, 250, 249, 145, 176, 41, 221, 24, 228, 171, 248, 176, 41,
       174, 158, 70, 182, 196, 245, 253, 81, 79, 79, 242, 226, 153, 208,
       159, 251, 2, 28, 135, 95, 241, 201, 75, 111, 36, 26, 110, 53, 100,
       64, 246, 66, 115, 32, 148, 112, 122, 236, 44, 234, 205, 176, 101,
       47, 246, 171, 226, 0, 109, 178, 98, 168, 221, 70, 76, 59, 160, 58,
       70, 160, 116, 14, 215, 245, 211, 42, 155, 217, 114, 132, 236, 230,
       108, 148, 237, 62, 182, 227, 238, 145, 44, 243, 9, 81, 10, 220,
       58, 255, 127, 197, 187, 246, 159, 79, 84, 35, 188, 223, 38, 64,
       199, 123, 191, 65, 226, 152, 50, 255, 103, 119, 26, 139, 30, 28,
       37, 219, 220, 127, 93, 103, 50, 79, 119, 184, 53, 172, 255, 108,
       215, 87, 137, 81, 54, 212, 109, 106, 105, 144, 121, 44, 247, 169,
       37, 148, 40, 179, 4, 115, 57, 125, 120, 229, 117, 95, 75, 86, 69,
       236, 126, 172, 187, 21, 147, 244, 94, 188, 150, 108, 205, 184,
       117, 158, 230, 205, 160, 161, 127, 190, 92, 253, 60, 5, 234, 239,
       196, 34, 98, 83, 117, 7, 255, 18, 83, 41, 48, 88, 120, 142, 39,
       138, 24, 178, 1, 134, 215, 239, 162, 65, 183, 235, 244, 162, 7,
       143, 98, 30, 119, 147, 190, 228, 223, 12, 216, 227, 232, 232, 182,
       132, 127, 171, 151, 239, 246, 171, 14, 255, 34, 94, 139, 171, 87,
       134, 249, 205, 46, 232, 164, 155, 221, 215, 178, 202, 31, 183,
       132, 3, 140, 252, 119, 142, 201, 89, 187, 209, 86, 127, 218, 243,
       31, 82, 223, 127, 147, 45, 61, 206, 46, 96, 228, 169, 47, 255,
       152, 72, 143, 100, 221, 131, 141, 140, 55, 142, 206, 185, 219,
       151, 142, 39, 119, 208, 151, 85, 139, 183, 151, 95, 61, 214, 55,
       83, 232, 170, 246, 3, 206, 216, 90, 72, 249, 239, 83, 220, 253,
       32, 94, 201, 23, 239, 203, 50, 76, 114, 116, 13, 175, 188, 253,
       251, 242, 241, 253, 223, 225, 78, 246, 50, 207, 248, 83, 238, 252,
       239, 89, 105, 255, 101, 127, 198, 23, 239, 237, 114, 236, 174,
