%YAML:1.0
---
descriptors: !!opencv-matrix
   rows: 360
   cols: 32
   dt: u
   data: [ 62, 242, 230, 169, 111, 55, 152, 200, 143, 127, 213, 167, 136,
       204, 63, 140, 223, 153, 223, 181, 142, 167, 127, 209, 23, 87, 155,
       191, 215, 15, 61, 215, 125, 233, 169, 174, 156, 100, 79, 168, 2,
       228, 139, 137, 211, 237, 90, 64, 88, 198, 121, 239, 75, 2, 251,
       33, 249, 229, 141, 60, 0, 251, 148, 114, 229, 56, 173, 167, 172,
       15, 95, 56, 58, 238, 131, 29, 215, 108, 91, 27, 149, 101, 121,
       119, 237, 70, 249, 40, 237, 43, 237, 56, 136, 63, 146, 82, 7, 145,
       35, 171, 244, 197, 187, 248, 78, 73, 89, 71, 144, 220, 124, 96,
       252, 27, 23, 209, 151, 186, 62, 247, 77, 92, 170, 206, 93, 15,
       245, 247, 43, 50, 110, 168, 125, 215, 184, 72, 204, 204, 212, 167,
       141, 140, 54, 130, 238, 161, 223, 181, 134, 187, 118, 204, 30, 67,
       186, 203, 31, 14, 125, 215, 113, 121, 168, 37, 168, 79, 93, 15,
       162, 246, 128, 13, 179, 172, 83, 27, 129, 69, 125, 53, 236, 75,
       211, 24, 233, 195, 253, 124, 136, 100, 86, 90, 155, 76, 231, 156,
       2, 70, 173, 119, 180, 67, 194, 147, 57, 190, 49, 107, 110, 177,
       19, 173, 233, 159, 53, 202, 147, 42, 218, 128, 61, 212, 33, 248,
       8, 213, 88, 249, 116, 172, 121, 23, 52, 9, 126, 1, 183, 23, 40,
       81, 242, 187, 23, 24, 2, 152, 16, 29, 231, 233, 50, 128, 52, 200,
       201, 27, 85, 26, 251, 239, 164, 40, 75, 50, 108, 73, 91, 228, 215,
       111, 153, 96, 246, 167, 61, 14, 153, 144, 229, 33, 196, 237, 170,
       192, 172, 235, 1, 113, 1, 143, 93, 249, 182, 169, 233, 183, 206,
       81, 78, 214, 189, 35, 176, 97, 39, 35, 27, 157, 179, 24, 38, 245,
       204, 157, 154, 64, 156, 136, 129, 40, 243, 140, 173, 181, 156,
       110, 73, 47, 214, 247, 138, 25, 243, 108, 82, 99, 201, 198, 121,
       157, 188, 205, 255, 34, 201, 107, 253, 80, 132, 104, 144, 66, 2,
       234, 170, 191, 102, 192, 191, 196, 23, 79, 93, 163, 173, 239, 58,
       64, 255, 123, 151, 195, 66, 130, 14, 243, 225, 117, 190, 171, 149,
       255, 189, 218, 50, 173, 170, 190, 215, 195, 207, 103, 150, 135,
       204, 131, 35, 237, 54, 0, 120, 170, 131, 13, 90, 171, 62, 191,
       113, 6, 159, 41, 117, 78, 246, 234, 193, 164, 140, 186, 172, 172,
       72, 143, 250, 87, 128, 29, 183, 170, 90, 89, 193, 135, 104, 29,
       191, 111, 218, 19, 216, 179, 222, 120, 136, 64, 187, 88, 14, 172,
       160, 155, 221, 113, 190, 207, 31, 151, 77, 19, 140, 254, 126, 236,
       249, 91, 147, 147, 54, 116, 91, 243, 47, 86, 159, 111, 150, 95,
       189, 198, 11, 139, 63, 249, 228, 136, 185, 23, 239, 89, 87, 116,
       188, 143, 208, 105, 230, 43, 63, 28, 211, 152, 227, 241, 198, 249,
       122, 192, 30, 136, 129, 241, 206, 188, 148, 151, 237, 244, 190,
       175, 158, 159, 11, 49, 236, 254, 106, 207, 135, 119, 187, 145,
       118, 77, 155, 243, 13, 18, 95, 207, 146, 85, 173, 143, 131, 233,
       225, 215, 230, 217, 188, 55, 123, 97, 84, 243, 184, 172, 214, 40,
       175, 63, 55, 157, 247, 252, 228, 231, 78, 62, 254, 224, 199, 132,
       211, 221, 105, 189, 57, 248, 253, 157, 87, 119, 207, 105, 172, 12,
       190, 191, 36, 116, 201, 170, 90, 12, 155, 43, 242, 183, 255, 253,
       145, 122, 26, 8, 210, 122, 128, 129, 27, 249, 180, 168, 105, 19,
       62, 89, 83, 85, 181, 3, 48, 72, 195, 43, 63, 28, 51, 152, 83, 87,
       141, 186, 58, 192, 152, 128, 129, 57, 177, 91, 59, 238, 29, 150,
       207, 244, 229, 200, 252, 68, 187, 143, 54, 48, 236, 227, 95, 239,
       205, 171, 112, 237, 243, 249, 134, 24, 73, 178, 99, 248, 37, 85,
       113, 79, 116, 78, 103, 184, 113, 104, 255, 104, 211, 117, 141, 52,
       88, 220, 70, 106, 201, 178, 249, 12, 103, 172, 33, 4, 99, 187, 70,
       177, 134, 248, 150, 155, 77, 213, 184, 200, 142, 252, 84, 3, 204,
       222, 111, 132, 248, 121, 187, 211, 70, 115, 250, 240, 31, 16, 207,
       111, 22, 63, 61, 215, 185, 22, 105, 236, 52, 3, 201, 120, 97, 224,
       245, 238, 27, 9, 145, 49, 126, 168, 21, 175, 201, 182, 101, 140,
       242, 233, 162, 148, 127, 170, 114, 49, 119, 83, 249, 70, 237, 93,
       207, 248, 65, 252, 189, 110, 91, 252, 255, 190, 94, 204, 180, 110,
       205, 50, 254, 160, 51, 217, 229, 190, 127, 255, 94, 117, 57, 102,
       107, 101, 84, 139, 107, 240, 69, 96, 252, 238, 115, 65, 185, 48,
       126, 168, 22, 238, 201, 182, 108, 61, 118, 205, 160, 128, 111,
       187, 114, 185, 131, 137, 36, 159, 84, 211, 167, 232, 84, 64, 80,
       7, 240, 88, 190, 33, 88, 35, 19, 103, 247, 184, 45, 189, 36, 42,
       138, 192, 93, 15, 120, 204, 155, 223, 71, 188, 54, 210, 62, 119,
       181, 64, 222, 231, 45, 174, 178, 229, 110, 247, 191, 197, 237,
       153, 36, 239, 178, 99, 186, 131, 63, 156, 185, 93, 154, 18, 166,
       189, 43, 82, 56, 25, 167, 92, 214, 183, 173, 15, 34, 207, 102,
       157, 191, 193, 46, 221, 115, 193, 215, 243, 250, 133, 54, 164, 45,
       91, 181, 5, 195, 184, 213, 167, 228, 203, 22, 131, 242, 146, 65,
       236, 61, 72, 121, 170, 2, 189, 122, 179, 53, 194, 57, 239, 159,
       68, 181, 248, 240, 192, 155, 189, 111, 161, 150, 247, 233, 247,
       117, 113, 150, 151, 25, 12, 86, 33, 47, 139, 23, 157, 191, 184,
       53, 247, 127, 75, 158, 196, 175, 132, 241, 252, 40, 217, 120, 110,
       108, 205, 91, 240, 65, 108, 116, 14, 51, 29, 19, 49, 12, 216, 23,
       234, 200, 58, 120, 61, 119, 201, 225, 173, 119, 139, 94, 251, 48,
       49, 90, 168, 52, 205, 82, 113, 45, 12, 249, 13, 119, 219, 42, 80,
       216, 185, 5, 98, 94, 35, 80, 29, 243, 205, 32, 121, 120, 138, 78,
       19, 184, 137, 56, 216, 93, 213, 193, 99, 214, 8, 196, 2, 50, 217,
       116, 96, 200, 186, 2, 73, 74, 47, 114, 191, 115, 217, 130, 123,
       19, 8, 244, 170, 150, 129, 206, 155, 151, 162, 236, 197, 118, 3,
       198, 146, 89, 235, 56, 72, 127, 142, 59, 153, 59, 145, 29, 226,
       219, 167, 158, 68, 181, 208, 240, 8, 117, 206, 239, 254, 62, 2,
       79, 249, 215, 66, 212, 230, 113, 235, 185, 96, 127, 228, 63, 174,
       233, 131, 46, 159, 242, 239, 239, 156, 61, 248, 112, 57, 150, 157,
       28, 159, 182, 135, 190, 232, 158, 10, 146, 115, 244, 122, 60, 64,
       255, 115, 27, 227, 118, 141, 73, 255, 232, 54, 159, 210, 156, 11,
       49, 11, 150, 92, 191, 183, 42, 102, 189, 48, 188, 210, 131, 87,
       220, 95, 33, 75, 231, 117, 125, 163, 225, 197, 27, 202, 193, 50,
       219, 146, 132, 113, 37, 243, 159, 95, 198, 158, 143, 50, 142, 252,
       149, 218, 145, 247, 73, 104, 255, 239, 119, 197, 253, 231, 229,
       199, 15, 234, 178, 114, 207, 159, 63, 255, 185, 213, 219, 18, 111,
       173, 106, 2, 105, 91, 37, 200, 214, 247, 25, 135, 242, 65, 110,
       173, 63, 141, 201, 158, 231, 192, 214, 105, 186, 136, 45, 132, 48,
       249, 165, 85, 117, 71, 116, 78, 231, 56, 113, 200, 119, 64, 211,
       81, 157, 53, 88, 220, 70, 106, 233, 176, 121, 12, 103, 184, 33, 4,
       67, 187, 86, 161, 109, 26, 225, 195, 224, 160, 107, 18, 35, 203,
       127, 228, 185, 231, 209, 124, 119, 254, 55, 158, 129, 144, 236,
       224, 76, 188, 162, 128, 174, 243, 96, 241, 220, 71, 127, 125, 78,
       74, 229, 240, 100, 54, 246, 242, 211, 117, 153, 75, 106, 244, 110,
       234, 233, 247, 231, 10, 117, 171, 99, 0, 103, 249, 244, 225, 137,
       122, 125, 241, 110, 185, 233, 86, 237, 120, 246, 230, 189, 143,
       209, 107, 110, 41, 126, 92, 131, 189, 231, 224, 214, 249, 186,
       208, 62, 137, 81, 249, 191, 143, 100, 7, 255, 19, 206, 248, 81,
       254, 157, 239, 73, 104, 151, 167, 127, 196, 214, 239, 237, 251,
       109, 254, 58, 95, 207, 180, 111, 247, 122, 212, 242, 58, 96, 16,
       79, 253, 209, 66, 139, 125, 176, 63, 42, 156, 87, 155, 173, 145,
       223, 19, 142, 103, 242, 240, 23, 88, 88, 187, 197, 77, 94, 215,
       90, 25, 182, 174, 251, 246, 184, 105, 143, 29, 223, 35, 236, 254,
       38, 196, 230, 183, 191, 129, 20, 155, 147, 212, 155, 243, 202,
       203, 150, 6, 45, 215, 57, 124, 112, 101, 117, 95, 79, 86, 69, 236,
       124, 8, 187, 21, 147, 244, 94, 188, 150, 108, 201, 176, 117, 158,
