%YAML:1.0
---
descriptors: !!opencv-matrix
   rows: 200
   cols: 32
   dt: u
   data: [ 245, 156, 173, 247, 140, 102, 221, 187, 242, 223, 164, 20,
       243, 127, 91, 43, 217, 199, 125, 191, 171, 239, 251, 47, 233, 239,
       255, 84, 192, 112, 246, 250, 74, 151, 57, 251, 176, 196, 57, 55,
       63, 77, 127, 245, 188, 23, 168, 112, 198, 27, 63, 144, 211, 152,
       113, 87, 237, 245, 58, 194, 18, 130, 165, 123, 84, 78, 237, 117,
       130, 106, 109, 19, 48, 186, 210, 240, 211, 39, 145, 123, 39, 247,
       108, 170, 104, 208, 101, 40, 229, 162, 254, 129, 165, 241, 134,
       33, 254, 236, 236, 96, 245, 75, 123, 236, 51, 253, 182, 169, 83,
       45, 91, 19, 57, 220, 245, 245, 104, 127, 137, 130, 250, 195, 229,
       245, 231, 188, 94, 210, 33, 57, 149, 249, 237, 44, 228, 199, 77,
       147, 64, 80, 148, 177, 96, 75, 201, 110, 51, 25, 17, 248, 211,
       160, 141, 154, 94, 74, 152, 120, 209, 186, 80, 133, 21, 175, 150,
       110, 111, 43, 52, 6, 203, 66, 215, 99, 8, 67, 113, 198, 40, 171,
       121, 152, 89, 15, 245, 227, 202, 4, 32, 106, 224, 32, 198, 156,
       191, 179, 172, 102, 189, 231, 191, 95, 211, 19, 212, 191, 104, 75,
       231, 215, 59, 145, 50, 221, 187, 225, 221, 50, 222, 198, 128, 72,
       165, 251, 115, 191, 189, 236, 238, 39, 156, 255, 26, 186, 216,
       111, 124, 255, 69, 34, 253, 255, 127, 135, 209, 75, 202, 240, 125,
       24, 239, 190, 157, 122, 179, 187, 252, 217, 57, 250, 203, 205, 87,
       229, 179, 22, 165, 24, 63, 223, 96, 80, 193, 185, 245, 66, 123,
       47, 218, 179, 243, 209, 4, 123, 114, 48, 134, 178, 130, 137, 6,
       190, 19, 196, 62, 230, 157, 0, 64, 131, 172, 239, 33, 65, 238,
       123, 147, 197, 98, 138, 18, 255, 239, 118, 158, 139, 22, 4, 41,
       218, 236, 53, 251, 109, 160, 106, 91, 80, 121, 142, 125, 48, 95,
       247, 161, 122, 82, 124, 4, 58, 48, 197, 168, 10, 203, 255, 35, 81,
       226, 227, 102, 225, 90, 92, 51, 244, 111, 208, 191, 114, 173, 202,
       94, 102, 60, 158, 165, 224, 166, 115, 191, 67, 193, 141, 178, 253,
       179, 245, 42, 139, 6, 33, 37, 59, 119, 207, 194, 142, 222, 3, 198,
       248, 209, 226, 157, 239, 96, 104, 255, 166, 89, 230, 19, 239, 237,
       99, 12, 175, 56, 14, 133, 190, 191, 255, 120, 20, 114, 28, 245,
       28, 255, 117, 145, 67, 203, 247, 180, 175, 44, 60, 103, 31, 239,
       183, 251, 17, 150, 107, 178, 216, 27, 90, 89, 191, 215, 108, 85,
       95, 23, 94, 233, 201, 182, 51, 239, 223, 86, 234, 220, 230, 145,
       132, 247, 100, 127, 204, 23, 189, 139, 146, 109, 90, 100, 13, 175,
       164, 189, 250, 48, 253, 152, 218, 62, 188, 42, 133, 157, 246, 148,
       14, 214, 183, 63, 223, 51, 1, 175, 177, 223, 131, 236, 175, 18,
       191, 243, 199, 122, 153, 53, 184, 45, 91, 53, 222, 109, 233, 116,
       35, 75, 154, 87, 105, 248, 238, 83, 45, 177, 48, 95, 200, 21, 252,
       155, 50, 109, 191, 250, 239, 161, 212, 255, 251, 80, 241, 15, 90,
       102, 186, 71, 150, 190, 98, 157, 196, 221, 135, 104, 206, 55, 65,
       238, 169, 179, 199, 196, 147, 22, 236, 114, 113, 202, 203, 31, 31,
       61, 214, 122, 212, 120, 234, 175, 116, 93, 238, 27, 82, 188, 43,
       42, 125, 63, 116, 247, 211, 181, 65, 110, 43, 122, 243, 243, 255,
       148, 191, 183, 252, 68, 127, 97, 148, 172, 141, 173, 39, 197, 63,
       74, 251, 157, 72, 210, 57, 94, 43, 201, 70, 125, 45, 157, 106,
       249, 16, 77, 26, 241, 124, 218, 108, 216, 64, 46, 116, 242, 142,
       109, 93, 182, 200, 143, 174, 249, 11, 78, 252, 127, 130, 253, 221,
       247, 99, 68, 119, 218, 242, 61, 84, 15, 63, 199, 127, 127, 215,
       190, 223, 43, 162, 173, 253, 151, 246, 133, 78, 157, 191, 10, 61,
       111, 131, 237, 211, 223, 195, 254, 39, 104, 162, 243, 213, 142,
       187, 215, 95, 190, 243, 66, 184, 149, 255, 186, 204, 169, 143,
       191, 217, 26, 80, 188, 247, 72, 94, 167, 127, 127, 144, 19, 72,
       187, 243, 157, 182, 223, 234, 128, 0, 135, 121, 222, 31, 119, 180,
       211, 210, 185, 99, 185, 206, 214, 163, 12, 255, 167, 255, 239,
       245, 159, 177, 112, 223, 32, 206, 59, 119, 143, 131, 39, 100, 37,
       255, 143, 140, 100, 219, 229, 245, 189, 167, 223, 83, 85, 147,
       236, 124, 62, 45, 191, 123, 147, 135, 246, 124, 62, 247, 47, 91,
       223, 227, 215, 92, 221, 198, 64, 156, 191, 149, 172, 102, 173,
       231, 62, 31, 86, 19, 180, 183, 98, 75, 231, 87, 59, 145, 50, 217,
       179, 97, 221, 34, 254, 196, 132, 104, 181, 251, 11, 223, 10, 189,
       54, 146, 186, 246, 60, 65, 90, 231, 173, 138, 50, 192, 230, 107,
       147, 197, 231, 152, 6, 255, 164, 39, 186, 129, 28, 20, 57, 223,
       41, 54, 233, 99, 244, 139, 239, 21, 86, 226, 127, 230, 243, 77,
       221, 32, 95, 170, 23, 158, 201, 176, 109, 186, 102, 205, 165, 160,
       127, 218, 208, 185, 39, 182, 235, 199, 100, 57, 239, 176, 88, 235,
       95, 254, 241, 228, 220, 36, 95, 110, 54, 47, 145, 182, 236, 163,
       76, 30, 251, 160, 77, 235, 80, 245, 154, 92, 190, 190, 47, 165,
       92, 86, 149, 14, 212, 55, 191, 255, 35, 201, 237, 177, 191, 133,
       44, 7, 18, 187, 243, 231, 250, 139, 58, 124, 45, 91, 3, 63, 233,
       203, 182, 51, 207, 93, 86, 232, 221, 230, 177, 4, 245, 100, 95,
       234, 23, 191, 201, 146, 109, 218, 108, 12, 175, 164, 189, 250,
       240, 253, 252, 63, 254, 224, 243, 118, 95, 115, 177, 142, 255, 48,
       95, 247, 35, 223, 247, 255, 141, 58, 56, 219, 176, 138, 219, 255,
       35, 193, 162, 229, 238, 99, 191, 132, 46, 184, 133, 246, 252, 99,
       149, 82, 198, 18, 88, 223, 62, 237, 249, 182, 187, 165, 124, 223,
       50, 222, 219, 251, 218, 71, 19, 12, 248, 226, 130, 93, 114, 220,
       75, 240, 190, 98, 173, 128, 222, 162, 44, 255, 37, 100, 230, 123,
       187, 195, 64, 139, 178, 233, 179, 240, 74, 139, 6, 117, 37, 191,
       157, 228, 17, 122, 155, 99, 6, 238, 55, 51, 164, 16, 78, 83, 104,
       252, 115, 219, 144, 250, 106, 87, 9, 247, 185, 222, 87, 111, 178,
       85, 163, 170, 125, 244, 189, 247, 156, 110, 85, 190, 242, 247,
       166, 24, 215, 127, 90, 59, 201, 214, 125, 57, 43, 111, 251, 59,
       203, 239, 247, 92, 200, 105, 214, 114, 2, 205, 14, 188, 25, 132,
       58, 230, 159, 0, 64, 3, 172, 254, 48, 64, 200, 123, 59, 197, 98,
       139, 18, 255, 173, 54, 154, 10, 16, 0, 49, 154, 129, 84, 30, 189,
       4, 172, 229, 55, 244, 74, 242, 21, 247, 88, 58, 97, 236, 35, 58,
       47, 237, 173, 23, 63, 229, 171, 114, 0, 88, 88, 249, 24, 20, 13,
       75, 254, 148, 227, 195, 114, 212, 0, 219, 2, 113, 248, 49, 96, 88,
       170, 18, 201, 59, 171, 120, 63, 249, 175, 162, 72, 181, 11, 112,
       168, 134, 255, 157, 255, 190, 234, 7, 191, 223, 239, 91, 117, 197,
       232, 156, 203, 135, 103, 109, 3, 245, 220, 203, 35, 44, 182, 117,
       210, 156, 251, 157, 27, 130, 115, 183, 175, 110, 227, 177, 76,
       142, 188, 89, 35, 188, 159, 224, 42, 162, 127, 119, 211, 2, 217,
       170, 241, 80, 0, 123, 235, 4, 19, 183, 235, 91, 51, 237, 237, 63,
       86, 89, 59, 17, 236, 84, 164, 125, 87, 211, 247, 22, 60, 181, 172,
       201, 208, 241, 136, 195, 249, 169, 131, 38, 164, 126, 117, 244,
       173, 189, 242, 141, 109, 85, 186, 166, 186, 175, 24, 247, 247, 73,
       123, 193, 214, 125, 26, 123, 67, 219, 34, 217, 203, 245, 28, 128,
       121, 212, 50, 182, 221, 163, 178, 221, 109, 150, 246, 145, 94,
       153, 159, 102, 125, 105, 3, 237, 211, 223, 99, 253, 103, 120, 170,
       251, 215, 206, 58, 216, 127, 182, 243, 42, 225, 180, 154, 125,
       253, 144, 204, 143, 61, 189, 11, 238, 252, 110, 142, 217, 27, 251,
       1, 6, 99, 122, 213, 31, 87, 75, 127, 82, 30, 143, 198, 98, 187,
       235, 230, 95, 205, 186, 87, 43, 105, 248, 239, 58, 125, 20, 48,
       252, 255, 215, 149, 155, 59, 240, 253, 127, 30, 186, 250, 237, 14,
       246, 251, 37, 116, 209, 71, 112, 126, 238, 184, 104, 234, 121, 76,
       243, 112, 157, 182, 30, 108, 84, 106, 133, 242, 253, 42, 38, 253,
       37, 32, 73, 243, 74, 181, 28, 53, 26, 171, 188, 127, 18, 232, 30,
       172, 223, 3, 215, 222, 43, 192, 248, 89, 207, 115, 44, 179, 89,
