%YAML:1.0
---
descriptors: !!opencv-matrix
   rows: 296
   cols: 32
   dt: u
   data: [ 6, 164, 144, 155, 221, 241, 190, 207, 31, 23, 73, 19, 236,
       254, 110, 204, 249, 91, 147, 147, 54, 116, 91, 243, 47, 22, 159,
       111, 150, 95, 189, 198, 125, 225, 169, 167, 152, 71, 95, 184, 2,
       228, 143, 141, 247, 47, 91, 66, 84, 197, 121, 247, 9, 2, 251, 40,
       249, 165, 141, 60, 136, 127, 148, 82, 116, 115, 168, 166, 152, 47,
       79, 184, 34, 228, 203, 141, 211, 101, 91, 16, 84, 207, 109, 103,
       200, 18, 221, 40, 252, 133, 173, 60, 40, 243, 150, 82, 229, 118,
       173, 183, 168, 15, 79, 57, 50, 238, 130, 157, 247, 108, 91, 27,
       149, 69, 121, 55, 237, 68, 249, 26, 237, 99, 237, 124, 136, 44,
       150, 82, 113, 105, 172, 37, 172, 77, 77, 15, 202, 246, 128, 13,
       147, 172, 83, 11, 129, 68, 121, 61, 205, 73, 243, 0, 233, 91, 223,
       124, 136, 116, 82, 90, 17, 215, 55, 239, 52, 134, 111, 53, 68,
       109, 91, 102, 245, 55, 160, 100, 86, 52, 63, 40, 217, 184, 97,
       157, 225, 174, 162, 192, 20, 138, 177, 121, 254, 245, 132, 162,
       169, 59, 94, 140, 3, 183, 137, 189, 207, 74, 74, 146, 151, 221,
       237, 243, 126, 67, 223, 183, 186, 211, 205, 255, 190, 87, 142, 87,
       198, 156, 150, 151, 173, 244, 188, 142, 158, 159, 26, 17, 236,
       254, 108, 207, 135, 115, 187, 145, 54, 76, 155, 243, 45, 22, 95,
       207, 146, 85, 173, 15, 6, 145, 43, 235, 244, 197, 187, 217, 78,
       73, 89, 7, 144, 220, 126, 96, 220, 27, 23, 81, 147, 184, 126, 213,
       77, 28, 170, 206, 213, 11, 245, 247, 155, 76, 239, 189, 66, 54,
       237, 119, 149, 66, 198, 147, 57, 46, 55, 233, 108, 187, 19, 141,
       233, 159, 52, 202, 147, 107, 218, 128, 55, 212, 32, 252, 17, 143,
       77, 243, 150, 169, 105, 183, 108, 81, 74, 214, 185, 35, 48, 97,
       111, 130, 26, 156, 179, 184, 117, 245, 204, 205, 146, 64, 189,
       200, 209, 40, 155, 173, 111, 161, 148, 247, 233, 247, 117, 97,
       222, 23, 25, 8, 118, 33, 107, 139, 19, 157, 191, 187, 53, 214,
       127, 77, 158, 196, 239, 140, 241, 252, 19, 176, 239, 177, 194, 3,
       233, 123, 62, 243, 82, 150, 61, 238, 252, 105, 127, 155, 59, 157,
       211, 220, 63, 209, 94, 75, 223, 196, 189, 228, 177, 224, 139, 169,
       224, 215, 247, 220, 188, 55, 123, 105, 86, 151, 184, 188, 212, 40,
       175, 63, 55, 157, 183, 252, 246, 227, 79, 127, 254, 224, 207, 132,
       211, 207, 169, 18, 109, 89, 118, 155, 233, 87, 85, 105, 118, 246,
       153, 12, 180, 105, 110, 172, 22, 141, 159, 252, 101, 221, 70, 107,
       242, 192, 127, 136, 112, 253, 189, 5, 47, 248, 157, 215, 203, 97,
       213, 192, 199, 2, 83, 253, 48, 97, 88, 160, 26, 189, 121, 163,
       114, 158, 251, 235, 131, 72, 59, 170, 240, 112, 79, 94, 193, 193,
       114, 32, 107, 146, 51, 234, 126, 230, 25, 39, 209, 252, 119, 252,
       55, 158, 129, 144, 229, 226, 14, 156, 183, 132, 174, 247, 96, 241,
       120, 180, 185, 248, 155, 237, 145, 79, 251, 83, 189, 24, 190, 221,
       104, 58, 171, 155, 237, 17, 27, 111, 178, 211, 219, 215, 22, 123,
       211, 64, 167, 251, 137, 243, 127, 233, 108, 145, 237, 87, 236, 89,
       244, 244, 157, 135, 208, 226, 78, 137, 94, 140, 193, 190, 229,
       193, 118, 249, 58, 128, 78, 128, 227, 249, 9, 27, 127, 241, 228,
       136, 233, 87, 109, 121, 87, 246, 157, 135, 208, 104, 102, 47, 62,
       28, 147, 152, 231, 193, 198, 249, 186, 192, 14, 136, 129, 249, 73,
       217, 247, 77, 36, 206, 111, 181, 237, 72, 118, 64, 187, 181, 176,
       230, 38, 244, 62, 74, 209, 184, 55, 224, 101, 248, 96, 128, 118,
       179, 193, 45, 242, 213, 105, 202, 245, 198, 223, 237, 9, 76, 159,
       131, 88, 92, 62, 80, 222, 145, 159, 241, 254, 43, 121, 223, 123,
       63, 142, 215, 21, 14, 244, 123, 3, 48, 15, 45, 76, 15, 160, 72,
       78, 105, 210, 67, 144, 152, 212, 40, 232, 13, 122, 5, 133, 178,
       215, 80, 20, 24, 138, 2, 93, 8, 121, 132, 250, 249, 145, 176, 169,
       220, 24, 228, 139, 248, 176, 41, 142, 158, 70, 214, 204, 245, 253,
       81, 94, 75, 242, 224, 187, 209, 143, 251, 2, 12, 135, 95, 6, 235,
       162, 158, 111, 192, 190, 204, 18, 77, 93, 163, 104, 238, 127, 196,
       254, 107, 179, 199, 70, 18, 142, 241, 52, 52, 142, 175, 23, 127,
       181, 246, 134, 191, 255, 242, 238, 232, 181, 199, 235, 31, 25,
       178, 164, 253, 228, 43, 171, 123, 55, 19, 114, 125, 170, 227, 108,
       16, 254, 235, 132, 89, 183, 195, 92, 70, 12, 43, 160, 26, 94, 189,
       52, 14, 215, 237, 215, 98, 155, 81, 115, 133, 236, 167, 124, 144,
       205, 28, 230, 227, 239, 149, 44, 242, 141, 81, 122, 81, 98, 204,
       125, 87, 222, 104, 201, 204, 181, 139, 106, 93, 63, 21, 254, 177,
       223, 231, 204, 163, 116, 204, 51, 92, 137, 187, 103, 190, 126, 87,
       60, 12, 238, 237, 196, 34, 106, 83, 117, 7, 127, 18, 19, 43, 49,
       72, 105, 198, 55, 154, 152, 186, 49, 162, 87, 239, 226, 65, 183,
       233, 240, 162, 89, 189, 185, 250, 157, 253, 81, 199, 223, 113,
       172, 28, 190, 253, 96, 56, 137, 187, 91, 16, 27, 43, 114, 243,
       219, 221, 16, 123, 218, 72, 208, 122, 60, 31, 88, 234, 116, 175,
       82, 120, 17, 12, 125, 15, 115, 219, 50, 16, 248, 184, 7, 106, 14,
       178, 24, 31, 243, 205, 33, 57, 121, 171, 102, 147, 182, 157, 111,
       186, 159, 193, 151, 233, 151, 85, 149, 155, 65, 221, 62, 1, 121,
       187, 147, 227, 123, 43, 62, 181, 123, 67, 141, 127, 117, 14, 180,
       242, 61, 29, 100, 108, 53, 23, 91, 120, 69, 76, 253, 134, 91, 77,
       183, 180, 126, 136, 148, 238, 205, 178, 117, 156, 242, 237, 161,
       129, 119, 175, 126, 245, 66, 60, 189, 112, 40, 172, 216, 2, 171,
       27, 56, 121, 60, 191, 84, 58, 135, 51, 125, 17, 130, 77, 130, 193,
       138, 30, 88, 250, 196, 192, 3, 11, 108, 81, 89, 99, 50, 79, 119,
       56, 53, 172, 255, 108, 215, 23, 137, 112, 54, 212, 110, 106, 73,
       176, 121, 14, 231, 173, 37, 148, 106, 179, 6, 51, 165, 21, 117,
       71, 116, 78, 227, 56, 121, 200, 119, 64, 211, 17, 157, 53, 88,
       220, 86, 106, 169, 176, 121, 12, 39, 184, 33, 4, 67, 187, 86, 160,
       49, 222, 239, 252, 46, 18, 79, 251, 215, 194, 214, 230, 113, 235,
       185, 97, 127, 236, 63, 173, 233, 227, 46, 159, 242, 239, 239, 156,
       63, 248, 112, 49, 219, 18, 111, 173, 98, 130, 105, 87, 36, 75,
       214, 247, 57, 143, 178, 104, 110, 141, 63, 141, 135, 159, 167,
       194, 214, 105, 186, 128, 47, 132, 49, 121, 2, 145, 56, 171, 237,
       213, 181, 109, 140, 92, 93, 3, 188, 255, 42, 67, 204, 27, 147, 99,
       82, 58, 122, 213, 103, 113, 202, 107, 16, 10, 173, 243, 57, 125,
       112, 237, 117, 95, 79, 82, 69, 236, 124, 14, 187, 21, 147, 244,
       94, 188, 150, 108, 201, 186, 117, 158, 231, 221, 161, 177, 118,
       191, 94, 249, 217, 233, 138, 162, 176, 198, 88, 149, 51, 249, 167,
       29, 159, 147, 66, 16, 177, 237, 125, 156, 121, 223, 153, 6, 250,
       205, 167, 229, 40, 128, 170, 91, 96, 179, 251, 204, 124, 203, 3,
       184, 95, 224, 120, 236, 118, 245, 224, 36, 30, 254, 54, 120, 195,
       35, 235, 31, 56, 158, 37, 190, 92, 170, 84, 121, 196, 125, 251,
       101, 50, 110, 123, 16, 40, 236, 126, 32, 215, 55, 193, 122, 54,
       125, 93, 106, 33, 212, 177, 10, 231, 169, 33, 132, 160, 243, 7,
       113, 133, 120, 245, 69, 48, 78, 107, 144, 120, 234, 114, 100, 223,
       55, 133, 59, 150, 124, 84, 122, 225, 244, 241, 72, 45, 184, 101,
       132, 200, 243, 67, 177, 133, 158, 191, 94, 246, 134, 183, 250,
       222, 219, 116, 86, 124, 253, 173, 109, 117, 122, 54, 14, 242, 253,
       58, 127, 127, 175, 119, 200, 211, 240, 101, 251, 223, 118, 140,
       167, 170, 50, 30, 40, 50, 190, 155, 175, 239, 44, 203, 138, 159,
       229, 253, 247, 236, 71, 207, 138, 248, 227, 239, 183, 165, 119,
       26, 83, 63, 246, 228, 68, 244, 19, 207, 248, 81, 238, 253, 238,
       105, 108, 158, 181, 125, 204, 150, 238, 237, 243, 125, 222, 58,
       14, 237, 180, 127, 255, 122, 212, 113, 201, 91, 111, 4, 74, 110,
       53, 100, 64, 250, 66, 243, 114, 148, 112, 122, 236, 44, 234, 205,
