%YAML:1.0
---
descriptors: !!opencv-matrix
   rows: 428
   cols: 32
   dt: u
   data: [ 96, 120, 189, 241, 105, 205, 81, 7, 163, 240, 166, 8, 150,
       151, 65, 58, 200, 188, 121, 8, 73, 94, 242, 0, 197, 185, 80, 121,
       64, 0, 70, 234, 50, 173, 171, 156, 215, 195, 207, 111, 150, 134,
       204, 131, 35, 236, 54, 0, 120, 170, 131, 13, 94, 171, 54, 191,
       113, 6, 159, 41, 117, 110, 244, 238, 162, 173, 170, 158, 221, 197,
       199, 231, 150, 7, 204, 27, 32, 237, 118, 0, 201, 122, 147, 129,
       122, 107, 58, 183, 121, 23, 157, 121, 81, 76, 182, 250, 142, 248,
       176, 154, 109, 213, 184, 232, 31, 252, 85, 11, 236, 222, 111, 141,
       254, 121, 179, 211, 198, 114, 218, 241, 31, 80, 207, 107, 150, 63,
       61, 215, 56, 63, 18, 75, 49, 143, 98, 121, 127, 140, 106, 76, 230,
       193, 33, 148, 184, 40, 194, 112, 10, 185, 24, 63, 173, 212, 5, 3,
       82, 10, 70, 174, 0, 132, 149, 249, 36, 168, 96, 19, 62, 17, 91,
       80, 181, 3, 0, 73, 227, 27, 63, 16, 19, 156, 65, 81, 132, 178,
       186, 64, 148, 72, 81, 168, 250, 249, 17, 160, 185, 221, 24, 229,
       139, 249, 176, 41, 143, 158, 66, 214, 206, 245, 253, 81, 95, 75,
       210, 160, 187, 209, 15, 255, 10, 28, 143, 95, 124, 124, 24, 170,
       21, 253, 82, 216, 47, 12, 249, 15, 47, 223, 43, 144, 252, 185,
       197, 64, 14, 35, 24, 191, 243, 221, 33, 59, 122, 139, 110, 19,
       254, 176, 189, 120, 203, 228, 17, 203, 187, 87, 165, 57, 31, 223,
       76, 123, 171, 147, 253, 144, 58, 71, 250, 211, 211, 211, 90, 127,
       211, 65, 167, 114, 220, 85, 89, 97, 50, 79, 119, 184, 53, 236,
       255, 236, 215, 87, 137, 80, 54, 220, 125, 106, 105, 144, 121, 14,
       245, 233, 33, 148, 40, 179, 4, 113, 57, 115, 107, 98, 116, 139,
       75, 240, 97, 72, 253, 238, 115, 73, 185, 48, 126, 168, 20, 238,
       201, 182, 108, 31, 242, 233, 160, 160, 111, 187, 114, 185, 105,
       189, 57, 248, 253, 237, 87, 119, 207, 105, 172, 12, 190, 189, 38,
       112, 193, 186, 31, 0, 27, 43, 114, 183, 251, 221, 17, 122, 26, 8,
       208, 114, 189, 90, 105, 234, 54, 19, 75, 112, 69, 232, 245, 238,
       115, 5, 177, 48, 126, 168, 20, 238, 201, 182, 100, 157, 242, 205,
       161, 184, 127, 171, 82, 49, 131, 137, 102, 143, 157, 209, 162,
       232, 76, 64, 81, 71, 224, 88, 191, 225, 216, 35, 146, 103, 247,
       184, 108, 189, 36, 120, 138, 131, 93, 15, 120, 204, 61, 116, 60,
       100, 125, 31, 86, 121, 127, 174, 189, 73, 95, 121, 65, 145, 149,
       240, 252, 106, 232, 100, 121, 30, 251, 223, 37, 60, 98, 171, 74,
       131, 41, 18, 111, 89, 118, 187, 233, 119, 117, 121, 118, 246, 153,
       12, 180, 105, 110, 172, 54, 157, 159, 248, 101, 221, 70, 107, 242,
       192, 127, 136, 113, 189, 125, 83, 121, 239, 44, 94, 123, 24, 76,
       228, 247, 238, 223, 95, 155, 121, 118, 221, 127, 255, 137, 18,
       237, 152, 215, 233, 171, 180, 60, 187, 93, 113, 81, 137, 174, 181,
       28, 206, 217, 166, 226, 245, 130, 13, 183, 44, 82, 75, 128, 101,
       121, 85, 221, 249, 243, 40, 201, 227, 221, 16, 136, 44, 17, 90,
       241, 169, 172, 165, 136, 15, 77, 63, 34, 246, 136, 13, 151, 44,
       83, 19, 129, 196, 125, 53, 205, 75, 243, 8, 233, 129, 253, 60, 8,
       100, 150, 90, 193, 164, 140, 58, 140, 188, 76, 175, 250, 83, 170,
       29, 182, 234, 90, 91, 193, 134, 104, 29, 255, 111, 218, 51, 154,
       187, 86, 120, 200, 80, 202, 92, 223, 30, 222, 177, 166, 58, 49,
       19, 121, 243, 22, 246, 31, 63, 227, 75, 167, 117, 189, 16, 177,
       221, 177, 194, 154, 251, 127, 198, 174, 224, 169, 83, 253, 117,
       225, 69, 254, 19, 71, 248, 83, 234, 189, 110, 91, 113, 151, 180,
       127, 196, 212, 110, 237, 243, 237, 142, 58, 207, 165, 180, 111,
       255, 90, 101, 191, 103, 100, 69, 253, 23, 207, 248, 81, 238, 157,
       206, 73, 104, 151, 167, 125, 196, 222, 239, 237, 243, 125, 222,
       58, 79, 237, 180, 111, 255, 122, 212, 243, 172, 173, 183, 28, 111,
       201, 142, 210, 243, 130, 25, 243, 44, 82, 42, 201, 230, 121, 157,
       188, 205, 255, 32, 201, 107, 221, 112, 132, 105, 144, 74, 58, 242,
       228, 137, 111, 119, 184, 200, 15, 127, 220, 167, 136, 204, 62,
       140, 223, 153, 223, 181, 134, 167, 127, 209, 23, 87, 154, 191,
       215, 15, 63, 215, 235, 250, 188, 94, 107, 220, 157, 55, 171, 94,
       180, 61, 46, 157, 86, 191, 135, 179, 253, 1, 229, 111, 242, 251,
       83, 123, 88, 187, 95, 20, 15, 127, 142, 172, 160, 155, 221, 81,
       190, 203, 31, 151, 77, 19, 204, 254, 126, 132, 249, 91, 147, 147,
       118, 94, 122, 243, 47, 86, 159, 111, 151, 109, 189, 198, 184, 153,
       56, 248, 93, 197, 213, 99, 215, 12, 196, 2, 34, 153, 96, 64, 200,
       186, 130, 65, 90, 47, 82, 191, 243, 209, 130, 123, 19, 8, 212,
       170, 130, 157, 35, 155, 246, 199, 186, 252, 31, 105, 208, 115,
       228, 125, 60, 1, 255, 91, 31, 241, 179, 248, 73, 255, 47, 22, 191,
       198, 221, 9, 177, 155, 17, 209, 63, 239, 52, 135, 235, 53, 68,
       105, 223, 102, 245, 53, 176, 96, 126, 180, 63, 169, 217, 184, 113,
       29, 224, 174, 170, 192, 28, 138, 177, 121, 146, 156, 46, 159, 188,
       135, 190, 169, 159, 42, 147, 119, 228, 126, 52, 97, 255, 115, 63,
       227, 240, 141, 89, 255, 171, 22, 223, 211, 28, 41, 185, 159, 11,
       50, 102, 169, 127, 213, 185, 120, 205, 221, 213, 167, 168, 204,
       182, 133, 238, 9, 223, 181, 135, 235, 119, 220, 30, 91, 154, 203,
       95, 12, 125, 215, 7, 177, 41, 107, 244, 213, 187, 248, 78, 93,
       125, 70, 144, 220, 252, 32, 252, 25, 23, 209, 215, 56, 126, 244,
       79, 28, 170, 238, 93, 11, 245, 247, 155, 79, 71, 156, 54, 146,
       238, 119, 189, 76, 82, 231, 45, 142, 179, 197, 110, 235, 142, 206,
       229, 185, 36, 239, 178, 226, 170, 128, 47, 188, 121, 221, 49, 205,
       75, 103, 84, 26, 110, 180, 100, 64, 254, 66, 115, 34, 148, 112,
       122, 204, 6, 238, 217, 184, 101, 63, 38, 237, 162, 0, 109, 186,
       104, 168, 19, 75, 83, 170, 114, 162, 187, 68, 140, 1, 121, 226,
       29, 202, 180, 64, 126, 185, 23, 221, 145, 187, 4, 254, 48, 44,
       170, 192, 245, 139, 161, 161, 159, 255, 226, 150, 246, 114, 175,
       252, 17, 206, 93, 246, 105, 236, 255, 165, 127, 218, 151, 227,
       245, 243, 44, 239, 58, 71, 239, 175, 175, 247, 191, 245, 73, 233,
       155, 228, 52, 143, 75, 16, 98, 232, 115, 76, 183, 17, 208, 50,
       132, 44, 124, 94, 203, 240, 243, 12, 205, 201, 33, 104, 10, 130,
       67, 49, 165, 49, 119, 71, 116, 79, 227, 56, 113, 232, 119, 72,
       211, 81, 141, 53, 24, 220, 86, 106, 233, 176, 121, 12, 101, 184,
       32, 0, 67, 187, 86, 241, 190, 207, 99, 218, 237, 241, 222, 216,
       215, 92, 245, 179, 73, 204, 255, 173, 89, 202, 151, 255, 254, 39,
       110, 243, 59, 89, 143, 239, 247, 255, 246, 231, 193, 93, 239, 221,
       78, 120, 229, 114, 100, 242, 214, 114, 241, 125, 145, 107, 105,
       254, 126, 235, 225, 247, 245, 202, 85, 171, 246, 4, 101, 248, 117,
       168, 150, 92, 191, 215, 10, 102, 189, 32, 188, 214, 147, 215, 220,
       94, 55, 75, 231, 117, 253, 167, 229, 197, 59, 234, 129, 186, 219,
       146, 141, 117, 37, 211, 86, 130, 164, 95, 137, 148, 78, 175, 118,
       19, 194, 208, 225, 226, 28, 236, 93, 210, 185, 152, 90, 204, 79,
       51, 9, 110, 222, 72, 145, 208, 232, 44, 11, 251, 121, 249, 108,
       136, 189, 119, 173, 89, 246, 116, 156, 139, 212, 115, 238, 25, 95,
       201, 195, 30, 226, 209, 230, 217, 186, 224, 30, 144, 163, 249, 8,
       22, 121, 225, 42, 121, 181, 87, 237, 78, 254, 242, 174, 63, 192,
       42, 166, 51, 206, 1, 145, 185, 161, 194, 198, 213, 58, 147, 237,
       192, 135, 251, 181, 19, 107, 104, 230, 3, 239, 125, 100, 73, 252,
       246, 17, 143, 188, 33, 126, 136, 22, 237, 249, 179, 36, 12, 114,
       233, 162, 140, 253, 136, 242, 241, 219, 19, 111, 173, 98, 0, 41,
       87, 37, 105, 214, 247, 57, 143, 242, 64, 110, 141, 63, 141, 207,
       158, 167, 193, 214, 105, 186, 128, 47, 132, 49, 121, 43, 50, 241,
       93, 125, 93, 249, 88, 75, 109, 116, 174, 40, 28, 214, 246, 238,
       28, 214, 140, 135, 58, 244, 204, 22, 125, 144, 235, 95, 141, 90,
