%YAML:1.0
---
descriptors: !!opencv-matrix
   rows: 330
   cols: 32
   dt: u
   data: [ 250, 249, 58, 240, 45, 221, 92, 228, 187, 236, 180, 9, 175,
       143, 70, 145, 136, 253, 245, 67, 74, 79, 210, 177, 251, 209, 157,
       255, 2, 20, 222, 91, 92, 57, 218, 101, 162, 110, 127, 17, 40, 172,
       127, 32, 223, 55, 195, 80, 182, 127, 125, 122, 16, 144, 177, 8,
       235, 237, 37, 132, 160, 243, 135, 115, 15, 186, 167, 147, 229,
       188, 169, 151, 255, 89, 83, 84, 140, 238, 220, 237, 229, 11, 62,
       157, 183, 220, 239, 241, 13, 62, 158, 194, 142, 69, 145, 253, 187,
       176, 252, 68, 11, 87, 89, 127, 83, 247, 180, 159, 11, 62, 6, 191,
       63, 149, 253, 164, 236, 223, 117, 195, 211, 95, 80, 183, 103, 132,
       46, 95, 169, 161, 42, 57, 85, 157, 232, 103, 116, 69, 233, 23, 41,
       200, 62, 128, 248, 43, 194, 133, 214, 185, 22, 95, 70, 109, 154,
       65, 97, 12, 250, 206, 33, 184, 28, 105, 96, 47, 121, 59, 62, 121,
       52, 93, 151, 19, 2, 25, 133, 0, 71, 44, 33, 24, 81, 21, 199, 159,
       113, 116, 88, 128, 66, 147, 135, 164, 168, 27, 28, 189, 138, 168,
       222, 89, 157, 93, 240, 200, 94, 34, 25, 75, 94, 255, 167, 102,
       222, 119, 108, 28, 15, 253, 93, 15, 91, 132, 66, 173, 144, 147,
       177, 160, 63, 167, 190, 19, 26, 16, 172, 242, 96, 66, 135, 91, 59,
       145, 18, 72, 138, 243, 45, 54, 159, 235, 132, 82, 133, 11, 201,
       62, 182, 117, 100, 46, 229, 51, 248, 186, 114, 92, 251, 56, 148,
       59, 133, 102, 124, 42, 229, 252, 161, 42, 69, 187, 117, 0, 200,
       248, 210, 9, 181, 53, 189, 251, 140, 109, 87, 157, 148, 154, 129,
       29, 247, 125, 73, 107, 200, 82, 89, 127, 120, 101, 251, 34, 225,
       203, 84, 24, 208, 121, 144, 114, 27, 114, 247, 101, 35, 95, 249,
       88, 127, 108, 118, 229, 95, 159, 151, 52, 190, 93, 255, 213, 135,
       241, 175, 220, 215, 251, 43, 135, 111, 167, 103, 247, 198, 152,
       190, 183, 228, 100, 189, 231, 62, 119, 210, 19, 244, 62, 110, 75,
       231, 215, 59, 145, 50, 221, 155, 227, 157, 54, 222, 198, 128, 88,
       165, 127, 129, 10, 101, 73, 116, 249, 161, 67, 108, 49, 114, 82,
       129, 8, 148, 237, 106, 60, 42, 152, 147, 184, 103, 192, 5, 56,
       146, 64, 197, 136, 85, 172, 56, 177, 88, 234, 29, 205, 82, 121,
       39, 12, 233, 15, 47, 219, 32, 144, 248, 185, 133, 98, 78, 35, 24,
       157, 243, 221, 1, 59, 122, 10, 78, 19, 56, 120, 120, 232, 85, 197,
       83, 220, 19, 44, 252, 42, 59, 157, 67, 16, 30, 152, 151, 194, 74,
       54, 88, 59, 215, 205, 33, 61, 115, 155, 78, 187, 124, 53, 250,
       232, 248, 110, 83, 89, 169, 140, 253, 48, 95, 215, 171, 90, 214,
       116, 141, 58, 24, 199, 224, 10, 219, 253, 37, 89, 130, 227, 230,
       227, 146, 141, 110, 252, 18, 128, 190, 230, 148, 0, 64, 131, 172,
       238, 53, 65, 238, 251, 147, 197, 98, 138, 18, 255, 243, 103, 154,
       139, 21, 20, 41, 154, 41, 115, 233, 199, 228, 89, 239, 53, 82,
       234, 93, 238, 241, 141, 223, 32, 95, 110, 55, 143, 201, 190, 237,
       42, 102, 15, 247, 160, 15, 250, 212, 249, 45, 22, 97, 236, 116,
       63, 91, 89, 69, 232, 253, 110, 91, 109, 183, 52, 220, 168, 151,
       46, 137, 162, 104, 158, 86, 221, 161, 188, 254, 239, 90, 241, 92,
       28, 62, 171, 164, 126, 90, 50, 44, 110, 223, 7, 215, 31, 51, 72,
       247, 149, 61, 55, 157, 176, 113, 164, 215, 239, 250, 209, 188,
       203, 21, 83, 23, 126, 233, 201, 246, 3, 239, 222, 86, 234, 220,
       230, 17, 148, 247, 108, 127, 200, 23, 189, 195, 150, 45, 218, 116,
       12, 175, 172, 189, 250, 48, 245, 74, 150, 49, 251, 178, 228, 57,
       191, 63, 93, 127, 244, 156, 87, 168, 116, 215, 27, 159, 152, 147,
       152, 105, 119, 237, 244, 58, 198, 154, 130, 165, 121, 26, 86, 122,
       96, 179, 123, 177, 87, 105, 239, 252, 170, 15, 63, 135, 56, 190,
       157, 199, 49, 148, 187, 33, 202, 211, 247, 58, 147, 231, 84, 175,
       243, 40, 201, 122, 254, 60, 137, 195, 180, 206, 12, 116, 2, 183,
       217, 176, 96, 74, 40, 14, 74, 203, 170, 106, 189, 227, 253, 34,
       88, 86, 154, 84, 169, 112, 27, 186, 174, 60, 195, 83, 248, 6, 236,
       159, 233, 119, 237, 163, 32, 220, 244, 109, 99, 220, 163, 107, 31,
       248, 183, 37, 189, 84, 171, 20, 81, 46, 240, 242, 142, 109, 93,
       182, 200, 27, 172, 253, 43, 76, 252, 78, 132, 255, 221, 211, 99,
       70, 114, 219, 234, 63, 85, 15, 47, 71, 127, 126, 215, 132, 88,
       255, 251, 195, 228, 52, 214, 182, 83, 115, 82, 16, 223, 105, 105,
       111, 59, 51, 146, 103, 212, 123, 98, 71, 203, 118, 66, 241, 81,
       164, 243, 27, 79, 230, 132, 199, 22, 188, 119, 173, 192, 222, 199,
       9, 170, 183, 134, 110, 167, 183, 237, 197, 155, 52, 204, 50, 94,
       207, 130, 175, 244, 185, 221, 111, 30, 211, 193, 226, 114, 107,
       146, 49, 107, 123, 230, 25, 39, 213, 252, 127, 220, 55, 154, 129,
       146, 229, 226, 31, 60, 162, 196, 167, 243, 100, 245, 190, 255, 43,
       186, 207, 253, 119, 196, 133, 94, 221, 187, 163, 93, 123, 11, 233,
       219, 223, 211, 122, 54, 232, 162, 247, 193, 140, 171, 183, 127,
       180, 243, 120, 180, 188, 180, 142, 45, 95, 63, 2, 230, 142, 31,
       223, 61, 66, 2, 143, 215, 253, 5, 188, 107, 249, 163, 251, 231,
       125, 57, 44, 232, 142, 91, 54, 51, 98, 0, 115, 219, 186, 80, 41,
       236, 189, 167, 8, 140, 247, 20, 190, 189, 215, 247, 196, 179, 44,
       220, 58, 92, 143, 183, 103, 247, 119, 215, 24, 151, 86, 239, 182,
       35, 23, 251, 29, 174, 27, 231, 207, 35, 161, 197, 55, 23, 173, 48,
       240, 217, 9, 222, 232, 214, 103, 198, 62, 226, 37, 57, 33, 205,
       105, 254, 60, 201, 79, 180, 204, 4, 124, 66, 179, 209, 177, 96,
       74, 168, 30, 74, 203, 168, 102, 189, 231, 169, 162, 24, 116, 155,
       84, 104, 156, 21, 62, 171, 60, 31, 146, 232, 22, 172, 223, 3, 215,
       94, 43, 193, 248, 221, 223, 115, 44, 177, 89, 158, 251, 199, 175,
       85, 52, 43, 61, 195, 79, 215, 113, 203, 242, 103, 59, 189, 63, 89,
       125, 244, 221, 87, 136, 244, 215, 27, 31, 252, 147, 144, 105, 247,
       238, 252, 62, 196, 154, 146, 135, 113, 3, 223, 14, 157, 114, 128,
       190, 230, 60, 69, 90, 231, 172, 138, 50, 64, 230, 43, 179, 197,
       198, 152, 3, 255, 100, 54, 154, 131, 28, 20, 57, 219, 54, 120,
       250, 236, 109, 95, 246, 232, 95, 172, 252, 43, 75, 220, 119, 128,
       254, 221, 215, 99, 196, 51, 217, 218, 55, 221, 143, 63, 85, 59,
       127, 215, 18, 133, 106, 158, 87, 208, 188, 101, 180, 68, 90, 167,
       108, 238, 190, 64, 122, 171, 147, 165, 116, 153, 4, 207, 50, 36,
       154, 131, 53, 6, 189, 222, 139, 16, 102, 201, 109, 223, 184, 87,
       79, 109, 214, 55, 136, 28, 182, 236, 238, 133, 191, 129, 150, 188,
       119, 213, 87, 123, 154, 195, 95, 12, 125, 223, 53, 22, 107, 204,
       116, 43, 75, 89, 95, 232, 253, 238, 83, 109, 191, 48, 94, 168, 23,
       44, 185, 179, 100, 30, 118, 205, 161, 180, 253, 235, 82, 241, 119,
       103, 234, 4, 230, 18, 173, 117, 121, 134, 255, 231, 73, 232, 255,
       19, 126, 237, 38, 239, 196, 243, 164, 192, 118, 8, 239, 172, 103,
       246, 235, 197, 96, 247, 121, 206, 124, 203, 79, 184, 23, 228, 125,
       232, 247, 213, 169, 116, 22, 252, 55, 106, 195, 34, 238, 63, 108,
       188, 37, 188, 52, 171, 4, 113, 35, 209, 97, 64, 116, 87, 239, 117,
       77, 232, 120, 110, 24, 28, 180, 164, 94, 160, 22, 236, 209, 186,
       101, 220, 62, 28, 133, 192, 95, 142, 242, 189, 218, 31, 255, 180,
       243, 194, 185, 99, 185, 238, 86, 163, 13, 255, 167, 75, 111, 181,
       159, 177, 116, 223, 36, 206, 122, 103, 239, 131, 39, 100, 37, 255,
       134, 91, 106, 188, 197, 180, 188, 119, 157, 196, 222, 135, 40,
       238, 55, 73, 238, 169, 179, 197, 196, 155, 54, 234, 114, 113, 206,
       137, 29, 124, 61, 214, 45, 87, 233, 99, 244, 139, 239, 21, 87,
       224, 127, 198, 83, 13, 217, 96, 95, 172, 23, 158, 201, 178, 125,
       186, 102, 205, 165, 32, 255, 250, 208, 184, 27, 51, 127, 233, 47,
       95, 249, 88, 109, 232, 254, 231, 95, 159, 151, 44, 190, 157, 255,
       197, 141, 241, 165, 200, 211, 249, 43, 134, 111, 134, 37, 119,
