%YAML:1.0
---
descriptors: !!opencv-matrix
   rows: 235
   cols: 32
   dt: u
   data: [ 76, 121, 251, 101, 50, 110, 123, 16, 32, 172, 118, 32, 215,
       23, 193, 122, 54, 125, 93, 122, 129, 208, 177, 8, 199, 169, 35,
       128, 160, 243, 7, 115, 250, 249, 18, 178, 169, 221, 20, 228, 187,
       236, 176, 41, 143, 158, 66, 148, 204, 253, 253, 83, 94, 79, 242,
       180, 187, 209, 143, 251, 10, 28, 143, 95, 126, 183, 132, 160, 139,
       19, 94, 168, 3, 183, 129, 189, 207, 206, 74, 147, 215, 221, 237,
       243, 126, 67, 219, 149, 186, 211, 141, 255, 166, 87, 142, 70, 187,
       76, 103, 188, 67, 214, 237, 103, 149, 66, 196, 146, 57, 158, 52,
       101, 108, 169, 19, 141, 105, 159, 52, 202, 49, 107, 218, 0, 55,
       212, 48, 252, 1, 142, 93, 241, 182, 169, 105, 151, 110, 81, 10,
       214, 189, 35, 176, 96, 103, 3, 26, 156, 179, 184, 53, 245, 204,
       205, 146, 64, 189, 200, 209, 40, 11, 50, 46, 168, 126, 119, 184,
       88, 204, 77, 220, 167, 153, 140, 54, 130, 238, 137, 223, 213, 132,
       163, 103, 196, 86, 65, 170, 141, 85, 15, 61, 211, 17, 11, 83, 202,
       114, 162, 187, 112, 204, 9, 121, 226, 125, 203, 160, 96, 126, 185,
       22, 252, 145, 187, 4, 254, 112, 172, 170, 200, 253, 131, 33, 161,
       73, 201, 247, 68, 100, 206, 111, 180, 237, 72, 118, 64, 251, 177,
       176, 228, 38, 244, 62, 72, 209, 184, 39, 224, 37, 120, 36, 128,
       102, 187, 193, 45, 62, 114, 230, 169, 47, 119, 184, 74, 143, 109,
       221, 167, 136, 140, 63, 140, 238, 153, 223, 149, 142, 167, 115,
       208, 23, 85, 154, 183, 215, 79, 61, 215, 85, 41, 172, 181, 140,
       78, 205, 31, 134, 241, 130, 141, 211, 44, 83, 74, 136, 231, 121,
       221, 157, 201, 247, 0, 201, 107, 253, 20, 140, 120, 144, 88, 155,
       189, 111, 161, 151, 151, 233, 247, 85, 241, 214, 151, 25, 12, 86,
       33, 109, 139, 19, 157, 191, 184, 53, 214, 123, 75, 154, 196, 175,
       140, 240, 252, 61, 17, 98, 108, 53, 87, 94, 120, 65, 204, 253,
       139, 75, 109, 183, 180, 126, 136, 149, 239, 204, 178, 125, 157,
       243, 253, 129, 157, 119, 175, 126, 87, 38, 105, 22, 138, 77, 213,
       186, 200, 143, 188, 209, 11, 236, 218, 111, 132, 248, 121, 243,
       211, 70, 99, 202, 241, 63, 16, 143, 59, 23, 63, 61, 142, 133, 156,
       191, 95, 244, 134, 246, 251, 222, 91, 116, 118, 116, 253, 169,
       105, 181, 122, 23, 44, 243, 252, 26, 127, 111, 175, 119, 192, 217,
       224, 97, 179, 134, 175, 251, 178, 238, 224, 183, 199, 202, 31, 25,
       51, 164, 254, 236, 43, 171, 123, 119, 83, 114, 109, 170, 243, 108,
       16, 255, 235, 132, 81, 151, 203, 154, 113, 182, 237, 59, 82, 57,
       81, 165, 92, 214, 179, 141, 151, 130, 199, 102, 157, 255, 192,
       106, 217, 49, 193, 215, 241, 106, 131, 38, 132, 45, 123, 57, 91,
       107, 110, 86, 27, 75, 120, 81, 232, 245, 238, 51, 13, 181, 48,
       126, 168, 23, 110, 201, 178, 108, 28, 242, 205, 161, 184, 127,
       171, 114, 249, 49, 218, 239, 252, 46, 147, 204, 249, 215, 66, 212,
       230, 113, 237, 185, 97, 127, 236, 63, 173, 237, 227, 47, 159, 242,
       239, 255, 156, 61, 184, 120, 121, 20, 190, 171, 247, 132, 100,
       255, 240, 240, 222, 159, 87, 243, 126, 91, 43, 253, 223, 93, 227,
       253, 115, 248, 42, 249, 199, 255, 109, 193, 123, 247, 210, 43, 80,
       112, 65, 103, 89, 105, 92, 73, 105, 117, 174, 8, 28, 223, 252, 62,
       152, 214, 56, 135, 54, 101, 193, 22, 89, 48, 171, 95, 142, 74,
       245, 195, 187, 193, 197, 98, 24, 236, 63, 59, 104, 92, 254, 57,
       46, 212, 244, 54, 159, 183, 140, 209, 24, 165, 195, 54, 44, 186,
       168, 47, 164, 219, 189, 218, 180, 185, 250, 139, 237, 81, 75, 187,
       83, 173, 24, 158, 191, 72, 58, 139, 155, 253, 16, 59, 111, 242,
       211, 219, 215, 22, 127, 210, 64, 167, 243, 27, 129, 199, 241, 147,
       194, 108, 111, 63, 241, 70, 2, 29, 27, 112, 96, 103, 139, 59, 153,
       83, 216, 21, 221, 191, 79, 223, 196, 183, 128, 161, 136, 70, 185,
       148, 159, 59, 197, 186, 168, 158, 157, 0, 3, 236, 254, 104, 71,
       167, 127, 251, 211, 86, 73, 154, 249, 13, 50, 95, 107, 146, 38,
       37, 143, 23, 87, 107, 165, 50, 66, 175, 120, 52, 200, 218, 230,
       81, 102, 179, 224, 126, 237, 21, 239, 233, 144, 53, 14, 224, 39,
       171, 128, 45, 179, 49, 241, 108, 103, 216, 39, 240, 42, 126, 152,
       49, 140, 255, 173, 223, 107, 155, 82, 18, 197, 109, 110, 44, 208,
       201, 42, 230, 255, 101, 149, 232, 243, 78, 67, 189, 5, 47, 248,
       157, 229, 73, 105, 213, 200, 197, 18, 115, 253, 57, 105, 216, 162,
       27, 189, 57, 163, 114, 158, 219, 251, 139, 88, 147, 9, 116, 98,
       172, 231, 24, 37, 52, 15, 119, 184, 53, 172, 191, 173, 215, 105,
       74, 16, 152, 196, 197, 110, 104, 240, 73, 14, 238, 223, 37, 181,
       98, 187, 206, 67, 162, 20, 239, 223, 82, 227, 185, 22, 22, 251,
       119, 243, 16, 31, 36, 105, 109, 190, 179, 144, 49, 220, 113, 247,
       71, 47, 250, 193, 165, 73, 244, 186, 169, 148, 159, 125, 114, 102,
       48, 123, 22, 234, 120, 118, 124, 115, 32, 241, 255, 123, 50, 160,
       161, 222, 25, 95, 77, 175, 119, 4, 249, 224, 40, 187, 206, 222,
       182, 147, 162, 242, 189, 183, 191, 247, 31, 183, 236, 174, 238,
       207, 167, 119, 191, 151, 247, 221, 174, 226, 174, 87, 127, 231,
       134, 213, 173, 125, 47, 96, 228, 137, 45, 127, 184, 72, 143, 102,
       220, 139, 140, 140, 87, 142, 206, 189, 223, 135, 140, 39, 247,
       208, 23, 93, 139, 191, 87, 63, 31, 214, 154, 12, 110, 223, 3, 242,
       237, 71, 181, 6, 198, 146, 41, 175, 55, 237, 106, 163, 155, 137,
       40, 159, 52, 234, 211, 107, 218, 1, 183, 84, 60, 238, 174, 248,
       180, 155, 221, 215, 178, 202, 31, 183, 128, 19, 140, 254, 102,
       140, 201, 89, 147, 211, 118, 127, 218, 243, 63, 22, 223, 111, 144,
       61, 189, 206, 160, 177, 45, 179, 124, 201, 224, 101, 190, 113,
       245, 185, 179, 205, 88, 5, 136, 58, 91, 65, 115, 106, 90, 181,
       237, 81, 10, 121, 92, 8, 223, 176, 21, 211, 67, 235, 50, 130, 171,
       240, 52, 8, 219, 230, 85, 71, 184, 96, 126, 185, 23, 234, 216,
       154, 12, 127, 224, 172, 170, 192, 61, 131, 161, 161, 27, 19, 108,
       169, 47, 255, 152, 72, 15, 104, 221, 231, 143, 156, 30, 4, 222, 9,
       63, 213, 142, 176, 87, 148, 135, 88, 138, 195, 117, 15, 125, 215,
       167, 123, 233, 196, 238, 21, 239, 221, 82, 234, 84, 238, 81, 252,
       247, 44, 127, 204, 55, 239, 225, 118, 238, 210, 124, 15, 239, 172,
       61, 251, 115, 245, 159, 255, 231, 158, 246, 114, 190, 252, 17,
       210, 221, 247, 89, 236, 191, 173, 127, 223, 151, 247, 255, 211,
       174, 239, 58, 99, 239, 207, 175, 247, 191, 245, 8, 217, 30, 248,
       44, 204, 125, 182, 173, 12, 116, 1, 191, 55, 34, 81, 230, 51, 29,
       72, 66, 136, 18, 125, 227, 255, 118, 137, 16, 144, 173, 91, 49,
       189, 59, 250, 253, 237, 83, 247, 207, 105, 172, 12, 190, 185, 100,
       112, 201, 42, 91, 24, 27, 43, 114, 183, 251, 221, 16, 122, 216,
       74, 210, 122, 161, 95, 107, 77, 118, 3, 239, 120, 85, 64, 116,
       230, 112, 65, 181, 37, 126, 232, 22, 238, 225, 182, 45, 127, 100,
       8, 161, 128, 125, 187, 112, 253, 161, 223, 107, 75, 86, 139, 239,
       245, 84, 64, 252, 230, 51, 1, 181, 53, 126, 168, 22, 238, 233,
       186, 101, 63, 118, 12, 164, 128, 127, 154, 114, 249, 186, 220, 2,
       220, 29, 209, 212, 103, 213, 6, 196, 18, 40, 153, 36, 197, 200,
       186, 139, 129, 110, 175, 18, 191, 243, 225, 146, 59, 55, 12, 252,
       138, 139, 217, 59, 251, 236, 157, 189, 53, 173, 89, 85, 116, 156,
       159, 232, 99, 230, 27, 95, 93, 211, 12, 178, 241, 134, 217, 58,
       234, 30, 138, 129, 249, 253, 223, 233, 78, 246, 18, 207, 248, 81,
       238, 252, 239, 81, 105, 191, 100, 127, 198, 23, 239, 237, 50, 236,
       174, 126, 111, 229, 172, 255, 255, 242, 213, 202, 81, 118, 216,
       107, 86, 120, 81, 181, 92, 247, 178, 12, 151, 166, 253, 102, 149,
       255, 224, 232, 215, 161, 192, 87, 120, 66, 143, 39, 132, 44, 119,
       104, 55, 12, 39, 1, 15, 87, 184, 32, 236, 175, 13, 211, 99, 10,
