%YAML:1.0
---
descriptors: !!opencv-matrix
   rows: 216
   cols: 32
   dt: u
   data: [ 193, 152, 31, 95, 44, 238, 48, 55, 252, 91, 103, 84, 214, 51,
       0, 123, 161, 55, 120, 8, 177, 237, 51, 85, 135, 186, 82, 66, 72,
       0, 163, 63, 56, 113, 81, 232, 29, 221, 86, 105, 233, 8, 241, 13,
       46, 219, 44, 148, 248, 169, 140, 96, 78, 35, 80, 157, 179, 221, 1,
       59, 122, 14, 74, 31, 26, 214, 124, 235, 38, 29, 127, 252, 221, 78,
       158, 231, 255, 93, 191, 36, 183, 209, 159, 103, 224, 37, 57, 251,
       227, 223, 117, 150, 118, 254, 85, 123, 82, 240, 145, 160, 169,
       204, 24, 134, 171, 249, 128, 9, 142, 150, 68, 214, 197, 117, 253,
       16, 95, 15, 210, 226, 153, 212, 159, 255, 138, 20, 135, 95, 17,
       134, 75, 225, 150, 171, 105, 87, 116, 97, 206, 150, 19, 9, 56,
       104, 111, 142, 26, 156, 155, 189, 53, 150, 223, 207, 146, 68, 173,
       200, 240, 48, 27, 114, 255, 117, 43, 127, 249, 88, 127, 250, 119,
       229, 221, 223, 151, 46, 191, 93, 255, 175, 133, 245, 175, 216,
       215, 251, 107, 134, 71, 166, 103, 247, 152, 94, 62, 188, 44, 229,
       95, 246, 148, 14, 222, 171, 191, 191, 35, 0, 175, 241, 255, 195,
       104, 7, 2, 187, 243, 231, 122, 153, 52, 249, 45, 91, 66, 188, 181,
       191, 187, 236, 56, 135, 191, 185, 186, 81, 172, 254, 68, 218, 167,
       247, 127, 145, 7, 72, 155, 243, 157, 182, 31, 234, 128, 80, 167,
       91, 43, 155, 198, 183, 165, 156, 248, 132, 141, 85, 86, 135, 169,
       40, 50, 203, 200, 230, 187, 197, 158, 216, 214, 165, 198, 123,
       218, 193, 175, 157, 216, 94, 194, 152, 151, 147, 166, 100, 189,
       167, 190, 63, 210, 19, 228, 190, 108, 75, 231, 87, 63, 144, 114,
       221, 155, 227, 157, 54, 222, 194, 128, 88, 165, 127, 189, 13, 110,
       250, 157, 183, 90, 112, 213, 192, 199, 22, 115, 251, 51, 97, 204,
       162, 27, 189, 185, 163, 114, 158, 219, 251, 138, 72, 191, 169,
       120, 18, 183, 236, 168, 59, 157, 189, 203, 168, 91, 125, 144, 31,
       231, 200, 94, 5, 153, 203, 93, 223, 174, 100, 223, 247, 172, 28,
       13, 252, 221, 15, 19, 68, 18, 205, 98, 158, 87, 208, 188, 103,
       229, 68, 90, 167, 44, 168, 54, 196, 106, 163, 155, 197, 68, 185,
       52, 239, 50, 36, 154, 3, 55, 14, 189, 94, 103, 83, 215, 36, 226,
       46, 55, 176, 169, 248, 179, 237, 87, 102, 207, 223, 150, 213, 236,
       102, 157, 211, 169, 0, 184, 242, 101, 214, 204, 247, 130, 85, 41,
       180, 28, 105, 112, 47, 121, 59, 62, 123, 36, 93, 150, 55, 0, 16,
       135, 4, 85, 44, 33, 28, 81, 31, 71, 159, 49, 116, 88, 128, 66,
       187, 9, 155, 93, 175, 106, 10, 190, 181, 140, 64, 90, 231, 253,
       110, 162, 194, 102, 103, 175, 103, 213, 152, 71, 125, 228, 167,
       106, 128, 60, 170, 137, 217, 0, 34, 199, 177, 96, 169, 232, 23,
       46, 19, 82, 241, 157, 131, 208, 203, 98, 15, 127, 157, 19, 220,
       199, 192, 132, 177, 122, 128, 140, 192, 131, 168, 37, 23, 105,
       204, 124, 51, 75, 120, 85, 106, 253, 238, 83, 111, 183, 52, 94,
       168, 23, 174, 169, 34, 108, 158, 114, 221, 161, 188, 255, 235, 82,
       245, 9, 162, 92, 169, 110, 33, 233, 222, 14, 81, 244, 230, 189,
       130, 249, 234, 110, 137, 31, 252, 131, 58, 71, 209, 212, 129, 186,
       236, 61, 137, 41, 153, 21, 142, 207, 255, 182, 170, 109, 182, 124,
       19, 95, 210, 255, 99, 144, 107, 99, 103, 61, 158, 177, 216, 39,
       109, 206, 239, 254, 192, 164, 241, 161, 40, 182, 253, 39, 178,
       205, 237, 55, 228, 149, 90, 217, 31, 86, 253, 105, 11, 237, 219,
       223, 115, 251, 87, 218, 162, 189, 208, 206, 174, 144, 123, 180,
       114, 80, 185, 59, 254, 19, 221, 21, 103, 185, 5, 236, 24, 62, 159,
       36, 112, 162, 59, 217, 0, 66, 11, 178, 119, 243, 215, 26, 11, 64,
       64, 167, 123, 172, 220, 215, 251, 195, 228, 54, 148, 54, 91, 115,
       118, 221, 247, 41, 249, 125, 219, 183, 146, 51, 212, 90, 115, 77,
       231, 246, 196, 249, 83, 160, 179, 15, 170, 167, 155, 237, 189,
       168, 148, 255, 89, 83, 80, 236, 218, 252, 237, 229, 107, 58, 31,
       147, 92, 46, 241, 13, 90, 159, 238, 158, 71, 177, 165, 33, 250,
       121, 73, 116, 143, 235, 220, 86, 44, 116, 14, 19, 17, 181, 48,
       126, 152, 22, 104, 195, 178, 117, 61, 103, 141, 33, 36, 119, 155,
       118, 233, 195, 247, 202, 196, 98, 16, 124, 125, 57, 232, 86, 238,
       57, 174, 220, 183, 62, 223, 183, 238, 197, 90, 164, 193, 62, 121,
       238, 174, 47, 244, 171, 157, 26, 23, 114, 224, 50, 119, 185, 87,
       45, 237, 254, 191, 15, 63, 166, 52, 62, 157, 207, 177, 157, 187,
       53, 202, 242, 213, 58, 130, 239, 196, 167, 123, 220, 31, 250, 236,
       249, 254, 91, 82, 161, 142, 239, 33, 15, 247, 35, 218, 230, 245,
       237, 58, 56, 139, 128, 138, 211, 253, 33, 89, 178, 231, 44, 99, 3,
       223, 10, 189, 50, 146, 190, 230, 60, 64, 90, 231, 172, 138, 50,
       192, 230, 107, 179, 197, 231, 152, 6, 255, 100, 39, 186, 131, 28,
       20, 57, 223, 17, 140, 45, 227, 150, 239, 105, 7, 100, 113, 74, 18,
       147, 43, 48, 96, 105, 138, 26, 157, 27, 184, 53, 246, 205, 140,
       146, 68, 185, 72, 241, 56, 66, 173, 144, 155, 185, 133, 190, 167,
       158, 153, 24, 1, 236, 254, 96, 64, 135, 123, 187, 209, 18, 73,
       154, 247, 45, 22, 31, 235, 148, 18, 129, 11, 23, 95, 233, 203,
       182, 50, 207, 95, 86, 232, 221, 230, 81, 4, 181, 100, 127, 136,
       30, 191, 203, 146, 109, 26, 124, 13, 175, 132, 189, 242, 240, 253,
       154, 92, 158, 190, 47, 181, 152, 86, 149, 14, 222, 55, 255, 255,
       35, 138, 237, 241, 255, 129, 44, 135, 18, 170, 211, 247, 250, 155,
       178, 124, 45, 91, 18, 199, 98, 158, 86, 208, 172, 101, 245, 68,
       90, 163, 105, 238, 190, 64, 122, 171, 151, 229, 196, 155, 6, 207,
       50, 36, 186, 131, 53, 142, 189, 205, 35, 182, 233, 199, 102, 43,
       239, 48, 80, 234, 93, 254, 241, 100, 220, 36, 95, 238, 54, 143,
       153, 190, 236, 170, 12, 14, 251, 160, 45, 235, 82, 245, 123, 50,
       239, 228, 53, 86, 89, 27, 49, 204, 86, 228, 61, 87, 211, 247, 214,
       60, 181, 188, 201, 192, 243, 140, 203, 249, 173, 131, 46, 164,
       126, 119, 2, 200, 7, 159, 89, 132, 42, 230, 158, 0, 66, 3, 172,
       238, 48, 64, 236, 123, 51, 197, 102, 141, 18, 255, 165, 54, 218,
       10, 16, 16, 33, 158, 61, 95, 233, 107, 244, 35, 79, 157, 87, 224,
       255, 198, 83, 13, 145, 96, 95, 140, 22, 254, 139, 178, 125, 158,
       110, 205, 165, 4, 255, 250, 80, 185, 165, 105, 123, 227, 236, 201,
       239, 81, 232, 233, 217, 122, 157, 219, 208, 42, 234, 169, 95, 155,
       209, 247, 238, 224, 124, 216, 175, 232, 141, 139, 243, 161, 66,
       152, 190, 149, 180, 228, 189, 231, 190, 127, 214, 19, 244, 247,
       106, 74, 103, 87, 59, 145, 50, 221, 187, 227, 221, 38, 255, 196,
       132, 72, 181, 251, 34, 168, 42, 184, 93, 229, 193, 202, 22, 85,
       192, 155, 179, 141, 50, 9, 200, 155, 147, 133, 27, 58, 82, 21,
       209, 65, 154, 105, 217, 8, 118, 242, 92, 133, 85, 167, 132, 106,
       103, 57, 52, 39, 235, 18, 215, 99, 8, 83, 112, 198, 44, 168, 57,
       144, 217, 15, 253, 230, 231, 68, 161, 106, 244, 34, 46, 224, 60,
       152, 253, 221, 145, 205, 143, 61, 181, 11, 206, 220, 110, 1, 217,
       153, 219, 49, 18, 99, 122, 213, 127, 87, 75, 127, 210, 46, 213,
       226, 66, 184, 145, 191, 123, 204, 41, 143, 191, 217, 90, 64, 188,
       246, 64, 116, 167, 127, 127, 145, 19, 88, 218, 243, 141, 54, 159,
       234, 128, 0, 135, 249, 134, 91, 106, 156, 199, 150, 190, 102, 157,
       196, 222, 135, 40, 239, 55, 197, 238, 235, 179, 199, 196, 155, 18,
       232, 51, 113, 206, 139, 31, 125, 61, 222, 222, 31, 126, 180, 243,
       210, 189, 99, 185, 206, 246, 179, 12, 255, 167, 123, 231, 247,
       159, 145, 117, 207, 32, 206, 123, 115, 239, 131, 167, 116, 47,
       223, 222, 58, 96, 218, 29, 245, 91, 200, 199, 124, 181, 23, 9,
       207, 119, 237, 237, 145, 159, 214, 191, 7, 58, 245, 219, 217, 139,
       255, 179, 133, 44, 86, 124, 252, 61, 122, 169, 101, 91, 216, 35,
       183, 173, 8, 95, 215, 75, 27, 149, 209, 253, 114, 10, 67, 250,
