%YAML:1.0
---
descriptors: !!opencv-matrix
   rows: 308
   cols: 32
   dt: u
   data: [ 185, 75, 107, 110, 118, 19, 75, 112, 85, 96, 245, 238, 115, 9,
       177, 48, 126, 168, 23, 238, 201, 178, 100, 61, 114, 201, 160, 176,
       127, 187, 114, 233, 120, 180, 189, 120, 139, 245, 145, 207, 171,
       83, 164, 56, 190, 191, 100, 58, 139, 147, 253, 17, 59, 111, 242,
       211, 219, 215, 94, 123, 210, 64, 167, 250, 103, 94, 195, 69, 98,
       48, 110, 146, 59, 235, 126, 230, 25, 39, 213, 252, 127, 220, 54,
       156, 129, 150, 229, 226, 30, 236, 182, 132, 175, 243, 98, 189,
       122, 219, 186, 236, 127, 193, 145, 199, 139, 77, 156, 107, 46,
       156, 102, 2, 206, 147, 223, 65, 74, 43, 226, 225, 243, 245, 190,
       187, 84, 12, 183, 251, 26, 22, 123, 225, 50, 105, 177, 87, 45, 77,
       254, 238, 143, 31, 132, 32, 46, 147, 207, 145, 145, 185, 37, 206,
       214, 213, 58, 195, 237, 192, 167, 251, 98, 219, 174, 156, 109,
       217, 180, 247, 139, 93, 220, 237, 172, 140, 166, 2, 206, 59, 231,
       65, 198, 43, 194, 241, 126, 113, 254, 171, 93, 12, 190, 223, 39,
       229, 224, 79, 85, 179, 138, 200, 78, 97, 125, 70, 120, 248, 191,
       164, 216, 74, 18, 111, 135, 178, 44, 189, 34, 28, 139, 175, 221,
       127, 121, 132, 93, 30, 107, 237, 38, 46, 75, 178, 100, 76, 218,
       198, 87, 47, 177, 120, 119, 133, 60, 14, 157, 176, 229, 36, 214,
       239, 226, 192, 172, 235, 33, 113, 188, 180, 93, 122, 195, 111, 85,
       123, 49, 90, 101, 24, 95, 95, 8, 57, 191, 155, 215, 34, 121, 246,
       120, 31, 87, 203, 113, 103, 122, 65, 230, 179, 35, 1, 98, 138,
       156, 147, 162, 232, 196, 64, 89, 71, 96, 72, 191, 161, 88, 43, 18,
       103, 167, 168, 60, 253, 32, 24, 138, 128, 93, 15, 121, 204, 3,
       182, 187, 177, 100, 165, 185, 82, 190, 27, 90, 80, 156, 154, 100,
       104, 167, 59, 51, 21, 146, 60, 178, 209, 13, 156, 90, 106, 144,
       64, 33, 195, 19, 251, 59, 238, 20, 151, 255, 244, 237, 204, 254,
       68, 187, 143, 54, 32, 236, 231, 95, 239, 205, 171, 48, 252, 243,
       249, 142, 0, 73, 178, 227, 249, 52, 63, 90, 106, 116, 239, 83,
       120, 1, 12, 253, 13, 51, 207, 51, 16, 252, 184, 5, 98, 30, 59, 88,
       61, 243, 201, 33, 57, 121, 139, 70, 147, 120, 61, 168, 229, 220,
       78, 87, 61, 2, 238, 156, 47, 119, 63, 66, 18, 92, 221, 125, 115,
       72, 90, 241, 42, 251, 233, 173, 177, 32, 250, 150, 115, 38, 233,
       162, 158, 75, 192, 190, 236, 139, 87, 89, 163, 172, 238, 126, 132,
       235, 123, 179, 195, 66, 18, 142, 241, 53, 116, 206, 171, 21, 119,
       181, 210, 141, 51, 113, 227, 97, 78, 107, 89, 33, 124, 181, 228,
       223, 23, 216, 182, 62, 148, 223, 254, 217, 35, 249, 192, 214, 217,
       35, 228, 103, 167, 39, 113, 1, 143, 93, 251, 182, 169, 105, 151,
       110, 17, 14, 150, 189, 35, 176, 96, 103, 3, 26, 28, 179, 184, 117,
       245, 204, 205, 146, 64, 189, 200, 193, 40, 7, 180, 158, 155, 244,
       135, 190, 237, 31, 187, 88, 115, 228, 248, 125, 36, 255, 91, 23,
       177, 183, 240, 75, 255, 46, 22, 159, 231, 157, 88, 185, 159, 2,
       209, 62, 175, 109, 85, 189, 109, 140, 92, 93, 3, 188, 223, 42, 67,
       204, 27, 147, 67, 86, 26, 242, 241, 231, 241, 238, 171, 16, 10,
       189, 219, 0, 0, 31, 177, 100, 172, 224, 18, 126, 19, 98, 82, 181,
       138, 84, 72, 107, 41, 34, 144, 19, 188, 71, 80, 133, 178, 90, 64,
       200, 136, 65, 168, 134, 141, 22, 155, 180, 135, 158, 238, 159, 11,
       218, 115, 244, 122, 45, 65, 255, 91, 27, 247, 246, 137, 73, 255,
       168, 54, 159, 214, 156, 90, 177, 143, 128, 129, 27, 249, 180, 172,
       105, 19, 62, 25, 82, 81, 181, 146, 176, 73, 199, 43, 63, 28, 179,
       220, 19, 83, 204, 186, 58, 192, 156, 128, 129, 185, 125, 109, 106,
       229, 55, 86, 94, 80, 97, 228, 255, 3, 91, 29, 151, 176, 126, 220,
       149, 238, 204, 178, 181, 142, 243, 237, 167, 133, 103, 183, 126,
       114, 6, 140, 148, 147, 237, 252, 188, 167, 191, 159, 74, 17, 236,
       226, 110, 207, 135, 67, 187, 17, 54, 72, 27, 225, 45, 50, 94, 199,
       144, 116, 173, 143, 159, 255, 226, 150, 246, 112, 190, 244, 145,
       202, 93, 247, 25, 254, 255, 165, 127, 251, 151, 243, 245, 215,
       172, 238, 58, 71, 239, 207, 175, 247, 191, 213, 39, 177, 43, 171,
       245, 245, 187, 200, 76, 73, 89, 3, 152, 220, 126, 32, 220, 27, 23,
       245, 151, 58, 126, 246, 109, 28, 170, 238, 221, 15, 117, 247, 92,
       56, 250, 229, 50, 110, 123, 16, 32, 172, 119, 32, 95, 55, 195,
       123, 54, 245, 125, 122, 8, 208, 177, 40, 203, 233, 33, 132, 160,
       243, 6, 115, 218, 113, 54, 233, 43, 82, 57, 81, 165, 92, 215, 182,
       141, 23, 130, 199, 102, 149, 255, 224, 106, 133, 113, 192, 215,
       241, 34, 147, 34, 132, 45, 115, 116, 167, 136, 175, 152, 14, 94,
       152, 34, 164, 207, 141, 199, 106, 75, 80, 220, 205, 108, 103, 220,
       18, 221, 24, 248, 229, 165, 53, 168, 251, 154, 80, 60, 13, 234,
       239, 196, 98, 98, 83, 117, 3, 127, 18, 83, 59, 48, 88, 121, 158,
       39, 130, 24, 186, 73, 134, 215, 239, 226, 65, 183, 235, 244, 130,
       77, 121, 49, 97, 162, 78, 115, 16, 104, 232, 55, 104, 222, 23,
       193, 63, 54, 84, 84, 122, 145, 244, 249, 8, 205, 136, 37, 228,
       194, 163, 7, 115, 1, 209, 51, 239, 52, 199, 235, 53, 12, 73, 91,
       102, 245, 213, 176, 100, 222, 58, 31, 13, 211, 184, 113, 159, 165,
       172, 170, 192, 28, 138, 177, 113, 23, 87, 107, 69, 86, 22, 239,
       112, 116, 232, 126, 230, 81, 36, 149, 36, 62, 204, 22, 238, 225,
       176, 53, 78, 116, 46, 175, 132, 109, 243, 97, 245, 247, 183, 168,
       167, 136, 47, 95, 153, 18, 254, 137, 29, 211, 108, 91, 11, 221,
       197, 121, 247, 173, 66, 255, 2, 233, 87, 237, 188, 136, 119, 146,
       82, 1, 34, 89, 209, 110, 137, 233, 19, 110, 113, 114, 246, 157, 2,
       208, 107, 110, 13, 126, 28, 131, 188, 199, 208, 68, 152, 186, 224,
       76, 128, 1, 169, 19, 95, 67, 69, 114, 6, 175, 117, 60, 232, 122,
       230, 89, 38, 149, 100, 54, 237, 22, 238, 193, 144, 53, 78, 52, 46,
       174, 128, 109, 242, 33, 253, 241, 201, 91, 79, 68, 26, 110, 52,
       116, 64, 242, 70, 115, 34, 180, 113, 122, 236, 38, 234, 201, 176,
       101, 47, 54, 235, 226, 0, 109, 178, 232, 40, 142, 224, 176, 155,
       221, 81, 190, 206, 31, 183, 68, 19, 236, 254, 110, 204, 251, 91,
       147, 211, 118, 92, 123, 243, 47, 22, 159, 111, 150, 93, 189, 198,
       38, 121, 22, 138, 109, 213, 186, 200, 143, 180, 217, 11, 236, 222,
       111, 134, 248, 121, 243, 83, 70, 99, 218, 249, 191, 16, 143, 59,
       20, 62, 29, 143, 189, 13, 47, 248, 157, 199, 75, 113, 213, 64,
       207, 18, 83, 255, 48, 97, 216, 160, 59, 174, 249, 163, 114, 158,
       251, 235, 130, 72, 59, 42, 240, 114, 130, 52, 254, 221, 75, 102,
       185, 90, 94, 247, 87, 18, 16, 159, 38, 109, 111, 29, 59, 144, 163,
       222, 247, 215, 87, 43, 218, 195, 157, 8, 37, 250, 71, 178, 173,
       165, 44, 77, 153, 41, 10, 244, 130, 205, 215, 108, 91, 75, 149,
       69, 121, 53, 140, 65, 255, 8, 201, 51, 239, 188, 140, 40, 21, 82,
       133, 148, 191, 93, 114, 134, 176, 251, 222, 219, 117, 118, 116,
       255, 169, 97, 245, 120, 55, 8, 163, 244, 26, 95, 79, 175, 119,
       204, 217, 160, 97, 179, 62, 114, 230, 169, 47, 115, 184, 74, 143,
       109, 221, 167, 136, 140, 63, 142, 238, 153, 255, 145, 142, 167,
       115, 208, 151, 85, 154, 147, 151, 79, 61, 215, 73, 120, 147, 87,
       97, 220, 36, 103, 252, 75, 102, 16, 188, 182, 36, 255, 160, 63,
       234, 8, 99, 221, 178, 105, 37, 58, 86, 11, 2, 84, 175, 173, 217,
       184, 187, 112, 45, 221, 113, 87, 251, 95, 180, 24, 191, 191, 66,
       59, 165, 179, 93, 24, 162, 111, 178, 130, 219, 217, 86, 58, 194,
       64, 199, 107, 155, 189, 111, 161, 149, 247, 233, 119, 85, 113,
       214, 151, 25, 12, 118, 33, 109, 139, 19, 157, 191, 191, 53, 214,
       127, 73, 158, 196, 175, 140, 240, 252, 15, 41, 238, 241, 238, 178,
       254, 146, 207, 130, 92, 130, 217, 237, 245, 42, 47, 117, 55, 221,
       144, 224, 166, 232, 111, 223, 239, 205, 231, 253, 217, 193, 131,
