%YAML:1.0
---
descriptors: !!opencv-matrix
   rows: 255
   cols: 32
   dt: u
   data: [ 82, 185, 187, 182, 179, 220, 55, 230, 169, 204, 174, 9, 172,
       254, 39, 80, 166, 115, 223, 67, 64, 201, 178, 237, 187, 246, 78,
       27, 0, 54, 167, 127, 60, 17, 106, 238, 87, 87, 126, 121, 69, 204,
       255, 35, 91, 221, 60, 96, 122, 252, 151, 234, 200, 179, 56, 140,
       243, 237, 163, 129, 55, 175, 124, 147, 59, 92, 114, 236, 119, 179,
       250, 86, 69, 132, 250, 46, 43, 155, 55, 212, 254, 169, 151, 241,
       140, 187, 16, 204, 178, 252, 138, 139, 127, 254, 120, 143, 75,
       185, 51, 186, 187, 221, 179, 231, 175, 89, 168, 13, 190, 158, 102,
       244, 166, 51, 255, 81, 23, 9, 178, 245, 185, 244, 26, 122, 88, 5,
       131, 95, 62, 15, 106, 236, 119, 114, 250, 122, 69, 204, 254, 130,
       91, 237, 183, 224, 126, 253, 151, 235, 140, 179, 36, 204, 115,
       237, 171, 133, 119, 255, 124, 195, 138, 155, 78, 185, 244, 137,
       252, 103, 189, 77, 242, 247, 188, 142, 178, 65, 238, 171, 159,
       197, 246, 184, 6, 253, 252, 49, 190, 193, 28, 12, 249, 219, 121,
       61, 248, 108, 179, 62, 87, 55, 105, 196, 254, 12, 187, 187, 7,
       116, 62, 254, 92, 88, 152, 186, 241, 202, 251, 253, 4, 26, 227,
       242, 202, 107, 2, 137, 50, 207, 125, 209, 186, 101, 141, 4, 218,
       2, 164, 222, 38, 100, 248, 187, 10, 193, 70, 187, 115, 253, 55,
       116, 138, 75, 20, 14, 181, 206, 2, 185, 26, 153, 117, 221, 184,
       239, 31, 13, 124, 3, 172, 223, 46, 4, 254, 59, 131, 17, 22, 184,
       82, 213, 47, 84, 10, 111, 81, 14, 173, 207, 19, 141, 44, 203, 149,
       149, 105, 103, 15, 69, 79, 6, 45, 42, 54, 96, 96, 131, 27, 141,
       119, 24, 53, 253, 191, 237, 138, 64, 51, 4, 169, 76, 56, 123, 120,
       105, 118, 155, 86, 120, 23, 236, 124, 239, 59, 221, 163, 144, 94,
       184, 135, 106, 204, 178, 64, 61, 118, 205, 33, 168, 127, 191, 110,
       147, 186, 89, 114, 174, 117, 214, 90, 117, 165, 68, 254, 7, 43,
       207, 54, 212, 250, 169, 159, 197, 204, 187, 48, 255, 243, 253,
       138, 131, 55, 142, 108, 218, 34, 218, 58, 250, 109, 149, 190, 244,
       143, 91, 249, 103, 188, 159, 38, 80, 238, 59, 151, 67, 199, 15,
       58, 245, 119, 120, 186, 250, 30, 30, 173, 223, 23, 91, 227, 129,
       242, 182, 174, 208, 44, 200, 90, 231, 89, 238, 181, 228, 126, 253,
       23, 255, 133, 144, 53, 232, 52, 44, 171, 128, 173, 247, 49, 245,
       49, 157, 107, 254, 118, 130, 239, 119, 212, 64, 254, 230, 113,
       237, 182, 96, 94, 170, 22, 13, 221, 187, 100, 255, 114, 175, 162,
       128, 61, 138, 240, 249, 22, 110, 194, 133, 246, 162, 190, 214, 60,
       140, 90, 231, 13, 142, 183, 196, 118, 109, 151, 215, 132, 145, 4,
       234, 52, 36, 174, 131, 173, 247, 41, 221, 43, 181, 112, 139, 245,
       221, 187, 239, 31, 77, 124, 15, 172, 222, 62, 36, 254, 11, 151,
       149, 86, 58, 120, 247, 127, 93, 142, 239, 95, 14, 205, 223, 88,
       209, 121, 234, 30, 213, 91, 252, 199, 64, 156, 2, 251, 223, 104,
       96, 94, 208, 127, 250, 75, 35, 123, 189, 251, 205, 167, 252, 55,
       155, 100, 122, 19, 159, 99, 142, 180, 146, 239, 119, 181, 77, 222,
       231, 57, 234, 182, 96, 126, 175, 23, 141, 253, 153, 36, 239, 178,
       110, 186, 128, 47, 198, 177, 253, 10, 124, 242, 92, 115, 248, 177,
       66, 249, 79, 126, 179, 44, 158, 167, 252, 166, 57, 134, 0, 133,
       159, 164, 234, 22, 125, 18, 139, 199, 85, 47, 223, 190, 28, 232,
       164, 181, 127, 223, 234, 25, 238, 188, 31, 15, 60, 119, 57, 255,
       221, 151, 231, 172, 119, 113, 170, 251, 223, 207, 183, 247, 125,
       94, 87, 218, 149, 114, 203, 181, 218, 122, 101, 61, 13, 255, 51,
       238, 63, 46, 213, 234, 147, 207, 128, 62, 187, 113, 223, 255, 245,
       154, 83, 23, 14, 253, 94, 43, 54, 251, 76, 123, 245, 155, 91, 91,
       237, 125, 173, 56, 252, 246, 180, 159, 57, 151, 29, 135, 50, 244,
       223, 78, 93, 33, 175, 223, 238, 78, 245, 34, 120, 178, 159, 109,
       253, 176, 66, 27, 142, 80, 3, 172, 220, 119, 141, 221, 121, 131,
       1, 4, 118, 210, 210, 7, 86, 219, 43, 215, 125, 125, 207, 107, 233,
       102, 128, 127, 213, 253, 119, 169, 252, 156, 143, 8, 156, 214,
       183, 174, 165, 215, 213, 212, 75, 246, 220, 63, 89, 143, 251, 71,
       164, 255, 223, 54, 47, 136, 132, 205, 5, 207, 239, 130, 164, 172,
       143, 32, 169, 87, 3, 76, 238, 195, 239, 204, 99, 218, 168, 124, 1,
       205, 61, 73, 126, 218, 218, 18, 159, 107, 156, 210, 226, 61, 103,
       188, 69, 74, 247, 45, 174, 162, 64, 103, 59, 147, 133, 182, 153,
       4, 255, 56, 38, 186, 194, 60, 132, 165, 217, 154, 156, 62, 184,
       219, 245, 176, 103, 191, 23, 76, 19, 44, 190, 38, 193, 227, 59,
       147, 145, 54, 141, 50, 247, 91, 119, 26, 75, 144, 4, 173, 206, 27,
       143, 98, 156, 151, 150, 191, 119, 212, 68, 218, 199, 41, 172, 182,
       96, 110, 171, 19, 141, 244, 139, 54, 255, 113, 108, 138, 200, 55,
       140, 177, 220, 19, 104, 107, 219, 86, 209, 249, 88, 31, 225, 85,
       138, 57, 206, 244, 32, 126, 185, 23, 157, 131, 54, 62, 223, 86,
       13, 187, 232, 53, 134, 115, 228, 52, 89, 34, 46, 93, 195, 194,
       104, 197, 68, 249, 43, 98, 217, 47, 0, 216, 168, 130, 99, 72, 35,
       90, 157, 243, 69, 1, 27, 81, 47, 124, 194, 63, 51, 249, 97, 190,
       23, 219, 216, 91, 232, 181, 237, 91, 93, 223, 60, 223, 221, 213,
       255, 157, 118, 237, 130, 94, 223, 165, 246, 239, 167, 66, 247, 51,
       205, 98, 220, 148, 133, 206, 231, 197, 0, 216, 3, 32, 232, 52, 68,
       104, 227, 19, 205, 216, 171, 6, 253, 48, 44, 142, 8, 61, 28, 240,
       136, 79, 212, 228, 220, 235, 116, 95, 152, 3, 255, 158, 130, 72,
       119, 223, 255, 87, 214, 253, 250, 156, 67, 255, 224, 127, 127,
       199, 159, 182, 247, 252, 117, 145, 202, 75, 255, 86, 131, 235,
       246, 118, 1, 86, 230, 121, 163, 184, 96, 127, 202, 55, 204, 131,
       188, 13, 255, 252, 175, 186, 192, 61, 137, 113, 168, 53, 223, 105,
       73, 116, 199, 207, 248, 70, 108, 252, 230, 115, 213, 189, 36, 94,
       200, 22, 238, 201, 178, 125, 63, 112, 12, 161, 180, 125, 187, 116,
       241, 134, 88, 106, 190, 118, 224, 187, 114, 28, 79, 85, 183, 40,
       255, 55, 40, 255, 253, 183, 133, 164, 190, 182, 238, 95, 127, 250,
       203, 133, 45, 55, 211, 88, 185, 187, 250, 185, 205, 80, 214, 171,
       89, 168, 29, 190, 191, 64, 26, 135, 219, 253, 16, 30, 107, 154,
       241, 251, 253, 22, 123, 194, 80, 135, 91, 202, 221, 62, 190, 203,
       196, 181, 231, 173, 87, 78, 23, 172, 191, 38, 66, 231, 51, 251,
       129, 118, 137, 18, 231, 119, 119, 94, 11, 2, 84, 173, 218, 34,
       157, 51, 159, 85, 229, 191, 226, 31, 78, 121, 3, 172, 252, 54, 64,
       254, 123, 147, 199, 86, 190, 122, 255, 55, 62, 138, 171, 21, 47,
       101, 222, 46, 25, 186, 185, 205, 253, 181, 202, 159, 95, 84, 19,
       172, 252, 103, 200, 217, 123, 147, 83, 54, 242, 122, 240, 71, 87,
       223, 47, 211, 125, 253, 214, 69, 40, 175, 85, 172, 252, 171, 18,
       234, 253, 30, 32, 148, 180, 215, 110, 2, 100, 124, 93, 144, 249,
       167, 96, 77, 61, 35, 208, 132, 235, 85, 101, 93, 29, 236, 229,
       173, 110, 253, 191, 84, 254, 158, 162, 223, 61, 147, 107, 39, 84,
       253, 45, 232, 248, 117, 136, 237, 235, 255, 148, 167, 252, 85,
       121, 188, 93, 126, 229, 181, 127, 223, 254, 84, 166, 190, 3, 91,
       125, 51, 137, 127, 248, 151, 235, 232, 247, 57, 142, 243, 203,
       229, 53, 231, 253, 124, 210, 187, 182, 236, 80, 139, 125, 212,
       198, 155, 119, 180, 191, 74, 252, 94, 159, 141, 131, 253, 5, 172,
       101, 255, 145, 219, 91, 209, 191, 231, 125, 222, 95, 161, 125,
       123, 69, 116, 207, 239, 119, 113, 224, 126, 14, 51, 29, 148, 52,
       126, 190, 22, 172, 233, 186, 117, 78, 103, 174, 52, 0, 111, 152,
       210, 248, 60, 148, 118, 252, 117, 246, 90, 120, 85, 77, 119, 19,
       91, 127, 58, 241, 127, 156, 183, 168, 188, 180, 57, 223, 91, 255,
       161, 197, 183, 175, 124, 83, 251, 80, 114, 252, 101, 94, 248, 80,
       121, 206, 247, 47, 74, 156, 55, 253, 254, 189, 183, 231, 204, 183,
