%YAML:1.0
---
descriptors: !!opencv-matrix
   rows: 148
   cols: 32
   dt: u
   data: [ 155, 223, 127, 249, 116, 210, 251, 247, 221, 76, 254, 230, 57,
       223, 182, 97, 254, 171, 23, 239, 235, 187, 38, 255, 246, 253, 170,
       192, 55, 140, 245, 249, 42, 255, 58, 234, 245, 149, 187, 245, 31,
       105, 93, 103, 188, 221, 246, 160, 254, 59, 151, 213, 243, 187, 40,
       255, 63, 93, 174, 234, 87, 142, 189, 251, 75, 27, 255, 252, 162,
       150, 189, 247, 189, 77, 86, 230, 253, 191, 182, 105, 38, 127, 191,
       237, 209, 153, 39, 237, 246, 127, 126, 128, 190, 244, 161, 121,
       181, 97, 195, 170, 196, 135, 199, 85, 214, 128, 241, 214, 83, 193,
       184, 0, 88, 168, 6, 92, 217, 183, 6, 138, 48, 172, 167, 8, 253,
       186, 240, 160, 182, 207, 87, 234, 188, 35, 206, 236, 159, 178,
       249, 210, 85, 233, 253, 65, 127, 203, 23, 251, 106, 39, 14, 250,
       184, 158, 143, 60, 181, 251, 241, 128, 201, 184, 6, 184, 37, 188,
       96, 7, 111, 17, 226, 92, 174, 128, 0, 221, 192, 166, 108, 4, 31,
       237, 211, 213, 144, 240, 82, 64, 8, 4, 219, 12, 211, 233, 152,
       186, 56, 157, 24, 214, 170, 25, 128, 76, 175, 194, 64, 144, 163,
       35, 220, 80, 95, 11, 138, 113, 184, 209, 30, 120, 136, 0, 139, 13,
       142, 112, 176, 153, 69, 213, 176, 72, 31, 53, 85, 18, 140, 158,
       111, 173, 248, 25, 147, 209, 2, 212, 58, 208, 7, 80, 155, 47, 146,
       29, 29, 230, 148, 88, 155, 190, 22, 166, 43, 80, 148, 130, 211,
       82, 117, 211, 33, 104, 126, 57, 27, 154, 41, 151, 16, 202, 209,
       166, 170, 128, 184, 43, 49, 163, 60, 77, 98, 222, 223, 215, 214,
       236, 215, 196, 253, 3, 106, 249, 55, 228, 88, 232, 134, 226, 236,
       163, 126, 190, 51, 127, 135, 27, 119, 255, 252, 198, 171, 220,
       117, 95, 77, 223, 231, 252, 197, 64, 120, 66, 120, 92, 189, 229,
       88, 112, 2, 106, 225, 160, 127, 253, 37, 58, 192, 2, 87, 191, 112,
       172, 57, 222, 115, 252, 118, 129, 203, 240, 22, 64, 124, 230, 61,
       205, 177, 64, 126, 184, 23, 205, 203, 191, 36, 255, 112, 205, 170,
       136, 127, 154, 112, 185, 3, 159, 104, 153, 214, 145, 184, 127, 94,
       69, 92, 167, 173, 142, 190, 96, 110, 27, 147, 149, 151, 24, 36,
       247, 110, 21, 186, 232, 61, 132, 137, 221, 19, 133, 98, 172, 148,
       162, 233, 119, 148, 133, 219, 6, 89, 251, 58, 64, 122, 171, 23,
       189, 16, 154, 0, 223, 104, 44, 174, 200, 189, 202, 241, 128, 6,
       190, 151, 186, 235, 193, 190, 238, 174, 30, 208, 177, 172, 247,
       105, 67, 239, 123, 235, 146, 114, 79, 154, 243, 189, 148, 31, 235,
       144, 112, 165, 147, 34, 233, 34, 218, 253, 209, 158, 237, 143, 45,
       157, 11, 40, 221, 108, 36, 221, 187, 147, 81, 90, 43, 42, 245, 59,
       92, 156, 251, 215, 14, 150, 206, 18, 91, 10, 140, 94, 128, 174,
       101, 172, 4, 218, 231, 37, 142, 178, 192, 106, 43, 155, 193, 68,
       139, 6, 253, 176, 97, 170, 139, 21, 18, 185, 140, 198, 154, 202,
       147, 226, 160, 57, 131, 62, 23, 83, 183, 12, 38, 70, 89, 231, 155,
       167, 149, 178, 30, 71, 243, 92, 38, 254, 193, 133, 197, 165, 81,
       57, 205, 122, 238, 215, 183, 255, 239, 85, 1, 124, 2, 59, 249, 59,
       96, 120, 202, 23, 237, 106, 186, 44, 191, 115, 237, 166, 9, 55,
       218, 248, 170, 3, 58, 235, 165, 118, 134, 173, 87, 56, 235, 90,
       199, 189, 14, 214, 32, 46, 47, 23, 141, 193, 152, 36, 202, 100,
       13, 190, 128, 45, 148, 179, 249, 57, 7, 98, 69, 116, 26, 96, 115,
       101, 168, 254, 230, 3, 33, 180, 228, 120, 172, 38, 172, 201, 184,
       101, 142, 22, 255, 162, 0, 111, 168, 120, 164, 19, 110, 235, 225,
       20, 34, 235, 86, 4, 200, 222, 198, 17, 139, 177, 96, 122, 172, 23,
       189, 137, 185, 37, 202, 240, 141, 174, 132, 165, 248, 112, 224,
       108, 149, 148, 20, 189, 126, 84, 175, 219, 191, 174, 57, 226, 120,
       78, 158, 145, 86, 232, 16, 60, 105, 219, 10, 171, 215, 85, 55,
       194, 124, 222, 15, 54, 205, 104, 94, 221, 209, 214, 234, 215, 68,
       237, 11, 106, 252, 55, 212, 217, 251, 211, 67, 110, 43, 122, 255,
       51, 95, 5, 59, 83, 127, 124, 222, 2, 156, 159, 191, 180, 230, 60,
       167, 30, 27, 67, 50, 252, 118, 40, 105, 247, 127, 59, 145, 51,
       220, 73, 255, 173, 54, 254, 194, 144, 72, 165, 11, 40, 159, 150,
       190, 173, 161, 20, 175, 159, 31, 184, 125, 238, 249, 108, 203,
       201, 114, 174, 16, 62, 107, 74, 177, 170, 214, 85, 59, 154, 124,
       252, 27, 15, 158, 248, 219, 247, 215, 191, 240, 31, 127, 85, 167,
       120, 255, 175, 237, 255, 251, 151, 214, 245, 120, 46, 255, 127,
       95, 255, 231, 159, 255, 253, 247, 217, 248, 24, 186, 25, 157, 82,
       148, 234, 17, 160, 76, 191, 194, 66, 144, 128, 33, 204, 84, 207,
       15, 218, 53, 152, 209, 18, 120, 8, 1, 11, 12, 58, 153, 178, 172,
       63, 215, 146, 96, 14, 234, 152, 171, 124, 252, 37, 32, 220, 115,
       223, 193, 136, 43, 96, 191, 145, 87, 171, 187, 21, 47, 53, 251,
       85, 35, 136, 168, 136, 60, 72, 27, 234, 113, 139, 77, 135, 170,
       90, 218, 197, 199, 104, 29, 159, 73, 219, 16, 152, 245, 25, 92,
       136, 66, 138, 20, 65, 169, 136, 53, 141, 156, 72, 135, 234, 245,
       130, 29, 231, 140, 82, 250, 133, 70, 104, 93, 159, 105, 247, 33,
       137, 249, 31, 120, 136, 4, 155, 92, 3, 125, 90, 140, 122, 161,
       186, 86, 232, 64, 88, 228, 180, 218, 181, 32, 222, 33, 86, 229,
       135, 35, 6, 255, 36, 28, 170, 170, 29, 211, 43, 157, 117, 119, 8,
       175, 24, 30, 86, 184, 116, 100, 203, 141, 199, 106, 11, 80, 220,
       205, 76, 103, 236, 178, 221, 30, 240, 231, 167, 21, 56, 187, 42,
       80, 99, 178, 173, 53, 44, 31, 205, 43, 218, 247, 134, 157, 243,
       236, 86, 3, 141, 102, 121, 141, 173, 79, 255, 8, 203, 123, 221,
       60, 140, 36, 86, 94, 39, 177, 169, 192, 245, 181, 234, 223, 91,
       121, 29, 94, 24, 220, 222, 172, 157, 139, 23, 157, 151, 50, 184,
       210, 31, 29, 159, 238, 223, 207, 219, 245, 100, 103, 72, 37, 40,
       11, 71, 56, 38, 172, 175, 173, 199, 97, 27, 80, 16, 204, 109, 102,
       76, 210, 201, 26, 230, 229, 37, 181, 96, 243, 94, 82, 218, 95,
       126, 244, 162, 98, 61, 55, 185, 198, 94, 167, 125, 63, 163, 83,
       38, 247, 61, 163, 224, 217, 36, 238, 242, 235, 110, 129, 37, 240,
       165, 91, 111, 251, 241, 64, 234, 60, 189, 223, 171, 255, 52, 237,
       12, 174, 223, 30, 167, 87, 247, 85, 151, 67, 174, 192, 94, 89,
       125, 255, 207, 245, 135, 215, 6, 124, 179, 219, 183, 247, 190,
       206, 30, 201, 88, 226, 188, 254, 229, 232, 247, 123, 151, 145,
       135, 152, 57, 254, 45, 20, 63, 134, 156, 91, 165, 191, 2, 149, 0,
       137, 213, 231, 178, 35, 12, 69, 91, 7, 140, 62, 34, 64, 208, 43,
       131, 53, 22, 152, 81, 221, 45, 20, 138, 71, 148, 14, 181, 214, 27,
       133, 82, 169, 18, 243, 186, 99, 60, 1, 91, 130, 29, 238, 40, 224,
       126, 43, 19, 181, 23, 153, 20, 223, 158, 237, 138, 193, 189, 130,
       161, 144, 3, 165, 98, 139, 244, 179, 171, 119, 30, 105, 93, 147,
       153, 142, 190, 96, 125, 155, 147, 157, 146, 154, 44, 215, 108, 28,
       186, 196, 157, 142, 177, 212, 179, 219, 71, 157, 38, 145, 236,
       244, 212, 72, 210, 230, 49, 138, 176, 229, 110, 40, 62, 205, 195,
       189, 6, 253, 32, 40, 250, 136, 61, 156, 112, 157, 220, 74, 90,
       164, 2, 10, 127, 80, 165, 142, 214, 162, 159, 135, 97, 91, 38,
       245, 109, 202, 72, 149, 128, 106, 208, 160, 98, 128, 34, 177, 37,
       35, 14, 113, 16, 138, 109, 213, 180, 200, 143, 124, 29, 3, 140,
       222, 111, 174, 200, 25, 147, 67, 70, 35, 250, 208, 23, 81, 203,
       47, 18, 31, 61, 199, 27, 154, 239, 253, 114, 150, 185, 112, 29,
       77, 86, 231, 125, 255, 190, 100, 246, 189, 191, 141, 133, 153, 37,
       205, 222, 123, 234, 130, 63, 164, 37, 253, 56, 207, 106, 239, 151,
       210, 214, 239, 84, 13, 252, 2, 123, 121, 58, 65, 120, 202, 151,
       233, 122, 187, 8, 191, 251, 237, 166, 1, 51, 218, 252, 138, 34,
       253, 56, 90, 221, 221, 150, 238, 159, 76, 252, 9, 34, 252, 103, 0,
       201, 251, 179, 67, 102, 43, 122, 255, 123, 86, 21, 59, 80, 93,
