%YAML:1.0
---
descriptors: !!opencv-matrix
   rows: 123
   cols: 32
   dt: u
   data: [ 9, 166, 149, 225, 181, 47, 73, 31, 86, 171, 15, 84, 151, 35,
       192, 204, 85, 14, 44, 60, 185, 216, 113, 156, 205, 215, 181, 52,
       154, 200, 152, 40, 46, 249, 50, 202, 247, 213, 186, 213, 31, 77,
       89, 47, 172, 220, 126, 160, 254, 59, 151, 209, 151, 58, 122, 247,
       63, 28, 143, 234, 223, 15, 245, 215, 184, 77, 115, 228, 22, 74,
       79, 116, 36, 132, 250, 98, 95, 19, 33, 80, 126, 244, 13, 106, 104,
       177, 1, 14, 241, 237, 36, 16, 101, 186, 102, 41, 176, 79, 90, 172,
       54, 130, 94, 103, 164, 4, 250, 163, 53, 142, 48, 80, 238, 187, 31,
       225, 76, 171, 4, 111, 240, 165, 170, 129, 53, 26, 171, 138, 92,
       153, 149, 181, 170, 70, 29, 175, 174, 187, 138, 64, 253, 55, 73,
       75, 131, 87, 125, 177, 88, 73, 219, 40, 201, 230, 255, 148, 160,
       112, 133, 43, 131, 28, 39, 149, 118, 198, 169, 55, 124, 75, 82,
       214, 188, 54, 176, 101, 102, 39, 58, 141, 241, 220, 53, 206, 4,
       42, 250, 192, 12, 4, 177, 253, 3, 183, 96, 171, 214, 181, 186,
       103, 30, 69, 88, 231, 172, 46, 62, 96, 127, 27, 147, 149, 150, 24,
       53, 245, 44, 4, 154, 192, 157, 4, 185, 221, 142, 180, 241, 211,
       237, 125, 184, 203, 159, 123, 177, 90, 140, 62, 220, 175, 175,
       147, 223, 17, 179, 110, 250, 210, 31, 90, 95, 255, 215, 77, 199,
       245, 45, 118, 253, 113, 117, 47, 113, 154, 115, 251, 118, 76, 95,
       93, 25, 57, 157, 204, 86, 60, 169, 244, 121, 156, 239, 219, 101,
       36, 235, 249, 66, 243, 107, 48, 101, 216, 109, 165, 185, 86, 139,
       121, 144, 123, 156, 157, 116, 171, 206, 145, 255, 149, 131, 111,
       194, 209, 23, 25, 250, 250, 223, 12, 59, 243, 6, 153, 151, 155,
       147, 230, 56, 175, 62, 29, 75, 49, 236, 246, 40, 73, 247, 127,
       187, 208, 50, 220, 11, 245, 77, 50, 223, 195, 144, 67, 165, 99,
       146, 218, 222, 159, 114, 154, 184, 215, 190, 21, 82, 247, 44, 206,
       166, 193, 39, 59, 175, 1, 166, 221, 142, 245, 52, 34, 58, 131, 52,
       148, 173, 207, 217, 81, 122, 231, 38, 82, 127, 125, 37, 110, 215,
       163, 255, 31, 154, 112, 126, 213, 191, 239, 200, 150, 109, 137,
       247, 233, 238, 129, 39, 190, 237, 121, 121, 83, 40, 100, 53, 94,
       83, 48, 65, 76, 62, 45, 91, 29, 150, 180, 148, 16, 149, 110, 205,
       40, 48, 140, 227, 221, 32, 219, 74, 142, 92, 119, 15, 158, 252,
       223, 246, 87, 191, 254, 29, 255, 87, 167, 252, 255, 191, 233, 255,
       123, 151, 231, 245, 248, 45, 254, 110, 95, 255, 199, 159, 255,
       189, 255, 15, 155, 191, 183, 180, 86, 63, 176, 15, 221, 86, 167,
       252, 127, 170, 235, 231, 95, 183, 215, 131, 216, 59, 225, 207,
       251, 255, 194, 158, 191, 53, 123, 191, 151, 231, 172, 173, 83,
       221, 251, 215, 222, 188, 167, 75, 252, 255, 231, 223, 194, 191,
       165, 253, 99, 54, 154, 251, 223, 199, 191, 247, 252, 124, 223, 15,
       219, 191, 139, 124, 214, 187, 180, 143, 93, 94, 231, 140, 190,
       230, 70, 230, 125, 255, 213, 215, 217, 59, 225, 46, 123, 254, 194,
       142, 142, 165, 223, 27, 217, 255, 206, 114, 208, 187, 240, 175,
       93, 87, 166, 125, 223, 182, 100, 102, 57, 191, 205, 195, 153, 62,
       253, 86, 121, 170, 128, 55, 134, 33, 253, 251, 110, 228, 85, 180,
       62, 77, 150, 83, 230, 182, 159, 19, 45, 215, 60, 77, 230, 125,
       156, 237, 254, 101, 170, 110, 30, 245, 148, 239, 252, 82, 92, 76,
       122, 216, 239, 114, 8, 91, 152, 19, 161, 85, 235, 53, 87, 193, 80,
       23, 253, 21, 210, 34, 92, 201, 106, 254, 167, 61, 168, 172, 179,
       6, 185, 6, 126, 227, 215, 246, 113, 191, 207, 30, 238, 92, 167,
       236, 252, 255, 12, 255, 123, 147, 147, 130, 240, 172, 234, 46, 22,
       159, 171, 151, 127, 181, 255, 14, 48, 130, 129, 69, 255, 184, 64,
       47, 233, 91, 119, 72, 218, 124, 204, 249, 141, 179, 181, 151, 178,
       0, 208, 30, 84, 155, 198, 143, 15, 57, 151, 153, 22, 55, 101, 54,
       126, 67, 62, 116, 234, 214, 114, 95, 55, 185, 229, 54, 84, 28,
       104, 169, 181, 33, 159, 243, 235, 99, 132, 106, 225, 97, 57, 79,
       179, 241, 64, 234, 56, 188, 155, 171, 125, 60, 237, 140, 190, 223,
       190, 167, 87, 247, 213, 151, 67, 174, 224, 30, 88, 111, 238, 207,
       245, 135, 245, 57, 92, 107, 252, 118, 215, 251, 82, 87, 76, 244,
       230, 57, 221, 183, 96, 126, 168, 23, 207, 235, 190, 36, 255, 114,
       205, 170, 136, 127, 157, 116, 249, 220, 74, 218, 164, 34, 10, 127,
       80, 165, 170, 246, 226, 31, 131, 225, 91, 38, 245, 111, 234, 72,
       149, 128, 106, 208, 161, 99, 128, 38, 177, 33, 33, 70, 180, 147,
       154, 251, 193, 63, 232, 190, 58, 209, 177, 172, 246, 104, 66, 231,
       123, 251, 178, 50, 75, 154, 243, 189, 148, 15, 239, 144, 99, 165,
       179, 216, 95, 126, 244, 162, 98, 61, 55, 185, 142, 94, 179, 125,
       63, 161, 115, 38, 247, 125, 161, 240, 221, 165, 238, 244, 235,
       110, 128, 37, 240, 165, 123, 103, 48, 161, 64, 229, 117, 234, 218,
       107, 251, 60, 92, 8, 152, 223, 188, 157, 207, 87, 157, 151, 114,
       250, 194, 31, 92, 159, 238, 207, 101, 250, 213, 145, 203, 71, 157,
       38, 128, 236, 244, 212, 72, 210, 230, 49, 138, 181, 101, 110, 168,
       62, 205, 203, 191, 6, 253, 48, 40, 186, 128, 61, 152, 112, 153,
       155, 91, 78, 189, 38, 128, 172, 116, 164, 202, 210, 231, 189, 138,
       177, 227, 110, 233, 63, 207, 197, 143, 6, 233, 176, 225, 234, 128,
       61, 177, 33, 217, 59, 150, 115, 248, 61, 159, 249, 123, 221, 72,
       244, 231, 191, 253, 182, 100, 255, 185, 223, 165, 175, 171, 116,
       223, 219, 255, 51, 218, 223, 140, 101, 255, 57, 50, 125, 237, 45,
       95, 217, 24, 79, 252, 246, 102, 27, 157, 246, 236, 238, 156, 183,
       92, 143, 240, 243, 221, 215, 217, 161, 246, 95, 140, 76, 119, 42,
       148, 98, 233, 119, 87, 184, 123, 31, 205, 84, 183, 40, 156, 182,
       36, 254, 153, 151, 165, 164, 186, 52, 223, 79, 95, 155, 207, 95,
       140, 124, 223, 27, 146, 252, 253, 61, 215, 153, 56, 143, 220, 214,
       167, 253, 223, 250, 230, 254, 185, 191, 220, 143, 226, 103, 221,
       218, 219, 235, 151, 30, 172, 45, 127, 75, 251, 123, 162, 62, 212,
       187, 240, 175, 76, 158, 231, 189, 158, 246, 96, 230, 117, 255,
       223, 199, 9, 191, 245, 222, 125, 42, 248, 14, 143, 33, 121, 186,
       150, 229, 204, 63, 87, 217, 123, 93, 239, 180, 191, 42, 60, 54,
       230, 239, 149, 255, 165, 189, 111, 53, 206, 91, 95, 211, 191, 119,
       172, 124, 95, 15, 153, 255, 231, 62, 214, 121, 184, 142, 221, 87,
       167, 253, 223, 251, 98, 230, 117, 191, 220, 199, 216, 191, 225,
       207, 251, 239, 192, 6, 174, 37, 121, 142, 220, 188, 183, 245, 110,
       119, 175, 63, 191, 78, 17, 76, 126, 14, 93, 177, 223, 181, 18, 52,
       220, 25, 234, 111, 255, 223, 7, 130, 117, 140, 87, 38, 116, 16,
       138, 109, 85, 190, 104, 137, 168, 149, 11, 140, 222, 111, 134,
       200, 17, 219, 227, 68, 35, 90, 208, 55, 16, 139, 63, 18, 63, 61,
       135, 173, 113, 249, 117, 236, 76, 253, 184, 124, 232, 118, 68,
       223, 183, 193, 59, 54, 84, 126, 106, 193, 240, 243, 64, 71, 233,
       101, 128, 74, 240, 67, 179, 35, 150, 115, 248, 116, 135, 249, 107,
       31, 8, 80, 227, 172, 220, 188, 0, 255, 185, 23, 181, 182, 191, 2,
       223, 28, 30, 187, 238, 21, 140, 113, 217, 98, 16, 172, 213, 117,
       214, 184, 19, 25, 109, 247, 55, 172, 30, 22, 125, 238, 181, 255,
       129, 180, 222, 241, 207, 95, 127, 218, 211, 135, 12, 117, 95, 93,
       241, 254, 239, 62, 208, 123, 24, 143, 196, 151, 162, 253, 223,
       251, 98, 102, 181, 255, 222, 195, 1, 191, 145, 207, 233, 171, 200,
       38, 174, 101, 115, 111, 176, 240, 179, 237, 125, 248, 201, 95,
       251, 177, 27, 206, 126, 94, 190, 255, 147, 255, 145, 159, 119,
       219, 210, 159, 94, 223, 255, 223, 77, 203, 135, 11, 135, 7, 168,
       189, 150, 46, 123, 173, 120, 25, 197, 236, 110, 186, 227, 215, 7,
       31, 175, 247, 9, 45, 253, 170, 122, 234, 198, 30, 132, 185, 93,
       18, 189, 107, 73, 214, 251, 161, 231, 94, 117, 78, 170, 144, 60,
