%YAML:1.0
---
descriptors: !!opencv-matrix
   rows: 202
   cols: 32
   dt: u
   data: [ 93, 1, 230, 5, 131, 62, 111, 24, 101, 230, 71, 135, 75, 98,
       155, 255, 118, 196, 168, 238, 157, 208, 181, 168, 198, 235, 195,
       4, 47, 247, 104, 84, 254, 106, 106, 160, 79, 121, 203, 194, 169,
       166, 180, 155, 11, 13, 87, 155, 106, 161, 207, 243, 40, 39, 244,
       242, 211, 193, 131, 61, 103, 61, 118, 82, 231, 164, 161, 145, 236,
       125, 233, 11, 90, 251, 17, 216, 144, 252, 220, 175, 153, 14, 114,
       157, 183, 86, 239, 146, 12, 30, 219, 252, 156, 77, 211, 244, 201,
       75, 214, 197, 108, 24, 236, 134, 233, 28, 246, 238, 169, 130, 214,
       246, 106, 229, 110, 204, 196, 62, 230, 225, 182, 249, 242, 136,
       15, 156, 105, 141, 37, 62, 254, 119, 228, 47, 119, 19, 81, 234,
       119, 76, 115, 61, 147, 57, 157, 238, 22, 46, 169, 240, 121, 8, 71,
       223, 113, 32, 200, 233, 82, 243, 188, 93, 126, 245, 181, 119, 255,
       254, 84, 238, 252, 7, 219, 125, 179, 171, 127, 120, 151, 239, 232,
       246, 61, 174, 227, 203, 231, 161, 231, 253, 125, 243, 93, 95, 172,
       165, 173, 110, 189, 190, 84, 254, 158, 167, 223, 61, 147, 107, 39,
       84, 253, 47, 233, 241, 117, 136, 237, 239, 255, 148, 167, 252, 21,
       121, 34, 156, 250, 223, 119, 245, 191, 230, 95, 78, 92, 39, 172,
       252, 55, 96, 255, 123, 147, 195, 214, 186, 48, 251, 103, 61, 158,
       171, 85, 94, 53, 255, 18, 203, 206, 190, 194, 192, 188, 231, 144,
       23, 80, 227, 45, 238, 32, 75, 111, 251, 163, 193, 80, 202, 14,
       237, 48, 38, 254, 139, 181, 244, 165, 219, 254, 84, 116, 250, 173,
       118, 94, 184, 133, 94, 183, 19, 74, 127, 63, 223, 247, 212, 191,
       226, 172, 103, 123, 245, 19, 122, 192, 159, 183, 255, 252, 87, 78,
       213, 228, 222, 235, 116, 95, 152, 3, 255, 158, 162, 72, 119, 219,
       255, 87, 214, 253, 254, 152, 66, 251, 224, 95, 127, 207, 159, 182,
       247, 188, 117, 126, 186, 253, 71, 110, 127, 154, 144, 139, 250,
       63, 239, 222, 188, 215, 186, 135, 245, 253, 71, 133, 112, 237,
       240, 86, 95, 105, 182, 255, 255, 95, 119, 180, 62, 147, 181, 228,
       47, 70, 82, 57, 174, 114, 253, 167, 40, 133, 153, 159, 239, 4, 38,
       173, 244, 0, 46, 128, 214, 97, 128, 200, 249, 74, 153, 181, 227,
       233, 200, 236, 35, 207, 216, 86, 242, 149, 238, 83, 73, 221, 46,
       89, 200, 22, 255, 187, 103, 109, 146, 120, 8, 165, 252, 253, 251,
       80, 244, 34, 120, 178, 159, 109, 245, 185, 66, 91, 174, 84, 3,
       172, 220, 119, 12, 253, 121, 179, 129, 128, 246, 242, 194, 5, 22,
       219, 171, 215, 125, 117, 239, 43, 54, 235, 76, 122, 253, 187, 90,
       27, 205, 125, 237, 40, 221, 246, 180, 159, 57, 151, 29, 135, 50,
       166, 223, 78, 93, 33, 170, 223, 238, 71, 245, 62, 26, 244, 245,
       52, 122, 123, 146, 89, 238, 118, 238, 123, 45, 151, 171, 143, 244,
       181, 89, 173, 248, 101, 168, 206, 255, 245, 129, 231, 253, 86, 89,
       217, 149, 118, 203, 245, 254, 123, 99, 109, 77, 255, 18, 254, 62,
       46, 228, 232, 147, 222, 144, 191, 187, 113, 247, 255, 253, 154,
       67, 151, 14, 253, 119, 190, 30, 240, 228, 247, 127, 223, 242, 89,
       238, 188, 190, 11, 60, 151, 189, 127, 247, 223, 227, 169, 247,
       101, 234, 242, 223, 229, 183, 255, 253, 94, 125, 27, 159, 110,
       238, 54, 162, 107, 119, 180, 69, 218, 231, 121, 170, 178, 96, 118,
       167, 63, 173, 189, 155, 36, 239, 242, 111, 170, 192, 45, 194, 161,
       121, 26, 139, 107, 172, 226, 64, 189, 103, 33, 13, 212, 179, 13,
       47, 162, 81, 110, 147, 143, 129, 88, 139, 36, 197, 240, 97, 250,
       211, 55, 132, 167, 251, 43, 191, 112, 203, 244, 159, 251, 255, 31,
       77, 125, 230, 173, 77, 190, 36, 254, 11, 151, 221, 150, 186, 124,
       255, 46, 93, 174, 228, 215, 142, 245, 253, 58, 62, 250, 203, 245,
       245, 250, 87, 31, 77, 255, 55, 8, 191, 230, 236, 255, 155, 151,
       156, 158, 186, 113, 226, 223, 125, 154, 203, 151, 223, 253, 223,
       11, 219, 239, 129, 242, 148, 185, 149, 173, 93, 94, 231, 189, 46,
       246, 228, 102, 43, 183, 221, 151, 152, 39, 224, 46, 77, 190, 192,
       174, 134, 161, 253, 46, 179, 224, 193, 247, 115, 184, 79, 27, 237,
       157, 191, 8, 188, 86, 168, 191, 31, 215, 145, 150, 59, 244, 210,
       95, 93, 159, 255, 199, 78, 159, 215, 46, 217, 119, 254, 61, 215,
       222, 240, 141, 76, 181, 39, 108, 253, 183, 164, 158, 113, 215,
       103, 229, 131, 58, 253, 115, 95, 77, 155, 87, 191, 110, 251, 7,
       250, 185, 219, 239, 245, 187, 220, 31, 77, 93, 119, 188, 222, 126,
       44, 255, 27, 151, 149, 151, 54, 234, 243, 31, 93, 187, 234, 158,
       95, 165, 247, 15, 155, 253, 95, 114, 95, 191, 248, 63, 125, 87,
       229, 252, 124, 158, 253, 183, 95, 151, 79, 199, 216, 125, 253, 78,
       127, 127, 134, 222, 166, 13, 245, 64, 32, 14, 141, 8, 75, 161, 72,
       174, 160, 194, 0, 212, 130, 96, 66, 96, 44, 106, 32, 1, 209, 131,
       88, 20, 32, 11, 61, 0, 2, 5, 128, 220, 27, 147, 102, 147, 98, 167,
       80, 180, 170, 247, 226, 73, 247, 169, 206, 60, 245, 237, 226, 8,
       145, 137, 202, 209, 229, 107, 133, 227, 115, 45, 35, 110, 63, 232,
       79, 189, 126, 83, 152, 3, 252, 181, 237, 202, 125, 223, 127, 223,
       212, 221, 119, 143, 98, 249, 136, 207, 121, 33, 183, 223, 239, 94,
       87, 110, 182, 104, 202, 233, 85, 157, 121, 139, 221, 189, 255, 88,
       221, 222, 54, 223, 145, 215, 183, 219, 99, 250, 212, 123, 89, 173,
       250, 207, 14, 182, 119, 6, 65, 20, 155, 73, 221, 176, 72, 143, 21,
       65, 1, 140, 218, 110, 205, 192, 25, 163, 81, 6, 16, 90, 209, 5,
       16, 26, 111, 16, 13, 45, 134, 61, 50, 234, 229, 102, 87, 185, 80,
       84, 236, 119, 167, 89, 205, 247, 168, 126, 61, 151, 189, 141, 246,
       52, 136, 71, 201, 171, 165, 111, 173, 126, 243, 102, 181, 150,
       254, 253, 77, 150, 232, 155, 188, 185, 43, 108, 255, 109, 18, 255,
       241, 207, 99, 34, 99, 218, 223, 187, 214, 79, 63, 81, 123, 47,
       131, 70, 253, 146, 154, 235, 205, 190, 200, 174, 159, 137, 41,
       236, 246, 105, 219, 167, 123, 235, 211, 118, 75, 154, 243, 189,
       20, 15, 255, 144, 87, 175, 159, 255, 179, 244, 81, 167, 95, 85,
       177, 115, 255, 55, 61, 74, 125, 222, 191, 181, 213, 245, 51, 253,
       245, 185, 128, 219, 219, 117, 247, 235, 252, 206, 119, 251, 82,
       114, 252, 111, 94, 121, 80, 113, 206, 247, 62, 74, 220, 183, 253,
       254, 189, 183, 231, 141, 183, 182, 200, 215, 249, 194, 139, 111,
       172, 110, 215, 70, 27, 254, 180, 231, 180, 187, 82, 173, 200, 94,
       231, 44, 191, 119, 74, 230, 127, 191, 213, 128, 217, 178, 232, 87,
       126, 250, 131, 143, 117, 45, 223, 3, 94, 99, 149, 114, 178, 171,
       118, 61, 202, 90, 231, 189, 46, 183, 228, 118, 237, 23, 205, 229,
       152, 37, 238, 36, 46, 170, 128, 47, 244, 33, 253, 42, 52, 34, 200,
       125, 247, 219, 75, 159, 77, 253, 47, 44, 252, 54, 180, 220, 185,
       215, 165, 134, 35, 122, 223, 55, 92, 139, 187, 211, 14, 126, 215,
       25, 145, 107, 233, 246, 94, 239, 125, 101, 76, 126, 134, 25, 31,
       182, 96, 126, 156, 23, 236, 217, 184, 53, 205, 119, 237, 166, 196,
       55, 138, 241, 249, 245, 32, 239, 228, 134, 162, 73, 81, 241, 194,
       243, 210, 83, 193, 185, 107, 122, 164, 52, 174, 185, 247, 164,
       138, 208, 235, 227, 0, 237, 234, 114, 32, 46, 91, 119, 136, 111,
       209, 191, 216, 143, 76, 244, 175, 44, 220, 183, 133, 238, 185,
       151, 195, 197, 35, 114, 253, 119, 89, 139, 187, 31, 63, 116, 215,
       171, 123, 114, 216, 101, 157, 188, 86, 173, 204, 116, 103, 172,
       158, 39, 149, 238, 59, 151, 197, 197, 187, 50, 236, 55, 89, 26,
       171, 75, 28, 107, 223, 25, 34, 205, 37, 22, 10, 97, 51, 118, 161,
       70, 198, 83, 3, 144, 72, 48, 236, 36, 140, 9, 216, 229, 12, 204,
       231, 240, 0, 43, 128, 112, 40, 127, 28, 240, 245, 245, 127, 250,
       242, 153, 238, 182, 15, 175, 60, 23, 175, 175, 247, 223, 117, 189,
       251, 116, 238, 255, 223, 95, 179, 239, 253, 95, 223, 202, 149, 50,
       219, 245, 220, 127, 37, 253, 79, 215, 19, 236, 126, 46, 101, 243,
