%YAML:1.0
---
descriptors: !!opencv-matrix
   rows: 160
   cols: 32
   dt: u
   data: [ 56, 143, 106, 190, 215, 179, 215, 231, 215, 197, 220, 131,
       105, 237, 54, 64, 250, 235, 135, 21, 158, 187, 38, 191, 251, 69,
       143, 11, 247, 126, 244, 202, 127, 112, 243, 100, 103, 94, 254, 80,
       105, 234, 118, 170, 89, 31, 213, 190, 126, 213, 247, 238, 201,
       118, 181, 200, 87, 255, 231, 168, 111, 247, 122, 117, 24, 223,
       126, 125, 179, 154, 127, 183, 53, 6, 78, 165, 239, 103, 163, 85,
       55, 126, 173, 232, 120, 152, 33, 63, 235, 231, 118, 129, 34, 244,
       173, 123, 8, 155, 31, 189, 118, 131, 169, 103, 158, 13, 90, 163,
       189, 167, 32, 64, 230, 59, 43, 129, 18, 152, 3, 93, 101, 167, 186,
       192, 20, 8, 165, 251, 101, 105, 193, 71, 80, 10, 103, 160, 100,
       160, 107, 200, 211, 97, 137, 52, 80, 204, 106, 106, 73, 176, 205,
       42, 164, 164, 5, 0, 104, 187, 82, 160, 17, 7, 75, 101, 52, 10,
       106, 63, 116, 160, 74, 68, 211, 35, 144, 112, 114, 204, 12, 44,
       169, 152, 69, 14, 172, 174, 166, 0, 44, 162, 64, 40, 74, 60, 182,
       220, 107, 244, 186, 198, 185, 78, 212, 33, 172, 254, 39, 255, 166,
       115, 255, 65, 130, 79, 178, 233, 19, 115, 90, 139, 130, 85, 47,
       223, 33, 249, 121, 201, 126, 223, 239, 253, 71, 96, 252, 138, 179,
       220, 180, 160, 94, 184, 18, 105, 215, 186, 116, 189, 47, 13, 135,
       112, 119, 138, 208, 252, 11, 154, 6, 153, 50, 148, 57, 87, 62, 77,
       86, 245, 172, 135, 162, 204, 231, 59, 191, 149, 151, 220, 34, 247,
       78, 119, 250, 194, 158, 132, 169, 221, 11, 158, 230, 189, 52, 178,
       108, 183, 61, 67, 94, 215, 253, 46, 182, 100, 87, 111, 53, 141,
       183, 152, 85, 239, 46, 126, 250, 192, 158, 196, 185, 29, 37, 229,
       153, 131, 204, 41, 166, 232, 110, 178, 41, 74, 213, 99, 201, 10,
       123, 76, 66, 122, 67, 112, 205, 50, 44, 132, 39, 108, 224, 123,
       67, 160, 39, 101, 241, 103, 180, 31, 94, 184, 123, 160, 123, 104,
       203, 125, 157, 52, 158, 221, 85, 99, 172, 240, 233, 254, 47, 222,
       69, 182, 103, 251, 82, 7, 37, 229, 153, 139, 252, 11, 230, 232,
       90, 178, 185, 74, 212, 96, 89, 16, 217, 195, 74, 123, 99, 98, 74,
       127, 60, 4, 175, 60, 93, 123, 83, 160, 11, 143, 198, 29, 162, 178,
       190, 167, 188, 206, 78, 229, 172, 162, 183, 196, 39, 111, 234,
       132, 212, 217, 7, 110, 46, 38, 254, 131, 142, 244, 169, 221, 98,
       181, 244, 218, 253, 249, 144, 239, 203, 61, 188, 57, 12, 62, 78,
       144, 203, 147, 235, 16, 54, 107, 123, 247, 63, 22, 23, 127, 211,
       76, 207, 223, 42, 183, 176, 211, 189, 253, 80, 143, 27, 61, 189,
       57, 206, 111, 78, 158, 159, 155, 239, 16, 30, 104, 203, 211, 239,
       86, 21, 247, 194, 76, 142, 79, 63, 245, 98, 136, 92, 151, 202,
       248, 87, 232, 248, 239, 96, 200, 191, 164, 88, 168, 22, 255, 207,
       179, 60, 157, 58, 12, 165, 252, 127, 175, 120, 213, 198, 124, 246,
       58, 171, 120, 24, 138, 187, 190, 163, 185, 76, 223, 79, 219, 167,
       253, 253, 146, 38, 71, 138, 226, 147, 86, 91, 191, 130, 117, 47,
       87, 9, 19, 123, 107, 112, 191, 107, 80, 109, 13, 127, 100, 159,
       15, 148, 116, 238, 56, 23, 14, 145, 184, 97, 92, 70, 253, 50, 192,
       90, 131, 97, 241, 86, 6, 230, 149, 194, 114, 188, 67, 49, 151, 91,
       247, 73, 174, 223, 206, 127, 215, 183, 181, 148, 208, 133, 194,
       30, 102, 254, 135, 167, 116, 173, 212, 59, 159, 122, 235, 246,
       247, 255, 247, 87, 73, 254, 103, 123, 255, 182, 96, 127, 187, 151,
       157, 191, 186, 109, 255, 255, 207, 175, 195, 255, 206, 249, 219,
       46, 48, 248, 240, 109, 221, 177, 64, 251, 253, 52, 57, 140, 157,
       87, 27, 175, 153, 247, 17, 150, 118, 242, 208, 95, 89, 83, 239,
       199, 4, 71, 243, 10, 176, 53, 241, 125, 253, 185, 75, 31, 121, 85,
       26, 156, 157, 104, 40, 251, 27, 159, 17, 51, 252, 123, 215, 207,
       215, 155, 103, 150, 12, 149, 243, 127, 126, 254, 94, 43, 62, 125,
       80, 253, 222, 246, 189, 74, 221, 151, 127, 239, 245, 255, 167,
       173, 231, 247, 200, 82, 123, 115, 147, 207, 245, 111, 87, 135,
       124, 167, 155, 237, 239, 175, 206, 127, 250, 208, 114, 236, 252,
       249, 237, 249, 255, 119, 211, 227, 214, 127, 242, 189, 118, 223,
       162, 150, 125, 181, 253, 154, 157, 70, 190, 245, 215, 254, 236,
       189, 206, 254, 3, 109, 254, 34, 197, 251, 247, 183, 227, 116, 251,
       26, 255, 63, 247, 207, 207, 39, 190, 253, 223, 42, 213, 178, 140,
       253, 246, 190, 239, 159, 141, 248, 3, 108, 252, 62, 196, 249, 251,
       151, 177, 52, 187, 26, 223, 63, 60, 143, 143, 151, 126, 253, 223,
       184, 70, 108, 127, 108, 107, 84, 42, 85, 46, 245, 187, 115, 13,
       147, 25, 89, 184, 199, 110, 108, 246, 69, 63, 119, 203, 241, 177,
       119, 249, 86, 194, 149, 77, 221, 215, 132, 46, 231, 151, 124, 131,
       107, 18, 147, 49, 85, 107, 105, 78, 34, 10, 113, 252, 121, 98,
       165, 175, 22, 0, 233, 89, 224, 168, 176, 70, 95, 225, 210, 99,
       255, 71, 21, 35, 251, 178, 17, 55, 40, 89, 127, 151, 7, 162, 56,
       215, 69, 206, 244, 135, 190, 129, 229, 217, 164, 162, 234, 188,
       246, 90, 235, 253, 84, 199, 251, 95, 164, 57, 46, 251, 102, 191,
       171, 179, 234, 16, 54, 111, 146, 243, 95, 91, 84, 123, 219, 68,
       238, 79, 31, 7, 107, 193, 246, 34, 235, 51, 52, 77, 223, 230, 81,
       6, 154, 96, 126, 140, 23, 237, 153, 146, 101, 206, 100, 45, 170,
       196, 45, 131, 240, 241, 39, 164, 217, 137, 252, 105, 168, 203, 94,
       115, 57, 248, 212, 240, 220, 172, 155, 11, 82, 25, 19, 112, 79,
       83, 44, 22, 31, 126, 220, 72, 219, 132, 216, 149, 61, 252, 13,
       207, 85, 39, 237, 90, 166, 24, 190, 63, 32, 115, 192, 179, 252,
       32, 121, 107, 115, 221, 243, 243, 68, 19, 26, 40, 133, 58, 53, 77,
       98, 206, 93, 215, 206, 248, 85, 192, 236, 6, 115, 248, 55, 228,
       120, 232, 18, 235, 77, 179, 61, 191, 51, 108, 131, 16, 123, 59,
       120, 134, 26, 143, 110, 93, 147, 146, 125, 183, 53, 5, 110, 165,
       107, 231, 166, 84, 119, 254, 173, 140, 120, 152, 33, 255, 106,
       255, 212, 195, 35, 196, 236, 90, 191, 95, 98, 6, 87, 146, 254,
       112, 129, 204, 214, 175, 105, 236, 183, 164, 126, 237, 151, 231,
       236, 191, 60, 238, 50, 126, 143, 131, 111, 191, 126, 215, 24, 155,
       10, 191, 51, 150, 58, 119, 52, 13, 94, 167, 173, 135, 34, 192,
       102, 59, 183, 205, 66, 152, 17, 191, 230, 231, 186, 193, 46, 132,
       169, 219, 58, 143, 106, 236, 118, 147, 254, 125, 21, 68, 124, 231,
       105, 205, 182, 196, 126, 187, 151, 231, 206, 186, 36, 253, 114,
       237, 162, 193, 127, 142, 252, 221, 10, 56, 178, 158, 235, 244,
       186, 66, 159, 206, 220, 35, 172, 254, 103, 206, 230, 123, 179,
       145, 6, 75, 146, 233, 19, 117, 218, 139, 146, 85, 47, 223, 3, 154,
       38, 157, 48, 180, 56, 214, 63, 73, 86, 213, 188, 158, 182, 108,
       231, 59, 183, 221, 183, 156, 51, 255, 135, 126, 186, 194, 158,
       133, 185, 221, 32, 169, 123, 72, 116, 217, 251, 101, 111, 77, 124,
       168, 191, 143, 246, 52, 254, 186, 87, 92, 82, 59, 162, 213, 127,
       221, 34, 233, 87, 138, 231, 233, 3, 140, 175, 221, 52, 166, 232,
       183, 95, 67, 90, 82, 252, 46, 180, 224, 215, 107, 55, 141, 183,
       156, 81, 255, 44, 62, 218, 192, 156, 136, 249, 29, 55, 71, 98, 12,
       116, 183, 230, 123, 85, 236, 253, 231, 66, 232, 183, 164, 92, 168,
       150, 111, 204, 179, 44, 158, 50, 28, 161, 170, 95, 255, 122, 197,
       138, 149, 50, 153, 245, 213, 188, 231, 191, 95, 86, 19, 172, 190,
       46, 205, 231, 27, 147, 145, 118, 28, 50, 247, 47, 87, 222, 203,
       146, 4, 173, 223, 141, 28, 244, 119, 51, 126, 123, 144, 123, 255,
       119, 184, 251, 127, 159, 191, 23, 215, 181, 94, 164, 244, 125,
       234, 79, 223, 117, 133, 231, 247, 78, 115, 223, 222, 158, 190,
       170, 38, 62, 255, 158, 154, 146, 114, 220, 243, 33, 75, 231, 119,
       189, 179, 112, 77, 11, 243, 248, 227, 255, 134, 152, 112, 169, 11,
       222, 190, 142, 182, 137, 100, 20, 175, 186, 159, 142, 189, 236,
