%YAML:1.0
---
descriptors: !!opencv-matrix
   rows: 189
   cols: 32
   dt: u
   data: [ 138, 153, 32, 189, 101, 221, 188, 103, 159, 73, 80, 189, 172,
       188, 54, 133, 166, 59, 147, 5, 246, 24, 146, 223, 13, 118, 90,
       235, 22, 12, 159, 223, 17, 159, 106, 222, 52, 166, 107, 119, 116,
       201, 254, 198, 113, 227, 178, 64, 124, 174, 30, 140, 249, 153, 21,
       255, 114, 175, 162, 128, 61, 202, 248, 185, 55, 107, 227, 150, 86,
       151, 234, 208, 199, 192, 216, 70, 57, 200, 245, 228, 126, 234, 22,
       223, 141, 155, 60, 236, 56, 12, 175, 136, 183, 191, 112, 236, 48,
       163, 216, 162, 248, 137, 84, 69, 35, 13, 180, 41, 167, 163, 66,
       18, 162, 131, 109, 84, 30, 11, 66, 0, 250, 197, 52, 249, 160, 130,
       202, 139, 86, 161, 169, 162, 158, 69, 158, 136, 138, 241, 153,
       139, 213, 254, 127, 74, 223, 215, 253, 247, 158, 67, 255, 176,
       187, 4, 175, 255, 181, 127, 149, 82, 53, 113, 113, 69, 124, 79,
       71, 248, 65, 232, 252, 74, 83, 85, 149, 52, 120, 220, 86, 106,
       201, 178, 125, 12, 125, 140, 37, 52, 107, 186, 70, 177, 8, 157,
       23, 189, 181, 223, 180, 191, 22, 1, 74, 19, 191, 63, 32, 193, 209,
       27, 147, 1, 118, 152, 17, 191, 239, 231, 190, 65, 18, 76, 189,
       202, 151, 159, 236, 183, 138, 7, 191, 248, 158, 246, 158, 199,
       117, 108, 154, 3, 55, 71, 121, 231, 229, 201, 31, 63, 232, 7, 239,
       149, 173, 246, 189, 217, 34, 188, 160, 155, 117, 245, 186, 202,
       31, 119, 88, 19, 172, 222, 119, 140, 223, 59, 147, 17, 150, 94,
       122, 247, 15, 22, 155, 239, 148, 77, 29, 207, 44, 20, 252, 87,
       165, 127, 245, 186, 76, 186, 126, 2, 218, 117, 63, 111, 73, 86,
       54, 42, 160, 240, 121, 40, 71, 187, 113, 5, 211, 251, 92, 171,
       149, 4, 110, 149, 132, 58, 238, 55, 116, 226, 250, 86, 83, 40,
       151, 235, 121, 198, 46, 175, 253, 252, 5, 238, 52, 110, 246, 4,
       237, 249, 248, 140, 172, 68, 124, 91, 36, 111, 117, 190, 84, 190,
       119, 24, 83, 81, 139, 57, 25, 88, 70, 42, 104, 244, 121, 28, 71,
       219, 117, 21, 83, 249, 78, 163, 177, 70, 71, 69, 198, 122, 230,
       118, 116, 226, 250, 82, 83, 40, 181, 229, 120, 196, 6, 42, 237,
       182, 101, 14, 54, 170, 102, 4, 109, 249, 248, 132, 216, 124, 18,
       240, 51, 237, 80, 87, 185, 3, 228, 25, 63, 159, 0, 153, 162, 187,
       221, 16, 47, 15, 146, 131, 243, 209, 16, 59, 106, 64, 175, 27,
       177, 7, 71, 173, 20, 6, 239, 112, 85, 10, 242, 86, 113, 43, 32,
       65, 120, 132, 38, 238, 121, 183, 69, 143, 240, 234, 234, 0, 61,
       168, 112, 160, 21, 4, 171, 232, 148, 102, 233, 93, 212, 195, 223,
       18, 81, 251, 56, 104, 121, 140, 63, 185, 57, 183, 49, 134, 249,
       175, 191, 68, 165, 234, 244, 226, 26, 145, 114, 233, 55, 215, 250,
       113, 69, 8, 215, 131, 73, 31, 54, 224, 126, 177, 151, 225, 220,
       186, 53, 221, 255, 217, 138, 195, 55, 142, 124, 7, 57, 207, 91,
       238, 118, 128, 70, 247, 196, 1, 248, 194, 51, 161, 176, 64, 110,
       234, 6, 204, 219, 171, 4, 191, 240, 237, 166, 8, 61, 154, 240, 8,
       29, 85, 107, 237, 118, 54, 235, 120, 68, 192, 127, 198, 89, 109,
       187, 96, 126, 172, 23, 238, 137, 176, 53, 142, 118, 173, 162, 132,
       127, 250, 112, 241, 26, 111, 98, 156, 82, 145, 190, 119, 138, 4,
       88, 239, 45, 174, 182, 132, 46, 251, 151, 193, 198, 155, 4, 253,
       50, 69, 190, 171, 39, 212, 175, 221, 54, 4, 243, 203, 103, 113,
       248, 72, 93, 71, 249, 19, 72, 158, 125, 236, 255, 153, 151, 177,
       154, 182, 105, 194, 151, 28, 154, 199, 215, 79, 117, 247, 93, 73,
       198, 69, 169, 158, 78, 166, 239, 232, 174, 76, 203, 98, 151, 246,
       176, 100, 236, 110, 205, 209, 245, 172, 186, 255, 71, 23, 74, 247,
       73, 92, 24, 157, 30, 173, 144, 195, 52, 119, 4, 32, 122, 35, 55,
       63, 34, 64, 232, 191, 7, 128, 92, 152, 17, 29, 241, 229, 162, 65,
       48, 8, 172, 26, 85, 168, 136, 163, 204, 41, 224, 206, 102, 49,
       234, 74, 130, 32, 89, 72, 121, 138, 106, 145, 30, 58, 91, 112,
       156, 132, 151, 108, 249, 75, 249, 130, 122, 249, 146, 172, 13,
       209, 18, 69, 143, 133, 140, 9, 174, 223, 98, 198, 200, 177, 235,
       81, 26, 43, 146, 177, 187, 241, 142, 123, 18, 14, 188, 74, 3, 149,
       105, 193, 182, 254, 105, 55, 109, 105, 95, 230, 157, 54, 158, 96,
       55, 15, 23, 188, 147, 152, 53, 213, 108, 109, 186, 196, 173, 130,
       161, 245, 103, 71, 110, 70, 246, 18, 239, 112, 233, 206, 127, 231,
       89, 108, 191, 51, 126, 229, 247, 239, 229, 211, 172, 206, 54, 46,
       239, 140, 47, 183, 250, 213, 151, 30, 202, 159, 114, 130, 174, 80,
       60, 194, 83, 231, 117, 234, 183, 64, 118, 237, 23, 247, 165, 148,
       13, 110, 52, 46, 171, 128, 45, 247, 57, 149, 191, 223, 230, 250,
       255, 245, 95, 251, 151, 222, 220, 183, 105, 255, 255, 101, 255,
       251, 191, 166, 254, 103, 62, 255, 251, 223, 175, 251, 183, 252,
       252, 247, 49, 166, 207, 125, 190, 43, 111, 255, 118, 227, 242,
       246, 115, 227, 152, 121, 127, 238, 126, 172, 185, 252, 79, 31,
       252, 174, 247, 196, 237, 232, 240, 169, 145, 181, 31, 113, 178,
       175, 116, 127, 124, 170, 106, 80, 255, 115, 33, 113, 183, 59, 20,
       56, 241, 252, 17, 78, 233, 203, 37, 0, 232, 240, 161, 185, 49,
       223, 79, 238, 124, 135, 199, 244, 134, 72, 216, 230, 115, 225,
       160, 96, 92, 234, 6, 106, 203, 171, 110, 189, 240, 133, 167, 152,
       125, 154, 176, 185, 240, 104, 147, 140, 201, 11, 36, 103, 52, 162,
       226, 90, 2, 163, 97, 223, 232, 228, 106, 130, 72, 247, 193, 64,
       145, 162, 214, 58, 193, 120, 162, 138, 9, 174, 146, 153, 252, 153,
       233, 215, 222, 17, 94, 214, 173, 162, 242, 228, 107, 43, 34, 28,
       23, 216, 198, 241, 44, 221, 190, 224, 158, 136, 169, 136, 118, 62,
       230, 148, 255, 187, 158, 226, 137, 166, 188, 175, 74, 232, 119,
       134, 175, 229, 207, 167, 172, 111, 140, 238, 58, 86, 77, 187, 239,
       125, 127, 87, 116, 104, 149, 213, 207, 9, 36, 70, 110, 179, 162,
       26, 2, 34, 69, 95, 105, 238, 74, 130, 8, 247, 209, 96, 157, 130,
       215, 51, 161, 121, 98, 138, 8, 133, 27, 251, 60, 212, 248, 55,
       220, 1, 220, 18, 189, 155, 32, 96, 194, 59, 31, 8, 50, 137, 50,
       247, 227, 255, 186, 73, 16, 8, 165, 139, 118, 225, 137, 162, 218,
       69, 79, 200, 2, 176, 137, 139, 85, 247, 89, 82, 95, 221, 29, 243,
       90, 67, 218, 176, 249, 133, 175, 252, 180, 123, 180, 34, 52, 108,
       156, 245, 142, 107, 183, 206, 142, 182, 144, 3, 214, 105, 101, 11,
       201, 115, 67, 99, 96, 101, 90, 232, 233, 130, 95, 55, 209, 121,
       133, 138, 103, 185, 173, 151, 140, 53, 204, 139, 202, 247, 130,
       29, 211, 236, 95, 74, 205, 71, 121, 95, 157, 75, 255, 48, 139, 91,
       223, 124, 136, 109, 210, 84, 81, 213, 173, 165, 8, 14, 159, 56,
       22, 230, 142, 141, 247, 44, 82, 66, 21, 197, 125, 231, 237, 73,
       255, 10, 233, 39, 237, 148, 44, 246, 21, 82, 60, 135, 254, 224,
       180, 98, 71, 253, 84, 171, 223, 114, 83, 243, 168, 96, 121, 212,
       63, 186, 56, 247, 9, 142, 250, 239, 167, 197, 165, 219, 244, 35,
       245, 172, 172, 53, 140, 31, 204, 171, 210, 243, 134, 29, 243, 108,
       90, 43, 201, 198, 121, 63, 253, 196, 255, 34, 205, 107, 221, 20,
       200, 108, 218, 80, 32, 107, 115, 77, 116, 219, 227, 103, 69, 132,
       122, 98, 35, 136, 180, 228, 122, 170, 6, 72, 200, 186, 100, 237,
       38, 188, 162, 1, 119, 136, 118, 172, 25, 89, 26, 230, 114, 158,
       122, 116, 45, 136, 126, 102, 63, 146, 160, 240, 182, 189, 158, 72,
       69, 155, 16, 109, 178, 237, 34, 128, 40, 130, 43, 25, 102, 182,
       169, 166, 152, 77, 31, 184, 18, 246, 137, 141, 215, 110, 91, 18,
       149, 197, 125, 247, 238, 66, 255, 18, 233, 199, 239, 189, 148,
       115, 22, 82, 225, 107, 140, 57, 12, 156, 72, 151, 234, 248, 166,
       77, 183, 130, 83, 82, 192, 38, 104, 28, 143, 105, 211, 16, 142,
       249, 22, 16, 72, 16, 91, 8, 244, 103, 8, 167, 156, 15, 86, 184,
       16, 36, 238, 141, 195, 72, 11, 17, 220, 196, 76, 103, 108, 178,
       217, 62, 230, 197, 165, 49, 120, 58, 90, 18, 212, 82, 253, 181,
