%YAML:1.0
---
descriptors: !!opencv-matrix
   rows: 199
   cols: 32
   dt: u
   data: [ 162, 220, 59, 152, 127, 197, 191, 230, 159, 95, 84, 55, 44,
       156, 54, 65, 239, 187, 147, 193, 230, 47, 50, 247, 119, 18, 158,
       235, 21, 28, 181, 255, 94, 57, 243, 224, 247, 212, 187, 81, 169,
       205, 191, 175, 12, 191, 247, 22, 166, 119, 255, 213, 149, 11, 176,
       224, 127, 125, 143, 235, 142, 167, 39, 215, 58, 1, 98, 233, 215,
       194, 254, 69, 13, 5, 254, 3, 41, 159, 52, 196, 254, 187, 151, 241,
       94, 187, 16, 204, 183, 253, 138, 131, 39, 142, 252, 138, 2, 185,
       26, 153, 84, 141, 185, 109, 31, 13, 120, 7, 164, 223, 40, 0, 254,
       59, 19, 144, 82, 184, 82, 213, 45, 20, 10, 106, 81, 10, 165, 219,
       79, 126, 108, 214, 106, 148, 255, 182, 169, 206, 118, 231, 61, 78,
       151, 119, 38, 245, 253, 215, 229, 204, 166, 236, 126, 123, 238,
       130, 111, 181, 43, 125, 46, 89, 118, 94, 121, 215, 159, 240, 141,
       204, 181, 47, 104, 253, 183, 164, 222, 241, 215, 103, 236, 163,
       58, 253, 115, 95, 73, 155, 95, 191, 126, 247, 253, 8, 255, 254,
       46, 162, 75, 80, 196, 194, 215, 194, 113, 199, 177, 107, 78, 224,
       63, 206, 169, 135, 38, 168, 210, 235, 234, 136, 63, 171, 112, 33,
       187, 157, 99, 236, 55, 214, 250, 115, 141, 76, 222, 131, 105, 223,
       182, 228, 126, 185, 151, 173, 239, 159, 48, 223, 179, 253, 138,
       131, 63, 142, 120, 223, 92, 86, 254, 231, 34, 106, 63, 80, 160,
       142, 247, 163, 93, 103, 139, 91, 54, 245, 237, 162, 0, 213, 161,
       104, 210, 227, 107, 129, 37, 243, 39, 99, 60, 29, 123, 254, 83,
       226, 51, 113, 148, 64, 125, 162, 121, 255, 32, 240, 122, 187, 147,
       226, 81, 171, 58, 127, 115, 237, 160, 73, 119, 163, 36, 242, 188,
       255, 122, 104, 118, 147, 82, 248, 85, 76, 117, 239, 123, 221, 170,
       145, 126, 152, 135, 106, 234, 186, 72, 31, 126, 205, 33, 237, 127,
       139, 110, 211, 60, 123, 80, 168, 116, 155, 90, 216, 19, 236, 252,
       239, 11, 13, 131, 144, 222, 185, 135, 116, 143, 58, 200, 190, 250,
       221, 165, 252, 127, 143, 106, 209, 89, 153, 19, 248, 57, 220, 88,
       119, 175, 89, 186, 77, 190, 158, 6, 242, 166, 51, 252, 4, 223, 11,
       178, 245, 147, 249, 18, 218, 74, 4, 139, 95, 93, 11, 206, 5, 130,
       62, 111, 24, 100, 198, 79, 134, 217, 98, 155, 239, 118, 68, 168,
       238, 133, 208, 181, 104, 134, 235, 199, 0, 46, 247, 105, 84, 39,
       124, 251, 209, 244, 247, 187, 214, 95, 239, 84, 54, 152, 220, 247,
       104, 255, 57, 23, 159, 167, 182, 60, 250, 15, 31, 191, 166, 149,
       217, 117, 245, 255, 59, 246, 116, 167, 126, 87, 115, 249, 254,
       183, 61, 74, 61, 215, 191, 166, 246, 245, 115, 189, 241, 184, 168,
       219, 219, 101, 151, 235, 237, 206, 119, 246, 106, 106, 160, 79,
       249, 235, 194, 175, 182, 180, 155, 11, 143, 87, 27, 106, 129, 207,
       215, 40, 39, 228, 242, 150, 209, 131, 125, 103, 189, 118, 194, 70,
       158, 159, 254, 235, 164, 24, 222, 159, 155, 16, 115, 124, 255,
       105, 107, 197, 115, 191, 147, 162, 65, 138, 245, 153, 22, 255,
       234, 144, 113, 33, 59, 61, 148, 126, 94, 119, 246, 91, 56, 117,
       79, 119, 182, 123, 127, 190, 245, 119, 188, 183, 174, 185, 178,
       61, 223, 83, 255, 160, 193, 55, 175, 124, 115, 45, 57, 254, 119,
       228, 47, 117, 113, 113, 234, 119, 76, 115, 121, 145, 59, 156, 126,
       22, 14, 169, 240, 121, 8, 71, 207, 113, 0, 234, 235, 82, 179, 43,
       191, 112, 139, 245, 157, 251, 255, 31, 109, 124, 71, 172, 204,
       186, 36, 254, 139, 151, 221, 150, 186, 120, 255, 111, 93, 142,
       238, 159, 142, 249, 223, 93, 93, 172, 165, 174, 78, 173, 191, 68,
       254, 150, 167, 221, 61, 147, 107, 39, 101, 125, 45, 249, 216, 117,
       140, 237, 107, 255, 148, 167, 252, 21, 121, 69, 104, 175, 85, 44,
       248, 171, 130, 234, 236, 30, 40, 177, 180, 215, 110, 0, 100, 124,
       93, 128, 249, 167, 96, 76, 60, 255, 144, 132, 249, 85, 109, 255,
       28, 96, 164, 245, 127, 223, 242, 25, 234, 188, 191, 11, 60, 215,
       189, 255, 245, 223, 231, 173, 55, 113, 234, 247, 223, 167, 183,
       255, 125, 94, 215, 218, 149, 122, 251, 181, 220, 121, 37, 61, 77,
       247, 23, 238, 62, 46, 117, 238, 147, 159, 129, 63, 155, 113, 255,
       255, 255, 154, 83, 55, 12, 229, 94, 78, 213, 244, 222, 235, 116,
       95, 152, 35, 255, 156, 170, 72, 247, 223, 254, 119, 214, 255, 254,
       152, 66, 255, 224, 95, 126, 199, 175, 166, 247, 172, 119, 6, 88,
       178, 219, 101, 245, 179, 202, 31, 23, 84, 19, 172, 222, 103, 76,
       223, 123, 147, 145, 2, 180, 122, 243, 5, 22, 155, 75, 150, 93, 53,
       238, 42, 220, 122, 223, 119, 245, 190, 230, 31, 70, 124, 135, 172,
       254, 55, 96, 255, 123, 147, 195, 198, 190, 58, 255, 119, 127, 158,
       139, 87, 127, 61, 223, 52, 75, 43, 254, 124, 134, 199, 112, 196,
       136, 221, 67, 115, 201, 49, 96, 216, 232, 2, 239, 201, 171, 114,
       189, 113, 57, 162, 24, 17, 59, 116, 240, 42, 120, 242, 222, 109,
       125, 184, 66, 91, 142, 113, 27, 172, 220, 119, 142, 253, 121, 179,
       1, 132, 246, 210, 202, 23, 94, 219, 43, 199, 125, 127, 223, 43,
       95, 118, 204, 109, 157, 252, 247, 205, 204, 252, 175, 40, 140,
       183, 167, 238, 225, 215, 197, 196, 171, 38, 236, 54, 89, 70, 187,
       95, 188, 123, 223, 46, 179, 224, 192, 247, 121, 188, 199, 11, 237,
       93, 191, 8, 172, 86, 140, 175, 159, 215, 149, 150, 58, 236, 194,
       63, 84, 157, 239, 199, 78, 158, 215, 11, 243, 105, 137, 242, 210,
       187, 244, 46, 77, 92, 231, 29, 14, 190, 164, 62, 27, 151, 253,
       215, 152, 37, 253, 110, 13, 174, 198, 255, 150, 175, 253, 224,
       105, 134, 156, 89, 231, 162, 78, 150, 180, 203, 10, 100, 224, 98,
       70, 217, 108, 234, 66, 70, 203, 155, 93, 29, 34, 207, 63, 16, 43,
       188, 134, 91, 94, 238, 101, 51, 82, 95, 179, 49, 238, 246, 167,
       75, 47, 151, 244, 126, 253, 181, 239, 237, 148, 53, 142, 242, 239,
       165, 133, 39, 180, 124, 125, 211, 114, 26, 168, 50, 156, 56, 88,
       236, 73, 211, 247, 207, 202, 170, 208, 182, 129, 206, 229, 135, 5,
       134, 67, 144, 225, 42, 207, 44, 3, 43, 21, 46, 91, 102, 136, 111,
       209, 191, 240, 141, 220, 252, 175, 12, 204, 247, 231, 238, 249,
       223, 231, 196, 35, 118, 240, 118, 121, 207, 187, 87, 189, 125,
       215, 184, 233, 56, 106, 93, 205, 83, 246, 83, 12, 252, 8, 51, 157,
       33, 48, 200, 218, 85, 90, 74, 42, 120, 63, 251, 221, 164, 121, 83,
       25, 118, 234, 45, 177, 185, 99, 245, 77, 97, 25, 107, 249, 61, 24,
       158, 85, 200, 52, 145, 30, 84, 56, 19, 120, 249, 20, 77, 157, 37,
       118, 194, 2, 214, 227, 63, 125, 122, 238, 125, 221, 95, 216, 65,
       236, 252, 15, 123, 221, 55, 176, 254, 249, 151, 231, 205, 35, 120,
       191, 115, 221, 161, 191, 127, 191, 126, 211, 61, 155, 255, 191,
       116, 215, 249, 240, 15, 93, 117, 231, 125, 222, 174, 96, 254, 185,
       151, 213, 139, 250, 56, 205, 222, 219, 235, 194, 127, 174, 100,
       249, 35, 169, 240, 202, 245, 153, 254, 196, 79, 1, 248, 10, 140,
       168, 116, 132, 238, 219, 151, 213, 150, 58, 72, 240, 62, 28, 158,
       235, 159, 159, 249, 141, 38, 204, 50, 190, 69, 225, 190, 224, 31,
       2, 89, 3, 236, 220, 59, 72, 217, 251, 147, 195, 66, 182, 10, 253,
       21, 22, 219, 43, 21, 127, 53, 194, 13, 92, 251, 249, 246, 231,
       191, 214, 94, 207, 94, 34, 29, 156, 247, 96, 255, 57, 23, 25, 162,
       188, 49, 222, 127, 79, 191, 128, 149, 216, 117, 251, 127, 115,
       105, 199, 62, 209, 235, 88, 199, 236, 191, 230, 123, 205, 255,
       100, 126, 188, 255, 238, 203, 35, 239, 221, 86, 89, 163, 184, 63,
       174, 112, 117, 33, 25, 222, 77, 174, 51, 164, 71, 76, 97, 202,
       102, 144, 56, 182, 106, 206, 6, 122, 9, 149, 185, 87, 0, 4, 47,
       86, 22, 221, 104, 249, 133, 22, 239, 76, 62, 26, 193, 31, 232,
       146, 148, 137, 169, 109, 238, 107, 19, 23, 241, 221, 227, 110, 67,
       142, 127, 248, 6, 173, 185, 53, 34, 7, 75, 139, 121, 50, 157, 101,
       221, 188, 103, 157, 204, 116, 7, 172, 158, 119, 173, 238, 59, 179,
