%YAML:1.0
---
descriptors: !!opencv-matrix
   rows: 200
   cols: 32
   dt: u
   data: [ 3, 153, 3, 159, 116, 134, 234, 114, 60, 73, 91, 199, 253, 214,
       180, 228, 126, 43, 23, 221, 151, 152, 21, 255, 36, 62, 186, 192,
       28, 135, 57, 221, 126, 112, 243, 228, 103, 92, 125, 80, 41, 234,
       118, 170, 123, 31, 213, 191, 126, 213, 183, 234, 201, 118, 247,
       192, 87, 249, 231, 138, 103, 247, 102, 125, 191, 91, 98, 4, 115,
       18, 191, 112, 49, 228, 86, 167, 105, 236, 183, 164, 62, 237, 151,
       231, 228, 155, 36, 238, 58, 127, 141, 131, 111, 183, 126, 213,
       119, 241, 173, 162, 158, 71, 30, 136, 130, 240, 137, 143, 85, 127,
       123, 74, 127, 213, 61, 247, 223, 67, 223, 176, 249, 1, 175, 252,
       189, 255, 16, 112, 206, 182, 244, 144, 235, 120, 184, 79, 187,
       255, 21, 191, 12, 174, 206, 159, 167, 151, 239, 145, 182, 79, 174,
       194, 30, 83, 95, 255, 134, 68, 143, 215, 165, 92, 252, 85, 244,
       111, 246, 231, 90, 242, 60, 26, 82, 57, 117, 43, 153, 102, 19, 59,
       229, 252, 25, 170, 111, 143, 117, 20, 205, 120, 218, 138, 216,
       172, 156, 240, 171, 168, 16, 135, 186, 183, 166, 57, 143, 179, 66,
       27, 163, 151, 237, 16, 58, 77, 131, 66, 219, 211, 85, 127, 128,
       64, 143, 2, 116, 255, 99, 78, 250, 195, 71, 248, 55, 236, 248,
       239, 99, 231, 129, 20, 122, 252, 204, 226, 74, 43, 173, 63, 186,
       132, 37, 191, 115, 179, 102, 123, 26, 223, 74, 189, 179, 146, 94,
       183, 53, 74, 206, 229, 107, 103, 35, 208, 118, 239, 157, 236, 108,
       137, 1, 191, 226, 255, 132, 131, 46, 244, 168, 27, 5, 34, 157,
       227, 108, 41, 97, 24, 110, 171, 123, 64, 215, 131, 201, 122, 19,
       12, 110, 24, 1, 176, 131, 0, 196, 142, 115, 36, 192, 243, 3, 161,
       95, 119, 113, 103, 179, 86, 95, 184, 121, 204, 127, 161, 93, 127,
       159, 116, 54, 213, 253, 238, 204, 208, 173, 238, 227, 253, 169,
       133, 38, 183, 38, 115, 110, 176, 180, 208, 233, 125, 188, 203,
       187, 191, 177, 57, 12, 191, 76, 154, 175, 215, 255, 17, 22, 111,
       250, 192, 31, 87, 93, 255, 195, 101, 143, 215, 206, 124, 158, 180,
       107, 120, 188, 202, 185, 190, 180, 57, 236, 254, 71, 219, 167,
       245, 255, 2, 36, 71, 218, 224, 151, 243, 95, 59, 128, 117, 47, 11,
       11, 154, 14, 185, 50, 144, 56, 86, 190, 77, 86, 247, 172, 199,
       162, 77, 231, 43, 191, 149, 182, 220, 2, 247, 196, 119, 250, 195,
       30, 5, 169, 217, 214, 157, 30, 174, 155, 210, 22, 237, 173, 88,
       132, 41, 238, 126, 46, 211, 226, 247, 205, 227, 124, 75, 10, 253,
       187, 241, 79, 95, 16, 38, 173, 15, 41, 249, 123, 201, 244, 219,
       231, 245, 79, 97, 124, 106, 179, 221, 176, 36, 94, 186, 22, 88,
       211, 186, 116, 253, 111, 157, 37, 240, 119, 138, 214, 233, 54,
       110, 98, 30, 93, 147, 142, 104, 215, 204, 249, 239, 96, 200, 191,
       132, 220, 168, 135, 231, 204, 183, 110, 159, 50, 30, 137, 187, 85,
       47, 126, 199, 226, 188, 182, 26, 235, 249, 144, 207, 251, 91, 180,
       57, 108, 254, 110, 187, 171, 243, 234, 145, 54, 111, 138, 241, 31,
       50, 85, 123, 211, 68, 175, 31, 9, 2, 119, 71, 112, 59, 235, 56,
       111, 173, 127, 228, 219, 7, 148, 180, 54, 13, 110, 44, 129, 184,
       173, 93, 6, 253, 50, 192, 70, 131, 67, 177, 138, 149, 18, 217,
       245, 220, 188, 39, 63, 29, 118, 49, 172, 190, 46, 197, 231, 27,
       147, 16, 54, 152, 18, 215, 47, 91, 30, 195, 146, 12, 173, 223, 15,
       207, 234, 195, 244, 50, 239, 247, 94, 239, 95, 246, 217, 45, 222,
       32, 127, 79, 23, 157, 147, 248, 45, 226, 110, 63, 190, 196, 133,
       251, 249, 249, 139, 156, 29, 223, 125, 213, 149, 239, 30, 91, 84,
       34, 188, 255, 32, 101, 207, 59, 179, 1, 99, 42, 114, 247, 103, 22,
       94, 170, 26, 8, 1, 251, 31, 151, 194, 161, 179, 54, 60, 87, 61,
       233, 219, 247, 77, 171, 40, 192, 247, 175, 159, 181, 181, 153, 17,
       198, 186, 247, 175, 198, 175, 230, 169, 17, 25, 134, 127, 109,
       178, 42, 249, 127, 109, 105, 127, 246, 93, 43, 152, 112, 55, 133,
       92, 189, 177, 177, 37, 78, 254, 239, 34, 196, 237, 130, 227, 161,
       217, 167, 110, 229, 166, 42, 109, 55, 117, 232, 222, 238, 251, 33,
       152, 35, 54, 198, 125, 44, 249, 249, 133, 140, 246, 233, 100, 144,
       45, 232, 209, 57, 106, 89, 99, 174, 125, 148, 222, 120, 137, 76,
       152, 231, 44, 223, 183, 115, 206, 241, 159, 231, 207, 3, 242, 253,
       179, 121, 170, 186, 23, 191, 53, 255, 44, 70, 110, 95, 100, 123,
       229, 50, 84, 94, 127, 185, 83, 109, 191, 91, 73, 194, 199, 46,
       104, 244, 101, 12, 71, 187, 112, 133, 87, 249, 92, 226, 60, 4,
       223, 245, 202, 99, 85, 71, 21, 162, 243, 178, 91, 63, 41, 9, 91,
       151, 135, 161, 56, 231, 65, 142, 117, 231, 240, 5, 245, 249, 228,
       162, 133, 76, 219, 243, 132, 46, 238, 151, 118, 243, 123, 82, 147,
       40, 80, 105, 105, 206, 34, 158, 251, 252, 253, 226, 109, 175, 150,
       68, 201, 217, 240, 168, 161, 68, 143, 101, 148, 46, 196, 150, 116,
       99, 226, 80, 211, 48, 52, 104, 89, 206, 34, 28, 185, 182, 81, 2,
       237, 175, 84, 68, 201, 249, 248, 160, 57, 93, 107, 231, 118, 26,
       239, 116, 84, 192, 126, 198, 115, 13, 183, 96, 126, 236, 23, 238,
       233, 184, 53, 174, 102, 237, 164, 128, 111, 186, 112, 248, 135,
       180, 189, 243, 252, 237, 185, 91, 191, 123, 49, 58, 156, 255, 92,
       43, 175, 27, 127, 17, 179, 92, 251, 211, 79, 218, 219, 238, 148,
       73, 197, 163, 174, 176, 189, 211, 239, 253, 185, 219, 159, 123,
       53, 57, 156, 188, 78, 47, 143, 27, 255, 17, 179, 110, 250, 210,
       95, 91, 95, 255, 214, 76, 135, 247, 206, 58, 255, 208, 239, 125,
       185, 82, 187, 255, 53, 59, 140, 191, 71, 63, 167, 95, 255, 17,
       178, 85, 170, 194, 95, 91, 123, 255, 135, 101, 7, 247, 253, 82,
       207, 229, 100, 14, 111, 112, 33, 234, 243, 238, 83, 103, 145, 123,
       126, 196, 124, 238, 233, 247, 229, 8, 240, 235, 231, 132, 109,
       179, 114, 113, 34, 225, 112, 139, 109, 253, 184, 204, 139, 53,
       177, 11, 140, 156, 94, 142, 202, 17, 223, 81, 6, 35, 218, 209, 13,
       16, 27, 127, 86, 15, 207, 198, 250, 170, 176, 186, 173, 253, 148,
       207, 27, 175, 240, 25, 174, 252, 102, 140, 217, 123, 183, 21, 58,
       126, 250, 243, 155, 215, 223, 123, 210, 92, 215, 222, 94, 56, 226,
       150, 203, 240, 186, 65, 169, 206, 247, 183, 12, 254, 103, 222,
       239, 253, 187, 147, 148, 195, 186, 192, 27, 117, 207, 203, 135,
       103, 47, 215, 54, 69, 20, 170, 31, 139, 70, 104, 29, 32, 169, 11,
       70, 66, 41, 17, 248, 129, 78, 99, 108, 163, 73, 30, 176, 150, 137,
       87, 49, 27, 122, 6, 52, 101, 82, 170, 95, 43, 86, 200, 83, 164,
       249, 11, 3, 89, 41, 144, 248, 205, 132, 99, 44, 178, 72, 158, 178,
       196, 1, 55, 101, 127, 94, 130, 45, 28, 244, 119, 181, 126, 90,
       152, 123, 254, 63, 168, 251, 125, 159, 189, 151, 118, 245, 126,
       172, 240, 125, 174, 79, 223, 97, 151, 230, 247, 78, 119, 85, 64,
       203, 37, 0, 10, 101, 8, 116, 162, 99, 192, 211, 97, 137, 121, 19,
       76, 104, 46, 73, 212, 205, 0, 132, 162, 97, 4, 40, 243, 64, 32,
       214, 188, 142, 60, 137, 115, 20, 239, 178, 183, 128, 25, 198, 250,
       66, 91, 129, 103, 233, 17, 62, 79, 219, 50, 155, 243, 93, 127,
       128, 117, 175, 86, 174, 117, 48, 138, 237, 125, 254, 205, 143, 54,
       185, 27, 142, 28, 95, 142, 235, 147, 223, 3, 86, 39, 218, 243,
       183, 16, 139, 127, 87, 95, 221, 198, 62, 59, 162, 154, 207, 240,
       184, 65, 157, 197, 221, 167, 8, 254, 102, 204, 253, 249, 179, 145,
       20, 219, 146, 192, 27, 116, 143, 203, 135, 103, 191, 214, 10, 24,
       178, 158, 235, 244, 186, 66, 159, 206, 92, 39, 44, 254, 103, 204,
       238, 123, 179, 145, 150, 75, 178, 233, 19, 117, 218, 171, 146, 69,
       47, 223, 10, 248, 182, 157, 101, 252, 189, 134, 63, 95, 86, 17,
       172, 190, 6, 204, 231, 123, 187, 133, 6, 220, 242, 227, 7, 119,
       222, 131, 130, 84, 173, 223, 246, 69, 228, 231, 181, 2, 78, 172,
       113, 128, 251, 2, 75, 107, 29, 86, 122, 213, 61, 234, 104, 176,
