%YAML:1.0
---
descriptors: !!opencv-matrix
   rows: 179
   cols: 32
   dt: u
   data: [ 78, 58, 243, 244, 103, 116, 251, 82, 235, 238, 191, 187, 12,
       191, 213, 62, 175, 253, 255, 211, 128, 247, 160, 224, 215, 93,
       235, 171, 135, 245, 39, 247, 166, 176, 177, 99, 233, 45, 144, 201,
       235, 249, 185, 121, 158, 156, 76, 58, 143, 27, 221, 17, 147, 102,
       218, 16, 143, 24, 1, 254, 192, 79, 71, 183, 30, 58, 178, 150, 235,
       240, 186, 67, 185, 207, 223, 183, 12, 254, 103, 206, 239, 253,
       179, 147, 148, 223, 154, 224, 27, 116, 207, 203, 135, 103, 47,
       215, 5, 163, 155, 225, 180, 142, 105, 151, 118, 137, 90, 64, 215,
       115, 152, 96, 119, 46, 20, 156, 147, 152, 1, 12, 172, 239, 182,
       196, 136, 130, 161, 161, 27, 141, 3, 189, 149, 214, 94, 55, 21,
       66, 202, 3, 239, 55, 50, 196, 208, 107, 189, 197, 125, 152, 81,
       191, 163, 247, 158, 147, 62, 140, 184, 94, 57, 77, 98, 77, 87,
       211, 234, 99, 85, 192, 252, 2, 51, 152, 181, 228, 122, 168, 18,
       233, 77, 187, 52, 159, 55, 76, 129, 1, 127, 168, 120, 140, 13,
       118, 235, 65, 118, 51, 235, 218, 86, 235, 126, 230, 25, 141, 255,
       164, 127, 8, 23, 156, 131, 180, 44, 222, 110, 77, 167, 228, 239,
       223, 114, 241, 149, 13, 78, 47, 4, 10, 111, 160, 116, 32, 67, 2,
       211, 99, 152, 81, 112, 76, 34, 238, 120, 208, 77, 63, 228, 171,
       227, 64, 32, 163, 80, 128, 14, 24, 178, 156, 227, 244, 184, 66,
       189, 206, 84, 163, 172, 254, 103, 206, 230, 123, 179, 147, 4, 207,
       146, 224, 87, 112, 90, 139, 134, 117, 45, 223, 177, 3, 71, 205,
       84, 2, 106, 112, 53, 160, 243, 198, 115, 71, 176, 245, 126, 172,
       30, 238, 233, 146, 101, 140, 182, 170, 227, 128, 37, 170, 112,
       160, 193, 220, 23, 94, 235, 102, 20, 175, 249, 90, 162, 112, 252,
       119, 37, 255, 131, 119, 120, 34, 97, 67, 58, 109, 177, 186, 86,
       26, 88, 112, 163, 57, 51, 119, 98, 204, 116, 183, 206, 121, 69,
       200, 253, 110, 115, 200, 183, 164, 88, 168, 23, 111, 205, 179, 44,
       159, 50, 12, 169, 168, 127, 175, 120, 149, 56, 253, 120, 106, 87,
       219, 87, 119, 71, 101, 124, 15, 43, 157, 118, 16, 58, 170, 134, 0,
       94, 58, 116, 183, 127, 221, 20, 107, 115, 142, 198, 218, 42, 173,
       113, 202, 253, 193, 223, 239, 95, 37, 124, 8, 104, 253, 124, 20,
       155, 187, 147, 24, 82, 58, 106, 247, 63, 28, 5, 127, 215, 138,
       198, 172, 42, 159, 106, 201, 214, 147, 186, 255, 23, 5, 124, 167,
       41, 207, 182, 196, 126, 171, 147, 164, 214, 186, 4, 255, 126, 13,
       170, 201, 119, 142, 252, 217, 194, 188, 238, 215, 240, 250, 185,
       39, 190, 91, 86, 48, 176, 247, 134, 121, 231, 63, 255, 144, 51,
       220, 225, 239, 15, 63, 250, 195, 132, 64, 182, 175, 135, 88, 179,
       187, 97, 196, 184, 64, 191, 89, 115, 114, 188, 222, 33, 105, 231,
       57, 55, 145, 167, 222, 34, 241, 133, 54, 154, 202, 144, 1, 33,
       167, 155, 4, 99, 237, 119, 118, 248, 123, 85, 234, 214, 210, 9,
       61, 180, 229, 126, 157, 31, 173, 169, 188, 37, 206, 23, 125, 218,
       134, 55, 172, 116, 237, 33, 217, 113, 75, 116, 207, 239, 244, 69,
       72, 124, 102, 48, 21, 180, 52, 94, 170, 22, 76, 195, 186, 116,
       125, 37, 28, 32, 136, 127, 154, 242, 253, 147, 20, 234, 229, 54,
       50, 120, 123, 125, 194, 94, 147, 29, 62, 182, 97, 247, 157, 159,
       173, 165, 156, 53, 206, 150, 111, 250, 134, 45, 228, 57, 221, 145,
       198, 238, 183, 148, 58, 238, 247, 116, 227, 123, 214, 83, 40, 156,
       105, 121, 206, 46, 175, 189, 248, 29, 174, 52, 239, 182, 68, 237,
       217, 248, 132, 58, 111, 106, 220, 118, 147, 159, 118, 132, 132,
       222, 231, 41, 140, 183, 0, 110, 251, 151, 193, 140, 187, 36, 173,
       114, 109, 170, 129, 103, 156, 116, 217, 56, 86, 124, 127, 73, 47,
       208, 122, 85, 58, 245, 88, 122, 121, 13, 25, 221, 250, 71, 42,
       168, 246, 89, 61, 71, 203, 113, 49, 243, 249, 78, 131, 19, 20,
       250, 229, 50, 42, 57, 63, 60, 199, 94, 245, 157, 62, 150, 112,
       183, 21, 63, 165, 180, 156, 53, 78, 206, 175, 122, 132, 172, 224,
       161, 91, 2, 152, 146, 155, 19, 244, 56, 67, 60, 5, 66, 19, 172,
       214, 38, 204, 247, 59, 187, 145, 54, 156, 19, 239, 13, 54, 154,
       195, 144, 4, 173, 14, 184, 238, 120, 122, 124, 201, 83, 232, 199,
       30, 189, 8, 51, 209, 162, 49, 137, 170, 70, 74, 110, 47, 106, 63,
       115, 217, 33, 121, 82, 139, 78, 194, 116, 96, 129, 145, 95, 169,
       96, 202, 38, 51, 170, 10, 130, 195, 73, 92, 121, 136, 106, 144,
       10, 39, 211, 81, 149, 132, 147, 61, 225, 89, 98, 130, 35, 181,
       226, 81, 245, 245, 184, 67, 95, 73, 124, 102, 136, 188, 246, 172,
       159, 59, 147, 21, 151, 58, 52, 210, 15, 28, 26, 235, 223, 76, 219,
       223, 221, 100, 78, 36, 2, 70, 94, 120, 32, 194, 243, 139, 87, 95,
       11, 91, 62, 197, 93, 230, 108, 215, 145, 12, 211, 235, 237, 133,
       97, 179, 42, 82, 220, 198, 149, 254, 140, 4, 79, 184, 6, 26, 163,
       82, 211, 99, 41, 91, 89, 199, 45, 234, 107, 71, 75, 161, 216, 227,
       239, 220, 184, 243, 32, 32, 200, 178, 28, 184, 173, 253, 16, 159,
       170, 127, 180, 61, 159, 159, 74, 219, 135, 19, 236, 17, 63, 109,
       194, 176, 203, 211, 126, 127, 210, 76, 143, 91, 119, 225, 201,
       166, 158, 71, 79, 248, 2, 224, 137, 74, 85, 215, 89, 98, 93, 221,
       29, 255, 75, 67, 219, 174, 249, 140, 175, 252, 188, 179, 176, 48,
       94, 50, 234, 144, 235, 112, 184, 81, 171, 253, 151, 191, 12, 238,
       199, 158, 167, 149, 253, 149, 148, 67, 174, 192, 94, 81, 207, 239,
       167, 229, 175, 87, 193, 124, 151, 87, 32, 108, 37, 150, 248, 90,
       102, 88, 250, 215, 141, 63, 35, 126, 104, 74, 97, 244, 187, 99,
       101, 186, 84, 0, 74, 241, 195, 56, 33, 223, 50, 140, 126, 149,
       150, 254, 207, 72, 216, 111, 102, 216, 183, 0, 222, 106, 23, 103,
       199, 43, 26, 189, 58, 28, 37, 186, 92, 62, 25, 223, 106, 160, 152,
       189, 205, 120, 80, 143, 59, 183, 172, 25, 174, 235, 74, 154, 129,
       207, 237, 145, 30, 78, 203, 211, 223, 247, 221, 127, 162, 100,
       143, 74, 49, 70, 199, 69, 70, 18, 238, 120, 117, 226, 251, 230,
       83, 32, 149, 247, 126, 196, 110, 234, 205, 182, 5, 10, 52, 174,
       227, 132, 111, 243, 106, 133, 57, 93, 98, 141, 87, 211, 226, 119,
       85, 72, 252, 38, 34, 152, 182, 228, 120, 170, 134, 129, 205, 187,
       100, 223, 50, 109, 162, 131, 127, 12, 120, 159, 217, 70, 214, 197,
       38, 58, 238, 54, 117, 226, 251, 246, 217, 42, 149, 237, 127, 196,
       60, 170, 237, 180, 13, 202, 150, 238, 242, 128, 47, 243, 233, 5,
       42, 173, 115, 72, 253, 249, 243, 79, 95, 37, 124, 8, 42, 157, 244,
       180, 223, 186, 146, 24, 146, 58, 98, 247, 31, 28, 16, 107, 215,
       204, 198, 236, 18, 221, 55, 190, 23, 198, 94, 103, 149, 64, 202,
       3, 238, 126, 48, 101, 242, 243, 29, 225, 108, 137, 49, 255, 177,
       246, 138, 19, 54, 46, 181, 78, 34, 188, 241, 82, 221, 253, 240,
       206, 91, 117, 124, 26, 40, 221, 84, 188, 185, 186, 146, 144, 23,
       122, 250, 243, 31, 28, 149, 111, 211, 76, 198, 254, 13, 102, 235,
       65, 246, 147, 175, 214, 86, 239, 126, 230, 81, 205, 183, 36, 127,
       104, 19, 189, 131, 180, 45, 222, 110, 13, 167, 132, 239, 251, 112,
       245, 2, 28, 147, 158, 83, 228, 191, 230, 158, 15, 88, 3, 44, 254,
       37, 196, 247, 123, 147, 129, 34, 137, 58, 255, 49, 54, 154, 138,
       20, 85, 37, 255, 130, 219, 6, 153, 226, 176, 56, 214, 190, 93, 94,
       247, 172, 206, 163, 76, 231, 43, 191, 213, 150, 156, 134, 241,
       198, 113, 186, 203, 158, 20, 169, 223, 208, 219, 124, 237, 46, 74,
       93, 49, 228, 94, 182, 167, 247, 31, 178, 99, 110, 245, 125, 227,
       232, 165, 101, 29, 242, 235, 234, 145, 53, 184, 117, 123, 47, 183,
       64, 65, 245, 191, 234, 200, 95, 233, 125, 238, 72, 200, 254, 172,
       127, 136, 146, 255, 151, 178, 93, 214, 30, 28, 129, 230, 223, 207,
       122, 149, 55, 239, 96, 138, 94, 147, 206, 248, 215, 64, 217, 199,
       97, 200, 183, 132, 94, 170, 19, 239, 207, 163, 94, 191, 58, 12,
