%YAML:1.0
---
descriptors: !!opencv-matrix
   rows: 170
   cols: 32
   dt: u
   data: [ 203, 145, 126, 255, 237, 156, 252, 55, 253, 91, 215, 247, 236,
       255, 190, 103, 231, 19, 255, 133, 246, 237, 35, 215, 167, 251,
       250, 194, 30, 132, 173, 223, 61, 158, 127, 254, 118, 246, 91, 184,
       85, 79, 127, 246, 123, 127, 186, 245, 119, 254, 183, 46, 185, 176,
       61, 191, 82, 255, 161, 196, 63, 175, 124, 113, 45, 61, 255, 119,
       228, 47, 117, 81, 113, 234, 119, 76, 83, 121, 19, 57, 156, 174,
       23, 46, 185, 240, 112, 8, 71, 223, 117, 32, 232, 233, 194, 177,
       189, 95, 110, 241, 183, 119, 255, 250, 84, 238, 148, 166, 219,
       125, 179, 171, 127, 120, 151, 239, 233, 231, 61, 174, 227, 203,
       239, 161, 231, 253, 125, 241, 93, 94, 164, 165, 175, 110, 173,
       190, 84, 254, 158, 167, 223, 61, 211, 239, 55, 69, 253, 175, 233,
       209, 117, 136, 237, 203, 239, 148, 175, 252, 149, 113, 238, 84,
       118, 222, 175, 118, 92, 184, 213, 94, 183, 179, 74, 95, 63, 255,
       247, 212, 191, 226, 172, 103, 59, 245, 19, 122, 193, 159, 183,
       255, 252, 87, 195, 243, 43, 193, 244, 141, 237, 181, 110, 233, 22,
       68, 144, 148, 220, 36, 20, 12, 126, 93, 211, 184, 245, 192, 44,
       24, 175, 228, 12, 138, 209, 253, 41, 180, 168, 83, 245, 253, 225,
       159, 94, 115, 13, 24, 144, 61, 222, 40, 17, 10, 19, 28, 147, 120,
       249, 19, 79, 13, 21, 116, 214, 74, 213, 234, 191, 59, 254, 117,
       165, 62, 93, 17, 249, 190, 55, 45, 75, 61, 215, 63, 167, 244, 245,
       115, 156, 241, 169, 128, 75, 219, 101, 215, 231, 237, 222, 71,
       191, 30, 96, 228, 253, 127, 223, 242, 25, 238, 188, 190, 11, 60,
       215, 189, 127, 247, 223, 235, 173, 55, 101, 234, 247, 223, 239,
       183, 255, 253, 94, 221, 57, 151, 127, 237, 182, 2, 127, 127, 117,
       77, 254, 230, 91, 191, 178, 96, 126, 182, 31, 236, 249, 187, 37,
       143, 242, 239, 162, 196, 63, 136, 244, 121, 53, 65, 43, 236, 21,
       198, 195, 96, 196, 136, 241, 2, 82, 217, 49, 96, 120, 172, 6, 110,
       73, 163, 50, 140, 241, 169, 162, 8, 113, 43, 112, 162, 43, 114,
       241, 243, 103, 125, 248, 222, 95, 123, 124, 255, 189, 29, 223, 44,
       175, 155, 151, 21, 135, 116, 226, 242, 79, 221, 186, 171, 215,
       221, 87, 255, 93, 1, 230, 5, 131, 30, 111, 24, 113, 230, 103, 135,
       75, 96, 151, 255, 54, 228, 172, 238, 205, 212, 189, 136, 198, 235,
       199, 4, 175, 247, 120, 84, 185, 205, 106, 94, 149, 215, 71, 245,
       85, 12, 228, 2, 107, 209, 178, 229, 88, 250, 134, 106, 110, 190,
       108, 191, 227, 201, 132, 73, 115, 158, 252, 174, 223, 25, 119,
       228, 231, 126, 250, 80, 233, 200, 183, 163, 223, 255, 183, 111,
       238, 245, 255, 247, 181, 227, 176, 200, 211, 249, 235, 154, 135,
       239, 117, 119, 192, 97, 134, 157, 77, 111, 162, 76, 190, 180, 75,
       2, 228, 224, 96, 198, 49, 108, 234, 98, 68, 241, 155, 93, 61, 34,
       79, 47, 0, 59, 189, 134, 187, 209, 112, 235, 125, 31, 223, 253,
       93, 108, 245, 171, 123, 95, 190, 53, 254, 153, 151, 239, 238, 38,
       109, 223, 247, 217, 174, 191, 119, 158, 246, 255, 70, 253, 146,
       186, 235, 205, 190, 232, 174, 190, 137, 9, 172, 246, 105, 19, 231,
       123, 203, 211, 98, 67, 218, 243, 189, 20, 15, 127, 144, 115, 175,
       131, 118, 119, 118, 238, 61, 95, 222, 232, 27, 172, 253, 171, 74,
       253, 31, 16, 254, 221, 247, 227, 76, 227, 219, 222, 179, 254, 133,
       191, 87, 190, 126, 87, 45, 45, 136, 165, 205, 29, 238, 225, 128,
       240, 172, 143, 35, 168, 83, 130, 168, 238, 194, 239, 221, 115,
       222, 40, 126, 9, 197, 57, 73, 126, 218, 156, 107, 122, 248, 250,
       109, 125, 249, 158, 91, 223, 116, 191, 188, 157, 215, 174, 143,
       27, 183, 21, 135, 102, 242, 226, 71, 95, 124, 171, 206, 220, 95,
       255, 189, 125, 123, 108, 117, 95, 95, 248, 81, 238, 252, 110, 123,
       125, 183, 176, 126, 248, 151, 238, 233, 179, 60, 191, 115, 205,
       165, 184, 127, 255, 126, 241, 130, 204, 26, 186, 93, 197, 159,
       228, 158, 6, 209, 19, 236, 207, 33, 65, 217, 123, 131, 195, 98,
       174, 26, 255, 241, 150, 154, 11, 20, 27, 53, 186, 15, 219, 253,
       91, 240, 95, 187, 184, 63, 125, 119, 229, 252, 124, 159, 109, 247,
       93, 183, 95, 215, 248, 127, 229, 78, 127, 117, 198, 222, 175, 13,
       253, 46, 55, 226, 192, 235, 127, 184, 67, 11, 239, 93, 191, 12,
       188, 87, 136, 191, 191, 147, 149, 148, 122, 212, 194, 31, 93, 159,
       239, 199, 79, 159, 215, 184, 63, 51, 43, 212, 175, 103, 115, 116,
       38, 109, 92, 179, 1, 32, 17, 124, 170, 2, 42, 248, 190, 112, 62,
       245, 132, 48, 32, 97, 203, 198, 232, 27, 21, 106, 252, 118, 242,
       253, 119, 21, 70, 94, 167, 121, 47, 182, 97, 126, 187, 151, 173,
       232, 146, 52, 205, 115, 111, 250, 129, 55, 244, 181, 249, 184,
       122, 126, 124, 107, 208, 89, 118, 177, 78, 244, 165, 63, 7, 163,
       21, 46, 177, 197, 194, 104, 143, 34, 239, 83, 195, 112, 137, 99,
       148, 46, 123, 185, 156, 107, 108, 116, 87, 95, 115, 85, 238, 124,
       78, 59, 61, 183, 49, 126, 248, 151, 172, 233, 190, 117, 159, 115,
       239, 165, 132, 127, 232, 114, 249, 58, 141, 98, 251, 247, 242,
       250, 103, 61, 5, 254, 147, 41, 223, 54, 196, 254, 187, 151, 145,
       190, 187, 33, 255, 183, 255, 138, 195, 55, 140, 252, 223, 86, 91,
       120, 200, 138, 145, 22, 205, 135, 4, 204, 162, 69, 199, 109, 64,
       126, 145, 235, 242, 74, 3, 175, 81, 179, 228, 7, 127, 49, 187,
       165, 39, 47, 187, 242, 218, 245, 181, 190, 216, 91, 73, 88, 239,
       172, 222, 255, 164, 255, 27, 151, 151, 151, 50, 170, 243, 62, 92,
       175, 239, 159, 223, 251, 215, 105, 172, 10, 132, 93, 175, 194,
       230, 128, 174, 188, 13, 162, 168, 22, 2, 201, 230, 75, 45, 60, 43,
       208, 47, 121, 31, 157, 121, 201, 44, 90, 218, 11, 217, 123, 203,
       114, 212, 251, 244, 173, 76, 94, 230, 189, 222, 246, 96, 102, 121,
       191, 223, 199, 153, 62, 245, 206, 109, 170, 192, 63, 135, 37, 253,
       239, 91, 127, 206, 111, 212, 127, 112, 193, 76, 253, 175, 121,
       221, 183, 243, 110, 176, 183, 238, 197, 35, 62, 253, 119, 105,
       224, 137, 127, 191, 126, 245, 29, 159, 238, 87, 178, 50, 127, 178,
       116, 207, 95, 231, 89, 98, 179, 239, 55, 110, 188, 254, 149, 208,
       173, 232, 110, 239, 239, 197, 175, 247, 169, 85, 246, 103, 238,
       44, 10, 67, 31, 248, 146, 166, 148, 171, 101, 239, 225, 19, 30,
       245, 237, 227, 104, 71, 142, 30, 248, 131, 237, 189, 53, 179, 38,
       3, 66, 184, 150, 23, 137, 126, 176, 143, 190, 183, 74, 17, 236,
       246, 74, 79, 161, 119, 233, 17, 54, 220, 219, 97, 13, 50, 95, 67,
       128, 117, 141, 79, 10, 156, 187, 223, 118, 231, 187, 214, 30, 75,
       92, 167, 188, 254, 53, 96, 255, 123, 151, 129, 179, 184, 48, 255,
       111, 63, 186, 130, 157, 91, 53, 251, 64, 33, 22, 12, 89, 199, 160,
       72, 142, 128, 192, 9, 196, 208, 97, 66, 208, 44, 106, 97, 6, 3,
       218, 29, 21, 32, 11, 63, 16, 42, 39, 130, 255, 250, 190, 116, 167,
       31, 148, 213, 251, 191, 182, 127, 78, 253, 126, 31, 167, 245, 245,
       21, 244, 103, 168, 192, 91, 91, 117, 247, 207, 60, 203, 87, 29,
       112, 250, 249, 39, 215, 249, 80, 87, 236, 119, 167, 219, 221, 179,
       168, 126, 56, 151, 157, 141, 244, 52, 136, 199, 203, 163, 129,
       127, 175, 116, 241, 199, 114, 159, 248, 106, 133, 57, 216, 142,
       184, 144, 100, 60, 215, 225, 106, 230, 125, 127, 208, 131, 71,
       162, 208, 217, 152, 43, 254, 152, 17, 33, 187, 118, 245, 146, 190,
       123, 71, 158, 232, 155, 172, 185, 43, 206, 254, 109, 16, 255, 241,
       207, 227, 104, 99, 90, 255, 185, 150, 79, 63, 80, 123, 39, 131,
       154, 223, 70, 159, 210, 146, 190, 246, 63, 39, 82, 231, 109, 238,
       175, 196, 119, 255, 175, 197, 228, 153, 12, 255, 54, 102, 191,
       131, 63, 214, 173, 221, 242, 120, 107, 173, 79, 77, 177, 70, 128,
       230, 192, 191, 36, 157, 65, 11, 108, 253, 251, 193, 105, 95, 247,
       226, 213, 32, 154, 187, 45, 28, 54, 250, 217, 142, 239, 225, 166,
