%YAML:1.0
---
descriptors: !!opencv-matrix
   rows: 215
   cols: 32
   dt: u
   data: [ 51, 31, 111, 231, 182, 166, 255, 55, 45, 192, 94, 199, 121,
       47, 150, 113, 126, 191, 53, 173, 221, 184, 181, 236, 226, 168,
       174, 128, 45, 226, 240, 89, 3, 145, 113, 200, 244, 149, 184, 119,
       15, 89, 125, 122, 188, 158, 244, 228, 238, 27, 23, 145, 147, 26,
       96, 213, 60, 28, 158, 234, 30, 140, 177, 189, 75, 158, 123, 101,
       114, 186, 123, 119, 37, 239, 94, 231, 249, 63, 146, 112, 39, 55,
       95, 172, 181, 152, 37, 206, 110, 111, 54, 128, 167, 230, 39, 249,
       25, 77, 107, 236, 222, 6, 239, 245, 196, 194, 208, 66, 241, 58,
       177, 98, 104, 231, 95, 239, 233, 187, 52, 175, 244, 239, 174, 136,
       53, 250, 240, 168, 174, 115, 98, 76, 27, 217, 91, 120, 207, 76,
       245, 173, 106, 204, 63, 52, 30, 185, 223, 70, 206, 39, 126, 221,
       115, 89, 1, 187, 119, 175, 78, 87, 0, 220, 123, 90, 83, 231, 179,
       246, 94, 77, 124, 2, 56, 247, 39, 100, 127, 58, 18, 136, 162, 188,
       48, 127, 103, 46, 18, 2, 211, 1, 101, 235, 31, 21, 228, 117, 163,
       62, 124, 23, 125, 247, 126, 181, 207, 45, 158, 255, 183, 151, 245,
       60, 180, 240, 117, 192, 198, 255, 116, 135, 231, 244, 206, 117,
       187, 86, 102, 101, 55, 18, 89, 48, 53, 206, 86, 166, 73, 111, 183,
       244, 126, 252, 181, 237, 237, 148, 53, 142, 114, 239, 225, 129,
       47, 180, 124, 93, 110, 23, 252, 252, 239, 123, 156, 15, 25, 247,
       188, 187, 204, 61, 30, 10, 143, 215, 247, 21, 180, 74, 247, 192,
       95, 127, 220, 255, 223, 252, 159, 211, 63, 29, 122, 234, 246, 247,
       123, 83, 141, 201, 223, 231, 125, 255, 187, 96, 126, 187, 31, 188,
       155, 179, 60, 254, 247, 253, 175, 136, 191, 255, 249, 241, 174,
       178, 163, 146, 127, 253, 179, 64, 158, 95, 209, 127, 168, 220,
       222, 140, 189, 27, 215, 23, 150, 118, 234, 243, 93, 85, 184, 251,
       199, 15, 215, 215, 57, 4, 99, 69, 87, 95, 227, 123, 85, 102, 246,
       10, 75, 41, 183, 180, 120, 132, 134, 168, 169, 178, 117, 142, 119,
       239, 193, 4, 119, 172, 124, 228, 151, 242, 219, 163, 244, 3, 238,
       221, 86, 123, 209, 246, 25, 139, 248, 104, 127, 203, 23, 222, 211,
       189, 13, 226, 252, 143, 190, 228, 189, 219, 241, 177, 154, 221,
       87, 254, 54, 194, 111, 247, 180, 2, 210, 226, 121, 247, 161, 97,
       103, 243, 190, 194, 97, 221, 38, 255, 240, 226, 254, 128, 61, 144,
       165, 57, 187, 191, 98, 47, 102, 153, 254, 119, 201, 76, 124, 231,
       41, 204, 182, 133, 110, 171, 151, 207, 196, 186, 166, 253, 118,
       121, 170, 168, 127, 142, 123, 221, 15, 179, 233, 179, 250, 169,
       185, 156, 143, 121, 29, 237, 188, 220, 222, 8, 134, 59, 151, 149,
       151, 24, 254, 241, 78, 93, 59, 234, 156, 135, 135, 211, 61, 223,
       232, 77, 124, 82, 79, 252, 83, 234, 252, 230, 91, 61, 151, 100,
       94, 204, 149, 238, 201, 178, 237, 154, 114, 111, 165, 132, 127,
       191, 122, 245, 25, 20, 111, 233, 180, 39, 105, 91, 84, 73, 222,
       214, 19, 47, 184, 104, 127, 140, 30, 188, 185, 187, 101, 206, 218,
       239, 178, 196, 189, 200, 240, 113, 74, 187, 26, 186, 249, 205,
       118, 246, 175, 93, 120, 45, 172, 159, 98, 208, 166, 59, 215, 80,
       87, 26, 130, 245, 255, 213, 62, 235, 26, 5, 175, 219, 195, 188,
       248, 243, 182, 184, 187, 150, 191, 19, 20, 182, 189, 251, 244, 99,
       39, 99, 63, 156, 179, 76, 190, 243, 238, 223, 190, 232, 140, 209,
       129, 41, 39, 175, 99, 74, 244, 151, 175, 249, 78, 72, 121, 98,
       120, 216, 189, 164, 94, 106, 22, 255, 215, 178, 44, 253, 44, 28,
       175, 236, 95, 175, 242, 229, 121, 203, 81, 101, 244, 8, 100, 55,
       96, 0, 106, 72, 183, 19, 144, 240, 114, 174, 20, 72, 203, 184,
       197, 15, 180, 237, 32, 0, 108, 128, 194, 40, 17, 23, 43, 171, 182,
       227, 169, 87, 60, 73, 91, 246, 245, 38, 184, 96, 118, 43, 22, 189,
       145, 152, 37, 94, 164, 175, 186, 192, 188, 74, 177, 249, 11, 167,
       245, 117, 126, 59, 232, 187, 111, 184, 122, 234, 253, 123, 156,
       183, 55, 255, 127, 188, 163, 216, 207, 221, 46, 251, 231, 228,
       111, 228, 75, 173, 161, 52, 227, 69, 246, 47, 239, 83, 81, 239,
       126, 190, 19, 53, 149, 60, 125, 156, 23, 188, 185, 182, 117, 202,
       86, 14, 177, 132, 239, 232, 242, 241, 62, 179, 168, 42, 191, 209,
       147, 204, 143, 93, 188, 173, 14, 252, 239, 32, 159, 91, 151, 81,
       150, 34, 58, 177, 107, 85, 45, 255, 215, 95, 247, 215, 103, 54,
       232, 8, 251, 49, 154, 202, 27, 255, 61, 175, 8, 236, 223, 60, 151,
       219, 183, 149, 150, 66, 238, 240, 30, 92, 143, 255, 221, 247, 143,
       215, 50, 217, 42, 158, 93, 201, 214, 224, 135, 76, 221, 43, 98,
       220, 55, 0, 216, 168, 147, 67, 78, 43, 90, 191, 115, 85, 129, 59,
       85, 63, 92, 223, 37, 151, 115, 75, 244, 199, 239, 121, 84, 76,
       125, 230, 80, 69, 188, 36, 126, 24, 18, 110, 241, 178, 45, 95,
       101, 12, 161, 228, 127, 170, 228, 241, 251, 83, 110, 236, 46, 18,
       95, 57, 81, 206, 246, 254, 91, 109, 183, 247, 126, 228, 189, 238,
       237, 167, 53, 142, 242, 235, 225, 152, 111, 190, 240, 113, 127,
       53, 224, 1, 235, 112, 24, 139, 59, 247, 60, 189, 72, 238, 223,
       191, 183, 207, 245, 52, 150, 82, 239, 192, 30, 121, 77, 239, 167,
       245, 142, 87, 138, 176, 146, 184, 65, 245, 176, 199, 191, 31, 100,
       17, 172, 218, 110, 201, 165, 27, 131, 17, 54, 124, 18, 209, 15,
       211, 26, 107, 210, 4, 173, 207, 154, 156, 63, 250, 155, 209, 17,
       103, 159, 87, 196, 18, 44, 183, 32, 97, 225, 187, 187, 128, 50,
       207, 50, 247, 219, 231, 218, 75, 51, 0, 165, 122, 111, 54, 248,
       66, 231, 123, 251, 218, 123, 254, 63, 191, 88, 61, 223, 190, 191,
       213, 247, 191, 133, 118, 173, 226, 94, 95, 245, 231, 239, 247, 94,
       247, 59, 209, 98, 76, 127, 215, 219, 120, 69, 204, 252, 174, 107,
       221, 182, 180, 92, 168, 151, 237, 205, 35, 54, 157, 123, 93, 161,
       191, 127, 174, 126, 247, 10, 156, 126, 157, 119, 247, 187, 198,
       31, 77, 86, 163, 172, 158, 55, 96, 239, 123, 183, 209, 166, 184,
       51, 255, 103, 127, 154, 131, 151, 13, 53, 223, 202, 31, 255, 252,
       106, 80, 252, 246, 185, 206, 116, 167, 61, 191, 183, 115, 238,
       247, 183, 229, 228, 91, 166, 233, 118, 123, 254, 139, 23, 244, 39,
       249, 61, 7, 104, 71, 254, 27, 79, 121, 81, 224, 255, 234, 115, 41,
       158, 52, 94, 238, 54, 238, 201, 178, 109, 190, 126, 207, 165, 176,
       119, 170, 216, 45, 23, 135, 99, 140, 222, 18, 206, 249, 87, 192,
       221, 198, 73, 236, 183, 229, 126, 206, 54, 239, 253, 11, 174, 223,
       58, 111, 239, 140, 63, 230, 120, 220, 10, 147, 226, 223, 99, 240,
       188, 103, 169, 75, 93, 231, 236, 174, 190, 230, 230, 127, 183,
       133, 197, 152, 166, 225, 6, 126, 218, 139, 15, 198, 173, 221, 45,
       246, 101, 67, 188, 59, 199, 156, 71, 127, 189, 108, 195, 72, 159,
       173, 25, 66, 198, 126, 255, 240, 109, 156, 46, 91, 165, 244, 255,
       223, 222, 245, 191, 118, 225, 67, 252, 63, 203, 216, 83, 253, 189,
       255, 91, 77, 223, 180, 31, 200, 213, 62, 187, 118, 125, 158, 110,
       93, 37, 244, 255, 255, 210, 245, 191, 134, 194, 183, 228, 57, 238,
       216, 55, 146, 83, 247, 99, 105, 219, 205, 127, 202, 167, 143, 254,
       244, 207, 227, 158, 71, 255, 164, 255, 253, 122, 149, 138, 248,
       50, 218, 75, 213, 185, 214, 159, 92, 84, 55, 172, 222, 102, 229,
       204, 59, 179, 209, 199, 78, 242, 245, 7, 81, 154, 235, 26, 5, 37,
       223, 62, 14, 162, 152, 71, 241, 187, 66, 149, 78, 220, 147, 8,
       206, 119, 204, 249, 185, 147, 131, 12, 151, 34, 194, 19, 69, 138,
       143, 151, 127, 61, 214, 153, 151, 127, 239, 182, 86, 127, 53, 100,
       77, 223, 182, 251, 119, 186, 97, 118, 146, 29, 172, 249, 152, 37,
       159, 235, 235, 190, 192, 54, 138, 245, 121, 14, 249, 249, 235,
       242, 73, 191, 220, 10, 253, 29, 171, 29, 253, 251, 32, 191, 91,
       151, 81, 151, 48, 188, 240, 127, 77, 45, 237, 245, 251, 151, 243,
       39, 51, 232, 129, 254, 35, 186, 200, 10, 253, 24, 239, 12, 236,
