%YAML:1.0
---
descriptors: !!opencv-matrix
   rows: 135
   cols: 32
   dt: u
   data: [ 10, 188, 178, 187, 241, 228, 184, 167, 63, 79, 74, 17, 172,
       190, 34, 64, 247, 59, 179, 145, 54, 220, 146, 247, 207, 118, 30,
       67, 128, 68, 165, 219, 70, 177, 173, 130, 142, 69, 143, 137, 138,
       245, 157, 175, 212, 237, 91, 74, 93, 215, 251, 247, 147, 65, 255,
       208, 185, 23, 207, 254, 148, 255, 149, 112, 184, 229, 82, 232, 21,
       211, 82, 120, 23, 5, 249, 3, 11, 221, 44, 212, 248, 156, 140, 240,
       106, 167, 1, 159, 187, 221, 129, 87, 99, 142, 118, 134, 8, 157,
       18, 187, 213, 207, 52, 167, 22, 5, 74, 19, 173, 63, 32, 192, 241,
       59, 131, 1, 118, 152, 17, 191, 237, 231, 158, 65, 50, 12, 157,
       138, 113, 163, 152, 170, 184, 141, 82, 205, 175, 29, 180, 45, 167,
       195, 74, 16, 162, 139, 76, 85, 30, 11, 74, 49, 250, 213, 36, 253,
       184, 2, 139, 11, 41, 143, 34, 159, 213, 157, 230, 231, 95, 76,
       124, 6, 170, 232, 55, 196, 217, 106, 2, 29, 182, 184, 122, 255,
       47, 255, 22, 72, 210, 78, 248, 204, 38, 126, 240, 146, 239, 97,
       189, 206, 27, 238, 84, 167, 140, 223, 103, 12, 239, 123, 147, 211,
       196, 118, 138, 242, 78, 23, 223, 175, 215, 125, 63, 223, 46, 249,
       160, 158, 239, 113, 188, 207, 155, 255, 28, 43, 140, 252, 119,
       142, 143, 127, 179, 209, 148, 122, 186, 242, 63, 87, 223, 175,
       151, 127, 159, 223, 130, 184, 179, 219, 119, 253, 177, 67, 31, 79,
       85, 50, 172, 158, 36, 108, 239, 59, 179, 17, 54, 188, 50, 247, 13,
       22, 26, 67, 144, 12, 165, 255, 58, 185, 162, 190, 47, 87, 151,
       234, 159, 110, 156, 175, 44, 252, 39, 132, 221, 83, 223, 227, 206,
       43, 58, 255, 211, 87, 223, 191, 87, 126, 61, 255, 93, 93, 58, 238,
       176, 228, 95, 254, 186, 77, 92, 4, 255, 255, 43, 112, 214, 123,
       21, 66, 151, 3, 186, 127, 243, 253, 46, 137, 144, 211, 173, 89,
       35, 59, 51, 220, 122, 244, 186, 240, 137, 200, 120, 228, 60, 222,
       229, 180, 206, 123, 150, 225, 135, 3, 166, 253, 50, 88, 171, 170,
       29, 7, 35, 189, 133, 222, 79, 179, 180, 139, 239, 180, 124, 233,
       82, 246, 213, 96, 144, 96, 55, 108, 30, 127, 241, 188, 13, 46,
       172, 46, 47, 192, 237, 155, 209, 49, 34, 149, 178, 211, 213, 253,
       240, 199, 127, 29, 123, 17, 136, 188, 126, 200, 217, 155, 131, 17,
       150, 186, 48, 245, 31, 95, 150, 111, 210, 76, 245, 214, 58, 241,
       32, 90, 221, 213, 146, 237, 7, 13, 189, 11, 106, 221, 126, 128,
       220, 187, 147, 209, 94, 43, 90, 245, 59, 92, 133, 123, 83, 30,
       222, 222, 11, 189, 96, 171, 247, 213, 187, 119, 95, 77, 92, 135,
       188, 142, 190, 228, 254, 155, 151, 149, 151, 184, 52, 247, 124,
       93, 186, 224, 31, 6, 181, 223, 11, 151, 115, 233, 54, 179, 184,
       115, 125, 65, 95, 246, 237, 255, 162, 228, 126, 59, 151, 145, 151,
       184, 36, 223, 46, 223, 186, 194, 255, 194, 169, 149, 159, 34, 243,
       241, 70, 34, 233, 81, 63, 177, 119, 242, 29, 139, 217, 45, 127,
       141, 55, 157, 147, 244, 165, 192, 84, 201, 251, 196, 175, 129, 35,
       161, 24, 141, 17, 253, 145, 222, 118, 183, 53, 1, 78, 17, 175, 51,
       32, 196, 81, 126, 133, 8, 126, 152, 81, 191, 235, 247, 22, 65, 50,
       196, 172, 138, 2, 153, 162, 184, 111, 197, 184, 71, 159, 83, 80,
       179, 172, 159, 116, 77, 238, 59, 179, 129, 130, 95, 18, 241, 21,
       50, 218, 235, 21, 12, 189, 219, 154, 153, 118, 255, 183, 220, 124,
       53, 45, 13, 118, 179, 175, 31, 36, 85, 230, 147, 151, 4, 246, 184,
       1, 255, 239, 251, 186, 195, 54, 140, 229, 91, 119, 71, 111, 132,
       246, 22, 239, 112, 233, 206, 91, 199, 89, 236, 191, 51, 126, 229,
       55, 239, 229, 211, 172, 204, 118, 42, 239, 140, 45, 183, 114, 213,
       19, 94, 203, 155, 118, 139, 175, 214, 30, 67, 90, 230, 245, 198,
       181, 96, 119, 107, 23, 159, 163, 156, 61, 127, 36, 46, 175, 128,
       189, 219, 33, 253, 32, 141, 170, 159, 253, 221, 231, 231, 95, 77,
       124, 17, 166, 248, 54, 68, 201, 106, 2, 29, 54, 184, 122, 191, 47,
       126, 22, 75, 210, 12, 245, 206, 10, 175, 34, 154, 119, 221, 188,
       103, 191, 77, 88, 17, 172, 174, 54, 132, 165, 59, 147, 5, 246,
       184, 50, 247, 47, 54, 26, 227, 82, 4, 159, 223, 209, 235, 24, 170,
       56, 141, 82, 220, 170, 24, 160, 77, 183, 194, 66, 80, 132, 137,
       76, 86, 206, 11, 154, 53, 248, 193, 38, 121, 24, 2, 11, 11, 118,
       169, 137, 162, 154, 64, 79, 200, 2, 160, 137, 138, 85, 254, 89,
       114, 218, 221, 125, 243, 26, 3, 235, 176, 249, 197, 175, 252, 164,
       51, 52, 98, 166, 239, 188, 215, 205, 107, 148, 239, 154, 182, 176,
       27, 228, 105, 69, 11, 137, 119, 227, 99, 96, 111, 90, 234, 41,
       146, 95, 51, 213, 120, 215, 170, 63, 91, 66, 142, 86, 150, 110,
       240, 133, 72, 255, 231, 105, 194, 183, 196, 126, 232, 22, 238,
       205, 147, 28, 239, 50, 44, 170, 136, 63, 191, 120, 149, 14, 123,
       176, 151, 231, 241, 191, 199, 31, 238, 92, 167, 172, 254, 103,
       140, 191, 123, 147, 147, 192, 112, 170, 234, 47, 86, 159, 171,
       151, 127, 165, 255, 85, 163, 136, 35, 152, 156, 72, 157, 234, 245,
       131, 77, 135, 200, 90, 82, 132, 199, 104, 85, 159, 73, 223, 1,
       200, 229, 15, 93, 136, 2, 155, 80, 6, 96, 176, 155, 85, 245, 178,
       200, 31, 39, 81, 19, 140, 222, 111, 204, 217, 25, 147, 17, 6, 148,
       88, 210, 15, 22, 155, 103, 150, 13, 61, 198, 40, 75, 115, 205,
       116, 139, 235, 119, 69, 4, 126, 226, 41, 129, 180, 116, 122, 170,
       6, 200, 194, 186, 36, 237, 54, 60, 128, 128, 103, 138, 116, 173,
       119, 186, 173, 183, 140, 30, 76, 172, 138, 247, 130, 141, 227,
       108, 86, 2, 133, 231, 121, 85, 141, 73, 255, 40, 203, 3, 223, 117,
       132, 46, 95, 88, 25, 73, 110, 225, 20, 87, 251, 116, 68, 100, 254,
       2, 27, 25, 177, 32, 122, 152, 151, 232, 200, 184, 101, 156, 119,
       205, 162, 133, 119, 186, 124, 232, 46, 34, 170, 153, 87, 241, 184,
       74, 31, 7, 93, 179, 140, 206, 127, 8, 255, 57, 147, 149, 22, 182,
       66, 210, 79, 87, 155, 235, 151, 77, 61, 214, 116, 103, 136, 39,
       32, 11, 103, 48, 52, 174, 239, 173, 199, 99, 139, 16, 18, 196,
       109, 110, 104, 212, 193, 42, 228, 199, 37, 177, 32, 243, 86, 67,
       51, 95, 99, 78, 113, 246, 154, 86, 141, 72, 248, 231, 32, 158,
       165, 244, 220, 187, 151, 229, 141, 139, 32, 238, 50, 125, 170,
       155, 95, 95, 126, 221, 214, 247, 169, 166, 136, 68, 95, 184, 18,
       244, 137, 141, 215, 110, 91, 2, 213, 197, 125, 247, 252, 66, 255,
       18, 233, 195, 239, 252, 148, 115, 23, 82, 131, 59, 74, 190, 62,
       129, 186, 112, 172, 200, 24, 231, 181, 202, 179, 0, 166, 99, 95,
       231, 196, 9, 6, 253, 160, 24, 43, 168, 28, 171, 33, 153, 181, 95,
       71, 71, 148, 62, 230, 247, 116, 226, 251, 86, 83, 32, 149, 237,
       121, 206, 6, 238, 249, 254, 125, 46, 53, 170, 100, 0, 105, 249,
       224, 180, 177, 197, 91, 233, 86, 131, 235, 112, 93, 0, 243, 70,
       27, 11, 180, 65, 122, 137, 6, 235, 105, 190, 69, 223, 244, 136,
       170, 64, 125, 138, 112, 160, 25, 159, 122, 237, 118, 170, 123,
       115, 61, 73, 95, 231, 121, 175, 178, 96, 118, 175, 31, 140, 145,
       185, 37, 223, 222, 239, 34, 192, 63, 138, 113, 241, 46, 48, 240,
       203, 253, 253, 240, 11, 95, 143, 125, 25, 136, 253, 95, 56, 221,
       27, 211, 17, 146, 50, 250, 194, 79, 93, 17, 127, 215, 207, 86,
       179, 47, 177, 225, 66, 253, 117, 223, 221, 75, 121, 61, 12, 8,
       156, 94, 188, 157, 203, 151, 157, 151, 50, 248, 241, 63, 93, 149,
       238, 207, 87, 218, 247, 66, 160, 177, 208, 107, 241, 184, 67, 170,
       55, 0, 57, 140, 150, 76, 159, 167, 27, 235, 145, 18, 79, 162, 209,
       31, 16, 90, 111, 146, 4, 39, 231, 218, 1, 231, 237, 38, 18, 108,
       48, 37, 2, 215, 194, 105, 47, 181, 238, 126, 229, 61, 238, 201,
       148, 37, 200, 214, 235, 234, 128, 39, 246, 120, 8, 18, 156, 191,
       249, 178, 231, 189, 231, 190, 95, 86, 49, 252, 254, 38, 105, 231,
       51, 63, 20, 54, 205, 35, 247, 203, 247, 126, 195, 144, 64, 165,
