%YAML:1.0
---
descriptors: !!opencv-matrix
   rows: 131
   cols: 32
   dt: u
   data: [ 118, 241, 169, 162, 158, 69, 159, 137, 138, 241, 153, 171,
       213, 236, 91, 66, 95, 215, 253, 247, 159, 67, 255, 241, 249, 4,
       175, 254, 148, 127, 149, 114, 108, 103, 8, 229, 52, 14, 86, 152,
       113, 132, 230, 77, 195, 65, 11, 80, 216, 204, 76, 98, 108, 178,
       217, 10, 230, 241, 37, 17, 104, 187, 90, 2, 50, 105, 66, 160, 197,
       157, 250, 71, 61, 168, 122, 10, 10, 138, 101, 148, 248, 169, 134,
       210, 78, 26, 144, 214, 189, 220, 138, 107, 53, 12, 123, 140, 10,
       153, 32, 157, 109, 221, 184, 103, 27, 125, 80, 191, 172, 190, 22,
       1, 166, 59, 179, 133, 182, 24, 146, 223, 7, 54, 90, 171, 22, 12,
       159, 223, 152, 181, 26, 252, 99, 205, 84, 71, 185, 31, 236, 57,
       47, 159, 32, 145, 162, 187, 213, 0, 126, 15, 18, 131, 243, 209,
       16, 43, 114, 68, 174, 91, 55, 137, 107, 234, 212, 151, 207, 249,
       197, 232, 221, 2, 81, 202, 181, 116, 120, 236, 23, 255, 217, 147,
       60, 156, 121, 205, 175, 196, 53, 171, 112, 164, 23, 90, 202, 191,
       114, 162, 170, 114, 60, 136, 82, 231, 229, 202, 179, 64, 118, 107,
       23, 215, 164, 156, 5, 110, 36, 38, 186, 128, 173, 145, 41, 153,
       22, 19, 74, 165, 50, 2, 186, 120, 12, 228, 95, 231, 93, 47, 171,
       64, 54, 213, 183, 231, 129, 144, 29, 204, 246, 37, 171, 132, 45,
       183, 41, 209, 177, 198, 78, 172, 20, 134, 79, 112, 21, 10, 243,
       102, 115, 3, 160, 81, 120, 136, 6, 234, 105, 191, 1, 221, 240,
       162, 234, 0, 57, 10, 112, 136, 177, 135, 75, 136, 86, 131, 194,
       96, 84, 72, 241, 70, 19, 10, 160, 97, 120, 136, 6, 252, 123, 187,
       69, 223, 240, 133, 162, 64, 61, 10, 112, 128, 103, 71, 111, 6,
       246, 18, 238, 112, 233, 230, 123, 231, 89, 108, 191, 51, 126, 229,
       247, 239, 229, 211, 172, 204, 62, 46, 239, 140, 47, 183, 242, 213,
       122, 57, 182, 172, 137, 213, 20, 205, 143, 157, 132, 9, 174, 254,
       103, 214, 200, 241, 233, 81, 30, 11, 178, 177, 155, 241, 143, 59,
       146, 62, 172, 94, 40, 75, 114, 197, 116, 138, 107, 114, 69, 172,
       126, 42, 51, 1, 177, 84, 122, 236, 6, 232, 72, 186, 100, 140, 118,
       172, 32, 128, 103, 170, 96, 169, 244, 168, 136, 160, 220, 137,
       194, 200, 118, 177, 160, 26, 2, 128, 72, 24, 249, 204, 106, 81,
       62, 127, 201, 50, 157, 4, 7, 125, 217, 9, 242, 130, 172, 37, 117,
       87, 244, 79, 239, 248, 113, 188, 117, 88, 211, 119, 141, 53, 26,
       92, 86, 106, 161, 244, 105, 46, 109, 152, 101, 4, 67, 185, 70,
       161, 153, 145, 110, 195, 182, 222, 121, 55, 108, 109, 95, 178,
       189, 63, 154, 97, 102, 147, 159, 140, 147, 152, 37, 221, 239, 233,
       186, 192, 39, 132, 165, 121, 124, 117, 249, 101, 180, 79, 71, 187,
       96, 168, 254, 72, 83, 49, 193, 48, 88, 220, 108, 104, 201, 178,
       241, 14, 251, 237, 37, 52, 97, 250, 70, 40, 60, 57, 122, 238, 92,
       215, 82, 88, 197, 136, 253, 10, 115, 217, 49, 144, 88, 232, 134,
       122, 137, 163, 122, 172, 123, 205, 165, 57, 127, 187, 120, 130,
       33, 141, 59, 155, 221, 205, 226, 231, 94, 73, 120, 18, 182, 249,
       48, 96, 201, 42, 2, 29, 51, 184, 26, 255, 109, 190, 22, 106, 208,
       8, 241, 170, 118, 225, 137, 162, 154, 64, 79, 200, 2, 176, 137,
       139, 85, 255, 89, 114, 87, 221, 29, 247, 90, 67, 218, 176, 249,
       133, 175, 252, 180, 51, 180, 98, 120, 65, 122, 108, 84, 82, 86,
       88, 65, 132, 255, 11, 123, 249, 53, 80, 120, 252, 167, 106, 200,
       179, 160, 156, 115, 237, 160, 25, 119, 187, 116, 138, 51, 89, 99,
       140, 84, 150, 238, 112, 69, 72, 249, 198, 49, 194, 183, 244, 124,
       232, 22, 238, 205, 147, 52, 237, 50, 44, 162, 136, 63, 191, 120,
       244, 88, 157, 26, 252, 189, 212, 20, 103, 134, 9, 206, 2, 191,
       191, 32, 224, 196, 51, 189, 1, 26, 9, 18, 181, 243, 245, 154, 91,
       16, 8, 173, 11, 113, 34, 12, 36, 24, 15, 80, 22, 34, 253, 162,
       141, 135, 0, 66, 18, 132, 196, 108, 4, 140, 218, 209, 29, 210,
       227, 113, 49, 8, 8, 26, 90, 18, 141, 23, 191, 21, 199, 86, 167,
       21, 5, 202, 3, 239, 127, 32, 69, 208, 243, 157, 65, 126, 153, 17,
       191, 161, 246, 154, 83, 50, 12, 165, 14, 87, 49, 172, 167, 156,
       45, 153, 10, 134, 245, 139, 141, 215, 108, 90, 74, 133, 199, 121,
       149, 159, 65, 255, 0, 201, 103, 159, 125, 140, 107, 149, 80, 222,
       16, 191, 180, 139, 96, 25, 3, 186, 247, 135, 179, 140, 191, 66,
       75, 199, 119, 249, 145, 48, 69, 147, 194, 203, 247, 223, 95, 130,
       101, 165, 114, 10, 188, 154, 187, 113, 239, 176, 167, 30, 15, 74,
       17, 172, 190, 32, 64, 245, 59, 179, 17, 54, 156, 81, 247, 15, 119,
       30, 67, 144, 72, 165, 219, 5, 17, 188, 69, 172, 126, 247, 25, 207,
       173, 63, 0, 210, 125, 223, 110, 0, 86, 126, 8, 145, 161, 123, 192,
       79, 191, 97, 20, 210, 251, 85, 33, 181, 95, 71, 71, 148, 62, 230,
       247, 116, 227, 251, 86, 83, 40, 189, 224, 121, 198, 6, 238, 253,
       180, 125, 46, 52, 174, 54, 0, 233, 251, 248, 180, 243, 172, 172,
       183, 140, 30, 76, 175, 210, 247, 134, 157, 211, 108, 82, 43, 197,
       198, 121, 29, 173, 77, 255, 32, 139, 91, 221, 53, 140, 124, 216,
       92, 27, 81, 109, 133, 54, 18, 185, 56, 12, 116, 87, 231, 221, 14,
       186, 99, 102, 21, 63, 239, 193, 208, 101, 204, 228, 41, 234, 132,
       36, 166, 17, 113, 48, 123, 97, 76, 86, 203, 199, 124, 67, 228,
       252, 238, 35, 69, 133, 180, 124, 252, 198, 104, 201, 186, 100, 60,
       63, 132, 37, 180, 119, 186, 86, 249, 2, 153, 154, 153, 77, 148,
       184, 71, 142, 85, 68, 7, 172, 150, 98, 72, 232, 43, 163, 144, 82,
       216, 146, 209, 7, 49, 218, 107, 24, 12, 45, 218, 151, 114, 233, 3,
       98, 17, 171, 216, 59, 254, 21, 255, 89, 206, 223, 44, 63, 205, 55,
       255, 135, 86, 175, 226, 22, 15, 235, 172, 237, 183, 83, 245, 210,
       88, 22, 189, 34, 142, 60, 100, 188, 150, 146, 179, 173, 147, 35,
       75, 230, 117, 253, 103, 100, 205, 2, 237, 144, 242, 90, 146, 4,
       53, 33, 11, 0, 189, 187, 73, 244, 205, 251, 215, 238, 13, 126, 96,
       180, 247, 228, 112, 182, 59, 126, 88, 19, 184, 178, 117, 111, 188,
       38, 232, 192, 130, 231, 249, 58, 17, 115, 236, 29, 86, 91, 96, 13,
       204, 254, 3, 75, 159, 52, 212, 250, 181, 159, 227, 72, 179, 48,
       204, 179, 249, 138, 19, 55, 174, 116, 114, 32, 75, 115, 69, 116,
       155, 235, 119, 109, 132, 126, 98, 33, 1, 180, 228, 122, 172, 6,
       200, 200, 184, 36, 237, 38, 188, 162, 0, 103, 138, 118, 173, 57,
       133, 106, 237, 214, 211, 235, 121, 69, 4, 254, 2, 91, 157, 50, 96,
       122, 174, 23, 238, 216, 187, 37, 157, 115, 237, 162, 69, 119, 138,
       116, 224, 26, 153, 238, 189, 119, 146, 248, 71, 63, 77, 94, 183,
       44, 158, 54, 192, 238, 191, 191, 149, 150, 153, 5, 253, 126, 127,
       154, 195, 39, 4, 253, 223, 60, 133, 158, 232, 148, 34, 71, 253,
       84, 171, 255, 18, 83, 243, 40, 97, 121, 212, 46, 58, 56, 179, 9,
       142, 249, 239, 166, 85, 161, 91, 244, 35, 80, 156, 186, 189, 179,
       228, 49, 151, 191, 93, 90, 7, 188, 255, 34, 72, 247, 59, 191, 145,
       22, 216, 179, 245, 207, 247, 62, 203, 176, 64, 165, 91, 58, 243,
       106, 234, 127, 211, 223, 253, 133, 76, 245, 175, 75, 205, 190, 52,
       126, 185, 215, 231, 204, 35, 44, 157, 115, 217, 164, 189, 119,
       190, 254, 211, 194, 250, 148, 152, 185, 137, 16, 175, 171, 61,
       136, 125, 166, 178, 64, 158, 129, 87, 237, 17, 26, 79, 202, 243,
       184, 144, 31, 127, 152, 20, 143, 31, 131, 188, 178, 217, 205, 181,
       184, 207, 159, 87, 68, 23, 172, 158, 118, 77, 229, 43, 179, 28,
       54, 94, 50, 243, 79, 94, 222, 106, 154, 76, 169, 222, 28, 105,
       149, 181, 141, 111, 134, 230, 134, 178, 138, 3, 247, 225, 65, 10,
       201, 98, 106, 82, 72, 97, 91, 40, 233, 199, 79, 48, 208, 123, 5,
       138, 28, 159, 214, 225, 180, 34, 102, 242, 164, 41, 250, 102, 67,
       161, 160, 193, 121, 214, 46, 242, 24, 249, 1, 172, 248, 231, 167,
       197, 173, 249, 244, 19, 56, 7, 107, 200, 84, 211, 235, 96, 68, 4,
