%YAML:1.0
---
descriptors: !!opencv-matrix
   rows: 206
   cols: 32
   dt: u
   data: [ 139, 212, 126, 254, 45, 22, 252, 125, 253, 90, 215, 179, 237,
       127, 190, 103, 255, 147, 191, 175, 228, 237, 39, 237, 247, 251,
       250, 131, 23, 156, 245, 255, 47, 60, 240, 225, 247, 63, 250, 218,
       95, 232, 252, 171, 155, 29, 215, 180, 255, 221, 151, 221, 158,
       186, 117, 250, 94, 221, 167, 230, 255, 253, 90, 247, 127, 29, 126,
       228, 126, 54, 122, 80, 237, 192, 191, 171, 95, 255, 183, 119, 238,
       245, 223, 239, 140, 163, 52, 232, 211, 249, 170, 147, 167, 255,
       105, 87, 27, 28, 107, 252, 98, 50, 239, 115, 53, 74, 222, 230,
       121, 111, 179, 105, 126, 191, 151, 175, 233, 146, 36, 205, 114,
       235, 250, 128, 63, 244, 33, 249, 56, 177, 121, 104, 210, 193, 87,
       253, 34, 13, 252, 32, 51, 215, 40, 48, 90, 154, 5, 200, 90, 138,
       112, 53, 123, 237, 32, 109, 115, 130, 230, 235, 175, 97, 192, 181,
       205, 29, 236, 205, 71, 240, 96, 207, 131, 200, 87, 143, 88, 232,
       50, 95, 77, 114, 222, 128, 4, 88, 197, 44, 111, 190, 218, 156,
       144, 139, 124, 185, 50, 203, 49, 7, 62, 29, 84, 179, 181, 135,
       162, 73, 38, 59, 143, 17, 50, 152, 35, 21, 204, 195, 58, 241, 52,
       128, 133, 235, 242, 205, 123, 94, 93, 197, 215, 228, 193, 140,
       176, 11, 98, 216, 53, 17, 200, 240, 77, 99, 104, 47, 106, 191, 49,
       48, 133, 59, 81, 59, 246, 110, 39, 179, 176, 203, 245, 181, 186,
       221, 31, 73, 89, 231, 172, 222, 254, 4, 255, 59, 151, 145, 151,
       58, 42, 243, 15, 28, 174, 234, 158, 15, 185, 223, 45, 53, 255,
       117, 228, 46, 117, 49, 113, 235, 119, 92, 87, 57, 16, 57, 157, 46,
       21, 44, 185, 240, 112, 8, 207, 223, 117, 0, 234, 232, 210, 243,
       79, 150, 212, 206, 235, 48, 94, 156, 171, 159, 159, 228, 204, 103,
       205, 254, 87, 214, 236, 186, 155, 65, 239, 224, 158, 118, 215,
       254, 174, 247, 168, 53, 235, 82, 102, 22, 111, 84, 188, 96, 233,
       222, 247, 191, 104, 220, 158, 191, 174, 229, 247, 167, 228, 103,
       182, 201, 23, 123, 202, 139, 71, 36, 127, 223, 59, 90, 239, 245,
       52, 190, 91, 150, 121, 238, 118, 111, 251, 61, 151, 47, 142, 244,
       53, 77, 169, 248, 101, 170, 194, 255, 244, 128, 239, 253, 80, 125,
       142, 122, 186, 155, 229, 213, 189, 196, 159, 158, 84, 51, 172,
       222, 103, 79, 238, 121, 179, 211, 230, 244, 34, 224, 215, 81, 222,
       171, 150, 61, 189, 207, 203, 151, 117, 251, 246, 188, 237, 53,
       237, 73, 223, 246, 255, 127, 154, 112, 102, 163, 127, 141, 179,
       40, 101, 215, 254, 253, 186, 200, 30, 142, 165, 113, 57, 151, 111,
       236, 182, 6, 111, 119, 117, 73, 254, 230, 115, 45, 176, 96, 126,
       150, 63, 236, 249, 187, 37, 143, 242, 239, 162, 192, 63, 136, 240,
       121, 198, 158, 75, 187, 210, 160, 185, 211, 60, 15, 83, 247, 13,
       166, 102, 88, 103, 159, 163, 144, 50, 158, 133, 247, 92, 38, 186,
       193, 133, 69, 167, 241, 2, 132, 82, 153, 23, 235, 184, 67, 127, 5,
       123, 147, 140, 218, 40, 64, 255, 57, 151, 145, 18, 184, 0, 215,
       142, 87, 26, 195, 181, 134, 161, 135, 6, 126, 250, 147, 247, 227,
       155, 196, 14, 238, 25, 167, 12, 204, 119, 8, 255, 121, 147, 151,
       6, 182, 12, 250, 104, 20, 143, 171, 149, 127, 53, 219, 38, 124,
       161, 147, 207, 99, 158, 198, 30, 238, 25, 35, 140, 252, 119, 8,
       221, 123, 147, 147, 2, 82, 154, 250, 45, 22, 159, 191, 148, 127,
       55, 255, 53, 67, 203, 232, 244, 131, 206, 93, 214, 193, 249, 214,
       83, 195, 185, 96, 88, 168, 22, 188, 219, 179, 4, 138, 112, 204,
       166, 136, 253, 186, 240, 176, 3, 140, 7, 157, 114, 130, 169, 55,
       188, 194, 82, 199, 188, 38, 176, 233, 102, 39, 59, 141, 245, 220,
       53, 76, 4, 34, 250, 192, 12, 4, 33, 253, 32, 133, 83, 233, 212,
       227, 128, 111, 22, 33, 121, 211, 145, 171, 32, 192, 89, 58, 19,
       176, 26, 186, 64, 159, 45, 182, 154, 64, 149, 74, 240, 128, 184,
       79, 91, 228, 54, 10, 79, 116, 36, 172, 250, 111, 83, 3, 49, 80,
       122, 228, 4, 106, 104, 177, 1, 14, 240, 237, 36, 16, 101, 187,
       102, 41, 49, 221, 107, 222, 62, 193, 207, 246, 132, 64, 220, 230,
       49, 141, 177, 96, 110, 234, 31, 204, 203, 171, 38, 191, 178, 173,
       178, 136, 53, 152, 116, 121, 92, 93, 26, 174, 188, 180, 95, 250,
       174, 12, 88, 32, 255, 251, 43, 192, 214, 123, 141, 67, 66, 1, 138,
       255, 241, 245, 46, 137, 144, 243, 45, 11, 176, 78, 67, 236, 30,
       130, 110, 112, 213, 0, 218, 194, 123, 203, 176, 224, 126, 168, 31,
       239, 232, 175, 4, 223, 178, 236, 170, 136, 55, 138, 112, 41, 187,
       213, 112, 235, 127, 157, 218, 252, 95, 121, 189, 171, 239, 93,
       190, 53, 254, 155, 151, 237, 238, 42, 127, 253, 255, 217, 171,
       255, 127, 142, 88, 223, 59, 146, 233, 92, 119, 86, 249, 121, 95,
       76, 84, 166, 104, 124, 182, 165, 254, 145, 151, 173, 167, 42, 52,
       221, 31, 127, 243, 207, 95, 172, 124, 255, 171, 60, 116, 241, 247,
       187, 248, 214, 95, 232, 254, 171, 159, 29, 215, 173, 239, 187,
       151, 221, 180, 248, 117, 254, 110, 217, 191, 227, 255, 205, 89,
       223, 195, 153, 126, 248, 236, 140, 252, 179, 253, 91, 215, 51,
       156, 255, 190, 107, 231, 147, 255, 133, 246, 47, 66, 213, 223,
       122, 218, 206, 30, 132, 169, 83, 26, 159, 126, 251, 246, 147, 254,
       247, 93, 5, 95, 179, 109, 95, 182, 64, 255, 187, 151, 147, 242,
       184, 45, 255, 246, 223, 154, 195, 55, 142, 253, 223, 35, 158, 105,
       93, 118, 223, 239, 246, 117, 106, 124, 230, 57, 45, 183, 49, 63,
       234, 23, 172, 225, 186, 37, 95, 38, 79, 165, 132, 127, 240, 82,
       253, 248, 250, 126, 252, 43, 193, 88, 124, 177, 30, 244, 185, 47,
       207, 34, 17, 206, 177, 205, 224, 106, 71, 66, 191, 211, 193, 96,
       155, 50, 132, 46, 91, 11, 217, 127, 235, 114, 212, 251, 176, 175,
       77, 95, 230, 189, 207, 182, 96, 102, 57, 63, 223, 195, 153, 62,
       245, 206, 105, 170, 192, 63, 134, 33, 249, 107, 45, 10, 132, 93,
       45, 202, 98, 128, 238, 172, 15, 34, 168, 114, 2, 200, 230, 75,
       175, 92, 43, 208, 174, 122, 13, 141, 57, 73, 108, 90, 218, 58,
       150, 231, 236, 127, 87, 217, 123, 31, 238, 180, 175, 46, 189, 246,
       231, 255, 149, 191, 37, 173, 111, 49, 222, 219, 95, 211, 191, 247,
       172, 124, 95, 87, 9, 238, 69, 134, 114, 110, 0, 101, 198, 102,
       135, 91, 46, 151, 127, 114, 196, 60, 238, 157, 208, 181, 232, 210,
       235, 196, 1, 47, 245, 104, 68, 139, 123, 99, 140, 110, 0, 175, 80,
       200, 200, 216, 231, 188, 140, 181, 166, 110, 105, 95, 239, 193,
       167, 134, 232, 84, 24, 170, 168, 77, 63, 51, 253, 129, 242, 107,
       65, 116, 141, 233, 182, 110, 105, 86, 68, 145, 149, 220, 36, 84,
       12, 55, 93, 195, 188, 229, 21, 109, 24, 182, 228, 76, 152, 209,
       249, 24, 132, 18, 185, 87, 239, 242, 99, 60, 1, 91, 19, 45, 251,
       32, 64, 114, 59, 3, 144, 18, 184, 16, 223, 77, 231, 18, 65, 183,
       10, 37, 130, 7, 90, 79, 201, 42, 147, 170, 208, 174, 88, 214, 230,
       192, 198, 247, 236, 102, 108, 62, 222, 135, 145, 47, 245, 6, 58,
       171, 134, 156, 151, 57, 245, 150, 122, 156, 90, 41, 157, 18, 216,
       151, 156, 117, 229, 238, 195, 227, 77, 199, 120, 174, 82, 206, 69,
       10, 177, 130, 211, 37, 187, 26, 159, 13, 159, 2, 132, 18, 171, 19,
       163, 186, 99, 60, 1, 91, 146, 205, 202, 56, 192, 127, 59, 147,
       177, 18, 153, 20, 223, 141, 134, 154, 69, 181, 2, 161, 128, 79,
       243, 241, 64, 234, 25, 254, 159, 171, 253, 60, 237, 8, 46, 223,
       190, 167, 215, 245, 244, 151, 65, 172, 192, 62, 93, 109, 254, 207,
       247, 207, 117, 49, 48, 187, 245, 244, 79, 117, 119, 121, 233, 114,
       12, 87, 57, 40, 56, 180, 189, 20, 56, 153, 248, 48, 8, 235, 223,
       117, 68, 200, 248, 194, 243, 91, 27, 165, 165, 175, 94, 189, 183,
       135, 238, 158, 239, 207, 37, 211, 174, 39, 117, 253, 45, 193, 249,
       181, 200, 238, 118, 93, 150, 174, 252, 29, 125, 7, 180, 99, 131,
       215, 229, 170, 203, 30, 113, 89, 151, 24, 222, 126, 32, 255, 155,
