%YAML:1.0
---
descriptors: !!opencv-matrix
   rows: 203
   cols: 32
   dt: u
   data: [ 11, 191, 247, 217, 244, 184, 105, 151, 255, 89, 94, 246, 189,
       231, 242, 228, 103, 42, 46, 156, 151, 216, 231, 245, 14, 254, 190,
       192, 190, 196, 169, 253, 61, 149, 107, 199, 246, 86, 239, 248,
       100, 76, 223, 34, 89, 127, 190, 96, 126, 204, 23, 234, 217, 179,
       61, 207, 123, 237, 167, 196, 39, 187, 244, 241, 10, 188, 235, 185,
       247, 225, 185, 199, 158, 87, 92, 179, 172, 255, 118, 136, 239, 59,
       179, 145, 19, 218, 50, 243, 77, 87, 158, 235, 159, 76, 181, 251,
       10, 175, 171, 187, 215, 241, 191, 231, 31, 79, 92, 131, 172, 237,
       54, 68, 249, 107, 147, 149, 18, 187, 42, 255, 239, 87, 158, 235,
       151, 78, 181, 234, 85, 164, 189, 83, 138, 118, 103, 139, 115, 247,
       141, 26, 195, 114, 201, 127, 51, 214, 104, 186, 59, 71, 255, 112,
       157, 203, 87, 118, 160, 241, 167, 100, 132, 6, 221, 247, 172, 107,
       55, 168, 150, 179, 135, 154, 215, 113, 73, 15, 19, 86, 107, 34,
       32, 197, 91, 34, 197, 195, 85, 53, 182, 251, 133, 162, 204, 236,
       140, 243, 173, 108, 117, 156, 158, 191, 7, 17, 245, 243, 89, 75,
       193, 70, 121, 91, 50, 77, 219, 163, 237, 211, 255, 117, 130, 121,
       213, 107, 245, 196, 141, 247, 157, 102, 92, 184, 144, 178, 131,
       91, 83, 127, 16, 99, 217, 213, 121, 163, 125, 199, 219, 174, 251,
       235, 205, 20, 33, 123, 112, 2, 18, 207, 66, 175, 84, 129, 238,
       103, 30, 1, 218, 199, 165, 235, 48, 192, 120, 171, 43, 133, 74,
       154, 66, 255, 180, 36, 158, 136, 61, 94, 185, 136, 255, 255, 100,
       6, 252, 27, 206, 252, 193, 228, 188, 239, 67, 76, 223, 151, 28,
       196, 196, 127, 253, 107, 236, 44, 62, 73, 165, 252, 111, 191, 218,
       221, 142, 30, 188, 151, 193, 126, 181, 167, 63, 255, 78, 17, 236,
       110, 7, 143, 181, 127, 163, 37, 48, 220, 121, 238, 111, 115, 95,
       3, 130, 116, 141, 247, 253, 97, 237, 103, 204, 78, 71, 185, 98,
       234, 158, 8, 211, 125, 89, 114, 24, 196, 125, 239, 201, 114, 255,
       40, 253, 235, 229, 60, 103, 250, 214, 98, 75, 221, 228, 126, 175,
       86, 159, 191, 242, 94, 92, 167, 121, 253, 191, 231, 87, 119, 181,
       239, 229, 73, 190, 239, 99, 111, 239, 137, 63, 246, 189, 127, 22,
       190, 235, 215, 198, 123, 254, 246, 122, 127, 245, 190, 73, 46,
       222, 171, 59, 223, 215, 195, 245, 126, 172, 226, 63, 79, 255, 229,
       197, 241, 255, 223, 172, 160, 168, 241, 229, 253, 217, 75, 22,
       255, 244, 155, 147, 159, 98, 9, 217, 155, 151, 16, 58, 126, 106,
       146, 207, 215, 189, 253, 146, 200, 92, 218, 129, 51, 191, 85, 164,
       47, 229, 183, 236, 190, 54, 92, 210, 56, 157, 43, 140, 86, 110,
       42, 241, 240, 115, 8, 111, 155, 101, 16, 200, 248, 211, 161, 5,
       136, 135, 159, 221, 139, 164, 171, 150, 179, 66, 130, 224, 226,
       105, 207, 121, 110, 34, 180, 33, 216, 143, 125, 13, 38, 223, 68,
       144, 104, 49, 172, 177, 69, 99, 12, 84, 131, 226, 120, 84, 64,
       251, 78, 83, 200, 181, 96, 120, 168, 22, 111, 237, 179, 20, 30,
       48, 44, 161, 0, 125, 171, 112, 132, 3, 160, 71, 217, 76, 137, 232,
       66, 167, 49, 242, 66, 33, 137, 52, 73, 104, 172, 123, 156, 3, 155,
       199, 209, 22, 40, 146, 64, 45, 136, 112, 168, 75, 255, 255, 247,
       238, 150, 253, 222, 255, 251, 214, 230, 253, 255, 215, 231, 103,
       255, 255, 205, 231, 217, 167, 241, 254, 251, 255, 128, 174, 212,
       161, 249, 11, 190, 233, 245, 244, 171, 235, 254, 127, 227, 124,
       254, 255, 239, 214, 57, 63, 239, 55, 157, 163, 250, 238, 255, 222,
       223, 183, 236, 239, 253, 83, 249, 252, 241, 112, 233, 53, 91, 90,
       184, 43, 108, 251, 41, 207, 95, 142, 213, 254, 213, 221, 98, 108,
       176, 201, 220, 190, 249, 1, 247, 103, 191, 78, 87, 207, 17, 61,
       199, 176, 86, 187, 56, 76, 232, 87, 100, 221, 119, 155, 239, 214,
       85, 63, 255, 161, 208, 121, 204, 237, 251, 239, 132, 14, 183, 1,
       113, 207, 191, 255, 248, 188, 181, 217, 219, 191, 217, 148, 253,
       191, 255, 246, 111, 199, 115, 255, 29, 179, 79, 162, 246, 218,
       249, 255, 250, 158, 141, 177, 117, 83, 249, 159, 182, 48, 199,
       121, 230, 187, 117, 128, 185, 191, 182, 66, 50, 143, 207, 125,
       197, 127, 91, 154, 245, 137, 210, 223, 230, 132, 0, 167, 125, 89,
       207, 69, 229, 23, 26, 111, 188, 101, 160, 250, 230, 91, 35, 144,
       245, 126, 198, 60, 238, 233, 184, 101, 237, 244, 233, 227, 132,
       47, 182, 240, 40, 241, 75, 79, 101, 22, 11, 111, 61, 116, 224,
       242, 226, 83, 33, 145, 113, 126, 196, 92, 110, 233, 184, 101, 12,
       244, 235, 229, 132, 109, 186, 208, 32, 11, 118, 253, 255, 110, 61,
       185, 158, 223, 123, 188, 253, 188, 255, 223, 106, 199, 27, 255,
       21, 135, 96, 239, 211, 71, 95, 127, 190, 222, 212, 5, 255, 20, 20,
       26, 186, 124, 231, 243, 216, 22, 8, 221, 3, 247, 221, 43, 64, 121,
       184, 6, 106, 10, 179, 26, 255, 209, 135, 171, 40, 116, 171, 52,
       163, 223, 57, 239, 247, 251, 212, 248, 80, 253, 222, 87, 183, 109,
       254, 214, 127, 167, 191, 255, 157, 183, 221, 183, 230, 95, 123,
       219, 194, 167, 165, 39, 215, 236, 87, 236, 254, 172, 43, 223, 184,
       211, 190, 157, 254, 211, 109, 219, 43, 95, 214, 253, 122, 184,
       103, 235, 170, 250, 219, 229, 188, 151, 251, 212, 49, 234, 188,
       190, 24, 203, 249, 177, 71, 251, 87, 164, 61, 44, 188, 102, 27,
       169, 179, 227, 17, 54, 111, 178, 243, 95, 83, 86, 123, 211, 68,
       239, 222, 196, 230, 157, 211, 172, 109, 69, 157, 190, 191, 133,
       88, 214, 243, 72, 107, 145, 86, 121, 26, 122, 79, 235, 49, 205,
       146, 247, 125, 128, 249, 213, 32, 2, 255, 19, 28, 123, 192, 22,
       239, 191, 77, 232, 229, 44, 230, 38, 212, 222, 251, 138, 132, 79,
       11, 154, 127, 176, 52, 14, 10, 26, 86, 167, 221, 57, 223, 102, 71,
       22, 219, 71, 191, 85, 108, 126, 231, 99, 108, 150, 164, 120, 230,
       238, 110, 236, 184, 109, 63, 46, 79, 37, 129, 103, 190, 220, 93,
       228, 180, 92, 98, 188, 75, 214, 184, 82, 178, 161, 120, 211, 90,
       76, 59, 217, 212, 124, 242, 251, 103, 219, 54, 252, 139, 229, 124,
       205, 43, 210, 2, 92, 186, 183, 182, 169, 108, 93, 152, 171, 223,
       143, 24, 207, 247, 73, 94, 133, 215, 253, 25, 26, 67, 251, 224,
       217, 243, 95, 95, 130, 119, 167, 115, 148, 158, 61, 179, 140, 111,
       125, 184, 142, 246, 139, 23, 255, 110, 57, 75, 165, 83, 125, 51,
       245, 193, 123, 188, 237, 211, 207, 20, 144, 123, 133, 114, 164,
       190, 175, 246, 228, 116, 253, 254, 250, 255, 182, 84, 241, 238,
       95, 59, 253, 199, 117, 147, 191, 255, 186, 119, 219, 219, 255,
       101, 193, 113, 255, 218, 229, 182, 237, 255, 236, 116, 79, 158,
       83, 95, 247, 84, 211, 109, 95, 123, 205, 214, 125, 62, 191, 102,
       251, 160, 79, 251, 245, 221, 153, 249, 252, 117, 79, 188, 173,
       209, 173, 52, 93, 186, 179, 255, 132, 20, 249, 255, 90, 191, 205,
       70, 121, 158, 191, 64, 251, 241, 207, 219, 207, 124, 130, 229,
       218, 118, 75, 247, 239, 255, 252, 145, 253, 255, 175, 89, 222,
       246, 253, 255, 190, 102, 239, 219, 255, 205, 195, 75, 239, 245,
       254, 123, 254, 172, 30, 148, 181, 249, 75, 247, 254, 255, 236,
       146, 253, 191, 255, 91, 223, 246, 249, 239, 254, 103, 111, 255,
       255, 141, 243, 248, 239, 209, 238, 251, 255, 204, 190, 220, 241,
       249, 222, 87, 118, 227, 55, 91, 126, 248, 125, 228, 243, 175, 79,
       95, 31, 209, 190, 213, 223, 98, 236, 177, 9, 254, 182, 249, 7,
       151, 103, 191, 79, 87, 43, 48, 229, 85, 104, 159, 249, 24, 127,
       232, 118, 232, 255, 93, 149, 52, 158, 124, 119, 13, 129, 248, 231,
       28, 78, 95, 49, 178, 70, 132, 82, 253, 159, 67, 103, 230, 6, 2,
       126, 248, 149, 162, 83, 226, 73, 239, 189, 229, 54, 245, 181, 226,
       233, 209, 12, 200, 50, 202, 237, 132, 39, 183, 116, 37, 1, 168,
       134, 157, 88, 131, 160, 232, 150, 177, 66, 2, 96, 224, 96, 75,
       121, 108, 42, 16, 2, 217, 155, 29, 12, 34, 223, 76, 144, 40, 49,
       140, 64, 32, 135, 157, 76, 131, 160, 73, 190, 177, 66, 2, 228,
