%YAML:1.0
---
descriptors: !!opencv-matrix
   rows: 160
   cols: 32
   dt: u
   data: [ 3, 156, 67, 159, 116, 182, 234, 114, 126, 73, 91, 231, 249,
       246, 182, 228, 126, 43, 55, 141, 151, 152, 37, 255, 36, 62, 186,
       192, 30, 134, 57, 221, 104, 116, 124, 231, 36, 79, 126, 60, 57,
       106, 119, 109, 223, 31, 9, 145, 150, 149, 253, 98, 237, 180, 209,
       12, 231, 251, 96, 149, 72, 154, 74, 19, 49, 65, 107, 76, 92, 139,
       195, 120, 84, 192, 248, 74, 83, 200, 183, 32, 88, 172, 22, 111,
       205, 179, 101, 31, 48, 44, 161, 0, 125, 170, 112, 228, 11, 156,
       167, 189, 52, 182, 232, 183, 31, 67, 86, 215, 189, 43, 182, 101,
       215, 47, 55, 141, 183, 220, 117, 255, 110, 127, 218, 192, 158,
       140, 185, 93, 73, 18, 59, 235, 116, 252, 121, 18, 111, 73, 123,
       100, 191, 159, 176, 240, 230, 173, 60, 29, 151, 156, 161, 213,
       198, 253, 50, 200, 26, 131, 33, 57, 214, 62, 166, 146, 171, 244,
       26, 138, 175, 223, 143, 189, 206, 222, 79, 91, 167, 215, 253, 151,
       62, 71, 186, 242, 219, 118, 155, 255, 130, 103, 39, 87, 246, 241,
       173, 162, 140, 71, 31, 184, 130, 244, 129, 143, 213, 110, 91, 75,
       221, 213, 125, 247, 207, 71, 255, 144, 249, 67, 239, 252, 189, 63,
       52, 82, 8, 155, 23, 189, 114, 194, 161, 103, 190, 13, 90, 162,
       188, 183, 160, 64, 102, 59, 43, 129, 2, 153, 35, 93, 253, 166, 58,
       192, 20, 8, 165, 233, 123, 120, 231, 228, 101, 82, 125, 84, 121,
       194, 246, 138, 107, 31, 213, 191, 126, 245, 183, 234, 201, 118,
       245, 200, 87, 251, 214, 130, 111, 245, 98, 125, 194, 120, 182,
       214, 59, 96, 184, 130, 171, 151, 130, 57, 236, 255, 69, 91, 231,
       117, 253, 145, 32, 71, 139, 226, 153, 50, 218, 219, 132, 33, 39,
       11, 254, 62, 236, 53, 169, 40, 92, 138, 51, 251, 162, 189, 75,
       171, 71, 219, 167, 199, 253, 148, 188, 212, 195, 2, 222, 235, 117,
       149, 168, 245, 74, 19, 174, 48, 241, 241, 109, 253, 177, 74, 219,
       255, 117, 59, 140, 157, 94, 10, 175, 25, 215, 17, 146, 118, 242,
       208, 79, 93, 91, 239, 199, 13, 87, 243, 57, 205, 46, 236, 21, 215,
       79, 246, 84, 104, 254, 2, 51, 24, 51, 96, 120, 168, 30, 237, 237,
       187, 117, 191, 243, 205, 163, 16, 63, 152, 120, 8, 254, 94, 246,
       126, 111, 61, 253, 80, 189, 222, 247, 191, 110, 221, 183, 127,
       239, 245, 255, 7, 236, 231, 190, 200, 210, 123, 90, 155, 111, 253,
       103, 247, 190, 70, 102, 156, 86, 242, 175, 98, 149, 198, 215, 247,
       73, 206, 191, 205, 127, 253, 151, 167, 236, 215, 36, 206, 50, 99,
       235, 129, 55, 253, 60, 212, 183, 70, 98, 140, 84, 147, 202, 120,
       85, 198, 223, 215, 67, 200, 191, 69, 120, 168, 23, 239, 236, 183,
       36, 142, 50, 108, 162, 128, 127, 175, 120, 212, 143, 252, 167,
       183, 253, 95, 174, 238, 127, 250, 210, 114, 236, 244, 217, 231,
       251, 239, 126, 199, 231, 223, 255, 235, 188, 118, 223, 130, 134,
       124, 51, 253, 214, 172, 158, 62, 137, 176, 20, 175, 186, 159, 132,
       61, 238, 238, 79, 91, 129, 103, 233, 17, 62, 79, 202, 51, 138,
       115, 95, 63, 144, 116, 175, 78, 144, 71, 95, 165, 194, 99, 111,
       87, 53, 38, 251, 178, 49, 7, 33, 89, 111, 219, 134, 130, 56, 150,
       69, 234, 244, 131, 250, 129, 37, 217, 164, 160, 100, 239, 154, 30,
       217, 189, 86, 200, 147, 136, 233, 77, 102, 208, 109, 144, 153,
       106, 226, 114, 78, 99, 218, 63, 57, 20, 5, 63, 88, 127, 202, 134,
       255, 91, 98, 6, 115, 18, 254, 113, 113, 228, 87, 175, 105, 108,
       183, 180, 62, 236, 151, 238, 236, 147, 44, 206, 58, 125, 133, 131,
       111, 182, 126, 85, 43, 179, 109, 1, 121, 223, 217, 57, 59, 125,
       118, 237, 219, 44, 150, 52, 157, 12, 245, 109, 205, 250, 253, 21,
       79, 91, 97, 212, 78, 140, 222, 245, 27, 95, 230, 21, 178, 178,
       174, 183, 181, 206, 90, 231, 41, 174, 183, 196, 103, 111, 181,
       197, 228, 216, 5, 239, 42, 102, 254, 128, 175, 244, 185, 221, 94,
       20, 230, 149, 195, 114, 188, 67, 49, 214, 219, 183, 73, 46, 175,
       207, 127, 215, 187, 163, 60, 215, 135, 202, 22, 102, 222, 135,
       175, 117, 173, 214, 39, 165, 209, 131, 222, 43, 162, 201, 31, 49,
       169, 223, 196, 104, 92, 12, 59, 139, 82, 49, 55, 112, 93, 214, 28,
       22, 15, 118, 221, 75, 211, 148, 59, 158, 123, 235, 246, 183, 255,
       255, 23, 77, 254, 230, 123, 255, 180, 100, 127, 170, 159, 156,
       187, 187, 41, 255, 255, 239, 167, 192, 247, 206, 244, 249, 52,
       239, 76, 106, 220, 11, 199, 248, 199, 176, 184, 74, 83, 193, 249,
       16, 25, 192, 78, 250, 74, 35, 78, 61, 248, 141, 165, 60, 113, 187,
       80, 32, 155, 31, 123, 249, 246, 155, 235, 245, 125, 72, 86, 230,
       125, 223, 183, 101, 126, 187, 23, 253, 179, 184, 37, 255, 254,
       235, 170, 192, 63, 141, 161, 253, 187, 91, 98, 84, 83, 150, 254,
       112, 185, 204, 86, 231, 105, 204, 183, 133, 126, 253, 151, 231,
       228, 159, 52, 238, 58, 126, 143, 139, 103, 166, 126, 223, 155, 86,
       70, 7, 115, 18, 106, 112, 117, 78, 119, 230, 73, 2, 183, 245, 54,
       236, 150, 238, 229, 148, 37, 206, 54, 127, 160, 131, 111, 183,
       104, 85, 5, 164, 93, 129, 254, 75, 169, 107, 78, 113, 24, 250,
       148, 32, 208, 33, 59, 9, 74, 57, 51, 120, 69, 85, 12, 4, 47, 228,
       220, 8, 129, 160, 8, 155, 26, 189, 51, 146, 57, 119, 52, 13, 94,
       167, 189, 135, 162, 68, 102, 59, 143, 136, 64, 152, 1, 253, 230,
       229, 58, 129, 38, 132, 173, 251, 174, 156, 244, 115, 181, 127,
       218, 176, 121, 255, 63, 25, 203, 125, 159, 189, 159, 215, 213, 30,
       188, 244, 125, 238, 79, 223, 85, 215, 231, 239, 78, 87, 74, 56,
       178, 222, 235, 244, 186, 66, 173, 206, 92, 37, 172, 254, 103, 206,
       230, 123, 179, 209, 134, 75, 146, 233, 19, 117, 90, 139, 154, 69,
       47, 223, 130, 248, 185, 217, 181, 253, 177, 199, 95, 89, 84, 18,
       188, 156, 52, 108, 205, 59, 147, 17, 178, 188, 115, 247, 79, 94,
       30, 98, 211, 28, 149, 255, 3, 154, 38, 185, 48, 148, 56, 150, 63,
       73, 70, 213, 188, 134, 178, 124, 231, 43, 55, 157, 183, 220, 51,
       247, 78, 126, 154, 194, 154, 132, 161, 221, 3, 140, 187, 221, 180,
       230, 249, 167, 95, 65, 82, 18, 188, 62, 52, 96, 211, 43, 51, 13,
       183, 156, 113, 255, 45, 62, 154, 66, 156, 136, 241, 61, 51, 7, 98,
       12, 116, 51, 238, 123, 85, 76, 253, 239, 66, 232, 183, 132, 124,
       168, 134, 111, 204, 179, 36, 158, 50, 60, 129, 170, 95, 255, 248,
       197, 190, 181, 16, 163, 237, 125, 222, 203, 15, 54, 185, 27, 142,
       28, 78, 132, 235, 155, 207, 35, 126, 55, 89, 242, 183, 216, 143,
       127, 87, 95, 223, 198, 138, 248, 152, 251, 237, 205, 180, 199,
       158, 27, 80, 16, 188, 154, 96, 9, 207, 59, 51, 17, 82, 126, 210,
       241, 237, 217, 94, 106, 144, 88, 129, 139, 126, 183, 148, 161,
       185, 59, 94, 175, 43, 189, 188, 189, 78, 43, 78, 150, 175, 215,
       237, 16, 62, 107, 201, 215, 186, 215, 21, 247, 234, 76, 142, 87,
       74, 188, 147, 149, 161, 252, 60, 7, 187, 207, 10, 17, 172, 190,
       68, 254, 167, 127, 249, 17, 23, 216, 178, 226, 173, 118, 94, 66,
       138, 68, 133, 95, 222, 222, 159, 182, 138, 102, 189, 255, 158,
       186, 146, 114, 252, 255, 97, 107, 231, 119, 255, 163, 112, 77, 11,
       250, 249, 199, 255, 150, 144, 112, 165, 11, 201, 184, 189, 245,
       141, 237, 85, 158, 250, 251, 134, 28, 254, 181, 82, 122, 129, 102,
       125, 9, 187, 77, 251, 227, 201, 59, 95, 60, 136, 88, 211, 107,
       232, 188, 254, 90, 207, 253, 240, 199, 251, 95, 180, 25, 40, 191,
       70, 155, 175, 179, 227, 17, 54, 111, 146, 243, 95, 91, 80, 123,
       211, 68, 206, 203, 111, 188, 173, 178, 169, 237, 89, 146, 170,
       243, 140, 29, 190, 247, 82, 250, 133, 103, 121, 29, 187, 79, 250,
       114, 217, 155, 221, 120, 136, 69, 147, 114, 77, 82, 123, 235, 112,
       172, 123, 144, 109, 73, 127, 100, 191, 211, 184, 120, 246, 41, 30,
       94, 135, 144, 40, 245, 198, 253, 34, 192, 26, 147, 99, 241, 13,
       83, 122, 107, 240, 140, 123, 208, 237, 89, 127, 100, 223, 83, 190,
       52, 182, 24, 23, 110, 147, 176, 40, 245, 103, 249, 34, 192, 90,
