%YAML:1.0
---
descriptors: !!opencv-matrix
   rows: 355
   cols: 32
   dt: u
   data: [ 110, 114, 225, 2, 235, 121, 186, 200, 43, 127, 57, 175, 76,
       206, 223, 158, 183, 221, 247, 151, 134, 71, 174, 240, 30, 87, 95,
       239, 215, 119, 15, 215, 170, 179, 48, 26, 207, 221, 148, 239, 223,
       125, 61, 61, 40, 220, 110, 165, 137, 11, 227, 17, 214, 107, 250,
       241, 63, 80, 85, 127, 83, 76, 223, 223, 161, 76, 27, 220, 84, 133,
       227, 102, 212, 0, 92, 2, 179, 136, 177, 97, 72, 42, 18, 73, 98,
       190, 48, 191, 101, 140, 170, 40, 85, 24, 112, 168, 127, 93, 225,
       108, 124, 18, 78, 152, 81, 96, 252, 238, 75, 45, 157, 182, 94,
       196, 21, 239, 237, 34, 253, 142, 114, 237, 161, 188, 127, 255,
       114, 101, 46, 185, 169, 107, 250, 125, 183, 220, 11, 93, 29, 173,
       182, 253, 91, 40, 159, 91, 151, 19, 147, 34, 250, 51, 79, 21, 45,
       239, 212, 95, 215, 243, 80, 7, 23, 165, 178, 170, 32, 19, 124, 9,
       75, 96, 215, 98, 160, 105, 114, 63, 46, 49, 49, 144, 1, 12, 204,
       166, 42, 68, 132, 64, 33, 33, 73, 201, 149, 101, 32, 72, 109, 183,
       36, 9, 106, 64, 191, 51, 128, 118, 34, 102, 124, 72, 65, 152, 195,
       41, 228, 246, 116, 0, 42, 144, 131, 41, 30, 54, 248, 225, 39, 126,
       117, 25, 43, 255, 53, 191, 79, 63, 203, 190, 55, 29, 213, 36, 133,
       212, 181, 194, 215, 215, 59, 231, 174, 229, 143, 215, 223, 114,
       115, 224, 110, 31, 123, 216, 111, 234, 182, 238, 223, 223, 221,
       188, 63, 197, 127, 126, 197, 21, 189, 250, 222, 217, 43, 244, 127,
       183, 67, 117, 147, 151, 114, 233, 246, 147, 252, 119, 77, 13, 216,
       231, 173, 158, 54, 192, 238, 187, 151, 133, 222, 187, 4, 221, 178,
       216, 138, 195, 95, 142, 169, 157, 26, 32, 195, 243, 199, 115, 185,
       71, 23, 179, 215, 178, 153, 191, 97, 238, 105, 159, 179, 145, 27,
       222, 237, 192, 223, 199, 222, 167, 167, 108, 60, 186, 239, 30,
       123, 228, 38, 150, 223, 80, 189, 234, 215, 231, 28, 159, 245, 122,
       230, 245, 255, 167, 225, 135, 168, 194, 210, 255, 43, 150, 143,
       167, 49, 115, 221, 84, 107, 69, 21, 118, 123, 112, 116, 206, 215,
       18, 89, 23, 147, 229, 118, 236, 157, 238, 236, 215, 181, 142, 115,
       107, 226, 129, 39, 181, 118, 112, 18, 141, 74, 254, 244, 195, 239,
       231, 13, 73, 248, 3, 120, 249, 60, 64, 248, 235, 23, 195, 91, 171,
       8, 255, 120, 46, 174, 200, 93, 10, 241, 138, 161, 85, 115, 79,
       116, 207, 231, 248, 84, 72, 125, 66, 113, 85, 189, 100, 88, 120,
       18, 106, 225, 176, 125, 63, 101, 44, 163, 0, 119, 187, 116, 240,
       254, 28, 230, 4, 253, 118, 220, 99, 185, 238, 190, 159, 8, 60, 23,
       191, 175, 165, 221, 165, 172, 207, 181, 206, 19, 127, 201, 147,
       231, 228, 126, 86, 202, 223, 110, 236, 236, 213, 255, 247, 205,
       92, 92, 231, 173, 222, 182, 99, 230, 123, 191, 199, 214, 9, 38,
       253, 119, 89, 238, 139, 23, 158, 245, 255, 31, 29, 251, 232, 183,
       247, 251, 91, 31, 205, 222, 166, 125, 255, 183, 228, 254, 187,
       159, 189, 159, 147, 53, 222, 243, 255, 171, 130, 191, 254, 245,
       245, 210, 133, 30, 188, 6, 192, 109, 103, 180, 6, 218, 18, 61,
       243, 32, 65, 106, 179, 59, 129, 104, 143, 2, 223, 241, 166, 250,
       136, 52, 8, 181, 42, 27, 219, 106, 235, 183, 148, 255, 180, 77,
       76, 86, 231, 249, 30, 190, 228, 110, 211, 151, 207, 221, 168, 45,
       245, 110, 89, 174, 192, 63, 158, 253, 253, 210, 158, 239, 182,
       178, 226, 63, 179, 184, 207, 82, 247, 125, 238, 170, 65, 55, 119,
       189, 165, 165, 221, 54, 239, 248, 39, 255, 130, 173, 228, 165,
       121, 59, 157, 110, 140, 127, 211, 191, 119, 141, 68, 220, 175,
       104, 124, 182, 229, 110, 179, 223, 165, 229, 171, 36, 255, 58,
       127, 138, 155, 63, 174, 61, 223, 223, 123, 255, 228, 108, 86, 127,
       216, 237, 232, 246, 226, 89, 223, 245, 127, 118, 253, 127, 254,
       225, 215, 175, 200, 254, 249, 175, 132, 167, 177, 103, 241, 18,
       131, 9, 169, 180, 131, 77, 37, 29, 4, 83, 71, 167, 10, 48, 65,
       208, 11, 7, 173, 126, 152, 65, 157, 160, 176, 138, 65, 52, 136,
       181, 10, 174, 91, 52, 142, 109, 213, 182, 232, 141, 94, 252, 175,
       172, 220, 39, 135, 206, 113, 215, 67, 196, 39, 74, 249, 55, 80,
       207, 187, 87, 126, 61, 223, 67, 185, 19, 186, 187, 220, 54, 215,
       175, 89, 104, 77, 174, 222, 98, 244, 167, 59, 255, 80, 215, 11,
       186, 241, 187, 244, 26, 106, 26, 7, 171, 95, 11, 187, 185, 187,
       250, 149, 185, 219, 143, 121, 20, 229, 188, 222, 254, 32, 135, 27,
       151, 21, 151, 8, 42, 245, 78, 95, 59, 254, 158, 142, 129, 243,
       147, 141, 107, 255, 146, 130, 63, 247, 62, 75, 86, 211, 61, 191,
       176, 96, 103, 123, 55, 141, 243, 156, 37, 255, 118, 47, 190, 192,
       45, 132, 177, 249, 26, 91, 238, 237, 109, 86, 255, 119, 141, 204,
       214, 39, 185, 191, 183, 98, 238, 253, 191, 195, 201, 155, 177,
       232, 247, 249, 238, 130, 47, 188, 53, 251, 10, 221, 49, 154, 253,
       221, 190, 239, 15, 77, 124, 11, 172, 222, 62, 132, 255, 59, 151,
       129, 86, 58, 122, 247, 63, 93, 158, 235, 87, 14, 205, 223, 31, 22,
       195, 167, 18, 50, 42, 82, 60, 227, 91, 231, 77, 238, 187, 200,
       119, 173, 191, 181, 149, 144, 13, 202, 150, 103, 170, 128, 173,
       231, 41, 85, 60, 177, 122, 106, 211, 205, 83, 216, 231, 8, 237,
       40, 31, 211, 104, 16, 186, 185, 134, 114, 26, 35, 24, 53, 251,
       205, 33, 127, 115, 3, 110, 163, 89, 29, 186, 236, 177, 30, 94,
       119, 101, 205, 254, 4, 47, 183, 34, 244, 246, 255, 253, 8, 220,
       155, 177, 202, 243, 253, 38, 139, 170, 230, 171, 75, 170, 28, 146,
       190, 117, 230, 190, 98, 28, 2, 89, 19, 236, 255, 48, 64, 255, 123,
       147, 131, 100, 190, 26, 239, 53, 119, 154, 203, 87, 111, 113, 147,
       25, 135, 111, 225, 182, 42, 105, 55, 117, 97, 255, 246, 25, 39,
       176, 96, 127, 134, 62, 188, 155, 184, 101, 198, 254, 239, 182,
       196, 175, 200, 241, 121, 142, 184, 99, 159, 103, 230, 185, 97, 57,
       77, 87, 179, 124, 255, 52, 105, 254, 189, 179, 133, 176, 251, 162,
       194, 95, 62, 218, 194, 135, 37, 55, 243, 79, 121, 179, 210, 75,
       205, 51, 192, 175, 208, 36, 12, 188, 215, 101, 254, 166, 113, 251,
       82, 3, 65, 186, 224, 155, 16, 79, 58, 138, 55, 39, 247, 161, 84,
       243, 69, 86, 79, 229, 119, 117, 238, 118, 58, 51, 53, 149, 52,
       126, 188, 22, 168, 233, 182, 101, 206, 119, 46, 49, 132, 103, 248,
       118, 249, 207, 91, 252, 193, 174, 18, 94, 156, 239, 184, 22, 228,
       221, 91, 223, 239, 39, 85, 125, 255, 199, 65, 175, 208, 174, 217,
       239, 150, 191, 245, 73, 5, 154, 195, 114, 236, 55, 194, 124, 117,
       173, 12, 250, 163, 47, 143, 54, 196, 254, 179, 151, 225, 204, 189,
       4, 207, 178, 249, 174, 131, 55, 142, 253, 75, 57, 197, 91, 111,
       116, 135, 111, 252, 68, 8, 124, 66, 115, 81, 185, 49, 120, 232, 6,
       238, 233, 178, 40, 63, 103, 141, 160, 0, 125, 155, 96, 168, 33,
       229, 88, 101, 244, 10, 102, 119, 97, 32, 110, 74, 51, 1, 144, 48,
       122, 142, 6, 104, 77, 186, 197, 13, 118, 173, 36, 32, 109, 152,
       218, 136, 19, 221, 106, 222, 116, 150, 239, 119, 117, 73, 94, 102,
       57, 190, 182, 96, 126, 187, 23, 137, 205, 185, 52, 239, 118, 46,
       190, 128, 45, 142, 241, 253, 91, 63, 250, 224, 50, 191, 123, 83,
       125, 76, 254, 238, 31, 143, 182, 244, 118, 189, 159, 205, 157,
       155, 36, 238, 242, 253, 34, 128, 47, 199, 237, 113, 51, 196, 107,
       197, 118, 147, 235, 104, 63, 96, 91, 163, 121, 206, 188, 33, 126,
       141, 55, 173, 198, 178, 44, 221, 118, 77, 171, 228, 37, 134, 115,
       236, 41, 133, 65, 73, 116, 190, 232, 59, 125, 1, 123, 70, 185, 32,
       156, 228, 122, 138, 18, 188, 147, 184, 101, 223, 14, 60, 130, 68,
       223, 140, 241, 172, 138, 144, 158, 250, 105, 229, 56, 71, 191, 27,
       64, 17, 188, 147, 96, 201, 197, 27, 147, 16, 50, 92, 18, 243, 207,
       211, 26, 107, 146, 0, 169, 139, 171, 249, 115, 218, 125, 213, 154,
       246, 159, 105, 220, 169, 172, 156, 246, 164, 142, 123, 215, 87,
