%YAML:1.0
---
descriptors: !!opencv-matrix
   rows: 275
   cols: 32
   dt: u
   data: [ 95, 57, 243, 192, 247, 212, 187, 81, 169, 236, 191, 175, 12,
       159, 247, 54, 166, 247, 255, 213, 151, 11, 176, 224, 127, 93, 47,
       239, 142, 167, 175, 247, 62, 73, 98, 236, 85, 215, 254, 112, 69,
       140, 254, 3, 75, 217, 55, 196, 250, 249, 151, 227, 200, 179, 0,
       236, 243, 253, 130, 131, 55, 191, 124, 130, 34, 67, 114, 136, 119,
       153, 252, 71, 15, 5, 248, 203, 172, 138, 55, 196, 254, 171, 151,
       133, 198, 186, 68, 221, 180, 28, 154, 171, 85, 14, 249, 141, 3,
       158, 242, 157, 246, 185, 169, 87, 126, 79, 90, 231, 172, 174, 166,
       204, 103, 43, 174, 148, 151, 184, 39, 211, 12, 54, 190, 194, 158,
       68, 165, 253, 38, 221, 113, 218, 253, 213, 158, 244, 139, 93, 189,
       47, 44, 254, 126, 52, 207, 251, 215, 67, 215, 43, 58, 245, 59, 92,
       142, 251, 215, 95, 231, 247, 139, 253, 126, 249, 191, 149, 189,
       119, 141, 76, 156, 163, 189, 159, 182, 33, 174, 59, 223, 69, 230,
       169, 32, 221, 227, 217, 46, 251, 22, 156, 173, 255, 22, 63, 210,
       129, 242, 178, 186, 210, 61, 236, 90, 231, 13, 174, 183, 196, 54,
       63, 151, 213, 148, 152, 4, 238, 62, 36, 174, 130, 175, 230, 41,
       221, 2, 137, 51, 159, 125, 193, 186, 101, 141, 4, 208, 3, 172,
       206, 36, 64, 248, 187, 27, 193, 70, 187, 67, 253, 183, 112, 138,
       75, 20, 14, 181, 206, 11, 223, 106, 197, 118, 210, 255, 119, 77,
       77, 94, 166, 57, 62, 182, 228, 126, 187, 151, 205, 135, 152, 36,
       239, 110, 125, 174, 129, 39, 158, 253, 253, 130, 248, 176, 155,
       213, 253, 178, 206, 31, 39, 64, 17, 172, 222, 102, 140, 217, 59,
       179, 17, 38, 220, 91, 247, 15, 22, 155, 99, 146, 29, 157, 206, 2,
       169, 26, 155, 116, 157, 178, 239, 31, 13, 120, 3, 172, 200, 46, 0,
       248, 43, 3, 145, 86, 184, 66, 245, 47, 20, 10, 107, 80, 10, 169,
       142, 154, 141, 98, 236, 117, 210, 250, 97, 141, 68, 223, 163, 45,
       223, 54, 68, 238, 185, 151, 225, 204, 139, 34, 223, 179, 121, 138,
       203, 55, 142, 124, 222, 171, 121, 122, 220, 237, 157, 252, 215,
       203, 252, 244, 15, 168, 156, 119, 167, 238, 237, 183, 85, 198,
       123, 178, 240, 63, 89, 199, 175, 95, 60, 125, 223, 123, 95, 102,
       132, 127, 23, 222, 119, 137, 236, 158, 175, 41, 12, 182, 180, 238,
       165, 223, 237, 237, 139, 36, 222, 50, 93, 138, 147, 127, 172, 122,
       93, 31, 124, 227, 193, 246, 215, 175, 214, 95, 235, 84, 214, 25,
       204, 247, 44, 127, 233, 23, 157, 131, 180, 52, 234, 118, 95, 191,
       164, 191, 221, 113, 253, 78, 30, 251, 84, 35, 250, 118, 50, 253,
       206, 126, 237, 238, 252, 167, 246, 166, 117, 237, 66, 133, 169,
       166, 234, 210, 255, 97, 139, 238, 245, 45, 87, 166, 217, 99, 152,
       237, 209, 185, 200, 159, 84, 84, 131, 168, 220, 119, 205, 222,
       121, 147, 215, 214, 250, 126, 241, 31, 89, 207, 239, 23, 13, 245,
       247, 234, 99, 32, 8, 109, 157, 208, 76, 203, 124, 181, 173, 2,
       136, 86, 147, 200, 128, 197, 71, 222, 107, 230, 176, 50, 89, 0,
       251, 83, 29, 222, 71, 19, 190, 74, 161, 50, 178, 58, 242, 188,
       103, 90, 231, 109, 170, 186, 192, 55, 77, 175, 167, 166, 149, 141,
       247, 156, 39, 186, 197, 172, 199, 41, 157, 231, 40, 204, 176, 204,
       61, 232, 10, 154, 243, 129, 221, 145, 136, 95, 155, 205, 205, 243,
       159, 183, 86, 222, 194, 28, 27, 221, 252, 140, 125, 26, 212, 235,
       106, 90, 228, 108, 156, 252, 150, 233, 8, 176, 238, 173, 155, 149,
       247, 238, 229, 95, 205, 196, 47, 196, 233, 182, 121, 186, 170, 15,
       148, 123, 141, 89, 16, 255, 101, 50, 94, 121, 51, 116, 201, 118,
       244, 91, 55, 146, 112, 54, 156, 53, 140, 177, 220, 181, 14, 199,
       239, 112, 192, 47, 128, 37, 121, 2, 128, 18, 153, 81, 226, 184, 2,
       62, 1, 67, 19, 172, 18, 40, 204, 241, 27, 130, 145, 54, 156, 17,
       215, 13, 54, 154, 67, 144, 5, 45, 134, 177, 72, 79, 252, 14, 128,
       74, 226, 196, 0, 208, 194, 49, 131, 177, 97, 74, 224, 59, 207,
       201, 143, 6, 173, 208, 168, 234, 136, 53, 185, 112, 40, 244, 105,
       3, 234, 29, 141, 66, 224, 227, 136, 169, 8, 115, 219, 57, 16, 248,
       232, 92, 234, 106, 39, 90, 63, 185, 156, 133, 56, 113, 43, 114,
       34, 52, 73, 43, 222, 125, 197, 195, 112, 196, 200, 221, 3, 114,
       201, 53, 96, 216, 232, 2, 207, 73, 171, 122, 189, 115, 60, 128,
       24, 81, 59, 116, 242, 188, 125, 126, 245, 228, 87, 255, 247, 84,
       238, 252, 3, 91, 125, 179, 41, 127, 252, 151, 239, 232, 246, 60,
       174, 243, 203, 231, 133, 103, 249, 126, 251, 93, 92, 236, 181,
       164, 78, 173, 183, 92, 254, 150, 166, 217, 61, 147, 107, 47, 101,
       125, 173, 225, 248, 117, 12, 237, 111, 255, 148, 167, 252, 93,
       121, 37, 221, 115, 75, 116, 195, 239, 248, 84, 108, 124, 230, 112,
       213, 189, 36, 126, 184, 22, 238, 195, 178, 60, 127, 45, 12, 165,
       164, 125, 187, 116, 253, 254, 84, 118, 254, 237, 118, 94, 168,
       157, 94, 247, 19, 74, 127, 47, 223, 253, 213, 191, 226, 44, 103,
       91, 245, 83, 122, 208, 159, 183, 255, 252, 87, 78, 213, 244, 222,
       235, 116, 95, 152, 35, 223, 158, 130, 72, 119, 223, 255, 119, 214,
       255, 254, 152, 66, 255, 224, 95, 126, 199, 143, 166, 247, 172,
       117, 122, 30, 236, 20, 143, 121, 84, 138, 203, 119, 180, 191, 106,
       188, 95, 159, 143, 199, 253, 1, 188, 111, 254, 225, 147, 91, 85,
       191, 231, 125, 222, 95, 221, 107, 94, 172, 172, 27, 78, 220, 233,
       132, 188, 76, 239, 195, 235, 223, 122, 229, 78, 106, 76, 99, 166,
       232, 242, 249, 103, 24, 46, 251, 107, 13, 42, 156, 122, 159, 117,
       245, 190, 226, 31, 78, 125, 163, 108, 236, 55, 0, 255, 251, 179,
       199, 198, 190, 122, 255, 119, 127, 139, 171, 87, 110, 117, 219,
       92, 86, 254, 229, 34, 106, 59, 80, 169, 174, 255, 163, 77, 111,
       139, 90, 55, 213, 237, 162, 0, 213, 137, 64, 215, 231, 99, 135,
       165, 243, 39, 115, 174, 120, 178, 159, 101, 245, 176, 66, 91, 206,
       80, 3, 172, 220, 119, 140, 255, 121, 147, 1, 134, 246, 210, 242,
       23, 30, 219, 43, 215, 125, 127, 207, 43, 182, 233, 72, 114, 253,
       251, 90, 91, 205, 124, 172, 184, 252, 255, 164, 159, 59, 151, 29,
       151, 50, 190, 223, 78, 93, 41, 170, 95, 238, 87, 245, 57, 88, 254,
       117, 103, 126, 249, 150, 113, 236, 118, 163, 123, 61, 151, 47, 38,
       245, 181, 93, 136, 248, 117, 168, 79, 251, 116, 129, 231, 253, 84,
       219, 1, 157, 122, 94, 86, 229, 179, 114, 220, 64, 124, 2, 60, 241,
       39, 96, 110, 58, 18, 202, 163, 169, 50, 127, 115, 175, 2, 8, 123,
       195, 97, 171, 218, 149, 114, 187, 181, 220, 124, 37, 61, 77, 247,
       51, 238, 62, 14, 213, 238, 179, 159, 129, 126, 191, 113, 223, 191,
       255, 154, 211, 39, 12, 237, 95, 190, 124, 114, 164, 101, 127, 95,
       246, 17, 238, 188, 47, 11, 60, 55, 157, 255, 253, 223, 227, 104,
       247, 113, 238, 243, 223, 197, 183, 231, 253, 126, 91, 2, 141, 30,
       189, 52, 150, 124, 39, 140, 4, 94, 3, 244, 43, 34, 65, 232, 171,
       131, 160, 124, 152, 19, 253, 231, 227, 218, 67, 16, 8, 252, 10,
       74, 142, 167, 191, 164, 216, 124, 39, 173, 79, 222, 161, 175, 175,
       176, 196, 163, 39, 255, 5, 88, 153, 35, 237, 166, 247, 122, 129,
       22, 196, 181, 121, 25, 151, 106, 239, 244, 150, 239, 119, 85, 77,
       222, 230, 121, 237, 178, 228, 126, 170, 23, 172, 219, 187, 37,
       255, 114, 239, 162, 192, 63, 142, 248, 249, 115, 72, 239, 252, 46,
       160, 75, 82, 132, 192, 212, 198, 49, 231, 177, 107, 70, 240, 63,
       207, 137, 139, 38, 169, 208, 169, 234, 136, 61, 249, 48, 121, 44,
       123, 120, 104, 118, 155, 82, 120, 87, 236, 116, 239, 59, 221, 163,
       144, 94, 184, 135, 122, 202, 186, 72, 60, 126, 205, 33, 237, 127,
       139, 110, 147, 75, 153, 51, 184, 171, 221, 23, 183, 175, 89, 168,
       13, 190, 158, 102, 244, 166, 51, 255, 81, 87, 9, 178, 245, 187,
       252, 26, 90, 26, 4, 163, 95, 155, 151, 105, 239, 246, 82, 127, 63,
       117, 77, 95, 246, 121, 47, 190, 229, 126, 147, 151, 172, 253, 152,
