%YAML:1.0
---
descriptors: !!opencv-matrix
   rows: 278
   cols: 32
   dt: u
   data: [ 19, 221, 107, 207, 116, 146, 239, 119, 125, 77, 94, 230, 57,
       143, 182, 100, 126, 187, 23, 141, 195, 186, 36, 239, 118, 45, 190,
       128, 39, 134, 245, 249, 189, 23, 111, 109, 54, 179, 207, 121, 85,
       72, 255, 230, 91, 109, 191, 96, 126, 164, 23, 238, 185, 176, 109,
       158, 98, 237, 161, 132, 127, 239, 112, 113, 43, 249, 51, 218, 127,
       213, 186, 240, 143, 72, 220, 175, 44, 220, 247, 164, 206, 123,
       215, 215, 199, 43, 186, 255, 63, 28, 14, 186, 95, 143, 47, 255,
       186, 223, 98, 236, 119, 194, 125, 119, 5, 12, 254, 163, 43, 15,
       180, 64, 126, 181, 151, 224, 200, 191, 0, 207, 178, 249, 130, 131,
       55, 158, 244, 139, 170, 215, 115, 220, 117, 199, 191, 127, 29,
       140, 112, 106, 104, 253, 52, 133, 254, 187, 151, 97, 241, 187, 48,
       223, 53, 94, 158, 138, 87, 12, 247, 255, 2, 153, 51, 159, 93, 205,
       176, 103, 143, 1, 218, 3, 172, 222, 36, 64, 232, 59, 139, 129, 86,
       185, 83, 253, 53, 52, 154, 75, 16, 14, 53, 206, 3, 205, 235, 223,
       246, 130, 111, 247, 116, 65, 94, 246, 121, 239, 180, 96, 119, 239,
       55, 140, 241, 152, 36, 239, 110, 47, 190, 192, 37, 130, 177, 248,
       174, 178, 51, 18, 104, 253, 187, 200, 154, 95, 241, 185, 172, 220,
       222, 137, 159, 27, 215, 23, 182, 103, 234, 243, 94, 29, 56, 251,
       197, 13, 23, 215, 34, 145, 50, 203, 125, 213, 184, 77, 15, 77, 85,
       35, 172, 156, 54, 196, 222, 25, 151, 145, 150, 43, 82, 213, 7, 92,
       154, 235, 87, 14, 125, 223, 46, 181, 224, 201, 245, 183, 251, 127,
       95, 237, 125, 159, 75, 237, 126, 20, 223, 155, 151, 53, 154, 186,
       120, 223, 127, 95, 181, 255, 215, 142, 246, 243, 170, 183, 36, 26,
       237, 217, 148, 239, 207, 125, 188, 61, 142, 252, 238, 167, 137,
       11, 227, 17, 214, 107, 254, 177, 63, 81, 85, 127, 211, 12, 207,
       215, 1, 217, 127, 89, 100, 141, 233, 212, 239, 93, 116, 0, 176,
       209, 189, 109, 110, 24, 50, 78, 195, 176, 54, 113, 69, 24, 114, 0,
       87, 152, 97, 237, 58, 32, 227, 243, 199, 113, 189, 67, 21, 186,
       215, 179, 25, 191, 225, 239, 123, 223, 183, 131, 104, 246, 239,
       130, 222, 195, 254, 135, 167, 124, 60, 171, 11, 187, 185, 186,
       250, 149, 185, 223, 143, 93, 29, 237, 188, 220, 246, 32, 135, 59,
       151, 21, 151, 10, 42, 241, 78, 85, 58, 254, 156, 14, 149, 255, 82,
       154, 254, 76, 62, 210, 91, 48, 171, 204, 246, 230, 104, 63, 150,
       118, 166, 245, 253, 192, 141, 201, 165, 237, 90, 127, 224, 147,
       39, 165, 100, 95, 199, 190, 249, 250, 184, 160, 191, 151, 159, 83,
       20, 244, 189, 239, 241, 107, 135, 115, 63, 158, 179, 76, 170, 243,
       238, 223, 254, 232, 156, 209, 161, 57, 243, 211, 107, 172, 108,
       84, 221, 119, 41, 76, 182, 111, 62, 158, 150, 114, 238, 135, 253,
       197, 205, 15, 240, 195, 176, 121, 190, 186, 13, 20, 255, 127, 31,
       21, 234, 232, 246, 247, 251, 91, 15, 205, 222, 167, 125, 223, 183,
       96, 126, 187, 151, 189, 159, 179, 52, 222, 243, 221, 171, 128,
       183, 239, 181, 241, 111, 54, 232, 67, 239, 127, 219, 154, 91, 255,
       63, 255, 72, 61, 223, 190, 55, 213, 247, 191, 149, 114, 237, 224,
       94, 31, 117, 247, 239, 255, 94, 117, 177, 74, 79, 252, 14, 160,
       74, 82, 196, 2, 208, 226, 49, 131, 177, 97, 106, 224, 63, 203,
       201, 143, 6, 169, 208, 168, 234, 136, 53, 249, 112, 8, 33, 118,
       251, 69, 86, 111, 235, 83, 113, 174, 124, 42, 50, 53, 149, 52,
       124, 188, 22, 168, 169, 182, 117, 78, 119, 14, 161, 132, 103, 248,
       118, 249, 18, 131, 9, 169, 148, 195, 124, 47, 5, 5, 91, 3, 197,
       10, 56, 64, 208, 11, 3, 161, 86, 152, 65, 157, 172, 176, 138, 67,
       52, 10, 181, 206, 37, 213, 115, 79, 116, 203, 231, 121, 84, 72,
       125, 98, 112, 85, 188, 100, 88, 56, 18, 106, 225, 176, 125, 127,
       101, 46, 35, 4, 117, 187, 116, 177, 71, 114, 225, 18, 235, 48,
       186, 200, 43, 127, 25, 191, 72, 236, 223, 158, 191, 217, 247, 151,
       150, 86, 174, 240, 30, 94, 159, 239, 213, 119, 135, 215, 46, 179,
       232, 42, 191, 249, 147, 200, 11, 93, 61, 173, 142, 252, 207, 8,
       159, 91, 151, 81, 150, 34, 250, 177, 107, 85, 45, 255, 215, 95,
       215, 215, 211, 13, 87, 252, 6, 196, 109, 119, 189, 2, 194, 82, 61,
       243, 32, 101, 102, 163, 63, 136, 97, 157, 18, 207, 177, 174, 218,
       128, 52, 192, 161, 40, 92, 176, 180, 66, 171, 125, 17, 154, 235,
       255, 47, 40, 206, 51, 75, 190, 161, 87, 236, 18, 20, 65, 251, 64,
       223, 215, 85, 55, 130, 119, 143, 119, 138, 90, 106, 252, 108, 157,
       249, 112, 157, 74, 244, 239, 189, 143, 183, 97, 110, 57, 223, 199,
       231, 47, 38, 255, 86, 89, 234, 185, 30, 141, 93, 249, 161, 204,
       11, 220, 84, 133, 235, 246, 220, 64, 216, 66, 177, 136, 177, 97,
       72, 42, 18, 77, 227, 175, 52, 191, 165, 12, 170, 0, 85, 152, 49,
       172, 10, 221, 48, 155, 245, 221, 188, 239, 31, 13, 124, 3, 172,
       222, 62, 132, 251, 59, 147, 129, 86, 58, 122, 245, 47, 87, 30,
       235, 23, 14, 189, 223, 1, 22, 203, 169, 118, 162, 169, 83, 20, 73,
       91, 247, 213, 198, 168, 72, 127, 43, 23, 181, 129, 144, 5, 78, 68,
       166, 186, 128, 189, 202, 33, 209, 72, 143, 21, 185, 178, 10, 45,
       55, 44, 25, 74, 96, 181, 51, 128, 113, 35, 23, 60, 137, 81, 152,
       1, 13, 237, 162, 126, 196, 32, 0, 133, 41, 17, 22, 79, 169, 178,
       162, 41, 51, 52, 73, 123, 246, 213, 99, 160, 64, 118, 47, 22, 188,
       177, 144, 5, 14, 196, 166, 170, 192, 188, 194, 33, 177, 143, 91,
       54, 142, 111, 21, 190, 200, 141, 92, 220, 239, 172, 222, 119, 199,
       238, 121, 223, 231, 199, 35, 218, 241, 54, 81, 138, 187, 31, 63,
       57, 223, 1, 2, 87, 85, 100, 42, 105, 55, 125, 146, 118, 212, 185,
       3, 148, 127, 2, 46, 34, 12, 225, 252, 103, 72, 70, 58, 114, 0, 78,
       192, 64, 168, 25, 151, 111, 225, 182, 34, 105, 55, 117, 97, 254,
       246, 25, 39, 176, 96, 127, 134, 63, 156, 155, 184, 101, 215, 254,
       239, 178, 196, 173, 200, 240, 121, 239, 90, 231, 220, 109, 82,
       255, 80, 201, 222, 119, 247, 89, 157, 183, 255, 206, 245, 183,
       143, 229, 231, 166, 226, 22, 123, 250, 138, 15, 245, 118, 245,
       125, 31, 246, 116, 165, 126, 85, 146, 241, 254, 62, 45, 75, 189,
       215, 191, 166, 246, 245, 123, 156, 249, 180, 168, 203, 251, 101,
       147, 231, 253, 94, 119, 50, 89, 40, 190, 93, 201, 150, 234, 135,
       68, 220, 43, 34, 221, 39, 0, 200, 122, 147, 67, 78, 43, 90, 191,
       115, 85, 128, 59, 85, 63, 92, 219, 223, 89, 247, 244, 38, 194,
       127, 212, 173, 200, 214, 226, 125, 255, 241, 102, 118, 245, 127,
       250, 193, 209, 166, 234, 254, 255, 239, 128, 47, 179, 33, 48, 171,
       159, 102, 76, 127, 145, 253, 119, 205, 76, 124, 231, 41, 236, 182,
       165, 110, 171, 151, 172, 245, 187, 38, 221, 54, 121, 162, 202,
       127, 142, 103, 221, 40, 251, 122, 105, 116, 217, 255, 119, 110,
       13, 124, 45, 187, 141, 146, 16, 78, 58, 199, 74, 210, 184, 96, 63,
       102, 221, 32, 249, 87, 138, 206, 251, 40, 249, 122, 99, 116, 207,
       115, 180, 105, 13, 124, 0, 183, 149, 146, 48, 142, 58, 7, 74, 154,
       184, 48, 45, 103, 217, 32, 64, 98, 131, 70, 251, 42, 149, 98, 200,
       117, 245, 248, 99, 141, 77, 221, 131, 40, 223, 54, 196, 254, 187,
       151, 133, 142, 175, 50, 221, 87, 121, 138, 203, 23, 142, 125, 215,
       250, 86, 102, 124, 39, 82, 93, 48, 49, 206, 214, 183, 107, 127,
       151, 229, 126, 252, 181, 239, 236, 214, 37, 140, 83, 251, 225,
       129, 39, 180, 124, 127, 139, 167, 69, 253, 126, 155, 232, 59, 127,
       184, 114, 226, 249, 107, 156, 247, 62, 191, 119, 236, 243, 216,
       71, 221, 14, 250, 235, 228, 63, 164, 75, 141, 11, 23, 117, 237,
       120, 191, 248, 59, 173, 248, 122, 236, 189, 31, 148, 247, 166, 55,
       255, 44, 145, 216, 71, 221, 78, 121, 107, 196, 94, 140, 65, 189,
       47, 219, 105, 74, 124, 213, 203, 248, 199, 76, 29, 231, 121, 204,
       191, 164, 94, 40, 151, 239, 207, 34, 126, 189, 42, 93, 171, 232,
