%YAML:1.0
---
descriptors: !!opencv-matrix
   rows: 179
   cols: 32
   dt: u
   data: [ 61, 77, 107, 237, 118, 86, 255, 112, 69, 196, 254, 134, 91,
       77, 183, 96, 126, 252, 151, 239, 205, 176, 53, 238, 242, 237, 175,
       128, 103, 191, 112, 241, 191, 189, 113, 225, 246, 191, 250, 218,
       95, 233, 252, 251, 27, 31, 215, 36, 255, 153, 151, 253, 190, 186,
       109, 254, 254, 221, 167, 230, 247, 205, 82, 247, 27, 12, 106, 252,
       118, 178, 255, 115, 53, 66, 222, 198, 121, 111, 183, 229, 126,
       187, 151, 175, 233, 146, 36, 207, 242, 239, 170, 128, 55, 228, 40,
       249, 14, 186, 178, 138, 245, 245, 186, 220, 31, 77, 93, 103, 172,
       222, 254, 44, 255, 27, 151, 149, 150, 58, 42, 243, 31, 92, 187,
       239, 151, 79, 189, 223, 15, 155, 252, 91, 160, 95, 59, 184, 63,
       125, 87, 165, 253, 127, 159, 125, 151, 91, 183, 31, 149, 216, 111,
       253, 206, 127, 127, 199, 222, 166, 15, 125, 15, 187, 106, 219,
       246, 213, 187, 244, 31, 77, 85, 167, 61, 254, 190, 172, 255, 59,
       151, 215, 151, 154, 46, 245, 110, 95, 190, 234, 159, 143, 61, 253,
       95, 58, 247, 244, 171, 116, 189, 18, 169, 222, 150, 165, 172, 191,
       247, 126, 167, 119, 253, 149, 133, 201, 178, 224, 211, 251, 127,
       147, 142, 245, 45, 127, 31, 158, 254, 254, 191, 215, 95, 248, 159,
       222, 150, 167, 255, 255, 171, 231, 255, 243, 191, 180, 253, 225,
       59, 223, 251, 223, 239, 215, 190, 236, 45, 87, 66, 26, 182, 252,
       103, 180, 186, 82, 173, 202, 218, 231, 172, 191, 55, 74, 230, 127,
       191, 197, 128, 201, 130, 232, 23, 126, 250, 139, 143, 117, 37,
       223, 48, 81, 27, 108, 29, 71, 70, 120, 196, 128, 232, 42, 82, 209,
       33, 112, 216, 232, 106, 98, 72, 163, 18, 28, 241, 164, 1, 27, 113,
       58, 118, 162, 53, 65, 43, 236, 93, 134, 71, 96, 196, 136, 243, 2,
       83, 217, 57, 96, 248, 236, 2, 238, 73, 163, 48, 140, 243, 237,
       130, 24, 105, 59, 112, 162, 48, 34, 143, 141, 76, 67, 160, 72, 38,
       177, 194, 78, 81, 128, 0, 74, 104, 140, 106, 136, 9, 243, 199, 28,
       20, 34, 241, 5, 105, 8, 112, 136, 160, 225, 134, 30, 89, 199, 160,
       232, 150, 180, 72, 1, 228, 224, 106, 70, 217, 108, 226, 64, 6,
       215, 155, 61, 29, 34, 71, 111, 16, 42, 37, 134, 93, 19, 198, 37,
       163, 30, 111, 24, 117, 230, 103, 134, 203, 35, 155, 255, 54, 196,
       172, 238, 205, 208, 181, 136, 198, 235, 199, 4, 175, 247, 105, 84,
       103, 91, 107, 78, 110, 86, 235, 96, 201, 204, 253, 238, 80, 220,
       183, 51, 110, 244, 86, 231, 197, 163, 166, 200, 18, 40, 226, 138,
       69, 187, 118, 245, 114, 245, 18, 206, 125, 71, 158, 232, 155, 188,
       185, 43, 78, 254, 100, 16, 255, 209, 207, 227, 106, 99, 74, 221,
       187, 150, 79, 63, 81, 59, 39, 131, 118, 119, 118, 238, 125, 79,
       218, 104, 27, 172, 185, 175, 74, 221, 30, 16, 254, 221, 247, 227,
       76, 99, 201, 220, 243, 248, 139, 183, 87, 31, 126, 87, 255, 59,
       254, 116, 167, 62, 93, 49, 249, 254, 55, 61, 75, 61, 215, 63, 167,
       244, 245, 127, 156, 241, 173, 128, 202, 219, 101, 199, 239, 237,
       218, 87, 190, 124, 107, 224, 71, 111, 211, 194, 25, 230, 180, 159,
       10, 31, 71, 25, 236, 241, 223, 243, 41, 39, 112, 250, 211, 193,
       139, 191, 103, 61, 118, 114, 232, 252, 189, 255, 109, 237, 115,
       158, 255, 190, 166, 24, 254, 245, 66, 119, 129, 118, 123, 24, 98,
       111, 251, 179, 239, 251, 85, 58, 82, 121, 199, 106, 70, 33, 150,
       158, 201, 221, 182, 200, 191, 148, 193, 9, 236, 222, 111, 199,
       217, 121, 235, 115, 70, 67, 218, 217, 189, 16, 79, 63, 18, 63, 47,
       198, 72, 249, 121, 65, 91, 208, 57, 151, 166, 117, 36, 162, 185,
       151, 198, 114, 38, 26, 251, 216, 67, 24, 183, 113, 111, 201, 54,
       105, 35, 128, 135, 250, 195, 243, 33, 129, 116, 141, 237, 189,
       110, 121, 18, 204, 144, 140, 220, 36, 22, 12, 126, 93, 215, 24,
       229, 213, 44, 24, 174, 236, 12, 140, 209, 125, 242, 112, 163, 172,
       75, 69, 145, 92, 131, 236, 144, 175, 44, 157, 103, 10, 236, 253,
       251, 193, 200, 71, 210, 192, 209, 97, 143, 187, 13, 60, 55, 251,
       243, 75, 234, 140, 110, 88, 236, 71, 233, 68, 182, 171, 43, 140,
       183, 82, 106, 165, 238, 197, 204, 47, 229, 193, 246, 121, 154, 25,
       103, 156, 255, 76, 58, 5, 115, 236, 114, 195, 95, 97, 149, 4, 253,
       163, 111, 255, 162, 112, 126, 185, 135, 162, 88, 131, 36, 159,
       242, 229, 162, 139, 55, 166, 166, 243, 61, 158, 111, 95, 118, 246,
       123, 176, 85, 79, 119, 246, 123, 119, 186, 117, 119, 252, 55, 46,
       185, 184, 45, 255, 70, 191, 160, 192, 63, 171, 124, 113, 25, 159,
       111, 239, 246, 146, 107, 119, 85, 73, 222, 230, 121, 111, 178,
       100, 126, 170, 31, 172, 251, 187, 37, 255, 126, 239, 170, 192, 63,
       138, 240, 249, 190, 30, 249, 228, 246, 111, 223, 246, 89, 234,
       188, 254, 27, 61, 151, 185, 127, 247, 223, 163, 169, 255, 97, 234,
       242, 223, 231, 180, 239, 253, 86, 249, 203, 149, 106, 155, 245,
       220, 251, 53, 253, 77, 247, 22, 252, 126, 30, 244, 230, 179, 223,
       157, 247, 41, 121, 255, 255, 125, 154, 210, 14, 142, 253, 127, 45,
       55, 251, 119, 244, 47, 117, 83, 113, 234, 119, 76, 83, 121, 19,
       57, 157, 174, 23, 60, 185, 240, 112, 10, 199, 223, 117, 32, 232,
       232, 194, 243, 35, 30, 239, 95, 118, 70, 239, 51, 248, 206, 115,
       230, 113, 108, 150, 35, 126, 102, 54, 175, 245, 248, 125, 108,
       110, 46, 246, 128, 77, 226, 114, 253, 46, 52, 224, 192, 251, 115,
       185, 75, 27, 237, 29, 191, 12, 190, 87, 172, 191, 63, 151, 149,
       146, 123, 242, 194, 31, 93, 159, 255, 199, 111, 31, 215, 170, 122,
       242, 150, 109, 117, 188, 66, 219, 142, 80, 35, 172, 220, 119, 142,
       255, 121, 179, 131, 132, 118, 162, 194, 21, 26, 219, 171, 71, 124,
       127, 223, 59, 55, 226, 74, 215, 255, 179, 87, 83, 109, 253, 126,
       10, 188, 166, 188, 252, 174, 134, 20, 159, 186, 116, 194, 23, 125,
       48, 227, 251, 79, 254, 247, 180, 30, 19, 178, 164, 175, 70, 114,
       57, 174, 59, 125, 199, 98, 165, 25, 157, 233, 6, 38, 169, 247, 8,
       46, 144, 150, 101, 176, 200, 249, 67, 145, 79, 80, 244, 222, 235,
       116, 95, 156, 35, 95, 159, 166, 72, 247, 207, 254, 119, 214, 255,
       190, 156, 67, 255, 224, 31, 126, 215, 143, 182, 247, 236, 117,
       238, 84, 246, 222, 239, 116, 92, 152, 189, 95, 247, 179, 72, 127,
       191, 255, 247, 215, 191, 162, 172, 71, 127, 225, 83, 122, 208,
       143, 183, 247, 252, 87, 38, 200, 6, 190, 77, 229, 238, 226, 151,
       10, 89, 2, 100, 216, 49, 200, 217, 235, 179, 195, 67, 178, 26,
       253, 21, 54, 219, 8, 17, 91, 112, 138, 26, 141, 98, 251, 247, 210,
       250, 247, 61, 69, 127, 179, 105, 223, 54, 196, 255, 187, 151, 149,
       254, 184, 37, 255, 119, 255, 154, 195, 183, 142, 252, 206, 7, 251,
       242, 203, 244, 177, 186, 220, 95, 73, 89, 231, 140, 222, 253, 132,
       255, 27, 151, 215, 150, 50, 8, 243, 62, 28, 174, 238, 158, 223,
       161, 149, 91, 146, 254, 236, 63, 87, 89, 120, 143, 253, 150, 39,
       111, 223, 182, 228, 254, 181, 191, 180, 141, 227, 51, 221, 219,
       251, 251, 223, 63, 172, 44, 95, 198, 185, 150, 23, 169, 238, 180,
       143, 190, 191, 75, 17, 236, 246, 74, 207, 161, 127, 233, 17, 54,
       220, 155, 97, 13, 50, 95, 71, 128, 85, 173, 78, 192, 101, 134, 29,
       89, 243, 162, 108, 182, 176, 203, 1, 228, 240, 96, 198, 209, 124,
       234, 98, 68, 213, 155, 31, 45, 34, 79, 15, 16, 63, 173, 134, 64,
       101, 6, 141, 73, 199, 166, 72, 190, 162, 203, 9, 196, 242, 97,
       198, 240, 108, 234, 98, 100, 211, 155, 95, 53, 38, 15, 63, 16,
       115, 173, 134, 70, 253, 146, 154, 251, 205, 190, 232, 174, 190,
       137, 41, 236, 246, 107, 211, 247, 123, 235, 211, 102, 67, 218,
       243, 189, 20, 15, 127, 144, 118, 47, 151, 19, 205, 99, 205, 86,
       214, 239, 242, 116, 224, 94, 194, 113, 118, 189, 100, 124, 238,
       22, 239, 233, 155, 61, 239, 61, 46, 175, 132, 45, 243, 112, 252,
       219, 142, 237, 243, 166, 168, 233, 151, 117, 83, 30, 246, 185, 47,
