%YAML:1.0
---
descriptors: !!opencv-matrix
   rows: 428
   cols: 32
   dt: u
   data: [ 154, 207, 98, 236, 54, 194, 125, 119, 165, 12, 254, 163, 43,
       143, 52, 64, 110, 177, 151, 160, 200, 191, 4, 207, 178, 249, 138,
       131, 55, 158, 244, 155, 11, 147, 17, 200, 252, 149, 184, 119, 15,
       73, 125, 78, 188, 158, 244, 228, 238, 11, 23, 157, 215, 26, 112,
       213, 60, 28, 154, 234, 158, 12, 233, 141, 3, 215, 122, 232, 118,
       149, 252, 119, 77, 77, 249, 231, 172, 10, 182, 192, 238, 155, 151,
       133, 214, 187, 4, 221, 54, 88, 186, 194, 95, 140, 169, 205, 219,
       94, 254, 54, 47, 121, 156, 134, 207, 223, 150, 191, 12, 174, 215,
       11, 167, 99, 237, 5, 164, 109, 166, 242, 211, 91, 85, 155, 135,
       252, 13, 95, 59, 132, 67, 73, 84, 178, 232, 75, 119, 65, 123, 194,
       73, 8, 188, 228, 121, 142, 18, 156, 159, 176, 101, 215, 14, 109,
       146, 68, 255, 198, 120, 132, 73, 201, 149, 173, 32, 204, 101, 55,
       172, 73, 106, 64, 189, 55, 0, 112, 166, 39, 110, 12, 65, 152, 67,
       85, 229, 230, 126, 64, 18, 144, 129, 41, 177, 73, 235, 237, 254,
       6, 239, 245, 84, 192, 212, 70, 113, 43, 179, 98, 126, 229, 30,
       239, 233, 187, 101, 46, 244, 175, 174, 136, 61, 248, 241, 233,
       107, 143, 101, 13, 213, 178, 237, 55, 117, 96, 222, 198, 185, 44,
       150, 228, 72, 166, 180, 141, 189, 184, 101, 207, 38, 127, 186,
       192, 111, 132, 248, 124, 190, 107, 98, 12, 77, 91, 221, 64, 201,
       228, 180, 171, 10, 140, 247, 159, 106, 172, 203, 231, 76, 99, 230,
       216, 18, 89, 193, 63, 119, 61, 94, 214, 11, 187, 185, 187, 250,
       189, 185, 149, 143, 121, 29, 239, 188, 222, 222, 40, 135, 59, 151,
       21, 151, 72, 62, 241, 206, 93, 59, 234, 156, 134, 135, 253, 137,
       14, 95, 85, 96, 174, 237, 55, 124, 11, 118, 116, 179, 35, 148,
       125, 167, 46, 38, 12, 225, 252, 33, 78, 70, 187, 112, 128, 74,
       192, 193, 169, 25, 150, 239, 225, 180, 38, 105, 87, 116, 105, 222,
       246, 17, 47, 176, 104, 127, 142, 31, 188, 185, 184, 37, 198, 222,
       239, 178, 196, 173, 200, 240, 113, 138, 247, 117, 219, 107, 248,
       184, 23, 175, 93, 116, 241, 172, 159, 142, 239, 167, 27, 255, 1,
       183, 76, 163, 243, 39, 121, 122, 139, 22, 196, 143, 255, 218, 150,
       239, 180, 18, 242, 185, 123, 176, 207, 86, 247, 109, 238, 186,
       192, 55, 247, 189, 165, 181, 205, 166, 207, 250, 103, 255, 195,
       175, 164, 61, 85, 235, 90, 126, 222, 126, 144, 189, 89, 159, 66,
       213, 255, 252, 95, 149, 41, 238, 51, 255, 135, 227, 239, 107, 255,
       86, 123, 250, 154, 63, 143, 53, 121, 111, 62, 232, 82, 231, 127,
       251, 218, 123, 254, 63, 255, 88, 61, 223, 191, 191, 213, 247, 191,
       149, 114, 173, 226, 94, 95, 245, 231, 239, 247, 94, 117, 161, 54,
       243, 69, 214, 47, 227, 83, 81, 238, 124, 30, 18, 53, 149, 52, 124,
       156, 23, 172, 168, 182, 117, 206, 87, 14, 161, 160, 231, 232, 118,
       241, 94, 57, 255, 250, 171, 208, 185, 192, 174, 209, 71, 35, 188,
       223, 101, 106, 162, 121, 251, 211, 19, 201, 186, 224, 219, 241,
       75, 203, 130, 35, 39, 243, 37, 55, 123, 73, 244, 227, 235, 120,
       87, 172, 125, 230, 112, 197, 189, 36, 94, 56, 2, 106, 193, 178,
       124, 223, 37, 28, 161, 236, 85, 235, 116, 241, 146, 216, 191, 254,
       3, 240, 49, 102, 189, 83, 70, 50, 60, 183, 34, 107, 227, 59, 187,
       128, 35, 221, 50, 229, 211, 227, 90, 3, 48, 80, 165, 250, 82, 154,
       255, 196, 54, 82, 91, 48, 233, 204, 182, 231, 104, 63, 167, 114,
       230, 245, 253, 192, 141, 201, 161, 237, 82, 255, 225, 147, 39,
       165, 100, 95, 90, 26, 102, 189, 55, 210, 88, 50, 189, 77, 223,
       231, 107, 45, 182, 196, 230, 181, 189, 165, 173, 169, 21, 205,
       146, 119, 138, 211, 47, 164, 124, 95, 94, 146, 231, 225, 167, 54,
       249, 89, 45, 61, 223, 247, 77, 47, 188, 206, 127, 151, 191, 189,
       154, 145, 37, 196, 222, 255, 250, 196, 167, 143, 245, 113, 134,
       144, 99, 148, 103, 214, 185, 97, 57, 73, 83, 147, 76, 254, 60,
       173, 255, 189, 179, 165, 165, 247, 186, 204, 29, 58, 219, 195, 5,
       36, 55, 247, 136, 152, 154, 184, 81, 245, 176, 71, 191, 31, 100,
       17, 172, 155, 38, 201, 229, 59, 130, 16, 54, 221, 18, 243, 199,
       247, 26, 75, 210, 4, 169, 143, 31, 84, 106, 143, 118, 145, 187,
       121, 63, 96, 93, 175, 121, 204, 191, 97, 62, 185, 151, 165, 247,
       55, 60, 223, 118, 109, 171, 224, 127, 142, 51, 245, 239, 90, 231,
       84, 108, 82, 253, 48, 249, 222, 214, 246, 89, 191, 183, 255, 78,
       245, 253, 239, 229, 199, 166, 226, 82, 123, 250, 138, 15, 181,
       124, 117, 219, 150, 102, 141, 55, 178, 184, 50, 253, 77, 254, 247,
       104, 42, 182, 229, 230, 167, 189, 165, 181, 153, 37, 207, 26, 126,
       186, 195, 159, 132, 121, 93, 239, 58, 127, 246, 102, 180, 157, 83,
       173, 90, 211, 255, 28, 222, 183, 123, 198, 189, 255, 131, 165,
       195, 162, 192, 82, 123, 250, 154, 15, 245, 37, 119, 189, 23, 111,
       109, 182, 51, 79, 121, 85, 232, 255, 230, 91, 109, 191, 96, 126,
       182, 31, 238, 169, 177, 101, 158, 226, 237, 161, 144, 127, 206,
       248, 113, 59, 221, 114, 238, 117, 212, 254, 119, 29, 77, 126, 39,
       41, 254, 54, 228, 254, 187, 151, 129, 207, 186, 48, 255, 119, 253,
       158, 139, 119, 30, 252, 255, 166, 156, 147, 223, 101, 231, 190,
       99, 29, 138, 81, 18, 236, 253, 36, 196, 248, 123, 147, 195, 112,
       190, 26, 235, 37, 54, 143, 11, 23, 122, 181, 170, 123, 50, 249,
       97, 170, 61, 217, 83, 111, 239, 182, 253, 30, 29, 222, 62, 159,
       157, 253, 21, 157, 183, 225, 194, 218, 253, 56, 242, 207, 244,
       163, 119, 33, 61, 235, 69, 244, 107, 103, 23, 113, 229, 126, 168,
       19, 165, 146, 52, 122, 252, 6, 56, 217, 186, 244, 14, 119, 172,
       37, 0, 231, 250, 214, 240, 61, 94, 233, 76, 124, 22, 79, 252, 81,
       202, 252, 238, 91, 45, 151, 180, 92, 204, 149, 238, 201, 178, 237,
       138, 114, 239, 165, 132, 127, 255, 122, 117, 119, 113, 225, 200,
       108, 37, 207, 216, 11, 200, 185, 110, 26, 221, 253, 38, 220, 200,
       87, 255, 139, 35, 250, 192, 16, 24, 171, 190, 95, 251, 114, 245,
       103, 54, 232, 8, 251, 49, 186, 202, 27, 255, 29, 255, 72, 236,
       223, 62, 183, 201, 183, 149, 150, 66, 238, 240, 30, 28, 143, 255,
       221, 247, 159, 215, 255, 183, 119, 232, 188, 191, 89, 223, 207,
       89, 188, 253, 30, 29, 157, 183, 135, 149, 221, 53, 251, 107, 97,
       214, 154, 216, 169, 222, 142, 205, 210, 117, 51, 167, 107, 197,
       70, 149, 235, 121, 59, 232, 95, 194, 121, 238, 253, 32, 126, 141,
       55, 189, 146, 178, 172, 221, 127, 77, 171, 228, 37, 142, 115, 229,
       46, 179, 233, 106, 255, 249, 147, 204, 75, 93, 60, 173, 142, 252,
       255, 32, 159, 91, 151, 81, 150, 34, 238, 176, 107, 85, 45, 239,
       215, 127, 215, 247, 243, 200, 69, 222, 14, 132, 207, 182, 196, 64,
       212, 198, 49, 194, 177, 101, 72, 226, 63, 204, 203, 141, 118, 189,
       176, 168, 186, 136, 61, 152, 112, 56, 139, 91, 122, 252, 108, 221,
       248, 112, 157, 92, 116, 175, 189, 158, 183, 33, 174, 185, 223, 71,
       230, 47, 38, 253, 86, 89, 250, 169, 22, 141, 95, 219, 221, 108,
       110, 101, 21, 118, 91, 112, 117, 206, 215, 146, 89, 31, 147, 253,
       126, 236, 149, 238, 233, 214, 117, 142, 211, 235, 226, 129, 39,
       245, 126, 113, 231, 114, 248, 72, 201, 93, 210, 220, 251, 94, 180,
       125, 10, 220, 239, 191, 153, 200, 198, 114, 174, 103, 238, 208,
       27, 88, 101, 255, 251, 53, 110, 215, 47, 187, 249, 209, 244, 255,
       249, 83, 95, 237, 124, 110, 8, 188, 246, 172, 253, 187, 151, 145,
       155, 250, 97, 144, 28, 95, 191, 226, 215, 76, 222, 245, 27, 191,
       111, 229, 182, 162, 255, 55, 45, 200, 122, 231, 121, 47, 148, 113,
       126, 255, 53, 173, 201, 184, 165, 204, 254, 232, 174, 128, 45,
       226, 240, 89, 25, 205, 79, 254, 52, 130, 111, 246, 253, 66, 94,
       226, 121, 231, 177, 97, 98, 243, 63, 202, 225, 217, 38, 239, 242,
       239, 254, 128, 63, 241, 97, 56, 34, 205, 106, 222, 117, 215, 254,
