%YAML:1.0
---
descriptors: !!opencv-matrix
   rows: 274
   cols: 32
   dt: u
   data: [ 159, 146, 71, 155, 228, 143, 233, 249, 61, 95, 247, 247, 248,
       206, 190, 237, 127, 139, 191, 175, 187, 247, 47, 247, 220, 26,
       250, 196, 63, 143, 241, 241, 57, 247, 91, 170, 118, 135, 94, 252,
       5, 8, 249, 111, 119, 211, 168, 80, 254, 136, 6, 238, 203, 2, 24,
       63, 242, 205, 165, 252, 57, 154, 106, 153, 18, 133, 31, 190, 6,
       192, 125, 103, 180, 7, 194, 3, 61, 179, 32, 65, 224, 179, 31, 128,
       120, 153, 18, 205, 241, 226, 218, 1, 52, 0, 181, 10, 160, 204, 9,
       217, 84, 133, 235, 230, 84, 0, 112, 2, 176, 137, 48, 0, 88, 42,
       19, 73, 98, 190, 80, 191, 101, 140, 154, 40, 21, 8, 112, 168, 32,
       207, 123, 79, 116, 131, 239, 244, 84, 8, 124, 98, 113, 65, 189,
       36, 122, 248, 6, 234, 225, 178, 44, 63, 100, 44, 162, 0, 117, 187,
       102, 169, 190, 28, 248, 228, 181, 127, 222, 234, 25, 238, 188, 15,
       11, 60, 55, 185, 255, 223, 151, 227, 189, 247, 113, 234, 251, 223,
       199, 183, 247, 125, 94, 215, 34, 137, 50, 155, 125, 201, 178, 101,
       143, 1, 216, 3, 172, 222, 36, 68, 232, 59, 11, 65, 86, 185, 82,
       253, 117, 52, 138, 67, 20, 10, 181, 142, 35, 135, 97, 73, 84, 190,
       232, 91, 125, 1, 122, 70, 153, 40, 188, 228, 126, 138, 18, 188,
       147, 184, 117, 223, 14, 60, 130, 68, 247, 206, 121, 164, 64, 5,
       23, 161, 176, 106, 97, 7, 44, 41, 74, 97, 213, 51, 8, 88, 243, 6,
       127, 48, 17, 152, 1, 68, 205, 166, 186, 68, 136, 64, 129, 34, 88,
       147, 81, 109, 180, 140, 101, 55, 108, 1, 106, 72, 191, 3, 0, 244,
       50, 158, 4, 8, 91, 184, 209, 5, 165, 252, 34, 64, 106, 128, 195,
       40, 3, 129, 24, 203, 214, 129, 44, 101, 69, 1, 81, 2, 160, 18,
       164, 96, 92, 10, 18, 136, 87, 24, 36, 221, 38, 44, 142, 74, 60,
       138, 176, 172, 135, 80, 235, 209, 230, 151, 255, 215, 31, 234, 86,
       215, 25, 222, 247, 108, 127, 169, 23, 223, 227, 183, 52, 210, 30,
       95, 191, 132, 191, 253, 241, 245, 223, 120, 238, 48, 235, 120, 61,
       222, 171, 254, 54, 191, 12, 158, 223, 27, 167, 213, 253, 247, 228,
       87, 174, 240, 82, 91, 127, 175, 239, 245, 143, 87, 185, 23, 111,
       109, 54, 27, 79, 121, 69, 108, 255, 230, 91, 109, 179, 96, 126,
       132, 21, 238, 233, 176, 109, 31, 98, 205, 161, 148, 127, 174, 80,
       113, 19, 232, 107, 195, 86, 193, 235, 200, 63, 96, 81, 130, 121,
       207, 188, 32, 122, 137, 23, 237, 131, 182, 172, 221, 118, 12, 171,
       164, 53, 134, 115, 224, 111, 54, 240, 67, 203, 125, 191, 155, 91,
       255, 61, 191, 88, 60, 223, 188, 63, 215, 247, 63, 149, 114, 253,
       210, 95, 31, 117, 247, 239, 239, 222, 247, 162, 152, 235, 158,
       103, 230, 185, 66, 29, 79, 86, 183, 120, 254, 118, 72, 255, 125,
       179, 133, 160, 254, 182, 226, 95, 62, 218, 203, 133, 109, 119,
       243, 53, 95, 239, 246, 238, 0, 239, 244, 80, 248, 180, 238, 81,
       237, 209, 43, 127, 204, 55, 255, 249, 122, 238, 232, 124, 138,
       239, 172, 237, 250, 114, 249, 88, 115, 90, 160, 114, 146, 122, 80,
       41, 44, 91, 235, 31, 31, 130, 208, 182, 157, 149, 241, 142, 146,
       132, 142, 246, 229, 42, 225, 36, 131, 47, 65, 234, 92, 111, 222,
       79, 244, 154, 228, 137, 78, 244, 7, 104, 220, 55, 251, 204, 241,
       187, 195, 135, 47, 186, 237, 19, 123, 218, 155, 23, 31, 124, 95,
       158, 90, 202, 166, 66, 34, 58, 80, 172, 142, 95, 231, 77, 199,
       163, 66, 54, 237, 239, 231, 132, 151, 140, 234, 214, 101, 171,
       137, 45, 247, 41, 209, 173, 99, 98, 12, 85, 219, 99, 120, 225,
       196, 237, 141, 75, 196, 191, 148, 58, 168, 198, 110, 76, 35, 180,
       206, 54, 93, 1, 43, 115, 166, 110, 212, 94, 182, 248, 33, 195,
       122, 189, 155, 59, 255, 22, 191, 141, 62, 202, 188, 183, 93, 253,
       17, 149, 208, 173, 130, 207, 215, 125, 231, 174, 116, 143, 119,
       255, 31, 246, 116, 167, 126, 87, 18, 249, 238, 62, 45, 75, 189,
       183, 63, 166, 246, 245, 67, 172, 241, 48, 168, 195, 251, 69, 147,
       239, 253, 78, 127, 170, 151, 125, 107, 185, 253, 89, 31, 223, 125,
       181, 245, 251, 127, 206, 183, 135, 26, 221, 20, 183, 104, 121,
       181, 235, 217, 116, 243, 218, 132, 205, 127, 107, 177, 228, 149,
       239, 116, 188, 231, 187, 255, 28, 159, 136, 188, 86, 175, 175,
       215, 243, 133, 244, 122, 246, 192, 63, 91, 223, 239, 199, 100,
       159, 223, 18, 227, 114, 233, 119, 147, 248, 101, 13, 5, 248, 135,
       173, 138, 54, 196, 254, 171, 151, 197, 214, 187, 4, 221, 180, 252,
       138, 203, 93, 14, 249, 221, 59, 141, 34, 138, 93, 213, 202, 233,
       215, 68, 236, 11, 42, 204, 55, 132, 248, 170, 131, 77, 78, 43, 58,
       191, 59, 93, 1, 57, 83, 14, 124, 206, 186, 145, 98, 232, 117, 213,
       248, 97, 141, 77, 217, 3, 44, 222, 54, 196, 254, 185, 151, 129,
       206, 171, 18, 223, 147, 120, 138, 203, 55, 14, 125, 223, 98, 47,
       138, 132, 221, 47, 207, 230, 128, 166, 172, 143, 34, 168, 86, 18,
       200, 230, 67, 239, 220, 43, 208, 170, 124, 24, 133, 57, 73, 124,
       90, 218, 91, 185, 19, 186, 187, 205, 19, 194, 175, 89, 168, 13,
       190, 222, 98, 212, 166, 51, 253, 81, 87, 11, 186, 245, 185, 212,
       26, 122, 154, 7, 167, 127, 120, 185, 185, 234, 185, 221, 82, 254,
       171, 109, 188, 9, 62, 191, 70, 144, 167, 219, 221, 80, 94, 43,
       186, 245, 251, 221, 22, 123, 210, 2, 167, 91, 218, 149, 58, 155,
       181, 222, 123, 101, 61, 77, 247, 19, 238, 62, 46, 213, 238, 151,
       223, 161, 126, 191, 113, 223, 255, 247, 154, 211, 7, 12, 253, 95,
       107, 28, 127, 109, 118, 46, 251, 55, 113, 67, 254, 242, 121, 61,
       148, 112, 118, 183, 125, 173, 181, 184, 101, 207, 118, 255, 178,
       128, 111, 228, 114, 121, 119, 59, 72, 128, 250, 19, 74, 89, 11,
       232, 153, 239, 129, 138, 215, 16, 126, 237, 23, 247, 157, 26, 204,
       202, 188, 4, 175, 252, 173, 167, 58, 213, 231, 120, 204, 144, 72,
       53, 200, 138, 154, 242, 128, 223, 129, 138, 87, 27, 205, 229, 251,
       215, 175, 71, 222, 226, 30, 11, 223, 188, 141, 117, 26, 212, 199,
       210, 252, 216, 238, 53, 218, 152, 239, 31, 149, 244, 92, 222, 223,
       127, 135, 81, 255, 255, 134, 71, 175, 241, 30, 121, 107, 222, 158,
       149, 57, 5, 179, 80, 105, 72, 106, 59, 185, 88, 15, 192, 116, 175,
       25, 204, 183, 60, 62, 185, 151, 231, 133, 182, 54, 218, 86, 125,
       42, 138, 127, 189, 7, 213, 190, 116, 238, 117, 5, 86, 122, 240,
       113, 234, 119, 19, 73, 217, 215, 255, 121, 252, 181, 251, 236,
       245, 189, 138, 91, 251, 197, 197, 231, 247, 124, 66, 155, 203,
       114, 201, 247, 151, 252, 247, 125, 77, 214, 183, 8, 174, 182, 228,
       255, 143, 151, 205, 246, 186, 37, 247, 62, 127, 158, 195, 55, 140,
       185, 221, 26, 188, 234, 243, 151, 123, 185, 71, 55, 179, 94, 178,
       185, 63, 66, 228, 111, 191, 187, 145, 51, 216, 117, 194, 207, 199,
       158, 71, 175, 104, 188, 186, 3, 145, 80, 200, 245, 145, 248, 71,
       15, 73, 121, 110, 140, 158, 246, 196, 254, 155, 151, 157, 151, 26,
       80, 213, 60, 28, 154, 234, 159, 14, 249, 133, 34, 145, 50, 202,
       125, 213, 184, 109, 79, 77, 125, 35, 172, 156, 54, 196, 206, 57,
       151, 209, 150, 43, 50, 213, 23, 29, 154, 235, 87, 14, 253, 223,
       26, 159, 122, 191, 114, 184, 185, 119, 61, 77, 94, 247, 45, 175,
       182, 64, 54, 59, 151, 133, 146, 152, 36, 239, 126, 103, 58, 195,
       47, 196, 173, 249, 93, 3, 206, 5, 131, 54, 111, 24, 100, 196, 79,
       135, 73, 102, 155, 207, 118, 68, 168, 238, 213, 208, 181, 136,
       198, 235, 195, 4, 175, 247, 121, 116, 23, 211, 99, 129, 242, 134,
       175, 249, 36, 200, 91, 231, 89, 78, 189, 100, 118, 141, 23, 255,
       215, 145, 61, 220, 56, 44, 175, 196, 173, 167, 161, 245, 234, 92,
       122, 222, 111, 212, 158, 220, 155, 90, 245, 47, 124, 220, 63, 249,
       220, 243, 191, 195, 231, 39, 58, 243, 115, 123, 222, 155, 31, 95,
       252, 95, 254, 124, 238, 84, 203, 116, 255, 214, 249, 222, 246,
       167, 104, 254, 127, 127, 255, 249, 183, 246, 237, 199, 182, 234,
