%YAML:1.0
---
descriptors: !!opencv-matrix
   rows: 149
   cols: 32
   dt: u
   data: [ 234, 58, 181, 116, 109, 237, 153, 71, 187, 255, 180, 57, 62,
       157, 84, 187, 143, 179, 253, 17, 178, 111, 162, 193, 95, 91, 127,
       251, 199, 68, 135, 123, 226, 188, 254, 88, 203, 248, 80, 71, 251,
       87, 164, 57, 42, 174, 102, 31, 129, 179, 239, 16, 62, 79, 178,
       243, 91, 91, 80, 123, 211, 68, 238, 94, 171, 244, 255, 254, 108,
       253, 253, 222, 255, 123, 124, 124, 188, 190, 252, 58, 239, 187,
       119, 12, 163, 255, 162, 211, 22, 255, 122, 170, 222, 208, 227,
       253, 183, 70, 99, 140, 84, 130, 206, 112, 149, 134, 211, 215, 67,
       204, 189, 193, 124, 236, 23, 239, 236, 151, 4, 158, 48, 42, 171,
       128, 53, 189, 112, 208, 177, 69, 107, 12, 84, 135, 199, 120, 212,
       192, 217, 78, 83, 200, 181, 96, 120, 168, 22, 111, 237, 183, 4,
       30, 48, 44, 33, 20, 125, 171, 112, 132, 216, 156, 53, 215, 42, 6,
       149, 184, 220, 178, 134, 114, 255, 55, 136, 111, 103, 87, 124,
       106, 233, 237, 105, 173, 241, 227, 95, 22, 2, 104, 5, 57, 91, 221,
       230, 126, 187, 118, 159, 190, 241, 78, 222, 165, 105, 254, 191,
       119, 215, 119, 189, 231, 236, 67, 191, 239, 99, 127, 239, 143, 47,
       247, 61, 127, 207, 51, 230, 177, 251, 244, 249, 80, 191, 220, 86,
       183, 205, 254, 223, 127, 166, 255, 255, 213, 183, 213, 183, 226,
       95, 123, 91, 203, 175, 133, 39, 87, 253, 75, 77, 101, 134, 10,
       111, 57, 116, 224, 242, 230, 83, 33, 145, 113, 122, 196, 124, 238,
       233, 176, 101, 12, 244, 235, 229, 148, 109, 187, 208, 32, 75, 254,
       133, 21, 227, 58, 60, 7, 59, 251, 10, 253, 172, 38, 214, 190, 167,
       103, 248, 149, 245, 88, 165, 226, 46, 86, 222, 162, 138, 84, 139,
       93, 48, 44, 206, 156, 92, 11, 192, 107, 86, 161, 242, 90, 115,
       224, 0, 9, 89, 236, 106, 8, 40, 255, 71, 29, 216, 166, 213, 84,
       101, 40, 122, 8, 205, 248, 172, 179, 141, 173, 93, 190, 150, 191,
       6, 21, 247, 247, 90, 74, 209, 70, 121, 29, 58, 76, 251, 179, 207,
       219, 221, 116, 130, 248, 213, 106, 6, 233, 148, 159, 217, 131,
       162, 232, 158, 177, 96, 0, 228, 226, 109, 194, 209, 127, 162, 80,
       34, 80, 203, 253, 13, 54, 207, 111, 144, 42, 13, 130, 91, 247,
       255, 253, 238, 146, 253, 255, 255, 91, 222, 246, 253, 255, 254,
       99, 111, 223, 255, 137, 243, 217, 231, 215, 254, 255, 255, 192,
       47, 212, 241, 249, 106, 43, 248, 199, 245, 185, 127, 71, 123, 37,
       255, 159, 170, 170, 214, 20, 235, 238, 230, 156, 28, 186, 228,
       226, 62, 127, 150, 115, 231, 206, 238, 204, 106, 220, 245, 254,
       111, 117, 253, 222, 155, 87, 188, 159, 44, 191, 119, 254, 239,
       211, 255, 129, 166, 107, 242, 243, 87, 255, 222, 187, 183, 220,
       228, 127, 238, 236, 179, 158, 221, 127, 182, 236, 95, 227, 249,
       27, 204, 252, 45, 253, 249, 223, 234, 115, 116, 111, 219, 254,
       189, 118, 95, 127, 210, 127, 175, 142, 27, 135, 73, 227, 54, 11,
       235, 121, 62, 225, 91, 246, 221, 15, 152, 96, 127, 15, 23, 189,
       241, 156, 13, 222, 204, 143, 190, 128, 45, 130, 177, 185, 50, 16,
       114, 128, 87, 31, 184, 64, 45, 96, 243, 171, 142, 30, 38, 196,
       254, 149, 223, 225, 140, 179, 81, 200, 151, 80, 138, 23, 23, 14,
       61, 215, 127, 159, 239, 254, 190, 19, 223, 248, 95, 234, 254, 238,
       123, 239, 189, 113, 127, 255, 63, 239, 249, 251, 111, 255, 250,
       255, 239, 212, 255, 251, 240, 113, 123, 199, 70, 71, 151, 18, 110,
       61, 101, 160, 255, 230, 75, 35, 158, 245, 122, 198, 172, 238, 205,
       185, 5, 204, 182, 120, 135, 133, 47, 182, 248, 12, 124, 126, 184,
       230, 200, 68, 95, 220, 163, 236, 180, 13, 31, 87, 75, 18, 165,
       213, 253, 242, 74, 67, 250, 42, 251, 193, 165, 189, 160, 243, 134,
       83, 124, 176, 153, 106, 91, 79, 83, 216, 35, 189, 173, 13, 95,
       223, 72, 16, 159, 157, 205, 98, 10, 99, 219, 49, 219, 205, 37,
       127, 242, 35, 6, 211, 120, 20, 141, 181, 13, 78, 68, 42, 166, 178,
       131, 26, 247, 61, 0, 235, 201, 214, 121, 163, 61, 201, 249, 172,
       249, 227, 221, 21, 32, 105, 148, 34, 180, 127, 63, 243, 140, 103,
       158, 246, 180, 218, 195, 81, 211, 252, 89, 107, 221, 127, 95, 243,
       253, 239, 249, 46, 235, 203, 255, 80, 192, 121, 181, 210, 92, 182,
       179, 246, 185, 124, 95, 153, 171, 223, 143, 56, 207, 247, 201,
       190, 151, 215, 253, 25, 59, 65, 171, 162, 217, 245, 127, 127, 130,
       247, 135, 113, 3, 97, 99, 137, 78, 137, 169, 64, 238, 49, 211,
       194, 188, 138, 116, 74, 110, 153, 123, 221, 130, 63, 199, 241, 20,
       32, 154, 72, 77, 11, 33, 136, 252, 121, 250, 118, 237, 94, 87,
       220, 113, 238, 246, 44, 123, 253, 223, 58, 62, 252, 229, 106, 204,
       247, 184, 42, 115, 235, 101, 29, 103, 247, 238, 219, 60, 93, 106,
       204, 244, 214, 255, 116, 68, 204, 254, 34, 121, 253, 183, 96, 126,
       252, 23, 234, 201, 179, 53, 142, 123, 237, 167, 128, 39, 186, 116,
       249, 60, 124, 242, 102, 253, 127, 86, 216, 83, 238, 191, 11, 75,
       253, 95, 154, 63, 252, 213, 114, 140, 231, 184, 170, 243, 223, 37,
       61, 231, 255, 126, 211, 253, 255, 103, 6, 124, 31, 238, 240, 225,
       232, 188, 239, 115, 76, 151, 183, 60, 228, 84, 111, 237, 123, 172,
       45, 50, 73, 229, 180, 111, 191, 90, 221, 125, 67, 203, 236, 78, 3,
       199, 216, 66, 128, 253, 206, 83, 193, 185, 114, 88, 192, 110, 238,
       201, 39, 175, 153, 114, 169, 225, 60, 125, 251, 114, 160, 65, 160,
       142, 157, 26, 131, 32, 72, 254, 177, 66, 2, 228, 194, 96, 66, 113,
       108, 106, 144, 6, 217, 159, 93, 28, 34, 223, 108, 16, 32, 33, 140,
       214, 95, 114, 163, 55, 31, 126, 240, 45, 236, 255, 47, 79, 94,
       135, 213, 190, 213, 255, 115, 236, 177, 137, 236, 190, 248, 7,
       215, 107, 191, 75, 87, 0, 96, 78, 217, 76, 139, 232, 68, 239, 17,
       115, 66, 147, 139, 84, 74, 104, 172, 110, 217, 10, 184, 199, 241,
       20, 168, 146, 64, 101, 137, 112, 168, 66, 32, 18, 136, 75, 9, 168,
       72, 174, 32, 194, 9, 140, 130, 32, 80, 234, 13, 107, 225, 0, 3,
       147, 208, 149, 48, 138, 59, 16, 2, 43, 130, 201, 188, 125, 250,
       236, 185, 121, 155, 255, 211, 244, 222, 191, 207, 212, 123, 111,
       251, 127, 156, 179, 110, 247, 247, 222, 251, 251, 248, 150, 136,
       193, 121, 207, 19, 117, 199, 229, 86, 127, 184, 125, 234, 87, 228,
       221, 95, 159, 237, 214, 85, 191, 238, 245, 148, 253, 206, 78, 123,
       235, 196, 14, 167, 9, 117, 70, 169, 150, 159, 73, 205, 178, 168,
       174, 145, 67, 1, 228, 242, 108, 198, 209, 111, 234, 67, 70, 65,
       218, 121, 13, 50, 79, 107, 16, 43, 61, 134, 190, 223, 100, 206,
       238, 19, 159, 252, 1, 238, 188, 239, 105, 108, 191, 135, 95, 213,
       151, 231, 236, 35, 110, 191, 50, 74, 237, 191, 55, 255, 84, 253,
       52, 61, 27, 233, 60, 231, 227, 216, 22, 104, 253, 2, 215, 213, 33,
       64, 121, 216, 6, 106, 10, 179, 91, 159, 241, 197, 163, 44, 117,
       171, 52, 243, 70, 166, 141, 211, 140, 45, 77, 158, 186, 191, 140,
       88, 246, 243, 88, 59, 129, 70, 125, 30, 42, 67, 203, 49, 217, 154,
       213, 124, 144, 249, 211, 41, 34, 91, 107, 207, 118, 193, 191, 240,
       140, 76, 120, 231, 56, 239, 53, 64, 126, 251, 19, 199, 194, 187,
       6, 253, 117, 44, 170, 136, 85, 187, 117, 249, 217, 75, 71, 101,
       102, 10, 111, 180, 117, 234, 114, 198, 91, 33, 145, 119, 50, 196,
       124, 110, 233, 180, 101, 110, 244, 234, 101, 132, 111, 178, 66,
       41, 29, 21, 91, 239, 180, 6, 111, 121, 116, 72, 255, 70, 83, 247,
       168, 96, 120, 188, 14, 234, 217, 147, 61, 31, 241, 237, 163, 68,
       49, 170, 224, 48, 237, 151, 237, 234, 172, 55, 79, 184, 211, 250,
       189, 252, 211, 109, 217, 107, 95, 198, 125, 127, 249, 102, 239,
       178, 234, 219, 229, 188, 188, 251, 208, 113, 10, 132, 244, 247,
       229, 58, 252, 191, 123, 179, 91, 146, 233, 123, 220, 173, 183,
       255, 53, 173, 176, 252, 205, 239, 78, 223, 215, 198, 167, 228,
       209, 9, 68, 164, 157, 225, 172, 109, 69, 142, 170, 183, 136, 24,
