%YAML:1.0
---
descriptors: !!opencv-matrix
   rows: 252
   cols: 32
   dt: u
   data: [ 234, 185, 100, 52, 79, 253, 185, 186, 11, 117, 28, 157, 136,
       60, 86, 134, 175, 151, 243, 133, 182, 122, 254, 213, 31, 95, 89,
       255, 87, 44, 215, 246, 117, 34, 136, 24, 172, 188, 144, 2, 238,
       27, 171, 93, 131, 136, 198, 223, 205, 134, 232, 20, 158, 99, 199,
       0, 152, 241, 90, 125, 200, 196, 155, 4, 73, 163, 140, 53, 172,
       189, 160, 7, 238, 249, 138, 221, 227, 168, 222, 202, 133, 71, 234,
       21, 159, 233, 199, 1, 140, 39, 117, 81, 200, 76, 216, 76, 115,
       162, 132, 53, 56, 31, 72, 63, 187, 173, 164, 205, 167, 162, 66,
       151, 196, 236, 236, 60, 172, 90, 197, 28, 156, 246, 217, 178, 10,
       172, 10, 29, 6, 149, 16, 137, 245, 247, 178, 99, 14, 37, 89, 35,
       140, 60, 46, 132, 223, 27, 131, 49, 22, 184, 25, 221, 45, 20, 138,
       71, 148, 78, 189, 215, 63, 159, 123, 79, 246, 254, 251, 242, 125,
       77, 254, 231, 123, 124, 159, 96, 255, 255, 151, 71, 175, 186, 125,
       239, 118, 127, 34, 130, 239, 223, 124, 221, 14, 113, 48, 131, 109,
       85, 188, 200, 143, 188, 29, 11, 140, 222, 111, 135, 200, 25, 211,
       99, 70, 99, 250, 208, 47, 80, 207, 47, 18, 63, 31, 215, 103, 2,
       164, 53, 140, 51, 140, 43, 206, 247, 147, 221, 225, 108, 215, 170,
       13, 71, 249, 149, 181, 237, 127, 24, 136, 83, 223, 149, 221, 108,
       155, 84, 199, 175, 172, 13, 136, 22, 206, 143, 155, 254, 156, 205,
       193, 108, 215, 207, 5, 198, 249, 159, 247, 65, 207, 242, 44, 59,
       207, 180, 157, 244, 26, 92, 86, 93, 99, 244, 82, 134, 175, 112,
       168, 136, 219, 226, 124, 255, 53, 66, 110, 245, 31, 227, 128, 131,
       128, 236, 113, 44, 171, 136, 37, 115, 51, 161, 3, 148, 145, 153,
       179, 167, 184, 135, 31, 11, 74, 114, 172, 54, 36, 236, 247, 27,
       59, 145, 55, 156, 17, 215, 13, 22, 154, 194, 152, 76, 161, 31,
       119, 71, 111, 132, 214, 2, 175, 112, 161, 198, 219, 199, 89, 238,
       183, 115, 126, 245, 55, 231, 229, 215, 164, 206, 122, 46, 239,
       136, 45, 183, 119, 213, 57, 151, 107, 233, 246, 215, 251, 113, 69,
       76, 254, 102, 89, 29, 182, 96, 126, 170, 23, 252, 217, 184, 117,
       157, 126, 205, 162, 192, 127, 142, 240, 243, 21, 70, 67, 234, 150,
       166, 107, 80, 52, 128, 211, 198, 81, 195, 177, 104, 126, 168, 30,
       190, 169, 151, 61, 206, 176, 174, 171, 192, 189, 187, 48, 160, 61,
       100, 107, 193, 214, 55, 235, 248, 112, 228, 93, 202, 81, 68, 191,
       61, 126, 140, 23, 255, 225, 147, 61, 92, 124, 11, 171, 228, 53,
       243, 114, 240, 213, 238, 12, 57, 172, 56, 192, 159, 118, 51, 130,
       221, 195, 136, 211, 203, 73, 196, 108, 28, 190, 111, 197, 0, 138,
       242, 151, 85, 204, 252, 90, 4, 9, 34, 149, 165, 60, 15, 105, 27,
       22, 185, 23, 84, 151, 35, 192, 206, 93, 12, 46, 60, 27, 216, 65,
       158, 204, 199, 191, 180, 154, 168, 144, 161, 187, 214, 107, 236,
       54, 146, 127, 117, 69, 76, 246, 167, 123, 31, 182, 97, 126, 185,
       151, 238, 233, 191, 37, 223, 242, 233, 170, 128, 55, 142, 112,
       121, 29, 34, 99, 209, 86, 191, 232, 80, 127, 235, 83, 214, 89,
       139, 252, 237, 123, 140, 54, 156, 149, 244, 5, 214, 30, 206, 187,
       196, 175, 141, 113, 149, 17, 140, 106, 217, 84, 187, 235, 115,
       127, 65, 95, 66, 189, 171, 178, 96, 115, 170, 22, 24, 179, 184,
       53, 223, 206, 239, 178, 192, 191, 136, 113, 168, 6, 126, 176, 147,
       239, 227, 191, 206, 27, 238, 92, 167, 140, 188, 247, 12, 223, 123,
       147, 151, 130, 182, 170, 242, 5, 22, 159, 175, 215, 127, 55, 255,
       57, 206, 106, 206, 118, 131, 203, 242, 198, 72, 252, 230, 49, 207,
       182, 96, 126, 232, 23, 206, 139, 171, 44, 191, 114, 205, 162, 136,
       127, 139, 112, 249, 3, 191, 96, 139, 247, 145, 187, 103, 95, 77,
       88, 167, 172, 142, 182, 96, 254, 27, 147, 149, 150, 56, 100, 247,
       108, 20, 154, 235, 159, 6, 189, 223, 24, 148, 126, 225, 182, 123,
       249, 91, 111, 37, 255, 18, 223, 31, 186, 96, 127, 149, 95, 184,
       146, 185, 53, 212, 223, 205, 50, 197, 167, 200, 133, 35, 131, 203,
       86, 157, 118, 146, 172, 100, 220, 0, 82, 230, 41, 138, 180, 196,
       110, 107, 51, 197, 199, 152, 7, 253, 38, 32, 190, 128, 61, 156,
       185, 157, 56, 73, 87, 228, 50, 74, 111, 116, 164, 132, 250, 3, 63,
       19, 33, 80, 106, 245, 13, 106, 72, 187, 16, 46, 241, 237, 38, 16,
       99, 178, 103, 43, 56, 221, 106, 174, 23, 214, 86, 247, 69, 76,
       222, 39, 51, 253, 35, 224, 124, 250, 151, 193, 207, 171, 112, 191,
       243, 229, 174, 11, 61, 26, 252, 91, 151, 143, 64, 185, 222, 177,
       238, 243, 164, 64, 89, 247, 137, 234, 178, 193, 107, 171, 31, 175,
       244, 26, 79, 223, 188, 12, 175, 200, 61, 230, 185, 132, 86, 211,
       236, 191, 10, 4, 158, 168, 158, 214, 147, 231, 244, 238, 94, 66,
       255, 87, 249, 231, 196, 65, 159, 75, 248, 39, 239, 151, 61, 118,
       61, 87, 110, 113, 32, 134, 79, 85, 190, 104, 137, 252, 29, 139,
       140, 220, 127, 134, 204, 81, 211, 231, 68, 35, 250, 192, 55, 80,
       207, 191, 23, 63, 31, 215, 191, 151, 107, 233, 118, 215, 251, 112,
       85, 108, 244, 231, 27, 29, 182, 37, 126, 153, 151, 253, 255, 190,
       100, 223, 126, 217, 162, 228, 127, 142, 116, 245, 21, 7, 77, 251,
       134, 34, 109, 48, 102, 114, 91, 230, 89, 99, 185, 105, 115, 227,
       55, 175, 145, 144, 15, 252, 212, 170, 235, 132, 189, 251, 177, 32,
       2, 130, 146, 185, 241, 179, 184, 7, 62, 17, 74, 149, 172, 170,
       102, 200, 243, 11, 163, 149, 22, 152, 3, 211, 14, 54, 26, 67, 152,
       4, 169, 142, 130, 187, 26, 153, 243, 181, 184, 71, 30, 29, 84, 51,
       172, 158, 102, 12, 207, 59, 131, 145, 22, 30, 2, 243, 207, 21,
       154, 235, 144, 8, 173, 143, 116, 99, 8, 171, 28, 10, 95, 184, 4,
       228, 205, 141, 199, 74, 26, 80, 220, 141, 109, 231, 204, 146, 205,
       12, 240, 225, 175, 21, 60, 187, 158, 82, 84, 70, 8, 167, 112, 11,
       123, 16, 48, 140, 239, 173, 199, 67, 11, 16, 54, 205, 77, 230, 12,
       144, 205, 46, 228, 167, 32, 129, 32, 179, 14, 67, 101, 119, 136,
       39, 56, 31, 78, 188, 50, 238, 175, 13, 195, 72, 94, 19, 148, 197,
       108, 111, 236, 66, 249, 62, 254, 255, 141, 52, 8, 31, 90, 84, 231,
       245, 172, 39, 172, 29, 223, 136, 26, 244, 137, 13, 211, 108, 95,
       2, 221, 69, 121, 255, 237, 67, 251, 18, 233, 89, 207, 60, 136,
       102, 86, 86, 87, 247, 173, 165, 136, 78, 95, 184, 34, 246, 135,
       141, 215, 46, 91, 82, 21, 197, 125, 247, 204, 64, 253, 10, 253,
       39, 239, 189, 36, 243, 20, 82, 229, 172, 172, 53, 140, 126, 205,
       187, 86, 247, 142, 157, 211, 44, 82, 35, 77, 198, 121, 13, 189,
       232, 255, 32, 205, 99, 253, 20, 140, 232, 216, 80, 85, 243, 169,
       164, 184, 71, 91, 184, 18, 244, 141, 141, 215, 110, 90, 18, 151,
       197, 125, 247, 204, 66, 255, 26, 233, 135, 237, 189, 164, 243, 6,
       82, 116, 119, 136, 165, 40, 11, 95, 184, 50, 236, 141, 173, 199,
       7, 75, 18, 156, 205, 109, 102, 12, 66, 233, 10, 224, 165, 37, 189,
       32, 179, 14, 83, 100, 103, 72, 101, 88, 15, 71, 24, 48, 172, 247,
       45, 211, 1, 11, 16, 88, 204, 69, 98, 104, 178, 201, 14, 230, 133,
       37, 53, 96, 187, 94, 131, 193, 110, 156, 176, 172, 172, 76, 7,
       254, 255, 130, 93, 167, 168, 82, 89, 193, 38, 108, 29, 191, 109,
       211, 18, 172, 187, 86, 88, 136, 80, 219, 12, 215, 240, 173, 181,
       140, 68, 157, 168, 134, 247, 129, 21, 213, 124, 91, 11, 205, 69,
       121, 151, 47, 69, 219, 16, 201, 3, 223, 124, 136, 120, 17, 82,
       180, 99, 12, 35, 28, 15, 86, 56, 36, 36, 167, 13, 211, 3, 11, 17,
       216, 196, 108, 118, 108, 178, 89, 12, 226, 195, 165, 53, 96, 187,
       90, 2, 55, 111, 107, 228, 198, 130, 239, 113, 128, 128, 218, 199,
       25, 239, 241, 34, 126, 253, 23, 239, 201, 147, 132, 200, 112, 45,
       239, 136, 45, 242, 49, 176, 21, 72, 74, 232, 148, 130, 107, 80,
       84, 128, 223, 198, 81, 195, 177, 96, 126, 168, 30, 254, 137, 147,
       36, 206, 176, 175, 167, 128, 173, 251, 120, 160, 225, 174, 142,
