%YAML:1.0
---
descriptors: !!opencv-matrix
   rows: 187
   cols: 32
   dt: u
   data: [ 62, 207, 34, 190, 159, 227, 223, 231, 151, 68, 220, 131, 111,
       237, 51, 192, 217, 235, 135, 71, 202, 171, 42, 191, 251, 87, 15,
       155, 247, 126, 53, 202, 3, 156, 67, 159, 116, 246, 106, 115, 126,
       73, 91, 199, 253, 254, 176, 224, 118, 43, 23, 141, 151, 152, 45,
       255, 36, 62, 186, 192, 30, 134, 113, 221, 126, 182, 148, 161, 185,
       59, 88, 207, 59, 191, 157, 189, 206, 107, 74, 158, 159, 223, 237,
       17, 30, 107, 201, 210, 218, 215, 29, 247, 226, 78, 142, 215, 198,
       62, 190, 114, 187, 248, 26, 138, 187, 223, 171, 185, 76, 254, 79,
       219, 167, 211, 253, 146, 54, 71, 170, 226, 155, 23, 91, 191, 130,
       117, 47, 87, 9, 19, 122, 75, 112, 188, 123, 16, 109, 73, 127, 100,
       157, 23, 172, 116, 166, 59, 23, 30, 147, 184, 32, 245, 71, 249,
       34, 192, 90, 131, 227, 177, 174, 176, 177, 209, 253, 255, 177, 75,
       31, 249, 85, 26, 156, 157, 108, 168, 223, 27, 147, 17, 51, 254,
       123, 210, 79, 223, 155, 103, 150, 8, 149, 163, 143, 124, 167, 187,
       253, 103, 175, 206, 255, 250, 210, 114, 236, 254, 241, 237, 249,
       127, 63, 211, 167, 223, 127, 250, 189, 118, 223, 134, 150, 125,
       177, 253, 11, 154, 6, 185, 51, 148, 57, 86, 190, 93, 86, 247, 172,
       199, 178, 204, 231, 59, 183, 149, 183, 156, 34, 245, 206, 119,
       186, 194, 154, 132, 169, 217, 41, 237, 43, 233, 85, 215, 231, 103,
       84, 8, 252, 10, 179, 157, 52, 32, 200, 186, 18, 168, 75, 186, 112,
       191, 111, 221, 146, 33, 83, 8, 126, 170, 37, 229, 16, 131, 220,
       11, 166, 236, 94, 176, 105, 74, 213, 97, 201, 128, 121, 76, 66,
       122, 82, 112, 205, 54, 44, 132, 39, 100, 248, 187, 195, 160, 73,
       187, 186, 120, 249, 188, 120, 215, 175, 13, 124, 9, 188, 255, 82,
       208, 167, 63, 255, 20, 150, 27, 146, 241, 255, 253, 54, 235, 194,
       196, 175, 203, 127, 120, 243, 100, 103, 86, 124, 80, 105, 234,
       118, 170, 91, 31, 213, 191, 126, 213, 247, 238, 205, 246, 181,
       200, 87, 251, 231, 129, 111, 183, 122, 117, 255, 127, 98, 6, 119,
       18, 254, 112, 89, 228, 255, 175, 73, 236, 183, 181, 126, 237, 151,
       239, 204, 147, 172, 204, 50, 121, 205, 167, 111, 191, 126, 213,
       10, 255, 134, 21, 179, 178, 190, 167, 190, 206, 74, 229, 172, 230,
       163, 196, 39, 111, 235, 133, 212, 217, 135, 111, 44, 38, 126, 131,
       142, 116, 173, 221, 118, 69, 215, 166, 132, 42, 78, 168, 53, 162,
       235, 3, 71, 107, 9, 82, 249, 197, 109, 226, 104, 243, 201, 238,
       177, 246, 207, 22, 33, 115, 224, 2, 204, 62, 252, 49, 233, 60,
       124, 131, 187, 255, 38, 61, 207, 187, 71, 219, 135, 199, 237, 20,
       60, 84, 195, 130, 206, 251, 117, 207, 138, 117, 206, 83, 24, 159,
       126, 125, 179, 218, 127, 183, 53, 6, 78, 161, 237, 103, 162, 85,
       55, 126, 173, 136, 112, 152, 33, 47, 239, 231, 118, 193, 34, 244,
       165, 107, 234, 188, 254, 88, 237, 189, 80, 215, 251, 31, 164, 29,
       42, 185, 70, 27, 171, 162, 235, 16, 182, 111, 178, 243, 95, 91,
       84, 123, 195, 68, 206, 79, 94, 6, 230, 149, 194, 114, 172, 7, 49,
       247, 91, 183, 73, 46, 223, 206, 127, 215, 191, 181, 148, 212, 133,
       194, 30, 102, 254, 135, 167, 244, 173, 212, 202, 24, 182, 220,
       107, 244, 184, 70, 185, 78, 84, 37, 172, 254, 39, 206, 166, 115,
       255, 65, 134, 79, 178, 233, 23, 115, 90, 139, 142, 85, 47, 223,
       184, 78, 108, 127, 100, 107, 84, 50, 85, 110, 117, 187, 115, 13,
       147, 25, 89, 168, 71, 46, 232, 246, 101, 63, 103, 203, 113, 177,
       119, 249, 94, 195, 176, 70, 79, 183, 198, 98, 111, 199, 53, 34,
       254, 178, 17, 39, 32, 91, 107, 215, 7, 162, 120, 158, 65, 238,
       245, 135, 254, 133, 165, 217, 164, 168, 27, 254, 123, 251, 246,
       183, 251, 119, 87, 77, 254, 231, 123, 255, 182, 224, 127, 187,
       151, 157, 191, 186, 109, 255, 254, 223, 175, 192, 255, 206, 249,
       249, 41, 185, 122, 72, 240, 221, 251, 117, 111, 77, 124, 44, 190,
       149, 166, 52, 190, 59, 215, 92, 146, 58, 160, 253, 127, 221, 38,
       234, 82, 142, 239, 249, 198, 190, 150, 154, 137, 189, 148, 143,
       158, 159, 128, 29, 236, 226, 106, 143, 129, 115, 232, 17, 54, 79,
       138, 243, 136, 82, 95, 123, 152, 68, 137, 31, 61, 205, 69, 234,
       30, 3, 70, 248, 199, 16, 184, 74, 83, 193, 185, 241, 88, 192, 78,
       106, 107, 35, 78, 189, 184, 200, 165, 60, 119, 187, 112, 32, 174,
       48, 249, 240, 237, 253, 177, 74, 251, 253, 53, 59, 140, 156, 94,
       43, 175, 25, 247, 17, 146, 118, 242, 208, 95, 89, 27, 239, 199,
       13, 71, 247, 142, 190, 246, 223, 255, 185, 181, 219, 127, 31, 247,
       50, 236, 250, 110, 233, 255, 95, 175, 19, 182, 126, 171, 243, 95,
       119, 223, 207, 150, 76, 229, 239, 187, 153, 226, 235, 119, 214,
       250, 233, 63, 109, 215, 131, 105, 222, 190, 228, 254, 219, 151,
       213, 230, 155, 61, 253, 63, 125, 142, 199, 55, 134, 126, 223, 164,
       255, 254, 95, 236, 78, 183, 255, 126, 158, 254, 50, 112, 253, 175,
       65, 127, 254, 107, 234, 224, 255, 171, 107, 127, 47, 119, 133,
       193, 248, 239, 219, 154, 221, 118, 190, 213, 214, 254, 244, 189,
       198, 246, 7, 109, 255, 34, 197, 255, 255, 183, 227, 124, 251, 26,
       255, 63, 247, 223, 139, 39, 188, 253, 219, 210, 190, 158, 62, 137,
       176, 20, 175, 186, 191, 128, 61, 238, 226, 106, 219, 129, 103,
       232, 17, 62, 79, 138, 51, 155, 115, 95, 127, 144, 100, 175, 78,
       116, 97, 23, 44, 153, 79, 70, 205, 52, 160, 234, 8, 70, 226, 41,
       80, 248, 206, 104, 98, 89, 163, 217, 44, 177, 166, 5, 28, 64, 58,
       166, 34, 73, 151, 127, 101, 230, 46, 237, 55, 97, 109, 126, 228,
       159, 45, 154, 83, 54, 135, 116, 44, 209, 184, 229, 68, 238, 233,
       114, 196, 103, 192, 231, 121, 73, 150, 125, 97, 50, 46, 121, 31,
       110, 125, 126, 116, 157, 55, 142, 112, 103, 23, 12, 156, 179, 156,
       37, 87, 78, 191, 50, 196, 154, 128, 161, 121, 26, 237, 122, 248,
       119, 193, 186, 103, 189, 5, 124, 35, 60, 159, 32, 80, 234, 187,
       151, 193, 70, 187, 0, 255, 119, 237, 26, 203, 55, 4, 175, 139, 62,
       100, 226, 73, 215, 179, 234, 218, 87, 165, 124, 130, 9, 201, 191,
       164, 121, 136, 151, 188, 154, 178, 60, 222, 126, 77, 133, 69, 247,
       223, 122, 132, 232, 72, 191, 244, 77, 108, 85, 134, 233, 242, 166,
       8, 62, 191, 71, 123, 192, 245, 121, 66, 105, 79, 242, 232, 211,
       251, 214, 27, 0, 113, 103, 42, 58, 223, 98, 238, 118, 210, 254,
       245, 21, 76, 124, 231, 41, 205, 182, 196, 126, 187, 151, 227, 207,
       186, 36, 255, 114, 237, 162, 139, 127, 142, 252, 221, 11, 218,
       167, 155, 48, 180, 56, 214, 63, 73, 86, 247, 188, 222, 178, 108,
       229, 59, 183, 213, 151, 156, 50, 247, 135, 126, 186, 194, 154,
       133, 169, 223, 39, 87, 98, 12, 245, 51, 230, 127, 85, 76, 253,
       231, 66, 232, 191, 164, 88, 168, 146, 111, 204, 179, 36, 158, 50,
       60, 129, 162, 95, 255, 250, 197, 189, 188, 244, 115, 247, 127,
       250, 176, 121, 255, 55, 152, 219, 125, 159, 189, 63, 215, 213,
       126, 188, 244, 125, 238, 207, 223, 117, 199, 231, 239, 78, 119,
       138, 252, 48, 154, 223, 213, 190, 238, 31, 87, 88, 179, 44, 190,
       102, 132, 239, 59, 147, 129, 102, 14, 26, 247, 63, 86, 158, 235,
       23, 28, 173, 223, 118, 101, 209, 231, 244, 10, 110, 168, 121, 160,
       251, 8, 67, 107, 29, 80, 187, 221, 109, 226, 120, 242, 201, 238,
       190, 190, 5, 6, 229, 243, 98, 4, 40, 141, 50, 253, 21, 223, 245,
       103, 213, 12, 252, 2, 170, 153, 38, 164, 200, 186, 146, 8, 108,
       187, 112, 191, 231, 223, 146, 3, 83, 12, 252, 142, 138, 165, 157,
       251, 237, 205, 180, 239, 30, 63, 80, 16, 172, 191, 104, 73, 205,
       27, 243, 17, 114, 122, 114, 241, 239, 219, 94, 107, 144, 88, 149,
       203, 106, 181, 180, 250, 255, 237, 180, 239, 203, 125, 57, 57,
       204, 252, 110, 19, 207, 19, 227, 17, 54, 107, 218, 215, 63, 87,
       87, 111, 211, 76, 135, 215, 150, 222, 158, 191, 138, 39, 190, 255,
