%YAML:1.0
---
descriptors: !!opencv-matrix
   rows: 170
   cols: 32
   dt: u
   data: [ 219, 92, 246, 254, 46, 62, 252, 118, 189, 202, 214, 243, 253,
       255, 181, 107, 238, 247, 255, 135, 228, 229, 39, 233, 214, 251,
       254, 130, 39, 252, 37, 95, 195, 145, 127, 255, 237, 156, 252, 55,
       237, 91, 215, 243, 252, 191, 190, 107, 230, 179, 255, 133, 245,
       237, 35, 197, 151, 250, 218, 194, 14, 132, 161, 95, 31, 95, 107,
       197, 118, 22, 255, 112, 36, 196, 94, 230, 121, 15, 183, 96, 126,
       252, 23, 239, 193, 176, 53, 238, 118, 109, 175, 128, 47, 179, 117,
       249, 162, 252, 51, 216, 255, 197, 189, 231, 159, 95, 80, 55, 172,
       158, 54, 65, 239, 59, 147, 1, 247, 47, 50, 247, 127, 16, 30, 235,
       21, 12, 165, 255, 94, 59, 250, 224, 243, 244, 187, 82, 169, 236,
       158, 175, 12, 159, 103, 54, 166, 117, 255, 213, 149, 139, 176,
       224, 127, 125, 15, 235, 135, 231, 47, 215, 25, 76, 123, 252, 86,
       50, 127, 114, 117, 70, 254, 134, 121, 15, 179, 97, 126, 191, 23,
       174, 233, 151, 36, 239, 242, 235, 226, 128, 39, 240, 97, 248, 20,
       210, 126, 219, 42, 130, 49, 200, 39, 21, 231, 163, 73, 199, 170,
       76, 115, 152, 175, 210, 10, 129, 11, 245, 210, 231, 82, 207, 183,
       135, 36, 35, 45, 105, 192, 165, 205, 29, 238, 229, 2, 240, 168,
       207, 163, 136, 83, 131, 72, 238, 226, 111, 205, 114, 222, 168, 54,
       73, 197, 56, 111, 126, 218, 156, 15, 154, 236, 219, 49, 95, 187,
       184, 63, 127, 118, 229, 252, 127, 191, 233, 215, 89, 159, 53, 181,
       216, 121, 253, 206, 127, 127, 199, 222, 164, 13, 127, 239, 82,
       106, 254, 101, 80, 121, 80, 241, 204, 247, 175, 74, 221, 183, 219,
       126, 189, 183, 230, 205, 183, 166, 200, 86, 121, 224, 139, 111,
       175, 126, 211, 221, 9, 230, 5, 131, 58, 111, 24, 117, 198, 70,
       134, 75, 98, 155, 255, 118, 196, 172, 238, 205, 208, 53, 168, 194,
       235, 195, 4, 47, 247, 104, 84, 103, 91, 107, 78, 110, 82, 235, 64,
       232, 204, 245, 238, 16, 220, 183, 59, 238, 252, 119, 235, 197,
       243, 166, 72, 86, 41, 226, 136, 77, 171, 118, 245, 215, 176, 59,
       200, 107, 133, 154, 88, 175, 121, 177, 124, 28, 215, 108, 82, 231,
       21, 255, 242, 131, 7, 138, 211, 147, 144, 43, 254, 24, 3, 35, 179,
       254, 124, 106, 224, 71, 109, 211, 194, 17, 230, 180, 159, 10, 31,
       71, 29, 236, 241, 223, 243, 41, 39, 112, 250, 211, 193, 137, 191,
       103, 125, 118, 114, 41, 189, 104, 123, 253, 253, 211, 191, 87,
       121, 124, 24, 179, 61, 30, 32, 137, 26, 145, 24, 190, 40, 123,
       183, 111, 221, 180, 123, 246, 204, 212, 234, 200, 249, 125, 65,
       83, 216, 49, 183, 102, 117, 102, 162, 56, 151, 70, 114, 38, 26,
       243, 208, 67, 24, 179, 113, 111, 137, 54, 101, 35, 128, 135, 251,
       195, 243, 33, 193, 116, 141, 233, 189, 110, 249, 22, 76, 144, 132,
       220, 36, 20, 12, 126, 93, 211, 56, 229, 213, 44, 24, 175, 228, 12,
       140, 209, 253, 242, 73, 234, 140, 79, 88, 237, 70, 233, 68, 182,
       143, 171, 140, 215, 82, 106, 229, 239, 197, 76, 47, 228, 232, 182,
       113, 154, 57, 101, 28, 127, 222, 45, 23, 251, 117, 228, 47, 117,
       17, 81, 235, 119, 76, 83, 57, 17, 57, 157, 174, 23, 60, 185, 240,
       113, 10, 207, 223, 117, 4, 233, 232, 210, 179, 168, 239, 108, 59,
       221, 217, 247, 236, 198, 117, 60, 143, 171, 76, 94, 131, 73, 74,
       195, 87, 214, 40, 126, 181, 110, 65, 165, 121, 127, 14, 222, 222,
       102, 20, 226, 94, 239, 116, 252, 72, 121, 95, 127, 191, 104, 252,
       255, 254, 255, 223, 179, 134, 148, 118, 190, 224, 23, 58, 210,
       139, 199, 247, 254, 215, 53, 81, 47, 108, 29, 71, 71, 120, 196,
       128, 233, 10, 82, 209, 41, 112, 216, 228, 106, 106, 73, 163, 18,
       28, 241, 173, 129, 29, 113, 59, 114, 34, 46, 54, 226, 180, 239,
       117, 184, 67, 27, 239, 93, 175, 12, 172, 87, 142, 191, 189, 179,
       149, 148, 114, 144, 194, 31, 93, 155, 175, 135, 111, 31, 215, 53,
       65, 43, 236, 21, 6, 195, 112, 196, 136, 227, 2, 83, 201, 57, 96,
       120, 172, 2, 238, 73, 163, 48, 140, 241, 233, 130, 28, 105, 59,
       112, 160, 64, 48, 135, 29, 72, 135, 32, 104, 166, 176, 66, 64,
       244, 242, 96, 66, 80, 108, 106, 96, 1, 209, 155, 29, 13, 34, 67,
       12, 0, 42, 33, 160, 2, 156, 182, 159, 169, 126, 180, 175, 190,
       159, 67, 17, 236, 246, 10, 207, 133, 119, 251, 17, 52, 220, 219,
       97, 13, 50, 95, 3, 128, 100, 173, 95, 201, 149, 120, 251, 182,
       220, 251, 49, 253, 77, 223, 54, 254, 127, 154, 97, 230, 147, 126,
       137, 183, 41, 121, 247, 255, 125, 186, 208, 30, 142, 245, 115,
       192, 225, 134, 157, 73, 207, 32, 236, 182, 180, 75, 1, 228, 226,
       98, 194, 241, 108, 234, 98, 70, 213, 155, 93, 13, 34, 71, 47, 0,
       43, 45, 2, 160, 225, 134, 158, 89, 199, 160, 234, 150, 176, 72, 0,
       100, 242, 106, 70, 217, 108, 226, 96, 38, 195, 155, 61, 13, 34,
       79, 47, 16, 42, 45, 134, 198, 253, 150, 155, 203, 237, 62, 140,
       174, 31, 75, 17, 236, 214, 75, 202, 167, 123, 235, 210, 86, 77,
       155, 115, 173, 50, 31, 111, 128, 83, 173, 159, 252, 113, 188, 102,
       169, 93, 86, 248, 163, 252, 181, 9, 223, 255, 75, 155, 158, 212,
       237, 98, 76, 99, 218, 0, 243, 217, 101, 61, 98, 243, 70, 67, 70,
       253, 146, 186, 235, 201, 190, 232, 174, 151, 137, 41, 236, 246,
       105, 211, 231, 115, 235, 211, 98, 67, 154, 243, 189, 20, 15, 127,
       144, 115, 175, 147, 1, 216, 115, 91, 100, 201, 233, 148, 127, 93,
       118, 196, 176, 197, 189, 109, 110, 24, 54, 78, 195, 180, 54, 241,
       69, 24, 114, 128, 87, 153, 69, 253, 118, 119, 146, 238, 127, 71,
       158, 232, 155, 188, 185, 43, 206, 255, 109, 3, 255, 209, 207, 227,
       106, 99, 202, 221, 185, 150, 79, 63, 81, 123, 39, 131, 217, 22,
       239, 225, 166, 34, 105, 95, 85, 195, 214, 246, 83, 175, 184, 107,
       126, 132, 63, 189, 185, 215, 37, 194, 218, 235, 250, 196, 173,
       200, 240, 113, 251, 178, 228, 0, 171, 121, 152, 223, 139, 119,
       181, 191, 9, 28, 222, 191, 167, 151, 253, 21, 158, 111, 254, 209,
       26, 89, 85, 255, 231, 196, 207, 215, 78, 176, 148, 147, 169, 253,
       48, 138, 175, 191, 131, 24, 206, 246, 72, 159, 129, 87, 253, 16,
       62, 77, 219, 241, 141, 19, 91, 127, 130, 5, 143, 6, 26, 157, 98,
       251, 247, 178, 250, 215, 61, 13, 254, 179, 105, 223, 54, 196, 254,
       187, 151, 144, 190, 184, 1, 255, 247, 255, 154, 195, 55, 141, 236,
       223, 39, 255, 243, 202, 244, 177, 186, 220, 31, 73, 120, 239, 172,
       222, 255, 36, 255, 27, 151, 213, 151, 50, 40, 243, 62, 92, 175,
       238, 157, 223, 241, 213, 15, 155, 236, 239, 97, 159, 249, 56, 47,
       125, 87, 165, 253, 223, 254, 246, 94, 189, 183, 221, 135, 208,
       127, 209, 78, 121, 235, 192, 54, 174, 5, 245, 27, 217, 123, 235,
       114, 212, 251, 180, 173, 73, 94, 230, 189, 159, 182, 96, 102, 121,
       63, 223, 199, 152, 55, 229, 206, 109, 170, 192, 63, 135, 37, 253,
       90, 146, 254, 252, 63, 215, 89, 120, 151, 220, 150, 167, 107, 255,
       182, 231, 254, 181, 191, 161, 141, 99, 51, 221, 219, 219, 251,
       159, 55, 172, 60, 95, 189, 255, 239, 254, 252, 113, 207, 252, 211,
       218, 189, 126, 115, 253, 249, 35, 95, 202, 22, 250, 255, 99, 46,
       187, 250, 223, 229, 188, 253, 251, 218, 241, 183, 126, 197, 128,
       142, 19, 206, 216, 82, 242, 144, 239, 81, 104, 213, 175, 93, 196,
       61, 255, 237, 103, 205, 154, 186, 10, 237, 188, 189, 255, 120, 84,
       128, 225, 134, 30, 89, 215, 178, 236, 150, 180, 75, 1, 228, 240,
       96, 198, 209, 124, 234, 98, 102, 195, 155, 63, 45, 34, 79, 63, 16,
       63, 173, 134, 189, 93, 123, 236, 181, 87, 223, 248, 85, 238, 252,
       110, 123, 125, 191, 160, 126, 250, 151, 238, 237, 163, 60, 191,
       243, 205, 165, 176, 127, 255, 126, 241, 118, 113, 150, 174, 125,
       79, 158, 104, 155, 172, 185, 43, 78, 255, 109, 16, 254, 213, 207,
       227, 72, 99, 90, 221, 177, 150, 207, 63, 81, 59, 47, 131, 118,
       119, 118, 238, 125, 79, 222, 104, 9, 172, 249, 175, 74, 125, 29,
