%YAML:1.0
---
descriptors: !!opencv-matrix
   rows: 280
   cols: 32
   dt: u
   data: [ 34, 173, 97, 202, 244, 195, 207, 239, 31, 45, 121, 170, 106,
       252, 188, 164, 219, 219, 23, 49, 154, 58, 104, 255, 62, 94, 165,
       254, 215, 206, 246, 237, 0, 220, 122, 90, 83, 229, 179, 246, 94,
       13, 124, 2, 60, 211, 39, 100, 127, 58, 2, 8, 162, 188, 50, 127,
       103, 46, 18, 74, 83, 1, 101, 171, 29, 20, 238, 21, 163, 126, 125,
       19, 60, 246, 127, 180, 93, 54, 155, 255, 55, 151, 254, 174, 181,
       208, 53, 76, 214, 107, 123, 132, 175, 229, 47, 245, 11, 145, 17,
       200, 244, 145, 184, 87, 15, 73, 124, 238, 172, 158, 244, 228, 238,
       59, 151, 149, 151, 26, 112, 213, 60, 28, 154, 234, 158, 140, 169,
       157, 42, 249, 179, 222, 127, 213, 186, 240, 143, 72, 253, 175, 44,
       220, 247, 164, 206, 123, 215, 71, 198, 43, 58, 247, 63, 92, 14,
       186, 87, 31, 55, 255, 2, 137, 62, 155, 125, 221, 186, 109, 143, 5,
       216, 3, 172, 222, 38, 68, 236, 59, 139, 1, 86, 185, 67, 253, 53,
       52, 138, 67, 16, 10, 181, 206, 223, 84, 99, 108, 23, 118, 123,
       120, 117, 206, 215, 18, 89, 31, 179, 229, 118, 204, 157, 238, 236,
       215, 181, 142, 115, 235, 226, 133, 39, 245, 124, 117, 27, 221, 98,
       255, 215, 151, 254, 255, 23, 65, 124, 134, 121, 253, 62, 64, 127,
       235, 23, 133, 255, 186, 30, 255, 106, 111, 142, 192, 127, 142,
       249, 217, 26, 32, 195, 243, 199, 115, 185, 79, 23, 179, 215, 178,
       152, 191, 97, 174, 105, 159, 179, 145, 27, 220, 251, 192, 223,
       199, 222, 135, 167, 108, 60, 186, 127, 95, 225, 108, 124, 18, 78,
       216, 81, 236, 252, 238, 91, 105, 157, 180, 94, 212, 21, 239, 236,
       34, 237, 142, 114, 237, 165, 188, 119, 255, 114, 101, 40, 251,
       122, 107, 116, 157, 255, 85, 229, 45, 124, 173, 185, 141, 146,
       144, 14, 58, 199, 74, 210, 186, 96, 191, 102, 221, 32, 161, 87,
       154, 206, 219, 105, 47, 250, 100, 244, 122, 127, 87, 97, 205, 126,
       172, 19, 165, 179, 48, 26, 236, 5, 44, 152, 186, 164, 14, 254,
       237, 36, 129, 227, 242, 206, 121, 95, 115, 255, 228, 54, 22, 127,
       220, 173, 200, 222, 230, 93, 223, 181, 99, 118, 245, 127, 238,
       193, 193, 167, 200, 242, 249, 175, 132, 47, 176, 33, 113, 31, 28,
       251, 232, 255, 247, 255, 91, 31, 200, 222, 162, 125, 222, 181,
       228, 254, 187, 151, 177, 147, 179, 55, 254, 243, 223, 171, 138,
       191, 254, 181, 245, 49, 72, 109, 222, 14, 148, 71, 190, 196, 64,
       212, 70, 51, 64, 179, 100, 72, 226, 62, 207, 203, 43, 118, 189,
       240, 41, 242, 24, 63, 152, 112, 108, 161, 76, 3, 220, 116, 133,
       235, 118, 212, 0, 88, 66, 179, 136, 177, 101, 104, 42, 19, 77,
       227, 191, 54, 191, 32, 140, 170, 0, 93, 136, 112, 172, 210, 149,
       87, 252, 0, 196, 109, 119, 181, 2, 194, 82, 61, 243, 32, 101, 98,
       163, 31, 136, 97, 153, 16, 207, 177, 174, 218, 128, 50, 192, 161,
       40, 53, 241, 91, 234, 116, 135, 79, 249, 22, 8, 125, 74, 115, 211,
       168, 48, 126, 152, 23, 122, 75, 178, 56, 63, 127, 141, 165, 108,
       121, 154, 226, 161, 8, 156, 158, 251, 245, 180, 48, 87, 255, 27,
       102, 16, 172, 211, 32, 237, 165, 59, 170, 16, 50, 237, 18, 255,
       79, 255, 82, 67, 146, 64, 169, 139, 234, 145, 117, 218, 253, 85,
       93, 189, 195, 127, 180, 29, 175, 111, 122, 191, 143, 146, 237, 72,
       255, 111, 254, 149, 107, 219, 84, 255, 118, 140, 204, 119, 131,
       153, 235, 159, 178, 194, 63, 247, 62, 65, 86, 247, 189, 247, 176,
       96, 119, 123, 55, 205, 243, 152, 54, 255, 100, 47, 190, 192, 36,
       132, 161, 249, 154, 251, 126, 232, 238, 209, 190, 255, 143, 92,
       92, 231, 60, 223, 246, 193, 110, 123, 159, 231, 214, 11, 38, 253,
       250, 209, 175, 171, 63, 158, 173, 223, 42, 221, 48, 203, 245, 213,
       189, 239, 15, 77, 124, 3, 172, 222, 62, 36, 255, 27, 151, 129, 86,
       58, 114, 255, 127, 84, 158, 107, 23, 14, 189, 223, 57, 23, 107,
       109, 54, 123, 207, 123, 84, 232, 127, 230, 91, 77, 179, 96, 126,
       184, 23, 238, 169, 176, 101, 158, 226, 205, 161, 132, 127, 234,
       112, 113, 42, 221, 58, 253, 125, 215, 190, 247, 159, 200, 244, 35,
       252, 255, 39, 97, 222, 123, 151, 193, 226, 187, 82, 255, 119, 223,
       175, 163, 29, 56, 121, 155, 111, 30, 255, 224, 46, 190, 155, 80,
       173, 234, 223, 239, 92, 221, 247, 122, 231, 245, 255, 103, 161,
       151, 168, 192, 210, 251, 43, 150, 143, 247, 33, 119, 90, 30, 103,
       189, 23, 214, 219, 50, 189, 77, 222, 167, 106, 44, 54, 192, 254,
       181, 189, 165, 173, 185, 53, 207, 219, 119, 186, 211, 39, 38, 116,
       95, 43, 159, 98, 76, 119, 145, 184, 119, 237, 76, 124, 231, 41,
       204, 182, 181, 110, 171, 150, 236, 245, 187, 38, 221, 54, 121,
       162, 170, 127, 142, 107, 221, 253, 83, 111, 236, 46, 83, 223, 120,
       81, 104, 246, 238, 123, 125, 178, 245, 126, 244, 181, 238, 233,
       163, 109, 159, 242, 235, 225, 156, 127, 190, 120, 113, 42, 247,
       32, 26, 237, 217, 148, 207, 207, 125, 29, 189, 172, 220, 78, 134,
       141, 27, 211, 17, 214, 107, 250, 241, 47, 81, 92, 255, 210, 92,
       159, 223, 9, 223, 121, 129, 242, 155, 191, 253, 30, 100, 60, 238,
       223, 69, 170, 164, 63, 10, 150, 110, 247, 184, 44, 159, 110, 77,
       37, 244, 127, 158, 137, 249, 11, 187, 185, 186, 248, 149, 153,
       223, 143, 89, 28, 237, 188, 220, 246, 40, 143, 59, 151, 21, 151,
       9, 58, 245, 79, 93, 59, 254, 222, 12, 133, 255, 62, 241, 82, 232,
       219, 193, 18, 201, 163, 33, 169, 41, 15, 223, 104, 144, 250, 153,
       205, 240, 90, 3, 136, 149, 187, 197, 3, 127, 51, 2, 174, 3, 42,
       172, 34, 26, 93, 213, 195, 234, 207, 69, 236, 9, 42, 204, 54, 164,
       201, 42, 211, 85, 6, 43, 58, 183, 27, 92, 1, 123, 83, 15, 126,
       222, 111, 54, 232, 67, 231, 127, 251, 154, 91, 255, 63, 254, 88,
       61, 223, 190, 55, 223, 247, 62, 149, 112, 253, 194, 94, 31, 117,
       247, 239, 255, 222, 117, 23, 94, 107, 238, 94, 151, 187, 120, 159,
       96, 93, 199, 125, 239, 191, 32, 62, 253, 55, 239, 227, 55, 62,
       255, 118, 111, 171, 172, 61, 167, 51, 217, 94, 121, 183, 242, 107,
       192, 51, 192, 175, 209, 7, 1, 156, 215, 99, 122, 166, 113, 251,
       210, 3, 65, 186, 224, 223, 209, 79, 75, 138, 55, 39, 243, 103, 63,
       200, 160, 240, 184, 74, 18, 43, 232, 218, 239, 131, 136, 215, 144,
       78, 239, 95, 223, 159, 26, 196, 234, 190, 92, 169, 248, 173, 167,
       26, 85, 176, 118, 115, 77, 86, 111, 235, 91, 85, 238, 124, 106,
       50, 53, 181, 52, 124, 188, 22, 168, 169, 182, 101, 206, 55, 14,
       161, 128, 119, 248, 118, 253, 72, 201, 151, 101, 33, 12, 103, 183,
       172, 9, 106, 64, 191, 35, 129, 246, 2, 118, 108, 76, 65, 152, 209,
       33, 229, 252, 36, 16, 74, 176, 3, 40, 19, 236, 107, 198, 86, 135,
       234, 248, 191, 104, 89, 195, 121, 238, 61, 33, 126, 237, 55, 239,
       131, 179, 60, 253, 119, 12, 235, 164, 45, 166, 115, 252, 37, 59,
       255, 87, 228, 174, 231, 50, 120, 234, 126, 68, 243, 53, 145, 43,
       12, 126, 54, 14, 129, 248, 113, 40, 71, 191, 113, 0, 203, 233, 82,
       249, 4, 22, 15, 191, 50, 162, 171, 83, 60, 9, 91, 231, 245, 227,
       161, 64, 118, 41, 3, 188, 33, 148, 5, 94, 68, 38, 170, 128, 152,
       194, 33, 145, 71, 118, 224, 18, 235, 113, 186, 200, 59, 127, 25,
       191, 76, 204, 223, 186, 183, 221, 247, 151, 134, 87, 174, 240, 30,
       86, 223, 239, 215, 119, 7, 215, 1, 22, 43, 171, 118, 163, 171, 83,
       92, 75, 91, 246, 213, 198, 176, 96, 127, 41, 22, 189, 147, 148,
       37, 95, 196, 38, 186, 128, 156, 74, 177, 241, 177, 74, 79, 254,
       14, 160, 202, 82, 196, 130, 208, 194, 49, 201, 177, 97, 106, 224,
       31, 207, 136, 167, 6, 173, 208, 170, 234, 136, 53, 185, 112, 40,
       46, 179, 169, 250, 253, 237, 147, 220, 10, 93, 29, 45, 150, 253,
       75, 8, 157, 91, 151, 81, 150, 34, 250, 48, 111, 85, 45, 239, 213,
       95, 214, 243, 138, 88, 106, 252, 108, 221, 253, 112, 157, 78, 212,
       175, 189, 159, 183, 65, 110, 57, 223, 199, 226, 47, 114, 253, 215,
