%YAML:1.0
---
descriptors: !!opencv-matrix
   rows: 202
   cols: 32
   dt: u
   data: [ 19, 159, 127, 239, 182, 130, 235, 119, 85, 73, 222, 230, 121,
       111, 182, 96, 126, 170, 31, 173, 249, 187, 37, 255, 122, 111, 170,
       192, 63, 138, 240, 249, 253, 126, 104, 228, 182, 127, 95, 246, 89,
       234, 188, 254, 27, 61, 215, 57, 111, 228, 94, 238, 173, 119, 101,
       170, 242, 223, 165, 176, 239, 253, 82, 121, 19, 91, 67, 140, 110,
       128, 238, 117, 164, 0, 210, 230, 41, 142, 180, 64, 110, 169, 31,
       207, 193, 139, 4, 237, 50, 40, 170, 136, 45, 158, 49, 153, 142,
       88, 178, 155, 101, 245, 184, 198, 31, 15, 84, 19, 172, 218, 103,
       204, 249, 121, 179, 215, 38, 180, 18, 242, 7, 87, 222, 75, 154,
       93, 41, 159, 6, 253, 146, 186, 235, 201, 190, 232, 174, 183, 137,
       169, 172, 246, 105, 3, 231, 123, 235, 210, 98, 67, 154, 243, 189,
       148, 15, 127, 144, 115, 175, 147, 67, 28, 7, 157, 34, 130, 40, 39,
       188, 194, 82, 231, 188, 6, 180, 235, 102, 37, 59, 173, 245, 220,
       5, 76, 4, 34, 250, 128, 12, 4, 49, 125, 15, 32, 230, 193, 99, 115,
       184, 74, 43, 247, 119, 178, 8, 14, 223, 175, 127, 157, 183, 157,
       147, 214, 165, 192, 30, 91, 219, 229, 231, 196, 103, 245, 242,
       201, 238, 12, 79, 88, 252, 103, 233, 68, 246, 171, 43, 140, 118,
       82, 106, 165, 235, 197, 204, 47, 231, 193, 118, 49, 218, 27, 117,
       28, 255, 94, 242, 120, 35, 164, 15, 69, 146, 86, 129, 236, 144,
       47, 46, 159, 101, 2, 236, 245, 223, 241, 200, 7, 240, 202, 241,
       64, 138, 187, 37, 61, 54, 123, 154, 159, 106, 251, 119, 242, 250,
       119, 61, 77, 126, 183, 41, 223, 182, 224, 126, 187, 151, 157, 190,
       184, 37, 255, 118, 253, 170, 195, 55, 142, 252, 223, 204, 58, 153,
       190, 250, 192, 27, 146, 18, 139, 212, 121, 181, 247, 193, 90, 199,
       255, 181, 211, 56, 78, 202, 34, 222, 231, 253, 249, 160, 249, 4,
       27, 46, 243, 177, 203, 247, 245, 186, 220, 31, 77, 93, 111, 172,
       220, 126, 164, 255, 59, 151, 209, 150, 50, 250, 243, 31, 92, 175,
       235, 215, 95, 191, 247, 63, 105, 128, 167, 205, 29, 236, 205, 66,
       240, 32, 207, 35, 200, 91, 139, 72, 236, 114, 79, 77, 114, 223,
       160, 54, 73, 205, 52, 123, 126, 218, 156, 49, 201, 103, 174, 124,
       131, 238, 100, 133, 0, 210, 195, 113, 203, 52, 224, 120, 168, 31,
       230, 72, 171, 87, 253, 247, 232, 138, 24, 61, 154, 112, 184, 201,
       151, 124, 235, 182, 188, 251, 51, 173, 77, 223, 247, 253, 62, 154,
       96, 110, 131, 222, 156, 183, 169, 125, 247, 254, 253, 170, 192,
       190, 142, 253, 81, 93, 59, 254, 116, 167, 62, 117, 49, 225, 254,
       55, 61, 75, 61, 214, 191, 167, 116, 245, 126, 220, 241, 173, 128,
       74, 219, 101, 199, 231, 237, 206, 87, 118, 119, 102, 174, 125, 15,
       222, 232, 25, 172, 185, 175, 78, 252, 31, 16, 254, 213, 245, 231,
       204, 227, 201, 206, 179, 246, 141, 183, 103, 127, 126, 87, 70, 50,
       159, 216, 104, 133, 57, 216, 174, 157, 16, 100, 252, 211, 225, 74,
       230, 113, 111, 88, 130, 65, 138, 240, 152, 144, 107, 238, 144, 35,
       33, 33, 118, 247, 150, 174, 127, 67, 158, 232, 155, 188, 185, 171,
       78, 255, 109, 2, 255, 241, 207, 227, 104, 99, 74, 222, 185, 150,
       207, 63, 81, 127, 39, 147, 173, 149, 104, 233, 252, 53, 207, 152,
       87, 123, 189, 92, 211, 73, 94, 40, 89, 136, 22, 126, 251, 38, 127,
       147, 111, 221, 165, 124, 223, 222, 208, 240, 66, 26, 182, 252,
       111, 244, 188, 86, 173, 202, 222, 231, 44, 254, 55, 78, 230, 119,
       191, 129, 133, 201, 178, 232, 151, 118, 218, 139, 142, 117, 37,
       255, 43, 182, 243, 72, 123, 245, 153, 90, 27, 237, 124, 237, 40,
       221, 246, 52, 159, 57, 151, 21, 135, 58, 166, 223, 94, 93, 41,
       239, 95, 140, 87, 247, 170, 120, 162, 151, 111, 117, 188, 66, 219,
       206, 84, 35, 172, 220, 119, 143, 239, 121, 179, 131, 196, 118,
       178, 194, 23, 90, 223, 171, 7, 124, 63, 223, 234, 20, 230, 94,
       111, 116, 252, 40, 249, 94, 119, 191, 104, 252, 191, 255, 239,
       213, 183, 167, 164, 119, 190, 195, 23, 58, 210, 139, 71, 247, 126,
       215, 79, 212, 228, 222, 235, 116, 95, 152, 3, 223, 159, 166, 204,
       119, 203, 254, 87, 214, 253, 190, 157, 66, 255, 224, 30, 126, 215,
       223, 190, 247, 172, 117, 45, 53, 255, 117, 228, 47, 117, 83, 113,
       234, 119, 76, 87, 121, 17, 57, 157, 174, 21, 44, 185, 240, 112, 8,
       199, 223, 113, 0, 232, 232, 194, 179, 16, 0, 78, 137, 78, 131,
       232, 67, 100, 17, 194, 194, 145, 128, 16, 75, 106, 140, 106, 153,
       10, 190, 71, 64, 4, 32, 154, 0, 53, 136, 112, 128, 93, 95, 173,
       165, 174, 111, 173, 186, 4, 254, 158, 231, 223, 45, 211, 239, 39,
       69, 125, 239, 233, 240, 109, 136, 236, 67, 239, 148, 175, 253, 17,
       113, 250, 123, 74, 186, 59, 144, 90, 100, 177, 12, 244, 175, 47,
       207, 34, 145, 238, 241, 205, 194, 110, 15, 130, 191, 242, 225,
       170, 155, 54, 148, 46, 91, 53, 77, 115, 78, 124, 219, 198, 120,
       197, 64, 249, 66, 115, 216, 189, 228, 122, 248, 22, 107, 201, 163,
       44, 190, 48, 60, 1, 24, 119, 187, 112, 164, 175, 160, 225, 251,
       77, 85, 248, 72, 91, 3, 85, 18, 24, 221, 94, 40, 217, 25, 147, 27,
       18, 118, 250, 211, 71, 223, 154, 45, 199, 141, 118, 194, 154, 207,
       226, 158, 250, 208, 190, 230, 181, 142, 222, 163, 45, 238, 167,
       196, 103, 251, 167, 195, 102, 139, 38, 239, 186, 103, 190, 139,
       39, 213, 165, 255, 92, 146, 254, 252, 61, 86, 89, 251, 159, 222,
       214, 167, 111, 255, 171, 231, 127, 241, 191, 164, 173, 97, 59,
       223, 251, 255, 239, 215, 191, 172, 45, 119, 103, 91, 107, 78, 110,
       22, 235, 112, 233, 204, 245, 238, 112, 140, 183, 115, 110, 228,
       119, 239, 193, 163, 166, 200, 22, 40, 226, 138, 69, 171, 118, 245,
       235, 112, 248, 254, 109, 92, 221, 158, 91, 95, 52, 61, 188, 221,
       223, 175, 143, 91, 247, 5, 199, 102, 242, 227, 71, 91, 124, 187,
       223, 220, 95, 255, 11, 187, 112, 250, 126, 157, 190, 252, 15, 72,
       252, 235, 173, 223, 182, 36, 238, 187, 151, 197, 198, 43, 106,
       255, 127, 221, 186, 250, 23, 142, 249, 223, 2, 136, 150, 159, 161,
       102, 188, 143, 62, 159, 67, 17, 236, 246, 74, 207, 225, 127, 187,
       145, 52, 216, 155, 97, 13, 50, 223, 67, 128, 116, 173, 78, 71,
       155, 30, 139, 58, 144, 170, 72, 238, 89, 215, 228, 204, 194, 175,
       238, 230, 101, 238, 214, 135, 129, 47, 245, 150, 113, 171, 207,
       136, 7, 41, 21, 15, 154, 190, 159, 53, 215, 185, 248, 31, 221, 86,
       39, 252, 126, 191, 239, 255, 121, 183, 213, 199, 248, 123, 237,
       207, 83, 255, 199, 158, 46, 61, 255, 148, 54, 27, 232, 43, 37,
       179, 90, 238, 59, 179, 120, 156, 147, 96, 122, 231, 29, 78, 34,
       163, 7, 139, 211, 209, 217, 43, 254, 16, 65, 33, 163, 176, 201,
       78, 236, 92, 131, 234, 100, 133, 0, 250, 194, 113, 203, 52, 192,
       106, 160, 31, 233, 73, 175, 86, 223, 180, 168, 138, 24, 61, 138,
       120, 136, 195, 227, 35, 193, 116, 143, 237, 53, 76, 105, 86, 76,
       145, 156, 220, 36, 22, 12, 30, 125, 211, 188, 228, 212, 44, 24,
       174, 228, 12, 138, 209, 245, 242, 112, 234, 172, 79, 69, 181, 71,
       132, 96, 146, 191, 56, 156, 98, 2, 236, 149, 251, 193, 201, 47,
       215, 192, 241, 32, 158, 187, 45, 28, 183, 218, 242, 202, 107, 157,
       110, 216, 236, 103, 233, 86, 242, 179, 169, 140, 150, 67, 106,
       131, 239, 197, 230, 45, 230, 227, 118, 48, 154, 137, 101, 156,
       255, 222, 33, 81, 187, 225, 244, 79, 117, 55, 121, 233, 122, 12,
       87, 57, 40, 48, 152, 172, 21, 56, 153, 184, 112, 14, 233, 223, 53,
       68, 200, 248, 210, 251, 91, 27, 164, 165, 175, 94, 253, 55, 231,
       252, 30, 175, 239, 61, 211, 230, 38, 245, 253, 13, 221, 249, 181,
       200, 207, 119, 93, 151, 174, 252, 29, 125, 66, 25, 178, 220, 239,
       228, 186, 86, 175, 201, 218, 103, 188, 190, 37, 74, 230, 123, 191,
       209, 131, 203, 146, 224, 23, 52, 154, 139, 140, 117, 45, 223, 43,
       54, 227, 72, 114, 183, 187, 95, 27, 237, 124, 255, 24, 157, 246,
