%YAML:1.0
---
descriptors: !!opencv-matrix
   rows: 174
   cols: 32
   dt: u
   data: [ 1, 216, 119, 91, 100, 217, 233, 148, 126, 93, 118, 98, 185,
       148, 180, 101, 106, 58, 54, 74, 195, 184, 39, 241, 5, 24, 242,
       128, 87, 153, 85, 253, 138, 120, 162, 155, 101, 221, 189, 206, 31,
       15, 84, 147, 172, 222, 119, 140, 255, 121, 147, 211, 102, 182,
       122, 243, 7, 86, 159, 163, 22, 29, 189, 255, 50, 222, 107, 254,
       62, 128, 207, 246, 149, 64, 212, 230, 51, 141, 177, 64, 110, 226,
       31, 205, 203, 171, 38, 191, 242, 173, 178, 152, 53, 153, 112, 121,
       25, 159, 111, 239, 182, 130, 239, 119, 85, 73, 222, 230, 121, 109,
       180, 96, 126, 186, 31, 172, 251, 185, 37, 255, 114, 239, 162, 192,
       63, 138, 244, 249, 57, 149, 111, 237, 182, 66, 111, 119, 85, 73,
       254, 230, 91, 45, 178, 96, 126, 150, 31, 237, 249, 187, 53, 223,
       254, 237, 162, 192, 63, 136, 244, 249, 189, 94, 105, 228, 174, 63,
       79, 246, 93, 234, 188, 254, 27, 63, 215, 189, 127, 228, 222, 238,
       169, 39, 101, 234, 242, 223, 167, 180, 255, 253, 82, 253, 145, 91,
       71, 252, 54, 130, 239, 116, 212, 72, 214, 230, 49, 139, 176, 96,
       110, 232, 54, 207, 201, 187, 38, 237, 112, 170, 178, 128, 61, 152,
       112, 185, 162, 252, 59, 216, 125, 197, 189, 231, 159, 93, 80, 55,
       172, 158, 54, 65, 239, 59, 151, 1, 247, 47, 50, 247, 63, 26, 158,
       235, 21, 12, 181, 255, 63, 26, 236, 245, 52, 58, 89, 146, 81, 232,
       118, 239, 251, 61, 149, 171, 15, 244, 181, 93, 169, 248, 101, 168,
       206, 255, 245, 128, 239, 189, 88, 121, 180, 62, 83, 180, 228, 47,
       70, 242, 57, 174, 122, 125, 167, 40, 161, 25, 159, 239, 4, 98,
       173, 244, 0, 46, 128, 214, 101, 144, 200, 249, 66, 145, 77, 42,
       190, 87, 228, 190, 249, 16, 238, 189, 23, 0, 209, 185, 215, 42,
       160, 116, 125, 92, 128, 248, 171, 32, 79, 107, 97, 193, 198, 235,
       93, 163, 242, 73, 234, 12, 79, 88, 237, 70, 233, 68, 182, 171, 43,
       140, 246, 82, 106, 197, 239, 197, 76, 47, 228, 225, 118, 97, 158,
       57, 101, 28, 119, 94, 242, 120, 238, 172, 79, 68, 149, 78, 130,
       244, 208, 175, 40, 156, 103, 10, 236, 221, 251, 193, 72, 39, 242,
       192, 85, 32, 218, 187, 125, 60, 55, 250, 215, 176, 27, 232, 107,
       165, 56, 88, 175, 121, 177, 88, 28, 215, 104, 114, 231, 25, 127,
       22, 131, 7, 138, 209, 145, 153, 43, 254, 24, 3, 35, 163, 15, 154,
       188, 191, 55, 215, 187, 248, 31, 221, 214, 231, 252, 126, 175,
       237, 255, 115, 191, 245, 231, 216, 123, 253, 207, 87, 255, 199,
       158, 46, 45, 255, 39, 122, 107, 78, 110, 84, 249, 112, 232, 204,
       245, 230, 48, 140, 183, 59, 110, 188, 119, 238, 193, 179, 174,
       200, 86, 41, 226, 136, 77, 187, 118, 245, 221, 1, 238, 69, 131,
       58, 111, 56, 117, 230, 231, 135, 75, 108, 159, 127, 118, 196, 188,
       238, 173, 212, 61, 168, 210, 235, 193, 4, 47, 245, 120, 84, 255,
       27, 254, 116, 167, 62, 85, 49, 241, 254, 55, 61, 75, 61, 215, 63,
       167, 244, 245, 126, 188, 241, 173, 128, 202, 219, 101, 215, 231,
       237, 206, 71, 45, 105, 132, 165, 205, 29, 236, 237, 2, 240, 168,
       79, 131, 200, 83, 139, 72, 236, 114, 239, 205, 114, 223, 160, 54,
       73, 197, 60, 107, 126, 218, 156, 250, 122, 94, 62, 59, 209, 91,
       100, 177, 12, 244, 169, 47, 207, 35, 17, 238, 241, 205, 194, 106,
       79, 2, 61, 242, 193, 40, 155, 51, 148, 46, 75, 61, 55, 251, 119,
       228, 47, 117, 81, 113, 234, 119, 76, 87, 121, 17, 57, 157, 174,
       21, 60, 185, 240, 112, 10, 199, 223, 117, 32, 232, 232, 66, 243,
       2, 156, 150, 159, 153, 118, 184, 143, 190, 159, 74, 17, 236, 118,
       10, 207, 193, 119, 171, 17, 54, 220, 219, 97, 13, 50, 95, 67, 130,
       101, 173, 78, 157, 94, 102, 225, 167, 119, 255, 248, 212, 254,
       150, 182, 219, 125, 179, 175, 127, 116, 159, 239, 233, 245, 61,
       174, 226, 203, 239, 149, 119, 253, 125, 241, 239, 84, 228, 222,
       239, 118, 125, 152, 117, 95, 247, 183, 72, 127, 191, 255, 119,
       214, 191, 174, 172, 71, 63, 225, 23, 122, 208, 143, 55, 247, 252,
       87, 189, 125, 104, 108, 116, 95, 95, 120, 65, 238, 252, 110, 123,
       125, 159, 180, 126, 248, 149, 238, 233, 35, 124, 191, 115, 205,
       165, 185, 127, 255, 94, 243, 103, 20, 230, 94, 235, 116, 124, 8,
       121, 95, 127, 189, 104, 254, 223, 254, 247, 223, 179, 142, 148,
       118, 191, 224, 23, 58, 210, 139, 199, 247, 238, 119, 42, 58, 226,
       180, 111, 117, 184, 66, 155, 238, 93, 175, 172, 188, 87, 142, 175,
       109, 179, 133, 132, 118, 134, 194, 21, 95, 219, 171, 135, 125, 63,
       223, 19, 95, 99, 140, 118, 128, 175, 116, 173, 72, 218, 231, 57,
       142, 182, 64, 110, 163, 31, 239, 193, 139, 4, 237, 48, 44, 170,
       136, 61, 150, 49, 217, 154, 157, 98, 251, 247, 242, 250, 87, 125,
       77, 94, 179, 41, 223, 182, 224, 126, 187, 151, 157, 182, 184, 36,
       255, 119, 253, 170, 195, 55, 140, 253, 223, 66, 24, 247, 220, 111,
       244, 185, 86, 173, 206, 222, 167, 172, 190, 55, 74, 230, 247, 191,
       133, 132, 203, 178, 232, 83, 118, 218, 139, 134, 117, 37, 255, 79,
       59, 247, 212, 171, 124, 125, 18, 169, 254, 150, 165, 172, 191,
       247, 127, 166, 119, 253, 213, 149, 201, 182, 232, 219, 123, 127,
       147, 142, 245, 47, 119, 171, 157, 102, 76, 237, 87, 253, 123, 205,
       78, 124, 167, 40, 236, 183, 164, 126, 154, 151, 173, 212, 43, 54,
       219, 115, 89, 133, 175, 87, 236, 124, 255, 71, 108, 242, 134, 119,
       240, 186, 194, 43, 193, 89, 195, 44, 174, 119, 240, 246, 111, 151,
       199, 135, 18, 172, 226, 54, 60, 138, 171, 143, 247, 43, 205, 127,
       29, 119, 228, 127, 126, 122, 80, 169, 200, 191, 171, 95, 255, 183,
       127, 238, 245, 255, 239, 140, 163, 48, 232, 211, 249, 235, 155,
       167, 255, 101, 87, 43, 112, 241, 211, 101, 61, 248, 222, 95, 123,
       116, 123, 172, 31, 223, 44, 239, 153, 151, 29, 134, 116, 242, 210,
       87, 223, 250, 166, 215, 220, 83, 255, 191, 189, 112, 233, 244,
       191, 250, 218, 95, 105, 252, 187, 27, 29, 214, 36, 255, 153, 151,
       253, 190, 186, 109, 222, 254, 221, 163, 246, 255, 141, 82, 245,
       171, 170, 228, 90, 207, 177, 248, 199, 219, 119, 116, 191, 40,
       204, 246, 191, 175, 171, 211, 149, 182, 127, 174, 243, 30, 91,
       221, 235, 215, 204, 250, 223, 79, 154, 248, 91, 177, 95, 191, 184,
       63, 127, 87, 165, 252, 127, 159, 253, 215, 83, 223, 7, 181, 216,
       109, 253, 79, 127, 127, 215, 222, 244, 13, 119, 43, 55, 235, 72,
       243, 247, 187, 87, 95, 109, 125, 253, 8, 188, 182, 172, 223, 59,
       151, 21, 151, 186, 36, 242, 118, 93, 48, 235, 223, 221, 254, 255,
       25, 157, 111, 235, 182, 202, 111, 247, 85, 73, 254, 230, 123, 45,
       180, 96, 126, 214, 31, 239, 249, 187, 37, 255, 250, 239, 166, 196,
       55, 138, 244, 121, 59, 159, 106, 235, 246, 179, 235, 247, 95, 73,
       124, 230, 185, 76, 182, 32, 126, 171, 23, 189, 191, 184, 109, 255,
       110, 205, 170, 196, 255, 138, 248, 217, 58, 135, 106, 236, 242,
       82, 95, 109, 21, 12, 253, 163, 75, 207, 170, 208, 126, 185, 135,
       160, 124, 147, 36, 143, 242, 229, 170, 135, 55, 174, 174, 209,
       182, 117, 18, 172, 127, 71, 158, 232, 159, 172, 185, 43, 206, 255,
       109, 0, 254, 213, 207, 227, 104, 99, 90, 222, 185, 150, 143, 63,
       81, 59, 39, 147, 149, 54, 27, 232, 43, 165, 187, 90, 238, 58, 177,
       112, 156, 147, 96, 106, 231, 29, 126, 10, 163, 7, 139, 210, 209,
       217, 43, 254, 16, 65, 35, 163, 190, 241, 108, 179, 183, 219, 151,
       245, 31, 125, 21, 175, 10, 28, 222, 133, 159, 219, 149, 87, 223,
       250, 120, 181, 239, 81, 157, 247, 255, 30, 158, 223, 46, 49, 226,
       230, 231, 112, 186, 67, 139, 205, 93, 191, 12, 252, 87, 142, 191,
       255, 147, 149, 148, 210, 144, 226, 31, 85, 159, 171, 135, 127,
       191, 215, 185, 30, 107, 77, 118, 87, 255, 115, 85, 238, 124, 238,
       59, 61, 183, 49, 127, 184, 151, 172, 233, 186, 53, 159, 119, 239,
       161, 128, 127, 232, 122, 249, 95, 158, 246, 252, 61, 85, 92, 249,
