%YAML:1.0
---
descriptors: !!opencv-matrix
   rows: 160
   cols: 32
   dt: u
   data: [ 246, 241, 173, 162, 138, 69, 31, 168, 130, 244, 129, 143, 209,
       110, 91, 75, 95, 213, 125, 247, 223, 71, 255, 144, 249, 1, 239,
       252, 173, 63, 20, 112, 7, 153, 3, 155, 118, 247, 170, 80, 30, 73,
       91, 198, 252, 222, 180, 228, 254, 41, 23, 223, 151, 152, 62, 255,
       4, 60, 170, 194, 158, 15, 49, 213, 165, 253, 253, 85, 228, 127,
       246, 167, 91, 226, 62, 26, 82, 56, 85, 43, 153, 110, 50, 26, 245,
       252, 185, 170, 111, 15, 85, 48, 205, 248, 216, 154, 127, 112, 243,
       100, 101, 84, 125, 80, 105, 234, 118, 170, 107, 31, 213, 191, 126,
       221, 183, 234, 201, 118, 246, 192, 87, 251, 231, 139, 111, 247,
       102, 127, 15, 93, 238, 165, 246, 118, 191, 183, 44, 239, 94, 135,
       157, 47, 179, 96, 39, 255, 23, 221, 145, 152, 53, 234, 238, 111,
       174, 192, 165, 241, 181, 249, 178, 113, 112, 136, 109, 125, 216,
       77, 203, 53, 189, 11, 142, 28, 94, 132, 234, 145, 223, 67, 14, 39,
       90, 209, 149, 216, 139, 127, 87, 15, 223, 198, 24, 223, 90, 189,
       179, 146, 126, 183, 53, 142, 78, 165, 111, 103, 34, 84, 118, 254,
       173, 236, 108, 152, 1, 191, 234, 231, 166, 129, 58, 244, 168, 91,
       8, 155, 30, 189, 118, 130, 185, 119, 60, 13, 94, 167, 189, 167,
       34, 64, 102, 59, 35, 129, 82, 152, 0, 93, 228, 167, 186, 192, 20,
       0, 165, 251, 47, 102, 234, 65, 215, 179, 251, 218, 87, 133, 126,
       134, 73, 201, 191, 164, 123, 168, 147, 188, 134, 182, 60, 222,
       110, 77, 135, 197, 247, 223, 120, 228, 17, 69, 91, 101, 52, 14,
       107, 55, 116, 32, 106, 64, 243, 35, 144, 112, 50, 12, 12, 44, 233,
       152, 69, 14, 228, 174, 32, 0, 40, 162, 192, 40, 54, 69, 6, 174,
       157, 3, 70, 232, 133, 162, 169, 11, 70, 98, 41, 81, 248, 193, 110,
       99, 108, 163, 75, 190, 177, 150, 197, 31, 49, 123, 56, 6, 74, 24,
       182, 222, 107, 244, 184, 66, 185, 206, 84, 37, 172, 255, 39, 206,
       230, 123, 255, 195, 134, 79, 146, 235, 19, 119, 90, 139, 158, 117,
       47, 223, 40, 237, 115, 232, 117, 217, 99, 103, 123, 5, 252, 10,
       42, 153, 116, 180, 248, 186, 151, 24, 74, 186, 160, 255, 127, 221,
       128, 107, 83, 140, 246, 170, 246, 173, 140, 55, 155, 59, 22, 174,
       250, 183, 139, 153, 227, 232, 74, 147, 25, 198, 232, 23, 124, 75,
       207, 50, 184, 71, 77, 127, 229, 127, 218, 6, 43, 189, 34, 218,
       221, 213, 214, 231, 223, 77, 220, 11, 40, 220, 62, 164, 217, 186,
       147, 213, 255, 43, 122, 255, 59, 93, 151, 251, 87, 12, 252, 222,
       47, 117, 241, 103, 179, 127, 126, 184, 113, 238, 127, 168, 91,
       125, 159, 180, 150, 92, 213, 110, 229, 240, 109, 138, 103, 223,
       37, 151, 231, 255, 78, 119, 75, 174, 166, 21, 179, 178, 172, 167,
       254, 211, 74, 245, 172, 162, 150, 239, 39, 111, 249, 133, 247,
       221, 167, 239, 44, 50, 222, 131, 142, 116, 185, 221, 73, 32, 88,
       171, 116, 136, 105, 16, 111, 105, 119, 100, 189, 131, 146, 120,
       102, 173, 63, 28, 131, 156, 197, 245, 198, 253, 178, 192, 46, 131,
       65, 153, 9, 18, 115, 75, 112, 171, 235, 16, 109, 13, 127, 228,
       159, 3, 148, 52, 38, 169, 78, 12, 129, 184, 101, 125, 70, 253, 50,
       192, 94, 131, 67, 177, 15, 223, 249, 215, 246, 52, 191, 183, 88,
       203, 94, 230, 221, 124, 223, 42, 255, 95, 23, 155, 213, 184, 173,
       234, 110, 95, 255, 132, 143, 251, 249, 181, 7, 7, 235, 193, 246,
       50, 239, 215, 52, 207, 94, 246, 153, 46, 183, 104, 127, 207, 23,
       191, 145, 144, 101, 194, 100, 47, 190, 196, 173, 243, 240, 241,
       67, 190, 224, 19, 250, 185, 186, 151, 59, 253, 26, 253, 172, 238,
       214, 150, 167, 95, 245, 149, 150, 88, 174, 243, 14, 86, 191, 234,
       142, 196, 139, 221, 57, 1, 101, 205, 108, 18, 204, 57, 69, 232,
       214, 230, 179, 25, 151, 229, 90, 172, 63, 237, 201, 178, 229, 140,
       118, 105, 226, 144, 63, 172, 88, 185, 58, 223, 98, 174, 118, 147,
       254, 245, 21, 68, 124, 231, 43, 207, 182, 196, 126, 187, 151, 231,
       206, 186, 36, 255, 242, 237, 162, 139, 127, 142, 252, 221, 165,
       78, 94, 91, 116, 139, 103, 240, 124, 30, 117, 48, 83, 67, 171, 21,
       90, 104, 6, 106, 224, 244, 41, 62, 102, 155, 37, 4, 81, 177, 66,
       225, 168, 70, 108, 127, 116, 123, 84, 50, 85, 62, 119, 153, 99,
       77, 187, 25, 89, 168, 199, 46, 236, 246, 65, 29, 71, 235, 112,
       145, 119, 253, 94, 195, 188, 4, 94, 245, 214, 99, 253, 71, 21, 35,
       251, 179, 81, 63, 41, 25, 123, 215, 151, 160, 56, 242, 65, 142,
       245, 135, 254, 133, 229, 249, 164, 162, 44, 6, 238, 117, 228, 62,
       116, 19, 113, 159, 119, 21, 67, 41, 63, 91, 217, 78, 7, 46, 188,
       240, 97, 136, 103, 251, 244, 129, 231, 253, 212, 194, 13, 4, 60,
       125, 229, 62, 245, 59, 84, 158, 127, 22, 218, 123, 59, 235, 109,
       6, 134, 46, 164, 240, 49, 204, 71, 235, 112, 5, 219, 248, 104,
       131, 91, 150, 125, 225, 178, 178, 57, 55, 45, 121, 126, 247, 157,
       62, 142, 112, 103, 23, 159, 148, 183, 156, 101, 215, 238, 255, 58,
       196, 188, 128, 161, 125, 208, 90, 223, 244, 42, 14, 77, 48, 160,
       186, 162, 248, 247, 55, 129, 123, 38, 245, 124, 234, 105, 197,
       131, 40, 240, 162, 101, 144, 40, 177, 3, 57, 191, 94, 98, 22, 83,
       146, 254, 112, 241, 196, 214, 167, 105, 204, 183, 132, 126, 237,
       151, 239, 236, 159, 36, 238, 114, 126, 143, 131, 111, 183, 126,
       213, 24, 155, 10, 191, 51, 150, 122, 55, 53, 13, 94, 231, 173,
       167, 34, 196, 102, 42, 183, 204, 64, 152, 17, 173, 230, 247, 186,
       129, 46, 132, 41, 219, 10, 56, 178, 158, 235, 244, 186, 66, 159,
       206, 92, 35, 172, 254, 103, 204, 238, 123, 179, 145, 22, 203, 146,
       233, 19, 117, 90, 139, 154, 85, 47, 223, 3, 218, 6, 157, 48, 148,
       56, 214, 191, 73, 86, 245, 172, 198, 182, 76, 230, 43, 183, 213,
       183, 152, 3, 255, 134, 118, 186, 194, 158, 133, 169, 157, 3, 156,
       51, 221, 244, 239, 167, 247, 94, 75, 126, 18, 180, 61, 52, 100,
       221, 50, 19, 8, 179, 184, 49, 255, 45, 62, 18, 66, 209, 8, 213,
       249, 40, 169, 123, 72, 116, 221, 235, 117, 111, 77, 124, 40, 189,
       157, 180, 52, 254, 186, 23, 92, 211, 187, 32, 221, 127, 221, 34,
       232, 87, 138, 231, 233, 214, 188, 142, 60, 137, 177, 20, 239, 186,
       183, 130, 61, 230, 250, 66, 91, 129, 103, 233, 17, 60, 79, 155,
       35, 155, 115, 93, 127, 128, 101, 175, 86, 51, 23, 98, 12, 116,
       183, 238, 123, 85, 204, 253, 239, 98, 232, 183, 132, 92, 168, 22,
       111, 204, 179, 12, 158, 50, 12, 169, 168, 95, 254, 122, 197, 195,
       140, 198, 157, 52, 150, 238, 183, 93, 67, 82, 215, 253, 42, 182,
       224, 87, 103, 55, 141, 183, 156, 85, 239, 44, 62, 186, 192, 28,
       132, 185, 28, 116, 73, 81, 165, 92, 74, 98, 168, 108, 160, 234,
       72, 215, 67, 1, 80, 120, 196, 106, 96, 73, 178, 81, 108, 181, 160,
       135, 20, 105, 59, 66, 0, 208, 190, 188, 179, 168, 232, 21, 135,
       186, 127, 130, 185, 151, 39, 66, 91, 135, 87, 237, 17, 58, 77,
       139, 33, 201, 227, 126, 255, 128, 80, 135, 91, 244, 71, 68, 142,
       58, 11, 6, 232, 28, 166, 187, 235, 198, 98, 137, 81, 90, 197, 110,
       99, 104, 163, 77, 126, 176, 166, 111, 23, 52, 123, 16, 0, 26, 220,
       96, 154, 95, 209, 158, 238, 159, 71, 88, 163, 172, 206, 38, 132,
       127, 123, 147, 195, 70, 10, 78, 255, 47, 86, 143, 235, 55, 31, 61,
       222, 130, 212, 58, 153, 245, 213, 188, 231, 191, 31, 84, 17, 172,
       190, 46, 197, 231, 27, 147, 145, 118, 156, 50, 247, 111, 23, 30,
       203, 146, 4, 173, 223, 244, 71, 130, 142, 200, 75, 134, 232, 166,
       166, 171, 169, 198, 226, 9, 211, 120, 196, 106, 106, 72, 67, 203,
       106, 176, 38, 111, 61, 80, 123, 38, 32, 246, 101, 113, 231, 230,
       10, 126, 168, 121, 162, 251, 138, 75, 107, 29, 116, 183, 221, 125,
       235, 232, 244, 205, 238, 183, 254, 133, 6, 39, 243, 226, 6, 171,
       189, 105, 218, 253, 221, 217, 239, 223, 93, 252, 27, 170, 220,
       126, 36, 201, 187, 151, 21, 254, 106, 122, 247, 111, 95, 156, 251,
