%YAML:1.0
---
descriptors: !!opencv-matrix
   rows: 198
   cols: 32
   dt: u
   data: [ 93, 95, 173, 165, 174, 110, 173, 191, 4, 254, 158, 231, 223,
       45, 211, 111, 39, 69, 125, 47, 233, 240, 237, 136, 236, 99, 239,
       148, 175, 124, 149, 113, 77, 42, 174, 69, 36, 190, 251, 16, 238,
       189, 23, 32, 208, 189, 215, 42, 34, 116, 125, 93, 144, 241, 171,
       32, 79, 47, 97, 129, 198, 235, 85, 97, 238, 84, 116, 222, 175,
       118, 92, 152, 197, 94, 183, 183, 74, 127, 191, 255, 247, 214, 255,
       174, 172, 69, 63, 241, 83, 123, 208, 151, 183, 247, 252, 87, 79,
       211, 244, 222, 235, 116, 95, 152, 3, 255, 156, 166, 200, 119, 203,
       254, 87, 214, 253, 254, 153, 66, 255, 224, 63, 126, 207, 255, 174,
       247, 172, 117, 43, 187, 112, 250, 126, 157, 250, 252, 79, 72, 188,
       235, 173, 220, 190, 164, 254, 187, 223, 197, 222, 42, 110, 255,
       190, 93, 154, 250, 87, 142, 217, 223, 61, 53, 251, 117, 228, 47,
       117, 83, 113, 234, 119, 76, 87, 121, 19, 57, 157, 174, 21, 44,
       185, 240, 112, 10, 199, 223, 117, 0, 232, 232, 194, 243, 102, 20,
       230, 94, 111, 116, 124, 8, 249, 95, 247, 187, 104, 254, 191, 255,
       255, 215, 183, 166, 164, 119, 191, 225, 23, 58, 208, 139, 199,
       247, 252, 87, 250, 73, 98, 238, 29, 130, 78, 100, 165, 128, 248,
       131, 107, 207, 53, 80, 120, 225, 31, 194, 72, 171, 2, 239, 243,
       237, 130, 9, 55, 182, 102, 74, 170, 120, 178, 151, 109, 117, 184,
       66, 91, 222, 84, 11, 172, 220, 119, 142, 239, 121, 179, 131, 196,
       118, 146, 226, 23, 22, 223, 171, 87, 125, 127, 223, 46, 60, 226,
       240, 239, 101, 184, 66, 11, 239, 92, 175, 12, 190, 87, 140, 191,
       61, 147, 149, 132, 114, 146, 194, 31, 93, 155, 175, 135, 111, 31,
       215, 43, 54, 242, 72, 123, 245, 153, 91, 91, 237, 124, 237, 56,
       221, 246, 180, 159, 57, 151, 29, 135, 50, 166, 223, 78, 93, 33,
       175, 95, 206, 94, 245, 6, 186, 177, 203, 247, 181, 186, 220, 31,
       105, 89, 111, 172, 222, 254, 172, 255, 27, 151, 145, 151, 58, 42,
       243, 15, 28, 191, 238, 158, 79, 173, 215, 43, 122, 231, 117, 52,
       250, 249, 150, 121, 233, 118, 231, 187, 61, 151, 47, 134, 252,
       181, 93, 141, 248, 245, 168, 78, 255, 244, 128, 239, 189, 80, 121,
       210, 75, 98, 140, 111, 88, 236, 70, 233, 70, 182, 139, 43, 12,
       215, 86, 106, 229, 236, 197, 204, 47, 228, 235, 246, 113, 158, 57,
       103, 156, 127, 94, 195, 145, 127, 254, 237, 156, 124, 55, 253, 91,
       215, 243, 252, 191, 190, 103, 230, 147, 255, 133, 245, 237, 51,
       213, 183, 251, 218, 194, 30, 132, 165, 95, 134, 88, 178, 155, 101,
       245, 176, 198, 31, 95, 84, 19, 172, 222, 103, 204, 251, 105, 179,
       83, 6, 244, 122, 242, 7, 86, 158, 11, 150, 93, 61, 222, 43, 112,
       241, 225, 101, 125, 248, 222, 95, 123, 252, 187, 137, 31, 223, 44,
       255, 153, 151, 157, 134, 190, 113, 210, 71, 221, 154, 166, 215,
       221, 81, 255, 187, 94, 249, 245, 116, 63, 207, 246, 89, 234, 190,
       238, 59, 61, 151, 61, 127, 231, 215, 45, 169, 250, 97, 238, 246,
       223, 245, 176, 239, 253, 82, 249, 200, 149, 52, 251, 183, 252,
       251, 49, 173, 77, 223, 23, 252, 126, 26, 96, 230, 147, 255, 129,
       183, 41, 121, 247, 255, 125, 170, 67, 22, 14, 245, 82, 130, 220,
       55, 216, 125, 213, 188, 231, 159, 91, 80, 119, 188, 158, 52, 97,
       239, 59, 147, 1, 231, 47, 50, 247, 47, 26, 158, 235, 28, 12, 181,
       255, 57, 151, 111, 237, 182, 7, 95, 127, 21, 73, 254, 230, 91, 45,
       178, 96, 126, 158, 31, 237, 249, 187, 37, 223, 242, 237, 162, 192,
       63, 136, 240, 121, 63, 191, 104, 225, 246, 223, 123, 250, 95, 236,
       60, 239, 27, 29, 150, 52, 62, 153, 151, 254, 187, 186, 125, 222,
       254, 221, 161, 244, 255, 175, 86, 241, 25, 159, 127, 238, 182,
       130, 239, 119, 116, 73, 222, 230, 121, 111, 176, 96, 126, 178, 31,
       172, 249, 185, 37, 255, 242, 239, 162, 192, 63, 138, 240, 121,
       253, 113, 176, 102, 41, 93, 86, 216, 235, 254, 181, 9, 95, 219,
       75, 155, 156, 221, 204, 98, 76, 103, 250, 32, 211, 217, 101, 61,
       98, 255, 70, 195, 48, 81, 15, 108, 29, 71, 71, 104, 196, 128, 234,
       10, 82, 209, 33, 112, 216, 228, 106, 106, 73, 163, 16, 12, 241,
       229, 129, 19, 113, 58, 116, 34, 53, 65, 43, 236, 21, 6, 195, 104,
       196, 136, 227, 2, 83, 193, 57, 96, 120, 172, 2, 238, 73, 163, 20,
       140, 241, 169, 130, 12, 105, 59, 112, 162, 253, 59, 254, 117, 167,
       30, 85, 49, 241, 254, 55, 61, 75, 61, 214, 191, 167, 244, 245,
       126, 220, 241, 173, 128, 202, 219, 101, 199, 231, 237, 222, 87,
       39, 123, 107, 78, 108, 82, 233, 80, 232, 204, 117, 238, 17, 204,
       183, 43, 110, 188, 115, 238, 193, 243, 166, 200, 86, 41, 227, 136,
       69, 171, 118, 245, 215, 178, 29, 232, 106, 165, 184, 88, 175, 57,
       177, 92, 28, 219, 104, 82, 167, 25, 127, 18, 135, 7, 139, 209,
       209, 217, 43, 254, 24, 3, 35, 131, 157, 9, 230, 5, 7, 62, 111,
       184, 117, 230, 70, 134, 75, 32, 147, 255, 118, 196, 188, 238, 173,
       208, 53, 168, 194, 235, 195, 4, 47, 245, 120, 84, 188, 205, 106,
       94, 149, 211, 71, 241, 85, 4, 229, 2, 107, 193, 179, 245, 88, 248,
       130, 234, 106, 186, 108, 191, 227, 201, 133, 9, 115, 190, 124,
       172, 81, 67, 138, 164, 148, 6, 61, 85, 104, 141, 202, 199, 149,
       170, 114, 66, 244, 197, 109, 245, 148, 155, 129, 64, 252, 37, 174,
       196, 136, 34, 161, 67, 45, 105, 132, 165, 205, 29, 236, 205, 66,
       240, 40, 207, 163, 200, 83, 139, 72, 238, 114, 111, 205, 114, 222,
       128, 38, 73, 197, 48, 107, 126, 218, 156, 166, 243, 146, 174, 127,
       69, 158, 232, 155, 188, 185, 43, 108, 254, 109, 18, 255, 209, 207,
       227, 98, 99, 90, 223, 185, 150, 207, 63, 81, 59, 39, 147, 49, 75,
       79, 220, 126, 128, 79, 246, 196, 64, 244, 198, 49, 131, 181, 96,
       110, 234, 62, 204, 207, 139, 38, 173, 114, 169, 178, 136, 61, 152,
       112, 40, 54, 119, 116, 230, 127, 95, 222, 232, 25, 172, 251, 175,
       74, 125, 31, 16, 254, 221, 245, 227, 204, 179, 249, 218, 179, 254,
       141, 183, 119, 127, 118, 87, 217, 150, 239, 225, 166, 34, 105, 95,
       113, 243, 214, 246, 25, 47, 176, 107, 127, 132, 61, 189, 185, 223,
       165, 194, 216, 235, 254, 196, 173, 192, 240, 121, 154, 223, 82,
       159, 178, 147, 190, 244, 62, 13, 83, 247, 109, 238, 166, 196, 119,
       127, 175, 229, 230, 145, 13, 223, 52, 102, 63, 130, 63, 214, 169,
       157, 66, 156, 150, 159, 129, 126, 176, 175, 190, 151, 67, 17, 236,
       118, 6, 79, 129, 119, 251, 17, 52, 220, 219, 97, 13, 54, 95, 3,
       128, 100, 173, 78, 3, 30, 107, 141, 114, 178, 171, 114, 61, 202,
       94, 231, 61, 174, 183, 100, 54, 109, 23, 239, 229, 152, 36, 238,
       52, 46, 170, 128, 47, 231, 49, 253, 95, 59, 254, 244, 163, 124,
       61, 18, 171, 238, 150, 165, 172, 191, 199, 254, 166, 119, 253,
       209, 149, 201, 178, 224, 219, 251, 127, 131, 142, 245, 47, 119,
       128, 225, 134, 157, 89, 231, 160, 232, 182, 176, 75, 1, 228, 242,
       98, 198, 241, 108, 234, 96, 6, 213, 155, 29, 13, 34, 79, 15, 0,
       43, 41, 134, 14, 155, 188, 159, 228, 87, 191, 248, 31, 221, 86,
       231, 252, 126, 175, 107, 255, 123, 183, 211, 215, 248, 107, 253,
       206, 87, 255, 199, 158, 174, 61, 255, 189, 95, 105, 76, 116, 95,
       95, 248, 81, 206, 252, 110, 123, 125, 183, 181, 126, 248, 151,
       238, 233, 178, 124, 191, 115, 207, 165, 177, 127, 255, 126, 249,
       212, 114, 26, 170, 50, 136, 114, 80, 188, 12, 247, 189, 199, 203,
       42, 80, 182, 169, 76, 103, 46, 5, 138, 7, 210, 229, 42, 201, 40,
       3, 43, 67, 49, 34, 207, 61, 22, 3, 65, 123, 86, 161, 194, 94, 115,
       33, 128, 105, 120, 236, 32, 172, 41, 255, 101, 29, 216, 231, 241,
       20, 105, 168, 112, 168, 205, 122, 189, 23, 40, 124, 57, 152, 186,
       254, 22, 253, 220, 214, 195, 59, 39, 116, 253, 94, 165, 69, 175,
       224, 70, 75, 127, 163, 142, 245, 15, 119, 63, 189, 114, 240, 247,
       223, 254, 115, 253, 232, 118, 175, 31, 157, 182, 165, 174, 185,
