%YAML:1.0
---
descriptors: !!opencv-matrix
   rows: 260
   cols: 32
   dt: u
   data: [ 95, 59, 242, 192, 247, 244, 187, 80, 169, 204, 159, 175, 12,
       191, 247, 118, 166, 245, 255, 213, 151, 11, 176, 224, 223, 125,
       175, 235, 142, 167, 47, 119, 43, 54, 235, 76, 122, 189, 187, 91,
       91, 204, 124, 236, 56, 252, 247, 180, 158, 57, 151, 45, 151, 50,
       38, 223, 14, 93, 33, 174, 223, 238, 79, 245, 63, 25, 228, 245, 39,
       126, 249, 146, 113, 236, 118, 163, 251, 61, 215, 46, 46, 244, 181,
       92, 136, 248, 245, 168, 79, 251, 245, 129, 231, 253, 84, 251, 162,
       201, 24, 169, 87, 195, 180, 101, 28, 0, 112, 3, 164, 153, 32, 1,
       250, 59, 131, 65, 98, 190, 16, 223, 101, 144, 138, 107, 81, 8,
       165, 138, 78, 212, 244, 222, 235, 116, 95, 152, 35, 223, 158, 130,
       72, 119, 223, 255, 119, 214, 253, 254, 152, 66, 255, 224, 95, 126,
       215, 175, 166, 247, 236, 117, 120, 209, 90, 234, 31, 197, 82, 252,
       135, 8, 152, 2, 127, 223, 40, 64, 216, 209, 127, 226, 74, 43, 91,
       189, 249, 229, 135, 91, 53, 27, 48, 11, 10, 189, 58, 171, 245,
       221, 187, 255, 31, 77, 124, 35, 188, 223, 106, 36, 254, 27, 151,
       144, 211, 186, 120, 255, 239, 85, 142, 235, 87, 14, 181, 251, 25,
       159, 103, 238, 246, 146, 238, 119, 84, 65, 222, 230, 121, 239,
       178, 224, 126, 170, 151, 172, 217, 187, 37, 239, 114, 237, 162,
       128, 63, 142, 240, 249, 254, 84, 118, 254, 237, 118, 92, 184, 157,
       94, 247, 19, 74, 127, 47, 223, 253, 213, 191, 226, 108, 103, 91,
       245, 83, 122, 208, 31, 55, 255, 252, 71, 138, 157, 63, 188, 155,
       228, 181, 103, 188, 87, 78, 19, 172, 191, 34, 65, 227, 51, 187, 1,
       50, 137, 50, 247, 243, 247, 90, 75, 16, 68, 165, 250, 177, 0, 126,
       225, 36, 171, 225, 23, 100, 121, 246, 118, 147, 9, 148, 104, 104,
       140, 46, 29, 155, 188, 229, 128, 70, 169, 242, 64, 109, 136, 240,
       41, 67, 104, 175, 85, 44, 248, 169, 134, 234, 233, 30, 32, 180,
       180, 215, 110, 2, 100, 124, 93, 128, 253, 167, 96, 197, 60, 126,
       144, 132, 249, 85, 109, 83, 185, 19, 184, 185, 157, 184, 55, 175,
       89, 186, 77, 174, 190, 70, 244, 164, 51, 253, 21, 151, 9, 178,
       245, 155, 253, 26, 122, 74, 4, 139, 95, 139, 151, 121, 239, 246,
       84, 127, 63, 29, 77, 127, 246, 185, 31, 190, 100, 126, 155, 151,
       174, 251, 154, 101, 255, 102, 253, 186, 200, 63, 142, 244, 249,
       104, 123, 80, 172, 120, 153, 90, 92, 3, 236, 248, 237, 191, 143,
       195, 144, 222, 253, 151, 84, 207, 58, 208, 189, 254, 213, 36, 186,
       126, 158, 74, 89, 93, 28, 236, 181, 164, 78, 173, 183, 94, 254,
       22, 134, 217, 61, 147, 43, 47, 101, 125, 45, 241, 248, 117, 140,
       237, 111, 255, 148, 167, 252, 93, 121, 145, 202, 75, 255, 86, 129,
       235, 248, 126, 1, 82, 230, 57, 139, 184, 96, 126, 139, 55, 204,
       163, 191, 13, 255, 244, 173, 186, 128, 61, 137, 49, 169, 188, 125,
       126, 245, 228, 127, 255, 246, 84, 238, 252, 3, 91, 125, 51, 41,
       127, 252, 151, 235, 232, 246, 56, 174, 243, 203, 231, 133, 103,
       249, 126, 251, 10, 142, 39, 191, 165, 250, 236, 39, 189, 95, 218,
       145, 175, 143, 178, 197, 231, 39, 239, 5, 112, 221, 3, 255, 167,
       118, 218, 195, 22, 204, 149, 109, 55, 239, 192, 130, 222, 1, 142,
       216, 194, 216, 152, 239, 65, 232, 255, 142, 93, 200, 23, 255, 239,
       99, 142, 186, 56, 12, 173, 188, 191, 255, 112, 197, 94, 18, 222,
       231, 34, 42, 56, 16, 173, 182, 255, 231, 77, 111, 11, 90, 55, 213,
       237, 162, 128, 213, 137, 192, 214, 231, 107, 135, 167, 243, 45,
       83, 1, 156, 123, 94, 86, 229, 179, 242, 220, 72, 124, 2, 48, 253,
       37, 96, 110, 122, 18, 72, 163, 169, 50, 127, 99, 47, 34, 10, 91,
       139, 101, 251, 221, 107, 94, 166, 174, 26, 111, 216, 169, 132,
       182, 76, 239, 195, 203, 223, 106, 228, 110, 234, 76, 99, 238, 232,
       246, 249, 103, 24, 47, 243, 107, 13, 59, 219, 114, 205, 101, 23,
       253, 247, 93, 67, 222, 230, 171, 172, 180, 229, 126, 222, 151,
       201, 201, 187, 49, 225, 183, 123, 222, 130, 31, 220, 240, 253,
       170, 217, 126, 222, 127, 213, 154, 240, 143, 76, 125, 169, 108,
       220, 183, 164, 206, 115, 215, 67, 198, 43, 42, 253, 115, 91, 9,
       187, 87, 175, 13, 255, 2, 156, 187, 255, 118, 199, 191, 119, 30,
       202, 90, 39, 188, 255, 48, 64, 255, 123, 23, 131, 227, 188, 50,
       239, 229, 182, 190, 138, 20, 122, 53, 251, 217, 16, 255, 125, 50,
       94, 121, 59, 116, 200, 86, 244, 123, 55, 146, 112, 54, 188, 53,
       184, 169, 220, 53, 14, 207, 239, 48, 128, 102, 160, 100, 121, 60,
       148, 126, 252, 117, 246, 91, 56, 85, 79, 119, 19, 91, 127, 190,
       241, 127, 156, 183, 170, 188, 178, 57, 223, 83, 255, 160, 197, 55,
       175, 124, 115, 75, 70, 229, 85, 109, 50, 236, 63, 33, 218, 254,
       231, 233, 44, 151, 239, 79, 198, 253, 175, 205, 240, 231, 200, 6,
       126, 255, 132, 111, 244, 250, 93, 235, 122, 80, 228, 108, 156,
       252, 150, 233, 8, 176, 108, 189, 155, 213, 247, 238, 245, 127,
       205, 197, 47, 194, 225, 182, 121, 250, 186, 14, 148, 123, 141,
       174, 137, 190, 217, 237, 221, 177, 204, 223, 93, 84, 19, 140, 236,
       119, 77, 216, 123, 131, 81, 22, 242, 122, 241, 79, 89, 215, 47,
       211, 61, 253, 222, 250, 80, 114, 252, 103, 86, 120, 80, 249, 206,
       247, 63, 74, 221, 63, 221, 254, 189, 183, 231, 140, 247, 178, 200,
       87, 121, 192, 139, 111, 175, 126, 215, 99, 47, 138, 132, 205, 45,
       206, 226, 128, 166, 172, 143, 34, 168, 87, 2, 72, 238, 67, 239,
       204, 107, 208, 170, 124, 1, 205, 61, 73, 126, 90, 154, 103, 59,
       64, 162, 244, 155, 106, 17, 41, 232, 25, 239, 135, 136, 214, 144,
       158, 175, 87, 255, 159, 26, 204, 202, 188, 84, 173, 232, 173, 175,
       154, 85, 210, 241, 59, 64, 210, 80, 181, 109, 234, 113, 134, 50,
       28, 150, 204, 118, 38, 29, 122, 216, 83, 27, 177, 84, 61, 0, 14,
       110, 1, 2, 167, 127, 255, 106, 114, 224, 46, 153, 251, 198, 169,
       164, 180, 171, 15, 139, 215, 157, 46, 241, 223, 223, 236, 39, 164,
       226, 210, 217, 171, 185, 103, 189, 67, 69, 58, 182, 236, 16, 139,
       253, 217, 198, 155, 127, 188, 191, 10, 188, 94, 159, 205, 131,
       253, 5, 174, 111, 255, 209, 219, 91, 217, 191, 247, 92, 94, 95,
       255, 57, 246, 116, 167, 126, 85, 113, 121, 254, 55, 63, 74, 61,
       199, 191, 181, 246, 245, 114, 252, 241, 189, 136, 219, 219, 101,
       215, 227, 237, 222, 119, 93, 3, 206, 37, 131, 54, 111, 48, 100,
       196, 78, 134, 73, 34, 147, 239, 118, 68, 168, 238, 133, 208, 181,
       136, 198, 235, 195, 4, 47, 247, 121, 84, 18, 242, 202, 177, 34,
       162, 58, 212, 191, 167, 86, 231, 77, 143, 235, 88, 55, 125, 239,
       199, 134, 213, 132, 227, 214, 39, 59, 135, 44, 149, 41, 89, 27,
       28, 122, 252, 114, 246, 253, 115, 53, 78, 95, 166, 121, 63, 182,
       97, 118, 191, 151, 175, 229, 144, 52, 205, 119, 239, 250, 128, 47,
       198, 33, 249, 34, 221, 57, 218, 109, 213, 190, 247, 143, 89, 253,
       111, 188, 222, 126, 96, 207, 187, 215, 195, 215, 43, 58, 245, 55,
       60, 154, 251, 92, 30, 165, 255, 35, 6, 20, 93, 107, 191, 168, 122,
       221, 26, 124, 76, 228, 208, 183, 173, 223, 32, 82, 46, 229, 167,
       70, 221, 6, 26, 67, 58, 88, 105, 75, 133, 138, 221, 126, 248, 59,
       215, 189, 119, 141, 92, 158, 183, 189, 31, 182, 101, 166, 51, 223,
       237, 226, 141, 32, 221, 243, 217, 42, 147, 22, 156, 165, 123, 47,
       55, 249, 227, 244, 255, 251, 222, 15, 237, 61, 254, 159, 61, 222,
       172, 159, 27, 151, 61, 147, 176, 125, 246, 111, 221, 175, 228,
       223, 207, 213, 241, 30, 194, 118, 203, 27, 208, 49, 200, 167, 21,
       197, 162, 75, 199, 174, 76, 114, 152, 171, 210, 18, 131, 47, 245,
       219, 226, 67, 79, 183, 159, 37, 103, 223, 4, 238, 117, 133, 118,
       126, 249, 113, 254, 151, 147, 73, 125, 223, 127, 127, 196, 253,
       191, 188, 245, 189, 136, 127, 235, 231, 197, 167, 247, 252, 114,
       94, 118, 226, 150, 207, 48, 188, 71, 169, 231, 159, 175, 108, 236,
