%YAML:1.0
---
descriptors: !!opencv-matrix
   rows: 200
   cols: 32
   dt: u
   data: [ 214, 174, 239, 214, 214, 90, 254, 244, 121, 127, 118, 158, 73,
       110, 222, 187, 59, 223, 215, 203, 245, 254, 172, 230, 63, 127,
       255, 231, 199, 247, 255, 221, 124, 211, 113, 225, 53, 95, 94, 184,
       45, 164, 255, 8, 207, 79, 28, 212, 246, 213, 205, 106, 200, 176,
       121, 220, 191, 253, 7, 87, 102, 183, 198, 101, 43, 246, 255, 254,
       108, 189, 249, 222, 251, 123, 120, 124, 188, 190, 245, 188, 223,
       251, 119, 13, 163, 254, 226, 251, 22, 255, 126, 170, 222, 212, 99,
       253, 92, 184, 188, 182, 139, 100, 90, 218, 163, 190, 173, 13, 95,
       255, 67, 90, 231, 221, 253, 146, 14, 67, 218, 34, 219, 231, 63,
       253, 168, 115, 47, 83, 207, 185, 127, 248, 188, 141, 89, 123, 191,
       89, 148, 252, 159, 223, 244, 111, 199, 51, 127, 29, 179, 79, 178,
       247, 218, 219, 251, 250, 158, 141, 161, 113, 205, 237, 49, 66,
       185, 120, 63, 191, 106, 50, 142, 24, 185, 163, 209, 118, 35, 86,
       121, 222, 226, 13, 173, 119, 255, 93, 39, 253, 2, 215, 135, 40,
       60, 53, 58, 250, 92, 231, 243, 216, 23, 68, 221, 3, 119, 221, 43,
       64, 127, 249, 135, 227, 10, 179, 58, 223, 211, 199, 171, 109, 117,
       171, 52, 211, 56, 255, 100, 70, 214, 155, 199, 252, 81, 236, 188,
       239, 99, 108, 158, 181, 30, 230, 197, 119, 236, 235, 109, 62, 58,
       79, 165, 213, 103, 190, 222, 93, 17, 21, 107, 239, 52, 198, 111,
       113, 116, 200, 255, 70, 115, 247, 184, 96, 122, 188, 62, 174, 217,
       177, 53, 206, 241, 237, 162, 0, 61, 234, 224, 177, 162, 222, 74,
       189, 94, 135, 190, 119, 28, 6, 248, 247, 41, 237, 176, 1, 126,
       187, 135, 163, 224, 190, 86, 255, 116, 135, 238, 169, 117, 184,
       173, 153, 89, 143, 69, 229, 151, 18, 111, 56, 101, 168, 250, 230,
       91, 35, 144, 245, 122, 196, 188, 238, 249, 184, 101, 205, 244,
       233, 167, 132, 47, 182, 112, 40, 1, 136, 135, 157, 22, 155, 161,
       235, 118, 145, 66, 2, 224, 224, 178, 109, 57, 110, 34, 185, 39,
       252, 47, 253, 12, 38, 223, 68, 177, 40, 53, 172, 120, 172, 131,
       188, 94, 11, 70, 251, 22, 163, 96, 26, 99, 225, 32, 193, 89, 238,
       34, 40, 56, 254, 143, 31, 188, 231, 245, 124, 177, 168, 80, 136,
       34, 79, 234, 174, 116, 128, 238, 230, 29, 4, 216, 131, 169, 235,
       53, 64, 122, 235, 23, 197, 74, 154, 198, 235, 246, 116, 158, 137,
       53, 222, 124, 138, 245, 212, 173, 247, 141, 102, 76, 184, 146,
       242, 131, 91, 83, 127, 24, 99, 89, 213, 125, 163, 109, 207, 219,
       140, 251, 235, 205, 20, 45, 121, 80, 18, 204, 232, 172, 179, 173,
       44, 119, 156, 158, 191, 135, 17, 245, 247, 89, 75, 193, 70, 121,
       95, 50, 76, 251, 163, 205, 219, 255, 125, 128, 121, 213, 227, 85,
       164, 253, 82, 142, 118, 103, 139, 119, 147, 135, 18, 67, 115, 93,
       127, 51, 214, 120, 186, 58, 103, 191, 98, 155, 138, 87, 76, 161,
       241, 225, 36, 61, 221, 107, 205, 244, 86, 239, 248, 100, 204, 223,
       34, 81, 127, 187, 96, 126, 252, 23, 234, 201, 179, 61, 238, 123,
       175, 167, 196, 39, 187, 116, 241, 62, 53, 240, 99, 245, 127, 82,
       216, 83, 167, 191, 15, 75, 109, 95, 158, 185, 222, 199, 114, 28,
       114, 249, 162, 159, 221, 5, 119, 231, 255, 94, 214, 28, 93, 94,
       254, 180, 199, 95, 191, 148, 194, 222, 2, 115, 119, 163, 97, 119,
       242, 31, 106, 120, 137, 57, 189, 251, 235, 167, 145, 62, 250, 248,
       50, 27, 7, 201, 233, 182, 43, 235, 95, 62, 171, 91, 214, 221, 7,
       152, 96, 119, 15, 23, 189, 179, 152, 5, 222, 228, 175, 186, 132,
       189, 194, 177, 169, 205, 19, 61, 199, 160, 86, 123, 184, 125, 232,
       87, 100, 221, 119, 155, 237, 214, 85, 63, 254, 161, 144, 125, 204,
       239, 251, 111, 132, 14, 183, 33, 113, 70, 161, 148, 159, 89, 205,
       178, 136, 175, 144, 193, 1, 236, 250, 77, 198, 209, 109, 106, 209,
       6, 65, 218, 253, 13, 50, 207, 123, 16, 39, 11, 134, 124, 120, 250,
       103, 228, 126, 119, 216, 113, 238, 183, 14, 91, 125, 223, 186, 63,
       220, 228, 234, 168, 247, 189, 42, 115, 239, 101, 5, 231, 243, 110,
       240, 60, 93, 106, 236, 244, 214, 255, 240, 68, 204, 254, 38, 91,
       125, 179, 96, 126, 252, 151, 234, 201, 179, 61, 174, 123, 237,
       167, 133, 63, 187, 124, 243, 234, 188, 190, 24, 203, 249, 176, 71,
       187, 87, 36, 185, 44, 172, 102, 27, 169, 179, 227, 17, 54, 111,
       178, 243, 95, 83, 86, 107, 211, 68, 239, 222, 72, 48, 24, 225, 32,
       77, 121, 16, 40, 72, 118, 9, 215, 23, 2, 18, 132, 84, 125, 8, 9,
       240, 145, 0, 199, 249, 32, 145, 72, 128, 74, 19, 196, 4, 157, 215,
       136, 111, 7, 136, 134, 179, 131, 24, 215, 103, 73, 107, 17, 86,
       104, 50, 57, 69, 223, 34, 205, 150, 85, 52, 152, 251, 132, 48,
       196, 230, 157, 211, 172, 77, 69, 156, 190, 191, 133, 88, 214, 243,
       72, 107, 209, 86, 109, 90, 122, 79, 235, 49, 205, 146, 247, 125,
       128, 249, 212, 33, 50, 95, 3, 172, 89, 194, 6, 111, 53, 140, 232,
       229, 36, 230, 35, 212, 220, 251, 138, 192, 79, 139, 194, 239, 176,
       180, 142, 11, 26, 86, 36, 31, 25, 207, 102, 79, 20, 219, 230, 182,
       84, 108, 94, 230, 227, 104, 183, 228, 120, 234, 174, 108, 205,
       184, 45, 63, 102, 111, 36, 129, 119, 254, 92, 109, 60, 124, 242,
       226, 213, 127, 86, 216, 83, 236, 191, 11, 75, 253, 95, 154, 61,
       220, 215, 114, 156, 243, 185, 170, 123, 207, 165, 55, 231, 255,
       94, 214, 75, 223, 228, 94, 59, 212, 30, 190, 178, 93, 76, 229,
       253, 255, 186, 246, 87, 119, 185, 205, 230, 73, 174, 255, 106,
       111, 239, 141, 54, 246, 191, 121, 86, 212, 148, 247, 11, 108, 53,
       184, 191, 179, 143, 16, 255, 119, 8, 111, 37, 214, 249, 10, 41,
       69, 219, 163, 199, 243, 83, 18, 170, 115, 133, 50, 74, 223, 230,
       255, 183, 20, 254, 190, 179, 95, 94, 167, 105, 239, 186, 230, 119,
       119, 181, 199, 238, 72, 174, 239, 39, 254, 222, 139, 39, 246, 244,
       93, 92, 54, 183, 182, 169, 108, 95, 154, 187, 223, 143, 56, 207,
       247, 73, 223, 151, 87, 253, 17, 27, 67, 251, 160, 217, 243, 95,
       95, 130, 247, 167, 113, 198, 0, 188, 183, 169, 110, 52, 7, 186,
       183, 3, 17, 204, 62, 75, 74, 129, 87, 249, 17, 20, 92, 203, 194,
       141, 243, 95, 23, 128, 112, 133, 86, 20, 190, 175, 247, 148, 86,
       255, 248, 250, 255, 182, 7, 245, 238, 91, 42, 189, 215, 117, 147,
       239, 247, 186, 111, 251, 239, 239, 101, 197, 113, 127, 210, 48,
       160, 199, 189, 86, 131, 96, 107, 22, 161, 98, 26, 99, 225, 32,
       201, 121, 236, 34, 40, 40, 250, 155, 31, 24, 166, 213, 100, 241,
       168, 80, 136, 32, 32, 198, 189, 78, 139, 224, 75, 22, 177, 98,
       130, 113, 129, 0, 72, 120, 172, 34, 24, 2, 250, 199, 149, 84, 162,
       211, 64, 45, 136, 112, 136, 177, 68, 99, 12, 84, 39, 227, 122, 84,
       66, 251, 86, 83, 72, 181, 100, 120, 168, 6, 47, 233, 183, 53, 30,
       48, 46, 161, 4, 125, 235, 112, 164, 210, 33, 18, 136, 74, 169,
       168, 66, 172, 32, 251, 159, 140, 130, 32, 80, 234, 169, 75, 213,
       6, 7, 193, 208, 148, 32, 138, 58, 24, 11, 43, 128, 3, 96, 70, 201,
       76, 137, 169, 64, 238, 49, 211, 194, 168, 138, 244, 206, 104, 137,
       123, 217, 3, 185, 199, 209, 20, 40, 154, 0, 69, 11, 49, 172, 32,
       32, 86, 251, 76, 139, 224, 68, 110, 49, 115, 66, 145, 137, 80, 74,
       104, 172, 106, 153, 2, 184, 199, 209, 84, 40, 178, 64, 101, 137,
       112, 136, 4, 160, 150, 157, 89, 135, 160, 232, 190, 144, 66, 0,
       228, 226, 104, 198, 241, 108, 106, 112, 2, 209, 155, 93, 13, 34,
       79, 79, 16, 42, 33, 134, 30, 175, 107, 249, 246, 131, 250, 248,
       22, 64, 222, 227, 89, 219, 56, 64, 126, 169, 55, 253, 194, 147, 8,
       255, 126, 77, 171, 196, 55, 142, 113, 131, 126, 189, 248, 122,
       191, 212, 94, 144, 251, 87, 189, 185, 107, 253, 222, 190, 159,
       251, 245, 19, 190, 107, 250, 227, 251, 255, 77, 255, 231, 246,
       238, 215, 223, 89, 107, 92, 51, 214, 95, 248, 241, 204, 212, 167,
       121, 253, 183, 165, 190, 241, 157, 231, 237, 67, 54, 237, 115,
