%YAML:1.0
---
descriptors: !!opencv-matrix
   rows: 233
   cols: 32
   dt: u
   data: [ 194, 123, 216, 191, 250, 72, 29, 158, 19, 173, 84, 171, 181,
       183, 65, 90, 86, 223, 53, 80, 50, 88, 195, 34, 222, 167, 124, 169,
       180, 249, 132, 27, 135, 143, 68, 187, 222, 145, 238, 243, 164, 66,
       89, 215, 137, 234, 242, 193, 107, 171, 31, 175, 245, 24, 78, 255,
       188, 12, 175, 232, 61, 230, 185, 132, 16, 33, 27, 232, 214, 199,
       85, 109, 22, 165, 96, 10, 87, 219, 33, 48, 186, 185, 2, 48, 56,
       191, 16, 30, 249, 135, 53, 110, 240, 10, 165, 170, 66, 203, 10,
       140, 94, 145, 190, 101, 172, 4, 218, 163, 165, 142, 54, 64, 110,
       187, 155, 193, 64, 139, 6, 253, 176, 33, 170, 139, 20, 18, 189,
       142, 86, 183, 172, 162, 170, 64, 31, 184, 170, 255, 159, 173, 213,
       238, 75, 90, 183, 215, 109, 247, 14, 67, 139, 32, 248, 135, 239,
       253, 164, 114, 39, 83, 103, 22, 172, 21, 140, 51, 156, 43, 198,
       247, 139, 157, 193, 108, 215, 171, 13, 230, 249, 133, 181, 109,
       127, 136, 10, 115, 223, 157, 221, 252, 153, 84, 111, 186, 228, 23,
       173, 31, 140, 188, 211, 246, 134, 221, 233, 108, 214, 143, 9, 70,
       248, 223, 189, 105, 255, 184, 12, 90, 223, 182, 142, 125, 219, 92,
       115, 34, 132, 21, 25, 60, 8, 43, 147, 173, 128, 221, 163, 32, 86,
       159, 204, 196, 236, 13, 188, 75, 197, 157, 154, 118, 221, 186,
       202, 172, 26, 93, 148, 34, 227, 221, 70, 34, 233, 80, 117, 135,
       243, 246, 9, 139, 245, 105, 126, 172, 38, 152, 168, 246, 165, 194,
       20, 170, 250, 128, 165, 169, 119, 161, 73, 163, 142, 21, 156, 60,
       160, 23, 238, 241, 142, 220, 227, 168, 214, 206, 69, 198, 232, 29,
       157, 233, 199, 0, 142, 103, 247, 81, 200, 204, 216, 76, 134, 112,
       176, 147, 69, 213, 185, 200, 31, 60, 85, 19, 140, 222, 111, 13,
       216, 25, 147, 211, 70, 212, 90, 208, 5, 16, 223, 47, 20, 29, 21,
       246, 83, 235, 144, 186, 184, 157, 72, 132, 175, 25, 128, 76, 175,
       194, 68, 208, 162, 35, 76, 92, 95, 11, 130, 113, 184, 208, 30,
       122, 24, 128, 139, 13, 58, 77, 96, 92, 79, 219, 150, 106, 213,
       196, 252, 139, 99, 236, 55, 180, 90, 232, 247, 71, 204, 163, 118,
       191, 51, 125, 64, 59, 119, 254, 94, 222, 57, 15, 98, 76, 116, 159,
       96, 115, 101, 132, 254, 100, 35, 160, 182, 244, 104, 168, 166, 40,
       204, 187, 37, 142, 18, 255, 128, 1, 83, 172, 124, 172, 180, 207,
       223, 186, 158, 99, 207, 236, 223, 178, 185, 146, 97, 234, 57, 65,
       123, 235, 14, 235, 122, 103, 78, 255, 184, 134, 199, 124, 181,
       123, 240, 8, 41, 145, 123, 201, 245, 215, 254, 127, 87, 77, 92,
       39, 57, 253, 190, 100, 126, 154, 151, 137, 215, 186, 116, 223,
       119, 125, 166, 137, 119, 142, 252, 251, 27, 205, 119, 250, 116,
       210, 235, 254, 221, 72, 254, 230, 121, 207, 180, 225, 254, 171,
       23, 239, 235, 187, 38, 255, 118, 255, 162, 192, 63, 142, 112, 249,
       215, 207, 239, 238, 172, 32, 207, 255, 158, 154, 152, 226, 81,
       255, 249, 99, 127, 243, 63, 255, 251, 71, 142, 251, 248, 174, 239,
       140, 189, 250, 176, 33, 43, 255, 122, 234, 116, 151, 187, 245, 31,
       73, 253, 239, 188, 221, 182, 32, 254, 187, 151, 211, 199, 187, 40,
       255, 126, 93, 175, 234, 31, 142, 249, 251, 191, 223, 106, 203,
       247, 215, 255, 247, 29, 78, 92, 231, 104, 221, 191, 36, 255, 187,
       151, 161, 247, 178, 52, 255, 119, 93, 174, 195, 127, 222, 252,
       255, 7, 157, 42, 139, 213, 247, 186, 235, 143, 69, 77, 6, 204,
       126, 62, 224, 252, 27, 147, 243, 151, 168, 60, 245, 45, 28, 139,
       71, 149, 71, 189, 212, 131, 222, 111, 29, 98, 146, 173, 55, 56,
       70, 86, 246, 48, 38, 182, 101, 118, 110, 18, 173, 229, 220, 36,
       111, 36, 42, 254, 128, 45, 244, 177, 253, 13, 205, 18, 190, 252,
       131, 239, 230, 220, 130, 218, 2, 253, 227, 177, 192, 123, 234, 34,
       203, 96, 171, 10, 239, 184, 175, 175, 8, 20, 251, 185, 136, 157,
       32, 251, 227, 84, 247, 233, 81, 119, 235, 215, 18, 89, 223, 177,
       104, 122, 188, 23, 185, 185, 183, 61, 222, 215, 207, 171, 192,
       167, 171, 116, 224, 15, 158, 250, 250, 247, 245, 191, 240, 223,
       78, 92, 183, 121, 254, 255, 229, 255, 251, 151, 183, 247, 99, 62,
       255, 123, 95, 239, 239, 191, 254, 253, 247, 52, 115, 12, 37, 24,
       11, 86, 24, 32, 164, 173, 141, 211, 65, 11, 19, 216, 196, 77, 98,
       76, 226, 209, 12, 226, 129, 161, 53, 96, 187, 94, 66, 209, 46,
       138, 53, 44, 189, 232, 39, 188, 243, 130, 221, 167, 160, 82, 11,
       129, 46, 108, 13, 191, 77, 211, 3, 128, 243, 91, 56, 8, 72, 153,
       28, 87, 168, 172, 183, 140, 20, 140, 172, 130, 247, 130, 143, 227,
       108, 87, 10, 205, 199, 121, 213, 140, 75, 255, 32, 139, 3, 223,
       124, 140, 108, 93, 92, 97, 186, 12, 176, 28, 189, 96, 35, 186,
       113, 130, 221, 167, 136, 22, 27, 200, 166, 104, 21, 159, 73, 211,
       21, 144, 243, 218, 120, 136, 12, 91, 92, 81, 35, 136, 168, 172,
       188, 72, 3, 238, 17, 138, 77, 135, 168, 82, 90, 193, 135, 108, 21,
       158, 73, 210, 16, 152, 245, 24, 121, 136, 74, 155, 4, 113, 42, 10,
       168, 12, 157, 64, 23, 163, 57, 162, 93, 135, 136, 66, 219, 192,
       142, 236, 21, 158, 43, 210, 48, 146, 249, 16, 120, 200, 8, 90, 12,
       193, 11, 8, 57, 168, 172, 76, 23, 254, 251, 130, 93, 247, 130, 83,
       91, 197, 38, 108, 29, 175, 77, 213, 26, 236, 179, 62, 16, 136,
       192, 217, 88, 229, 141, 172, 53, 140, 46, 205, 186, 194, 247, 134,
       157, 211, 44, 18, 35, 77, 198, 121, 237, 189, 204, 255, 8, 205,
       43, 237, 20, 140, 233, 216, 80, 83, 133, 237, 175, 30, 6, 159, 40,
       22, 228, 139, 135, 241, 108, 90, 66, 84, 197, 121, 231, 205, 65,
       255, 11, 249, 39, 207, 24, 45, 239, 53, 80, 119, 241, 173, 170,
       156, 69, 139, 136, 86, 244, 129, 15, 195, 108, 95, 2, 221, 197,
       121, 247, 143, 67, 255, 23, 249, 31, 143, 124, 153, 63, 116, 86,
       84, 67, 8, 175, 48, 10, 127, 56, 36, 12, 219, 237, 199, 75, 154,
       80, 242, 141, 77, 231, 76, 146, 77, 28, 244, 229, 170, 133, 44,
       163, 62, 83, 44, 48, 241, 201, 237, 125, 224, 26, 91, 203, 121,
       91, 138, 221, 93, 168, 217, 24, 183, 25, 147, 54, 250, 194, 15,
       92, 49, 108, 215, 239, 86, 243, 94, 154, 138, 187, 242, 132, 187,
       211, 54, 31, 86, 183, 13, 39, 114, 88, 127, 139, 179, 149, 146,
       158, 129, 243, 220, 231, 190, 192, 189, 133, 175, 211, 21, 142,
       79, 251, 134, 34, 111, 242, 100, 50, 219, 198, 81, 35, 177, 105,
       105, 198, 38, 174, 168, 145, 13, 253, 212, 170, 250, 196, 53, 227,
       112, 32, 6, 127, 179, 151, 247, 227, 191, 199, 30, 239, 88, 167,
       236, 254, 251, 140, 255, 123, 147, 147, 129, 178, 40, 234, 44, 20,
       143, 171, 149, 127, 181, 255, 6, 34, 227, 193, 198, 98, 168, 83,
       63, 243, 83, 242, 141, 138, 220, 172, 127, 141, 55, 153, 147, 244,
       165, 192, 28, 76, 250, 196, 167, 193, 37, 165, 71, 251, 249, 16,
       235, 61, 189, 159, 171, 127, 52, 237, 12, 190, 207, 62, 167, 91,
       245, 21, 151, 66, 170, 192, 30, 89, 125, 239, 142, 245, 135, 215,
       57, 92, 107, 236, 118, 163, 203, 82, 215, 64, 252, 226, 49, 205,
       177, 32, 126, 168, 23, 207, 139, 187, 36, 191, 114, 205, 170, 136,
       119, 139, 112, 249, 3, 149, 98, 139, 245, 183, 186, 127, 31, 73,
       93, 215, 152, 62, 62, 100, 125, 155, 151, 181, 147, 154, 28, 215,
       46, 92, 138, 196, 159, 14, 185, 214, 28, 157, 90, 238, 244, 132,
       95, 251, 179, 76, 124, 36, 255, 247, 163, 80, 86, 122, 21, 122,
       227, 138, 40, 63, 234, 253, 39, 136, 178, 162, 39, 233, 217, 93,
       117, 101, 15, 94, 85, 57, 101, 170, 183, 82, 95, 53, 0, 103, 38,
       212, 252, 42, 233, 229, 49, 142, 243, 235, 101, 22, 99, 248, 197,
       51, 216, 95, 119, 245, 226, 106, 125, 55, 185, 142, 94, 163, 125,
       63, 129, 123, 38, 247, 125, 163, 224, 221, 165, 238, 117, 235,
       110, 128, 39, 240, 165, 123, 147, 74, 78, 189, 34, 128, 168, 64,
       172, 194, 210, 231, 173, 138, 177, 201, 102, 105, 191, 199, 197,
