%YAML:1.0
---
descriptors: !!opencv-matrix
   rows: 248
   cols: 32
   dt: u
   data: [ 18, 133, 31, 188, 6, 192, 45, 103, 180, 6, 194, 18, 61, 243,
       32, 65, 98, 179, 59, 128, 104, 155, 18, 205, 241, 162, 218, 128,
       48, 0, 165, 42, 161, 204, 27, 217, 84, 193, 227, 238, 84, 0, 88,
       2, 179, 201, 48, 96, 88, 42, 2, 104, 99, 190, 100, 191, 101, 140,
       146, 40, 85, 152, 112, 168, 27, 211, 104, 235, 182, 18, 255, 189,
       69, 77, 86, 231, 89, 46, 190, 97, 126, 147, 151, 239, 223, 184,
       37, 253, 110, 105, 174, 192, 55, 142, 253, 253, 59, 95, 106, 222,
       118, 146, 254, 119, 213, 192, 254, 230, 57, 237, 182, 228, 126,
       170, 151, 140, 201, 187, 36, 239, 114, 111, 182, 128, 47, 222,
       248, 221, 42, 149, 120, 139, 245, 213, 191, 239, 31, 77, 124, 3,
       172, 223, 62, 4, 251, 27, 151, 145, 86, 58, 122, 247, 127, 85,
       158, 235, 23, 14, 253, 219, 2, 137, 51, 159, 125, 205, 186, 103,
       143, 5, 216, 3, 172, 222, 36, 196, 236, 59, 139, 1, 86, 187, 83,
       253, 53, 52, 154, 75, 18, 14, 181, 206, 170, 145, 98, 200, 117,
       245, 248, 99, 141, 76, 217, 131, 44, 222, 54, 196, 254, 187, 151,
       133, 198, 171, 50, 221, 23, 120, 138, 203, 23, 14, 125, 223, 27,
       159, 98, 207, 116, 146, 239, 119, 61, 73, 94, 230, 57, 174, 182,
       228, 126, 171, 23, 141, 219, 185, 36, 239, 54, 127, 186, 128, 47,
       134, 241, 253, 91, 185, 19, 186, 187, 221, 23, 210, 175, 89, 104,
       77, 190, 222, 98, 244, 166, 123, 253, 82, 87, 11, 186, 241, 187,
       244, 30, 106, 26, 23, 163, 127, 43, 131, 83, 137, 253, 145, 248,
       71, 15, 73, 124, 198, 172, 138, 246, 228, 254, 11, 151, 157, 151,
       58, 100, 213, 46, 28, 154, 234, 158, 142, 233, 205, 45, 59, 255,
       87, 228, 175, 229, 19, 80, 238, 127, 76, 243, 61, 145, 43, 12,
       110, 54, 14, 145, 240, 121, 40, 71, 159, 113, 0, 203, 235, 82,
       241, 19, 72, 111, 220, 14, 132, 79, 246, 132, 64, 212, 198, 49,
       135, 177, 97, 110, 242, 63, 207, 201, 139, 54, 249, 241, 41, 250,
       136, 61, 185, 48, 120, 31, 29, 123, 236, 255, 247, 251, 123, 157,
       205, 223, 162, 121, 255, 183, 96, 126, 187, 159, 189, 157, 147,
       53, 254, 251, 127, 171, 193, 183, 254, 244, 247, 251, 243, 106,
       164, 108, 20, 221, 119, 233, 76, 182, 239, 62, 30, 150, 114, 238,
       151, 221, 197, 205, 47, 224, 195, 242, 121, 190, 186, 15, 148,
       254, 125, 103, 59, 200, 160, 244, 153, 74, 17, 41, 232, 89, 239,
       145, 136, 215, 144, 110, 239, 87, 223, 159, 26, 196, 232, 188, 28,
       171, 248, 141, 175, 154, 149, 40, 249, 122, 99, 116, 205, 115,
       180, 96, 13, 124, 8, 179, 157, 130, 48, 14, 58, 71, 72, 154, 184,
       112, 45, 103, 253, 32, 64, 96, 131, 70, 251, 57, 151, 111, 236,
       244, 86, 126, 127, 117, 76, 254, 230, 91, 191, 190, 225, 126, 182,
       151, 236, 249, 187, 53, 143, 242, 239, 162, 132, 63, 142, 252,
       249, 254, 28, 122, 228, 181, 127, 222, 234, 29, 238, 188, 15, 15,
       62, 103, 189, 255, 221, 223, 226, 172, 119, 113, 234, 243, 223,
       199, 55, 247, 125, 94, 119, 35, 131, 122, 201, 119, 144, 252, 101,
       79, 5, 248, 199, 173, 138, 182, 196, 254, 171, 151, 197, 214, 186,
       4, 221, 54, 252, 138, 195, 93, 142, 249, 141, 26, 56, 199, 243,
       135, 115, 189, 71, 23, 179, 223, 178, 24, 191, 97, 238, 109, 159,
       187, 145, 58, 222, 121, 130, 223, 199, 222, 135, 167, 108, 188,
       186, 171, 147, 114, 76, 119, 149, 249, 117, 125, 72, 124, 231, 40,
       222, 182, 245, 254, 171, 150, 229, 213, 187, 38, 221, 126, 121,
       162, 202, 127, 140, 235, 223, 199, 188, 191, 250, 184, 161, 61,
       183, 158, 91, 17, 116, 252, 255, 232, 107, 135, 123, 63, 159, 183,
       77, 186, 247, 234, 223, 127, 234, 156, 208, 161, 89, 31, 20, 239,
       133, 98, 118, 45, 112, 60, 246, 119, 246, 221, 38, 139, 127, 55,
       133, 254, 174, 165, 213, 61, 72, 212, 35, 123, 132, 175, 247, 43,
       241, 61, 23, 109, 109, 54, 59, 203, 123, 84, 232, 255, 230, 83,
       109, 179, 96, 126, 168, 31, 238, 169, 176, 101, 30, 98, 205, 161,
       132, 127, 235, 112, 113, 25, 151, 111, 225, 182, 58, 109, 183,
       101, 97, 254, 230, 153, 35, 146, 228, 111, 134, 62, 156, 153, 184,
       101, 213, 254, 239, 182, 196, 175, 192, 249, 57, 207, 82, 252,
       201, 172, 18, 252, 156, 239, 58, 150, 230, 205, 91, 223, 255, 7,
       213, 125, 255, 135, 101, 239, 240, 46, 123, 239, 214, 191, 177,
       89, 5, 163, 84, 99, 69, 86, 95, 229, 119, 85, 234, 118, 114, 26,
       28, 148, 164, 124, 188, 22, 168, 225, 190, 117, 206, 55, 46, 180,
       130, 103, 184, 246, 253, 254, 60, 230, 148, 237, 118, 252, 99,
       185, 254, 158, 155, 8, 60, 87, 159, 239, 247, 245, 165, 180, 111,
       180, 202, 55, 123, 207, 183, 199, 116, 126, 214, 138, 157, 98,
       200, 245, 211, 186, 231, 29, 69, 94, 183, 40, 142, 62, 196, 250,
       143, 147, 197, 246, 187, 53, 247, 62, 125, 154, 199, 23, 12, 253,
       222, 30, 26, 202, 183, 34, 162, 58, 80, 62, 166, 87, 231, 77, 199,
       171, 88, 54, 109, 175, 215, 134, 149, 13, 192, 214, 101, 170, 135,
       173, 247, 41, 145, 69, 43, 190, 85, 36, 254, 235, 18, 234, 173,
       31, 32, 212, 185, 215, 106, 128, 100, 125, 93, 144, 249, 162, 96,
       79, 63, 39, 193, 132, 171, 85, 97, 72, 155, 81, 109, 180, 12, 101,
       55, 108, 1, 106, 72, 191, 3, 0, 244, 22, 158, 12, 72, 91, 184,
       209, 9, 165, 252, 34, 64, 106, 128, 195, 40, 72, 129, 21, 161,
       160, 74, 109, 63, 44, 25, 74, 64, 157, 51, 0, 80, 162, 7, 126, 40,
       83, 152, 1, 85, 237, 166, 122, 68, 8, 0, 129, 41, 75, 158, 107,
       85, 50, 190, 185, 51, 124, 77, 247, 244, 253, 52, 150, 116, 54,
       183, 61, 29, 181, 156, 101, 79, 78, 63, 58, 192, 204, 132, 37,
       125, 165, 221, 115, 79, 84, 199, 231, 248, 84, 72, 121, 66, 113,
       85, 188, 101, 92, 88, 18, 106, 225, 178, 125, 63, 101, 46, 163, 0,
       85, 187, 116, 240, 170, 247, 48, 26, 205, 253, 148, 207, 223, 125,
       60, 61, 170, 252, 110, 133, 137, 11, 195, 1, 230, 107, 238, 177,
       63, 80, 85, 127, 82, 76, 223, 223, 190, 98, 98, 154, 71, 208, 184,
       64, 21, 86, 213, 147, 9, 204, 126, 205, 123, 169, 147, 199, 204,
       151, 14, 208, 18, 65, 218, 207, 55, 15, 63, 214, 3, 30, 75, 187,
       118, 163, 43, 83, 30, 74, 83, 246, 117, 198, 176, 104, 255, 41,
       22, 141, 167, 148, 44, 95, 132, 38, 186, 128, 28, 10, 49, 177, 36,
       30, 222, 117, 228, 43, 118, 146, 121, 170, 122, 109, 39, 41, 129,
       25, 175, 111, 6, 70, 165, 248, 0, 40, 134, 219, 116, 129, 204,
       249, 72, 153, 11, 179, 187, 186, 123, 213, 153, 221, 143, 93, 92,
       239, 188, 220, 126, 32, 143, 27, 151, 21, 215, 43, 58, 245, 75,
       93, 58, 254, 222, 14, 181, 255, 165, 221, 121, 75, 116, 207, 231,
       248, 86, 76, 125, 66, 114, 213, 189, 36, 88, 88, 18, 106, 227,
       178, 124, 127, 109, 12, 33, 108, 117, 187, 116, 240, 174, 91, 52,
       154, 109, 213, 182, 204, 143, 94, 220, 43, 172, 222, 103, 143,
       206, 121, 147, 67, 70, 39, 106, 241, 55, 81, 202, 187, 22, 63, 61,
       223, 58, 121, 98, 12, 79, 209, 213, 98, 129, 228, 188, 143, 42,
       140, 55, 23, 232, 241, 211, 227, 204, 35, 246, 216, 19, 81, 201,
       59, 119, 60, 118, 222, 111, 182, 249, 67, 231, 127, 187, 155, 91,
       255, 61, 254, 72, 60, 222, 190, 55, 223, 247, 191, 149, 114, 253,
       210, 30, 31, 125, 247, 239, 239, 223, 245, 130, 28, 154, 255, 117,
       135, 190, 99, 31, 138, 81, 19, 172, 251, 52, 64, 253, 123, 147,
       131, 98, 190, 26, 235, 103, 126, 158, 130, 29, 122, 177, 155, 183,
       157, 111, 74, 222, 18, 207, 248, 213, 84, 220, 198, 96, 252, 191,
       229, 123, 206, 50, 239, 237, 35, 62, 255, 58, 42, 207, 204, 55,
       247, 248, 228, 182, 221, 119, 218, 175, 213, 158, 253, 143, 88,
       188, 111, 110, 220, 62, 165, 222, 155, 151, 231, 223, 35, 58, 245,
       179, 88, 143, 191, 95, 94, 252, 215, 34, 137, 18, 138, 93, 197,
       186, 105, 143, 1, 217, 3, 172, 218, 44, 196, 248, 187, 139, 193,
