%YAML:1.0
---
descriptors: !!opencv-matrix
   rows: 180
   cols: 32
   dt: u
   data: [ 170, 113, 112, 137, 109, 125, 248, 73, 15, 53, 189, 27, 142,
       28, 70, 150, 238, 145, 223, 145, 14, 39, 91, 209, 149, 16, 139,
       63, 87, 14, 223, 198, 216, 156, 53, 215, 42, 14, 149, 185, 156,
       178, 135, 118, 254, 55, 8, 111, 103, 87, 121, 43, 241, 237, 89,
       175, 241, 170, 95, 20, 14, 40, 129, 59, 75, 158, 165, 31, 239,
       180, 172, 175, 255, 95, 75, 244, 236, 236, 158, 254, 167, 67, 187,
       133, 183, 88, 175, 247, 12, 54, 222, 195, 158, 68, 187, 125, 11,
       154, 182, 157, 113, 148, 57, 87, 190, 89, 70, 244, 188, 150, 162,
       236, 230, 59, 187, 149, 151, 220, 179, 245, 6, 123, 250, 202, 10,
       4, 169, 253, 11, 136, 183, 221, 53, 246, 248, 55, 95, 81, 70, 80,
       188, 187, 52, 109, 211, 47, 51, 141, 183, 220, 115, 215, 79, 126,
       218, 192, 158, 140, 241, 140, 45, 97, 113, 67, 244, 159, 235, 16,
       97, 72, 127, 72, 179, 1, 157, 180, 26, 168, 22, 126, 137, 176,
       101, 44, 38, 156, 32, 0, 111, 155, 82, 161, 89, 16, 59, 174, 52,
       252, 89, 16, 233, 73, 91, 124, 191, 158, 200, 240, 230, 63, 125,
       21, 155, 24, 162, 229, 215, 253, 58, 200, 8, 3, 33, 121, 41, 67,
       97, 77, 116, 91, 239, 56, 69, 104, 125, 202, 211, 12, 148, 36, 88,
       172, 22, 110, 201, 178, 101, 156, 38, 140, 161, 176, 127, 138, 82,
       228, 218, 254, 175, 190, 167, 214, 29, 191, 31, 255, 150, 255,
       238, 252, 246, 237, 183, 255, 189, 149, 239, 77, 171, 211, 251,
       119, 127, 219, 142, 148, 181, 127, 121, 199, 71, 237, 23, 26, 111,
       57, 101, 160, 250, 230, 123, 99, 152, 245, 122, 196, 44, 238, 249,
       176, 101, 205, 244, 232, 163, 128, 47, 190, 248, 36, 181, 69, 99,
       12, 84, 131, 198, 120, 213, 192, 251, 71, 83, 200, 191, 96, 120,
       168, 6, 111, 237, 183, 52, 158, 48, 44, 161, 8, 125, 175, 112,
       196, 44, 132, 134, 190, 221, 131, 98, 239, 22, 162, 64, 26, 97,
       225, 40, 205, 89, 110, 34, 56, 32, 250, 218, 63, 61, 199, 213,
       108, 178, 232, 80, 136, 226, 170, 254, 24, 203, 249, 180, 199,
       251, 87, 164, 25, 40, 174, 70, 27, 169, 163, 235, 16, 54, 111,
       166, 243, 95, 91, 84, 123, 211, 68, 238, 78, 153, 223, 106, 239,
       118, 155, 107, 214, 119, 97, 246, 214, 59, 15, 182, 101, 126, 169,
       31, 220, 171, 190, 53, 255, 246, 233, 162, 128, 63, 137, 240, 249,
       218, 218, 166, 190, 15, 22, 24, 166, 143, 95, 150, 151, 238, 110,
       54, 207, 231, 101, 253, 133, 172, 205, 51, 225, 219, 115, 218,
       211, 150, 44, 61, 95, 167, 31, 99, 158, 116, 230, 239, 96, 220,
       74, 91, 247, 80, 204, 183, 97, 254, 169, 19, 231, 229, 183, 36,
       206, 52, 46, 170, 136, 29, 127, 113, 213, 241, 75, 77, 101, 20,
       10, 111, 61, 100, 224, 246, 206, 83, 1, 144, 113, 122, 196, 124,
       238, 233, 176, 101, 12, 244, 171, 165, 20, 109, 178, 210, 32, 10,
       188, 54, 223, 127, 253, 186, 98, 175, 77, 222, 50, 236, 254, 230,
       228, 239, 61, 255, 129, 39, 249, 171, 223, 223, 245, 139, 203, 6,
       12, 45, 223, 170, 159, 245, 223, 173, 222, 221, 63, 223, 223, 127,
       119, 106, 253, 254, 231, 223, 127, 181, 13, 247, 252, 235, 227,
       111, 127, 245, 202, 223, 236, 212, 247, 5, 136, 166, 159, 221,
       155, 160, 235, 254, 149, 66, 2, 224, 224, 170, 111, 113, 110, 34,
       156, 38, 216, 47, 125, 13, 34, 87, 69, 144, 40, 53, 236, 214, 30,
       239, 180, 162, 162, 190, 64, 189, 142, 211, 247, 13, 238, 53, 75,
       230, 245, 191, 199, 180, 213, 4, 234, 144, 98, 234, 131, 165, 117,
       37, 87, 170, 232, 168, 91, 205, 245, 177, 206, 222, 23, 116, 27,
       168, 156, 118, 173, 201, 123, 147, 81, 134, 126, 122, 241, 79, 89,
       222, 107, 211, 28, 253, 206, 202, 24, 182, 222, 107, 244, 186, 66,
       169, 206, 212, 33, 44, 254, 103, 223, 230, 115, 251, 195, 134, 79,
       178, 225, 83, 115, 90, 139, 151, 117, 47, 223, 75, 183, 174, 94,
       237, 212, 245, 255, 247, 95, 223, 53, 200, 253, 190, 230, 221, 6,
       255, 13, 247, 75, 187, 147, 127, 127, 246, 207, 142, 196, 252,
       255, 175, 190, 253, 125, 185, 253, 83, 218, 247, 95, 124, 124, 42,
       253, 231, 191, 143, 123, 247, 16, 191, 120, 187, 179, 79, 255, 49,
       175, 251, 205, 76, 255, 231, 255, 165, 16, 232, 12, 173, 142, 234,
       255, 32, 252, 164, 166, 213, 127, 7, 71, 120, 93, 243, 79, 238,
       97, 60, 18, 223, 254, 140, 81, 147, 253, 62, 207, 98, 138, 126,
       211, 154, 232, 151, 68, 221, 167, 105, 204, 191, 196, 126, 171,
       151, 231, 206, 163, 46, 255, 50, 4, 171, 171, 55, 191, 60, 221,
       207, 158, 251, 243, 230, 126, 255, 247, 61, 94, 214, 247, 221,
       127, 187, 121, 247, 215, 159, 175, 241, 245, 45, 234, 254, 255,
       254, 134, 142, 253, 165, 121, 177, 34, 107, 77, 20, 31, 203, 120,
       87, 236, 246, 198, 83, 12, 150, 32, 120, 172, 23, 237, 237, 190,
       117, 31, 106, 47, 161, 148, 111, 142, 114, 252, 105, 48, 30, 103,
       32, 111, 123, 48, 40, 72, 127, 9, 223, 63, 3, 48, 148, 149, 125,
       42, 9, 176, 209, 12, 199, 251, 96, 145, 72, 130, 74, 83, 138, 54,
       54, 221, 125, 253, 184, 123, 189, 93, 222, 55, 172, 254, 38, 229,
       231, 63, 255, 161, 182, 248, 243, 223, 143, 115, 219, 203, 134,
       68, 45, 215, 59, 87, 98, 13, 84, 23, 202, 120, 69, 232, 249, 238,
       81, 8, 183, 164, 124, 136, 22, 239, 205, 178, 93, 156, 54, 12,
       161, 180, 127, 191, 120, 213, 167, 86, 103, 191, 244, 230, 175,
       113, 212, 202, 83, 214, 81, 252, 185, 105, 124, 41, 19, 175, 241,
       182, 62, 206, 116, 46, 234, 136, 149, 251, 113, 241, 68, 226, 141,
       215, 172, 109, 77, 157, 174, 191, 129, 88, 246, 243, 201, 107,
       129, 86, 125, 26, 26, 71, 235, 49, 221, 130, 247, 253, 128, 250,
       214, 35, 149, 93, 111, 223, 52, 230, 207, 112, 84, 78, 221, 2,
       113, 205, 177, 101, 124, 56, 23, 234, 233, 180, 52, 175, 225, 175,
       162, 128, 53, 235, 116, 241, 121, 93, 126, 94, 28, 198, 79, 48,
       212, 206, 255, 6, 115, 117, 183, 117, 126, 244, 30, 234, 233, 167,
       61, 47, 115, 175, 161, 128, 119, 251, 116, 121, 57, 113, 97, 69,
       124, 91, 195, 120, 71, 224, 253, 74, 83, 21, 148, 36, 88, 156, 22,
       234, 201, 178, 125, 29, 103, 140, 161, 180, 119, 170, 82, 240, 38,
       190, 146, 218, 251, 177, 146, 203, 159, 31, 253, 181, 108, 202,
       110, 156, 223, 187, 130, 18, 54, 103, 138, 243, 30, 22, 23, 107,
       210, 71, 175, 151, 117, 93, 103, 68, 100, 118, 239, 112, 225, 202,
       223, 198, 83, 252, 181, 119, 126, 228, 124, 239, 201, 179, 188,
       140, 48, 46, 231, 128, 111, 247, 114, 117, 208, 212, 156, 247, 11,
       46, 29, 170, 183, 178, 135, 18, 255, 115, 8, 111, 101, 214, 121,
       170, 104, 197, 219, 163, 195, 251, 87, 18, 42, 121, 137, 34, 67,
       190, 160, 155, 235, 245, 56, 143, 191, 127, 75, 181, 172, 174, 94,
       254, 167, 75, 251, 149, 182, 92, 175, 243, 14, 22, 222, 239, 158,
       69, 191, 95, 220, 190, 183, 190, 169, 108, 93, 152, 187, 223, 135,
       48, 223, 247, 73, 95, 133, 87, 253, 27, 58, 71, 235, 224, 217,
       243, 95, 95, 130, 245, 167, 99, 194, 204, 150, 190, 73, 116, 156,
       38, 185, 23, 130, 17, 236, 238, 38, 203, 193, 247, 235, 129, 32,
       79, 211, 241, 149, 50, 218, 27, 144, 116, 165, 78, 229, 147, 237,
       255, 236, 62, 77, 159, 91, 123, 245, 92, 211, 109, 30, 123, 221,
       214, 124, 46, 189, 102, 251, 19, 199, 251, 245, 60, 216, 249, 218,
       112, 2, 32, 6, 137, 78, 137, 168, 67, 174, 48, 211, 130, 128, 138,
       116, 206, 106, 169, 123, 153, 3, 189, 199, 209, 20, 32, 154, 64,
       21, 8, 57, 140, 31, 183, 109, 243, 182, 107, 239, 248, 127, 123,
       31, 246, 89, 127, 220, 97, 127, 211, 63, 255, 179, 112, 47, 247,
       126, 207, 239, 228, 191, 235, 241, 241, 31, 255, 237, 225, 254,
       55, 239, 216, 127, 248, 156, 238, 89, 111, 223, 46, 63, 205, 127,
       255, 179, 112, 239, 242, 126, 79, 175, 252, 175, 247, 115, 245,
       140, 208, 63, 122, 97, 205, 115, 248, 173, 91, 117, 20, 126, 223,
