%YAML:1.0
---
descriptors: !!opencv-matrix
   rows: 308
   cols: 32
   dt: u
   data: [ 73, 201, 21, 37, 161, 78, 101, 55, 36, 9, 106, 64, 191, 51, 0,
       246, 32, 6, 124, 8, 81, 152, 65, 5, 228, 246, 118, 68, 42, 128,
       131, 40, 154, 215, 106, 236, 87, 195, 126, 117, 37, 12, 254, 35,
       43, 31, 54, 64, 250, 177, 159, 225, 76, 187, 1, 205, 179, 249,
       138, 131, 55, 142, 252, 203, 50, 199, 114, 233, 117, 146, 254,
       103, 77, 5, 248, 231, 41, 138, 54, 192, 254, 171, 151, 193, 222,
       187, 4, 221, 182, 248, 138, 195, 95, 142, 248, 143, 222, 127, 231,
       180, 131, 82, 63, 245, 177, 246, 150, 167, 109, 103, 227, 215, 54,
       245, 253, 231, 225, 213, 172, 232, 242, 67, 239, 149, 39, 244,
       175, 121, 10, 153, 50, 158, 93, 149, 186, 101, 141, 1, 220, 3,
       172, 218, 38, 64, 236, 187, 155, 193, 86, 171, 82, 253, 247, 117,
       138, 75, 22, 14, 185, 142, 91, 63, 123, 232, 50, 246, 123, 82, 47,
       76, 222, 231, 31, 159, 182, 244, 118, 189, 159, 204, 157, 155, 36,
       254, 242, 253, 42, 138, 47, 135, 173, 113, 59, 95, 106, 220, 118,
       146, 255, 119, 213, 196, 254, 166, 41, 237, 182, 100, 126, 174,
       151, 140, 201, 187, 100, 238, 114, 109, 166, 128, 63, 254, 248,
       253, 222, 147, 231, 201, 228, 50, 249, 83, 45, 93, 223, 247, 201,
       47, 190, 78, 127, 159, 191, 189, 146, 149, 165, 192, 158, 251,
       250, 198, 167, 140, 245, 245, 27, 223, 115, 238, 117, 150, 254,
       119, 85, 73, 126, 103, 41, 237, 182, 228, 124, 187, 151, 141, 223,
       186, 52, 255, 118, 253, 190, 128, 63, 142, 248, 249, 223, 116,
       111, 101, 21, 118, 122, 112, 245, 202, 215, 18, 89, 223, 149, 231,
       118, 252, 253, 234, 236, 245, 181, 142, 119, 233, 227, 129, 39,
       181, 124, 243, 135, 82, 235, 209, 246, 151, 254, 214, 95, 202, 86,
       247, 25, 206, 247, 104, 127, 169, 23, 157, 227, 183, 36, 218, 30,
       15, 191, 132, 189, 221, 113, 245, 238, 60, 230, 148, 237, 118,
       252, 99, 137, 254, 156, 155, 8, 60, 87, 191, 239, 247, 247, 165,
       180, 111, 180, 202, 55, 123, 207, 187, 135, 100, 126, 215, 219,
       221, 111, 238, 234, 133, 255, 247, 173, 90, 222, 231, 185, 223,
       183, 99, 110, 243, 127, 231, 193, 11, 190, 253, 246, 233, 238,
       136, 63, 246, 177, 249, 31, 29, 106, 232, 183, 247, 255, 119, 93,
       205, 223, 166, 89, 254, 183, 96, 254, 187, 159, 189, 157, 147, 61,
       254, 251, 127, 171, 129, 183, 254, 253, 119, 170, 191, 48, 26,
       207, 253, 149, 239, 223, 93, 60, 61, 170, 252, 110, 133, 137, 10,
       226, 5, 230, 107, 238, 179, 63, 80, 85, 127, 83, 76, 223, 223, 57,
       151, 110, 236, 246, 86, 127, 127, 117, 76, 254, 167, 91, 191, 178,
       224, 126, 174, 159, 236, 249, 187, 37, 143, 242, 239, 166, 197,
       55, 142, 244, 249, 19, 221, 99, 158, 148, 150, 191, 231, 213, 65,
       218, 195, 120, 252, 182, 96, 252, 187, 23, 197, 215, 187, 60, 255,
       57, 46, 142, 192, 29, 14, 241, 222, 58, 121, 98, 12, 79, 209, 213,
       98, 129, 228, 188, 143, 42, 140, 55, 151, 232, 241, 211, 227, 204,
       35, 246, 217, 51, 80, 201, 187, 119, 60, 118, 254, 46, 178, 179,
       58, 97, 189, 185, 64, 187, 95, 85, 253, 172, 220, 254, 8, 157, 27,
       215, 23, 150, 103, 170, 241, 94, 93, 58, 251, 198, 15, 23, 215,
       90, 218, 255, 204, 54, 210, 91, 176, 189, 76, 214, 230, 106, 127,
       182, 112, 246, 245, 189, 192, 137, 137, 33, 237, 218, 255, 160,
       210, 47, 166, 116, 125, 190, 28, 114, 164, 165, 127, 86, 234, 93,
       238, 188, 15, 15, 62, 103, 189, 255, 221, 222, 227, 172, 231, 113,
       202, 243, 215, 205, 55, 255, 125, 126, 95, 19, 142, 108, 45, 150,
       18, 200, 63, 86, 67, 218, 199, 49, 44, 182, 64, 125, 143, 29, 173,
       189, 158, 101, 159, 56, 111, 186, 196, 189, 196, 56, 92, 10, 179,
       187, 154, 251, 149, 185, 255, 143, 93, 92, 237, 188, 220, 190, 32,
       135, 59, 151, 21, 147, 9, 42, 245, 75, 87, 58, 250, 158, 12, 149,
       255, 91, 249, 19, 186, 169, 157, 55, 215, 175, 89, 104, 77, 174,
       222, 98, 212, 166, 59, 253, 66, 215, 11, 186, 241, 179, 244, 30,
       106, 26, 23, 163, 95, 23, 22, 223, 167, 162, 102, 45, 17, 44, 246,
       255, 247, 221, 38, 143, 123, 55, 135, 126, 166, 177, 208, 53, 72,
       132, 166, 123, 132, 237, 227, 35, 117, 125, 31, 246, 116, 165,
       126, 113, 146, 225, 254, 62, 45, 91, 189, 215, 191, 166, 118, 245,
       91, 156, 249, 180, 168, 203, 251, 101, 131, 231, 253, 94, 119, 25,
       151, 109, 225, 182, 58, 109, 183, 117, 81, 94, 230, 153, 35, 146,
       100, 111, 134, 62, 156, 155, 184, 37, 215, 254, 239, 182, 196,
       175, 192, 241, 121, 251, 126, 123, 224, 38, 77, 223, 214, 57, 238,
       180, 239, 63, 31, 215, 157, 174, 241, 223, 247, 233, 103, 32, 232,
       178, 217, 174, 186, 109, 253, 79, 125, 27, 159, 106, 183, 118,
       184, 185, 119, 61, 77, 94, 247, 189, 174, 182, 196, 54, 59, 151,
       133, 145, 152, 36, 207, 118, 109, 58, 192, 47, 196, 169, 253, 199,
       188, 190, 250, 184, 160, 61, 183, 155, 91, 21, 244, 252, 239, 228,
       107, 135, 115, 63, 159, 243, 76, 170, 247, 234, 159, 127, 232,
       156, 208, 129, 121, 251, 255, 107, 236, 108, 84, 93, 119, 41, 76,
       182, 239, 58, 30, 150, 242, 238, 151, 221, 197, 237, 15, 224, 203,
       178, 249, 190, 186, 15, 148, 230, 125, 16, 193, 56, 239, 20, 129,
       212, 245, 69, 1, 220, 2, 247, 89, 56, 64, 216, 18, 14, 73, 74,
       169, 9, 157, 227, 128, 134, 83, 125, 154, 152, 10, 45, 59, 255,
       87, 228, 47, 229, 51, 80, 238, 127, 76, 243, 61, 145, 59, 12, 110,
       22, 14, 145, 240, 121, 40, 71, 143, 117, 0, 203, 235, 82, 241, 60,
       247, 88, 234, 118, 135, 86, 252, 23, 8, 249, 110, 119, 211, 40,
       80, 254, 153, 6, 114, 74, 18, 24, 63, 251, 205, 37, 252, 57, 154,
       170, 3, 111, 54, 248, 67, 231, 127, 251, 218, 91, 255, 61, 255,
       72, 61, 223, 190, 63, 215, 247, 183, 149, 114, 237, 194, 94, 95,
       125, 247, 239, 231, 78, 215, 207, 82, 252, 201, 174, 18, 94, 156,
       239, 56, 148, 228, 204, 219, 223, 255, 7, 213, 253, 255, 135, 69,
       239, 240, 46, 121, 239, 254, 190, 181, 73, 5, 18, 133, 41, 201,
       148, 195, 78, 37, 69, 5, 91, 2, 35, 3, 176, 100, 88, 138, 23, 168,
       94, 152, 97, 157, 167, 188, 138, 66, 52, 138, 244, 44, 40, 249,
       122, 99, 116, 207, 123, 176, 96, 77, 126, 0, 183, 21, 162, 48, 14,
       186, 7, 74, 154, 184, 48, 45, 103, 221, 32, 64, 98, 131, 70, 249,
       183, 255, 97, 192, 222, 3, 143, 248, 67, 240, 188, 238, 81, 192,
       253, 39, 93, 200, 22, 254, 235, 99, 111, 156, 56, 8, 165, 252,
       255, 187, 112, 181, 7, 30, 43, 155, 118, 163, 171, 83, 94, 75, 83,
       246, 245, 198, 180, 104, 127, 41, 22, 143, 179, 148, 44, 95, 132,
       38, 186, 128, 28, 10, 49, 245, 234, 90, 106, 252, 108, 217, 249,
       112, 157, 94, 244, 175, 189, 143, 183, 97, 46, 185, 223, 199, 230,
       47, 98, 253, 214, 217, 234, 185, 22, 141, 87, 217, 95, 121, 191,
       210, 203, 220, 182, 192, 175, 208, 174, 4, 188, 222, 101, 254,
       166, 113, 251, 82, 71, 65, 186, 224, 147, 17, 79, 43, 10, 55, 43,
       183, 69, 42, 190, 85, 36, 252, 171, 18, 234, 173, 30, 96, 180,
       176, 215, 106, 160, 102, 124, 89, 128, 249, 162, 104, 79, 61, 51,
       128, 196, 251, 85, 105, 126, 126, 232, 16, 235, 112, 188, 216,
       171, 254, 52, 191, 12, 142, 223, 191, 167, 213, 245, 215, 198, 87,
       174, 240, 94, 91, 253, 191, 167, 245, 47, 87, 239, 90, 103, 92,
       108, 22, 253, 48, 217, 206, 246, 246, 89, 29, 183, 255, 78, 245,
       189, 238, 229, 231, 38, 234, 82, 123, 250, 130, 15, 181, 116, 117,
       191, 251, 106, 94, 95, 221, 242, 240, 227, 204, 245, 175, 42, 220,
       231, 180, 236, 250, 215, 71, 207, 59, 126, 255, 127, 93, 5, 171,
       91, 143, 126, 223, 19, 228, 107, 197, 87, 103, 235, 248, 63, 104,
       88, 198, 121, 142, 125, 33, 123, 141, 23, 173, 163, 178, 188, 221,
       127, 12, 171, 164, 61, 238, 115, 228, 37, 253, 121, 75, 116, 199,
       227, 248, 87, 108, 124, 2, 80, 213, 189, 36, 88, 152, 18, 106,
