%YAML:1.0
---
descriptors: !!opencv-matrix
   rows: 235
   cols: 32
   dt: u
   data: [ 213, 164, 189, 83, 138, 118, 103, 138, 115, 179, 135, 26, 211,
       114, 77, 127, 51, 198, 104, 186, 59, 71, 191, 224, 153, 202, 87,
       70, 160, 113, 161, 36, 14, 172, 190, 159, 185, 223, 180, 168, 190,
       191, 70, 1, 236, 250, 79, 207, 145, 119, 235, 19, 54, 201, 251,
       253, 173, 55, 95, 79, 130, 116, 45, 207, 216, 148, 53, 247, 10,
       14, 149, 185, 156, 178, 135, 114, 223, 55, 8, 111, 103, 87, 121,
       43, 121, 237, 121, 141, 241, 227, 95, 20, 2, 104, 133, 33, 33,
       160, 111, 121, 76, 137, 224, 67, 111, 17, 114, 82, 179, 136, 212,
       105, 104, 172, 118, 153, 150, 248, 71, 209, 20, 40, 210, 64, 101,
       136, 112, 140, 169, 115, 190, 85, 36, 15, 229, 185, 124, 190, 54,
       92, 210, 121, 157, 59, 140, 84, 78, 106, 225, 244, 115, 10, 79,
       155, 101, 20, 200, 248, 210, 161, 88, 154, 127, 87, 34, 222, 57,
       186, 126, 222, 86, 229, 249, 127, 134, 97, 55, 247, 253, 136, 241,
       216, 47, 125, 207, 235, 119, 128, 46, 160, 5, 123, 124, 120, 242,
       102, 229, 94, 86, 216, 115, 234, 183, 40, 91, 253, 217, 186, 63,
       220, 229, 106, 137, 247, 185, 42, 243, 239, 101, 53, 239, 247,
       110, 179, 190, 55, 116, 123, 187, 50, 88, 88, 185, 156, 181, 245,
       47, 79, 143, 159, 174, 223, 205, 241, 170, 193, 138, 140, 234,
       241, 36, 147, 231, 213, 46, 251, 245, 75, 77, 101, 180, 10, 111,
       184, 116, 232, 246, 228, 211, 1, 145, 113, 126, 196, 124, 238,
       233, 176, 101, 44, 244, 235, 229, 148, 109, 179, 210, 49, 205,
       133, 81, 43, 228, 59, 111, 153, 127, 35, 111, 124, 223, 65, 152,
       220, 19, 14, 236, 126, 19, 176, 205, 51, 204, 249, 33, 84, 222,
       199, 202, 32, 217, 207, 69, 229, 182, 26, 111, 185, 101, 232, 250,
       230, 123, 35, 144, 245, 126, 196, 60, 238, 233, 176, 101, 141,
       244, 234, 231, 132, 47, 182, 240, 33, 20, 142, 135, 151, 150, 139,
       35, 235, 246, 147, 66, 66, 96, 224, 168, 109, 113, 110, 34, 56,
       34, 248, 47, 127, 44, 38, 87, 68, 160, 104, 33, 172, 48, 140, 143,
       189, 220, 67, 198, 239, 22, 163, 64, 18, 113, 226, 32, 65, 121,
       238, 34, 172, 41, 254, 15, 159, 124, 167, 255, 108, 177, 40, 112,
       136, 107, 168, 210, 214, 253, 175, 123, 87, 43, 43, 255, 24, 190,
       59, 150, 60, 239, 183, 127, 8, 25, 186, 232, 231, 223, 190, 146,
       242, 199, 206, 203, 169, 157, 77, 222, 231, 166, 34, 111, 228, 56,
       162, 186, 136, 221, 35, 145, 59, 59, 229, 108, 234, 69, 215, 29,
       106, 240, 139, 111, 4, 44, 243, 227, 8, 21, 203, 207, 127, 212,
       131, 239, 245, 118, 128, 119, 198, 113, 235, 165, 64, 122, 110,
       38, 220, 129, 185, 15, 127, 122, 175, 167, 0, 233, 146, 225, 136,
       36, 164, 134, 156, 221, 131, 162, 232, 22, 177, 96, 10, 64, 226,
       105, 81, 89, 236, 34, 176, 34, 114, 138, 29, 61, 6, 207, 109, 145,
       40, 54, 138, 64, 160, 150, 156, 15, 139, 160, 72, 142, 176, 66, 2,
       228, 224, 96, 66, 241, 109, 106, 193, 2, 225, 155, 221, 157, 34,
       203, 13, 16, 42, 49, 130, 48, 32, 134, 156, 93, 131, 192, 104, 22,
       161, 194, 10, 66, 224, 96, 8, 89, 236, 98, 41, 40, 243, 139, 28,
       152, 6, 205, 60, 97, 40, 18, 8, 142, 219, 39, 158, 171, 199, 191,
       253, 189, 78, 214, 231, 236, 223, 42, 68, 252, 121, 255, 231, 240,
       135, 43, 255, 119, 114, 207, 139, 18, 62, 165, 243, 11, 247, 127,
       251, 254, 145, 253, 255, 191, 125, 220, 247, 173, 191, 254, 97,
       239, 155, 255, 149, 247, 89, 239, 245, 254, 251, 254, 238, 31,
       212, 171, 221, 70, 233, 150, 159, 201, 205, 166, 168, 190, 145,
       67, 1, 236, 242, 109, 198, 177, 103, 234, 208, 70, 217, 155, 249,
       13, 50, 79, 75, 128, 98, 41, 142, 6, 141, 148, 159, 221, 195, 166,
       168, 158, 183, 65, 3, 228, 226, 105, 203, 209, 111, 34, 83, 102,
       82, 219, 253, 45, 54, 207, 111, 144, 106, 29, 142, 3, 127, 119, 5,
       244, 94, 191, 180, 109, 200, 126, 228, 252, 60, 151, 116, 182,
       125, 87, 111, 197, 184, 53, 108, 38, 60, 36, 130, 76, 183, 99,
       253, 124, 60, 80, 227, 181, 63, 122, 216, 45, 236, 255, 15, 79,
       75, 27, 208, 254, 229, 223, 118, 156, 179, 217, 236, 255, 253, 3,
       87, 235, 175, 74, 82, 44, 222, 215, 244, 117, 70, 230, 248, 119,
       138, 242, 100, 74, 121, 45, 196, 217, 228, 166, 104, 105, 246, 89,
       142, 46, 254, 103, 6, 235, 250, 120, 27, 141, 209, 239, 71, 166,
       86, 189, 182, 120, 221, 86, 182, 217, 53, 147, 47, 55, 87, 53,
       221, 241, 220, 53, 106, 110, 43, 126, 196, 166, 240, 149, 249, 27,
       6, 105, 231, 54, 43, 235, 21, 62, 97, 91, 230, 253, 11, 152, 96,
       118, 15, 23, 189, 131, 152, 77, 223, 228, 175, 186, 128, 173, 194,
       145, 169, 234, 188, 190, 24, 203, 249, 181, 199, 187, 87, 36, 25,
       172, 174, 70, 27, 169, 51, 235, 17, 54, 111, 178, 243, 95, 83, 94,
       107, 211, 68, 239, 222, 253, 214, 252, 255, 172, 43, 79, 184, 82,
       190, 189, 254, 211, 105, 219, 123, 95, 212, 108, 238, 232, 102,
       239, 186, 238, 235, 229, 180, 191, 251, 212, 113, 85, 32, 189,
       115, 136, 102, 69, 142, 98, 179, 162, 16, 211, 114, 89, 59, 73,
       198, 104, 186, 60, 67, 251, 96, 155, 138, 215, 124, 161, 113, 230,
       34, 196, 230, 189, 211, 172, 45, 77, 159, 186, 191, 132, 88, 246,
       243, 73, 27, 129, 86, 121, 24, 58, 79, 235, 51, 203, 147, 247,
       124, 128, 248, 212, 34, 121, 132, 141, 245, 13, 110, 68, 42, 160,
       178, 130, 26, 247, 61, 8, 227, 201, 212, 121, 163, 121, 199, 251,
       142, 153, 227, 221, 20, 33, 104, 84, 34, 244, 252, 252, 99, 188,
       107, 83, 152, 82, 177, 165, 56, 83, 123, 79, 59, 89, 212, 108,
       242, 190, 102, 219, 50, 251, 138, 165, 125, 233, 251, 82, 3, 92,
       182, 179, 182, 185, 108, 95, 152, 171, 223, 143, 24, 207, 247, 73,
       250, 149, 215, 253, 27, 27, 67, 251, 225, 217, 245, 95, 95, 130,
       119, 135, 115, 148, 158, 175, 247, 148, 110, 255, 250, 242, 255,
       190, 7, 247, 110, 91, 43, 189, 215, 125, 211, 239, 227, 186, 47,
       251, 235, 239, 69, 197, 113, 127, 210, 237, 82, 189, 117, 173, 31,
       245, 188, 94, 254, 54, 92, 222, 57, 81, 42, 141, 84, 110, 12, 193,
       244, 243, 2, 239, 223, 117, 20, 202, 248, 209, 115, 124, 121, 188,
       230, 232, 79, 95, 152, 35, 236, 189, 13, 87, 87, 75, 18, 213, 213,
       253, 226, 8, 67, 248, 0, 251, 193, 165, 189, 34, 179, 6, 83, 53,
       98, 109, 204, 78, 2, 75, 88, 68, 192, 253, 198, 83, 193, 249, 107,
       88, 204, 22, 254, 137, 99, 239, 136, 80, 137, 163, 28, 61, 187,
       112, 160, 132, 205, 142, 31, 150, 34, 6, 167, 210, 179, 75, 16,
       225, 96, 41, 75, 17, 110, 40, 34, 112, 205, 29, 46, 40, 38, 85,
       20, 160, 113, 144, 8, 245, 69, 105, 204, 76, 3, 199, 248, 211,
       224, 188, 202, 115, 233, 253, 112, 88, 196, 102, 111, 233, 35, 46,
       156, 112, 136, 229, 60, 125, 187, 80, 160, 16, 160, 135, 157, 30,
       135, 32, 234, 118, 177, 66, 66, 96, 224, 32, 73, 113, 108, 42,
       184, 34, 217, 31, 93, 9, 34, 215, 68, 176, 40, 33, 40, 48, 160,
       207, 189, 92, 131, 224, 75, 22, 177, 82, 2, 113, 192, 16, 72, 120,
       172, 34, 152, 2, 250, 199, 149, 92, 162, 219, 64, 37, 8, 112, 136,
       177, 68, 99, 12, 84, 35, 227, 120, 84, 66, 251, 86, 83, 72, 177,
       101, 120, 172, 22, 47, 233, 183, 21, 30, 48, 46, 161, 0, 125, 233,
       112, 164, 66, 96, 71, 137, 78, 137, 169, 64, 46, 49, 211, 130,
       161, 138, 116, 74, 106, 169, 123, 221, 2, 186, 199, 209, 20, 40,
       154, 224, 5, 9, 49, 168, 36, 160, 134, 157, 91, 195, 160, 232, 22,
       176, 96, 3, 100, 226, 105, 64, 89, 108, 34, 112, 6, 210, 203, 29,
       13, 6, 79, 111, 144, 40, 43, 130, 203, 177, 173, 209, 173, 148,
       109, 185, 115, 253, 149, 84, 217, 95, 90, 231, 221, 68, 125, 188,
       251, 68, 251, 213, 239, 219, 143, 252, 2, 132, 222, 96, 64, 32,
       134, 156, 77, 131, 160, 72, 174, 144, 194, 2, 228, 194, 96, 194,
       240, 108, 106, 225, 2, 193, 155, 93, 29, 34, 75, 15, 16, 42, 49,
