%YAML:1.0
---
descriptors: !!opencv-matrix
   rows: 307
   cols: 32
   dt: u
   data: [ 31, 29, 122, 168, 246, 247, 251, 83, 13, 200, 220, 231, 125,
       255, 183, 96, 126, 187, 159, 190, 157, 179, 52, 254, 246, 253,
       171, 137, 191, 255, 253, 215, 154, 195, 122, 236, 54, 194, 124,
       117, 165, 12, 254, 163, 43, 15, 54, 64, 110, 177, 151, 225, 200,
       191, 4, 207, 178, 249, 130, 131, 55, 158, 244, 95, 97, 77, 107,
       237, 244, 6, 239, 119, 80, 192, 222, 70, 113, 58, 179, 96, 122,
       231, 31, 237, 233, 171, 117, 236, 116, 171, 174, 144, 61, 250,
       241, 232, 19, 211, 114, 233, 116, 145, 252, 119, 77, 77, 248, 231,
       173, 14, 182, 192, 238, 171, 151, 133, 198, 187, 0, 221, 182, 248,
       186, 194, 95, 140, 249, 221, 127, 95, 233, 76, 124, 22, 79, 188,
       81, 202, 252, 230, 91, 109, 151, 244, 94, 204, 53, 238, 205, 178,
       237, 154, 114, 111, 165, 132, 111, 254, 122, 245, 40, 251, 122,
       75, 117, 157, 255, 247, 236, 13, 124, 37, 189, 221, 178, 48, 142,
       58, 199, 74, 210, 56, 34, 247, 103, 221, 34, 233, 82, 138, 207,
       219, 135, 88, 235, 209, 244, 135, 239, 215, 95, 235, 86, 246, 29,
       223, 245, 104, 127, 169, 23, 157, 227, 181, 36, 218, 94, 31, 191,
       132, 157, 217, 241, 241, 106, 57, 242, 243, 245, 252, 240, 19,
       123, 217, 126, 45, 170, 189, 87, 184, 255, 255, 247, 16, 155, 122,
       242, 224, 95, 255, 112, 235, 207, 205, 206, 223, 11, 187, 169,
       187, 250, 189, 185, 157, 143, 89, 29, 237, 188, 223, 222, 40, 134,
       59, 151, 21, 151, 8, 110, 241, 206, 93, 58, 234, 156, 134, 133,
       249, 46, 182, 176, 16, 249, 249, 144, 239, 203, 127, 189, 189,
       140, 252, 78, 190, 143, 3, 194, 17, 183, 107, 254, 247, 31, 85,
       29, 255, 210, 76, 143, 215, 125, 94, 121, 238, 60, 79, 95, 188,
       65, 234, 188, 108, 83, 61, 151, 54, 220, 244, 85, 106, 201, 35,
       233, 158, 242, 253, 165, 180, 127, 187, 86, 113, 103, 95, 255,
       212, 238, 92, 255, 246, 169, 222, 126, 239, 125, 127, 167, 115,
       111, 247, 246, 102, 229, 107, 182, 232, 118, 187, 111, 138, 237,
       248, 103, 253, 41, 213, 127, 110, 116, 143, 103, 252, 68, 8, 124,
       70, 115, 81, 185, 33, 92, 224, 6, 110, 233, 178, 56, 61, 103, 137,
       33, 0, 121, 155, 96, 169, 90, 154, 255, 204, 62, 82, 91, 48, 169,
       204, 182, 231, 104, 63, 166, 214, 230, 245, 253, 192, 137, 201,
       161, 237, 82, 255, 224, 146, 47, 165, 108, 121, 130, 24, 98, 158,
       103, 198, 184, 97, 57, 72, 83, 147, 108, 254, 63, 13, 254, 189,
       179, 165, 160, 246, 158, 204, 21, 58, 218, 143, 133, 36, 55, 215,
       3, 155, 251, 223, 182, 134, 175, 247, 254, 73, 94, 230, 252, 246,
       190, 96, 118, 43, 63, 141, 243, 152, 62, 255, 44, 46, 190, 192,
       28, 136, 177, 253, 19, 255, 19, 191, 242, 128, 188, 119, 190, 73,
       90, 231, 173, 206, 168, 65, 246, 43, 55, 193, 215, 152, 2, 253,
       180, 176, 174, 136, 28, 18, 161, 153, 41, 223, 105, 65, 178, 155,
       31, 253, 22, 116, 28, 239, 223, 85, 170, 37, 23, 26, 150, 110,
       231, 56, 109, 159, 110, 77, 37, 244, 126, 158, 141, 253, 136, 140,
       158, 219, 117, 188, 48, 71, 255, 31, 102, 17, 172, 211, 38, 73,
       161, 43, 138, 16, 54, 252, 18, 247, 79, 191, 18, 67, 146, 12, 173,
       139, 231, 122, 234, 24, 77, 189, 179, 216, 251, 95, 181, 125, 10,
       220, 239, 31, 189, 201, 198, 118, 166, 103, 174, 241, 27, 24, 97,
       255, 211, 61, 94, 215, 170, 221, 114, 220, 119, 215, 254, 101, 93,
       204, 124, 42, 104, 253, 54, 132, 254, 185, 151, 97, 242, 186, 12,
       223, 55, 95, 135, 171, 95, 62, 246, 243, 55, 231, 107, 198, 118,
       131, 239, 249, 61, 104, 94, 226, 121, 238, 254, 33, 126, 173, 55,
       237, 162, 243, 172, 221, 126, 105, 171, 236, 37, 134, 115, 237,
       71, 182, 232, 155, 254, 49, 186, 202, 27, 125, 29, 191, 72, 236,
       223, 46, 191, 75, 183, 149, 150, 82, 174, 241, 30, 28, 155, 239,
       221, 103, 31, 215, 1, 22, 203, 169, 246, 162, 169, 87, 52, 73, 91,
       247, 213, 166, 168, 96, 127, 43, 23, 181, 177, 144, 5, 78, 76, 39,
       186, 192, 189, 202, 161, 249, 160, 22, 227, 69, 84, 47, 233, 83,
       85, 238, 126, 22, 18, 53, 149, 60, 124, 188, 23, 172, 169, 182,
       117, 206, 87, 14, 177, 132, 231, 232, 118, 245, 210, 204, 71, 220,
       6, 192, 109, 119, 181, 2, 202, 82, 57, 179, 160, 101, 98, 163, 63,
       136, 105, 143, 50, 207, 241, 174, 218, 136, 53, 192, 181, 40, 37,
       241, 88, 75, 244, 135, 231, 249, 86, 8, 117, 102, 115, 217, 168,
       32, 126, 216, 22, 122, 211, 178, 56, 63, 111, 141, 37, 108, 125,
       155, 226, 161, 27, 219, 106, 238, 118, 148, 255, 244, 77, 76, 94,
       231, 57, 92, 182, 224, 238, 251, 151, 207, 205, 186, 44, 253, 114,
       125, 174, 139, 63, 158, 189, 253, 18, 203, 207, 190, 106, 192,
       189, 229, 164, 21, 210, 227, 109, 239, 160, 66, 110, 243, 167,
       193, 74, 203, 46, 229, 112, 35, 254, 137, 53, 150, 165, 249, 104,
       61, 234, 69, 244, 107, 103, 23, 113, 237, 126, 172, 19, 165, 147,
       48, 26, 254, 6, 56, 152, 186, 244, 14, 119, 189, 37, 33, 231, 234,
       214, 240, 39, 151, 115, 75, 244, 243, 239, 248, 95, 140, 125, 226,
       80, 212, 189, 36, 126, 56, 22, 234, 227, 178, 44, 255, 37, 28,
       129, 238, 87, 235, 116, 245, 79, 61, 242, 242, 253, 252, 120, 91,
       235, 253, 124, 40, 46, 191, 255, 254, 231, 155, 183, 24, 150, 122,
       162, 224, 94, 221, 86, 235, 206, 197, 230, 223, 219, 219, 110,
       250, 188, 149, 252, 245, 207, 92, 94, 167, 41, 204, 182, 97, 230,
       251, 191, 223, 214, 57, 38, 253, 118, 121, 142, 139, 55, 158, 253,
       223, 190, 107, 106, 12, 77, 91, 221, 64, 201, 228, 180, 171, 10,
       140, 247, 31, 106, 172, 219, 231, 76, 99, 246, 216, 19, 89, 193,
       63, 119, 61, 94, 214, 25, 151, 111, 225, 182, 38, 105, 23, 117,
       105, 222, 246, 25, 47, 184, 96, 127, 142, 30, 188, 185, 184, 37,
       198, 222, 207, 182, 196, 175, 200, 240, 121, 171, 18, 248, 205,
       102, 122, 184, 124, 93, 207, 118, 247, 8, 12, 166, 228, 118, 153,
       158, 37, 165, 180, 101, 194, 22, 121, 114, 215, 63, 172, 93, 93,
       1, 2, 127, 85, 100, 186, 237, 55, 125, 26, 118, 244, 187, 1, 148,
       125, 46, 46, 38, 12, 225, 252, 101, 76, 70, 186, 114, 0, 78, 128,
       193, 168, 110, 21, 252, 253, 235, 127, 156, 31, 27, 251, 188, 187,
       142, 61, 222, 58, 207, 215, 255, 21, 188, 106, 247, 192, 111, 95,
       220, 255, 215, 252, 158, 87, 23, 19, 195, 161, 178, 50, 42, 89,
       60, 201, 91, 231, 93, 110, 186, 200, 55, 141, 159, 189, 149, 144,
       5, 202, 156, 36, 171, 196, 173, 199, 169, 213, 187, 147, 114, 76,
       102, 148, 252, 117, 93, 72, 116, 231, 41, 206, 182, 245, 126, 171,
       150, 229, 245, 186, 166, 221, 54, 121, 162, 202, 127, 140, 234,
       221, 7, 89, 103, 142, 111, 213, 190, 200, 143, 92, 216, 239, 172,
       206, 247, 230, 238, 249, 223, 231, 199, 35, 254, 241, 53, 88, 202,
       186, 31, 63, 57, 213, 89, 31, 154, 228, 179, 222, 126, 119, 45,
       77, 238, 37, 47, 191, 34, 208, 166, 183, 253, 0, 212, 153, 177,
       202, 243, 253, 38, 3, 162, 230, 169, 75, 186, 86, 110, 109, 55,
       82, 89, 48, 49, 206, 214, 167, 105, 111, 183, 229, 126, 252, 181,
       239, 236, 148, 37, 142, 114, 235, 225, 129, 39, 180, 124, 85, 10,
       220, 250, 153, 119, 247, 187, 214, 31, 77, 86, 167, 172, 159, 55,
       68, 239, 123, 151, 213, 134, 188, 50, 255, 103, 127, 154, 195,
       151, 13, 53, 255, 178, 241, 99, 218, 95, 213, 215, 220, 143, 93,
       245, 175, 46, 220, 62, 36, 252, 155, 151, 195, 206, 35, 58, 245,
       115, 88, 142, 187, 87, 30, 246, 223, 59, 177, 98, 72, 125, 215,
       211, 121, 195, 236, 188, 47, 106, 220, 62, 180, 92, 184, 151, 231,
       205, 35, 62, 221, 123, 93, 129, 255, 119, 174, 126, 215, 235, 143,
       102, 93, 245, 156, 236, 55, 233, 76, 94, 4, 40, 184, 182, 231,
       232, 38, 181, 13, 245, 184, 52, 237, 39, 123, 214, 131, 79, 204,
       248, 237, 27, 151, 99, 231, 54, 166, 237, 55, 61, 200, 90, 198,
