%YAML:1.0
---
descriptors: !!opencv-matrix
   rows: 210
   cols: 32
   dt: u
   data: [ 247, 47, 99, 158, 214, 178, 238, 115, 209, 194, 81, 243, 89,
       204, 182, 37, 111, 239, 19, 191, 245, 255, 164, 238, 56, 42, 174,
       200, 165, 237, 242, 196, 92, 93, 26, 174, 169, 228, 30, 250, 174,
       8, 200, 0, 253, 251, 41, 64, 246, 115, 61, 66, 70, 1, 154, 255,
       241, 245, 46, 152, 144, 83, 33, 11, 184, 73, 91, 228, 22, 10, 79,
       116, 100, 160, 250, 67, 55, 35, 49, 80, 126, 229, 12, 234, 72,
       183, 4, 46, 240, 173, 38, 16, 101, 186, 98, 43, 83, 75, 74, 204,
       126, 128, 238, 101, 172, 128, 210, 230, 57, 142, 180, 64, 106,
       163, 31, 235, 72, 139, 4, 237, 176, 105, 170, 136, 53, 146, 177,
       137, 131, 13, 39, 149, 118, 130, 169, 55, 124, 194, 82, 214, 188,
       38, 176, 229, 102, 39, 58, 173, 241, 220, 37, 206, 36, 42, 250,
       192, 12, 132, 49, 253, 19, 133, 106, 137, 150, 147, 232, 127, 68,
       65, 222, 199, 9, 174, 182, 224, 120, 138, 23, 173, 221, 186, 37,
       207, 58, 109, 190, 192, 191, 206, 248, 204, 8, 136, 147, 185, 52,
       175, 234, 67, 126, 9, 83, 50, 173, 137, 176, 64, 123, 40, 23, 25,
       50, 184, 1, 223, 14, 246, 178, 192, 150, 136, 113, 130, 142, 32,
       231, 193, 71, 114, 232, 65, 57, 243, 115, 146, 9, 14, 93, 174,
       127, 141, 147, 185, 145, 214, 181, 192, 30, 74, 219, 229, 167,
       133, 119, 164, 184, 79, 90, 110, 21, 147, 70, 232, 197, 12, 238,
       10, 99, 193, 61, 212, 88, 224, 204, 234, 104, 163, 72, 159, 243,
       253, 133, 19, 115, 186, 120, 6, 27, 150, 254, 188, 63, 83, 89,
       123, 151, 238, 148, 167, 111, 239, 162, 231, 127, 181, 191, 172,
       173, 75, 54, 223, 219, 223, 255, 159, 183, 172, 45, 127, 244, 105,
       110, 110, 76, 65, 215, 232, 200, 132, 177, 11, 98, 200, 55, 19,
       200, 240, 99, 99, 72, 103, 218, 61, 113, 0, 197, 57, 81, 59, 118,
       130, 2, 154, 238, 29, 178, 130, 184, 166, 238, 95, 210, 227, 224,
       236, 182, 75, 231, 119, 255, 129, 148, 201, 167, 109, 74, 38, 250,
       195, 133, 0, 37, 223, 94, 159, 165, 183, 170, 74, 61, 167, 172,
       186, 154, 227, 245, 127, 65, 75, 167, 119, 125, 33, 64, 201, 203,
       8, 233, 167, 255, 145, 164, 112, 21, 43, 142, 32, 144, 185, 81,
       247, 48, 74, 31, 135, 65, 17, 140, 150, 106, 136, 209, 25, 131,
       17, 54, 156, 81, 210, 13, 87, 26, 103, 146, 5, 45, 198, 88, 219,
       60, 175, 62, 216, 22, 136, 206, 92, 152, 175, 231, 200, 203, 66,
       194, 71, 236, 67, 206, 33, 239, 177, 246, 225, 46, 191, 52, 31,
       29, 95, 6, 124, 163, 147, 199, 115, 190, 198, 30, 238, 24, 163,
       140, 188, 119, 172, 223, 123, 147, 147, 22, 82, 186, 250, 45, 22,
       159, 175, 148, 127, 63, 255, 223, 94, 102, 86, 35, 214, 90, 48,
       253, 84, 183, 183, 74, 78, 182, 119, 38, 245, 253, 231, 236, 133,
       53, 255, 210, 123, 193, 147, 111, 165, 44, 87, 180, 2, 235, 156,
       70, 98, 225, 72, 85, 198, 243, 147, 65, 195, 49, 73, 120, 172, 38,
       128, 40, 247, 166, 202, 21, 38, 202, 9, 181, 169, 116, 224, 15,
       50, 2, 145, 71, 191, 184, 89, 127, 185, 87, 87, 72, 202, 124, 205,
       253, 141, 183, 181, 148, 244, 13, 208, 30, 94, 219, 231, 143, 12,
       121, 135, 57, 201, 102, 206, 126, 146, 202, 116, 197, 0, 252, 226,
       115, 207, 180, 100, 126, 176, 31, 238, 203, 171, 102, 253, 178,
       169, 170, 152, 55, 138, 112, 168, 201, 151, 126, 251, 252, 188,
       123, 53, 237, 73, 223, 246, 253, 127, 186, 96, 102, 163, 255, 140,
       179, 40, 111, 215, 238, 253, 186, 192, 158, 134, 169, 121, 249,
       126, 233, 229, 116, 123, 207, 246, 89, 238, 188, 254, 187, 45,
       151, 63, 79, 230, 95, 45, 169, 254, 100, 234, 246, 223, 231, 176,
       239, 253, 82, 249, 27, 95, 110, 253, 98, 50, 111, 114, 53, 74,
       222, 230, 121, 47, 179, 109, 126, 191, 151, 174, 233, 145, 36,
       237, 114, 235, 234, 128, 47, 245, 32, 249, 3, 143, 96, 139, 214,
       145, 170, 127, 94, 73, 88, 199, 173, 174, 182, 224, 111, 27, 151,
       157, 151, 184, 36, 245, 44, 28, 186, 192, 29, 134, 185, 220, 11,
       219, 127, 253, 226, 158, 125, 55, 173, 89, 86, 230, 189, 46, 182,
       109, 102, 59, 63, 141, 209, 152, 37, 237, 230, 111, 122, 192, 63,
       150, 161, 253, 38, 187, 178, 202, 245, 181, 186, 221, 31, 109, 89,
       111, 172, 220, 126, 164, 254, 59, 151, 209, 150, 58, 122, 243, 63,
       28, 175, 235, 215, 15, 191, 215, 155, 221, 114, 251, 247, 211,
       254, 247, 29, 76, 92, 179, 61, 223, 182, 100, 255, 187, 151, 143,
       246, 156, 44, 255, 119, 223, 170, 195, 55, 134, 165, 255, 102,
       247, 147, 174, 127, 71, 190, 232, 155, 172, 185, 171, 108, 255,
       108, 0, 255, 209, 223, 227, 96, 99, 74, 255, 189, 22, 207, 191,
       17, 123, 39, 147, 56, 177, 121, 106, 210, 193, 83, 253, 35, 13,
       253, 40, 51, 215, 40, 48, 88, 154, 21, 216, 91, 42, 120, 61, 251,
       205, 32, 105, 115, 130, 166, 235, 201, 180, 189, 113, 169, 124,
       117, 159, 251, 251, 182, 25, 159, 63, 74, 187, 135, 23, 252, 24,
       179, 109, 243, 2, 207, 219, 117, 119, 194, 192, 203, 83, 11, 29,
       239, 153, 226, 247, 189, 247, 61, 95, 94, 167, 253, 62, 182, 105,
       119, 123, 151, 173, 177, 216, 53, 253, 103, 95, 254, 128, 158,
       244, 165, 241, 19, 76, 99, 143, 214, 135, 239, 255, 52, 96, 90,
       198, 121, 110, 183, 100, 127, 207, 23, 253, 229, 152, 61, 255, 52,
       46, 174, 128, 61, 150, 177, 252, 15, 155, 191, 183, 180, 86, 189,
       188, 31, 221, 87, 231, 252, 126, 234, 107, 231, 95, 183, 215, 151,
       216, 59, 225, 206, 119, 255, 198, 156, 62, 189, 251, 35, 10, 114,
       89, 247, 146, 184, 71, 105, 5, 127, 6, 40, 10, 182, 252, 234, 45,
       194, 28, 148, 186, 36, 222, 54, 62, 18, 67, 215, 142, 235, 196,
       107, 56, 55, 216, 109, 157, 184, 83, 139, 89, 180, 123, 188, 159,
       116, 174, 238, 51, 255, 145, 147, 107, 178, 241, 23, 89, 250, 250,
       95, 12, 59, 251, 221, 149, 110, 229, 182, 94, 127, 184, 101, 100,
       255, 162, 91, 127, 190, 97, 126, 213, 159, 238, 248, 176, 125,
       204, 243, 233, 163, 197, 39, 175, 244, 113, 184, 251, 125, 104,
       58, 195, 83, 253, 161, 28, 180, 40, 27, 87, 40, 17, 78, 152, 197,
       224, 122, 11, 120, 61, 251, 193, 32, 253, 115, 128, 166, 251, 154,
       205, 118, 251, 247, 146, 254, 247, 125, 2, 255, 178, 109, 223,
       180, 192, 255, 187, 151, 227, 250, 184, 13, 255, 182, 255, 154,
       195, 55, 158, 245, 139, 212, 123, 26, 168, 50, 200, 23, 212, 164,
       68, 194, 173, 23, 199, 99, 80, 246, 233, 77, 87, 78, 7, 140, 59,
       240, 225, 42, 189, 48, 19, 39, 91, 11, 217, 255, 207, 118, 212,
       187, 240, 143, 93, 87, 230, 125, 223, 182, 100, 102, 57, 191, 205,
       199, 153, 62, 245, 222, 121, 234, 192, 55, 135, 33, 249, 183, 235,
       108, 59, 20, 201, 193, 232, 95, 124, 48, 143, 227, 72, 94, 1, 25,
       136, 68, 119, 238, 108, 126, 61, 168, 24, 37, 117, 125, 8, 86,
       222, 123, 18, 228, 212, 63, 87, 89, 123, 23, 237, 214, 175, 9, 63,
       182, 231, 238, 149, 191, 160, 172, 203, 49, 221, 219, 223, 219,
       183, 183, 172, 108, 127, 95, 91, 244, 68, 235, 112, 86, 159, 235,
       255, 62, 167, 78, 230, 207, 222, 247, 198, 236, 82, 220, 81, 175,
       224, 122, 247, 69, 239, 166, 247, 236, 87, 27, 146, 252, 253, 61,
       214, 25, 56, 143, 220, 214, 167, 255, 223, 234, 230, 222, 189,
       191, 117, 143, 224, 115, 157, 203, 251, 235, 151, 30, 174, 61,
       119, 110, 33, 144, 149, 73, 76, 180, 72, 138, 180, 97, 9, 140,
       222, 79, 155, 136, 93, 227, 67, 70, 114, 218, 192, 69, 17, 75, 47,
       2, 61, 15, 194, 134, 112, 145, 153, 69, 213, 184, 72, 30, 55, 80,
       18, 140, 158, 101, 236, 249, 25, 147, 145, 6, 148, 18, 210, 13,
       20, 155, 111, 148, 28, 45, 134, 38, 119, 18, 142, 121, 215, 158,
       236, 159, 172, 249, 41, 206, 222, 47, 148, 222, 253, 207, 227, 76,
       3, 218, 223, 181, 52, 15, 191, 80, 62, 47, 215, 234, 92, 111, 212,
       77, 212, 189, 96, 185, 214, 150, 27, 108, 222, 54, 35, 238, 245,
