%YAML:1.0
---
descriptors: !!opencv-matrix
   rows: 205
   cols: 32
   dt: u
   data: [ 63, 189, 96, 225, 247, 191, 250, 218, 95, 225, 252, 187, 27,
       29, 247, 160, 127, 153, 151, 253, 190, 186, 125, 222, 255, 221,
       171, 229, 247, 141, 88, 243, 27, 15, 110, 253, 98, 50, 237, 115,
       53, 70, 94, 199, 121, 47, 179, 109, 126, 191, 151, 175, 233, 146,
       36, 204, 114, 107, 250, 128, 63, 244, 37, 249, 79, 59, 243, 228,
       243, 252, 186, 82, 233, 236, 62, 175, 140, 191, 231, 54, 166, 255,
       255, 209, 148, 139, 176, 232, 219, 93, 47, 235, 134, 103, 39, 127,
       184, 241, 123, 106, 122, 193, 87, 253, 161, 13, 244, 40, 55, 215,
       40, 48, 14, 155, 197, 208, 90, 43, 48, 61, 251, 193, 36, 121, 113,
       130, 166, 251, 11, 155, 127, 221, 178, 222, 253, 53, 173, 89, 94,
       230, 189, 46, 182, 105, 102, 191, 63, 141, 147, 152, 53, 237, 230,
       111, 250, 192, 191, 130, 161, 253, 144, 139, 252, 185, 50, 203,
       49, 7, 62, 53, 86, 177, 183, 7, 130, 72, 166, 59, 237, 16, 50,
       156, 1, 31, 200, 231, 58, 209, 180, 128, 133, 107, 188, 77, 122,
       106, 21, 147, 70, 232, 213, 4, 237, 8, 99, 193, 61, 84, 88, 232,
       140, 122, 106, 163, 72, 191, 251, 221, 5, 89, 115, 187, 120, 38,
       76, 29, 255, 101, 175, 122, 119, 147, 225, 244, 63, 164, 219, 61,
       211, 175, 7, 118, 253, 122, 145, 240, 189, 168, 78, 251, 101, 133,
       230, 239, 92, 113, 45, 55, 251, 117, 228, 47, 85, 19, 113, 235,
       119, 92, 83, 125, 17, 57, 157, 174, 21, 60, 185, 240, 112, 8, 207,
       223, 117, 0, 234, 232, 210, 243, 164, 62, 19, 176, 164, 175, 70,
       82, 185, 238, 58, 125, 134, 40, 165, 25, 157, 239, 70, 98, 173,
       247, 0, 106, 144, 150, 101, 178, 200, 249, 67, 25, 14, 48, 246,
       193, 99, 51, 184, 90, 43, 179, 115, 215, 141, 14, 92, 175, 111,
       157, 247, 157, 147, 214, 149, 192, 31, 90, 219, 230, 199, 132, 99,
       181, 11, 148, 50, 155, 119, 255, 184, 67, 126, 1, 91, 50, 140,
       218, 56, 224, 255, 59, 147, 145, 178, 184, 0, 215, 141, 119, 26,
       195, 247, 6, 33, 135, 138, 120, 226, 150, 111, 85, 188, 228, 153,
       222, 84, 51, 172, 222, 119, 143, 238, 249, 179, 195, 228, 119,
       154, 224, 23, 83, 223, 171, 7, 60, 63, 223, 43, 182, 250, 76, 121,
       245, 153, 90, 91, 237, 124, 237, 44, 252, 246, 52, 159, 57, 151,
       21, 135, 43, 166, 219, 91, 93, 57, 175, 223, 196, 94, 223, 59, 90,
       239, 245, 52, 62, 217, 150, 121, 234, 118, 239, 187, 61, 151, 47,
       174, 244, 53, 93, 169, 248, 101, 168, 206, 255, 245, 128, 239,
       253, 82, 121, 203, 151, 124, 251, 246, 188, 249, 49, 237, 77, 223,
       247, 255, 111, 154, 96, 102, 179, 255, 141, 179, 40, 109, 247,
       254, 253, 170, 192, 30, 142, 165, 113, 187, 126, 249, 228, 118,
       63, 223, 246, 89, 234, 188, 254, 59, 45, 151, 57, 111, 229, 95,
       175, 237, 255, 101, 234, 246, 223, 245, 176, 239, 253, 90, 249, 3,
       151, 104, 169, 246, 177, 184, 111, 30, 65, 88, 247, 189, 46, 62,
       64, 127, 27, 147, 149, 150, 24, 68, 247, 46, 20, 154, 234, 189, 4,
       189, 221, 41, 159, 121, 203, 244, 219, 235, 255, 95, 73, 125, 230,
       189, 223, 190, 32, 126, 43, 23, 157, 147, 184, 108, 255, 110, 221,
       174, 228, 31, 138, 241, 249, 25, 159, 111, 238, 182, 130, 111,
       119, 117, 73, 222, 230, 113, 111, 176, 97, 126, 162, 31, 172, 249,
       153, 37, 255, 242, 239, 170, 192, 61, 130, 240, 121, 131, 28, 39,
       149, 54, 198, 173, 55, 252, 194, 82, 246, 188, 54, 176, 229, 102,
       39, 58, 173, 241, 220, 53, 76, 36, 42, 250, 128, 12, 132, 49, 125,
       53, 5, 111, 77, 84, 6, 239, 120, 84, 192, 255, 2, 83, 49, 189,
       100, 120, 132, 22, 106, 249, 176, 53, 204, 116, 46, 162, 4, 127,
       251, 240, 164, 19, 75, 74, 140, 78, 144, 174, 117, 164, 64, 218,
       230, 57, 142, 182, 224, 110, 169, 95, 207, 197, 139, 36, 237, 176,
       41, 170, 136, 45, 150, 49, 221, 36, 36, 179, 218, 245, 173, 225,
       67, 95, 27, 121, 24, 210, 233, 124, 24, 217, 10, 2, 25, 146, 178,
       90, 194, 15, 30, 16, 110, 210, 202, 242, 131, 102, 119, 146, 174,
       127, 71, 158, 104, 155, 172, 185, 171, 78, 254, 109, 0, 255, 241,
       207, 227, 40, 99, 202, 222, 185, 22, 207, 191, 81, 63, 39, 147,
       118, 115, 102, 174, 125, 15, 222, 232, 57, 236, 185, 175, 78, 76,
       30, 16, 254, 221, 247, 231, 204, 227, 217, 236, 179, 114, 137,
       191, 77, 63, 126, 87, 7, 171, 15, 179, 148, 142, 170, 208, 110,
       240, 82, 198, 149, 8, 145, 0, 106, 110, 18, 223, 215, 248, 5, 96,
       12, 8, 174, 192, 13, 139, 81, 136, 151, 143, 64, 171, 222, 181,
       238, 227, 164, 66, 218, 199, 169, 42, 54, 193, 109, 171, 27, 207,
       246, 26, 78, 255, 188, 12, 142, 232, 61, 197, 185, 148, 147, 207,
       75, 222, 62, 128, 79, 246, 148, 72, 220, 230, 49, 143, 181, 96,
       110, 234, 63, 204, 235, 139, 38, 191, 114, 45, 178, 136, 61, 152,
       112, 57, 181, 9, 67, 216, 148, 165, 198, 81, 212, 128, 208, 66,
       48, 192, 181, 100, 72, 234, 18, 223, 187, 175, 22, 170, 48, 8,
       138, 8, 61, 89, 112, 172, 50, 252, 38, 154, 59, 71, 158, 238, 158,
       250, 144, 47, 44, 188, 100, 129, 205, 121, 211, 163, 228, 107, 26,
       255, 57, 86, 223, 255, 89, 60, 63, 223, 183, 45, 103, 184, 212,
       162, 238, 99, 145, 194, 217, 215, 57, 232, 183, 165, 110, 239, 19,
       191, 189, 255, 148, 238, 56, 42, 206, 200, 173, 229, 242, 196, 38,
       121, 162, 183, 207, 71, 158, 197, 26, 234, 89, 171, 172, 188, 115,
       8, 157, 123, 147, 151, 4, 90, 218, 242, 45, 22, 159, 175, 149,
       127, 191, 219, 171, 60, 116, 241, 246, 187, 248, 210, 95, 232,
       190, 187, 155, 29, 151, 173, 239, 187, 151, 221, 180, 252, 117,
       254, 110, 219, 191, 243, 255, 205, 89, 223, 27, 67, 238, 253, 230,
       82, 253, 116, 37, 69, 86, 231, 121, 47, 182, 109, 126, 253, 183,
       237, 209, 154, 37, 204, 118, 107, 254, 128, 175, 182, 176, 249,
       43, 146, 101, 77, 119, 86, 249, 120, 95, 220, 84, 166, 41, 92,
       182, 229, 254, 144, 151, 237, 135, 248, 55, 221, 15, 123, 235,
       199, 127, 172, 124, 253, 255, 29, 126, 228, 252, 118, 250, 80,
       233, 200, 183, 171, 93, 127, 183, 127, 238, 245, 223, 255, 172,
       227, 180, 236, 243, 249, 202, 139, 167, 253, 122, 87, 154, 141,
       126, 251, 247, 210, 122, 247, 61, 5, 254, 147, 105, 95, 52, 68,
       126, 187, 151, 225, 254, 187, 49, 255, 183, 255, 154, 195, 55,
       140, 253, 206, 250, 250, 70, 188, 43, 209, 24, 106, 177, 30, 244,
       173, 47, 207, 35, 145, 238, 177, 205, 226, 110, 71, 194, 159, 210,
       209, 250, 187, 54, 4, 46, 219, 39, 191, 242, 251, 244, 149, 186,
       219, 95, 73, 92, 231, 172, 220, 255, 132, 255, 59, 151, 149, 151,
       50, 8, 243, 62, 92, 175, 234, 159, 222, 249, 215, 31, 123, 107,
       170, 126, 149, 187, 80, 141, 76, 157, 231, 61, 204, 247, 36, 126,
       185, 159, 231, 199, 3, 44, 221, 114, 89, 171, 186, 63, 143, 53,
       245, 87, 9, 238, 69, 130, 26, 127, 24, 101, 230, 70, 135, 75, 46,
       151, 123, 118, 196, 60, 238, 221, 208, 181, 232, 210, 235, 197, 5,
       175, 247, 104, 84, 150, 90, 158, 90, 41, 149, 18, 216, 151, 156,
       117, 229, 230, 195, 227, 77, 212, 120, 142, 82, 142, 69, 42, 177,
       194, 211, 37, 187, 26, 191, 12, 31, 25, 86, 230, 119, 167, 126,
       189, 119, 112, 206, 254, 166, 249, 125, 155, 175, 63, 102, 213,
       175, 233, 245, 53, 140, 231, 235, 239, 128, 111, 244, 255, 249,
       169, 239, 108, 41, 28, 219, 199, 248, 198, 116, 180, 143, 163, 72,
       23, 1, 40, 32, 74, 111, 230, 45, 110, 63, 110, 9, 165, 117, 117,
       12, 94, 202, 14, 34, 226, 128, 101, 243, 184, 64, 47, 165, 95,
       163, 12, 202, 126, 204, 250, 13, 179, 177, 20, 179, 36, 208, 30,
       84, 139, 199, 135, 79, 45, 198, 14, 48, 226, 193, 199, 50, 168,
       83, 63, 179, 83, 214, 140, 143, 92, 140, 127, 29, 179, 153, 147,
       208, 149, 192, 14, 92, 154, 230, 175, 197, 187, 148, 43, 179, 119,
       67, 245, 223, 234, 81, 109, 73, 123, 198, 232, 28, 156, 164, 126,
