%YAML:1.0
---
descriptors: !!opencv-matrix
   rows: 244
   cols: 32
   dt: u
   data: [ 177, 72, 109, 222, 14, 148, 207, 246, 196, 64, 212, 198, 51,
       200, 177, 97, 76, 226, 62, 207, 203, 43, 118, 189, 242, 41, 250,
       152, 61, 185, 112, 44, 15, 161, 169, 243, 213, 237, 233, 75, 14,
       97, 73, 2, 188, 217, 92, 32, 185, 11, 19, 153, 19, 56, 56, 209,
       77, 29, 155, 105, 209, 10, 145, 226, 61, 23, 109, 109, 54, 187,
       203, 122, 68, 232, 127, 230, 83, 109, 187, 32, 62, 40, 23, 238,
       169, 176, 109, 30, 98, 205, 33, 132, 127, 235, 80, 241, 50, 153,
       50, 190, 125, 213, 186, 101, 141, 5, 216, 3, 172, 222, 36, 196,
       236, 187, 159, 193, 78, 171, 82, 253, 183, 116, 138, 75, 23, 14,
       53, 142, 33, 95, 127, 79, 118, 139, 231, 240, 68, 0, 126, 230,
       113, 65, 181, 36, 126, 248, 6, 234, 193, 176, 45, 47, 100, 44, 32,
       128, 125, 187, 112, 185, 6, 88, 146, 155, 69, 253, 178, 202, 31,
       23, 64, 19, 172, 222, 103, 204, 217, 123, 131, 83, 6, 180, 90,
       243, 7, 22, 26, 99, 146, 93, 61, 222, 19, 143, 98, 158, 146, 130,
       190, 119, 188, 65, 90, 231, 45, 174, 178, 68, 103, 187, 191, 133,
       246, 153, 4, 255, 56, 38, 186, 194, 61, 132, 177, 121, 130, 74,
       31, 221, 42, 137, 176, 226, 188, 10, 82, 242, 164, 206, 37, 73,
       230, 57, 107, 195, 98, 191, 2, 123, 148, 32, 122, 11, 80, 9, 37,
       171, 62, 7, 98, 232, 247, 51, 218, 120, 69, 36, 253, 163, 75, 109,
       191, 192, 126, 157, 151, 255, 156, 179, 45, 220, 242, 237, 171,
       197, 119, 175, 124, 194, 154, 188, 236, 243, 151, 251, 185, 71,
       63, 177, 206, 179, 185, 63, 64, 228, 107, 191, 251, 145, 59, 220,
       117, 202, 207, 199, 158, 67, 175, 76, 157, 186, 203, 159, 127,
       238, 238, 149, 191, 247, 173, 90, 222, 230, 185, 255, 177, 99,
       238, 243, 127, 239, 209, 11, 230, 253, 246, 249, 238, 136, 63,
       254, 177, 249, 191, 110, 120, 224, 110, 189, 219, 210, 137, 238,
       180, 171, 31, 31, 215, 189, 174, 241, 223, 255, 232, 39, 100, 250,
       242, 217, 169, 186, 103, 253, 70, 125, 15, 182, 50, 186, 113, 189,
       185, 89, 191, 95, 85, 125, 172, 220, 254, 9, 183, 27, 215, 21,
       182, 197, 42, 247, 222, 95, 58, 234, 214, 69, 163, 215, 188, 93,
       254, 245, 165, 119, 255, 255, 84, 254, 182, 3, 91, 61, 51, 171,
       127, 244, 151, 235, 232, 245, 121, 142, 251, 203, 231, 149, 231,
       252, 124, 251, 29, 29, 236, 229, 165, 126, 253, 187, 84, 254, 150,
       34, 219, 61, 147, 171, 63, 116, 253, 173, 232, 249, 117, 136, 239,
       235, 255, 149, 231, 252, 93, 123, 95, 94, 243, 230, 231, 118, 255,
       82, 233, 206, 126, 39, 61, 191, 183, 124, 230, 255, 183, 195, 197,
       179, 160, 234, 243, 255, 250, 131, 39, 247, 101, 127, 57, 189,
       251, 237, 113, 214, 123, 87, 113, 73, 126, 36, 63, 183, 128, 244,
       126, 190, 151, 152, 219, 186, 176, 207, 127, 253, 54, 192, 170,
       194, 226, 185, 91, 127, 122, 224, 50, 246, 127, 83, 109, 76, 222,
       231, 31, 159, 182, 244, 118, 191, 159, 204, 141, 153, 52, 238,
       242, 237, 42, 128, 46, 135, 173, 125, 40, 123, 112, 105, 125, 155,
       246, 120, 71, 172, 124, 231, 59, 73, 178, 144, 94, 184, 134, 106,
       204, 186, 65, 191, 102, 205, 33, 161, 127, 174, 122, 147, 34, 195,
       114, 232, 117, 147, 250, 101, 13, 5, 248, 231, 173, 138, 54, 192,
       254, 171, 151, 209, 222, 187, 4, 221, 182, 220, 138, 195, 119,
       142, 253, 158, 69, 40, 175, 213, 44, 234, 235, 130, 238, 236, 30,
       32, 145, 180, 215, 110, 2, 100, 125, 89, 128, 248, 231, 32, 76,
       61, 239, 144, 132, 233, 85, 109, 57, 1, 98, 76, 95, 151, 192, 107,
       199, 196, 236, 2, 42, 200, 54, 164, 120, 168, 2, 173, 78, 171, 54,
       159, 51, 77, 1, 11, 119, 44, 120, 206, 154, 199, 98, 225, 119,
       210, 126, 119, 109, 4, 254, 163, 41, 15, 182, 228, 122, 187, 151,
       232, 204, 189, 37, 207, 247, 253, 170, 131, 55, 158, 252, 207, 3,
       145, 113, 200, 244, 149, 248, 71, 15, 73, 120, 102, 140, 158, 244,
       228, 254, 139, 23, 157, 151, 58, 80, 209, 60, 28, 154, 234, 159,
       140, 249, 133, 79, 241, 244, 196, 235, 116, 127, 156, 35, 223,
       156, 138, 72, 255, 223, 254, 119, 214, 255, 250, 152, 67, 255,
       224, 127, 126, 197, 207, 167, 247, 236, 117, 37, 248, 243, 26,
       199, 249, 160, 200, 127, 83, 117, 54, 8, 216, 255, 173, 187, 72,
       130, 95, 135, 247, 190, 240, 30, 24, 87, 111, 223, 29, 107, 212,
       67, 185, 51, 186, 185, 221, 55, 214, 175, 89, 168, 13, 190, 158,
       102, 244, 166, 51, 253, 69, 151, 9, 178, 241, 185, 253, 26, 122,
       24, 5, 163, 127, 19, 141, 111, 158, 150, 150, 174, 247, 212, 64,
       218, 199, 57, 108, 182, 96, 110, 171, 23, 141, 245, 138, 37, 255,
       40, 46, 190, 200, 61, 140, 177, 124, 107, 185, 230, 149, 239, 84,
       188, 231, 251, 253, 22, 159, 8, 188, 86, 175, 175, 231, 243, 133,
       212, 122, 246, 192, 63, 91, 223, 239, 199, 100, 255, 223, 34, 56,
       178, 159, 109, 245, 176, 66, 95, 142, 81, 19, 172, 252, 119, 140,
       221, 121, 131, 17, 4, 246, 210, 194, 5, 22, 219, 43, 215, 125,
       127, 199, 43, 182, 232, 76, 114, 253, 187, 90, 91, 204, 124, 172,
       184, 252, 255, 164, 151, 57, 151, 29, 135, 50, 190, 223, 78, 93,
       41, 174, 95, 238, 75, 245, 139, 209, 114, 201, 215, 151, 252, 247,
       93, 77, 214, 22, 8, 152, 54, 196, 254, 143, 151, 133, 246, 186,
       49, 247, 63, 127, 158, 199, 31, 12, 249, 221, 61, 24, 244, 245,
       39, 126, 120, 146, 113, 236, 118, 135, 123, 61, 215, 175, 46, 244,
       181, 93, 136, 248, 245, 168, 79, 251, 245, 129, 231, 253, 94, 219,
       27, 159, 106, 191, 114, 178, 184, 119, 61, 73, 94, 247, 61, 175,
       182, 196, 118, 59, 151, 133, 183, 152, 4, 239, 118, 111, 186, 192,
       47, 196, 169, 221, 174, 92, 182, 156, 237, 253, 180, 194, 159, 30,
       212, 27, 172, 252, 103, 207, 201, 123, 179, 67, 102, 103, 242,
       241, 23, 81, 203, 43, 86, 125, 61, 223, 186, 149, 98, 232, 117,
       213, 248, 97, 141, 76, 221, 131, 45, 223, 54, 196, 254, 185, 151,
       133, 206, 175, 18, 223, 179, 121, 138, 203, 55, 142, 125, 223, 82,
       227, 139, 160, 240, 2, 127, 205, 168, 133, 138, 163, 7, 163, 106,
       82, 246, 197, 109, 245, 88, 139, 128, 64, 248, 36, 175, 205, 128,
       2, 167, 67, 218, 149, 122, 187, 181, 220, 121, 37, 61, 77, 247,
       51, 238, 62, 46, 213, 238, 147, 159, 129, 126, 155, 113, 255, 255,
       247, 154, 211, 7, 12, 237, 95, 62, 28, 248, 229, 165, 127, 94,
       242, 81, 238, 180, 47, 11, 61, 23, 189, 255, 253, 151, 227, 172,
       242, 113, 234, 187, 223, 213, 183, 231, 253, 94, 223, 88, 185,
       176, 250, 185, 221, 83, 222, 171, 125, 172, 9, 62, 255, 66, 16,
       167, 219, 253, 80, 30, 43, 186, 241, 251, 221, 22, 123, 242, 6,
       167, 91, 255, 73, 226, 78, 223, 112, 94, 200, 209, 196, 245, 162,
       106, 238, 191, 252, 120, 226, 189, 246, 172, 3, 174, 234, 178,
       125, 129, 155, 183, 247, 126, 94, 61, 245, 89, 170, 62, 135, 79,
       252, 7, 72, 217, 110, 119, 215, 168, 112, 126, 201, 22, 239, 203,
       3, 88, 191, 176, 197, 165, 252, 60, 154, 176, 49, 187, 151, 104,
       108, 59, 215, 221, 127, 85, 76, 252, 175, 123, 93, 182, 180, 222,
       177, 213, 101, 237, 171, 113, 159, 243, 223, 36, 155, 127, 140,
       94, 127, 71, 59, 193, 130, 244, 184, 234, 17, 105, 232, 219, 236,
       145, 136, 212, 164, 78, 173, 95, 221, 159, 26, 196, 192, 188, 28,
       175, 248, 140, 175, 154, 85, 110, 72, 230, 94, 79, 240, 90, 204,
       203, 68, 253, 171, 106, 236, 63, 222, 250, 243, 255, 198, 142, 35,
       174, 249, 19, 126, 192, 187, 151, 127, 126, 94, 95, 61, 62, 182,
       163, 140, 63, 230, 169, 206, 174, 13, 172, 254, 99, 19, 166, 115,
       219, 71, 228, 73, 154, 235, 249, 177, 78, 58, 0, 119, 47, 91, 250,
       80, 114, 188, 111, 84, 248, 64, 121, 74, 247, 187, 78, 220, 62,
       253, 254, 189, 183, 227, 140, 183, 162, 192, 151, 121, 218, 139,
       103, 47, 126, 215, 93, 9, 206, 37, 131, 54, 111, 56, 100, 196, 79,
