%YAML:1.0
---
descriptors: !!opencv-matrix
   rows: 212
   cols: 32
   dt: u
   data: [ 16, 223, 29, 189, 178, 138, 45, 183, 60, 10, 66, 100, 181, 51,
       128, 97, 39, 55, 61, 137, 241, 216, 1, 125, 236, 163, 126, 192,
       44, 16, 161, 41, 211, 76, 87, 220, 70, 148, 172, 119, 188, 66,
       218, 82, 61, 162, 180, 229, 102, 163, 63, 141, 225, 141, 54, 207,
       48, 46, 250, 136, 61, 208, 161, 44, 39, 173, 99, 139, 244, 147,
       238, 248, 78, 64, 89, 198, 113, 200, 189, 164, 90, 234, 18, 255,
       215, 178, 76, 255, 44, 28, 175, 236, 93, 143, 120, 212, 29, 20,
       235, 235, 182, 230, 107, 89, 20, 193, 223, 246, 89, 127, 186, 104,
       126, 188, 31, 188, 185, 145, 53, 206, 218, 239, 178, 196, 189,
       203, 112, 113, 61, 95, 96, 77, 92, 18, 207, 189, 81, 234, 220,
       226, 89, 57, 151, 228, 126, 204, 181, 238, 201, 182, 229, 142,
       118, 111, 165, 132, 127, 190, 122, 237, 232, 238, 249, 241, 244,
       74, 125, 151, 115, 111, 118, 48, 155, 47, 194, 88, 55, 158, 55,
       152, 178, 220, 225, 67, 111, 239, 116, 197, 228, 208, 198, 251,
       105, 77, 48, 228, 125, 79, 95, 180, 201, 232, 188, 72, 154, 57,
       23, 22, 136, 228, 93, 106, 201, 35, 208, 168, 243, 253, 129, 50,
       90, 255, 82, 59, 242, 56, 247, 84, 123, 86, 217, 48, 185, 236,
       182, 175, 104, 63, 150, 183, 166, 245, 253, 228, 169, 203, 177,
       204, 26, 122, 233, 147, 39, 164, 102, 127, 235, 135, 230, 156,
       111, 82, 188, 115, 233, 206, 254, 247, 108, 44, 182, 199, 238,
       231, 255, 165, 244, 235, 164, 207, 22, 123, 234, 131, 71, 228,
       127, 221, 189, 76, 110, 119, 116, 86, 107, 112, 113, 202, 118,
       130, 121, 29, 147, 117, 126, 236, 23, 238, 233, 214, 117, 174,
       119, 235, 224, 128, 39, 181, 126, 248, 255, 249, 101, 64, 122,
       219, 95, 248, 239, 248, 180, 239, 57, 76, 215, 181, 47, 209, 223,
       246, 207, 7, 45, 253, 126, 89, 173, 246, 111, 151, 66, 93, 231,
       96, 232, 88, 77, 121, 242, 200, 235, 87, 180, 157, 10, 200, 95,
       30, 11, 200, 226, 86, 166, 103, 254, 243, 30, 24, 65, 127, 223,
       61, 126, 198, 62, 251, 48, 90, 59, 221, 154, 240, 143, 88, 189,
       47, 44, 221, 199, 180, 174, 187, 223, 199, 199, 11, 122, 253, 51,
       92, 9, 187, 95, 7, 15, 223, 51, 221, 107, 206, 110, 193, 239, 253,
       196, 72, 220, 226, 57, 222, 181, 97, 126, 251, 23, 235, 201, 187,
       38, 249, 244, 169, 234, 168, 61, 250, 240, 249, 95, 115, 235, 161,
       230, 0, 255, 220, 43, 252, 28, 239, 93, 79, 223, 42, 63, 221, 215,
       255, 195, 19, 172, 192, 126, 77, 175, 228, 173, 247, 51, 241, 185,
       23, 107, 109, 54, 179, 75, 123, 85, 72, 255, 230, 91, 109, 179,
       96, 126, 184, 23, 238, 233, 177, 37, 158, 226, 237, 161, 132, 127,
       202, 112, 241, 75, 223, 101, 175, 50, 154, 47, 183, 44, 76, 94,
       228, 189, 54, 146, 244, 38, 23, 188, 205, 199, 152, 37, 253, 172,
       119, 62, 128, 62, 134, 129, 125, 43, 221, 98, 142, 85, 211, 222,
       229, 95, 64, 252, 135, 56, 220, 182, 160, 216, 234, 147, 231, 199,
       186, 124, 191, 55, 93, 142, 171, 87, 158, 244, 220, 10, 248, 50,
       158, 83, 213, 186, 67, 159, 69, 69, 51, 44, 222, 102, 196, 238,
       57, 179, 129, 22, 207, 58, 247, 19, 87, 154, 107, 19, 5, 45, 222,
       153, 223, 87, 223, 182, 130, 111, 247, 252, 73, 90, 118, 57, 163,
       160, 228, 102, 171, 30, 140, 243, 153, 36, 255, 188, 174, 182,
       192, 47, 144, 225, 57, 25, 149, 75, 171, 246, 226, 105, 119, 52,
       73, 91, 246, 213, 38, 176, 96, 126, 11, 22, 189, 177, 152, 37, 30,
       236, 175, 186, 192, 189, 202, 177, 249, 89, 255, 58, 101, 240,
       158, 127, 55, 105, 232, 126, 76, 191, 183, 128, 48, 166, 255, 93,
       44, 193, 184, 160, 46, 247, 253, 37, 128, 74, 240, 194, 43, 46,
       179, 104, 10, 255, 209, 146, 205, 207, 125, 189, 173, 8, 204, 254,
       132, 223, 27, 199, 85, 150, 43, 110, 245, 122, 85, 15, 255, 215,
       15, 255, 215, 39, 179, 225, 11, 254, 117, 186, 219, 91, 125, 89,
       255, 136, 236, 222, 36, 159, 27, 147, 149, 151, 50, 239, 211, 14,
       28, 191, 238, 223, 207, 215, 213, 217, 94, 111, 119, 38, 54, 125,
       182, 113, 254, 198, 246, 91, 55, 147, 255, 119, 196, 253, 238,
       233, 212, 173, 170, 226, 235, 230, 132, 47, 244, 250, 121, 34,
       217, 40, 190, 125, 205, 150, 234, 143, 76, 220, 47, 38, 221, 55,
       0, 200, 106, 147, 67, 78, 43, 90, 191, 115, 85, 137, 59, 87, 31,
       92, 218, 63, 31, 123, 200, 246, 183, 127, 83, 13, 201, 254, 231,
       121, 255, 183, 100, 126, 187, 23, 188, 155, 179, 52, 255, 118,
       253, 166, 128, 191, 254, 224, 241, 90, 211, 176, 172, 187, 192,
       30, 239, 171, 77, 152, 231, 173, 238, 106, 208, 182, 223, 237,
       193, 222, 11, 138, 241, 184, 229, 46, 255, 52, 22, 173, 91, 111,
       54, 248, 67, 231, 127, 255, 154, 123, 255, 63, 255, 88, 61, 223,
       190, 63, 215, 245, 191, 149, 114, 253, 226, 94, 95, 117, 247, 239,
       255, 222, 117, 34, 217, 57, 220, 127, 213, 159, 254, 151, 73, 220,
       34, 56, 223, 37, 100, 204, 123, 151, 193, 203, 11, 114, 253, 115,
       61, 186, 154, 23, 28, 52, 255, 35, 215, 99, 73, 244, 199, 175,
       255, 95, 104, 124, 102, 80, 213, 188, 164, 92, 8, 18, 110, 211,
       178, 124, 223, 37, 28, 131, 228, 95, 154, 244, 245, 82, 91, 151,
       135, 162, 56, 188, 150, 168, 201, 26, 229, 236, 182, 199, 206,
       166, 119, 253, 213, 149, 201, 163, 224, 164, 52, 126, 130, 140,
       247, 173, 93, 251, 84, 99, 228, 55, 86, 91, 120, 113, 238, 254,
       231, 75, 109, 183, 180, 126, 229, 149, 239, 237, 151, 53, 206,
       243, 127, 169, 150, 39, 245, 118, 125, 119, 115, 235, 228, 246, 2,
       239, 117, 33, 232, 158, 231, 89, 239, 255, 48, 62, 253, 21, 255,
       201, 147, 172, 200, 122, 77, 175, 164, 45, 182, 242, 241, 29, 16,
       251, 232, 150, 102, 107, 88, 69, 73, 223, 198, 83, 223, 186, 104,
       126, 140, 62, 252, 153, 179, 53, 140, 219, 239, 162, 196, 189,
       139, 244, 113, 153, 154, 199, 225, 166, 50, 105, 87, 100, 123,
       214, 246, 25, 35, 176, 239, 111, 134, 60, 156, 187, 220, 37, 226,
       148, 235, 250, 196, 175, 200, 241, 57, 218, 241, 59, 250, 91, 192,
       183, 101, 174, 80, 197, 34, 60, 215, 104, 240, 162, 57, 251, 210,
       83, 3, 186, 209, 251, 193, 15, 107, 24, 2, 167, 178, 138, 176,
       146, 184, 203, 229, 176, 207, 159, 31, 64, 17, 172, 159, 106, 201,
       233, 27, 147, 145, 54, 78, 18, 243, 15, 83, 90, 111, 146, 68, 173,
       139, 10, 156, 150, 250, 211, 228, 176, 71, 191, 23, 75, 19, 44,
       255, 32, 200, 229, 59, 171, 17, 50, 141, 18, 247, 79, 247, 94, 67,
       146, 68, 173, 138, 16, 79, 202, 252, 150, 130, 109, 87, 212, 2,
       214, 226, 57, 163, 177, 104, 106, 235, 55, 200, 232, 139, 6, 239,
       242, 175, 186, 136, 53, 240, 32, 168, 17, 93, 87, 254, 30, 135,
       207, 112, 196, 64, 218, 70, 49, 211, 177, 97, 110, 162, 30, 206,
       201, 171, 54, 252, 240, 168, 170, 136, 61, 187, 49, 57, 59, 151,
       105, 76, 254, 18, 206, 123, 85, 228, 221, 230, 105, 44, 182, 228,
       126, 206, 54, 239, 221, 59, 109, 222, 58, 111, 239, 140, 63, 174,
       120, 253, 182, 250, 105, 241, 102, 129, 233, 240, 27, 252, 20,
       238, 57, 141, 213, 33, 127, 253, 55, 219, 227, 126, 174, 247, 94,
       72, 239, 236, 45, 173, 119, 249, 106, 58, 122, 148, 99, 246, 185,
       114, 185, 236, 119, 175, 108, 190, 214, 148, 190, 181, 245, 129,
       129, 222, 162, 206, 95, 127, 251, 139, 7, 36, 47, 255, 43, 19,
       242, 221, 103, 18, 188, 119, 89, 74, 117, 231, 40, 190, 182, 228,
       126, 47, 151, 141, 197, 190, 164, 203, 22, 127, 250, 130, 79, 236,
       235, 221, 75, 179, 226, 7, 99, 180, 184, 119, 105, 79, 95, 247,
       44, 174, 150, 134, 166, 47, 181, 133, 212, 186, 164, 193, 22, 127,
       218, 195, 79, 6, 175, 223, 187, 94, 101, 92, 42, 27, 93, 118, 221,
       238, 182, 255, 43, 12, 183, 53, 46, 161, 206, 102, 237, 165, 101,
       222, 50, 91, 96, 146, 127, 188, 76, 93, 142, 182, 192, 147, 164,
       56, 238, 218, 63, 151, 87, 247, 233, 235, 255, 204, 127, 202, 135,
