%YAML:1.0
---
descriptors: !!opencv-matrix
   rows: 194
   cols: 32
   dt: u
   data: [ 10, 149, 32, 137, 213, 247, 178, 99, 78, 37, 92, 3, 140, 61,
       50, 4, 216, 27, 147, 49, 146, 184, 21, 221, 111, 21, 138, 67, 150,
       78, 157, 226, 10, 132, 48, 217, 85, 247, 178, 74, 94, 37, 92, 18,
       140, 18, 54, 228, 217, 27, 147, 17, 22, 156, 113, 215, 15, 22,
       154, 71, 146, 79, 29, 166, 139, 130, 105, 249, 52, 184, 233, 151,
       127, 19, 86, 246, 185, 10, 180, 104, 99, 139, 31, 157, 179, 156,
       37, 215, 78, 111, 186, 192, 188, 128, 233, 44, 196, 123, 216, 190,
       250, 64, 31, 158, 18, 139, 84, 187, 181, 183, 65, 90, 215, 255,
       181, 81, 56, 94, 203, 34, 222, 167, 252, 185, 164, 249, 14, 27, 6,
       187, 58, 203, 253, 213, 187, 221, 159, 73, 93, 103, 172, 222, 254,
       68, 254, 59, 151, 213, 151, 58, 42, 247, 111, 92, 174, 234, 158,
       15, 189, 223, 135, 248, 147, 219, 163, 173, 184, 198, 30, 27, 80,
       114, 140, 158, 101, 232, 199, 91, 147, 81, 55, 188, 16, 243, 4,
       150, 26, 194, 156, 89, 169, 151, 183, 45, 103, 144, 215, 162, 174,
       99, 145, 194, 209, 151, 8, 252, 54, 167, 111, 239, 19, 191, 252,
       239, 148, 238, 56, 42, 206, 194, 141, 101, 178, 214, 92, 93, 58,
       174, 180, 164, 95, 254, 174, 12, 88, 33, 255, 255, 41, 112, 214,
       123, 12, 67, 2, 3, 138, 63, 240, 245, 46, 136, 144, 243, 45, 11,
       23, 143, 96, 171, 222, 161, 238, 227, 180, 66, 216, 215, 173, 42,
       51, 193, 111, 235, 27, 207, 254, 11, 4, 255, 252, 4, 142, 232,
       189, 197, 185, 220, 147, 91, 71, 156, 116, 128, 236, 117, 197, 72,
       82, 230, 33, 138, 177, 196, 110, 232, 55, 205, 195, 153, 6, 253,
       48, 96, 174, 128, 63, 156, 112, 189, 137, 30, 103, 213, 118, 198,
       173, 55, 124, 66, 86, 242, 189, 54, 176, 101, 102, 62, 19, 173,
       241, 156, 37, 207, 101, 42, 250, 128, 36, 128, 177, 233, 18, 207,
       98, 140, 86, 144, 190, 100, 172, 72, 220, 231, 40, 142, 182, 68,
       110, 163, 31, 239, 192, 139, 4, 237, 48, 40, 170, 138, 53, 150,
       49, 221, 159, 18, 194, 205, 70, 38, 232, 80, 48, 131, 83, 214, 73,
       139, 241, 205, 126, 173, 55, 189, 161, 246, 149, 192, 20, 234,
       250, 132, 175, 173, 123, 128, 210, 177, 169, 170, 138, 196, 25,
       11, 174, 85, 139, 145, 149, 222, 90, 90, 167, 151, 125, 149, 26,
       77, 179, 19, 217, 229, 186, 220, 128, 0, 183, 83, 11, 155, 127,
       221, 178, 214, 189, 55, 189, 79, 94, 230, 189, 239, 182, 105, 102,
       187, 191, 141, 209, 152, 38, 237, 230, 239, 250, 128, 63, 212,
       161, 125, 31, 155, 189, 191, 164, 87, 191, 188, 31, 255, 87, 167,
       252, 126, 174, 233, 255, 91, 183, 199, 253, 248, 57, 232, 239,
       223, 255, 134, 158, 255, 173, 123, 15, 158, 248, 223, 245, 87,
       191, 252, 31, 223, 84, 231, 252, 254, 191, 237, 255, 123, 183,
       215, 245, 248, 125, 255, 110, 95, 255, 199, 158, 255, 189, 255,
       33, 196, 117, 77, 100, 67, 231, 127, 76, 42, 252, 66, 48, 17, 180,
       100, 90, 48, 18, 42, 193, 191, 101, 223, 37, 46, 176, 16, 87, 170,
       244, 173, 91, 150, 230, 252, 63, 87, 89, 123, 151, 206, 148, 167,
       105, 255, 186, 231, 127, 245, 191, 164, 189, 79, 54, 223, 219,
       255, 255, 159, 191, 236, 61, 127, 25, 146, 252, 253, 53, 95, 89,
       56, 95, 236, 182, 103, 251, 127, 186, 237, 119, 164, 191, 44, 173,
       232, 115, 157, 207, 255, 243, 213, 190, 172, 92, 123, 15, 219,
       191, 143, 238, 214, 187, 180, 143, 93, 94, 231, 172, 190, 230, 98,
       230, 125, 191, 213, 215, 216, 43, 224, 14, 117, 110, 194, 158,
       158, 165, 223, 191, 150, 230, 236, 173, 87, 221, 251, 215, 222,
       188, 167, 107, 236, 255, 230, 223, 192, 159, 173, 253, 99, 62,
       154, 251, 223, 231, 191, 191, 252, 124, 213, 106, 112, 245, 198,
       109, 76, 217, 28, 171, 121, 179, 57, 190, 159, 92, 27, 174, 151,
       255, 17, 138, 99, 195, 193, 215, 121, 90, 186, 71, 142, 67, 123,
       17, 162, 143, 28, 80, 143, 33, 120, 118, 177, 66, 198, 113, 224,
       160, 97, 121, 108, 34, 44, 33, 216, 15, 29, 72, 34, 113, 4, 56,
       40, 32, 168, 91, 21, 112, 101, 51, 62, 123, 51, 105, 76, 63, 165,
       159, 63, 151, 118, 166, 21, 253, 172, 148, 128, 165, 206, 195,
       253, 34, 131, 166, 199, 39, 119, 189, 75, 236, 109, 172, 83, 77,
       222, 23, 246, 180, 215, 91, 109, 211, 47, 95, 204, 181, 238, 237,
       246, 103, 128, 226, 203, 229, 149, 127, 252, 248, 84, 158, 230,
       226, 151, 207, 114, 191, 236, 19, 231, 221, 187, 73, 236, 223,
       142, 59, 223, 247, 163, 100, 215, 172, 226, 62, 87, 223, 167, 231,
       255, 191, 246, 92, 141, 216, 174, 180, 132, 95, 184, 50, 12, 92,
       0, 255, 227, 43, 80, 214, 233, 21, 106, 10, 2, 8, 191, 227, 245,
       39, 169, 178, 243, 41, 41, 134, 112, 176, 153, 69, 213, 176, 72,
       95, 63, 85, 19, 140, 156, 111, 172, 217, 25, 147, 17, 6, 212, 122,
       208, 7, 16, 219, 111, 150, 29, 29, 198, 147, 223, 118, 250, 246,
       146, 254, 247, 189, 2, 250, 246, 125, 223, 180, 96, 110, 187, 151,
       195, 250, 187, 6, 255, 182, 255, 154, 192, 55, 142, 241, 169, 173,
       115, 253, 101, 232, 14, 117, 184, 96, 250, 118, 68, 219, 127, 137,
       59, 142, 92, 118, 106, 225, 240, 123, 8, 103, 235, 101, 132, 74,
       249, 66, 179, 27, 155, 254, 222, 114, 150, 251, 240, 173, 93, 86,
       230, 125, 255, 182, 96, 102, 57, 191, 205, 195, 153, 46, 253, 218,
       251, 234, 128, 55, 134, 37, 125, 11, 142, 62, 186, 48, 180, 185,
       119, 190, 89, 92, 116, 188, 174, 182, 96, 167, 51, 31, 29, 179, 9,
       34, 247, 202, 127, 58, 202, 152, 132, 161, 41, 53, 5, 110, 77, 84,
       7, 235, 120, 84, 128, 255, 6, 83, 65, 189, 100, 124, 172, 18, 110,
       241, 179, 117, 142, 116, 46, 160, 4, 127, 171, 112, 160, 140, 64,
       185, 243, 52, 229, 121, 146, 62, 23, 87, 16, 157, 215, 105, 72,
       115, 25, 159, 152, 34, 212, 11, 210, 207, 215, 186, 197, 182, 129,
       5, 35, 17, 143, 74, 191, 182, 163, 238, 247, 22, 65, 218, 198,
       113, 227, 176, 64, 127, 234, 6, 156, 251, 185, 12, 255, 248, 175,
       190, 64, 61, 202, 240, 152, 204, 52, 189, 245, 168, 46, 121, 27,
       185, 187, 183, 112, 223, 55, 72, 123, 135, 21, 125, 24, 177, 69,
       243, 66, 203, 251, 119, 212, 136, 224, 131, 51, 205, 180, 157,
       113, 169, 124, 113, 31, 187, 255, 182, 24, 159, 63, 72, 123, 133,
       23, 108, 24, 177, 77, 243, 2, 207, 251, 117, 212, 194, 192, 199,
       99, 15, 155, 244, 255, 111, 212, 185, 248, 15, 221, 87, 167, 253,
       255, 255, 230, 126, 121, 183, 221, 131, 216, 127, 249, 78, 91,
       239, 194, 151, 174, 61, 253, 220, 120, 216, 175, 114, 12, 123,
       156, 18, 161, 84, 235, 117, 23, 73, 80, 55, 253, 53, 210, 34, 92,
       153, 107, 255, 167, 60, 168, 172, 147, 7, 25, 20, 70, 87, 154, 14,
       163, 173, 118, 212, 146, 219, 242, 65, 202, 184, 105, 127, 240,
       142, 243, 232, 231, 6, 204, 48, 130, 255, 193, 53, 250, 244, 129,
       23, 238, 231, 135, 198, 34, 238, 250, 100, 118, 154, 195, 105,
       108, 189, 42, 127, 199, 87, 239, 196, 241, 45, 249, 52, 14, 255,
       132, 37, 247, 51, 236, 24, 24, 122, 88, 119, 241, 185, 82, 126,
       64, 76, 34, 189, 159, 243, 121, 38, 56, 147, 217, 131, 154, 54,
       248, 87, 105, 42, 105, 182, 5, 55, 243, 14, 34, 226, 129, 71, 123,
       248, 73, 47, 181, 91, 183, 12, 138, 254, 76, 123, 141, 183, 177,
       22, 178, 36, 208, 30, 84, 155, 231, 167, 207, 37, 199, 11, 132,
       122, 169, 50, 163, 184, 67, 60, 1, 91, 146, 93, 238, 40, 64, 127,
       59, 19, 181, 18, 185, 20, 215, 222, 207, 154, 196, 181, 130, 161,
       128, 95, 55, 226, 65, 231, 58, 127, 24, 99, 231, 63, 175, 75, 45,
       223, 190, 55, 221, 181, 191, 149, 176, 189, 194, 94, 93, 37, 166,
       231, 247, 222, 245, 82, 143, 74, 140, 209, 162, 170, 226, 52, 7,
       200, 131, 41, 46, 51, 81, 105, 243, 139, 133, 24, 11, 4, 253, 153,
       38, 218, 73, 181, 5, 63, 202, 19, 135, 10, 203, 212, 163, 106, 99,
       20, 1, 219, 70, 88, 234, 56, 64, 122, 171, 19, 185, 26, 154, 16,
