%YAML:1.0
---
descriptors: !!opencv-matrix
   rows: 334
   cols: 32
   dt: u
   data: [ 168, 177, 248, 120, 245, 221, 121, 87, 123, 109, 117, 56, 31,
       253, 214, 52, 191, 186, 150, 24, 146, 58, 170, 147, 127, 221, 53,
       239, 242, 132, 238, 243, 95, 75, 255, 236, 124, 86, 127, 222, 237,
       204, 214, 226, 121, 255, 181, 98, 126, 253, 127, 238, 201, 211,
       167, 200, 243, 249, 239, 140, 39, 241, 97, 241, 13, 20, 220, 21,
       162, 126, 61, 19, 60, 247, 127, 180, 223, 38, 139, 255, 55, 151,
       254, 44, 181, 208, 53, 64, 196, 103, 123, 132, 238, 228, 143, 113,
       78, 121, 179, 210, 75, 205, 51, 192, 171, 208, 165, 8, 60, 215,
       101, 254, 166, 113, 251, 82, 3, 65, 186, 224, 219, 144, 15, 58,
       130, 51, 39, 115, 2, 153, 50, 155, 125, 149, 186, 101, 143, 1,
       216, 3, 172, 218, 38, 196, 232, 59, 155, 129, 86, 184, 82, 253,
       55, 116, 154, 67, 20, 14, 57, 142, 160, 84, 234, 69, 86, 111, 237,
       119, 113, 174, 116, 10, 19, 53, 151, 52, 124, 188, 22, 168, 232,
       182, 117, 78, 119, 142, 176, 132, 103, 248, 118, 249, 238, 178,
       163, 26, 105, 189, 179, 200, 187, 95, 241, 189, 172, 220, 254, 24,
       157, 155, 215, 23, 150, 103, 170, 243, 94, 29, 56, 251, 213, 15,
       87, 215, 177, 74, 71, 252, 14, 128, 74, 66, 196, 0, 208, 226, 49,
       131, 177, 97, 106, 224, 63, 203, 72, 143, 6, 173, 208, 168, 226,
       136, 53, 185, 112, 8, 147, 157, 235, 223, 146, 194, 191, 247, 62,
       73, 86, 247, 61, 255, 176, 96, 119, 123, 23, 140, 243, 152, 39,
       255, 102, 47, 190, 192, 45, 132, 161, 249, 11, 225, 96, 153, 213,
       157, 252, 199, 239, 81, 92, 7, 168, 202, 126, 196, 235, 171, 147,
       221, 22, 56, 122, 247, 63, 92, 159, 231, 159, 28, 249, 204, 57,
       151, 111, 236, 244, 82, 126, 125, 117, 76, 254, 167, 91, 175, 186,
       224, 126, 174, 159, 236, 253, 187, 53, 143, 242, 239, 162, 133,
       63, 142, 252, 219, 19, 223, 106, 223, 116, 134, 239, 119, 125, 73,
       94, 102, 57, 170, 182, 96, 126, 187, 23, 137, 201, 185, 36, 239,
       118, 46, 190, 128, 45, 134, 241, 253, 41, 77, 127, 111, 116, 135,
       239, 252, 68, 8, 126, 66, 115, 65, 185, 97, 120, 224, 6, 238, 233,
       178, 44, 63, 102, 173, 160, 0, 125, 187, 112, 168, 186, 223, 114,
       236, 55, 210, 126, 119, 45, 12, 254, 167, 43, 15, 180, 193, 122,
       177, 151, 224, 204, 189, 1, 207, 178, 249, 162, 131, 55, 158, 244,
       95, 170, 243, 32, 26, 237, 253, 149, 207, 223, 125, 21, 189, 172,
       220, 126, 173, 137, 27, 243, 17, 214, 107, 122, 241, 47, 81, 92,
       251, 82, 92, 159, 223, 60, 177, 90, 106, 211, 205, 82, 217, 227,
       8, 237, 40, 31, 219, 104, 80, 178, 185, 196, 114, 26, 35, 24, 21,
       251, 197, 33, 127, 115, 3, 239, 131, 136, 156, 158, 251, 49, 189,
       48, 87, 255, 27, 102, 16, 188, 147, 32, 201, 165, 59, 10, 24, 50,
       252, 18, 247, 207, 251, 18, 67, 146, 0, 169, 139, 11, 187, 185,
       186, 248, 149, 153, 223, 143, 121, 28, 237, 188, 220, 246, 32,
       135, 59, 151, 21, 151, 9, 42, 245, 79, 93, 59, 254, 222, 14, 149,
       247, 125, 197, 96, 97, 44, 27, 79, 188, 67, 160, 188, 238, 83, 9,
       149, 52, 95, 212, 125, 234, 201, 38, 109, 158, 250, 223, 229, 244,
       127, 187, 80, 37, 111, 54, 248, 67, 231, 127, 251, 154, 91, 255,
       63, 255, 88, 61, 223, 190, 63, 215, 247, 183, 149, 114, 253, 194,
       94, 95, 117, 247, 239, 231, 222, 87, 135, 90, 110, 174, 94, 145,
       186, 120, 159, 96, 85, 207, 125, 206, 191, 96, 62, 249, 183, 231,
       230, 55, 28, 255, 118, 111, 171, 172, 127, 191, 59, 221, 181, 95,
       235, 181, 230, 33, 239, 244, 16, 254, 112, 239, 81, 236, 243, 43,
       127, 206, 38, 247, 253, 114, 238, 224, 126, 203, 239, 172, 173,
       249, 243, 209, 171, 249, 51, 218, 127, 213, 186, 228, 143, 105,
       252, 175, 44, 156, 247, 164, 142, 123, 215, 87, 199, 43, 58, 247,
       63, 28, 14, 186, 95, 159, 51, 255, 110, 251, 225, 94, 91, 221,
       179, 248, 235, 76, 253, 47, 104, 220, 103, 52, 236, 249, 215, 199,
       199, 43, 250, 255, 127, 92, 133, 171, 115, 47, 118, 215, 42, 159,
       102, 204, 127, 211, 186, 115, 141, 76, 220, 231, 105, 108, 182,
       229, 110, 179, 215, 165, 245, 171, 36, 255, 126, 121, 170, 155,
       127, 142, 126, 221, 123, 30, 110, 172, 55, 210, 219, 50, 137, 76,
       222, 167, 104, 60, 182, 112, 238, 181, 191, 165, 172, 171, 53,
       223, 218, 63, 186, 211, 55, 46, 124, 95, 210, 158, 239, 190, 18,
       226, 185, 51, 188, 207, 82, 247, 109, 238, 170, 73, 55, 119, 189,
       133, 183, 221, 38, 239, 136, 38, 255, 195, 45, 228, 37, 89, 27,
       32, 199, 243, 199, 115, 189, 71, 23, 179, 215, 178, 24, 191, 225,
       175, 105, 159, 179, 145, 27, 222, 235, 194, 223, 199, 222, 135,
       167, 124, 52, 170, 210, 133, 3, 188, 6, 192, 109, 103, 180, 6,
       210, 18, 61, 243, 32, 69, 98, 179, 63, 136, 96, 153, 18, 207, 241,
       166, 218, 128, 52, 0, 165, 42, 103, 54, 224, 19, 235, 49, 187,
       202, 59, 255, 29, 191, 72, 238, 223, 190, 183, 89, 247, 151, 150,
       86, 174, 240, 30, 30, 155, 255, 223, 119, 15, 215, 149, 207, 163,
       218, 244, 134, 231, 244, 86, 137, 218, 98, 80, 219, 184, 96, 121,
       234, 6, 218, 202, 179, 40, 238, 56, 174, 167, 200, 21, 59, 240,
       161, 30, 98, 98, 154, 71, 179, 184, 64, 23, 71, 85, 147, 9, 204,
       126, 204, 127, 137, 131, 151, 142, 151, 46, 210, 22, 66, 154, 207,
       55, 143, 61, 196, 42, 221, 48, 139, 245, 221, 190, 239, 15, 77,
       124, 3, 172, 222, 62, 132, 255, 59, 151, 129, 86, 58, 114, 255,
       127, 85, 158, 107, 23, 14, 189, 223, 223, 84, 98, 100, 23, 118,
       123, 112, 117, 206, 215, 18, 89, 31, 147, 229, 118, 204, 157, 238,
       236, 215, 181, 142, 115, 235, 226, 133, 39, 245, 126, 117, 4, 6,
       159, 253, 182, 170, 160, 3, 60, 9, 75, 242, 213, 224, 161, 72,
       119, 61, 42, 17, 49, 176, 1, 14, 196, 166, 42, 64, 140, 66, 33,
       33, 73, 201, 149, 229, 33, 12, 101, 183, 37, 41, 106, 64, 191, 51,
       128, 246, 2, 86, 108, 76, 65, 152, 193, 41, 164, 254, 116, 0, 106,
       148, 131, 40, 127, 79, 225, 76, 124, 18, 79, 184, 81, 64, 252,
       234, 91, 125, 159, 244, 94, 196, 21, 238, 200, 34, 237, 139, 114,
       239, 161, 148, 119, 255, 114, 101, 42, 81, 62, 253, 101, 215, 188,
       119, 157, 202, 246, 35, 108, 252, 55, 97, 254, 249, 151, 225, 197,
       187, 50, 220, 55, 251, 254, 131, 95, 28, 125, 223, 52, 127, 122,
       105, 86, 103, 95, 122, 18, 172, 252, 42, 19, 215, 195, 16, 124,
       248, 7, 232, 72, 178, 96, 30, 119, 141, 33, 172, 113, 250, 110,
       227, 34, 175, 96, 202, 244, 147, 207, 239, 31, 13, 124, 138, 72,
       232, 188, 36, 91, 218, 23, 121, 210, 58, 108, 255, 62, 156, 165,
       252, 215, 138, 246, 173, 42, 173, 34, 154, 93, 221, 195, 226, 223,
       69, 204, 11, 42, 204, 54, 164, 200, 42, 147, 69, 198, 43, 58, 191,
       27, 93, 136, 123, 83, 14, 124, 222, 40, 185, 122, 98, 112, 205,
       123, 52, 225, 5, 126, 9, 191, 151, 2, 16, 130, 186, 69, 74, 90,
       184, 48, 45, 231, 249, 32, 65, 66, 131, 78, 251, 31, 29, 123, 232,
       182, 247, 255, 83, 143, 205, 222, 38, 125, 254, 183, 224, 254,
       187, 159, 189, 151, 147, 52, 223, 243, 253, 171, 128, 191, 255,
       181, 243, 103, 59, 201, 160, 244, 153, 202, 17, 43, 232, 91, 239,
       145, 168, 215, 128, 78, 239, 95, 221, 159, 26, 196, 232, 188, 28,
       171, 248, 140, 175, 26, 21, 199, 188, 248, 250, 184, 160, 62, 183,
       191, 83, 21, 244, 189, 251, 224, 107, 135, 115, 63, 154, 179, 77,
       138, 247, 238, 223, 254, 234, 156, 193, 161, 25, 1, 22, 139, 187,
       118, 163, 169, 83, 28, 75, 91, 246, 213, 198, 184, 96, 127, 41,
       22, 181, 179, 148, 37, 95, 68, 38, 170, 128, 156, 74, 177, 241,
       138, 91, 122, 252, 108, 217, 248, 116, 157, 78, 180, 47, 173, 159,
       183, 33, 174, 49, 223, 195, 231, 47, 38, 253, 214, 217, 234, 187,
       94, 141, 93, 219, 25, 134, 111, 233, 182, 170, 105, 87, 117, 97,
       254, 246, 19, 39, 176, 96, 127, 142, 30, 188, 185, 184, 101, 134,
