%YAML:1.0
---
descriptors: !!opencv-matrix
   rows: 170
   cols: 32
   dt: u
   data: [ 113, 235, 154, 186, 56, 157, 80, 214, 171, 25, 160, 76, 167,
       130, 64, 208, 130, 171, 204, 80, 86, 11, 194, 49, 186, 209, 60,
       121, 24, 128, 139, 13, 155, 221, 127, 252, 118, 210, 255, 247,
       221, 72, 254, 226, 121, 223, 180, 97, 126, 187, 23, 239, 233, 191,
       38, 255, 246, 255, 170, 128, 63, 138, 241, 249, 171, 150, 106,
       153, 119, 215, 251, 123, 93, 78, 92, 183, 104, 252, 190, 36, 255,
       187, 151, 165, 247, 190, 52, 223, 127, 95, 175, 135, 127, 236,
       125, 255, 53, 21, 127, 77, 116, 71, 231, 120, 84, 140, 255, 34,
       82, 61, 189, 100, 120, 156, 22, 106, 249, 179, 53, 142, 117, 46,
       162, 4, 117, 235, 116, 225, 183, 223, 239, 250, 172, 165, 206,
       252, 151, 154, 152, 114, 115, 253, 253, 35, 95, 242, 127, 255,
       251, 103, 74, 250, 248, 142, 239, 156, 253, 251, 240, 33, 215,
       247, 140, 143, 141, 21, 206, 140, 155, 255, 133, 205, 200, 236,
       223, 238, 213, 196, 252, 255, 255, 67, 255, 242, 186, 82, 205,
       254, 152, 247, 218, 84, 181, 97, 203, 200, 212, 131, 206, 85, 212,
       129, 241, 214, 17, 201, 248, 32, 88, 168, 6, 253, 251, 183, 4,
       138, 112, 141, 166, 8, 253, 186, 240, 160, 23, 98, 235, 225, 22,
       2, 235, 80, 20, 194, 210, 230, 17, 207, 177, 104, 126, 172, 23,
       253, 201, 151, 36, 202, 240, 140, 175, 132, 173, 184, 112, 240,
       104, 173, 164, 20, 189, 94, 68, 175, 243, 189, 174, 25, 226, 120,
       86, 150, 129, 70, 232, 16, 94, 105, 211, 135, 47, 247, 149, 87,
       194, 60, 222, 14, 8, 29, 19, 252, 19, 198, 53, 103, 189, 68, 74,
       0, 188, 151, 32, 100, 228, 59, 10, 0, 65, 153, 48, 207, 241, 244,
       18, 2, 18, 0, 37, 42, 184, 223, 107, 238, 118, 130, 95, 113, 149,
       76, 245, 231, 123, 205, 182, 65, 126, 184, 151, 238, 233, 175, 36,
       191, 242, 233, 162, 136, 63, 138, 116, 249, 57, 15, 98, 76, 116,
       26, 96, 115, 117, 140, 254, 102, 3, 160, 183, 244, 120, 172, 6,
       40, 204, 186, 37, 142, 54, 255, 162, 1, 111, 168, 120, 132, 2,
       142, 159, 255, 182, 226, 63, 191, 30, 19, 67, 50, 253, 119, 40,
       105, 247, 127, 59, 128, 48, 220, 9, 255, 109, 182, 254, 192, 148,
       72, 181, 43, 57, 206, 75, 254, 116, 131, 235, 242, 86, 72, 124,
       230, 49, 200, 181, 96, 126, 168, 22, 207, 239, 190, 36, 255, 48,
       141, 170, 136, 125, 155, 112, 153, 3, 141, 97, 139, 214, 209, 186,
       231, 30, 73, 92, 231, 169, 142, 190, 96, 110, 27, 151, 157, 151,
       56, 100, 247, 46, 92, 186, 232, 53, 4, 185, 223, 134, 188, 147,
       186, 235, 193, 190, 239, 174, 27, 192, 177, 172, 247, 104, 74,
       231, 59, 235, 146, 114, 15, 154, 243, 189, 148, 31, 239, 144, 80,
       165, 155, 131, 29, 7, 149, 118, 134, 169, 55, 124, 73, 82, 214,
       188, 38, 176, 229, 102, 39, 59, 173, 177, 220, 53, 204, 4, 42,
       250, 128, 12, 4, 177, 253, 33, 149, 186, 224, 245, 173, 240, 87,
       95, 89, 125, 29, 150, 185, 124, 8, 217, 10, 19, 21, 147, 186, 80,
       214, 79, 30, 146, 102, 216, 72, 250, 146, 56, 73, 95, 228, 54, 74,
       127, 116, 164, 164, 250, 10, 63, 19, 33, 82, 106, 245, 77, 107,
       72, 179, 0, 44, 241, 233, 38, 144, 97, 186, 103, 43, 6, 113, 176,
       145, 77, 213, 184, 200, 159, 61, 81, 3, 140, 158, 111, 141, 200,
       25, 147, 211, 70, 80, 90, 208, 5, 16, 219, 47, 18, 29, 53, 230,
       50, 238, 106, 161, 54, 203, 254, 230, 57, 165, 250, 171, 35, 13,
       148, 0, 111, 187, 133, 213, 74, 188, 4, 255, 248, 197, 190, 193,
       101, 152, 215, 248, 93, 93, 27, 238, 176, 164, 95, 248, 184, 8,
       92, 0, 255, 247, 41, 240, 246, 123, 149, 106, 19, 3, 138, 191,
       243, 245, 46, 136, 144, 243, 161, 49, 2, 107, 6, 156, 106, 161,
       184, 198, 174, 12, 90, 231, 172, 199, 231, 70, 230, 123, 235, 197,
       6, 153, 130, 249, 20, 48, 154, 139, 20, 21, 37, 223, 9, 162, 133,
       161, 61, 15, 73, 31, 22, 175, 86, 84, 159, 35, 208, 196, 89, 12,
       46, 60, 59, 220, 113, 158, 205, 215, 181, 52, 154, 136, 144, 32,
       6, 120, 169, 147, 231, 119, 190, 207, 26, 238, 88, 163, 140, 188,
       119, 138, 221, 127, 147, 147, 4, 114, 154, 226, 13, 23, 223, 175,
       149, 127, 191, 223, 40, 147, 113, 237, 245, 223, 247, 255, 87,
       109, 124, 39, 171, 189, 62, 196, 126, 26, 135, 8, 215, 58, 113,
       151, 111, 253, 52, 231, 127, 142, 220, 219, 50, 239, 96, 162, 253,
       153, 222, 239, 9, 164, 152, 143, 142, 72, 86, 144, 155, 171, 199,
       117, 204, 43, 76, 254, 186, 84, 141, 251, 85, 30, 223, 206, 31,
       158, 242, 218, 247, 214, 191, 248, 223, 79, 212, 183, 120, 254,
       191, 229, 255, 251, 151, 255, 247, 243, 60, 255, 123, 95, 239,
       199, 191, 253, 189, 255, 142, 255, 122, 250, 244, 131, 254, 245,
       31, 72, 120, 231, 188, 223, 188, 0, 255, 187, 151, 211, 242, 187,
       8, 255, 126, 93, 175, 234, 29, 142, 245, 217, 27, 146, 239, 253,
       114, 214, 185, 112, 143, 92, 214, 231, 125, 223, 190, 100, 254,
       185, 191, 133, 135, 145, 54, 221, 214, 123, 234, 130, 63, 172, 53,
       245, 217, 250, 26, 186, 57, 157, 82, 240, 174, 16, 160, 76, 175,
       194, 66, 144, 132, 169, 76, 71, 79, 15, 154, 53, 152, 209, 18,
       120, 24, 2, 11, 8, 46, 117, 48, 130, 109, 85, 190, 104, 137, 188,
       153, 11, 140, 222, 111, 134, 200, 17, 219, 227, 68, 35, 218, 192,
       55, 80, 143, 63, 86, 63, 63, 199, 121, 42, 10, 184, 13, 157, 64,
       23, 165, 57, 162, 93, 135, 128, 18, 218, 192, 166, 236, 28, 159,
       175, 211, 0, 146, 249, 16, 120, 200, 12, 90, 12, 85, 163, 136,
       160, 136, 188, 88, 19, 227, 113, 139, 93, 135, 162, 90, 90, 197,
       135, 108, 21, 158, 75, 218, 16, 216, 245, 26, 125, 136, 66, 138,
       16, 85, 66, 140, 180, 44, 29, 76, 16, 174, 182, 130, 29, 199, 138,
       91, 91, 193, 197, 108, 7, 108, 69, 211, 0, 208, 243, 217, 57, 136,
       121, 26, 16, 85, 161, 172, 53, 140, 118, 136, 143, 130, 245, 142,
       157, 211, 108, 83, 106, 133, 199, 121, 149, 157, 105, 255, 0, 201,
       103, 223, 53, 140, 108, 153, 88, 109, 125, 26, 39, 165, 31, 86,
       184, 125, 170, 107, 77, 215, 97, 11, 208, 144, 204, 76, 110, 76,
       240, 217, 62, 231, 255, 5, 20, 72, 51, 90, 18, 87, 169, 172, 151,
       140, 30, 220, 174, 138, 247, 134, 143, 211, 108, 86, 42, 197, 199,
       121, 213, 143, 73, 255, 32, 155, 75, 223, 116, 132, 108, 25, 92,
       22, 113, 203, 161, 70, 66, 173, 80, 32, 144, 91, 227, 81, 159,
       121, 11, 126, 253, 51, 231, 65, 211, 148, 192, 81, 1, 235, 140,
       45, 183, 53, 176, 25, 151, 99, 235, 182, 147, 251, 245, 85, 68,
       222, 230, 89, 29, 178, 96, 126, 170, 23, 253, 187, 184, 37, 191,
       122, 207, 170, 192, 191, 142, 240, 249, 25, 15, 111, 225, 52, 166,
       235, 118, 36, 232, 94, 70, 25, 3, 177, 97, 110, 164, 31, 253, 185,
       152, 37, 204, 252, 137, 170, 192, 173, 128, 113, 40, 79, 187, 245,
       64, 234, 60, 189, 219, 171, 255, 52, 237, 156, 190, 223, 62, 167,
       87, 247, 151, 151, 80, 174, 192, 94, 88, 127, 238, 207, 245, 135,
       215, 47, 179, 225, 67, 245, 181, 250, 223, 75, 121, 61, 95, 8,
       220, 222, 188, 157, 139, 151, 157, 151, 114, 254, 240, 31, 93,
       157, 238, 223, 223, 219, 245, 147, 219, 102, 157, 38, 128, 172,
       244, 212, 72, 82, 230, 33, 136, 180, 101, 110, 40, 55, 205, 227,
       189, 6, 253, 36, 40, 186, 136, 61, 152, 48, 157, 218, 95, 126,
       244, 162, 98, 61, 55, 185, 198, 94, 163, 125, 63, 131, 91, 38,
       247, 61, 227, 224, 221, 160, 206, 243, 235, 110, 129, 37, 240,
       165, 123, 103, 253, 172, 167, 172, 31, 78, 168, 10, 246, 141, 13,
       211, 108, 91, 3, 209, 68, 121, 127, 237, 66, 255, 48, 171, 91,
       205, 60, 136, 119, 26, 84, 156, 90, 218, 164, 2, 10, 127, 80, 164,
       142, 150, 163, 31, 151, 97, 75, 38, 245, 127, 234, 64, 149, 128,
       106, 208, 161, 107, 128, 32, 177, 37, 51, 215, 229, 237, 166, 136,
       71, 159, 172, 150, 246, 135, 143, 241, 236, 91, 3, 29, 197, 121,
       231, 237, 67, 255, 11, 249, 43, 207, 60, 37, 127, 53, 82, 253, 78,
