%YAML:1.0
---
descriptors: !!opencv-matrix
   rows: 201
   cols: 32
   dt: u
   data: [ 56, 21, 114, 173, 117, 227, 90, 123, 53, 77, 251, 167, 75,
       143, 54, 80, 254, 189, 151, 164, 156, 179, 1, 142, 178, 253, 130,
       195, 127, 142, 124, 215, 78, 56, 251, 244, 111, 100, 251, 82, 233,
       238, 182, 179, 156, 191, 213, 59, 239, 253, 255, 211, 128, 231,
       162, 232, 223, 217, 239, 171, 134, 245, 39, 243, 157, 121, 243,
       254, 135, 215, 239, 240, 213, 200, 211, 102, 121, 223, 241, 228,
       124, 248, 150, 202, 201, 243, 62, 232, 177, 201, 135, 138, 63,
       255, 112, 181, 48, 203, 106, 232, 148, 135, 207, 244, 196, 4, 240,
       198, 83, 201, 176, 64, 120, 232, 6, 253, 200, 187, 4, 188, 248,
       237, 166, 72, 53, 154, 116, 168, 185, 3, 71, 205, 84, 2, 107, 112,
       53, 164, 246, 198, 115, 71, 177, 85, 124, 172, 31, 238, 233, 147,
       37, 12, 242, 174, 163, 128, 39, 170, 112, 104, 252, 255, 249, 242,
       250, 201, 23, 191, 18, 181, 128, 251, 167, 173, 72, 18, 223, 223,
       237, 17, 122, 110, 203, 55, 249, 199, 53, 127, 228, 8, 134, 123,
       94, 58, 238, 52, 43, 112, 27, 18, 169, 206, 151, 189, 76, 239,
       199, 223, 167, 245, 253, 151, 156, 199, 162, 224, 211, 115, 219,
       139, 167, 229, 47, 87, 180, 221, 253, 214, 221, 111, 167, 238,
       219, 178, 184, 26, 0, 60, 117, 175, 233, 219, 130, 115, 113, 103,
       56, 190, 57, 218, 197, 127, 213, 121, 214, 174, 189, 107, 99, 236,
       60, 131, 79, 248, 87, 224, 208, 206, 115, 193, 177, 85, 94, 236,
       127, 238, 233, 179, 143, 31, 240, 232, 165, 188, 63, 187, 114,
       240, 37, 255, 50, 26, 253, 157, 150, 252, 207, 72, 220, 109, 98,
       248, 190, 132, 221, 106, 150, 87, 206, 43, 10, 189, 58, 92, 37,
       250, 91, 31, 248, 207, 25, 239, 254, 85, 178, 154, 103, 183, 117,
       142, 110, 160, 107, 101, 135, 119, 39, 254, 236, 104, 236, 248,
       39, 111, 111, 254, 85, 1, 226, 240, 228, 109, 81, 157, 31, 101,
       50, 46, 71, 178, 100, 40, 170, 76, 247, 51, 129, 115, 52, 230,
       108, 106, 201, 169, 17, 45, 225, 235, 32, 16, 104, 227, 65, 41,
       35, 54, 224, 81, 245, 181, 184, 67, 91, 75, 125, 215, 136, 140,
       214, 172, 159, 11, 147, 149, 151, 58, 182, 210, 14, 28, 154, 235,
       207, 204, 91, 215, 27, 157, 3, 189, 181, 223, 94, 55, 21, 66, 74,
       3, 175, 63, 48, 228, 208, 107, 189, 5, 125, 152, 113, 191, 171,
       247, 158, 147, 62, 140, 152, 94, 57, 77, 98, 204, 87, 211, 234,
       99, 85, 192, 252, 2, 49, 152, 55, 228, 120, 168, 18, 237, 205,
       187, 52, 223, 51, 76, 131, 9, 127, 46, 120, 140, 13, 163, 155,
       225, 180, 174, 105, 23, 118, 137, 91, 68, 149, 147, 240, 104, 119,
       46, 54, 156, 147, 152, 145, 0, 236, 141, 191, 192, 136, 194, 161,
       161, 129, 174, 27, 249, 176, 141, 41, 119, 62, 27, 114, 80, 181,
       131, 224, 73, 39, 43, 6, 24, 114, 252, 3, 87, 236, 136, 50, 192,
       24, 128, 163, 169, 65, 130, 159, 185, 168, 168, 40, 15, 174, 19,
       74, 80, 181, 195, 232, 74, 227, 11, 42, 28, 18, 24, 131, 81, 140,
       166, 122, 64, 152, 192, 161, 136, 118, 127, 110, 70, 179, 214,
       223, 112, 185, 206, 191, 175, 72, 252, 55, 48, 190, 245, 245, 231,
       204, 195, 188, 238, 59, 126, 239, 131, 103, 247, 118, 87, 21, 141,
       87, 229, 146, 2, 107, 184, 36, 128, 106, 66, 87, 99, 169, 112, 50,
       196, 8, 234, 121, 145, 5, 14, 232, 174, 35, 68, 40, 163, 32, 32,
       14, 24, 178, 190, 107, 240, 186, 66, 189, 202, 84, 167, 172, 254,
       99, 204, 230, 123, 179, 147, 132, 223, 146, 224, 16, 115, 218,
       139, 158, 117, 47, 215, 147, 20, 106, 229, 34, 114, 56, 127, 61,
       194, 86, 247, 157, 30, 182, 105, 38, 29, 159, 165, 165, 156, 53,
       206, 214, 111, 250, 134, 45, 132, 57, 221, 116, 163, 6, 142, 153,
       1, 6, 233, 142, 176, 129, 9, 230, 226, 105, 82, 216, 227, 106, 97,
       26, 67, 202, 125, 176, 36, 143, 63, 152, 122, 170, 2, 10, 154, 14,
       185, 107, 160, 56, 198, 174, 29, 86, 183, 172, 142, 98, 72, 231,
       43, 187, 213, 22, 153, 130, 241, 76, 49, 186, 203, 156, 4, 45,
       223, 59, 176, 230, 16, 173, 253, 209, 215, 199, 127, 188, 45, 10,
       156, 118, 173, 141, 18, 198, 29, 158, 107, 38, 144, 91, 91, 84,
       123, 211, 204, 222, 215, 51, 119, 98, 76, 84, 179, 206, 121, 69,
       204, 249, 239, 98, 200, 183, 132, 88, 168, 23, 111, 205, 179, 36,
       159, 50, 12, 161, 172, 127, 175, 122, 213, 18, 221, 18, 154, 87,
       209, 182, 230, 143, 5, 88, 35, 44, 158, 38, 196, 239, 123, 131,
       65, 70, 138, 26, 255, 187, 116, 158, 75, 22, 30, 173, 207, 106,
       173, 88, 200, 253, 193, 223, 235, 15, 165, 60, 8, 44, 235, 110,
       20, 155, 187, 195, 24, 82, 59, 234, 247, 127, 157, 13, 127, 83,
       10, 207, 170, 61, 68, 118, 69, 70, 18, 198, 248, 117, 226, 242,
       234, 83, 120, 157, 183, 126, 196, 102, 234, 237, 247, 77, 14, 50,
       234, 97, 132, 111, 251, 106, 133, 56, 245, 106, 106, 213, 223, 86,
       103, 79, 69, 252, 143, 43, 157, 46, 16, 58, 170, 199, 0, 94, 58,
       116, 183, 127, 221, 20, 107, 115, 142, 198, 218, 186, 0, 99, 237,
       53, 86, 233, 123, 85, 236, 210, 18, 9, 141, 180, 229, 254, 157,
       23, 173, 169, 182, 37, 206, 19, 120, 138, 134, 119, 172, 116, 236,
       44, 29, 252, 95, 197, 126, 149, 59, 80, 151, 255, 18, 91, 121, 31,
       107, 73, 214, 179, 170, 56, 240, 115, 236, 71, 191, 84, 1, 231,
       249, 204, 162, 145, 204, 88, 243, 150, 58, 238, 151, 116, 99, 123,
       86, 209, 40, 156, 105, 121, 206, 38, 158, 253, 252, 93, 230, 44,
       175, 182, 64, 237, 217, 248, 140, 58, 47, 106, 220, 246, 144, 175,
       119, 133, 132, 222, 230, 41, 140, 183, 36, 110, 251, 151, 201,
       206, 187, 36, 237, 114, 109, 170, 128, 103, 156, 124, 253, 177,
       197, 207, 69, 148, 122, 230, 119, 116, 107, 255, 82, 83, 32, 180,
       224, 121, 206, 6, 42, 189, 189, 5, 46, 58, 174, 54, 64, 105, 249,
       232, 172, 153, 156, 21, 113, 179, 174, 120, 183, 61, 43, 106, 84,
       254, 51, 0, 249, 183, 27, 28, 184, 51, 220, 17, 127, 175, 222,
       118, 70, 154, 64, 137, 9, 53, 57, 99, 222, 126, 149, 207, 83, 197,
       200, 216, 78, 51, 216, 181, 36, 106, 234, 22, 207, 203, 171, 54,
       173, 48, 204, 160, 152, 111, 171, 112, 237, 81, 22, 248, 97, 50,
       46, 184, 31, 60, 226, 94, 245, 157, 63, 22, 88, 166, 21, 127, 165,
       165, 152, 85, 74, 198, 239, 122, 132, 172, 224, 9, 91, 41, 157,
       99, 79, 246, 199, 239, 119, 68, 72, 127, 230, 113, 109, 180, 100,
       126, 242, 23, 238, 241, 186, 60, 255, 103, 46, 164, 128, 127, 234,
       240, 249, 188, 104, 152, 250, 45, 249, 82, 192, 195, 180, 181, 40,
       2, 217, 97, 154, 201, 248, 202, 82, 10, 39, 218, 176, 219, 217, 1,
       127, 211, 59, 92, 130, 37, 189, 225, 67, 244, 107, 227, 139, 95,
       227, 121, 178, 129, 60, 220, 44, 91, 78, 50, 25, 147, 252, 253,
       243, 12, 30, 183, 230, 215, 206, 212, 236, 94, 58, 234, 144, 235,
       240, 184, 83, 171, 255, 159, 191, 12, 238, 199, 30, 167, 245, 253,
       149, 148, 67, 190, 192, 91, 113, 207, 239, 135, 101, 175, 87, 252,
       198, 149, 255, 168, 2, 71, 184, 6, 31, 179, 116, 211, 99, 168, 91,
       89, 196, 44, 234, 120, 71, 75, 177, 224, 227, 238, 84, 184, 243,
       224, 33, 92, 182, 156, 96, 168, 110, 85, 27, 35, 191, 173, 56,
       159, 179, 74, 26, 183, 149, 109, 48, 26, 67, 139, 0, 217, 199,
       117, 125, 224, 96, 135, 35, 119, 225, 201, 166, 154, 70, 79, 248,
       2, 224, 137, 139, 85, 247, 89, 114, 93, 221, 29, 255, 75, 67, 219,
       104, 249, 140, 175, 252, 60, 179, 176, 18, 56, 219, 122, 204, 124,
       212, 219, 116, 197, 76, 244, 162, 49, 221, 183, 96, 94, 184, 23,
       206, 202, 171, 98, 141, 115, 169, 162, 136, 55, 154, 116, 251,
       208, 89, 95, 118, 8, 78, 69, 49, 160, 210, 166, 64, 119, 119, 129,
       115, 32, 244, 124, 106, 105, 69, 179, 12, 241, 235, 101, 16, 32,
       176, 34, 40, 57, 29, 34, 140, 85, 211, 226, 103, 85, 72, 252, 38,
       50, 152, 54, 228, 120, 168, 22, 129, 205, 187, 52, 159, 51, 108,
