%YAML:1.0
---
descriptors: !!opencv-matrix
   rows: 215
   cols: 32
   dt: u
   data: [ 63, 31, 122, 232, 246, 247, 251, 91, 13, 204, 252, 231, 125,
       239, 183, 100, 126, 187, 151, 188, 155, 179, 52, 254, 246, 253,
       163, 136, 191, 254, 252, 241, 251, 22, 106, 100, 54, 86, 89, 122,
       113, 236, 222, 167, 91, 45, 151, 116, 126, 229, 149, 237, 233,
       151, 53, 206, 243, 111, 169, 132, 39, 180, 116, 127, 218, 146,
       239, 180, 50, 198, 57, 50, 186, 206, 86, 231, 125, 239, 226, 67,
       55, 125, 189, 133, 161, 217, 182, 207, 218, 103, 255, 130, 174,
       164, 37, 123, 46, 89, 54, 168, 109, 85, 254, 200, 143, 92, 212,
       15, 206, 222, 127, 47, 206, 249, 151, 227, 205, 35, 122, 241, 151,
       81, 203, 191, 23, 63, 61, 215, 206, 93, 247, 220, 239, 112, 191,
       214, 153, 222, 92, 167, 157, 255, 247, 239, 231, 115, 191, 242,
       229, 67, 166, 232, 119, 91, 111, 175, 150, 253, 37, 255, 67, 151,
       204, 165, 162, 42, 44, 183, 44, 99, 94, 229, 221, 38, 130, 90, 55,
       143, 253, 140, 213, 152, 5, 66, 236, 231, 126, 132, 172, 244, 137,
       89, 75, 219, 101, 79, 34, 156, 125, 189, 105, 92, 30, 230, 185,
       46, 150, 247, 38, 215, 253, 205, 197, 24, 181, 253, 38, 121, 254,
       130, 46, 150, 137, 125, 31, 16, 235, 168, 182, 226, 251, 216, 21,
       193, 223, 231, 89, 207, 187, 72, 126, 237, 63, 253, 153, 179, 53,
       192, 218, 239, 171, 196, 189, 255, 112, 241, 72, 182, 248, 245,
       244, 204, 125, 55, 123, 111, 118, 49, 191, 63, 194, 88, 183, 186,
       21, 24, 242, 220, 224, 87, 239, 223, 52, 225, 166, 128, 206, 251,
       181, 10, 79, 254, 38, 162, 203, 80, 132, 130, 211, 230, 113, 203,
       177, 105, 126, 224, 63, 239, 169, 167, 12, 136, 208, 168, 234,
       136, 61, 235, 112, 33, 32, 252, 248, 65, 244, 111, 111, 247, 115,
       103, 126, 58, 51, 53, 150, 48, 127, 222, 23, 24, 250, 190, 117,
       79, 127, 143, 52, 196, 231, 216, 230, 249, 66, 185, 59, 218, 219,
       220, 177, 197, 175, 81, 135, 34, 188, 223, 104, 114, 166, 51, 251,
       81, 83, 9, 186, 241, 249, 145, 14, 75, 8, 2, 167, 187, 33, 213,
       99, 79, 116, 215, 239, 253, 93, 72, 120, 70, 112, 80, 188, 228,
       92, 56, 18, 106, 227, 176, 125, 255, 37, 60, 129, 132, 95, 186,
       240, 181, 128, 136, 158, 217, 117, 239, 177, 7, 158, 23, 82, 16,
       180, 27, 32, 73, 201, 59, 42, 16, 50, 252, 81, 215, 69, 50, 218,
       67, 144, 72, 213, 170, 58, 12, 34, 154, 93, 245, 218, 66, 151, 76,
       204, 3, 40, 204, 55, 228, 248, 186, 147, 199, 14, 7, 58, 255, 19,
       85, 138, 43, 19, 15, 124, 222, 147, 77, 103, 220, 66, 160, 173,
       87, 228, 66, 218, 198, 61, 174, 181, 228, 102, 171, 63, 141, 193,
       143, 54, 239, 48, 40, 250, 136, 45, 208, 33, 172, 39, 175, 66,
       138, 244, 147, 238, 232, 95, 64, 89, 199, 97, 200, 191, 160, 126,
       235, 19, 255, 247, 186, 76, 255, 60, 28, 175, 232, 93, 159, 250,
       148, 229, 126, 225, 69, 236, 58, 103, 186, 115, 250, 190, 236, 82,
       32, 213, 191, 13, 196, 98, 126, 225, 118, 237, 98, 30, 10, 101,
       188, 239, 249, 82, 117, 10, 185, 23, 186, 187, 197, 50, 198, 175,
       89, 120, 101, 172, 158, 101, 208, 231, 123, 255, 80, 23, 137, 18,
       245, 171, 244, 30, 202, 154, 23, 167, 219, 80, 91, 151, 245, 34,
       42, 47, 182, 60, 138, 74, 96, 191, 51, 129, 115, 38, 119, 108, 74,
       65, 216, 129, 45, 224, 182, 126, 128, 40, 241, 3, 41, 9, 23, 47,
       171, 182, 163, 169, 119, 52, 73, 91, 246, 213, 38, 184, 96, 126,
       43, 22, 189, 177, 152, 37, 30, 236, 167, 186, 192, 189, 202, 177,
       249, 38, 179, 232, 10, 255, 209, 146, 201, 207, 125, 189, 175, 8,
       204, 126, 128, 223, 27, 199, 85, 150, 43, 110, 245, 122, 85, 13,
       255, 215, 15, 255, 215, 39, 183, 225, 75, 255, 53, 186, 202, 91,
       121, 29, 255, 72, 236, 222, 172, 159, 75, 179, 149, 151, 114, 239,
       240, 14, 28, 159, 238, 223, 199, 219, 215, 169, 76, 110, 95, 116,
       214, 111, 240, 117, 78, 247, 130, 121, 85, 183, 117, 126, 236, 23,
       238, 233, 214, 125, 175, 103, 43, 226, 128, 103, 185, 114, 248,
       42, 182, 161, 179, 223, 245, 177, 75, 22, 255, 81, 127, 44, 221,
       110, 140, 221, 27, 151, 21, 182, 126, 106, 242, 29, 86, 191, 235,
       215, 76, 151, 251, 47, 249, 112, 90, 123, 221, 154, 216, 143, 120,
       189, 109, 172, 222, 199, 180, 167, 123, 223, 83, 199, 11, 250,
       253, 63, 92, 13, 251, 95, 135, 15, 223, 25, 95, 123, 236, 126, 6,
       239, 255, 128, 74, 216, 230, 121, 175, 176, 98, 126, 231, 31, 239,
       225, 43, 164, 207, 242, 237, 174, 136, 61, 250, 177, 153, 115,
       159, 111, 255, 182, 2, 255, 55, 61, 72, 94, 231, 113, 63, 150,
       113, 126, 255, 53, 173, 249, 184, 37, 239, 114, 47, 254, 128, 45,
       224, 240, 121, 43, 205, 107, 155, 85, 213, 190, 229, 94, 68, 92,
       139, 40, 204, 54, 160, 216, 107, 147, 199, 198, 170, 60, 255, 43,
       93, 140, 251, 87, 30, 252, 254, 27, 221, 40, 191, 31, 215, 159,
       255, 150, 68, 220, 131, 185, 223, 50, 96, 238, 123, 151, 197, 234,
       137, 56, 253, 235, 77, 174, 193, 61, 30, 177, 218, 127, 126, 248,
       82, 230, 123, 255, 154, 115, 254, 63, 175, 91, 61, 215, 63, 63,
       213, 245, 191, 141, 118, 173, 224, 94, 95, 245, 183, 231, 247, 94,
       119, 105, 31, 125, 101, 244, 46, 111, 55, 105, 170, 126, 108, 251,
       49, 145, 48, 158, 102, 84, 44, 233, 184, 97, 14, 231, 255, 37,
       128, 74, 242, 194, 169, 107, 62, 242, 196, 237, 244, 249, 214,
       235, 205, 188, 45, 44, 191, 223, 190, 175, 119, 255, 149, 151, 43,
       179, 226, 95, 127, 190, 154, 207, 199, 47, 255, 234, 28, 102, 222,
       87, 213, 248, 65, 61, 77, 87, 147, 104, 222, 54, 229, 254, 187,
       183, 149, 182, 62, 55, 223, 55, 126, 202, 139, 87, 4, 253, 214,
       217, 86, 111, 101, 166, 18, 125, 181, 113, 254, 198, 246, 91, 47,
       147, 247, 118, 212, 253, 238, 233, 213, 165, 172, 242, 235, 230,
       132, 47, 244, 250, 121, 57, 72, 111, 254, 14, 132, 203, 210, 196,
       64, 212, 2, 49, 193, 177, 97, 72, 226, 62, 206, 201, 47, 54, 173,
       209, 169, 234, 8, 61, 185, 112, 40, 34, 154, 159, 181, 48, 139,
       48, 23, 63, 89, 114, 245, 166, 146, 164, 24, 230, 47, 38, 17, 151,
       252, 3, 69, 140, 178, 114, 194, 200, 8, 139, 219, 174, 90, 246,
       244, 101, 116, 253, 82, 153, 222, 119, 183, 8, 191, 183, 175, 239,
       253, 183, 135, 229, 247, 162, 192, 82, 123, 250, 139, 15, 253,
       126, 247, 138, 156, 63, 250, 155, 228, 49, 103, 191, 91, 70, 16,
       188, 247, 32, 105, 229, 59, 187, 0, 51, 205, 50, 247, 217, 243,
       90, 74, 144, 0, 165, 251, 90, 152, 191, 254, 131, 224, 49, 103,
       189, 83, 78, 50, 60, 183, 34, 106, 227, 115, 187, 128, 19, 217,
       178, 229, 211, 231, 90, 67, 130, 64, 165, 250, 70, 90, 230, 148,
       207, 240, 188, 199, 191, 214, 214, 167, 40, 174, 119, 79, 239,
       231, 187, 149, 148, 207, 182, 224, 26, 126, 222, 139, 135, 116,
       61, 95, 75, 135, 164, 37, 177, 30, 105, 55, 173, 249, 94, 197,
       189, 38, 146, 246, 6, 7, 253, 157, 213, 152, 37, 204, 238, 125,
       174, 128, 142, 196, 9, 93, 55, 184, 235, 241, 230, 201, 239, 210,
       31, 235, 116, 230, 145, 237, 243, 32, 127, 217, 23, 223, 211, 190,
       172, 226, 92, 15, 175, 228, 173, 187, 113, 241, 23, 250, 250, 227,
       54, 131, 234, 252, 23, 123, 213, 246, 25, 203, 252, 96, 127, 201,
       23, 222, 211, 156, 13, 247, 252, 206, 191, 228, 189, 155, 233,
       145, 139, 45, 226, 157, 103, 210, 252, 103, 29, 198, 84, 167, 40,
       236, 182, 165, 126, 171, 151, 143, 229, 190, 38, 203, 54, 58, 254,
       139, 119, 252, 251, 253, 11, 182, 226, 135, 103, 48, 188, 119,
       105, 207, 95, 247, 172, 174, 182, 134, 238, 47, 183, 133, 213,
       248, 164, 193, 6, 126, 218, 131, 79, 230, 191, 221, 235, 122, 109,
       92, 110, 153, 184, 88, 207, 254, 52, 239, 57, 140, 183, 177, 46,
       177, 247, 231, 229, 118, 38, 253, 22, 89, 233, 184, 93, 189, 87,
       253, 10, 127, 226, 158, 119, 240, 191, 87, 153, 205, 92, 167, 44,
