%YAML:1.0
---
descriptors: !!opencv-matrix
   rows: 216
   cols: 32
   dt: u
   data: [ 238, 84, 116, 254, 173, 118, 94, 152, 149, 94, 183, 51, 74,
       127, 63, 223, 247, 215, 191, 162, 172, 71, 59, 241, 83, 122, 209,
       143, 183, 255, 252, 87, 11, 112, 241, 243, 103, 61, 248, 222, 95,
       123, 116, 63, 191, 157, 223, 44, 175, 155, 151, 17, 134, 116, 242,
       242, 215, 223, 58, 170, 215, 221, 87, 255, 165, 62, 83, 180, 228,
       43, 70, 82, 57, 238, 50, 253, 135, 40, 133, 25, 159, 239, 4, 38,
       173, 244, 0, 46, 128, 150, 101, 144, 200, 249, 66, 145, 43, 62,
       249, 225, 119, 255, 251, 86, 123, 237, 124, 239, 63, 189, 215,
       188, 175, 255, 151, 93, 133, 250, 244, 234, 79, 221, 53, 163, 239,
       221, 95, 251, 46, 51, 224, 192, 247, 115, 184, 79, 27, 237, 25,
       191, 8, 188, 86, 172, 191, 159, 151, 145, 150, 59, 244, 194, 31,
       21, 159, 255, 199, 78, 159, 215, 188, 125, 126, 241, 183, 119,
       223, 250, 84, 238, 188, 39, 91, 125, 179, 169, 127, 248, 151, 239,
       236, 231, 124, 174, 227, 203, 231, 177, 119, 253, 124, 243, 43,
       54, 226, 76, 123, 245, 155, 91, 91, 237, 124, 173, 40, 253, 246,
       180, 159, 57, 151, 61, 135, 50, 166, 219, 94, 93, 33, 175, 223,
       238, 79, 245, 58, 90, 247, 245, 53, 126, 251, 150, 121, 238, 118,
       143, 123, 45, 151, 187, 174, 245, 181, 93, 169, 248, 101, 168,
       206, 255, 245, 128, 239, 253, 86, 89, 190, 28, 105, 164, 189, 127,
       223, 250, 25, 238, 188, 62, 27, 60, 215, 189, 127, 215, 223, 227,
       169, 55, 113, 234, 251, 223, 231, 183, 255, 253, 86, 247, 57, 151,
       111, 236, 246, 22, 127, 119, 117, 77, 254, 230, 91, 47, 186, 96,
       126, 150, 159, 236, 249, 187, 37, 143, 242, 237, 162, 196, 63,
       138, 240, 249, 6, 250, 185, 218, 239, 245, 187, 220, 31, 109, 93,
       119, 172, 222, 254, 44, 255, 27, 151, 145, 151, 54, 234, 243, 31,
       84, 191, 234, 158, 95, 183, 247, 57, 159, 79, 238, 246, 130, 239,
       119, 21, 73, 250, 231, 113, 237, 180, 96, 126, 186, 22, 172, 249,
       187, 37, 191, 114, 239, 162, 192, 63, 138, 240, 249, 14, 104, 162,
       209, 247, 247, 191, 223, 95, 239, 84, 18, 8, 220, 119, 44, 255,
       169, 147, 157, 162, 182, 48, 218, 63, 93, 159, 166, 215, 125, 245,
       245, 11, 219, 243, 129, 246, 144, 187, 149, 175, 73, 30, 231, 189,
       142, 214, 228, 38, 49, 191, 213, 215, 152, 37, 225, 46, 77, 174,
       194, 47, 134, 169, 221, 45, 59, 254, 119, 228, 63, 117, 81, 113,
       234, 119, 76, 115, 121, 19, 57, 156, 46, 22, 46, 177, 240, 113, 8,
       71, 223, 113, 0, 234, 234, 194, 179, 46, 217, 118, 94, 45, 215,
       223, 240, 157, 76, 181, 37, 108, 253, 167, 164, 158, 113, 151,
       102, 229, 163, 58, 253, 115, 95, 73, 147, 95, 191, 108, 247, 207,
       126, 237, 86, 118, 212, 254, 176, 169, 202, 86, 231, 57, 78, 151,
       251, 38, 229, 253, 223, 229, 204, 190, 232, 118, 123, 238, 136,
       47, 181, 123, 93, 254, 155, 253, 199, 110, 127, 155, 144, 139,
       123, 55, 239, 222, 252, 215, 187, 135, 85, 253, 71, 165, 114, 237,
       240, 86, 89, 105, 183, 255, 255, 95, 119, 238, 63, 237, 79, 189,
       127, 83, 152, 139, 120, 181, 237, 218, 125, 223, 127, 223, 213,
       253, 119, 191, 98, 248, 144, 71, 121, 33, 191, 222, 239, 94, 87,
       39, 160, 161, 17, 228, 125, 233, 155, 90, 251, 29, 88, 144, 180,
       220, 44, 145, 14, 50, 29, 147, 120, 239, 210, 13, 28, 149, 236,
       132, 200, 211, 229, 86, 58, 159, 254, 139, 167, 24, 216, 158, 185,
       16, 103, 108, 255, 105, 75, 245, 125, 255, 209, 146, 67, 154, 249,
       153, 18, 255, 238, 144, 33, 37, 179, 254, 104, 106, 160, 79, 249,
       211, 66, 173, 230, 164, 155, 11, 140, 71, 27, 106, 177, 203, 243,
       40, 39, 244, 242, 211, 193, 131, 127, 103, 61, 118, 210, 61, 112,
       235, 245, 103, 215, 249, 80, 86, 238, 117, 167, 91, 221, 247, 168,
       254, 57, 151, 189, 141, 246, 52, 136, 71, 205, 171, 161, 111, 173,
       127, 243, 253, 2, 239, 228, 36, 34, 73, 81, 245, 194, 247, 246,
       83, 235, 184, 107, 124, 164, 60, 190, 185, 247, 36, 200, 210, 235,
       227, 132, 175, 226, 112, 32, 255, 179, 254, 112, 167, 94, 84, 177,
       121, 254, 183, 127, 90, 61, 222, 191, 183, 213, 245, 51, 253, 245,
       184, 192, 219, 219, 101, 247, 235, 253, 206, 119, 11, 28, 187,
       191, 118, 231, 191, 246, 30, 207, 92, 166, 188, 191, 177, 96, 255,
       123, 23, 141, 227, 188, 48, 255, 101, 127, 190, 128, 23, 220, 53,
       249, 93, 3, 230, 5, 131, 62, 111, 24, 101, 230, 103, 135, 75, 32,
       155, 255, 118, 196, 172, 238, 157, 208, 181, 168, 198, 235, 195,
       0, 175, 247, 104, 84, 1, 160, 134, 29, 88, 131, 160, 104, 150,
       208, 66, 5, 240, 192, 34, 66, 120, 108, 234, 4, 2, 209, 139, 29,
       76, 34, 99, 8, 16, 40, 33, 240, 181, 65, 42, 172, 93, 199, 199,
       104, 196, 204, 245, 14, 82, 217, 59, 64, 248, 168, 2, 111, 72,
       163, 18, 142, 241, 173, 129, 25, 121, 59, 112, 194, 102, 244, 146,
       254, 121, 69, 158, 232, 155, 188, 185, 43, 108, 254, 109, 18, 255,
       241, 207, 227, 98, 103, 218, 223, 185, 150, 79, 63, 81, 59, 39,
       131, 251, 82, 114, 252, 101, 86, 121, 80, 113, 206, 247, 175, 74,
       221, 183, 253, 254, 189, 183, 227, 205, 183, 182, 200, 87, 249,
       226, 139, 119, 175, 126, 247, 13, 31, 206, 23, 226, 50, 47, 19,
       116, 222, 95, 246, 93, 34, 179, 203, 39, 103, 38, 174, 181, 216,
       37, 106, 68, 47, 254, 128, 174, 241, 169, 209, 18, 0, 18, 136, 78,
       1, 160, 64, 236, 0, 210, 66, 4, 136, 52, 64, 104, 141, 74, 225, 0,
       163, 69, 208, 20, 32, 138, 24, 93, 8, 49, 128, 192, 101, 22, 140,
       77, 99, 166, 76, 174, 164, 203, 26, 196, 194, 96, 194, 240, 108,
       106, 99, 70, 195, 155, 83, 53, 36, 143, 63, 16, 27, 189, 134, 45,
       45, 140, 133, 205, 29, 238, 227, 130, 240, 172, 143, 131, 232, 83,
       130, 8, 238, 226, 239, 204, 115, 222, 160, 118, 9, 197, 57, 73,
       126, 218, 144, 3, 6, 30, 157, 44, 183, 136, 106, 206, 90, 220, 70,
       228, 240, 191, 239, 223, 33, 122, 46, 133, 161, 70, 221, 2, 26,
       75, 26, 88, 109, 41, 133, 154, 159, 98, 249, 247, 178, 250, 87,
       125, 77, 126, 179, 41, 159, 182, 228, 126, 187, 151, 157, 190,
       184, 36, 255, 118, 253, 186, 195, 183, 140, 252, 223, 32, 176,
       158, 156, 89, 199, 161, 104, 150, 180, 64, 1, 100, 210, 42, 64,
       216, 108, 98, 96, 2, 211, 155, 29, 77, 34, 75, 47, 16, 42, 37,
       130, 214, 118, 2, 188, 35, 146, 56, 66, 189, 138, 210, 247, 172,
       202, 167, 213, 254, 169, 207, 167, 236, 135, 134, 206, 144, 112,
       203, 139, 44, 37, 43, 23, 171, 239, 104, 3, 221, 217, 247, 237,
       74, 125, 181, 159, 162, 8, 94, 128, 9, 202, 194, 87, 247, 46, 124,
       55, 110, 5, 165, 245, 93, 14, 222, 222, 30, 218, 118, 251, 26,
       130, 49, 216, 39, 21, 198, 163, 73, 195, 170, 76, 127, 216, 175,
       208, 10, 130, 79, 245, 218, 231, 211, 71, 183, 151, 36, 99, 42,
       156, 122, 159, 119, 245, 190, 230, 31, 78, 124, 167, 172, 238, 39,
       128, 255, 123, 147, 195, 214, 186, 122, 255, 103, 125, 154, 171,
       87, 127, 61, 223, 15, 155, 237, 91, 242, 95, 187, 184, 63, 125,
       119, 229, 221, 124, 159, 253, 31, 95, 183, 223, 215, 216, 111,
       253, 78, 127, 127, 198, 223, 182, 15, 253, 199, 181, 51, 64, 181,
       212, 163, 81, 249, 201, 173, 84, 156, 214, 252, 116, 182, 61, 30,
       185, 243, 163, 176, 198, 57, 24, 11, 110, 136, 2, 163, 117, 199,
       227, 35, 129, 244, 159, 237, 49, 104, 232, 83, 220, 209, 204, 220,
       36, 92, 44, 94, 125, 209, 180, 228, 198, 44, 24, 175, 236, 12,
       142, 211, 245, 15, 219, 106, 139, 62, 148, 187, 152, 6, 76, 159,
       231, 217, 206, 254, 64, 126, 9, 159, 255, 199, 1, 173, 241, 110,
       45, 174, 204, 63, 143, 53, 245, 111, 145, 252, 126, 111, 93, 217,
       56, 203, 252, 181, 173, 255, 125, 223, 243, 222, 177, 255, 37,
       134, 99, 255, 221, 95, 251, 101, 191, 247, 174, 94, 119, 57, 147,
       111, 237, 52, 151, 89, 88, 15, 76, 118, 231, 251, 223, 178, 224,
