%YAML:1.0
---
descriptors: !!opencv-matrix
   rows: 146
   cols: 32
   dt: u
   data: [ 112, 171, 216, 168, 184, 141, 90, 207, 175, 29, 152, 77, 167,
       131, 74, 80, 162, 131, 77, 84, 30, 11, 70, 49, 250, 209, 46, 249,
       176, 128, 139, 11, 14, 121, 161, 150, 239, 113, 188, 207, 155,
       254, 88, 171, 140, 252, 119, 142, 143, 127, 179, 131, 132, 122,
       250, 240, 15, 22, 223, 175, 215, 127, 191, 255, 13, 141, 58, 159,
       213, 157, 226, 99, 95, 77, 125, 6, 238, 248, 54, 196, 217, 106, 2,
       29, 183, 186, 122, 255, 47, 255, 6, 74, 218, 74, 233, 142, 8, 141,
       22, 187, 149, 207, 52, 183, 22, 5, 74, 19, 173, 63, 32, 192, 227,
       59, 131, 1, 118, 152, 17, 191, 237, 231, 30, 65, 50, 76, 141, 138,
       58, 189, 170, 172, 63, 87, 150, 234, 159, 106, 156, 43, 44, 252,
       39, 128, 221, 83, 223, 227, 207, 43, 58, 255, 179, 87, 159, 191,
       87, 126, 61, 223, 2, 188, 186, 187, 113, 253, 178, 199, 62, 79,
       72, 17, 172, 190, 34, 64, 151, 59, 131, 17, 54, 156, 19, 247, 15,
       55, 26, 99, 144, 76, 141, 219, 242, 57, 43, 140, 94, 196, 147, 88,
       23, 204, 212, 103, 48, 215, 99, 69, 124, 248, 183, 195, 139, 75,
       186, 253, 83, 33, 171, 170, 23, 171, 116, 251, 6, 4, 16, 139, 85,
       247, 178, 74, 31, 5, 89, 19, 140, 222, 47, 204, 217, 27, 131, 145,
       22, 156, 89, 215, 15, 20, 154, 71, 146, 79, 61, 198, 181, 69, 78,
       69, 132, 122, 230, 115, 84, 234, 250, 82, 83, 40, 181, 229, 120,
       204, 6, 107, 237, 183, 5, 14, 48, 168, 38, 4, 109, 249, 248, 132,
       34, 133, 186, 211, 213, 253, 240, 199, 127, 25, 123, 17, 140, 188,
       126, 224, 217, 155, 146, 145, 150, 186, 112, 245, 15, 95, 150,
       107, 208, 76, 249, 134, 134, 126, 184, 146, 239, 225, 189, 206,
       27, 254, 84, 175, 172, 239, 119, 12, 191, 123, 147, 147, 224, 118,
       170, 226, 76, 86, 223, 175, 215, 125, 23, 255, 70, 177, 173, 131,
       138, 5, 159, 137, 138, 245, 143, 163, 213, 239, 91, 66, 95, 87,
       123, 247, 146, 65, 239, 241, 255, 7, 239, 254, 132, 127, 149, 112,
       11, 149, 115, 235, 54, 243, 185, 115, 125, 65, 127, 246, 253, 255,
       170, 228, 126, 59, 151, 173, 147, 184, 52, 223, 110, 207, 186,
       194, 255, 130, 161, 241, 160, 175, 91, 169, 116, 139, 235, 96, 77,
       0, 248, 194, 191, 8, 180, 0, 122, 169, 6, 249, 83, 186, 68, 223,
       60, 152, 170, 96, 117, 138, 113, 136, 7, 222, 203, 155, 118, 139,
       171, 218, 30, 75, 88, 231, 245, 196, 183, 100, 127, 107, 23, 143,
       147, 156, 125, 255, 36, 46, 58, 128, 189, 219, 33, 253, 119, 103,
       111, 6, 246, 18, 239, 112, 233, 198, 223, 231, 73, 236, 183, 50,
       126, 229, 215, 239, 229, 211, 172, 206, 126, 46, 239, 132, 45,
       247, 118, 213, 11, 191, 97, 139, 247, 213, 186, 119, 31, 77, 92,
       167, 168, 142, 190, 228, 254, 27, 147, 149, 151, 56, 100, 247,
       110, 93, 154, 235, 23, 6, 189, 221, 135, 240, 252, 242, 236, 53,
       188, 221, 154, 255, 21, 159, 156, 222, 126, 43, 143, 91, 183, 151,
       182, 70, 186, 241, 79, 89, 255, 174, 156, 93, 155, 213, 0, 187,
       251, 103, 240, 205, 107, 151, 239, 13, 126, 68, 189, 231, 208,
       112, 182, 127, 110, 24, 147, 184, 179, 117, 111, 253, 39, 64, 192,
       130, 199, 185, 21, 72, 74, 250, 150, 134, 107, 80, 84, 130, 215,
       198, 81, 195, 179, 104, 126, 168, 23, 254, 137, 151, 60, 206, 208,
       239, 171, 192, 189, 187, 48, 160, 213, 81, 109, 237, 36, 70, 95,
       56, 36, 238, 214, 162, 83, 31, 155, 115, 126, 212, 125, 238, 233,
       213, 113, 12, 243, 235, 235, 148, 37, 178, 116, 113, 2, 152, 166,
       152, 207, 197, 188, 231, 158, 83, 80, 179, 172, 156, 54, 137, 239,
       59, 179, 129, 118, 126, 18, 241, 23, 18, 218, 235, 21, 12, 181,
       223, 66, 153, 22, 222, 9, 221, 148, 39, 175, 21, 134, 8, 174, 222,
       36, 198, 192, 51, 251, 64, 66, 9, 147, 241, 147, 176, 90, 27, 18,
       0, 173, 30, 202, 32, 177, 144, 107, 241, 184, 66, 170, 55, 129,
       57, 140, 150, 108, 159, 167, 25, 251, 145, 18, 71, 162, 208, 157,
       16, 90, 127, 146, 4, 7, 231, 92, 199, 148, 191, 136, 34, 79, 189,
       22, 23, 171, 70, 197, 99, 41, 75, 89, 198, 44, 234, 24, 193, 75,
       245, 232, 230, 231, 84, 184, 243, 160, 0, 86, 225, 137, 162, 156,
       64, 79, 136, 2, 177, 137, 10, 213, 254, 89, 98, 219, 213, 125,
       243, 10, 3, 235, 176, 249, 133, 175, 252, 180, 123, 53, 34, 2,
       153, 150, 153, 109, 228, 184, 71, 142, 29, 88, 23, 172, 186, 114,
       202, 232, 43, 179, 129, 18, 57, 146, 209, 5, 48, 218, 107, 16, 12,
       173, 138, 26, 141, 23, 253, 145, 206, 84, 167, 55, 1, 106, 17, 46,
       51, 32, 213, 225, 191, 141, 0, 126, 216, 17, 191, 171, 246, 20,
       67, 50, 196, 164, 14, 146, 141, 22, 191, 147, 199, 87, 167, 189,
       5, 202, 19, 238, 246, 32, 68, 241, 243, 9, 1, 122, 137, 25, 255,
       169, 182, 30, 83, 48, 8, 165, 14, 213, 197, 173, 165, 136, 70, 95,
       189, 22, 246, 138, 141, 243, 108, 90, 2, 29, 199, 121, 231, 253,
       65, 255, 11, 233, 39, 207, 52, 13, 246, 148, 82, 57, 133, 107,
       233, 214, 151, 251, 112, 69, 64, 223, 130, 89, 29, 54, 96, 126,
       186, 23, 253, 152, 184, 53, 221, 123, 205, 170, 192, 119, 138,
       112, 224, 247, 243, 173, 167, 140, 39, 95, 184, 18, 246, 139, 143,
       215, 108, 91, 106, 213, 197, 121, 247, 140, 66, 255, 2, 253, 7,
       237, 60, 164, 251, 20, 82, 245, 192, 172, 181, 140, 110, 205, 191,
       146, 243, 134, 157, 243, 108, 90, 11, 201, 199, 121, 157, 173,
       197, 255, 8, 201, 99, 221, 20, 172, 232, 216, 80, 36, 39, 8, 103,
       244, 15, 87, 184, 52, 172, 255, 13, 195, 97, 27, 16, 220, 204, 77,
       110, 40, 178, 201, 46, 230, 237, 37, 53, 72, 251, 90, 2, 82, 158,
       190, 189, 147, 228, 49, 183, 190, 95, 94, 3, 188, 254, 34, 104,
       231, 59, 191, 145, 150, 217, 51, 247, 221, 247, 126, 195, 144, 64,
       165, 91, 116, 227, 168, 174, 56, 15, 95, 184, 18, 228, 137, 141,
       215, 110, 91, 18, 157, 205, 109, 119, 204, 66, 219, 29, 232, 135,
       237, 189, 8, 187, 30, 82, 130, 158, 191, 249, 176, 247, 189, 231,
       190, 95, 86, 49, 188, 254, 166, 105, 231, 51, 63, 17, 182, 205,
       35, 247, 203, 191, 126, 195, 144, 64, 165, 123, 120, 185, 56, 234,
       61, 205, 83, 85, 131, 77, 188, 8, 55, 223, 98, 48, 220, 184, 149,
       80, 90, 43, 242, 57, 251, 221, 32, 123, 114, 10, 198, 123, 25,
       159, 122, 237, 22, 191, 107, 115, 125, 73, 95, 198, 121, 167, 178,
       96, 118, 175, 31, 140, 145, 185, 37, 223, 222, 239, 34, 192, 63,
       138, 113, 241, 247, 232, 173, 165, 140, 103, 141, 175, 6, 246,
       130, 5, 209, 108, 91, 10, 201, 69, 121, 189, 137, 69, 255, 26,
       201, 10, 223, 116, 156, 120, 20, 122, 46, 181, 161, 203, 253, 247,
       176, 75, 31, 73, 121, 67, 136, 253, 60, 132, 221, 59, 147, 145,
       147, 186, 115, 214, 15, 92, 154, 234, 215, 78, 244, 243, 88, 185,
       184, 234, 169, 221, 86, 157, 175, 13, 172, 9, 174, 223, 66, 210,
       132, 115, 253, 80, 22, 11, 218, 177, 251, 245, 5, 123, 146, 22,
       143, 91, 46, 52, 240, 203, 253, 253, 249, 27, 79, 79, 125, 25,
       136, 253, 94, 156, 217, 26, 147, 17, 146, 50, 250, 194, 79, 92,
       16, 111, 215, 207, 214, 215, 42, 157, 170, 252, 119, 244, 176, 87,
       61, 77, 222, 183, 44, 188, 38, 4, 238, 187, 151, 129, 158, 187,
       48, 203, 83, 117, 154, 139, 199, 76, 191, 223, 149, 207, 223, 215,
       132, 58, 238, 182, 116, 242, 242, 82, 83, 40, 157, 235, 121, 198,
       14, 234, 253, 248, 93, 238, 60, 175, 246, 0, 237, 249, 248, 140,
       87, 33, 172, 181, 140, 46, 137, 11, 134, 247, 139, 141, 211, 108,
       90, 74, 133, 199, 121, 149, 157, 73, 255, 0, 201, 103, 223, 29,
       140, 106, 145, 80, 90, 249, 59, 162, 27, 196, 19, 196, 171, 13,
       136, 9, 174, 158, 98, 80, 228, 209, 221, 209, 94, 11, 178, 177,
       251, 245, 14, 123, 0, 6, 167, 91, 81, 243, 136, 33, 140, 156, 72,
       157, 226, 245, 134, 205, 247, 140, 90, 82, 132, 71, 104, 85, 223,
       73, 215, 33, 232, 225, 31, 113, 136, 4, 155, 88, 117, 35, 152,
