%YAML:1.0
---
descriptors: !!opencv-matrix
   rows: 130
   cols: 32
   dt: u
   data: [ 112, 163, 152, 162, 184, 137, 82, 205, 162, 13, 176, 45, 167,
       195, 202, 16, 170, 138, 76, 84, 30, 11, 202, 49, 250, 197, 37,
       249, 160, 2, 155, 11, 86, 161, 173, 130, 142, 69, 159, 137, 142,
       241, 155, 139, 212, 252, 91, 106, 93, 215, 121, 247, 155, 67, 239,
       241, 185, 22, 143, 255, 148, 127, 149, 112, 106, 184, 182, 240,
       109, 197, 153, 67, 171, 29, 176, 11, 172, 159, 70, 11, 174, 177,
       255, 129, 2, 107, 146, 193, 211, 88, 218, 59, 5, 4, 7, 75, 24,
       141, 19, 189, 149, 214, 86, 183, 53, 3, 78, 1, 239, 55, 32, 196,
       81, 122, 149, 136, 124, 152, 81, 191, 235, 247, 214, 1, 50, 132,
       172, 10, 82, 89, 22, 254, 9, 212, 20, 39, 141, 8, 134, 2, 191,
       223, 36, 102, 228, 51, 189, 65, 73, 9, 18, 161, 147, 241, 90, 27,
       18, 8, 45, 59, 152, 53, 26, 124, 99, 204, 84, 87, 177, 11, 228,
       25, 63, 151, 0, 153, 166, 187, 197, 0, 106, 143, 18, 3, 243, 225,
       48, 11, 106, 64, 174, 27, 24, 141, 55, 191, 149, 199, 190, 183,
       22, 5, 78, 3, 189, 63, 32, 192, 241, 59, 147, 1, 126, 152, 81,
       191, 237, 231, 190, 65, 50, 12, 189, 202, 5, 94, 107, 207, 246,
       167, 171, 112, 94, 203, 94, 230, 241, 197, 181, 96, 126, 106, 23,
       156, 131, 176, 45, 127, 100, 44, 175, 128, 189, 251, 113, 241, 19,
       94, 74, 191, 114, 162, 170, 246, 60, 73, 82, 247, 181, 234, 179,
       64, 119, 107, 55, 149, 167, 156, 5, 127, 172, 38, 186, 128, 189,
       209, 57, 153, 32, 173, 40, 31, 245, 253, 230, 231, 95, 77, 124, 9,
       162, 232, 54, 68, 201, 106, 2, 77, 55, 184, 122, 63, 47, 94, 20,
       65, 210, 77, 220, 206, 34, 166, 194, 137, 247, 179, 184, 75, 31,
       5, 125, 147, 8, 172, 118, 132, 223, 11, 147, 149, 22, 186, 64,
       211, 30, 28, 154, 239, 151, 76, 253, 215, 41, 105, 115, 69, 116,
       138, 107, 118, 65, 172, 126, 42, 51, 129, 176, 116, 122, 252, 6,
       104, 72, 186, 228, 140, 118, 172, 160, 0, 103, 138, 118, 168, 216,
       153, 114, 101, 39, 90, 124, 55, 101, 36, 118, 162, 59, 61, 148,
       228, 110, 182, 181, 136, 216, 184, 53, 237, 119, 235, 246, 129,
       103, 132, 244, 41, 154, 155, 116, 255, 183, 212, 124, 55, 45, 77,
       86, 179, 45, 63, 182, 97, 38, 51, 183, 133, 214, 152, 37, 253,
       111, 251, 186, 195, 55, 132, 173, 91, 219, 65, 111, 205, 18, 18,
       235, 48, 44, 64, 87, 130, 121, 46, 179, 96, 118, 181, 63, 239,
       129, 144, 37, 205, 215, 171, 234, 128, 37, 163, 33, 112, 125, 107,
       136, 36, 168, 27, 94, 184, 99, 228, 174, 141, 199, 170, 211, 144,
       146, 229, 236, 103, 204, 147, 221, 24, 242, 229, 37, 61, 42, 247,
       74, 76, 125, 101, 249, 101, 180, 15, 79, 190, 96, 168, 254, 72,
       211, 49, 145, 48, 90, 204, 124, 110, 201, 178, 229, 10, 254, 239,
       37, 52, 109, 250, 66, 33, 59, 158, 99, 221, 247, 242, 233, 103,
       93, 71, 250, 246, 104, 172, 180, 228, 255, 175, 151, 165, 181,
       187, 37, 207, 62, 126, 158, 194, 215, 204, 244, 253, 57, 151, 107,
       225, 246, 211, 251, 113, 69, 100, 126, 166, 57, 29, 182, 160, 126,
       186, 151, 248, 159, 184, 53, 221, 126, 205, 162, 192, 127, 142,
       244, 249, 10, 157, 50, 155, 117, 221, 184, 103, 191, 93, 88, 57,
       172, 188, 54, 132, 167, 59, 147, 133, 182, 24, 50, 247, 15, 126,
       154, 227, 86, 4, 143, 223, 120, 1, 114, 110, 71, 6, 86, 120, 65,
       132, 255, 11, 107, 169, 53, 80, 120, 188, 133, 234, 8, 179, 145,
       152, 115, 237, 160, 25, 119, 171, 118, 138, 86, 225, 137, 162,
       156, 64, 79, 136, 2, 177, 137, 10, 213, 254, 89, 98, 211, 221, 61,
       243, 26, 67, 203, 176, 249, 197, 175, 252, 180, 115, 181, 34, 38,
       109, 156, 213, 140, 107, 148, 238, 136, 182, 176, 3, 230, 105,
       101, 11, 201, 115, 107, 99, 112, 111, 90, 232, 161, 146, 95, 51,
       193, 121, 149, 138, 2, 153, 150, 153, 77, 132, 184, 71, 142, 25,
       68, 22, 172, 158, 98, 78, 236, 59, 179, 145, 82, 92, 18, 209, 5,
       48, 218, 10, 152, 8, 165, 154, 81, 235, 24, 168, 56, 141, 90, 252,
       170, 13, 160, 77, 167, 130, 66, 80, 134, 137, 76, 85, 206, 11,
       138, 53, 248, 209, 38, 125, 24, 2, 11, 11, 113, 34, 26, 169, 4,
       141, 96, 19, 36, 13, 230, 93, 135, 1, 2, 208, 200, 132, 76, 4, 28,
       185, 209, 0, 210, 233, 48, 81, 72, 136, 202, 2, 14, 38, 178, 153,
       215, 241, 184, 74, 31, 7, 121, 179, 140, 222, 110, 140, 223, 59,
       147, 145, 22, 190, 66, 210, 15, 86, 154, 235, 215, 77, 45, 214,
       146, 141, 54, 191, 23, 199, 87, 231, 149, 5, 202, 3, 231, 254, 32,
       64, 241, 59, 29, 65, 126, 137, 24, 191, 161, 246, 142, 83, 48, 8,
       165, 14, 43, 52, 178, 209, 245, 253, 176, 67, 95, 107, 125, 58,
       140, 184, 230, 172, 249, 27, 151, 17, 23, 186, 192, 210, 31, 30,
       26, 235, 218, 76, 59, 135, 2, 188, 154, 155, 113, 237, 178, 198,
       30, 15, 76, 17, 172, 159, 34, 64, 215, 59, 147, 17, 54, 156, 18,
       247, 79, 55, 26, 67, 144, 9, 13, 219, 81, 163, 140, 37, 156, 156,
       24, 133, 226, 245, 130, 205, 231, 136, 90, 82, 132, 199, 236, 85,
       159, 73, 215, 33, 232, 229, 175, 93, 136, 134, 155, 80, 113, 34,
       140, 37, 40, 31, 64, 19, 34, 237, 130, 205, 199, 8, 82, 18, 132,
       197, 108, 5, 140, 91, 241, 9, 154, 243, 249, 177, 8, 40, 26, 92,
       149, 143, 236, 183, 150, 10, 238, 180, 116, 242, 83, 86, 243, 40,
       155, 107, 121, 230, 46, 239, 253, 248, 77, 238, 252, 111, 247, 0,
       173, 249, 248, 12, 117, 140, 172, 53, 140, 46, 205, 170, 82, 251,
       134, 29, 243, 108, 90, 35, 201, 198, 121, 173, 189, 204, 255, 2,
       205, 107, 253, 20, 136, 104, 218, 80, 231, 247, 168, 166, 152, 76,
       95, 152, 18, 244, 137, 141, 215, 108, 91, 18, 149, 197, 125, 247,
       206, 66, 255, 26, 233, 195, 237, 189, 180, 115, 22, 82, 181, 95,
       71, 71, 148, 62, 230, 247, 116, 234, 250, 86, 83, 40, 181, 229,
       121, 198, 6, 238, 253, 253, 21, 46, 48, 170, 102, 0, 233, 249,
       248, 156, 100, 103, 140, 174, 168, 15, 94, 184, 18, 238, 141, 141,
       199, 110, 91, 18, 149, 197, 109, 247, 108, 66, 217, 58, 234, 227,
       173, 189, 0, 243, 158, 82, 36, 103, 72, 101, 212, 15, 87, 184, 52,
       174, 254, 13, 211, 33, 11, 16, 221, 196, 76, 110, 104, 178, 73,
       14, 230, 239, 37, 53, 96, 251, 90, 131, 213, 80, 252, 229, 38, 78,
       125, 24, 40, 254, 150, 167, 215, 63, 147, 123, 102, 213, 125, 239,
       201, 212, 241, 8, 213, 235, 250, 148, 36, 249, 5, 115, 87, 0, 172,
       189, 138, 36, 153, 42, 134, 247, 139, 141, 243, 236, 90, 74, 205,
       199, 121, 133, 156, 67, 255, 0, 201, 39, 223, 60, 141, 123, 17,
       82, 177, 134, 75, 169, 86, 139, 235, 112, 93, 0, 243, 230, 27, 10,
       180, 65, 122, 168, 6, 235, 107, 186, 69, 223, 244, 136, 162, 64,
       125, 138, 112, 160, 23, 83, 73, 165, 114, 2, 58, 48, 12, 228, 91,
       231, 93, 14, 155, 64, 118, 93, 151, 231, 197, 144, 117, 204, 228,
       37, 170, 132, 45, 167, 9, 209, 6, 183, 178, 153, 245, 183, 184,
       107, 29, 207, 124, 55, 140, 238, 230, 69, 255, 59, 151, 181, 180,
       250, 98, 206, 30, 86, 223, 203, 158, 108, 173, 215, 120, 249, 58,
       234, 57, 221, 82, 212, 171, 76, 172, 9, 191, 223, 98, 144, 212,
       241, 221, 80, 78, 43, 242, 177, 251, 221, 37, 123, 82, 14, 78, 91,
       103, 79, 107, 132, 246, 130, 239, 112, 232, 192, 219, 199, 89,
       236, 183, 98, 126, 229, 55, 239, 197, 147, 164, 204, 118, 46, 175,
       140, 45, 247, 114, 244, 130, 158, 62, 249, 178, 231, 189, 231,
       190, 95, 86, 49, 252, 254, 166, 105, 231, 51, 63, 17, 54, 205, 35,
       247, 203, 247, 126, 195, 144, 64, 165, 123, 51, 141, 174, 188,
       223, 178, 188, 103, 157, 199, 222, 167, 108, 250, 54, 193, 251,
       239, 187, 165, 52, 251, 2, 207, 186, 119, 223, 131, 157, 108, 185,
       207, 37, 189, 217, 103, 176, 15, 111, 181, 32, 232, 122, 76, 243,
       55, 129, 48, 28, 254, 84, 110, 217, 248, 249, 46, 237, 142, 37,
       16, 232, 250, 194, 185, 58, 226, 106, 174, 127, 209, 218, 108,
