%YAML:1.0
---
descriptors: !!opencv-matrix
   rows: 253
   cols: 32
   dt: u
   data: [ 11, 142, 146, 251, 180, 160, 121, 151, 255, 83, 76, 244, 189,
       131, 184, 104, 199, 43, 27, 28, 147, 28, 50, 247, 206, 223, 26,
       64, 158, 192, 161, 161, 171, 112, 241, 241, 101, 61, 248, 222, 95,
       123, 116, 187, 157, 31, 223, 44, 255, 153, 151, 157, 134, 118,
       226, 210, 71, 219, 250, 166, 215, 220, 83, 255, 6, 108, 163, 145,
       244, 183, 171, 198, 31, 239, 80, 151, 12, 206, 119, 140, 255, 57,
       147, 149, 130, 180, 32, 250, 61, 30, 159, 166, 149, 93, 53, 244,
       139, 159, 106, 251, 247, 183, 254, 247, 31, 77, 93, 183, 189, 223,
       182, 228, 255, 187, 151, 157, 247, 152, 44, 255, 110, 93, 190,
       195, 63, 143, 189, 255, 27, 155, 127, 223, 162, 218, 237, 55, 45,
       73, 86, 230, 189, 46, 182, 109, 102, 63, 63, 141, 149, 152, 37,
       237, 230, 111, 250, 192, 47, 128, 161, 253, 68, 122, 216, 190,
       234, 64, 95, 158, 19, 137, 84, 41, 180, 183, 193, 88, 214, 127,
       53, 80, 18, 90, 203, 98, 204, 167, 253, 169, 164, 241, 4, 59, 11,
       219, 119, 170, 122, 144, 187, 244, 143, 89, 92, 231, 188, 222,
       246, 228, 166, 49, 191, 213, 215, 9, 38, 245, 142, 85, 174, 202,
       30, 134, 161, 253, 95, 150, 238, 252, 191, 83, 89, 251, 215, 206,
       182, 167, 107, 255, 187, 231, 255, 245, 191, 164, 189, 99, 54,
       223, 251, 255, 231, 159, 191, 236, 108, 127, 180, 11, 66, 218,
       148, 129, 230, 80, 212, 128, 208, 198, 49, 192, 49, 68, 108, 234,
       2, 223, 187, 171, 20, 171, 48, 0, 138, 8, 181, 249, 112, 136, 65,
       249, 41, 65, 116, 157, 233, 158, 110, 121, 86, 68, 176, 149, 214,
       32, 4, 78, 115, 92, 195, 184, 247, 117, 77, 13, 180, 224, 14, 136,
       81, 249, 130, 96, 6, 153, 77, 169, 56, 73, 143, 52, 67, 147, 164,
       206, 117, 65, 232, 57, 155, 195, 98, 20, 66, 209, 21, 16, 202,
       171, 20, 13, 29, 150, 6, 120, 163, 151, 207, 115, 158, 198, 26,
       238, 24, 163, 140, 188, 115, 136, 159, 123, 147, 151, 4, 82, 184,
       242, 45, 22, 159, 175, 149, 127, 63, 223, 61, 54, 187, 116, 228,
       63, 84, 83, 121, 234, 117, 92, 119, 121, 1, 57, 157, 174, 20, 44,
       185, 242, 112, 10, 199, 223, 113, 32, 234, 232, 194, 147, 204, 52,
       246, 119, 173, 126, 121, 19, 187, 255, 183, 28, 223, 63, 75, 127,
       135, 149, 253, 24, 57, 101, 251, 194, 207, 251, 117, 87, 202, 228,
       206, 115, 66, 240, 130, 158, 109, 215, 190, 200, 159, 172, 73,
       131, 236, 222, 102, 196, 213, 125, 251, 135, 70, 83, 218, 243, 61,
       118, 143, 175, 22, 62, 159, 214, 15, 48, 162, 209, 71, 183, 176,
       72, 127, 185, 83, 87, 72, 218, 124, 205, 253, 45, 179, 181, 148,
       245, 26, 208, 31, 94, 219, 198, 139, 15, 57, 135, 238, 188, 189,
       253, 141, 237, 117, 139, 175, 255, 172, 25, 254, 253, 70, 91, 129,
       127, 251, 17, 50, 107, 251, 183, 239, 251, 85, 127, 210, 120, 215,
       226, 92, 95, 26, 174, 185, 164, 30, 250, 174, 8, 200, 0, 253, 247,
       41, 64, 246, 123, 61, 67, 66, 1, 154, 251, 241, 245, 42, 155, 146,
       243, 37, 3, 180, 62, 91, 181, 164, 43, 70, 82, 25, 174, 114, 253,
       167, 41, 133, 25, 159, 239, 4, 34, 173, 244, 64, 46, 128, 214,
       101, 144, 204, 249, 94, 145, 60, 112, 188, 242, 45, 125, 80, 216,
       195, 187, 181, 24, 91, 221, 75, 155, 157, 208, 213, 50, 46, 103,
       251, 128, 219, 217, 69, 63, 226, 251, 78, 19, 43, 182, 242, 72,
       123, 245, 152, 91, 91, 237, 124, 239, 40, 253, 246, 180, 159, 57,
       215, 21, 135, 43, 166, 219, 91, 93, 57, 255, 223, 204, 94, 255,
       59, 90, 239, 245, 52, 58, 249, 150, 121, 234, 118, 239, 187, 45,
       151, 47, 14, 246, 53, 77, 169, 248, 101, 232, 198, 255, 244, 144,
       239, 253, 80, 121, 3, 167, 96, 139, 214, 177, 186, 103, 30, 69,
       92, 135, 173, 14, 182, 100, 126, 11, 147, 149, 150, 24, 37, 247,
       44, 20, 154, 224, 189, 132, 189, 220, 138, 120, 182, 187, 101,
       149, 188, 196, 31, 14, 80, 23, 172, 222, 103, 205, 238, 57, 179,
       211, 102, 246, 18, 243, 7, 81, 222, 11, 26, 29, 45, 223, 201, 151,
       127, 255, 244, 152, 109, 53, 237, 73, 255, 244, 253, 127, 186,
       112, 230, 163, 126, 140, 179, 40, 102, 215, 254, 253, 186, 200,
       30, 134, 165, 121, 189, 126, 105, 224, 254, 63, 207, 222, 85, 234,
       188, 254, 27, 45, 215, 57, 127, 228, 95, 238, 169, 39, 101, 250,
       242, 205, 167, 188, 255, 249, 82, 249, 57, 151, 127, 237, 182, 2,
       111, 119, 85, 73, 254, 230, 115, 45, 180, 96, 126, 150, 31, 232,
       249, 187, 37, 207, 242, 237, 162, 192, 63, 136, 240, 57, 42, 169,
       113, 218, 253, 209, 159, 207, 143, 53, 125, 9, 168, 253, 124, 164,
       139, 59, 147, 145, 18, 42, 122, 245, 111, 93, 156, 251, 215, 14,
       150, 238, 16, 79, 106, 236, 118, 131, 110, 103, 164, 136, 250,
       226, 55, 142, 180, 112, 110, 179, 31, 225, 200, 139, 4, 111, 240,
       165, 170, 153, 53, 176, 167, 137, 38, 55, 146, 190, 255, 69, 158,
       232, 155, 174, 153, 171, 204, 254, 105, 3, 255, 241, 207, 227, 96,
       99, 218, 222, 189, 22, 207, 191, 80, 111, 39, 211, 22, 86, 82,
       139, 114, 11, 174, 88, 30, 172, 91, 231, 77, 206, 191, 68, 127,
       221, 135, 231, 228, 148, 13, 222, 60, 6, 47, 164, 61, 191, 9, 149,
       56, 177, 121, 104, 242, 193, 83, 127, 35, 13, 125, 40, 51, 151,
       40, 48, 90, 154, 4, 200, 91, 10, 240, 21, 123, 205, 32, 109, 115,
       130, 230, 251, 27, 92, 107, 252, 98, 54, 255, 115, 53, 74, 222,
       230, 121, 111, 179, 105, 126, 191, 151, 175, 233, 147, 52, 205,
       242, 235, 250, 128, 47, 244, 33, 249, 15, 218, 70, 219, 115, 147,
       170, 212, 175, 89, 86, 230, 200, 198, 175, 236, 102, 108, 190,
       222, 131, 144, 47, 245, 12, 58, 251, 198, 158, 151, 41, 181, 234,
       120, 238, 246, 111, 84, 188, 96, 153, 222, 21, 191, 44, 254, 119,
       143, 238, 245, 247, 231, 228, 103, 154, 200, 87, 123, 207, 171, 7,
       60, 63, 223, 104, 188, 188, 252, 233, 253, 85, 71, 255, 95, 172,
       24, 174, 191, 2, 127, 201, 51, 235, 0, 30, 107, 242, 241, 223,
       243, 86, 59, 210, 76, 143, 202, 61, 21, 106, 237, 246, 30, 255,
       248, 101, 228, 255, 162, 91, 45, 187, 244, 126, 220, 151, 238,
       217, 178, 45, 204, 243, 237, 163, 196, 103, 175, 124, 241, 155,
       141, 118, 251, 247, 210, 254, 231, 61, 64, 254, 179, 109, 79, 54,
       64, 255, 187, 151, 167, 254, 184, 29, 255, 246, 255, 138, 195, 55,
       142, 245, 222, 7, 191, 114, 202, 244, 177, 186, 221, 31, 73, 124,
       231, 172, 220, 254, 36, 255, 59, 151, 213, 150, 58, 40, 247, 62,
       28, 175, 234, 159, 159, 241, 213, 2, 108, 163, 145, 213, 231, 191,
       199, 30, 199, 88, 151, 28, 142, 53, 8, 253, 57, 19, 149, 130, 188,
       48, 234, 37, 6, 159, 128, 149, 92, 181, 248, 121, 172, 10, 132,
       93, 47, 206, 98, 128, 166, 188, 143, 34, 168, 86, 2, 200, 230, 75,
       175, 28, 43, 208, 174, 123, 13, 141, 57, 73, 111, 90, 154, 123,
       18, 254, 212, 63, 86, 89, 123, 19, 237, 246, 175, 11, 31, 182,
       247, 238, 149, 191, 161, 140, 203, 177, 221, 219, 255, 219, 159,
       55, 172, 108, 127, 67, 90, 135, 157, 170, 98, 165, 39, 252, 95,
       94, 247, 236, 230, 166, 111, 103, 102, 42, 143, 165, 209, 167,
       192, 4, 54, 254, 130, 132, 116, 165, 117, 87, 9, 238, 5, 134, 114,
       110, 0, 101, 230, 230, 131, 67, 46, 151, 127, 114, 196, 60, 238,
       157, 208, 181, 168, 210, 235, 197, 1, 47, 245, 120, 84, 150, 90,
       158, 90, 41, 157, 18, 216, 151, 28, 181, 229, 110, 195, 167, 77,
       197, 120, 140, 86, 174, 69, 10, 177, 130, 211, 49, 251, 26, 191,
       12, 87, 14, 32, 227, 193, 199, 114, 168, 67, 63, 251, 91, 242, 8,
       158, 253, 172, 123, 141, 179, 145, 151, 210, 133, 192, 31, 92,
       155, 231, 135, 70, 37, 134, 75, 59, 133, 165, 47, 94, 29, 55, 139,
       236, 30, 239, 238, 37, 211, 134, 6, 100, 253, 29, 145, 89, 241,
       200, 140, 118, 205, 150, 174, 254, 25, 125, 2, 148, 27, 169, 50,
       163, 186, 99, 188, 1, 91, 147, 221, 238, 40, 64, 255, 59, 19, 144,
