%YAML:1.0
---
descriptors: !!opencv-matrix
   rows: 121
   cols: 32
   dt: u
   data: [ 24, 157, 127, 238, 118, 198, 255, 242, 196, 72, 222, 162, 113,
       255, 176, 96, 126, 255, 23, 235, 225, 187, 60, 255, 115, 175, 175,
       128, 61, 170, 117, 249, 10, 57, 250, 248, 253, 244, 251, 87, 175,
       205, 124, 5, 188, 254, 119, 32, 206, 123, 151, 145, 151, 43, 178,
       224, 91, 93, 158, 235, 217, 69, 239, 251, 129, 193, 115, 95, 116,
       137, 239, 252, 95, 25, 115, 112, 249, 216, 188, 229, 27, 74, 54,
       74, 227, 180, 47, 255, 36, 218, 50, 0, 94, 155, 65, 173, 129, 129,
       119, 205, 252, 26, 236, 253, 127, 81, 243, 242, 217, 154, 180,
       225, 126, 143, 126, 237, 245, 250, 111, 221, 46, 58, 230, 196,
       125, 136, 249, 172, 60, 21, 114, 110, 91, 243, 82, 112, 21, 0,
       237, 34, 121, 223, 33, 208, 254, 185, 147, 160, 24, 163, 26, 157,
       115, 237, 128, 75, 115, 175, 44, 178, 167, 221, 126, 158, 252,
       145, 158, 252, 207, 74, 157, 110, 124, 248, 191, 228, 223, 99, 30,
       111, 231, 39, 30, 255, 50, 125, 175, 184, 28, 255, 217, 149, 11,
       185, 4, 155, 189, 151, 184, 237, 94, 217, 92, 231, 236, 232, 62,
       164, 223, 43, 178, 213, 151, 248, 79, 253, 44, 19, 143, 199, 157,
       14, 185, 159, 226, 234, 207, 148, 74, 131, 174, 230, 190, 182,
       210, 199, 97, 142, 181, 83, 127, 253, 111, 199, 204, 215, 199,
       235, 116, 34, 255, 129, 37, 185, 39, 152, 219, 122, 254, 116, 35,
       116, 127, 150, 185, 206, 118, 229, 60, 191, 215, 255, 166, 245,
       253, 206, 165, 213, 162, 234, 211, 251, 254, 131, 167, 245, 111,
       127, 137, 128, 245, 91, 116, 27, 168, 109, 126, 49, 115, 242, 217,
       216, 188, 237, 127, 27, 62, 61, 183, 252, 103, 215, 12, 30, 250,
       68, 221, 136, 201, 164, 186, 135, 110, 252, 178, 82, 28, 111, 29,
       15, 223, 179, 105, 174, 174, 81, 255, 191, 143, 161, 124, 159, 4,
       223, 242, 247, 250, 129, 55, 196, 172, 76, 65, 163, 215, 221, 220,
       155, 230, 111, 254, 161, 250, 74, 227, 232, 148, 160, 249, 238,
       110, 224, 157, 250, 79, 253, 60, 142, 215, 101, 229, 171, 249,
       140, 17, 159, 107, 169, 182, 131, 171, 55, 28, 65, 90, 230, 181,
       4, 176, 96, 118, 43, 30, 157, 145, 152, 101, 78, 236, 38, 190,
       192, 188, 136, 177, 249, 135, 205, 111, 154, 236, 193, 175, 236,
       142, 80, 21, 163, 253, 206, 190, 97, 230, 99, 31, 239, 115, 1, 46,
       253, 244, 24, 238, 249, 28, 159, 177, 245, 110, 36, 243, 195, 221,
       239, 107, 82, 19, 165, 109, 26, 24, 183, 69, 84, 121, 190, 19, 24,
       16, 178, 240, 194, 85, 60, 129, 42, 163, 203, 70, 242, 91, 151,
       35, 207, 50, 146, 47, 55, 116, 65, 78, 230, 253, 39, 184, 228,
       118, 3, 61, 137, 243, 152, 37, 255, 228, 46, 186, 192, 62, 134,
       161, 125, 47, 241, 154, 250, 237, 117, 94, 216, 139, 249, 189, 78,
       92, 250, 109, 186, 221, 219, 150, 242, 31, 67, 154, 240, 27, 221,
       175, 255, 155, 123, 171, 151, 220, 201, 126, 244, 174, 195, 55,
       231, 140, 212, 150, 163, 31, 191, 98, 67, 227, 245, 191, 67, 112,
       77, 34, 164, 251, 227, 111, 223, 53, 56, 173, 107, 27, 148, 38,
       139, 245, 55, 254, 239, 93, 99, 219, 23, 204, 56, 62, 197, 255,
       139, 155, 165, 244, 191, 93, 223, 190, 95, 154, 71, 159, 12, 249,
       214, 139, 15, 206, 159, 240, 184, 233, 23, 62, 87, 86, 149, 173,
       162, 146, 221, 111, 43, 187, 156, 50, 220, 71, 231, 204, 123, 250,
       193, 142, 196, 169, 216, 220, 73, 244, 247, 175, 106, 95, 176,
       209, 254, 183, 27, 95, 63, 83, 107, 226, 245, 125, 234, 40, 117,
       121, 168, 223, 251, 229, 149, 167, 255, 84, 67, 170, 126, 206,
       159, 74, 43, 173, 222, 190, 166, 254, 199, 237, 231, 51, 203, 111,
       237, 239, 207, 160, 213, 215, 235, 116, 35, 255, 128, 45, 249, 47,
       216, 247, 205, 198, 190, 189, 39, 222, 239, 223, 82, 216, 215,
       124, 234, 63, 197, 223, 227, 183, 167, 253, 71, 14, 255, 186, 126,
       207, 222, 156, 254, 185, 29, 114, 143, 205, 173, 254, 66, 145, 63,
       14, 165, 152, 226, 101, 49, 192, 66, 107, 222, 63, 17, 80, 26,
       109, 158, 188, 164, 175, 247, 181, 200, 212, 169, 223, 57, 255,
       241, 246, 126, 249, 88, 251, 248, 183, 187, 223, 125, 215, 59,
       191, 213, 223, 243, 173, 101, 174, 200, 222, 219, 111, 167, 239,
       253, 71, 243, 137, 130, 245, 155, 207, 123, 232, 25, 126, 115, 87,
       214, 217, 200, 158, 232, 123, 140, 234, 185, 183, 244, 127, 215,
       78, 59, 115, 69, 255, 142, 249, 196, 138, 150, 50, 190, 119, 176,
       184, 102, 157, 13, 221, 179, 172, 174, 62, 192, 239, 59, 151, 145,
       182, 158, 2, 255, 31, 247, 154, 203, 151, 13, 189, 207, 15, 159,
       34, 138, 221, 149, 190, 229, 93, 72, 217, 135, 236, 72, 62, 132,
       254, 139, 219, 247, 246, 171, 93, 255, 188, 22, 142, 219, 31, 14,
       185, 223, 131, 222, 126, 189, 108, 151, 252, 245, 221, 122, 210,
       247, 188, 154, 182, 97, 238, 177, 63, 239, 245, 61, 71, 255, 182,
       122, 254, 194, 29, 148, 169, 29, 42, 185, 187, 250, 255, 245, 187,
       215, 155, 77, 252, 35, 60, 191, 119, 32, 238, 59, 151, 213, 147,
       43, 178, 243, 123, 29, 190, 235, 222, 68, 167, 251, 210, 71, 207,
       189, 202, 107, 109, 238, 63, 183, 219, 147, 239, 231, 0, 75, 123,
       231, 111, 172, 72, 215, 207, 193, 180, 162, 223, 133, 36, 216,
       173, 104, 66, 151, 172, 191, 170, 32, 188, 175, 174, 31, 155, 183,
       204, 110, 78, 74, 231, 87, 125, 133, 22, 73, 203, 209, 205, 179,
       250, 215, 148, 64, 165, 83, 81, 159, 79, 141, 178, 134, 109, 55,
       172, 72, 94, 230, 181, 39, 178, 101, 102, 166, 60, 236, 241, 152,
       37, 77, 228, 41, 170, 128, 44, 128, 161, 121, 217, 217, 111, 253,
       54, 214, 127, 183, 165, 76, 86, 166, 189, 31, 178, 101, 102, 119,
       189, 238, 225, 153, 37, 237, 226, 235, 238, 128, 46, 148, 165,
       121, 131, 217, 55, 190, 127, 197, 190, 244, 140, 72, 80, 103, 60,
       222, 36, 225, 236, 123, 147, 195, 199, 11, 50, 253, 49, 48, 142,
       138, 25, 13, 165, 255, 142, 207, 111, 186, 236, 209, 239, 236,
       158, 90, 29, 178, 253, 222, 186, 97, 123, 99, 159, 235, 243, 3,
       46, 247, 248, 81, 175, 237, 21, 251, 181, 241, 137, 47, 78, 177,
       214, 155, 236, 99, 126, 164, 210, 214, 169, 168, 150, 193, 107,
       239, 110, 221, 244, 252, 71, 255, 188, 43, 255, 65, 109, 137, 249,
       140, 39, 101, 66, 78, 85, 147, 230, 232, 93, 192, 252, 78, 104,
       216, 191, 164, 120, 232, 146, 111, 205, 179, 44, 255, 50, 125,
       133, 42, 95, 191, 122, 132, 230, 254, 241, 215, 252, 52, 79, 191,
       91, 191, 61, 90, 123, 121, 221, 254, 159, 222, 53, 186, 250, 118,
       251, 235, 107, 255, 213, 252, 135, 251, 214, 232, 42, 53, 229,
       218, 253, 244, 217, 222, 155, 93, 252, 165, 40, 223, 223, 190,
       207, 155, 213, 145, 159, 75, 242, 243, 27, 89, 158, 155, 159, 213,
       118, 255, 24, 221, 127, 239, 22, 82, 255, 249, 20, 72, 222, 162,
       121, 255, 163, 97, 126, 253, 191, 234, 233, 179, 45, 173, 242,
       235, 235, 129, 39, 187, 116, 243, 155, 206, 110, 255, 54, 150,
       127, 191, 29, 14, 86, 199, 105, 239, 182, 65, 118, 191, 181, 207,
       230, 156, 39, 255, 102, 255, 254, 128, 55, 148, 244, 253, 121,
       227, 202, 239, 92, 79, 111, 252, 71, 165, 239, 6, 115, 225, 18,
       80, 88, 206, 110, 236, 11, 186, 121, 61, 255, 237, 165, 4, 251,
       251, 240, 168, 45, 253, 248, 138, 252, 53, 255, 220, 203, 223, 61,
       47, 92, 235, 255, 130, 223, 74, 23, 126, 215, 99, 234, 243, 126,
       221, 167, 188, 222, 255, 235, 209, 185, 83, 106, 238, 118, 18,
       239, 117, 85, 72, 247, 230, 113, 141, 183, 96, 126, 236, 23, 234,
       201, 183, 36, 238, 114, 237, 162, 128, 47, 186, 240, 249, 139, 12,
       183, 85, 109, 254, 161, 103, 253, 187, 114, 18, 184, 184, 244,
       239, 233, 55, 254, 136, 97, 253, 179, 194, 13, 58, 218, 130, 202,
       100, 97, 173, 136, 158, 127, 223, 118, 226, 49, 119, 188, 31, 119,
       243, 188, 183, 32, 195, 103, 59, 167, 128, 48, 220, 3, 239, 71,
