%YAML:1.0
---
descriptors: !!opencv-matrix
   rows: 83
   cols: 32
   dt: u
   data: [ 10, 220, 50, 153, 117, 247, 186, 198, 31, 5, 92, 3, 172, 222,
       39, 196, 217, 59, 147, 145, 38, 188, 80, 255, 47, 87, 154, 195,
       150, 13, 61, 222, 27, 140, 2, 184, 151, 183, 154, 103, 159, 65,
       218, 135, 175, 172, 50, 192, 239, 171, 159, 149, 31, 137, 17, 255,
       186, 247, 154, 195, 191, 76, 185, 94, 48, 53, 106, 109, 20, 183,
       90, 121, 87, 224, 254, 139, 115, 29, 54, 48, 252, 172, 21, 228,
       188, 187, 85, 29, 243, 237, 161, 85, 117, 138, 120, 90, 89, 19,
       71, 165, 54, 74, 107, 48, 36, 76, 218, 230, 215, 6, 146, 97, 102,
       132, 44, 238, 217, 153, 101, 12, 224, 227, 170, 196, 44, 138, 33,
       121, 94, 27, 174, 166, 2, 80, 60, 48, 169, 246, 135, 175, 239,
       238, 67, 219, 166, 245, 253, 199, 204, 65, 167, 192, 210, 99, 239,
       139, 36, 102, 45, 95, 11, 141, 106, 137, 52, 247, 235, 119, 84,
       73, 222, 2, 249, 254, 182, 100, 124, 170, 23, 189, 159, 154, 37,
       223, 105, 45, 170, 192, 149, 142, 244, 252, 91, 141, 7, 190, 153,
       212, 94, 167, 169, 64, 202, 1, 239, 254, 34, 211, 224, 231, 253,
       231, 125, 11, 146, 255, 187, 247, 206, 27, 8, 118, 171, 94, 112,
       159, 127, 100, 54, 106, 247, 55, 225, 140, 254, 32, 115, 117, 132,
       114, 50, 246, 108, 106, 248, 187, 33, 47, 115, 239, 37, 1, 101,
       242, 230, 107, 222, 123, 254, 180, 234, 64, 61, 144, 187, 246, 6,
       173, 92, 183, 67, 91, 166, 245, 253, 211, 64, 81, 161, 64, 215,
       163, 255, 167, 164, 241, 39, 91, 244, 105, 239, 101, 228, 75, 199,
       253, 65, 238, 190, 42, 83, 125, 209, 35, 88, 244, 124, 106, 200,
       243, 233, 40, 245, 201, 229, 52, 101, 251, 86, 104, 2, 218, 150,
       141, 13, 246, 184, 46, 143, 140, 218, 3, 236, 126, 39, 194, 228,
       117, 187, 129, 6, 129, 3, 221, 7, 54, 218, 131, 20, 46, 61, 95,
       190, 16, 252, 234, 175, 117, 217, 92, 87, 95, 149, 55, 88, 125,
       126, 43, 255, 147, 151, 161, 190, 103, 123, 194, 83, 91, 250, 191,
       183, 206, 252, 247, 90, 148, 231, 208, 167, 244, 153, 215, 139,
       95, 148, 183, 24, 159, 118, 111, 239, 147, 191, 149, 187, 79, 178,
       240, 91, 91, 222, 202, 151, 68, 181, 119, 163, 63, 226, 212, 246,
       144, 188, 87, 185, 200, 80, 231, 40, 172, 245, 36, 110, 239, 151,
       213, 244, 255, 132, 234, 58, 56, 174, 138, 141, 180, 114, 221,
       111, 82, 115, 204, 98, 55, 127, 113, 29, 102, 119, 230, 88, 23,
       183, 252, 126, 188, 183, 46, 193, 182, 53, 222, 22, 62, 34, 134,
       63, 175, 40, 245, 91, 10, 134, 190, 9, 52, 125, 18, 165, 158, 207,
       130, 105, 163, 179, 238, 101, 229, 189, 142, 140, 69, 166, 192,
       146, 251, 218, 139, 162, 244, 45, 76, 175, 115, 208, 136, 239, 19,
       158, 216, 75, 248, 52, 239, 140, 200, 247, 142, 222, 89, 135, 119,
       135, 54, 206, 210, 14, 85, 45, 191, 223, 255, 89, 149, 29, 31, 67,
       232, 182, 162, 107, 210, 53, 73, 222, 230, 89, 131, 177, 100, 126,
       172, 30, 248, 153, 145, 37, 222, 248, 239, 170, 196, 191, 203,
       224, 49, 236, 181, 181, 67, 249, 109, 65, 137, 123, 185, 45, 24,
       210, 49, 72, 63, 145, 22, 64, 56, 59, 100, 249, 18, 207, 223, 21,
       126, 194, 66, 198, 226, 112, 205, 124, 238, 141, 72, 87, 238, 129,
       20, 172, 10, 51, 113, 35, 67, 72, 242, 40, 74, 72, 43, 122, 173,
       243, 161, 68, 57, 115, 123, 212, 42, 59, 201, 99, 92, 144, 214,
       79, 181, 180, 192, 198, 0, 113, 247, 177, 240, 88, 238, 57, 206,
       201, 139, 124, 45, 43, 109, 143, 144, 55, 182, 240, 120, 49, 207,
       75, 252, 22, 131, 203, 242, 196, 64, 218, 230, 51, 192, 177, 96,
       126, 234, 30, 238, 201, 171, 38, 189, 176, 173, 163, 136, 61, 171,
       112, 41, 92, 88, 187, 180, 195, 100, 125, 16, 179, 199, 198, 19,
       29, 247, 99, 90, 102, 253, 57, 146, 32, 215, 178, 224, 211, 231,
       223, 9, 160, 241, 37, 82, 6, 133, 0, 136, 221, 241, 178, 203, 15,
       5, 88, 11, 172, 200, 111, 196, 217, 43, 131, 49, 22, 50, 90, 215,
       53, 20, 139, 111, 148, 94, 157, 134, 91, 141, 7, 188, 153, 212,
       86, 167, 161, 64, 200, 9, 239, 254, 32, 211, 192, 247, 253, 193,
       124, 75, 146, 189, 185, 241, 206, 27, 2, 116, 190, 78, 252, 123,
       254, 101, 228, 75, 247, 245, 80, 166, 118, 42, 115, 49, 145, 51,
       58, 244, 108, 106, 232, 241, 177, 40, 247, 203, 101, 17, 103, 250,
       214, 41, 26, 27, 99, 237, 39, 242, 232, 83, 36, 200, 222, 227, 57,
       159, 179, 228, 110, 169, 159, 141, 137, 153, 37, 236, 86, 109,
       170, 128, 39, 132, 124, 249, 38, 74, 234, 154, 109, 241, 151, 70,
       143, 198, 253, 171, 104, 204, 55, 76, 200, 233, 139, 23, 70, 167,
       46, 250, 86, 23, 154, 27, 215, 127, 116, 254, 171, 126, 242, 128,
       102, 27, 188, 86, 91, 238, 92, 239, 12, 140, 247, 135, 142, 109,
       151, 85, 229, 254, 228, 200, 54, 89, 45, 171, 111, 252, 27, 221,
       157, 151, 45, 129, 189, 223, 145, 59, 206, 125, 159, 231, 159, 28,
       146, 165, 77, 16, 222, 125, 191, 168, 125, 156, 239, 193, 171,
       245, 222, 140, 221, 119, 43, 5, 99, 223, 199, 119, 236, 99, 93,
       66, 127, 134, 105, 238, 183, 237, 126, 171, 178, 174, 181, 178,
       63, 222, 23, 126, 202, 138, 183, 255, 105, 252, 154, 144, 231,
       123, 95, 221, 114, 88, 247, 93, 215, 55, 139, 157, 230, 111, 108,
       152, 255, 82, 191, 120, 127, 177, 207, 211, 210, 235, 243, 143,
       212, 215, 40, 211, 116, 73, 247, 31, 237, 253, 71, 53, 189, 6, 75,
       11, 220, 180, 127, 156, 134, 184, 218, 58, 125, 213, 127, 223, 21,
       100, 127, 138, 230, 177, 146, 94, 118, 157, 15, 3, 188, 238, 156,
       54, 210, 183, 236, 14, 39, 73, 239, 51, 175, 135, 100, 165, 7,
       251, 148, 34, 90, 147, 29, 92, 13, 223, 191, 127, 167, 123, 239,
       253, 118, 212, 231, 90, 221, 247, 74, 221, 239, 111, 237, 218,
       255, 214, 222, 118, 251, 178, 247, 217, 228, 235, 115, 223, 244,
       247, 7, 95, 142, 137, 146, 163, 188, 198, 140, 192, 218, 231, 236,
       238, 35, 200, 254, 107, 155, 181, 7, 153, 3, 204, 40, 39, 174,
       131, 156, 117, 41, 219, 125, 81, 123, 231, 118, 66, 243, 120, 69,
       236, 255, 166, 113, 93, 189, 96, 126, 220, 23, 234, 201, 178, 61,
       189, 87, 201, 163, 128, 111, 171, 116, 241, 143, 149, 49, 223,
       244, 54, 239, 185, 93, 72, 83, 86, 221, 124, 188, 229, 246, 95,
       22, 239, 177, 248, 61, 238, 45, 120, 175, 132, 30, 237, 241, 245,
       190, 27, 245, 225, 175, 119, 223, 89, 15, 254, 149, 190, 91, 61,
       215, 175, 255, 213, 191, 191, 185, 119, 249, 192, 219, 219, 239,
       246, 183, 239, 244, 117, 14, 220, 178, 218, 223, 245, 190, 231,
       159, 223, 156, 51, 172, 254, 110, 172, 255, 115, 151, 145, 118,
       107, 58, 243, 63, 86, 223, 203, 150, 92, 189, 223, 56, 237, 106,
       168, 112, 214, 126, 117, 53, 12, 116, 163, 53, 159, 34, 80, 126,
       185, 151, 240, 108, 158, 0, 15, 119, 229, 170, 193, 33, 130, 174,
       219, 7, 251, 97, 195, 54, 133, 235, 248, 14, 120, 16, 230, 253,
       79, 220, 32, 63, 153, 23, 255, 195, 56, 45, 253, 108, 12, 175,
       228, 61, 130, 17, 249, 124, 120, 254, 101, 6, 31, 118, 220, 97,
       166, 182, 15, 91, 9, 65, 18, 58, 244, 237, 122, 72, 247, 209, 40,
       243, 207, 101, 53, 107, 251, 78, 26, 45, 27, 59, 168, 244, 151,
       123, 80, 223, 76, 221, 102, 252, 206, 182, 224, 222, 40, 150, 92,
       151, 187, 50, 253, 170, 253, 170, 200, 158, 143, 125, 245, 38,
       184, 152, 154, 85, 213, 178, 200, 31, 21, 80, 11, 44, 220, 111,
       136, 217, 185, 147, 17, 6, 50, 88, 241, 31, 22, 159, 111, 144, 12,
       28, 214, 10, 251, 51, 193, 116, 211, 179, 86, 143, 76, 124, 103,
       172, 156, 182, 132, 238, 57, 135, 81, 199, 184, 48, 253, 46, 85,
       170, 227, 95, 12, 125, 223, 43, 249, 98, 137, 87, 212, 186, 103,
       75, 69, 92, 135, 40, 156, 182, 164, 254, 43, 147, 213, 214, 186,
       182, 253, 46, 92, 158, 235, 87, 6, 251, 222, 82, 129, 70, 232,
       151, 131, 110, 105, 5, 0, 195, 2, 65, 43, 60, 192, 120, 131, 42,
