%YAML:1.0
---
descriptors: !!opencv-matrix
   rows: 275
   cols: 32
   dt: u
   data: [ 135, 134, 239, 129, 230, 50, 173, 223, 28, 123, 94, 246, 92,
       38, 254, 111, 111, 215, 55, 189, 177, 254, 37, 194, 60, 46, 254,
       196, 141, 216, 177, 245, 71, 190, 229, 147, 174, 164, 188, 191,
       59, 127, 18, 247, 172, 110, 212, 15, 167, 83, 127, 149, 183, 92,
       171, 243, 44, 94, 223, 230, 141, 80, 129, 221, 46, 39, 96, 194,
       109, 121, 235, 200, 201, 246, 221, 143, 139, 204, 223, 166, 106,
       200, 215, 127, 142, 50, 238, 200, 86, 89, 137, 189, 103, 255, 94,
       214, 239, 39, 224, 70, 252, 123, 207, 88, 89, 230, 189, 143, 75,
       108, 159, 190, 123, 196, 215, 239, 188, 35, 108, 202, 86, 95, 169,
       189, 199, 239, 94, 244, 159, 183, 236, 99, 179, 83, 125, 189, 23,
       127, 95, 183, 73, 125, 222, 245, 119, 159, 181, 181, 254, 208,
       109, 214, 106, 95, 237, 199, 191, 198, 220, 87, 92, 31, 86, 165,
       177, 203, 118, 115, 189, 172, 250, 39, 79, 191, 35, 209, 238, 245,
       239, 96, 124, 185, 16, 206, 242, 243, 3, 3, 106, 37, 109, 19, 120,
       224, 124, 229, 36, 94, 119, 188, 113, 174, 246, 10, 219, 57, 25,
       114, 120, 212, 253, 106, 200, 242, 225, 140, 247, 239, 231, 149,
       103, 186, 222, 35, 130, 159, 55, 222, 63, 212, 190, 119, 157, 76,
       218, 103, 236, 254, 38, 68, 238, 59, 191, 129, 247, 137, 58, 255,
       183, 116, 170, 139, 30, 14, 45, 223, 108, 116, 145, 240, 237, 237,
       117, 218, 171, 185, 188, 24, 158, 223, 77, 155, 143, 219, 223, 82,
       27, 99, 218, 240, 255, 217, 7, 127, 202, 217, 139, 51, 8, 157,
       107, 219, 85, 247, 99, 127, 87, 69, 92, 199, 177, 215, 162, 100,
       120, 42, 2, 140, 163, 154, 116, 255, 103, 236, 178, 8, 59, 206,
       244, 254, 136, 184, 178, 190, 69, 227, 182, 234, 30, 2, 80, 18,
       236, 255, 40, 64, 249, 121, 147, 195, 66, 190, 26, 243, 221, 119,
       159, 11, 23, 106, 53, 154, 142, 176, 133, 177, 169, 107, 11, 136,
       22, 187, 129, 249, 221, 7, 73, 201, 213, 93, 189, 243, 59, 68,
       217, 178, 205, 210, 219, 244, 144, 97, 5, 48, 201, 48, 189, 113,
       161, 44, 113, 19, 107, 251, 55, 92, 159, 27, 64, 58, 133, 29, 124,
       28, 147, 244, 243, 0, 199, 219, 112, 116, 202, 192, 194, 115, 49,
       148, 241, 69, 52, 78, 103, 59, 117, 234, 254, 88, 243, 53, 148,
       52, 121, 254, 116, 40, 185, 184, 117, 14, 47, 239, 37, 4, 111,
       170, 86, 120, 6, 73, 18, 156, 71, 213, 178, 64, 158, 128, 83, 3,
       172, 218, 33, 196, 250, 57, 162, 67, 4, 179, 26, 221, 21, 52, 11,
       11, 22, 46, 57, 134, 51, 130, 99, 219, 86, 131, 171, 82, 92, 1,
       126, 130, 33, 131, 180, 100, 122, 170, 18, 136, 147, 190, 36, 255,
       20, 46, 186, 192, 183, 137, 112, 172, 226, 208, 48, 251, 205, 77,
       212, 189, 95, 59, 177, 25, 202, 125, 92, 17, 217, 146, 243, 35,
       250, 102, 91, 151, 47, 218, 213, 127, 82, 12, 214, 18, 134, 12,
       22, 156, 109, 195, 190, 224, 156, 130, 210, 2, 172, 250, 49, 77,
       248, 105, 51, 227, 96, 247, 2, 238, 21, 50, 203, 139, 23, 61, 49,
       134, 87, 241, 109, 161, 34, 78, 47, 184, 40, 248, 27, 231, 221, 6,
       218, 114, 54, 221, 93, 255, 197, 16, 189, 76, 188, 41, 47, 196,
       44, 178, 3, 245, 7, 114, 233, 203, 110, 33, 249, 216, 27, 115, 85,
       255, 29, 206, 220, 40, 63, 137, 151, 159, 131, 118, 174, 210, 86,
       93, 251, 172, 245, 141, 51, 241, 23, 160, 203, 243, 70, 161, 235,
       219, 54, 131, 91, 242, 89, 203, 248, 72, 123, 203, 55, 157, 2,
       244, 13, 194, 28, 143, 191, 196, 165, 203, 113, 161, 8, 251, 248,
       91, 234, 217, 49, 159, 238, 29, 84, 177, 189, 247, 226, 122, 39,
       58, 255, 24, 150, 9, 230, 51, 78, 77, 54, 235, 182, 196, 141, 235,
       215, 92, 102, 212, 231, 118, 254, 112, 189, 246, 86, 183, 73, 206,
       247, 239, 39, 245, 255, 167, 228, 213, 181, 202, 30, 122, 207,
       135, 39, 245, 53, 87, 33, 48, 73, 233, 108, 13, 232, 83, 76, 113,
       242, 214, 153, 11, 208, 104, 108, 140, 126, 156, 155, 254, 85,
       192, 212, 217, 186, 240, 61, 136, 113, 176, 2, 12, 18, 159, 117,
       243, 186, 66, 30, 5, 94, 3, 236, 222, 39, 196, 218, 59, 147, 208,
       34, 158, 10, 255, 37, 54, 154, 131, 148, 79, 61, 142, 201, 182,
       127, 117, 112, 44, 121, 55, 121, 91, 118, 116, 255, 59, 136, 57,
       183, 27, 84, 12, 179, 252, 161, 199, 198, 251, 114, 194, 74, 128,
       131, 249, 223, 148, 122, 239, 50, 46, 121, 25, 61, 89, 87, 246,
       223, 23, 138, 121, 183, 157, 125, 48, 179, 212, 169, 215, 214,
       255, 58, 198, 174, 128, 35, 97, 181, 15, 78, 190, 22, 163, 202,
       114, 149, 64, 223, 230, 113, 235, 177, 64, 126, 170, 30, 252, 187,
       187, 12, 191, 242, 239, 162, 128, 61, 235, 112, 145, 127, 94, 228,
       68, 61, 91, 71, 158, 227, 252, 182, 108, 74, 1, 215, 183, 78, 196,
       236, 126, 205, 103, 229, 184, 58, 249, 229, 183, 110, 181, 94,
       125, 80, 11, 146, 44, 138, 168, 20, 7, 162, 134, 170, 33, 39, 163,
       1, 82, 162, 183, 237, 0, 72, 9, 131, 0, 241, 231, 52, 27, 224, 96,
       167, 11, 105, 101, 81, 69, 209, 91, 70, 45, 101, 160, 170, 8, 91,
       18, 133, 180, 24, 196, 66, 122, 73, 178, 113, 14, 38, 220, 5, 22,
       106, 178, 202, 172, 231, 32, 224, 214, 239, 125, 190, 200, 27,
       243, 17, 159, 72, 236, 94, 171, 191, 217, 247, 247, 182, 118, 254,
       226, 23, 24, 219, 175, 215, 255, 211, 215, 111, 255, 228, 66, 239,
       85, 223, 152, 139, 124, 180, 175, 74, 124, 223, 191, 207, 212,
       247, 247, 141, 98, 238, 224, 62, 89, 197, 255, 239, 191, 94, 119,
       215, 6, 111, 208, 102, 34, 249, 113, 57, 234, 87, 243, 89, 79,
       181, 105, 127, 181, 55, 191, 161, 213, 44, 202, 94, 111, 251, 196,
       165, 229, 115, 241, 180, 46, 106, 220, 102, 162, 239, 112, 84,
       130, 215, 246, 81, 227, 177, 105, 126, 236, 38, 234, 169, 247, 36,
       234, 208, 175, 235, 136, 53, 169, 112, 161, 74, 134, 149, 234,
       185, 100, 9, 29, 23, 27, 201, 208, 205, 103, 8, 220, 85, 147, 255,
       176, 59, 2, 75, 215, 205, 246, 218, 252, 146, 194, 164, 48, 109,
       253, 185, 97, 245, 79, 103, 152, 107, 232, 62, 72, 214, 113, 193,
       52, 177, 92, 84, 122, 209, 176, 249, 58, 237, 157, 37, 118, 202,
       123, 195, 179, 170, 181, 162, 154, 207, 119, 180, 207, 153, 95,
       216, 191, 8, 188, 118, 141, 237, 223, 147, 209, 190, 251, 178,
       226, 63, 50, 222, 239, 215, 92, 254, 223, 177, 205, 75, 236, 52,
       131, 203, 244, 132, 72, 208, 198, 49, 129, 176, 97, 126, 168, 22,
       236, 235, 171, 36, 189, 176, 169, 170, 128, 61, 154, 112, 185, 73,
       189, 185, 245, 188, 253, 88, 23, 107, 249, 190, 92, 191, 63, 64,
       50, 135, 175, 92, 12, 159, 104, 225, 11, 255, 253, 54, 184, 200,
       192, 195, 91, 124, 241, 122, 96, 53, 95, 87, 252, 97, 236, 190, 9,
       95, 93, 3, 16, 190, 212, 213, 106, 200, 179, 121, 12, 251, 221,
       37, 49, 98, 186, 78, 83, 118, 121, 237, 199, 231, 82, 255, 140,
       43, 253, 183, 163, 72, 126, 95, 58, 191, 215, 253, 247, 156, 241,
       173, 224, 127, 91, 205, 135, 167, 247, 246, 87, 9, 53, 179, 69,
       245, 79, 113, 51, 120, 232, 122, 72, 158, 57, 85, 48, 178, 44, 82,
       56, 193, 248, 177, 14, 79, 156, 37, 98, 202, 40, 67, 187, 131, 93,
       5, 87, 181, 188, 236, 55, 76, 64, 74, 68, 176, 24, 21, 225, 192,
       42, 18, 77, 199, 184, 113, 173, 37, 120, 154, 0, 8, 28, 216, 188,
       96, 157, 187, 86, 224, 201, 39, 115, 254, 43, 107, 120, 118, 247,
       164, 244, 179, 126, 162, 2, 81, 185, 184, 115, 53, 182, 17, 35,
       80, 98, 197, 163, 86, 120, 190, 134, 47, 77, 184, 104, 175, 189,
       183, 163, 206, 223, 66, 82, 238, 181, 255, 193, 8, 67, 155, 208,
       223, 241, 203, 251, 33, 38, 39, 115, 34, 180, 98, 200, 213, 226,
       250, 71, 29, 129, 89, 18, 8, 218, 60, 72, 251, 169, 19, 177, 146,
       186, 20, 194, 31, 62, 158, 206, 133, 74, 241, 130, 11, 15, 38,
       159, 247, 146, 190, 103, 157, 64, 94, 163, 236, 206, 182, 229,
       254, 59, 187, 197, 246, 153, 38, 255, 38, 127, 154, 139, 22, 142,
