%YAML:1.0
---
descriptors: !!opencv-matrix
   rows: 74
   cols: 32
   dt: u
   data: [ 104, 105, 152, 226, 77, 205, 80, 196, 131, 145, 173, 9, 46,
       219, 99, 18, 200, 187, 195, 81, 78, 43, 218, 177, 219, 209, 5, 59,
       193, 26, 78, 138, 62, 113, 114, 224, 79, 221, 208, 192, 75, 52,
       184, 11, 10, 221, 127, 152, 250, 153, 147, 83, 78, 51, 146, 208,
       87, 89, 1, 127, 119, 159, 94, 210, 81, 2, 63, 237, 36, 198, 105,
       87, 108, 72, 118, 96, 60, 19, 177, 112, 228, 37, 62, 140, 193,
       153, 33, 204, 215, 235, 114, 128, 8, 176, 97, 41, 112, 205, 124,
       206, 157, 72, 87, 174, 129, 6, 172, 10, 51, 49, 35, 67, 72, 210,
       1, 106, 72, 43, 106, 189, 115, 233, 68, 57, 115, 251, 212, 42, 92,
       88, 191, 180, 162, 102, 61, 16, 185, 198, 70, 183, 93, 183, 67,
       90, 38, 245, 189, 195, 97, 213, 179, 64, 209, 227, 255, 129, 172,
       241, 37, 83, 27, 141, 7, 184, 151, 231, 152, 103, 141, 69, 218,
       131, 173, 174, 50, 196, 235, 171, 159, 149, 31, 137, 16, 255, 185,
       118, 158, 210, 181, 76, 177, 78, 91, 141, 7, 188, 153, 244, 94,
       231, 165, 65, 202, 9, 111, 254, 34, 208, 225, 231, 253, 197, 124,
       11, 146, 191, 187, 247, 206, 27, 50, 68, 174, 74, 66, 162, 174,
       191, 56, 199, 25, 169, 182, 253, 70, 33, 229, 247, 106, 66, 149,
       127, 249, 145, 6, 73, 139, 61, 203, 227, 125, 255, 48, 32, 13, 90,
       78, 185, 180, 19, 249, 253, 51, 130, 187, 253, 46, 45, 142, 244,
       71, 158, 133, 127, 249, 82, 22, 88, 170, 112, 15, 23, 93, 239,
       194, 5, 15, 223, 111, 188, 213, 86, 253, 223, 198, 184, 91, 251,
       49, 88, 106, 245, 205, 191, 25, 254, 240, 26, 243, 122, 250, 255,
       47, 30, 85, 126, 203, 252, 194, 61, 86, 162, 236, 185, 106, 139,
       105, 89, 54, 53, 215, 247, 201, 135, 218, 73, 111, 141, 239, 148,
       154, 90, 207, 209, 220, 195, 251, 229, 181, 132, 37, 241, 114, 75,
       130, 190, 77, 132, 94, 228, 137, 12, 224, 167, 46, 235, 35, 82,
       236, 225, 173, 199, 76, 3, 138, 233, 177, 244, 142, 155, 48, 63,
       44, 75, 43, 155, 235, 73, 244, 151, 255, 223, 31, 201, 126, 231,
       24, 253, 182, 100, 255, 187, 151, 157, 211, 184, 97, 254, 126, 95,
       191, 198, 223, 204, 240, 253, 19, 159, 101, 227, 150, 162, 235,
       151, 86, 121, 91, 246, 49, 43, 152, 96, 111, 138, 31, 153, 155,
       184, 45, 245, 252, 204, 190, 192, 173, 202, 240, 57, 139, 94, 239,
       215, 38, 86, 189, 52, 20, 206, 86, 230, 249, 125, 179, 231, 86,
       119, 181, 207, 229, 212, 101, 170, 102, 107, 254, 128, 47, 254,
       61, 125, 51, 157, 107, 254, 244, 134, 239, 119, 84, 136, 219, 98,
       81, 251, 180, 96, 124, 187, 23, 169, 249, 187, 38, 207, 248, 175,
       174, 192, 61, 234, 240, 161, 175, 126, 240, 144, 110, 153, 156,
       215, 155, 238, 20, 239, 12, 136, 247, 143, 111, 125, 151, 87, 229,
       102, 230, 202, 54, 89, 175, 191, 127, 252, 89, 213, 71, 157, 248,
       65, 180, 62, 167, 159, 90, 169, 94, 66, 208, 241, 221, 110, 85,
       78, 58, 24, 147, 248, 255, 226, 109, 62, 135, 100, 207, 251, 209,
       37, 109, 83, 105, 231, 116, 78, 111, 184, 81, 232, 123, 110, 211,
       93, 153, 224, 94, 204, 20, 111, 201, 48, 237, 174, 231, 173, 165,
       132, 44, 187, 80, 241, 65, 90, 254, 252, 40, 68, 125, 20, 236, 94,
       22, 161, 255, 191, 179, 123, 166, 117, 125, 78, 196, 69, 167, 65,
       195, 251, 114, 129, 36, 176, 101, 91, 74, 123, 178, 19, 249, 253,
       48, 150, 171, 253, 44, 45, 172, 214, 71, 158, 135, 123, 249, 80,
       134, 89, 178, 112, 47, 20, 29, 235, 194, 21, 15, 223, 74, 145,
       182, 159, 169, 84, 60, 175, 158, 95, 7, 53, 204, 254, 110, 231,
       135, 87, 187, 1, 212, 73, 187, 241, 111, 115, 95, 199, 18, 100,
       173, 95, 168, 248, 185, 241, 229, 239, 245, 159, 94, 255, 52, 26,
       150, 157, 98, 104, 217, 26, 51, 24, 18, 124, 123, 179, 79, 159,
       85, 117, 208, 88, 212, 234, 60, 201, 114, 231, 85, 27, 242, 224,
       69, 32, 251, 3, 75, 25, 125, 128, 120, 204, 167, 227, 76, 179, 89,
       172, 123, 233, 129, 7, 103, 191, 124, 130, 131, 126, 236, 153,
       238, 179, 188, 215, 159, 254, 92, 231, 12, 142, 247, 15, 111, 249,
       151, 149, 228, 124, 38, 216, 62, 24, 239, 171, 191, 252, 29, 221,
       171, 86, 238, 253, 37, 118, 221, 190, 213, 206, 86, 231, 233, 253,
       191, 229, 222, 119, 189, 239, 237, 196, 119, 175, 227, 255, 252,
       131, 46, 253, 92, 127, 144, 24, 140, 191, 140, 163, 16, 11, 134,
       183, 130, 23, 247, 106, 35, 74, 225, 39, 109, 145, 62, 205, 83,
       61, 200, 227, 251, 17, 156, 72, 57, 26, 7, 184, 191, 159, 139,
       228, 185, 202, 190, 215, 71, 18, 252, 254, 99, 106, 227, 127, 187,
       145, 23, 213, 187, 241, 77, 35, 223, 15, 148, 97, 37, 242, 17, 34,
       231, 93, 108, 27, 232, 89, 118, 241, 210, 238, 211, 136, 213, 235,
       126, 172, 126, 157, 141, 246, 231, 192, 22, 107, 243, 128, 237,
       168, 120, 157, 2, 34, 76, 161, 108, 137, 233, 83, 175, 61, 150,
       239, 141, 139, 210, 74, 110, 9, 127, 157, 130, 62, 199, 208, 198,
       89, 186, 236, 28, 140, 9, 209, 90, 249, 57, 250, 57, 205, 83, 200,
       171, 156, 164, 9, 190, 223, 97, 80, 128, 249, 255, 66, 74, 3, 186,
       249, 219, 213, 11, 59, 18, 3, 7, 123, 252, 121, 250, 100, 134, 15,
       119, 245, 113, 166, 246, 14, 115, 201, 3, 18, 58, 252, 236, 106,
       104, 243, 145, 40, 243, 203, 101, 17, 107, 250, 222, 58, 120, 141,
       7, 188, 153, 244, 86, 231, 161, 4, 234, 9, 47, 190, 32, 209, 232,
       231, 253, 129, 124, 11, 146, 45, 179, 243, 206, 27, 50, 100, 174,
       74, 114, 33, 66, 228, 93, 74, 72, 73, 97, 160, 249, 10, 11, 9, 20,
       22, 248, 133, 93, 232, 76, 163, 193, 200, 147, 248, 128, 31, 103,
       138, 122, 130, 59, 201, 73, 111, 144, 212, 79, 191, 70, 64, 206,
       0, 49, 118, 176, 240, 88, 234, 25, 200, 223, 136, 119, 61, 233,
       237, 142, 136, 59, 146, 240, 44, 7, 163, 161, 131, 181, 30, 175,
       141, 91, 237, 89, 66, 232, 232, 223, 228, 209, 78, 58, 29, 151,
       240, 239, 194, 44, 60, 143, 238, 142, 126, 177, 228, 2, 12, 42,
       219, 213, 231, 187, 71, 94, 3, 76, 2, 180, 92, 53, 96, 217, 58,
       19, 145, 2, 188, 113, 255, 109, 30, 158, 1, 148, 90, 245, 170, 63,
       83, 105, 229, 118, 94, 91, 80, 65, 236, 255, 230, 91, 29, 159, 48,
       126, 157, 149, 239, 201, 178, 117, 204, 242, 233, 160, 132, 111,
       170, 116, 113, 74, 249, 178, 30, 121, 220, 53, 207, 171, 93, 172,
       45, 172, 214, 71, 182, 134, 123, 251, 64, 70, 75, 178, 113, 55,
       52, 30, 187, 2, 20, 175, 223, 124, 97, 122, 236, 93, 214, 82, 240,
       197, 140, 253, 2, 91, 217, 45, 96, 248, 252, 143, 106, 72, 163,
       168, 140, 115, 233, 163, 29, 99, 187, 124, 34, 88, 27, 147, 247,
       48, 142, 53, 55, 56, 169, 82, 100, 191, 55, 0, 80, 164, 127, 45,
       0, 81, 216, 145, 224, 237, 247, 126, 130, 136, 0, 133, 59, 107,
       87, 233, 253, 39, 86, 93, 62, 89, 206, 86, 231, 249, 253, 191,
       236, 214, 255, 181, 173, 205, 148, 103, 139, 102, 255, 252, 131,
       63, 252, 92, 127, 90, 249, 187, 170, 155, 197, 19, 236, 175, 93,
       140, 9, 174, 223, 98, 82, 164, 211, 253, 209, 74, 11, 186, 241,
       251, 213, 15, 123, 18, 6, 167, 123, 120, 105, 218, 100, 7, 95, 86,
       247, 33, 162, 246, 11, 59, 153, 97, 146, 40, 244, 237, 106, 72,
       251, 145, 40, 243, 205, 37, 17, 99, 184, 74, 10, 65, 50, 115, 205,
       108, 24, 232, 18, 236, 89, 115, 246, 153, 138, 212, 238, 110, 13,
       126, 141, 133, 188, 231, 192, 6, 249, 178, 160, 76, 136, 105, 181,
       88, 141, 22, 188, 153, 208, 84, 103, 177, 12, 200, 9, 175, 178, 0,
       211, 192, 183, 237, 1, 124, 75, 194, 189, 177, 241, 94, 27, 18,
       68, 166, 14, 120, 195, 249, 76, 190, 75, 87, 189, 195, 45, 188,
       42, 115, 117, 172, 84, 90, 214, 140, 96, 90, 43, 105, 61, 251,
       237, 37, 119, 115, 154, 196, 43, 53, 255, 97, 69, 116, 11, 239,
       248, 65, 232, 252, 238, 83, 65, 157, 52, 94, 204, 22, 238, 201,
       178, 109, 190, 38, 140, 165, 132, 127, 187, 82, 181, 18, 253, 122,
