%YAML:1.0
---
descriptors: !!opencv-matrix
   rows: 194
   cols: 32
   dt: u
   data: [ 27, 188, 16, 216, 155, 181, 16, 239, 159, 51, 172, 24, 172,
       210, 110, 245, 199, 27, 218, 144, 54, 79, 90, 247, 187, 215, 31,
       127, 154, 68, 169, 143, 114, 75, 2, 190, 109, 128, 30, 228, 136,
       4, 192, 131, 172, 230, 35, 210, 200, 227, 235, 199, 78, 11, 202,
       237, 176, 48, 202, 187, 16, 63, 61, 202, 117, 113, 57, 232, 29,
       132, 75, 120, 199, 72, 253, 76, 243, 211, 41, 112, 220, 153, 94,
       238, 203, 35, 250, 157, 209, 253, 2, 60, 24, 43, 98, 112, 1, 142,
       132, 181, 48, 170, 40, 23, 60, 33, 66, 213, 173, 35, 146, 200, 99,
       47, 106, 140, 34, 220, 197, 71, 196, 182, 250, 128, 8, 132, 9,
       136, 13, 1, 147, 184, 253, 210, 233, 71, 220, 129, 78, 18, 157,
       243, 114, 236, 114, 45, 58, 29, 18, 153, 166, 194, 204, 253, 158,
       73, 150, 12, 185, 224, 234, 28, 114, 248, 77, 245, 184, 67, 201,
       94, 124, 27, 172, 190, 119, 142, 235, 179, 243, 129, 148, 63, 178,
       194, 23, 121, 218, 107, 215, 76, 127, 222, 57, 249, 105, 96, 116,
       143, 223, 253, 64, 104, 252, 76, 51, 93, 144, 48, 28, 184, 23,
       110, 203, 186, 112, 31, 119, 205, 165, 176, 127, 154, 82, 249, 59,
       17, 193, 205, 215, 115, 137, 95, 22, 109, 220, 166, 24, 60, 182,
       224, 126, 159, 151, 157, 153, 186, 101, 218, 84, 45, 186, 168,
       255, 76, 248, 249, 41, 150, 99, 73, 116, 159, 235, 121, 93, 73,
       120, 230, 177, 12, 180, 164, 94, 40, 22, 45, 163, 184, 100, 223,
       44, 28, 160, 196, 95, 142, 80, 253, 78, 123, 130, 160, 187, 187,
       186, 194, 143, 173, 154, 239, 140, 174, 99, 142, 207, 117, 235,
       213, 4, 225, 131, 224, 186, 84, 143, 247, 134, 125, 13, 95, 2,
       189, 182, 218, 249, 209, 188, 239, 159, 23, 197, 179, 172, 254,
       110, 68, 227, 123, 251, 144, 54, 75, 122, 247, 63, 118, 223, 251,
       146, 68, 165, 255, 152, 214, 52, 185, 31, 159, 21, 239, 31, 23,
       84, 147, 175, 12, 46, 197, 239, 27, 134, 96, 118, 45, 35, 191,
       163, 211, 22, 115, 114, 12, 133, 207, 47, 54, 225, 3, 244, 255,
       186, 218, 79, 237, 57, 231, 137, 220, 223, 164, 159, 11, 150, 21,
       151, 176, 252, 254, 14, 92, 175, 230, 207, 207, 91, 213, 11, 217,
       115, 250, 243, 241, 190, 214, 47, 73, 120, 228, 188, 158, 164,
       244, 167, 59, 150, 210, 151, 152, 58, 241, 46, 212, 62, 234, 218,
       83, 171, 159, 46, 189, 96, 67, 247, 255, 250, 218, 94, 237, 125,
       167, 153, 125, 254, 160, 63, 27, 151, 189, 182, 184, 108, 254,
       111, 77, 167, 229, 247, 207, 223, 211, 91, 141, 7, 188, 153, 244,
       94, 167, 175, 65, 138, 25, 239, 254, 34, 208, 225, 231, 253, 133,
       63, 11, 146, 255, 185, 247, 158, 91, 128, 68, 169, 78, 214, 255,
       142, 190, 217, 7, 63, 232, 190, 190, 235, 173, 228, 230, 107, 83,
       253, 255, 235, 214, 106, 67, 251, 127, 189, 167, 239, 255, 144,
       123, 39, 243, 1, 8, 247, 89, 100, 174, 233, 19, 126, 9, 115, 80,
       179, 0, 148, 252, 98, 44, 38, 28, 147, 188, 101, 81, 4, 184, 50,
       64, 204, 128, 65, 173, 165, 183, 229, 87, 214, 59, 230, 253, 86,
       226, 91, 214, 241, 104, 157, 229, 121, 238, 106, 239, 253, 240,
       125, 175, 44, 46, 199, 4, 237, 251, 240, 180, 22, 175, 134, 159,
       219, 146, 174, 239, 190, 191, 218, 247, 236, 226, 111, 207, 125,
       239, 235, 151, 118, 207, 207, 255, 60, 54, 223, 223, 157, 118,
       185, 223, 135, 207, 134, 159, 222, 51, 166, 254, 86, 250, 219,
       247, 96, 232, 191, 237, 125, 110, 58, 175, 245, 240, 207, 255, 60,
       38, 239, 134, 191, 127, 248, 141, 48, 95, 83, 202, 84, 229, 199,
       230, 149, 14, 248, 111, 34, 201, 37, 145, 252, 250, 134, 226, 105,
       187, 0, 255, 49, 132, 164, 42, 113, 90, 246, 219, 201, 18, 187,
       229, 116, 46, 105, 19, 120, 201, 118, 116, 191, 23, 145, 126, 70,
       52, 20, 28, 161, 188, 161, 74, 198, 253, 50, 128, 10, 128, 99,
       185, 75, 135, 64, 189, 182, 171, 109, 55, 29, 67, 94, 231, 237,
       43, 178, 68, 119, 163, 63, 141, 208, 152, 69, 255, 228, 110, 250,
       192, 63, 204, 177, 25, 77, 50, 199, 93, 110, 59, 232, 88, 119,
       241, 210, 230, 243, 172, 213, 238, 126, 236, 126, 157, 141, 242,
       231, 192, 22, 110, 243, 128, 237, 185, 120, 157, 198, 58, 134,
       152, 233, 180, 184, 195, 171, 223, 208, 189, 140, 238, 119, 222,
       239, 111, 251, 149, 22, 79, 146, 192, 30, 112, 223, 235, 142, 117,
       171, 215, 130, 120, 250, 156, 71, 196, 180, 71, 158, 70, 112, 55,
       60, 156, 39, 8, 238, 57, 51, 129, 198, 190, 178, 225, 39, 41, 90,
       11, 93, 20, 167, 219, 134, 124, 191, 254, 111, 228, 187, 208, 152,
       218, 209, 51, 252, 254, 109, 43, 239, 121, 183, 195, 177, 71, 186,
       224, 83, 114, 250, 138, 133, 119, 37, 243, 51, 134, 206, 157, 94,
       19, 168, 91, 22, 247, 210, 247, 97, 172, 182, 73, 127, 175, 175,
       149, 188, 218, 71, 157, 30, 38, 251, 193, 189, 140, 120, 220, 217,
       184, 191, 116, 171, 76, 21, 23, 235, 215, 166, 24, 222, 179, 66,
       122, 167, 119, 108, 8, 81, 77, 179, 64, 219, 251, 84, 26, 194, 96,
       131, 107, 166, 210, 42, 190, 111, 197, 186, 216, 158, 95, 81, 255,
       124, 223, 47, 9, 255, 123, 151, 195, 226, 39, 10, 243, 87, 17,
       235, 171, 21, 31, 53, 219, 50, 114, 123, 225, 102, 8, 248, 69,
       105, 168, 178, 111, 143, 9, 84, 18, 174, 157, 95, 209, 200, 178,
       193, 192, 150, 216, 26, 146, 109, 136, 115, 139, 47, 126, 232, 65,
       118, 255, 251, 210, 75, 237, 124, 230, 25, 188, 215, 36, 63, 249,
       23, 157, 147, 240, 253, 232, 111, 29, 167, 228, 231, 239, 87, 245,
       248, 127, 250, 100, 164, 11, 119, 117, 64, 166, 246, 42, 115, 233,
       129, 19, 26, 252, 236, 106, 104, 243, 209, 40, 243, 233, 101, 17,
       99, 248, 222, 43, 35, 40, 42, 24, 93, 253, 144, 72, 223, 204, 248,
       15, 34, 200, 63, 40, 216, 40, 2, 21, 142, 54, 126, 159, 23, 28, 1,
       59, 93, 13, 122, 222, 41, 89, 179, 223, 229, 244, 181, 7, 120, 71,
       108, 0, 184, 247, 37, 252, 216, 122, 178, 140, 3, 154, 242, 233,
       103, 63, 214, 10, 146, 92, 228, 254, 120, 189, 123, 96, 114, 237,
       81, 87, 99, 73, 108, 12, 63, 159, 98, 112, 182, 187, 149, 24, 155,
       154, 176, 31, 251, 205, 32, 105, 235, 128, 102, 123, 65, 153, 151,
       189, 177, 172, 40, 55, 236, 73, 74, 68, 188, 178, 32, 244, 166,
       39, 126, 12, 149, 152, 19, 101, 141, 62, 58, 66, 136, 0, 137, 13,
       189, 23, 121, 236, 116, 39, 75, 120, 85, 72, 253, 76, 83, 91, 185,
       49, 92, 168, 20, 238, 169, 163, 112, 142, 211, 201, 160, 156, 123,
       171, 114, 177, 103, 189, 188, 190, 221, 237, 150, 238, 223, 241,
       136, 9, 254, 248, 90, 18, 201, 235, 251, 87, 47, 107, 218, 243,
       253, 22, 95, 123, 216, 95, 155, 158, 212, 245, 142, 191, 152, 143,
       63, 248, 182, 182, 207, 5, 247, 231, 107, 81, 221, 127, 121, 254,
       104, 199, 219, 63, 249, 167, 239, 60, 136, 115, 33, 82, 147, 147,
       111, 175, 246, 82, 111, 125, 125, 77, 223, 230, 121, 118, 190,
       116, 126, 143, 55, 239, 217, 152, 37, 239, 176, 46, 234, 192, 53,
       162, 245, 245, 37, 165, 135, 95, 221, 63, 166, 252, 86, 243, 219,
       86, 224, 232, 156, 231, 121, 238, 106, 175, 181, 242, 223, 255,
       60, 62, 199, 36, 207, 127, 240, 148, 130, 189, 183, 218, 249, 225,
       190, 239, 159, 23, 217, 59, 236, 254, 108, 64, 235, 123, 251, 147,
       118, 79, 202, 247, 61, 54, 159, 107, 144, 87, 165, 142, 36, 233,
       122, 104, 253, 221, 86, 253, 199, 140, 252, 10, 50, 217, 102, 48,
       216, 248, 134, 114, 94, 43, 58, 253, 123, 221, 5, 123, 83, 187,
       254, 130, 189, 254, 175, 223, 222, 255, 167, 254, 118, 251, 254,
       246, 241, 228, 157, 231, 121, 238, 234, 171, 177, 255, 255, 255,
       125, 39, 247, 52, 235, 249, 252, 248, 2, 34, 103, 137, 74, 193,
       185, 67, 175, 21, 210, 243, 141, 142, 226, 206, 110, 157, 239,
       145, 2, 158, 199, 209, 20, 32, 186, 203, 53, 132, 37, 213, 201,
       58, 187, 117, 116, 174, 105, 19, 121, 201, 118, 84, 159, 23, 144,
