%YAML:1.0
---
descriptors: !!opencv-matrix
   rows: 177
   cols: 32
   dt: u
   data: [ 119, 77, 39, 254, 156, 198, 79, 182, 160, 192, 206, 2, 113,
       119, 177, 112, 72, 246, 57, 239, 233, 139, 120, 175, 241, 174,
       143, 152, 37, 243, 240, 120, 200, 153, 148, 186, 193, 77, 20, 167,
       187, 59, 36, 57, 142, 51, 72, 159, 129, 83, 232, 80, 114, 79, 154,
       113, 255, 211, 86, 123, 146, 80, 143, 11, 26, 156, 3, 185, 151,
       167, 218, 71, 31, 65, 218, 151, 175, 142, 50, 192, 255, 187, 159,
       149, 63, 153, 16, 255, 186, 247, 154, 195, 190, 76, 185, 222, 51,
       96, 228, 225, 101, 90, 248, 9, 105, 224, 182, 11, 139, 29, 213,
       62, 174, 157, 125, 221, 140, 242, 241, 200, 151, 217, 129, 131,
       103, 132, 82, 198, 2, 146, 56, 153, 95, 213, 176, 114, 159, 93,
       84, 119, 172, 254, 110, 196, 239, 59, 191, 129, 182, 26, 98, 247,
       15, 87, 154, 235, 18, 12, 45, 223, 91, 141, 6, 190, 153, 244, 94,
       167, 169, 65, 202, 9, 239, 254, 34, 208, 225, 231, 253, 165, 125,
       11, 154, 255, 185, 247, 206, 91, 8, 70, 169, 94, 3, 92, 139, 159,
       101, 100, 188, 198, 222, 75, 88, 87, 172, 254, 63, 72, 253, 107,
       179, 133, 135, 150, 18, 227, 7, 54, 218, 139, 156, 124, 57, 223,
       7, 13, 170, 223, 213, 182, 169, 3, 91, 205, 95, 7, 232, 232, 247,
       108, 220, 111, 51, 157, 148, 184, 244, 202, 13, 62, 158, 194, 133,
       110, 249, 196, 124, 111, 255, 100, 164, 75, 199, 245, 65, 174,
       190, 42, 115, 113, 145, 35, 24, 252, 108, 106, 72, 243, 233, 40,
       243, 201, 101, 52, 101, 250, 214, 43, 14, 162, 110, 177, 106, 139,
       185, 217, 46, 61, 215, 247, 201, 135, 218, 75, 111, 141, 239, 156,
       210, 219, 239, 209, 220, 65, 251, 228, 181, 140, 165, 241, 90,
       185, 182, 176, 169, 252, 20, 135, 171, 253, 142, 25, 142, 190, 66,
       90, 161, 87, 253, 17, 22, 73, 178, 224, 217, 247, 94, 127, 130,
       68, 165, 91, 41, 86, 115, 69, 116, 26, 239, 51, 101, 232, 122,
       230, 243, 5, 149, 228, 126, 172, 54, 108, 201, 176, 101, 12, 38,
       236, 32, 128, 111, 186, 80, 185, 15, 179, 122, 201, 252, 179, 249,
       91, 207, 89, 189, 162, 157, 255, 254, 108, 255, 153, 127, 189,
       146, 35, 231, 208, 206, 221, 171, 254, 150, 204, 225, 241, 3, 181,
       45, 201, 252, 183, 171, 123, 79, 109, 93, 102, 184, 92, 190, 36,
       92, 138, 23, 189, 183, 184, 125, 221, 44, 28, 171, 230, 221, 138,
       241, 245, 66, 232, 180, 154, 155, 209, 186, 230, 175, 85, 140,
       171, 172, 254, 102, 198, 167, 115, 251, 209, 86, 75, 138, 241,
       155, 84, 223, 251, 150, 4, 175, 95, 62, 159, 66, 190, 246, 131,
       239, 117, 21, 138, 221, 230, 113, 235, 176, 64, 126, 170, 23, 139,
       249, 187, 14, 255, 120, 46, 175, 128, 61, 234, 240, 177, 187, 118,
       66, 164, 231, 118, 252, 71, 49, 238, 242, 183, 15, 46, 55, 157,
       254, 143, 151, 167, 253, 247, 21, 202, 178, 249, 222, 131, 175,
       92, 254, 223, 179, 203, 111, 222, 124, 149, 206, 244, 133, 12,
       212, 230, 97, 204, 189, 97, 92, 226, 23, 239, 238, 171, 46, 189,
       50, 233, 174, 152, 117, 154, 248, 252, 41, 229, 113, 73, 244, 223,
       227, 125, 85, 232, 124, 74, 123, 81, 157, 164, 120, 138, 6, 184,
       219, 186, 117, 158, 63, 12, 165, 68, 255, 186, 114, 172, 198, 255,
       188, 159, 248, 241, 182, 175, 158, 191, 9, 49, 236, 254, 111, 107,
       213, 123, 234, 83, 246, 77, 171, 255, 45, 19, 95, 239, 144, 121,
       173, 143, 46, 184, 250, 240, 239, 237, 185, 211, 171, 255, 52, 27,
       157, 223, 90, 8, 175, 27, 247, 145, 150, 126, 242, 208, 95, 221,
       255, 237, 197, 9, 143, 211, 18, 79, 127, 254, 114, 130, 63, 119,
       181, 132, 222, 227, 41, 239, 160, 97, 110, 251, 191, 195, 232,
       139, 39, 239, 242, 231, 254, 137, 37, 160, 37, 169, 147, 77, 71,
       190, 50, 130, 78, 110, 20, 66, 218, 199, 113, 227, 177, 65, 122,
       226, 63, 239, 105, 139, 71, 127, 176, 46, 170, 136, 61, 241, 112,
       24, 52, 121, 210, 246, 95, 207, 150, 64, 233, 128, 186, 10, 46,
       217, 101, 144, 168, 248, 194, 82, 72, 227, 146, 232, 187, 156, 5,
       27, 65, 59, 102, 139, 131, 147, 99, 159, 246, 132, 175, 253, 29,
       76, 90, 231, 253, 110, 190, 229, 118, 43, 55, 229, 245, 154, 39,
       255, 180, 58, 170, 194, 28, 142, 177, 253, 76, 171, 188, 191, 184,
       209, 56, 168, 190, 157, 4, 161, 237, 247, 74, 66, 135, 127, 249,
       209, 6, 72, 138, 113, 207, 227, 111, 239, 144, 39, 13, 203, 228,
       173, 241, 86, 253, 79, 199, 250, 83, 226, 188, 24, 114, 245, 77,
       53, 25, 246, 80, 106, 121, 99, 248, 63, 123, 158, 69, 124, 211,
       250, 86, 162, 40, 187, 24, 91, 249, 141, 183, 247, 142, 13, 124,
       40, 174, 241, 34, 4, 76, 122, 131, 88, 18, 42, 90, 61, 111, 149,
       20, 123, 82, 26, 204, 171, 11, 28, 151, 189, 53, 100, 184, 142,
       30, 73, 218, 39, 188, 254, 49, 232, 213, 91, 187, 145, 135, 136,
       83, 235, 129, 55, 154, 130, 156, 92, 57, 223, 226, 236, 150, 220,
       73, 194, 20, 201, 139, 178, 160, 8, 108, 243, 97, 159, 201, 245,
       232, 2, 98, 71, 154, 217, 179, 242, 77, 63, 18, 112, 39, 138, 246,
       40, 214, 215, 203, 99, 144, 78, 147, 178, 227, 26, 72, 59, 69, 63,
       233, 245, 235, 210, 56, 247, 203, 232, 31, 178, 213, 19, 195, 113,
       102, 162, 114, 33, 215, 228, 76, 10, 224, 73, 105, 160, 242, 74,
       10, 25, 85, 26, 234, 141, 111, 241, 8, 179, 193, 192, 145, 184,
       130, 23, 101, 40, 114, 130, 138, 240, 177, 154, 125, 213, 184, 68,
       159, 93, 116, 57, 172, 158, 118, 172, 205, 41, 247, 213, 135, 110,
       226, 241, 31, 88, 154, 235, 146, 5, 47, 223, 130, 188, 149, 217,
       237, 229, 180, 231, 159, 27, 64, 49, 172, 191, 100, 79, 193, 59,
       147, 17, 50, 92, 82, 215, 13, 18, 94, 107, 146, 76, 149, 174, 145,
       220, 123, 249, 52, 206, 107, 54, 125, 73, 114, 82, 255, 127, 144,
       112, 118, 187, 30, 141, 227, 188, 117, 255, 229, 239, 178, 192,
       124, 128, 225, 185, 203, 114, 120, 224, 46, 60, 216, 87, 233, 89,
       181, 253, 159, 30, 214, 58, 174, 145, 221, 149, 135, 39, 132, 192,
       210, 217, 58, 186, 79, 132, 11, 29, 90, 141, 7, 188, 153, 212, 94,
       231, 161, 64, 200, 9, 111, 254, 34, 211, 224, 231, 253, 225, 124,
       11, 146, 191, 179, 247, 206, 27, 32, 100, 171, 74, 75, 34, 253,
       228, 110, 24, 248, 16, 233, 209, 176, 230, 157, 138, 212, 250,
       238, 133, 126, 141, 135, 39, 198, 192, 150, 249, 186, 184, 77,
       140, 43, 157, 147, 79, 79, 191, 20, 2, 111, 118, 52, 74, 218, 199,
       241, 98, 179, 209, 124, 238, 63, 238, 233, 159, 69, 111, 176, 46,
       238, 128, 61, 242, 120, 89, 147, 79, 70, 255, 112, 130, 110, 118,
       148, 2, 210, 199, 105, 239, 177, 65, 110, 239, 63, 207, 232, 154,
       7, 239, 246, 226, 238, 128, 45, 177, 177, 153, 63, 121, 99, 204,
       244, 83, 239, 252, 69, 224, 220, 198, 89, 172, 182, 164, 126, 236,
       23, 239, 201, 186, 124, 220, 60, 12, 175, 164, 63, 190, 240, 244,
       114, 203, 2, 190, 109, 192, 94, 228, 141, 68, 192, 139, 46, 199,
       35, 208, 200, 235, 171, 199, 78, 11, 130, 253, 176, 48, 202, 59,
       16, 61, 61, 202, 74, 217, 180, 159, 171, 212, 52, 175, 158, 95,
       70, 49, 172, 254, 106, 230, 197, 87, 185, 129, 86, 88, 187, 241,
       175, 115, 94, 203, 18, 20, 173, 95, 57, 121, 242, 102, 229, 95,
       246, 244, 97, 172, 254, 10, 75, 249, 119, 180, 188, 252, 215, 106,
       204, 179, 176, 168, 115, 253, 5, 51, 99, 191, 234, 207, 50, 1,
       122, 206, 92, 198, 223, 97, 205, 4, 245, 2, 112, 221, 62, 16, 248,
       184, 19, 234, 84, 163, 58, 253, 115, 56, 128, 9, 117, 139, 254,
       202, 62, 129, 112, 170, 93, 213, 82, 232, 15, 5, 249, 11, 106,
       223, 46, 212, 216, 217, 135, 227, 26, 35, 90, 253, 179, 221, 129,
       123, 55, 15, 126, 70, 90, 188, 48, 184, 155, 255, 84, 175, 23, 39,
       142, 57, 175, 191, 96, 208, 227, 147, 223, 17, 58, 11, 81, 183,
       251, 215, 31, 119, 178, 76, 141, 90, 74, 50, 108, 161, 110, 137,
       249, 80, 175, 61, 148, 239, 141, 139, 214, 10, 46, 129, 127, 157,
