%YAML:1.0
---
descriptors: !!opencv-matrix
   rows: 102
   cols: 32
   dt: u
   data: [ 43, 231, 255, 231, 238, 11, 239, 253, 255, 202, 247, 206, 255,
       237, 189, 99, 127, 239, 127, 239, 225, 247, 239, 202, 246, 251,
       239, 132, 37, 250, 227, 169, 26, 124, 250, 252, 118, 226, 255,
       118, 189, 206, 254, 231, 125, 255, 55, 64, 255, 255, 31, 129, 132,
       191, 160, 239, 247, 127, 175, 137, 39, 244, 37, 219, 252, 70, 221,
       103, 42, 106, 79, 184, 48, 166, 231, 168, 83, 103, 137, 123, 122,
       212, 109, 234, 104, 214, 233, 10, 243, 235, 97, 144, 97, 243, 102,
       97, 172, 107, 72, 37, 160, 31, 118, 152, 48, 168, 118, 205, 199,
       1, 19, 144, 176, 196, 228, 110, 76, 176, 201, 10, 230, 213, 37,
       149, 74, 183, 74, 209, 127, 99, 200, 165, 248, 26, 94, 156, 35,
       164, 134, 173, 195, 72, 219, 18, 22, 197, 253, 247, 204, 210, 205,
       8, 238, 229, 173, 181, 44, 191, 26, 66, 159, 158, 227, 183, 178,
       124, 191, 176, 184, 206, 91, 247, 253, 126, 255, 227, 183, 87,
       149, 167, 245, 208, 172, 234, 168, 103, 111, 134, 141, 119, 165,
       85, 3, 91, 110, 159, 106, 128, 237, 180, 188, 94, 86, 231, 177,
       198, 183, 75, 102, 107, 63, 207, 226, 216, 102, 233, 100, 42, 254,
       128, 45, 213, 49, 249, 173, 109, 115, 71, 244, 79, 231, 184, 121,
       234, 118, 72, 219, 113, 149, 53, 28, 108, 86, 110, 225, 244, 249,
       174, 103, 217, 101, 32, 66, 251, 86, 225, 88, 180, 158, 242, 171,
       196, 16, 71, 187, 191, 167, 49, 30, 159, 74, 91, 167, 191, 237,
       144, 126, 223, 154, 96, 219, 227, 62, 115, 168, 2, 175, 27, 180,
       50, 247, 199, 143, 114, 97, 72, 87, 182, 247, 162, 67, 230, 237,
       238, 120, 220, 166, 144, 9, 247, 167, 192, 155, 192, 199, 7, 227,
       251, 116, 244, 208, 223, 62, 245, 44, 90, 52, 53, 180, 166, 150,
       240, 247, 124, 2, 99, 166, 245, 237, 97, 124, 237, 165, 12, 227,
       227, 254, 145, 36, 168, 157, 27, 252, 120, 188, 181, 168, 106, 84,
       154, 50, 186, 154, 57, 215, 63, 67, 122, 129, 213, 253, 179, 12,
       69, 201, 34, 202, 247, 255, 181, 160, 113, 14, 11, 39, 182, 134,
       154, 245, 182, 218, 121, 27, 107, 87, 93, 196, 253, 190, 221, 221,
       110, 183, 61, 179, 214, 216, 215, 10, 127, 219, 214, 142, 143,
       250, 209, 212, 95, 60, 245, 138, 31, 30, 53, 148, 186, 146, 246,
       255, 126, 3, 67, 166, 247, 237, 227, 236, 201, 69, 46, 243, 227,
       111, 145, 41, 120, 13, 27, 223, 221, 206, 190, 154, 54, 30, 255,
       182, 218, 158, 215, 125, 238, 251, 99, 119, 227, 189, 239, 253,
       69, 63, 255, 250, 239, 239, 204, 189, 243, 169, 89, 143, 142, 172,
       179, 164, 54, 60, 191, 30, 127, 76, 215, 205, 110, 26, 75, 213,
       79, 179, 191, 182, 92, 91, 178, 239, 87, 223, 197, 152, 252, 153,
       220, 251, 149, 255, 239, 230, 30, 239, 253, 127, 202, 247, 238,
       223, 237, 188, 99, 126, 207, 127, 239, 249, 227, 175, 219, 246,
       127, 239, 140, 111, 250, 227, 241, 26, 63, 126, 252, 246, 171,
       253, 119, 189, 168, 254, 230, 125, 255, 181, 97, 254, 255, 31,
       189, 161, 251, 32, 206, 126, 255, 175, 128, 173, 232, 97, 249,
       254, 144, 100, 218, 207, 241, 153, 73, 143, 117, 181, 187, 104,
       222, 110, 207, 207, 179, 255, 145, 62, 103, 122, 245, 27, 91, 219,
       251, 151, 13, 220, 94, 96, 103, 72, 37, 48, 11, 127, 61, 49, 172,
       254, 173, 211, 1, 147, 16, 24, 204, 197, 110, 204, 240, 193, 14,
       230, 217, 37, 149, 66, 186, 90, 218, 124, 111, 232, 165, 152, 26,
       95, 184, 51, 228, 158, 175, 67, 109, 83, 18, 30, 205, 253, 231,
       204, 82, 237, 11, 254, 229, 173, 181, 37, 242, 30, 67, 62, 221,
       238, 60, 157, 119, 222, 232, 146, 254, 188, 143, 67, 236, 63, 3,
       221, 197, 213, 231, 172, 99, 62, 159, 123, 79, 239, 189, 213, 127,
       126, 215, 169, 110, 113, 87, 116, 95, 231, 188, 113, 234, 118,
       120, 243, 113, 149, 183, 25, 254, 70, 106, 233, 246, 233, 174,
       103, 219, 101, 160, 67, 249, 86, 237, 220, 62, 188, 177, 169, 124,
       84, 19, 171, 191, 138, 29, 143, 191, 65, 27, 133, 247, 237, 17,
       60, 93, 195, 130, 219, 211, 125, 247, 162, 100, 143, 19, 221, 133,
       174, 190, 188, 22, 94, 251, 214, 234, 159, 215, 113, 255, 59, 99,
       127, 231, 61, 239, 253, 67, 191, 191, 251, 239, 239, 221, 189,
       242, 184, 83, 143, 205, 172, 183, 157, 62, 79, 191, 30, 127, 6,
       21, 205, 111, 90, 203, 197, 71, 177, 159, 182, 216, 123, 179, 239,
       95, 223, 84, 146, 125, 153, 82, 221, 20, 245, 119, 143, 126, 69,
       188, 116, 254, 183, 90, 211, 112, 136, 111, 105, 214, 108, 42,
       185, 229, 249, 44, 173, 235, 117, 16, 227, 121, 212, 99, 220, 77,
       124, 118, 160, 106, 87, 184, 118, 78, 239, 9, 215, 103, 11, 91,
       179, 198, 109, 106, 44, 97, 251, 62, 227, 243, 101, 21, 160, 243,
       78, 83, 225, 223, 213, 205, 188, 2, 71, 189, 87, 160, 150, 230,
       243, 33, 129, 99, 87, 228, 44, 104, 233, 58, 205, 158, 236, 174,
       167, 180, 60, 186, 208, 41, 57, 48, 247, 77, 124, 95, 225, 90,
       119, 233, 247, 66, 83, 21, 148, 253, 120, 188, 110, 40, 137, 248,
       117, 28, 31, 235, 115, 68, 99, 168, 102, 169, 174, 253, 183, 218,
       237, 213, 191, 232, 139, 158, 189, 11, 44, 255, 101, 6, 239, 249,
       211, 195, 66, 99, 186, 249, 127, 24, 143, 59, 87, 127, 103, 247,
       10, 248, 183, 91, 233, 237, 177, 206, 191, 21, 100, 25, 172, 215,
       68, 29, 163, 123, 235, 80, 18, 79, 250, 241, 79, 146, 95, 107,
       210, 17, 135, 234, 3, 31, 127, 253, 118, 130, 249, 115, 61, 204,
       126, 230, 189, 191, 180, 97, 126, 191, 55, 137, 177, 155, 33, 204,
       94, 255, 186, 128, 13, 128, 97, 249, 254, 240, 244, 218, 15, 245,
       217, 216, 143, 127, 181, 31, 74, 221, 127, 191, 207, 209, 255,
       211, 190, 103, 122, 241, 91, 89, 217, 255, 247, 29, 92, 119, 104,
       39, 104, 37, 48, 11, 127, 49, 33, 172, 127, 173, 243, 37, 146, 16,
       26, 228, 69, 46, 232, 240, 225, 14, 230, 255, 33, 145, 98, 170,
       86, 99, 124, 127, 232, 165, 156, 75, 95, 185, 35, 228, 140, 175,
       83, 109, 83, 18, 30, 212, 237, 231, 204, 82, 249, 8, 251, 193,
       173, 181, 37, 250, 94, 114, 79, 253, 165, 183, 169, 22, 127, 184,
       51, 250, 87, 197, 253, 111, 91, 238, 23, 207, 189, 255, 231, 80,
       255, 251, 239, 127, 239, 196, 174, 247, 57, 113, 223, 247, 245,
       214, 179, 62, 95, 184, 59, 238, 31, 245, 127, 119, 207, 181, 55,
       213, 253, 254, 181, 193, 191, 255, 235, 255, 69, 214, 174, 247,
       143, 117, 92, 240, 158, 186, 171, 212, 27, 200, 179, 21, 165, 153,
       95, 215, 74, 90, 247, 211, 253, 242, 94, 71, 154, 177, 219, 195,
       79, 127, 162, 19, 174, 83, 54, 48, 251, 196, 109, 114, 177, 64,
       229, 236, 247, 179, 0, 220, 230, 234, 252, 253, 166, 177, 141,
       247, 182, 192, 31, 81, 247, 135, 229, 47, 124, 247, 93, 5, 237,
       167, 172, 110, 79, 191, 97, 230, 142, 141, 215, 101, 27, 114, 22,
       198, 124, 111, 221, 208, 253, 42, 255, 235, 229, 20, 44, 251, 210,
       80, 148, 149, 55, 237, 190, 111, 151, 235, 220, 186, 155, 114,
       215, 124, 40, 227, 183, 85, 124, 35, 249, 233, 57, 14, 169, 235,
       111, 84, 0, 104, 165, 33, 252, 69, 173, 103, 141, 79, 71, 168,
       199, 250, 183, 10, 211, 125, 89, 107, 89, 212, 125, 235, 105, 101,
       251, 40, 249, 235, 237, 180, 101, 123, 212, 114, 181, 140, 157,
       254, 188, 119, 198, 238, 214, 186, 184, 18, 243, 120, 61, 163,
       217, 243, 126, 51, 121, 97, 91, 191, 187, 207, 103, 124, 208, 123,
       209, 32, 134, 220, 188, 183, 133, 111, 118, 175, 31, 179, 7, 17,
       238, 249, 90, 75, 145, 71, 57, 23, 116, 220, 91, 163, 239, 223,
       95, 87, 136, 125, 153, 10, 253, 101, 135, 178, 140, 52, 78, 204,
       242, 210, 131, 90, 83, 226, 249, 251, 113, 204, 124, 255, 239, 71,
       174, 34, 185, 235, 231, 92, 168, 243, 178, 100, 255, 244, 156,
       178, 169, 127, 86, 136, 59, 250, 165, 56, 223, 118, 75, 187, 145,
       213, 252, 114, 63, 71, 219, 146, 187, 211, 77, 127, 138, 119, 138,
