%YAML:1.0
---
descriptors: !!opencv-matrix
   rows: 65
   cols: 32
   dt: u
   data: [ 22, 30, 216, 155, 50, 169, 186, 90, 30, 13, 93, 231, 45, 75,
       163, 72, 118, 59, 135, 22, 130, 144, 13, 255, 214, 199, 42, 131,
       191, 203, 9, 145, 25, 141, 71, 237, 148, 130, 111, 119, 229, 64,
       218, 70, 115, 35, 176, 229, 120, 166, 30, 236, 249, 153, 37, 173,
       240, 232, 162, 128, 47, 160, 240, 56, 10, 157, 232, 154, 191, 244,
       191, 247, 159, 95, 156, 183, 44, 254, 118, 74, 231, 251, 151, 149,
       182, 73, 58, 243, 123, 95, 223, 235, 159, 84, 189, 95, 162, 241,
       57, 155, 228, 197, 189, 237, 30, 61, 113, 27, 148, 156, 124, 1,
       223, 27, 19, 129, 242, 62, 90, 215, 45, 8, 190, 238, 85, 8, 245,
       219, 95, 19, 235, 128, 150, 22, 171, 217, 23, 229, 159, 199, 73,
       236, 255, 102, 127, 205, 183, 245, 157, 211, 189, 192, 26, 109,
       175, 196, 175, 175, 48, 85, 23, 7, 247, 247, 182, 162, 127, 81,
       173, 1, 91, 246, 93, 239, 184, 74, 118, 247, 23, 191, 145, 153,
       12, 204, 252, 238, 174, 192, 173, 227, 161, 33, 42, 187, 98, 0,
       119, 153, 186, 103, 235, 77, 124, 175, 44, 140, 246, 148, 174, 43,
       135, 85, 214, 58, 166, 253, 62, 85, 12, 235, 71, 142, 223, 223,
       48, 99, 107, 77, 86, 75, 199, 120, 69, 228, 252, 78, 115, 9, 180,
       48, 120, 140, 6, 234, 201, 178, 117, 28, 118, 172, 161, 16, 127,
       170, 118, 168, 53, 83, 107, 204, 94, 71, 71, 248, 71, 236, 252,
       110, 83, 213, 179, 32, 92, 252, 70, 106, 201, 35, 125, 29, 113,
       141, 165, 60, 125, 187, 116, 248, 56, 205, 123, 78, 84, 203, 199,
       253, 85, 4, 254, 2, 115, 213, 180, 116, 120, 184, 6, 106, 201,
       187, 52, 63, 115, 173, 36, 64, 119, 154, 246, 232, 93, 65, 64,
       160, 71, 88, 234, 64, 169, 4, 177, 139, 143, 10, 27, 146, 106,
       129, 206, 255, 14, 35, 68, 192, 148, 209, 138, 25, 101, 15, 107,
       132, 18, 132, 42, 169, 148, 231, 186, 103, 28, 65, 90, 3, 61, 62,
       50, 96, 249, 171, 19, 177, 150, 153, 21, 223, 253, 7, 154, 193,
       181, 74, 181, 202, 222, 88, 186, 180, 131, 100, 124, 3, 179, 143,
       71, 19, 157, 191, 99, 90, 231, 253, 189, 145, 36, 215, 146, 194,
       211, 231, 254, 137, 160, 113, 45, 90, 217, 201, 127, 252, 36, 130,
       111, 117, 245, 10, 246, 66, 115, 131, 160, 97, 98, 228, 46, 234,
       233, 157, 32, 239, 240, 170, 230, 0, 53, 184, 224, 40, 31, 76,
       224, 223, 103, 244, 251, 222, 95, 66, 92, 130, 121, 221, 183, 108,
       126, 249, 183, 207, 131, 182, 61, 251, 87, 127, 138, 137, 183,
       255, 112, 253, 203, 159, 7, 182, 177, 246, 60, 182, 188, 89, 87,
       117, 236, 230, 162, 225, 229, 103, 191, 213, 181, 221, 10, 239,
       170, 115, 254, 195, 138, 69, 185, 93, 95, 157, 39, 158, 151, 214,
       15, 170, 213, 192, 203, 2, 236, 244, 56, 229, 113, 247, 185, 239,
       249, 137, 63, 255, 185, 102, 207, 66, 54, 111, 181, 116, 235, 48,
       182, 20, 239, 255, 176, 119, 219, 253, 54, 63, 14, 188, 214, 191,
       167, 119, 253, 21, 180, 249, 162, 192, 30, 91, 85, 243, 198, 108,
       223, 215, 62, 92, 226, 179, 215, 243, 251, 214, 85, 69, 222, 167,
       107, 108, 183, 164, 123, 226, 151, 245, 174, 184, 52, 238, 250,
       79, 142, 195, 167, 157, 124, 222, 1, 92, 31, 219, 52, 230, 99,
       150, 20, 6, 78, 2, 245, 55, 163, 100, 117, 50, 10, 168, 35, 156,
       49, 127, 101, 167, 178, 0, 176, 217, 36, 104, 55, 41, 235, 128,
       20, 150, 203, 81, 71, 232, 210, 231, 17, 140, 247, 96, 124, 173,
       55, 253, 157, 219, 164, 204, 90, 77, 175, 196, 173, 174, 112, 245,
       138, 76, 103, 222, 239, 114, 191, 236, 157, 218, 86, 162, 120,
       255, 61, 239, 251, 119, 179, 227, 97, 197, 42, 238, 51, 123, 223,
       139, 151, 255, 52, 251, 246, 78, 107, 218, 222, 227, 95, 234, 21,
       230, 223, 187, 64, 221, 49, 97, 123, 250, 159, 163, 104, 7, 40,
       254, 115, 3, 237, 187, 53, 249, 116, 99, 38, 105, 146, 142, 221,
       197, 150, 199, 139, 140, 248, 42, 44, 254, 101, 132, 216, 251,
       147, 81, 66, 43, 194, 249, 53, 52, 142, 171, 149, 126, 181, 175,
       166, 158, 237, 215, 226, 114, 127, 191, 29, 247, 126, 183, 72, 39,
       142, 95, 119, 199, 183, 190, 48, 220, 109, 234, 110, 63, 255, 135,
       167, 253, 212, 253, 143, 140, 238, 151, 230, 58, 127, 183, 29,
       255, 94, 183, 207, 45, 146, 79, 55, 198, 183, 175, 180, 252, 45,
       238, 238, 127, 253, 133, 167, 253, 216, 217, 66, 185, 150, 152,
       139, 209, 48, 199, 175, 21, 160, 41, 172, 158, 102, 222, 163, 51,
       235, 145, 22, 75, 130, 241, 159, 114, 94, 123, 146, 4, 175, 95,
       74, 184, 182, 186, 139, 241, 152, 71, 159, 87, 129, 179, 172, 158,
       102, 207, 227, 51, 251, 145, 22, 77, 146, 241, 155, 82, 218, 123,
       150, 76, 173, 94, 177, 205, 99, 201, 116, 211, 239, 117, 84, 0,
       254, 66, 121, 93, 180, 100, 122, 184, 22, 234, 249, 185, 37, 255,
       55, 140, 166, 192, 119, 138, 244, 236, 62, 83, 72, 224, 87, 94,
       211, 64, 9, 12, 183, 15, 11, 13, 47, 144, 120, 129, 135, 226, 72,
       179, 112, 204, 211, 201, 130, 19, 103, 15, 126, 82, 120, 60, 248,
       229, 116, 46, 121, 82, 49, 174, 254, 175, 51, 39, 195, 30, 126,
       252, 125, 152, 8, 218, 209, 136, 215, 237, 180, 144, 175, 249, 86,
       251, 159, 91, 79, 169, 178, 147, 190, 246, 28, 200, 82, 231, 29,
       14, 179, 192, 118, 225, 159, 252, 245, 152, 5, 254, 190, 103, 175,
       192, 189, 189, 169, 209, 58, 153, 162, 206, 79, 85, 214, 123, 143,
       76, 220, 39, 42, 252, 46, 228, 252, 251, 183, 129, 205, 42, 242,
       241, 211, 127, 218, 171, 63, 110, 124, 223, 79, 214, 133, 154,
       253, 180, 122, 156, 31, 89, 95, 100, 236, 242, 187, 252, 213, 99,
       191, 31, 135, 66, 107, 247, 174, 126, 255, 202, 158, 215, 184, 85,
       207, 3, 70, 194, 244, 139, 111, 113, 69, 192, 87, 230, 89, 69,
       186, 101, 126, 160, 22, 255, 209, 176, 37, 204, 116, 8, 163, 192,
       47, 143, 240, 96, 223, 90, 124, 125, 11, 220, 57, 156, 175, 92,
       214, 165, 205, 223, 131, 255, 39, 245, 253, 195, 135, 69, 191,
       245, 195, 251, 107, 199, 190, 181, 13, 119, 1, 92, 187, 221, 20,
       230, 111, 159, 94, 69, 78, 2, 244, 55, 169, 108, 81, 26, 26, 152,
       3, 152, 113, 123, 101, 62, 150, 0, 146, 218, 165, 104, 49, 13, 71,
       220, 30, 131, 202, 118, 196, 0, 216, 198, 49, 168, 177, 97, 104,
       170, 22, 237, 233, 171, 4, 189, 48, 40, 162, 136, 61, 153, 112,
       168, 10, 29, 50, 139, 181, 247, 182, 71, 15, 77, 218, 3, 172, 126,
       39, 196, 216, 59, 155, 17, 22, 169, 49, 255, 175, 86, 158, 67,
       150, 78, 181, 223, 188, 6, 111, 253, 206, 99, 127, 111, 20, 166,
       202, 187, 73, 109, 49, 73, 127, 251, 131, 163, 104, 214, 101, 158,
       119, 131, 223, 5, 181, 248, 180, 226, 15, 253, 181, 151, 183, 126,
       183, 175, 63, 243, 91, 54, 252, 124, 76, 239, 167, 95, 187, 19,
       51, 248, 187, 227, 45, 30, 95, 70, 142, 117, 129, 253, 17, 205,
       111, 173, 20, 134, 239, 117, 68, 64, 218, 198, 113, 218, 176, 96,
       120, 236, 31, 239, 205, 179, 21, 239, 240, 111, 162, 128, 61, 190,
       240, 216, 24, 133, 42, 169, 149, 231, 186, 103, 20, 1, 202, 3, 61,
       59, 48, 192, 249, 27, 155, 177, 26, 153, 17, 159, 253, 229, 138,
       65, 180, 10, 189, 138, 138, 26, 244, 253, 42, 34, 61, 18, 190,
       190, 86, 227, 173, 183, 161, 75, 230, 117, 191, 194, 160, 220,
       131, 216, 196, 243, 250, 131, 54, 245, 5, 171, 107, 155, 120, 238,
       117, 213, 187, 88, 19, 77, 125, 175, 56, 221, 190, 228, 222, 153,
       183, 69, 135, 58, 250, 151, 87, 125, 170, 235, 31, 142, 124, 223,
       126, 92, 240, 237, 181, 126, 94, 86, 95, 206, 254, 3, 43, 63, 87,
       212, 254, 253, 159, 210, 140, 182, 241, 234, 183, 253, 135, 147,
       231, 255, 124, 87, 43, 243, 224, 31, 243, 176, 188, 255, 59, 77,
       127, 247, 104, 238, 222, 180, 127, 207, 183, 149, 151, 218, 255,
       229, 62, 127, 190, 203, 239, 134, 171, 221, 11, 147, 164, 159,
       237, 150, 184, 175, 31, 125, 85, 215, 236, 104, 126, 207, 221, 71,
