%YAML:1.0
---
descriptors: !!opencv-matrix
   rows: 146
   cols: 32
   dt: u
   data: [ 47, 204, 34, 158, 125, 147, 186, 232, 158, 64, 125, 163, 236,
       222, 183, 228, 223, 121, 147, 239, 198, 55, 46, 255, 118, 93, 139,
       175, 23, 175, 121, 213, 58, 215, 224, 75, 179, 83, 157, 175, 31,
       119, 157, 191, 72, 62, 158, 212, 127, 159, 181, 165, 254, 90, 109,
       215, 58, 95, 158, 247, 55, 212, 188, 95, 62, 38, 232, 70, 101,
       123, 202, 72, 91, 230, 191, 159, 75, 108, 223, 174, 123, 204, 215,
       175, 172, 243, 109, 202, 82, 95, 201, 149, 231, 255, 94, 84, 109,
       123, 184, 101, 36, 78, 119, 16, 105, 236, 62, 12, 223, 63, 67, 58,
       132, 212, 124, 106, 193, 48, 241, 0, 199, 249, 97, 148, 66, 243,
       70, 115, 41, 180, 189, 97, 164, 63, 117, 183, 127, 251, 126, 92,
       155, 63, 72, 59, 159, 94, 116, 60, 185, 252, 241, 2, 239, 223,
       117, 68, 202, 200, 194, 251, 223, 92, 230, 212, 103, 114, 254,
       114, 185, 238, 214, 163, 72, 190, 183, 239, 238, 245, 255, 231,
       228, 213, 181, 234, 19, 122, 203, 135, 39, 245, 117, 87, 79, 30,
       246, 149, 163, 122, 189, 19, 175, 255, 30, 229, 140, 38, 199, 238,
       39, 23, 255, 149, 149, 217, 167, 192, 14, 119, 127, 135, 174, 228,
       141, 117, 71, 50, 235, 65, 226, 56, 185, 83, 59, 251, 127, 255,
       93, 174, 223, 126, 55, 157, 183, 151, 149, 84, 175, 194, 30, 95,
       251, 230, 239, 231, 39, 245, 127, 127, 232, 68, 239, 91, 222, 252,
       75, 252, 188, 239, 74, 108, 215, 182, 95, 196, 215, 119, 205, 50,
       238, 248, 62, 89, 229, 191, 255, 255, 94, 213, 75, 182, 236, 145,
       226, 122, 189, 31, 59, 127, 31, 247, 204, 46, 206, 174, 167, 23,
       255, 149, 151, 88, 167, 194, 14, 87, 127, 199, 142, 196, 143, 117,
       202, 188, 191, 245, 57, 236, 121, 55, 169, 91, 182, 16, 188, 191,
       0, 123, 167, 51, 253, 0, 179, 205, 242, 231, 207, 251, 94, 146,
       138, 68, 135, 123, 127, 181, 176, 250, 189, 189, 91, 191, 255,
       253, 188, 28, 207, 251, 74, 246, 221, 199, 253, 29, 155, 107, 251,
       183, 187, 255, 151, 254, 202, 14, 250, 119, 120, 184, 185, 240,
       173, 221, 85, 215, 203, 251, 180, 24, 159, 159, 83, 58, 201, 186,
       221, 25, 155, 107, 242, 144, 219, 221, 183, 127, 202, 76, 214,
       123, 247, 127, 122, 170, 61, 159, 95, 232, 45, 236, 188, 13, 239,
       206, 23, 116, 254, 233, 223, 103, 204, 35, 104, 254, 179, 220, 15,
       191, 65, 63, 79, 87, 122, 117, 112, 108, 211, 95, 86, 121, 107,
       164, 252, 8, 74, 31, 7, 180, 158, 220, 197, 106, 200, 50, 241,
       222, 187, 221, 5, 55, 99, 190, 78, 247, 209, 92, 191, 247, 32,
       110, 125, 183, 172, 90, 206, 80, 247, 55, 33, 123, 228, 119, 125,
       10, 233, 205, 51, 41, 225, 235, 126, 0, 0, 240, 161, 43, 88, 52,
       122, 236, 53, 106, 91, 115, 61, 132, 254, 185, 159, 191, 2, 80,
       178, 189, 253, 33, 56, 155, 177, 142, 243, 245, 34, 129, 38, 164,
       47, 82, 208, 28, 30, 188, 26, 224, 17, 3, 180, 151, 134, 181, 63,
       151, 3, 91, 230, 181, 237, 144, 58, 207, 147, 76, 217, 227, 122,
       91, 160, 1, 37, 122, 139, 186, 82, 219, 119, 157, 184, 87, 191,
       25, 86, 246, 172, 158, 182, 164, 166, 59, 223, 133, 151, 156, 2,
       213, 6, 120, 26, 195, 14, 132, 137, 157, 138, 220, 52, 155, 237,
       213, 188, 231, 159, 95, 80, 17, 172, 254, 102, 205, 135, 123, 179,
       17, 246, 92, 26, 247, 47, 26, 94, 235, 150, 20, 141, 223, 120, 45,
       250, 112, 168, 233, 85, 7, 227, 151, 188, 56, 183, 179, 66, 26,
       139, 178, 237, 16, 26, 107, 226, 34, 219, 215, 116, 123, 224, 200,
       198, 43, 189, 70, 68, 95, 69, 31, 102, 248, 117, 162, 245, 94, 75,
       65, 159, 189, 89, 204, 134, 238, 236, 246, 109, 190, 54, 251, 197,
       7, 123, 191, 122, 132, 76, 113, 147, 238, 56, 78, 111, 120, 188,
       136, 249, 64, 223, 243, 33, 80, 210, 93, 79, 98, 65, 131, 152, 76,
       241, 180, 47, 12, 16, 51, 35, 171, 174, 120, 114, 210, 109, 253,
       184, 212, 155, 255, 117, 59, 12, 223, 231, 188, 175, 57, 183, 18,
       134, 119, 186, 240, 31, 89, 23, 239, 215, 29, 79, 247, 195, 189,
       223, 145, 238, 100, 45, 255, 63, 251, 158, 182, 188, 182, 251,
       111, 103, 87, 123, 157, 179, 217, 183, 227, 60, 54, 223, 198, 140,
       208, 181, 253, 30, 181, 244, 203, 211, 119, 253, 121, 95, 127, 95,
       183, 76, 127, 94, 252, 255, 159, 183, 177, 247, 82, 63, 215, 127,
       95, 223, 231, 191, 230, 173, 87, 14, 205, 46, 158, 31, 241, 191,
       234, 158, 68, 220, 131, 236, 238, 55, 196, 254, 123, 187, 199, 6,
       131, 62, 253, 177, 52, 139, 139, 20, 127, 61, 198, 40, 92, 115,
       222, 125, 213, 254, 119, 93, 76, 124, 14, 40, 206, 54, 180, 122,
       171, 134, 138, 197, 186, 54, 237, 119, 126, 146, 139, 95, 158,
       230, 255, 15, 38, 228, 1, 244, 58, 105, 27, 115, 247, 87, 181,
       203, 44, 215, 174, 55, 12, 245, 189, 188, 240, 229, 130, 14, 95,
       101, 229, 230, 229, 90, 213, 86, 217, 250, 167, 237, 76, 127, 252,
       47, 236, 255, 15, 110, 254, 127, 98, 254, 253, 255, 211, 204, 83,
       187, 224, 255, 125, 207, 159, 167, 55, 231, 87, 234, 153, 24, 186,
       125, 221, 123, 237, 143, 109, 253, 26, 172, 219, 42, 84, 238, 171,
       255, 8, 86, 11, 122, 247, 247, 213, 138, 251, 18, 10, 165, 79, 73,
       26, 125, 237, 40, 28, 123, 16, 237, 76, 182, 236, 191, 31, 147,
       115, 166, 181, 253, 110, 137, 133, 99, 252, 198, 249, 34, 144, 78,
       167, 71, 121, 203, 182, 127, 248, 236, 173, 249, 87, 255, 91, 180,
       253, 188, 159, 244, 43, 167, 51, 255, 149, 179, 111, 162, 215,
       222, 219, 250, 250, 158, 196, 131, 251, 79, 178, 245, 209, 236,
       249, 248, 91, 111, 121, 183, 254, 157, 141, 216, 43, 239, 143,
       127, 157, 151, 122, 239, 208, 222, 217, 63, 228, 142, 140, 193,
       209, 76, 123, 184, 101, 32, 14, 127, 20, 105, 236, 62, 76, 159,
       55, 3, 112, 148, 245, 125, 106, 201, 176, 241, 40, 231, 253, 36,
       144, 74, 243, 70, 115, 162, 72, 18, 156, 85, 193, 178, 98, 157, 4,
       120, 3, 172, 218, 39, 196, 232, 185, 131, 195, 68, 191, 18, 255,
       55, 52, 138, 11, 21, 13, 45, 142, 70, 56, 226, 212, 103, 246, 186,
       66, 185, 206, 94, 131, 8, 190, 119, 200, 255, 253, 183, 135, 132,
       155, 182, 226, 23, 62, 223, 139, 135, 245, 125, 215, 75, 187, 226,
       4, 243, 208, 184, 87, 47, 237, 94, 167, 12, 174, 246, 228, 166,
       63, 191, 149, 151, 25, 180, 192, 62, 124, 30, 199, 143, 228, 173,
       93, 55, 42, 227, 193, 214, 163, 171, 210, 11, 225, 88, 235, 29,
       205, 245, 40, 127, 253, 23, 223, 147, 178, 140, 240, 92, 12, 171,
       228, 229, 239, 115, 225, 97, 56, 51, 241, 109, 205, 240, 3, 237,
       25, 178, 104, 158, 155, 68, 186, 200, 49, 94, 17, 147, 41, 210,
       192, 135, 216, 18, 122, 74, 8, 67, 163, 78, 120, 226, 196, 103,
       116, 186, 194, 59, 238, 126, 171, 8, 190, 119, 56, 191, 253, 183,
       215, 132, 211, 180, 224, 23, 93, 159, 175, 135, 245, 103, 215,
       107, 123, 242, 68, 115, 216, 120, 86, 105, 236, 126, 238, 8, 142,
       199, 180, 38, 189, 166, 80, 197, 186, 164, 200, 22, 125, 5, 163,
       239, 182, 78, 221, 71, 59, 235, 193, 242, 58, 187, 83, 43, 225,
       126, 239, 28, 174, 247, 56, 55, 253, 183, 149, 149, 146, 164, 192,
       94, 29, 171, 238, 239, 229, 231, 245, 123, 127, 235, 68, 254, 211,
       191, 247, 11, 236, 124, 239, 8, 188, 247, 36, 126, 253, 151, 229,
       197, 58, 164, 232, 126, 93, 173, 175, 127, 254, 222, 221, 203,
       148, 157, 245, 173, 124, 121, 55, 169, 123, 182, 16, 191, 55, 2,
       123, 199, 23, 253, 8, 51, 204, 243, 199, 199, 251, 122, 194, 130,
       64, 141, 123, 74, 188, 183, 252, 169, 252, 185, 103, 191, 95, 68,
       17, 172, 191, 100, 219, 167, 51, 251, 1, 51, 73, 178, 225, 219,
       243, 90, 11, 130, 68, 167, 251, 105, 184, 180, 241, 169, 253, 85,
       151, 251, 255, 182, 28, 159, 191, 67, 186, 133, 183, 253, 16, 155,
       105, 242, 146, 203, 223, 85, 123, 202, 108, 139, 123, 125, 191,
       176, 232, 189, 221, 83, 191, 95, 237, 188, 29, 143, 254, 82, 112,
