%YAML:1.0
---
descriptors: !!opencv-matrix
   rows: 116
   cols: 32
   dt: u
   data: [ 45, 95, 115, 79, 116, 15, 239, 176, 100, 200, 127, 68, 243,
       81, 189, 52, 94, 232, 6, 106, 201, 176, 109, 45, 100, 172, 37,
       128, 111, 187, 82, 169, 19, 143, 79, 191, 54, 162, 174, 246, 180,
       66, 218, 231, 113, 98, 177, 225, 126, 227, 63, 207, 229, 153, 7,
       127, 176, 38, 170, 128, 61, 224, 56, 153, 210, 30, 95, 188, 18,
       162, 58, 99, 188, 134, 210, 247, 45, 238, 32, 64, 102, 255, 47,
       129, 48, 157, 2, 239, 240, 166, 250, 131, 165, 32, 37, 11, 42,
       157, 164, 153, 149, 253, 116, 183, 31, 93, 94, 55, 170, 188, 54,
       228, 205, 26, 191, 1, 222, 152, 115, 183, 175, 127, 156, 195, 150,
       76, 220, 95, 47, 245, 132, 39, 153, 10, 70, 140, 19, 240, 169,
       197, 195, 98, 205, 134, 89, 204, 104, 246, 175, 112, 223, 50, 172,
       150, 143, 116, 201, 127, 218, 148, 254, 142, 206, 183, 138, 50,
       29, 171, 178, 151, 135, 183, 69, 102, 75, 75, 75, 71, 233, 179,
       60, 199, 207, 162, 202, 227, 223, 215, 165, 117, 190, 210, 214,
       238, 172, 183, 140, 48, 4, 239, 250, 183, 135, 191, 231, 224, 74,
       95, 97, 198, 233, 135, 60, 71, 207, 163, 216, 99, 223, 59, 132,
       117, 158, 78, 132, 102, 236, 167, 180, 11, 110, 184, 53, 174, 215,
       205, 199, 105, 25, 144, 27, 196, 109, 111, 236, 212, 93, 42, 166,
       215, 101, 149, 100, 255, 90, 2, 11, 148, 188, 249, 189, 247, 157,
       63, 31, 127, 95, 183, 204, 60, 62, 228, 215, 31, 191, 21, 183,
       156, 115, 215, 79, 127, 152, 211, 158, 204, 157, 87, 244, 97, 204,
       174, 44, 10, 78, 8, 33, 130, 163, 1, 215, 75, 25, 91, 122, 229,
       109, 238, 72, 199, 207, 136, 210, 233, 199, 29, 37, 179, 98, 0,
       175, 255, 230, 159, 237, 191, 190, 236, 223, 250, 221, 191, 236,
       248, 127, 143, 255, 239, 255, 247, 246, 231, 207, 255, 62, 91,
       207, 191, 223, 127, 249, 215, 63, 93, 238, 160, 247, 62, 223, 215,
       93, 238, 126, 231, 95, 58, 183, 26, 255, 239, 151, 255, 188, 250,
       21, 234, 250, 223, 255, 132, 239, 253, 248, 85, 116, 77, 130, 190,
       201, 163, 70, 239, 147, 162, 232, 9, 66, 227, 33, 212, 217, 230,
       234, 162, 8, 11, 202, 191, 177, 182, 207, 59, 209, 123, 186, 2,
       236, 239, 140, 39, 184, 59, 70, 188, 54, 170, 171, 109, 195, 104,
       219, 147, 145, 199, 108, 103, 236, 98, 201, 62, 230, 247, 101,
       189, 200, 247, 218, 0, 173, 245, 241, 71, 244, 31, 238, 248, 127,
       234, 123, 230, 219, 124, 157, 164, 127, 94, 22, 126, 229, 244,
       125, 254, 46, 30, 39, 132, 239, 251, 82, 181, 17, 15, 79, 191, 54,
       130, 110, 115, 180, 194, 218, 230, 113, 226, 176, 97, 126, 230,
       62, 239, 237, 153, 5, 47, 176, 46, 238, 128, 61, 242, 177, 57, 8,
       165, 149, 187, 189, 249, 180, 239, 222, 17, 88, 18, 174, 242, 40,
       228, 217, 43, 170, 1, 22, 56, 74, 247, 173, 215, 30, 107, 146, 76,
       157, 142, 1, 136, 155, 185, 92, 233, 96, 15, 22, 17, 64, 16, 181,
       211, 32, 104, 65, 42, 34, 24, 19, 248, 82, 21, 141, 134, 58, 104,
       144, 8, 1, 168, 146, 154, 223, 245, 50, 226, 57, 115, 188, 5, 115,
       242, 125, 247, 160, 88, 55, 61, 47, 144, 48, 221, 0, 78, 212, 166,
       58, 195, 164, 128, 37, 163, 96, 169, 156, 126, 201, 193, 86, 207,
       150, 29, 172, 9, 38, 251, 98, 16, 201, 251, 226, 0, 30, 107, 202,
       49, 251, 215, 21, 123, 208, 88, 206, 138, 120, 227, 216, 163, 30,
       137, 90, 204, 39, 36, 189, 43, 99, 201, 74, 16, 58, 192, 77, 80,
       74, 43, 201, 49, 250, 205, 37, 125, 101, 154, 218, 10, 46, 121,
       98, 202, 223, 209, 182, 97, 137, 196, 245, 143, 40, 221, 39, 148,
       238, 185, 147, 243, 86, 59, 24, 253, 63, 24, 133, 235, 127, 15,
       254, 215, 149, 95, 237, 101, 144, 46, 111, 186, 53, 230, 238, 197,
       211, 99, 155, 80, 117, 238, 125, 238, 169, 208, 253, 46, 238, 239,
       229, 132, 172, 243, 80, 112, 129, 14, 31, 165, 48, 170, 105, 51,
       116, 33, 98, 80, 247, 35, 128, 112, 50, 14, 44, 60, 57, 220, 69,
       14, 132, 174, 50, 64, 168, 128, 65, 40, 201, 59, 148, 181, 37,
       158, 112, 55, 109, 169, 42, 92, 174, 50, 4, 211, 128, 39, 108, 0,
       117, 216, 209, 200, 134, 248, 82, 2, 10, 68, 203, 13, 239, 230,
       132, 191, 169, 47, 78, 152, 59, 186, 177, 221, 207, 99, 73, 159,
       93, 196, 236, 106, 44, 70, 201, 130, 164, 242, 207, 182, 202, 247,
       138, 132, 237, 103, 132, 167, 181, 15, 102, 184, 61, 170, 139, 77,
       207, 104, 25, 211, 145, 196, 109, 103, 236, 244, 217, 170, 166,
       246, 69, 20, 202, 255, 90, 2, 213, 166, 140, 59, 168, 58, 148,
       143, 254, 55, 178, 253, 231, 232, 222, 79, 203, 71, 236, 23, 62,
       103, 207, 50, 152, 243, 127, 31, 204, 93, 137, 13, 231, 230, 132,
       135, 137, 30, 78, 184, 51, 178, 131, 221, 194, 98, 219, 223, 93,
       196, 232, 239, 253, 70, 205, 234, 172, 50, 207, 62, 142, 247, 138,
       4, 213, 46, 156, 182, 168, 45, 92, 143, 190, 151, 164, 93, 231,
       226, 75, 27, 167, 231, 108, 28, 62, 69, 203, 51, 216, 251, 127,
       61, 200, 240, 139, 1, 246, 239, 204, 183, 138, 114, 158, 175, 147,
       254, 155, 239, 195, 108, 223, 131, 85, 199, 237, 247, 173, 71,
       207, 174, 170, 119, 239, 215, 172, 119, 158, 93, 190, 237, 246,
       127, 191, 91, 94, 232, 127, 182, 255, 43, 107, 253, 95, 84, 251,
       254, 255, 226, 252, 243, 239, 191, 255, 255, 69, 71, 231, 255,
       126, 199, 175, 20, 229, 23, 142, 51, 158, 168, 94, 246, 151, 247,
       65, 108, 223, 171, 127, 197, 251, 183, 181, 229, 127, 138, 14, 71,
       207, 150, 239, 253, 25, 84, 183, 31, 236, 31, 142, 54, 156, 175,
       146, 246, 144, 215, 65, 108, 223, 11, 77, 199, 253, 167, 237, 199,
       95, 106, 170, 3, 255, 149, 173, 117, 186, 84, 255, 239, 132, 183,
       137, 61, 14, 189, 18, 186, 171, 221, 194, 226, 75, 146, 221, 230,
       236, 119, 252, 71, 219, 162, 184, 119, 205, 126, 138, 127, 154,
       21, 231, 44, 198, 189, 216, 35, 238, 254, 63, 227, 218, 215, 217,
       227, 147, 88, 127, 239, 127, 172, 61, 222, 223, 254, 188, 111,
       255, 132, 173, 252, 187, 144, 0, 160, 157, 185, 204, 201, 161,
       207, 254, 53, 32, 24, 180, 146, 72, 10, 137, 27, 98, 17, 18, 124,
       203, 81, 141, 128, 91, 108, 208, 8, 135, 168, 105, 208, 113, 77,
       100, 30, 111, 188, 113, 75, 254, 68, 251, 51, 156, 116, 126, 204,
       54, 174, 201, 182, 245, 199, 54, 254, 242, 132, 63, 146, 226, 185,
       109, 119, 46, 142, 253, 127, 191, 248, 60, 238, 255, 175, 220,
       126, 171, 100, 253, 222, 255, 238, 229, 179, 121, 238, 247, 127,
       175, 143, 26, 255, 45, 247, 1, 219, 19, 171, 246, 133, 174, 245,
       38, 73, 90, 230, 181, 210, 176, 96, 126, 59, 22, 205, 211, 154,
       156, 125, 188, 172, 174, 232, 60, 138, 161, 185, 99, 34, 110, 173,
       108, 7, 105, 88, 47, 164, 210, 199, 205, 143, 18, 64, 238, 141,
       127, 205, 136, 211, 211, 208, 212, 248, 170, 128, 28, 136, 33,
       208, 250, 232, 174, 158, 75, 208, 22, 237, 143, 21, 205, 147, 104,
       254, 110, 82, 233, 251, 235, 195, 78, 79, 154, 243, 187, 115, 207,
       127, 19, 54, 174, 206, 98, 96, 76, 173, 108, 14, 104, 72, 46, 160,
       226, 197, 197, 131, 16, 82, 234, 140, 123, 204, 8, 211, 195, 80,
       148, 184, 138, 16, 0, 138, 115, 160, 239, 243, 118, 111, 105, 31,
       127, 252, 253, 250, 215, 173, 221, 221, 223, 127, 214, 221, 255,
       111, 228, 215, 239, 252, 119, 249, 109, 158, 6, 191, 229, 245,
       182, 189, 182, 190, 223, 207, 150, 236, 155, 190, 185, 59, 110,
       255, 111, 31, 249, 255, 239, 115, 120, 107, 138, 255, 187, 214,
       95, 127, 210, 127, 167, 215, 2, 250, 144, 153, 107, 157, 184, 206,
       159, 61, 80, 223, 172, 158, 102, 141, 239, 59, 163, 1, 6, 124, 18,
       241, 15, 16, 94, 107, 88, 12, 143, 223, 239, 148, 97, 205, 102,
       54, 105, 57, 119, 114, 127, 214, 89, 99, 188, 244, 127, 142, 54,
       174, 145, 20, 125, 215, 22, 110, 163, 132, 63, 234, 248, 181, 29,
       78, 83, 223, 54, 150, 106, 112, 117, 202, 127, 230, 121, 98, 177,
