%YAML:1.0
---
descriptors: !!opencv-matrix
   rows: 145
   cols: 32
   dt: u
   data: [ 59, 52, 106, 192, 86, 54, 251, 87, 121, 99, 255, 211, 89, 158,
       190, 236, 127, 141, 151, 191, 149, 150, 180, 214, 86, 111, 186,
       196, 47, 135, 250, 244, 159, 90, 14, 191, 46, 147, 186, 224, 140,
       80, 210, 231, 237, 200, 183, 203, 238, 97, 191, 231, 228, 165, 6,
       189, 160, 97, 234, 147, 61, 61, 57, 159, 211, 22, 135, 149, 171,
       114, 168, 11, 188, 251, 131, 245, 204, 38, 205, 239, 231, 71, 252,
       165, 181, 197, 135, 194, 128, 114, 218, 134, 140, 100, 33, 85, 44,
       67, 64, 129, 101, 217, 235, 64, 168, 68, 181, 14, 140, 10, 59,
       198, 106, 129, 206, 255, 66, 35, 96, 192, 148, 17, 138, 57, 23,
       15, 93, 228, 147, 139, 110, 173, 150, 134, 239, 117, 21, 68, 82,
       199, 105, 15, 178, 65, 126, 163, 31, 239, 248, 153, 5, 255, 244,
       40, 170, 192, 61, 142, 177, 88, 66, 237, 167, 54, 249, 216, 102,
       174, 171, 147, 138, 169, 175, 232, 216, 150, 131, 99, 232, 69, 70,
       107, 142, 245, 172, 118, 95, 43, 78, 86, 135, 94, 51, 207, 106,
       158, 126, 147, 206, 240, 215, 76, 220, 231, 97, 200, 183, 64, 126,
       234, 23, 239, 206, 171, 14, 191, 50, 44, 175, 136, 61, 191, 120,
       205, 91, 247, 148, 186, 155, 149, 20, 253, 31, 57, 137, 90, 110,
       114, 72, 244, 245, 159, 254, 128, 223, 75, 171, 245, 187, 214, 31,
       254, 146, 86, 187, 15, 220, 22, 127, 241, 226, 106, 49, 49, 57,
       27, 119, 244, 223, 63, 136, 123, 183, 149, 255, 32, 177, 244, 33,
       198, 214, 251, 114, 198, 234, 224, 167, 51, 74, 184, 191, 120,
       173, 245, 177, 71, 226, 95, 164, 24, 188, 189, 98, 42, 137, 51,
       249, 16, 23, 107, 178, 209, 91, 251, 90, 123, 194, 68, 231, 251,
       88, 184, 191, 88, 139, 241, 177, 71, 231, 85, 164, 27, 56, 189,
       102, 174, 233, 179, 251, 144, 22, 107, 178, 209, 91, 91, 82, 123,
       243, 4, 175, 254, 61, 95, 99, 206, 126, 147, 206, 120, 85, 64,
       249, 230, 115, 200, 181, 228, 126, 232, 22, 239, 201, 163, 44,
       189, 50, 76, 161, 136, 127, 174, 120, 181, 75, 223, 96, 239, 42,
       30, 95, 184, 109, 106, 94, 228, 253, 127, 155, 228, 86, 117, 189,
       239, 197, 16, 237, 255, 230, 127, 171, 150, 62, 182, 9, 125, 56,
       69, 106, 231, 85, 86, 126, 125, 85, 6, 127, 3, 123, 125, 58, 97,
       122, 188, 151, 170, 232, 178, 57, 140, 119, 235, 226, 129, 103,
       174, 252, 202, 115, 239, 232, 198, 54, 80, 126, 188, 107, 230,
       158, 238, 105, 239, 223, 180, 54, 255, 253, 239, 205, 144, 173,
       235, 178, 125, 173, 187, 39, 247, 126, 125, 143, 52, 183, 179,
       245, 46, 181, 151, 95, 255, 19, 119, 220, 56, 223, 143, 151, 78,
       55, 55, 181, 244, 185, 226, 44, 94, 255, 166, 142, 125, 209, 247,
       47, 28, 98, 235, 118, 183, 250, 88, 93, 202, 92, 163, 249, 93,
       183, 108, 222, 249, 151, 255, 132, 182, 101, 254, 71, 127, 170,
       130, 247, 255, 112, 245, 54, 253, 226, 226, 247, 55, 255, 222,
       107, 236, 184, 175, 8, 188, 87, 16, 255, 207, 215, 247, 142, 187,
       188, 238, 122, 76, 175, 230, 237, 119, 118, 219, 8, 38, 249, 69,
       114, 123, 233, 27, 126, 237, 127, 242, 157, 55, 192, 48, 55, 31,
       55, 24, 177, 184, 229, 74, 68, 13, 35, 165, 229, 194, 71, 233, 66,
       183, 146, 250, 235, 168, 52, 199, 171, 31, 185, 57, 172, 251, 76,
       95, 167, 19, 239, 16, 118, 73, 138, 243, 188, 244, 94, 251, 128,
       80, 143, 143, 87, 89, 239, 197, 6, 86, 239, 246, 108, 226, 222,
       130, 81, 60, 183, 96, 126, 196, 127, 239, 193, 177, 53, 200, 119,
       47, 239, 132, 5, 242, 117, 108, 87, 63, 197, 165, 178, 10, 47,
       184, 40, 232, 26, 231, 221, 38, 193, 114, 54, 197, 124, 231, 197,
       144, 173, 78, 188, 164, 47, 132, 44, 243, 3, 125, 186, 41, 102,
       146, 223, 243, 152, 68, 7, 197, 213, 171, 42, 204, 55, 140, 106,
       187, 211, 209, 14, 171, 102, 252, 18, 81, 136, 171, 103, 142, 126,
       206, 14, 143, 102, 130, 231, 217, 238, 225, 205, 68, 31, 167, 109,
       232, 190, 133, 58, 227, 159, 239, 212, 169, 44, 237, 62, 81, 75,
       195, 39, 175, 253, 213, 2, 221, 19, 201, 180, 199, 175, 101, 12,
       9, 88, 2, 180, 159, 32, 96, 88, 58, 19, 200, 83, 184, 112, 253,
       45, 148, 170, 192, 29, 10, 177, 184, 183, 223, 238, 158, 204, 181,
       239, 252, 150, 94, 221, 215, 113, 232, 187, 65, 93, 226, 55, 239,
       255, 71, 46, 255, 122, 15, 239, 136, 189, 255, 248, 209, 105, 216,
       145, 126, 43, 72, 21, 175, 122, 90, 97, 56, 191, 241, 96, 244,
       131, 95, 236, 2, 67, 108, 218, 51, 161, 247, 116, 59, 82, 112,
       131, 43, 25, 31, 102, 158, 214, 182, 174, 119, 116, 73, 222, 231,
       121, 230, 178, 228, 126, 174, 158, 172, 181, 153, 37, 238, 126,
       111, 174, 192, 175, 206, 185, 221, 57, 159, 99, 203, 148, 243,
       111, 127, 85, 69, 124, 198, 123, 233, 190, 228, 122, 170, 6, 172,
       187, 184, 61, 255, 227, 239, 162, 192, 63, 206, 244, 252, 106,
       188, 241, 240, 237, 237, 249, 223, 187, 251, 48, 93, 158, 191, 84,
       187, 175, 155, 215, 21, 179, 111, 210, 211, 95, 223, 119, 236,
       219, 204, 199, 251, 157, 28, 106, 250, 22, 179, 107, 115, 213,
       194, 223, 178, 121, 238, 182, 224, 127, 171, 31, 175, 233, 159,
       44, 254, 250, 239, 175, 128, 183, 238, 112, 229, 203, 158, 189,
       215, 170, 244, 189, 151, 190, 91, 86, 244, 188, 182, 210, 107,
       135, 119, 187, 157, 179, 92, 231, 227, 76, 63, 254, 192, 140, 64,
       137, 89, 177, 201, 119, 201, 212, 211, 231, 117, 84, 0, 242, 66,
       115, 220, 180, 229, 120, 184, 22, 234, 249, 187, 37, 255, 57, 136,
       166, 64, 117, 138, 244, 172, 184, 187, 90, 233, 212, 131, 119,
       117, 21, 4, 244, 39, 51, 195, 34, 80, 120, 186, 7, 248, 90, 155,
       0, 63, 127, 141, 166, 97, 49, 138, 238, 138, 57, 20, 253, 69, 52,
       78, 99, 59, 117, 233, 118, 66, 243, 53, 148, 116, 122, 220, 54,
       40, 169, 248, 117, 14, 111, 239, 49, 64, 231, 168, 68, 232, 203,
       178, 54, 216, 108, 157, 249, 87, 175, 93, 180, 125, 174, 158, 246,
       250, 198, 51, 255, 21, 135, 47, 226, 209, 214, 121, 122, 250, 26,
       12, 171, 253, 218, 184, 175, 184, 11, 224, 25, 71, 139, 87, 132,
       187, 172, 159, 98, 75, 225, 179, 249, 145, 62, 79, 178, 209, 219,
       243, 218, 123, 150, 76, 181, 122, 139, 190, 167, 24, 235, 189,
       184, 87, 251, 95, 16, 253, 172, 188, 246, 175, 135, 35, 254, 21,
       183, 109, 38, 211, 14, 94, 90, 250, 222, 68, 139, 93, 185, 159,
       126, 254, 54, 146, 255, 240, 213, 74, 214, 230, 113, 235, 176, 97,
       126, 242, 63, 234, 233, 191, 45, 191, 242, 239, 234, 128, 63, 171,
       112, 57, 3, 143, 35, 27, 247, 145, 174, 231, 223, 75, 88, 246,
       168, 236, 180, 228, 239, 107, 178, 157, 247, 216, 38, 255, 44, 22,
       158, 234, 159, 76, 161, 253, 218, 150, 223, 245, 162, 46, 61, 255,
       57, 123, 114, 245, 223, 63, 140, 123, 183, 159, 253, 160, 177,
       213, 161, 195, 214, 243, 122, 198, 140, 224, 167, 115, 72, 177,
       189, 120, 175, 213, 209, 23, 235, 89, 180, 56, 190, 157, 70, 42,
       135, 51, 255, 16, 147, 107, 242, 209, 91, 217, 114, 251, 210, 0,
       135, 123, 139, 191, 101, 217, 61, 151, 251, 254, 127, 73, 92, 196,
       185, 159, 148, 164, 94, 59, 223, 221, 163, 184, 119, 255, 111, 93,
       170, 192, 30, 132, 113, 249, 51, 255, 234, 71, 86, 82, 126, 254,
       123, 238, 254, 238, 105, 110, 151, 112, 127, 223, 149, 231, 205,
       186, 172, 239, 114, 108, 175, 165, 47, 246, 254, 221, 19, 219, 67,
       139, 54, 147, 234, 244, 29, 72, 90, 231, 57, 206, 182, 196, 126,
       169, 23, 255, 199, 153, 13, 255, 56, 12, 175, 192, 63, 158, 57,
       221, 53, 93, 98, 206, 94, 151, 202, 120, 213, 64, 253, 198, 115,
       200, 181, 228, 124, 168, 18, 239, 205, 179, 60, 191, 50, 44, 131,
       8, 127, 171, 120, 148, 47, 72, 232, 221, 118, 115, 251, 222, 95,
       66, 92, 130, 121, 221, 191, 108, 126, 249, 55, 207, 131, 182, 127,
       251, 87, 127, 138, 136, 183, 255, 112, 237, 138, 145, 86, 128,
       255, 212, 188, 229, 175, 57, 83, 179, 140, 158, 108, 199, 231, 21,
