%YAML:1.0
---
descriptors: !!opencv-matrix
   rows: 242
   cols: 32
   dt: u
   data: [ 37, 247, 241, 71, 244, 127, 239, 252, 127, 234, 123, 100, 219,
       116, 157, 164, 63, 94, 54, 122, 241, 240, 125, 254, 47, 158, 39,
       228, 207, 251, 194, 181, 137, 156, 23, 187, 177, 166, 171, 215,
       188, 73, 66, 84, 252, 247, 32, 225, 247, 47, 26, 61, 179, 157, 16,
       127, 253, 231, 62, 192, 154, 0, 161, 177, 62, 181, 43, 170, 223,
       213, 151, 233, 139, 125, 157, 47, 72, 252, 126, 0, 221, 211, 211,
       243, 222, 43, 122, 247, 123, 85, 141, 255, 215, 15, 182, 247, 3,
       140, 142, 191, 48, 226, 184, 35, 60, 75, 91, 113, 188, 58, 182,
       64, 195, 43, 63, 5, 55, 156, 3, 239, 140, 63, 186, 195, 28, 4,
       121, 203, 182, 253, 55, 90, 251, 215, 159, 253, 155, 126, 184,
       127, 76, 124, 189, 181, 159, 211, 213, 247, 251, 103, 56, 255, 59,
       94, 77, 254, 87, 126, 182, 119, 33, 87, 123, 69, 116, 78, 239, 56,
       100, 232, 126, 228, 211, 21, 149, 116, 126, 220, 22, 110, 193,
       176, 117, 12, 101, 172, 33, 132, 111, 186, 64, 249, 126, 81, 231,
       142, 207, 113, 150, 200, 131, 214, 153, 139, 104, 252, 127, 143,
       120, 209, 243, 227, 12, 99, 254, 177, 51, 81, 205, 63, 119, 127,
       118, 214, 33, 221, 106, 255, 116, 195, 255, 245, 86, 76, 124, 166,
       113, 221, 178, 64, 126, 42, 23, 110, 227, 188, 46, 63, 102, 175,
       163, 136, 117, 138, 244, 249, 43, 189, 106, 8, 242, 159, 159, 247,
       76, 108, 252, 173, 58, 188, 183, 176, 94, 59, 151, 13, 223, 186,
       52, 127, 122, 29, 38, 240, 95, 142, 43, 253, 29, 95, 39, 237, 54,
       70, 111, 52, 116, 200, 218, 230, 209, 119, 177, 96, 118, 124, 61,
       235, 233, 145, 37, 14, 224, 174, 175, 128, 44, 243, 53, 121, 3,
       157, 105, 171, 242, 203, 111, 255, 31, 65, 88, 230, 125, 126, 178,
       32, 63, 171, 23, 141, 151, 152, 125, 255, 44, 14, 173, 192, 61,
       138, 149, 253, 74, 160, 134, 153, 233, 241, 184, 67, 191, 53, 65,
       17, 140, 166, 102, 222, 193, 59, 235, 17, 18, 77, 194, 209, 159,
       50, 218, 255, 146, 4, 173, 214, 11, 175, 104, 200, 191, 149, 254,
       254, 70, 236, 28, 143, 185, 237, 246, 160, 62, 107, 159, 237, 214,
       40, 100, 255, 111, 77, 175, 249, 55, 134, 221, 251, 192, 63, 4,
       169, 172, 30, 100, 63, 127, 152, 130, 76, 143, 33, 17, 211, 129,
       166, 108, 29, 105, 233, 145, 92, 170, 178, 116, 20, 8, 192, 90, 9,
       126, 102, 132, 39, 249, 11, 206, 168, 49, 162, 251, 204, 203, 107,
       25, 149, 89, 197, 108, 235, 108, 242, 221, 142, 164, 246, 205,
       181, 79, 247, 74, 4, 155, 63, 35, 143, 215, 244, 186, 214, 21, 77,
       92, 231, 40, 254, 183, 228, 124, 43, 151, 213, 175, 154, 52, 239,
       99, 125, 142, 130, 191, 222, 188, 223, 125, 231, 132, 135, 157,
       31, 70, 168, 31, 162, 139, 205, 194, 96, 77, 147, 220, 196, 108,
       118, 236, 82, 221, 190, 184, 182, 205, 54, 8, 127, 216, 4, 173,
       117, 133, 7, 9, 30, 70, 184, 82, 242, 169, 196, 211, 98, 219, 231,
       93, 204, 104, 239, 233, 208, 221, 42, 44, 60, 207, 52, 42, 255,
       26, 180, 231, 254, 133, 21, 236, 31, 100, 190, 186, 178, 34, 252,
       211, 32, 197, 239, 5, 68, 104, 108, 229, 220, 215, 6, 172, 186,
       69, 20, 8, 61, 216, 20, 71, 150, 167, 145, 162, 46, 173, 186, 62,
       123, 26, 244, 221, 38, 153, 111, 39, 71, 124, 191, 181, 212, 191,
       96, 140, 42, 255, 196, 140, 245, 145, 117, 125, 38, 156, 27, 168,
       56, 128, 8, 174, 27, 179, 236, 195, 200, 204, 207, 201, 135, 236,
       31, 30, 99, 207, 0, 144, 251, 122, 151, 201, 71, 58, 5, 237, 182,
       132, 21, 168, 62, 70, 186, 115, 179, 34, 252, 226, 96, 216, 255,
       89, 78, 236, 111, 173, 244, 207, 34, 140, 58, 223, 52, 202, 253,
       154, 180, 126, 205, 133, 186, 173, 97, 86, 236, 151, 90, 153, 35,
       246, 249, 105, 74, 219, 194, 63, 115, 90, 3, 75, 179, 248, 214,
       239, 191, 180, 127, 240, 3, 165, 161, 117, 83, 228, 139, 232, 41,
       126, 25, 115, 114, 208, 24, 220, 41, 251, 10, 54, 29, 215, 252,
       103, 84, 12, 26, 246, 196, 205, 8, 209, 165, 59, 14, 226, 141,
       119, 179, 186, 198, 95, 65, 248, 135, 40, 168, 55, 224, 254, 235,
       150, 213, 142, 186, 4, 255, 16, 125, 154, 131, 221, 79, 120, 141,
       243, 142, 204, 27, 174, 176, 140, 143, 190, 51, 190, 244, 195,
       160, 134, 203, 75, 70, 238, 28, 62, 239, 207, 51, 140, 163, 127,
       213, 221, 212, 249, 13, 208, 174, 206, 55, 184, 34, 12, 175, 214,
       183, 158, 191, 227, 232, 82, 67, 107, 102, 236, 133, 60, 239, 207,
       34, 186, 119, 245, 177, 204, 236, 168, 78, 66, 102, 67, 207, 122,
       160, 168, 198, 175, 3, 202, 243, 165, 135, 173, 86, 110, 155, 43,
       144, 2, 154, 199, 243, 52, 52, 154, 138, 181, 208, 165, 172, 59,
       223, 106, 172, 116, 182, 254, 119, 77, 73, 254, 71, 41, 42, 54,
       192, 126, 171, 150, 141, 143, 186, 85, 253, 242, 125, 170, 192,
       31, 142, 248, 157, 109, 111, 140, 37, 184, 15, 92, 187, 54, 174,
       174, 77, 199, 99, 27, 83, 149, 71, 108, 45, 236, 208, 193, 10,
       238, 247, 101, 181, 72, 240, 202, 1, 120, 117, 121, 101, 116, 78,
       79, 60, 32, 168, 126, 104, 211, 23, 145, 48, 30, 220, 85, 106,
       201, 178, 241, 12, 231, 173, 37, 148, 96, 178, 70, 249, 43, 149,
       107, 142, 246, 211, 159, 119, 28, 69, 95, 162, 127, 52, 190, 97,
       94, 155, 151, 45, 249, 186, 37, 223, 224, 61, 42, 192, 60, 142,
       181, 253, 187, 157, 99, 155, 151, 246, 158, 247, 21, 76, 92, 247,
       40, 124, 182, 228, 221, 235, 151, 181, 255, 184, 116, 255, 43,
       126, 142, 195, 55, 92, 244, 223, 109, 103, 68, 101, 149, 15, 70,
       186, 53, 170, 234, 77, 195, 97, 11, 208, 216, 204, 236, 110, 108,
       240, 89, 46, 230, 255, 37, 20, 106, 185, 90, 2, 125, 103, 132,
       175, 185, 31, 70, 168, 51, 162, 169, 205, 195, 98, 31, 150, 220,
       196, 236, 230, 236, 242, 205, 46, 174, 215, 197, 54, 72, 127, 74,
       4, 213, 102, 140, 43, 168, 26, 86, 136, 127, 182, 135, 253, 199,
       104, 219, 201, 83, 197, 236, 103, 236, 103, 205, 58, 184, 227,
       111, 31, 252, 127, 57, 4, 244, 166, 140, 186, 172, 43, 84, 234,
       178, 158, 181, 185, 199, 99, 203, 91, 171, 197, 108, 55, 44, 71,
       207, 18, 218, 227, 117, 157, 160, 241, 186, 2, 119, 103, 140, 167,
       137, 31, 78, 184, 19, 254, 175, 205, 195, 96, 91, 147, 221, 196,
       236, 111, 237, 66, 221, 62, 186, 247, 205, 54, 8, 255, 26, 21,
       191, 67, 70, 204, 106, 3, 79, 248, 21, 128, 245, 199, 73, 67, 161,
       213, 126, 228, 23, 238, 105, 151, 77, 221, 176, 170, 203, 140, 63,
       183, 34, 176, 53, 97, 99, 172, 62, 27, 203, 104, 68, 224, 218,
       234, 83, 220, 185, 224, 126, 172, 94, 239, 205, 179, 237, 28, 176,
       109, 171, 60, 117, 42, 112, 228, 215, 247, 172, 138, 136, 23, 158,
       168, 26, 254, 133, 141, 193, 236, 223, 75, 149, 197, 249, 247,
       238, 71, 255, 179, 186, 115, 207, 254, 156, 119, 154, 84, 71, 231,
       132, 167, 141, 62, 78, 184, 26, 246, 139, 205, 199, 104, 91, 143,
       85, 197, 253, 111, 237, 64, 223, 170, 168, 87, 205, 52, 140, 127,
       24, 84, 204, 174, 140, 59, 168, 173, 92, 191, 182, 63, 130, 221,
       199, 233, 90, 91, 133, 207, 108, 21, 62, 77, 203, 51, 236, 243,
       117, 253, 232, 84, 138, 11, 214, 190, 140, 183, 138, 34, 28, 171,
       178, 255, 151, 189, 199, 46, 218, 11, 77, 199, 237, 149, 188, 77,
       207, 50, 216, 99, 255, 253, 172, 101, 156, 83, 219, 221, 126, 124,
       176, 150, 223, 255, 221, 74, 222, 229, 121, 255, 182, 117, 222,
       251, 181, 173, 255, 139, 38, 223, 98, 255, 254, 138, 31, 244, 232,
       95, 24, 143, 22, 236, 181, 234, 116, 119, 237, 13, 122, 96, 47,
       187, 32, 80, 160, 43, 7, 32, 24, 185, 0, 157, 251, 245, 50, 131,
       114, 64, 229, 139, 247, 30, 172, 55, 140, 55, 158, 190, 22, 247,
       154, 215, 241, 108, 219, 11, 77, 231, 249, 167, 253, 205, 223, 42,
       232, 39, 255, 149, 141, 252, 152, 92, 244, 239, 142, 183, 180, 47,
       102, 188, 49, 142, 235, 93, 231, 97, 11, 81, 145, 238, 236, 102,
