%YAML:1.0
---
descriptors: !!opencv-matrix
   rows: 253
   cols: 32
   dt: u
   data: [ 92, 31, 94, 229, 178, 174, 112, 50, 173, 160, 254, 167, 159,
       39, 35, 67, 102, 181, 239, 32, 24, 185, 17, 12, 254, 227, 99, 1,
       234, 233, 41, 19, 11, 31, 38, 158, 115, 179, 187, 71, 188, 196,
       222, 167, 172, 206, 167, 228, 238, 59, 155, 133, 166, 153, 38,
       255, 36, 55, 154, 131, 22, 76, 45, 221, 10, 246, 109, 185, 182,
       230, 185, 190, 61, 95, 84, 247, 189, 95, 155, 9, 223, 91, 151,
       181, 179, 220, 107, 247, 238, 255, 254, 197, 166, 133, 183, 251,
       139, 187, 240, 87, 231, 89, 184, 185, 123, 127, 85, 252, 236, 124,
       223, 173, 23, 90, 214, 3, 183, 116, 236, 249, 6, 83, 121, 231,
       238, 133, 31, 221, 0, 30, 27, 249, 52, 166, 123, 119, 28, 9, 90,
       70, 180, 211, 32, 64, 221, 59, 23, 28, 179, 156, 32, 255, 101,
       190, 186, 192, 152, 136, 49, 187, 134, 104, 66, 223, 100, 129,
       184, 64, 30, 1, 80, 18, 60, 222, 125, 40, 254, 251, 51, 131, 34,
       182, 138, 243, 21, 28, 219, 170, 5, 25, 113, 137, 233, 221, 254,
       68, 230, 62, 255, 183, 233, 122, 62, 44, 122, 47, 151, 55, 167,
       198, 127, 110, 160, 105, 169, 237, 119, 251, 100, 134, 103, 240,
       66, 125, 137, 160, 40, 217, 120, 221, 105, 63, 198, 81, 68, 148,
       185, 135, 242, 99, 71, 42, 59, 140, 227, 92, 246, 149, 199, 219,
       154, 104, 30, 140, 9, 252, 27, 76, 39, 189, 17, 246, 45, 102, 189,
       206, 202, 0, 172, 150, 49, 244, 224, 239, 223, 197, 237, 153, 55,
       255, 177, 118, 154, 130, 2, 84, 37, 252, 211, 30, 75, 157, 242,
       34, 47, 255, 60, 70, 210, 247, 245, 230, 175, 104, 119, 79, 62,
       173, 165, 133, 165, 223, 180, 38, 190, 136, 60, 244, 33, 253, 42,
       180, 115, 234, 125, 221, 186, 223, 14, 73, 93, 235, 188, 221, 124,
       160, 159, 27, 147, 1, 147, 58, 186, 247, 109, 21, 154, 239, 95,
       14, 151, 251, 124, 208, 126, 101, 165, 78, 118, 125, 101, 174,
       246, 42, 91, 95, 8, 113, 184, 212, 237, 98, 88, 243, 209, 140,
       243, 235, 101, 23, 99, 186, 206, 3, 189, 207, 110, 236, 22, 130,
       111, 248, 84, 64, 246, 230, 81, 239, 179, 97, 126, 228, 63, 238,
       233, 183, 37, 159, 242, 235, 234, 192, 63, 171, 112, 248, 38, 169,
       242, 218, 254, 169, 186, 207, 95, 33, 121, 235, 44, 219, 125, 152,
       255, 187, 19, 149, 146, 58, 74, 243, 62, 28, 159, 238, 213, 219,
       226, 142, 37, 89, 17, 67, 241, 95, 103, 180, 109, 232, 110, 76,
       222, 83, 133, 180, 148, 116, 70, 122, 193, 176, 121, 124, 167,
       220, 5, 6, 74, 179, 66, 165, 108, 47, 49, 32, 237, 125, 94, 220,
       171, 252, 188, 9, 14, 237, 91, 159, 141, 195, 205, 127, 219, 99,
       202, 224, 187, 217, 69, 63, 194, 255, 206, 113, 75, 95, 239, 7,
       178, 114, 175, 178, 172, 198, 94, 230, 253, 230, 191, 98, 55, 127,
       127, 175, 129, 149, 173, 111, 116, 45, 174, 128, 37, 247, 33, 253,
       10, 159, 2, 189, 251, 193, 188, 103, 158, 14, 90, 163, 172, 239,
       163, 192, 239, 59, 151, 133, 98, 152, 2, 223, 44, 54, 190, 139,
       20, 76, 53, 219, 172, 229, 25, 234, 188, 141, 70, 172, 87, 57,
       169, 24, 147, 89, 72, 16, 217, 202, 70, 122, 122, 42, 89, 55, 235,
       221, 5, 124, 208, 155, 210, 130, 38, 187, 194, 142, 213, 194, 254,
       205, 63, 137, 121, 3, 104, 234, 108, 212, 249, 251, 163, 211, 22,
       154, 154, 225, 63, 54, 159, 235, 129, 55, 238, 142, 104, 161, 136,
       190, 201, 228, 93, 159, 35, 31, 204, 9, 181, 231, 74, 88, 201,
       219, 105, 132, 26, 10, 210, 51, 233, 247, 158, 41, 144, 80, 166,
       122, 38, 168, 246, 221, 93, 79, 246, 233, 127, 178, 240, 10, 104,
       120, 29, 133, 249, 255, 227, 163, 96, 243, 73, 253, 63, 30, 199,
       79, 197, 56, 118, 166, 126, 23, 230, 100, 173, 127, 212, 91, 53,
       239, 255, 189, 74, 61, 159, 187, 223, 151, 253, 33, 189, 243, 113,
       130, 211, 255, 121, 151, 199, 252, 254, 87, 152, 206, 138, 185,
       20, 163, 250, 214, 23, 7, 86, 151, 45, 143, 34, 64, 125, 170, 135,
       148, 34, 156, 1, 255, 222, 231, 186, 193, 181, 140, 53, 218, 37,
       125, 123, 101, 116, 78, 111, 48, 101, 232, 126, 104, 243, 23, 145,
       52, 94, 252, 22, 106, 201, 176, 113, 46, 103, 189, 37, 128, 110,
       186, 82, 249, 138, 141, 22, 191, 243, 193, 60, 231, 190, 31, 74,
       163, 172, 247, 32, 196, 231, 123, 179, 128, 114, 152, 2, 255, 45,
       55, 158, 139, 18, 84, 173, 139, 94, 224, 182, 173, 45, 91, 185,
       104, 175, 181, 214, 35, 239, 222, 74, 206, 234, 181, 239, 225, 72,
       209, 227, 221, 223, 243, 203, 23, 6, 46, 37, 231, 88, 96, 218,
       173, 61, 89, 89, 88, 175, 236, 182, 11, 239, 223, 67, 210, 250,
       181, 253, 192, 12, 35, 227, 209, 211, 245, 139, 223, 34, 166, 47,
       82, 61, 97, 104, 106, 52, 31, 67, 120, 65, 168, 253, 78, 83, 89,
       155, 48, 88, 136, 85, 110, 201, 162, 121, 29, 243, 205, 33, 60,
       127, 171, 90, 162, 7, 191, 128, 149, 213, 179, 190, 235, 95, 226,
       88, 199, 236, 232, 127, 192, 221, 43, 147, 181, 247, 144, 92, 223,
       46, 23, 143, 167, 156, 110, 25, 148, 125, 121, 88, 100, 60, 79,
       86, 184, 99, 168, 191, 8, 219, 83, 65, 112, 148, 252, 76, 122, 77,
       50, 217, 56, 239, 221, 37, 52, 106, 187, 66, 3, 72, 185, 180, 181,
       233, 220, 125, 183, 175, 253, 62, 185, 191, 191, 66, 242, 166,
       183, 253, 16, 147, 88, 243, 225, 255, 249, 54, 235, 162, 196, 143,
       91, 90, 76, 118, 244, 3, 222, 126, 102, 189, 138, 246, 3, 111,
       191, 51, 81, 250, 253, 253, 227, 108, 253, 128, 206, 243, 255,
       207, 7, 99, 116, 111, 42, 59, 143, 95, 251, 54, 131, 251, 127, 31,
       1, 254, 34, 125, 223, 188, 96, 254, 187, 23, 137, 251, 186, 73,
       255, 244, 255, 170, 192, 29, 138, 240, 169, 46, 180, 232, 251,
       246, 173, 249, 222, 27, 41, 120, 127, 158, 220, 92, 56, 255, 155,
       151, 149, 154, 186, 218, 243, 95, 29, 191, 238, 213, 79, 211, 243,
       75, 182, 120, 248, 249, 253, 189, 87, 235, 91, 188, 189, 188, 159,
       214, 52, 167, 27, 223, 21, 215, 15, 162, 215, 251, 93, 62, 250,
       22, 196, 135, 255, 34, 60, 227, 219, 119, 227, 187, 194, 31, 67,
       120, 163, 44, 223, 245, 132, 127, 57, 147, 149, 131, 182, 60, 243,
       21, 28, 154, 170, 215, 79, 35, 253, 18, 223, 74, 159, 182, 146,
       62, 183, 31, 11, 90, 247, 109, 234, 162, 68, 119, 111, 143, 197,
       246, 152, 13, 255, 174, 102, 190, 195, 60, 220, 185, 29, 54, 101,
       226, 194, 214, 50, 238, 221, 57, 227, 127, 131, 72, 174, 253, 96,
       127, 207, 23, 255, 128, 178, 172, 234, 62, 14, 143, 132, 167, 223,
       242, 204, 110, 180, 209, 75, 217, 117, 66, 155, 27, 59, 101, 88,
       216, 119, 76, 188, 221, 158, 242, 186, 59, 86, 251, 211, 15, 158,
       209, 126, 218, 65, 198, 181, 130, 149, 254, 136, 253, 239, 252,
       79, 191, 87, 124, 17, 140, 254, 110, 90, 251, 27, 243, 17, 54,
       107, 18, 210, 63, 31, 94, 111, 212, 76, 237, 215, 89, 7, 110, 205,
       210, 50, 239, 255, 100, 206, 94, 230, 121, 231, 187, 102, 119,
       222, 63, 173, 177, 144, 167, 207, 118, 109, 175, 132, 167, 246,
       181, 121, 232, 173, 254, 86, 254, 58, 255, 247, 233, 242, 126, 26,
       120, 175, 149, 55, 175, 231, 119, 14, 224, 123, 172, 235, 118,
       251, 118, 138, 103, 240, 195, 253, 57, 15, 110, 237, 22, 34, 111,
       122, 85, 74, 254, 230, 83, 233, 179, 97, 126, 236, 63, 238, 201,
       179, 39, 140, 242, 239, 234, 128, 63, 170, 112, 48, 255, 116, 98,
       110, 53, 214, 91, 120, 117, 78, 215, 178, 75, 95, 158, 245, 126,
       172, 149, 238, 236, 150, 125, 158, 243, 233, 163, 129, 39, 183,
       126, 117, 175, 105, 33, 5, 125, 31, 206, 184, 79, 232, 49, 76,
       202, 76, 157, 164, 156, 76, 86, 111, 205, 48, 125, 186, 166, 92,
       1, 54, 95, 191, 90, 244, 40, 121, 112, 107, 109, 221, 254, 150,
       239, 236, 126, 13, 187, 157, 215, 164, 142, 122, 255, 74, 194, 56,
       251, 185, 103, 221, 37, 177, 115, 159, 78, 219, 88, 249, 26, 228,
       48, 206, 119, 183, 37, 168, 126, 8, 255, 243, 0, 112, 182, 255,
