%YAML:1.0
---
descriptors: !!opencv-matrix
   rows: 196
   cols: 32
   dt: u
   data: [ 9, 30, 235, 157, 214, 242, 171, 119, 124, 71, 94, 247, 237,
       230, 178, 100, 115, 46, 170, 156, 181, 157, 53, 238, 126, 103,
       190, 193, 174, 196, 173, 252, 170, 32, 244, 81, 109, 253, 208, 90,
       239, 190, 244, 24, 170, 157, 213, 191, 203, 152, 246, 8, 140, 119,
       246, 210, 23, 217, 80, 59, 71, 204, 94, 206, 75, 60, 246, 86, 107,
       127, 190, 82, 251, 254, 61, 61, 44, 188, 215, 175, 135, 119, 221,
       15, 164, 109, 168, 234, 26, 95, 93, 179, 198, 245, 79, 223, 131,
       156, 231, 157, 146, 246, 171, 183, 124, 75, 67, 214, 245, 230,
       188, 109, 119, 111, 58, 141, 183, 220, 61, 255, 44, 46, 218, 192,
       173, 69, 177, 244, 17, 16, 59, 121, 32, 174, 121, 31, 54, 73, 90,
       245, 215, 223, 176, 105, 215, 61, 63, 28, 155, 152, 113, 30, 203,
       239, 50, 196, 156, 128, 33, 113, 238, 210, 239, 238, 110, 80, 189,
       248, 137, 94, 149, 255, 204, 222, 190, 75, 239, 85, 255, 167, 229,
       71, 238, 192, 214, 123, 234, 158, 15, 246, 55, 119, 95, 244, 236,
       231, 183, 126, 90, 184, 97, 231, 159, 146, 219, 63, 154, 226, 55,
       215, 253, 190, 252, 208, 253, 174, 239, 239, 229, 213, 167, 247,
       220, 115, 238, 188, 249, 112, 253, 237, 89, 219, 187, 255, 184,
       61, 62, 223, 79, 59, 143, 147, 87, 20, 178, 111, 242, 242, 223,
       25, 55, 254, 208, 77, 199, 243, 207, 178, 181, 249, 236, 189, 249,
       91, 175, 89, 53, 124, 156, 159, 254, 255, 135, 11, 127, 29, 151,
       109, 234, 209, 206, 89, 122, 254, 158, 140, 131, 245, 2, 9, 146,
       159, 85, 245, 178, 67, 31, 5, 93, 3, 172, 220, 35, 196, 216, 59,
       131, 17, 18, 184, 90, 255, 7, 20, 138, 43, 150, 13, 61, 134, 63,
       127, 234, 102, 246, 18, 95, 212, 113, 236, 254, 167, 123, 252,
       247, 48, 126, 237, 149, 247, 204, 179, 188, 238, 250, 205, 167,
       130, 239, 247, 118, 223, 121, 127, 61, 228, 41, 14, 87, 190, 97,
       234, 190, 76, 223, 63, 67, 115, 164, 213, 125, 106, 201, 107, 241,
       40, 243, 249, 101, 60, 106, 243, 66, 123, 15, 12, 107, 219, 246,
       242, 250, 18, 93, 194, 95, 130, 121, 239, 183, 108, 127, 249, 55,
       157, 144, 176, 108, 254, 71, 127, 170, 201, 183, 239, 116, 245,
       116, 233, 88, 226, 60, 15, 83, 248, 15, 188, 181, 8, 223, 25, 76,
       18, 152, 209, 79, 122, 74, 99, 219, 180, 249, 217, 37, 124, 80,
       155, 86, 162, 1, 32, 223, 209, 102, 207, 233, 87, 126, 121, 114,
       82, 157, 139, 240, 104, 110, 13, 126, 24, 147, 252, 37, 209, 84,
       152, 186, 192, 205, 136, 33, 169, 88, 80, 182, 165, 61, 94, 122,
       24, 175, 172, 158, 1, 207, 95, 3, 82, 182, 149, 237, 33, 12, 129,
       209, 136, 211, 245, 43, 21, 34, 38, 13, 83, 49, 77, 234, 190, 212,
       163, 231, 246, 212, 192, 250, 2, 113, 232, 183, 96, 88, 234, 6,
       75, 239, 187, 110, 191, 48, 175, 167, 8, 117, 251, 112, 204, 144,
       30, 254, 253, 44, 253, 120, 86, 61, 31, 246, 57, 191, 175, 2, 91,
       239, 183, 239, 0, 44, 237, 195, 195, 215, 243, 114, 81, 96, 200,
       237, 91, 8, 189, 60, 229, 180, 207, 241, 55, 54, 173, 254, 1, 183,
       63, 82, 1, 203, 126, 127, 25, 58, 248, 209, 14, 239, 233, 55, 65,
       96, 136, 207, 235, 43, 143, 98, 136, 247, 179, 186, 103, 95, 5,
       124, 167, 40, 232, 182, 196, 254, 43, 131, 133, 150, 186, 4, 255,
       62, 124, 138, 203, 87, 76, 248, 207, 33, 162, 79, 153, 76, 143,
       233, 91, 86, 113, 242, 222, 145, 130, 176, 105, 109, 140, 110,
       156, 171, 254, 71, 213, 28, 42, 179, 128, 61, 136, 112, 176, 138,
       34, 162, 157, 29, 177, 184, 74, 159, 135, 85, 191, 232, 204, 126,
       140, 221, 169, 163, 165, 38, 86, 198, 223, 142, 86, 155, 239, 150,
       44, 28, 198, 9, 89, 238, 199, 68, 86, 239, 116, 100, 230, 126, 2,
       121, 61, 183, 96, 122, 228, 59, 234, 192, 184, 53, 204, 119, 47,
       230, 129, 39, 242, 116, 232, 40, 177, 88, 227, 243, 157, 56, 125,
       43, 161, 188, 232, 63, 159, 204, 176, 190, 155, 215, 144, 199, 58,
       218, 221, 255, 221, 21, 235, 111, 130, 138, 155, 76, 77, 124, 231,
       44, 78, 95, 56, 55, 174, 191, 9, 255, 119, 3, 80, 208, 244, 253,
       106, 72, 208, 217, 188, 231, 255, 101, 17, 34, 251, 92, 43, 104,
       232, 45, 250, 169, 229, 93, 143, 131, 31, 164, 25, 175, 191, 72,
       27, 201, 146, 237, 128, 90, 74, 242, 49, 195, 211, 212, 59, 144,
       80, 230, 122, 56, 233, 35, 33, 253, 203, 118, 238, 107, 245, 56,
       169, 15, 141, 90, 16, 179, 207, 199, 85, 86, 59, 168, 53, 254,
       212, 37, 117, 198, 158, 215, 210, 35, 207, 104, 158, 124, 145,
       206, 236, 215, 4, 216, 207, 161, 232, 182, 64, 72, 234, 23, 207,
       206, 42, 78, 191, 46, 28, 175, 185, 21, 159, 248, 204, 45, 241,
       121, 67, 116, 94, 107, 184, 112, 232, 127, 108, 83, 23, 155, 48,
       62, 220, 22, 110, 201, 178, 125, 14, 111, 173, 33, 132, 109, 179,
       66, 241, 1, 223, 25, 201, 52, 199, 175, 117, 12, 73, 88, 102, 181,
       30, 160, 96, 94, 59, 22, 72, 83, 184, 112, 221, 173, 132, 162,
       192, 29, 138, 177, 185, 9, 2, 83, 69, 116, 10, 105, 19, 117, 98,
       118, 214, 155, 33, 148, 245, 126, 140, 22, 172, 177, 176, 101,
       200, 6, 172, 162, 132, 111, 160, 224, 177, 87, 63, 65, 165, 178,
       78, 47, 185, 40, 224, 26, 230, 221, 38, 193, 242, 54, 197, 124,
       247, 197, 144, 253, 78, 188, 164, 47, 132, 44, 242, 3, 125, 18,
       186, 211, 241, 199, 204, 232, 71, 63, 47, 114, 119, 13, 139, 100,
       220, 251, 191, 167, 144, 22, 188, 128, 194, 30, 246, 158, 199,
       169, 0, 239, 143, 41, 82, 233, 79, 109, 118, 245, 94, 89, 206,
       253, 102, 120, 60, 183, 239, 92, 252, 182, 143, 133, 246, 246,
       192, 71, 127, 242, 138, 207, 255, 126, 255, 137, 214, 39, 131, 52,
       143, 177, 180, 204, 125, 23, 119, 156, 25, 186, 1, 111, 4, 31, 61,
       240, 189, 33, 158, 236, 26, 42, 196, 79, 142, 209, 121, 63, 33,
       224, 161, 230, 72, 125, 216, 19, 238, 52, 167, 91, 207, 211, 12,
       63, 205, 183, 221, 158, 116, 173, 194, 94, 77, 37, 165, 175, 191,
       84, 213, 234, 176, 180, 250, 237, 245, 145, 223, 139, 95, 181, 31,
       172, 223, 110, 175, 205, 147, 255, 145, 151, 111, 250, 241, 219,
       89, 218, 255, 154, 76, 175, 223, 126, 112, 43, 184, 11, 241, 81,
       82, 171, 93, 148, 189, 14, 158, 110, 61, 239, 153, 205, 145, 11,
       7, 178, 209, 211, 209, 218, 255, 178, 21, 175, 119, 2, 133, 42,
       137, 213, 247, 186, 103, 28, 69, 94, 3, 168, 44, 54, 64, 248, 43,
       147, 177, 150, 184, 17, 223, 111, 125, 138, 195, 149, 78, 189,
       206, 57, 142, 104, 251, 180, 243, 79, 127, 87, 71, 125, 151, 123,
       200, 190, 96, 123, 170, 6, 140, 191, 188, 109, 191, 230, 79, 176,
       65, 255, 202, 244, 220, 19, 186, 218, 145, 86, 150, 185, 71, 63,
       77, 126, 231, 44, 134, 166, 64, 127, 171, 134, 145, 23, 153, 32,
       242, 156, 5, 190, 195, 173, 4, 173, 221, 168, 188, 241, 240, 237,
       173, 249, 95, 59, 251, 116, 125, 158, 191, 85, 189, 143, 155, 215,
       29, 179, 126, 210, 208, 95, 219, 119, 236, 219, 204, 199, 187,
       207, 94, 228, 95, 106, 58, 189, 24, 173, 222, 87, 255, 109, 108,
       151, 239, 39, 229, 247, 238, 229, 116, 191, 233, 22, 122, 111,
       138, 255, 245, 9, 245, 194, 254, 150, 159, 251, 229, 55, 230, 190,
       95, 72, 53, 172, 246, 98, 223, 133, 123, 234, 16, 51, 77, 154,
       119, 173, 54, 94, 251, 152, 84, 173, 255, 73, 188, 187, 113, 177,
       174, 125, 55, 43, 169, 126, 80, 159, 51, 0, 112, 133, 55, 125, 24,
       145, 184, 177, 6, 239, 255, 52, 64, 202, 192, 195, 43, 202, 114,
       239, 189, 110, 48, 189, 220, 171, 127, 20, 255, 156, 191, 255,
       111, 239, 85, 255, 197, 131, 69, 163, 192, 86, 121, 250, 174, 143,
       253, 53, 251, 57, 148, 245, 69, 52, 94, 99, 59, 117, 233, 246, 82,
       211, 53, 148, 116, 122, 220, 116, 40, 185, 248, 117, 14, 111, 239,
       49, 64, 103, 168, 86, 40, 2, 159, 66, 189, 182, 131, 173, 119, 20,
       72, 90, 231, 173, 175, 178, 68, 126, 43, 23, 133, 241, 152, 5,
