%YAML:1.0
---
descriptors: !!opencv-matrix
   rows: 197
   cols: 32
   dt: u
   data: [ 73, 114, 231, 93, 76, 31, 232, 81, 111, 249, 242, 230, 219,
       168, 213, 238, 110, 140, 126, 141, 133, 242, 231, 192, 22, 120,
       242, 132, 237, 184, 121, 189, 10, 233, 182, 218, 105, 209, 188,
       239, 159, 29, 213, 147, 172, 254, 110, 196, 239, 123, 251, 193,
       70, 79, 122, 245, 159, 119, 223, 251, 22, 12, 173, 239, 9, 10,
       102, 81, 100, 155, 225, 18, 124, 13, 118, 230, 171, 0, 150, 236,
       106, 40, 166, 28, 131, 184, 101, 208, 70, 253, 50, 193, 111, 140,
       89, 173, 63, 157, 67, 222, 244, 135, 239, 119, 84, 72, 221, 70,
       113, 235, 180, 96, 120, 170, 23, 138, 249, 187, 60, 255, 56, 174,
       175, 128, 53, 234, 240, 161, 122, 13, 54, 190, 153, 221, 86, 111,
       173, 77, 236, 9, 110, 255, 39, 212, 224, 179, 237, 3, 94, 43, 26,
       253, 179, 247, 68, 27, 210, 126, 174, 94, 18, 32, 86, 137, 75,
       193, 184, 75, 174, 53, 208, 163, 172, 142, 102, 206, 234, 189,
       239, 145, 6, 27, 198, 209, 148, 32, 154, 235, 53, 4, 39, 207, 201,
       90, 127, 101, 36, 14, 105, 50, 116, 202, 118, 228, 179, 39, 145,
       113, 70, 164, 60, 44, 201, 180, 101, 8, 196, 251, 96, 128, 110,
       184, 64, 121, 122, 203, 2, 190, 109, 192, 30, 228, 136, 4, 192,
       131, 174, 230, 35, 210, 192, 227, 235, 199, 76, 11, 202, 253, 176,
       48, 202, 187, 16, 63, 61, 74, 71, 142, 150, 159, 205, 168, 182,
       174, 222, 147, 75, 7, 228, 232, 123, 75, 217, 111, 106, 23, 86,
       249, 207, 241, 12, 54, 95, 75, 220, 127, 57, 14, 91, 48, 51, 224,
       5, 100, 121, 81, 173, 72, 182, 6, 159, 159, 32, 240, 252, 145, 95,
       168, 9, 3, 48, 192, 211, 217, 138, 8, 11, 0, 35, 242, 121, 112,
       49, 232, 61, 5, 67, 88, 231, 72, 225, 76, 187, 209, 57, 240, 220,
       136, 94, 106, 203, 39, 242, 221, 211, 249, 130, 56, 26, 42, 114,
       50, 106, 56, 234, 248, 207, 245, 184, 67, 139, 222, 124, 27, 172,
       190, 119, 138, 239, 59, 179, 145, 150, 122, 178, 192, 31, 89, 218,
       171, 199, 68, 63, 223, 57, 123, 121, 100, 116, 207, 95, 124, 64,
       232, 252, 76, 51, 221, 145, 48, 28, 184, 87, 106, 203, 186, 112,
       63, 243, 205, 33, 184, 123, 154, 82, 187, 73, 82, 247, 197, 110,
       24, 232, 81, 235, 217, 242, 198, 155, 136, 212, 238, 110, 133,
       126, 141, 133, 115, 231, 192, 22, 120, 234, 168, 109, 168, 107,
       157, 60, 157, 121, 201, 220, 199, 223, 249, 22, 109, 252, 2, 81,
       127, 97, 32, 125, 218, 23, 248, 155, 58, 121, 62, 127, 141, 165,
       228, 247, 171, 228, 226, 35, 106, 99, 1, 116, 219, 233, 87, 125,
       101, 122, 204, 169, 140, 150, 164, 10, 40, 18, 29, 199, 188, 116,
       206, 36, 28, 16, 160, 71, 140, 215, 252, 230, 229, 142, 190, 217,
       135, 46, 232, 158, 150, 203, 143, 228, 227, 105, 67, 249, 255,
       107, 214, 106, 199, 219, 255, 189, 178, 207, 126, 152, 123, 55,
       146, 50, 223, 114, 216, 85, 135, 214, 231, 85, 14, 248, 111, 34,
       185, 36, 17, 248, 186, 135, 226, 108, 187, 0, 255, 50, 140, 148,
       43, 123, 216, 252, 138, 3, 242, 177, 154, 125, 221, 185, 88, 223,
       125, 53, 63, 140, 156, 246, 44, 143, 9, 215, 21, 134, 111, 234,
       213, 95, 88, 27, 255, 214, 12, 87, 247, 181, 135, 199, 95, 222,
       59, 166, 236, 86, 178, 219, 214, 225, 232, 189, 229, 123, 238,
       106, 235, 181, 240, 109, 255, 60, 46, 231, 4, 253, 251, 208, 164,
       214, 238, 134, 159, 217, 34, 174, 239, 191, 183, 202, 215, 236,
       226, 110, 199, 253, 239, 235, 151, 118, 207, 207, 255, 188, 54,
       223, 223, 157, 116, 187, 142, 130, 120, 250, 220, 71, 148, 188,
       71, 255, 70, 116, 55, 44, 156, 38, 8, 238, 57, 147, 129, 198, 190,
       54, 243, 23, 60, 26, 11, 93, 20, 175, 223, 38, 255, 120, 234, 254,
       67, 159, 251, 159, 222, 188, 171, 92, 255, 255, 32, 191, 211, 215,
       231, 242, 35, 42, 255, 122, 95, 175, 255, 85, 254, 183, 243, 9,
       34, 197, 89, 100, 187, 232, 19, 127, 123, 114, 214, 187, 8, 148,
       237, 106, 12, 54, 28, 183, 252, 103, 209, 12, 126, 114, 192, 207,
       140, 89, 189, 59, 2, 74, 169, 19, 211, 105, 82, 36, 101, 206, 135,
       1, 6, 178, 192, 120, 140, 151, 141, 9, 152, 117, 132, 212, 229,
       170, 129, 47, 140, 120, 216, 72, 156, 154, 254, 176, 238, 95, 183,
       63, 15, 126, 49, 255, 127, 32, 80, 151, 243, 29, 8, 58, 156, 1,
       127, 235, 255, 54, 193, 144, 192, 173, 11, 110, 122, 99, 78, 124,
       209, 91, 88, 67, 204, 221, 239, 104, 204, 183, 180, 94, 232, 151,
       239, 205, 35, 236, 255, 50, 92, 161, 186, 119, 191, 118, 245, 14,
       159, 67, 203, 242, 176, 107, 148, 63, 5, 95, 231, 237, 231, 172,
       212, 118, 187, 151, 222, 146, 152, 44, 247, 38, 253, 170, 192,
       183, 135, 165, 241, 127, 77, 103, 110, 152, 214, 79, 176, 224,
       200, 218, 0, 113, 246, 177, 114, 88, 244, 93, 234, 233, 131, 188,
       46, 185, 239, 175, 136, 39, 179, 50, 100, 12, 164, 146, 27, 211,
       249, 50, 202, 254, 23, 105, 16, 236, 242, 111, 221, 177, 91, 234,
       16, 54, 112, 26, 119, 13, 22, 87, 79, 210, 69, 143, 134, 100, 106,
       158, 156, 74, 73, 161, 104, 186, 166, 240, 173, 228, 194, 73, 83,
       122, 205, 106, 39, 64, 99, 203, 89, 148, 34, 107, 60, 89, 40, 39,
       128, 7, 41, 162, 155, 221, 180, 185, 67, 79, 205, 89, 7, 168, 232,
       118, 236, 200, 47, 51, 149, 150, 154, 246, 224, 13, 60, 154, 202,
       132, 78, 241, 199, 5, 224, 241, 219, 244, 169, 235, 152, 126, 83,
       117, 246, 185, 83, 221, 108, 127, 74, 22, 222, 179, 244, 109, 247,
       44, 158, 183, 224, 222, 219, 211, 161, 139, 145, 104, 207, 244,
       208, 239, 189, 84, 76, 87, 166, 249, 79, 186, 96, 126, 155, 55,
       239, 211, 152, 111, 223, 102, 105, 170, 192, 55, 142, 245, 249,
       51, 2, 238, 157, 94, 131, 169, 91, 22, 245, 82, 247, 129, 142,
       182, 73, 126, 172, 167, 149, 158, 220, 103, 213, 92, 34, 250, 192,
       53, 140, 52, 220, 9, 18, 104, 65, 36, 251, 241, 18, 101, 77, 118,
       246, 171, 12, 150, 236, 110, 8, 166, 156, 143, 184, 101, 145, 70,
       253, 50, 193, 111, 140, 92, 221, 75, 50, 106, 161, 110, 9, 233,
       81, 175, 61, 150, 239, 141, 139, 210, 10, 110, 129, 95, 157, 134,
       51, 199, 208, 214, 89, 186, 236, 45, 140, 25, 217, 134, 171, 150,
       155, 253, 193, 188, 239, 159, 29, 201, 51, 236, 238, 108, 68, 231,
       123, 235, 209, 118, 75, 138, 247, 63, 54, 223, 111, 144, 76, 165,
       206, 130, 253, 178, 250, 249, 209, 190, 207, 159, 31, 248, 27,
       236, 254, 108, 196, 239, 251, 251, 131, 102, 111, 154, 247, 191,
       118, 159, 107, 18, 86, 165, 143, 120, 141, 94, 108, 146, 14, 118,
       119, 161, 132, 238, 9, 127, 235, 0, 19, 62, 246, 237, 96, 88, 187,
       144, 13, 243, 233, 101, 1, 107, 248, 238, 26, 46, 99, 97, 194,
       109, 217, 218, 72, 203, 252, 189, 171, 142, 140, 215, 182, 142,
       153, 223, 119, 198, 35, 238, 240, 147, 89, 9, 191, 87, 159, 86,
       247, 120, 217, 122, 108, 117, 212, 83, 240, 97, 12, 252, 2, 59,
       223, 38, 112, 248, 248, 151, 72, 202, 59, 176, 173, 123, 237, 32,
       73, 115, 138, 108, 123, 41, 105, 98, 78, 117, 215, 207, 117, 65,
       192, 124, 10, 59, 221, 182, 36, 88, 248, 23, 122, 217, 186, 244,
       172, 127, 93, 165, 232, 119, 158, 246, 236, 5, 93, 15, 239, 52,
       38, 111, 48, 116, 194, 75, 66, 245, 115, 177, 96, 86, 108, 58,
       238, 225, 144, 125, 46, 229, 174, 171, 0, 44, 243, 49, 32, 120,
       207, 92, 110, 190, 9, 87, 190, 135, 60, 188, 43, 115, 33, 43, 83,
       43, 210, 13, 98, 74, 43, 11, 61, 251, 231, 100, 57, 115, 218, 204,
       43, 90, 141, 7, 188, 153, 244, 86, 231, 161, 0, 202, 9, 47, 254,
       34, 210, 225, 231, 253, 129, 126, 11, 146, 191, 187, 247, 142, 91,
       0, 68, 175, 78, 61, 82, 121, 236, 60, 15, 75, 120, 65, 104, 253,
       76, 211, 91, 49, 48, 220, 168, 20, 110, 201, 34, 88, 157, 211,
       253, 161, 60, 122, 171, 90, 49, 41, 251, 121, 101, 116, 143, 79,
       117, 68, 232, 124, 78, 51, 29, 144, 48, 28, 184, 22, 110, 201,
