%YAML:1.0
---
descriptors: !!opencv-matrix
   rows: 209
   cols: 32
   dt: u
   data: [ 148, 94, 124, 93, 44, 75, 149, 184, 220, 158, 182, 112, 243,
       113, 133, 47, 171, 84, 110, 42, 104, 229, 111, 31, 196, 171, 113,
       151, 85, 121, 85, 35, 120, 245, 123, 100, 48, 79, 87, 252, 33,
       236, 254, 8, 95, 31, 0, 16, 190, 221, 197, 106, 88, 186, 241, 14,
       243, 237, 37, 21, 98, 162, 230, 115, 201, 178, 61, 251, 96, 172,
       121, 27, 63, 91, 119, 116, 223, 95, 136, 121, 167, 27, 127, 24,
       179, 220, 163, 215, 207, 251, 122, 198, 136, 128, 35, 241, 2, 16,
       34, 155, 117, 243, 56, 70, 31, 77, 91, 19, 172, 142, 38, 72, 249,
       43, 163, 145, 22, 190, 16, 247, 23, 118, 154, 67, 150, 15, 53,
       222, 11, 182, 244, 19, 227, 58, 189, 23, 107, 127, 31, 245, 172,
       46, 222, 174, 167, 23, 151, 149, 151, 88, 173, 240, 78, 95, 126,
       231, 142, 212, 143, 221, 222, 28, 230, 208, 230, 34, 249, 80, 57,
       234, 119, 247, 89, 207, 255, 9, 127, 253, 183, 183, 161, 214, 140,
       194, 86, 107, 251, 196, 175, 229, 115, 241, 231, 112, 246, 85,
       239, 89, 190, 200, 251, 246, 53, 187, 76, 236, 223, 191, 191, 213,
       247, 231, 132, 119, 174, 226, 23, 26, 75, 191, 199, 245, 79, 215,
       15, 50, 233, 219, 110, 49, 185, 216, 27, 115, 85, 247, 157, 204,
       222, 40, 255, 25, 55, 159, 147, 118, 174, 194, 94, 93, 187, 236,
       247, 199, 147, 245, 111, 114, 224, 64, 111, 81, 219, 216, 75, 254,
       181, 239, 74, 76, 223, 190, 31, 196, 247, 255, 205, 103, 238, 208,
       30, 89, 229, 255, 255, 191, 94, 247, 15, 22, 244, 21, 163, 122,
       189, 23, 47, 255, 31, 229, 236, 38, 195, 207, 39, 7, 255, 5, 149,
       212, 167, 194, 6, 119, 126, 135, 174, 244, 141, 221, 215, 88, 103,
       212, 103, 86, 254, 112, 189, 242, 151, 183, 73, 207, 183, 239, 39,
       245, 255, 231, 228, 213, 181, 200, 23, 122, 207, 134, 39, 181,
       117, 119, 13, 183, 240, 1, 181, 63, 108, 61, 119, 255, 95, 116,
       203, 96, 218, 172, 23, 14, 228, 60, 183, 240, 237, 134, 238, 223,
       53, 228, 238, 196, 155, 197, 199, 54, 149, 213, 96, 46, 41, 26,
       122, 170, 90, 244, 220, 114, 205, 250, 119, 77, 124, 172, 161,
       212, 197, 74, 132, 46, 107, 132, 140, 241, 43, 37, 221, 150, 239,
       193, 166, 50, 237, 151, 116, 115, 214, 246, 89, 47, 176, 107, 111,
       198, 63, 188, 185, 252, 37, 194, 94, 235, 254, 196, 175, 217, 240,
       121, 38, 116, 32, 130, 95, 245, 186, 200, 143, 252, 157, 43, 140,
       220, 127, 143, 220, 217, 147, 243, 134, 99, 250, 240, 31, 16, 139,
       191, 23, 127, 30, 215, 26, 165, 98, 241, 214, 163, 234, 115, 55,
       1, 127, 242, 105, 235, 188, 72, 123, 171, 23, 185, 178, 187, 4,
       223, 94, 207, 186, 196, 183, 206, 161, 129, 51, 187, 174, 26, 91,
       245, 144, 72, 203, 93, 157, 175, 40, 220, 54, 166, 236, 169, 219,
       213, 134, 107, 174, 241, 27, 81, 139, 187, 213, 14, 63, 215, 97,
       34, 93, 233, 108, 41, 233, 83, 109, 49, 246, 216, 157, 3, 208, 43,
       110, 156, 110, 152, 145, 190, 229, 192, 196, 249, 114, 68, 68,
       136, 67, 168, 158, 46, 174, 240, 168, 161, 153, 67, 178, 159, 181,
       185, 13, 175, 98, 27, 175, 179, 237, 149, 58, 79, 130, 194, 218,
       195, 254, 249, 229, 193, 167, 67, 19, 44, 74, 156, 20, 131, 234,
       99, 118, 192, 218, 199, 113, 200, 178, 64, 120, 168, 19, 141, 142,
       155, 4, 191, 112, 46, 171, 136, 61, 142, 120, 136, 8, 221, 62,
       223, 53, 245, 187, 119, 222, 12, 95, 2, 252, 223, 34, 96, 246, 59,
       155, 8, 226, 137, 58, 255, 103, 127, 186, 139, 22, 78, 37, 235, 2,
       157, 107, 219, 87, 243, 187, 127, 86, 69, 92, 199, 185, 223, 54,
       96, 127, 186, 151, 128, 147, 154, 116, 255, 119, 4, 170, 200, 55,
       206, 181, 254, 254, 81, 238, 227, 167, 86, 254, 220, 99, 253, 183,
       55, 72, 189, 95, 78, 254, 213, 245, 247, 156, 245, 189, 226, 187,
       249, 207, 199, 167, 183, 252, 87, 42, 245, 182, 208, 239, 213,
       188, 239, 159, 127, 220, 63, 12, 188, 126, 165, 207, 91, 247, 149,
       214, 219, 162, 245, 63, 90, 222, 239, 223, 92, 191, 223, 88, 219,
       86, 225, 179, 158, 126, 117, 189, 232, 114, 229, 207, 139, 160,
       208, 182, 181, 175, 224, 213, 185, 16, 204, 254, 251, 39, 199, 46,
       182, 233, 19, 42, 120, 99, 222, 93, 217, 187, 216, 31, 64, 124,
       143, 185, 221, 119, 164, 126, 249, 147, 65, 135, 62, 190, 255, 55,
       93, 139, 170, 95, 63, 119, 255, 166, 72, 22, 156, 77, 150, 190,
       224, 156, 134, 210, 2, 108, 250, 55, 205, 248, 224, 162, 227, 96,
       247, 2, 238, 21, 50, 203, 139, 23, 57, 121, 134, 139, 187, 233,
       249, 180, 158, 123, 55, 119, 107, 94, 116, 185, 47, 150, 96, 23,
       46, 23, 156, 251, 188, 101, 223, 207, 255, 182, 192, 175, 196,
       208, 249, 27, 223, 43, 158, 50, 215, 63, 246, 60, 76, 222, 229,
       255, 62, 178, 96, 126, 235, 159, 205, 237, 155, 37, 255, 242, 111,
       58, 130, 30, 150, 37, 125, 89, 225, 105, 103, 60, 74, 95, 188, 33,
       108, 183, 41, 219, 31, 154, 114, 126, 197, 93, 238, 205, 35, 233,
       173, 243, 249, 165, 149, 103, 178, 198, 107, 254, 149, 224, 194,
       215, 118, 223, 57, 19, 239, 159, 191, 72, 124, 94, 100, 255, 151,
       189, 183, 188, 227, 125, 222, 59, 95, 141, 215, 167, 238, 252, 87,
       190, 20, 232, 198, 221, 119, 218, 88, 25, 238, 191, 191, 74, 124,
       31, 44, 253, 213, 215, 183, 188, 227, 125, 234, 27, 95, 141, 151,
       231, 239, 94, 87, 10, 145, 62, 254, 63, 209, 191, 253, 222, 29,
       93, 35, 252, 255, 42, 96, 222, 59, 155, 194, 50, 33, 42, 255, 103,
       255, 138, 139, 22, 15, 165, 227, 138, 186, 237, 155, 238, 209,
       185, 217, 31, 93, 84, 247, 44, 156, 255, 11, 239, 27, 151, 213,
       183, 127, 46, 241, 94, 91, 254, 239, 159, 141, 181, 223, 109, 123,
       185, 101, 36, 12, 127, 148, 105, 232, 190, 76, 159, 155, 193, 50,
       148, 116, 124, 110, 201, 48, 241, 34, 227, 253, 37, 176, 74, 179,
       66, 35, 104, 191, 158, 117, 176, 174, 117, 183, 49, 191, 126, 25,
       159, 59, 0, 27, 133, 119, 100, 8, 56, 248, 209, 44, 239, 255, 116,
       65, 194, 241, 206, 11, 49, 14, 67, 204, 22, 147, 226, 82, 86, 1,
       250, 198, 49, 200, 180, 228, 120, 168, 6, 137, 139, 187, 36, 223,
       48, 236, 162, 64, 125, 138, 112, 172, 130, 9, 18, 156, 71, 133,
       178, 98, 156, 128, 120, 2, 44, 218, 37, 192, 250, 185, 147, 195,
       64, 191, 18, 239, 17, 52, 138, 11, 21, 41, 57, 134, 17, 14, 67,
       203, 86, 163, 235, 83, 86, 1, 251, 194, 57, 195, 180, 100, 122,
       168, 6, 152, 147, 186, 36, 223, 20, 172, 178, 192, 191, 138, 112,
       160, 166, 72, 146, 156, 69, 182, 190, 98, 28, 130, 82, 2, 44, 250,
       55, 76, 248, 233, 162, 195, 68, 191, 18, 234, 23, 54, 218, 11, 23,
       125, 49, 142, 29, 164, 235, 233, 214, 163, 235, 91, 118, 65, 123,
       198, 89, 203, 184, 96, 121, 168, 23, 156, 155, 176, 44, 211, 220,
       207, 171, 196, 189, 203, 240, 176, 70, 88, 226, 212, 103, 180,
       190, 82, 185, 194, 90, 131, 8, 190, 247, 248, 255, 253, 183, 135,
       192, 215, 182, 234, 23, 62, 223, 139, 135, 245, 121, 215, 111,
       122, 232, 64, 102, 81, 190, 218, 75, 236, 124, 239, 8, 156, 215,
       60, 63, 221, 183, 247, 197, 50, 164, 208, 118, 93, 173, 175, 239,
       191, 94, 245, 23, 58, 251, 225, 230, 179, 187, 210, 123, 227, 93,
       226, 29, 174, 245, 40, 127, 253, 55, 159, 147, 178, 172, 194, 94,
       77, 171, 228, 165, 239, 115, 209, 79, 58, 226, 64, 226, 57, 187,
       83, 43, 239, 126, 239, 12, 174, 247, 60, 183, 221, 183, 149, 149,
       26, 180, 192, 30, 93, 43, 238, 239, 229, 15, 213, 46, 120, 226,
       148, 199, 121, 190, 192, 27, 230, 112, 139, 12, 220, 119, 140,
       191, 253, 179, 199, 132, 118, 156, 240, 23, 92, 143, 175, 199,
       253, 127, 215, 75, 179, 234, 193, 227, 122, 191, 215, 43, 109, 94,
       167, 12, 174, 246, 164, 55, 223, 183, 149, 151, 152, 164, 226, 30,
       95, 190, 199, 175, 198, 143, 221, 31, 60, 227, 240, 230, 178, 250,
       83, 185, 202, 90, 231, 29, 254, 245, 104, 127, 253, 55, 151, 149,
