%YAML:1.0
---
descriptors: !!opencv-matrix
   rows: 77
   cols: 32
   dt: u
   data: [ 174, 113, 122, 104, 71, 221, 216, 200, 75, 52, 248, 11, 8,
       156, 127, 128, 254, 153, 147, 83, 206, 51, 18, 208, 83, 217, 128,
       127, 119, 31, 126, 150, 209, 26, 63, 245, 66, 134, 121, 119, 124,
       72, 118, 70, 60, 147, 33, 113, 228, 181, 62, 140, 193, 153, 33,
       205, 85, 171, 50, 130, 33, 0, 33, 41, 112, 205, 92, 238, 140, 72,
       87, 238, 129, 4, 172, 10, 51, 49, 33, 67, 72, 242, 9, 106, 72, 43,
       122, 173, 243, 225, 68, 57, 51, 251, 212, 42, 95, 73, 195, 126,
       144, 198, 78, 180, 180, 192, 234, 192, 113, 246, 177, 112, 124,
       247, 121, 206, 201, 139, 60, 108, 249, 237, 175, 128, 45, 243,
       162, 120, 27, 141, 7, 184, 151, 231, 152, 103, 141, 65, 218, 131,
       175, 174, 48, 196, 234, 171, 159, 133, 31, 137, 17, 223, 185, 246,
       154, 210, 181, 76, 177, 94, 91, 141, 7, 188, 153, 212, 86, 167,
       161, 64, 202, 9, 239, 254, 34, 243, 193, 231, 253, 193, 124, 11,
       146, 189, 185, 243, 206, 27, 2, 116, 190, 78, 252, 123, 254, 101,
       228, 74, 231, 245, 112, 166, 246, 42, 115, 121, 149, 35, 58, 244,
       108, 106, 232, 241, 161, 40, 247, 233, 101, 17, 101, 250, 214, 43,
       94, 185, 58, 190, 41, 205, 19, 200, 171, 220, 160, 9, 174, 223,
       99, 18, 134, 177, 255, 64, 14, 3, 218, 249, 219, 213, 11, 59, 16,
       38, 15, 83, 82, 160, 174, 189, 58, 195, 25, 170, 182, 245, 70,
       161, 245, 247, 106, 66, 151, 127, 249, 145, 6, 73, 139, 29, 203,
       227, 239, 253, 176, 32, 13, 90, 65, 82, 215, 205, 108, 28, 232,
       17, 239, 216, 242, 238, 153, 136, 212, 238, 110, 165, 126, 141,
       197, 118, 231, 192, 22, 120, 234, 136, 79, 168, 105, 157, 74, 34,
       104, 161, 108, 137, 233, 88, 175, 61, 150, 239, 143, 139, 210, 11,
       46, 129, 223, 157, 134, 115, 198, 208, 212, 81, 235, 236, 197,
       140, 1, 209, 106, 35, 126, 233, 60, 139, 248, 91, 207, 49, 188,
       226, 157, 207, 244, 96, 126, 157, 127, 185, 146, 33, 102, 212,
       222, 217, 171, 252, 183, 136, 225, 129, 78, 223, 254, 242, 229,
       252, 251, 212, 169, 93, 63, 167, 110, 255, 190, 254, 231, 247,
       191, 87, 151, 49, 186, 225, 87, 125, 234, 195, 207, 223, 204, 87,
       253, 4, 189, 252, 188, 78, 70, 184, 208, 202, 178, 80, 215, 125,
       25, 123, 217, 244, 125, 58, 57, 231, 219, 14, 251, 235, 231, 20,
       160, 121, 240, 34, 78, 57, 144, 19, 249, 189, 50, 194, 171, 252,
       44, 45, 174, 244, 67, 158, 133, 127, 232, 82, 22, 73, 154, 112,
       15, 20, 21, 123, 194, 37, 15, 223, 202, 211, 180, 159, 139, 84,
       52, 175, 142, 95, 134, 55, 236, 246, 106, 199, 197, 87, 251, 129,
       84, 77, 251, 241, 173, 50, 222, 211, 2, 52, 189, 95, 15, 159, 235,
       217, 246, 147, 255, 255, 95, 73, 94, 231, 221, 237, 180, 100, 127,
       187, 23, 189, 183, 184, 45, 255, 110, 95, 191, 198, 223, 204, 241,
       253, 172, 240, 188, 241, 189, 207, 213, 159, 86, 255, 180, 26,
       178, 29, 122, 105, 217, 26, 23, 24, 43, 252, 121, 178, 79, 223,
       245, 117, 208, 88, 212, 250, 21, 29, 111, 239, 182, 230, 111, 247,
       84, 73, 222, 66, 81, 55, 177, 96, 127, 230, 31, 234, 153, 153, 61,
       46, 249, 175, 167, 192, 181, 251, 240, 113, 108, 185, 121, 74,
       246, 217, 86, 176, 67, 192, 92, 106, 58, 221, 213, 160, 2, 250,
       151, 90, 211, 42, 234, 191, 127, 93, 37, 251, 119, 139, 92, 123,
       203, 114, 120, 160, 108, 60, 248, 86, 233, 89, 181, 125, 157, 26,
       214, 59, 174, 129, 223, 213, 135, 39, 128, 192, 214, 89, 58, 186,
       78, 133, 139, 157, 248, 105, 94, 108, 131, 78, 118, 119, 177, 128,
       238, 9, 63, 175, 3, 19, 56, 246, 237, 102, 108, 235, 144, 40, 243,
       233, 101, 1, 107, 240, 234, 154, 90, 249, 190, 178, 139, 204, 17,
       198, 175, 93, 136, 9, 174, 190, 66, 82, 163, 115, 249, 81, 82, 75,
       186, 241, 249, 213, 30, 123, 128, 6, 167, 123, 1, 34, 231, 93,
       110, 27, 232, 81, 102, 249, 242, 238, 147, 136, 212, 234, 110,
       172, 126, 141, 141, 246, 231, 192, 6, 41, 243, 128, 109, 168, 120,
       189, 139, 87, 238, 253, 37, 118, 93, 190, 17, 206, 86, 229, 251,
       253, 191, 231, 86, 118, 189, 109, 237, 196, 119, 171, 227, 255,
       252, 131, 46, 252, 28, 125, 49, 143, 67, 222, 244, 130, 238, 115,
       84, 1, 219, 230, 113, 235, 176, 96, 122, 234, 22, 172, 249, 187,
       4, 255, 184, 174, 174, 192, 61, 234, 240, 160, 92, 120, 187, 182,
       211, 102, 121, 17, 179, 239, 71, 147, 93, 191, 97, 90, 119, 253,
       189, 145, 32, 215, 176, 194, 219, 231, 255, 137, 164, 241, 39,
       114, 73, 88, 186, 252, 40, 68, 89, 20, 171, 78, 6, 37, 189, 183,
       195, 122, 198, 117, 61, 76, 132, 69, 179, 96, 211, 189, 122, 136,
       0, 177, 45, 91, 196, 134, 193, 245, 252, 41, 238, 191, 190, 147,
       176, 242, 249, 227, 224, 65, 123, 195, 78, 168, 49, 109, 78, 223,
       188, 150, 247, 108, 180, 232, 193, 160, 124, 65, 106, 238, 85, 86,
       90, 232, 101, 4, 239, 3, 107, 29, 63, 112, 248, 212, 183, 226, 12,
       179, 121, 141, 243, 253, 128, 7, 51, 191, 124, 198, 60, 65, 98,
       231, 21, 91, 218, 96, 69, 160, 247, 3, 75, 25, 63, 164, 248, 220,
       151, 226, 76, 179, 25, 140, 219, 221, 133, 7, 103, 191, 124, 6,
       41, 245, 112, 67, 246, 29, 247, 253, 91, 105, 125, 110, 56, 121,
       158, 52, 54, 154, 22, 56, 243, 58, 188, 223, 126, 13, 37, 236,
       239, 154, 210, 185, 57, 243, 116, 65, 125, 159, 237, 253, 71, 61,
       61, 38, 75, 9, 222, 180, 127, 156, 134, 184, 202, 56, 125, 213,
       111, 221, 5, 100, 127, 138, 202, 189, 89, 56, 177, 165, 37, 126,
       72, 18, 37, 234, 218, 72, 191, 54, 129, 254, 192, 247, 252, 1, 9,
       144, 241, 136, 133, 247, 240, 144, 162, 253, 4, 125, 108, 57, 218,
       225, 245, 110, 122, 18, 33, 233, 126, 77, 155, 179, 195, 154, 30,
       254, 213, 24, 25, 216, 209, 136, 206, 221, 164, 161, 174, 233, 74,
       19, 201, 83, 251, 236, 96, 68, 125, 21, 233, 76, 118, 228, 189,
       151, 176, 118, 70, 180, 61, 78, 193, 20, 182, 193, 103, 184, 34,
       136, 54, 178, 101, 121, 2, 12, 171, 155, 212, 231, 187, 71, 30,
       71, 76, 2, 180, 220, 53, 96, 217, 59, 19, 145, 34, 156, 112, 255,
       101, 22, 158, 3, 148, 90, 181, 234, 160, 184, 184, 81, 133, 237,
       113, 87, 95, 183, 38, 26, 150, 189, 66, 40, 201, 58, 59, 24, 18,
       248, 115, 18, 207, 159, 21, 117, 208, 72, 197, 106, 17, 143, 67,
       254, 150, 162, 203, 242, 212, 1, 218, 230, 113, 227, 176, 96, 123,
       234, 6, 236, 187, 187, 12, 191, 184, 174, 163, 192, 61, 171, 240,
       161, 60, 65, 122, 232, 85, 22, 82, 248, 197, 140, 247, 2, 91, 217,
       45, 64, 120, 252, 135, 234, 72, 163, 40, 140, 115, 233, 163, 13,
       115, 187, 124, 138, 3, 59, 235, 151, 102, 177, 189, 85, 31, 238,
       85, 231, 61, 238, 247, 105, 126, 171, 151, 149, 165, 216, 46, 248,
       94, 75, 254, 160, 191, 220, 49, 221, 122, 235, 160, 130, 157, 217,
       154, 198, 203, 245, 140, 11, 174, 172, 86, 134, 137, 195, 233, 85,
       94, 107, 234, 241, 187, 85, 159, 127, 199, 14, 159, 78, 120, 105,
       250, 101, 7, 94, 118, 119, 97, 166, 246, 10, 59, 169, 17, 18, 42,
       244, 237, 106, 72, 251, 145, 8, 243, 237, 101, 17, 99, 248, 206,
       10, 250, 173, 22, 188, 137, 208, 84, 103, 185, 12, 200, 9, 175,
       178, 2, 215, 192, 247, 237, 1, 124, 75, 194, 189, 177, 241, 94,
       59, 2, 100, 166, 14, 137, 181, 0, 75, 149, 151, 79, 191, 86, 65,
       76, 84, 241, 114, 58, 228, 81, 10, 18, 172, 251, 152, 121, 31, 45,
       173, 134, 108, 58, 128, 248, 152, 120, 195, 124, 76, 186, 75, 87,
       189, 3, 37, 188, 170, 99, 55, 170, 86, 90, 214, 204, 96, 72, 43,
       105, 61, 123, 229, 37, 55, 115, 154, 196, 43, 120, 195, 120, 78,
       234, 73, 23, 252, 227, 60, 188, 40, 99, 247, 46, 23, 26, 210, 197,
       98, 74, 43, 234, 49, 115, 225, 100, 63, 115, 242, 198, 43, 61,
       171, 106, 64, 252, 27, 211, 121, 69, 172, 252, 174, 19, 12, 246,
       32, 126, 156, 70, 122, 220, 187, 101, 156, 94, 13, 37, 229, 119,
