%YAML:1.0
---
descriptors: !!opencv-matrix
   rows: 240
   cols: 32
   dt: u
   data: [ 108, 249, 188, 118, 169, 205, 87, 220, 171, 252, 188, 77, 255,
       255, 75, 154, 133, 115, 253, 82, 210, 99, 154, 49, 235, 217, 101,
       62, 202, 115, 143, 83, 154, 219, 126, 190, 107, 144, 58, 96, 173,
       140, 85, 167, 108, 206, 38, 81, 166, 243, 239, 199, 70, 131, 2,
       237, 242, 113, 106, 139, 38, 39, 47, 87, 60, 53, 220, 225, 245,
       127, 120, 27, 63, 239, 123, 21, 207, 47, 10, 24, 191, 159, 247,
       48, 60, 240, 81, 130, 207, 255, 51, 197, 231, 224, 206, 211, 162,
       96, 116, 64, 109, 61, 240, 74, 239, 250, 240, 25, 138, 153, 215,
       63, 202, 153, 239, 1, 164, 118, 243, 208, 23, 216, 82, 63, 71,
       140, 82, 143, 125, 227, 73, 226, 45, 13, 207, 248, 3, 232, 181,
       78, 219, 205, 89, 48, 156, 200, 95, 110, 203, 35, 248, 189, 243,
       217, 37, 60, 123, 187, 82, 240, 88, 185, 185, 112, 187, 205, 113,
       215, 235, 113, 164, 24, 30, 155, 64, 50, 163, 147, 252, 16, 27,
       43, 178, 177, 251, 221, 20, 127, 234, 0, 199, 59, 143, 237, 103,
       223, 37, 212, 127, 176, 245, 78, 95, 130, 249, 223, 151, 229, 38,
       122, 191, 207, 227, 220, 255, 239, 231, 123, 239, 128, 38, 183,
       117, 245, 104, 169, 168, 252, 201, 229, 93, 207, 131, 13, 236, 9,
       166, 175, 98, 16, 201, 251, 227, 128, 26, 10, 242, 51, 219, 247,
       156, 57, 144, 80, 174, 90, 125, 81, 249, 229, 164, 94, 94, 184,
       103, 232, 191, 12, 219, 115, 73, 112, 144, 228, 124, 106, 205, 48,
       249, 40, 239, 253, 37, 20, 170, 187, 66, 99, 126, 241, 122, 42,
       61, 213, 154, 108, 139, 108, 189, 173, 78, 220, 126, 50, 222, 213,
       253, 119, 222, 35, 250, 145, 187, 125, 45, 255, 86, 158, 158, 87,
       25, 159, 67, 237, 180, 167, 235, 119, 20, 73, 218, 230, 177, 231,
       176, 96, 126, 170, 31, 140, 155, 185, 37, 191, 232, 175, 170, 192,
       188, 136, 240, 185, 178, 76, 82, 206, 95, 19, 214, 232, 29, 6,
       248, 11, 106, 201, 55, 144, 222, 249, 135, 98, 108, 183, 74, 255,
       51, 30, 129, 43, 119, 191, 126, 158, 38, 76, 114, 222, 87, 195,
       254, 232, 93, 6, 120, 3, 104, 252, 63, 0, 218, 249, 131, 227, 228,
       182, 74, 255, 55, 126, 131, 11, 85, 127, 118, 143, 70, 122, 226,
       150, 83, 148, 186, 192, 184, 196, 210, 167, 108, 206, 119, 194,
       238, 253, 151, 199, 133, 215, 190, 234, 21, 52, 139, 139, 13, 55,
       63, 223, 27, 219, 67, 171, 246, 151, 234, 245, 21, 73, 90, 231,
       121, 78, 180, 228, 126, 233, 23, 253, 215, 152, 61, 253, 60, 108,
       175, 192, 63, 158, 177, 221, 73, 253, 29, 229, 164, 78, 127, 182,
       100, 232, 254, 100, 255, 63, 0, 98, 135, 118, 124, 106, 89, 248,
       241, 45, 231, 239, 103, 20, 104, 186, 131, 43, 34, 76, 18, 159,
       85, 199, 182, 230, 31, 10, 88, 3, 172, 253, 53, 64, 217, 123, 147,
       67, 96, 190, 66, 255, 39, 54, 154, 3, 23, 127, 61, 138, 104, 249,
       112, 98, 109, 157, 86, 244, 239, 172, 180, 41, 175, 155, 70, 148,
       142, 233, 206, 74, 204, 43, 218, 241, 243, 217, 5, 59, 82, 158,
       202, 139, 161, 12, 222, 245, 228, 172, 105, 7, 119, 147, 102, 16,
       183, 169, 81, 123, 235, 238, 54, 24, 59, 252, 211, 194, 207, 251,
       212, 64, 237, 232, 72, 168, 11, 13, 62, 159, 54, 243, 187, 70,
       156, 196, 94, 135, 172, 198, 163, 228, 238, 59, 155, 197, 165,
       153, 54, 238, 228, 54, 154, 131, 22, 76, 45, 253, 59, 93, 98, 219,
       87, 247, 250, 95, 87, 73, 124, 231, 41, 223, 182, 228, 124, 186,
       151, 132, 143, 186, 52, 255, 51, 92, 138, 138, 55, 142, 116, 255,
       83, 90, 46, 156, 40, 246, 185, 98, 172, 222, 214, 36, 220, 182,
       183, 111, 102, 117, 255, 235, 160, 201, 167, 236, 209, 50, 203,
       131, 4, 117, 53, 119, 153, 31, 107, 223, 214, 214, 239, 119, 84,
       76, 222, 230, 121, 230, 178, 100, 120, 170, 142, 172, 253, 187,
       53, 255, 119, 111, 162, 128, 63, 142, 244, 253, 24, 159, 107, 203,
       214, 211, 107, 119, 85, 69, 126, 199, 113, 231, 182, 100, 122,
       170, 6, 172, 255, 186, 117, 255, 119, 237, 162, 128, 119, 142,
       244, 252, 63, 126, 227, 101, 118, 50, 107, 80, 117, 232, 127, 230,
       123, 253, 183, 180, 126, 236, 23, 191, 141, 176, 36, 206, 114,
       237, 165, 128, 239, 254, 114, 245, 27, 54, 235, 229, 118, 114,
       127, 83, 113, 206, 127, 230, 89, 47, 183, 116, 126, 252, 151, 172,
       141, 148, 165, 202, 118, 239, 162, 128, 47, 230, 118, 245, 126,
       215, 111, 239, 166, 122, 223, 189, 41, 94, 159, 231, 79, 127, 158,
       87, 246, 215, 253, 231, 253, 193, 109, 204, 242, 123, 239, 215,
       47, 246, 148, 119, 95, 215, 126, 165, 182, 90, 223, 253, 125, 252,
       31, 231, 79, 108, 190, 101, 247, 197, 157, 39, 244, 145, 45, 204,
       250, 123, 111, 199, 39, 254, 181, 87, 13, 182, 115, 219, 246, 251,
       177, 89, 220, 127, 85, 246, 220, 220, 170, 109, 119, 57, 142, 49,
       183, 244, 45, 220, 76, 3, 123, 238, 150, 202, 149, 241, 11, 159,
       67, 156, 247, 145, 172, 103, 159, 75, 88, 231, 44, 234, 180, 228,
       239, 43, 147, 133, 247, 155, 6, 223, 60, 54, 158, 138, 31, 76, 57,
       157, 110, 180, 177, 248, 237, 173, 249, 222, 59, 123, 120, 88,
       156, 223, 88, 188, 157, 155, 215, 145, 147, 122, 210, 243, 93,
       221, 191, 236, 219, 76, 195, 179, 88, 112, 149, 165, 61, 78, 120,
       56, 175, 172, 186, 33, 207, 159, 0, 214, 246, 181, 253, 96, 8,
       129, 209, 156, 219, 245, 11, 23, 34, 134, 37, 115, 75, 180, 120,
       248, 253, 253, 253, 87, 239, 95, 188, 189, 188, 159, 214, 36, 175,
       155, 223, 149, 247, 47, 162, 215, 247, 93, 58, 251, 86, 196, 135,
       95, 88, 208, 150, 189, 31, 79, 184, 104, 174, 172, 210, 3, 239,
       222, 10, 70, 254, 253, 255, 225, 8, 209, 219, 221, 221, 247, 207,
       23, 162, 46, 37, 211, 33, 50, 111, 253, 108, 139, 233, 87, 44,
       121, 118, 246, 157, 135, 144, 107, 110, 156, 127, 140, 145, 252,
       103, 192, 84, 185, 242, 192, 61, 136, 113, 249, 135, 20, 239, 149,
       38, 54, 169, 91, 92, 211, 86, 214, 208, 40, 190, 111, 127, 4, 59,
       173, 177, 245, 53, 198, 4, 42, 250, 196, 141, 232, 177, 245, 5,
       13, 152, 219, 148, 175, 66, 67, 86, 3, 73, 66, 246, 241, 33, 64,
       89, 42, 2, 24, 18, 184, 73, 63, 165, 134, 1, 0, 144, 235, 208, 0,
       45, 125, 83, 69, 241, 31, 102, 180, 105, 232, 122, 76, 251, 112,
       149, 180, 148, 108, 86, 110, 197, 176, 125, 174, 38, 221, 37, 2,
       74, 247, 202, 157, 42, 211, 226, 74, 251, 209, 159, 231, 199, 69,
       221, 175, 40, 172, 254, 164, 95, 138, 147, 149, 214, 43, 110, 241,
       122, 93, 148, 251, 215, 142, 254, 255, 47, 127, 96, 39, 245, 31,
       206, 184, 93, 232, 121, 205, 203, 72, 159, 180, 156, 204, 214,
       111, 205, 178, 125, 188, 166, 89, 37, 180, 79, 191, 90, 213, 219,
       151, 110, 134, 230, 90, 191, 248, 173, 254, 151, 167, 77, 172,
       191, 67, 62, 215, 255, 231, 245, 113, 61, 221, 114, 123, 235, 135,
       127, 255, 45, 93, 134, 120, 226, 158, 71, 212, 186, 64, 188, 200,
       208, 135, 44, 206, 55, 64, 254, 249, 151, 199, 196, 151, 182, 232,
       21, 56, 138, 139, 5, 55, 63, 223, 45, 55, 245, 67, 252, 63, 239,
       152, 87, 249, 61, 76, 210, 117, 221, 172, 93, 220, 82, 126, 147,
       242, 125, 184, 47, 30, 133, 116, 223, 251, 210, 180, 205, 112,
       255, 211, 238, 56, 237, 220, 239, 210, 118, 246, 157, 159, 223,
       111, 103, 109, 127, 95, 129, 245, 175, 224, 214, 217, 119, 172,
       142, 241, 35, 249, 29, 141, 239, 95, 150, 242, 235, 250, 118, 65,
       95, 230, 89, 230, 179, 97, 119, 238, 55, 239, 177, 144, 45, 127,
       124, 47, 175, 196, 189, 227, 49, 113, 230, 17, 98, 216, 237, 85,
       248, 236, 93, 196, 245, 59, 72, 252, 127, 9, 254, 153, 179, 227,
       182, 247, 62, 223, 31, 30, 203, 239, 87, 61, 116, 215, 108, 180,
       241, 75, 233, 109, 81, 155, 27, 115, 45, 24, 218, 119, 76, 60,
       221, 154, 115, 58, 27, 118, 251, 211, 79, 158, 17, 126, 218, 194,
       198, 242, 79, 121, 230, 87, 37, 212, 126, 176, 237, 200, 215, 131,
