%YAML:1.0
---
descriptors: !!opencv-matrix
   rows: 193
   cols: 32
   dt: u
   data: [ 103, 253, 188, 190, 157, 221, 150, 236, 255, 243, 168, 9, 238,
       248, 95, 163, 201, 227, 250, 83, 239, 107, 218, 247, 187, 215, 95,
       127, 216, 127, 139, 142, 40, 176, 144, 88, 253, 253, 209, 207,
       219, 63, 180, 56, 142, 185, 76, 188, 137, 155, 230, 16, 18, 111,
       242, 211, 31, 158, 21, 127, 211, 8, 206, 175, 79, 186, 187, 95,
       56, 223, 59, 248, 190, 253, 76, 228, 252, 246, 202, 244, 151, 125,
       255, 92, 135, 75, 254, 115, 142, 87, 47, 254, 26, 166, 11, 253,
       86, 114, 50, 156, 11, 209, 152, 72, 175, 148, 132, 163, 44, 206,
       103, 66, 246, 177, 235, 227, 70, 3, 170, 221, 147, 48, 139, 187,
       20, 39, 37, 87, 2, 148, 22, 153, 211, 228, 184, 39, 189, 19, 74,
       19, 172, 190, 32, 73, 231, 59, 155, 129, 50, 220, 19, 213, 5, 50,
       218, 67, 144, 68, 165, 154, 245, 64, 204, 175, 44, 14, 78, 56, 33,
       130, 179, 13, 211, 75, 25, 83, 122, 197, 109, 238, 72, 230, 217,
       168, 210, 249, 229, 20, 44, 179, 74, 2, 225, 14, 73, 173, 4, 43,
       97, 3, 4, 34, 194, 222, 147, 1, 129, 73, 72, 172, 74, 172, 41,
       182, 69, 8, 212, 128, 178, 16, 56, 72, 112, 168, 191, 231, 96,
       206, 237, 113, 222, 248, 195, 246, 189, 143, 74, 236, 255, 167,
       255, 192, 215, 231, 204, 35, 238, 250, 59, 89, 205, 191, 119, 255,
       254, 247, 69, 237, 140, 191, 156, 173, 127, 175, 150, 247, 75, 29,
       245, 243, 91, 75, 209, 111, 123, 87, 118, 88, 219, 51, 237, 39,
       255, 124, 152, 123, 145, 90, 130, 152, 50, 147, 103, 253, 184,
       102, 60, 79, 83, 183, 172, 174, 38, 65, 166, 59, 147, 133, 182,
       156, 32, 247, 5, 18, 218, 195, 4, 12, 5, 223, 238, 102, 132, 47,
       169, 43, 206, 152, 59, 178, 177, 204, 203, 99, 89, 159, 89, 196,
       236, 234, 44, 118, 205, 168, 174, 242, 205, 52, 202, 255, 10, 132,
       116, 87, 76, 167, 180, 15, 102, 184, 61, 170, 219, 237, 199, 105,
       25, 80, 80, 196, 108, 98, 236, 240, 73, 46, 166, 247, 37, 23, 42,
       251, 218, 3, 237, 119, 132, 167, 141, 30, 6, 184, 90, 162, 139,
       205, 231, 96, 201, 211, 148, 196, 104, 110, 237, 66, 221, 170,
       172, 242, 205, 48, 10, 127, 24, 4, 212, 46, 140, 150, 142, 40, 20,
       142, 178, 183, 134, 187, 99, 233, 79, 75, 225, 230, 233, 150, 44,
       77, 207, 34, 154, 99, 247, 59, 164, 249, 156, 74, 252, 174, 156,
       50, 137, 173, 84, 191, 246, 59, 166, 93, 231, 233, 74, 91, 197,
       206, 236, 21, 190, 109, 203, 51, 250, 247, 117, 125, 234, 213,
       138, 9, 35, 153, 35, 205, 93, 213, 206, 246, 69, 64, 200, 66, 176,
       152, 53, 228, 88, 234, 18, 217, 203, 170, 118, 189, 37, 60, 142,
       40, 31, 142, 112, 172, 214, 166, 236, 183, 138, 34, 28, 174, 179,
       191, 146, 183, 199, 110, 75, 11, 207, 199, 237, 183, 60, 77, 207,
       162, 200, 195, 255, 215, 164, 244, 190, 87, 37, 197, 101, 71, 212,
       15, 239, 184, 84, 226, 127, 70, 81, 97, 157, 36, 125, 206, 50,
       238, 233, 240, 125, 46, 44, 46, 229, 4, 237, 251, 240, 176, 103,
       247, 132, 39, 153, 22, 70, 184, 131, 184, 169, 237, 226, 96, 75,
       134, 221, 230, 232, 247, 221, 98, 223, 184, 172, 84, 205, 54, 74,
       127, 154, 149, 231, 38, 148, 147, 172, 41, 104, 15, 255, 179, 163,
       220, 195, 224, 220, 207, 217, 7, 110, 28, 62, 101, 203, 146, 142,
       218, 85, 117, 216, 204, 200, 4, 103, 189, 156, 122, 169, 253, 148,
       175, 251, 251, 168, 24, 238, 248, 78, 187, 137, 83, 248, 17, 191,
       107, 219, 243, 175, 223, 95, 127, 216, 80, 203, 30, 134, 170, 158,
       176, 235, 233, 176, 194, 171, 187, 184, 59, 140, 223, 73, 26, 175,
       91, 235, 17, 18, 111, 138, 210, 157, 16, 31, 127, 192, 89, 175,
       131, 86, 245, 174, 255, 184, 7, 127, 248, 62, 150, 239, 141, 245,
       231, 73, 81, 253, 111, 111, 238, 106, 211, 219, 63, 253, 167, 239,
       220, 136, 243, 37, 210, 34, 206, 32, 155, 85, 129, 162, 198, 30,
       5, 88, 131, 160, 204, 54, 132, 217, 43, 131, 85, 70, 186, 78, 255,
       45, 20, 154, 107, 85, 31, 61, 206, 18, 24, 127, 241, 50, 226, 57,
       67, 189, 13, 119, 50, 29, 223, 166, 121, 230, 61, 191, 144, 48,
       221, 32, 206, 214, 255, 122, 195, 165, 128, 37, 227, 131, 220, 58,
       152, 117, 213, 190, 231, 157, 75, 80, 119, 44, 158, 54, 96, 239,
       59, 147, 129, 231, 189, 50, 255, 59, 20, 158, 203, 28, 12, 189,
       223, 41, 56, 119, 73, 77, 223, 232, 80, 111, 115, 242, 78, 154,
       156, 214, 237, 236, 173, 126, 221, 159, 251, 247, 208, 23, 121,
       19, 2, 79, 12, 120, 156, 34, 191, 144, 154, 251, 153, 180, 239,
       159, 25, 56, 253, 172, 232, 230, 132, 143, 123, 238, 17, 182, 107,
       202, 243, 44, 20, 30, 251, 222, 76, 155, 159, 6, 168, 148, 154,
       249, 241, 176, 204, 159, 55, 17, 59, 172, 250, 110, 142, 203, 91,
       235, 17, 54, 79, 202, 241, 29, 22, 223, 111, 146, 77, 141, 198, 9,
       198, 27, 105, 52, 143, 111, 23, 124, 10, 126, 68, 254, 65, 144,
       112, 149, 44, 78, 14, 195, 180, 49, 31, 229, 255, 48, 0, 90, 130,
       67, 9, 154, 181, 38, 185, 155, 151, 188, 103, 159, 21, 213, 151,
       172, 206, 46, 65, 237, 59, 131, 132, 118, 157, 26, 223, 171, 209,
       158, 71, 18, 12, 173, 222, 66, 176, 178, 144, 111, 205, 176, 1,
       171, 93, 81, 59, 172, 158, 110, 11, 166, 57, 243, 17, 2, 108, 146,
       209, 5, 16, 90, 235, 128, 12, 135, 219, 30, 235, 166, 159, 219,
       150, 188, 237, 159, 149, 210, 135, 236, 238, 47, 199, 255, 239,
       235, 245, 134, 211, 207, 253, 190, 114, 207, 207, 151, 54, 45,
       198, 173, 253, 245, 69, 244, 95, 239, 188, 127, 234, 122, 228,
       251, 116, 157, 165, 95, 222, 54, 110, 225, 240, 125, 110, 46, 158,
       39, 132, 239, 250, 194, 245, 2, 148, 178, 155, 115, 228, 184, 67,
       62, 95, 83, 183, 172, 254, 42, 72, 247, 59, 147, 17, 50, 156, 26,
       195, 5, 54, 26, 195, 148, 4, 37, 211, 213, 166, 140, 183, 172, 58,
       76, 175, 242, 247, 130, 213, 199, 104, 90, 75, 197, 70, 236, 23,
       188, 69, 207, 38, 140, 227, 255, 213, 172, 117, 153, 87, 97, 169,
       24, 140, 77, 221, 229, 103, 197, 100, 172, 8, 162, 128, 102, 22,
       200, 170, 74, 140, 76, 43, 242, 217, 183, 216, 146, 59, 82, 8,
       246, 206, 2, 149, 114, 138, 87, 192, 178, 103, 12, 5, 89, 163,
       108, 222, 46, 64, 126, 59, 131, 129, 82, 152, 0, 221, 40, 36, 154,
       195, 21, 14, 181, 219, 117, 69, 141, 167, 140, 70, 71, 184, 160,
       226, 143, 9, 87, 115, 9, 114, 81, 196, 125, 106, 105, 195, 219,
       46, 249, 167, 229, 20, 160, 243, 210, 66, 34, 121, 43, 76, 77,
       205, 100, 79, 71, 192, 232, 79, 34, 140, 117, 48, 200, 168, 66,
       64, 207, 43, 246, 219, 51, 20, 134, 43, 89, 58, 118, 254, 120, 93,
       24, 174, 25, 93, 86, 238, 32, 4, 136, 9, 175, 50, 1, 208, 128,
       243, 204, 67, 110, 11, 80, 63, 241, 197, 40, 57, 48, 19, 15, 10,
       19, 30, 79, 190, 54, 162, 46, 115, 188, 75, 219, 231, 117, 230,
       176, 64, 118, 239, 63, 141, 181, 153, 5, 239, 240, 46, 170, 192,
       60, 226, 49, 209, 34, 249, 0, 155, 221, 213, 180, 239, 31, 21, 64,
       19, 172, 222, 110, 133, 201, 27, 147, 145, 86, 122, 90, 245, 45,
       16, 158, 107, 146, 12, 157, 158, 129, 0, 27, 190, 100, 173, 225,
       71, 252, 27, 99, 16, 182, 128, 40, 75, 224, 42, 74, 12, 35, 173,
       18, 67, 213, 176, 82, 8, 88, 72, 225, 168, 123, 255, 226, 141,
       255, 159, 190, 255, 31, 173, 222, 239, 104, 168, 182, 196, 255,
       239, 255, 213, 222, 155, 213, 255, 62, 127, 175, 246, 159, 222,
       249, 221, 116, 235, 72, 42, 56, 137, 75, 16, 166, 44, 189, 173,
       247, 195, 75, 18, 72, 160, 76, 70, 78, 3, 192, 25, 208, 193, 161,
       185, 120, 131, 78, 2, 193, 28, 151, 149, 33, 220, 36, 7, 252, 75,
       98, 84, 188, 178, 0, 255, 128, 39, 106, 8, 97, 253, 146, 66, 133,
       178, 86, 2, 10, 64, 131, 44, 34, 142, 16, 155, 253, 249, 144, 231,
       159, 31, 216, 113, 172, 250, 38, 196, 201, 43, 142, 17, 54, 11,
       66, 247, 173, 86, 30, 251, 146, 76, 157, 143, 117, 35, 136, 170,
