%YAML:1.0
---
descriptors: !!opencv-matrix
   rows: 157
   cols: 32
   dt: u
   data: [ 137, 22, 231, 213, 166, 54, 169, 23, 116, 115, 86, 246, 153,
       45, 182, 107, 111, 6, 62, 140, 177, 252, 37, 194, 70, 43, 242,
       132, 175, 232, 241, 249, 40, 40, 240, 112, 111, 153, 120, 82, 235,
       176, 48, 169, 191, 159, 85, 186, 142, 185, 215, 16, 134, 107, 198,
       192, 87, 217, 117, 171, 198, 212, 71, 139, 3, 159, 107, 219, 246,
       147, 191, 255, 95, 65, 94, 230, 249, 238, 182, 96, 127, 59, 23,
       157, 247, 152, 36, 255, 46, 62, 174, 192, 157, 140, 241, 253, 35,
       207, 98, 206, 127, 147, 238, 224, 223, 64, 253, 230, 104, 200,
       183, 164, 126, 234, 146, 239, 199, 187, 14, 255, 54, 28, 129, 170,
       95, 175, 120, 141, 74, 169, 183, 216, 219, 209, 52, 231, 191, 21,
       132, 57, 172, 183, 96, 93, 227, 59, 235, 144, 18, 75, 162, 241,
       159, 182, 94, 123, 146, 4, 167, 239, 8, 34, 31, 177, 118, 171,
       233, 87, 126, 57, 114, 242, 157, 131, 240, 105, 106, 15, 46, 24,
       19, 252, 135, 213, 220, 177, 250, 192, 204, 136, 33, 169, 168, 48,
       244, 85, 109, 125, 241, 82, 233, 63, 180, 56, 170, 29, 151, 191,
       202, 144, 222, 8, 172, 110, 243, 194, 87, 217, 80, 59, 67, 204,
       78, 239, 239, 86, 111, 132, 110, 90, 157, 124, 233, 254, 151, 239,
       76, 12, 191, 87, 230, 197, 255, 103, 229, 69, 173, 204, 118, 123,
       239, 151, 15, 190, 93, 87, 162, 232, 230, 154, 91, 209, 184, 192,
       159, 21, 132, 171, 172, 206, 102, 13, 235, 121, 227, 211, 6, 79,
       170, 245, 31, 82, 219, 251, 22, 13, 61, 206, 104, 232, 173, 254,
       169, 229, 84, 143, 131, 29, 172, 9, 190, 191, 66, 26, 201, 211,
       237, 128, 10, 74, 242, 51, 195, 215, 208, 59, 144, 80, 174, 90,
       209, 156, 63, 236, 180, 206, 75, 191, 116, 201, 250, 64, 215, 63,
       145, 112, 151, 245, 93, 189, 233, 141, 97, 15, 233, 255, 173, 208,
       132, 160, 81, 121, 125, 20, 248, 77, 124, 59, 82, 24, 85, 226,
       247, 168, 83, 125, 135, 248, 223, 252, 222, 62, 172, 178, 101,
       138, 86, 255, 33, 23, 247, 239, 86, 117, 59, 179, 216, 98, 211,
       157, 122, 125, 59, 161, 189, 110, 127, 219, 78, 176, 63, 155, 214,
       144, 222, 122, 184, 214, 127, 221, 37, 239, 231, 130, 234, 139,
       188, 126, 65, 111, 115, 47, 111, 216, 17, 98, 249, 239, 123, 69,
       137, 149, 126, 220, 135, 110, 235, 182, 93, 187, 54, 236, 33, 180,
       127, 255, 98, 241, 214, 18, 223, 241, 162, 46, 57, 115, 189, 91,
       211, 245, 221, 55, 136, 91, 167, 21, 255, 160, 177, 213, 177, 192,
       212, 243, 122, 198, 172, 224, 167, 113, 35, 159, 107, 201, 244,
       151, 255, 223, 95, 73, 124, 230, 57, 221, 183, 36, 223, 27, 23,
       157, 147, 186, 39, 223, 110, 31, 183, 204, 223, 142, 240, 253, 4,
       13, 152, 187, 148, 171, 67, 67, 22, 129, 73, 18, 183, 241, 33,
       104, 89, 42, 2, 24, 26, 184, 73, 62, 237, 134, 3, 64, 176, 107,
       144, 162, 134, 180, 125, 240, 254, 137, 249, 251, 223, 185, 177,
       250, 221, 253, 220, 41, 159, 147, 95, 49, 179, 111, 74, 214, 174,
       219, 127, 254, 220, 136, 131, 177, 187, 191, 99, 186, 254, 147,
       202, 246, 151, 72, 216, 231, 123, 206, 182, 96, 126, 235, 23, 255,
       255, 139, 46, 255, 186, 76, 175, 248, 61, 142, 176, 221, 108, 181,
       253, 65, 244, 126, 247, 159, 82, 249, 62, 18, 89, 125, 220, 106,
       93, 86, 179, 56, 177, 248, 185, 34, 111, 239, 37, 69, 207, 248,
       212, 179, 137, 156, 252, 247, 166, 190, 125, 23, 125, 123, 126,
       210, 249, 63, 148, 109, 103, 55, 183, 156, 177, 252, 101, 226,
       111, 255, 246, 192, 175, 212, 224, 121, 176, 157, 107, 219, 212,
       227, 99, 255, 87, 71, 244, 215, 243, 205, 62, 97, 123, 170, 7,
       188, 187, 190, 125, 255, 239, 142, 178, 65, 191, 136, 244, 254,
       203, 190, 191, 211, 177, 244, 61, 183, 190, 95, 94, 116, 188, 255,
       246, 229, 135, 127, 189, 29, 243, 92, 186, 247, 111, 127, 126,
       202, 142, 212, 133, 125, 2, 42, 211, 241, 102, 201, 248, 83, 59,
       157, 112, 237, 173, 143, 85, 152, 166, 57, 87, 17, 131, 122, 130,
       192, 30, 216, 50, 171, 237, 128, 71, 155, 41, 188, 216, 248, 237,
       189, 248, 95, 59, 171, 124, 120, 191, 187, 212, 188, 223, 187, 87,
       25, 147, 122, 194, 211, 95, 221, 55, 232, 223, 200, 203, 169, 19,
       207, 106, 172, 4, 134, 238, 117, 69, 64, 218, 199, 121, 202, 178,
       64, 126, 165, 31, 239, 221, 155, 21, 223, 240, 47, 170, 128, 61,
       174, 248, 88, 19, 171, 131, 169, 179, 131, 58, 69, 47, 65, 202,
       231, 172, 130, 96, 196, 254, 43, 223, 213, 23, 153, 5, 243, 188,
       84, 142, 194, 152, 14, 169, 142, 72, 191, 58, 97, 177, 175, 113,
       55, 107, 41, 126, 8, 159, 179, 64, 16, 132, 63, 108, 24, 26, 184,
       209, 37, 239, 253, 52, 85, 194, 192, 202, 11, 34, 203, 43, 158,
       94, 193, 190, 230, 158, 5, 80, 163, 32, 236, 54, 64, 234, 123,
       147, 197, 102, 154, 6, 255, 125, 22, 154, 171, 21, 28, 181, 218,
       163, 203, 106, 158, 126, 145, 186, 224, 223, 0, 116, 239, 96, 200,
       183, 32, 254, 169, 18, 207, 230, 175, 14, 255, 54, 28, 137, 171,
       93, 143, 120, 141, 207, 82, 238, 151, 110, 120, 189, 216, 169,
       254, 86, 247, 76, 172, 255, 207, 167, 85, 247, 199, 229, 117, 174,
       224, 86, 123, 123, 167, 15, 253, 61, 223, 207, 82, 244, 223, 106,
       26, 188, 120, 137, 254, 23, 255, 109, 108, 151, 239, 38, 213, 255,
       231, 229, 69, 175, 200, 54, 123, 111, 143, 47, 245, 13, 85, 216,
       50, 122, 224, 53, 95, 89, 16, 37, 236, 182, 45, 159, 23, 3, 80,
       118, 149, 221, 44, 137, 129, 241, 204, 211, 249, 32, 149, 46, 132,
       12, 91, 125, 227, 73, 226, 188, 15, 78, 248, 65, 232, 185, 76,
       211, 73, 88, 16, 92, 192, 76, 110, 201, 35, 217, 156, 251, 217,
       165, 124, 123, 187, 82, 48, 17, 203, 75, 172, 52, 128, 110, 117,
       4, 72, 218, 230, 49, 195, 176, 96, 126, 170, 23, 239, 217, 139, 4,
       253, 240, 233, 170, 136, 61, 138, 240, 25, 121, 89, 185, 229, 36,
       14, 95, 180, 101, 232, 126, 76, 255, 51, 1, 112, 212, 236, 124,
       110, 201, 184, 209, 45, 231, 255, 37, 0, 42, 243, 64, 11, 73, 189,
       31, 229, 180, 143, 117, 183, 236, 232, 126, 68, 255, 59, 0, 112,
       134, 118, 124, 8, 217, 184, 81, 45, 239, 255, 54, 80, 104, 154,
       131, 43, 139, 178, 180, 250, 233, 189, 185, 223, 175, 93, 181,
       117, 156, 159, 238, 127, 231, 27, 255, 21, 151, 111, 234, 209,
       223, 217, 122, 254, 154, 132, 171, 247, 238, 176, 188, 250, 239,
       245, 153, 216, 139, 127, 181, 63, 156, 223, 110, 187, 207, 147,
       223, 17, 183, 71, 250, 241, 219, 89, 219, 255, 155, 77, 143, 215,
       34, 249, 54, 154, 75, 209, 176, 196, 143, 20, 128, 171, 44, 222,
       103, 11, 234, 251, 235, 211, 70, 75, 154, 241, 27, 16, 218, 123,
       21, 13, 37, 222, 104, 180, 185, 107, 233, 109, 85, 159, 19, 59,
       45, 24, 214, 119, 72, 60, 217, 26, 113, 56, 26, 38, 251, 19, 207,
       159, 20, 127, 210, 194, 198, 50, 121, 29, 63, 229, 52, 46, 79, 55,
       32, 200, 254, 72, 119, 55, 0, 115, 132, 246, 125, 110, 233, 155,
       241, 44, 241, 171, 96, 144, 0, 226, 98, 121, 23, 206, 239, 95,
       150, 178, 239, 190, 126, 67, 86, 246, 249, 102, 187, 104, 119,
       110, 63, 253, 179, 220, 45, 127, 108, 47, 191, 196, 173, 241, 177,
       125, 56, 217, 90, 238, 116, 215, 90, 240, 133, 12, 254, 3, 123,
       223, 34, 192, 120, 248, 151, 234, 72, 163, 24, 189, 243, 237, 163,
       201, 55, 155, 124, 138, 63, 127, 107, 230, 118, 34, 223, 250, 97,
       200, 250, 238, 123, 125, 181, 48, 126, 255, 23, 239, 201, 179, 45,
       238, 114, 77, 175, 128, 109, 243, 114, 249, 175, 41, 240, 241,
       245, 191, 250, 83, 95, 161, 61, 154, 157, 159, 84, 36, 191, 187,
       23, 157, 178, 120, 56, 214, 207, 221, 143, 230, 215, 141, 209,
       161, 40, 51, 104, 65, 112, 31, 249, 91, 99, 224, 116, 238, 25,
       157, 213, 52, 62, 156, 151, 184, 195, 186, 116, 220, 71, 221, 161,
       228, 103, 132, 74, 189, 61, 163, 120, 96, 119, 215, 251, 248, 99,
