%YAML:1.0
---
descriptors: !!opencv-matrix
   rows: 148
   cols: 32
   dt: u
   data: [ 220, 146, 223, 245, 162, 46, 57, 83, 57, 91, 115, 252, 223,
       55, 136, 123, 167, 157, 253, 32, 177, 212, 163, 192, 212, 243,
       122, 198, 232, 224, 167, 51, 152, 159, 127, 254, 54, 131, 223,
       246, 212, 14, 246, 230, 123, 239, 176, 65, 126, 242, 31, 234, 248,
       187, 36, 191, 242, 239, 226, 129, 55, 168, 116, 121, 137, 155,
       122, 95, 114, 158, 191, 240, 120, 78, 118, 246, 121, 229, 150,
       244, 54, 110, 182, 206, 229, 188, 188, 111, 102, 111, 54, 128,
       111, 180, 107, 249, 39, 159, 98, 206, 127, 147, 202, 224, 221, 64,
       253, 230, 104, 200, 183, 164, 126, 168, 150, 239, 197, 179, 44,
       255, 54, 124, 129, 170, 127, 175, 120, 157, 74, 185, 182, 216,
       219, 193, 48, 231, 191, 21, 164, 57, 172, 183, 96, 223, 163, 59,
       235, 144, 18, 75, 130, 245, 155, 22, 94, 123, 146, 4, 167, 43,
       104, 168, 172, 250, 137, 245, 84, 142, 131, 31, 172, 9, 174, 191,
       66, 26, 201, 179, 253, 128, 26, 10, 242, 51, 195, 215, 208, 123,
       146, 80, 166, 122, 125, 117, 249, 101, 244, 30, 94, 152, 97, 168,
       191, 76, 219, 107, 25, 176, 156, 204, 93, 110, 216, 178, 249, 10,
       235, 253, 37, 148, 234, 179, 74, 35, 41, 217, 121, 235, 52, 199,
       207, 253, 84, 72, 84, 66, 177, 221, 176, 96, 94, 56, 22, 232, 203,
       186, 112, 191, 231, 237, 170, 200, 61, 154, 240, 249, 238, 82,
       111, 132, 110, 88, 189, 252, 169, 126, 151, 239, 76, 140, 255, 95,
       231, 85, 255, 103, 197, 103, 175, 208, 86, 115, 239, 191, 15, 191,
       119, 215, 162, 232, 166, 158, 75, 209, 184, 192, 155, 21, 133,
       171, 44, 206, 103, 143, 234, 121, 235, 211, 70, 79, 170, 245, 31,
       82, 219, 123, 23, 13, 61, 206, 93, 93, 29, 231, 44, 62, 94, 188,
       117, 234, 190, 76, 255, 59, 17, 241, 208, 228, 124, 110, 205, 240,
       89, 60, 227, 251, 101, 20, 42, 251, 88, 11, 61, 227, 49, 226, 188,
       15, 78, 248, 107, 184, 177, 77, 207, 73, 89, 18, 158, 197, 95,
       119, 203, 35, 217, 180, 187, 217, 37, 124, 75, 155, 210, 16, 52,
       12, 223, 245, 228, 106, 109, 23, 62, 183, 122, 81, 215, 43, 17,
       88, 123, 239, 39, 24, 24, 252, 97, 64, 204, 171, 119, 64, 228,
       248, 198, 226, 189, 125, 81, 239, 115, 63, 110, 216, 49, 104, 253,
       239, 123, 71, 137, 149, 126, 220, 150, 110, 235, 150, 125, 255,
       54, 216, 33, 180, 123, 191, 74, 241, 137, 20, 239, 213, 166, 54,
       233, 23, 84, 123, 86, 246, 81, 45, 182, 107, 127, 6, 62, 172, 177,
       252, 53, 194, 70, 43, 242, 132, 175, 232, 113, 249, 203, 158, 237,
       149, 178, 62, 173, 183, 122, 251, 86, 244, 156, 38, 210, 107, 39,
       71, 125, 157, 179, 220, 229, 66, 110, 47, 254, 192, 140, 208, 129,
       121, 90, 13, 102, 197, 19, 90, 254, 114, 253, 130, 222, 130, 249,
       175, 176, 100, 114, 253, 127, 235, 224, 153, 165, 206, 247, 111,
       234, 129, 39, 166, 113, 42, 106, 40, 241, 112, 111, 185, 248, 86,
       235, 177, 112, 201, 175, 155, 85, 152, 166, 187, 215, 16, 134,
       122, 198, 240, 86, 217, 112, 171, 231, 132, 67, 139, 4, 13, 152,
       235, 148, 171, 71, 75, 86, 1, 73, 18, 247, 225, 33, 64, 89, 42,
       10, 24, 26, 184, 89, 31, 225, 167, 1, 80, 176, 235, 192, 0, 2,
       140, 43, 169, 20, 231, 187, 71, 30, 65, 74, 3, 180, 159, 32, 64,
       249, 59, 19, 145, 50, 156, 17, 255, 109, 38, 154, 64, 148, 8, 181,
       250, 34, 207, 106, 154, 126, 145, 190, 238, 222, 68, 88, 167, 32,
       236, 182, 64, 235, 107, 147, 199, 198, 59, 46, 255, 62, 22, 143,
       171, 21, 31, 253, 207, 130, 145, 114, 138, 222, 129, 190, 236,
       159, 48, 144, 251, 44, 190, 124, 1, 174, 155, 147, 227, 242, 59,
       28, 247, 61, 16, 143, 239, 21, 28, 165, 219, 35, 187, 233, 200,
       244, 149, 255, 223, 95, 201, 124, 238, 56, 29, 245, 36, 223, 155,
       23, 157, 211, 58, 107, 223, 126, 95, 181, 238, 223, 142, 240, 253,
       147, 191, 99, 138, 190, 147, 239, 253, 223, 72, 216, 238, 121,
       204, 182, 36, 126, 235, 30, 239, 247, 171, 46, 255, 184, 12, 175,
       248, 61, 142, 241, 253, 175, 179, 120, 227, 237, 223, 157, 189,
       87, 253, 21, 191, 223, 29, 222, 164, 159, 27, 151, 29, 215, 122,
       127, 150, 79, 93, 53, 247, 222, 142, 157, 247, 238, 247, 197, 179,
       153, 216, 38, 167, 187, 19, 10, 217, 237, 236, 72, 150, 145, 211,
       235, 17, 119, 72, 202, 247, 175, 118, 158, 87, 134, 86, 159, 158,
       11, 190, 115, 237, 117, 183, 251, 118, 127, 73, 124, 196, 185,
       191, 180, 164, 158, 59, 23, 141, 131, 186, 52, 255, 111, 253, 138,
       224, 95, 132, 115, 253, 59, 179, 216, 226, 219, 157, 122, 93, 43,
       173, 189, 110, 111, 251, 78, 148, 62, 155, 214, 144, 158, 91, 152,
       209, 127, 221, 37, 238, 239, 6, 235, 139, 19, 218, 231, 223, 6,
       246, 108, 119, 125, 75, 114, 215, 249, 254, 180, 104, 115, 238,
       62, 140, 177, 220, 53, 239, 135, 174, 246, 128, 175, 252, 229,
       252, 124, 56, 200, 229, 164, 47, 91, 18, 17, 170, 254, 47, 19, 51,
       67, 26, 124, 252, 125, 152, 24, 210, 209, 40, 223, 207, 177, 176,
       171, 233, 74, 19, 120, 120, 156, 165, 44, 47, 92, 86, 17, 234,
       222, 111, 119, 51, 3, 27, 126, 252, 125, 138, 13, 214, 209, 8,
       210, 231, 241, 177, 44, 249, 26, 27, 137, 156, 237, 247, 180, 254,
       253, 183, 127, 91, 94, 242, 185, 63, 150, 111, 103, 62, 183, 156,
       177, 252, 101, 227, 111, 255, 246, 192, 175, 212, 209, 121, 144,
       156, 111, 251, 220, 243, 107, 255, 87, 71, 117, 151, 243, 237, 62,
       97, 123, 170, 6, 188, 187, 190, 125, 255, 239, 155, 178, 65, 183,
       200, 244, 246, 33, 186, 89, 233, 124, 207, 226, 90, 95, 125, 240,
       103, 139, 27, 230, 64, 253, 136, 143, 208, 159, 184, 89, 189, 30,
       221, 179, 246, 253, 136, 88, 211, 2, 42, 243, 241, 102, 201, 248,
       83, 123, 141, 112, 239, 173, 139, 85, 156, 174, 57, 87, 17, 131,
       120, 130, 209, 14, 216, 50, 170, 207, 128, 67, 137, 159, 204, 98,
       218, 53, 151, 238, 114, 213, 202, 215, 18, 105, 206, 182, 228,
       127, 232, 23, 143, 233, 191, 44, 254, 178, 223, 175, 128, 55, 253,
       121, 213, 49, 205, 103, 76, 28, 199, 199, 117, 212, 64, 242, 66,
       115, 217, 180, 229, 88, 168, 22, 110, 233, 187, 116, 159, 49, 174,
       162, 64, 117, 138, 240, 168, 72, 189, 26, 97, 177, 175, 113, 23,
       111, 41, 126, 72, 159, 179, 64, 16, 133, 63, 108, 24, 26, 184,
       145, 36, 239, 221, 52, 81, 194, 192, 203, 11, 207, 114, 238, 151,
       110, 120, 189, 216, 171, 246, 85, 247, 76, 140, 255, 75, 167, 93,
       183, 199, 133, 117, 174, 224, 86, 123, 123, 167, 31, 253, 55, 223,
       207, 82, 244, 85, 106, 56, 188, 24, 169, 222, 87, 255, 76, 108,
       215, 207, 38, 117, 255, 239, 165, 116, 231, 192, 22, 123, 127,
       138, 239, 245, 13, 245, 1, 34, 207, 209, 100, 171, 225, 87, 126,
       121, 118, 246, 149, 131, 192, 105, 106, 12, 38, 156, 147, 252,
       229, 209, 68, 59, 242, 192, 188, 136, 113, 169, 137, 34, 159, 177,
       100, 169, 233, 81, 238, 89, 119, 246, 157, 131, 232, 75, 110, 13,
       110, 156, 147, 254, 135, 193, 84, 177, 250, 192, 205, 136, 97,
       161, 61, 227, 104, 226, 52, 15, 78, 248, 65, 168, 189, 207, 91,
       73, 217, 16, 94, 204, 85, 110, 201, 35, 73, 156, 242, 201, 165,
       180, 127, 187, 82, 1, 19, 203, 75, 236, 52, 130, 239, 117, 4, 72,
       210, 230, 113, 131, 176, 96, 126, 170, 23, 238, 203, 139, 38, 253,
       176, 169, 170, 136, 61, 138, 240, 185, 203, 178, 52, 250, 233,
       189, 185, 95, 175, 93, 245, 125, 188, 159, 238, 255, 231, 27, 255,
       29, 151, 111, 226, 209, 223, 217, 122, 254, 154, 132, 171, 255,
       105, 89, 184, 229, 36, 30, 95, 180, 101, 232, 126, 76, 251, 51, 1,
       112, 212, 236, 124, 110, 201, 184, 241, 44, 231, 255, 37, 0, 42,
       178, 72, 11, 114, 249, 54, 218, 75, 209, 146, 192, 143, 20, 128,
       11, 44, 158, 103, 35, 234, 251, 251, 195, 70, 75, 154, 241, 147,
       80, 138, 59, 19, 29, 39, 222, 104, 180, 184, 107, 233, 109, 85,
