%YAML:1.0
---
descriptors: !!opencv-matrix
   rows: 174
   cols: 32
   dt: u
   data: [ 45, 93, 123, 79, 116, 143, 239, 248, 100, 200, 127, 68, 243,
       83, 185, 52, 126, 236, 22, 106, 201, 176, 125, 44, 100, 173, 37,
       128, 111, 187, 66, 185, 246, 100, 92, 62, 42, 18, 206, 104, 63,
       134, 227, 241, 71, 202, 141, 215, 210, 197, 108, 103, 108, 103,
       203, 31, 176, 250, 203, 159, 69, 51, 106, 4, 37, 221, 115, 79,
       116, 142, 239, 240, 124, 200, 123, 102, 243, 85, 189, 116, 126,
       232, 22, 110, 193, 176, 60, 127, 36, 172, 167, 128, 125, 187, 96,
       185, 146, 26, 255, 240, 114, 226, 57, 67, 189, 5, 82, 179, 13,
       223, 160, 88, 230, 61, 191, 145, 16, 221, 2, 236, 210, 247, 186,
       195, 164, 0, 37, 227, 82, 30, 254, 190, 50, 162, 59, 115, 188,
       134, 218, 247, 109, 238, 161, 64, 102, 255, 47, 129, 32, 157, 6,
       239, 240, 166, 186, 129, 181, 160, 37, 25, 19, 159, 79, 191, 22,
       162, 46, 247, 180, 66, 218, 231, 113, 226, 176, 64, 126, 99, 63,
       199, 237, 153, 7, 127, 176, 38, 170, 128, 61, 240, 57, 153, 189,
       69, 70, 46, 85, 11, 198, 232, 85, 32, 235, 10, 67, 72, 59, 101,
       120, 196, 2, 239, 108, 179, 77, 12, 240, 40, 129, 4, 127, 187,
       122, 132, 42, 149, 168, 217, 149, 221, 180, 167, 31, 93, 94, 55,
       170, 188, 62, 228, 197, 27, 191, 17, 222, 184, 115, 247, 175, 119,
       156, 195, 150, 76, 220, 95, 17, 207, 111, 223, 54, 131, 239, 247,
       84, 64, 94, 198, 113, 225, 180, 97, 126, 234, 22, 238, 233, 184,
       44, 63, 100, 46, 162, 128, 125, 186, 112, 249, 222, 166, 196, 183,
       138, 50, 52, 175, 178, 183, 135, 183, 193, 102, 203, 11, 105, 199,
       237, 183, 62, 69, 143, 130, 234, 227, 255, 215, 167, 116, 190, 87,
       3, 188, 230, 21, 227, 184, 188, 103, 187, 215, 66, 181, 172, 174,
       86, 12, 167, 47, 243, 149, 183, 220, 182, 227, 12, 54, 222, 194,
       141, 68, 171, 221, 130, 168, 132, 155, 239, 241, 176, 207, 158,
       91, 80, 179, 172, 250, 110, 205, 203, 11, 187, 149, 54, 94, 194,
       243, 12, 18, 222, 235, 156, 76, 185, 207, 131, 236, 55, 95, 252,
       159, 175, 255, 127, 170, 242, 82, 232, 250, 180, 229, 255, 255,
       110, 234, 225, 255, 239, 255, 61, 126, 47, 170, 83, 56, 227, 173,
       182, 173, 176, 254, 221, 125, 86, 239, 155, 183, 189, 27, 110,
       255, 111, 157, 217, 251, 235, 35, 126, 111, 218, 255, 187, 214,
       93, 127, 210, 127, 142, 198, 95, 83, 99, 102, 50, 18, 79, 176,
       101, 200, 223, 230, 91, 71, 187, 244, 118, 228, 156, 238, 201,
       145, 45, 236, 178, 237, 165, 128, 47, 183, 104, 125, 58, 223, 34,
       200, 117, 151, 218, 247, 93, 13, 220, 7, 168, 24, 54, 64, 220,
       139, 151, 225, 222, 187, 80, 223, 187, 125, 138, 211, 30, 14, 248,
       158, 7, 130, 129, 139, 236, 1, 174, 237, 94, 43, 91, 98, 208, 233,
       248, 196, 121, 11, 50, 143, 211, 184, 79, 209, 12, 30, 191, 236,
       29, 138, 241, 128, 10, 159, 46, 223, 180, 148, 180, 119, 124, 13,
       94, 118, 188, 56, 182, 224, 224, 42, 159, 9, 242, 184, 1, 255,
       111, 55, 190, 131, 28, 8, 189, 187, 34, 239, 83, 172, 244, 129,
       110, 231, 15, 9, 120, 239, 36, 226, 160, 80, 254, 187, 7, 205, 90,
       26, 128, 255, 60, 164, 174, 232, 85, 138, 226, 169, 1, 217, 27,
       171, 254, 199, 174, 247, 46, 73, 90, 230, 245, 246, 176, 96, 126,
       59, 62, 193, 211, 152, 150, 125, 188, 36, 174, 200, 28, 26, 161,
       185, 43, 151, 181, 67, 183, 255, 185, 127, 15, 125, 127, 54, 78,
       60, 220, 164, 191, 27, 247, 21, 151, 184, 113, 213, 15, 95, 24,
       214, 215, 206, 149, 119, 131, 147, 67, 159, 118, 150, 40, 83, 60,
       75, 83, 247, 60, 206, 180, 225, 118, 43, 23, 133, 247, 156, 36,
       207, 52, 46, 186, 128, 44, 132, 185, 221, 61, 223, 107, 110, 246,
       223, 71, 250, 101, 236, 254, 110, 123, 125, 183, 116, 124, 236,
       22, 110, 201, 178, 61, 254, 122, 237, 165, 128, 127, 191, 246,
       245, 38, 121, 98, 74, 95, 219, 246, 113, 141, 196, 253, 143, 40,
       221, 55, 132, 110, 184, 147, 242, 214, 171, 60, 253, 63, 89, 4,
       107, 127, 143, 254, 214, 129, 207, 67, 223, 52, 138, 111, 246,
       126, 64, 90, 230, 179, 67, 177, 96, 118, 106, 14, 206, 227, 152,
       37, 63, 36, 174, 162, 128, 60, 145, 112, 41, 218, 234, 230, 190,
       91, 208, 184, 236, 191, 148, 206, 131, 104, 238, 47, 214, 255,
       255, 171, 197, 78, 199, 203, 253, 187, 115, 207, 139, 55, 54, 44,
       206, 66, 249, 156, 188, 169, 205, 124, 231, 175, 191, 176, 9, 190,
       255, 64, 19, 135, 243, 125, 67, 74, 75, 219, 241, 253, 210, 95,
       59, 16, 24, 135, 27, 80, 32, 87, 97, 90, 203, 176, 75, 174, 177,
       226, 168, 15, 150, 64, 178, 42, 157, 234, 144, 2, 251, 131, 64,
       157, 160, 19, 79, 97, 0, 39, 168, 82, 50, 110, 173, 108, 7, 121,
       88, 45, 12, 214, 207, 141, 143, 146, 80, 238, 141, 127, 253, 136,
       147, 211, 208, 214, 249, 171, 140, 12, 134, 37, 209, 11, 151, 104,
       235, 241, 149, 61, 127, 61, 77, 221, 245, 173, 63, 190, 244, 222,
       27, 159, 133, 247, 26, 125, 223, 110, 125, 190, 195, 30, 134, 172,
       223, 185, 69, 99, 225, 212, 54, 111, 87, 117, 66, 219, 82, 17, 12,
       184, 240, 124, 142, 22, 173, 185, 182, 53, 206, 53, 108, 186, 192,
       37, 217, 240, 228, 42, 183, 48, 67, 251, 221, 145, 239, 27, 61,
       61, 56, 142, 220, 206, 164, 159, 27, 194, 16, 22, 42, 232, 151,
       111, 221, 29, 255, 211, 14, 207, 247, 237, 71, 132, 167, 165, 47,
       110, 184, 61, 170, 139, 77, 207, 97, 25, 211, 145, 196, 109, 111,
       105, 212, 217, 174, 228, 242, 69, 20, 10, 119, 91, 16, 43, 120,
       38, 169, 77, 159, 240, 92, 79, 97, 214, 78, 154, 152, 22, 236,
       232, 141, 122, 77, 135, 251, 215, 240, 23, 123, 27, 50, 95, 12,
       123, 156, 231, 102, 132, 135, 169, 47, 76, 188, 59, 186, 161, 220,
       207, 99, 221, 159, 89, 196, 238, 46, 109, 70, 219, 194, 140, 242,
       197, 52, 138, 247, 202, 132, 45, 255, 241, 71, 244, 31, 238, 252,
       127, 234, 122, 230, 219, 124, 157, 164, 63, 94, 86, 110, 229, 240,
       125, 254, 46, 30, 103, 132, 79, 251, 210, 181, 29, 124, 235, 104,
       54, 251, 251, 82, 127, 205, 92, 166, 153, 253, 151, 168, 62, 248,
       151, 189, 163, 176, 52, 202, 118, 205, 170, 161, 239, 247, 87,
       243, 47, 223, 99, 207, 246, 147, 238, 252, 93, 232, 124, 230, 121,
       252, 181, 164, 94, 249, 23, 239, 197, 186, 108, 255, 38, 124, 175,
       160, 127, 191, 248, 253, 17, 15, 79, 191, 54, 130, 111, 115, 180,
       194, 218, 230, 113, 226, 177, 97, 118, 230, 60, 239, 233, 153, 5,
       47, 176, 174, 238, 128, 45, 242, 49, 57, 19, 30, 207, 191, 50,
       162, 46, 115, 180, 194, 91, 231, 245, 226, 176, 64, 118, 239, 63,
       173, 177, 153, 4, 239, 240, 166, 170, 192, 44, 162, 33, 25, 231,
       102, 132, 135, 137, 62, 78, 184, 115, 242, 131, 220, 194, 98, 219,
       159, 93, 196, 232, 238, 237, 70, 221, 234, 172, 26, 197, 62, 138,
       247, 26, 20, 160, 185, 58, 251, 85, 197, 177, 71, 31, 13, 86, 19,
       182, 159, 38, 64, 216, 59, 19, 0, 82, 186, 50, 251, 71, 157, 146,
       3, 80, 8, 253, 170, 146, 26, 94, 243, 114, 162, 59, 83, 188, 5,
       83, 247, 109, 199, 160, 88, 119, 189, 63, 145, 48, 157, 0, 207,
       208, 166, 186, 192, 165, 128, 37, 177, 212, 174, 140, 55, 168, 41,
       76, 139, 190, 183, 134, 157, 199, 226, 91, 219, 131, 71, 237, 31,
       190, 69, 207, 34, 200, 163, 255, 245, 140, 241, 155, 0, 35, 141,
       32, 155, 189, 249, 148, 239, 95, 69, 216, 19, 174, 248, 54, 228,
       217, 42, 186, 17, 126, 184, 98, 191, 175, 86, 158, 123, 146, 76,
       221, 206, 201, 25, 21, 181, 165, 140, 36, 39, 253, 225, 34, 84,
       190, 18, 0, 215, 128, 39, 106, 0, 101, 252, 209, 202, 133, 248,
       86, 2, 10, 4, 139, 12, 87, 67, 132, 15, 168, 58, 142, 136, 44,
       176, 251, 228, 195, 98, 207, 222, 218, 197, 236, 231, 76, 227,
       205, 128, 144, 242, 235, 149, 200, 247, 11, 5, 215, 166, 204, 183,
       140, 50, 76, 175, 179, 255, 147, 213, 195, 104, 91, 139, 77, 199,
