%YAML:1.0
---
descriptors: !!opencv-matrix
   rows: 150
   cols: 32
   dt: u
   data: [ 9, 30, 194, 157, 215, 242, 175, 87, 124, 71, 94, 230, 237,
       226, 178, 228, 123, 47, 138, 156, 181, 153, 52, 206, 118, 103,
       186, 129, 191, 206, 237, 252, 25, 14, 107, 207, 116, 243, 111,
       119, 85, 69, 94, 134, 233, 227, 182, 228, 123, 42, 6, 172, 133,
       184, 37, 255, 230, 255, 162, 129, 191, 206, 249, 252, 159, 172,
       234, 211, 20, 147, 239, 241, 151, 130, 223, 146, 89, 207, 180, 96,
       127, 169, 23, 187, 234, 183, 44, 254, 250, 79, 175, 196, 55, 170,
       177, 160, 238, 188, 177, 120, 253, 237, 249, 219, 187, 127, 184,
       29, 158, 221, 93, 27, 205, 147, 95, 21, 179, 111, 218, 243, 93,
       25, 55, 252, 208, 77, 199, 243, 154, 90, 14, 190, 15, 146, 158,
       228, 140, 80, 210, 231, 237, 202, 51, 195, 238, 97, 255, 231, 108,
       133, 7, 189, 176, 97, 202, 147, 60, 61, 57, 159, 54, 83, 72, 160,
       69, 89, 234, 64, 45, 76, 189, 15, 142, 12, 47, 4, 234, 129, 206,
       227, 79, 35, 112, 192, 149, 145, 138, 59, 85, 31, 93, 214, 238,
       242, 237, 251, 110, 112, 185, 220, 139, 95, 85, 247, 140, 222,
       222, 79, 239, 29, 255, 149, 135, 71, 239, 193, 86, 113, 250, 175,
       143, 221, 55, 247, 51, 207, 106, 158, 92, 151, 206, 240, 212, 0,
       217, 199, 97, 232, 183, 64, 124, 234, 22, 239, 206, 171, 14, 191,
       50, 44, 167, 152, 61, 191, 120, 140, 75, 178, 182, 248, 108, 189,
       248, 87, 175, 89, 180, 125, 174, 159, 230, 218, 198, 51, 255, 29,
       151, 107, 162, 209, 206, 121, 122, 250, 154, 140, 171, 217, 57,
       77, 99, 78, 92, 151, 206, 120, 213, 64, 253, 78, 115, 200, 189,
       228, 120, 232, 18, 239, 201, 179, 60, 191, 51, 12, 129, 8, 127,
       170, 120, 164, 56, 69, 114, 231, 85, 86, 126, 117, 85, 134, 127,
       3, 123, 189, 56, 225, 120, 188, 151, 170, 232, 178, 57, 140, 119,
       235, 134, 1, 103, 254, 244, 170, 25, 159, 126, 254, 54, 131, 239,
       246, 212, 10, 222, 102, 113, 233, 176, 97, 126, 226, 31, 235, 249,
       187, 36, 191, 242, 239, 234, 192, 55, 168, 112, 41, 222, 18, 95,
       245, 226, 106, 57, 115, 61, 91, 115, 252, 223, 63, 136, 123, 183,
       149, 253, 32, 177, 212, 33, 192, 214, 243, 114, 198, 174, 224,
       167, 179, 44, 227, 225, 33, 253, 203, 118, 239, 43, 245, 56, 169,
       143, 172, 90, 16, 179, 207, 231, 85, 86, 56, 143, 181, 254, 213,
       37, 253, 214, 142, 215, 210, 11, 190, 115, 77, 118, 151, 251, 86,
       127, 73, 124, 228, 185, 191, 182, 160, 30, 57, 151, 141, 131, 154,
       36, 255, 111, 93, 43, 160, 95, 132, 99, 249, 124, 178, 121, 104,
       120, 221, 91, 218, 43, 109, 60, 41, 31, 199, 200, 52, 151, 153,
       197, 56, 27, 2, 226, 215, 223, 221, 33, 255, 243, 129, 70, 243,
       57, 159, 70, 204, 151, 179, 106, 119, 197, 1, 254, 230, 57, 227,
       180, 228, 126, 170, 30, 172, 185, 187, 5, 255, 186, 238, 162, 192,
       63, 140, 248, 45, 10, 25, 146, 159, 85, 253, 178, 66, 31, 12, 89,
       3, 172, 220, 39, 196, 216, 59, 147, 1, 2, 184, 90, 255, 5, 20,
       154, 11, 146, 13, 61, 206, 66, 247, 146, 250, 235, 169, 52, 199,
       171, 31, 184, 57, 172, 251, 108, 91, 167, 83, 239, 16, 114, 75,
       138, 241, 188, 208, 94, 251, 144, 80, 175, 11, 53, 8, 221, 245,
       228, 42, 109, 19, 60, 179, 115, 120, 215, 35, 145, 57, 123, 207,
       54, 8, 25, 242, 65, 72, 204, 174, 246, 0, 229, 249, 194, 160, 131,
       150, 135, 151, 146, 182, 169, 55, 60, 91, 67, 214, 248, 102, 188,
       237, 119, 47, 58, 141, 181, 220, 45, 239, 12, 46, 218, 192, 172,
       68, 177, 244, 239, 52, 182, 20, 219, 127, 144, 119, 217, 255, 55,
       61, 78, 124, 206, 175, 169, 118, 252, 49, 181, 241, 180, 136, 31,
       91, 85, 243, 235, 108, 223, 215, 87, 61, 209, 165, 178, 14, 47,
       185, 40, 232, 26, 230, 221, 6, 193, 242, 54, 197, 124, 127, 197,
       16, 253, 78, 188, 164, 47, 164, 44, 242, 3, 125, 29, 89, 238, 231,
       230, 82, 239, 116, 100, 226, 223, 2, 121, 63, 179, 98, 126, 228,
       63, 238, 192, 177, 53, 200, 119, 107, 230, 129, 39, 246, 124, 233,
       56, 149, 102, 237, 87, 86, 254, 121, 85, 68, 127, 3, 121, 125,
       188, 97, 126, 220, 151, 234, 248, 178, 53, 173, 119, 239, 226,
       129, 39, 174, 244, 146, 3, 159, 107, 159, 214, 242, 235, 87, 85,
       69, 94, 231, 233, 238, 178, 228, 126, 170, 150, 156, 183, 153, 53,
       239, 62, 111, 190, 128, 191, 206, 245, 252, 131, 22, 239, 149,
       174, 34, 169, 27, 252, 247, 214, 246, 212, 38, 190, 111, 103, 21,
       59, 189, 177, 213, 39, 194, 4, 50, 218, 198, 140, 232, 177, 117,
       143, 50, 236, 155, 110, 120, 185, 218, 155, 127, 84, 247, 140,
       140, 255, 203, 231, 95, 183, 23, 135, 116, 175, 241, 86, 123, 122,
       175, 159, 221, 31, 223, 136, 190, 190, 113, 233, 44, 117, 55, 249,
       223, 54, 28, 158, 55, 66, 59, 133, 23, 127, 8, 176, 237, 51, 2,
       207, 219, 116, 64, 202, 224, 195, 243, 89, 113, 105, 167, 178, 14,
       175, 53, 40, 224, 31, 198, 221, 38, 147, 98, 54, 229, 127, 239,
       193, 152, 181, 78, 236, 45, 175, 128, 44, 178, 145, 249, 165, 90,
       89, 75, 114, 95, 75, 152, 53, 232, 117, 236, 215, 71, 139, 117,
       22, 216, 4, 110, 233, 180, 109, 60, 230, 137, 33, 180, 120, 187,
       66, 113, 1, 213, 25, 235, 52, 135, 175, 117, 76, 9, 89, 102, 181,
       25, 160, 96, 222, 58, 22, 232, 211, 184, 81, 157, 229, 157, 170,
       192, 29, 138, 177, 185, 153, 159, 127, 254, 54, 146, 255, 112,
       213, 78, 215, 230, 121, 235, 176, 97, 126, 244, 63, 234, 233, 191,
       47, 255, 242, 239, 234, 128, 63, 171, 112, 121, 74, 177, 188, 248,
       203, 213, 149, 207, 139, 221, 132, 43, 172, 255, 102, 10, 229, 51,
       251, 145, 22, 75, 186, 209, 251, 81, 223, 255, 146, 4, 173, 219,
       82, 182, 255, 241, 162, 106, 57, 215, 59, 91, 118, 244, 156, 55,
       136, 123, 167, 31, 255, 144, 177, 221, 179, 192, 220, 243, 122,
       198, 172, 192, 167, 113, 200, 184, 185, 248, 47, 209, 145, 83,
       235, 89, 180, 56, 190, 157, 194, 58, 134, 49, 253, 16, 147, 47,
       242, 209, 219, 217, 50, 251, 210, 0, 7, 123, 60, 225, 65, 227,
       245, 203, 110, 237, 47, 161, 56, 233, 207, 141, 88, 144, 187, 159,
       215, 113, 91, 120, 153, 150, 190, 213, 5, 117, 230, 142, 214, 144,
       61, 167, 120, 96, 114, 159, 123, 248, 99, 45, 124, 42, 27, 219,
       222, 48, 62, 153, 86, 92, 158, 50, 224, 229, 126, 205, 33, 237,
       227, 131, 106, 227, 186, 104, 62, 190, 75, 209, 145, 192, 143, 20,
       133, 171, 44, 223, 103, 139, 200, 185, 235, 195, 6, 71, 234, 241,
       211, 81, 203, 59, 23, 13, 45, 222, 139, 175, 111, 249, 53, 151,
       233, 115, 127, 73, 124, 70, 185, 143, 148, 164, 222, 59, 23, 140,
       163, 184, 117, 223, 111, 221, 162, 192, 95, 132, 112, 249, 169,
       51, 121, 65, 114, 223, 121, 91, 99, 232, 116, 236, 25, 159, 197,
       52, 62, 152, 150, 216, 195, 50, 180, 208, 71, 217, 161, 164, 127,
       160, 70, 249, 59, 159, 70, 204, 245, 146, 110, 119, 197, 72, 254,
       230, 41, 170, 182, 228, 110, 166, 142, 172, 221, 187, 4, 221, 50,
       124, 130, 194, 63, 140, 248, 13, 175, 118, 65, 65, 123, 27, 78,
       184, 25, 226, 52, 236, 235, 71, 207, 181, 62, 200, 198, 110, 229,
       52, 125, 223, 38, 216, 37, 190, 127, 191, 74, 213, 175, 246, 96,
       75, 123, 31, 158, 252, 77, 114, 181, 239, 106, 76, 159, 165, 62,
       201, 214, 102, 231, 39, 125, 255, 54, 89, 1, 191, 127, 159, 139,
       221, 60, 207, 99, 238, 244, 242, 79, 246, 85, 2, 126, 227, 75,
       105, 176, 212, 123, 230, 135, 234, 248, 186, 13, 191, 242, 239,
       167, 197, 119, 255, 244, 160, 23, 127, 67, 200, 254, 129, 175,
       240, 140, 200, 222, 230, 93, 198, 225, 96, 126, 249, 94, 254, 209,
       131, 46, 252, 184, 136, 175, 236, 60, 187, 177, 181, 130, 251,
       146, 152, 234, 137, 180, 239, 175, 23, 48, 231, 172, 235, 102,
       203, 167, 91, 239, 17, 82, 77, 138, 241, 188, 144, 95, 239, 28,
       16, 175, 155, 163, 225, 100, 2, 95, 215, 248, 204, 123, 117, 53,
       159, 72, 222, 222, 181, 191, 201, 211, 245, 151, 127, 190, 213,
