%YAML:1.0
---
descriptors: !!opencv-matrix
   rows: 61
   cols: 32
   dt: u
   data: [ 43, 253, 247, 221, 255, 159, 255, 255, 31, 121, 124, 34, 252,
       253, 180, 164, 255, 251, 183, 77, 243, 250, 106, 255, 63, 95, 191,
       166, 87, 220, 245, 249, 28, 34, 247, 197, 199, 114, 101, 72, 117,
       182, 247, 2, 73, 163, 237, 239, 121, 220, 162, 184, 8, 242, 167,
       192, 31, 202, 215, 7, 167, 249, 116, 228, 253, 253, 235, 110, 204,
       109, 71, 252, 210, 210, 173, 10, 115, 245, 123, 50, 25, 202, 112,
       106, 249, 99, 190, 59, 123, 141, 229, 60, 243, 251, 218, 160, 151,
       223, 94, 178, 186, 182, 62, 253, 188, 218, 159, 247, 125, 118,
       175, 243, 119, 115, 189, 246, 245, 197, 14, 254, 186, 231, 239,
       198, 188, 243, 169, 21, 254, 253, 247, 222, 237, 213, 215, 232,
       139, 190, 189, 10, 110, 253, 117, 7, 237, 241, 223, 115, 106, 99,
       250, 251, 123, 221, 135, 63, 83, 127, 102, 231, 174, 249, 51, 218,
       233, 237, 183, 206, 175, 31, 188, 8, 174, 223, 101, 31, 139, 123,
       235, 82, 82, 107, 250, 241, 63, 208, 31, 123, 210, 91, 199, 235,
       173, 111, 241, 71, 228, 95, 231, 184, 81, 238, 116, 88, 211, 85,
       221, 55, 24, 220, 86, 106, 233, 246, 233, 170, 103, 217, 37, 180,
       99, 251, 214, 225, 216, 91, 62, 245, 40, 90, 124, 53, 188, 166,
       134, 177, 247, 45, 2, 67, 166, 117, 237, 99, 236, 205, 135, 14,
       227, 227, 127, 17, 36, 160, 141, 27, 206, 222, 184, 190, 255, 212,
       62, 182, 155, 223, 28, 191, 253, 255, 106, 82, 231, 123, 183, 211,
       102, 78, 218, 231, 255, 247, 255, 239, 150, 115, 173, 91, 221,
       223, 158, 190, 154, 54, 94, 254, 150, 218, 157, 214, 125, 238,
       251, 99, 247, 243, 189, 231, 253, 71, 47, 127, 250, 239, 239, 221,
       189, 243, 169, 81, 245, 140, 229, 87, 143, 110, 197, 186, 244,
       242, 162, 90, 211, 113, 29, 239, 121, 230, 124, 46, 249, 229, 253,
       44, 185, 234, 69, 20, 99, 249, 210, 100, 230, 228, 133, 179, 137,
       105, 31, 168, 27, 179, 129, 185, 207, 230, 72, 159, 217, 215, 237,
       243, 123, 71, 203, 243, 185, 210, 207, 127, 144, 119, 134, 50,
       254, 240, 230, 218, 109, 125, 217, 200, 139, 95, 181, 63, 74, 221,
       127, 143, 205, 209, 255, 115, 62, 103, 186, 241, 27, 91, 217, 255,
       215, 61, 92, 87, 124, 103, 232, 165, 136, 74, 95, 184, 34, 236,
       158, 143, 195, 109, 91, 18, 88, 196, 237, 239, 76, 82, 237, 8,
       250, 225, 237, 181, 36, 247, 30, 66, 94, 178, 158, 178, 171, 208,
       24, 205, 171, 157, 135, 185, 79, 255, 106, 219, 247, 223, 253,
       145, 30, 67, 138, 224, 219, 215, 95, 255, 162, 71, 175, 83, 221,
       140, 175, 190, 184, 54, 94, 188, 82, 234, 159, 87, 115, 255, 59,
       113, 93, 231, 125, 175, 253, 71, 191, 63, 251, 239, 239, 220, 188,
       243, 168, 83, 245, 28, 229, 119, 140, 106, 69, 190, 243, 190, 182,
       58, 211, 113, 157, 63, 41, 198, 108, 42, 105, 229, 255, 40, 201,
       235, 117, 20, 231, 249, 214, 99, 177, 113, 119, 79, 76, 127, 225,
       92, 119, 225, 251, 90, 211, 148, 212, 252, 120, 220, 110, 218,
       217, 246, 255, 16, 23, 234, 33, 0, 103, 155, 240, 164, 71, 61,
       173, 133, 172, 47, 239, 191, 59, 248, 158, 77, 212, 60, 211, 34,
       149, 71, 125, 61, 213, 88, 249, 204, 237, 30, 239, 244, 140, 254,
       153, 85, 94, 176, 156, 242, 139, 68, 27, 200, 163, 149, 165, 185,
       79, 255, 74, 26, 247, 215, 253, 242, 30, 67, 218, 129, 219, 193,
       143, 127, 160, 35, 175, 82, 165, 126, 253, 85, 228, 47, 231, 190,
       92, 254, 126, 88, 211, 104, 149, 43, 157, 116, 70, 42, 233, 244,
       109, 42, 103, 159, 101, 148, 197, 249, 86, 233, 216, 176, 158,
       178, 43, 221, 16, 204, 187, 55, 165, 57, 111, 255, 74, 155, 167,
       211, 237, 144, 46, 79, 154, 245, 219, 211, 93, 127, 226, 6, 175,
       27, 225, 191, 125, 87, 244, 30, 239, 191, 121, 190, 118, 124, 243,
       33, 148, 55, 31, 246, 102, 42, 241, 252, 237, 46, 110, 187, 101,
       128, 67, 248, 198, 169, 253, 77, 237, 103, 141, 79, 71, 188, 97,
       250, 190, 10, 211, 125, 89, 123, 121, 196, 125, 235, 105, 97, 251,
       40, 249, 235, 229, 20, 97, 123, 212, 98, 181, 205, 157, 254, 188,
       99, 198, 238, 214, 187, 185, 24, 247, 248, 121, 163, 153, 103,
       108, 58, 123, 101, 107, 63, 169, 207, 101, 116, 208, 123, 209, 32,
       198, 220, 188, 183, 141, 238, 54, 174, 158, 191, 6, 17, 252, 250,
       75, 75, 145, 103, 57, 23, 118, 92, 219, 187, 239, 247, 95, 87,
       128, 125, 153, 74, 253, 100, 135, 178, 140, 52, 78, 216, 243, 218,
       135, 90, 91, 192, 249, 255, 49, 196, 124, 254, 239, 71, 190, 34,
       185, 203, 229, 124, 162, 243, 250, 100, 220, 62, 253, 119, 172,
       106, 69, 191, 243, 246, 182, 188, 211, 117, 199, 127, 3, 214, 108,
       42, 248, 229, 239, 42, 206, 251, 117, 20, 198, 249, 214, 121, 117,
       125, 119, 75, 204, 95, 231, 220, 119, 224, 251, 74, 211, 220, 157,
       228, 120, 206, 110, 218, 217, 242, 255, 48, 52, 170, 37, 68, 109,
       219, 240, 164, 104, 55, 104, 37, 52, 79, 127, 48, 33, 228, 127,
       141, 211, 39, 18, 16, 16, 196, 69, 110, 200, 208, 241, 12, 231,
       253, 161, 145, 96, 162, 86, 114, 124, 117, 232, 229, 28, 79, 95,
       56, 35, 228, 143, 143, 87, 47, 83, 18, 94, 212, 125, 102, 72, 82,
       249, 8, 255, 225, 173, 53, 36, 251, 86, 114, 116, 119, 188, 164,
       172, 71, 215, 248, 150, 238, 159, 45, 215, 125, 91, 3, 157, 213,
       125, 99, 232, 99, 203, 14, 251, 199, 237, 149, 12, 123, 23, 83,
       79, 237, 237, 231, 173, 22, 111, 188, 51, 248, 159, 68, 217, 103,
       219, 230, 221, 70, 253, 254, 203, 80, 251, 177, 239, 255, 239,
       228, 134, 247, 120, 244, 133, 247, 188, 191, 174, 75, 159, 248,
       142, 246, 157, 131, 223, 125, 91, 43, 151, 81, 93, 103, 228, 65,
       107, 174, 234, 211, 111, 189, 148, 251, 141, 211, 124, 240, 252,
       224, 139, 68, 91, 216, 35, 244, 133, 9, 95, 87, 75, 90, 213, 213,
       253, 242, 14, 67, 219, 16, 251, 193, 175, 125, 160, 51, 46, 82, 9,
       62, 189, 117, 164, 46, 229, 55, 126, 238, 62, 68, 243, 57, 149,
       43, 157, 118, 126, 11, 161, 240, 249, 10, 109, 191, 117, 144, 200,
       248, 213, 249, 92, 176, 188, 114, 139, 197, 91, 200, 163, 117,
       165, 25, 127, 223, 74, 26, 183, 211, 237, 178, 30, 71, 154, 49,
       219, 211, 85, 127, 226, 3, 167, 82, 244, 177, 220, 98, 156, 67,
       66, 168, 210, 177, 161, 88, 210, 123, 77, 59, 217, 212, 108, 242,
       58, 103, 219, 54, 251, 143, 165, 125, 233, 43, 210, 2, 253, 172,
       159, 255, 156, 103, 71, 186, 86, 226, 194, 90, 115, 113, 25, 115,
       89, 238, 125, 171, 57, 215, 219, 63, 249, 239, 245, 84, 169, 249,
       248, 2, 196, 180, 188, 179, 173, 44, 117, 191, 190, 191, 7, 17,
       244, 243, 72, 75, 145, 71, 121, 17, 50, 76, 219, 115, 239, 147,
       95, 127, 128, 89, 149, 42, 108, 245, 188, 103, 181, 111, 87, 184,
       115, 232, 191, 9, 223, 119, 11, 18, 149, 214, 237, 106, 40, 240,
       249, 44, 239, 223, 101, 53, 194, 243, 206, 19, 67, 189, 59, 177,
       181, 205, 125, 183, 123, 200, 74, 76, 190, 188, 18, 112, 165, 111,
       125, 77, 211, 248, 176, 191, 237, 254, 28, 66, 8, 20, 147, 127,
       124, 53, 232, 231, 28, 79, 95, 56, 32, 236, 159, 13, 83, 55, 75,
       18, 88, 212, 125, 234, 72, 82, 249, 8, 255, 237, 173, 181, 33,
       250, 86, 115, 84, 245, 189, 166, 140, 79, 95, 248, 142, 246, 143,
       15, 215, 127, 91, 11, 183, 85, 125, 103, 232, 65, 123, 26, 251,
       203, 111, 61, 176, 123, 5, 114, 73, 63, 189, 117, 172, 62, 231,
       55, 222, 235, 62, 76, 247, 61, 211, 42, 133, 102, 126, 12, 177,
       248, 241, 42, 239, 255, 117, 16, 202, 248, 209, 121, 37, 245, 173,
       247, 156, 102, 223, 188, 112, 219, 189, 81, 215, 127, 89, 43, 221,
       86, 93, 235, 249, 226, 249, 42, 233, 207, 239, 28, 192, 251, 246,
       242, 220, 132, 156, 247, 9, 108, 85, 136, 186, 179, 135, 24, 255,
       119, 72, 123, 161, 214, 121, 138, 41, 69, 219, 35, 215, 251, 83,
       16, 136, 115, 131, 50, 228, 244, 89, 99, 188, 47, 199, 184, 82,
