%YAML:1.0
---
descriptors: !!opencv-matrix
   rows: 179
   cols: 32
   dt: u
   data: [ 57, 11, 97, 213, 54, 42, 235, 18, 117, 232, 246, 230, 251, 5,
       149, 228, 126, 238, 55, 172, 169, 244, 101, 207, 4, 238, 176, 128,
       111, 253, 112, 121, 3, 222, 158, 158, 100, 164, 188, 206, 158, 75,
       88, 87, 236, 254, 62, 104, 223, 123, 179, 133, 135, 148, 18, 243,
       5, 54, 222, 139, 28, 124, 57, 159, 248, 200, 148, 254, 75, 192,
       22, 172, 155, 182, 160, 9, 110, 247, 105, 219, 193, 245, 233, 66,
       106, 71, 154, 249, 241, 242, 79, 63, 18, 120, 39, 10, 27, 156, 3,
       185, 151, 183, 154, 71, 31, 67, 216, 135, 175, 238, 50, 192, 255,
       171, 159, 149, 63, 141, 18, 255, 185, 247, 158, 195, 190, 76, 185,
       94, 131, 89, 235, 143, 50, 66, 175, 117, 124, 74, 86, 230, 181, 6,
       182, 100, 118, 111, 31, 207, 193, 157, 165, 239, 180, 44, 174,
       128, 45, 182, 177, 253, 174, 114, 240, 192, 239, 19, 150, 220, 75,
       232, 48, 239, 138, 136, 247, 142, 222, 93, 135, 119, 141, 118,
       204, 210, 62, 88, 173, 190, 207, 253, 88, 149, 10, 154, 54, 153,
       125, 241, 184, 107, 159, 85, 85, 183, 172, 174, 166, 197, 239, 59,
       163, 129, 54, 156, 34, 215, 14, 86, 154, 235, 30, 12, 45, 223,
       123, 50, 112, 100, 43, 28, 88, 82, 233, 73, 180, 237, 31, 31, 214,
       190, 134, 149, 213, 133, 141, 7, 160, 192, 210, 249, 48, 186, 79,
       132, 106, 95, 19, 205, 99, 142, 87, 148, 238, 231, 141, 64, 222,
       198, 44, 174, 182, 228, 238, 162, 151, 205, 199, 139, 52, 253, 51,
       124, 142, 139, 55, 158, 248, 124, 131, 147, 107, 159, 246, 132,
       175, 189, 28, 76, 82, 230, 245, 110, 190, 101, 118, 43, 55, 229,
       245, 152, 37, 255, 164, 58, 170, 130, 28, 130, 177, 253, 45, 181,
       109, 201, 252, 247, 187, 123, 78, 109, 125, 166, 216, 93, 190,
       164, 92, 26, 151, 189, 147, 56, 125, 221, 111, 13, 175, 228, 223,
       142, 213, 241, 78, 184, 188, 191, 170, 192, 61, 168, 166, 149, 6,
       161, 253, 247, 74, 66, 131, 127, 249, 193, 70, 73, 139, 49, 207,
       227, 127, 239, 128, 34, 13, 91, 39, 183, 105, 73, 244, 255, 163,
       75, 79, 109, 125, 70, 146, 28, 190, 36, 221, 10, 18, 61, 151, 184,
       125, 221, 15, 28, 1, 230, 221, 79, 213, 245, 208, 224, 158, 188,
       155, 75, 60, 111, 188, 162, 194, 139, 255, 251, 11, 67, 251, 189,
       251, 161, 124, 199, 211, 207, 249, 231, 207, 25, 128, 56, 173, 2,
       226, 120, 190, 252, 109, 116, 176, 194, 155, 31, 244, 27, 172,
       254, 111, 203, 201, 253, 243, 17, 38, 119, 218, 225, 151, 243,
       219, 47, 208, 125, 111, 218, 22, 162, 110, 177, 106, 139, 185,
       219, 46, 53, 215, 247, 201, 134, 218, 74, 111, 141, 239, 157, 146,
       219, 207, 209, 220, 195, 251, 229, 165, 132, 165, 209, 47, 188,
       229, 94, 253, 149, 206, 252, 91, 251, 49, 94, 104, 248, 221, 173,
       157, 234, 178, 94, 247, 122, 126, 255, 47, 30, 213, 126, 223, 254,
       218, 188, 52, 101, 88, 102, 240, 15, 95, 252, 49, 174, 125, 173,
       83, 227, 203, 16, 25, 204, 71, 238, 104, 50, 200, 42, 126, 141,
       165, 172, 105, 243, 238, 179, 18, 207, 111, 254, 114, 128, 191,
       247, 21, 4, 222, 227, 41, 175, 160, 65, 110, 251, 191, 195, 248,
       155, 39, 239, 242, 231, 250, 137, 53, 129, 165, 249, 114, 75, 2,
       190, 109, 132, 30, 228, 137, 14, 192, 135, 110, 226, 35, 82, 228,
       227, 175, 199, 76, 11, 138, 237, 176, 52, 202, 155, 16, 63, 57,
       75, 126, 249, 151, 174, 57, 221, 82, 232, 171, 137, 168, 77, 238,
       222, 100, 150, 206, 249, 237, 82, 79, 43, 218, 241, 187, 208, 13,
       59, 90, 39, 10, 31, 178, 23, 118, 135, 180, 114, 190, 117, 45,
       204, 254, 231, 110, 62, 175, 199, 254, 215, 191, 225, 253, 179,
       33, 204, 186, 248, 238, 131, 77, 126, 245, 223, 125, 249, 242,
       100, 197, 95, 247, 208, 97, 166, 190, 10, 75, 153, 79, 166, 184,
       220, 213, 106, 204, 179, 176, 168, 115, 221, 5, 39, 99, 191, 94,
       102, 178, 73, 82, 238, 85, 198, 126, 100, 57, 0, 243, 3, 11, 158,
       37, 149, 250, 189, 151, 224, 76, 187, 16, 204, 51, 248, 130, 3,
       103, 30, 110, 142, 98, 193, 50, 138, 93, 209, 190, 109, 141, 5,
       217, 11, 236, 222, 46, 64, 216, 147, 155, 227, 78, 163, 67, 237,
       177, 52, 142, 27, 20, 14, 180, 142, 119, 73, 75, 124, 144, 198,
       79, 181, 180, 192, 234, 68, 49, 247, 49, 112, 72, 226, 25, 206,
       201, 139, 52, 108, 249, 239, 143, 136, 57, 179, 162, 120, 230, 40,
       215, 211, 203, 99, 176, 192, 63, 179, 227, 26, 72, 187, 69, 159,
       233, 253, 235, 146, 56, 246, 203, 224, 31, 146, 221, 71, 227, 97,
       38, 162, 250, 65, 38, 188, 141, 75, 84, 103, 133, 38, 194, 27,
       110, 173, 34, 67, 232, 183, 235, 99, 92, 239, 195, 157, 241, 226,
       88, 19, 113, 60, 180, 74, 11, 92, 151, 189, 61, 102, 184, 142, 30,
       75, 90, 7, 188, 254, 49, 224, 215, 91, 187, 133, 135, 136, 115,
       235, 129, 119, 154, 130, 156, 92, 57, 223, 50, 33, 215, 228, 77,
       74, 248, 73, 105, 160, 242, 10, 11, 25, 84, 18, 234, 157, 127,
       241, 8, 179, 193, 192, 145, 216, 130, 23, 101, 8, 114, 130, 91,
       141, 7, 188, 157, 245, 90, 231, 191, 69, 202, 1, 175, 190, 32,
       244, 193, 163, 223, 129, 62, 11, 18, 255, 185, 246, 158, 91, 144,
       68, 181, 78, 3, 224, 177, 155, 125, 213, 184, 68, 159, 93, 80, 25,
       172, 158, 118, 172, 205, 41, 247, 149, 135, 110, 226, 241, 15, 90,
       154, 235, 146, 13, 47, 255, 201, 203, 126, 180, 37, 152, 248, 51,
       205, 20, 150, 2, 173, 202, 178, 97, 234, 33, 190, 169, 68, 41, 6,
       221, 254, 211, 254, 201, 22, 140, 57, 12, 75, 50, 120, 224, 110,
       60, 216, 83, 233, 89, 180, 253, 159, 26, 214, 58, 174, 149, 221,
       149, 135, 39, 132, 192, 146, 249, 58, 186, 79, 132, 43, 29, 75,
       18, 247, 205, 110, 24, 232, 81, 239, 88, 242, 230, 159, 136, 212,
       238, 110, 133, 126, 141, 133, 50, 231, 192, 22, 121, 250, 136,
       111, 168, 105, 189, 3, 34, 104, 161, 110, 137, 249, 80, 175, 61,
       150, 239, 141, 139, 215, 10, 110, 129, 95, 157, 134, 35, 198, 208,
       214, 89, 186, 252, 77, 140, 1, 209, 51, 207, 101, 206, 222, 129,
       207, 237, 197, 0, 217, 130, 97, 236, 188, 101, 94, 226, 19, 239,
       218, 43, 78, 253, 50, 8, 143, 88, 55, 154, 244, 172, 45, 189, 99,
       73, 84, 159, 227, 123, 87, 224, 125, 78, 83, 216, 188, 164, 120,
       136, 18, 60, 223, 178, 117, 159, 62, 12, 161, 100, 255, 174, 122,
       164, 88, 196, 159, 165, 11, 74, 121, 111, 62, 166, 198, 1, 175,
       39, 2, 67, 233, 149, 237, 128, 44, 205, 211, 14, 221, 231, 218,
       21, 160, 0, 45, 74, 128, 145, 123, 249, 244, 239, 105, 95, 63,
       109, 119, 18, 217, 215, 56, 112, 121, 154, 63, 152, 59, 152, 49,
       215, 253, 156, 179, 68, 49, 136, 229, 242, 154, 217, 103, 26, 135,
       208, 157, 231, 205, 84, 222, 167, 170, 220, 55, 229, 238, 179,
       191, 199, 206, 41, 54, 245, 179, 112, 206, 139, 87, 28, 181, 127,
       92, 184, 188, 63, 58, 194, 89, 168, 183, 149, 70, 1, 255, 247, 74,
       82, 147, 255, 125, 144, 42, 192, 155, 61, 203, 227, 77, 13, 160,
       34, 5, 122, 150, 187, 190, 189, 184, 135, 21, 233, 190, 190, 130,
       181, 230, 254, 107, 67, 213, 119, 237, 33, 126, 195, 235, 31, 233,
       247, 239, 191, 144, 96, 165, 115, 9, 3, 115, 205, 116, 26, 233,
       55, 124, 72, 118, 228, 157, 3, 148, 244, 110, 44, 22, 12, 129,
       184, 101, 205, 6, 253, 178, 192, 78, 136, 97, 185, 98, 50, 174,
       140, 93, 31, 176, 72, 143, 173, 241, 47, 174, 216, 38, 128, 248,
       157, 235, 49, 14, 99, 211, 221, 157, 52, 139, 63, 217, 44, 63,
       215, 106, 57, 242, 208, 237, 252, 184, 71, 171, 215, 124, 27, 172,
       190, 118, 158, 239, 59, 243, 145, 22, 90, 178, 192, 31, 89, 222,
       235, 135, 68, 175, 223, 65, 114, 199, 93, 110, 27, 232, 88, 119,
       249, 210, 230, 243, 136, 213, 235, 126, 140, 126, 141, 141, 246,
       231, 192, 22, 106, 243, 128, 237, 172, 120, 157, 147, 79, 79, 191,
       52, 130, 111, 182, 20, 74, 222, 230, 241, 98, 179, 225, 124, 238,
