%YAML:1.0
---
descriptors: !!opencv-matrix
   rows: 170
   cols: 32
   dt: u
   data: [ 120, 207, 124, 238, 140, 73, 87, 190, 133, 20, 172, 43, 51,
       33, 35, 83, 72, 242, 173, 66, 72, 43, 74, 61, 243, 233, 100, 57,
       114, 251, 204, 10, 13, 1, 147, 177, 245, 166, 169, 87, 28, 201,
       95, 82, 156, 179, 96, 236, 241, 47, 59, 29, 19, 152, 16, 194, 205,
       247, 190, 192, 138, 76, 185, 161, 38, 201, 228, 26, 205, 239, 244,
       239, 219, 243, 56, 27, 74, 252, 127, 15, 201, 211, 179, 21, 182,
       106, 90, 241, 63, 94, 85, 127, 213, 124, 218, 206, 19, 203, 123,
       207, 50, 130, 63, 244, 36, 0, 90, 230, 121, 199, 176, 96, 118,
       249, 23, 206, 193, 153, 44, 253, 240, 173, 174, 128, 45, 146, 33,
       169, 9, 34, 197, 209, 116, 159, 232, 19, 127, 121, 114, 86, 185,
       8, 148, 237, 106, 8, 54, 29, 151, 252, 69, 209, 4, 122, 242, 192,
       207, 140, 121, 141, 58, 199, 99, 169, 180, 194, 235, 215, 4, 73,
       218, 227, 25, 141, 184, 224, 124, 171, 23, 253, 219, 185, 36, 237,
       249, 109, 174, 192, 55, 158, 244, 248, 114, 1, 243, 229, 101, 74,
       120, 72, 105, 164, 242, 11, 11, 11, 20, 82, 250, 149, 109, 225, 8,
       179, 193, 200, 147, 248, 194, 23, 101, 168, 102, 134, 170, 242,
       177, 218, 125, 221, 185, 76, 219, 93, 117, 56, 172, 154, 78, 188,
       205, 25, 198, 17, 134, 110, 226, 209, 31, 88, 26, 111, 210, 12,
       71, 207, 111, 119, 99, 76, 126, 19, 91, 88, 65, 204, 253, 237, 91,
       204, 191, 52, 94, 236, 151, 111, 141, 163, 236, 206, 114, 93, 33,
       188, 111, 191, 114, 117, 252, 127, 250, 101, 228, 75, 103, 245,
       64, 166, 190, 42, 83, 113, 209, 51, 24, 252, 108, 106, 200, 243,
       233, 40, 243, 201, 101, 53, 103, 251, 86, 43, 75, 50, 245, 205,
       110, 24, 232, 81, 235, 217, 242, 238, 159, 138, 212, 234, 110,
       133, 126, 141, 135, 115, 230, 192, 150, 121, 170, 168, 77, 168,
       107, 157, 111, 51, 250, 228, 108, 23, 218, 120, 203, 232, 188,
       239, 93, 252, 247, 50, 222, 245, 247, 231, 133, 35, 174, 200, 90,
       93, 169, 190, 77, 175, 75, 213, 65, 114, 199, 93, 110, 27, 232,
       80, 119, 249, 210, 230, 251, 168, 213, 239, 110, 204, 126, 157,
       143, 242, 231, 192, 22, 106, 243, 128, 237, 184, 120, 157, 30,
       162, 238, 177, 106, 139, 233, 89, 55, 61, 215, 247, 137, 135, 218,
       73, 111, 141, 239, 156, 154, 90, 199, 209, 222, 65, 187, 228, 181,
       140, 37, 209, 137, 82, 111, 101, 52, 26, 105, 50, 108, 200, 118,
       228, 179, 5, 149, 241, 118, 164, 94, 108, 233, 180, 101, 12, 198,
       233, 96, 128, 111, 168, 82, 57, 59, 18, 107, 237, 57, 87, 89, 88,
       5, 76, 222, 231, 25, 159, 182, 100, 124, 156, 191, 165, 141, 147,
       245, 156, 215, 125, 170, 139, 63, 134, 124, 247, 104, 141, 122,
       110, 244, 238, 127, 183, 113, 142, 126, 8, 255, 123, 130, 80, 179,
       254, 69, 106, 120, 184, 176, 47, 239, 255, 36, 0, 98, 242, 230,
       43, 114, 249, 58, 206, 57, 221, 83, 232, 171, 108, 173, 8, 254,
       214, 110, 52, 252, 241, 255, 90, 75, 3, 250, 241, 249, 152, 11,
       59, 16, 2, 47, 127, 120, 121, 50, 126, 233, 29, 86, 101, 169, 142,
       252, 9, 46, 251, 71, 151, 136, 251, 197, 66, 76, 107, 210, 169,
       179, 249, 68, 59, 66, 127, 206, 139, 62, 129, 80, 232, 93, 243,
       82, 232, 15, 5, 253, 11, 79, 217, 46, 84, 216, 153, 135, 115, 26,
       35, 90, 149, 187, 212, 129, 127, 151, 15, 126, 6, 39, 158, 45,
       201, 124, 167, 233, 186, 78, 120, 88, 70, 144, 26, 180, 96, 205,
       9, 31, 189, 147, 56, 85, 213, 4, 24, 171, 244, 28, 137, 80, 181,
       61, 233, 250, 100, 229, 95, 223, 244, 65, 236, 254, 10, 91, 189,
       215, 32, 120, 236, 151, 111, 204, 178, 252, 168, 115, 205, 165,
       165, 103, 191, 246, 227, 114, 75, 2, 190, 77, 192, 94, 228, 137,
       68, 192, 135, 110, 230, 35, 210, 236, 227, 175, 199, 76, 11, 130,
       237, 176, 244, 202, 155, 16, 63, 60, 74, 147, 77, 79, 189, 52,
       130, 111, 182, 20, 66, 218, 231, 241, 114, 177, 209, 94, 234, 63,
       239, 237, 156, 69, 255, 164, 46, 234, 128, 61, 249, 120, 25, 217,
       112, 19, 224, 5, 28, 104, 80, 237, 72, 247, 70, 31, 147, 32, 244,
       248, 141, 94, 236, 137, 167, 176, 192, 147, 249, 138, 24, 11, 2,
       99, 160, 42, 91, 106, 238, 126, 209, 191, 244, 132, 76, 220, 166,
       57, 223, 179, 96, 110, 250, 151, 195, 194, 43, 34, 253, 118, 237,
       170, 168, 55, 159, 60, 251, 249, 83, 49, 232, 61, 5, 67, 88, 199,
       72, 233, 76, 190, 209, 41, 244, 220, 136, 94, 110, 203, 35, 250,
       157, 209, 249, 130, 56, 26, 42, 114, 50, 50, 205, 75, 238, 95,
       192, 143, 237, 133, 1, 200, 2, 112, 251, 44, 68, 72, 242, 27, 195,
       74, 11, 26, 253, 113, 44, 142, 11, 53, 26, 244, 170, 88, 58, 187,
       165, 29, 110, 80, 126, 63, 172, 202, 35, 175, 190, 3, 120, 225,
       181, 237, 145, 12, 139, 195, 158, 217, 231, 186, 151, 160, 0, 36,
       11, 33, 189, 107, 77, 116, 207, 227, 125, 69, 72, 124, 76, 51, 29,
       182, 52, 60, 170, 22, 108, 201, 186, 52, 29, 119, 173, 32, 128,
       127, 138, 82, 249, 45, 183, 115, 73, 84, 223, 226, 121, 87, 224,
       125, 202, 115, 216, 190, 164, 126, 136, 18, 60, 215, 178, 117,
       159, 63, 77, 1, 100, 127, 142, 218, 164, 186, 84, 98, 164, 231,
       55, 254, 86, 53, 206, 246, 183, 11, 29, 39, 217, 254, 221, 151,
       231, 236, 183, 17, 202, 243, 251, 212, 135, 111, 253, 238, 223,
       34, 173, 242, 73, 214, 179, 163, 71, 79, 5, 120, 2, 32, 152, 180,
       36, 200, 43, 2, 16, 146, 186, 36, 223, 45, 28, 146, 106, 213, 72,
       247, 172, 51, 134, 238, 157, 94, 51, 136, 123, 22, 231, 210, 247,
       97, 236, 190, 73, 125, 239, 167, 165, 188, 219, 79, 159, 26, 38,
       255, 197, 189, 236, 120, 221, 11, 28, 151, 189, 125, 166, 184,
       142, 30, 75, 74, 71, 252, 254, 51, 234, 213, 123, 187, 133, 135,
       152, 19, 227, 5, 55, 154, 130, 156, 124, 57, 222, 123, 17, 255,
       236, 62, 86, 219, 120, 95, 200, 220, 231, 125, 255, 182, 96, 222,
       253, 189, 173, 141, 195, 183, 221, 251, 127, 175, 158, 63, 166,
       112, 119, 45, 181, 120, 203, 252, 255, 251, 249, 71, 109, 29, 38,
       217, 125, 190, 36, 94, 26, 151, 121, 179, 184, 125, 221, 111, 93,
       171, 228, 223, 143, 212, 243, 122, 141, 118, 238, 157, 210, 95,
       52, 133, 69, 255, 3, 107, 127, 34, 212, 120, 243, 157, 224, 88,
       171, 57, 237, 251, 255, 134, 3, 51, 158, 236, 122, 85, 245, 157,
       227, 170, 46, 87, 153, 106, 251, 43, 92, 215, 115, 201, 123, 151,
       223, 124, 122, 219, 80, 251, 48, 233, 171, 103, 116, 168, 115,
       129, 49, 217, 210, 45, 158, 45, 84, 21, 60, 133, 94, 150, 167,
       248, 119, 170, 231, 68, 144, 255, 230, 237, 79, 115, 189, 211,
       123, 250, 155, 26, 140, 60, 127, 181, 205, 95, 239, 172, 42, 238,
       188, 28, 162, 251, 210, 247, 98, 185, 113, 127, 231, 60, 235, 121,
       213, 77, 63, 176, 235, 239, 148, 52, 251, 193, 161, 53, 201, 78,
       190, 30, 133, 207, 252, 196, 64, 213, 6, 115, 216, 59, 96, 120,
       192, 31, 239, 203, 35, 30, 61, 240, 169, 175, 156, 61, 59, 120, 8,
       187, 19, 107, 233, 48, 119, 121, 80, 37, 108, 214, 231, 25, 31,
       178, 96, 126, 156, 159, 252, 141, 147, 117, 140, 210, 233, 170,
       130, 63, 140, 52, 255, 82, 129, 253, 236, 126, 3, 218, 250, 31,
       160, 248, 234, 253, 255, 188, 96, 254, 213, 63, 169, 161, 67, 27,
       223, 250, 191, 175, 188, 53, 168, 65, 161, 26, 82, 106, 97, 54,
       219, 249, 82, 109, 109, 118, 167, 155, 29, 150, 108, 110, 156,
       191, 21, 143, 184, 101, 208, 70, 125, 48, 195, 103, 140, 84, 255,
       5, 226, 241, 193, 230, 27, 239, 248, 110, 226, 120, 230, 249, 226,
       221, 164, 127, 200, 22, 254, 195, 48, 238, 217, 12, 220, 39, 172,
       253, 251, 67, 165, 120, 205, 124, 110, 156, 73, 87, 190, 135, 60,
       188, 43, 115, 37, 43, 82, 73, 210, 13, 96, 74, 43, 106, 61, 115,
       237, 100, 61, 115, 218, 196, 42, 3, 150, 91, 29, 50, 171, 168, 51,
       60, 75, 123, 245, 245, 39, 144, 64, 23, 39, 39, 12, 177, 152, 69,
