%YAML:1.0
---
descriptors: !!opencv-matrix
   rows: 141
   cols: 32
   dt: u
   data: [ 129, 216, 59, 88, 116, 135, 243, 214, 127, 75, 116, 84, 60,
       147, 165, 108, 231, 41, 22, 88, 163, 164, 33, 127, 67, 190, 50,
       130, 88, 145, 97, 233, 131, 43, 102, 153, 238, 185, 168, 67, 108,
       112, 218, 246, 153, 136, 150, 232, 110, 175, 126, 213, 151, 185,
       199, 240, 20, 56, 186, 192, 205, 141, 249, 132, 43, 145, 107, 204,
       125, 135, 249, 123, 141, 204, 148, 15, 56, 29, 54, 36, 206, 177,
       27, 189, 227, 43, 112, 221, 127, 24, 139, 218, 95, 140, 113, 251,
       18, 150, 188, 183, 171, 114, 56, 175, 143, 63, 31, 179, 204, 111,
       42, 79, 231, 23, 191, 129, 54, 197, 11, 213, 207, 243, 218, 199,
       148, 68, 173, 83, 220, 5, 124, 231, 173, 126, 94, 56, 133, 254,
       191, 18, 219, 127, 27, 107, 214, 213, 189, 234, 172, 224, 121,
       140, 227, 219, 239, 149, 183, 251, 92, 114, 38, 52, 243, 195, 213,
       237, 107, 82, 27, 165, 109, 26, 24, 151, 65, 92, 121, 190, 19, 24,
       18, 178, 240, 226, 85, 188, 144, 104, 131, 219, 86, 242, 155, 149,
       98, 168, 181, 55, 250, 123, 93, 71, 211, 119, 140, 40, 190, 197,
       255, 139, 159, 173, 188, 191, 21, 223, 186, 95, 154, 198, 159,
       141, 249, 197, 85, 29, 63, 254, 151, 239, 55, 227, 140, 32, 14, 2,
       20, 191, 33, 98, 227, 119, 59, 66, 112, 137, 48, 190, 251, 239,
       78, 83, 176, 121, 133, 98, 219, 122, 254, 116, 35, 116, 127, 214,
       241, 206, 86, 165, 61, 191, 215, 255, 166, 117, 253, 206, 164,
       213, 164, 234, 83, 251, 118, 131, 167, 245, 111, 127, 3, 153, 38,
       155, 149, 151, 184, 233, 94, 217, 88, 71, 236, 120, 62, 33, 221,
       43, 178, 213, 215, 248, 95, 253, 44, 18, 207, 67, 29, 14, 185,
       158, 131, 26, 198, 185, 224, 172, 104, 23, 191, 89, 82, 245, 172,
       139, 150, 88, 230, 43, 63, 149, 151, 152, 83, 241, 132, 56, 186,
       192, 140, 196, 161, 217, 171, 215, 119, 202, 116, 151, 222, 253,
       93, 104, 177, 254, 108, 92, 188, 164, 158, 187, 151, 111, 255,
       175, 45, 255, 58, 95, 45, 210, 95, 142, 217, 21, 129, 128, 119,
       219, 228, 185, 168, 29, 126, 89, 115, 242, 216, 88, 156, 237, 127,
       27, 62, 29, 151, 244, 103, 213, 4, 56, 250, 196, 205, 136, 193,
       181, 167, 221, 49, 218, 238, 213, 158, 237, 223, 122, 185, 122,
       76, 220, 188, 165, 159, 83, 215, 103, 247, 39, 42, 255, 57, 30,
       13, 254, 85, 95, 131, 53, 83, 159, 71, 13, 50, 2, 111, 189, 32,
       232, 218, 230, 117, 102, 144, 247, 54, 231, 124, 239, 213, 153,
       37, 109, 176, 44, 175, 128, 45, 246, 161, 125, 154, 207, 109, 255,
       118, 82, 255, 61, 117, 14, 95, 163, 105, 111, 150, 100, 118, 247,
       181, 234, 228, 24, 45, 255, 103, 239, 238, 129, 55, 246, 252, 219,
       3, 159, 107, 137, 178, 191, 171, 55, 44, 73, 94, 230, 181, 6, 176,
       100, 102, 43, 22, 157, 147, 152, 37, 95, 236, 12, 174, 192, 188,
       192, 177, 253, 90, 159, 50, 158, 247, 240, 184, 103, 189, 13, 223,
       51, 172, 190, 54, 192, 238, 51, 183, 129, 182, 139, 2, 207, 155,
       119, 154, 203, 151, 4, 189, 207, 3, 139, 70, 189, 244, 136, 238,
       182, 173, 72, 90, 229, 189, 235, 182, 64, 238, 107, 63, 205, 215,
       24, 6, 253, 230, 56, 174, 136, 28, 156, 129, 153, 255, 253, 184,
       246, 173, 100, 95, 156, 19, 255, 157, 27, 90, 253, 127, 122, 221,
       223, 53, 79, 248, 98, 250, 162, 251, 223, 197, 190, 167, 255, 212,
       115, 134, 217, 119, 201, 205, 196, 239, 253, 141, 84, 252, 134,
       185, 199, 52, 101, 110, 122, 27, 238, 211, 43, 58, 253, 47, 56,
       142, 72, 23, 156, 245, 252, 63, 149, 97, 131, 181, 159, 222, 173,
       95, 225, 185, 79, 206, 120, 126, 164, 253, 131, 159, 117, 159, 41,
       93, 223, 186, 94, 143, 87, 223, 14, 216, 86, 29, 93, 123, 238, 22,
       214, 127, 112, 212, 200, 223, 166, 113, 255, 179, 96, 126, 252,
       23, 234, 249, 179, 52, 143, 243, 239, 162, 128, 63, 187, 116, 241,
       185, 222, 107, 236, 118, 146, 203, 248, 85, 72, 244, 230, 115,
       205, 181, 97, 126, 232, 23, 238, 233, 183, 44, 157, 114, 235, 163,
       140, 127, 187, 112, 249, 137, 201, 103, 153, 238, 153, 236, 245,
       236, 114, 210, 210, 185, 136, 150, 225, 110, 169, 126, 207, 247,
       190, 231, 247, 52, 40, 238, 192, 125, 140, 249, 140, 15, 141, 34,
       138, 221, 149, 190, 237, 93, 72, 217, 135, 236, 72, 62, 196, 252,
       131, 159, 247, 247, 43, 93, 255, 188, 20, 142, 219, 95, 15, 185,
       222, 247, 223, 106, 158, 188, 163, 222, 252, 223, 74, 157, 239,
       124, 248, 191, 101, 223, 227, 31, 239, 237, 7, 12, 255, 178, 62,
       175, 158, 29, 255, 249, 93, 195, 210, 254, 252, 110, 20, 220, 63,
       153, 94, 246, 247, 237, 254, 182, 71, 238, 229, 63, 135, 228, 39,
       70, 219, 178, 122, 254, 154, 31, 188, 249, 93, 82, 103, 71, 235,
       234, 201, 109, 198, 37, 55, 218, 163, 239, 135, 137, 216, 110,
       159, 111, 212, 74, 215, 199, 225, 180, 224, 158, 129, 36, 210,
       164, 40, 131, 199, 107, 155, 212, 157, 238, 229, 205, 64, 219,
       214, 184, 72, 190, 225, 111, 171, 90, 231, 247, 62, 124, 247, 44,
       28, 142, 96, 93, 142, 249, 156, 142, 207, 127, 186, 238, 193, 255,
       252, 206, 88, 21, 242, 253, 207, 186, 97, 115, 115, 31, 235, 115,
       7, 46, 247, 248, 81, 239, 253, 20, 155, 189, 225, 130, 110, 206,
       159, 106, 169, 171, 214, 172, 166, 218, 231, 173, 167, 193, 75,
       110, 255, 239, 195, 160, 215, 199, 250, 212, 36, 171, 160, 133,
       241, 39, 184, 220, 217, 127, 252, 142, 193, 23, 229, 140, 212,
       146, 34, 95, 255, 32, 67, 226, 243, 191, 114, 113, 77, 34, 236,
       249, 163, 111, 91, 53, 56, 165, 99, 70, 151, 172, 183, 170, 36,
       188, 175, 142, 63, 155, 183, 204, 110, 78, 74, 231, 87, 127, 149,
       22, 73, 203, 209, 205, 51, 250, 215, 144, 65, 133, 83, 133, 160,
       117, 203, 204, 59, 232, 73, 110, 51, 243, 210, 217, 200, 220, 235,
       123, 141, 122, 187, 183, 180, 111, 210, 12, 40, 195, 68, 213, 203,
       233, 164, 220, 77, 244, 231, 175, 106, 95, 176, 193, 246, 55, 26,
       91, 127, 19, 107, 50, 245, 125, 234, 40, 117, 41, 170, 215, 251,
       229, 149, 167, 255, 84, 115, 191, 221, 53, 202, 183, 215, 159,
       253, 29, 109, 185, 42, 104, 92, 60, 165, 220, 219, 151, 99, 255,
       43, 104, 253, 59, 88, 13, 246, 87, 14, 212, 223, 55, 239, 106,
       142, 85, 151, 222, 233, 95, 68, 221, 143, 98, 200, 55, 0, 216,
       233, 19, 103, 206, 179, 78, 255, 114, 13, 143, 187, 93, 63, 122,
       198, 155, 219, 127, 252, 54, 210, 127, 183, 253, 72, 86, 163, 61,
       31, 182, 97, 102, 115, 157, 239, 237, 153, 36, 253, 226, 251, 230,
       129, 55, 148, 229, 123, 137, 217, 19, 222, 181, 132, 191, 246,
       254, 73, 84, 68, 188, 243, 32, 228, 230, 123, 50, 76, 227, 137,
       18, 255, 101, 255, 62, 10, 26, 16, 161, 185, 247, 221, 230, 252,
       190, 55, 94, 255, 215, 202, 220, 255, 122, 253, 191, 97, 223, 255,
       181, 167, 255, 103, 14, 191, 186, 127, 237, 190, 191, 252, 248,
       31, 231, 253, 241, 215, 252, 52, 79, 191, 91, 255, 61, 90, 123,
       125, 221, 254, 151, 222, 53, 190, 251, 114, 251, 162, 111, 255,
       213, 252, 135, 251, 214, 233, 59, 51, 245, 218, 189, 244, 216,
       222, 219, 93, 252, 253, 46, 220, 253, 188, 207, 155, 245, 149,
       143, 107, 242, 243, 155, 93, 158, 186, 223, 212, 118, 127, 63,
       165, 104, 163, 149, 191, 90, 201, 87, 225, 255, 7, 107, 105, 127,
       128, 249, 202, 151, 53, 190, 178, 93, 190, 251, 221, 133, 69, 239,
       207, 248, 6, 136, 158, 127, 215, 102, 226, 185, 118, 188, 27, 119,
       115, 252, 183, 172, 203, 39, 59, 179, 136, 48, 220, 3, 239, 71,
       59, 122, 131, 134, 193, 229, 235, 125, 253, 122, 233, 246, 201,
       119, 210, 103, 100, 254, 14, 147, 217, 67, 80, 122, 236, 110, 90,
       91, 178, 253, 178, 254, 237, 37, 68, 239, 187, 120, 162, 90, 239,
       207, 189, 202, 201, 109, 135, 39, 55, 254, 139, 171, 135, 211,
       210, 107, 175, 239, 142, 74, 218, 231, 225, 180, 225, 190, 129,
