%YAML:1.0
---
descriptors: !!opencv-matrix
   rows: 55
   cols: 32
   dt: u
   data: [ 131, 219, 45, 154, 238, 149, 190, 237, 143, 90, 17, 247, 252,
       206, 190, 97, 239, 51, 151, 231, 231, 15, 42, 245, 56, 24, 239,
       254, 28, 158, 185, 221, 131, 201, 108, 154, 238, 192, 173, 237,
       142, 88, 85, 179, 189, 206, 190, 97, 103, 51, 31, 207, 119, 12,
       46, 245, 236, 57, 186, 201, 28, 142, 185, 220, 175, 59, 102, 137,
       238, 31, 248, 88, 125, 248, 215, 255, 154, 152, 183, 237, 238,
       141, 255, 255, 189, 243, 199, 212, 22, 120, 235, 198, 111, 141,
       121, 213, 137, 217, 115, 91, 116, 155, 239, 181, 127, 81, 114,
       214, 251, 220, 188, 228, 255, 42, 54, 79, 227, 184, 63, 247, 36,
       222, 54, 192, 94, 154, 209, 189, 11, 156, 130, 186, 241, 244, 186,
       67, 191, 73, 91, 213, 172, 254, 54, 204, 231, 43, 183, 149, 183,
       157, 18, 255, 142, 127, 154, 195, 158, 69, 185, 223, 163, 215, 51,
       218, 239, 215, 150, 237, 159, 106, 153, 126, 108, 220, 188, 165,
       157, 147, 223, 163, 245, 47, 122, 255, 51, 30, 79, 254, 85, 30,
       149, 119, 173, 109, 97, 71, 228, 95, 239, 184, 81, 234, 116, 72,
       243, 125, 157, 165, 24, 204, 22, 110, 225, 246, 237, 174, 39, 88,
       229, 164, 79, 255, 82, 229, 143, 134, 172, 185, 141, 55, 172, 191,
       30, 127, 28, 213, 201, 110, 90, 203, 221, 79, 179, 181, 182, 92,
       125, 178, 239, 87, 223, 228, 156, 253, 153, 84, 159, 56, 183, 222,
       41, 245, 153, 72, 223, 222, 213, 50, 204, 222, 239, 239, 215, 121,
       191, 119, 165, 71, 170, 224, 147, 251, 107, 187, 146, 119, 45,
       231, 191, 252, 167, 158, 221, 119, 207, 252, 83, 250, 221, 86,
       112, 252, 253, 165, 93, 110, 51, 255, 249, 246, 254, 191, 41, 94,
       207, 254, 223, 127, 240, 245, 74, 184, 158, 186, 237, 237, 48,
       199, 159, 29, 132, 25, 172, 223, 98, 24, 205, 59, 251, 17, 22, 79,
       218, 241, 223, 87, 30, 123, 146, 76, 143, 219, 88, 170, 255, 245,
       42, 107, 121, 250, 55, 184, 246, 170, 95, 191, 129, 123, 55, 245,
       239, 240, 40, 251, 171, 252, 219, 231, 119, 149, 231, 169, 37, 43,
       218, 223, 126, 254, 186, 208, 31, 255, 149, 94, 220, 181, 109,
       255, 174, 99, 199, 115, 189, 227, 244, 15, 42, 255, 242, 243, 254,
       139, 22, 244, 165, 127, 216, 86, 190, 245, 40, 90, 20, 55, 180,
       182, 134, 189, 231, 44, 3, 75, 134, 245, 237, 99, 236, 205, 245,
       10, 227, 227, 125, 17, 36, 184, 141, 27, 15, 177, 145, 250, 219,
       245, 154, 201, 31, 105, 1, 82, 28, 222, 108, 172, 249, 155, 147,
       144, 19, 26, 186, 242, 63, 221, 159, 110, 155, 15, 173, 182, 11,
       215, 106, 169, 126, 31, 255, 117, 45, 108, 222, 231, 157, 15, 182,
       68, 254, 141, 223, 239, 197, 187, 117, 221, 246, 125, 170, 130,
       31, 158, 249, 221, 126, 125, 232, 230, 221, 100, 223, 156, 155,
       255, 157, 27, 92, 253, 95, 122, 221, 215, 189, 243, 154, 99, 250,
       226, 123, 125, 141, 191, 183, 127, 212, 115, 252, 38, 252, 99,
       168, 43, 85, 25, 50, 191, 175, 185, 211, 103, 75, 27, 55, 212,
       109, 58, 56, 244, 233, 2, 223, 207, 101, 117, 224, 227, 198, 99,
       125, 76, 173, 178, 141, 116, 78, 136, 198, 250, 143, 28, 211, 115,
       91, 106, 217, 198, 124, 206, 13, 71, 251, 34, 251, 207, 253, 28,
       152, 123, 216, 82, 52, 95, 91, 110, 118, 142, 103, 248, 100, 136,
       125, 68, 119, 211, 33, 48, 60, 248, 70, 106, 193, 163, 56, 45,
       113, 173, 33, 8, 107, 187, 98, 161, 153, 145, 47, 253, 23, 134,
       245, 119, 84, 77, 214, 87, 48, 31, 50, 97, 236, 174, 63, 141, 249,
       159, 49, 141, 243, 235, 250, 130, 57, 8, 240, 123, 212, 109, 215,
       246, 170, 98, 31, 174, 183, 162, 170, 184, 111, 231, 201, 91, 55,
       247, 236, 226, 120, 199, 143, 110, 184, 166, 103, 25, 164, 243,
       165, 32, 10, 126, 234, 253, 126, 210, 255, 119, 189, 206, 222,
       167, 125, 239, 182, 64, 126, 251, 191, 141, 193, 155, 34, 239,
       118, 127, 190, 136, 15, 244, 37, 249, 11, 189, 114, 219, 253, 151,
       184, 255, 95, 77, 124, 166, 236, 254, 182, 228, 255, 59, 183, 157,
       246, 185, 58, 255, 126, 95, 191, 194, 31, 140, 169, 223, 124, 99,
       236, 167, 168, 11, 95, 152, 2, 244, 135, 173, 195, 111, 91, 26,
       95, 205, 253, 247, 140, 82, 237, 0, 250, 193, 173, 181, 164, 255,
       158, 66, 182, 165, 174, 54, 157, 87, 158, 232, 154, 254, 189, 15,
       81, 236, 63, 35, 157, 103, 213, 231, 252, 227, 62, 62, 123, 75,
       239, 189, 209, 127, 255, 215, 221, 221, 175, 190, 156, 54, 78,
       252, 22, 234, 155, 215, 113, 254, 187, 225, 221, 231, 61, 231,
       253, 199, 63, 191, 251, 239, 239, 220, 188, 123, 184, 81, 245, 20,
       229, 87, 141, 111, 197, 185, 117, 190, 183, 26, 211, 117, 157, 47,
       73, 198, 124, 42, 233, 225, 255, 42, 253, 234, 245, 20, 99, 120,
       212, 102, 126, 213, 241, 198, 237, 116, 95, 159, 91, 251, 189, 26,
       91, 125, 221, 254, 223, 222, 53, 254, 185, 98, 251, 226, 123, 255,
       197, 190, 135, 255, 212, 117, 43, 41, 102, 233, 252, 159, 234,
       119, 111, 232, 254, 66, 155, 152, 182, 100, 110, 175, 127, 221,
       223, 187, 199, 252, 118, 125, 163, 192, 127, 140, 249, 141, 147,
       99, 111, 237, 110, 19, 254, 124, 45, 164, 214, 199, 233, 143, 181,
       65, 126, 221, 255, 239, 204, 151, 247, 223, 246, 249, 171, 128,
       39, 158, 49, 248, 152, 222, 111, 255, 54, 218, 115, 54, 245, 75,
       214, 178, 251, 93, 186, 96, 102, 182, 191, 129, 239, 188, 101,
       239, 230, 231, 186, 131, 63, 156, 116, 123, 59, 119, 99, 205, 118,
       179, 234, 88, 85, 192, 253, 230, 89, 206, 183, 228, 126, 173, 151,
       236, 143, 178, 101, 223, 54, 108, 171, 128, 127, 159, 122, 149,
       10, 184, 181, 218, 249, 237, 177, 199, 191, 29, 100, 25, 172, 223,
       100, 29, 201, 59, 235, 16, 18, 75, 250, 245, 95, 146, 26, 107,
       210, 8, 135, 234, 108, 39, 104, 37, 32, 15, 127, 56, 33, 172, 191,
       141, 211, 33, 147, 16, 22, 196, 77, 110, 204, 240, 233, 12, 238,
       253, 37, 149, 64, 163, 78, 67, 94, 181, 158, 186, 139, 116, 30,
       205, 163, 21, 141, 153, 79, 255, 75, 218, 247, 215, 253, 147, 62,
       67, 154, 225, 251, 243, 223, 127, 162, 103, 175, 82, 214, 60, 191,
       182, 137, 108, 53, 7, 187, 255, 131, 25, 254, 190, 67, 91, 165,
       119, 125, 21, 60, 77, 179, 194, 217, 243, 95, 27, 128, 96, 135,
       83, 247, 221, 166, 190, 157, 246, 214, 255, 159, 123, 218, 119,
       106, 252, 63, 231, 253, 255, 191, 163, 255, 231, 155, 255, 187,
       126, 205, 151, 159, 126, 248, 95, 212, 52, 253, 119, 172, 74, 69,
       187, 251, 190, 183, 56, 211, 113, 221, 127, 3, 214, 108, 42, 249,
       229, 255, 40, 219, 251, 117, 148, 198, 249, 215, 99, 244, 247,
       252, 230, 254, 106, 87, 253, 83, 250, 63, 186, 86, 113, 203, 115,
       51, 222, 101, 50, 120, 115, 169, 8, 126, 163, 101, 183, 166, 250,
       198, 99, 57, 184, 245, 85, 124, 79, 105, 123, 119, 170, 246, 74,
       115, 117, 148, 53, 121, 252, 110, 168, 169, 254, 253, 31, 95, 239,
       117, 4, 99, 168, 102, 248, 116, 181, 188, 166, 172, 71, 87, 248,
       134, 254, 158, 47, 215, 125, 75, 3, 221, 213, 125, 99, 232, 99,
       219, 42, 251, 195, 237, 189, 140, 123, 30, 83, 149, 247, 188, 191,
       174, 95, 158, 248, 154, 242, 29, 171, 255, 124, 91, 35, 151, 87,
       221, 103, 244, 97, 186, 174, 235, 203, 111, 189, 148, 123, 143,
       211, 253, 164, 159, 190, 156, 103, 86, 188, 86, 226, 203, 90, 119,
       249, 25, 97, 217, 238, 124, 43, 121, 247, 219, 63, 249, 239, 237,
       84, 168, 249, 216, 2, 244, 183, 253, 231, 194, 10, 119, 249, 115,
       174, 191, 254, 83, 103, 201, 27, 55, 222, 101, 34, 248, 246, 173,
       10, 254, 130, 101, 181, 37, 250, 134, 249, 240, 151, 108, 231,
       150, 143, 111, 57, 28, 45, 223, 190, 243, 103, 154, 65, 126, 206,
       110, 238, 248, 216, 253, 63, 236, 171, 239, 208, 45, 138, 212,
       121, 239, 240, 244, 218, 237, 245, 89, 216, 219, 127, 181, 31, 74,
       221, 126, 191, 205, 209, 247, 211, 143, 103, 250, 241, 91, 91,
