%YAML:1.0
---
descriptors: !!opencv-matrix
   rows: 178
   cols: 32
   dt: u
   data: [ 242, 206, 130, 158, 225, 52, 46, 231, 57, 15, 217, 215, 236,
       46, 59, 217, 237, 195, 143, 135, 238, 79, 72, 235, 182, 119, 222,
       154, 150, 87, 191, 220, 43, 213, 113, 250, 180, 151, 222, 255, 95,
       73, 92, 234, 124, 92, 188, 164, 159, 27, 151, 233, 247, 186, 61,
       255, 42, 95, 173, 214, 31, 142, 217, 29, 155, 147, 119, 109, 190,
       150, 220, 125, 127, 89, 83, 224, 125, 158, 180, 229, 214, 31, 181,
       237, 223, 153, 47, 221, 42, 249, 174, 198, 30, 134, 233, 157, 15,
       189, 54, 153, 151, 151, 186, 233, 95, 193, 80, 102, 232, 120, 190,
       165, 255, 43, 146, 177, 247, 248, 93, 221, 44, 94, 159, 199, 223,
       12, 249, 157, 118, 95, 203, 150, 210, 202, 239, 247, 56, 142, 186,
       239, 104, 102, 35, 209, 121, 231, 142, 198, 105, 219, 96, 232,
       188, 38, 255, 144, 161, 120, 175, 248, 85, 29, 190, 240, 151, 239,
       127, 195, 156, 162, 14, 2, 21, 191, 33, 96, 225, 115, 59, 76, 48,
       153, 16, 174, 251, 207, 143, 19, 144, 121, 149, 34, 137, 141, 67,
       201, 221, 216, 237, 255, 236, 86, 124, 150, 169, 227, 182, 229,
       107, 138, 130, 172, 115, 56, 54, 223, 46, 253, 167, 108, 62, 236,
       245, 252, 182, 121, 98, 26, 221, 209, 214, 97, 133, 196, 241, 171,
       65, 205, 54, 1, 88, 184, 147, 243, 120, 167, 62, 156, 59, 0, 133,
       235, 119, 174, 246, 210, 90, 205, 246, 248, 183, 240, 252, 207,
       159, 92, 222, 163, 40, 254, 183, 228, 231, 187, 191, 145, 206,
       139, 38, 215, 59, 125, 174, 207, 151, 84, 189, 79, 155, 133, 98,
       168, 245, 55, 250, 123, 93, 69, 219, 87, 77, 232, 62, 196, 255,
       139, 159, 173, 188, 175, 21, 223, 186, 95, 138, 198, 159, 140,
       249, 4, 36, 53, 209, 193, 213, 238, 107, 82, 3, 37, 109, 26, 16,
       151, 64, 84, 125, 190, 19, 152, 18, 154, 208, 194, 77, 60, 128,
       96, 166, 203, 82, 162, 206, 148, 30, 183, 59, 114, 56, 43, 156,
       31, 151, 179, 205, 127, 42, 203, 231, 21, 191, 177, 54, 197, 43,
       199, 207, 243, 250, 199, 134, 13, 165, 83, 29, 92, 253, 229, 36,
       118, 239, 184, 68, 230, 30, 6, 209, 61, 147, 106, 127, 212, 61,
       234, 173, 244, 125, 174, 239, 207, 239, 132, 173, 251, 88, 112,
       221, 91, 46, 63, 3, 93, 117, 180, 181, 94, 214, 247, 235, 87, 139,
       103, 108, 240, 222, 230, 237, 212, 127, 175, 247, 225, 230, 131,
       58, 181, 124, 127, 150, 79, 110, 159, 202, 160, 239, 212, 164, 22,
       223, 199, 225, 238, 191, 67, 110, 227, 15, 206, 234, 150, 110,
       235, 116, 40, 238, 136, 53, 215, 180, 248, 200, 106, 120, 93, 42,
       219, 191, 180, 254, 230, 22, 168, 185, 207, 147, 99, 6, 117, 255,
       202, 228, 69, 230, 250, 102, 105, 111, 177, 38, 180, 15, 121, 151,
       221, 111, 179, 151, 164, 255, 247, 21, 67, 219, 87, 121, 127, 59,
       65, 109, 195, 23, 247, 251, 156, 29, 255, 189, 78, 158, 192, 189,
       95, 176, 218, 186, 199, 98, 236, 3, 83, 30, 111, 29, 6, 252, 179,
       13, 175, 38, 213, 254, 153, 143, 227, 108, 143, 32, 207, 179, 243,
       222, 155, 55, 116, 174, 78, 186, 135, 106, 172, 177, 18, 92, 127,
       21, 7, 223, 147, 73, 111, 186, 81, 126, 143, 159, 164, 252, 159,
       4, 223, 242, 247, 250, 145, 55, 140, 188, 74, 61, 91, 107, 107, 5,
       220, 119, 148, 101, 76, 94, 231, 187, 221, 223, 100, 124, 186,
       183, 214, 207, 176, 245, 161, 231, 237, 162, 129, 175, 223, 116,
       247, 238, 156, 167, 190, 217, 236, 176, 55, 184, 91, 82, 127, 188,
       252, 38, 203, 205, 115, 243, 145, 183, 207, 18, 239, 13, 115, 218,
       203, 143, 4, 191, 219, 187, 144, 53, 203, 231, 63, 153, 143, 63,
       59, 211, 122, 92, 28, 156, 233, 255, 155, 255, 149, 179, 254, 97,
       215, 29, 62, 122, 214, 221, 76, 145, 63, 137, 148, 103, 223, 221,
       121, 228, 125, 239, 214, 61, 214, 237, 236, 254, 231, 123, 10,
       238, 172, 245, 124, 62, 223, 47, 215, 215, 111, 254, 238, 237,
       252, 148, 93, 126, 182, 166, 35, 183, 230, 220, 174, 22, 183, 93,
       121, 163, 75, 107, 99, 31, 227, 96, 245, 12, 238, 240, 131, 239,
       131, 61, 121, 185, 3, 145, 158, 3, 185, 182, 162, 40, 55, 54, 75,
       90, 242, 181, 51, 160, 224, 83, 42, 62, 152, 187, 156, 69, 31,
       168, 231, 186, 192, 180, 192, 184, 9, 107, 153, 39, 254, 213, 148,
       191, 183, 156, 73, 210, 231, 188, 254, 52, 228, 236, 243, 191,
       193, 227, 139, 50, 253, 53, 63, 190, 138, 31, 28, 177, 255, 42,
       221, 39, 190, 223, 192, 183, 228, 140, 68, 92, 131, 124, 253, 54,
       192, 234, 115, 179, 199, 97, 43, 26, 255, 113, 39, 142, 11, 87,
       62, 245, 250, 137, 159, 101, 205, 205, 221, 229, 191, 239, 86,
       124, 148, 169, 166, 182, 229, 105, 42, 130, 12, 247, 56, 119, 223,
       47, 252, 150, 104, 83, 220, 229, 252, 183, 203, 74, 222, 93, 147,
       238, 232, 159, 128, 245, 207, 97, 202, 190, 208, 216, 232, 19,
       238, 204, 131, 94, 255, 50, 13, 141, 189, 29, 191, 122, 132, 51,
       244, 247, 207, 50, 166, 216, 222, 127, 25, 250, 114, 124, 191,
       156, 252, 223, 159, 181, 141, 139, 210, 195, 193, 50, 58, 218,
       130, 143, 212, 162, 45, 60, 159, 170, 179, 246, 154, 183, 246,
       116, 238, 150, 231, 234, 104, 187, 201, 125, 226, 142, 245, 188,
       251, 108, 238, 252, 7, 255, 211, 237, 125, 61, 219, 43, 185, 251,
       203, 244, 167, 219, 215, 31, 169, 252, 171, 60, 189, 20, 32, 222,
       187, 55, 157, 154, 186, 81, 245, 91, 28, 172, 242, 151, 203, 240,
       187, 2, 151, 172, 191, 170, 34, 188, 175, 142, 31, 155, 183, 196,
       110, 14, 75, 231, 87, 125, 133, 22, 201, 203, 241, 205, 51, 218,
       215, 148, 64, 173, 83, 45, 190, 232, 220, 252, 23, 239, 254, 91,
       134, 188, 143, 105, 235, 255, 0, 95, 202, 6, 172, 224, 107, 190,
       219, 126, 95, 167, 172, 223, 254, 114, 248, 137, 223, 99, 95, 213,
       220, 230, 245, 253, 74, 246, 118, 249, 124, 190, 229, 123, 226,
       206, 238, 245, 184, 60, 239, 127, 127, 167, 137, 127, 188, 253,
       253, 96, 159, 221, 239, 254, 99, 23, 191, 14, 181, 152, 226, 102,
       113, 224, 96, 83, 94, 175, 49, 80, 10, 111, 159, 188, 166, 175,
       255, 180, 234, 212, 171, 67, 70, 126, 141, 82, 178, 61, 7, 125,
       69, 78, 150, 44, 42, 182, 116, 103, 167, 26, 157, 166, 153, 37,
       207, 52, 62, 158, 130, 157, 84, 169, 77, 133, 207, 84, 171, 228,
       138, 238, 168, 124, 16, 107, 192, 213, 66, 152, 65, 115, 78, 34,
       110, 115, 176, 77, 63, 44, 162, 39, 68, 92, 155, 225, 160, 15,
       159, 34, 138, 253, 157, 190, 229, 77, 73, 221, 199, 236, 200, 62,
       164, 254, 131, 219, 247, 247, 43, 76, 255, 62, 20, 142, 203, 95,
       14, 185, 159, 11, 161, 38, 153, 253, 183, 184, 111, 95, 217, 89,
       98, 232, 248, 182, 164, 220, 43, 178, 213, 151, 248, 79, 221, 14,
       90, 143, 199, 223, 14, 249, 141, 127, 222, 170, 183, 242, 22, 63,
       246, 52, 238, 214, 231, 73, 103, 163, 237, 125, 245, 223, 230,
       236, 223, 109, 238, 254, 231, 255, 149, 167, 253, 46, 249, 121,
       91, 234, 148, 211, 158, 175, 247, 176, 204, 246, 231, 169, 102,
       163, 215, 124, 242, 206, 236, 233, 219, 116, 236, 253, 103, 238,
       128, 171, 124, 174, 249, 27, 159, 50, 124, 243, 148, 62, 247, 165,
       76, 222, 231, 45, 159, 166, 116, 230, 59, 159, 212, 214, 137, 32,
       253, 126, 253, 38, 202, 55, 132, 165, 255, 220, 205, 126, 244,
       134, 203, 23, 229, 140, 182, 146, 162, 95, 191, 32, 67, 227, 245,
       189, 99, 120, 205, 8, 172, 249, 227, 111, 85, 52, 56, 173, 35, 63,
       219, 249, 111, 36, 143, 223, 148, 7, 105, 255, 111, 122, 93, 29,
       112, 252, 255, 127, 95, 203, 178, 121, 181, 243, 125, 168, 210,
       127, 159, 240, 115, 11, 41, 250, 72, 253, 241, 251, 215, 203, 69,
       124, 5, 40, 174, 247, 52, 234, 43, 134, 28, 151, 58, 178, 241, 95,
       221, 22, 107, 150, 199, 239, 222, 253, 77, 252, 231, 173, 110, 95,
       48, 213, 254, 183, 18, 91, 63, 19, 111, 104, 244, 125, 234, 40,
       244, 105, 168, 247, 219, 229, 149, 167, 251, 84, 98, 190, 219,
