%YAML:1.0
---
descriptors: !!opencv-matrix
   rows: 227
   cols: 32
   dt: u
   data: [ 236, 6, 250, 101, 180, 46, 119, 55, 113, 174, 126, 24, 159,
       51, 2, 27, 157, 196, 69, 40, 248, 252, 65, 14, 239, 251, 101, 21,
       226, 248, 206, 35, 134, 10, 18, 156, 71, 131, 190, 96, 157, 134,
       80, 131, 236, 230, 37, 73, 250, 121, 162, 226, 96, 183, 2, 254,
       150, 50, 203, 11, 21, 57, 53, 198, 23, 182, 235, 251, 244, 161,
       235, 223, 54, 67, 95, 246, 121, 203, 248, 104, 127, 139, 55, 153,
       147, 150, 45, 211, 220, 207, 191, 196, 189, 202, 49, 185, 215, 94,
       102, 4, 227, 90, 254, 112, 189, 230, 22, 183, 72, 46, 247, 111,
       182, 245, 255, 239, 228, 213, 165, 202, 86, 122, 207, 135, 39,
       245, 53, 85, 11, 22, 247, 149, 35, 122, 61, 55, 173, 255, 22, 247,
       204, 38, 135, 175, 39, 23, 255, 134, 133, 212, 37, 192, 6, 119,
       122, 135, 174, 244, 13, 253, 7, 162, 233, 219, 110, 33, 185, 88,
       27, 107, 85, 255, 157, 204, 222, 40, 127, 153, 55, 157, 131, 118,
       174, 211, 92, 29, 187, 236, 213, 143, 51, 241, 111, 114, 232, 64,
       237, 80, 91, 216, 195, 254, 180, 239, 10, 76, 223, 191, 207, 196,
       246, 246, 141, 102, 238, 192, 94, 89, 229, 255, 223, 189, 126,
       213, 94, 26, 86, 229, 35, 90, 113, 50, 173, 254, 182, 237, 142,
       39, 195, 223, 167, 117, 237, 96, 193, 205, 129, 192, 150, 243,
       113, 151, 46, 165, 13, 85, 198, 96, 246, 199, 239, 81, 190, 200,
       251, 242, 49, 155, 76, 254, 127, 191, 191, 221, 247, 231, 244,
       119, 174, 224, 23, 90, 203, 175, 205, 119, 123, 215, 97, 34, 88,
       225, 108, 41, 233, 83, 109, 49, 242, 222, 157, 3, 208, 74, 106,
       140, 78, 156, 145, 190, 197, 192, 212, 249, 186, 64, 76, 136, 67,
       168, 111, 255, 100, 0, 251, 87, 94, 188, 203, 220, 180, 237, 74,
       92, 223, 182, 223, 196, 215, 246, 205, 98, 253, 228, 62, 89, 133,
       255, 239, 191, 94, 87, 11, 55, 252, 147, 226, 59, 189, 23, 47,
       127, 29, 231, 172, 46, 215, 172, 167, 31, 151, 149, 151, 88, 45,
       241, 78, 95, 126, 231, 142, 198, 143, 221, 77, 113, 189, 101, 40,
       14, 119, 16, 233, 232, 191, 76, 223, 19, 65, 58, 132, 116, 124,
       78, 193, 96, 243, 32, 199, 253, 101, 20, 74, 179, 66, 51, 126,
       215, 228, 192, 247, 82, 222, 61, 27, 231, 159, 191, 75, 108, 222,
       196, 95, 151, 253, 183, 252, 227, 125, 206, 58, 95, 141, 215, 231,
       254, 220, 87, 42, 181, 162, 216, 239, 119, 180, 207, 155, 95, 220,
       63, 12, 188, 110, 175, 237, 223, 179, 145, 182, 251, 178, 226, 63,
       82, 222, 239, 199, 92, 190, 223, 188, 113, 126, 102, 109, 95, 95,
       248, 225, 124, 183, 8, 123, 95, 159, 53, 30, 208, 215, 106, 200,
       227, 121, 253, 119, 217, 96, 145, 99, 187, 70, 115, 78, 178, 116,
       161, 237, 59, 248, 11, 111, 253, 179, 159, 142, 8, 94, 143, 175,
       129, 255, 21, 150, 114, 201, 208, 158, 89, 79, 247, 206, 141, 203,
       215, 183, 30, 71, 190, 22, 163, 234, 114, 212, 64, 219, 230, 113,
       234, 177, 96, 126, 170, 30, 253, 175, 143, 12, 255, 176, 239, 170,
       128, 189, 139, 112, 209, 135, 185, 130, 186, 245, 197, 190, 197,
       158, 201, 216, 103, 172, 254, 34, 192, 252, 107, 147, 213, 55,
       171, 10, 255, 188, 20, 143, 235, 156, 14, 185, 223, 19, 158, 105,
       29, 50, 187, 75, 63, 127, 73, 86, 246, 251, 38, 150, 116, 119,
       175, 60, 156, 239, 156, 101, 223, 172, 62, 53, 192, 61, 132, 129,
       125, 42, 151, 34, 187, 127, 181, 178, 233, 159, 77, 93, 167, 236,
       221, 46, 196, 253, 59, 147, 129, 214, 58, 10, 247, 119, 85, 154,
       235, 87, 14, 189, 223, 10, 157, 58, 222, 125, 240, 187, 103, 158,
       13, 93, 163, 188, 223, 34, 96, 238, 59, 155, 129, 166, 137, 42,
       255, 119, 117, 186, 139, 22, 78, 61, 251, 188, 255, 207, 159, 159,
       127, 167, 248, 94, 254, 255, 54, 204, 230, 43, 197, 121, 238, 238,
       242, 51, 247, 127, 255, 253, 39, 239, 245, 155, 127, 253, 243, 74,
       185, 48, 186, 189, 189, 184, 249, 175, 121, 189, 109, 190, 221,
       90, 132, 142, 19, 255, 81, 147, 107, 218, 245, 223, 209, 11, 255,
       94, 14, 139, 119, 79, 114, 244, 80, 226, 57, 185, 91, 59, 247, 55,
       255, 76, 140, 222, 126, 55, 149, 255, 183, 149, 116, 175, 208, 94,
       91, 127, 231, 239, 237, 141, 245, 222, 113, 230, 199, 167, 86,
       222, 136, 235, 253, 183, 7, 72, 127, 95, 246, 190, 213, 253, 247,
       156, 241, 189, 226, 59, 125, 207, 135, 167, 183, 252, 87, 26, 217,
       126, 226, 115, 219, 187, 244, 173, 76, 86, 167, 125, 223, 174, 32,
       54, 57, 151, 227, 198, 153, 56, 253, 251, 65, 46, 195, 39, 151,
       37, 251, 235, 232, 244, 81, 41, 221, 81, 23, 243, 127, 164, 28,
       171, 156, 214, 191, 137, 162, 236, 28, 238, 110, 246, 147, 207,
       219, 80, 123, 98, 140, 206, 79, 111, 251, 241, 97, 250, 158, 63,
       152, 43, 253, 60, 237, 157, 79, 206, 182, 151, 93, 213, 87, 199,
       82, 236, 32, 110, 93, 45, 230, 206, 183, 135, 213, 190, 20, 228,
       71, 87, 127, 218, 216, 83, 238, 253, 175, 74, 124, 31, 190, 221,
       212, 213, 231, 172, 246, 109, 234, 19, 127, 193, 151, 231, 255,
       94, 87, 141, 38, 228, 1, 181, 63, 105, 27, 119, 255, 95, 181, 139,
       32, 210, 172, 23, 14, 236, 188, 181, 252, 229, 130, 206, 223, 53,
       197, 174, 228, 219, 213, 123, 112, 241, 196, 109, 26, 104, 16,
       105, 226, 242, 110, 139, 58, 151, 254, 238, 197, 255, 231, 205,
       243, 245, 192, 150, 248, 202, 150, 47, 244, 106, 21, 154, 142, 74,
       255, 22, 163, 234, 115, 55, 3, 211, 242, 121, 239, 184, 96, 127,
       187, 55, 137, 186, 157, 13, 223, 242, 239, 186, 192, 181, 203,
       177, 161, 109, 121, 185, 101, 36, 12, 119, 148, 105, 232, 190, 76,
       159, 155, 193, 48, 148, 244, 124, 110, 201, 48, 240, 34, 231, 253,
       37, 56, 74, 179, 66, 51, 104, 191, 158, 117, 161, 62, 116, 183,
       233, 187, 62, 93, 159, 59, 2, 155, 133, 247, 204, 10, 120, 248,
       81, 44, 235, 251, 116, 21, 202, 241, 202, 11, 21, 188, 235, 233,
       84, 163, 235, 218, 86, 65, 91, 230, 81, 235, 248, 96, 127, 169,
       23, 153, 155, 176, 44, 215, 220, 141, 175, 196, 189, 203, 113,
       177, 70, 78, 226, 148, 103, 176, 188, 98, 41, 230, 94, 167, 8,
       174, 247, 232, 231, 253, 183, 133, 192, 222, 164, 234, 23, 62,
       223, 139, 167, 245, 61, 215, 7, 58, 235, 169, 118, 161, 251, 90,
       31, 107, 93, 231, 157, 206, 253, 40, 127, 153, 23, 159, 147, 178,
       172, 211, 86, 77, 171, 228, 189, 207, 51, 241, 18, 13, 74, 235,
       150, 163, 250, 246, 21, 129, 218, 130, 57, 174, 49, 64, 126, 251,
       23, 209, 26, 187, 0, 255, 186, 239, 190, 192, 181, 218, 48, 137,
       167, 147, 112, 218, 237, 157, 222, 253, 91, 123, 245, 88, 202,
       252, 94, 52, 221, 155, 183, 2, 255, 62, 250, 215, 63, 222, 149,
       254, 83, 142, 210, 245, 70, 120, 226, 212, 199, 86, 190, 194, 59,
       166, 82, 131, 8, 190, 119, 140, 255, 253, 179, 195, 196, 255, 180,
       226, 23, 62, 223, 175, 133, 117, 47, 206, 15, 58, 250, 193, 242,
       187, 186, 211, 59, 231, 126, 239, 8, 174, 247, 60, 183, 61, 183,
       149, 151, 26, 164, 192, 30, 93, 59, 231, 231, 229, 47, 213, 6,
       104, 130, 145, 197, 227, 178, 194, 31, 135, 90, 3, 140, 222, 97,
       76, 249, 105, 147, 147, 2, 182, 10, 226, 29, 22, 159, 11, 133,
       127, 53, 198, 38, 104, 226, 148, 199, 85, 254, 194, 11, 246, 80,
       139, 12, 238, 117, 140, 191, 253, 179, 215, 212, 182, 148, 224,
       31, 28, 207, 167, 199, 253, 127, 214, 103, 255, 96, 68, 255, 219,
       190, 246, 73, 228, 124, 175, 8, 28, 215, 180, 46, 245, 183, 245,
       197, 58, 180, 220, 62, 92, 141, 167, 111, 190, 94, 245, 7, 187,
       234, 192, 242, 189, 191, 215, 47, 101, 94, 167, 8, 174, 246, 36,
       55, 219, 183, 149, 151, 24, 53, 241, 62, 93, 191, 230, 143, 199,
       173, 253, 31, 30, 226, 208, 230, 178, 250, 82, 61, 203, 94, 231,
       9, 238, 246, 76, 127, 173, 55, 159, 149, 178, 164, 194, 94, 111,
       187, 192, 175, 229, 115, 209, 211, 75, 75, 254, 38, 128, 111, 116,
