%YAML:1.0
---
descriptors: !!opencv-matrix
   rows: 162
   cols: 32
   dt: u
   data: [ 2, 185, 178, 157, 181, 198, 184, 99, 28, 77, 82, 23, 172, 158,
       34, 64, 244, 59, 147, 21, 114, 152, 16, 239, 13, 22, 154, 130, 0,
       12, 181, 219, 37, 135, 199, 95, 212, 47, 238, 248, 126, 170, 123,
       70, 241, 104, 157, 229, 125, 238, 106, 239, 161, 240, 125, 239,
       44, 62, 199, 4, 205, 251, 112, 164, 198, 122, 150, 188, 233, 164,
       188, 194, 171, 159, 160, 153, 172, 238, 69, 218, 231, 255, 235,
       145, 2, 71, 210, 224, 149, 48, 94, 171, 128, 117, 39, 147, 69,
       189, 188, 51, 169, 253, 148, 175, 250, 251, 168, 25, 246, 252, 78,
       59, 137, 87, 120, 17, 191, 107, 219, 115, 239, 23, 95, 127, 200,
       80, 139, 30, 104, 173, 122, 103, 240, 78, 127, 183, 97, 138, 126,
       8, 255, 115, 0, 16, 146, 246, 76, 106, 120, 184, 249, 47, 231,
       255, 37, 1, 96, 242, 206, 43, 166, 176, 18, 147, 239, 233, 176,
       207, 143, 57, 185, 59, 140, 217, 104, 14, 171, 27, 251, 17, 18,
       111, 138, 241, 157, 144, 31, 127, 144, 73, 151, 131, 56, 213, 88,
       239, 180, 79, 84, 255, 6, 61, 124, 9, 55, 27, 42, 16, 218, 155,
       133, 64, 78, 56, 89, 53, 227, 233, 52, 53, 113, 218, 204, 139, 3,
       105, 152, 221, 77, 149, 252, 71, 79, 164, 100, 6, 188, 155, 103,
       72, 200, 41, 58, 200, 68, 250, 242, 217, 71, 152, 210, 43, 121,
       152, 104, 142, 61, 199, 99, 77, 116, 27, 239, 248, 84, 224, 250,
       194, 115, 72, 157, 164, 122, 236, 22, 238, 233, 178, 109, 15, 52,
       172, 165, 132, 111, 186, 112, 164, 18, 190, 231, 156, 202, 226,
       188, 239, 190, 87, 210, 179, 108, 238, 166, 79, 107, 183, 235,
       145, 54, 203, 135, 209, 24, 34, 223, 203, 165, 68, 165, 223, 54,
       121, 98, 168, 79, 213, 246, 216, 197, 64, 248, 79, 33, 222, 119,
       32, 124, 168, 155, 227, 206, 35, 22, 240, 55, 84, 139, 42, 125,
       63, 116, 214, 129, 14, 13, 177, 4, 43, 96, 3, 220, 163, 226, 214,
       147, 2, 144, 73, 72, 164, 74, 156, 49, 188, 69, 10, 196, 178, 242,
       16, 156, 200, 81, 136, 20, 96, 17, 168, 41, 205, 80, 200, 175, 49,
       160, 8, 143, 146, 105, 220, 194, 137, 12, 80, 10, 39, 26, 208,
       153, 208, 2, 127, 144, 19, 35, 6, 141, 62, 236, 247, 208, 62, 111,
       250, 52, 230, 214, 215, 241, 103, 155, 73, 127, 238, 111, 190,
       168, 212, 253, 46, 254, 239, 231, 132, 174, 241, 112, 240, 129,
       171, 159, 249, 184, 140, 109, 151, 254, 25, 114, 80, 191, 131,
       224, 123, 135, 35, 108, 28, 243, 204, 3, 115, 236, 187, 54, 192,
       136, 144, 161, 41, 3, 155, 27, 136, 254, 133, 174, 247, 62, 73,
       88, 102, 180, 242, 32, 96, 254, 43, 30, 213, 215, 155, 16, 127,
       252, 36, 175, 232, 156, 10, 163, 153, 63, 115, 96, 138, 239, 85,
       223, 200, 207, 252, 181, 143, 74, 204, 127, 143, 255, 201, 247,
       247, 206, 99, 254, 240, 59, 88, 197, 191, 247, 255, 252, 215, 43,
       190, 113, 87, 117, 255, 219, 50, 121, 239, 254, 60, 235, 62, 148,
       180, 222, 254, 222, 8, 189, 186, 241, 239, 47, 223, 16, 146, 71,
       141, 70, 253, 130, 253, 183, 218, 201, 209, 188, 238, 159, 23, 65,
       179, 172, 254, 44, 69, 201, 123, 179, 195, 118, 95, 122, 243, 63,
       50, 222, 203, 144, 92, 181, 222, 45, 15, 67, 77, 244, 46, 111, 54,
       125, 72, 126, 76, 211, 33, 149, 213, 24, 46, 70, 110, 137, 176,
       97, 12, 38, 248, 32, 128, 202, 251, 82, 161, 60, 189, 114, 232,
       251, 243, 83, 218, 23, 172, 252, 43, 15, 223, 107, 80, 251, 219,
       133, 242, 26, 3, 8, 190, 251, 197, 165, 127, 178, 87, 174, 67, 66,
       180, 189, 187, 185, 237, 49, 143, 191, 63, 169, 57, 156, 183, 72,
       90, 135, 19, 255, 16, 50, 73, 219, 211, 205, 150, 95, 255, 128,
       64, 135, 83, 41, 48, 102, 13, 109, 31, 232, 90, 111, 113, 250, 86,
       219, 152, 150, 236, 236, 140, 126, 141, 133, 255, 87, 208, 22,
       120, 147, 80, 95, 140, 122, 148, 134, 174, 148, 155, 249, 177,
       176, 207, 159, 55, 81, 51, 172, 250, 110, 141, 203, 59, 163, 17,
       54, 94, 202, 243, 12, 86, 95, 107, 146, 77, 141, 135, 34, 121, 43,
       204, 76, 197, 164, 103, 14, 128, 232, 75, 178, 156, 117, 32, 200,
       186, 3, 65, 75, 59, 146, 219, 49, 20, 130, 40, 89, 122, 118, 186,
       50, 13, 106, 236, 244, 129, 222, 229, 21, 0, 248, 11, 33, 233, 53,
       16, 218, 187, 19, 103, 78, 59, 0, 189, 114, 220, 134, 42, 85, 186,
       114, 138, 11, 204, 2, 154, 13, 213, 212, 231, 31, 67, 200, 19,
       170, 222, 54, 196, 217, 43, 147, 133, 110, 46, 82, 223, 163, 87,
       154, 91, 18, 92, 184, 206, 10, 91, 250, 221, 87, 244, 61, 87, 21,
       15, 110, 3, 41, 247, 35, 116, 116, 122, 147, 128, 162, 154, 50,
       235, 119, 247, 218, 11, 179, 220, 164, 239, 247, 22, 172, 189,
       140, 38, 156, 175, 150, 246, 154, 215, 241, 108, 95, 11, 205, 199,
       121, 167, 253, 69, 223, 43, 232, 35, 255, 156, 141, 120, 152, 90,
       214, 239, 237, 182, 170, 112, 158, 172, 130, 254, 155, 239, 197,
       238, 223, 11, 207, 215, 253, 247, 252, 67, 239, 48, 186, 67, 239,
       189, 133, 115, 53, 81, 213, 174, 140, 55, 136, 62, 78, 191, 178,
       247, 138, 221, 227, 104, 82, 75, 197, 231, 236, 135, 188, 77, 207,
       35, 174, 247, 221, 113, 136, 241, 136, 28, 240, 110, 140, 180, 44,
       59, 68, 7, 114, 190, 176, 93, 135, 41, 83, 155, 201, 164, 236, 4,
       44, 111, 195, 18, 210, 243, 245, 61, 224, 248, 90, 10, 212, 245,
       143, 247, 152, 78, 79, 248, 54, 226, 195, 4, 247, 247, 9, 81, 89,
       204, 125, 110, 105, 208, 251, 62, 253, 175, 239, 20, 168, 115, 0,
       114, 9, 174, 19, 121, 112, 175, 111, 55, 125, 10, 126, 84, 191,
       35, 144, 244, 181, 46, 70, 46, 241, 188, 33, 95, 228, 254, 48, 0,
       74, 192, 67, 41, 183, 206, 106, 202, 118, 147, 107, 248, 93, 64,
       247, 214, 89, 202, 190, 112, 127, 168, 22, 254, 255, 183, 44, 254,
       62, 12, 163, 196, 63, 139, 104, 68, 18, 178, 231, 153, 74, 194,
       184, 107, 182, 85, 210, 231, 168, 174, 230, 79, 110, 189, 235,
       145, 22, 219, 199, 209, 28, 34, 219, 203, 181, 4, 37, 221, 9, 223,
       19, 169, 246, 135, 46, 245, 116, 72, 88, 102, 189, 211, 176, 224,
       126, 43, 22, 205, 211, 154, 4, 127, 252, 172, 174, 200, 60, 138,
       163, 137, 45, 253, 245, 69, 244, 95, 238, 188, 127, 234, 122, 228,
       251, 124, 157, 164, 95, 254, 118, 110, 225, 240, 125, 254, 46,
       158, 39, 132, 239, 250, 66, 189, 159, 90, 102, 215, 110, 19, 174,
       240, 133, 250, 150, 238, 89, 205, 183, 175, 46, 245, 223, 239,
       225, 245, 44, 252, 50, 75, 239, 180, 47, 191, 25, 245, 6, 162,
       156, 155, 251, 225, 178, 204, 159, 53, 65, 51, 236, 234, 110, 75,
       235, 91, 171, 83, 54, 94, 202, 241, 15, 22, 95, 111, 144, 31, 141,
       134, 179, 67, 70, 157, 78, 3, 236, 104, 31, 242, 82, 199, 97, 232,
       55, 77, 122, 236, 51, 239, 236, 246, 79, 221, 52, 42, 203, 132,
       61, 255, 120, 132, 60, 97, 90, 226, 65, 77, 86, 120, 33, 168, 225,
       9, 31, 211, 105, 144, 216, 216, 198, 98, 76, 51, 24, 8, 243, 209,
       37, 45, 98, 187, 110, 130, 34, 187, 240, 152, 251, 153, 176, 207,
       143, 61, 184, 191, 44, 172, 110, 132, 175, 155, 239, 17, 22, 107,
       194, 245, 30, 85, 62, 255, 215, 12, 143, 223, 191, 123, 103, 6,
       102, 18, 239, 240, 241, 200, 242, 231, 121, 204, 183, 167, 62,
       229, 87, 239, 233, 247, 44, 236, 114, 105, 239, 128, 111, 183,
       114, 253, 230, 251, 228, 234, 237, 89, 150, 204, 139, 188, 189,
       43, 72, 220, 127, 143, 219, 219, 255, 115, 70, 99, 202, 240, 59,
       89, 207, 255, 215, 127, 223, 199, 8, 165, 156, 187, 189, 253, 48,
       239, 95, 117, 76, 27, 174, 248, 106, 192, 217, 11, 170, 17, 54,
       120, 123, 151, 175, 215, 31, 111, 146, 76, 157, 206, 254, 245, 96,
       238, 237, 117, 222, 236, 139, 254, 189, 139, 74, 236, 127, 167,
       255, 211, 223, 231, 236, 35, 254, 250, 59, 89, 205, 191, 119, 255,
       254, 215, 37, 77, 243, 72, 245, 215, 235, 223, 95, 233, 120, 2,
       24, 244, 245, 36, 121, 56, 18, 184, 131, 186, 36, 222, 45, 28,
