%YAML:1.0
---
descriptors: !!opencv-matrix
   rows: 182
   cols: 32
   dt: u
   data: [ 137, 171, 59, 121, 36, 143, 111, 49, 126, 10, 118, 84, 183,
       66, 146, 120, 148, 40, 78, 78, 230, 188, 97, 59, 196, 223, 48,
       192, 64, 128, 195, 9, 173, 199, 65, 69, 212, 15, 239, 184, 84,
       226, 127, 198, 211, 97, 157, 164, 127, 76, 50, 110, 225, 240, 125,
       14, 108, 46, 165, 4, 111, 251, 80, 176, 124, 109, 120, 103, 164,
       79, 119, 189, 97, 170, 190, 8, 243, 115, 129, 50, 24, 246, 108,
       106, 72, 176, 249, 42, 231, 237, 37, 16, 106, 251, 194, 171, 92,
       153, 57, 104, 185, 204, 83, 159, 235, 41, 174, 76, 255, 215, 72,
       112, 132, 150, 124, 88, 155, 9, 243, 21, 251, 253, 37, 94, 234,
       130, 194, 59, 41, 121, 123, 108, 116, 159, 71, 124, 96, 72, 124,
       76, 51, 89, 147, 48, 156, 168, 22, 110, 201, 178, 112, 31, 119,
       237, 32, 0, 105, 154, 66, 233, 121, 121, 56, 100, 61, 157, 211,
       240, 203, 168, 188, 76, 187, 217, 87, 48, 152, 236, 84, 94, 207,
       35, 240, 173, 251, 221, 5, 56, 75, 27, 90, 43, 66, 162, 143, 181,
       77, 142, 105, 89, 174, 149, 194, 199, 237, 207, 114, 74, 116, 173,
       235, 157, 130, 217, 147, 192, 221, 99, 219, 64, 0, 164, 53, 232,
       66, 34, 95, 233, 106, 201, 185, 73, 174, 61, 114, 232, 157, 135,
       192, 122, 166, 29, 239, 16, 2, 89, 131, 208, 214, 241, 59, 241,
       20, 128, 7, 161, 37, 149, 123, 79, 212, 207, 231, 125, 92, 5, 127,
       2, 113, 117, 188, 100, 120, 26, 2, 106, 211, 184, 60, 127, 101,
       60, 32, 64, 87, 138, 212, 176, 49, 49, 43, 173, 52, 75, 81, 89,
       70, 236, 222, 171, 87, 148, 178, 96, 120, 140, 124, 37, 141, 179,
       101, 28, 208, 229, 33, 144, 116, 138, 84, 115, 170, 160, 52, 219,
       237, 237, 177, 207, 143, 61, 189, 27, 140, 159, 108, 12, 201, 27,
       251, 17, 18, 111, 218, 241, 223, 217, 159, 127, 146, 76, 213, 226,
       252, 238, 173, 178, 172, 233, 93, 134, 186, 247, 156, 185, 183,
       173, 83, 11, 163, 247, 253, 21, 58, 109, 234, 50, 221, 195, 125,
       249, 164, 249, 23, 122, 2, 189, 166, 219, 249, 213, 188, 239, 159,
       23, 205, 151, 172, 238, 46, 196, 233, 123, 187, 129, 98, 75, 122,
       243, 63, 119, 222, 235, 146, 92, 173, 254, 191, 253, 100, 66, 205,
       125, 222, 248, 195, 254, 189, 15, 74, 236, 95, 182, 249, 202, 223,
       247, 206, 99, 254, 240, 59, 89, 197, 63, 119, 255, 254, 214, 2,
       206, 238, 254, 44, 128, 220, 175, 159, 23, 92, 245, 237, 239, 62,
       73, 215, 123, 181, 135, 230, 92, 142, 255, 98, 127, 222, 139, 22,
       212, 253, 15, 134, 160, 148, 155, 221, 149, 186, 204, 158, 189,
       81, 19, 236, 250, 110, 142, 201, 123, 171, 145, 54, 79, 218, 247,
       141, 22, 223, 111, 144, 13, 173, 134, 177, 166, 201, 251, 180,
       171, 105, 159, 119, 99, 242, 246, 243, 105, 156, 120, 89, 142, 54,
       156, 187, 252, 109, 55, 238, 239, 181, 196, 237, 200, 208, 56, 41,
       49, 102, 73, 109, 221, 176, 83, 79, 125, 244, 15, 8, 156, 246,
       164, 236, 24, 211, 5, 150, 186, 247, 144, 87, 89, 18, 227, 87,
       140, 127, 215, 45, 70, 227, 107, 244, 174, 111, 23, 125, 79, 127,
       68, 247, 1, 177, 92, 243, 46, 6, 60, 163, 180, 101, 10, 100, 254,
       36, 128, 214, 219, 80, 233, 203, 178, 179, 17, 234, 188, 184, 87,
       58, 91, 112, 253, 156, 156, 212, 190, 175, 31, 247, 149, 151, 126,
       162, 193, 13, 120, 122, 238, 207, 68, 139, 245, 40, 165, 96, 69,
       85, 91, 233, 127, 97, 165, 124, 10, 59, 37, 150, 52, 120, 158, 7,
       24, 152, 186, 113, 222, 127, 141, 180, 96, 103, 138, 198, 232, 78,
       206, 150, 159, 141, 240, 180, 167, 191, 155, 218, 51, 236, 250,
       100, 207, 225, 119, 171, 147, 54, 205, 139, 227, 63, 118, 222,
       203, 130, 93, 189, 15, 238, 254, 255, 126, 191, 215, 223, 184,
       155, 254, 53, 189, 127, 253, 255, 167, 151, 127, 181, 119, 237,
       229, 186, 255, 235, 223, 109, 191, 222, 247, 14, 119, 191, 83, 70,
       172, 118, 19, 206, 28, 23, 232, 215, 231, 89, 74, 183, 77, 94,
       237, 55, 239, 237, 214, 77, 222, 242, 122, 171, 132, 63, 191, 120,
       85, 167, 204, 193, 219, 252, 161, 110, 156, 95, 75, 249, 126, 96,
       97, 189, 124, 91, 234, 23, 30, 179, 54, 76, 247, 46, 62, 182, 252,
       159, 219, 208, 189, 191, 190, 239, 126, 185, 119, 95, 254, 19,
       255, 94, 189, 123, 253, 158, 165, 151, 127, 181, 47, 189, 251,
       185, 191, 123, 127, 117, 183, 206, 245, 222, 125, 47, 153, 242,
       218, 215, 212, 182, 192, 223, 65, 109, 6, 120, 254, 46, 228, 249,
       123, 147, 211, 151, 186, 58, 241, 55, 125, 138, 75, 155, 31, 233,
       150, 2, 203, 234, 131, 244, 208, 235, 198, 44, 69, 94, 167, 185,
       140, 182, 0, 110, 43, 23, 221, 150, 186, 36, 229, 102, 61, 170,
       193, 197, 158, 245, 220, 157, 190, 143, 31, 221, 255, 37, 248,
       118, 255, 231, 183, 195, 228, 138, 237, 121, 238, 234, 138, 191,
       244, 255, 63, 127, 231, 247, 5, 235, 124, 252, 244, 2, 219, 3,
       159, 68, 132, 236, 255, 28, 72, 82, 231, 224, 234, 180, 64, 252,
       235, 55, 197, 199, 154, 83, 255, 36, 38, 254, 136, 29, 24, 185,
       153, 130, 201, 59, 220, 207, 196, 181, 103, 204, 84, 64, 3, 60,
       156, 54, 99, 234, 51, 51, 193, 84, 43, 178, 225, 119, 56, 90, 43,
       85, 24, 183, 234, 24, 162, 142, 189, 26, 151, 184, 106, 118, 160,
       194, 195, 167, 140, 18, 233, 252, 189, 232, 161, 172, 253, 71, 28,
       201, 231, 251, 21, 97, 8, 45, 14, 41, 151, 255, 87, 228, 31, 255,
       55, 125, 203, 127, 254, 251, 125, 156, 49, 63, 254, 119, 46, 245,
       248, 101, 239, 102, 255, 116, 128, 111, 250, 202, 153, 253, 253,
       240, 102, 253, 94, 94, 252, 113, 238, 188, 10, 75, 123, 159, 182,
       91, 198, 220, 106, 237, 99, 253, 174, 251, 223, 133, 63, 235, 255,
       74, 110, 114, 38, 43, 168, 29, 38, 89, 91, 33, 4, 189, 77, 139,
       143, 54, 16, 252, 129, 93, 173, 136, 3, 208, 222, 211, 221, 138,
       56, 17, 2, 102, 98, 50, 135, 98, 8, 147, 251, 82, 107, 43, 5, 237,
       169, 42, 236, 46, 148, 187, 155, 133, 177, 30, 171, 0, 255, 187,
       84, 0, 87, 243, 70, 238, 198, 159, 222, 228, 87, 177, 31, 111,
       184, 119, 238, 87, 245, 251, 109, 159, 244, 119, 206, 189, 238,
       237, 212, 109, 175, 238, 255, 229, 132, 111, 247, 248, 117, 70,
       58, 130, 188, 233, 180, 188, 71, 171, 159, 144, 189, 172, 238,
       103, 218, 239, 251, 235, 149, 22, 79, 146, 224, 29, 112, 222, 187,
       136, 116, 47, 223, 39, 207, 231, 159, 220, 19, 175, 248, 86, 166,
       91, 198, 96, 232, 191, 229, 125, 238, 42, 239, 244, 242, 111, 255,
       44, 38, 207, 132, 157, 255, 240, 196, 165, 199, 206, 79, 212, 31,
       239, 248, 86, 234, 127, 70, 80, 96, 159, 37, 121, 236, 50, 238,
       233, 240, 125, 47, 44, 46, 229, 132, 207, 251, 88, 180, 84, 229,
       142, 167, 144, 14, 111, 184, 54, 166, 207, 133, 215, 99, 11, 81,
       125, 228, 109, 238, 104, 208, 217, 47, 236, 175, 231, 4, 168, 243,
       0, 112, 104, 173, 120, 103, 180, 78, 119, 183, 113, 170, 126, 8,
       243, 115, 129, 48, 26, 238, 68, 106, 248, 184, 249, 47, 231, 239,
       37, 16, 104, 250, 202, 43, 33, 135, 121, 77, 116, 143, 235, 123,
       100, 72, 124, 68, 51, 33, 180, 52, 92, 40, 22, 108, 193, 184, 101,
       31, 100, 60, 32, 128, 95, 138, 82, 233, 252, 98, 41, 232, 61, 143,
       91, 120, 87, 236, 181, 73, 215, 205, 123, 81, 220, 168, 29, 110,
       232, 39, 120, 159, 211, 217, 129, 61, 114, 171, 86, 98, 108, 181,
       125, 123, 176, 175, 127, 184, 126, 40, 127, 72, 247, 115, 137,
       112, 151, 218, 111, 122, 187, 176, 123, 63, 239, 223, 37, 68, 248,
       243, 66, 177, 80, 35, 11, 224, 9, 196, 105, 89, 166, 132, 166, 73,
       185, 199, 112, 82, 236, 189, 107, 144, 202, 3, 178, 209, 209, 241,
       139, 121, 0, 2, 55, 248, 37, 13, 243, 72, 244, 231, 235, 223, 95,
       141, 124, 2, 16, 247, 245, 36, 121, 58, 18, 184, 147, 186, 48,
       222, 109, 156, 39, 100, 215, 248, 116, 233, 216, 110, 175, 182,
       172, 233, 125, 135, 186, 159, 158, 185, 175, 237, 83, 27, 163,
