%YAML:1.0
---
descriptors: !!opencv-matrix
   rows: 182
   cols: 32
   dt: u
   data: [ 67, 94, 39, 156, 105, 212, 43, 226, 189, 206, 218, 39, 172,
       158, 51, 245, 228, 109, 255, 197, 229, 203, 166, 248, 149, 114,
       218, 138, 6, 117, 37, 255, 252, 107, 176, 36, 236, 91, 79, 88,
       107, 232, 188, 8, 207, 129, 209, 150, 154, 196, 236, 110, 73, 99,
       200, 200, 243, 217, 101, 189, 66, 255, 78, 33, 131, 20, 239, 213,
       166, 54, 169, 23, 124, 115, 86, 246, 217, 46, 182, 111, 103, 6,
       58, 173, 177, 212, 53, 194, 68, 42, 250, 132, 141, 232, 177, 117,
       46, 104, 240, 113, 237, 153, 248, 218, 123, 177, 48, 9, 139, 217,
       85, 60, 143, 153, 87, 24, 134, 118, 218, 208, 79, 217, 21, 255,
       199, 157, 82, 135, 106, 104, 240, 116, 233, 8, 124, 19, 171, 178,
       48, 137, 175, 139, 85, 31, 134, 253, 125, 80, 66, 107, 210, 224,
       158, 248, 85, 187, 198, 244, 67, 15, 176, 169, 107, 232, 244, 195,
       227, 117, 21, 8, 252, 2, 51, 211, 164, 80, 88, 170, 23, 248, 90,
       186, 96, 191, 127, 141, 164, 64, 115, 138, 246, 170, 35, 207, 104,
       158, 94, 145, 190, 230, 223, 12, 92, 175, 32, 200, 182, 64, 234,
       235, 3, 199, 198, 58, 78, 255, 62, 28, 143, 171, 21, 30, 120, 205,
       63, 75, 98, 204, 119, 147, 234, 120, 213, 64, 245, 230, 104, 200,
       183, 228, 126, 168, 150, 239, 205, 183, 44, 223, 50, 124, 131,
       130, 127, 175, 120, 197, 92, 210, 166, 175, 61, 94, 121, 184, 46,
       252, 215, 71, 207, 222, 11, 202, 246, 213, 253, 231, 205, 209,
       251, 157, 153, 247, 239, 149, 40, 46, 45, 83, 33, 34, 79, 249, 76,
       139, 233, 91, 126, 121, 246, 118, 149, 131, 208, 107, 104, 140,
       110, 156, 131, 255, 103, 209, 220, 171, 242, 192, 61, 136, 113,
       168, 88, 16, 214, 165, 57, 94, 88, 24, 175, 236, 158, 5, 223, 247,
       11, 210, 246, 149, 253, 32, 12, 129, 209, 200, 211, 245, 43, 149,
       162, 166, 13, 83, 9, 50, 95, 241, 100, 171, 233, 87, 126, 57, 118,
       246, 157, 131, 176, 105, 106, 13, 110, 24, 147, 252, 37, 193, 212,
       217, 250, 192, 109, 136, 161, 169, 162, 48, 116, 85, 109, 125,
       240, 82, 251, 63, 180, 24, 170, 153, 213, 191, 139, 176, 238, 8,
       172, 118, 243, 210, 23, 216, 80, 59, 67, 204, 78, 143, 19, 131,
       67, 140, 52, 132, 238, 117, 196, 72, 210, 230, 49, 202, 176, 96,
       126, 170, 23, 237, 219, 139, 38, 253, 48, 40, 170, 200, 61, 138,
       241, 153, 57, 217, 123, 203, 116, 215, 207, 125, 84, 72, 84, 70,
       49, 95, 184, 96, 92, 186, 22, 232, 203, 190, 112, 191, 103, 173,
       162, 192, 63, 154, 240, 185, 255, 215, 111, 142, 238, 90, 159,
       249, 169, 94, 151, 255, 76, 12, 190, 71, 246, 213, 255, 103, 228,
       37, 173, 204, 118, 123, 239, 151, 47, 190, 213, 119, 125, 93, 156,
       231, 44, 14, 86, 184, 119, 232, 190, 76, 255, 115, 1, 242, 208,
       228, 108, 110, 205, 240, 217, 188, 231, 255, 101, 16, 42, 251, 88,
       11, 9, 253, 28, 245, 180, 143, 125, 183, 116, 169, 254, 68, 183,
       51, 0, 33, 132, 126, 108, 104, 249, 248, 209, 45, 239, 251, 119,
       64, 104, 152, 203, 155, 178, 223, 116, 154, 127, 219, 154, 236,
       159, 116, 181, 191, 42, 28, 190, 33, 238, 147, 151, 115, 230, 63,
       44, 255, 59, 88, 13, 247, 119, 156, 157, 95, 120, 253, 120, 98,
       253, 221, 86, 245, 169, 172, 188, 41, 175, 153, 70, 149, 142, 243,
       205, 106, 76, 43, 218, 189, 251, 217, 37, 59, 66, 158, 206, 203,
       145, 141, 107, 203, 212, 211, 107, 127, 85, 69, 124, 151, 99, 230,
       178, 100, 122, 170, 6, 172, 191, 184, 52, 255, 246, 237, 130, 65,
       127, 142, 244, 252, 130, 234, 174, 158, 123, 209, 186, 224, 159,
       21, 80, 179, 44, 206, 102, 9, 235, 121, 163, 209, 38, 94, 42, 245,
       31, 22, 219, 235, 20, 13, 53, 206, 146, 92, 58, 165, 7, 95, 120,
       98, 61, 238, 246, 11, 207, 30, 55, 73, 250, 189, 255, 99, 108,
       183, 81, 206, 147, 251, 203, 23, 101, 45, 45, 94, 252, 52, 248,
       165, 117, 111, 121, 91, 61, 230, 251, 27, 223, 63, 11, 88, 254,
       157, 23, 49, 60, 182, 113, 138, 213, 247, 227, 133, 167, 233, 118,
       83, 56, 149, 245, 229, 245, 111, 109, 127, 53, 107, 126, 82, 75,
       63, 8, 148, 127, 158, 183, 168, 57, 186, 81, 142, 239, 223, 245,
       196, 231, 204, 230, 243, 60, 199, 106, 238, 246, 2, 79, 252, 69,
       4, 255, 230, 123, 107, 190, 81, 126, 206, 21, 239, 248, 179, 12,
       255, 242, 237, 163, 132, 119, 251, 240, 129, 104, 160, 140, 250,
       233, 229, 89, 143, 131, 31, 172, 9, 183, 191, 74, 26, 201, 147,
       237, 128, 26, 74, 210, 51, 195, 215, 216, 121, 144, 80, 238, 90,
       55, 127, 227, 230, 118, 118, 207, 244, 105, 232, 250, 238, 123,
       253, 181, 48, 126, 253, 23, 251, 201, 179, 44, 238, 122, 76, 167,
       144, 109, 251, 114, 249, 26, 207, 98, 156, 242, 147, 190, 119,
       181, 12, 222, 231, 45, 142, 166, 196, 110, 187, 135, 225, 244,
       155, 4, 255, 50, 101, 42, 195, 55, 140, 173, 205, 77, 117, 145,
       71, 241, 94, 103, 56, 105, 232, 111, 76, 222, 83, 129, 180, 20,
       116, 92, 106, 193, 176, 121, 78, 167, 252, 5, 6, 74, 179, 74, 53,
       89, 13, 126, 229, 51, 26, 126, 115, 125, 162, 222, 131, 253, 191,
       48, 113, 54, 245, 127, 174, 224, 217, 181, 206, 247, 239, 110,
       129, 38, 228, 33, 43, 46, 226, 121, 104, 112, 89, 89, 90, 99, 109,
       124, 168, 27, 143, 198, 52, 31, 152, 215, 184, 138, 18, 224, 149,
       79, 221, 161, 253, 247, 128, 70, 241, 195, 158, 189, 149, 170,
       188, 189, 151, 190, 91, 22, 244, 188, 182, 210, 239, 135, 119,
       127, 157, 183, 76, 231, 227, 76, 54, 126, 194, 140, 68, 137, 125,
       19, 223, 110, 172, 6, 134, 238, 117, 196, 64, 218, 199, 121, 138,
       178, 65, 126, 165, 31, 239, 221, 153, 21, 253, 240, 107, 234, 128,
       61, 174, 249, 88, 59, 177, 88, 99, 243, 157, 244, 125, 43, 161,
       189, 42, 59, 219, 78, 176, 62, 155, 215, 144, 87, 58, 153, 213,
       126, 221, 37, 239, 239, 138, 234, 139, 130, 145, 114, 168, 222,
       129, 188, 229, 159, 49, 144, 187, 12, 158, 124, 1, 175, 27, 211,
       225, 246, 59, 8, 215, 60, 16, 143, 238, 21, 12, 161, 159, 5, 89,
       43, 215, 37, 222, 239, 144, 188, 72, 70, 68, 244, 213, 55, 108,
       144, 104, 19, 78, 193, 176, 48, 238, 103, 191, 138, 0, 8, 59, 89,
       114, 90, 50, 223, 241, 42, 108, 57, 83, 171, 123, 50, 253, 159,
       159, 192, 123, 167, 23, 255, 16, 147, 73, 179, 192, 222, 211, 122,
       198, 168, 192, 135, 123, 184, 158, 110, 254, 54, 131, 255, 114,
       149, 14, 214, 247, 121, 239, 178, 65, 126, 243, 159, 234, 232,
       191, 44, 255, 242, 239, 234, 128, 55, 168, 116, 249, 125, 80, 45,
       225, 21, 86, 75, 24, 65, 238, 223, 12, 219, 93, 27, 44, 220, 132,
       87, 190, 137, 182, 113, 136, 211, 253, 193, 4, 235, 187, 118, 240,
       3, 159, 107, 221, 246, 131, 239, 247, 29, 65, 90, 230, 249, 239,
       180, 96, 126, 187, 23, 173, 177, 152, 36, 255, 46, 62, 170, 192,
       189, 138, 241, 249, 177, 157, 111, 251, 214, 215, 99, 127, 85, 73,
       117, 215, 115, 124, 62, 97, 120, 170, 23, 172, 251, 186, 125, 255,
       119, 234, 162, 192, 127, 140, 244, 254, 41, 62, 216, 240, 228,
       189, 249, 91, 59, 171, 124, 120, 189, 187, 213, 28, 255, 187, 87,
       25, 147, 126, 226, 210, 94, 223, 55, 232, 199, 200, 75, 169, 91,
       127, 63, 48, 40, 244, 29, 87, 169, 204, 158, 237, 188, 159, 199,
       50, 134, 55, 221, 149, 199, 139, 178, 204, 243, 121, 58, 187, 14,
       196, 47, 127, 18, 171, 131, 8, 155, 139, 58, 71, 47, 33, 202, 229,
       174, 226, 102, 196, 254, 43, 239, 213, 30, 153, 65, 127, 184, 180,
       14, 211, 152, 6, 169, 94, 121, 249, 187, 108, 169, 29, 87, 254,
       235, 232, 188, 76, 191, 255, 67, 50, 132, 87, 125, 106, 207, 11,
       186, 49, 251, 221, 37, 62, 74, 242, 67, 123, 72, 185, 186, 97,
       177, 172, 113, 23, 107, 173, 62, 76, 159, 179, 66, 16, 165, 63,
       236, 24, 154, 184, 177, 0, 239, 253, 52, 81, 194, 192, 203, 11, 3,
       158, 3, 157, 119, 177, 168, 99, 95, 73, 91, 247, 172, 232, 180,
