%YAML:1.0
---
descriptors: !!opencv-matrix
   rows: 213
   cols: 32
   dt: u
   data: [ 114, 162, 130, 152, 73, 1, 160, 77, 182, 53, 194, 11, 0, 130,
       96, 209, 104, 140, 106, 128, 10, 203, 195, 81, 156, 32, 219, 121,
       16, 8, 42, 136, 58, 151, 255, 124, 188, 87, 223, 255, 223, 236,
       149, 236, 106, 252, 180, 177, 159, 253, 245, 33, 185, 235, 57,
       159, 58, 95, 253, 183, 221, 174, 220, 93, 91, 217, 252, 127, 15,
       208, 255, 180, 238, 68, 94, 34, 249, 127, 151, 98, 38, 119, 125,
       202, 196, 8, 191, 233, 103, 237, 238, 129, 39, 183, 125, 107, 30,
       94, 210, 229, 179, 58, 110, 214, 61, 170, 222, 230, 79, 35, 161,
       228, 119, 220, 142, 250, 169, 149, 5, 206, 190, 247, 39, 134, 174,
       247, 41, 61, 149, 113, 111, 111, 28, 95, 195, 120, 68, 232, 247,
       66, 211, 92, 157, 32, 120, 220, 126, 235, 201, 180, 109, 28, 181,
       233, 163, 20, 101, 187, 112, 101, 34, 249, 41, 170, 124, 201, 147,
       238, 10, 117, 152, 171, 182, 157, 80, 0, 136, 155, 211, 81, 90,
       43, 242, 117, 123, 0, 156, 249, 84, 24, 151, 218, 85, 157, 126,
       252, 151, 223, 55, 231, 140, 240, 14, 2, 95, 191, 35, 99, 227,
       119, 187, 99, 112, 137, 56, 188, 251, 235, 207, 87, 180, 120, 149,
       114, 154, 159, 246, 216, 255, 240, 156, 207, 31, 92, 222, 163, 40,
       254, 183, 228, 255, 187, 191, 145, 206, 139, 39, 223, 59, 125,
       143, 203, 151, 124, 189, 79, 219, 206, 22, 90, 151, 182, 126, 247,
       253, 15, 230, 86, 76, 242, 166, 245, 181, 167, 62, 188, 180, 141,
       49, 255, 187, 126, 86, 194, 154, 132, 169, 77, 18, 150, 188, 183,
       171, 114, 56, 47, 159, 63, 31, 179, 236, 46, 42, 207, 231, 23,
       175, 129, 52, 220, 11, 197, 139, 243, 218, 199, 144, 68, 173, 87,
       195, 211, 27, 158, 32, 200, 53, 101, 189, 78, 242, 237, 60, 214,
       166, 117, 182, 51, 206, 103, 229, 143, 162, 79, 176, 50, 126, 154,
       0, 16, 163, 93, 67, 153, 173, 143, 176, 196, 173, 183, 110, 121,
       78, 196, 181, 54, 150, 102, 39, 7, 123, 205, 211, 24, 183, 119,
       45, 60, 190, 192, 20, 208, 177, 125, 0, 159, 121, 93, 180, 200,
       247, 183, 124, 15, 126, 48, 178, 53, 164, 36, 3, 58, 6, 8, 114,
       168, 99, 127, 111, 190, 54, 75, 80, 200, 231, 171, 139, 223, 99,
       223, 244, 156, 254, 245, 237, 74, 253, 230, 248, 124, 190, 228,
       236, 242, 222, 231, 239, 46, 110, 239, 54, 125, 166, 138, 111,
       222, 232, 253, 58, 159, 98, 138, 191, 151, 30, 229, 29, 4, 216,
       167, 108, 142, 54, 197, 254, 179, 159, 199, 248, 139, 16, 255,
       186, 118, 158, 211, 22, 14, 181, 223, 171, 181, 113, 195, 247,
       247, 186, 247, 95, 105, 249, 82, 152, 28, 156, 165, 255, 155, 150,
       185, 183, 190, 117, 222, 63, 95, 154, 198, 223, 12, 249, 149, 250,
       207, 66, 172, 88, 18, 207, 119, 21, 6, 220, 199, 41, 175, 178,
       213, 108, 151, 159, 230, 232, 143, 101, 207, 242, 229, 174, 153,
       55, 254, 188, 248, 11, 219, 100, 105, 191, 149, 222, 189, 135, 76,
       28, 167, 233, 205, 182, 4, 150, 115, 255, 109, 198, 41, 62, 189,
       106, 89, 45, 255, 126, 158, 153, 253, 33, 69, 113, 69, 116, 78,
       239, 49, 101, 232, 122, 66, 211, 21, 148, 36, 122, 156, 22, 106,
       201, 184, 117, 14, 37, 172, 160, 0, 99, 170, 66, 168, 42, 241, 33,
       168, 85, 201, 151, 237, 10, 113, 88, 171, 191, 159, 72, 0, 154,
       155, 147, 81, 91, 58, 88, 181, 253, 129, 158, 105, 84, 26, 151,
       250, 14, 173, 108, 123, 223, 213, 250, 171, 198, 21, 77, 131, 233,
       237, 62, 160, 7, 59, 147, 153, 214, 40, 62, 245, 111, 93, 143,
       105, 119, 134, 221, 234, 75, 205, 41, 95, 184, 212, 239, 183, 238,
       76, 94, 0, 184, 55, 144, 102, 100, 102, 125, 207, 195, 24, 191,
       119, 229, 45, 190, 128, 6, 146, 181, 104, 171, 219, 126, 252, 174,
       215, 92, 253, 87, 88, 86, 246, 121, 222, 182, 225, 214, 61, 183,
       207, 221, 159, 63, 215, 34, 251, 235, 198, 63, 132, 168, 221, 171,
       221, 115, 223, 246, 156, 254, 247, 253, 74, 252, 246, 249, 252,
       190, 228, 255, 243, 158, 239, 231, 38, 254, 255, 54, 127, 166,
       138, 127, 254, 248, 253, 118, 42, 39, 140, 122, 3, 168, 104, 166,
       164, 210, 171, 109, 238, 161, 80, 254, 189, 239, 164, 200, 211,
       199, 220, 148, 38, 139, 185, 21, 172, 39, 224, 24, 203, 35, 191,
       53, 133, 179, 236, 142, 12, 80, 39, 231, 205, 51, 0, 216, 105, 35,
       71, 78, 185, 10, 61, 232, 71, 47, 9, 84, 30, 53, 203, 89, 217,
       104, 239, 22, 208, 95, 180, 102, 64, 94, 34, 185, 223, 150, 96,
       38, 250, 61, 203, 206, 24, 191, 253, 247, 237, 174, 137, 55, 150,
       213, 107, 66, 160, 166, 155, 73, 209, 184, 71, 175, 21, 195, 145,
       172, 142, 108, 206, 201, 155, 251, 145, 22, 75, 210, 209, 159, 48,
       218, 107, 146, 4, 165, 222, 123, 155, 42, 157, 245, 214, 157, 183,
       21, 77, 214, 39, 44, 62, 182, 244, 204, 247, 181, 197, 223, 154,
       97, 253, 115, 127, 254, 147, 31, 20, 184, 95, 130, 146, 182, 155,
       246, 249, 176, 71, 126, 31, 83, 51, 140, 184, 174, 201, 163, 11,
       162, 17, 54, 252, 15, 215, 12, 54, 90, 199, 212, 12, 141, 199, 47,
       127, 99, 218, 245, 145, 175, 244, 85, 204, 92, 231, 104, 253, 183,
       164, 94, 106, 151, 223, 211, 186, 46, 238, 62, 94, 142, 202, 151,
       159, 244, 253, 189, 97, 99, 109, 92, 15, 195, 120, 69, 224, 210,
       74, 211, 88, 153, 33, 120, 140, 94, 239, 237, 182, 101, 30, 245,
       168, 161, 20, 119, 170, 112, 224, 58, 221, 46, 222, 199, 221, 182,
       231, 141, 92, 92, 171, 46, 188, 38, 165, 168, 123, 147, 65, 86,
       187, 50, 253, 59, 81, 92, 235, 95, 28, 159, 223, 119, 96, 67, 142,
       76, 19, 78, 248, 69, 224, 217, 202, 81, 193, 189, 244, 120, 236,
       22, 238, 201, 151, 237, 191, 50, 44, 129, 188, 63, 191, 120, 164,
       51, 125, 226, 142, 215, 244, 223, 214, 21, 204, 220, 167, 40, 253,
       55, 4, 252, 251, 151, 213, 142, 170, 52, 234, 115, 92, 142, 139,
       167, 95, 116, 255, 0, 92, 58, 168, 93, 229, 51, 198, 142, 5, 76,
       3, 188, 223, 35, 64, 232, 59, 19, 209, 2, 8, 18, 253, 231, 181,
       154, 9, 144, 90, 61, 202, 190, 78, 234, 246, 242, 50, 94, 246, 53,
       238, 254, 239, 107, 47, 179, 121, 127, 247, 159, 239, 236, 223,
       108, 238, 250, 223, 255, 145, 167, 253, 46, 217, 61, 116, 218,
       101, 116, 22, 239, 88, 112, 234, 125, 102, 83, 112, 219, 176, 126,
       204, 20, 238, 205, 178, 189, 10, 112, 237, 167, 164, 109, 251,
       122, 177, 83, 94, 206, 197, 178, 18, 110, 119, 45, 234, 254, 230,
       73, 163, 165, 244, 118, 228, 158, 172, 229, 145, 5, 206, 58, 126,
       167, 130, 47, 246, 168, 29, 51, 249, 115, 216, 183, 215, 158, 237,
       91, 232, 176, 106, 44, 220, 180, 181, 158, 123, 149, 113, 223,
       235, 40, 253, 58, 94, 13, 254, 95, 156, 154, 157, 36, 253, 120,
       110, 120, 197, 95, 248, 195, 44, 109, 8, 112, 211, 105, 17, 28,
       184, 87, 106, 66, 35, 58, 125, 115, 137, 33, 60, 113, 162, 102,
       179, 155, 59, 254, 116, 182, 179, 249, 62, 255, 204, 126, 229,
       109, 232, 183, 137, 182, 111, 245, 85, 181, 249, 7, 237, 10, 251,
       125, 195, 111, 133, 105, 93, 33, 34, 134, 25, 75, 139, 160, 72,
       102, 49, 194, 74, 128, 128, 64, 200, 104, 44, 106, 17, 23, 251,
       215, 16, 28, 32, 19, 120, 249, 8, 56, 132, 66, 147, 172, 191, 168,
       36, 188, 143, 142, 31, 155, 183, 236, 110, 14, 74, 231, 87, 125,
       133, 22, 73, 203, 241, 207, 51, 254, 215, 148, 64, 141, 83, 47,
       180, 243, 211, 213, 247, 186, 198, 95, 227, 243, 82, 200, 28, 60,
       172, 253, 139, 146, 145, 191, 190, 125, 246, 31, 94, 158, 71, 207,
       77, 249, 132, 220, 203, 127, 244, 142, 194, 31, 231, 141, 148,
       150, 163, 127, 255, 32, 195, 231, 245, 189, 227, 104, 203, 10,
       172, 251, 227, 239, 211, 53, 168, 165, 107, 178, 207, 126, 174,
       58, 82, 30, 229, 157, 14, 250, 163, 109, 174, 38, 80, 254, 255,
       143, 227, 124, 139, 0, 255, 179, 247, 206, 155, 49, 50, 174, 95,
       137, 133, 123, 203, 221, 221, 238, 245, 77, 64, 127, 66, 153, 88,
