%YAML:1.0
---
descriptors: !!opencv-matrix
   rows: 205
   cols: 32
   dt: u
   data: [ 108, 121, 184, 234, 173, 221, 87, 220, 235, 189, 189, 8, 254,
       223, 75, 186, 140, 123, 253, 82, 10, 35, 250, 176, 219, 221, 5,
       63, 210, 27, 206, 115, 92, 121, 184, 229, 60, 94, 87, 184, 111,
       232, 190, 8, 255, 127, 67, 114, 148, 244, 253, 106, 201, 96, 249,
       40, 239, 253, 37, 177, 98, 187, 78, 115, 185, 86, 124, 125, 98,
       123, 81, 120, 117, 238, 246, 253, 223, 21, 131, 253, 87, 212, 212,
       38, 237, 246, 101, 140, 194, 251, 97, 151, 126, 253, 78, 245, 62,
       23, 164, 164, 237, 127, 156, 95, 17, 255, 183, 63, 74, 60, 15,
       159, 253, 151, 247, 177, 188, 115, 225, 130, 147, 87, 221, 183,
       199, 124, 158, 87, 104, 135, 189, 254, 201, 100, 93, 63, 3, 31,
       173, 25, 247, 103, 10, 90, 205, 147, 107, 128, 58, 74, 219, 87,
       207, 183, 222, 121, 144, 66, 166, 122, 107, 63, 48, 76, 121, 159,
       90, 121, 203, 204, 189, 13, 78, 216, 183, 180, 148, 41, 245, 101,
       134, 3, 170, 159, 115, 93, 1, 187, 82, 174, 74, 199, 27, 17, 106,
       71, 55, 86, 123, 56, 101, 108, 95, 162, 217, 95, 154, 228, 118,
       172, 191, 239, 157, 144, 245, 221, 231, 253, 171, 129, 39, 167,
       116, 245, 195, 150, 11, 159, 50, 160, 175, 250, 188, 74, 82, 247,
       244, 230, 171, 109, 119, 103, 62, 175, 231, 133, 45, 255, 180, 38,
       186, 130, 28, 213, 33, 125, 130, 76, 2, 159, 117, 231, 190, 228,
       30, 14, 80, 3, 236, 206, 35, 192, 248, 123, 147, 195, 102, 150,
       10, 255, 37, 54, 154, 139, 20, 31, 53, 202, 11, 77, 42, 159, 119,
       179, 187, 103, 188, 196, 222, 163, 172, 206, 183, 228, 238, 59,
       155, 133, 230, 153, 38, 255, 103, 63, 154, 131, 22, 140, 61, 252,
       185, 143, 111, 252, 22, 146, 235, 112, 213, 64, 222, 230, 113,
       239, 176, 97, 126, 228, 63, 238, 233, 187, 45, 223, 250, 235, 162,
       192, 63, 170, 112, 248, 44, 249, 124, 107, 108, 221, 251, 220,
       199, 124, 116, 36, 219, 205, 210, 0, 76, 88, 255, 94, 194, 248,
       123, 177, 111, 217, 37, 181, 115, 159, 94, 251, 88, 185, 151, 240,
       171, 204, 80, 215, 171, 185, 160, 8, 159, 191, 64, 154, 162, 151,
       253, 16, 27, 107, 146, 192, 219, 217, 23, 126, 202, 16, 167, 59,
       105, 253, 120, 244, 252, 205, 119, 246, 235, 236, 188, 44, 190,
       159, 194, 48, 142, 114, 127, 90, 195, 43, 242, 125, 127, 157, 36,
       249, 74, 152, 202, 251, 238, 253, 144, 240, 237, 253, 87, 218,
       171, 187, 188, 24, 158, 223, 73, 190, 141, 219, 223, 90, 11, 103,
       218, 240, 223, 217, 5, 126, 130, 93, 138, 163, 124, 113, 120, 226,
       53, 95, 91, 184, 99, 236, 191, 8, 219, 95, 91, 112, 148, 220, 253,
       122, 205, 50, 249, 24, 255, 221, 37, 181, 42, 187, 78, 83, 121,
       245, 120, 229, 52, 94, 127, 188, 109, 172, 254, 42, 219, 57, 159,
       113, 58, 220, 125, 106, 200, 176, 241, 140, 247, 235, 231, 133,
       103, 186, 214, 43, 3, 89, 11, 215, 53, 158, 239, 52, 253, 72, 70,
       68, 240, 220, 23, 96, 204, 108, 18, 79, 205, 188, 112, 236, 37,
       56, 138, 0, 8, 27, 216, 124, 60, 49, 120, 106, 52, 95, 91, 120,
       65, 236, 253, 15, 91, 93, 155, 48, 94, 152, 85, 110, 200, 34, 121,
       29, 243, 205, 33, 189, 119, 171, 102, 243, 185, 221, 89, 109, 82,
       210, 78, 246, 17, 2, 248, 162, 25, 23, 164, 112, 94, 221, 22, 226,
       109, 158, 116, 255, 38, 237, 162, 206, 127, 179, 234, 188, 122,
       241, 121, 232, 45, 205, 91, 120, 143, 172, 176, 9, 255, 221, 76,
       16, 216, 145, 95, 99, 74, 35, 90, 157, 243, 217, 1, 62, 81, 138,
       86, 243, 169, 112, 124, 249, 108, 207, 233, 90, 95, 248, 244, 26,
       187, 153, 86, 41, 202, 136, 110, 9, 131, 118, 115, 213, 215, 217,
       114, 124, 95, 136, 83, 232, 252, 18, 27, 234, 56, 78, 67, 56, 48,
       204, 245, 124, 215, 87, 168, 244, 84, 148, 140, 122, 41, 166, 105,
       14, 192, 241, 32, 220, 10, 139, 70, 113, 90, 112, 150, 173, 45,
       77, 89, 88, 175, 164, 178, 11, 239, 223, 75, 82, 234, 149, 237,
       192, 8, 1, 211, 209, 211, 245, 139, 23, 34, 162, 39, 99, 254, 111,
       224, 100, 109, 93, 94, 232, 235, 172, 188, 9, 107, 205, 87, 150,
       152, 232, 197, 110, 78, 99, 202, 171, 179, 217, 5, 59, 99, 254,
       78, 78, 10, 182, 105, 169, 52, 224, 249, 254, 63, 95, 220, 247,
       189, 31, 154, 1, 255, 27, 151, 133, 171, 222, 99, 247, 202, 255,
       186, 193, 54, 133, 63, 251, 87, 251, 73, 161, 178, 14, 47, 249,
       40, 224, 26, 231, 85, 78, 219, 82, 54, 197, 93, 231, 197, 17, 189,
       76, 188, 132, 47, 164, 45, 179, 131, 209, 109, 121, 123, 229, 116,
       78, 127, 48, 33, 232, 126, 8, 215, 87, 17, 48, 28, 220, 85, 110,
       201, 176, 121, 12, 231, 253, 37, 128, 106, 187, 86, 113, 38, 79,
       109, 13, 244, 82, 239, 140, 4, 228, 222, 163, 193, 76, 151, 192,
       122, 196, 7, 255, 236, 148, 109, 222, 36, 46, 175, 133, 101, 255,
       116, 228, 150, 154, 222, 189, 162, 170, 48, 203, 63, 151, 114,
       247, 78, 234, 100, 89, 183, 255, 166, 16, 22, 252, 3, 192, 154,
       242, 87, 195, 232, 96, 169, 151, 105, 185, 187, 97, 177, 253, 113,
       23, 239, 121, 62, 92, 159, 191, 64, 48, 133, 31, 125, 24, 147,
       248, 176, 21, 239, 221, 52, 100, 202, 200, 195, 123, 200, 0, 180,
       253, 61, 255, 241, 19, 222, 127, 246, 17, 175, 29, 18, 239, 203,
       38, 255, 25, 56, 236, 115, 150, 199, 251, 114, 83, 214, 140, 93,
       251, 60, 241, 105, 107, 116, 79, 75, 248, 68, 232, 253, 74, 83,
       93, 153, 48, 92, 216, 22, 110, 201, 178, 125, 29, 119, 205, 161,
       180, 117, 187, 86, 177, 19, 215, 127, 239, 54, 135, 239, 245, 12,
       72, 92, 230, 53, 31, 176, 97, 126, 176, 23, 236, 195, 185, 36,
       253, 240, 233, 170, 128, 61, 154, 241, 185, 174, 234, 130, 147,
       93, 145, 186, 232, 159, 53, 85, 183, 172, 202, 126, 140, 205, 105,
       163, 213, 38, 94, 206, 243, 12, 86, 223, 235, 150, 13, 29, 206,
       223, 116, 98, 235, 53, 214, 123, 120, 117, 200, 215, 178, 217,
       223, 155, 100, 126, 172, 159, 239, 237, 151, 253, 158, 243, 233,
       163, 129, 39, 167, 118, 245, 63, 22, 244, 101, 163, 126, 84, 19,
       125, 238, 255, 189, 203, 60, 135, 255, 215, 151, 253, 39, 189,
       240, 117, 136, 134, 255, 112, 147, 238, 237, 78, 87, 126, 55, 246,
       172, 237, 127, 156, 95, 27, 255, 189, 189, 78, 61, 78, 158, 223,
       151, 255, 49, 188, 227, 225, 130, 147, 255, 221, 191, 199, 252,
       158, 87, 108, 180, 241, 75, 217, 101, 73, 155, 27, 91, 101, 92,
       216, 119, 76, 188, 221, 150, 242, 186, 59, 86, 251, 211, 15, 158,
       209, 126, 218, 193, 198, 178, 37, 105, 225, 69, 205, 111, 231,
       200, 83, 178, 52, 10, 82, 113, 93, 190, 89, 204, 82, 122, 9, 114,
       253, 168, 47, 28, 197, 52, 195, 251, 86, 164, 90, 179, 66, 190,
       123, 144, 58, 120, 173, 196, 217, 231, 108, 206, 170, 212, 182,
       233, 223, 199, 198, 7, 14, 239, 146, 117, 138, 139, 62, 167, 43,
       87, 35, 157, 98, 219, 247, 181, 254, 127, 95, 9, 88, 227, 104,
       216, 188, 228, 254, 59, 151, 133, 183, 186, 6, 255, 38, 92, 138,
       138, 31, 142, 240, 141, 57, 159, 107, 203, 86, 183, 227, 127, 87,
       73, 92, 230, 241, 253, 188, 96, 124, 186, 23, 140, 187, 186, 125,
       191, 103, 110, 162, 200, 55, 142, 240, 253, 66, 182, 61, 32, 170,
       109, 29, 31, 171, 127, 189, 237, 158, 95, 202, 50, 135, 21, 253,
       53, 215, 1, 243, 80, 195, 213, 41, 254, 8, 68, 135, 115, 76, 253,
       184, 98, 168, 237, 87, 157, 171, 237, 60, 12, 255, 255, 74, 18,
       133, 243, 253, 90, 218, 32, 250, 35, 239, 221, 37, 61, 194, 243,
       206, 123, 9, 48, 31, 225, 101, 125, 249, 83, 109, 121, 247, 18,
       156, 154, 84, 105, 234, 157, 110, 152, 147, 190, 241, 192, 87,
       249, 218, 66, 193, 8, 99, 129, 60, 113, 89, 238, 61, 77, 91, 120,
       1, 40, 181, 72, 123, 93, 25, 16, 92, 144, 93, 106, 73, 35, 121,
       157, 243, 217, 161, 188, 115, 170, 86, 51, 33, 125, 123, 69, 116,
       207, 111, 52, 97, 232, 126, 108, 115, 117, 145, 48, 30, 252, 22,
