%YAML:1.0
---
descriptors: !!opencv-matrix
   rows: 183
   cols: 32
   dt: u
   data: [ 90, 32, 86, 136, 75, 209, 184, 65, 174, 53, 210, 163, 12, 142,
       102, 198, 106, 157, 239, 145, 6, 27, 135, 209, 148, 32, 154, 235,
       55, 4, 45, 206, 19, 203, 91, 239, 50, 130, 42, 244, 36, 192, 82,
       230, 125, 195, 176, 96, 118, 253, 31, 238, 193, 153, 45, 237, 184,
       237, 175, 192, 45, 178, 33, 57, 51, 146, 204, 157, 94, 51, 168,
       123, 22, 247, 210, 247, 97, 232, 182, 73, 125, 140, 167, 165, 188,
       254, 79, 159, 26, 38, 255, 197, 189, 236, 120, 220, 13, 161, 151,
       169, 181, 214, 168, 87, 60, 201, 94, 18, 157, 179, 176, 236, 243,
       47, 59, 25, 19, 152, 17, 196, 173, 255, 158, 196, 142, 12, 185,
       160, 45, 62, 249, 67, 245, 255, 251, 218, 79, 237, 125, 46, 24,
       253, 223, 160, 159, 122, 215, 24, 147, 186, 248, 250, 111, 221,
       33, 229, 199, 207, 86, 243, 116, 77, 111, 238, 188, 210, 79, 240,
       224, 132, 220, 2, 113, 247, 177, 115, 72, 244, 125, 234, 73, 131,
       174, 172, 251, 175, 175, 152, 37, 179, 118, 96, 74, 233, 182, 218,
       233, 209, 188, 239, 191, 21, 212, 17, 236, 254, 110, 221, 227,
       123, 251, 145, 22, 75, 250, 245, 191, 115, 223, 235, 146, 4, 173,
       239, 78, 126, 177, 183, 109, 124, 191, 158, 47, 239, 26, 103, 236,
       254, 79, 202, 183, 127, 255, 147, 135, 84, 235, 226, 135, 119,
       255, 175, 142, 119, 5, 215, 27, 23, 83, 232, 247, 151, 111, 119,
       21, 9, 95, 230, 25, 131, 176, 228, 126, 187, 151, 188, 217, 155,
       5, 206, 240, 237, 170, 192, 63, 142, 161, 177, 114, 237, 158, 190,
       93, 223, 150, 237, 223, 178, 168, 10, 238, 250, 101, 115, 249,
       253, 238, 99, 110, 99, 218, 255, 187, 246, 79, 63, 80, 62, 107,
       142, 139, 94, 239, 223, 52, 82, 191, 180, 20, 206, 86, 231, 249,
       108, 187, 225, 94, 118, 181, 239, 237, 212, 101, 175, 98, 127,
       254, 129, 46, 254, 60, 125, 59, 207, 99, 169, 244, 194, 239, 214,
       12, 77, 90, 199, 153, 140, 180, 96, 126, 139, 23, 221, 219, 184,
       36, 229, 253, 109, 174, 196, 53, 158, 244, 248, 104, 173, 122,
       103, 244, 110, 127, 183, 113, 142, 126, 8, 243, 123, 144, 48, 26,
       238, 68, 106, 248, 184, 248, 47, 239, 239, 37, 0, 99, 250, 198,
       169, 10, 242, 177, 217, 125, 221, 177, 76, 223, 125, 53, 57, 140,
       158, 206, 190, 143, 25, 230, 16, 150, 110, 234, 209, 79, 94, 19,
       111, 210, 12, 71, 231, 90, 141, 6, 188, 153, 244, 94, 167, 175,
       65, 202, 25, 239, 254, 34, 208, 225, 231, 253, 133, 62, 11, 146,
       191, 187, 247, 158, 91, 128, 68, 171, 74, 120, 159, 126, 100, 178,
       142, 119, 247, 225, 132, 238, 8, 123, 251, 2, 19, 58, 246, 229,
       106, 120, 187, 144, 47, 243, 239, 101, 1, 97, 242, 230, 43, 33,
       153, 61, 233, 124, 239, 233, 82, 142, 120, 88, 66, 148, 28, 176,
       97, 205, 56, 23, 29, 147, 56, 113, 148, 13, 24, 171, 244, 28, 137,
       81, 177, 252, 109, 126, 100, 228, 75, 231, 245, 64, 164, 254, 42,
       115, 249, 145, 51, 24, 246, 125, 106, 200, 243, 233, 44, 247, 201,
       101, 49, 101, 250, 214, 42, 62, 148, 255, 236, 254, 83, 159, 251,
       31, 238, 188, 171, 124, 253, 190, 33, 159, 209, 215, 165, 240,
       107, 43, 223, 123, 95, 237, 190, 247, 172, 53, 243, 75, 66, 243,
       197, 110, 24, 232, 16, 233, 216, 178, 230, 159, 138, 213, 238,
       110, 133, 126, 141, 197, 35, 231, 192, 150, 248, 234, 152, 79,
       168, 105, 189, 50, 205, 19, 142, 221, 196, 7, 239, 133, 5, 200, 2,
       36, 243, 44, 68, 232, 179, 11, 192, 90, 11, 18, 253, 49, 52, 142,
       75, 17, 26, 164, 174, 57, 183, 115, 73, 86, 223, 226, 123, 87,
       224, 125, 202, 83, 88, 188, 164, 126, 152, 18, 56, 211, 178, 117,
       159, 63, 77, 1, 100, 127, 170, 250, 164, 57, 189, 123, 76, 116,
       223, 195, 127, 96, 72, 124, 76, 51, 29, 148, 48, 60, 186, 22, 104,
       203, 186, 48, 29, 119, 173, 32, 32, 115, 138, 86, 249, 137, 66,
       127, 237, 36, 26, 233, 53, 124, 72, 114, 230, 153, 3, 176, 97,
       102, 36, 30, 236, 161, 188, 37, 204, 196, 233, 242, 128, 108, 136,
       97, 57, 90, 249, 182, 176, 153, 204, 20, 135, 171, 93, 138, 25,
       174, 190, 66, 90, 161, 87, 253, 17, 26, 73, 147, 224, 185, 241,
       94, 123, 128, 68, 165, 95, 57, 123, 123, 100, 116, 141, 87, 244,
       65, 232, 252, 76, 51, 221, 17, 48, 156, 184, 23, 106, 203, 186,
       112, 29, 243, 205, 33, 56, 97, 154, 82, 251, 32, 1, 122, 206, 84,
       199, 250, 97, 197, 68, 245, 3, 112, 221, 62, 16, 248, 169, 3, 226,
       86, 163, 16, 205, 119, 41, 128, 9, 113, 138, 238, 194, 137, 18,
       127, 101, 36, 10, 105, 50, 100, 234, 118, 228, 147, 5, 149, 113,
       94, 164, 124, 44, 233, 180, 101, 12, 198, 251, 96, 128, 111, 168,
       66, 121, 14, 57, 186, 177, 207, 253, 184, 67, 43, 255, 92, 27,
       156, 157, 83, 10, 175, 59, 247, 145, 150, 122, 178, 192, 223, 89,
       159, 239, 199, 68, 63, 211, 249, 80, 17, 236, 61, 5, 75, 88, 69,
       8, 241, 76, 91, 219, 57, 240, 220, 136, 93, 234, 203, 39, 114,
       159, 211, 249, 162, 24, 26, 170, 114, 51, 60, 121, 114, 102, 87,
       207, 214, 192, 225, 136, 250, 10, 42, 217, 37, 148, 168, 248, 198,
       66, 72, 171, 18, 232, 179, 220, 5, 27, 99, 59, 110, 139, 131, 93,
       70, 191, 116, 130, 110, 50, 157, 74, 210, 231, 241, 235, 177, 65,
       78, 239, 63, 207, 233, 156, 71, 239, 228, 190, 238, 128, 60, 185,
       112, 153, 89, 48, 19, 224, 69, 28, 104, 80, 237, 0, 226, 70, 31,
       147, 48, 244, 232, 133, 94, 172, 137, 167, 176, 192, 147, 249,
       130, 8, 11, 128, 99, 160, 47, 114, 210, 85, 101, 29, 246, 81, 123,
       235, 116, 94, 24, 152, 215, 188, 191, 73, 146, 31, 199, 118, 182,
       194, 6, 95, 53, 174, 79, 188, 91, 149, 85, 241, 157, 231, 168,
       110, 71, 157, 110, 187, 171, 92, 215, 115, 72, 123, 151, 87, 124,
       122, 219, 64, 251, 48, 233, 174, 103, 116, 136, 115, 129, 49, 252,
       74, 216, 126, 171, 152, 86, 192, 129, 158, 229, 41, 107, 203, 35,
       91, 72, 240, 237, 82, 78, 103, 202, 40, 243, 225, 101, 25, 115,
       187, 78, 2, 1, 34, 213, 217, 100, 187, 232, 19, 127, 113, 118, 86,
       153, 136, 212, 236, 106, 8, 54, 29, 151, 252, 103, 209, 6, 56,
       114, 192, 207, 140, 89, 140, 61, 193, 79, 174, 30, 129, 206, 252,
       196, 80, 213, 66, 115, 216, 185, 97, 120, 192, 30, 235, 207, 35,
       30, 61, 240, 169, 175, 156, 61, 187, 120, 128, 60, 159, 94, 108,
       240, 186, 86, 115, 37, 174, 254, 105, 11, 185, 162, 16, 252, 190,
       199, 32, 28, 187, 0, 46, 242, 239, 33, 131, 227, 233, 238, 131,
       27, 221, 115, 171, 87, 197, 235, 244, 68, 68, 220, 7, 57, 152, 55,
       96, 122, 203, 19, 223, 195, 187, 60, 255, 121, 77, 142, 96, 119,
       31, 113, 250, 110, 113, 113, 202, 109, 217, 216, 72, 203, 120,
       181, 40, 142, 158, 222, 166, 142, 153, 255, 83, 199, 35, 254, 208,
       23, 88, 3, 127, 87, 143, 71, 247, 30, 235, 192, 139, 246, 145,
       106, 216, 7, 132, 93, 231, 105, 203, 255, 196, 126, 235, 23, 223,
       202, 18, 12, 253, 62, 76, 175, 168, 183, 159, 120, 205, 51, 249,
       105, 79, 86, 209, 254, 248, 87, 64, 116, 175, 57, 204, 183, 180,
       62, 232, 151, 239, 199, 54, 46, 255, 54, 77, 161, 168, 127, 191,
       90, 252, 66, 50, 108, 161, 108, 137, 233, 81, 175, 61, 246, 239,
       141, 143, 210, 74, 110, 137, 255, 157, 130, 50, 199, 208, 212, 81,
       186, 236, 29, 140, 37, 209, 81, 98, 199, 205, 108, 25, 232, 80,
       110, 249, 242, 230, 187, 136, 212, 234, 110, 140, 126, 141, 133,
       243, 231, 192, 150, 105, 242, 128, 109, 168, 121, 157, 137, 26,
       63, 253, 32, 172, 121, 22, 236, 75, 118, 116, 189, 23, 176, 105,
       230, 49, 63, 12, 161, 188, 49, 207, 199, 251, 114, 128, 26, 128,
       33, 121, 66, 162, 204, 161, 106, 139, 105, 89, 38, 53, 215, 231,
       137, 135, 210, 73, 110, 141, 111, 157, 138, 210, 199, 209, 212, 1,
       251, 228, 37, 132, 37, 209, 201, 26, 127, 101, 36, 62, 105, 18,
       125, 202, 118, 100, 187, 1, 149, 121, 6, 36, 124, 12, 225, 188,
