%YAML:1.0
---
descriptors: !!opencv-matrix
   rows: 104
   cols: 32
   dt: u
   data: [ 53, 5, 111, 236, 22, 2, 111, 120, 84, 192, 207, 198, 81, 99,
       185, 97, 122, 228, 26, 238, 233, 179, 61, 158, 250, 239, 135, 4,
       61, 170, 112, 96, 114, 33, 247, 229, 109, 10, 248, 73, 105, 160,
       242, 75, 11, 25, 85, 26, 234, 149, 125, 241, 136, 179, 193, 200,
       151, 248, 130, 151, 101, 160, 114, 134, 74, 248, 179, 154, 125,
       213, 184, 72, 251, 221, 180, 29, 172, 142, 118, 142, 201, 41, 231,
       149, 151, 111, 242, 209, 31, 94, 218, 235, 210, 4, 111, 223, 11,
       92, 158, 191, 85, 166, 184, 134, 158, 75, 74, 71, 252, 254, 51,
       74, 229, 107, 59, 133, 135, 152, 19, 235, 197, 54, 218, 138, 156,
       124, 57, 219, 120, 159, 126, 108, 178, 14, 119, 119, 224, 132,
       254, 45, 127, 227, 2, 19, 62, 246, 229, 98, 88, 187, 144, 44, 243,
       233, 101, 1, 97, 242, 238, 11, 252, 127, 254, 101, 164, 74, 103,
       245, 65, 164, 254, 42, 115, 113, 145, 35, 56, 244, 108, 106, 200,
       241, 225, 40, 243, 233, 101, 17, 101, 250, 214, 41, 90, 249, 190,
       178, 187, 220, 17, 135, 175, 125, 140, 25, 172, 190, 66, 82, 163,
       87, 249, 17, 86, 75, 186, 241, 251, 213, 30, 123, 128, 84, 167,
       91, 86, 162, 110, 177, 106, 131, 105, 89, 55, 61, 215, 247, 201,
       135, 218, 73, 127, 141, 255, 157, 154, 218, 207, 208, 220, 3, 251,
       228, 173, 132, 160, 209, 9, 66, 115, 77, 116, 26, 105, 51, 101,
       72, 126, 228, 147, 5, 149, 116, 126, 172, 54, 44, 201, 184, 101,
       12, 102, 237, 32, 128, 111, 160, 66, 185, 113, 220, 123, 229, 52,
       206, 239, 55, 121, 200, 122, 102, 243, 125, 148, 112, 126, 246,
       92, 104, 233, 184, 245, 175, 231, 239, 32, 192, 109, 170, 210,
       185, 222, 23, 102, 247, 164, 18, 252, 117, 253, 254, 242, 247,
       109, 110, 191, 203, 238, 247, 191, 227, 253, 221, 39, 236, 182,
       251, 239, 131, 47, 124, 253, 223, 10, 177, 250, 241, 239, 237,
       189, 87, 47, 247, 60, 155, 157, 159, 82, 10, 175, 27, 247, 149,
       150, 122, 178, 208, 79, 217, 63, 239, 199, 196, 143, 219, 203, 86,
       237, 255, 38, 86, 29, 180, 20, 206, 86, 230, 249, 125, 187, 231,
       86, 118, 181, 239, 237, 212, 103, 171, 102, 107, 252, 128, 46,
       254, 60, 121, 147, 77, 79, 191, 60, 2, 79, 54, 52, 194, 218, 231,
       113, 115, 177, 208, 90, 238, 63, 238, 105, 142, 69, 111, 176, 46,
       238, 128, 61, 243, 120, 25, 39, 52, 241, 65, 119, 125, 227, 94,
       123, 237, 124, 8, 24, 180, 223, 188, 31, 26, 146, 24, 131, 178,
       244, 194, 15, 28, 17, 42, 199, 223, 70, 253, 114, 75, 130, 190,
       105, 128, 94, 228, 137, 12, 224, 163, 46, 195, 35, 82, 238, 225,
       175, 199, 76, 3, 138, 233, 176, 180, 138, 155, 16, 63, 44, 75, 61,
       121, 250, 100, 197, 94, 118, 212, 97, 236, 190, 10, 91, 157, 95,
       48, 248, 220, 148, 106, 204, 178, 184, 168, 115, 221, 37, 37, 99,
       255, 222, 231, 178, 65, 122, 238, 85, 199, 127, 101, 197, 4, 241,
       2, 104, 219, 55, 49, 248, 169, 7, 227, 108, 187, 16, 205, 55, 185,
       128, 11, 117, 154, 102, 142, 62, 97, 56, 232, 61, 47, 210, 204,
       75, 168, 185, 9, 202, 153, 127, 128, 216, 221, 159, 115, 140, 35,
       88, 148, 155, 220, 1, 127, 215, 63, 94, 134, 152, 188, 56, 184,
       147, 255, 16, 239, 31, 55, 140, 25, 159, 159, 98, 136, 183, 155,
       223, 17, 62, 207, 83, 151, 219, 215, 31, 119, 146, 76, 143, 91,
       111, 29, 255, 227, 239, 252, 123, 148, 169, 93, 63, 167, 236, 63,
       159, 126, 166, 247, 253, 211, 151, 16, 186, 225, 87, 125, 170,
       131, 142, 215, 79, 119, 188, 114, 254, 228, 163, 122, 213, 222,
       49, 190, 246, 187, 11, 61, 7, 27, 255, 221, 205, 226, 124, 247,
       145, 130, 211, 251, 116, 135, 227, 245, 238, 211, 158, 218, 114,
       219, 114, 241, 186, 216, 143, 85, 84, 247, 12, 158, 174, 77, 230,
       155, 151, 211, 151, 21, 46, 241, 54, 113, 58, 199, 191, 157, 165,
       215, 120, 205, 120, 76, 205, 72, 215, 238, 193, 28, 252, 40, 51,
       189, 37, 83, 72, 210, 108, 74, 74, 43, 226, 33, 115, 233, 100, 57,
       115, 89, 198, 42, 120, 205, 124, 76, 156, 75, 87, 175, 67, 36,
       188, 10, 115, 53, 45, 116, 88, 214, 12, 104, 106, 43, 105, 61,
       251, 239, 52, 53, 113, 216, 196, 42, 7, 43, 162, 155, 245, 240,
       187, 67, 207, 77, 93, 34, 168, 248, 246, 100, 200, 43, 179, 21,
       150, 184, 230, 226, 12, 60, 154, 203, 149, 14, 245, 199, 207, 254,
       189, 30, 105, 253, 53, 222, 191, 223, 116, 125, 252, 246, 239,
       255, 133, 123, 238, 66, 167, 71, 186, 113, 13, 19, 127, 174, 152,
       117, 15, 255, 118, 104, 150, 211, 207, 104, 176, 192, 175, 178,
       178, 10, 200, 251, 69, 143, 233, 245, 235, 211, 0, 99, 195, 224,
       29, 178, 223, 83, 193, 121, 103, 130, 20, 177, 251, 241, 180, 239,
       121, 83, 55, 173, 254, 19, 151, 151, 96, 88, 249, 154, 31, 152,
       26, 216, 113, 214, 223, 223, 183, 68, 160, 136, 228, 226, 88, 141,
       22, 188, 153, 244, 86, 231, 161, 12, 200, 9, 175, 250, 2, 211,
       193, 247, 253, 193, 126, 11, 210, 191, 185, 243, 206, 59, 34, 100,
       174, 78, 75, 50, 122, 160, 108, 188, 248, 86, 233, 121, 181, 253,
       156, 158, 214, 58, 174, 1, 95, 157, 135, 47, 130, 192, 214, 89,
       58, 186, 14, 132, 11, 149, 10, 184, 186, 241, 231, 221, 184, 71,
       63, 181, 84, 19, 172, 159, 86, 8, 175, 59, 151, 145, 22, 120, 178,
       195, 207, 221, 158, 235, 132, 4, 143, 219, 65, 50, 215, 197, 108,
       28, 232, 19, 237, 89, 242, 230, 157, 138, 212, 234, 110, 141, 126,
       141, 133, 118, 231, 192, 150, 121, 250, 168, 12, 128, 105, 157,
       56, 121, 114, 110, 87, 221, 214, 228, 233, 140, 252, 42, 46, 217,
       37, 148, 232, 248, 198, 67, 73, 171, 18, 172, 179, 220, 4, 27,
       107, 59, 110, 143, 42, 25, 43, 186, 237, 212, 185, 87, 141, 93,
       92, 135, 168, 141, 118, 196, 204, 59, 183, 213, 151, 154, 50, 225,
       71, 113, 186, 203, 23, 12, 181, 251, 2, 184, 242, 154, 211, 208,
       184, 199, 187, 69, 88, 167, 44, 222, 102, 196, 167, 59, 147, 145,
       22, 27, 150, 243, 31, 20, 158, 235, 151, 68, 175, 223, 11, 121,
       50, 80, 121, 221, 54, 198, 175, 252, 44, 45, 172, 214, 71, 182,
       135, 123, 234, 80, 135, 73, 178, 120, 47, 93, 21, 59, 194, 21, 15,
       223, 41, 233, 106, 110, 244, 92, 223, 117, 65, 196, 124, 10, 59,
       253, 178, 48, 88, 238, 22, 106, 216, 186, 244, 40, 119, 237, 36,
       41, 103, 186, 246, 232, 56, 217, 248, 236, 53, 215, 83, 180, 135,
       69, 254, 35, 63, 31, 34, 192, 206, 249, 159, 80, 26, 169, 113,
       189, 251, 245, 128, 83, 54, 142, 108, 122, 164, 248, 249, 209,
       172, 79, 213, 158, 86, 187, 180, 26, 210, 21, 77, 40, 89, 216, 55,
       24, 74, 116, 123, 18, 79, 159, 117, 53, 209, 248, 212, 226, 28,
       93, 123, 239, 182, 98, 119, 253, 20, 36, 219, 2, 87, 127, 41, 64,
       126, 254, 29, 226, 88, 177, 57, 46, 241, 175, 167, 128, 181, 251,
       244, 98, 65, 50, 199, 205, 108, 31, 232, 83, 110, 249, 242, 230,
       187, 136, 212, 235, 110, 172, 126, 141, 133, 246, 231, 192, 22,
       105, 242, 128, 109, 168, 121, 157, 52, 120, 254, 247, 162, 110,
       254, 196, 57, 191, 182, 167, 71, 63, 71, 27, 239, 215, 237, 194,
       12, 215, 153, 32, 219, 239, 254, 147, 225, 115, 111, 219, 129, 90,
       57, 255, 108, 141, 171, 80, 28, 8, 81, 102, 245, 215, 177, 96,
       246, 57, 55, 79, 129, 180, 75, 125, 68, 168, 42, 128, 28, 139, 1,
       161, 137, 26, 127, 69, 52, 30, 105, 23, 125, 200, 118, 116, 191,
       3, 148, 117, 6, 44, 30, 12, 161, 188, 97, 76, 70, 249, 50, 128,
       78, 128, 67, 249, 128, 167, 189, 251, 221, 237, 177, 207, 158, 53,
       72, 27, 140, 188, 104, 72, 141, 27, 163, 17, 50, 120, 58, 211, 45,
       85, 30, 111, 208, 72, 133, 234, 51, 141, 67, 222, 214, 130, 239,
       115, 212, 65, 219, 198, 113, 235, 176, 96, 126, 234, 23, 172, 249,
       187, 60, 255, 56, 174, 174, 192, 61, 138, 240, 160, 218, 82, 190,
       190, 9, 84, 84, 61, 141, 214, 135, 29, 238, 158, 111, 222, 197,
