%YAML:1.0
---
descriptors: !!opencv-matrix
   rows: 309
   cols: 32
   dt: u
   data: [ 11, 100, 227, 209, 246, 49, 248, 95, 63, 243, 124, 219, 25,
       142, 247, 173, 127, 155, 151, 157, 183, 94, 36, 194, 94, 79, 191,
       236, 183, 220, 251, 221, 222, 19, 230, 193, 135, 118, 254, 217,
       123, 255, 183, 179, 72, 62, 95, 191, 191, 215, 181, 183, 188, 241,
       173, 194, 187, 126, 223, 199, 167, 245, 252, 86, 156, 155, 106,
       172, 242, 130, 127, 249, 53, 12, 127, 231, 89, 207, 178, 16, 62,
       253, 135, 231, 240, 147, 12, 95, 118, 37, 171, 197, 101, 163, 166,
       211, 107, 170, 244, 220, 239, 53, 152, 239, 155, 191, 156, 191,
       172, 186, 214, 142, 143, 79, 247, 149, 150, 75, 230, 209, 30, 94,
       93, 255, 150, 236, 139, 207, 215, 123, 93, 165, 42, 94, 47, 185,
       40, 232, 30, 228, 223, 6, 195, 118, 38, 69, 124, 239, 197, 16,
       253, 76, 180, 129, 47, 164, 44, 179, 3, 117, 38, 21, 146, 158, 93,
       231, 186, 65, 158, 130, 89, 2, 236, 254, 57, 64, 252, 121, 179,
       163, 0, 179, 26, 216, 21, 54, 139, 11, 17, 107, 117, 130, 142,
       222, 180, 147, 215, 248, 190, 167, 63, 95, 86, 183, 172, 46, 94,
       197, 239, 91, 155, 145, 54, 252, 107, 247, 47, 86, 158, 195, 150,
       92, 189, 255, 250, 151, 232, 78, 251, 82, 159, 190, 59, 103, 156,
       191, 104, 62, 158, 180, 191, 215, 221, 225, 238, 11, 109, 255,
       122, 127, 190, 247, 55, 84, 190, 95, 175, 39, 236, 198, 252, 59,
       206, 88, 89, 230, 189, 143, 75, 108, 159, 190, 91, 192, 215, 255,
       188, 163, 109, 202, 30, 95, 137, 149, 231, 239, 90, 196, 223, 91,
       239, 123, 174, 18, 127, 152, 247, 248, 86, 230, 217, 79, 249, 111,
       102, 84, 61, 222, 134, 212, 175, 240, 70, 235, 239, 196, 191, 183,
       241, 113, 10, 157, 34, 137, 215, 247, 178, 103, 15, 9, 88, 163,
       172, 188, 36, 164, 253, 59, 147, 145, 22, 152, 16, 221, 45, 20,
       158, 195, 151, 14, 189, 223, 59, 255, 166, 28, 207, 213, 148, 238,
       143, 125, 220, 175, 40, 188, 39, 167, 237, 91, 247, 67, 206, 107,
       50, 245, 59, 82, 222, 187, 83, 93, 62, 223, 60, 117, 122, 100, 53,
       95, 86, 120, 101, 172, 254, 8, 91, 31, 3, 176, 158, 220, 212, 106,
       200, 178, 113, 142, 243, 221, 37, 21, 99, 186, 110, 115, 31, 247,
       224, 65, 181, 31, 124, 189, 127, 255, 31, 253, 203, 104, 222, 164,
       23, 14, 220, 61, 255, 240, 237, 215, 238, 95, 53, 230, 238, 212,
       218, 85, 94, 177, 247, 242, 171, 126, 29, 149, 171, 249, 191, 188,
       207, 127, 202, 250, 231, 213, 253, 176, 153, 195, 235, 192, 222,
       247, 47, 223, 170, 246, 167, 115, 92, 27, 126, 229, 181, 90, 118,
       113, 117, 172, 246, 35, 79, 59, 34, 209, 242, 180, 239, 96, 120,
       185, 1, 206, 247, 239, 39, 71, 99, 168, 236, 19, 184, 83, 114,
       234, 118, 147, 218, 80, 21, 76, 245, 231, 9, 205, 182, 129, 254,
       185, 151, 231, 142, 178, 100, 159, 114, 217, 170, 169, 119, 143,
       125, 209, 120, 224, 124, 101, 36, 94, 119, 188, 101, 174, 246, 10,
       219, 57, 27, 115, 120, 212, 125, 106, 200, 176, 241, 140, 247,
       239, 231, 5, 103, 186, 94, 106, 177, 89, 111, 222, 60, 199, 203,
       112, 196, 64, 212, 194, 51, 213, 177, 97, 110, 184, 22, 202, 235,
       171, 38, 189, 243, 137, 162, 136, 53, 139, 112, 249, 108, 116,
       249, 98, 237, 45, 95, 156, 123, 187, 181, 88, 158, 25, 77, 187,
       221, 218, 215, 58, 250, 102, 248, 242, 111, 221, 53, 190, 194,
       251, 194, 35, 200, 28, 183, 245, 41, 254, 121, 55, 253, 235, 182,
       24, 191, 63, 5, 123, 167, 55, 253, 1, 177, 237, 243, 206, 207,
       251, 114, 146, 2, 196, 7, 123, 124, 64, 56, 170, 61, 205, 83, 72,
       15, 12, 249, 9, 199, 218, 43, 64, 216, 137, 111, 115, 12, 35, 219,
       156, 209, 241, 139, 127, 16, 11, 54, 66, 8, 157, 98, 171, 85, 247,
       99, 95, 87, 69, 92, 7, 169, 231, 34, 196, 120, 42, 130, 136, 6,
       154, 118, 191, 231, 197, 154, 9, 55, 206, 253, 222, 19, 207, 75,
       252, 22, 128, 109, 119, 148, 0, 218, 230, 57, 195, 176, 64, 106,
       171, 31, 140, 203, 139, 38, 255, 240, 173, 186, 136, 53, 136, 240,
       41, 80, 32, 27, 172, 1, 78, 105, 65, 45, 12, 243, 3, 191, 151, 0,
       80, 226, 149, 111, 160, 8, 145, 145, 205, 209, 240, 10, 16, 32, 2,
       39, 98, 60, 85, 126, 110, 11, 127, 87, 248, 229, 76, 191, 8, 123,
       87, 11, 53, 62, 208, 221, 106, 201, 35, 121, 189, 115, 217, 33,
       149, 115, 251, 70, 115, 111, 223, 236, 76, 255, 87, 94, 156, 195,
       126, 180, 175, 74, 108, 159, 183, 223, 196, 255, 230, 205, 103,
       255, 252, 54, 123, 197, 159, 255, 255, 254, 117, 134, 104, 178,
       147, 199, 247, 178, 192, 30, 167, 83, 19, 140, 204, 103, 200, 249,
       125, 163, 147, 48, 246, 56, 194, 31, 22, 159, 71, 133, 111, 53,
       198, 139, 146, 126, 241, 112, 172, 121, 19, 189, 91, 119, 124,
       191, 223, 138, 59, 167, 51, 127, 12, 178, 220, 162, 215, 198, 251,
       114, 194, 10, 128, 3, 203, 53, 28, 106, 250, 22, 163, 203, 114,
       212, 1, 223, 214, 113, 203, 176, 96, 121, 170, 14, 188, 187, 187,
       60, 191, 248, 175, 163, 192, 189, 171, 112, 176, 127, 95, 228, 68,
       189, 91, 71, 154, 103, 236, 190, 236, 74, 37, 151, 246, 78, 228,
       236, 110, 205, 161, 101, 156, 178, 251, 37, 151, 126, 253, 94,
       117, 237, 55, 123, 101, 176, 46, 127, 55, 121, 234, 126, 92, 159,
       55, 145, 51, 150, 4, 68, 44, 249, 244, 225, 10, 231, 249, 37, 132,
       232, 240, 194, 115, 103, 178, 224, 91, 106, 57, 185, 89, 27, 127,
       117, 255, 72, 220, 222, 62, 255, 157, 183, 23, 135, 118, 238, 210,
       30, 92, 127, 238, 215, 239, 215, 245, 94, 90, 86, 229, 35, 90, 53,
       178, 173, 190, 182, 237, 142, 39, 131, 223, 39, 117, 237, 96, 193,
       205, 129, 200, 150, 243, 113, 151, 46, 165, 13, 117, 130, 73, 18,
       158, 101, 149, 178, 96, 156, 128, 81, 2, 172, 218, 37, 68, 250,
       41, 179, 67, 68, 179, 2, 253, 23, 48, 139, 11, 21, 63, 57, 135,
       16, 192, 90, 217, 86, 163, 235, 82, 87, 1, 126, 82, 57, 131, 180,
       100, 122, 168, 6, 152, 18, 190, 4, 231, 86, 174, 178, 64, 181,
       136, 112, 168, 111, 114, 224, 76, 109, 81, 223, 216, 67, 126, 180,
       239, 72, 204, 223, 190, 31, 192, 247, 230, 207, 103, 238, 208, 18,
       89, 225, 255, 255, 191, 126, 117, 223, 90, 103, 212, 99, 86, 254,
       112, 253, 230, 150, 183, 73, 15, 247, 255, 38, 245, 255, 239, 228,
       213, 181, 238, 31, 122, 207, 135, 39, 181, 53, 87, 88, 56, 249,
       124, 187, 232, 81, 71, 251, 23, 172, 56, 63, 183, 65, 26, 35, 158,
       236, 16, 26, 105, 178, 51, 219, 231, 116, 123, 226, 64, 198, 107,
       218, 182, 174, 178, 169, 165, 24, 215, 175, 31, 148, 189, 13, 171,
       106, 11, 175, 179, 253, 149, 190, 111, 130, 209, 218, 211, 254,
       255, 148, 68, 187, 19, 216, 20, 31, 248, 11, 228, 25, 82, 180, 94,
       134, 177, 63, 151, 35, 91, 166, 181, 237, 144, 42, 79, 147, 72,
       209, 227, 122, 155, 160, 0, 39, 123, 166, 76, 19, 158, 77, 199,
       190, 226, 156, 130, 240, 2, 172, 215, 33, 201, 248, 121, 139, 227,
       96, 183, 10, 254, 53, 50, 203, 10, 21, 121, 53, 130, 124, 150,
       243, 77, 243, 90, 167, 75, 122, 47, 124, 56, 74, 231, 168, 212,
       51, 124, 166, 32, 80, 179, 160, 2, 113, 229, 37, 165, 243, 248,
       198, 163, 10, 222, 180, 155, 189, 253, 188, 174, 175, 95, 28, 135,
       236, 238, 63, 207, 231, 99, 255, 133, 230, 73, 58, 253, 175, 22,
       223, 207, 150, 84, 173, 223, 54, 36, 106, 248, 212, 163, 234, 95,
       23, 129, 250, 18, 89, 203, 61, 64, 121, 171, 23, 177, 186, 179, 4,
       222, 250, 207, 191, 196, 181, 202, 240, 128, 42, 245, 178, 216,
       255, 215, 188, 239, 159, 121, 220, 63, 44, 252, 126, 165, 143,
       123, 243, 133, 215, 203, 178, 245, 63, 90, 222, 255, 95, 92, 191,
       223, 155, 132, 227, 219, 150, 163, 235, 215, 62, 67, 83, 210, 89,
       239, 184, 104, 127, 187, 23, 157, 179, 157, 44, 215, 222, 239,
       186, 196, 183, 200, 177, 176, 207, 114, 181, 73, 171, 85, 17, 156,
       239, 254, 180, 253, 222, 215, 195, 255, 199, 85, 252, 118, 143,
