%YAML:1.0
---
descriptors: !!opencv-matrix
   rows: 167
   cols: 32
   dt: u
   data: [ 112, 203, 216, 170, 60, 137, 90, 220, 171, 45, 188, 13, 167,
       195, 66, 18, 10, 192, 109, 89, 94, 11, 74, 49, 250, 213, 36, 253,
       52, 154, 219, 11, 229, 46, 132, 49, 168, 45, 232, 138, 255, 187,
       176, 92, 135, 163, 81, 159, 137, 70, 110, 56, 54, 109, 211, 114,
       140, 210, 85, 124, 200, 233, 75, 132, 244, 67, 76, 46, 8, 27, 70,
       168, 23, 182, 161, 221, 203, 74, 79, 219, 218, 197, 236, 230, 108,
       71, 77, 190, 178, 211, 69, 63, 28, 63, 75, 4, 214, 230, 140, 183,
       138, 50, 20, 175, 178, 255, 131, 183, 195, 110, 75, 11, 205, 199,
       237, 181, 60, 69, 207, 162, 152, 195, 255, 223, 172, 116, 190, 95,
       239, 231, 132, 135, 137, 30, 70, 184, 83, 178, 129, 205, 202, 98,
       91, 151, 93, 196, 232, 255, 237, 68, 221, 234, 172, 82, 199, 62,
       42, 247, 10, 20, 18, 158, 126, 244, 114, 162, 57, 119, 189, 143,
       91, 247, 109, 239, 160, 81, 246, 255, 47, 128, 176, 221, 128, 206,
       250, 166, 122, 195, 37, 224, 165, 131, 2, 249, 16, 154, 207, 213,
       180, 239, 159, 21, 64, 19, 172, 158, 110, 197, 205, 27, 147, 145,
       86, 26, 82, 245, 47, 16, 158, 107, 16, 12, 173, 222, 123, 173,
       114, 136, 223, 155, 246, 231, 109, 97, 252, 15, 42, 184, 54, 228,
       234, 231, 222, 213, 223, 43, 85, 253, 190, 124, 142, 123, 95, 30,
       251, 142, 19, 29, 111, 159, 54, 131, 174, 115, 252, 74, 218, 230,
       116, 246, 180, 96, 126, 107, 62, 207, 245, 153, 39, 127, 176, 46,
       234, 128, 28, 226, 49, 253, 58, 177, 97, 64, 219, 213, 149, 207,
       11, 125, 189, 47, 8, 156, 126, 52, 189, 155, 215, 145, 154, 43,
       248, 213, 59, 84, 157, 255, 215, 14, 215, 247, 184, 9, 24, 190,
       91, 217, 82, 104, 151, 4, 229, 9, 111, 223, 35, 145, 216, 185,
       193, 98, 110, 39, 90, 159, 243, 209, 1, 59, 114, 47, 46, 130, 3,
       142, 67, 159, 246, 178, 174, 39, 92, 75, 90, 247, 240, 232, 182,
       224, 255, 107, 23, 141, 181, 152, 37, 255, 44, 46, 190, 192, 157,
       204, 185, 221, 11, 48, 55, 9, 77, 95, 224, 72, 239, 96, 250, 74,
       218, 152, 52, 228, 232, 141, 250, 1, 221, 187, 247, 208, 23, 121,
       3, 18, 79, 14, 121, 156, 3, 189, 227, 21, 242, 242, 191, 103, 186,
       197, 94, 229, 172, 174, 214, 180, 39, 127, 209, 133, 149, 152,
       164, 111, 44, 22, 30, 130, 207, 196, 171, 221, 67, 165, 135, 9,
       221, 191, 160, 67, 111, 97, 203, 2, 136, 184, 20, 228, 233, 143,
       234, 145, 151, 186, 245, 213, 31, 124, 26, 67, 207, 78, 249, 132,
       221, 72, 221, 239, 44, 14, 79, 152, 105, 202, 183, 68, 255, 67,
       153, 123, 118, 196, 124, 238, 201, 228, 251, 232, 198, 251, 231,
       20, 42, 179, 66, 32, 254, 112, 188, 178, 141, 125, 80, 200, 139,
       191, 165, 25, 142, 222, 79, 159, 137, 209, 239, 19, 14, 103, 250,
       208, 219, 209, 95, 127, 210, 125, 15, 86, 130, 145, 146, 149, 117,
       164, 184, 99, 28, 137, 82, 19, 172, 150, 36, 196, 248, 59, 147,
       145, 54, 156, 19, 195, 13, 20, 154, 195, 0, 12, 181, 143, 108,
       215, 68, 231, 52, 15, 102, 184, 61, 170, 219, 205, 203, 97, 25,
       81, 144, 204, 125, 106, 232, 208, 89, 46, 230, 255, 37, 148, 46,
       255, 90, 2, 3, 157, 50, 152, 245, 213, 190, 231, 207, 73, 92, 167,
       172, 158, 54, 100, 238, 59, 147, 197, 215, 152, 18, 255, 47, 92,
       158, 235, 30, 12, 185, 223, 96, 180, 216, 88, 249, 237, 80, 223,
       187, 63, 60, 29, 46, 187, 78, 158, 137, 155, 231, 16, 50, 110,
       210, 243, 95, 223, 84, 127, 210, 72, 206, 155, 33, 175, 67, 232,
       244, 131, 110, 247, 7, 1, 120, 207, 51, 227, 176, 16, 126, 170, 7,
       204, 90, 186, 0, 255, 62, 140, 165, 232, 125, 138, 226, 137, 97,
       33, 2, 168, 93, 15, 160, 72, 206, 160, 201, 11, 198, 216, 114, 64,
       216, 140, 106, 101, 12, 99, 215, 156, 148, 48, 3, 63, 88, 10, 123,
       134, 18, 98, 6, 169, 24, 7, 104, 72, 166, 36, 194, 131, 193, 131,
       32, 64, 108, 141, 107, 172, 8, 147, 193, 208, 149, 164, 138, 16,
       33, 10, 32, 136, 3, 2, 206, 173, 48, 42, 120, 18, 60, 37, 82, 245,
       141, 3, 130, 88, 102, 13, 127, 148, 4, 220, 197, 196, 196, 243,
       250, 192, 172, 133, 41, 153, 199, 231, 172, 174, 172, 54, 78, 168,
       18, 246, 137, 141, 193, 110, 95, 75, 221, 197, 121, 247, 252, 67,
       255, 58, 186, 115, 207, 189, 156, 247, 28, 84, 213, 38, 140, 55,
       136, 56, 20, 138, 190, 246, 131, 221, 231, 232, 91, 91, 133, 199,
       236, 23, 174, 69, 207, 34, 204, 227, 127, 21, 136, 117, 153, 82,
       173, 255, 245, 71, 244, 95, 238, 188, 127, 234, 122, 100, 217,
       124, 157, 164, 63, 94, 54, 126, 225, 240, 125, 255, 46, 30, 39,
       196, 79, 251, 203, 181, 34, 235, 104, 26, 255, 217, 182, 231, 143,
       85, 60, 171, 172, 172, 86, 0, 138, 107, 227, 85, 86, 42, 110, 245,
       111, 20, 30, 123, 213, 28, 223, 222, 245, 238, 156, 51, 168, 188,
       86, 191, 187, 191, 162, 93, 231, 232, 74, 219, 133, 238, 236, 23,
       126, 109, 203, 34, 234, 247, 117, 93, 200, 241, 138, 11, 244, 246,
       140, 186, 168, 40, 84, 188, 183, 183, 135, 189, 199, 104, 74, 91,
       223, 199, 108, 39, 252, 103, 207, 51, 248, 227, 127, 125, 188,
       121, 138, 83, 247, 182, 172, 183, 138, 122, 28, 174, 146, 247,
       135, 191, 199, 108, 91, 11, 213, 199, 253, 167, 188, 71, 239, 34,
       218, 67, 253, 189, 172, 121, 156, 94, 42, 207, 98, 154, 127, 209,
       154, 228, 159, 12, 220, 163, 40, 204, 183, 196, 222, 171, 135,
       199, 70, 171, 78, 255, 50, 116, 138, 155, 55, 159, 124, 205, 244,
       118, 204, 39, 168, 31, 94, 184, 48, 166, 179, 205, 195, 107, 75,
       27, 221, 197, 236, 230, 236, 118, 217, 10, 230, 195, 229, 53, 104,
       251, 74, 0, 235, 48, 54, 12, 77, 223, 240, 104, 207, 225, 245, 10,
       206, 216, 54, 228, 200, 173, 250, 97, 141, 103, 215, 208, 151,
       121, 3, 59, 91, 15, 123, 150, 107, 37, 162, 136, 221, 191, 178,
       74, 207, 33, 201, 11, 142, 184, 118, 228, 232, 143, 202, 17, 30,
       171, 209, 212, 159, 116, 26, 123, 211, 79, 123, 134, 56, 221, 122,
       238, 246, 195, 87, 253, 5, 4, 252, 42, 115, 255, 34, 48, 126, 251,
       23, 226, 88, 186, 48, 189, 251, 205, 37, 105, 117, 186, 230, 235,
       130, 158, 134, 153, 242, 162, 184, 71, 190, 23, 82, 247, 172, 238,
       38, 72, 231, 59, 163, 149, 54, 220, 2, 247, 12, 54, 158, 195, 148,
       68, 165, 223, 17, 95, 111, 173, 54, 2, 239, 117, 116, 200, 218,
       230, 241, 118, 176, 96, 118, 110, 61, 239, 233, 153, 37, 14, 240,
       175, 174, 128, 45, 242, 177, 121, 197, 238, 142, 23, 140, 62, 110,
       190, 254, 254, 170, 93, 227, 232, 95, 75, 133, 230, 108, 31, 253,
       237, 223, 35, 174, 63, 245, 85, 200, 253, 216, 84, 17, 159, 79,
       173, 242, 166, 47, 119, 60, 203, 90, 231, 117, 231, 160, 64, 119,
       239, 63, 165, 241, 153, 1, 79, 244, 166, 186, 192, 45, 226, 161,
       153, 247, 78, 172, 55, 140, 63, 207, 190, 82, 247, 142, 159, 211,
       108, 95, 11, 205, 230, 121, 247, 253, 206, 255, 42, 236, 103, 253,
       148, 141, 253, 218, 92, 34, 217, 106, 202, 95, 193, 183, 236, 132,
       84, 252, 171, 48, 221, 62, 1, 104, 241, 147, 227, 66, 43, 58, 253,
       119, 1, 140, 43, 117, 30, 118, 250, 138, 143, 99, 253, 246, 240,
       252, 55, 61, 7, 94, 243, 169, 47, 180, 229, 119, 59, 151, 141,
       246, 156, 37, 255, 102, 111, 250, 193, 55, 196, 189, 249, 124,
       227, 91, 98, 86, 203, 71, 253, 33, 36, 253, 171, 19, 199, 136, 16,
       120, 152, 5, 122, 90, 179, 232, 29, 251, 197, 37, 125, 113, 138,
       230, 98, 117, 175, 156, 63, 253, 63, 102, 188, 123, 190, 239, 77,
       231, 233, 11, 211, 145, 238, 108, 102, 124, 240, 203, 63, 254,
       255, 101, 21, 200, 115, 218, 2, 201, 92, 151, 213, 97, 252, 37, 7,
       252, 91, 98, 16, 188, 182, 0, 255, 131, 63, 106, 8, 97, 220, 178,
       107, 165, 178, 86, 2, 138, 64, 129, 174, 245, 239, 136, 182, 152,
       63, 94, 188, 50, 174, 173, 221, 231, 104, 75, 19, 221, 206, 236,
       119, 252, 71, 201, 47, 250, 231, 237, 189, 136, 123, 154, 80, 117,
