%YAML:1.0
---
descriptors: !!opencv-matrix
   rows: 184
   cols: 32
   dt: u
   data: [ 34, 141, 128, 153, 221, 181, 132, 239, 94, 29, 216, 19, 160,
       232, 38, 196, 201, 74, 162, 1, 54, 42, 91, 247, 45, 22, 158, 123,
       144, 76, 252, 142, 220, 166, 173, 186, 172, 233, 221, 207, 186,
       87, 149, 187, 167, 237, 90, 11, 163, 211, 237, 21, 58, 111, 234,
       51, 217, 195, 127, 253, 228, 92, 151, 98, 49, 239, 67, 203, 86,
       147, 234, 216, 95, 97, 121, 194, 49, 200, 188, 164, 123, 170, 22,
       156, 131, 186, 108, 255, 62, 12, 163, 232, 127, 139, 120, 172, 33,
       175, 98, 138, 214, 147, 234, 238, 86, 5, 120, 231, 33, 200, 190,
       196, 121, 170, 2, 221, 158, 186, 12, 191, 60, 12, 166, 200, 253,
       142, 248, 204, 135, 158, 230, 151, 226, 180, 188, 183, 63, 219,
       90, 247, 252, 126, 222, 239, 231, 111, 191, 149, 183, 220, 143,
       227, 14, 62, 255, 194, 142, 245, 169, 221, 45, 78, 99, 105, 244,
       174, 111, 22, 109, 75, 126, 68, 243, 33, 177, 116, 81, 46, 6, 60,
       139, 176, 101, 46, 100, 254, 32, 128, 218, 219, 80, 41, 33, 178,
       241, 85, 116, 159, 233, 19, 127, 233, 114, 116, 179, 29, 148, 180,
       30, 60, 54, 8, 177, 252, 117, 77, 14, 158, 48, 192, 79, 128, 66,
       189, 85, 51, 74, 37, 98, 10, 107, 112, 32, 204, 111, 229, 95, 7,
       139, 84, 54, 205, 68, 238, 65, 144, 133, 76, 180, 165, 33, 132,
       40, 167, 43, 209, 65, 157, 115, 205, 116, 238, 107, 246, 127, 73,
       126, 64, 251, 247, 180, 116, 118, 254, 54, 104, 137, 154, 244,
       255, 127, 252, 162, 192, 110, 130, 96, 185, 61, 69, 65, 103, 212,
       31, 78, 184, 85, 226, 127, 198, 83, 97, 153, 180, 56, 204, 22,
       110, 233, 176, 125, 46, 102, 207, 165, 4, 111, 255, 90, 176, 9,
       31, 115, 73, 118, 191, 234, 82, 109, 72, 126, 230, 57, 218, 181,
       244, 126, 171, 22, 236, 135, 186, 52, 255, 54, 253, 34, 128, 127,
       139, 105, 189, 141, 231, 111, 31, 244, 27, 111, 189, 116, 126,
       127, 244, 251, 97, 154, 229, 127, 78, 110, 46, 245, 248, 237, 63,
       238, 239, 103, 132, 46, 254, 217, 229, 183, 220, 51, 222, 255,
       215, 158, 255, 31, 106, 184, 122, 92, 252, 188, 37, 253, 211, 119,
       227, 239, 47, 42, 255, 57, 30, 141, 254, 93, 58, 144, 127, 60,
       189, 248, 105, 214, 103, 95, 218, 22, 225, 252, 2, 81, 127, 99,
       48, 125, 218, 151, 248, 26, 18, 121, 62, 127, 141, 165, 229, 243,
       251, 110, 242, 60, 181, 16, 168, 219, 247, 82, 200, 23, 45, 173,
       11, 79, 223, 106, 208, 249, 219, 149, 243, 26, 3, 184, 183, 185,
       213, 139, 127, 178, 71, 174, 67, 141, 63, 221, 103, 160, 63, 111,
       184, 117, 234, 126, 244, 219, 115, 153, 244, 119, 110, 126, 62,
       185, 144, 125, 38, 238, 239, 39, 196, 174, 251, 233, 181, 46, 225,
       144, 154, 237, 165, 178, 204, 159, 189, 149, 27, 236, 218, 111,
       143, 201, 91, 251, 211, 6, 103, 218, 241, 31, 18, 223, 127, 146,
       31, 137, 134, 102, 106, 38, 138, 73, 197, 58, 200, 175, 180, 243,
       139, 204, 206, 101, 90, 236, 221, 235, 210, 10, 67, 203, 245, 149,
       48, 203, 127, 16, 47, 37, 98, 244, 110, 238, 255, 216, 47, 111,
       222, 52, 166, 206, 151, 209, 231, 27, 88, 125, 237, 127, 238, 104,
       213, 121, 42, 247, 239, 175, 132, 165, 251, 244, 240, 125, 157,
       244, 71, 181, 62, 79, 184, 117, 230, 255, 12, 91, 105, 159, 244,
       95, 230, 244, 238, 189, 242, 125, 175, 122, 255, 229, 20, 239,
       247, 250, 116, 41, 96, 243, 201, 116, 141, 235, 88, 115, 168, 125,
       106, 59, 209, 216, 52, 127, 184, 23, 156, 139, 178, 232, 211, 116,
       156, 161, 172, 119, 138, 98, 161, 222, 60, 148, 178, 169, 109, 88,
       154, 187, 191, 131, 25, 207, 247, 73, 91, 135, 215, 253, 19, 58,
       69, 219, 242, 219, 211, 93, 63, 178, 117, 5, 83, 254, 247, 254,
       126, 187, 119, 95, 190, 27, 238, 255, 189, 123, 253, 246, 189,
       151, 255, 245, 247, 253, 197, 187, 191, 235, 255, 109, 183, 143,
       245, 142, 119, 216, 188, 188, 178, 139, 237, 53, 199, 191, 23,
       164, 25, 190, 191, 66, 91, 163, 83, 249, 17, 54, 79, 154, 243,
       219, 211, 94, 123, 192, 80, 135, 91, 203, 58, 163, 24, 235, 180,
       184, 87, 170, 91, 80, 253, 188, 158, 84, 191, 167, 63, 247, 149,
       147, 94, 178, 225, 31, 120, 122, 234, 207, 68, 163, 253, 127, 247,
       255, 126, 191, 86, 223, 188, 155, 254, 94, 173, 125, 253, 254,
       183, 151, 127, 181, 247, 237, 201, 191, 255, 107, 255, 253, 159,
       159, 247, 222, 127, 124, 253, 61, 230, 180, 78, 71, 184, 100, 168,
       191, 8, 247, 119, 9, 112, 88, 244, 76, 106, 88, 163, 121, 61, 249,
       237, 37, 20, 32, 187, 196, 34, 162, 218, 42, 186, 111, 193, 184,
       230, 159, 95, 80, 191, 172, 156, 118, 9, 239, 59, 151, 129, 70,
       62, 18, 241, 87, 81, 218, 171, 21, 12, 53, 223, 235, 117, 123,
       232, 125, 95, 250, 120, 109, 104, 254, 74, 219, 156, 150, 225,
       254, 157, 254, 227, 205, 179, 245, 221, 182, 89, 139, 175, 79,
       143, 121, 149, 14, 143, 104, 235, 182, 243, 255, 191, 22, 172, 94,
       227, 233, 109, 185, 96, 87, 114, 151, 249, 242, 144, 109, 190,
       111, 79, 175, 197, 183, 222, 213, 123, 239, 181, 255, 251, 252,
       143, 255, 252, 63, 248, 255, 242, 221, 255, 220, 98, 255, 223,
       127, 155, 243, 243, 251, 243, 126, 251, 239, 196, 255, 250, 243,
       241, 182, 230, 222, 191, 222, 43, 254, 238, 191, 182, 250, 163,
       237, 238, 79, 83, 127, 255, 239, 163, 46, 243, 203, 255, 188, 178,
       207, 199, 165, 59, 109, 136, 41, 189, 250, 87, 244, 30, 126, 183,
       125, 203, 126, 76, 251, 255, 156, 48, 62, 254, 127, 78, 243, 248,
       251, 235, 110, 255, 52, 128, 111, 218, 202, 153, 125, 236, 253,
       255, 252, 43, 111, 236, 95, 179, 255, 26, 255, 251, 89, 106, 123,
       223, 110, 186, 56, 246, 251, 255, 255, 239, 255, 84, 181, 251,
       243, 160, 60, 229, 120, 97, 252, 75, 79, 248, 67, 236, 189, 40,
       83, 85, 219, 48, 94, 216, 87, 106, 202, 50, 105, 63, 127, 141,
       165, 252, 119, 187, 198, 241, 216, 82, 62, 188, 42, 194, 25, 90,
       188, 30, 214, 179, 221, 223, 163, 75, 230, 49, 237, 161, 98, 197,
       35, 95, 210, 227, 123, 157, 52, 160, 37, 75, 194, 122, 166, 188,
       233, 164, 188, 198, 170, 159, 192, 181, 172, 238, 103, 203, 207,
       123, 251, 149, 6, 79, 210, 224, 21, 112, 222, 171, 128, 117, 55,
       223, 134, 176, 22, 217, 239, 233, 176, 207, 143, 61, 185, 57, 142,
       219, 108, 141, 163, 27, 235, 16, 18, 107, 138, 209, 159, 208, 31,
       127, 146, 76, 133, 163, 39, 206, 197, 219, 252, 171, 238, 141, 95,
       51, 249, 210, 224, 104, 189, 109, 219, 202, 19, 30, 182, 246, 77,
       251, 44, 30, 223, 116, 149, 219, 208, 132, 17, 207, 66, 143, 54,
       131, 238, 246, 84, 0, 90, 230, 113, 98, 176, 196, 126, 234, 6,
       238, 193, 152, 5, 127, 44, 46, 175, 128, 61, 186, 120, 140, 57,
       134, 239, 245, 84, 26, 234, 123, 119, 226, 246, 214, 123, 40, 148,
       225, 125, 236, 62, 173, 173, 254, 117, 159, 158, 239, 179, 128,
       239, 168, 120, 156, 153, 237, 63, 183, 197, 222, 182, 231, 252,
       130, 234, 18, 238, 252, 53, 224, 249, 127, 234, 67, 117, 253, 186,
       238, 191, 247, 79, 3, 64, 120, 173, 174, 187, 117, 122, 232, 125,
       95, 254, 108, 109, 96, 254, 10, 223, 152, 55, 161, 254, 157, 254,
       227, 237, 183, 245, 222, 183, 217, 139, 59, 127, 30, 121, 143,
       130, 253, 167, 219, 251, 209, 190, 236, 159, 21, 209, 179, 236,
       254, 108, 68, 237, 123, 187, 195, 54, 75, 250, 247, 63, 22, 222,
       235, 144, 95, 165, 223, 252, 173, 253, 126, 168, 233, 87, 239,
       179, 183, 189, 56, 123, 247, 72, 59, 91, 255, 237, 130, 122, 79,
       234, 63, 251, 247, 117, 123, 240, 241, 134, 107, 166, 237, 148,
       154, 237, 241, 150, 204, 143, 182, 189, 27, 204, 250, 111, 143,
       217, 219, 235, 83, 86, 103, 218, 243, 191, 16, 207, 63, 210, 127,
       143, 198, 137, 174, 51, 121, 36, 175, 103, 55, 125, 10, 118, 84,
       190, 1, 144, 120, 145, 42, 78, 14, 241, 180, 97, 27, 196, 223, 48,
       128, 66, 208, 195, 41, 60, 63, 250, 168, 247, 243, 82, 222, 23,
