%YAML:1.0
---
descriptors: !!opencv-matrix
   rows: 171
   cols: 32
   dt: u
   data: [ 237, 19, 249, 101, 52, 42, 107, 18, 97, 224, 126, 236, 243,
       39, 145, 122, 94, 252, 116, 108, 137, 176, 229, 8, 198, 233, 32,
       128, 111, 249, 66, 249, 34, 1, 233, 137, 212, 208, 232, 71, 1, 69,
       124, 163, 129, 140, 182, 96, 90, 170, 151, 149, 159, 186, 100,
       194, 38, 60, 186, 193, 245, 142, 254, 220, 90, 141, 6, 190, 155,
       190, 30, 167, 190, 67, 202, 149, 239, 174, 34, 208, 167, 231, 253,
       133, 126, 9, 145, 191, 187, 231, 30, 91, 42, 68, 169, 26, 75, 82,
       243, 197, 110, 28, 232, 80, 233, 209, 242, 230, 191, 140, 213,
       238, 110, 133, 126, 141, 133, 115, 245, 192, 150, 56, 250, 136,
       207, 184, 107, 189, 35, 106, 99, 1, 116, 219, 232, 71, 127, 229,
       120, 204, 170, 140, 214, 180, 138, 40, 22, 29, 199, 188, 100, 218,
       38, 28, 20, 160, 71, 140, 215, 252, 22, 162, 110, 161, 106, 131,
       184, 217, 46, 61, 215, 247, 201, 142, 218, 74, 111, 141, 239, 148,
       146, 211, 207, 209, 222, 1, 187, 228, 181, 132, 165, 209, 73, 82,
       251, 205, 116, 10, 105, 22, 104, 200, 118, 228, 155, 3, 145, 123,
       118, 36, 22, 44, 129, 180, 229, 72, 68, 189, 162, 128, 78, 176,
       65, 185, 72, 20, 31, 241, 177, 236, 113, 23, 236, 27, 54, 48, 158,
       179, 32, 91, 167, 55, 125, 24, 49, 205, 32, 68, 207, 251, 114,
       194, 128, 0, 165, 43, 254, 178, 254, 242, 239, 249, 176, 207, 171,
       63, 188, 187, 14, 220, 78, 155, 175, 155, 231, 17, 22, 111, 138,
       241, 223, 81, 95, 127, 199, 76, 143, 199, 170, 176, 60, 242, 239,
       233, 145, 207, 143, 61, 189, 59, 142, 157, 110, 10, 203, 27, 255,
       17, 22, 111, 234, 209, 223, 209, 94, 127, 210, 76, 159, 203, 49,
       229, 107, 73, 84, 155, 232, 127, 85, 224, 124, 194, 115, 104, 156,
       164, 120, 170, 6, 188, 201, 186, 101, 223, 62, 12, 132, 68, 119,
       138, 250, 172, 230, 88, 191, 222, 111, 212, 159, 84, 153, 218,
       213, 115, 124, 222, 53, 43, 238, 115, 183, 195, 161, 71, 186, 232,
       115, 123, 234, 138, 5, 55, 55, 247, 57, 107, 105, 102, 116, 221,
       215, 116, 67, 236, 124, 13, 51, 205, 83, 32, 152, 232, 68, 111,
       203, 186, 240, 61, 115, 205, 33, 57, 111, 155, 86, 251, 162, 216,
       42, 186, 111, 197, 186, 252, 143, 89, 81, 187, 108, 223, 110, 1,
       239, 123, 151, 195, 198, 39, 26, 241, 87, 81, 250, 171, 29, 31,
       53, 219, 44, 213, 125, 127, 180, 239, 127, 184, 126, 13, 127, 40,
       243, 119, 153, 48, 31, 218, 111, 106, 250, 240, 123, 63, 239, 255,
       37, 196, 208, 243, 198, 227, 47, 181, 96, 75, 247, 255, 251, 217,
       79, 105, 125, 138, 153, 93, 254, 36, 63, 27, 151, 189, 150, 186,
       124, 214, 111, 93, 37, 229, 247, 143, 215, 243, 39, 183, 241, 65,
       244, 191, 170, 219, 79, 237, 121, 110, 136, 88, 222, 164, 157, 10,
       150, 21, 151, 184, 108, 220, 46, 92, 165, 230, 223, 207, 218, 213,
       72, 140, 218, 247, 176, 238, 127, 183, 49, 139, 254, 17, 255, 115,
       0, 80, 183, 246, 125, 8, 56, 156, 81, 47, 239, 255, 54, 81, 224,
       224, 142, 11, 98, 75, 2, 190, 79, 128, 30, 224, 140, 6, 193, 135,
       236, 194, 35, 82, 238, 227, 175, 199, 76, 15, 138, 237, 176, 48,
       202, 155, 16, 63, 61, 74, 104, 173, 216, 103, 180, 110, 127, 183,
       33, 170, 254, 8, 255, 123, 0, 18, 146, 246, 108, 106, 120, 184,
       217, 46, 239, 239, 37, 17, 98, 242, 198, 43, 49, 162, 237, 255,
       150, 175, 105, 159, 119, 99, 242, 214, 243, 105, 152, 88, 125,
       206, 53, 156, 187, 252, 255, 183, 206, 239, 245, 192, 237, 200,
       240, 248, 195, 50, 167, 21, 107, 180, 185, 23, 171, 89, 112, 253,
       156, 190, 212, 255, 167, 125, 245, 149, 147, 94, 178, 192, 15,
       122, 122, 234, 207, 4, 163, 245, 10, 91, 111, 252, 122, 148, 191,
       115, 141, 140, 214, 231, 173, 143, 180, 64, 238, 249, 191, 207,
       192, 139, 38, 237, 242, 121, 170, 136, 22, 181, 165, 249, 166,
       211, 127, 250, 238, 193, 191, 252, 159, 26, 149, 251, 252, 223,
       252, 1, 255, 83, 151, 227, 226, 39, 10, 247, 118, 25, 239, 254,
       21, 191, 165, 211, 0, 0, 142, 185, 48, 138, 97, 5, 62, 13, 67, 49,
       165, 131, 130, 88, 192, 44, 47, 140, 26, 216, 67, 69, 196, 162,
       242, 193, 8, 0, 241, 138, 78, 178, 150, 179, 235, 233, 48, 67,
       191, 189, 133, 57, 140, 223, 98, 94, 167, 63, 235, 17, 18, 77,
       138, 208, 223, 210, 95, 127, 146, 68, 143, 131, 47, 61, 248, 67,
       246, 251, 251, 218, 123, 237, 125, 174, 25, 125, 215, 48, 63, 219,
       151, 156, 151, 242, 236, 232, 111, 29, 37, 229, 199, 223, 71, 245,
       22, 173, 128, 179, 219, 167, 18, 207, 22, 163, 200, 91, 228, 115,
       64, 9, 249, 223, 179, 176, 58, 218, 75, 190, 221, 134, 157, 119,
       176, 77, 152, 138, 133, 135, 197, 87, 214, 47, 239, 184, 118, 162,
       123, 198, 241, 96, 157, 229, 125, 238, 34, 239, 225, 240, 93, 110,
       44, 46, 231, 4, 109, 251, 208, 164, 47, 191, 96, 67, 247, 255,
       251, 217, 94, 237, 125, 230, 217, 125, 255, 164, 127, 154, 151,
       253, 147, 184, 109, 254, 111, 77, 175, 229, 255, 207, 213, 241,
       47, 126, 224, 1, 118, 191, 186, 218, 95, 233, 28, 239, 136, 204,
       215, 168, 191, 105, 214, 21, 135, 176, 252, 250, 78, 93, 175, 230,
       207, 223, 91, 213, 42, 199, 107, 137, 244, 218, 239, 87, 12, 69,
       88, 231, 177, 140, 182, 224, 94, 170, 151, 149, 215, 184, 100,
       207, 110, 45, 190, 193, 245, 158, 244, 248, 22, 247, 174, 191,
       248, 135, 111, 248, 190, 190, 195, 133, 245, 239, 59, 83, 253,
       239, 107, 238, 232, 211, 219, 127, 253, 162, 239, 180, 144, 243,
       37, 210, 50, 98, 113, 225, 100, 12, 248, 69, 105, 168, 178, 75,
       143, 136, 84, 26, 234, 157, 95, 17, 204, 186, 193, 192, 150, 216,
       154, 146, 101, 136, 115, 143, 82, 189, 190, 190, 171, 249, 52,
       239, 191, 151, 142, 177, 236, 254, 98, 74, 163, 115, 239, 17, 54,
       73, 138, 247, 251, 215, 95, 251, 132, 68, 175, 75, 45, 237, 122,
       103, 244, 79, 103, 181, 81, 170, 126, 8, 243, 121, 145, 48, 24,
       254, 6, 106, 232, 186, 121, 46, 111, 237, 37, 0, 103, 250, 210,
       168, 67, 32, 168, 158, 125, 240, 186, 70, 138, 93, 89, 179, 172,
       204, 127, 202, 201, 107, 179, 149, 134, 66, 238, 241, 23, 116,
       154, 171, 148, 77, 61, 222, 175, 253, 182, 154, 255, 189, 190,
       207, 223, 127, 152, 191, 236, 220, 127, 174, 255, 251, 255, 215,
       246, 103, 254, 247, 63, 83, 207, 255, 215, 95, 175, 215, 130, 189,
       182, 218, 249, 245, 190, 238, 159, 21, 221, 155, 236, 254, 110,
       68, 239, 123, 251, 193, 54, 75, 250, 247, 191, 115, 223, 251, 146,
       71, 173, 223, 14, 155, 51, 218, 242, 145, 59, 209, 191, 13, 93,
       229, 108, 215, 172, 244, 246, 59, 151, 214, 147, 131, 42, 247, 58,
       253, 170, 202, 150, 135, 165, 241, 130, 158, 135, 151, 151, 242,
       172, 167, 62, 95, 90, 247, 236, 42, 38, 207, 225, 103, 170, 129,
       55, 220, 3, 231, 12, 54, 222, 195, 140, 68, 189, 221, 145, 150,
       84, 95, 50, 171, 168, 51, 126, 35, 83, 244, 231, 32, 132, 192, 55,
       47, 46, 12, 177, 188, 69, 31, 140, 166, 122, 192, 124, 136, 1, 45,
       32, 141, 177, 219, 237, 233, 181, 207, 95, 23, 76, 50, 174, 185,
       96, 104, 201, 59, 163, 17, 18, 56, 98, 179, 79, 86, 26, 123, 146,
       88, 149, 235, 6, 174, 182, 155, 253, 233, 188, 239, 159, 183, 91,
       179, 236, 236, 126, 77, 239, 123, 235, 145, 54, 249, 75, 247, 45,
       22, 95, 111, 148, 76, 181, 222, 83, 188, 16, 216, 187, 241, 16,
       238, 191, 51, 140, 56, 172, 242, 102, 245, 195, 155, 222, 144, 63,
       75, 90, 247, 187, 214, 159, 127, 154, 68, 171, 14, 49, 164, 106,
       73, 84, 219, 226, 107, 86, 225, 253, 10, 18, 200, 182, 32, 120,
       168, 2, 57, 159, 186, 116, 159, 63, 12, 129, 101, 117, 138, 250,
       164, 33, 154, 99, 73, 116, 159, 235, 112, 127, 73, 112, 230, 48,
       76, 180, 180, 58, 40, 22, 92, 163, 184, 100, 223, 12, 30, 176,
       196, 95, 140, 82, 253, 122, 79, 182, 190, 253, 157, 214, 103, 173,
