%YAML:1.0
---
descriptors: !!opencv-matrix
   rows: 106
   cols: 32
   dt: u
   data: [ 8, 130, 154, 249, 66, 193, 49, 71, 30, 21, 100, 51, 165, 151,
       96, 73, 231, 27, 163, 144, 18, 220, 2, 145, 205, 199, 250, 97,
       144, 8, 165, 202, 57, 4, 111, 237, 54, 3, 233, 121, 84, 224, 246,
       162, 83, 9, 176, 96, 122, 172, 26, 172, 185, 191, 101, 142, 250,
       175, 163, 68, 61, 168, 112, 40, 168, 207, 52, 155, 127, 217, 151,
       237, 159, 21, 84, 35, 174, 220, 46, 101, 202, 59, 139, 65, 102,
       41, 106, 189, 111, 80, 26, 59, 22, 14, 157, 207, 56, 205, 124,
       238, 159, 73, 87, 190, 135, 54, 172, 10, 51, 49, 43, 66, 73, 210,
       7, 106, 74, 43, 90, 63, 243, 229, 68, 57, 115, 219, 204, 42, 91,
       141, 7, 188, 153, 246, 78, 231, 173, 65, 202, 11, 47, 242, 34,
       240, 225, 163, 189, 133, 62, 11, 18, 255, 185, 247, 138, 91, 18,
       68, 168, 78, 107, 50, 120, 224, 42, 28, 216, 82, 233, 89, 180,
       253, 30, 31, 214, 62, 134, 149, 213, 21, 143, 39, 132, 192, 210,
       217, 56, 186, 79, 132, 11, 95, 7, 76, 35, 139, 85, 247, 235, 194,
       31, 77, 94, 2, 172, 222, 51, 100, 249, 40, 19, 157, 135, 150, 37,
       255, 173, 30, 154, 192, 150, 15, 53, 236, 244, 123, 250, 101, 164,
       11, 231, 245, 80, 166, 246, 42, 115, 249, 145, 35, 58, 244, 108,
       106, 200, 241, 253, 40, 243, 233, 101, 49, 101, 250, 214, 43, 67,
       18, 209, 205, 110, 24, 232, 80, 235, 216, 242, 230, 159, 136, 212,
       238, 110, 133, 126, 141, 197, 115, 230, 192, 150, 57, 234, 136,
       109, 168, 107, 157, 82, 249, 187, 178, 185, 204, 20, 135, 175,
       125, 138, 25, 172, 190, 66, 90, 161, 87, 249, 17, 18, 75, 186,
       241, 185, 213, 30, 123, 128, 84, 167, 91, 22, 162, 78, 177, 106,
       139, 233, 88, 62, 53, 215, 247, 137, 135, 218, 73, 111, 141, 239,
       156, 146, 90, 207, 209, 220, 65, 187, 228, 165, 140, 37, 209, 47,
       175, 228, 83, 237, 61, 236, 175, 219, 123, 60, 95, 104, 40, 222,
       175, 205, 202, 178, 29, 183, 120, 79, 241, 46, 94, 213, 103, 207,
       93, 216, 141, 126, 176, 229, 218, 141, 113, 148, 204, 27, 119,
       145, 155, 104, 236, 94, 175, 217, 195, 249, 53, 55, 103, 255, 245,
       27, 26, 221, 127, 151, 93, 212, 118, 139, 86, 239, 223, 38, 82,
       173, 52, 20, 206, 94, 230, 249, 117, 187, 231, 86, 118, 181, 207,
       225, 212, 103, 171, 102, 107, 254, 128, 46, 254, 60, 121, 169,
       215, 104, 127, 53, 223, 223, 245, 89, 78, 85, 245, 251, 125, 154,
       165, 30, 34, 149, 111, 245, 180, 124, 191, 103, 95, 228, 145, 94,
       190, 222, 247, 138, 177, 248, 241, 230, 237, 253, 83, 63, 253,
       124, 159, 157, 159, 86, 40, 175, 27, 215, 157, 146, 122, 178, 208,
       79, 221, 191, 237, 199, 196, 199, 243, 78, 159, 254, 242, 231,
       252, 123, 144, 169, 93, 63, 165, 108, 255, 223, 254, 231, 243,
       189, 87, 151, 16, 186, 225, 95, 125, 174, 195, 134, 215, 207, 87,
       114, 75, 2, 190, 109, 132, 30, 228, 139, 14, 192, 175, 238, 226,
       35, 210, 198, 227, 175, 199, 78, 11, 138, 249, 176, 48, 206, 155,
       16, 63, 41, 75, 124, 120, 242, 102, 169, 93, 86, 64, 235, 174,
       188, 9, 42, 219, 103, 158, 140, 249, 197, 82, 76, 39, 250, 232,
       179, 221, 5, 59, 83, 63, 206, 7, 118, 161, 48, 168, 61, 127, 210,
       232, 79, 41, 189, 9, 206, 216, 62, 132, 216, 217, 223, 115, 30,
       35, 90, 149, 155, 220, 1, 127, 210, 15, 94, 6, 49, 77, 42, 238,
       180, 167, 239, 254, 84, 75, 222, 70, 81, 183, 179, 96, 125, 234,
       23, 174, 169, 155, 61, 63, 241, 174, 186, 128, 181, 251, 240, 233,
       143, 90, 96, 153, 250, 185, 186, 216, 31, 116, 84, 231, 12, 206,
       247, 76, 111, 153, 151, 215, 134, 52, 46, 243, 62, 89, 47, 239,
       191, 157, 13, 213, 120, 197, 252, 76, 157, 75, 87, 239, 199, 55,
       172, 40, 66, 119, 44, 86, 89, 210, 142, 104, 122, 43, 104, 31,
       123, 239, 20, 127, 115, 90, 196, 42, 121, 201, 65, 78, 149, 214,
       78, 189, 71, 64, 204, 2, 49, 54, 17, 244, 88, 234, 24, 200, 223,
       139, 117, 61, 171, 237, 142, 24, 55, 146, 242, 44, 11, 94, 115,
       222, 84, 212, 239, 246, 253, 74, 122, 70, 57, 231, 181, 244, 110,
       234, 18, 206, 193, 155, 52, 239, 51, 254, 146, 8, 19, 210, 101,
       253, 120, 141, 94, 108, 147, 198, 94, 119, 160, 132, 238, 129, 59,
       175, 34, 209, 110, 247, 237, 236, 88, 187, 144, 13, 243, 233, 100,
       1, 107, 224, 234, 26, 195, 114, 120, 160, 108, 172, 248, 86, 233,
       89, 181, 253, 156, 31, 214, 26, 174, 129, 223, 213, 135, 39, 128,
       192, 214, 89, 58, 186, 78, 133, 139, 157, 3, 34, 76, 161, 108,
       137, 249, 83, 175, 189, 180, 239, 141, 139, 214, 10, 174, 129, 95,
       157, 130, 47, 198, 208, 196, 89, 186, 236, 12, 140, 11, 217, 73,
       90, 190, 124, 40, 100, 121, 16, 233, 90, 54, 37, 255, 191, 147,
       122, 134, 117, 125, 77, 132, 69, 179, 64, 195, 255, 114, 129, 128,
       241, 109, 91, 220, 24, 187, 180, 130, 68, 61, 16, 179, 206, 199,
       147, 93, 183, 99, 90, 230, 253, 189, 211, 72, 215, 178, 224, 211,
       231, 255, 129, 160, 241, 37, 90, 82, 249, 186, 178, 155, 197, 49,
       198, 175, 21, 140, 9, 172, 254, 66, 82, 163, 243, 249, 209, 66,
       75, 186, 241, 249, 213, 30, 123, 128, 6, 167, 123, 65, 34, 199,
       93, 108, 27, 232, 81, 102, 249, 242, 230, 147, 136, 213, 234, 110,
       140, 126, 141, 141, 246, 231, 192, 22, 105, 243, 128, 109, 168,
       120, 157, 66, 162, 108, 177, 106, 139, 105, 90, 38, 53, 214, 231,
       137, 135, 210, 73, 110, 141, 239, 156, 130, 82, 199, 209, 220, 65,
       251, 228, 173, 132, 37, 241, 107, 235, 228, 18, 237, 153, 184,
       143, 203, 181, 188, 143, 168, 168, 86, 142, 137, 71, 235, 21, 150,
       105, 238, 241, 30, 90, 223, 127, 199, 92, 217, 206, 144, 158, 14,
       187, 140, 131, 28, 142, 158, 55, 130, 23, 215, 234, 34, 73, 193,
       103, 109, 135, 62, 205, 91, 55, 200, 195, 255, 145, 156, 88, 189,
       82, 171, 86, 238, 221, 37, 118, 95, 188, 145, 206, 222, 231, 251,
       125, 191, 229, 222, 118, 181, 239, 237, 196, 117, 175, 227, 255,
       236, 147, 63, 252, 92, 127, 56, 121, 82, 126, 95, 205, 214, 228,
       233, 132, 248, 10, 42, 217, 37, 148, 236, 249, 198, 66, 72, 171,
       146, 236, 51, 220, 4, 11, 99, 59, 110, 143, 114, 203, 2, 188, 109,
       192, 94, 230, 137, 4, 224, 171, 46, 195, 35, 208, 202, 225, 143,
       199, 78, 11, 194, 253, 176, 116, 142, 59, 16, 63, 44, 74, 50, 137,
       119, 78, 93, 199, 215, 105, 205, 4, 249, 2, 106, 220, 60, 36, 216,
       184, 19, 98, 74, 171, 58, 253, 51, 24, 130, 26, 87, 14, 118, 238,
       74, 145, 188, 159, 171, 84, 61, 191, 142, 95, 7, 53, 204, 255,
       110, 231, 199, 23, 251, 1, 212, 73, 187, 241, 111, 115, 94, 215,
       146, 36, 173, 127, 60, 233, 120, 104, 93, 223, 83, 216, 71, 36,
       252, 10, 19, 221, 51, 20, 88, 248, 135, 250, 10, 50, 120, 189,
       127, 221, 129, 121, 247, 187, 86, 226, 143, 126, 228, 153, 238,
       179, 188, 215, 31, 246, 92, 247, 12, 142, 247, 15, 111, 169, 151,
       149, 229, 125, 38, 216, 62, 89, 239, 171, 191, 252, 29, 221, 57,
       207, 107, 199, 182, 18, 207, 252, 68, 32, 254, 226, 113, 41, 184,
       224, 126, 206, 23, 238, 217, 186, 109, 191, 122, 237, 165, 196,
       111, 154, 240, 168, 0, 12, 170, 203, 84, 231, 179, 71, 94, 71, 76,
       18, 180, 220, 51, 96, 217, 58, 19, 17, 34, 188, 113, 255, 101, 15,
       154, 0, 148, 90, 245, 234, 10, 178, 178, 145, 111, 209, 184, 67,
       143, 189, 85, 51, 140, 158, 102, 143, 167, 57, 183, 145, 22, 88,
       162, 209, 31, 81, 27, 235, 150, 4, 45, 215, 57, 83, 107, 229, 118,
       22, 91, 80, 65, 76, 255, 230, 27, 29, 191, 32, 126, 157, 23, 239,
       201, 178, 101, 204, 210, 233, 160, 128, 111, 174, 116, 113, 57,
       221, 106, 140, 86, 211, 207, 247, 5, 76, 252, 166, 59, 12, 182,
       96, 126, 170, 151, 233, 219, 186, 52, 189, 112, 45, 166, 193, 127,
       158, 252, 249, 2, 138, 190, 187, 155, 233, 176, 7, 159, 21, 2, 19,
       172, 191, 96, 73, 225, 51, 171, 17, 18, 201, 3, 245, 207, 83, 90,
