%YAML:1.0
---
descriptors: !!opencv-matrix
   rows: 96
   cols: 32
   dt: u
   data: [ 159, 247, 239, 231, 246, 26, 255, 253, 61, 234, 246, 231, 253,
       239, 189, 98, 255, 255, 255, 239, 225, 244, 109, 238, 246, 255,
       175, 132, 47, 254, 209, 249, 30, 124, 251, 229, 118, 251, 255,
       114, 125, 238, 126, 230, 93, 237, 181, 96, 255, 253, 159, 239,
       161, 177, 36, 238, 246, 95, 175, 128, 47, 255, 81, 241, 10, 184,
       188, 218, 249, 237, 49, 207, 191, 29, 100, 25, 172, 215, 98, 28,
       193, 59, 227, 16, 50, 94, 218, 247, 95, 215, 26, 107, 210, 0, 135,
       235, 59, 119, 99, 205, 118, 147, 234, 88, 55, 225, 126, 230, 121,
       143, 180, 244, 126, 188, 151, 252, 139, 146, 37, 222, 54, 108,
       170, 128, 111, 135, 120, 253, 127, 102, 204, 167, 26, 26, 90, 128,
       51, 164, 135, 143, 71, 104, 91, 19, 21, 205, 253, 231, 172, 214,
       205, 168, 254, 227, 237, 181, 166, 247, 26, 66, 70, 250, 254, 182,
       242, 160, 48, 184, 186, 221, 87, 229, 124, 239, 203, 82, 183, 123,
       165, 87, 166, 208, 142, 101, 222, 35, 127, 199, 140, 243, 47, 91,
       131, 207, 47, 154, 238, 129, 191, 237, 143, 92, 17, 183, 252, 206,
       190, 65, 198, 35, 31, 239, 247, 15, 46, 253, 56, 24, 175, 232, 28,
       142, 185, 221, 169, 101, 113, 69, 228, 79, 231, 188, 81, 238, 118,
       88, 219, 49, 213, 53, 24, 220, 86, 106, 233, 246, 233, 138, 103,
       217, 37, 52, 99, 250, 214, 225, 153, 145, 63, 237, 23, 198, 85,
       119, 84, 77, 214, 118, 48, 29, 178, 97, 248, 174, 63, 141, 249,
       187, 49, 157, 243, 235, 242, 130, 57, 8, 240, 123, 110, 197, 165,
       168, 253, 97, 70, 143, 15, 91, 152, 35, 212, 255, 249, 74, 217,
       66, 63, 187, 26, 2, 75, 179, 255, 255, 239, 255, 150, 120, 176,
       115, 156, 50, 231, 197, 197, 82, 224, 73, 119, 181, 247, 178, 73,
       166, 237, 238, 120, 220, 162, 144, 13, 246, 191, 192, 31, 201,
       215, 7, 227, 234, 116, 244, 208, 223, 126, 245, 10, 90, 28, 53,
       180, 166, 134, 241, 247, 110, 2, 99, 134, 245, 237, 97, 236, 205,
       199, 14, 227, 227, 111, 145, 36, 176, 141, 27, 138, 115, 111, 237,
       106, 27, 189, 84, 45, 108, 214, 231, 237, 143, 151, 193, 110, 189,
       255, 231, 192, 147, 229, 200, 246, 121, 170, 128, 39, 150, 37,
       253, 151, 205, 111, 94, 142, 87, 143, 252, 214, 246, 181, 150, 67,
       108, 191, 107, 127, 192, 124, 239, 237, 101, 63, 188, 179, 235,
       199, 28, 85, 251, 245, 116, 11, 57, 110, 233, 124, 159, 250, 83,
       109, 104, 254, 230, 153, 156, 182, 100, 238, 175, 127, 221, 215,
       187, 247, 213, 118, 125, 170, 192, 95, 142, 249, 221, 126, 253,
       233, 230, 207, 101, 215, 152, 19, 255, 157, 15, 94, 253, 91, 106,
       221, 215, 189, 243, 152, 99, 249, 226, 123, 93, 141, 191, 229,
       123, 212, 115, 131, 91, 110, 159, 106, 128, 237, 148, 188, 28, 86,
       231, 189, 194, 183, 73, 102, 107, 63, 207, 230, 216, 70, 233, 100,
       43, 254, 128, 44, 149, 49, 217, 137, 217, 115, 91, 116, 217, 239,
       252, 95, 81, 114, 244, 249, 220, 188, 228, 223, 26, 22, 74, 227,
       184, 63, 247, 36, 222, 54, 196, 94, 154, 225, 189, 254, 124, 18,
       186, 59, 209, 26, 232, 159, 140, 240, 169, 108, 222, 111, 212,
       223, 249, 239, 227, 78, 3, 202, 255, 187, 208, 143, 187, 18, 55,
       47, 86, 11, 156, 202, 187, 245, 188, 250, 19, 191, 75, 95, 149,
       172, 254, 54, 204, 231, 43, 191, 149, 183, 152, 18, 255, 78, 127,
       154, 195, 142, 68, 169, 222, 206, 164, 133, 154, 139, 193, 15,
       172, 186, 55, 129, 184, 236, 246, 72, 215, 209, 211, 233, 146,
       114, 79, 203, 243, 185, 18, 223, 255, 146, 71, 135, 58, 113, 204,
       229, 87, 31, 14, 231, 184, 116, 250, 178, 90, 243, 113, 24, 111,
       121, 230, 124, 110, 169, 253, 125, 45, 173, 170, 197, 84, 99, 169,
       80, 104, 189, 223, 239, 255, 252, 38, 239, 248, 119, 200, 255,
       230, 83, 237, 185, 97, 127, 222, 126, 238, 251, 243, 239, 191,
       254, 239, 231, 204, 61, 251, 114, 241, 92, 190, 255, 245, 58, 91,
       115, 250, 55, 234, 246, 42, 95, 247, 129, 121, 55, 253, 253, 32,
       40, 253, 171, 206, 219, 231, 117, 151, 231, 161, 39, 99, 11, 189,
       114, 155, 253, 151, 184, 127, 159, 77, 125, 183, 172, 254, 54,
       132, 255, 59, 183, 145, 246, 187, 10, 255, 63, 94, 159, 195, 87,
       12, 233, 223, 124, 98, 236, 165, 8, 74, 95, 152, 51, 236, 151,
       143, 67, 111, 91, 18, 88, 196, 253, 255, 76, 82, 237, 8, 250, 195,
       237, 181, 164, 247, 30, 66, 182, 247, 174, 118, 188, 119, 223,
       248, 154, 254, 188, 143, 113, 236, 127, 35, 157, 115, 213, 231,
       172, 231, 62, 47, 123, 79, 237, 189, 197, 127, 126, 211, 88, 180,
       158, 178, 171, 248, 20, 229, 171, 191, 167, 57, 14, 215, 74, 218,
       167, 247, 237, 144, 62, 79, 138, 103, 219, 215, 126, 123, 162, 66,
       175, 27, 188, 51, 231, 212, 77, 86, 177, 89, 215, 220, 247, 178,
       72, 220, 231, 239, 252, 252, 174, 242, 157, 247, 183, 192, 31,
       208, 199, 15, 195, 45, 116, 247, 53, 148, 142, 189, 188, 166, 154,
       249, 158, 75, 223, 23, 215, 252, 58, 104, 215, 109, 125, 53, 149,
       197, 57, 14, 203, 175, 251, 212, 140, 42, 249, 211, 93, 95, 205,
       167, 172, 26, 78, 188, 32, 242, 154, 237, 247, 111, 155, 243, 22,
       198, 124, 103, 205, 208, 253, 44, 250, 227, 237, 148, 44, 251,
       154, 88, 173, 237, 149, 211, 181, 189, 198, 239, 95, 179, 169, 88,
       234, 121, 125, 173, 153, 122, 2, 122, 115, 109, 58, 191, 43, 222,
       85, 126, 210, 251, 208, 172, 143, 140, 172, 179, 133, 62, 237,
       175, 30, 255, 6, 21, 204, 46, 90, 75, 197, 71, 51, 29, 182, 220,
       123, 162, 237, 95, 223, 68, 144, 125, 153, 90, 245, 92, 229, 85,
       13, 110, 69, 186, 245, 254, 182, 24, 243, 113, 157, 111, 73, 198,
       124, 42, 169, 245, 255, 44, 141, 234, 117, 16, 103, 121, 84, 98,
       221, 213, 156, 182, 172, 54, 158, 168, 188, 186, 153, 84, 223,
       122, 137, 235, 151, 71, 124, 103, 245, 69, 27, 46, 184, 219, 111,
       150, 152, 115, 169, 5, 47, 223, 55, 202, 255, 215, 191, 252, 207,
       104, 185, 110, 120, 252, 188, 164, 255, 243, 215, 239, 209, 35,
       120, 255, 63, 28, 175, 254, 95, 63, 245, 245, 70, 235, 38, 158,
       29, 149, 158, 232, 159, 148, 153, 139, 236, 206, 127, 196, 213,
       107, 235, 215, 70, 67, 138, 255, 185, 20, 143, 191, 22, 63, 29,
       198, 119, 113, 34, 142, 93, 31, 178, 104, 223, 228, 153, 15, 78,
       200, 62, 132, 252, 233, 251, 103, 196, 35, 222, 223, 176, 52, 11,
       63, 95, 47, 57, 198, 125, 213, 185, 230, 172, 104, 87, 141, 82,
       250, 159, 40, 87, 113, 73, 122, 209, 198, 125, 50, 89, 102, 251,
       34, 251, 207, 229, 189, 168, 123, 208, 115, 47, 177, 152, 234,
       253, 117, 250, 220, 75, 249, 61, 46, 28, 250, 111, 36, 221, 75,
       151, 222, 151, 98, 218, 240, 126, 217, 175, 239, 154, 127, 235,
       151, 57, 48, 245, 125, 124, 95, 105, 123, 119, 168, 242, 66, 243,
       117, 148, 245, 123, 252, 110, 40, 169, 254, 253, 29, 31, 239, 119,
       4, 231, 168, 98, 168, 82, 98, 247, 253, 58, 2, 121, 126, 55, 165,
       210, 227, 111, 239, 129, 89, 127, 247, 111, 164, 168, 219, 203,
       220, 218, 230, 255, 148, 165, 176, 36, 105, 61, 81, 96, 105, 37,
       31, 66, 88, 69, 236, 245, 12, 91, 9, 31, 180, 216, 140, 132, 110,
       141, 178, 113, 152, 199, 253, 33, 52, 123, 175, 90, 210, 157, 239,
       207, 119, 180, 59, 111, 255, 118, 230, 110, 212, 243, 97, 187,
       228, 115, 110, 6, 46, 249, 240, 109, 47, 238, 207, 39, 4, 190,
       250, 248, 168, 10, 29, 123, 255, 118, 242, 255, 119, 61, 77, 254,
       162, 61, 255, 182, 96, 254, 191, 183, 137, 160, 154, 34, 207, 119,
       255, 186, 128, 55, 194, 101, 251, 42, 159, 122, 159, 125, 191,
       190, 119, 31, 77, 125, 39, 172, 254, 182, 64, 255, 59, 151, 129,
       214, 186, 10, 255, 118, 127, 186, 163, 23, 78, 253, 223, 54, 183,
       174, 182, 172, 103, 223, 249, 146, 254, 157, 45, 215, 252, 115, 3,
       157, 245, 125, 231, 236, 99, 42, 46, 251, 195, 239, 189, 197, 123,
