%YAML:1.0
---
descriptors: !!opencv-matrix
   rows: 95
   cols: 32
   dt: u
   data: [ 138, 120, 226, 158, 103, 244, 188, 70, 184, 78, 84, 179, 44,
       238, 119, 13, 254, 127, 179, 133, 165, 254, 166, 224, 22, 123,
       250, 139, 135, 124, 59, 223, 246, 213, 229, 66, 147, 82, 158, 189,
       19, 119, 159, 191, 72, 124, 30, 244, 255, 151, 189, 179, 253, 67,
       125, 214, 59, 126, 143, 215, 175, 102, 190, 87, 246, 55, 229, 195,
       151, 114, 223, 57, 17, 230, 159, 183, 75, 108, 223, 236, 95, 213,
       189, 183, 189, 243, 125, 238, 27, 94, 141, 215, 231, 239, 212, 87,
       171, 20, 100, 223, 111, 215, 252, 121, 95, 78, 117, 182, 104, 124,
       190, 173, 127, 187, 151, 175, 255, 180, 127, 255, 87, 91, 218,
       131, 119, 252, 252, 245, 107, 126, 120, 240, 125, 189, 88, 87,
       235, 238, 180, 173, 175, 159, 214, 60, 143, 181, 255, 21, 238,
       111, 230, 214, 219, 221, 61, 251, 70, 132, 207, 95, 166, 12, 50,
       156, 77, 199, 190, 96, 157, 130, 209, 19, 76, 246, 37, 77, 248,
       249, 163, 226, 96, 247, 26, 250, 21, 54, 203, 139, 23, 125, 53,
       198, 215, 86, 102, 197, 103, 126, 254, 120, 125, 254, 215, 183,
       72, 44, 159, 239, 183, 229, 255, 167, 228, 213, 189, 202, 31, 122,
       207, 135, 39, 229, 125, 87, 111, 114, 224, 72, 111, 113, 251, 216,
       75, 126, 189, 239, 72, 76, 223, 188, 31, 200, 247, 239, 159, 102,
       238, 211, 22, 93, 225, 239, 119, 191, 126, 213, 71, 96, 226, 210,
       99, 29, 191, 200, 107, 255, 117, 155, 72, 238, 222, 62, 191, 221,
       247, 167, 196, 118, 174, 194, 23, 30, 203, 175, 199, 247, 67, 215,
       111, 94, 212, 68, 109, 27, 71, 186, 99, 236, 190, 108, 74, 19,
       135, 254, 70, 196, 236, 110, 205, 49, 229, 232, 62, 122, 101, 151,
       106, 181, 90, 69, 46, 187, 144, 57, 171, 249, 145, 159, 139, 93,
       60, 101, 174, 246, 238, 206, 133, 107, 238, 17, 151, 9, 226, 241,
       12, 86, 61, 251, 218, 78, 143, 215, 127, 91, 236, 76, 255, 85, 94,
       188, 75, 126, 180, 239, 74, 108, 151, 182, 78, 196, 245, 230, 205,
       102, 239, 242, 62, 125, 197, 191, 255, 191, 94, 87, 10, 63, 162,
       181, 245, 248, 252, 199, 63, 79, 94, 183, 172, 46, 87, 204, 235,
       107, 183, 149, 54, 248, 97, 227, 175, 119, 158, 131, 135, 76, 189,
       223, 46, 189, 100, 154, 223, 241, 150, 235, 159, 214, 157, 143,
       104, 252, 127, 8, 253, 251, 147, 131, 54, 107, 126, 255, 63, 22,
       205, 187, 213, 127, 30, 214, 14, 112, 162, 195, 149, 243, 179,
       194, 31, 195, 223, 18, 200, 222, 111, 108, 249, 56, 179, 144, 18,
       182, 56, 210, 29, 22, 159, 71, 151, 79, 53, 182, 11, 182, 252, 81,
       162, 122, 189, 31, 59, 127, 23, 245, 140, 46, 222, 175, 39, 31,
       247, 5, 183, 220, 237, 211, 14, 91, 122, 231, 175, 196, 135, 221,
       231, 6, 231, 209, 198, 34, 233, 83, 57, 235, 83, 215, 89, 47, 190,
       72, 127, 141, 55, 191, 177, 246, 13, 198, 94, 46, 255, 196, 173,
       228, 243, 241, 181, 38, 74, 222, 228, 162, 110, 112, 20, 194, 243,
       242, 81, 227, 176, 104, 127, 236, 23, 174, 185, 183, 4, 202, 28,
       238, 235, 200, 189, 235, 112, 129, 156, 174, 142, 159, 207, 235,
       231, 239, 190, 254, 255, 86, 212, 226, 42, 193, 121, 238, 106,
       186, 113, 247, 223, 127, 253, 39, 239, 69, 169, 123, 173, 144,
       190, 93, 114, 238, 21, 118, 87, 112, 81, 206, 253, 39, 107, 125,
       55, 213, 220, 240, 149, 98, 237, 163, 120, 174, 243, 255, 192,
       147, 127, 255, 124, 83, 9, 162, 126, 249, 110, 139, 233, 83, 239,
       113, 246, 230, 223, 139, 178, 96, 110, 141, 127, 141, 131, 251,
       103, 209, 214, 249, 187, 208, 109, 136, 113, 233, 180, 183, 143,
       158, 221, 239, 231, 232, 159, 190, 249, 15, 102, 226, 98, 194,
       249, 238, 238, 162, 105, 99, 219, 255, 189, 166, 207, 63, 89, 123,
       126, 130, 138, 58, 226, 159, 103, 242, 190, 71, 31, 79, 80, 247,
       44, 254, 191, 200, 255, 123, 151, 133, 166, 158, 166, 234, 22,
       126, 186, 139, 151, 76, 53, 223, 11, 252, 178, 159, 116, 183, 190,
       247, 31, 75, 92, 230, 236, 238, 178, 64, 255, 107, 151, 133, 199,
       188, 40, 255, 38, 118, 170, 138, 23, 222, 57, 221, 253, 213, 120,
       231, 228, 90, 127, 188, 121, 236, 127, 164, 223, 63, 154, 243,
       126, 221, 189, 110, 201, 240, 237, 236, 238, 251, 230, 133, 110,
       183, 206, 121, 46, 148, 48, 155, 125, 215, 186, 232, 31, 109, 93,
       35, 236, 220, 62, 228, 255, 57, 147, 211, 134, 178, 122, 247, 47,
       95, 139, 239, 87, 15, 61, 215, 47, 117, 114, 69, 109, 95, 255,
       248, 73, 238, 252, 42, 74, 92, 159, 180, 254, 204, 214, 106, 205,
       50, 117, 202, 55, 93, 5, 167, 103, 255, 94, 245, 14, 252, 50, 154,
       123, 149, 186, 194, 159, 93, 92, 183, 172, 222, 118, 132, 207, 59,
       151, 149, 150, 47, 58, 247, 31, 95, 27, 235, 214, 13, 47, 215, 10,
       188, 178, 209, 247, 215, 188, 231, 63, 127, 94, 51, 172, 190, 102,
       196, 239, 59, 191, 145, 182, 248, 51, 247, 47, 87, 158, 195, 151,
       76, 173, 223, 21, 46, 203, 240, 246, 162, 235, 83, 84, 130, 219,
       230, 89, 234, 176, 104, 123, 236, 23, 158, 153, 179, 12, 194, 216,
       174, 171, 204, 173, 235, 240, 129, 55, 38, 235, 193, 230, 34, 234,
       83, 62, 235, 91, 231, 93, 235, 244, 104, 127, 173, 55, 189, 145,
       178, 164, 194, 28, 15, 175, 196, 173, 230, 243, 241, 3, 179, 235,
       193, 226, 58, 191, 215, 63, 101, 94, 231, 29, 190, 214, 36, 183,
       95, 183, 149, 151, 152, 165, 225, 30, 31, 190, 198, 175, 197, 135,
       253, 103, 91, 226, 4, 230, 217, 190, 246, 73, 236, 124, 239, 8,
       172, 247, 180, 110, 253, 183, 229, 197, 58, 164, 232, 54, 124,
       173, 175, 111, 188, 94, 221, 46, 120, 227, 192, 103, 249, 254,
       194, 27, 226, 92, 139, 12, 204, 119, 172, 191, 249, 151, 215, 133,
       54, 188, 226, 23, 92, 143, 175, 199, 255, 127, 214, 75, 187, 240,
       8, 123, 216, 49, 87, 43, 205, 124, 239, 44, 142, 230, 180, 166,
       57, 166, 21, 151, 24, 166, 209, 62, 84, 45, 239, 254, 132, 15,
       223, 127, 122, 242, 68, 99, 218, 190, 210, 105, 236, 126, 239, 8,
       174, 247, 180, 182, 253, 182, 196, 133, 50, 164, 192, 22, 125, 5,
       163, 239, 247, 78, 213, 23, 170, 235, 225, 214, 163, 186, 83, 123,
       225, 89, 226, 25, 238, 245, 40, 127, 173, 23, 159, 147, 178, 140,
       192, 94, 13, 175, 236, 165, 239, 115, 225, 11, 27, 226, 133, 227,
       250, 189, 215, 175, 205, 94, 167, 12, 174, 246, 236, 38, 127, 183,
       149, 151, 152, 54, 192, 46, 94, 31, 195, 175, 244, 141, 223, 87,
       88, 226, 196, 103, 118, 252, 66, 109, 230, 94, 167, 8, 190, 247,
       108, 247, 253, 183, 135, 132, 146, 180, 192, 23, 126, 203, 135,
       167, 245, 61, 215, 21, 172, 203, 235, 214, 163, 235, 83, 54, 1,
       219, 2, 81, 195, 184, 64, 121, 170, 6, 156, 27, 179, 12, 211, 252,
       143, 171, 68, 181, 203, 240, 160, 38, 88, 146, 156, 69, 230, 190,
       98, 31, 134, 80, 3, 172, 246, 37, 204, 249, 121, 163, 194, 64,
       190, 146, 234, 21, 54, 223, 11, 149, 125, 53, 134, 0, 136, 2, 185,
       85, 131, 162, 67, 86, 1, 122, 130, 33, 202, 32, 192, 248, 43, 2,
       144, 22, 190, 4, 255, 20, 36, 154, 65, 21, 10, 113, 136, 2, 40, 2,
       157, 85, 195, 162, 66, 30, 4, 80, 2, 164, 194, 32, 192, 248, 59,
       130, 64, 2, 158, 2, 255, 5, 52, 154, 11, 16, 10, 53, 170, 115, 64,
       199, 236, 108, 88, 237, 112, 169, 242, 246, 234, 91, 142, 213,
       127, 110, 213, 126, 202, 201, 119, 231, 192, 150, 250, 234, 152,
       39, 248, 114, 181, 58, 32, 118, 161, 111, 91, 248, 64, 47, 108,
       242, 11, 142, 158, 6, 194, 234, 157, 255, 129, 4, 179, 225, 208,
       151, 248, 138, 19, 87, 12, 119, 198, 13, 38, 228, 1, 245, 58, 233,
       26, 116, 228, 86, 181, 141, 100, 211, 174, 55, 76, 238, 188, 181,
       240, 229, 138, 206, 87, 35, 197, 174, 229, 127, 245, 182, 22, 236,
       198, 87, 63, 219, 216, 19, 238, 159, 175, 90, 125, 159, 45, 125,
       212, 247, 231, 168, 227, 125, 234, 83, 30, 233, 150, 239, 255, 86,
       119, 175, 124, 24, 170, 127, 53, 158, 216, 143, 250, 157, 47, 76,
