%YAML:1.0
---
descriptors: !!opencv-matrix
   rows: 311
   cols: 32
   dt: u
   data: [ 79, 82, 231, 85, 98, 56, 249, 80, 111, 247, 55, 255, 73, 143,
       222, 127, 55, 213, 255, 183, 133, 117, 175, 192, 94, 91, 123, 230,
       239, 165, 133, 117, 207, 224, 226, 208, 239, 29, 188, 200, 123,
       243, 49, 155, 76, 252, 94, 191, 191, 221, 247, 231, 212, 119, 174,
       226, 30, 90, 207, 239, 199, 117, 235, 199, 6, 96, 162, 147, 197,
       243, 178, 193, 31, 167, 83, 19, 140, 206, 127, 204, 249, 45, 162,
       147, 22, 246, 169, 194, 29, 22, 159, 71, 133, 79, 189, 198, 7,
       162, 250, 219, 110, 24, 187, 216, 27, 115, 113, 255, 92, 142, 252,
       42, 63, 93, 55, 159, 215, 116, 174, 194, 94, 62, 255, 238, 173,
       239, 83, 213, 60, 245, 122, 100, 53, 95, 86, 249, 97, 236, 254, 8,
       91, 31, 2, 144, 156, 220, 213, 106, 200, 178, 113, 14, 251, 221,
       37, 21, 99, 186, 206, 115, 135, 226, 233, 139, 110, 17, 249, 217,
       27, 123, 85, 255, 29, 206, 254, 40, 127, 217, 55, 159, 147, 118,
       174, 194, 30, 76, 255, 236, 149, 231, 179, 229, 230, 40, 226, 212,
       231, 20, 190, 192, 59, 178, 115, 155, 72, 254, 213, 159, 191, 253,
       183, 243, 240, 87, 172, 192, 23, 26, 207, 239, 135, 245, 123, 151,
       215, 88, 110, 212, 103, 86, 254, 112, 189, 246, 22, 183, 73, 174,
       247, 107, 55, 245, 255, 167, 164, 213, 181, 202, 30, 122, 207,
       135, 167, 165, 61, 87, 149, 200, 61, 127, 44, 91, 197, 232, 236,
       122, 178, 16, 243, 92, 157, 43, 168, 80, 124, 106, 105, 229, 107,
       61, 161, 203, 103, 20, 112, 57, 69, 33, 156, 178, 156, 200, 139,
       117, 19, 216, 151, 29, 165, 52, 206, 211, 234, 95, 51, 201, 238,
       250, 31, 71, 251, 113, 155, 209, 67, 127, 186, 1, 45, 87, 175,
       187, 224, 90, 239, 217, 184, 208, 223, 92, 21, 255, 168, 236, 255,
       175, 143, 59, 215, 87, 167, 111, 174, 241, 6, 89, 112, 251, 223,
       157, 222, 85, 237, 119, 63, 101, 160, 46, 127, 19, 121, 234, 126,
       92, 159, 51, 145, 51, 150, 36, 92, 44, 249, 244, 161, 10, 231,
       249, 32, 148, 74, 240, 194, 115, 77, 115, 189, 101, 40, 78, 125,
       48, 105, 254, 183, 76, 223, 23, 65, 59, 132, 85, 125, 106, 201,
       116, 241, 0, 199, 249, 101, 148, 66, 179, 71, 115, 137, 146, 63,
       251, 96, 172, 121, 19, 189, 91, 119, 120, 191, 219, 136, 121, 167,
       51, 126, 12, 179, 252, 34, 215, 198, 255, 114, 194, 130, 128, 35,
       171, 14, 160, 240, 241, 236, 185, 248, 91, 239, 243, 181, 159,
       158, 141, 222, 139, 175, 27, 255, 157, 150, 126, 203, 208, 222,
       89, 127, 252, 206, 140, 203, 209, 53, 140, 66, 152, 212, 163, 226,
       242, 22, 67, 216, 198, 33, 234, 160, 64, 121, 234, 6, 92, 59, 187,
       4, 255, 56, 46, 163, 192, 189, 201, 112, 144, 120, 60, 249, 124,
       155, 233, 17, 79, 251, 23, 172, 56, 55, 183, 65, 26, 35, 158, 236,
       16, 26, 105, 162, 51, 219, 229, 20, 59, 226, 72, 198, 107, 104,
       107, 216, 101, 248, 15, 119, 223, 107, 160, 172, 76, 147, 51, 65,
       16, 158, 140, 100, 92, 136, 58, 209, 8, 239, 221, 37, 53, 200,
       178, 74, 139, 11, 183, 112, 65, 181, 63, 92, 191, 127, 127, 62,
       124, 202, 56, 222, 164, 151, 14, 220, 60, 255, 248, 117, 215, 170,
       95, 53, 246, 78, 212, 202, 93, 23, 34, 203, 235, 246, 161, 234,
       89, 118, 131, 91, 242, 113, 202, 252, 104, 123, 138, 55, 153, 155,
       182, 13, 195, 28, 142, 191, 196, 173, 202, 241, 161, 17, 141, 67,
       252, 22, 128, 109, 119, 212, 0, 218, 226, 49, 131, 160, 96, 106,
       170, 22, 136, 73, 155, 6, 255, 240, 172, 186, 128, 61, 136, 240,
       168, 94, 52, 246, 242, 171, 118, 28, 17, 169, 219, 151, 177, 223,
       127, 195, 123, 231, 245, 253, 146, 125, 197, 235, 192, 219, 243,
       127, 215, 170, 230, 175, 83, 215, 30, 235, 208, 198, 34, 253, 113,
       57, 226, 83, 214, 89, 239, 245, 41, 127, 221, 55, 191, 241, 246,
       190, 194, 92, 42, 255, 196, 173, 229, 115, 241, 88, 27, 122, 225,
       183, 222, 118, 113, 253, 172, 246, 35, 15, 187, 38, 208, 226, 189,
       239, 96, 116, 185, 0, 204, 255, 249, 39, 71, 99, 168, 205, 3, 162,
       251, 54, 218, 125, 221, 222, 244, 207, 156, 181, 72, 234, 221,
       124, 55, 204, 242, 223, 91, 238, 107, 122, 255, 63, 88, 133, 251,
       82, 14, 84, 95, 47, 39, 228, 68, 252, 59, 206, 89, 73, 238, 189,
       159, 75, 104, 159, 190, 27, 196, 215, 63, 188, 163, 109, 202, 126,
       95, 165, 149, 199, 239, 90, 197, 75, 190, 164, 145, 175, 48, 189,
       159, 122, 255, 30, 247, 172, 46, 214, 110, 39, 71, 253, 157, 183,
       77, 167, 243, 222, 95, 255, 229, 142, 212, 189, 93, 219, 20, 102,
       220, 79, 30, 124, 122, 141, 94, 86, 215, 72, 46, 182, 231, 110,
       229, 183, 238, 229, 213, 55, 233, 23, 123, 209, 130, 47, 189, 120,
       125, 124, 97, 57, 170, 61, 207, 83, 88, 7, 140, 241, 11, 207, 223,
       41, 80, 216, 185, 95, 243, 78, 35, 219, 157, 211, 213, 171, 59,
       49, 43, 118, 66, 120, 228, 124, 101, 4, 94, 119, 188, 97, 174,
       246, 10, 91, 57, 27, 19, 120, 220, 125, 106, 200, 246, 241, 140,
       247, 235, 229, 21, 103, 186, 94, 42, 11, 29, 38, 159, 55, 246,
       186, 119, 156, 76, 94, 167, 236, 222, 183, 228, 254, 59, 155, 133,
       167, 153, 54, 255, 38, 119, 154, 131, 30, 204, 61, 221, 2, 176,
       146, 137, 115, 181, 184, 71, 15, 13, 88, 35, 172, 158, 102, 132,
       223, 59, 147, 17, 22, 26, 18, 211, 15, 84, 154, 235, 150, 14, 189,
       223, 56, 252, 145, 236, 117, 255, 91, 218, 51, 105, 248, 13, 255,
       95, 11, 144, 221, 219, 213, 98, 47, 178, 120, 191, 243, 223, 33,
       191, 218, 255, 70, 243, 111, 82, 236, 76, 111, 81, 223, 216, 75,
       126, 180, 239, 74, 76, 223, 191, 31, 196, 246, 103, 205, 103, 239,
       209, 18, 123, 97, 191, 127, 189, 126, 117, 183, 22, 231, 157, 238,
       98, 237, 23, 157, 207, 254, 246, 89, 126, 183, 107, 127, 229, 55,
       173, 177, 213, 55, 202, 4, 42, 254, 128, 189, 252, 244, 245, 96,
       29, 155, 95, 241, 251, 182, 19, 250, 35, 111, 120, 246, 245, 36,
       244, 19, 126, 226, 2, 81, 188, 184, 115, 37, 182, 17, 55, 82, 123,
       207, 163, 134, 28, 18, 188, 109, 167, 182, 98, 156, 134, 80, 3,
       172, 242, 33, 73, 236, 121, 163, 227, 96, 151, 18, 238, 149, 50,
       202, 11, 20, 121, 37, 130, 75, 190, 172, 155, 170, 189, 189, 150,
       186, 127, 28, 252, 188, 166, 214, 238, 135, 115, 253, 29, 183, 72,
       230, 243, 204, 23, 126, 251, 158, 68, 139, 125, 142, 159, 176,
       147, 247, 253, 190, 231, 63, 95, 82, 55, 172, 254, 118, 205, 239,
       59, 179, 145, 182, 124, 122, 247, 45, 22, 158, 227, 150, 76, 189,
       223, 234, 104, 244, 82, 109, 93, 242, 216, 207, 190, 244, 9, 42,
       221, 247, 30, 200, 184, 215, 74, 138, 118, 122, 243, 23, 216, 81,
       63, 87, 189, 94, 207, 11, 157, 98, 219, 87, 247, 251, 127, 87, 77,
       92, 163, 104, 221, 190, 228, 124, 58, 147, 141, 231, 186, 38, 255,
       39, 127, 154, 131, 55, 142, 124, 255, 218, 182, 142, 178, 171,
       165, 24, 215, 190, 31, 149, 189, 13, 235, 106, 11, 175, 147, 237,
       149, 62, 79, 138, 209, 218, 211, 254, 255, 148, 68, 175, 19, 61,
       148, 245, 71, 52, 78, 103, 57, 117, 234, 255, 72, 211, 117, 156,
       52, 123, 220, 116, 42, 169, 176, 125, 14, 111, 175, 37, 4, 111,
       170, 82, 48, 199, 182, 191, 131, 162, 46, 45, 191, 63, 123, 150,
       244, 158, 53, 206, 111, 103, 86, 126, 28, 179, 221, 173, 226, 140,
       190, 255, 198, 142, 220, 161, 125, 8, 157, 34, 187, 85, 245, 99,
       127, 87, 77, 92, 135, 169, 199, 34, 196, 120, 42, 130, 132, 134,
       154, 62, 191, 231, 229, 146, 75, 51, 78, 61, 222, 190, 53, 228,
       130, 79, 119, 250, 216, 133, 254, 185, 239, 72, 252, 127, 170,
       253, 217, 215, 231, 173, 35, 126, 186, 23, 77, 139, 191, 255, 127,
       126, 215, 2, 128, 34, 154, 213, 217, 184, 71, 175, 69, 93, 151,
       172, 140, 54, 196, 235, 43, 219, 133, 214, 189, 54, 215, 15, 84,
       154, 203, 151, 14, 253, 222, 147, 164, 99, 217, 212, 163, 235, 87,
       86, 67, 95, 210, 89, 239, 188, 104, 127, 171, 23, 157, 179, 191,
