%YAML:1.0
---
descriptors: !!opencv-matrix
   rows: 86
   cols: 32
   dt: u
   data: [ 56, 219, 123, 201, 246, 135, 239, 245, 85, 12, 252, 102, 59,
       197, 180, 100, 126, 186, 6, 232, 218, 187, 48, 255, 123, 140, 166,
       64, 119, 138, 228, 249, 2, 189, 183, 219, 177, 255, 182, 215, 62,
       205, 254, 39, 236, 255, 38, 196, 253, 126, 251, 16, 23, 153, 121,
       251, 111, 62, 23, 195, 202, 206, 165, 219, 65, 96, 88, 193, 100,
       28, 233, 80, 233, 8, 181, 74, 159, 10, 157, 50, 106, 129, 78, 234,
       207, 35, 100, 192, 212, 153, 34, 32, 77, 138, 107, 164, 41, 247,
       107, 237, 246, 147, 111, 119, 22, 65, 124, 230, 57, 239, 178, 96,
       127, 170, 23, 141, 223, 186, 52, 31, 110, 205, 166, 192, 63, 138,
       224, 249, 89, 209, 77, 173, 36, 26, 109, 49, 165, 92, 86, 230,
       223, 7, 178, 103, 102, 132, 60, 238, 221, 156, 103, 149, 230, 235,
       234, 128, 62, 164, 161, 125, 210, 184, 182, 184, 139, 245, 144,
       71, 139, 87, 128, 27, 172, 190, 102, 207, 229, 51, 249, 145, 54,
       79, 146, 209, 155, 83, 218, 123, 144, 76, 173, 95, 94, 88, 186,
       180, 11, 118, 28, 6, 58, 231, 66, 147, 221, 190, 67, 74, 231, 245,
       189, 145, 44, 85, 145, 194, 209, 231, 219, 135, 164, 113, 45, 91,
       131, 148, 245, 209, 246, 186, 232, 23, 127, 83, 82, 242, 189, 62,
       148, 237, 39, 59, 63, 157, 179, 220, 39, 199, 14, 122, 254, 192,
       174, 192, 153, 189, 49, 71, 66, 141, 86, 26, 238, 112, 69, 224,
       218, 199, 115, 8, 183, 228, 126, 236, 22, 239, 205, 178, 69, 142,
       52, 44, 162, 128, 111, 190, 120, 156, 138, 173, 150, 152, 187,
       241, 144, 199, 191, 23, 128, 185, 172, 190, 98, 223, 231, 59, 235,
       145, 54, 75, 130, 243, 153, 22, 94, 123, 146, 68, 175, 223, 53,
       75, 97, 69, 84, 27, 239, 56, 68, 232, 250, 110, 243, 8, 149, 164,
       122, 236, 86, 110, 201, 178, 101, 140, 36, 172, 161, 128, 111,
       187, 80, 164, 6, 9, 130, 139, 205, 161, 190, 200, 14, 129, 89, 3,
       204, 234, 107, 204, 216, 107, 163, 83, 22, 178, 74, 240, 12, 20,
       143, 15, 148, 127, 57, 134, 98, 77, 222, 220, 68, 66, 125, 103,
       57, 134, 250, 10, 40, 170, 37, 27, 234, 255, 162, 160, 96, 219, 2,
       200, 53, 42, 222, 9, 97, 120, 230, 138, 43, 185, 226, 68, 211,
       214, 187, 246, 123, 197, 124, 166, 40, 191, 246, 180, 126, 251,
       147, 220, 151, 154, 180, 238, 63, 92, 135, 235, 103, 166, 126,
       253, 49, 207, 67, 190, 20, 131, 203, 242, 132, 64, 216, 198, 113,
       194, 177, 64, 120, 234, 31, 206, 201, 171, 6, 189, 176, 172, 170,
       136, 61, 139, 112, 168, 35, 249, 98, 170, 84, 135, 174, 244, 134,
       65, 88, 199, 40, 204, 118, 0, 126, 235, 19, 213, 195, 186, 28,
       253, 60, 12, 142, 232, 29, 30, 241, 216, 18, 157, 11, 233, 180,
       163, 107, 103, 4, 1, 202, 6, 53, 35, 32, 64, 120, 42, 27, 184, 27,
       152, 17, 255, 248, 133, 138, 64, 180, 138, 176, 40, 0, 140, 26,
       159, 20, 231, 35, 99, 28, 5, 77, 2, 245, 242, 34, 64, 216, 59, 11,
       0, 50, 152, 81, 63, 109, 38, 138, 64, 144, 10, 53, 10, 65, 80,
       190, 252, 44, 4, 121, 20, 235, 95, 22, 36, 189, 191, 179, 122,
       198, 53, 61, 12, 132, 5, 179, 193, 195, 187, 250, 136, 28, 176,
       33, 91, 189, 78, 238, 231, 38, 2, 111, 240, 85, 226, 246, 230, 83,
       105, 185, 107, 126, 196, 55, 238, 233, 180, 45, 170, 210, 235,
       229, 132, 111, 251, 112, 241, 22, 30, 206, 184, 50, 163, 186, 218,
       190, 5, 94, 231, 45, 235, 163, 73, 54, 235, 143, 244, 162, 145, 5,
       253, 214, 163, 42, 128, 189, 213, 41, 145, 10, 201, 2, 138, 149,
       129, 238, 229, 6, 1, 88, 2, 40, 202, 48, 64, 120, 42, 19, 221, 82,
       184, 10, 253, 40, 12, 142, 200, 22, 30, 240, 136, 35, 233, 98,
       138, 84, 133, 174, 228, 199, 64, 88, 131, 40, 204, 54, 4, 126,
       169, 19, 223, 194, 187, 14, 255, 56, 28, 142, 232, 21, 30, 241,
       200, 60, 20, 123, 231, 117, 78, 127, 176, 85, 238, 127, 2, 91, 61,
       59, 96, 253, 220, 151, 234, 232, 176, 57, 142, 103, 255, 164, 5,
       103, 187, 116, 242, 46, 156, 191, 218, 223, 245, 151, 207, 159,
       95, 188, 51, 44, 254, 39, 236, 253, 251, 151, 145, 179, 107, 58,
       243, 123, 95, 223, 219, 211, 124, 173, 127, 42, 173, 176, 200, 93,
       247, 146, 67, 79, 225, 217, 11, 168, 184, 118, 132, 216, 187, 147,
       17, 146, 58, 80, 218, 61, 92, 138, 43, 215, 78, 255, 142, 14, 237,
       16, 136, 221, 241, 178, 207, 15, 5, 92, 3, 172, 216, 110, 196,
       217, 43, 147, 81, 22, 50, 90, 247, 47, 84, 143, 111, 150, 94, 189,
       198, 2, 76, 50, 153, 21, 247, 184, 71, 31, 5, 92, 3, 172, 222, 39,
       192, 217, 59, 147, 145, 6, 152, 83, 255, 39, 118, 154, 3, 146, 92,
       61, 206, 43, 249, 226, 76, 87, 212, 186, 71, 75, 205, 124, 135,
       40, 156, 246, 164, 254, 59, 147, 213, 199, 186, 180, 253, 47, 28,
       158, 235, 71, 6, 123, 253, 22, 169, 155, 224, 22, 128, 43, 216,
       174, 129, 26, 66, 29, 195, 97, 64, 54, 105, 63, 216, 19, 1, 138,
       241, 216, 132, 175, 236, 176, 131, 33, 32, 38, 105, 130, 140, 221,
       197, 182, 199, 142, 132, 88, 11, 172, 232, 103, 4, 216, 107, 131,
       209, 2, 43, 194, 248, 53, 20, 142, 43, 151, 127, 189, 142, 137,
       157, 119, 69, 180, 122, 239, 183, 124, 74, 126, 114, 243, 38, 148,
       228, 127, 230, 22, 168, 241, 188, 101, 238, 38, 238, 178, 128,
       111, 248, 224, 189, 66, 169, 150, 152, 219, 209, 176, 103, 191,
       21, 128, 185, 172, 190, 102, 221, 227, 59, 235, 145, 22, 75, 130,
       245, 159, 54, 94, 123, 146, 4, 173, 223, 3, 149, 34, 201, 245,
       247, 250, 103, 29, 69, 95, 6, 168, 62, 62, 228, 254, 43, 147, 181,
       151, 152, 49, 223, 47, 30, 138, 195, 151, 78, 253, 254, 74, 121,
       247, 222, 105, 68, 105, 0, 171, 156, 100, 0, 56, 151, 69, 94, 192,
       125, 49, 216, 67, 202, 242, 224, 71, 184, 218, 170, 2, 55, 39,
       250, 142, 143, 36, 154, 253, 181, 186, 174, 159, 55, 24, 151, 236,
       238, 127, 205, 205, 75, 171, 85, 54, 76, 74, 247, 143, 86, 223,
       255, 150, 93, 29, 206, 159, 219, 71, 161, 162, 146, 44, 182, 45,
       88, 82, 247, 221, 38, 178, 229, 103, 197, 62, 255, 245, 156, 101,
       246, 172, 106, 239, 196, 189, 181, 161, 85, 58, 217, 177, 222, 11,
       85, 150, 253, 143, 75, 252, 47, 106, 252, 46, 164, 205, 243, 183,
       195, 205, 43, 122, 241, 179, 87, 92, 187, 91, 126, 188, 223, 153,
       222, 107, 240, 54, 214, 255, 246, 212, 206, 214, 102, 49, 159,
       179, 97, 111, 180, 23, 238, 233, 189, 52, 254, 115, 143, 170, 128,
       45, 153, 116, 249, 42, 164, 48, 152, 85, 215, 178, 207, 31, 5, 84,
       11, 172, 220, 46, 132, 217, 25, 131, 49, 54, 58, 88, 223, 63, 85,
       155, 111, 150, 12, 29, 142, 149, 139, 111, 248, 180, 130, 107,
       240, 164, 200, 214, 230, 89, 203, 177, 96, 126, 229, 63, 255, 217,
       139, 46, 236, 248, 235, 175, 204, 61, 163, 33, 113, 34, 169, 144,
       140, 85, 209, 242, 239, 11, 13, 120, 11, 40, 188, 100, 132, 216,
       187, 131, 1, 22, 58, 192, 251, 63, 20, 158, 171, 209, 14, 254,
       142, 41, 93, 99, 69, 212, 126, 239, 55, 101, 194, 122, 66, 243,
       53, 149, 228, 92, 238, 50, 106, 201, 184, 117, 46, 39, 237, 132,
       0, 107, 250, 208, 56, 33, 19, 115, 77, 116, 11, 233, 51, 100, 72,
       126, 228, 179, 1, 148, 244, 126, 172, 22, 172, 201, 184, 101, 13,
       36, 172, 34, 128, 111, 136, 98, 185, 2, 234, 6, 152, 123, 145,
       184, 68, 143, 29, 80, 167, 172, 142, 102, 204, 238, 57, 171, 213,
       6, 75, 2, 245, 28, 50, 218, 235, 18, 12, 45, 223, 129, 156, 179,
       219, 180, 254, 237, 183, 126, 67, 90, 84, 189, 190, 180, 232, 135,
       123, 50, 156, 179, 252, 61, 247, 47, 255, 222, 64, 156, 192, 161,
       185, 9, 133, 107, 233, 214, 231, 233, 115, 86, 69, 125, 18, 17,
       255, 58, 96, 121, 42, 19, 140, 147, 184, 52, 31, 79, 13, 178, 64,
       183, 136, 240, 224, 48, 207, 123, 76, 116, 131, 239, 245, 85, 12,
       254, 226, 115, 205, 180, 96, 126, 184, 6, 238, 217, 187, 36, 191,
       115, 237, 164, 192, 119, 138, 228, 249, 42, 132, 50, 219, 213,
