%YAML:1.0
---
descriptors: !!opencv-matrix
   rows: 72
   cols: 32
   dt: u
   data: [ 52, 197, 133, 185, 236, 97, 71, 239, 31, 90, 216, 35, 214,
       121, 169, 72, 219, 202, 63, 115, 58, 3, 75, 179, 188, 246, 239,
       255, 180, 121, 244, 3, 207, 221, 189, 190, 126, 220, 190, 252,
       202, 74, 156, 110, 252, 252, 59, 226, 230, 115, 255, 99, 231, 35,
       186, 251, 115, 107, 110, 186, 28, 123, 57, 219, 99, 223, 175, 142,
       126, 148, 158, 252, 139, 88, 220, 111, 124, 252, 191, 231, 238,
       99, 159, 231, 199, 3, 174, 253, 54, 57, 239, 186, 29, 126, 57,
       221, 11, 223, 118, 159, 255, 159, 190, 255, 223, 109, 222, 39,
       236, 236, 182, 196, 255, 59, 191, 133, 246, 251, 47, 255, 62, 87,
       223, 235, 87, 140, 173, 223, 92, 176, 158, 242, 171, 228, 16, 69,
       187, 189, 167, 49, 30, 191, 74, 90, 167, 255, 253, 144, 30, 219,
       154, 224, 219, 227, 62, 243, 168, 66, 175, 19, 92, 159, 189, 254,
       183, 106, 23, 183, 25, 15, 94, 56, 126, 127, 160, 113, 167, 115,
       157, 2, 112, 201, 41, 175, 251, 247, 124, 147, 182, 120, 133, 123,
       135, 134, 172, 177, 164, 55, 236, 191, 30, 255, 7, 215, 205, 110,
       90, 75, 221, 79, 179, 181, 180, 92, 127, 178, 238, 87, 223, 229,
       156, 125, 153, 208, 223, 221, 222, 190, 154, 54, 30, 253, 150,
       218, 158, 214, 125, 254, 187, 227, 119, 247, 189, 239, 253, 71,
       62, 239, 186, 239, 239, 156, 189, 243, 169, 85, 191, 188, 167,
       182, 181, 118, 207, 250, 19, 250, 148, 210, 113, 252, 249, 165,
       93, 238, 55, 191, 249, 243, 254, 191, 57, 79, 239, 252, 191, 124,
       240, 244, 156, 48, 247, 197, 135, 82, 225, 73, 87, 245, 247, 178,
       75, 174, 237, 238, 121, 220, 166, 144, 13, 246, 191, 192, 31, 201,
       215, 7, 231, 232, 124, 244, 252, 38, 253, 99, 162, 106, 67, 25,
       112, 182, 183, 56, 211, 103, 201, 59, 63, 212, 108, 58, 56, 244,
       233, 2, 205, 203, 101, 116, 225, 227, 198, 113, 174, 184, 250,
       218, 237, 229, 185, 200, 159, 31, 245, 27, 12, 223, 126, 15, 237,
       187, 179, 147, 18, 103, 154, 241, 95, 89, 218, 235, 151, 31, 239,
       211, 61, 16, 112, 105, 149, 31, 64, 25, 101, 97, 229, 12, 139, 25,
       30, 188, 216, 140, 68, 60, 157, 178, 113, 128, 131, 253, 0, 22,
       235, 143, 218, 134, 125, 207, 200, 238, 156, 31, 78, 252, 23, 160,
       237, 206, 123, 225, 59, 240, 93, 204, 254, 238, 203, 35, 223, 187,
       243, 239, 133, 60, 63, 251, 248, 16, 95, 95, 253, 231, 238, 95,
       255, 188, 175, 248, 190, 239, 221, 127, 215, 111, 239, 245, 255,
       255, 229, 67, 239, 220, 254, 219, 239, 182, 174, 254, 69, 123,
       154, 135, 34, 168, 191, 131, 25, 107, 141, 4, 213, 191, 140, 143,
       50, 65, 254, 3, 159, 165, 120, 139, 32, 221, 243, 80, 154, 251,
       22, 12, 181, 115, 124, 103, 236, 164, 152, 66, 95, 184, 51, 238,
       158, 143, 67, 111, 91, 18, 24, 196, 237, 231, 76, 83, 237, 8, 250,
       229, 237, 181, 37, 247, 30, 67, 92, 177, 158, 178, 171, 240, 30,
       217, 163, 157, 135, 49, 95, 247, 106, 90, 247, 223, 253, 146, 30,
       67, 138, 224, 219, 231, 63, 255, 160, 67, 175, 83, 169, 167, 117,
       85, 100, 94, 231, 61, 113, 234, 116, 120, 243, 113, 148, 183, 26,
       94, 86, 106, 249, 246, 237, 142, 103, 219, 101, 160, 71, 248, 214,
       229, 53, 148, 174, 184, 180, 182, 154, 217, 30, 75, 223, 23, 85,
       252, 62, 104, 223, 109, 61, 61, 149, 215, 57, 22, 203, 239, 255,
       212, 156, 42, 249, 211, 183, 205, 177, 218, 189, 173, 199, 239,
       223, 50, 185, 90, 107, 249, 125, 165, 221, 250, 18, 122, 251, 103,
       120, 191, 185, 222, 69, 126, 211, 123, 208, 164, 143, 204, 172,
       183, 157, 62, 94, 175, 30, 247, 7, 21, 236, 111, 90, 75, 213, 79,
       185, 31, 246, 92, 123, 179, 239, 95, 223, 116, 154, 125, 153, 90,
       245, 148, 229, 85, 141, 110, 197, 186, 100, 254, 182, 26, 211,
       113, 156, 47, 73, 198, 108, 42, 169, 245, 253, 12, 173, 234, 101,
       22, 99, 121, 86, 103, 254, 252, 149, 163, 169, 121, 86, 168, 27,
       187, 129, 56, 207, 246, 72, 191, 217, 213, 237, 114, 59, 67, 219,
       179, 185, 210, 207, 127, 152, 119, 142, 54, 236, 116, 188, 119,
       176, 46, 119, 156, 123, 158, 117, 24, 223, 123, 11, 25, 149, 68,
       108, 110, 168, 116, 249, 47, 239, 251, 101, 21, 194, 243, 206, 99,
       86, 235, 162, 158, 13, 149, 154, 232, 159, 148, 129, 143, 236,
       206, 123, 198, 252, 233, 235, 199, 78, 67, 138, 249, 185, 18, 207,
       191, 20, 63, 29, 214, 102, 244, 249, 214, 236, 116, 95, 158, 91,
       255, 189, 90, 91, 125, 221, 254, 223, 222, 53, 170, 249, 102, 251,
       226, 107, 255, 245, 188, 167, 251, 212, 113, 138, 207, 63, 186,
       46, 209, 191, 252, 142, 90, 85, 243, 253, 207, 186, 97, 231, 107,
       55, 239, 226, 13, 46, 247, 226, 91, 239, 173, 22, 158, 189, 233,
       10, 184, 183, 91, 233, 253, 177, 199, 191, 29, 100, 25, 172, 215,
       100, 28, 201, 59, 235, 16, 18, 94, 242, 245, 79, 146, 26, 107,
       210, 8, 135, 234, 11, 191, 114, 155, 247, 183, 186, 127, 31, 77,
       125, 247, 236, 254, 182, 100, 255, 59, 183, 149, 150, 186, 42,
       255, 30, 95, 186, 202, 31, 12, 233, 215, 238, 176, 100, 154, 205,
       241, 216, 73, 143, 119, 181, 155, 104, 220, 126, 143, 201, 179,
       255, 145, 62, 111, 122, 241, 27, 83, 217, 251, 215, 12, 220, 94,
       124, 39, 104, 101, 48, 75, 95, 56, 33, 172, 254, 141, 211, 39,
       147, 16, 30, 204, 69, 110, 72, 208, 233, 14, 230, 205, 37, 149,
       98, 163, 86, 99, 71, 252, 173, 167, 188, 159, 238, 180, 63, 232,
       158, 77, 246, 124, 82, 34, 149, 111, 125, 127, 229, 88, 253, 236,
       237, 62, 239, 176, 140, 254, 155, 85, 165, 110, 253, 69, 228, 63,
       239, 59, 92, 174, 126, 88, 243, 40, 149, 43, 157, 86, 118, 42,
       225, 244, 109, 10, 111, 159, 101, 144, 65, 248, 214, 225, 161,
       174, 125, 85, 244, 62, 239, 54, 121, 190, 126, 88, 211, 33, 148,
       55, 31, 118, 102, 42, 241, 252, 237, 15, 39, 251, 101, 128, 67,
       232, 70, 161, 88, 60, 191, 182, 169, 108, 85, 3, 187, 223, 155,
       57, 239, 254, 67, 91, 165, 247, 125, 21, 60, 73, 163, 160, 145,
       243, 126, 155, 128, 100, 39, 91, 253, 157, 175, 254, 156, 39, 94,
       191, 86, 234, 131, 90, 115, 123, 57, 113, 93, 247, 61, 175, 253,
       195, 217, 63, 251, 239, 239, 20, 189, 251, 248, 0, 206, 220, 188,
       183, 133, 238, 118, 175, 30, 191, 7, 17, 238, 253, 91, 75, 145,
       111, 57, 23, 118, 220, 219, 179, 239, 223, 223, 119, 128, 125,
       153, 74, 221, 100, 183, 82, 157, 60, 71, 200, 243, 210, 135, 26,
       91, 240, 253, 255, 49, 196, 124, 254, 171, 103, 190, 162, 185,
       235, 199, 124, 162, 247, 113, 100, 244, 22, 252, 119, 172, 106,
       213, 186, 235, 254, 183, 188, 211, 117, 199, 63, 11, 214, 108, 42,
       248, 229, 253, 8, 206, 251, 117, 148, 231, 248, 214, 115, 252,
       244, 156, 162, 169, 127, 86, 136, 59, 250, 169, 57, 223, 118, 75,
       187, 145, 215, 253, 114, 127, 71, 219, 178, 187, 211, 77, 127,
       138, 127, 142, 18, 143, 75, 206, 159, 164, 146, 110, 152, 190,
       150, 87, 231, 249, 195, 183, 79, 126, 104, 63, 222, 226, 212, 143,
       233, 230, 105, 238, 128, 47, 183, 121, 153, 142, 206, 63, 254,
       172, 81, 255, 252, 158, 94, 85, 246, 253, 239, 186, 97, 255, 83,
       191, 235, 224, 7, 46, 255, 242, 211, 239, 173, 20, 251, 181, 249,
       57, 48, 247, 77, 124, 95, 233, 90, 119, 233, 246, 66, 211, 148,
       148, 236, 120, 188, 110, 24, 153, 248, 119, 93, 31, 235, 115, 64,
       99, 136, 98, 168, 74, 186, 180, 187, 171, 224, 53, 135, 191, 31,
       68, 177, 172, 167, 98, 78, 135, 123, 171, 17, 18, 92, 138, 243,
       207, 119, 94, 107, 146, 68, 165, 219, 174, 253, 182, 218, 205,
       213, 191, 194, 143, 158, 188, 11, 44, 223, 117, 15, 237, 251, 211,
       211, 66, 107, 186, 241, 127, 88, 207, 59, 215, 93, 117, 247, 10,
       168, 181, 219, 233, 253, 177, 206, 191, 29, 96, 24, 172, 159, 68,
       172, 137, 59, 234, 16, 18, 78, 242, 241, 15, 144, 90, 107, 210, 8,
       135, 238, 10, 158, 122, 185, 118, 243, 187, 114, 159, 77, 94, 183,
