%YAML:1.0
---
descriptors: !!opencv-matrix
   rows: 209
   cols: 32
   dt: u
   data: [ 61, 225, 99, 79, 70, 75, 103, 252, 69, 224, 251, 74, 83, 93,
       152, 164, 120, 204, 22, 239, 201, 182, 109, 222, 52, 44, 161, 4,
       127, 191, 112, 229, 9, 133, 69, 217, 172, 184, 237, 63, 238, 23,
       124, 144, 173, 162, 176, 229, 99, 42, 42, 8, 113, 56, 103, 223,
       44, 253, 246, 76, 86, 204, 233, 172, 131, 156, 166, 157, 21, 188,
       168, 39, 253, 71, 66, 86, 172, 168, 54, 228, 225, 43, 178, 13,
       183, 252, 54, 231, 12, 126, 218, 66, 204, 76, 217, 204, 75, 220,
       108, 95, 39, 208, 189, 182, 236, 86, 78, 162, 249, 63, 146, 231,
       38, 119, 185, 206, 224, 216, 55, 237, 103, 107, 254, 129, 55, 212,
       137, 106, 36, 135, 149, 169, 174, 97, 23, 175, 31, 155, 24, 35,
       214, 121, 233, 74, 211, 82, 63, 49, 82, 98, 75, 147, 172, 150,
       239, 191, 180, 120, 212, 43, 246, 253, 97, 202, 223, 213, 151,
       236, 139, 108, 144, 43, 96, 220, 108, 36, 140, 243, 211, 227, 227,
       43, 250, 255, 57, 20, 141, 250, 85, 31, 150, 255, 60, 28, 123,
       126, 83, 247, 210, 112, 212, 64, 125, 2, 120, 219, 33, 112, 254,
       185, 146, 170, 1, 163, 58, 127, 115, 239, 32, 8, 243, 171, 100,
       227, 34, 203, 46, 158, 93, 149, 182, 228, 207, 140, 220, 7, 232,
       200, 54, 196, 200, 105, 163, 71, 196, 43, 10, 253, 63, 49, 143,
       11, 85, 30, 125, 206, 103, 78, 226, 12, 243, 58, 174, 224, 125,
       174, 122, 231, 72, 232, 183, 253, 126, 237, 166, 247, 164, 179,
       164, 238, 62, 126, 239, 134, 207, 255, 105, 197, 34, 235, 174,
       158, 125, 217, 182, 231, 143, 29, 88, 171, 164, 236, 119, 0, 200,
       107, 227, 69, 70, 107, 74, 253, 47, 22, 222, 171, 212, 30, 189,
       223, 212, 157, 126, 252, 151, 198, 63, 231, 140, 49, 142, 19, 85,
       191, 32, 99, 227, 119, 59, 99, 112, 137, 56, 180, 251, 235, 207,
       87, 180, 120, 149, 98, 33, 249, 121, 248, 116, 205, 111, 254, 95,
       72, 112, 72, 52, 155, 176, 48, 254, 187, 22, 72, 195, 186, 48,
       125, 119, 152, 52, 104, 80, 152, 226, 169, 134, 78, 175, 147, 96,
       168, 168, 130, 190, 23, 82, 213, 164, 206, 117, 75, 199, 41, 59,
       151, 34, 84, 194, 98, 4, 18, 218, 138, 132, 81, 49, 154, 63, 5,
       106, 170, 149, 59, 210, 192, 69, 165, 237, 139, 75, 40, 63, 144,
       250, 140, 151, 119, 28, 179, 77, 142, 242, 125, 134, 87, 247, 223,
       122, 198, 11, 153, 38, 155, 215, 151, 184, 233, 95, 217, 90, 71,
       236, 248, 62, 225, 253, 43, 178, 213, 215, 248, 31, 253, 14, 83,
       207, 199, 157, 14, 185, 159, 11, 201, 70, 157, 36, 152, 236, 150,
       77, 80, 82, 231, 177, 136, 182, 228, 110, 170, 23, 205, 199, 184,
       71, 241, 36, 56, 186, 128, 63, 156, 121, 157, 102, 52, 135, 150,
       207, 116, 176, 75, 155, 211, 25, 159, 204, 252, 79, 143, 205, 87,
       243, 145, 53, 71, 218, 194, 31, 118, 219, 175, 141, 109, 63, 214,
       61, 119, 235, 69, 116, 86, 238, 121, 82, 232, 125, 238, 83, 116,
       157, 176, 126, 236, 150, 238, 201, 178, 237, 10, 54, 173, 165,
       164, 111, 251, 122, 181, 11, 221, 110, 255, 54, 151, 95, 191, 31,
       92, 94, 231, 237, 222, 182, 229, 215, 11, 191, 207, 230, 152, 47,
       255, 98, 123, 238, 134, 62, 158, 185, 221, 119, 161, 166, 141, 77,
       31, 190, 232, 254, 224, 242, 78, 202, 232, 255, 226, 253, 205,
       254, 231, 237, 243, 223, 222, 188, 126, 207, 63, 77, 62, 123, 148,
       237, 52, 169, 21, 119, 126, 179, 218, 122, 253, 189, 183, 218,
       124, 203, 175, 125, 220, 214, 62, 165, 97, 252, 200, 95, 73, 103,
       183, 203, 125, 95, 247, 7, 129, 2, 129, 245, 157, 186, 97, 77, 64,
       219, 71, 136, 8, 246, 164, 232, 139, 218, 117, 151, 59, 68, 212,
       62, 88, 138, 66, 93, 15, 249, 148, 122, 199, 247, 255, 172, 1, 92,
       190, 173, 55, 219, 161, 239, 173, 156, 66, 207, 215, 253, 133,
       234, 153, 203, 195, 234, 255, 252, 146, 150, 212, 148, 105, 179,
       166, 245, 223, 56, 180, 216, 223, 127, 27, 250, 240, 60, 254, 156,
       254, 199, 159, 55, 157, 171, 218, 67, 211, 178, 124, 154, 130,
       157, 212, 163, 61, 131, 217, 30, 220, 114, 132, 190, 247, 173, 8,
       210, 103, 60, 158, 180, 209, 238, 251, 183, 197, 211, 139, 2, 253,
       52, 56, 170, 202, 29, 148, 169, 25, 51, 253, 116, 218, 180, 135,
       222, 237, 95, 122, 24, 111, 108, 216, 62, 1, 159, 123, 23, 119,
       255, 235, 8, 253, 42, 90, 13, 246, 93, 158, 209, 31, 74, 201, 252,
       127, 46, 208, 254, 182, 237, 0, 94, 163, 249, 255, 149, 98, 38,
       115, 253, 203, 196, 8, 231, 233, 99, 255, 222, 137, 55, 182, 253,
       42, 2, 184, 182, 153, 91, 209, 184, 71, 191, 21, 194, 179, 172,
       142, 36, 76, 239, 59, 235, 145, 22, 216, 211, 213, 31, 50, 218,
       67, 131, 4, 165, 222, 183, 253, 49, 218, 254, 199, 158, 237, 155,
       104, 184, 106, 124, 220, 188, 49, 189, 243, 85, 115, 255, 43, 56,
       255, 57, 28, 141, 254, 85, 26, 131, 191, 143, 51, 239, 113, 119,
       126, 177, 88, 251, 254, 181, 247, 219, 124, 215, 47, 255, 212,
       223, 246, 165, 229, 172, 200, 95, 219, 99, 167, 231, 245, 103,
       247, 48, 159, 221, 175, 254, 11, 21, 63, 14, 165, 25, 226, 103,
       53, 192, 66, 103, 95, 175, 17, 144, 56, 109, 158, 188, 132, 111,
       247, 180, 234, 149, 169, 138, 158, 34, 190, 127, 178, 184, 103,
       31, 141, 221, 179, 173, 190, 54, 193, 239, 191, 183, 145, 182,
       158, 0, 255, 31, 247, 186, 203, 23, 12, 61, 207, 27, 148, 102,
       137, 181, 55, 254, 239, 93, 103, 219, 23, 204, 40, 62, 193, 251,
       135, 159, 165, 244, 191, 21, 223, 186, 127, 218, 199, 159, 76,
       249, 215, 9, 143, 117, 221, 165, 217, 109, 183, 127, 87, 126, 148,
       175, 162, 182, 228, 67, 42, 34, 12, 215, 184, 119, 247, 174, 254,
       86, 1, 18, 220, 197, 236, 39, 229, 67, 78, 84, 147, 230, 232, 85,
       192, 249, 74, 66, 216, 189, 180, 120, 232, 18, 110, 205, 179, 108,
       255, 54, 108, 133, 110, 127, 175, 122, 164, 55, 237, 74, 142, 93,
       151, 206, 232, 214, 64, 253, 207, 97, 200, 190, 160, 216, 232, 18,
       239, 207, 163, 30, 191, 50, 13, 143, 185, 125, 63, 122, 148, 220,
       203, 126, 244, 142, 193, 31, 229, 140, 182, 150, 163, 111, 255,
       34, 195, 103, 241, 191, 227, 120, 239, 10, 236, 251, 195, 111,
       211, 53, 56, 173, 107, 26, 207, 35, 190, 159, 193, 159, 236, 151,
       78, 216, 163, 45, 205, 50, 132, 127, 251, 135, 199, 74, 139, 14,
       255, 249, 70, 143, 171, 119, 31, 181, 250, 3, 157, 31, 155, 186,
       197, 183, 167, 142, 85, 73, 133, 180, 246, 42, 100, 199, 51, 186,
       69, 215, 9, 63, 247, 173, 52, 30, 74, 28, 14, 173, 253, 1, 34,
       135, 25, 76, 139, 160, 74, 118, 177, 226, 70, 241, 128, 128, 204,
       120, 172, 106, 156, 3, 248, 199, 17, 28, 34, 243, 0, 233, 8, 120,
       136, 3, 157, 45, 213, 164, 86, 173, 55, 108, 127, 94, 82, 240, 54,
       148, 101, 39, 6, 59, 141, 241, 152, 53, 253, 109, 47, 254, 192, 4,
       192, 245, 105, 11, 129, 36, 187, 253, 151, 184, 239, 222, 249, 91,
       71, 236, 248, 62, 160, 221, 43, 178, 213, 151, 248, 79, 253, 44,
       82, 207, 199, 31, 14, 185, 142, 8, 141, 59, 126, 113, 232, 243,
       115, 244, 9, 126, 32, 56, 183, 160, 112, 232, 58, 6, 8, 114, 185,
       34, 111, 99, 191, 50, 73, 67, 64, 229, 171, 11, 149, 55, 181, 55,
       254, 232, 55, 253, 73, 74, 84, 252, 190, 48, 228, 182, 39, 27, 45,
       181, 152, 49, 207, 165, 126, 154, 192, 10, 196, 177, 253, 153,
       223, 101, 221, 223, 221, 246, 255, 245, 74, 246, 118, 235, 124,
       190, 229, 125, 234, 206, 235, 255, 190, 125, 255, 127, 239, 231,
       195, 127, 172, 252, 215, 80, 162, 6, 153, 72, 131, 160, 72, 166,
       53, 194, 6, 128, 194, 96, 201, 104, 140, 106, 144, 10, 211, 195,
       81, 156, 32, 219, 121, 16, 8, 45, 128, 165, 205, 45, 92, 204, 197,
       199, 236, 198, 90, 176, 8, 114, 252, 189, 35, 217, 210, 114, 235,
       107, 35, 122, 55, 49, 10, 229, 60, 81, 123, 212, 240, 21, 98, 235,
       231, 134, 98, 239, 216, 116, 230, 207, 134, 81, 108, 219, 40, 123,
