%YAML:1.0
---
descriptors: !!opencv-matrix
   rows: 161
   cols: 32
   dt: u
   data: [ 254, 255, 43, 230, 219, 86, 159, 248, 129, 204, 156, 47, 88,
       253, 127, 48, 252, 245, 213, 243, 233, 35, 186, 238, 123, 77, 173,
       191, 103, 55, 182, 115, 126, 93, 238, 174, 207, 117, 150, 232,
       131, 86, 156, 175, 104, 252, 111, 134, 253, 209, 243, 227, 204,
       35, 250, 185, 115, 65, 205, 191, 119, 127, 62, 215, 3, 126, 237,
       85, 162, 122, 173, 151, 126, 255, 30, 246, 188, 38, 215, 47, 39,
       127, 255, 157, 161, 216, 165, 104, 108, 6, 255, 128, 140, 240,
       149, 249, 154, 149, 118, 236, 187, 210, 30, 103, 157, 72, 252,
       163, 47, 191, 34, 241, 254, 179, 151, 225, 120, 139, 32, 223, 243,
       247, 90, 203, 51, 164, 167, 91, 43, 79, 227, 198, 118, 248, 238,
       198, 233, 200, 190, 163, 41, 44, 183, 228, 110, 227, 95, 207, 133,
       171, 100, 234, 54, 125, 174, 137, 239, 255, 123, 221, 29, 92, 252,
       229, 52, 119, 127, 56, 68, 238, 159, 2, 217, 127, 155, 98, 119,
       212, 29, 234, 233, 180, 125, 142, 231, 207, 231, 132, 189, 251,
       124, 112, 110, 52, 240, 195, 213, 173, 107, 82, 11, 37, 109, 31,
       24, 151, 83, 84, 125, 190, 19, 152, 16, 146, 240, 194, 125, 28,
       144, 98, 166, 203, 86, 242, 191, 181, 113, 73, 247, 247, 186, 211,
       95, 105, 249, 114, 8, 28, 156, 164, 255, 155, 150, 177, 183, 190,
       101, 222, 62, 95, 154, 199, 223, 76, 233, 181, 155, 149, 98, 136,
       181, 55, 250, 123, 93, 71, 223, 87, 204, 248, 62, 229, 255, 139,
       159, 165, 180, 191, 20, 223, 186, 95, 154, 198, 31, 13, 249, 215,
       86, 29, 190, 252, 135, 239, 55, 227, 140, 50, 14, 3, 92, 191, 33,
       106, 227, 119, 187, 67, 112, 57, 48, 186, 251, 239, 207, 86, 180,
       121, 149, 114, 67, 89, 237, 85, 230, 82, 173, 183, 126, 250, 86,
       230, 177, 60, 151, 107, 39, 118, 63, 205, 225, 216, 229, 108, 110,
       43, 255, 128, 173, 240, 245, 253, 82, 159, 34, 138, 191, 147, 159,
       103, 157, 4, 220, 175, 172, 142, 54, 68, 254, 171, 159, 229, 112,
       139, 16, 255, 250, 116, 158, 219, 30, 14, 185, 223, 23, 62, 171,
       178, 118, 247, 186, 82, 141, 204, 220, 167, 44, 236, 55, 8, 238,
       235, 151, 215, 134, 131, 54, 232, 90, 93, 170, 139, 141, 119, 61,
       215, 153, 220, 23, 185, 179, 182, 42, 247, 60, 73, 70, 84, 221,
       243, 40, 229, 181, 47, 30, 61, 179, 221, 25, 223, 169, 239, 58,
       196, 138, 132, 169, 177, 254, 125, 166, 212, 203, 118, 158, 251,
       145, 222, 148, 191, 72, 254, 63, 159, 237, 247, 253, 227, 236, 71,
       186, 238, 59, 123, 205, 159, 207, 117, 190, 87, 34, 175, 40, 155,
       252, 233, 182, 230, 158, 95, 92, 185, 164, 236, 118, 1, 137, 107,
       131, 5, 38, 106, 106, 247, 111, 22, 94, 235, 213, 92, 215, 207,
       149, 81, 39, 175, 28, 31, 206, 248, 68, 232, 211, 70, 211, 216,
       185, 224, 126, 204, 126, 239, 205, 177, 125, 140, 176, 232, 175,
       148, 45, 59, 112, 101, 75, 219, 173, 79, 42, 212, 191, 181, 238,
       77, 94, 134, 189, 54, 146, 102, 38, 118, 125, 207, 193, 8, 183,
       121, 231, 45, 174, 128, 22, 146, 145, 121, 29, 78, 218, 229, 36,
       58, 109, 82, 116, 134, 78, 36, 131, 131, 179, 237, 114, 108, 38,
       46, 76, 148, 101, 8, 198, 235, 103, 1, 46, 249, 104, 228, 187,
       198, 98, 231, 38, 18, 111, 244, 21, 78, 222, 247, 121, 47, 187,
       193, 126, 199, 151, 239, 233, 182, 101, 238, 246, 239, 254, 128,
       47, 222, 248, 121, 231, 53, 241, 67, 244, 58, 234, 8, 251, 249,
       57, 122, 152, 118, 221, 190, 247, 94, 86, 56, 179, 97, 172, 202,
       15, 24, 39, 238, 205, 227, 67, 165, 61, 71, 70, 172, 116, 7, 79,
       248, 5, 228, 253, 199, 91, 65, 179, 197, 124, 228, 23, 239, 232,
       179, 29, 172, 240, 232, 173, 132, 63, 191, 112, 208, 148, 205, 66,
       155, 222, 169, 230, 231, 60, 51, 203, 18, 196, 98, 56, 65, 121,
       203, 74, 235, 112, 191, 77, 127, 188, 38, 206, 68, 53, 91, 241,
       128, 126, 157, 56, 238, 223, 85, 159, 253, 131, 236, 188, 47, 120,
       255, 111, 34, 221, 211, 255, 227, 205, 35, 250, 191, 123, 79, 205,
       191, 83, 126, 46, 219, 154, 159, 114, 188, 255, 178, 188, 111, 31,
       140, 222, 179, 45, 190, 183, 196, 239, 187, 191, 145, 254, 155,
       99, 223, 187, 247, 158, 203, 151, 76, 61, 79, 48, 158, 122, 73,
       180, 235, 67, 63, 86, 41, 254, 96, 179, 49, 160, 96, 89, 62, 6,
       40, 184, 184, 97, 31, 234, 175, 53, 209, 245, 200, 244, 43, 12,
       75, 35, 190, 92, 193, 183, 228, 142, 76, 80, 3, 180, 236, 50, 64,
       200, 123, 35, 87, 82, 171, 42, 189, 237, 37, 175, 201, 21, 14,
       181, 234, 246, 60, 166, 212, 203, 86, 156, 107, 153, 238, 148,
       159, 104, 60, 87, 139, 237, 247, 253, 163, 252, 79, 251, 234, 59,
       126, 223, 191, 79, 116, 190, 95, 8, 175, 37, 187, 252, 201, 183,
       231, 158, 93, 88, 163, 172, 237, 114, 0, 203, 123, 35, 5, 2, 120,
       74, 53, 109, 6, 126, 233, 212, 92, 149, 219, 51, 12, 34, 140, 117,
       183, 154, 198, 93, 69, 248, 7, 40, 136, 55, 96, 216, 171, 146,
       213, 142, 187, 84, 255, 176, 124, 154, 3, 157, 95, 120, 142, 113,
       141, 103, 173, 148, 54, 79, 191, 100, 72, 202, 66, 115, 50, 144,
       240, 112, 230, 28, 236, 253, 153, 53, 15, 177, 174, 162, 192, 41,
       226, 240, 108, 190, 189, 57, 232, 253, 247, 155, 255, 31, 109,
       156, 47, 126, 253, 118, 32, 157, 155, 215, 181, 191, 43, 122, 223,
       123, 95, 173, 255, 215, 206, 180, 91, 11, 141, 7, 181, 21, 190,
       108, 119, 188, 202, 74, 69, 125, 102, 48, 224, 180, 38, 27, 173,
       245, 153, 21, 207, 177, 127, 154, 128, 10, 228, 121, 216, 40, 159,
       82, 185, 181, 171, 116, 87, 117, 13, 122, 101, 175, 139, 32, 16,
       252, 58, 134, 16, 30, 184, 0, 159, 238, 247, 54, 67, 234, 200,
       238, 155, 15, 61, 226, 187, 247, 180, 254, 214, 29, 193, 94, 199,
       169, 236, 183, 172, 254, 107, 151, 213, 151, 152, 52, 238, 46, 93,
       158, 203, 175, 223, 249, 221, 137, 90, 238, 119, 102, 218, 253,
       183, 252, 238, 86, 231, 249, 109, 151, 99, 38, 127, 183, 207, 228,
       220, 47, 236, 102, 235, 255, 129, 39, 244, 221, 249, 149, 94, 94,
       183, 166, 51, 190, 240, 220, 234, 151, 247, 77, 232, 179, 139,
       126, 113, 134, 227, 229, 181, 12, 234, 114, 195, 239, 129, 61,
       251, 185, 129, 123, 159, 119, 220, 179, 214, 94, 255, 17, 72, 222,
       231, 56, 62, 182, 245, 223, 247, 181, 165, 253, 139, 113, 255,
       115, 127, 190, 155, 63, 212, 248, 95, 42, 235, 41, 186, 252, 201,
       187, 239, 142, 125, 152, 139, 188, 141, 82, 0, 138, 59, 195, 85,
       82, 43, 202, 117, 125, 5, 62, 249, 85, 28, 151, 218, 66, 128, 164,
       185, 109, 237, 184, 11, 159, 117, 67, 25, 164, 172, 58, 79, 193,
       11, 251, 21, 22, 92, 211, 213, 15, 114, 218, 91, 144, 12, 149,
       214, 253, 97, 67, 174, 60, 3, 78, 248, 85, 224, 211, 202, 83, 200,
       185, 225, 120, 204, 30, 239, 237, 151, 109, 158, 240, 40, 173,
       148, 60, 191, 48, 64, 181, 97, 99, 111, 52, 27, 231, 108, 68, 160,
       251, 74, 211, 216, 189, 96, 120, 220, 94, 235, 201, 179, 237, 60,
       176, 232, 167, 52, 117, 59, 113, 164, 2, 162, 134, 155, 217, 225,
       184, 71, 191, 21, 66, 145, 172, 142, 102, 77, 205, 59, 171, 144,
       54, 222, 194, 209, 15, 50, 218, 203, 144, 4, 165, 222, 11, 131,
       38, 153, 253, 151, 184, 111, 223, 217, 92, 103, 232, 248, 190,
       164, 221, 43, 178, 213, 151, 248, 79, 221, 46, 91, 143, 199, 31,
       14, 185, 143, 41, 253, 74, 73, 223, 223, 231, 247, 70, 108, 252,
       14, 33, 132, 166, 180, 104, 234, 194, 88, 87, 186, 116, 189, 127,
       69, 37, 97, 123, 142, 222, 252, 137, 197, 115, 203, 245, 217, 238,
       245, 205, 72, 121, 82, 169, 204, 188, 229, 235, 154, 6, 235, 247,
       184, 124, 255, 46, 92, 6, 72, 95, 142, 241, 164, 138, 172, 126,
       216, 242, 228, 249, 243, 189, 94, 222, 179, 60, 255, 55, 81, 231,
       187, 191, 157, 114, 221, 34, 223, 127, 63, 254, 137, 167, 196, 45,
       251, 221, 77, 254, 231, 167, 126, 95, 176, 197, 254, 23, 50, 219,
