%YAML:1.0
---
descriptors: !!opencv-matrix
   rows: 229
   cols: 32
   dt: u
   data: [ 141, 153, 151, 187, 240, 166, 41, 215, 190, 89, 82, 85, 188,
       210, 48, 105, 231, 43, 31, 29, 179, 221, 18, 127, 204, 38, 62,
       192, 152, 64, 161, 145, 246, 125, 182, 150, 203, 116, 158, 224,
       153, 218, 145, 127, 76, 254, 111, 11, 237, 243, 255, 243, 245, 71,
       154, 234, 59, 18, 207, 187, 205, 117, 171, 215, 63, 255, 224, 150,
       245, 190, 254, 191, 27, 239, 188, 231, 233, 106, 222, 148, 255,
       235, 151, 223, 254, 234, 92, 255, 190, 95, 175, 246, 175, 254,
       248, 93, 118, 209, 110, 170, 223, 213, 150, 237, 143, 116, 157,
       143, 104, 252, 62, 0, 252, 211, 211, 227, 222, 43, 58, 245, 123,
       85, 141, 255, 87, 30, 182, 214, 100, 185, 187, 226, 242, 197, 93,
       215, 59, 205, 125, 42, 28, 247, 96, 48, 253, 187, 23, 216, 83, 26,
       186, 208, 127, 156, 37, 234, 186, 130, 166, 243, 131, 156, 14,
       149, 81, 174, 234, 119, 188, 67, 74, 213, 185, 231, 54, 64, 101,
       46, 19, 141, 181, 157, 20, 239, 109, 62, 158, 128, 136, 196, 121,
       216, 46, 53, 208, 193, 213, 239, 107, 82, 11, 37, 109, 26, 24,
       151, 64, 84, 127, 190, 19, 152, 18, 154, 208, 194, 127, 28, 128,
       96, 167, 203, 118, 240, 15, 153, 183, 211, 229, 248, 164, 135,
       239, 89, 123, 98, 140, 188, 220, 236, 171, 26, 178, 83, 151, 184,
       127, 241, 36, 56, 14, 66, 207, 95, 217, 133, 127, 185, 177, 78,
       243, 215, 158, 253, 91, 232, 184, 107, 110, 252, 222, 180, 159,
       255, 149, 115, 223, 107, 168, 253, 59, 93, 13, 255, 223, 62, 154,
       95, 187, 223, 115, 126, 187, 150, 223, 245, 213, 72, 221, 229,
       120, 254, 190, 245, 222, 251, 149, 231, 239, 139, 42, 255, 51,
       127, 174, 202, 95, 150, 246, 127, 137, 159, 62, 30, 242, 214, 191,
       245, 244, 75, 87, 245, 124, 246, 170, 229, 246, 123, 150, 207,
       247, 155, 46, 255, 98, 111, 126, 138, 30, 132, 173, 253, 251, 159,
       119, 126, 187, 212, 94, 255, 213, 73, 94, 229, 104, 255, 190, 244,
       214, 187, 149, 165, 255, 139, 34, 255, 115, 127, 174, 202, 63,
       132, 236, 127, 246, 213, 101, 170, 207, 65, 151, 237, 139, 118,
       177, 171, 74, 92, 62, 19, 223, 209, 211, 227, 234, 39, 122, 181,
       123, 80, 205, 255, 117, 62, 150, 243, 30, 221, 230, 248, 191, 240,
       254, 207, 159, 92, 222, 35, 44, 254, 183, 228, 255, 251, 191, 145,
       222, 139, 34, 247, 187, 125, 174, 207, 151, 92, 189, 95, 10, 162,
       166, 155, 73, 209, 184, 71, 191, 21, 198, 145, 172, 142, 38, 204,
       205, 187, 235, 145, 22, 223, 226, 209, 23, 50, 218, 203, 146, 4,
       173, 222, 50, 157, 108, 72, 221, 215, 214, 239, 7, 101, 188, 143,
       2, 60, 54, 32, 217, 146, 159, 241, 254, 43, 117, 159, 123, 93,
       133, 247, 119, 12, 220, 95, 21, 233, 99, 235, 236, 137, 238, 229,
       108, 32, 251, 74, 179, 216, 156, 96, 106, 174, 122, 223, 222, 186,
       77, 117, 180, 168, 134, 64, 101, 154, 240, 140, 106, 160, 164,
       153, 237, 249, 152, 3, 159, 53, 133, 153, 140, 175, 102, 207, 201,
       59, 251, 17, 18, 73, 195, 209, 207, 83, 219, 127, 146, 12, 157,
       210, 156, 94, 147, 173, 178, 142, 47, 84, 60, 202, 82, 231, 221,
       231, 33, 64, 118, 125, 47, 239, 97, 149, 1, 78, 244, 230, 47, 128,
       168, 243, 33, 145, 3, 221, 109, 213, 226, 82, 173, 183, 124, 246,
       94, 162, 185, 54, 151, 103, 39, 111, 55, 141, 225, 216, 37, 108,
       108, 42, 255, 128, 37, 240, 149, 253, 248, 101, 104, 234, 136, 65,
       92, 109, 148, 3, 169, 153, 215, 111, 8, 89, 90, 147, 219, 162,
       104, 7, 194, 10, 243, 247, 222, 57, 148, 218, 166, 170, 110, 205,
       129, 186, 237, 225, 70, 140, 151, 27, 156, 19, 244, 243, 121, 66,
       217, 202, 63, 255, 123, 67, 90, 179, 235, 223, 239, 191, 154, 123,
       208, 34, 42, 243, 114, 120, 249, 150, 220, 255, 27, 141, 124, 229,
       41, 237, 246, 180, 150, 123, 149, 117, 214, 218, 170, 157, 107,
       223, 45, 239, 87, 132, 238, 223, 165, 33, 117, 67, 246, 58, 232,
       65, 124, 57, 115, 114, 208, 24, 220, 43, 251, 26, 86, 24, 183,
       240, 109, 64, 12, 24, 34, 196, 197, 139, 211, 165, 122, 85, 235,
       238, 79, 84, 151, 252, 129, 66, 156, 175, 122, 253, 63, 242, 220,
       241, 245, 227, 205, 35, 250, 185, 115, 103, 200, 155, 119, 127,
       116, 127, 6, 227, 225, 131, 212, 136, 238, 213, 47, 85, 81, 215,
       141, 200, 222, 192, 127, 202, 7, 221, 214, 56, 236, 225, 46, 28,
       190, 233, 245, 158, 245, 232, 24, 141, 58, 185, 52, 225, 123, 246,
       20, 1, 222, 2, 181, 27, 51, 64, 106, 187, 31, 193, 10, 184, 65,
       189, 229, 229, 186, 193, 53, 152, 56, 10, 2, 169, 50, 155, 117,
       229, 186, 198, 159, 13, 120, 3, 172, 158, 37, 4, 238, 59, 147, 81,
       2, 169, 18, 255, 45, 20, 26, 43, 80, 13, 37, 139, 71, 150, 133,
       145, 162, 62, 45, 186, 60, 123, 27, 244, 221, 38, 156, 239, 39,
       71, 124, 191, 181, 212, 61, 228, 140, 58, 251, 196, 140, 213, 129,
       117, 7, 191, 38, 153, 215, 215, 170, 233, 95, 217, 80, 230, 232,
       200, 190, 164, 255, 43, 146, 181, 247, 248, 109, 221, 46, 94, 143,
       199, 223, 12, 249, 157, 82, 150, 150, 183, 163, 114, 56, 175, 173,
       63, 31, 179, 205, 47, 42, 207, 231, 87, 175, 160, 52, 205, 139,
       197, 143, 243, 218, 199, 134, 100, 173, 83, 182, 23, 114, 226,
       166, 2, 95, 113, 49, 10, 251, 254, 95, 63, 172, 113, 126, 149, 23,
       226, 248, 151, 4, 206, 242, 232, 234, 150, 109, 139, 230, 19, 26,
       197, 126, 236, 187, 210, 31, 111, 189, 76, 252, 163, 111, 255, 34,
       113, 254, 187, 151, 225, 124, 139, 34, 223, 243, 247, 10, 139, 51,
       164, 167, 91, 40, 107, 107, 203, 102, 185, 235, 214, 237, 12, 124,
       226, 169, 139, 245, 204, 110, 234, 6, 222, 130, 184, 102, 224, 70,
       25, 162, 129, 247, 223, 119, 237, 27, 159, 34, 138, 247, 153, 190,
       229, 93, 64, 220, 239, 172, 12, 62, 132, 254, 139, 159, 213, 247,
       187, 76, 255, 190, 84, 142, 211, 95, 14, 185, 223, 156, 94, 94,
       183, 166, 35, 190, 240, 220, 226, 23, 243, 93, 121, 179, 11, 127,
       113, 150, 227, 229, 245, 12, 238, 114, 195, 239, 133, 61, 251,
       185, 129, 220, 201, 126, 252, 143, 195, 23, 229, 156, 54, 150, 34,
       95, 255, 34, 67, 227, 243, 191, 67, 120, 13, 10, 176, 251, 227,
       111, 87, 53, 56, 173, 67, 29, 126, 210, 225, 178, 58, 110, 247,
       53, 170, 126, 230, 79, 35, 161, 244, 119, 124, 172, 184, 161, 148,
       9, 206, 186, 247, 39, 134, 170, 242, 41, 189, 136, 235, 33, 187,
       125, 201, 163, 228, 142, 76, 80, 131, 175, 205, 112, 132, 138,
       123, 131, 71, 66, 40, 74, 183, 237, 212, 15, 184, 86, 31, 21, 251,
       11, 140, 135, 190, 53, 230, 232, 35, 188, 75, 90, 81, 188, 178,
       50, 224, 225, 42, 63, 141, 53, 141, 2, 239, 200, 127, 186, 192,
       14, 4, 121, 218, 62, 189, 57, 234, 253, 197, 159, 251, 159, 109,
       156, 43, 92, 253, 124, 32, 159, 211, 215, 245, 250, 43, 122, 255,
       123, 93, 173, 255, 213, 14, 183, 115, 126, 247, 37, 226, 219, 71,
       159, 249, 131, 252, 152, 107, 90, 93, 44, 164, 189, 211, 223, 227,
       217, 35, 122, 223, 59, 79, 141, 254, 119, 62, 150, 115, 141, 167,
       93, 67, 166, 139, 169, 41, 126, 49, 115, 242, 209, 72, 220, 169,
       127, 9, 6, 59, 211, 252, 77, 84, 12, 138, 119, 196, 205, 138, 203,
       161, 27, 156, 23, 255, 147, 230, 60, 190, 181, 82, 78, 66, 124,
       55, 32, 237, 119, 247, 185, 170, 33, 153, 57, 253, 185, 230, 90,
       70, 186, 85, 161, 58, 118, 253, 237, 238, 207, 69, 150, 232, 131,
       114, 152, 15, 88, 252, 127, 2, 221, 211, 243, 227, 205, 99, 250,
       185, 115, 71, 205, 191, 117, 127, 62, 82, 50, 68, 162, 140, 21,
       163, 154, 206, 95, 5, 216, 135, 172, 136, 55, 64, 217, 171, 147,
       149, 142, 186, 20, 223, 176, 52, 154, 3, 149, 94, 61, 206, 133,
       164, 20, 235, 236, 43, 233, 141, 110, 51, 33, 144, 213, 64, 220,
       203, 91, 142, 106, 57, 51, 116, 79, 83, 12, 9, 127, 100, 221, 74,
       201, 128, 247, 149, 53, 218, 173, 55, 158, 253, 155, 250, 153,
