%YAML:1.0
---
descriptors: !!opencv-matrix
   rows: 100
   cols: 32
   dt: u
   data: [ 19, 94, 106, 172, 22, 22, 191, 254, 196, 68, 220, 135, 41,
       204, 183, 224, 126, 225, 151, 239, 205, 167, 52, 223, 50, 111,
       171, 140, 125, 189, 121, 220, 51, 55, 106, 108, 54, 179, 90, 123,
       87, 224, 252, 175, 99, 204, 182, 240, 254, 172, 149, 244, 143,
       178, 77, 159, 186, 237, 161, 215, 125, 174, 120, 95, 57, 76, 106,
       40, 21, 23, 210, 114, 85, 100, 238, 15, 3, 137, 51, 1, 120, 168,
       131, 239, 204, 183, 20, 158, 243, 73, 129, 29, 119, 45, 120, 66,
       17, 23, 15, 173, 50, 66, 43, 112, 4, 76, 219, 230, 215, 6, 162,
       96, 118, 133, 12, 237, 201, 145, 37, 12, 176, 165, 42, 196, 60,
       138, 33, 113, 220, 89, 63, 164, 42, 102, 125, 178, 173, 222, 154,
       103, 255, 55, 33, 91, 102, 245, 125, 234, 200, 197, 179, 232, 241,
       227, 234, 128, 44, 241, 37, 123, 127, 77, 103, 238, 144, 214, 79,
       176, 160, 192, 202, 194, 113, 118, 177, 240, 92, 228, 93, 239,
       233, 131, 188, 46, 57, 174, 175, 128, 45, 243, 114, 112, 2, 215,
       16, 153, 178, 137, 60, 15, 30, 13, 88, 231, 172, 34, 170, 192,
       215, 27, 135, 1, 86, 152, 65, 215, 36, 54, 62, 131, 156, 76, 137,
       159, 3, 147, 88, 91, 226, 144, 190, 189, 90, 67, 113, 244, 249,
       250, 254, 112, 87, 11, 22, 143, 215, 60, 206, 247, 44, 62, 58,
       238, 93, 131, 203, 149, 31, 104, 225, 129, 198, 119, 236, 214,
       123, 226, 28, 198, 157, 45, 209, 174, 63, 205, 21, 157, 129, 112,
       141, 224, 140, 94, 159, 164, 175, 247, 27, 245, 109, 6, 110, 8,
       93, 182, 235, 88, 197, 5, 255, 23, 73, 200, 190, 92, 120, 160,
       130, 189, 148, 179, 38, 220, 86, 111, 130, 73, 183, 207, 120, 196,
       244, 105, 239, 101, 172, 75, 71, 253, 81, 174, 182, 42, 83, 113,
       209, 35, 88, 244, 108, 106, 200, 241, 233, 40, 247, 137, 229, 53,
       97, 251, 86, 105, 171, 25, 115, 204, 102, 115, 45, 113, 29, 70,
       119, 230, 72, 6, 183, 236, 126, 188, 182, 174, 225, 182, 53, 222,
       22, 62, 194, 130, 31, 255, 160, 245, 90, 185, 190, 176, 169, 252,
       28, 135, 171, 221, 134, 25, 140, 190, 70, 74, 161, 87, 249, 17,
       22, 73, 178, 224, 219, 243, 94, 95, 128, 68, 165, 95, 239, 87,
       121, 192, 234, 125, 31, 217, 205, 110, 189, 254, 94, 223, 239,
       180, 191, 145, 223, 110, 197, 39, 44, 210, 242, 93, 33, 190, 94,
       255, 141, 117, 17, 95, 115, 222, 86, 210, 239, 116, 249, 64, 122,
       198, 57, 231, 181, 244, 110, 232, 22, 206, 193, 155, 36, 239, 50,
       236, 162, 136, 47, 179, 96, 253, 81, 82, 252, 253, 32, 94, 125,
       20, 236, 94, 86, 165, 255, 39, 147, 123, 102, 101, 60, 78, 197,
       196, 167, 64, 194, 235, 114, 128, 44, 176, 5, 91, 41, 144, 49,
       216, 125, 253, 145, 154, 95, 89, 112, 88, 150, 220, 44, 236, 217,
       24, 146, 25, 183, 46, 114, 151, 15, 95, 17, 126, 218, 12, 80, 247,
       222, 88, 191, 180, 130, 102, 125, 16, 185, 198, 70, 19, 93, 191,
       99, 91, 230, 245, 189, 195, 32, 213, 179, 192, 209, 231, 223, 129,
       160, 241, 37, 115, 91, 141, 7, 188, 153, 212, 86, 231, 161, 64,
       234, 9, 47, 254, 34, 211, 224, 231, 253, 195, 124, 11, 146, 189,
       187, 225, 206, 27, 2, 100, 174, 78, 2, 152, 114, 219, 85, 247,
       187, 71, 63, 13, 124, 3, 40, 140, 54, 68, 254, 59, 3, 145, 166,
       184, 48, 253, 39, 62, 154, 67, 209, 12, 229, 222, 202, 109, 103,
       132, 229, 84, 188, 103, 169, 202, 154, 195, 40, 174, 117, 167,
       238, 231, 211, 231, 229, 207, 150, 200, 55, 121, 206, 139, 7, 116,
       59, 252, 107, 170, 228, 19, 237, 185, 188, 143, 203, 191, 188,
       159, 168, 168, 222, 142, 205, 71, 251, 149, 150, 105, 207, 241,
       14, 94, 223, 255, 199, 92, 216, 206, 10, 27, 38, 141, 125, 183,
       184, 7, 143, 13, 222, 39, 172, 142, 54, 196, 196, 55, 187, 133,
       134, 137, 51, 221, 71, 116, 154, 147, 22, 14, 53, 207, 130, 222,
       26, 156, 107, 193, 189, 231, 157, 22, 84, 187, 172, 207, 98, 9,
       175, 57, 131, 195, 96, 31, 34, 245, 119, 146, 94, 171, 22, 24,
       173, 203, 250, 61, 226, 156, 239, 80, 188, 71, 169, 194, 212, 163,
       44, 254, 87, 10, 234, 127, 177, 145, 64, 203, 162, 200, 63, 113,
       222, 139, 135, 116, 55, 255, 23, 203, 97, 33, 246, 19, 234, 216,
       126, 125, 112, 231, 9, 40, 255, 200, 127, 205, 39, 253, 150, 58,
       13, 212, 60, 72, 175, 228, 245, 149, 241, 197, 31, 33, 226, 133,
       199, 20, 238, 81, 35, 225, 30, 198, 40, 168, 215, 166, 126, 237,
       181, 205, 205, 176, 148, 224, 62, 92, 143, 162, 175, 246, 251,
       156, 38, 78, 227, 152, 221, 243, 207, 194, 207, 198, 220, 131, 72,
       204, 183, 76, 121, 232, 131, 183, 134, 163, 36, 200, 18, 62, 139,
       139, 151, 127, 116, 196, 8, 155, 185, 249, 207, 237, 181, 207, 94,
       53, 72, 50, 174, 189, 104, 104, 207, 27, 130, 17, 18, 56, 115,
       243, 239, 213, 86, 123, 144, 72, 133, 235, 171, 126, 226, 132,
       238, 51, 188, 214, 219, 238, 28, 239, 140, 140, 247, 143, 110,
       109, 151, 21, 229, 122, 228, 202, 62, 89, 239, 175, 79, 252, 89,
       221, 147, 252, 99, 145, 86, 194, 169, 103, 189, 192, 90, 199, 41,
       142, 116, 33, 46, 171, 19, 149, 229, 157, 20, 206, 60, 12, 158,
       194, 45, 4, 51, 222, 103, 51, 254, 233, 252, 27, 248, 91, 207,
       233, 180, 226, 157, 159, 246, 96, 238, 157, 127, 221, 156, 43,
       103, 208, 254, 217, 175, 254, 149, 136, 225, 209, 253, 223, 254,
       126, 188, 54, 95, 252, 83, 234, 189, 255, 115, 253, 191, 49, 159,
       246, 181, 110, 253, 225, 187, 63, 251, 207, 229, 220, 239, 251,
       214, 123, 59, 18, 99, 229, 118, 18, 120, 113, 101, 72, 246, 231,
       27, 13, 182, 240, 126, 141, 151, 173, 201, 186, 37, 140, 210, 237,
       162, 128, 111, 140, 112, 121, 45, 243, 112, 137, 108, 29, 248, 25,
       79, 120, 21, 108, 159, 216, 223, 173, 142, 8, 118, 61, 199, 36,
       127, 145, 78, 89, 33, 252, 94, 142, 89, 213, 185, 207, 106, 77,
       150, 130, 239, 252, 84, 96, 254, 194, 81, 41, 176, 224, 126, 206,
       19, 238, 249, 187, 45, 63, 126, 173, 167, 68, 127, 154, 240, 168,
       2, 95, 186, 159, 11, 163, 189, 199, 158, 7, 216, 167, 172, 238,
       35, 74, 230, 123, 139, 133, 2, 129, 2, 249, 224, 52, 218, 163,
       144, 120, 37, 219, 18, 51, 234, 165, 183, 192, 188, 103, 137, 133,
       158, 163, 173, 142, 86, 2, 238, 63, 213, 145, 212, 139, 134, 200,
       155, 84, 158, 131, 133, 6, 183, 207, 250, 37, 106, 236, 85, 208,
       250, 99, 33, 196, 92, 143, 41, 206, 182, 148, 120, 236, 145, 237,
       220, 154, 180, 207, 114, 109, 138, 201, 39, 166, 126, 212, 46, 73,
       226, 136, 221, 243, 191, 69, 142, 196, 220, 163, 104, 236, 55,
       204, 216, 234, 131, 213, 6, 163, 102, 232, 53, 52, 142, 11, 215,
       127, 116, 246, 2, 72, 138, 158, 65, 161, 190, 67, 134, 6, 200,
       131, 168, 130, 99, 72, 233, 43, 163, 135, 66, 143, 2, 241, 148, 4,
       154, 41, 21, 124, 37, 138, 128, 167, 153, 251, 221, 205, 177, 239,
       158, 53, 68, 18, 140, 191, 104, 97, 197, 27, 163, 17, 50, 120,
       122, 215, 237, 145, 30, 111, 144, 8, 133, 234, 51, 143, 67, 158,
       118, 130, 235, 114, 20, 73, 219, 246, 113, 235, 176, 96, 125, 234,
       23, 237, 249, 155, 12, 255, 184, 46, 170, 192, 61, 139, 240, 176,
       17, 185, 186, 237, 23, 207, 243, 67, 140, 65, 77, 2, 54, 189, 34,
       96, 232, 42, 19, 16, 83, 185, 48, 139, 241, 205, 14, 3, 184, 72,
       241, 250, 155, 71, 98, 164, 146, 179, 189, 119, 188, 68, 94, 167,
       45, 206, 183, 165, 62, 59, 151, 237, 196, 145, 36, 220, 114, 73,
       170, 128, 39, 244, 41, 205, 127, 159, 250, 208, 245, 244, 251,
       210, 187, 77, 190, 103, 60, 255, 247, 116, 183, 243, 151, 145,
       167, 3, 170, 227, 123, 253, 47, 239, 143, 245, 109, 119, 34, 129,
       226, 14, 85, 209, 210, 77, 75, 69, 232, 131, 42, 236, 62, 212,
       216, 171, 131, 129, 14, 43, 244, 233, 59, 52, 128, 59, 215, 14,
       124, 222, 123, 86, 234, 253, 37, 118, 95, 190, 89, 206, 86, 231,
       251, 127, 191, 236, 214, 247, 181, 237, 237, 196, 119, 171, 227,
