%YAML:1.0
---
descriptors: !!opencv-matrix
   rows: 288
   cols: 32
   dt: u
   data: [ 191, 35, 106, 192, 214, 50, 255, 85, 57, 228, 127, 130, 73,
       142, 191, 97, 126, 173, 23, 255, 220, 179, 164, 204, 55, 105, 143,
       133, 39, 215, 246, 198, 45, 181, 57, 99, 220, 79, 67, 220, 86,
       253, 61, 28, 211, 85, 90, 48, 89, 218, 22, 124, 187, 50, 120, 22,
       111, 221, 37, 124, 241, 218, 214, 242, 158, 31, 126, 190, 99, 144,
       58, 96, 173, 140, 85, 167, 108, 207, 34, 81, 166, 115, 239, 195,
       70, 139, 2, 237, 242, 241, 42, 139, 54, 39, 47, 87, 74, 184, 191,
       248, 42, 237, 57, 23, 175, 89, 180, 188, 188, 151, 194, 122, 167,
       51, 255, 16, 147, 73, 178, 209, 222, 209, 122, 250, 152, 128, 135,
       123, 45, 121, 81, 71, 113, 95, 102, 176, 105, 232, 111, 76, 254,
       83, 133, 180, 148, 116, 86, 122, 193, 176, 121, 110, 39, 220, 5,
       6, 74, 179, 66, 189, 59, 222, 111, 236, 126, 18, 239, 121, 37, 78,
       223, 231, 121, 238, 182, 97, 126, 141, 191, 239, 205, 151, 37,
       204, 246, 235, 234, 128, 61, 174, 116, 249, 90, 251, 190, 176,
       171, 192, 57, 199, 175, 21, 134, 179, 172, 191, 98, 74, 231, 123,
       251, 209, 18, 73, 162, 224, 217, 211, 222, 235, 128, 21, 165, 123,
       88, 249, 147, 240, 187, 205, 81, 199, 171, 113, 164, 24, 158, 159,
       64, 186, 163, 151, 253, 80, 27, 107, 146, 241, 219, 209, 22, 127,
       202, 0, 167, 59, 205, 112, 255, 209, 236, 120, 237, 212, 239, 210,
       54, 252, 157, 159, 209, 59, 167, 117, 126, 127, 129, 117, 182,
       192, 86, 251, 127, 172, 206, 249, 195, 241, 89, 95, 251, 236, 102,
       98, 255, 120, 37, 204, 255, 231, 121, 255, 163, 114, 126, 245,
       127, 174, 193, 179, 165, 200, 246, 237, 171, 128, 47, 242, 99,
       249, 3, 155, 90, 139, 246, 139, 186, 245, 30, 73, 88, 231, 173,
       236, 166, 196, 126, 59, 135, 84, 151, 184, 76, 255, 110, 4, 47,
       192, 156, 142, 137, 157, 2, 76, 146, 159, 21, 231, 190, 70, 30,
       14, 90, 3, 172, 238, 49, 72, 248, 107, 179, 195, 32, 184, 18, 255,
       37, 54, 154, 131, 148, 121, 53, 202, 175, 50, 229, 209, 236, 61,
       233, 218, 239, 115, 116, 222, 153, 222, 223, 175, 111, 202, 127,
       31, 147, 116, 255, 240, 142, 89, 251, 236, 142, 221, 83, 245, 38,
       76, 98, 158, 85, 243, 190, 232, 28, 6, 120, 3, 104, 252, 55, 128,
       216, 121, 147, 195, 96, 182, 74, 255, 53, 62, 138, 11, 85, 127,
       125, 206, 204, 191, 156, 243, 168, 44, 127, 190, 171, 191, 63,
       125, 255, 119, 75, 27, 135, 87, 125, 90, 50, 72, 219, 35, 239,
       255, 117, 240, 194, 211, 207, 91, 166, 76, 98, 222, 85, 147, 214,
       232, 93, 6, 248, 11, 104, 216, 55, 20, 216, 248, 147, 99, 228,
       182, 74, 255, 55, 30, 131, 43, 87, 191, 126, 142, 234, 249, 82,
       238, 117, 221, 90, 104, 189, 8, 245, 8, 239, 219, 44, 16, 222,
       169, 223, 98, 106, 167, 88, 255, 179, 220, 1, 123, 86, 135, 74, 3,
       106, 252, 56, 90, 121, 221, 19, 152, 155, 124, 61, 45, 236, 223,
       79, 16, 133, 123, 245, 82, 134, 79, 250, 247, 111, 93, 5, 187, 82,
       23, 7, 251, 72, 181, 154, 97, 176, 175, 113, 23, 43, 61, 62, 25,
       159, 187, 64, 18, 165, 31, 109, 24, 18, 248, 145, 0, 207, 221, 52,
       85, 194, 192, 206, 3, 104, 161, 169, 254, 201, 229, 93, 143, 131,
       31, 236, 25, 182, 255, 74, 24, 201, 147, 225, 128, 26, 10, 242,
       51, 235, 215, 220, 57, 144, 80, 134, 90, 95, 124, 231, 87, 39,
       222, 126, 176, 253, 202, 95, 192, 249, 254, 151, 245, 167, 255,
       253, 207, 237, 212, 63, 239, 167, 127, 207, 130, 39, 247, 85, 117,
       56, 21, 254, 225, 245, 111, 124, 91, 63, 231, 123, 17, 207, 63,
       14, 24, 191, 159, 183, 48, 60, 240, 81, 198, 207, 223, 19, 71,
       230, 204, 198, 211, 154, 26, 195, 155, 101, 183, 168, 64, 31, 9,
       82, 118, 168, 194, 165, 204, 249, 169, 166, 208, 7, 156, 3, 243,
       6, 118, 154, 66, 151, 13, 105, 141, 72, 253, 157, 229, 168, 78,
       127, 182, 44, 170, 254, 32, 255, 55, 0, 98, 135, 118, 125, 72, 73,
       248, 241, 45, 231, 255, 119, 16, 74, 176, 135, 59, 61, 113, 121,
       99, 116, 31, 75, 248, 97, 232, 253, 76, 115, 73, 153, 48, 28, 200,
       21, 126, 203, 178, 125, 63, 251, 205, 33, 180, 111, 171, 82, 176,
       168, 96, 116, 113, 109, 93, 240, 74, 235, 186, 240, 25, 170, 153,
       85, 27, 202, 137, 111, 1, 142, 119, 211, 209, 23, 89, 80, 63, 71,
       140, 70, 143, 3, 95, 62, 157, 115, 242, 187, 70, 188, 204, 222,
       167, 172, 134, 167, 228, 230, 123, 186, 197, 228, 153, 38, 239,
       164, 54, 26, 131, 20, 92, 45, 253, 222, 190, 146, 186, 186, 169,
       58, 200, 190, 23, 218, 245, 236, 227, 107, 200, 183, 123, 239, 82,
       54, 5, 138, 243, 188, 180, 43, 239, 156, 85, 45, 147, 35, 207,
       106, 158, 94, 145, 254, 228, 223, 4, 92, 239, 96, 232, 182, 64,
       122, 234, 147, 199, 198, 171, 14, 255, 62, 44, 143, 139, 29, 159,
       120, 205, 236, 117, 17, 248, 233, 237, 125, 223, 171, 184, 188,
       72, 158, 215, 77, 187, 143, 155, 223, 120, 67, 67, 210, 208, 255,
       217, 39, 254, 202, 208, 131, 51, 18, 94, 46, 157, 48, 242, 171,
       98, 237, 204, 222, 98, 172, 54, 183, 101, 230, 245, 125, 201, 169,
       137, 37, 236, 177, 54, 170, 146, 4, 117, 53, 109, 124, 107, 49,
       100, 109, 31, 87, 120, 233, 174, 188, 73, 110, 201, 85, 151, 156,
       228, 76, 110, 200, 99, 194, 200, 243, 217, 101, 58, 67, 255, 66,
       99, 76, 57, 59, 229, 52, 78, 127, 48, 108, 200, 94, 0, 223, 87, 1,
       112, 150, 125, 93, 122, 201, 176, 241, 12, 239, 253, 39, 128, 8,
       187, 7, 115, 7, 181, 121, 243, 252, 141, 217, 153, 95, 249, 145,
       254, 221, 93, 212, 41, 159, 153, 87, 53, 179, 106, 121, 214, 206,
       223, 47, 254, 213, 138, 211, 161, 130, 181, 114, 168, 219, 135,
       188, 239, 158, 49, 152, 187, 12, 190, 124, 129, 175, 59, 211, 241,
       118, 43, 8, 213, 60, 16, 143, 239, 21, 28, 163, 159, 137, 50, 126,
       161, 100, 59, 233, 87, 124, 125, 118, 246, 157, 139, 178, 105,
       110, 13, 127, 29, 150, 252, 37, 213, 214, 249, 186, 192, 108, 136,
       41, 217, 186, 97, 98, 230, 119, 83, 218, 113, 61, 100, 247, 11,
       75, 157, 190, 164, 126, 189, 151, 239, 236, 183, 53, 222, 179,
       249, 139, 155, 103, 174, 126, 198, 41, 178, 109, 249, 108, 75,
       233, 83, 62, 125, 118, 246, 157, 135, 210, 105, 110, 140, 127,
       140, 131, 252, 229, 209, 214, 249, 250, 192, 61, 136, 117, 249,
       56, 143, 107, 235, 84, 243, 107, 127, 87, 69, 126, 135, 107, 233,
       182, 96, 122, 170, 6, 172, 191, 186, 117, 255, 246, 205, 130, 65,
       119, 142, 244, 252, 71, 47, 228, 199, 239, 59, 250, 168, 43, 254,
       187, 143, 108, 110, 95, 159, 175, 215, 255, 231, 134, 99, 255,
       253, 30, 122, 207, 191, 167, 247, 91, 87, 171, 179, 125, 99, 237,
       223, 221, 189, 95, 249, 29, 127, 154, 29, 222, 32, 159, 155, 151,
       21, 223, 122, 123, 150, 79, 93, 53, 247, 87, 142, 212, 247, 123,
       84, 96, 239, 29, 126, 216, 95, 113, 103, 237, 2, 123, 31, 31, 253,
       252, 159, 145, 173, 168, 242, 241, 220, 247, 251, 154, 49, 251,
       214, 94, 254, 189, 126, 81, 111, 51, 63, 78, 216, 21, 98, 252,
       231, 107, 71, 137, 213, 126, 216, 134, 110, 235, 182, 89, 191, 54,
       248, 33, 144, 127, 255, 74, 209, 50, 151, 16, 219, 93, 253, 146,
       239, 95, 61, 249, 127, 40, 217, 60, 192, 249, 139, 143, 145, 62,
       43, 74, 215, 31, 86, 155, 127, 219, 14, 220, 147, 61, 47, 67, 202,
       254, 147, 207, 248, 196, 232, 189, 238, 83, 194, 185, 176, 126,
       224, 94, 254, 217, 35, 108, 188, 248, 205, 167, 252, 127, 171,
       242, 177, 222, 78, 38, 228, 1, 222, 126, 102, 189, 138, 242, 3,
       78, 250, 53, 241, 248, 245, 253, 227, 108, 215, 128, 206, 243,
       255, 207, 131, 35, 116, 111, 6, 53, 127, 235, 228, 118, 42, 239,
       80, 105, 232, 255, 238, 91, 237, 181, 48, 126, 236, 23, 239, 137,
       179, 172, 206, 242, 173, 167, 148, 237, 251, 114, 121, 75, 182,
       120, 248, 255, 253, 249, 87, 239, 95, 188, 189, 188, 159, 214, 52,
