%YAML:1.0
---
descriptors: !!opencv-matrix
   rows: 72
   cols: 32
   dt: u
   data: [ 105, 146, 173, 21, 75, 212, 49, 83, 182, 255, 180, 63, 169,
       246, 194, 255, 109, 160, 238, 140, 143, 74, 242, 145, 95, 67, 243,
       235, 251, 44, 46, 247, 17, 143, 75, 169, 150, 163, 235, 119, 84,
       65, 218, 230, 113, 235, 176, 64, 123, 170, 31, 189, 155, 155, 5,
       255, 248, 132, 170, 192, 181, 202, 176, 40, 2, 8, 34, 155, 85,
       231, 186, 67, 30, 71, 83, 19, 172, 222, 54, 196, 249, 41, 147,
       149, 54, 156, 22, 223, 13, 54, 154, 195, 148, 14, 53, 198, 6, 1,
       130, 139, 221, 227, 178, 72, 14, 5, 89, 3, 196, 234, 41, 76, 216,
       106, 163, 209, 18, 146, 90, 240, 13, 52, 139, 71, 148, 127, 189,
       134, 127, 77, 103, 102, 144, 198, 79, 244, 160, 192, 202, 133, 81,
       103, 177, 116, 124, 228, 93, 238, 233, 131, 60, 110, 249, 110,
       173, 132, 39, 247, 50, 112, 3, 149, 31, 186, 178, 229, 57, 191,
       174, 89, 26, 96, 220, 247, 40, 64, 183, 19, 63, 144, 19, 8, 42,
       213, 237, 151, 63, 206, 144, 66, 161, 57, 89, 147, 69, 165, 34,
       10, 109, 49, 100, 68, 214, 230, 247, 7, 146, 103, 102, 132, 60,
       238, 217, 144, 101, 13, 244, 235, 234, 128, 46, 166, 33, 121, 27,
       140, 35, 185, 151, 231, 138, 71, 159, 65, 216, 135, 173, 172, 54,
       192, 239, 171, 159, 149, 63, 137, 23, 255, 185, 86, 158, 210, 191,
       76, 177, 222, 42, 186, 98, 80, 115, 253, 177, 71, 11, 109, 124,
       191, 40, 156, 86, 52, 143, 187, 215, 17, 150, 58, 244, 211, 31,
       93, 16, 235, 199, 12, 222, 223, 246, 108, 119, 252, 172, 35, 220,
       142, 91, 179, 82, 241, 94, 253, 117, 25, 151, 255, 53, 7, 248,
       221, 139, 247, 138, 250, 221, 214, 150, 244, 210, 31, 210, 27,
       174, 190, 171, 84, 189, 39, 169, 222, 150, 167, 108, 190, 54, 71,
       166, 119, 253, 195, 196, 75, 178, 233, 115, 112, 222, 155, 5, 116,
       165, 95, 63, 151, 239, 5, 214, 62, 239, 249, 83, 229, 30, 207, 89,
       44, 223, 174, 127, 196, 151, 189, 157, 242, 61, 202, 62, 79, 229,
       196, 239, 255, 248, 212, 245, 109, 127, 101, 164, 75, 231, 181,
       65, 232, 190, 42, 83, 61, 145, 35, 56, 244, 124, 106, 200, 241,
       233, 44, 247, 233, 101, 48, 101, 250, 214, 104, 160, 141, 177,
       153, 253, 241, 208, 143, 95, 91, 88, 16, 182, 152, 36, 104, 201,
       10, 51, 17, 55, 40, 99, 179, 7, 30, 154, 123, 144, 88, 212, 142,
       135, 251, 104, 179, 246, 153, 191, 247, 142, 89, 21, 247, 189,
       206, 254, 32, 143, 91, 23, 221, 211, 8, 46, 245, 110, 25, 62, 232,
       157, 142, 147, 249, 233, 178, 166, 29, 207, 252, 49, 91, 246, 223,
       214, 55, 171, 245, 226, 239, 105, 174, 238, 148, 191, 124, 247,
       147, 223, 231, 247, 201, 186, 76, 60, 255, 162, 47, 226, 220, 119,
       144, 188, 71, 184, 204, 84, 163, 40, 172, 247, 167, 238, 255, 147,
       149, 130, 218, 166, 200, 62, 56, 190, 171, 199, 244, 119, 223, 30,
       157, 246, 191, 151, 118, 62, 255, 31, 79, 94, 23, 76, 255, 62,
       196, 247, 219, 183, 145, 180, 216, 57, 226, 171, 127, 222, 199,
       191, 84, 173, 95, 68, 140, 136, 146, 212, 8, 174, 226, 184, 2,
       176, 19, 236, 98, 105, 83, 121, 227, 10, 162, 118, 99, 74, 235,
       188, 6, 207, 108, 145, 120, 97, 136, 98, 193, 68, 233, 68, 131,
       238, 45, 77, 32, 195, 66, 193, 11, 60, 65, 122, 128, 59, 235, 80,
       188, 77, 213, 52, 186, 206, 68, 53, 138, 208, 128, 65, 90, 254,
       252, 32, 4, 125, 20, 233, 94, 86, 165, 189, 183, 179, 123, 102,
       101, 61, 76, 196, 68, 167, 65, 194, 187, 114, 128, 12, 176, 37,
       121, 46, 70, 230, 8, 221, 243, 183, 70, 207, 206, 124, 131, 72,
       204, 55, 76, 217, 233, 131, 151, 132, 163, 36, 200, 119, 127, 134,
       11, 215, 127, 117, 198, 160, 155, 177, 219, 253, 249, 148, 207,
       94, 21, 64, 50, 166, 188, 36, 104, 193, 26, 130, 17, 54, 56, 99,
       183, 45, 54, 30, 123, 144, 88, 213, 239, 17, 121, 187, 253, 151,
       239, 183, 71, 222, 97, 108, 2, 62, 185, 32, 32, 226, 42, 18, 2,
       67, 185, 48, 170, 245, 205, 22, 50, 216, 88, 209, 250, 35, 13, 99,
       223, 199, 119, 236, 99, 93, 194, 127, 134, 121, 238, 183, 237,
       126, 171, 178, 175, 165, 178, 54, 222, 23, 62, 202, 136, 255, 255,
       121, 220, 1, 78, 203, 157, 70, 170, 111, 87, 60, 130, 90, 194,
       189, 162, 177, 104, 107, 111, 22, 137, 64, 156, 132, 234, 180,
       166, 62, 128, 37, 240, 49, 136, 35, 43, 226, 8, 253, 144, 254, 71,
       205, 197, 248, 7, 40, 232, 119, 214, 236, 171, 138, 149, 150, 171,
       166, 200, 62, 28, 134, 11, 213, 110, 252, 207, 10, 92, 34, 153,
       85, 247, 184, 71, 31, 15, 88, 3, 172, 222, 39, 204, 221, 59, 147,
       145, 6, 188, 80, 255, 39, 22, 154, 131, 150, 92, 53, 222, 74, 27,
       182, 205, 61, 150, 185, 7, 143, 13, 222, 2, 172, 154, 55, 228,
       204, 53, 187, 193, 128, 137, 83, 221, 39, 116, 154, 147, 22, 12,
       53, 47, 34, 136, 242, 155, 85, 197, 176, 196, 31, 5, 112, 3, 44,
       158, 38, 76, 248, 59, 3, 209, 22, 186, 26, 245, 7, 22, 154, 3,
       209, 28, 229, 206, 252, 123, 254, 101, 228, 74, 119, 245, 113,
       166, 118, 42, 115, 113, 129, 51, 58, 244, 108, 106, 232, 241, 161,
       42, 247, 233, 101, 1, 103, 250, 214, 43, 91, 141, 7, 188, 153,
       212, 94, 231, 165, 64, 202, 9, 239, 254, 34, 209, 192, 231, 253,
       197, 124, 11, 146, 191, 251, 247, 206, 91, 18, 68, 174, 74, 63, 9,
       235, 128, 214, 86, 203, 209, 199, 232, 223, 231, 89, 236, 247,
       166, 126, 237, 183, 253, 157, 243, 172, 200, 58, 77, 175, 196,
       175, 175, 120, 245, 23, 147, 251, 250, 214, 134, 239, 113, 188,
       65, 95, 214, 93, 239, 184, 96, 118, 251, 23, 255, 145, 145, 60,
       228, 253, 239, 174, 192, 173, 227, 161, 241, 132, 142, 140, 151,
       212, 42, 166, 238, 178, 183, 176, 18, 233, 98, 104, 75, 121, 226,
       10, 160, 56, 111, 74, 239, 252, 6, 223, 101, 177, 120, 229, 128,
       18, 206, 6, 157, 15, 163, 188, 238, 156, 2, 210, 247, 236, 46, 55,
       73, 239, 97, 171, 135, 100, 165, 3, 255, 148, 22, 218, 147, 29,
       93, 41, 159, 30, 90, 230, 254, 39, 208, 95, 82, 149, 198, 84, 166,
       41, 231, 163, 205, 110, 232, 183, 206, 204, 223, 38, 232, 210,
       251, 202, 139, 55, 189, 60, 245, 107, 30, 106, 222, 87, 212, 251,
       113, 81, 76, 93, 7, 120, 254, 62, 116, 124, 170, 147, 141, 167,
       146, 180, 207, 119, 109, 170, 137, 47, 6, 126, 255, 128, 179, 177,
       217, 223, 237, 181, 207, 94, 53, 72, 26, 174, 188, 108, 73, 213,
       27, 162, 17, 50, 120, 122, 211, 45, 82, 22, 119, 144, 72, 133,
       234, 42, 156, 180, 218, 231, 247, 188, 231, 31, 255, 156, 51, 172,
       254, 38, 140, 223, 123, 179, 145, 182, 207, 122, 242, 63, 87, 223,
       215, 151, 92, 173, 223, 171, 90, 194, 218, 101, 149, 188, 198,
       223, 202, 80, 118, 40, 202, 247, 236, 204, 233, 130, 212, 199,
       182, 70, 234, 22, 90, 150, 139, 159, 28, 120, 157, 202, 89, 50,
       206, 61, 148, 184, 7, 141, 9, 222, 71, 172, 138, 38, 196, 200, 59,
       175, 65, 74, 171, 18, 215, 178, 116, 138, 27, 26, 14, 185, 15, 9,
       218, 125, 223, 34, 212, 107, 176, 172, 94, 84, 230, 253, 71, 187,
       229, 102, 96, 62, 206, 195, 4, 63, 253, 196, 171, 234, 128, 62,
       179, 5, 121, 59, 25, 102, 220, 53, 146, 232, 119, 205, 76, 222,
       230, 40, 140, 183, 228, 110, 170, 159, 141, 141, 185, 38, 236, 18,
       126, 154, 131, 31, 140, 120, 93, 45, 27, 59, 184, 252, 215, 27,
       80, 159, 77, 92, 103, 188, 223, 167, 224, 222, 41, 150, 84, 151,
       171, 50, 253, 234, 253, 34, 202, 158, 143, 45, 241, 45, 47, 105,
       252, 252, 173, 206, 210, 205, 194, 252, 207, 179, 237, 55, 0, 220,
       106, 3, 111, 137, 34, 82, 186, 102, 221, 5, 56, 223, 251, 90, 216,
       60, 31, 122, 250, 190, 130, 223, 249, 212, 4, 221, 230, 81, 203,
       169, 96, 94, 184, 142, 226, 217, 163, 30, 252, 242, 229, 175, 204,
       61, 251, 244, 177, 38, 160, 152, 152, 85, 213, 176, 200, 30, 21,
       112, 11, 44, 218, 110, 136, 217, 185, 131, 17, 6, 50, 90, 209, 31,
       21, 139, 111, 144, 8, 29, 198, 183, 41, 235, 132, 116, 210, 235,
