%YAML:1.0
---
descriptors: !!opencv-matrix
   rows: 201
   cols: 32
   dt: u
   data: [ 199, 238, 142, 191, 156, 3, 62, 232, 30, 254, 215, 167, 236,
       233, 123, 67, 213, 111, 251, 247, 228, 215, 207, 255, 252, 55,
       207, 135, 156, 127, 57, 219, 19, 190, 107, 137, 182, 163, 171, 87,
       126, 105, 94, 230, 177, 6, 178, 100, 127, 43, 22, 157, 147, 152,
       37, 95, 172, 14, 190, 192, 189, 192, 177, 253, 1, 223, 119, 215,
       244, 140, 237, 183, 253, 81, 122, 228, 189, 174, 180, 101, 230,
       107, 54, 13, 211, 184, 118, 245, 44, 186, 254, 128, 76, 216, 193,
       189, 154, 107, 55, 251, 170, 233, 189, 86, 47, 62, 250, 179, 173,
       143, 65, 72, 238, 191, 239, 193, 74, 221, 227, 241, 213, 241, 186,
       145, 53, 209, 167, 251, 47, 255, 98, 14, 85, 159, 238, 232, 95,
       64, 221, 207, 104, 200, 191, 164, 220, 232, 146, 103, 199, 179,
       92, 191, 54, 93, 141, 171, 95, 63, 120, 148, 131, 144, 119, 219,
       228, 252, 169, 23, 127, 89, 115, 116, 156, 156, 156, 237, 255, 27,
       62, 25, 147, 252, 119, 213, 7, 56, 122, 194, 196, 8, 197, 253, 59,
       197, 102, 173, 78, 19, 238, 119, 69, 96, 218, 7, 57, 136, 50, 64,
       106, 136, 63, 71, 207, 155, 85, 149, 246, 105, 138, 128, 63, 158,
       248, 220, 43, 221, 113, 218, 245, 215, 158, 255, 95, 72, 184, 126,
       92, 92, 188, 164, 159, 19, 151, 225, 247, 171, 60, 255, 58, 95,
       173, 214, 95, 142, 217, 21, 139, 179, 119, 207, 254, 219, 238,
       245, 109, 121, 243, 230, 185, 188, 188, 231, 110, 159, 126, 239,
       215, 185, 109, 245, 62, 120, 174, 192, 127, 142, 249, 157, 206,
       16, 158, 179, 59, 226, 57, 8, 158, 23, 151, 179, 205, 95, 42, 75,
       231, 21, 251, 145, 50, 197, 27, 198, 203, 227, 218, 199, 134, 13,
       45, 83, 210, 106, 98, 156, 42, 17, 254, 212, 189, 174, 150, 231,
       44, 142, 247, 71, 238, 245, 255, 199, 236, 15, 165, 234, 178, 112,
       223, 187, 39, 188, 61, 93, 38, 61, 241, 193, 213, 239, 107, 82,
       11, 33, 109, 26, 24, 151, 69, 84, 111, 158, 19, 152, 18, 186, 240,
       194, 95, 156, 128, 98, 167, 203, 86, 176, 46, 197, 133, 184, 173,
       97, 70, 143, 23, 90, 152, 35, 214, 127, 105, 72, 217, 66, 63, 59,
       91, 66, 75, 179, 238, 222, 239, 255, 156, 120, 176, 115, 90, 141,
       114, 248, 247, 240, 184, 103, 157, 77, 254, 51, 44, 254, 54, 228,
       234, 179, 183, 145, 54, 171, 34, 215, 19, 127, 154, 203, 151, 68,
       45, 207, 231, 127, 174, 190, 172, 164, 159, 244, 152, 202, 157,
       109, 116, 255, 191, 19, 206, 115, 93, 199, 236, 67, 138, 235, 240,
       59, 238, 154, 12, 115, 59, 91, 207, 93, 53, 254, 111, 221, 190,
       252, 202, 90, 25, 110, 252, 252, 189, 163, 166, 115, 223, 67, 231,
       35, 186, 249, 55, 121, 110, 186, 28, 127, 25, 255, 135, 213, 53,
       222, 79, 221, 191, 252, 143, 94, 29, 78, 252, 254, 236, 167, 175,
       83, 151, 195, 195, 35, 58, 241, 53, 88, 79, 170, 91, 95, 133, 255,
       5, 173, 87, 131, 220, 171, 174, 228, 108, 0, 107, 194, 241, 194,
       24, 64, 123, 111, 106, 251, 82, 184, 79, 126, 44, 36, 143, 68,
       197, 219, 225, 168, 50, 159, 34, 170, 191, 147, 158, 231, 13, 12,
       216, 175, 140, 140, 54, 196, 238, 139, 159, 231, 112, 11, 0, 255,
       184, 116, 138, 251, 30, 14, 185, 223, 129, 221, 119, 91, 36, 157,
       237, 183, 239, 88, 122, 66, 185, 220, 252, 229, 111, 58, 62, 79,
       211, 56, 126, 241, 36, 216, 230, 204, 92, 154, 193, 253, 3, 159,
       34, 138, 247, 153, 190, 229, 77, 72, 216, 239, 172, 12, 62, 4,
       238, 139, 223, 213, 247, 43, 68, 255, 188, 20, 142, 251, 93, 14,
       185, 223, 224, 168, 134, 153, 78, 139, 160, 206, 118, 51, 194, 90,
       226, 160, 0, 73, 121, 174, 106, 1, 42, 254, 199, 51, 20, 34, 83,
       104, 241, 8, 112, 136, 135, 245, 174, 191, 93, 31, 182, 232, 126,
       250, 243, 86, 200, 232, 159, 225, 249, 205, 254, 231, 165, 247,
       223, 223, 188, 59, 207, 135, 77, 63, 123, 148, 3, 148, 55, 137,
       242, 226, 187, 107, 124, 65, 74, 246, 156, 38, 188, 96, 247, 27,
       26, 149, 183, 152, 37, 223, 12, 38, 58, 196, 156, 64, 161, 245,
       135, 159, 102, 170, 254, 147, 158, 229, 141, 76, 25, 167, 108,
       204, 190, 33, 166, 99, 151, 247, 247, 11, 44, 255, 58, 90, 175,
       218, 28, 143, 185, 93, 5, 43, 119, 203, 252, 223, 238, 197, 111,
       105, 251, 66, 155, 152, 220, 224, 106, 143, 126, 223, 215, 187,
       229, 245, 62, 253, 162, 192, 103, 139, 249, 132, 14, 245, 17, 202,
       219, 193, 171, 205, 15, 65, 201, 130, 172, 214, 108, 228, 91, 155,
       147, 144, 19, 26, 122, 247, 61, 212, 143, 110, 151, 14, 165, 244,
       212, 201, 127, 244, 134, 203, 55, 229, 140, 178, 146, 163, 95,
       191, 32, 67, 99, 245, 191, 99, 112, 201, 10, 172, 249, 227, 111,
       87, 52, 56, 181, 34, 171, 201, 71, 157, 100, 153, 236, 150, 93,
       81, 82, 199, 177, 8, 190, 228, 78, 170, 54, 205, 199, 184, 71,
       245, 38, 120, 186, 128, 63, 156, 216, 156, 219, 122, 254, 116, 98,
       82, 125, 214, 241, 206, 246, 165, 61, 159, 211, 127, 38, 117, 253,
       206, 224, 197, 164, 234, 114, 251, 118, 129, 102, 245, 47, 123,
       239, 221, 241, 246, 237, 116, 95, 191, 83, 251, 29, 90, 91, 125,
       221, 239, 23, 222, 53, 62, 249, 118, 251, 162, 111, 255, 245, 190,
       166, 255, 212, 113, 194, 110, 238, 159, 106, 1, 174, 196, 172,
       166, 210, 199, 164, 142, 245, 75, 110, 237, 127, 199, 228, 215,
       199, 235, 52, 48, 222, 168, 5, 248, 49, 204, 11, 161, 164, 153,
       245, 151, 184, 111, 95, 217, 92, 66, 232, 248, 190, 164, 217, 43,
       178, 149, 151, 248, 79, 221, 14, 91, 159, 71, 223, 14, 249, 140,
       50, 149, 126, 168, 218, 226, 24, 107, 149, 69, 248, 179, 93, 255,
       42, 80, 126, 187, 151, 161, 124, 139, 20, 223, 219, 231, 138, 207,
       53, 0, 164, 210, 129, 202, 114, 89, 100, 141, 169, 212, 126, 17,
       118, 0, 176, 145, 181, 100, 42, 8, 18, 72, 195, 180, 54, 245, 69,
       26, 18, 0, 82, 153, 97, 172, 7, 157, 34, 138, 213, 157, 190, 229,
       93, 64, 153, 207, 236, 72, 62, 164, 254, 131, 219, 247, 247, 43,
       92, 255, 188, 20, 142, 251, 95, 14, 185, 222, 141, 201, 119, 219,
       100, 153, 238, 252, 223, 80, 113, 70, 251, 200, 252, 229, 250,
       106, 22, 79, 227, 48, 62, 245, 36, 216, 103, 76, 93, 155, 225,
       172, 50, 207, 90, 172, 59, 66, 30, 239, 189, 12, 248, 163, 46,
       174, 38, 209, 254, 187, 143, 227, 108, 11, 0, 255, 179, 246, 46,
       155, 49, 18, 175, 31, 131, 143, 206, 187, 224, 172, 104, 151, 190,
       91, 82, 245, 189, 139, 148, 217, 231, 43, 63, 157, 179, 220, 67,
       243, 140, 58, 250, 192, 140, 196, 137, 153, 138, 159, 50, 190,
       119, 176, 186, 103, 31, 13, 221, 179, 172, 174, 54, 196, 239, 59,
       183, 145, 182, 159, 2, 255, 31, 119, 154, 203, 151, 4, 189, 207,
       5, 175, 115, 233, 252, 153, 238, 231, 237, 32, 250, 66, 163, 136,
       212, 96, 234, 170, 78, 91, 214, 187, 197, 245, 188, 60, 134, 80,
       101, 138, 249, 132, 191, 134, 98, 168, 181, 183, 234, 107, 29, 7,
       211, 215, 203, 168, 62, 193, 251, 139, 159, 37, 188, 175, 20, 222,
       186, 127, 154, 223, 159, 140, 249, 196, 43, 221, 53, 218, 127,
       215, 159, 255, 159, 105, 184, 110, 124, 124, 180, 164, 159, 179,
       223, 205, 225, 43, 120, 255, 51, 94, 95, 154, 95, 28, 181, 125,
       24, 157, 122, 110, 82, 229, 50, 114, 4, 4, 237, 3, 116, 127, 34,
       80, 126, 187, 3, 160, 16, 171, 56, 127, 91, 173, 34, 65, 113, 67,
       37, 195, 183, 223, 119, 90, 191, 183, 158, 252, 223, 122, 185,
       254, 110, 252, 253, 161, 159, 243, 215, 115, 255, 103, 46, 255,
       58, 94, 77, 254, 215, 255, 216, 21, 255, 50, 253, 97, 163, 127,
       90, 152, 107, 251, 183, 252, 91, 124, 223, 191, 151, 213, 253, 55,
       189, 116, 237, 128, 143, 219, 97, 247, 239, 231, 94, 117, 0, 32,
       134, 157, 78, 11, 160, 73, 246, 176, 226, 66, 192, 192, 97, 203,
       104, 172, 106, 153, 3, 243, 199, 80, 28, 32, 211, 8, 201, 40, 121,
       128, 135, 221, 111, 186, 230, 192, 239, 229, 140, 80, 21, 179,
