%YAML:1.0
---
descriptors: !!opencv-matrix
   rows: 167
   cols: 32
   dt: u
   data: [ 2, 2, 206, 189, 58, 2, 104, 26, 62, 229, 66, 247, 141, 131,
       178, 89, 102, 45, 127, 141, 4, 220, 199, 221, 196, 99, 250, 192,
       44, 132, 57, 88, 3, 142, 74, 159, 244, 178, 174, 55, 28, 67, 90,
       247, 240, 104, 182, 224, 255, 111, 55, 133, 183, 152, 5, 239, 44,
       46, 190, 192, 157, 196, 185, 221, 214, 249, 150, 186, 11, 192, 58,
       200, 175, 20, 129, 163, 236, 214, 99, 66, 166, 113, 235, 211, 66,
       67, 138, 241, 153, 80, 11, 251, 16, 7, 39, 83, 13, 247, 245, 71,
       244, 95, 238, 188, 127, 234, 122, 100, 219, 124, 157, 164, 63, 94,
       22, 122, 225, 240, 125, 254, 46, 30, 39, 196, 207, 251, 194, 181,
       66, 0, 80, 136, 109, 9, 184, 72, 139, 53, 176, 11, 140, 154, 96,
       202, 234, 145, 239, 193, 2, 59, 130, 209, 149, 16, 154, 63, 20,
       12, 69, 130, 90, 227, 34, 140, 219, 83, 188, 101, 173, 36, 254,
       171, 44, 142, 38, 84, 238, 159, 207, 225, 76, 139, 193, 221, 247,
       53, 142, 187, 19, 22, 175, 206, 11, 165, 51, 139, 221, 253, 168,
       99, 109, 97, 219, 66, 136, 56, 28, 228, 232, 15, 250, 145, 151,
       186, 85, 213, 47, 124, 146, 67, 207, 78, 249, 132, 19, 143, 79,
       190, 54, 130, 174, 179, 188, 66, 218, 230, 245, 238, 177, 96, 118,
       103, 63, 239, 229, 153, 47, 127, 180, 46, 170, 128, 44, 242, 49,
       121, 34, 253, 108, 152, 223, 249, 180, 239, 139, 117, 28, 187,
       172, 188, 86, 4, 139, 27, 211, 17, 86, 106, 214, 245, 127, 23,
       156, 123, 215, 92, 159, 222, 58, 153, 106, 236, 223, 213, 150,
       230, 143, 69, 220, 135, 40, 220, 55, 64, 200, 251, 155, 193, 222,
       11, 114, 253, 123, 53, 142, 219, 85, 15, 60, 222, 3, 191, 235, 5,
       242, 178, 191, 119, 42, 197, 94, 231, 60, 172, 150, 180, 54, 123,
       211, 133, 151, 152, 164, 111, 44, 44, 62, 130, 205, 212, 171, 253,
       25, 22, 235, 101, 50, 58, 123, 123, 119, 232, 254, 229, 123, 127,
       151, 240, 119, 252, 253, 172, 141, 145, 229, 30, 254, 239, 37,
       148, 175, 230, 104, 117, 188, 45, 16, 190, 25, 217, 82, 104, 147,
       4, 165, 9, 111, 223, 35, 145, 216, 185, 197, 99, 108, 7, 90, 191,
       243, 209, 1, 59, 114, 47, 14, 66, 221, 66, 253, 239, 44, 14, 79,
       24, 97, 202, 247, 68, 219, 67, 153, 123, 118, 196, 124, 238, 201,
       228, 253, 200, 230, 251, 231, 20, 47, 179, 98, 48, 38, 161, 176,
       146, 221, 245, 144, 75, 139, 53, 169, 25, 140, 252, 78, 142, 137,
       27, 211, 17, 22, 107, 218, 209, 15, 20, 31, 127, 210, 76, 143,
       214, 56, 213, 122, 236, 215, 211, 87, 253, 1, 68, 252, 170, 91,
       125, 42, 144, 126, 251, 134, 226, 88, 186, 48, 189, 243, 237, 37,
       67, 119, 186, 230, 234, 178, 174, 238, 223, 220, 235, 239, 239,
       182, 246, 254, 147, 112, 229, 191, 69, 121, 238, 123, 190, 106,
       255, 239, 127, 127, 47, 231, 21, 231, 250, 252, 248, 3, 219, 96,
       189, 244, 149, 110, 183, 205, 72, 212, 199, 169, 42, 178, 64, 110,
       131, 31, 205, 214, 10, 68, 255, 246, 124, 174, 200, 63, 140, 249,
       93, 239, 103, 132, 135, 9, 30, 6, 184, 83, 178, 137, 205, 194, 96,
       219, 215, 93, 196, 232, 239, 237, 70, 205, 186, 188, 114, 207, 62,
       42, 247, 26, 20, 254, 253, 102, 70, 221, 127, 222, 248, 209, 238,
       189, 143, 75, 108, 95, 55, 253, 198, 223, 231, 252, 99, 252, 254,
       251, 95, 197, 191, 103, 255, 86, 214, 63, 255, 250, 102, 249, 215,
       223, 252, 203, 236, 188, 173, 126, 252, 223, 180, 159, 255, 213,
       119, 207, 35, 188, 255, 251, 95, 173, 255, 79, 255, 94, 255, 115,
       173, 50, 140, 223, 155, 182, 103, 109, 97, 248, 106, 42, 56, 182,
       244, 250, 175, 206, 241, 223, 171, 69, 221, 190, 124, 14, 123, 95,
       30, 251, 142, 19, 158, 79, 189, 114, 162, 58, 119, 60, 75, 218,
       247, 117, 231, 160, 64, 127, 175, 63, 165, 181, 153, 5, 79, 244,
       38, 186, 192, 45, 226, 161, 153, 2, 154, 153, 155, 122, 225, 178,
       194, 30, 77, 80, 247, 172, 222, 165, 72, 223, 59, 151, 17, 39, 62,
       74, 255, 4, 22, 58, 235, 216, 9, 45, 219, 49, 151, 99, 77, 114,
       75, 79, 121, 117, 236, 254, 236, 83, 69, 144, 52, 126, 188, 87,
       110, 201, 186, 101, 31, 124, 172, 33, 196, 111, 170, 118, 241,
       233, 48, 51, 12, 77, 95, 240, 104, 111, 96, 241, 74, 138, 216, 22,
       164, 232, 141, 250, 97, 133, 119, 215, 208, 23, 121, 3, 59, 91,
       15, 123, 134, 25, 93, 111, 215, 38, 94, 253, 55, 116, 198, 94, 2,
       249, 61, 146, 99, 102, 246, 63, 237, 225, 152, 53, 239, 103, 47,
       254, 128, 39, 240, 245, 121, 117, 35, 136, 170, 168, 26, 94, 136,
       102, 165, 171, 237, 199, 106, 219, 82, 216, 197, 236, 119, 156,
       35, 207, 32, 184, 229, 173, 61, 200, 179, 202, 4, 238, 48, 188,
       178, 237, 125, 144, 200, 139, 191, 165, 25, 142, 223, 79, 154,
       137, 145, 235, 17, 30, 103, 250, 208, 219, 209, 95, 127, 146, 77,
       15, 86, 8, 183, 17, 187, 189, 189, 128, 207, 94, 49, 88, 82, 174,
       241, 104, 132, 219, 27, 162, 17, 51, 56, 91, 183, 173, 215, 30,
       123, 210, 76, 141, 168, 177, 69, 121, 69, 116, 11, 239, 56, 101,
       160, 126, 72, 83, 1, 149, 53, 122, 204, 22, 106, 233, 176, 101,
       12, 102, 168, 37, 4, 111, 186, 82, 168, 253, 80, 253, 237, 36, 10,
       103, 56, 105, 226, 183, 108, 219, 83, 145, 115, 114, 196, 124,
       238, 201, 244, 237, 200, 246, 249, 225, 148, 111, 179, 64, 49,
       189, 207, 103, 238, 148, 214, 238, 254, 117, 226, 250, 198, 123,
       232, 181, 228, 124, 238, 62, 239, 237, 187, 61, 175, 186, 239,
       135, 0, 111, 251, 248, 156, 27, 219, 106, 78, 114, 146, 111, 244,
       101, 72, 214, 230, 121, 198, 182, 244, 118, 236, 21, 238, 205,
       147, 36, 237, 50, 109, 162, 128, 47, 183, 120, 93, 137, 221, 104,
       123, 126, 157, 238, 252, 87, 88, 124, 206, 185, 72, 190, 160, 31,
       74, 22, 207, 231, 44, 127, 191, 38, 73, 160, 168, 127, 159, 88,
       140, 215, 243, 172, 46, 140, 23, 159, 168, 146, 246, 129, 221,
       209, 108, 95, 75, 213, 197, 121, 247, 190, 71, 255, 55, 249, 74,
       207, 252, 157, 119, 179, 84, 198, 239, 150, 146, 203, 249, 182,
       206, 139, 183, 189, 27, 236, 254, 107, 14, 171, 243, 235, 83, 118,
       103, 138, 243, 255, 18, 95, 127, 146, 127, 143, 198, 100, 175,
       204, 127, 244, 47, 102, 188, 119, 190, 235, 77, 227, 225, 27, 81,
       153, 206, 108, 102, 248, 240, 219, 63, 238, 255, 101, 20, 232,
       251, 218, 2, 247, 239, 136, 182, 152, 63, 78, 190, 18, 238, 141,
       221, 199, 106, 91, 146, 157, 199, 236, 111, 252, 71, 205, 46, 186,
       231, 237, 189, 136, 255, 154, 80, 215, 239, 172, 167, 140, 58, 78,
       188, 18, 246, 143, 207, 199, 108, 219, 66, 85, 197, 253, 247, 237,
       68, 239, 34, 234, 71, 205, 245, 172, 247, 28, 84, 169, 155, 107,
       77, 116, 223, 179, 126, 84, 204, 118, 229, 115, 245, 182, 36, 94,
       124, 134, 108, 225, 186, 37, 31, 110, 111, 37, 128, 127, 172, 116,
       249, 108, 239, 204, 101, 180, 15, 70, 186, 52, 174, 254, 77, 195,
       33, 3, 81, 24, 196, 239, 110, 104, 240, 65, 46, 238, 207, 165, 21,
       97, 249, 218, 2, 236, 103, 204, 39, 136, 31, 70, 184, 50, 166,
       171, 205, 195, 97, 11, 19, 216, 196, 236, 230, 108, 242, 205, 42,
       166, 227, 229, 53, 105, 251, 90, 16, 34, 217, 119, 202, 95, 197,
       151, 252, 141, 76, 252, 170, 120, 221, 44, 36, 236, 179, 147, 227,
       195, 43, 58, 253, 49, 24, 140, 250, 87, 30, 181, 255, 90, 181, 22,
       176, 187, 249, 20, 239, 187, 61, 164, 57, 46, 191, 66, 151, 163,
       179, 237, 17, 62, 75, 130, 213, 251, 211, 92, 123, 146, 68, 143,
       75, 138, 142, 114, 221, 242, 240, 188, 55, 124, 79, 94, 178, 189,
       46, 182, 225, 119, 59, 151, 137, 244, 156, 39, 255, 102, 111, 250,
       129, 55, 196, 173, 253, 213, 166, 156, 190, 172, 60, 76, 158, 250,
       187, 162, 93, 199, 226, 90, 91, 129, 199, 108, 15, 174, 71, 203,
       114, 216, 243, 127, 61, 136, 113, 139, 1, 9, 124, 232, 81, 118,
       123, 251, 214, 126, 195, 92, 130, 185, 29, 211, 40, 63, 248, 151,
