%YAML:1.0
---
descriptors: !!opencv-matrix
   rows: 74
   cols: 32
   dt: u
   data: [ 6, 223, 180, 155, 143, 241, 190, 228, 141, 86, 25, 231, 236,
       254, 111, 207, 231, 83, 187, 199, 212, 72, 47, 240, 173, 82, 79,
       203, 148, 127, 133, 95, 41, 117, 115, 73, 246, 255, 234, 94, 119,
       73, 125, 102, 91, 216, 180, 244, 126, 174, 22, 124, 151, 186, 125,
       94, 62, 172, 35, 196, 255, 218, 234, 181, 111, 90, 253, 230, 236,
       25, 251, 188, 171, 248, 182, 239, 221, 111, 215, 107, 239, 245,
       255, 247, 137, 99, 239, 248, 254, 219, 239, 190, 143, 191, 67,
       121, 138, 191, 118, 251, 255, 223, 185, 127, 31, 77, 244, 183,
       172, 223, 118, 132, 255, 59, 215, 133, 246, 255, 42, 223, 126, 95,
       191, 235, 95, 12, 237, 219, 173, 101, 243, 71, 228, 79, 231, 88,
       81, 238, 119, 88, 219, 81, 221, 53, 24, 76, 86, 106, 225, 244,
       225, 138, 103, 217, 37, 172, 67, 250, 214, 225, 249, 68, 165, 87,
       29, 126, 199, 56, 84, 250, 163, 90, 211, 112, 28, 167, 121, 230,
       124, 46, 249, 229, 125, 172, 185, 234, 197, 20, 107, 105, 210,
       100, 180, 114, 247, 197, 207, 82, 97, 73, 87, 182, 247, 162, 67,
       230, 237, 238, 120, 220, 166, 176, 9, 247, 167, 192, 31, 192, 199,
       7, 227, 250, 116, 244, 216, 223, 254, 245, 42, 90, 28, 55, 172,
       182, 130, 241, 247, 46, 2, 227, 134, 117, 237, 99, 236, 205, 245,
       12, 235, 227, 111, 17, 36, 56, 141, 27, 143, 134, 173, 187, 132,
       54, 188, 191, 30, 127, 77, 215, 205, 108, 90, 201, 213, 79, 179,
       191, 182, 92, 89, 182, 239, 95, 223, 196, 156, 253, 157, 208, 180,
       125, 17, 202, 215, 173, 119, 212, 159, 42, 57, 90, 86, 217, 109,
       12, 253, 250, 22, 90, 115, 38, 24, 183, 63, 156, 5, 122, 123, 219,
       208, 131, 126, 59, 249, 236, 109, 94, 91, 216, 43, 236, 181, 237,
       95, 221, 223, 58, 222, 221, 253, 227, 141, 35, 237, 208, 211, 249,
       235, 191, 127, 167, 70, 119, 92, 7, 204, 167, 168, 26, 78, 188,
       160, 178, 154, 237, 243, 107, 217, 211, 6, 231, 237, 103, 93, 193,
       207, 40, 250, 227, 237, 149, 44, 251, 152, 16, 38, 34, 193, 129,
       108, 41, 232, 11, 46, 63, 121, 245, 128, 138, 220, 10, 95, 141,
       103, 157, 138, 118, 199, 81, 4, 16, 251, 164, 197, 232, 83, 193,
       10, 182, 114, 219, 127, 245, 185, 115, 31, 77, 127, 183, 236, 223,
       190, 132, 255, 59, 183, 133, 247, 191, 42, 255, 31, 95, 186, 203,
       95, 12, 237, 223, 254, 176, 102, 218, 109, 249, 217, 200, 143,
       119, 181, 187, 106, 220, 126, 143, 201, 145, 255, 211, 62, 103,
       122, 241, 27, 91, 217, 255, 215, 13, 220, 86, 105, 103, 72, 37,
       32, 31, 127, 56, 41, 172, 126, 173, 215, 41, 147, 19, 148, 68,
       197, 110, 204, 240, 193, 8, 230, 217, 37, 149, 72, 242, 74, 91,
       124, 111, 232, 165, 172, 10, 95, 184, 33, 228, 158, 143, 195, 109,
       83, 18, 24, 204, 253, 239, 204, 210, 237, 8, 254, 225, 237, 181,
       36, 255, 94, 66, 54, 255, 236, 118, 252, 117, 222, 252, 146, 254,
       188, 143, 113, 236, 127, 35, 157, 251, 213, 231, 236, 99, 190, 63,
       123, 95, 237, 189, 197, 127, 94, 219, 173, 110, 113, 85, 100, 95,
       231, 248, 81, 234, 116, 120, 211, 121, 149, 167, 25, 92, 86, 106,
       233, 246, 237, 142, 39, 219, 101, 164, 71, 251, 86, 229, 222, 99,
       111, 192, 71, 120, 236, 76, 105, 178, 189, 154, 13, 14, 220, 191,
       58, 213, 223, 251, 213, 119, 165, 192, 23, 73, 203, 165, 103, 183,
       255, 164, 219, 92, 158, 180, 41, 90, 28, 38, 184, 242, 130, 157,
       239, 174, 67, 91, 135, 117, 253, 39, 109, 197, 179, 170, 193, 243,
       127, 17, 12, 116, 9, 90, 220, 62, 156, 181, 169, 110, 92, 3, 187,
       255, 130, 29, 207, 174, 67, 27, 133, 247, 237, 17, 188, 85, 217,
       128, 159, 211, 125, 247, 128, 97, 143, 83, 165, 237, 145, 219,
       181, 189, 238, 238, 223, 51, 169, 82, 106, 233, 125, 173, 217,
       106, 18, 126, 115, 229, 24, 191, 43, 222, 85, 118, 210, 251, 209,
       172, 191, 180, 175, 151, 157, 119, 206, 255, 22, 250, 159, 82,
       209, 252, 61, 163, 217, 110, 189, 191, 173, 229, 191, 190, 171,
       111, 255, 246, 173, 125, 248, 245, 207, 204, 172, 183, 149, 54,
       78, 191, 30, 127, 14, 21, 221, 111, 90, 203, 213, 71, 185, 31,
       190, 88, 123, 179, 239, 223, 223, 84, 146, 125, 153, 82, 230, 180,
       149, 163, 169, 121, 22, 136, 59, 251, 137, 56, 206, 246, 72, 191,
       209, 213, 236, 114, 59, 71, 219, 243, 153, 210, 207, 127, 154,
       119, 143, 54, 57, 112, 119, 79, 108, 111, 233, 92, 119, 233, 243,
       82, 211, 149, 148, 120, 124, 156, 110, 216, 137, 252, 117, 20, 23,
       232, 51, 64, 97, 139, 226, 161, 46, 253, 242, 222, 237, 213, 183,
       226, 139, 158, 188, 43, 44, 255, 101, 23, 239, 251, 215, 195, 98,
       107, 186, 251, 127, 88, 79, 59, 83, 123, 103, 235, 142, 253, 54,
       218, 201, 237, 183, 198, 175, 31, 108, 25, 172, 215, 101, 30, 239,
       123, 235, 82, 82, 75, 250, 241, 127, 144, 31, 107, 210, 89, 135,
       251, 11, 30, 255, 255, 118, 166, 249, 115, 189, 205, 223, 231,
       253, 255, 182, 96, 254, 187, 151, 133, 177, 187, 34, 205, 86, 127,
       186, 136, 159, 204, 37, 251, 10, 158, 115, 223, 116, 191, 186,
       115, 31, 77, 95, 247, 252, 254, 190, 64, 255, 59, 183, 129, 151,
       186, 34, 255, 86, 127, 186, 138, 23, 204, 181, 219, 124, 85, 236,
       166, 142, 78, 223, 188, 2, 230, 143, 143, 83, 109, 91, 2, 220,
       197, 253, 231, 236, 243, 253, 10, 251, 231, 237, 21, 101, 126, 92,
       82, 15, 243, 165, 191, 187, 22, 127, 184, 55, 222, 87, 197, 221,
       103, 91, 230, 23, 79, 253, 238, 227, 192, 255, 235, 239, 255, 239,
       132, 174, 247, 33, 113, 182, 191, 174, 182, 172, 103, 223, 252,
       146, 254, 157, 47, 215, 124, 27, 3, 157, 231, 125, 231, 252, 99,
       42, 62, 251, 199, 237, 189, 77, 123, 222, 211, 92, 176, 158, 170,
       139, 116, 26, 200, 163, 21, 141, 153, 95, 247, 106, 218, 247, 215,
       253, 242, 30, 67, 218, 129, 219, 227, 143, 127, 162, 103, 174, 82,
       165, 47, 253, 85, 228, 62, 231, 190, 88, 238, 118, 88, 211, 120,
       149, 43, 153, 126, 86, 106, 225, 240, 109, 42, 39, 158, 101, 148,
       69, 249, 214, 229, 208, 149, 55, 229, 190, 70, 149, 239, 220, 186,
       146, 114, 215, 116, 12, 99, 183, 87, 124, 99, 249, 237, 121, 141,
       185, 226, 111, 150, 0, 104, 165, 107, 125, 69, 237, 103, 141, 79,
       79, 168, 199, 254, 146, 10, 211, 124, 89, 107, 89, 212, 125, 239,
       233, 97, 251, 40, 249, 235, 237, 180, 101, 123, 212, 114, 207,
       220, 188, 183, 133, 255, 118, 174, 30, 191, 6, 17, 238, 249, 75,
       75, 145, 111, 57, 31, 118, 220, 219, 187, 239, 223, 223, 119, 152,
       125, 145, 74, 221, 85, 156, 167, 174, 62, 94, 188, 244, 250, 151,
       20, 223, 114, 203, 235, 151, 71, 252, 98, 237, 69, 235, 170, 184,
       235, 111, 180, 40, 115, 137, 1, 175, 253, 54, 154, 237, 221, 182,
       194, 207, 90, 249, 2, 188, 250, 103, 228, 233, 107, 123, 83, 87,
       35, 218, 243, 63, 56, 143, 107, 154, 127, 249, 134, 104, 39, 104,
       101, 116, 75, 127, 49, 32, 236, 127, 141, 211, 37, 147, 16, 18,
       228, 69, 110, 200, 240, 241, 12, 231, 157, 97, 145, 68, 250, 86,
       114, 124, 117, 232, 165, 12, 79, 95, 57, 34, 228, 143, 141, 83,
       47, 83, 19, 28, 212, 253, 247, 72, 210, 249, 8, 255, 193, 165, 49,
       37, 250, 86, 114, 67, 253, 189, 133, 180, 15, 239, 191, 122, 232,
       30, 76, 246, 124, 86, 34, 149, 103, 125, 127, 197, 248, 249, 238,
       237, 62, 47, 180, 140, 122, 211, 117, 79, 229, 173, 239, 173, 22,
       111, 184, 55, 254, 159, 68, 217, 119, 219, 231, 93, 76, 125, 254,
       203, 64, 251, 177, 239, 251, 239, 228, 162, 247, 80, 96, 196, 180,
       188, 243, 173, 173, 117, 191, 191, 191, 3, 21, 246, 243, 72, 75,
       129, 70, 121, 26, 50, 76, 219, 179, 239, 219, 221, 127, 128, 89,
       213, 42, 189, 125, 119, 75, 236, 255, 231, 212, 127, 123, 255, 82,
       211, 213, 221, 236, 121, 222, 126, 90, 219, 244, 255, 114, 55,
       233, 39, 0, 235, 219, 224, 164, 255, 247, 116, 198, 237, 93, 95,
