%YAML:1.0
---
descriptors: !!opencv-matrix
   rows: 211
   cols: 32
   dt: u
   data: [ 2, 42, 230, 189, 120, 174, 104, 22, 63, 141, 82, 247, 173,
       143, 128, 72, 102, 175, 127, 140, 160, 220, 67, 255, 140, 182,
       250, 128, 172, 132, 33, 217, 3, 75, 99, 157, 100, 156, 232, 150,
       95, 64, 82, 198, 189, 204, 181, 236, 198, 106, 22, 77, 135, 184,
       38, 249, 6, 56, 186, 128, 30, 157, 121, 252, 210, 106, 238, 156,
       42, 131, 190, 196, 175, 182, 210, 227, 97, 142, 181, 66, 110, 253,
       239, 199, 204, 215, 135, 251, 178, 48, 207, 147, 53, 184, 47, 140,
       3, 190, 195, 137, 182, 163, 175, 87, 30, 75, 90, 230, 181, 4, 176,
       96, 127, 43, 22, 157, 179, 156, 37, 95, 164, 6, 190, 192, 188,
       200, 177, 253, 58, 149, 118, 252, 251, 194, 30, 111, 149, 0, 252,
       163, 79, 255, 34, 209, 254, 187, 151, 224, 120, 139, 2, 223, 243,
       231, 10, 203, 115, 132, 175, 147, 63, 221, 49, 202, 254, 213, 158,
       252, 207, 104, 185, 110, 124, 220, 188, 164, 159, 243, 215, 231,
       211, 35, 106, 255, 59, 92, 175, 254, 95, 251, 241, 245, 131, 227,
       87, 205, 254, 155, 236, 253, 125, 208, 242, 226, 249, 248, 188,
       229, 126, 139, 126, 237, 215, 249, 79, 221, 62, 56, 230, 192, 109,
       138, 249, 141, 1, 143, 119, 221, 244, 136, 237, 183, 252, 1, 122,
       212, 189, 162, 180, 229, 103, 43, 62, 12, 243, 184, 101, 255, 44,
       190, 254, 192, 92, 216, 225, 173, 42, 52, 208, 193, 213, 175, 105,
       82, 3, 165, 109, 10, 24, 151, 65, 84, 125, 158, 19, 152, 16, 154,
       208, 192, 77, 156, 128, 96, 134, 203, 86, 250, 178, 217, 96, 78,
       93, 217, 150, 236, 197, 68, 245, 171, 97, 205, 55, 1, 88, 248,
       147, 99, 235, 47, 126, 189, 51, 8, 128, 59, 127, 159, 94, 222,
       103, 141, 133, 184, 253, 97, 70, 143, 23, 91, 152, 35, 244, 247,
       105, 72, 217, 66, 63, 187, 91, 3, 75, 179, 249, 254, 239, 223,
       148, 120, 176, 99, 202, 148, 22, 247, 43, 114, 56, 42, 172, 31,
       135, 179, 205, 119, 42, 203, 231, 23, 175, 160, 48, 197, 43, 199,
       207, 243, 250, 199, 130, 69, 165, 83, 255, 253, 185, 230, 237,
       100, 87, 188, 83, 255, 157, 59, 90, 253, 95, 114, 215, 222, 189,
       127, 249, 103, 251, 162, 251, 223, 229, 190, 166, 255, 212, 115,
       8, 28, 90, 94, 83, 165, 179, 250, 198, 9, 124, 2, 60, 243, 33, 96,
       111, 59, 2, 128, 2, 42, 58, 127, 71, 175, 34, 10, 243, 67, 97,
       171, 3, 143, 34, 138, 245, 153, 190, 229, 77, 64, 216, 239, 172,
       12, 62, 132, 238, 139, 219, 245, 247, 59, 68, 255, 60, 20, 142,
       251, 93, 14, 185, 223, 143, 157, 102, 186, 182, 179, 158, 245,
       157, 68, 25, 183, 237, 78, 190, 1, 215, 99, 151, 247, 247, 137,
       60, 255, 234, 95, 143, 202, 30, 159, 177, 213, 147, 157, 99, 187,
       215, 132, 239, 181, 141, 68, 75, 135, 189, 94, 54, 65, 110, 163,
       27, 255, 243, 152, 60, 253, 189, 72, 142, 64, 61, 14, 177, 218,
       47, 116, 241, 67, 245, 119, 170, 202, 91, 235, 121, 98, 136, 188,
       245, 164, 221, 124, 146, 26, 135, 50, 252, 250, 46, 92, 135, 38,
       223, 127, 91, 181, 14, 245, 81, 202, 219, 193, 171, 205, 31, 101,
       73, 130, 236, 214, 108, 228, 251, 27, 147, 240, 19, 18, 120, 247,
       61, 84, 143, 238, 151, 14, 165, 244, 142, 223, 110, 186, 178, 179,
       159, 255, 157, 71, 95, 247, 237, 239, 186, 5, 151, 115, 159, 247,
       246, 141, 45, 191, 106, 87, 191, 211, 158, 223, 181, 93, 1, 221,
       115, 75, 100, 157, 237, 245, 238, 88, 120, 98, 185, 216, 252, 229,
       111, 58, 22, 75, 211, 56, 46, 241, 37, 152, 166, 236, 84, 154,
       225, 173, 139, 46, 78, 189, 240, 168, 105, 7, 60, 23, 82, 149,
       189, 167, 146, 201, 111, 47, 63, 156, 50, 220, 195, 247, 140, 59,
       250, 192, 140, 196, 153, 216, 52, 21, 122, 236, 218, 226, 17, 99,
       132, 4, 253, 162, 81, 255, 32, 81, 122, 179, 147, 160, 24, 139,
       48, 28, 123, 225, 162, 203, 181, 170, 36, 242, 214, 235, 78, 189,
       159, 195, 109, 107, 150, 180, 211, 147, 197, 203, 114, 65, 123,
       173, 111, 135, 120, 223, 207, 157, 188, 34, 207, 253, 52, 44, 181,
       194, 151, 205, 111, 186, 190, 227, 223, 237, 157, 86, 25, 151,
       253, 238, 190, 65, 119, 99, 23, 239, 247, 13, 62, 255, 234, 95,
       175, 204, 61, 255, 177, 80, 151, 221, 109, 186, 151, 225, 239,
       229, 157, 86, 29, 151, 253, 126, 58, 97, 107, 227, 31, 239, 115,
       13, 62, 255, 253, 11, 238, 200, 61, 95, 177, 114, 2, 147, 140,
       159, 170, 38, 60, 171, 174, 31, 139, 183, 204, 110, 14, 75, 231,
       23, 249, 133, 22, 201, 203, 213, 143, 51, 218, 199, 144, 64, 173,
       83, 146, 104, 79, 191, 78, 11, 237, 236, 166, 182, 210, 135, 241,
       131, 49, 75, 106, 237, 127, 238, 72, 215, 223, 255, 180, 170, 223,
       128, 45, 27, 113, 168, 143, 180, 50, 131, 213, 183, 186, 198, 93,
       99, 247, 82, 136, 56, 62, 172, 255, 139, 146, 177, 191, 190, 85,
       222, 30, 94, 154, 71, 223, 13, 249, 132, 151, 134, 98, 136, 181,
       55, 250, 107, 29, 71, 211, 151, 12, 40, 54, 196, 251, 131, 159,
       181, 188, 191, 21, 222, 186, 95, 154, 199, 159, 12, 249, 214, 239,
       253, 241, 214, 253, 118, 95, 191, 91, 251, 29, 90, 91, 253, 221,
       255, 215, 223, 53, 126, 251, 86, 251, 234, 43, 222, 197, 254, 134,
       255, 214, 229, 219, 122, 254, 116, 34, 122, 127, 150, 185, 206,
       118, 165, 61, 159, 215, 63, 38, 245, 253, 206, 225, 213, 164, 232,
       86, 251, 118, 129, 103, 245, 111, 123, 146, 110, 206, 159, 74,
       131, 175, 198, 190, 166, 210, 199, 229, 206, 53, 66, 110, 237,
       111, 199, 224, 215, 199, 235, 244, 32, 239, 129, 5, 121, 45, 152,
       154, 151, 114, 190, 119, 178, 184, 103, 31, 13, 221, 179, 172,
       190, 54, 196, 239, 59, 183, 145, 182, 154, 2, 255, 31, 247, 154,
       203, 23, 14, 189, 207, 167, 223, 106, 158, 252, 163, 222, 252,
       223, 74, 157, 239, 124, 232, 191, 68, 223, 227, 31, 239, 247, 35,
       14, 255, 50, 62, 175, 220, 29, 255, 249, 221, 129, 169, 95, 205,
       222, 155, 236, 253, 127, 112, 114, 210, 185, 136, 180, 229, 122,
       143, 62, 239, 247, 250, 111, 253, 60, 40, 231, 68, 125, 136, 249,
       140, 191, 223, 115, 202, 254, 151, 222, 252, 223, 234, 185, 238,
       122, 252, 253, 164, 159, 243, 87, 127, 255, 35, 46, 255, 58, 31,
       173, 254, 223, 251, 250, 181, 18, 207, 94, 172, 186, 82, 30, 231,
       157, 12, 252, 163, 79, 175, 38, 208, 254, 243, 149, 226, 124, 139,
       0, 255, 179, 231, 110, 139, 49, 162, 175, 31, 196, 205, 70, 143,
       212, 171, 166, 237, 116, 2, 74, 146, 245, 98, 57, 192, 123, 234,
       42, 239, 112, 184, 77, 127, 180, 38, 143, 64, 52, 123, 177, 128,
       139, 251, 236, 190, 55, 146, 254, 189, 219, 216, 20, 231, 237,
       232, 126, 135, 255, 239, 181, 231, 231, 228, 142, 253, 234, 91,
       207, 135, 31, 190, 217, 31, 239, 178, 237, 99, 169, 127, 80, 153,
       123, 255, 55, 253, 219, 93, 222, 191, 151, 148, 253, 54, 191, 116,
       253, 144, 207, 219, 97, 247, 239, 239, 222, 119, 0, 160, 135, 29,
       92, 139, 160, 107, 246, 48, 226, 66, 224, 224, 32, 192, 104, 172,
       106, 128, 51, 251, 199, 93, 28, 34, 83, 64, 89, 40, 121, 136, 112,
       170, 134, 153, 72, 137, 160, 75, 166, 53, 194, 66, 160, 130, 96,
       218, 105, 172, 106, 144, 26, 223, 195, 81, 156, 32, 219, 121, 145,
       8, 43, 136, 27, 149, 63, 207, 146, 150, 47, 55, 117, 65, 78, 214,
       253, 39, 184, 228, 102, 19, 189, 168, 243, 152, 53, 223, 161, 47,
       170, 192, 62, 128, 161, 57, 18, 171, 78, 173, 218, 137, 239, 231,
       45, 164, 218, 199, 169, 163, 53, 194, 106, 239, 107, 204, 64, 155,
       197, 237, 188, 40, 142, 128, 45, 152, 161, 136, 9, 205, 18, 223,
       244, 140, 173, 183, 190, 9, 126, 64, 188, 179, 160, 100, 135, 107,
       50, 12, 243, 184, 18, 255, 109, 255, 54, 64, 26, 144, 233, 169,
       39, 237, 106, 14, 93, 155, 238, 232, 95, 192, 253, 207, 104, 200,
       191, 164, 216, 232, 146, 111, 197, 179, 92, 255, 58, 93, 133, 47,
       95, 191, 122, 132, 2, 162, 166, 157, 91, 27, 190, 233, 63, 172,
