%YAML:1.0
---
descriptors: !!opencv-matrix
   rows: 189
   cols: 32
   dt: u
   data: [ 42, 56, 186, 240, 207, 245, 184, 67, 171, 254, 28, 27, 140,
       191, 87, 138, 175, 59, 243, 145, 150, 123, 178, 192, 95, 89, 219,
       235, 199, 68, 127, 222, 44, 213, 121, 111, 244, 207, 127, 184,
       126, 40, 127, 72, 247, 115, 137, 48, 31, 94, 110, 106, 250, 240,
       121, 63, 239, 255, 37, 196, 80, 243, 198, 163, 56, 95, 238, 231,
       116, 86, 255, 117, 117, 206, 254, 38, 123, 45, 183, 96, 126, 252,
       151, 232, 232, 187, 37, 238, 243, 239, 246, 129, 39, 242, 244,
       251, 121, 112, 57, 232, 61, 68, 67, 88, 65, 72, 237, 12, 187, 215,
       57, 112, 220, 153, 94, 234, 139, 35, 242, 221, 209, 249, 130, 56,
       26, 42, 98, 98, 18, 34, 118, 137, 75, 193, 184, 67, 174, 53, 210,
       163, 172, 142, 230, 78, 106, 189, 239, 145, 6, 75, 135, 213, 148,
       32, 154, 203, 53, 4, 37, 207, 45, 165, 114, 72, 85, 159, 226, 123,
       87, 225, 253, 10, 83, 200, 182, 164, 120, 168, 18, 184, 159, 186,
       116, 159, 31, 93, 129, 96, 127, 174, 122, 164, 127, 77, 111, 238,
       188, 194, 79, 240, 224, 140, 222, 2, 113, 247, 177, 115, 72, 244,
       125, 234, 105, 131, 236, 173, 249, 173, 239, 152, 37, 179, 118,
       96, 13, 1, 146, 185, 181, 182, 169, 71, 156, 129, 95, 18, 157,
       179, 160, 236, 242, 47, 58, 25, 18, 153, 2, 194, 141, 245, 158,
       65, 150, 76, 169, 160, 9, 10, 100, 81, 52, 187, 225, 19, 116, 45,
       118, 244, 187, 0, 150, 236, 106, 172, 166, 28, 153, 188, 101, 132,
       70, 239, 50, 192, 111, 140, 88, 172, 73, 92, 163, 220, 69, 244,
       101, 54, 244, 78, 238, 6, 56, 247, 35, 124, 97, 234, 34, 138, 233,
       158, 50, 235, 119, 175, 210, 8, 59, 240, 116, 120, 60, 157, 121,
       225, 214, 199, 223, 250, 22, 173, 252, 2, 17, 127, 97, 32, 121,
       218, 23, 248, 26, 58, 121, 30, 127, 205, 165, 229, 247, 171, 230,
       226, 166, 190, 196, 211, 213, 171, 168, 3, 63, 183, 91, 243, 140,
       237, 92, 12, 223, 31, 183, 145, 50, 216, 203, 246, 13, 22, 223,
       231, 133, 73, 213, 179, 9, 223, 243, 139, 247, 156, 187, 214, 108,
       77, 120, 71, 60, 168, 246, 228, 254, 107, 23, 221, 151, 184, 52,
       229, 110, 93, 62, 192, 223, 159, 241, 221, 11, 153, 122, 203, 242,
       240, 191, 198, 62, 65, 125, 162, 189, 222, 166, 96, 126, 59, 150,
       210, 151, 152, 44, 245, 110, 237, 190, 193, 255, 147, 171, 185,
       15, 242, 176, 208, 125, 157, 185, 88, 223, 125, 53, 29, 140, 156,
       214, 46, 143, 25, 215, 21, 134, 111, 234, 209, 95, 88, 27, 255,
       210, 13, 71, 215, 45, 237, 122, 103, 244, 79, 111, 188, 81, 172,
       126, 10, 243, 105, 145, 48, 90, 238, 22, 106, 201, 176, 125, 46,
       111, 205, 37, 4, 103, 251, 210, 168, 231, 221, 191, 254, 238, 228,
       159, 252, 137, 218, 216, 99, 124, 255, 189, 99, 222, 243, 191,
       231, 225, 67, 186, 233, 115, 123, 238, 138, 157, 115, 179, 123,
       230, 255, 142, 190, 217, 135, 63, 232, 190, 182, 227, 199, 228,
       231, 105, 67, 253, 255, 235, 242, 106, 67, 219, 127, 189, 182,
       207, 31, 144, 123, 39, 210, 50, 95, 82, 216, 84, 193, 214, 231,
       85, 10, 248, 111, 34, 153, 36, 17, 248, 187, 7, 226, 105, 171, 0,
       255, 50, 140, 164, 43, 121, 218, 242, 154, 181, 167, 231, 95, 222,
       59, 238, 239, 86, 178, 219, 214, 225, 104, 157, 229, 123, 238,
       106, 175, 181, 252, 237, 239, 60, 46, 231, 4, 237, 249, 209, 164,
       252, 123, 252, 100, 172, 75, 87, 245, 64, 172, 190, 42, 115, 249,
       209, 51, 88, 252, 108, 106, 72, 243, 233, 40, 243, 201, 101, 53,
       101, 250, 214, 43, 75, 114, 241, 205, 110, 24, 232, 80, 233, 217,
       176, 238, 191, 138, 213, 250, 238, 133, 126, 157, 135, 35, 230,
       192, 150, 121, 170, 168, 79, 168, 107, 157, 73, 233, 26, 152, 93,
       216, 176, 196, 230, 68, 196, 2, 173, 194, 35, 228, 98, 104, 106,
       216, 71, 179, 182, 245, 86, 225, 138, 9, 18, 156, 41, 140, 201,
       90, 251, 101, 36, 46, 109, 18, 125, 202, 126, 228, 179, 37, 145,
       122, 70, 164, 124, 44, 137, 180, 229, 8, 198, 249, 96, 128, 110,
       248, 66, 121, 130, 120, 250, 156, 71, 212, 181, 71, 255, 70, 112,
       7, 44, 156, 55, 8, 238, 57, 51, 133, 198, 190, 50, 243, 23, 60,
       26, 11, 93, 28, 167, 223, 135, 143, 198, 159, 223, 51, 166, 239,
       86, 251, 211, 247, 96, 232, 191, 231, 121, 110, 186, 167, 245,
       243, 207, 255, 60, 38, 239, 132, 189, 126, 185, 140, 122, 143, 54,
       190, 157, 253, 86, 239, 173, 15, 236, 9, 110, 239, 34, 212, 225,
       179, 205, 1, 126, 43, 18, 255, 243, 247, 4, 27, 242, 110, 238, 91,
       142, 255, 182, 186, 255, 189, 190, 204, 159, 189, 156, 191, 236,
       252, 126, 134, 239, 123, 251, 215, 182, 99, 218, 247, 63, 83, 143,
       255, 215, 95, 191, 215, 88, 249, 26, 106, 27, 212, 18, 224, 169,
       4, 228, 11, 62, 223, 98, 48, 182, 249, 216, 82, 78, 43, 154, 125,
       251, 233, 2, 107, 123, 2, 47, 27, 7, 158, 55, 187, 180, 177, 250,
       184, 94, 89, 91, 230, 253, 206, 184, 224, 215, 35, 62, 223, 151,
       184, 47, 245, 172, 95, 170, 192, 156, 139, 129, 149, 38, 223, 122,
       234, 254, 225, 159, 252, 159, 94, 188, 171, 92, 253, 255, 33, 223,
       211, 215, 227, 226, 35, 42, 255, 122, 92, 175, 255, 85, 255, 181,
       243, 79, 143, 96, 187, 244, 169, 106, 176, 31, 73, 95, 231, 253,
       235, 186, 68, 119, 43, 63, 223, 151, 152, 15, 247, 236, 126, 186,
       200, 158, 143, 185, 17, 26, 35, 74, 161, 18, 130, 105, 64, 36, 5,
       198, 135, 137, 2, 146, 192, 104, 172, 135, 156, 9, 152, 69, 132,
       148, 225, 186, 192, 47, 132, 56, 216, 120, 207, 92, 238, 170, 9,
       87, 254, 133, 28, 188, 171, 51, 35, 35, 83, 74, 210, 173, 66, 74,
       43, 74, 61, 243, 225, 100, 57, 115, 217, 204, 11, 1, 0, 204, 145,
       100, 155, 232, 19, 126, 113, 118, 214, 147, 8, 150, 236, 106, 140,
       54, 29, 135, 252, 101, 193, 6, 59, 242, 192, 237, 140, 88, 196,
       54, 151, 125, 236, 254, 67, 159, 251, 143, 250, 184, 235, 93, 253,
       181, 33, 255, 211, 215, 167, 224, 35, 43, 223, 122, 94, 237, 190,
       117, 254, 53, 251, 36, 141, 123, 72, 252, 199, 235, 255, 94, 232,
       124, 2, 16, 245, 245, 36, 89, 56, 22, 248, 147, 186, 48, 222, 111,
       12, 167, 236, 211, 152, 116, 233, 24, 222, 52, 191, 15, 185, 22,
       231, 93, 6, 204, 135, 175, 40, 39, 68, 235, 163, 138, 2, 108, 172,
       87, 191, 243, 247, 82, 19, 50, 92, 141, 94, 75, 51, 120, 160, 102,
       28, 248, 87, 233, 89, 181, 255, 158, 26, 214, 26, 174, 129, 223,
       149, 135, 35, 132, 192, 214, 89, 58, 186, 79, 132, 139, 93, 32,
       159, 75, 188, 84, 197, 231, 103, 29, 78, 248, 111, 50, 238, 38,
       16, 248, 171, 6, 165, 73, 187, 32, 221, 49, 4, 162, 8, 81, 106,
       126, 249, 2, 160, 212, 217, 127, 137, 184, 200, 30, 49, 113, 50,
       140, 218, 76, 204, 239, 25, 162, 145, 18, 92, 203, 213, 12, 22,
       155, 231, 149, 8, 13, 134, 10, 178, 54, 248, 107, 201, 176, 207,
       143, 63, 176, 187, 172, 223, 108, 26, 175, 27, 239, 17, 18, 79,
       138, 209, 223, 208, 27, 255, 210, 12, 133, 155, 214, 175, 134,
       159, 219, 179, 174, 239, 190, 191, 218, 247, 236, 226, 110, 199,
       253, 239, 235, 149, 118, 219, 207, 255, 188, 34, 223, 255, 157,
       116, 187, 142, 133, 166, 135, 31, 221, 63, 166, 255, 118, 243,
       219, 86, 224, 232, 156, 231, 121, 238, 106, 175, 245, 242, 255,
       255, 60, 46, 215, 4, 207, 126, 248, 148, 148, 245, 142, 191, 152,
       7, 47, 232, 62, 182, 195, 13, 247, 231, 105, 65, 253, 253, 110,
       230, 104, 215, 219, 63, 253, 163, 239, 60, 24, 123, 37, 242, 103,
       253, 156, 186, 221, 205, 22, 238, 159, 243, 168, 13, 254, 252, 74,
       18, 201, 235, 251, 83, 111, 107, 218, 243, 189, 22, 95, 123, 216,
       95, 139, 222, 2, 178, 186, 176, 235, 157, 184, 203, 175, 61, 176,
       191, 140, 142, 102, 10, 175, 153, 239, 149, 22, 111, 146, 209, 95,
       81, 95, 255, 215, 12, 47, 223, 201, 26, 251, 101, 36, 46, 105, 22,
       125, 202, 118, 84, 191, 33, 145, 123, 6, 38, 124, 12, 161, 188,
