%YAML:1.0
---
descriptors: !!opencv-matrix
   rows: 115
   cols: 32
   dt: u
   data: [ 2, 187, 25, 187, 250, 201, 180, 207, 142, 5, 72, 99, 164, 183,
       96, 64, 203, 59, 35, 1, 18, 26, 74, 245, 173, 20, 30, 107, 144,
       26, 165, 139, 166, 204, 150, 252, 253, 171, 214, 239, 223, 131,
       241, 81, 238, 233, 36, 201, 211, 107, 111, 35, 48, 239, 74, 191,
       168, 254, 87, 26, 212, 249, 241, 141, 133, 164, 221, 177, 236, 41,
       233, 155, 110, 51, 49, 88, 159, 161, 216, 43, 3, 15, 110, 28, 51,
       116, 207, 211, 204, 145, 119, 116, 220, 200, 131, 161, 250, 56,
       238, 116, 139, 253, 145, 23, 147, 127, 150, 191, 42, 188, 71, 46,
       237, 247, 253, 145, 188, 111, 242, 226, 211, 119, 216, 179, 231,
       76, 222, 95, 120, 156, 63, 238, 144, 231, 83, 183, 132, 77, 238,
       0, 243, 119, 32, 112, 197, 242, 29, 8, 57, 137, 121, 63, 235, 239,
       160, 80, 178, 194, 228, 123, 4, 161, 16, 131, 221, 109, 176, 73,
       30, 49, 57, 27, 204, 120, 72, 136, 187, 27, 234, 17, 50, 120, 219,
       214, 29, 20, 31, 119, 144, 10, 141, 134, 242, 71, 102, 172, 23,
       18, 78, 100, 229, 132, 242, 3, 99, 104, 52, 71, 248, 228, 108,
       227, 108, 163, 5, 236, 178, 226, 202, 19, 117, 62, 116, 14, 5, 13,
       94, 229, 244, 14, 110, 243, 252, 130, 122, 66, 93, 115, 49, 115,
       118, 117, 59, 106, 241, 153, 17, 236, 253, 190, 207, 0, 40, 242,
       225, 160, 34, 173, 17, 170, 216, 173, 178, 207, 30, 1, 105, 75,
       164, 250, 104, 0, 217, 27, 3, 17, 18, 26, 74, 247, 189, 148, 30,
       106, 144, 10, 131, 138, 97, 106, 89, 161, 108, 15, 168, 88, 46,
       176, 176, 202, 149, 19, 209, 11, 110, 149, 94, 233, 65, 118, 193,
       64, 212, 129, 235, 164, 13, 168, 99, 169, 57, 95, 113, 101, 54,
       90, 122, 119, 97, 228, 254, 166, 27, 13, 150, 48, 62, 180, 21,
       172, 204, 184, 37, 142, 115, 237, 160, 128, 103, 134, 116, 121,
       108, 50, 213, 241, 101, 90, 104, 16, 107, 253, 182, 110, 143, 11,
       87, 159, 170, 141, 236, 144, 13, 240, 145, 200, 142, 209, 227,
       163, 239, 164, 78, 215, 38, 140, 150, 188, 252, 171, 150, 239,
       223, 131, 248, 80, 238, 232, 36, 75, 195, 111, 106, 3, 52, 239,
       11, 255, 184, 182, 87, 26, 208, 120, 161, 141, 191, 224, 228, 90,
       173, 217, 88, 141, 223, 85, 165, 153, 42, 204, 254, 253, 211, 138,
       174, 20, 158, 101, 110, 241, 10, 89, 84, 127, 210, 156, 220, 94,
       61, 117, 17, 238, 189, 15, 86, 248, 63, 168, 185, 72, 223, 115, 9,
       176, 217, 221, 92, 122, 105, 99, 89, 190, 251, 223, 5, 60, 74,
       251, 66, 51, 56, 140, 57, 123, 176, 239, 83, 183, 87, 13, 174, 0,
       183, 119, 32, 112, 197, 50, 93, 8, 58, 136, 97, 63, 235, 255, 52,
       80, 146, 200, 196, 107, 240, 72, 207, 188, 78, 8, 109, 4, 249,
       146, 178, 90, 127, 99, 1, 91, 106, 229, 108, 234, 105, 71, 195,
       226, 212, 162, 254, 24, 37, 113, 99, 40, 192, 152, 29, 190, 9,
       205, 20, 166, 143, 90, 164, 24, 190, 247, 64, 122, 129, 115, 232,
       0, 67, 13, 218, 51, 197, 247, 80, 59, 26, 8, 5, 59, 73, 16, 148,
       247, 105, 188, 120, 19, 233, 121, 119, 92, 158, 19, 132, 255, 166,
       53, 118, 8, 129, 252, 177, 192, 215, 251, 114, 130, 74, 128, 75,
       189, 39, 6, 111, 207, 230, 50, 239, 121, 84, 234, 127, 230, 81,
       109, 189, 105, 126, 140, 23, 174, 161, 176, 45, 206, 6, 46, 227,
       132, 125, 251, 112, 241, 126, 105, 83, 238, 57, 221, 86, 224, 163,
       140, 236, 9, 110, 251, 33, 212, 178, 241, 205, 66, 92, 35, 154,
       232, 187, 253, 5, 27, 98, 55, 238, 71, 88, 188, 188, 112, 169,
       237, 17, 143, 187, 63, 172, 57, 143, 183, 74, 27, 131, 211, 237,
       16, 26, 73, 251, 49, 219, 215, 93, 127, 194, 64, 135, 107, 29,
       103, 197, 69, 176, 26, 110, 184, 116, 168, 122, 228, 83, 96, 145,
       244, 54, 76, 36, 110, 205, 240, 237, 14, 166, 238, 101, 132, 111,
       243, 88, 5, 246, 80, 150, 140, 77, 86, 86, 72, 169, 142, 243, 11,
       78, 254, 39, 223, 248, 245, 239, 227, 76, 103, 146, 200, 145, 178,
       207, 27, 1, 127, 126, 6, 60, 104, 190, 114, 77, 45, 241, 200, 195,
       187, 164, 8, 26, 217, 69, 26, 169, 253, 99, 90, 10, 103, 154, 160,
       91, 217, 85, 127, 195, 121, 70, 162, 85, 181, 145, 225, 178, 46,
       104, 159, 59, 185, 106, 80, 223, 51, 200, 252, 183, 31, 60, 56,
       51, 216, 145, 66, 173, 254, 55, 70, 168, 192, 131, 33, 6, 160, 18,
       129, 205, 111, 176, 201, 62, 189, 147, 27, 204, 158, 74, 13, 185,
       153, 202, 48, 22, 115, 25, 212, 157, 18, 91, 119, 193, 15, 157,
       198, 253, 68, 238, 206, 228, 38, 237, 113, 208, 202, 223, 82, 81,
       235, 188, 107, 126, 228, 55, 174, 249, 183, 36, 138, 114, 171,
       230, 132, 181, 250, 240, 161, 105, 16, 118, 87, 109, 156, 249, 16,
       233, 89, 119, 76, 159, 27, 150, 190, 142, 37, 118, 14, 149, 48,
       242, 224, 70, 249, 82, 74, 74, 135, 75, 205, 196, 164, 133, 159,
       222, 169, 38, 171, 190, 179, 9, 82, 204, 226, 72, 75, 113, 111,
       106, 178, 50, 68, 138, 215, 140, 6, 207, 108, 144, 96, 145, 128,
       237, 125, 25, 229, 184, 15, 84, 190, 59, 170, 188, 108, 159, 51,
       65, 177, 133, 220, 92, 104, 233, 122, 209, 26, 255, 223, 37, 52,
       74, 240, 74, 3, 108, 239, 192, 103, 189, 15, 198, 156, 87, 185,
       184, 79, 195, 105, 89, 134, 89, 206, 238, 122, 14, 98, 201, 186,
       110, 221, 133, 125, 223, 191, 88, 10, 213, 140, 151, 189, 184,
       171, 148, 231, 222, 147, 250, 80, 254, 226, 33, 195, 199, 103,
       110, 1, 113, 235, 67, 239, 184, 246, 127, 82, 152, 120, 33, 137,
       34, 160, 215, 248, 104, 9, 152, 233, 31, 49, 241, 169, 78, 255,
       108, 31, 223, 153, 127, 53, 26, 107, 75, 209, 152, 218, 91, 254,
       212, 12, 163, 135, 74, 50, 212, 225, 111, 88, 120, 18, 233, 253,
       54, 237, 143, 143, 214, 158, 162, 133, 239, 17, 135, 248, 163,
       192, 134, 209, 50, 195, 111, 132, 79, 221, 114, 97, 113, 225, 38,
       104, 248, 1, 233, 160, 185, 139, 143, 11, 85, 26, 174, 149, 93,
       153, 138, 32, 198, 192, 151, 216, 138, 162, 103, 130, 67, 4, 128,
       164, 157, 187, 234, 233, 41, 143, 30, 51, 1, 184, 149, 227, 200,
       73, 19, 10, 106, 24, 50, 92, 207, 19, 204, 147, 127, 108, 148, 72,
       129, 160, 77, 75, 189, 101, 36, 14, 111, 56, 109, 232, 126, 76,
       247, 97, 145, 114, 150, 100, 108, 110, 201, 176, 233, 40, 230,
       249, 101, 128, 74, 179, 67, 33, 226, 184, 175, 216, 203, 236, 176,
       199, 187, 91, 144, 63, 188, 189, 102, 43, 237, 179, 255, 145, 183,
       111, 210, 243, 95, 50, 222, 251, 207, 76, 151, 91, 255, 179, 125,
       251, 173, 181, 217, 209, 79, 121, 247, 125, 14, 156, 222, 56, 143,
       27, 245, 21, 159, 30, 235, 241, 83, 89, 184, 246, 215, 143, 214,
       119, 151, 111, 199, 186, 158, 96, 111, 204, 252, 210, 136, 210,
       215, 226, 253, 239, 115, 203, 92, 255, 255, 69, 46, 170, 184, 194,
       239, 156, 188, 251, 177, 164, 200, 61, 61, 245, 113, 239, 113, 55,
       57, 235, 126, 121, 191, 63, 0, 16, 135, 183, 253, 0, 121, 216,
       209, 14, 207, 255, 48, 130, 10, 192, 6, 59, 82, 184, 159, 245, 31,
       198, 248, 99, 190, 169, 210, 114, 189, 187, 36, 67, 238, 181, 127,
       129, 42, 221, 147, 221, 157, 255, 250, 146, 172, 0, 49, 11, 115,
       18, 236, 133, 106, 26, 184, 8, 41, 194, 246, 239, 139, 46, 151,
       127, 126, 157, 255, 172, 140, 210, 229, 200, 150, 122, 219, 146,
       7, 172, 38, 245, 78, 191, 146, 90, 219, 241, 178, 198, 191, 21,
       104, 105, 44, 243, 101, 148, 167, 123, 226, 144, 22, 75, 154, 243,
       62, 20, 31, 107, 218, 68, 175, 143, 35, 34, 232, 69, 108, 27, 233,
       91, 99, 245, 116, 207, 131, 140, 214, 61, 76, 172, 119, 13, 140,
       250, 231, 144, 70, 89, 209, 173, 103, 172, 94, 220, 113, 240, 30,
       96, 13, 79, 69, 204, 102, 248, 226, 12, 82, 17, 0, 16, 184, 204,
       106, 106, 73, 247, 153, 29, 241, 201, 65, 52, 72, 26, 114, 26, 1,
       128, 135, 231, 36, 14, 105, 53, 125, 51, 227, 84, 251, 35, 24,
       123, 104, 134, 122, 140, 169, 220, 81, 69, 204, 190, 210, 0, 136,
