%YAML:1.0
---
descriptors: !!opencv-matrix
   rows: 375
   cols: 32
   dt: u
   data: [ 1, 29, 59, 125, 180, 222, 231, 119, 124, 72, 122, 64, 182,
       184, 32, 112, 248, 122, 70, 72, 193, 184, 48, 111, 165, 191, 54,
       0, 64, 98, 103, 171, 193, 180, 213, 225, 165, 124, 105, 31, 57,
       123, 54, 80, 159, 51, 196, 255, 39, 150, 126, 152, 179, 220, 241,
       192, 143, 218, 242, 196, 174, 192, 195, 57, 60, 141, 255, 254,
       215, 214, 214, 231, 221, 199, 250, 2, 111, 252, 36, 226, 249, 247,
       167, 33, 124, 251, 58, 175, 187, 231, 223, 71, 241, 126, 253, 74,
       149, 56, 59, 187, 90, 68, 107, 112, 52, 78, 215, 86, 253, 247, 41,
       113, 123, 173, 95, 174, 177, 151, 185, 238, 221, 231, 170, 192,
       169, 163, 33, 241, 253, 119, 41, 162, 48, 13, 79, 124, 48, 232,
       249, 237, 247, 71, 216, 48, 150, 205, 85, 127, 203, 22, 236, 46,
       248, 205, 165, 184, 40, 147, 2, 113, 192, 252, 151, 222, 205, 237,
       182, 207, 222, 147, 136, 24, 236, 250, 101, 203, 241, 123, 234, 2,
       50, 111, 218, 251, 189, 22, 95, 59, 144, 121, 133, 138, 94, 188,
       215, 218, 155, 114, 30, 236, 191, 7, 137, 179, 76, 246, 40, 221,
       255, 215, 219, 242, 56, 67, 138, 254, 187, 182, 223, 251, 151,
       119, 175, 150, 72, 219, 148, 83, 171, 217, 52, 174, 238, 57, 34,
       56, 174, 55, 72, 206, 167, 87, 234, 80, 18, 120, 139, 113, 15,
       150, 85, 103, 210, 80, 141, 27, 175, 238, 234, 155, 221, 63, 190,
       236, 94, 230, 220, 223, 200, 232, 159, 128, 249, 239, 114, 119,
       244, 182, 223, 250, 124, 31, 143, 173, 221, 127, 249, 214, 59,
       149, 67, 220, 21, 22, 198, 127, 85, 138, 216, 70, 120, 240, 188,
       228, 92, 234, 23, 47, 217, 171, 23, 175, 176, 254, 206, 138, 63,
       238, 240, 173, 189, 90, 105, 225, 30, 135, 65, 114, 86, 232, 178,
       238, 19, 5, 209, 97, 76, 172, 126, 252, 249, 62, 117, 30, 252,
       203, 165, 244, 125, 168, 80, 48, 3, 203, 242, 154, 127, 148, 190,
       207, 239, 93, 124, 7, 44, 202, 190, 244, 231, 11, 146, 69, 214,
       43, 46, 241, 54, 60, 30, 171, 19, 20, 175, 207, 98, 252, 182, 222,
       237, 107, 148, 238, 159, 19, 176, 27, 238, 253, 45, 15, 203, 243,
       251, 19, 120, 107, 218, 242, 185, 182, 95, 59, 209, 121, 167, 26,
       72, 51, 62, 252, 43, 137, 145, 72, 142, 188, 177, 169, 238, 205,
       97, 2, 134, 57, 234, 65, 2, 99, 234, 81, 209, 145, 1, 59, 80, 42,
       5, 243, 198, 247, 173, 147, 172, 44, 111, 148, 169, 94, 31, 245,
       204, 239, 223, 79, 199, 71, 61, 127, 215, 84, 170, 224, 230, 123,
       238, 196, 142, 247, 149, 113, 33, 174, 233, 113, 244, 45, 225, 23,
       126, 123, 122, 94, 179, 40, 214, 49, 47, 138, 6, 29, 191, 248,
       245, 57, 108, 139, 54, 96, 237, 216, 210, 137, 15, 189, 229, 247,
       215, 180, 254, 183, 115, 251, 63, 86, 121, 127, 92, 224, 55, 247,
       181, 152, 183, 248, 249, 255, 111, 207, 191, 196, 175, 246, 217,
       11, 45, 66, 173, 247, 172, 47, 205, 152, 198, 250, 187, 68, 211,
       101, 153, 107, 221, 68, 125, 46, 137, 240, 121, 8, 197, 223, 245,
       20, 200, 251, 80, 241, 65, 176, 188, 252, 25, 68, 89, 59, 18, 247,
       132, 12, 247, 255, 66, 122, 149, 149, 121, 156, 11, 74, 243, 25,
       207, 191, 221, 124, 136, 32, 4, 122, 2, 170, 138, 154, 212, 163,
       184, 199, 30, 5, 86, 211, 132, 202, 119, 72, 249, 43, 19, 149, 22,
       186, 2, 210, 30, 23, 154, 199, 149, 8, 57, 134, 124, 51, 235, 238,
       86, 38, 107, 88, 97, 128, 239, 198, 115, 231, 185, 112, 124, 220,
       21, 250, 137, 147, 189, 232, 83, 173, 160, 0, 167, 243, 118, 176,
       114, 33, 51, 168, 77, 65, 17, 72, 135, 8, 192, 34, 4, 151, 32,
       116, 200, 188, 219, 97, 72, 3, 226, 152, 145, 48, 138, 59, 16, 10,
       118, 227, 149, 205, 13, 165, 188, 143, 79, 189, 196, 224, 154, 76,
       243, 97, 144, 99, 76, 228, 92, 111, 249, 232, 93, 61, 236, 233,
       165, 84, 124, 186, 208, 40, 161, 30, 233, 87, 150, 47, 233, 30,
       86, 235, 246, 246, 243, 105, 148, 105, 127, 238, 62, 12, 185, 252,
       101, 47, 70, 175, 241, 208, 237, 232, 208, 57, 55, 143, 198, 162,
       165, 122, 78, 231, 49, 119, 251, 243, 11, 44, 182, 159, 203, 198,
       133, 239, 252, 250, 69, 224, 186, 218, 212, 199, 231, 223, 252,
       76, 183, 20, 146, 234, 245, 54, 87, 247, 85, 43, 250, 86, 30, 58,
       165, 253, 253, 207, 6, 43, 185, 191, 17, 234, 187, 254, 86, 70,
       217, 89, 232, 143, 6, 249, 190, 186, 125, 205, 186, 232, 190, 156,
       17, 1, 236, 239, 105, 194, 135, 123, 251, 87, 66, 65, 154, 245,
       13, 23, 79, 239, 16, 39, 37, 243, 39, 188, 141, 212, 252, 66, 170,
       233, 27, 186, 80, 98, 240, 248, 253, 39, 221, 123, 19, 169, 241,
       122, 202, 207, 28, 30, 223, 238, 141, 232, 48, 173, 74, 171, 132,
       187, 185, 188, 24, 143, 190, 61, 128, 149, 172, 226, 74, 202, 197,
       79, 233, 21, 22, 73, 219, 177, 140, 115, 223, 255, 144, 68, 153,
       94, 0, 142, 191, 245, 52, 174, 113, 55, 252, 5, 98, 145, 183, 47,
       0, 75, 133, 55, 106, 8, 48, 252, 83, 15, 205, 183, 80, 64, 224,
       136, 197, 40, 33, 125, 55, 103, 180, 223, 199, 182, 68, 232, 186,
       104, 247, 116, 193, 176, 156, 118, 76, 106, 233, 248, 113, 47,
       173, 223, 37, 48, 64, 187, 70, 57, 248, 208, 123, 238, 14, 86,
       239, 253, 68, 76, 246, 2, 115, 159, 188, 96, 124, 212, 190, 234,
       201, 183, 45, 181, 243, 233, 230, 4, 117, 154, 244, 121, 108, 121,
       248, 101, 180, 109, 87, 16, 99, 172, 190, 8, 219, 61, 195, 30, 28,
       244, 109, 122, 8, 48, 241, 0, 227, 253, 37, 49, 226, 251, 78, 35,
       156, 205, 148, 183, 141, 70, 94, 168, 185, 210, 130, 3, 239, 127,
       27, 75, 249, 245, 253, 227, 109, 197, 27, 174, 233, 211, 207, 7,
       34, 116, 61, 210, 191, 255, 234, 190, 254, 55, 206, 254, 147, 238,
       156, 255, 97, 236, 255, 131, 127, 230, 87, 239, 252, 67, 142, 191,
       122, 79, 239, 188, 191, 255, 250, 209, 1, 189, 63, 101, 33, 206,
       117, 119, 173, 77, 110, 4, 190, 183, 32, 112, 164, 51, 94, 12,
       193, 153, 50, 77, 231, 255, 48, 2, 72, 64, 167, 251, 245, 142,
       171, 94, 52, 82, 67, 250, 81, 174, 222, 42, 115, 244, 181, 36, 89,
       228, 124, 235, 168, 175, 40, 47, 251, 239, 165, 145, 101, 171,
       118, 111, 165, 188, 248, 129, 252, 239, 233, 218, 62, 249, 188,
       222, 151, 14, 214, 56, 107, 129, 95, 61, 179, 107, 116, 214, 221,
       156, 171, 252, 205, 201, 83, 243, 160, 236, 5, 153, 84, 143, 164,
       239, 30, 51, 80, 90, 164, 136, 32, 13, 217, 10, 2, 0, 114, 126,
       88, 189, 45, 18, 223, 102, 84, 8, 209, 142, 240, 188, 184, 244,
       89, 103, 89, 59, 18, 229, 164, 25, 23, 191, 66, 51, 133, 191, 121,
       144, 57, 75, 243, 15, 219, 167, 213, 57, 136, 224, 14, 122, 41,
       159, 75, 233, 244, 163, 99, 215, 6, 41, 122, 102, 49, 179, 160,
       64, 124, 14, 6, 28, 147, 186, 17, 63, 108, 173, 162, 192, 249,
       200, 240, 249, 221, 125, 157, 227, 240, 46, 127, 156, 34, 244,
       172, 77, 87, 55, 67, 27, 53, 223, 125, 126, 57, 82, 217, 34, 239,
       137, 101, 116, 168, 243, 2, 123, 137, 146, 183, 121, 36, 156, 105,
       19, 126, 91, 114, 84, 191, 142, 176, 233, 199, 10, 126, 28, 139,
       252, 51, 81, 196, 251, 114, 192, 92, 128, 225, 121, 185, 36, 230,
       93, 93, 119, 232, 110, 87, 225, 230, 18, 88, 248, 62, 173, 89,
       238, 178, 168, 189, 247, 63, 140, 91, 107, 213, 69, 199, 44, 124,
       228, 223, 158, 190, 182, 191, 54, 23, 186, 218, 254, 158, 117, 92,
       250, 107, 67, 183, 103, 253, 55, 245, 65, 186, 238, 248, 119, 111,
       222, 138, 116, 185, 87, 40, 164, 57, 107, 113, 237, 81, 83, 113,
       77, 109, 25, 23, 19, 10, 16, 145, 138, 4, 28, 58, 190, 48, 23,
       207, 205, 48, 101, 226, 130, 70, 226, 64, 173, 187, 245, 52, 236,
       105, 55, 184, 73, 94, 80, 183, 183, 144, 115, 161, 110, 125, 12,
       50, 216, 160, 111, 199, 255, 50, 192, 0, 128, 215, 105, 41, 93,
       122, 101, 112, 142, 125, 55, 125, 168, 126, 8, 179, 55, 147, 48,
       166, 60, 84, 108, 193, 184, 113, 46, 231, 189, 36, 128, 74, 176,
