%YAML:1.0
---
descriptors: !!opencv-matrix
   rows: 227
   cols: 32
   dt: u
   data: [ 119, 239, 192, 142, 222, 35, 198, 248, 195, 226, 157, 239, 96,
       232, 255, 166, 89, 194, 19, 239, 237, 99, 142, 174, 56, 14, 197,
       188, 191, 255, 122, 132, 234, 88, 174, 254, 77, 84, 189, 104, 137,
       86, 85, 19, 108, 253, 55, 139, 204, 113, 179, 199, 228, 103, 250,
       249, 87, 113, 202, 43, 23, 55, 63, 210, 115, 43, 140, 5, 137, 31,
       76, 47, 42, 236, 142, 205, 167, 32, 215, 146, 196, 134, 236, 13,
       204, 75, 213, 24, 158, 81, 221, 63, 8, 76, 154, 92, 53, 167, 75,
       227, 246, 162, 235, 209, 100, 97, 251, 230, 81, 11, 252, 32, 126,
       142, 22, 189, 155, 178, 45, 228, 92, 140, 174, 196, 173, 203, 240,
       177, 119, 183, 172, 165, 136, 21, 142, 137, 138, 254, 137, 141,
       195, 108, 95, 11, 157, 197, 121, 247, 255, 67, 255, 16, 170, 83,
       207, 252, 152, 103, 155, 84, 254, 230, 236, 160, 228, 11, 206,
       238, 51, 190, 146, 201, 3, 45, 91, 19, 153, 205, 101, 255, 254,
       126, 201, 178, 250, 219, 237, 245, 229, 189, 94, 202, 252, 61,
       251, 112, 179, 123, 87, 231, 249, 175, 188, 56, 14, 61, 5, 57,
       187, 243, 205, 50, 120, 111, 40, 202, 251, 223, 85, 63, 227, 112,
       198, 43, 81, 76, 31, 101, 32, 46, 105, 54, 36, 186, 186, 68, 87,
       51, 1, 91, 33, 68, 124, 46, 41, 253, 1, 12, 209, 171, 112, 148,
       105, 240, 99, 9, 32, 181, 17, 219, 253, 217, 208, 127, 79, 121,
       125, 120, 182, 153, 236, 164, 201, 26, 22, 16, 19, 42, 90, 149,
       47, 148, 180, 127, 218, 8, 220, 171, 45, 181, 193, 69, 244, 63,
       230, 218, 123, 233, 120, 78, 27, 48, 149, 180, 126, 206, 22, 108,
       149, 186, 125, 206, 46, 60, 33, 100, 239, 239, 218, 165, 163, 196,
       98, 220, 68, 16, 172, 103, 120, 194, 80, 131, 104, 236, 182, 33,
       250, 237, 51, 231, 228, 255, 166, 233, 54, 56, 202, 138, 69, 44,
       243, 204, 145, 50, 235, 225, 150, 35, 105, 87, 22, 99, 194, 214,
       17, 130, 120, 104, 127, 140, 19, 156, 171, 181, 53, 194, 217, 142,
       154, 68, 173, 136, 240, 176, 21, 244, 173, 183, 140, 110, 87, 184,
       242, 254, 133, 5, 215, 127, 90, 35, 217, 199, 125, 171, 41, 99,
       251, 43, 233, 207, 239, 84, 200, 105, 118, 114, 120, 66, 111, 110,
       106, 128, 93, 148, 161, 20, 175, 169, 107, 199, 11, 210, 102, 244,
       237, 194, 72, 3, 202, 97, 243, 161, 228, 185, 35, 178, 102, 107,
       250, 145, 68, 189, 13, 92, 92, 45, 57, 30, 242, 19, 111, 62, 14,
       223, 226, 151, 173, 195, 124, 207, 83, 237, 147, 242, 218, 19, 51,
       4, 236, 94, 166, 20, 110, 153, 239, 243, 188, 107, 157, 223, 221,
       179, 204, 252, 46, 141, 223, 27, 147, 177, 180, 231, 74, 222, 15,
       86, 223, 199, 213, 108, 189, 215, 66, 156, 159, 210, 244, 102,
       189, 230, 60, 23, 218, 19, 212, 190, 100, 75, 235, 215, 59, 145,
       50, 219, 19, 226, 189, 54, 222, 70, 128, 121, 165, 251, 2, 156,
       58, 159, 84, 231, 186, 226, 30, 5, 90, 3, 244, 236, 55, 64, 217,
       59, 3, 17, 34, 184, 88, 127, 109, 39, 170, 67, 148, 11, 53, 218,
       67, 92, 63, 244, 102, 160, 63, 114, 237, 202, 94, 98, 60, 223,
       165, 98, 166, 125, 191, 67, 193, 137, 162, 236, 242, 249, 106,
       138, 4, 113, 33, 107, 1, 170, 147, 187, 240, 173, 169, 151, 190,
       25, 90, 116, 188, 163, 240, 72, 135, 43, 55, 29, 147, 152, 2, 243,
       204, 149, 62, 192, 152, 208, 129, 169, 170, 234, 144, 153, 253,
       155, 186, 207, 31, 59, 80, 95, 140, 136, 124, 140, 223, 11, 131,
       21, 54, 62, 75, 247, 46, 86, 159, 103, 223, 92, 153, 143, 183, 74,
       110, 190, 110, 147, 202, 112, 196, 194, 212, 231, 115, 200, 183,
       33, 126, 232, 22, 239, 237, 167, 6, 172, 16, 107, 233, 152, 125,
       255, 120, 149, 134, 104, 176, 155, 77, 213, 186, 200, 159, 180,
       81, 11, 204, 220, 127, 141, 216, 121, 147, 83, 70, 118, 218, 240,
       5, 16, 203, 47, 22, 63, 29, 198, 73, 143, 113, 75, 112, 134, 123,
       55, 45, 9, 126, 224, 189, 23, 160, 116, 22, 27, 31, 204, 210, 152,
       33, 127, 102, 188, 50, 192, 18, 130, 161, 41, 53, 15, 79, 250, 30,
       163, 194, 114, 212, 0, 219, 66, 115, 233, 177, 64, 88, 162, 22,
       185, 153, 163, 14, 158, 152, 174, 170, 72, 189, 203, 112, 32, 151,
       255, 38, 155, 239, 209, 190, 252, 207, 92, 93, 231, 237, 204, 255,
       133, 255, 107, 151, 215, 230, 54, 46, 247, 166, 81, 175, 175, 95,
       31, 189, 223, 1, 197, 81, 203, 210, 226, 107, 189, 63, 1, 111,
       192, 217, 67, 156, 244, 115, 155, 18, 248, 19, 144, 125, 215, 47,
       172, 130, 68, 191, 146, 192, 160, 165, 92, 49, 248, 221, 237, 213,
       239, 91, 123, 168, 28, 150, 185, 109, 57, 153, 10, 82, 42, 49,
       103, 120, 191, 245, 222, 85, 62, 216, 88, 211, 178, 19, 166, 235,
       129, 150, 51, 233, 87, 126, 113, 30, 243, 25, 12, 222, 40, 127,
       139, 23, 157, 183, 184, 37, 199, 94, 77, 186, 196, 165, 196, 177,
       252, 60, 252, 17, 122, 11, 205, 87, 194, 179, 50, 165, 8, 63, 223,
       64, 57, 137, 185, 213, 2, 74, 39, 250, 177, 211, 213, 84, 59, 114,
       114, 6, 186, 88, 133, 65, 235, 212, 74, 99, 61, 53, 37, 235, 2,
       211, 99, 8, 84, 114, 134, 44, 184, 27, 144, 125, 23, 237, 166,
       163, 68, 162, 130, 228, 32, 3, 205, 15, 188, 89, 132, 108, 230,
       150, 3, 192, 2, 188, 226, 48, 65, 232, 251, 59, 201, 106, 139, 18,
       255, 161, 182, 218, 8, 16, 16, 33, 138, 183, 255, 103, 187, 174,
       149, 159, 252, 223, 94, 221, 231, 235, 220, 255, 37, 255, 75, 151,
       247, 239, 33, 110, 255, 170, 89, 175, 191, 95, 127, 253, 215, 51,
       148, 107, 252, 60, 199, 223, 121, 151, 73, 213, 247, 113, 253,
       178, 100, 95, 168, 31, 173, 249, 175, 102, 159, 250, 254, 171,
       218, 61, 168, 240, 245, 58, 157, 126, 254, 95, 210, 247, 103, 221,
       68, 206, 2, 124, 255, 38, 96, 106, 251, 187, 195, 121, 171, 62,
       255, 243, 247, 142, 11, 63, 111, 124, 254, 92, 4, 158, 172, 149,
       118, 120, 3, 5, 135, 219, 19, 207, 58, 35, 202, 249, 215, 191,
       177, 28, 251, 17, 136, 219, 231, 218, 71, 164, 105, 188, 2, 30,
       56, 246, 98, 75, 217, 50, 80, 239, 236, 180, 42, 42, 157, 71, 190,
       174, 113, 238, 80, 135, 99, 242, 224, 91, 213, 17, 59, 227, 15,
       15, 247, 61, 118, 233, 193, 254, 51, 207, 216, 82, 227, 221, 206,
       81, 237, 217, 40, 127, 204, 19, 255, 139, 54, 253, 146, 126, 13,
       167, 188, 191, 251, 112, 240, 130, 180, 255, 221, 86, 231, 185,
       90, 86, 171, 95, 114, 112, 191, 36, 104, 125, 60, 51, 184, 51,
       252, 113, 223, 77, 46, 187, 192, 173, 104, 116, 179, 130, 77, 130,
       159, 149, 135, 174, 199, 30, 130, 80, 2, 164, 202, 37, 68, 217,
       107, 131, 211, 98, 156, 82, 251, 37, 22, 158, 3, 20, 124, 49, 142,
       80, 60, 158, 119, 162, 12, 53, 151, 184, 191, 6, 53, 188, 55, 1,
       91, 167, 119, 125, 16, 48, 217, 145, 98, 221, 167, 126, 130, 168,
       112, 167, 123, 139, 209, 98, 209, 229, 215, 245, 117, 95, 125, 87,
       54, 136, 28, 246, 232, 254, 139, 151, 21, 215, 188, 117, 213, 95,
       91, 182, 199, 95, 12, 252, 223, 211, 90, 111, 173, 50, 94, 75, 56,
       173, 204, 214, 230, 255, 6, 179, 102, 70, 245, 61, 111, 201, 133,
       117, 203, 224, 45, 42, 128, 60, 175, 33, 125, 53, 110, 227, 204,
       246, 34, 239, 210, 208, 195, 248, 246, 17, 200, 245, 104, 127,
       236, 23, 223, 137, 183, 132, 130, 48, 44, 175, 140, 237, 251, 114,
       161, 13, 117, 92, 233, 248, 6, 127, 216, 35, 184, 204, 64, 221,
       83, 9, 121, 119, 221, 87, 250, 97, 134, 25, 94, 253, 223, 239,
       228, 186, 241, 43, 161, 159, 53, 174, 161, 181, 102, 249, 95, 29,
       205, 214, 147, 157, 188, 114, 41, 249, 139, 151, 181, 190, 251,
       53, 202, 251, 87, 190, 199, 133, 92, 180, 211, 101, 173, 173, 165,
       156, 47, 79, 170, 18, 246, 136, 13, 151, 44, 83, 26, 129, 69, 121,
       117, 175, 74, 243, 26, 233, 151, 205, 124, 136, 120, 18, 82, 34,
       205, 40, 158, 157, 197, 207, 167, 196, 81, 220, 2, 176, 186, 48,
       64, 201, 34, 19, 201, 107, 43, 18, 191, 97, 62, 158, 72, 20, 24,
