%YAML:1.0
---
descriptors: !!opencv-matrix
   rows: 233
   cols: 32
   dt: u
   data: [ 19, 248, 97, 165, 38, 67, 175, 190, 46, 104, 18, 230, 189, 30,
       153, 160, 54, 197, 93, 239, 197, 152, 37, 253, 132, 8, 187, 164,
       45, 148, 3, 125, 183, 223, 99, 78, 222, 19, 206, 253, 85, 194,
       188, 214, 73, 236, 191, 165, 127, 226, 22, 238, 237, 99, 63, 255,
       58, 14, 239, 156, 255, 255, 240, 244, 89, 169, 88, 237, 52, 14,
       79, 145, 36, 9, 254, 12, 183, 163, 130, 80, 114, 174, 76, 108, 26,
       184, 193, 31, 242, 237, 32, 16, 40, 162, 202, 1, 37, 14, 127, 81,
       180, 174, 107, 51, 127, 35, 118, 80, 211, 33, 148, 125, 59, 174,
       110, 28, 187, 248, 125, 94, 79, 254, 48, 68, 194, 200, 196, 32,
       242, 112, 30, 184, 42, 201, 16, 72, 174, 18, 160, 57, 158, 222,
       32, 88, 234, 177, 239, 1, 12, 103, 138, 80, 209, 211, 91, 127, 80,
       0, 47, 131, 113, 142, 143, 61, 156, 110, 67, 63, 84, 239, 242, 92,
       243, 33, 146, 89, 89, 230, 108, 44, 57, 254, 97, 14, 248, 175,
       117, 208, 225, 232, 244, 105, 83, 153, 106, 73, 84, 150, 107, 16,
       119, 69, 78, 135, 113, 9, 22, 84, 116, 172, 57, 252, 155, 152,
       245, 253, 127, 44, 128, 192, 175, 134, 112, 116, 23, 150, 199,
       133, 50, 38, 170, 191, 60, 97, 90, 231, 213, 46, 190, 192, 119,
       71, 63, 165, 181, 145, 21, 206, 188, 46, 175, 196, 173, 228, 169,
       85, 101, 249, 168, 164, 184, 15, 77, 158, 34, 252, 140, 13, 151,
       103, 83, 18, 145, 204, 125, 125, 203, 66, 243, 8, 237, 149, 237,
       188, 136, 116, 150, 82, 201, 170, 150, 184, 234, 169, 120, 215,
       171, 25, 48, 121, 191, 243, 192, 219, 167, 55, 110, 28, 54, 75,
       130, 113, 222, 241, 114, 234, 200, 192, 139, 137, 45, 97, 124,
       101, 165, 31, 86, 25, 105, 168, 183, 8, 219, 89, 29, 184, 152,
       220, 196, 42, 140, 242, 249, 136, 231, 219, 1, 55, 67, 187, 202,
       134, 34, 151, 18, 137, 244, 163, 162, 79, 94, 9, 120, 230, 168,
       232, 60, 132, 249, 43, 2, 177, 23, 186, 64, 223, 44, 20, 142, 194,
       221, 74, 241, 141, 189, 64, 199, 93, 12, 23, 71, 92, 87, 226, 115,
       70, 83, 248, 181, 238, 89, 236, 54, 110, 237, 244, 255, 136, 2,
       234, 229, 4, 127, 255, 120, 4, 33, 165, 216, 139, 244, 169, 235,
       87, 94, 97, 125, 238, 189, 169, 240, 0, 123, 10, 6, 24, 19, 58,
       204, 247, 44, 21, 46, 232, 221, 202, 211, 185, 34, 235, 104, 26,
       205, 217, 189, 238, 223, 117, 252, 155, 40, 172, 118, 1, 201, 203,
       195, 69, 198, 122, 110, 247, 127, 85, 223, 127, 85, 92, 223, 206,
       1, 170, 239, 251, 180, 142, 104, 151, 127, 3, 86, 64, 255, 11,
       148, 120, 55, 175, 63, 157, 146, 216, 69, 125, 207, 187, 178, 192,
       164, 130, 208, 40, 124, 51, 201, 229, 72, 74, 79, 176, 32, 166,
       134, 173, 195, 39, 193, 26, 22, 212, 237, 226, 72, 210, 249, 8,
       236, 164, 229, 181, 166, 250, 86, 114, 205, 116, 57, 103, 36, 78,
       119, 56, 121, 200, 127, 68, 214, 117, 9, 48, 180, 92, 124, 106,
       225, 176, 185, 14, 231, 249, 33, 4, 72, 179, 67, 115, 123, 184,
       228, 80, 173, 189, 81, 87, 203, 185, 180, 24, 26, 157, 212, 63,
       137, 146, 253, 24, 186, 107, 242, 145, 91, 216, 213, 251, 195,
       140, 210, 39, 100, 62, 213, 244, 237, 45, 84, 154, 171, 187, 176,
       125, 206, 235, 69, 27, 135, 231, 108, 16, 45, 111, 218, 224, 158,
       210, 85, 62, 202, 248, 66, 27, 191, 183, 68, 197, 252, 19, 206,
       248, 81, 234, 191, 238, 65, 40, 151, 167, 125, 198, 94, 238, 237,
       227, 237, 142, 62, 75, 229, 180, 111, 254, 90, 149, 158, 223, 206,
       158, 174, 50, 190, 237, 157, 222, 158, 247, 108, 238, 191, 207,
       119, 99, 189, 231, 244, 197, 14, 238, 186, 99, 239, 159, 190, 119,
       185, 87, 199, 147, 244, 159, 174, 48, 188, 157, 223, 95, 151, 183,
       204, 238, 222, 239, 231, 71, 255, 151, 183, 69, 239, 227, 14, 50,
       95, 223, 159, 247, 173, 85, 77, 58, 17, 112, 169, 173, 113, 154,
       239, 57, 182, 92, 159, 147, 193, 60, 135, 23, 92, 24, 131, 101,
       251, 144, 217, 249, 51, 126, 202, 193, 3, 33, 76, 19, 157, 231,
       32, 14, 127, 56, 44, 170, 127, 100, 223, 119, 137, 114, 182, 213,
       125, 106, 161, 208, 137, 8, 231, 251, 99, 132, 8, 242, 33, 51,
       191, 101, 103, 74, 222, 83, 207, 248, 213, 82, 253, 146, 89, 217,
       189, 165, 91, 202, 18, 255, 235, 103, 46, 254, 50, 10, 165, 172,
       119, 255, 240, 228, 75, 184, 165, 183, 173, 44, 64, 19, 171, 243,
       131, 93, 254, 181, 88, 223, 129, 70, 253, 29, 185, 201, 219, 160,
       205, 122, 221, 82, 138, 100, 147, 114, 143, 150, 230, 215, 231,
       112, 190, 191, 29, 87, 95, 183, 104, 110, 190, 237, 119, 219, 183,
       175, 181, 212, 45, 239, 46, 127, 223, 135, 167, 245, 253, 245,
       255, 182, 132, 161, 169, 63, 94, 188, 51, 255, 149, 221, 207, 46,
       90, 155, 221, 199, 253, 183, 190, 66, 219, 179, 170, 211, 253,
       255, 154, 149, 154, 87, 253, 23, 108, 37, 44, 27, 206, 56, 80,
       254, 182, 254, 211, 40, 150, 163, 95, 196, 252, 239, 253, 240,
       237, 142, 174, 235, 237, 148, 109, 255, 218, 213, 127, 63, 254,
       102, 187, 126, 91, 24, 233, 252, 191, 237, 91, 125, 215, 63, 166,
       247, 253, 127, 157, 67, 238, 232, 219, 249, 97, 219, 239, 231, 78,
       119, 139, 18, 236, 205, 34, 27, 185, 18, 172, 204, 87, 238, 157,
       31, 147, 43, 38, 53, 253, 45, 145, 148, 36, 200, 198, 105, 106,
       144, 47, 164, 5, 113, 109, 97, 248, 103, 108, 95, 82, 24, 97, 172,
       183, 8, 211, 89, 159, 48, 152, 196, 124, 106, 204, 178, 249, 8,
       199, 217, 37, 53, 65, 171, 94, 130, 81, 157, 239, 197, 130, 86,
       175, 177, 116, 224, 94, 198, 241, 54, 146, 98, 54, 70, 61, 239,
       209, 152, 53, 111, 245, 47, 238, 132, 45, 242, 181, 120, 253, 94,
       254, 247, 140, 118, 95, 191, 145, 238, 254, 254, 115, 117, 131,
       171, 93, 246, 253, 174, 233, 247, 249, 170, 243, 239, 237, 144,
       239, 251, 186, 121, 215, 22, 228, 153, 172, 50, 158, 184, 223,
       123, 159, 247, 201, 108, 223, 239, 95, 197, 255, 239, 188, 103,
       79, 243, 138, 122, 235, 222, 159, 253, 121, 85, 223, 119, 226, 5,
       163, 18, 127, 221, 49, 230, 94, 167, 73, 174, 223, 198, 54, 205,
       181, 238, 196, 213, 165, 202, 114, 109, 175, 135, 47, 246, 171,
       221, 76, 49, 57, 101, 48, 78, 123, 56, 104, 232, 54, 72, 222, 23,
       9, 48, 148, 93, 93, 106, 129, 208, 241, 76, 231, 249, 33, 128, 72,
       161, 71, 51, 23, 223, 238, 22, 192, 134, 63, 230, 187, 215, 106,
       149, 104, 174, 118, 82, 237, 239, 35, 214, 150, 217, 63, 98, 59,
       46, 222, 66, 129, 215, 163, 220, 41, 163, 90, 233, 116, 138, 107,
       53, 97, 0, 126, 8, 179, 3, 130, 80, 122, 172, 70, 108, 88, 184,
       65, 29, 238, 173, 32, 64, 104, 130, 66, 169, 165, 186, 149, 153,
       236, 173, 161, 223, 158, 255, 176, 252, 150, 228, 206, 47, 205,
       74, 110, 28, 179, 110, 107, 80, 140, 146, 119, 254, 216, 72, 131,
       245, 217, 184, 147, 52, 137, 188, 80, 23, 235, 91, 160, 93, 175,
       178, 64, 155, 161, 167, 108, 21, 159, 79, 146, 1, 152, 250, 84,
       58, 202, 68, 139, 15, 177, 30, 235, 69, 118, 91, 199, 122, 87,
       234, 246, 234, 115, 60, 148, 101, 120, 236, 54, 173, 233, 254,
       109, 158, 60, 238, 229, 148, 109, 168, 80, 229, 44, 38, 124, 109,
       100, 63, 113, 26, 101, 174, 255, 13, 211, 9, 147, 25, 24, 132,
       199, 62, 168, 182, 97, 26, 70, 223, 33, 17, 235, 233, 94, 163, 93,
       48, 177, 112, 169, 189, 89, 27, 239, 57, 160, 92, 159, 147, 64,
       188, 135, 23, 220, 24, 155, 105, 250, 208, 219, 217, 19, 122, 202,
       192, 67, 33, 99, 186, 213, 212, 233, 45, 65, 23, 171, 251, 176,
       125, 42, 241, 196, 158, 175, 231, 108, 20, 9, 111, 202, 224, 30,
       218, 85, 190, 202, 236, 66, 93, 120, 184, 247, 80, 173, 253, 81,
       87, 235, 27, 180, 24, 42, 157, 196, 191, 141, 178, 253, 24, 154,
       111, 242, 176, 155, 217, 20, 123, 194, 140, 198, 111, 215, 182,
       164, 171, 173, 52, 156, 137, 31, 127, 151, 255, 205, 110, 222,
       207, 215, 199, 253, 183, 191, 71, 239, 226, 154, 122, 223, 254,
