%YAML:1.0
---
descriptors: !!opencv-matrix
   rows: 303
   cols: 32
   dt: u
   data: [ 124, 5, 202, 103, 212, 46, 103, 249, 52, 166, 239, 12, 83, 97,
       11, 20, 121, 206, 102, 110, 56, 178, 217, 14, 252, 239, 37, 4,
       235, 251, 242, 160, 169, 93, 120, 109, 112, 206, 125, 55, 105,
       136, 126, 8, 183, 23, 129, 48, 134, 188, 85, 104, 201, 184, 113,
       14, 231, 189, 36, 128, 64, 176, 194, 235, 102, 173, 182, 154, 249,
       102, 254, 237, 255, 19, 225, 17, 204, 250, 60, 91, 217, 199, 91,
       211, 116, 75, 26, 238, 189, 54, 223, 111, 144, 119, 163, 142, 15,
       207, 212, 31, 242, 26, 111, 185, 187, 222, 95, 228, 109, 98, 187,
       215, 55, 103, 172, 111, 247, 208, 45, 239, 46, 127, 109, 199, 190,
       246, 137, 85, 70, 92, 154, 218, 221, 237, 150, 207, 222, 163, 136,
       27, 140, 250, 37, 73, 243, 115, 235, 50, 52, 75, 154, 250, 187,
       54, 95, 127, 144, 121, 173, 6, 26, 171, 170, 180, 149, 195, 255,
       103, 156, 198, 78, 131, 47, 173, 50, 0, 232, 59, 147, 5, 86, 169,
       32, 171, 243, 71, 158, 9, 7, 204, 181, 218, 56, 44, 84, 165, 113,
       203, 112, 35, 49, 160, 243, 105, 175, 59, 1, 144, 234, 172, 238,
       0, 108, 250, 193, 143, 222, 247, 49, 17, 106, 172, 74, 138, 44,
       196, 117, 77, 100, 75, 231, 191, 119, 102, 126, 168, 211, 101,
       156, 52, 123, 220, 102, 106, 233, 244, 229, 31, 100, 254, 101, 4,
       103, 248, 198, 240, 33, 157, 27, 255, 149, 239, 247, 231, 92, 67,
       106, 2, 182, 57, 48, 96, 217, 106, 50, 9, 83, 184, 81, 63, 229,
       191, 22, 2, 88, 74, 241, 139, 188, 249, 112, 97, 115, 223, 91,
       208, 55, 44, 52, 40, 27, 151, 193, 52, 54, 216, 196, 122, 74, 50,
       56, 191, 247, 217, 33, 167, 115, 147, 70, 51, 252, 189, 184, 246,
       137, 102, 95, 184, 146, 246, 172, 13, 115, 255, 67, 59, 221, 255,
       249, 194, 56, 75, 251, 42, 251, 239, 197, 61, 128, 123, 38, 114,
       64, 188, 155, 81, 251, 224, 48, 135, 186, 147, 106, 48, 188, 183,
       68, 120, 163, 63, 232, 144, 51, 88, 162, 99, 13, 182, 22, 75, 128,
       64, 167, 59, 34, 109, 1, 139, 124, 141, 130, 108, 15, 32, 184, 74,
       166, 88, 33, 0, 200, 186, 66, 115, 74, 42, 74, 191, 180, 20, 141,
       58, 85, 26, 82, 172, 58, 141, 247, 244, 151, 82, 246, 239, 223,
       128, 250, 2, 107, 252, 53, 227, 251, 247, 179, 161, 124, 251, 56,
       239, 187, 239, 207, 7, 231, 124, 245, 110, 15, 218, 107, 187, 115,
       217, 59, 208, 253, 77, 95, 166, 189, 214, 171, 228, 118, 57, 158,
       94, 199, 144, 46, 253, 246, 109, 170, 131, 54, 159, 45, 245, 77,
       161, 147, 225, 229, 47, 101, 219, 63, 179, 107, 88, 223, 51, 72,
       190, 145, 78, 102, 62, 17, 248, 217, 64, 237, 223, 87, 100, 194,
       234, 195, 160, 114, 225, 17, 224, 25, 205, 81, 13, 3, 176, 132, 8,
       135, 151, 64, 54, 128, 156, 253, 88, 74, 75, 243, 148, 187, 208,
       133, 127, 2, 8, 134, 106, 159, 108, 191, 183, 173, 82, 94, 168,
       185, 242, 128, 3, 223, 126, 73, 235, 243, 213, 253, 227, 109, 197,
       187, 232, 169, 219, 207, 55, 36, 117, 45, 70, 9, 255, 213, 93,
       178, 155, 167, 191, 94, 165, 82, 246, 237, 96, 132, 228, 55, 126,
       38, 56, 243, 248, 45, 127, 44, 38, 117, 196, 54, 168, 133, 189,
       113, 165, 236, 46, 220, 123, 215, 239, 66, 252, 184, 15, 83, 120,
       94, 50, 153, 206, 113, 227, 254, 107, 255, 31, 123, 15, 165, 125,
       89, 106, 214, 206, 253, 31, 107, 13, 164, 126, 247, 114, 116, 238,
       254, 231, 91, 60, 183, 240, 124, 238, 190, 239, 237, 180, 245,
       174, 246, 111, 226, 128, 111, 245, 124, 245, 173, 165, 190, 121,
       217, 199, 235, 235, 118, 161, 230, 16, 88, 255, 58, 49, 249, 238,
       114, 188, 58, 251, 153, 95, 127, 191, 151, 101, 195, 40, 234, 130,
       191, 60, 115, 225, 239, 215, 185, 83, 13, 127, 244, 178, 28, 159,
       125, 40, 239, 155, 151, 145, 211, 183, 48, 210, 223, 93, 158, 226,
       151, 76, 33, 251, 162, 204, 31, 159, 84, 167, 168, 230, 28, 18,
       88, 83, 180, 154, 36, 65, 217, 43, 19, 129, 102, 190, 80, 255, 37,
       50, 154, 2, 20, 88, 53, 138, 126, 253, 224, 90, 221, 241, 215,
       237, 203, 245, 173, 159, 74, 252, 126, 31, 137, 211, 211, 17, 158,
       99, 190, 241, 59, 89, 133, 127, 215, 126, 222, 86, 223, 72, 197,
       191, 153, 102, 79, 152, 18, 242, 199, 215, 89, 103, 235, 222, 119,
       205, 189, 238, 57, 208, 223, 234, 252, 231, 239, 132, 186, 247,
       40, 80, 9, 114, 247, 249, 36, 168, 233, 19, 254, 89, 118, 116,
       191, 131, 180, 124, 238, 40, 62, 156, 131, 252, 99, 209, 132, 249,
       242, 192, 154, 128, 225, 241, 173, 249, 41, 185, 213, 143, 187,
       196, 30, 116, 64, 23, 157, 140, 119, 1, 252, 41, 19, 85, 99, 188,
       120, 255, 109, 25, 139, 100, 89, 8, 81, 216, 188, 182, 220, 93,
       242, 15, 255, 251, 27, 174, 60, 239, 123, 97, 143, 5, 63, 220,
       135, 46, 224, 112, 29, 95, 126, 143, 101, 180, 255, 248, 74, 153,
       30, 31, 173, 51, 170, 127, 159, 183, 60, 255, 158, 183, 223, 62,
       195, 11, 167, 119, 253, 83, 253, 201, 59, 34, 251, 195, 127, 147,
       229, 119, 143, 91, 134, 207, 132, 151, 213, 130, 62, 164, 30, 151,
       66, 151, 236, 106, 91, 79, 241, 111, 163, 215, 114, 216, 91, 239,
       44, 54, 223, 199, 132, 127, 149, 202, 4, 182, 57, 251, 212, 225,
       179, 207, 94, 29, 92, 50, 181, 213, 104, 96, 217, 27, 163, 16, 19,
       58, 106, 183, 205, 133, 55, 111, 209, 74, 165, 235, 168, 93, 123,
       101, 116, 206, 117, 55, 120, 140, 126, 8, 191, 27, 1, 48, 132, 62,
       86, 8, 225, 184, 112, 14, 103, 253, 48, 0, 64, 152, 70, 235, 109,
       41, 220, 100, 253, 127, 98, 211, 99, 169, 252, 8, 147, 177, 195,
       186, 72, 238, 102, 24, 29, 250, 242, 0, 190, 221, 101, 121, 202,
       233, 202, 160, 222, 108, 181, 180, 47, 114, 93, 170, 191, 182,
       130, 50, 207, 126, 65, 239, 227, 213, 237, 163, 104, 69, 235, 202,
       153, 211, 223, 23, 134, 116, 53, 110, 92, 240, 182, 242, 171, 252,
       20, 180, 187, 31, 165, 61, 238, 250, 74, 219, 167, 115, 237, 19,
       54, 71, 186, 245, 219, 211, 94, 123, 130, 85, 175, 79, 221, 28,
       181, 245, 172, 46, 101, 31, 126, 251, 34, 84, 215, 53, 65, 107,
       129, 68, 125, 60, 169, 252, 243, 10, 201, 254, 85, 20, 200, 120,
       208, 50, 137, 120, 254, 87, 160, 223, 125, 22, 60, 206, 86, 164,
       255, 119, 147, 57, 22, 122, 213, 94, 225, 220, 55, 110, 235, 159,
       116, 128, 134, 212, 151, 249, 100, 191, 249, 87, 184, 111, 87,
       138, 123, 254, 184, 41, 211, 252, 199, 58, 149, 222, 108, 19, 174,
       114, 239, 58, 203, 159, 101, 191, 192, 121, 70, 71, 131, 89, 119,
       221, 102, 222, 165, 119, 221, 232, 86, 98, 60, 28, 181, 229, 230,
       116, 54, 107, 225, 188, 53, 236, 37, 58, 98, 130, 79, 24, 85, 253,
       129, 142, 134, 155, 252, 171, 161, 215, 238, 125, 222, 87, 224,
       160, 246, 76, 105, 46, 106, 28, 182, 191, 111, 247, 28, 62, 55,
       64, 154, 204, 241, 205, 124, 252, 152, 120, 203, 253, 84, 202,
       163, 210, 164, 25, 63, 219, 67, 155, 129, 251, 204, 82, 127, 111,
       218, 49, 219, 193, 117, 127, 250, 81, 142, 154, 0, 173, 27, 113,
       179, 203, 52, 103, 126, 9, 106, 48, 190, 182, 0, 48, 179, 59, 192,
       16, 115, 184, 32, 127, 237, 183, 20, 99, 192, 64, 135, 171, 6,
       174, 10, 186, 251, 161, 59, 231, 158, 29, 92, 183, 44, 231, 98,
       80, 247, 171, 135, 149, 18, 26, 10, 247, 252, 151, 191, 235, 144,
       9, 175, 203, 74, 184, 190, 152, 155, 208, 49, 71, 191, 23, 70,
       177, 172, 191, 102, 202, 163, 59, 235, 144, 54, 201, 178, 227, 95,
       119, 30, 203, 130, 68, 173, 223, 66, 62, 158, 188, 89, 167, 144,
       71, 159, 141, 202, 85, 166, 171, 32, 72, 213, 59, 107, 17, 50, 91,
       146, 223, 157, 182, 90, 11, 152, 72, 169, 139, 204, 48, 255, 225,
       224, 110, 113, 25, 32, 189, 55, 48, 223, 87, 200, 123, 151, 149,
       125, 58, 57, 212, 249, 0, 207, 235, 99, 69, 160, 226, 167, 115,
       160, 173, 31, 120, 253, 195, 240, 99, 255, 145, 226, 16, 98, 251,
       32, 1, 249, 62, 107, 56, 122, 255, 2, 223, 123, 186, 215, 87, 195,
