%YAML:1.0
---
descriptors: !!opencv-matrix
   rows: 264
   cols: 32
   dt: u
   data: [ 158, 252, 158, 190, 139, 197, 20, 231, 191, 19, 160, 56, 126,
       255, 32, 27, 235, 243, 221, 192, 123, 111, 26, 251, 251, 211, 86,
       59, 218, 112, 175, 19, 173, 252, 123, 69, 213, 95, 231, 253, 117,
       226, 254, 72, 211, 253, 21, 164, 61, 252, 114, 40, 233, 182, 245,
       14, 63, 223, 5, 84, 67, 186, 70, 252, 52, 137, 198, 255, 254, 139,
       238, 233, 94, 177, 203, 130, 227, 107, 57, 96, 121, 234, 123, 254,
       90, 251, 77, 237, 254, 238, 207, 84, 181, 251, 241, 128, 236, 114,
       213, 229, 109, 11, 114, 144, 121, 34, 242, 120, 207, 91, 9, 155,
       222, 221, 236, 98, 45, 246, 193, 170, 132, 242, 64, 18, 108, 177,
       74, 129, 82, 107, 3, 163, 60, 171, 78, 132, 45, 8, 218, 229, 239,
       3, 17, 212, 234, 231, 127, 247, 11, 145, 73, 236, 176, 240, 174,
       146, 12, 87, 177, 25, 185, 155, 233, 85, 180, 139, 235, 151, 118,
       225, 118, 246, 243, 101, 146, 104, 127, 238, 54, 156, 187, 248,
       101, 47, 110, 239, 181, 192, 239, 216, 208, 249, 223, 132, 235,
       221, 86, 182, 235, 217, 119, 217, 215, 214, 121, 235, 252, 101,
       119, 236, 55, 156, 162, 214, 175, 223, 95, 111, 239, 204, 47, 165,
       114, 165, 180, 205, 110, 242, 180, 227, 103, 239, 212, 187, 250,
       178, 83, 251, 184, 97, 123, 198, 14, 122, 121, 255, 45, 46, 248,
       143, 231, 197, 181, 249, 244, 35, 97, 167, 217, 101, 176, 58, 110,
       191, 120, 235, 122, 248, 211, 34, 148, 114, 23, 78, 124, 40, 253,
       248, 237, 15, 44, 190, 117, 132, 204, 242, 202, 45, 45, 184, 185,
       121, 205, 189, 193, 210, 115, 123, 228, 28, 147, 217, 92, 56, 217,
       138, 82, 28, 155, 122, 242, 51, 79, 221, 149, 120, 201, 72, 210,
       178, 13, 44, 251, 69, 116, 110, 99, 18, 125, 142, 126, 8, 179, 55,
       149, 52, 18, 124, 102, 104, 161, 248, 177, 110, 71, 255, 32, 0,
       194, 225, 103, 169, 48, 216, 184, 249, 40, 205, 81, 146, 134, 29,
       100, 41, 151, 149, 98, 88, 3, 57, 109, 0, 10, 56, 18, 17, 195,
       129, 112, 113, 240, 136, 4, 99, 183, 237, 238, 186, 172, 49, 207,
       216, 210, 210, 156, 207, 81, 252, 255, 43, 89, 194, 31, 255, 251,
       99, 238, 177, 120, 9, 237, 188, 253, 255, 240, 116, 233, 246, 237,
       5, 172, 59, 100, 191, 118, 242, 166, 252, 210, 97, 218, 123, 81,
       68, 106, 44, 227, 100, 239, 31, 110, 42, 117, 180, 94, 248, 210,
       81, 0, 201, 28, 187, 156, 205, 177, 143, 142, 53, 134, 3, 180,
       222, 98, 64, 201, 51, 123, 17, 86, 9, 91, 53, 205, 135, 191, 117,
       16, 8, 149, 74, 252, 118, 234, 110, 246, 114, 214, 248, 80, 206,
       253, 254, 91, 121, 159, 59, 123, 196, 149, 250, 236, 103, 173, 42,
       242, 239, 229, 157, 231, 251, 246, 67, 92, 120, 159, 254, 9, 206,
       83, 208, 168, 202, 228, 12, 255, 247, 1, 123, 166, 245, 93, 66,
       73, 199, 186, 40, 209, 227, 98, 8, 136, 51, 39, 59, 109, 48, 249,
       65, 197, 255, 241, 19, 79, 237, 126, 8, 154, 28, 213, 40, 137, 60,
       114, 24, 149, 58, 117, 64, 79, 31, 21, 38, 193, 104, 69, 231, 77,
       241, 189, 247, 173, 108, 71, 153, 190, 251, 131, 76, 215, 247, 73,
       123, 149, 94, 125, 90, 219, 65, 251, 32, 233, 255, 103, 60, 128,
       115, 147, 115, 124, 172, 148, 248, 137, 237, 81, 194, 163, 55,
       168, 25, 143, 191, 97, 155, 137, 179, 205, 16, 58, 111, 82, 144,
       219, 211, 81, 127, 242, 77, 70, 34, 38, 56, 249, 86, 237, 125,
       177, 202, 75, 251, 189, 10, 26, 253, 77, 42, 137, 219, 179, 18, 3,
       114, 250, 224, 95, 159, 21, 63, 195, 123, 70, 186, 131, 148, 231,
       191, 227, 160, 189, 39, 189, 87, 91, 183, 236, 174, 62, 111, 231,
       63, 179, 133, 244, 220, 190, 193, 36, 50, 222, 194, 141, 86, 165,
       223, 160, 180, 25, 249, 237, 205, 245, 111, 222, 51, 161, 24, 182,
       177, 104, 33, 201, 26, 74, 0, 114, 110, 82, 151, 237, 150, 86,
       126, 80, 72, 213, 170, 202, 246, 182, 158, 235, 244, 190, 236,
       187, 95, 29, 245, 236, 238, 238, 114, 231, 115, 255, 129, 182, 79,
       170, 243, 94, 55, 222, 235, 154, 86, 175, 223, 25, 222, 74, 9, 18,
       190, 171, 218, 52, 69, 126, 199, 157, 7, 163, 68, 55, 8, 6, 188,
       163, 156, 53, 95, 108, 165, 42, 196, 255, 132, 43, 241, 88, 48,
       190, 185, 42, 204, 57, 19, 174, 29, 135, 161, 191, 151, 66, 74,
       166, 17, 253, 129, 2, 9, 19, 81, 193, 225, 122, 17, 48, 0, 45, 91,
       49, 223, 73, 238, 92, 7, 79, 253, 84, 96, 236, 78, 115, 97, 48,
       112, 92, 236, 23, 238, 233, 187, 125, 63, 243, 237, 161, 52, 57,
       186, 240, 248, 32, 153, 152, 219, 25, 205, 19, 135, 222, 5, 104,
       0, 166, 242, 100, 64, 193, 58, 170, 16, 66, 40, 114, 51, 175, 148,
       20, 123, 144, 88, 132, 10, 200, 251, 60, 222, 235, 220, 151, 180,
       138, 158, 180, 57, 252, 255, 66, 99, 198, 119, 251, 66, 226, 109,
       250, 245, 111, 251, 103, 187, 82, 57, 135, 251, 34, 190, 176, 152,
       251, 241, 146, 239, 159, 23, 216, 187, 172, 252, 38, 132, 207,
       123, 203, 17, 54, 43, 74, 247, 45, 22, 30, 251, 215, 76, 159, 159,
       6, 238, 135, 191, 218, 2, 174, 232, 54, 154, 219, 247, 224, 226,
       169, 193, 127, 223, 43, 231, 112, 214, 203, 127, 188, 38, 239,
       140, 157, 115, 161, 144, 49, 143, 41, 238, 92, 135, 79, 253, 84,
       40, 252, 78, 115, 97, 48, 96, 92, 234, 22, 238, 249, 171, 121, 63,
       249, 174, 161, 124, 121, 138, 240, 184, 90, 252, 151, 254, 171,
       225, 21, 239, 191, 82, 168, 40, 110, 247, 96, 91, 239, 243, 255,
       128, 75, 75, 154, 241, 251, 211, 95, 59, 250, 112, 175, 27, 24,
       137, 62, 248, 43, 201, 84, 103, 173, 21, 164, 41, 46, 159, 32, 17,
       162, 179, 207, 0, 74, 43, 2, 245, 211, 209, 82, 91, 82, 0, 167,
       11, 10, 136, 34, 155, 213, 209, 177, 199, 94, 71, 68, 147, 172,
       204, 54, 204, 217, 42, 162, 21, 118, 188, 102, 183, 77, 119, 154,
       75, 18, 12, 189, 222, 41, 175, 68, 7, 180, 59, 110, 190, 113, 234,
       122, 236, 243, 33, 148, 180, 27, 230, 92, 46, 233, 248, 205, 46,
       172, 62, 37, 144, 78, 254, 82, 13, 144, 60, 122, 103, 114, 238,
       115, 114, 125, 134, 111, 0, 127, 51, 5, 48, 50, 126, 66, 74, 32,
       248, 177, 110, 87, 175, 0, 0, 227, 227, 103, 170, 137, 186, 239,
       241, 116, 171, 105, 147, 118, 99, 86, 246, 177, 5, 144, 104, 127,
       46, 22, 141, 139, 156, 101, 31, 76, 175, 178, 128, 44, 136, 112,
       249, 125, 126, 150, 165, 32, 43, 106, 154, 121, 186, 242, 236,
       207, 2, 133, 159, 215, 213, 108, 98, 45, 244, 193, 138, 132, 242,
       99, 150, 72, 249, 75, 133, 185, 156, 237, 117, 52, 139, 107, 150,
       118, 225, 126, 214, 243, 5, 144, 96, 95, 238, 52, 156, 235, 188,
       117, 47, 238, 239, 181, 64, 111, 136, 112, 120, 11, 34, 111, 201,
       74, 159, 249, 88, 175, 120, 117, 226, 217, 206, 190, 120, 126,
       189, 127, 253, 133, 211, 39, 208, 87, 73, 171, 204, 117, 134, 35,
       245, 83, 159, 111, 71, 114, 42, 239, 59, 100, 234, 126, 230, 113,
       100, 148, 100, 54, 230, 118, 238, 225, 152, 45, 111, 124, 46, 165,
       128, 109, 226, 112, 117, 193, 75, 205, 87, 46, 90, 111, 60, 118,
       250, 151, 224, 241, 34, 148, 115, 70, 100, 108, 234, 225, 220,
       237, 44, 110, 42, 229, 148, 36, 163, 84, 109, 173, 203, 33, 235,
       244, 134, 235, 249, 20, 73, 209, 70, 209, 67, 184, 96, 220, 8, 23,
       253, 251, 154, 105, 191, 237, 252, 170, 196, 24, 138, 240, 177,
       76, 133, 158, 241, 221, 126, 116, 15, 166, 151, 174, 17, 220, 51,
       66, 218, 225, 23, 235, 144, 48, 201, 147, 194, 239, 247, 215, 85,
       130, 96, 237, 130, 246, 252, 182, 178, 173, 237, 247, 239, 155,
       63, 189, 27, 238, 255, 110, 15, 233, 251, 255, 19, 118, 111, 154,
       243, 187, 214, 223, 255, 130, 93, 191, 223, 237, 254, 237, 71,
       238, 82, 111, 184, 114, 254, 183, 228, 83, 101, 215, 123, 91, 196,
       124, 234, 233, 244, 239, 10, 110, 47, 229, 148, 231, 243, 118,
       105, 246, 252, 188, 186, 233, 253, 87, 239, 191, 191, 184, 25,
       254, 254, 110, 91, 237, 243, 255, 147, 58, 111, 250, 243, 185,
