%YAML:1.0
---
descriptors: !!opencv-matrix
   rows: 118
   cols: 32
   dt: u
   data: [ 248, 71, 30, 172, 13, 79, 71, 56, 197, 142, 230, 8, 119, 97,
       33, 83, 88, 228, 110, 106, 104, 167, 67, 12, 241, 163, 97, 25,
       114, 187, 116, 34, 246, 72, 214, 182, 13, 86, 94, 232, 185, 166,
       178, 11, 75, 254, 39, 223, 248, 245, 253, 227, 108, 71, 155, 202,
       147, 250, 199, 27, 39, 119, 126, 70, 200, 248, 252, 113, 111, 220,
       121, 152, 195, 116, 6, 6, 185, 157, 87, 34, 167, 84, 249, 88, 194,
       124, 187, 177, 79, 217, 129, 103, 103, 132, 92, 251, 134, 164, 16,
       147, 253, 109, 184, 235, 63, 51, 57, 27, 204, 56, 76, 9, 187, 155,
       203, 49, 54, 120, 91, 215, 13, 22, 31, 127, 212, 12, 207, 134,
       193, 92, 191, 221, 108, 108, 109, 150, 252, 82, 230, 80, 252, 247,
       53, 107, 225, 116, 122, 138, 33, 197, 179, 233, 71, 186, 210, 8,
       0, 249, 97, 168, 70, 237, 244, 222, 191, 129, 186, 172, 223, 176,
       24, 139, 236, 234, 93, 6, 151, 119, 121, 243, 130, 97, 142, 253,
       44, 62, 207, 254, 148, 54, 17, 4, 118, 226, 196, 255, 28, 3, 202,
       168, 87, 176, 243, 74, 99, 105, 92, 2, 89, 204, 117, 243, 104,
       242, 207, 157, 170, 254, 197, 180, 125, 170, 80, 0, 42, 208, 214,
       172, 107, 3, 158, 105, 157, 34, 240, 169, 78, 255, 36, 147, 222,
       125, 255, 103, 108, 199, 130, 218, 178, 250, 73, 187, 86, 60, 43,
       211, 53, 134, 197, 158, 220, 3, 198, 232, 18, 178, 177, 254, 210,
       96, 201, 27, 89, 194, 70, 62, 121, 98, 79, 63, 184, 6, 229, 60,
       217, 122, 210, 128, 198, 237, 4, 190, 207, 129, 46, 168, 187, 146,
       1, 11, 236, 202, 93, 151, 179, 235, 123, 195, 118, 68, 154, 255,
       173, 18, 207, 251, 20, 38, 11, 134, 11, 170, 4, 153, 248, 137,
       168, 159, 30, 25, 80, 245, 189, 131, 248, 192, 79, 11, 51, 28,
       147, 88, 71, 245, 12, 22, 190, 232, 28, 140, 137, 153, 254, 93,
       114, 194, 197, 124, 246, 231, 93, 111, 189, 59, 10, 62, 39, 253,
       233, 210, 142, 50, 124, 191, 112, 226, 183, 221, 150, 83, 211, 93,
       254, 215, 61, 117, 25, 238, 189, 15, 86, 248, 47, 232, 185, 72,
       223, 125, 9, 176, 220, 213, 124, 106, 73, 35, 89, 190, 243, 221,
       37, 62, 74, 59, 67, 51, 206, 253, 121, 243, 239, 253, 191, 198,
       173, 94, 189, 59, 156, 127, 75, 119, 239, 211, 223, 211, 114, 39,
       120, 226, 247, 213, 142, 251, 195, 95, 167, 243, 210, 114, 26,
       232, 139, 225, 16, 71, 174, 29, 136, 181, 140, 135, 96, 90, 230,
       145, 207, 144, 18, 15, 146, 80, 209, 176, 26, 251, 144, 65, 167,
       19, 137, 160, 149, 187, 236, 169, 169, 143, 30, 59, 81, 248, 148,
       163, 200, 169, 143, 27, 50, 24, 51, 92, 75, 211, 140, 151, 126,
       108, 152, 200, 129, 169, 120, 157, 61, 254, 25, 207, 83, 182, 214,
       77, 238, 0, 247, 119, 32, 112, 193, 50, 93, 8, 43, 137, 113, 63,
       235, 239, 48, 16, 18, 10, 196, 123, 124, 117, 153, 228, 188, 15,
       95, 184, 59, 170, 188, 104, 223, 119, 73, 48, 149, 221, 125, 106,
       233, 67, 217, 58, 251, 255, 37, 188, 66, 241, 66, 51, 220, 246,
       58, 250, 48, 252, 83, 216, 191, 93, 117, 61, 95, 223, 106, 89,
       183, 153, 141, 114, 62, 7, 186, 51, 219, 253, 42, 237, 144, 3, 47,
       83, 123, 91, 101, 108, 40, 26, 94, 60, 225, 238, 190, 237, 123,
       111, 146, 179, 6, 228, 253, 238, 221, 99, 237, 13, 242, 251, 101,
       153, 111, 182, 74, 85, 127, 48, 177, 193, 207, 127, 241, 200, 79,
       253, 181, 26, 158, 28, 95, 174, 185, 149, 223, 185, 19, 119, 249,
       208, 223, 93, 9, 247, 195, 13, 87, 246, 62, 6, 235, 224, 118, 98,
       251, 216, 85, 230, 255, 163, 81, 45, 181, 104, 127, 220, 151, 243,
       136, 183, 45, 138, 82, 239, 163, 133, 231, 239, 116, 241, 25, 145,
       127, 230, 166, 6, 247, 121, 100, 72, 215, 70, 93, 27, 184, 97,
       126, 134, 30, 234, 249, 177, 49, 204, 243, 233, 230, 68, 47, 162,
       241, 49, 190, 221, 242, 211, 245, 124, 246, 231, 121, 31, 191, 19,
       234, 126, 47, 253, 249, 211, 143, 162, 124, 255, 120, 234, 191,
       223, 214, 19, 131, 127, 255, 223, 68, 160, 153, 35, 176, 111, 121,
       25, 42, 189, 35, 25, 223, 31, 72, 26, 151, 29, 77, 48, 22, 80,
       217, 80, 205, 213, 45, 117, 192, 2, 135, 3, 106, 185, 188, 122,
       169, 253, 16, 143, 139, 61, 164, 9, 174, 255, 66, 27, 135, 115,
       233, 16, 18, 75, 218, 49, 219, 211, 93, 123, 210, 68, 143, 11, 5,
       160, 249, 243, 236, 173, 249, 31, 111, 59, 57, 120, 159, 185, 220,
       42, 175, 27, 126, 25, 147, 124, 203, 211, 204, 158, 127, 244, 220,
       202, 129, 161, 125, 71, 236, 69, 48, 26, 79, 184, 117, 232, 255,
       228, 83, 96, 159, 112, 54, 204, 44, 110, 233, 176, 109, 46, 230,
       239, 37, 132, 111, 243, 88, 5, 118, 64, 214, 140, 77, 102, 126,
       72, 169, 134, 243, 11, 110, 250, 101, 91, 248, 245, 239, 227, 76,
       231, 219, 200, 147, 178, 203, 27, 1, 127, 126, 6, 182, 176, 45,
       123, 171, 253, 81, 153, 143, 127, 149, 127, 26, 221, 222, 123,
       205, 155, 253, 17, 159, 36, 250, 241, 195, 89, 249, 255, 223, 13,
       212, 119, 112, 162, 125, 125, 42, 203, 113, 51, 124, 61, 247, 48,
       247, 55, 128, 115, 3, 188, 110, 0, 58, 248, 227, 5, 205, 227, 112,
       17, 96, 128, 71, 43, 190, 178, 233, 122, 137, 253, 85, 217, 207,
       127, 53, 189, 138, 221, 126, 63, 137, 154, 221, 18, 159, 103, 254,
       145, 203, 89, 85, 255, 246, 77, 220, 215, 240, 72, 223, 253, 108,
       40, 108, 20, 169, 178, 242, 90, 251, 43, 21, 91, 107, 229, 127,
       170, 104, 71, 195, 224, 214, 250, 242, 152, 37, 249, 98, 8, 58,
       216, 246, 244, 39, 200, 80, 194, 171, 149, 54, 35, 46, 159, 103,
       150, 171, 249, 181, 81, 14, 255, 18, 225, 219, 217, 27, 67, 99,
       13, 45, 75, 149, 0, 221, 101, 11, 79, 66, 8, 109, 160, 39, 26,
       223, 1, 16, 122, 48, 196, 104, 110, 9, 180, 125, 74, 135, 235, 65,
       20, 96, 35, 67, 34, 97, 32, 151, 176, 172, 45, 64, 2, 233, 57,
       162, 88, 150, 163, 64, 27, 193, 134, 108, 24, 25, 105, 193, 64,
       156, 178, 82, 112, 200, 72, 66, 32, 134, 223, 149, 183, 160, 111,
       21, 183, 31, 127, 82, 245, 198, 39, 128, 15, 205, 215, 165, 145,
       185, 216, 73, 226, 172, 178, 254, 198, 152, 89, 133, 219, 236,
       222, 155, 18, 211, 116, 55, 247, 120, 79, 189, 124, 124, 114, 11,
       217, 241, 195, 206, 18, 241, 79, 56, 110, 185, 135, 118, 147, 202,
       115, 175, 251, 198, 236, 148, 151, 205, 128, 166, 232, 190, 179,
       131, 3, 236, 226, 76, 199, 241, 235, 234, 211, 102, 85, 218, 255,
       189, 22, 207, 107, 0, 50, 41, 14, 125, 125, 153, 101, 184, 15, 86,
       186, 59, 168, 172, 72, 159, 51, 65, 48, 157, 221, 92, 104, 201,
       122, 209, 30, 235, 221, 37, 52, 72, 249, 74, 35, 84, 0, 222, 188,
       186, 43, 152, 72, 158, 162, 240, 9, 207, 235, 33, 219, 211, 117,
       110, 48, 52, 227, 139, 156, 153, 247, 71, 123, 208, 105, 41, 3,
       34, 32, 214, 188, 43, 3, 156, 72, 143, 34, 241, 137, 206, 238, 37,
       155, 222, 125, 255, 39, 76, 195, 210, 216, 145, 246, 75, 187, 20,
       46, 43, 135, 69, 99, 56, 71, 52, 31, 71, 56, 105, 172, 191, 8,
       223, 82, 140, 116, 146, 204, 76, 106, 200, 178, 233, 72, 245, 189,
       35, 48, 64, 162, 71, 33, 90, 176, 252, 253, 31, 79, 120, 27, 62,
       57, 178, 19, 191, 31, 16, 73, 226, 149, 125, 129, 10, 92, 211,
       213, 207, 255, 122, 149, 48, 0, 5, 43, 41, 32, 181, 95, 45, 108,
       225, 14, 126, 91, 98, 16, 178, 177, 217, 239, 201, 126, 98, 8, 35,
       244, 243, 33, 71, 254, 112, 0, 202, 121, 66, 234, 3, 138, 68, 25,
       50, 155, 40, 191, 54, 85, 86, 245, 169, 34, 146, 196, 119, 10, 38,
       140, 183, 216, 71, 119, 14, 38, 250, 192, 62, 132, 137, 221, 165,
       244, 145, 83, 253, 127, 70, 174, 83, 250, 160, 24, 210, 112, 221,
       189, 153, 78, 80, 58, 43, 118, 121, 31, 47, 222, 85, 54, 218, 120,
       82, 172, 242, 207, 70, 172, 30, 66, 71, 236, 229, 4, 178, 43, 66,
       106, 36, 87, 248, 245, 236, 227, 104, 163, 1, 237, 177, 162, 207,
       23, 113, 58, 116, 46, 216, 61, 59, 245, 53, 207, 113, 119, 57,
