%YAML:1.0
---
descriptors: !!opencv-matrix
   rows: 211
   cols: 32
   dt: u
   data: [ 6, 152, 191, 243, 236, 68, 191, 231, 190, 125, 219, 19, 244,
       183, 108, 74, 239, 215, 59, 147, 18, 217, 187, 225, 221, 54, 222,
       198, 128, 88, 165, 123, 210, 189, 181, 243, 251, 204, 185, 197,
       191, 89, 187, 98, 252, 223, 72, 114, 231, 243, 127, 145, 83, 73,
       187, 243, 189, 150, 31, 234, 0, 2, 39, 251, 124, 55, 250, 228,
       176, 102, 91, 19, 49, 142, 255, 48, 93, 55, 203, 90, 119, 253,
       149, 186, 56, 211, 225, 74, 219, 239, 167, 197, 162, 227, 230,
       227, 2, 164, 144, 187, 221, 253, 176, 75, 31, 53, 9, 25, 140, 184,
       110, 72, 201, 27, 147, 17, 22, 106, 91, 213, 143, 214, 158, 127,
       144, 76, 157, 134, 57, 95, 122, 238, 116, 150, 255, 248, 85, 136,
       255, 102, 115, 233, 181, 224, 124, 252, 151, 234, 201, 179, 44,
       191, 114, 239, 167, 136, 127, 187, 120, 185, 237, 237, 218, 39,
       240, 10, 103, 184, 115, 166, 238, 168, 243, 99, 139, 212, 19, 206,
       104, 106, 105, 214, 223, 42, 236, 231, 69, 21, 226, 243, 202, 32,
       26, 212, 250, 238, 39, 93, 94, 252, 157, 74, 190, 163, 239, 125,
       191, 100, 191, 211, 223, 103, 200, 37, 57, 251, 179, 223, 68, 151,
       118, 254, 77, 95, 130, 204, 14, 157, 89, 197, 190, 230, 157, 4,
       64, 131, 172, 254, 53, 65, 204, 123, 147, 197, 102, 142, 82, 255,
       39, 54, 218, 11, 20, 5, 61, 222, 223, 180, 158, 48, 171, 253, 80,
       67, 187, 251, 181, 189, 143, 218, 74, 155, 163, 151, 237, 149, 63,
       103, 154, 128, 154, 211, 125, 255, 234, 68, 139, 22, 210, 89, 62,
       220, 43, 212, 191, 98, 173, 140, 222, 163, 44, 255, 39, 68, 230,
       123, 191, 195, 64, 139, 178, 237, 243, 240, 74, 139, 22, 117, 37,
       223, 42, 172, 176, 158, 125, 253, 144, 238, 159, 31, 200, 9, 174,
       254, 110, 192, 201, 123, 235, 1, 38, 43, 90, 247, 15, 86, 26, 59,
       18, 76, 13, 206, 139, 113, 101, 97, 34, 22, 121, 29, 103, 232, 87,
       245, 217, 31, 158, 118, 54, 29, 253, 238, 197, 148, 245, 192, 71,
       249, 168, 134, 46, 134, 162, 245, 15, 59, 203, 247, 48, 86, 107,
       25, 32, 200, 85, 228, 253, 215, 211, 247, 86, 124, 149, 222, 193,
       196, 183, 200, 78, 201, 175, 136, 14, 166, 123, 249, 15, 73, 102,
       156, 69, 178, 190, 96, 157, 196, 210, 135, 104, 204, 55, 197, 254,
       169, 179, 199, 196, 147, 22, 236, 50, 120, 202, 139, 31, 127, 121,
       214, 101, 57, 241, 71, 240, 78, 103, 24, 115, 234, 49, 72, 114,
       23, 197, 180, 28, 252, 84, 122, 233, 246, 249, 106, 45, 140, 37,
       180, 99, 243, 70, 241, 3, 203, 10, 189, 50, 128, 186, 230, 28, 64,
       90, 231, 173, 138, 51, 192, 102, 107, 147, 213, 231, 152, 7, 255,
       36, 39, 186, 128, 28, 20, 57, 217, 10, 166, 244, 216, 237, 241,
       252, 123, 223, 223, 21, 54, 172, 239, 246, 175, 191, 187, 255,
       145, 182, 109, 174, 223, 14, 94, 223, 239, 150, 228, 141, 223,
       130, 218, 54, 157, 19, 192, 184, 230, 158, 1, 80, 163, 172, 158,
       33, 65, 230, 123, 179, 193, 98, 156, 18, 255, 5, 54, 154, 139, 20,
       20, 37, 219, 248, 219, 107, 103, 51, 90, 115, 180, 113, 204, 246,
       167, 123, 29, 134, 119, 126, 244, 189, 102, 205, 248, 245, 173,
       247, 249, 228, 131, 103, 190, 92, 127, 114, 156, 148, 58, 175,
       253, 20, 199, 239, 31, 176, 45, 174, 248, 108, 159, 143, 179, 238,
       17, 30, 107, 202, 241, 155, 210, 84, 123, 218, 92, 143, 31, 65,
       184, 190, 212, 44, 156, 113, 49, 234, 248, 134, 76, 246, 145, 82,
       102, 133, 100, 124, 29, 131, 105, 243, 0, 221, 185, 71, 120, 8, 8,
       91, 97, 105, 154, 168, 31, 121, 220, 17, 59, 130, 125, 180, 125,
       250, 54, 130, 246, 69, 246, 252, 12, 207, 78, 255, 183, 223, 119,
       113, 251, 26, 140, 14, 125, 43, 182, 246, 220, 253, 119, 152, 127,
       219, 235, 148, 185, 12, 188, 246, 173, 143, 63, 255, 5, 182, 79,
       162, 215, 26, 95, 91, 187, 150, 204, 171, 215, 37, 52, 193, 69,
       116, 31, 226, 120, 123, 232, 121, 110, 90, 16, 149, 180, 94, 204,
       22, 14, 213, 178, 236, 218, 46, 60, 1, 100, 239, 175, 82, 165,
       254, 181, 242, 178, 253, 94, 254, 237, 57, 159, 181, 59, 78, 126,
       110, 151, 255, 215, 207, 242, 124, 239, 216, 238, 191, 210, 207,
       127, 195, 125, 239, 215, 162, 237, 34, 94, 93, 221, 178, 230, 223,
       64, 64, 10, 40, 252, 53, 160, 200, 123, 146, 65, 38, 62, 126, 255,
       63, 30, 18, 43, 81, 13, 125, 142, 215, 180, 142, 178, 137, 173,
       24, 163, 186, 251, 147, 29, 150, 174, 90, 27, 165, 135, 125, 21,
       191, 79, 154, 18, 153, 210, 127, 254, 136, 64, 137, 18, 189, 61,
       96, 227, 245, 114, 250, 252, 113, 204, 253, 163, 121, 63, 155,
       113, 255, 219, 151, 252, 190, 250, 108, 174, 111, 217, 166, 233,
       247, 207, 118, 219, 122, 180, 185, 184, 233, 253, 17, 207, 155,
       31, 164, 25, 174, 255, 102, 27, 205, 147, 239, 17, 50, 79, 242,
       211, 219, 215, 90, 123, 146, 76, 167, 107, 188, 164, 19, 187, 214,
       39, 228, 71, 116, 35, 243, 114, 23, 155, 40, 25, 123, 159, 23,
       177, 58, 182, 1, 198, 253, 163, 190, 96, 225, 72, 226, 162, 152,
       216, 62, 190, 44, 149, 156, 102, 156, 78, 210, 23, 255, 221, 51,
       1, 238, 51, 255, 199, 236, 173, 19, 191, 243, 203, 250, 145, 93,
       24, 57, 91, 139, 89, 110, 207, 55, 86, 191, 180, 13, 72, 86, 167,
       249, 127, 183, 229, 118, 113, 159, 239, 224, 144, 61, 236, 103,
       249, 174, 128, 55, 191, 61, 249, 204, 181, 158, 62, 185, 252, 52,
       7, 186, 159, 167, 25, 238, 247, 74, 154, 129, 115, 232, 16, 54,
       77, 146, 66, 251, 241, 84, 123, 194, 100, 143, 82, 211, 40, 142,
       182, 41, 36, 92, 2, 186, 219, 146, 29, 166, 234, 83, 11, 197, 111,
       125, 133, 44, 71, 146, 160, 218, 249, 254, 184, 136, 117, 59, 90,
       42, 161, 176, 152, 125, 217, 144, 205, 143, 53, 189, 27, 206, 220,
       110, 132, 217, 27, 235, 33, 6, 99, 90, 213, 159, 213, 11, 127, 82,
       14, 143, 198, 252, 200, 156, 242, 141, 108, 85, 142, 163, 59, 166,
       24, 215, 243, 73, 123, 193, 214, 125, 26, 26, 71, 250, 49, 219,
       251, 85, 125, 128, 121, 214, 34, 124, 164, 185, 248, 137, 229, 89,
       202, 163, 247, 173, 9, 31, 215, 72, 27, 129, 219, 253, 16, 26, 67,
       250, 17, 219, 219, 85, 127, 226, 65, 38, 98, 65, 49, 189, 101,
       168, 110, 125, 51, 236, 203, 51, 80, 215, 51, 144, 59, 132, 70,
       124, 46, 241, 233, 243, 13, 199, 191, 112, 16, 72, 226, 195, 225,
       101, 24, 189, 117, 140, 78, 117, 146, 234, 251, 34, 24, 215, 61,
       65, 123, 129, 116, 121, 24, 145, 252, 251, 32, 205, 171, 117, 20,
       192, 120, 65, 98, 120, 124, 189, 244, 9, 77, 93, 110, 147, 246,
       164, 9, 63, 151, 67, 27, 205, 245, 125, 16, 72, 79, 250, 48, 219,
       201, 245, 57, 34, 248, 6, 122, 125, 180, 189, 245, 188, 110, 81,
       187, 242, 251, 166, 24, 215, 117, 72, 58, 201, 214, 125, 24, 59,
       105, 251, 19, 203, 207, 245, 124, 224, 104, 214, 114, 124, 33, 60,
       101, 0, 79, 123, 56, 33, 164, 239, 8, 215, 55, 10, 48, 80, 148,
       121, 42, 8, 176, 249, 8, 199, 233, 65, 20, 96, 163, 70, 98, 155,
       223, 14, 189, 22, 146, 58, 246, 180, 65, 90, 231, 189, 138, 51,
       193, 102, 107, 27, 197, 231, 137, 7, 255, 164, 39, 186, 128, 60,
       148, 57, 221, 58, 44, 25, 250, 27, 233, 81, 194, 187, 23, 173, 9,
       47, 223, 33, 25, 137, 187, 205, 16, 42, 35, 122, 153, 211, 213,
       17, 63, 242, 83, 6, 106, 183, 238, 192, 158, 223, 19, 142, 236,
       18, 226, 144, 255, 64, 232, 255, 132, 217, 108, 49, 231, 237, 71,
       140, 191, 56, 14, 205, 190, 157, 63, 120, 148, 252, 53, 222, 224,
       241, 54, 121, 83, 49, 143, 191, 21, 31, 183, 66, 219, 247, 247,
       157, 184, 56, 219, 144, 134, 219, 255, 167, 197, 162, 229, 174,
       83, 131, 74, 227, 213, 103, 146, 237, 119, 93, 194, 94, 210, 40,
       140, 182, 164, 110, 59, 147, 141, 193, 188, 52, 202, 38, 60, 158,
       130, 7, 220, 241, 252, 93, 185, 143, 190, 168, 196, 5, 164, 182,
       221, 134, 41, 246, 246, 75, 122, 193, 110, 108, 81, 91, 75, 235,
