%YAML:1.0
---
descriptors: !!opencv-matrix
   rows: 339
   cols: 32
   dt: u
   data: [ 154, 143, 234, 186, 224, 224, 93, 231, 22, 31, 93, 179, 173,
       239, 58, 73, 223, 187, 167, 129, 126, 30, 106, 243, 242, 231, 254,
       201, 180, 204, 180, 82, 185, 72, 63, 252, 20, 198, 71, 244, 212,
       194, 242, 2, 247, 248, 49, 113, 248, 252, 62, 235, 237, 191, 48,
       174, 241, 239, 238, 0, 41, 58, 112, 42, 42, 233, 181, 184, 93,
       205, 144, 199, 143, 53, 128, 9, 174, 220, 96, 134, 201, 123, 235,
       81, 82, 107, 210, 241, 189, 16, 31, 123, 16, 12, 151, 234, 137,
       28, 147, 92, 97, 238, 117, 119, 121, 11, 102, 16, 60, 247, 32,
       125, 179, 62, 50, 8, 33, 253, 178, 75, 83, 190, 82, 10, 66, 192,
       227, 168, 149, 223, 117, 69, 190, 59, 231, 189, 84, 226, 90, 246,
       243, 104, 221, 231, 127, 222, 126, 107, 249, 244, 109, 46, 172,
       206, 231, 132, 253, 248, 209, 245, 67, 156, 183, 87, 237, 252,
       181, 151, 239, 219, 99, 16, 188, 252, 100, 238, 167, 127, 122, 29,
       147, 252, 186, 227, 13, 62, 86, 10, 202, 77, 193, 253, 0, 157, 58,
       95, 245, 159, 181, 119, 92, 36, 110, 6, 186, 169, 52, 97, 244, 46,
       34, 12, 208, 184, 48, 253, 111, 191, 82, 66, 81, 8, 193, 190, 85,
       159, 151, 165, 170, 10, 15, 178, 160, 250, 130, 237, 215, 38, 128,
       91, 7, 69, 124, 103, 153, 201, 237, 44, 168, 227, 111, 212, 172,
       241, 129, 81, 47, 191, 225, 97, 245, 127, 107, 216, 99, 249, 60,
       108, 11, 52, 216, 182, 61, 206, 84, 255, 155, 114, 237, 180, 188,
       220, 165, 228, 239, 167, 210, 245, 39, 203, 104, 72, 204, 157,
       199, 237, 87, 38, 232, 13, 66, 200, 62, 48, 217, 202, 98, 110,
       222, 46, 110, 55, 62, 30, 133, 125, 81, 31, 210, 198, 199, 109,
       200, 135, 202, 36, 110, 188, 174, 250, 59, 199, 113, 231, 223, 83,
       119, 71, 127, 254, 245, 65, 207, 122, 108, 44, 175, 140, 45, 243,
       170, 208, 101, 117, 16, 71, 52, 31, 103, 188, 121, 232, 110, 76,
       210, 112, 29, 52, 152, 76, 84, 110, 205, 176, 249, 46, 167, 253,
       37, 52, 74, 187, 74, 173, 239, 148, 229, 183, 245, 118, 255, 150,
       31, 251, 223, 247, 249, 124, 255, 239, 223, 207, 191, 189, 189,
       222, 255, 226, 239, 127, 255, 194, 143, 253, 180, 247, 132, 114,
       244, 215, 162, 170, 161, 156, 94, 181, 87, 246, 244, 64, 200, 109,
       55, 126, 34, 90, 131, 244, 239, 113, 68, 34, 115, 192, 236, 155,
       133, 53, 4, 32, 253, 161, 36, 74, 123, 25, 62, 234, 243, 97, 215,
       23, 129, 88, 211, 141, 127, 190, 104, 212, 233, 74, 199, 190, 179,
       132, 132, 160, 70, 227, 167, 31, 87, 223, 252, 103, 207, 250, 29,
       74, 221, 86, 213, 127, 189, 109, 94, 187, 63, 175, 185, 166, 127,
       255, 180, 190, 234, 136, 29, 251, 112, 245, 200, 153, 181, 165,
       168, 78, 109, 187, 44, 122, 114, 89, 223, 55, 0, 83, 134, 87, 125,
       110, 113, 236, 243, 1, 197, 250, 118, 20, 66, 240, 135, 113, 69,
       245, 159, 69, 187, 79, 103, 173, 254, 176, 46, 8, 214, 243, 72,
       50, 179, 118, 106, 122, 65, 113, 185, 30, 253, 174, 101, 118, 72,
       58, 195, 34, 86, 167, 159, 191, 250, 226, 63, 233, 180, 133, 219,
       227, 109, 231, 137, 82, 119, 255, 239, 160, 24, 211, 139, 111,
       252, 167, 239, 129, 165, 226, 37, 99, 39, 179, 245, 67, 253, 93,
       228, 189, 123, 249, 245, 88, 202, 118, 220, 182, 221, 222, 230,
       56, 223, 114, 251, 209, 47, 218, 213, 126, 203, 174, 202, 181,
       220, 79, 223, 118, 146, 98, 55, 182, 177, 134, 238, 162, 111, 231,
       161, 91, 55, 247, 236, 226, 104, 197, 175, 110, 251, 231, 103,
       129, 163, 243, 39, 107, 180, 245, 123, 202, 221, 245, 214, 204,
       193, 0, 252, 10, 98, 220, 45, 160, 216, 218, 130, 115, 206, 35,
       58, 191, 51, 201, 133, 63, 115, 123, 254, 134, 84, 221, 190, 183,
       170, 96, 55, 165, 172, 151, 139, 32, 253, 247, 41, 75, 227, 87,
       109, 83, 112, 193, 155, 224, 249, 231, 254, 3, 128, 115, 165, 35,
       94, 251, 173, 190, 155, 208, 158, 172, 158, 253, 141, 163, 236,
       254, 91, 66, 183, 255, 253, 215, 198, 65, 175, 255, 251, 103, 175,
       255, 180, 55, 189, 83, 27, 13, 238, 188, 227, 182, 252, 119, 253,
       206, 82, 151, 105, 190, 183, 251, 231, 239, 183, 133, 180, 217,
       36, 236, 119, 239, 222, 131, 167, 244, 173, 223, 176, 251, 59,
       186, 93, 197, 146, 108, 206, 64, 225, 3, 102, 216, 46, 32, 216,
       58, 2, 67, 78, 171, 58, 189, 113, 16, 2, 59, 80, 27, 244, 206,
       181, 12, 207, 229, 84, 46, 107, 240, 53, 234, 247, 70, 83, 35,
       145, 89, 121, 204, 63, 238, 233, 246, 25, 110, 222, 175, 229, 132,
       237, 243, 114, 112, 135, 156, 186, 154, 214, 229, 183, 199, 30,
       91, 81, 87, 180, 252, 110, 72, 197, 123, 51, 23, 183, 222, 26,
       243, 109, 30, 30, 202, 152, 89, 161, 223, 4, 4, 91, 168, 50, 7,
       175, 105, 28, 130, 195, 226, 149, 55, 33, 73, 118, 57, 27, 171,
       49, 131, 1, 12, 241, 174, 42, 4, 148, 249, 33, 160, 207, 92, 238,
       183, 15, 36, 189, 150, 188, 222, 86, 23, 253, 127, 55, 107, 103,
       101, 59, 143, 161, 197, 55, 234, 197, 111, 254, 128, 173, 117, 53,
       123, 206, 185, 49, 193, 253, 207, 111, 147, 239, 188, 36, 72, 158,
       151, 65, 180, 129, 156, 95, 122, 211, 121, 249, 212, 191, 216, 5,
       118, 2, 133, 198, 98, 80, 68, 125, 165, 44, 74, 124, 53, 100, 236,
       218, 139, 215, 45, 144, 99, 234, 221, 111, 99, 76, 248, 229, 8,
       255, 225, 230, 145, 100, 170, 4, 104, 17, 31, 147, 213, 178, 183,
       77, 119, 31, 170, 94, 70, 60, 183, 224, 228, 230, 59, 54, 12, 209,
       216, 33, 236, 171, 222, 54, 162, 146, 224, 33, 57, 212, 73, 186,
       230, 150, 204, 91, 17, 97, 132, 239, 10, 23, 215, 65, 82, 118,
       253, 45, 216, 26, 26, 176, 138, 251, 229, 166, 73, 160, 162, 164,
       34, 229, 237, 173, 126, 141, 95, 71, 172, 210, 250, 173, 24, 83,
       121, 89, 59, 217, 198, 108, 106, 121, 99, 251, 62, 251, 223, 101,
       60, 217, 123, 210, 32, 201, 176, 57, 97, 49, 45, 113, 23, 110,
       121, 102, 92, 159, 19, 64, 120, 132, 30, 76, 24, 131, 188, 241, 1,
       205, 217, 48, 64, 200, 128, 67, 57, 101, 237, 137, 79, 156, 13,
       199, 188, 70, 240, 172, 76, 243, 112, 89, 114, 217, 78, 104, 126,
       203, 98, 251, 49, 237, 191, 5, 124, 88, 187, 80, 40, 71, 30, 132,
       157, 207, 54, 184, 143, 14, 243, 90, 215, 132, 40, 87, 78, 109,
       79, 59, 149, 151, 92, 223, 192, 14, 54, 223, 199, 159, 125, 185,
       214, 18, 205, 82, 223, 151, 211, 190, 231, 31, 1, 74, 3, 44, 234,
       36, 196, 115, 43, 131, 129, 102, 152, 23, 255, 63, 102, 158, 3,
       53, 92, 189, 142, 16, 93, 189, 185, 155, 199, 21, 23, 22, 230,
       140, 6, 188, 31, 35, 64, 196, 179, 25, 145, 107, 136, 113, 126,
       245, 135, 158, 19, 176, 80, 165, 122, 18, 47, 174, 180, 180, 210,
       191, 103, 172, 134, 206, 131, 166, 172, 50, 0, 236, 115, 155, 5,
       72, 137, 32, 175, 243, 215, 158, 129, 4, 76, 189, 122, 93, 112,
       117, 101, 20, 30, 111, 56, 101, 224, 239, 68, 211, 49, 25, 241,
       16, 196, 120, 110, 201, 240, 253, 12, 231, 235, 65, 20, 106, 179,
       82, 48, 7, 6, 142, 159, 214, 38, 175, 174, 28, 71, 75, 151, 244,
       99, 59, 73, 117, 111, 19, 175, 176, 212, 25, 239, 36, 38, 218,
       128, 156, 127, 185, 216, 206, 182, 172, 119, 169, 124, 189, 159,
       190, 255, 151, 21, 221, 111, 91, 11, 135, 87, 253, 151, 176, 77,
       251, 226, 207, 251, 255, 213, 134, 245, 143, 83, 89, 120, 18, 236,
       31, 151, 186, 72, 191, 128, 231, 6, 76, 218, 35, 196, 254, 189,
       234, 226, 37, 179, 25, 220, 179, 229, 11, 3, 27, 47, 41, 22, 42,
       232, 3, 158, 77, 213, 146, 198, 159, 128, 196, 2, 172, 214, 96,
       228, 200, 121, 251, 209, 75, 207, 218, 249, 153, 113, 143, 27, 18,
       12, 60, 174, 5, 113, 27, 197, 20, 15, 111, 184, 108, 224, 195, 76,
       215, 82, 17, 112, 92, 204, 90, 110, 201, 146, 253, 12, 229, 169,
       143, 20, 8, 187, 83, 32, 24, 63, 186, 229, 146, 138, 63, 119, 100,
       172, 94, 230, 127, 247, 163, 32, 54, 255, 12, 226, 200, 153, 164,
