%YAML:1.0
---
descriptors: !!opencv-matrix
   rows: 211
   cols: 32
   dt: u
   data: [ 53, 205, 74, 175, 182, 146, 238, 252, 68, 224, 218, 198, 113,
       104, 191, 96, 126, 238, 22, 239, 205, 184, 77, 189, 60, 109, 175,
       132, 125, 187, 120, 157, 216, 252, 17, 250, 17, 197, 83, 237, 63,
       106, 128, 88, 191, 159, 72, 113, 213, 217, 29, 113, 123, 79, 208,
       63, 249, 209, 62, 126, 16, 16, 135, 59, 109, 34, 208, 65, 237,
       123, 226, 200, 123, 178, 36, 72, 66, 56, 215, 191, 153, 204, 98,
       122, 156, 114, 205, 16, 30, 90, 69, 119, 195, 123, 90, 134, 51,
       204, 170, 31, 176, 242, 94, 135, 87, 75, 238, 37, 178, 250, 183,
       124, 209, 234, 60, 156, 191, 138, 103, 255, 170, 62, 148, 195,
       152, 212, 248, 94, 102, 248, 156, 186, 137, 205, 16, 207, 139, 55,
       133, 57, 166, 221, 74, 27, 137, 211, 237, 17, 94, 111, 218, 177,
       219, 209, 85, 127, 208, 28, 158, 91, 223, 222, 183, 151, 181, 246,
       191, 247, 62, 223, 159, 119, 252, 126, 78, 239, 237, 247, 191,
       151, 191, 221, 187, 227, 189, 55, 223, 198, 142, 125, 189, 255,
       10, 140, 140, 187, 185, 229, 56, 143, 30, 23, 76, 21, 172, 186,
       42, 72, 193, 11, 187, 149, 54, 216, 83, 183, 207, 247, 158, 203,
       152, 68, 185, 154, 236, 126, 214, 68, 229, 59, 102, 218, 105, 162,
       46, 104, 78, 48, 197, 191, 160, 196, 96, 122, 32, 243, 185, 40,
       63, 218, 69, 55, 194, 241, 78, 44, 245, 91, 110, 175, 54, 6, 79,
       252, 68, 196, 215, 199, 115, 97, 187, 65, 126, 228, 61, 239, 232,
       147, 93, 173, 240, 42, 239, 128, 45, 191, 112, 88, 53, 207, 79,
       79, 182, 91, 238, 252, 84, 224, 250, 194, 115, 104, 189, 224, 126,
       236, 22, 238, 237, 176, 109, 61, 190, 173, 167, 132, 125, 187,
       248, 173, 226, 159, 124, 94, 251, 153, 22, 167, 223, 4, 252, 189,
       104, 248, 166, 85, 207, 178, 203, 0, 246, 107, 106, 255, 62, 63,
       17, 91, 30, 140, 220, 95, 205, 248, 191, 255, 109, 156, 125, 156,
       255, 218, 183, 16, 253, 255, 93, 127, 197, 123, 127, 222, 227, 69,
       251, 243, 79, 219, 223, 44, 202, 241, 227, 186, 243, 73, 102, 173,
       14, 82, 78, 96, 229, 160, 178, 162, 99, 74, 181, 247, 120, 228,
       108, 227, 108, 163, 5, 205, 178, 234, 195, 147, 37, 190, 120, 12,
       201, 141, 190, 251, 173, 237, 116, 167, 239, 59, 46, 24, 254, 185,
       96, 107, 193, 118, 123, 92, 114, 105, 219, 177, 239, 251, 86, 89,
       210, 216, 192, 42, 38, 162, 156, 155, 236, 41, 168, 143, 30, 51,
       145, 251, 132, 78, 72, 8, 207, 27, 107, 17, 18, 74, 75, 209, 140,
       22, 95, 126, 148, 8, 135, 128, 88, 172, 28, 186, 25, 173, 80, 235,
       190, 59, 169, 9, 191, 243, 64, 153, 161, 187, 77, 0, 26, 75, 202,
       61, 217, 215, 91, 121, 128, 66, 11, 10, 129, 177, 17, 233, 116,
       140, 171, 121, 124, 73, 113, 64, 181, 83, 40, 32, 180, 25, 18,
       109, 211, 186, 25, 31, 229, 172, 42, 44, 88, 2, 163, 169, 8, 221,
       59, 122, 195, 217, 55, 231, 237, 14, 110, 8, 62, 181, 32, 52, 35,
       114, 206, 66, 82, 57, 48, 115, 243, 245, 20, 3, 114, 82, 167, 107,
       4, 161, 185, 67, 248, 105, 169, 9, 122, 181, 41, 24, 214, 67, 200,
       26, 19, 15, 74, 56, 18, 112, 235, 66, 77, 148, 53, 100, 192, 195,
       135, 224, 32, 172, 57, 250, 93, 237, 64, 79, 223, 29, 168, 24,
       182, 217, 64, 48, 201, 187, 66, 0, 42, 42, 74, 55, 207, 214, 16,
       59, 80, 8, 70, 170, 76, 145, 149, 241, 169, 110, 37, 31, 174, 185,
       11, 96, 220, 119, 8, 206, 133, 23, 127, 56, 19, 193, 91, 80, 205,
       246, 127, 198, 146, 98, 133, 51, 10, 141, 138, 187, 177, 225, 88,
       167, 22, 73, 206, 33, 189, 251, 34, 64, 193, 43, 191, 133, 30,
       136, 83, 61, 235, 247, 158, 193, 152, 68, 169, 26, 26, 132, 130,
       193, 151, 242, 110, 246, 53, 201, 222, 146, 9, 39, 176, 228, 121,
       222, 159, 188, 123, 153, 33, 206, 187, 246, 158, 197, 167, 196,
       188, 60, 52, 7, 37, 173, 188, 47, 79, 63, 4, 172, 218, 77, 211,
       97, 185, 132, 92, 160, 79, 109, 152, 161, 101, 28, 229, 172, 165,
       148, 246, 250, 212, 96, 120, 32, 88, 96, 8, 79, 81, 88, 98, 36,
       164, 8, 19, 49, 0, 48, 24, 148, 68, 10, 8, 99, 233, 16, 211, 141,
       33, 61, 96, 171, 78, 34, 216, 84, 255, 100, 42, 110, 77, 58, 160,
       250, 134, 48, 83, 55, 129, 123, 51, 212, 125, 170, 233, 197, 177,
       8, 209, 171, 117, 148, 32, 241, 102, 113, 102, 184, 185, 82, 233,
       205, 81, 252, 139, 61, 181, 57, 6, 221, 76, 30, 141, 210, 221, 16,
       90, 107, 250, 177, 219, 216, 85, 127, 210, 10, 198, 119, 63, 77,
       99, 222, 212, 210, 239, 240, 213, 192, 222, 198, 121, 252, 183,
       100, 122, 234, 23, 239, 233, 187, 60, 239, 50, 46, 175, 128, 39,
       255, 112, 236, 25, 221, 82, 206, 146, 194, 62, 246, 116, 0, 234,
       166, 125, 243, 160, 224, 122, 255, 18, 226, 105, 155, 29, 255,
       184, 166, 14, 66, 63, 18, 169, 138, 68, 36, 209, 65, 208, 106,
       227, 72, 58, 179, 171, 24, 214, 100, 73, 186, 59, 220, 72, 186,
       19, 114, 249, 66, 157, 4, 5, 116, 193, 99, 71, 224, 174, 237, 145,
       158, 253, 127, 166, 236, 159, 170, 185, 26, 236, 248, 109, 135,
       217, 251, 202, 226, 113, 103, 218, 255, 61, 86, 207, 127, 147,
       127, 181, 134, 79, 252, 181, 151, 237, 244, 191, 223, 191, 251,
       223, 23, 252, 254, 74, 239, 253, 255, 255, 151, 247, 220, 251,
       243, 191, 119, 223, 70, 143, 117, 181, 255, 92, 126, 103, 227, 52,
       58, 106, 208, 101, 176, 190, 230, 123, 11, 145, 223, 106, 212,
       221, 250, 169, 241, 9, 236, 250, 201, 167, 132, 239, 243, 120, 17,
       250, 233, 252, 120, 203, 81, 84, 206, 163, 61, 164, 169, 47, 159,
       75, 27, 169, 211, 237, 210, 78, 79, 194, 177, 243, 193, 84, 187,
       115, 21, 142, 75, 190, 34, 130, 184, 105, 177, 80, 200, 155, 191,
       177, 185, 78, 202, 111, 159, 217, 225, 239, 54, 30, 71, 138, 208,
       154, 208, 65, 127, 211, 109, 46, 134, 26, 236, 37, 155, 29, 221,
       74, 238, 143, 109, 156, 11, 174, 69, 20, 132, 33, 235, 223, 221,
       74, 9, 105, 255, 171, 86, 141, 251, 83, 15, 31, 110, 100, 32, 149,
       176, 205, 109, 128, 74, 206, 179, 129, 88, 198, 224, 65, 138, 201,
       14, 106, 17, 18, 99, 219, 16, 157, 150, 25, 127, 152, 107, 27,
       130, 245, 2, 252, 65, 172, 46, 201, 25, 65, 251, 183, 92, 211, 41,
       220, 111, 89, 196, 124, 62, 153, 244, 237, 0, 205, 187, 231, 212,
       197, 235, 208, 33, 72, 188, 158, 249, 169, 237, 52, 199, 255, 31,
       174, 17, 174, 187, 64, 90, 161, 51, 234, 16, 50, 77, 147, 243,
       239, 247, 86, 91, 194, 80, 143, 139, 222, 244, 26, 186, 187, 36,
       90, 216, 187, 26, 161, 25, 222, 215, 105, 89, 183, 89, 221, 114,
       42, 7, 154, 211, 249, 241, 43, 255, 144, 19, 43, 3, 72, 151, 215,
       165, 114, 42, 175, 63, 56, 35, 90, 230, 125, 33, 152, 209, 55, 87,
       221, 45, 241, 248, 5, 63, 124, 103, 62, 128, 111, 198, 131, 57,
       231, 91, 83, 140, 106, 6, 63, 240, 25, 206, 246, 237, 94, 230,
       167, 244, 222, 125, 182, 102, 193, 191, 180, 238, 52, 58, 97, 138,
       92, 191, 34, 253, 14, 123, 208, 191, 234, 141, 190, 208, 30, 198,
       80, 231, 173, 200, 199, 132, 62, 107, 135, 71, 195, 120, 222, 233,
       100, 65, 63, 168, 127, 255, 137, 153, 197, 232, 190, 255, 108,
       205, 125, 152, 239, 154, 164, 24, 246, 251, 93, 123, 193, 105,
       123, 95, 194, 101, 250, 241, 79, 219, 215, 60, 208, 241, 99, 170,
       241, 74, 78, 157, 46, 10, 237, 32, 236, 174, 242, 230, 99, 8, 181,
       219, 106, 228, 110, 239, 236, 247, 197, 204, 180, 34, 234, 144,
       101, 184, 112, 13, 10, 182, 153, 187, 151, 251, 176, 143, 94, 59,
       75, 115, 206, 60, 42, 232, 183, 27, 171, 17, 54, 252, 9, 215, 143,
       87, 31, 103, 144, 76, 141, 15, 252, 112, 251, 100, 73, 78, 85, 16,
       225, 162, 166, 8, 19, 179, 65, 50, 32, 244, 108, 106, 73, 39, 176,
       10, 211, 233, 97, 60, 98, 176, 70, 34, 116, 161, 156, 234, 136,
       105, 83, 136, 162, 181, 165, 8, 87, 243, 73, 90, 65, 214, 105,
       114, 58, 67, 203, 48, 217, 129, 69, 125, 176, 123, 6, 34, 60, 77,
