%YAML:1.0
---
descriptors: !!opencv-matrix
   rows: 354
   cols: 32
   dt: u
   data: [ 49, 133, 78, 168, 150, 38, 104, 99, 68, 1, 203, 146, 81, 163,
       56, 64, 120, 142, 10, 188, 57, 187, 21, 204, 185, 173, 146, 68,
       45, 202, 240, 0, 131, 174, 19, 157, 81, 167, 164, 103, 63, 11,
       114, 84, 172, 179, 36, 196, 237, 43, 34, 136, 115, 158, 16, 255,
       53, 54, 154, 2, 26, 68, 163, 172, 14, 18, 151, 179, 162, 102, 56,
       146, 173, 91, 19, 243, 220, 119, 41, 207, 167, 87, 191, 144, 51,
       197, 3, 224, 133, 114, 254, 134, 134, 245, 37, 115, 0, 141, 27,
       187, 151, 192, 177, 103, 190, 5, 74, 19, 180, 150, 32, 64, 225,
       59, 131, 129, 82, 156, 18, 247, 229, 167, 154, 75, 16, 8, 165,
       170, 25, 150, 247, 61, 19, 171, 225, 83, 126, 99, 114, 246, 249,
       172, 180, 77, 119, 175, 46, 141, 177, 252, 101, 95, 132, 174, 50,
       192, 255, 204, 33, 249, 173, 245, 117, 69, 244, 27, 230, 255, 117,
       226, 242, 92, 211, 104, 156, 181, 59, 204, 70, 106, 253, 180, 125,
       30, 46, 255, 37, 68, 111, 184, 218, 180, 102, 157, 126, 202, 221,
       247, 86, 235, 205, 140, 249, 11, 98, 248, 39, 82, 200, 242, 203,
       114, 30, 43, 90, 252, 63, 61, 133, 91, 209, 107, 252, 6, 254, 157,
       220, 180, 137, 117, 84, 139, 27, 247, 129, 187, 207, 63, 67, 219,
       205, 215, 253, 145, 62, 79, 219, 178, 219, 211, 221, 183, 158,
       109, 140, 87, 34, 60, 186, 241, 213, 167, 184, 71, 31, 175, 120,
       23, 140, 157, 103, 0, 205, 59, 147, 20, 146, 190, 80, 222, 111,
       156, 31, 99, 217, 76, 141, 154, 110, 24, 187, 188, 217, 245, 16,
       202, 151, 131, 206, 10, 108, 247, 33, 248, 217, 255, 187, 17, 26,
       203, 178, 251, 155, 247, 223, 75, 146, 125, 52, 34, 137, 219, 49,
       171, 52, 135, 179, 216, 94, 69, 64, 23, 156, 139, 50, 64, 222, 9,
       19, 85, 183, 188, 88, 183, 236, 156, 10, 68, 28, 11, 81, 210, 85,
       189, 157, 186, 137, 253, 80, 250, 235, 253, 169, 77, 206, 247, 72,
       219, 165, 199, 236, 55, 31, 99, 250, 245, 155, 215, 87, 126, 216,
       115, 167, 119, 233, 188, 189, 117, 148, 126, 69, 191, 82, 251, 14,
       24, 211, 61, 81, 43, 17, 86, 125, 40, 185, 252, 249, 42, 111, 239,
       117, 20, 202, 248, 212, 122, 222, 207, 232, 54, 175, 121, 215,
       168, 147, 127, 157, 191, 203, 236, 222, 3, 159, 199, 237, 119,
       254, 97, 238, 179, 250, 199, 109, 255, 247, 127, 133, 87, 124, 65,
       122, 226, 212, 79, 71, 121, 101, 168, 239, 8, 83, 211, 105, 112,
       120, 156, 46, 250, 72, 179, 217, 12, 243, 237, 165, 85, 113, 187,
       246, 34, 108, 231, 236, 190, 221, 112, 87, 168, 211, 222, 157,
       171, 231, 236, 91, 19, 217, 194, 205, 119, 238, 67, 238, 191, 235,
       199, 237, 189, 54, 255, 214, 67, 191, 124, 105, 70, 219, 87, 95,
       248, 81, 226, 189, 239, 91, 125, 159, 53, 95, 220, 149, 238, 237,
       119, 125, 174, 123, 79, 37, 182, 127, 255, 246, 245, 9, 146, 247,
       191, 119, 170, 168, 83, 124, 67, 115, 246, 173, 138, 176, 232,
       111, 47, 46, 13, 183, 252, 119, 199, 196, 102, 50, 64, 182, 140,
       33, 201, 181, 177, 250, 81, 211, 199, 185, 195, 254, 241, 254, 22,
       88, 223, 110, 112, 249, 191, 115, 152, 19, 251, 144, 215, 127,
       173, 135, 70, 201, 0, 235, 178, 87, 152, 251, 186, 126, 192, 107,
       240, 125, 73, 247, 230, 221, 247, 186, 112, 122, 225, 95, 255,
       155, 3, 173, 236, 220, 165, 170, 204, 173, 163, 35, 113, 35, 249,
       123, 90, 201, 221, 119, 246, 123, 73, 124, 12, 58, 215, 100, 180,
       216, 250, 19, 72, 195, 58, 242, 245, 63, 156, 20, 106, 83, 154,
       230, 191, 90, 185, 177, 248, 139, 205, 21, 143, 191, 85, 138, 25,
       190, 247, 64, 90, 163, 215, 249, 16, 19, 75, 178, 241, 249, 240,
       92, 123, 146, 64, 133, 122, 214, 47, 3, 154, 221, 128, 238, 196,
       189, 7, 242, 210, 45, 162, 173, 212, 250, 231, 78, 214, 124, 167,
       133, 238, 180, 246, 142, 8, 129, 87, 231, 132, 18, 21, 146, 220,
       191, 233, 150, 207, 159, 55, 152, 43, 142, 255, 101, 76, 179, 123,
       235, 17, 18, 107, 26, 243, 187, 150, 95, 59, 146, 93, 133, 14,
       216, 114, 217, 101, 34, 60, 117, 220, 57, 62, 52, 120, 63, 19,
       137, 187, 183, 213, 204, 106, 97, 117, 161, 33, 211, 235, 112,
       180, 98, 241, 7, 43, 65, 157, 147, 93, 178, 238, 103, 183, 120,
       202, 106, 64, 254, 55, 133, 240, 179, 118, 108, 8, 113, 184, 177,
       111, 45, 190, 52, 0, 72, 112, 227, 57, 251, 94, 231, 246, 36, 54,
       95, 18, 209, 202, 222, 230, 121, 255, 183, 119, 78, 244, 53, 142,
       173, 199, 228, 171, 82, 255, 250, 130, 47, 252, 112, 125, 62, 121,
       126, 237, 125, 87, 243, 72, 5, 172, 247, 43, 75, 157, 39, 73, 252,
       157, 247, 99, 12, 179, 115, 136, 115, 253, 129, 11, 247, 191, 124,
       199, 220, 249, 152, 250, 139, 156, 84, 221, 163, 29, 165, 29, 47,
       211, 74, 218, 135, 211, 236, 82, 94, 71, 218, 49, 219, 249, 71,
       127, 178, 18, 171, 3, 95, 59, 222, 229, 232, 60, 120, 19, 173,
       185, 254, 229, 223, 175, 67, 90, 231, 255, 255, 144, 156, 209,
       195, 192, 222, 255, 118, 209, 172, 225, 171, 19, 106, 105, 16,
       136, 205, 213, 159, 77, 139, 172, 176, 11, 142, 142, 100, 157,
       220, 185, 195, 115, 88, 43, 90, 208, 177, 212, 159, 127, 147, 30,
       238, 206, 194, 48, 60, 248, 105, 253, 184, 67, 171, 91, 116, 185,
       172, 159, 68, 95, 199, 51, 219, 129, 151, 92, 146, 209, 13, 81,
       90, 235, 28, 4, 15, 251, 53, 13, 204, 111, 148, 46, 98, 16, 54,
       232, 255, 69, 211, 49, 135, 80, 88, 228, 110, 254, 8, 242, 73, 14,
       78, 175, 163, 69, 233, 235, 90, 194, 146, 141, 179, 204, 239, 81,
       190, 239, 223, 210, 152, 162, 236, 190, 117, 167, 239, 119, 234,
       227, 116, 107, 170, 202, 191, 210, 207, 47, 87, 248, 165, 174,
       214, 14, 158, 182, 10, 34, 61, 66, 189, 158, 211, 183, 205, 231,
       35, 75, 167, 245, 237, 167, 32, 197, 131, 202, 208, 226, 122, 131,
       128, 117, 37, 83, 71, 191, 156, 183, 182, 190, 182, 186, 254, 219,
       18, 116, 220, 248, 195, 235, 167, 119, 188, 87, 183, 76, 154, 243,
       172, 87, 127, 198, 136, 117, 137, 23, 53, 156, 175, 254, 221, 215,
       198, 232, 214, 210, 180, 26, 114, 249, 125, 41, 217, 234, 19, 187,
       125, 99, 122, 191, 59, 223, 197, 127, 217, 120, 240, 242, 57, 207,
       73, 171, 180, 139, 79, 188, 6, 96, 252, 199, 115, 97, 186, 128,
       94, 202, 6, 238, 219, 186, 77, 61, 232, 205, 165, 212, 119, 154,
       216, 105, 27, 150, 118, 73, 51, 242, 91, 58, 125, 77, 222, 183,
       238, 78, 174, 100, 246, 2, 172, 60, 166, 129, 39, 223, 202, 126,
       2, 195, 182, 197, 45, 127, 146, 94, 46, 190, 42, 162, 188, 114,
       188, 206, 210, 247, 236, 230, 163, 75, 230, 97, 191, 199, 228,
       205, 6, 239, 208, 35, 250, 129, 12, 117, 61, 91, 232, 178, 48, 88,
       173, 189, 80, 31, 251, 59, 181, 88, 142, 216, 76, 63, 129, 18,
       236, 24, 186, 111, 210, 19, 201, 216, 17, 127, 218, 12, 206, 7,
       84, 84, 156, 246, 168, 104, 95, 152, 175, 182, 174, 8, 223, 239,
       73, 91, 131, 215, 237, 66, 88, 101, 219, 32, 251, 243, 101, 29,
       160, 243, 135, 50, 75, 76, 71, 189, 45, 188, 108, 22, 189, 90,
       210, 215, 255, 239, 145, 203, 230, 231, 255, 141, 173, 197, 195,
       233, 150, 251, 250, 144, 62, 253, 56, 25, 0, 128, 191, 241, 118,
       168, 169, 87, 46, 61, 95, 150, 189, 135, 144, 72, 230, 47, 111,
       157, 18, 152, 147, 81, 204, 167, 58, 192, 132, 128, 37, 248, 205,
       70, 165, 119, 172, 46, 237, 159, 114, 251, 51, 116, 211, 39, 217,
       107, 77, 70, 124, 190, 185, 252, 235, 34, 237, 254, 247, 212, 128,
       241, 212, 241, 137, 151, 20, 153, 181, 183, 57, 91, 30, 93, 95,
       118, 188, 83, 170, 196, 215, 27, 138, 152, 55, 152, 97, 223, 142,
       215, 186, 66, 154, 136, 137, 21, 155, 206, 79, 254, 30, 131, 143,
       240, 148, 64, 208, 246, 125, 206, 177, 33, 94, 233, 23, 255, 235,
       199, 46, 191, 224, 203, 175, 136, 61, 152, 49, 185, 221, 151, 214,
       190, 167, 18, 70, 185, 83, 234, 95, 246, 127, 112, 171, 247, 119,
