%YAML:1.0
---
descriptors: !!opencv-matrix
   rows: 282
   cols: 32
   dt: u
   data: [ 194, 156, 183, 94, 169, 236, 181, 166, 191, 31, 103, 48, 252,
       247, 44, 111, 167, 115, 251, 2, 50, 109, 186, 243, 79, 58, 94, 74,
       210, 65, 165, 235, 201, 171, 239, 85, 48, 138, 105, 183, 118, 153,
       78, 240, 241, 229, 144, 102, 7, 126, 121, 28, 242, 216, 167, 55,
       110, 111, 119, 192, 38, 128, 241, 169, 137, 236, 147, 86, 113,
       254, 228, 87, 249, 75, 106, 80, 60, 243, 36, 252, 177, 42, 2, 8,
       99, 252, 48, 239, 39, 190, 22, 2, 202, 208, 227, 172, 126, 124,
       255, 118, 11, 124, 81, 154, 225, 214, 174, 8, 123, 63, 5, 127,
       165, 244, 253, 170, 9, 71, 179, 8, 211, 255, 80, 27, 226, 243,
       102, 126, 193, 251, 15, 25, 120, 133, 33, 183, 190, 89, 70, 116,
       180, 215, 226, 100, 37, 42, 106, 140, 179, 89, 167, 119, 108, 36,
       58, 232, 24, 128, 167, 249, 163, 174, 234, 19, 252, 185, 184, 199,
       218, 245, 153, 159, 163, 136, 94, 139, 137, 139, 195, 21, 190,
       122, 206, 179, 14, 93, 157, 123, 197, 77, 219, 206, 103, 236, 12,
       72, 205, 31, 198, 238, 75, 50, 164, 13, 130, 136, 87, 59, 201,
       196, 106, 126, 222, 111, 223, 16, 62, 26, 197, 127, 217, 61, 218,
       134, 124, 132, 156, 110, 157, 47, 82, 168, 119, 163, 235, 24, 211,
       113, 8, 18, 217, 212, 108, 58, 56, 231, 89, 30, 251, 239, 37, 85,
       240, 107, 198, 2, 95, 218, 143, 5, 162, 98, 175, 186, 174, 246,
       14, 231, 221, 102, 155, 235, 39, 69, 253, 239, 209, 209, 189, 64,
       192, 39, 111, 132, 172, 243, 169, 113, 8, 233, 57, 187, 57, 205,
       51, 228, 174, 28, 128, 1, 189, 159, 98, 66, 130, 121, 107, 69, 66,
       9, 226, 53, 237, 209, 46, 121, 16, 18, 7, 235, 82, 184, 255, 190,
       58, 192, 177, 239, 186, 151, 226, 177, 125, 255, 32, 90, 231, 247,
       237, 144, 50, 207, 139, 99, 217, 166, 126, 139, 161, 96, 167, 59,
       55, 163, 228, 59, 237, 59, 156, 200, 95, 247, 177, 159, 203, 232,
       223, 143, 155, 203, 207, 55, 158, 102, 239, 208, 14, 90, 205, 255,
       255, 127, 219, 198, 179, 95, 127, 223, 188, 102, 207, 255, 93, 74,
       214, 118, 211, 125, 181, 105, 222, 242, 63, 175, 249, 175, 115,
       255, 183, 186, 234, 136, 28, 248, 240, 245, 135, 143, 201, 181,
       220, 2, 110, 190, 118, 226, 210, 230, 241, 110, 217, 115, 119,
       199, 127, 239, 245, 80, 197, 107, 44, 47, 239, 132, 172, 241, 184,
       208, 18, 137, 110, 155, 151, 211, 188, 239, 30, 5, 74, 131, 172,
       202, 54, 192, 235, 43, 179, 149, 118, 152, 7, 255, 174, 103, 158,
       67, 180, 8, 185, 142, 98, 169, 55, 190, 93, 205, 17, 99, 159, 165,
       192, 11, 166, 252, 32, 196, 200, 187, 235, 1, 26, 107, 210, 253,
       145, 18, 219, 59, 16, 12, 180, 234, 53, 134, 229, 71, 214, 43,
       239, 187, 124, 166, 254, 238, 211, 97, 157, 37, 127, 198, 78, 188,
       249, 240, 109, 14, 60, 174, 231, 68, 239, 250, 210, 180, 139, 62,
       182, 145, 229, 189, 252, 23, 255, 219, 82, 84, 172, 232, 246, 239,
       167, 43, 126, 29, 183, 253, 22, 234, 14, 91, 126, 130, 206, 220,
       217, 157, 64, 74, 149, 225, 52, 15, 233, 30, 126, 170, 114, 64,
       215, 3, 17, 72, 119, 13, 111, 93, 129, 180, 65, 30, 197, 174, 59,
       132, 16, 24, 1, 41, 13, 48, 180, 241, 205, 253, 241, 91, 235, 251,
       45, 24, 158, 221, 75, 42, 137, 27, 194, 16, 19, 112, 186, 192,
       207, 221, 23, 111, 194, 79, 3, 226, 175, 149, 247, 215, 253, 127,
       255, 254, 93, 207, 255, 22, 250, 124, 190, 45, 223, 219, 183, 51,
       181, 248, 127, 239, 111, 95, 255, 194, 223, 255, 245, 247, 237,
       101, 253, 69, 141, 127, 199, 184, 83, 242, 173, 24, 211, 121, 93,
       63, 25, 196, 120, 106, 105, 118, 253, 10, 123, 219, 69, 52, 235,
       251, 90, 160, 44, 224, 57, 97, 40, 79, 71, 136, 119, 178, 37, 8,
       211, 85, 73, 56, 153, 92, 66, 106, 73, 116, 249, 18, 205, 156, 5,
       116, 80, 187, 70, 162, 185, 74, 159, 190, 20, 134, 107, 240, 244,
       138, 242, 66, 119, 242, 49, 225, 252, 236, 46, 234, 232, 247, 0,
       174, 241, 239, 230, 0, 33, 59, 113, 168, 72, 176, 189, 85, 137,
       252, 181, 7, 251, 95, 38, 16, 190, 183, 70, 255, 129, 55, 232, 8,
       19, 105, 243, 65, 79, 251, 82, 83, 194, 64, 199, 254, 137, 212,
       53, 253, 33, 78, 109, 55, 61, 90, 98, 84, 255, 55, 0, 247, 167,
       87, 125, 40, 225, 220, 113, 79, 229, 242, 114, 128, 2, 144, 129,
       41, 214, 253, 188, 190, 139, 69, 158, 168, 158, 254, 149, 179,
       236, 254, 75, 75, 183, 87, 253, 215, 230, 69, 203, 241, 251, 115,
       79, 255, 148, 119, 13, 91, 1, 180, 147, 85, 85, 172, 96, 55, 123,
       11, 99, 92, 182, 179, 4, 60, 129, 46, 98, 8, 179, 252, 178, 71,
       13, 190, 16, 66, 200, 0, 195, 162, 5, 125, 53, 69, 52, 94, 103,
       51, 109, 224, 106, 72, 147, 21, 133, 52, 146, 84, 88, 104, 65,
       184, 113, 12, 167, 252, 5, 4, 74, 176, 71, 48, 34, 187, 248, 186,
       255, 153, 155, 205, 31, 37, 176, 175, 174, 238, 102, 16, 158, 187,
       199, 81, 22, 42, 74, 253, 60, 84, 31, 255, 213, 12, 143, 223, 170,
       61, 213, 88, 217, 241, 161, 75, 59, 185, 121, 120, 40, 151, 197,
       191, 77, 186, 210, 152, 51, 90, 250, 214, 31, 26, 21, 110, 211,
       196, 198, 189, 174, 204, 236, 87, 237, 127, 255, 174, 223, 183,
       191, 26, 200, 109, 223, 175, 9, 70, 251, 174, 244, 101, 251, 226,
       47, 91, 213, 23, 199, 255, 220, 214, 109, 105, 145, 227, 156, 47,
       102, 136, 102, 160, 162, 72, 215, 115, 65, 222, 81, 228, 104, 122,
       9, 240, 217, 40, 173, 142, 69, 52, 200, 123, 66, 32, 131, 159, 71,
       157, 234, 50, 172, 107, 189, 82, 210, 247, 136, 42, 183, 237, 239,
       11, 31, 165, 245, 139, 71, 217, 4, 58, 218, 142, 157, 228, 57,
       221, 97, 181, 161, 237, 125, 239, 75, 27, 11, 105, 233, 72, 178,
       191, 20, 112, 216, 62, 123, 12, 155, 58, 240, 151, 229, 252, 128,
       120, 216, 74, 210, 50, 171, 213, 113, 89, 207, 213, 164, 239, 95,
       99, 184, 122, 8, 188, 244, 164, 217, 186, 178, 145, 247, 107, 118,
       214, 63, 94, 95, 127, 223, 92, 248, 156, 65, 165, 157, 79, 56, 15,
       65, 185, 119, 184, 47, 64, 246, 115, 9, 244, 144, 76, 104, 40,
       107, 224, 251, 29, 173, 190, 69, 20, 26, 162, 64, 40, 19, 102, 7,
       159, 2, 162, 168, 100, 172, 194, 211, 231, 228, 206, 182, 207,
       110, 103, 123, 167, 133, 197, 135, 239, 128, 34, 218, 128, 13, 23,
       57, 220, 172, 191, 106, 72, 253, 221, 255, 245, 193, 76, 124, 42,
       43, 221, 254, 164, 204, 186, 151, 120, 222, 59, 228, 191, 127, 89,
       164, 235, 119, 142, 222, 231, 2, 182, 152, 187, 236, 165, 184, 15,
       30, 31, 89, 53, 180, 218, 110, 72, 223, 27, 51, 145, 54, 94, 66,
       211, 76, 23, 186, 235, 152, 72, 169, 139, 241, 201, 127, 110, 8,
       68, 79, 188, 161, 86, 167, 12, 115, 103, 9, 83, 112, 228, 125,
       238, 73, 67, 251, 45, 243, 233, 229, 24, 42, 178, 98, 120, 26, 93,
       162, 158, 247, 210, 190, 231, 189, 198, 94, 163, 44, 190, 39, 196,
       226, 123, 147, 193, 100, 153, 48, 239, 51, 118, 158, 131, 7, 116,
       45, 223, 160, 133, 57, 253, 220, 237, 117, 175, 86, 17, 76, 16,
       182, 185, 42, 96, 193, 26, 50, 8, 114, 58, 115, 23, 237, 175, 50,
       105, 16, 72, 212, 234, 73, 93, 53, 69, 85, 222, 101, 55, 109, 224,
       110, 8, 158, 23, 5, 53, 128, 52, 88, 72, 65, 184, 113, 12, 103,
       184, 4, 0, 66, 184, 71, 56, 33, 156, 113, 77, 117, 253, 230, 63,
       91, 105, 124, 72, 186, 52, 148, 180, 153, 10, 18, 8, 195, 58, 244,
       151, 39, 124, 16, 34, 90, 204, 218, 189, 49, 129, 67, 204, 84,
       131, 230, 97, 69, 0, 242, 2, 50, 136, 52, 64, 120, 172, 2, 233,
       88, 187, 20, 221, 49, 44, 130, 64, 117, 42, 248, 136, 56, 213,
       121, 237, 84, 79, 103, 252, 69, 104, 254, 2, 115, 21, 24, 48, 120,
       156, 22, 234, 73, 186, 121, 61, 119, 237, 164, 4, 113, 154, 246,
       234, 8, 160, 17, 250, 207, 217, 176, 207, 223, 51, 33, 58, 174,
       220, 104, 172, 163, 27, 234, 17, 22, 111, 154, 209, 159, 212, 23,
       127, 210, 12, 141, 142, 70, 236, 172, 87, 141, 127, 183, 173, 255,
