%YAML:1.0
---
descriptors: !!opencv-matrix
   rows: 259
   cols: 32
   dt: u
   data: [ 134, 188, 127, 223, 223, 199, 191, 238, 94, 127, 215, 18, 112,
       252, 44, 101, 125, 95, 59, 139, 243, 221, 191, 247, 125, 46, 223,
       194, 157, 88, 181, 247, 41, 145, 65, 201, 212, 143, 237, 255, 78,
       105, 124, 70, 177, 17, 184, 164, 120, 10, 22, 92, 211, 56, 117,
       191, 108, 12, 182, 116, 63, 136, 208, 184, 45, 121, 81, 65, 116,
       223, 227, 216, 103, 104, 125, 110, 27, 17, 149, 180, 62, 136, 22,
       122, 195, 178, 124, 222, 38, 28, 33, 228, 127, 155, 82, 181, 26,
       135, 66, 142, 215, 146, 188, 111, 21, 5, 223, 167, 104, 234, 190,
       196, 122, 138, 131, 165, 86, 155, 7, 223, 50, 36, 138, 203, 63,
       142, 248, 220, 145, 2, 203, 225, 22, 35, 105, 87, 54, 99, 194,
       210, 17, 139, 120, 104, 121, 136, 19, 157, 171, 180, 21, 194, 217,
       142, 154, 68, 165, 136, 240, 160, 187, 134, 111, 254, 62, 147,
       207, 121, 215, 74, 221, 246, 113, 237, 176, 100, 127, 162, 31,
       173, 249, 143, 46, 159, 242, 239, 171, 152, 55, 170, 240, 113, 77,
       91, 191, 246, 32, 172, 121, 16, 168, 136, 119, 100, 223, 243, 161,
       123, 166, 117, 125, 78, 145, 209, 162, 104, 195, 251, 114, 128,
       136, 243, 33, 33, 35, 9, 99, 203, 149, 211, 162, 232, 76, 64, 89,
       70, 224, 88, 191, 229, 216, 42, 18, 103, 215, 184, 108, 189, 38,
       24, 138, 66, 93, 15, 121, 204, 33, 240, 45, 250, 92, 197, 193, 72,
       79, 209, 224, 12, 178, 217, 96, 32, 216, 168, 26, 28, 11, 106,
       122, 157, 205, 154, 211, 122, 88, 10, 112, 186, 218, 28, 182, 180,
       167, 126, 176, 3, 189, 182, 150, 51, 143, 62, 103, 203, 167, 119,
       253, 17, 52, 221, 177, 202, 155, 243, 94, 3, 134, 100, 45, 79, 18,
       12, 11, 190, 28, 161, 138, 194, 150, 1, 216, 2, 49, 202, 49, 64,
       72, 171, 27, 209, 10, 173, 82, 191, 145, 164, 138, 8, 181, 91, 48,
       10, 154, 28, 118, 189, 11, 214, 188, 99, 157, 6, 244, 19, 104,
       126, 38, 197, 238, 49, 147, 161, 116, 173, 50, 223, 3, 251, 218,
       131, 87, 36, 45, 222, 175, 255, 122, 74, 125, 213, 174, 216, 91,
       220, 125, 174, 104, 220, 255, 181, 126, 120, 146, 254, 199, 54,
       238, 241, 62, 25, 133, 175, 87, 159, 110, 245, 27, 28, 46, 254,
       85, 182, 239, 114, 245, 74, 206, 70, 120, 255, 55, 96, 236, 235,
       59, 143, 237, 139, 50, 255, 243, 239, 142, 8, 59, 107, 48, 90, 31,
       54, 238, 168, 180, 230, 249, 83, 149, 201, 223, 183, 89, 221, 59,
       8, 120, 169, 23, 181, 191, 163, 4, 202, 90, 77, 171, 200, 173,
       206, 48, 209, 159, 254, 35, 155, 47, 245, 190, 200, 223, 94, 93,
       167, 236, 204, 127, 197, 255, 43, 151, 199, 230, 52, 62, 247, 34,
       89, 139, 139, 95, 95, 125, 223, 122, 182, 224, 64, 207, 31, 144,
       75, 131, 252, 180, 175, 10, 188, 87, 150, 253, 145, 215, 181, 174,
       111, 242, 219, 63, 89, 157, 191, 247, 44, 94, 223, 47, 87, 230,
       142, 239, 55, 158, 232, 217, 202, 253, 238, 72, 120, 191, 175,
       255, 231, 183, 231, 237, 227, 76, 238, 50, 127, 207, 159, 223,
       127, 248, 149, 192, 212, 190, 190, 232, 102, 189, 183, 188, 95,
       90, 49, 220, 247, 42, 75, 231, 55, 59, 33, 32, 197, 19, 69, 69,
       35, 122, 132, 148, 112, 165, 251, 234, 220, 46, 158, 77, 84, 191,
       232, 201, 86, 212, 131, 40, 222, 55, 231, 204, 113, 179, 199, 224,
       39, 254, 251, 23, 121, 202, 139, 23, 61, 127, 254, 130, 253, 18,
       153, 237, 189, 180, 231, 143, 63, 88, 49, 172, 186, 102, 197, 229,
       123, 179, 1, 86, 88, 138, 241, 45, 16, 94, 239, 16, 92, 173, 143,
       252, 66, 55, 54, 45, 13, 85, 113, 233, 254, 179, 93, 239, 121, 59,
       159, 141, 229, 237, 47, 232, 103, 250, 136, 209, 251, 84, 26, 66,
       116, 199, 107, 42, 35, 112, 30, 91, 249, 145, 67, 223, 101, 233,
       57, 42, 152, 6, 148, 138, 171, 194, 0, 134, 43, 102, 253, 23, 92,
       16, 59, 83, 12, 198, 239, 30, 83, 166, 170, 171, 82, 126, 220,
       173, 157, 215, 163, 205, 239, 43, 206, 246, 215, 191, 243, 20,
       129, 11, 224, 211, 243, 222, 135, 162, 247, 173, 83, 2, 130, 228,
       147, 175, 123, 188, 175, 95, 127, 158, 183, 200, 44, 222, 143,
       171, 71, 255, 133, 182, 120, 111, 243, 14, 119, 223, 215, 215, 92,
       253, 222, 14, 240, 176, 153, 205, 81, 182, 206, 95, 55, 72, 3,
       140, 248, 110, 140, 217, 75, 179, 211, 22, 50, 90, 240, 15, 20,
       143, 111, 146, 127, 189, 198, 134, 40, 146, 159, 5, 177, 186, 64,
       30, 134, 81, 35, 164, 202, 101, 204, 200, 121, 147, 211, 6, 212,
       2, 234, 4, 22, 154, 11, 148, 45, 61, 134, 220, 181, 187, 228, 210,
       111, 55, 251, 186, 238, 60, 60, 126, 119, 105, 19, 183, 87, 93,
       34, 113, 69, 184, 78, 251, 199, 37, 190, 232, 114, 7, 115, 123,
       145, 226, 92, 247, 147, 126, 103, 255, 77, 246, 167, 104, 252,
       182, 244, 250, 167, 191, 133, 156, 137, 37, 255, 58, 126, 158,
       195, 159, 4, 252, 95, 248, 57, 168, 229, 76, 77, 87, 17, 35, 236,
       132, 47, 55, 23, 67, 18, 204, 253, 253, 208, 72, 90, 248, 8, 251,
       193, 165, 177, 33, 168, 94, 123, 248, 191, 154, 244, 217, 52, 94,
       247, 145, 135, 172, 159, 111, 103, 34, 147, 253, 247, 205, 160,
       120, 75, 24, 174, 251, 215, 221, 59, 163, 124, 174, 90, 34, 216,
       121, 216, 125, 157, 216, 254, 15, 61, 184, 15, 46, 221, 124, 128,
       207, 27, 215, 13, 202, 42, 122, 245, 43, 93, 157, 254, 87, 12, 84,
       255, 103, 115, 172, 165, 168, 22, 220, 139, 194, 246, 128, 141,
       195, 236, 95, 75, 213, 69, 121, 181, 204, 71, 247, 0, 235, 115,
       239, 253, 156, 116, 158, 86, 126, 57, 250, 240, 253, 76, 152, 199,
       251, 241, 52, 24, 30, 252, 71, 58, 163, 255, 245, 17, 23, 107,
       146, 224, 219, 221, 29, 123, 206, 100, 207, 159, 155, 55, 174,
       163, 180, 118, 253, 215, 85, 249, 214, 151, 25, 60, 214, 41, 239,
       143, 23, 157, 191, 251, 53, 230, 122, 79, 190, 196, 175, 220, 177,
       223, 184, 134, 252, 126, 209, 127, 85, 255, 51, 151, 164, 25, 107,
       127, 10, 29, 157, 211, 197, 128, 56, 79, 112, 170, 251, 215, 84,
       59, 242, 228, 166, 106, 179, 74, 110, 190, 14, 145, 206, 244, 196,
       70, 208, 231, 99, 200, 183, 1, 126, 224, 23, 207, 236, 167, 14,
       189, 112, 41, 232, 152, 125, 191, 120, 221, 202, 185, 186, 191,
       226, 100, 189, 223, 58, 31, 82, 51, 188, 183, 107, 74, 231, 95,
       187, 145, 50, 89, 155, 227, 93, 39, 254, 202, 132, 80, 165, 123,
       122, 3, 210, 172, 91, 66, 26, 105, 129, 132, 248, 171, 15, 174,
       100, 212, 254, 189, 133, 176, 24, 11, 128, 136, 187, 229, 138,
       159, 49, 38, 38, 27, 210, 151, 91, 236, 114, 2, 189, 113, 161, 65,
       181, 246, 93, 159, 168, 97, 126, 149, 159, 160, 241, 139, 36, 207,
       240, 161, 170, 206, 61, 130, 165, 241, 57, 76, 126, 236, 20, 150,
       210, 244, 212, 0, 254, 7, 123, 217, 51, 224, 120, 228, 159, 239,
       236, 183, 53, 191, 242, 239, 162, 129, 63, 187, 120, 74, 29, 30,
       127, 77, 118, 187, 251, 82, 84, 96, 127, 230, 89, 93, 181, 32, 63,
       52, 23, 190, 161, 181, 45, 223, 70, 175, 163, 196, 255, 171, 81,
       241, 185, 208, 107, 249, 54, 219, 253, 119, 85, 107, 215, 246, 19,
       28, 182, 96, 127, 154, 23, 157, 251, 188, 53, 151, 126, 79, 190,
       192, 127, 140, 240, 253, 2, 193, 0, 171, 213, 131, 174, 239, 12,
       1, 90, 3, 228, 8, 56, 68, 216, 3, 19, 97, 82, 184, 89, 157, 45,
       16, 142, 71, 20, 10, 181, 14, 2, 171, 168, 157, 212, 193, 190,
       201, 30, 69, 89, 163, 164, 236, 126, 64, 220, 43, 147, 133, 198,
       18, 78, 209, 36, 52, 143, 175, 21, 110, 189, 214, 92, 30, 110,
       229, 20, 38, 107, 112, 112, 196, 223, 6, 81, 99, 179, 113, 126,
       228, 29, 239, 168, 147, 53, 46, 243, 239, 170, 128, 165, 227, 126,
       96, 51, 134, 111, 252, 62, 130, 205, 121, 213, 75, 211, 246, 113,
       237, 176, 96, 127, 164, 63, 172, 249, 175, 36, 159, 242, 174, 171,
       216, 61, 168, 240, 113, 10, 161, 144, 179, 149, 212, 56, 135, 43,
       21, 90, 3, 140, 186, 78, 196, 227, 31, 187, 145, 22, 216, 209,
