%YAML:1.0
---
descriptors: !!opencv-matrix
   rows: 189
   cols: 32
   dt: u
   data: [ 108, 52, 153, 103, 232, 110, 75, 152, 35, 175, 172, 12, 211,
       119, 73, 26, 81, 206, 125, 60, 9, 66, 243, 42, 199, 253, 117, 56,
       202, 243, 66, 122, 253, 95, 87, 109, 4, 78, 103, 113, 101, 74,
       246, 66, 83, 53, 177, 117, 124, 252, 46, 234, 233, 182, 117, 13,
       245, 168, 226, 0, 107, 184, 96, 49, 116, 52, 57, 236, 8, 79, 83,
       104, 34, 224, 173, 8, 215, 215, 1, 16, 216, 152, 73, 98, 73, 3,
       122, 30, 243, 205, 1, 58, 112, 35, 70, 114, 151, 222, 198, 158,
       174, 18, 158, 252, 159, 218, 144, 247, 108, 238, 187, 207, 247,
       103, 189, 231, 229, 197, 14, 239, 186, 114, 239, 159, 190, 119,
       185, 215, 82, 176, 158, 186, 139, 225, 16, 203, 187, 23, 160, 41,
       172, 246, 96, 89, 167, 179, 235, 144, 22, 79, 154, 241, 217, 210,
       91, 123, 144, 64, 175, 2, 56, 233, 25, 105, 89, 77, 86, 174, 55,
       113, 164, 9, 187, 23, 66, 16, 9, 202, 192, 78, 78, 42, 91, 53,
       239, 205, 21, 125, 122, 153, 202, 218, 44, 115, 184, 99, 253, 63,
       86, 216, 107, 188, 189, 77, 219, 123, 75, 146, 156, 200, 197, 126,
       140, 98, 219, 184, 239, 217, 37, 61, 202, 251, 74, 147, 49, 143,
       75, 254, 182, 163, 207, 247, 212, 65, 218, 230, 113, 235, 176, 96,
       126, 234, 31, 221, 155, 171, 36, 255, 248, 175, 174, 200, 61, 138,
       240, 41, 97, 173, 185, 93, 216, 46, 65, 47, 114, 129, 236, 8, 179,
       179, 68, 48, 9, 254, 96, 8, 26, 250, 243, 11, 109, 174, 21, 56,
       192, 96, 66, 168, 179, 187, 106, 9, 246, 146, 251, 113, 81, 76,
       244, 167, 43, 8, 190, 85, 126, 172, 151, 253, 254, 186, 100, 223,
       126, 121, 162, 195, 127, 142, 254, 223, 116, 64, 191, 231, 36, 79,
       71, 48, 100, 12, 231, 8, 215, 119, 8, 114, 144, 212, 108, 106, 72,
       240, 249, 8, 229, 251, 96, 20, 96, 186, 70, 34, 96, 136, 153, 255,
       105, 236, 81, 7, 151, 21, 102, 24, 182, 151, 64, 90, 192, 58, 107,
       8, 26, 94, 242, 49, 205, 190, 80, 88, 144, 8, 68, 42, 48, 49, 25,
       225, 60, 75, 81, 72, 71, 32, 188, 40, 151, 21, 64, 48, 138, 152,
       78, 96, 9, 58, 81, 28, 213, 193, 33, 52, 112, 10, 70, 43, 220, 56,
       191, 53, 155, 123, 17, 0, 160, 244, 166, 185, 223, 55, 67, 59,
       162, 117, 253, 113, 57, 193, 185, 8, 219, 195, 109, 49, 226, 117,
       7, 114, 56, 117, 120, 65, 245, 125, 247, 87, 109, 109, 254, 13,
       14, 28, 22, 148, 184, 158, 206, 53, 149, 185, 241, 2, 183, 253,
       32, 115, 75, 30, 222, 215, 227, 12, 3, 72, 93, 181, 238, 99, 221,
       10, 240, 72, 146, 140, 52, 244, 204, 176, 90, 175, 253, 171, 112,
       206, 55, 60, 130, 56, 89, 8, 106, 140, 237, 252, 237, 101, 172,
       46, 111, 184, 82, 250, 23, 92, 211, 57, 217, 111, 89, 68, 124,
       127, 249, 244, 253, 42, 109, 175, 229, 212, 239, 249, 208, 113,
       24, 178, 60, 185, 43, 214, 112, 83, 173, 94, 246, 7, 158, 63, 35,
       90, 239, 145, 207, 144, 206, 157, 241, 209, 215, 249, 58, 195,
       178, 0, 45, 91, 251, 56, 225, 80, 13, 221, 65, 66, 203, 247, 164,
       24, 10, 156, 214, 191, 137, 144, 212, 24, 169, 103, 246, 144, 147,
       89, 81, 63, 195, 12, 94, 102, 214, 18, 159, 182, 10, 98, 189, 65,
       188, 158, 211, 183, 109, 239, 47, 75, 166, 245, 237, 160, 32, 197,
       131, 200, 209, 162, 123, 131, 161, 113, 37, 115, 154, 159, 110,
       72, 55, 210, 255, 113, 117, 76, 214, 167, 73, 13, 182, 37, 122,
       177, 151, 231, 252, 191, 37, 223, 122, 91, 162, 195, 103, 134,
       124, 223, 15, 114, 208, 131, 203, 63, 174, 216, 47, 190, 183, 238,
       204, 102, 203, 142, 127, 213, 206, 215, 134, 119, 205, 224, 156,
       16, 143, 182, 143, 127, 11, 181, 138, 178, 57, 9, 121, 253, 177,
       23, 14, 93, 84, 117, 172, 12, 150, 129, 207, 27, 219, 1, 151, 60,
       115, 23, 5, 113, 58, 234, 94, 12, 159, 223, 146, 94, 78, 190, 110,
       130, 188, 112, 156, 206, 211, 247, 108, 238, 178, 195, 238, 161,
       191, 167, 228, 199, 6, 237, 208, 35, 234, 131, 61, 116, 61, 211,
       253, 49, 241, 86, 173, 93, 85, 152, 203, 254, 180, 40, 90, 253,
       199, 190, 133, 214, 252, 24, 137, 99, 250, 160, 91, 217, 117, 190,
       195, 252, 70, 127, 211, 215, 206, 44, 58, 2, 158, 255, 51, 226,
       218, 247, 125, 111, 154, 17, 127, 215, 253, 165, 233, 223, 141,
       95, 248, 239, 175, 148, 61, 244, 171, 89, 2, 159, 18, 170, 149,
       167, 178, 103, 29, 5, 90, 7, 236, 234, 42, 192, 216, 43, 139, 49,
       54, 152, 81, 255, 173, 116, 138, 67, 148, 78, 189, 142, 197, 170,
       173, 21, 188, 13, 225, 159, 250, 253, 6, 92, 210, 224, 214, 46, 5,
       102, 104, 29, 179, 109, 255, 34, 13, 26, 245, 252, 132, 40, 209,
       109, 151, 197, 238, 206, 158, 6, 79, 253, 86, 194, 202, 134, 113,
       234, 59, 99, 126, 207, 59, 239, 237, 195, 191, 106, 241, 42, 207,
       4, 61, 242, 176, 0, 166, 76, 94, 222, 75, 199, 158, 96, 157, 6,
       240, 139, 40, 222, 39, 17, 232, 185, 147, 226, 108, 167, 90, 255,
       23, 2, 201, 43, 81, 59, 110, 134, 84, 112, 26, 168, 42, 75, 23,
       104, 174, 12, 160, 41, 223, 223, 43, 80, 254, 177, 207, 226, 72,
       3, 154, 88, 241, 193, 47, 63, 16, 51, 39, 19, 165, 141, 14, 218,
       205, 165, 199, 238, 214, 18, 168, 18, 114, 248, 61, 33, 217, 194,
       34, 254, 127, 35, 122, 183, 123, 158, 197, 124, 217, 91, 240, 134,
       60, 116, 124, 107, 26, 111, 81, 152, 38, 61, 189, 28, 223, 87, 75,
       25, 23, 149, 101, 58, 26, 114, 121, 16, 207, 201, 33, 116, 242,
       195, 6, 243, 77, 55, 156, 165, 176, 46, 125, 186, 125, 202, 190,
       109, 159, 115, 131, 115, 151, 199, 124, 124, 233, 208, 193, 14,
       235, 255, 103, 149, 168, 240, 138, 81, 205, 77, 119, 133, 101, 90,
       238, 184, 109, 226, 242, 66, 221, 122, 145, 231, 122, 197, 126,
       235, 225, 179, 237, 204, 180, 58, 239, 132, 15, 255, 113, 36, 7,
       98, 208, 131, 239, 31, 186, 200, 47, 188, 191, 239, 204, 74, 207,
       142, 255, 193, 206, 247, 132, 115, 205, 192, 190, 20, 143, 247,
       207, 127, 11, 149, 114, 188, 150, 250, 153, 189, 80, 198, 251, 27,
       160, 92, 174, 219, 108, 157, 133, 179, 206, 16, 62, 111, 154, 243,
       155, 222, 86, 122, 218, 81, 171, 14, 72, 17, 57, 229, 52, 78, 117,
       55, 41, 236, 246, 41, 159, 31, 129, 82, 128, 149, 125, 8, 72, 216,
       225, 12, 231, 249, 116, 149, 32, 160, 70, 123, 7, 98, 230, 131,
       203, 63, 190, 200, 47, 190, 223, 199, 200, 234, 223, 206, 255,
       205, 235, 254, 132, 211, 205, 226, 30, 28, 143, 167, 143, 247, 43,
       196, 199, 190, 198, 179, 162, 160, 56, 150, 191, 215, 19, 247,
       237, 110, 218, 207, 39, 103, 255, 149, 182, 220, 159, 226, 140,
       118, 222, 194, 172, 213, 169, 93, 109, 123, 184, 101, 253, 31, 86,
       154, 107, 236, 188, 77, 159, 61, 67, 146, 156, 204, 221, 126, 204,
       50, 209, 56, 239, 221, 37, 53, 202, 187, 74, 211, 183, 112, 230,
       207, 79, 31, 102, 216, 87, 242, 215, 70, 66, 248, 191, 239, 120,
       204, 126, 111, 205, 247, 255, 136, 54, 122, 197, 6, 47, 255, 120,
       132, 76, 68, 151, 119, 132, 110, 103, 180, 116, 162, 171, 8, 215,
       113, 9, 82, 145, 118, 104, 42, 73, 240, 217, 42, 229, 190, 69, 16,
       192, 251, 198, 34, 175, 229, 237, 71, 252, 54, 207, 189, 83, 250,
       61, 86, 113, 125, 159, 35, 29, 206, 119, 238, 249, 214, 255, 255,
       111, 15, 229, 172, 239, 243, 242, 240, 116, 36, 25, 108, 25, 79,
       87, 104, 34, 160, 169, 8, 215, 87, 1, 48, 152, 148, 88, 106, 9,
       35, 219, 30, 241, 141, 1, 60, 112, 51, 70, 34, 201, 148, 149, 189,
       188, 174, 120, 55, 249, 91, 242, 84, 254, 58, 0, 251, 167, 39,
       124, 29, 181, 237, 179, 77, 141, 250, 114, 194, 200, 68, 131, 29,
       139, 184, 151, 241, 67, 174, 56, 87, 191, 27, 66, 80, 189, 215,
       32, 89, 167, 63, 87, 144, 179, 220, 144, 81, 215, 251, 122, 192,
       168, 192, 163, 139, 108, 53, 217, 103, 248, 106, 67, 24, 35, 239,
       45, 40, 87, 119, 201, 58, 17, 76, 117, 56, 9, 80, 249, 10, 207,
       237, 33, 52, 234, 227, 70, 243, 41, 49, 117, 69, 101, 95, 225, 16,
