%YAML:1.0
---
descriptors: !!opencv-matrix
   rows: 312
   cols: 32
   dt: u
   data: [ 197, 88, 255, 229, 98, 78, 127, 16, 56, 238, 118, 96, 215, 55,
       129, 123, 54, 125, 53, 106, 225, 212, 177, 72, 229, 169, 103, 132,
       104, 243, 67, 225, 17, 142, 201, 241, 150, 169, 233, 23, 110, 81,
       74, 150, 185, 11, 112, 104, 111, 139, 27, 157, 147, 188, 117, 246,
       205, 143, 154, 64, 189, 136, 241, 56, 155, 221, 71, 188, 54, 208,
       188, 103, 181, 64, 90, 231, 41, 190, 182, 229, 102, 163, 191, 197,
       229, 153, 36, 255, 178, 107, 186, 131, 47, 156, 185, 93, 55, 142,
       236, 254, 44, 147, 207, 249, 151, 74, 212, 230, 113, 237, 187, 96,
       127, 234, 63, 175, 233, 171, 46, 191, 242, 239, 255, 140, 61, 248,
       112, 121, 121, 184, 59, 242, 189, 253, 81, 87, 223, 107, 172, 28,
       190, 189, 64, 40, 129, 59, 127, 17, 27, 41, 242, 179, 219, 221,
       17, 122, 218, 72, 193, 122, 137, 130, 111, 221, 102, 155, 225, 83,
       85, 89, 214, 246, 155, 12, 182, 104, 110, 140, 63, 157, 159, 188,
       101, 197, 70, 107, 242, 192, 127, 140, 113, 253, 73, 73, 247, 69,
       36, 222, 239, 176, 237, 72, 114, 64, 219, 177, 176, 228, 38, 228,
       62, 74, 209, 184, 39, 224, 36, 56, 100, 128, 110, 191, 193, 101,
       189, 13, 47, 250, 157, 231, 75, 96, 213, 64, 207, 2, 115, 253, 49,
       97, 200, 162, 27, 254, 57, 171, 122, 190, 219, 251, 138, 72, 155,
       11, 112, 114, 125, 82, 120, 239, 44, 15, 127, 24, 76, 236, 223,
       239, 223, 95, 147, 112, 118, 197, 127, 111, 201, 177, 237, 152,
       244, 233, 171, 148, 60, 187, 81, 113, 57, 124, 112, 229, 117, 95,
       75, 26, 69, 236, 252, 8, 155, 21, 147, 244, 94, 156, 150, 104,
       205, 186, 117, 159, 231, 221, 161, 181, 118, 191, 94, 253, 159,
       37, 46, 160, 149, 230, 233, 95, 213, 193, 222, 19, 25, 157, 54,
       41, 120, 138, 19, 189, 185, 235, 52, 206, 91, 73, 143, 196, 175,
       204, 240, 242, 103, 234, 172, 181, 140, 21, 207, 174, 138, 246,
       128, 141, 193, 236, 87, 74, 213, 197, 121, 245, 207, 67, 255, 48,
       169, 91, 207, 60, 140, 117, 92, 84, 87, 178, 172, 164, 40, 4, 25,
       184, 2, 244, 128, 141, 193, 238, 91, 74, 213, 197, 125, 181, 140,
       67, 255, 16, 216, 3, 239, 189, 148, 34, 23, 82, 42, 114, 102, 169,
       111, 243, 184, 72, 15, 93, 213, 167, 172, 204, 63, 140, 254, 153,
       223, 177, 134, 167, 119, 213, 23, 83, 155, 187, 151, 15, 61, 223,
       6, 164, 144, 139, 213, 243, 190, 207, 31, 23, 73, 19, 204, 250,
       110, 196, 217, 75, 147, 147, 54, 144, 91, 243, 45, 22, 143, 103,
       150, 95, 189, 198, 87, 97, 172, 167, 156, 87, 142, 12, 6, 228,
       143, 143, 243, 108, 91, 66, 93, 229, 249, 247, 141, 193, 255, 40,
       233, 103, 207, 53, 141, 255, 153, 80, 221, 22, 239, 229, 164, 42,
       105, 18, 248, 250, 22, 246, 151, 171, 241, 123, 119, 100, 61, 124,
       169, 213, 229, 138, 202, 235, 247, 132, 172, 249, 80, 57, 1, 145,
       51, 175, 52, 135, 163, 57, 14, 105, 91, 103, 245, 125, 32, 64,
       222, 49, 63, 1, 209, 184, 81, 223, 173, 190, 179, 194, 28, 10,
       177, 121, 7, 177, 42, 170, 253, 245, 186, 216, 76, 77, 93, 35,
       152, 220, 126, 96, 254, 11, 147, 117, 151, 58, 62, 247, 95, 93,
       138, 239, 221, 15, 61, 247, 155, 76, 111, 252, 66, 198, 237, 119,
       148, 66, 196, 146, 25, 135, 52, 97, 110, 185, 19, 173, 233, 159,
       52, 206, 113, 107, 218, 128, 63, 212, 163, 248, 184, 201, 114,
       252, 29, 195, 208, 103, 151, 4, 196, 3, 43, 217, 48, 64, 104, 184,
       171, 8, 74, 47, 18, 159, 243, 237, 130, 57, 55, 8, 244, 138, 10,
       50, 46, 168, 125, 211, 184, 74, 140, 205, 212, 167, 173, 204, 54,
       139, 238, 169, 223, 181, 135, 171, 119, 220, 150, 65, 186, 201,
       31, 12, 61, 223, 165, 245, 101, 65, 172, 31, 199, 184, 95, 250,
       179, 76, 210, 28, 221, 173, 29, 68, 86, 127, 249, 116, 125, 158,
       45, 154, 101, 116, 79, 187, 80, 244, 119, 67, 250, 4, 198, 18,
       253, 97, 233, 134, 123, 231, 73, 232, 255, 82, 126, 237, 38, 175,
       196, 115, 166, 200, 114, 40, 231, 141, 103, 246, 233, 197, 56,
       120, 120, 238, 101, 207, 87, 80, 83, 46, 117, 45, 59, 157, 35,
       144, 220, 185, 151, 194, 200, 182, 120, 185, 211, 205, 161, 41,
       115, 187, 78, 155, 85, 239, 251, 182, 182, 60, 254, 235, 250, 222,
       25, 67, 253, 232, 251, 226, 179, 111, 61, 63, 246, 65, 174, 234,
       234, 207, 47, 236, 132, 243, 177, 225, 37, 127, 12, 39, 188, 31,
       206, 57, 116, 232, 179, 77, 211, 40, 215, 161, 28, 228, 124, 127,
       237, 240, 77, 12, 172, 95, 101, 180, 77, 255, 218, 21, 141, 221,
       101, 71, 148, 94, 231, 189, 84, 224, 94, 198, 243, 117, 153, 229,
       58, 76, 48, 110, 225, 240, 125, 46, 108, 175, 37, 4, 111, 186,
       208, 56, 152, 51, 190, 253, 43, 82, 57, 81, 167, 93, 214, 177,
       157, 151, 2, 207, 102, 157, 255, 192, 10, 217, 179, 193, 199, 241,
       122, 131, 38, 164, 45, 123, 60, 76, 254, 227, 196, 98, 110, 211,
       85, 3, 255, 18, 81, 59, 49, 72, 105, 214, 55, 154, 24, 186, 25,
       162, 119, 239, 230, 69, 183, 249, 248, 162, 107, 80, 81, 203, 103,
       221, 232, 92, 75, 105, 117, 110, 40, 20, 223, 252, 62, 136, 246,
       24, 135, 54, 244, 208, 22, 121, 16, 234, 94, 142, 88, 189, 122,
       81, 98, 236, 101, 87, 222, 104, 137, 238, 177, 139, 74, 220, 63,
       165, 254, 181, 223, 231, 204, 163, 52, 204, 51, 88, 137, 191, 119,
       190, 122, 87, 197, 122, 245, 101, 32, 14, 235, 144, 104, 234, 50,
       100, 215, 23, 145, 59, 150, 84, 124, 106, 161, 244, 241, 72, 68,
       186, 99, 132, 72, 179, 67, 177, 61, 17, 102, 109, 53, 87, 95, 120,
       69, 204, 253, 167, 75, 77, 183, 180, 126, 164, 149, 238, 221, 178,
       117, 140, 242, 233, 161, 133, 127, 175, 124, 117, 56, 217, 122,
       238, 92, 135, 195, 240, 196, 128, 252, 2, 115, 217, 177, 96, 88,
       248, 7, 106, 200, 163, 126, 189, 115, 233, 163, 9, 119, 187, 124,
       168, 59, 77, 99, 206, 116, 211, 203, 240, 213, 64, 222, 194, 113,
       221, 181, 101, 120, 232, 23, 239, 233, 179, 52, 255, 50, 108, 170,
       136, 55, 191, 112, 236, 168, 181, 97, 43, 125, 201, 163, 101, 206,
       97, 185, 185, 187, 205, 28, 144, 138, 58, 211, 81, 51, 58, 92,
       191, 125, 85, 168, 121, 87, 14, 214, 250, 65, 139, 142, 45, 141,
       156, 100, 7, 238, 249, 138, 76, 166, 168, 86, 194, 192, 38, 104,
       85, 159, 41, 211, 48, 138, 53, 30, 89, 200, 0, 153, 12, 136, 135,
       33, 187, 181, 111, 229, 191, 62, 123, 83, 85, 143, 5, 152, 197,
       21, 10, 239, 13, 243, 188, 65, 183, 229, 243, 50, 196, 86, 140,
       215, 249, 132, 156, 191, 95, 244, 134, 182, 248, 94, 154, 112,
       116, 116, 251, 173, 105, 247, 123, 55, 42, 241, 253, 26, 127, 111,
       174, 119, 196, 217, 240, 97, 179, 195, 16, 190, 221, 95, 231, 177,
       123, 222, 255, 86, 22, 240, 246, 102, 109, 127, 61, 59, 168, 161,
       247, 179, 223, 93, 46, 219, 110, 21, 40, 37, 255, 86, 225, 169,
       166, 152, 69, 79, 152, 2, 228, 143, 143, 211, 231, 89, 80, 84,
       222, 121, 255, 89, 2, 251, 56, 249, 164, 141, 60, 164, 243, 150,
       114, 212, 84, 255, 231, 34, 78, 127, 48, 56, 206, 118, 160, 247,
       55, 129, 123, 54, 212, 61, 234, 225, 212, 177, 104, 229, 171, 98,
       128, 32, 243, 39, 121, 130, 52, 253, 221, 90, 103, 184, 90, 22,
       235, 115, 114, 16, 63, 36, 105, 125, 60, 51, 128, 33, 220, 81, 95,
       79, 46, 250, 193, 185, 73, 36, 187, 120, 143, 87, 172, 149, 67,
       78, 127, 53, 2, 234, 66, 99, 99, 32, 213, 248, 230, 140, 98, 120,
       155, 1, 191, 178, 247, 130, 83, 50, 174, 252, 44, 155, 12, 231,
       255, 131, 240, 237, 71, 181, 134, 70, 147, 185, 47, 177, 233, 110,
       187, 147, 140, 48, 220, 52, 234, 199, 107, 218, 129, 167, 244,
       181, 232, 24, 1, 83, 97, 83, 90, 98, 72, 61, 33, 107, 0, 79, 147,
       40, 244, 50, 157, 146, 120, 3, 147, 33, 204, 147, 239, 16, 71,
       227, 134, 39, 164, 62, 189, 47, 242, 155, 229, 155, 212, 142, 89,
       156, 43, 60, 253, 109, 33, 205, 123, 147, 211, 179, 43, 58, 253,
