%YAML:1.0
---
descriptors: !!opencv-matrix
   rows: 266
   cols: 32
   dt: u
   data: [ 165, 127, 237, 39, 180, 31, 206, 156, 64, 234, 187, 78, 211,
       8, 215, 171, 28, 228, 92, 127, 237, 244, 205, 136, 44, 91, 165,
       180, 205, 251, 90, 157, 40, 165, 97, 42, 124, 201, 227, 97, 142,
       101, 185, 137, 187, 205, 28, 144, 152, 170, 203, 53, 18, 43, 92,
       127, 125, 29, 32, 120, 85, 15, 215, 242, 225, 7, 92, 71, 116, 26,
       234, 52, 112, 234, 119, 252, 115, 104, 158, 242, 54, 230, 116,
       111, 189, 252, 205, 47, 46, 47, 97, 192, 109, 163, 218, 5, 33,
       103, 236, 39, 36, 43, 207, 54, 32, 238, 159, 237, 243, 40, 147, 2,
       30, 230, 125, 47, 204, 240, 205, 46, 228, 15, 101, 144, 109, 254,
       90, 89, 215, 247, 172, 165, 172, 7, 95, 184, 18, 246, 128, 141,
       211, 44, 83, 75, 157, 197, 125, 247, 252, 70, 255, 26, 232, 3,
       239, 188, 132, 117, 20, 80, 93, 41, 168, 167, 156, 78, 207, 24, 2,
       228, 143, 141, 243, 108, 91, 66, 92, 231, 121, 247, 157, 1, 223,
       40, 233, 101, 175, 60, 173, 63, 153, 82, 105, 189, 185, 240, 173,
       173, 81, 23, 223, 249, 172, 28, 158, 189, 64, 104, 129, 170, 126,
       28, 155, 41, 242, 147, 219, 221, 17, 122, 218, 8, 208, 122, 121,
       143, 98, 236, 180, 6, 110, 125, 101, 8, 254, 199, 123, 107, 178,
       81, 124, 230, 53, 238, 252, 187, 5, 141, 242, 233, 226, 192, 63,
       174, 240, 9, 132, 222, 159, 255, 242, 38, 182, 254, 86, 10, 121,
       118, 116, 251, 41, 97, 255, 123, 23, 106, 241, 252, 26, 127, 111,
       175, 119, 196, 217, 243, 225, 147, 99, 168, 172, 53, 12, 87, 157,
       171, 134, 247, 134, 141, 243, 108, 82, 34, 77, 231, 121, 133, 221,
       105, 255, 0, 201, 107, 253, 181, 140, 236, 24, 88, 89, 245, 54,
       62, 253, 141, 148, 239, 255, 25, 232, 29, 190, 248, 42, 17, 136,
       35, 108, 69, 198, 107, 146, 213, 249, 218, 86, 122, 88, 20, 195,
       139, 127, 81, 241, 70, 237, 92, 79, 248, 75, 238, 181, 10, 74,
       116, 221, 190, 92, 212, 180, 106, 201, 99, 250, 224, 19, 221, 197,
       190, 87, 255, 86, 245, 219, 18, 111, 173, 104, 146, 41, 87, 36,
       73, 214, 247, 153, 143, 242, 82, 108, 141, 191, 141, 207, 159,
       231, 192, 214, 105, 186, 128, 39, 132, 52, 249, 90, 25, 182, 238,
       59, 246, 184, 96, 174, 77, 223, 35, 252, 191, 39, 194, 230, 55,
       191, 129, 148, 11, 179, 253, 211, 229, 42, 203, 18, 7, 45, 91, 7,
       177, 43, 170, 253, 245, 186, 200, 77, 77, 89, 3, 152, 220, 126,
       96, 254, 11, 147, 245, 151, 58, 62, 247, 95, 93, 138, 239, 213,
       15, 181, 215, 65, 11, 172, 53, 140, 62, 141, 55, 230, 247, 138,
       141, 147, 44, 82, 75, 133, 103, 121, 133, 157, 200, 247, 32, 204,
       99, 255, 16, 204, 104, 153, 88, 155, 37, 111, 160, 149, 247, 233,
       127, 21, 225, 222, 151, 25, 157, 118, 41, 125, 131, 19, 189, 189,
       219, 53, 198, 91, 75, 154, 196, 175, 140, 177, 240, 113, 47, 136,
       36, 136, 29, 76, 31, 34, 236, 138, 77, 135, 42, 83, 146, 140, 133,
       236, 5, 205, 75, 213, 0, 250, 197, 253, 61, 8, 96, 26, 88, 60,
       173, 35, 62, 149, 239, 67, 234, 115, 132, 232, 9, 110, 225, 41,
       148, 185, 235, 1, 111, 56, 171, 24, 63, 249, 198, 5, 91, 243, 127,
       102, 226, 130, 157, 30, 155, 188, 135, 190, 238, 159, 11, 218,
       119, 228, 122, 60, 68, 255, 115, 27, 243, 50, 137, 89, 255, 45,
       54, 159, 210, 156, 11, 57, 159, 17, 142, 77, 241, 150, 169, 105,
       23, 110, 81, 74, 150, 185, 3, 240, 96, 99, 139, 27, 156, 179, 152,
       117, 247, 205, 207, 146, 64, 189, 200, 241, 40, 37, 54, 252, 113,
       172, 107, 220, 155, 122, 251, 63, 248, 215, 60, 223, 43, 135, 87,
       125, 49, 189, 240, 77, 0, 206, 219, 125, 181, 236, 240, 203, 17,
       155, 76, 111, 252, 66, 198, 237, 119, 149, 66, 196, 147, 57, 143,
       48, 97, 110, 185, 147, 173, 233, 159, 52, 207, 243, 107, 218, 128,
       55, 212, 161, 248, 45, 114, 233, 195, 228, 117, 255, 216, 86, 238,
       93, 110, 81, 253, 219, 44, 95, 72, 23, 254, 135, 118, 253, 178,
       71, 77, 165, 172, 247, 255, 84, 241, 43, 50, 240, 77, 125, 28,
       232, 88, 91, 105, 244, 110, 136, 28, 214, 166, 222, 172, 150, 156,
       135, 122, 244, 201, 22, 125, 146, 187, 95, 12, 90, 221, 184, 201,
       10, 252, 29, 197, 197, 103, 215, 4, 196, 2, 49, 219, 48, 64, 72,
       168, 187, 136, 74, 47, 18, 159, 243, 233, 138, 25, 51, 8, 252, 10,
       221, 62, 191, 245, 164, 42, 121, 146, 56, 250, 22, 118, 159, 175,
       227, 107, 231, 68, 61, 29, 177, 221, 161, 130, 218, 235, 127, 196,
       140, 233, 81, 113, 166, 120, 251, 242, 238, 105, 221, 204, 203,
       190, 177, 58, 188, 254, 125, 27, 143, 251, 87, 83, 134, 103, 154,
       240, 155, 152, 127, 186, 212, 249, 7, 131, 166, 232, 178, 154,
       109, 213, 184, 232, 158, 180, 80, 11, 236, 222, 127, 5, 216, 121,
       179, 211, 70, 114, 218, 241, 29, 16, 207, 107, 20, 47, 61, 198,
       236, 148, 188, 121, 205, 125, 84, 159, 211, 31, 164, 24, 158, 61,
       74, 187, 201, 18, 253, 24, 58, 110, 243, 179, 207, 219, 84, 127,
       210, 72, 222, 195, 249, 229, 74, 178, 112, 194, 123, 17, 48, 233,
       247, 57, 119, 211, 74, 19, 242, 236, 93, 222, 107, 222, 200, 44,
       254, 233, 165, 193, 40, 130, 234, 91, 134, 157, 19, 139, 244, 231,
       170, 238, 30, 233, 88, 115, 228, 124, 60, 64, 255, 91, 19, 241,
       55, 184, 73, 255, 45, 22, 143, 198, 157, 75, 49, 191, 94, 209, 81,
       172, 91, 64, 30, 232, 35, 64, 168, 171, 95, 214, 105, 208, 118,
       217, 157, 226, 79, 3, 238, 253, 179, 197, 143, 63, 51, 55, 39, 86,
       53, 22, 105, 236, 124, 35, 203, 88, 84, 234, 253, 238, 83, 73,
       189, 56, 94, 168, 22, 46, 137, 166, 100, 30, 118, 143, 161, 188,
       93, 251, 82, 177, 152, 48, 182, 253, 11, 82, 57, 89, 167, 221,
       214, 178, 189, 183, 130, 207, 102, 157, 239, 128, 10, 205, 179,
       193, 215, 241, 122, 131, 34, 164, 37, 123, 122, 217, 50, 236, 61,
       209, 145, 231, 129, 73, 220, 43, 46, 157, 38, 132, 206, 187, 223,
       193, 203, 43, 224, 171, 179, 245, 190, 251, 23, 28, 190, 251, 246,
       74, 68, 161, 239, 59, 74, 200, 19, 178, 177, 250, 75, 8, 205, 191,
       255, 205, 228, 246, 44, 247, 205, 184, 154, 218, 193, 247, 247,
       191, 90, 133, 44, 13, 234, 236, 212, 34, 231, 83, 84, 3, 127, 18,
       17, 171, 49, 72, 121, 222, 34, 186, 24, 187, 49, 162, 119, 239,
       242, 68, 247, 233, 244, 162, 85, 82, 127, 231, 46, 11, 127, 88,
       78, 236, 191, 238, 223, 222, 191, 96, 126, 197, 127, 111, 205, 49,
       109, 56, 246, 137, 43, 148, 60, 187, 89, 113, 166, 225, 48, 138,
       109, 85, 158, 232, 143, 180, 177, 11, 236, 222, 111, 134, 248,
       217, 219, 99, 70, 99, 218, 253, 53, 16, 143, 63, 85, 62, 119, 206,
       241, 41, 169, 53, 172, 207, 85, 7, 106, 232, 130, 9, 183, 56, 83,
       58, 129, 39, 125, 21, 205, 73, 241, 24, 233, 217, 253, 184, 136,
       76, 210, 90, 141, 158, 214, 255, 240, 38, 231, 251, 94, 130, 124,
       84, 124, 243, 171, 229, 119, 106, 2, 46, 241, 252, 27, 127, 108,
       191, 103, 68, 219, 240, 105, 129, 60, 1, 81, 236, 116, 207, 75,
       120, 21, 8, 121, 74, 91, 69, 176, 148, 88, 184, 6, 106, 89, 178,
       80, 31, 117, 205, 33, 64, 115, 171, 98, 176, 43, 215, 99, 67, 116,
       215, 239, 117, 77, 96, 123, 74, 88, 12, 180, 164, 126, 160, 22,
       238, 217, 186, 125, 223, 54, 28, 132, 194, 95, 142, 240, 237, 102,
       166, 220, 187, 252, 57, 216, 9, 31, 95, 185, 187, 204, 106, 94, 9,
       219, 131, 239, 181, 62, 102, 79, 211, 204, 22, 219, 255, 213, 78,
       221, 71, 185, 68, 105, 108, 116, 3, 75, 120, 81, 96, 245, 78, 83,
       9, 177, 49, 122, 168, 20, 110, 233, 183, 101, 158, 242, 233, 161,
       144, 127, 171, 114, 160, 111, 164, 129, 206, 201, 4, 79, 184, 19,
       227, 201, 204, 216, 231, 88, 212, 85, 223, 113, 254, 91, 82, 219,
       243, 189, 190, 141, 236, 186, 231, 162, 48, 2, 31, 123, 225, 114,
       232, 185, 87, 45, 73, 126, 247, 189, 47, 130, 64, 110, 155, 151,
       148, 147, 24, 36, 192, 214, 213, 186, 128, 173, 192, 167, 249,
