%YAML:1.0
---
descriptors: !!opencv-matrix
   rows: 359
   cols: 32
   dt: u
   data: [ 130, 154, 18, 187, 131, 165, 60, 198, 158, 23, 66, 151, 172,
       202, 38, 73, 231, 59, 163, 133, 38, 220, 18, 243, 133, 118, 26,
       11, 144, 76, 173, 154, 205, 52, 189, 87, 164, 46, 101, 187, 114,
       251, 23, 92, 211, 113, 217, 107, 17, 70, 120, 56, 177, 252, 251,
       42, 77, 171, 117, 4, 138, 248, 208, 97, 41, 141, 115, 65, 244,
       207, 239, 183, 125, 97, 118, 88, 243, 1, 148, 116, 91, 190, 102,
       56, 241, 184, 117, 63, 111, 190, 52, 64, 71, 136, 194, 168, 60,
       116, 248, 98, 29, 119, 82, 216, 87, 183, 181, 31, 91, 95, 107,
       152, 93, 216, 211, 122, 10, 102, 123, 178, 219, 221, 5, 125, 251,
       187, 78, 146, 122, 152, 146, 248, 173, 237, 80, 199, 235, 29, 160,
       25, 142, 155, 100, 156, 201, 187, 207, 16, 30, 107, 210, 145, 155,
       217, 18, 127, 210, 76, 207, 142, 124, 185, 53, 234, 157, 221, 81,
       217, 131, 117, 165, 9, 158, 221, 74, 191, 201, 144, 253, 80, 27,
       107, 250, 181, 219, 217, 5, 127, 114, 15, 214, 114, 102, 123, 178,
       138, 153, 133, 158, 205, 143, 12, 144, 139, 174, 205, 103, 6, 204,
       249, 251, 215, 90, 43, 218, 240, 249, 48, 15, 123, 81, 63, 165,
       210, 114, 248, 22, 234, 41, 194, 146, 236, 239, 8, 161, 32, 206,
       210, 44, 244, 234, 253, 223, 99, 77, 7, 154, 245, 153, 240, 138,
       123, 24, 19, 39, 135, 93, 19, 89, 161, 240, 138, 123, 17, 117,
       225, 231, 226, 223, 83, 138, 112, 118, 141, 124, 186, 157, 144,
       237, 92, 222, 233, 163, 197, 164, 162, 170, 67, 17, 159, 35, 170,
       180, 134, 107, 252, 4, 72, 218, 102, 247, 231, 184, 64, 220, 238,
       23, 255, 219, 155, 8, 189, 248, 252, 175, 200, 26, 139, 176, 121,
       205, 15, 238, 251, 222, 161, 239, 252, 84, 243, 223, 214, 209,
       233, 251, 99, 125, 238, 127, 238, 187, 242, 239, 239, 126, 237,
       175, 204, 191, 251, 248, 160, 157, 255, 123, 211, 202, 129, 175,
       253, 118, 106, 215, 246, 217, 231, 250, 99, 127, 239, 126, 238,
       243, 223, 173, 247, 252, 175, 255, 204, 37, 243, 161, 241, 42,
       234, 234, 142, 206, 144, 239, 255, 35, 134, 252, 143, 105, 237,
       255, 212, 123, 235, 167, 159, 216, 186, 238, 242, 94, 111, 191,
       169, 247, 222, 230, 232, 129, 135, 93, 251, 180, 139, 237, 253,
       222, 17, 112, 242, 181, 67, 184, 97, 98, 43, 14, 252, 243, 184,
       69, 95, 172, 168, 34, 64, 28, 136, 225, 169, 44, 180, 181, 219,
       189, 110, 231, 255, 59, 187, 249, 84, 222, 51, 92, 140, 249, 207,
       127, 152, 57, 227, 249, 242, 189, 222, 223, 70, 203, 115, 227,
       162, 157, 167, 151, 195, 221, 127, 238, 255, 255, 59, 186, 94,
       219, 224, 252, 247, 253, 198, 126, 26, 191, 251, 59, 241, 191,
       219, 7, 84, 203, 124, 233, 36, 146, 94, 190, 254, 172, 111, 220,
       230, 189, 31, 243, 59, 238, 253, 37, 11, 175, 255, 239, 131, 40,
       239, 11, 238, 187, 243, 94, 155, 229, 120, 165, 91, 44, 129, 68,
       203, 223, 11, 227, 121, 124, 17, 245, 238, 217, 73, 156, 5, 58, 4,
       79, 127, 82, 176, 93, 212, 108, 40, 35, 196, 127, 142, 219, 128,
       191, 255, 237, 93, 238, 23, 159, 189, 86, 254, 246, 238, 115, 124,
       159, 37, 95, 222, 183, 238, 237, 246, 253, 62, 127, 43, 101, 148,
       111, 253, 208, 253, 162, 48, 113, 235, 109, 109, 233, 81, 93, 105,
       241, 127, 154, 28, 28, 168, 206, 141, 87, 149, 147, 182, 241, 192,
       5, 24, 218, 226, 205, 8, 119, 247, 9, 134, 154, 189, 124, 179,
       169, 91, 86, 0, 222, 226, 245, 226, 249, 96, 95, 41, 42, 185, 167,
       147, 199, 159, 220, 231, 171, 173, 20, 232, 41, 128, 33, 166, 121,
       73, 116, 175, 107, 82, 121, 13, 124, 72, 147, 1, 148, 52, 91, 136,
       6, 56, 146, 184, 224, 95, 111, 188, 32, 68, 67, 130, 70, 161, 215,
       92, 199, 182, 2, 54, 46, 48, 185, 194, 67, 214, 93, 230, 55, 239,
       119, 229, 56, 239, 173, 213, 190, 238, 144, 106, 203, 0, 45, 245,
       49, 84, 91, 6, 198, 181, 162, 50, 188, 22, 60, 215, 90, 247, 141,
       46, 146, 75, 39, 71, 187, 149, 180, 221, 133, 224, 140, 99, 254,
       193, 172, 244, 169, 93, 45, 109, 237, 255, 206, 185, 231, 246,
       246, 226, 255, 206, 251, 105, 217, 170, 121, 234, 110, 207, 241,
       186, 125, 235, 126, 239, 247, 0, 239, 251, 240, 176, 147, 22, 231,
       149, 134, 50, 172, 119, 116, 198, 90, 215, 105, 42, 183, 107, 103,
       135, 59, 173, 181, 221, 53, 202, 148, 42, 218, 128, 173, 244, 177,
       220, 9, 4, 106, 237, 52, 170, 233, 51, 124, 162, 94, 210, 153,
       131, 176, 100, 114, 60, 63, 172, 176, 152, 245, 206, 196, 189,
       186, 132, 46, 136, 81, 168, 66, 168, 159, 144, 203, 225, 176, 199,
       174, 23, 66, 177, 172, 150, 98, 206, 167, 51, 235, 144, 18, 93,
       130, 241, 157, 18, 30, 107, 144, 64, 173, 207, 90, 254, 120, 99,
       114, 218, 59, 112, 121, 236, 118, 173, 239, 71, 135, 148, 54, 61,
       196, 112, 135, 152, 236, 255, 254, 213, 35, 227, 110, 134, 15,
       125, 176, 84, 74, 239, 110, 75, 230, 124, 20, 130, 212, 226, 243,
       197, 177, 37, 122, 248, 22, 235, 105, 182, 93, 31, 166, 130, 227,
       128, 125, 187, 122, 184, 120, 125, 250, 100, 219, 249, 86, 71,
       235, 132, 172, 9, 47, 157, 103, 50, 162, 255, 204, 82, 78, 43,
       176, 168, 243, 221, 5, 59, 227, 115, 110, 203, 135, 182, 60, 243,
       228, 45, 248, 159, 59, 59, 49, 92, 157, 31, 88, 59, 151, 27, 21,
       29, 179, 92, 154, 230, 207, 219, 223, 230, 140, 193, 131, 161,
       163, 48, 112, 109, 124, 47, 177, 88, 107, 232, 241, 255, 222, 29,
       76, 30, 254, 157, 247, 33, 129, 118, 217, 221, 84, 24, 35, 254,
       77, 43, 66, 179, 126, 169, 26, 174, 221, 205, 214, 200, 239, 36,
       169, 11, 110, 216, 103, 16, 232, 203, 202, 67, 78, 35, 154, 185,
       241, 221, 5, 59, 81, 63, 42, 14, 102, 253, 164, 186, 237, 173,
       180, 239, 171, 61, 168, 13, 236, 250, 95, 18, 137, 99, 251, 69,
       70, 67, 218, 245, 93, 24, 207, 59, 24, 94, 219, 202, 45, 253, 237,
       69, 220, 55, 79, 191, 83, 250, 60, 12, 81, 125, 223, 51, 29, 206,
       117, 174, 249, 90, 253, 63, 111, 79, 229, 180, 239, 240, 210, 248,
       3, 141, 66, 222, 246, 183, 170, 247, 92, 1, 254, 98, 120, 248,
       180, 228, 126, 170, 18, 217, 177, 187, 4, 255, 60, 46, 166, 64,
       93, 138, 249, 172, 60, 149, 112, 234, 221, 245, 82, 249, 87, 21,
       253, 19, 74, 125, 46, 208, 217, 155, 151, 176, 62, 42, 91, 215,
       91, 223, 0, 127, 123, 143, 236, 18, 245, 107, 233, 165, 102, 10,
       111, 180, 33, 166, 242, 239, 87, 11, 209, 90, 126, 236, 117, 238,
       200, 246, 237, 104, 244, 170, 229, 132, 109, 179, 66, 113, 180,
       102, 217, 97, 54, 107, 235, 216, 86, 232, 49, 234, 83, 89, 221,
       41, 127, 220, 22, 122, 171, 240, 109, 62, 44, 205, 165, 244, 237,
       251, 82, 161, 26, 181, 51, 190, 243, 212, 52, 119, 185, 73, 93,
       100, 60, 246, 168, 244, 166, 59, 223, 133, 211, 139, 50, 229, 179,
       117, 62, 138, 10, 4, 167, 127, 183, 88, 102, 158, 13, 132, 154,
       98, 156, 194, 194, 199, 40, 206, 55, 64, 236, 237, 57, 199, 205,
       143, 22, 234, 145, 44, 142, 138, 13, 37, 112, 94, 252, 103, 237,
       161, 182, 27, 95, 188, 114, 166, 154, 175, 87, 43, 91, 19, 177,
       196, 253, 115, 236, 214, 237, 14, 255, 195, 237, 245, 36, 186, 86,
       74, 98, 170, 18, 184, 253, 237, 80, 71, 191, 29, 240, 89, 174,
       217, 36, 212, 201, 171, 206, 0, 30, 107, 210, 243, 151, 212, 18,
       123, 210, 12, 254, 14, 110, 185, 39, 154, 253, 208, 251, 97, 137,
       213, 157, 3, 168, 220, 118, 166, 201, 51, 243, 211, 86, 43, 250,
       245, 127, 93, 142, 203, 135, 15, 246, 214, 110, 227, 102, 90, 237,
       212, 147, 105, 203, 157, 157, 35, 104, 220, 126, 39, 200, 115,
       163, 83, 220, 99, 234, 228, 59, 91, 207, 107, 215, 7, 254, 231,
       69, 115, 153, 229, 96, 14, 111, 24, 40, 170, 115, 108, 215, 87,
       201, 50, 22, 92, 92, 106, 193, 148, 217, 72, 164, 184, 39, 132,
       40, 179, 3, 49, 127, 133, 197, 135, 173, 114, 78, 185, 83, 226,
       139, 218, 75, 113, 221, 246, 123, 196, 252, 175, 221, 67, 237,
