%YAML:1.0
---
descriptors: !!opencv-matrix
   rows: 170
   cols: 32
   dt: u
   data: [ 102, 172, 164, 186, 157, 141, 220, 239, 159, 159, 176, 27,
       238, 253, 126, 15, 201, 251, 255, 21, 58, 111, 218, 241, 185, 214,
       223, 123, 208, 125, 133, 74, 205, 52, 183, 113, 161, 62, 117, 23,
       249, 187, 166, 84, 222, 49, 65, 187, 165, 22, 108, 24, 177, 253,
       179, 66, 143, 251, 116, 70, 194, 112, 195, 35, 145, 157, 11, 254,
       148, 134, 79, 50, 148, 130, 203, 70, 241, 227, 48, 97, 88, 110,
       58, 203, 121, 142, 88, 111, 161, 166, 174, 0, 60, 250, 48, 40,
       185, 70, 67, 205, 116, 27, 107, 48, 85, 96, 95, 246, 83, 1, 177,
       228, 90, 172, 22, 110, 233, 180, 101, 30, 38, 236, 161, 132, 127,
       190, 88, 176, 4, 248, 191, 248, 59, 228, 57, 218, 174, 89, 132,
       20, 156, 215, 97, 107, 229, 17, 127, 16, 19, 77, 51, 213, 203,
       187, 123, 78, 152, 17, 37, 51, 254, 30, 164, 247, 141, 127, 213,
       43, 133, 182, 159, 31, 195, 40, 6, 143, 233, 246, 233, 163, 60,
       229, 251, 174, 155, 227, 223, 23, 227, 109, 220, 102, 208, 92,
       159, 244, 7, 230, 53, 102, 252, 130, 194, 2, 60, 179, 33, 107,
       225, 119, 59, 130, 97, 205, 18, 234, 209, 235, 94, 2, 0, 113, 33,
       42, 30, 29, 214, 190, 179, 123, 30, 230, 61, 7, 254, 187, 143, 54,
       35, 221, 255, 219, 159, 242, 60, 155, 48, 224, 177, 246, 94, 131,
       146, 117, 175, 95, 39, 238, 224, 87, 197, 31, 230, 252, 83, 251,
       121, 92, 98, 104, 222, 189, 89, 202, 2, 31, 247, 254, 94, 243, 46,
       30, 213, 110, 223, 254, 218, 156, 124, 233, 115, 226, 157, 66, 86,
       236, 97, 164, 231, 10, 91, 75, 121, 80, 120, 196, 237, 250, 88,
       179, 249, 172, 251, 233, 135, 85, 39, 187, 246, 66, 207, 236, 224,
       179, 229, 56, 238, 183, 123, 243, 31, 155, 253, 233, 219, 111, 51,
       79, 61, 223, 246, 92, 237, 226, 238, 95, 255, 237, 134, 255, 217,
       104, 94, 244, 148, 218, 155, 212, 50, 236, 187, 19, 141, 2, 108,
       246, 76, 246, 179, 83, 248, 210, 71, 67, 155, 241, 59, 215, 23,
       111, 170, 23, 169, 62, 133, 212, 253, 97, 180, 110, 105, 189, 117,
       225, 119, 80, 211, 21, 152, 121, 63, 220, 108, 56, 185, 244, 253,
       14, 239, 239, 37, 68, 229, 136, 198, 48, 121, 144, 238, 117, 23,
       82, 105, 58, 113, 237, 70, 135, 115, 36, 150, 245, 112, 228, 180,
       172, 173, 216, 181, 12, 75, 239, 245, 129, 47, 164, 126, 94, 124,
       161, 186, 98, 144, 233, 83, 218, 99, 5, 172, 8, 23, 241, 75, 48,
       17, 218, 76, 88, 26, 35, 184, 35, 251, 237, 32, 125, 224, 219,
       198, 98, 66, 233, 169, 251, 8, 225, 155, 168, 134, 53, 133, 171,
       177, 95, 65, 67, 75, 243, 123, 211, 10, 75, 235, 117, 205, 129,
       191, 249, 20, 19, 4, 122, 33, 75, 80, 69, 116, 11, 110, 184, 101,
       160, 122, 200, 211, 1, 149, 180, 58, 204, 70, 110, 201, 176, 69,
       12, 36, 152, 37, 20, 107, 170, 74, 140, 83, 141, 67, 134, 22, 18,
       111, 244, 240, 192, 218, 198, 81, 110, 180, 228, 126, 231, 28,
       239, 253, 147, 36, 238, 176, 46, 175, 128, 45, 247, 48, 124, 198,
       136, 172, 185, 185, 241, 153, 138, 142, 61, 148, 179, 140, 143,
       98, 72, 207, 19, 255, 145, 18, 15, 106, 211, 207, 85, 155, 255,
       150, 13, 5, 115, 77, 34, 148, 209, 232, 60, 121, 19, 235, 187, 55,
       112, 158, 51, 193, 255, 167, 71, 108, 28, 179, 84, 138, 64, 206,
       251, 119, 230, 138, 225, 171, 161, 31, 185, 123, 97, 162, 158, 63,
       81, 175, 200, 94, 224, 29, 223, 224, 240, 38, 61, 191, 211, 209,
       152, 167, 96, 111, 109, 47, 194, 38, 167, 161, 113, 253, 119, 204,
       37, 170, 26, 95, 57, 49, 238, 183, 255, 67, 97, 139, 23, 94, 196,
       236, 238, 253, 214, 237, 10, 254, 235, 229, 181, 47, 246, 218, 85,
       236, 182, 164, 177, 173, 63, 220, 159, 223, 255, 149, 93, 207, 41,
       91, 143, 205, 198, 237, 53, 188, 118, 203, 146, 206, 211, 253,
       245, 218, 252, 220, 85, 48, 225, 2, 12, 93, 211, 196, 111, 70,
       164, 232, 11, 34, 72, 22, 148, 88, 172, 194, 240, 78, 171, 69, 29,
       59, 133, 5, 121, 115, 8, 254, 142, 50, 249, 122, 248, 117, 213,
       243, 231, 159, 13, 252, 3, 62, 221, 38, 16, 248, 187, 151, 81, 78,
       171, 50, 253, 251, 221, 130, 107, 81, 24, 238, 202, 161, 144, 123,
       113, 52, 207, 225, 59, 124, 105, 114, 16, 179, 25, 144, 113, 249,
       44, 102, 24, 59, 184, 113, 31, 205, 239, 50, 68, 201, 8, 64, 168,
       74, 217, 146, 184, 219, 209, 176, 199, 143, 21, 236, 11, 172, 254,
       102, 212, 227, 59, 171, 145, 22, 11, 146, 241, 191, 117, 30, 123,
       18, 4, 175, 206, 248, 59, 190, 124, 233, 157, 84, 119, 171, 238,
       180, 93, 191, 191, 66, 147, 141, 243, 253, 4, 252, 107, 146, 154,
       251, 219, 117, 185, 66, 228, 207, 211, 102, 172, 156, 154, 137,
       237, 21, 239, 159, 31, 160, 25, 238, 246, 106, 91, 201, 243, 239,
       145, 58, 75, 250, 241, 185, 150, 223, 123, 144, 89, 165, 74, 50,
       34, 87, 233, 127, 79, 248, 67, 61, 105, 242, 123, 14, 158, 20,
       148, 254, 157, 127, 129, 141, 186, 193, 220, 151, 248, 138, 146,
       109, 8, 98, 151, 206, 190, 150, 158, 235, 240, 188, 231, 186, 223,
       218, 253, 236, 254, 238, 207, 231, 115, 251, 147, 182, 79, 174,
       227, 62, 51, 223, 203, 139, 116, 175, 223, 44, 121, 249, 115, 212,
       237, 103, 215, 114, 3, 108, 24, 19, 241, 201, 48, 25, 250, 0, 24,
       27, 178, 248, 34, 111, 140, 36, 104, 227, 251, 198, 160, 198, 190,
       190, 146, 171, 253, 180, 199, 190, 255, 150, 61, 172, 254, 66, 11,
       167, 119, 239, 17, 54, 77, 138, 242, 205, 19, 95, 251, 128, 84,
       143, 219, 124, 233, 114, 230, 149, 82, 86, 236, 69, 132, 239, 10,
       75, 249, 57, 80, 120, 252, 141, 250, 88, 163, 136, 172, 251, 233,
       133, 29, 35, 59, 246, 34, 238, 182, 164, 177, 169, 59, 156, 155,
       23, 255, 145, 253, 203, 109, 219, 143, 223, 197, 253, 183, 191,
       100, 207, 146, 142, 211, 253, 247, 222, 253, 156, 85, 214, 230,
       58, 190, 40, 192, 31, 200, 190, 22, 129, 169, 229, 199, 107, 80,
       215, 249, 237, 195, 42, 71, 234, 59, 249, 227, 175, 189, 16, 115,
       39, 98, 85, 99, 122, 38, 50, 11, 119, 232, 105, 236, 250, 173, 79,
       8, 147, 16, 178, 197, 76, 103, 204, 179, 37, 110, 240, 254, 34,
       128, 96, 183, 103, 71, 39, 42, 168, 41, 124, 157, 136, 88, 206,
       237, 153, 207, 145, 200, 87, 8, 220, 45, 127, 21, 134, 99, 206,
       17, 68, 45, 187, 189, 221, 14, 91, 204, 16, 58, 76, 165, 50, 2,
       89, 22, 52, 44, 198, 229, 103, 7, 131, 81, 118, 189, 45, 172, 72,
       216, 193, 12, 194, 163, 184, 129, 36, 128, 36, 121, 87, 227, 186,
       74, 171, 148, 23, 232, 235, 29, 173, 4, 78, 242, 110, 118, 245,
       75, 236, 118, 214, 67, 170, 245, 251, 221, 7, 239, 146, 23, 171,
       71, 176, 67, 199, 237, 28, 3, 230, 76, 86, 176, 235, 66, 99, 227,
       49, 64, 121, 236, 34, 234, 72, 179, 79, 221, 184, 162, 199, 4, 49,
       59, 240, 128, 17, 159, 107, 238, 150, 163, 239, 247, 148, 72, 218,
       230, 113, 235, 176, 96, 126, 234, 31, 239, 153, 171, 44, 191, 248,
       175, 170, 192, 61, 202, 240, 185, 210, 79, 140, 164, 58, 6, 94,
       63, 48, 174, 142, 237, 247, 35, 19, 81, 118, 229, 125, 165, 172,
       135, 197, 14, 250, 231, 175, 145, 44, 176, 56, 89, 21, 111, 91,
       245, 210, 138, 175, 246, 60, 0, 114, 226, 21, 210, 161, 64, 118,
       125, 23, 233, 96, 189, 128, 111, 244, 166, 42, 192, 37, 177, 161,
       161, 194, 174, 32, 152, 233, 229, 184, 71, 191, 31, 128, 153, 172,
       174, 98, 89, 197, 51, 235, 145, 50, 79, 194, 243, 157, 16, 222,
       251, 144, 68, 165, 90, 188, 120, 248, 97, 44, 79, 87, 216, 86,
       190, 180, 10, 83, 29, 211, 42, 89, 220, 92, 122, 170, 118, 105,
       26, 219, 207, 37, 53, 243, 251, 84, 99, 72, 126, 27, 254, 41, 205,
       21, 55, 188, 13, 44, 40, 190, 151, 0, 80, 132, 59, 237, 0, 66, 73,
       146, 63, 241, 247, 52, 27, 66, 16, 135, 59, 78, 174, 58, 248, 137,
       192, 31, 206, 183, 31, 132, 177, 173, 239, 42, 89, 205, 147, 207,
       147, 58, 11, 226, 243, 243, 245, 158, 251, 146, 85, 167, 251, 80,
