%YAML:1.0
---
descriptors: !!opencv-matrix
   rows: 175
   cols: 32
   dt: u
   data: [ 168, 61, 249, 101, 244, 79, 111, 63, 113, 234, 126, 8, 243,
       55, 16, 48, 26, 254, 116, 40, 105, 248, 241, 14, 111, 255, 37, 4,
       98, 224, 70, 234, 93, 18, 245, 71, 36, 62, 235, 24, 100, 234, 179,
       102, 211, 124, 157, 111, 94, 196, 124, 238, 137, 176, 237, 136,
       133, 250, 227, 148, 231, 251, 80, 117, 88, 189, 30, 56, 170, 234,
       21, 247, 180, 6, 174, 185, 55, 183, 0, 81, 39, 55, 77, 2, 112,
       201, 128, 63, 241, 167, 112, 49, 32, 208, 166, 123, 143, 248, 191,
       255, 45, 189, 121, 156, 255, 219, 103, 16, 252, 255, 95, 123, 197,
       111, 123, 30, 167, 117, 251, 241, 207, 251, 215, 42, 194, 245, 99,
       138, 89, 157, 31, 229, 20, 207, 71, 51, 100, 200, 234, 68, 247,
       115, 0, 96, 48, 118, 92, 106, 105, 169, 49, 47, 233, 239, 37, 16,
       104, 162, 64, 41, 109, 144, 252, 101, 172, 126, 249, 159, 70, 187,
       183, 84, 219, 61, 216, 106, 93, 84, 127, 56, 154, 244, 241, 0, 79,
       171, 246, 196, 207, 248, 216, 51, 53, 221, 67, 207, 54, 27, 238,
       249, 116, 232, 251, 230, 115, 92, 188, 224, 126, 236, 22, 238,
       233, 176, 109, 253, 54, 173, 167, 132, 125, 186, 240, 181, 124,
       32, 253, 101, 40, 106, 83, 24, 98, 183, 173, 24, 87, 119, 73, 59,
       17, 212, 108, 58, 8, 103, 251, 0, 211, 235, 97, 61, 224, 243, 70,
       34, 74, 145, 150, 219, 203, 208, 176, 73, 174, 17, 65, 48, 236,
       246, 40, 238, 227, 19, 251, 144, 23, 9, 155, 241, 13, 182, 90, 79,
       154, 2, 173, 151, 88, 236, 16, 182, 25, 169, 66, 234, 190, 162,
       160, 72, 239, 195, 64, 145, 177, 225, 106, 34, 110, 71, 202, 63,
       217, 199, 91, 57, 64, 33, 3, 10, 105, 83, 105, 101, 112, 78, 111,
       52, 37, 104, 126, 108, 243, 21, 145, 112, 94, 252, 87, 110, 201,
       176, 113, 15, 231, 173, 32, 128, 108, 187, 70, 121, 61, 232, 48,
       75, 205, 221, 214, 233, 79, 53, 172, 8, 10, 24, 94, 180, 153, 136,
       82, 74, 94, 58, 249, 183, 63, 221, 5, 127, 83, 10, 218, 134, 86,
       188, 190, 191, 191, 227, 183, 236, 158, 191, 71, 55, 236, 255,
       111, 75, 243, 127, 251, 19, 118, 73, 187, 255, 175, 231, 255, 255,
       148, 115, 149, 219, 233, 201, 190, 255, 237, 220, 117, 167, 255,
       59, 38, 16, 190, 249, 112, 123, 193, 87, 123, 94, 118, 109, 251,
       177, 239, 251, 86, 107, 210, 88, 193, 10, 76, 145, 181, 249, 169,
       238, 181, 159, 174, 153, 74, 1, 220, 119, 8, 202, 199, 87, 251,
       17, 18, 200, 211, 96, 205, 246, 126, 70, 128, 82, 165, 59, 76,
       113, 57, 101, 48, 78, 119, 56, 104, 168, 119, 72, 223, 23, 9, 48,
       148, 84, 77, 106, 193, 176, 57, 12, 231, 249, 37, 4, 66, 179, 71,
       227, 210, 138, 238, 189, 10, 162, 104, 14, 190, 149, 198, 183,
       205, 226, 50, 74, 99, 79, 237, 133, 24, 201, 143, 213, 216, 99,
       251, 197, 164, 4, 61, 66, 73, 102, 177, 101, 52, 46, 105, 23, 105,
       201, 126, 76, 159, 3, 145, 126, 148, 12, 76, 60, 129, 180, 225, 8,
       199, 253, 52, 128, 202, 240, 67, 41, 124, 249, 249, 96, 184, 79,
       87, 152, 35, 248, 189, 72, 91, 119, 73, 50, 93, 212, 125, 122, 75,
       98, 219, 26, 251, 205, 37, 60, 243, 179, 70, 51, 245, 97, 237, 98,
       204, 71, 79, 216, 67, 242, 181, 10, 83, 81, 217, 59, 89, 196, 124,
       122, 233, 103, 255, 56, 249, 136, 229, 60, 245, 251, 86, 96, 162,
       123, 248, 223, 238, 137, 182, 213, 222, 156, 112, 239, 172, 200,
       197, 8, 206, 123, 135, 67, 198, 110, 206, 249, 38, 16, 63, 187,
       93, 216, 77, 157, 120, 172, 152, 174, 137, 232, 80, 143, 162, 151,
       168, 25, 167, 243, 66, 90, 193, 247, 233, 16, 30, 15, 202, 50,
       219, 229, 21, 123, 144, 74, 142, 10, 128, 182, 149, 187, 248, 233,
       181, 175, 30, 51, 80, 240, 180, 163, 104, 72, 207, 27, 35, 17, 50,
       94, 75, 211, 140, 150, 126, 236, 144, 72, 133, 169, 228, 172, 172,
       247, 148, 111, 74, 162, 55, 179, 227, 24, 243, 107, 28, 59, 217,
       230, 121, 158, 58, 250, 219, 47, 207, 255, 215, 85, 193, 249, 242,
       32, 155, 234, 150, 91, 161, 185, 120, 199, 119, 23, 100, 16, 175,
       195, 230, 237, 163, 42, 166, 28, 62, 220, 7, 243, 142, 219, 84,
       99, 178, 132, 232, 142, 190, 172, 252, 223, 180, 74, 239, 232, 95,
       182, 254, 10, 123, 104, 29, 17, 251, 207, 110, 235, 248, 242, 237,
       255, 251, 255, 103, 149, 229, 251, 116, 34, 242, 75, 110, 14, 78,
       2, 135, 236, 196, 166, 242, 239, 98, 72, 183, 67, 120, 228, 106,
       231, 236, 231, 79, 109, 48, 34, 207, 16, 85, 58, 124, 76, 11, 191,
       130, 81, 209, 189, 232, 183, 123, 41, 110, 92, 168, 168, 214, 180,
       165, 42, 82, 28, 151, 184, 144, 247, 47, 28, 20, 226, 202, 196,
       219, 157, 73, 29, 243, 84, 231, 120, 117, 55, 121, 195, 126, 120,
       190, 181, 132, 246, 3, 126, 178, 8, 209, 184, 180, 98, 47, 190,
       84, 10, 194, 240, 199, 173, 2, 140, 138, 185, 185, 165, 124, 167,
       22, 31, 76, 21, 180, 251, 34, 64, 193, 43, 187, 149, 62, 216, 82,
       55, 239, 247, 158, 73, 152, 64, 169, 154, 166, 207, 196, 155, 221,
       181, 142, 238, 31, 19, 201, 215, 232, 234, 61, 201, 221, 107, 131,
       215, 118, 206, 78, 255, 46, 86, 223, 111, 159, 125, 248, 140, 132,
       164, 156, 185, 191, 233, 176, 139, 30, 119, 71, 49, 148, 184, 74,
       73, 163, 15, 187, 17, 54, 92, 219, 147, 204, 215, 95, 103, 152,
       72, 153, 210, 215, 120, 127, 52, 42, 78, 93, 112, 169, 222, 244,
       173, 31, 30, 135, 59, 166, 245, 125, 71, 197, 231, 182, 72, 82,
       43, 116, 138, 77, 240, 39, 121, 32, 36, 146, 185, 85, 230, 176,
       67, 30, 135, 89, 19, 140, 248, 97, 72, 217, 57, 130, 17, 2, 182,
       66, 194, 133, 214, 30, 11, 148, 78, 45, 138, 76, 176, 190, 119,
       169, 110, 245, 19, 238, 123, 63, 28, 223, 177, 72, 58, 165, 86,
       108, 8, 145, 233, 187, 64, 207, 235, 116, 68, 202, 224, 195, 179,
       41, 48, 189, 117, 173, 63, 117, 183, 239, 251, 54, 28, 255, 57,
       65, 26, 137, 86, 110, 12, 153, 248, 251, 160, 207, 251, 85, 52,
       202, 248, 194, 59, 188, 237, 254, 255, 157, 27, 206, 236, 127,
       166, 254, 18, 235, 232, 31, 17, 91, 239, 238, 234, 248, 243, 79,
       255, 251, 255, 71, 21, 229, 251, 230, 10, 22, 79, 67, 239, 50, 2,
       110, 248, 37, 0, 90, 226, 105, 103, 176, 196, 126, 239, 31, 238,
       216, 152, 13, 255, 180, 236, 171, 128, 55, 179, 53, 97, 15, 122,
       208, 191, 118, 139, 190, 81, 30, 194, 113, 231, 237, 204, 243,
       132, 126, 105, 135, 87, 199, 180, 94, 234, 100, 71, 47, 170, 125,
       191, 9, 145, 104, 244, 144, 113, 185, 237, 80, 143, 59, 53, 168,
       56, 174, 57, 72, 16, 137, 155, 236, 16, 26, 106, 203, 23, 239,
       215, 21, 127, 210, 8, 198, 42, 208, 142, 206, 189, 30, 34, 104,
       47, 166, 181, 210, 247, 237, 42, 146, 75, 99, 231, 237, 133, 60,
       205, 143, 221, 222, 227, 251, 209, 172, 164, 57, 8, 117, 66, 233,
       165, 36, 14, 110, 56, 96, 234, 215, 230, 211, 104, 145, 98, 126,
       196, 60, 239, 237, 180, 237, 42, 246, 239, 227, 132, 45, 251, 88,
       17, 197, 10, 149, 181, 36, 42, 104, 18, 120, 178, 99, 80, 247, 35,
       193, 219, 163, 77, 108, 10, 37, 212, 193, 0, 132, 226, 114, 0,
       172, 241, 9, 0, 253, 75, 71, 231, 132, 14, 79, 180, 49, 62, 195,
       222, 83, 3, 145, 95, 68, 196, 125, 238, 232, 222, 249, 32, 244,
       234, 244, 144, 38, 187, 240, 120, 222, 176, 24, 186, 155, 245, 18,
       200, 191, 89, 161, 20, 142, 214, 111, 216, 247, 145, 253, 82, 54,
       7, 154, 243, 155, 241, 11, 127, 144, 3, 41, 23, 210, 180, 26, 154,
       27, 248, 176, 71, 239, 3, 171, 56, 172, 222, 106, 210, 163, 51,
       234, 0, 39, 47, 146, 215, 179, 240, 26, 91, 8, 4, 175, 31, 72,
       189, 158, 249, 171, 253, 52, 135, 191, 31, 174, 16, 174, 187, 64,
       90, 163, 115, 235, 16, 50, 73, 147, 243, 207, 215, 86, 123, 146,
       64, 175, 11, 24, 224, 203, 225, 50, 66, 106, 188, 52, 225, 210,
       226, 209, 7, 216, 224, 123, 220, 29, 248, 75, 156, 69, 47, 232,
       229, 190, 196, 175, 130, 180, 56, 152, 168, 174, 122, 205, 249,
