%YAML:1.0
---
descriptors: !!opencv-matrix
   rows: 239
   cols: 32
   dt: u
   data: [ 1, 170, 185, 217, 172, 173, 97, 159, 94, 89, 112, 80, 183,
       129, 216, 104, 195, 10, 38, 28, 147, 120, 99, 49, 204, 158, 52,
       100, 144, 136, 193, 169, 189, 90, 171, 218, 165, 215, 71, 208,
       215, 142, 151, 98, 66, 209, 225, 236, 89, 248, 28, 218, 234, 135,
       104, 186, 171, 222, 165, 154, 178, 187, 116, 103, 252, 80, 189,
       100, 45, 78, 87, 184, 225, 178, 167, 8, 87, 211, 73, 123, 176,
       212, 124, 106, 105, 103, 249, 10, 211, 251, 69, 60, 106, 59, 70,
       34, 36, 161, 253, 103, 252, 79, 103, 61, 98, 168, 175, 8, 211, 51,
       64, 50, 8, 246, 76, 248, 89, 186, 249, 12, 239, 141, 37, 84, 225,
       162, 198, 162, 25, 221, 63, 103, 52, 207, 71, 176, 228, 200, 238,
       64, 247, 113, 1, 96, 52, 114, 92, 106, 73, 169, 57, 47, 233, 239,
       37, 16, 106, 147, 64, 41, 103, 206, 47, 88, 60, 246, 66, 146, 245,
       75, 250, 112, 82, 252, 189, 112, 217, 128, 30, 184, 191, 167, 40,
       127, 59, 62, 161, 198, 209, 145, 116, 101, 4, 164, 185, 67, 232,
       105, 169, 11, 58, 181, 57, 24, 150, 70, 200, 59, 151, 31, 74, 57,
       18, 112, 235, 64, 77, 20, 61, 100, 192, 65, 135, 224, 240, 165,
       59, 250, 136, 237, 149, 103, 186, 23, 168, 25, 183, 255, 98, 80,
       233, 187, 105, 16, 58, 111, 146, 51, 217, 197, 26, 121, 208, 64,
       167, 74, 121, 13, 126, 110, 156, 70, 71, 52, 228, 4, 238, 0, 115,
       115, 35, 113, 80, 230, 108, 106, 104, 171, 113, 61, 243, 235, 160,
       17, 50, 170, 116, 42, 32, 169, 189, 122, 232, 233, 177, 207, 202,
       29, 48, 8, 180, 157, 68, 25, 137, 27, 67, 16, 2, 106, 194, 113,
       77, 152, 54, 105, 208, 72, 199, 170, 26, 173, 225, 155, 147, 205,
       191, 166, 175, 37, 8, 131, 237, 103, 16, 4, 35, 99, 89, 221, 18,
       136, 29, 255, 233, 20, 143, 112, 182, 150, 133, 104, 11, 140, 136,
       187, 181, 244, 184, 143, 30, 91, 74, 21, 172, 58, 38, 200, 209,
       43, 179, 149, 54, 216, 83, 247, 140, 119, 158, 195, 152, 68, 185,
       158, 134, 220, 134, 151, 189, 102, 190, 239, 62, 247, 202, 19,
       204, 190, 107, 207, 233, 87, 171, 147, 54, 221, 27, 227, 189, 54,
       223, 71, 144, 124, 181, 94, 213, 72, 78, 167, 38, 10, 110, 184,
       100, 226, 215, 198, 243, 104, 155, 99, 126, 228, 60, 239, 237,
       244, 205, 46, 244, 171, 239, 132, 45, 187, 120, 17, 28, 148, 131,
       225, 147, 230, 43, 53, 53, 129, 79, 210, 221, 103, 40, 228, 119,
       61, 157, 184, 49, 156, 17, 142, 169, 231, 143, 196, 174, 198, 161,
       176, 189, 96, 237, 106, 140, 39, 79, 216, 66, 242, 181, 74, 83,
       85, 217, 43, 89, 204, 124, 254, 201, 102, 255, 56, 249, 201, 229,
       60, 253, 251, 82, 224, 53, 205, 99, 199, 244, 187, 239, 252, 116,
       224, 250, 194, 113, 101, 189, 228, 126, 254, 22, 254, 203, 176,
       109, 255, 44, 236, 167, 196, 119, 251, 240, 225, 216, 249, 177,
       226, 57, 204, 19, 156, 174, 41, 130, 24, 191, 215, 64, 244, 134,
       117, 253, 80, 99, 13, 251, 115, 249, 244, 47, 120, 26, 2, 135, 59,
       134, 111, 50, 184, 203, 225, 188, 199, 173, 20, 218, 179, 140,
       142, 97, 74, 230, 59, 235, 211, 82, 143, 162, 240, 181, 112, 10,
       171, 20, 85, 165, 235, 9, 135, 146, 169, 247, 159, 172, 255, 30,
       57, 94, 114, 157, 179, 232, 228, 55, 31, 166, 12, 83, 152, 32,
       211, 236, 205, 63, 228, 182, 220, 137, 169, 128, 160, 213, 187,
       236, 41, 169, 143, 30, 51, 17, 249, 149, 34, 72, 10, 15, 27, 106,
       21, 51, 88, 203, 215, 12, 18, 127, 124, 156, 72, 131, 128, 242,
       67, 71, 140, 15, 2, 70, 104, 197, 134, 242, 67, 98, 72, 53, 87,
       248, 228, 110, 227, 108, 231, 77, 205, 176, 42, 195, 19, 117, 59,
       116, 6, 61, 77, 106, 222, 220, 151, 207, 244, 213, 128, 252, 2,
       115, 233, 181, 96, 88, 234, 22, 234, 233, 171, 46, 191, 115, 239,
       167, 136, 119, 251, 112, 168, 134, 207, 128, 159, 213, 181, 174,
       239, 31, 19, 73, 215, 232, 234, 61, 205, 221, 107, 147, 135, 118,
       222, 74, 255, 44, 118, 223, 42, 159, 125, 185, 140, 72, 189, 149,
       113, 243, 232, 49, 167, 43, 121, 42, 56, 190, 55, 64, 182, 163,
       19, 236, 16, 19, 88, 179, 119, 175, 214, 20, 103, 194, 64, 135,
       59, 163, 239, 68, 17, 252, 153, 236, 198, 95, 53, 176, 221, 162,
       8, 158, 149, 137, 130, 66, 125, 246, 124, 69, 247, 46, 24, 148,
       117, 71, 156, 218, 204, 2, 191, 185, 179, 178, 192, 191, 215, 62,
       69, 88, 183, 181, 175, 82, 0, 183, 91, 19, 149, 146, 216, 186,
       115, 237, 6, 62, 232, 132, 80, 167, 251, 222, 160, 244, 241, 139,
       249, 248, 194, 239, 51, 167, 154, 141, 171, 92, 251, 107, 151,
       251, 152, 62, 77, 159, 208, 223, 251, 219, 125, 167, 196, 207,
       130, 109, 177, 21, 147, 221, 237, 193, 139, 142, 113, 173, 28,
       150, 241, 72, 188, 129, 10, 106, 24, 19, 104, 251, 149, 141, 156,
       17, 126, 218, 73, 195, 178, 112, 73, 22, 172, 12, 10, 67, 96, 165,
       128, 226, 10, 67, 19, 33, 87, 232, 228, 108, 226, 72, 163, 1, 140,
       145, 226, 192, 18, 33, 171, 116, 32, 206, 173, 146, 136, 233, 117,
       190, 235, 234, 158, 57, 17, 140, 170, 115, 135, 201, 107, 219,
       139, 86, 75, 154, 240, 189, 16, 207, 47, 146, 118, 175, 135, 227,
       27, 83, 140, 96, 6, 47, 112, 25, 206, 242, 237, 114, 172, 167,
       117, 222, 236, 38, 102, 205, 179, 180, 206, 52, 58, 224, 138, 93,
       191, 98, 253, 26, 237, 37, 203, 153, 221, 75, 174, 175, 77, 156,
       2, 238, 87, 16, 132, 33, 235, 221, 217, 74, 9, 41, 255, 185, 84,
       143, 243, 51, 23, 21, 110, 198, 188, 214, 190, 235, 253, 62, 238,
       191, 191, 176, 153, 236, 254, 77, 223, 151, 247, 255, 147, 54, 75,
       218, 255, 191, 246, 95, 251, 148, 117, 143, 31, 84, 207, 71, 207,
       178, 66, 110, 252, 37, 128, 218, 226, 121, 103, 176, 245, 118,
       245, 14, 234, 201, 153, 13, 237, 180, 172, 175, 128, 39, 162, 32,
       41, 14, 225, 150, 138, 237, 217, 60, 207, 143, 222, 88, 1, 140,
       194, 107, 143, 167, 11, 131, 86, 86, 114, 154, 208, 173, 16, 79,
       47, 18, 94, 141, 207, 213, 219, 71, 175, 54, 2, 111, 188, 36, 196,
       210, 230, 113, 67, 153, 81, 126, 228, 61, 238, 233, 144, 93, 109,
       244, 170, 239, 132, 45, 179, 112, 113, 116, 34, 216, 96, 26, 109,
       81, 89, 98, 173, 173, 8, 19, 49, 64, 24, 16, 220, 68, 24, 24, 34,
       248, 16, 219, 141, 33, 125, 224, 138, 198, 34, 31, 149, 3, 193,
       149, 246, 78, 247, 53, 139, 222, 82, 73, 215, 160, 228, 117, 190,
       156, 184, 121, 153, 49, 206, 187, 255, 135, 199, 170, 212, 168,
       52, 160, 40, 154, 122, 105, 233, 144, 67, 218, 15, 224, 57, 166,
       217, 96, 89, 201, 58, 162, 0, 42, 111, 202, 51, 193, 149, 112, 59,
       208, 72, 78, 139, 198, 220, 148, 151, 237, 224, 190, 239, 190,
       183, 219, 19, 236, 254, 74, 207, 241, 255, 251, 147, 118, 92, 219,
       243, 189, 54, 223, 167, 134, 125, 165, 206, 0, 134, 56, 249, 60,
       141, 1, 191, 94, 61, 92, 56, 183, 145, 202, 32, 133, 26, 38, 8,
       66, 56, 99, 23, 237, 159, 52, 124, 16, 136, 133, 233, 32, 228, 57,
       249, 252, 237, 241, 175, 94, 57, 60, 24, 182, 19, 72, 48, 137, 26,
       82, 24, 51, 122, 123, 23, 237, 158, 21, 124, 208, 24, 199, 170,
       216, 165, 30, 250, 153, 233, 85, 231, 182, 23, 173, 17, 183, 247,
       72, 83, 225, 179, 105, 129, 122, 79, 202, 51, 249, 227, 30, 121,
       176, 80, 167, 42, 100, 32, 209, 69, 72, 106, 224, 72, 107, 179,
       161, 8, 214, 62, 77, 58, 187, 213, 104, 242, 25, 118, 233, 64,
       157, 144, 69, 53, 193, 113, 70, 226, 244, 32, 215, 84, 72, 104,
       105, 2, 232, 182, 163, 24, 71, 167, 69, 27, 43, 213, 104, 146, 40,
       103, 231, 64, 149, 162, 83, 57, 225, 113, 71, 96, 200, 112, 29,
       97, 32, 78, 113, 16, 232, 24, 36, 8, 158, 19, 0, 51, 132, 20, 108,
       104, 65, 68, 176, 0, 199, 249, 96, 4, 64, 128, 70, 35, 89, 205,
       29, 110, 20, 207, 71, 187, 229, 0, 174, 0, 119, 113, 1, 112, 48,
       242, 92, 104, 105, 169, 121, 63, 243, 239, 36, 16, 98, 146, 96,
