%YAML:1.0
---
descriptors: !!opencv-matrix
   rows: 223
   cols: 32
   dt: u
   data: [ 40, 176, 48, 112, 237, 253, 81, 95, 203, 125, 180, 60, 10,
       157, 70, 190, 137, 26, 236, 16, 159, 111, 242, 145, 219, 217, 21,
       127, 210, 12, 206, 95, 131, 166, 149, 155, 252, 169, 168, 143, 30,
       49, 16, 253, 189, 162, 200, 129, 207, 27, 107, 21, 51, 92, 75,
       211, 12, 20, 62, 236, 156, 200, 129, 185, 188, 76, 126, 254, 76,
       167, 210, 112, 212, 134, 241, 19, 115, 201, 49, 73, 216, 184, 7,
       99, 104, 167, 90, 175, 211, 235, 226, 9, 125, 251, 124, 130, 10,
       16, 123, 225, 116, 200, 249, 81, 45, 93, 183, 51, 141, 31, 62, 73,
       238, 145, 223, 177, 2, 55, 96, 212, 215, 217, 186, 197, 118, 8,
       101, 243, 209, 65, 103, 206, 15, 18, 78, 160, 229, 130, 179, 2,
       75, 72, 60, 119, 104, 196, 108, 239, 108, 231, 93, 237, 179, 234,
       199, 16, 103, 186, 240, 4, 102, 160, 245, 241, 238, 45, 216, 139,
       123, 179, 177, 249, 142, 61, 93, 58, 167, 215, 125, 21, 146, 112,
       219, 208, 159, 90, 93, 246, 197, 229, 67, 7, 223, 96, 244, 101,
       39, 26, 124, 48, 105, 178, 183, 153, 207, 63, 213, 123, 166, 213,
       253, 239, 236, 212, 165, 192, 215, 251, 215, 135, 38, 245, 67, 71,
       97, 113, 57, 77, 53, 14, 99, 24, 104, 104, 119, 76, 214, 81, 25,
       48, 144, 12, 84, 110, 193, 176, 241, 12, 199, 189, 33, 20, 72, 42,
       83, 97, 217, 77, 75, 229, 148, 2, 111, 247, 117, 130, 238, 2, 115,
       35, 177, 113, 122, 230, 58, 238, 233, 190, 21, 174, 244, 175, 198,
       0, 109, 248, 240, 40, 186, 176, 189, 88, 137, 125, 17, 223, 59,
       95, 164, 24, 14, 183, 108, 31, 157, 27, 225, 16, 58, 111, 243,
       211, 219, 223, 80, 127, 210, 68, 166, 123, 20, 161, 29, 59, 154,
       173, 49, 155, 54, 53, 73, 17, 149, 211, 72, 64, 49, 26, 106, 24,
       18, 24, 75, 51, 205, 229, 51, 68, 176, 129, 133, 162, 198, 164,
       213, 158, 172, 32, 174, 174, 154, 178, 24, 210, 237, 234, 252, 66,
       23, 79, 121, 155, 34, 77, 143, 243, 172, 22, 255, 252, 156, 113,
       129, 40, 69, 143, 133, 147, 214, 168, 38, 134, 62, 147, 74, 210,
       229, 98, 201, 74, 115, 234, 42, 218, 51, 88, 143, 99, 172, 166,
       119, 68, 168, 115, 161, 0, 122, 184, 239, 21, 143, 249, 145, 71,
       155, 247, 142, 159, 42, 188, 86, 142, 201, 179, 249, 145, 158,
       111, 246, 163, 31, 87, 220, 123, 231, 76, 214, 126, 108, 212, 156,
       127, 189, 109, 87, 172, 206, 27, 172, 8, 242, 113, 8, 114, 209,
       66, 104, 96, 27, 98, 219, 53, 237, 255, 85, 123, 216, 91, 214, 34,
       166, 141, 22, 254, 252, 171, 214, 239, 223, 3, 249, 88, 198, 248,
       44, 65, 219, 123, 111, 35, 48, 107, 10, 255, 168, 190, 5, 62, 212,
       249, 225, 137, 252, 120, 190, 240, 9, 125, 80, 200, 187, 178, 164,
       24, 14, 153, 71, 59, 169, 213, 232, 82, 44, 103, 218, 128, 219,
       217, 85, 63, 227, 121, 78, 2, 24, 143, 30, 249, 52, 131, 3, 183,
       84, 9, 78, 98, 245, 35, 160, 64, 80, 50, 14, 56, 50, 152, 65, 61,
       236, 231, 174, 192, 24, 8, 185, 41, 122, 249, 122, 108, 93, 221,
       214, 103, 75, 37, 252, 11, 42, 157, 22, 20, 248, 187, 215, 1, 206,
       59, 244, 239, 243, 221, 20, 59, 103, 30, 254, 206, 81, 77, 90,
       229, 212, 10, 110, 231, 117, 130, 126, 2, 115, 35, 177, 112, 122,
       230, 46, 234, 104, 184, 5, 238, 244, 175, 230, 0, 101, 240, 232,
       40, 1, 174, 189, 241, 236, 233, 185, 151, 158, 123, 48, 124, 188,
       173, 208, 42, 135, 43, 127, 29, 179, 120, 234, 243, 76, 223, 127,
       232, 220, 200, 129, 249, 73, 208, 183, 191, 37, 6, 109, 53, 249,
       78, 82, 69, 253, 211, 178, 95, 118, 100, 61, 140, 225, 221, 179,
       237, 228, 250, 254, 128, 42, 182, 241, 89, 244, 98, 190, 112, 77,
       45, 80, 220, 243, 190, 164, 24, 26, 217, 69, 27, 137, 244, 103,
       90, 40, 103, 138, 0, 211, 219, 85, 63, 195, 249, 70, 130, 13, 177,
       24, 195, 253, 125, 241, 217, 95, 125, 53, 94, 222, 89, 218, 172,
       191, 139, 222, 56, 151, 112, 251, 212, 223, 221, 35, 247, 222, 15,
       217, 215, 120, 221, 190, 250, 187, 237, 85, 223, 167, 21, 172, 9,
       63, 255, 98, 90, 227, 243, 253, 16, 26, 75, 186, 49, 251, 239, 84,
       123, 242, 80, 166, 202, 136, 140, 57, 121, 48, 207, 67, 158, 54,
       15, 102, 48, 183, 23, 160, 112, 85, 26, 61, 8, 106, 156, 97, 63,
       235, 175, 48, 80, 18, 128, 196, 43, 124, 93, 55, 236, 29, 198, 86,
       48, 197, 200, 171, 72, 94, 253, 33, 243, 208, 244, 253, 98, 105,
       163, 88, 140, 179, 249, 65, 26, 90, 59, 100, 51, 197, 239, 197,
       151, 214, 168, 102, 174, 182, 147, 74, 214, 241, 226, 233, 66,
       115, 110, 42, 190, 115, 88, 143, 127, 172, 166, 167, 108, 184,
       243, 161, 32, 213, 239, 148, 234, 188, 15, 118, 248, 191, 186,
       184, 104, 223, 242, 201, 179, 221, 193, 78, 106, 235, 99, 203,
       255, 184, 222, 111, 190, 88, 123, 139, 1, 164, 143, 86, 222, 252,
       171, 134, 239, 222, 178, 248, 88, 230, 232, 44, 65, 211, 107, 106,
       43, 48, 111, 10, 255, 40, 190, 87, 124, 212, 121, 193, 161, 37,
       170, 193, 169, 236, 45, 74, 200, 3, 121, 49, 221, 2, 10, 85, 152,
       205, 200, 134, 246, 31, 98, 72, 144, 14, 212, 161, 252, 217, 175,
       74, 209, 126, 234, 237, 190, 44, 1, 79, 188, 23, 254, 148, 239,
       225, 207, 219, 66, 93, 199, 255, 231, 206, 67, 239, 189, 254, 119,
       239, 189, 55, 191, 52, 89, 236, 164, 245, 127, 237, 45, 64, 155,
       83, 187, 177, 24, 211, 121, 88, 11, 153, 70, 127, 24, 58, 102,
       219, 147, 15, 219, 245, 124, 243, 232, 208, 130, 54, 190, 163,
       190, 234, 175, 158, 238, 55, 171, 248, 249, 118, 255, 168, 25,
       253, 255, 247, 23, 250, 223, 203, 255, 191, 86, 125, 250, 209,
       252, 166, 219, 75, 48, 244, 116, 43, 124, 120, 18, 169, 223, 54,
       189, 159, 63, 198, 127, 135, 21, 253, 20, 133, 76, 163, 192, 199,
       251, 112, 139, 130, 196, 7, 127, 98, 178, 177, 112, 233, 253, 144,
       87, 235, 253, 52, 61, 142, 157, 70, 62, 133, 27, 253, 17, 150,
       111, 242, 208, 75, 217, 16, 251, 194, 12, 198, 95, 240, 66, 78,
       30, 78, 10, 167, 232, 244, 182, 243, 26, 82, 64, 189, 75, 104,
       228, 106, 106, 104, 231, 207, 40, 112, 34, 231, 29, 97, 57, 112,
       32, 56, 236, 234, 237, 69, 80, 109, 103, 113, 7, 108, 18, 43, 187,
       18, 212, 105, 142, 129, 128, 72, 190, 240, 195, 119, 237, 146, 1,
       35, 64, 254, 202, 131, 86, 167, 209, 84, 39, 237, 95, 86, 234, 82,
       86, 48, 20, 181, 109, 125, 40, 18, 189, 161, 244, 53, 222, 45, 14,
       159, 132, 157, 120, 113, 252, 109, 79, 121, 103, 52, 14, 111, 184,
       104, 168, 126, 108, 211, 97, 145, 51, 18, 228, 76, 110, 233, 176,
       237, 44, 230, 249, 37, 128, 106, 179, 66, 41, 47, 99, 72, 133,
       118, 2, 106, 120, 48, 232, 87, 231, 81, 3, 155, 16, 126, 204, 23,
       238, 204, 146, 205, 204, 102, 41, 171, 132, 47, 183, 122, 209,
       196, 120, 157, 240, 9, 77, 81, 154, 187, 187, 160, 24, 158, 151,
       65, 59, 129, 21, 121, 16, 35, 71, 210, 64, 221, 211, 95, 62, 192,
       113, 7, 51, 118, 162, 253, 86, 42, 104, 8, 136, 170, 189, 171,
       248, 195, 103, 204, 95, 39, 213, 237, 178, 24, 67, 235, 65, 155,
       178, 117, 253, 128, 227, 7, 113, 34, 40, 115, 92, 117, 217, 240,
       64, 123, 160, 240, 40, 170, 220, 149, 180, 154, 185, 215, 81, 14,
       186, 226, 251, 23, 124, 1, 59, 71, 12, 86, 174, 125, 126, 246, 69,
       45, 127, 87, 24, 225, 238, 175, 12, 202, 112, 135, 191, 8, 228,
       236, 110, 205, 229, 255, 8, 211, 251, 65, 55, 107, 255, 94, 87,
       204, 106, 156, 53, 44, 47, 64, 154, 254, 186, 178, 125, 215, 33,
       193, 27, 133, 68, 108, 126, 168, 228, 203, 34, 204, 251, 117, 148,
       200, 241, 74, 1, 253, 127, 201, 103, 100, 15, 71, 184, 81, 226,
       183, 206, 83, 65, 217, 55, 30, 236, 68, 110, 233, 246, 253, 10,
       118, 201, 101, 52, 111, 251, 82, 48, 160, 161, 120, 224, 244, 201,
       83, 221, 19, 45, 124, 40, 22, 149, 104, 16, 24, 154, 7, 88, 26,
       58, 232, 23, 127, 141, 37, 109, 240, 138, 198, 234, 66, 189, 184,
