%YAML:1.0
---
descriptors: !!opencv-matrix
   rows: 361
   cols: 32
   dt: u
   data: [ 88, 25, 251, 238, 14, 124, 83, 156, 37, 65, 222, 2, 119, 119,
       161, 98, 112, 214, 60, 202, 9, 49, 251, 169, 211, 229, 226, 9,
       176, 251, 52, 106, 255, 88, 214, 236, 47, 22, 92, 112, 41, 58,
       246, 26, 30, 26, 7, 255, 238, 213, 125, 226, 77, 215, 209, 192,
       147, 250, 202, 146, 43, 49, 235, 7, 174, 126, 230, 146, 111, 121,
       178, 194, 159, 190, 180, 191, 108, 236, 239, 143, 237, 241, 195,
       179, 36, 119, 234, 234, 20, 86, 207, 171, 199, 125, 47, 215, 121,
       57, 211, 207, 86, 38, 107, 220, 49, 129, 126, 198, 57, 247, 133,
       116, 118, 238, 21, 252, 131, 146, 176, 232, 86, 172, 162, 128,
       175, 243, 98, 184, 91, 34, 82, 236, 62, 177, 90, 88, 239, 132,
       157, 194, 109, 194, 179, 244, 118, 169, 31, 238, 132, 1, 166, 221,
       146, 237, 171, 184, 54, 163, 41, 5, 93, 217, 219, 191, 218, 2,
       239, 208, 60, 73, 243, 102, 253, 99, 169, 248, 126, 197, 95, 218,
       91, 211, 253, 233, 252, 231, 175, 136, 137, 179, 35, 177, 5, 164,
       209, 249, 21, 195, 193, 233, 23, 144, 80, 2, 183, 243, 105, 165,
       91, 40, 2, 56, 107, 120, 88, 157, 173, 156, 135, 108, 182, 168,
       48, 168, 22, 253, 22, 154, 155, 246, 150, 239, 191, 211, 225, 2,
       92, 246, 46, 253, 251, 251, 218, 242, 55, 75, 154, 253, 185, 182,
       95, 127, 154, 87, 175, 151, 60, 233, 80, 96, 115, 159, 94, 220,
       39, 32, 60, 40, 31, 151, 201, 20, 62, 216, 198, 122, 74, 48, 8,
       189, 247, 221, 5, 39, 115, 211, 66, 163, 1, 60, 63, 117, 116, 239,
       226, 54, 124, 104, 122, 96, 183, 48, 145, 48, 130, 110, 70, 8,
       165, 184, 97, 63, 109, 191, 48, 0, 72, 136, 67, 189, 1, 190, 59,
       95, 112, 236, 113, 55, 252, 9, 122, 80, 190, 183, 36, 240, 167,
       59, 6, 8, 163, 156, 50, 127, 47, 191, 50, 0, 192, 0, 231, 249, 47,
       238, 234, 190, 221, 63, 191, 238, 223, 166, 216, 143, 106, 232,
       55, 8, 253, 239, 239, 215, 252, 123, 207, 250, 124, 62, 223, 191,
       213, 127, 251, 206, 125, 165, 152, 224, 216, 79, 91, 25, 2, 160,
       173, 8, 23, 211, 75, 48, 17, 220, 84, 56, 27, 74, 248, 10, 251,
       205, 37, 125, 160, 162, 74, 34, 124, 43, 251, 230, 214, 38, 107,
       80, 97, 132, 239, 194, 83, 167, 65, 112, 126, 252, 4, 250, 9, 146,
       177, 42, 219, 173, 161, 0, 165, 227, 118, 32, 244, 75, 109, 236,
       138, 66, 79, 184, 1, 180, 134, 170, 83, 103, 137, 83, 94, 212,
       125, 234, 104, 67, 233, 28, 251, 171, 229, 156, 53, 179, 100, 112,
       189, 93, 107, 78, 246, 23, 207, 244, 212, 196, 253, 6, 83, 221,
       191, 105, 94, 232, 22, 110, 249, 179, 60, 174, 115, 233, 164, 8,
       127, 251, 240, 240, 118, 97, 202, 164, 84, 42, 234, 200, 41, 128,
       250, 74, 123, 235, 29, 16, 122, 205, 95, 251, 8, 163, 193, 232,
       176, 172, 174, 136, 229, 251, 114, 160, 3, 157, 16, 154, 217, 181,
       152, 231, 255, 89, 232, 81, 172, 250, 36, 244, 197, 59, 154, 129,
       119, 11, 90, 247, 185, 52, 154, 123, 26, 4, 171, 142, 177, 30,
       237, 87, 54, 107, 235, 63, 86, 235, 246, 246, 243, 45, 148, 109,
       125, 238, 62, 172, 185, 252, 109, 47, 126, 174, 245, 208, 237,
       232, 240, 121, 0, 155, 189, 147, 235, 217, 180, 167, 222, 121, 27,
       50, 236, 188, 76, 234, 167, 19, 234, 17, 151, 248, 47, 241, 15,
       83, 94, 103, 212, 72, 141, 143, 9, 179, 213, 221, 182, 187, 160,
       159, 94, 161, 82, 246, 236, 224, 132, 236, 55, 126, 170, 16, 179,
       248, 47, 223, 12, 38, 127, 230, 150, 236, 133, 37, 59, 4, 239,
       205, 23, 83, 203, 104, 87, 227, 215, 147, 113, 124, 54, 109, 121,
       204, 51, 173, 173, 246, 125, 159, 123, 111, 223, 21, 119, 172,
       124, 214, 57, 3, 253, 77, 84, 15, 225, 89, 86, 228, 246, 70, 83,
       41, 146, 64, 120, 204, 38, 108, 136, 240, 117, 28, 86, 175, 97,
       68, 103, 170, 112, 240, 107, 150, 121, 104, 44, 157, 241, 83, 237,
       90, 180, 252, 158, 157, 212, 58, 143, 17, 223, 5, 163, 45, 226,
       209, 214, 217, 114, 254, 222, 140, 67, 251, 13, 253, 228, 243,
       215, 180, 254, 182, 114, 249, 30, 86, 121, 127, 220, 224, 55, 86,
       189, 218, 179, 248, 253, 255, 111, 207, 183, 192, 175, 215, 249,
       27, 161, 240, 251, 80, 244, 29, 119, 223, 123, 73, 180, 92, 26,
       217, 220, 48, 159, 136, 86, 120, 251, 111, 242, 67, 127, 221, 53,
       126, 74, 136, 194, 43, 156, 180, 139, 229, 150, 67, 79, 253, 22,
       226, 202, 226, 83, 119, 128, 160, 121, 220, 61, 170, 105, 218,
       249, 14, 249, 199, 173, 180, 165, 250, 20, 248, 161, 248, 155,
       218, 121, 141, 147, 222, 158, 9, 68, 104, 182, 214, 33, 228, 213,
       123, 2, 64, 35, 46, 90, 63, 129, 150, 59, 58, 24, 9, 9, 187, 113,
       248, 94, 223, 40, 159, 104, 240, 55, 48, 231, 96, 115, 147, 128,
       125, 116, 252, 126, 202, 137, 222, 233, 61, 159, 251, 209, 66, 34,
       137, 104, 45, 226, 234, 171, 58, 121, 197, 177, 238, 186, 221, 0,
       185, 164, 206, 102, 16, 133, 123, 235, 85, 102, 79, 234, 119, 77,
       21, 31, 123, 16, 20, 135, 223, 185, 233, 9, 190, 188, 209, 74,
       181, 87, 200, 212, 0, 51, 209, 210, 33, 72, 234, 52, 220, 127,
       218, 234, 61, 234, 249, 165, 232, 62, 136, 248, 90, 112, 193, 87,
       143, 206, 11, 110, 237, 77, 34, 243, 234, 83, 10, 181, 80, 120,
       133, 110, 227, 200, 183, 77, 220, 180, 170, 231, 20, 53, 58, 240,
       8, 21, 66, 106, 229, 6, 14, 107, 24, 100, 166, 119, 198, 83, 3,
       147, 72, 126, 196, 6, 238, 200, 180, 21, 200, 84, 169, 227, 4,
       109, 187, 112, 32, 62, 238, 232, 40, 189, 25, 220, 206, 211, 247,
       180, 191, 11, 136, 86, 146, 201, 201, 197, 149, 206, 111, 198,
       147, 250, 93, 149, 255, 247, 156, 222, 206, 189, 87, 127, 109,
       244, 87, 95, 121, 85, 70, 127, 166, 83, 125, 187, 224, 126, 252,
       151, 238, 233, 178, 52, 142, 114, 239, 225, 133, 127, 251, 124,
       243, 237, 101, 25, 237, 184, 47, 71, 56, 18, 170, 173, 88, 215,
       115, 73, 49, 149, 92, 124, 110, 41, 116, 217, 30, 237, 223, 37,
       52, 208, 251, 194, 34, 185, 238, 72, 203, 28, 147, 206, 220, 87,
       2, 212, 230, 227, 193, 176, 228, 91, 202, 22, 238, 235, 190, 111,
       191, 162, 207, 183, 188, 127, 158, 248, 172, 177, 167, 233, 165,
       180, 47, 207, 63, 84, 234, 186, 95, 211, 105, 145, 33, 61, 238,
       93, 45, 248, 248, 197, 14, 232, 175, 165, 180, 237, 232, 82, 161,
       148, 245, 170, 170, 158, 67, 95, 200, 22, 150, 140, 163, 87, 223,
       107, 0, 59, 217, 29, 243, 122, 69, 27, 58, 249, 197, 173, 61, 53,
       251, 180, 82, 96, 63, 225, 101, 240, 14, 109, 55, 48, 174, 126,
       236, 179, 39, 193, 54, 6, 254, 124, 168, 249, 216, 225, 10, 237,
       254, 245, 144, 192, 240, 198, 121, 189, 180, 253, 106, 232, 111,
       87, 216, 118, 59, 189, 24, 91, 127, 9, 57, 191, 208, 86, 122, 58,
       103, 121, 50, 251, 207, 101, 29, 241, 251, 194, 227, 10, 141, 120,
       253, 54, 152, 249, 55, 125, 5, 94, 2, 185, 89, 148, 36, 6, 59, 21,
       137, 242, 184, 36, 159, 111, 253, 160, 195, 119, 128, 85, 43, 37,
       239, 237, 69, 244, 42, 239, 184, 82, 242, 118, 238, 83, 41, 221,
       59, 31, 204, 54, 126, 169, 240, 237, 62, 108, 47, 229, 164, 237,
       251, 82, 225, 93, 106, 81, 102, 106, 18, 78, 248, 33, 168, 250,
       238, 89, 102, 149, 180, 62, 213, 124, 238, 201, 147, 237, 44, 48,
       239, 231, 180, 47, 179, 34, 53, 33, 93, 121, 101, 116, 78, 109,
       55, 121, 232, 126, 72, 179, 55, 145, 48, 132, 60, 86, 76, 225,
       184, 113, 110, 103, 253, 36, 128, 66, 176, 66, 169, 249, 211, 87,
       140, 76, 94, 238, 253, 253, 194, 246, 254, 235, 102, 182, 247,
       126, 196, 238, 238, 237, 39, 239, 223, 182, 123, 207, 30, 27, 188,
       105, 93, 1, 187, 203, 27, 242, 137, 169, 151, 54, 121, 118, 247,
       177, 167, 210, 76, 127, 46, 55, 156, 147, 216, 199, 81, 76, 42,
       190, 192, 173, 128, 169, 217, 184, 65, 239, 77, 84, 79, 225, 120,
       86, 228, 246, 18, 83, 13, 148, 96, 120, 204, 38, 108, 233, 246,
       109, 30, 87, 171, 97, 68, 119, 168, 84, 240, 169, 93, 74, 97, 212,
