%YAML:1.0
---
descriptors: !!opencv-matrix
   rows: 159
   cols: 32
   dt: u
   data: [ 118, 112, 121, 224, 78, 89, 250, 88, 105, 228, 177, 207, 195,
       14, 94, 29, 122, 129, 95, 231, 204, 99, 253, 200, 151, 152, 203,
       191, 101, 187, 118, 214, 89, 180, 252, 113, 187, 254, 57, 23, 126,
       115, 78, 144, 157, 55, 146, 120, 39, 62, 253, 28, 182, 216, 245,
       23, 239, 239, 51, 197, 166, 196, 135, 113, 242, 64, 199, 246, 76,
       2, 76, 164, 169, 146, 178, 82, 123, 99, 5, 91, 106, 229, 125, 234,
       104, 199, 193, 232, 179, 234, 198, 16, 37, 176, 98, 10, 38, 165,
       112, 139, 253, 109, 176, 41, 79, 53, 57, 27, 206, 120, 92, 128,
       155, 27, 223, 17, 22, 104, 91, 213, 13, 24, 31, 127, 212, 12, 223,
       131, 230, 60, 186, 90, 233, 237, 149, 203, 154, 31, 177, 57, 150,
       252, 109, 27, 205, 123, 235, 17, 50, 103, 250, 51, 89, 18, 93,
       127, 208, 89, 134, 211, 196, 205, 135, 147, 212, 168, 38, 134, 62,
       19, 75, 82, 228, 98, 72, 74, 97, 78, 42, 218, 50, 216, 139, 227,
       172, 38, 222, 64, 128, 81, 161, 8, 189, 231, 100, 239, 188, 7,
       206, 184, 87, 176, 213, 74, 227, 105, 221, 3, 88, 204, 125, 251,
       234, 114, 207, 189, 238, 251, 229, 252, 119, 187, 80, 128, 33,
       110, 70, 69, 52, 27, 239, 166, 108, 164, 110, 130, 203, 32, 151,
       164, 59, 100, 66, 44, 69, 184, 101, 204, 36, 30, 199, 4, 103, 190,
       91, 172, 69, 49, 27, 65, 179, 14, 51, 56, 104, 232, 103, 100, 222,
       51, 9, 113, 182, 85, 92, 106, 145, 176, 177, 76, 229, 191, 35, 70,
       200, 51, 67, 51, 79, 112, 252, 101, 34, 94, 121, 24, 41, 222, 55,
       173, 223, 55, 203, 123, 38, 213, 253, 174, 197, 208, 245, 192,
       198, 251, 117, 133, 166, 246, 15, 115, 166, 176, 241, 241, 238,
       45, 248, 11, 123, 179, 49, 249, 143, 29, 92, 59, 175, 157, 93, 23,
       182, 116, 201, 208, 143, 218, 93, 246, 198, 205, 195, 7, 70, 4,
       188, 149, 169, 110, 181, 15, 254, 183, 10, 17, 204, 62, 78, 75,
       131, 87, 123, 17, 54, 200, 195, 194, 13, 54, 95, 71, 128, 96, 133,
       70, 128, 178, 149, 187, 252, 169, 168, 143, 30, 49, 80, 240, 180,
       131, 200, 72, 207, 27, 43, 17, 51, 76, 67, 213, 12, 22, 126, 236,
       156, 72, 129, 185, 207, 253, 109, 247, 62, 220, 123, 184, 226,
       252, 29, 167, 253, 95, 155, 35, 38, 113, 253, 239, 193, 80, 255,
       253, 111, 203, 235, 224, 38, 167, 21, 121, 182, 101, 87, 73, 83,
       82, 171, 232, 53, 128, 234, 146, 72, 6, 133, 245, 122, 221, 130,
       250, 43, 151, 45, 222, 55, 168, 131, 7, 99, 51, 102, 164, 111,
       144, 251, 248, 253, 62, 216, 123, 219, 219, 53, 56, 220, 255, 188,
       61, 151, 81, 213, 49, 177, 99, 58, 222, 219, 223, 127, 254, 150,
       237, 131, 115, 250, 56, 236, 117, 139, 125, 145, 87, 145, 255,
       150, 191, 42, 60, 71, 47, 237, 183, 253, 129, 188, 239, 243, 130,
       83, 123, 216, 179, 235, 124, 30, 95, 3, 127, 123, 225, 50, 158,
       62, 118, 61, 72, 94, 228, 189, 159, 165, 112, 182, 61, 159, 198,
       193, 152, 48, 238, 230, 253, 42, 130, 12, 144, 33, 249, 120, 169,
       114, 106, 249, 221, 82, 212, 235, 12, 252, 9, 42, 223, 70, 148,
       170, 184, 205, 90, 14, 43, 154, 241, 243, 220, 0, 123, 98, 143,
       206, 14, 1, 13, 246, 197, 180, 138, 111, 50, 125, 130, 126, 66,
       253, 51, 177, 116, 118, 124, 62, 234, 241, 249, 5, 238, 228, 174,
       230, 0, 38, 242, 97, 168, 34, 189, 17, 138, 222, 197, 182, 239,
       14, 1, 104, 107, 164, 219, 108, 0, 219, 187, 3, 81, 18, 10, 74,
       245, 61, 148, 158, 106, 144, 10, 133, 139, 133, 164, 221, 241,
       236, 41, 233, 11, 254, 179, 49, 88, 159, 232, 216, 43, 171, 15,
       110, 24, 51, 116, 207, 210, 204, 146, 119, 116, 204, 201, 131,
       160, 201, 152, 156, 190, 41, 205, 21, 162, 142, 91, 160, 25, 190,
       243, 3, 91, 129, 115, 232, 2, 103, 77, 218, 49, 193, 243, 80, 59,
       24, 88, 1, 11, 77, 49, 153, 229, 224, 46, 104, 25, 58, 179, 99,
       80, 221, 115, 73, 250, 183, 95, 124, 60, 17, 208, 153, 64, 207,
       237, 119, 100, 136, 225, 131, 129, 6, 165, 112, 131, 255, 109,
       240, 201, 127, 53, 185, 27, 206, 120, 92, 136, 187, 155, 207, 49,
       54, 114, 219, 214, 157, 20, 11, 119, 197, 79, 223, 134, 9, 189,
       25, 123, 49, 141, 118, 190, 126, 41, 56, 76, 191, 57, 1, 160, 133,
       91, 92, 72, 227, 56, 89, 63, 239, 223, 52, 112, 90, 153, 65, 171,
       24, 157, 57, 251, 176, 239, 83, 151, 22, 13, 238, 16, 183, 87, 32,
       112, 213, 58, 29, 24, 58, 136, 113, 63, 235, 239, 52, 80, 146,
       136, 196, 107, 61, 93, 23, 238, 61, 207, 86, 48, 197, 200, 235,
       68, 255, 253, 33, 240, 212, 114, 92, 106, 201, 163, 88, 191, 227,
       255, 33, 26, 122, 59, 64, 51, 121, 187, 152, 39, 49, 141, 90, 253,
       59, 169, 251, 77, 255, 251, 74, 144, 180, 207, 109, 20, 158, 122,
       217, 49, 255, 223, 53, 48, 202, 130, 202, 27, 25, 75, 70, 69, 52,
       219, 233, 103, 125, 197, 126, 132, 171, 32, 182, 164, 58, 38, 106,
       12, 68, 184, 37, 206, 166, 255, 2, 1, 79, 140, 249, 108, 125, 125,
       145, 236, 169, 15, 94, 248, 63, 170, 184, 76, 223, 123, 9, 177,
       157, 223, 125, 98, 105, 99, 219, 190, 243, 223, 101, 190, 88, 123,
       2, 3, 194, 172, 146, 156, 254, 161, 188, 239, 158, 179, 16, 210,
       252, 235, 80, 66, 135, 111, 123, 153, 50, 79, 143, 255, 172, 22,
       159, 232, 132, 80, 177, 40, 215, 134, 213, 246, 246, 35, 236, 107,
       26, 179, 123, 250, 93, 106, 156, 11, 63, 207, 54, 173, 49, 246,
       13, 222, 60, 46, 111, 228, 237, 234, 227, 129, 134, 140, 151, 254,
       252, 171, 158, 239, 223, 147, 112, 88, 238, 234, 36, 205, 215,
       123, 110, 33, 50, 111, 10, 255, 168, 190, 87, 126, 212, 248, 129,
       141, 199, 167, 151, 216, 252, 168, 169, 219, 255, 25, 48, 112,
       156, 243, 236, 255, 135, 27, 127, 24, 179, 77, 138, 209, 140, 186,
       127, 238, 158, 192, 161, 165, 92, 185, 154, 224, 137, 141, 90,
       210, 167, 121, 190, 79, 31, 159, 97, 80, 237, 213, 253, 208, 15,
       11, 155, 241, 219, 253, 167, 255, 170, 3, 43, 27, 242, 199, 103,
       172, 157, 66, 70, 109, 229, 4, 178, 3, 99, 104, 52, 215, 248, 228,
       236, 227, 108, 163, 5, 141, 179, 226, 195, 19, 49, 62, 116, 14,
       178, 190, 175, 184, 203, 237, 52, 247, 191, 91, 240, 255, 46, 190,
       38, 25, 237, 251, 247, 5, 190, 255, 66, 243, 63, 18, 124, 203,
       193, 92, 182, 223, 0, 143, 158, 252, 21, 132, 110, 54, 244, 0,
       238, 66, 161, 163, 48, 64, 104, 234, 42, 200, 72, 187, 2, 239,
       225, 255, 210, 0, 0, 160, 104, 136, 116, 64, 151, 132, 77, 74,
       225, 64, 41, 166, 227, 10, 198, 34, 1, 95, 120, 197, 106, 162, 72,
       243, 209, 200, 149, 162, 202, 20, 65, 42, 119, 34, 114, 33, 245,
       101, 39, 74, 120, 0, 105, 176, 179, 136, 143, 11, 85, 154, 166,
       149, 125, 217, 8, 240, 213, 192, 151, 248, 130, 166, 103, 160, 67,
       6, 75, 50, 149, 129, 109, 28, 233, 19, 171, 253, 54, 92, 140, 135,
       82, 191, 134, 13, 254, 157, 147, 72, 243, 192, 205, 217, 90, 244,
       138, 132, 11, 245, 67, 178, 237, 81, 248, 25, 184, 155, 127, 121,
       54, 253, 136, 62, 222, 109, 55, 157, 255, 20, 183, 124, 103, 209,
       14, 30, 115, 231, 158, 140, 197, 117, 242, 74, 71, 190, 15, 66,
       76, 40, 241, 150, 178, 11, 98, 10, 21, 83, 104, 229, 108, 227,
       108, 103, 205, 237, 177, 162, 206, 19, 37, 49, 116, 14, 45, 97,
       115, 101, 116, 15, 111, 120, 109, 232, 123, 72, 223, 89, 25, 176,
       152, 76, 86, 110, 205, 176, 121, 28, 231, 221, 33, 36, 66, 187,
       66, 225, 189, 230, 95, 248, 174, 35, 79, 216, 214, 158, 180, 246,
       87, 195, 233, 123, 127, 200, 94, 254, 234, 71, 42, 62, 250, 139,
       231, 252, 181, 241, 224, 225, 232, 188, 61, 245, 96, 239, 121, 55,
       63, 75, 118, 125, 191, 63, 0, 17, 135, 191, 255, 0, 184, 252, 81,
       151, 207, 255, 112, 210, 138, 136, 71, 123, 102, 111, 237, 247,
       172, 106, 207, 159, 146, 255, 159, 169, 211, 109, 217, 75, 93,
       214, 125, 127, 153, 96, 239, 160, 236, 183, 239, 252, 132, 251,
