%YAML:1.0
---
descriptors: !!opencv-matrix
   rows: 275
   cols: 32
   dt: u
   data: [ 101, 112, 249, 64, 204, 31, 230, 89, 74, 234, 53, 78, 82, 88,
       215, 58, 185, 204, 82, 126, 197, 118, 255, 8, 127, 13, 37, 60,
       205, 250, 218, 228, 198, 189, 158, 158, 159, 255, 181, 207, 159,
       247, 140, 25, 236, 254, 111, 207, 219, 255, 234, 17, 51, 79, 250,
       250, 189, 54, 95, 123, 144, 120, 173, 127, 238, 188, 182, 158,
       105, 109, 153, 234, 159, 63, 176, 25, 238, 254, 110, 159, 217,
       155, 251, 129, 62, 111, 218, 243, 153, 182, 95, 127, 210, 108, 47,
       158, 3, 185, 183, 92, 91, 213, 176, 103, 255, 17, 224, 4, 172,
       154, 36, 245, 224, 59, 234, 192, 39, 107, 178, 253, 23, 122, 82,
       43, 90, 4, 171, 142, 121, 81, 247, 78, 84, 70, 111, 220, 113, 66,
       230, 2, 115, 55, 173, 117, 120, 220, 54, 234, 105, 147, 57, 237,
       115, 174, 228, 4, 43, 250, 100, 232, 229, 184, 181, 119, 137, 77,
       69, 187, 251, 251, 161, 24, 214, 247, 72, 186, 129, 86, 120, 24,
       115, 77, 251, 51, 143, 222, 85, 124, 136, 96, 195, 58, 213, 239,
       171, 230, 164, 38, 255, 250, 186, 234, 28, 193, 213, 239, 251, 98,
       183, 111, 61, 111, 245, 65, 170, 42, 234, 207, 239, 188, 140, 243,
       251, 241, 45, 125, 211, 76, 85, 182, 99, 210, 113, 128, 232, 70,
       51, 225, 181, 244, 92, 236, 2, 234, 169, 178, 244, 168, 51, 236,
       128, 0, 75, 249, 98, 172, 218, 142, 221, 245, 178, 34, 25, 47, 55,
       163, 214, 178, 93, 55, 128, 72, 119, 247, 61, 128, 56, 221, 9,
       222, 216, 231, 255, 148, 166, 224, 161, 41, 59, 96, 120, 72, 93,
       221, 82, 200, 195, 84, 228, 8, 42, 218, 39, 180, 216, 168, 206,
       106, 78, 35, 250, 157, 19, 217, 1, 63, 115, 159, 110, 206, 135,
       159, 199, 23, 230, 50, 174, 247, 221, 250, 90, 246, 72, 104, 189,
       167, 63, 231, 134, 231, 245, 249, 45, 238, 60, 46, 111, 132, 237,
       255, 185, 149, 106, 232, 36, 254, 93, 221, 208, 232, 139, 20, 180,
       9, 106, 220, 126, 21, 200, 251, 211, 67, 78, 107, 218, 253, 91,
       88, 25, 59, 87, 15, 94, 206, 89, 189, 228, 243, 149, 214, 250,
       179, 119, 169, 158, 102, 121, 123, 208, 224, 125, 246, 189, 152,
       155, 248, 121, 255, 127, 207, 183, 192, 171, 132, 248, 27, 248,
       248, 60, 120, 40, 205, 81, 85, 179, 63, 164, 25, 23, 151, 66, 25,
       131, 16, 109, 8, 106, 103, 178, 17, 211, 217, 112, 125, 80, 128,
       70, 35, 88, 120, 62, 165, 18, 238, 121, 112, 164, 164, 142, 1,
       223, 151, 99, 80, 166, 181, 125, 225, 8, 193, 177, 28, 209, 225,
       43, 21, 32, 35, 37, 82, 76, 144, 158, 234, 169, 45, 22, 152, 134,
       26, 151, 96, 223, 243, 105, 202, 85, 80, 255, 114, 18, 65, 219, 0,
       203, 227, 101, 221, 154, 251, 40, 3, 43, 248, 181, 222, 77, 221,
       147, 202, 207, 240, 196, 8, 242, 220, 119, 174, 201, 122, 251, 67,
       143, 103, 250, 177, 31, 89, 201, 59, 82, 45, 84, 230, 49, 30, 233,
       119, 182, 43, 235, 23, 84, 235, 86, 246, 243, 53, 148, 100, 127,
       254, 52, 188, 185, 184, 101, 47, 236, 239, 177, 192, 237, 232,
       240, 121, 33, 52, 43, 107, 93, 255, 195, 222, 87, 105, 252, 12,
       210, 248, 29, 48, 216, 174, 82, 45, 137, 178, 120, 31, 119, 221,
       129, 56, 217, 90, 82, 170, 19, 51, 110, 237, 110, 3, 233, 120, 62,
       108, 214, 230, 221, 143, 180, 64, 126, 141, 127, 237, 129, 243,
       231, 221, 214, 41, 171, 128, 61, 136, 49, 177, 168, 94, 120, 123,
       54, 169, 83, 50, 93, 6, 125, 244, 183, 193, 160, 69, 87, 56, 6,
       46, 227, 182, 76, 63, 230, 221, 32, 136, 62, 200, 64, 177, 167,
       121, 237, 36, 106, 75, 79, 184, 139, 224, 176, 237, 247, 198, 235,
       63, 30, 233, 117, 110, 205, 70, 254, 40, 160, 216, 109, 188, 116,
       191, 3, 253, 139, 223, 108, 191, 30, 153, 158, 191, 206, 64, 92,
       239, 239, 72, 178, 1, 30, 35, 223, 205, 198, 40, 78, 189, 238, 65,
       168, 184, 127, 158, 153, 221, 172, 225, 122, 126, 116, 207, 118,
       248, 118, 140, 117, 8, 127, 219, 25, 16, 152, 248, 71, 106, 106,
       182, 10, 63, 247, 205, 33, 41, 98, 187, 110, 163, 0, 153, 188,
       187, 174, 205, 181, 175, 142, 53, 14, 17, 180, 254, 98, 66, 165,
       51, 123, 1, 82, 73, 59, 53, 237, 135, 127, 121, 144, 72, 133, 74,
       131, 97, 6, 141, 13, 183, 168, 78, 207, 224, 203, 70, 196, 216,
       54, 230, 80, 108, 122, 205, 133, 209, 159, 221, 4, 50, 139, 166,
       14, 15, 57, 12, 33, 90, 254, 79, 108, 31, 169, 24, 86, 253, 119,
       230, 80, 9, 150, 108, 126, 76, 50, 76, 129, 248, 237, 125, 70, 43,
       241, 192, 93, 139, 112, 249, 120, 53, 123, 96, 242, 203, 81, 87,
       33, 44, 248, 41, 31, 157, 0, 16, 170, 185, 69, 48, 74, 187, 224,
       15, 243, 205, 32, 121, 97, 8, 198, 75, 212, 134, 222, 252, 178,
       98, 110, 175, 181, 134, 222, 178, 109, 227, 169, 67, 115, 231, 46,
       170, 120, 197, 47, 206, 250, 231, 239, 133, 180, 240, 37, 32, 91,
       221, 211, 206, 50, 22, 110, 252, 41, 96, 218, 70, 121, 50, 188,
       230, 126, 197, 30, 238, 201, 147, 189, 237, 178, 236, 170, 132,
       63, 246, 113, 61, 48, 206, 1, 237, 60, 198, 203, 255, 22, 13, 216,
       66, 183, 37, 144, 64, 221, 30, 61, 41, 11, 170, 225, 159, 233,
       230, 170, 220, 149, 138, 116, 185, 148, 239, 198, 191, 156, 11,
       110, 236, 62, 162, 203, 66, 231, 227, 41, 193, 123, 238, 106, 254,
       104, 240, 73, 63, 188, 166, 199, 4, 173, 251, 249, 136, 135, 191,
       35, 153, 237, 181, 173, 199, 204, 110, 218, 246, 172, 238, 157,
       228, 239, 42, 90, 173, 243, 151, 229, 226, 52, 52, 142, 170, 159,
       92, 177, 245, 229, 221, 9, 204, 93, 7, 71, 189, 86, 192, 237, 76,
       243, 209, 49, 117, 88, 236, 122, 238, 105, 35, 219, 31, 241, 174,
       133, 60, 88, 186, 208, 32, 80, 216, 188, 191, 10, 205, 21, 175,
       158, 21, 198, 1, 247, 255, 34, 66, 195, 119, 105, 1, 74, 205, 91,
       53, 233, 231, 126, 17, 16, 8, 133, 10, 188, 76, 236, 215, 159,
       126, 239, 63, 84, 183, 231, 18, 83, 41, 22, 107, 121, 246, 107,
       170, 168, 245, 121, 174, 111, 239, 213, 17, 231, 249, 252, 160,
       53, 80, 107, 69, 0, 70, 75, 88, 32, 232, 247, 206, 83, 21, 149,
       116, 124, 212, 85, 238, 137, 183, 113, 8, 81, 168, 161, 148, 105,
       187, 118, 240, 172, 118, 91, 103, 116, 111, 67, 120, 21, 236, 125,
       109, 127, 117, 139, 16, 152, 168, 198, 98, 173, 178, 121, 31, 231,
       223, 33, 176, 106, 187, 78, 211, 1, 154, 207, 89, 246, 130, 105,
       23, 118, 105, 86, 246, 241, 7, 144, 100, 127, 174, 54, 188, 187,
       152, 101, 79, 76, 46, 182, 192, 175, 128, 240, 249, 211, 222, 231,
       21, 50, 18, 170, 255, 127, 233, 210, 246, 104, 104, 148, 228, 55,
       103, 238, 173, 229, 249, 173, 255, 62, 62, 63, 210, 207, 164, 169,
       61, 216, 57, 30, 164, 32, 230, 121, 16, 164, 140, 198, 1, 215,
       151, 3, 89, 162, 181, 125, 192, 8, 201, 147, 12, 209, 225, 170,
       209, 32, 1, 37, 82, 126, 185, 176, 240, 237, 124, 80, 203, 171,
       189, 189, 25, 14, 191, 71, 158, 137, 215, 237, 17, 26, 107, 218,
       224, 219, 213, 93, 127, 194, 109, 143, 66, 92, 142, 206, 252, 152,
       98, 79, 175, 55, 135, 142, 147, 73, 231, 34, 90, 115, 231, 172,
       168, 56, 207, 47, 222, 219, 231, 223, 13, 176, 224, 164, 120, 90,
       142, 206, 245, 152, 34, 73, 47, 55, 167, 206, 210, 105, 35, 128,
       88, 119, 247, 61, 152, 56, 221, 205, 206, 218, 231, 255, 213, 166,
       224, 165, 40, 248, 185, 31, 122, 57, 205, 81, 254, 171, 17, 164,
       24, 190, 215, 96, 55, 131, 243, 221, 82, 75, 79, 250, 49, 219,
       209, 20, 123, 82, 0, 166, 59, 32, 176, 190, 188, 28, 239, 144,
       107, 158, 191, 164, 25, 182, 254, 98, 91, 201, 183, 127, 17, 62,
       75, 242, 93, 219, 183, 123, 127, 144, 40, 47, 202, 113, 217, 119,
       204, 13, 214, 71, 247, 197, 72, 250, 66, 115, 183, 180, 228, 72,
       228, 62, 202, 201, 171, 115, 252, 59, 252, 134, 88, 19, 186, 240,
       44, 167, 247, 164, 191, 220, 47, 166, 237, 94, 226, 219, 223, 244,
       232, 31, 0, 249, 207, 123, 111, 245, 246, 223, 127, 60, 38, 239,
