%YAML:1.0
---
descriptors: !!opencv-matrix
   rows: 295
   cols: 32
   dt: u
   data: [ 169, 241, 120, 74, 85, 221, 211, 121, 85, 72, 125, 12, 122,
       221, 190, 180, 152, 168, 150, 74, 223, 58, 124, 191, 115, 221, 32,
       105, 123, 142, 218, 127, 120, 161, 26, 122, 181, 217, 80, 105,
       119, 13, 237, 24, 34, 225, 10, 20, 216, 170, 228, 8, 30, 42, 234,
       23, 251, 253, 0, 91, 82, 10, 238, 70, 1, 217, 27, 171, 84, 133,
       46, 246, 22, 8, 88, 66, 181, 147, 32, 224, 72, 42, 18, 76, 67,
       154, 82, 63, 229, 133, 170, 104, 24, 10, 161, 168, 106, 181, 177,
       117, 185, 125, 16, 47, 27, 251, 45, 25, 174, 61, 68, 54, 149, 87,
       245, 16, 158, 104, 251, 17, 207, 223, 85, 127, 194, 76, 134, 127,
       32, 156, 57, 251, 29, 229, 145, 47, 94, 77, 73, 18, 176, 216, 32,
       96, 217, 58, 138, 1, 51, 170, 114, 159, 229, 182, 146, 75, 24, 8,
       244, 234, 37, 212, 125, 67, 20, 15, 111, 188, 117, 114, 111, 64,
       211, 19, 152, 53, 29, 92, 86, 110, 233, 180, 121, 61, 237, 218,
       69, 4, 123, 179, 66, 184, 43, 37, 229, 71, 85, 127, 234, 124, 86,
       225, 91, 70, 81, 56, 156, 173, 121, 78, 50, 173, 181, 240, 125,
       175, 46, 110, 243, 192, 111, 175, 248, 148, 92, 175, 156, 186,
       153, 237, 95, 152, 182, 150, 132, 137, 255, 231, 75, 90, 133, 251,
       232, 210, 42, 67, 250, 59, 249, 231, 79, 57, 178, 83, 39, 114,
       136, 152, 147, 185, 7, 225, 33, 198, 30, 3, 64, 18, 188, 151, 32,
       200, 89, 59, 19, 0, 51, 152, 82, 59, 197, 135, 154, 8, 24, 72, 37,
       170, 56, 132, 174, 252, 149, 66, 71, 239, 84, 7, 230, 18, 83, 241,
       48, 96, 121, 238, 42, 168, 56, 191, 17, 142, 251, 239, 150, 69,
       243, 104, 244, 42, 220, 180, 157, 184, 136, 228, 29, 159, 182,
       123, 134, 24, 159, 183, 74, 123, 197, 87, 253, 144, 59, 79, 251,
       19, 201, 227, 255, 125, 160, 80, 135, 122, 51, 3, 99, 77, 28, 115,
       163, 91, 70, 224, 222, 226, 18, 136, 180, 100, 88, 172, 54, 41,
       137, 187, 229, 159, 16, 44, 163, 148, 95, 170, 116, 180, 91, 101,
       58, 204, 31, 183, 203, 72, 141, 8, 156, 2, 157, 218, 51, 228, 122,
       169, 159, 171, 72, 3, 54, 222, 241, 205, 139, 189, 53, 34, 41, 32,
       170, 32, 35, 200, 93, 215, 218, 76, 204, 32, 220, 10, 156, 153,
       48, 128, 88, 153, 219, 233, 80, 39, 210, 210, 87, 73, 139, 61, 87,
       14, 87, 162, 60, 67, 106, 238, 86, 3, 207, 121, 69, 132, 125, 162,
       115, 73, 187, 32, 94, 168, 23, 234, 200, 178, 101, 12, 114, 237,
       161, 129, 119, 187, 116, 224, 53, 67, 99, 79, 116, 11, 231, 248,
       68, 64, 253, 198, 115, 193, 189, 36, 122, 232, 22, 110, 201, 178,
       108, 125, 52, 12, 161, 48, 119, 187, 80, 228, 143, 48, 178, 216,
       115, 180, 57, 82, 255, 95, 85, 118, 172, 222, 111, 236, 231, 57,
       191, 144, 167, 5, 50, 211, 15, 127, 26, 202, 154, 5, 33, 199, 41,
       212, 255, 225, 244, 118, 127, 191, 84, 203, 126, 80, 91, 189, 248,
       104, 223, 86, 54, 56, 189, 255, 57, 162, 107, 255, 54, 196, 198,
       216, 228, 249, 77, 189, 255, 211, 180, 246, 239, 183, 118, 233,
       30, 230, 113, 63, 208, 96, 119, 70, 31, 156, 179, 249, 61, 255,
       126, 47, 183, 192, 143, 211, 241, 121, 222, 171, 110, 187, 174,
       168, 251, 136, 191, 29, 215, 187, 207, 205, 218, 75, 183, 197,
       237, 87, 158, 229, 207, 177, 210, 241, 43, 213, 228, 143, 149, 83,
       177, 17, 254, 77, 20, 86, 233, 127, 86, 228, 246, 6, 113, 61, 182,
       100, 124, 44, 50, 172, 249, 252, 117, 29, 79, 47, 243, 64, 77,
       168, 112, 248, 61, 101, 97, 71, 214, 87, 207, 248, 65, 230, 253,
       74, 83, 101, 221, 36, 120, 220, 22, 238, 233, 178, 125, 158, 127,
       140, 165, 52, 119, 251, 86, 244, 222, 134, 182, 250, 169, 172, 89,
       217, 187, 31, 189, 25, 239, 239, 106, 88, 183, 19, 253, 23, 58, 7,
       170, 243, 211, 247, 90, 219, 146, 71, 167, 99, 237, 81, 23, 69,
       65, 78, 100, 57, 121, 234, 103, 92, 222, 51, 9, 255, 180, 212,
       120, 106, 97, 246, 217, 8, 135, 250, 65, 6, 74, 50, 66, 50, 160,
       201, 105, 234, 124, 193, 207, 236, 22, 36, 248, 171, 179, 205,
       120, 0, 218, 219, 23, 193, 74, 43, 74, 187, 248, 221, 167, 252,
       117, 154, 244, 234, 35, 217, 111, 158, 92, 193, 173, 231, 204, 73,
       208, 227, 176, 222, 180, 97, 204, 187, 19, 197, 210, 138, 102,
       253, 101, 42, 186, 200, 29, 24, 244, 251, 73, 11, 217, 239, 116,
       32, 107, 144, 32, 4, 108, 132, 183, 99, 49, 80, 82, 238, 4, 204,
       11, 146, 244, 41, 231, 173, 162, 8, 188, 243, 96, 120, 162, 253,
       56, 218, 221, 197, 149, 239, 223, 85, 96, 3, 38, 217, 46, 0, 200,
       42, 19, 81, 119, 43, 82, 191, 59, 28, 20, 123, 88, 8, 244, 206,
       203, 177, 81, 233, 58, 196, 59, 156, 175, 33, 40, 160, 189, 151,
       200, 116, 54, 25, 124, 208, 147, 8, 191, 215, 205, 220, 11, 236,
       50, 131, 3, 56, 170, 179, 120, 200, 247, 217, 246, 231, 155, 61,
       125, 59, 14, 253, 110, 132, 187, 27, 135, 16, 86, 58, 8, 215, 127,
       221, 5, 111, 247, 142, 206, 195, 85, 73, 250, 239, 142, 214, 126,
       65, 229, 192, 199, 130, 81, 235, 49, 96, 114, 36, 59, 222, 84,
       129, 55, 200, 119, 233, 6, 17, 62, 186, 224, 0, 160, 160, 187,
       243, 116, 237, 233, 81, 30, 11, 113, 89, 182, 205, 56, 24, 217,
       58, 7, 24, 51, 180, 24, 211, 69, 158, 48, 32, 208, 10, 215, 176,
       9, 171, 17, 219, 237, 189, 49, 95, 78, 25, 92, 64, 174, 144, 96,
       236, 197, 58, 166, 24, 146, 56, 98, 177, 141, 217, 48, 122, 146,
       12, 73, 173, 215, 94, 198, 148, 34, 50, 186, 80, 185, 194, 147,
       247, 77, 234, 183, 203, 119, 229, 237, 231, 228, 213, 140, 202,
       144, 34, 239, 132, 45, 245, 41, 85, 90, 185, 154, 250, 249, 196,
       58, 223, 187, 25, 92, 17, 188, 223, 104, 208, 231, 123, 157, 80,
       18, 11, 154, 243, 251, 253, 62, 235, 154, 1, 167, 27, 181, 70, 68,
       171, 174, 35, 202, 216, 87, 178, 177, 238, 83, 104, 249, 11, 127,
       192, 95, 255, 168, 103, 79, 180, 152, 203, 239, 188, 245, 251,
       112, 128, 61, 197, 97, 79, 254, 27, 206, 249, 69, 224, 249, 194,
       123, 104, 189, 164, 122, 200, 22, 238, 201, 178, 109, 159, 58, 76,
       165, 20, 127, 186, 112, 164, 219, 130, 84, 247, 38, 26, 104, 53,
       125, 50, 151, 242, 223, 35, 144, 239, 103, 133, 253, 168, 121,
       220, 77, 206, 134, 251, 251, 213, 46, 132, 137, 1, 204, 244, 179,
       106, 244, 111, 239, 255, 124, 75, 184, 88, 222, 127, 28, 120, 183,
       83, 94, 24, 177, 47, 56, 78, 125, 159, 54, 92, 192, 216, 231, 171,
       146, 207, 74, 170, 22, 129, 159, 228, 132, 4, 221, 167, 109, 207,
       42, 0, 126, 187, 151, 227, 74, 139, 8, 191, 240, 193, 170, 209,
       53, 155, 189, 218, 239, 253, 252, 118, 168, 31, 95, 189, 123, 250,
       191, 121, 223, 125, 223, 62, 151, 215, 253, 115, 252, 102, 251,
       34, 235, 223, 101, 254, 230, 247, 198, 119, 77, 185, 184, 115,
       245, 220, 119, 151, 251, 253, 118, 8, 255, 253, 90, 112, 183, 126,
       124, 24, 151, 120, 187, 115, 207, 255, 53, 69, 202, 136, 201, 75,
       11, 204, 209, 79, 114, 16, 238, 95, 107, 65, 120, 194, 185, 62,
       156, 244, 126, 93, 22, 140, 199, 146, 228, 233, 38, 236, 174, 128,
       127, 242, 235, 157, 9, 169, 255, 227, 180, 194, 255, 183, 118,
       233, 254, 0, 121, 61, 176, 224, 95, 86, 63, 88, 147, 185, 57, 175,
       111, 255, 183, 196, 198, 138, 244, 233, 32, 156, 57, 251, 61, 237,
       145, 67, 94, 77, 89, 50, 182, 221, 40, 96, 201, 59, 138, 17, 19,
       168, 114, 183, 205, 150, 18, 123, 152, 9, 149, 243, 237, 112, 145,
       71, 101, 31, 100, 25, 121, 234, 103, 92, 210, 112, 77, 190, 144,
       76, 96, 106, 229, 244, 249, 10, 7, 250, 69, 52, 74, 50, 74, 132,
       45, 53, 145, 67, 213, 127, 226, 154, 123, 225, 107, 8, 210, 48,
       69, 188, 153, 14, 82, 56, 149, 176, 121, 14, 15, 220, 5, 118, 202,
       75, 74, 182, 33, 1, 103, 77, 92, 71, 233, 127, 70, 225, 214, 66,
       241, 156, 180, 100, 88, 140, 50, 172, 137, 250, 119, 157, 69, 42,
       227, 68, 85, 136, 116, 236, 56, 116, 18, 204, 29, 183, 146, 72,
