%YAML:1.0
---
descriptors: !!opencv-matrix
   rows: 164
   cols: 32
   dt: u
   data: [ 2, 160, 157, 155, 236, 169, 172, 143, 158, 51, 16, 249, 180,
       162, 200, 136, 207, 27, 107, 17, 19, 92, 75, 211, 12, 22, 126,
       110, 156, 72, 129, 137, 38, 161, 16, 131, 221, 109, 176, 105, 14,
       53, 57, 27, 204, 120, 74, 136, 187, 27, 234, 17, 22, 120, 91, 212,
       157, 20, 31, 127, 208, 10, 143, 134, 45, 93, 49, 254, 61, 223, 82,
       178, 214, 72, 124, 76, 255, 249, 33, 224, 212, 122, 30, 88, 227,
       168, 122, 63, 227, 255, 32, 88, 90, 27, 81, 171, 77, 49, 145, 97,
       99, 77, 53, 1, 104, 250, 102, 8, 158, 17, 73, 59, 128, 28, 120,
       26, 65, 240, 179, 0, 71, 249, 84, 2, 202, 80, 67, 171, 201, 34,
       150, 124, 108, 62, 120, 83, 235, 251, 118, 92, 158, 163, 148, 255,
       135, 37, 110, 12, 165, 126, 162, 202, 150, 251, 114, 170, 74, 128,
       75, 189, 200, 217, 28, 191, 9, 205, 17, 174, 142, 89, 160, 25,
       190, 51, 2, 91, 133, 51, 232, 66, 98, 73, 91, 53, 193, 243, 80,
       59, 24, 8, 1, 27, 133, 164, 221, 177, 236, 41, 249, 27, 254, 51,
       49, 216, 157, 161, 216, 11, 163, 15, 110, 28, 51, 116, 203, 211,
       204, 147, 127, 116, 220, 200, 131, 161, 124, 121, 233, 96, 206,
       67, 79, 216, 67, 246, 185, 175, 83, 109, 223, 58, 91, 204, 213,
       254, 205, 99, 253, 56, 250, 201, 165, 188, 247, 255, 118, 112, 2,
       185, 25, 186, 250, 201, 182, 239, 142, 1, 72, 97, 164, 215, 96,
       64, 203, 59, 43, 17, 18, 24, 74, 117, 61, 20, 30, 106, 16, 10,
       165, 171, 67, 23, 125, 12, 58, 91, 155, 56, 140, 76, 157, 236,
       212, 198, 163, 117, 22, 53, 252, 110, 225, 1, 100, 92, 224, 58,
       41, 152, 28, 162, 5, 113, 246, 14, 247, 252, 250, 34, 218, 104,
       91, 162, 123, 210, 92, 238, 53, 27, 183, 253, 53, 255, 176, 245,
       15, 254, 24, 62, 239, 196, 197, 227, 35, 1, 69, 13, 247, 197, 244,
       42, 111, 178, 125, 130, 126, 98, 253, 51, 177, 119, 118, 255, 62,
       234, 225, 248, 37, 238, 228, 190, 231, 128, 47, 243, 97, 168, 88,
       191, 152, 247, 184, 29, 126, 61, 59, 169, 255, 45, 255, 187, 74,
       210, 183, 223, 237, 0, 90, 122, 219, 49, 255, 255, 53, 161, 106,
       210, 138, 11, 53, 239, 212, 239, 188, 35, 198, 174, 83, 177, 184,
       74, 67, 105, 93, 18, 217, 206, 36, 122, 30, 122, 203, 185, 170,
       222, 197, 124, 253, 250, 80, 132, 60, 117, 17, 234, 61, 79, 86,
       248, 63, 170, 249, 72, 223, 87, 9, 48, 220, 217, 93, 98, 105, 35,
       91, 190, 241, 223, 37, 62, 88, 59, 66, 51, 196, 205, 133, 147,
       148, 168, 38, 135, 62, 147, 74, 82, 240, 226, 73, 74, 113, 206,
       42, 152, 50, 220, 203, 227, 173, 38, 215, 68, 128, 121, 177, 8,
       194, 165, 145, 182, 190, 160, 172, 175, 154, 179, 24, 26, 237,
       234, 92, 66, 147, 111, 121, 145, 114, 76, 138, 211, 172, 22, 223,
       236, 132, 112, 145, 8, 139, 243, 109, 125, 46, 155, 121, 56, 171,
       212, 84, 231, 249, 95, 159, 35, 54, 49, 245, 239, 225, 64, 174,
       221, 102, 251, 233, 172, 62, 166, 85, 241, 234, 138, 230, 30, 237,
       248, 240, 135, 251, 87, 38, 149, 171, 168, 246, 223, 163, 34, 234,
       20, 182, 109, 166, 225, 10, 123, 86, 75, 214, 196, 254, 94, 75,
       91, 123, 225, 50, 222, 59, 112, 61, 200, 94, 228, 157, 159, 165,
       240, 182, 61, 159, 231, 193, 153, 49, 236, 246, 253, 42, 130, 12,
       150, 33, 121, 5, 13, 222, 197, 212, 142, 110, 48, 124, 130, 126,
       66, 253, 163, 177, 114, 118, 125, 62, 106, 224, 153, 1, 238, 253,
       191, 231, 0, 42, 242, 97, 161, 113, 97, 75, 197, 70, 15, 232, 64,
       40, 160, 242, 234, 19, 18, 85, 83, 122, 157, 95, 249, 73, 179,
       197, 72, 148, 8, 171, 180, 45, 56, 99, 136, 34, 173, 17, 170, 217,
       133, 182, 239, 30, 1, 105, 75, 164, 210, 104, 0, 253, 27, 3, 17,
       82, 26, 74, 245, 189, 148, 30, 106, 144, 10, 129, 138, 193, 244,
       220, 181, 172, 14, 108, 191, 122, 187, 2, 92, 215, 48, 216, 123,
       135, 70, 124, 44, 245, 212, 213, 0, 172, 186, 117, 212, 140, 240,
       209, 1, 200, 152, 149, 190, 9, 205, 21, 162, 143, 90, 160, 25,
       190, 247, 32, 122, 129, 51, 232, 2, 66, 13, 218, 51, 193, 247, 88,
       59, 16, 8, 5, 91, 240, 72, 207, 188, 78, 8, 109, 100, 249, 146,
       178, 90, 123, 34, 1, 91, 106, 229, 108, 234, 105, 71, 199, 232,
       212, 162, 254, 24, 37, 113, 114, 40, 124, 164, 253, 97, 149, 107,
       65, 11, 119, 167, 167, 24, 83, 53, 8, 120, 49, 158, 104, 56, 58,
       244, 121, 22, 239, 239, 21, 85, 227, 192, 198, 98, 56, 157, 61,
       255, 177, 239, 83, 183, 86, 13, 238, 0, 183, 119, 32, 112, 197,
       50, 29, 24, 186, 137, 121, 63, 235, 255, 52, 80, 178, 202, 196,
       107, 203, 179, 167, 53, 3, 22, 57, 51, 161, 89, 70, 213, 221, 38,
       2, 246, 166, 85, 253, 140, 149, 216, 183, 65, 7, 123, 110, 134,
       10, 164, 171, 85, 192, 236, 133, 147, 212, 168, 36, 175, 254, 147,
       10, 82, 228, 226, 73, 67, 113, 234, 42, 152, 98, 92, 219, 243,
       173, 6, 159, 108, 128, 112, 161, 136, 253, 245, 17, 236, 169, 15,
       86, 252, 59, 170, 184, 76, 223, 123, 73, 177, 157, 221, 93, 106,
       105, 114, 89, 63, 251, 223, 37, 180, 90, 251, 66, 35, 196, 165,
       222, 188, 238, 34, 174, 105, 218, 179, 91, 210, 205, 234, 124, 2,
       51, 69, 99, 171, 48, 101, 143, 215, 12, 54, 111, 76, 133, 106,
       129, 128, 166, 140, 150, 254, 252, 43, 214, 239, 223, 131, 249,
       88, 206, 232, 60, 75, 211, 111, 110, 35, 48, 239, 203, 255, 184,
       190, 87, 94, 212, 249, 233, 132, 77, 49, 213, 97, 98, 72, 49, 25,
       105, 249, 118, 104, 159, 21, 201, 62, 50, 29, 228, 16, 3, 240,
       163, 64, 71, 209, 97, 6, 234, 160, 3, 179, 246, 6, 199, 204, 94,
       35, 202, 200, 91, 162, 250, 202, 121, 234, 157, 27, 127, 205, 55,
       239, 168, 247, 143, 222, 24, 46, 235, 132, 173, 243, 99, 0, 108,
       231, 228, 111, 253, 47, 198, 188, 67, 184, 185, 74, 195, 105, 93,
       131, 217, 198, 111, 122, 142, 98, 203, 189, 47, 217, 165, 125,
       127, 251, 88, 138, 124, 179, 154, 231, 176, 14, 94, 217, 43, 173,
       254, 13, 255, 251, 74, 80, 188, 223, 237, 76, 94, 187, 217, 49,
       251, 253, 37, 101, 74, 130, 202, 131, 78, 50, 212, 145, 244, 122,
       233, 19, 59, 255, 182, 238, 143, 34, 211, 143, 59, 45, 236, 153,
       145, 240, 229, 192, 140, 211, 255, 231, 142, 228, 15, 245, 118,
       32, 241, 229, 102, 8, 248, 0, 105, 177, 179, 139, 143, 31, 85, 59,
       174, 149, 125, 157, 136, 112, 197, 192, 151, 248, 203, 130, 231,
       164, 67, 7, 242, 67, 103, 174, 15, 66, 78, 101, 229, 36, 178, 3,
       99, 42, 53, 215, 232, 228, 109, 227, 108, 227, 5, 141, 177, 226,
       198, 19, 37, 62, 116, 14, 0, 164, 157, 155, 232, 233, 169, 143,
       30, 51, 1, 152, 149, 162, 72, 10, 11, 11, 106, 24, 19, 92, 207,
       83, 12, 150, 63, 124, 156, 72, 129, 128, 26, 112, 117, 237, 47,
       214, 88, 24, 139, 212, 116, 163, 237, 223, 86, 246, 166, 189, 181,
       197, 206, 212, 182, 217, 195, 249, 203, 139, 55, 164, 77, 119, 85,
       112, 113, 69, 54, 30, 50, 16, 105, 232, 182, 108, 222, 17, 133,
       244, 54, 148, 92, 104, 193, 176, 181, 72, 22, 188, 33, 6, 107,
       162, 99, 37, 5, 164, 221, 241, 236, 169, 233, 27, 254, 51, 53,
       216, 157, 163, 216, 42, 35, 11, 110, 28, 51, 124, 239, 211, 204,
       159, 127, 100, 220, 200, 195, 161, 114, 33, 245, 229, 38, 72, 248,
       65, 105, 144, 179, 138, 15, 11, 84, 18, 170, 149, 125, 209, 10,
       98, 199, 192, 151, 216, 138, 130, 101, 162, 99, 4, 109, 233, 19,
       102, 121, 158, 103, 248, 235, 168, 42, 72, 255, 211, 1, 112, 144,
       252, 108, 106, 201, 35, 248, 61, 191, 253, 37, 40, 66, 179, 70,
       41, 34, 160, 149, 191, 120, 9, 184, 237, 31, 59, 240, 233, 172,
       191, 12, 9, 207, 27, 127, 21, 34, 91, 67, 213, 156, 30, 94, 186,
       212, 8, 35, 139, 246, 88, 150, 140, 109, 86, 86, 104, 185, 142,
       242, 11, 78, 254, 39, 223, 248, 245, 239, 99, 108, 71, 154, 200,
       145, 50, 207, 31, 0, 63, 46, 71, 133, 140, 151, 156, 190, 139,
       148, 226, 158, 179, 242, 88, 174, 162, 37, 207, 199, 103, 110, 13,
