%YAML:1.0
---
descriptors: !!opencv-matrix
   rows: 188
   cols: 32
   dt: u
   data: [ 249, 27, 111, 255, 54, 130, 107, 54, 84, 64, 214, 230, 51, 35,
       179, 97, 110, 230, 44, 206, 233, 152, 101, 45, 246, 171, 242, 128,
       45, 169, 112, 121, 14, 248, 162, 153, 221, 213, 182, 206, 95, 87,
       76, 3, 140, 252, 110, 12, 249, 91, 147, 211, 22, 50, 58, 240, 31,
       87, 159, 111, 146, 127, 173, 214, 9, 192, 61, 235, 21, 135, 233,
       253, 78, 89, 245, 70, 249, 75, 60, 96, 248, 9, 18, 141, 195, 40,
       57, 213, 101, 221, 170, 68, 93, 10, 97, 248, 151, 61, 250, 252,
       126, 245, 187, 218, 159, 69, 92, 167, 124, 254, 191, 36, 190, 123,
       151, 215, 163, 35, 62, 255, 115, 93, 171, 171, 253, 253, 61, 223,
       2, 205, 36, 139, 245, 151, 190, 175, 13, 9, 90, 3, 236, 106, 60,
       192, 216, 19, 147, 225, 86, 152, 9, 253, 47, 50, 142, 199, 20, 14,
       249, 143, 134, 28, 63, 189, 205, 99, 181, 66, 156, 242, 195, 19,
       244, 127, 33, 75, 201, 117, 187, 163, 33, 215, 83, 234, 69, 51,
       219, 3, 144, 121, 53, 242, 111, 1, 229, 197, 142, 114, 175, 153,
       82, 247, 151, 215, 209, 108, 223, 111, 95, 196, 123, 191, 185,
       112, 239, 192, 76, 46, 239, 180, 175, 255, 208, 116, 173, 175,
       224, 219, 252, 41, 238, 255, 255, 210, 248, 254, 123, 233, 253,
       51, 127, 234, 87, 190, 251, 114, 78, 255, 62, 223, 165, 236, 255,
       251, 242, 145, 241, 30, 172, 183, 12, 46, 141, 186, 150, 247, 130,
       157, 243, 108, 91, 11, 77, 199, 121, 135, 173, 197, 255, 42, 200,
       99, 255, 148, 172, 252, 152, 88, 160, 188, 26, 90, 121, 248, 48,
       230, 255, 27, 100, 48, 174, 210, 36, 252, 169, 58, 198, 16, 54,
       47, 130, 119, 7, 247, 16, 75, 210, 0, 239, 143, 78, 190, 149, 159,
       173, 221, 180, 142, 223, 251, 8, 126, 172, 248, 68, 238, 193, 115,
       234, 81, 247, 108, 251, 243, 45, 86, 95, 122, 154, 92, 217, 31,
       91, 223, 108, 79, 18, 22, 239, 189, 69, 68, 206, 134, 113, 102,
       182, 228, 118, 230, 184, 238, 237, 152, 125, 191, 54, 111, 202,
       128, 63, 246, 248, 124, 247, 171, 172, 182, 168, 21, 95, 168, 138,
       246, 129, 141, 211, 236, 91, 91, 213, 69, 121, 247, 172, 67, 255,
       48, 234, 115, 239, 189, 156, 119, 26, 84, 57, 89, 115, 109, 52,
       95, 230, 124, 100, 104, 250, 106, 83, 28, 148, 160, 126, 220, 86,
       106, 205, 178, 117, 47, 180, 237, 33, 128, 109, 187, 112, 189,
       158, 126, 46, 184, 47, 247, 153, 90, 149, 222, 212, 247, 76, 220,
       183, 11, 237, 113, 255, 247, 173, 231, 34, 206, 218, 83, 239, 219,
       142, 61, 53, 215, 94, 147, 246, 226, 163, 82, 124, 85, 173, 221,
       95, 167, 140, 175, 106, 222, 102, 149, 175, 208, 20, 153, 35, 192,
       219, 245, 222, 199, 166, 134, 173, 87, 139, 157, 98, 171, 21, 147,
       186, 236, 76, 64, 92, 135, 232, 72, 191, 228, 248, 43, 147, 103,
       151, 184, 125, 255, 44, 24, 138, 131, 31, 15, 121, 220, 3, 235,
       233, 213, 230, 153, 185, 119, 91, 121, 84, 223, 153, 12, 214, 41,
       46, 61, 55, 157, 215, 248, 231, 193, 78, 89, 250, 224, 47, 132,
       147, 253, 49, 205, 95, 229, 180, 94, 111, 49, 100, 64, 250, 66,
       243, 51, 144, 113, 122, 244, 44, 234, 201, 176, 117, 13, 230, 171,
       162, 0, 45, 178, 112, 168, 158, 214, 231, 214, 247, 48, 254, 254,
       27, 83, 95, 243, 104, 111, 189, 239, 119, 211, 183, 190, 242, 216,
       47, 235, 58, 110, 223, 198, 167, 245, 244, 253, 188, 243, 235,
       170, 254, 1, 207, 220, 23, 93, 245, 247, 67, 205, 251, 0, 127,
       200, 7, 255, 170, 39, 46, 179, 114, 205, 171, 252, 253, 191, 244,
       241, 60, 96, 154, 42, 89, 237, 82, 200, 239, 5, 224, 8, 15, 211,
       105, 88, 216, 249, 194, 82, 10, 163, 90, 32, 145, 213, 0, 63, 240,
       27, 47, 138, 171, 184, 176, 90, 205, 245, 247, 223, 91, 95, 116,
       30, 168, 252, 118, 172, 205, 123, 179, 17, 166, 126, 250, 243, 79,
       93, 150, 107, 211, 92, 222, 223, 162, 49, 112, 219, 117, 247, 122,
       80, 95, 236, 117, 54, 8, 159, 174, 172, 126, 184, 147, 202, 231,
       182, 120, 223, 7, 93, 144, 227, 23, 143, 126, 247, 59, 46, 100,
       77, 118, 19, 207, 122, 83, 238, 246, 239, 105, 108, 150, 181, 127,
       236, 181, 172, 173, 254, 109, 159, 122, 111, 245, 148, 111, 172,
       122, 221, 10, 142, 112, 251, 245, 245, 250, 255, 31, 79, 220, 243,
       172, 221, 182, 228, 223, 59, 151, 145, 183, 188, 107, 255, 175,
       95, 190, 235, 150, 204, 189, 237, 123, 150, 236, 53, 46, 58, 157,
       58, 228, 230, 150, 255, 203, 44, 150, 195, 110, 197, 253, 167,
       188, 237, 101, 140, 178, 235, 239, 145, 111, 236, 92, 85, 27, 22,
       34, 153, 47, 245, 184, 74, 223, 94, 93, 167, 168, 220, 183, 237,
       255, 41, 151, 135, 230, 52, 62, 221, 198, 89, 139, 171, 95, 93,
       125, 215, 47, 22, 227, 91, 229, 117, 174, 240, 89, 91, 117, 246,
       72, 252, 255, 175, 127, 90, 147, 239, 181, 242, 124, 224, 23, 94,
       202, 166, 223, 255, 122, 245, 185, 186, 158, 112, 173, 189, 80,
       214, 251, 191, 180, 29, 63, 153, 66, 155, 141, 66, 228, 28, 62,
       109, 82, 33, 219, 219, 113, 121, 234, 201, 74, 139, 70, 145, 148,
       145, 171, 100, 60, 135, 170, 187, 138, 49, 204, 182, 73, 74, 167,
       87, 249, 144, 18, 73, 211, 226, 141, 54, 95, 215, 128, 85, 133,
       27, 216, 17, 182, 164, 7, 118, 120, 23, 161, 134, 102, 3, 63, 191,
       35, 219, 98, 181, 189, 48, 44, 217, 144, 136, 211, 225, 114, 1,
       162, 228, 45, 91, 189, 95, 101, 229, 246, 75, 79, 185, 85, 238,
       126, 230, 91, 101, 147, 54, 127, 212, 116, 238, 233, 176, 109,
       142, 110, 238, 165, 132, 239, 250, 84, 121, 136, 144, 60, 186, 60,
       197, 217, 120, 148, 77, 245, 19, 245, 95, 42, 65, 216, 177, 7,
       161, 46, 45, 114, 29, 195, 227, 186, 81, 81, 8, 109, 218, 36, 113,
       120, 67, 124, 77, 251, 220, 74, 237, 61, 14, 17, 29, 223, 32, 220,
       24, 23, 112, 130, 50, 248, 144, 95, 137, 161, 236, 221, 139, 86,
       211, 47, 83, 231, 78, 239, 119, 174, 216, 201, 220, 253, 238, 72,
       252, 191, 174, 254, 208, 246, 255, 197, 163, 46, 232, 54, 123,
       207, 159, 223, 255, 248, 245, 44, 176, 121, 227, 85, 205, 179,
       200, 79, 233, 53, 10, 28, 223, 108, 48, 216, 25, 147, 80, 19, 186,
       122, 244, 79, 221, 1, 111, 211, 11, 71, 226, 217, 28, 63, 252, 5,
       214, 89, 51, 253, 194, 198, 22, 159, 191, 50, 107, 226, 165, 61,
       12, 233, 205, 48, 204, 211, 251, 218, 8, 42, 40, 33, 114, 79, 253,
       181, 95, 239, 221, 182, 174, 223, 251, 26, 246, 236, 252, 207,
       238, 167, 115, 234, 83, 247, 105, 191, 243, 63, 118, 95, 123, 222,
       95, 141, 125, 42, 248, 178, 152, 93, 245, 182, 206, 155, 236, 92,
       15, 140, 220, 103, 132, 217, 249, 147, 209, 70, 107, 186, 243, 63,
       93, 143, 111, 147, 124, 127, 222, 84, 225, 137, 172, 152, 69, 75,
       157, 2, 224, 136, 137, 247, 231, 88, 80, 20, 221, 121, 253, 27, 3,
       217, 25, 249, 228, 141, 60, 160, 34, 150, 112, 130, 148, 191, 221,
       106, 102, 189, 191, 156, 95, 83, 246, 220, 247, 168, 75, 119, 21,
       63, 171, 225, 213, 59, 67, 197, 42, 251, 132, 20, 240, 165, 241,
       162, 164, 248, 249, 252, 249, 249, 207, 31, 23, 212, 178, 171,
       221, 254, 104, 91, 155, 151, 153, 62, 62, 111, 247, 238, 95, 191,
       239, 150, 200, 220, 236, 130, 200, 144, 153, 21, 133, 178, 206,
       30, 7, 64, 19, 172, 136, 37, 72, 216, 57, 131, 65, 102, 180, 82,
       251, 5, 22, 154, 3, 20, 28, 29, 142, 70, 97, 26, 136, 77, 84, 180,
       64, 140, 148, 129, 3, 140, 154, 103, 203, 200, 21, 219, 227, 68,
       3, 146, 192, 145, 113, 202, 63, 0, 57, 61, 134, 98, 73, 102, 140,
       79, 84, 158, 228, 137, 196, 216, 135, 40, 142, 55, 71, 238, 245,
       243, 231, 196, 3, 182, 232, 53, 56, 202, 139, 21, 55, 63, 222, 29,
       22, 127, 237, 118, 179, 251, 120, 68, 96, 127, 230, 89, 125, 189,
       96, 62, 52, 23, 173, 177, 176, 45, 223, 86, 239, 161, 196, 255,
       235, 97, 177, 25, 222, 105, 251, 54, 155, 233, 247, 93, 75, 118,
       246, 185, 13, 190, 96, 111, 138, 22, 157, 235, 188, 101, 247, 110,
