%YAML:1.0
---
descriptors: !!opencv-matrix
   rows: 334
   cols: 32
   dt: u
   data: [ 10, 141, 108, 211, 150, 155, 191, 183, 94, 53, 94, 18, 248,
       41, 148, 161, 43, 122, 147, 217, 178, 248, 109, 253, 111, 15, 191,
       193, 215, 216, 221, 170, 25, 141, 3, 254, 149, 199, 67, 231, 22,
       65, 202, 0, 191, 247, 48, 228, 217, 58, 27, 152, 59, 153, 81, 191,
       233, 255, 158, 64, 146, 14, 177, 40, 39, 100, 192, 15, 223, 57,
       150, 200, 95, 226, 41, 143, 107, 232, 223, 180, 27, 200, 194, 127,
       134, 34, 222, 59, 54, 28, 5, 63, 255, 255, 74, 132, 74, 144, 50,
       250, 19, 228, 49, 66, 189, 9, 75, 16, 188, 223, 40, 112, 165, 51,
       155, 16, 50, 141, 18, 247, 209, 247, 26, 75, 152, 1, 165, 59, 242,
       249, 104, 12, 79, 89, 156, 101, 137, 116, 160, 139, 0, 140, 86,
       19, 136, 177, 243, 197, 204, 43, 214, 213, 55, 48, 136, 63, 93,
       12, 94, 222, 33, 173, 93, 65, 69, 237, 97, 55, 105, 97, 110, 8,
       178, 17, 20, 53, 136, 10, 18, 12, 27, 248, 241, 37, 71, 152, 16,
       64, 74, 136, 66, 168, 182, 94, 255, 190, 106, 192, 159, 252, 153,
       206, 212, 247, 108, 255, 163, 11, 223, 241, 149, 195, 235, 71, 58,
       171, 242, 243, 206, 139, 45, 245, 38, 251, 194, 122, 151, 184, 75,
       236, 48, 198, 174, 31, 160, 29, 172, 146, 97, 91, 161, 51, 106,
       17, 39, 79, 146, 113, 145, 178, 90, 59, 152, 81, 47, 142, 245,
       237, 253, 255, 140, 79, 79, 253, 86, 242, 164, 26, 211, 117, 89,
       59, 89, 214, 123, 122, 121, 103, 251, 58, 251, 203, 197, 60, 241,
       249, 240, 32, 163, 185, 242, 74, 213, 189, 162, 201, 91, 65, 125,
       78, 40, 216, 254, 164, 248, 42, 146, 85, 151, 186, 124, 243, 62,
       93, 129, 107, 223, 15, 250, 132, 67, 17, 165, 133, 44, 118, 233,
       63, 109, 232, 154, 68, 220, 62, 208, 230, 132, 5, 124, 173, 149,
       200, 245, 200, 141, 122, 254, 132, 142, 164, 49, 125, 37, 117,
       117, 69, 116, 79, 239, 184, 124, 232, 119, 96, 211, 117, 157, 53,
       30, 92, 86, 106, 225, 240, 125, 76, 109, 158, 37, 132, 231, 187,
       86, 241, 87, 243, 214, 74, 250, 20, 118, 216, 239, 152, 125, 100,
       72, 218, 239, 246, 54, 193, 102, 126, 198, 35, 174, 244, 58, 56,
       5, 78, 251, 183, 107, 133, 67, 50, 184, 126, 104, 44, 216, 25,
       171, 95, 53, 125, 254, 253, 222, 26, 150, 17, 125, 5, 147, 71,
       219, 209, 194, 255, 120, 186, 204, 162, 203, 19, 224, 233, 153,
       100, 236, 77, 69, 157, 35, 184, 32, 72, 146, 147, 65, 58, 137,
       220, 117, 88, 91, 126, 218, 0, 109, 152, 165, 124, 64, 48, 82,
       170, 64, 9, 127, 229, 36, 202, 111, 48, 101, 4, 102, 0, 243, 3,
       176, 80, 34, 164, 44, 106, 72, 152, 33, 44, 198, 171, 96, 0, 36,
       130, 68, 40, 64, 133, 29, 179, 216, 237, 48, 35, 142, 51, 75, 80,
       148, 246, 104, 104, 129, 27, 106, 17, 19, 24, 91, 85, 77, 134, 63,
       108, 144, 72, 133, 2, 247, 92, 252, 101, 164, 94, 92, 52, 169,
       254, 183, 57, 74, 61, 151, 63, 134, 213, 125, 111, 236, 229, 97,
       202, 171, 250, 84, 150, 199, 245, 214, 95, 43, 169, 168, 59, 213,
       185, 186, 206, 94, 101, 120, 135, 169, 200, 118, 0, 217, 43, 147,
       21, 150, 186, 94, 179, 78, 93, 155, 107, 213, 78, 95, 206, 0, 187,
       249, 165, 242, 14, 191, 55, 58, 229, 90, 239, 181, 45, 208, 8, 54,
       127, 55, 21, 209, 248, 245, 0, 76, 167, 63, 160, 109, 226, 151,
       249, 207, 218, 124, 97, 40, 191, 91, 152, 239, 120, 22, 197, 221,
       31, 215, 123, 135, 85, 125, 254, 135, 4, 125, 244, 206, 219, 235,
       244, 62, 183, 73, 81, 204, 40, 149, 190, 173, 233, 107, 136, 191,
       150, 1, 16, 239, 227, 105, 143, 147, 97, 110, 106, 51, 69, 154,
       249, 141, 211, 75, 56, 150, 39, 5, 32, 130, 164, 150, 250, 219,
       240, 52, 231, 191, 23, 229, 17, 140, 255, 108, 203, 225, 59, 235,
       144, 50, 111, 186, 195, 159, 214, 94, 111, 130, 76, 165, 234, 83,
       191, 145, 186, 186, 168, 24, 135, 187, 123, 138, 253, 174, 166,
       194, 222, 167, 71, 236, 21, 151, 73, 206, 243, 152, 116, 30, 250,
       140, 68, 139, 93, 20, 11, 47, 169, 140, 203, 103, 81, 166, 100,
       219, 131, 215, 135, 41, 64, 104, 133, 47, 215, 74, 145, 105, 149,
       193, 224, 171, 68, 52, 138, 52, 114, 1, 191, 211, 85, 246, 43,
       239, 255, 118, 99, 122, 246, 49, 33, 240, 32, 127, 74, 18, 140,
       243, 184, 37, 111, 44, 14, 54, 192, 237, 216, 225, 185, 83, 233,
       3, 154, 27, 204, 11, 198, 175, 81, 138, 9, 172, 150, 64, 244, 160,
       235, 121, 213, 71, 75, 178, 245, 185, 116, 158, 122, 8, 4, 163,
       124, 249, 121, 151, 230, 173, 92, 86, 121, 233, 250, 181, 8, 255,
       255, 77, 191, 140, 245, 252, 98, 77, 99, 250, 160, 243, 217, 101,
       58, 74, 118, 74, 31, 170, 246, 242, 222, 247, 248, 250, 207, 251,
       222, 125, 51, 108, 252, 254, 37, 191, 251, 183, 147, 166, 244,
       174, 255, 127, 95, 15, 175, 103, 253, 103, 199, 182, 204, 239,
       251, 213, 183, 255, 230, 95, 179, 210, 18, 8, 61, 52, 201, 237,
       223, 151, 209, 250, 254, 121, 246, 191, 223, 222, 71, 151, 77,
       244, 138, 213, 120, 188, 82, 173, 221, 84, 140, 239, 250, 164, 12,
       254, 218, 79, 191, 129, 229, 252, 94, 207, 103, 251, 240, 155,
       219, 85, 62, 202, 53, 75, 14, 254, 165, 166, 242, 157, 209, 84,
       237, 215, 183, 173, 25, 74, 255, 126, 215, 217, 151, 235, 145,
       126, 107, 234, 215, 251, 215, 151, 127, 131, 70, 238, 198, 138,
       176, 180, 152, 235, 241, 176, 199, 143, 85, 68, 183, 172, 158,
       110, 207, 239, 27, 251, 17, 22, 79, 178, 209, 31, 81, 94, 107,
       146, 76, 173, 223, 105, 112, 181, 76, 109, 223, 81, 89, 195, 248,
       228, 8, 146, 149, 195, 182, 200, 60, 226, 28, 143, 102, 243, 16,
       87, 89, 1, 58, 82, 140, 86, 255, 105, 224, 180, 125, 105, 159, 80,
       152, 203, 184, 37, 8, 254, 221, 84, 182, 133, 116, 241, 8, 198,
       102, 251, 25, 79, 219, 69, 62, 82, 166, 66, 166, 1, 163, 19, 174,
       212, 137, 166, 103, 62, 9, 120, 74, 181, 225, 40, 16, 120, 42, 2,
       9, 83, 58, 2, 31, 52, 132, 62, 72, 81, 8, 163, 168, 63, 239, 11,
       170, 180, 207, 94, 221, 21, 12, 184, 42, 71, 93, 187, 16, 253,
       144, 87, 251, 110, 163, 105, 191, 250, 222, 165, 214, 119, 219,
       146, 67, 216, 249, 58, 186, 58, 192, 27, 152, 166, 212, 134, 169,
       191, 215, 227, 114, 38, 249, 253, 192, 10, 5, 170, 119, 209, 229,
       43, 255, 32, 7, 39, 115, 3, 185, 115, 193, 244, 213, 235, 83, 79,
       9, 120, 106, 168, 205, 244, 164, 222, 58, 6, 156, 147, 186, 48,
       245, 47, 28, 135, 234, 214, 138, 226, 181, 202, 92, 246, 190, 137,
       4, 61, 135, 245, 6, 194, 20, 237, 226, 35, 127, 236, 115, 171,
       193, 227, 205, 23, 235, 37, 119, 222, 2, 154, 116, 52, 188, 173,
       252, 105, 127, 108, 50, 207, 186, 84, 230, 252, 246, 241, 123,
       147, 113, 95, 206, 30, 234, 232, 254, 125, 175, 100, 239, 231,
       144, 55, 249, 80, 104, 121, 121, 29, 229, 188, 79, 71, 180, 45,
       232, 234, 72, 247, 55, 1, 113, 180, 245, 124, 106, 73, 186, 241,
       60, 241, 249, 39, 16, 72, 178, 67, 120, 64, 185, 26, 190, 25, 204,
       49, 7, 172, 9, 170, 0, 182, 147, 32, 80, 164, 51, 105, 0, 18, 9,
       146, 99, 225, 181, 26, 27, 0, 0, 167, 43, 220, 90, 245, 112, 107,
       126, 80, 146, 251, 186, 52, 112, 159, 223, 197, 191, 167, 117,
       228, 82, 169, 100, 42, 226, 131, 219, 113, 174, 194, 241, 102, 51,
       195, 191, 153, 26, 186, 141, 47, 183, 190, 221, 138, 252, 180,
       198, 194, 118, 7, 103, 126, 29, 247, 73, 238, 119, 172, 52, 63,
       250, 140, 0, 131, 125, 220, 92, 157, 117, 10, 102, 85, 176, 240,
       250, 162, 116, 215, 55, 65, 123, 131, 117, 124, 106, 41, 196, 251,
       8, 193, 235, 115, 20, 232, 113, 39, 51, 194, 76, 159, 220, 139,
       228, 61, 166, 185, 198, 206, 1, 188, 255, 33, 91, 225, 119, 249,
       145, 96, 205, 179, 234, 235, 178, 222, 11, 130, 112, 45, 74, 170,
       205, 102, 159, 87, 187, 182, 239, 94, 2, 121, 51, 104, 120, 62,
       165, 249, 122, 130, 163, 230, 190, 74, 255, 102, 38, 202, 35, 87,
       109, 253, 142, 135, 159, 47, 49, 240, 142, 239, 176, 56, 122, 82,
