%YAML:1.0
---
descriptors: !!opencv-matrix
   rows: 248
   cols: 32
   dt: u
   data: [ 197, 74, 127, 101, 36, 10, 110, 48, 108, 202, 114, 68, 243,
       10, 145, 107, 54, 228, 108, 111, 237, 244, 101, 14, 196, 235, 103,
       128, 108, 179, 65, 41, 118, 186, 227, 18, 207, 253, 144, 194, 171,
       125, 176, 63, 42, 156, 86, 155, 236, 179, 215, 145, 158, 111, 226,
       240, 23, 16, 88, 251, 197, 13, 94, 223, 152, 21, 123, 239, 86, 76,
       117, 117, 53, 13, 119, 58, 119, 23, 40, 81, 54, 186, 7, 40, 112,
       184, 49, 79, 247, 169, 48, 1, 97, 138, 231, 251, 195, 179, 109,
       129, 238, 25, 189, 127, 10, 241, 84, 255, 157, 142, 214, 34, 46,
       29, 119, 157, 215, 88, 167, 209, 94, 73, 186, 232, 45, 140, 147,
       253, 215, 174, 173, 181, 140, 54, 204, 186, 22, 246, 134, 159,
       195, 108, 83, 107, 205, 197, 249, 191, 189, 69, 255, 162, 155, 83,
       221, 21, 173, 124, 156, 84, 120, 96, 149, 101, 5, 95, 65, 53, 101,
       40, 166, 8, 215, 49, 0, 182, 16, 212, 108, 8, 9, 240, 209, 8, 199,
       255, 65, 16, 66, 170, 70, 42, 81, 163, 156, 174, 168, 45, 92, 159,
       238, 189, 174, 77, 215, 226, 74, 90, 131, 71, 108, 28, 150, 9,
       203, 32, 216, 239, 119, 57, 136, 242, 139, 9, 46, 232, 178, 200,
       207, 81, 179, 202, 31, 245, 76, 3, 140, 252, 126, 140, 249, 91,
       147, 211, 86, 114, 250, 243, 31, 85, 159, 111, 151, 127, 189, 214,
       175, 126, 47, 184, 62, 244, 155, 208, 157, 220, 212, 231, 252,
       220, 183, 11, 206, 113, 159, 247, 167, 199, 34, 174, 250, 83, 175,
       219, 158, 189, 53, 255, 56, 221, 122, 254, 28, 197, 215, 244, 213,
       12, 220, 2, 51, 221, 179, 96, 72, 184, 7, 74, 106, 171, 122, 191,
       243, 205, 162, 57, 119, 154, 116, 248, 87, 161, 172, 174, 140, 54,
       157, 172, 134, 245, 138, 143, 241, 108, 95, 42, 13, 199, 121, 167,
       141, 65, 255, 57, 217, 47, 223, 28, 141, 127, 185, 86, 86, 183,
       172, 164, 168, 65, 29, 187, 130, 246, 136, 237, 211, 174, 83, 11,
       157, 197, 253, 181, 206, 75, 231, 8, 248, 99, 239, 189, 132, 116,
       30, 82, 16, 174, 18, 90, 209, 248, 98, 199, 253, 15, 108, 0, 46,
       227, 36, 180, 121, 58, 130, 24, 18, 191, 2, 111, 51, 182, 18, 75,
       194, 66, 239, 172, 31, 132, 230, 210, 199, 50, 190, 255, 27, 83,
       87, 210, 72, 126, 189, 239, 127, 211, 183, 190, 183, 208, 47, 226,
       63, 126, 223, 199, 167, 247, 249, 245, 14, 148, 48, 139, 85, 247,
       178, 202, 31, 13, 75, 19, 140, 94, 46, 196, 217, 27, 147, 17, 22,
       156, 89, 223, 45, 22, 154, 71, 146, 15, 61, 134, 105, 47, 28, 109,
       112, 30, 113, 62, 105, 140, 126, 12, 159, 3, 3, 176, 128, 4, 76,
       44, 132, 184, 225, 12, 231, 251, 33, 1, 66, 160, 74, 131, 29, 202,
       235, 251, 150, 130, 111, 213, 116, 65, 199, 214, 89, 163, 184,
       104, 127, 206, 58, 188, 155, 217, 61, 228, 248, 239, 222, 68, 173,
       144, 241, 40, 86, 48, 26, 188, 43, 193, 18, 72, 175, 132, 169, 41,
       236, 214, 33, 80, 242, 185, 207, 195, 10, 3, 154, 93, 145, 215,
       11, 59, 16, 35, 39, 82, 11, 29, 100, 139, 53, 215, 162, 232, 93,
       72, 89, 70, 232, 88, 191, 225, 220, 43, 146, 103, 247, 184, 124,
       253, 36, 88, 138, 195, 95, 15, 121, 221, 170, 184, 176, 218, 205,
       213, 253, 223, 95, 95, 116, 30, 184, 253, 118, 172, 205, 123, 147,
       17, 227, 126, 250, 243, 79, 95, 222, 235, 211, 92, 246, 255, 41,
       222, 105, 91, 118, 153, 233, 247, 125, 73, 126, 246, 187, 13, 190,
       32, 111, 138, 22, 156, 227, 184, 101, 247, 110, 207, 182, 192,
       255, 136, 208, 253, 80, 33, 51, 250, 11, 205, 113, 71, 173, 5,
       171, 24, 182, 151, 32, 80, 160, 187, 105, 0, 74, 203, 146, 17,
       209, 224, 16, 59, 0, 0, 167, 42, 102, 65, 22, 140, 77, 85, 146,
       96, 137, 132, 185, 11, 78, 216, 63, 134, 216, 177, 219, 99, 76,
       35, 80, 204, 177, 48, 139, 59, 87, 63, 61, 134, 182, 251, 235,
       154, 254, 161, 143, 216, 151, 92, 245, 239, 65, 205, 251, 12, 127,
       200, 135, 247, 138, 35, 174, 243, 56, 4, 175, 252, 245, 191, 244,
       241, 94, 90, 228, 181, 175, 51, 157, 187, 143, 246, 150, 191, 207,
       44, 215, 203, 79, 213, 253, 167, 236, 103, 239, 170, 154, 211,
       255, 183, 167, 252, 21, 93, 51, 191, 98, 174, 92, 147, 202, 248,
       198, 196, 217, 199, 99, 232, 190, 128, 88, 234, 22, 111, 206, 163,
       92, 189, 56, 12, 173, 156, 125, 191, 120, 196, 3, 159, 55, 203,
       244, 199, 175, 255, 29, 73, 90, 246, 244, 126, 180, 32, 255, 59,
       23, 165, 243, 184, 105, 255, 44, 30, 191, 194, 28, 10, 181, 253,
       207, 159, 126, 255, 174, 144, 255, 48, 189, 90, 87, 246, 253, 255,
       182, 99, 102, 115, 63, 207, 241, 205, 62, 255, 206, 251, 250, 192,
       30, 165, 33, 121, 251, 205, 46, 94, 205, 150, 207, 191, 209, 78,
       253, 5, 113, 109, 190, 119, 89, 226, 85, 239, 236, 171, 62, 63,
       115, 123, 229, 152, 83, 118, 246, 254, 139, 157, 119, 251, 118,
       253, 234, 246, 253, 89, 82, 246, 189, 63, 181, 229, 110, 235, 31,
       204, 163, 152, 63, 255, 142, 250, 186, 192, 63, 129, 53, 185, 102,
       54, 18, 156, 25, 181, 16, 73, 175, 136, 137, 109, 238, 210, 107,
       212, 217, 177, 234, 33, 14, 67, 154, 223, 144, 52, 11, 59, 24, 12,
       43, 6, 114, 35, 18, 168, 153, 7, 144, 76, 189, 45, 160, 11, 14,
       226, 38, 217, 248, 173, 206, 160, 28, 11, 144, 220, 177, 244, 218,
       59, 177, 12, 174, 6, 170, 115, 114, 218, 117, 247, 120, 80, 31,
       236, 117, 62, 8, 157, 231, 188, 94, 184, 151, 90, 198, 182, 120,
       210, 23, 93, 145, 163, 23, 143, 94, 255, 129, 159, 29, 159, 124,
       135, 174, 191, 156, 74, 154, 246, 244, 126, 164, 65, 231, 51, 31,
       165, 241, 137, 73, 127, 44, 42, 255, 128, 28, 136, 161, 153, 95,
       55, 238, 65, 167, 58, 250, 83, 105, 249, 191, 238, 137, 42, 214,
       190, 175, 197, 221, 191, 157, 243, 229, 192, 158, 89, 175, 231,
       239, 231, 251, 149, 97, 40, 200, 69, 92, 30, 66, 16, 75, 160, 166,
       8, 210, 49, 85, 118, 72, 244, 122, 88, 9, 122, 241, 8, 31, 184,
       197, 48, 192, 169, 90, 36, 14, 184, 175, 148, 236, 21, 189, 90,
       138, 250, 20, 231, 188, 255, 247, 46, 175, 121, 255, 157, 131, 79,
       174, 192, 78, 25, 255, 174, 142, 228, 35, 249, 102, 115, 34, 186,
       109, 157, 150, 104, 207, 108, 145, 143, 206, 200, 62, 132, 220,
       233, 223, 103, 206, 39, 222, 221, 176, 80, 139, 187, 93, 63, 59,
       87, 231, 216, 238, 218, 236, 212, 255, 212, 207, 95, 149, 23, 232,
       204, 254, 107, 207, 195, 191, 215, 198, 39, 62, 241, 127, 121,
       222, 235, 21, 223, 245, 87, 124, 165, 156, 101, 137, 95, 87, 168,
       227, 180, 164, 8, 195, 113, 66, 55, 145, 196, 104, 122, 108, 107,
       251, 24, 171, 219, 69, 63, 194, 120, 78, 6, 134, 150, 111, 222,
       110, 130, 187, 120, 180, 31, 215, 247, 104, 199, 168, 75, 127, 81,
       175, 162, 240, 199, 43, 255, 86, 35, 251, 193, 21, 129, 181, 241,
       3, 58, 25, 169, 110, 181, 185, 90, 142, 249, 20, 255, 156, 222,
       226, 107, 207, 25, 223, 17, 151, 79, 170, 209, 14, 81, 59, 254,
       28, 12, 137, 215, 238, 58, 99, 48, 239, 221, 176, 211, 169, 93,
       176, 255, 46, 220, 87, 154, 239, 179, 215, 21, 134, 39, 242, 192,
       23, 80, 58, 187, 197, 12, 95, 223, 117, 225, 173, 182, 140, 46,
       95, 173, 34, 247, 139, 13, 215, 108, 91, 42, 149, 199, 121, 79,
       156, 65, 249, 32, 249, 135, 237, 52, 160, 123, 144, 82, 108, 151,
       90, 238, 112, 166, 91, 49, 176, 13, 255, 173, 215, 199, 42, 80,
       214, 189, 109, 170, 24, 131, 136, 47, 210, 241, 32, 137, 32, 131,
       46, 19, 171, 170, 232, 217, 252, 213, 253, 223, 95, 95, 84, 178,
       189, 221, 246, 96, 221, 27, 151, 153, 242, 190, 107, 247, 110,
       223, 190, 232, 150, 204, 209, 249, 29, 22, 125, 109, 118, 35, 251,
       120, 68, 96, 127, 230, 89, 109, 189, 96, 62, 52, 23, 173, 177,
       176, 45, 223, 86, 239, 163, 196, 255, 171, 81, 177, 134, 214, 127,
       223, 110, 230, 173, 123, 157, 90, 83, 246, 244, 247, 172, 107,
       247, 113, 63, 175, 225, 197, 58, 223, 5, 58, 107, 138, 20, 224,
