%YAML:1.0
---
descriptors: !!opencv-matrix
   rows: 180
   cols: 32
   dt: u
   data: [ 89, 13, 255, 253, 118, 14, 111, 50, 117, 130, 126, 66, 113,
       51, 177, 101, 114, 236, 62, 238, 233, 184, 37, 238, 244, 174, 226,
       0, 39, 248, 112, 40, 39, 161, 112, 195, 253, 61, 248, 9, 79, 113,
       61, 25, 206, 121, 94, 44, 159, 11, 95, 61, 150, 120, 255, 215, 15,
       92, 21, 127, 214, 142, 209, 199, 69, 81, 29, 65, 49, 14, 115, 152,
       109, 104, 103, 68, 222, 18, 13, 112, 182, 68, 108, 126, 145, 176,
       57, 76, 229, 188, 33, 70, 72, 51, 67, 39, 118, 114, 123, 129, 78,
       73, 250, 88, 45, 228, 177, 207, 7, 79, 93, 29, 122, 137, 95, 255,
       12, 99, 253, 208, 151, 152, 139, 191, 101, 171, 119, 246, 188,
       141, 106, 65, 212, 247, 227, 250, 86, 36, 238, 18, 82, 57, 61, 33,
       121, 140, 19, 248, 56, 187, 57, 62, 91, 15, 129, 101, 243, 137,
       116, 162, 34, 239, 106, 63, 222, 139, 191, 103, 86, 229, 104, 143,
       35, 236, 54, 0, 152, 235, 67, 5, 236, 186, 124, 63, 117, 5, 13,
       57, 245, 126, 214, 202, 2, 162, 149, 155, 236, 169, 168, 143, 30,
       59, 17, 249, 180, 210, 200, 136, 207, 27, 107, 17, 19, 88, 75,
       209, 12, 16, 126, 254, 156, 72, 129, 185, 77, 241, 189, 71, 37,
       14, 115, 184, 104, 73, 39, 76, 222, 113, 8, 50, 146, 68, 120, 110,
       193, 176, 249, 13, 199, 185, 64, 6, 72, 34, 67, 51, 242, 197, 103,
       236, 29, 82, 70, 109, 229, 4, 210, 3, 67, 104, 52, 231, 120, 228,
       237, 227, 108, 163, 5, 141, 179, 234, 194, 19, 55, 62, 244, 14, 2,
       233, 153, 187, 248, 201, 182, 207, 142, 21, 72, 99, 180, 222, 104,
       64, 203, 59, 35, 17, 18, 26, 74, 113, 173, 20, 30, 106, 144, 26,
       165, 139, 41, 79, 86, 69, 52, 155, 235, 55, 108, 9, 126, 96, 219,
       33, 148, 180, 62, 36, 70, 44, 145, 184, 5, 76, 44, 158, 38, 192,
       78, 138, 75, 173, 70, 172, 244, 188, 190, 161, 190, 175, 155, 178,
       24, 155, 237, 234, 84, 2, 151, 119, 125, 149, 178, 77, 142, 243,
       172, 30, 223, 254, 132, 117, 145, 13, 45, 178, 240, 97, 45, 93,
       208, 24, 123, 253, 52, 61, 158, 61, 222, 191, 143, 20, 221, 21,
       159, 112, 241, 144, 207, 217, 113, 247, 194, 140, 94, 119, 79,
       115, 252, 101, 34, 94, 125, 56, 41, 236, 38, 172, 223, 55, 131,
       255, 22, 213, 253, 238, 193, 208, 245, 200, 198, 251, 97, 132, 38,
       166, 15, 113, 183, 226, 229, 255, 12, 7, 76, 184, 83, 178, 240,
       90, 115, 105, 93, 27, 217, 204, 53, 238, 234, 118, 207, 187, 139,
       250, 197, 52, 63, 249, 80, 8, 11, 175, 98, 137, 215, 177, 190,
       199, 95, 69, 88, 167, 40, 168, 182, 132, 254, 43, 147, 149, 150,
       186, 4, 255, 46, 20, 158, 235, 223, 94, 249, 204, 88, 189, 110,
       113, 179, 186, 121, 23, 255, 101, 78, 177, 159, 151, 146, 116, 39,
       63, 253, 156, 178, 216, 245, 86, 207, 253, 50, 193, 166, 196, 135,
       120, 68, 50, 249, 103, 224, 46, 105, 16, 122, 187, 63, 92, 215,
       51, 201, 122, 55, 94, 125, 24, 145, 208, 185, 64, 205, 187, 115,
       228, 136, 227, 67, 177, 3, 127, 123, 229, 114, 158, 190, 118, 61,
       72, 122, 228, 189, 158, 165, 112, 166, 63, 159, 196, 193, 152, 48,
       238, 166, 253, 42, 130, 12, 176, 33, 249, 122, 169, 114, 106, 61,
       221, 90, 84, 235, 13, 252, 8, 46, 223, 38, 148, 234, 187, 199, 72,
       30, 43, 146, 249, 179, 252, 0, 27, 99, 134, 238, 14, 1, 77, 246,
       213, 116, 142, 111, 50, 125, 128, 126, 66, 249, 51, 177, 100, 114,
       110, 62, 202, 96, 248, 5, 238, 230, 174, 230, 0, 38, 240, 97, 168,
       197, 164, 221, 241, 236, 41, 233, 11, 254, 179, 51, 216, 157, 233,
       216, 11, 171, 143, 110, 24, 51, 116, 207, 210, 140, 154, 127, 100,
       140, 201, 131, 160, 13, 231, 198, 71, 50, 27, 110, 184, 118, 160,
       111, 228, 209, 99, 153, 244, 55, 76, 108, 110, 193, 208, 207, 62,
       44, 238, 37, 132, 46, 179, 72, 5, 252, 81, 86, 236, 13, 86, 94,
       248, 165, 142, 246, 10, 75, 123, 33, 215, 248, 212, 237, 226, 104,
       231, 27, 204, 243, 251, 199, 23, 51, 191, 252, 2, 34, 168, 80,
       154, 109, 137, 248, 70, 235, 17, 240, 9, 174, 136, 84, 20, 170,
       171, 123, 5, 6, 43, 194, 241, 20, 24, 26, 59, 69, 12, 75, 142,
       152, 157, 57, 251, 144, 207, 83, 183, 22, 13, 238, 16, 183, 87,
       32, 112, 213, 58, 29, 24, 58, 136, 113, 63, 235, 239, 52, 80, 18,
       136, 196, 107, 121, 93, 23, 238, 61, 207, 86, 48, 197, 200, 235,
       68, 255, 249, 32, 240, 212, 114, 92, 106, 201, 161, 88, 63, 227,
       255, 33, 26, 122, 43, 64, 51, 109, 143, 203, 103, 116, 58, 98,
       186, 119, 65, 126, 204, 243, 97, 153, 240, 50, 206, 108, 110, 141,
       240, 237, 45, 230, 175, 33, 4, 236, 243, 90, 0, 196, 172, 133,
       147, 214, 168, 46, 143, 190, 147, 10, 82, 244, 226, 73, 74, 113,
       238, 42, 152, 114, 92, 202, 243, 172, 38, 159, 100, 160, 112, 177,
       136, 125, 61, 149, 238, 169, 47, 94, 249, 59, 186, 185, 76, 223,
       251, 73, 176, 157, 223, 125, 98, 105, 99, 219, 187, 251, 223, 101,
       190, 90, 122, 130, 3, 198, 172, 153, 188, 252, 161, 174, 239, 186,
       179, 16, 218, 252, 234, 80, 66, 179, 111, 123, 153, 50, 73, 142,
       251, 172, 22, 191, 236, 148, 112, 147, 136, 166, 140, 215, 254,
       252, 171, 214, 238, 223, 147, 240, 80, 238, 232, 37, 207, 211,
       107, 110, 33, 48, 239, 202, 255, 168, 190, 87, 26, 212, 121, 233,
       141, 199, 183, 151, 216, 252, 164, 185, 223, 191, 155, 56, 116,
       156, 183, 228, 111, 135, 27, 127, 29, 179, 75, 138, 209, 140, 154,
       127, 238, 156, 224, 161, 161, 166, 32, 245, 97, 108, 11, 216, 8,
       123, 177, 48, 217, 142, 29, 213, 59, 159, 149, 125, 61, 178, 116,
       193, 208, 142, 218, 81, 246, 197, 172, 67, 7, 2, 167, 234, 185,
       215, 241, 184, 71, 30, 69, 88, 183, 168, 172, 62, 0, 251, 11, 147,
       149, 22, 186, 6, 215, 110, 7, 158, 235, 149, 76, 189, 222, 73, 75,
       93, 103, 36, 14, 111, 180, 108, 168, 126, 100, 243, 33, 145, 114,
       150, 100, 108, 110, 201, 176, 225, 40, 230, 249, 101, 128, 72,
       179, 67, 41, 106, 50, 246, 117, 109, 88, 249, 19, 235, 253, 118,
       189, 175, 143, 214, 191, 234, 164, 247, 28, 148, 122, 231, 192,
       70, 249, 82, 233, 70, 140, 79, 223, 126, 199, 237, 251, 172, 114,
       95, 189, 23, 255, 159, 243, 73, 111, 218, 75, 93, 215, 175, 242,
       250, 66, 239, 163, 238, 231, 255, 197, 183, 255, 244, 113, 137,
       75, 86, 69, 52, 155, 234, 39, 124, 13, 126, 0, 171, 32, 150, 164,
       58, 38, 110, 76, 192, 184, 37, 206, 166, 253, 34, 0, 78, 140, 73,
       45, 58, 189, 43, 183, 221, 205, 167, 231, 22, 237, 216, 11, 163,
       173, 112, 0, 137, 58, 195, 129, 122, 186, 90, 63, 249, 7, 157, 57,
       113, 76, 150, 250, 93, 113, 113, 69, 50, 14, 115, 24, 105, 104,
       127, 108, 222, 17, 137, 52, 182, 4, 124, 106, 193, 176, 185, 76,
       212, 172, 33, 70, 106, 35, 67, 35, 242, 56, 174, 244, 139, 253,
       145, 23, 187, 127, 150, 63, 168, 188, 70, 42, 173, 183, 253, 145,
       191, 111, 242, 227, 87, 119, 216, 243, 207, 76, 150, 95, 116, 103,
       76, 101, 138, 75, 71, 168, 32, 164, 175, 170, 211, 97, 137, 19,
       56, 212, 108, 106, 72, 243, 205, 12, 240, 129, 101, 53, 97, 122,
       70, 34, 129, 194, 55, 69, 44, 31, 237, 188, 236, 58, 182, 68, 235,
       8, 156, 167, 182, 68, 126, 110, 225, 229, 33, 221, 160, 250, 118,
       212, 74, 148, 193, 45, 17, 79, 222, 245, 20, 134, 110, 102, 252,
       128, 110, 66, 185, 163, 48, 64, 96, 238, 42, 200, 64, 185, 0, 239,
       226, 239, 134, 0, 1, 176, 105, 136, 130, 253, 21, 187, 221, 199,
       166, 236, 158, 16, 192, 75, 180, 210, 40, 129, 220, 123, 10, 99,
       115, 11, 90, 253, 169, 144, 143, 126, 24, 10, 161, 168, 254, 88,
       242, 228, 77, 86, 94, 224, 57, 174, 246, 10, 75, 59, 7, 223, 248,
       213, 253, 226, 108, 215, 249, 234, 147, 250, 199, 23, 35, 183,
       110, 6, 210, 72, 223, 190, 14, 8, 109, 128, 185, 146, 178, 90,
       127, 107, 21, 91, 98, 229, 125, 235, 104, 71, 139, 226, 145, 250,
       219, 24, 37, 113, 99, 40, 93, 49, 145, 225, 178, 46, 44, 31, 58,
