%YAML:1.0
---
descriptors: !!opencv-matrix
   rows: 264
   cols: 32
   dt: u
   data: [ 114, 175, 120, 68, 158, 122, 215, 239, 201, 166, 188, 171, 98,
       124, 150, 50, 175, 247, 205, 33, 252, 43, 164, 239, 123, 126, 5,
       59, 103, 254, 214, 79, 189, 76, 253, 117, 229, 127, 76, 218, 81,
       178, 124, 26, 91, 45, 83, 59, 25, 236, 19, 46, 40, 244, 113, 170,
       71, 219, 85, 37, 243, 249, 82, 192, 122, 50, 226, 117, 103, 95,
       208, 66, 105, 237, 182, 47, 10, 29, 86, 154, 236, 189, 245, 1,
       140, 255, 225, 192, 23, 93, 16, 243, 71, 12, 94, 95, 112, 102, 18,
       168, 13, 35, 86, 111, 189, 6, 160, 11, 14, 170, 39, 209, 248, 169,
       202, 162, 108, 35, 128, 222, 177, 208, 131, 63, 81, 124, 238, 6,
       242, 47, 18, 154, 25, 181, 18, 73, 174, 8, 137, 13, 238, 194, 107,
       212, 216, 33, 234, 35, 110, 7, 138, 223, 176, 20, 11, 59, 24, 46,
       41, 6, 91, 19, 22, 183, 51, 152, 56, 39, 173, 9, 202, 245, 175,
       34, 10, 208, 166, 183, 237, 133, 76, 153, 129, 239, 176, 247, 58,
       131, 42, 4, 171, 31, 69, 119, 185, 226, 188, 34, 95, 152, 171,
       233, 189, 236, 221, 231, 201, 114, 151, 85, 93, 254, 145, 67, 185,
       236, 250, 221, 47, 252, 140, 243, 163, 49, 237, 159, 175, 191,
       184, 46, 23, 191, 178, 223, 182, 245, 118, 119, 139, 123, 213,
       246, 125, 46, 253, 205, 235, 47, 254, 47, 117, 144, 136, 248, 164,
       123, 41, 141, 96, 47, 221, 207, 199, 239, 86, 36, 236, 11, 227,
       104, 54, 0, 89, 234, 66, 235, 92, 58, 93, 63, 109, 15, 133, 49,
       115, 30, 210, 202, 205, 93, 247, 69, 226, 110, 111, 144, 120, 234,
       90, 100, 93, 55, 145, 123, 54, 117, 61, 106, 225, 212, 189, 106,
       103, 175, 103, 132, 174, 243, 5, 113, 18, 203, 1, 153, 25, 133,
       24, 111, 30, 13, 72, 149, 164, 198, 32, 64, 221, 59, 131, 132, 90,
       26, 66, 247, 161, 20, 154, 235, 16, 4, 165, 222, 84, 181, 158,
       183, 136, 100, 29, 7, 186, 151, 138, 17, 215, 183, 74, 90, 165,
       119, 109, 145, 58, 73, 147, 2, 233, 167, 126, 81, 128, 64, 165,
       83, 16, 208, 126, 105, 52, 215, 187, 236, 78, 77, 244, 3, 177, 94,
       62, 64, 254, 25, 23, 209, 198, 168, 49, 85, 67, 141, 186, 69, 85,
       10, 109, 219, 36, 166, 57, 233, 184, 239, 75, 138, 22, 57, 185,
       24, 215, 115, 72, 24, 217, 155, 21, 58, 26, 18, 73, 23, 205, 133,
       169, 124, 144, 139, 70, 162, 126, 103, 33, 168, 25, 71, 95, 120,
       135, 164, 140, 137, 202, 231, 35, 84, 92, 221, 79, 226, 72, 3,
       251, 222, 241, 180, 143, 61, 50, 190, 38, 98, 145, 79, 95, 109,
       52, 10, 238, 49, 100, 64, 122, 198, 243, 42, 144, 97, 118, 228,
       28, 238, 237, 176, 101, 13, 228, 233, 162, 128, 109, 178, 233,
       169, 80, 124, 27, 252, 9, 205, 117, 103, 173, 12, 234, 8, 54, 147,
       33, 80, 160, 187, 105, 0, 66, 139, 146, 47, 241, 182, 20, 59, 0,
       80, 39, 42, 76, 180, 185, 227, 255, 201, 49, 207, 15, 61, 29, 58,
       142, 223, 104, 0, 151, 25, 139, 16, 18, 56, 233, 210, 239, 213,
       23, 127, 146, 10, 133, 99, 9, 11, 127, 254, 29, 164, 233, 122,
       220, 72, 244, 70, 189, 11, 53, 97, 238, 163, 18, 141, 163, 43, 50,
       253, 67, 255, 26, 8, 91, 136, 97, 184, 78, 255, 165, 171, 185, 69,
       31, 168, 22, 253, 137, 9, 207, 103, 73, 70, 213, 87, 125, 243,
       106, 66, 251, 179, 237, 212, 143, 255, 146, 54, 23, 122, 104, 64,
       21, 101, 5, 95, 67, 60, 101, 0, 231, 8, 211, 49, 8, 180, 216, 212,
       104, 106, 73, 176, 121, 12, 231, 251, 68, 20, 98, 58, 70, 32, 4,
       140, 26, 187, 148, 183, 146, 194, 31, 9, 89, 3, 228, 249, 32, 64,
       217, 59, 131, 17, 54, 168, 88, 191, 175, 151, 130, 75, 152, 74,
       57, 130, 101, 33, 233, 70, 220, 15, 71, 0, 74, 162, 225, 8, 210,
       56, 93, 115, 216, 196, 122, 106, 140, 114, 253, 8, 119, 168, 197,
       56, 209, 107, 82, 6, 5, 67, 78, 73, 36, 26, 238, 24, 108, 64, 247,
       196, 195, 8, 159, 225, 54, 12, 124, 110, 197, 176, 109, 0, 166,
       235, 34, 132, 108, 155, 89, 85, 77, 3, 8, 168, 32, 12, 120, 152,
       110, 92, 54, 109, 215, 131, 210, 91, 166, 196, 108, 95, 140, 64,
       137, 16, 218, 241, 38, 157, 136, 147, 75, 65, 133, 24, 27, 255,
       52, 164, 187, 81, 156, 74, 81, 98, 188, 223, 161, 104, 254, 59,
       23, 131, 161, 190, 58, 238, 197, 191, 170, 136, 28, 43, 49, 179,
       11, 213, 52, 139, 213, 151, 190, 173, 93, 64, 94, 2, 236, 92, 62,
       228, 250, 3, 155, 225, 246, 184, 121, 255, 47, 119, 142, 199, 22,
       14, 185, 95, 18, 149, 59, 250, 219, 240, 177, 99, 189, 65, 237,
       50, 60, 246, 46, 116, 226, 187, 155, 128, 83, 11, 50, 245, 155,
       245, 26, 75, 49, 0, 167, 254, 208, 162, 159, 254, 40, 194, 25, 40,
       182, 156, 214, 177, 245, 239, 104, 83, 87, 255, 237, 128, 10, 199,
       139, 57, 201, 227, 255, 137, 32, 160, 37, 107, 126, 178, 172, 179,
       169, 189, 88, 191, 163, 252, 144, 189, 143, 14, 83, 155, 133, 207,
       253, 149, 158, 78, 201, 176, 222, 211, 189, 253, 162, 132, 30, 91,
       102, 170, 40, 251, 184, 225, 153, 143, 142, 61, 149, 171, 161, 79,
       194, 2, 73, 219, 253, 145, 74, 74, 235, 181, 207, 17, 191, 249,
       20, 138, 22, 122, 82, 166, 58, 188, 186, 192, 61, 111, 190, 23,
       140, 163, 165, 199, 34, 80, 103, 51, 235, 129, 114, 75, 138, 85,
       240, 37, 59, 249, 52, 64, 167, 75, 35, 189, 101, 81, 213, 159,
       236, 119, 119, 97, 122, 86, 112, 24, 148, 164, 125, 238, 50, 157,
       241, 248, 117, 255, 44, 62, 213, 64, 207, 140, 210, 188, 6, 141,
       173, 179, 160, 106, 189, 167, 62, 183, 10, 147, 220, 63, 64, 75,
       227, 87, 59, 149, 50, 216, 251, 224, 237, 54, 222, 199, 132, 81,
       149, 234, 41, 161, 119, 65, 212, 223, 225, 83, 125, 8, 126, 64,
       179, 83, 156, 116, 120, 158, 102, 56, 155, 184, 113, 95, 47, 188,
       2, 64, 67, 136, 70, 168, 127, 85, 229, 135, 142, 82, 143, 184, 66,
       250, 150, 238, 216, 108, 215, 239, 95, 196, 125, 239, 233, 225,
       239, 234, 12, 46, 239, 148, 175, 255, 80, 125, 15, 133, 230, 211,
       199, 54, 190, 237, 91, 27, 95, 146, 72, 126, 255, 239, 119, 215,
       179, 190, 182, 208, 47, 226, 63, 123, 223, 199, 135, 247, 249,
       229, 165, 47, 80, 161, 254, 129, 235, 223, 90, 169, 248, 238, 57,
       203, 241, 0, 127, 235, 23, 253, 162, 62, 204, 222, 60, 140, 175,
       252, 117, 138, 211, 169, 163, 186, 107, 83, 116, 159, 251, 119,
       93, 201, 245, 255, 59, 28, 150, 32, 254, 186, 151, 13, 165, 184,
       101, 255, 15, 94, 176, 130, 79, 140, 210, 223, 41, 201, 96, 143,
       93, 139, 207, 165, 84, 36, 234, 143, 225, 72, 54, 64, 88, 232, 2,
       109, 220, 186, 117, 191, 108, 44, 132, 80, 117, 142, 208, 204,
       124, 55, 216, 228, 170, 105, 23, 62, 162, 166, 174, 169, 239, 55,
       65, 18, 134, 247, 237, 34, 88, 3, 203, 2, 251, 197, 101, 63, 160,
       242, 7, 43, 40, 185, 33, 50, 253, 221, 150, 231, 22, 237, 188, 41,
       162, 189, 68, 132, 137, 58, 195, 81, 26, 58, 72, 63, 45, 85, 21,
       123, 210, 12, 214, 251, 127, 91, 234, 110, 236, 22, 222, 156, 97,
       202, 253, 111, 123, 125, 159, 58, 252, 228, 245, 239, 204, 99,
       239, 170, 114, 127, 229, 157, 239, 247, 250, 211, 210, 177, 150,
       177, 171, 100, 60, 143, 171, 187, 138, 17, 140, 182, 72, 74, 167,
       87, 253, 145, 18, 73, 147, 194, 153, 246, 223, 255, 128, 80, 165,
       15, 86, 30, 223, 180, 130, 162, 59, 81, 188, 134, 75, 231, 77,
       231, 35, 89, 54, 189, 171, 147, 112, 209, 140, 74, 144, 38, 107,
       128, 164, 227, 37, 81, 144, 34, 46, 249, 8, 135, 89, 91, 54, 55,
       198, 149, 19, 143, 3, 91, 205, 189, 109, 148, 40, 221, 211, 16,
       209, 227, 251, 17, 160, 160, 36, 90, 44, 172, 89, 233, 252, 235,
       75, 154, 86, 57, 120, 80, 147, 51, 192, 48, 89, 152, 22, 184, 59,
       62, 73, 22, 77, 143, 161, 116, 240, 233, 70, 160, 77, 109, 249,
       230, 188, 42, 79, 156, 43, 160, 191, 200, 223, 103, 217, 118, 86,
       199, 125, 126, 137, 1, 233, 234, 234, 188, 167, 188, 174, 243,
       192, 33, 190, 96, 147, 58, 73, 125, 82, 200, 171, 17, 161, 24, 14,
