%YAML:1.0
---
descriptors: !!opencv-matrix
   rows: 434
   cols: 32
   dt: u
   data: [ 19, 27, 239, 87, 162, 58, 101, 23, 117, 105, 95, 228, 243, 44,
       150, 108, 54, 110, 54, 13, 145, 248, 103, 33, 198, 46, 112, 128,
       238, 236, 208, 125, 195, 134, 231, 149, 246, 50, 237, 39, 125,
       195, 83, 246, 64, 44, 180, 111, 127, 103, 50, 173, 181, 220, 37,
       198, 44, 62, 222, 198, 133, 100, 241, 100, 57, 100, 80, 238, 116,
       59, 75, 236, 117, 38, 237, 138, 107, 67, 155, 20, 122, 200, 6,
       234, 108, 178, 108, 159, 242, 205, 1, 53, 119, 219, 118, 236, 189,
       192, 88, 107, 100, 11, 111, 248, 85, 34, 117, 10, 91, 73, 184,
       145, 126, 200, 22, 234, 104, 182, 73, 31, 102, 207, 225, 36, 119,
       187, 218, 128, 57, 15, 236, 85, 54, 59, 205, 59, 85, 227, 86, 238,
       123, 45, 151, 40, 63, 238, 53, 173, 169, 248, 101, 79, 66, 15,
       241, 144, 239, 248, 88, 121, 88, 38, 123, 237, 18, 98, 107, 80,
       52, 134, 199, 135, 63, 7, 33, 89, 118, 173, 13, 170, 104, 149,
       161, 76, 209, 225, 42, 128, 32, 163, 39, 114, 165, 98, 154, 242,
       108, 173, 249, 64, 239, 29, 53, 28, 143, 139, 78, 27, 138, 9, 70,
       90, 2, 103, 138, 240, 198, 217, 82, 121, 216, 153, 75, 129, 59,
       188, 233, 115, 245, 255, 219, 158, 83, 111, 124, 27, 59, 61, 94,
       60, 157, 222, 149, 21, 175, 254, 253, 183, 111, 95, 149, 231, 231,
       204, 214, 255, 220, 112, 253, 230, 14, 79, 83, 216, 227, 242, 167,
       40, 95, 95, 73, 59, 179, 213, 125, 114, 105, 103, 251, 24, 211,
       203, 101, 63, 96, 179, 71, 114, 218, 244, 54, 108, 43, 240, 56,
       27, 166, 0, 142, 185, 237, 215, 8, 114, 55, 85, 253, 160, 66, 69,
       175, 87, 211, 229, 35, 207, 34, 132, 39, 99, 81, 63, 80, 39, 178,
       10, 62, 181, 40, 232, 90, 237, 247, 34, 136, 80, 182, 127, 77,
       103, 197, 152, 197, 46, 188, 164, 44, 144, 44, 242, 139, 25, 40,
       175, 104, 185, 253, 255, 208, 119, 23, 109, 124, 9, 175, 173, 18,
       128, 137, 42, 199, 5, 62, 186, 98, 159, 111, 223, 48, 241, 87,
       140, 222, 219, 37, 119, 235, 69, 246, 14, 239, 248, 101, 236, 127,
       166, 81, 119, 183, 36, 126, 76, 23, 238, 193, 176, 45, 78, 103,
       44, 165, 132, 103, 251, 118, 241, 56, 221, 25, 254, 219, 197, 87,
       253, 55, 4, 232, 9, 127, 255, 40, 80, 255, 219, 67, 226, 106, 11,
       91, 63, 251, 239, 5, 58, 113, 114, 230, 154, 182, 127, 237, 173,
       252, 123, 236, 250, 61, 230, 246, 255, 139, 111, 145, 221, 127,
       221, 255, 225, 248, 247, 101, 206, 190, 211, 239, 149, 229, 253,
       118, 241, 250, 254, 22, 190, 11, 197, 28, 235, 191, 30, 161, 153,
       111, 239, 107, 217, 239, 179, 237, 130, 110, 79, 10, 247, 179,
       211, 218, 187, 50, 84, 47, 91, 218, 181, 151, 190, 153, 208, 28,
       15, 187, 93, 131, 185, 239, 254, 74, 219, 231, 215, 253, 145, 126,
       75, 234, 225, 185, 243, 222, 219, 130, 68, 175, 78, 43, 110, 227,
       141, 236, 59, 237, 247, 93, 238, 250, 239, 155, 44, 151, 81, 111,
       204, 111, 45, 236, 187, 229, 202, 246, 127, 39, 180, 79, 252, 113,
       221, 1, 47, 122, 5, 100, 159, 237, 119, 125, 234, 254, 78, 159,
       40, 150, 117, 238, 175, 126, 13, 228, 253, 101, 206, 118, 63, 118,
       128, 75, 204, 235, 221, 173, 62, 168, 25, 245, 253, 161, 91, 94,
       79, 124, 156, 168, 228, 251, 172, 93, 42, 130, 28, 183, 246, 118,
       19, 14, 31, 49, 105, 218, 204, 217, 244, 83, 172, 7, 178, 25, 164,
       8, 198, 171, 115, 138, 9, 175, 150, 0, 255, 165, 231, 88, 133, 15,
       79, 146, 245, 145, 246, 218, 58, 0, 85, 35, 76, 86, 3, 206, 165,
       10, 18, 60, 32, 169, 176, 131, 163, 77, 46, 35, 219, 38, 229, 237,
       231, 20, 209, 141, 200, 146, 99, 207, 135, 44, 39, 45, 22, 108,
       115, 187, 178, 236, 173, 255, 216, 170, 93, 177, 77, 222, 223, 73,
       27, 159, 217, 127, 95, 194, 103, 234, 113, 245, 25, 47, 252, 192,
       27, 215, 243, 247, 117, 248, 238, 233, 119, 95, 252, 233, 238,
       189, 45, 95, 127, 79, 51, 255, 215, 221, 226, 252, 67, 186, 238,
       251, 221, 77, 191, 154, 247, 234, 95, 223, 252, 186, 238, 191,
       127, 94, 248, 191, 234, 191, 58, 223, 255, 239, 103, 247, 215,
       221, 227, 253, 103, 171, 255, 251, 223, 79, 191, 58, 255, 169, 87,
       246, 223, 187, 190, 252, 99, 159, 239, 155, 174, 184, 187, 78,
       239, 105, 131, 253, 243, 223, 227, 120, 103, 104, 254, 187, 151,
       207, 191, 145, 123, 164, 243, 56, 77, 50, 254, 93, 215, 222, 248,
       205, 12, 252, 11, 108, 201, 51, 128, 216, 105, 23, 111, 102, 35,
       26, 191, 243, 221, 8, 57, 83, 63, 95, 138, 158, 245, 191, 239,
       187, 118, 222, 252, 191, 154, 157, 50, 108, 255, 253, 167, 255,
       211, 223, 235, 121, 69, 251, 255, 187, 223, 207, 191, 150, 247,
       45, 181, 49, 217, 121, 67, 52, 207, 231, 188, 116, 104, 254, 64,
       243, 85, 156, 48, 120, 220, 78, 106, 203, 184, 125, 63, 229, 172,
       36, 4, 101, 154, 214, 232, 132, 255, 103, 187, 236, 225, 127, 220,
       159, 246, 93, 183, 237, 231, 235, 29, 63, 251, 239, 211, 114, 69,
       47, 247, 239, 210, 239, 173, 182, 255, 165, 240, 250, 165, 57,
       186, 157, 249, 208, 111, 159, 125, 181, 25, 174, 252, 110, 128,
       201, 187, 255, 1, 62, 43, 234, 247, 219, 213, 24, 123, 82, 12,
       158, 78, 3, 158, 145, 154, 250, 229, 176, 218, 30, 95, 88, 247,
       172, 246, 227, 204, 199, 59, 183, 21, 183, 94, 66, 247, 156, 54,
       58, 234, 156, 77, 41, 221, 125, 30, 238, 215, 143, 122, 235, 26,
       124, 239, 255, 150, 219, 103, 147, 127, 123, 238, 110, 184, 188,
       240, 253, 234, 223, 239, 243, 129, 167, 239, 124, 226, 77, 12,
       220, 215, 174, 122, 107, 26, 127, 135, 255, 146, 255, 107, 223,
       106, 123, 231, 126, 158, 33, 244, 255, 226, 198, 175, 243, 129,
       167, 249, 125, 96, 247, 254, 110, 126, 26, 55, 94, 254, 21, 166,
       242, 255, 99, 249, 38, 209, 253, 220, 255, 38, 236, 231, 137, 63,
       178, 235, 197, 159, 109, 249, 120, 23, 189, 79, 101, 107, 180, 43,
       238, 248, 117, 42, 251, 230, 83, 105, 153, 225, 127, 206, 14, 238,
       249, 176, 77, 46, 252, 239, 165, 132, 255, 251, 240, 129, 42, 252,
       19, 186, 249, 253, 148, 231, 191, 123, 184, 58, 172, 190, 100,
       177, 205, 179, 219, 1, 119, 79, 82, 243, 249, 215, 94, 123, 146,
       92, 143, 155, 201, 187, 175, 115, 248, 216, 191, 191, 238, 213,
       206, 164, 253, 239, 218, 98, 39, 127, 251, 220, 211, 89, 255, 245,
       126, 105, 191, 232, 142, 212, 167, 249, 222, 56, 183, 176, 11,
       100, 89, 194, 169, 151, 134, 27, 46, 191, 65, 223, 235, 247, 253,
       145, 40, 71, 146, 224, 219, 243, 222, 27, 162, 117, 39, 122, 141,
       215, 29, 45, 176, 14, 191, 185, 56, 122, 115, 221, 215, 111, 8,
       17, 151, 85, 85, 111, 241, 212, 185, 63, 228, 251, 107, 196, 72,
       163, 131, 209, 58, 85, 127, 237, 55, 83, 94, 112, 13, 232, 222,
       171, 91, 63, 182, 96, 126, 213, 191, 235, 205, 178, 117, 140, 243,
       255, 234, 145, 39, 254, 37, 115, 190, 229, 238, 205, 186, 243, 78,
       232, 151, 240, 223, 171, 65, 239, 217, 226, 127, 221, 255, 254,
       43, 215, 207, 191, 182, 162, 143, 189, 183, 255, 60, 180, 189, 95,
       111, 237, 254, 66, 127, 255, 84, 236, 254, 230, 83, 45, 179, 97,
       126, 204, 54, 234, 236, 179, 101, 12, 118, 171, 229, 133, 53, 248,
       124, 233, 157, 205, 93, 255, 180, 46, 79, 189, 223, 18, 255, 82,
       255, 99, 57, 99, 115, 71, 46, 110, 241, 160, 61, 255, 227, 255,
       103, 20, 188, 251, 193, 33, 208, 187, 26, 242, 32, 140, 81, 23,
       60, 13, 96, 29, 182, 147, 64, 80, 132, 59, 69, 0, 82, 186, 146,
       83, 213, 245, 50, 106, 8, 0, 131, 11, 250, 151, 12, 228, 26, 2,
       95, 189, 161, 174, 140, 173, 87, 103, 3, 83, 84, 212, 109, 238,
       104, 67, 153, 14, 251, 227, 237, 189, 32, 242, 36, 123, 6, 205,
       148, 151, 149, 70, 190, 172, 30, 183, 83, 19, 228, 120, 122, 75,
       201, 71, 179, 211, 114, 248, 27, 227, 45, 22, 223, 71, 148, 127,
       189, 10, 59, 125, 58, 236, 83, 247, 95, 230, 61, 196, 236, 15, 62,
