%YAML:1.0
---
descriptors: !!opencv-matrix
   rows: 326
   cols: 32
   dt: u
   data: [ 242, 191, 248, 68, 222, 122, 215, 231, 217, 166, 184, 187, 98,
       108, 22, 50, 191, 247, 77, 33, 252, 107, 164, 239, 123, 30, 5, 59,
       101, 232, 214, 79, 46, 153, 181, 217, 237, 253, 240, 195, 223, 57,
       52, 18, 142, 156, 116, 236, 201, 27, 178, 16, 23, 124, 122, 241,
       15, 219, 217, 119, 210, 13, 220, 166, 55, 143, 106, 170, 156, 155,
       206, 249, 198, 68, 217, 207, 97, 232, 191, 0, 90, 234, 23, 111,
       222, 171, 14, 189, 120, 77, 173, 248, 125, 142, 88, 196, 117, 111,
       64, 69, 216, 26, 70, 238, 113, 164, 232, 8, 3, 96, 81, 148, 88,
       204, 64, 238, 76, 242, 197, 14, 60, 172, 133, 52, 107, 242, 74,
       140, 254, 178, 172, 176, 169, 155, 88, 190, 163, 188, 148, 189,
       143, 14, 67, 155, 133, 221, 253, 149, 190, 78, 200, 144, 218, 209,
       189, 255, 134, 132, 30, 83, 111, 87, 229, 71, 142, 82, 143, 184,
       70, 254, 151, 230, 208, 60, 215, 47, 79, 196, 126, 239, 233, 241,
       239, 200, 76, 46, 239, 148, 239, 255, 84, 125, 33, 15, 82, 69,
       112, 14, 106, 54, 117, 160, 106, 64, 179, 35, 144, 244, 92, 236,
       66, 108, 73, 152, 69, 14, 46, 172, 129, 0, 107, 162, 74, 168, 37,
       39, 74, 76, 244, 183, 194, 90, 87, 193, 249, 78, 115, 216, 182,
       164, 92, 232, 22, 109, 159, 178, 76, 159, 54, 28, 33, 124, 255,
       255, 250, 132, 54, 78, 238, 126, 210, 162, 234, 208, 245, 197,
       246, 215, 89, 236, 55, 88, 127, 229, 63, 221, 170, 167, 13, 110,
       123, 47, 167, 192, 213, 183, 108, 112, 157, 67, 110, 97, 52, 154,
       238, 16, 236, 68, 246, 229, 243, 8, 151, 224, 22, 36, 252, 255,
       237, 180, 101, 12, 166, 235, 38, 144, 108, 159, 89, 85, 20, 156,
       157, 191, 138, 64, 21, 174, 54, 23, 192, 177, 247, 55, 8, 91, 67,
       215, 61, 208, 58, 74, 91, 33, 233, 227, 126, 205, 176, 81, 165,
       58, 188, 98, 248, 112, 172, 73, 85, 64, 210, 190, 181, 24, 51,
       201, 89, 26, 137, 248, 196, 74, 104, 103, 202, 34, 211, 201, 117,
       57, 99, 249, 86, 162, 2, 191, 14, 154, 251, 145, 188, 71, 190, 29,
       72, 181, 172, 206, 102, 200, 231, 59, 171, 149, 86, 89, 130, 243,
       29, 52, 154, 235, 144, 68, 173, 223, 126, 98, 163, 180, 172, 75,
       139, 32, 138, 228, 147, 169, 195, 236, 87, 11, 153, 229, 237, 119,
       72, 81, 236, 8, 216, 0, 175, 249, 132, 47, 23, 82, 102, 169, 169,
       243, 168, 225, 153, 142, 142, 117, 156, 171, 177, 79, 65, 11, 73,
       219, 253, 147, 10, 74, 235, 117, 253, 130, 255, 249, 20, 219, 22,
       90, 214, 110, 26, 184, 58, 209, 31, 232, 175, 134, 188, 169, 77,
       238, 43, 81, 254, 249, 207, 227, 104, 3, 138, 94, 177, 243, 203,
       187, 16, 51, 39, 99, 0, 141, 26, 187, 212, 167, 82, 227, 30, 9,
       73, 3, 244, 235, 32, 64, 217, 43, 3, 20, 54, 184, 25, 63, 175,
       134, 130, 67, 144, 74, 184, 10, 84, 97, 153, 96, 138, 70, 70, 200,
       34, 168, 168, 72, 87, 83, 73, 250, 176, 212, 104, 122, 73, 3, 219,
       56, 185, 133, 5, 60, 232, 51, 35, 32, 2, 191, 189, 185, 153, 253,
       177, 103, 158, 31, 76, 17, 172, 183, 102, 64, 197, 27, 171, 17,
       50, 72, 226, 215, 143, 215, 30, 107, 144, 64, 133, 251, 220, 114,
       154, 187, 170, 105, 29, 92, 182, 62, 199, 185, 159, 183, 75, 91,
       231, 157, 239, 210, 40, 71, 203, 48, 209, 225, 123, 189, 176, 113,
       167, 83, 180, 75, 79, 238, 10, 67, 79, 248, 4, 168, 243, 226, 83,
       71, 169, 97, 124, 244, 15, 234, 105, 135, 109, 60, 241, 227, 231,
       148, 53, 187, 36, 49, 200, 123, 17, 100, 56, 201, 67, 184, 98,
       168, 160, 104, 183, 19, 193, 176, 0, 124, 76, 74, 75, 106, 233,
       61, 165, 193, 37, 56, 98, 179, 66, 41, 108, 230, 169, 233, 137,
       69, 95, 184, 22, 63, 140, 9, 243, 71, 73, 70, 221, 211, 125, 226,
       106, 66, 251, 151, 237, 150, 143, 125, 18, 115, 20, 114, 79, 57,
       123, 97, 242, 156, 59, 114, 172, 232, 94, 228, 157, 151, 209, 112,
       166, 127, 127, 95, 209, 152, 164, 116, 110, 109, 47, 192, 14, 135,
       3, 245, 1, 15, 103, 77, 244, 154, 239, 182, 109, 192, 122, 198,
       243, 40, 181, 224, 106, 236, 22, 238, 205, 184, 117, 237, 38, 40,
       166, 128, 109, 178, 112, 220, 98, 176, 187, 248, 203, 229, 153,
       207, 143, 29, 188, 59, 12, 159, 108, 24, 237, 155, 235, 145, 18,
       75, 146, 209, 219, 149, 154, 127, 144, 72, 165, 251, 39, 243, 42,
       186, 189, 157, 158, 232, 223, 104, 145, 15, 206, 200, 62, 128,
       220, 233, 223, 103, 236, 35, 222, 252, 184, 118, 143, 59, 92, 62,
       155, 150, 205, 230, 150, 209, 225, 28, 121, 23, 123, 187, 119, 84,
       222, 211, 200, 255, 183, 13, 108, 28, 243, 212, 130, 66, 204, 251,
       119, 102, 138, 128, 171, 1, 138, 173, 80, 145, 253, 217, 184, 103,
       207, 121, 20, 31, 140, 138, 114, 132, 175, 11, 223, 17, 119, 56,
       70, 215, 172, 17, 30, 237, 222, 12, 137, 159, 215, 16, 157, 186,
       169, 237, 17, 26, 175, 59, 131, 20, 158, 211, 105, 75, 197, 19,
       127, 17, 3, 65, 219, 208, 209, 208, 91, 30, 152, 81, 33, 35, 183,
       201, 107, 250, 148, 135, 239, 253, 22, 196, 199, 18, 113, 207, 48,
       96, 120, 234, 19, 254, 235, 155, 60, 255, 251, 173, 143, 68, 53,
       152, 244, 232, 115, 25, 83, 204, 117, 159, 106, 118, 45, 136, 254,
       76, 42, 182, 37, 244, 252, 234, 134, 76, 9, 187, 48, 239, 183,
       252, 130, 2, 2, 8, 106, 60, 114, 50, 96, 17, 111, 221, 144, 67,
       169, 125, 180, 63, 42, 156, 70, 158, 236, 177, 215, 17, 142, 63,
       224, 208, 23, 80, 24, 243, 71, 12, 94, 95, 174, 243, 99, 154, 222,
       161, 191, 216, 159, 84, 177, 239, 76, 205, 255, 12, 127, 201, 131,
       247, 162, 99, 174, 241, 56, 20, 143, 254, 247, 255, 247, 245, 1,
       149, 58, 126, 52, 172, 249, 51, 237, 73, 127, 84, 183, 173, 190,
       96, 132, 42, 23, 12, 147, 184, 50, 175, 79, 255, 48, 192, 72, 200,
       217, 185, 2, 133, 175, 181, 207, 102, 189, 135, 62, 243, 10, 19,
       156, 63, 72, 75, 225, 87, 59, 145, 49, 216, 243, 192, 237, 118,
       222, 199, 132, 116, 165, 250, 205, 92, 191, 239, 176, 110, 119,
       148, 120, 202, 118, 68, 255, 119, 33, 123, 182, 117, 125, 122,
       161, 148, 177, 106, 231, 251, 102, 128, 136, 243, 35, 123, 17,
       111, 75, 182, 132, 131, 111, 115, 148, 194, 201, 198, 113, 231,
       97, 1, 110, 234, 19, 238, 201, 203, 142, 44, 240, 136, 239, 40,
       44, 251, 176, 184, 120, 5, 71, 236, 21, 70, 70, 104, 197, 0, 238,
       2, 83, 115, 33, 245, 120, 246, 40, 234, 104, 139, 17, 12, 177,
       232, 130, 21, 51, 171, 116, 32, 80, 32, 155, 248, 42, 73, 121, 88,
       167, 53, 230, 40, 159, 215, 73, 88, 102, 157, 111, 144, 10, 83,
       227, 80, 215, 247, 115, 61, 178, 160, 38, 99, 106, 159, 126, 100,
       94, 45, 159, 103, 200, 166, 184, 143, 124, 44, 22, 18, 174, 247,
       195, 33, 240, 43, 144, 79, 125, 39, 109, 56, 69, 106, 215, 154,
       188, 104, 252, 97, 140, 79, 87, 216, 87, 190, 180, 10, 83, 85, 67,
       58, 89, 220, 78, 122, 42, 102, 121, 18, 251, 207, 37, 53, 243,
       187, 78, 98, 44, 169, 252, 243, 205, 159, 112, 162, 199, 185, 62,
       10, 75, 185, 84, 42, 137, 118, 241, 88, 28, 248, 219, 160, 79,
       219, 85, 71, 227, 47, 92, 130, 10, 143, 2, 159, 31, 145, 182, 231,
       159, 5, 72, 3, 172, 232, 38, 196, 200, 43, 131, 193, 70, 137, 10,
       253, 44, 119, 154, 75, 18, 12, 189, 142, 49, 95, 107, 45, 116,
       139, 231, 246, 84, 172, 250, 103, 51, 137, 179, 0, 92, 234, 23,
       109, 232, 186, 68, 63, 244, 173, 34, 128, 125, 152, 114, 201, 223,
       211, 37, 235, 45, 87, 88, 156, 15, 124, 149, 167, 207, 93, 158,
       109, 214, 17, 157, 119, 206, 5, 123, 149, 207, 217, 202, 247, 22,
       143, 21, 119, 244, 66, 205, 229, 32, 42, 77, 24, 48, 174, 247,
       244, 211, 39, 153, 123, 126, 212, 108, 238, 169, 212, 229, 10,
       196, 235, 227, 148, 165, 243, 100, 48, 10, 159, 60, 185, 185, 205,
       53, 39, 174, 29, 78, 49, 172, 191, 34, 64, 197, 51, 235, 17, 18,
       8, 99, 85, 237, 247, 30, 67, 144, 0, 141, 107, 201, 124, 62, 49,
