%YAML:1.0
---
descriptors: !!opencv-matrix
   rows: 231
   cols: 32
   dt: u
   data: [ 108, 246, 184, 99, 173, 31, 86, 152, 107, 254, 188, 77, 223,
       121, 75, 154, 157, 196, 253, 126, 206, 98, 219, 56, 239, 221, 37,
       61, 202, 251, 74, 19, 19, 240, 107, 165, 34, 3, 236, 188, 44, 112,
       30, 230, 221, 15, 152, 32, 55, 69, 85, 237, 193, 144, 45, 93, 228,
       73, 175, 132, 45, 182, 3, 89, 77, 95, 156, 231, 160, 46, 127, 184,
       124, 234, 127, 109, 223, 115, 11, 82, 183, 199, 124, 110, 237,
       240, 137, 42, 239, 255, 103, 149, 136, 243, 75, 19, 49, 68, 225,
       69, 84, 123, 231, 122, 87, 234, 246, 78, 83, 40, 148, 36, 120,
       204, 118, 44, 169, 246, 109, 142, 62, 174, 245, 192, 111, 169, 82,
       228, 191, 167, 100, 199, 252, 55, 206, 248, 80, 234, 159, 238, 97,
       40, 159, 167, 125, 196, 222, 239, 253, 227, 237, 142, 58, 75, 237,
       180, 111, 255, 218, 149, 215, 95, 230, 158, 174, 50, 190, 253,
       219, 218, 144, 247, 108, 236, 255, 239, 119, 71, 253, 231, 229,
       69, 14, 234, 186, 34, 239, 159, 62, 245, 185, 213, 191, 210, 229,
       26, 253, 19, 206, 216, 215, 92, 245, 247, 73, 204, 191, 173, 95,
       200, 151, 255, 239, 103, 110, 247, 122, 123, 239, 252, 247, 191,
       118, 213, 57, 143, 98, 47, 20, 19, 239, 121, 85, 68, 218, 199, 99,
       104, 178, 196, 124, 238, 6, 239, 220, 187, 5, 191, 52, 108, 160,
       128, 119, 174, 240, 204, 32, 141, 38, 248, 252, 129, 206, 231,
       135, 0, 248, 66, 177, 107, 52, 0, 200, 170, 7, 205, 122, 43, 66,
       255, 106, 28, 142, 96, 85, 136, 240, 136, 229, 170, 156, 91, 237,
       189, 68, 159, 235, 123, 165, 92, 182, 248, 94, 63, 129, 66, 106,
       28, 151, 109, 251, 113, 15, 26, 85, 124, 216, 88, 218, 12, 1, 172,
       111, 249, 36, 174, 104, 23, 127, 81, 70, 64, 255, 139, 16, 121,
       55, 47, 63, 157, 147, 216, 183, 209, 207, 251, 154, 64, 172, 128,
       241, 41, 219, 223, 227, 174, 158, 146, 30, 247, 151, 192, 218,
       231, 125, 238, 249, 224, 118, 247, 191, 199, 229, 11, 188, 239,
       186, 101, 174, 136, 61, 220, 185, 93, 216, 12, 30, 189, 164, 10,
       68, 54, 236, 18, 162, 80, 247, 35, 0, 219, 131, 230, 108, 46, 105,
       229, 81, 45, 226, 243, 116, 16, 104, 240, 75, 8, 69, 49, 57, 103,
       114, 78, 115, 56, 104, 232, 127, 8, 222, 23, 9, 48, 20, 29, 92,
       106, 129, 144, 249, 72, 231, 189, 33, 134, 74, 178, 7, 243, 201,
       58, 151, 184, 234, 172, 56, 95, 175, 19, 50, 252, 191, 179, 192,
       219, 167, 23, 111, 16, 50, 77, 131, 113, 220, 243, 122, 232, 136,
       192, 139, 1, 109, 97, 124, 103, 37, 95, 210, 188, 105, 168, 247,
       8, 203, 121, 29, 189, 152, 212, 124, 106, 220, 242, 249, 172, 135,
       255, 69, 55, 195, 187, 74, 6, 248, 188, 191, 242, 233, 237, 81,
       82, 163, 95, 165, 25, 63, 191, 66, 27, 133, 179, 253, 16, 59, 79,
       186, 49, 219, 193, 112, 123, 224, 72, 6, 115, 77, 50, 177, 97,
       168, 45, 89, 24, 111, 251, 177, 120, 159, 115, 201, 186, 135, 21,
       92, 24, 131, 64, 235, 16, 201, 249, 51, 60, 202, 193, 67, 33, 71,
       162, 165, 21, 172, 45, 233, 151, 250, 255, 130, 92, 210, 160, 214,
       143, 129, 102, 104, 29, 177, 109, 255, 64, 141, 26, 85, 116, 132,
       104, 209, 109, 232, 164, 29, 240, 169, 109, 65, 159, 178, 187,
       164, 24, 151, 183, 64, 123, 129, 151, 125, 8, 59, 73, 219, 19,
       221, 211, 117, 124, 128, 64, 134, 42, 207, 246, 132, 154, 169, 52,
       156, 159, 187, 123, 149, 253, 206, 238, 206, 239, 215, 215, 253,
       145, 254, 79, 207, 243, 186, 118, 223, 255, 158, 84, 139, 23, 220,
       60, 153, 182, 168, 237, 65, 154, 186, 179, 162, 24, 183, 247, 65,
       123, 129, 255, 124, 16, 43, 69, 219, 50, 217, 243, 29, 120, 136,
       64, 3, 42, 77, 83, 157, 231, 32, 14, 127, 184, 44, 138, 127, 100,
       223, 119, 137, 114, 150, 85, 125, 106, 193, 208, 153, 8, 231, 251,
       101, 132, 40, 243, 33, 51, 225, 138, 157, 127, 172, 239, 97, 151,
       95, 63, 118, 116, 246, 137, 144, 89, 201, 46, 110, 28, 155, 252,
       99, 49, 204, 187, 112, 80, 208, 136, 212, 41, 183, 197, 103, 222,
       206, 23, 206, 236, 212, 242, 144, 214, 89, 108, 189, 175, 125,
       194, 51, 239, 253, 103, 63, 250, 56, 10, 207, 156, 255, 253, 240,
       244, 189, 112, 247, 95, 79, 55, 71, 216, 87, 242, 247, 70, 91,
       240, 191, 238, 123, 236, 126, 110, 205, 247, 255, 152, 54, 122,
       197, 4, 127, 255, 120, 164, 167, 186, 149, 17, 236, 173, 161, 207,
       174, 255, 176, 252, 134, 228, 207, 47, 143, 67, 110, 20, 179, 108,
       235, 80, 140, 146, 127, 254, 216, 88, 195, 245, 49, 143, 75, 238,
       182, 163, 207, 246, 212, 64, 218, 230, 113, 235, 176, 96, 126,
       234, 23, 205, 219, 187, 12, 191, 248, 174, 166, 192, 61, 139, 240,
       57, 230, 186, 213, 84, 237, 45, 112, 138, 171, 187, 176, 125, 138,
       235, 196, 159, 175, 231, 236, 20, 17, 111, 202, 224, 158, 216,
       117, 190, 203, 236, 66, 157, 7, 227, 208, 131, 247, 31, 234, 216,
       63, 176, 191, 238, 204, 106, 223, 142, 127, 197, 206, 255, 132,
       115, 205, 208, 188, 20, 143, 246, 207, 127, 11, 149, 77, 69, 245,
       135, 102, 74, 238, 184, 121, 226, 251, 98, 221, 122, 153, 247,
       122, 197, 126, 239, 225, 243, 237, 202, 180, 62, 235, 132, 47,
       255, 115, 160, 223, 94, 229, 151, 142, 50, 140, 187, 215, 242,
       147, 247, 73, 108, 215, 239, 127, 199, 253, 167, 229, 199, 239,
       202, 188, 42, 239, 150, 175, 252, 49, 85, 197, 6, 108, 101, 180,
       26, 110, 184, 124, 234, 118, 244, 211, 40, 159, 225, 247, 68, 124,
       126, 229, 244, 109, 14, 174, 239, 103, 132, 76, 241, 89, 17, 2,
       151, 18, 170, 151, 167, 186, 99, 29, 5, 75, 199, 236, 238, 40, 64,
       253, 43, 139, 177, 54, 152, 25, 255, 169, 246, 138, 67, 148, 78,
       181, 222, 216, 186, 156, 186, 169, 188, 80, 23, 191, 27, 176, 93,
       174, 155, 66, 219, 167, 155, 237, 16, 178, 79, 210, 241, 219, 251,
       122, 123, 154, 64, 171, 11, 2, 133, 26, 139, 150, 227, 186, 75,
       94, 1, 89, 131, 164, 104, 62, 132, 249, 11, 147, 177, 23, 186, 25,
       255, 61, 20, 138, 71, 157, 74, 185, 148, 89, 184, 22, 250, 173,
       189, 80, 119, 251, 27, 168, 28, 174, 187, 32, 154, 165, 179, 236,
       0, 54, 107, 18, 181, 147, 219, 82, 123, 202, 64, 203, 15, 219, 58,
       120, 237, 34, 159, 185, 16, 40, 206, 87, 238, 61, 31, 147, 42, 38,
       181, 253, 141, 129, 148, 165, 200, 214, 105, 106, 128, 47, 161, 5,
       121, 34, 245, 41, 24, 221, 193, 149, 239, 139, 117, 172, 159, 40,
       252, 126, 0, 201, 155, 211, 145, 86, 107, 250, 247, 127, 23, 157,
       127, 213, 28, 214, 222, 41, 161, 90, 233, 116, 142, 107, 53, 97,
       8, 126, 8, 183, 3, 130, 80, 114, 172, 78, 108, 88, 184, 65, 29,
       230, 169, 32, 64, 104, 130, 66, 169, 217, 184, 151, 48, 137, 188,
       80, 215, 235, 91, 160, 92, 159, 178, 64, 187, 133, 167, 108, 20,
       191, 111, 146, 17, 152, 249, 84, 122, 234, 68, 139, 15, 199, 22,
       236, 159, 172, 50, 158, 152, 223, 251, 151, 247, 201, 108, 223,
       111, 95, 197, 255, 167, 188, 101, 207, 243, 142, 122, 235, 215,
       159, 255, 57, 85, 44, 6, 124, 105, 116, 63, 99, 26, 69, 174, 255,
       28, 211, 9, 147, 25, 88, 164, 71, 62, 168, 180, 97, 10, 71, 203,
       33, 21, 203, 233, 90, 129, 123, 184, 244, 80, 45, 189, 208, 83,
       235, 187, 180, 56, 10, 152, 212, 191, 141, 178, 253, 24, 158, 111,
       242, 145, 155, 217, 81, 251, 195, 140, 214, 39, 26, 152, 182, 250,
       139, 244, 20, 199, 175, 17, 164, 19, 46, 255, 32, 186, 239, 179,
       245, 144, 27, 75, 26, 241, 251, 215, 94, 123, 179, 68, 167, 58, 1,
       171, 235, 233, 100, 174, 107, 23, 110, 9, 126, 64, 177, 139, 84,
       112, 118, 174, 55, 156, 147, 152, 231, 81, 111, 189, 162, 192,
       128, 130, 208, 168, 15, 119, 113, 101, 113, 31, 122, 24, 105, 236,
       127, 237, 207, 93, 159, 180, 182, 93, 213, 102, 132, 176, 169,
       206, 103, 253, 33, 135, 70, 183, 79, 247, 88, 146, 148, 253, 41,
       142, 88, 27, 167, 27, 182, 85, 223, 59, 0, 219, 133, 215, 253,
