%YAML:1.0
---
descriptors: !!opencv-matrix
   rows: 205
   cols: 32
   dt: u
   data: [ 118, 207, 103, 174, 150, 2, 79, 253, 20, 140, 218, 231, 97,
       103, 177, 65, 126, 228, 47, 238, 232, 147, 45, 45, 240, 38, 175,
       128, 37, 187, 244, 105, 28, 241, 203, 161, 150, 66, 45, 117, 52,
       193, 66, 178, 213, 231, 248, 224, 123, 93, 53, 185, 121, 216, 149,
       198, 233, 231, 191, 196, 173, 128, 181, 176, 50, 165, 243, 233,
       188, 169, 250, 207, 127, 33, 248, 202, 42, 233, 52, 4, 255, 187,
       119, 21, 26, 187, 197, 247, 186, 220, 27, 106, 229, 202, 242, 140,
       6, 144, 157, 155, 203, 229, 176, 202, 158, 27, 17, 179, 204, 222,
       104, 105, 231, 25, 251, 147, 19, 71, 27, 241, 157, 18, 91, 239,
       152, 73, 37, 147, 122, 247, 228, 36, 203, 87, 158, 237, 129, 252,
       184, 175, 74, 46, 78, 151, 204, 215, 221, 231, 204, 99, 200, 200,
       51, 209, 205, 191, 103, 126, 222, 223, 134, 112, 148, 152, 171,
       69, 156, 204, 143, 186, 144, 179, 140, 222, 109, 43, 239, 89, 223,
       211, 70, 71, 138, 208, 153, 16, 223, 191, 152, 53, 39, 215, 135,
       194, 150, 155, 47, 132, 184, 136, 190, 31, 65, 82, 140, 210, 109,
       75, 247, 89, 59, 214, 2, 197, 154, 241, 13, 48, 218, 206, 144, 17,
       33, 135, 52, 73, 251, 97, 244, 79, 71, 148, 113, 36, 110, 8, 83,
       113, 137, 52, 88, 220, 68, 122, 88, 178, 233, 32, 101, 236, 37,
       68, 227, 251, 198, 32, 189, 96, 233, 106, 140, 7, 79, 216, 82,
       246, 181, 10, 83, 69, 219, 59, 89, 204, 92, 122, 171, 103, 253,
       50, 251, 201, 229, 124, 245, 187, 86, 96, 100, 240, 145, 107, 169,
       109, 82, 140, 78, 59, 41, 120, 214, 211, 72, 56, 145, 90, 100, 18,
       18, 112, 219, 49, 205, 148, 53, 127, 208, 91, 198, 163, 228, 117,
       181, 96, 173, 111, 87, 141, 107, 186, 162, 8, 86, 53, 65, 59, 145,
       212, 124, 122, 121, 101, 249, 0, 251, 218, 69, 118, 192, 121, 198,
       35, 8, 189, 59, 105, 161, 207, 53, 39, 236, 66, 110, 8, 158, 181,
       0, 48, 130, 50, 104, 8, 81, 184, 49, 55, 229, 175, 52, 64, 66, 80,
       135, 42, 3, 206, 7, 189, 34, 166, 44, 174, 190, 2, 74, 197, 181,
       194, 33, 64, 103, 107, 42, 133, 66, 152, 131, 127, 164, 166, 186,
       128, 24, 80, 33, 136, 136, 188, 159, 249, 233, 237, 181, 199, 190,
       27, 164, 16, 188, 191, 64, 59, 161, 51, 251, 16, 50, 77, 146, 243,
       207, 223, 86, 123, 210, 64, 167, 171, 108, 159, 86, 172, 124, 163,
       86, 186, 141, 12, 250, 237, 110, 233, 164, 213, 198, 114, 238, 98,
       253, 43, 74, 189, 50, 242, 97, 218, 30, 175, 104, 19, 3, 172, 35,
       155, 213, 245, 171, 231, 95, 73, 88, 18, 168, 252, 52, 164, 249,
       43, 18, 157, 183, 186, 38, 247, 61, 30, 158, 203, 213, 76, 183,
       238, 10, 238, 97, 163, 50, 137, 187, 254, 62, 109, 88, 231, 173,
       15, 210, 0, 55, 91, 23, 213, 194, 152, 13, 247, 236, 198, 191,
       224, 37, 150, 135, 249, 2, 172, 142, 185, 153, 181, 184, 231, 190,
       31, 72, 21, 172, 238, 114, 200, 193, 43, 179, 149, 54, 220, 83,
       247, 141, 87, 158, 203, 152, 68, 169, 218, 247, 205, 102, 206, 23,
       83, 70, 232, 69, 128, 250, 2, 99, 104, 55, 229, 120, 228, 12, 235,
       108, 163, 13, 173, 178, 232, 195, 19, 119, 63, 120, 12, 252, 115,
       233, 170, 206, 67, 71, 216, 2, 246, 145, 239, 83, 205, 217, 11,
       121, 220, 237, 243, 202, 103, 207, 48, 248, 193, 229, 189, 245,
       255, 118, 210, 246, 207, 102, 14, 31, 83, 198, 232, 197, 164, 186,
       42, 98, 232, 183, 213, 120, 228, 110, 226, 108, 163, 45, 253, 176,
       50, 69, 23, 113, 62, 124, 6, 11, 173, 27, 219, 244, 145, 172, 231,
       254, 17, 92, 146, 189, 170, 240, 224, 239, 43, 51, 141, 23, 154,
       162, 245, 46, 221, 158, 192, 22, 128, 169, 140, 2, 131, 159, 191,
       35, 192, 57, 7, 190, 21, 66, 33, 172, 247, 40, 75, 227, 59, 171,
       129, 18, 216, 3, 229, 205, 183, 218, 195, 128, 0, 165, 171, 12,
       49, 61, 101, 32, 79, 113, 24, 100, 168, 55, 72, 223, 19, 9, 51,
       180, 20, 108, 106, 128, 176, 49, 8, 199, 201, 32, 4, 66, 171, 66,
       35, 109, 104, 144, 65, 237, 61, 102, 143, 107, 178, 40, 72, 134,
       112, 69, 190, 145, 76, 98, 122, 16, 114, 216, 18, 45, 222, 69,
       127, 194, 121, 202, 164, 72, 249, 123, 110, 163, 201, 55, 247,
       237, 13, 110, 40, 191, 183, 32, 52, 34, 114, 236, 66, 82, 185, 32,
       55, 243, 245, 52, 11, 98, 146, 135, 107, 53, 207, 79, 111, 150,
       27, 238, 252, 84, 224, 251, 194, 115, 104, 185, 96, 122, 236, 30,
       239, 237, 176, 109, 63, 240, 173, 167, 132, 125, 187, 248, 132,
       141, 232, 191, 255, 109, 156, 125, 156, 255, 155, 102, 16, 254,
       251, 93, 123, 197, 105, 123, 79, 227, 101, 250, 241, 207, 219,
       215, 40, 82, 113, 99, 42, 204, 173, 190, 251, 237, 204, 117, 167,
       255, 25, 38, 16, 190, 251, 100, 123, 193, 118, 123, 88, 114, 105,
       250, 177, 239, 251, 87, 123, 210, 88, 197, 42, 130, 111, 63, 186,
       203, 225, 189, 199, 172, 21, 200, 179, 172, 143, 97, 74, 230, 59,
       171, 145, 82, 15, 130, 243, 245, 49, 26, 203, 16, 84, 165, 251,
       124, 96, 253, 102, 10, 106, 83, 24, 97, 166, 167, 8, 87, 55, 73,
       122, 50, 212, 108, 106, 8, 119, 169, 8, 211, 235, 97, 53, 226,
       243, 70, 34, 0, 160, 149, 187, 218, 233, 40, 143, 62, 51, 65, 144,
       221, 34, 72, 205, 51, 27, 234, 144, 51, 92, 223, 87, 140, 135, 95,
       101, 184, 0, 137, 160, 165, 78, 103, 79, 100, 26, 238, 180, 101,
       106, 243, 226, 83, 8, 157, 101, 126, 196, 126, 239, 205, 180, 109,
       174, 52, 42, 102, 128, 111, 187, 248, 37, 18, 207, 67, 206, 146,
       195, 110, 239, 52, 0, 218, 227, 97, 231, 160, 224, 122, 251, 143,
       226, 89, 155, 13, 255, 184, 166, 175, 129, 53, 242, 180, 56, 17,
       221, 210, 222, 211, 135, 54, 247, 247, 1, 74, 66, 124, 242, 32,
       192, 119, 251, 18, 208, 118, 155, 16, 255, 187, 174, 22, 66, 185,
       10, 169, 139, 213, 85, 87, 103, 32, 6, 79, 176, 116, 234, 195,
       116, 215, 119, 153, 115, 54, 116, 124, 238, 233, 213, 61, 46, 225,
       170, 231, 132, 44, 179, 32, 49, 120, 32, 153, 96, 9, 77, 81, 28,
       98, 161, 164, 8, 23, 17, 64, 58, 136, 148, 108, 24, 10, 106, 208,
       0, 219, 233, 53, 57, 226, 138, 70, 42, 84, 249, 157, 114, 8, 204,
       71, 176, 162, 184, 162, 72, 247, 83, 73, 50, 1, 246, 108, 90, 75,
       64, 251, 41, 233, 136, 101, 56, 96, 51, 7, 43, 25, 139, 18, 107,
       176, 143, 102, 183, 116, 9, 110, 68, 183, 51, 128, 244, 52, 42,
       12, 24, 155, 152, 1, 63, 168, 174, 52, 64, 186, 130, 137, 41, 15,
       223, 108, 175, 54, 139, 175, 185, 172, 76, 31, 231, 253, 107, 155,
       0, 54, 99, 95, 239, 195, 128, 77, 253, 236, 77, 171, 144, 62, 182,
       129, 81, 122, 134, 254, 180, 127, 219, 148, 239, 155, 55, 53, 187,
       110, 124, 46, 133, 179, 151, 247, 33, 54, 125, 136, 215, 62, 87,
       93, 247, 119, 12, 223, 79, 139, 132, 148, 185, 151, 251, 176, 175,
       30, 83, 74, 115, 172, 184, 46, 224, 211, 11, 186, 17, 55, 220, 71,
       151, 174, 119, 30, 71, 148, 76, 153, 15, 2, 162, 149, 155, 236,
       169, 184, 143, 30, 49, 49, 249, 140, 194, 72, 10, 143, 27, 107,
       17, 18, 72, 203, 209, 12, 18, 91, 252, 148, 8, 133, 128, 242, 69,
       102, 140, 31, 18, 70, 104, 101, 160, 178, 2, 67, 72, 55, 119, 120,
       228, 108, 227, 108, 163, 69, 141, 178, 234, 195, 23, 101, 63, 124,
       4, 70, 146, 156, 187, 139, 227, 185, 136, 142, 53, 131, 177, 204,
       247, 104, 74, 199, 17, 251, 209, 18, 65, 91, 241, 141, 182, 91,
       239, 144, 7, 37, 147, 10, 140, 138, 187, 177, 231, 28, 39, 30, 11,
       74, 21, 172, 250, 34, 64, 193, 43, 187, 149, 62, 216, 83, 255,
       238, 247, 158, 195, 152, 68, 169, 26, 34, 190, 50, 218, 245, 181,
       179, 199, 94, 13, 88, 50, 160, 248, 244, 100, 217, 59, 2, 17, 182,
       186, 42, 247, 45, 30, 158, 235, 213, 12, 245, 175, 130, 144, 157,
       171, 11, 192, 49, 13, 174, 21, 203, 48, 236, 215, 104, 66, 230,
       19, 235, 144, 18, 13, 203, 209, 205, 176, 26, 75, 144, 2, 165, 51,
       44, 176, 181, 243, 205, 253, 209, 201, 207, 117, 165, 24, 158,
