%YAML:1.0
---
descriptors: !!opencv-matrix
   rows: 180
   cols: 32
   dt: u
   data: [ 33, 203, 80, 69, 80, 10, 106, 32, 101, 160, 98, 200, 179, 33,
       148, 180, 122, 236, 66, 236, 72, 184, 69, 12, 44, 172, 5, 0, 107,
       162, 74, 140, 242, 190, 248, 84, 254, 107, 215, 239, 217, 167,
       184, 187, 98, 125, 86, 18, 191, 247, 69, 33, 248, 107, 172, 239,
       123, 30, 85, 59, 101, 248, 214, 79, 39, 174, 192, 91, 229, 61,
       230, 255, 91, 251, 125, 92, 98, 104, 223, 173, 89, 202, 146, 30,
       191, 254, 94, 243, 46, 30, 213, 102, 223, 254, 218, 140, 14, 249,
       188, 241, 175, 249, 176, 199, 223, 189, 20, 59, 142, 157, 102,
       137, 171, 59, 255, 17, 22, 125, 42, 240, 207, 81, 127, 255, 215,
       13, 221, 195, 80, 79, 238, 188, 50, 66, 95, 60, 54, 134, 222, 163,
       101, 231, 163, 81, 119, 245, 173, 225, 104, 193, 15, 15, 248, 231,
       239, 149, 36, 176, 37, 91, 72, 144, 181, 249, 189, 204, 89, 59,
       159, 93, 71, 17, 222, 63, 40, 111, 193, 23, 187, 16, 26, 8, 123,
       213, 207, 242, 218, 87, 146, 8, 132, 50, 66, 241, 153, 186, 169,
       205, 17, 205, 175, 61, 132, 9, 142, 151, 104, 90, 192, 19, 251,
       81, 18, 75, 218, 241, 217, 209, 94, 127, 144, 16, 135, 122, 66,
       248, 155, 250, 105, 205, 49, 204, 175, 29, 165, 9, 188, 151, 96,
       90, 193, 25, 251, 80, 2, 75, 250, 241, 221, 145, 26, 123, 144, 1,
       39, 251, 1, 148, 58, 124, 52, 188, 249, 51, 237, 73, 126, 84, 191,
       169, 190, 100, 164, 42, 23, 12, 179, 184, 48, 207, 79, 255, 50,
       64, 202, 136, 217, 185, 220, 168, 159, 184, 42, 73, 81, 216, 167,
       55, 230, 57, 191, 183, 105, 91, 231, 153, 111, 16, 58, 75, 195,
       16, 217, 225, 118, 121, 48, 128, 39, 99, 58, 49, 118, 97, 231,
       127, 248, 86, 125, 237, 254, 171, 75, 29, 150, 188, 254, 156, 247,
       84, 156, 246, 241, 140, 215, 251, 80, 195, 103, 143, 222, 215, 32,
       141, 26, 186, 156, 167, 82, 195, 22, 9, 89, 3, 182, 249, 32, 64,
       217, 59, 10, 16, 62, 169, 24, 63, 171, 151, 130, 67, 144, 10, 184,
       138, 130, 176, 178, 155, 71, 229, 176, 67, 159, 31, 65, 19, 172,
       158, 102, 141, 237, 59, 179, 145, 22, 92, 146, 241, 13, 16, 90,
       107, 146, 12, 173, 223, 77, 189, 59, 108, 170, 102, 31, 255, 102,
       204, 204, 8, 221, 247, 34, 112, 86, 127, 249, 172, 209, 11, 242,
       92, 251, 103, 47, 60, 18, 240, 167, 115, 126, 32, 150, 227, 229,
       62, 120, 65, 41, 168, 177, 90, 14, 26, 69, 223, 232, 165, 223, 51,
       25, 247, 152, 200, 159, 251, 7, 118, 138, 47, 107, 129, 39, 218,
       37, 14, 42, 31, 158, 252, 93, 106, 209, 236, 215, 124, 189, 165,
       222, 69, 254, 111, 205, 163, 109, 61, 160, 122, 105, 150, 92, 191,
       25, 85, 202, 241, 45, 250, 205, 228, 89, 222, 135, 93, 205, 19,
       188, 223, 122, 109, 205, 155, 187, 211, 26, 74, 250, 241, 199,
       113, 218, 239, 18, 23, 180, 122, 64, 248, 27, 248, 57, 237, 81,
       119, 187, 13, 32, 40, 182, 147, 32, 16, 129, 59, 109, 16, 2, 79,
       146, 55, 217, 247, 52, 123, 64, 0, 7, 43, 33, 166, 104, 1, 244,
       59, 234, 142, 127, 63, 62, 185, 163, 40, 222, 16, 25, 14, 70, 28,
       142, 56, 101, 55, 46, 30, 53, 245, 84, 200, 218, 204, 104, 72, 84,
       89, 13, 252, 64, 7, 225, 37, 238, 24, 163, 17, 4, 254, 200, 148,
       104, 24, 10, 190, 241, 16, 199, 249, 16, 83, 194, 216, 78, 42,
       127, 223, 225, 6, 183, 19, 78, 184, 87, 232, 155, 239, 75, 108,
       159, 180, 126, 196, 189, 239, 253, 211, 109, 174, 186, 94, 205,
       150, 47, 247, 240, 85, 124, 161, 250, 106, 144, 201, 83, 217, 227,
       5, 173, 8, 23, 209, 106, 48, 144, 218, 76, 88, 26, 43, 168, 33,
       251, 205, 37, 121, 224, 139, 198, 34, 124, 31, 204, 71, 154, 50,
       71, 57, 48, 174, 191, 238, 83, 99, 135, 83, 126, 230, 236, 234,
       184, 203, 237, 44, 250, 239, 229, 145, 237, 227, 74, 17, 124, 93,
       98, 97, 197, 127, 118, 243, 101, 226, 255, 10, 75, 125, 183, 246,
       121, 228, 222, 106, 220, 179, 61, 138, 119, 237, 5, 23, 231, 255,
       246, 214, 219, 91, 239, 119, 19, 118, 104, 52, 113, 233, 199, 247,
       123, 61, 150, 253, 48, 236, 181, 205, 173, 220, 181, 45, 195, 107,
       240, 129, 47, 133, 254, 126, 142, 219, 190, 184, 174, 233, 177,
       198, 159, 61, 18, 187, 142, 157, 98, 73, 167, 123, 175, 81, 22,
       125, 10, 245, 221, 211, 127, 255, 148, 25, 157, 75, 234, 152, 181,
       249, 239, 236, 113, 175, 159, 53, 102, 16, 142, 183, 96, 222, 193,
       95, 187, 24, 18, 92, 243, 241, 143, 242, 82, 110, 146, 8, 133, 98,
       184, 165, 2, 12, 93, 211, 192, 105, 87, 164, 236, 9, 98, 200, 38,
       148, 216, 168, 194, 48, 78, 171, 214, 31, 59, 100, 1, 127, 115,
       14, 110, 142, 115, 132, 78, 28, 89, 182, 88, 39, 185, 73, 175, 29,
       106, 47, 46, 208, 185, 167, 221, 164, 60, 139, 17, 95, 26, 63,
       144, 211, 201, 68, 234, 30, 242, 48, 119, 237, 45, 95, 88, 90, 63,
       174, 242, 61, 79, 158, 22, 84, 246, 157, 127, 129, 204, 215, 241,
       220, 151, 250, 203, 147, 39, 132, 102, 87, 39, 223, 32, 218, 221,
       181, 150, 236, 159, 55, 173, 27, 202, 252, 111, 37, 221, 211, 219,
       247, 254, 35, 122, 247, 59, 30, 143, 127, 211, 127, 252, 198, 188,
       173, 251, 107, 244, 233, 99, 215, 115, 5, 108, 24, 51, 245, 201,
       48, 25, 250, 4, 88, 59, 186, 232, 59, 111, 141, 37, 104, 227, 218,
       198, 162, 247, 117, 186, 156, 253, 157, 150, 232, 223, 192, 149,
       15, 206, 248, 55, 133, 248, 97, 251, 103, 230, 99, 154, 223, 176,
       82, 79, 63, 92, 63, 57, 86, 161, 149, 57, 184, 245, 141, 176, 119,
       94, 73, 120, 125, 182, 152, 32, 64, 204, 59, 151, 1, 246, 186, 82,
       151, 237, 85, 50, 235, 88, 8, 187, 203, 212, 102, 42, 190, 40,
       193, 31, 200, 174, 134, 129, 185, 197, 230, 43, 83, 215, 241, 237,
       227, 106, 71, 202, 27, 241, 227, 239, 185, 144, 115, 39, 98, 1,
       174, 107, 169, 180, 175, 235, 19, 94, 73, 91, 68, 183, 73, 178,
       32, 27, 42, 6, 29, 147, 184, 101, 95, 236, 159, 50, 192, 220, 138,
       81, 169, 209, 76, 95, 236, 6, 66, 71, 246, 116, 130, 242, 98, 119,
       51, 161, 115, 98, 244, 44, 234, 105, 183, 161, 42, 241, 171, 103,
       0, 37, 249, 96, 41, 34, 203, 10, 186, 95, 145, 50, 228, 135, 4,
       76, 131, 36, 202, 42, 192, 232, 171, 130, 195, 70, 10, 10, 253,
       118, 37, 138, 107, 61, 14, 56, 142, 57, 143, 67, 238, 182, 163,
       207, 247, 196, 64, 222, 230, 113, 227, 176, 96, 126, 234, 30, 238,
       251, 171, 44, 191, 248, 239, 162, 200, 61, 202, 240, 185, 205,
       180, 191, 113, 169, 60, 117, 151, 251, 187, 166, 84, 158, 179, 64,
       187, 165, 23, 108, 24, 191, 109, 179, 66, 203, 251, 116, 94, 202,
       64, 203, 35, 66, 186, 24, 186, 168, 229, 17, 11, 190, 31, 129, 61,
       190, 215, 106, 89, 135, 27, 237, 16, 18, 75, 138, 119, 201, 243,
       58, 251, 144, 64, 135, 91, 53, 77, 43, 174, 84, 199, 239, 246,
       212, 72, 220, 2, 113, 249, 49, 64, 120, 234, 19, 239, 8, 187, 16,
       63, 121, 173, 174, 72, 121, 59, 112, 250, 131, 249, 35, 91, 245,
       151, 175, 246, 94, 200, 84, 70, 184, 252, 245, 36, 125, 106, 18,
       221, 227, 186, 62, 251, 45, 28, 159, 170, 95, 28, 115, 253, 37,
       172, 172, 23, 220, 191, 228, 202, 218, 251, 121, 93, 243, 232, 94,
       170, 217, 106, 114, 29, 167, 252, 223, 51, 14, 95, 117, 100, 217,
       110, 218, 148, 220, 206, 141, 255, 152, 70, 79, 184, 178, 158,
       133, 129, 247, 103, 9, 91, 85, 247, 109, 226, 40, 68, 235, 61,
       233, 179, 239, 29, 176, 241, 36, 98, 119, 56, 154, 196, 228, 62,
       122, 64, 105, 168, 183, 42, 14, 90, 71, 94, 254, 245, 94, 51, 28,
       231, 144, 232, 159, 252, 11, 83, 137, 43, 107, 135, 87, 249, 184,
       106, 155, 149, 23, 248, 235, 189, 173, 12, 78, 210, 78, 118, 181,
       203, 236, 242, 158, 3, 186, 213, 251, 221, 15, 127, 146, 23, 171,
       7, 49, 103, 237, 103, 30, 27, 222, 120, 80, 230, 191, 239, 83,
       108, 158, 163, 127, 196, 221, 239, 236, 243, 109, 142, 186, 239,
       229, 149, 101, 174, 94, 197, 76, 99, 166, 165, 63, 11, 171, 24,
