%YAML:1.0
---
descriptors: !!opencv-matrix
   rows: 342
   cols: 32
   dt: u
   data: [ 27, 158, 111, 223, 182, 179, 187, 215, 31, 71, 94, 246, 253,
       254, 182, 96, 127, 251, 151, 145, 179, 152, 111, 255, 238, 111,
       190, 192, 191, 204, 181, 249, 57, 93, 121, 101, 54, 75, 87, 48,
       100, 232, 127, 106, 119, 17, 128, 48, 54, 244, 68, 106, 201, 176,
       101, 28, 224, 201, 33, 48, 125, 170, 68, 105, 130, 184, 171, 187,
       214, 193, 191, 204, 30, 71, 81, 179, 180, 207, 105, 8, 249, 59,
       19, 209, 66, 28, 10, 115, 197, 7, 186, 169, 149, 91, 181, 250,
       147, 163, 107, 161, 198, 3, 184, 221, 62, 113, 83, 215, 25, 143,
       254, 8, 63, 141, 147, 189, 147, 148, 140, 211, 92, 8, 155, 228,
       45, 132, 179, 208, 226, 96, 140, 149, 108, 109, 176, 71, 154, 183,
       112, 27, 180, 252, 86, 11, 201, 127, 115, 17, 38, 118, 210, 65,
       29, 18, 223, 42, 197, 120, 23, 198, 35, 45, 242, 94, 221, 253,
       244, 71, 217, 193, 252, 8, 42, 184, 55, 189, 200, 234, 194, 25,
       183, 234, 118, 234, 63, 94, 20, 11, 203, 92, 250, 206, 84, 112,
       184, 164, 168, 76, 85, 29, 162, 252, 134, 13, 151, 159, 67, 26,
       129, 245, 125, 81, 72, 71, 211, 0, 217, 225, 125, 61, 160, 114, 6,
       91, 162, 160, 170, 144, 108, 237, 184, 71, 155, 127, 16, 155, 132,
       140, 119, 11, 207, 27, 115, 149, 182, 126, 210, 209, 31, 18, 155,
       235, 213, 8, 87, 211, 166, 121, 105, 171, 212, 141, 186, 192, 30,
       100, 73, 135, 156, 140, 119, 0, 254, 41, 19, 87, 198, 178, 88,
       246, 109, 24, 138, 106, 93, 11, 81, 210, 141, 111, 103, 137, 228,
       47, 239, 151, 116, 19, 90, 246, 209, 1, 153, 205, 126, 78, 62,
       206, 243, 180, 101, 114, 100, 42, 182, 128, 231, 217, 241, 233,
       92, 176, 188, 176, 168, 205, 80, 139, 162, 125, 133, 25, 151, 223,
       74, 26, 129, 151, 253, 17, 30, 75, 218, 17, 219, 193, 125, 125,
       144, 0, 143, 82, 230, 143, 30, 136, 204, 135, 246, 239, 207, 156,
       250, 11, 64, 248, 100, 211, 216, 243, 162, 112, 116, 123, 10, 220,
       59, 24, 199, 79, 81, 40, 252, 134, 16, 204, 31, 248, 21, 231, 70,
       239, 212, 3, 202, 2, 119, 241, 40, 228, 121, 188, 42, 40, 120,
       161, 17, 31, 177, 230, 131, 81, 178, 88, 244, 34, 248, 240, 28,
       184, 13, 221, 80, 79, 142, 53, 129, 25, 175, 157, 74, 155, 201,
       145, 237, 17, 30, 79, 218, 17, 211, 209, 24, 127, 208, 12, 158,
       90, 122, 216, 96, 152, 91, 211, 184, 231, 151, 244, 212, 167, 8,
       158, 102, 197, 111, 185, 183, 209, 142, 27, 54, 213, 127, 65, 143,
       239, 183, 4, 60, 223, 123, 153, 34, 174, 115, 148, 94, 103, 169,
       77, 216, 237, 45, 190, 182, 180, 238, 163, 223, 197, 207, 11, 52,
       253, 178, 116, 138, 139, 62, 6, 175, 95, 222, 88, 151, 183, 43,
       64, 189, 128, 172, 90, 146, 179, 220, 247, 105, 206, 231, 85, 249,
       135, 97, 197, 147, 226, 129, 114, 254, 142, 134, 117, 37, 51, 255,
       126, 197, 70, 207, 82, 70, 184, 83, 250, 188, 238, 75, 116, 215,
       191, 123, 196, 252, 234, 237, 71, 237, 168, 178, 75, 229, 191, 47,
       247, 122, 125, 15, 249, 50, 248, 241, 157, 187, 244, 169, 93, 116,
       37, 156, 223, 186, 164, 166, 25, 151, 221, 215, 57, 178, 245, 111,
       249, 46, 206, 198, 132, 167, 243, 189, 223, 232, 54, 214, 83, 223,
       253, 82, 238, 92, 191, 115, 108, 159, 33, 93, 238, 133, 231, 252,
       126, 108, 63, 250, 111, 237, 177, 117, 254, 222, 95, 188, 251,
       120, 234, 62, 209, 218, 216, 199, 252, 148, 235, 127, 221, 239,
       129, 222, 250, 151, 114, 206, 35, 106, 189, 250, 217, 165, 191,
       119, 155, 92, 219, 212, 148, 26, 186, 176, 225, 27, 231, 158, 37,
       137, 49, 183, 247, 104, 65, 215, 59, 31, 17, 58, 13, 72, 55, 249,
       197, 186, 249, 144, 64, 133, 11, 238, 188, 165, 182, 237, 105,
       156, 143, 155, 255, 145, 187, 142, 188, 69, 138, 205, 215, 255,
       17, 62, 79, 251, 242, 189, 18, 223, 255, 148, 124, 149, 118, 188,
       112, 252, 224, 237, 87, 86, 216, 67, 254, 181, 59, 91, 93, 95,
       155, 91, 212, 215, 122, 172, 102, 121, 146, 219, 203, 229, 189,
       247, 191, 94, 211, 202, 222, 151, 222, 235, 240, 60, 134, 187,
       155, 238, 240, 44, 182, 101, 222, 167, 119, 235, 144, 53, 205,
       130, 226, 27, 55, 94, 219, 130, 85, 175, 63, 9, 146, 144, 153, 49,
       187, 56, 27, 30, 117, 71, 54, 140, 194, 170, 236, 215, 11, 138,
       24, 55, 152, 105, 215, 142, 215, 154, 71, 154, 140, 137, 213, 122,
       164, 150, 184, 25, 237, 81, 71, 175, 53, 170, 25, 47, 182, 66,
       219, 233, 183, 237, 145, 62, 75, 210, 149, 153, 243, 216, 123,
       128, 68, 174, 94, 198, 126, 181, 208, 171, 103, 189, 202, 174,
       186, 146, 114, 220, 214, 197, 111, 231, 85, 255, 178, 226, 69,
       235, 208, 29, 18, 223, 254, 146, 113, 37, 39, 188, 141, 46, 190,
       157, 119, 150, 235, 150, 222, 188, 19, 114, 252, 47, 195, 217,
       195, 223, 163, 124, 103, 58, 191, 251, 195, 239, 63, 145, 122,
       252, 210, 213, 71, 141, 167, 172, 10, 79, 152, 30, 242, 155, 230,
       211, 98, 137, 107, 82, 196, 60, 238, 233, 212, 237, 40, 172, 162,
       239, 148, 44, 251, 17, 112, 48, 141, 11, 255, 21, 197, 71, 230,
       86, 0, 200, 2, 51, 195, 33, 64, 248, 250, 10, 202, 107, 186, 83,
       191, 241, 166, 146, 0, 17, 89, 116, 170, 255, 97, 101, 225, 158,
       3, 79, 156, 83, 224, 145, 206, 83, 77, 217, 191, 94, 196, 93, 255,
       233, 102, 253, 152, 240, 200, 229, 180, 47, 191, 82, 112, 124, 57,
       189, 246, 205, 110, 95, 184, 83, 246, 173, 12, 243, 229, 83, 59,
       29, 254, 121, 202, 136, 82, 251, 40, 219, 227, 197, 60, 131, 251,
       22, 114, 189, 26, 106, 253, 78, 153, 225, 113, 220, 242, 244, 238,
       251, 73, 191, 43, 124, 160, 95, 141, 169, 247, 117, 205, 86, 203,
       227, 184, 125, 168, 113, 241, 145, 52, 187, 241, 210, 160, 169,
       83, 252, 217, 246, 246, 157, 103, 248, 107, 127, 137, 94, 188,
       179, 215, 165, 198, 220, 139, 251, 196, 173, 224, 161, 241, 252,
       254, 158, 122, 168, 140, 87, 249, 179, 30, 181, 29, 95, 251, 75,
       91, 165, 247, 236, 90, 122, 71, 154, 51, 251, 235, 101, 125, 224,
       241, 238, 3, 248, 88, 186, 188, 9, 108, 84, 66, 185, 87, 224, 25,
       190, 191, 99, 26, 161, 185, 253, 0, 108, 71, 146, 226, 211, 247,
       82, 59, 2, 116, 47, 90, 173, 229, 113, 67, 228, 91, 231, 248, 120,
       58, 117, 232, 211, 97, 221, 181, 123, 204, 70, 106, 249, 52, 237,
       63, 110, 218, 37, 100, 79, 187, 194, 176, 215, 79, 130, 142, 220,
       2, 238, 224, 189, 6, 251, 198, 204, 162, 189, 213, 248, 207, 110,
       238, 108, 135, 197, 238, 180, 54, 206, 10, 145, 119, 161, 132, 58,
       175, 226, 94, 213, 243, 230, 239, 87, 7, 254, 34, 106, 232, 182,
       244, 121, 238, 134, 16, 30, 187, 44, 239, 58, 126, 150, 75, 231,
       206, 254, 238, 211, 159, 126, 92, 63, 50, 91, 58, 125, 79, 214,
       183, 106, 46, 182, 117, 246, 163, 172, 44, 172, 207, 37, 255, 210,
       127, 82, 155, 22, 197, 109, 95, 252, 245, 120, 170, 206, 71, 87,
       253, 3, 180, 173, 143, 95, 95, 74, 16, 127, 223, 211, 227, 90, 99,
       219, 53, 251, 193, 133, 125, 125, 243, 238, 210, 76, 238, 149,
       115, 224, 46, 103, 148, 251, 187, 63, 80, 223, 115, 201, 123, 165,
       71, 108, 26, 51, 240, 171, 96, 141, 255, 119, 132, 194, 243, 163,
       161, 39, 110, 234, 47, 85, 155, 254, 192, 94, 134, 88, 135, 96,
       200, 55, 0, 221, 105, 131, 71, 198, 182, 94, 187, 100, 13, 143,
       41, 85, 127, 91, 198, 194, 127, 152, 215, 110, 4, 191, 247, 152,
       166, 156, 186, 252, 191, 81, 7, 238, 119, 251, 195, 96, 111, 203,
       234, 247, 16, 207, 186, 5, 248, 133, 171, 47, 178, 225, 73, 121,
       31, 152, 120, 23, 105, 244, 236, 90, 220, 158, 180, 220, 12, 215,
       61, 131, 178, 117, 157, 14, 93, 33, 246, 95, 142, 90, 245, 244,
       182, 157, 188, 236, 47, 84, 251, 187, 223, 177, 93, 71, 238, 74,
       27, 149, 135, 108, 38, 189, 103, 219, 19, 155, 251, 113, 127, 216,
       105, 202, 83, 189, 26, 106, 251, 110, 137, 233, 113, 212, 118,
