%YAML:1.0
---
descriptors: !!opencv-matrix
   rows: 108
   cols: 32
   dt: u
   data: [ 2, 165, 16, 155, 253, 253, 188, 239, 30, 53, 25, 27, 140, 120,
       92, 140, 175, 27, 219, 17, 118, 120, 91, 215, 173, 22, 31, 127,
       212, 76, 141, 134, 231, 32, 241, 117, 100, 56, 120, 18, 121, 186,
       182, 185, 159, 63, 213, 62, 167, 213, 125, 159, 140, 244, 225,
       192, 198, 250, 211, 162, 199, 245, 67, 37, 247, 231, 193, 134,
       220, 3, 206, 232, 18, 162, 185, 202, 115, 104, 157, 3, 89, 196,
       87, 239, 232, 99, 205, 142, 56, 14, 239, 188, 237, 251, 114, 160,
       162, 133, 22, 190, 253, 33, 212, 111, 223, 19, 249, 17, 238, 248,
       44, 197, 219, 11, 43, 33, 118, 47, 75, 215, 176, 254, 86, 26, 80,
       76, 248, 143, 198, 233, 148, 183, 143, 136, 238, 169, 187, 146,
       129, 11, 236, 234, 93, 199, 163, 103, 125, 195, 98, 76, 218, 243,
       189, 242, 207, 187, 36, 51, 145, 14, 2, 167, 220, 187, 218, 129,
       60, 175, 62, 23, 72, 181, 173, 162, 202, 64, 103, 27, 171, 148,
       50, 88, 199, 119, 172, 39, 62, 201, 188, 192, 169, 152, 253, 99,
       237, 106, 142, 3, 79, 216, 67, 178, 149, 202, 83, 73, 217, 43,
       121, 196, 125, 254, 201, 103, 207, 48, 248, 200, 229, 188, 127,
       251, 114, 64, 135, 221, 168, 151, 149, 52, 158, 167, 90, 219, 9,
       85, 228, 120, 95, 43, 149, 67, 16, 87, 247, 108, 24, 175, 43, 95,
       221, 66, 140, 119, 217, 94, 244, 207, 248, 86, 178, 32, 95, 252,
       145, 142, 61, 248, 119, 231, 233, 23, 23, 115, 4, 106, 248, 101,
       42, 47, 122, 134, 101, 252, 245, 243, 134, 33, 193, 157, 28, 217,
       41, 157, 20, 190, 159, 27, 164, 92, 174, 51, 64, 93, 133, 19, 238,
       64, 98, 104, 83, 117, 239, 146, 80, 58, 26, 8, 137, 31, 161, 93,
       103, 91, 20, 222, 235, 240, 124, 80, 115, 86, 113, 84, 188, 237,
       120, 40, 18, 238, 225, 180, 60, 125, 37, 234, 210, 64, 75, 153,
       225, 244, 80, 110, 158, 180, 10, 224, 53, 198, 168, 134, 138, 161,
       181, 183, 97, 91, 167, 247, 237, 130, 64, 79, 130, 106, 209, 163,
       126, 139, 32, 112, 39, 75, 98, 96, 241, 245, 100, 40, 248, 16,
       235, 147, 50, 201, 143, 175, 213, 59, 166, 213, 125, 141, 136,
       100, 194, 192, 134, 248, 210, 162, 199, 245, 67, 13, 197, 74, 215,
       213, 108, 46, 237, 18, 252, 130, 118, 70, 241, 163, 181, 111, 98,
       228, 110, 206, 225, 244, 167, 232, 20, 170, 242, 0, 77, 241, 96,
       173, 101, 105, 25, 229, 60, 207, 67, 56, 105, 168, 243, 72, 254,
       210, 129, 116, 146, 252, 92, 106, 73, 176, 233, 92, 181, 188, 35,
       48, 64, 163, 67, 37, 250, 82, 246, 236, 105, 86, 86, 120, 177,
       206, 247, 173, 74, 191, 167, 223, 252, 212, 237, 102, 236, 231,
       209, 200, 211, 251, 65, 159, 99, 188, 110, 83, 190, 52, 182, 224,
       237, 63, 146, 200, 31, 187, 185, 59, 78, 253, 109, 143, 223, 221,
       255, 51, 60, 247, 73, 130, 155, 223, 65, 119, 195, 109, 42, 131,
       214, 232, 148, 151, 205, 128, 38, 164, 187, 178, 130, 19, 228,
       226, 76, 207, 225, 231, 106, 195, 98, 95, 155, 227, 189, 50, 223,
       43, 0, 59, 185, 14, 218, 72, 255, 244, 46, 10, 125, 52, 185, 146,
       182, 242, 127, 47, 149, 123, 102, 245, 125, 238, 232, 199, 195,
       202, 210, 251, 238, 144, 39, 176, 96, 41, 238, 188, 156, 58, 169,
       253, 20, 143, 155, 31, 164, 25, 238, 249, 106, 155, 129, 115, 233,
       16, 54, 111, 218, 51, 203, 211, 85, 123, 210, 84, 143, 11, 101,
       237, 189, 122, 141, 93, 199, 204, 194, 242, 172, 8, 82, 245, 93,
       58, 217, 210, 120, 122, 75, 99, 250, 48, 251, 203, 69, 60, 209,
       123, 214, 226, 210, 222, 58, 184, 155, 212, 148, 199, 155, 23,
       132, 31, 46, 158, 102, 81, 231, 187, 173, 17, 126, 79, 178, 243,
       187, 241, 30, 123, 144, 4, 173, 79, 203, 85, 127, 108, 170, 118,
       95, 55, 165, 110, 222, 181, 221, 63, 178, 119, 134, 21, 253, 111,
       245, 137, 53, 140, 99, 251, 104, 146, 38, 212, 165, 123, 16, 255,
       24, 173, 62, 203, 23, 238, 142, 140, 248, 161, 247, 204, 35, 0,
       222, 123, 142, 65, 78, 169, 72, 63, 232, 197, 45, 49, 112, 58, 13,
       219, 246, 72, 214, 158, 77, 86, 86, 232, 185, 134, 243, 11, 78,
       250, 39, 223, 248, 245, 239, 227, 76, 103, 154, 232, 145, 50, 207,
       31, 1, 127, 126, 6, 6, 164, 144, 131, 253, 111, 184, 73, 63, 53,
       177, 27, 204, 122, 76, 8, 187, 27, 251, 49, 54, 114, 219, 214,
       157, 22, 31, 119, 148, 14, 133, 134, 229, 42, 21, 176, 44, 13, 64,
       0, 235, 58, 176, 88, 151, 131, 64, 27, 200, 197, 108, 74, 11, 99,
       194, 96, 148, 240, 82, 56, 72, 9, 66, 32, 246, 166, 222, 180, 173,
       45, 88, 202, 187, 178, 178, 25, 207, 234, 71, 91, 235, 229, 109,
       3, 44, 103, 203, 194, 158, 251, 215, 63, 232, 108, 74, 6, 125, 85,
       25, 237, 189, 15, 86, 184, 111, 168, 189, 72, 223, 121, 9, 176,
       220, 213, 124, 106, 105, 34, 89, 190, 243, 223, 37, 52, 90, 187,
       74, 35, 53, 230, 196, 159, 206, 3, 198, 168, 19, 179, 177, 239,
       98, 96, 205, 26, 89, 206, 102, 115, 46, 98, 207, 187, 168, 134,
       229, 124, 253, 123, 90, 132, 164, 132, 150, 184, 253, 43, 208,
       233, 159, 51, 177, 25, 206, 234, 108, 201, 211, 15, 106, 49, 54,
       99, 75, 214, 152, 150, 67, 127, 208, 105, 137, 134, 2, 162, 76,
       155, 236, 137, 169, 143, 14, 53, 17, 191, 141, 3, 218, 8, 79, 11,
       107, 21, 18, 88, 79, 209, 12, 16, 191, 252, 156, 136, 137, 144,
       173, 106, 231, 85, 68, 46, 233, 18, 116, 194, 118, 214, 243, 161,
       149, 127, 109, 236, 34, 142, 169, 244, 247, 40, 4, 234, 240, 0,
       239, 249, 114, 244, 79, 158, 173, 155, 189, 95, 87, 184, 23, 127,
       150, 101, 222, 117, 155, 239, 213, 70, 189, 63, 253, 72, 121, 191,
       235, 87, 253, 215, 154, 252, 28, 115, 9, 160, 179, 249, 167, 249,
       49, 87, 95, 61, 92, 48, 175, 183, 226, 172, 163, 26, 178, 24, 22,
       248, 162, 145, 143, 221, 16, 107, 242, 204, 141, 237, 5, 164, 153,
       243, 236, 169, 249, 159, 78, 59, 57, 120, 159, 185, 216, 40, 143,
       27, 126, 29, 147, 120, 235, 211, 204, 159, 63, 244, 220, 202, 129,
       161, 90, 188, 188, 114, 169, 253, 21, 143, 171, 63, 172, 41, 174,
       191, 66, 26, 133, 211, 237, 16, 26, 75, 218, 49, 219, 215, 85,
       123, 210, 68, 143, 75, 93, 71, 68, 69, 176, 30, 78, 184, 117, 168,
       126, 228, 83, 96, 157, 116, 54, 204, 44, 110, 237, 240, 109, 14,
       166, 239, 37, 132, 111, 243, 88, 5, 184, 125, 27, 184, 9, 198, 87,
       96, 229, 136, 224, 12, 86, 211, 32, 81, 216, 60, 202, 98, 121,
       175, 18, 14, 241, 241, 2, 90, 88, 10, 102, 50, 37, 112, 177, 67,
       109, 127, 195, 152, 75, 250, 39, 72, 210, 85, 93, 190, 153, 92,
       80, 122, 129, 116, 249, 8, 15, 222, 69, 52, 202, 251, 82, 177,
       214, 74, 223, 253, 110, 40, 125, 20, 185, 146, 178, 218, 255, 171,
       149, 91, 103, 229, 125, 142, 225, 71, 199, 226, 214, 250, 250,
       152, 165, 241, 99, 41, 116, 166, 222, 180, 172, 45, 88, 11, 171,
       183, 187, 25, 223, 234, 66, 26, 235, 199, 109, 21, 62, 103, 203,
       130, 220, 243, 127, 60, 200, 104, 67, 130, 109, 231, 148, 37, 188,
       15, 70, 186, 107, 176, 170, 76, 207, 96, 91, 18, 147, 68, 108,
       126, 238, 99, 219, 63, 234, 255, 5, 124, 72, 241, 74, 0, 121, 125,
       152, 109, 188, 15, 86, 186, 119, 168, 188, 76, 159, 59, 1, 48,
       204, 220, 124, 104, 201, 186, 81, 30, 239, 221, 37, 52, 74, 184,
       74, 3, 70, 232, 134, 158, 77, 136, 166, 232, 186, 146, 129, 10,
       236, 194, 109, 223, 177, 109, 234, 194, 100, 71, 154, 249, 181,
       50, 207, 43, 0, 115, 43, 134, 118, 227, 192, 139, 220, 9, 194,
       136, 83, 176, 177, 239, 98, 232, 93, 134, 217, 196, 110, 115, 78,
       98, 203, 145, 62, 30, 133, 126, 117, 187, 88, 133, 20, 128, 158,
       161, 188, 11, 144, 233, 30, 49, 179, 24, 207, 226, 104, 203, 219,
       5, 110, 49, 58, 123, 75, 212, 152, 214, 91, 119, 208, 40, 137, 0,
       118, 96, 150, 172, 43, 11, 88, 72, 171, 160, 241, 9, 206, 202,
       109, 158, 222, 245, 127, 49, 12, 195, 146, 200, 145, 242, 79, 63,
