%YAML:1.0
---
descriptors: !!opencv-matrix
   rows: 164
   cols: 32
   dt: u
   data: [ 124, 233, 106, 230, 149, 18, 94, 236, 97, 160, 231, 10, 91,
       91, 57, 208, 120, 212, 253, 250, 88, 179, 201, 172, 251, 233, 135,
       85, 39, 187, 254, 2, 45, 12, 252, 117, 237, 127, 113, 154, 87,
       187, 63, 24, 91, 57, 87, 43, 137, 70, 55, 24, 56, 240, 123, 160,
       79, 223, 85, 84, 227, 233, 88, 194, 118, 188, 164, 190, 141, 205,
       220, 239, 155, 183, 176, 25, 238, 251, 118, 11, 201, 251, 255, 21,
       62, 111, 218, 242, 185, 214, 223, 123, 208, 93, 159, 202, 6, 173,
       159, 222, 255, 224, 159, 239, 191, 23, 224, 16, 236, 242, 104, 89,
       251, 95, 235, 2, 114, 75, 202, 243, 185, 182, 95, 63, 144, 112,
       175, 139, 198, 174, 157, 154, 217, 237, 159, 239, 159, 63, 137,
       25, 206, 231, 104, 75, 205, 243, 235, 147, 114, 75, 218, 247, 185,
       150, 95, 123, 144, 89, 133, 42, 59, 143, 106, 142, 62, 147, 206,
       252, 213, 68, 220, 239, 97, 232, 183, 0, 90, 234, 23, 111, 222,
       171, 14, 189, 58, 77, 173, 152, 127, 142, 248, 220, 89, 130, 238,
       117, 23, 82, 107, 55, 113, 229, 199, 151, 115, 45, 150, 116, 112,
       228, 181, 172, 173, 216, 181, 142, 75, 239, 213, 129, 167, 164,
       126, 94, 206, 152, 188, 249, 171, 225, 153, 138, 142, 117, 148,
       179, 157, 159, 98, 74, 207, 147, 251, 145, 26, 15, 107, 211, 207,
       209, 154, 255, 148, 9, 37, 114, 177, 213, 25, 108, 245, 79, 87,
       125, 73, 40, 185, 76, 95, 91, 40, 48, 216, 145, 68, 106, 89, 35,
       112, 31, 243, 221, 0, 58, 123, 58, 194, 162, 60, 116, 248, 97, 29,
       127, 83, 152, 86, 251, 181, 26, 91, 93, 75, 56, 89, 216, 205, 122,
       10, 102, 121, 178, 223, 207, 37, 125, 243, 251, 78, 82, 95, 244,
       208, 218, 155, 212, 50, 200, 187, 19, 133, 2, 108, 210, 76, 246,
       179, 83, 248, 210, 71, 71, 155, 241, 59, 221, 23, 111, 10, 7, 41,
       30, 124, 161, 250, 98, 144, 233, 83, 214, 98, 5, 237, 8, 55, 241,
       74, 48, 48, 218, 68, 88, 26, 50, 168, 35, 251, 237, 36, 121, 224,
       219, 198, 98, 33, 11, 80, 69, 112, 15, 106, 48, 101, 160, 98, 200,
       243, 3, 149, 180, 94, 236, 70, 110, 201, 184, 69, 44, 38, 184, 37,
       0, 107, 170, 74, 168, 188, 21, 89, 232, 245, 111, 83, 123, 17, 41,
       125, 28, 91, 127, 41, 48, 157, 154, 21, 56, 57, 178, 121, 30, 251,
       205, 33, 68, 251, 203, 198, 179, 139, 29, 231, 221, 247, 210, 173,
       55, 221, 201, 94, 242, 168, 60, 182, 229, 78, 38, 178, 157, 181,
       184, 101, 206, 46, 127, 190, 130, 143, 204, 249, 253, 72, 98, 140,
       37, 32, 8, 127, 56, 32, 78, 215, 237, 215, 41, 155, 82, 16, 196,
       237, 111, 204, 80, 205, 8, 198, 227, 96, 149, 40, 179, 94, 81,
       186, 22, 166, 183, 141, 55, 149, 123, 215, 190, 150, 87, 98, 108,
       15, 143, 233, 214, 237, 163, 44, 231, 123, 190, 155, 243, 223, 23,
       195, 109, 220, 103, 126, 182, 172, 160, 184, 63, 88, 152, 35, 189,
       156, 189, 207, 46, 211, 154, 133, 197, 253, 149, 190, 66, 201,
       144, 218, 209, 173, 253, 134, 229, 158, 83, 31, 249, 123, 97, 50,
       150, 63, 113, 165, 200, 94, 226, 61, 223, 246, 244, 38, 189, 191,
       207, 193, 153, 164, 252, 243, 233, 47, 192, 39, 166, 165, 113, 56,
       27, 62, 46, 89, 95, 145, 96, 33, 77, 245, 45, 46, 188, 38, 25,
       232, 129, 207, 65, 28, 171, 16, 44, 211, 243, 80, 27, 209, 14,
       126, 91, 21, 99, 122, 37, 50, 11, 119, 104, 105, 236, 251, 173,
       79, 10, 139, 16, 182, 205, 76, 103, 204, 179, 45, 78, 240, 254,
       35, 6, 96, 183, 107, 199, 165, 135, 121, 110, 244, 47, 71, 121,
       81, 106, 125, 92, 83, 121, 24, 49, 157, 138, 6, 46, 185, 182, 120,
       31, 115, 222, 33, 116, 123, 233, 194, 161, 198, 190, 190, 146,
       171, 237, 180, 199, 190, 191, 150, 61, 172, 255, 66, 11, 135, 119,
       239, 17, 54, 77, 138, 242, 237, 18, 95, 255, 128, 92, 141, 91,
       202, 207, 44, 185, 173, 229, 185, 135, 143, 53, 12, 151, 140, 143,
       98, 66, 197, 19, 187, 21, 22, 13, 211, 243, 207, 209, 159, 255,
       148, 76, 157, 82, 249, 63, 62, 188, 233, 189, 92, 115, 171, 254,
       188, 93, 63, 191, 2, 147, 133, 247, 253, 4, 252, 107, 210, 188,
       251, 251, 117, 186, 106, 228, 202, 91, 236, 166, 164, 177, 173,
       63, 220, 159, 223, 255, 180, 93, 207, 41, 91, 143, 205, 198, 237,
       53, 190, 118, 203, 146, 206, 211, 245, 245, 218, 252, 218, 87, 39,
       34, 170, 40, 92, 159, 200, 88, 206, 109, 216, 205, 129, 200, 247,
       0, 220, 173, 127, 21, 134, 35, 198, 16, 76, 45, 171, 253, 221, 10,
       91, 196, 201, 180, 190, 113, 169, 188, 53, 151, 255, 187, 166, 20,
       158, 179, 64, 187, 165, 23, 104, 24, 179, 109, 179, 66, 203, 251,
       86, 86, 202, 64, 139, 43, 18, 106, 174, 176, 13, 237, 185, 71,
       159, 191, 6, 19, 172, 143, 99, 8, 165, 59, 179, 21, 38, 221, 34,
       208, 207, 83, 223, 163, 128, 92, 21, 219, 30, 217, 246, 174, 179,
       91, 94, 228, 45, 21, 246, 35, 111, 62, 46, 212, 238, 217, 151,
       211, 92, 155, 8, 224, 185, 251, 222, 199, 179, 55, 47, 95, 161,
       136, 61, 113, 52, 207, 225, 63, 116, 104, 242, 16, 179, 25, 16,
       97, 216, 172, 102, 56, 187, 184, 113, 31, 205, 186, 50, 64, 105,
       8, 82, 168, 84, 76, 151, 254, 131, 224, 55, 66, 164, 130, 202, 2,
       60, 247, 33, 74, 224, 247, 43, 130, 0, 201, 18, 234, 209, 166,
       222, 11, 160, 113, 37, 42, 78, 99, 163, 167, 45, 11, 235, 56, 39,
       228, 27, 239, 207, 141, 91, 134, 50, 68, 237, 127, 0, 241, 205,
       140, 252, 80, 143, 245, 38, 191, 21, 97, 87, 243, 184, 74, 139,
       148, 23, 248, 235, 157, 173, 5, 78, 210, 78, 118, 181, 203, 236,
       242, 214, 67, 186, 245, 251, 221, 7, 127, 146, 7, 171, 71, 91, 94,
       140, 165, 58, 6, 94, 50, 160, 226, 142, 239, 247, 42, 19, 82, 86,
       229, 253, 229, 236, 11, 213, 14, 250, 231, 239, 145, 44, 246, 56,
       25, 32, 107, 248, 100, 108, 73, 85, 82, 194, 174, 180, 40, 179,
       145, 193, 58, 8, 220, 196, 74, 72, 98, 226, 0, 67, 201, 101, 57,
       97, 184, 86, 163, 212, 252, 29, 114, 136, 236, 85, 150, 176, 55,
       166, 24, 247, 151, 73, 91, 5, 215, 109, 18, 58, 70, 219, 33, 209,
       227, 116, 89, 224, 209, 134, 34, 39, 234, 172, 19, 236, 191, 232,
       164, 218, 255, 117, 93, 225, 40, 222, 42, 137, 110, 114, 29, 166,
       254, 206, 51, 14, 31, 245, 101, 205, 126, 218, 204, 177, 84, 79,
       93, 116, 27, 110, 112, 116, 98, 119, 214, 83, 1, 177, 237, 127,
       172, 22, 46, 233, 180, 117, 14, 6, 175, 112, 132, 127, 185, 120,
       177, 36, 140, 27, 250, 148, 231, 195, 195, 30, 13, 201, 3, 183,
       217, 32, 64, 201, 42, 3, 20, 50, 168, 74, 63, 237, 134, 178, 72,
       144, 11, 240, 138, 223, 223, 231, 159, 179, 240, 47, 183, 191, 87,
       207, 183, 236, 230, 235, 230, 119, 127, 168, 231, 247, 205, 175,
       239, 168, 54, 143, 131, 166, 247, 173, 252, 145, 149, 59, 254,
       212, 164, 241, 115, 252, 73, 127, 20, 60, 191, 46, 96, 164, 51,
       23, 12, 179, 169, 50, 87, 91, 189, 50, 74, 72, 0, 225, 115, 49,
       73, 135, 253, 86, 131, 102, 238, 86, 160, 234, 66, 115, 99, 32,
       64, 121, 236, 42, 234, 105, 251, 89, 95, 184, 166, 199, 4, 57, 57,
       240, 0, 59, 175, 104, 171, 220, 177, 203, 255, 22, 5, 220, 207,
       35, 232, 190, 0, 91, 202, 151, 221, 158, 42, 78, 191, 122, 77,
       173, 253, 117, 206, 220, 204, 18, 149, 51, 216, 219, 240, 16, 107,
       143, 21, 233, 50, 28, 183, 44, 113, 227, 155, 155, 128, 18, 11,
       50, 213, 219, 244, 26, 75, 145, 0, 165, 178, 129, 130, 16, 223,
       52, 157, 104, 63, 126, 57, 117, 84, 191, 3, 152, 229, 106, 10, 14,
       12, 179, 124, 69, 85, 132, 184, 50, 96, 26, 136, 89, 169, 77, 112,
       147, 161, 102, 14, 235, 80, 40, 136, 243, 98, 28, 19, 193, 218,
       254, 157, 94, 251, 1, 247, 128, 192, 213, 172, 43, 196, 137, 35,
       35, 161, 48, 249, 122, 248, 85, 197, 243, 231, 187, 4, 252, 3, 62,
       221, 38, 0, 232, 187, 151, 193, 78, 171, 50, 253, 251, 221, 6,
       107, 81, 8, 238, 202, 101, 48, 213, 66, 168, 111, 69, 137, 235,
