%YAML:1.0
---
descriptors: !!opencv-matrix
   rows: 460
   cols: 32
   dt: u
   data: [ 9, 182, 253, 117, 52, 58, 104, 59, 116, 227, 246, 244, 251,
       43, 144, 224, 63, 140, 110, 173, 189, 248, 101, 15, 206, 239, 179,
       0, 238, 232, 105, 16, 9, 142, 54, 127, 53, 156, 120, 183, 253, 15,
       126, 20, 175, 187, 164, 148, 135, 35, 238, 12, 198, 169, 178, 231,
       174, 255, 50, 138, 194, 204, 195, 15, 238, 138, 104, 185, 250,
       194, 169, 175, 18, 53, 82, 163, 129, 174, 210, 64, 123, 157, 183,
       181, 62, 26, 205, 151, 92, 39, 191, 237, 181, 132, 60, 200, 212,
       148, 29, 165, 50, 14, 111, 179, 36, 26, 154, 229, 215, 55, 1, 67,
       119, 151, 29, 172, 105, 152, 81, 10, 233, 231, 174, 148, 168, 224,
       33, 59, 135, 88, 255, 215, 111, 127, 180, 134, 222, 246, 22, 50,
       200, 124, 183, 175, 175, 113, 179, 3, 164, 244, 63, 226, 7, 91,
       223, 131, 197, 125, 93, 223, 126, 243, 237, 8, 47, 83, 145, 200,
       218, 252, 177, 175, 72, 236, 95, 11, 156, 69, 239, 115, 134, 99,
       175, 208, 91, 19, 109, 255, 213, 46, 84, 215, 65, 204, 156, 255,
       40, 173, 77, 190, 239, 59, 2, 84, 191, 179, 192, 90, 135, 99, 108,
       12, 67, 77, 203, 113, 204, 251, 118, 248, 24, 208, 129, 9, 95,
       215, 244, 70, 186, 19, 78, 252, 83, 230, 190, 238, 107, 100, 155,
       167, 55, 212, 220, 238, 237, 195, 61, 190, 186, 207, 101, 180,
       127, 255, 136, 53, 41, 16, 254, 109, 94, 159, 249, 91, 86, 233,
       118, 70, 113, 141, 146, 72, 124, 188, 51, 12, 129, 248, 247, 13,
       79, 43, 241, 192, 127, 136, 112, 250, 242, 51, 18, 168, 27, 139,
       147, 72, 141, 12, 184, 173, 14, 206, 38, 16, 220, 185, 207, 97,
       72, 35, 210, 156, 145, 208, 0, 59, 80, 14, 38, 83, 59, 207, 86,
       231, 245, 90, 94, 247, 53, 125, 254, 162, 107, 44, 182, 181, 239,
       199, 164, 198, 253, 250, 109, 165, 186, 251, 212, 199, 103, 222,
       252, 77, 1, 189, 63, 108, 211, 206, 53, 119, 173, 77, 110, 4, 190,
       183, 32, 48, 164, 59, 91, 12, 17, 153, 50, 69, 227, 255, 80, 66,
       72, 64, 167, 251, 91, 34, 82, 236, 54, 147, 59, 88, 173, 132, 156,
       226, 13, 194, 179, 228, 54, 169, 31, 172, 132, 3, 36, 220, 146,
       237, 171, 184, 54, 162, 41, 5, 92, 208, 127, 108, 14, 70, 87, 248,
       230, 84, 167, 2, 95, 255, 43, 115, 226, 213, 125, 234, 73, 39,
       187, 89, 115, 235, 103, 29, 113, 51, 100, 115, 176, 217, 238, 167,
       228, 82, 86, 254, 17, 254, 242, 167, 3, 44, 54, 211, 234, 207,
       165, 230, 109, 251, 53, 172, 179, 235, 244, 135, 109, 248, 252,
       223, 91, 202, 179, 30, 29, 148, 172, 239, 235, 31, 245, 82, 236,
       250, 60, 230, 233, 39, 252, 141, 214, 43, 170, 241, 51, 124, 154,
       203, 83, 4, 239, 239, 69, 59, 155, 238, 184, 172, 95, 89, 175,
       137, 171, 68, 190, 243, 97, 112, 212, 127, 108, 90, 155, 3, 154,
       48, 217, 253, 39, 58, 136, 115, 163, 35, 189, 111, 73, 167, 180,
       43, 79, 184, 84, 162, 155, 218, 211, 97, 153, 0, 89, 236, 93, 111,
       104, 240, 77, 46, 232, 206, 165, 20, 101, 251, 80, 32, 53, 160,
       85, 217, 21, 215, 64, 233, 87, 16, 240, 66, 241, 211, 40, 229, 89,
       168, 2, 56, 43, 160, 122, 221, 141, 158, 135, 76, 186, 168, 112,
       172, 232, 176, 158, 188, 105, 221, 80, 39, 187, 95, 165, 57, 191,
       159, 98, 155, 129, 179, 237, 0, 111, 79, 146, 17, 211, 209, 80,
       123, 88, 0, 142, 91, 217, 92, 253, 117, 52, 94, 93, 182, 113, 254,
       118, 29, 255, 45, 146, 51, 150, 230, 253, 108, 233, 252, 241, 47,
       227, 251, 116, 145, 102, 241, 70, 121, 32, 241, 120, 105, 116,
       207, 83, 84, 65, 109, 124, 8, 51, 145, 0, 48, 88, 186, 6, 120, 11,
       186, 112, 28, 111, 141, 32, 96, 123, 138, 86, 186, 109, 108, 185,
       101, 56, 47, 79, 186, 18, 186, 44, 72, 215, 49, 81, 59, 145, 92,
       125, 110, 105, 112, 249, 29, 237, 159, 101, 52, 80, 249, 66, 32,
       43, 135, 6, 156, 189, 53, 206, 255, 93, 11, 88, 70, 232, 224, 188,
       196, 89, 74, 166, 44, 255, 169, 15, 191, 40, 126, 199, 154, 30,
       238, 216, 141, 10, 123, 98, 86, 113, 216, 127, 85, 173, 5, 126,
       173, 46, 205, 183, 132, 38, 58, 215, 76, 194, 169, 54, 237, 50,
       93, 4, 139, 70, 158, 255, 125, 32, 32, 57, 229, 124, 199, 185, 67,
       90, 161, 112, 10, 16, 153, 20, 9, 200, 60, 19, 9, 144, 250, 192,
       157, 85, 152, 218, 120, 69, 8, 87, 170, 190, 220, 170, 247, 220,
       105, 175, 244, 30, 238, 223, 147, 249, 111, 59, 96, 121, 251, 95,
       227, 121, 247, 121, 235, 253, 7, 255, 176, 181, 251, 181, 218,
       104, 240, 248, 104, 116, 205, 83, 89, 35, 9, 109, 8, 23, 215, 8,
       16, 152, 152, 68, 24, 26, 58, 240, 1, 215, 173, 48, 104, 96, 138,
       198, 179, 134, 252, 182, 158, 239, 105, 148, 239, 159, 55, 152,
       59, 204, 255, 44, 143, 219, 219, 251, 131, 112, 107, 218, 242,
       191, 22, 95, 63, 215, 124, 133, 158, 94, 95, 159, 246, 138, 102,
       15, 150, 130, 182, 142, 135, 237, 167, 97, 203, 103, 247, 173,
       198, 72, 67, 187, 232, 241, 227, 239, 144, 164, 115, 165, 120,
       164, 48, 123, 99, 100, 239, 97, 80, 113, 109, 101, 24, 19, 21,
       200, 56, 88, 152, 2, 26, 11, 180, 120, 0, 71, 137, 48, 68, 225,
       139, 70, 242, 182, 13, 170, 158, 149, 231, 202, 65, 214, 132, 205,
       19, 96, 232, 54, 64, 88, 170, 3, 159, 60, 171, 120, 142, 59, 4,
       142, 9, 177, 106, 244, 198, 109, 63, 85, 38, 234, 15, 86, 249,
       141, 226, 185, 237, 95, 239, 233, 147, 151, 231, 206, 102, 205,
       35, 95, 8, 58, 209, 101, 188, 126, 254, 74, 81, 60, 133, 223, 229,
       133, 74, 86, 105, 97, 134, 235, 19, 67, 45, 28, 18, 249, 214, 32,
       162, 124, 255, 209, 138, 187, 239, 214, 5, 227, 234, 246, 194, 50,
       225, 80, 136, 93, 9, 198, 236, 15, 49, 168, 11, 38, 72, 104, 148,
       217, 203, 66, 113, 74, 43, 74, 183, 189, 20, 141, 63, 81, 26, 210,
       142, 38, 62, 46, 190, 108, 39, 190, 106, 155, 198, 88, 135, 100,
       238, 115, 9, 253, 109, 51, 167, 164, 215, 202, 254, 31, 54, 223,
       171, 133, 123, 55, 215, 63, 197, 226, 72, 213, 54, 238, 206, 80,
       193, 234, 18, 81, 248, 61, 224, 121, 204, 19, 185, 189, 179, 188,
       194, 59, 44, 143, 76, 223, 250, 248, 132, 125, 69, 207, 236, 14,
       2, 79, 120, 84, 194, 222, 230, 115, 105, 185, 99, 126, 228, 61,
       239, 233, 163, 45, 175, 242, 239, 239, 144, 61, 251, 112, 49, 14,
       189, 150, 154, 249, 230, 158, 239, 191, 159, 184, 17, 204, 254,
       109, 223, 255, 207, 223, 211, 62, 75, 26, 247, 185, 182, 223, 255,
       146, 117, 167, 135, 91, 121, 51, 62, 123, 148, 154, 204, 235, 80,
       224, 165, 44, 222, 47, 244, 254, 249, 219, 195, 143, 3, 190, 237,
       146, 112, 10, 10, 127, 23, 43, 94, 130, 157, 188, 187, 189, 253,
       188, 175, 159, 127, 17, 17, 140, 254, 110, 205, 199, 27, 251, 17,
       118, 76, 123, 247, 143, 82, 95, 119, 144, 72, 157, 214, 95, 215,
       244, 14, 190, 18, 94, 188, 83, 254, 149, 238, 110, 104, 191, 247,
       87, 196, 252, 110, 236, 99, 175, 253, 186, 127, 101, 191, 55, 247,
       120, 77, 135, 28, 57, 158, 58, 191, 11, 56, 159, 78, 85, 244, 254,
       198, 163, 100, 86, 97, 30, 79, 163, 133, 110, 127, 164, 54, 43,
       154, 28, 171, 1, 117, 212, 16, 158, 252, 139, 173, 84, 89, 185,
       138, 161, 24, 78, 251, 105, 91, 182, 241, 238, 48, 40, 71, 18,
       192, 147, 219, 71, 62, 208, 112, 163, 3, 63, 157, 146, 163, 215,
       188, 182, 247, 19, 89, 254, 87, 94, 62, 110, 244, 253, 223, 151,
       212, 155, 186, 89, 230, 251, 239, 62, 198, 203, 95, 168, 155, 150,
       165, 74, 146, 212, 226, 238, 101, 148, 133, 219, 147, 89, 238, 58,
       65, 121, 171, 19, 187, 60, 219, 28, 206, 59, 2, 159, 193, 165, 74,
       180, 208, 35, 183, 92, 93, 234, 155, 188, 63, 31, 226, 116, 255,
       172, 108, 134, 167, 78, 59, 222, 134, 247, 220, 87, 251, 38, 26,
       124, 178, 127, 204, 139, 157, 26, 185, 42, 181, 21, 248, 184, 99,
       176, 69, 222, 179, 189, 190, 34, 0, 238, 59, 177, 129, 28, 153,
       176, 141, 201, 229, 154, 195, 5, 8, 191, 218, 216, 129, 108, 99,
