%YAML:1.0
---
descriptors: !!opencv-matrix
   rows: 218
   cols: 32
   dt: u
   data: [ 125, 99, 200, 7, 177, 27, 70, 184, 113, 228, 239, 168, 67, 97,
       139, 22, 24, 196, 236, 110, 76, 242, 237, 44, 254, 231, 69, 21,
       227, 251, 206, 4, 43, 118, 160, 94, 61, 244, 81, 123, 81, 207,
       125, 45, 106, 125, 158, 180, 221, 34, 196, 44, 141, 163, 114, 143,
       67, 223, 145, 155, 218, 238, 94, 119, 157, 245, 126, 243, 167, 95,
       255, 253, 117, 94, 117, 163, 219, 93, 186, 165, 63, 217, 151, 239,
       248, 188, 61, 221, 239, 219, 103, 197, 119, 190, 237, 243, 240,
       122, 30, 124, 11, 236, 81, 146, 176, 30, 164, 25, 55, 151, 3, 27,
       164, 245, 109, 66, 40, 71, 146, 33, 209, 225, 112, 25, 96, 1, 38,
       107, 96, 48, 181, 204, 79, 207, 113, 88, 207, 240, 229, 8, 246,
       215, 64, 54, 120, 188, 122, 24, 3, 103, 243, 93, 213, 152, 65, 62,
       82, 10, 7, 226, 137, 214, 73, 187, 108, 205, 237, 17, 236, 91, 87,
       86, 157, 211, 248, 98, 111, 0, 94, 28, 211, 52, 119, 194, 228,
       141, 182, 192, 124, 138, 129, 241, 125, 29, 234, 226, 245, 124,
       126, 218, 113, 205, 124, 171, 57, 63, 247, 240, 126, 219, 151,
       252, 180, 58, 228, 170, 127, 237, 166, 233, 231, 239, 254, 243,
       48, 89, 107, 101, 116, 79, 103, 180, 53, 108, 254, 108, 211, 21,
       145, 112, 94, 252, 87, 110, 201, 176, 121, 46, 231, 173, 33, 132,
       100, 186, 70, 121, 86, 237, 229, 118, 139, 84, 86, 172, 179, 254,
       175, 9, 98, 253, 95, 51, 177, 212, 249, 242, 108, 71, 187, 58,
       251, 99, 69, 63, 163, 119, 214, 86, 252, 241, 209, 238, 185, 79,
       87, 152, 35, 248, 169, 8, 223, 247, 73, 50, 215, 213, 125, 114,
       91, 67, 251, 18, 251, 221, 37, 124, 186, 51, 6, 51, 156, 218, 109,
       69, 36, 27, 197, 186, 84, 250, 118, 230, 211, 41, 149, 13, 31, 84,
       36, 110, 233, 244, 101, 140, 102, 235, 101, 132, 111, 185, 80, 49,
       108, 231, 225, 35, 221, 75, 215, 168, 82, 236, 185, 173, 91, 108,
       95, 19, 153, 204, 69, 119, 236, 114, 237, 56, 124, 0, 165, 181,
       69, 127, 214, 194, 233, 45, 249, 101, 244, 78, 111, 55, 121, 238,
       127, 8, 243, 49, 145, 48, 22, 254, 84, 42, 233, 248, 241, 14, 239,
       255, 37, 0, 66, 226, 70, 249, 208, 207, 93, 237, 170, 98, 77, 183,
       148, 182, 146, 179, 151, 39, 128, 67, 78, 245, 125, 226, 120, 206,
       99, 8, 225, 163, 254, 148, 53, 240, 164, 121, 253, 150, 230, 28,
       221, 31, 206, 251, 87, 226, 222, 206, 83, 232, 191, 229, 93, 238,
       54, 173, 253, 242, 125, 159, 62, 111, 197, 4, 239, 252, 120, 28,
       191, 239, 230, 159, 254, 51, 207, 251, 19, 230, 222, 247, 105,
       234, 191, 213, 127, 239, 183, 175, 252, 214, 239, 255, 62, 110,
       239, 132, 175, 252, 250, 213, 70, 188, 191, 191, 190, 207, 183,
       232, 158, 247, 70, 55, 244, 255, 107, 75, 211, 127, 251, 19, 114,
       73, 187, 63, 239, 231, 255, 255, 148, 112, 149, 219, 175, 81, 168,
       186, 237, 93, 213, 217, 199, 126, 181, 47, 139, 252, 255, 175,
       220, 152, 183, 86, 141, 103, 126, 144, 211, 217, 229, 191, 219,
       127, 220, 215, 34, 173, 144, 158, 253, 253, 180, 239, 159, 31,
       236, 9, 172, 254, 110, 196, 201, 59, 203, 1, 102, 43, 218, 247,
       61, 22, 30, 59, 210, 78, 141, 206, 182, 79, 194, 158, 246, 160,
       174, 220, 149, 8, 217, 231, 97, 202, 189, 196, 126, 235, 7, 247,
       251, 135, 14, 239, 48, 100, 174, 136, 189, 255, 248, 149, 203,
       113, 108, 97, 34, 86, 121, 29, 101, 232, 86, 167, 217, 31, 158,
       229, 54, 29, 255, 253, 197, 148, 165, 200, 103, 249, 171, 197, 39,
       132, 61, 241, 107, 176, 246, 92, 233, 87, 152, 127, 91, 105, 148,
       61, 12, 188, 246, 189, 143, 31, 247, 5, 148, 75, 243, 213, 91, 91,
       88, 255, 86, 140, 159, 255, 138, 217, 50, 159, 59, 208, 60, 230,
       191, 69, 84, 163, 172, 222, 39, 197, 230, 123, 179, 193, 70, 156,
       50, 253, 39, 115, 90, 139, 22, 20, 45, 223, 62, 28, 114, 142, 125,
       95, 254, 232, 29, 70, 253, 11, 78, 124, 63, 197, 250, 209, 223,
       163, 108, 163, 120, 206, 247, 119, 202, 31, 55, 127, 125, 214, 49,
       140, 107, 235, 214, 163, 235, 247, 86, 73, 222, 198, 113, 239,
       176, 96, 127, 170, 23, 156, 155, 187, 36, 255, 254, 239, 162, 192,
       189, 202, 240, 241, 205, 120, 190, 127, 73, 253, 120, 218, 255,
       219, 164, 20, 252, 255, 93, 123, 129, 107, 123, 158, 163, 69, 250,
       241, 79, 251, 215, 44, 218, 117, 99, 242, 47, 76, 115, 79, 117,
       211, 163, 104, 95, 68, 125, 2, 104, 220, 183, 164, 88, 40, 146,
       107, 199, 176, 124, 255, 39, 92, 3, 2, 87, 175, 124, 244, 61, 205,
       107, 222, 220, 146, 207, 246, 213, 128, 220, 2, 115, 233, 181, 96,
       88, 234, 23, 202, 233, 171, 46, 191, 114, 239, 167, 136, 119, 251,
       112, 168, 226, 243, 241, 82, 75, 213, 184, 204, 235, 125, 176, 89,
       44, 204, 92, 183, 175, 155, 219, 209, 231, 107, 190, 211, 59, 24,
       29, 63, 71, 84, 103, 95, 2, 149, 0, 139, 213, 215, 190, 239, 29,
       69, 74, 23, 236, 62, 62, 196, 221, 27, 147, 161, 118, 152, 89,
       255, 47, 118, 142, 71, 22, 14, 189, 222, 250, 88, 255, 244, 15,
       88, 93, 245, 169, 214, 182, 191, 107, 63, 55, 95, 238, 229, 253,
       231, 236, 103, 179, 224, 211, 251, 198, 147, 39, 180, 244, 126,
       227, 219, 103, 138, 255, 146, 188, 37, 141, 64, 210, 239, 104, 28,
       182, 197, 110, 167, 187, 229, 245, 171, 87, 221, 60, 114, 138,
       210, 31, 14, 152, 93, 132, 204, 142, 151, 148, 176, 190, 231, 62,
       147, 219, 18, 236, 114, 72, 75, 251, 239, 42, 146, 118, 220, 203,
       227, 188, 39, 255, 67, 128, 113, 161, 139, 122, 33, 202, 174, 207,
       121, 144, 66, 139, 131, 137, 27, 174, 184, 103, 138, 170, 235,
       251, 1, 12, 35, 146, 192, 146, 85, 218, 59, 157, 127, 27, 14, 149,
       87, 78, 175, 54, 26, 234, 248, 100, 232, 223, 230, 83, 104, 187,
       97, 126, 228, 30, 239, 237, 176, 77, 204, 244, 171, 167, 132, 109,
       187, 120, 21, 181, 70, 125, 101, 108, 47, 79, 120, 68, 170, 181,
       76, 83, 113, 153, 59, 94, 196, 87, 238, 169, 246, 105, 24, 71,
       139, 97, 180, 107, 251, 66, 177, 173, 17, 253, 69, 236, 62, 253,
       29, 70, 251, 55, 116, 211, 61, 220, 107, 95, 86, 63, 188, 185,
       244, 249, 0, 79, 171, 245, 212, 239, 248, 208, 243, 0, 249, 149,
       201, 105, 193, 165, 206, 142, 16, 44, 32, 180, 147, 97, 230, 64,
       26, 58, 72, 67, 9, 83, 81, 5, 144, 150, 38, 144, 16, 97, 169, 27,
       122, 238, 165, 102, 3, 189, 116, 152, 230, 84, 239, 125, 175, 246,
       3, 62, 253, 183, 231, 225, 214, 166, 204, 118, 75, 239, 168, 45,
       174, 51, 249, 2, 91, 10, 157, 50, 130, 184, 103, 60, 5, 66, 167,
       172, 135, 50, 64, 230, 43, 179, 133, 70, 152, 2, 255, 100, 38,
       186, 131, 28, 20, 169, 219, 162, 251, 248, 223, 238, 153, 180,
       223, 219, 158, 56, 239, 172, 232, 199, 11, 206, 123, 230, 67, 198,
       106, 206, 241, 38, 16, 126, 187, 85, 216, 207, 143, 44, 29, 50,
       222, 117, 183, 147, 98, 159, 12, 220, 2, 236, 250, 38, 64, 216,
       42, 134, 18, 50, 170, 122, 255, 119, 255, 130, 75, 146, 79, 116,
       203, 137, 25, 121, 241, 228, 205, 233, 83, 236, 90, 182, 86, 189,
       23, 209, 107, 110, 34, 94, 220, 179, 62, 116, 226, 205, 137, 186,
       224, 253, 137, 225, 241, 198, 188, 222, 254, 234, 169, 125, 238,
       191, 179, 144, 185, 237, 255, 125, 27, 183, 255, 255, 147, 50, 79,
       138, 243, 158, 250, 95, 254, 148, 240, 131, 155, 195, 218, 65,
       143, 118, 142, 75, 184, 42, 104, 83, 239, 245, 71, 153, 80, 54,
       45, 61, 111, 195, 20, 253, 95, 132, 40, 171, 132, 60, 167, 17,
       113, 106, 158, 252, 20, 235, 249, 185, 7, 139, 247, 60, 191, 168,
       172, 86, 27, 143, 179, 243, 21, 148, 106, 230, 192, 95, 19, 90,
       251, 215, 76, 207, 223, 180, 94, 127, 227, 54, 106, 123, 208, 33,
       108, 254, 175, 123, 31, 159, 49, 126, 213, 23, 247, 169, 179, 45,
       236, 242, 233, 162, 132, 229, 251, 118, 113, 34, 169, 144, 154,
       125, 249, 144, 232, 143, 29, 169, 9, 238, 252, 110, 148, 200, 27,
