%YAML:1.0
---
descriptors: !!opencv-matrix
   rows: 247
   cols: 32
   dt: u
   data: [ 81, 77, 223, 213, 116, 10, 111, 50, 117, 130, 126, 2, 243, 51,
       177, 100, 122, 236, 62, 238, 233, 184, 101, 238, 102, 174, 230, 0,
       39, 248, 112, 32, 133, 164, 221, 241, 236, 41, 233, 27, 126, 179,
       49, 218, 159, 161, 216, 43, 35, 15, 110, 24, 51, 124, 207, 210,
       204, 146, 119, 116, 220, 200, 195, 161, 69, 55, 253, 97, 240, 46,
       120, 25, 122, 187, 63, 92, 213, 51, 201, 122, 151, 95, 125, 60,
       177, 208, 153, 66, 207, 191, 119, 100, 136, 227, 67, 161, 47, 181,
       112, 195, 253, 125, 244, 57, 79, 125, 61, 25, 206, 124, 222, 172,
       159, 10, 254, 28, 150, 120, 127, 213, 143, 219, 21, 127, 214, 142,
       221, 215, 188, 225, 212, 251, 205, 15, 70, 188, 83, 187, 48, 88,
       67, 105, 89, 155, 217, 198, 100, 122, 122, 118, 203, 179, 175,
       219, 197, 116, 251, 250, 208, 130, 166, 141, 215, 254, 252, 171,
       206, 238, 223, 130, 120, 80, 230, 232, 52, 65, 211, 107, 110, 35,
       48, 111, 74, 255, 168, 190, 87, 26, 212, 249, 209, 136, 236, 232,
       228, 127, 77, 31, 78, 188, 87, 186, 181, 74, 211, 105, 88, 167,
       89, 196, 121, 122, 234, 100, 219, 179, 111, 251, 197, 125, 119,
       186, 80, 138, 190, 190, 167, 58, 203, 247, 148, 254, 23, 127, 244,
       191, 106, 253, 110, 29, 253, 255, 247, 22, 190, 255, 251, 179,
       123, 243, 117, 255, 211, 125, 230, 219, 118, 100, 241, 229, 103,
       42, 248, 2, 121, 163, 187, 154, 143, 47, 85, 31, 190, 213, 125,
       185, 172, 244, 197, 194, 151, 252, 219, 130, 231, 245, 99, 6, 139,
       179, 109, 253, 46, 157, 121, 56, 171, 220, 84, 231, 249, 95, 159,
       39, 54, 113, 181, 239, 227, 84, 174, 221, 102, 251, 233, 172, 47,
       166, 85, 113, 1, 221, 87, 69, 116, 14, 235, 182, 108, 72, 122, 68,
       223, 49, 148, 52, 190, 100, 118, 108, 209, 184, 17, 76, 46, 190,
       34, 196, 75, 160, 195, 169, 69, 81, 25, 71, 50, 14, 115, 184, 108,
       232, 111, 68, 222, 83, 141, 116, 182, 85, 124, 106, 193, 176, 185,
       76, 229, 188, 35, 6, 72, 51, 67, 33, 229, 157, 83, 79, 212, 31,
       102, 181, 125, 128, 110, 76, 115, 113, 181, 245, 120, 238, 34,
       110, 249, 186, 125, 46, 63, 249, 4, 64, 123, 187, 216, 172, 230,
       252, 180, 122, 169, 253, 20, 138, 155, 158, 32, 57, 238, 252, 79,
       155, 133, 115, 237, 18, 102, 111, 234, 51, 139, 210, 93, 123, 208,
       117, 143, 71, 69, 48, 57, 69, 53, 14, 115, 24, 104, 200, 39, 76,
       222, 81, 8, 114, 144, 4, 88, 104, 193, 176, 177, 8, 197, 185, 33,
       22, 72, 34, 67, 35, 123, 144, 253, 224, 53, 54, 89, 155, 91, 121,
       55, 117, 94, 29, 222, 60, 151, 157, 181, 17, 159, 237, 187, 213,
       219, 251, 121, 214, 207, 140, 246, 119, 140, 140, 180, 87, 225,
       96, 181, 167, 126, 55, 78, 16, 204, 57, 72, 75, 163, 87, 163, 17,
       50, 220, 27, 98, 109, 58, 94, 71, 128, 80, 133, 170, 122, 41, 114,
       76, 253, 221, 94, 71, 235, 12, 252, 8, 42, 191, 119, 180, 248,
       250, 196, 72, 78, 43, 176, 249, 187, 221, 4, 59, 99, 158, 110, 14,
       135, 47, 83, 242, 176, 139, 111, 112, 189, 128, 121, 200, 253,
       195, 177, 16, 166, 107, 68, 90, 113, 137, 8, 110, 232, 156, 46,
       192, 140, 131, 163, 41, 38, 189, 17, 186, 223, 169, 178, 207, 15,
       41, 120, 107, 172, 219, 108, 128, 217, 187, 3, 81, 18, 58, 74,
       247, 189, 148, 15, 126, 216, 74, 129, 139, 70, 148, 149, 149, 137,
       110, 180, 143, 190, 255, 10, 17, 204, 60, 72, 202, 133, 87, 235,
       17, 50, 216, 211, 194, 13, 54, 95, 71, 128, 84, 133, 114, 50, 83,
       99, 172, 78, 75, 248, 88, 41, 168, 176, 239, 3, 14, 53, 60, 106,
       145, 95, 225, 204, 51, 84, 200, 215, 216, 170, 150, 117, 168, 103,
       151, 207, 150, 247, 242, 172, 48, 253, 155, 251, 223, 29, 246,
       221, 255, 252, 239, 103, 71, 61, 157, 179, 72, 174, 227, 142, 219,
       255, 204, 142, 229, 177, 113, 69, 103, 72, 69, 176, 27, 110, 56,
       118, 168, 111, 228, 211, 99, 145, 244, 55, 76, 36, 238, 201, 144,
       237, 62, 46, 174, 37, 132, 108, 179, 72, 33, 168, 149, 254, 221,
       244, 246, 253, 150, 84, 79, 222, 178, 249, 253, 191, 96, 94, 254,
       151, 189, 224, 180, 100, 206, 103, 47, 182, 129, 231, 216, 244,
       251, 252, 65, 118, 238, 13, 86, 95, 112, 177, 166, 231, 10, 123,
       119, 47, 255, 112, 244, 253, 234, 104, 199, 177, 234, 243, 251,
       199, 17, 35, 191, 126, 98, 171, 207, 98, 139, 247, 147, 174, 231,
       92, 72, 88, 231, 40, 200, 182, 165, 126, 43, 146, 205, 231, 186,
       4, 255, 46, 28, 142, 202, 95, 30, 249, 157, 245, 109, 237, 231,
       142, 99, 79, 184, 19, 246, 180, 174, 83, 109, 219, 27, 91, 196,
       125, 238, 105, 103, 253, 42, 242, 203, 229, 180, 109, 251, 86,
       112, 240, 72, 207, 188, 12, 2, 109, 96, 177, 146, 178, 90, 127, 2,
       1, 91, 106, 229, 108, 234, 104, 71, 131, 232, 145, 162, 202, 24,
       37, 177, 114, 40, 209, 213, 77, 111, 40, 78, 79, 184, 100, 122,
       194, 64, 211, 119, 152, 115, 86, 196, 124, 110, 233, 5, 125, 61,
       165, 170, 97, 20, 56, 178, 64, 56, 189, 83, 107, 110, 116, 7, 75,
       248, 85, 72, 245, 102, 83, 73, 185, 48, 124, 204, 23, 238, 233,
       182, 44, 15, 114, 237, 161, 132, 111, 187, 114, 241, 106, 50, 108,
       196, 109, 223, 249, 81, 171, 109, 244, 173, 137, 159, 150, 63,
       110, 157, 255, 133, 133, 58, 246, 212, 87, 121, 210, 235, 71, 140,
       111, 255, 77, 53, 145, 225, 240, 46, 104, 25, 58, 177, 107, 80,
       223, 51, 72, 250, 183, 31, 116, 56, 19, 208, 153, 2, 207, 237, 55,
       68, 168, 224, 139, 161, 51, 41, 114, 252, 109, 153, 240, 66, 111,
       0, 240, 11, 174, 152, 20, 20, 170, 169, 119, 69, 14, 58, 194, 209,
       151, 120, 16, 59, 71, 12, 90, 142, 66, 169, 83, 222, 104, 137,
       120, 5, 239, 17, 112, 104, 172, 154, 132, 116, 134, 187, 127, 1,
       2, 43, 194, 241, 4, 56, 26, 42, 80, 0, 3, 173, 238, 135, 237, 251,
       172, 99, 223, 185, 22, 255, 151, 187, 209, 109, 219, 75, 95, 214,
       255, 242, 58, 67, 239, 178, 234, 199, 253, 253, 183, 255, 212,
       113, 245, 237, 129, 234, 236, 97, 198, 236, 195, 18, 185, 74, 83,
       233, 249, 131, 217, 194, 78, 122, 127, 99, 202, 179, 184, 137,
       197, 61, 213, 251, 218, 0, 254, 237, 233, 35, 222, 75, 135, 200,
       18, 228, 144, 171, 67, 77, 95, 130, 91, 220, 211, 243, 122, 118,
       205, 186, 124, 65, 141, 125, 245, 191, 214, 242, 120, 161, 156,
       183, 41, 232, 80, 32, 161, 181, 167, 57, 175, 51, 74, 91, 130,
       183, 237, 0, 28, 73, 195, 33, 202, 241, 112, 83, 32, 4, 14, 75,
       57, 177, 154, 38, 53, 31, 90, 221, 107, 105, 255, 76, 255, 155,
       26, 176, 148, 207, 92, 92, 143, 187, 249, 29, 251, 253, 37, 48,
       72, 130, 234, 11, 9, 203, 86, 69, 48, 31, 238, 182, 109, 8, 126,
       96, 191, 49, 148, 180, 38, 100, 118, 108, 193, 184, 1, 110, 46,
       191, 34, 192, 74, 160, 75, 169, 77, 75, 127, 103, 36, 14, 111,
       180, 109, 168, 126, 100, 243, 97, 145, 114, 22, 228, 108, 110,
       201, 176, 237, 44, 230, 249, 101, 128, 74, 179, 66, 41, 137, 250,
       150, 217, 184, 156, 61, 255, 255, 27, 54, 116, 191, 211, 224, 238,
       167, 83, 110, 24, 243, 77, 139, 243, 136, 251, 127, 206, 154, 128,
       171, 169, 24, 205, 57, 123, 48, 207, 83, 183, 86, 13, 238, 0, 183,
       87, 160, 112, 85, 50, 29, 8, 106, 136, 97, 63, 235, 239, 52, 80,
       50, 136, 196, 107, 101, 225, 237, 79, 141, 95, 79, 169, 67, 192,
       173, 8, 243, 121, 27, 50, 24, 196, 120, 110, 77, 98, 251, 41, 99,
       185, 197, 60, 114, 251, 210, 96, 72, 161, 252, 99, 139, 109, 85,
       175, 107, 119, 45, 25, 223, 63, 74, 26, 131, 83, 233, 16, 82, 120,
       251, 49, 239, 219, 85, 117, 242, 210, 207, 74, 226, 184, 239, 178,
       143, 253, 177, 135, 187, 95, 146, 159, 168, 188, 86, 10, 141, 179,
       251, 145, 159, 111, 242, 227, 223, 119, 222, 219, 197, 76, 151,
       94, 196, 172, 133, 151, 212, 168, 38, 135, 182, 147, 74, 82, 228,
       226, 73, 66, 113, 234, 42, 152, 114, 92, 139, 99, 188, 38, 159,
