%YAML:1.0
---
descriptors: !!opencv-matrix
   rows: 114
   cols: 32
   dt: u
   data: [ 218, 145, 50, 170, 155, 212, 50, 69, 175, 13, 175, 21, 172,
       222, 46, 196, 166, 51, 233, 16, 22, 9, 186, 247, 187, 245, 26, 91,
       146, 6, 175, 95, 240, 16, 27, 168, 11, 233, 81, 72, 163, 8, 177,
       56, 63, 223, 41, 56, 232, 177, 221, 162, 14, 39, 2, 147, 209, 209,
       0, 59, 112, 3, 38, 35, 198, 169, 176, 190, 159, 137, 158, 168,
       155, 144, 17, 139, 237, 234, 93, 199, 151, 123, 121, 211, 98, 69,
       222, 255, 173, 82, 207, 250, 20, 55, 147, 4, 50, 5, 229, 255, 20,
       3, 206, 168, 83, 162, 250, 202, 115, 105, 149, 17, 89, 237, 53,
       239, 248, 242, 77, 191, 184, 46, 237, 148, 109, 187, 114, 0, 193,
       92, 191, 221, 108, 108, 109, 150, 252, 90, 230, 80, 252, 183, 37,
       107, 225, 116, 58, 10, 33, 101, 179, 225, 71, 186, 210, 0, 80,
       249, 101, 40, 92, 245, 185, 226, 184, 79, 95, 184, 59, 248, 189,
       73, 223, 255, 73, 114, 149, 221, 125, 114, 251, 67, 251, 62, 251,
       223, 37, 252, 138, 243, 134, 115, 125, 117, 17, 238, 189, 15, 86,
       248, 107, 168, 249, 72, 223, 127, 9, 176, 220, 213, 92, 106, 201,
       99, 217, 190, 243, 253, 37, 62, 74, 59, 66, 51, 57, 3, 111, 229,
       164, 6, 237, 53, 68, 200, 223, 230, 81, 203, 188, 97, 92, 132, 63,
       238, 201, 177, 37, 204, 114, 169, 226, 128, 45, 170, 112, 113, 88,
       29, 21, 255, 163, 110, 53, 55, 180, 18, 74, 0, 255, 55, 0, 123,
       135, 119, 125, 34, 121, 216, 113, 45, 225, 226, 126, 0, 168, 112,
       133, 58, 220, 246, 58, 186, 49, 252, 82, 216, 191, 93, 117, 25,
       223, 223, 106, 208, 183, 153, 133, 82, 62, 7, 186, 51, 219, 253,
       42, 239, 176, 3, 47, 83, 110, 20, 237, 213, 136, 114, 189, 15,
       134, 247, 143, 178, 209, 63, 206, 107, 75, 86, 251, 144, 49, 216,
       247, 192, 79, 39, 223, 85, 135, 120, 148, 114, 108, 173, 57, 74,
       205, 109, 71, 232, 194, 184, 173, 8, 82, 209, 89, 53, 89, 218, 74,
       122, 91, 35, 250, 53, 121, 137, 5, 124, 83, 123, 86, 162, 187,
       162, 168, 90, 45, 253, 80, 205, 223, 93, 181, 49, 42, 200, 254,
       221, 193, 138, 142, 20, 142, 103, 110, 209, 26, 89, 80, 255, 210,
       140, 220, 78, 116, 66, 83, 108, 76, 11, 70, 56, 53, 162, 234, 104,
       99, 225, 33, 80, 80, 228, 110, 106, 72, 183, 131, 10, 242, 230,
       97, 24, 114, 187, 64, 2, 65, 88, 191, 223, 109, 108, 225, 142,
       250, 27, 230, 16, 188, 183, 101, 107, 193, 118, 122, 8, 33, 101,
       243, 225, 69, 186, 210, 8, 208, 121, 101, 170, 170, 116, 150, 172,
       107, 3, 158, 72, 159, 162, 240, 185, 78, 255, 45, 159, 223, 93,
       255, 39, 108, 199, 74, 218, 178, 254, 79, 191, 82, 125, 35, 151,
       118, 227, 196, 255, 28, 3, 202, 168, 87, 176, 242, 202, 99, 105,
       93, 2, 89, 204, 117, 227, 40, 242, 207, 159, 170, 254, 197, 180,
       125, 186, 80, 0, 157, 71, 196, 71, 50, 26, 78, 184, 119, 170, 123,
       228, 83, 96, 157, 241, 54, 204, 36, 110, 237, 244, 237, 46, 170,
       239, 101, 132, 111, 243, 88, 5, 246, 64, 214, 222, 77, 102, 126,
       232, 185, 134, 243, 11, 74, 250, 45, 223, 249, 213, 237, 227, 76,
       199, 219, 232, 147, 186, 195, 31, 1, 125, 126, 6, 132, 4, 214,
       190, 191, 171, 26, 106, 159, 130, 249, 25, 206, 235, 45, 201, 211,
       127, 111, 50, 52, 227, 10, 254, 138, 246, 67, 127, 208, 107, 9,
       131, 198, 233, 148, 158, 207, 129, 46, 168, 187, 146, 0, 26, 236,
       202, 93, 199, 179, 235, 123, 195, 102, 70, 202, 255, 189, 18, 207,
       251, 20, 51, 27, 6, 53, 199, 196, 158, 206, 11, 70, 236, 19, 179,
       185, 255, 66, 96, 201, 27, 89, 194, 38, 55, 121, 98, 79, 59, 184,
       6, 101, 124, 249, 122, 210, 4, 214, 236, 148, 151, 213, 192, 38,
       164, 186, 51, 131, 19, 228, 226, 76, 87, 225, 235, 106, 211, 102,
       92, 202, 243, 189, 22, 223, 103, 128, 83, 171, 142, 3, 170, 1,
       153, 252, 141, 168, 191, 30, 89, 80, 213, 189, 130, 248, 196, 199,
       11, 51, 29, 211, 88, 71, 247, 12, 30, 62, 224, 28, 140, 129, 153,
       218, 50, 26, 232, 11, 97, 16, 79, 169, 29, 168, 57, 142, 151, 97,
       90, 228, 147, 207, 144, 26, 7, 194, 208, 209, 145, 58, 255, 144,
       65, 167, 19, 153, 20, 254, 52, 199, 62, 244, 103, 121, 23, 110,
       55, 14, 56, 54, 157, 179, 207, 128, 37, 180, 252, 53, 202, 114,
       107, 84, 7, 239, 116, 235, 198, 120, 133, 125, 97, 149, 106, 71,
       47, 97, 39, 175, 24, 211, 53, 8, 50, 17, 150, 72, 56, 56, 40, 249,
       31, 239, 239, 21, 85, 227, 202, 198, 98, 41, 12, 191, 93, 69, 110,
       225, 18, 118, 211, 102, 16, 179, 181, 81, 123, 73, 110, 50, 24,
       33, 244, 243, 34, 69, 191, 80, 0, 194, 249, 66, 168, 9, 142, 68,
       185, 114, 153, 40, 191, 62, 81, 82, 244, 169, 34, 154, 196, 87,
       11, 38, 156, 231, 216, 71, 119, 44, 167, 190, 192, 62, 132, 137,
       153, 165, 244, 145, 83, 253, 127, 70, 174, 83, 251, 32, 24, 210,
       112, 221, 189, 153, 78, 84, 56, 107, 118, 121, 31, 47, 222, 85,
       118, 218, 120, 210, 174, 121, 203, 108, 110, 40, 26, 94, 188, 225,
       236, 190, 237, 123, 111, 146, 243, 22, 228, 252, 238, 205, 43,
       237, 45, 242, 251, 101, 153, 111, 182, 74, 89, 46, 160, 241, 193,
       237, 123, 249, 138, 75, 245, 181, 26, 158, 28, 94, 46, 187, 157,
       223, 49, 19, 116, 249, 208, 223, 89, 29, 119, 199, 13, 215, 246,
       72, 160, 29, 33, 160, 73, 113, 175, 46, 57, 11, 24, 223, 51, 72,
       146, 147, 7, 108, 49, 19, 88, 217, 87, 205, 215, 119, 117, 200, 0,
       135, 42, 120, 184, 188, 122, 169, 253, 17, 143, 171, 63, 164, 9,
       174, 255, 66, 27, 129, 115, 233, 16, 18, 75, 218, 49, 219, 211,
       93, 123, 210, 84, 143, 11, 5, 162, 249, 243, 236, 173, 249, 159,
       110, 59, 57, 120, 159, 185, 220, 42, 175, 27, 126, 25, 147, 124,
       203, 211, 204, 158, 127, 244, 220, 202, 129, 161, 72, 153, 153,
       187, 57, 141, 17, 174, 142, 25, 40, 8, 190, 55, 0, 80, 133, 19,
       238, 1, 2, 40, 210, 55, 229, 213, 16, 58, 80, 8, 135, 11, 247,
       176, 61, 251, 175, 253, 153, 153, 143, 121, 181, 127, 30, 157,
       222, 121, 237, 155, 253, 17, 159, 46, 251, 241, 91, 89, 121, 246,
       223, 13, 214, 119, 190, 176, 105, 90, 141, 249, 81, 217, 199, 119,
       37, 157, 11, 220, 126, 191, 139, 24, 221, 18, 158, 101, 190, 145,
       203, 89, 85, 127, 246, 204, 220, 215, 219, 223, 47, 117, 161, 220,
       53, 183, 165, 94, 150, 167, 187, 61, 130, 247, 228, 242, 255, 196,
       237, 9, 115, 173, 247, 123, 246, 155, 42, 252, 188, 127, 184, 113,
       19, 172, 29, 198, 87, 100, 229, 128, 234, 0, 118, 211, 32, 80,
       216, 252, 234, 98, 73, 163, 18, 142, 241, 241, 130, 11, 0, 34,
       118, 170, 36, 181, 184, 99, 221, 111, 81, 9, 74, 181, 45, 24, 214,
       117, 74, 58, 145, 28, 66, 56, 18, 112, 249, 16, 79, 221, 5, 119,
       192, 75, 198, 226, 242, 72, 223, 252, 108, 40, 109, 20, 169, 146,
       178, 218, 255, 43, 149, 91, 111, 245, 125, 170, 104, 71, 195, 224,
       214, 251, 242, 152, 37, 241, 98, 41, 213, 0, 221, 101, 11, 79, 66,
       40, 109, 160, 39, 24, 223, 17, 16, 242, 48, 196, 104, 110, 9, 180,
       245, 74, 151, 235, 65, 20, 104, 35, 66, 34, 38, 161, 20, 131, 253,
       111, 184, 105, 30, 53, 177, 27, 204, 90, 76, 8, 187, 143, 235, 49,
       22, 123, 91, 212, 157, 22, 31, 119, 148, 10, 141, 134, 213, 216,
       29, 118, 8, 78, 69, 177, 224, 242, 166, 88, 247, 83, 0, 123, 32,
       244, 124, 106, 105, 101, 187, 41, 209, 171, 117, 16, 104, 176,
       194, 32, 150, 223, 149, 179, 160, 102, 29, 183, 29, 127, 82, 245,
       196, 39, 168, 75, 205, 223, 165, 146, 121, 222, 73, 226, 168, 182,
       254, 198, 152, 89, 133, 91, 180, 158, 155, 22, 147, 236, 55, 246,
       120, 31, 179, 124, 110, 114, 11, 153, 177, 99, 132, 2, 55, 239,
       56, 111, 185, 134, 119, 19, 200, 113, 175, 3, 229, 226, 132, 55,
       173, 15, 70, 184, 242, 243, 163, 204, 195, 224, 89, 154, 153, 70,
       104, 95, 239, 101, 223, 49, 172, 26, 69, 124, 200, 251, 90, 4,
       242, 36, 222, 181, 172, 169, 121, 11, 187, 183, 178, 25, 175, 234,
