%YAML:1.0
---
descriptors: !!opencv-matrix
   rows: 193
   cols: 32
   dt: u
   data: [ 190, 106, 103, 15, 79, 83, 174, 232, 20, 166, 210, 203, 65,
       12, 151, 235, 124, 220, 235, 231, 236, 247, 205, 168, 54, 35, 203,
       145, 101, 63, 126, 156, 248, 116, 121, 232, 9, 109, 83, 88, 35,
       104, 177, 8, 27, 221, 77, 49, 222, 145, 93, 98, 75, 39, 243, 31,
       211, 216, 1, 63, 113, 11, 70, 51, 220, 55, 254, 229, 242, 34, 95,
       51, 49, 142, 255, 181, 93, 119, 163, 91, 118, 252, 53, 170, 120,
       215, 161, 74, 243, 239, 166, 128, 166, 226, 166, 115, 209, 172,
       143, 190, 168, 228, 5, 175, 182, 223, 138, 57, 246, 246, 66, 91,
       197, 103, 236, 21, 61, 79, 235, 34, 185, 182, 255, 122, 128, 113,
       167, 121, 41, 125, 249, 101, 244, 79, 111, 55, 113, 238, 126, 12,
       211, 53, 145, 48, 24, 252, 84, 40, 233, 184, 241, 14, 239, 221,
       37, 4, 74, 242, 198, 248, 253, 175, 238, 84, 212, 62, 206, 255,
       87, 226, 254, 206, 83, 104, 159, 165, 125, 206, 118, 173, 253,
       242, 125, 159, 58, 111, 197, 20, 239, 252, 120, 20, 255, 174, 230,
       157, 254, 19, 239, 251, 23, 230, 254, 247, 105, 234, 159, 212,
       127, 206, 55, 175, 252, 210, 207, 255, 62, 110, 239, 196, 175,
       252, 122, 213, 126, 245, 229, 34, 249, 75, 215, 232, 2, 244, 169,
       169, 83, 108, 93, 18, 153, 213, 249, 99, 76, 99, 219, 61, 121, 4,
       5, 61, 85, 127, 86, 82, 255, 199, 224, 158, 220, 55, 206, 252, 83,
       226, 221, 207, 97, 232, 255, 101, 127, 206, 23, 239, 253, 103,
       140, 191, 122, 110, 229, 188, 255, 255, 248, 148, 42, 169, 48,
       158, 125, 221, 144, 238, 159, 29, 224, 9, 174, 254, 110, 132, 201,
       59, 203, 1, 6, 43, 90, 245, 159, 22, 26, 59, 82, 12, 13, 206, 43,
       49, 242, 220, 235, 55, 152, 95, 219, 233, 148, 189, 12, 188, 246,
       172, 143, 27, 255, 21, 148, 107, 226, 208, 91, 95, 89, 255, 214,
       140, 159, 223, 13, 248, 188, 127, 73, 253, 121, 154, 255, 219, 38,
       16, 252, 255, 95, 123, 193, 119, 123, 30, 162, 69, 251, 241, 79,
       251, 215, 44, 138, 117, 99, 250, 201, 169, 188, 251, 173, 253,
       116, 183, 255, 59, 38, 16, 158, 185, 64, 123, 193, 102, 123, 24,
       114, 105, 251, 176, 239, 251, 84, 83, 210, 88, 201, 11, 198, 157,
       244, 155, 247, 252, 252, 231, 63, 95, 243, 55, 236, 126, 94, 207,
       235, 251, 191, 131, 54, 126, 219, 247, 63, 58, 222, 195, 183, 92,
       253, 223, 143, 89, 110, 205, 54, 86, 255, 180, 12, 76, 86, 166,
       253, 95, 179, 229, 118, 117, 159, 239, 225, 144, 53, 236, 103,
       105, 170, 128, 54, 191, 53, 249, 49, 141, 75, 254, 22, 163, 202,
       98, 212, 0, 216, 130, 113, 233, 177, 64, 122, 170, 19, 221, 11,
       171, 94, 191, 120, 175, 170, 200, 189, 139, 112, 184, 184, 252,
       121, 120, 27, 205, 87, 199, 51, 66, 173, 24, 63, 159, 64, 48, 137,
       185, 196, 2, 107, 39, 218, 51, 243, 205, 16, 59, 114, 80, 134,
       186, 39, 123, 237, 79, 116, 150, 251, 156, 63, 237, 116, 230, 121,
       95, 223, 32, 22, 92, 23, 222, 131, 208, 253, 237, 110, 29, 165,
       128, 143, 147, 82, 253, 252, 47, 218, 172, 243, 46, 94, 25, 177,
       132, 239, 141, 111, 231, 3, 219, 118, 252, 205, 126, 44, 199, 208,
       10, 242, 233, 36, 25, 162, 247, 46, 82, 14, 91, 102, 154, 103,
       180, 190, 96, 141, 196, 222, 135, 40, 206, 55, 69, 238, 249, 179,
       199, 196, 147, 18, 236, 114, 113, 202, 139, 31, 119, 61, 214, 188,
       189, 100, 227, 245, 86, 254, 249, 113, 204, 245, 163, 59, 127, 51,
       241, 126, 219, 151, 255, 252, 186, 124, 172, 235, 217, 166, 229,
       103, 239, 254, 211, 34, 161, 160, 152, 221, 237, 176, 79, 223, 53,
       9, 27, 140, 184, 124, 140, 201, 27, 147, 17, 22, 106, 90, 245, 13,
       86, 159, 127, 208, 12, 221, 198, 2, 73, 6, 159, 83, 196, 186, 226,
       159, 128, 64, 131, 172, 222, 53, 193, 236, 123, 187, 197, 98, 201,
       18, 253, 37, 50, 218, 11, 20, 5, 45, 222, 130, 64, 16, 136, 77,
       103, 184, 78, 14, 21, 248, 3, 172, 154, 47, 72, 250, 137, 219,
       224, 6, 51, 83, 209, 23, 16, 154, 47, 85, 29, 37, 202, 130, 73,
       22, 155, 5, 193, 188, 196, 158, 20, 80, 19, 172, 210, 101, 73,
       248, 123, 179, 194, 66, 222, 10, 241, 5, 16, 206, 11, 16, 61, 61,
       138, 198, 156, 191, 255, 174, 102, 189, 207, 190, 95, 210, 51,
       212, 183, 108, 75, 231, 87, 59, 145, 48, 221, 187, 226, 125, 162,
       254, 196, 132, 80, 165, 123, 10, 149, 16, 139, 213, 215, 190, 175,
       29, 69, 78, 23, 236, 110, 46, 196, 221, 27, 147, 161, 118, 152,
       121, 255, 47, 119, 158, 71, 18, 14, 189, 222, 31, 79, 107, 222,
       244, 146, 239, 244, 245, 202, 222, 230, 121, 238, 183, 100, 124,
       238, 55, 239, 233, 187, 44, 238, 58, 111, 175, 136, 39, 246, 240,
       245, 183, 98, 230, 158, 94, 3, 135, 236, 18, 166, 208, 207, 96,
       232, 183, 133, 88, 236, 51, 239, 232, 247, 207, 191, 56, 42, 205,
       182, 61, 63, 114, 252, 252, 37, 222, 236, 241, 54, 95, 51, 49,
       134, 239, 21, 95, 35, 3, 211, 118, 245, 141, 190, 120, 211, 144,
       142, 251, 239, 230, 129, 170, 228, 238, 82, 77, 173, 157, 190,
       168, 192, 21, 191, 178, 221, 150, 41, 246, 247, 202, 123, 193,
       119, 252, 16, 31, 75, 235, 49, 233, 247, 127, 251, 128, 80, 166,
       107, 32, 91, 123, 101, 116, 206, 111, 52, 101, 236, 126, 100, 247,
       23, 145, 112, 126, 252, 23, 110, 201, 176, 113, 12, 229, 173, 32,
       128, 106, 186, 70, 249, 37, 124, 209, 71, 112, 94, 238, 252, 114,
       226, 109, 64, 89, 118, 213, 181, 63, 124, 20, 234, 229, 246, 253,
       42, 47, 253, 37, 36, 107, 243, 66, 189, 169, 61, 121, 101, 116,
       111, 103, 55, 113, 234, 126, 24, 179, 53, 128, 48, 26, 190, 84, 8,
       249, 184, 241, 14, 231, 255, 52, 0, 99, 224, 198, 233, 181, 231,
       233, 38, 222, 83, 198, 252, 82, 226, 184, 238, 115, 104, 217, 32,
       25, 204, 70, 239, 237, 119, 237, 62, 56, 15, 165, 188, 125, 251,
       90, 132, 126, 229, 224, 103, 155, 111, 23, 236, 19, 176, 173, 9,
       90, 125, 77, 176, 153, 215, 249, 115, 120, 99, 203, 62, 123, 207,
       5, 63, 99, 127, 214, 34, 138, 158, 253, 119, 162, 59, 188, 183,
       62, 255, 26, 245, 237, 47, 134, 203, 167, 71, 239, 132, 181, 220,
       77, 255, 110, 223, 127, 198, 142, 245, 137, 91, 250, 178, 181, 83,
       171, 253, 149, 87, 187, 127, 183, 189, 142, 156, 78, 63, 143, 159,
       253, 17, 190, 255, 242, 227, 215, 121, 88, 211, 195, 76, 135, 95,
       19, 142, 107, 251, 86, 162, 235, 246, 117, 65, 222, 246, 121, 235,
       180, 96, 127, 171, 23, 189, 179, 187, 36, 255, 124, 175, 170, 192,
       189, 138, 241, 185, 235, 177, 244, 216, 233, 181, 156, 31, 91,
       125, 157, 189, 140, 188, 222, 188, 143, 31, 255, 21, 150, 107,
       247, 210, 78, 89, 88, 255, 214, 204, 143, 215, 207, 156, 241, 211,
       229, 252, 232, 146, 127, 123, 246, 82, 204, 126, 220, 253, 123,
       207, 191, 157, 179, 124, 255, 243, 159, 254, 222, 70, 142, 205,
       233, 116, 17, 143, 107, 255, 212, 163, 235, 246, 84, 73, 222, 230,
       113, 239, 176, 96, 127, 170, 22, 188, 155, 187, 36, 255, 126, 175,
       162, 192, 189, 202, 240, 185, 190, 17, 214, 140, 117, 95, 254,
       105, 29, 46, 247, 11, 78, 126, 47, 213, 250, 149, 207, 163, 44,
       167, 89, 206, 183, 119, 203, 23, 151, 46, 108, 214, 44, 117, 61,
       101, 48, 79, 119, 184, 109, 168, 127, 72, 215, 19, 9, 16, 148, 84,
       76, 106, 73, 176, 121, 12, 231, 249, 37, 20, 64, 187, 70, 35, 46,
       92, 154, 158, 245, 245, 178, 194, 223, 12, 220, 3, 236, 248, 55,
       68, 217, 123, 130, 83, 6, 170, 90, 255, 55, 119, 134, 11, 215,
       127, 124, 142, 155, 207, 78, 189, 18, 130, 58, 246, 180, 69, 202,
       231, 45, 131, 179, 65, 102, 107, 155, 197, 231, 137, 7, 255, 224,
       39, 186, 128, 61, 148, 41, 89, 63, 178, 57, 232, 111, 53, 153,
       121, 139, 104, 189, 111, 92, 95, 92, 34, 255, 145, 255, 161, 155,
       35, 234, 209, 219, 93, 171, 254, 95, 46, 35, 243, 102, 62, 251,
       230, 110, 105, 187, 208, 137, 248, 159, 239, 252, 191, 229, 43,
