%YAML:1.0
---
descriptors: !!opencv-matrix
   rows: 183
   cols: 32
   dt: u
   data: [ 213, 203, 108, 179, 182, 130, 111, 177, 36, 28, 151, 231, 247,
       75, 155, 67, 102, 199, 61, 255, 254, 217, 13, 173, 248, 195, 238,
       192, 45, 151, 177, 89, 120, 188, 188, 254, 203, 229, 29, 255, 179,
       23, 236, 25, 63, 255, 66, 27, 231, 251, 245, 128, 26, 74, 218, 61,
       219, 231, 93, 123, 168, 64, 166, 91, 188, 17, 254, 101, 229, 118,
       116, 95, 117, 38, 246, 19, 91, 57, 52, 249, 120, 222, 135, 224,
       248, 243, 49, 136, 115, 235, 246, 5, 239, 248, 248, 147, 213, 64,
       205, 167, 38, 82, 110, 184, 96, 234, 147, 198, 215, 110, 217, 251,
       118, 197, 124, 239, 237, 212, 237, 40, 198, 235, 235, 132, 44,
       243, 121, 17, 249, 81, 86, 100, 9, 6, 86, 121, 225, 130, 162, 13,
       91, 59, 9, 211, 248, 228, 108, 226, 109, 231, 144, 8, 243, 235,
       69, 26, 107, 54, 106, 18, 81, 158, 219, 95, 50, 170, 67, 191, 118,
       69, 102, 244, 115, 97, 136, 112, 55, 230, 108, 44, 171, 152, 45,
       63, 232, 174, 48, 192, 104, 130, 192, 57, 76, 153, 159, 245, 128,
       110, 53, 183, 172, 187, 74, 32, 213, 55, 0, 107, 161, 87, 121, 0,
       17, 216, 83, 36, 205, 163, 127, 68, 136, 98, 165, 51, 70, 141,
       150, 179, 137, 104, 54, 135, 63, 179, 202, 17, 134, 178, 96, 202,
       193, 79, 170, 17, 62, 219, 219, 226, 185, 54, 94, 71, 128, 93,
       173, 14, 198, 173, 144, 182, 221, 200, 254, 169, 187, 147, 1, 11,
       237, 234, 92, 194, 163, 107, 249, 211, 102, 72, 202, 243, 173,
       214, 143, 111, 132, 102, 155, 134, 218, 145, 22, 154, 11, 212,
       176, 105, 174, 29, 171, 20, 236, 214, 110, 198, 166, 19, 251, 144,
       22, 9, 186, 215, 137, 180, 26, 75, 26, 6, 173, 95, 247, 165, 201,
       196, 254, 3, 206, 232, 18, 162, 153, 202, 81, 104, 145, 1, 91,
       197, 87, 239, 104, 231, 205, 142, 120, 46, 237, 180, 237, 251, 82,
       32, 164, 12, 62, 252, 60, 171, 150, 232, 223, 134, 248, 8, 206,
       249, 37, 65, 215, 121, 111, 98, 32, 99, 10, 159, 243, 255, 69, 63,
       208, 251, 37, 131, 197, 28, 159, 213, 100, 38, 233, 82, 252, 202,
       115, 82, 93, 243, 181, 107, 247, 125, 50, 138, 161, 245, 178, 202,
       85, 171, 115, 0, 136, 241, 97, 177, 162, 243, 56, 168, 255, 201,
       145, 239, 26, 61, 60, 185, 164, 156, 78, 16, 139, 27, 151, 17, 86,
       42, 74, 247, 125, 21, 60, 255, 85, 12, 223, 203, 26, 149, 83, 225,
       147, 230, 111, 183, 53, 225, 206, 194, 221, 39, 168, 228, 119,
       215, 157, 184, 89, 152, 21, 206, 169, 228, 142, 196, 174, 198,
       161, 48, 36, 255, 153, 95, 248, 166, 15, 191, 118, 11, 254, 100,
       242, 103, 201, 188, 221, 95, 102, 218, 219, 250, 235, 115, 173,
       183, 119, 192, 208, 211, 134, 169, 254, 90, 255, 244, 46, 78, 93,
       16, 169, 222, 182, 126, 127, 127, 133, 91, 230, 245, 253, 226,
       233, 199, 243, 234, 211, 251, 230, 146, 39, 241, 102, 115, 2, 166,
       204, 155, 218, 169, 168, 175, 62, 51, 68, 246, 189, 34, 200, 205,
       119, 11, 34, 156, 51, 92, 79, 87, 12, 6, 126, 228, 189, 192, 137,
       184, 119, 76, 191, 90, 188, 242, 82, 128, 247, 95, 183, 32, 66,
       216, 167, 120, 193, 240, 60, 90, 14, 199, 106, 117, 139, 62, 161,
       223, 210, 243, 116, 71, 13, 12, 155, 119, 100, 254, 99, 82, 116,
       202, 111, 80, 243, 241, 49, 120, 113, 110, 50, 14, 161, 244, 48,
       42, 67, 255, 82, 0, 202, 225, 98, 160, 208, 180, 157, 188, 136,
       36, 81, 159, 59, 63, 137, 25, 214, 243, 72, 91, 241, 223, 125, 56,
       58, 71, 219, 83, 217, 182, 119, 108, 160, 64, 167, 35, 213, 80,
       78, 165, 38, 10, 111, 56, 36, 234, 215, 230, 211, 67, 155, 115,
       118, 229, 125, 239, 233, 148, 77, 78, 244, 235, 239, 132, 45, 179,
       112, 17, 181, 205, 127, 199, 54, 11, 239, 248, 84, 160, 243, 66,
       83, 97, 189, 225, 126, 228, 94, 234, 233, 177, 125, 44, 179, 235,
       231, 132, 101, 187, 116, 224, 27, 157, 66, 193, 145, 182, 78, 247,
       53, 137, 222, 66, 75, 51, 162, 228, 117, 254, 156, 184, 57, 153,
       49, 206, 186, 255, 134, 194, 170, 196, 168, 52, 42, 112, 118, 172,
       105, 31, 26, 232, 191, 32, 240, 169, 78, 223, 44, 144, 222, 253,
       255, 103, 12, 195, 138, 157, 211, 255, 9, 191, 86, 175, 42, 211,
       104, 219, 119, 126, 188, 192, 215, 167, 238, 76, 250, 96, 242,
       252, 181, 112, 194, 242, 127, 67, 218, 171, 99, 63, 104, 62, 164,
       217, 84, 186, 244, 107, 2, 162, 84, 155, 236, 169, 169, 143, 30,
       49, 17, 252, 141, 2, 216, 140, 79, 11, 106, 29, 19, 92, 79, 209,
       12, 16, 63, 236, 156, 136, 137, 161, 132, 4, 222, 254, 121, 11,
       158, 104, 159, 162, 248, 9, 206, 235, 33, 80, 147, 117, 107, 34,
       32, 99, 11, 223, 249, 254, 69, 63, 80, 107, 5, 131, 165, 77, 97,
       71, 212, 63, 230, 248, 80, 162, 248, 74, 83, 96, 157, 181, 89,
       206, 82, 106, 233, 178, 124, 46, 37, 140, 37, 52, 101, 251, 210,
       164, 52, 141, 115, 239, 244, 11, 239, 248, 85, 164, 254, 2, 115,
       97, 185, 116, 126, 238, 23, 234, 201, 178, 125, 191, 125, 172,
       165, 132, 119, 187, 116, 160, 252, 92, 255, 245, 108, 108, 125,
       16, 169, 218, 182, 126, 255, 127, 135, 123, 231, 245, 125, 234,
       169, 71, 227, 200, 215, 251, 251, 144, 165, 241, 103, 115, 221,
       83, 71, 239, 34, 10, 111, 56, 37, 140, 118, 230, 127, 71, 153,
       119, 118, 245, 61, 238, 233, 144, 45, 76, 244, 170, 103, 128, 47,
       179, 33, 113, 119, 96, 209, 103, 65, 106, 106, 200, 107, 242, 171,
       8, 87, 94, 93, 186, 59, 221, 120, 242, 9, 118, 217, 64, 149, 156,
       69, 54, 233, 115, 66, 132, 246, 54, 248, 96, 184, 110, 89, 90, 59,
       255, 189, 61, 79, 111, 75, 26, 183, 221, 205, 48, 186, 99, 168,
       66, 219, 223, 37, 255, 194, 225, 70, 115, 195, 98, 238, 13, 122,
       154, 170, 56, 174, 164, 91, 231, 241, 194, 222, 66, 54, 101, 127,
       239, 196, 213, 207, 95, 108, 47, 171, 132, 44, 167, 27, 213, 125,
       117, 185, 237, 188, 15, 95, 184, 59, 232, 188, 108, 223, 127, 201,
       50, 215, 221, 125, 106, 201, 82, 251, 188, 251, 221, 37, 182, 72,
       241, 194, 51, 18, 65, 85, 229, 3, 78, 107, 32, 45, 160, 102, 130,
       223, 39, 17, 244, 50, 213, 106, 234, 65, 144, 21, 76, 181, 239,
       67, 0, 96, 35, 3, 176, 241, 219, 127, 237, 36, 78, 103, 181, 116,
       108, 246, 102, 83, 101, 130, 81, 124, 228, 44, 110, 233, 176, 121,
       13, 246, 171, 229, 128, 41, 186, 244, 121, 17, 157, 30, 171, 176,
       223, 115, 249, 36, 76, 254, 103, 115, 119, 162, 96, 252, 222, 30,
       244, 157, 185, 57, 61, 250, 237, 166, 192, 249, 138, 232, 89, 44,
       165, 56, 99, 221, 111, 81, 41, 75, 181, 45, 25, 214, 117, 74, 24,
       145, 18, 193, 48, 26, 112, 249, 20, 207, 221, 21, 119, 210, 74,
       206, 98, 161, 167, 225, 227, 212, 47, 237, 191, 86, 179, 104, 90,
       211, 33, 92, 32, 25, 206, 19, 60, 240, 248, 89, 30, 109, 12, 149,
       100, 209, 250, 210, 168, 125, 116, 57, 238, 61, 15, 87, 248, 111,
       232, 189, 76, 223, 125, 9, 48, 220, 213, 94, 106, 233, 35, 251,
       190, 247, 255, 39, 188, 72, 59, 67, 51, 56, 209, 183, 236, 227,
       71, 87, 254, 21, 133, 228, 57, 31, 55, 40, 89, 252, 213, 23, 112,
       120, 219, 48, 168, 249, 231, 94, 79, 176, 120, 166, 251, 137, 176,
       189, 243, 237, 253, 249, 159, 207, 123, 53, 92, 159, 221, 216, 43,
       143, 27, 127, 25, 179, 124, 251, 209, 207, 219, 127, 246, 222,
       200, 133, 243, 56, 81, 191, 172, 194, 71, 85, 77, 1, 149, 80, 171,
       87, 127, 42, 88, 254, 249, 7, 113, 24, 154, 18, 128, 249, 231,
       126, 71, 176, 120, 167, 243, 116, 91, 248, 106, 254, 155, 151,
       152, 235, 172, 181, 237, 198, 233, 195, 92, 223, 116, 236, 115,
       200, 35, 206, 188, 248, 243, 39, 191, 255, 187, 78, 177, 35, 139,
       98, 26, 211, 145, 174, 231, 29, 77, 92, 207, 40, 168, 182, 196,
       63, 107, 147, 93, 214, 186, 36, 247, 62, 94, 28, 203, 223, 30,
       185, 205, 138, 245, 52, 155, 237, 217, 188, 239, 143, 95, 92, 17,
       140, 238, 110, 199, 235, 27, 171, 2, 86, 60, 186, 211, 47, 80, 79,
