%YAML:1.0
---
descriptors: !!opencv-matrix
   rows: 277
   cols: 32
   dt: u
   data: [ 156, 204, 110, 235, 220, 123, 191, 246, 70, 102, 223, 18, 209,
       189, 99, 96, 105, 218, 123, 234, 106, 183, 121, 179, 119, 205,
       175, 49, 181, 251, 252, 250, 216, 92, 238, 239, 5, 86, 126, 112,
       181, 142, 223, 3, 123, 187, 49, 195, 120, 244, 189, 227, 104, 149,
       17, 175, 243, 235, 226, 129, 39, 247, 124, 2, 108, 91, 248, 100,
       52, 78, 87, 17, 97, 172, 127, 8, 219, 51, 147, 52, 28, 252, 101,
       106, 200, 176, 241, 8, 243, 253, 37, 16, 226, 186, 198, 33, 246,
       76, 150, 172, 45, 70, 86, 96, 177, 134, 250, 3, 111, 242, 33, 87,
       216, 245, 236, 99, 108, 231, 144, 170, 177, 242, 71, 19, 33, 127,
       102, 14, 170, 184, 57, 251, 93, 237, 185, 219, 31, 123, 85, 91,
       156, 221, 120, 40, 157, 27, 147, 21, 178, 126, 122, 247, 79, 87,
       27, 239, 210, 12, 151, 251, 44, 159, 56, 90, 188, 235, 87, 179,
       198, 12, 252, 32, 242, 241, 161, 112, 216, 114, 14, 90, 90, 171,
       106, 61, 235, 191, 36, 91, 80, 75, 116, 43, 33, 13, 146, 215, 100,
       150, 238, 115, 212, 160, 219, 70, 112, 240, 176, 228, 120, 110,
       50, 44, 209, 155, 144, 140, 32, 46, 207, 0, 12, 234, 120, 140,
       150, 112, 190, 216, 173, 117, 189, 204, 207, 95, 148, 49, 140,
       222, 111, 107, 231, 25, 159, 119, 150, 69, 43, 208, 195, 217, 31,
       255, 146, 93, 173, 215, 227, 44, 250, 82, 253, 189, 208, 67, 251,
       239, 180, 29, 42, 168, 118, 30, 137, 166, 234, 29, 180, 111, 242,
       242, 31, 30, 84, 123, 195, 76, 218, 206, 21, 13, 99, 238, 148,
       134, 111, 114, 117, 128, 218, 66, 115, 243, 177, 96, 126, 238, 30,
       234, 169, 153, 53, 238, 185, 238, 170, 192, 189, 162, 112, 40, 9,
       173, 90, 122, 245, 173, 127, 215, 123, 15, 124, 28, 191, 155, 114,
       16, 149, 43, 20, 28, 123, 184, 48, 63, 235, 221, 54, 104, 218,
       208, 203, 139, 3, 219, 6, 157, 73, 148, 188, 246, 175, 20, 66,
       199, 172, 194, 38, 196, 236, 43, 179, 196, 198, 153, 22, 245, 36,
       48, 154, 138, 26, 20, 41, 220, 108, 108, 145, 109, 157, 111, 71,
       152, 90, 170, 36, 72, 215, 51, 65, 49, 145, 108, 76, 106, 41, 112,
       249, 28, 229, 222, 69, 52, 210, 249, 66, 34, 217, 88, 211, 254,
       70, 10, 103, 56, 113, 138, 247, 98, 115, 83, 137, 122, 114, 244,
       60, 234, 201, 180, 207, 42, 212, 174, 228, 0, 47, 187, 96, 41,
       173, 6, 173, 241, 172, 46, 205, 154, 82, 255, 187, 84, 211, 39,
       89, 107, 93, 70, 125, 62, 185, 244, 233, 18, 205, 255, 247, 212,
       152, 249, 212, 241, 250, 35, 98, 204, 127, 83, 235, 97, 33, 196,
       253, 171, 107, 206, 182, 52, 126, 189, 199, 225, 88, 178, 230,
       223, 86, 193, 163, 137, 103, 166, 102, 244, 236, 125, 151, 245,
       160, 14, 71, 182, 184, 170, 34, 76, 215, 51, 65, 91, 149, 116,
       104, 124, 121, 252, 145, 42, 237, 214, 69, 16, 136, 240, 67, 56,
       35, 164, 48, 219, 253, 189, 208, 223, 95, 113, 52, 26, 190, 152,
       126, 41, 137, 10, 19, 29, 183, 46, 122, 181, 79, 89, 153, 122,
       223, 12, 217, 142, 64, 140, 31, 189, 160, 236, 97, 39, 188, 31,
       106, 17, 247, 39, 32, 91, 129, 35, 105, 12, 50, 252, 19, 7, 205,
       182, 82, 64, 192, 0, 129, 10, 101, 224, 216, 68, 84, 15, 67, 216,
       115, 165, 37, 8, 51, 211, 67, 52, 25, 204, 0, 120, 43, 118, 248,
       10, 93, 140, 133, 60, 227, 163, 66, 160, 235, 48, 184, 248, 77,
       117, 216, 7, 91, 99, 165, 24, 158, 159, 86, 24, 201, 173, 19, 17,
       43, 110, 240, 210, 215, 223, 154, 59, 210, 72, 66, 250, 34, 168,
       114, 218, 125, 149, 254, 231, 223, 15, 248, 10, 170, 200, 52, 132,
       217, 171, 131, 131, 94, 58, 210, 243, 55, 28, 138, 107, 83, 142,
       254, 142, 238, 120, 208, 80, 201, 221, 112, 206, 187, 55, 164, 24,
       14, 151, 71, 159, 137, 185, 194, 16, 34, 103, 186, 240, 31, 217,
       85, 123, 210, 20, 206, 166, 180, 205, 85, 250, 212, 161, 71, 236,
       85, 18, 104, 18, 115, 97, 57, 69, 91, 194, 2, 106, 122, 52, 79,
       191, 172, 174, 199, 68, 180, 219, 240, 32, 185, 13, 110, 237, 84,
       34, 103, 114, 116, 70, 254, 71, 83, 41, 178, 65, 120, 236, 38,
       174, 232, 187, 53, 142, 118, 235, 226, 4, 127, 168, 120, 192, 53,
       95, 75, 100, 132, 3, 207, 253, 80, 230, 191, 238, 83, 97, 153, 4,
       124, 228, 100, 238, 201, 179, 45, 14, 248, 142, 229, 148, 109,
       251, 242, 48, 252, 189, 188, 246, 137, 118, 95, 186, 19, 246, 175,
       9, 115, 255, 67, 123, 149, 247, 249, 198, 60, 107, 251, 43, 251,
       239, 69, 61, 169, 243, 46, 82, 120, 185, 26, 186, 25, 237, 83,
       232, 171, 12, 168, 9, 191, 223, 99, 16, 132, 187, 221, 66, 14, 43,
       218, 189, 219, 213, 1, 59, 80, 3, 6, 27, 72, 141, 17, 249, 178,
       232, 57, 167, 62, 21, 76, 177, 157, 55, 128, 64, 39, 27, 189, 144,
       50, 24, 227, 247, 205, 246, 58, 197, 180, 128, 133, 115, 50, 12,
       226, 206, 85, 211, 246, 71, 31, 133, 248, 11, 40, 248, 52, 0, 248,
       187, 131, 129, 72, 187, 16, 254, 51, 28, 131, 43, 85, 78, 254,
       142, 45, 61, 104, 231, 116, 31, 235, 48, 125, 172, 255, 14, 243,
       125, 149, 48, 222, 236, 87, 111, 137, 178, 249, 174, 103, 221, 33,
       176, 109, 171, 82, 242, 31, 30, 70, 175, 51, 146, 59, 112, 53,
       206, 87, 231, 109, 102, 179, 228, 118, 109, 151, 239, 181, 156,
       37, 238, 226, 103, 170, 129, 47, 167, 41, 85, 65, 57, 191, 37, 32,
       206, 117, 51, 233, 233, 110, 9, 182, 57, 18, 50, 128, 39, 125, 13,
       213, 248, 240, 78, 237, 190, 84, 16, 192, 64, 195, 123, 104, 88,
       122, 111, 116, 90, 123, 180, 121, 72, 246, 41, 255, 95, 135, 112,
       210, 252, 127, 106, 192, 176, 225, 255, 230, 253, 32, 129, 102,
       187, 74, 203, 11, 93, 239, 85, 244, 86, 173, 183, 124, 202, 94,
       130, 249, 39, 147, 107, 39, 118, 55, 140, 225, 216, 53, 108, 103,
       47, 255, 128, 167, 240, 181, 249, 254, 165, 236, 58, 143, 81, 93,
       233, 19, 246, 173, 139, 75, 236, 95, 19, 219, 147, 237, 177, 126,
       103, 255, 146, 251, 215, 205, 127, 247, 110, 214, 86, 123, 2, 98,
       169, 126, 185, 234, 88, 109, 108, 247, 239, 11, 136, 183, 80, 126,
       172, 127, 189, 140, 51, 197, 220, 214, 105, 170, 160, 63, 143,
       120, 196, 32, 47, 248, 77, 116, 111, 253, 55, 127, 231, 110, 0,
       179, 37, 22, 48, 2, 46, 98, 8, 224, 184, 117, 31, 71, 191, 22, 1,
       66, 200, 198, 248, 34, 105, 176, 149, 245, 221, 183, 79, 95, 135,
       80, 19, 172, 140, 119, 12, 217, 43, 130, 17, 210, 188, 112, 234,
       37, 20, 158, 43, 213, 92, 157, 222, 97, 121, 249, 69, 116, 95,
       103, 48, 121, 164, 126, 8, 59, 29, 149, 52, 26, 252, 68, 106, 201,
       186, 245, 42, 103, 253, 36, 32, 103, 171, 70, 252, 174, 186, 185,
       251, 237, 237, 185, 222, 159, 249, 84, 121, 156, 221, 84, 41, 141,
       27, 215, 17, 146, 126, 234, 241, 79, 89, 63, 254, 210, 13, 151,
       251, 131, 154, 57, 251, 124, 229, 185, 222, 31, 121, 84, 112, 188,
       223, 252, 40, 221, 27, 23, 25, 179, 92, 106, 247, 79, 223, 187,
       238, 146, 136, 149, 241, 41, 93, 58, 116, 112, 220, 117, 55, 248,
       76, 126, 8, 191, 151, 34, 48, 164, 58, 87, 8, 224, 184, 48, 47,
       231, 253, 48, 0, 66, 144, 78, 235, 138, 124, 162, 156, 199, 240,
       188, 71, 185, 199, 84, 183, 172, 174, 118, 142, 235, 107, 179,
       133, 230, 222, 182, 227, 55, 119, 222, 139, 135, 84, 191, 222, 56,
       13, 10, 236, 20, 199, 75, 119, 148, 4, 206, 2, 115, 243, 33, 64,
       120, 250, 27, 232, 104, 171, 16, 191, 243, 239, 134, 17, 55, 186,
       116, 42, 114, 37, 104, 168, 125, 15, 83, 105, 201, 76, 249, 13,
       10, 201, 22, 80, 216, 141, 207, 103, 220, 35, 210, 220, 243, 252,
       1, 123, 89, 14, 126, 66, 36, 105, 106, 101, 116, 75, 235, 16, 125,
       228, 126, 138, 243, 89, 149, 48, 90, 236, 87, 111, 9, 178, 241,
       206, 119, 253, 160, 0, 101, 187, 82, 224, 58, 99, 67, 232, 77, 67,
       223, 72, 141, 36, 248, 139, 11, 143, 37, 16, 252, 157, 223, 227,
       72, 163, 193, 216, 241, 241, 138, 187, 117, 27, 118, 170, 167,
