%YAML:1.0
---
descriptors: !!opencv-matrix
   rows: 136
   cols: 32
   dt: u
   data: [ 212, 112, 150, 248, 11, 225, 24, 200, 191, 147, 160, 56, 12,
       215, 105, 95, 235, 245, 234, 130, 40, 71, 138, 80, 145, 178, 91,
       63, 16, 113, 39, 34, 118, 143, 196, 249, 205, 43, 64, 171, 87, 59,
       162, 19, 67, 43, 52, 91, 233, 199, 47, 176, 58, 91, 73, 213, 31,
       230, 213, 119, 179, 104, 248, 2, 38, 176, 148, 195, 237, 109, 208,
       137, 11, 177, 177, 24, 206, 89, 76, 158, 153, 130, 75, 48, 19, 98,
       219, 208, 157, 152, 17, 126, 218, 73, 211, 130, 149, 7, 219, 185,
       146, 162, 43, 83, 62, 161, 66, 210, 85, 227, 33, 73, 119, 63, 34,
       156, 177, 148, 21, 94, 221, 174, 26, 64, 184, 193, 33, 168, 244,
       112, 214, 100, 9, 14, 68, 96, 161, 146, 163, 13, 67, 19, 1, 219,
       168, 228, 108, 226, 109, 103, 147, 8, 179, 234, 69, 27, 107, 51,
       98, 18, 82, 173, 158, 159, 138, 139, 150, 234, 174, 164, 238, 43,
       230, 227, 38, 66, 233, 247, 110, 66, 74, 235, 203, 49, 249, 178,
       95, 27, 80, 120, 173, 138, 0, 142, 152, 251, 48, 143, 67, 150, 22,
       13, 78, 96, 183, 195, 160, 64, 85, 58, 12, 8, 154, 152, 99, 61,
       233, 135, 48, 208, 16, 136, 132, 41, 70, 236, 144, 190, 159, 160,
       190, 172, 187, 147, 24, 10, 236, 234, 92, 198, 179, 107, 121, 211,
       38, 72, 202, 243, 173, 86, 223, 251, 148, 119, 1, 12, 41, 70, 81,
       69, 116, 47, 107, 56, 124, 138, 122, 96, 223, 33, 144, 180, 30,
       76, 22, 46, 161, 176, 65, 14, 36, 255, 34, 132, 78, 170, 66, 161,
       208, 248, 25, 234, 26, 205, 19, 228, 190, 96, 128, 57, 183, 215,
       96, 112, 166, 241, 125, 210, 107, 15, 186, 51, 249, 161, 47, 121,
       48, 2, 39, 122, 168, 197, 126, 254, 61, 155, 150, 236, 223, 6,
       245, 9, 206, 249, 40, 65, 214, 113, 255, 98, 96, 231, 74, 159,
       227, 255, 67, 63, 86, 186, 37, 3, 6, 177, 59, 162, 210, 133, 191,
       65, 170, 217, 27, 107, 20, 222, 68, 0, 174, 61, 83, 211, 211, 219,
       154, 64, 125, 0, 175, 238, 137, 3, 167, 179, 209, 248, 62, 56, 8,
       141, 81, 71, 233, 31, 160, 29, 182, 154, 70, 90, 160, 161, 108,
       17, 110, 47, 178, 19, 211, 221, 16, 59, 64, 0, 7, 75, 2, 166, 149,
       153, 252, 169, 168, 175, 30, 27, 88, 245, 188, 167, 232, 128, 207,
       11, 51, 21, 51, 72, 66, 247, 44, 22, 190, 232, 156, 200, 129, 185,
       70, 224, 244, 222, 175, 129, 190, 173, 159, 178, 25, 137, 236,
       234, 93, 6, 151, 119, 121, 151, 194, 65, 142, 243, 44, 62, 207,
       254, 20, 54, 129, 5, 245, 105, 253, 74, 204, 71, 199, 216, 66,
       242, 165, 10, 83, 213, 221, 59, 89, 212, 112, 122, 233, 103, 254,
       56, 123, 136, 197, 60, 117, 251, 214, 96, 70, 165, 244, 223, 254,
       131, 190, 169, 223, 176, 17, 131, 236, 235, 93, 3, 151, 119, 123,
       215, 226, 65, 143, 253, 46, 58, 207, 254, 149, 167, 209, 133, 60,
       160, 208, 234, 221, 101, 82, 200, 19, 53, 173, 25, 67, 89, 72, 24,
       217, 216, 64, 114, 30, 99, 91, 177, 219, 221, 1, 127, 243, 139,
       118, 2, 50, 161, 24, 184, 221, 201, 20, 239, 159, 53, 169, 27, 6,
       153, 110, 16, 201, 155, 195, 17, 94, 43, 74, 149, 187, 212, 20,
       127, 209, 8, 142, 138, 64, 145, 159, 253, 170, 230, 53, 175, 174,
       153, 138, 32, 245, 247, 40, 107, 135, 119, 121, 144, 17, 201, 19,
       36, 205, 167, 126, 66, 136, 64, 165, 59, 250, 88, 255, 244, 46,
       78, 93, 20, 169, 218, 182, 186, 127, 63, 133, 123, 238, 245, 125,
       234, 233, 71, 227, 232, 211, 251, 246, 144, 39, 241, 102, 121, 70,
       237, 148, 151, 213, 192, 166, 132, 186, 51, 139, 19, 228, 226, 76,
       70, 225, 239, 42, 211, 102, 88, 203, 227, 189, 54, 223, 103, 128,
       115, 181, 142, 48, 198, 197, 221, 92, 3, 206, 41, 83, 162, 251,
       202, 115, 105, 28, 17, 91, 204, 101, 235, 105, 242, 207, 159, 184,
       46, 237, 20, 101, 186, 114, 32, 69, 33, 89, 197, 116, 15, 111, 56,
       105, 40, 247, 8, 215, 83, 137, 116, 146, 197, 110, 106, 9, 178,
       233, 76, 245, 184, 39, 52, 64, 179, 67, 33, 122, 97, 191, 188, 77,
       197, 65, 76, 227, 84, 164, 10, 106, 220, 126, 59, 232, 177, 234,
       194, 75, 99, 178, 209, 145, 211, 215, 63, 113, 24, 110, 126, 29,
       65, 221, 101, 66, 78, 126, 168, 45, 160, 98, 128, 223, 39, 1, 246,
       54, 85, 106, 106, 65, 176, 93, 76, 175, 251, 69, 70, 239, 178, 67,
       160, 206, 204, 246, 127, 183, 50, 126, 167, 121, 19, 66, 147, 233,
       127, 29, 127, 55, 119, 49, 143, 244, 220, 159, 235, 103, 255, 222,
       1, 167, 245, 243, 14, 2, 170, 158, 59, 170, 248, 184, 3, 174, 29,
       162, 177, 172, 142, 102, 74, 167, 55, 233, 145, 22, 201, 130, 81,
       207, 243, 122, 195, 128, 0, 47, 139, 233, 46, 156, 245, 248, 38,
       169, 91, 58, 187, 176, 120, 156, 179, 192, 187, 205, 191, 94, 157,
       51, 222, 195, 64, 76, 139, 255, 236, 136, 96, 43, 169, 182, 245,
       34, 10, 219, 197, 150, 236, 147, 252, 137, 47, 102, 252, 111, 0,
       153, 219, 211, 243, 126, 99, 26, 255, 59, 4, 13, 127, 209, 127,
       182, 214, 205, 176, 253, 243, 236, 125, 249, 27, 239, 251, 55,
       120, 156, 191, 220, 43, 175, 31, 126, 24, 179, 116, 251, 208, 207,
       219, 127, 252, 198, 200, 195, 241, 234, 174, 188, 122, 169, 249,
       20, 207, 155, 31, 164, 25, 238, 249, 110, 27, 131, 115, 233, 16,
       54, 111, 202, 51, 203, 211, 85, 123, 210, 68, 143, 11, 125, 117,
       185, 228, 168, 15, 95, 184, 59, 250, 188, 108, 223, 127, 201, 48,
       151, 221, 125, 122, 201, 67, 249, 190, 251, 217, 37, 190, 74, 243,
       194, 51, 0, 148, 57, 249, 184, 237, 1, 159, 30, 61, 84, 80, 182,
       213, 168, 96, 213, 26, 22, 24, 51, 56, 123, 55, 197, 158, 48, 124,
       144, 8, 133, 233, 226, 184, 191, 80, 120, 237, 249, 2, 171, 127,
       33, 29, 180, 142, 68, 27, 141, 187, 95, 148, 51, 207, 242, 97, 77,
       154, 80, 98, 192, 1, 70, 242, 171, 96, 120, 105, 104, 180, 185,
       75, 238, 68, 252, 176, 185, 222, 150, 112, 206, 185, 218, 132,
       143, 6, 230, 147, 70, 249, 170, 184, 85, 133, 39, 244, 197, 40,
       209, 81, 224, 105, 232, 2, 42, 243, 32, 24, 148, 30, 85, 59, 171,
       93, 88, 25, 49, 116, 192, 64, 13, 24, 93, 116, 196, 113, 199, 160,
       68, 32, 223, 21, 200, 104, 225, 2, 248, 182, 34, 152, 151, 167,
       65, 59, 35, 68, 104, 24, 1, 116, 231, 64, 141, 166, 83, 40, 192,
       225, 71, 224, 99, 122, 120, 234, 104, 175, 217, 18, 11, 105, 245,
       205, 159, 13, 22, 24, 142, 157, 87, 79, 137, 46, 209, 240, 199,
       249, 24, 184, 76, 139, 11, 17, 70, 237, 132, 151, 223, 136, 166,
       168, 190, 145, 9, 3, 236, 226, 73, 198, 241, 111, 106, 211, 34,
       64, 138, 255, 172, 6, 143, 111, 128, 115, 41, 134, 116, 163, 197,
       239, 92, 3, 194, 168, 87, 176, 249, 74, 99, 104, 92, 2, 89, 204,
       100, 227, 74, 242, 207, 157, 44, 174, 197, 52, 125, 43, 80, 0, 2,
       1, 63, 249, 40, 164, 184, 3, 172, 25, 210, 113, 180, 30, 12, 203,
       198, 51, 127, 21, 147, 193, 67, 81, 129, 184, 250, 210, 88, 0, 33,
       51, 125, 117, 24, 237, 189, 15, 86, 250, 127, 168, 188, 76, 223,
       121, 9, 48, 156, 213, 92, 110, 201, 34, 81, 190, 243, 255, 37, 52,
       74, 121, 74, 35, 109, 113, 24, 238, 45, 15, 86, 184, 111, 168,
       181, 76, 223, 123, 25, 113, 220, 196, 126, 110, 201, 163, 217,
       152, 243, 249, 103, 60, 90, 187, 74, 1, 206, 37, 186, 186, 237,
       252, 191, 238, 169, 22, 61, 25, 236, 255, 111, 87, 235, 83, 203,
       50, 54, 39, 186, 243, 239, 213, 142, 47, 146, 119, 15, 206, 0,
       179, 24, 169, 254, 201, 177, 223, 14, 5, 92, 162, 188, 151, 104,
       0, 255, 27, 147, 17, 18, 58, 66, 245, 125, 133, 62, 107, 148, 8,
       133, 235, 136, 184, 151, 177, 105, 236, 177, 215, 186, 91, 96, 81,
       188, 151, 96, 155, 163, 59, 243, 17, 51, 92, 146, 85, 77, 211,
       122, 104, 136, 4, 39, 179, 228, 74, 198, 213, 108, 10, 237, 32,
       232, 166, 242, 226, 195, 34, 181, 91, 98, 228, 110, 234, 224, 245,
       197, 200, 84, 42, 226, 128, 101, 249, 113, 8, 198, 172, 247, 127,
       177, 98, 124, 174, 187, 147, 67, 145, 233, 235, 28, 127, 131, 127,
