%YAML:1.0
---
descriptors: !!opencv-matrix
   rows: 302
   cols: 32
   dt: u
   data: [ 6, 148, 16, 139, 85, 247, 186, 202, 31, 13, 75, 3, 204, 94,
       46, 196, 217, 27, 147, 145, 22, 152, 89, 223, 47, 22, 154, 71,
       146, 15, 61, 198, 126, 3, 150, 172, 171, 82, 28, 105, 137, 132,
       184, 163, 76, 246, 39, 214, 254, 177, 255, 161, 28, 3, 2, 200,
       153, 244, 207, 159, 179, 102, 46, 86, 14, 97, 22, 136, 73, 84,
       184, 64, 141, 148, 209, 3, 140, 158, 111, 207, 232, 25, 187, 243,
       68, 67, 146, 192, 21, 16, 202, 15, 18, 61, 45, 134, 82, 37, 26,
       188, 107, 195, 27, 104, 191, 4, 169, 41, 78, 254, 41, 80, 250,
       241, 207, 226, 74, 3, 138, 93, 177, 213, 11, 59, 16, 35, 39, 107,
       31, 195, 235, 225, 134, 1, 233, 217, 38, 81, 87, 230, 57, 203,
       249, 104, 127, 137, 63, 157, 219, 216, 47, 209, 222, 73, 239, 196,
       189, 160, 177, 168, 0, 174, 19, 90, 209, 249, 102, 199, 191, 7,
       236, 0, 46, 227, 36, 148, 123, 186, 66, 8, 18, 187, 42, 127, 51,
       188, 18, 75, 210, 66, 239, 172, 29, 210, 207, 251, 150, 130, 109,
       213, 116, 65, 214, 198, 81, 235, 185, 104, 121, 143, 59, 156, 155,
       209, 53, 230, 250, 239, 222, 68, 173, 208, 240, 32, 94, 123, 235,
       6, 230, 26, 191, 152, 98, 228, 30, 175, 67, 236, 215, 42, 54, 236,
       229, 119, 196, 241, 173, 104, 126, 5, 37, 165, 229, 247, 87, 117,
       190, 196, 230, 210, 215, 50, 190, 239, 57, 19, 123, 211, 72, 111,
       188, 237, 127, 211, 147, 183, 240, 214, 13, 226, 62, 126, 222,
       195, 175, 245, 233, 141, 111, 5, 229, 133, 140, 114, 143, 184, 66,
       242, 159, 198, 209, 44, 215, 239, 79, 196, 125, 255, 169, 97, 239,
       192, 12, 46, 239, 148, 143, 255, 80, 116, 53, 39, 66, 75, 212, 63,
       230, 219, 69, 105, 249, 70, 83, 200, 189, 164, 120, 202, 6, 110,
       159, 178, 101, 222, 54, 12, 161, 0, 255, 207, 122, 132, 71, 49,
       172, 165, 140, 55, 156, 140, 134, 245, 138, 143, 211, 108, 91, 10,
       141, 199, 249, 167, 141, 65, 255, 40, 217, 103, 207, 156, 205,
       127, 25, 84, 123, 78, 229, 78, 118, 51, 207, 120, 83, 238, 246,
       238, 75, 40, 150, 180, 127, 236, 86, 174, 172, 255, 109, 174, 122,
       111, 229, 148, 103, 173, 114, 237, 174, 126, 47, 186, 62, 180,
       155, 208, 157, 220, 212, 247, 252, 221, 183, 11, 206, 113, 159,
       247, 167, 199, 34, 174, 218, 83, 175, 154, 158, 189, 53, 247, 59,
       6, 238, 37, 22, 58, 207, 48, 112, 238, 246, 255, 75, 44, 158, 163,
       126, 228, 253, 175, 189, 252, 109, 142, 170, 235, 239, 144, 239,
       236, 218, 213, 183, 61, 234, 252, 126, 245, 187, 218, 159, 72, 92,
       175, 60, 252, 191, 32, 254, 123, 151, 247, 167, 35, 62, 255, 118,
       93, 171, 170, 253, 253, 59, 251, 112, 34, 8, 46, 44, 140, 64, 25,
       98, 61, 139, 205, 231, 8, 90, 90, 216, 132, 108, 21, 142, 98, 203,
       16, 192, 241, 113, 25, 200, 138, 218, 8, 14, 248, 178, 136, 207,
       81, 182, 206, 31, 213, 76, 11, 140, 253, 126, 132, 249, 89, 179,
       211, 86, 114, 186, 240, 95, 85, 159, 111, 159, 127, 189, 214, 119,
       190, 173, 183, 140, 62, 204, 174, 194, 246, 142, 157, 195, 108,
       83, 174, 205, 198, 249, 31, 173, 65, 255, 163, 137, 87, 223, 61,
       140, 125, 88, 92, 153, 27, 111, 255, 22, 136, 107, 114, 212, 72,
       86, 230, 59, 173, 177, 97, 110, 226, 63, 78, 233, 185, 36, 173,
       210, 235, 226, 128, 63, 168, 113, 121, 170, 51, 114, 91, 101, 247,
       249, 88, 95, 236, 117, 54, 8, 151, 230, 188, 126, 56, 147, 90,
       198, 182, 120, 223, 7, 93, 147, 235, 23, 143, 126, 247, 40, 165,
       24, 234, 93, 233, 49, 239, 31, 53, 12, 10, 172, 159, 104, 64, 209,
       27, 131, 17, 2, 26, 104, 215, 255, 213, 27, 127, 18, 10, 21, 170,
       155, 62, 34, 153, 47, 245, 184, 90, 223, 94, 93, 167, 172, 220,
       247, 229, 239, 43, 151, 135, 166, 52, 62, 221, 134, 89, 139, 171,
       95, 77, 125, 215, 147, 95, 71, 156, 118, 134, 239, 119, 213, 72,
       222, 230, 57, 130, 179, 229, 110, 234, 22, 207, 233, 143, 38, 239,
       48, 46, 174, 136, 63, 156, 121, 189, 30, 19, 166, 168, 171, 82,
       124, 199, 173, 95, 198, 167, 140, 174, 59, 206, 231, 135, 191,
       149, 94, 137, 51, 192, 155, 243, 222, 199, 166, 86, 189, 87, 3,
       141, 40, 139, 21, 215, 186, 236, 92, 72, 88, 7, 232, 72, 62, 160,
       216, 43, 147, 101, 199, 184, 125, 253, 44, 25, 138, 195, 29, 14,
       121, 221, 182, 235, 227, 138, 254, 129, 207, 216, 151, 84, 244,
       239, 67, 205, 251, 12, 127, 200, 7, 255, 138, 35, 174, 241, 120,
       12, 175, 252, 247, 191, 246, 241, 6, 141, 172, 183, 230, 106, 189,
       167, 62, 183, 90, 147, 236, 46, 86, 75, 167, 71, 179, 21, 54, 216,
       235, 224, 109, 51, 222, 199, 132, 84, 149, 203, 214, 179, 181,
       155, 170, 96, 157, 139, 170, 119, 147, 183, 204, 254, 206, 78,
       199, 87, 253, 149, 146, 69, 235, 224, 152, 114, 223, 223, 148,
       101, 165, 119, 207, 31, 126, 255, 174, 208, 127, 48, 189, 90, 87,
       246, 253, 239, 179, 99, 102, 115, 63, 206, 241, 205, 62, 255, 206,
       251, 250, 192, 62, 161, 33, 49, 155, 159, 103, 251, 54, 249, 106,
       246, 189, 89, 82, 246, 185, 39, 181, 225, 110, 163, 31, 204, 163,
       152, 5, 255, 142, 235, 186, 192, 63, 141, 113, 185, 118, 69, 22,
       140, 77, 86, 150, 96, 137, 132, 185, 11, 76, 220, 63, 134, 216,
       177, 219, 99, 68, 35, 80, 200, 177, 48, 138, 27, 87, 63, 61, 198,
       27, 222, 122, 255, 244, 215, 123, 246, 119, 77, 222, 230, 249,
       255, 178, 100, 127, 187, 159, 157, 187, 156, 53, 255, 254, 255,
       190, 192, 191, 132, 241, 249, 75, 190, 149, 155, 173, 61, 180,
       159, 223, 123, 16, 118, 172, 184, 76, 239, 197, 87, 234, 17, 183,
       105, 219, 243, 141, 82, 95, 255, 154, 92, 153, 31, 64, 162, 26,
       244, 40, 132, 88, 31, 174, 189, 134, 84, 157, 131, 80, 90, 133,
       55, 125, 29, 146, 73, 147, 80, 201, 249, 191, 120, 136, 128, 169,
       3, 28, 149, 120, 234, 210, 102, 121, 89, 55, 29, 125, 179, 93,
       255, 42, 72, 118, 153, 151, 178, 50, 48, 57, 215, 215, 229, 34,
       205, 177, 195, 165, 243, 166, 152, 123, 90, 237, 253, 251, 192,
       223, 93, 117, 21, 40, 205, 62, 41, 207, 43, 151, 94, 150, 39, 58,
       245, 95, 89, 18, 203, 211, 143, 231, 215, 210, 62, 18, 154, 25,
       181, 18, 105, 174, 142, 129, 109, 238, 194, 107, 213, 208, 33,
       234, 35, 110, 67, 202, 223, 176, 16, 11, 59, 24, 14, 43, 7, 8,
       212, 126, 251, 246, 192, 53, 55, 104, 21, 126, 48, 189, 31, 42,
       113, 102, 27, 23, 8, 82, 152, 50, 229, 103, 187, 54, 67, 36, 146,
       165, 235, 90, 173, 61, 248, 187, 225, 17, 203, 191, 29, 173, 57,
       174, 183, 96, 120, 199, 147, 237, 144, 26, 75, 234, 215, 219, 247,
       26, 127, 144, 0, 167, 123, 235, 207, 46, 94, 236, 22, 207, 191,
       241, 94, 189, 5, 112, 109, 190, 119, 217, 230, 117, 238, 253, 171,
       122, 63, 99, 123, 229, 152, 91, 246, 246, 126, 91, 159, 134, 207,
       18, 22, 15, 188, 36, 0, 203, 198, 229, 98, 160, 228, 118, 247, 40,
       238, 201, 153, 61, 109, 176, 230, 138, 0, 46, 162, 169, 60, 173,
       207, 69, 187, 230, 137, 229, 245, 85, 82, 114, 242, 243, 73, 157,
       107, 105, 234, 54, 219, 251, 244, 111, 177, 102, 251, 246, 192,
       119, 217, 240, 193, 7, 186, 252, 211, 150, 178, 169, 146, 126, 49,
       87, 246, 221, 235, 221, 104, 119, 111, 55, 152, 147, 220, 239,
       244, 78, 175, 255, 192, 165, 193, 161, 161, 171, 248, 168, 218,
       205, 213, 255, 214, 219, 95, 116, 31, 168, 220, 118, 45, 205, 123,
       147, 213, 231, 126, 250, 243, 79, 93, 158, 107, 83, 28, 254, 222,
       64, 0, 217, 237, 96, 78, 121, 19, 41, 6, 118, 0, 151, 55, 128, 82,
       98, 28, 61, 40, 64, 156, 241, 72, 199, 185, 34, 0, 32, 160, 68,
       41, 60, 125, 123, 96, 21, 255, 83, 82, 69, 225, 188, 14, 63, 25,
       33, 48, 152, 176, 213, 56, 11, 163, 112, 188, 251, 221, 5, 50,
       251, 219, 66, 162, 167, 54, 122, 91, 102, 245, 191, 80, 93, 78,
       117, 182, 32, 220, 191, 45, 254, 59, 151, 194, 182, 242, 110, 240,
