%YAML:1.0
---
descriptors: !!opencv-matrix
   rows: 270
   cols: 32
   dt: u
   data: [ 105, 249, 57, 8, 57, 95, 83, 191, 67, 108, 164, 12, 146, 21,
       70, 180, 156, 152, 220, 124, 219, 42, 114, 21, 235, 29, 5, 126,
       90, 136, 130, 117, 49, 77, 99, 204, 87, 211, 199, 97, 213, 128,
       248, 2, 115, 201, 53, 36, 120, 232, 2, 234, 72, 179, 52, 143, 115,
       172, 135, 0, 119, 186, 242, 172, 77, 177, 184, 97, 185, 93, 91,
       154, 106, 253, 60, 8, 158, 125, 91, 178, 145, 94, 253, 124, 146,
       73, 251, 17, 111, 221, 37, 253, 194, 165, 207, 115, 89, 249, 15,
       172, 48, 132, 105, 16, 160, 89, 238, 101, 183, 151, 128, 82, 166,
       165, 125, 220, 75, 137, 131, 101, 192, 161, 170, 192, 40, 130, 43,
       121, 86, 201, 190, 190, 174, 64, 63, 173, 174, 151, 159, 34, 253,
       255, 105, 107, 243, 215, 253, 243, 114, 65, 139, 225, 249, 231,
       239, 207, 164, 115, 165, 99, 176, 217, 59, 154, 93, 197, 150, 100,
       197, 0, 225, 2, 98, 216, 46, 33, 248, 250, 130, 99, 110, 163, 26,
       189, 115, 8, 130, 27, 81, 27, 244, 134, 66, 175, 243, 136, 219,
       209, 191, 79, 139, 5, 216, 170, 12, 238, 228, 116, 127, 187, 219,
       145, 18, 11, 166, 211, 61, 20, 159, 239, 149, 4, 167, 244, 19, 29,
       230, 156, 195, 182, 188, 103, 189, 70, 94, 151, 40, 190, 183, 109,
       231, 247, 183, 133, 180, 217, 52, 239, 55, 110, 222, 131, 167,
       116, 173, 223, 130, 156, 159, 218, 201, 228, 181, 231, 191, 19,
       103, 16, 252, 247, 44, 127, 229, 123, 179, 144, 50, 205, 186, 115,
       79, 58, 82, 75, 210, 64, 167, 250, 162, 172, 30, 218, 201, 217,
       180, 231, 222, 21, 244, 59, 172, 216, 38, 1, 233, 123, 226, 80,
       118, 111, 130, 247, 127, 19, 86, 107, 81, 8, 239, 142, 207, 142,
       31, 248, 228, 148, 126, 210, 253, 27, 116, 112, 156, 195, 172,
       255, 231, 67, 14, 94, 243, 79, 42, 227, 154, 251, 118, 206, 146,
       129, 161, 33, 33, 15, 192, 76, 221, 191, 74, 207, 87, 133, 236,
       76, 2, 160, 183, 116, 88, 234, 2, 92, 156, 186, 101, 158, 62, 60,
       133, 88, 211, 254, 248, 140, 81, 23, 92, 173, 178, 42, 60, 63, 60,
       65, 75, 229, 245, 34, 138, 80, 54, 31, 173, 165, 199, 152, 69, 93,
       164, 165, 62, 128, 60, 210, 169, 25, 170, 172, 181, 184, 205, 205,
       148, 231, 159, 19, 128, 25, 174, 252, 96, 167, 201, 59, 251, 1,
       114, 111, 210, 243, 189, 18, 94, 123, 18, 12, 159, 170, 83, 251,
       233, 190, 186, 210, 158, 173, 134, 236, 154, 171, 237, 238, 127,
       98, 247, 255, 253, 213, 222, 73, 239, 191, 251, 101, 175, 255, 52,
       54, 157, 95, 33, 76, 251, 77, 100, 46, 233, 18, 118, 143, 126, 2,
       147, 185, 177, 120, 122, 252, 54, 12, 128, 176, 245, 66, 71, 173,
       96, 0, 229, 249, 82, 225, 93, 177, 217, 160, 184, 156, 94, 165,
       43, 225, 11, 173, 207, 190, 74, 82, 150, 71, 125, 85, 223, 8, 221,
       129, 188, 213, 15, 127, 44, 130, 139, 83, 38, 174, 236, 223, 229,
       55, 254, 239, 31, 183, 253, 147, 104, 104, 63, 15, 221, 202, 147,
       55, 244, 248, 75, 239, 111, 31, 221, 183, 215, 255, 220, 206, 50,
       146, 239, 156, 124, 211, 153, 105, 26, 253, 86, 239, 113, 236,
       182, 35, 220, 252, 55, 165, 141, 250, 231, 29, 26, 35, 249, 181,
       5, 168, 92, 217, 124, 111, 220, 68, 206, 91, 86, 237, 65, 166,
       188, 11, 67, 57, 87, 19, 88, 228, 197, 98, 76, 99, 201, 136, 114,
       201, 229, 61, 111, 250, 218, 138, 139, 28, 103, 255, 109, 102,
       239, 248, 93, 78, 223, 86, 249, 255, 189, 229, 126, 187, 62, 239,
       233, 183, 119, 255, 165, 254, 202, 128, 63, 255, 116, 245, 39,
       121, 119, 69, 229, 95, 238, 210, 237, 232, 114, 64, 138, 152, 181,
       164, 222, 108, 246, 106, 197, 176, 117, 234, 38, 92, 7, 6, 79,
       187, 107, 165, 52, 109, 74, 238, 94, 195, 71, 100, 193, 128, 232,
       10, 115, 193, 49, 16, 120, 232, 2, 106, 72, 163, 28, 63, 113, 172,
       133, 24, 113, 59, 114, 168, 50, 65, 94, 172, 94, 195, 221, 105,
       141, 128, 240, 139, 53, 239, 53, 24, 254, 185, 19, 229, 12, 178,
       66, 93, 177, 142, 203, 43, 117, 184, 35, 202, 178, 90, 97, 237,
       118, 75, 169, 122, 4, 224, 240, 238, 19, 29, 129, 32, 126, 156,
       23, 233, 201, 182, 69, 141, 244, 236, 169, 148, 125, 168, 86, 185,
       199, 239, 73, 164, 236, 32, 110, 190, 229, 234, 154, 247, 241,
       255, 219, 98, 95, 198, 95, 239, 229, 3, 207, 234, 190, 62, 175,
       188, 44, 241, 184, 85, 18, 205, 83, 223, 87, 131, 174, 230, 30, 1,
       74, 194, 108, 194, 37, 196, 123, 251, 139, 192, 99, 153, 21, 255,
       60, 38, 158, 2, 53, 8, 53, 172, 192, 200, 158, 191, 204, 140, 180,
       199, 190, 27, 224, 81, 166, 218, 32, 91, 225, 35, 106, 1, 102,
       111, 130, 99, 149, 178, 94, 10, 72, 80, 161, 138, 53, 89, 115,
       204, 60, 86, 199, 252, 197, 200, 248, 102, 115, 248, 181, 228, 88,
       252, 22, 106, 201, 163, 48, 173, 48, 172, 167, 152, 93, 187, 112,
       61, 194, 139, 159, 159, 56, 141, 10, 167, 190, 9, 194, 81, 246,
       226, 4, 80, 196, 119, 111, 68, 122, 137, 75, 127, 160, 182, 10,
       208, 16, 8, 161, 8, 249, 80, 61, 108, 13, 78, 77, 184, 225, 250,
       166, 24, 83, 21, 17, 123, 200, 212, 124, 234, 233, 103, 243, 8,
       243, 251, 197, 28, 58, 184, 96, 32, 78, 191, 181, 242, 233, 253,
       152, 159, 171, 125, 185, 253, 142, 111, 204, 158, 135, 83, 253,
       21, 147, 73, 234, 241, 159, 222, 125, 255, 210, 213, 135, 119, 2,
       157, 35, 216, 209, 229, 185, 71, 158, 13, 204, 19, 36, 191, 32,
       68, 205, 59, 147, 145, 19, 139, 50, 255, 41, 22, 154, 75, 146, 76,
       181, 250, 129, 18, 63, 179, 36, 172, 113, 21, 172, 79, 87, 117,
       190, 157, 178, 73, 134, 59, 31, 13, 209, 156, 48, 228, 197, 186,
       122, 194, 8, 138, 149, 123, 57, 157, 81, 175, 180, 182, 70, 191,
       68, 40, 218, 70, 243, 48, 176, 228, 221, 238, 60, 12, 221, 186,
       85, 159, 160, 238, 162, 212, 61, 234, 248, 13, 133, 242, 245, 91,
       178, 171, 169, 156, 94, 57, 87, 246, 245, 68, 140, 109, 55, 94,
       42, 94, 179, 244, 111, 117, 12, 34, 115, 196, 142, 155, 129, 181,
       0, 134, 51, 251, 85, 239, 179, 91, 78, 69, 123, 2, 252, 220, 60,
       96, 241, 27, 19, 25, 146, 188, 51, 247, 77, 30, 18, 66, 212, 10,
       213, 231, 47, 52, 188, 243, 237, 63, 249, 91, 251, 255, 55, 29,
       222, 253, 223, 47, 159, 31, 255, 29, 183, 113, 251, 194, 207, 223,
       117, 246, 194, 237, 215, 247, 90, 231, 43, 174, 188, 195, 95, 253,
       6, 228, 157, 171, 247, 206, 26, 112, 246, 251, 221, 231, 222, 11,
       239, 29, 251, 229, 175, 253, 52, 162, 150, 90, 161, 156, 229, 95,
       212, 239, 227, 183, 86, 233, 119, 82, 113, 53, 156, 45, 89, 254,
       54, 40, 185, 252, 125, 191, 77, 46, 241, 64, 231, 136, 212, 236,
       38, 133, 172, 247, 141, 109, 158, 236, 158, 183, 191, 131, 193,
       108, 94, 2, 217, 71, 251, 147, 26, 105, 91, 179, 79, 95, 207, 95,
       213, 123, 220, 210, 185, 91, 115, 201, 102, 135, 253, 119, 68, 32,
       254, 230, 17, 29, 181, 97, 110, 190, 59, 200, 200, 186, 117, 152,
       119, 40, 162, 128, 103, 152, 112, 184, 84, 203, 188, 254, 158, 66,
       31, 172, 134, 148, 154, 163, 253, 239, 105, 66, 247, 245, 237,
       243, 88, 67, 139, 233, 249, 231, 239, 93, 180, 51, 165, 10, 2,
       238, 30, 186, 234, 233, 182, 231, 158, 23, 120, 163, 164, 232, 38,
       0, 235, 123, 226, 1, 86, 107, 10, 245, 124, 22, 30, 107, 81, 88,
       165, 139, 155, 26, 199, 191, 182, 54, 232, 94, 54, 251, 82, 215,
       121, 46, 146, 201, 119, 239, 191, 141, 173, 220, 87, 253, 132,
       107, 255, 192, 47, 228, 185, 93, 34, 168, 151, 152, 205, 221, 180,
       231, 143, 19, 200, 8, 174, 189, 96, 132, 201, 123, 235, 1, 82,
       107, 210, 241, 181, 86, 30, 59, 18, 92, 149, 174, 65, 91, 47, 181,
       40, 206, 47, 182, 172, 200, 206, 68, 181, 54, 147, 114, 132, 101,
       125, 76, 193, 137, 247, 44, 225, 191, 126, 128, 8, 176, 33, 121,
       66, 173, 150, 188, 217, 181, 18, 198, 143, 145, 232, 9, 164, 250,
       97, 86, 201, 107, 106, 80, 14, 75, 210, 253, 187, 246, 31, 59,
