%YAML:1.0
---
descriptors: !!opencv-matrix
   rows: 234
   cols: 32
   dt: u
   data: [ 41, 109, 83, 79, 117, 223, 230, 228, 109, 224, 106, 72, 114,
       240, 133, 180, 184, 124, 82, 106, 65, 184, 56, 46, 39, 188, 5, 50,
       75, 186, 66, 172, 220, 75, 243, 116, 106, 200, 55, 226, 168, 14,
       226, 40, 14, 183, 97, 94, 38, 117, 237, 66, 80, 31, 162, 96, 241,
       224, 97, 43, 98, 241, 39, 163, 245, 73, 78, 167, 38, 10, 111, 184,
       80, 226, 215, 231, 83, 105, 155, 83, 126, 228, 61, 239, 237, 148,
       221, 46, 244, 43, 229, 132, 45, 251, 120, 81, 150, 220, 150, 151,
       151, 98, 190, 231, 62, 23, 219, 19, 236, 118, 42, 207, 233, 215,
       175, 147, 54, 221, 25, 231, 189, 54, 222, 67, 132, 125, 189, 94,
       219, 55, 242, 5, 179, 62, 56, 19, 43, 228, 174, 237, 13, 166, 199,
       150, 54, 221, 237, 244, 164, 209, 165, 72, 250, 89, 5, 166, 162,
       244, 15, 93, 108, 221, 227, 222, 221, 127, 135, 252, 218, 238,
       189, 31, 242, 253, 59, 163, 249, 246, 207, 235, 169, 99, 248, 255,
       127, 215, 167, 60, 247, 123, 246, 243, 80, 173, 19, 248, 186, 192,
       95, 238, 167, 5, 236, 169, 55, 247, 0, 80, 99, 251, 109, 194, 90,
       11, 138, 127, 249, 166, 36, 72, 50, 128, 166, 42, 67, 93, 249, 77,
       225, 126, 239, 159, 121, 234, 126, 76, 88, 60, 149, 188, 147, 110,
       50, 44, 129, 176, 117, 90, 39, 63, 69, 132, 206, 246, 202, 188,
       52, 69, 107, 239, 20, 70, 79, 184, 68, 4, 239, 2, 83, 89, 57, 96,
       120, 212, 29, 238, 200, 177, 61, 14, 243, 173, 167, 20, 117, 187,
       116, 96, 99, 164, 193, 90, 221, 177, 168, 207, 219, 83, 160, 159,
       168, 232, 220, 172, 219, 139, 250, 149, 23, 111, 246, 211, 30,
       126, 222, 123, 223, 4, 251, 220, 9, 198, 95, 187, 108, 9, 237, 61,
       204, 19, 179, 214, 157, 195, 248, 98, 107, 0, 78, 172, 211, 37,
       78, 195, 228, 159, 190, 236, 60, 154, 193, 160, 137, 198, 204,
       219, 108, 57, 109, 159, 238, 83, 95, 246, 253, 195, 250, 99, 99,
       8, 110, 28, 227, 20, 103, 211, 230, 217, 246, 140, 62, 218, 201,
       216, 68, 170, 156, 186, 217, 233, 176, 192, 190, 19, 161, 57, 196,
       211, 72, 27, 129, 59, 106, 18, 50, 71, 202, 113, 221, 146, 27,
       127, 208, 67, 47, 130, 114, 168, 136, 154, 93, 193, 192, 206, 150,
       53, 128, 11, 34, 200, 122, 2, 201, 194, 235, 21, 14, 107, 202,
       177, 219, 1, 157, 127, 209, 12, 124, 78, 130, 125, 50, 186, 235,
       241, 180, 71, 173, 30, 216, 179, 172, 158, 36, 227, 235, 51, 219,
       129, 118, 15, 130, 243, 55, 16, 26, 171, 144, 84, 165, 143, 163,
       97, 163, 212, 197, 213, 173, 71, 95, 230, 80, 26, 32, 156, 244,
       44, 216, 42, 18, 137, 227, 254, 182, 194, 21, 26, 222, 42, 69, 92,
       246, 236, 136, 172, 156, 249, 169, 237, 181, 199, 254, 31, 164,
       24, 190, 187, 64, 59, 161, 51, 234, 16, 50, 109, 146, 115, 203,
       223, 86, 59, 194, 64, 135, 139, 214, 177, 146, 138, 155, 212, 178,
       200, 175, 17, 129, 16, 204, 222, 108, 198, 230, 19, 251, 209, 22,
       7, 154, 211, 155, 244, 10, 95, 144, 7, 173, 7, 164, 64, 146, 188,
       77, 198, 144, 64, 156, 142, 208, 19, 204, 219, 35, 200, 216, 121,
       130, 17, 64, 183, 210, 194, 149, 182, 222, 11, 149, 125, 61, 130,
       172, 123, 216, 159, 234, 137, 182, 21, 222, 142, 113, 239, 172,
       200, 199, 8, 206, 123, 135, 67, 230, 102, 78, 250, 100, 7, 63,
       170, 92, 250, 155, 153, 76, 17, 151, 247, 169, 110, 53, 31, 174,
       185, 15, 64, 220, 119, 9, 238, 133, 87, 253, 24, 19, 193, 27, 192,
       141, 247, 127, 70, 138, 114, 129, 51, 6, 162, 149, 187, 232, 169,
       169, 203, 30, 49, 17, 249, 148, 194, 72, 10, 207, 27, 107, 17, 19,
       88, 203, 209, 12, 150, 31, 124, 148, 8, 133, 160, 141, 171, 93,
       217, 236, 153, 239, 115, 236, 82, 117, 246, 157, 131, 240, 163,
       43, 41, 78, 30, 243, 60, 46, 210, 236, 217, 167, 228, 94, 168,
       169, 161, 207, 248, 190, 255, 45, 157, 125, 156, 255, 218, 166,
       20, 252, 255, 93, 123, 165, 105, 123, 222, 227, 69, 187, 243, 207,
       219, 223, 42, 154, 117, 99, 250, 118, 170, 172, 186, 141, 165,
       152, 202, 139, 31, 176, 25, 134, 232, 118, 27, 201, 227, 253, 17,
       62, 111, 202, 113, 219, 115, 218, 255, 208, 69, 63, 70, 86, 252,
       190, 191, 191, 251, 183, 174, 158, 247, 71, 51, 252, 254, 111, 75,
       179, 127, 249, 3, 118, 73, 187, 255, 175, 231, 127, 59, 144, 123,
       141, 219, 84, 95, 255, 196, 246, 66, 191, 246, 248, 194, 222, 226,
       117, 119, 161, 102, 118, 117, 61, 234, 225, 219, 173, 238, 120,
       174, 239, 128, 37, 242, 37, 185, 120, 239, 83, 108, 211, 130, 103,
       231, 163, 4, 104, 200, 39, 231, 32, 84, 112, 254, 65, 202, 64,
       155, 128, 127, 125, 164, 5, 8, 50, 178, 166, 42, 9, 38, 219, 223,
       236, 57, 105, 158, 126, 91, 94, 244, 189, 163, 251, 107, 227, 75,
       62, 12, 163, 80, 167, 243, 198, 221, 114, 168, 158, 217, 65, 169,
       181, 79, 127, 111, 52, 90, 206, 184, 116, 224, 243, 194, 243, 72,
       157, 225, 122, 228, 126, 238, 233, 176, 109, 47, 182, 235, 163,
       132, 109, 187, 112, 33, 167, 176, 173, 123, 157, 237, 241, 89, 94,
       125, 5, 25, 208, 221, 94, 40, 153, 10, 123, 29, 179, 124, 123, 23,
       79, 31, 153, 116, 216, 8, 208, 242, 18, 27, 43, 140, 16, 198, 47,
       119, 164, 69, 206, 135, 49, 167, 176, 100, 116, 191, 27, 205, 217,
       153, 52, 109, 241, 36, 138, 128, 5, 134, 181, 120, 3, 141, 46,
       189, 28, 228, 233, 55, 150, 69, 206, 7, 176, 237, 50, 64, 200, 42,
       27, 141, 155, 170, 115, 191, 103, 63, 154, 73, 28, 140, 112, 122,
       242, 67, 103, 172, 14, 66, 78, 32, 225, 134, 178, 163, 67, 10, 23,
       83, 234, 229, 108, 227, 108, 231, 197, 204, 178, 234, 202, 147,
       37, 54, 116, 14, 144, 226, 75, 225, 52, 194, 107, 188, 54, 41,
       210, 226, 145, 7, 216, 224, 123, 204, 29, 254, 107, 156, 197, 54,
       140, 199, 191, 196, 44, 129, 48, 56, 141, 230, 95, 251, 44, 185,
       109, 55, 254, 83, 127, 244, 157, 195, 240, 99, 167, 41, 46, 142,
       241, 116, 47, 211, 238, 219, 119, 196, 30, 240, 225, 161, 229,
       178, 189, 193, 172, 46, 201, 157, 74, 255, 151, 92, 211, 53, 222,
       111, 93, 84, 124, 60, 187, 116, 245, 0, 205, 187, 247, 244, 196,
       136, 212, 97, 6, 160, 145, 187, 234, 233, 168, 75, 14, 49, 49,
       154, 156, 194, 72, 138, 139, 27, 106, 17, 19, 108, 219, 209, 140,
       144, 31, 124, 156, 72, 129, 128, 13, 198, 217, 233, 108, 169, 237,
       51, 238, 19, 127, 210, 157, 163, 240, 98, 107, 32, 78, 142, 193,
       48, 78, 209, 228, 223, 183, 108, 60, 202, 193, 160, 26, 192, 238,
       66, 11, 249, 89, 196, 247, 119, 175, 25, 106, 236, 126, 52, 185,
       130, 233, 130, 12, 51, 46, 243, 147, 95, 81, 55, 115, 214, 76, 94,
       66, 148, 186, 250, 235, 65, 148, 237, 157, 27, 177, 59, 172, 126,
       44, 121, 255, 147, 159, 177, 62, 11, 74, 213, 155, 214, 222, 251,
       144, 68, 175, 139, 8, 132, 156, 251, 185, 229, 81, 143, 22, 29,
       76, 17, 182, 179, 42, 88, 193, 10, 59, 16, 58, 88, 83, 55, 207,
       215, 190, 105, 152, 8, 132, 218, 41, 221, 56, 127, 60, 205, 83,
       190, 86, 77, 108, 0, 183, 85, 130, 96, 133, 122, 12, 74, 234, 40,
       107, 63, 227, 255, 48, 56, 82, 152, 68, 107, 68, 36, 185, 97, 232,
       107, 169, 9, 122, 245, 43, 24, 213, 119, 200, 58, 179, 29, 122,
       56, 19, 112, 233, 82, 77, 156, 55, 116, 192, 195, 135, 224, 249,
       81, 37, 174, 140, 15, 71, 60, 85, 226, 199, 28, 211, 17, 17, 91,
       0, 196, 124, 110, 249, 245, 89, 46, 241, 234, 112, 16, 106, 187,
       208, 104, 51, 160, 168, 186, 141, 245, 152, 79, 218, 51, 137, 27,
       135, 232, 126, 8, 249, 139, 251, 149, 30, 107, 222, 147, 155, 71,
       155, 127, 217, 14, 187, 134, 26, 238, 37, 155, 31, 253, 203, 226,
       143, 44, 156, 11, 238, 77, 16, 132, 57, 227, 223, 95, 74, 137,
       105, 255, 169, 84, 141, 243, 119, 15, 21, 110, 17, 205, 78, 175,
       54, 2, 239, 248, 100, 192, 222, 199, 115, 73, 187, 96, 126, 228,
       30, 239, 205, 176, 77, 237, 244, 172, 167, 128, 45, 187, 112, 17,
