%YAML:1.0
---
descriptors: !!opencv-matrix
   rows: 232
   cols: 32
   dt: u
   data: [ 180, 90, 186, 218, 181, 151, 71, 208, 215, 142, 150, 98, 66,
       209, 161, 108, 89, 240, 140, 90, 170, 167, 106, 186, 187, 222,
       165, 159, 178, 187, 116, 39, 188, 145, 212, 125, 197, 86, 116,
       239, 113, 159, 242, 51, 75, 59, 44, 219, 249, 199, 166, 242, 124,
       254, 65, 226, 59, 235, 246, 69, 227, 245, 236, 138, 188, 252, 29,
       233, 24, 67, 83, 120, 36, 172, 164, 40, 19, 23, 1, 81, 88, 220,
       77, 250, 106, 207, 97, 14, 249, 193, 165, 117, 32, 162, 38, 106,
       53, 207, 115, 79, 246, 11, 239, 248, 116, 228, 250, 194, 115, 97,
       189, 228, 126, 206, 22, 238, 217, 176, 109, 255, 60, 236, 167,
       196, 119, 186, 244, 225, 216, 249, 179, 234, 57, 205, 19, 156,
       190, 73, 128, 25, 191, 215, 64, 112, 166, 113, 125, 208, 107, 15,
       186, 51, 249, 241, 47, 120, 16, 2, 167, 123, 30, 180, 131, 243,
       181, 118, 69, 207, 55, 139, 203, 112, 204, 247, 104, 236, 217, 94,
       157, 144, 27, 209, 153, 130, 137, 246, 159, 198, 138, 118, 180,
       182, 10, 145, 150, 219, 11, 208, 176, 77, 175, 21, 75, 177, 236,
       246, 42, 206, 230, 19, 251, 128, 22, 9, 155, 209, 15, 245, 90,
       203, 146, 6, 173, 159, 41, 61, 123, 97, 116, 191, 234, 80, 96, 97,
       120, 76, 179, 24, 149, 176, 62, 140, 22, 252, 159, 186, 117, 14,
       39, 237, 32, 0, 109, 131, 66, 168, 96, 72, 59, 237, 108, 78, 97,
       19, 47, 37, 111, 8, 215, 151, 0, 112, 80, 180, 110, 8, 9, 156,
       241, 4, 197, 190, 48, 80, 34, 130, 196, 34, 253, 88, 149, 246, 13,
       12, 71, 184, 241, 178, 162, 72, 247, 209, 73, 123, 144, 228, 124,
       106, 105, 103, 250, 42, 211, 251, 69, 60, 98, 59, 66, 34, 30, 149,
       147, 225, 147, 70, 111, 63, 53, 129, 79, 210, 221, 103, 168, 228,
       119, 95, 157, 184, 57, 144, 21, 206, 169, 230, 143, 196, 174, 230,
       165, 48, 218, 109, 50, 184, 235, 241, 182, 71, 173, 6, 152, 179,
       172, 158, 97, 228, 166, 59, 203, 131, 114, 15, 130, 243, 177, 84,
       26, 171, 22, 85, 175, 139, 17, 159, 25, 251, 48, 143, 67, 182, 86,
       13, 206, 68, 247, 115, 32, 112, 213, 50, 12, 72, 250, 136, 97, 63,
       225, 175, 48, 208, 16, 136, 160, 41, 253, 113, 237, 234, 206, 67,
       79, 216, 2, 242, 149, 239, 83, 213, 249, 43, 125, 212, 125, 254,
       201, 103, 255, 48, 248, 137, 229, 188, 63, 251, 114, 112, 60, 77,
       122, 238, 212, 150, 255, 244, 85, 128, 254, 2, 121, 233, 181, 96,
       120, 252, 151, 235, 232, 179, 60, 190, 115, 239, 167, 129, 119,
       251, 248, 170, 230, 205, 144, 222, 221, 7, 174, 237, 94, 162, 185,
       26, 228, 227, 105, 7, 249, 198, 74, 226, 112, 99, 88, 255, 61,
       150, 207, 63, 149, 123, 245, 130, 6, 12, 204, 29, 203, 121, 188,
       75, 159, 87, 44, 155, 44, 108, 87, 142, 35, 51, 251, 133, 54, 72,
       87, 243, 23, 87, 89, 59, 251, 125, 11, 150, 174, 206, 132, 155,
       213, 176, 190, 239, 31, 23, 73, 147, 232, 234, 62, 201, 221, 75,
       131, 135, 118, 222, 74, 247, 46, 118, 222, 75, 159, 93, 185, 140,
       109, 253, 225, 76, 221, 223, 198, 255, 83, 224, 124, 74, 114, 248,
       245, 180, 88, 238, 18, 109, 205, 58, 252, 189, 63, 28, 133, 56,
       95, 254, 218, 156, 142, 204, 150, 151, 205, 246, 182, 231, 30,
       179, 219, 19, 236, 250, 110, 207, 233, 223, 170, 147, 118, 252,
       219, 227, 189, 54, 223, 71, 130, 124, 189, 142, 137, 130, 145,
       249, 60, 173, 97, 31, 94, 57, 112, 80, 182, 1, 176, 232, 193, 10,
       46, 28, 179, 252, 67, 23, 204, 159, 48, 96, 216, 136, 193, 169,
       21, 207, 111, 175, 54, 2, 111, 184, 36, 132, 218, 231, 115, 99,
       153, 64, 126, 228, 29, 238, 200, 144, 45, 45, 244, 169, 175, 128,
       45, 178, 112, 97, 214, 89, 111, 190, 42, 66, 31, 172, 152, 182,
       134, 171, 119, 215, 169, 91, 118, 245, 125, 98, 104, 69, 170, 41,
       240, 227, 239, 157, 52, 51, 5, 115, 128, 160, 149, 187, 248, 169,
       169, 143, 30, 49, 17, 249, 149, 34, 72, 139, 11, 11, 106, 21, 19,
       88, 207, 213, 12, 18, 127, 124, 156, 8, 131, 128, 116, 178, 211,
       68, 40, 108, 65, 152, 162, 188, 165, 8, 87, 199, 72, 26, 17, 212,
       108, 58, 11, 67, 186, 0, 217, 128, 37, 124, 64, 163, 6, 51, 248,
       72, 22, 254, 13, 213, 84, 66, 199, 18, 160, 25, 106, 249, 37, 219,
       200, 242, 235, 66, 110, 111, 154, 185, 211, 243, 81, 59, 82, 57,
       124, 10, 157, 177, 130, 241, 177, 87, 84, 223, 55, 185, 134, 112,
       142, 247, 72, 172, 217, 94, 156, 144, 63, 220, 154, 146, 171, 213,
       159, 231, 138, 84, 186, 151, 77, 176, 188, 65, 172, 62, 237, 159,
       122, 251, 55, 84, 211, 49, 220, 107, 69, 86, 124, 56, 179, 116,
       249, 64, 207, 187, 119, 212, 202, 232, 209, 49, 252, 0, 150, 252,
       13, 246, 240, 66, 229, 131, 227, 19, 74, 217, 101, 219, 232, 228,
       235, 146, 44, 231, 146, 128, 211, 243, 210, 27, 195, 125, 126, 2,
       24, 139, 57, 121, 48, 207, 67, 182, 118, 45, 238, 32, 179, 17,
       128, 112, 16, 26, 12, 88, 74, 184, 97, 61, 233, 175, 52, 80, 112,
       136, 196, 41, 253, 92, 174, 183, 4, 14, 111, 176, 116, 126, 199,
       87, 243, 33, 27, 91, 101, 196, 125, 207, 232, 212, 217, 34, 212,
       235, 244, 0, 44, 251, 80, 80, 197, 232, 190, 254, 109, 221, 125,
       204, 239, 154, 164, 24, 246, 251, 125, 123, 193, 105, 123, 79, 66,
       101, 250, 241, 255, 219, 223, 62, 80, 113, 227, 170, 181, 66, 117,
       71, 44, 27, 207, 184, 84, 162, 243, 206, 83, 104, 157, 227, 122,
       196, 124, 234, 233, 247, 109, 46, 180, 171, 101, 148, 101, 187,
       80, 32, 10, 156, 10, 187, 215, 181, 186, 231, 30, 7, 88, 151, 173,
       239, 34, 192, 255, 59, 147, 149, 54, 154, 18, 247, 239, 199, 154,
       233, 156, 76, 189, 218, 36, 77, 25, 254, 184, 206, 71, 176, 212,
       138, 105, 0, 247, 243, 33, 112, 192, 122, 76, 74, 106, 136, 90,
       63, 225, 174, 36, 24, 80, 123, 198, 34, 31, 148, 146, 200, 145,
       182, 78, 123, 117, 201, 207, 86, 75, 242, 162, 228, 117, 190, 156,
       184, 189, 153, 49, 206, 186, 255, 135, 194, 170, 228, 168, 36,
       204, 173, 190, 250, 173, 221, 118, 167, 239, 157, 174, 24, 238,
       251, 108, 83, 129, 115, 251, 82, 114, 105, 218, 241, 255, 219, 87,
       123, 210, 88, 205, 10, 32, 161, 189, 251, 252, 77, 229, 175, 94,
       123, 49, 24, 150, 63, 76, 56, 153, 27, 119, 24, 115, 120, 123, 87,
       237, 158, 21, 118, 208, 72, 199, 170, 25, 173, 57, 251, 180, 207,
       99, 255, 118, 65, 108, 0, 183, 51, 0, 32, 85, 58, 18, 24, 251,
       184, 113, 63, 233, 207, 54, 64, 248, 136, 33, 168, 72, 189, 158,
       251, 185, 237, 116, 135, 175, 31, 174, 24, 174, 187, 64, 90, 161,
       115, 235, 16, 50, 105, 155, 243, 239, 215, 86, 123, 210, 80, 143,
       11, 100, 52, 245, 99, 229, 111, 113, 24, 107, 243, 187, 24, 222,
       61, 77, 59, 153, 212, 125, 58, 27, 112, 249, 64, 207, 219, 65,
       118, 202, 99, 70, 178, 222, 148, 18, 186, 27, 244, 26, 216, 191,
       93, 165, 21, 206, 223, 106, 208, 183, 89, 237, 82, 62, 7, 154,
       243, 219, 245, 11, 127, 146, 7, 45, 67, 249, 93, 127, 108, 29, 78,
       71, 184, 225, 192, 166, 8, 127, 113, 33, 115, 52, 244, 124, 106,
       233, 163, 49, 13, 243, 235, 69, 16, 34, 184, 96, 42, 169, 168,
       189, 127, 141, 253, 80, 143, 199, 51, 164, 24, 243, 185, 80, 59,
       137, 70, 106, 24, 59, 104, 251, 177, 207, 219, 85, 125, 210, 72,
       210, 138, 118, 237, 18, 186, 93, 137, 70, 200, 155, 16, 169, 75,
       38, 194, 109, 144, 217, 235, 74, 82, 78, 99, 218, 251, 185, 148,
       135, 59, 88, 11, 122, 14, 252, 176, 150, 244, 141, 167, 208, 203,
       199, 183, 163, 31, 66, 249, 108, 203, 233, 228, 235, 48, 60, 103,
       155, 192, 155, 210, 215, 127, 203, 108, 120, 2, 9, 231, 152, 185,
       246, 153, 173, 223, 94, 57, 92, 82, 189, 227, 234, 228, 115, 10,
       6, 12, 83, 24, 11, 151, 236, 205, 62, 228, 22, 216, 137, 137, 100,
       177, 249, 64, 250, 233, 145, 75, 235, 57, 185, 120, 22, 156, 76,
       56, 171, 155, 71, 17, 19, 107, 202, 80, 29, 20, 31, 126, 193, 10,
