%YAML:1.0
---
descriptors: !!opencv-matrix
   rows: 277
   cols: 32
   dt: u
   data: [ 237, 101, 153, 109, 153, 47, 71, 152, 18, 170, 45, 24, 215,
       115, 9, 57, 145, 92, 88, 106, 104, 116, 217, 30, 229, 223, 5, 52,
       208, 251, 194, 34, 40, 187, 120, 66, 116, 205, 123, 113, 105, 172,
       125, 8, 155, 23, 212, 52, 28, 184, 70, 122, 218, 58, 248, 95, 127,
       221, 33, 120, 66, 138, 70, 161, 41, 125, 122, 101, 116, 14, 119,
       54, 121, 232, 126, 12, 147, 17, 131, 49, 140, 108, 85, 104, 232,
       184, 113, 14, 103, 253, 32, 16, 72, 184, 66, 233, 16, 153, 63,
       126, 19, 204, 53, 119, 172, 17, 110, 0, 62, 183, 32, 48, 166, 51,
       123, 0, 18, 153, 50, 109, 243, 175, 82, 2, 64, 64, 167, 107, 221,
       125, 159, 165, 160, 14, 103, 182, 56, 170, 34, 76, 215, 51, 65,
       83, 149, 100, 104, 124, 105, 252, 145, 42, 233, 195, 101, 20, 136,
       240, 67, 56, 65, 140, 31, 191, 32, 172, 121, 39, 188, 27, 106, 17,
       246, 163, 32, 82, 161, 35, 105, 12, 48, 141, 19, 103, 201, 182,
       82, 64, 200, 64, 161, 26, 45, 172, 189, 245, 62, 135, 181, 249,
       86, 186, 16, 34, 245, 121, 185, 33, 127, 113, 19, 33, 226, 112,
       74, 159, 109, 79, 239, 52, 245, 232, 81, 163, 101, 164, 216, 100,
       80, 15, 67, 152, 115, 161, 172, 8, 19, 243, 75, 48, 25, 204, 16,
       184, 10, 82, 248, 10, 255, 140, 133, 60, 227, 163, 66, 162, 217,
       88, 95, 239, 6, 10, 103, 56, 101, 130, 246, 98, 115, 83, 137, 123,
       114, 228, 44, 234, 201, 180, 239, 43, 244, 171, 226, 0, 45, 179,
       96, 41, 91, 28, 158, 190, 11, 180, 30, 162, 164, 202, 202, 103,
       252, 254, 35, 202, 196, 243, 253, 199, 13, 203, 147, 233, 211,
       103, 222, 155, 136, 119, 41, 91, 32, 236, 56, 249, 237, 249, 181,
       239, 158, 63, 64, 56, 172, 182, 104, 129, 201, 27, 163, 16, 82,
       126, 98, 245, 173, 147, 94, 123, 80, 72, 133, 170, 27, 23, 78,
       133, 50, 18, 111, 48, 36, 200, 223, 230, 89, 103, 154, 229, 118,
       228, 156, 238, 253, 145, 37, 78, 242, 111, 175, 129, 47, 166, 40,
       85, 95, 95, 110, 6, 162, 22, 127, 113, 225, 236, 159, 167, 89,
       111, 183, 119, 54, 228, 253, 238, 205, 145, 61, 204, 114, 41, 229,
       129, 47, 247, 108, 85, 27, 94, 66, 218, 22, 179, 126, 242, 215,
       66, 222, 230, 105, 234, 183, 228, 127, 170, 158, 170, 239, 157,
       44, 255, 50, 111, 131, 129, 191, 223, 120, 156, 212, 112, 27, 172,
       10, 194, 19, 72, 168, 192, 161, 42, 23, 214, 33, 112, 242, 177,
       89, 226, 9, 7, 146, 92, 209, 129, 11, 59, 48, 35, 39, 50, 204,
       120, 27, 242, 33, 236, 113, 80, 189, 14, 39, 24, 190, 223, 97, 57,
       164, 49, 221, 16, 34, 229, 178, 226, 211, 249, 18, 11, 2, 1, 39,
       35, 40, 223, 56, 122, 188, 201, 83, 178, 214, 12, 252, 32, 242,
       241, 161, 112, 193, 114, 14, 18, 74, 171, 106, 63, 235, 191, 52,
       91, 210, 219, 100, 43, 31, 169, 232, 161, 147, 95, 186, 198, 46,
       97, 94, 131, 157, 44, 82, 160, 55, 89, 145, 221, 150, 152, 53,
       177, 239, 205, 175, 197, 231, 183, 153, 200, 67, 50, 188, 181, 44,
       120, 184, 3, 235, 217, 146, 245, 141, 154, 214, 122, 230, 39, 126,
       21, 151, 220, 231, 192, 134, 112, 250, 195, 140, 0, 9, 87, 193,
       152, 158, 184, 41, 173, 49, 7, 190, 95, 64, 21, 190, 154, 98, 72,
       133, 59, 123, 17, 22, 77, 18, 115, 197, 183, 122, 123, 152, 64,
       129, 91, 63, 237, 66, 1, 84, 19, 238, 248, 117, 224, 222, 199, 89,
       72, 215, 164, 124, 236, 22, 255, 205, 178, 93, 222, 62, 12, 175,
       132, 111, 183, 122, 212, 64, 156, 154, 184, 153, 172, 49, 87, 190,
       13, 202, 21, 182, 154, 98, 80, 193, 59, 107, 17, 22, 137, 146, 19,
       201, 245, 26, 74, 152, 64, 161, 91, 203, 218, 83, 94, 98, 20, 111,
       181, 57, 10, 114, 228, 125, 199, 164, 247, 118, 244, 52, 206, 193,
       30, 166, 227, 38, 186, 246, 136, 42, 178, 163, 61, 45, 3, 21, 65,
       52, 15, 67, 57, 100, 169, 255, 72, 211, 33, 152, 36, 24, 148, 108,
       120, 153, 176, 121, 12, 173, 158, 37, 84, 194, 170, 84, 32, 55,
       12, 127, 255, 66, 226, 238, 96, 212, 66, 113, 130, 121, 107, 181,
       249, 102, 243, 23, 239, 97, 135, 14, 253, 18, 171, 106, 128, 53,
       243, 33, 168, 197, 219, 213, 197, 160, 14, 79, 188, 100, 234, 178,
       108, 211, 51, 129, 119, 22, 212, 124, 110, 201, 208, 225, 12, 228,
       168, 101, 148, 40, 186, 64, 49, 226, 128, 114, 88, 229, 220, 120,
       39, 255, 21, 244, 24, 138, 155, 132, 252, 139, 186, 206, 8, 94,
       56, 114, 213, 7, 250, 18, 91, 210, 140, 206, 174, 54, 8, 122, 172,
       45, 95, 82, 104, 129, 172, 240, 11, 15, 159, 39, 145, 200, 177,
       197, 99, 76, 35, 80, 156, 147, 217, 131, 63, 113, 41, 126, 198,
       56, 133, 122, 238, 85, 199, 87, 119, 4, 5, 237, 2, 115, 119, 32,
       80, 88, 186, 131, 40, 88, 186, 112, 63, 243, 237, 128, 73, 114,
       138, 252, 234, 34, 228, 24, 152, 77, 197, 148, 238, 158, 190, 216,
       11, 228, 248, 117, 0, 217, 185, 163, 49, 70, 107, 218, 223, 189,
       22, 159, 127, 20, 120, 21, 142, 148, 5, 30, 173, 146, 66, 127,
       123, 54, 132, 218, 3, 213, 247, 32, 64, 254, 217, 63, 227, 104,
       131, 27, 94, 249, 231, 175, 133, 48, 50, 165, 2, 111, 189, 209,
       65, 255, 255, 194, 130, 235, 225, 168, 8, 10, 48, 197, 182, 131,
       102, 248, 88, 19, 43, 248, 224, 63, 92, 5, 126, 202, 127, 66, 52,
       125, 96, 235, 69, 68, 95, 239, 76, 112, 230, 166, 10, 115, 221,
       95, 43, 56, 236, 122, 254, 73, 247, 189, 8, 119, 11, 197, 52, 101,
       187, 82, 232, 115, 240, 172, 48, 77, 29, 209, 200, 203, 255, 177,
       31, 130, 232, 94, 27, 201, 197, 235, 21, 142, 103, 219, 145, 223,
       91, 217, 127, 209, 13, 90, 198, 122, 185, 218, 92, 91, 217, 48,
       111, 235, 65, 236, 40, 62, 186, 102, 240, 163, 187, 210, 0, 23,
       43, 178, 215, 91, 157, 22, 107, 91, 0, 111, 143, 1, 144, 189, 117,
       24, 78, 113, 59, 126, 241, 230, 16, 243, 61, 20, 107, 133, 52,
       104, 28, 169, 248, 113, 29, 207, 191, 81, 84, 200, 136, 64, 56,
       122, 120, 18, 188, 61, 223, 82, 98, 169, 172, 164, 9, 46, 158, 39,
       149, 200, 185, 207, 97, 76, 47, 16, 220, 147, 208, 1, 59, 82, 45,
       78, 78, 65, 61, 191, 117, 180, 206, 117, 39, 232, 234, 110, 0,
       182, 184, 22, 115, 128, 55, 121, 9, 196, 248, 240, 76, 231, 187,
       84, 3, 64, 64, 199, 107, 216, 135, 118, 190, 157, 82, 118, 237,
       253, 14, 235, 19, 110, 232, 58, 193, 241, 102, 170, 103, 124, 251,
       9, 255, 251, 247, 71, 19, 50, 126, 252, 78, 40, 41, 120, 67, 116,
       223, 235, 112, 121, 164, 252, 8, 187, 21, 150, 52, 26, 184, 70,
       106, 201, 186, 244, 63, 111, 221, 33, 112, 71, 139, 70, 184, 62,
       70, 98, 8, 90, 211, 154, 232, 87, 4, 253, 163, 73, 204, 191, 132,
       126, 233, 134, 227, 12, 167, 14, 223, 50, 101, 171, 205, 119, 167,
       110, 212, 192, 221, 19, 220, 81, 204, 103, 167, 172, 4, 106, 4,
       190, 179, 32, 80, 160, 115, 107, 74, 97, 157, 48, 127, 181, 188,
       2, 2, 8, 16, 231, 58, 237, 104, 17, 69, 20, 95, 98, 16, 117, 232,
       115, 76, 211, 16, 145, 164, 88, 236, 78, 122, 201, 180, 221, 46,
       164, 252, 1, 52, 106, 187, 88, 36, 62, 231, 98, 14, 120, 146, 142,
       248, 23, 204, 221, 231, 97, 204, 190, 132, 92, 233, 135, 231, 206,
       131, 78, 223, 58, 69, 175, 141, 103, 174, 126, 213, 118, 9, 194,
       134, 215, 180, 106, 66, 192, 136, 202, 10, 33, 162, 117, 230, 104,
       238, 160, 219, 12, 155, 144, 232, 53, 36, 138, 41, 161, 127, 120,
       140, 80, 121, 31, 182, 34, 202, 55, 101, 184, 128, 66, 160, 255,
       247, 1, 81, 54, 255, 237, 195, 97, 217, 131, 109, 240, 231, 126,
       129, 32, 50, 167, 27, 244, 52, 29, 103, 184, 75, 85, 168, 145,
       186, 167, 56, 214, 115, 9, 59, 145, 84, 108, 42, 121, 84, 217, 14,
       207, 251, 101, 52, 104, 122, 66, 35, 130, 177, 9, 155, 108, 197,
       185, 73, 30, 25, 81, 83, 148, 222, 124, 9, 220, 25, 51, 211, 82,
       124, 26, 209, 13, 16, 222, 238, 20, 8, 181, 215, 212, 109, 223,
       166, 178, 74, 55, 164, 160, 162, 170, 160, 255, 55, 193, 114, 35,
