%YAML:1.0
---
descriptors: !!opencv-matrix
   rows: 271
   cols: 32
   dt: u
   data: [ 163, 162, 236, 215, 77, 173, 232, 142, 219, 182, 48, 27, 224,
       232, 94, 11, 153, 104, 115, 29, 166, 116, 206, 189, 15, 26, 213,
       116, 221, 40, 90, 134, 88, 49, 62, 161, 18, 239, 57, 82, 172, 45,
       238, 1, 159, 151, 34, 80, 166, 181, 125, 193, 8, 145, 145, 4, 217,
       225, 42, 81, 32, 3, 37, 114, 106, 168, 226, 30, 93, 221, 210, 232,
       219, 92, 180, 9, 106, 216, 126, 148, 201, 235, 215, 69, 222, 107,
       218, 245, 91, 89, 1, 123, 83, 14, 94, 206, 218, 142, 223, 245,
       178, 34, 29, 127, 23, 163, 214, 242, 125, 119, 160, 105, 119, 255,
       189, 129, 48, 221, 137, 207, 216, 231, 255, 192, 166, 224, 161,
       41, 93, 115, 189, 231, 172, 46, 79, 152, 98, 250, 147, 76, 215,
       117, 89, 123, 145, 68, 124, 110, 137, 96, 251, 0, 201, 251, 101,
       60, 136, 251, 82, 49, 242, 184, 182, 188, 105, 205, 152, 104, 159,
       61, 176, 25, 238, 222, 110, 31, 204, 249, 255, 65, 46, 111, 210,
       209, 153, 210, 91, 127, 80, 45, 47, 222, 98, 180, 158, 156, 124,
       231, 248, 234, 190, 191, 236, 21, 244, 250, 98, 91, 249, 167, 123,
       17, 38, 79, 243, 95, 157, 55, 251, 127, 144, 96, 47, 218, 198,
       188, 158, 158, 95, 221, 145, 203, 159, 215, 149, 29, 236, 254,
       111, 207, 219, 187, 235, 17, 54, 111, 250, 219, 153, 54, 95, 123,
       144, 104, 45, 255, 52, 237, 130, 255, 252, 41, 238, 239, 62, 179,
       251, 18, 227, 251, 121, 104, 121, 250, 123, 206, 106, 251, 203,
       235, 254, 238, 223, 4, 181, 251, 241, 136, 177, 3, 239, 77, 84,
       103, 227, 124, 86, 228, 247, 146, 83, 45, 180, 109, 120, 204, 50,
       104, 169, 247, 239, 158, 95, 42, 225, 84, 101, 169, 116, 240, 64,
       216, 188, 191, 44, 205, 181, 175, 158, 23, 70, 17, 181, 254, 34,
       67, 229, 51, 123, 1, 118, 73, 27, 53, 237, 231, 126, 83, 16, 8,
       133, 74, 110, 180, 176, 178, 237, 125, 149, 207, 155, 183, 189,
       25, 142, 255, 78, 15, 137, 83, 251, 17, 26, 107, 250, 192, 155,
       211, 95, 127, 130, 76, 135, 230, 88, 161, 45, 232, 13, 87, 73,
       217, 38, 185, 132, 2, 89, 87, 72, 226, 113, 212, 253, 184, 11, 67,
       251, 149, 219, 193, 167, 125, 50, 160, 53, 34, 189, 57, 103, 79,
       82, 86, 107, 208, 97, 192, 246, 70, 121, 87, 157, 255, 122, 236,
       20, 254, 169, 210, 253, 236, 55, 232, 162, 128, 47, 179, 114, 252,
       253, 124, 125, 115, 136, 79, 87, 184, 51, 250, 165, 29, 215, 87,
       73, 27, 149, 212, 125, 110, 233, 102, 251, 48, 239, 219, 101, 124,
       104, 241, 198, 114, 120, 237, 16, 162, 61, 203, 70, 172, 115, 160,
       168, 8, 167, 3, 64, 21, 217, 239, 76, 114, 110, 122, 216, 191,
       185, 212, 133, 127, 32, 27, 74, 10, 38, 126, 150, 158, 110, 33,
       180, 200, 159, 187, 209, 251, 228, 248, 237, 15, 255, 121, 219, 3,
       36, 119, 138, 234, 20, 22, 207, 170, 133, 127, 49, 135, 187, 174,
       198, 157, 164, 54, 236, 223, 23, 251, 218, 247, 113, 42, 150, 207,
       125, 206, 63, 141, 189, 220, 205, 255, 6, 107, 255, 128, 175, 252,
       248, 221, 33, 64, 255, 77, 124, 7, 169, 92, 86, 225, 119, 198,
       113, 45, 180, 104, 126, 76, 51, 204, 129, 248, 125, 125, 78, 42,
       241, 196, 93, 137, 112, 248, 131, 40, 55, 157, 13, 191, 172, 78,
       222, 243, 74, 82, 252, 216, 116, 238, 209, 109, 122, 13, 135, 237,
       255, 209, 5, 58, 27, 62, 20, 28, 209, 172, 225, 188, 181, 127,
       153, 237, 69, 139, 251, 243, 169, 24, 246, 247, 72, 51, 129, 86,
       120, 24, 59, 78, 251, 51, 237, 222, 85, 60, 144, 80, 194, 114,
       104, 60, 61, 117, 116, 239, 113, 51, 97, 175, 246, 24, 151, 53, 0,
       48, 129, 188, 85, 8, 25, 252, 241, 12, 207, 223, 48, 16, 64, 128,
       70, 226, 97, 190, 241, 69, 48, 46, 111, 54, 112, 170, 122, 236,
       243, 103, 148, 54, 23, 254, 116, 44, 185, 248, 241, 14, 237, 191,
       37, 128, 72, 226, 66, 185, 91, 66, 98, 204, 29, 149, 75, 88, 197,
       4, 221, 6, 105, 194, 191, 212, 126, 169, 31, 238, 140, 3, 36, 223,
       179, 204, 139, 168, 55, 167, 53, 100, 220, 114, 150, 53, 162, 14,
       45, 185, 58, 186, 131, 253, 223, 99, 73, 91, 55, 197, 109, 230,
       241, 213, 137, 66, 216, 162, 109, 148, 168, 241, 129, 17, 165,
       149, 35, 73, 232, 103, 35, 121, 116, 91, 89, 244, 85, 245, 168,
       97, 93, 26, 55, 46, 243, 19, 191, 23, 93, 44, 35, 204, 16, 235,
       166, 241, 48, 67, 99, 205, 68, 6, 111, 112, 68, 140, 243, 198,
       115, 69, 181, 196, 124, 236, 6, 238, 201, 179, 117, 140, 113, 168,
       162, 0, 121, 187, 116, 112, 223, 84, 142, 165, 160, 54, 108, 184,
       48, 250, 135, 212, 221, 51, 219, 255, 55, 69, 124, 175, 237, 213,
       189, 2, 200, 227, 239, 132, 170, 245, 171, 81, 1, 28, 91, 173, 52,
       175, 227, 18, 124, 73, 122, 116, 211, 57, 144, 96, 155, 44, 54,
       29, 177, 188, 69, 31, 236, 255, 50, 192, 204, 138, 88, 145, 231,
       121, 213, 62, 106, 77, 79, 184, 139, 224, 48, 237, 247, 230, 239,
       55, 150, 105, 118, 102, 205, 70, 254, 184, 160, 216, 109, 186,
       124, 190, 3, 253, 102, 189, 161, 26, 201, 125, 7, 138, 211, 255,
       169, 61, 74, 244, 79, 190, 137, 206, 232, 82, 127, 75, 250, 49,
       63, 20, 85, 127, 211, 127, 214, 118, 93, 188, 238, 243, 149, 244,
       251, 179, 118, 185, 158, 38, 121, 127, 214, 224, 101, 214, 189,
       152, 146, 248, 57, 255, 127, 207, 183, 193, 171, 196, 248, 91, 90,
       103, 82, 204, 251, 179, 30, 95, 141, 162, 220, 218, 45, 199, 163,
       197, 54, 49, 223, 174, 244, 7, 134, 223, 242, 93, 11, 187, 22,
       245, 169, 21, 86, 122, 27, 160, 50, 66, 59, 152, 170, 248, 130,
       233, 157, 134, 195, 88, 38, 221, 221, 247, 7, 17, 141, 113, 216,
       133, 171, 181, 164, 179, 7, 81, 255, 71, 110, 238, 187, 86, 95,
       189, 41, 236, 159, 138, 95, 111, 155, 241, 118, 213, 221, 239,
       236, 131, 109, 220, 243, 235, 239, 149, 55, 246, 175, 113, 63,
       149, 110, 231, 178, 15, 95, 189, 53, 238, 223, 167, 95, 63, 186,
       112, 118, 215, 157, 231, 253, 144, 45, 142, 242, 207, 175, 132,
       36, 254, 184, 113, 120, 15, 109, 229, 62, 75, 79, 57, 5, 228, 191,
       170, 115, 39, 128, 114, 90, 244, 93, 234, 89, 152, 101, 12, 255,
       239, 161, 144, 39, 171, 84, 112, 89, 51, 90, 165, 34, 10, 107,
       112, 36, 36, 223, 231, 221, 3, 138, 208, 62, 141, 223, 238, 204,
       144, 133, 76, 212, 229, 170, 129, 45, 162, 43, 129, 88, 150, 253,
       117, 160, 126, 93, 63, 117, 111, 126, 37, 255, 63, 154, 122, 183,
       214, 253, 8, 152, 248, 243, 15, 207, 239, 116, 193, 226, 224, 198,
       123, 133, 188, 107, 89, 204, 237, 229, 215, 236, 114, 126, 18,
       176, 245, 215, 102, 109, 58, 122, 28, 243, 188, 241, 83, 103, 41,
       166, 32, 101, 248, 241, 232, 19, 222, 231, 69, 50, 18, 170, 191,
       127, 233, 218, 246, 104, 104, 148, 228, 55, 103, 254, 173, 245,
       253, 45, 255, 60, 46, 191, 198, 239, 132, 169, 61, 135, 191, 35,
       153, 239, 180, 173, 195, 236, 74, 218, 246, 172, 238, 189, 229,
       239, 171, 90, 141, 247, 151, 245, 227, 52, 52, 142, 138, 159, 124,
       49, 245, 92, 210, 220, 238, 186, 27, 18, 152, 6, 184, 181, 236,
       223, 243, 233, 206, 87, 84, 236, 122, 6, 67, 203, 152, 218, 251,
       101, 189, 186, 251, 9, 3, 57, 158, 232, 101, 180, 43, 75, 55, 118,
       227, 126, 246, 243, 37, 146, 96, 95, 238, 52, 44, 185, 184, 101,
       15, 238, 239, 181, 192, 237, 232, 208, 121, 101, 134, 221, 231,
       180, 42, 71, 191, 116, 166, 255, 24, 211, 97, 152, 115, 17, 198,
       108, 46, 121, 252, 109, 46, 236, 175, 101, 20, 108, 250, 208, 32,
       124, 50, 144, 200, 173, 22, 19, 88, 66, 184, 181, 104, 94, 243,
       201, 254, 85, 84, 236, 122, 8, 67, 203, 152, 218, 221, 37, 127,
       154, 171, 104, 35, 99, 142, 228, 157, 172, 55, 236, 159, 87, 251,
       218, 247, 211, 232, 182, 233, 221, 110, 62, 29, 253, 254, 207,
       183, 174, 127, 255, 192, 158, 220, 248, 221, 248, 49, 126, 112,
       10, 205, 81, 17, 161, 180, 164, 24, 55, 151, 75, 27, 38, 148, 77,
