%YAML:1.0
---
descriptors: !!opencv-matrix
   rows: 354
   cols: 32
   dt: u
   data: [ 33, 174, 236, 85, 164, 171, 233, 151, 86, 251, 246, 246, 243,
       33, 150, 105, 127, 238, 54, 28, 185, 252, 101, 37, 70, 43, 241,
       192, 237, 200, 208, 57, 153, 244, 231, 189, 164, 247, 236, 223,
       86, 235, 82, 86, 249, 56, 148, 237, 125, 206, 62, 157, 189, 252,
       117, 175, 4, 106, 255, 192, 175, 220, 240, 253, 73, 191, 22, 127,
       177, 156, 125, 183, 237, 29, 126, 84, 175, 187, 38, 116, 165, 35,
       236, 12, 150, 41, 178, 231, 235, 255, 54, 202, 74, 196, 195, 15,
       125, 165, 217, 224, 216, 87, 82, 9, 2, 160, 173, 8, 23, 151, 64,
       48, 144, 158, 84, 56, 27, 90, 248, 30, 251, 205, 165, 125, 32,
       130, 10, 34, 112, 51, 27, 204, 41, 203, 19, 72, 207, 172, 168, 40,
       142, 197, 33, 212, 220, 181, 206, 98, 72, 35, 194, 156, 145, 176,
       3, 59, 80, 10, 7, 35, 62, 207, 199, 227, 229, 90, 94, 247, 17,
       255, 250, 243, 11, 44, 190, 215, 235, 206, 181, 210, 125, 250,
       105, 164, 186, 218, 212, 195, 231, 254, 252, 93, 114, 51, 26, 136,
       91, 15, 145, 104, 141, 4, 232, 173, 14, 137, 38, 80, 204, 149,
       203, 96, 8, 35, 208, 156, 209, 176, 2, 59, 89, 14, 46, 155, 41,
       48, 239, 125, 76, 159, 249, 91, 86, 249, 118, 70, 115, 157, 146,
       72, 124, 140, 183, 12, 137, 248, 243, 13, 71, 235, 241, 192, 127,
       136, 80, 250, 1, 48, 222, 117, 112, 26, 96, 22, 127, 233, 114,
       100, 255, 48, 148, 120, 55, 12, 102, 24, 181, 248, 213, 76, 12,
       190, 118, 64, 200, 128, 75, 157, 155, 30, 206, 191, 244, 54, 108,
       159, 54, 235, 90, 215, 121, 42, 146, 201, 119, 207, 63, 141, 189,
       220, 93, 255, 14, 107, 255, 192, 175, 244, 184, 93, 1, 183, 213,
       93, 178, 155, 161, 159, 126, 173, 82, 246, 236, 224, 132, 236, 55,
       127, 162, 48, 243, 216, 45, 255, 44, 38, 125, 198, 54, 172, 133,
       45, 161, 154, 108, 165, 116, 143, 227, 51, 124, 105, 114, 84, 211,
       41, 146, 64, 89, 12, 126, 29, 177, 188, 85, 159, 76, 63, 177, 196,
       204, 136, 80, 249, 108, 80, 252, 232, 75, 97, 17, 220, 131, 182,
       164, 43, 24, 159, 111, 91, 207, 213, 243, 240, 2, 70, 218, 208,
       95, 209, 207, 127, 179, 51, 46, 146, 94, 251, 82, 160, 51, 194,
       26, 216, 171, 253, 128, 173, 15, 215, 75, 212, 182, 213, 221, 243,
       78, 19, 136, 245, 250, 213, 47, 247, 46, 151, 47, 83, 23, 140,
       147, 186, 180, 130, 111, 249, 31, 147, 80, 66, 253, 226, 233, 101,
       115, 107, 30, 186, 115, 203, 40, 239, 184, 150, 207, 204, 148,
       114, 33, 32, 109, 235, 78, 14, 58, 18, 94, 184, 131, 236, 156,
       229, 109, 227, 155, 214, 22, 68, 252, 110, 197, 65, 175, 189, 234,
       127, 229, 149, 46, 183, 42, 93, 232, 248, 152, 188, 105, 205, 84,
       7, 187, 95, 164, 25, 191, 159, 66, 27, 129, 187, 237, 0, 111, 111,
       242, 19, 199, 211, 84, 59, 88, 16, 143, 218, 32, 32, 187, 229,
       116, 67, 177, 78, 90, 161, 112, 10, 20, 153, 20, 0, 218, 61, 19,
       9, 0, 122, 208, 149, 85, 136, 88, 120, 69, 8, 83, 171, 54, 136,
       105, 153, 219, 192, 185, 239, 18, 117, 192, 163, 9, 30, 102, 65,
       123, 157, 179, 181, 30, 90, 215, 213, 92, 33, 223, 239, 181, 4,
       55, 218, 188, 223, 139, 191, 204, 107, 191, 246, 22, 102, 222,
       179, 241, 237, 59, 72, 121, 254, 127, 195, 104, 247, 105, 255,
       253, 167, 255, 185, 181, 123, 180, 251, 112, 188, 159, 248, 137,
       229, 85, 207, 171, 27, 172, 24, 54, 255, 96, 59, 193, 179, 253,
       16, 27, 75, 210, 49, 219, 211, 84, 123, 216, 64, 167, 27, 86, 221,
       219, 191, 218, 226, 239, 254, 62, 227, 255, 86, 253, 119, 169,
       112, 127, 247, 95, 250, 59, 147, 121, 238, 253, 231, 175, 132,
       189, 243, 167, 240, 86, 156, 151, 154, 219, 119, 150, 239, 191,
       83, 173, 58, 76, 254, 43, 253, 251, 211, 251, 179, 63, 203, 58,
       255, 185, 182, 95, 127, 145, 117, 175, 150, 166, 237, 151, 154,
       249, 230, 238, 239, 191, 159, 248, 17, 204, 234, 125, 221, 217,
       79, 207, 83, 62, 75, 26, 239, 185, 182, 223, 95, 144, 117, 231,
       135, 154, 185, 42, 181, 19, 206, 57, 115, 52, 101, 86, 151, 183,
       191, 34, 1, 238, 63, 149, 129, 24, 152, 144, 141, 197, 225, 250,
       193, 37, 8, 149, 218, 63, 159, 150, 247, 197, 54, 214, 247, 17,
       91, 255, 86, 90, 62, 47, 254, 237, 223, 150, 150, 189, 186, 57,
       226, 187, 255, 246, 198, 201, 127, 232, 31, 45, 128, 1, 217, 149,
       135, 64, 232, 87, 16, 96, 66, 179, 211, 41, 229, 89, 168, 2, 56,
       107, 232, 120, 159, 141, 158, 135, 4, 186, 168, 112, 172, 119,
       123, 87, 38, 234, 79, 15, 249, 137, 232, 185, 237, 87, 198, 227,
       183, 222, 229, 100, 102, 205, 67, 126, 56, 176, 208, 101, 190, 92,
       255, 131, 117, 198, 188, 148, 182, 217, 245, 180, 235, 187, 255,
       137, 57, 172, 246, 75, 223, 205, 215, 251, 147, 54, 79, 250, 243,
       189, 22, 223, 123, 144, 85, 175, 222, 128, 142, 63, 245, 16, 175,
       105, 55, 188, 5, 98, 145, 247, 39, 0, 74, 5, 55, 106, 0, 48, 252,
       83, 15, 205, 183, 80, 64, 192, 136, 133, 40, 84, 249, 59, 232, 58,
       207, 187, 248, 190, 236, 182, 40, 223, 222, 34, 112, 182, 117, 95,
       98, 36, 81, 184, 92, 251, 231, 47, 247, 0, 49, 7, 115, 216, 188,
       188, 242, 171, 237, 25, 154, 187, 123, 20, 29, 191, 63, 65, 27,
       135, 83, 253, 19, 34, 76, 250, 51, 203, 211, 125, 191, 144, 65, 7,
       123, 117, 69, 239, 238, 46, 2, 79, 120, 85, 194, 223, 230, 115,
       225, 185, 99, 126, 228, 125, 238, 233, 163, 111, 170, 242, 239,
       227, 152, 61, 251, 112, 113, 1, 157, 63, 109, 3, 206, 53, 119,
       172, 77, 110, 4, 62, 183, 32, 48, 164, 51, 123, 12, 83, 153, 50,
       69, 243, 189, 22, 66, 72, 2, 167, 251, 32, 89, 91, 76, 86, 203,
       119, 244, 71, 128, 124, 42, 50, 209, 33, 48, 58, 248, 2, 74, 64,
       186, 48, 125, 115, 173, 36, 41, 115, 186, 100, 171, 133, 86, 127,
       93, 102, 63, 233, 250, 92, 86, 119, 150, 80, 101, 191, 109, 63,
       76, 19, 174, 161, 244, 61, 206, 70, 42, 115, 132, 127, 249, 97,
       241, 64, 174, 59, 245, 52, 236, 121, 55, 248, 13, 110, 80, 182,
       183, 0, 115, 161, 62, 125, 8, 50, 216, 162, 109, 199, 191, 50,
       200, 0, 192, 215, 107, 205, 70, 149, 247, 172, 46, 79, 152, 254,
       250, 179, 84, 215, 103, 217, 239, 213, 68, 124, 46, 169, 229, 251,
       2, 205, 255, 245, 20, 202, 249, 80, 49, 46, 114, 165, 54, 235, 73,
       190, 200, 142, 254, 145, 173, 76, 236, 127, 155, 159, 81, 247,
       119, 150, 97, 14, 240, 93, 83, 111, 191, 215, 127, 7, 211, 87,
       223, 228, 30, 190, 18, 94, 188, 89, 254, 20, 238, 111, 108, 191,
       247, 119, 196, 253, 110, 236, 67, 175, 237, 186, 122, 101, 191,
       54, 247, 120, 93, 185, 0, 166, 77, 77, 119, 193, 105, 87, 225,
       231, 26, 90, 248, 63, 172, 88, 204, 242, 8, 141, 247, 255, 157,
       19, 123, 193, 79, 67, 47, 124, 230, 69, 14, 158, 183, 172, 168,
       232, 19, 250, 155, 187, 84, 191, 163, 209, 75, 227, 103, 110, 153,
       51, 233, 130, 226, 204, 247, 250, 8, 140, 97, 33, 137, 236, 127,
       157, 229, 164, 14, 103, 151, 56, 170, 42, 76, 215, 35, 65, 90,
       196, 116, 108, 122, 41, 252, 209, 42, 237, 179, 101, 20, 136, 248,
       70, 56, 27, 178, 230, 157, 91, 182, 184, 107, 151, 244, 223, 151,
       104, 238, 54, 206, 125, 237, 251, 165, 191, 215, 191, 221, 27,
       123, 223, 199, 47, 36, 61, 212, 189, 110, 201, 167, 180, 43, 79,
       184, 84, 162, 251, 218, 211, 97, 153, 0, 121, 238, 93, 111, 232,
       244, 77, 46, 232, 239, 165, 20, 229, 251, 208, 32, 140, 22, 252,
       87, 230, 114, 189, 183, 84, 255, 87, 182, 216, 125, 158, 105, 119,
       86, 179, 168, 177, 252, 125, 206, 79, 47, 255, 197, 143, 248, 253,
       243, 157, 87, 127, 37, 54, 30, 255, 244, 125, 234, 118, 102, 95,
       121, 147, 229, 54, 101, 30, 111, 225, 180, 45, 78, 244, 171, 103,
       132, 111, 179, 105, 177, 155, 48, 166, 157, 13, 246, 184, 75, 151,
       253, 199, 151, 72, 254, 54, 238, 253, 237, 251, 165, 190, 207,
       187, 223, 27, 123, 223, 215, 151, 36, 60, 214, 41, 0, 239, 77,
