%YAML:1.0
---
descriptors: !!opencv-matrix
   rows: 229
   cols: 32
   dt: u
   data: [ 27, 94, 187, 244, 224, 190, 125, 246, 185, 202, 126, 100, 63,
       191, 183, 120, 231, 127, 181, 76, 225, 189, 32, 234, 243, 255,
       116, 130, 202, 253, 33, 121, 3, 191, 171, 25, 178, 249, 189, 183,
       174, 77, 94, 228, 180, 246, 162, 96, 38, 59, 95, 140, 147, 136,
       38, 127, 108, 4, 62, 232, 152, 80, 133, 253, 158, 212, 117, 239,
       36, 95, 127, 253, 93, 74, 181, 231, 127, 93, 190, 37, 191, 209,
       223, 111, 235, 165, 41, 255, 227, 223, 101, 134, 119, 158, 212,
       123, 159, 180, 110, 177, 149, 55, 233, 95, 85, 241, 214, 151, 25,
       60, 126, 41, 127, 139, 19, 189, 191, 223, 53, 198, 91, 75, 154,
       196, 175, 204, 176, 244, 160, 80, 255, 255, 66, 167, 112, 86, 86,
       27, 115, 82, 20, 31, 32, 121, 111, 29, 55, 152, 161, 246, 17, 114,
       87, 171, 112, 0, 121, 129, 160, 179, 89, 159, 95, 29, 50, 234, 63,
       55, 188, 68, 94, 231, 125, 54, 162, 97, 38, 119, 188, 166, 241,
       153, 37, 111, 224, 39, 106, 194, 44, 224, 173, 121, 154, 94, 174,
       190, 10, 109, 157, 86, 148, 14, 214, 35, 255, 253, 51, 75, 236,
       241, 255, 131, 236, 165, 19, 187, 211, 231, 122, 155, 117, 120,
       45, 91, 114, 113, 90, 168, 29, 159, 82, 109, 169, 136, 177, 13,
       47, 218, 40, 208, 248, 169, 207, 96, 78, 35, 208, 157, 179, 213,
       3, 59, 120, 10, 106, 31, 60, 104, 248, 110, 117, 221, 90, 80, 3,
       206, 253, 9, 59, 205, 49, 144, 220, 185, 149, 131, 10, 50, 120,
       155, 211, 221, 161, 185, 115, 191, 78, 210, 163, 123, 233, 199,
       236, 15, 237, 117, 82, 234, 84, 238, 177, 36, 215, 47, 95, 236,
       55, 239, 193, 118, 237, 74, 100, 10, 255, 168, 29, 250, 211, 253,
       50, 25, 34, 92, 93, 213, 145, 111, 142, 4, 208, 143, 168, 220, 39,
       132, 204, 187, 211, 129, 74, 43, 114, 157, 19, 87, 155, 59, 89,
       12, 54, 254, 119, 82, 210, 65, 226, 54, 184, 220, 123, 203, 118,
       102, 73, 154, 255, 252, 127, 205, 54, 253, 133, 246, 132, 194, 30,
       15, 119, 132, 239, 247, 107, 133, 0, 223, 63, 123, 144, 157, 238,
       182, 254, 21, 106, 68, 183, 206, 112, 96, 165, 123, 42, 212, 210,
       232, 59, 119, 237, 215, 30, 72, 80, 16, 133, 120, 111, 28, 211,
       193, 226, 114, 106, 146, 49, 203, 122, 230, 25, 55, 213, 252, 127,
       220, 54, 154, 129, 146, 245, 226, 30, 252, 178, 196, 175, 227, 98,
       181, 3, 219, 10, 157, 50, 128, 184, 230, 28, 73, 90, 231, 172,
       138, 55, 64, 230, 107, 179, 197, 199, 152, 7, 253, 36, 54, 154,
       131, 28, 20, 57, 223, 182, 125, 107, 14, 93, 199, 210, 104, 133,
       72, 249, 79, 114, 220, 53, 16, 220, 184, 211, 227, 203, 35, 90,
       191, 49, 4, 129, 59, 93, 47, 118, 242, 200, 181, 90, 115, 112,
       134, 123, 49, 49, 204, 119, 21, 241, 211, 202, 81, 50, 174, 93,
       254, 122, 222, 216, 110, 238, 137, 165, 192, 40, 131, 162, 123,
       27, 95, 230, 132, 199, 22, 188, 119, 173, 204, 222, 199, 9, 170,
       183, 134, 110, 161, 151, 173, 196, 155, 52, 204, 50, 95, 207, 131,
       175, 244, 185, 221, 171, 17, 102, 77, 109, 223, 176, 91, 77, 92,
       246, 6, 136, 156, 182, 100, 234, 168, 190, 137, 213, 189, 119,
       212, 23, 121, 130, 131, 87, 12, 117, 245, 38, 112, 242, 142, 109,
       93, 246, 200, 91, 174, 249, 43, 74, 220, 127, 140, 255, 221, 215,
       227, 206, 55, 218, 226, 55, 30, 7, 47, 71, 127, 126, 215, 186,
       113, 114, 136, 111, 80, 253, 87, 173, 76, 252, 47, 14, 159, 38,
       20, 238, 157, 223, 225, 76, 47, 176, 193, 243, 185, 138, 187, 71,
       20, 239, 219, 22, 221, 151, 151, 181, 68, 127, 230, 63, 217, 250,
       67, 252, 62, 72, 210, 235, 215, 127, 211, 127, 219, 25, 231, 189,
       182, 222, 66, 129, 114, 167, 91, 175, 13, 255, 252, 166, 51, 222,
       210, 153, 202, 124, 199, 221, 236, 247, 171, 159, 121, 149, 223,
       177, 228, 38, 234, 66, 95, 239, 138, 239, 253, 81, 229, 22, 94,
       102, 154, 103, 166, 191, 114, 157, 204, 222, 167, 40, 206, 55, 69,
       238, 169, 183, 215, 204, 155, 22, 236, 50, 112, 234, 203, 23, 31,
       53, 215, 2, 200, 7, 156, 89, 132, 46, 230, 158, 2, 194, 3, 188,
       199, 49, 64, 236, 123, 19, 205, 98, 141, 18, 255, 165, 62, 154, 8,
       16, 4, 49, 186, 61, 94, 233, 107, 230, 3, 207, 221, 86, 226, 252,
       230, 83, 13, 241, 96, 127, 140, 23, 190, 201, 182, 109, 154, 102,
       141, 165, 36, 255, 250, 112, 185, 90, 28, 170, 190, 15, 116, 24,
       66, 156, 142, 222, 135, 239, 255, 35, 202, 236, 243, 253, 129, 44,
       167, 146, 170, 211, 231, 250, 155, 182, 125, 45, 91, 24, 147, 237,
       237, 36, 86, 93, 57, 71, 108, 94, 230, 255, 125, 186, 230, 54,
       252, 189, 109, 193, 176, 37, 157, 195, 255, 225, 133, 118, 172,
       117, 113, 163, 55, 233, 199, 102, 35, 239, 113, 80, 234, 93, 254,
       241, 36, 220, 36, 95, 238, 55, 143, 217, 254, 237, 234, 12, 14,
       255, 160, 45, 234, 83, 253, 38, 160, 132, 219, 221, 237, 192, 139,
       31, 49, 137, 24, 132, 249, 72, 140, 201, 26, 59, 25, 18, 106, 91,
       147, 141, 214, 155, 127, 144, 72, 208, 162, 150, 91, 98, 156, 199,
       128, 191, 118, 157, 196, 222, 135, 40, 239, 55, 65, 238, 171, 179,
       197, 204, 155, 54, 232, 48, 112, 206, 139, 31, 124, 53, 218, 252,
       55, 150, 224, 251, 118, 92, 83, 161, 157, 175, 57, 15, 183, 98,
       222, 231, 149, 205, 48, 24, 195, 144, 130, 251, 245, 5, 215, 162,
       230, 174, 3, 139, 89, 227, 149, 71, 146, 172, 103, 93, 192, 82,
       198, 40, 174, 183, 164, 110, 175, 147, 141, 229, 156, 52, 202, 38,
       94, 158, 130, 15, 148, 249, 221, 42, 132, 188, 152, 93, 245, 176,
       238, 159, 21, 228, 19, 172, 254, 110, 196, 217, 27, 179, 1, 38,
       43, 122, 245, 95, 87, 155, 127, 18, 12, 45, 206, 182, 255, 47,
       179, 207, 237, 119, 244, 149, 86, 217, 31, 103, 253, 73, 11, 237,
       251, 211, 243, 254, 118, 218, 162, 247, 193, 204, 43, 177, 91,
       246, 210, 149, 81, 31, 108, 40, 90, 77, 121, 252, 200, 242, 96,
       215, 210, 161, 225, 242, 101, 124, 110, 105, 165, 35, 14, 224,
       235, 107, 128, 72, 160, 97, 49, 44, 77, 120, 255, 60, 139, 195,
       176, 196, 4, 252, 2, 243, 201, 179, 96, 88, 232, 14, 106, 200,
       162, 110, 189, 231, 237, 160, 24, 117, 187, 92, 168, 143, 184,
       183, 147, 199, 181, 168, 148, 255, 91, 83, 82, 252, 214, 253, 239,
       229, 75, 59, 223, 151, 92, 62, 241, 13, 26, 222, 238, 154, 87,
       177, 189, 20, 149, 62, 187, 188, 95, 18, 232, 150, 172, 211, 3,
       215, 94, 43, 193, 248, 213, 207, 115, 62, 209, 89, 28, 233, 227,
       171, 85, 48, 9, 45, 19, 3, 254, 187, 178, 190, 165, 155, 215, 142,
       241, 28, 175, 188, 221, 115, 32, 143, 59, 147, 21, 131, 9, 58,
       246, 234, 85, 31, 254, 220, 220, 129, 249, 171, 16, 102, 201, 109,
       255, 176, 83, 77, 77, 246, 18, 136, 28, 182, 237, 238, 28, 187, 1,
       148, 190, 119, 212, 7, 120, 146, 195, 87, 12, 117, 223, 27, 52,
       42, 161, 97, 116, 184, 87, 45, 109, 222, 135, 140, 142, 50, 210,
       238, 143, 223, 133, 148, 155, 177, 192, 215, 117, 154, 131, 7, 68,
       191, 223, 74, 17, 50, 161, 237, 221, 185, 69, 173, 109, 215, 11,
       140, 158, 102, 98, 238, 153, 255, 65, 86, 185, 241, 209, 215, 113,
       154, 99, 22, 12, 141, 223, 170, 172, 163, 186, 221, 229, 195, 239,
       150, 31, 200, 27, 162, 237, 118, 128, 201, 58, 131, 133, 58, 43,
       58, 183, 25, 87, 152, 123, 83, 76, 246, 250, 55, 80, 203, 69, 242,
       50, 234, 214, 113, 233, 126, 230, 25, 186, 245, 252, 127, 204, 22,
       152, 133, 178, 164, 194, 22, 109, 182, 132, 175, 243, 106, 189,
       65, 180, 189, 117, 44, 110, 121, 58, 124, 218, 118, 80, 215, 53,
       128, 51, 135, 70, 124, 44, 177, 252, 243, 13, 199, 187, 114, 80,
       200, 160, 67, 225, 247, 99, 234, 4, 230, 18, 188, 85, 121, 166,
       253, 231, 73, 232, 255, 91, 126, 237, 38, 239, 196, 243, 164, 192,
       118, 105, 239, 173, 101, 246, 235, 197, 195, 115, 193, 197, 102,
       24, 236, 119, 57, 104, 86, 254, 41, 46, 220, 182, 54, 223, 183,
