%YAML:1.0
---
descriptors: !!opencv-matrix
   rows: 307
   cols: 32
   dt: u
   data: [ 1, 92, 183, 95, 44, 236, 239, 182, 204, 78, 250, 64, 246, 55,
       181, 102, 224, 114, 58, 74, 129, 41, 51, 125, 129, 186, 82, 16,
       80, 249, 101, 120, 46, 174, 212, 243, 245, 175, 250, 130, 63, 183,
       179, 29, 207, 43, 95, 153, 171, 195, 103, 23, 62, 254, 89, 244,
       158, 218, 211, 116, 207, 205, 90, 130, 118, 101, 123, 168, 17, 87,
       95, 96, 57, 196, 237, 11, 15, 214, 39, 116, 248, 185, 221, 231,
       72, 3, 48, 222, 177, 245, 139, 59, 49, 55, 38, 102, 80, 217, 127,
       126, 34, 192, 55, 229, 180, 93, 102, 161, 127, 247, 40, 81, 38,
       251, 253, 194, 66, 201, 170, 125, 241, 231, 126, 137, 32, 18, 167,
       123, 220, 127, 159, 182, 162, 74, 55, 176, 162, 254, 170, 40, 127,
       119, 193, 83, 35, 245, 108, 114, 96, 65, 169, 40, 248, 195, 101,
       53, 160, 243, 7, 99, 255, 245, 245, 198, 254, 23, 158, 252, 65,
       234, 157, 110, 90, 124, 159, 166, 254, 213, 215, 239, 237, 35,
       253, 238, 59, 79, 173, 190, 111, 255, 218, 245, 205, 150, 63, 255,
       40, 238, 113, 48, 237, 95, 55, 84, 254, 119, 40, 123, 165, 51,
       108, 46, 177, 237, 59, 117, 207, 251, 114, 194, 200, 129, 101,
       113, 214, 78, 254, 119, 162, 34, 63, 148, 180, 134, 130, 229, 197,
       39, 129, 91, 102, 117, 109, 246, 232, 197, 133, 104, 248, 162,
       255, 128, 160, 241, 37, 59, 101, 161, 192, 71, 221, 28, 198, 172,
       75, 225, 173, 76, 194, 96, 223, 246, 216, 198, 96, 124, 213, 106,
       221, 160, 46, 60, 133, 124, 203, 254, 218, 156, 89, 232, 144, 197,
       181, 30, 74, 190, 115, 169, 78, 72, 139, 1, 208, 244, 17, 204,
       124, 88, 203, 152, 209, 130, 174, 252, 133, 116, 10, 160, 90, 36,
       82, 113, 27, 168, 27, 135, 18, 72, 173, 132, 232, 11, 14, 222, 35,
       208, 254, 185, 202, 225, 68, 35, 178, 220, 177, 209, 10, 62, 81,
       6, 39, 203, 95, 25, 142, 174, 11, 180, 30, 58, 164, 200, 202, 103,
       236, 254, 35, 194, 212, 231, 253, 199, 13, 139, 147, 237, 147,
       103, 138, 155, 40, 103, 41, 91, 188, 255, 123, 234, 245, 223, 87,
       253, 85, 236, 246, 63, 91, 93, 170, 241, 252, 220, 159, 98, 249,
       255, 121, 190, 251, 233, 167, 241, 123, 156, 254, 251, 209, 73,
       95, 239, 12, 14, 71, 52, 228, 160, 242, 70, 115, 49, 177, 99, 120,
       228, 124, 238, 233, 165, 85, 45, 240, 171, 230, 16, 41, 186, 112,
       40, 130, 204, 24, 219, 29, 197, 23, 238, 158, 7, 76, 17, 172, 215,
       34, 68, 201, 59, 131, 64, 98, 46, 82, 183, 229, 151, 18, 59, 18,
       88, 173, 138, 45, 165, 117, 91, 237, 253, 197, 103, 207, 59, 249,
       24, 202, 245, 220, 191, 201, 186, 98, 10, 27, 242, 250, 145, 39,
       218, 69, 126, 211, 74, 214, 164, 2, 255, 18, 187, 233, 161, 188,
       207, 159, 29, 88, 183, 172, 230, 98, 69, 199, 59, 131, 17, 22, 90,
       2, 241, 173, 80, 222, 107, 144, 92, 165, 223, 2, 181, 21, 251,
       252, 141, 48, 223, 142, 57, 120, 120, 180, 147, 104, 0, 133, 27,
       119, 16, 19, 88, 218, 81, 173, 144, 62, 254, 152, 72, 129, 171,
       157, 121, 245, 202, 238, 7, 207, 216, 79, 184, 181, 106, 93, 219,
       253, 63, 126, 217, 118, 250, 193, 99, 171, 240, 56, 200, 103, 188,
       127, 243, 227, 161, 188, 222, 111, 255, 69, 87, 255, 253, 117,
       110, 246, 118, 123, 93, 190, 245, 125, 220, 151, 235, 233, 246,
       125, 255, 247, 235, 231, 133, 127, 188, 254, 251, 157, 207, 197,
       247, 182, 46, 111, 188, 119, 210, 91, 210, 251, 99, 153, 103, 127,
       194, 62, 254, 249, 208, 77, 255, 236, 238, 239, 196, 190, 251,
       240, 32, 50, 35, 42, 136, 77, 91, 152, 73, 143, 172, 156, 171, 14,
       140, 54, 132, 200, 141, 207, 229, 72, 35, 198, 212, 145, 17, 139,
       255, 85, 14, 63, 246, 253, 65, 222, 229, 197, 30, 116, 53, 97,
       146, 230, 29, 219, 57, 30, 219, 200, 206, 181, 106, 92, 250, 211,
       128, 231, 251, 212, 5, 106, 252, 218, 2, 177, 80, 71, 205, 116,
       23, 104, 88, 85, 96, 246, 70, 83, 1, 180, 229, 124, 136, 22, 236,
       233, 183, 117, 156, 18, 138, 162, 4, 63, 136, 112, 180, 185, 99,
       99, 233, 84, 79, 225, 88, 85, 224, 241, 106, 19, 157, 176, 32,
       120, 140, 6, 104, 201, 178, 113, 140, 213, 232, 160, 44, 117, 138,
       118, 224, 17, 66, 102, 173, 38, 18, 232, 88, 101, 132, 243, 231,
       89, 138, 191, 77, 122, 164, 46, 239, 204, 183, 37, 204, 16, 106,
       226, 132, 61, 167, 120, 197, 73, 25, 148, 101, 165, 62, 68, 183,
       119, 163, 174, 68, 155, 49, 129, 238, 0, 68, 108, 8, 25, 248, 209,
       10, 143, 255, 69, 20, 234, 248, 200, 36, 176, 57, 120, 232, 244,
       79, 83, 125, 80, 44, 244, 24, 51, 19, 1, 49, 216, 154, 70, 120,
       58, 186, 112, 30, 127, 137, 37, 112, 113, 136, 194, 170, 210, 254,
       156, 190, 40, 252, 16, 174, 174, 187, 130, 125, 254, 254, 72, 211,
       135, 119, 237, 17, 47, 77, 155, 113, 153, 243, 127, 255, 8, 96,
       13, 27, 124, 52, 154, 160, 131, 237, 80, 115, 161, 15, 254, 43,
       31, 255, 66, 16, 249, 181, 253, 129, 24, 155, 210, 128, 219, 231,
       48, 121, 226, 72, 174, 66, 252, 117, 29, 103, 170, 107, 87, 169,
       187, 186, 167, 40, 215, 115, 73, 59, 19, 84, 124, 106, 105, 69,
       201, 30, 253, 203, 101, 52, 112, 251, 194, 35, 172, 220, 17, 218,
       233, 237, 87, 222, 159, 122, 184, 24, 190, 247, 105, 244, 201,
       211, 218, 42, 115, 39, 122, 243, 183, 212, 7, 62, 154, 121, 165,
       50, 20, 95, 83, 239, 102, 11, 235, 120, 36, 142, 251, 230, 223,
       67, 161, 1, 126, 185, 6, 238, 201, 176, 77, 236, 244, 193, 163,
       132, 101, 179, 39, 177, 43, 225, 100, 239, 125, 31, 239, 236, 95,
       224, 244, 11, 235, 108, 30, 164, 216, 205, 119, 111, 201, 114,
       253, 253, 55, 94, 129, 56, 87, 191, 82, 204, 21, 217, 111, 79, 52,
       203, 239, 244, 116, 233, 255, 102, 115, 125, 157, 96, 126, 236,
       62, 238, 201, 176, 125, 45, 110, 175, 167, 132, 109, 187, 112,
       241, 207, 253, 254, 115, 185, 253, 127, 244, 255, 254, 159, 177,
       233, 253, 223, 231, 247, 118, 255, 110, 246, 197, 255, 191, 239,
       255, 231, 247, 166, 255, 188, 255, 34, 233, 100, 0, 93, 219, 196,
       103, 99, 229, 164, 137, 35, 12, 22, 148, 8, 166, 195, 69, 78, 62,
       117, 61, 55, 82, 16, 51, 71, 28, 222, 222, 198, 217, 188, 254,
       253, 126, 252, 172, 155, 191, 181, 27, 204, 126, 30, 11, 239, 215,
       255, 227, 52, 239, 91, 237, 219, 251, 223, 151, 135, 127, 253,
       215, 120, 91, 254, 237, 174, 22, 125, 63, 68, 188, 222, 166, 91,
       47, 179, 99, 110, 212, 175, 232, 204, 251, 103, 136, 246, 235,
       231, 133, 63, 250, 124, 121, 61, 77, 107, 111, 116, 79, 79, 244,
       80, 74, 116, 8, 115, 93, 155, 49, 30, 232, 21, 111, 233, 182, 124,
       47, 227, 143, 36, 144, 117, 187, 82, 249, 142, 80, 146, 153, 69,
       181, 176, 204, 31, 29, 80, 19, 140, 154, 107, 204, 201, 25, 163,
       81, 6, 180, 66, 241, 7, 82, 154, 79, 150, 29, 61, 199, 57, 76, 28,
       111, 21, 47, 82, 58, 85, 34, 238, 24, 115, 89, 3, 80, 89, 160, 78,
       42, 108, 167, 81, 63, 243, 207, 48, 17, 122, 251, 90, 10, 105,
       222, 254, 215, 247, 95, 191, 254, 62, 255, 190, 191, 253, 63, 218,
       245, 127, 215, 255, 204, 247, 123, 125, 255, 127, 95, 255, 197,
       199, 221, 173, 251, 7, 177, 232, 41, 194, 62, 185, 223, 60, 117,
       94, 151, 149, 44, 150, 40, 63, 79, 19, 181, 151, 152, 117, 66, 78,
       47, 186, 196, 237, 241, 139, 208, 125, 33, 233, 167, 148, 94, 79,
       17, 66, 225, 155, 10, 211, 61, 88, 224, 88, 206, 29, 253, 157, 24,
       245, 136, 255, 237, 173, 112, 164, 171, 208, 66, 122, 171, 10,
       186, 153, 137, 95, 198, 171, 53, 172, 137, 47, 235, 66, 16, 233,
       235, 205, 196, 90, 11, 202, 177, 251, 213, 159, 123, 50, 20, 174,
       74, 217, 201, 87, 95, 226, 74, 109, 49, 121, 10, 115, 224, 123,
       67, 128, 247, 38, 228, 44, 234, 97, 148, 167, 205, 52, 170, 230,
       128, 43, 176, 224, 33, 188, 239, 220, 64, 252, 11, 79, 248, 115,
       164, 188, 140, 67, 99, 223, 23, 59, 204, 68, 254, 106, 99, 205,
