%YAML:1.0
---
descriptors: !!opencv-matrix
   rows: 351
   cols: 32
   dt: u
   data: [ 127, 33, 120, 72, 73, 85, 82, 72, 195, 68, 229, 8, 10, 222,
       39, 181, 216, 136, 198, 106, 78, 35, 250, 157, 147, 217, 1, 63,
       115, 143, 110, 198, 154, 142, 207, 181, 162, 34, 25, 127, 23, 163,
       214, 243, 125, 55, 160, 72, 119, 223, 189, 145, 56, 221, 141, 222,
       216, 231, 255, 192, 164, 224, 161, 41, 184, 125, 121, 96, 112,
       207, 85, 119, 97, 44, 248, 9, 51, 93, 1, 16, 152, 184, 69, 32,
       104, 178, 80, 31, 243, 141, 32, 56, 113, 136, 198, 163, 42, 232,
       34, 62, 77, 221, 146, 104, 139, 212, 181, 9, 110, 220, 126, 149,
       136, 185, 211, 71, 78, 103, 218, 253, 91, 81, 9, 59, 87, 15, 94,
       206, 113, 208, 247, 207, 68, 70, 111, 252, 101, 66, 230, 2, 115,
       55, 185, 117, 120, 220, 54, 234, 73, 147, 185, 173, 119, 174, 226,
       4, 51, 251, 116, 232, 66, 217, 151, 92, 91, 212, 176, 103, 255,
       17, 224, 0, 172, 150, 36, 245, 192, 59, 234, 128, 3, 75, 178, 253,
       23, 114, 218, 11, 26, 0, 173, 190, 230, 172, 182, 158, 233, 77,
       153, 234, 159, 63, 184, 25, 236, 254, 46, 159, 217, 243, 251, 1,
       50, 111, 218, 243, 153, 182, 95, 127, 208, 108, 7, 218, 198, 188,
       151, 158, 223, 255, 149, 203, 159, 247, 140, 26, 238, 254, 111,
       207, 219, 255, 251, 17, 51, 79, 250, 251, 153, 54, 95, 123, 146,
       124, 45, 254, 135, 255, 166, 183, 220, 47, 174, 236, 94, 234, 219,
       95, 224, 232, 95, 3, 249, 239, 123, 119, 244, 243, 93, 254, 60, 6,
       239, 176, 205, 127, 209, 196, 253, 117, 125, 103, 200, 111, 87,
       184, 48, 250, 175, 29, 215, 119, 75, 59, 149, 214, 125, 126, 233,
       102, 249, 62, 239, 203, 101, 52, 234, 241, 194, 115, 38, 177, 58,
       211, 101, 253, 240, 74, 223, 89, 127, 17, 166, 220, 126, 105, 216,
       26, 179, 83, 150, 240, 58, 241, 71, 89, 82, 99, 88, 73, 221, 150,
       139, 254, 231, 85, 114, 27, 171, 127, 126, 237, 82, 246, 105, 96,
       180, 228, 55, 110, 174, 172, 241, 217, 45, 223, 44, 46, 55, 196,
       111, 164, 161, 189, 91, 209, 195, 207, 2, 22, 110, 252, 97, 64,
       250, 70, 121, 34, 188, 246, 126, 204, 60, 238, 205, 147, 189, 233,
       178, 237, 174, 132, 47, 242, 122, 60, 121, 77, 77, 236, 28, 7, 79,
       124, 84, 224, 234, 14, 83, 97, 49, 112, 120, 204, 58, 238, 73,
       179, 121, 31, 243, 237, 193, 20, 59, 187, 112, 40, 221, 240, 189,
       246, 172, 14, 71, 152, 123, 251, 167, 92, 223, 119, 73, 59, 149,
       212, 125, 126, 187, 69, 251, 34, 217, 251, 69, 124, 136, 179, 195,
       49, 221, 132, 69, 229, 180, 46, 103, 59, 116, 162, 219, 88, 215,
       33, 144, 83, 51, 198, 124, 46, 249, 248, 73, 14, 236, 174, 101,
       20, 108, 232, 208, 32, 44, 122, 91, 106, 117, 207, 118, 216, 55,
       12, 117, 77, 127, 201, 41, 144, 152, 168, 198, 106, 74, 182, 72,
       63, 247, 221, 33, 41, 122, 187, 78, 139, 169, 20, 167, 157, 244,
       63, 236, 95, 87, 251, 218, 86, 115, 56, 180, 236, 125, 206, 62,
       13, 189, 252, 109, 191, 6, 122, 245, 192, 255, 252, 248, 125, 226,
       113, 23, 156, 207, 64, 180, 109, 185, 162, 240, 219, 108, 254, 44,
       143, 250, 245, 107, 227, 113, 103, 146, 202, 177, 50, 203, 58, 13,
       57, 171, 151, 218, 60, 151, 190, 203, 236, 21, 79, 191, 147, 168,
       28, 62, 246, 32, 89, 231, 179, 223, 16, 59, 79, 154, 243, 249,
       243, 95, 58, 152, 112, 167, 35, 17, 154, 237, 119, 180, 171, 233,
       23, 118, 235, 119, 246, 243, 101, 148, 108, 95, 238, 52, 28, 187,
       248, 101, 47, 204, 239, 241, 192, 237, 200, 208, 121, 94, 51, 108,
       137, 58, 155, 57, 56, 174, 116, 23, 231, 205, 198, 219, 79, 38,
       21, 253, 245, 146, 65, 175, 213, 204, 99, 107, 213, 158, 135, 5,
       117, 33, 20, 74, 169, 116, 175, 235, 19, 124, 75, 115, 116, 247,
       25, 144, 96, 19, 44, 54, 13, 179, 180, 85, 143, 228, 255, 50, 192,
       76, 136, 209, 145, 120, 185, 159, 250, 187, 197, 19, 198, 162, 29,
       172, 41, 62, 215, 96, 112, 201, 243, 205, 80, 26, 75, 218, 49,
       217, 193, 20, 123, 146, 3, 166, 59, 214, 28, 188, 61, 171, 100,
       188, 178, 248, 218, 176, 117, 140, 58, 7, 127, 199, 119, 253, 161,
       181, 207, 210, 194, 129, 251, 250, 154, 152, 101, 43, 159, 165,
       171, 25, 106, 240, 143, 67, 245, 124, 8, 113, 76, 183, 211, 128,
       81, 148, 42, 70, 94, 243, 186, 88, 63, 237, 185, 36, 104, 88, 130,
       195, 161, 167, 112, 215, 38, 106, 75, 15, 184, 139, 226, 176, 237,
       247, 198, 239, 55, 158, 125, 118, 102, 205, 103, 254, 40, 160,
       216, 101, 190, 124, 191, 2, 253, 120, 87, 110, 68, 164, 131, 215,
       53, 193, 174, 254, 110, 115, 88, 189, 49, 94, 244, 76, 107, 232,
       163, 100, 13, 240, 187, 229, 154, 77, 250, 246, 33, 141, 144, 174,
       213, 172, 118, 189, 159, 222, 255, 86, 20, 208, 125, 158, 111,
       197, 70, 51, 28, 177, 252, 123, 226, 79, 59, 255, 196, 138, 248,
       213, 241, 89, 210, 199, 149, 82, 26, 97, 53, 49, 197, 67, 246, 75,
       34, 138, 245, 118, 172, 160, 160, 253, 220, 165, 205, 172, 230,
       215, 66, 162, 164, 166, 228, 89, 75, 98, 172, 21, 144, 75, 104,
       101, 12, 157, 2, 107, 194, 183, 244, 122, 169, 12, 238, 140, 3,
       36, 223, 178, 205, 171, 169, 55, 167, 124, 100, 159, 123, 2, 179,
       131, 180, 44, 69, 172, 67, 195, 215, 172, 142, 115, 201, 238, 171,
       219, 151, 231, 5, 150, 226, 180, 81, 154, 200, 12, 85, 185, 156,
       101, 49, 233, 69, 204, 95, 230, 121, 75, 232, 183, 78, 83, 56,
       214, 50, 56, 236, 118, 111, 213, 114, 253, 8, 95, 14, 101, 52, 77,
       170, 90, 197, 93, 188, 246, 243, 181, 182, 250, 179, 119, 233,
       158, 102, 121, 123, 214, 228, 237, 214, 189, 144, 175, 248, 105,
       255, 127, 207, 183, 195, 171, 196, 248, 27, 41, 76, 243, 206, 85,
       182, 111, 214, 81, 0, 232, 66, 49, 243, 181, 244, 92, 252, 18,
       202, 137, 178, 244, 233, 51, 188, 130, 40, 27, 251, 114, 172, 156,
       189, 51, 124, 139, 196, 23, 250, 187, 90, 228, 28, 62, 255, 40,
       113, 183, 251, 212, 98, 123, 75, 50, 255, 243, 251, 80, 58, 82,
       97, 167, 187, 80, 184, 189, 242, 138, 237, 25, 155, 170, 127, 44,
       25, 191, 63, 65, 26, 135, 147, 253, 16, 18, 73, 250, 49, 219, 199,
       121, 121, 160, 65, 7, 123, 152, 177, 111, 233, 180, 202, 121, 49,
       36, 85, 71, 147, 151, 151, 8, 65, 98, 58, 63, 216, 122, 152, 81,
       21, 205, 161, 162, 64, 36, 136, 149, 114, 110, 252, 161, 90, 201,
       125, 7, 138, 147, 254, 172, 45, 98, 244, 79, 190, 137, 206, 232,
       82, 14, 67, 250, 49, 63, 20, 69, 127, 211, 127, 86, 246, 143, 210,
       122, 194, 236, 153, 249, 209, 207, 93, 53, 244, 157, 206, 254,
       106, 135, 1, 151, 31, 151, 36, 62, 240, 78, 89, 106, 236, 158,
       143, 193, 245, 37, 60, 41, 105, 221, 239, 195, 218, 86, 104, 236,
       12, 146, 248, 21, 48, 217, 174, 66, 45, 139, 178, 248, 31, 119,
       221, 129, 120, 217, 75, 82, 162, 57, 19, 103, 237, 52, 10, 107,
       56, 117, 234, 242, 230, 83, 33, 176, 212, 126, 196, 54, 236, 169,
       178, 101, 14, 242, 238, 225, 128, 111, 168, 112, 97, 133, 132,
       245, 87, 236, 111, 237, 190, 95, 247, 55, 18, 240, 53, 157, 47, 7,
       70, 126, 46, 177, 252, 127, 217, 13, 58, 85, 20, 206, 248, 81,
       253, 14, 174, 96, 169, 247, 241, 186, 202, 31, 117, 92, 179, 140,
       143, 126, 140, 255, 11, 147, 149, 22, 26, 76, 247, 14, 85, 155,
       239, 151, 79, 61, 214, 11, 211, 135, 21, 65, 158, 105, 101, 115,
       221, 99, 214, 73, 198, 190, 244, 116, 172, 162, 140, 213, 220,
       183, 197, 20, 98, 246, 196, 43, 4, 162, 244, 153, 253, 151, 120,
       233, 253, 84, 254, 255, 27, 244, 24, 62, 251, 32, 177, 165, 155,
       244, 8, 58, 79, 18, 215, 219, 251, 113, 110, 82, 212, 235, 171,
       139, 227, 87, 137, 67, 140, 44, 223, 174, 19, 74, 212, 173, 130,
       4, 245, 38, 11, 42, 140, 67, 156, 151, 241, 36, 56, 62, 128, 62,
       212, 161, 173, 139, 101, 86, 140, 157, 179, 206, 79, 207, 166,
       220, 18, 172, 138, 118, 228, 219, 239, 186, 173, 78, 139, 215,
