%YAML:1.0
---
descriptors: !!opencv-matrix
   rows: 167
   cols: 32
   dt: u
   data: [ 96, 29, 145, 77, 213, 79, 229, 55, 108, 170, 106, 72, 114,
       241, 133, 52, 24, 62, 98, 8, 81, 186, 113, 8, 37, 174, 4, 56, 209,
       122, 198, 172, 181, 207, 125, 79, 182, 91, 238, 248, 84, 224, 250,
       194, 83, 76, 157, 161, 122, 196, 22, 239, 237, 176, 109, 61, 54,
       233, 167, 148, 125, 187, 248, 165, 223, 222, 158, 151, 180, 54,
       189, 247, 62, 255, 223, 247, 236, 38, 235, 207, 239, 199, 191,
       149, 191, 221, 235, 227, 254, 55, 255, 199, 142, 125, 189, 93,
       174, 221, 145, 158, 221, 63, 190, 236, 155, 166, 185, 26, 108,
       250, 109, 135, 249, 242, 202, 226, 124, 99, 216, 254, 191, 86,
       207, 63, 151, 127, 252, 134, 88, 145, 151, 229, 171, 110, 53, 191,
       174, 185, 10, 64, 220, 55, 8, 206, 165, 87, 253, 48, 17, 200, 147,
       196, 205, 246, 127, 198, 130, 82, 133, 59, 162, 123, 248, 159,
       234, 137, 190, 221, 94, 134, 112, 239, 173, 200, 199, 8, 174, 123,
       135, 67, 198, 124, 79, 249, 36, 5, 127, 171, 93, 249, 141, 153,
       145, 124, 19, 237, 52, 142, 99, 52, 116, 200, 98, 64, 183, 19,
       129, 100, 52, 40, 92, 104, 105, 188, 49, 63, 225, 172, 32, 0, 104,
       146, 96, 41, 196, 39, 241, 67, 248, 105, 169, 9, 122, 181, 33, 24,
       214, 98, 73, 26, 51, 15, 74, 56, 50, 112, 233, 66, 77, 28, 21,
       116, 192, 227, 199, 224, 98, 240, 140, 186, 13, 205, 80, 207, 139,
       23, 133, 25, 166, 220, 106, 27, 137, 210, 235, 17, 94, 111, 218,
       177, 219, 83, 93, 127, 80, 12, 158, 94, 17, 221, 90, 238, 147,
       131, 50, 247, 52, 1, 202, 198, 125, 243, 32, 96, 119, 251, 146,
       224, 49, 153, 29, 255, 248, 167, 14, 66, 61, 74, 169, 154, 77, 52,
       189, 117, 173, 111, 245, 19, 238, 187, 54, 24, 222, 49, 1, 59,
       161, 86, 110, 24, 177, 233, 179, 64, 79, 187, 117, 0, 194, 224,
       195, 163, 117, 2, 253, 69, 172, 46, 201, 25, 72, 254, 151, 82,
       211, 36, 221, 111, 93, 212, 124, 58, 153, 240, 237, 128, 205, 186,
       231, 212, 197, 235, 212, 53, 129, 214, 23, 239, 116, 15, 233, 125,
       124, 72, 113, 84, 247, 81, 184, 33, 254, 9, 22, 45, 225, 180, 17,
       95, 164, 170, 42, 0, 88, 128, 99, 169, 60, 96, 233, 106, 140, 97,
       71, 216, 83, 254, 189, 8, 83, 213, 249, 62, 89, 216, 92, 122, 11,
       99, 235, 48, 123, 205, 165, 124, 243, 251, 118, 224, 208, 137,
       171, 230, 21, 70, 71, 244, 116, 4, 234, 2, 115, 63, 48, 112, 248,
       246, 89, 234, 88, 155, 49, 47, 243, 237, 134, 1, 33, 50, 246, 106,
       125, 109, 225, 110, 204, 71, 207, 248, 66, 226, 188, 10, 83, 241,
       217, 50, 89, 204, 84, 238, 201, 99, 254, 56, 121, 207, 229, 60,
       251, 251, 210, 240, 32, 172, 57, 248, 93, 237, 65, 79, 223, 25,
       224, 24, 182, 209, 32, 48, 201, 186, 74, 16, 10, 47, 82, 63, 133,
       150, 16, 123, 208, 8, 214, 170, 113, 64, 78, 172, 8, 2, 66, 96,
       37, 128, 227, 11, 83, 2, 33, 83, 248, 132, 108, 230, 72, 135, 65,
       12, 144, 162, 192, 20, 33, 171, 96, 0, 197, 232, 191, 254, 109,
       157, 125, 152, 255, 186, 166, 16, 246, 251, 93, 123, 133, 105,
       123, 75, 226, 101, 250, 241, 95, 219, 215, 40, 208, 113, 67, 170,
       248, 221, 59, 110, 85, 198, 71, 244, 116, 200, 226, 0, 114, 215,
       32, 113, 248, 252, 81, 106, 105, 187, 57, 47, 241, 233, 132, 0,
       97, 50, 118, 58, 196, 173, 190, 251, 173, 205, 116, 167, 255, 61,
       166, 16, 174, 251, 64, 91, 129, 119, 107, 82, 114, 105, 219, 241,
       239, 251, 87, 123, 192, 88, 197, 10, 72, 188, 190, 249, 169, 237,
       52, 135, 191, 31, 174, 16, 174, 187, 64, 90, 161, 115, 238, 16,
       50, 73, 147, 243, 207, 247, 86, 123, 194, 80, 135, 11, 161, 168,
       199, 221, 205, 191, 232, 95, 87, 179, 224, 86, 113, 160, 52, 172,
       89, 174, 50, 156, 187, 254, 115, 157, 13, 154, 209, 96, 219, 200,
       240, 172, 193, 228, 17, 109, 52, 78, 67, 61, 101, 8, 106, 64, 243,
       19, 136, 116, 16, 12, 76, 40, 75, 188, 113, 31, 161, 172, 32, 0,
       106, 130, 66, 40, 208, 73, 39, 180, 15, 66, 69, 164, 181, 134,
       194, 3, 102, 167, 33, 83, 224, 228, 109, 226, 104, 207, 162, 108,
       177, 162, 214, 27, 32, 56, 52, 106, 248, 116, 251, 100, 64, 78,
       69, 19, 97, 162, 166, 24, 19, 51, 1, 50, 48, 244, 108, 40, 105,
       119, 176, 10, 243, 237, 33, 48, 98, 176, 70, 34, 5, 161, 177, 225,
       237, 105, 224, 75, 107, 177, 169, 24, 158, 184, 92, 40, 185, 3,
       122, 25, 18, 43, 218, 208, 13, 28, 31, 124, 208, 74, 211, 130, 26,
       239, 37, 155, 31, 217, 202, 234, 143, 45, 156, 75, 44, 197, 18,
       132, 41, 227, 223, 223, 74, 9, 11, 255, 187, 87, 143, 243, 55, 15,
       29, 110, 208, 203, 14, 189, 142, 10, 100, 37, 164, 16, 226, 82,
       243, 3, 0, 67, 104, 228, 106, 226, 104, 237, 65, 61, 245, 163,
       226, 17, 33, 48, 224, 10, 184, 203, 83, 230, 36, 2, 110, 245, 21,
       2, 243, 227, 99, 13, 57, 64, 120, 206, 39, 230, 77, 183, 9, 170,
       242, 239, 166, 132, 39, 186, 240, 152, 118, 177, 189, 242, 185,
       237, 81, 204, 171, 61, 165, 25, 6, 255, 76, 31, 133, 211, 93, 16,
       26, 107, 250, 241, 219, 144, 21, 127, 192, 139, 198, 115, 120, 96,
       216, 101, 8, 77, 81, 88, 98, 164, 164, 8, 19, 17, 64, 58, 8, 220,
       68, 74, 72, 102, 240, 16, 211, 201, 33, 57, 96, 138, 78, 162, 66,
       180, 18, 154, 235, 225, 180, 199, 189, 15, 145, 185, 172, 254, 42,
       89, 231, 147, 203, 145, 118, 11, 2, 243, 177, 20, 30, 251, 144,
       80, 173, 155, 11, 123, 208, 191, 106, 141, 190, 208, 30, 198, 81,
       231, 173, 76, 195, 132, 62, 107, 135, 71, 199, 248, 95, 233, 100,
       69, 47, 168, 127, 255, 9, 217, 68, 49, 17, 118, 56, 205, 67, 24,
       163, 168, 171, 104, 247, 211, 73, 48, 16, 244, 108, 106, 73, 64,
       234, 24, 233, 164, 37, 56, 96, 163, 6, 35, 231, 27, 83, 140, 98,
       66, 63, 112, 25, 204, 114, 237, 92, 198, 167, 244, 222, 125, 182,
       102, 197, 178, 244, 222, 52, 62, 97, 138, 92, 175, 34, 245, 2,
       190, 176, 155, 223, 249, 177, 207, 95, 31, 88, 54, 172, 184, 100,
       140, 207, 59, 130, 17, 22, 120, 122, 247, 141, 86, 30, 107, 214,
       76, 149, 191, 155, 178, 127, 121, 46, 253, 121, 82, 239, 121, 214,
       253, 127, 221, 214, 39, 167, 31, 253, 5, 167, 249, 167, 193, 199,
       249, 112, 130, 111, 132, 86, 247, 37, 48, 184, 224, 189, 61, 83,
       216, 203, 253, 173, 12, 150, 152, 95, 58, 137, 196, 90, 94, 159,
       99, 250, 144, 143, 221, 1, 126, 216, 11, 90, 118, 114, 168, 158,
       186, 205, 237, 96, 207, 159, 55, 160, 31, 34, 186, 110, 219, 233,
       135, 234, 144, 62, 111, 219, 241, 157, 178, 215, 123, 153, 72,
       250, 142, 8, 140, 152, 187, 185, 225, 16, 175, 30, 81, 78, 49,
       180, 187, 34, 80, 195, 43, 191, 17, 30, 152, 67, 55, 239, 247,
       190, 67, 152, 64, 189, 11, 120, 189, 191, 126, 153, 239, 87, 167,
       242, 150, 173, 24, 246, 245, 8, 51, 129, 118, 105, 32, 120, 107,
       250, 47, 233, 215, 85, 59, 192, 120, 198, 106, 212, 216, 255, 245,
       34, 192, 127, 178, 186, 214, 70, 48, 125, 215, 97, 123, 39, 125,
       49, 74, 97, 212, 186, 43, 225, 163, 117, 4, 32, 241, 5, 123, 208,
       89, 63, 245, 130, 78, 101, 181, 52, 88, 102, 16, 23, 55, 32, 127,
       98, 246, 60, 104, 121, 220, 49, 44, 229, 171, 116, 0, 32, 144,
       164, 56, 31, 77, 99, 222, 212, 210, 239, 241, 245, 192, 222, 198,
       121, 252, 183, 228, 122, 238, 23, 239, 237, 187, 62, 239, 50, 46,
       175, 128, 55, 255, 240, 236, 60, 77, 122, 222, 212, 195, 199, 246,
       213, 132, 252, 2, 115, 233, 181, 96, 88, 250, 6, 107, 232, 171,
       124, 191, 115, 239, 167, 8, 119, 251, 116, 168, 181, 124, 19, 103,
       69, 79, 103, 240, 113, 226, 106, 74, 115, 81, 1, 53, 56, 252, 16,
       234, 105, 246, 185, 46, 241, 174, 133, 36, 107, 179, 98, 178, 245,
       91, 70, 175, 102, 2, 111, 184, 32, 230, 210, 231, 115, 97, 155,
       81, 126, 228, 61, 238, 233, 150, 221, 44, 244, 170, 229, 132, 45,
       187, 112, 112, 10, 187, 8, 187, 189, 213, 146, 207, 158, 13, 88,
