%YAML:1.0
---
descriptors: !!opencv-matrix
   rows: 327
   cols: 32
   dt: u
   data: [ 78, 142, 236, 185, 234, 49, 173, 215, 188, 159, 214, 247, 137,
       38, 146, 203, 111, 223, 239, 149, 248, 219, 239, 224, 188, 231,
       254, 201, 181, 244, 181, 249, 177, 70, 191, 160, 196, 62, 84, 87,
       113, 107, 242, 94, 19, 56, 38, 121, 253, 205, 4, 36, 189, 247, 49,
       2, 243, 171, 116, 148, 233, 121, 234, 195, 130, 185, 131, 155,
       245, 197, 180, 199, 30, 75, 80, 51, 172, 254, 32, 192, 221, 59,
       147, 1, 119, 152, 18, 247, 45, 22, 154, 202, 144, 76, 181, 223,
       181, 151, 27, 142, 232, 69, 167, 121, 22, 79, 241, 253, 102, 228,
       234, 208, 220, 138, 134, 39, 223, 39, 170, 83, 48, 4, 42, 170, 88,
       74, 182, 213, 130, 222, 111, 157, 106, 67, 189, 106, 140, 118, 82,
       247, 212, 12, 181, 11, 239, 21, 51, 37, 228, 124, 7, 84, 68, 2,
       122, 132, 85, 120, 53, 251, 59, 72, 231, 223, 20, 83, 233, 125,
       86, 233, 83, 66, 89, 28, 180, 237, 120, 236, 54, 189, 141, 248,
       111, 221, 13, 106, 243, 192, 119, 142, 240, 252, 2, 187, 146, 187,
       235, 149, 176, 71, 158, 21, 72, 19, 172, 170, 96, 193, 239, 59,
       130, 1, 86, 216, 18, 241, 13, 16, 94, 75, 144, 76, 173, 142, 131,
       94, 134, 157, 172, 147, 186, 222, 95, 249, 90, 247, 220, 248, 246,
       228, 223, 111, 62, 13, 213, 248, 79, 245, 46, 26, 255, 174, 28,
       220, 153, 157, 35, 96, 231, 143, 84, 59, 232, 77, 87, 225, 83, 82,
       64, 152, 180, 172, 122, 204, 50, 29, 149, 248, 109, 220, 6, 58,
       209, 64, 111, 142, 248, 140, 130, 99, 238, 189, 79, 178, 185, 78,
       158, 180, 202, 135, 201, 206, 54, 66, 247, 109, 187, 133, 134,
       219, 143, 221, 12, 34, 155, 141, 21, 4, 53, 220, 34, 129, 28, 218,
       253, 221, 148, 239, 143, 53, 173, 24, 142, 156, 110, 52, 201, 19,
       234, 16, 94, 43, 91, 213, 187, 150, 21, 127, 210, 8, 204, 174, 55,
       83, 99, 69, 82, 30, 139, 88, 4, 224, 251, 238, 83, 5, 157, 36,
       126, 221, 215, 234, 201, 179, 117, 12, 113, 172, 41, 148, 109,
       187, 36, 241, 216, 80, 83, 238, 38, 2, 79, 184, 101, 34, 199, 98,
       119, 83, 169, 95, 114, 212, 44, 234, 72, 151, 233, 175, 209, 234,
       226, 0, 34, 179, 112, 33, 94, 251, 174, 191, 171, 66, 95, 188,
       183, 253, 198, 167, 77, 239, 83, 78, 55, 255, 253, 199, 220, 217,
       143, 189, 250, 247, 255, 237, 166, 183, 173, 91, 73, 185, 185,
       110, 60, 223, 211, 152, 202, 232, 61, 40, 243, 253, 95, 32, 150,
       126, 124, 123, 203, 105, 255, 61, 235, 253, 37, 60, 88, 59, 87,
       123, 158, 111, 98, 155, 203, 19, 174, 119, 53, 39, 211, 215, 8,
       142, 182, 205, 110, 143, 255, 231, 252, 159, 141, 226, 54, 36,
       158, 129, 47, 213, 169, 212, 17, 82, 141, 175, 46, 91, 144, 88,
       86, 248, 211, 98, 215, 120, 152, 96, 122, 205, 62, 71, 205, 240,
       111, 29, 220, 35, 235, 197, 125, 171, 57, 1, 250, 6, 238, 157,
       168, 50, 204, 123, 22, 150, 214, 215, 73, 239, 182, 200, 125, 239,
       189, 172, 188, 215, 207, 223, 138, 99, 255, 133, 55, 245, 252,
       212, 47, 172, 252, 223, 239, 255, 188, 239, 223, 247, 124, 182,
       105, 232, 254, 174, 59, 98, 242, 13, 182, 224, 175, 187, 14, 95,
       221, 239, 223, 252, 217, 220, 49, 3, 229, 79, 84, 27, 227, 121,
       87, 225, 243, 238, 115, 40, 148, 228, 88, 236, 54, 105, 169, 250,
       109, 174, 60, 46, 241, 192, 111, 171, 240, 172, 183, 207, 65, 154,
       215, 183, 134, 239, 93, 66, 88, 94, 96, 232, 191, 165, 217, 234,
       2, 111, 247, 54, 76, 191, 60, 14, 143, 110, 221, 127, 216, 132,
       150, 204, 174, 190, 181, 54, 158, 175, 159, 211, 154, 151, 229,
       238, 63, 73, 223, 115, 189, 167, 190, 229, 95, 191, 234, 247, 223,
       151, 156, 124, 185, 22, 169, 40, 241, 245, 117, 15, 225, 98, 88,
       171, 112, 90, 155, 56, 148, 173, 72, 44, 18, 9, 177, 254, 97, 142,
       13, 158, 240, 64, 197, 8, 114, 168, 35, 121, 167, 93, 77, 215,
       242, 106, 215, 232, 214, 3, 114, 252, 55, 164, 216, 108, 243, 69,
       205, 251, 255, 189, 51, 122, 193, 11, 79, 61, 112, 255, 127, 49,
       1, 232, 29, 70, 75, 104, 3, 232, 129, 74, 91, 87, 89, 246, 121,
       220, 28, 250, 73, 67, 251, 156, 153, 200, 143, 60, 59, 35, 48, 48,
       79, 232, 164, 31, 13, 189, 177, 138, 222, 247, 7, 29, 236, 224,
       94, 206, 129, 110, 234, 29, 134, 93, 255, 183, 14, 90, 95, 127,
       26, 44, 89, 78, 182, 204, 236, 83, 149, 187, 190, 238, 95, 115,
       113, 19, 105, 120, 63, 137, 249, 75, 147, 23, 119, 252, 28, 255,
       43, 94, 223, 103, 221, 125, 217, 142, 69, 17, 219, 236, 114, 36,
       107, 26, 35, 201, 110, 68, 61, 231, 161, 122, 118, 239, 52, 156,
       129, 146, 176, 74, 214, 172, 34, 136, 172, 243, 98, 49, 94, 170,
       172, 191, 153, 240, 152, 138, 150, 23, 137, 145, 235, 238, 74,
       202, 213, 95, 233, 149, 14, 72, 239, 177, 139, 243, 223, 255, 146,
       101, 13, 94, 146, 206, 12, 187, 149, 167, 158, 239, 28, 23, 200,
       23, 198, 42, 62, 73, 217, 195, 9, 167, 126, 173, 89, 255, 225,
       182, 222, 86, 153, 89, 185, 10, 89, 92, 251, 236, 36, 108, 95,
       154, 96, 66, 110, 0, 247, 247, 169, 122, 114, 229, 60, 14, 137,
       16, 183, 9, 211, 239, 98, 8, 188, 243, 97, 121, 188, 92, 158, 187,
       68, 231, 241, 80, 22, 166, 84, 51, 215, 125, 51, 9, 89, 56, 7,
       187, 40, 244, 24, 30, 77, 135, 239, 33, 245, 249, 117, 194, 167,
       206, 133, 154, 253, 133, 206, 190, 94, 27, 88, 86, 228, 106, 61,
       193, 221, 106, 19, 111, 246, 104, 74, 255, 45, 62, 223, 12, 156,
       121, 248, 133, 56, 176, 245, 244, 46, 7, 217, 248, 87, 184, 180,
       106, 91, 253, 253, 35, 94, 216, 23, 105, 200, 99, 107, 157, 91,
       203, 237, 182, 119, 168, 80, 161, 143, 122, 186, 216, 225, 181,
       184, 82, 222, 216, 84, 116, 156, 151, 225, 109, 199, 57, 23, 28,
       131, 212, 34, 208, 79, 26, 123, 234, 154, 25, 41, 183, 218, 166,
       166, 253, 174, 34, 57, 31, 22, 179, 198, 243, 221, 231, 176, 72,
       119, 223, 57, 157, 146, 219, 143, 215, 200, 227, 255, 204, 166,
       196, 161, 104, 3, 149, 39, 181, 164, 206, 169, 55, 252, 73, 91,
       85, 180, 189, 56, 65, 132, 35, 61, 13, 209, 184, 50, 205, 193, 58,
       250, 192, 12, 72, 145, 249, 115, 49, 109, 204, 14, 23, 25, 88, 7,
       232, 212, 207, 24, 158, 245, 110, 76, 157, 63, 237, 137, 67, 243,
       216, 19, 40, 171, 188, 61, 174, 48, 245, 189, 206, 117, 250, 252,
       37, 79, 248, 223, 26, 240, 98, 125, 251, 173, 237, 223, 66, 54,
       46, 99, 39, 42, 255, 58, 254, 231, 78, 182, 249, 112, 165, 202,
       203, 108, 255, 186, 130, 125, 61, 132, 148, 71, 162, 249, 103,
       146, 71, 70, 118, 189, 237, 122, 88, 107, 253, 239, 43, 238, 192,
       38, 150, 180, 121, 95, 75, 215, 173, 139, 18, 78, 143, 97, 194,
       170, 198, 77, 34, 147, 246, 246, 197, 252, 236, 205, 131, 37, 202,
       178, 255, 207, 134, 175, 244, 168, 28, 18, 157, 123, 248, 210,
       224, 185, 99, 132, 69, 222, 163, 40, 191, 36, 96, 106, 187, 147,
       145, 18, 139, 36, 221, 89, 37, 186, 203, 53, 0, 164, 122, 153,
       183, 86, 245, 50, 7, 78, 113, 116, 170, 211, 86, 255, 19, 144,
       129, 62, 173, 28, 174, 233, 212, 85, 142, 176, 203, 235, 144, 47,
       160, 1, 9, 53, 126, 147, 162, 120, 39, 3, 216, 147, 234, 184, 109,
       70, 240, 237, 156, 217, 228, 78, 118, 45, 99, 152, 62, 152, 150,
       5, 126, 217, 123, 122, 215, 26, 93, 50, 156, 119, 212, 190, 231,
       189, 76, 94, 3, 44, 190, 39, 196, 230, 123, 147, 193, 68, 153, 48,
       239, 51, 101, 158, 139, 19, 20, 173, 223, 26, 75, 34, 158, 116,
       210, 238, 224, 133, 12, 218, 163, 104, 206, 183, 196, 248, 249,
       151, 207, 76, 139, 2, 239, 50, 116, 170, 137, 22, 183, 60, 220,
       249, 105, 227, 68, 69, 94, 239, 252, 96, 172, 246, 10, 123, 249,
       19, 39, 56, 236, 124, 238, 216, 243, 181, 168, 115, 233, 229, 161,
       99, 186, 246, 232, 47, 161, 64, 200, 205, 177, 234, 251, 95, 33,
       125, 202, 8, 233, 252, 156, 89, 138, 178, 152, 19, 58, 222, 247,
       30, 30, 149, 108, 223, 143, 250, 128, 17, 158, 250, 252, 54, 167,
