%YAML:1.0
---
descriptors: !!opencv-matrix
   rows: 392
   cols: 32
   dt: u
   data: [ 198, 220, 146, 154, 255, 99, 182, 207, 158, 135, 201, 19, 204,
       254, 45, 200, 243, 95, 219, 19, 48, 79, 27, 250, 189, 54, 95, 59,
       148, 123, 173, 146, 252, 125, 253, 229, 239, 127, 95, 252, 18,
       254, 180, 42, 91, 61, 219, 187, 223, 212, 221, 239, 233, 119, 249,
       186, 255, 203, 237, 181, 103, 251, 86, 243, 255, 215, 215, 167,
       186, 18, 94, 252, 19, 234, 219, 254, 95, 124, 136, 246, 63, 215,
       252, 103, 237, 215, 207, 191, 186, 231, 101, 214, 47, 191, 168,
       29, 167, 184, 191, 93, 205, 229, 181, 203, 206, 87, 230, 26, 144,
       213, 102, 110, 205, 30, 122, 24, 51, 239, 243, 240, 85, 56, 17,
       126, 209, 72, 244, 246, 101, 223, 213, 69, 240, 106, 111, 190,
       112, 234, 122, 232, 211, 55, 137, 119, 23, 214, 124, 106, 233,
       212, 229, 46, 164, 190, 101, 148, 108, 241, 194, 57, 140, 150,
       189, 121, 235, 236, 181, 159, 158, 223, 126, 181, 156, 255, 78,
       75, 135, 119, 235, 16, 50, 236, 243, 66, 79, 51, 116, 219, 210,
       88, 133, 243, 195, 34, 142, 185, 13, 57, 224, 66, 134, 59, 147,
       87, 128, 138, 115, 203, 233, 4, 127, 157, 28, 215, 195, 144, 148,
       51, 250, 215, 136, 77, 120, 134, 164, 141, 127, 71, 228, 75, 239,
       184, 125, 230, 119, 136, 211, 101, 158, 55, 123, 196, 98, 110,
       113, 180, 125, 62, 111, 251, 69, 68, 99, 171, 199, 224, 214, 247,
       156, 134, 154, 58, 158, 136, 154, 186, 139, 239, 198, 237, 207,
       195, 23, 71, 237, 118, 116, 99, 203, 106, 250, 35, 111, 191, 200,
       127, 137, 19, 97, 252, 184, 246, 89, 100, 95, 190, 147, 246, 172,
       9, 242, 245, 67, 19, 209, 254, 121, 92, 40, 107, 251, 41, 251,
       191, 69, 60, 136, 121, 6, 122, 187, 126, 107, 252, 52, 131, 203,
       123, 20, 202, 212, 254, 51, 157, 180, 33, 92, 168, 23, 173, 233,
       167, 100, 159, 242, 105, 168, 144, 127, 172, 114, 249, 3, 160,
       170, 159, 64, 144, 56, 79, 126, 69, 66, 18, 177, 218, 254, 120,
       240, 43, 51, 129, 134, 152, 166, 67, 149, 45, 186, 137, 148, 0,
       59, 204, 40, 235, 91, 101, 116, 11, 102, 244, 101, 40, 126, 72,
       115, 9, 144, 16, 26, 172, 70, 106, 73, 178, 64, 29, 230, 221, 32,
       32, 106, 154, 74, 185, 93, 94, 239, 127, 50, 126, 91, 186, 119,
       78, 255, 160, 251, 125, 155, 113, 119, 252, 253, 174, 168, 244,
       237, 63, 243, 239, 97, 145, 247, 243, 36, 113, 1, 134, 109, 165,
       116, 15, 235, 63, 124, 174, 122, 68, 243, 105, 144, 64, 89, 78,
       46, 45, 161, 184, 85, 31, 108, 191, 119, 132, 204, 168, 81, 169,
       125, 95, 107, 238, 44, 6, 79, 248, 85, 74, 222, 102, 115, 249,
       177, 112, 122, 228, 61, 234, 201, 131, 253, 175, 242, 239, 239,
       152, 63, 187, 112, 113, 73, 107, 27, 110, 112, 143, 95, 112, 109,
       136, 127, 76, 255, 211, 129, 112, 150, 172, 68, 110, 201, 178,
       168, 63, 246, 253, 33, 32, 64, 163, 66, 33, 72, 156, 190, 215,
       253, 244, 181, 183, 222, 123, 30, 48, 176, 189, 102, 106, 197, 86,
       251, 16, 179, 253, 251, 183, 111, 191, 118, 71, 138, 88, 252, 59,
       192, 170, 222, 185, 242, 168, 56, 7, 190, 23, 102, 149, 173, 163,
       66, 91, 39, 59, 234, 20, 54, 92, 198, 211, 204, 183, 90, 65, 132,
       128, 137, 136, 185, 91, 69, 232, 60, 195, 203, 248, 87, 232, 144,
       238, 115, 221, 177, 229, 94, 184, 30, 124, 203, 43, 103, 156, 184,
       201, 173, 188, 63, 185, 112, 57, 207, 123, 71, 15, 106, 139, 43,
       56, 174, 232, 99, 236, 253, 199, 193, 246, 54, 109, 127, 238, 193,
       208, 239, 89, 4, 56, 33, 160, 14, 167, 3, 241, 136, 174, 222, 249,
       104, 169, 177, 135, 254, 23, 126, 176, 172, 179, 224, 75, 163, 59,
       106, 16, 50, 125, 130, 211, 204, 243, 114, 107, 212, 64, 135, 139,
       41, 165, 251, 67, 245, 189, 237, 95, 123, 37, 125, 76, 27, 233,
       220, 52, 123, 138, 86, 28, 155, 186, 252, 215, 111, 221, 20, 108,
       207, 202, 194, 164, 249, 73, 95, 252, 84, 70, 99, 212, 81, 64,
       246, 26, 51, 183, 163, 127, 104, 252, 22, 234, 41, 246, 240, 235,
       119, 168, 224, 0, 51, 249, 114, 232, 35, 43, 230, 31, 124, 187,
       232, 74, 123, 245, 125, 141, 106, 232, 214, 156, 190, 174, 242,
       29, 150, 250, 239, 253, 30, 58, 81, 227, 207, 143, 202, 220, 31,
       121, 247, 238, 35, 150, 31, 216, 173, 192, 205, 38, 109, 222, 43,
       244, 246, 249, 153, 227, 141, 131, 62, 233, 179, 249, 78, 10, 63,
       183, 39, 125, 156, 60, 150, 190, 139, 229, 84, 81, 187, 138, 225,
       12, 110, 255, 33, 25, 230, 179, 221, 130, 58, 71, 26, 249, 211,
       243, 75, 59, 152, 99, 47, 19, 132, 176, 145, 187, 252, 165, 169,
       219, 30, 187, 81, 86, 156, 147, 105, 73, 247, 27, 51, 25, 179,
       220, 91, 114, 77, 134, 63, 236, 152, 72, 33, 185, 133, 252, 23,
       219, 206, 153, 166, 208, 36, 2, 242, 118, 181, 208, 137, 164, 111,
       58, 74, 250, 99, 182, 89, 123, 44, 132, 38, 64, 104, 219, 171,
       161, 183, 237, 105, 83, 246, 51, 238, 238, 92, 123, 27, 242, 89,
       104, 220, 33, 63, 202, 22, 239, 245, 252, 45, 247, 62, 14, 255,
       228, 237, 251, 241, 245, 80, 177, 58, 226, 50, 205, 115, 117, 168,
       77, 63, 40, 182, 158, 10, 112, 166, 59, 93, 66, 214, 57, 176, 117,
       241, 201, 58, 240, 64, 2, 135, 75, 252, 118, 220, 119, 143, 62,
       86, 184, 19, 174, 183, 63, 75, 105, 79, 159, 61, 196, 237, 226,
       236, 103, 217, 170, 243, 235, 101, 183, 235, 127, 202, 23, 112,
       185, 154, 224, 48, 238, 113, 82, 35, 45, 238, 9, 23, 151, 66, 80,
       108, 159, 77, 152, 26, 155, 144, 21, 219, 229, 48, 117, 160, 129,
       6, 114, 86, 19, 142, 12, 27, 15, 158, 168, 63, 232, 134, 207, 194,
       224, 15, 198, 245, 197, 237, 238, 108, 227, 219, 206, 184, 62, 79,
       151, 200, 61, 41, 22, 65, 90, 63, 190, 60, 148, 187, 144, 238,
       216, 87, 68, 252, 222, 179, 98, 228, 101, 127, 79, 195, 193, 186,
       125, 197, 57, 43, 136, 8, 3, 49, 121, 105, 160, 221, 101, 108, 91,
       105, 25, 111, 253, 54, 40, 155, 11, 210, 178, 26, 132, 110, 60,
       13, 120, 227, 24, 206, 251, 97, 52, 98, 168, 66, 224, 200, 92, 59,
       109, 52, 14, 103, 54, 120, 14, 118, 0, 255, 179, 129, 112, 182,
       124, 108, 106, 97, 188, 177, 47, 231, 255, 36, 0, 64, 176, 71, 41,
       38, 236, 182, 222, 239, 99, 190, 207, 159, 183, 217, 187, 236,
       253, 45, 9, 255, 211, 255, 131, 112, 111, 75, 242, 189, 22, 223,
       187, 212, 123, 173, 155, 193, 11, 175, 213, 44, 46, 237, 55, 232,
       255, 18, 84, 183, 53, 148, 107, 132, 102, 125, 12, 209, 252, 227,
       1, 197, 186, 118, 144, 0, 248, 213, 121, 59, 162, 66, 93, 115,
       155, 234, 105, 127, 224, 247, 226, 107, 72, 190, 244, 126, 188,
       150, 184, 173, 178, 37, 222, 30, 111, 163, 133, 111, 172, 106,
       149, 232, 120, 186, 112, 104, 237, 113, 87, 235, 221, 37, 24, 31,
       159, 67, 26, 132, 180, 93, 24, 2, 107, 178, 0, 215, 249, 16, 121,
       194, 128, 78, 243, 87, 165, 215, 131, 254, 168, 234, 187, 43, 177,
       187, 202, 222, 107, 216, 190, 127, 199, 125, 189, 27, 203, 223,
       228, 188, 156, 143, 252, 165, 67, 163, 32, 134, 232, 250, 243,
       100, 169, 248, 208, 255, 19, 85, 146, 237, 205, 124, 9, 191, 41,
       23, 27, 178, 244, 14, 241, 14, 218, 91, 225, 247, 143, 83, 131,
       206, 78, 237, 167, 170, 58, 111, 151, 137, 118, 159, 215, 153, 47,
       147, 111, 103, 215, 255, 207, 249, 92, 237, 226, 230, 115, 254,
       132, 175, 253, 149, 112, 133, 104, 156, 191, 44, 137, 152, 152,
       222, 218, 144, 84, 255, 210, 225, 107, 198, 105, 127, 74, 227,
       101, 203, 179, 192, 211, 111, 184, 28, 121, 1, 129, 1, 34, 222,
       177, 84, 139, 168, 67, 62, 33, 242, 82, 149, 2, 144, 73, 107, 45,
       106, 152, 3, 254, 69, 72, 212, 160, 186, 0, 172, 136, 41, 160,
       222, 253, 219, 154, 155, 226, 30, 239, 191, 195, 201, 179, 76,
       246, 40, 217, 251, 255, 203, 162, 56, 79, 186, 254, 185, 167, 94,
       91, 177, 83, 175, 18, 52, 136, 171, 243, 124, 201, 171, 112, 28,
       120, 215, 226, 249, 95, 185, 105, 120, 184, 95, 234, 137, 243,
