%YAML:1.0
---
descriptors: !!opencv-matrix
   rows: 159
   cols: 32
   dt: u
   data: [ 129, 170, 29, 249, 44, 141, 81, 159, 95, 31, 80, 112, 182,
       147, 160, 105, 197, 42, 38, 12, 34, 124, 98, 179, 140, 156, 114,
       234, 16, 136, 193, 169, 32, 153, 29, 27, 185, 205, 148, 143, 222,
       89, 40, 25, 190, 221, 46, 0, 129, 59, 234, 1, 82, 40, 82, 51, 101,
       20, 16, 123, 80, 8, 141, 155, 250, 88, 255, 244, 46, 78, 93, 52,
       169, 254, 182, 63, 123, 127, 7, 91, 238, 245, 253, 226, 232, 199,
       251, 232, 211, 235, 231, 145, 39, 241, 102, 123, 213, 78, 77, 167,
       36, 18, 110, 184, 100, 234, 151, 198, 211, 106, 155, 99, 126, 229,
       60, 239, 205, 212, 205, 40, 244, 235, 239, 132, 45, 179, 120, 17,
       220, 114, 214, 225, 35, 26, 124, 80, 41, 166, 55, 253, 79, 11, 73,
       155, 182, 149, 237, 34, 4, 213, 129, 192, 214, 241, 113, 135, 106,
       181, 15, 19, 109, 83, 189, 239, 44, 15, 111, 184, 206, 232, 247,
       76, 211, 249, 185, 99, 220, 228, 126, 110, 233, 99, 251, 152, 231,
       249, 231, 180, 28, 187, 112, 49, 34, 191, 2, 154, 125, 185, 182,
       239, 222, 69, 88, 237, 172, 232, 38, 132, 223, 43, 131, 5, 150,
       58, 74, 255, 44, 22, 31, 43, 222, 78, 219, 223, 241, 77, 70, 236,
       23, 18, 70, 104, 101, 128, 242, 2, 99, 104, 53, 231, 120, 228,
       108, 234, 108, 163, 61, 141, 179, 234, 195, 17, 119, 63, 120, 14,
       128, 166, 145, 155, 252, 137, 169, 175, 30, 49, 81, 248, 157, 66,
       200, 76, 79, 27, 106, 29, 51, 92, 207, 215, 76, 22, 254, 252, 156,
       136, 129, 168, 86, 40, 174, 214, 141, 118, 169, 128, 234, 190,
       135, 8, 192, 242, 87, 111, 225, 116, 121, 155, 40, 71, 171, 64,
       217, 50, 207, 29, 128, 115, 61, 38, 254, 88, 255, 252, 45, 110,
       125, 20, 169, 222, 182, 63, 255, 127, 7, 91, 230, 245, 253, 226,
       232, 71, 243, 232, 215, 251, 251, 144, 39, 241, 118, 123, 9, 163,
       24, 185, 246, 157, 169, 223, 94, 57, 92, 114, 189, 131, 232, 228,
       119, 10, 166, 12, 83, 24, 3, 145, 236, 205, 62, 228, 30, 136, 137,
       169, 215, 112, 215, 160, 35, 46, 120, 64, 41, 243, 163, 189, 143,
       142, 79, 158, 167, 149, 237, 180, 5, 213, 145, 192, 152, 240, 91,
       6, 170, 85, 3, 84, 245, 237, 229, 102, 204, 71, 207, 252, 64, 226,
       169, 78, 83, 124, 85, 35, 88, 228, 112, 239, 233, 99, 253, 42,
       121, 14, 197, 60, 109, 251, 210, 240, 117, 231, 200, 69, 220, 42,
       78, 175, 32, 163, 233, 200, 67, 98, 220, 50, 89, 198, 64, 190, 90,
       82, 205, 42, 172, 174, 133, 20, 165, 243, 218, 32, 215, 64, 174,
       158, 13, 214, 169, 64, 237, 198, 199, 2, 244, 242, 55, 111, 240,
       229, 121, 203, 72, 199, 179, 200, 145, 50, 202, 27, 0, 51, 53,
       102, 169, 164, 147, 103, 52, 111, 97, 57, 120, 1, 107, 88, 247,
       113, 8, 176, 153, 14, 96, 8, 59, 252, 241, 7, 141, 255, 16, 64,
       64, 2, 67, 168, 214, 72, 46, 222, 13, 208, 131, 96, 204, 4, 199,
       2, 224, 248, 55, 103, 232, 112, 251, 203, 106, 163, 59, 253, 209,
       50, 202, 27, 21, 59, 61, 38, 33, 219, 57, 251, 188, 141, 67, 150,
       86, 13, 108, 64, 179, 81, 160, 96, 192, 58, 6, 88, 219, 168, 115,
       63, 233, 205, 36, 88, 16, 138, 212, 105, 216, 252, 179, 186, 27,
       205, 19, 182, 182, 12, 130, 49, 191, 151, 96, 64, 225, 81, 125,
       210, 106, 13, 155, 179, 249, 224, 46, 120, 48, 0, 37, 123, 189,
       99, 231, 74, 236, 27, 198, 216, 86, 218, 185, 72, 91, 200, 253,
       173, 59, 200, 70, 127, 207, 99, 15, 56, 58, 9, 37, 60, 127, 251,
       250, 133, 248, 221, 23, 236, 29, 198, 86, 167, 229, 200, 138, 2,
       43, 63, 32, 243, 192, 180, 233, 224, 105, 139, 17, 140, 179, 227,
       196, 19, 50, 28, 116, 58, 233, 73, 31, 85, 172, 79, 69, 55, 252,
       184, 166, 8, 151, 49, 145, 123, 128, 100, 108, 104, 105, 233, 113,
       44, 229, 185, 101, 16, 64, 184, 80, 40, 61, 141, 115, 207, 246,
       11, 239, 248, 117, 164, 255, 194, 115, 97, 185, 116, 126, 238, 23,
       250, 201, 178, 109, 175, 124, 172, 167, 132, 103, 251, 112, 161,
       17, 219, 81, 105, 50, 139, 99, 157, 102, 65, 74, 228, 247, 195,
       168, 228, 118, 58, 14, 72, 195, 152, 47, 61, 164, 132, 35, 68, 56,
       130, 161, 169, 112, 160, 191, 120, 137, 237, 81, 67, 227, 23, 164,
       24, 23, 247, 64, 26, 129, 178, 109, 16, 26, 107, 178, 17, 219,
       217, 80, 125, 224, 64, 230, 34, 153, 223, 95, 237, 150, 15, 103,
       245, 116, 104, 246, 118, 115, 101, 176, 65, 124, 228, 46, 238,
       249, 185, 57, 15, 246, 171, 231, 128, 45, 186, 240, 57, 93, 66,
       233, 231, 36, 42, 110, 152, 96, 234, 223, 198, 211, 110, 153, 114,
       118, 196, 124, 239, 205, 212, 237, 40, 244, 233, 231, 148, 45,
       243, 88, 49, 118, 32, 209, 97, 194, 106, 232, 72, 43, 243, 161,
       24, 150, 126, 93, 58, 187, 221, 120, 49, 1, 118, 217, 64, 157,
       152, 69, 52, 193, 113, 67, 160, 25, 159, 75, 171, 180, 207, 227,
       245, 36, 72, 250, 102, 115, 119, 160, 96, 124, 170, 30, 252, 249,
       185, 57, 63, 252, 205, 167, 192, 105, 202, 224, 249, 68, 176, 185,
       113, 168, 237, 49, 155, 234, 251, 63, 124, 214, 253, 72, 58, 167,
       23, 124, 16, 147, 116, 187, 2, 205, 151, 53, 246, 200, 65, 135,
       51, 89, 223, 83, 173, 82, 154, 190, 254, 60, 64, 94, 230, 109, 39,
       178, 196, 54, 247, 150, 229, 149, 152, 5, 255, 60, 103, 42, 128,
       63, 151, 169, 25, 27, 157, 198, 200, 181, 178, 78, 119, 69, 129,
       206, 38, 8, 50, 166, 228, 121, 182, 154, 152, 191, 139, 49, 206,
       186, 127, 150, 83, 186, 206, 248, 12, 25, 139, 122, 217, 55, 155,
       120, 127, 127, 101, 126, 34, 173, 130, 162, 228, 55, 42, 166, 28,
       214, 152, 37, 215, 206, 239, 50, 69, 54, 140, 173, 205, 107, 219,
       115, 204, 118, 130, 251, 116, 77, 76, 250, 231, 121, 205, 182,
       240, 126, 172, 151, 110, 197, 187, 52, 253, 54, 60, 162, 200, 127,
       142, 112, 217, 70, 188, 18, 152, 171, 217, 180, 230, 189, 19, 128,
       33, 140, 182, 99, 73, 163, 59, 202, 17, 118, 9, 18, 241, 185, 214,
       94, 123, 144, 84, 45, 143, 201, 176, 189, 241, 172, 124, 249, 159,
       106, 59, 182, 92, 155, 57, 88, 107, 133, 86, 125, 24, 179, 108,
       251, 209, 207, 219, 117, 116, 202, 200, 193, 43, 84, 188, 152,
       182, 185, 236, 50, 158, 190, 139, 138, 92, 247, 243, 65, 90, 129,
       119, 108, 17, 63, 73, 219, 35, 249, 247, 63, 120, 136, 113, 137,
       27, 117, 66, 253, 103, 44, 42, 79, 24, 101, 170, 183, 136, 211,
       97, 157, 127, 122, 196, 108, 110, 137, 244, 237, 8, 194, 235, 97,
       20, 239, 251, 66, 33, 233, 72, 191, 86, 45, 94, 116, 52, 248, 186,
       166, 24, 190, 145, 65, 251, 128, 100, 104, 74, 97, 237, 179, 32,
       215, 251, 84, 19, 66, 56, 75, 42, 253, 71, 196, 174, 173, 27, 70,
       248, 71, 232, 157, 206, 75, 104, 251, 230, 122, 196, 252, 111,
       205, 99, 47, 152, 250, 217, 101, 181, 127, 255, 248, 68, 120, 168,
       190, 216, 205, 213, 17, 195, 195, 85, 164, 25, 46, 191, 98, 159,
       201, 178, 235, 16, 30, 107, 242, 145, 219, 83, 82, 123, 146, 12,
       174, 238, 145, 159, 111, 239, 182, 206, 111, 245, 116, 72, 246,
       246, 115, 87, 146, 113, 126, 180, 31, 238, 249, 156, 109, 63, 254,
       235, 166, 192, 37, 130, 228, 121, 109, 160, 181, 115, 205, 61, 96,
       27, 119, 251, 37, 24, 219, 121, 92, 191, 137, 78, 122, 28, 191,
       120, 251, 176, 79, 223, 81, 116, 194, 197, 218, 166, 3, 173, 33,
       187, 147, 253, 170, 239, 31, 65, 88, 139, 172, 252, 54, 164, 185,
       43, 19, 149, 23, 56, 94, 255, 173, 86, 31, 123, 213, 14, 147, 222,
       2, 172, 170, 147, 213, 229, 163, 207, 126, 61, 92, 16, 160, 184,
       94, 36, 153, 91, 19, 145, 178, 248, 186, 247, 45, 22, 159, 103,
       197, 64, 183, 174, 222, 32, 174, 212, 141, 244, 176, 64, 238, 190,
       135, 24, 202, 242, 69, 251, 241, 244, 233, 185, 56, 199, 147, 64,
       219, 35, 207, 127, 128, 97, 63, 2, 87, 32, 215, 160, 131, 104,
       121, 64, 43, 241, 163, 137, 15, 6, 79, 127, 167, 149, 253, 149,
       15, 209, 177, 192, 153, 208, 91, 6, 160, 117, 35, 116, 181, 197,
