%YAML:1.0
---
descriptors: !!opencv-matrix
   rows: 428
   cols: 32
   dt: u
   data: [ 41, 76, 243, 78, 85, 150, 238, 214, 81, 2, 232, 66, 49, 242,
       181, 244, 88, 252, 18, 202, 201, 178, 244, 233, 51, 188, 130, 8,
       91, 251, 114, 172, 165, 171, 25, 106, 240, 143, 99, 177, 124, 8,
       113, 76, 183, 211, 128, 113, 150, 40, 70, 94, 243, 186, 88, 63,
       237, 185, 36, 104, 88, 131, 195, 161, 248, 49, 92, 96, 168, 205,
       81, 20, 161, 156, 164, 8, 151, 151, 67, 27, 2, 176, 77, 88, 26,
       73, 242, 4, 203, 137, 32, 121, 224, 128, 70, 235, 59, 33, 23, 237,
       29, 215, 224, 73, 207, 168, 209, 66, 141, 153, 48, 164, 104, 56,
       150, 41, 1, 35, 50, 221, 133, 216, 139, 191, 119, 10, 81, 172,
       111, 182, 229, 23, 230, 58, 57, 59, 123, 119, 123, 253, 201, 124,
       158, 191, 31, 199, 252, 165, 189, 240, 239, 195, 14, 126, 249,
       198, 175, 229, 210, 85, 188, 243, 26, 122, 121, 205, 86, 248, 115,
       12, 117, 73, 127, 203, 9, 16, 184, 184, 70, 106, 74, 182, 138, 63,
       247, 205, 33, 169, 106, 147, 78, 139, 33, 64, 254, 77, 108, 151,
       169, 92, 86, 249, 119, 6, 80, 1, 150, 109, 92, 76, 51, 220, 129,
       248, 253, 125, 70, 43, 243, 192, 93, 137, 112, 184, 141, 169, 191,
       223, 203, 209, 189, 232, 190, 150, 69, 16, 252, 246, 243, 235,
       163, 122, 250, 207, 98, 92, 186, 115, 79, 43, 79, 41, 18, 118, 37,
       236, 96, 153, 248, 64, 205, 125, 81, 154, 79, 253, 60, 10, 26, 61,
       87, 62, 129, 150, 98, 88, 144, 58, 115, 240, 95, 223, 81, 127,
       243, 137, 84, 106, 6, 160, 58, 211, 101, 253, 240, 202, 207, 29,
       125, 19, 142, 220, 126, 40, 185, 26, 183, 83, 150, 249, 58, 241,
       79, 89, 82, 111, 218, 75, 93, 151, 221, 240, 189, 246, 173, 78,
       71, 152, 59, 251, 131, 92, 223, 119, 73, 59, 149, 68, 125, 126,
       251, 69, 251, 34, 217, 251, 69, 124, 138, 179, 195, 49, 125, 93,
       103, 237, 28, 6, 79, 248, 85, 224, 234, 14, 83, 97, 49, 112, 120,
       196, 58, 234, 73, 163, 249, 15, 243, 239, 193, 28, 57, 187, 112,
       32, 251, 33, 120, 72, 73, 213, 82, 72, 195, 20, 229, 8, 42, 222,
       39, 181, 216, 136, 206, 106, 14, 35, 250, 157, 19, 217, 1, 63,
       115, 143, 110, 198, 194, 113, 27, 156, 206, 64, 164, 109, 184,
       226, 240, 223, 68, 254, 40, 139, 254, 117, 107, 227, 113, 71, 146,
       202, 53, 50, 207, 62, 9, 57, 167, 151, 52, 141, 130, 255, 220, 9,
       238, 237, 22, 163, 202, 18, 227, 227, 105, 64, 121, 254, 107, 238,
       122, 243, 73, 235, 188, 238, 215, 21, 181, 251, 177, 136, 219, 17,
       107, 173, 54, 111, 187, 82, 12, 101, 95, 167, 125, 188, 51, 96,
       118, 47, 31, 101, 133, 177, 53, 219, 212, 44, 43, 130, 52, 239,
       49, 85, 72, 88, 119, 253, 32, 202, 105, 22, 44, 6, 110, 160, 255,
       23, 128, 112, 98, 180, 61, 8, 75, 156, 113, 61, 197, 255, 178,
       128, 38, 144, 68, 120, 90, 38, 114, 200, 251, 179, 30, 79, 189,
       38, 220, 154, 13, 199, 162, 213, 55, 59, 223, 174, 112, 7, 4, 222,
       242, 253, 26, 185, 182, 213, 171, 165, 218, 61, 158, 186, 203,
       228, 21, 207, 191, 147, 160, 28, 126, 246, 97, 89, 231, 243, 223,
       144, 59, 79, 154, 243, 249, 211, 95, 59, 152, 112, 167, 19, 141,
       174, 165, 155, 190, 251, 167, 218, 94, 127, 218, 247, 163, 228,
       183, 205, 107, 110, 234, 29, 183, 184, 111, 179, 188, 96, 39, 36,
       214, 221, 245, 245, 133, 140, 125, 85, 236, 111, 237, 190, 95,
       115, 119, 30, 242, 53, 159, 47, 35, 70, 118, 46, 177, 252, 127,
       213, 77, 58, 117, 36, 223, 248, 81, 248, 173, 152, 190, 213, 236,
       118, 181, 191, 94, 255, 86, 20, 208, 61, 150, 111, 201, 70, 51,
       28, 177, 252, 115, 194, 79, 63, 255, 198, 138, 120, 249, 251, 88,
       188, 224, 241, 149, 244, 250, 179, 119, 169, 158, 34, 121, 127,
       213, 224, 117, 246, 189, 144, 155, 248, 233, 255, 127, 207, 167,
       227, 175, 196, 124, 27, 67, 217, 151, 92, 91, 212, 176, 103, 255,
       17, 224, 4, 172, 154, 36, 245, 230, 59, 234, 192, 7, 107, 178,
       253, 23, 122, 82, 11, 90, 4, 43, 142, 253, 123, 104, 100, 166, 22,
       223, 252, 96, 236, 156, 110, 83, 93, 215, 54, 126, 204, 29, 238,
       201, 39, 237, 170, 242, 201, 167, 188, 111, 179, 242, 121, 106,
       232, 34, 126, 77, 221, 146, 96, 203, 20, 181, 9, 110, 220, 126,
       21, 136, 187, 211, 71, 78, 111, 218, 253, 27, 80, 89, 59, 87, 15,
       94, 206, 156, 189, 51, 124, 139, 196, 23, 250, 187, 90, 224, 28,
       62, 255, 40, 113, 183, 251, 221, 98, 115, 75, 18, 255, 243, 251,
       86, 58, 90, 65, 167, 187, 53, 67, 99, 205, 4, 22, 207, 120, 68,
       140, 243, 198, 115, 69, 181, 224, 124, 220, 6, 238, 201, 179, 53,
       140, 49, 168, 163, 0, 101, 187, 116, 176, 152, 177, 111, 235, 132,
       202, 113, 21, 52, 85, 71, 179, 215, 23, 8, 65, 98, 190, 63, 152,
       90, 152, 81, 5, 197, 161, 178, 64, 36, 136, 180, 114, 230, 172,
       182, 158, 105, 109, 153, 234, 159, 63, 176, 25, 236, 255, 110, 31,
       217, 219, 251, 1, 50, 111, 218, 243, 153, 182, 95, 127, 208, 108,
       7, 218, 166, 188, 151, 158, 223, 253, 145, 203, 159, 183, 168, 26,
       238, 254, 111, 207, 219, 255, 251, 17, 51, 75, 250, 251, 153, 54,
       95, 123, 144, 104, 47, 190, 184, 30, 88, 121, 50, 171, 18, 50, 94,
       138, 124, 244, 247, 225, 162, 81, 87, 58, 134, 44, 163, 180, 68,
       31, 226, 237, 33, 136, 126, 203, 72, 153, 53, 82, 99, 77, 0, 7,
       79, 120, 36, 236, 247, 143, 83, 69, 183, 84, 124, 228, 7, 238,
       201, 179, 113, 12, 113, 168, 161, 144, 123, 187, 96, 240, 106,
       161, 176, 178, 221, 221, 149, 239, 139, 181, 148, 27, 174, 221,
       78, 14, 137, 219, 243, 17, 86, 107, 218, 241, 255, 81, 95, 127,
       194, 12, 159, 202, 118, 168, 237, 136, 218, 195, 153, 203, 2, 245,
       192, 139, 0, 14, 103, 81, 111, 157, 179, 181, 30, 94, 213, 92, 93,
       0, 143, 111, 181, 0, 54, 210, 197, 12, 157, 181, 164, 42, 104, 19,
       108, 147, 162, 80, 151, 35, 193, 91, 195, 102, 108, 28, 57, 232,
       209, 0, 140, 243, 114, 16, 136, 225, 1, 8, 197, 237, 171, 246,
       164, 34, 238, 251, 186, 218, 30, 193, 213, 239, 251, 98, 183, 111,
       61, 127, 245, 69, 170, 42, 234, 175, 239, 236, 140, 243, 249, 241,
       107, 184, 53, 30, 77, 221, 147, 202, 207, 252, 132, 8, 242, 220,
       119, 110, 201, 122, 251, 83, 135, 103, 250, 189, 95, 91, 137, 59,
       82, 45, 84, 230, 11, 254, 247, 85, 178, 155, 171, 127, 126, 173,
       114, 246, 105, 192, 180, 228, 55, 127, 110, 188, 241, 217, 45,
       255, 44, 46, 63, 192, 111, 132, 161, 189, 25, 144, 21, 201, 29,
       215, 64, 104, 207, 216, 244, 66, 234, 210, 228, 228, 248, 168,
       174, 56, 15, 33, 115, 221, 143, 216, 131, 39, 26, 44, 120, 12, 88,
       50, 123, 225, 98, 15, 57, 80, 44, 232, 246, 230, 157, 23, 131,
       112, 126, 157, 23, 220, 129, 146, 225, 200, 212, 233, 170, 128,
       45, 128, 39, 241, 92, 184, 188, 242, 202, 237, 17, 155, 162, 127,
       165, 25, 63, 63, 65, 26, 135, 147, 253, 16, 27, 75, 250, 49, 219,
       199, 125, 123, 176, 65, 135, 123, 219, 28, 180, 189, 171, 52, 188,
       50, 248, 218, 176, 117, 204, 58, 7, 91, 199, 119, 253, 161, 181,
       79, 210, 192, 137, 243, 250, 154, 153, 101, 43, 159, 115, 2, 111,
       237, 110, 2, 233, 120, 22, 200, 214, 226, 213, 207, 181, 96, 94,
       157, 127, 173, 201, 211, 231, 220, 214, 171, 235, 140, 61, 168,
       48, 241, 248, 132, 187, 115, 133, 204, 103, 135, 244, 11, 247, 16,
       243, 177, 88, 120, 121, 226, 124, 10, 122, 172, 250, 35, 239, 239,
       52, 65, 227, 216, 198, 42, 100, 185, 152, 176, 248, 205, 86, 143,
       34, 181, 168, 9, 183, 251, 74, 18, 145, 219, 105, 80, 30, 74, 218,
       53, 251, 213, 5, 125, 144, 2, 134, 10, 180, 219, 239, 166, 228,
       78, 94, 245, 17, 247, 243, 151, 83, 44, 126, 115, 205, 199, 37,
       66, 93, 251, 57, 32, 251, 235, 244, 69, 101, 250, 252, 216, 113,
       89, 247, 207, 68, 70, 111, 252, 101, 66, 246, 2, 113, 55, 169,
       118, 120, 212, 62, 234, 9, 147, 185, 233, 119, 174, 226, 4, 55,
