%YAML:1.0
---
descriptors: !!opencv-matrix
   rows: 148
   cols: 32
   dt: u
   data: [ 88, 143, 21, 237, 187, 234, 71, 55, 133, 12, 206, 224, 239,
       103, 32, 197, 70, 50, 204, 106, 57, 137, 65, 61, 169, 242, 32, 88,
       50, 234, 4, 41, 158, 141, 229, 247, 199, 208, 110, 180, 49, 209,
       54, 130, 121, 111, 221, 231, 43, 246, 181, 218, 127, 248, 175,
       229, 110, 235, 246, 193, 167, 247, 220, 154, 202, 133, 109, 221,
       186, 66, 109, 63, 164, 20, 6, 162, 249, 39, 136, 71, 102, 86, 125,
       232, 114, 200, 107, 221, 109, 171, 238, 196, 38, 128, 164, 121,
       55, 88, 167, 157, 93, 215, 226, 106, 215, 232, 222, 7, 80, 252,
       55, 36, 216, 236, 115, 239, 205, 243, 127, 189, 83, 122, 203, 135,
       95, 61, 112, 246, 87, 27, 174, 157, 93, 22, 186, 88, 151, 216,
       215, 199, 89, 238, 55, 98, 252, 253, 187, 239, 141, 211, 191, 221,
       19, 111, 203, 140, 29, 175, 56, 244, 12, 217, 149, 202, 173, 13,
       7, 152, 142, 26, 181, 40, 214, 243, 233, 238, 81, 80, 238, 122,
       74, 33, 123, 49, 233, 159, 101, 60, 146, 123, 133, 35, 134, 166,
       156, 219, 236, 165, 184, 207, 63, 59, 219, 115, 156, 235, 252, 72,
       253, 27, 59, 149, 18, 126, 203, 243, 28, 28, 159, 236, 144, 201,
       185, 129, 7, 142, 134, 222, 180, 134, 238, 248, 150, 19, 216, 86,
       249, 234, 61, 65, 221, 235, 59, 239, 239, 195, 10, 255, 168, 255,
       223, 140, 156, 243, 248, 136, 138, 137, 18, 153, 97, 149, 188, 71,
       30, 21, 72, 151, 172, 162, 102, 197, 231, 59, 163, 128, 86, 216,
       18, 241, 12, 52, 154, 75, 152, 76, 169, 158, 10, 93, 50, 220, 117,
       212, 190, 103, 189, 12, 94, 35, 44, 190, 39, 196, 230, 59, 147,
       65, 68, 153, 48, 239, 51, 117, 158, 131, 2, 28, 173, 223, 47, 161,
       64, 218, 205, 177, 234, 219, 87, 33, 125, 10, 8, 233, 252, 172,
       91, 138, 178, 152, 151, 58, 222, 247, 30, 31, 149, 108, 223, 143,
       250, 132, 27, 75, 2, 142, 117, 150, 238, 224, 132, 12, 222, 67,
       96, 202, 183, 196, 248, 232, 23, 239, 204, 147, 0, 237, 50, 44,
       170, 128, 18, 55, 120, 205, 57, 207, 99, 173, 180, 146, 110, 246,
       101, 76, 254, 228, 107, 40, 183, 196, 90, 238, 14, 238, 205, 187,
       101, 191, 186, 253, 166, 128, 127, 190, 120, 76, 121, 233, 110,
       68, 69, 94, 239, 228, 96, 172, 246, 10, 115, 233, 146, 39, 56,
       236, 124, 234, 72, 251, 165, 40, 115, 105, 229, 161, 99, 186, 246,
       232, 129, 55, 91, 233, 172, 42, 237, 83, 108, 72, 254, 246, 157,
       27, 144, 96, 126, 141, 94, 172, 193, 179, 101, 206, 244, 185, 170,
       128, 109, 192, 227, 177, 16, 121, 89, 231, 50, 79, 123, 112, 45,
       4, 122, 40, 191, 23, 1, 16, 182, 185, 93, 226, 64, 176, 49, 125,
       213, 197, 34, 130, 32, 131, 7, 123, 131, 157, 147, 155, 215, 181,
       184, 231, 30, 1, 73, 18, 172, 246, 40, 228, 221, 59, 147, 145, 51,
       152, 58, 247, 13, 22, 154, 66, 144, 12, 185, 172, 53, 83, 66, 142,
       118, 18, 206, 120, 69, 200, 251, 230, 83, 200, 181, 228, 94, 252,
       134, 235, 205, 179, 5, 140, 48, 44, 163, 128, 127, 187, 120, 149,
       53, 83, 99, 76, 120, 23, 206, 120, 5, 232, 251, 204, 115, 196,
       189, 244, 92, 252, 22, 238, 201, 179, 117, 13, 48, 172, 161, 144,
       123, 186, 112, 245, 27, 90, 229, 221, 62, 51, 232, 127, 86, 225,
       91, 242, 89, 248, 180, 236, 122, 110, 54, 217, 165, 248, 111, 253,
       15, 106, 255, 196, 119, 173, 241, 173, 165, 95, 117, 67, 230, 234,
       231, 148, 117, 49, 126, 118, 243, 81, 157, 124, 121, 222, 102, 90,
       179, 176, 109, 102, 102, 168, 36, 0, 239, 219, 194, 184, 86, 233,
       238, 190, 184, 2, 95, 172, 151, 133, 206, 135, 109, 239, 115, 82,
       215, 255, 125, 199, 88, 203, 155, 233, 251, 118, 205, 221, 164,
       183, 36, 90, 145, 70, 205, 191, 54, 42, 106, 56, 86, 234, 83, 246,
       211, 40, 152, 105, 119, 204, 54, 239, 237, 244, 109, 63, 204, 162,
       245, 196, 60, 185, 16, 81, 167, 6, 230, 189, 172, 55, 236, 159,
       87, 243, 210, 215, 195, 232, 191, 73, 223, 110, 63, 29, 189, 246,
       223, 158, 170, 126, 253, 212, 159, 252, 248, 148, 26, 162, 134,
       157, 191, 187, 176, 203, 255, 191, 139, 179, 238, 248, 239, 204,
       179, 111, 253, 21, 54, 217, 143, 153, 138, 118, 95, 183, 158, 109,
       25, 71, 92, 203, 217, 126, 170, 89, 71, 184, 206, 182, 173, 40,
       223, 242, 233, 246, 19, 80, 236, 122, 74, 97, 235, 57, 169, 199,
       101, 61, 242, 251, 5, 37, 125, 225, 153, 234, 188, 86, 67, 248,
       194, 216, 189, 8, 83, 208, 235, 242, 217, 200, 28, 122, 207, 99,
       234, 61, 187, 205, 37, 60, 144, 187, 122, 101, 70, 150, 159, 246,
       233, 108, 53, 159, 187, 31, 27, 125, 238, 247, 72, 91, 167, 87,
       237, 16, 49, 74, 171, 226, 253, 182, 126, 202, 128, 80, 167, 123,
       172, 254, 135, 179, 173, 175, 133, 230, 158, 255, 144, 61, 198,
       165, 98, 143, 201, 106, 194, 22, 48, 253, 74, 178, 136, 211, 117,
       119, 216, 93, 148, 219, 249, 203, 99, 76, 61, 210, 199, 244, 193,
       204, 246, 104, 115, 208, 182, 181, 88, 228, 220, 107, 233, 175,
       228, 175, 179, 249, 165, 153, 71, 190, 118, 109, 41, 143, 106,
       237, 180, 147, 78, 119, 69, 68, 254, 229, 235, 41, 182, 224, 220,
       174, 14, 44, 205, 187, 101, 159, 234, 253, 166, 128, 94, 206, 248,
       92, 39, 172, 248, 88, 221, 245, 176, 207, 91, 183, 248, 26, 0,
       232, 127, 61, 217, 202, 98, 21, 182, 114, 250, 211, 63, 28, 149,
       127, 209, 88, 218, 134, 9, 18, 123, 233, 100, 11, 233, 115, 125,
       64, 246, 230, 157, 15, 176, 113, 110, 141, 95, 172, 129, 187, 101,
       204, 214, 253, 186, 128, 157, 136, 97, 185, 225, 73, 82, 94, 77,
       148, 102, 100, 241, 128, 226, 74, 104, 178, 181, 245, 120, 236,
       34, 232, 205, 191, 134, 254, 50, 184, 194, 10, 27, 184, 104, 140,
       30, 235, 162, 154, 203, 145, 186, 228, 173, 36, 215, 139, 236,
       238, 47, 220, 126, 255, 235, 215, 92, 131, 239, 252, 159, 118,
       207, 251, 151, 63, 47, 206, 53, 75, 98, 142, 126, 18, 206, 112,
       197, 192, 219, 230, 115, 200, 183, 196, 94, 236, 22, 239, 205,
       163, 76, 143, 50, 44, 161, 152, 127, 191, 120, 212, 45, 67, 67,
       76, 124, 23, 206, 120, 69, 128, 249, 200, 115, 200, 181, 228, 92,
       236, 22, 238, 205, 163, 108, 29, 32, 172, 161, 156, 119, 186, 88,
       164, 3, 229, 132, 159, 157, 191, 238, 239, 222, 243, 74, 87, 237,
       232, 126, 228, 81, 110, 122, 95, 247, 248, 223, 255, 44, 58, 223,
       44, 30, 127, 217, 140, 129, 2, 111, 241, 102, 11, 233, 120, 116,
       242, 114, 246, 211, 8, 144, 105, 126, 12, 126, 45, 161, 244, 229,
       12, 68, 170, 243, 132, 109, 168, 81, 177, 53, 67, 105, 76, 124, 7,
       203, 120, 68, 164, 249, 78, 83, 72, 181, 32, 92, 204, 86, 238,
       201, 179, 117, 12, 48, 172, 161, 52, 125, 187, 112, 164, 118, 169,
       206, 236, 24, 2, 75, 232, 34, 164, 234, 133, 117, 227, 9, 80, 114,
       245, 125, 236, 72, 195, 153, 29, 248, 229, 175, 84, 41, 162, 34,
       32, 45, 173, 67, 27, 207, 153, 166, 232, 117, 114, 251, 66, 232,
       248, 253, 228, 121, 238, 234, 239, 247, 243, 207, 251, 62, 110,
       135, 75, 239, 127, 120, 140, 189, 6, 197, 157, 118, 43, 107, 59,
       87, 226, 86, 246, 91, 101, 153, 236, 127, 204, 54, 172, 233, 244,
       109, 159, 44, 46, 245, 196, 47, 236, 80, 113, 117, 99, 89, 236,
       126, 75, 71, 248, 66, 228, 172, 8, 87, 209, 235, 50, 18, 204, 100,
       106, 77, 99, 239, 28, 251, 141, 37, 61, 112, 187, 78, 97, 181,
       221, 157, 191, 157, 207, 198, 170, 222, 250, 130, 68, 247, 248,
       33, 99, 209, 102, 124, 107, 45, 237, 91, 191, 169, 255, 239, 20,
       152, 121, 81, 58, 183, 207, 99, 78, 252, 175, 207, 252, 157, 74,
       252, 207, 112, 237, 191, 37, 61, 234, 87, 238, 251, 35, 46, 255,
       48, 14, 165, 188, 95, 255, 240, 244, 175, 77, 134, 159, 205, 179,
       182, 205, 95, 251, 91, 87, 72, 232, 62, 196, 217, 110, 186, 87,
       231, 246, 223, 191, 54, 122, 207, 207, 159, 127, 248, 134, 138,
       182, 132, 155, 241, 253, 184, 15, 62, 91, 74, 181, 172, 190, 46,
