%YAML:1.0
---
descriptors: !!opencv-matrix
   rows: 237
   cols: 32
   dt: u
   data: [ 10, 165, 21, 147, 157, 175, 163, 207, 31, 165, 25, 19, 236,
       97, 40, 133, 249, 58, 139, 21, 50, 249, 25, 255, 173, 86, 159,
       119, 146, 78, 149, 106, 35, 172, 35, 154, 221, 245, 160, 199, 223,
       79, 88, 18, 168, 252, 116, 164, 201, 59, 146, 17, 182, 62, 98,
       247, 13, 94, 154, 235, 211, 76, 245, 239, 82, 249, 43, 126, 11,
       217, 23, 228, 164, 192, 238, 169, 118, 246, 0, 112, 146, 122, 232,
       66, 77, 139, 58, 61, 243, 231, 69, 155, 96, 54, 134, 123, 188,
       124, 121, 113, 125, 239, 85, 150, 83, 190, 180, 25, 155, 31, 65,
       25, 141, 188, 197, 24, 104, 126, 241, 26, 255, 219, 117, 124, 243,
       248, 70, 251, 244, 98, 232, 42, 142, 35, 78, 216, 18, 242, 145,
       239, 83, 76, 221, 27, 91, 204, 93, 255, 139, 103, 207, 48, 216,
       193, 229, 253, 253, 187, 126, 16, 247, 207, 239, 246, 244, 42,
       207, 253, 91, 234, 255, 238, 123, 105, 157, 0, 127, 198, 119, 239,
       249, 247, 109, 255, 126, 63, 229, 208, 111, 251, 210, 241, 18,
       141, 67, 206, 178, 194, 174, 231, 52, 64, 218, 162, 97, 231, 160,
       228, 122, 255, 159, 226, 89, 155, 13, 255, 184, 38, 174, 193, 181,
       242, 180, 184, 200, 217, 181, 171, 137, 196, 55, 141, 174, 221,
       130, 1, 252, 247, 64, 98, 132, 119, 123, 208, 82, 9, 251, 243,
       237, 244, 15, 94, 144, 18, 165, 123, 2, 238, 97, 179, 50, 161,
       187, 254, 62, 111, 88, 231, 173, 15, 210, 0, 63, 91, 23, 213, 194,
       156, 45, 247, 236, 70, 186, 224, 37, 133, 23, 249, 165, 223, 235,
       238, 254, 35, 238, 252, 151, 226, 217, 230, 241, 237, 241, 67, 95,
       200, 23, 239, 233, 54, 78, 254, 124, 143, 239, 172, 253, 251, 240,
       185, 29, 253, 31, 103, 144, 206, 71, 176, 228, 200, 170, 68, 247,
       115, 1, 48, 48, 118, 92, 106, 105, 169, 57, 46, 233, 205, 37, 16,
       104, 179, 1, 56, 53, 205, 74, 111, 150, 26, 238, 253, 84, 96, 250,
       198, 115, 104, 189, 224, 126, 238, 22, 239, 237, 185, 61, 47, 62,
       173, 167, 128, 125, 187, 248, 156, 143, 238, 191, 127, 105, 189,
       125, 156, 255, 218, 102, 80, 253, 255, 93, 127, 165, 127, 127,
       222, 226, 84, 187, 241, 79, 251, 215, 40, 130, 245, 103, 248, 245,
       80, 29, 100, 8, 78, 71, 184, 225, 242, 167, 8, 87, 87, 73, 123,
       48, 212, 108, 106, 105, 101, 185, 8, 241, 235, 101, 52, 98, 187,
       70, 50, 232, 141, 189, 255, 173, 238, 101, 183, 255, 59, 102, 17,
       251, 189, 80, 91, 193, 102, 111, 92, 120, 120, 251, 177, 239, 251,
       85, 80, 210, 216, 208, 42, 24, 225, 195, 161, 146, 66, 111, 247,
       48, 225, 90, 242, 213, 39, 200, 192, 119, 223, 149, 185, 91, 216,
       133, 6, 236, 231, 191, 196, 165, 128, 165, 184, 120, 96, 241, 100,
       41, 76, 81, 22, 99, 176, 164, 8, 159, 19, 64, 50, 161, 212, 108,
       24, 74, 107, 241, 0, 219, 221, 21, 61, 98, 144, 70, 42, 161, 74,
       109, 103, 100, 31, 238, 52, 85, 234, 243, 230, 243, 8, 148, 225,
       110, 228, 126, 239, 237, 252, 109, 172, 36, 171, 242, 128, 109,
       187, 216, 45, 173, 125, 249, 101, 244, 79, 111, 189, 113, 228,
       126, 8, 211, 53, 145, 48, 24, 220, 84, 106, 233, 176, 249, 14,
       239, 175, 37, 4, 98, 250, 198, 248, 0, 150, 149, 155, 250, 233,
       33, 175, 62, 19, 72, 240, 180, 178, 200, 201, 71, 27, 42, 16, 51,
       88, 75, 87, 140, 134, 126, 110, 152, 64, 129, 169, 2, 162, 145,
       155, 252, 169, 168, 143, 30, 49, 17, 249, 140, 198, 72, 136, 207,
       27, 107, 17, 18, 90, 203, 209, 140, 22, 59, 252, 148, 8, 133, 160,
       138, 132, 156, 185, 191, 249, 176, 143, 30, 115, 79, 49, 140, 186,
       106, 72, 243, 11, 187, 17, 54, 220, 11, 151, 204, 215, 30, 103,
       156, 76, 153, 139, 27, 157, 82, 255, 211, 151, 182, 247, 55, 1,
       90, 66, 124, 251, 32, 196, 127, 251, 147, 128, 114, 155, 16, 255,
       191, 238, 158, 66, 63, 10, 169, 138, 243, 69, 102, 173, 23, 82,
       78, 104, 229, 32, 186, 2, 107, 74, 55, 247, 120, 228, 108, 227,
       108, 163, 5, 141, 178, 234, 195, 19, 39, 62, 120, 6, 138, 140, 12,
       187, 177, 229, 56, 175, 30, 31, 70, 17, 188, 187, 34, 64, 193, 43,
       187, 149, 62, 220, 83, 63, 237, 247, 158, 75, 152, 64, 169, 90,
       200, 177, 177, 163, 185, 205, 183, 157, 174, 41, 130, 112, 188,
       183, 72, 194, 196, 87, 255, 81, 19, 13, 219, 243, 237, 244, 47,
       222, 146, 16, 133, 59, 174, 207, 66, 159, 215, 176, 174, 231, 29,
       2, 89, 215, 104, 234, 61, 197, 255, 107, 131, 247, 242, 158, 12,
       255, 36, 118, 142, 138, 159, 95, 185, 148, 167, 239, 237, 215,
       244, 42, 239, 253, 91, 226, 251, 254, 121, 109, 157, 32, 127, 206,
       119, 239, 249, 242, 109, 255, 126, 62, 239, 148, 239, 251, 240,
       176, 45, 253, 225, 231, 212, 79, 239, 254, 83, 232, 124, 78, 123,
       237, 249, 36, 120, 238, 54, 239, 217, 58, 252, 251, 125, 156, 165,
       236, 239, 251, 210, 248, 92, 123, 187, 98, 163, 76, 55, 214, 161,
       143, 62, 32, 30, 183, 97, 26, 165, 115, 237, 82, 82, 57, 170, 32,
       251, 197, 52, 3, 226, 243, 167, 43, 53, 207, 71, 143, 150, 6, 111,
       252, 36, 132, 218, 199, 115, 97, 185, 68, 126, 228, 31, 238, 232,
       147, 45, 45, 176, 46, 175, 128, 37, 186, 240, 104, 137, 116, 62,
       103, 32, 14, 119, 48, 124, 170, 119, 28, 223, 51, 9, 49, 180, 52,
       110, 106, 225, 244, 57, 14, 103, 171, 96, 0, 72, 186, 67, 163, 37,
       88, 245, 71, 36, 31, 239, 180, 101, 226, 123, 78, 243, 104, 157,
       228, 94, 236, 54, 110, 201, 176, 125, 45, 36, 238, 96, 128, 109,
       187, 80, 60, 31, 77, 99, 222, 212, 146, 239, 244, 117, 194, 222,
       194, 113, 252, 183, 100, 122, 238, 23, 239, 233, 187, 44, 238, 48,
       46, 175, 128, 63, 255, 112, 236, 60, 77, 123, 238, 84, 147, 206,
       244, 85, 128, 254, 2, 123, 233, 189, 192, 120, 232, 151, 234, 200,
       179, 44, 191, 114, 239, 167, 128, 119, 187, 112, 138, 16, 241, 75,
       225, 18, 131, 169, 252, 54, 49, 66, 226, 149, 151, 200, 32, 62,
       157, 19, 233, 67, 152, 28, 85, 252, 129, 175, 228, 45, 146, 163,
       184, 130, 127, 55, 216, 203, 225, 189, 199, 174, 23, 72, 179, 172,
       143, 96, 72, 230, 59, 171, 209, 82, 11, 34, 241, 53, 48, 26, 203,
       16, 84, 165, 251, 205, 232, 191, 255, 109, 157, 125, 156, 255,
       154, 38, 16, 250, 255, 93, 123, 201, 105, 123, 94, 227, 101, 251,
       241, 207, 251, 215, 42, 194, 113, 99, 170, 134, 112, 149, 153,
       171, 69, 156, 204, 143, 190, 144, 166, 140, 222, 105, 143, 231,
       89, 251, 211, 66, 71, 123, 240, 157, 144, 223, 191, 144, 49, 37,
       183, 210, 10, 206, 181, 22, 34, 104, 75, 190, 181, 210, 183, 109,
       234, 178, 75, 115, 231, 255, 181, 36, 221, 15, 205, 152, 99, 255,
       193, 36, 36, 57, 10, 31, 31, 96, 175, 178, 171, 159, 61, 14, 76,
       93, 231, 253, 111, 187, 0, 22, 43, 31, 239, 146, 128, 77, 255,
       224, 28, 171, 128, 62, 247, 129, 209, 200, 141, 188, 251, 173,
       237, 117, 167, 239, 63, 46, 24, 190, 249, 68, 91, 129, 102, 106,
       24, 114, 105, 219, 177, 239, 251, 85, 115, 210, 88, 197, 42, 8,
       164, 149, 155, 218, 233, 33, 143, 54, 49, 67, 144, 221, 98, 72,
       236, 51, 27, 234, 152, 51, 216, 223, 87, 140, 135, 91, 100, 176,
       64, 133, 160, 216, 252, 17, 250, 177, 141, 72, 191, 63, 218, 132,
       88, 190, 215, 64, 245, 149, 253, 220, 88, 123, 78, 216, 247, 185,
       240, 31, 122, 26, 0, 137, 57, 125, 109, 237, 102, 140, 87, 207,
       252, 66, 226, 189, 78, 83, 113, 217, 51, 89, 198, 92, 110, 233,
       99, 253, 42, 251, 201, 229, 60, 127, 251, 210, 48, 68, 153, 149,
       239, 169, 110, 36, 191, 175, 57, 74, 112, 220, 119, 8, 238, 133,
       87, 252, 24, 17, 216, 91, 229, 141, 246, 87, 70, 130, 114, 133,
       59, 34, 188, 250, 90, 253, 241, 178, 199, 222, 7, 124, 58, 160,
       217, 100, 4, 201, 58, 131, 16, 18, 62, 90, 247, 79, 22, 22, 107,
       219, 72, 254, 158, 214, 142, 206, 191, 154, 34, 158, 234, 148,
       150, 202, 183, 65, 106, 187, 67, 123, 231, 237, 167, 124, 209, 77,
