%YAML:1.0
---
descriptors: !!opencv-matrix
   rows: 268
   cols: 32
   dt: u
   data: [ 168, 249, 120, 65, 116, 207, 115, 113, 111, 172, 253, 8, 27,
       29, 212, 52, 28, 184, 70, 120, 202, 58, 120, 31, 127, 221, 33,
       124, 67, 138, 70, 177, 57, 135, 96, 15, 84, 23, 234, 120, 85, 64,
       253, 70, 99, 72, 158, 164, 120, 140, 22, 175, 143, 178, 93, 223,
       54, 109, 162, 4, 127, 142, 122, 132, 41, 93, 123, 101, 116, 78,
       119, 54, 121, 202, 118, 76, 179, 55, 145, 49, 132, 124, 87, 72,
       225, 184, 113, 14, 103, 249, 32, 128, 64, 184, 66, 251, 129, 68,
       43, 191, 100, 167, 169, 114, 116, 74, 115, 83, 176, 29, 56, 41,
       249, 41, 19, 175, 225, 182, 32, 111, 69, 47, 250, 128, 69, 72,
       119, 233, 151, 78, 105, 254, 118, 163, 79, 250, 21, 2, 208, 234,
       57, 95, 181, 97, 127, 169, 23, 239, 232, 135, 45, 255, 240, 11,
       235, 152, 53, 249, 112, 104, 162, 105, 72, 145, 205, 203, 84, 69,
       23, 244, 244, 11, 162, 141, 71, 9, 72, 168, 135, 16, 78, 122, 83,
       144, 15, 217, 149, 59, 115, 152, 220, 218, 55, 13, 127, 254, 226,
       38, 61, 113, 157, 194, 115, 194, 125, 111, 181, 121, 118, 177, 55,
       175, 129, 146, 46, 204, 82, 42, 234, 128, 189, 251, 32, 177, 16,
       153, 191, 126, 3, 204, 53, 119, 172, 65, 110, 0, 190, 183, 32,
       112, 166, 51, 123, 64, 83, 153, 50, 101, 243, 175, 18, 2, 96, 2,
       167, 123, 109, 105, 189, 101, 232, 15, 103, 182, 40, 168, 106, 72,
       151, 53, 1, 56, 132, 124, 121, 78, 65, 248, 241, 40, 229, 155,
       101, 48, 192, 187, 66, 43, 237, 101, 153, 109, 184, 47, 71, 152,
       18, 170, 173, 24, 215, 115, 73, 49, 145, 92, 120, 106, 40, 116,
       217, 30, 229, 223, 5, 52, 208, 251, 194, 32, 203, 203, 81, 222,
       226, 16, 110, 189, 57, 10, 118, 230, 121, 227, 132, 245, 118, 252,
       54, 238, 209, 28, 167, 239, 54, 186, 226, 200, 63, 178, 226, 53,
       205, 125, 159, 245, 160, 14, 103, 182, 184, 170, 38, 76, 215, 49,
       65, 91, 145, 100, 104, 126, 105, 252, 145, 42, 233, 227, 101, 16,
       136, 241, 67, 56, 147, 10, 110, 190, 70, 164, 189, 119, 181, 7,
       214, 179, 61, 239, 180, 105, 110, 187, 23, 141, 166, 143, 6, 253,
       82, 235, 250, 136, 53, 128, 161, 201, 64, 140, 31, 63, 32, 174,
       97, 39, 188, 23, 106, 17, 183, 35, 32, 91, 161, 35, 105, 12, 48,
       157, 19, 103, 205, 182, 90, 64, 200, 64, 161, 26, 180, 205, 85,
       251, 132, 171, 71, 164, 85, 18, 107, 18, 83, 67, 56, 69, 81, 194,
       2, 106, 122, 180, 73, 183, 165, 174, 134, 64, 48, 219, 240, 32,
       84, 116, 149, 103, 12, 46, 135, 168, 110, 178, 171, 76, 214, 113,
       73, 11, 145, 84, 104, 106, 73, 229, 219, 40, 205, 170, 103, 16,
       72, 123, 67, 32, 91, 51, 1, 140, 43, 149, 26, 88, 143, 200, 136,
       231, 236, 198, 249, 230, 214, 177, 251, 229, 131, 3, 154, 221,
       144, 80, 139, 190, 30, 166, 41, 21, 101, 160, 217, 68, 80, 79, 67,
       152, 115, 165, 36, 8, 19, 243, 65, 52, 25, 204, 16, 120, 43, 86,
       248, 10, 127, 140, 133, 60, 226, 163, 66, 224, 67, 50, 254, 165,
       44, 58, 120, 3, 235, 253, 178, 245, 141, 174, 215, 218, 230, 165,
       252, 149, 133, 77, 247, 192, 150, 249, 250, 147, 140, 100, 107,
       95, 92, 225, 177, 231, 60, 12, 67, 156, 102, 169, 139, 64, 247,
       241, 88, 192, 17, 84, 125, 88, 25, 48, 217, 34, 233, 252, 39, 84,
       138, 171, 81, 40, 106, 185, 242, 88, 91, 217, 176, 239, 251, 65,
       172, 40, 62, 254, 102, 180, 170, 187, 218, 0, 23, 43, 178, 255,
       27, 28, 22, 123, 219, 4, 47, 223, 210, 158, 238, 146, 98, 240,
       185, 87, 141, 95, 214, 183, 45, 206, 230, 75, 111, 179, 191, 149,
       166, 79, 38, 225, 90, 67, 250, 203, 173, 196, 45, 223, 217, 80,
       87, 239, 14, 2, 111, 184, 101, 66, 214, 102, 115, 83, 153, 119,
       114, 196, 60, 238, 233, 212, 253, 175, 244, 234, 226, 128, 47,
       179, 112, 41, 10, 172, 60, 249, 201, 221, 181, 239, 158, 63, 0,
       24, 172, 183, 96, 129, 201, 27, 235, 16, 82, 74, 114, 245, 173,
       147, 94, 123, 80, 72, 133, 170, 82, 218, 158, 190, 43, 164, 30,
       182, 172, 143, 206, 37, 236, 247, 35, 82, 198, 115, 237, 197, 142,
       203, 147, 109, 211, 247, 122, 155, 24, 86, 41, 91, 53, 205, 241,
       79, 212, 31, 198, 248, 86, 162, 248, 74, 115, 112, 157, 176, 89,
       238, 66, 106, 217, 178, 125, 63, 61, 174, 5, 84, 249, 251, 114,
       172, 11, 115, 86, 201, 46, 157, 232, 113, 237, 232, 247, 102, 189,
       202, 212, 164, 110, 173, 94, 140, 197, 182, 231, 216, 150, 249,
       171, 128, 111, 134, 107, 133, 82, 249, 59, 234, 27, 201, 19, 69,
       175, 5, 172, 40, 46, 159, 96, 112, 162, 179, 221, 80, 90, 11, 178,
       241, 251, 213, 14, 123, 80, 2, 167, 106, 12, 4, 188, 187, 133,
       102, 53, 143, 94, 23, 77, 18, 220, 115, 43, 79, 201, 27, 131, 2,
       48, 208, 91, 224, 197, 247, 222, 7, 146, 125, 173, 130, 56, 137,
       31, 238, 149, 198, 118, 101, 165, 4, 238, 3, 123, 63, 32, 112,
       248, 182, 159, 232, 92, 171, 49, 173, 243, 237, 130, 17, 51, 10,
       244, 74, 116, 57, 26, 236, 25, 221, 82, 104, 173, 12, 172, 9, 46,
       222, 39, 145, 200, 177, 205, 98, 12, 35, 18, 157, 147, 241, 1, 59,
       113, 35, 46, 70, 40, 159, 124, 126, 188, 171, 83, 179, 198, 12,
       252, 32, 246, 241, 160, 112, 193, 114, 14, 66, 90, 171, 106, 63,
       235, 183, 36, 91, 208, 203, 196, 43, 6, 233, 30, 155, 200, 196,
       190, 232, 190, 28, 249, 3, 236, 254, 47, 64, 249, 123, 171, 211,
       86, 195, 26, 255, 45, 55, 142, 75, 16, 51, 45, 130, 38, 253, 144,
       154, 205, 221, 182, 236, 159, 53, 88, 11, 236, 248, 111, 196, 217,
       123, 163, 83, 70, 99, 218, 247, 61, 20, 143, 127, 144, 95, 29,
       142, 8, 185, 17, 185, 219, 205, 33, 159, 30, 57, 72, 80, 188, 147,
       104, 232, 149, 27, 162, 16, 19, 120, 83, 53, 141, 133, 62, 106,
       152, 8, 129, 171, 204, 217, 236, 211, 199, 80, 237, 191, 96, 243,
       70, 146, 25, 63, 94, 107, 99, 214, 187, 250, 240, 248, 189, 224,
       111, 107, 246, 69, 47, 209, 252, 122, 50, 121, 114, 236, 93, 95,
       214, 106, 203, 228, 248, 11, 42, 188, 23, 164, 232, 253, 247, 99,
       204, 107, 214, 255, 55, 28, 1, 59, 117, 61, 94, 142, 238, 112,
       216, 82, 105, 253, 112, 202, 187, 191, 37, 24, 12, 219, 79, 191,
       137, 153, 226, 24, 34, 103, 250, 210, 23, 217, 85, 47, 211, 85,
       206, 167, 125, 96, 234, 69, 70, 95, 239, 216, 114, 166, 167, 10,
       83, 93, 95, 43, 56, 236, 122, 254, 200, 245, 189, 40, 119, 11,
       229, 53, 231, 251, 86, 224, 9, 131, 233, 245, 54, 11, 107, 57,
       118, 105, 119, 230, 251, 103, 152, 96, 54, 29, 46, 140, 145, 176,
       109, 223, 204, 175, 51, 196, 45, 168, 1, 177, 0, 157, 19, 184,
       185, 237, 49, 71, 174, 89, 202, 17, 188, 190, 32, 64, 197, 59,
       123, 17, 23, 137, 18, 119, 217, 182, 26, 90, 152, 72, 133, 91,
       220, 125, 223, 38, 162, 106, 55, 160, 168, 162, 170, 168, 223,
       183, 193, 114, 39, 245, 108, 114, 96, 205, 137, 42, 249, 199, 101,
       17, 160, 243, 5, 43, 184, 238, 108, 31, 84, 83, 239, 232, 84, 230,
       252, 171, 99, 105, 190, 1, 57, 202, 195, 239, 236, 178, 45, 63,
       126, 79, 225, 197, 119, 191, 126, 202, 245, 75, 83, 204, 70, 2,
       103, 176, 113, 10, 246, 110, 115, 19, 181, 245, 114, 228, 60, 238,
       201, 150, 165, 203, 54, 170, 225, 132, 47, 187, 112, 33, 34, 129,
       152, 219, 253, 201, 181, 239, 14, 29, 108, 8, 172, 247, 108, 64,
       201, 27, 162, 0, 82, 42, 82, 241, 109, 148, 30, 107, 144, 74, 133,
       174, 218, 52, 26, 248, 51, 236, 49, 67, 185, 15, 165, 48, 46, 215,
       96, 89, 167, 51, 221, 16, 50, 71, 146, 195, 211, 241, 26, 75, 130,
       65, 39, 51, 108, 155, 94, 110, 56, 139, 22, 49, 197, 128, 236,
       237, 247, 241, 160, 208, 214, 116, 206, 98, 216, 171, 66, 61, 234,
       245, 37, 91, 90, 170, 204, 19, 8, 153, 20, 185, 147, 189, 49, 159,
       30, 57, 76, 96, 188, 147, 32, 236, 7, 27, 162, 0, 19, 24, 83, 149,
       141, 213, 58, 98, 26, 8, 137, 169, 216, 127, 19, 101, 117, 14,
       102, 118, 97, 170, 126, 72, 191, 19, 1, 180, 32, 252, 78, 106, 73,
