%YAML:1.0
---
descriptors: !!opencv-matrix
   rows: 393
   cols: 32
   dt: u
   data: [ 151, 108, 149, 183, 173, 86, 94, 168, 185, 242, 128, 18, 223,
       126, 73, 251, 243, 213, 221, 227, 109, 229, 186, 232, 169, 211,
       207, 55, 44, 119, 43, 70, 42, 175, 142, 188, 221, 150, 254, 103,
       153, 134, 220, 11, 236, 234, 54, 3, 233, 227, 131, 165, 116, 171,
       0, 238, 126, 87, 143, 43, 21, 124, 251, 138, 163, 93, 110, 147,
       237, 23, 189, 101, 220, 246, 85, 51, 232, 120, 183, 43, 238, 51,
       19, 103, 228, 246, 62, 252, 103, 27, 223, 163, 93, 124, 217, 223,
       47, 176, 136, 155, 253, 253, 240, 207, 31, 121, 93, 23, 172, 216,
       126, 140, 217, 11, 179, 21, 23, 122, 90, 243, 14, 93, 159, 111,
       218, 77, 217, 158, 36, 237, 1, 139, 92, 137, 130, 236, 14, 32,
       184, 75, 166, 73, 33, 4, 200, 250, 74, 66, 74, 43, 74, 189, 181,
       16, 143, 122, 81, 26, 16, 138, 40, 109, 120, 101, 116, 14, 125,
       54, 97, 172, 126, 8, 183, 31, 131, 48, 140, 252, 84, 76, 200, 184,
       113, 14, 231, 253, 36, 144, 66, 184, 70, 235, 34, 112, 191, 181,
       76, 199, 185, 74, 62, 161, 82, 91, 180, 223, 64, 8, 254, 125, 115,
       129, 70, 255, 211, 73, 149, 18, 219, 170, 4, 8, 55, 155, 124, 141,
       247, 244, 215, 82, 254, 239, 217, 192, 234, 2, 111, 252, 61, 226,
       251, 247, 179, 161, 124, 251, 56, 239, 187, 239, 207, 7, 231, 126,
       245, 42, 220, 254, 188, 182, 184, 216, 86, 172, 242, 190, 134,
       173, 231, 232, 91, 67, 179, 231, 236, 99, 110, 103, 174, 63, 250,
       167, 101, 61, 100, 51, 15, 67, 181, 219, 109, 232, 60, 135, 67,
       248, 86, 232, 176, 238, 83, 85, 241, 33, 92, 144, 30, 248, 249,
       47, 109, 30, 248, 201, 165, 252, 61, 168, 112, 177, 141, 157, 189,
       241, 172, 46, 77, 155, 150, 255, 171, 20, 215, 55, 9, 107, 197,
       86, 125, 62, 185, 192, 121, 2, 237, 219, 247, 84, 152, 249, 212,
       114, 114, 233, 1, 224, 25, 205, 89, 13, 3, 160, 132, 8, 135, 151,
       64, 54, 132, 156, 253, 216, 74, 75, 241, 148, 187, 208, 141, 127,
       34, 8, 134, 122, 156, 156, 110, 251, 204, 251, 237, 243, 20, 110,
       222, 150, 241, 237, 59, 73, 105, 154, 223, 170, 99, 183, 117, 155,
       247, 207, 175, 145, 189, 232, 125, 250, 190, 91, 98, 236, 81, 150,
       222, 96, 165, 140, 250, 135, 41, 235, 55, 212, 236, 233, 135, 198,
       204, 171, 16, 236, 50, 248, 142, 138, 107, 55, 110, 158, 3, 128,
       116, 217, 105, 253, 248, 7, 239, 87, 96, 17, 172, 138, 118, 249,
       231, 59, 187, 129, 214, 24, 214, 209, 23, 121, 218, 235, 150, 68,
       111, 207, 173, 233, 81, 243, 245, 205, 231, 188, 127, 9, 114, 88,
       219, 81, 88, 180, 89, 202, 54, 90, 107, 190, 201, 183, 237, 222,
       36, 68, 66, 152, 210, 168, 238, 188, 149, 178, 219, 229, 148, 239,
       155, 247, 160, 57, 172, 182, 68, 159, 205, 219, 251, 147, 127, 79,
       218, 243, 189, 82, 223, 127, 130, 69, 175, 223, 25, 87, 85, 133,
       50, 19, 15, 125, 20, 234, 223, 238, 95, 102, 128, 229, 55, 212,
       180, 238, 233, 208, 109, 142, 184, 103, 45, 148, 47, 254, 168,
       117, 187, 119, 99, 236, 60, 131, 203, 120, 21, 232, 220, 238, 49,
       201, 177, 33, 92, 168, 23, 253, 233, 167, 101, 158, 242, 201, 169,
       184, 63, 168, 112, 185, 84, 44, 255, 244, 136, 111, 119, 3, 229,
       142, 235, 8, 215, 247, 65, 122, 161, 245, 108, 34, 8, 225, 195, 8,
       211, 215, 101, 25, 224, 243, 102, 34, 45, 21, 253, 253, 234, 127,
       181, 63, 220, 203, 124, 50, 220, 125, 41, 42, 151, 51, 178, 48,
       177, 224, 115, 128, 103, 175, 116, 17, 251, 248, 201, 179, 57,
       142, 237, 87, 182, 43, 235, 63, 86, 235, 246, 246, 243, 41, 148,
       105, 95, 230, 62, 172, 185, 252, 101, 47, 110, 175, 181, 208, 255,
       232, 208, 57, 121, 32, 213, 37, 113, 74, 114, 58, 57, 224, 242,
       205, 239, 43, 0, 144, 250, 237, 236, 36, 108, 248, 209, 142, 198,
       247, 113, 17, 107, 173, 74, 218, 92, 209, 59, 168, 36, 103, 95,
       56, 6, 45, 223, 42, 215, 255, 104, 96, 254, 149, 47, 35, 72, 49,
       41, 147, 211, 197, 171, 93, 112, 123, 37, 99, 194, 172, 159, 156,
       201, 252, 49, 71, 187, 95, 172, 24, 172, 182, 98, 254, 161, 59,
       234, 0, 55, 79, 178, 243, 159, 55, 90, 59, 130, 68, 175, 78, 143,
       221, 123, 202, 243, 180, 63, 252, 25, 26, 124, 114, 124, 87, 173,
       245, 119, 90, 151, 250, 227, 6, 56, 255, 51, 221, 166, 174, 183,
       211, 162, 191, 41, 245, 56, 236, 93, 207, 85, 127, 215, 0, 236, 8,
       178, 217, 34, 48, 152, 40, 82, 40, 90, 43, 114, 159, 99, 221, 17,
       57, 90, 8, 216, 138, 102, 153, 150, 218, 249, 86, 222, 237, 159,
       147, 225, 1, 236, 250, 108, 89, 217, 67, 91, 211, 54, 75, 26, 244,
       185, 62, 223, 127, 144, 119, 235, 134, 54, 236, 182, 222, 175, 99,
       158, 238, 159, 23, 176, 43, 236, 253, 45, 142, 203, 211, 251, 67,
       48, 107, 74, 242, 185, 214, 95, 59, 215, 125, 173, 158, 39, 143,
       195, 79, 116, 54, 238, 216, 107, 9, 121, 66, 89, 226, 188, 246,
       126, 76, 22, 234, 195, 146, 188, 201, 38, 188, 163, 132, 159, 243,
       106, 181, 252, 189, 216, 250, 235, 253, 84, 222, 179, 51, 164, 25,
       63, 255, 75, 219, 129, 251, 221, 82, 63, 79, 218, 51, 251, 209,
       85, 127, 250, 81, 174, 26, 252, 61, 184, 246, 218, 70, 95, 153,
       18, 246, 165, 13, 119, 255, 75, 91, 93, 255, 249, 242, 120, 67,
       251, 42, 251, 231, 205, 61, 160, 243, 174, 82, 207, 103, 237, 179,
       172, 60, 127, 148, 169, 95, 31, 245, 205, 111, 223, 79, 199, 71,
       189, 95, 212, 196, 239, 224, 230, 115, 254, 128, 134, 247, 149,
       113, 78, 219, 205, 151, 190, 6, 31, 152, 22, 245, 151, 231, 217,
       103, 235, 203, 86, 223, 191, 214, 153, 66, 255, 244, 236, 167,
       239, 236, 190, 243, 177, 113, 143, 77, 165, 167, 180, 115, 111,
       216, 23, 234, 31, 179, 221, 124, 251, 42, 95, 67, 63, 239, 181,
       240, 109, 170, 236, 79, 239, 212, 182, 255, 144, 117, 32, 60, 211,
       219, 206, 169, 164, 214, 174, 19, 120, 242, 180, 242, 193, 170,
       111, 127, 66, 136, 35, 186, 202, 115, 52, 164, 62, 32, 201, 88,
       227, 169, 60, 133, 202, 71, 244, 43, 103, 248, 53, 166, 255, 29,
       83, 97, 143, 16, 121, 206, 102, 110, 56, 178, 201, 14, 124, 239,
       37, 20, 227, 251, 246, 162, 188, 161, 254, 120, 209, 199, 249,
       195, 190, 161, 238, 18, 88, 255, 54, 112, 249, 175, 19, 156, 18,
       251, 18, 94, 95, 173, 135, 69, 193, 32, 234, 130, 47, 255, 180,
       126, 185, 23, 22, 184, 219, 250, 185, 109, 238, 252, 205, 182,
       151, 127, 253, 99, 255, 67, 218, 191, 42, 222, 69, 254, 206, 247,
       10, 31, 15, 215, 214, 30, 242, 26, 127, 185, 95, 222, 95, 230,
       109, 114, 171, 247, 55, 111, 182, 110, 229, 208, 45, 223, 62, 111,
       109, 134, 190, 246, 41, 69, 25, 83, 6, 12, 123, 150, 54, 125, 161,
       72, 252, 229, 110, 214, 130, 213, 244, 177, 206, 228, 205, 131,
       66, 77, 178, 97, 34, 138, 26, 54, 43, 223, 206, 167, 212, 95, 185,
       144, 174, 169, 190, 152, 175, 229, 236, 226, 206, 198, 215, 102,
       236, 62, 226, 69, 139, 255, 170, 247, 47, 223, 26, 230, 9, 5, 241,
       17, 219, 238, 116, 100, 83, 88, 115, 73, 101, 24, 115, 247, 40,
       112, 114, 222, 20, 104, 43, 18, 184, 27, 247, 173, 32, 12, 48,
       251, 98, 99, 71, 178, 46, 144, 31, 148, 184, 96, 174, 244, 131,
       167, 204, 206, 58, 64, 166, 165, 251, 245, 148, 67, 190, 221, 156,
       48, 203, 239, 12, 7, 53, 87, 6, 92, 146, 154, 223, 253, 182, 207,
       223, 179, 136, 19, 172, 250, 101, 205, 243, 123, 234, 16, 54, 75,
       26, 255, 189, 22, 95, 59, 144, 89, 141, 14, 103, 247, 168, 90,
       252, 189, 150, 237, 218, 29, 189, 45, 114, 248, 94, 50, 153, 74,
       114, 115, 214, 107, 254, 55, 126, 31, 37, 127, 217, 91, 218, 199,
       1, 157, 58, 191, 213, 207, 230, 231, 124, 73, 122, 6, 242, 249,
       58, 96, 249, 106, 18, 13, 115, 184, 27, 255, 237, 191, 22, 66,
       216, 74, 240, 138, 131, 158, 26, 221, 84, 175, 169, 119, 124, 11,
       122, 86, 180, 162, 36, 100, 239, 171, 6, 141, 179, 188, 20, 255,
