%YAML:1.0
---
descriptors: !!opencv-matrix
   rows: 249
   cols: 32
   dt: u
   data: [ 66, 169, 17, 250, 91, 249, 144, 206, 159, 49, 232, 155, 174,
       190, 108, 220, 235, 27, 234, 0, 7, 107, 154, 241, 159, 209, 90,
       127, 146, 8, 143, 142, 122, 180, 196, 112, 9, 93, 84, 246, 161,
       123, 182, 61, 26, 23, 74, 150, 77, 208, 253, 128, 90, 79, 210,
       161, 219, 219, 116, 247, 107, 140, 202, 83, 44, 126, 208, 218,
       172, 249, 22, 216, 159, 191, 189, 239, 206, 253, 235, 140, 95, 90,
       143, 114, 10, 103, 74, 178, 234, 215, 37, 191, 222, 255, 92, 19,
       20, 20, 159, 255, 162, 102, 61, 19, 172, 154, 203, 98, 213, 119,
       33, 107, 231, 53, 63, 162, 1, 209, 19, 72, 197, 167, 251, 128,
       128, 115, 37, 51, 104, 252, 60, 241, 12, 79, 85, 190, 102, 126,
       142, 25, 151, 21, 90, 3, 129, 86, 77, 106, 106, 108, 121, 53, 207,
       219, 117, 117, 64, 89, 214, 122, 128, 220, 31, 187, 22, 135, 173,
       247, 156, 26, 80, 82, 181, 211, 32, 97, 231, 59, 31, 200, 99, 220,
       19, 127, 229, 130, 62, 192, 24, 24, 161, 169, 109, 116, 249, 103,
       100, 111, 227, 152, 114, 234, 59, 104, 215, 53, 217, 58, 23, 92,
       124, 107, 129, 114, 233, 10, 197, 173, 33, 180, 228, 251, 70, 113,
       109, 253, 237, 103, 221, 127, 71, 191, 83, 250, 60, 92, 83, 125,
       89, 50, 153, 206, 85, 46, 249, 114, 249, 62, 111, 223, 101, 52,
       235, 250, 210, 58, 29, 113, 17, 165, 113, 31, 102, 56, 105, 8,
       107, 76, 206, 50, 9, 180, 182, 137, 76, 99, 205, 176, 25, 204,
       164, 220, 1, 6, 74, 54, 11, 133, 64, 18, 252, 229, 36, 46, 105,
       19, 120, 142, 118, 48, 151, 51, 131, 123, 102, 52, 125, 8, 176,
       220, 225, 74, 198, 255, 114, 128, 128, 192, 66, 41, 191, 223, 237,
       71, 212, 23, 207, 252, 83, 226, 245, 206, 81, 109, 159, 33, 92,
       204, 19, 238, 237, 246, 125, 174, 127, 79, 229, 180, 127, 255, 82,
       240, 66, 59, 255, 112, 106, 224, 177, 70, 170, 149, 120, 169, 52,
       151, 100, 26, 166, 187, 99, 144, 16, 91, 162, 96, 93, 160, 122,
       235, 193, 64, 39, 251, 207, 202, 198, 183, 162, 58, 188, 150, 188,
       215, 18, 247, 205, 46, 210, 203, 39, 103, 255, 215, 180, 220, 135,
       226, 140, 98, 254, 192, 172, 213, 169, 93, 16, 153, 158, 190, 130,
       228, 53, 199, 188, 23, 98, 49, 124, 255, 40, 91, 163, 115, 51,
       128, 50, 217, 147, 97, 209, 163, 94, 67, 160, 80, 165, 154, 62,
       101, 112, 206, 93, 91, 214, 104, 95, 236, 253, 11, 74, 124, 31, 4,
       216, 252, 199, 99, 76, 51, 127, 222, 55, 92, 131, 59, 119, 127,
       86, 198, 32, 12, 190, 125, 76, 109, 225, 82, 228, 54, 102, 24,
       243, 49, 17, 27, 73, 228, 98, 14, 33, 244, 115, 49, 71, 171, 80,
       0, 201, 249, 66, 170, 66, 190, 151, 211, 238, 237, 177, 95, 255,
       127, 58, 125, 174, 233, 68, 223, 167, 39, 110, 17, 179, 109, 203,
       241, 156, 18, 87, 122, 200, 200, 139, 29, 10, 141, 51, 251, 93,
       213, 181, 198, 150, 21, 76, 18, 172, 247, 32, 196, 201, 122, 179,
       200, 2, 184, 114, 247, 111, 86, 158, 75, 82, 12, 181, 254, 195,
       188, 151, 186, 169, 228, 57, 198, 191, 95, 130, 21, 188, 255, 96,
       91, 237, 115, 123, 148, 47, 79, 186, 243, 155, 250, 222, 218, 136,
       64, 163, 250, 244, 121, 156, 232, 139, 69, 85, 200, 198, 182, 164,
       11, 86, 211, 75, 91, 225, 212, 104, 114, 74, 103, 219, 16, 219,
       193, 71, 63, 240, 123, 101, 2, 76, 102, 80, 239, 49, 11, 126, 56,
       53, 164, 255, 13, 207, 75, 10, 212, 210, 205, 207, 234, 72, 176,
       89, 206, 231, 215, 7, 5, 34, 182, 42, 2, 233, 211, 124, 124, 168,
       93, 84, 191, 205, 120, 180, 124, 191, 63, 142, 115, 134, 215, 236,
       96, 239, 41, 99, 53, 226, 251, 112, 222, 88, 152, 200, 27, 241,
       64, 203, 253, 4, 86, 76, 22, 113, 202, 198, 66, 115, 163, 49, 122,
       120, 252, 60, 142, 237, 214, 245, 138, 147, 239, 242, 0, 42, 240,
       120, 40, 87, 139, 140, 190, 42, 28, 14, 168, 172, 58, 147, 237,
       239, 106, 159, 211, 167, 103, 252, 231, 204, 65, 207, 113, 176,
       55, 111, 156, 12, 247, 9, 13, 77, 67, 85, 71, 34, 26, 111, 184,
       116, 160, 71, 228, 221, 98, 153, 246, 54, 76, 110, 238, 197, 208,
       237, 76, 100, 174, 103, 132, 46, 179, 33, 1, 77, 22, 191, 229,
       160, 46, 123, 18, 56, 202, 119, 84, 223, 55, 193, 123, 150, 119,
       125, 62, 169, 208, 177, 2, 207, 251, 99, 128, 136, 225, 35, 35,
       161, 124, 83, 95, 85, 223, 230, 240, 116, 66, 96, 68, 112, 80, 53,
       181, 56, 232, 18, 238, 227, 190, 60, 127, 37, 14, 0, 0, 121, 147,
       106, 188, 168, 171, 24, 123, 106, 233, 17, 218, 134, 61, 188, 56,
       163, 209, 203, 16, 73, 26, 206, 0, 10, 35, 74, 51, 94, 129, 33,
       253, 114, 136, 14, 131, 120, 190, 254, 114, 171, 233, 81, 222,
       178, 63, 180, 56, 63, 231, 66, 27, 35, 242, 237, 24, 26, 79, 170,
       51, 219, 199, 117, 121, 226, 209, 198, 43, 9, 57, 126, 19, 69,
       252, 240, 22, 109, 85, 119, 149, 143, 140, 22, 109, 166, 187, 234,
       85, 151, 184, 247, 240, 71, 121, 18, 67, 78, 141, 199, 254, 244,
       101, 109, 101, 188, 78, 79, 56, 112, 168, 163, 64, 211, 119, 157,
       115, 56, 212, 125, 234, 233, 193, 253, 12, 233, 170, 229, 148,
       101, 179, 86, 96, 60, 113, 120, 226, 29, 221, 82, 216, 227, 168,
       181, 8, 31, 217, 73, 176, 156, 144, 221, 82, 74, 35, 216, 128,
       251, 221, 5, 63, 99, 27, 78, 3, 219, 41, 125, 69, 50, 218, 59, 34,
       60, 100, 70, 177, 157, 30, 151, 245, 38, 61, 217, 205, 164, 156,
       165, 238, 183, 121, 10, 131, 38, 133, 7, 101, 244, 233, 217, 242,
       170, 106, 87, 157, 114, 243, 6, 56, 215, 53, 73, 123, 19, 222,
       108, 82, 56, 80, 201, 34, 253, 135, 117, 53, 160, 251, 134, 35,
       237, 246, 16, 90, 113, 157, 66, 248, 121, 10, 229, 92, 110, 211,
       200, 181, 181, 136, 196, 126, 107, 103, 152, 255, 187, 217, 1,
       122, 74, 134, 74, 165, 125, 148, 252, 87, 149, 90, 69, 191, 80,
       243, 55, 26, 91, 124, 154, 191, 17, 198, 180, 57, 253, 248, 125,
       14, 107, 207, 117, 69, 239, 232, 222, 96, 143, 14, 239, 215, 182,
       178, 175, 178, 124, 66, 95, 246, 249, 110, 191, 237, 119, 107, 23,
       239, 245, 148, 45, 238, 102, 47, 254, 128, 175, 247, 249, 245,
       193, 180, 159, 241, 225, 44, 48, 151, 59, 187, 34, 92, 156, 147,
       72, 123, 167, 31, 124, 24, 51, 92, 147, 64, 205, 146, 119, 110,
       136, 64, 131, 59, 216, 201, 95, 237, 6, 2, 111, 52, 36, 128, 226,
       2, 115, 35, 32, 115, 114, 196, 57, 234, 104, 151, 49, 45, 241,
       171, 198, 0, 36, 186, 100, 40, 189, 124, 121, 98, 244, 63, 79,
       216, 81, 238, 53, 31, 83, 77, 91, 153, 93, 200, 151, 126, 236,
       118, 120, 190, 251, 203, 165, 52, 251, 249, 82, 210, 194, 128,
       238, 221, 68, 114, 237, 35, 248, 215, 199, 146, 241, 102, 158,
       106, 43, 230, 123, 141, 176, 220, 183, 67, 69, 43, 218, 1, 5, 224,
       245, 228, 39, 255, 101, 77, 124, 23, 207, 188, 70, 248, 220, 206,
       241, 108, 151, 167, 92, 252, 127, 239, 201, 122, 255, 253, 45, 56,
       237, 188, 95, 191, 112, 252, 173, 76, 252, 117, 229, 127, 117,
       154, 81, 182, 62, 26, 83, 125, 83, 43, 25, 198, 19, 46, 168, 244,
       121, 170, 71, 203, 117, 37, 243, 249, 88, 224, 45, 176, 236, 119,
       253, 127, 241, 187, 83, 247, 63, 26, 91, 125, 94, 43, 129, 70,
       241, 28, 181, 248, 251, 128, 79, 219, 213, 101, 239, 236, 220,
       242, 207, 222, 239, 151, 50, 50, 187, 184, 190, 211, 95, 247, 221,
       238, 251, 235, 55, 101, 191, 255, 167, 213, 175, 239, 200, 47,
       239, 196, 140, 247, 41, 117, 99, 168, 191, 186, 169, 224, 29, 199,
       191, 87, 132, 16, 188, 246, 98, 127, 193, 99, 123, 16, 55, 79,
       250, 241, 153, 186, 222, 123, 144, 64, 167, 110, 181, 92, 125, 71,
       100, 63, 111, 248, 81, 234, 125, 94, 83, 120, 159, 53, 27, 200,
       22, 110, 237, 182, 124, 46, 38, 158, 97, 36, 111, 251, 82, 245,
       216, 180, 181, 178, 141, 237, 17, 207, 239, 127, 131, 24, 222,
       190, 106, 127, 161, 151, 234, 17, 63, 111, 187, 211, 153, 210, 87,
       127, 146, 76, 133, 118, 75, 19, 132, 45, 40, 30, 172, 56, 234,
