%YAML:1.0
---
descriptors: !!opencv-matrix
   rows: 269
   cols: 32
   dt: u
   data: [ 40, 222, 120, 123, 184, 137, 23, 182, 222, 13, 252, 36, 182,
       209, 163, 80, 199, 122, 142, 80, 74, 40, 74, 63, 234, 151, 52, 27,
       80, 219, 68, 43, 61, 192, 96, 11, 84, 31, 226, 248, 87, 96, 245,
       78, 83, 72, 158, 180, 88, 136, 86, 111, 204, 182, 93, 31, 22, 109,
       129, 100, 127, 175, 122, 132, 92, 107, 145, 229, 52, 78, 103, 152,
       45, 168, 126, 72, 159, 23, 193, 180, 48, 220, 76, 106, 73, 240,
       225, 40, 181, 248, 37, 52, 98, 187, 70, 41, 9, 177, 149, 249, 243,
       173, 33, 159, 30, 57, 120, 116, 188, 211, 104, 237, 149, 27, 34,
       24, 19, 88, 83, 21, 141, 131, 62, 102, 152, 72, 137, 169, 217, 88,
       95, 239, 6, 10, 111, 56, 101, 130, 246, 98, 115, 83, 137, 123,
       114, 228, 44, 234, 201, 180, 239, 43, 244, 170, 226, 0, 47, 187,
       96, 41, 190, 21, 253, 244, 182, 114, 223, 187, 219, 238, 61, 255,
       95, 253, 255, 171, 151, 215, 181, 55, 185, 101, 188, 202, 42, 223,
       237, 254, 239, 237, 216, 81, 67, 51, 1, 140, 122, 149, 26, 88,
       143, 232, 136, 231, 236, 199, 241, 198, 214, 61, 251, 229, 131, 3,
       130, 217, 16, 16, 139, 186, 30, 166, 41, 53, 40, 185, 120, 66,
       116, 207, 115, 113, 105, 44, 117, 8, 59, 23, 134, 52, 28, 184, 70,
       122, 218, 178, 112, 95, 119, 221, 32, 232, 66, 138, 70, 161, 101,
       224, 209, 68, 84, 79, 75, 152, 115, 161, 36, 8, 19, 243, 73, 54,
       89, 204, 16, 216, 11, 86, 248, 2, 95, 140, 133, 44, 226, 179, 66,
       160, 223, 87, 110, 4, 162, 82, 126, 113, 169, 230, 159, 167, 73,
       46, 159, 247, 54, 229, 253, 230, 205, 147, 181, 204, 50, 105, 237,
       135, 47, 246, 170, 85, 1, 192, 85, 237, 28, 7, 107, 57, 4, 192,
       219, 66, 247, 114, 176, 100, 114, 172, 30, 174, 73, 160, 117, 93,
       164, 174, 171, 12, 60, 170, 97, 48, 246, 68, 150, 164, 133, 102,
       86, 104, 181, 142, 243, 3, 71, 250, 41, 91, 248, 245, 236, 227,
       108, 231, 24, 142, 177, 242, 199, 23, 33, 123, 124, 6, 179, 78,
       97, 254, 118, 163, 203, 250, 21, 2, 208, 234, 57, 95, 181, 97,
       127, 169, 23, 238, 234, 135, 45, 255, 240, 10, 171, 136, 53, 153,
       112, 104, 4, 172, 189, 241, 190, 135, 151, 248, 214, 186, 16, 34,
       245, 121, 185, 33, 95, 112, 23, 59, 226, 96, 10, 159, 108, 14,
       239, 52, 245, 248, 81, 161, 55, 12, 119, 254, 98, 162, 191, 96,
       157, 194, 123, 162, 121, 111, 181, 121, 118, 177, 55, 174, 161,
       130, 46, 237, 22, 170, 235, 128, 61, 251, 33, 176, 236, 62, 188,
       253, 232, 79, 85, 159, 187, 190, 52, 56, 150, 55, 195, 91, 7, 220,
       109, 56, 112, 78, 235, 24, 239, 155, 117, 189, 210, 248, 198, 107,
       128, 136, 31, 185, 48, 172, 105, 7, 188, 23, 98, 21, 182, 163, 32,
       89, 161, 35, 105, 28, 50, 236, 19, 119, 205, 182, 82, 64, 200, 0,
       129, 26, 1, 145, 25, 205, 116, 197, 97, 127, 95, 13, 125, 2, 180,
       183, 164, 100, 88, 58, 2, 8, 19, 184, 119, 95, 39, 20, 16, 2, 16,
       138, 196, 173, 146, 154, 238, 144, 66, 244, 185, 215, 149, 95,
       150, 183, 41, 206, 246, 75, 111, 179, 191, 149, 175, 79, 38, 225,
       91, 65, 254, 203, 183, 132, 45, 221, 53, 236, 211, 79, 84, 31,
       226, 248, 118, 162, 234, 74, 115, 104, 157, 164, 121, 236, 66,
       122, 201, 178, 125, 63, 60, 142, 5, 100, 233, 235, 90, 164, 130,
       192, 152, 153, 212, 195, 176, 205, 30, 31, 80, 19, 132, 151, 106,
       72, 217, 25, 3, 145, 54, 156, 66, 211, 13, 22, 158, 103, 144, 8,
       189, 142, 141, 219, 237, 119, 230, 218, 252, 177, 119, 250, 86,
       246, 121, 109, 151, 43, 55, 118, 53, 206, 229, 212, 47, 191, 110,
       235, 245, 128, 47, 180, 88, 121, 177, 67, 79, 205, 166, 2, 108,
       119, 68, 66, 210, 246, 17, 0, 176, 97, 126, 132, 30, 236, 233,
       183, 37, 136, 176, 168, 242, 132, 45, 184, 240, 41, 241, 87, 115,
       77, 116, 6, 111, 57, 100, 232, 250, 230, 115, 23, 144, 244, 126,
       212, 20, 238, 201, 178, 101, 13, 52, 168, 161, 132, 109, 170, 96,
       177, 82, 185, 190, 234, 139, 192, 17, 197, 171, 21, 172, 40, 46,
       215, 104, 82, 162, 187, 221, 208, 26, 11, 178, 241, 219, 245, 26,
       123, 144, 2, 167, 42, 38, 253, 144, 154, 221, 221, 182, 232, 159,
       180, 88, 11, 236, 252, 109, 132, 217, 251, 163, 83, 70, 99, 154,
       247, 61, 22, 15, 127, 144, 95, 29, 142, 16, 153, 63, 126, 19, 204,
       49, 119, 172, 65, 108, 1, 62, 183, 34, 112, 162, 51, 123, 0, 19,
       153, 50, 117, 243, 173, 18, 66, 80, 2, 167, 123, 6, 106, 42, 136,
       111, 145, 186, 64, 140, 36, 211, 175, 140, 140, 55, 8, 238, 189,
       219, 247, 132, 39, 132, 208, 84, 48, 139, 191, 85, 47, 61, 215,
       134, 205, 30, 158, 204, 205, 182, 224, 190, 15, 203, 3, 228, 254,
       38, 64, 232, 123, 107, 83, 102, 217, 26, 247, 53, 55, 142, 11, 16,
       91, 173, 142, 125, 89, 227, 68, 68, 30, 111, 248, 96, 224, 246,
       14, 91, 17, 147, 246, 126, 196, 254, 234, 201, 179, 181, 136, 247,
       237, 165, 4, 111, 191, 114, 96, 223, 95, 118, 68, 179, 122, 126,
       242, 57, 234, 30, 231, 75, 61, 183, 183, 55, 245, 213, 231, 229,
       221, 52, 238, 50, 255, 101, 130, 111, 245, 47, 117, 3, 49, 165,
       172, 46, 71, 137, 121, 206, 232, 80, 239, 240, 220, 118, 34, 28,
       45, 127, 237, 129, 97, 247, 153, 65, 8, 235, 188, 29, 44, 81, 115,
       250, 164, 165, 148, 9, 116, 145, 35, 147, 243, 135, 25, 170, 190,
       70, 174, 201, 247, 249, 129, 60, 79, 243, 227, 155, 247, 218, 59,
       130, 76, 133, 110, 179, 94, 107, 172, 22, 191, 223, 82, 85, 194,
       212, 207, 187, 204, 183, 41, 94, 185, 23, 175, 237, 167, 116, 158,
       227, 13, 169, 144, 117, 253, 82, 245, 164, 205, 87, 219, 196, 160,
       71, 164, 85, 2, 107, 18, 115, 99, 57, 101, 81, 194, 34, 106, 122,
       180, 79, 183, 36, 174, 194, 64, 52, 219, 240, 32, 162, 120, 216,
       217, 205, 201, 112, 71, 23, 53, 244, 19, 130, 157, 103, 72, 201,
       184, 131, 16, 74, 254, 83, 144, 79, 153, 148, 115, 243, 152, 220,
       218, 219, 23, 103, 5, 34, 18, 111, 49, 45, 232, 223, 230, 73, 38,
       158, 231, 54, 197, 253, 238, 237, 145, 165, 204, 182, 123, 238,
       128, 47, 182, 169, 125, 29, 216, 236, 243, 199, 188, 250, 148,
       115, 115, 22, 86, 249, 57, 93, 175, 39, 198, 177, 222, 162, 248,
       191, 225, 79, 235, 215, 193, 175, 215, 89, 170, 125, 96, 234, 69,
       70, 95, 239, 220, 114, 230, 167, 10, 83, 93, 95, 43, 57, 236, 91,
       254, 136, 245, 189, 40, 119, 11, 197, 53, 229, 251, 86, 224, 221,
       219, 87, 254, 228, 4, 111, 189, 53, 10, 86, 70, 253, 67, 176, 117,
       118, 228, 63, 234, 249, 28, 51, 255, 245, 234, 230, 200, 62, 178,
       160, 33, 48, 216, 127, 88, 93, 231, 209, 206, 95, 29, 242, 18, 18,
       220, 60, 104, 249, 153, 42, 144, 138, 175, 115, 213, 83, 62, 146,
       78, 209, 9, 116, 50, 92, 225, 177, 231, 52, 140, 67, 188, 118,
       169, 139, 72, 247, 241, 88, 100, 16, 92, 125, 88, 27, 60, 217, 50,
       233, 252, 39, 112, 42, 138, 81, 40, 65, 57, 190, 117, 161, 220,
       181, 39, 236, 232, 110, 8, 190, 188, 7, 51, 132, 55, 121, 1, 197,
       248, 176, 108, 231, 251, 94, 3, 192, 80, 135, 107, 47, 51, 237,
       65, 124, 123, 201, 152, 78, 240, 31, 236, 209, 68, 223, 40, 94, 4,
       126, 125, 149, 16, 125, 16, 76, 29, 169, 244, 220, 175, 90, 245,
       127, 49, 178, 224, 61, 31, 80, 88, 107, 188, 177, 78, 14, 154, 79,
       62, 190, 157, 254, 80, 142, 35, 184, 208, 155, 217, 1, 126, 203,
       15, 74, 23, 142, 124, 186, 190, 53, 247, 178, 192, 159, 14, 80, 3,
       44, 222, 35, 192, 248, 121, 139, 67, 38, 165, 26, 255, 147, 87,
       10, 11, 18, 31, 45, 206, 18, 10, 111, 254, 102, 160, 248, 103,
       188, 2, 208, 147, 61, 207, 180, 105, 110, 187, 55, 141, 160, 139,
       38, 237, 211, 235, 250, 136, 53, 128, 165, 232, 129, 84, 47, 191,
       68, 230, 169, 114, 124, 79, 83, 83, 48, 31, 58, 41, 253, 43, 19,
       175, 225, 182, 52, 111, 85, 47, 250, 128, 69, 81, 117, 250, 214,
       79, 199, 55, 162, 2, 47, 148, 164, 134, 194, 229, 101, 39, 129,
