%YAML:1.0
---
descriptors: !!opencv-matrix
   rows: 152
   cols: 32
   dt: u
   data: [ 1, 85, 121, 109, 116, 78, 111, 52, 101, 108, 126, 228, 211,
       23, 145, 112, 62, 156, 23, 110, 201, 176, 113, 29, 231, 173, 32,
       128, 104, 187, 100, 113, 34, 187, 249, 155, 254, 201, 185, 239,
       158, 85, 88, 175, 164, 252, 118, 0, 175, 123, 147, 21, 214, 106,
       238, 247, 111, 23, 30, 235, 213, 12, 151, 223, 237, 221, 238, 30,
       221, 55, 206, 252, 83, 226, 252, 94, 122, 232, 127, 181, 93, 238,
       178, 239, 237, 118, 222, 191, 58, 127, 197, 60, 223, 255, 248,
       156, 105, 102, 177, 101, 52, 46, 97, 22, 105, 168, 126, 76, 159,
       33, 145, 158, 148, 4, 76, 60, 161, 180, 225, 14, 206, 253, 32,
       144, 202, 248, 66, 41, 161, 4, 150, 95, 197, 62, 228, 39, 125,
       155, 107, 16, 242, 32, 28, 127, 169, 238, 98, 8, 48, 252, 115, 34,
       39, 254, 86, 0, 195, 112, 202, 132, 77, 120, 191, 255, 109, 189,
       121, 152, 255, 219, 102, 16, 252, 255, 93, 122, 133, 111, 123, 30,
       163, 117, 251, 241, 207, 251, 215, 42, 202, 113, 99, 186, 201,
       201, 191, 255, 173, 204, 117, 167, 255, 155, 38, 16, 190, 249, 96,
       123, 193, 118, 123, 94, 114, 109, 251, 177, 239, 251, 86, 90, 146,
       88, 193, 42, 8, 172, 188, 248, 137, 237, 181, 71, 255, 31, 172,
       16, 190, 187, 64, 58, 129, 51, 251, 16, 50, 109, 147, 243, 223,
       223, 86, 91, 194, 64, 135, 171, 120, 169, 154, 170, 137, 232, 84,
       207, 163, 181, 136, 9, 167, 243, 98, 82, 193, 255, 233, 17, 30,
       75, 202, 49, 251, 229, 157, 127, 160, 66, 174, 10, 252, 80, 253,
       102, 42, 104, 87, 152, 226, 178, 167, 56, 87, 119, 73, 123, 35,
       212, 108, 106, 73, 103, 251, 32, 211, 235, 101, 61, 224, 243, 70,
       34, 233, 164, 61, 155, 205, 253, 161, 175, 94, 115, 37, 24, 148,
       16, 90, 105, 201, 10, 122, 28, 183, 108, 251, 149, 77, 91, 95,
       124, 216, 12, 217, 198, 253, 114, 233, 99, 238, 3, 78, 216, 66,
       250, 149, 238, 83, 65, 217, 171, 127, 204, 85, 254, 201, 102, 205,
       56, 122, 201, 229, 252, 255, 251, 82, 177, 130, 140, 142, 187,
       153, 181, 188, 231, 158, 23, 64, 21, 172, 238, 34, 64, 193, 43,
       187, 149, 54, 220, 82, 247, 239, 247, 222, 75, 152, 68, 169, 218,
       6, 180, 140, 187, 189, 173, 176, 139, 30, 63, 69, 21, 132, 186,
       74, 75, 193, 11, 187, 21, 54, 92, 219, 211, 79, 23, 223, 103, 152,
       76, 153, 210, 246, 65, 146, 132, 197, 78, 246, 192, 59, 162, 179,
       11, 78, 58, 105, 212, 248, 197, 142, 227, 76, 35, 24, 194, 177,
       52, 143, 23, 1, 127, 99, 6, 60, 77, 115, 238, 84, 135, 231, 120,
       85, 128, 253, 2, 115, 233, 181, 96, 120, 232, 6, 106, 232, 179,
       56, 191, 115, 239, 167, 8, 119, 187, 112, 168, 253, 96, 237, 107,
       140, 71, 79, 216, 83, 242, 181, 10, 83, 85, 217, 59, 89, 196, 124,
       122, 233, 103, 255, 56, 251, 203, 229, 60, 247, 251, 86, 96, 21,
       221, 75, 199, 182, 27, 238, 248, 116, 224, 251, 230, 83, 92, 181,
       224, 126, 236, 22, 238, 201, 176, 109, 253, 54, 173, 167, 132,
       125, 187, 112, 181, 252, 164, 252, 106, 221, 101, 83, 200, 83, 55,
       181, 25, 91, 125, 90, 27, 89, 192, 237, 122, 58, 98, 219, 147,
       219, 219, 65, 125, 243, 203, 214, 2, 62, 176, 249, 192, 239, 125,
       249, 218, 139, 253, 181, 62, 158, 159, 78, 186, 239, 145, 223,
       145, 151, 103, 250, 208, 223, 25, 139, 255, 223, 77, 95, 243, 216,
       249, 49, 234, 57, 205, 19, 156, 186, 105, 160, 88, 190, 215, 72,
       240, 148, 217, 125, 80, 123, 15, 250, 51, 249, 213, 47, 126, 26,
       0, 135, 123, 237, 16, 252, 69, 172, 62, 253, 25, 70, 251, 183, 84,
       211, 61, 216, 106, 93, 84, 127, 60, 144, 244, 249, 2, 79, 187,
       245, 212, 207, 232, 208, 51, 191, 174, 230, 31, 239, 19, 238, 249,
       87, 238, 254, 231, 72, 234, 223, 213, 127, 239, 183, 175, 252,
       214, 207, 254, 62, 126, 239, 164, 239, 252, 122, 213, 45, 224, 48,
       73, 77, 221, 214, 136, 207, 113, 44, 8, 222, 216, 94, 180, 145, 8,
       82, 75, 70, 32, 122, 241, 47, 93, 5, 63, 83, 30, 219, 134, 36,
       132, 150, 93, 237, 126, 228, 143, 255, 31, 107, 16, 194, 96, 12,
       222, 233, 70, 106, 24, 48, 248, 219, 34, 47, 254, 86, 69, 194,
       112, 235, 134, 15, 173, 100, 174, 31, 139, 155, 168, 142, 164,
       157, 139, 253, 201, 58, 133, 26, 99, 219, 127, 102, 169, 78, 253,
       233, 21, 13, 249, 119, 166, 21, 74, 53, 94, 211, 166, 52, 2, 103,
       212, 101, 202, 250, 231, 67, 9, 161, 80, 124, 196, 14, 230, 73,
       183, 9, 170, 178, 237, 166, 6, 109, 187, 112, 25, 214, 198, 142,
       190, 138, 34, 28, 175, 180, 150, 194, 243, 99, 98, 171, 75, 119,
       231, 125, 167, 108, 197, 143, 172, 248, 99, 239, 149, 165, 124,
       56, 75, 104, 180, 152, 113, 185, 205, 80, 143, 59, 53, 160, 24,
       142, 27, 72, 16, 137, 155, 205, 16, 58, 106, 219, 23, 207, 215,
       21, 127, 194, 8, 198, 42, 250, 81, 111, 252, 47, 86, 221, 96, 169,
       118, 182, 171, 123, 255, 39, 123, 238, 245, 253, 227, 105, 103,
       179, 201, 211, 251, 202, 155, 103, 61, 126, 119, 89, 253, 29, 109,
       152, 78, 71, 63, 100, 136, 170, 64, 247, 51, 0, 112, 16, 182, 92,
       40, 105, 169, 113, 15, 233, 239, 36, 16, 106, 162, 224, 40, 112,
       164, 152, 250, 217, 105, 83, 207, 146, 167, 173, 25, 54, 243, 72,
       88, 209, 158, 201, 16, 58, 11, 218, 51, 219, 133, 21, 127, 176,
       72, 134, 10, 208, 195, 78, 173, 14, 11, 108, 101, 228, 16, 226,
       82, 99, 3, 16, 67, 104, 164, 110, 226, 104, 237, 65, 29, 240, 163,
       226, 17, 97, 160, 232, 10, 197, 34, 151, 181, 180, 46, 104, 19,
       58, 171, 115, 112, 215, 51, 193, 251, 151, 103, 108, 60, 49, 212,
       193, 10, 140, 254, 119, 64, 136, 225, 3, 1, 222, 176, 146, 186,
       27, 245, 18, 200, 191, 21, 129, 21, 204, 222, 106, 212, 247, 17,
       249, 209, 54, 7, 154, 211, 155, 241, 11, 127, 144, 7, 45, 7, 128,
       156, 136, 187, 185, 165, 80, 175, 30, 31, 70, 21, 180, 251, 42,
       64, 193, 11, 187, 149, 62, 92, 83, 55, 239, 247, 190, 75, 152, 0,
       169, 154, 130, 14, 50, 154, 203, 225, 188, 199, 189, 15, 152, 179,
       172, 190, 101, 205, 239, 51, 203, 129, 114, 15, 2, 243, 177, 84,
       30, 235, 144, 84, 173, 143, 45, 48, 189, 117, 173, 47, 116, 27,
       127, 251, 55, 92, 223, 125, 72, 58, 141, 86, 124, 12, 185, 244,
       123, 8, 207, 219, 117, 52, 202, 248, 202, 19, 60, 77, 123, 238,
       84, 215, 239, 240, 85, 128, 254, 2, 115, 249, 181, 96, 120, 234,
       23, 235, 200, 179, 60, 191, 115, 239, 167, 128, 119, 187, 240,
       160, 57, 7, 37, 173, 188, 47, 79, 59, 4, 172, 218, 205, 211, 97,
       177, 65, 92, 164, 93, 110, 232, 161, 97, 28, 224, 232, 161, 148,
       118, 250, 208, 96, 61, 77, 107, 222, 212, 150, 239, 246, 213, 194,
       222, 66, 113, 233, 181, 100, 120, 234, 23, 239, 233, 187, 46, 239,
       114, 111, 167, 136, 55, 251, 112, 236, 85, 91, 99, 175, 54, 2,
       111, 248, 36, 132, 218, 230, 113, 99, 185, 81, 126, 228, 63, 238,
       201, 144, 45, 108, 180, 170, 175, 132, 45, 179, 112, 113, 200,
       241, 147, 225, 185, 204, 54, 157, 174, 169, 146, 112, 156, 247,
       72, 198, 166, 87, 253, 88, 19, 13, 155, 243, 173, 244, 47, 222,
       138, 2, 129, 59, 244, 205, 234, 254, 220, 35, 239, 252, 222, 162,
       253, 26, 113, 227, 169, 114, 121, 198, 110, 234, 248, 99, 239,
       190, 252, 143, 239, 188, 245, 251, 240, 160, 12, 145, 149, 167,
       169, 110, 61, 159, 174, 185, 90, 96, 220, 119, 8, 206, 135, 87,
       255, 144, 19, 216, 91, 192, 205, 246, 127, 198, 130, 114, 165, 51,
       197, 65, 85, 231, 36, 14, 111, 56, 108, 160, 99, 64, 215, 115,
       153, 115, 118, 196, 124, 110, 225, 176, 77, 76, 228, 170, 103, 4,
       44, 179, 65, 32, 2, 73, 22, 158, 77, 197, 182, 98, 140, 4, 216, 3,
       172, 210, 35, 67, 232, 123, 139, 195, 68, 11, 18, 237, 53, 16,
       202, 43, 16, 60, 45, 138, 136, 168, 172, 250, 205, 249, 112, 207,
       199, 23, 132, 26, 169, 207, 98, 175, 105, 42, 234, 16, 54, 79,
       238, 179, 223, 211, 214, 123, 178, 76, 237, 206, 64, 189, 158,
