%YAML:1.0
---
descriptors: !!opencv-matrix
   rows: 134
   cols: 32
   dt: u
   data: [ 124, 244, 121, 104, 60, 79, 83, 248, 83, 232, 181, 8, 219, 95,
       77, 49, 92, 220, 93, 234, 233, 38, 249, 30, 251, 205, 33, 124,
       123, 171, 70, 51, 40, 95, 107, 109, 116, 78, 111, 48, 100, 108,
       126, 228, 243, 23, 144, 112, 94, 188, 87, 110, 201, 176, 113, 29,
       229, 173, 32, 128, 97, 186, 70, 121, 80, 173, 27, 126, 138, 200,
       71, 231, 176, 5, 234, 40, 38, 231, 8, 80, 32, 242, 104, 66, 88,
       11, 138, 63, 248, 166, 84, 123, 32, 2, 166, 42, 237, 113, 241, 68,
       229, 124, 223, 25, 121, 226, 101, 8, 90, 121, 221, 190, 18, 220,
       116, 122, 129, 118, 253, 66, 127, 60, 69, 46, 239, 243, 194, 182,
       44, 44, 76, 1, 61, 251, 65, 42, 225, 183, 182, 41, 130, 33, 147,
       158, 9, 4, 236, 56, 12, 233, 97, 28, 138, 83, 85, 87, 230, 140,
       94, 70, 205, 120, 191, 255, 109, 189, 121, 216, 255, 218, 36, 16,
       252, 255, 93, 122, 229, 103, 123, 94, 230, 69, 250, 241, 207, 251,
       215, 42, 146, 117, 99, 234, 241, 210, 73, 163, 68, 10, 101, 97,
       33, 42, 243, 126, 82, 2, 140, 88, 105, 140, 110, 130, 73, 183,
       201, 194, 148, 166, 182, 116, 41, 10, 242, 176, 200, 172, 188,
       249, 169, 236, 181, 71, 190, 31, 172, 16, 190, 187, 64, 27, 129,
       51, 235, 24, 50, 109, 178, 83, 207, 223, 86, 123, 194, 64, 135,
       235, 189, 74, 235, 250, 180, 131, 239, 212, 215, 202, 214, 230,
       115, 203, 177, 104, 123, 232, 22, 222, 235, 183, 44, 254, 242,
       239, 183, 136, 191, 251, 112, 185, 187, 252, 107, 223, 102, 18,
       237, 116, 81, 202, 85, 231, 121, 236, 182, 33, 126, 237, 55, 239,
       229, 255, 166, 233, 118, 105, 238, 136, 111, 188, 115, 253, 55,
       97, 232, 167, 206, 55, 223, 216, 19, 226, 149, 143, 83, 237, 123,
       42, 124, 221, 147, 239, 205, 115, 252, 168, 115, 77, 205, 60, 253,
       255, 90, 240, 49, 143, 107, 255, 118, 163, 235, 119, 85, 65, 254,
       230, 115, 237, 180, 96, 127, 170, 23, 141, 187, 187, 36, 255, 118,
       239, 170, 192, 61, 202, 240, 249, 134, 73, 22, 155, 77, 213, 188,
       224, 140, 16, 80, 3, 172, 222, 101, 199, 200, 59, 147, 195, 102,
       26, 26, 241, 37, 16, 202, 43, 20, 61, 61, 142, 66, 145, 150, 218,
       203, 208, 176, 73, 174, 17, 75, 48, 236, 246, 104, 238, 166, 19,
       251, 144, 19, 9, 187, 209, 159, 178, 90, 75, 144, 2, 165, 191, 21,
       95, 102, 175, 54, 2, 111, 248, 100, 132, 218, 231, 113, 107, 187,
       65, 126, 228, 31, 239, 236, 145, 13, 236, 244, 46, 175, 128, 45,
       179, 112, 65, 12, 149, 183, 253, 169, 110, 181, 159, 174, 155, 10,
       64, 220, 247, 72, 106, 199, 87, 123, 16, 19, 201, 91, 64, 205,
       182, 127, 70, 144, 96, 133, 51, 213, 86, 205, 167, 38, 14, 110,
       56, 100, 234, 215, 230, 211, 104, 155, 99, 126, 196, 60, 239, 237,
       244, 205, 10, 230, 235, 227, 132, 45, 251, 88, 17, 245, 239, 120,
       103, 116, 11, 79, 248, 113, 168, 255, 76, 83, 99, 155, 17, 94,
       204, 69, 238, 232, 178, 233, 47, 246, 169, 165, 180, 109, 187, 66,
       161, 181, 71, 103, 71, 52, 26, 239, 184, 100, 232, 243, 198, 211,
       84, 157, 229, 126, 196, 22, 238, 233, 178, 109, 46, 36, 234, 229,
       132, 109, 187, 80, 245, 20, 241, 155, 225, 146, 70, 173, 117, 50,
       129, 67, 210, 213, 247, 104, 96, 119, 29, 49, 177, 83, 216, 145,
       64, 237, 135, 175, 196, 173, 34, 161, 176, 216, 235, 24, 168, 170,
       73, 21, 239, 58, 188, 176, 249, 159, 178, 193, 16, 179, 153, 204,
       49, 106, 75, 194, 18, 248, 197, 47, 253, 32, 112, 143, 11, 136,
       164, 145, 185, 157, 221, 85, 191, 86, 115, 68, 16, 183, 179, 72,
       229, 201, 10, 58, 24, 51, 108, 115, 183, 239, 215, 20, 121, 146,
       8, 148, 170, 255, 178, 189, 210, 237, 253, 217, 217, 143, 253,
       181, 126, 158, 159, 78, 186, 239, 145, 255, 145, 155, 103, 250,
       208, 223, 153, 219, 255, 223, 77, 223, 243, 19, 158, 83, 255, 215,
       166, 190, 247, 60, 11, 90, 70, 124, 255, 32, 228, 119, 127, 23,
       169, 241, 153, 16, 255, 61, 238, 174, 194, 173, 114, 177, 169, 2,
       177, 171, 177, 210, 230, 185, 79, 58, 113, 88, 243, 180, 191, 72,
       8, 255, 31, 51, 145, 51, 218, 147, 67, 93, 6, 190, 228, 133, 64,
       167, 250, 218, 122, 239, 164, 110, 18, 191, 116, 137, 232, 86,
       239, 125, 175, 151, 3, 46, 253, 247, 231, 225, 215, 166, 206, 116,
       35, 239, 168, 45, 188, 55, 249, 169, 45, 121, 117, 116, 111, 103,
       55, 113, 234, 127, 16, 243, 53, 148, 49, 24, 254, 22, 40, 249,
       248, 113, 14, 111, 255, 52, 0, 99, 232, 70, 248, 47, 190, 228,
       157, 93, 151, 200, 248, 215, 247, 212, 79, 224, 232, 95, 175, 221,
       236, 243, 189, 174, 242, 255, 159, 14, 127, 205, 60, 223, 172, 90,
       212, 22, 142, 254, 189, 186, 211, 191, 234, 158, 246, 214, 163,
       125, 238, 171, 67, 55, 255, 255, 177, 116, 193, 47, 223, 250, 231,
       239, 197, 181, 224, 37, 83, 104, 189, 19, 92, 211, 200, 39, 231,
       51, 65, 104, 168, 46, 247, 0, 84, 50, 250, 192, 64, 83, 27, 162,
       127, 189, 180, 4, 107, 34, 18, 166, 59, 100, 172, 190, 247, 140,
       239, 97, 138, 254, 187, 226, 24, 243, 251, 89, 91, 201, 238, 104,
       26, 42, 252, 219, 49, 205, 251, 215, 81, 192, 121, 86, 138, 200,
       169, 190, 250, 173, 205, 116, 167, 239, 61, 166, 24, 174, 251, 96,
       91, 129, 119, 235, 82, 114, 105, 219, 241, 255, 251, 87, 123, 210,
       88, 197, 11, 204, 113, 57, 101, 32, 78, 119, 56, 109, 172, 127,
       72, 223, 19, 9, 48, 148, 84, 76, 106, 73, 176, 113, 14, 231, 249,
       33, 4, 64, 179, 70, 161, 208, 74, 87, 189, 14, 10, 108, 36, 244,
       178, 226, 82, 231, 3, 17, 203, 98, 229, 106, 235, 104, 245, 7, 76,
       180, 226, 82, 0, 36, 176, 41, 8, 233, 28, 253, 119, 173, 63, 117,
       55, 239, 251, 54, 92, 223, 61, 65, 59, 133, 86, 108, 8, 185, 248,
       123, 160, 207, 251, 117, 20, 202, 248, 202, 91, 0, 173, 171, 161,
       148, 226, 187, 199, 62, 101, 74, 147, 149, 175, 32, 64, 251, 95,
       19, 149, 50, 152, 177, 55, 237, 167, 190, 68, 132, 72, 181, 250,
       214, 176, 146, 170, 27, 229, 18, 200, 191, 29, 129, 16, 204, 222,
       106, 112, 247, 17, 253, 80, 54, 7, 186, 243, 153, 209, 11, 127,
       144, 3, 37, 7, 138, 172, 138, 187, 221, 213, 176, 199, 158, 89,
       64, 19, 172, 222, 114, 192, 201, 43, 147, 149, 54, 94, 82, 247,
       143, 87, 158, 107, 144, 12, 189, 202, 0, 140, 136, 187, 185, 165,
       121, 167, 22, 29, 76, 21, 180, 191, 34, 64, 193, 59, 59, 148, 58,
       220, 83, 55, 239, 247, 158, 73, 152, 0, 173, 26, 138, 220, 50,
       159, 51, 208, 188, 230, 31, 79, 86, 167, 172, 222, 38, 196, 230,
       123, 147, 193, 230, 156, 50, 255, 39, 119, 154, 139, 22, 20, 173,
       223, 11, 204, 32, 27, 85, 221, 178, 230, 95, 69, 92, 3, 168, 220,
       55, 164, 217, 107, 146, 69, 199, 188, 124, 255, 39, 94, 154, 35,
       87, 31, 125, 222, 53, 77, 107, 222, 220, 131, 207, 246, 213, 128,
       252, 2, 115, 233, 181, 96, 88, 234, 22, 203, 233, 171, 46, 191,
       114, 175, 167, 152, 125, 251, 112, 168, 229, 255, 201, 254, 222,
       43, 230, 252, 91, 234, 188, 206, 241, 104, 185, 35, 121, 230, 95,
       239, 241, 99, 253, 254, 126, 159, 231, 188, 253, 251, 240, 144,
       198, 189, 213, 191, 254, 225, 254, 175, 191, 147, 18, 50, 236,
       250, 92, 75, 231, 255, 127, 147, 50, 73, 138, 243, 173, 182, 223,
       238, 148, 113, 181, 143, 196, 141, 151, 151, 244, 168, 190, 167,
       190, 147, 219, 18, 236, 230, 104, 75, 251, 255, 46, 146, 50, 220,
       203, 247, 189, 54, 223, 66, 132, 121, 177, 139, 237, 16, 253, 101,
       172, 62, 249, 25, 70, 187, 183, 84, 211, 57, 217, 107, 93, 84,
       127, 60, 185, 116, 249, 2, 79, 235, 245, 148, 235, 248, 208, 35,
       60, 15, 37, 175, 52, 175, 79, 57, 4, 238, 219, 197, 243, 65, 145,
       0, 92, 162, 77, 47, 136, 160, 109, 31, 224, 196, 161, 148, 116,
       235, 84, 96, 53, 79, 111, 237, 52, 27, 238, 184, 100, 232, 250,
       230, 243, 92, 149, 224, 126, 228, 30, 238, 237, 176, 109, 45, 52,
