%YAML:1.0
---
descriptors: !!opencv-matrix
   rows: 256
   cols: 32
   dt: u
   data: [ 211, 56, 186, 176, 11, 253, 17, 67, 251, 215, 164, 25, 174,
       150, 103, 222, 163, 187, 232, 17, 39, 79, 146, 226, 145, 214, 90,
       123, 200, 68, 15, 94, 47, 43, 195, 207, 61, 29, 234, 88, 175, 232,
       245, 68, 219, 203, 213, 182, 236, 141, 126, 238, 137, 163, 219,
       208, 159, 217, 131, 44, 75, 162, 99, 164, 194, 52, 20, 218, 191,
       237, 182, 206, 223, 150, 136, 27, 236, 251, 101, 205, 243, 123,
       235, 34, 34, 101, 26, 255, 183, 22, 95, 59, 146, 125, 141, 14,
       170, 238, 182, 218, 235, 109, 158, 207, 155, 47, 184, 187, 206,
       252, 45, 137, 223, 219, 223, 163, 224, 111, 202, 250, 113, 54, 95,
       191, 211, 125, 135, 219, 95, 11, 242, 172, 178, 128, 90, 16, 97,
       192, 74, 231, 63, 238, 179, 112, 118, 237, 29, 223, 156, 139, 132,
       234, 250, 245, 142, 136, 166, 183, 32, 85, 33, 185, 115, 65, 116,
       223, 227, 49, 105, 164, 254, 8, 187, 29, 212, 52, 26, 188, 70,
       120, 219, 186, 240, 79, 39, 220, 1, 112, 67, 138, 70, 253, 172,
       237, 101, 71, 244, 75, 231, 188, 127, 230, 126, 136, 211, 101,
       156, 53, 123, 206, 102, 110, 113, 248, 109, 63, 109, 250, 101, 68,
       103, 186, 198, 248, 189, 91, 95, 168, 60, 131, 67, 248, 198, 232,
       176, 238, 115, 209, 169, 97, 92, 176, 14, 114, 235, 39, 106, 157,
       248, 201, 165, 252, 49, 171, 112, 49, 167, 229, 227, 75, 221, 59,
       166, 236, 124, 99, 123, 82, 200, 248, 159, 166, 249, 78, 242, 255,
       247, 178, 253, 231, 62, 61, 135, 70, 205, 127, 251, 132, 74, 182,
       80, 59, 99, 168, 48, 23, 171, 89, 57, 253, 174, 175, 72, 155, 167,
       19, 238, 20, 23, 72, 146, 213, 142, 244, 80, 202, 202, 196, 139,
       29, 207, 79, 237, 183, 172, 60, 127, 149, 169, 95, 95, 245, 221,
       111, 219, 75, 199, 71, 61, 95, 247, 84, 239, 224, 230, 123, 254,
       128, 142, 255, 209, 113, 80, 189, 63, 252, 19, 204, 53, 119, 168,
       133, 106, 0, 60, 179, 0, 83, 162, 55, 121, 0, 80, 201, 146, 109,
       241, 167, 86, 3, 32, 0, 167, 42, 37, 112, 113, 73, 72, 31, 235,
       80, 97, 224, 121, 72, 146, 21, 149, 190, 28, 92, 82, 106, 193,
       182, 245, 8, 5, 24, 1, 40, 75, 187, 66, 180, 210, 239, 19, 218,
       171, 98, 30, 239, 191, 6, 152, 179, 76, 231, 40, 213, 255, 251,
       239, 226, 120, 79, 138, 254, 185, 182, 222, 159, 19, 85, 165, 123,
       238, 175, 128, 178, 249, 225, 190, 235, 187, 190, 177, 153, 236,
       238, 79, 155, 201, 115, 251, 147, 118, 79, 202, 243, 63, 82, 223,
       255, 1, 69, 47, 218, 184, 125, 120, 101, 50, 143, 87, 240, 113, 0,
       116, 8, 127, 19, 1, 49, 54, 153, 69, 106, 104, 182, 16, 63, 243,
       201, 32, 4, 107, 145, 66, 171, 223, 190, 158, 182, 187, 54, 22,
       185, 251, 251, 151, 117, 220, 250, 107, 75, 149, 103, 253, 55,
       245, 65, 154, 255, 232, 119, 111, 254, 136, 116, 137, 87, 50, 40,
       98, 232, 221, 149, 250, 70, 91, 161, 248, 10, 42, 184, 117, 132,
       249, 175, 151, 129, 24, 186, 208, 242, 127, 220, 154, 107, 247,
       12, 126, 142, 130, 105, 160, 149, 229, 93, 188, 79, 95, 174, 80,
       19, 172, 156, 117, 140, 217, 123, 147, 17, 214, 254, 210, 242, 37,
       22, 159, 171, 215, 124, 149, 158, 101, 100, 29, 109, 184, 47, 71,
       184, 19, 162, 165, 8, 214, 115, 9, 59, 145, 84, 104, 122, 121, 96,
       217, 28, 237, 218, 69, 52, 208, 123, 194, 34, 174, 50, 176, 177,
       239, 121, 184, 202, 31, 191, 181, 187, 140, 207, 103, 142, 239,
       217, 243, 17, 38, 119, 202, 210, 95, 85, 159, 255, 151, 93, 15,
       215, 190, 94, 127, 121, 157, 255, 151, 186, 85, 126, 247, 214, 75,
       92, 39, 237, 117, 48, 142, 114, 237, 181, 125, 190, 99, 219, 131,
       87, 123, 157, 92, 119, 14, 129, 148, 187, 133, 118, 52, 143, 175,
       19, 78, 1, 204, 115, 42, 206, 193, 83, 171, 144, 18, 216, 91, 224,
       239, 247, 222, 71, 146, 116, 169, 2, 104, 121, 56, 101, 116, 142,
       125, 55, 104, 172, 118, 8, 183, 31, 131, 48, 132, 52, 85, 76, 192,
       184, 241, 14, 231, 253, 32, 144, 64, 176, 70, 107, 195, 225, 133,
       157, 60, 7, 9, 185, 150, 248, 208, 195, 252, 230, 249, 230, 84,
       125, 187, 237, 195, 67, 203, 221, 9, 50, 207, 172, 28, 174, 49,
       245, 172, 78, 165, 245, 172, 111, 77, 154, 86, 250, 186, 116, 211,
       37, 145, 75, 93, 70, 125, 46, 185, 244, 105, 58, 205, 238, 247,
       148, 144, 249, 84, 240, 87, 149, 174, 195, 148, 102, 175, 189,
       224, 249, 159, 18, 80, 119, 254, 102, 121, 214, 57, 186, 185, 241,
       189, 230, 121, 47, 175, 196, 141, 115, 244, 115, 195, 144, 175,
       23, 34, 124, 169, 55, 124, 83, 207, 212, 188, 54, 158, 111, 39, 7,
       125, 141, 151, 216, 181, 193, 132, 58, 250, 192, 132, 68, 177,
       125, 64, 140, 31, 189, 160, 236, 97, 39, 188, 27, 106, 17, 247,
       35, 32, 83, 129, 39, 105, 12, 48, 237, 19, 39, 193, 182, 82, 64,
       192, 64, 129, 10, 214, 205, 247, 212, 207, 120, 191, 238, 205,
       150, 172, 2, 236, 254, 101, 231, 251, 247, 234, 227, 96, 107, 186,
       234, 191, 246, 207, 63, 215, 124, 37, 110, 243, 54, 175, 214, 108,
       38, 219, 82, 185, 234, 187, 229, 116, 254, 229, 123, 204, 247, 61,
       135, 169, 199, 146, 234, 208, 30, 251, 186, 12, 115, 114, 59, 30,
       111, 243, 240, 215, 160, 191, 195, 187, 132, 92, 130, 45, 207,
       113, 0, 110, 251, 147, 211, 82, 155, 160, 240, 123, 69, 143, 233,
       167, 245, 167, 234, 214, 66, 172, 30, 173, 121, 151, 136, 219,
       223, 149, 59, 202, 252, 127, 79, 153, 65, 237, 115, 62, 101, 234,
       178, 219, 22, 77, 191, 208, 127, 93, 71, 194, 184, 150, 156, 139,
       253, 176, 71, 175, 31, 130, 17, 172, 150, 100, 207, 165, 59, 251,
       17, 22, 77, 146, 209, 141, 48, 94, 59, 128, 68, 173, 143, 166,
       255, 105, 169, 213, 143, 251, 220, 94, 100, 104, 135, 159, 140,
       116, 1, 254, 25, 19, 119, 230, 178, 124, 221, 101, 24, 139, 108,
       85, 155, 85, 216, 104, 233, 253, 101, 84, 75, 227, 188, 66, 165,
       46, 8, 115, 49, 192, 50, 16, 86, 104, 104, 192, 248, 225, 45, 111,
       173, 37, 17, 99, 170, 86, 104, 80, 153, 63, 126, 3, 205, 53, 119,
       172, 1, 110, 8, 62, 183, 32, 48, 166, 51, 121, 64, 80, 137, 50,
       109, 241, 172, 18, 2, 96, 2, 167, 107, 77, 63, 223, 181, 160, 62,
       124, 18, 61, 203, 254, 229, 223, 239, 131, 218, 183, 255, 255,
       134, 157, 208, 227, 224, 222, 255, 255, 129, 174, 245, 43, 81,
       153, 183, 126, 73, 246, 155, 248, 219, 126, 169, 126, 246, 89,
       255, 182, 32, 127, 47, 87, 188, 243, 249, 37, 223, 126, 175, 39,
       196, 239, 136, 235, 145, 124, 249, 152, 248, 233, 189, 84, 222,
       163, 55, 172, 29, 63, 251, 74, 26, 135, 243, 237, 16, 14, 107,
       218, 49, 219, 221, 85, 127, 250, 81, 170, 11, 33, 133, 146, 223,
       84, 166, 230, 115, 84, 136, 91, 66, 242, 240, 48, 228, 216, 110,
       50, 8, 209, 187, 16, 175, 33, 62, 206, 0, 8, 234, 120, 168, 244,
       77, 72, 103, 144, 14, 79, 180, 49, 226, 238, 13, 115, 99, 139, 16,
       121, 198, 76, 238, 104, 180, 89, 46, 246, 175, 165, 20, 107, 243,
       74, 56, 97, 105, 191, 101, 104, 79, 111, 180, 232, 168, 42, 72,
       182, 53, 1, 50, 132, 116, 123, 72, 193, 184, 241, 40, 229, 156,
       101, 48, 64, 58, 67, 170, 86, 79, 199, 55, 130, 66, 46, 166, 164,
       134, 138, 197, 229, 103, 33, 91, 102, 245, 105, 230, 104, 193, 1,
       104, 248, 162, 239, 128, 160, 115, 37, 56, 218, 45, 179, 246, 143,
       82, 159, 236, 219, 182, 178, 18, 239, 254, 101, 199, 235, 255,
       237, 227, 104, 111, 170, 234, 187, 242, 207, 63, 4, 125, 37, 238,
       201, 188, 191, 241, 157, 237, 49, 19, 190, 247, 134, 28, 182, 183,
       64, 107, 129, 119, 121, 25, 51, 205, 243, 2, 201, 219, 95, 82,
       136, 64, 23, 122, 201, 60, 181, 245, 173, 46, 97, 150, 254, 255,
       42, 84, 150, 49, 65, 107, 129, 118, 125, 28, 177, 237, 243, 2,
       205, 254, 87, 16, 136, 104, 81, 123, 210, 60, 191, 154, 139, 248,
       177, 71, 190, 87, 141, 17, 172, 190, 98, 123, 163, 59, 235, 145,
