%YAML:1.0
---
descriptors: !!opencv-matrix
   rows: 181
   cols: 32
   dt: u
   data: [ 2, 187, 24, 186, 254, 193, 178, 207, 142, 5, 88, 35, 164, 191,
       96, 64, 207, 59, 3, 17, 18, 11, 74, 245, 61, 20, 30, 107, 144, 26,
       165, 139, 133, 164, 221, 241, 236, 41, 169, 27, 126, 51, 49, 216,
       157, 225, 216, 11, 35, 15, 106, 28, 51, 116, 207, 211, 204, 147,
       127, 116, 220, 200, 195, 160, 2, 173, 145, 155, 216, 169, 52, 207,
       46, 17, 72, 64, 164, 179, 104, 64, 195, 27, 42, 16, 18, 24, 66,
       119, 45, 148, 30, 107, 144, 66, 129, 138, 197, 0, 221, 229, 228,
       46, 105, 24, 42, 187, 103, 80, 215, 51, 73, 90, 119, 69, 125, 60,
       145, 208, 217, 66, 207, 187, 115, 4, 136, 227, 67, 33, 198, 44,
       245, 222, 174, 160, 186, 136, 158, 146, 25, 146, 236, 234, 93, 11,
       151, 119, 123, 211, 178, 101, 142, 243, 12, 62, 207, 254, 149, 99,
       1, 0, 166, 204, 22, 252, 253, 171, 150, 239, 223, 3, 248, 24, 142,
       249, 36, 193, 199, 123, 111, 3, 116, 111, 66, 255, 170, 254, 87,
       122, 212, 249, 137, 143, 178, 246, 161, 170, 251, 117, 20, 253,
       19, 127, 249, 191, 78, 255, 110, 28, 253, 155, 247, 36, 190, 67,
       203, 211, 123, 118, 84, 255, 211, 78, 166, 215, 30, 38, 212, 177,
       215, 122, 232, 2, 121, 182, 51, 26, 207, 43, 81, 159, 187, 239,
       237, 185, 57, 240, 141, 194, 142, 223, 95, 69, 239, 229, 75, 4,
       139, 115, 124, 125, 110, 89, 93, 56, 139, 214, 85, 231, 253, 223,
       150, 51, 22, 113, 245, 239, 197, 68, 230, 153, 70, 251, 233, 171,
       63, 166, 79, 241, 0, 166, 29, 187, 232, 169, 173, 143, 30, 51, 17,
       248, 180, 179, 200, 136, 207, 27, 107, 17, 19, 92, 75, 215, 204,
       22, 126, 236, 152, 72, 129, 169, 73, 182, 169, 73, 186, 184, 57,
       31, 118, 105, 142, 252, 157, 167, 194, 240, 39, 14, 125, 156, 147,
       73, 231, 87, 222, 111, 59, 220, 174, 132, 139, 113, 126, 34, 214,
       241, 119, 90, 104, 18, 105, 173, 50, 15, 143, 11, 87, 159, 186,
       173, 236, 145, 13, 240, 149, 192, 142, 219, 115, 193, 239, 164,
       95, 135, 69, 33, 53, 103, 52, 15, 67, 56, 109, 232, 63, 72, 215,
       114, 137, 52, 144, 68, 76, 106, 201, 177, 249, 92, 181, 250, 3,
       54, 64, 163, 67, 101, 125, 116, 17, 238, 185, 47, 86, 248, 51,
       170, 189, 72, 223, 115, 9, 176, 220, 221, 92, 106, 41, 98, 217,
       62, 243, 223, 37, 60, 122, 251, 66, 51, 50, 180, 182, 250, 233,
       39, 156, 239, 31, 59, 241, 185, 78, 255, 108, 29, 223, 155, 247,
       36, 58, 99, 74, 211, 187, 254, 93, 254, 210, 76, 162, 211, 57,
       156, 61, 127, 184, 239, 83, 183, 86, 11, 238, 0, 183, 119, 32,
       112, 197, 50, 29, 8, 171, 137, 113, 63, 235, 255, 48, 80, 146,
       200, 196, 107, 6, 161, 16, 131, 221, 109, 176, 73, 31, 53, 177,
       27, 204, 24, 72, 140, 187, 155, 234, 177, 22, 122, 219, 212, 29,
       20, 31, 127, 148, 10, 157, 134, 194, 140, 150, 188, 189, 171, 214,
       239, 223, 147, 248, 24, 238, 232, 36, 203, 195, 103, 106, 1, 52,
       111, 66, 255, 168, 246, 87, 59, 208, 121, 137, 140, 77, 176, 145,
       225, 224, 46, 104, 31, 58, 187, 107, 80, 223, 51, 72, 250, 183,
       31, 116, 24, 19, 216, 145, 2, 207, 253, 119, 100, 136, 224, 131,
       161, 124, 117, 25, 228, 184, 15, 86, 184, 51, 168, 184, 104, 223,
       115, 73, 16, 149, 221, 125, 114, 105, 66, 217, 62, 251, 219, 37,
       60, 8, 241, 130, 35, 52, 230, 196, 239, 220, 43, 70, 184, 83, 187,
       185, 79, 195, 105, 93, 146, 217, 198, 100, 114, 30, 98, 203, 179,
       174, 222, 197, 124, 249, 251, 216, 132, 240, 72, 207, 180, 78, 8,
       109, 164, 249, 146, 178, 90, 123, 42, 21, 91, 106, 229, 108, 234,
       104, 71, 195, 226, 148, 170, 254, 16, 37, 113, 114, 8, 239, 218,
       252, 90, 223, 181, 80, 206, 207, 31, 164, 29, 42, 216, 111, 222,
       197, 131, 206, 20, 190, 47, 110, 247, 27, 95, 16, 127, 211, 13,
       104, 71, 26, 112, 124, 237, 46, 214, 89, 24, 139, 220, 116, 163,
       93, 223, 214, 50, 182, 189, 181, 133, 140, 244, 182, 217, 195,
       249, 171, 135, 55, 164, 69, 115, 107, 48, 127, 228, 44, 86, 217,
       27, 75, 248, 119, 41, 31, 157, 148, 56, 134, 149, 181, 29, 145,
       252, 179, 212, 195, 251, 57, 214, 70, 133, 85, 119, 124, 105, 18,
       238, 57, 223, 86, 192, 169, 140, 237, 9, 79, 223, 41, 148, 184,
       249, 205, 98, 76, 35, 154, 236, 243, 221, 5, 63, 98, 55, 102, 194,
       93, 103, 196, 71, 176, 27, 110, 184, 118, 168, 111, 228, 211, 96,
       153, 244, 51, 76, 36, 110, 233, 208, 237, 46, 46, 238, 101, 132,
       111, 179, 88, 5, 203, 83, 127, 108, 42, 23, 93, 57, 141, 108, 86,
       237, 221, 157, 182, 119, 134, 21, 253, 111, 197, 133, 39, 140, 66,
       249, 104, 154, 62, 164, 14, 119, 123, 178, 188, 216, 109, 244,
       216, 95, 27, 121, 181, 127, 28, 29, 220, 60, 207, 151, 253, 17,
       151, 111, 251, 213, 91, 123, 248, 255, 215, 140, 227, 119, 242,
       56, 174, 244, 139, 252, 145, 23, 187, 95, 150, 63, 170, 189, 70,
       42, 237, 247, 253, 145, 190, 111, 242, 227, 219, 118, 216, 251,
       195, 76, 150, 127, 229, 165, 205, 5, 172, 42, 108, 41, 120, 183,
       163, 153, 195, 33, 216, 91, 19, 134, 108, 60, 120, 212, 205, 2,
       204, 186, 245, 84, 132, 232, 210, 0, 151, 255, 255, 212, 186, 35,
       159, 250, 158, 186, 188, 254, 93, 255, 253, 43, 63, 87, 95, 239,
       225, 103, 46, 158, 120, 139, 239, 188, 245, 248, 33, 177, 93, 66,
       221, 167, 38, 46, 107, 24, 32, 166, 195, 128, 223, 35, 89, 90,
       118, 197, 109, 111, 8, 212, 197, 8, 212, 227, 111, 4, 164, 243,
       35, 32, 34, 173, 17, 170, 221, 133, 178, 239, 31, 1, 104, 75, 164,
       219, 108, 0, 217, 187, 3, 17, 82, 26, 74, 247, 61, 148, 30, 107,
       144, 10, 135, 138, 97, 32, 31, 176, 44, 173, 96, 3, 174, 59, 162,
       88, 182, 131, 0, 91, 201, 130, 110, 8, 11, 111, 194, 81, 149, 178,
       114, 56, 200, 72, 195, 32, 6, 205, 197, 151, 147, 226, 78, 172,
       27, 147, 9, 145, 237, 103, 73, 159, 19, 126, 177, 114, 114, 216,
       10, 191, 43, 86, 221, 71, 166, 247, 220, 40, 134, 205, 196, 87,
       147, 242, 30, 172, 27, 147, 15, 144, 232, 247, 77, 143, 19, 127,
       177, 242, 114, 216, 26, 255, 43, 222, 221, 71, 134, 119, 200, 14,
       11, 91, 123, 237, 114, 222, 59, 112, 61, 104, 94, 229, 189, 159,
       162, 224, 182, 61, 159, 231, 197, 153, 49, 237, 247, 253, 42, 130,
       14, 134, 37, 249, 199, 166, 215, 216, 252, 168, 184, 219, 187,
       155, 56, 112, 156, 250, 244, 239, 199, 27, 127, 25, 179, 77, 138,
       211, 140, 216, 255, 238, 156, 224, 161, 165, 90, 184, 188, 114,
       169, 233, 21, 142, 171, 63, 172, 57, 174, 183, 74, 27, 135, 211,
       237, 16, 26, 73, 218, 49, 219, 211, 93, 127, 194, 80, 135, 75, 5,
       166, 221, 241, 236, 169, 233, 27, 254, 51, 55, 216, 221, 227, 216,
       42, 43, 14, 110, 28, 19, 124, 239, 211, 204, 159, 119, 100, 220,
       200, 195, 160, 125, 79, 196, 69, 176, 26, 78, 184, 117, 168, 126,
       228, 83, 96, 157, 244, 54, 196, 108, 110, 237, 240, 109, 14, 46,
       238, 37, 132, 111, 179, 90, 5, 246, 88, 210, 140, 77, 70, 86, 72,
       169, 142, 242, 11, 78, 254, 39, 223, 248, 245, 237, 227, 76, 231,
       146, 202, 145, 178, 207, 31, 1, 127, 126, 70, 85, 165, 147, 225,
       178, 46, 108, 31, 123, 161, 107, 80, 223, 51, 200, 252, 51, 31,
       60, 56, 51, 216, 145, 66, 172, 254, 55, 70, 168, 192, 163, 33,
       244, 72, 223, 181, 110, 40, 237, 150, 249, 146, 178, 90, 255, 171,
       85, 91, 107, 229, 110, 138, 33, 103, 199, 226, 212, 187, 250, 24,
       165, 241, 115, 168, 196, 164, 133, 159, 223, 168, 166, 171, 190,
       147, 73, 82, 236, 226, 72, 79, 113, 106, 42, 146, 50, 84, 138,
       247, 12, 38, 143, 108, 128, 99, 161, 128, 38, 160, 214, 184, 123,
       3, 152, 233, 159, 49, 241, 153, 204, 254, 108, 157, 223, 29, 127,
       49, 18, 67, 75, 213, 152, 222, 95, 254, 212, 12, 163, 135, 101,
       99, 59, 103, 124, 31, 99, 56, 111, 172, 255, 8, 215, 80, 217, 52,
       144, 196, 108, 107, 201, 178, 249, 28, 181, 253, 33, 52, 64, 163,
