%YAML:1.0
---
descriptors: !!opencv-matrix
   rows: 214
   cols: 32
   dt: u
   data: [ 188, 17, 214, 236, 237, 118, 84, 126, 85, 61, 244, 19, 75, 59,
       45, 219, 216, 150, 167, 160, 60, 243, 81, 136, 19, 251, 192, 7,
       243, 249, 252, 131, 216, 252, 17, 251, 25, 204, 19, 190, 178, 106,
       162, 24, 191, 215, 72, 113, 197, 245, 125, 80, 107, 77, 249, 51,
       253, 224, 46, 120, 26, 16, 5, 59, 181, 223, 103, 79, 180, 91, 239,
       252, 84, 224, 251, 194, 115, 108, 189, 225, 122, 196, 30, 234,
       233, 179, 125, 175, 61, 233, 167, 148, 117, 187, 244, 228, 72,
       145, 151, 245, 169, 238, 53, 167, 174, 57, 74, 49, 221, 55, 8, 74,
       197, 87, 121, 0, 17, 216, 83, 53, 237, 166, 126, 68, 128, 82, 133,
       51, 197, 139, 221, 157, 172, 11, 239, 57, 223, 240, 177, 222, 157,
       202, 180, 41, 26, 193, 63, 207, 243, 109, 111, 247, 236, 154, 255,
       212, 29, 169, 209, 32, 60, 21, 19, 252, 225, 103, 29, 91, 48, 134,
       233, 56, 223, 119, 33, 121, 223, 187, 23, 160, 57, 147, 48, 30,
       241, 247, 123, 56, 144, 112, 167, 50, 154, 244, 30, 177, 83, 151,
       188, 247, 180, 59, 85, 210, 157, 215, 40, 161, 61, 25, 147, 169,
       99, 222, 24, 215, 253, 195, 255, 228, 27, 0, 171, 184, 252, 224,
       248, 106, 157, 77, 67, 200, 82, 63, 181, 26, 83, 253, 89, 59, 89,
       216, 109, 122, 58, 103, 251, 51, 219, 203, 101, 125, 241, 59, 214,
       162, 215, 219, 110, 175, 38, 6, 111, 184, 36, 228, 211, 231, 113,
       99, 155, 81, 126, 228, 61, 238, 233, 147, 29, 45, 240, 170, 239,
       128, 45, 179, 112, 113, 117, 109, 237, 70, 92, 79, 79, 216, 66,
       224, 172, 10, 83, 116, 221, 50, 88, 196, 88, 126, 201, 99, 255,
       56, 123, 141, 165, 60, 253, 251, 82, 224, 15, 12, 134, 187, 145,
       180, 184, 130, 62, 159, 66, 21, 172, 234, 103, 200, 197, 43, 187,
       149, 54, 220, 83, 226, 141, 119, 154, 195, 152, 69, 57, 154, 2,
       162, 21, 155, 252, 137, 168, 143, 30, 49, 17, 249, 172, 194, 200,
       8, 79, 27, 107, 17, 18, 92, 79, 213, 12, 22, 62, 254, 156, 8, 129,
       137, 197, 74, 215, 221, 38, 14, 236, 48, 237, 170, 242, 70, 249,
       170, 181, 111, 102, 229, 126, 238, 225, 245, 5, 232, 148, 58, 226,
       128, 45, 185, 97, 37, 73, 250, 155, 168, 122, 197, 115, 88, 47,
       77, 117, 237, 28, 214, 226, 80, 254, 153, 134, 85, 199, 27, 178,
       81, 220, 53, 42, 238, 24, 130, 47, 241, 213, 93, 78, 167, 36, 2,
       111, 184, 116, 226, 215, 199, 115, 99, 155, 99, 126, 228, 61, 239,
       237, 151, 221, 46, 240, 171, 239, 132, 45, 179, 120, 17, 29, 56,
       147, 253, 131, 182, 40, 19, 62, 139, 91, 82, 157, 179, 225, 236,
       119, 127, 182, 152, 145, 216, 145, 194, 141, 239, 122, 192, 170,
       97, 41, 161, 108, 94, 94, 96, 124, 51, 82, 152, 132, 184, 190,
       237, 83, 217, 165, 219, 215, 244, 236, 114, 169, 35, 72, 60, 122,
       203, 101, 157, 158, 251, 104, 17, 137, 56, 183, 113, 245, 254,
       104, 87, 113, 235, 112, 80, 159, 27, 16, 185, 181, 59, 22, 28,
       161, 252, 48, 10, 7, 223, 112, 32, 234, 192, 195, 185, 245, 68,
       207, 167, 36, 74, 111, 184, 112, 226, 215, 198, 211, 113, 155,
       115, 126, 196, 60, 239, 237, 244, 221, 40, 244, 171, 231, 132, 45,
       187, 120, 17, 92, 207, 71, 239, 50, 2, 110, 240, 37, 136, 250,
       226, 121, 103, 177, 245, 118, 245, 46, 238, 233, 145, 13, 237,
       240, 236, 175, 128, 39, 179, 36, 41, 33, 161, 17, 233, 252, 201,
       99, 159, 94, 105, 88, 72, 183, 149, 200, 96, 82, 10, 18, 24, 19,
       56, 107, 55, 108, 156, 52, 124, 208, 138, 209, 232, 109, 234, 85,
       191, 238, 139, 239, 185, 203, 114, 113, 206, 159, 138, 212, 98,
       107, 237, 54, 207, 219, 44, 239, 245, 196, 190, 255, 252, 61, 171,
       209, 48, 241, 72, 92, 221, 78, 10, 100, 164, 113, 50, 230, 26,
       115, 35, 1, 91, 112, 228, 104, 234, 104, 244, 197, 47, 246, 171,
       214, 17, 41, 176, 88, 8, 129, 43, 93, 211, 182, 171, 233, 156,
       255, 240, 50, 70, 255, 42, 221, 43, 42, 231, 126, 221, 179, 248,
       239, 252, 204, 152, 250, 208, 237, 155, 81, 40, 27, 59, 146, 249,
       183, 180, 56, 19, 63, 141, 95, 54, 172, 242, 194, 236, 215, 59,
       180, 16, 150, 216, 227, 226, 142, 253, 158, 195, 162, 196, 169,
       199, 117, 48, 241, 101, 97, 110, 81, 88, 59, 250, 165, 8, 94, 127,
       73, 62, 179, 221, 85, 56, 9, 242, 241, 0, 219, 222, 69, 54, 234,
       113, 70, 243, 139, 181, 154, 241, 177, 149, 56, 215, 54, 57, 86,
       116, 157, 151, 106, 165, 173, 27, 151, 152, 55, 220, 144, 215,
       239, 209, 190, 229, 170, 4, 169, 131, 214, 104, 215, 102, 75, 104,
       68, 192, 169, 242, 162, 8, 54, 150, 69, 59, 40, 213, 104, 210, 9,
       103, 146, 96, 145, 160, 85, 59, 225, 115, 102, 10, 32, 181, 61,
       249, 252, 205, 145, 175, 14, 127, 60, 25, 182, 61, 76, 51, 137,
       19, 83, 16, 115, 106, 122, 23, 109, 158, 20, 126, 208, 72, 199,
       251, 40, 221, 56, 127, 56, 141, 23, 190, 22, 9, 108, 12, 182, 49,
       3, 64, 133, 122, 13, 72, 42, 40, 91, 63, 227, 159, 48, 57, 90,
       216, 8, 43, 42, 123, 250, 228, 100, 18, 182, 113, 72, 140, 248,
       238, 65, 200, 245, 2, 222, 253, 231, 99, 204, 179, 134, 136, 114,
       117, 175, 170, 77, 58, 254, 149, 53, 207, 115, 79, 182, 75, 239,
       252, 116, 236, 254, 70, 115, 97, 189, 228, 126, 238, 22, 234, 201,
       176, 109, 61, 47, 236, 167, 132, 119, 187, 116, 241, 212, 105,
       223, 94, 138, 66, 79, 216, 178, 182, 181, 18, 83, 67, 233, 123,
       126, 212, 77, 250, 105, 71, 171, 40, 249, 234, 231, 28, 177, 179,
       102, 160, 223, 148, 48, 186, 27, 244, 18, 216, 255, 31, 161, 24,
       142, 218, 106, 249, 183, 153, 236, 112, 62, 7, 186, 211, 155, 241,
       11, 126, 146, 5, 43, 3, 76, 112, 153, 229, 32, 111, 87, 152, 46,
       170, 59, 104, 215, 87, 73, 90, 22, 85, 125, 106, 73, 69, 153, 8,
       193, 225, 103, 180, 32, 243, 7, 35, 53, 7, 37, 45, 188, 175, 207,
       89, 70, 174, 217, 205, 243, 105, 155, 0, 88, 160, 79, 45, 152,
       160, 69, 31, 228, 78, 161, 180, 253, 254, 208, 224, 248, 32, 191,
       112, 137, 237, 81, 71, 235, 19, 164, 24, 54, 183, 64, 59, 169,
       178, 104, 24, 26, 111, 178, 32, 219, 219, 80, 121, 192, 72, 231,
       42, 185, 233, 107, 100, 81, 223, 111, 116, 53, 224, 230, 11, 27,
       159, 50, 176, 120, 172, 23, 236, 77, 191, 52, 94, 243, 201, 129,
       36, 107, 166, 98, 216, 82, 52, 19, 218, 251, 209, 52, 231, 189, 7,
       176, 186, 172, 254, 36, 253, 231, 179, 223, 145, 118, 11, 2, 255,
       179, 86, 30, 251, 144, 84, 175, 143, 201, 208, 255, 255, 12, 12,
       109, 180, 236, 82, 199, 86, 253, 51, 56, 123, 102, 213, 125, 238,
       225, 197, 211, 225, 213, 171, 242, 0, 44, 240, 161, 56, 107, 249,
       104, 138, 106, 213, 91, 88, 15, 64, 220, 142, 190, 214, 210, 240,
       94, 185, 191, 221, 207, 2, 254, 209, 223, 25, 171, 252, 54, 142,
       39, 249, 138, 169, 10, 169, 255, 145, 186, 199, 158, 109, 88, 175,
       172, 206, 114, 128, 191, 59, 147, 213, 86, 25, 138, 247, 254, 85,
       175, 239, 29, 14, 169, 219, 146, 251, 58, 186, 214, 193, 187, 253,
       30, 53, 84, 163, 173, 207, 106, 65, 254, 59, 131, 209, 114, 27,
       24, 255, 253, 133, 46, 125, 20, 8, 133, 251, 69, 88, 159, 213,
       100, 38, 169, 82, 248, 202, 114, 86, 252, 226, 181, 107, 102, 101,
       58, 14, 129, 213, 182, 232, 84, 58, 250, 0, 140, 241, 33, 161, 6,
       31, 183, 155, 183, 242, 162, 135, 95, 135, 90, 242, 236, 108, 181,
       236, 247, 123, 186, 17, 183, 184, 45, 255, 172, 118, 158, 195,
       150, 77, 181, 237, 13, 90, 206, 119, 68, 46, 232, 18, 244, 194,
       118, 214, 243, 161, 145, 107, 108, 108, 34, 142, 161, 244, 151,
       42, 68, 171, 243, 0, 239, 249, 120, 176, 245, 252, 169, 100, 156,
       79, 71, 254, 82, 234, 180, 8, 115, 49, 81, 50, 25, 228, 92, 110,
       233, 111, 251, 58, 249, 142, 165, 60, 73, 56, 82, 56, 243, 67, 77,
       236, 172, 7, 79, 188, 20, 174, 214, 223, 67, 39, 176, 91, 92, 196,
       63, 238, 248, 139, 101, 44, 178, 235, 236, 156, 53, 187, 240, 96,
