%YAML:1.0
---
descriptors: !!opencv-matrix
   rows: 229
   cols: 32
   dt: u
   data: [ 201, 176, 151, 241, 233, 44, 57, 23, 59, 187, 34, 84, 156,
       179, 72, 255, 135, 31, 124, 24, 179, 220, 147, 66, 141, 251, 119,
       238, 138, 64, 163, 33, 248, 197, 87, 236, 21, 70, 71, 109, 101, 0,
       238, 2, 83, 115, 32, 245, 120, 196, 40, 234, 104, 147, 49, 12,
       177, 234, 192, 20, 35, 186, 244, 40, 156, 210, 16, 251, 19, 185,
       113, 152, 23, 53, 103, 176, 143, 135, 170, 204, 55, 24, 167, 88,
       26, 148, 43, 181, 207, 195, 16, 103, 178, 141, 141, 163, 28, 31,
       218, 111, 178, 106, 255, 83, 44, 13, 127, 34, 125, 243, 163, 80,
       126, 119, 7, 170, 16, 184, 9, 106, 119, 173, 34, 129, 243, 227,
       237, 163, 88, 59, 26, 183, 51, 152, 56, 103, 61, 140, 234, 237,
       175, 34, 2, 208, 166, 167, 237, 132, 76, 153, 129, 111, 178, 229,
       58, 131, 40, 4, 171, 27, 119, 52, 225, 66, 207, 126, 218, 200,
       105, 242, 185, 158, 74, 124, 95, 191, 187, 213, 209, 255, 157, 99,
       188, 192, 27, 88, 205, 126, 239, 119, 91, 246, 114, 50, 119, 32,
       107, 223, 144, 67, 41, 237, 182, 239, 14, 157, 70, 154, 238, 189,
       223, 17, 140, 255, 225, 196, 19, 80, 48, 243, 71, 12, 94, 95, 37,
       173, 225, 76, 213, 111, 199, 255, 83, 226, 124, 88, 114, 113, 244,
       180, 89, 202, 18, 46, 185, 122, 124, 95, 45, 30, 5, 44, 219, 250,
       210, 172, 188, 104, 248, 114, 109, 73, 85, 68, 211, 190, 180, 24,
       59, 153, 81, 26, 137, 248, 196, 90, 74, 103, 202, 34, 211, 217,
       117, 57, 227, 249, 86, 170, 20, 193, 79, 250, 78, 195, 109, 232,
       198, 16, 212, 162, 105, 195, 185, 105, 122, 138, 34, 234, 74, 179,
       47, 245, 208, 235, 234, 13, 53, 155, 228, 160, 37, 175, 72, 169,
       252, 131, 239, 251, 70, 188, 252, 234, 1, 201, 241, 1, 123, 136,
       23, 255, 202, 50, 78, 156, 124, 137, 175, 252, 117, 218, 114, 137,
       220, 109, 154, 168, 171, 105, 21, 205, 174, 62, 164, 57, 159, 215,
       43, 91, 227, 149, 239, 115, 40, 71, 203, 48, 249, 225, 111, 61,
       176, 81, 167, 67, 163, 189, 103, 89, 245, 191, 168, 19, 127, 113,
       122, 86, 248, 216, 220, 229, 125, 46, 114, 157, 151, 184, 119,
       215, 46, 60, 144, 66, 207, 140, 248, 188, 4, 141, 26, 170, 149,
       231, 146, 195, 159, 5, 73, 3, 100, 201, 32, 192, 217, 59, 130, 17,
       22, 184, 88, 191, 171, 213, 131, 67, 145, 10, 185, 130, 158, 95,
       230, 59, 163, 114, 63, 150, 53, 127, 95, 247, 233, 39, 134, 221,
       103, 254, 189, 198, 254, 220, 109, 162, 230, 103, 252, 131, 167,
       215, 188, 223, 127, 85, 229, 199, 142, 114, 143, 156, 70, 250,
       159, 230, 217, 124, 215, 175, 95, 68, 123, 239, 225, 113, 239,
       202, 93, 14, 239, 148, 247, 255, 84, 125, 1, 159, 58, 124, 52,
       172, 249, 51, 253, 73, 127, 84, 183, 173, 182, 97, 132, 42, 23,
       12, 145, 184, 48, 175, 71, 253, 50, 192, 74, 200, 209, 185, 51,
       237, 98, 14, 94, 155, 206, 253, 70, 64, 217, 207, 99, 232, 191,
       160, 90, 234, 22, 111, 223, 163, 12, 189, 56, 12, 173, 184, 125,
       191, 216, 148, 115, 39, 237, 71, 118, 27, 207, 120, 83, 238, 247,
       235, 83, 44, 150, 177, 127, 204, 245, 238, 172, 250, 237, 142,
       122, 111, 229, 149, 231, 239, 90, 197, 172, 111, 80, 101, 245, 31,
       86, 178, 125, 44, 122, 77, 207, 105, 3, 144, 152, 200, 198, 110,
       204, 176, 65, 174, 230, 221, 37, 177, 74, 189, 74, 131, 116, 240,
       189, 70, 137, 79, 86, 184, 67, 250, 161, 76, 226, 112, 68, 51,
       153, 212, 108, 114, 207, 99, 251, 29, 187, 154, 69, 62, 72, 59,
       70, 23, 142, 189, 238, 255, 188, 242, 125, 159, 255, 251, 93, 177,
       253, 255, 247, 109, 151, 127, 189, 191, 178, 76, 175, 255, 107,
       255, 253, 175, 182, 245, 245, 87, 158, 78, 100, 185, 175, 51, 141,
       200, 142, 190, 144, 247, 203, 76, 159, 79, 239, 197, 255, 255,
       232, 103, 111, 208, 144, 90, 239, 151, 183, 125, 53, 101, 205, 60,
       191, 99, 160, 110, 119, 176, 120, 202, 119, 4, 215, 119, 1, 51,
       181, 124, 124, 122, 177, 244, 185, 110, 239, 255, 101, 68, 202,
       243, 103, 243, 109, 111, 64, 69, 208, 30, 78, 184, 113, 160, 234,
       72, 211, 66, 209, 180, 16, 204, 64, 254, 204, 210, 205, 46, 172,
       172, 133, 52, 107, 179, 74, 132, 145, 207, 93, 109, 52, 26, 238,
       53, 100, 64, 250, 230, 243, 34, 144, 97, 122, 228, 28, 238, 237,
       176, 101, 45, 228, 233, 162, 128, 109, 178, 233, 168, 139, 204,
       38, 222, 31, 208, 186, 166, 143, 64, 222, 163, 168, 142, 182, 228,
       110, 103, 187, 199, 196, 141, 47, 255, 62, 125, 138, 203, 23, 13,
       61, 220, 47, 32, 227, 67, 85, 189, 226, 81, 83, 97, 125, 78, 40,
       144, 221, 188, 121, 138, 18, 28, 151, 186, 252, 210, 30, 92, 148,
       106, 255, 206, 122, 172, 208, 52, 29, 248, 10, 233, 85, 91, 176,
       114, 160, 56, 183, 215, 65, 123, 3, 149, 76, 0, 42, 71, 162, 19,
       209, 161, 49, 56, 32, 81, 135, 35, 213, 93, 255, 71, 162, 106,
       111, 144, 121, 234, 127, 166, 93, 119, 149, 127, 54, 117, 53, 106,
       225, 212, 189, 74, 119, 234, 101, 132, 165, 243, 103, 113, 2, 163,
       1, 185, 145, 133, 28, 111, 30, 29, 72, 149, 164, 135, 96, 64, 213,
       11, 3, 132, 82, 24, 83, 247, 169, 20, 154, 107, 16, 4, 165, 202,
       226, 175, 18, 154, 25, 149, 18, 201, 143, 8, 137, 45, 238, 194,
       99, 198, 200, 163, 234, 3, 110, 7, 138, 255, 184, 20, 11, 59, 24,
       14, 41, 6, 76, 175, 165, 171, 153, 69, 31, 184, 22, 188, 141, 9,
       219, 103, 73, 66, 221, 87, 125, 243, 106, 66, 251, 147, 237, 214,
       207, 125, 146, 39, 20, 122, 84, 245, 158, 48, 138, 68, 29, 135,
       186, 183, 138, 145, 213, 183, 74, 90, 167, 87, 121, 145, 126, 73,
       147, 34, 249, 231, 127, 93, 128, 80, 173, 90, 92, 178, 184, 179,
       178, 44, 57, 29, 62, 53, 3, 181, 159, 31, 72, 90, 167, 29, 237,
       17, 50, 84, 209, 80, 221, 199, 26, 103, 160, 1, 135, 51, 201, 224,
       187, 114, 32, 12, 121, 156, 123, 27, 119, 84, 255, 211, 72, 123,
       181, 93, 124, 28, 163, 101, 187, 99, 219, 251, 119, 206, 200, 145,
       163, 41, 7, 10, 195, 155, 189, 187, 171, 192, 222, 89, 211, 246,
       128, 200, 253, 236, 93, 40, 58, 29, 147, 189, 110, 240, 12, 28,
       154, 206, 158, 15, 113, 181, 146, 58, 12, 189, 34, 130, 88, 22,
       52, 12, 214, 229, 167, 43, 19, 81, 118, 173, 189, 133, 206, 216,
       197, 8, 194, 227, 250, 129, 44, 192, 56, 89, 88, 57, 23, 116, 27,
       204, 53, 103, 161, 12, 230, 8, 46, 151, 33, 84, 160, 63, 232, 0,
       72, 139, 146, 44, 243, 241, 18, 27, 34, 0, 39, 59, 126, 244, 145,
       227, 169, 95, 78, 168, 19, 250, 141, 8, 206, 55, 73, 182, 217,
       220, 253, 122, 11, 66, 251, 149, 187, 212, 141, 126, 146, 191, 6,
       60, 49, 143, 75, 254, 150, 131, 106, 247, 150, 1, 218, 198, 113,
       227, 160, 64, 122, 170, 23, 204, 59, 139, 12, 255, 248, 175, 174,
       200, 189, 138, 240, 136, 95, 94, 12, 165, 58, 22, 94, 50, 160,
       226, 138, 231, 237, 42, 147, 194, 231, 229, 253, 229, 173, 205,
       213, 174, 184, 103, 239, 144, 44, 247, 57, 85, 248, 105, 248, 100,
       108, 73, 85, 119, 192, 190, 180, 40, 51, 145, 65, 59, 8, 220, 100,
       106, 72, 107, 226, 0, 243, 201, 101, 57, 99, 248, 214, 170, 128,
       137, 155, 251, 180, 229, 179, 194, 30, 13, 64, 19, 180, 217, 97,
       64, 201, 59, 3, 80, 50, 184, 74, 63, 77, 134, 186, 104, 144, 73,
       53, 138, 48, 235, 90, 74, 114, 155, 98, 232, 125, 12, 120, 40,
       106, 210, 164, 148, 58, 232, 70, 106, 74, 187, 8, 127, 58, 205,
       37, 65, 115, 130, 106, 140, 212, 98, 30, 170, 8, 67, 27, 200, 174,
       156, 193, 169, 213, 231, 43, 82, 222, 213, 207, 227, 8, 3, 202,
       28, 249, 227, 175, 189, 16, 51, 39, 227, 199, 131, 236, 219, 239,
       50, 190, 137, 223, 159, 159, 50, 200, 250, 223, 106, 255, 87, 251,
       243, 182, 97, 239, 226, 14, 62, 207, 207, 149, 119, 249, 134, 127,
       97, 228, 199, 173, 26, 143, 152, 83, 250, 159, 170, 202, 60, 223,
       238, 95, 196, 253, 223, 137, 97, 239, 194, 62, 127, 207, 180, 135,
