%YAML:1.0
---
descriptors: !!opencv-matrix
   rows: 200
   cols: 32
   dt: u
   data: [ 83, 176, 59, 176, 9, 205, 81, 51, 169, 73, 128, 76, 190, 158,
       66, 49, 164, 161, 93, 1, 143, 11, 178, 85, 153, 248, 26, 122, 8,
       4, 3, 123, 114, 28, 252, 28, 203, 241, 153, 103, 203, 247, 188,
       175, 44, 60, 70, 31, 175, 183, 251, 145, 148, 106, 246, 208, 95,
       18, 88, 187, 247, 76, 133, 95, 26, 177, 116, 113, 239, 223, 124,
       63, 127, 252, 54, 169, 75, 223, 214, 181, 183, 159, 253, 172, 254,
       248, 183, 221, 239, 219, 245, 231, 103, 132, 206, 223, 235, 50,
       247, 216, 249, 247, 152, 91, 219, 249, 149, 253, 12, 189, 246,
       188, 135, 63, 247, 21, 183, 79, 162, 214, 27, 95, 121, 250, 214,
       140, 151, 215, 155, 112, 253, 229, 54, 22, 120, 28, 127, 233, 119,
       243, 89, 31, 158, 245, 54, 149, 245, 237, 141, 208, 165, 204, 194,
       249, 233, 134, 39, 132, 98, 125, 167, 76, 106, 92, 85, 215, 162,
       66, 93, 196, 100, 2, 104, 204, 55, 228, 88, 184, 146, 127, 230,
       182, 116, 255, 55, 62, 130, 11, 87, 29, 124, 228, 7, 91, 102, 154,
       77, 178, 191, 98, 157, 196, 220, 135, 104, 206, 55, 77, 238, 169,
       179, 199, 196, 147, 22, 236, 50, 114, 202, 139, 31, 127, 57, 214,
       154, 216, 62, 188, 44, 151, 156, 103, 156, 78, 210, 23, 255, 14,
       50, 129, 238, 51, 223, 199, 236, 173, 18, 191, 243, 195, 250, 145,
       29, 24, 41, 219, 88, 147, 253, 237, 38, 86, 223, 184, 83, 110, 86,
       166, 255, 125, 154, 162, 54, 93, 181, 111, 201, 48, 189, 153, 195,
       255, 107, 132, 119, 190, 5, 121, 210, 93, 126, 220, 102, 224, 191,
       98, 173, 192, 222, 162, 44, 254, 39, 100, 166, 123, 191, 195, 96,
       139, 162, 235, 179, 48, 10, 139, 4, 113, 37, 255, 34, 161, 32,
       153, 221, 197, 176, 111, 223, 21, 9, 27, 140, 249, 116, 8, 201,
       11, 19, 17, 22, 106, 82, 213, 13, 22, 159, 127, 208, 12, 149, 130,
       130, 140, 6, 159, 95, 134, 190, 230, 158, 66, 64, 131, 172, 254,
       53, 65, 236, 123, 19, 199, 98, 156, 18, 255, 37, 54, 154, 10, 20,
       5, 49, 218, 119, 238, 200, 142, 222, 3, 198, 248, 81, 226, 221,
       239, 66, 104, 223, 38, 121, 204, 18, 239, 237, 115, 205, 174, 58,
       14, 197, 188, 63, 255, 122, 148, 66, 185, 181, 179, 187, 204, 185,
       197, 175, 221, 178, 64, 252, 223, 72, 82, 167, 251, 127, 145, 83,
       73, 187, 241, 189, 150, 159, 234, 0, 2, 167, 123, 237, 237, 220,
       39, 152, 74, 71, 188, 114, 166, 238, 168, 243, 99, 139, 208, 83,
       206, 232, 106, 125, 212, 237, 62, 236, 231, 5, 21, 162, 243, 206,
       64, 254, 29, 242, 158, 213, 126, 254, 206, 59, 167, 190, 27, 110,
       126, 47, 222, 251, 247, 239, 209, 60, 235, 216, 234, 191, 247,
       207, 23, 135, 127, 255, 71, 222, 44, 199, 48, 171, 120, 24, 67,
       187, 219, 176, 249, 141, 182, 194, 159, 163, 71, 253, 148, 63, 71,
       134, 194, 154, 243, 123, 255, 138, 69, 171, 87, 233, 127, 107,
       132, 112, 118, 127, 214, 32, 236, 126, 237, 56, 134, 247, 181,
       110, 252, 150, 254, 165, 218, 180, 238, 118, 9, 175, 168, 15, 245,
       118, 253, 215, 164, 142, 176, 169, 164, 88, 131, 186, 251, 147,
       29, 215, 238, 82, 91, 165, 7, 125, 149, 63, 79, 155, 18, 152, 211,
       255, 252, 136, 65, 137, 82, 85, 252, 143, 182, 168, 229, 23, 167,
       182, 255, 139, 61, 246, 246, 66, 75, 197, 103, 232, 131, 125, 207,
       251, 54, 169, 167, 255, 90, 136, 81, 181, 121, 121, 36, 188, 164,
       9, 79, 87, 8, 99, 182, 160, 9, 223, 59, 75, 50, 145, 221, 232,
       115, 76, 71, 249, 26, 251, 203, 5, 61, 160, 115, 6, 66, 82, 22,
       102, 132, 67, 146, 188, 103, 169, 230, 222, 167, 12, 174, 55, 70,
       239, 191, 155, 165, 196, 155, 164, 206, 62, 118, 222, 131, 39,
       228, 37, 223, 169, 242, 233, 226, 109, 84, 87, 220, 83, 254, 181,
       167, 57, 159, 235, 175, 221, 216, 151, 194, 239, 103, 248, 226,
       115, 89, 183, 175, 63, 222, 252, 127, 252, 53, 158, 160, 243, 54,
       90, 115, 177, 142, 239, 21, 15, 183, 66, 223, 247, 247, 221, 180,
       56, 219, 144, 138, 219, 255, 7, 199, 162, 229, 174, 83, 6, 93, 34,
       156, 207, 132, 188, 103, 157, 198, 202, 135, 44, 238, 55, 65, 236,
       187, 179, 197, 76, 143, 50, 234, 51, 48, 206, 139, 21, 124, 53,
       222, 130, 201, 7, 158, 73, 132, 172, 230, 159, 17, 200, 1, 172,
       142, 32, 65, 200, 123, 59, 193, 66, 139, 18, 253, 37, 50, 218, 10,
       16, 16, 33, 138, 246, 85, 243, 238, 244, 46, 95, 156, 217, 8, 178,
       43, 107, 111, 61, 123, 254, 245, 29, 246, 168, 35, 104, 234, 179,
       254, 206, 150, 215, 251, 64, 61, 233, 127, 14, 30, 249, 252, 211,
       149, 176, 77, 253, 61, 186, 198, 138, 157, 200, 234, 198, 222,
       191, 230, 250, 101, 231, 243, 176, 185, 74, 87, 206, 215, 219,
       112, 124, 229, 38, 22, 121, 28, 125, 121, 183, 179, 93, 31, 156,
       123, 182, 149, 253, 239, 237, 244, 229, 192, 199, 249, 250, 134,
       39, 149, 232, 85, 162, 161, 184, 154, 125, 221, 144, 236, 143, 29,
       164, 27, 236, 222, 110, 66, 217, 27, 203, 97, 6, 43, 90, 245, 223,
       21, 27, 123, 82, 12, 141, 206, 120, 252, 189, 244, 8, 109, 89, 95,
       130, 245, 164, 9, 55, 159, 66, 51, 141, 247, 125, 28, 42, 79, 242,
       16, 219, 201, 117, 56, 32, 232, 6, 122, 16, 133, 79, 237, 150,
       194, 207, 113, 132, 0, 203, 130, 243, 103, 48, 64, 122, 166, 29,
       239, 121, 169, 53, 31, 233, 175, 170, 80, 53, 170, 241, 32, 42,
       241, 116, 225, 237, 223, 252, 127, 239, 253, 126, 153, 175, 31,
       22, 180, 167, 159, 255, 129, 212, 248, 115, 221, 175, 219, 222,
       231, 71, 132, 207, 223, 252, 181, 121, 69, 147, 123, 85, 187, 113,
       230, 238, 140, 211, 101, 3, 20, 91, 196, 104, 40, 109, 178, 245,
       14, 239, 239, 5, 21, 99, 232, 70, 112, 130, 93, 54, 220, 75, 132,
       190, 66, 172, 130, 202, 131, 172, 254, 37, 65, 230, 123, 187, 195,
       64, 143, 18, 232, 51, 48, 202, 11, 0, 113, 37, 155, 171, 182, 118,
       216, 253, 245, 216, 95, 223, 121, 149, 191, 140, 159, 246, 173,
       143, 27, 255, 21, 183, 107, 226, 212, 26, 91, 218, 255, 158, 204,
       159, 221, 205, 83, 253, 207, 234, 116, 61, 29, 46, 95, 95, 244,
       221, 214, 219, 238, 118, 92, 191, 95, 131, 212, 255, 192, 70, 41,
       254, 132, 158, 247, 165, 241, 63, 10, 122, 226, 36, 55, 218, 248,
       9, 104, 189, 239, 95, 15, 181, 32, 222, 145, 149, 255, 152, 35,
       41, 198, 218, 221, 171, 238, 207, 175, 115, 17, 154, 92, 54, 190,
       47, 213, 156, 103, 156, 74, 208, 51, 239, 254, 35, 137, 237, 177,
       255, 131, 108, 143, 18, 191, 145, 247, 218, 155, 22, 28, 45, 75,
       72, 190, 188, 255, 184, 232, 21, 191, 222, 63, 30, 112, 253, 247,
       194, 107, 135, 87, 125, 25, 178, 76, 239, 51, 238, 231, 127, 177,
       148, 209, 133, 43, 120, 188, 110, 250, 12, 236, 81, 23, 162, 87,
       172, 13, 55, 189, 18, 19, 13, 182, 221, 1, 10, 107, 242, 17, 211,
       233, 48, 57, 96, 200, 214, 122, 132, 142, 151, 95, 244, 174, 167,
       250, 124, 10, 122, 112, 120, 241, 189, 109, 55, 122, 2, 42, 176,
       180, 10, 127, 108, 62, 103, 4, 219, 251, 225, 161, 66, 187, 149,
       186, 171, 201, 16, 204, 239, 93, 176, 105, 166, 252, 100, 218,
       131, 115, 238, 85, 23, 107, 234, 49, 153, 212, 118, 251, 208, 30,
       135, 95, 124, 33, 185, 100, 9, 111, 87, 40, 98, 230, 172, 9, 87,
       119, 73, 18, 153, 212, 105, 106, 8, 99, 217, 8, 219, 207, 69, 57,
       96, 99, 70, 98, 45, 217, 232, 229, 244, 27, 127, 148, 83, 225,
       247, 138, 91, 45, 218, 48, 94, 220, 151, 238, 217, 242, 125, 128,
       126, 207, 165, 196, 231, 187, 210, 208, 27, 93, 114, 204, 119,
       214, 255, 240, 141, 204, 86, 163, 124, 223, 183, 100, 246, 117,
       151, 239, 196, 149, 60, 238, 119, 127, 138, 131, 55, 191, 53, 127,
       37, 53, 245, 71, 240, 127, 239, 184, 105, 232, 57, 72, 243, 86,
       205, 182, 28, 92, 84, 106, 209, 240, 249, 40, 45, 220, 37, 52, 67,
       243, 66, 181, 53, 236, 227, 70, 94, 83, 198, 248, 64, 226, 248,
       238, 83, 108, 253, 162, 57, 236, 66, 239, 237, 243, 253, 46, 56,
