%YAML:1.0
---
descriptors: !!opencv-matrix
   rows: 373
   cols: 32
   dt: u
   data: [ 125, 100, 203, 103, 4, 42, 103, 144, 96, 162, 234, 0, 115,
       115, 217, 58, 120, 236, 108, 234, 72, 246, 205, 40, 230, 239, 229,
       0, 97, 243, 82, 32, 53, 12, 11, 174, 21, 166, 194, 97, 212, 2,
       203, 2, 81, 232, 48, 64, 120, 168, 10, 175, 56, 183, 16, 143, 81,
       174, 130, 0, 49, 107, 112, 128, 35, 160, 132, 155, 253, 177, 160,
       206, 223, 23, 69, 21, 132, 200, 110, 140, 217, 10, 130, 21, 54,
       102, 126, 215, 12, 22, 154, 111, 152, 13, 217, 198, 81, 205, 79,
       237, 148, 66, 111, 185, 96, 128, 206, 66, 115, 115, 152, 115, 114,
       196, 60, 234, 121, 152, 45, 111, 247, 175, 230, 4, 37, 178, 240,
       40, 2, 138, 142, 187, 201, 149, 60, 199, 159, 23, 64, 149, 172,
       238, 98, 73, 197, 59, 171, 149, 118, 138, 18, 241, 141, 115, 218,
       75, 144, 68, 173, 222, 214, 47, 2, 142, 221, 32, 238, 224, 189, 6,
       251, 135, 204, 162, 191, 213, 248, 199, 78, 238, 124, 131, 197,
       238, 180, 54, 142, 8, 145, 119, 163, 132, 124, 252, 152, 124, 233,
       44, 85, 255, 243, 158, 173, 28, 95, 243, 75, 27, 165, 192, 108,
       42, 110, 103, 154, 3, 251, 223, 101, 61, 224, 242, 234, 3, 247,
       95, 228, 78, 170, 18, 30, 252, 83, 250, 180, 238, 74, 252, 207,
       255, 127, 212, 252, 230, 237, 103, 175, 234, 58, 123, 229, 191,
       127, 247, 248, 85, 189, 255, 232, 54, 182, 23, 223, 255, 82, 238,
       156, 191, 115, 108, 158, 33, 29, 230, 133, 103, 252, 126, 124, 63,
       122, 111, 237, 245, 101, 254, 222, 83, 132, 132, 184, 177, 212,
       239, 185, 3, 30, 119, 25, 19, 149, 62, 82, 8, 203, 27, 27, 145,
       54, 124, 89, 214, 205, 151, 155, 101, 148, 72, 149, 194, 180, 197,
       46, 254, 188, 115, 150, 239, 150, 222, 188, 19, 83, 252, 43, 3,
       217, 66, 221, 99, 124, 103, 58, 62, 251, 195, 239, 61, 145, 123,
       252, 210, 79, 14, 164, 149, 169, 50, 156, 138, 27, 255, 150, 189,
       205, 110, 223, 206, 215, 215, 253, 151, 188, 69, 207, 194, 158,
       246, 223, 254, 150, 245, 137, 85, 186, 20, 111, 181, 4, 119, 205,
       115, 21, 234, 214, 247, 81, 45, 179, 137, 125, 164, 159, 175, 169,
       215, 101, 142, 210, 99, 251, 144, 47, 252, 52, 112, 190, 219, 124,
       250, 63, 213, 219, 248, 135, 92, 180, 167, 107, 223, 175, 1, 222,
       232, 159, 118, 206, 35, 110, 189, 251, 217, 165, 253, 55, 159, 92,
       219, 153, 19, 103, 225, 180, 171, 105, 23, 119, 37, 86, 246, 211,
       1, 145, 204, 54, 142, 63, 28, 153, 184, 117, 30, 196, 239, 176,
       192, 238, 128, 208, 96, 130, 248, 250, 208, 108, 205, 184, 207,
       139, 127, 16, 187, 140, 156, 86, 11, 175, 25, 247, 145, 134, 111,
       146, 209, 31, 16, 223, 255, 197, 12, 7, 223, 137, 181, 86, 89,
       195, 59, 172, 55, 117, 67, 126, 246, 137, 58, 158, 237, 107, 142,
       122, 173, 245, 188, 85, 210, 38, 110, 214, 6, 239, 196, 233, 140,
       40, 235, 91, 101, 52, 143, 99, 176, 125, 72, 254, 76, 255, 15,
       144, 144, 154, 236, 70, 110, 201, 176, 65, 46, 231, 253, 32, 16,
       98, 155, 66, 185, 133, 189, 149, 187, 152, 173, 103, 191, 126, 51,
       235, 86, 247, 243, 8, 112, 121, 239, 126, 218, 59, 248, 91, 255,
       173, 254, 71, 68, 184, 115, 163, 130, 162, 180, 148, 155, 237,
       253, 176, 79, 159, 63, 145, 27, 140, 254, 110, 143, 201, 27, 203,
       17, 54, 111, 90, 209, 15, 18, 91, 127, 146, 76, 141, 150, 192, 77,
       123, 237, 112, 206, 111, 61, 125, 12, 118, 0, 255, 211, 169, 113,
       82, 124, 60, 106, 97, 156, 49, 111, 229, 187, 98, 0, 16, 144, 229,
       41, 189, 218, 107, 185, 108, 201, 233, 240, 213, 124, 214, 198,
       177, 141, 251, 105, 108, 136, 95, 220, 235, 183, 117, 217, 86,
       201, 234, 168, 63, 172, 112, 241, 134, 28, 147, 154, 255, 233,
       183, 207, 159, 71, 136, 27, 140, 254, 101, 77, 243, 123, 251, 19,
       51, 107, 26, 243, 177, 22, 95, 59, 152, 121, 165, 150, 165, 71,
       101, 71, 228, 15, 239, 184, 85, 234, 119, 76, 211, 97, 157, 39,
       88, 68, 22, 110, 233, 240, 109, 172, 36, 154, 229, 132, 79, 251,
       80, 164, 164, 108, 127, 69, 112, 78, 103, 48, 121, 142, 126, 8,
       247, 115, 129, 52, 18, 124, 68, 106, 233, 244, 177, 46, 103, 191,
       37, 0, 66, 243, 70, 161, 254, 120, 134, 184, 9, 229, 17, 202, 179,
       55, 128, 25, 14, 150, 67, 219, 193, 149, 237, 145, 46, 71, 218,
       145, 153, 243, 219, 127, 146, 5, 38, 82, 255, 101, 97, 224, 142,
       7, 79, 216, 3, 224, 157, 206, 91, 77, 217, 183, 126, 196, 93, 255,
       233, 99, 253, 152, 242, 201, 165, 180, 63, 255, 114, 112, 11, 142,
       250, 153, 244, 187, 187, 247, 94, 79, 94, 247, 173, 140, 182, 96,
       207, 59, 151, 29, 182, 188, 100, 255, 110, 95, 62, 194, 214, 204,
       169, 253, 247, 230, 204, 3, 222, 51, 214, 143, 83, 247, 189, 191,
       67, 40, 215, 155, 91, 196, 234, 183, 254, 103, 207, 18, 62, 79,
       69, 127, 253, 124, 218, 148, 172, 239, 113, 69, 228, 75, 231, 255,
       104, 182, 124, 136, 147, 33, 209, 55, 59, 204, 70, 110, 73, 116,
       233, 10, 111, 216, 101, 36, 66, 178, 198, 224, 230, 252, 185, 187,
       249, 193, 177, 206, 154, 251, 132, 177, 140, 246, 106, 111, 205,
       91, 251, 145, 127, 79, 250, 243, 189, 16, 223, 255, 144, 92, 135,
       254, 183, 244, 236, 8, 207, 115, 150, 201, 222, 243, 157, 191, 65,
       232, 95, 26, 187, 201, 226, 247, 183, 103, 95, 146, 58, 71, 77,
       255, 253, 125, 251, 214, 39, 106, 234, 44, 213, 155, 190, 200, 94,
       134, 120, 143, 98, 200, 119, 0, 220, 105, 3, 71, 196, 182, 92,
       186, 118, 29, 143, 41, 93, 63, 122, 198, 108, 244, 188, 246, 137,
       70, 95, 188, 131, 246, 143, 13, 243, 119, 91, 83, 213, 215, 121,
       238, 200, 70, 251, 56, 239, 179, 197, 60, 136, 243, 132, 122, 219,
       31, 126, 92, 187, 178, 89, 59, 125, 71, 214, 183, 74, 42, 182,
       125, 231, 135, 173, 132, 188, 205, 37, 207, 210, 127, 210, 147,
       182, 197, 45, 95, 249, 254, 68, 167, 27, 82, 70, 188, 83, 234,
       150, 238, 107, 50, 131, 247, 113, 196, 236, 234, 233, 222, 205,
       174, 184, 227, 229, 151, 47, 247, 24, 29, 198, 116, 189, 209, 171,
       39, 189, 223, 142, 186, 150, 50, 156, 31, 69, 47, 231, 85, 223,
       178, 242, 69, 251, 208, 221, 26, 223, 190, 144, 113, 37, 35, 14,
       112, 177, 187, 253, 237, 178, 72, 158, 57, 81, 19, 140, 221, 121,
       136, 205, 25, 147, 17, 146, 118, 218, 240, 13, 21, 27, 111, 213,
       15, 159, 179, 134, 185, 20, 153, 189, 247, 184, 203, 31, 61, 85,
       19, 140, 222, 110, 204, 217, 27, 147, 145, 54, 216, 91, 247, 143,
       86, 159, 231, 150, 12, 141, 215, 249, 132, 118, 255, 102, 144, 90,
       48, 85, 66, 87, 166, 121, 111, 182, 101, 70, 182, 183, 14, 236,
       158, 101, 191, 86, 255, 250, 129, 55, 142, 120, 221, 199, 54, 173,
       215, 172, 46, 237, 62, 186, 251, 155, 253, 243, 108, 221, 107,
       135, 87, 125, 15, 181, 197, 239, 32, 204, 58, 255, 144, 140, 249,
       209, 113, 62, 239, 98, 79, 215, 179, 199, 239, 87, 173, 252, 74,
       106, 232, 182, 180, 120, 234, 134, 254, 202, 187, 109, 253, 59,
       76, 133, 67, 231, 254, 254, 173, 182, 28, 254, 152, 203, 99, 21,
       207, 159, 151, 168, 187, 14, 190, 39, 27, 235, 215, 238, 145, 60,
       239, 114, 226, 219, 178, 86, 95, 241, 88, 166, 94, 177, 126, 233,
       197, 126, 39, 79, 254, 81, 170, 248, 254, 115, 37, 156, 51, 127,
       238, 86, 238, 185, 250, 221, 46, 124, 142, 229, 180, 109, 249,
       210, 177, 239, 110, 76, 159, 253, 59, 206, 175, 82, 186, 157, 253,
       195, 104, 223, 169, 89, 230, 254, 175, 253, 102, 205, 191, 46, 95,
       253, 185, 159, 255, 218, 4, 159, 182, 165, 163, 175, 55, 159, 216,
       95, 127, 157, 247, 204, 125, 219, 175, 127, 89, 191, 243, 191,
       103, 111, 242, 216, 66, 239, 254, 191, 127, 181, 247, 79, 176,
       233, 83, 226, 56, 191, 159, 123, 243, 61, 188, 184, 174, 222, 62,
       7, 95, 241, 28, 151, 92, 254, 226, 14, 31, 93, 238, 199, 247, 131,
       245, 255, 126, 244, 6, 238, 50, 159, 216, 91, 254, 185, 255, 89,
