%YAML:1.0
---
descriptors: !!opencv-matrix
   rows: 190
   cols: 32
   dt: u
   data: [ 44, 255, 157, 127, 248, 38, 14, 191, 50, 47, 252, 244, 241,
       103, 137, 156, 93, 95, 196, 238, 187, 90, 235, 127, 238, 247, 247,
       196, 210, 243, 142, 177, 149, 207, 110, 163, 182, 2, 111, 177, 36,
       20, 147, 231, 247, 35, 155, 67, 110, 199, 29, 255, 248, 217, 13,
       44, 248, 227, 238, 192, 45, 151, 177, 89, 54, 21, 66, 172, 229,
       102, 84, 111, 21, 206, 251, 187, 67, 63, 47, 253, 220, 158, 134,
       36, 60, 179, 16, 140, 179, 254, 192, 23, 243, 252, 236, 87, 170,
       251, 56, 184, 255, 217, 144, 239, 30, 61, 24, 187, 172, 156, 66,
       128, 143, 27, 195, 81, 86, 42, 194, 183, 109, 85, 62, 251, 212,
       12, 159, 219, 67, 193, 167, 149, 141, 118, 173, 39, 238, 218, 138,
       2, 236, 246, 183, 111, 225, 103, 120, 141, 213, 201, 167, 200,
       153, 54, 223, 130, 132, 116, 181, 108, 184, 251, 123, 111, 116,
       203, 119, 116, 112, 12, 116, 40, 51, 23, 160, 48, 122, 186, 7,
       104, 104, 186, 96, 63, 119, 141, 36, 161, 113, 154, 198, 171, 248,
       90, 255, 188, 44, 78, 93, 48, 185, 222, 182, 63, 95, 31, 131, 91,
       238, 245, 125, 230, 233, 199, 225, 202, 243, 235, 231, 144, 37,
       177, 100, 115, 216, 249, 25, 226, 58, 204, 19, 188, 174, 33, 130,
       56, 183, 151, 64, 114, 166, 213, 125, 80, 115, 13, 186, 51, 249,
       229, 47, 124, 0, 0, 5, 59, 30, 133, 87, 225, 147, 118, 111, 183,
       37, 161, 206, 194, 221, 39, 168, 228, 119, 215, 156, 184, 25, 152,
       21, 206, 169, 230, 142, 196, 174, 214, 161, 56, 100, 5, 254, 252,
       252, 171, 94, 232, 223, 130, 248, 8, 255, 233, 37, 81, 211, 121,
       107, 106, 32, 99, 10, 159, 235, 255, 71, 63, 212, 250, 69, 170, 1,
       45, 159, 161, 212, 39, 170, 206, 110, 129, 74, 67, 149, 163, 33,
       64, 107, 75, 34, 220, 18, 152, 3, 106, 61, 134, 143, 4, 128, 121,
       161, 136, 76, 153, 159, 245, 136, 110, 53, 183, 174, 185, 10, 0,
       213, 55, 0, 106, 167, 87, 121, 144, 17, 217, 83, 4, 205, 167, 127,
       68, 136, 98, 133, 51, 3, 173, 101, 152, 223, 187, 202, 231, 159,
       4, 92, 139, 44, 172, 54, 132, 43, 171, 211, 157, 54, 8, 102, 255,
       63, 92, 141, 251, 247, 76, 153, 108, 37, 255, 153, 93, 184, 143,
       206, 191, 126, 171, 124, 100, 240, 231, 192, 244, 93, 126, 38,
       152, 219, 24, 203, 115, 44, 190, 183, 244, 216, 242, 138, 185, 32,
       189, 156, 251, 219, 229, 93, 159, 167, 23, 173, 1, 63, 127, 64,
       82, 207, 147, 127, 144, 26, 74, 219, 49, 239, 255, 84, 123, 178,
       64, 166, 154, 124, 50, 249, 112, 185, 110, 81, 218, 123, 191, 180,
       61, 14, 255, 207, 30, 183, 221, 229, 48, 154, 115, 160, 64, 219,
       223, 33, 255, 194, 229, 70, 115, 222, 157, 34, 146, 133, 93, 182,
       192, 189, 78, 150, 59, 142, 60, 107, 239, 239, 211, 223, 71, 254,
       47, 49, 226, 179, 85, 26, 19, 134, 93, 61, 95, 244, 104, 211, 100,
       3, 106, 70, 68, 97, 226, 162, 8, 114, 59, 69, 59, 168, 245, 104,
       226, 105, 231, 145, 72, 145, 162, 196, 19, 233, 113, 98, 26, 118,
       96, 211, 101, 3, 106, 194, 200, 107, 226, 163, 8, 83, 30, 85, 190,
       185, 221, 120, 242, 9, 119, 217, 66, 145, 220, 69, 54, 233, 113,
       66, 150, 142, 241, 54, 155, 237, 221, 180, 197, 175, 94, 89, 17,
       140, 220, 111, 207, 235, 27, 187, 19, 214, 48, 58, 209, 39, 81,
       78, 47, 210, 94, 141, 215, 234, 188, 188, 120, 169, 249, 20, 207,
       155, 31, 164, 57, 174, 249, 102, 27, 129, 115, 233, 16, 54, 111,
       202, 51, 203, 211, 85, 123, 210, 76, 143, 11, 9, 135, 144, 249,
       183, 155, 105, 223, 94, 53, 94, 18, 143, 163, 170, 228, 51, 10,
       166, 12, 23, 152, 37, 151, 238, 205, 54, 101, 182, 140, 137, 173,
       141, 176, 189, 243, 236, 253, 249, 223, 239, 123, 53, 60, 158,
       157, 216, 59, 175, 27, 126, 25, 179, 124, 251, 209, 207, 219, 119,
       244, 214, 200, 135, 243, 148, 65, 221, 101, 3, 78, 123, 32, 45,
       160, 99, 128, 223, 39, 1, 244, 54, 85, 234, 106, 65, 144, 21, 76,
       135, 255, 70, 0, 105, 179, 15, 160, 152, 20, 151, 252, 131, 110,
       21, 231, 185, 27, 98, 48, 30, 183, 32, 91, 163, 215, 101, 144, 48,
       255, 2, 98, 217, 246, 118, 67, 224, 113, 167, 35, 165, 101, 113,
       71, 196, 31, 231, 248, 64, 170, 120, 74, 115, 112, 157, 166, 88,
       200, 86, 106, 233, 178, 124, 42, 37, 140, 37, 36, 97, 251, 210,
       164, 94, 148, 52, 186, 75, 117, 16, 232, 41, 19, 233, 58, 94, 94,
       42, 217, 247, 155, 149, 163, 30, 3, 26, 213, 147, 211, 91, 127,
       50, 67, 175, 19, 189, 197, 127, 207, 52, 11, 207, 248, 68, 164,
       247, 66, 115, 67, 157, 97, 122, 196, 94, 234, 233, 183, 109, 44,
       246, 235, 229, 20, 101, 186, 244, 224, 109, 117, 61, 239, 60, 15,
       95, 248, 111, 232, 189, 76, 223, 121, 9, 48, 220, 196, 126, 110,
       201, 99, 249, 190, 247, 255, 37, 188, 72, 251, 67, 49, 214, 173,
       148, 183, 153, 200, 54, 132, 186, 179, 131, 17, 228, 242, 72, 218,
       225, 107, 234, 211, 118, 88, 203, 227, 189, 6, 223, 103, 128, 114,
       171, 142, 31, 28, 155, 247, 195, 230, 57, 83, 180, 203, 103, 18,
       92, 247, 97, 104, 125, 253, 50, 154, 49, 215, 178, 194, 83, 239,
       219, 0, 161, 97, 33, 178, 2, 162, 4, 155, 238, 169, 168, 143, 14,
       49, 17, 255, 173, 130, 200, 136, 79, 11, 111, 21, 19, 88, 79, 213,
       12, 16, 190, 236, 156, 8, 137, 153, 13, 12, 187, 117, 228, 238,
       107, 82, 116, 202, 111, 80, 83, 243, 49, 120, 113, 108, 50, 30,
       177, 244, 48, 42, 67, 255, 115, 0, 200, 225, 98, 160, 248, 93, 23,
       236, 29, 198, 84, 39, 229, 200, 234, 2, 107, 55, 33, 243, 192,
       246, 236, 224, 105, 139, 17, 140, 179, 225, 196, 19, 50, 48, 116,
       26, 44, 52, 185, 99, 157, 111, 83, 152, 106, 181, 45, 24, 214, 21,
       73, 26, 145, 92, 65, 58, 18, 112, 249, 18, 207, 221, 1, 119, 192,
       107, 70, 242, 3, 162, 204, 187, 218, 169, 40, 175, 62, 57, 81,
       247, 197, 2, 202, 200, 119, 11, 42, 149, 23, 88, 79, 85, 12, 6,
       191, 228, 188, 136, 137, 153, 221, 219, 71, 239, 34, 10, 111, 184,
       37, 132, 87, 230, 121, 71, 184, 85, 118, 229, 63, 238, 233, 144,
       61, 109, 244, 170, 227, 132, 47, 179, 33, 113, 87, 215, 204, 165,
       188, 7, 78, 184, 0, 234, 152, 239, 209, 106, 219, 2, 95, 197, 29,
       239, 237, 5, 77, 142, 232, 143, 175, 180, 44, 247, 25, 17, 109,
       119, 57, 101, 188, 15, 95, 184, 123, 232, 190, 108, 223, 127, 205,
       48, 151, 221, 124, 126, 233, 114, 249, 62, 251, 223, 37, 180, 72,
       241, 194, 49, 204, 162, 252, 65, 172, 30, 253, 159, 106, 187, 183,
       84, 219, 57, 220, 107, 15, 70, 109, 60, 218, 96, 251, 0, 207, 251,
       117, 245, 202, 216, 216, 3, 116, 224, 248, 106, 12, 71, 83, 200,
       67, 29, 181, 10, 83, 217, 120, 58, 89, 208, 108, 122, 74, 103,
       235, 17, 219, 143, 165, 125, 241, 59, 118, 34, 213, 64, 78, 167,
       38, 2, 111, 184, 100, 226, 215, 198, 115, 99, 155, 115, 118, 228,
       61, 239, 201, 148, 205, 46, 244, 171, 239, 132, 45, 179, 112, 17,
       198, 155, 184, 154, 175, 236, 189, 7, 154, 69, 145, 31, 172, 190,
       102, 66, 198, 51, 251, 17, 54, 9, 178, 194, 251, 53, 14, 123, 148,
       76, 149, 87, 122, 253, 100, 140, 219, 81, 150, 239, 129, 166, 140,
       139, 104, 124, 87, 135, 73, 247, 211, 227, 108, 75, 254, 191, 59,
       65, 205, 59, 119, 126, 158, 222, 44, 27, 61, 111, 40, 205, 83, 24,
       70, 72, 189, 108, 179, 85, 3, 18, 204, 48, 68, 74, 203, 40, 123,
       61, 199, 221, 32, 56, 88, 171, 74, 123, 209, 219, 127, 239, 38,
       14, 103, 180, 116, 236, 246, 102, 115, 39, 130, 81, 124, 228, 44,
       238, 233, 180, 49, 45, 244, 171, 229, 128, 41, 186, 240, 121, 116,
       91, 114, 106, 252, 147, 151, 144, 227, 172, 189, 236, 194, 217,
       253, 124, 223, 116, 228, 115, 200, 35, 238, 184, 120, 245, 167,
       191, 247, 183, 118, 37, 62, 157, 242, 130, 181, 94, 223, 224, 9,
       126, 255, 11, 74, 62, 46, 244, 253, 211, 151, 115, 92, 187, 57,
       236, 219, 223, 222, 87, 211, 47, 255, 223, 123, 112, 214, 100, 65,
