%YAML:1.0
---
descriptors: !!opencv-matrix
   rows: 405
   cols: 32
   dt: u
   data: [ 215, 6, 222, 245, 194, 34, 168, 66, 180, 147, 83, 146, 77,
       174, 185, 75, 119, 221, 51, 185, 176, 213, 132, 194, 148, 235,
       218, 196, 165, 241, 161, 144, 1, 45, 27, 117, 240, 238, 231, 246,
       124, 202, 106, 64, 190, 176, 133, 112, 163, 110, 2, 24, 229, 248,
       144, 110, 109, 190, 54, 0, 200, 208, 75, 141, 45, 244, 97, 74,
       116, 207, 79, 120, 80, 72, 113, 74, 115, 85, 184, 181, 94, 232,
       22, 110, 233, 182, 124, 63, 53, 172, 165, 224, 127, 139, 82, 241,
       137, 151, 20, 217, 179, 183, 59, 59, 95, 93, 111, 22, 236, 114,
       170, 229, 247, 59, 142, 56, 183, 152, 113, 223, 175, 247, 18, 66,
       154, 136, 137, 21, 142, 137, 110, 241, 183, 255, 120, 147, 191,
       245, 94, 147, 173, 191, 179, 77, 167, 51, 191, 157, 182, 216, 33,
       246, 79, 91, 223, 195, 182, 197, 157, 91, 196, 23, 30, 248, 238,
       157, 189, 242, 172, 30, 254, 100, 189, 227, 233, 67, 230, 57, 110,
       34, 192, 33, 163, 81, 246, 225, 110, 136, 12, 242, 41, 177, 39,
       37, 209, 83, 209, 255, 74, 214, 23, 169, 120, 72, 114, 246, 237,
       252, 221, 186, 150, 152, 11, 154, 96, 190, 15, 220, 181, 224, 210,
       219, 74, 173, 181, 91, 109, 232, 60, 131, 67, 248, 214, 232, 180,
       238, 83, 192, 177, 97, 92, 168, 14, 126, 251, 39, 110, 156, 248,
       136, 165, 252, 61, 171, 112, 113, 182, 107, 226, 188, 204, 129,
       239, 100, 158, 196, 80, 139, 33, 236, 119, 0, 88, 232, 131, 199,
       196, 50, 230, 186, 116, 36, 207, 169, 117, 60, 118, 196, 108, 191,
       81, 67, 249, 173, 66, 186, 59, 172, 124, 108, 64, 179, 197, 212,
       213, 126, 228, 88, 153, 26, 201, 62, 30, 188, 165, 254, 218, 163,
       74, 161, 7, 185, 144, 155, 254, 173, 186, 194, 138, 9, 25, 42,
       172, 126, 3, 8, 143, 83, 91, 17, 22, 11, 74, 243, 29, 84, 30, 251,
       212, 75, 131, 139, 143, 143, 206, 31, 242, 58, 111, 178, 61, 87,
       95, 182, 109, 110, 187, 245, 55, 110, 150, 111, 245, 216, 45, 239,
       46, 63, 109, 193, 190, 247, 153, 85, 220, 147, 62, 160, 170, 35,
       147, 248, 112, 252, 179, 253, 223, 123, 75, 91, 254, 213, 109,
       243, 188, 115, 223, 22, 216, 163, 107, 252, 108, 35, 39, 19, 74,
       146, 147, 254, 43, 196, 59, 73, 172, 13, 75, 183, 236, 231, 40,
       196, 246, 51, 187, 133, 19, 3, 26, 193, 145, 119, 154, 203, 150,
       6, 165, 115, 161, 75, 106, 13, 100, 18, 246, 228, 89, 202, 246,
       102, 0, 136, 247, 228, 250, 236, 2, 207, 196, 190, 132, 234, 54,
       47, 182, 0, 79, 191, 122, 141, 188, 173, 192, 105, 221, 64, 94,
       232, 115, 178, 172, 3, 75, 107, 93, 208, 121, 206, 209, 250, 126,
       39, 217, 179, 123, 205, 133, 109, 119, 183, 250, 130, 177, 109,
       200, 37, 149, 107, 198, 230, 82, 226, 234, 24, 179, 49, 81, 178,
       25, 238, 80, 109, 41, 248, 213, 46, 173, 15, 5, 48, 233, 120, 210,
       170, 133, 216, 24, 171, 85, 135, 179, 192, 94, 65, 97, 23, 156,
       216, 38, 0, 222, 57, 2, 85, 183, 188, 88, 255, 109, 29, 10, 102,
       29, 9, 17, 146, 66, 88, 111, 248, 109, 232, 176, 54, 175, 83, 118,
       153, 189, 189, 116, 255, 231, 177, 251, 1, 129, 124, 151, 208, 93,
       113, 90, 43, 150, 4, 109, 218, 53, 141, 120, 41, 222, 151, 210,
       234, 86, 105, 252, 2, 19, 184, 182, 32, 123, 174, 22, 111, 215,
       186, 77, 55, 122, 109, 35, 109, 125, 43, 235, 132, 224, 143, 151,
       126, 217, 232, 20, 39, 240, 23, 226, 56, 226, 162, 4, 243, 129,
       118, 232, 0, 120, 222, 195, 47, 45, 182, 84, 19, 64, 64, 206, 42,
       166, 29, 114, 153, 205, 253, 240, 67, 93, 86, 252, 3, 42, 222, 47,
       77, 248, 155, 151, 129, 94, 179, 82, 209, 23, 120, 194, 43, 147,
       76, 124, 198, 3, 159, 97, 203, 214, 147, 175, 255, 86, 97, 77,
       198, 209, 96, 188, 100, 127, 10, 18, 61, 211, 184, 125, 255, 60,
       14, 135, 100, 189, 138, 241, 188, 206, 94, 237, 183, 172, 58, 47,
       151, 137, 247, 31, 247, 205, 46, 154, 75, 71, 87, 253, 135, 241,
       76, 237, 226, 230, 115, 254, 144, 166, 255, 149, 113, 6, 20, 150,
       156, 143, 237, 180, 207, 159, 23, 136, 10, 142, 251, 101, 205,
       179, 123, 235, 17, 50, 107, 26, 243, 179, 150, 95, 59, 146, 89,
       133, 14, 2, 36, 145, 139, 254, 233, 184, 206, 238, 33, 56, 83,
       188, 170, 96, 10, 163, 11, 74, 145, 22, 24, 10, 243, 77, 22, 26,
       174, 148, 82, 133, 143, 151, 108, 181, 178, 173, 86, 30, 200, 191,
       250, 144, 17, 220, 222, 77, 235, 227, 77, 93, 115, 101, 69, 187,
       248, 169, 218, 207, 190, 132, 117, 37, 87, 218, 188, 22, 82, 171,
       245, 16, 230, 255, 123, 166, 24, 174, 150, 70, 255, 135, 95, 248,
       18, 55, 79, 186, 247, 155, 211, 94, 123, 138, 69, 175, 31, 219,
       30, 239, 222, 32, 118, 109, 86, 177, 79, 86, 246, 121, 167, 190,
       255, 38, 239, 181, 142, 189, 149, 164, 235, 82, 111, 250, 129, 47,
       245, 191, 125, 2, 13, 145, 139, 254, 169, 186, 206, 142, 193, 120,
       65, 172, 162, 33, 2, 163, 67, 74, 16, 22, 40, 18, 255, 77, 150,
       26, 234, 148, 73, 133, 155, 31, 121, 51, 58, 91, 212, 186, 212,
       237, 64, 192, 103, 172, 222, 39, 244, 238, 249, 147, 209, 135,
       171, 54, 237, 187, 116, 10, 10, 255, 23, 35, 223, 142, 72, 167,
       189, 175, 102, 189, 154, 156, 94, 210, 215, 220, 79, 59, 75, 239,
       17, 191, 135, 224, 197, 3, 225, 197, 114, 250, 130, 148, 117, 37,
       243, 82, 225, 151, 202, 27, 192, 146, 104, 175, 133, 217, 163, 12,
       222, 32, 112, 126, 249, 207, 227, 64, 11, 142, 220, 153, 180, 138,
       255, 21, 39, 39, 251, 5, 142, 30, 153, 236, 175, 164, 211, 78, 42,
       218, 86, 212, 162, 160, 204, 105, 46, 106, 28, 87, 185, 69, 208,
       20, 42, 243, 64, 152, 72, 249, 132, 28, 209, 89, 236, 90, 66, 19,
       104, 5, 64, 229, 162, 89, 87, 160, 112, 94, 153, 18, 226, 73, 2,
       119, 93, 241, 161, 138, 92, 57, 163, 38, 178, 42, 109, 105, 167,
       116, 75, 207, 69, 19, 228, 153, 139, 179, 13, 81, 0, 88, 186, 211,
       65, 73, 58, 84, 154, 231, 213, 137, 49, 101, 154, 86, 250, 109,
       134, 122, 90, 113, 188, 115, 248, 121, 77, 109, 29, 107, 202, 158,
       112, 177, 192, 70, 110, 150, 161, 42, 55, 82, 255, 0, 73, 194,
       131, 74, 69, 38, 157, 122, 200, 253, 231, 210, 235, 207, 140, 188,
       11, 98, 248, 39, 80, 217, 242, 207, 48, 30, 43, 90, 254, 123, 31,
       5, 91, 209, 123, 124, 71, 9, 107, 83, 225, 236, 168, 232, 86, 109,
       9, 250, 226, 157, 139, 209, 232, 110, 171, 95, 220, 128, 176, 198,
       192, 148, 184, 186, 192, 229, 153, 225, 161, 152, 217, 87, 249,
       46, 131, 40, 112, 132, 24, 210, 242, 185, 211, 168, 225, 110, 177,
       31, 234, 107, 141, 3, 253, 128, 225, 234, 192, 62, 137, 176, 161,
       234, 188, 148, 186, 201, 225, 148, 239, 155, 55, 160, 187, 172,
       190, 70, 27, 201, 219, 251, 146, 126, 79, 218, 247, 219, 210, 223,
       127, 17, 69, 167, 218, 176, 69, 74, 233, 22, 35, 203, 79, 69, 4,
       255, 146, 3, 9, 56, 32, 122, 136, 2, 239, 88, 183, 101, 214, 243,
       233, 130, 69, 117, 139, 244, 160, 48, 65, 79, 236, 86, 75, 105,
       70, 68, 36, 238, 138, 19, 137, 48, 112, 122, 140, 10, 232, 72,
       183, 37, 12, 211, 169, 130, 17, 117, 138, 116, 40, 252, 241, 152,
       122, 235, 189, 84, 222, 171, 29, 164, 28, 63, 219, 74, 154, 131,
       219, 236, 80, 30, 111, 218, 51, 219, 209, 21, 127, 234, 81, 171,
       3, 45, 135, 122, 22, 116, 156, 243, 49, 121, 77, 127, 13, 106,
       233, 190, 80, 252, 42, 6, 47, 214, 176, 44, 111, 102, 125, 32, 65,
       67, 139, 214, 199, 246, 28, 148, 176, 139, 103, 16, 155, 27, 255,
       145, 63, 206, 63, 71, 154, 205, 215, 253, 145, 63, 79, 219, 210,
       155, 210, 221, 255, 152, 109, 140, 87, 28, 15, 111, 249, 142, 191,
       237, 211, 22, 110, 222, 134, 249, 239, 179, 105, 109, 138, 63,
       140, 186, 177, 103, 145, 247, 207, 175, 128, 181, 248, 244, 241,
       79, 158, 172, 183, 176, 174, 30, 191, 186, 255, 19, 117, 206, 232,
       218, 203, 151, 103, 253, 23, 182, 73, 138, 227, 232, 119, 127,
