%YAML:1.0
---
descriptors: !!opencv-matrix
   rows: 300
   cols: 32
   dt: u
   data: [ 210, 153, 26, 184, 139, 196, 61, 71, 175, 29, 206, 21, 140,
       151, 98, 70, 231, 51, 187, 144, 82, 15, 146, 211, 209, 240, 26,
       75, 146, 0, 173, 91, 45, 102, 232, 101, 228, 15, 207, 248, 80,
       170, 116, 78, 83, 1, 145, 32, 88, 200, 22, 110, 233, 182, 109, 14,
       103, 143, 229, 164, 111, 251, 82, 161, 128, 216, 27, 185, 36, 133,
       56, 214, 30, 25, 80, 82, 180, 147, 32, 65, 199, 59, 51, 64, 3,
       156, 82, 243, 197, 176, 186, 8, 16, 9, 33, 139, 191, 193, 67, 206,
       94, 133, 206, 248, 5, 64, 241, 198, 113, 193, 61, 197, 124, 200,
       19, 239, 75, 163, 26, 189, 50, 40, 136, 24, 63, 159, 240, 176, 58,
       187, 250, 250, 215, 157, 178, 215, 155, 13, 125, 7, 46, 253, 38,
       16, 254, 187, 135, 17, 146, 171, 26, 253, 123, 223, 22, 107, 211,
       14, 239, 219, 33, 36, 229, 87, 84, 111, 227, 118, 85, 225, 119,
       74, 83, 49, 156, 37, 121, 238, 54, 40, 169, 248, 125, 46, 45, 46,
       245, 64, 231, 168, 86, 232, 23, 73, 127, 239, 94, 195, 255, 65,
       197, 0, 105, 2, 117, 107, 49, 32, 106, 185, 19, 239, 12, 163, 62,
       252, 183, 236, 139, 9, 117, 187, 33, 198, 63, 9, 103, 204, 110,
       27, 206, 120, 77, 200, 252, 171, 91, 253, 183, 180, 126, 233, 23,
       239, 156, 163, 38, 220, 82, 105, 225, 152, 119, 191, 118, 231, 34,
       174, 250, 208, 240, 235, 177, 71, 59, 47, 252, 169, 175, 191, 134,
       20, 143, 187, 199, 16, 58, 186, 96, 255, 255, 150, 52, 243, 215,
       200, 134, 235, 35, 142, 2, 220, 124, 151, 202, 255, 95, 11, 88,
       94, 194, 232, 180, 229, 221, 8, 55, 45, 187, 47, 66, 159, 56, 126,
       171, 204, 158, 172, 248, 165, 49, 77, 74, 173, 86, 130, 107, 244,
       65, 192, 126, 135, 49, 131, 179, 80, 126, 238, 19, 238, 192, 186,
       4, 236, 118, 44, 160, 128, 61, 155, 112, 200, 108, 45, 243, 76,
       84, 102, 67, 208, 195, 129, 108, 10, 48, 243, 37, 118, 88, 252, 2,
       90, 9, 146, 248, 104, 117, 172, 129, 40, 179, 251, 98, 160, 41,
       139, 144, 217, 173, 189, 145, 87, 223, 29, 84, 0, 174, 145, 98,
       204, 197, 42, 134, 24, 146, 40, 66, 177, 133, 221, 50, 123, 154,
       12, 25, 171, 45, 37, 233, 229, 244, 79, 67, 253, 115, 237, 125, 9,
       83, 37, 218, 48, 89, 206, 7, 60, 58, 250, 233, 14, 255, 143, 37,
       116, 224, 250, 214, 226, 1, 241, 117, 73, 116, 143, 235, 156, 111,
       105, 126, 68, 184, 21, 156, 36, 28, 24, 87, 76, 195, 176, 121,
       245, 101, 28, 34, 132, 95, 154, 211, 249, 73, 173, 248, 97, 253,
       125, 121, 159, 75, 241, 44, 8, 157, 125, 91, 182, 135, 82, 251,
       28, 146, 104, 251, 147, 111, 93, 5, 125, 210, 228, 202, 232, 32,
       132, 123, 83, 116, 239, 243, 71, 254, 45, 123, 24, 178, 204, 60,
       32, 217, 58, 2, 17, 178, 188, 48, 255, 111, 158, 50, 65, 208, 8,
       213, 170, 42, 165, 33, 201, 215, 227, 177, 107, 15, 97, 121, 18,
       152, 157, 124, 36, 217, 27, 147, 145, 19, 186, 80, 213, 109, 84,
       143, 103, 215, 14, 213, 178, 186, 251, 82, 248, 119, 153, 118,
       252, 31, 53, 116, 171, 47, 143, 42, 149, 190, 155, 135, 64, 102,
       62, 0, 255, 62, 209, 20, 239, 119, 156, 142, 143, 98, 78, 210, 92,
       91, 152, 47, 118, 137, 132, 108, 198, 40, 227, 165, 212, 102, 236,
       130, 78, 65, 147, 130, 233, 54, 60, 0, 138, 59, 255, 98, 189, 131,
       135, 42, 239, 180, 150, 124, 63, 92, 13, 95, 199, 249, 106, 186,
       96, 254, 34, 31, 173, 246, 152, 1, 223, 226, 255, 170, 193, 28,
       138, 249, 9, 211, 10, 206, 173, 26, 34, 168, 91, 22, 209, 86, 215,
       77, 234, 178, 75, 127, 205, 191, 141, 189, 220, 143, 221, 92, 34,
       255, 132, 61, 164, 185, 221, 188, 77, 109, 111, 92, 79, 111, 248,
       4, 106, 252, 9, 115, 101, 27, 49, 88, 208, 87, 238, 104, 178, 105,
       63, 103, 207, 161, 21, 115, 251, 126, 248, 203, 148, 183, 90, 169,
       244, 184, 3, 255, 91, 51, 80, 236, 218, 108, 239, 167, 51, 250,
       17, 183, 109, 179, 215, 15, 58, 90, 74, 218, 68, 169, 133, 90,
       188, 146, 186, 219, 241, 154, 199, 187, 65, 137, 59, 44, 254, 110,
       148, 251, 187, 219, 145, 23, 11, 154, 247, 187, 85, 158, 107, 155,
       70, 175, 222, 139, 159, 52, 187, 167, 225, 63, 191, 190, 123, 30,
       183, 157, 191, 122, 64, 231, 19, 191, 129, 246, 9, 11, 247, 238,
       247, 63, 197, 30, 212, 173, 83, 34, 181, 48, 203, 61, 221, 208,
       239, 143, 21, 60, 27, 166, 157, 52, 4, 201, 26, 147, 29, 82, 40,
       122, 247, 111, 28, 16, 127, 82, 12, 212, 222, 112, 249, 121, 77,
       46, 73, 87, 236, 207, 120, 60, 40, 54, 145, 205, 54, 131, 88, 78,
       106, 67, 33, 235, 57, 117, 216, 37, 63, 112, 27, 70, 235, 185, 93,
       107, 238, 102, 95, 207, 244, 65, 72, 124, 231, 123, 13, 179, 161,
       126, 232, 151, 110, 237, 182, 100, 175, 118, 233, 228, 128, 127,
       190, 208, 249, 27, 160, 214, 189, 23, 150, 120, 105, 83, 177, 80,
       3, 237, 202, 114, 196, 250, 45, 179, 148, 6, 222, 131, 221, 142,
       218, 219, 231, 38, 164, 41, 142, 127, 253, 251, 102, 176, 54, 95,
       191, 113, 234, 254, 236, 91, 124, 159, 114, 151, 215, 245, 103,
       237, 210, 253, 46, 122, 255, 101, 150, 78, 247, 138, 125, 46, 174,
       129, 136, 217, 240, 26, 75, 27, 29, 201, 177, 140, 206, 100, 212,
       221, 187, 159, 145, 30, 15, 202, 243, 153, 116, 155, 255, 146, 7,
       191, 246, 123, 150, 229, 149, 85, 23, 201, 123, 83, 231, 198, 223,
       99, 45, 22, 4, 93, 172, 35, 173, 189, 254, 117, 143, 95, 110, 209,
       16, 239, 172, 116, 252, 163, 133, 122, 218, 95, 149, 188, 111, 93,
       65, 240, 19, 56, 26, 62, 96, 238, 147, 19, 133, 246, 143, 103,
       255, 127, 60, 154, 202, 21, 12, 240, 206, 155, 155, 127, 221, 38,
       150, 125, 49, 125, 72, 86, 194, 249, 47, 180, 101, 102, 244, 63,
       238, 233, 152, 37, 237, 102, 235, 234, 192, 63, 164, 241, 121, 3,
       129, 178, 137, 215, 251, 176, 79, 206, 113, 90, 18, 140, 184, 118,
       224, 233, 31, 178, 17, 151, 184, 133, 209, 13, 20, 27, 103, 220,
       76, 153, 134, 111, 112, 72, 142, 93, 157, 186, 72, 203, 160, 181,
       78, 108, 217, 63, 132, 216, 169, 219, 99, 198, 35, 218, 255, 22,
       61, 139, 59, 95, 11, 90, 130, 141, 205, 94, 251, 182, 130, 110,
       248, 84, 2, 115, 162, 209, 67, 185, 65, 123, 193, 6, 234, 122,
       148, 77, 63, 238, 235, 238, 192, 61, 155, 233, 128, 78, 218, 239,
       151, 242, 208, 188, 176, 191, 215, 94, 231, 108, 239, 238, 198,
       103, 127, 191, 213, 230, 221, 175, 237, 30, 99, 255, 199, 167,
       230, 45, 95, 60, 223, 254, 103, 198, 118, 126, 255, 85, 234, 254,
       103, 83, 61, 178, 211, 125, 206, 167, 238, 221, 251, 65, 160, 126,
       235, 244, 133, 239, 255, 248, 219, 132, 248, 27, 250, 32, 196, 57,
       192, 190, 29, 65, 17, 188, 215, 104, 89, 167, 57, 31, 16, 2, 77,
       26, 117, 201, 209, 58, 73, 16, 0, 37, 43, 220, 90, 254, 188, 36,
       90, 124, 16, 177, 222, 246, 181, 255, 111, 131, 91, 102, 245, 253,
       230, 236, 214, 227, 40, 214, 235, 226, 129, 36, 177, 36, 91, 139,
       30, 119, 188, 226, 182, 189, 119, 253, 78, 90, 247, 44, 174, 55,
       73, 231, 191, 183, 133, 164, 221, 52, 239, 87, 107, 250, 130, 47,
       116, 37, 223, 158, 221, 44, 187, 171, 226, 29, 172, 150, 23, 131,
       179, 237, 111, 43, 75, 199, 83, 187, 243, 126, 77, 75, 247, 233,
       243, 223, 215, 148, 93, 165, 82, 65, 217, 248, 238, 116, 68, 95,
       189, 114, 77, 127, 36, 247, 231, 250, 112, 86, 238, 53, 206, 203,
       26, 185, 35, 230, 173, 38, 136, 60, 242, 232, 121, 152, 255, 120,
       90, 90, 153, 27, 245, 31, 4, 116, 175, 175, 195, 194, 20, 62, 185,
       135, 94, 194, 46, 254, 191, 246, 193, 32, 248, 127, 138, 15, 153,
       9, 150, 215, 149, 114, 63, 171, 59, 94, 235, 90, 246, 253, 98,
       132, 229, 55, 127, 42, 172, 177, 248, 45, 95, 44, 46, 127, 132,
       175, 236, 1, 189, 35, 142, 4, 221, 125, 151, 200, 55, 95, 43, 80,
       86, 236, 40, 180, 228, 205, 46, 54, 13, 165, 190, 65, 223, 12, 62,
       218, 194, 30, 12, 120, 141, 101, 127, 117, 71, 236, 31, 198, 185,
