%YAML:1.0
---
descriptors: !!opencv-matrix
   rows: 192
   cols: 32
   dt: u
   data: [ 90, 184, 183, 250, 171, 253, 17, 199, 187, 23, 164, 25, 174,
       255, 104, 62, 163, 179, 253, 17, 58, 79, 186, 243, 219, 215, 90,
       123, 146, 68, 135, 122, 152, 94, 30, 188, 46, 133, 158, 118, 148,
       14, 214, 167, 191, 191, 35, 1, 174, 177, 247, 199, 108, 143, 18,
       191, 243, 199, 122, 153, 52, 120, 45, 219, 61, 111, 97, 166, 206,
       19, 198, 248, 65, 226, 152, 238, 83, 104, 217, 163, 120, 204, 6,
       239, 205, 114, 237, 168, 56, 9, 229, 188, 125, 255, 122, 132, 94,
       188, 148, 50, 171, 253, 20, 199, 255, 31, 176, 57, 174, 238, 72,
       159, 175, 19, 236, 17, 62, 111, 202, 241, 153, 211, 95, 127, 210,
       84, 143, 23, 117, 103, 232, 39, 156, 91, 87, 232, 115, 230, 175,
       13, 67, 100, 203, 19, 88, 196, 108, 110, 108, 115, 253, 40, 250,
       239, 69, 53, 97, 251, 86, 86, 70, 157, 191, 251, 254, 102, 189,
       231, 62, 95, 203, 51, 212, 182, 44, 75, 231, 223, 59, 145, 48,
       217, 187, 226, 253, 182, 222, 198, 128, 80, 165, 251, 2, 133, 16,
       155, 221, 165, 176, 47, 30, 17, 75, 17, 132, 218, 104, 64, 201,
       27, 162, 145, 54, 152, 83, 215, 45, 54, 154, 74, 144, 72, 149, 6,
       118, 92, 112, 235, 53, 125, 94, 148, 13, 10, 254, 43, 107, 127,
       61, 244, 254, 215, 189, 110, 172, 182, 105, 251, 179, 252, 128,
       147, 247, 223, 84, 31, 189, 61, 224, 227, 245, 116, 254, 248, 113,
       205, 124, 167, 57, 127, 155, 113, 126, 219, 151, 252, 188, 186,
       124, 174, 127, 217, 166, 233, 231, 231, 102, 219, 9, 211, 125,
       239, 38, 90, 255, 188, 76, 124, 95, 230, 253, 125, 186, 161, 62,
       85, 183, 111, 193, 48, 63, 253, 231, 235, 111, 132, 126, 254, 133,
       113, 14, 95, 102, 154, 111, 178, 190, 98, 141, 196, 222, 167, 40,
       206, 55, 197, 238, 171, 179, 199, 196, 155, 22, 236, 50, 112, 202,
       203, 23, 63, 61, 215, 15, 155, 239, 247, 174, 138, 237, 159, 231,
       251, 87, 246, 249, 237, 222, 106, 103, 111, 127, 157, 211, 248,
       239, 225, 110, 235, 255, 128, 175, 240, 240, 121, 35, 13, 98, 95,
       85, 213, 178, 96, 95, 68, 93, 2, 104, 232, 55, 36, 216, 120, 146,
       71, 182, 190, 126, 255, 39, 28, 130, 43, 87, 175, 117, 228, 241,
       39, 110, 7, 20, 158, 234, 48, 120, 224, 207, 77, 243, 8, 158, 113,
       48, 164, 104, 109, 173, 248, 245, 13, 230, 41, 160, 64, 109, 131,
       90, 76, 3, 91, 10, 157, 18, 130, 184, 230, 30, 69, 74, 231, 172,
       138, 51, 64, 102, 107, 179, 197, 198, 152, 6, 255, 100, 39, 186,
       129, 29, 20, 57, 223, 130, 239, 2, 147, 253, 201, 174, 231, 191,
       55, 48, 147, 172, 174, 100, 199, 235, 83, 203, 1, 102, 47, 154,
       247, 189, 22, 94, 111, 16, 92, 165, 222, 27, 79, 198, 132, 247,
       19, 252, 119, 173, 224, 222, 231, 8, 174, 183, 167, 110, 231, 183,
       237, 133, 155, 5, 200, 62, 88, 207, 131, 47, 244, 185, 221, 231,
       189, 179, 154, 221, 148, 186, 239, 155, 25, 153, 91, 236, 254,
       124, 166, 253, 243, 255, 149, 183, 75, 202, 231, 63, 62, 159, 255,
       129, 12, 187, 159, 48, 204, 75, 186, 30, 163, 194, 242, 212, 0,
       218, 130, 113, 232, 48, 64, 89, 234, 2, 157, 43, 171, 28, 191,
       184, 39, 162, 72, 181, 139, 120, 136, 17, 12, 238, 189, 12, 34,
       237, 103, 244, 3, 210, 130, 121, 168, 178, 107, 106, 230, 46, 141,
       140, 249, 5, 232, 212, 171, 250, 0, 165, 248, 249, 12, 105, 244,
       81, 71, 112, 78, 79, 180, 33, 234, 111, 104, 123, 119, 136, 247,
       22, 244, 116, 106, 233, 214, 249, 46, 55, 254, 101, 160, 34, 179,
       198, 49, 138, 90, 50, 221, 43, 208, 61, 230, 157, 6, 84, 167, 172,
       214, 167, 69, 238, 123, 179, 192, 66, 158, 34, 253, 7, 115, 218,
       139, 22, 20, 37, 255, 173, 97, 88, 101, 164, 27, 111, 188, 113,
       164, 254, 12, 211, 97, 155, 53, 26, 204, 100, 110, 232, 240, 237,
       46, 230, 217, 101, 4, 70, 251, 218, 32, 11, 223, 107, 141, 54,
       214, 191, 183, 12, 76, 94, 231, 189, 108, 183, 96, 126, 121, 151,
       239, 197, 152, 61, 237, 100, 29, 174, 128, 30, 190, 189, 253, 188,
       12, 82, 174, 125, 91, 254, 232, 29, 6, 177, 2, 76, 123, 41, 193,
       250, 209, 206, 163, 104, 39, 72, 238, 181, 215, 202, 31, 23, 123,
       117, 138, 193, 20, 61, 125, 36, 110, 105, 51, 248, 122, 118, 84,
       215, 55, 128, 123, 165, 70, 124, 44, 161, 252, 177, 76, 199, 187,
       114, 0, 72, 224, 195, 249, 152, 92, 154, 190, 15, 181, 92, 86,
       149, 14, 222, 55, 63, 255, 35, 202, 236, 241, 191, 129, 44, 143,
       18, 171, 211, 231, 250, 139, 186, 125, 41, 91, 119, 238, 194, 134,
       223, 19, 134, 236, 83, 226, 153, 239, 96, 104, 183, 132, 89, 228,
       49, 239, 237, 99, 140, 190, 56, 46, 141, 190, 191, 127, 120, 140,
       124, 31, 222, 236, 249, 62, 94, 83, 161, 142, 239, 1, 79, 231, 35,
       222, 246, 245, 205, 186, 56, 131, 144, 138, 243, 253, 33, 81, 178,
       231, 238, 83, 254, 117, 196, 102, 223, 27, 198, 200, 19, 160, 133,
       137, 75, 117, 89, 183, 27, 212, 249, 115, 105, 99, 217, 186, 187,
       215, 69, 63, 239, 127, 218, 176, 130, 158, 213, 119, 178, 43, 188,
       191, 63, 255, 26, 245, 205, 47, 133, 75, 183, 87, 175, 36, 177,
       220, 45, 251, 46, 222, 117, 134, 188, 240, 129, 89, 235, 50, 244,
       248, 237, 181, 216, 87, 219, 127, 157, 189, 140, 158, 222, 174,
       143, 31, 255, 21, 151, 111, 230, 192, 90, 91, 218, 251, 198, 204,
       143, 87, 108, 53, 88, 97, 240, 79, 115, 56, 32, 164, 111, 9, 223,
       127, 11, 16, 150, 212, 221, 98, 24, 176, 249, 14, 239, 253, 37,
       85, 98, 163, 78, 82, 237, 255, 207, 246, 220, 43, 231, 248, 90,
       234, 189, 254, 243, 105, 185, 34, 125, 230, 94, 238, 241, 103,
       237, 255, 252, 207, 231, 188, 237, 251, 242, 176, 253, 76, 86,
       236, 5, 38, 78, 88, 85, 138, 250, 70, 107, 233, 49, 73, 248, 228,
       61, 234, 236, 183, 17, 142, 242, 235, 226, 144, 47, 249, 120, 9,
       139, 89, 102, 237, 119, 214, 255, 244, 29, 72, 86, 163, 253, 95,
       183, 101, 246, 117, 151, 239, 228, 148, 61, 238, 119, 251, 174,
       131, 55, 191, 61, 127, 252, 121, 61, 162, 57, 79, 83, 136, 35,
       180, 168, 9, 207, 27, 65, 16, 220, 213, 77, 98, 72, 98, 217, 60,
       249, 217, 5, 62, 112, 59, 70, 98, 120, 164, 156, 246, 137, 108,
       85, 130, 162, 187, 167, 24, 243, 179, 72, 123, 193, 198, 120, 10,
       56, 75, 251, 32, 219, 251, 209, 59, 128, 113, 198, 34, 125, 188,
       173, 247, 157, 110, 85, 190, 242, 223, 172, 17, 215, 127, 91, 43,
       201, 198, 125, 61, 59, 107, 251, 39, 235, 207, 247, 92, 200, 104,
       246, 122, 127, 88, 251, 228, 110, 7, 223, 244, 9, 234, 210, 239,
       92, 159, 181, 16, 190, 245, 215, 231, 193, 151, 97, 234, 243, 253,
       174, 146, 47, 191, 3, 123, 86, 236, 152, 186, 11, 233, 23, 194,
       187, 23, 169, 25, 174, 223, 105, 24, 129, 187, 205, 18, 106, 7,
       218, 243, 211, 212, 27, 59, 144, 86, 7, 106, 101, 24, 189, 117,
       172, 111, 117, 23, 238, 251, 50, 28, 215, 61, 81, 59, 129, 102,
       126, 30, 185, 240, 123, 40, 205, 155, 117, 20, 200, 249, 208, 115,
       139, 73, 227, 149, 71, 150, 172, 103, 125, 192, 82, 198, 40, 142,
       183, 228, 238, 175, 179, 141, 229, 156, 53, 202, 54, 88, 222, 130,
       15, 196, 121, 220, 158, 122, 96, 226, 29, 245, 91, 220, 71, 254,
       180, 167, 41, 159, 255, 173, 237, 153, 151, 210, 143, 71, 122,
       240, 219, 217, 143, 175, 191, 151, 124, 127, 222, 29, 246, 180,
       211, 210, 188, 99, 185, 206, 150, 163, 12, 255, 39, 223, 239, 245,
       159, 177, 116, 223, 32, 206, 59, 115, 223, 131, 39, 100, 45, 223,
       34, 201, 40, 154, 93, 213, 178, 198, 223, 85, 96, 11, 160, 220,
       55, 37, 201, 43, 147, 193, 70, 58, 122, 245, 39, 26, 154, 43, 81,
       28, 125, 206, 134, 91, 98, 156, 207, 148, 190, 103, 157, 196, 222,
       135, 44, 238, 55, 69, 238, 235, 179, 199, 196, 139, 50, 234, 51,
       112, 206, 139, 23, 124, 189, 222, 222, 190, 253, 112, 170, 114,
       29, 154, 51, 182, 140, 184, 223, 63, 193, 123, 7, 213, 253, 178,
