%YAML:1.0
---
descriptors: !!opencv-matrix
   rows: 398
   cols: 32
   dt: u
   data: [ 61, 142, 199, 255, 150, 155, 239, 251, 118, 227, 251, 230,
       243, 105, 152, 96, 127, 238, 102, 174, 217, 248, 109, 189, 188,
       239, 231, 64, 239, 238, 240, 176, 100, 199, 125, 103, 228, 75,
       111, 184, 107, 118, 127, 141, 211, 103, 154, 22, 27, 196, 102,
       110, 120, 116, 237, 31, 230, 255, 101, 36, 98, 251, 198, 240, 69,
       104, 241, 199, 228, 106, 111, 152, 99, 134, 62, 64, 243, 97, 209,
       126, 114, 236, 52, 254, 9, 240, 233, 104, 101, 172, 229, 0, 166,
       243, 86, 104, 72, 188, 189, 123, 253, 241, 181, 247, 158, 119, 45,
       181, 236, 253, 106, 74, 195, 123, 235, 16, 54, 109, 250, 179, 111,
       215, 87, 107, 210, 92, 239, 219, 130, 138, 18, 155, 215, 229, 177,
       199, 31, 23, 80, 147, 172, 134, 102, 76, 253, 59, 131, 144, 54,
       220, 82, 243, 13, 22, 154, 67, 144, 76, 165, 222, 104, 189, 191,
       87, 189, 244, 183, 183, 238, 125, 190, 36, 248, 253, 100, 98, 197,
       114, 255, 16, 243, 105, 251, 191, 111, 191, 55, 243, 146, 90, 244,
       123, 117, 91, 235, 238, 44, 0, 79, 252, 197, 74, 252, 238, 115,
       225, 177, 114, 94, 228, 124, 238, 201, 163, 238, 171, 240, 237,
       231, 152, 61, 187, 112, 113, 67, 149, 89, 155, 250, 173, 187, 191,
       29, 113, 57, 252, 245, 118, 174, 113, 151, 19, 30, 60, 183, 10,
       125, 255, 172, 158, 58, 252, 220, 136, 129, 125, 33, 134, 77, 237,
       244, 15, 239, 59, 94, 174, 122, 197, 211, 105, 144, 64, 93, 78,
       38, 45, 248, 184, 77, 31, 108, 191, 231, 196, 92, 170, 208, 160,
       130, 157, 52, 187, 157, 247, 184, 175, 31, 61, 82, 19, 236, 254,
       46, 77, 205, 27, 187, 17, 54, 216, 91, 245, 175, 82, 159, 103,
       146, 12, 157, 214, 45, 179, 249, 67, 244, 157, 107, 223, 123, 97,
       124, 14, 27, 173, 92, 60, 127, 138, 98, 156, 155, 58, 255, 243,
       95, 221, 21, 108, 203, 138, 194, 240, 173, 217, 183, 247, 237, 84,
       253, 148, 215, 250, 118, 20, 121, 253, 219, 235, 205, 110, 183,
       94, 227, 244, 187, 161, 79, 251, 245, 129, 207, 255, 248, 249,
       210, 188, 158, 190, 139, 252, 53, 103, 191, 95, 165, 56, 174, 182,
       98, 223, 163, 179, 232, 3, 99, 79, 186, 115, 145, 211, 94, 59, 8,
       64, 167, 126, 98, 56, 189, 186, 222, 229, 186, 198, 138, 121, 153,
       235, 52, 255, 109, 10, 173, 83, 83, 145, 134, 11, 218, 241, 21,
       22, 154, 186, 149, 91, 7, 155, 8, 16, 107, 251, 94, 203, 233, 113,
       12, 228, 215, 162, 185, 159, 176, 105, 104, 184, 63, 185, 1, 185,
       97, 216, 222, 143, 250, 133, 181, 138, 117, 249, 167, 237, 198,
       11, 221, 63, 166, 232, 94, 226, 219, 86, 208, 248, 159, 164, 249,
       78, 114, 255, 247, 180, 93, 242, 62, 14, 143, 229, 237, 127, 217,
       148, 198, 220, 147, 154, 255, 99, 182, 206, 158, 39, 216, 59, 204,
       254, 37, 73, 251, 95, 219, 19, 48, 75, 26, 242, 189, 22, 95, 123,
       148, 121, 165, 150, 198, 156, 150, 158, 249, 70, 238, 239, 191,
       27, 251, 17, 204, 250, 40, 215, 233, 71, 79, 163, 122, 207, 26,
       231, 189, 178, 223, 79, 192, 116, 227, 134, 124, 255, 88, 106,
       240, 140, 87, 255, 51, 12, 108, 12, 23, 179, 66, 80, 180, 222, 68,
       122, 216, 58, 184, 58, 251, 253, 37, 109, 226, 243, 230, 235, 81,
       49, 58, 224, 50, 205, 113, 81, 168, 236, 60, 40, 183, 159, 66,
       112, 166, 57, 93, 80, 198, 57, 176, 84, 249, 201, 42, 246, 64, 2,
       7, 91, 135, 207, 165, 151, 234, 18, 175, 168, 251, 254, 155, 230,
       109, 238, 221, 231, 55, 103, 122, 239, 225, 65, 175, 255, 44, 86,
       207, 134, 37, 119, 183, 245, 193, 189, 204, 189, 236, 172, 232,
       55, 190, 83, 78, 213, 189, 163, 82, 67, 97, 46, 123, 13, 183, 248,
       215, 241, 204, 59, 210, 0, 140, 196, 219, 216, 142, 74, 37, 185,
       44, 66, 173, 188, 140, 82, 210, 242, 221, 15, 177, 75, 238, 17,
       59, 235, 224, 133, 67, 217, 192, 122, 218, 132, 20, 189, 53, 241,
       65, 172, 159, 177, 108, 252, 232, 55, 254, 83, 106, 16, 191, 184,
       82, 235, 225, 42, 122, 13, 183, 252, 246, 247, 141, 63, 82, 96,
       140, 200, 217, 204, 181, 73, 11, 158, 13, 133, 70, 80, 212, 10,
       192, 2, 51, 192, 49, 64, 200, 232, 19, 206, 104, 175, 82, 187,
       241, 36, 138, 8, 17, 59, 112, 138, 182, 141, 242, 166, 199, 46,
       222, 231, 25, 35, 251, 155, 75, 108, 60, 1, 255, 211, 151, 167,
       124, 190, 89, 238, 251, 222, 220, 19, 229, 254, 240, 10, 129, 160,
       181, 89, 189, 252, 224, 7, 254, 83, 242, 16, 190, 150, 84, 251,
       233, 147, 122, 24, 55, 237, 243, 67, 141, 186, 82, 64, 192, 8,
       225, 108, 1, 171, 255, 217, 228, 137, 237, 151, 238, 89, 86, 246,
       181, 225, 212, 110, 103, 110, 62, 29, 147, 248, 231, 241, 76, 56,
       246, 232, 140, 216, 209, 249, 246, 116, 253, 101, 238, 127, 95,
       252, 19, 254, 180, 42, 83, 61, 223, 187, 95, 212, 223, 239, 233,
       119, 249, 58, 255, 203, 229, 182, 245, 249, 86, 123, 95, 254, 190,
       182, 187, 22, 22, 184, 251, 254, 150, 117, 206, 250, 107, 203,
       151, 103, 253, 119, 244, 69, 155, 255, 250, 119, 111, 254, 138,
       116, 25, 87, 118, 55, 14, 12, 58, 11, 18, 40, 63, 168, 195, 237,
       199, 228, 143, 215, 246, 197, 237, 102, 108, 211, 201, 12, 184,
       247, 75, 151, 72, 47, 9, 23, 40, 227, 91, 97, 116, 143, 102, 180,
       105, 40, 118, 77, 187, 11, 144, 16, 152, 140, 70, 110, 201, 176,
       80, 29, 231, 221, 33, 32, 106, 138, 70, 185, 0, 160, 94, 153, 78,
       139, 233, 99, 46, 177, 226, 3, 149, 130, 48, 64, 106, 173, 106,
       129, 18, 251, 215, 85, 220, 162, 154, 64, 61, 8, 115, 138, 32, 32,
       223, 189, 94, 137, 232, 74, 110, 49, 226, 2, 165, 130, 20, 201,
       104, 137, 106, 145, 2, 251, 71, 81, 156, 162, 154, 49, 245, 8,
       123, 136, 37, 166, 200, 131, 188, 171, 202, 137, 22, 117, 153,
       155, 211, 72, 222, 8, 89, 138, 23, 29, 158, 48, 79, 23, 14, 30,
       181, 245, 181, 203, 208, 196, 164, 190, 188, 252, 188, 63, 196,
       187, 214, 186, 148, 120, 242, 248, 89, 43, 217, 254, 108, 57, 252,
       103, 235, 187, 233, 223, 245, 127, 208, 104, 220, 39, 252, 49, 58,
       32, 120, 203, 83, 88, 178, 228, 181, 41, 87, 223, 75, 16, 186,
       185, 85, 115, 76, 35, 184, 28, 219, 197, 33, 61, 96, 163, 70, 83,
       149, 221, 237, 247, 182, 54, 126, 182, 119, 179, 126, 50, 113,
       125, 157, 105, 127, 94, 53, 154, 245, 248, 61, 174, 111, 239, 247,
       196, 167, 241, 240, 219, 16, 160, 215, 145, 78, 139, 224, 66, 110,
       53, 226, 10, 135, 130, 48, 204, 107, 141, 106, 136, 2, 255, 197,
       209, 148, 166, 218, 100, 197, 8, 97, 168, 188, 108, 193, 183, 148,
       43, 239, 182, 118, 163, 202, 210, 243, 33, 17, 0, 121, 238, 37,
       235, 41, 252, 77, 46, 236, 230, 181, 0, 237, 249, 210, 168, 41,
       154, 233, 245, 244, 187, 239, 151, 86, 235, 118, 246, 115, 45,
       144, 104, 127, 238, 54, 140, 185, 248, 101, 47, 78, 239, 245, 192,
       239, 216, 208, 121, 9, 18, 220, 237, 52, 11, 105, 59, 118, 225,
       246, 246, 215, 8, 144, 96, 126, 141, 110, 41, 173, 188, 101, 78,
       204, 239, 50, 4, 108, 136, 73, 25, 128, 34, 78, 145, 76, 137, 232,
       67, 62, 17, 242, 210, 149, 130, 80, 73, 106, 173, 106, 157, 2,
       254, 195, 64, 156, 34, 218, 64, 5, 136, 105, 136, 180, 69, 123,
       246, 212, 98, 79, 231, 85, 130, 250, 18, 83, 41, 53, 121, 251,
       207, 21, 186, 120, 182, 17, 46, 179, 174, 180, 4, 229, 249, 240,
       160, 206, 79, 237, 183, 172, 56, 239, 151, 137, 119, 31, 247, 205,
       110, 219, 79, 71, 71, 253, 207, 245, 84, 239, 226, 230, 115, 254,
       128, 142, 255, 157, 117, 83, 98, 3, 141, 26, 27, 170, 104, 60,
       224, 218, 231, 206, 134, 129, 192, 126, 141, 238, 229, 141, 145,
       69, 76, 146, 52, 11, 150, 72, 174, 41, 85, 232, 48, 58, 112, 105,
       205, 113, 83, 235, 125, 37, 24, 191, 159, 66, 27, 132, 54, 85, 24,
       2, 121, 176, 0, 199, 217, 16, 57, 194, 128, 78, 243, 9, 243, 212,
       213, 114, 138, 171, 190, 62, 237, 86, 246, 253, 99, 128, 68, 55,
