%YAML:1.0
---
descriptors: !!opencv-matrix
   rows: 306
   cols: 32
   dt: u
   data: [ 155, 37, 111, 160, 149, 119, 233, 79, 85, 193, 222, 19, 25,
       156, 118, 41, 121, 138, 19, 189, 191, 251, 53, 198, 91, 75, 158,
       196, 175, 140, 240, 230, 45, 118, 189, 103, 164, 31, 231, 48, 94,
       235, 62, 76, 247, 61, 145, 170, 156, 68, 110, 46, 129, 240, 241,
       10, 239, 223, 101, 16, 202, 250, 83, 249, 40, 165, 97, 42, 124,
       201, 235, 96, 142, 97, 185, 137, 187, 205, 124, 144, 152, 171,
       219, 117, 19, 43, 92, 127, 125, 29, 32, 120, 85, 15, 215, 242,
       189, 13, 47, 250, 157, 231, 203, 97, 213, 192, 205, 2, 115, 249,
       51, 97, 216, 162, 27, 189, 57, 171, 114, 158, 219, 251, 138, 72,
       152, 11, 112, 98, 65, 201, 142, 29, 137, 156, 164, 7, 238, 81,
       138, 68, 166, 162, 86, 202, 192, 39, 104, 29, 151, 41, 211, 97,
       140, 117, 94, 82, 200, 0, 137, 28, 81, 171, 140, 53, 140, 28, 40,
       150, 230, 253, 130, 205, 167, 168, 83, 74, 132, 103, 236, 85, 158,
       201, 215, 32, 204, 99, 255, 113, 200, 56, 153, 92, 60, 19, 90,
       232, 116, 143, 83, 121, 33, 12, 253, 15, 87, 219, 42, 16, 252,
       184, 5, 106, 92, 179, 0, 29, 243, 201, 33, 88, 121, 170, 102, 147,
       71, 12, 172, 53, 140, 62, 141, 159, 134, 247, 134, 141, 211, 44,
       83, 75, 133, 71, 121, 149, 157, 201, 247, 32, 200, 99, 255, 149,
       140, 124, 153, 88, 87, 178, 172, 164, 56, 5, 25, 56, 130, 244,
       128, 173, 193, 238, 82, 2, 215, 197, 125, 181, 140, 67, 255, 16,
       216, 65, 239, 253, 156, 160, 23, 82, 140, 223, 159, 127, 242, 38,
       246, 255, 94, 10, 120, 118, 124, 249, 41, 65, 183, 123, 23, 46,
       241, 188, 26, 127, 111, 175, 101, 196, 249, 243, 225, 179, 42,
       242, 102, 136, 127, 115, 184, 200, 143, 93, 220, 167, 104, 204,
       63, 140, 254, 153, 223, 177, 134, 183, 103, 209, 19, 83, 154, 239,
       87, 14, 61, 215, 9, 89, 247, 77, 36, 14, 239, 49, 237, 8, 118, 96,
       223, 53, 177, 100, 38, 116, 126, 74, 193, 184, 51, 104, 101, 186,
       98, 128, 66, 177, 197, 33, 247, 246, 172, 165, 136, 21, 159, 152,
       18, 254, 128, 205, 195, 236, 83, 27, 221, 197, 125, 247, 238, 71,
       255, 16, 169, 65, 237, 252, 152, 124, 31, 84, 209, 69, 7, 172,
       130, 2, 14, 109, 52, 130, 202, 198, 117, 34, 33, 211, 118, 197,
       104, 238, 109, 215, 133, 78, 176, 162, 206, 0, 40, 242, 169, 12,
       143, 185, 167, 211, 195, 84, 188, 203, 63, 51, 86, 178, 108, 190,
       124, 233, 255, 155, 179, 145, 247, 92, 59, 211, 31, 91, 223, 199,
       151, 68, 189, 206, 11, 50, 46, 153, 125, 149, 184, 74, 204, 205,
       212, 167, 169, 204, 54, 129, 238, 41, 215, 181, 166, 235, 118,
       204, 30, 89, 187, 171, 223, 12, 125, 223, 246, 149, 105, 234, 180,
       198, 223, 173, 29, 76, 209, 23, 90, 92, 62, 81, 222, 145, 21, 247,
       248, 47, 125, 223, 251, 57, 174, 215, 61, 14, 244, 83, 187, 76,
       107, 252, 66, 82, 237, 119, 21, 67, 196, 147, 57, 15, 48, 113,
       110, 185, 147, 173, 233, 159, 52, 207, 115, 107, 218, 128, 63,
       212, 176, 248, 253, 82, 239, 245, 164, 42, 105, 146, 216, 250, 22,
       246, 215, 163, 241, 107, 87, 228, 61, 124, 169, 245, 165, 138,
       206, 235, 247, 132, 172, 249, 80, 121, 25, 188, 59, 242, 189, 253,
       81, 87, 223, 121, 172, 28, 190, 189, 66, 40, 137, 59, 125, 17, 27,
       105, 242, 183, 219, 221, 16, 122, 218, 72, 129, 122, 20, 149, 58,
       171, 188, 247, 178, 232, 30, 76, 221, 35, 215, 254, 42, 64, 254,
       57, 159, 115, 30, 179, 24, 159, 251, 197, 171, 125, 181, 11, 61,
       211, 105, 32, 82, 97, 113, 62, 122, 88, 61, 97, 111, 12, 95, 10,
       142, 176, 180, 12, 210, 28, 151, 152, 17, 14, 22, 255, 16, 68,
       202, 134, 74, 148, 6, 232, 144, 155, 109, 197, 186, 232, 30, 180,
       80, 3, 236, 218, 105, 13, 216, 121, 163, 83, 6, 114, 218, 241, 13,
       16, 207, 107, 150, 47, 61, 142, 201, 229, 94, 178, 112, 198, 123,
       17, 49, 233, 247, 61, 119, 215, 202, 17, 178, 175, 85, 254, 123,
       214, 136, 109, 254, 169, 165, 224, 40, 130, 234, 83, 56, 167, 73,
       165, 223, 79, 78, 105, 3, 228, 136, 143, 75, 109, 82, 144, 57,
       205, 195, 231, 92, 58, 221, 159, 251, 197, 141, 61, 119, 238, 94,
       216, 53, 63, 236, 39, 164, 11, 206, 60, 96, 234, 155, 239, 211,
       40, 211, 3, 30, 230, 93, 255, 205, 240, 205, 44, 236, 75, 237,
       148, 109, 255, 90, 89, 242, 249, 19, 178, 41, 221, 18, 228, 171,
       232, 176, 41, 174, 158, 70, 182, 196, 241, 253, 82, 79, 15, 250,
       243, 155, 208, 159, 251, 2, 31, 15, 95, 126, 248, 18, 254, 43,
       225, 17, 200, 171, 16, 168, 41, 46, 215, 97, 29, 239, 179, 205,
       128, 11, 75, 154, 241, 243, 243, 11, 59, 50, 83, 47, 19, 165, 111,
       237, 35, 180, 31, 206, 184, 64, 234, 146, 78, 211, 8, 215, 171,
       28, 228, 92, 127, 237, 244, 77, 140, 44, 75, 229, 180, 205, 251,
       90, 157, 134, 255, 191, 178, 238, 232, 183, 231, 234, 159, 25, 59,
       252, 255, 237, 43, 163, 123, 119, 19, 114, 109, 170, 227, 125, 2,
       255, 239, 132, 115, 183, 235, 152, 48, 181, 237, 43, 64, 49, 89,
       165, 221, 214, 178, 157, 23, 194, 207, 102, 157, 255, 192, 42,
       205, 227, 193, 197, 241, 122, 131, 34, 164, 37, 243, 139, 33, 232,
       213, 199, 52, 248, 119, 91, 245, 84, 146, 136, 44, 214, 47, 175,
       63, 179, 141, 148, 120, 247, 192, 15, 123, 218, 227, 199, 204,
       223, 206, 172, 230, 125, 99, 116, 15, 107, 184, 125, 58, 119, 88,
       243, 3, 152, 49, 27, 78, 70, 106, 235, 244, 105, 61, 199, 219,
       116, 4, 106, 155, 66, 169, 6, 238, 162, 159, 69, 176, 190, 204,
       30, 7, 89, 135, 232, 236, 62, 192, 249, 107, 147, 199, 134, 146,
       46, 243, 36, 52, 158, 171, 21, 127, 181, 198, 43, 127, 107, 106,
       89, 148, 239, 246, 233, 72, 252, 68, 185, 15, 22, 244, 204, 187,
       215, 204, 201, 171, 112, 253, 119, 253, 134, 8, 75, 146, 98, 248,
       94, 254, 179, 178, 187, 228, 191, 254, 171, 95, 24, 231, 236, 255,
       74, 134, 183, 83, 249, 147, 194, 9, 154, 227, 249, 84, 15, 238,
       130, 87, 167, 251, 40, 249, 179, 59, 233, 205, 53, 223, 190, 89,
       116, 109, 190, 253, 104, 152, 151, 123, 183, 16, 67, 120, 154, 49,
       111, 215, 116, 171, 210, 92, 135, 251, 57, 247, 107, 101, 116,
       143, 107, 240, 69, 72, 124, 238, 83, 73, 152, 48, 126, 232, 23,
       238, 201, 182, 108, 61, 118, 205, 160, 128, 111, 155, 114, 185,
       90, 25, 62, 238, 123, 246, 184, 64, 174, 77, 223, 35, 124, 191,
       35, 192, 230, 183, 191, 193, 148, 139, 179, 212, 211, 229, 42,
       219, 16, 3, 45, 91, 235, 219, 100, 116, 41, 92, 93, 191, 187, 126,
       180, 189, 106, 61, 214, 183, 135, 215, 253, 69, 239, 77, 179, 245,
       107, 123, 84, 187, 106, 148, 206, 127, 85, 91, 122, 229, 46, 11,
       95, 120, 76, 236, 151, 239, 215, 221, 183, 96, 126, 229, 127, 111,
       205, 181, 45, 248, 242, 137, 171, 176, 61, 187, 81, 113, 14, 164,
       144, 155, 213, 243, 190, 207, 31, 19, 73, 19, 204, 254, 108, 196,
       217, 91, 147, 147, 54, 144, 75, 243, 45, 22, 143, 103, 150, 95,
       189, 134, 27, 91, 123, 239, 54, 223, 255, 112, 237, 200, 254, 198,
       255, 79, 55, 161, 190, 245, 223, 239, 197, 187, 52, 236, 243, 249,
       42, 130, 79, 183, 107, 253, 53, 18, 105, 204, 116, 107, 75, 89,
       91, 232, 245, 238, 83, 77, 189, 48, 92, 168, 23, 44, 137, 182,
       100, 30, 86, 141, 161, 180, 125, 170, 82, 177, 177, 95, 107, 77,
       118, 131, 239, 240, 85, 224, 116, 230, 115, 65, 181, 37, 126, 232,
       22, 238, 233, 182, 100, 63, 118, 136, 161, 128, 125, 187, 114,
       249, 33, 121, 121, 77, 100, 143, 235, 216, 69, 32, 116, 70, 49,
       133, 181, 36, 94, 248, 18, 106, 193, 178, 116, 57, 103, 140, 32,
       36, 119, 187, 118, 248, 93, 90, 58, 229, 5, 15, 127, 80, 108, 232,
       223, 79, 223, 157, 51, 96, 52, 245, 255, 111, 201, 177, 57, 168,
       243, 233, 43, 16, 42, 187, 25, 80, 18, 201, 54, 190, 31, 208, 190,
       230, 143, 4, 206, 3, 172, 222, 39, 196, 224, 123, 187, 195, 70,
       137, 50, 253, 179, 244, 138, 11, 18, 31, 45, 78, 9, 18, 111, 217,
