%YAML:1.0
---
descriptors: !!opencv-matrix
   rows: 311
   cols: 32
   dt: u
   data: [ 75, 95, 237, 71, 98, 26, 255, 181, 44, 196, 94, 230, 249, 38,
       155, 98, 54, 86, 191, 239, 193, 152, 237, 109, 102, 111, 238, 128,
       47, 246, 129, 249, 252, 240, 253, 234, 42, 75, 83, 200, 227, 246,
       181, 56, 95, 223, 73, 59, 179, 213, 253, 114, 57, 103, 251, 16,
       219, 203, 97, 125, 241, 163, 71, 115, 32, 191, 91, 203, 242, 165,
       170, 199, 30, 9, 120, 226, 180, 198, 164, 112, 254, 59, 2, 24, 19,
       154, 32, 127, 47, 140, 38, 232, 144, 10, 229, 185, 1, 157, 63,
       171, 182, 139, 167, 247, 124, 64, 90, 103, 183, 121, 48, 64, 120,
       43, 26, 101, 243, 184, 69, 63, 236, 164, 34, 64, 92, 10, 177, 139,
       218, 254, 62, 250, 59, 245, 26, 230, 191, 29, 164, 57, 47, 223,
       99, 147, 167, 243, 237, 210, 46, 79, 138, 247, 251, 211, 95, 123,
       50, 21, 47, 11, 122, 133, 41, 186, 157, 217, 145, 111, 159, 85,
       204, 25, 174, 221, 38, 64, 201, 187, 251, 1, 122, 43, 242, 183,
       211, 213, 26, 123, 82, 76, 150, 250, 231, 48, 253, 81, 234, 108,
       177, 152, 186, 255, 183, 189, 94, 61, 79, 59, 167, 85, 253, 18,
       161, 71, 187, 64, 95, 11, 117, 246, 200, 225, 7, 115, 215, 114,
       255, 68, 42, 78, 29, 156, 169, 254, 182, 237, 95, 23, 199, 123,
       166, 213, 125, 238, 233, 197, 183, 72, 211, 187, 101, 146, 14,
       241, 38, 121, 34, 176, 39, 73, 89, 71, 177, 107, 159, 250, 244,
       10, 24, 157, 100, 37, 205, 24, 83, 161, 227, 239, 115, 221, 29,
       26, 217, 174, 91, 36, 54, 191, 20, 9, 123, 228, 66, 98, 107, 88,
       36, 164, 255, 2, 119, 7, 33, 80, 122, 156, 7, 234, 8, 146, 49, 12,
       209, 165, 163, 0, 37, 227, 36, 114, 194, 156, 158, 216, 203, 237,
       48, 79, 191, 27, 164, 25, 12, 159, 102, 91, 161, 19, 235, 16, 50,
       79, 18, 209, 223, 19, 82, 111, 144, 64, 175, 138, 51, 155, 227,
       78, 245, 150, 239, 245, 127, 201, 250, 230, 104, 236, 180, 244,
       126, 238, 23, 236, 153, 187, 61, 239, 59, 62, 134, 194, 239, 166,
       242, 253, 53, 17, 93, 101, 246, 74, 111, 25, 101, 224, 127, 64,
       83, 55, 137, 48, 58, 148, 22, 104, 17, 176, 117, 12, 229, 237, 33,
       4, 237, 178, 198, 160, 85, 123, 138, 164, 16, 36, 91, 24, 34, 200,
       10, 77, 247, 231, 67, 80, 52, 237, 61, 222, 141, 16, 145, 40, 248,
       165, 175, 136, 168, 243, 35, 82, 199, 111, 74, 133, 110, 27, 236,
       254, 125, 234, 250, 238, 155, 42, 147, 99, 110, 205, 126, 237,
       237, 250, 197, 206, 180, 187, 239, 132, 45, 248, 105, 149, 74,
       241, 252, 118, 41, 92, 157, 156, 235, 221, 181, 13, 175, 253, 94,
       186, 134, 95, 253, 65, 214, 104, 250, 161, 239, 217, 116, 187,
       198, 150, 143, 251, 57, 70, 88, 111, 116, 11, 79, 252, 85, 32,
       125, 106, 123, 75, 185, 145, 126, 216, 22, 234, 104, 178, 73, 31,
       246, 205, 160, 4, 119, 187, 90, 137, 185, 31, 126, 237, 246, 3,
       127, 127, 116, 238, 254, 166, 83, 39, 179, 113, 126, 220, 63, 232,
       236, 250, 101, 28, 118, 171, 231, 133, 61, 248, 124, 249, 57, 103,
       88, 238, 52, 27, 75, 252, 97, 36, 252, 10, 99, 67, 139, 52, 122,
       200, 68, 238, 76, 51, 108, 63, 242, 205, 33, 61, 115, 187, 106,
       204, 239, 207, 200, 215, 252, 26, 111, 184, 51, 130, 191, 202,
       123, 99, 221, 247, 119, 230, 127, 110, 249, 82, 207, 239, 62, 255,
       229, 172, 239, 251, 200, 172, 239, 161, 113, 67, 253, 27, 198,
       233, 123, 168, 177, 104, 74, 88, 220, 180, 155, 156, 84, 122, 243,
       118, 233, 223, 63, 94, 5, 246, 71, 38, 82, 165, 40, 233, 16, 250,
       93, 213, 210, 236, 203, 61, 168, 8, 46, 210, 110, 52, 153, 107,
       66, 82, 70, 43, 154, 247, 187, 212, 135, 127, 82, 11, 111, 142,
       75, 255, 175, 251, 184, 252, 61, 255, 174, 85, 206, 148, 253, 231,
       218, 114, 103, 255, 251, 156, 147, 73, 191, 243, 255, 39, 255,
       232, 142, 212, 167, 248, 73, 132, 175, 255, 173, 244, 253, 143,
       246, 215, 206, 18, 249, 255, 122, 106, 225, 119, 251, 157, 50,
       201, 187, 243, 127, 255, 223, 76, 150, 212, 245, 224, 244, 77, 76,
       198, 142, 123, 70, 254, 117, 242, 238, 142, 67, 32, 159, 125, 123,
       198, 110, 238, 125, 251, 255, 166, 182, 226, 197, 21, 111, 251,
       220, 76, 17, 217, 121, 71, 20, 207, 231, 188, 116, 72, 242, 64,
       243, 84, 157, 48, 124, 220, 78, 106, 203, 176, 125, 63, 229, 172,
       36, 0, 101, 154, 86, 236, 204, 215, 29, 45, 176, 14, 191, 185, 56,
       122, 115, 245, 215, 111, 136, 17, 151, 85, 117, 102, 241, 212, 25,
       63, 228, 243, 107, 196, 72, 161, 131, 209, 181, 199, 111, 71, 182,
       42, 111, 248, 117, 202, 251, 246, 83, 97, 153, 101, 127, 206, 46,
       238, 249, 180, 109, 46, 190, 238, 231, 132, 237, 251, 240, 33,
       180, 108, 86, 255, 70, 11, 238, 236, 117, 162, 242, 26, 99, 73,
       61, 201, 251, 252, 79, 226, 104, 247, 73, 191, 176, 234, 199, 20,
       101, 249, 112, 128, 129, 95, 31, 213, 116, 159, 236, 119, 236,
       232, 254, 70, 189, 167, 181, 231, 110, 46, 126, 140, 225, 184, 49,
       206, 167, 186, 182, 128, 14, 184, 105, 237, 109, 220, 26, 184,
       185, 237, 23, 206, 159, 27, 188, 29, 190, 179, 35, 81, 205, 243,
       206, 16, 106, 47, 82, 243, 249, 215, 30, 123, 154, 92, 171, 11,
       252, 117, 248, 102, 187, 82, 87, 248, 49, 238, 189, 171, 127, 127,
       139, 50, 255, 215, 253, 98, 124, 67, 233, 174, 251, 255, 37, 191,
       231, 247, 198, 123, 58, 125, 59, 236, 81, 215, 87, 230, 61, 196,
       238, 11, 62, 191, 35, 112, 248, 255, 155, 193, 89, 155, 112, 238,
       243, 245, 158, 11, 11, 22, 38, 250, 29, 205, 213, 247, 180, 10,
       111, 190, 119, 163, 186, 226, 255, 107, 145, 226, 127, 247, 95,
       79, 251, 248, 77, 239, 236, 255, 231, 132, 230, 249, 136, 40, 252,
       37, 195, 191, 220, 107, 239, 107, 116, 166, 235, 18, 83, 98, 25,
       217, 121, 238, 106, 170, 56, 247, 221, 10, 244, 167, 231, 5, 229,
       107, 248, 128, 59, 65, 104, 225, 118, 27, 251, 80, 69, 96, 245,
       138, 27, 29, 191, 36, 126, 152, 23, 239, 200, 178, 117, 204, 86,
       201, 162, 132, 119, 142, 112, 244, 9, 21, 55, 255, 117, 140, 189,
       117, 188, 73, 127, 20, 188, 183, 40, 100, 236, 59, 59, 137, 241,
       152, 50, 207, 117, 190, 154, 0, 10, 2, 161, 187, 93, 69, 106, 228,
       118, 82, 110, 120, 113, 224, 127, 130, 93, 175, 187, 240, 118,
       221, 148, 234, 205, 145, 53, 204, 242, 237, 170, 133, 39, 163, 45,
       112, 50, 142, 234, 235, 148, 243, 255, 255, 21, 39, 254, 162, 99,
       47, 182, 100, 123, 254, 23, 184, 24, 187, 45, 191, 254, 239, 134,
       193, 247, 202, 252, 220, 128, 187, 27, 247, 112, 141, 113, 55, 57,
       13, 112, 88, 183, 147, 0, 16, 164, 59, 4, 8, 82, 188, 16, 7, 197,
       221, 48, 64, 64, 0, 199, 171, 95, 154, 237, 117, 51, 94, 121, 178,
       115, 253, 23, 180, 91, 61, 214, 255, 167, 85, 189, 29, 165, 220,
       173, 140, 79, 251, 113, 199, 174, 165, 4, 117, 157, 198, 229, 183,
       182, 42, 239, 184, 125, 194, 127, 246, 219, 99, 153, 237, 127,
       198, 30, 238, 249, 240, 109, 238, 188, 239, 231, 132, 175, 243,
       240, 225, 190, 32, 184, 242, 169, 249, 80, 202, 171, 63, 165, 25,
       14, 218, 79, 158, 137, 155, 206, 16, 62, 71, 234, 210, 155, 221,
       81, 127, 210, 69, 79, 71, 107, 48, 184, 126, 120, 44, 152, 25, 43,
       89, 45, 93, 252, 253, 90, 58, 150, 25, 245, 5, 147, 66, 218, 193,
       215, 253, 24, 190, 216, 66, 139, 19, 74, 217, 183, 118, 67, 204,
       53, 103, 169, 132, 230, 0, 60, 183, 32, 247, 34, 119, 251, 64, 64,
       201, 178, 237, 243, 242, 84, 3, 98, 52, 167, 107, 6, 205, 148,
       151, 213, 18, 182, 167, 30, 147, 83, 19, 204, 120, 110, 203, 193,
       91, 163, 211, 54, 216, 27, 226, 45, 22, 223, 67, 148, 125, 189,
       142, 88, 128, 156, 117, 49, 122, 97, 59, 117, 171, 119, 56, 207,
       51, 130, 252, 19, 36, 236, 40, 56, 252, 97, 15, 206, 255, 113,
       195, 226, 160, 74, 33, 131, 141, 190, 209, 157, 190, 109, 135,
       239, 149, 142, 16, 176, 179, 50, 103, 201, 118, 123, 24, 50, 233,
