%YAML:1.0
---
descriptors: !!opencv-matrix
   rows: 312
   cols: 32
   dt: u
   data: [ 148, 20, 254, 252, 202, 98, 117, 83, 180, 142, 247, 50, 85,
       255, 43, 123, 251, 181, 119, 160, 56, 215, 34, 10, 83, 163, 114,
       129, 225, 112, 166, 163, 8, 189, 155, 188, 177, 228, 187, 135,
       174, 201, 74, 0, 189, 183, 97, 96, 231, 123, 57, 144, 3, 137, 178,
       255, 233, 245, 30, 10, 136, 64, 37, 187, 189, 207, 111, 47, 180,
       43, 207, 250, 116, 238, 254, 226, 83, 105, 177, 193, 123, 206,
       110, 239, 232, 182, 77, 46, 252, 239, 165, 132, 245, 251, 240, 97,
       160, 151, 93, 111, 242, 14, 191, 57, 56, 75, 115, 253, 215, 111,
       140, 17, 22, 87, 117, 102, 241, 148, 73, 15, 100, 171, 108, 132,
       76, 130, 131, 209, 202, 165, 177, 250, 203, 221, 21, 239, 223,
       177, 172, 24, 190, 255, 72, 56, 129, 27, 251, 16, 82, 75, 250,
       243, 255, 215, 31, 127, 146, 72, 135, 170, 95, 152, 124, 113, 41,
       182, 90, 184, 239, 120, 135, 76, 220, 31, 85, 251, 135, 21, 253,
       247, 159, 69, 155, 213, 139, 251, 75, 246, 30, 167, 11, 23, 72,
       183, 146, 183, 169, 172, 48, 7, 175, 173, 171, 77, 238, 171, 74,
       210, 129, 119, 232, 16, 22, 9, 218, 225, 159, 247, 30, 123, 138,
       70, 141, 26, 33, 165, 121, 109, 180, 139, 230, 63, 101, 40, 250,
       96, 243, 73, 148, 240, 122, 190, 78, 104, 217, 184, 77, 31, 46,
       237, 36, 68, 109, 138, 202, 168, 105, 41, 104, 70, 121, 157, 91,
       8, 203, 176, 173, 8, 190, 221, 87, 182, 7, 120, 251, 78, 130, 97,
       254, 29, 95, 25, 1, 61, 86, 167, 74, 164, 124, 93, 95, 254, 212,
       78, 71, 118, 21, 174, 222, 2, 119, 117, 49, 65, 124, 246, 63, 106,
       120, 251, 113, 174, 249, 175, 229, 128, 229, 251, 116, 43, 92, 81,
       123, 237, 18, 74, 107, 112, 36, 64, 103, 130, 127, 71, 41, 112,
       50, 188, 12, 234, 73, 144, 49, 12, 241, 225, 34, 0, 57, 163, 39,
       48, 61, 249, 215, 69, 252, 22, 238, 248, 99, 232, 250, 70, 89,
       242, 181, 244, 122, 236, 38, 238, 217, 251, 189, 204, 62, 238,
       231, 68, 239, 179, 234, 165, 254, 60, 151, 190, 137, 229, 28, 202,
       187, 151, 160, 29, 239, 231, 105, 91, 205, 243, 239, 148, 62, 71,
       218, 179, 153, 211, 223, 123, 144, 117, 167, 82, 22, 92, 179, 186,
       246, 231, 191, 198, 28, 103, 210, 51, 213, 63, 41, 88, 255, 223,
       31, 145, 51, 211, 121, 238, 249, 166, 254, 196, 144, 89, 165, 251,
       88, 221, 31, 237, 179, 207, 87, 181, 164, 40, 158, 32, 119, 55,
       32, 81, 228, 246, 93, 98, 89, 137, 17, 61, 249, 227, 100, 80, 50,
       26, 164, 59, 181, 117, 101, 69, 116, 15, 239, 120, 116, 224, 115,
       204, 83, 84, 157, 53, 126, 220, 86, 106, 233, 180, 117, 14, 36,
       136, 161, 132, 101, 187, 82, 180, 98, 185, 96, 94, 93, 217, 211,
       103, 185, 68, 248, 141, 163, 12, 22, 20, 8, 178, 211, 65, 206, 42,
       118, 189, 55, 20, 144, 27, 69, 12, 86, 222, 21, 142, 237, 183,
       180, 10, 239, 184, 118, 238, 214, 231, 81, 105, 147, 73, 123, 204,
       46, 255, 232, 240, 109, 206, 252, 47, 231, 132, 165, 250, 112,
       224, 53, 95, 110, 205, 182, 67, 239, 255, 84, 236, 254, 230, 83,
       117, 183, 101, 126, 196, 62, 234, 232, 177, 101, 158, 116, 174,
       167, 132, 119, 250, 116, 233, 95, 95, 71, 165, 162, 6, 110, 187,
       44, 226, 218, 231, 221, 35, 147, 211, 118, 197, 125, 239, 205,
       208, 213, 204, 188, 235, 239, 132, 46, 246, 43, 25, 59, 253, 59,
       248, 221, 213, 214, 238, 143, 64, 236, 8, 62, 223, 37, 112, 217,
       251, 147, 64, 79, 43, 122, 255, 251, 221, 135, 59, 82, 90, 99,
       170, 53, 2, 106, 216, 52, 178, 73, 81, 213, 192, 245, 226, 81,
       202, 183, 104, 126, 168, 22, 188, 137, 179, 54, 204, 146, 239,
       130, 8, 181, 170, 112, 228, 138, 179, 50, 248, 233, 249, 180, 199,
       143, 61, 188, 59, 140, 159, 102, 143, 173, 27, 235, 17, 22, 107,
       34, 209, 31, 81, 90, 127, 210, 12, 141, 199, 253, 93, 107, 230,
       244, 62, 111, 244, 113, 66, 255, 90, 91, 57, 189, 116, 123, 223,
       22, 234, 253, 182, 124, 238, 119, 255, 166, 0, 239, 251, 242, 180,
       206, 150, 150, 187, 41, 188, 176, 168, 190, 27, 131, 85, 236, 234,
       10, 219, 197, 71, 235, 22, 54, 69, 219, 241, 158, 243, 91, 91,
       152, 69, 137, 19, 42, 165, 123, 188, 237, 221, 213, 111, 219, 29,
       252, 25, 46, 253, 62, 20, 201, 187, 215, 1, 94, 43, 226, 215, 215,
       247, 16, 123, 83, 12, 214, 238, 56, 67, 119, 207, 98, 74, 111,
       117, 101, 36, 247, 226, 123, 5, 176, 244, 126, 180, 142, 234, 200,
       187, 101, 237, 244, 232, 98, 128, 119, 138, 36, 233, 61, 81, 91,
       111, 70, 78, 103, 112, 100, 192, 119, 70, 83, 19, 153, 112, 58,
       172, 22, 106, 137, 176, 53, 12, 101, 173, 34, 0, 107, 179, 98,
       161, 117, 209, 99, 206, 244, 66, 111, 252, 97, 72, 249, 238, 83,
       245, 185, 116, 126, 204, 22, 238, 217, 179, 60, 45, 117, 172, 165,
       204, 119, 187, 246, 241, 56, 165, 123, 234, 117, 237, 91, 81, 59,
       13, 125, 8, 63, 223, 44, 48, 186, 187, 151, 16, 26, 186, 40, 189,
       255, 221, 34, 235, 242, 138, 198, 235, 213, 92, 156, 176, 172,
       111, 80, 154, 158, 251, 130, 29, 215, 50, 67, 75, 197, 197, 125,
       19, 44, 69, 91, 50, 217, 195, 127, 21, 152, 121, 9, 19, 189, 69,
       107, 236, 212, 35, 238, 127, 85, 162, 253, 210, 91, 233, 181, 97,
       123, 168, 23, 171, 232, 183, 5, 222, 242, 207, 163, 132, 119, 249,
       240, 128, 42, 120, 120, 72, 125, 221, 185, 84, 207, 109, 181, 15,
       184, 157, 118, 36, 174, 57, 215, 81, 130, 43, 178, 208, 87, 89,
       18, 251, 87, 142, 111, 255, 185, 95, 103, 220, 76, 209, 79, 254,
       213, 78, 212, 230, 59, 44, 183, 229, 76, 226, 62, 206, 233, 175,
       102, 191, 114, 107, 230, 152, 63, 189, 116, 249, 106, 181, 24,
       216, 249, 253, 80, 107, 159, 61, 173, 25, 14, 190, 110, 156, 201,
       155, 206, 16, 62, 107, 90, 215, 155, 213, 16, 127, 210, 12, 204,
       6, 207, 223, 175, 222, 176, 244, 191, 247, 176, 206, 221, 245,
       253, 254, 179, 103, 199, 115, 191, 135, 245, 207, 46, 238, 106,
       127, 254, 139, 134, 247, 173, 255, 199, 253, 103, 211, 237, 253,
       175, 191, 175, 250, 154, 220, 252, 246, 221, 231, 167, 87, 127,
       250, 243, 69, 255, 242, 45, 56, 207, 254, 142, 127, 129, 125, 6,
       16, 179, 186, 246, 231, 185, 65, 28, 207, 91, 247, 220, 222, 45,
       72, 255, 57, 179, 179, 145, 179, 56, 194, 85, 38, 250, 198, 157,
       75, 37, 211, 64, 185, 24, 254, 32, 140, 81, 23, 56, 13, 105, 24,
       182, 147, 0, 80, 132, 59, 45, 0, 18, 152, 210, 97, 193, 181, 50,
       72, 0, 0, 135, 43, 207, 221, 245, 115, 161, 126, 31, 191, 121,
       251, 30, 252, 223, 63, 223, 255, 151, 87, 221, 62, 245, 84, 253,
       162, 239, 223, 117, 246, 142, 247, 139, 117, 48, 145, 122, 233,
       92, 205, 249, 80, 206, 108, 252, 2, 49, 223, 126, 96, 248, 184,
       119, 216, 206, 59, 115, 149, 95, 205, 163, 105, 85, 138, 116, 218,
       44, 99, 56, 234, 108, 13, 125, 216, 235, 28, 181, 12, 143, 207,
       223, 27, 202, 201, 78, 94, 202, 99, 234, 240, 198, 217, 103, 124,
       82, 187, 71, 241, 24, 211, 86, 69, 114, 27, 183, 253, 124, 44,
       118, 230, 111, 99, 142, 212, 54, 92, 166, 104, 197, 184, 45, 141,
       110, 235, 37, 132, 111, 190, 207, 249, 122, 188, 148, 190, 173,
       237, 84, 207, 159, 247, 161, 25, 110, 255, 106, 155, 201, 243,
       253, 1, 62, 79, 218, 177, 219, 211, 93, 63, 146, 92, 158, 74, 154,
       203, 110, 188, 2, 210, 191, 228, 180, 86, 214, 163, 109, 207, 178,
       195, 106, 245, 255, 231, 108, 205, 7, 253, 240, 99, 207, 193, 39,
       181, 181, 88, 126, 172, 151, 186, 137, 229, 92, 207, 179, 159,
       168, 25, 175, 247, 104, 219, 201, 251, 237, 16, 62, 75, 218, 179,
       155, 211, 95, 123, 146, 116, 166, 82, 91, 63, 197, 165, 162, 90,
       108, 55, 45, 250, 154, 228, 255, 38, 145, 247, 102, 231, 124, 173,
       205, 216, 229, 204, 190, 250, 239, 144, 46, 244, 33, 125, 225, 79,
       85, 103, 36, 15, 102, 176, 116, 168, 242, 76, 243, 32, 145, 113,
       90, 228, 108, 110, 233, 180, 77, 46, 164, 170, 101, 16, 108, 187,
