%YAML:1.0
---
descriptors: !!opencv-matrix
   rows: 222
   cols: 32
   dt: u
   data: [ 0, 178, 149, 187, 236, 169, 168, 143, 158, 25, 80, 240, 180,
       147, 232, 200, 207, 27, 42, 17, 19, 88, 67, 209, 12, 16, 62, 234,
       156, 8, 129, 169, 119, 118, 250, 64, 117, 254, 210, 80, 251, 202,
       253, 44, 10, 220, 255, 188, 191, 252, 214, 58, 205, 247, 172, 200,
       18, 124, 0, 175, 111, 183, 106, 215, 77, 181, 49, 195, 253, 61,
       241, 25, 79, 121, 61, 60, 223, 124, 202, 172, 159, 10, 222, 56,
       151, 112, 251, 212, 207, 223, 53, 254, 206, 206, 139, 215, 151,
       126, 126, 7, 114, 26, 187, 120, 60, 238, 95, 231, 125, 70, 135,
       49, 54, 125, 255, 230, 228, 212, 173, 94, 118, 43, 107, 129, 37,
       179, 15, 241, 37, 108, 171, 82, 85, 231, 227, 196, 86, 167, 236,
       2, 80, 208, 117, 44, 89, 56, 18, 185, 42, 183, 60, 190, 121, 14,
       133, 100, 209, 91, 116, 228, 122, 144, 185, 252, 127, 87, 153,
       127, 27, 121, 181, 63, 94, 61, 14, 48, 221, 151, 213, 33, 190,
       107, 57, 215, 91, 127, 120, 255, 199, 12, 182, 127, 56, 100, 234,
       64, 85, 247, 231, 70, 86, 166, 236, 10, 51, 217, 113, 40, 121,
       248, 3, 184, 42, 247, 48, 10, 123, 141, 133, 33, 227, 248, 126,
       170, 178, 103, 99, 69, 82, 18, 171, 104, 53, 164, 242, 226, 73, 6,
       165, 213, 126, 221, 131, 234, 104, 159, 37, 78, 52, 32, 139, 128,
       103, 163, 102, 244, 244, 72, 94, 254, 12, 2, 76, 224, 161, 50,
       178, 26, 91, 50, 37, 91, 104, 244, 108, 226, 104, 199, 129, 232,
       145, 234, 194, 16, 37, 57, 114, 0, 73, 48, 25, 101, 37, 92, 97,
       24, 104, 72, 38, 72, 222, 17, 9, 178, 144, 4, 120, 104, 133, 32,
       177, 73, 199, 185, 32, 22, 74, 34, 67, 35, 196, 173, 148, 147,
       150, 168, 38, 134, 58, 19, 75, 82, 252, 226, 72, 74, 97, 111, 42,
       218, 50, 92, 203, 227, 172, 38, 223, 68, 128, 115, 161, 8, 33, 28,
       119, 69, 116, 14, 235, 54, 109, 72, 126, 100, 177, 51, 148, 52,
       54, 44, 86, 40, 193, 184, 49, 93, 110, 190, 32, 192, 74, 160, 66,
       185, 167, 180, 241, 97, 189, 61, 216, 155, 91, 251, 49, 249, 142,
       29, 220, 59, 159, 151, 221, 53, 182, 116, 249, 210, 143, 218, 21,
       246, 198, 205, 215, 87, 181, 164, 229, 253, 157, 39, 74, 184, 83,
       187, 241, 90, 83, 105, 93, 11, 217, 204, 53, 191, 187, 246, 219,
       159, 139, 254, 197, 116, 253, 233, 80, 0, 175, 182, 244, 113, 109,
       125, 208, 154, 123, 255, 60, 61, 158, 61, 222, 63, 143, 20, 221,
       21, 191, 116, 241, 146, 207, 219, 113, 247, 198, 204, 86, 87, 75,
       255, 109, 31, 50, 223, 155, 56, 174, 236, 31, 236, 253, 87, 147,
       49, 6, 49, 221, 239, 227, 0, 127, 125, 228, 9, 43, 176, 30, 162,
       7, 121, 207, 249, 124, 119, 46, 212, 127, 184, 227, 252, 21, 163,
       249, 95, 159, 39, 38, 113, 245, 239, 196, 84, 255, 253, 103, 219,
       239, 161, 39, 166, 93, 249, 9, 25, 87, 69, 112, 143, 239, 54, 109,
       136, 126, 100, 250, 51, 148, 180, 38, 116, 118, 108, 193, 184, 17,
       109, 102, 190, 32, 128, 74, 160, 67, 169, 67, 127, 91, 229, 114,
       158, 174, 55, 60, 224, 90, 228, 189, 166, 145, 112, 38, 127, 63,
       204, 197, 152, 181, 110, 228, 189, 46, 128, 12, 176, 139, 57, 122,
       105, 114, 72, 125, 221, 90, 70, 235, 12, 252, 9, 42, 159, 119,
       148, 184, 250, 199, 72, 78, 43, 178, 249, 59, 221, 4, 59, 115,
       158, 110, 142, 113, 77, 206, 221, 84, 138, 103, 38, 117, 130, 238,
       2, 99, 161, 177, 116, 106, 238, 34, 200, 104, 184, 5, 47, 118,
       175, 198, 1, 103, 248, 120, 8, 38, 189, 17, 138, 252, 201, 178,
       239, 142, 1, 216, 107, 164, 223, 108, 0, 217, 59, 3, 81, 83, 43,
       74, 247, 61, 20, 15, 126, 144, 10, 131, 139, 0, 253, 19, 187, 249,
       129, 166, 236, 158, 9, 72, 100, 188, 210, 40, 192, 208, 59, 2, 82,
       83, 24, 90, 125, 172, 180, 14, 106, 24, 10, 161, 137, 197, 164,
       221, 241, 236, 169, 233, 155, 254, 179, 51, 88, 157, 169, 216, 11,
       175, 143, 110, 25, 51, 124, 203, 210, 204, 154, 127, 108, 204,
       201, 131, 161, 50, 104, 82, 252, 77, 137, 248, 66, 239, 0, 240,
       11, 174, 152, 21, 148, 170, 169, 87, 65, 14, 62, 194, 249, 150,
       216, 16, 59, 87, 12, 74, 142, 106, 18, 126, 201, 109, 219, 249,
       82, 169, 125, 246, 173, 141, 31, 150, 125, 206, 181, 255, 28, 133,
       43, 243, 212, 87, 121, 82, 203, 95, 140, 111, 255, 77, 53, 152,
       225, 224, 46, 104, 25, 58, 187, 107, 80, 213, 51, 73, 250, 183,
       31, 116, 60, 17, 208, 153, 66, 207, 233, 119, 100, 136, 225, 203,
       129, 13, 181, 241, 195, 253, 61, 240, 217, 127, 249, 189, 58, 222,
       124, 222, 174, 191, 15, 222, 57, 151, 112, 253, 210, 207, 221, 7,
       118, 198, 207, 211, 197, 120, 133, 125, 99, 149, 75, 87, 191, 115,
       37, 174, 24, 83, 55, 8, 112, 17, 150, 76, 56, 58, 56, 105, 31,
       235, 239, 21, 85, 226, 128, 198, 106, 24, 204, 57, 123, 48, 207,
       83, 182, 22, 13, 238, 0, 183, 87, 160, 112, 85, 50, 29, 72, 42,
       136, 97, 63, 235, 175, 48, 16, 50, 136, 68, 107, 214, 121, 153,
       168, 171, 69, 29, 202, 155, 248, 128, 107, 28, 215, 99, 59, 231,
       153, 93, 241, 75, 71, 130, 208, 249, 144, 143, 191, 144, 52, 39,
       67, 29, 23, 230, 37, 50, 58, 62, 57, 52, 234, 95, 229, 221, 47,
       155, 208, 54, 29, 253, 39, 149, 144, 69, 14, 198, 239, 105, 132,
       111, 230, 11, 81, 55, 123, 250, 74, 118, 134, 190, 64, 233, 200,
       249, 111, 16, 220, 183, 48, 174, 253, 87, 67, 196, 163, 156, 104,
       115, 60, 33, 138, 77, 115, 102, 215, 203, 83, 124, 108, 42, 95,
       31, 56, 172, 236, 30, 173, 221, 215, 147, 99, 22, 49, 253, 238,
       193, 1, 119, 92, 103, 105, 105, 152, 54, 167, 15, 113, 218, 241,
       124, 229, 46, 222, 124, 56, 171, 248, 22, 167, 121, 95, 157, 35,
       166, 245, 253, 238, 196, 64, 255, 221, 71, 251, 233, 173, 39, 166,
       88, 83, 58, 176, 253, 232, 53, 7, 217, 91, 91, 121, 181, 121, 94,
       29, 252, 60, 159, 29, 181, 17, 147, 107, 59, 213, 219, 219, 121,
       246, 214, 140, 147, 115, 198, 172, 209, 190, 222, 161, 174, 174,
       154, 179, 16, 218, 237, 234, 80, 67, 51, 111, 123, 145, 50, 77,
       142, 251, 172, 22, 223, 252, 148, 112, 147, 8, 198, 174, 237, 220,
       252, 161, 170, 174, 158, 179, 16, 210, 253, 234, 84, 2, 179, 111,
       123, 145, 50, 109, 143, 251, 44, 62, 223, 236, 132, 96, 145, 8,
       160, 140, 151, 252, 252, 171, 148, 239, 223, 131, 240, 88, 238,
       232, 36, 73, 211, 123, 110, 33, 48, 107, 10, 255, 168, 190, 87,
       62, 212, 120, 161, 137, 125, 69, 17, 37, 52, 15, 71, 56, 101, 232,
       251, 76, 219, 56, 17, 176, 216, 196, 92, 110, 237, 177, 121, 12,
       163, 253, 33, 20, 106, 175, 66, 65, 235, 48, 245, 113, 33, 253,
       176, 18, 123, 255, 53, 61, 142, 29, 198, 63, 135, 21, 253, 16,
       166, 108, 243, 210, 207, 219, 80, 243, 194, 132, 70, 87, 223, 32,
       245, 101, 35, 26, 120, 16, 41, 240, 167, 137, 91, 31, 221, 255,
       54, 149, 253, 172, 136, 212, 181, 192, 215, 249, 65, 133, 39, 164,
       66, 66, 97, 205, 78, 76, 213, 159, 102, 103, 213, 160, 238, 8,
       114, 232, 54, 113, 216, 230, 10, 108, 236, 187, 116, 61, 54, 63,
       5, 17, 217, 218, 216, 12, 109, 99, 49, 37, 52, 30, 99, 56, 105,
       232, 115, 76, 223, 0, 153, 180, 178, 12, 68, 110, 193, 176, 41,
       12, 164, 252, 33, 4, 74, 167, 82, 37, 72, 224, 252, 99, 137, 77,
       125, 189, 107, 119, 37, 24, 223, 61, 74, 59, 35, 151, 105, 24, 22,
       120, 251, 17, 207, 203, 85, 117, 226, 210, 207, 106, 242, 65, 7,
       174, 13, 70, 199, 105, 197, 60, 179, 2, 67, 40, 60, 87, 104, 196,
       108, 227, 104, 167, 29, 237, 177, 162, 194, 22, 113, 59, 244, 14,
       36, 38, 105, 47, 108, 35, 207, 232, 86, 110, 217, 239, 227, 104,
       155, 9, 89, 200, 7, 239, 174, 50, 111, 63, 68, 15, 233, 188, 117,
       251, 86, 192, 33, 173, 10, 94, 221, 255, 70, 231, 247, 171, 236,
       8, 34, 240, 54, 48, 137, 170, 78, 8, 94, 171, 104, 63, 59, 159,
       17, 59, 80, 74, 218, 14, 73, 79, 89, 103, 36, 14, 111, 52, 101,
