%YAML:1.0
---
descriptors: !!opencv-matrix
   rows: 279
   cols: 32
   dt: u
   data: [ 121, 76, 211, 204, 84, 6, 111, 210, 81, 0, 254, 74, 115, 225,
       181, 244, 120, 252, 54, 234, 201, 179, 176, 235, 51, 172, 128, 4,
       59, 251, 114, 176, 109, 100, 187, 114, 173, 253, 81, 202, 255,
       251, 165, 24, 222, 221, 111, 186, 129, 82, 255, 24, 19, 103, 186,
       50, 219, 223, 85, 127, 210, 89, 71, 98, 187, 62, 198, 157, 164,
       54, 236, 223, 23, 235, 222, 247, 81, 170, 150, 205, 125, 110, 63,
       157, 189, 220, 197, 174, 166, 107, 255, 192, 175, 220, 248, 221,
       132, 91, 63, 120, 228, 224, 247, 194, 236, 156, 254, 32, 186, 155,
       229, 104, 232, 120, 38, 82, 0, 191, 34, 224, 119, 185, 34, 11, 65,
       121, 101, 163, 66, 147, 157, 191, 189, 114, 144, 143, 94, 91, 194,
       115, 228, 60, 14, 235, 193, 87, 168, 17, 54, 73, 67, 165, 141, 55,
       218, 83, 148, 76, 189, 15, 254, 195, 44, 168, 173, 19, 90, 184, 7,
       182, 145, 191, 79, 104, 91, 75, 221, 197, 253, 247, 188, 71, 207,
       148, 218, 211, 237, 253, 62, 191, 28, 66, 175, 121, 213, 38, 234,
       205, 94, 188, 143, 232, 176, 237, 255, 239, 201, 151, 30, 105,
       118, 102, 205, 98, 222, 168, 166, 216, 101, 186, 126, 190, 2, 221,
       192, 208, 238, 125, 4, 66, 117, 31, 126, 87, 102, 149, 115, 236,
       62, 120, 115, 205, 45, 129, 238, 244, 183, 67, 67, 47, 242, 1,
       245, 112, 244, 90, 168, 251, 123, 227, 116, 207, 127, 240, 52, 76,
       116, 4, 127, 95, 11, 16, 188, 88, 23, 110, 225, 182, 56, 63, 119,
       205, 37, 132, 98, 147, 102, 251, 40, 181, 58, 97, 116, 207, 113,
       51, 101, 173, 127, 8, 147, 55, 2, 48, 136, 188, 87, 24, 24, 184,
       113, 12, 207, 221, 48, 116, 64, 136, 198, 234, 64, 156, 190, 187,
       140, 237, 177, 167, 190, 55, 70, 17, 180, 254, 34, 67, 225, 51,
       123, 1, 54, 105, 59, 53, 237, 179, 94, 91, 144, 72, 141, 74, 33,
       90, 254, 79, 108, 143, 169, 28, 86, 237, 119, 166, 240, 5, 150,
       108, 124, 92, 122, 220, 129, 252, 253, 117, 68, 42, 243, 192, 77,
       139, 112, 253, 246, 94, 238, 198, 79, 126, 126, 232, 57, 246, 246,
       143, 74, 110, 63, 95, 255, 197, 255, 230, 237, 247, 255, 226, 23,
       58, 195, 23, 111, 127, 126, 86, 120, 169, 156, 246, 141, 108, 86,
       166, 179, 175, 139, 25, 255, 121, 72, 210, 193, 246, 237, 2, 8,
       107, 219, 163, 219, 247, 245, 17, 162, 122, 158, 10, 97, 188, 181,
       119, 157, 237, 71, 143, 251, 251, 168, 24, 246, 247, 76, 55, 129,
       86, 120, 24, 59, 107, 251, 51, 239, 222, 85, 126, 192, 112, 198,
       122, 167, 239, 162, 157, 220, 47, 174, 238, 223, 174, 216, 223,
       228, 232, 63, 5, 249, 239, 107, 103, 228, 247, 207, 255, 60, 22,
       207, 190, 221, 125, 241, 206, 49, 143, 67, 237, 28, 4, 78, 127,
       68, 64, 216, 70, 51, 161, 176, 228, 88, 234, 28, 172, 155, 171,
       215, 159, 184, 172, 170, 24, 61, 234, 240, 168, 253, 117, 61, 99,
       152, 78, 87, 152, 34, 250, 175, 12, 215, 23, 73, 19, 149, 212,
       125, 122, 105, 86, 249, 26, 251, 233, 101, 116, 106, 243, 194,
       115, 245, 69, 175, 236, 28, 70, 79, 120, 84, 192, 235, 10, 115,
       97, 57, 114, 120, 228, 120, 238, 105, 163, 253, 10, 241, 238, 135,
       28, 57, 251, 112, 96, 117, 120, 104, 238, 124, 71, 95, 248, 3,
       232, 148, 13, 115, 213, 19, 48, 88, 236, 125, 111, 201, 67, 251,
       61, 243, 169, 161, 188, 60, 187, 82, 115, 156, 134, 223, 254, 150,
       98, 79, 175, 151, 150, 214, 179, 75, 231, 169, 73, 115, 227, 174,
       162, 120, 199, 47, 255, 250, 231, 255, 141, 183, 240, 165, 104,
       76, 209, 156, 250, 168, 45, 23, 152, 206, 26, 149, 96, 214, 243,
       233, 106, 87, 80, 238, 122, 18, 97, 219, 49, 233, 163, 103, 29,
       154, 251, 9, 35, 80, 185, 190, 181, 56, 206, 57, 80, 174, 29, 142,
       1, 223, 247, 66, 82, 166, 181, 125, 193, 10, 193, 179, 65, 209,
       225, 43, 1, 160, 2, 37, 82, 88, 249, 123, 110, 62, 219, 214, 184,
       198, 232, 189, 40, 243, 220, 149, 32, 150, 244, 236, 99, 205, 97,
       255, 61, 251, 237, 37, 61, 101, 186, 79, 123, 79, 68, 189, 248,
       173, 236, 89, 142, 175, 91, 142, 16, 223, 215, 89, 123, 135, 87,
       125, 29, 11, 69, 179, 209, 201, 251, 123, 222, 144, 209, 33, 97,
       33, 72, 83, 78, 85, 148, 230, 245, 193, 10, 252, 74, 48, 200, 181,
       244, 88, 234, 18, 74, 201, 170, 246, 237, 54, 60, 146, 8, 95, 186,
       122, 172, 53, 80, 99, 76, 96, 7, 79, 120, 4, 232, 247, 196, 115,
       85, 189, 116, 92, 236, 22, 238, 201, 179, 117, 12, 113, 168, 161,
       144, 105, 187, 114, 241, 153, 254, 89, 121, 50, 217, 90, 114, 23,
       72, 116, 239, 63, 199, 162, 209, 54, 169, 150, 76, 239, 188, 69,
       31, 246, 201, 33, 248, 127, 136, 9, 217, 243, 91, 214, 148, 27, 2,
       50, 80, 169, 200, 230, 231, 40, 227, 167, 87, 102, 228, 232, 238,
       37, 195, 134, 232, 50, 56, 194, 147, 11, 245, 104, 29, 214, 236,
       150, 158, 219, 227, 182, 239, 191, 147, 232, 51, 108, 250, 105,
       95, 251, 255, 235, 131, 62, 79, 202, 255, 184, 182, 223, 63, 145,
       113, 175, 134, 56, 184, 185, 248, 203, 213, 85, 223, 171, 87, 172,
       13, 46, 223, 106, 152, 239, 155, 227, 144, 91, 47, 178, 241, 219,
       213, 86, 127, 250, 80, 167, 250, 5, 128, 223, 247, 180, 174, 105,
       144, 118, 177, 114, 80, 215, 115, 153, 120, 87, 126, 124, 24, 153,
       240, 89, 44, 204, 171, 119, 68, 236, 225, 65, 32, 169, 185, 177,
       126, 205, 237, 199, 238, 215, 227, 224, 24, 178, 189, 84, 184,
       201, 254, 122, 72, 121, 111, 243, 51, 169, 223, 85, 120, 80, 105,
       194, 186, 16, 216, 158, 191, 26, 207, 48, 167, 190, 21, 198, 1,
       247, 251, 34, 72, 227, 115, 233, 1, 30, 201, 27, 61, 201, 231,
       126, 83, 144, 8, 173, 10, 76, 165, 186, 238, 252, 76, 87, 152,
       183, 29, 255, 41, 255, 243, 90, 80, 145, 222, 109, 122, 26, 98,
       203, 49, 251, 237, 37, 221, 32, 227, 206, 35, 177, 77, 111, 79,
       142, 119, 231, 94, 86, 226, 255, 82, 83, 189, 181, 109, 122, 206,
       58, 78, 249, 246, 255, 190, 117, 42, 209, 80, 103, 217, 240, 228,
       83, 255, 199, 21, 178, 18, 170, 127, 127, 233, 210, 247, 108, 232,
       180, 228, 55, 103, 238, 181, 245, 249, 141, 223, 62, 54, 63, 198,
       175, 164, 169, 29, 1, 191, 23, 243, 240, 140, 111, 23, 121, 137,
       122, 84, 157, 35, 64, 113, 134, 47, 70, 28, 179, 248, 64, 108,
       237, 248, 38, 192, 200, 128, 195, 169, 125, 176, 144, 232, 45, 22,
       67, 216, 67, 184, 181, 40, 95, 83, 201, 255, 89, 212, 204, 250, 8,
       71, 235, 152, 217, 217, 167, 126, 146, 163, 34, 37, 165, 189, 123,
       89, 204, 237, 229, 215, 228, 114, 126, 18, 176, 181, 215, 102,
       111, 62, 123, 28, 242, 188, 243, 66, 103, 41, 166, 0, 231, 216,
       192, 232, 148, 205, 223, 191, 156, 43, 110, 232, 54, 162, 203, 66,
       243, 227, 25, 64, 121, 238, 106, 234, 120, 242, 201, 111, 188,
       166, 199, 4, 168, 251, 240, 128, 104, 56, 56, 97, 112, 205, 113,
       19, 232, 13, 126, 40, 150, 21, 0, 48, 128, 60, 76, 24, 26, 184,
       240, 6, 207, 253, 48, 81, 194, 128, 198, 227, 143, 159, 230, 151,
       247, 18, 174, 255, 221, 246, 94, 231, 104, 236, 191, 231, 63, 231,
       178, 231, 245, 249, 44, 239, 60, 127, 207, 134, 175, 254, 185,
       221, 2, 250, 142, 21, 40, 82, 188, 198, 170, 250, 180, 228, 172,
       174, 198, 43, 239, 117, 215, 195, 231, 217, 134, 224, 38, 49, 254,
       167, 13, 112, 175, 159, 88, 185, 153, 240, 129, 108, 81, 151, 163,
       49, 164, 24, 159, 183, 64, 126, 163, 151, 237, 24, 27, 107, 178,
       96, 219, 241, 22, 122, 226, 64, 135, 59, 53, 83, 67, 76, 100, 22,
       206, 120, 68, 232, 243, 230, 83, 68, 181, 224, 92, 244, 6, 238,
       201, 179, 37, 12, 48, 168, 163, 128, 109, 187, 112, 53, 90, 142,
       207, 253, 136, 34, 73, 15, 23, 183, 206, 146, 233, 163, 208, 74,
       95, 207, 61, 152, 56, 222, 239, 211, 203, 247, 223, 217, 182, 200,
       164, 40, 247, 94, 102, 252, 77, 22, 222, 248, 185, 250, 178, 79,
       74, 254, 55, 95, 237, 245, 255, 231, 237, 103, 242, 234, 147, 250,
