%YAML:1.0
---
descriptors: !!opencv-matrix
   rows: 390
   cols: 32
   dt: u
   data: [ 185, 1, 110, 236, 23, 82, 79, 112, 133, 68, 239, 2, 91, 201,
       50, 241, 122, 228, 187, 238, 121, 179, 52, 172, 243, 235, 130, 1,
       55, 175, 120, 96, 27, 157, 54, 179, 147, 230, 60, 167, 253, 91,
       78, 183, 172, 62, 34, 69, 231, 55, 191, 145, 182, 153, 7, 247,
       232, 246, 222, 199, 190, 68, 169, 95, 75, 180, 185, 101, 178, 62,
       29, 55, 49, 235, 94, 237, 123, 52, 150, 116, 151, 126, 253, 44,
       221, 152, 177, 15, 110, 127, 53, 130, 234, 230, 138, 125, 205, 21,
       23, 69, 65, 62, 102, 56, 105, 136, 111, 76, 222, 51, 8, 247, 180,
       84, 120, 106, 225, 176, 81, 12, 167, 251, 65, 4, 74, 98, 75, 51,
       71, 60, 213, 213, 171, 50, 56, 154, 173, 155, 11, 116, 156, 54,
       197, 254, 231, 87, 252, 16, 19, 192, 243, 224, 134, 246, 94, 198,
       142, 241, 129, 55, 199, 206, 219, 222, 102, 48, 238, 192, 253, 18,
       249, 210, 253, 238, 189, 239, 111, 219, 30, 203, 231, 38, 46, 227,
       182, 191, 174, 136, 181, 251, 41, 164, 33, 151, 62, 239, 180, 150,
       228, 119, 84, 73, 222, 70, 240, 121, 58, 97, 220, 34, 30, 45, 255,
       184, 113, 159, 231, 253, 170, 192, 24, 10, 248, 11, 13, 191, 236,
       243, 244, 182, 251, 183, 118, 253, 62, 103, 121, 125, 214, 96,
       125, 238, 63, 157, 162, 248, 45, 255, 111, 79, 183, 193, 231, 198,
       244, 203, 210, 107, 206, 189, 10, 2, 56, 92, 54, 148, 214, 247,
       105, 227, 178, 68, 119, 237, 191, 135, 196, 215, 143, 221, 216,
       98, 239, 132, 62, 165, 185, 213, 66, 150, 106, 29, 226, 56, 189,
       51, 57, 95, 87, 247, 77, 44, 158, 75, 55, 15, 183, 165, 180, 220,
       167, 197, 86, 34, 122, 195, 237, 228, 167, 213, 0, 217, 153, 251,
       22, 197, 183, 238, 30, 1, 72, 66, 180, 191, 32, 96, 223, 123, 19,
       193, 67, 184, 18, 255, 237, 134, 158, 40, 16, 88, 165, 186, 154,
       124, 18, 184, 83, 240, 48, 194, 185, 6, 104, 51, 44, 222, 97, 149,
       167, 59, 147, 145, 102, 15, 146, 235, 179, 213, 30, 43, 34, 84,
       47, 159, 71, 186, 69, 129, 250, 131, 169, 191, 43, 241, 16, 229,
       140, 14, 214, 212, 135, 9, 87, 181, 151, 24, 231, 212, 12, 20,
       175, 230, 156, 132, 3, 221, 33, 114, 107, 77, 76, 143, 235, 88,
       71, 236, 247, 70, 80, 205, 190, 100, 92, 172, 54, 110, 193, 178,
       247, 209, 87, 40, 161, 244, 125, 139, 112, 241, 155, 158, 119,
       158, 119, 246, 61, 119, 189, 78, 86, 247, 44, 238, 182, 205, 231,
       187, 151, 133, 228, 220, 38, 255, 118, 123, 250, 131, 39, 196, 37,
       223, 189, 165, 97, 70, 214, 23, 79, 248, 81, 230, 253, 138, 83,
       101, 157, 180, 127, 220, 22, 238, 249, 178, 125, 158, 127, 143,
       133, 52, 119, 250, 114, 236, 119, 79, 194, 204, 114, 34, 110, 208,
       17, 192, 126, 238, 104, 227, 167, 84, 118, 236, 2, 110, 1, 147,
       132, 234, 50, 44, 32, 136, 63, 255, 106, 157, 210, 130, 172, 183,
       12, 63, 232, 51, 156, 55, 151, 215, 225, 40, 18, 75, 109, 38, 255,
       141, 188, 221, 103, 199, 206, 35, 250, 209, 36, 140, 25, 76, 66,
       190, 138, 183, 232, 172, 56, 23, 171, 15, 30, 245, 172, 167, 194,
       90, 199, 55, 239, 5, 150, 77, 194, 227, 198, 55, 250, 249, 132,
       196, 159, 89, 82, 188, 154, 186, 219, 164, 26, 215, 187, 15, 248,
       29, 172, 255, 110, 16, 183, 187, 215, 21, 54, 11, 154, 243, 251,
       245, 30, 235, 152, 68, 171, 219, 228, 252, 188, 114, 169, 237, 85,
       183, 251, 63, 45, 56, 190, 191, 72, 27, 129, 115, 77, 16, 50, 109,
       154, 51, 239, 219, 116, 127, 208, 81, 199, 3, 35, 92, 211, 78, 69,
       148, 230, 246, 203, 130, 124, 66, 40, 216, 181, 244, 88, 248, 130,
       74, 197, 171, 244, 235, 54, 60, 132, 42, 91, 250, 106, 172, 144,
       251, 88, 254, 122, 137, 26, 112, 31, 12, 117, 239, 175, 199, 162,
       68, 38, 57, 135, 86, 194, 46, 222, 191, 246, 209, 32, 251, 127,
       142, 9, 155, 40, 17, 255, 77, 116, 119, 241, 59, 86, 229, 127, 18,
       113, 61, 180, 96, 94, 158, 51, 8, 184, 248, 117, 29, 71, 47, 176,
       0, 247, 136, 116, 248, 17, 95, 119, 79, 84, 54, 239, 242, 125, 70,
       122, 70, 112, 32, 181, 100, 106, 238, 34, 202, 169, 185, 53, 235,
       53, 60, 130, 2, 127, 251, 116, 236, 70, 222, 150, 183, 166, 138,
       180, 167, 95, 187, 18, 242, 204, 248, 224, 207, 167, 119, 174, 19,
       117, 252, 143, 230, 140, 118, 127, 199, 140, 124, 137, 13, 105,
       181, 184, 101, 249, 125, 89, 31, 107, 249, 44, 8, 190, 61, 66,
       178, 135, 23, 249, 28, 150, 72, 251, 26, 79, 221, 21, 63, 194,
       196, 134, 123, 94, 69, 34, 172, 21, 241, 79, 104, 237, 4, 205, 2,
       107, 198, 43, 116, 114, 168, 142, 226, 78, 3, 46, 221, 179, 244,
       139, 43, 54, 39, 117, 102, 195, 148, 62, 186, 172, 188, 184, 31,
       255, 91, 147, 117, 204, 216, 254, 203, 167, 3, 255, 21, 183, 109,
       27, 215, 140, 123, 90, 218, 156, 68, 169, 85, 129, 239, 172, 175,
       188, 13, 79, 191, 86, 251, 24, 85, 243, 40, 210, 99, 193, 78, 124,
       93, 254, 88, 239, 55, 236, 135, 191, 244, 152, 184, 209, 73, 115,
       230, 205, 233, 172, 34, 205, 159, 22, 51, 144, 246, 209, 43, 216,
       107, 95, 198, 63, 189, 251, 78, 207, 211, 236, 127, 255, 252, 189,
       216, 208, 41, 107, 249, 165, 143, 125, 221, 145, 156, 207, 253,
       140, 13, 228, 221, 86, 166, 196, 84, 251, 85, 131, 105, 251, 177,
       15, 84, 133, 126, 26, 14, 92, 126, 79, 176, 153, 243, 33, 236, 57,
       154, 59, 123, 71, 84, 188, 179, 72, 126, 135, 95, 56, 24, 19, 92,
       154, 227, 205, 255, 90, 110, 138, 65, 1, 51, 69, 72, 91, 239, 48,
       142, 123, 48, 60, 128, 111, 0, 247, 211, 33, 112, 54, 125, 59,
       250, 64, 176, 24, 110, 231, 188, 6, 0, 64, 162, 99, 32, 11, 165,
       226, 147, 215, 183, 239, 239, 31, 215, 92, 151, 104, 239, 126, 5,
       125, 75, 19, 189, 182, 248, 62, 255, 111, 30, 159, 197, 159, 206,
       189, 220, 19, 246, 231, 135, 182, 18, 239, 183, 124, 239, 90, 230,
       93, 46, 150, 100, 55, 207, 55, 189, 241, 216, 37, 206, 44, 46,
       191, 196, 173, 246, 177, 125, 181, 14, 205, 232, 174, 35, 206,
       216, 86, 178, 145, 250, 83, 105, 249, 107, 91, 192, 110, 254, 184,
       103, 79, 146, 216, 139, 227, 252, 181, 249, 112, 160, 76, 186,
       159, 243, 184, 137, 185, 179, 190, 191, 54, 165, 252, 231, 235,
       75, 135, 115, 111, 16, 50, 89, 43, 113, 204, 151, 255, 193, 144,
       224, 133, 123, 188, 225, 114, 90, 95, 145, 202, 232, 213, 4, 245,
       138, 107, 201, 60, 132, 120, 248, 130, 107, 122, 39, 62, 189, 51,
       72, 128, 121, 119, 143, 118, 164, 171, 157, 104, 216, 95, 145,
       188, 103, 205, 77, 220, 163, 168, 126, 54, 96, 206, 187, 147, 129,
       214, 10, 118, 255, 119, 93, 154, 203, 21, 12, 240, 207, 153, 155,
       110, 253, 183, 158, 127, 247, 85, 76, 118, 38, 123, 29, 178, 97,
       110, 190, 159, 236, 252, 184, 53, 253, 246, 235, 226, 193, 55,
       140, 252, 75, 239, 132, 236, 83, 245, 118, 251, 153, 87, 255, 31,
       18, 89, 125, 255, 239, 55, 70, 183, 191, 181, 240, 61, 206, 79,
       95, 213, 197, 135, 239, 92, 229, 127, 33, 237, 161, 172, 59, 77,
       27, 67, 241, 158, 255, 147, 44, 214, 43, 79, 132, 125, 189, 153,
       122, 229, 128, 206, 91, 237, 244, 173, 236, 208, 112, 114, 40, 71,
       217, 74, 227, 168, 66, 39, 55, 227, 131, 32, 138, 68, 219, 235,
       189, 107, 145, 10, 214, 215, 208, 21, 32, 155, 3, 133, 0, 38, 130,
       90, 153, 186, 250, 139, 228, 49, 195, 175, 25, 44, 0, 60, 255, 96,
       90, 165, 115, 187, 144, 18, 11, 186, 241, 219, 247, 30, 75, 146,
       65, 165, 59, 100, 191, 88, 102, 240, 12, 95, 183, 49, 168, 108,
       76, 87, 35, 194, 80, 22, 254, 4, 42, 88, 26, 200, 10, 254, 165,
       37, 108, 168, 242, 202, 9, 56, 33, 105, 44, 95, 91, 215, 73, 65,
       68, 245, 11, 2, 221, 55, 0, 88, 168, 195, 101, 220, 35, 118, 28,
       115, 77, 1, 63, 119, 46, 118, 226, 207, 222, 245, 254, 110, 50,
       222, 152, 155, 218, 148, 243, 93, 254, 253, 239, 215, 241, 181,
       167, 229, 71, 174, 250, 178, 255, 239, 174, 151, 245, 57, 117,
