%YAML:1.0
---
descriptors: !!opencv-matrix
   rows: 467
   cols: 32
   dt: u
   data: [ 145, 23, 66, 157, 222, 49, 164, 215, 116, 35, 218, 214, 141,
       162, 186, 237, 111, 143, 106, 173, 181, 190, 85, 234, 52, 46, 94,
       2, 175, 92, 169, 140, 150, 14, 142, 152, 207, 63, 172, 230, 188,
       191, 254, 223, 12, 34, 51, 223, 239, 207, 238, 29, 52, 255, 1,
       230, 188, 38, 126, 195, 145, 93, 187, 205, 90, 164, 134, 184, 153,
       236, 17, 71, 175, 23, 143, 25, 174, 230, 74, 94, 225, 183, 233,
       145, 62, 75, 146, 211, 153, 244, 26, 123, 128, 68, 175, 78, 139,
       233, 18, 179, 197, 151, 60, 229, 31, 178, 80, 71, 172, 146, 97,
       201, 232, 107, 147, 199, 68, 222, 26, 248, 166, 83, 223, 43, 24,
       124, 169, 138, 194, 25, 180, 220, 237, 92, 184, 7, 239, 157, 178,
       25, 172, 58, 38, 223, 167, 55, 234, 17, 132, 105, 19, 208, 31,
       122, 90, 91, 210, 68, 207, 15, 153, 71, 101, 225, 180, 171, 109,
       23, 55, 41, 94, 246, 147, 1, 144, 204, 118, 142, 39, 156, 219,
       188, 101, 28, 228, 170, 176, 192, 38, 216, 208, 233, 246, 172,
       222, 152, 203, 107, 148, 231, 189, 23, 240, 187, 6, 174, 98, 75,
       235, 215, 238, 145, 60, 239, 71, 226, 185, 18, 94, 95, 213, 88,
       175, 222, 162, 104, 248, 208, 108, 237, 184, 79, 155, 127, 48,
       155, 140, 142, 87, 11, 175, 153, 119, 149, 166, 111, 130, 209, 23,
       24, 219, 187, 213, 8, 31, 223, 248, 170, 150, 252, 169, 201, 117,
       103, 175, 23, 160, 57, 175, 178, 102, 222, 163, 179, 236, 0, 82,
       111, 130, 243, 145, 211, 82, 123, 66, 20, 135, 10, 22, 157, 63,
       169, 190, 194, 190, 239, 140, 26, 218, 163, 220, 63, 49, 65, 238,
       19, 31, 227, 96, 129, 1, 221, 225, 179, 234, 134, 21, 94, 37, 59,
       164, 108, 255, 69, 112, 78, 103, 48, 121, 142, 126, 8, 211, 115,
       145, 52, 18, 124, 68, 106, 97, 244, 177, 110, 101, 190, 36, 0, 66,
       243, 70, 225, 103, 239, 160, 146, 205, 181, 238, 205, 219, 215,
       12, 139, 104, 232, 127, 134, 249, 107, 243, 215, 214, 66, 206,
       226, 62, 30, 207, 111, 151, 127, 217, 70, 152, 60, 22, 126, 75,
       237, 86, 242, 187, 22, 228, 13, 62, 255, 35, 25, 166, 243, 221,
       66, 46, 79, 26, 255, 243, 243, 80, 59, 114, 85, 39, 27, 219, 31,
       126, 92, 187, 178, 89, 59, 125, 79, 214, 183, 106, 42, 166, 117,
       103, 167, 190, 132, 188, 207, 101, 223, 210, 127, 210, 147, 190,
       196, 44, 95, 138, 158, 235, 153, 182, 227, 189, 215, 31, 71, 92,
       247, 189, 175, 182, 73, 111, 59, 183, 21, 183, 216, 103, 255, 206,
       127, 190, 192, 156, 204, 181, 249, 192, 76, 127, 109, 112, 78,
       111, 62, 125, 140, 118, 0, 255, 19, 161, 113, 86, 124, 63, 106,
       96, 188, 177, 111, 229, 186, 102, 0, 82, 176, 101, 169, 124, 245,
       120, 168, 207, 85, 94, 237, 3, 246, 173, 139, 95, 127, 74, 144,
       221, 223, 209, 243, 94, 99, 219, 149, 251, 197, 141, 125, 179,
       242, 254, 210, 5, 79, 30, 139, 252, 159, 38, 212, 86, 40, 218, 70,
       240, 128, 161, 224, 120, 14, 106, 78, 135, 177, 77, 127, 52, 47,
       35, 0, 24, 155, 233, 129, 0, 168, 155, 177, 86, 227, 169, 198, 62,
       49, 82, 83, 149, 150, 104, 72, 123, 27, 3, 145, 19, 220, 91, 115,
       77, 134, 63, 100, 144, 8, 37, 170, 252, 254, 152, 122, 233, 157,
       87, 251, 243, 158, 165, 29, 95, 211, 75, 27, 165, 225, 236, 90,
       110, 103, 154, 35, 251, 203, 101, 61, 226, 242, 202, 3, 252, 249,
       188, 246, 205, 103, 95, 152, 83, 246, 164, 13, 115, 125, 83, 58,
       29, 254, 121, 211, 168, 114, 249, 42, 219, 135, 197, 61, 163, 249,
       86, 114, 252, 220, 184, 254, 201, 101, 95, 158, 147, 211, 164, 25,
       211, 255, 107, 90, 221, 215, 121, 251, 104, 103, 219, 50, 251,
       255, 85, 60, 216, 123, 164, 82, 46, 143, 182, 250, 235, 103, 158,
       199, 159, 159, 184, 155, 236, 239, 109, 11, 207, 211, 255, 147,
       186, 107, 74, 226, 249, 86, 95, 251, 209, 125, 167, 219, 199, 116,
       53, 209, 171, 103, 189, 142, 142, 190, 158, 50, 220, 94, 77, 111,
       231, 23, 251, 179, 179, 71, 107, 208, 29, 18, 223, 254, 144, 113,
       165, 103, 15, 233, 67, 91, 223, 153, 238, 236, 236, 240, 243, 70,
       217, 216, 221, 167, 122, 200, 218, 255, 247, 180, 255, 252, 62,
       56, 135, 228, 111, 191, 217, 132, 134, 127, 41, 171, 212, 129,
       187, 220, 30, 100, 73, 135, 156, 140, 119, 0, 254, 9, 19, 213,
       198, 186, 88, 253, 109, 16, 138, 96, 29, 10, 113, 216, 183, 180,
       236, 8, 207, 115, 158, 205, 95, 115, 153, 191, 65, 108, 223, 42,
       187, 201, 242, 119, 183, 103, 127, 210, 58, 79, 77, 255, 253, 127,
       251, 212, 34, 42, 134, 149, 205, 251, 181, 71, 159, 135, 78, 131,
       166, 168, 103, 142, 233, 58, 163, 1, 70, 249, 2, 138, 23, 22, 158,
       3, 197, 124, 60, 206, 3, 184, 146, 255, 65, 180, 188, 103, 251, 3,
       120, 86, 172, 250, 36, 224, 239, 123, 178, 129, 151, 248, 146,
       227, 5, 190, 218, 2, 201, 64, 171, 140, 128, 168, 21, 177, 100,
       138, 168, 103, 60, 147, 114, 82, 181, 3, 208, 65, 106, 172, 106,
       141, 32, 220, 195, 68, 28, 162, 250, 64, 4, 136, 97, 136, 230,
       244, 145, 184, 249, 192, 145, 142, 154, 247, 128, 185, 140, 246,
       74, 123, 205, 95, 251, 145, 119, 79, 250, 243, 189, 112, 223, 255,
       152, 92, 151, 255, 29, 18, 235, 249, 110, 96, 105, 81, 36, 79,
       215, 246, 209, 199, 185, 104, 127, 157, 63, 172, 137, 151, 229,
       194, 214, 239, 170, 132, 181, 168, 52, 241, 244, 126, 28, 58, 184,
       13, 82, 216, 179, 248, 181, 93, 87, 203, 75, 17, 183, 192, 108,
       118, 191, 103, 203, 63, 251, 217, 37, 253, 248, 179, 74, 19, 102,
       139, 232, 14, 223, 81, 218, 205, 203, 197, 188, 143, 32, 236, 119,
       20, 216, 225, 227, 213, 158, 43, 238, 241, 58, 61, 143, 59, 213,
       62, 254, 206, 23, 34, 234, 129, 70, 35, 184, 81, 60, 225, 91, 211,
       93, 174, 248, 40, 63, 189, 151, 181, 144, 209, 132, 192, 92, 4,
       187, 164, 173, 230, 33, 209, 218, 22, 236, 253, 138, 114, 45, 31,
       17, 230, 151, 183, 153, 46, 147, 239, 111, 215, 191, 167, 189, 69,
       245, 202, 246, 103, 254, 149, 175, 245, 189, 116, 197, 79, 25,
       166, 244, 26, 238, 252, 104, 226, 56, 204, 223, 106, 209, 178,
       158, 77, 84, 111, 237, 35, 232, 46, 172, 253, 47, 188, 76, 242,
       195, 161, 230, 174, 129, 186, 233, 225, 157, 239, 154, 255, 145,
       153, 172, 238, 78, 27, 201, 91, 207, 147, 110, 79, 202, 247, 189,
       82, 223, 255, 16, 84, 183, 222, 76, 230, 149, 115, 224, 46, 101,
       153, 123, 187, 63, 80, 223, 115, 201, 127, 181, 87, 108, 58, 179,
       208, 235, 96, 205, 251, 119, 68, 194, 243, 195, 161, 237, 230,
       149, 83, 165, 63, 102, 191, 127, 187, 59, 88, 234, 105, 221, 189,
       145, 78, 204, 42, 241, 116, 203, 183, 166, 222, 117, 52, 202, 253,
       218, 37, 198, 21, 147, 154, 255, 233, 55, 207, 159, 71, 136, 58,
       142, 243, 36, 217, 243, 123, 235, 18, 51, 75, 26, 243, 177, 22,
       31, 123, 152, 89, 133, 146, 109, 121, 253, 69, 36, 78, 215, 152,
       105, 252, 183, 12, 90, 60, 215, 59, 134, 196, 116, 110, 137, 99,
       253, 40, 67, 59, 101, 52, 197, 187, 86, 119, 255, 95, 197, 70,
       175, 82, 22, 188, 81, 250, 182, 238, 74, 116, 199, 247, 127, 212,
       252, 234, 237, 103, 237, 170, 186, 107, 101, 190, 127, 255, 248,
       61, 69, 67, 153, 162, 172, 13, 79, 152, 110, 232, 147, 76, 215,
       202, 249, 120, 148, 129, 126, 79, 205, 33, 107, 16, 209, 213, 37,
       188, 24, 251, 64, 17, 58, 239, 226, 78, 245, 211, 198, 239, 87,
       141, 252, 162, 106, 232, 182, 164, 121, 254, 134, 120, 222, 187,
       44, 255, 58, 126, 133, 211, 247, 254, 254, 236, 57, 239, 226, 79,
       213, 155, 231, 247, 119, 165, 254, 66, 107, 225, 182, 212, 121,
       238, 134, 222, 202, 186, 109, 191, 62, 254, 133, 65, 231, 222,
       250, 172, 2, 252, 187, 186, 202, 229, 188, 207, 142, 91, 89, 11,
       180, 255, 108, 8, 205, 27, 51, 129, 19, 11, 154, 241, 93, 20, 218,
       238, 144, 90, 181, 219, 255, 101, 101, 229, 142, 67, 79, 217, 3,
       224, 149, 206, 91, 77, 217, 183, 94, 196, 93, 255, 233, 82, 253,
