%YAML:1.0
---
descriptors: !!opencv-matrix
   rows: 301
   cols: 32
   dt: u
   data: [ 121, 107, 88, 236, 61, 157, 90, 120, 37, 168, 189, 72, 175,
       195, 163, 180, 126, 168, 204, 106, 76, 35, 72, 191, 146, 221, 1,
       57, 114, 175, 74, 5, 56, 70, 89, 239, 116, 15, 110, 252, 69, 40,
       125, 106, 123, 89, 185, 176, 62, 216, 23, 234, 201, 182, 73, 29,
       118, 205, 33, 164, 119, 187, 66, 137, 1, 142, 43, 185, 212, 167,
       234, 198, 126, 13, 122, 71, 176, 136, 54, 64, 253, 43, 2, 157,
       158, 184, 20, 127, 108, 14, 178, 64, 217, 72, 241, 204, 122, 97,
       106, 168, 76, 75, 217, 72, 140, 36, 208, 171, 151, 141, 50, 0,
       232, 153, 207, 97, 8, 179, 64, 144, 213, 1, 170, 189, 117, 15, 54,
       226, 83, 185, 131, 178, 139, 140, 24, 198, 171, 113, 136, 205,
       175, 182, 64, 158, 167, 231, 252, 213, 15, 73, 146, 241, 153, 246,
       30, 122, 136, 4, 131, 92, 53, 245, 106, 74, 244, 31, 231, 240, 68,
       96, 251, 78, 83, 88, 190, 112, 120, 204, 86, 110, 205, 179, 124,
       62, 118, 172, 165, 36, 109, 187, 114, 132, 218, 44, 151, 188, 203,
       224, 52, 70, 255, 151, 226, 49, 44, 191, 97, 223, 163, 243, 234,
       208, 32, 207, 130, 232, 153, 242, 94, 11, 130, 84, 167, 174, 124,
       77, 107, 238, 28, 198, 71, 240, 196, 128, 223, 66, 115, 241, 177,
       96, 120, 228, 62, 234, 73, 163, 58, 175, 241, 239, 163, 8, 53,
       187, 112, 32, 62, 232, 234, 190, 82, 193, 94, 221, 51, 6, 101,
       139, 125, 199, 42, 88, 127, 249, 151, 151, 106, 214, 218, 127,
       247, 231, 191, 233, 48, 48, 174, 242, 83, 183, 190, 158, 170, 252,
       61, 207, 174, 95, 133, 180, 252, 246, 206, 122, 231, 255, 255,
       149, 147, 75, 190, 241, 253, 54, 223, 251, 128, 84, 175, 119, 39,
       119, 97, 79, 246, 75, 239, 216, 69, 192, 125, 230, 81, 85, 157,
       36, 62, 120, 22, 254, 193, 176, 108, 220, 36, 12, 165, 132, 127,
       251, 82, 245, 91, 85, 111, 204, 59, 83, 223, 120, 13, 228, 223,
       171, 219, 63, 182, 224, 126, 149, 221, 239, 205, 131, 117, 222,
       243, 255, 171, 145, 55, 182, 109, 115, 61, 7, 120, 76, 60, 27, 83,
       72, 197, 132, 253, 42, 75, 72, 183, 52, 90, 168, 206, 110, 204,
       35, 108, 142, 178, 221, 129, 59, 115, 175, 110, 69, 248, 60, 158,
       188, 189, 229, 80, 79, 151, 191, 168, 25, 150, 241, 96, 89, 201,
       62, 236, 16, 62, 111, 210, 23, 219, 243, 85, 127, 144, 72, 188,
       11, 58, 55, 118, 237, 127, 83, 251, 121, 15, 228, 223, 163, 77,
       207, 182, 101, 126, 253, 255, 227, 196, 177, 173, 222, 119, 253,
       139, 151, 55, 166, 119, 255, 129, 217, 123, 111, 52, 223, 239,
       180, 124, 64, 114, 64, 243, 92, 157, 48, 94, 120, 94, 106, 195,
       176, 125, 63, 165, 188, 34, 0, 69, 154, 66, 253, 140, 117, 123,
       97, 240, 78, 119, 48, 121, 236, 119, 24, 223, 23, 136, 49, 182,
       92, 86, 122, 241, 244, 49, 14, 111, 249, 37, 68, 66, 179, 199,
       241, 142, 249, 179, 243, 235, 217, 181, 197, 159, 61, 68, 51, 140,
       159, 96, 8, 163, 27, 163, 80, 82, 92, 58, 240, 207, 209, 31, 111,
       146, 28, 133, 251, 57, 223, 126, 77, 151, 91, 86, 189, 101, 104,
       254, 34, 107, 52, 166, 244, 120, 214, 140, 234, 221, 185, 37, 191,
       186, 255, 132, 87, 119, 142, 252, 77, 56, 159, 66, 96, 145, 147,
       71, 247, 5, 13, 254, 166, 75, 3, 162, 212, 124, 130, 140, 252, 90,
       139, 97, 191, 250, 221, 132, 215, 59, 142, 236, 125, 74, 241, 252,
       118, 173, 93, 221, 149, 171, 253, 180, 9, 191, 253, 94, 186, 134,
       127, 253, 81, 146, 105, 250, 160, 75, 217, 116, 187, 231, 214,
       207, 251, 90, 59, 251, 114, 179, 200, 55, 199, 171, 5, 174, 169,
       46, 190, 99, 16, 166, 251, 237, 17, 18, 203, 162, 114, 251, 199,
       30, 11, 224, 69, 167, 107, 232, 188, 156, 248, 41, 237, 16, 7,
       158, 63, 176, 57, 190, 189, 64, 27, 135, 51, 238, 1, 46, 111, 210,
       51, 223, 211, 112, 59, 208, 8, 15, 27, 120, 186, 212, 58, 171,
       185, 16, 71, 171, 159, 184, 173, 175, 235, 66, 154, 135, 179, 236,
       16, 30, 107, 194, 49, 218, 211, 117, 123, 226, 70, 142, 11, 60,
       221, 88, 126, 91, 197, 87, 248, 163, 0, 237, 10, 127, 219, 33, 80,
       254, 251, 67, 226, 74, 3, 26, 63, 243, 237, 5, 58, 113, 51, 102,
       170, 87, 94, 143, 167, 160, 38, 110, 144, 168, 250, 139, 197, 213,
       110, 83, 90, 247, 229, 125, 183, 157, 193, 137, 64, 216, 174, 239,
       196, 140, 243, 57, 83, 202, 188, 148, 63, 43, 233, 144, 7, 191,
       31, 176, 185, 174, 158, 70, 155, 135, 51, 239, 0, 54, 109, 194,
       51, 142, 211, 90, 251, 208, 12, 143, 155, 46, 205, 172, 183, 149,
       6, 142, 164, 86, 151, 27, 19, 224, 104, 59, 65, 217, 66, 147, 87,
       116, 248, 88, 174, 105, 7, 223, 65, 149, 127, 220, 74, 90, 125,
       42, 228, 147, 210, 63, 230, 61, 196, 238, 139, 12, 190, 35, 112,
       252, 253, 155, 193, 72, 155, 240, 206, 243, 245, 158, 19, 3, 84,
       47, 122, 129, 92, 119, 93, 36, 220, 231, 182, 221, 74, 114, 64,
       179, 188, 181, 231, 202, 114, 62, 74, 225, 173, 55, 239, 1, 250,
       114, 0, 84, 249, 117, 125, 127, 28, 239, 183, 228, 62, 121, 26,
       127, 219, 255, 247, 223, 254, 223, 126, 255, 255, 255, 157, 157,
       240, 255, 224, 207, 255, 255, 128, 231, 239, 100, 117, 181, 79,
       233, 163, 246, 42, 239, 250, 116, 174, 255, 247, 83, 105, 211, 73,
       127, 206, 7, 239, 232, 182, 77, 42, 252, 15, 231, 164, 245, 251,
       240, 225, 58, 173, 40, 190, 157, 221, 145, 111, 159, 119, 140, 25,
       174, 220, 54, 0, 201, 179, 251, 1, 127, 43, 115, 247, 211, 87,
       154, 123, 82, 12, 149, 94, 191, 204, 116, 223, 39, 95, 253, 248,
       125, 122, 247, 146, 223, 93, 159, 109, 127, 212, 127, 238, 232,
       244, 109, 255, 247, 235, 119, 133, 119, 189, 117, 225, 182, 245,
       35, 80, 219, 199, 181, 251, 151, 252, 228, 10, 80, 221, 109, 37,
       61, 216, 211, 240, 251, 119, 186, 93, 121, 0, 133, 110, 67, 28,
       246, 246, 207, 60, 190, 255, 40, 60, 121, 90, 191, 159, 150, 176,
       253, 255, 211, 123, 199, 119, 255, 140, 160, 69, 227, 224, 215,
       251, 250, 153, 134, 245, 43, 237, 188, 237, 106, 239, 213, 159,
       126, 252, 117, 160, 255, 10, 123, 255, 191, 112, 124, 254, 159,
       250, 250, 179, 109, 237, 255, 237, 167, 161, 231, 254, 246, 138,
       223, 190, 134, 180, 139, 48, 28, 7, 187, 215, 130, 189, 141, 174,
       66, 219, 167, 229, 253, 149, 188, 79, 182, 192, 154, 115, 223,
       219, 140, 100, 175, 86, 58, 132, 41, 186, 157, 253, 209, 207, 223,
       125, 173, 25, 174, 221, 106, 24, 201, 155, 223, 17, 62, 43, 122,
       183, 219, 215, 24, 123, 210, 76, 214, 86, 58, 125, 58, 236, 211,
       214, 95, 103, 57, 196, 236, 13, 62, 191, 38, 112, 248, 187, 147,
       129, 73, 155, 112, 238, 243, 245, 158, 11, 42, 22, 166, 250, 186,
       188, 126, 254, 43, 241, 84, 107, 191, 22, 165, 185, 111, 255, 43,
       155, 239, 179, 237, 130, 46, 79, 42, 251, 211, 211, 88, 59, 114,
       68, 46, 75, 2, 42, 150, 156, 235, 160, 52, 199, 191, 135, 74, 161,
       172, 166, 101, 222, 227, 123, 170, 144, 18, 219, 130, 227, 156,
       246, 94, 11, 128, 84, 175, 142, 107, 169, 228, 82, 89, 185, 209,
       206, 234, 177, 36, 8, 184, 241, 87, 190, 3, 110, 250, 24, 130,
       105, 254, 113, 95, 29, 21, 61, 210, 212, 75, 172, 135, 14, 199,
       157, 246, 50, 236, 87, 148, 202, 90, 247, 105, 238, 183, 203, 239,
       111, 179, 133, 245, 220, 5, 202, 38, 111, 254, 130, 173, 244, 248,
       215, 59, 159, 110, 72, 179, 151, 94, 247, 5, 13, 254, 175, 75, 39,
       166, 244, 126, 178, 207, 252, 220, 171, 101, 191, 186, 221, 132,
       211, 115, 142, 236, 95, 83, 240, 190, 154, 57, 221, 59, 200, 175,
       85, 135, 12, 254, 214, 110, 114, 246, 241, 255, 213, 139, 75, 186,
       241, 217, 48, 143, 127, 16, 6, 47, 126, 3, 159, 107, 31, 178, 182,
       59, 51, 62, 79, 95, 245, 240, 238, 182, 100, 87, 59, 183, 141,
       183, 152, 109, 127, 44, 46, 186, 194, 156, 196, 180, 253, 141,
       112, 243, 91, 229, 63, 230, 216, 127, 90, 118, 84, 218, 216, 253,
