%YAML:1.0
---
descriptors: !!opencv-matrix
   rows: 257
   cols: 32
   dt: u
   data: [ 129, 74, 30, 159, 96, 130, 47, 120, 20, 2, 198, 198, 245, 194,
       161, 229, 126, 40, 10, 238, 97, 150, 127, 127, 164, 162, 234, 136,
       28, 177, 41, 184, 88, 190, 154, 178, 178, 172, 56, 135, 186, 7,
       106, 29, 191, 167, 64, 80, 167, 63, 109, 20, 50, 77, 146, 115,
       217, 229, 54, 104, 136, 64, 135, 27, 218, 178, 158, 186, 171, 165,
       24, 223, 138, 23, 132, 157, 157, 255, 106, 91, 231, 147, 253, 149,
       62, 79, 146, 209, 219, 195, 222, 255, 184, 64, 175, 27, 47, 172,
       224, 85, 247, 187, 239, 218, 95, 227, 124, 130, 153, 172, 215,
       164, 63, 110, 215, 223, 181, 248, 237, 254, 47, 95, 143, 224, 231,
       253, 211, 244, 37, 205, 90, 79, 84, 159, 102, 164, 109, 0, 239, 8,
       243, 96, 30, 180, 152, 228, 106, 110, 76, 176, 125, 47, 39, 255,
       5, 16, 74, 187, 202, 12, 219, 93, 227, 84, 246, 118, 255, 247,
       113, 234, 126, 246, 121, 253, 183, 101, 63, 254, 55, 174, 253,
       253, 181, 238, 127, 46, 229, 128, 239, 244, 244, 125, 12, 209, 63,
       249, 164, 237, 121, 147, 190, 89, 118, 112, 159, 223, 89, 121,
       230, 27, 127, 89, 147, 244, 115, 241, 199, 249, 122, 192, 180,
       144, 133, 243, 194, 172, 191, 184, 205, 228, 113, 15, 190, 87,
       128, 17, 188, 191, 98, 75, 193, 47, 123, 145, 54, 79, 210, 241,
       205, 179, 222, 123, 144, 64, 181, 202, 206, 254, 180, 184, 171,
       217, 144, 238, 143, 189, 152, 191, 238, 252, 70, 66, 135, 83, 239,
       17, 214, 111, 203, 243, 158, 87, 95, 251, 150, 76, 157, 95, 104,
       139, 150, 220, 205, 240, 148, 207, 223, 151, 248, 18, 96, 248, 38,
       202, 201, 114, 170, 16, 54, 235, 194, 162, 43, 247, 86, 91, 209,
       88, 252, 142, 16, 145, 59, 234, 180, 207, 115, 113, 100, 8, 255,
       98, 247, 215, 32, 96, 242, 56, 30, 120, 155, 185, 57, 29, 249,
       173, 35, 64, 48, 10, 117, 43, 3, 176, 159, 220, 125, 237, 185,
       123, 159, 89, 117, 60, 188, 255, 228, 123, 239, 59, 255, 17, 19,
       107, 178, 213, 93, 31, 219, 238, 220, 8, 133, 243, 221, 81, 21,
       101, 0, 78, 71, 56, 96, 232, 162, 72, 215, 55, 1, 51, 0, 84, 124,
       106, 105, 197, 241, 12, 225, 235, 101, 20, 106, 179, 67, 50, 235,
       190, 231, 21, 247, 182, 239, 247, 123, 234, 94, 246, 72, 236, 215,
       253, 55, 238, 183, 173, 245, 220, 188, 238, 62, 126, 223, 166,
       143, 244, 242, 253, 218, 188, 6, 184, 139, 180, 28, 167, 187, 83,
       130, 157, 175, 142, 66, 219, 167, 167, 237, 149, 126, 79, 146,
       211, 186, 241, 94, 127, 170, 68, 171, 26, 155, 140, 239, 95, 145,
       246, 111, 188, 52, 79, 95, 150, 249, 103, 154, 228, 119, 126, 191,
       174, 250, 156, 125, 239, 111, 239, 191, 128, 167, 215, 252, 120,
       210, 74, 14, 188, 46, 2, 89, 126, 148, 14, 210, 167, 53, 15, 35,
       65, 110, 165, 47, 197, 108, 143, 7, 255, 240, 227, 250, 129, 53,
       152, 45, 91, 57, 125, 123, 69, 116, 74, 103, 119, 97, 228, 126,
       40, 51, 21, 147, 48, 58, 254, 20, 76, 200, 184, 181, 46, 247, 173,
       36, 0, 101, 186, 70, 249, 37, 167, 104, 11, 253, 187, 231, 249,
       127, 109, 125, 44, 66, 232, 222, 52, 25, 138, 70, 125, 150, 58,
       109, 55, 62, 28, 37, 119, 219, 143, 218, 197, 45, 247, 235, 35,
       212, 118, 239, 221, 112, 125, 95, 246, 217, 44, 218, 168, 123,
       206, 22, 255, 151, 242, 237, 226, 110, 109, 190, 196, 239, 215,
       246, 244, 150, 44, 255, 247, 195, 118, 188, 67, 61, 178, 191, 146,
       205, 47, 21, 31, 47, 183, 127, 173, 48, 213, 21, 202, 151, 222,
       223, 131, 173, 116, 171, 150, 111, 61, 232, 86, 237, 120, 190,
       218, 251, 246, 61, 173, 201, 252, 223, 62, 159, 111, 245, 23, 149,
       114, 254, 226, 78, 95, 239, 191, 207, 247, 222, 215, 47, 243, 112,
       67, 122, 31, 250, 184, 107, 168, 53, 236, 201, 79, 223, 180, 150,
       93, 215, 234, 199, 48, 237, 253, 46, 220, 37, 254, 79, 183, 75,
       157, 84, 74, 210, 228, 38, 42, 226, 64, 237, 138, 123, 103, 199,
       235, 33, 74, 242, 237, 46, 98, 0, 177, 128, 200, 144, 228, 171, 0,
       237, 251, 121, 131, 10, 142, 38, 153, 215, 183, 188, 231, 31, 7,
       76, 147, 172, 174, 54, 196, 249, 43, 147, 133, 54, 156, 3, 255,
       47, 118, 158, 195, 151, 76, 189, 206, 67, 187, 143, 37, 168, 190,
       124, 55, 235, 233, 42, 77, 182, 172, 82, 82, 132, 103, 121, 5,
       133, 233, 211, 97, 167, 127, 92, 18, 200, 116, 139, 93, 74, 24,
       246, 220, 69, 214, 248, 103, 253, 142, 246, 3, 44, 191, 54, 223,
       232, 183, 191, 129, 20, 251, 50, 204, 87, 251, 218, 3, 131, 36,
       109, 206, 237, 121, 149, 69, 169, 30, 70, 186, 99, 186, 166, 76,
       202, 113, 193, 190, 17, 196, 236, 126, 201, 116, 217, 202, 175,
       250, 69, 54, 202, 245, 74, 36, 222, 6, 254, 252, 139, 114, 60, 71,
       181, 159, 247, 179, 77, 239, 35, 219, 237, 247, 239, 160, 48, 199,
       131, 202, 83, 227, 250, 133, 163, 116, 172, 195, 97, 48, 188, 85,
       13, 159, 208, 15, 206, 241, 166, 28, 178, 152, 86, 43, 128, 4,
       120, 29, 151, 105, 211, 17, 207, 217, 81, 112, 88, 8, 90, 14, 44,
       25, 251, 119, 244, 207, 119, 49, 116, 137, 127, 64, 247, 255, 32,
       16, 140, 58, 23, 24, 145, 184, 16, 46, 111, 239, 36, 64, 226, 170,
       192, 163, 74, 248, 189, 152, 125, 237, 249, 202, 191, 215, 180,
       152, 188, 223, 77, 43, 135, 217, 255, 17, 34, 111, 250, 241, 221,
       31, 95, 238, 148, 0, 39, 251, 181, 212, 237, 254, 252, 111, 79,
       252, 83, 254, 189, 26, 83, 125, 187, 59, 89, 194, 23, 110, 248,
       103, 121, 190, 251, 207, 229, 60, 245, 251, 212, 242, 15, 188,
       183, 90, 185, 255, 151, 254, 255, 95, 124, 61, 234, 253, 174, 165,
       159, 83, 255, 58, 183, 105, 59, 255, 43, 94, 21, 255, 210, 223,
       199, 119, 169, 32, 103, 89, 68, 153, 232, 19, 109, 113, 114, 194,
       153, 8, 148, 237, 106, 140, 126, 157, 135, 184, 103, 192, 6, 56,
       178, 192, 111, 140, 121, 172, 53, 77, 99, 205, 86, 2, 207, 248,
       68, 168, 255, 70, 83, 49, 177, 100, 120, 204, 22, 238, 201, 179,
       109, 140, 116, 172, 165, 132, 111, 187, 112, 176, 102, 165, 181,
       122, 249, 45, 80, 137, 91, 185, 41, 25, 194, 253, 92, 54, 157, 90,
       113, 52, 26, 98, 219, 19, 43, 222, 5, 126, 210, 110, 210, 166,
       147, 86, 167, 153, 165, 118, 164, 231, 93, 91, 218, 118, 192, 56,
       183, 237, 253, 79, 46, 163, 181, 255, 53, 238, 176, 50, 222, 130,
       221, 125, 185, 221, 111, 61, 234, 102, 246, 122, 187, 208, 123,
       237, 125, 173, 91, 252, 215, 50, 191, 111, 245, 85, 149, 250, 188,
       234, 126, 125, 45, 235, 205, 231, 223, 215, 216, 189, 31, 186,
       154, 204, 23, 167, 176, 81, 136, 57, 191, 247, 10, 83, 167, 247,
       109, 210, 123, 79, 154, 63, 249, 227, 30, 90, 32, 64, 167, 123,
       169, 180, 255, 117, 116, 174, 107, 51, 112, 203, 126, 88, 243, 53,
       152, 113, 31, 190, 22, 40, 177, 252, 241, 15, 111, 175, 48, 192,
       236, 200, 194, 185, 3, 189, 231, 87, 247, 182, 174, 247, 123, 235,
       82, 246, 104, 252, 180, 237, 255, 111, 179, 141, 181, 248, 189,
       238, 46, 62, 223, 194, 143, 244, 243, 253, 25, 213, 123, 71, 118,
       202, 111, 245, 116, 69, 127, 34, 123, 119, 156, 52, 126, 202, 20,
       238, 217, 184, 53, 111, 103, 173, 38, 128, 101, 146, 230, 249,
       169, 34, 248, 93, 124, 191, 225, 91, 86, 207, 245, 20, 163, 224,
       190, 28, 88, 168, 6, 12, 191, 190, 119, 27, 70, 207, 50, 8, 251,
       232, 106, 212, 15, 223, 239, 91, 244, 246, 111, 188, 119, 95, 95,
       214, 249, 231, 190, 109, 125, 222, 63, 222, 251, 208, 127, 247,
       111, 47, 255, 196, 183, 215, 244, 252, 218, 116, 191, 254, 153,
       252, 85, 15, 191, 31, 143, 25, 254, 255, 42, 123, 193, 243, 253,
       0, 42, 71, 251, 219, 243, 243, 95, 27, 146, 80, 165, 115, 189,
       156, 252, 251, 221, 255, 87, 190, 87, 103, 127, 23, 83, 125, 26,
       105, 217, 254, 183, 94, 186, 248, 121, 191, 239, 255, 213, 80,
       251, 219, 212, 242, 188, 105, 113, 101, 36, 11, 71, 240, 69, 160,
       182, 74, 19, 25, 149, 181, 104, 244, 85, 106, 200, 178, 81, 188,
