%YAML:1.0
---
descriptors: !!opencv-matrix
   rows: 247
   cols: 32
   dt: u
   data: [ 165, 126, 237, 103, 164, 47, 207, 184, 86, 250, 22, 72, 211,
       57, 213, 43, 93, 68, 124, 127, 233, 244, 253, 46, 109, 143, 229,
       148, 229, 251, 80, 96, 253, 175, 201, 68, 254, 19, 207, 248, 83,
       226, 188, 238, 83, 104, 215, 167, 127, 204, 86, 110, 237, 99, 237,
       174, 58, 79, 165, 188, 239, 255, 122, 213, 159, 222, 230, 158,
       158, 19, 190, 248, 215, 250, 144, 231, 105, 236, 191, 227, 127,
       231, 191, 231, 245, 199, 47, 239, 186, 7, 239, 159, 191, 252, 57,
       85, 71, 251, 141, 151, 152, 196, 167, 172, 190, 255, 2, 101, 228,
       246, 207, 66, 225, 103, 106, 211, 103, 89, 171, 121, 44, 34, 255,
       198, 152, 114, 37, 95, 163, 205, 18, 248, 252, 133, 206, 247, 133,
       8, 248, 66, 50, 217, 52, 33, 204, 187, 23, 205, 250, 171, 66, 189,
       41, 156, 174, 248, 93, 136, 240, 136, 108, 117, 184, 103, 237, 31,
       86, 152, 99, 172, 189, 77, 223, 121, 75, 154, 157, 220, 205, 126,
       158, 98, 217, 24, 239, 221, 37, 61, 202, 251, 202, 147, 163, 174,
       226, 24, 207, 181, 176, 79, 222, 251, 240, 255, 136, 232, 246,
       175, 237, 43, 250, 21, 181, 111, 198, 242, 30, 26, 223, 251, 223,
       76, 251, 157, 101, 207, 89, 196, 248, 11, 79, 185, 12, 160, 190,
       238, 211, 101, 145, 50, 86, 212, 63, 110, 233, 18, 109, 12, 110,
       137, 37, 148, 60, 186, 192, 57, 34, 159, 99, 139, 212, 167, 170,
       239, 78, 1, 120, 102, 32, 232, 180, 4, 252, 11, 19, 189, 147, 184,
       73, 253, 44, 12, 142, 226, 213, 74, 241, 168, 67, 168, 111, 241,
       32, 220, 105, 23, 111, 89, 86, 68, 189, 159, 210, 123, 39, 47,
       127, 156, 151, 220, 183, 113, 207, 185, 186, 192, 172, 130, 195,
       253, 76, 23, 157, 231, 36, 14, 127, 56, 41, 170, 127, 96, 223,
       115, 137, 82, 150, 213, 125, 110, 137, 208, 201, 8, 231, 255, 101,
       132, 40, 227, 65, 49, 229, 168, 149, 90, 205, 189, 192, 155, 251,
       123, 164, 92, 182, 240, 92, 189, 137, 2, 106, 28, 183, 107, 251,
       113, 143, 26, 85, 126, 218, 72, 219, 172, 83, 188, 150, 186, 153,
       189, 16, 199, 251, 27, 168, 28, 62, 250, 96, 252, 165, 187, 222,
       0, 50, 107, 146, 247, 155, 222, 18, 123, 208, 64, 171, 47, 77, 49,
       57, 103, 112, 78, 119, 56, 40, 104, 127, 72, 222, 87, 136, 48,
       150, 85, 92, 106, 193, 208, 249, 76, 231, 189, 33, 196, 66, 163,
       7, 115, 120, 184, 253, 116, 173, 253, 81, 119, 227, 243, 164, 56,
       59, 189, 64, 59, 137, 178, 253, 16, 27, 107, 242, 49, 91, 219, 85,
       123, 227, 200, 198, 50, 189, 86, 233, 78, 254, 83, 151, 248, 18,
       238, 181, 239, 83, 116, 143, 37, 95, 220, 151, 110, 237, 246, 109,
       174, 122, 79, 229, 182, 127, 255, 92, 247, 210, 180, 159, 184,
       171, 225, 17, 79, 191, 23, 160, 57, 46, 254, 100, 91, 167, 179,
       239, 144, 58, 79, 154, 243, 155, 210, 90, 123, 144, 64, 167, 91,
       77, 127, 156, 231, 160, 14, 127, 184, 36, 234, 63, 109, 223, 115,
       11, 83, 149, 213, 109, 110, 232, 192, 201, 42, 239, 255, 101, 149,
       168, 242, 202, 19, 185, 80, 215, 93, 15, 23, 68, 92, 87, 242, 118,
       70, 91, 240, 181, 238, 89, 236, 126, 106, 233, 246, 223, 136, 16,
       250, 197, 4, 111, 251, 120, 37, 249, 176, 185, 120, 185, 253, 81,
       222, 187, 123, 164, 28, 190, 159, 66, 60, 133, 155, 221, 16, 187,
       79, 250, 179, 219, 221, 21, 127, 218, 4, 135, 251, 15, 119, 208,
       131, 251, 63, 174, 217, 63, 242, 191, 238, 204, 102, 203, 174,
       127, 209, 206, 254, 149, 114, 253, 194, 188, 20, 143, 252, 142,
       255, 139, 181, 255, 56, 97, 80, 141, 221, 81, 82, 203, 252, 180,
       24, 26, 157, 214, 191, 136, 244, 252, 24, 155, 103, 250, 144, 155,
       89, 85, 123, 195, 13, 86, 119, 23, 222, 78, 151, 178, 166, 174,
       112, 180, 74, 91, 247, 69, 106, 190, 81, 119, 229, 31, 175, 181,
       149, 13, 78, 176, 46, 171, 196, 173, 231, 169, 149, 150, 142, 110,
       188, 46, 130, 186, 98, 149, 206, 211, 183, 105, 206, 182, 65, 238,
       161, 191, 135, 108, 143, 6, 239, 82, 99, 234, 139, 61, 37, 57,
       215, 45, 38, 124, 111, 116, 63, 82, 24, 101, 168, 253, 77, 251, 9,
       19, 24, 216, 168, 198, 46, 172, 180, 73, 30, 199, 223, 33, 17,
       234, 171, 90, 131, 237, 117, 189, 103, 96, 78, 119, 184, 121, 202,
       119, 76, 222, 119, 9, 51, 180, 84, 124, 106, 225, 244, 185, 78,
       231, 251, 96, 4, 72, 179, 67, 115, 216, 92, 63, 244, 42, 202, 54,
       98, 172, 142, 178, 51, 63, 191, 32, 195, 166, 117, 237, 194, 97,
       197, 34, 232, 243, 227, 106, 147, 32, 113, 37, 59, 219, 95, 78,
       189, 178, 146, 126, 247, 180, 4, 82, 231, 109, 43, 163, 193, 102,
       231, 175, 197, 228, 153, 5, 239, 246, 227, 254, 128, 63, 148, 169,
       25, 70, 187, 135, 157, 221, 197, 163, 234, 254, 188, 82, 102, 228,
       232, 102, 134, 185, 111, 234, 209, 67, 105, 139, 253, 44, 54, 239,
       238, 73, 32, 125, 191, 245, 215, 230, 4, 158, 7, 78, 255, 87, 226,
       222, 199, 115, 104, 183, 68, 127, 198, 116, 45, 253, 235, 93, 30,
       186, 110, 101, 20, 255, 252, 112, 92, 124, 49, 156, 229, 173, 78,
       86, 56, 34, 190, 150, 41, 215, 63, 65, 218, 213, 213, 253, 226,
       72, 65, 217, 8, 251, 227, 237, 181, 160, 123, 30, 3, 19, 242, 101,
       197, 38, 3, 233, 188, 46, 122, 18, 238, 125, 46, 157, 165, 54,
       197, 125, 237, 193, 144, 37, 221, 52, 10, 251, 132, 45, 146, 1,
       121, 109, 113, 184, 103, 253, 31, 86, 152, 99, 236, 61, 77, 223,
       121, 75, 144, 148, 204, 197, 126, 200, 50, 217, 56, 239, 221, 37,
       53, 202, 187, 74, 211, 34, 237, 40, 26, 221, 209, 181, 238, 159,
       117, 204, 155, 40, 236, 118, 0, 201, 219, 195, 213, 70, 107, 126,
       245, 127, 21, 156, 123, 85, 92, 214, 222, 127, 246, 160, 160, 169,
       61, 94, 190, 27, 255, 157, 93, 207, 110, 94, 183, 213, 199, 253,
       183, 191, 66, 219, 179, 187, 211, 207, 255, 154, 245, 155, 87,
       143, 186, 156, 251, 237, 165, 185, 222, 158, 31, 85, 50, 188, 211,
       234, 9, 229, 59, 63, 24, 146, 92, 106, 243, 205, 159, 127, 234,
       144, 73, 161, 163, 151, 30, 229, 149, 142, 51, 142, 184, 215, 242,
       147, 215, 73, 108, 157, 239, 127, 197, 255, 239, 237, 231, 127,
       206, 24, 10, 239, 148, 175, 253, 113, 117, 137, 143, 127, 87, 116,
       138, 233, 55, 125, 5, 118, 212, 187, 161, 180, 112, 114, 46, 38,
       28, 177, 188, 37, 111, 70, 191, 50, 64, 110, 128, 67, 169, 59,
       143, 98, 12, 86, 147, 238, 127, 85, 164, 222, 231, 99, 104, 182,
       196, 122, 238, 6, 239, 220, 187, 13, 191, 50, 111, 161, 193, 119,
       174, 248, 204, 135, 20, 254, 215, 230, 54, 188, 191, 121, 83, 87,
       182, 72, 126, 190, 111, 255, 87, 183, 167, 181, 212, 63, 230, 46,
       59, 223, 135, 135, 245, 249, 213, 105, 169, 90, 233, 116, 142,
       123, 49, 96, 8, 126, 8, 183, 3, 130, 80, 118, 172, 78, 108, 82,
       184, 64, 29, 230, 173, 32, 64, 120, 130, 66, 169, 172, 74, 252,
       69, 100, 47, 99, 16, 117, 174, 118, 28, 147, 1, 147, 56, 88, 172,
       70, 110, 168, 180, 97, 10, 71, 157, 33, 16, 75, 185, 86, 225, 135,
       20, 223, 245, 130, 38, 45, 31, 60, 179, 66, 210, 221, 55, 65, 107,
       103, 87, 59, 184, 49, 212, 81, 194, 205, 162, 223, 4, 172, 240,
       161, 176, 216, 32, 26, 168, 42, 73, 17, 72, 174, 36, 160, 41, 159,
       215, 34, 80, 238, 149, 239, 129, 8, 67, 131, 16, 209, 225, 43, 59,
       16, 0, 39, 67, 3, 137, 92, 153, 244, 137, 168, 39, 94, 49, 88,
       146, 164, 128, 244, 68, 67, 43, 34, 28, 18, 184, 71, 247, 12, 30,
       22, 96, 148, 136, 193, 172, 35, 173, 51, 137, 212, 167, 170, 111,
       78, 97, 121, 130, 168, 236, 52, 132, 248, 11, 19, 177, 19, 186,
       81, 255, 45, 20, 138, 66, 213, 74, 241, 172, 147, 86, 231, 157,
       198, 54, 172, 119, 124, 87, 82, 215, 9, 42, 182, 239, 111, 135,
       51, 173, 181, 220, 53, 202, 180, 106, 218, 128, 173, 212, 185,
       220, 7, 219, 239, 23, 208, 134, 127, 230, 179, 87, 106, 149, 72,
       174, 102, 90, 173, 247, 99, 212, 246, 217, 190, 98, 107, 62, 222,
