%YAML:1.0
---
descriptors: !!opencv-matrix
   rows: 291
   cols: 32
   dt: u
   data: [ 2, 158, 123, 179, 50, 168, 59, 115, 188, 69, 95, 183, 188,
       231, 42, 64, 167, 59, 159, 148, 178, 153, 52, 239, 205, 183, 58,
       194, 164, 192, 165, 123, 74, 173, 63, 250, 169, 225, 57, 71, 175,
       31, 140, 49, 172, 183, 98, 91, 197, 59, 235, 144, 18, 75, 162,
       245, 219, 211, 218, 123, 144, 68, 167, 123, 49, 221, 107, 109, 52,
       31, 230, 125, 68, 104, 250, 102, 83, 24, 180, 225, 124, 236, 22,
       111, 237, 178, 117, 29, 54, 105, 33, 128, 125, 186, 248, 157, 188,
       205, 123, 74, 175, 249, 87, 214, 197, 6, 188, 56, 10, 253, 111,
       54, 139, 218, 206, 98, 126, 39, 234, 162, 115, 221, 4, 127, 243,
       223, 198, 231, 45, 22, 77, 229, 118, 106, 235, 184, 84, 232, 126,
       230, 83, 53, 153, 100, 126, 220, 54, 238, 169, 240, 109, 142, 110,
       239, 165, 132, 111, 235, 112, 241, 186, 29, 118, 189, 89, 214,
       184, 99, 141, 12, 244, 3, 40, 62, 38, 193, 236, 51, 147, 161, 116,
       171, 50, 221, 3, 251, 218, 195, 83, 12, 45, 222, 175, 118, 114,
       90, 109, 245, 187, 216, 95, 204, 125, 62, 104, 220, 255, 173, 94,
       248, 146, 250, 195, 246, 254, 249, 23, 24, 129, 171, 95, 223, 126,
       245, 138, 249, 186, 255, 109, 212, 61, 236, 157, 92, 84, 19, 172,
       223, 110, 97, 204, 89, 147, 195, 70, 126, 242, 225, 231, 241, 206,
       43, 18, 28, 189, 219, 9, 23, 229, 69, 52, 74, 235, 56, 116, 232,
       94, 230, 217, 49, 145, 228, 118, 76, 63, 237, 161, 240, 117, 206,
       100, 46, 171, 132, 175, 163, 81, 177, 135, 22, 35, 155, 37, 247,
       184, 72, 95, 94, 213, 183, 236, 204, 55, 205, 255, 41, 151, 135,
       231, 180, 63, 253, 130, 89, 139, 135, 31, 95, 61, 215, 170, 220,
       44, 174, 109, 84, 191, 236, 201, 86, 212, 131, 172, 253, 63, 7,
       204, 209, 147, 227, 224, 39, 250, 255, 119, 121, 202, 171, 23, 61,
       127, 219, 234, 213, 60, 234, 93, 213, 187, 236, 201, 116, 180, 11,
       72, 92, 62, 133, 204, 145, 211, 113, 246, 43, 122, 247, 127, 89,
       143, 127, 87, 30, 220, 222, 79, 254, 149, 95, 175, 221, 134, 155,
       223, 251, 153, 110, 236, 244, 205, 230, 197, 114, 234, 19, 195,
       105, 250, 243, 61, 54, 7, 62, 90, 126, 197, 255, 14, 248, 176,
       153, 207, 85, 182, 206, 31, 245, 76, 3, 140, 252, 110, 140, 249,
       89, 179, 209, 22, 114, 58, 242, 79, 85, 159, 111, 147, 127, 189,
       214, 87, 226, 168, 167, 140, 5, 95, 136, 2, 246, 137, 141, 211,
       236, 91, 74, 221, 197, 121, 215, 140, 67, 255, 48, 233, 79, 239,
       189, 140, 119, 22, 82, 96, 34, 8, 165, 100, 15, 64, 56, 33, 172,
       230, 77, 135, 65, 75, 16, 156, 140, 76, 44, 140, 178, 209, 8, 198,
       213, 33, 21, 72, 168, 90, 10, 30, 150, 228, 145, 173, 115, 188,
       239, 95, 119, 151, 183, 200, 44, 222, 139, 171, 7, 255, 133, 182,
       125, 47, 211, 30, 87, 223, 199, 215, 108, 253, 214, 182, 60, 254,
       252, 126, 181, 186, 202, 159, 94, 84, 183, 108, 254, 63, 11, 191,
       123, 151, 247, 166, 231, 62, 255, 19, 91, 139, 171, 221, 125, 61,
       223, 18, 99, 27, 142, 58, 193, 27, 76, 173, 68, 197, 137, 174,
       198, 43, 52, 222, 185, 202, 227, 76, 3, 38, 92, 177, 16, 10, 59,
       16, 22, 39, 124, 87, 49, 172, 37, 140, 30, 156, 29, 134, 245, 138,
       141, 215, 44, 83, 106, 132, 197, 249, 213, 157, 73, 247, 0, 201,
       103, 223, 52, 140, 46, 153, 84, 81, 115, 136, 165, 44, 141, 90,
       20, 166, 229, 138, 205, 215, 140, 90, 82, 196, 197, 237, 85, 222,
       11, 215, 0, 216, 229, 173, 121, 44, 158, 24, 88, 132, 220, 31,
       127, 246, 166, 118, 247, 116, 10, 120, 83, 116, 115, 41, 97, 189,
       123, 23, 42, 225, 188, 24, 127, 103, 175, 118, 128, 249, 242, 225,
       171, 181, 221, 90, 78, 240, 19, 78, 224, 80, 136, 255, 174, 83,
       122, 167, 113, 92, 252, 22, 234, 237, 179, 108, 44, 250, 169, 229,
       157, 121, 187, 106, 20, 64, 56, 30, 49, 67, 141, 49, 66, 174, 189,
       98, 73, 182, 151, 64, 25, 132, 59, 107, 16, 2, 216, 210, 113, 197,
       144, 16, 106, 64, 0, 7, 171, 87, 1, 83, 236, 82, 2, 106, 97, 45,
       0, 235, 66, 93, 194, 40, 240, 50, 189, 20, 232, 69, 145, 20, 206,
       176, 236, 138, 128, 41, 162, 35, 4, 21, 180, 173, 247, 148, 102,
       223, 248, 242, 214, 141, 21, 247, 111, 91, 35, 253, 199, 125, 171,
       173, 227, 250, 46, 233, 239, 239, 101, 192, 115, 103, 210, 130, 0,
       134, 145, 69, 87, 176, 76, 157, 181, 83, 19, 140, 154, 100, 207,
       232, 13, 179, 17, 4, 212, 83, 192, 5, 16, 218, 71, 150, 12, 61,
       134, 114, 131, 226, 164, 139, 82, 156, 107, 1, 133, 186, 171, 13,
       174, 100, 210, 254, 149, 175, 128, 92, 11, 128, 192, 187, 244,
       142, 159, 165, 38, 166, 95, 35, 137, 100, 139, 149, 211, 162, 232,
       76, 64, 89, 6, 232, 72, 191, 224, 216, 43, 146, 103, 215, 184, 44,
       253, 36, 24, 138, 195, 93, 15, 121, 204, 2, 234, 162, 159, 87,
       224, 190, 196, 30, 71, 88, 163, 172, 238, 59, 128, 223, 107, 147,
       199, 2, 146, 78, 243, 37, 52, 158, 171, 149, 94, 189, 223, 51,
       150, 109, 252, 62, 131, 207, 121, 150, 74, 221, 246, 113, 237,
       176, 96, 127, 160, 63, 173, 249, 175, 46, 159, 240, 239, 171, 216,
       61, 170, 240, 49, 17, 162, 203, 241, 150, 171, 233, 87, 118, 35,
       66, 150, 25, 11, 120, 104, 107, 136, 19, 157, 179, 188, 53, 210,
       221, 143, 154, 68, 173, 136, 241, 184, 150, 223, 115, 178, 230,
       160, 255, 244, 153, 218, 25, 247, 124, 255, 253, 66, 183, 251,
       151, 231, 240, 23, 12, 234, 122, 14, 239, 174, 181, 247, 165, 243,
       39, 68, 237, 197, 206, 50, 173, 152, 86, 242, 159, 246, 209, 108,
       223, 111, 95, 196, 122, 191, 161, 117, 239, 128, 76, 10, 239, 180,
       253, 249, 80, 116, 70, 249, 150, 147, 233, 148, 188, 172, 143, 29,
       16, 33, 236, 254, 110, 206, 135, 123, 187, 81, 86, 72, 154, 241,
       45, 18, 95, 235, 144, 23, 173, 95, 185, 209, 121, 233, 124, 197,
       199, 255, 70, 68, 220, 66, 51, 157, 184, 32, 88, 154, 22, 104,
       203, 43, 116, 191, 241, 141, 176, 60, 117, 152, 244, 248, 33, 181,
       121, 107, 244, 111, 227, 255, 112, 109, 124, 24, 147, 21, 152, 48,
       29, 26, 22, 56, 179, 186, 120, 31, 111, 157, 52, 100, 241, 202,
       198, 249, 154, 199, 102, 222, 118, 144, 172, 117, 245, 13, 223,
       230, 105, 234, 190, 197, 126, 171, 151, 200, 224, 139, 6, 255, 50,
       106, 190, 139, 63, 158, 249, 141, 105, 181, 178, 190, 189, 45,
       213, 87, 251, 253, 121, 29, 142, 184, 106, 154, 157, 175, 110, 21,
       158, 123, 250, 194, 249, 254, 22, 122, 210, 108, 195, 75, 9, 94,
       22, 255, 48, 173, 106, 176, 253, 10, 118, 68, 190, 211, 129, 245,
       164, 104, 78, 110, 163, 180, 9, 125, 132, 249, 34, 128, 90, 145,
       41, 41, 14, 131, 144, 155, 195, 241, 188, 205, 31, 21, 77, 131,
       204, 206, 110, 204, 213, 27, 131, 144, 22, 144, 75, 240, 15, 86,
       158, 239, 146, 87, 173, 214, 184, 158, 158, 246, 145, 38, 93, 183,
       17, 135, 190, 31, 111, 103, 2, 17, 221, 247, 133, 132, 120, 207,
       80, 175, 251, 231, 253, 81, 227, 124, 238, 122, 164, 125, 249, 65,
       244, 111, 83, 216, 115, 248, 53, 8, 83, 21, 197, 57, 29, 220, 84,
       122, 187, 114, 249, 6, 111, 137, 37, 116, 227, 171, 70, 243, 120,
       183, 188, 164, 46, 79, 87, 57, 2, 238, 158, 47, 215, 125, 74, 2,
       156, 215, 253, 99, 204, 67, 217, 10, 251, 227, 109, 59, 36, 234,
       28, 83, 63, 65, 106, 68, 103, 94, 250, 80, 69, 192, 247, 10, 91,
       24, 191, 36, 122, 172, 22, 239, 205, 179, 53, 140, 83, 105, 0,
       135, 103, 175, 122, 196, 10, 52, 214, 145, 215, 251, 176, 67, 191,
       135, 231, 183, 140, 170, 102, 141, 235, 187, 203, 145, 52, 251,
       18, 214, 158, 87, 90, 107, 143, 76, 175, 150, 182, 107, 226, 148,
       207, 144, 174, 193, 201, 208, 80, 227, 8, 200, 247, 143, 106, 105,
       179, 215, 196, 247, 134, 224, 48, 24, 207, 171, 7, 119, 251, 196,
       119, 97, 104, 136, 159, 153, 158, 232, 207, 132, 140, 138, 207,
       200, 127, 36, 26, 233, 218, 111, 76, 35, 206, 252, 242, 13, 13,
