%YAML:1.0
---
descriptors: !!opencv-matrix
   rows: 223
   cols: 32
   dt: u
   data: [ 14, 91, 102, 186, 231, 178, 190, 98, 141, 196, 222, 135, 40,
       238, 55, 77, 238, 233, 179, 199, 196, 147, 22, 236, 50, 113, 202,
       139, 31, 127, 61, 214, 79, 51, 239, 229, 60, 86, 91, 25, 160, 204,
       86, 229, 253, 215, 211, 246, 22, 124, 181, 252, 193, 196, 179,
       136, 202, 233, 175, 128, 46, 166, 58, 249, 130, 204, 14, 159, 19,
       198, 190, 230, 157, 0, 66, 131, 44, 238, 53, 65, 236, 123, 19,
       197, 102, 143, 18, 255, 51, 54, 154, 11, 16, 5, 37, 222, 30, 212,
       119, 234, 36, 91, 255, 252, 221, 74, 191, 227, 251, 93, 189, 36,
       191, 209, 223, 239, 233, 37, 41, 251, 179, 223, 101, 150, 119,
       254, 244, 123, 238, 60, 239, 190, 77, 116, 189, 64, 137, 214, 85,
       147, 108, 255, 119, 143, 236, 249, 147, 231, 224, 71, 186, 201,
       87, 121, 202, 139, 7, 103, 63, 242, 66, 184, 181, 183, 58, 196,
       169, 230, 191, 249, 250, 66, 252, 254, 65, 114, 231, 247, 127,
       145, 3, 89, 187, 241, 157, 54, 223, 194, 128, 32, 37, 123, 252,
       55, 254, 224, 249, 102, 91, 17, 161, 143, 175, 48, 95, 119, 67,
       90, 86, 213, 205, 186, 56, 211, 160, 10, 219, 237, 39, 69, 162,
       227, 230, 99, 151, 163, 73, 243, 246, 128, 233, 245, 108, 121, 81,
       246, 185, 11, 216, 32, 126, 139, 23, 189, 211, 184, 12, 213, 108,
       137, 174, 224, 173, 138, 241, 177, 61, 111, 225, 70, 206, 19, 199,
       248, 64, 226, 185, 238, 83, 104, 221, 167, 121, 204, 70, 238, 201,
       99, 237, 42, 56, 72, 229, 60, 125, 251, 114, 172, 66, 216, 191,
       215, 230, 196, 173, 231, 62, 223, 210, 19, 244, 190, 108, 74, 231,
       215, 59, 144, 18, 217, 187, 225, 221, 54, 222, 194, 128, 88, 165,
       251, 3, 219, 10, 189, 118, 128, 62, 230, 28, 65, 90, 231, 172,
       138, 50, 192, 246, 107, 179, 197, 231, 152, 7, 255, 100, 38, 186,
       131, 28, 20, 57, 93, 27, 49, 253, 231, 38, 18, 121, 25, 111, 249,
       119, 227, 89, 95, 158, 126, 54, 189, 181, 173, 141, 208, 173, 200,
       70, 249, 235, 134, 47, 134, 98, 245, 92, 180, 53, 184, 169, 101,
       81, 250, 187, 55, 165, 25, 94, 255, 74, 19, 133, 211, 253, 144,
       42, 79, 250, 149, 219, 211, 93, 126, 162, 5, 166, 115, 195, 86,
       87, 191, 106, 34, 169, 24, 188, 90, 83, 245, 245, 230, 167, 111,
       198, 117, 62, 47, 165, 212, 255, 205, 4, 50, 106, 138, 28, 180,
       33, 125, 132, 157, 255, 123, 214, 166, 183, 255, 84, 11, 121, 82,
       84, 123, 41, 105, 253, 123, 3, 58, 112, 188, 24, 127, 111, 142,
       119, 68, 217, 241, 225, 163, 33, 166, 205, 245, 222, 43, 230, 255,
       86, 163, 250, 250, 243, 96, 208, 35, 121, 206, 110, 173, 185, 254,
       205, 31, 252, 142, 245, 240, 237, 232, 210, 168, 45, 117, 241, 65,
       117, 63, 238, 216, 123, 232, 120, 76, 27, 16, 213, 180, 58, 204,
       22, 110, 129, 178, 253, 216, 38, 28, 1, 36, 239, 255, 82, 181, 81,
       12, 239, 191, 140, 34, 237, 119, 228, 83, 210, 194, 241, 43, 176,
       107, 106, 230, 126, 141, 153, 249, 165, 233, 212, 171, 250, 0,
       165, 248, 240, 168, 144, 209, 93, 255, 20, 199, 77, 189, 132, 88,
       210, 66, 245, 87, 168, 97, 72, 144, 63, 234, 105, 137, 83, 157,
       225, 160, 226, 144, 52, 152, 176, 56, 15, 96, 226, 177, 101, 246,
       168, 80, 185, 206, 213, 151, 136, 204, 127, 40, 253, 41, 147, 149,
       140, 215, 182, 202, 67, 93, 155, 139, 135, 117, 55, 246, 94, 136,
       246, 254, 173, 114, 222, 167, 223, 87, 251, 135, 239, 237, 62,
       206, 207, 231, 255, 149, 158, 233, 91, 225, 139, 255, 223, 211,
       199, 255, 253, 71, 152, 44, 219, 161, 214, 163, 104, 211, 55, 35,
       242, 250, 31, 131, 97, 88, 107, 155, 7, 144, 43, 190, 129, 226,
       220, 197, 186, 100, 229, 73, 34, 168, 82, 188, 148, 50, 171, 253,
       20, 199, 255, 31, 176, 61, 174, 238, 76, 159, 167, 83, 238, 16,
       23, 105, 154, 241, 155, 210, 84, 123, 218, 84, 143, 31, 220, 148,
       158, 62, 187, 252, 20, 7, 187, 159, 167, 61, 238, 255, 74, 154,
       163, 115, 233, 16, 54, 77, 146, 98, 251, 243, 85, 123, 226, 116,
       143, 83, 255, 52, 150, 52, 171, 248, 24, 67, 185, 219, 176, 189,
       143, 246, 202, 155, 163, 167, 237, 148, 61, 199, 146, 192, 154,
       243, 122, 251, 170, 69, 139, 151, 189, 191, 117, 251, 244, 18,
       255, 248, 113, 216, 252, 230, 59, 127, 155, 49, 127, 219, 23, 255,
       253, 250, 108, 172, 110, 217, 231, 224, 231, 239, 242, 241, 220,
       164, 141, 254, 141, 108, 85, 138, 179, 19, 167, 24, 223, 247, 72,
       123, 193, 214, 121, 10, 58, 67, 218, 33, 209, 243, 215, 29, 128,
       113, 142, 34, 139, 145, 98, 81, 245, 215, 184, 69, 95, 77, 87, 50,
       136, 28, 190, 108, 254, 10, 150, 29, 215, 184, 53, 213, 15, 91,
       154, 199, 87, 12, 253, 213, 53, 14, 203, 224, 148, 34, 107, 83,
       84, 131, 218, 194, 17, 171, 177, 64, 121, 140, 14, 60, 57, 191, 5,
       142, 248, 175, 182, 68, 165, 235, 112, 160, 124, 103, 225, 35,
       236, 75, 215, 136, 82, 230, 185, 169, 91, 108, 95, 27, 153, 197,
       101, 119, 204, 114, 239, 56, 126, 10, 165, 181, 229, 127, 86, 210,
       209, 248, 59, 176, 17, 204, 81, 23, 121, 72, 192, 28, 190, 158, 2,
       112, 166, 169, 93, 5, 203, 14, 176, 119, 129, 249, 26, 74, 8, 4,
       131, 123, 146, 219, 62, 188, 46, 135, 156, 119, 156, 14, 214, 183,
       191, 28, 50, 1, 238, 51, 223, 231, 236, 173, 19, 189, 243, 195,
       122, 145, 85, 24, 173, 219, 236, 212, 241, 199, 112, 78, 79, 48,
       33, 234, 239, 104, 115, 119, 136, 119, 22, 244, 125, 106, 233,
       214, 249, 47, 245, 174, 101, 144, 34, 179, 134, 113, 165, 89, 43,
       234, 196, 165, 239, 212, 70, 80, 237, 6, 145, 203, 121, 104, 220,
       170, 18, 222, 203, 51, 122, 240, 245, 152, 142, 104, 25, 91, 240,
       240, 64, 153, 191, 215, 188, 198, 173, 247, 190, 29, 198, 2, 244,
       247, 104, 66, 97, 94, 59, 152, 2, 217, 251, 97, 221, 38, 255, 68,
       128, 64, 165, 250, 61, 118, 233, 73, 254, 51, 203, 216, 70, 225,
       157, 238, 83, 105, 217, 32, 95, 200, 23, 254, 139, 50, 109, 144,
       110, 205, 165, 188, 255, 251, 80, 241, 34, 165, 32, 152, 221, 213,
       148, 239, 223, 85, 136, 25, 164, 156, 126, 32, 201, 11, 211, 17,
       118, 46, 114, 183, 47, 92, 156, 123, 210, 12, 220, 206, 252, 55,
       150, 224, 243, 54, 88, 83, 161, 143, 175, 49, 15, 183, 67, 223,
       231, 247, 253, 48, 56, 203, 144, 138, 219, 251, 7, 199, 162, 229,
       174, 83, 123, 50, 244, 229, 39, 86, 89, 27, 33, 236, 214, 167, 31,
       31, 214, 63, 150, 181, 181, 188, 205, 216, 241, 140, 219, 219,
       253, 147, 46, 164, 126, 119, 146, 93, 63, 252, 195, 228, 62, 66,
       173, 130, 202, 131, 45, 255, 33, 65, 230, 251, 187, 195, 64, 143,
       18, 233, 115, 240, 202, 11, 21, 241, 37, 155, 42, 161, 188, 156,
       125, 213, 176, 238, 143, 29, 212, 27, 172, 254, 110, 198, 201, 91,
       235, 65, 18, 43, 122, 245, 95, 87, 26, 127, 146, 12, 253, 202, 33,
       162, 205, 241, 252, 171, 224, 95, 126, 33, 242, 254, 211, 41, 148,
       40, 123, 206, 110, 157, 147, 250, 197, 95, 92, 46, 246, 80, 205,
       136, 211, 168, 3, 173, 105, 145, 150, 177, 233, 215, 94, 113, 24,
       211, 185, 12, 214, 32, 47, 27, 23, 157, 183, 56, 37, 247, 78, 13,
       186, 224, 173, 132, 145, 253, 120, 176, 110, 122, 12, 237, 81, 19,
       163, 85, 173, 13, 55, 253, 10, 18, 137, 150, 253, 0, 26, 107, 250,
       49, 219, 231, 48, 89, 224, 130, 214, 122, 116, 248, 189, 245, 60,
       78, 81, 152, 242, 249, 166, 24, 215, 117, 64, 59, 201, 84, 125,
       24, 43, 101, 251, 25, 201, 171, 245, 116, 224, 40, 86, 114, 14,
       53, 162, 169, 181, 246, 185, 75, 157, 205, 220, 23, 136, 188, 119,
       8, 248, 41, 151, 181, 190, 243, 52, 202, 203, 93, 159, 135, 135,
       93, 181, 246, 31, 178, 159, 179, 160, 100, 173, 148, 46, 223, 151,
       117, 221, 182, 203, 90, 167, 95, 204, 151, 149, 205, 185, 96, 140,
       247, 254, 194, 136, 83, 167, 241, 75, 22, 239, 207, 162, 118, 189,
       28, 60, 206, 95, 244, 221, 55, 155, 238, 87, 95, 189, 15, 177,
