%YAML:1.0
---
descriptors: !!opencv-matrix
   rows: 402
   cols: 32
   dt: u
   data: [ 39, 47, 104, 65, 244, 190, 106, 18, 101, 236, 254, 206, 19, 8,
       151, 112, 126, 172, 86, 124, 157, 176, 101, 204, 62, 60, 160, 192,
       237, 207, 90, 213, 165, 29, 55, 83, 137, 237, 231, 230, 116, 226,
       234, 24, 242, 181, 69, 232, 205, 254, 122, 74, 57, 251, 251, 62,
       141, 190, 85, 88, 209, 123, 68, 250, 80, 184, 185, 242, 170, 109,
       89, 154, 171, 123, 156, 29, 191, 191, 65, 26, 135, 211, 125, 17,
       10, 75, 218, 49, 219, 199, 121, 187, 160, 65, 7, 123, 126, 45,
       130, 254, 217, 245, 82, 200, 163, 21, 164, 25, 106, 247, 107, 159,
       201, 250, 225, 210, 30, 67, 250, 161, 219, 209, 133, 123, 162,
       119, 142, 214, 120, 249, 27, 250, 27, 197, 19, 194, 162, 29, 173,
       41, 63, 215, 96, 16, 201, 187, 205, 210, 10, 11, 218, 49, 217,
       197, 18, 123, 112, 2, 38, 58, 97, 46, 209, 71, 48, 46, 111, 51,
       112, 170, 122, 76, 243, 103, 144, 178, 21, 254, 116, 46, 169, 248,
       225, 46, 46, 255, 101, 128, 72, 226, 194, 57, 165, 163, 27, 106,
       240, 142, 111, 245, 124, 8, 113, 76, 247, 195, 40, 81, 148, 172,
       70, 126, 251, 190, 24, 63, 237, 185, 37, 72, 72, 130, 226, 161,
       39, 192, 194, 94, 76, 20, 206, 252, 81, 74, 241, 70, 113, 218,
       188, 244, 88, 232, 50, 206, 205, 167, 254, 235, 50, 60, 166, 168,
       95, 187, 250, 140, 187, 190, 198, 159, 164, 54, 236, 159, 23, 251,
       222, 215, 113, 42, 150, 237, 125, 206, 63, 157, 253, 220, 197,
       255, 166, 107, 255, 192, 175, 220, 248, 221, 91, 220, 99, 173,
       118, 239, 235, 50, 141, 100, 90, 199, 125, 140, 182, 100, 54, 181,
       63, 239, 193, 145, 52, 253, 181, 124, 171, 128, 63, 175, 21, 125,
       3, 50, 127, 237, 106, 27, 249, 88, 175, 224, 246, 230, 221, 143,
       180, 106, 110, 13, 127, 173, 129, 179, 247, 208, 214, 121, 42,
       176, 124, 170, 33, 241, 49, 154, 237, 87, 180, 43, 233, 23, 86,
       235, 118, 246, 243, 37, 148, 108, 95, 238, 52, 28, 185, 248, 101,
       47, 204, 175, 241, 192, 237, 232, 208, 121, 205, 16, 157, 119,
       172, 46, 70, 152, 123, 186, 183, 92, 215, 113, 217, 251, 149, 84,
       124, 110, 185, 101, 219, 32, 137, 251, 101, 20, 202, 251, 64, 49,
       84, 251, 236, 247, 164, 72, 254, 181, 98, 240, 190, 231, 113, 109,
       223, 35, 110, 230, 125, 206, 207, 112, 255, 249, 126, 233, 231,
       161, 109, 242, 248, 24, 124, 213, 87, 108, 242, 75, 87, 255, 53,
       162, 234, 168, 91, 119, 173, 212, 55, 214, 132, 98, 105, 179, 57,
       46, 51, 239, 5, 6, 115, 242, 228, 58, 19, 218, 87, 29, 50, 155,
       170, 95, 127, 169, 82, 246, 108, 224, 180, 228, 55, 127, 238, 49,
       247, 217, 45, 223, 40, 38, 63, 198, 63, 164, 137, 61, 228, 251,
       157, 171, 186, 217, 18, 168, 206, 53, 128, 169, 198, 196, 104,
       226, 199, 93, 232, 83, 70, 107, 235, 49, 201, 227, 45, 127, 16,
       11, 29, 75, 198, 253, 159, 158, 223, 253, 182, 239, 158, 247, 140,
       17, 236, 246, 111, 207, 211, 255, 234, 19, 50, 107, 250, 251, 189,
       54, 95, 123, 144, 121, 141, 255, 3, 225, 149, 221, 60, 134, 200,
       107, 143, 176, 152, 66, 252, 210, 228, 230, 218, 105, 58, 216, 3,
       197, 243, 221, 136, 152, 139, 164, 28, 168, 57, 44, 214, 236, 150,
       158, 219, 98, 62, 239, 191, 147, 217, 178, 108, 246, 104, 121,
       251, 223, 255, 130, 126, 79, 202, 255, 250, 118, 223, 255, 149,
       113, 167, 131, 130, 99, 83, 205, 106, 129, 124, 87, 173, 2, 104,
       193, 172, 131, 37, 208, 38, 59, 91, 200, 68, 5, 130, 219, 118, 56,
       138, 169, 30, 208, 171, 137, 44, 114, 27, 110, 116, 207, 103, 216,
       119, 76, 125, 109, 127, 195, 43, 144, 144, 168, 198, 106, 75, 182,
       24, 63, 243, 221, 33, 169, 122, 187, 78, 219, 230, 253, 158, 156,
       253, 231, 188, 239, 191, 183, 232, 19, 236, 250, 109, 211, 251,
       247, 251, 145, 118, 79, 91, 255, 189, 54, 223, 127, 144, 112, 175,
       142, 185, 159, 81, 41, 178, 175, 94, 55, 29, 200, 120, 231, 255,
       231, 168, 208, 86, 43, 158, 52, 247, 168, 68, 31, 170, 237, 37,
       216, 122, 204, 137, 89, 216, 189, 19, 248, 187, 228, 86, 254, 187,
       27, 228, 24, 62, 255, 40, 241, 181, 219, 221, 64, 58, 43, 146,
       247, 251, 249, 18, 122, 82, 65, 167, 171, 141, 144, 188, 213, 237,
       118, 189, 159, 222, 251, 86, 20, 208, 125, 222, 107, 197, 86, 51,
       28, 177, 252, 123, 224, 79, 59, 255, 196, 138, 249, 213, 243, 85,
       69, 111, 197, 86, 86, 239, 248, 100, 228, 223, 134, 81, 126, 191,
       113, 126, 132, 59, 239, 193, 145, 61, 92, 119, 175, 235, 132, 37,
       178, 116, 116, 121, 69, 77, 236, 28, 7, 79, 124, 85, 224, 234, 6,
       83, 97, 49, 112, 120, 204, 58, 238, 201, 179, 121, 31, 243, 237,
       129, 20, 59, 187, 112, 40, 0, 153, 188, 187, 174, 205, 181, 175,
       142, 53, 138, 19, 180, 254, 98, 66, 197, 51, 123, 1, 86, 105, 91,
       49, 237, 135, 127, 123, 144, 72, 133, 75, 29, 198, 167, 155, 254,
       251, 167, 222, 94, 127, 219, 247, 227, 228, 190, 196, 121, 46,
       234, 15, 163, 182, 239, 179, 180, 100, 127, 160, 150, 95, 245,
       245, 151, 23, 234, 175, 178, 54, 186, 89, 124, 200, 95, 247, 81,
       110, 191, 64, 118, 205, 29, 191, 181, 145, 61, 206, 250, 45, 175,
       196, 189, 227, 41, 81, 11, 224, 149, 213, 52, 135, 169, 126, 30,
       160, 80, 66, 252, 249, 176, 160, 94, 120, 51, 105, 1, 248, 99,
       221, 205, 150, 219, 52, 21, 168, 17, 168, 53, 80, 107, 76, 32, 70,
       79, 120, 4, 236, 247, 133, 115, 69, 183, 84, 88, 228, 23, 238,
       201, 179, 113, 12, 112, 168, 160, 144, 123, 187, 96, 112, 45, 20,
       157, 253, 141, 111, 69, 27, 86, 95, 233, 29, 247, 121, 25, 91,
       201, 194, 123, 44, 56, 226, 123, 144, 197, 251, 81, 24, 208, 120,
       208, 226, 127, 49, 124, 72, 73, 221, 82, 72, 195, 84, 165, 8, 42,
       218, 47, 189, 216, 136, 206, 98, 14, 35, 126, 157, 19, 217, 1, 63,
       115, 143, 78, 198, 49, 53, 171, 109, 213, 239, 195, 82, 85, 232,
       252, 12, 178, 184, 21, 48, 216, 170, 82, 60, 141, 178, 112, 14,
       119, 221, 129, 48, 201, 74, 82, 170, 205, 92, 255, 85, 40, 126,
       101, 178, 237, 90, 54, 112, 223, 55, 129, 127, 7, 84, 124, 40,
       161, 197, 243, 128, 199, 251, 112, 150, 138, 241, 68, 53, 110,
       161, 176, 242, 221, 77, 148, 207, 139, 181, 189, 25, 142, 252, 78,
       30, 137, 223, 225, 17, 30, 107, 218, 209, 91, 213, 95, 127, 195,
       76, 207, 194, 25, 82, 231, 173, 116, 14, 233, 80, 100, 72, 122,
       230, 211, 129, 177, 100, 126, 140, 62, 237, 137, 176, 101, 140,
       68, 172, 162, 128, 111, 171, 112, 241, 254, 120, 246, 246, 101,
       60, 220, 198, 59, 178, 240, 27, 78, 153, 93, 190, 175, 221, 245,
       195, 204, 247, 219, 226, 151, 250, 220, 183, 71, 255, 90, 15, 135,
       126, 67, 179, 162, 176, 44, 214, 188, 83, 66, 215, 173, 142, 211,
       204, 103, 43, 219, 151, 167, 156, 23, 226, 132, 116, 158, 192,
       140, 213, 185, 221, 245, 4, 205, 165, 180, 42, 71, 59, 116, 162,
       251, 88, 211, 97, 145, 83, 89, 230, 108, 46, 121, 248, 77, 14,
       236, 238, 101, 20, 236, 232, 208, 32, 120, 87, 126, 68, 164, 131,
       215, 180, 209, 142, 254, 236, 115, 105, 189, 49, 94, 246, 204,
       107, 232, 163, 100, 45, 240, 187, 229, 152, 109, 250, 246, 57,
       193, 36, 156, 165, 164, 44, 104, 2, 122, 179, 162, 80, 151, 34,
       65, 107, 193, 199, 108, 28, 45, 80, 209, 0, 196, 243, 250, 16,
       200, 249, 1, 8, 80, 120, 58, 177, 8, 196, 57, 80, 164, 132, 198,
       1, 181, 223, 99, 82, 228, 189, 125, 209, 12, 133, 146, 12, 209,
       225, 171, 17, 32, 34, 39, 82, 21, 205, 199, 191, 156, 11, 238,
       232, 62, 162, 203, 66, 243, 227, 169, 192, 123, 238, 106, 234,
       105, 240, 73, 111, 188, 166, 199, 4, 173, 123, 113, 160, 40, 185,
       186, 97, 113, 237, 113, 19, 237, 13, 126, 40, 191, 183, 2, 48,
       128, 58, 69, 8, 26, 184, 242, 5, 199, 221, 48, 81, 194, 136, 198,
       163, 59, 67, 66, 164, 55, 18, 106, 80, 37, 200, 211, 230, 75, 2,
       177, 244, 126, 140, 158, 239, 205, 179, 5, 204, 178, 233, 170,
