%YAML:1.0
---
descriptors: !!opencv-matrix
   rows: 249
   cols: 32
   dt: u
   data: [ 95, 55, 199, 165, 178, 18, 110, 185, 49, 226, 203, 229, 221,
       38, 155, 209, 55, 199, 253, 175, 237, 208, 221, 78, 254, 239, 239,
       132, 175, 246, 170, 80, 146, 134, 94, 188, 130, 34, 61, 234, 188,
       22, 198, 183, 69, 231, 42, 83, 55, 247, 43, 162, 112, 223, 12, 79,
       240, 162, 123, 197, 37, 224, 173, 144, 2, 148, 183, 91, 203, 228,
       181, 231, 190, 95, 111, 50, 124, 247, 44, 111, 229, 59, 179, 128,
       19, 221, 186, 245, 77, 186, 90, 74, 211, 64, 165, 250, 188, 111,
       248, 68, 206, 19, 86, 253, 67, 182, 188, 10, 67, 121, 87, 19, 88,
       196, 229, 106, 72, 99, 201, 136, 115, 201, 229, 61, 103, 250, 90,
       138, 253, 215, 241, 71, 182, 47, 239, 185, 124, 230, 187, 222,
       219, 37, 157, 167, 127, 198, 94, 46, 249, 52, 125, 238, 60, 174,
       39, 148, 207, 251, 211, 117, 105, 249, 57, 73, 249, 223, 21, 247,
       66, 108, 172, 12, 146, 21, 66, 180, 204, 190, 202, 24, 217, 43,
       241, 30, 127, 93, 20, 127, 82, 12, 222, 122, 45, 117, 144, 101,
       52, 31, 103, 61, 121, 234, 111, 76, 210, 48, 21, 52, 144, 76, 68,
       110, 205, 176, 249, 10, 231, 253, 37, 52, 74, 187, 218, 133, 161,
       145, 101, 95, 212, 111, 233, 55, 86, 233, 119, 82, 81, 60, 156,
       45, 121, 238, 50, 152, 185, 248, 125, 191, 13, 46, 241, 192, 111,
       136, 208, 228, 147, 50, 206, 173, 142, 22, 44, 95, 22, 249, 210,
       215, 77, 234, 178, 200, 126, 207, 191, 133, 215, 220, 143, 221,
       134, 35, 251, 128, 45, 132, 185, 221, 34, 146, 239, 156, 124, 211,
       153, 121, 26, 252, 84, 175, 113, 236, 182, 3, 92, 252, 179, 165,
       165, 251, 167, 29, 26, 35, 249, 183, 29, 168, 124, 253, 41, 139,
       144, 219, 237, 189, 145, 87, 207, 29, 92, 8, 174, 129, 226, 204,
       193, 42, 134, 28, 146, 40, 98, 177, 135, 217, 18, 123, 146, 12,
       89, 173, 55, 4, 254, 87, 244, 119, 218, 25, 87, 251, 127, 50, 88,
       121, 255, 42, 253, 223, 55, 187, 188, 240, 41, 202, 75, 126, 245,
       199, 207, 239, 240, 135, 27, 117, 99, 67, 215, 191, 174, 206, 95,
       233, 120, 70, 105, 8, 181, 164, 191, 75, 150, 253, 183, 184, 29,
       254, 46, 94, 159, 194, 207, 31, 249, 157, 82, 49, 153, 130, 58,
       237, 82, 4, 171, 241, 169, 137, 230, 220, 77, 18, 134, 179, 108,
       81, 15, 43, 218, 112, 185, 16, 13, 123, 200, 10, 3, 31, 172, 48,
       31, 228, 96, 110, 81, 80, 33, 138, 243, 24, 215, 159, 9, 27, 156,
       148, 69, 58, 41, 247, 17, 10, 211, 251, 96, 68, 192, 163, 102,
       179, 185, 220, 127, 255, 61, 231, 255, 252, 85, 70, 223, 22, 249,
       255, 58, 97, 253, 179, 63, 239, 235, 167, 123, 255, 247, 255, 218,
       0, 63, 219, 244, 120, 211, 92, 230, 222, 211, 242, 190, 231, 189,
       71, 94, 183, 108, 174, 183, 237, 103, 255, 183, 135, 181, 221, 52,
       238, 50, 126, 222, 131, 175, 117, 169, 95, 154, 139, 119, 248,
       180, 139, 255, 247, 221, 4, 114, 231, 175, 143, 180, 65, 238, 179,
       31, 81, 246, 185, 36, 255, 250, 216, 170, 193, 87, 140, 229, 121,
       180, 221, 106, 74, 221, 245, 198, 237, 193, 66, 236, 10, 99, 217,
       63, 37, 121, 250, 146, 227, 111, 39, 62, 191, 51, 77, 133, 127,
       127, 127, 254, 134, 20, 9, 95, 172, 6, 195, 79, 96, 140, 128, 233,
       2, 119, 235, 33, 72, 122, 185, 11, 226, 8, 179, 18, 92, 241, 142,
       99, 0, 177, 59, 33, 34, 84, 240, 191, 246, 174, 64, 62, 136, 174,
       146, 147, 163, 253, 255, 105, 106, 183, 81, 253, 243, 2, 65, 139,
       225, 219, 215, 111, 191, 164, 243, 37, 35, 223, 86, 239, 190, 174,
       118, 127, 220, 159, 222, 215, 247, 221, 239, 251, 79, 255, 231,
       191, 239, 237, 199, 191, 235, 242, 123, 239, 140, 62, 247, 181,
       113, 236, 205, 217, 229, 44, 75, 79, 184, 83, 178, 166, 136, 211,
       99, 88, 83, 83, 204, 125, 106, 105, 116, 217, 20, 237, 235, 229,
       116, 60, 186, 80, 32, 221, 131, 61, 189, 172, 95, 89, 152, 118,
       125, 246, 144, 223, 79, 154, 233, 246, 223, 238, 127, 158, 240,
       103, 181, 223, 251, 99, 85, 178, 153, 141, 96, 3, 128, 150, 156,
       53, 146, 232, 232, 31, 145, 80, 67, 236, 234, 108, 196, 251, 105,
       34, 145, 7, 202, 10, 221, 14, 86, 223, 79, 158, 36, 41, 140, 18,
       205, 83, 207, 23, 131, 46, 230, 20, 0, 202, 130, 105, 227, 33,
       196, 123, 251, 11, 232, 99, 157, 29, 255, 49, 38, 143, 0, 55, 27,
       33, 168, 170, 188, 181, 184, 221, 237, 176, 199, 159, 85, 200, 25,
       174, 188, 96, 138, 201, 59, 235, 17, 34, 107, 210, 243, 189, 22,
       30, 123, 208, 76, 151, 234, 38, 159, 146, 190, 251, 161, 170, 194,
       31, 9, 89, 231, 108, 226, 33, 196, 255, 251, 163, 209, 54, 154,
       10, 255, 188, 54, 139, 171, 156, 95, 41, 141, 131, 229, 25, 217,
       124, 133, 172, 239, 158, 25, 80, 114, 180, 154, 44, 1, 207, 27,
       19, 1, 99, 62, 2, 247, 36, 16, 186, 234, 28, 8, 161, 169, 88, 189,
       172, 247, 152, 14, 87, 188, 54, 191, 142, 1, 247, 119, 8, 82, 213,
       214, 109, 74, 42, 72, 251, 45, 237, 167, 245, 20, 160, 243, 132,
       122, 199, 104, 171, 90, 58, 156, 187, 16, 238, 205, 135, 208, 188,
       214, 211, 120, 38, 61, 123, 222, 130, 5, 174, 114, 213, 37, 43,
       184, 132, 179, 39, 97, 57, 142, 84, 173, 188, 55, 72, 127, 94, 11,
       88, 82, 97, 34, 180, 224, 217, 14, 38, 44, 188, 186, 79, 159, 168,
       255, 178, 212, 156, 136, 248, 141, 129, 22, 212, 95, 50, 174, 171,
       56, 94, 169, 87, 246, 245, 97, 140, 108, 55, 110, 34, 28, 179,
       220, 109, 127, 12, 46, 115, 192, 174, 137, 1, 181, 133, 95, 123,
       223, 148, 230, 239, 82, 212, 206, 95, 86, 112, 244, 181, 109, 125,
       242, 22, 234, 225, 181, 60, 238, 49, 62, 166, 128, 213, 249, 245,
       117, 95, 113, 196, 167, 144, 22, 110, 185, 49, 232, 219, 197, 89,
       39, 155, 212, 126, 196, 253, 238, 253, 218, 221, 204, 254, 239,
       239, 132, 175, 182, 186, 84, 45, 245, 117, 71, 52, 95, 231, 184,
       94, 226, 115, 72, 211, 124, 157, 165, 25, 92, 94, 106, 233, 244,
       125, 30, 45, 222, 101, 20, 71, 187, 84, 164, 188, 93, 127, 238,
       117, 247, 86, 248, 5, 76, 253, 3, 115, 223, 35, 16, 248, 250, 23,
       226, 108, 182, 56, 191, 243, 205, 161, 11, 51, 251, 108, 219, 66,
       218, 127, 252, 102, 194, 252, 51, 237, 2, 118, 226, 61, 143, 180,
       96, 102, 181, 63, 137, 193, 189, 4, 223, 86, 255, 250, 129, 55,
       168, 125, 185, 57, 105, 231, 69, 213, 119, 197, 79, 87, 225, 238,
       18, 83, 56, 54, 172, 88, 142, 50, 156, 253, 250, 245, 157, 55,
       107, 213, 65, 103, 28, 244, 236, 37, 85, 127, 79, 60, 95, 238,
       121, 108, 224, 123, 64, 219, 88, 157, 161, 218, 93, 110, 107, 197,
       176, 125, 204, 37, 187, 35, 4, 77, 187, 201, 181, 101, 253, 241,
       95, 89, 221, 99, 184, 123, 168, 233, 72, 242, 215, 205, 246, 28,
       254, 106, 90, 203, 114, 251, 127, 47, 188, 5, 56, 66, 179, 70,
       164, 53, 14, 110, 29, 214, 187, 238, 99, 84, 103, 218, 151, 35,
       40, 182, 32, 123, 234, 2, 141, 188, 186, 37, 190, 54, 46, 144, 64,
       245, 236, 248, 204, 5, 138, 151, 177, 226, 164, 172, 194, 190,
       155, 90, 82, 157, 179, 225, 203, 103, 111, 51, 159, 19, 216, 130,
       224, 12, 162, 255, 192, 136, 113, 161, 169, 126, 237, 40, 138,
       125, 217, 150, 236, 27, 36, 189, 171, 174, 204, 111, 4, 216, 251,
       135, 99, 78, 35, 200, 255, 243, 213, 15, 59, 87, 31, 143, 222, 75,
       30, 239, 157, 162, 70, 61, 55, 189, 206, 214, 247, 253, 63, 183,
       107, 103, 247, 191, 175, 225, 213, 52, 202, 213, 59, 254, 128, 47,
       244, 165, 121, 255, 220, 55, 254, 141, 246, 95, 248, 223, 82, 215,
       22, 249, 255, 61, 237, 253, 243, 187, 239, 235, 167, 123, 255,
       243, 251, 218, 24, 151, 255, 244, 114, 47, 159, 213, 223, 245,
       127, 246, 187, 157, 91, 253, 118, 206, 125, 169, 239, 93, 242,
       150, 62, 177, 226, 120, 238, 47, 255, 231, 198, 247, 111, 252,
       245, 202, 173, 182, 60, 201, 205, 116, 175, 255, 19, 228, 25, 172,
       235, 114, 83, 193, 107, 235, 5, 118, 107, 210, 241, 255, 243, 87,
