%YAML:1.0
---
descriptors: !!opencv-matrix
   rows: 458
   cols: 32
   dt: u
   data: [ 183, 230, 204, 9, 239, 51, 150, 206, 83, 243, 188, 255, 67,
       104, 223, 190, 219, 195, 238, 53, 255, 110, 207, 147, 62, 95, 69,
       255, 221, 124, 216, 149, 248, 176, 156, 184, 141, 221, 80, 205,
       138, 53, 129, 25, 143, 157, 106, 155, 137, 145, 237, 17, 94, 79,
       218, 17, 211, 209, 89, 127, 144, 8, 158, 82, 230, 244, 145, 184,
       249, 224, 145, 206, 155, 215, 128, 185, 140, 246, 104, 91, 205,
       91, 251, 145, 119, 79, 250, 243, 189, 112, 223, 127, 152, 92, 167,
       223, 59, 189, 234, 24, 221, 243, 246, 207, 215, 199, 252, 3, 106,
       252, 54, 164, 249, 234, 178, 145, 158, 187, 62, 251, 59, 95, 151,
       75, 247, 78, 252, 206, 193, 189, 29, 153, 200, 237, 32, 143, 190,
       83, 106, 80, 182, 210, 64, 112, 129, 43, 106, 24, 51, 120, 211,
       115, 140, 164, 18, 104, 88, 64, 139, 152, 6, 191, 43, 187, 230,
       233, 189, 209, 28, 85, 89, 231, 181, 238, 88, 9, 166, 59, 19, 23,
       146, 216, 138, 113, 77, 0, 106, 232, 132, 75, 151, 243, 197, 246,
       169, 55, 40, 205, 15, 185, 186, 255, 147, 221, 247, 206, 216, 50,
       149, 127, 125, 7, 231, 69, 235, 51, 237, 213, 175, 180, 8, 114,
       151, 113, 154, 197, 26, 171, 54, 163, 170, 204, 140, 0, 216, 242,
       181, 66, 184, 65, 122, 11, 19, 235, 98, 143, 0, 255, 176, 133,
       170, 200, 21, 11, 185, 129, 2, 244, 57, 186, 202, 229, 181, 239,
       138, 91, 89, 91, 180, 255, 104, 3, 205, 27, 51, 147, 83, 75, 154,
       241, 109, 16, 222, 238, 152, 72, 181, 251, 230, 156, 165, 186,
       237, 105, 148, 143, 155, 255, 144, 185, 204, 254, 67, 91, 205,
       215, 251, 17, 55, 79, 250, 242, 189, 18, 223, 255, 144, 124, 149,
       86, 58, 175, 242, 95, 215, 178, 103, 247, 119, 13, 254, 2, 107,
       227, 174, 212, 121, 238, 134, 202, 154, 186, 233, 255, 62, 255,
       151, 67, 243, 223, 254, 172, 189, 186, 107, 251, 78, 217, 233,
       240, 212, 126, 214, 230, 241, 205, 251, 105, 105, 168, 95, 142,
       171, 183, 101, 253, 86, 203, 243, 184, 63, 169, 112, 241, 134, 60,
       147, 158, 235, 225, 183, 207, 159, 151, 152, 186, 140, 255, 101,
       77, 243, 115, 219, 19, 50, 111, 26, 243, 185, 22, 95, 59, 148,
       121, 165, 146, 237, 230, 181, 87, 165, 63, 102, 183, 123, 187, 59,
       88, 234, 105, 220, 191, 145, 78, 108, 10, 243, 244, 201, 51, 175,
       222, 117, 52, 202, 249, 218, 36, 122, 160, 134, 184, 137, 236, 81,
       71, 175, 21, 134, 25, 174, 198, 66, 94, 225, 179, 233, 145, 30,
       79, 146, 209, 153, 247, 218, 123, 128, 4, 175, 94, 223, 196, 103,
       236, 11, 87, 79, 248, 149, 94, 149, 18, 89, 223, 187, 101, 126,
       161, 63, 238, 233, 7, 62, 223, 243, 235, 235, 156, 55, 181, 37,
       96, 169, 186, 107, 253, 92, 137, 225, 240, 124, 240, 244, 238,
       187, 201, 253, 35, 124, 168, 70, 169, 171, 119, 228, 205, 94, 201,
       227, 168, 127, 168, 115, 248, 82, 235, 215, 206, 59, 66, 23, 236,
       173, 149, 185, 163, 12, 223, 164, 212, 110, 209, 207, 194, 64,
       139, 174, 232, 184, 192, 78, 159, 33, 55, 39, 123, 39, 193, 103,
       75, 215, 91, 238, 248, 125, 82, 115, 194, 233, 124, 157, 165, 121,
       72, 18, 250, 183, 182, 109, 237, 46, 124, 135, 70, 207, 191, 114,
       164, 38, 238, 182, 190, 203, 231, 190, 239, 159, 63, 184, 155,
       140, 239, 37, 11, 207, 243, 255, 147, 60, 111, 74, 242, 177, 22,
       223, 187, 209, 93, 167, 218, 77, 167, 149, 115, 233, 44, 109, 184,
       255, 187, 55, 88, 223, 115, 201, 127, 181, 70, 108, 58, 179, 112,
       235, 48, 173, 219, 117, 68, 194, 243, 195, 161, 198, 221, 183,
       154, 253, 6, 254, 231, 189, 19, 225, 16, 238, 250, 44, 251, 233,
       195, 123, 147, 118, 235, 26, 231, 185, 150, 222, 79, 128, 80, 163,
       142, 183, 165, 236, 26, 206, 113, 156, 205, 94, 115, 153, 191, 64,
       236, 222, 43, 187, 75, 242, 119, 183, 103, 47, 243, 58, 7, 77,
       255, 253, 127, 251, 214, 13, 206, 165, 247, 172, 46, 205, 159, 22,
       255, 155, 212, 213, 39, 217, 106, 93, 86, 125, 190, 185, 208, 233,
       34, 237, 223, 255, 212, 128, 251, 148, 113, 137, 144, 148, 155,
       53, 183, 56, 75, 94, 29, 71, 22, 140, 194, 170, 196, 215, 11, 170,
       16, 54, 152, 113, 215, 140, 212, 154, 67, 146, 13, 137, 197, 253,
       101, 97, 229, 158, 7, 79, 249, 3, 224, 157, 206, 83, 77, 217, 183,
       94, 196, 93, 239, 233, 98, 253, 136, 242, 201, 165, 180, 63, 255,
       82, 112, 6, 76, 28, 184, 223, 243, 176, 206, 159, 183, 140, 3, 12,
       238, 99, 73, 233, 251, 131, 145, 38, 71, 26, 254, 185, 215, 223,
       47, 145, 121, 45, 202, 84, 185, 188, 176, 136, 237, 81, 137, 170,
       125, 135, 25, 151, 159, 74, 27, 129, 151, 125, 17, 30, 75, 219,
       49, 217, 193, 61, 125, 128, 1, 143, 82, 14, 176, 144, 185, 117,
       165, 184, 74, 30, 25, 81, 18, 140, 217, 104, 140, 221, 25, 147,
       17, 55, 60, 74, 211, 13, 20, 154, 238, 158, 9, 57, 131, 198, 126,
       181, 209, 171, 103, 157, 203, 174, 190, 144, 114, 204, 222, 69,
       111, 231, 85, 255, 179, 226, 71, 235, 208, 157, 18, 223, 246, 144,
       113, 37, 103, 166, 251, 33, 171, 212, 129, 187, 216, 30, 96, 64,
       135, 157, 141, 116, 0, 254, 57, 19, 87, 227, 178, 88, 255, 101,
       24, 138, 108, 29, 11, 81, 216, 130, 138, 14, 185, 201, 149, 188,
       71, 190, 23, 66, 149, 172, 142, 98, 73, 229, 59, 171, 149, 86,
       220, 2, 241, 141, 51, 218, 75, 144, 68, 173, 222, 64, 77, 127,
       109, 96, 78, 111, 60, 121, 12, 118, 0, 255, 83, 161, 113, 82, 124,
       54, 106, 97, 180, 177, 111, 231, 186, 98, 0, 18, 176, 101, 169,
       133, 79, 30, 143, 236, 191, 102, 216, 86, 40, 251, 70, 208, 192,
       169, 224, 120, 14, 42, 78, 213, 177, 79, 63, 52, 47, 35, 0, 24,
       219, 232, 128, 89, 215, 197, 165, 190, 82, 70, 189, 81, 234, 150,
       238, 91, 116, 136, 231, 127, 196, 252, 234, 249, 216, 237, 142,
       184, 231, 237, 148, 175, 190, 152, 61, 255, 95, 197, 78, 175, 82,
       22, 252, 83, 250, 182, 238, 74, 116, 199, 255, 127, 212, 252, 226,
       237, 103, 237, 170, 50, 107, 229, 191, 127, 255, 248, 53, 252,
       254, 24, 122, 168, 140, 87, 251, 243, 30, 181, 29, 31, 251, 66,
       27, 165, 241, 236, 122, 122, 111, 218, 51, 251, 235, 101, 125, 98,
       241, 238, 3, 191, 92, 111, 252, 30, 135, 139, 112, 148, 202, 214,
       247, 113, 207, 177, 33, 93, 177, 151, 239, 233, 199, 102, 158,
       208, 203, 235, 136, 61, 189, 48, 241, 11, 158, 235, 185, 182, 227,
       185, 87, 30, 71, 94, 247, 189, 239, 182, 96, 127, 59, 55, 21, 183,
       184, 103, 255, 78, 127, 190, 192, 189, 204, 181, 249, 218, 20,
       228, 237, 138, 50, 29, 27, 21, 102, 159, 183, 89, 46, 163, 111,
       111, 151, 253, 163, 185, 69, 117, 202, 214, 227, 250, 148, 191,
       245, 180, 117, 91, 208, 126, 172, 11, 22, 63, 112, 165, 68, 199,
       7, 95, 151, 42, 83, 102, 149, 253, 231, 205, 135, 21, 205, 211,
       233, 74, 130, 47, 55, 41, 83, 203, 196, 110, 223, 102, 16, 121,
       52, 25, 66, 87, 163, 249, 111, 182, 227, 70, 247, 181, 143, 228,
       220, 231, 239, 70, 111, 250, 128, 39, 142, 113, 253, 250, 76, 236,
       247, 30, 86, 206, 40, 84, 231, 135, 147, 99, 44, 31, 227, 121,
       230, 253, 173, 45, 245, 125, 175, 187, 239, 255, 81, 37, 41, 252,
       64, 128, 140, 153, 185, 214, 227, 169, 79, 62, 51, 66, 83, 181,
       151, 32, 72, 127, 59, 3, 145, 51, 220, 75, 119, 77, 134, 186, 68,
       144, 64, 37, 169, 211, 31, 126, 92, 183, 50, 25, 58, 125, 79, 214,
       183, 106, 46, 166, 117, 246, 131, 174, 140, 188, 207, 37, 223,
       210, 127, 82, 147, 190, 197, 45, 95, 176, 205, 174, 252, 29, 87,
       198, 236, 86, 239, 150, 26, 114, 124, 54, 161, 217, 236, 253, 225,
       61, 239, 123, 31, 187, 239, 245, 85, 81, 41, 252, 226, 210, 111,
       177, 220, 174, 64, 159, 239, 222, 150, 144, 18, 172, 170, 245,
       111, 227, 127, 127, 194, 98, 79, 171, 226, 185, 184, 207, 191, 20,
       249, 37, 173, 226, 248, 188, 152, 237, 220, 184, 71, 251, 95, 112,
