%YAML:1.0
---
descriptors: !!opencv-matrix
   rows: 279
   cols: 32
   dt: u
   data: [ 120, 45, 144, 246, 157, 73, 86, 135, 187, 171, 170, 9, 239,
       251, 73, 146, 145, 254, 237, 80, 24, 107, 203, 162, 187, 245, 181,
       57, 162, 122, 222, 10, 101, 188, 181, 119, 157, 237, 69, 143, 251,
       251, 168, 24, 246, 247, 72, 63, 129, 86, 120, 24, 59, 79, 251, 51,
       239, 222, 85, 62, 208, 112, 198, 122, 69, 35, 145, 97, 240, 46,
       107, 19, 121, 137, 123, 76, 151, 35, 208, 112, 146, 14, 76, 60,
       153, 184, 193, 64, 236, 188, 39, 68, 200, 226, 195, 33, 53, 91,
       99, 76, 64, 7, 79, 120, 4, 236, 247, 204, 115, 71, 189, 84, 92,
       236, 6, 238, 201, 179, 113, 12, 113, 168, 161, 144, 121, 187, 100,
       240, 66, 147, 157, 191, 191, 112, 144, 175, 222, 89, 192, 115,
       228, 60, 42, 235, 193, 87, 170, 17, 54, 73, 67, 181, 141, 51, 218,
       83, 148, 76, 189, 15, 131, 36, 37, 157, 13, 255, 172, 15, 222,
       242, 64, 82, 252, 220, 116, 238, 199, 109, 122, 15, 151, 109, 255,
       223, 13, 26, 159, 62, 28, 92, 153, 236, 93, 188, 236, 227, 149,
       180, 254, 179, 103, 121, 158, 38, 120, 123, 210, 226, 237, 214,
       157, 152, 238, 249, 185, 255, 127, 207, 183, 193, 171, 199, 248,
       123, 254, 195, 36, 170, 141, 51, 90, 136, 135, 180, 145, 159, 79,
       108, 91, 139, 223, 193, 237, 247, 174, 67, 79, 180, 216, 195, 237,
       253, 180, 255, 28, 66, 132, 91, 63, 240, 228, 233, 247, 210, 236,
       156, 250, 32, 144, 217, 229, 106, 232, 120, 78, 82, 0, 179, 34,
       224, 117, 176, 34, 75, 193, 121, 101, 163, 253, 117, 125, 99, 152,
       79, 87, 185, 50, 250, 175, 92, 215, 23, 73, 51, 157, 212, 125,
       122, 233, 118, 249, 62, 235, 201, 37, 52, 106, 243, 194, 115, 118,
       241, 109, 136, 219, 195, 152, 203, 134, 244, 128, 139, 0, 142,
       103, 80, 127, 149, 83, 241, 94, 11, 85, 92, 127, 0, 143, 127, 181,
       0, 39, 214, 177, 17, 239, 77, 86, 99, 225, 92, 86, 224, 247, 246,
       83, 29, 180, 109, 88, 204, 54, 232, 169, 246, 125, 158, 86, 42,
       225, 68, 125, 169, 112, 180, 134, 239, 166, 159, 220, 47, 174,
       238, 31, 174, 218, 223, 228, 232, 59, 7, 249, 239, 107, 231, 244,
       247, 207, 239, 188, 54, 207, 190, 213, 125, 177, 198, 169, 22,
       229, 221, 252, 63, 232, 95, 87, 251, 90, 86, 83, 120, 188, 236,
       221, 238, 54, 13, 189, 252, 111, 191, 14, 122, 245, 196, 95, 236,
       248, 45, 177, 150, 233, 85, 52, 47, 235, 55, 84, 239, 119, 246,
       243, 37, 148, 108, 95, 238, 52, 44, 185, 252, 101, 47, 236, 239,
       177, 192, 237, 232, 208, 121, 90, 142, 207, 253, 186, 34, 25, 127,
       23, 175, 214, 242, 125, 39, 160, 72, 119, 247, 61, 129, 56, 223,
       141, 207, 216, 231, 255, 196, 167, 224, 161, 41, 192, 156, 190,
       187, 140, 205, 177, 167, 190, 53, 66, 17, 180, 254, 34, 67, 225,
       51, 123, 1, 118, 121, 59, 53, 205, 147, 94, 91, 16, 8, 133, 74,
       168, 120, 123, 239, 116, 207, 127, 248, 116, 78, 117, 4, 127, 223,
       11, 16, 188, 56, 23, 110, 225, 182, 56, 63, 103, 205, 33, 132, 99,
       187, 102, 251, 92, 249, 253, 110, 62, 95, 214, 188, 202, 232, 177,
       107, 255, 252, 125, 34, 150, 245, 253, 99, 205, 97, 251, 61, 251,
       207, 37, 61, 117, 59, 69, 123, 246, 94, 238, 142, 79, 30, 255,
       240, 57, 86, 247, 223, 74, 238, 63, 95, 255, 197, 255, 231, 236,
       247, 253, 226, 23, 58, 203, 151, 77, 127, 126, 215, 219, 0, 175,
       189, 13, 102, 152, 104, 22, 249, 195, 23, 88, 255, 54, 74, 253,
       237, 249, 173, 185, 199, 155, 221, 219, 107, 207, 214, 13, 38, 48,
       114, 163, 120, 175, 156, 77, 213, 146, 74, 207, 216, 212, 9, 240,
       216, 119, 98, 201, 112, 251, 83, 143, 231, 250, 185, 79, 95, 141,
       59, 91, 45, 116, 214, 253, 69, 139, 236, 28, 6, 79, 248, 84, 224,
       235, 10, 83, 97, 57, 112, 120, 204, 58, 238, 105, 163, 253, 31,
       241, 173, 193, 28, 57, 187, 112, 32, 185, 239, 101, 126, 118, 195,
       70, 180, 85, 200, 242, 106, 51, 93, 144, 177, 74, 232, 20, 110,
       239, 238, 109, 61, 226, 235, 164, 153, 119, 152, 80, 107, 43, 189,
       247, 93, 157, 63, 132, 255, 223, 243, 118, 22, 75, 248, 86, 175,
       29, 110, 242, 44, 179, 249, 255, 191, 43, 127, 85, 86, 219, 252,
       216, 236, 49, 141, 65, 205, 28, 7, 78, 255, 84, 73, 216, 70, 51,
       112, 176, 228, 92, 234, 28, 44, 219, 171, 87, 159, 184, 238, 165,
       24, 61, 234, 112, 28, 57, 57, 99, 79, 84, 22, 235, 212, 97, 192,
       248, 70, 57, 22, 149, 182, 126, 238, 22, 254, 139, 178, 189, 236,
       55, 232, 162, 128, 239, 179, 114, 252, 204, 30, 254, 213, 32, 58,
       117, 178, 189, 58, 118, 244, 223, 55, 129, 127, 7, 84, 253, 10,
       169, 212, 227, 128, 198, 251, 112, 130, 174, 241, 68, 51, 231, 27,
       198, 148, 75, 2, 112, 80, 177, 210, 230, 247, 104, 231, 39, 95,
       102, 228, 234, 230, 165, 215, 134, 232, 22, 50, 194, 3, 43, 181,
       42, 213, 56, 184, 189, 248, 203, 213, 81, 206, 171, 87, 164, 13,
       62, 223, 104, 154, 175, 219, 231, 128, 91, 43, 178, 241, 219, 215,
       86, 127, 250, 80, 167, 251, 192, 163, 180, 153, 189, 185, 160, 11,
       206, 61, 24, 20, 172, 136, 92, 202, 131, 11, 234, 17, 150, 104,
       231, 241, 12, 16, 26, 119, 148, 77, 149, 36, 153, 94, 89, 121, 50,
       157, 90, 114, 29, 72, 116, 231, 63, 199, 160, 209, 54, 169, 150,
       76, 239, 188, 100, 31, 246, 201, 32, 248, 127, 136, 9, 217, 193,
       227, 29, 113, 180, 142, 103, 181, 124, 185, 98, 92, 151, 3, 208,
       51, 128, 76, 76, 124, 241, 252, 241, 46, 237, 184, 54, 68, 72,
       128, 195, 41, 93, 68, 189, 248, 173, 252, 73, 142, 239, 27, 142,
       16, 223, 215, 73, 251, 163, 19, 125, 25, 10, 69, 179, 145, 217,
       251, 123, 220, 144, 81, 33, 35, 233, 185, 189, 126, 205, 237, 71,
       238, 215, 243, 224, 24, 178, 181, 84, 186, 201, 254, 122, 74, 121,
       111, 243, 51, 205, 219, 85, 120, 80, 105, 198, 186, 247, 94, 102,
       220, 77, 22, 222, 248, 185, 250, 242, 95, 74, 238, 55, 95, 237,
       229, 255, 231, 237, 103, 194, 234, 19, 58, 239, 158, 89, 125, 114,
       215, 32, 111, 215, 95, 203, 99, 227, 220, 119, 165, 110, 64, 64,
       231, 132, 52, 120, 126, 98, 202, 16, 254, 235, 61, 13, 186, 69,
       66, 99, 179, 230, 172, 44, 108, 119, 75, 207, 251, 167, 207, 100,
       34, 251, 114, 200, 144, 140, 228, 107, 126, 106, 90, 115, 255,
       239, 226, 53, 44, 6, 74, 247, 223, 231, 164, 205, 112, 156, 103,
       172, 46, 70, 152, 123, 250, 167, 92, 215, 113, 73, 123, 149, 68,
       124, 126, 185, 100, 219, 2, 223, 251, 101, 28, 200, 243, 74, 49,
       135, 127, 39, 137, 237, 180, 174, 199, 78, 98, 218, 214, 204, 140,
       221, 230, 238, 15, 122, 143, 231, 151, 247, 242, 52, 52, 142, 138,
       30, 93, 177, 244, 210, 108, 3, 190, 73, 229, 24, 78, 174, 74, 136,
       9, 164, 214, 97, 209, 200, 161, 203, 135, 110, 7, 210, 127, 177,
       112, 10, 59, 24, 22, 43, 138, 37, 184, 51, 234, 116, 237, 226,
       216, 95, 89, 120, 90, 151, 216, 252, 32, 219, 24, 22, 25, 147, 52,
       58, 179, 15, 221, 33, 108, 220, 11, 80, 177, 245, 134, 93, 103,
       164, 46, 103, 183, 117, 162, 255, 88, 211, 97, 152, 83, 19, 198,
       108, 46, 121, 252, 73, 46, 236, 175, 101, 20, 108, 234, 208, 32,
       133, 189, 123, 89, 236, 237, 165, 215, 236, 114, 126, 50, 176,
       181, 215, 102, 111, 46, 122, 12, 242, 188, 241, 66, 119, 40, 166,
       0, 197, 248, 241, 233, 138, 142, 22, 153, 105, 241, 176, 71, 158,
       23, 72, 17, 172, 162, 100, 196, 197, 59, 162, 1, 54, 156, 66, 211,
       5, 48, 26, 75, 144, 76, 173, 142, 20, 237, 223, 191, 156, 11, 110,
       237, 54, 162, 235, 66, 227, 227, 73, 192, 121, 238, 106, 234, 120,
       243, 201, 127, 188, 166, 199, 36, 169, 123, 241, 128, 53, 81, 99,
       76, 104, 71, 79, 120, 4, 236, 247, 236, 115, 85, 189, 116, 92,
       236, 87, 110, 201, 147, 121, 12, 241, 168, 161, 144, 125, 187,
       114, 241, 47, 232, 130, 171, 105, 7, 62, 205, 191, 99, 193, 133,
       172, 170, 34, 218, 206, 77, 251, 215, 52, 219, 219, 240, 182, 119,
