%YAML:1.0
---
descriptors: !!opencv-matrix
   rows: 288
   cols: 32
   dt: u
   data: [ 49, 143, 192, 205, 30, 6, 202, 127, 68, 0, 216, 198, 51, 160,
       176, 228, 124, 238, 30, 237, 153, 171, 213, 143, 176, 172, 170,
       24, 61, 170, 120, 172, 185, 239, 97, 127, 54, 218, 70, 181, 87,
       72, 84, 104, 51, 89, 144, 241, 90, 234, 20, 90, 255, 170, 101,
       191, 234, 233, 164, 219, 54, 141, 212, 109, 254, 253, 64, 174,
       205, 61, 86, 236, 137, 242, 184, 79, 79, 250, 111, 146, 217, 195,
       223, 103, 76, 35, 218, 186, 186, 209, 205, 63, 123, 127, 218, 150,
       163, 170, 236, 95, 77, 141, 232, 11, 218, 178, 48, 95, 225, 232,
       84, 11, 137, 108, 115, 29, 166, 116, 222, 181, 79, 123, 221, 112,
       93, 44, 90, 130, 245, 69, 235, 236, 28, 6, 79, 248, 84, 194, 235,
       6, 115, 97, 57, 114, 120, 204, 56, 238, 105, 147, 253, 10, 241,
       172, 135, 20, 57, 251, 112, 32, 38, 181, 247, 242, 207, 237, 180,
       75, 207, 255, 185, 31, 76, 252, 126, 142, 255, 155, 227, 49, 178,
       115, 218, 210, 29, 90, 95, 111, 199, 78, 247, 215, 177, 65, 239,
       77, 84, 107, 235, 126, 86, 224, 247, 18, 83, 41, 180, 108, 120,
       204, 54, 172, 169, 254, 109, 158, 118, 174, 225, 64, 127, 168,
       112, 240, 192, 156, 190, 191, 140, 237, 176, 167, 158, 23, 198,
       19, 180, 254, 34, 75, 225, 51, 123, 1, 54, 73, 51, 117, 207, 179,
       90, 83, 144, 72, 173, 74, 44, 242, 57, 99, 116, 79, 127, 248, 51,
       108, 117, 76, 95, 95, 152, 48, 180, 220, 87, 110, 195, 148, 57,
       63, 231, 205, 33, 164, 98, 147, 70, 243, 43, 61, 225, 205, 118,
       102, 107, 216, 33, 64, 124, 230, 57, 247, 149, 244, 118, 238, 23,
       236, 131, 146, 244, 233, 38, 172, 162, 128, 47, 227, 114, 185,
       246, 4, 224, 165, 111, 122, 90, 72, 59, 246, 167, 155, 75, 47, 71,
       95, 255, 213, 253, 166, 44, 119, 217, 202, 151, 254, 193, 55, 239,
       253, 110, 86, 195, 174, 16, 140, 59, 177, 58, 75, 175, 34, 157,
       198, 236, 202, 227, 196, 183, 41, 251, 175, 230, 7, 142, 223, 178,
       20, 11, 187, 30, 230, 41, 5, 12, 216, 156, 250, 168, 45, 22, 152,
       142, 26, 149, 96, 214, 243, 233, 106, 87, 80, 239, 122, 2, 97, 91,
       49, 235, 163, 101, 189, 154, 251, 9, 3, 89, 188, 236, 195, 149,
       244, 255, 182, 118, 123, 158, 2, 120, 63, 214, 224, 97, 214, 189,
       216, 230, 248, 185, 255, 127, 79, 183, 197, 167, 209, 253, 59,
       207, 192, 237, 187, 40, 78, 105, 152, 174, 83, 7, 213, 221, 86,
       154, 107, 231, 5, 125, 223, 183, 197, 127, 245, 204, 251, 218,
       196, 156, 133, 145, 112, 27, 163, 214, 21, 178, 187, 176, 223,
       254, 249, 86, 247, 236, 224, 246, 237, 55, 127, 238, 17, 182, 217,
       143, 221, 14, 34, 127, 231, 174, 140, 137, 13, 208, 74, 95, 188,
       50, 194, 29, 60, 180, 140, 210, 225, 247, 199, 1, 81, 54, 245,
       237, 225, 104, 197, 130, 109, 240, 227, 106, 137, 36, 176, 39,
       107, 90, 252, 178, 250, 27, 233, 17, 206, 175, 23, 160, 57, 46,
       223, 104, 90, 163, 187, 233, 16, 10, 79, 154, 241, 217, 213, 30,
       123, 210, 80, 167, 138, 104, 57, 184, 117, 116, 207, 113, 19, 97,
       173, 119, 24, 147, 21, 2, 48, 128, 188, 117, 24, 24, 248, 241, 8,
       207, 255, 48, 81, 64, 128, 70, 226, 252, 68, 174, 92, 141, 118,
       69, 200, 208, 158, 180, 26, 114, 249, 63, 123, 217, 228, 108, 106,
       104, 103, 106, 42, 243, 171, 229, 25, 209, 121, 116, 34, 110, 249,
       161, 26, 201, 125, 23, 136, 131, 253, 173, 45, 42, 244, 79, 190,
       137, 222, 234, 82, 15, 67, 250, 49, 31, 16, 69, 127, 211, 127,
       198, 246, 210, 114, 222, 181, 42, 171, 56, 79, 191, 191, 115, 247,
       109, 238, 98, 219, 183, 245, 239, 165, 164, 213, 143, 95, 158, 35,
       127, 147, 165, 245, 143, 83, 126, 201, 104, 152, 223, 210, 185,
       207, 18, 181, 198, 163, 9, 174, 87, 201, 91, 221, 179, 241, 62,
       90, 239, 212, 124, 35, 143, 237, 181, 188, 188, 194, 87, 249, 155,
       161, 50, 194, 63, 196, 170, 248, 10, 229, 157, 151, 67, 80, 55,
       221, 93, 247, 71, 145, 136, 48, 248, 197, 47, 228, 44, 51, 35, 91,
       223, 180, 174, 165, 163, 54, 78, 154, 115, 250, 143, 84, 223, 54,
       219, 239, 55, 197, 253, 174, 173, 85, 189, 194, 139, 251, 255,
       148, 174, 245, 155, 21, 13, 144, 127, 115, 164, 142, 105, 149,
       118, 121, 119, 84, 215, 81, 154, 105, 83, 78, 124, 29, 155, 248,
       125, 52, 204, 171, 119, 68, 236, 128, 193, 113, 252, 228, 156,
       176, 169, 77, 80, 175, 163, 183, 168, 25, 151, 243, 74, 19, 129,
       215, 237, 17, 126, 79, 219, 49, 219, 211, 85, 127, 160, 96, 142,
       74, 38, 161, 64, 218, 221, 245, 210, 203, 87, 49, 105, 27, 0, 200,
       126, 156, 217, 138, 130, 16, 22, 34, 218, 243, 31, 30, 149, 111,
       211, 79, 218, 134, 237, 173, 189, 95, 221, 109, 69, 143, 251, 247,
       165, 24, 242, 247, 73, 63, 129, 94, 120, 24, 59, 106, 251, 51,
       239, 219, 85, 126, 194, 112, 214, 106, 33, 72, 83, 78, 69, 148,
       238, 244, 65, 10, 254, 66, 48, 146, 181, 244, 88, 236, 50, 202,
       201, 191, 244, 235, 54, 188, 146, 8, 31, 186, 120, 172, 254, 255,
       64, 170, 137, 53, 94, 204, 19, 26, 249, 141, 79, 203, 107, 145,
       221, 203, 197, 247, 94, 3, 218, 179, 178, 209, 141, 63, 122, 127,
       170, 146, 147, 186, 199, 21, 178, 18, 170, 127, 127, 233, 210,
       247, 72, 104, 148, 228, 55, 111, 238, 189, 181, 253, 13, 223, 62,
       46, 63, 198, 239, 132, 169, 29, 162, 238, 80, 152, 83, 137, 184,
       111, 31, 36, 112, 207, 44, 136, 38, 129, 174, 155, 131, 101, 102,
       62, 4, 253, 52, 16, 26, 171, 93, 12, 9, 159, 93, 116, 143, 165,
       162, 126, 124, 31, 34, 251, 143, 220, 223, 55, 203, 251, 55, 197,
       253, 189, 141, 212, 189, 0, 200, 231, 255, 148, 170, 118, 9, 121,
       13, 144, 255, 245, 180, 142, 97, 185, 118, 185, 114, 80, 215, 113,
       152, 120, 55, 84, 124, 56, 185, 240, 89, 28, 204, 187, 119, 68,
       236, 128, 193, 33, 88, 177, 187, 224, 137, 76, 81, 87, 163, 17,
       164, 24, 159, 151, 64, 62, 166, 154, 216, 88, 27, 75, 178, 0, 219,
       221, 20, 110, 226, 0, 199, 58, 41, 150, 233, 245, 180, 47, 107,
       27, 116, 235, 118, 246, 211, 53, 152, 96, 95, 206, 54, 188, 185,
       184, 101, 15, 204, 239, 177, 196, 237, 232, 208, 113, 215, 94, 14,
       183, 42, 38, 58, 48, 180, 218, 131, 213, 213, 103, 3, 91, 167,
       229, 125, 231, 61, 197, 211, 110, 208, 163, 235, 144, 40, 113, 35,
       19, 253, 132, 92, 231, 164, 47, 71, 191, 112, 162, 191, 24, 211,
       113, 152, 51, 19, 198, 108, 46, 121, 248, 205, 46, 236, 175, 101,
       20, 108, 250, 210, 32, 119, 233, 238, 175, 92, 6, 90, 184, 7, 225,
       202, 199, 113, 239, 26, 80, 212, 237, 125, 231, 140, 219, 223,
       253, 251, 62, 141, 215, 172, 162, 56, 94, 170, 248, 168, 218, 207,
       241, 180, 206, 159, 87, 84, 179, 40, 222, 111, 171, 207, 123, 147,
       209, 87, 78, 250, 241, 31, 81, 222, 171, 151, 92, 189, 222, 125,
       179, 144, 204, 189, 30, 83, 216, 75, 184, 181, 108, 207, 243, 235,
       254, 87, 220, 236, 122, 138, 99, 235, 152, 218, 249, 37, 62, 154,
       251, 40, 37, 143, 159, 230, 151, 246, 178, 190, 231, 221, 246, 94,
       183, 77, 108, 191, 199, 63, 103, 179, 167, 244, 217, 15, 238, 62,
       119, 207, 199, 175, 254, 185, 212, 70, 159, 151, 181, 227, 108,
       52, 151, 187, 219, 122, 125, 204, 62, 68, 219, 167, 87, 253, 16,
       177, 216, 131, 224, 143, 246, 118, 198, 136, 100, 167, 147, 203,
       44, 4, 158, 77, 253, 172, 140, 223, 114, 136, 25, 236, 248, 126,
       239, 129, 107, 250, 5, 183, 107, 222, 253, 191, 120, 159, 59, 26,
       124, 153, 134, 199, 127, 7, 139, 236, 180, 174, 199, 78, 98, 218,
       246, 204, 140, 221, 228, 238, 47, 122, 143, 247, 151, 247, 243,
       52, 52, 138, 194, 28, 95, 177, 213, 223, 192, 253, 249, 47, 126,
       121, 138, 239, 83, 134, 16, 221, 127, 27, 111, 35, 69, 125, 157,
       163, 69, 191, 213, 207, 251, 219, 212, 150, 213, 53, 96, 131, 105,
       103, 79, 236, 182, 173, 92, 94, 249, 91, 214, 208, 140, 252, 108,
