%YAML:1.0
---
descriptors: !!opencv-matrix
   rows: 315
   cols: 32
   dt: u
   data: [ 209, 14, 78, 221, 52, 134, 104, 127, 116, 11, 82, 86, 113, 35,
       177, 100, 125, 172, 63, 172, 169, 158, 5, 207, 184, 174, 186, 192,
       189, 136, 112, 169, 181, 70, 69, 235, 174, 35, 203, 216, 86, 50,
       145, 254, 83, 73, 249, 9, 127, 192, 95, 255, 170, 103, 79, 180,
       152, 138, 231, 252, 253, 251, 112, 128, 184, 221, 48, 250, 93,
       213, 150, 239, 223, 65, 236, 3, 58, 152, 38, 32, 200, 170, 146,
       81, 94, 43, 122, 191, 59, 221, 20, 123, 83, 28, 252, 206, 42, 97,
       67, 236, 77, 247, 232, 73, 138, 160, 249, 10, 57, 217, 53, 128,
       248, 56, 211, 227, 64, 35, 146, 221, 87, 233, 139, 61, 87, 15, 95,
       162, 83, 67, 106, 204, 14, 23, 79, 88, 141, 132, 157, 2, 29, 195,
       179, 100, 118, 161, 31, 239, 8, 3, 36, 220, 147, 173, 139, 184,
       54, 179, 37, 100, 0, 219, 43, 254, 84, 196, 239, 247, 148, 76, 86,
       194, 177, 215, 48, 96, 76, 186, 19, 205, 203, 138, 54, 63, 97,
       175, 186, 136, 21, 152, 244, 248, 33, 189, 115, 69, 244, 111, 231,
       51, 121, 234, 123, 72, 211, 53, 148, 52, 31, 254, 86, 42, 177,
       184, 253, 78, 45, 190, 37, 0, 75, 234, 66, 173, 28, 191, 251, 243,
       180, 246, 255, 183, 118, 235, 126, 98, 121, 63, 217, 96, 125, 94,
       63, 154, 179, 248, 169, 255, 111, 239, 183, 192, 167, 211, 245,
       249, 49, 0, 238, 77, 84, 6, 233, 63, 86, 232, 246, 6, 113, 49,
       151, 96, 124, 140, 51, 172, 185, 254, 117, 31, 79, 47, 177, 68,
       111, 168, 112, 184, 206, 221, 150, 146, 139, 208, 52, 198, 191,
       31, 14, 51, 44, 246, 102, 206, 227, 115, 235, 209, 118, 77, 186,
       227, 187, 114, 94, 203, 130, 84, 173, 127, 130, 216, 35, 217, 117,
       201, 185, 214, 159, 89, 82, 167, 188, 158, 36, 105, 238, 59, 179,
       65, 195, 156, 50, 245, 7, 50, 154, 131, 28, 28, 21, 255, 155, 155,
       110, 237, 182, 18, 111, 49, 117, 64, 214, 230, 121, 47, 178, 101,
       126, 180, 55, 238, 249, 152, 53, 253, 246, 235, 234, 192, 63, 164,
       248, 121, 66, 156, 186, 216, 211, 245, 176, 231, 190, 95, 108, 23,
       44, 190, 38, 104, 167, 27, 179, 145, 54, 28, 50, 247, 95, 55, 26,
       75, 152, 68, 173, 223, 105, 92, 211, 76, 69, 212, 103, 118, 81,
       130, 104, 74, 56, 243, 164, 244, 94, 252, 130, 74, 193, 178, 240,
       235, 55, 60, 4, 42, 123, 250, 226, 188, 63, 135, 67, 14, 221, 147,
       206, 233, 71, 192, 217, 206, 107, 232, 189, 164, 120, 226, 150,
       239, 221, 163, 126, 191, 58, 78, 133, 220, 127, 190, 120, 148,
       250, 162, 172, 183, 57, 200, 91, 12, 187, 125, 151, 185, 239, 79,
       10, 91, 246, 215, 237, 67, 58, 199, 203, 167, 219, 243, 250, 211,
       166, 15, 151, 115, 34, 177, 210, 200, 247, 217, 118, 199, 11, 53,
       125, 59, 14, 253, 110, 144, 187, 155, 130, 16, 86, 58, 168, 215,
       63, 213, 5, 111, 211, 142, 206, 199, 187, 207, 104, 202, 116, 151,
       207, 253, 85, 76, 212, 207, 49, 204, 183, 97, 92, 168, 23, 239,
       239, 186, 100, 191, 119, 73, 172, 168, 127, 156, 120, 253, 158,
       120, 50, 186, 27, 197, 50, 194, 187, 13, 200, 17, 46, 223, 99, 16,
       164, 59, 221, 81, 6, 15, 146, 243, 251, 213, 10, 107, 146, 5, 47,
       219, 44, 157, 247, 231, 244, 98, 127, 246, 21, 75, 254, 116, 91,
       45, 185, 96, 223, 222, 38, 30, 185, 187, 57, 174, 107, 255, 52,
       196, 231, 219, 228, 185, 246, 188, 238, 146, 203, 245, 189, 235,
       171, 215, 181, 159, 108, 252, 126, 63, 175, 243, 251, 147, 246,
       111, 186, 242, 27, 18, 223, 251, 199, 101, 255, 87, 0, 25, 191,
       125, 131, 205, 53, 119, 236, 93, 110, 12, 182, 183, 32, 50, 164,
       51, 106, 76, 145, 185, 50, 45, 243, 171, 84, 2, 64, 0, 135, 123,
       4, 44, 115, 227, 164, 169, 234, 128, 127, 178, 187, 90, 159, 9,
       81, 8, 59, 233, 111, 91, 16, 244, 77, 242, 222, 222, 51, 124, 229,
       203, 65, 130, 136, 138, 179, 185, 22, 193, 160, 198, 30, 5, 64,
       147, 165, 142, 32, 72, 217, 59, 163, 129, 34, 188, 67, 63, 197,
       134, 186, 73, 20, 8, 37, 170, 221, 198, 222, 237, 174, 82, 108,
       169, 253, 146, 151, 242, 223, 98, 186, 231, 115, 197, 108, 170,
       125, 197, 13, 206, 240, 235, 239, 149, 45, 240, 233, 4, 205, 180,
       179, 123, 236, 109, 253, 127, 252, 75, 57, 88, 158, 127, 156, 120,
       183, 23, 94, 40, 177, 109, 185, 66, 109, 191, 119, 108, 192, 240,
       227, 177, 50, 133, 99, 200, 213, 198, 237, 107, 69, 5, 236, 2, 40,
       243, 36, 116, 120, 154, 18, 168, 91, 139, 50, 221, 59, 60, 130,
       78, 91, 4, 224, 164, 218, 111, 222, 180, 50, 130, 62, 100, 161,
       140, 210, 231, 45, 207, 163, 67, 102, 253, 141, 199, 108, 201,
       132, 232, 242, 225, 174, 131, 39, 181, 45, 91, 19, 132, 50, 136,
       55, 182, 184, 107, 252, 73, 91, 151, 12, 234, 58, 68, 183, 43,
       147, 181, 182, 153, 6, 223, 88, 38, 154, 195, 156, 4, 169, 199,
       50, 227, 239, 220, 124, 2, 201, 120, 19, 176, 208, 98, 113, 201,
       244, 10, 222, 237, 55, 233, 137, 103, 138, 221, 152, 58, 235, 172,
       21, 168, 112, 160, 64, 178, 145, 179, 173, 233, 32, 6, 170, 57,
       153, 121, 166, 147, 72, 158, 129, 2, 110, 17, 18, 76, 202, 112,
       140, 20, 58, 255, 136, 72, 31, 11, 219, 146, 124, 181, 42, 98, 24,
       55, 60, 123, 147, 243, 221, 31, 128, 107, 103, 21, 253, 165, 233,
       220, 77, 156, 196, 235, 251, 212, 46, 132, 129, 49, 71, 18, 187,
       247, 226, 108, 57, 19, 58, 251, 87, 246, 220, 255, 203, 106, 183,
       93, 61, 17, 145, 212, 179, 194, 198, 190, 123, 130, 140, 241, 5,
       243, 94, 238, 172, 242, 137, 244, 31, 154, 178, 55, 142, 17, 239,
       231, 74, 90, 197, 119, 249, 146, 106, 77, 251, 179, 251, 215, 223,
       125, 162, 85, 143, 122, 90, 185, 146, 250, 251, 196, 50, 223, 187,
       25, 108, 0, 60, 223, 97, 80, 165, 123, 157, 80, 23, 11, 154, 243,
       251, 245, 30, 106, 154, 1, 171, 27, 7, 128, 215, 180, 118, 130,
       105, 104, 254, 145, 80, 66, 125, 226, 252, 100, 115, 233, 50, 184,
       131, 83, 46, 221, 28, 142, 239, 204, 189, 160, 33, 160, 139, 156,
       103, 219, 55, 212, 184, 103, 253, 83, 86, 179, 172, 158, 182, 229,
       230, 59, 155, 148, 247, 221, 52, 239, 15, 123, 154, 66, 14, 132,
       169, 252, 175, 204, 106, 95, 100, 180, 239, 144, 205, 90, 127,
       214, 217, 206, 191, 109, 126, 106, 55, 206, 199, 182, 46, 227,
       102, 121, 226, 136, 95, 223, 240, 245, 218, 56, 62, 246, 177, 253,
       81, 71, 189, 13, 36, 25, 174, 159, 38, 20, 132, 51, 221, 16, 50,
       137, 50, 231, 211, 219, 18, 91, 66, 4, 143, 127, 237, 116, 237,
       69, 172, 111, 231, 152, 82, 250, 23, 88, 211, 49, 209, 47, 25, 68,
       124, 122, 185, 244, 253, 10, 109, 142, 229, 116, 198, 249, 80, 96,
       73, 28, 28, 45, 48, 14, 114, 56, 125, 72, 122, 69, 223, 51, 2,
       209, 146, 69, 108, 108, 189, 240, 209, 14, 230, 255, 34, 0, 72,
       163, 75, 17, 208, 120, 156, 112, 41, 76, 20, 198, 171, 147, 164,
       28, 190, 147, 65, 222, 129, 241, 236, 18, 74, 71, 210, 96, 211,
       209, 87, 59, 202, 113, 139, 26, 133, 252, 18, 114, 113, 140, 114,
       246, 189, 25, 97, 85, 190, 211, 36, 17, 167, 43, 70, 94, 114, 237,
       26, 119, 171, 216, 18, 74, 74, 1, 99, 139, 24, 88, 43, 254, 20,
       198, 79, 112, 20, 76, 206, 7, 51, 215, 49, 64, 120, 248, 21, 206,
       200, 155, 48, 45, 241, 175, 170, 0, 48, 186, 116, 122, 189, 229,
       225, 71, 212, 87, 207, 248, 85, 226, 253, 74, 115, 120, 189, 165,
       121, 204, 18, 238, 237, 242, 125, 174, 58, 78, 133, 52, 127, 255,
       112, 228, 229, 233, 65, 70, 221, 28, 198, 172, 99, 224, 168, 76,
       66, 192, 220, 182, 88, 204, 96, 126, 207, 106, 220, 236, 62, 24,
       133, 124, 75, 175, 90, 156, 33, 177, 56, 216, 220, 205, 145, 255,
       206, 125, 124, 31, 182, 157, 126, 32, 137, 10, 19, 29, 146, 42,
       122, 53, 109, 29, 16, 124, 208, 8, 213, 251, 151, 93, 111, 222,
       86, 134, 239, 113, 84, 194, 87, 150, 113, 230, 181, 101, 118, 252,
       19, 238, 241, 181, 52, 206, 112, 42, 234, 128, 61, 227, 33, 180,
