%YAML:1.0
---
descriptors: !!opencv-matrix
   rows: 272
   cols: 32
   dt: u
   data: [ 113, 77, 74, 109, 84, 10, 111, 102, 117, 130, 238, 2, 115, 33,
       177, 113, 122, 230, 34, 238, 104, 184, 5, 46, 246, 174, 198, 0,
       101, 248, 112, 40, 38, 173, 17, 154, 221, 197, 182, 239, 143, 9,
       152, 75, 164, 255, 104, 0, 217, 251, 11, 81, 82, 43, 90, 247, 189,
       20, 159, 127, 144, 90, 133, 138, 6, 253, 144, 250, 217, 141, 182,
       239, 142, 17, 105, 72, 164, 243, 108, 80, 217, 27, 3, 16, 82, 11,
       218, 247, 189, 148, 30, 110, 152, 90, 163, 138, 1, 166, 221, 241,
       236, 169, 233, 155, 126, 51, 49, 220, 157, 161, 216, 43, 167, 11,
       110, 28, 179, 124, 111, 211, 204, 158, 119, 116, 156, 200, 129,
       161, 244, 112, 250, 240, 75, 109, 80, 208, 115, 178, 166, 24, 27,
       153, 71, 59, 169, 213, 245, 82, 12, 103, 216, 128, 211, 219, 85,
       63, 227, 121, 78, 2, 197, 36, 216, 101, 224, 46, 104, 24, 122,
       187, 111, 80, 215, 99, 201, 122, 55, 76, 124, 62, 128, 208, 201,
       66, 206, 175, 99, 36, 136, 227, 75, 33, 13, 176, 16, 195, 253,
       125, 241, 25, 79, 249, 61, 28, 222, 89, 218, 172, 159, 11, 222,
       56, 151, 112, 251, 208, 207, 221, 21, 125, 206, 15, 203, 215, 77,
       99, 83, 103, 112, 14, 99, 56, 109, 232, 107, 68, 223, 18, 153,
       116, 178, 76, 68, 110, 193, 176, 57, 76, 164, 252, 33, 4, 72, 179,
       67, 37, 241, 223, 13, 126, 40, 12, 71, 188, 224, 10, 234, 108,
       243, 115, 136, 115, 84, 230, 108, 110, 233, 79, 219, 47, 240, 235,
       96, 152, 120, 178, 114, 57, 198, 20, 149, 149, 169, 114, 180, 11,
       190, 243, 3, 21, 204, 46, 79, 207, 193, 87, 234, 17, 52, 197, 211,
       194, 13, 50, 223, 7, 130, 100, 141, 86, 128, 152, 57, 255, 48,
       207, 83, 150, 22, 9, 70, 16, 183, 215, 32, 112, 85, 58, 29, 72,
       107, 140, 99, 63, 225, 175, 176, 144, 16, 137, 4, 107, 41, 93,
       127, 77, 116, 78, 235, 182, 125, 72, 126, 64, 30, 55, 128, 52, 46,
       92, 86, 40, 129, 184, 49, 76, 111, 190, 32, 132, 74, 176, 66, 185,
       252, 96, 221, 227, 1, 94, 77, 156, 33, 179, 166, 24, 91, 19, 73,
       219, 81, 196, 124, 122, 104, 214, 249, 32, 243, 235, 212, 20, 162,
       179, 226, 34, 196, 175, 140, 147, 214, 168, 38, 135, 186, 147, 74,
       82, 245, 226, 73, 74, 113, 110, 42, 208, 50, 216, 207, 99, 172,
       38, 239, 68, 160, 115, 129, 0, 198, 174, 215, 190, 190, 160, 190,
       175, 154, 179, 24, 208, 237, 235, 112, 66, 151, 119, 121, 155, 50,
       77, 142, 243, 172, 54, 95, 236, 132, 113, 129, 41, 38, 204, 183,
       222, 252, 35, 222, 239, 223, 131, 248, 80, 230, 232, 53, 64, 219,
       127, 63, 40, 48, 239, 74, 255, 186, 190, 87, 62, 212, 248, 241,
       141, 16, 110, 208, 101, 86, 232, 104, 86, 115, 129, 120, 2, 43,
       43, 81, 16, 42, 239, 5, 152, 10, 184, 196, 234, 166, 253, 150,
       160, 239, 208, 66, 136, 43, 99, 74, 7, 114, 2, 111, 120, 33, 172,
       127, 231, 121, 7, 146, 20, 126, 204, 23, 238, 192, 146, 205, 76,
       102, 41, 175, 128, 47, 167, 106, 209, 190, 191, 166, 58, 249, 255,
       182, 247, 23, 123, 248, 127, 122, 255, 174, 25, 253, 251, 247, 16,
       190, 255, 107, 191, 123, 219, 117, 251, 211, 93, 166, 211, 114,
       188, 234, 240, 159, 253, 148, 135, 155, 247, 134, 159, 42, 188,
       86, 10, 237, 179, 251, 145, 191, 79, 242, 226, 219, 87, 220, 251,
       231, 76, 150, 94, 86, 100, 241, 229, 39, 42, 120, 10, 121, 162,
       178, 153, 207, 47, 85, 30, 183, 221, 125, 187, 172, 244, 133, 192,
       151, 254, 219, 162, 231, 245, 67, 6, 203, 85, 109, 76, 58, 213,
       187, 56, 172, 76, 29, 236, 252, 215, 147, 97, 22, 49, 127, 111,
       193, 1, 118, 93, 102, 41, 43, 152, 28, 162, 7, 113, 109, 79, 91,
       103, 36, 14, 111, 52, 108, 136, 126, 104, 243, 33, 145, 112, 22,
       228, 108, 110, 201, 176, 229, 46, 230, 253, 36, 128, 104, 187, 66,
       41, 50, 103, 106, 77, 122, 2, 175, 104, 36, 164, 254, 231, 65, 7,
       156, 132, 126, 204, 3, 238, 200, 150, 101, 78, 52, 44, 175, 132,
       37, 179, 118, 244, 135, 47, 18, 242, 240, 161, 235, 114, 168, 132,
       120, 64, 189, 130, 177, 16, 166, 107, 70, 90, 112, 137, 0, 238,
       248, 156, 46, 136, 4, 131, 35, 9, 81, 77, 222, 253, 212, 138, 110,
       230, 116, 130, 110, 2, 99, 35, 177, 80, 120, 238, 46, 234, 104,
       185, 5, 110, 244, 175, 230, 0, 97, 240, 104, 8, 154, 81, 124, 237,
       47, 212, 120, 56, 175, 216, 86, 130, 249, 223, 151, 167, 54, 245,
       181, 238, 193, 100, 182, 221, 71, 249, 225, 173, 47, 167, 76, 115,
       59, 177, 52, 73, 171, 213, 89, 153, 111, 125, 93, 61, 10, 29, 222,
       252, 132, 155, 245, 21, 158, 24, 251, 145, 195, 89, 48, 255, 115,
       134, 220, 119, 122, 16, 246, 236, 45, 87, 216, 25, 75, 249, 53,
       42, 79, 157, 52, 188, 150, 149, 181, 1, 136, 235, 179, 213, 131,
       251, 217, 247, 70, 140, 211, 103, 91, 184, 149, 248, 171, 132, 29,
       223, 190, 123, 144, 116, 188, 183, 96, 235, 231, 83, 255, 145,
       243, 79, 155, 241, 217, 219, 127, 254, 154, 80, 161, 59, 90, 112,
       124, 253, 45, 220, 120, 24, 171, 156, 118, 163, 251, 223, 213, 82,
       182, 189, 181, 232, 206, 84, 186, 221, 199, 249, 161, 173, 39,
       166, 76, 19, 93, 105, 83, 101, 114, 10, 99, 112, 105, 232, 111,
       64, 95, 0, 145, 116, 50, 204, 68, 110, 193, 177, 37, 76, 176, 236,
       33, 4, 107, 179, 99, 33, 89, 152, 151, 254, 169, 188, 24, 222,
       191, 27, 182, 84, 254, 243, 65, 255, 167, 119, 252, 24, 131, 77,
       155, 241, 219, 251, 127, 218, 138, 80, 169, 59, 45, 86, 87, 172,
       50, 14, 30, 48, 141, 202, 122, 229, 223, 230, 161, 244, 214, 37,
       158, 39, 229, 132, 117, 142, 164, 246, 32, 134, 60, 254, 1, 85,
       57, 177, 123, 106, 93, 221, 122, 93, 99, 72, 253, 76, 63, 159,
       104, 176, 252, 153, 86, 72, 219, 59, 184, 17, 247, 205, 33, 44,
       122, 2, 234, 179, 9, 89, 87, 69, 112, 142, 103, 55, 124, 200, 118,
       64, 62, 51, 129, 52, 46, 116, 118, 72, 193, 184, 49, 110, 103,
       190, 32, 128, 74, 160, 67, 185, 37, 67, 236, 77, 236, 31, 206, 24,
       71, 172, 245, 206, 83, 104, 191, 40, 88, 192, 38, 111, 156, 178,
       111, 152, 38, 43, 229, 148, 253, 255, 88, 132, 197, 175, 141, 147,
       214, 168, 102, 175, 190, 147, 74, 210, 253, 227, 201, 64, 115,
       238, 42, 154, 115, 92, 142, 127, 172, 166, 231, 76, 168, 115, 161,
       32, 56, 112, 18, 250, 99, 237, 82, 84, 169, 12, 161, 9, 47, 223,
       41, 17, 186, 185, 197, 66, 12, 35, 24, 253, 211, 209, 0, 59, 114,
       19, 15, 155, 205, 79, 125, 103, 36, 10, 111, 180, 97, 136, 126,
       108, 243, 97, 145, 115, 18, 228, 108, 110, 233, 176, 229, 44, 230,
       249, 101, 128, 78, 187, 66, 41, 125, 253, 148, 238, 189, 47, 86,
       248, 191, 186, 185, 108, 223, 243, 201, 145, 221, 219, 126, 98,
       107, 99, 219, 187, 185, 215, 47, 190, 88, 123, 131, 1, 169, 241,
       0, 41, 28, 31, 194, 120, 86, 248, 185, 76, 243, 72, 31, 160, 88,
       136, 86, 125, 175, 34, 95, 29, 44, 89, 129, 60, 93, 174, 90, 148,
       164, 196, 213, 179, 205, 47, 70, 168, 23, 187, 176, 88, 67, 121,
       77, 155, 217, 196, 102, 114, 46, 102, 91, 178, 143, 218, 197, 126,
       249, 249, 80, 134, 230, 160, 188, 218, 237, 253, 208, 73, 203, 57,
       181, 24, 142, 217, 108, 31, 137, 27, 227, 16, 18, 103, 218, 209,
       95, 209, 81, 127, 210, 8, 207, 130, 110, 175, 237, 179, 172, 105,
       207, 156, 23, 253, 157, 171, 195, 109, 219, 11, 95, 198, 255, 223,
       222, 106, 239, 176, 238, 83, 237, 253, 215, 255, 214, 113, 58, 64,
       84, 225, 103, 91, 249, 64, 45, 164, 180, 2, 143, 14, 23, 220, 106,
       145, 207, 241, 8, 179, 113, 200, 215, 217, 138, 145, 103, 141,
       127, 216, 126, 238, 237, 190, 60, 225, 95, 188, 135, 125, 156,
       235, 233, 239, 219, 66, 223, 215, 255, 247, 138, 67, 239, 189,
       254, 215, 175, 253, 151, 255, 52, 121, 164, 140, 215, 222, 252,
       43, 206, 239, 223, 131, 121, 88, 238, 232, 60, 65, 211, 107, 106,
       41, 50, 107, 11, 255, 40, 190, 87, 60, 212, 248, 225, 136, 182,
