%YAML:1.0
---
descriptors: !!opencv-matrix
   rows: 276
   cols: 32
   dt: u
   data: [ 97, 41, 136, 53, 137, 159, 100, 7, 106, 236, 138, 77, 167, 32,
       86, 146, 132, 38, 104, 5, 205, 216, 213, 8, 132, 245, 20, 50, 8,
       76, 155, 92, 3, 5, 119, 85, 229, 221, 165, 39, 252, 74, 114, 80,
       168, 152, 244, 229, 74, 58, 2, 8, 243, 248, 54, 193, 37, 88, 86,
       2, 71, 204, 193, 172, 146, 151, 91, 236, 242, 66, 189, 117, 45,
       65, 242, 230, 28, 23, 168, 113, 126, 149, 159, 160, 241, 139, 36,
       205, 240, 161, 42, 198, 61, 130, 167, 187, 131, 202, 107, 81, 118,
       155, 235, 208, 126, 99, 86, 246, 81, 12, 190, 44, 63, 12, 23, 207,
       227, 180, 45, 119, 4, 14, 187, 132, 125, 153, 81, 245, 2, 197, 32,
       139, 213, 151, 191, 237, 92, 101, 88, 3, 236, 72, 62, 192, 216, 3,
       147, 101, 246, 184, 77, 255, 45, 22, 142, 71, 21, 14, 149, 206,
       57, 222, 105, 91, 246, 155, 233, 247, 125, 73, 126, 246, 57, 12,
       180, 96, 111, 138, 22, 157, 251, 188, 101, 247, 110, 79, 182, 192,
       255, 136, 240, 253, 200, 185, 177, 222, 123, 205, 49, 182, 255,
       73, 116, 104, 190, 151, 192, 116, 134, 123, 222, 80, 19, 72, 178,
       127, 205, 212, 48, 234, 2, 0, 7, 59, 10, 235, 162, 159, 119, 240,
       190, 205, 30, 77, 92, 163, 172, 238, 63, 4, 221, 107, 147, 197,
       134, 146, 78, 251, 38, 117, 158, 139, 151, 126, 53, 223, 158, 158,
       46, 176, 175, 119, 177, 122, 157, 254, 150, 183, 72, 220, 246,
       143, 237, 149, 255, 183, 188, 199, 55, 214, 219, 83, 251, 199, 47,
       45, 53, 87, 11, 234, 233, 213, 102, 153, 185, 55, 91, 105, 84,
       210, 185, 12, 212, 41, 46, 63, 55, 141, 211, 252, 228, 197, 78,
       123, 250, 224, 103, 132, 211, 237, 90, 173, 59, 248, 153, 225, 25,
       103, 175, 31, 172, 57, 174, 183, 96, 80, 205, 187, 239, 144, 26,
       75, 226, 245, 219, 215, 26, 123, 144, 0, 167, 123, 57, 215, 111,
       236, 62, 131, 79, 127, 213, 74, 220, 230, 113, 237, 176, 97, 126,
       160, 63, 173, 249, 171, 38, 159, 242, 239, 239, 152, 61, 234, 240,
       121, 6, 133, 174, 145, 198, 98, 189, 135, 62, 183, 82, 147, 141,
       46, 94, 75, 227, 71, 51, 149, 52, 216, 229, 224, 108, 50, 222,
       197, 132, 84, 181, 206, 17, 142, 77, 225, 150, 175, 105, 23, 100,
       81, 74, 150, 145, 1, 48, 96, 107, 138, 10, 156, 155, 184, 53, 246,
       205, 141, 146, 68, 189, 200, 112, 40, 71, 122, 213, 5, 34, 58, 59,
       144, 40, 234, 82, 229, 213, 38, 195, 126, 54, 109, 61, 95, 133,
       208, 165, 72, 132, 38, 111, 132, 172, 247, 1, 117, 126, 187, 160,
       178, 169, 251, 88, 142, 139, 189, 144, 189, 143, 46, 67, 159, 143,
       223, 253, 149, 62, 75, 239, 176, 154, 209, 189, 255, 134, 69, 158,
       83, 249, 27, 111, 255, 54, 130, 107, 118, 84, 72, 214, 230, 51,
       39, 176, 97, 110, 230, 46, 204, 233, 184, 37, 45, 244, 235, 242,
       128, 61, 137, 112, 121, 61, 87, 109, 231, 246, 90, 79, 248, 16,
       238, 127, 230, 83, 117, 153, 50, 127, 212, 52, 238, 233, 178, 109,
       46, 254, 239, 165, 132, 239, 251, 116, 241, 90, 147, 166, 186,
       163, 82, 124, 149, 173, 93, 87, 167, 140, 175, 34, 220, 231, 151,
       191, 149, 84, 137, 35, 192, 155, 246, 222, 199, 166, 198, 173, 95,
       53, 96, 67, 69, 68, 11, 226, 64, 101, 160, 226, 202, 147, 1, 149,
       80, 120, 172, 74, 238, 72, 178, 69, 8, 52, 168, 129, 4, 97, 187,
       82, 128, 245, 182, 12, 63, 168, 156, 84, 191, 246, 119, 131, 253,
       199, 232, 218, 91, 197, 199, 108, 21, 190, 111, 207, 51, 216, 163,
       127, 113, 216, 200, 139, 84, 3, 159, 107, 9, 114, 166, 171, 51,
       60, 65, 94, 230, 249, 6, 150, 100, 55, 43, 23, 172, 147, 152, 53,
       95, 44, 44, 170, 192, 45, 134, 33, 253, 189, 31, 110, 250, 190,
       183, 219, 113, 213, 204, 223, 230, 123, 237, 183, 97, 94, 162, 31,
       158, 185, 171, 118, 190, 218, 235, 162, 200, 183, 139, 116, 113,
       42, 244, 112, 138, 117, 213, 122, 79, 31, 13, 109, 27, 172, 222,
       110, 148, 217, 153, 147, 145, 22, 26, 88, 215, 47, 85, 158, 111,
       146, 14, 222, 222, 130, 223, 31, 239, 244, 135, 175, 247, 28, 73,
       90, 118, 244, 127, 180, 65, 239, 51, 23, 167, 243, 184, 73, 127,
       44, 30, 191, 192, 28, 10, 177, 185, 154, 24, 126, 253, 30, 214,
       184, 104, 140, 4, 244, 3, 121, 30, 55, 193, 238, 51, 183, 161,
       164, 169, 19, 221, 67, 235, 186, 193, 85, 8, 109, 218, 130, 72,
       146, 159, 85, 197, 184, 196, 30, 5, 64, 3, 172, 146, 37, 76, 216,
       57, 130, 209, 34, 148, 18, 251, 5, 54, 154, 3, 16, 24, 45, 142,
       130, 222, 15, 223, 124, 135, 174, 182, 156, 74, 218, 247, 244,
       126, 180, 67, 231, 115, 63, 227, 225, 141, 75, 127, 45, 46, 250,
       144, 28, 8, 177, 25, 17, 11, 83, 168, 82, 130, 171, 96, 4, 1, 121,
       226, 61, 10, 176, 64, 126, 169, 6, 252, 144, 187, 4, 220, 48, 36,
       170, 192, 245, 131, 33, 161, 44, 117, 58, 107, 240, 14, 119, 248,
       109, 8, 127, 8, 95, 115, 9, 48, 180, 21, 69, 106, 192, 176, 57,
       14, 231, 255, 36, 4, 74, 243, 234, 163, 42, 190, 184, 251, 253,
       245, 251, 223, 31, 79, 92, 183, 189, 205, 250, 0, 223, 27, 151,
       21, 178, 190, 107, 247, 111, 223, 182, 235, 214, 140, 213, 235,
       47, 84, 231, 87, 245, 125, 175, 224, 217, 91, 117, 238, 72, 252,
       253, 175, 127, 88, 147, 255, 177, 242, 60, 224, 63, 94, 207, 198,
       215, 255, 127, 245, 98, 89, 102, 140, 79, 84, 186, 224, 136, 192,
       216, 167, 40, 142, 55, 135, 238, 241, 179, 231, 196, 3, 150, 232,
       23, 48, 202, 139, 5, 55, 63, 222, 2, 156, 59, 251, 242, 228, 57,
       83, 190, 75, 94, 116, 188, 151, 34, 96, 167, 59, 151, 16, 179,
       156, 48, 247, 205, 183, 58, 194, 136, 0, 165, 251, 219, 223, 103,
       190, 54, 144, 108, 119, 181, 64, 218, 231, 41, 238, 182, 229, 110,
       163, 191, 197, 237, 153, 38, 239, 178, 107, 186, 128, 47, 148,
       185, 93, 54, 243, 203, 170, 254, 1, 207, 216, 23, 84, 245, 231,
       67, 205, 251, 8, 127, 200, 7, 255, 138, 39, 46, 179, 112, 5, 171,
       252, 189, 191, 244, 241, 168, 60, 176, 48, 249, 221, 145, 71, 219,
       239, 52, 57, 174, 156, 70, 24, 129, 42, 227, 17, 182, 254, 242,
       62, 111, 87, 21, 123, 194, 76, 199, 219, 57, 81, 119, 77, 52, 95,
       198, 124, 68, 232, 251, 106, 83, 28, 149, 164, 124, 212, 86, 110,
       201, 178, 117, 12, 54, 233, 33, 144, 109, 186, 114, 181, 170, 185,
       168, 91, 237, 253, 253, 222, 95, 95, 116, 31, 168, 220, 118, 40,
       205, 59, 147, 17, 150, 106, 250, 243, 79, 93, 150, 235, 219, 92,
       222, 223, 119, 248, 236, 20, 11, 26, 158, 168, 171, 246, 172, 173,
       106, 236, 87, 26, 183, 229, 249, 103, 204, 67, 254, 40, 122, 47,
       77, 191, 105, 55, 74, 86, 159, 30, 127, 254, 50, 162, 43, 115,
       181, 194, 214, 246, 125, 239, 179, 96, 126, 253, 63, 158, 161,
       159, 38, 238, 242, 239, 170, 128, 63, 224, 33, 241, 2, 185, 187,
       187, 243, 196, 191, 199, 30, 73, 88, 34, 188, 254, 96, 96, 238,
       123, 147, 193, 82, 154, 58, 241, 101, 36, 190, 170, 16, 82, 165,
       219, 31, 23, 125, 109, 118, 187, 249, 121, 69, 96, 127, 230, 93,
       125, 188, 33, 62, 177, 151, 169, 177, 176, 37, 221, 86, 239, 33,
       196, 255, 234, 65, 241, 2, 149, 32, 139, 213, 195, 190, 231, 28,
       1, 90, 3, 236, 124, 56, 64, 216, 19, 147, 225, 86, 184, 89, 223,
       45, 22, 142, 199, 20, 14, 181, 94, 2, 185, 234, 158, 219, 224,
       187, 225, 138, 69, 93, 163, 172, 254, 110, 0, 254, 59, 147, 129,
       18, 26, 174, 243, 95, 53, 139, 171, 21, 78, 55, 219, 131, 250,
       251, 217, 118, 152, 185, 23, 255, 65, 84, 246, 189, 140, 212, 40,
       174, 59, 23, 157, 195, 252, 166, 241, 70, 125, 186, 224, 77, 132,
       147, 237, 147, 225, 75, 224, 82, 128, 109, 105, 166, 48, 86, 130,
       25, 195, 120, 98, 122, 137, 59, 252, 75, 19, 151, 209, 250, 201,
       139, 236, 61, 130, 161, 160, 44, 117, 58, 101, 48, 79, 119, 186,
       109, 138, 118, 8, 159, 123, 1, 49, 180, 84, 68, 106, 192, 176, 49,
       12, 231, 217, 36, 20, 66, 176, 74, 163, 127, 50, 229, 197, 172,
