%YAML:1.0
---
descriptors: !!opencv-matrix
   rows: 209
   cols: 32
   dt: u
   data: [ 136, 28, 191, 127, 96, 238, 117, 18, 188, 26, 119, 16, 254,
       63, 33, 91, 165, 51, 119, 10, 32, 245, 50, 107, 199, 251, 114, 0,
       192, 241, 39, 171, 189, 105, 141, 218, 173, 209, 70, 150, 215,
       218, 212, 32, 178, 213, 225, 237, 201, 106, 62, 90, 107, 78, 106,
       176, 171, 217, 229, 187, 146, 249, 220, 111, 83, 175, 149, 181,
       174, 9, 164, 107, 223, 242, 152, 106, 166, 242, 192, 167, 163,
       123, 126, 1, 85, 73, 199, 201, 188, 86, 79, 190, 4, 120, 1, 5, 28,
       165, 167, 163, 149, 226, 71, 183, 37, 189, 155, 67, 222, 55, 8,
       70, 113, 198, 29, 184, 26, 137, 41, 237, 233, 134, 174, 213, 162,
       94, 181, 106, 32, 105, 243, 88, 217, 201, 151, 198, 235, 4, 236,
       40, 42, 253, 101, 20, 200, 250, 226, 82, 66, 43, 130, 113, 123,
       148, 6, 11, 83, 59, 230, 170, 26, 173, 181, 171, 147, 207, 79,
       175, 167, 37, 138, 129, 239, 103, 8, 132, 51, 115, 89, 252, 90, 8,
       121, 255, 233, 214, 141, 114, 182, 214, 133, 120, 28, 149, 147,
       225, 147, 230, 43, 55, 52, 129, 75, 194, 221, 119, 32, 228, 119,
       127, 29, 184, 57, 152, 17, 206, 169, 231, 175, 196, 174, 226, 161,
       48, 98, 171, 26, 154, 249, 137, 144, 199, 158, 29, 160, 57, 174,
       194, 106, 24, 201, 187, 195, 17, 22, 11, 10, 245, 217, 20, 30,
       123, 144, 12, 143, 139, 70, 35, 235, 162, 214, 64, 173, 65, 186,
       197, 83, 179, 81, 206, 124, 74, 254, 173, 51, 149, 18, 219, 166,
       64, 124, 32, 175, 201, 133, 34, 181, 242, 2, 134, 29, 155, 252,
       169, 169, 175, 158, 19, 88, 241, 180, 166, 232, 64, 207, 27, 43,
       17, 51, 88, 66, 247, 44, 22, 190, 232, 156, 72, 129, 185, 66, 145,
       150, 158, 11, 208, 176, 101, 175, 21, 66, 161, 172, 254, 38, 198,
       166, 51, 251, 128, 22, 137, 147, 245, 157, 50, 90, 203, 146, 4,
       173, 223, 241, 72, 70, 204, 15, 18, 70, 104, 225, 134, 226, 2, 99,
       72, 53, 127, 104, 228, 108, 235, 108, 231, 205, 204, 176, 42, 195,
       16, 101, 57, 112, 4, 28, 71, 239, 165, 150, 2, 111, 127, 36, 141,
       218, 231, 87, 39, 184, 66, 126, 198, 29, 253, 88, 153, 5, 12, 248,
       229, 174, 196, 165, 250, 180, 105, 213, 219, 78, 175, 54, 2, 111,
       184, 52, 224, 214, 231, 241, 75, 155, 97, 126, 229, 125, 239, 237,
       148, 77, 109, 244, 171, 239, 132, 45, 179, 56, 17, 61, 205, 115,
       111, 244, 11, 111, 252, 117, 160, 255, 74, 115, 97, 185, 52, 122,
       238, 6, 106, 249, 178, 109, 62, 124, 172, 37, 20, 111, 187, 210,
       160, 2, 138, 134, 158, 75, 128, 184, 66, 175, 29, 82, 167, 172,
       142, 38, 206, 230, 59, 171, 213, 2, 205, 130, 241, 4, 48, 218,
       203, 20, 4, 45, 223, 254, 90, 255, 244, 44, 78, 93, 180, 169, 222,
       182, 63, 95, 127, 7, 91, 230, 245, 253, 226, 104, 199, 227, 232,
       211, 251, 230, 147, 39, 241, 102, 115, 124, 186, 148, 242, 41,
       185, 80, 210, 239, 61, 176, 121, 143, 251, 64, 155, 137, 179, 237,
       16, 26, 107, 202, 177, 218, 209, 81, 127, 242, 65, 78, 3, 120,
       188, 188, 190, 203, 228, 89, 223, 163, 85, 236, 45, 63, 255, 2,
       83, 207, 243, 245, 144, 10, 74, 218, 61, 251, 241, 76, 59, 176,
       66, 174, 91, 213, 78, 77, 167, 38, 2, 110, 184, 96, 234, 151, 198,
       211, 98, 155, 115, 118, 229, 124, 239, 237, 212, 205, 40, 228,
       171, 235, 132, 45, 243, 41, 17, 94, 122, 150, 186, 43, 153, 16,
       64, 171, 31, 177, 121, 175, 219, 97, 155, 167, 179, 237, 2, 14,
       79, 138, 225, 211, 211, 94, 187, 130, 20, 47, 3, 160, 249, 9, 187,
       124, 205, 163, 252, 30, 121, 80, 107, 181, 221, 24, 1, 153, 91,
       19, 67, 99, 62, 90, 55, 237, 128, 63, 44, 84, 26, 23, 251, 35,
       115, 119, 76, 121, 95, 179, 88, 235, 236, 244, 108, 74, 220, 135,
       182, 140, 160, 198, 98, 133, 99, 246, 88, 54, 24, 1, 187, 91, 191,
       78, 245, 101, 236, 197, 69, 152, 42, 78, 175, 51, 178, 232, 128,
       211, 99, 220, 50, 27, 198, 112, 174, 126, 92, 205, 47, 46, 238,
       213, 68, 229, 243, 218, 32, 240, 185, 156, 254, 203, 165, 85, 255,
       59, 157, 236, 25, 62, 247, 64, 27, 167, 251, 117, 136, 26, 74,
       218, 113, 223, 152, 85, 104, 224, 64, 167, 171, 220, 180, 156,
       186, 233, 102, 89, 153, 51, 63, 165, 25, 95, 119, 74, 90, 245,
       149, 125, 184, 58, 71, 219, 146, 219, 255, 125, 252, 178, 224,
       166, 99, 201, 201, 21, 120, 173, 141, 117, 190, 255, 24, 38, 24,
       190, 147, 0, 127, 128, 66, 122, 76, 115, 105, 115, 53, 231, 251,
       84, 92, 82, 153, 192, 42, 209, 219, 127, 237, 36, 14, 103, 53,
       116, 108, 246, 230, 115, 103, 128, 113, 126, 228, 46, 238, 233,
       144, 97, 45, 246, 171, 229, 128, 45, 186, 244, 121, 30, 185, 147,
       241, 181, 114, 66, 159, 55, 129, 206, 112, 206, 247, 200, 228,
       209, 94, 189, 24, 59, 216, 217, 162, 170, 215, 151, 70, 138, 229,
       184, 53, 9, 164, 69, 187, 154, 201, 45, 175, 54, 115, 73, 210,
       213, 34, 200, 228, 115, 14, 42, 156, 51, 88, 255, 23, 140, 135,
       159, 100, 190, 192, 133, 168, 244, 104, 199, 52, 74, 104, 68, 0,
       249, 242, 162, 24, 82, 54, 69, 59, 41, 212, 104, 226, 41, 71, 211,
       96, 145, 162, 215, 57, 225, 113, 102, 34, 118, 96, 209, 101, 131,
       106, 104, 72, 43, 242, 162, 8, 151, 30, 85, 190, 187, 221, 120,
       49, 9, 118, 209, 64, 157, 152, 69, 54, 233, 113, 67, 36, 26, 221,
       131, 225, 149, 246, 79, 119, 53, 137, 206, 66, 95, 55, 160, 228,
       113, 254, 156, 184, 25, 153, 17, 206, 187, 247, 142, 192, 170,
       198, 168, 52, 165, 167, 161, 195, 212, 47, 237, 127, 87, 171, 123,
       88, 194, 225, 92, 36, 89, 142, 66, 188, 184, 250, 233, 222, 47,
       30, 149, 100, 193, 234, 210, 164, 136, 176, 189, 251, 236, 237,
       249, 159, 207, 127, 53, 24, 188, 189, 88, 43, 143, 27, 127, 25,
       179, 124, 251, 209, 207, 219, 127, 254, 212, 200, 133, 251, 27,
       165, 130, 177, 145, 182, 56, 135, 63, 115, 11, 149, 204, 106, 122,
       196, 245, 7, 153, 181, 63, 153, 25, 214, 168, 215, 159, 199, 138,
       68, 169, 22, 250, 90, 255, 244, 108, 110, 125, 148, 169, 222, 182,
       63, 123, 127, 135, 91, 239, 245, 253, 226, 169, 71, 243, 232, 215,
       251, 242, 146, 39, 241, 102, 123, 28, 65, 85, 165, 67, 78, 110,
       96, 45, 128, 107, 130, 79, 39, 16, 244, 50, 213, 99, 234, 65, 144,
       21, 204, 181, 231, 79, 1, 41, 179, 7, 176, 152, 148, 151, 245,
       195, 110, 53, 199, 185, 155, 98, 16, 94, 183, 40, 91, 163, 87,
       117, 16, 48, 253, 19, 66, 217, 243, 86, 70, 224, 112, 167, 163,
       37, 113, 241, 65, 228, 79, 239, 216, 68, 232, 124, 72, 83, 85,
       221, 55, 88, 216, 86, 106, 201, 178, 121, 8, 101, 136, 37, 36, 99,
       251, 82, 176, 134, 190, 50, 216, 203, 241, 190, 231, 173, 7, 216,
       179, 172, 174, 101, 198, 231, 51, 203, 145, 118, 15, 130, 226,
       179, 20, 30, 235, 144, 84, 175, 143, 248, 32, 190, 120, 137, 237,
       81, 82, 227, 151, 164, 24, 55, 247, 65, 59, 129, 178, 108, 24, 58,
       111, 178, 0, 219, 219, 80, 57, 224, 192, 70, 42, 227, 115, 119,
       28, 120, 221, 147, 88, 235, 108, 189, 237, 74, 204, 183, 183, 142,
       177, 222, 103, 199, 99, 254, 221, 50, 24, 1, 186, 95, 191, 79,
       245, 144, 220, 25, 253, 52, 207, 135, 248, 22, 98, 80, 64, 247,
       85, 9, 32, 25, 88, 23, 106, 107, 52, 89, 63, 229, 135, 33, 52,
       120, 153, 21, 184, 86, 122, 151, 186, 43, 173, 24, 72, 175, 87,
       145, 237, 174, 222, 105, 222, 167, 177, 239, 17, 15, 71, 154, 241,
       152, 208, 91, 187, 152, 69, 47, 23, 67, 40, 174, 215, 136, 114,
       173, 167, 238, 191, 134, 48, 244, 178, 211, 111, 33, 119, 121,
       153, 160, 205, 167, 96, 93, 50, 222, 129, 128, 112, 181, 108, 125,
       117, 189, 236, 188, 15, 223, 252, 127, 232, 253, 76, 223, 125, 9,
       32, 156, 221, 94, 110, 233, 99, 123, 158, 243, 255, 37, 190, 88,
       187, 195, 179, 3, 173, 168, 147, 212, 237, 175, 207, 126, 117, 12,
       2, 176, 60, 86, 32, 171, 75, 19, 157, 182, 216, 61, 247, 45, 14,
       159, 230, 133, 68, 149, 236, 10, 190, 16, 187, 63, 185, 146, 231,
