%YAML:1.0
---
descriptors: !!opencv-matrix
   rows: 317
   cols: 32
   dt: u
   data: [ 61, 220, 234, 251, 252, 73, 175, 244, 92, 106, 247, 234, 249,
       95, 187, 105, 125, 240, 95, 238, 233, 55, 109, 255, 245, 143, 239,
       184, 181, 187, 241, 249, 166, 253, 182, 222, 239, 105, 158, 238,
       159, 191, 248, 187, 238, 252, 111, 15, 223, 215, 255, 211, 120,
       107, 202, 243, 185, 54, 95, 187, 213, 125, 175, 159, 161, 6, 109,
       165, 116, 15, 235, 59, 124, 174, 82, 213, 243, 105, 144, 64, 89,
       236, 46, 45, 176, 188, 69, 159, 108, 62, 243, 128, 204, 168, 80,
       225, 198, 124, 146, 158, 223, 229, 183, 207, 158, 183, 136, 23,
       204, 250, 103, 73, 243, 127, 234, 18, 50, 79, 154, 251, 189, 54,
       95, 59, 144, 125, 173, 199, 33, 180, 218, 101, 116, 14, 98, 56,
       122, 235, 114, 100, 215, 176, 148, 112, 147, 108, 118, 44, 165,
       248, 221, 30, 44, 190, 55, 4, 200, 160, 75, 157, 101, 127, 213,
       69, 224, 106, 110, 187, 112, 234, 122, 232, 243, 119, 133, 114,
       23, 246, 124, 42, 233, 220, 237, 42, 44, 190, 101, 128, 108, 243,
       66, 57, 10, 75, 82, 44, 123, 208, 62, 97, 173, 4, 108, 161, 173,
       198, 163, 212, 70, 49, 131, 194, 64, 11, 38, 125, 162, 245, 10,
       139, 86, 182, 47, 253, 41, 158, 237, 85, 164, 171, 225, 151, 86,
       239, 246, 246, 243, 101, 150, 105, 95, 238, 54, 28, 185, 252, 101,
       47, 78, 175, 117, 192, 237, 232, 208, 121, 188, 236, 193, 167,
       148, 11, 207, 190, 20, 162, 202, 218, 243, 97, 17, 0, 89, 238, 93,
       111, 120, 246, 77, 46, 236, 230, 165, 16, 229, 251, 210, 160, 9,
       150, 221, 173, 52, 42, 104, 59, 116, 227, 126, 240, 247, 43, 144,
       96, 87, 140, 46, 173, 189, 252, 117, 14, 204, 239, 51, 0, 238,
       224, 72, 1, 121, 71, 111, 238, 46, 2, 79, 252, 85, 74, 222, 230,
       115, 109, 185, 97, 126, 228, 61, 238, 233, 163, 109, 175, 242,
       239, 231, 152, 63, 187, 112, 121, 184, 185, 120, 97, 52, 207, 83,
       116, 101, 40, 246, 8, 51, 21, 2, 16, 136, 184, 70, 104, 72, 186,
       113, 61, 227, 217, 32, 113, 98, 138, 78, 170, 1, 191, 212, 87,
       242, 139, 175, 191, 62, 173, 82, 246, 253, 96, 140, 100, 55, 126,
       38, 44, 243, 216, 45, 127, 44, 38, 117, 196, 62, 168, 129, 189,
       181, 78, 110, 232, 60, 131, 75, 120, 197, 136, 148, 102, 113, 195,
       177, 97, 88, 160, 30, 238, 233, 7, 46, 222, 250, 137, 175, 156,
       61, 170, 120, 41, 162, 56, 254, 144, 239, 201, 184, 71, 139, 85,
       144, 191, 140, 156, 119, 43, 175, 179, 243, 17, 134, 111, 178,
       209, 31, 16, 90, 255, 213, 12, 23, 255, 109, 252, 181, 255, 141,
       77, 93, 191, 19, 247, 141, 28, 246, 119, 72, 122, 149, 86, 121,
       28, 107, 110, 251, 51, 237, 222, 85, 124, 154, 120, 132, 122, 177,
       123, 89, 232, 62, 131, 195, 124, 71, 232, 144, 238, 51, 133, 161,
       164, 92, 184, 142, 124, 203, 171, 71, 156, 248, 201, 165, 188,
       125, 184, 80, 185, 138, 152, 52, 187, 253, 253, 184, 143, 159, 63,
       16, 17, 140, 222, 106, 205, 205, 27, 251, 17, 54, 108, 91, 245,
       143, 83, 223, 119, 146, 76, 157, 215, 41, 39, 251, 69, 245, 191,
       111, 87, 121, 227, 125, 12, 59, 161, 84, 180, 127, 174, 86, 140,
       153, 186, 244, 202, 127, 255, 20, 32, 203, 202, 194, 168, 198,
       222, 237, 183, 172, 120, 111, 182, 185, 118, 30, 247, 205, 47,
       147, 207, 71, 87, 253, 135, 241, 92, 237, 226, 230, 119, 254, 145,
       140, 253, 149, 124, 229, 235, 25, 98, 180, 141, 71, 181, 105, 168,
       122, 76, 183, 193, 208, 48, 148, 236, 76, 124, 219, 184, 233, 63,
       254, 253, 37, 120, 64, 154, 194, 41, 242, 99, 3, 164, 77, 79, 196,
       108, 153, 170, 176, 91, 66, 234, 13, 151, 248, 228, 238, 227, 108,
       103, 202, 202, 177, 242, 207, 63, 97, 60, 122, 142, 189, 237, 82,
       78, 221, 31, 198, 236, 193, 200, 177, 78, 115, 200, 191, 181, 120,
       200, 6, 110, 237, 35, 24, 191, 58, 200, 133, 60, 127, 187, 250,
       156, 254, 182, 180, 162, 219, 119, 151, 200, 91, 254, 177, 191,
       78, 236, 79, 27, 191, 197, 239, 51, 230, 103, 251, 210, 123, 67,
       109, 255, 241, 127, 134, 215, 107, 97, 198, 140, 44, 211, 208, 9,
       206, 248, 154, 106, 208, 216, 214, 226, 216, 100, 126, 65, 143,
       99, 207, 221, 4, 56, 171, 187, 12, 46, 88, 7, 114, 233, 17, 192,
       25, 205, 81, 141, 3, 176, 128, 8, 135, 151, 64, 54, 128, 156, 125,
       88, 74, 75, 243, 149, 187, 208, 133, 127, 34, 136, 134, 46, 194,
       63, 47, 152, 252, 201, 184, 71, 173, 221, 180, 185, 172, 12, 54,
       11, 175, 179, 255, 17, 230, 111, 34, 220, 31, 18, 90, 171, 212,
       12, 15, 223, 200, 250, 60, 255, 40, 141, 156, 190, 190, 59, 176,
       120, 191, 31, 72, 27, 135, 83, 253, 65, 226, 109, 203, 53, 235,
       219, 126, 186, 80, 16, 3, 155, 131, 144, 116, 89, 41, 253, 248,
       39, 239, 125, 54, 53, 172, 26, 150, 255, 166, 35, 255, 5, 150,
       248, 103, 241, 14, 89, 82, 131, 86, 196, 77, 95, 81, 167, 155,
       101, 168, 44, 119, 191, 239, 41, 170, 68, 255, 179, 200, 114, 183,
       71, 108, 12, 147, 9, 203, 113, 205, 255, 55, 84, 136, 211, 131,
       41, 143, 221, 254, 27, 162, 52, 191, 183, 252, 94, 126, 116, 252,
       122, 191, 107, 167, 67, 22, 239, 231, 237, 46, 239, 110, 95, 126,
       130, 221, 245, 169, 221, 39, 142, 195, 79, 244, 54, 234, 208, 106,
       73, 121, 230, 25, 226, 245, 244, 95, 108, 22, 202, 151, 146, 236,
       251, 38, 237, 163, 228, 157, 227, 123, 149, 173, 20, 252, 255,
       228, 127, 117, 27, 84, 90, 125, 22, 211, 125, 51, 107, 93, 42, 23,
       46, 169, 244, 113, 8, 71, 235, 112, 0, 251, 249, 216, 240, 188,
       69, 108, 183, 140, 83, 196, 169, 196, 182, 135, 10, 211, 120, 19,
       235, 73, 196, 109, 227, 108, 103, 109, 28, 251, 195, 239, 21, 53,
       122, 92, 74, 1, 189, 63, 124, 193, 206, 53, 119, 173, 77, 110, 4,
       190, 183, 34, 112, 166, 59, 94, 12, 83, 153, 50, 77, 247, 255, 18,
       2, 72, 64, 167, 251, 141, 217, 174, 243, 229, 118, 253, 183, 118,
       255, 86, 22, 120, 61, 91, 235, 233, 78, 179, 222, 243, 248, 57,
       224, 111, 203, 246, 69, 139, 245, 248, 250, 215, 223, 254, 158,
       174, 18, 158, 252, 91, 254, 157, 238, 78, 104, 255, 103, 87, 199,
       252, 103, 236, 71, 175, 238, 186, 90, 111, 191, 55, 255, 61, 77,
       2, 190, 179, 154, 179, 244, 57, 7, 191, 79, 79, 177, 172, 246, 38,
       204, 231, 59, 187, 145, 50, 220, 34, 231, 137, 119, 158, 195, 130,
       68, 165, 119, 139, 149, 54, 251, 177, 255, 57, 59, 31, 125, 71,
       23, 220, 54, 38, 229, 215, 19, 158, 52, 183, 216, 57, 223, 207,
       219, 27, 70, 154, 12, 137, 87, 89, 222, 255, 117, 52, 222, 125,
       55, 253, 79, 126, 53, 255, 63, 146, 115, 167, 102, 253, 12, 245,
       248, 53, 47, 231, 255, 118, 128, 106, 224, 239, 123, 86, 249, 250,
       248, 186, 200, 58, 200, 170, 29, 182, 40, 158, 222, 99, 120, 166,
       121, 255, 83, 22, 75, 186, 113, 219, 161, 43, 239, 176, 49, 47,
       115, 210, 230, 255, 126, 171, 201, 61, 237, 191, 55, 165, 185,
       236, 231, 76, 91, 167, 243, 239, 130, 98, 77, 170, 119, 255, 243,
       95, 63, 64, 80, 167, 251, 13, 248, 59, 106, 95, 213, 123, 248,
       239, 72, 117, 6, 60, 219, 117, 112, 252, 57, 247, 106, 199, 35,
       58, 253, 115, 233, 35, 138, 19, 139, 103, 235, 19, 160, 6, 153,
       77, 155, 224, 99, 47, 177, 226, 66, 141, 130, 52, 205, 104, 172,
       106, 140, 5, 251, 199, 212, 156, 230, 218, 18, 171, 12, 41, 140,
       84, 39, 223, 163, 180, 42, 234, 3, 170, 145, 187, 219, 223, 106,
       81, 218, 99, 199, 236, 177, 20, 242, 205, 192, 220, 229, 239, 196,
       132, 99, 163, 128, 129, 48, 153, 185, 108, 165, 169, 82, 30, 91,
       80, 84, 188, 211, 104, 72, 231, 59, 51, 17, 131, 244, 211, 97,
       133, 152, 122, 160, 152, 88, 33, 177, 24, 156, 146, 191, 183, 214,
       22, 231, 95, 15, 221, 19, 175, 218, 42, 224, 211, 59, 142, 1, 86,
       173, 88, 183, 163, 247, 154, 67, 18, 78, 189, 15, 140, 159, 253,
       87, 245, 242, 183, 183, 86, 183, 30, 50, 232, 45, 70, 107, 201,
