%YAML:1.0
---
descriptors: !!opencv-matrix
   rows: 104
   cols: 32
   dt: u
   data: [ 117, 64, 31, 172, 12, 15, 70, 56, 117, 162, 227, 74, 87, 97,
       33, 91, 112, 196, 108, 106, 72, 183, 65, 10, 209, 230, 97, 20,
       104, 251, 96, 32, 218, 145, 146, 186, 27, 212, 48, 69, 175, 5,
       167, 48, 172, 222, 106, 214, 162, 51, 249, 16, 86, 13, 146, 211,
       155, 245, 26, 91, 26, 6, 173, 31, 54, 133, 229, 253, 156, 3, 206,
       168, 83, 163, 251, 202, 99, 104, 21, 17, 89, 205, 53, 239, 248,
       242, 79, 159, 184, 46, 237, 244, 101, 187, 82, 0, 172, 132, 150,
       252, 253, 171, 22, 105, 223, 131, 249, 25, 206, 249, 44, 201, 215,
       121, 239, 34, 52, 103, 10, 159, 154, 255, 67, 127, 214, 239, 169,
       131, 137, 164, 157, 187, 236, 233, 169, 143, 30, 51, 81, 176, 181,
       163, 200, 105, 207, 11, 34, 24, 51, 92, 91, 147, 204, 147, 126,
       108, 152, 200, 129, 168, 121, 159, 92, 108, 184, 30, 95, 189, 161,
       200, 174, 204, 123, 103, 130, 243, 22, 228, 236, 110, 253, 139,
       253, 45, 242, 235, 101, 208, 106, 162, 234, 89, 46, 32, 249, 225,
       237, 121, 249, 200, 11, 245, 181, 27, 158, 29, 95, 42, 187, 153,
       223, 49, 19, 102, 249, 208, 223, 93, 9, 255, 199, 13, 87, 243,
       133, 160, 253, 241, 236, 173, 249, 27, 255, 59, 49, 120, 159, 185,
       220, 43, 171, 11, 110, 25, 179, 124, 203, 209, 76, 154, 119, 116,
       212, 200, 193, 161, 61, 71, 204, 103, 176, 58, 79, 184, 118, 170,
       127, 228, 83, 97, 153, 113, 23, 204, 36, 110, 233, 240, 109, 46,
       232, 239, 101, 132, 239, 243, 88, 1, 246, 72, 214, 190, 77, 86,
       94, 232, 185, 134, 243, 11, 106, 250, 47, 223, 249, 245, 239, 227,
       108, 199, 154, 234, 147, 186, 199, 31, 33, 127, 126, 6, 120, 205,
       103, 236, 159, 66, 86, 237, 101, 4, 234, 3, 99, 121, 32, 197, 248,
       247, 204, 227, 108, 171, 17, 173, 179, 225, 135, 19, 51, 190, 244,
       14, 242, 72, 223, 244, 46, 10, 125, 52, 185, 146, 178, 218, 127,
       43, 21, 91, 102, 245, 125, 234, 104, 71, 195, 234, 211, 251, 254,
       144, 39, 241, 98, 40, 134, 165, 20, 131, 221, 109, 184, 105, 62,
       183, 185, 27, 204, 120, 76, 8, 187, 27, 203, 49, 54, 115, 91, 214,
       157, 22, 95, 119, 212, 78, 135, 134, 222, 180, 18, 186, 155, 244,
       18, 200, 191, 93, 165, 29, 110, 223, 106, 213, 183, 155, 221, 242,
       62, 7, 186, 247, 219, 241, 10, 127, 50, 7, 175, 87, 186, 224, 232,
       90, 45, 217, 80, 205, 223, 85, 165, 149, 42, 204, 126, 253, 203,
       138, 174, 20, 142, 103, 126, 209, 66, 89, 80, 127, 214, 156, 220,
       94, 198, 236, 148, 151, 221, 128, 166, 165, 186, 179, 131, 19,
       228, 226, 76, 78, 225, 239, 42, 211, 102, 92, 203, 243, 189, 22,
       223, 103, 128, 115, 177, 142, 125, 241, 25, 105, 169, 15, 86, 184,
       59, 168, 185, 72, 223, 127, 73, 240, 157, 221, 93, 98, 201, 114,
       219, 58, 251, 223, 37, 182, 90, 251, 66, 51, 198, 232, 144, 158,
       207, 137, 238, 169, 187, 178, 1, 10, 236, 234, 93, 135, 179, 235,
       123, 195, 102, 68, 218, 251, 189, 18, 207, 59, 20, 51, 147, 6,
       182, 227, 196, 255, 28, 3, 202, 168, 87, 176, 240, 202, 99, 105,
       93, 2, 89, 204, 117, 243, 42, 242, 207, 159, 168, 254, 197, 244,
       117, 171, 80, 0, 85, 33, 27, 231, 48, 15, 111, 48, 109, 140, 251,
       8, 223, 82, 129, 116, 178, 253, 76, 106, 73, 176, 233, 204, 177,
       252, 35, 18, 0, 163, 67, 37, 192, 8, 191, 223, 237, 228, 225, 2,
       250, 155, 100, 16, 188, 247, 101, 107, 193, 126, 50, 24, 51, 124,
       242, 224, 69, 187, 82, 8, 208, 105, 101, 170, 121, 203, 108, 108,
       40, 26, 94, 188, 97, 204, 190, 237, 123, 103, 146, 246, 22, 228,
       252, 110, 205, 43, 237, 45, 242, 255, 101, 153, 111, 182, 74, 89,
       190, 48, 240, 193, 221, 127, 241, 72, 11, 185, 181, 26, 154, 29,
       93, 188, 185, 153, 223, 185, 27, 119, 249, 208, 223, 217, 141,
       247, 199, 109, 86, 179, 120, 184, 188, 122, 169, 253, 17, 143,
       171, 63, 164, 9, 174, 255, 66, 27, 129, 115, 233, 16, 18, 75, 218,
       49, 219, 211, 93, 123, 210, 68, 143, 11, 221, 66, 238, 231, 36,
       34, 235, 216, 85, 202, 215, 246, 81, 47, 187, 107, 126, 196, 55,
       239, 169, 212, 37, 234, 214, 235, 234, 132, 175, 251, 112, 113,
       168, 121, 23, 188, 29, 198, 83, 100, 229, 136, 224, 12, 214, 211,
       32, 80, 216, 124, 232, 98, 72, 235, 146, 12, 249, 241, 6, 90, 88,
       10, 102, 34, 44, 53, 185, 97, 221, 111, 83, 136, 75, 181, 45, 24,
       214, 53, 77, 58, 145, 28, 66, 58, 18, 112, 249, 16, 79, 221, 1,
       119, 194, 107, 70, 226, 191, 176, 125, 91, 175, 221, 217, 153,
       143, 125, 181, 63, 26, 157, 222, 59, 205, 155, 245, 19, 223, 38,
       250, 241, 83, 89, 184, 255, 215, 143, 212, 119, 244, 164, 222,
       180, 236, 169, 121, 203, 187, 151, 178, 25, 175, 234, 66, 27, 235,
       231, 109, 17, 62, 103, 202, 130, 220, 243, 223, 62, 192, 104, 131,
       2, 217, 223, 44, 124, 131, 220, 53, 183, 165, 94, 150, 167, 251,
       61, 162, 231, 100, 242, 253, 194, 237, 9, 119, 173, 247, 243, 246,
       131, 51, 252, 220, 127, 125, 125, 25, 109, 185, 15, 84, 190, 63,
       168, 188, 72, 159, 59, 65, 112, 156, 221, 92, 104, 233, 122, 81,
       26, 239, 223, 37, 52, 74, 249, 74, 35, 198, 236, 148, 159, 29,
       137, 166, 233, 190, 178, 1, 18, 236, 226, 77, 199, 177, 105, 106,
       211, 98, 69, 154, 255, 189, 22, 207, 47, 16, 50, 131, 6, 118, 227,
       196, 175, 220, 11, 194, 168, 19, 177, 177, 239, 194, 104, 205,
       146, 217, 198, 102, 115, 46, 98, 203, 177, 172, 146, 197, 126,
       253, 251, 88, 132, 50, 32, 214, 172, 107, 11, 152, 72, 15, 160,
       240, 137, 78, 190, 45, 159, 222, 157, 255, 37, 76, 211, 195, 200,
       146, 126, 91, 191, 84, 44, 35, 135, 88, 60, 187, 245, 49, 238,
       113, 55, 57, 235, 126, 57, 191, 63, 0, 112, 166, 191, 253, 1, 48,
       216, 145, 142, 223, 255, 58, 130, 0, 192, 7, 123, 97, 99, 56, 101,
       52, 31, 99, 56, 105, 236, 255, 8, 223, 16, 159, 52, 144, 204, 76,
       106, 201, 178, 233, 12, 197, 221, 33, 52, 64, 163, 67, 101, 11,
       154, 21, 187, 116, 141, 168, 223, 30, 89, 80, 86, 188, 130, 240,
       228, 199, 43, 51, 28, 147, 152, 82, 247, 12, 31, 58, 232, 26, 140,
       137, 185, 11, 158, 72, 29, 176, 159, 104, 191, 126, 65, 78, 212,
       249, 34, 146, 228, 119, 10, 54, 140, 191, 152, 85, 127, 174, 111,
       190, 192, 62, 132, 217, 156, 165, 244, 209, 83, 253, 127, 69, 175,
       91, 251, 53, 24, 210, 113, 205, 189, 153, 94, 84, 56, 107, 118,
       121, 30, 47, 158, 85, 118, 202, 120, 210, 166, 242, 207, 70, 172,
       15, 66, 71, 236, 229, 4, 178, 35, 98, 106, 36, 83, 248, 245, 236,
       227, 104, 163, 1, 237, 177, 226, 207, 19, 49, 58, 116, 46, 209,
       88, 31, 116, 8, 78, 69, 181, 224, 210, 166, 88, 247, 115, 0, 123,
       0, 244, 124, 106, 105, 101, 187, 41, 241, 235, 101, 16, 104, 176,
       194, 40, 220, 218, 191, 175, 58, 194, 27, 176, 166, 21, 142, 177,
       255, 215, 34, 66, 199, 117, 109, 211, 74, 77, 11, 51, 201, 161,
       111, 221, 48, 3, 37, 123, 61, 23, 127, 68, 244, 54, 239, 116, 196,
       200, 255, 70, 81, 249, 181, 97, 126, 228, 22, 239, 201, 179, 52,
       140, 114, 237, 165, 132, 239, 251, 112, 177, 101, 226, 132, 55,
       172, 15, 70, 184, 234, 243, 163, 204, 243, 224, 89, 154, 145, 70,
       104, 95, 207, 103, 219, 49, 172, 26, 69, 124, 200, 251, 218, 4,
       141, 164, 205, 123, 155, 125, 97, 139, 118, 51, 71, 16, 211, 115,
       72, 104, 49, 14, 106, 152, 58, 220, 255, 23, 207, 207, 85, 100,
       176, 64, 128, 162, 86, 36, 150, 128, 221, 110, 178, 200, 187, 183,
       179, 27, 206, 250, 77, 158, 249, 213, 239, 179, 60, 227, 153, 194,
       157, 22, 79, 127, 193, 111, 39, 134, 250, 91, 250, 228, 174, 20,
       93, 183, 233, 110, 246, 173, 63, 63, 215, 114, 198, 215, 253, 199,
       204, 31, 225, 224, 243, 249, 252, 147, 7, 244, 174, 95, 114, 98,
       116, 225, 100, 26, 248, 24, 105, 96, 114, 227, 143, 143, 212, 62,
       238, 141, 53, 205, 204, 180, 167, 208, 134, 248, 170, 162, 103,
