%YAML:1.0
---
descriptors: !!opencv-matrix
   rows: 256
   cols: 32
   dt: u
   data: [ 61, 97, 249, 98, 220, 71, 87, 216, 66, 160, 172, 8, 19, 211,
       65, 48, 88, 216, 68, 250, 74, 50, 248, 56, 251, 205, 37, 60, 115,
       187, 66, 42, 11, 158, 123, 251, 246, 247, 251, 247, 95, 73, 94,
       102, 189, 255, 178, 224, 127, 187, 151, 157, 179, 152, 45, 255,
       254, 255, 190, 192, 191, 204, 253, 249, 144, 152, 222, 254, 138,
       96, 53, 206, 182, 23, 226, 51, 117, 255, 40, 91, 227, 211, 41,
       128, 58, 205, 155, 97, 217, 163, 126, 75, 177, 80, 165, 27, 23,
       215, 247, 69, 178, 26, 230, 232, 127, 170, 115, 226, 74, 108, 181,
       180, 191, 221, 230, 98, 165, 241, 45, 206, 58, 62, 103, 134, 229,
       243, 99, 165, 191, 126, 47, 184, 62, 244, 155, 208, 157, 206, 212,
       231, 124, 220, 183, 11, 222, 113, 223, 247, 175, 199, 34, 174,
       250, 83, 175, 219, 158, 189, 52, 255, 10, 133, 0, 139, 245, 215,
       190, 175, 15, 9, 94, 3, 204, 106, 58, 192, 216, 11, 147, 97, 86,
       184, 73, 215, 47, 119, 142, 199, 22, 14, 185, 14, 46, 232, 226,
       136, 223, 85, 187, 202, 31, 229, 76, 3, 140, 252, 126, 164, 249,
       91, 147, 211, 22, 50, 254, 243, 63, 85, 143, 111, 151, 127, 189,
       214, 34, 238, 162, 159, 53, 176, 186, 204, 31, 13, 92, 231, 232,
       238, 191, 68, 255, 107, 151, 135, 134, 146, 46, 243, 38, 117, 154,
       139, 151, 126, 53, 221, 11, 235, 233, 213, 102, 153, 185, 55, 91,
       121, 84, 242, 185, 12, 212, 41, 46, 63, 55, 141, 213, 252, 231,
       193, 78, 123, 250, 224, 111, 132, 211, 253, 17, 141, 19, 191, 22,
       131, 170, 231, 22, 1, 88, 98, 181, 232, 176, 64, 91, 42, 2, 137,
       19, 184, 72, 191, 160, 166, 170, 0, 180, 10, 48, 136, 14, 148, 32,
       139, 85, 247, 186, 202, 31, 13, 75, 19, 140, 30, 46, 204, 217, 27,
       147, 145, 22, 156, 89, 215, 15, 22, 154, 71, 146, 15, 61, 198, 21,
       194, 203, 251, 150, 130, 111, 213, 116, 67, 214, 214, 81, 171,
       185, 104, 125, 142, 59, 184, 187, 147, 61, 231, 250, 239, 158, 68,
       189, 217, 240, 32, 127, 68, 229, 197, 142, 114, 175, 184, 70, 250,
       151, 230, 216, 124, 215, 239, 95, 196, 123, 239, 225, 97, 239,
       192, 76, 14, 239, 180, 167, 255, 112, 116, 153, 155, 111, 255, 20,
       136, 235, 246, 212, 72, 86, 230, 115, 237, 176, 97, 110, 226, 63,
       205, 169, 185, 36, 173, 208, 235, 178, 128, 61, 137, 112, 121, 1,
       212, 61, 235, 93, 133, 233, 252, 86, 73, 252, 70, 248, 73, 62, 96,
       248, 131, 18, 173, 163, 42, 59, 221, 103, 221, 18, 72, 89, 138,
       97, 248, 10, 180, 56, 226, 247, 201, 49, 207, 15, 61, 29, 59, 140,
       215, 106, 64, 147, 27, 139, 16, 18, 56, 104, 214, 255, 213, 31,
       111, 146, 10, 133, 227, 71, 126, 243, 198, 164, 42, 111, 144, 105,
       202, 63, 228, 223, 103, 221, 126, 119, 244, 60, 254, 145, 64, 173,
       232, 238, 254, 167, 132, 142, 243, 225, 113, 59, 102, 229, 85,
       118, 51, 79, 120, 83, 239, 247, 238, 75, 108, 150, 181, 126, 204,
       244, 172, 188, 246, 237, 142, 126, 111, 245, 144, 103, 173, 122,
       197, 172, 107, 90, 101, 245, 15, 94, 182, 125, 172, 50, 77, 207,
       9, 19, 144, 152, 200, 196, 106, 236, 180, 65, 172, 230, 217, 37,
       177, 74, 185, 74, 131, 30, 147, 166, 160, 171, 82, 124, 213, 173,
       93, 223, 167, 141, 174, 106, 206, 230, 23, 191, 149, 20, 137, 51,
       192, 155, 243, 222, 199, 166, 198, 173, 95, 19, 131, 91, 170, 114,
       130, 171, 112, 132, 1, 241, 230, 21, 135, 168, 96, 126, 185, 23,
       232, 145, 155, 4, 125, 88, 168, 170, 192, 61, 131, 33, 177, 47,
       20, 227, 83, 229, 117, 175, 224, 89, 91, 85, 246, 72, 252, 253,
       175, 127, 90, 147, 174, 177, 242, 124, 224, 31, 90, 222, 162, 215,
       127, 249, 245, 15, 30, 34, 153, 109, 245, 189, 74, 223, 94, 93,
       167, 173, 220, 119, 237, 239, 41, 151, 167, 167, 48, 62, 221, 22,
       89, 139, 171, 95, 125, 61, 215, 49, 205, 93, 101, 52, 26, 238, 53,
       100, 64, 250, 66, 243, 34, 148, 112, 122, 236, 30, 238, 205, 184,
       101, 45, 230, 173, 162, 128, 109, 162, 232, 168, 124, 88, 251,
       245, 36, 78, 109, 19, 160, 206, 231, 2, 115, 183, 33, 82, 114,
       244, 61, 138, 72, 212, 176, 8, 245, 175, 230, 16, 32, 248, 84,
       112, 42, 176, 112, 154, 117, 213, 120, 77, 31, 45, 117, 11, 12,
       222, 110, 144, 217, 153, 147, 145, 86, 30, 88, 215, 15, 85, 148,
       111, 146, 14, 220, 222, 146, 25, 126, 253, 28, 246, 184, 104, 140,
       28, 244, 3, 249, 30, 54, 65, 238, 51, 151, 161, 46, 169, 18, 221,
       67, 235, 58, 193, 81, 8, 109, 202, 109, 111, 56, 101, 112, 31,
       117, 58, 121, 140, 110, 12, 191, 3, 3, 16, 176, 76, 76, 108, 204,
       184, 177, 45, 231, 249, 32, 17, 66, 177, 74, 195, 21, 26, 219,
       254, 110, 132, 123, 80, 156, 202, 80, 102, 125, 207, 177, 105,
       126, 121, 55, 202, 131, 135, 34, 233, 208, 171, 234, 136, 60, 169,
       33, 161, 56, 189, 33, 59, 221, 239, 135, 239, 86, 237, 184, 13,
       34, 184, 86, 16, 137, 106, 195, 21, 30, 58, 89, 63, 125, 86, 21,
       115, 81, 78, 214, 202, 114, 38, 26, 152, 25, 249, 18, 72, 187, 10,
       161, 9, 174, 194, 107, 213, 216, 169, 202, 34, 46, 3, 138, 223,
       145, 20, 11, 59, 24, 13, 47, 6, 152, 147, 88, 235, 178, 66, 57,
       93, 62, 29, 117, 179, 221, 15, 42, 72, 119, 155, 151, 176, 18, 24,
       9, 215, 223, 229, 58, 205, 181, 130, 173, 19, 90, 177, 61, 248,
       137, 225, 25, 111, 191, 31, 165, 57, 174, 247, 104, 90, 197, 147,
       237, 144, 26, 75, 234, 213, 219, 243, 90, 127, 146, 0, 167, 114,
       202, 182, 149, 145, 173, 61, 180, 159, 223, 123, 24, 124, 142,
       184, 76, 239, 129, 87, 234, 17, 183, 109, 155, 243, 143, 82, 95,
       127, 154, 92, 153, 31, 209, 205, 99, 174, 149, 214, 79, 253, 208,
       96, 203, 2, 113, 231, 56, 228, 124, 230, 26, 239, 249, 139, 188,
       191, 249, 237, 158, 16, 63, 158, 176, 120, 97, 108, 18, 240, 52,
       141, 64, 6, 233, 9, 178, 72, 183, 211, 0, 16, 200, 161, 76, 12, 8,
       171, 194, 64, 145, 184, 50, 24, 72, 8, 66, 40, 255, 95, 110, 126,
       236, 22, 95, 188, 225, 78, 253, 37, 123, 109, 191, 115, 220, 230,
       117, 239, 236, 167, 46, 173, 114, 123, 229, 153, 95, 247, 250, 95,
       54, 73, 50, 142, 93, 95, 150, 96, 137, 4, 185, 11, 110, 92, 39,
       148, 216, 177, 199, 99, 76, 163, 88, 252, 179, 52, 8, 59, 87, 63,
       126, 198, 15, 184, 253, 211, 166, 248, 249, 144, 127, 113, 87,
       114, 221, 223, 221, 108, 103, 111, 63, 218, 147, 212, 255, 240,
       78, 235, 127, 192, 175, 209, 225, 177, 93, 64, 212, 71, 163, 62,
       108, 17, 113, 226, 55, 214, 75, 34, 159, 255, 55, 196, 188, 190,
       189, 212, 237, 202, 142, 255, 69, 132, 174, 247, 200, 85, 122, 50,
       119, 244, 103, 221, 153, 83, 169, 237, 178, 255, 42, 28, 22, 155,
       238, 181, 223, 5, 173, 235, 224, 192, 147, 90, 120, 251, 71, 12,
       30, 223, 127, 127, 227, 70, 240, 86, 207, 252, 113, 204, 222, 239,
       123, 236, 223, 54, 62, 254, 117, 239, 205, 243, 172, 106, 122,
       108, 101, 140, 71, 246, 246, 125, 88, 151, 26, 174, 50, 28, 124,
       127, 53, 73, 239, 245, 175, 15, 10, 209, 182, 159, 205, 164, 94,
       153, 145, 69, 242, 229, 50, 193, 42, 134, 171, 27, 111, 223, 236,
       78, 236, 6, 223, 189, 65, 206, 254, 165, 115, 109, 191, 115, 221,
       198, 53, 239, 232, 34, 239, 43, 98, 127, 229, 156, 85, 247, 246,
       113, 255, 247, 97, 35, 246, 25, 238, 224, 105, 240, 187, 238, 203,
       88, 220, 179, 190, 199, 214, 255, 253, 50, 236, 244, 190, 217,
       167, 254, 109, 183, 219, 213, 77, 78, 255, 101, 36, 62, 111, 16,
       120, 234, 51, 76, 215, 41, 209, 123, 54, 100, 124, 110, 169, 244,
       229, 10, 198, 251, 101, 0, 204, 243, 65, 33, 90, 48, 182, 181,
       131, 252, 56, 7, 169, 133, 134, 19, 47, 62, 98, 222, 166, 183,
       189, 145, 20, 217, 145, 200, 155, 241, 94, 67, 162, 68, 173, 79,
       78, 27, 242, 204, 243, 212, 122, 81, 173, 77, 223, 166, 8, 247,
       167, 244, 118, 177, 191, 208, 148, 3, 178, 194, 115, 125, 138,
