%YAML:1.0
---
descriptors: !!opencv-matrix
   rows: 223
   cols: 32
   dt: u
   data: [ 47, 77, 99, 222, 212, 150, 239, 244, 212, 192, 94, 194, 113,
       236, 181, 100, 120, 238, 19, 239, 225, 186, 60, 255, 60, 46, 174,
       136, 55, 251, 112, 228, 161, 196, 117, 71, 116, 219, 239, 53, 117,
       100, 115, 208, 243, 5, 148, 165, 90, 164, 6, 106, 233, 188, 125,
       47, 37, 218, 48, 0, 71, 154, 212, 252, 128, 75, 247, 89, 164, 136,
       233, 150, 255, 21, 118, 112, 140, 129, 181, 108, 2, 26, 42, 24,
       130, 236, 35, 81, 69, 186, 82, 68, 210, 144, 101, 169, 177, 3, 67,
       172, 54, 2, 74, 112, 133, 128, 251, 231, 67, 131, 169, 208, 126,
       140, 6, 230, 205, 179, 4, 140, 178, 224, 162, 148, 47, 171, 120,
       5, 60, 77, 106, 238, 84, 131, 198, 248, 85, 132, 252, 2, 115, 233,
       189, 80, 120, 232, 6, 106, 200, 179, 8, 191, 115, 239, 167, 25,
       119, 251, 112, 130, 134, 104, 158, 180, 230, 138, 174, 226, 188,
       128, 91, 83, 148, 250, 37, 65, 234, 121, 27, 195, 100, 209, 10,
       234, 181, 54, 207, 2, 140, 121, 33, 130, 90, 34, 126, 235, 40, 3,
       121, 88, 109, 60, 247, 226, 77, 139, 190, 89, 238, 157, 127, 239,
       136, 147, 207, 208, 210, 249, 170, 143, 39, 135, 96, 133, 18, 207,
       75, 238, 178, 194, 47, 229, 52, 64, 218, 163, 113, 231, 160, 64,
       122, 255, 159, 226, 89, 155, 13, 239, 184, 38, 174, 129, 37, 178,
       180, 184, 200, 217, 179, 227, 153, 204, 55, 149, 174, 233, 138,
       16, 252, 183, 64, 226, 132, 119, 249, 80, 19, 9, 251, 243, 237,
       245, 15, 90, 130, 18, 133, 123, 233, 217, 191, 251, 173, 140, 117,
       183, 255, 91, 102, 16, 191, 189, 112, 123, 197, 86, 127, 94, 243,
       252, 251, 177, 239, 251, 86, 82, 146, 88, 208, 43, 14, 89, 18,
       154, 77, 213, 182, 96, 140, 132, 88, 3, 172, 210, 103, 196, 232,
       123, 131, 194, 70, 43, 146, 241, 53, 16, 138, 43, 18, 31, 61, 142,
       150, 113, 148, 168, 171, 65, 156, 204, 139, 176, 152, 234, 156,
       222, 105, 175, 238, 81, 255, 243, 65, 67, 154, 208, 185, 208, 207,
       191, 20, 118, 175, 211, 36, 107, 80, 77, 93, 219, 194, 72, 67,
       160, 232, 8, 34, 192, 5, 148, 24, 236, 66, 106, 73, 178, 192, 60,
       54, 156, 1, 57, 91, 187, 90, 132, 80, 219, 121, 101, 48, 202, 111,
       180, 36, 108, 254, 37, 247, 23, 131, 112, 86, 236, 125, 110, 201,
       184, 113, 47, 229, 237, 36, 144, 104, 178, 70, 123, 173, 125, 121,
       101, 244, 79, 111, 189, 113, 228, 126, 12, 211, 53, 145, 48, 30,
       220, 118, 110, 233, 176, 249, 14, 239, 255, 37, 4, 98, 250, 70,
       248, 174, 79, 226, 158, 247, 176, 190, 214, 31, 15, 89, 247, 104,
       206, 189, 196, 127, 235, 151, 223, 246, 158, 142, 227, 54, 124,
       158, 139, 151, 223, 245, 205, 10, 129, 151, 255, 195, 192, 56, 47,
       190, 21, 67, 176, 236, 246, 40, 233, 227, 59, 187, 128, 18, 216,
       3, 213, 141, 178, 222, 203, 144, 4, 173, 139, 254, 121, 148, 178,
       143, 65, 148, 200, 139, 250, 145, 171, 12, 157, 97, 11, 206, 209,
       255, 243, 73, 103, 202, 240, 145, 81, 207, 191, 29, 127, 159, 211,
       80, 237, 18, 184, 56, 137, 68, 167, 166, 1, 234, 104, 167, 131, 0,
       208, 162, 179, 108, 0, 90, 9, 130, 55, 176, 228, 56, 88, 56, 0,
       163, 10, 12, 148, 149, 247, 172, 46, 44, 59, 174, 155, 19, 80,
       220, 119, 72, 235, 135, 87, 127, 0, 51, 197, 75, 97, 141, 186,
       127, 128, 136, 97, 129, 41, 19, 221, 26, 254, 211, 135, 182, 247,
       189, 9, 90, 70, 124, 251, 32, 96, 253, 127, 19, 160, 241, 187, 16,
       255, 185, 174, 14, 66, 169, 10, 169, 155, 11, 207, 158, 255, 244,
       158, 190, 247, 190, 9, 126, 114, 252, 235, 180, 96, 255, 63, 55,
       157, 242, 185, 0, 255, 126, 127, 190, 192, 20, 152, 169, 169, 24,
       189, 155, 248, 250, 193, 83, 251, 163, 13, 232, 40, 191, 215, 0,
       48, 167, 251, 77, 144, 27, 11, 162, 127, 249, 231, 53, 105, 32,
       128, 167, 107, 253, 96, 237, 75, 140, 71, 207, 216, 82, 246, 181,
       10, 83, 85, 221, 59, 89, 204, 124, 254, 233, 103, 253, 48, 251,
       203, 229, 60, 247, 251, 82, 112, 248, 123, 216, 100, 168, 15, 84,
       55, 115, 174, 180, 13, 159, 27, 67, 17, 142, 188, 229, 8, 236,
       122, 209, 8, 243, 201, 53, 53, 107, 240, 202, 11, 160, 203, 43,
       190, 76, 193, 191, 228, 22, 86, 80, 171, 49, 204, 51, 1, 232, 107,
       35, 199, 66, 62, 174, 57, 117, 1, 235, 169, 85, 59, 55, 250, 179,
       18, 127, 251, 46, 175, 185, 82, 173, 89, 243, 247, 118, 29, 148,
       43, 238, 159, 127, 5, 139, 249, 227, 193, 149, 56, 58, 146, 77,
       136, 80, 123, 61, 242, 225, 35, 172, 55, 75, 152, 83, 251, 181,
       255, 211, 76, 223, 42, 95, 204, 95, 255, 159, 102, 253, 50, 206,
       13, 165, 252, 255, 255, 82, 85, 160, 149, 156, 235, 188, 79, 85,
       191, 22, 55, 45, 24, 214, 117, 42, 81, 217, 18, 19, 40, 122, 56,
       121, 23, 237, 159, 116, 117, 208, 72, 212, 250, 63, 115, 119, 235,
       46, 11, 250, 208, 77, 104, 243, 230, 223, 29, 157, 160, 254, 221,
       255, 127, 137, 176, 77, 224, 54, 248, 43, 134, 79, 191, 121, 145,
       98, 50, 249, 241, 106, 172, 184, 87, 171, 57, 176, 127, 180, 159,
       84, 58, 238, 147, 95, 145, 147, 107, 194, 64, 21, 56, 186, 234,
       205, 0, 3, 187, 166, 64, 146, 152, 77, 198, 176, 192, 156, 134,
       208, 19, 140, 218, 117, 200, 248, 125, 179, 115, 100, 247, 146,
       194, 21, 50, 222, 15, 133, 61, 61, 130, 252, 99, 233, 106, 238,
       19, 207, 216, 3, 254, 181, 238, 83, 77, 223, 59, 127, 204, 117,
       254, 201, 103, 239, 176, 122, 201, 229, 188, 255, 187, 86, 241,
       60, 28, 126, 254, 69, 119, 125, 114, 21, 94, 125, 3, 123, 125, 51,
       25, 207, 187, 151, 162, 44, 242, 58, 189, 87, 203, 241, 129, 119,
       255, 110, 210, 124, 241, 189, 238, 169, 101, 87, 152, 35, 249,
       173, 8, 223, 119, 73, 122, 215, 213, 253, 242, 11, 67, 251, 49,
       251, 223, 101, 127, 186, 243, 6, 115, 102, 75, 110, 158, 78, 192,
       159, 96, 200, 68, 248, 171, 96, 236, 55, 67, 234, 227, 35, 199,
       68, 43, 238, 109, 118, 40, 202, 25, 85, 59, 116, 222, 253, 221,
       225, 78, 221, 119, 206, 252, 87, 226, 253, 94, 91, 124, 189, 164,
       93, 198, 250, 238, 253, 119, 125, 190, 59, 79, 197, 60, 255, 255,
       248, 52, 198, 254, 188, 255, 189, 245, 191, 175, 158, 191, 140,
       17, 228, 255, 78, 75, 197, 119, 251, 18, 50, 77, 250, 243, 239,
       119, 223, 251, 144, 113, 157, 99, 2, 152, 150, 255, 59, 192, 176,
       102, 174, 81, 66, 34, 172, 159, 32, 226, 166, 59, 170, 144, 2,
       217, 130, 245, 141, 178, 90, 75, 0, 0, 45, 139, 33, 6, 86, 85,
       212, 191, 100, 39, 125, 163, 110, 24, 211, 96, 21, 189, 57, 238,
       66, 44, 56, 244, 117, 62, 39, 158, 85, 0, 195, 249, 202, 164, 221,
       90, 238, 183, 36, 14, 111, 180, 49, 102, 199, 223, 211, 35, 155,
       91, 100, 196, 125, 206, 232, 220, 217, 34, 244, 170, 244, 128, 44,
       179, 240, 112, 41, 253, 81, 79, 117, 223, 231, 236, 111, 232, 108,
       8, 114, 209, 133, 180, 152, 124, 82, 106, 65, 176, 120, 63, 39,
       156, 5, 50, 91, 186, 66, 172, 114, 235, 235, 36, 178, 72, 86, 166,
       99, 236, 170, 233, 99, 236, 215, 18, 54, 231, 109, 68, 204, 89,
       133, 40, 56, 46, 101, 179, 229, 240, 70, 79, 41, 141, 150, 87,
       197, 63, 228, 167, 127, 159, 106, 16, 226, 96, 28, 220, 185, 106,
       98, 28, 56, 248, 123, 106, 47, 190, 84, 64, 194, 113, 202, 140,
       41, 189, 48, 92, 125, 157, 150, 111, 91, 237, 108, 45, 34, 168,
       70, 148, 153, 42, 194, 0, 222, 58, 218, 63, 46, 84, 21, 59, 91,
       12, 218, 159, 55, 167, 237, 87, 244, 58, 239, 248, 127, 226, 251,
       82, 91, 105, 157, 112, 251, 206, 119, 239, 249, 242, 237, 254,
       126, 127, 229, 132, 239, 251, 210, 37, 254, 176, 253, 210, 239,
       253, 185, 218, 143, 255, 181, 62, 158, 190, 78, 43, 175, 147, 255,
       145, 151, 103, 250, 208, 223, 91, 219, 255, 223, 77, 223, 243,
       120, 125, 88, 227, 216, 27, 78, 189, 34, 160, 172, 200, 23, 19,
       65, 178, 28, 220, 220, 248, 73, 90, 217, 14, 254, 197, 165, 117,
