%YAML:1.0
---
descriptors: !!opencv-matrix
   rows: 222
   cols: 32
   dt: u
   data: [ 92, 83, 14, 35, 18, 26, 82, 184, 36, 36, 207, 165, 211, 66,
       11, 80, 114, 133, 236, 242, 12, 144, 205, 12, 254, 231, 166, 21,
       40, 51, 13, 82, 84, 20, 159, 255, 138, 102, 61, 51, 164, 154, 203,
       34, 213, 119, 33, 75, 117, 117, 63, 162, 57, 209, 19, 12, 193,
       163, 250, 128, 160, 115, 37, 51, 128, 220, 31, 185, 50, 133, 189,
       246, 158, 26, 80, 82, 181, 215, 32, 65, 199, 59, 27, 193, 99, 220,
       18, 127, 237, 130, 190, 232, 28, 16, 161, 187, 100, 33, 181, 86,
       233, 109, 193, 67, 234, 185, 181, 56, 150, 177, 64, 62, 137, 118,
       108, 24, 17, 99, 226, 0, 221, 158, 112, 122, 192, 105, 198, 35,
       40, 181, 49, 74, 221, 221, 247, 239, 107, 105, 108, 8, 58, 220,
       78, 48, 153, 154, 210, 17, 215, 42, 186, 53, 127, 220, 5, 127, 91,
       10, 198, 254, 3, 159, 4, 173, 182, 50, 190, 183, 28, 105, 90, 230,
       236, 62, 178, 225, 247, 87, 159, 161, 117, 152, 69, 239, 172, 55,
       175, 199, 156, 108, 185, 31, 44, 113, 155, 231, 164, 79, 119, 144,
       53, 232, 47, 9, 215, 87, 73, 16, 144, 252, 117, 122, 73, 240, 89,
       8, 231, 223, 37, 52, 72, 187, 70, 178, 84, 112, 156, 122, 138, 97,
       17, 200, 246, 183, 161, 25, 214, 211, 75, 90, 227, 213, 104, 82,
       10, 103, 219, 50, 219, 135, 83, 127, 240, 49, 37, 66, 11, 149, 18,
       170, 215, 147, 190, 109, 94, 201, 91, 230, 236, 218, 174, 228,
       254, 43, 146, 19, 87, 185, 29, 255, 44, 84, 142, 131, 156, 78,
       185, 157, 37, 17, 157, 125, 200, 46, 101, 31, 54, 179, 231, 16,
       214, 55, 72, 123, 193, 22, 106, 56, 49, 224, 243, 0, 77, 171, 84,
       84, 200, 232, 224, 178, 76, 73, 181, 101, 37, 78, 103, 48, 109,
       162, 238, 8, 215, 53, 17, 247, 144, 68, 121, 106, 104, 240, 241,
       8, 229, 250, 69, 16, 66, 251, 86, 98, 60, 104, 184, 114, 45, 61,
       80, 76, 211, 187, 180, 24, 11, 153, 85, 26, 137, 224, 69, 26, 10,
       103, 202, 162, 219, 221, 21, 61, 194, 249, 94, 170, 60, 241, 120,
       96, 25, 205, 82, 220, 7, 224, 165, 8, 27, 159, 73, 16, 216, 144,
       217, 242, 74, 35, 88, 148, 251, 205, 5, 125, 115, 155, 70, 130,
       120, 109, 249, 100, 88, 109, 87, 62, 0, 160, 172, 8, 115, 55, 65,
       18, 24, 252, 85, 106, 73, 50, 248, 46, 251, 237, 165, 56, 97, 250,
       66, 186, 119, 226, 232, 128, 188, 19, 154, 136, 195, 180, 149,
       171, 195, 168, 215, 14, 89, 205, 253, 247, 206, 67, 237, 146, 186,
       20, 143, 255, 133, 127, 30, 84, 214, 108, 159, 186, 139, 225, 25,
       202, 191, 22, 136, 185, 100, 215, 97, 88, 167, 51, 201, 17, 34,
       71, 138, 123, 217, 150, 15, 59, 144, 113, 39, 115, 33, 72, 115,
       65, 84, 255, 227, 80, 117, 40, 254, 8, 243, 25, 149, 52, 120, 188,
       102, 72, 139, 180, 117, 29, 7, 190, 128, 0, 99, 155, 86, 168, 41,
       150, 110, 117, 116, 186, 233, 51, 125, 71, 126, 244, 187, 45, 150,
       96, 78, 174, 22, 12, 185, 188, 101, 143, 70, 255, 48, 192, 206,
       136, 80, 249, 194, 182, 157, 187, 184, 160, 60, 175, 190, 63, 10,
       245, 164, 231, 72, 74, 199, 55, 235, 145, 50, 77, 203, 115, 173,
       182, 222, 203, 152, 64, 133, 27, 86, 197, 174, 46, 170, 114, 158,
       232, 154, 246, 159, 175, 71, 108, 26, 67, 183, 69, 253, 103, 172,
       193, 175, 46, 250, 231, 111, 151, 164, 115, 189, 87, 246, 97, 22,
       184, 139, 193, 31, 104, 191, 142, 160, 169, 140, 246, 99, 93, 255,
       185, 239, 194, 106, 71, 138, 219, 209, 210, 203, 191, 16, 53, 47,
       83, 213, 253, 159, 252, 252, 239, 183, 230, 253, 162, 234, 8, 182,
       242, 33, 115, 233, 255, 126, 99, 41, 235, 146, 235, 185, 182, 71,
       58, 192, 121, 227, 162, 13, 103, 81, 231, 244, 11, 110, 248, 37,
       168, 123, 236, 223, 67, 153, 148, 126, 204, 6, 110, 201, 178, 201,
       254, 230, 253, 37, 132, 110, 187, 202, 161, 61, 103, 66, 71, 116,
       27, 110, 252, 117, 160, 253, 238, 67, 67, 141, 148, 122, 200, 6,
       238, 73, 178, 77, 63, 54, 205, 165, 36, 111, 187, 234, 128, 18,
       253, 159, 252, 250, 233, 149, 230, 191, 138, 248, 40, 190, 191,
       33, 80, 235, 251, 111, 65, 106, 235, 130, 255, 185, 182, 94, 27,
       80, 88, 167, 171, 56, 237, 104, 110, 205, 71, 71, 253, 64, 174,
       236, 10, 115, 121, 33, 50, 88, 222, 64, 106, 72, 43, 249, 47, 243,
       205, 165, 57, 115, 250, 246, 170, 2, 188, 151, 144, 242, 233, 177,
       199, 238, 149, 86, 178, 172, 182, 224, 110, 163, 123, 238, 16, 50,
       153, 162, 242, 156, 48, 62, 203, 132, 65, 165, 175, 50, 21, 82,
       136, 245, 119, 214, 107, 29, 110, 249, 139, 14, 60, 39, 212, 252,
       159, 142, 33, 60, 179, 1, 142, 177, 244, 2, 23, 113, 110, 254,
       215, 127, 91, 96, 74, 207, 19, 214, 220, 71, 248, 181, 107, 74,
       200, 255, 190, 127, 204, 247, 255, 206, 99, 223, 240, 58, 73, 197,
       191, 255, 255, 120, 23, 142, 250, 176, 219, 239, 249, 145, 204,
       95, 29, 116, 63, 174, 157, 231, 141, 207, 91, 135, 83, 2, 108, 74,
       241, 78, 81, 126, 251, 214, 29, 141, 175, 3, 23, 109, 173, 52, 39,
       219, 127, 12, 232, 94, 231, 181, 45, 146, 96, 150, 39, 31, 45,
       145, 152, 37, 76, 232, 13, 47, 128, 156, 202, 49, 121, 61, 148,
       228, 119, 149, 127, 84, 191, 83, 243, 53, 26, 91, 125, 94, 175,
       153, 198, 149, 61, 253, 248, 121, 142, 107, 223, 85, 119, 239,
       252, 218, 118, 194, 16, 151, 151, 139, 124, 180, 7, 174, 219, 131,
       49, 236, 190, 71, 239, 167, 55, 253, 129, 53, 205, 179, 194, 141,
       182, 94, 147, 136, 100, 173, 95, 191, 119, 99, 10, 207, 85, 223,
       220, 195, 92, 252, 175, 73, 204, 255, 52, 126, 203, 151, 247, 207,
       35, 46, 240, 58, 88, 143, 239, 119, 255, 246, 215, 188, 97, 248,
       118, 141, 73, 85, 69, 211, 182, 180, 8, 51, 201, 89, 59, 8, 216,
       204, 74, 72, 103, 202, 32, 211, 201, 117, 57, 99, 249, 222, 42,
       50, 140, 26, 186, 212, 167, 18, 67, 30, 9, 73, 19, 116, 219, 40,
       64, 217, 187, 3, 144, 54, 152, 88, 63, 155, 134, 154, 67, 144, 75,
       56, 130, 161, 224, 245, 95, 69, 78, 79, 63, 83, 234, 101, 24, 114,
       53, 148, 61, 24, 220, 50, 42, 233, 246, 249, 31, 69, 190, 85, 32,
       75, 184, 194, 160, 218, 170, 247, 222, 107, 192, 59, 200, 171,
       148, 136, 170, 108, 231, 236, 214, 39, 247, 237, 208, 2, 67, 170,
       241, 26, 242, 205, 175, 39, 167, 38, 117, 102, 166, 172, 32, 188,
       11, 155, 136, 218, 252, 147, 175, 195, 232, 215, 2, 153, 101, 109,
       247, 142, 65, 237, 16, 248, 1, 175, 253, 132, 47, 85, 70, 214,
       239, 78, 168, 186, 35, 61, 223, 182, 53, 222, 183, 133, 231, 226,
       72, 103, 31, 239, 145, 48, 75, 143, 54, 248, 229, 191, 253, 180,
       193, 165, 211, 7, 53, 229, 93, 197, 63, 172, 151, 125, 115, 122,
       214, 248, 56, 149, 172, 93, 110, 50, 141, 133, 240, 119, 194, 36,
       62, 214, 130, 207, 252, 249, 221, 165, 237, 121, 72, 212, 111, 71,
       254, 83, 226, 108, 8, 19, 241, 253, 52, 25, 200, 18, 126, 235, 50,
       120, 30, 109, 140, 5, 44, 219, 250, 82, 168, 93, 101, 147, 231,
       189, 15, 103, 168, 108, 168, 235, 0, 223, 115, 9, 228, 248, 68,
       126, 106, 73, 177, 217, 46, 253, 255, 47, 20, 8, 123, 9, 32, 93,
       101, 16, 167, 149, 31, 111, 184, 101, 160, 239, 72, 223, 99, 25,
       244, 120, 204, 110, 110, 73, 178, 217, 46, 189, 255, 135, 36, 42,
       123, 74, 32, 188, 70, 108, 47, 14, 91, 199, 248, 84, 230, 247,
       167, 83, 77, 155, 1, 122, 196, 110, 111, 236, 180, 109, 62, 246,
       235, 229, 21, 117, 187, 92, 80, 236, 6, 236, 231, 236, 106, 109,
       25, 49, 230, 223, 179, 211, 109, 219, 91, 91, 212, 253, 191, 60,
       214, 205, 138, 206, 227, 237, 149, 165, 235, 252, 82, 113, 97,
       157, 101, 13, 31, 70, 56, 101, 160, 174, 8, 211, 49, 9, 182, 88,
       212, 104, 106, 73, 242, 241, 12, 183, 255, 69, 21, 98, 250, 90,
       32, 41, 167, 202, 76, 244, 183, 238, 223, 87, 201, 253, 238, 83,
       232, 190, 180, 92, 234, 6, 61, 223, 178, 76, 159, 54, 93, 165, 40,
       223, 222, 250, 140, 100, 229, 25, 99, 184, 79, 71, 184, 99, 168,
