%YAML:1.0
---
descriptors: !!opencv-matrix
   rows: 402
   cols: 32
   dt: u
   data: [ 227, 135, 205, 233, 172, 34, 205, 159, 22, 51, 152, 214, 209,
       43, 216, 107, 95, 198, 63, 189, 251, 78, 207, 211, 236, 30, 255,
       252, 157, 216, 240, 0, 50, 195, 3, 170, 94, 133, 207, 248, 132,
       64, 209, 199, 117, 199, 56, 69, 124, 168, 19, 239, 75, 163, 26,
       189, 240, 0, 138, 8, 63, 155, 48, 240, 33, 151, 46, 239, 149, 134,
       111, 119, 84, 73, 222, 70, 240, 107, 50, 97, 252, 42, 31, 173,
       255, 152, 49, 223, 231, 191, 186, 192, 24, 10, 248, 9, 40, 165,
       121, 233, 215, 225, 179, 79, 15, 53, 125, 19, 8, 207, 110, 0, 249,
       27, 131, 144, 18, 58, 104, 213, 109, 213, 131, 111, 211, 10, 229,
       226, 33, 151, 30, 239, 180, 159, 214, 119, 76, 73, 127, 68, 246,
       120, 62, 96, 220, 34, 30, 44, 247, 184, 113, 159, 239, 253, 34,
       194, 24, 10, 248, 9, 123, 180, 171, 101, 176, 126, 29, 55, 49,
       234, 126, 236, 123, 60, 134, 112, 151, 119, 245, 36, 221, 216,
       161, 14, 106, 255, 53, 130, 110, 230, 138, 125, 50, 32, 71, 249,
       74, 235, 168, 67, 166, 51, 235, 130, 1, 138, 4, 203, 105, 189,
       106, 145, 26, 218, 87, 209, 20, 34, 155, 67, 165, 8, 33, 132, 19,
       136, 207, 251, 66, 194, 232, 198, 62, 17, 66, 130, 253, 6, 16,
       104, 115, 175, 58, 156, 19, 152, 55, 241, 21, 168, 154, 64, 37,
       128, 225, 168, 205, 17, 23, 69, 65, 30, 100, 56, 121, 8, 103, 76,
       222, 51, 8, 247, 180, 84, 112, 106, 97, 240, 241, 12, 167, 250,
       64, 6, 74, 114, 67, 49, 45, 53, 177, 65, 213, 127, 98, 16, 123,
       224, 42, 8, 210, 48, 69, 188, 144, 108, 80, 122, 17, 240, 241, 10,
       15, 220, 5, 48, 202, 123, 66, 166, 161, 18, 106, 77, 124, 15, 233,
       89, 86, 232, 247, 198, 81, 141, 190, 96, 92, 12, 50, 108, 193,
       183, 119, 145, 70, 45, 161, 148, 125, 138, 80, 240, 184, 243, 112,
       232, 247, 217, 242, 253, 23, 45, 116, 187, 47, 141, 110, 144, 254,
       155, 135, 64, 122, 58, 0, 191, 127, 209, 36, 239, 119, 156, 196,
       203, 44, 111, 89, 111, 112, 79, 95, 248, 53, 238, 253, 45, 83, 43,
       131, 17, 30, 192, 71, 110, 104, 178, 105, 63, 247, 207, 33, 21,
       115, 171, 70, 241, 237, 101, 252, 101, 44, 15, 92, 56, 107, 174,
       182, 13, 215, 41, 87, 27, 143, 197, 109, 110, 236, 102, 217, 8,
       231, 219, 101, 49, 72, 248, 74, 83, 125, 133, 169, 164, 172, 93,
       95, 157, 118, 239, 138, 9, 247, 110, 90, 112, 209, 199, 253, 5,
       92, 88, 233, 10, 249, 229, 239, 61, 160, 122, 148, 106, 66, 190,
       154, 186, 241, 164, 58, 215, 187, 15, 249, 93, 174, 255, 98, 80,
       165, 43, 255, 21, 22, 15, 154, 243, 251, 245, 26, 203, 128, 68,
       175, 91, 99, 204, 211, 76, 69, 212, 103, 246, 83, 2, 108, 74, 40,
       243, 165, 244, 88, 248, 34, 74, 65, 190, 246, 251, 55, 188, 132,
       42, 115, 251, 112, 172, 188, 76, 109, 251, 197, 123, 245, 214, 85,
       215, 116, 18, 91, 61, 55, 45, 89, 240, 147, 186, 104, 244, 101,
       170, 103, 219, 212, 1, 247, 253, 212, 234, 168, 17, 255, 77, 116,
       87, 241, 31, 86, 229, 118, 18, 113, 61, 180, 96, 94, 158, 51, 8,
       176, 248, 117, 29, 79, 171, 176, 0, 119, 136, 116, 250, 199, 204,
       219, 222, 100, 112, 238, 130, 253, 18, 249, 210, 253, 238, 189,
       235, 111, 219, 30, 202, 99, 166, 46, 227, 182, 190, 234, 136, 149,
       243, 41, 164, 87, 157, 238, 215, 180, 118, 175, 191, 112, 123,
       158, 38, 241, 63, 220, 102, 103, 86, 61, 139, 243, 248, 189, 239,
       125, 47, 191, 196, 141, 219, 241, 57, 21, 21, 115, 69, 54, 26,
       166, 97, 109, 0, 123, 98, 30, 16, 165, 228, 50, 28, 18, 106, 193,
       177, 53, 204, 52, 172, 2, 6, 111, 170, 97, 165, 106, 249, 165,
       143, 125, 221, 129, 188, 207, 253, 140, 13, 228, 221, 94, 166,
       132, 84, 251, 85, 195, 105, 251, 177, 15, 80, 133, 126, 26, 142,
       84, 124, 217, 125, 11, 165, 48, 196, 106, 48, 160, 72, 139, 205,
       191, 23, 0, 82, 38, 165, 93, 238, 73, 1, 145, 71, 241, 229, 170,
       200, 40, 130, 35, 113, 210, 226, 206, 189, 74, 34, 56, 255, 150,
       215, 214, 247, 73, 227, 178, 77, 119, 239, 191, 165, 166, 221,
       143, 221, 220, 34, 255, 133, 62, 228, 185, 221, 208, 113, 23, 56,
       43, 205, 17, 84, 173, 92, 160, 109, 158, 151, 65, 91, 166, 49,
       236, 82, 67, 69, 146, 64, 145, 208, 112, 58, 72, 17, 7, 115, 1,
       128, 247, 252, 52, 6, 233, 104, 95, 145, 208, 2, 221, 251, 112,
       101, 123, 93, 63, 189, 160, 75, 47, 221, 201, 158, 223, 76, 148,
       168, 101, 168, 96, 159, 88, 103, 240, 12, 95, 183, 49, 168, 109,
       108, 115, 35, 194, 80, 23, 254, 6, 56, 88, 26, 200, 14, 110, 173,
       37, 108, 168, 242, 202, 137, 32, 4, 63, 243, 244, 237, 227, 67,
       222, 13, 123, 16, 246, 205, 60, 32, 217, 58, 6, 24, 51, 188, 48,
       159, 111, 159, 54, 64, 208, 8, 212, 185, 105, 181, 184, 97, 249,
       253, 81, 31, 67, 249, 44, 8, 190, 61, 66, 178, 133, 62, 211, 24,
       151, 106, 251, 30, 111, 93, 21, 63, 210, 196, 198, 123, 104, 177,
       50, 118, 245, 221, 101, 103, 229, 77, 110, 25, 162, 145, 2, 180,
       136, 170, 192, 16, 94, 186, 242, 45, 239, 213, 20, 107, 98, 12,
       222, 126, 3, 132, 39, 179, 116, 231, 233, 55, 220, 97, 91, 82,
       241, 62, 180, 96, 89, 43, 19, 153, 163, 188, 117, 223, 109, 30,
       186, 192, 156, 140, 241, 232, 33, 93, 195, 205, 84, 134, 235, 212,
       17, 68, 124, 198, 49, 163, 183, 84, 124, 238, 18, 236, 227, 154,
       116, 205, 52, 44, 130, 0, 63, 190, 114, 248, 177, 143, 67, 220,
       244, 38, 204, 123, 84, 10, 218, 86, 115, 225, 176, 229, 88, 202,
       46, 44, 185, 171, 71, 143, 48, 170, 226, 200, 63, 232, 240, 37,
       198, 172, 148, 183, 191, 234, 52, 166, 190, 187, 18, 115, 204,
       248, 202, 203, 163, 71, 238, 17, 55, 220, 139, 243, 140, 114, 127,
       199, 140, 124, 153, 15, 154, 252, 18, 184, 83, 244, 48, 198, 185,
       6, 104, 19, 44, 222, 99, 144, 167, 59, 147, 17, 102, 15, 146, 235,
       179, 213, 30, 43, 2, 84, 47, 159, 211, 124, 5, 158, 11, 156, 47,
       231, 191, 82, 130, 213, 172, 134, 3, 247, 167, 227, 124, 199, 231,
       77, 182, 255, 176, 48, 94, 186, 24, 20, 163, 124, 40, 236, 152,
       251, 237, 237, 81, 151, 139, 63, 45, 24, 182, 209, 72, 24, 137,
       58, 78, 16, 26, 110, 218, 49, 205, 149, 16, 121, 208, 91, 214,
       131, 218, 94, 151, 190, 107, 152, 28, 230, 185, 146, 160, 253,
       174, 166, 33, 219, 167, 243, 204, 6, 101, 79, 10, 238, 176, 242,
       94, 59, 218, 116, 139, 31, 185, 83, 91, 238, 118, 15, 95, 253, 9,
       200, 180, 238, 63, 95, 173, 49, 254, 249, 150, 98, 233, 39, 32,
       252, 242, 217, 36, 186, 93, 186, 34, 185, 200, 28, 254, 241, 160,
       236, 117, 23, 185, 31, 102, 48, 191, 55, 0, 91, 167, 55, 205, 16,
       48, 220, 48, 98, 199, 243, 118, 65, 130, 208, 167, 43, 224, 188,
       188, 114, 237, 237, 85, 135, 251, 63, 60, 56, 190, 185, 72, 59,
       129, 115, 109, 16, 50, 108, 250, 51, 239, 219, 116, 123, 192, 89,
       199, 11, 61, 165, 105, 71, 214, 19, 79, 248, 81, 162, 253, 138,
       83, 97, 253, 180, 123, 220, 6, 234, 233, 178, 109, 158, 127, 205,
       165, 52, 119, 250, 118, 168, 206, 219, 222, 147, 235, 208, 62,
       230, 191, 215, 95, 179, 108, 239, 238, 78, 103, 119, 171, 210, 22,
       221, 143, 225, 94, 51, 95, 195, 134, 70, 173, 223, 23, 206, 231,
       133, 246, 22, 239, 255, 116, 239, 90, 198, 73, 42, 151, 228, 119,
       205, 54, 189, 245, 220, 165, 206, 60, 46, 191, 196, 173, 246, 177,
       117, 181, 14, 205, 233, 140, 35, 202, 216, 86, 178, 144, 74, 83,
       105, 249, 43, 89, 192, 127, 255, 168, 103, 79, 154, 216, 138, 237,
       188, 245, 249, 112, 128, 152, 155, 110, 253, 151, 218, 127, 245,
       85, 4, 118, 162, 123, 29, 182, 101, 110, 188, 159, 234, 252, 184,
       37, 253, 247, 235, 226, 193, 55, 140, 252, 75, 188, 227, 114, 74,
       95, 145, 195, 232, 209, 4, 245, 138, 107, 201, 60, 148, 122, 216,
       130, 107, 106, 167, 62, 191, 51, 72, 129, 123, 119, 143, 246, 230,
       141, 52, 252, 87, 215, 119, 251, 25, 87, 239, 31, 22, 89, 125,
