%YAML:1.0
---
descriptors: !!opencv-matrix
   rows: 350
   cols: 32
   dt: u
   data: [ 252, 113, 252, 234, 233, 93, 95, 216, 171, 254, 189, 9, 95,
       255, 75, 59, 255, 209, 253, 122, 76, 67, 250, 176, 251, 217, 101,
       63, 114, 243, 230, 83, 61, 73, 251, 255, 254, 55, 126, 88, 23,
       192, 253, 130, 89, 255, 49, 96, 126, 249, 55, 254, 206, 179, 59,
       255, 251, 239, 167, 140, 53, 251, 104, 209, 88, 108, 186, 247, 37,
       220, 117, 55, 181, 206, 198, 1, 191, 183, 99, 80, 201, 51, 253, 0,
       8, 189, 242, 170, 235, 247, 222, 17, 130, 92, 13, 122, 7, 243,
       103, 135, 118, 218, 235, 248, 174, 192, 91, 230, 221, 198, 189,
       224, 126, 105, 55, 239, 213, 145, 46, 216, 60, 76, 175, 132, 44,
       183, 33, 245, 92, 61, 184, 229, 177, 254, 91, 146, 63, 237, 254,
       0, 159, 55, 67, 116, 225, 252, 221, 88, 24, 152, 241, 168, 255,
       253, 135, 53, 162, 245, 78, 114, 61, 69, 236, 37, 148, 14, 237,
       57, 108, 200, 251, 70, 211, 40, 155, 104, 120, 132, 62, 175, 221,
       176, 117, 8, 244, 233, 98, 4, 237, 250, 240, 80, 89, 161, 182, 42,
       43, 208, 57, 152, 166, 81, 198, 33, 255, 215, 200, 116, 54, 93,
       253, 204, 82, 1, 175, 113, 219, 229, 107, 141, 34, 135, 35, 35,
       104, 56, 88, 226, 76, 237, 82, 74, 227, 168, 172, 8, 55, 219, 65,
       16, 137, 178, 110, 0, 10, 43, 218, 57, 223, 205, 49, 57, 240, 74,
       78, 138, 105, 169, 100, 74, 121, 155, 210, 184, 195, 224, 172,
       136, 218, 217, 214, 182, 14, 52, 250, 76, 192, 42, 255, 29, 79,
       29, 1, 57, 86, 142, 90, 164, 177, 0, 70, 204, 116, 147, 194, 104,
       85, 192, 227, 2, 83, 72, 189, 229, 120, 168, 18, 110, 237, 183,
       85, 158, 18, 174, 129, 4, 127, 170, 120, 132, 58, 33, 42, 136, 77,
       91, 216, 72, 13, 36, 220, 171, 14, 140, 50, 132, 232, 157, 223,
       225, 24, 35, 225, 192, 145, 20, 138, 255, 21, 14, 60, 86, 48, 58,
       120, 108, 124, 237, 90, 88, 21, 140, 240, 45, 127, 223, 35, 17,
       158, 185, 85, 227, 174, 34, 88, 189, 211, 221, 33, 187, 113, 171,
       70, 155, 50, 132, 107, 220, 86, 227, 138, 111, 22, 5, 201, 147, 1,
       237, 56, 0, 91, 186, 147, 145, 58, 155, 54, 183, 219, 38, 154,
       107, 181, 72, 180, 250, 1, 220, 119, 93, 36, 204, 237, 190, 204,
       82, 114, 64, 247, 60, 181, 101, 226, 115, 46, 73, 225, 173, 55,
       253, 161, 250, 114, 0, 84, 152, 101, 109, 212, 58, 156, 246, 162,
       10, 63, 144, 186, 190, 167, 189, 207, 231, 195, 91, 39, 245, 236,
       242, 104, 69, 171, 106, 216, 195, 111, 181, 160, 241, 7, 99, 124,
       33, 148, 166, 137, 78, 84, 77, 163, 191, 169, 9, 79, 187, 72, 26,
       200, 215, 236, 48, 92, 99, 218, 128, 211, 213, 85, 63, 226, 126,
       206, 130, 124, 116, 89, 230, 170, 107, 87, 184, 42, 170, 175, 40,
       87, 215, 73, 59, 19, 84, 109, 98, 88, 87, 203, 0, 243, 199, 101,
       53, 96, 251, 134, 35, 215, 94, 206, 183, 162, 38, 62, 144, 188,
       250, 131, 245, 213, 103, 75, 91, 167, 101, 125, 182, 164, 197,
       143, 66, 216, 162, 239, 196, 168, 243, 33, 83, 57, 36, 83, 76,
       122, 27, 200, 121, 112, 160, 252, 232, 115, 86, 148, 176, 62, 188,
       84, 40, 233, 179, 229, 15, 16, 173, 33, 176, 101, 160, 98, 173,
       73, 106, 0, 225, 117, 31, 104, 55, 115, 168, 70, 72, 143, 3, 209,
       244, 64, 140, 100, 24, 205, 218, 209, 142, 174, 253, 148, 100, 42,
       160, 90, 44, 33, 121, 121, 71, 116, 207, 227, 180, 116, 164, 254,
       8, 243, 21, 148, 48, 30, 252, 70, 104, 137, 248, 245, 63, 101,
       141, 33, 32, 97, 139, 70, 232, 161, 232, 72, 65, 112, 27, 233,
       191, 54, 32, 116, 200, 145, 3, 151, 181, 78, 140, 6, 172, 100,
       190, 101, 95, 70, 153, 161, 164, 123, 168, 74, 140, 57, 83, 107,
       232, 62, 131, 203, 120, 197, 76, 252, 230, 51, 199, 176, 96, 94,
       168, 6, 204, 203, 163, 36, 157, 210, 237, 162, 136, 63, 138, 112,
       249, 60, 93, 123, 126, 91, 196, 87, 248, 197, 128, 237, 2, 123,
       219, 41, 16, 126, 249, 2, 226, 73, 163, 26, 60, 115, 237, 5, 11,
       115, 51, 102, 162, 189, 121, 241, 75, 234, 69, 223, 216, 87, 248,
       181, 106, 92, 215, 205, 63, 254, 217, 119, 250, 203, 115, 251,
       240, 55, 200, 103, 190, 123, 251, 227, 177, 9, 113, 19, 200, 45,
       63, 64, 90, 45, 40, 244, 72, 142, 147, 160, 253, 200, 148, 206,
       106, 9, 163, 209, 196, 147, 217, 130, 90, 26, 133, 106, 33, 65,
       189, 189, 53, 176, 238, 109, 55, 172, 232, 106, 77, 182, 53, 16,
       50, 132, 39, 125, 13, 209, 248, 241, 15, 237, 190, 116, 16, 72,
       64, 195, 251, 157, 199, 101, 247, 180, 42, 111, 189, 117, 194,
       123, 246, 251, 97, 153, 101, 127, 194, 14, 234, 249, 240, 109,
       255, 236, 238, 231, 132, 191, 243, 192, 48, 67, 215, 213, 141,
       178, 58, 190, 188, 44, 105, 90, 231, 221, 38, 140, 196, 54, 71,
       127, 231, 149, 144, 237, 239, 164, 54, 46, 196, 12, 247, 169, 221,
       3, 87, 237, 71, 226, 26, 175, 188, 60, 238, 95, 230, 253, 38, 159,
       103, 54, 71, 63, 239, 193, 208, 109, 108, 100, 47, 239, 128, 45,
       243, 161, 253, 170, 245, 246, 255, 221, 255, 182, 207, 159, 183,
       126, 19, 232, 250, 46, 206, 249, 127, 227, 195, 118, 245, 27, 255,
       63, 250, 223, 7, 71, 127, 253, 206, 130, 155, 24, 155, 162, 161,
       188, 207, 31, 21, 72, 147, 164, 198, 96, 73, 239, 59, 35, 144, 54,
       216, 10, 241, 173, 16, 158, 107, 144, 72, 165, 223, 95, 117, 121,
       204, 62, 87, 223, 56, 175, 228, 158, 174, 255, 223, 223, 160, 182,
       245, 253, 239, 205, 33, 187, 223, 242, 253, 47, 191, 63, 183, 13,
       115, 173, 78, 106, 155, 228, 59, 230, 212, 85, 78, 246, 247, 131,
       8, 183, 72, 125, 202, 14, 207, 236, 183, 69, 226, 118, 127, 182,
       128, 127, 221, 250, 205, 53, 126, 239, 95, 150, 6, 239, 48, 84,
       162, 255, 194, 83, 97, 148, 96, 127, 254, 60, 170, 233, 249, 109,
       46, 124, 175, 167, 144, 109, 235, 240, 48, 173, 188, 149, 81, 237,
       255, 192, 138, 219, 243, 160, 88, 138, 112, 68, 191, 137, 94, 224,
       24, 175, 110, 251, 179, 15, 218, 85, 126, 218, 105, 74, 172, 211,
       116, 151, 252, 137, 173, 84, 79, 255, 10, 176, 92, 190, 250, 37,
       121, 165, 179, 78, 0, 105, 47, 146, 218, 177, 218, 87, 58, 88,
       112, 163, 15, 7, 7, 135, 129, 147, 54, 172, 15, 232, 233, 27, 246,
       204, 110, 156, 238, 183, 7, 58, 189, 181, 217, 173, 198, 44, 46,
       191, 198, 140, 102, 177, 213, 90, 201, 58, 218, 29, 213, 147, 192,
       206, 28, 158, 11, 174, 223, 119, 226, 224, 245, 255, 211, 74, 11,
       234, 241, 211, 185, 139, 59, 18, 15, 61, 106, 87, 97, 58, 136, 9,
       213, 27, 72, 173, 68, 141, 10, 158, 214, 111, 116, 250, 185, 217,
       227, 72, 7, 178, 216, 209, 177, 139, 59, 0, 7, 47, 118, 128, 130,
       154, 185, 19, 161, 57, 65, 31, 21, 71, 151, 140, 131, 40, 72, 247,
       25, 131, 144, 18, 156, 2, 209, 197, 209, 26, 71, 144, 8, 165, 50,
       100, 61, 189, 119, 184, 110, 67, 128, 232, 168, 174, 8, 246, 117,
       65, 59, 128, 118, 124, 122, 25, 225, 249, 44, 253, 185, 101, 48,
       192, 115, 70, 35, 188, 239, 220, 66, 188, 11, 79, 248, 99, 180,
       188, 140, 67, 195, 223, 23, 59, 196, 68, 126, 106, 99, 142, 42,
       122, 207, 37, 124, 235, 179, 106, 160, 185, 197, 14, 233, 29, 31,
       66, 124, 69, 32, 254, 9, 219, 75, 50, 208, 216, 128, 76, 124, 124,
       175, 81, 158, 251, 205, 164, 81, 122, 138, 120, 10, 60, 60, 158,
       254, 235, 225, 84, 67, 183, 22, 253, 59, 111, 255, 33, 153, 235,
       187, 213, 130, 42, 67, 26, 185, 211, 215, 83, 59, 178, 117, 47,
       147, 254, 28, 102, 254, 109, 127, 254, 234, 181, 238, 255, 59,
       107, 252, 55, 221, 253, 245, 255, 227, 172, 231, 185, 174, 147,
       255, 195, 159, 103, 255, 124, 87, 216, 177, 186, 190, 155, 220,
       21, 141, 187, 93, 133, 29, 254, 247, 106, 210, 167, 151, 253, 16,
       63, 79, 186, 3, 251, 241, 30, 123, 138, 0, 175, 123, 184, 253,
       114, 234, 253, 223, 126, 252, 85, 236, 246, 30, 107, 221, 62, 241,
       254, 220, 223, 234, 253, 255, 121, 191, 251, 233, 167, 121, 127,
