%YAML:1.0
---
descriptors: !!opencv-matrix
   rows: 304
   cols: 32
   dt: u
   data: [ 216, 190, 148, 51, 171, 185, 52, 7, 255, 191, 50, 57, 143,
       188, 66, 155, 167, 51, 238, 1, 54, 109, 3, 49, 159, 211, 84, 115,
       194, 76, 143, 15, 67, 211, 201, 143, 54, 12, 111, 188, 42, 73, 19,
       231, 245, 103, 152, 64, 54, 69, 125, 238, 193, 8, 205, 255, 164,
       46, 171, 128, 28, 166, 145, 121, 39, 29, 114, 78, 85, 213, 162,
       105, 93, 68, 125, 2, 104, 252, 183, 36, 92, 120, 130, 107, 180,
       186, 126, 255, 55, 60, 130, 43, 87, 175, 126, 228, 252, 239, 220,
       38, 155, 90, 71, 168, 119, 230, 239, 141, 231, 103, 11, 214, 19,
       198, 232, 110, 125, 199, 255, 63, 251, 231, 69, 21, 34, 247, 142,
       86, 13, 214, 125, 175, 38, 78, 239, 189, 76, 124, 95, 230, 221,
       124, 154, 97, 55, 69, 63, 239, 209, 184, 45, 253, 108, 47, 111,
       196, 93, 138, 149, 113, 133, 155, 89, 153, 204, 205, 239, 113,
       236, 89, 181, 86, 157, 142, 242, 35, 110, 1, 78, 75, 243, 45, 52,
       211, 221, 153, 170, 232, 93, 169, 165, 241, 252, 85, 126, 100,
       225, 91, 119, 240, 97, 174, 255, 56, 91, 117, 138, 23, 58, 212,
       228, 106, 120, 247, 97, 14, 251, 235, 101, 69, 99, 251, 206, 163,
       205, 244, 143, 188, 185, 231, 23, 143, 182, 247, 140, 61, 212,
       246, 106, 75, 145, 103, 232, 53, 63, 79, 186, 50, 233, 183, 95,
       127, 152, 117, 167, 114, 14, 94, 102, 154, 67, 148, 186, 98, 141,
       204, 222, 167, 40, 206, 55, 197, 238, 249, 179, 215, 196, 143, 22,
       236, 50, 49, 138, 139, 23, 23, 61, 223, 7, 251, 127, 83, 50, 211,
       187, 144, 126, 236, 119, 230, 217, 94, 151, 36, 182, 121, 22, 254,
       151, 216, 45, 252, 46, 31, 47, 198, 205, 131, 69, 245, 94, 92, 58,
       244, 163, 255, 127, 242, 189, 206, 126, 43, 62, 191, 39, 112, 166,
       125, 191, 71, 224, 157, 48, 238, 243, 255, 106, 147, 2, 117, 45,
       123, 52, 219, 107, 109, 112, 79, 103, 176, 36, 108, 254, 108, 211,
       87, 129, 112, 94, 252, 95, 110, 201, 176, 113, 45, 247, 173, 32,
       128, 108, 187, 70, 113, 68, 137, 252, 94, 207, 216, 117, 173, 251,
       29, 37, 40, 126, 241, 238, 127, 163, 98, 104, 72, 82, 104, 170,
       49, 111, 251, 85, 123, 242, 16, 197, 111, 253, 241, 217, 232, 184,
       79, 87, 152, 35, 184, 165, 76, 223, 119, 73, 50, 157, 213, 125,
       122, 75, 67, 249, 19, 251, 205, 37, 124, 186, 179, 66, 51, 92, 90,
       237, 69, 36, 27, 197, 186, 84, 234, 86, 230, 211, 45, 149, 109,
       31, 84, 189, 106, 233, 244, 101, 140, 70, 235, 229, 148, 111, 249,
       84, 49, 126, 103, 229, 39, 218, 75, 215, 232, 2, 228, 169, 169,
       91, 108, 95, 18, 153, 197, 97, 119, 76, 99, 237, 56, 125, 6, 5,
       60, 229, 127, 214, 210, 192, 143, 173, 253, 168, 12, 77, 183, 160,
       62, 150, 209, 179, 39, 16, 75, 77, 247, 109, 135, 248, 88, 227,
       33, 197, 163, 254, 144, 0, 240, 132, 120, 44, 5, 98, 72, 85, 211,
       114, 120, 85, 128, 125, 10, 91, 249, 182, 244, 120, 172, 134, 250,
       156, 178, 32, 158, 119, 237, 128, 9, 247, 175, 126, 130, 208, 143,
       109, 253, 168, 98, 77, 55, 20, 190, 150, 176, 147, 39, 128, 75,
       79, 247, 125, 170, 104, 78, 227, 33, 225, 163, 254, 148, 36, 240,
       164, 105, 169, 61, 249, 101, 244, 79, 111, 63, 121, 232, 126, 8,
       243, 53, 145, 48, 26, 238, 84, 110, 233, 184, 241, 14, 239, 223,
       37, 4, 106, 242, 194, 248, 31, 79, 226, 132, 147, 18, 190, 87,
       173, 166, 158, 167, 77, 238, 183, 132, 62, 229, 175, 229, 196,
       147, 36, 202, 50, 85, 143, 135, 167, 244, 173, 85, 253, 143, 230,
       28, 221, 23, 206, 251, 87, 226, 254, 206, 115, 232, 191, 165, 93,
       238, 118, 175, 237, 243, 125, 191, 58, 47, 197, 20, 207, 254, 120,
       28, 191, 175, 230, 159, 254, 19, 239, 251, 19, 238, 222, 231, 105,
       234, 255, 213, 127, 239, 183, 175, 252, 214, 207, 255, 62, 110,
       239, 196, 175, 252, 122, 221, 169, 94, 93, 101, 32, 14, 117, 182,
       113, 238, 118, 229, 19, 13, 131, 25, 143, 228, 4, 108, 237, 252,
       101, 14, 102, 255, 117, 128, 111, 176, 74, 217, 2, 205, 56, 219,
       85, 197, 182, 230, 94, 1, 72, 3, 160, 156, 52, 64, 217, 123, 147,
       65, 66, 184, 90, 255, 45, 28, 158, 35, 85, 88, 245, 142, 74, 92,
       50, 180, 37, 220, 123, 230, 173, 206, 62, 33, 174, 158, 103, 66,
       166, 119, 255, 65, 68, 173, 146, 239, 191, 253, 26, 11, 6, 13, 77,
       95, 158, 253, 246, 182, 179, 243, 183, 238, 158, 215, 95, 179,
       108, 254, 111, 11, 55, 127, 179, 211, 119, 253, 190, 255, 120, 71,
       95, 207, 175, 127, 165, 223, 125, 82, 106, 136, 114, 82, 87, 212,
       33, 78, 246, 175, 27, 22, 167, 112, 126, 212, 222, 231, 205, 183,
       37, 236, 242, 37, 178, 145, 101, 159, 238, 125, 253, 126, 59, 4,
       112, 222, 159, 242, 120, 238, 188, 108, 158, 22, 151, 181, 134,
       125, 212, 111, 237, 31, 176, 110, 243, 249, 37, 176, 74, 181, 79,
       125, 10, 217, 182, 157, 115, 212, 184, 230, 191, 4, 80, 163, 172,
       190, 39, 197, 230, 123, 179, 193, 38, 203, 18, 253, 47, 114, 222,
       139, 18, 20, 37, 223, 191, 223, 226, 158, 222, 51, 206, 252, 83,
       198, 221, 255, 105, 232, 255, 69, 127, 238, 23, 239, 252, 119,
       142, 255, 58, 110, 239, 172, 191, 255, 248, 197, 36, 67, 78, 97,
       96, 11, 239, 112, 36, 4, 117, 130, 193, 67, 187, 16, 122, 168, 2,
       238, 64, 178, 0, 76, 100, 137, 162, 4, 113, 179, 98, 128, 178,
       189, 96, 18, 107, 249, 220, 238, 203, 126, 184, 13, 46, 156, 95,
       151, 175, 203, 215, 69, 230, 107, 154, 249, 27, 88, 93, 187, 95,
       92, 79, 207, 130, 205, 22, 153, 213, 135, 188, 175, 30, 1, 74, 18,
       164, 186, 44, 68, 209, 27, 51, 129, 118, 152, 81, 255, 37, 54,
       158, 67, 16, 72, 177, 142, 182, 239, 226, 158, 246, 160, 206, 216,
       151, 2, 217, 247, 97, 235, 189, 196, 127, 235, 151, 247, 250, 135,
       14, 251, 48, 108, 175, 136, 191, 255, 240, 133, 42, 173, 16, 158,
       93, 253, 146, 239, 159, 29, 233, 9, 172, 254, 111, 196, 201, 59,
       203, 1, 102, 43, 90, 247, 151, 84, 30, 59, 82, 78, 45, 206, 139,
       113, 100, 97, 35, 22, 121, 28, 101, 104, 86, 181, 153, 31, 150,
       229, 54, 29, 253, 253, 197, 156, 181, 212, 71, 249, 170, 196, 38,
       132, 37, 253, 122, 46, 108, 1, 11, 113, 93, 111, 9, 254, 156, 155,
       40, 14, 86, 23, 239, 135, 221, 149, 238, 79, 229, 206, 91, 95,
       156, 187, 39, 68, 46, 95, 138, 219, 54, 158, 43, 208, 60, 230,
       189, 69, 84, 179, 172, 158, 38, 197, 230, 123, 187, 192, 70, 140,
       34, 255, 55, 115, 90, 139, 22, 20, 173, 223, 42, 152, 196, 222,
       77, 181, 184, 231, 143, 81, 220, 207, 40, 174, 38, 196, 204, 155,
       179, 133, 143, 10, 86, 245, 22, 118, 218, 155, 31, 12, 60, 222,
       33, 8, 247, 87, 1, 30, 98, 49, 229, 201, 231, 4, 98, 112, 150,
       254, 24, 102, 106, 72, 157, 184, 117, 47, 7, 190, 80, 64, 202, 35,
       64, 36, 122, 145, 232, 4, 91, 117, 217, 79, 99, 109, 188, 143, 8,
       172, 86, 180, 168, 143, 253, 133, 158, 43, 182, 209, 91, 93, 152,
       191, 243, 68, 126, 94, 164, 64, 146, 254, 141, 132, 84, 64, 148,
       130, 209, 18, 228, 211, 33, 72, 216, 56, 130, 18, 104, 167, 82,
       138, 129, 230, 134, 11, 148, 122, 60, 130, 10, 149, 32, 139, 213,
       215, 190, 175, 29, 5, 94, 19, 236, 126, 62, 196, 217, 19, 147,
       161, 118, 152, 89, 255, 45, 54, 142, 71, 22, 14, 189, 222, 36,
       172, 142, 247, 149, 239, 104, 130, 119, 179, 227, 24, 243, 233,
       92, 27, 217, 238, 119, 154, 58, 252, 219, 167, 207, 255, 213, 64,
       192, 233, 242, 0, 17, 156, 107, 251, 244, 163, 235, 247, 87, 73,
       222, 230, 121, 235, 176, 96, 123, 170, 23, 156, 155, 187, 36, 255,
       254, 175, 162, 192, 189, 202, 240, 249, 229, 205, 201, 254, 222,
       43, 230, 252, 218, 162, 185, 90, 241, 233, 248, 51, 121, 198, 78,
       238, 241, 103, 204, 254, 254, 143, 231, 60, 253, 251, 208, 168,
       128, 73, 145, 217, 40, 193, 161, 198, 142, 0, 168, 0, 180, 151,
       97, 230, 72, 48, 122, 72, 67, 9, 211, 113, 37, 156, 154, 10, 16,
