%YAML:1.0
---
descriptors: !!opencv-matrix
   rows: 194
   cols: 32
   dt: u
   data: [ 164, 69, 254, 252, 252, 75, 86, 237, 223, 130, 248, 8, 207,
       249, 45, 81, 210, 125, 111, 96, 48, 99, 74, 159, 251, 255, 71, 63,
       212, 250, 229, 163, 216, 253, 25, 224, 24, 205, 91, 181, 190, 105,
       130, 24, 191, 151, 64, 112, 180, 221, 125, 80, 123, 13, 186, 55,
       249, 165, 47, 124, 8, 0, 133, 59, 38, 177, 56, 226, 255, 201, 145,
       79, 26, 61, 57, 59, 140, 156, 78, 0, 155, 27, 215, 17, 18, 58, 72,
       215, 125, 149, 61, 255, 213, 10, 135, 195, 197, 28, 159, 213, 100,
       230, 233, 82, 252, 202, 119, 86, 125, 243, 177, 123, 231, 109, 50,
       138, 161, 245, 178, 234, 87, 171, 114, 0, 136, 241, 97, 177, 30,
       133, 87, 225, 147, 114, 111, 183, 37, 129, 206, 194, 93, 39, 168,
       228, 118, 215, 156, 184, 89, 153, 21, 206, 169, 230, 142, 196,
       174, 198, 169, 48, 114, 188, 188, 254, 203, 229, 93, 255, 51, 215,
       236, 57, 63, 127, 66, 27, 135, 251, 245, 128, 58, 78, 218, 61,
       219, 247, 93, 123, 168, 64, 166, 90, 194, 145, 22, 218, 139, 212,
       176, 73, 175, 17, 175, 48, 252, 215, 108, 246, 230, 19, 251, 144,
       19, 9, 154, 213, 155, 180, 26, 91, 26, 2, 173, 23, 210, 226, 235,
       177, 214, 2, 173, 205, 50, 197, 82, 183, 17, 206, 222, 72, 127,
       205, 51, 245, 244, 222, 165, 194, 124, 46, 191, 205, 165, 16, 183,
       192, 218, 244, 50, 250, 27, 208, 154, 109, 189, 70, 129, 59, 44,
       223, 108, 229, 255, 187, 223, 129, 106, 7, 138, 215, 179, 240, 26,
       123, 18, 4, 165, 63, 181, 167, 201, 142, 204, 1, 207, 248, 198,
       162, 153, 202, 81, 226, 233, 3, 123, 194, 74, 234, 121, 35, 142,
       154, 248, 134, 231, 60, 253, 251, 112, 160, 212, 132, 159, 190,
       172, 44, 95, 168, 188, 30, 131, 17, 215, 99, 41, 91, 209, 71, 109,
       119, 56, 69, 27, 51, 201, 247, 127, 84, 144, 107, 165, 2, 248, 81,
       118, 100, 1, 94, 86, 120, 113, 130, 230, 12, 91, 59, 9, 211, 120,
       212, 236, 234, 105, 231, 145, 8, 243, 235, 68, 21, 107, 176, 106,
       18, 14, 159, 101, 152, 191, 155, 158, 191, 143, 69, 216, 239, 174,
       237, 180, 132, 71, 115, 203, 85, 242, 137, 118, 255, 170, 84, 13,
       218, 86, 204, 157, 125, 116, 69, 31, 236, 28, 102, 71, 56, 132,
       136, 203, 66, 215, 53, 41, 65, 80, 180, 13, 106, 105, 163, 113,
       12, 225, 162, 34, 20, 48, 251, 116, 96, 252, 90, 255, 244, 108,
       110, 93, 208, 169, 254, 182, 122, 123, 55, 133, 123, 238, 245,
       253, 234, 233, 71, 227, 232, 211, 235, 230, 152, 37, 241, 102,
       123, 52, 90, 191, 218, 189, 247, 71, 152, 215, 30, 181, 96, 66,
       211, 237, 124, 217, 248, 28, 90, 10, 71, 106, 248, 171, 222, 165,
       223, 178, 123, 116, 103, 124, 105, 237, 98, 140, 79, 71, 216, 66,
       244, 165, 10, 83, 93, 93, 51, 88, 212, 120, 122, 201, 99, 255, 24,
       251, 201, 229, 124, 113, 187, 86, 96, 61, 207, 123, 239, 244, 11,
       239, 252, 85, 164, 254, 2, 115, 97, 185, 116, 122, 238, 23, 106,
       200, 178, 109, 191, 124, 172, 165, 132, 247, 251, 240, 160, 45,
       239, 189, 127, 248, 15, 207, 190, 126, 175, 120, 68, 241, 103,
       153, 56, 221, 126, 102, 202, 248, 248, 123, 63, 109, 191, 247,
       212, 208, 242, 194, 185, 100, 91, 222, 74, 252, 179, 22, 152, 207,
       188, 191, 237, 66, 241, 237, 90, 87, 244, 238, 114, 136, 35, 73,
       60, 122, 151, 37, 159, 156, 251, 92, 19, 117, 238, 192, 77, 221,
       50, 70, 175, 83, 182, 168, 8, 67, 98, 93, 50, 89, 206, 64, 186,
       94, 86, 205, 42, 60, 142, 133, 53, 161, 115, 218, 4, 37, 239, 153,
       77, 248, 143, 207, 191, 126, 235, 124, 68, 243, 231, 208, 180, 93,
       126, 38, 28, 195, 184, 235, 51, 44, 191, 181, 244, 218, 242, 194,
       185, 32, 189, 189, 255, 203, 101, 93, 159, 35, 19, 236, 9, 54,
       127, 64, 26, 207, 219, 117, 144, 26, 74, 219, 113, 223, 191, 92,
       122, 176, 64, 134, 186, 88, 77, 23, 236, 29, 198, 84, 39, 229,
       200, 202, 2, 107, 55, 32, 243, 224, 182, 237, 224, 105, 139, 17,
       140, 179, 225, 196, 19, 50, 28, 244, 58, 44, 52, 185, 99, 221,
       111, 83, 152, 122, 181, 45, 24, 214, 117, 73, 26, 145, 92, 65, 58,
       18, 112, 249, 16, 207, 157, 1, 119, 194, 107, 70, 226, 221, 91,
       95, 239, 50, 10, 111, 184, 36, 140, 214, 230, 95, 103, 177, 65,
       118, 245, 61, 238, 233, 144, 45, 108, 244, 171, 103, 132, 47, 179,
       33, 113, 140, 165, 22, 155, 205, 217, 164, 207, 239, 86, 125, 131,
       141, 194, 107, 207, 43, 11, 202, 18, 86, 52, 62, 208, 167, 81, 70,
       109, 150, 94, 141, 198, 222, 54, 248, 32, 250, 43, 89, 90, 187,
       191, 189, 189, 14, 239, 207, 26, 183, 213, 205, 53, 182, 67, 128,
       66, 218, 223, 45, 255, 200, 229, 11, 83, 137, 176, 189, 243, 236,
       253, 249, 159, 207, 123, 53, 88, 157, 157, 216, 43, 135, 27, 127,
       25, 147, 124, 251, 209, 207, 219, 127, 246, 214, 200, 133, 243,
       31, 29, 210, 201, 145, 182, 74, 119, 53, 137, 206, 102, 11, 51,
       162, 228, 113, 254, 156, 184, 29, 153, 49, 206, 186, 255, 134,
       210, 170, 230, 168, 36, 102, 32, 209, 67, 192, 107, 234, 136, 107,
       243, 161, 24, 214, 124, 93, 58, 187, 221, 88, 59, 1, 116, 221, 64,
       157, 152, 69, 52, 197, 115, 67, 160, 40, 157, 56, 255, 25, 205,
       19, 182, 22, 13, 76, 0, 182, 81, 35, 96, 193, 58, 9, 8, 106, 40,
       123, 63, 225, 247, 16, 57, 26, 24, 4, 59, 150, 207, 15, 175, 178,
       162, 46, 166, 172, 130, 202, 225, 229, 226, 161, 64, 247, 103,
       109, 231, 112, 129, 13, 110, 168, 166, 47, 132, 36, 243, 161, 0,
       220, 150, 26, 186, 59, 180, 90, 216, 127, 93, 181, 24, 95, 219,
       106, 209, 183, 217, 157, 114, 190, 7, 186, 183, 251, 249, 43, 111,
       146, 7, 47, 67, 121, 31, 126, 110, 186, 26, 71, 60, 224, 204, 174,
       236, 115, 97, 146, 115, 54, 230, 108, 110, 249, 171, 229, 45, 242,
       233, 96, 16, 107, 242, 98, 121, 25, 28, 149, 253, 161, 46, 45, 55,
       52, 51, 74, 64, 255, 55, 1, 255, 149, 119, 121, 40, 49, 216, 81,
       45, 229, 242, 90, 0, 138, 113, 129, 56, 234, 188, 188, 120, 169,
       249, 16, 207, 155, 31, 164, 57, 174, 249, 102, 155, 129, 115, 233,
       16, 54, 111, 202, 49, 219, 211, 85, 123, 210, 76, 143, 11, 254,
       90, 255, 244, 110, 108, 121, 144, 169, 222, 182, 126, 255, 63,
       197, 91, 231, 245, 253, 130, 168, 71, 227, 200, 215, 251, 250,
       152, 167, 241, 103, 123, 31, 65, 221, 229, 3, 78, 126, 164, 45,
       128, 102, 128, 223, 39, 1, 246, 54, 213, 123, 234, 65, 144, 21,
       76, 167, 235, 71, 0, 34, 178, 3, 168, 207, 4, 183, 254, 173, 124,
       233, 11, 254, 219, 3, 80, 223, 252, 253, 239, 177, 69, 124, 63,
       177, 101, 187, 194, 153, 250, 75, 12, 136, 101, 113, 116, 37, 12,
       155, 125, 52, 238, 99, 18, 116, 202, 110, 80, 179, 241, 49, 120,
       249, 110, 48, 10, 169, 244, 50, 42, 199, 255, 80, 0, 200, 241, 98,
       168, 40, 249, 57, 107, 60, 205, 83, 184, 206, 88, 188, 108, 179,
       85, 3, 16, 204, 56, 76, 66, 203, 42, 122, 61, 227, 221, 32, 184,
       88, 27, 74, 123, 165, 205, 65, 71, 212, 30, 230, 184, 113, 162,
       250, 72, 115, 112, 157, 181, 89, 198, 2, 106, 233, 178, 125, 46,
       47, 174, 229, 4, 107, 251, 210, 164, 152, 20, 183, 252, 163, 98,
       21, 199, 185, 31, 98, 48, 158, 183, 32, 123, 163, 211, 101, 144,
       48, 255, 34, 226, 217, 247, 118, 67, 194, 112, 167, 35, 125, 237,
       189, 104, 189, 109, 71, 222, 194, 248, 188, 8, 18, 245, 81, 54,
       73, 210, 92, 122, 75, 106, 250, 48, 251, 201, 37, 60, 211, 123,
       86, 42, 253, 109, 41, 100, 29, 111, 71, 250, 66, 234, 172, 8, 51,
       49, 81, 54, 73, 230, 92, 122, 105, 43, 249, 62, 249, 140, 37, 56,
       113, 251, 82, 40, 173, 253, 119, 74, 239, 221, 231, 252, 207, 154,
       61, 98, 90, 252, 253, 167, 189, 90, 198, 122, 227, 33, 62, 251,
       47, 217, 101, 46, 83, 123, 197, 181, 213, 72, 111, 167, 38, 2,
       111, 184, 116, 226, 215, 198, 211, 67, 153, 115, 118, 228, 125,
       239, 233, 148, 77, 44, 244, 235, 239, 132, 45, 179, 112, 17, 109,
