%YAML:1.0
---
descriptors: !!opencv-matrix
   rows: 305
   cols: 32
   dt: u
   data: [ 45, 21, 123, 99, 244, 175, 123, 178, 116, 136, 127, 72, 83,
       123, 153, 48, 126, 218, 23, 120, 153, 176, 89, 46, 111, 237, 33,
       64, 239, 235, 66, 161, 33, 142, 80, 220, 124, 167, 74, 251, 95, 9,
       88, 86, 119, 120, 180, 229, 223, 74, 54, 45, 179, 58, 3, 159, 184,
       190, 163, 252, 156, 168, 216, 133, 33, 56, 229, 87, 84, 111, 227,
       122, 87, 233, 119, 82, 83, 48, 148, 45, 121, 110, 50, 136, 177,
       248, 125, 191, 5, 46, 245, 64, 239, 169, 80, 228, 104, 189, 41,
       121, 217, 223, 85, 55, 199, 236, 172, 45, 178, 21, 66, 180, 200,
       182, 202, 16, 217, 58, 241, 30, 111, 221, 20, 115, 82, 12, 222,
       126, 2, 148, 183, 91, 203, 228, 177, 103, 255, 83, 111, 16, 188,
       247, 36, 111, 231, 59, 178, 128, 19, 221, 51, 245, 13, 186, 90,
       74, 146, 64, 165, 255, 105, 189, 185, 105, 249, 253, 89, 159, 75,
       241, 44, 8, 158, 181, 83, 180, 135, 30, 249, 24, 147, 72, 251, 31,
       111, 93, 21, 125, 210, 228, 135, 122, 98, 167, 83, 136, 251, 241,
       186, 107, 171, 69, 216, 171, 44, 238, 108, 196, 255, 187, 211,
       177, 23, 11, 170, 255, 57, 52, 143, 235, 151, 6, 175, 215, 42,
       175, 122, 176, 240, 169, 184, 119, 27, 45, 252, 249, 175, 173,
       226, 16, 143, 187, 199, 17, 182, 186, 64, 255, 254, 23, 54, 251,
       214, 204, 143, 201, 199, 120, 41, 154, 42, 156, 43, 128, 186, 86,
       130, 156, 188, 134, 215, 125, 38, 111, 121, 199, 227, 77, 190,
       115, 148, 48, 218, 186, 28, 21, 3, 124, 109, 116, 145, 101, 117,
       31, 103, 28, 123, 234, 47, 76, 210, 49, 81, 180, 144, 76, 80, 110,
       205, 240, 249, 10, 37, 221, 5, 52, 74, 251, 82, 180, 31, 5, 18,
       174, 21, 247, 90, 104, 29, 68, 205, 3, 111, 214, 35, 196, 250,
       169, 135, 226, 108, 3, 58, 223, 243, 213, 139, 43, 54, 39, 45, 70,
       46, 170, 129, 185, 233, 240, 26, 202, 19, 63, 113, 179, 13, 143,
       96, 156, 221, 155, 151, 144, 30, 30, 202, 243, 15, 213, 155, 239,
       179, 133, 46, 214, 65, 85, 22, 69, 112, 46, 102, 55, 105, 136,
       110, 76, 246, 51, 129, 112, 180, 38, 110, 40, 129, 176, 17, 12,
       167, 190, 32, 0, 74, 242, 67, 41, 2, 162, 135, 188, 125, 146, 232,
       105, 159, 145, 80, 67, 236, 202, 112, 206, 250, 45, 51, 149, 7,
       218, 138, 221, 138, 210, 219, 231, 150, 44, 57, 140, 37, 121, 117,
       67, 116, 31, 231, 248, 109, 248, 119, 64, 218, 17, 149, 181, 92,
       92, 86, 106, 225, 240, 121, 252, 37, 154, 103, 6, 75, 187, 67,
       165, 73, 211, 249, 238, 52, 76, 127, 63, 106, 73, 124, 100, 255,
       247, 170, 112, 86, 218, 53, 12, 201, 24, 243, 121, 230, 237, 54,
       136, 60, 242, 233, 121, 1, 135, 30, 234, 180, 183, 114, 251, 76,
       9, 93, 3, 209, 104, 58, 64, 217, 2, 14, 53, 190, 184, 9, 253, 234,
       253, 170, 193, 152, 138, 248, 3, 215, 164, 238, 69, 134, 50, 239,
       251, 112, 242, 30, 214, 81, 34, 223, 103, 119, 198, 60, 191, 249,
       213, 173, 202, 60, 46, 239, 132, 173, 240, 241, 116, 121, 157,
       127, 254, 60, 246, 95, 191, 221, 70, 223, 22, 251, 254, 62, 97,
       220, 147, 63, 175, 251, 171, 123, 255, 243, 255, 218, 80, 20, 219,
       244, 122, 14, 235, 128, 139, 93, 157, 178, 200, 143, 188, 189, 3,
       172, 203, 103, 134, 200, 104, 130, 86, 70, 46, 202, 241, 15, 85,
       139, 123, 18, 15, 13, 206, 222, 251, 230, 151, 242, 210, 58, 248,
       191, 212, 86, 231, 109, 238, 239, 198, 119, 127, 191, 213, 230,
       209, 175, 253, 62, 99, 239, 195, 167, 166, 45, 95, 186, 255, 80,
       184, 115, 153, 86, 236, 31, 60, 112, 239, 47, 142, 166, 149, 190,
       219, 135, 98, 110, 62, 0, 255, 178, 209, 16, 187, 119, 140, 142,
       159, 100, 87, 88, 110, 224, 12, 111, 156, 48, 15, 126, 141, 211,
       71, 139, 80, 87, 220, 5, 110, 72, 22, 248, 51, 231, 173, 36, 44,
       32, 147, 198, 113, 116, 109, 252, 68, 206, 19, 215, 253, 67, 182,
       188, 10, 83, 121, 215, 35, 88, 212, 68, 106, 200, 99, 237, 136,
       115, 201, 101, 61, 119, 250, 222, 171, 100, 45, 249, 101, 240, 78,
       127, 156, 115, 228, 110, 8, 247, 247, 195, 112, 18, 204, 108, 104,
       32, 82, 249, 58, 255, 189, 37, 44, 226, 179, 70, 104, 57, 204,
       225, 69, 85, 91, 99, 127, 83, 161, 102, 26, 115, 49, 144, 180,
       120, 204, 50, 168, 169, 250, 117, 159, 127, 239, 145, 64, 103,
       168, 214, 232, 61, 156, 231, 231, 245, 122, 102, 247, 117, 251,
       126, 247, 123, 61, 187, 242, 105, 198, 150, 158, 253, 252, 125,
       174, 126, 239, 180, 196, 239, 255, 244, 219, 124, 41, 218, 238,
       212, 102, 99, 88, 129, 128, 109, 2, 115, 241, 41, 86, 120, 236, 1,
       122, 24, 178, 152, 44, 119, 168, 129, 40, 163, 235, 114, 162, 95,
       215, 199, 165, 180, 82, 110, 188, 49, 226, 218, 229, 217, 38, 153,
       247, 119, 197, 93, 239, 237, 208, 61, 206, 188, 110, 239, 132, 47,
       246, 179, 93, 157, 44, 191, 253, 188, 127, 239, 234, 190, 174,
       254, 24, 223, 238, 147, 235, 251, 229, 238, 46, 60, 245, 233, 62,
       255, 239, 111, 85, 224, 233, 207, 224, 80, 191, 188, 183, 136, 76,
       87, 190, 166, 191, 134, 17, 247, 119, 74, 83, 197, 215, 108, 210,
       58, 73, 251, 51, 233, 163, 127, 80, 128, 83, 133, 122, 242, 147,
       111, 94, 71, 250, 245, 164, 253, 94, 179, 183, 106, 124, 62, 89,
       240, 183, 189, 195, 236, 231, 63, 245, 83, 114, 210, 195, 117, 21,
       116, 94, 133, 220, 77, 219, 236, 141, 239, 212, 204, 82, 125, 198,
       213, 199, 185, 105, 127, 72, 22, 126, 227, 52, 110, 247, 100, 8,
       167, 232, 124, 155, 193, 241, 42, 188, 171, 157, 117, 248, 184,
       103, 29, 71, 76, 179, 172, 172, 36, 129, 202, 59, 147, 129, 50,
       216, 242, 231, 7, 117, 218, 11, 6, 76, 157, 250, 223, 235, 109,
       110, 60, 219, 223, 188, 130, 236, 148, 139, 243, 204, 223, 98,
       150, 245, 253, 231, 207, 67, 239, 189, 251, 233, 173, 189, 53,
       191, 20, 122, 40, 110, 93, 251, 126, 219, 67, 244, 197, 200, 84,
       104, 179, 89, 144, 161, 74, 104, 84, 107, 105, 172, 110, 61, 230,
       203, 161, 187, 54, 155, 94, 171, 34, 149, 126, 88, 242, 209, 176,
       239, 222, 21, 127, 187, 96, 250, 46, 113, 219, 27, 162, 33, 54,
       58, 46, 245, 62, 19, 18, 107, 25, 8, 237, 215, 75, 189, 179, 154,
       219, 244, 178, 199, 239, 81, 75, 16, 188, 254, 108, 228, 163, 123,
       250, 17, 151, 11, 186, 243, 61, 52, 30, 106, 154, 70, 171, 255,
       159, 154, 133, 191, 156, 54, 232, 95, 86, 251, 211, 215, 209, 40,
       154, 233, 125, 207, 63, 141, 191, 220, 221, 253, 140, 43, 255,
       192, 173, 172, 184, 84, 188, 93, 104, 238, 221, 243, 222, 244, 20,
       70, 253, 3, 121, 127, 51, 128, 122, 251, 151, 227, 108, 182, 120,
       191, 115, 207, 165, 129, 55, 255, 252, 194, 181, 56, 229, 87, 212,
       127, 227, 176, 86, 233, 115, 82, 83, 56, 156, 237, 121, 78, 54,
       26, 185, 244, 125, 188, 13, 42, 247, 64, 239, 217, 240, 180, 128,
       184, 179, 249, 117, 237, 241, 202, 223, 75, 112, 82, 188, 220,
       124, 40, 249, 27, 3, 17, 179, 188, 50, 247, 77, 30, 18, 66, 208,
       9, 69, 243, 75, 180, 184, 81, 121, 255, 89, 27, 251, 253, 61, 24,
       190, 183, 214, 52, 129, 62, 93, 24, 147, 88, 176, 90, 79, 29, 49,
       181, 194, 64, 79, 123, 49, 142, 21, 205, 60, 134, 192, 127, 95, 9,
       88, 70, 244, 48, 148, 228, 93, 46, 54, 44, 179, 186, 67, 159, 172,
       190, 178, 196, 156, 138, 217, 141, 1, 150, 245, 95, 114, 47, 171,
       59, 94, 235, 87, 246, 241, 32, 148, 100, 55, 126, 38, 44, 177,
       216, 45, 95, 44, 46, 113, 192, 255, 232, 1, 189, 169, 123, 16, 69,
       228, 31, 102, 53, 121, 232, 118, 76, 210, 48, 149, 180, 180, 76,
       100, 110, 241, 184, 241, 14, 39, 253, 101, 48, 74, 186, 219, 141,
       116, 61, 248, 68, 158, 123, 215, 255, 65, 166, 188, 42, 115, 105,
       151, 18, 121, 214, 68, 106, 248, 107, 237, 174, 250, 207, 101, 61,
       229, 250, 214, 42, 76, 180, 181, 239, 153, 46, 67, 188, 55, 63,
       175, 24, 247, 119, 72, 118, 81, 214, 108, 122, 58, 64, 251, 51,
