%YAML:1.0
---
descriptors: !!opencv-matrix
   rows: 260
   cols: 32
   dt: u
   data: [ 108, 247, 152, 227, 189, 61, 86, 152, 43, 185, 189, 77, 255,
       121, 75, 146, 221, 204, 205, 126, 143, 98, 219, 176, 239, 221, 37,
       125, 202, 251, 74, 19, 24, 194, 254, 225, 166, 18, 255, 254, 100,
       164, 118, 230, 25, 15, 249, 99, 127, 213, 31, 254, 192, 252, 37,
       228, 254, 201, 246, 196, 39, 153, 101, 249, 19, 242, 123, 229, 38,
       67, 255, 190, 40, 112, 22, 230, 93, 30, 152, 32, 55, 85, 93, 237,
       193, 216, 37, 205, 244, 73, 255, 132, 45, 144, 51, 121, 77, 23,
       156, 231, 160, 46, 127, 184, 124, 234, 127, 109, 223, 115, 139,
       83, 183, 199, 124, 110, 237, 240, 137, 42, 239, 255, 103, 149,
       136, 243, 75, 19, 44, 6, 124, 107, 116, 63, 80, 24, 117, 170, 127,
       12, 219, 73, 155, 25, 216, 160, 198, 40, 168, 182, 65, 28, 71,
       219, 33, 17, 234, 235, 90, 131, 221, 83, 236, 93, 14, 22, 174,
       156, 230, 178, 150, 214, 241, 105, 153, 107, 102, 196, 120, 238,
       225, 101, 239, 9, 230, 43, 231, 148, 45, 241, 121, 57, 253, 229,
       193, 71, 254, 19, 207, 248, 83, 234, 189, 238, 83, 105, 151, 180,
       127, 204, 84, 174, 237, 247, 237, 142, 58, 15, 165, 180, 111, 255,
       122, 85, 220, 176, 185, 242, 169, 220, 89, 159, 251, 123, 164, 24,
       159, 159, 74, 123, 133, 95, 253, 25, 155, 79, 250, 177, 219, 249,
       119, 127, 130, 0, 135, 123, 13, 178, 17, 224, 168, 61, 81, 154,
       127, 121, 177, 124, 159, 19, 200, 184, 151, 29, 92, 24, 147, 48,
       249, 16, 203, 217, 35, 124, 202, 129, 67, 51, 116, 112, 153, 236,
       8, 79, 87, 88, 51, 164, 164, 8, 215, 215, 9, 16, 216, 216, 76,
       234, 9, 3, 123, 24, 243, 221, 5, 60, 112, 51, 102, 114, 181, 183,
       201, 162, 244, 34, 79, 255, 83, 253, 60, 246, 83, 103, 219, 50,
       63, 206, 20, 188, 187, 122, 173, 142, 248, 143, 175, 236, 173,
       250, 242, 249, 163, 237, 49, 248, 252, 133, 206, 231, 207, 8, 248,
       66, 176, 200, 52, 32, 204, 187, 23, 213, 250, 170, 66, 255, 45,
       156, 174, 232, 89, 136, 240, 169, 232, 176, 157, 240, 169, 205,
       85, 159, 162, 59, 164, 24, 151, 151, 0, 123, 129, 179, 93, 24, 59,
       79, 218, 48, 193, 211, 113, 124, 144, 0, 134, 50, 78, 255, 180,
       154, 187, 221, 182, 237, 190, 191, 137, 173, 236, 238, 79, 130,
       167, 115, 235, 87, 86, 73, 138, 247, 189, 22, 15, 251, 144, 22,
       143, 87, 252, 64, 189, 101, 44, 79, 65, 56, 100, 172, 167, 24,
       215, 49, 0, 91, 208, 212, 108, 106, 8, 224, 249, 0, 193, 251, 97,
       20, 64, 187, 86, 98, 225, 184, 153, 90, 205, 189, 196, 159, 222,
       91, 164, 92, 182, 248, 92, 255, 201, 2, 106, 28, 183, 111, 250,
       51, 15, 58, 85, 120, 216, 72, 219, 140, 225, 184, 149, 218, 141,
       189, 64, 203, 203, 115, 160, 28, 190, 243, 108, 191, 201, 66, 122,
       24, 59, 111, 250, 243, 153, 218, 85, 126, 218, 73, 203, 46, 254,
       163, 229, 207, 205, 87, 206, 249, 1, 183, 133, 223, 65, 109, 92,
       135, 93, 212, 235, 230, 252, 71, 255, 160, 23, 99, 205, 117, 39,
       239, 254, 244, 33, 138, 157, 125, 172, 47, 65, 23, 87, 57, 242,
       80, 243, 41, 148, 88, 217, 238, 44, 24, 25, 252, 67, 33, 142, 250,
       112, 208, 208, 232, 240, 9, 248, 60, 253, 114, 173, 237, 85, 87,
       227, 123, 164, 56, 59, 253, 68, 59, 137, 178, 253, 0, 107, 111,
       250, 49, 211, 217, 85, 59, 235, 200, 198, 123, 216, 184, 191, 112,
       186, 237, 81, 215, 178, 85, 164, 56, 31, 215, 64, 123, 3, 182,
       221, 16, 59, 79, 178, 49, 219, 235, 116, 121, 232, 128, 134, 122,
       1, 138, 127, 81, 116, 170, 225, 23, 125, 97, 118, 246, 179, 1,
       148, 116, 106, 174, 38, 24, 131, 248, 101, 68, 70, 175, 50, 64,
       231, 136, 68, 232, 253, 42, 148, 114, 173, 61, 68, 151, 235, 187,
       162, 92, 142, 160, 87, 191, 129, 198, 108, 28, 191, 101, 250, 32,
       155, 219, 85, 126, 202, 117, 203, 5, 93, 85, 247, 135, 102, 90,
       239, 248, 108, 226, 219, 98, 223, 126, 153, 231, 122, 213, 126,
       235, 233, 243, 253, 204, 244, 42, 239, 148, 45, 251, 113, 176,
       205, 85, 215, 207, 78, 90, 230, 248, 100, 226, 223, 98, 217, 121,
       153, 231, 124, 220, 126, 235, 225, 246, 237, 232, 52, 234, 231, 4,
       111, 251, 113, 180, 7, 103, 198, 131, 249, 63, 110, 216, 47, 250,
       159, 198, 200, 226, 223, 238, 125, 204, 122, 254, 133, 211, 253,
       202, 190, 28, 143, 182, 142, 247, 43, 196, 193, 154, 175, 158,
       172, 236, 161, 155, 238, 93, 215, 84, 243, 228, 190, 107, 193, 98,
       110, 12, 155, 109, 127, 181, 201, 178, 242, 88, 152, 40, 245, 116,
       151, 205, 103, 94, 142, 19, 206, 236, 213, 210, 144, 214, 89, 108,
       189, 239, 127, 194, 58, 239, 237, 103, 63, 250, 56, 10, 207, 156,
       255, 253, 240, 180, 210, 188, 159, 184, 235, 225, 17, 79, 191,
       151, 160, 57, 46, 246, 96, 91, 167, 179, 255, 144, 62, 79, 154,
       243, 217, 243, 95, 123, 144, 64, 167, 155, 17, 207, 75, 254, 150,
       163, 79, 246, 212, 0, 218, 230, 113, 227, 176, 96, 126, 234, 23,
       204, 251, 155, 4, 255, 248, 174, 174, 192, 61, 218, 240, 168, 2,
       157, 18, 170, 151, 167, 178, 239, 28, 65, 72, 7, 236, 234, 44, 64,
       249, 43, 130, 49, 23, 184, 25, 255, 173, 20, 138, 66, 152, 78,
       177, 158, 121, 188, 146, 254, 173, 189, 84, 87, 251, 27, 168, 28,
       174, 187, 100, 158, 165, 179, 236, 16, 62, 111, 146, 227, 251,
       223, 84, 123, 202, 68, 139, 11, 129, 86, 236, 101, 52, 26, 110,
       24, 124, 106, 118, 244, 211, 40, 151, 224, 211, 68, 124, 46, 173,
       244, 101, 14, 166, 255, 38, 132, 204, 176, 89, 21, 85, 157, 111,
       197, 130, 86, 175, 187, 116, 232, 94, 198, 81, 54, 146, 96, 54,
       71, 61, 239, 241, 152, 53, 111, 245, 47, 239, 132, 45, 226, 177,
       240, 49, 135, 98, 13, 84, 31, 206, 125, 117, 100, 254, 199, 115,
       104, 182, 196, 120, 236, 22, 111, 220, 187, 69, 143, 54, 108, 161,
       192, 127, 174, 248, 196, 25, 135, 99, 141, 212, 146, 234, 247,
       117, 4, 222, 199, 67, 8, 182, 196, 122, 142, 7, 173, 252, 184, 5,
       223, 62, 111, 162, 196, 119, 142, 248, 196, 189, 109, 99, 90, 236,
       83, 207, 248, 87, 86, 245, 26, 81, 193, 189, 165, 89, 200, 18,
       250, 235, 39, 46, 191, 114, 9, 165, 108, 119, 255, 246, 224, 253,
       102, 236, 69, 182, 27, 207, 184, 80, 234, 191, 238, 83, 40, 159,
       183, 127, 196, 92, 238, 237, 242, 109, 142, 62, 111, 229, 180,
       111, 254, 90, 213, 191, 86, 228, 137, 174, 51, 206, 216, 87, 250,
       149, 247, 203, 76, 159, 175, 95, 196, 255, 255, 236, 103, 79, 154,
       170, 91, 239, 182, 255, 255, 120, 213, 111, 182, 164, 162, 169,
       61, 94, 156, 27, 255, 157, 221, 207, 110, 90, 222, 213, 199, 253,
       183, 158, 70, 223, 179, 154, 215, 223, 255, 154, 87, 154, 87, 215,
       22, 236, 139, 172, 50, 158, 152, 223, 251, 151, 247, 201, 108,
       223, 111, 223, 199, 255, 191, 189, 101, 207, 242, 138, 122, 239,
       222, 159, 253, 185, 85, 191, 119, 108, 37, 172, 27, 206, 184, 80,
       254, 183, 238, 211, 40, 159, 171, 95, 196, 252, 239, 237, 246,
       237, 140, 238, 203, 239, 180, 109, 255, 88, 213, 1, 171, 107, 201,
       68, 172, 107, 147, 239, 9, 126, 64, 177, 203, 84, 112, 240, 42,
       127, 156, 147, 152, 179, 241, 79, 189, 162, 192, 152, 130, 242,
       168, 22, 223, 239, 22, 192, 150, 63, 230, 185, 87, 106, 149, 72,
       174, 38, 26, 237, 239, 35, 214, 252, 219, 62, 98, 123, 62, 222,
       64, 129, 212, 166, 222, 155, 90, 118, 229, 38, 34, 120, 80, 45,
       226, 54, 231, 61, 15, 243, 75, 46, 245, 31, 206, 129, 213, 5, 232,
       222, 203, 239, 128, 47, 181, 33, 89, 248, 188, 245, 114, 43, 253,
       81, 210, 227, 115, 164, 56, 63, 253, 64, 187, 137, 178, 253, 0,
       59, 111, 242, 49, 219, 219, 81, 59, 227, 72, 70, 59, 80, 32, 26,
       168, 170, 105, 17, 74, 174, 5, 160, 57, 159, 223, 34, 88, 238,
       149, 207, 145, 28, 11, 130, 80, 217, 225, 59, 127, 144, 0, 39, 3,
       161, 130, 157, 125, 172, 235, 97, 159, 95, 125, 114, 124, 247, 33,
