%YAML:1.0
---
descriptors: !!opencv-matrix
   rows: 211
   cols: 32
   dt: u
   data: [ 80, 32, 153, 248, 40, 236, 81, 15, 171, 31, 168, 24, 183, 179,
       64, 90, 163, 179, 108, 16, 26, 79, 194, 99, 217, 182, 114, 120,
       192, 64, 167, 107, 253, 195, 87, 204, 109, 2, 71, 184, 213, 2,
       231, 74, 91, 211, 169, 245, 114, 228, 46, 106, 105, 151, 43, 159,
       50, 170, 97, 28, 50, 187, 96, 33, 198, 172, 210, 251, 250, 160,
       168, 202, 191, 19, 211, 210, 172, 203, 125, 216, 231, 187, 123,
       149, 50, 79, 139, 243, 28, 28, 154, 234, 148, 193, 33, 168, 60,
       159, 23, 172, 185, 199, 86, 127, 133, 141, 250, 101, 70, 179, 160,
       208, 220, 246, 142, 96, 29, 171, 1, 156, 186, 246, 37, 22, 154,
       94, 228, 19, 172, 28, 122, 210, 237, 125, 254, 242, 205, 218, 188,
       255, 253, 127, 235, 47, 127, 243, 159, 174, 229, 39, 62, 250, 119,
       223, 231, 191, 158, 255, 77, 243, 194, 180, 188, 159, 43, 233, 49,
       171, 175, 190, 13, 57, 236, 215, 75, 91, 163, 127, 235, 2, 98, 69,
       138, 127, 223, 241, 69, 63, 16, 112, 7, 227, 106, 180, 184, 186,
       217, 253, 144, 207, 159, 117, 173, 25, 174, 254, 110, 188, 137,
       155, 219, 17, 54, 107, 122, 215, 255, 85, 31, 127, 210, 76, 143,
       214, 43, 66, 231, 143, 13, 23, 224, 93, 87, 241, 91, 70, 64, 232,
       182, 236, 88, 108, 186, 13, 133, 254, 255, 149, 6, 59, 211, 70,
       127, 142, 248, 132, 6, 36, 169, 131, 148, 107, 169, 7, 26, 229,
       91, 151, 148, 44, 94, 72, 247, 13, 27, 149, 146, 144, 237, 194,
       205, 6, 191, 228, 132, 78, 149, 240, 198, 22, 159, 246, 161, 108,
       85, 23, 185, 159, 143, 25, 238, 119, 73, 91, 161, 87, 237, 0, 48,
       205, 147, 194, 219, 243, 126, 147, 128, 112, 133, 123, 1, 151, 59,
       101, 180, 175, 227, 55, 124, 77, 126, 100, 243, 45, 148, 96, 150,
       62, 70, 40, 177, 184, 97, 15, 237, 190, 32, 192, 64, 200, 197,
       249, 49, 95, 229, 79, 86, 27, 227, 125, 86, 225, 247, 230, 83, 41,
       148, 36, 124, 204, 38, 110, 169, 248, 125, 191, 52, 46, 49, 192,
       111, 139, 208, 181, 65, 190, 249, 117, 112, 174, 105, 19, 63, 79,
       118, 92, 183, 55, 128, 88, 151, 46, 127, 12, 179, 188, 241, 31,
       199, 191, 48, 128, 202, 128, 66, 249, 51, 88, 231, 223, 46, 242,
       168, 92, 86, 233, 83, 246, 216, 140, 180, 236, 126, 108, 62, 157,
       133, 252, 239, 221, 4, 42, 251, 194, 79, 142, 241, 253, 33, 121,
       183, 92, 93, 215, 211, 202, 215, 216, 252, 10, 114, 252, 117, 164,
       216, 108, 51, 73, 207, 251, 251, 157, 11, 122, 197, 126, 95, 45,
       116, 238, 11, 184, 150, 159, 47, 185, 176, 138, 255, 251, 78, 53,
       236, 240, 207, 206, 179, 111, 250, 21, 6, 113, 143, 241, 12, 118,
       95, 183, 158, 109, 25, 199, 171, 6, 230, 157, 252, 55, 204, 127,
       87, 235, 86, 119, 99, 232, 182, 236, 95, 238, 54, 45, 253, 244,
       79, 159, 14, 122, 245, 132, 127, 236, 216, 213, 177, 2, 237, 247,
       22, 91, 200, 56, 86, 235, 211, 250, 211, 44, 152, 233, 93, 220,
       62, 237, 189, 244, 109, 31, 188, 235, 253, 196, 117, 168, 80, 101,
       251, 70, 230, 157, 188, 54, 236, 127, 23, 206, 222, 247, 65, 234,
       182, 73, 93, 110, 63, 173, 188, 223, 207, 142, 234, 123, 255, 196,
       175, 252, 248, 213, 100, 253, 253, 110, 188, 207, 214, 188, 194,
       232, 185, 104, 243, 253, 80, 34, 158, 246, 125, 115, 217, 105,
       250, 61, 235, 255, 37, 124, 117, 43, 212, 59, 69, 119, 213, 231,
       244, 14, 111, 185, 57, 168, 123, 96, 247, 115, 137, 116, 54, 246,
       125, 106, 233, 240, 233, 47, 228, 190, 39, 132, 110, 243, 194, 33,
       32, 233, 57, 75, 60, 205, 115, 245, 110, 13, 236, 8, 182, 147, 64,
       48, 16, 58, 74, 88, 82, 41, 240, 61, 253, 141, 36, 120, 80, 138,
       199, 171, 56, 97, 232, 100, 92, 79, 71, 120, 65, 172, 181, 9, 115,
       121, 27, 18, 216, 228, 69, 110, 72, 162, 249, 12, 243, 233, 165,
       57, 97, 170, 86, 98, 189, 86, 124, 101, 36, 86, 95, 184, 117, 234,
       183, 118, 83, 125, 155, 49, 93, 212, 213, 234, 233, 246, 121, 142,
       230, 235, 229, 132, 111, 251, 122, 113, 3, 72, 183, 157, 188, 55,
       168, 94, 95, 241, 90, 102, 248, 252, 244, 228, 223, 111, 50, 13,
       245, 248, 127, 253, 12, 58, 223, 14, 94, 252, 249, 188, 47, 161,
       112, 88, 205, 177, 234, 218, 87, 49, 120, 26, 8, 200, 220, 188,
       89, 138, 162, 216, 159, 62, 94, 247, 30, 30, 149, 108, 223, 141,
       218, 132, 69, 237, 187, 167, 156, 44, 110, 166, 234, 178, 11, 65,
       183, 250, 88, 98, 167, 95, 121, 71, 243, 73, 155, 99, 237, 189,
       47, 44, 8, 114, 131, 8, 148, 57, 121, 231, 114, 79, 123, 112, 45,
       44, 123, 41, 191, 31, 1, 16, 182, 153, 93, 226, 72, 144, 25, 125,
       247, 197, 35, 128, 32, 163, 7, 243, 253, 112, 239, 237, 103, 94,
       127, 188, 97, 204, 246, 166, 219, 223, 215, 119, 126, 220, 255,
       238, 205, 246, 255, 192, 231, 249, 231, 133, 103, 190, 94, 243,
       135, 20, 241, 240, 238, 45, 254, 250, 157, 130, 184, 251, 245,
       255, 117, 43, 255, 243, 31, 162, 161, 39, 26, 202, 191, 222, 79,
       46, 156, 249, 33, 146, 179, 91, 231, 221, 62, 51, 172, 95, 86,
       233, 90, 246, 209, 152, 188, 237, 126, 238, 54, 221, 129, 242,
       239, 253, 4, 42, 255, 192, 111, 157, 241, 181, 130, 156, 22, 153,
       105, 249, 176, 103, 190, 31, 72, 177, 172, 174, 100, 193, 195, 59,
       171, 129, 54, 92, 82, 243, 13, 18, 26, 107, 144, 68, 173, 159,
       171, 76, 134, 159, 13, 55, 160, 79, 94, 240, 91, 87, 200, 232, 54,
       232, 217, 108, 186, 7, 149, 254, 223, 189, 46, 123, 223, 71, 95,
       63, 248, 132, 165, 93, 101, 67, 196, 191, 231, 148, 117, 98, 127,
       214, 211, 1, 157, 36, 125, 206, 102, 94, 251, 188, 125, 110, 36,
       170, 36, 64, 239, 219, 208, 252, 92, 156, 19, 224, 178, 110, 49,
       115, 60, 3, 106, 116, 159, 55, 0, 241, 39, 31, 8, 56, 49, 152, 17,
       78, 249, 199, 18, 70, 170, 64, 163, 51, 185, 95, 231, 207, 214,
       31, 239, 125, 86, 225, 251, 246, 83, 40, 180, 229, 126, 238, 54,
       239, 253, 254, 125, 190, 52, 46, 229, 192, 127, 191, 208, 245,
       165, 224, 57, 91, 197, 125, 229, 201, 126, 122, 101, 24, 210, 216,
       77, 57, 185, 24, 114, 122, 123, 116, 59, 19, 71, 139, 117, 100,
       217, 89, 194, 162, 161, 205, 123, 111, 116, 207, 111, 188, 124,
       64, 118, 8, 243, 119, 153, 112, 18, 238, 119, 110, 225, 176, 121,
       63, 103, 191, 36, 0, 112, 187, 66, 248, 111, 7, 118, 4, 251, 50,
       60, 35, 233, 221, 190, 45, 76, 58, 134, 215, 231, 167, 228, 180,
       180, 11, 164, 204, 62, 123, 70, 207, 199, 228, 235, 71, 222, 207,
       109, 245, 230, 208, 110, 179, 179, 212, 62, 163, 105, 111, 213,
       163, 43, 243, 245, 226, 126, 120, 174, 253, 46, 219, 231, 193, 39,
       241, 84, 127, 85, 173, 136, 183, 148, 44, 102, 167, 114, 147, 138,
       16, 183, 51, 88, 82, 201, 199, 104, 25, 58, 73, 217, 39, 233, 167,
       254, 92, 136, 88, 131, 10, 221, 112, 149, 226, 9, 111, 2, 152, 38,
       240, 131, 72, 223, 87, 73, 251, 149, 85, 124, 122, 41, 69, 217,
       24, 153, 241, 71, 30, 168, 51, 1, 49, 129, 200, 151, 153, 204,
       171, 168, 198, 94, 179, 82, 82, 181, 130, 97, 72, 107, 79, 42,
       156, 35, 252, 79, 243, 28, 22, 223, 68, 148, 88, 49, 136, 38, 180,
       115, 210, 117, 249, 242, 96, 205, 103, 121, 187, 170, 252, 126,
       32, 221, 187, 151, 3, 150, 62, 252, 247, 31, 28, 128, 123, 213,
       15, 84, 215, 137, 158, 63, 117, 52, 206, 101, 55, 124, 74, 118,
       84, 246, 53, 144, 99, 132, 54, 126, 40, 241, 252, 113, 15, 229,
       251, 114, 0, 64, 136, 213, 121, 71, 223, 131, 154, 253, 189, 190,
       214, 223, 73, 218, 111, 252, 248, 183, 228, 237, 235, 254, 199,
       215, 123, 95, 253, 188, 30, 158, 170, 159, 95, 185, 157, 53, 83,
       67, 78, 116, 22, 206, 120, 69, 200, 251, 230, 83, 68, 189, 228,
       92, 252, 6, 238, 201, 179, 53, 12, 48, 172, 160, 144, 127, 187,
       112, 181, 120, 229, 56, 231, 156, 79, 87, 189, 112, 172, 239, 8,
       243, 113, 72, 48, 88, 254, 108, 106, 120, 250, 249, 47, 255, 207,
