%YAML:1.0
---
descriptors: !!opencv-matrix
   rows: 176
   cols: 32
   dt: u
   data: [ 70, 188, 244, 191, 238, 161, 254, 175, 191, 155, 24, 179, 237,
       254, 92, 75, 167, 123, 127, 131, 246, 72, 142, 243, 172, 126, 223,
       235, 148, 116, 153, 143, 252, 119, 122, 96, 160, 58, 127, 117, 49,
       174, 190, 184, 95, 39, 202, 19, 63, 212, 197, 122, 120, 243, 161,
       14, 251, 203, 101, 69, 227, 242, 238, 35, 10, 157, 48, 139, 213,
       215, 182, 175, 29, 69, 78, 19, 204, 126, 38, 196, 221, 27, 147,
       33, 86, 152, 121, 223, 47, 119, 158, 71, 18, 14, 189, 214, 252,
       55, 254, 229, 176, 34, 127, 57, 49, 142, 255, 181, 95, 103, 35,
       83, 118, 252, 21, 186, 120, 211, 129, 78, 227, 239, 39, 132, 162,
       242, 230, 51, 2, 133, 16, 155, 221, 165, 180, 47, 158, 21, 73, 17,
       140, 250, 108, 200, 201, 27, 155, 145, 54, 10, 90, 213, 45, 22,
       158, 111, 144, 76, 189, 142, 2, 137, 6, 159, 75, 196, 190, 230,
       158, 4, 64, 131, 172, 254, 39, 193, 230, 123, 187, 197, 102, 203,
       18, 253, 45, 54, 222, 11, 16, 5, 45, 222, 218, 30, 114, 188, 247,
       242, 126, 231, 61, 206, 254, 183, 111, 110, 22, 212, 255, 247,
       191, 163, 60, 159, 97, 239, 178, 255, 222, 131, 167, 245, 239, 95,
       42, 169, 176, 154, 125, 217, 144, 236, 159, 29, 160, 41, 238, 252,
       110, 132, 201, 59, 203, 65, 6, 107, 74, 245, 157, 22, 26, 123, 82,
       12, 141, 206, 139, 112, 108, 97, 43, 86, 121, 28, 101, 232, 86,
       181, 153, 31, 150, 109, 38, 29, 253, 252, 197, 212, 245, 208, 71,
       249, 186, 198, 38, 148, 53, 253, 141, 248, 191, 127, 77, 252, 121,
       222, 255, 219, 36, 16, 252, 255, 93, 122, 193, 119, 123, 26, 167,
       69, 250, 243, 79, 251, 223, 42, 130, 117, 99, 250, 8, 52, 191,
       112, 169, 237, 181, 79, 254, 27, 174, 24, 158, 191, 72, 58, 129,
       19, 107, 24, 50, 109, 179, 82, 203, 223, 86, 123, 194, 80, 135,
       163, 155, 93, 110, 237, 55, 87, 255, 244, 13, 76, 94, 131, 249,
       95, 183, 229, 126, 121, 159, 239, 224, 144, 53, 252, 103, 121,
       170, 129, 55, 191, 61, 251, 184, 252, 185, 120, 75, 205, 87, 215,
       51, 82, 164, 24, 63, 159, 64, 48, 137, 153, 197, 2, 75, 15, 242,
       51, 243, 205, 20, 123, 114, 48, 134, 146, 98, 179, 236, 0, 239,
       240, 145, 103, 203, 245, 188, 175, 8, 188, 102, 22, 207, 183, 235,
       145, 148, 43, 246, 208, 95, 86, 212, 251, 215, 76, 254, 223, 213,
       60, 142, 178, 137, 173, 112, 147, 190, 255, 147, 29, 214, 239, 67,
       91, 165, 71, 109, 21, 60, 69, 155, 2, 217, 195, 127, 252, 136, 97,
       9, 82, 94, 159, 226, 255, 183, 242, 126, 183, 61, 15, 246, 179,
       111, 127, 54, 220, 255, 255, 181, 136, 188, 218, 101, 238, 251,
       255, 222, 195, 167, 228, 236, 75, 62, 125, 244, 231, 245, 127,
       126, 239, 57, 238, 254, 27, 75, 63, 23, 149, 251, 247, 215, 162,
       124, 251, 121, 238, 191, 223, 199, 151, 231, 254, 206, 223, 124,
       121, 249, 231, 184, 79, 95, 152, 35, 232, 189, 108, 83, 119, 65,
       50, 95, 212, 125, 122, 201, 66, 249, 26, 251, 205, 165, 188, 58,
       179, 70, 51, 155, 79, 230, 132, 215, 18, 188, 247, 173, 224, 222,
       199, 8, 170, 183, 230, 110, 229, 183, 173, 228, 159, 4, 202, 50,
       92, 143, 135, 47, 244, 57, 221, 169, 125, 249, 101, 244, 79, 111,
       55, 121, 234, 126, 12, 243, 53, 129, 48, 18, 254, 84, 44, 225,
       184, 241, 14, 231, 223, 37, 0, 106, 242, 194, 249, 7, 250, 125,
       67, 58, 215, 187, 184, 108, 236, 183, 230, 249, 78, 159, 32, 54,
       49, 94, 254, 199, 140, 111, 126, 78, 15, 47, 208, 109, 131, 65,
       125, 124, 239, 104, 79, 156, 123, 71, 236, 115, 230, 237, 12, 67,
       96, 203, 20, 89, 206, 232, 106, 92, 99, 255, 62, 251, 199, 5, 61,
       115, 251, 206, 244, 88, 190, 148, 48, 171, 189, 20, 207, 235, 63,
       176, 189, 142, 174, 70, 155, 167, 147, 236, 17, 62, 109, 210, 113,
       155, 211, 117, 255, 210, 68, 143, 23, 70, 149, 191, 221, 174, 102,
       189, 239, 188, 95, 210, 51, 212, 183, 36, 107, 231, 87, 59, 145,
       49, 217, 51, 224, 125, 50, 222, 198, 148, 88, 165, 123, 120, 116,
       121, 108, 25, 79, 83, 120, 67, 224, 189, 9, 27, 29, 13, 48, 222,
       153, 95, 226, 75, 35, 241, 159, 243, 217, 33, 62, 115, 171, 102,
       115, 33, 89, 123, 101, 116, 79, 111, 48, 37, 104, 126, 236, 115,
       21, 145, 112, 126, 252, 87, 110, 201, 176, 113, 13, 103, 173, 32,
       128, 108, 186, 70, 249, 235, 177, 244, 216, 237, 247, 220, 23, 91,
       121, 157, 185, 140, 189, 214, 188, 143, 31, 255, 21, 182, 107,
       243, 208, 71, 91, 216, 255, 214, 204, 155, 215, 159, 78, 234, 222,
       52, 147, 111, 214, 215, 194, 214, 214, 113, 235, 177, 96, 123,
       234, 31, 222, 235, 151, 44, 238, 250, 239, 191, 128, 191, 248,
       112, 169, 150, 95, 98, 156, 203, 212, 190, 99, 141, 198, 218, 135,
       44, 238, 55, 193, 236, 251, 187, 197, 228, 159, 18, 234, 51, 48,
       206, 139, 21, 124, 61, 222, 130, 93, 54, 158, 75, 196, 190, 66,
       173, 134, 194, 131, 44, 254, 37, 69, 230, 251, 187, 195, 96, 143,
       146, 235, 179, 48, 138, 11, 21, 117, 37, 159, 246, 93, 242, 238,
       117, 126, 254, 132, 25, 46, 186, 43, 110, 127, 61, 221, 254, 215,
       223, 227, 44, 35, 73, 251, 179, 254, 194, 151, 247, 255, 108, 15,
       68, 153, 191, 215, 234, 196, 169, 244, 174, 253, 214, 2, 244, 247,
       104, 106, 103, 87, 123, 217, 19, 217, 187, 225, 221, 34, 255, 196,
       128, 19, 165, 123, 48, 4, 147, 168, 21, 166, 226, 71, 22, 131,
       218, 2, 20, 160, 41, 64, 249, 40, 2, 145, 11, 183, 16, 202, 145,
       164, 154, 0, 144, 74, 48, 170, 10, 213, 32, 155, 213, 215, 190,
       239, 31, 77, 78, 19, 172, 124, 62, 196, 217, 27, 147, 145, 118,
       152, 121, 255, 47, 87, 158, 71, 22, 12, 189, 222, 189, 239, 235,
       254, 222, 43, 239, 252, 214, 162, 252, 254, 211, 233, 249, 2, 125,
       230, 95, 238, 249, 103, 108, 239, 254, 207, 231, 188, 253, 251,
       240, 160, 139, 118, 248, 194, 103, 85, 127, 220, 87, 254, 180,
       167, 56, 159, 255, 175, 255, 216, 151, 222, 239, 103, 60, 242,
       115, 89, 183, 175, 63, 254, 124, 255, 66, 158, 188, 183, 170, 185,
       189, 159, 254, 191, 30, 252, 253, 38, 194, 107, 135, 87, 237, 17,
       178, 72, 239, 119, 204, 51, 127, 247, 148, 208, 133, 125, 90, 22,
       102, 164, 83, 210, 184, 99, 169, 230, 222, 167, 13, 174, 55, 70,
       239, 181, 159, 161, 228, 155, 36, 206, 91, 119, 159, 135, 39, 164,
       45, 223, 162, 161, 16, 154, 125, 217, 144, 236, 143, 61, 165, 25,
       238, 222, 110, 132, 137, 155, 203, 65, 22, 43, 74, 245, 159, 144,
       27, 127, 82, 14, 143, 207, 138, 222, 50, 159, 115, 212, 188, 230,
       31, 78, 92, 163, 172, 158, 39, 196, 246, 123, 179, 193, 102, 156,
       50, 255, 39, 119, 154, 131, 22, 20, 45, 223, 71, 185, 21, 239,
       123, 205, 40, 72, 175, 216, 177, 72, 252, 214, 73, 246, 166, 177,
       127, 211, 67, 1, 186, 209, 157, 144, 11, 250, 8, 2, 3, 49, 214,
       143, 149, 151, 254, 160, 190, 167, 190, 147, 218, 247, 236, 226,
       72, 75, 111, 247, 47, 147, 50, 216, 203, 247, 188, 38, 255, 192,
       133, 120, 177, 137, 254, 237, 97, 102, 219, 79, 87, 236, 19, 168,
       173, 9, 90, 125, 93, 180, 157, 212, 217, 99, 106, 99, 203, 191,
       123, 223, 5, 63, 115, 127, 214, 34, 197, 120, 190, 254, 13, 253,
       241, 218, 255, 155, 165, 16, 244, 251, 73, 123, 193, 115, 123, 26,
       34, 101, 250, 241, 223, 251, 215, 58, 208, 113, 83, 170, 74, 159,
       98, 157, 247, 250, 254, 231, 61, 79, 254, 183, 236, 46, 6, 212,
       255, 231, 255, 165, 188, 187, 97, 239, 190, 247, 158, 195, 183,
       108, 237, 223, 101, 173, 157, 190, 168, 192, 21, 175, 178, 223,
       148, 40, 246, 246, 194, 123, 193, 119, 124, 20, 123, 75, 235, 49,
       233, 243, 127, 251, 128, 112, 135, 123, 158, 57, 242, 84, 227,
       217, 182, 99, 169, 244, 54, 175, 12, 190, 103, 191, 166, 125, 221,
       67, 84, 121, 182, 224, 19, 89, 75, 171, 103, 117, 167, 215, 200,
       185, 188, 250, 141, 205, 116, 167, 255, 63, 166, 24, 190, 187, 64,
