%YAML:1.0
---
descriptors: !!opencv-matrix
   rows: 190
   cols: 32
   dt: u
   data: [ 175, 95, 103, 158, 246, 178, 238, 252, 213, 194, 91, 246, 113,
       236, 189, 231, 127, 234, 22, 239, 229, 178, 62, 238, 52, 46, 238,
       136, 191, 255, 248, 213, 11, 162, 214, 23, 247, 251, 176, 139,
       255, 241, 95, 242, 108, 224, 238, 236, 55, 126, 234, 17, 182, 249,
       143, 255, 14, 22, 87, 231, 175, 236, 25, 133, 129, 205, 107, 127,
       244, 207, 239, 189, 61, 64, 118, 128, 243, 87, 156, 112, 90, 234,
       55, 110, 227, 184, 109, 63, 103, 191, 36, 128, 93, 154, 192, 248,
       49, 83, 229, 77, 86, 11, 235, 125, 86, 224, 255, 198, 83, 45, 148,
       44, 124, 204, 54, 236, 169, 250, 125, 158, 124, 174, 241, 192,
       111, 171, 240, 180, 177, 4, 229, 255, 20, 59, 233, 58, 86, 235,
       210, 82, 243, 32, 152, 233, 121, 206, 54, 169, 169, 244, 101, 47,
       141, 235, 245, 192, 101, 169, 80, 44, 181, 95, 99, 78, 246, 99,
       207, 252, 213, 74, 252, 230, 115, 236, 189, 101, 126, 234, 22,
       238, 233, 163, 46, 175, 48, 40, 165, 136, 127, 251, 240, 245, 43,
       166, 228, 223, 157, 191, 173, 175, 223, 251, 126, 22, 73, 248,
       182, 175, 29, 110, 242, 61, 183, 248, 255, 189, 43, 123, 85, 119,
       223, 252, 217, 237, 90, 177, 186, 250, 155, 225, 16, 77, 171, 21,
       173, 25, 46, 223, 104, 88, 163, 155, 205, 144, 26, 11, 154, 241,
       219, 213, 26, 127, 242, 2, 167, 2, 13, 137, 212, 219, 29, 215,
       224, 232, 207, 248, 83, 66, 248, 250, 109, 160, 216, 120, 178, 80,
       71, 112, 91, 253, 15, 219, 199, 103, 30, 46, 88, 142, 91, 35, 81,
       140, 31, 149, 75, 120, 135, 4, 153, 70, 233, 194, 55, 228, 118,
       169, 31, 238, 206, 3, 190, 221, 145, 220, 139, 184, 22, 166, 33,
       68, 78, 22, 158, 245, 165, 110, 84, 27, 189, 155, 31, 49, 238,
       127, 9, 91, 135, 87, 237, 32, 56, 196, 67, 130, 195, 243, 112,
       147, 130, 241, 140, 19, 116, 124, 121, 99, 176, 79, 87, 52, 33,
       164, 47, 8, 87, 23, 65, 48, 19, 244, 69, 58, 104, 212, 249, 14,
       237, 141, 37, 48, 226, 242, 70, 107, 97, 181, 233, 101, 112, 14,
       111, 55, 48, 238, 126, 204, 211, 39, 208, 50, 21, 206, 125, 108,
       249, 216, 241, 10, 239, 191, 229, 180, 74, 226, 210, 112, 193,
       178, 61, 89, 96, 142, 105, 19, 63, 109, 118, 84, 159, 7, 128, 121,
       181, 30, 110, 28, 179, 220, 241, 94, 205, 186, 50, 192, 8, 128,
       71, 249, 232, 240, 156, 114, 40, 237, 81, 216, 147, 63, 165, 25,
       183, 83, 75, 27, 137, 144, 205, 26, 42, 103, 90, 17, 195, 211,
       113, 61, 208, 153, 78, 138, 33, 90, 229, 79, 54, 11, 169, 28, 94,
       229, 119, 246, 80, 32, 148, 108, 126, 76, 50, 140, 129, 248, 109,
       253, 4, 42, 243, 192, 87, 137, 116, 237, 120, 161, 148, 188, 137,
       229, 84, 79, 135, 59, 161, 25, 7, 187, 40, 90, 201, 163, 237, 0,
       30, 43, 82, 145, 147, 211, 80, 123, 210, 76, 234, 10, 189, 205,
       122, 227, 151, 22, 95, 231, 1, 96, 238, 130, 27, 63, 54, 113, 122,
       198, 17, 238, 88, 186, 61, 172, 243, 201, 132, 69, 103, 219, 248,
       104, 19, 143, 138, 156, 20, 180, 170, 238, 94, 9, 88, 70, 231,
       232, 190, 64, 220, 107, 50, 5, 134, 184, 150, 175, 168, 246, 138,
       10, 28, 104, 57, 140, 43, 183, 83, 88, 125, 189, 226, 95, 95, 9,
       124, 108, 42, 208, 164, 180, 220, 186, 198, 24, 147, 186, 114,
       223, 62, 92, 16, 106, 90, 142, 202, 173, 193, 184, 157, 179, 168,
       140, 57, 151, 174, 121, 2, 85, 159, 150, 64, 123, 135, 87, 125,
       21, 195, 77, 155, 97, 205, 177, 126, 116, 136, 0, 129, 57, 201,
       114, 251, 247, 108, 28, 125, 24, 43, 250, 119, 228, 223, 175, 219,
       251, 102, 221, 253, 78, 193, 212, 175, 192, 198, 251, 247, 160,
       46, 182, 43, 249, 170, 184, 176, 186, 205, 253, 177, 207, 159, 63,
       160, 25, 140, 220, 110, 138, 137, 27, 251, 17, 22, 111, 250, 243,
       95, 81, 95, 127, 210, 12, 215, 206, 101, 57, 219, 236, 242, 38,
       107, 25, 33, 192, 108, 196, 21, 211, 193, 112, 118, 236, 21, 252,
       147, 146, 180, 72, 236, 172, 163, 8, 175, 227, 98, 177, 10, 167,
       148, 25, 233, 249, 176, 15, 190, 31, 74, 49, 172, 174, 76, 196,
       129, 27, 235, 17, 86, 88, 195, 213, 13, 50, 94, 107, 144, 68, 173,
       223, 244, 103, 237, 39, 137, 91, 71, 236, 100, 230, 175, 143, 67,
       100, 91, 19, 121, 198, 232, 231, 108, 227, 253, 42, 251, 231, 197,
       53, 97, 127, 214, 86, 85, 86, 191, 229, 164, 46, 111, 48, 125,
       202, 219, 100, 223, 126, 145, 107, 182, 117, 125, 47, 161, 209,
       185, 204, 197, 254, 239, 132, 140, 243, 113, 113, 36, 108, 251,
       88, 233, 233, 81, 222, 251, 31, 252, 24, 18, 245, 109, 60, 25,
       154, 70, 24, 18, 35, 178, 83, 91, 221, 16, 111, 210, 209, 230,
       162, 215, 146, 222, 183, 42, 50, 56, 176, 173, 91, 147, 245, 205,
       110, 138, 223, 167, 85, 253, 167, 181, 69, 143, 196, 138, 243,
       123, 214, 172, 165, 41, 85, 92, 188, 189, 242, 137, 236, 81, 134,
       234, 25, 172, 8, 183, 151, 64, 122, 161, 115, 88, 16, 19, 105,
       186, 49, 203, 215, 20, 123, 192, 67, 135, 42, 119, 47, 40, 174,
       60, 149, 75, 120, 77, 12, 221, 79, 105, 202, 55, 196, 248, 169,
       29, 239, 204, 3, 104, 223, 179, 220, 171, 186, 53, 35, 54, 101,
       197, 116, 29, 101, 0, 46, 113, 56, 104, 170, 99, 76, 215, 19, 1,
       123, 148, 21, 124, 42, 97, 244, 241, 12, 197, 171, 97, 4, 72, 113,
       3, 35, 201, 184, 149, 179, 169, 172, 49, 149, 174, 185, 3, 80,
       188, 211, 72, 239, 135, 119, 120, 25, 3, 76, 155, 241, 205, 241,
       95, 120, 138, 2, 129, 41, 162, 147, 179, 218, 228, 205, 161, 73,
       223, 9, 121, 90, 184, 220, 124, 228, 216, 26, 147, 17, 211, 56,
       42, 211, 5, 28, 26, 74, 80, 10, 213, 181, 171, 168, 224, 90, 93,
       153, 240, 203, 223, 119, 244, 155, 42, 200, 214, 188, 235, 170,
       194, 21, 158, 126, 238, 243, 30, 93, 17, 123, 87, 140, 94, 206,
       36, 185, 122, 64, 247, 217, 114, 67, 79, 37, 125, 43, 14, 157,
       102, 48, 187, 184, 131, 80, 22, 58, 56, 245, 95, 221, 1, 111, 211,
       11, 204, 131, 177, 93, 229, 207, 214, 55, 239, 95, 87, 226, 251,
       214, 81, 8, 180, 229, 124, 204, 54, 207, 233, 246, 125, 190, 52,
       42, 231, 192, 127, 251, 240, 180, 57, 22, 233, 245, 20, 43, 99,
       58, 86, 235, 82, 118, 243, 96, 152, 104, 121, 206, 36, 168, 169,
       244, 109, 15, 236, 175, 245, 192, 237, 232, 80, 32, 1, 159, 57,
       101, 180, 47, 235, 51, 124, 105, 126, 76, 243, 37, 144, 49, 148,
       62, 78, 44, 177, 184, 113, 15, 229, 255, 32, 128, 200, 200, 199,
       249, 94, 27, 251, 206, 151, 115, 155, 200, 79, 196, 159, 167, 73,
       238, 255, 238, 126, 117, 175, 243, 149, 33, 63, 232, 155, 77, 139,
       159, 247, 255, 125, 85, 130, 180, 150, 153, 233, 205, 176, 79,
       190, 63, 70, 49, 172, 186, 70, 79, 135, 59, 235, 17, 54, 93, 211,
       215, 13, 54, 30, 107, 146, 4, 141, 223, 159, 239, 198, 187, 202,
       51, 238, 246, 61, 123, 219, 247, 233, 110, 159, 207, 111, 207,
       255, 239, 189, 223, 205, 238, 188, 106, 254, 130, 175, 245, 185,
       221, 53, 81, 99, 76, 120, 6, 207, 120, 4, 232, 243, 204, 83, 69,
       189, 116, 92, 212, 86, 238, 201, 179, 125, 12, 49, 168, 161, 148,
       121, 187, 98, 112, 35, 89, 231, 95, 52, 55, 169, 92, 94, 225, 115,
       214, 81, 232, 180, 237, 94, 92, 50, 253, 129, 252, 255, 253, 12,
       58, 215, 196, 95, 169, 241, 188, 245, 104, 187, 120, 141, 237, 81,
       74, 251, 147, 164, 24, 178, 213, 101, 59, 129, 242, 121, 24, 58,
       111, 178, 49, 219, 251, 85, 123, 192, 72, 86, 98, 196, 149, 157,
       231, 168, 78, 71, 185, 52, 187, 171, 88, 215, 119, 8, 115, 21,
       214, 124, 42, 121, 64, 217, 15, 237, 171, 101, 84, 40, 226, 128,
       33, 141, 80, 27, 101, 65, 78, 99, 48, 97, 72, 103, 72, 95, 23, 1,
       181, 52, 28, 84, 106, 65, 180, 49, 12, 231, 249, 32, 0, 106, 179,
       67, 177, 85, 52, 143, 167, 40, 174, 120, 48, 172, 218, 139, 197,
       213, 247, 66, 90, 166, 101, 125, 167, 93, 193, 155, 96, 192, 163,
       239, 144, 136, 227, 9, 19, 130, 172, 22, 153, 121, 245, 184, 103,
