%YAML:1.0
---
descriptors: !!opencv-matrix
   rows: 264
   cols: 32
   dt: u
   data: [ 15, 221, 231, 231, 246, 198, 111, 244, 165, 224, 94, 198, 121,
       247, 177, 100, 126, 238, 63, 239, 201, 152, 185, 238, 253, 62,
       167, 128, 47, 255, 240, 120, 209, 185, 27, 58, 42, 204, 57, 176,
       174, 80, 135, 141, 191, 214, 75, 115, 166, 127, 124, 78, 67, 77,
       187, 113, 209, 161, 42, 56, 8, 3, 3, 113, 216, 242, 158, 176, 51,
       158, 88, 87, 179, 115, 162, 253, 47, 131, 66, 147, 167, 143, 237,
       148, 110, 95, 128, 23, 250, 227, 116, 241, 170, 20, 171, 27, 145,
       223, 111, 255, 46, 195, 142, 229, 220, 90, 210, 230, 243, 76, 176,
       97, 238, 113, 30, 231, 237, 173, 39, 61, 160, 163, 234, 144, 53,
       24, 245, 249, 3, 158, 169, 155, 242, 185, 41, 182, 62, 89, 76,
       244, 188, 230, 146, 104, 39, 43, 59, 157, 179, 216, 166, 119, 204,
       39, 58, 200, 156, 197, 129, 253, 11, 158, 187, 154, 242, 177, 185,
       211, 30, 89, 92, 244, 188, 246, 162, 108, 87, 59, 147, 29, 183,
       152, 38, 247, 204, 55, 58, 200, 158, 205, 169, 253, 60, 36, 241,
       65, 213, 127, 225, 2, 53, 51, 239, 24, 131, 53, 12, 188, 89, 158,
       194, 56, 58, 178, 113, 130, 79, 207, 16, 85, 227, 73, 70, 162,
       122, 249, 50, 248, 27, 221, 82, 230, 171, 132, 168, 9, 46, 159,
       99, 148, 170, 249, 205, 80, 78, 43, 178, 253, 251, 213, 1, 123,
       114, 4, 39, 91, 236, 113, 121, 101, 100, 78, 103, 56, 105, 236,
       119, 104, 215, 21, 137, 49, 54, 92, 84, 110, 201, 176, 233, 12,
       231, 249, 33, 132, 66, 179, 70, 97, 65, 68, 125, 109, 36, 74, 109,
       51, 108, 6, 118, 0, 243, 49, 144, 113, 66, 164, 110, 40, 233, 180,
       101, 12, 229, 186, 96, 0, 100, 160, 65, 40, 245, 107, 72, 101, 68,
       10, 103, 48, 96, 166, 246, 204, 195, 33, 147, 19, 88, 228, 108,
       110, 232, 240, 197, 46, 228, 171, 96, 16, 105, 187, 90, 0, 13,
       184, 147, 65, 101, 253, 226, 154, 107, 225, 105, 72, 158, 216, 85,
       188, 145, 74, 114, 24, 151, 56, 186, 98, 13, 156, 1, 108, 202, 3,
       75, 166, 46, 157, 228, 87, 215, 114, 214, 238, 23, 247, 86, 151,
       104, 109, 127, 143, 217, 246, 179, 199, 254, 248, 95, 175, 47, 94,
       213, 135, 255, 125, 252, 222, 220, 120, 191, 246, 11, 206, 87,
       212, 233, 240, 166, 8, 95, 215, 73, 115, 162, 245, 120, 114, 105,
       231, 186, 40, 251, 203, 71, 22, 104, 51, 39, 58, 224, 191, 31,
       188, 252, 171, 116, 103, 86, 187, 234, 125, 166, 177, 32, 89, 201,
       190, 110, 1, 120, 255, 195, 31, 156, 182, 112, 58, 152, 72, 244,
       11, 124, 37, 82, 164, 21, 10, 75, 232, 33, 164, 169, 10, 79, 195,
       89, 149, 122, 237, 76, 250, 8, 163, 204, 140, 184, 197, 133, 61,
       103, 187, 110, 32, 133, 199, 111, 111, 180, 14, 111, 184, 116, 74,
       123, 198, 211, 97, 153, 241, 59, 196, 62, 111, 233, 176, 125, 47,
       164, 175, 101, 132, 125, 251, 208, 49, 90, 5, 118, 236, 63, 31,
       222, 121, 77, 40, 250, 43, 219, 63, 52, 96, 254, 149, 95, 227,
       204, 179, 65, 206, 243, 255, 170, 147, 119, 174, 113, 3, 187, 240,
       233, 243, 245, 109, 221, 159, 27, 251, 117, 30, 26, 189, 92, 40,
       157, 223, 181, 17, 251, 126, 251, 243, 207, 95, 221, 238, 207, 92,
       214, 251, 74, 169, 150, 146, 205, 212, 180, 199, 174, 149, 136, 8,
       172, 242, 96, 214, 193, 243, 234, 81, 18, 75, 218, 225, 153, 20,
       222, 123, 130, 30, 189, 14, 126, 249, 112, 170, 155, 81, 30, 236,
       7, 164, 188, 171, 109, 254, 43, 148, 254, 211, 223, 227, 78, 3,
       202, 253, 179, 245, 143, 191, 51, 55, 174, 95, 90, 124, 151, 220,
       43, 252, 48, 66, 171, 154, 188, 120, 174, 246, 97, 255, 167, 247,
       252, 0, 33, 71, 162, 224, 147, 243, 122, 187, 130, 113, 47, 63,
       27, 35, 66, 175, 242, 36, 250, 89, 45, 64, 223, 199, 253, 110,
       158, 148, 126, 139, 23, 173, 159, 146, 133, 205, 148, 124, 170,
       128, 174, 134, 43, 145, 90, 169, 250, 250, 27, 208, 27, 96, 163,
       5, 172, 169, 47, 207, 98, 18, 230, 243, 233, 209, 90, 11, 146,
       225, 219, 213, 10, 123, 35, 6, 47, 74, 120, 100, 93, 231, 20, 79,
       67, 48, 96, 168, 239, 8, 211, 19, 1, 80, 120, 164, 76, 106, 72,
       178, 209, 12, 199, 239, 161, 17, 96, 170, 86, 34, 189, 192, 85,
       110, 108, 27, 78, 232, 69, 50, 245, 138, 75, 75, 184, 149, 58,
       196, 102, 234, 72, 182, 73, 157, 54, 219, 65, 21, 119, 187, 90,
       128, 63, 20, 118, 232, 63, 87, 222, 88, 1, 108, 251, 15, 75, 29,
       54, 149, 254, 213, 213, 231, 252, 179, 57, 204, 147, 248, 129,
       151, 119, 175, 126, 215, 221, 83, 108, 103, 38, 18, 111, 48, 116,
       234, 87, 230, 219, 15, 147, 107, 54, 228, 125, 238, 233, 212, 53,
       76, 226, 235, 235, 132, 47, 179, 113, 113, 53, 89, 217, 229, 134,
       79, 71, 221, 70, 224, 248, 14, 83, 113, 65, 34, 88, 252, 54, 106,
       73, 178, 121, 24, 245, 140, 37, 52, 121, 122, 208, 170, 11, 155,
       99, 165, 118, 206, 251, 113, 45, 204, 95, 231, 252, 255, 179, 68,
       54, 45, 23, 45, 129, 153, 52, 205, 220, 126, 43, 130, 46, 166, 33,
       249, 1, 34, 231, 141, 94, 155, 224, 89, 126, 241, 210, 226, 217,
       136, 190, 236, 122, 140, 126, 189, 135, 242, 199, 212, 30, 40,
       227, 196, 109, 140, 121, 132, 82, 162, 198, 141, 74, 130, 168, 72,
       166, 53, 210, 231, 137, 198, 218, 64, 126, 189, 239, 197, 194,
       211, 199, 213, 148, 32, 171, 205, 53, 132, 55, 208, 189, 57, 189,
       244, 237, 47, 93, 218, 91, 254, 181, 94, 94, 125, 77, 59, 157,
       215, 119, 42, 185, 118, 251, 192, 211, 219, 85, 62, 194, 121, 71,
       243, 155, 215, 126, 254, 125, 213, 223, 252, 21, 76, 220, 166,
       109, 239, 186, 101, 222, 235, 159, 237, 239, 11, 59, 191, 250,
       253, 142, 155, 55, 158, 189, 255, 95, 231, 34, 134, 255, 27, 190,
       236, 239, 236, 219, 175, 204, 232, 127, 132, 191, 207, 255, 231,
       196, 241, 141, 252, 190, 84, 143, 191, 79, 127, 249, 199, 125, 65,
       245, 101, 180, 42, 111, 16, 97, 160, 254, 108, 219, 11, 149, 60,
       126, 196, 108, 110, 137, 176, 241, 140, 230, 255, 33, 20, 111,
       251, 66, 32, 50, 37, 83, 236, 94, 3, 234, 104, 31, 160, 250, 227,
       124, 251, 36, 192, 254, 253, 55, 227, 72, 187, 137, 223, 184, 180,
       139, 6, 37, 42, 33, 136, 125, 79, 69, 69, 152, 22, 78, 184, 97,
       160, 175, 78, 83, 98, 153, 246, 112, 196, 108, 238, 237, 163, 109,
       46, 178, 238, 165, 20, 43, 243, 120, 4, 206, 254, 16, 178, 63,
       152, 178, 136, 250, 190, 131, 109, 236, 216, 67, 135, 135, 101,
       249, 87, 230, 69, 202, 255, 14, 80, 15, 255, 14, 39, 27, 7, 176,
       105, 186, 254, 73, 193, 126, 204, 167, 20, 228, 11, 53, 207, 105,
       18, 232, 249, 227, 194, 74, 3, 138, 113, 87, 133, 135, 41, 113,
       59, 110, 138, 52, 48, 187, 83, 93, 127, 209, 80, 119, 63, 247, 26,
       66, 61, 77, 60, 249, 156, 238, 24, 11, 246, 121, 0, 31, 223, 17,
       87, 227, 75, 70, 166, 248, 254, 158, 254, 11, 245, 84, 206, 179,
       31, 164, 25, 47, 223, 99, 155, 175, 243, 237, 130, 110, 79, 138,
       179, 219, 211, 94, 59, 50, 80, 47, 11, 40, 53, 219, 105, 240, 233,
       113, 83, 109, 41, 126, 32, 147, 183, 128, 112, 249, 154, 70, 24,
       19, 184, 113, 84, 223, 237, 50, 96, 240, 194, 230, 187, 73, 252,
       59, 248, 249, 237, 61, 247, 191, 91, 172, 20, 188, 183, 96, 121,
       167, 59, 90, 16, 115, 75, 242, 243, 255, 223, 30, 122, 154, 80,
       163, 59, 14, 254, 48, 179, 253, 221, 190, 172, 159, 95, 21, 189,
       172, 222, 78, 148, 135, 123, 199, 19, 246, 76, 250, 247, 175, 87,
       31, 255, 150, 28, 143, 223, 189, 20, 231, 189, 37, 118, 77, 88,
       213, 194, 247, 119, 91, 125, 191, 239, 126, 164, 254, 175, 173,
       229, 53, 138, 194, 251, 227, 144, 191, 253, 112, 85, 44, 249, 121,
       107, 245, 221, 119, 252, 86, 72, 124, 8, 123, 213, 41, 48, 28,
       248, 150, 122, 67, 178, 122, 61, 111, 205, 37, 109, 115, 187, 198,
       179, 192, 150, 27, 189, 244, 142, 37, 119, 60, 11, 106, 116, 183,
       227, 40, 80, 243, 62, 46, 1, 115, 248, 1, 15, 236, 166, 62, 64,
