%YAML:1.0
---
descriptors: !!opencv-matrix
   rows: 247
   cols: 32
   dt: u
   data: [ 83, 50, 204, 181, 44, 56, 120, 10, 235, 255, 182, 247, 143,
       170, 215, 218, 226, 133, 252, 133, 141, 117, 215, 192, 150, 243,
       250, 151, 172, 100, 107, 95, 10, 157, 51, 218, 251, 208, 60, 103,
       173, 65, 232, 176, 44, 182, 164, 244, 230, 187, 154, 128, 119, 11,
       38, 255, 63, 52, 30, 203, 18, 4, 173, 191, 2, 186, 156, 177, 184,
       173, 56, 151, 63, 63, 48, 61, 175, 58, 66, 24, 135, 11, 111, 21,
       54, 124, 83, 215, 206, 215, 122, 255, 152, 8, 139, 223, 124, 81,
       119, 238, 41, 86, 94, 120, 161, 200, 247, 75, 123, 223, 45, 242,
       252, 245, 253, 226, 201, 131, 154, 136, 243, 249, 225, 155, 43,
       191, 106, 51, 110, 48, 144, 82, 105, 253, 112, 74, 187, 59, 101,
       24, 14, 215, 77, 156, 139, 155, 227, 16, 2, 126, 218, 243, 31, 84,
       81, 111, 210, 69, 14, 183, 32, 159, 153, 188, 56, 173, 81, 55,
       191, 13, 248, 69, 182, 187, 32, 80, 196, 59, 109, 5, 14, 42, 66,
       63, 201, 247, 50, 218, 144, 72, 133, 75, 156, 76, 110, 238, 4, 86,
       255, 112, 244, 142, 215, 2, 89, 251, 179, 97, 120, 244, 191, 235,
       232, 181, 61, 142, 243, 239, 235, 129, 37, 171, 124, 98, 1, 186,
       155, 250, 109, 165, 176, 218, 142, 25, 80, 66, 188, 211, 104, 72,
       205, 43, 55, 24, 19, 15, 10, 241, 205, 158, 59, 238, 152, 8, 161,
       163, 40, 241, 120, 98, 116, 207, 123, 81, 105, 172, 253, 8, 27,
       23, 198, 48, 28, 184, 70, 120, 202, 58, 240, 31, 127, 221, 33,
       124, 67, 138, 78, 161, 185, 14, 110, 237, 86, 18, 235, 114, 117,
       64, 246, 70, 83, 41, 182, 97, 120, 172, 22, 238, 233, 186, 37,
       143, 118, 235, 226, 128, 127, 168, 120, 128, 244, 68, 214, 174, 5,
       38, 86, 232, 181, 174, 187, 3, 71, 242, 41, 91, 248, 245, 236, 99,
       108, 231, 9, 138, 177, 243, 71, 23, 33, 123, 100, 6, 42, 180, 169,
       155, 93, 253, 177, 203, 95, 101, 93, 27, 172, 220, 126, 12, 217,
       27, 147, 17, 50, 58, 122, 247, 79, 87, 27, 111, 215, 12, 149, 254,
       58, 199, 98, 142, 92, 211, 206, 236, 151, 76, 221, 171, 99, 236,
       190, 132, 88, 232, 135, 231, 76, 163, 78, 191, 50, 70, 169, 153,
       55, 190, 124, 220, 61, 198, 98, 10, 92, 23, 194, 248, 85, 4, 253,
       79, 67, 72, 190, 132, 88, 136, 6, 111, 204, 182, 109, 159, 50,
       110, 161, 92, 119, 175, 120, 196, 173, 97, 80, 67, 84, 31, 98,
       216, 87, 160, 245, 78, 211, 81, 157, 180, 88, 204, 6, 122, 205,
       178, 125, 188, 46, 200, 165, 52, 127, 187, 90, 164, 72, 190, 190,
       180, 34, 174, 121, 51, 184, 173, 62, 173, 255, 63, 2, 19, 167,
       119, 125, 133, 160, 216, 131, 77, 220, 247, 122, 128, 104, 128,
       39, 91, 117, 75, 233, 167, 36, 10, 78, 184, 64, 224, 155, 204,
       243, 40, 217, 114, 88, 228, 124, 239, 205, 82, 237, 40, 252, 237,
       237, 148, 44, 251, 80, 16, 236, 126, 188, 253, 232, 47, 85, 159,
       187, 190, 52, 60, 30, 55, 195, 95, 135, 116, 111, 56, 112, 77,
       219, 10, 239, 219, 117, 191, 210, 248, 134, 187, 246, 74, 50, 168,
       11, 195, 219, 64, 141, 132, 177, 171, 14, 206, 39, 16, 254, 177,
       207, 227, 12, 39, 34, 216, 147, 208, 139, 187, 81, 47, 38, 71, 75,
       106, 7, 156, 111, 145, 186, 64, 237, 192, 210, 231, 168, 136, 181,
       238, 238, 169, 250, 199, 133, 183, 134, 232, 22, 56, 138, 139, 95,
       61, 57, 157, 201, 93, 121, 101, 112, 206, 117, 55, 125, 232, 118,
       72, 183, 51, 129, 49, 132, 60, 84, 104, 225, 184, 113, 14, 231,
       249, 36, 128, 74, 176, 66, 171, 215, 83, 110, 4, 226, 22, 191,
       117, 169, 236, 159, 239, 72, 238, 223, 23, 54, 229, 255, 231, 197,
       211, 173, 200, 114, 40, 239, 151, 47, 247, 127, 85, 204, 59, 187,
       116, 240, 202, 119, 83, 187, 188, 54, 40, 22, 247, 225, 83, 166,
       125, 236, 82, 48, 89, 168, 104, 127, 177, 101, 175, 192, 225, 6,
       99, 207, 82, 229, 69, 98, 26, 109, 52, 105, 238, 22, 238, 105, 14,
       215, 255, 38, 197, 253, 239, 229, 212, 165, 200, 54, 122, 237,
       128, 47, 180, 90, 125, 25, 117, 49, 168, 49, 207, 67, 127, 37,
       104, 232, 76, 151, 87, 0, 52, 20, 184, 29, 108, 73, 146, 112, 30,
       225, 220, 1, 48, 50, 130, 134, 112, 167, 80, 83, 77, 108, 31, 166,
       88, 77, 232, 241, 236, 82, 24, 149, 164, 94, 64, 86, 110, 197,
       167, 100, 138, 54, 24, 32, 186, 95, 191, 90, 133, 18, 206, 214,
       191, 154, 224, 60, 199, 182, 23, 202, 179, 45, 231, 32, 73, 111,
       59, 171, 129, 98, 205, 6, 247, 160, 230, 254, 139, 181, 80, 165,
       139, 124, 180, 114, 101, 53, 58, 95, 57, 97, 234, 255, 168, 219,
       125, 154, 119, 22, 212, 253, 174, 184, 240, 229, 143, 230, 253,
       161, 213, 103, 167, 86, 99, 42, 188, 178, 248, 253, 253, 209, 71,
       219, 47, 188, 27, 174, 154, 102, 148, 201, 187, 151, 16, 18, 47,
       82, 215, 159, 221, 22, 123, 208, 76, 199, 207, 70, 232, 134, 157,
       95, 131, 40, 232, 159, 180, 202, 135, 228, 234, 126, 66, 243, 109,
       107, 149, 6, 67, 223, 221, 156, 50, 207, 127, 20, 46, 53, 194, 17,
       153, 63, 126, 3, 204, 53, 119, 172, 73, 110, 0, 190, 183, 32, 112,
       162, 59, 89, 8, 18, 153, 50, 125, 243, 255, 82, 66, 64, 0, 167,
       123, 109, 108, 153, 101, 184, 47, 79, 152, 18, 170, 37, 8, 215,
       51, 65, 57, 149, 124, 120, 110, 104, 116, 217, 30, 229, 223, 37,
       52, 208, 249, 66, 32, 11, 159, 115, 237, 178, 186, 63, 55, 45, 73,
       94, 230, 189, 55, 144, 116, 54, 63, 31, 44, 209, 152, 37, 223,
       110, 237, 42, 192, 46, 198, 129, 121, 204, 125, 157, 229, 164, 14,
       71, 182, 114, 186, 34, 76, 215, 35, 65, 26, 145, 100, 108, 122,
       105, 220, 217, 42, 237, 215, 101, 52, 136, 241, 66, 58, 65, 144,
       191, 101, 8, 30, 113, 59, 127, 225, 230, 16, 147, 61, 20, 107,
       132, 20, 104, 8, 169, 249, 241, 12, 203, 255, 80, 20, 200, 168,
       64, 120, 0, 140, 158, 189, 16, 174, 120, 39, 188, 23, 98, 21, 183,
       171, 32, 73, 129, 35, 104, 28, 50, 252, 19, 103, 205, 182, 82, 64,
       200, 0, 129, 26, 63, 121, 233, 97, 180, 31, 107, 216, 101, 232,
       254, 238, 91, 29, 223, 60, 122, 204, 87, 255, 153, 176, 253, 192,
       246, 205, 165, 196, 239, 191, 82, 245, 38, 253, 22, 155, 221, 213,
       182, 224, 191, 29, 248, 1, 172, 250, 110, 196, 201, 123, 235, 67,
       6, 43, 218, 247, 45, 54, 158, 107, 80, 23, 239, 207, 8, 205, 20,
       222, 45, 253, 212, 166, 143, 21, 180, 9, 174, 255, 99, 197, 195,
       107, 235, 66, 2, 104, 90, 253, 239, 211, 83, 59, 18, 29, 13, 202,
       143, 207, 132, 151, 245, 182, 190, 174, 63, 223, 91, 183, 236,
       104, 31, 207, 255, 235, 183, 247, 246, 220, 79, 239, 46, 118, 223,
       199, 142, 127, 249, 215, 26, 221, 50, 158, 91, 212, 158, 228, 159,
       76, 204, 3, 108, 254, 38, 196, 252, 123, 147, 195, 102, 11, 58,
       255, 115, 103, 143, 11, 19, 54, 45, 223, 61, 33, 106, 232, 92, 87,
       234, 120, 70, 225, 253, 10, 83, 217, 58, 160, 120, 204, 91, 254,
       156, 51, 125, 156, 127, 205, 131, 124, 119, 171, 240, 192, 93, 1,
       148, 101, 137, 47, 70, 154, 55, 163, 174, 88, 223, 113, 73, 174,
       17, 70, 108, 42, 9, 240, 211, 2, 137, 255, 69, 20, 234, 249, 200,
       32, 116, 35, 59, 160, 124, 15, 90, 72, 235, 188, 177, 77, 94, 138,
       79, 18, 252, 133, 79, 119, 142, 35, 216, 80, 219, 217, 33, 126,
       192, 43, 66, 67, 195, 50, 189, 181, 36, 44, 184, 3, 122, 243, 66,
       85, 157, 174, 84, 123, 134, 15, 122, 21, 151, 220, 215, 192, 133,
       186, 90, 64, 136, 0, 3, 156, 101, 161, 193, 70, 221, 28, 66, 172,
       99, 224, 168, 72, 82, 112, 220, 246, 216, 198, 96, 126, 95, 106,
       221, 32, 62, 188, 5, 126, 75, 174, 218, 4, 3, 156, 25, 184, 57,
       237, 17, 103, 158, 89, 8, 93, 188, 190, 96, 64, 133, 59, 127, 1,
       23, 9, 18, 119, 205, 150, 26, 122, 152, 8, 129, 91, 10, 223, 50,
       252, 117, 148, 252, 119, 253, 14, 126, 7, 44, 191, 54, 192, 164,
       43, 183, 5, 228, 185, 50, 239, 119, 255, 158, 3, 2, 212, 253, 207,
       213, 125, 159, 37, 178, 106, 119, 166, 250, 162, 42, 40, 215, 51,
