%YAML:1.0
---
descriptors: !!opencv-matrix
   rows: 167
   cols: 32
   dt: u
   data: [ 57, 111, 96, 47, 188, 143, 199, 252, 69, 100, 252, 143, 227,
       72, 151, 0, 88, 238, 70, 111, 220, 184, 77, 63, 100, 108, 5, 16,
       127, 191, 218, 204, 88, 205, 19, 78, 211, 199, 103, 244, 53, 8,
       238, 10, 122, 215, 41, 244, 48, 250, 2, 234, 67, 154, 57, 127, 55,
       172, 4, 10, 115, 146, 166, 44, 230, 116, 190, 92, 169, 253, 20,
       202, 155, 190, 161, 57, 78, 252, 111, 31, 133, 113, 237, 50, 126,
       103, 250, 17, 155, 210, 85, 59, 208, 125, 142, 87, 77, 48, 189,
       101, 101, 93, 241, 40, 232, 232, 38, 8, 222, 17, 73, 50, 128, 20,
       120, 104, 69, 112, 177, 8, 79, 249, 65, 50, 74, 34, 67, 51, 38,
       161, 116, 203, 237, 109, 184, 41, 79, 53, 57, 27, 206, 120, 92,
       128, 155, 27, 251, 17, 150, 120, 91, 209, 15, 24, 23, 127, 212,
       14, 221, 134, 69, 51, 185, 97, 240, 46, 121, 25, 42, 187, 63, 92,
       213, 115, 201, 58, 151, 95, 124, 56, 147, 80, 185, 64, 207, 189,
       119, 228, 136, 227, 195, 161, 122, 56, 238, 117, 139, 249, 145, 7,
       171, 87, 134, 191, 170, 188, 86, 42, 201, 243, 249, 17, 158, 111,
       246, 163, 79, 119, 220, 155, 231, 76, 222, 94, 9, 14, 86, 77, 116,
       159, 235, 118, 108, 8, 126, 100, 255, 33, 148, 180, 55, 36, 70,
       44, 129, 184, 5, 92, 36, 190, 98, 128, 206, 168, 75, 169, 2, 189,
       17, 186, 248, 193, 182, 207, 142, 25, 72, 99, 164, 215, 104, 64,
       201, 59, 35, 17, 82, 26, 202, 247, 61, 20, 30, 106, 144, 74, 133,
       171, 93, 77, 223, 237, 118, 42, 111, 178, 116, 162, 126, 66, 251,
       51, 177, 97, 118, 236, 62, 234, 225, 184, 37, 238, 116, 174, 230,
       0, 47, 251, 96, 168, 202, 189, 104, 113, 187, 222, 125, 55, 255,
       97, 78, 144, 159, 183, 146, 117, 38, 63, 253, 156, 176, 216, 245,
       94, 239, 249, 54, 193, 34, 132, 135, 113, 9, 253, 49, 123, 49,
       205, 86, 190, 95, 41, 56, 72, 191, 121, 0, 176, 133, 122, 92, 72,
       227, 56, 91, 63, 239, 223, 53, 48, 90, 137, 65, 43, 139, 179, 124,
       253, 46, 157, 121, 56, 171, 220, 84, 162, 253, 223, 147, 39, 54,
       113, 245, 239, 192, 64, 174, 157, 71, 251, 233, 172, 38, 166, 5,
       241, 244, 104, 186, 114, 77, 13, 85, 212, 227, 190, 180, 8, 26,
       217, 69, 27, 137, 252, 111, 90, 8, 103, 154, 32, 83, 217, 85, 63,
       195, 121, 70, 170, 122, 233, 114, 108, 117, 221, 82, 70, 99, 13,
       252, 8, 42, 159, 38, 148, 248, 186, 196, 72, 14, 43, 178, 253,
       179, 253, 0, 11, 99, 134, 110, 46, 97, 84, 156, 85, 236, 46, 100,
       158, 90, 251, 58, 92, 211, 48, 221, 123, 197, 70, 124, 60, 173,
       124, 213, 34, 76, 186, 117, 116, 136, 249, 216, 29, 85, 82, 217,
       165, 32, 46, 127, 16, 48, 202, 211, 229, 215, 51, 195, 90, 118,
       205, 125, 110, 136, 212, 197, 8, 196, 227, 99, 128, 164, 243, 3,
       67, 197, 112, 159, 92, 72, 76, 37, 88, 236, 218, 161, 72, 214,
       215, 97, 123, 128, 116, 106, 106, 97, 103, 250, 8, 85, 170, 101,
       60, 72, 123, 67, 33, 21, 15, 222, 229, 84, 142, 110, 114, 125,
       128, 110, 66, 121, 163, 177, 116, 118, 126, 62, 106, 224, 152,
       129, 238, 239, 175, 231, 0, 42, 243, 97, 160, 34, 173, 17, 170,
       219, 141, 182, 239, 30, 1, 120, 107, 164, 250, 104, 0, 217, 27, 3,
       81, 83, 58, 74, 245, 189, 148, 14, 106, 152, 10, 129, 139, 133,
       164, 221, 241, 236, 169, 233, 155, 126, 51, 49, 88, 157, 227, 216,
       43, 3, 14, 110, 28, 51, 124, 79, 210, 204, 155, 119, 100, 156,
       200, 193, 160, 14, 152, 179, 216, 125, 213, 184, 217, 94, 73, 83,
       231, 236, 252, 60, 232, 255, 57, 191, 149, 151, 35, 59, 209, 31,
       95, 187, 202, 158, 12, 117, 211, 117, 31, 239, 254, 180, 38, 111,
       49, 84, 202, 223, 102, 83, 253, 177, 97, 94, 244, 62, 46, 233,
       176, 125, 142, 247, 175, 226, 128, 60, 251, 112, 113, 29, 111, 70,
       71, 178, 27, 111, 184, 118, 160, 111, 228, 209, 227, 153, 244, 55,
       108, 108, 110, 225, 208, 237, 62, 46, 174, 101, 132, 46, 179, 64,
       161, 106, 50, 244, 117, 109, 217, 249, 18, 235, 125, 116, 189,
       173, 143, 214, 159, 206, 173, 247, 12, 132, 126, 226, 192, 70,
       123, 82, 235, 70, 132, 79, 223, 182, 61, 237, 5, 215, 75, 215,
       238, 19, 224, 184, 175, 115, 124, 87, 51, 120, 254, 209, 241, 253,
       250, 253, 46, 127, 0, 133, 51, 109, 124, 214, 254, 73, 49, 241,
       101, 99, 75, 177, 24, 105, 232, 54, 104, 158, 17, 192, 54, 162,
       20, 108, 96, 193, 32, 181, 64, 71, 184, 33, 38, 74, 32, 67, 179,
       41, 173, 26, 74, 241, 151, 118, 239, 125, 1, 236, 0, 122, 242, 46,
       240, 216, 106, 2, 104, 87, 171, 56, 127, 59, 253, 6, 75, 90, 82,
       234, 140, 240, 72, 223, 180, 78, 8, 109, 128, 249, 146, 178, 90,
       127, 99, 5, 91, 107, 229, 108, 234, 104, 71, 195, 226, 212, 170,
       254, 16, 37, 113, 99, 40, 77, 50, 156, 145, 116, 126, 233, 18, 58,
       255, 182, 204, 141, 38, 211, 143, 63, 141, 238, 157, 177, 240,
       161, 192, 204, 23, 251, 132, 142, 229, 15, 241, 227, 154, 246, 26,
       203, 180, 144, 199, 235, 95, 180, 23, 40, 250, 102, 222, 231, 227,
       234, 148, 182, 111, 174, 243, 26, 127, 86, 251, 219, 68, 235, 207,
       154, 81, 117, 237, 46, 18, 92, 56, 139, 216, 116, 231, 253, 223,
       148, 39, 134, 181, 181, 239, 192, 196, 166, 217, 194, 249, 233,
       174, 55, 166, 65, 115, 146, 14, 119, 89, 67, 210, 173, 98, 117,
       46, 242, 2, 72, 14, 181, 173, 120, 181, 66, 161, 109, 255, 37,
       206, 53, 34, 203, 131, 97, 32, 39, 164, 242, 203, 70, 142, 15, 2,
       71, 104, 197, 4, 178, 3, 98, 72, 60, 87, 120, 196, 110, 227, 104,
       231, 77, 237, 177, 34, 194, 19, 113, 58, 116, 14, 90, 112, 116,
       236, 47, 150, 88, 24, 139, 188, 118, 163, 79, 223, 214, 246, 134,
       189, 181, 201, 204, 196, 163, 209, 195, 249, 137, 143, 39, 164,
       77, 87, 196, 172, 133, 147, 212, 168, 39, 135, 246, 147, 74, 82,
       240, 226, 73, 66, 113, 238, 42, 152, 114, 92, 203, 99, 44, 38,
       151, 68, 128, 112, 177, 40, 125, 119, 145, 236, 184, 15, 94, 184,
       59, 186, 184, 108, 223, 123, 73, 18, 151, 221, 125, 114, 105, 67,
       203, 62, 250, 223, 37, 190, 136, 241, 130, 3, 194, 173, 153, 158,
       252, 161, 174, 238, 154, 179, 24, 218, 188, 234, 80, 2, 147, 111,
       123, 145, 50, 79, 138, 251, 172, 22, 159, 236, 148, 112, 147, 136,
       121, 179, 154, 38, 176, 31, 90, 253, 43, 233, 251, 77, 255, 163,
       74, 144, 148, 207, 124, 92, 159, 187, 217, 61, 251, 253, 37, 244,
       200, 130, 202, 73, 108, 231, 196, 99, 253, 31, 194, 188, 66, 184,
       188, 73, 211, 105, 89, 131, 217, 198, 110, 122, 94, 98, 203, 180,
       111, 219, 229, 125, 215, 234, 216, 2, 134, 204, 215, 254, 251,
       171, 156, 239, 223, 147, 249, 88, 238, 234, 44, 201, 151, 123,
       110, 34, 112, 111, 10, 255, 184, 190, 87, 126, 212, 120, 129, 141,
       137, 75, 66, 69, 52, 27, 234, 39, 125, 4, 126, 128, 171, 32, 183,
       164, 58, 38, 110, 76, 132, 184, 37, 207, 166, 255, 2, 1, 71, 172,
       89, 44, 82, 32, 245, 229, 38, 8, 120, 0, 105, 145, 179, 137, 143,
       15, 93, 62, 166, 149, 125, 141, 136, 80, 199, 192, 151, 248, 202,
       130, 231, 166, 99, 7, 149, 30, 191, 255, 60, 230, 239, 113, 212,
       202, 223, 102, 243, 253, 177, 105, 126, 112, 63, 43, 185, 165, 63,
       234, 115, 239, 162, 136, 189, 251, 113, 113, 195, 190, 149, 216,
       252, 165, 185, 223, 171, 155, 176, 116, 156, 183, 228, 127, 135,
       27, 127, 29, 179, 75, 130, 211, 157, 216, 127, 254, 152, 64, 161,
       185, 45, 97, 51, 35, 53, 143, 99, 80, 107, 104, 121, 72, 223, 208,
       80, 48, 144, 44, 68, 110, 205, 176, 249, 60, 167, 221, 33, 48, 66,
       155, 66, 229, 11, 179, 51, 168, 127, 213, 184, 89, 79, 120, 208,
       231, 156, 220, 112, 224, 254, 57, 183, 213, 135, 179, 18, 209,
       222, 89, 171, 239, 30, 142, 57, 211, 77, 79, 123, 103, 36, 14,
       111, 180, 108, 200, 126, 108, 243, 33, 145, 114, 150, 100, 108,
       110, 201, 176, 233, 40, 230, 249, 101, 128, 74, 179, 67, 41, 88,
