%YAML:1.0
---
descriptors: !!opencv-matrix
   rows: 283
   cols: 32
   dt: u
   data: [ 155, 76, 110, 189, 66, 114, 237, 119, 149, 66, 214, 147, 57,
       46, 183, 105, 108, 187, 19, 141, 233, 159, 52, 202, 83, 107, 218,
       128, 63, 212, 32, 248, 243, 32, 173, 172, 12, 69, 89, 11, 2, 246,
       128, 25, 211, 252, 82, 99, 201, 197, 121, 165, 46, 71, 255, 23,
       217, 11, 221, 125, 4, 40, 150, 82, 42, 182, 230, 155, 255, 215,
       184, 220, 31, 93, 213, 183, 72, 204, 62, 133, 255, 155, 151, 181,
       246, 251, 127, 215, 63, 87, 158, 207, 151, 78, 253, 223, 139, 159,
       38, 184, 125, 149, 190, 235, 221, 222, 212, 167, 204, 236, 54,
       133, 255, 41, 223, 167, 228, 43, 46, 223, 62, 87, 207, 175, 95,
       44, 57, 215, 175, 184, 210, 88, 235, 149, 144, 202, 219, 58, 180,
       124, 42, 216, 230, 188, 159, 216, 230, 16, 135, 111, 190, 211, 26,
       88, 21, 127, 219, 44, 106, 151, 159, 139, 233, 177, 134, 1, 237,
       219, 62, 83, 86, 242, 61, 239, 249, 104, 119, 139, 63, 157, 211,
       216, 47, 211, 222, 75, 255, 196, 181, 228, 177, 233, 223, 114,
       196, 165, 168, 58, 158, 156, 11, 242, 150, 239, 203, 44, 215, 174,
       223, 213, 253, 247, 173, 68, 207, 130, 170, 211, 239, 183, 142,
       255, 25, 29, 253, 167, 193, 68, 254, 51, 207, 250, 83, 226, 189,
       238, 91, 104, 247, 167, 127, 196, 86, 238, 237, 115, 237, 142, 58,
       79, 165, 188, 239, 254, 90, 221, 106, 239, 40, 190, 125, 197, 159,
       234, 143, 156, 156, 139, 172, 207, 71, 2, 205, 251, 255, 199, 74,
       75, 234, 255, 251, 85, 143, 187, 18, 61, 23, 251, 191, 82, 99, 68,
       53, 95, 95, 88, 81, 236, 246, 175, 75, 12, 183, 245, 126, 196,
       159, 238, 237, 183, 117, 202, 50, 121, 129, 147, 111, 191, 116,
       85, 155, 201, 106, 220, 21, 151, 239, 119, 85, 66, 86, 150, 57,
       136, 182, 229, 126, 168, 18, 207, 229, 189, 52, 223, 50, 105, 138,
       129, 127, 140, 120, 252, 11, 2, 232, 137, 111, 177, 249, 90, 207,
       77, 221, 175, 169, 200, 159, 140, 254, 129, 223, 157, 134, 34,
       103, 209, 70, 93, 171, 187, 215, 207, 89, 199, 171, 52, 241, 77,
       125, 93, 235, 123, 91, 233, 124, 126, 40, 151, 212, 180, 94, 156,
       214, 184, 163, 122, 244, 207, 63, 92, 129, 234, 95, 140, 122, 253,
       109, 100, 112, 101, 69, 127, 94, 24, 105, 170, 255, 8, 203, 121,
       29, 180, 152, 196, 212, 106, 140, 178, 249, 136, 103, 255, 1, 51,
       99, 255, 74, 38, 165, 190, 220, 27, 248, 173, 161, 223, 26, 253,
       180, 253, 144, 231, 203, 27, 77, 202, 66, 28, 51, 106, 122, 115,
       92, 144, 53, 124, 216, 200, 206, 241, 56, 184, 153, 248, 217, 237,
       81, 222, 187, 123, 164, 24, 63, 151, 72, 184, 133, 155, 221, 16,
       27, 79, 250, 19, 219, 221, 17, 127, 250, 64, 15, 187, 10, 218, 58,
       255, 117, 132, 187, 246, 159, 13, 84, 98, 188, 223, 33, 96, 238,
       123, 183, 193, 162, 152, 42, 255, 231, 247, 186, 138, 20, 25, 37,
       187, 142, 184, 144, 155, 109, 215, 186, 200, 31, 191, 85, 3, 204,
       254, 110, 204, 251, 121, 163, 211, 86, 84, 91, 243, 15, 87, 143,
       239, 150, 63, 61, 199, 248, 176, 187, 248, 170, 204, 81, 151, 179,
       95, 180, 61, 23, 159, 66, 26, 133, 151, 125, 19, 59, 79, 178, 51,
       219, 227, 124, 249, 168, 128, 134, 123, 150, 143, 238, 158, 186,
       178, 158, 238, 158, 222, 157, 183, 109, 234, 191, 203, 119, 99,
       189, 247, 244, 79, 14, 239, 186, 99, 239, 223, 189, 247, 185, 215,
       96, 120, 185, 108, 77, 77, 65, 156, 131, 244, 164, 8, 146, 215,
       65, 58, 200, 220, 121, 120, 75, 71, 243, 17, 203, 249, 193, 124,
       90, 33, 70, 114, 77, 251, 187, 228, 52, 142, 75, 48, 106, 233, 2,
       76, 183, 85, 80, 48, 148, 108, 93, 93, 203, 216, 241, 12, 221,
       201, 37, 120, 8, 170, 83, 56, 32, 148, 123, 233, 116, 206, 109,
       23, 52, 77, 126, 34, 19, 23, 128, 81, 118, 158, 23, 168, 90, 154,
       113, 5, 229, 173, 176, 196, 36, 136, 228, 249, 61, 79, 107, 102,
       118, 11, 75, 112, 97, 0, 253, 238, 115, 73, 185, 48, 126, 136, 21,
       111, 201, 178, 108, 157, 242, 201, 160, 128, 111, 171, 82, 232,
       89, 188, 185, 240, 189, 237, 81, 95, 223, 121, 172, 28, 190, 189,
       96, 48, 137, 186, 127, 24, 27, 43, 250, 179, 219, 221, 17, 127,
       218, 72, 208, 114, 30, 234, 234, 158, 86, 160, 191, 204, 147, 71,
       221, 163, 109, 238, 63, 12, 127, 251, 151, 199, 14, 131, 174, 227,
       114, 101, 174, 169, 183, 247, 189, 253, 139, 169, 233, 213, 230,
       185, 188, 55, 91, 235, 84, 215, 185, 44, 212, 43, 47, 63, 55, 141,
       181, 248, 231, 195, 78, 95, 250, 224, 207, 196, 211, 221, 159,
       131, 235, 251, 150, 162, 237, 215, 118, 19, 210, 150, 89, 171, 57,
       104, 123, 142, 59, 153, 187, 213, 61, 242, 184, 239, 222, 196,
       189, 208, 177, 56, 84, 81, 126, 237, 54, 74, 127, 184, 52, 196,
       223, 3, 215, 95, 59, 64, 114, 245, 61, 227, 200, 145, 41, 14, 241,
       239, 239, 133, 52, 187, 37, 67, 95, 95, 126, 166, 34, 146, 191,
       244, 252, 206, 94, 231, 109, 238, 179, 228, 118, 229, 191, 238,
       229, 145, 36, 238, 242, 239, 234, 128, 47, 183, 41, 93, 191, 195,
       100, 74, 255, 19, 222, 216, 223, 94, 245, 183, 72, 204, 255, 239,
       95, 200, 151, 255, 238, 103, 110, 246, 58, 88, 239, 255, 119, 191,
       254, 213, 151, 150, 102, 159, 109, 54, 184, 104, 221, 91, 215,
       183, 104, 108, 190, 111, 255, 67, 255, 167, 180, 229, 15, 239, 22,
       58, 219, 199, 221, 111, 57, 247, 30, 22, 182, 189, 171, 114, 61,
       91, 165, 158, 214, 161, 237, 239, 35, 203, 103, 253, 239, 176, 44,
       193, 163, 200, 195, 243, 255, 131, 162, 244, 45, 219, 254, 179,
       128, 163, 169, 25, 94, 172, 27, 251, 149, 253, 207, 78, 202, 151,
       223, 205, 237, 243, 254, 70, 207, 147, 154, 211, 239, 255, 30,
       151, 159, 23, 89, 178, 27, 248, 168, 173, 81, 87, 239, 89, 180,
       124, 191, 151, 64, 56, 167, 19, 92, 24, 147, 41, 178, 209, 219,
       217, 50, 122, 202, 128, 131, 57, 158, 127, 234, 69, 179, 82, 63,
       213, 49, 230, 94, 167, 73, 142, 223, 164, 54, 253, 149, 231, 228,
       213, 164, 202, 114, 73, 175, 135, 39, 246, 175, 215, 92, 85, 121,
       103, 50, 78, 127, 56, 41, 236, 127, 32, 223, 87, 137, 112, 54,
       213, 125, 110, 193, 144, 249, 78, 229, 239, 39, 132, 32, 179, 7,
       113, 174, 249, 180, 154, 109, 213, 186, 232, 143, 188, 213, 11,
       236, 222, 111, 135, 216, 217, 243, 210, 70, 102, 218, 241, 31, 80,
       207, 111, 23, 63, 61, 207, 61, 104, 247, 79, 14, 123, 101, 88, 87,
       226, 247, 66, 83, 241, 149, 238, 123, 204, 126, 42, 233, 246, 239,
       136, 22, 234, 229, 4, 239, 251, 120, 164, 159, 127, 251, 97, 179,
       94, 63, 208, 61, 238, 86, 247, 29, 159, 247, 229, 183, 125, 149,
       247, 229, 213, 188, 202, 250, 201, 47, 167, 174, 245, 175, 247,
       31, 116, 231, 193, 204, 63, 108, 216, 103, 242, 215, 198, 217,
       130, 223, 239, 105, 204, 122, 188, 183, 213, 253, 192, 30, 74,
       175, 132, 175, 255, 120, 228, 141, 191, 157, 161, 160, 111, 191,
       186, 60, 254, 54, 245, 221, 54, 195, 43, 151, 85, 214, 38, 241,
       240, 105, 12, 236, 147, 111, 180, 200, 241, 131, 241, 90, 155,
       182, 255, 43, 208, 56, 113, 175, 76, 223, 163, 237, 255, 34, 198,
       230, 191, 189, 129, 94, 153, 243, 201, 151, 247, 138, 131, 54, 38,
       173, 215, 189, 79, 107, 109, 86, 139, 111, 240, 84, 64, 126, 230,
       115, 65, 177, 49, 126, 232, 22, 238, 233, 178, 100, 63, 118, 141,
       161, 128, 127, 187, 114, 177, 10, 251, 174, 189, 108, 217, 177,
       246, 174, 93, 92, 229, 172, 140, 166, 0, 206, 59, 183, 69, 134,
       42, 162, 241, 68, 113, 186, 171, 28, 28, 63, 223, 46, 240, 228,
       169, 63, 215, 154, 232, 143, 125, 221, 183, 201, 204, 126, 132,
       207, 153, 223, 183, 158, 227, 123, 213, 31, 95, 159, 247, 215, 15,
       189, 215, 2, 197, 0, 139, 212, 131, 238, 175, 29, 1, 90, 2, 96,
       106, 60, 196, 248, 3, 19, 225, 114, 152, 9, 255, 44, 62, 142, 198,
       20, 10, 240, 12, 54, 203, 234, 158, 202, 208, 159, 204, 134, 69,
