%YAML:1.0
---
descriptors: !!opencv-matrix
   rows: 448
   cols: 32
   dt: u
   data: [ 126, 16, 178, 236, 93, 108, 208, 106, 137, 5, 184, 9, 46, 254,
       47, 150, 200, 145, 199, 17, 12, 35, 82, 192, 155, 252, 66, 27,
       211, 44, 110, 214, 163, 251, 16, 171, 116, 133, 187, 216, 30, 101,
       96, 87, 156, 136, 54, 0, 222, 41, 19, 85, 163, 180, 88, 247, 100,
       28, 138, 102, 29, 13, 81, 210, 134, 93, 111, 185, 238, 227, 189,
       234, 140, 90, 208, 163, 157, 95, 177, 73, 110, 147, 23, 231, 225,
       135, 2, 253, 228, 34, 234, 197, 21, 29, 53, 251, 167, 84, 228, 23,
       231, 119, 188, 238, 93, 246, 85, 23, 104, 124, 191, 175, 251, 72,
       147, 143, 229, 244, 60, 232, 6, 26, 223, 163, 207, 125, 89, 223,
       142, 18, 151, 179, 171, 102, 57, 130, 172, 95, 19, 183, 220, 119,
       41, 79, 231, 83, 191, 145, 48, 197, 3, 224, 197, 115, 254, 135,
       134, 117, 165, 115, 53, 76, 206, 39, 92, 47, 98, 82, 54, 232, 239,
       9, 210, 17, 3, 24, 121, 236, 110, 30, 8, 242, 201, 40, 206, 175,
       161, 1, 233, 123, 90, 130, 110, 9, 146, 152, 205, 221, 212, 97,
       137, 133, 176, 11, 142, 252, 110, 134, 204, 177, 195, 81, 88, 43,
       82, 192, 153, 212, 14, 123, 211, 44, 174, 198, 43, 189, 51, 216,
       253, 149, 184, 231, 139, 25, 88, 59, 44, 158, 244, 164, 239, 59,
       215, 149, 147, 11, 34, 247, 61, 28, 158, 234, 215, 12, 163, 191,
       46, 235, 182, 250, 235, 67, 156, 199, 159, 21, 176, 171, 172, 191,
       37, 143, 207, 211, 255, 209, 26, 107, 74, 240, 251, 246, 94, 187,
       215, 92, 175, 219, 121, 49, 230, 236, 109, 86, 250, 80, 100, 204,
       223, 2, 25, 159, 179, 244, 120, 148, 223, 234, 156, 155, 245, 200,
       87, 105, 170, 129, 39, 167, 118, 115, 58, 144, 114, 235, 93, 215,
       114, 224, 133, 12, 246, 3, 11, 159, 38, 197, 236, 189, 175, 226,
       92, 187, 17, 252, 23, 253, 146, 67, 115, 143, 108, 223, 124, 255,
       173, 186, 219, 224, 87, 232, 179, 222, 137, 41, 111, 239, 75, 18,
       209, 211, 205, 243, 126, 67, 250, 183, 235, 199, 239, 255, 160,
       119, 182, 83, 172, 133, 115, 69, 244, 91, 231, 249, 125, 164, 250,
       248, 211, 101, 157, 181, 123, 204, 70, 122, 121, 246, 109, 14, 47,
       254, 39, 68, 103, 248, 198, 240, 2, 20, 146, 216, 175, 233, 182,
       207, 159, 23, 136, 11, 174, 255, 101, 76, 179, 115, 234, 0, 54,
       107, 26, 243, 187, 150, 95, 63, 144, 121, 141, 14, 35, 160, 101,
       65, 85, 91, 160, 105, 125, 81, 115, 66, 200, 76, 156, 164, 122,
       24, 50, 184, 135, 180, 119, 192, 12, 92, 19, 70, 79, 172, 82, 164,
       122, 17, 126, 236, 109, 87, 119, 108, 133, 44, 247, 43, 75, 157,
       38, 71, 248, 253, 239, 98, 76, 179, 227, 140, 183, 253, 144, 11,
       119, 191, 124, 207, 27, 214, 126, 77, 51, 178, 122, 250, 127, 69,
       222, 167, 105, 207, 190, 228, 119, 137, 143, 188, 166, 129, 45,
       223, 122, 127, 3, 199, 63, 134, 45, 93, 221, 35, 91, 100, 178, 14,
       118, 113, 225, 136, 247, 96, 95, 83, 129, 113, 54, 181, 76, 122,
       121, 179, 160, 12, 243, 233, 37, 68, 99, 162, 235, 35, 199, 191,
       156, 183, 181, 190, 54, 190, 250, 251, 19, 117, 204, 248, 219, 75,
       183, 103, 252, 87, 182, 64, 154, 227, 232, 119, 127, 198, 136,
       119, 137, 23, 66, 143, 119, 198, 255, 6, 191, 231, 137, 174, 190,
       171, 108, 63, 20, 7, 174, 247, 251, 227, 240, 107, 169, 239, 63,
       62, 223, 179, 71, 126, 167, 111, 71, 22, 164, 217, 168, 54, 140,
       154, 158, 251, 159, 245, 221, 110, 223, 239, 71, 87, 127, 190,
       189, 69, 207, 194, 142, 63, 255, 220, 158, 245, 169, 85, 87, 6,
       239, 148, 194, 34, 45, 112, 160, 242, 155, 215, 93, 230, 253, 123,
       39, 245, 253, 175, 177, 213, 173, 200, 92, 43, 239, 132, 165, 247,
       33, 112, 1, 253, 50, 117, 244, 174, 102, 247, 124, 200, 122, 68,
       190, 177, 145, 112, 179, 110, 86, 92, 225, 184, 16, 111, 236, 190,
       37, 64, 72, 241, 195, 153, 165, 253, 26, 101, 180, 15, 103, 178,
       120, 232, 122, 76, 211, 57, 145, 48, 48, 110, 92, 111, 245, 248,
       149, 46, 172, 190, 37, 0, 72, 251, 210, 16, 214, 205, 251, 204,
       207, 89, 190, 239, 204, 210, 168, 10, 237, 254, 101, 231, 251,
       211, 234, 226, 101, 99, 186, 202, 191, 210, 207, 47, 21, 120, 245,
       238, 186, 222, 124, 203, 95, 247, 211, 184, 85, 68, 231, 135, 75,
       93, 54, 85, 252, 128, 162, 114, 238, 190, 125, 255, 103, 251, 128,
       87, 123, 143, 124, 222, 25, 194, 118, 169, 55, 250, 123, 122, 127,
       77, 95, 167, 239, 198, 170, 228, 118, 41, 142, 44, 143, 144, 39,
       223, 194, 245, 2, 195, 182, 198, 45, 85, 234, 188, 144, 186, 217,
       224, 152, 238, 155, 119, 160, 187, 172, 191, 78, 155, 201, 223,
       255, 144, 62, 79, 218, 243, 217, 210, 223, 255, 147, 68, 175, 218,
       18, 143, 18, 154, 147, 133, 30, 239, 30, 13, 76, 23, 44, 226, 42,
       68, 217, 59, 131, 144, 114, 139, 26, 247, 249, 247, 154, 79, 144,
       14, 173, 138, 108, 178, 149, 1, 173, 47, 144, 152, 75, 249, 176,
       253, 206, 41, 88, 142, 157, 68, 236, 53, 151, 98, 219, 208, 206,
       86, 85, 126, 206, 172, 139, 83, 34, 149, 43, 186, 93, 197, 145,
       206, 134, 89, 220, 11, 176, 221, 60, 0, 221, 187, 147, 129, 154,
       43, 122, 181, 115, 81, 154, 123, 81, 14, 180, 243, 99, 185, 185,
       88, 249, 205, 117, 215, 187, 121, 108, 92, 62, 247, 68, 60, 133,
       187, 119, 24, 19, 90, 242, 115, 63, 156, 20, 122, 154, 64, 194,
       187, 9, 142, 103, 31, 48, 171, 233, 82, 126, 65, 115, 212, 249,
       134, 180, 108, 127, 45, 62, 141, 179, 252, 101, 119, 204, 254,
       186, 192, 254, 133, 33, 176, 220, 238, 190, 118, 153, 31, 134,
       173, 250, 190, 150, 188, 239, 232, 203, 131, 177, 103, 236, 115,
       236, 101, 175, 47, 186, 199, 111, 191, 200, 116, 137, 13, 238,
       148, 144, 186, 219, 116, 148, 207, 155, 115, 161, 59, 204, 246,
       74, 219, 207, 215, 251, 145, 63, 79, 218, 210, 185, 242, 223, 127,
       154, 116, 173, 83, 150, 177, 126, 81, 209, 207, 185, 199, 254, 57,
       246, 22, 24, 223, 124, 112, 251, 159, 115, 152, 83, 251, 176, 215,
       127, 185, 135, 100, 201, 0, 227, 178, 0, 141, 51, 223, 21, 196,
       47, 231, 254, 5, 74, 2, 188, 211, 56, 68, 240, 43, 19, 137, 82,
       152, 18, 247, 225, 180, 154, 74, 18, 66, 161, 170, 181, 123, 73,
       232, 60, 3, 195, 216, 71, 232, 144, 110, 19, 201, 177, 32, 92,
       232, 22, 126, 203, 35, 106, 156, 186, 136, 165, 188, 125, 187, 80,
       177, 158, 92, 239, 50, 171, 115, 159, 134, 156, 247, 159, 191,
       207, 62, 79, 11, 175, 119, 253, 23, 188, 197, 63, 50, 251, 199,
       127, 211, 229, 119, 133, 83, 35, 253, 112, 90, 253, 157, 254, 247,
       79, 73, 124, 76, 58, 152, 244, 164, 157, 170, 150, 28, 215, 58,
       102, 245, 46, 92, 52, 234, 95, 158, 218, 157, 65, 93, 219, 93,
       178, 238, 103, 182, 56, 202, 106, 64, 255, 183, 133, 240, 35, 119,
       108, 8, 113, 152, 179, 111, 45, 174, 118, 0, 104, 240, 231, 57,
       77, 254, 173, 55, 185, 239, 143, 158, 190, 255, 138, 29, 247, 254,
       83, 106, 133, 119, 125, 29, 187, 73, 251, 50, 237, 223, 255, 124,
       136, 81, 151, 122, 87, 188, 157, 186, 137, 253, 20, 239, 255, 95,
       169, 29, 206, 250, 78, 155, 167, 227, 108, 7, 159, 107, 154, 117,
       185, 247, 95, 126, 216, 97, 171, 87, 100, 45, 145, 71, 148, 105,
       70, 168, 110, 224, 105, 72, 247, 113, 65, 180, 145, 120, 68, 90,
       25, 48, 249, 56, 173, 220, 37, 126, 208, 123, 70, 32, 144, 140,
       191, 185, 147, 231, 17, 7, 190, 7, 74, 17, 182, 55, 32, 72, 229,
       51, 43, 17, 58, 221, 49, 63, 201, 166, 158, 64, 176, 64, 165, 106,
       26, 35, 231, 184, 207, 229, 121, 75, 55, 157, 222, 19, 12, 175,
       115, 216, 249, 191, 191, 145, 30, 219, 179, 192, 223, 119, 159,
       203, 167, 108, 245, 202, 100, 120, 145, 103, 32, 73, 71, 138, 106,
       226, 40, 104, 247, 241, 65, 56, 147, 118, 100, 74, 11, 56, 235,
       57, 201, 206, 53, 50, 192, 123, 70, 43, 0, 18, 223, 187, 118, 170,
       96, 82, 126, 81, 83, 247, 189, 131, 160, 200, 103, 44, 191, 20,
