%YAML:1.0
---
descriptors: !!opencv-matrix
   rows: 227
   cols: 32
   dt: u
   data: [ 254, 160, 228, 241, 207, 63, 248, 235, 119, 179, 167, 27, 75,
       41, 92, 139, 57, 198, 123, 185, 60, 255, 223, 212, 95, 203, 213,
       117, 239, 108, 218, 130, 41, 40, 184, 95, 109, 253, 80, 7, 95,
       107, 116, 24, 178, 184, 22, 56, 136, 42, 118, 8, 150, 60, 194, 51,
       71, 191, 80, 49, 218, 72, 202, 142, 117, 74, 79, 167, 36, 10, 78,
       184, 100, 226, 215, 198, 115, 104, 155, 99, 126, 228, 60, 239,
       205, 244, 205, 46, 244, 235, 231, 132, 45, 187, 120, 16, 150, 156,
       150, 151, 133, 118, 190, 231, 62, 183, 218, 19, 236, 62, 110, 207,
       237, 215, 191, 147, 54, 255, 27, 227, 189, 54, 222, 199, 132, 125,
       189, 222, 16, 207, 111, 161, 182, 2, 111, 182, 36, 45, 218, 231,
       151, 39, 185, 67, 110, 198, 29, 255, 216, 153, 37, 44, 248, 225,
       174, 196, 165, 211, 181, 105, 139, 141, 134, 187, 145, 182, 184,
       7, 62, 67, 74, 21, 172, 234, 50, 200, 209, 43, 187, 149, 55, 216,
       19, 247, 141, 119, 158, 67, 152, 68, 185, 18, 242, 73, 102, 236,
       15, 82, 78, 236, 229, 32, 178, 2, 107, 106, 55, 247, 120, 228,
       236, 239, 108, 163, 13, 173, 179, 234, 195, 17, 39, 191, 124, 12,
       143, 178, 253, 81, 170, 253, 185, 147, 239, 117, 53, 188, 158,
       151, 206, 191, 39, 19, 254, 28, 183, 105, 239, 209, 206, 217, 115,
       254, 206, 197, 143, 117, 144, 226, 235, 161, 150, 66, 173, 253,
       54, 225, 82, 243, 149, 7, 216, 64, 127, 93, 21, 185, 123, 220,
       133, 70, 236, 135, 191, 196, 37, 144, 165, 248, 35, 249, 227, 18,
       119, 221, 186, 196, 91, 101, 124, 172, 42, 204, 214, 180, 158,
       250, 146, 87, 135, 58, 254, 241, 62, 28, 21, 106, 223, 143, 210,
       252, 3, 180, 0, 187, 221, 141, 176, 239, 158, 49, 73, 31, 132,
       192, 106, 0, 137, 11, 163, 21, 22, 88, 90, 151, 140, 20, 31, 111,
       152, 12, 153, 142, 111, 187, 243, 76, 113, 221, 243, 216, 107, 76,
       116, 108, 106, 246, 207, 180, 62, 184, 166, 92, 135, 50, 254, 217,
       30, 92, 1, 170, 91, 166, 78, 245, 112, 48, 152, 48, 138, 173, 81,
       91, 162, 181, 165, 13, 55, 147, 64, 26, 33, 246, 69, 16, 26, 75,
       218, 16, 219, 133, 53, 121, 160, 192, 134, 146, 7, 179, 27, 226,
       242, 143, 175, 97, 172, 169, 59, 106, 84, 219, 108, 0, 190, 17,
       87, 243, 209, 59, 8, 85, 61, 8, 47, 228, 73, 2, 131, 161, 194,
       235, 166, 154, 75, 224, 184, 71, 175, 29, 216, 163, 172, 207, 102,
       198, 230, 59, 171, 209, 2, 15, 162, 241, 21, 48, 154, 203, 22, 6,
       37, 251, 66, 177, 150, 222, 75, 208, 184, 68, 175, 21, 74, 163,
       172, 222, 100, 198, 230, 51, 235, 144, 6, 141, 130, 241, 29, 176,
       26, 203, 2, 6, 45, 159, 72, 157, 149, 255, 171, 238, 53, 167, 174,
       27, 74, 32, 220, 119, 0, 107, 197, 119, 121, 0, 19, 216, 91, 53,
       205, 226, 127, 66, 128, 112, 133, 59, 1, 170, 25, 249, 172, 137,
       105, 159, 94, 25, 112, 112, 183, 131, 232, 96, 195, 10, 38, 28,
       146, 124, 67, 51, 206, 158, 52, 104, 144, 136, 192, 169, 32, 221,
       56, 255, 60, 141, 23, 190, 22, 13, 76, 8, 182, 213, 35, 96, 197,
       122, 19, 72, 98, 40, 123, 63, 229, 167, 52, 56, 80, 25, 5, 235,
       236, 52, 185, 99, 77, 110, 107, 88, 51, 251, 173, 24, 219, 119,
       89, 58, 153, 220, 85, 58, 41, 118, 249, 2, 207, 221, 129, 52, 202,
       243, 70, 242, 108, 60, 143, 244, 237, 180, 168, 19, 170, 155, 219,
       80, 220, 247, 81, 234, 201, 119, 251, 153, 17, 218, 210, 0, 77,
       183, 255, 200, 136, 97, 187, 179, 73, 147, 252, 97, 172, 28, 253,
       159, 102, 153, 190, 84, 219, 57, 88, 106, 77, 70, 127, 28, 146,
       104, 243, 192, 79, 189, 116, 84, 202, 248, 200, 33, 160, 205, 57,
       127, 24, 205, 95, 182, 86, 0, 108, 0, 183, 119, 1, 112, 192, 122,
       51, 74, 98, 44, 114, 63, 229, 175, 54, 24, 80, 17, 71, 170, 167,
       239, 128, 159, 213, 181, 174, 239, 31, 19, 73, 215, 232, 232, 61,
       205, 221, 107, 147, 199, 119, 222, 78, 255, 44, 118, 223, 42, 159,
       127, 249, 140, 137, 162, 17, 249, 44, 173, 97, 31, 94, 57, 112,
       80, 182, 131, 192, 105, 135, 10, 38, 28, 147, 124, 67, 17, 204,
       155, 48, 100, 152, 136, 193, 169, 252, 157, 146, 146, 197, 86,
       118, 225, 25, 62, 182, 27, 78, 54, 43, 221, 233, 215, 142, 194,
       124, 159, 89, 234, 189, 182, 214, 119, 145, 109, 188, 94, 112, 73,
       94, 172, 28, 10, 66, 96, 133, 128, 170, 3, 83, 16, 33, 87, 232,
       228, 108, 226, 72, 171, 65, 140, 177, 224, 195, 23, 48, 170, 112,
       2, 2, 160, 8, 184, 93, 141, 176, 79, 142, 61, 1, 31, 132, 192,
       106, 8, 137, 11, 195, 21, 22, 47, 90, 213, 28, 20, 27, 127, 152,
       12, 153, 150, 5, 243, 171, 175, 36, 2, 207, 121, 101, 74, 213,
       100, 246, 205, 184, 36, 94, 76, 21, 111, 201, 177, 172, 201, 192,
       188, 170, 128, 78, 170, 178, 241, 101, 165, 192, 69, 156, 46, 78,
       175, 99, 179, 171, 72, 211, 99, 92, 150, 81, 198, 121, 62, 26, 80,
       221, 41, 175, 254, 133, 20, 160, 243, 210, 32, 45, 255, 153, 107,
       240, 143, 79, 190, 126, 173, 124, 68, 243, 103, 201, 148, 93, 126,
       38, 92, 219, 184, 249, 51, 109, 191, 37, 228, 216, 242, 194, 185,
       161, 96, 74, 77, 100, 14, 233, 80, 112, 64, 116, 68, 145, 1, 149,
       49, 120, 140, 18, 238, 197, 182, 213, 13, 68, 40, 160, 36, 109,
       152, 122, 128, 25, 237, 187, 123, 180, 207, 71, 191, 119, 1, 110,
       16, 183, 115, 24, 32, 17, 90, 92, 24, 91, 184, 17, 63, 235, 239,
       20, 64, 226, 208, 226, 40, 77, 59, 144, 245, 237, 188, 48, 19, 58,
       137, 94, 112, 157, 243, 192, 234, 215, 126, 180, 24, 149, 216,
       227, 130, 206, 253, 127, 203, 138, 100, 155, 131, 201, 201, 81,
       233, 100, 204, 97, 17, 125, 0, 102, 8, 159, 19, 128, 116, 82, 188,
       62, 88, 65, 56, 241, 20, 197, 252, 0, 64, 34, 136, 64, 40, 104,
       95, 115, 110, 118, 138, 183, 53, 64, 204, 127, 238, 253, 237, 165,
       245, 94, 126, 134, 99, 193, 186, 236, 172, 100, 225, 38, 136, 127,
       190, 86, 249, 24, 155, 57, 105, 48, 203, 67, 190, 118, 45, 110,
       32, 179, 19, 160, 112, 80, 26, 12, 72, 75, 184, 97, 61, 233, 175,
       48, 16, 48, 138, 196, 41, 244, 99, 222, 102, 162, 10, 87, 216,
       160, 180, 179, 169, 87, 75, 201, 27, 186, 213, 108, 114, 76, 243,
       136, 40, 208, 233, 101, 181, 101, 243, 66, 3, 0, 180, 157, 121,
       185, 237, 144, 15, 222, 57, 169, 57, 142, 157, 76, 8, 133, 19,
       202, 16, 50, 104, 91, 19, 141, 212, 21, 127, 208, 72, 135, 147,
       126, 177, 240, 114, 249, 189, 81, 215, 163, 189, 189, 9, 14, 151,
       78, 158, 13, 218, 213, 24, 26, 107, 250, 240, 219, 221, 21, 255,
       226, 135, 206, 231, 93, 93, 127, 236, 28, 79, 87, 176, 229, 200,
       174, 64, 119, 119, 33, 115, 52, 244, 125, 106, 233, 161, 49, 45,
       243, 233, 101, 16, 42, 186, 96, 51, 123, 233, 98, 10, 223, 221,
       222, 197, 203, 101, 236, 11, 40, 204, 126, 180, 184, 171, 211,
       213, 222, 43, 190, 247, 59, 93, 5, 123, 95, 14, 250, 222, 207,
       160, 244, 81, 171, 249, 249, 131, 239, 115, 166, 152, 157, 159,
       86, 191, 39, 151, 251, 156, 182, 109, 183, 208, 223, 251, 83, 117,
       231, 197, 67, 100, 253, 222, 109, 228, 12, 23, 206, 252, 84, 226,
       146, 206, 115, 72, 181, 163, 124, 228, 124, 239, 237, 231, 125,
       190, 178, 107, 237, 20, 125, 185, 120, 60, 199, 176, 140, 187,
       205, 45, 176, 11, 158, 119, 5, 29, 148, 184, 74, 75, 193, 11, 123,
       21, 54, 84, 219, 147, 205, 19, 219, 127, 152, 72, 153, 210, 118,
       233, 212, 246, 157, 9, 82, 232, 171, 177, 169, 11, 79, 251, 76,
       150, 233, 215, 105, 210, 78, 107, 203, 241, 185, 246, 197, 127,
       97, 43, 66, 6, 11, 172, 142, 187, 145, 244, 120, 135, 54, 83, 74,
       21, 172, 251, 98, 72, 193, 43, 187, 149, 62, 216, 83, 183, 239,
       247, 158, 67, 152, 68, 169, 26, 19, 207, 78, 207, 114, 210, 110,
       252, 37, 0, 254, 226, 105, 102, 180, 228, 126, 247, 158, 234, 77,
       155, 13, 255, 58, 164, 167, 129, 63, 178, 168, 29, 214, 148, 48,
