%YAML:1.0
---
descriptors: !!opencv-matrix
   rows: 293
   cols: 32
   dt: u
   data: [ 179, 204, 98, 222, 87, 176, 190, 103, 213, 10, 218, 51, 40,
       186, 52, 97, 107, 163, 23, 135, 236, 143, 6, 239, 50, 46, 218,
       139, 53, 76, 121, 143, 2, 156, 191, 222, 203, 228, 53, 231, 191,
       23, 103, 50, 124, 247, 40, 107, 229, 123, 179, 130, 18, 205, 186,
       115, 75, 163, 90, 75, 147, 81, 165, 250, 162, 220, 98, 222, 93,
       133, 210, 231, 213, 2, 216, 83, 40, 216, 52, 225, 200, 186, 147,
       193, 238, 175, 86, 255, 55, 56, 146, 75, 87, 140, 120, 142, 66,
       134, 94, 190, 70, 128, 173, 101, 124, 7, 83, 19, 109, 235, 58, 65,
       114, 163, 35, 133, 96, 156, 6, 207, 180, 166, 222, 9, 20, 66, 161,
       10, 39, 252, 101, 93, 85, 223, 226, 232, 126, 234, 112, 74, 250,
       88, 149, 164, 153, 104, 82, 123, 229, 246, 127, 254, 46, 30, 71,
       54, 77, 63, 91, 148, 60, 111, 220, 100, 207, 91, 86, 237, 65, 166,
       188, 11, 67, 41, 71, 19, 216, 196, 228, 98, 76, 99, 203, 136, 114,
       201, 101, 63, 107, 250, 222, 138, 76, 72, 189, 181, 160, 110, 109,
       54, 172, 238, 186, 73, 215, 47, 1, 91, 134, 117, 125, 14, 64, 240,
       225, 40, 197, 186, 117, 144, 64, 249, 71, 123, 98, 170, 227, 136,
       251, 193, 187, 79, 139, 101, 176, 171, 12, 238, 228, 244, 239,
       187, 235, 145, 22, 11, 230, 211, 60, 20, 143, 255, 181, 4, 167,
       245, 222, 23, 206, 190, 146, 6, 79, 185, 52, 142, 207, 231, 109,
       103, 171, 83, 118, 239, 173, 230, 104, 211, 201, 110, 242, 231,
       239, 128, 173, 243, 40, 80, 50, 146, 239, 156, 124, 195, 153, 249,
       18, 255, 84, 175, 113, 236, 182, 3, 221, 252, 55, 165, 237, 251,
       63, 29, 90, 39, 253, 181, 29, 168, 124, 217, 171, 92, 119, 223,
       108, 102, 239, 186, 93, 74, 223, 86, 253, 255, 184, 229, 126, 251,
       63, 175, 185, 183, 119, 255, 181, 190, 202, 128, 62, 251, 113,
       245, 81, 55, 28, 173, 162, 42, 60, 63, 60, 73, 75, 229, 245, 98,
       136, 80, 54, 31, 109, 165, 199, 144, 71, 25, 228, 165, 62, 128,
       60, 194, 169, 25, 84, 201, 190, 247, 142, 72, 119, 172, 172, 151,
       143, 50, 223, 243, 105, 107, 179, 87, 125, 83, 80, 193, 155, 224,
       249, 231, 111, 65, 160, 115, 165, 34, 38, 174, 236, 223, 205, 51,
       223, 239, 27, 183, 125, 151, 72, 105, 30, 15, 217, 207, 163, 167,
       120, 246, 75, 235, 47, 94, 213, 39, 215, 255, 220, 206, 175, 86,
       253, 87, 173, 127, 255, 248, 93, 255, 213, 54, 217, 124, 191, 47,
       255, 215, 183, 111, 181, 244, 125, 238, 103, 91, 247, 134, 223,
       255, 213, 245, 103, 13, 1, 205, 172, 54, 207, 58, 84, 202, 204,
       70, 176, 42, 21, 109, 200, 96, 27, 239, 173, 203, 243, 172, 39,
       127, 206, 24, 142, 249, 120, 28, 27, 29, 246, 156, 195, 182, 188,
       103, 189, 206, 82, 147, 44, 174, 55, 111, 231, 255, 183, 133, 164,
       217, 36, 238, 119, 126, 218, 130, 167, 244, 161, 223, 78, 177,
       176, 178, 237, 189, 184, 143, 187, 125, 57, 61, 174, 254, 78, 26,
       167, 91, 253, 21, 150, 72, 154, 241, 159, 217, 95, 255, 220, 68,
       143, 95, 27, 115, 230, 157, 2, 178, 185, 94, 191, 212, 94, 231,
       109, 206, 246, 198, 55, 237, 191, 245, 134, 209, 143, 221, 30, 98,
       207, 143, 63, 165, 61, 85, 245, 92, 47, 190, 20, 70, 71, 244, 116,
       194, 226, 3, 115, 249, 49, 113, 248, 236, 31, 227, 237, 183, 81,
       46, 243, 239, 230, 0, 105, 249, 112, 10, 77, 177, 184, 97, 185,
       93, 91, 152, 106, 253, 188, 8, 154, 93, 90, 178, 145, 92, 253,
       120, 146, 96, 251, 81, 111, 93, 37, 253, 210, 167, 207, 115, 131,
       219, 2, 156, 118, 131, 42, 236, 31, 128, 80, 231, 228, 194, 160,
       196, 126, 233, 34, 197, 247, 158, 30, 255, 188, 54, 143, 202, 28,
       8, 185, 157, 170, 173, 21, 184, 205, 205, 148, 231, 159, 19, 128,
       25, 172, 221, 96, 231, 201, 123, 251, 17, 114, 79, 210, 247, 189,
       18, 30, 123, 18, 12, 159, 170, 20, 0, 27, 168, 178, 3, 175, 109,
       52, 2, 226, 130, 213, 51, 33, 73, 118, 149, 10, 171, 112, 179, 1,
       12, 240, 166, 122, 4, 180, 248, 161, 32, 31, 140, 231, 156, 151,
       150, 239, 250, 85, 198, 214, 135, 105, 236, 63, 229, 127, 227,
       183, 173, 237, 251, 61, 207, 123, 111, 207, 132, 191, 236, 56,
       212, 42, 57, 225, 77, 210, 98, 107, 84, 33, 192, 124, 230, 57,
       119, 149, 116, 118, 254, 23, 204, 131, 144, 180, 232, 101, 44,
       170, 128, 175, 243, 99, 249, 51, 161, 106, 137, 86, 143, 234, 83,
       116, 97, 90, 135, 83, 12, 54, 72, 124, 140, 19, 157, 159, 186, 85,
       204, 85, 46, 154, 64, 237, 142, 112, 208, 18, 205, 83, 223, 23,
       131, 166, 230, 31, 1, 74, 194, 108, 242, 36, 196, 115, 251, 138,
       192, 98, 153, 21, 255, 61, 38, 154, 3, 53, 28, 33, 174, 212, 104,
       57, 167, 60, 218, 122, 128, 126, 236, 242, 139, 215, 12, 19, 112,
       250, 253, 108, 67, 44, 180, 237, 190, 215, 231, 163, 17, 116, 171,
       5, 114, 93, 177, 216, 162, 183, 156, 90, 149, 171, 225, 26, 175,
       159, 254, 74, 194, 182, 215, 253, 85, 151, 9, 154, 194, 186, 213,
       47, 255, 174, 134, 137, 83, 87, 225, 234, 174, 186, 209, 30, 237,
       142, 229, 156, 171, 253, 252, 222, 96, 182, 255, 253, 245, 222,
       67, 239, 191, 251, 101, 175, 255, 36, 62, 157, 95, 18, 171, 42,
       181, 52, 202, 190, 99, 180, 77, 222, 163, 167, 173, 50, 0, 168,
       63, 157, 133, 124, 153, 0, 175, 227, 231, 186, 129, 36, 8, 189,
       90, 69, 63, 197, 39, 160, 46, 111, 145, 58, 250, 35, 252, 215, 39,
       209, 158, 23, 100, 108, 126, 185, 208, 237, 2, 172, 190, 101, 244,
       236, 243, 130, 113, 86, 39, 107, 234, 186, 66, 59, 120, 53, 132,
       219, 227, 73, 79, 141, 80, 126, 221, 207, 242, 56, 147, 173, 206,
       250, 228, 175, 197, 37, 163, 39, 99, 112, 113, 255, 76, 120, 77,
       83, 88, 235, 200, 165, 40, 118, 215, 77, 114, 182, 148, 124, 120,
       75, 35, 250, 93, 219, 184, 1, 62, 96, 163, 102, 123, 53, 89, 115,
       206, 124, 86, 199, 252, 196, 200, 250, 102, 115, 208, 181, 228,
       216, 252, 22, 106, 201, 163, 56, 173, 48, 172, 167, 152, 93, 187,
       112, 185, 249, 88, 61, 108, 13, 70, 77, 60, 225, 122, 166, 24, 83,
       23, 17, 123, 72, 212, 124, 234, 105, 103, 243, 9, 243, 251, 196,
       28, 50, 176, 112, 42, 169, 88, 159, 252, 68, 198, 67, 244, 245,
       202, 230, 0, 115, 211, 49, 115, 88, 252, 62, 106, 105, 231, 82,
       236, 209, 187, 192, 8, 106, 184, 112, 42, 167, 20, 229, 223, 237,
       118, 239, 186, 31, 83, 223, 86, 221, 126, 61, 237, 253, 255, 59,
       175, 177, 183, 123, 255, 183, 254, 218, 6, 159, 251, 117, 244,
       233, 193, 120, 76, 197, 145, 230, 237, 91, 97, 117, 10, 112, 248,
       254, 112, 216, 138, 34, 74, 215, 58, 222, 215, 124, 60, 132, 109,
       95, 14, 218, 140, 86, 165, 105, 174, 188, 195, 95, 253, 18, 228,
       157, 171, 247, 254, 90, 112, 246, 255, 93, 247, 222, 3, 238, 61,
       251, 197, 175, 249, 52, 178, 151, 66, 186, 189, 122, 232, 223,
       149, 250, 121, 139, 12, 124, 15, 46, 217, 102, 144, 254, 187, 151,
       117, 214, 43, 18, 213, 59, 217, 4, 235, 91, 14, 234, 151, 34, 171,
       88, 171, 251, 203, 155, 231, 15, 53, 252, 171, 172, 143, 98, 16,
       238, 187, 199, 208, 30, 58, 72, 253, 254, 145, 158, 251, 213, 14,
       143, 203, 92, 115, 223, 103, 2, 2, 63, 188, 54, 164, 255, 228, 75,
       103, 201, 82, 54, 213, 236, 226, 200, 208, 173, 76, 238, 231, 103,
       132, 35, 243, 39, 57, 188, 63, 248, 100, 207, 75, 215, 255, 65,
       230, 188, 47, 123, 45, 71, 19, 88, 214, 207, 98, 72, 99, 201, 136,
       115, 201, 37, 61, 111, 254, 222, 219, 135, 182, 165, 155, 180,
       173, 168, 206, 222, 91, 89, 215, 132, 200, 253, 8, 175, 11, 19,
       21, 183, 252, 31, 243, 12, 30, 30, 230, 220, 73, 177, 149, 84, 68,
       61, 165, 52, 46, 106, 16, 124, 168, 250, 73, 215, 77, 17, 80, 242,
       253, 109, 49, 41, 180, 193, 14, 197, 182, 35, 16, 168, 57, 1, 32,
       109, 123, 24, 69, 244, 31, 102, 181, 121, 232, 118, 76, 210, 49,
       21, 176, 144, 76, 68, 110, 197, 176, 249, 46, 103, 255, 37, 52,
