%YAML:1.0
---
descriptors: !!opencv-matrix
   rows: 301
   cols: 32
   dt: u
   data: [ 214, 156, 150, 151, 165, 114, 180, 167, 62, 251, 219, 51, 236,
       54, 78, 223, 233, 215, 174, 145, 62, 220, 155, 227, 189, 50, 222,
       71, 128, 124, 189, 95, 200, 189, 21, 120, 233, 237, 53, 167, 235,
       91, 40, 56, 190, 183, 64, 191, 131, 115, 104, 80, 51, 105, 178,
       117, 239, 178, 84, 122, 210, 65, 135, 59, 116, 104, 211, 64, 120,
       72, 67, 24, 162, 188, 172, 8, 87, 215, 65, 54, 17, 252, 108, 122,
       10, 67, 186, 24, 153, 132, 37, 60, 96, 163, 70, 32, 73, 248, 252,
       83, 172, 92, 249, 158, 106, 185, 54, 20, 185, 61, 88, 107, 5, 86,
       253, 24, 146, 108, 251, 225, 79, 219, 118, 252, 202, 216, 217, 59,
       166, 253, 144, 222, 253, 109, 190, 236, 155, 162, 185, 26, 236,
       127, 105, 7, 249, 243, 74, 98, 96, 103, 216, 238, 189, 150, 207,
       63, 151, 127, 151, 134, 53, 205, 115, 79, 246, 27, 239, 252, 84,
       224, 251, 70, 115, 97, 189, 164, 126, 238, 22, 234, 217, 178, 109,
       63, 63, 236, 165, 132, 119, 187, 244, 224, 213, 76, 78, 167, 38,
       2, 110, 184, 100, 226, 215, 198, 83, 98, 155, 99, 126, 228, 60,
       239, 237, 213, 221, 40, 240, 171, 239, 132, 45, 187, 120, 17, 157,
       105, 10, 187, 161, 213, 78, 212, 87, 218, 244, 36, 163, 211, 227,
       109, 72, 232, 62, 222, 207, 214, 106, 176, 226, 217, 199, 143, 58,
       255, 232, 156, 215, 223, 103, 175, 182, 2, 111, 252, 36, 164, 219,
       231, 113, 99, 185, 65, 118, 228, 61, 238, 232, 145, 13, 109, 240,
       170, 239, 128, 45, 178, 176, 113, 216, 227, 235, 161, 214, 66,
       237, 237, 48, 197, 82, 243, 81, 143, 216, 65, 123, 205, 55, 253,
       120, 218, 133, 198, 252, 167, 191, 196, 37, 144, 181, 240, 11,
       141, 130, 185, 145, 247, 184, 135, 30, 91, 74, 21, 172, 250, 118,
       204, 209, 43, 187, 149, 54, 216, 83, 247, 172, 247, 158, 203, 154,
       68, 185, 150, 243, 75, 71, 196, 44, 10, 239, 96, 237, 150, 178,
       226, 67, 40, 181, 127, 106, 228, 110, 239, 232, 231, 5, 204, 176,
       42, 231, 148, 101, 184, 112, 4, 72, 145, 151, 229, 137, 110, 37,
       191, 166, 187, 74, 0, 221, 55, 8, 207, 161, 87, 253, 48, 17, 216,
       27, 68, 205, 242, 127, 68, 138, 114, 165, 51, 101, 161, 249, 69,
       180, 78, 103, 185, 99, 168, 238, 8, 211, 113, 73, 52, 88, 222, 76,
       106, 25, 178, 249, 12, 109, 188, 37, 52, 64, 242, 194, 160, 27,
       149, 87, 193, 147, 114, 111, 183, 53, 161, 206, 194, 223, 55, 136,
       228, 119, 214, 156, 184, 59, 153, 53, 206, 168, 246, 142, 196,
       174, 214, 169, 60, 207, 253, 179, 218, 239, 244, 191, 218, 139,
       94, 156, 39, 140, 222, 111, 239, 239, 91, 191, 223, 211, 3, 186,
       241, 183, 89, 143, 175, 30, 119, 37, 253, 25, 205, 63, 103, 180,
       207, 71, 182, 101, 136, 174, 8, 247, 113, 0, 112, 176, 246, 76,
       104, 123, 169, 17, 63, 233, 239, 37, 80, 96, 154, 192, 42, 40,
       220, 56, 255, 56, 141, 23, 182, 22, 13, 108, 13, 182, 241, 35, 64,
       133, 122, 141, 72, 106, 40, 91, 63, 227, 199, 48, 57, 88, 25, 8,
       11, 100, 48, 185, 225, 189, 110, 65, 8, 115, 251, 167, 24, 214,
       119, 73, 58, 153, 220, 125, 56, 59, 114, 249, 2, 207, 223, 1, 116,
       192, 99, 70, 34, 61, 105, 185, 106, 141, 109, 71, 216, 210, 254,
       189, 8, 83, 245, 249, 63, 89, 216, 70, 122, 75, 99, 250, 48, 251,
       201, 229, 124, 243, 251, 86, 162, 24, 205, 87, 239, 178, 226, 46,
       231, 37, 64, 222, 226, 127, 119, 160, 228, 118, 247, 30, 234, 121,
       153, 13, 127, 184, 230, 38, 192, 47, 242, 169, 56, 238, 125, 164,
       140, 253, 117, 159, 254, 137, 254, 156, 175, 44, 255, 119, 135,
       205, 247, 223, 231, 225, 75, 186, 234, 121, 85, 207, 191, 23, 127,
       63, 91, 100, 36, 209, 67, 194, 106, 235, 200, 122, 183, 169, 24,
       214, 38, 93, 58, 59, 221, 104, 59, 17, 116, 233, 66, 157, 148, 67,
       116, 193, 115, 71, 224, 90, 143, 87, 207, 178, 82, 110, 240, 37,
       136, 222, 226, 121, 103, 160, 244, 118, 247, 30, 234, 249, 153,
       45, 253, 190, 238, 167, 192, 39, 162, 169, 45, 188, 69, 246, 228,
       221, 119, 83, 254, 85, 181, 254, 19, 75, 61, 46, 219, 220, 212,
       166, 120, 56, 251, 49, 136, 59, 235, 101, 87, 247, 253, 252, 202,
       114, 121, 63, 254, 11, 196, 23, 196, 169, 20, 172, 9, 46, 159, 99,
       51, 224, 241, 249, 67, 74, 107, 178, 225, 243, 240, 72, 59, 65,
       51, 39, 122, 8, 189, 191, 188, 235, 200, 53, 231, 190, 211, 78,
       33, 188, 254, 98, 34, 167, 123, 234, 17, 87, 121, 178, 119, 253,
       167, 127, 75, 200, 96, 173, 91, 25, 157, 82, 203, 150, 146, 122,
       246, 125, 0, 78, 102, 125, 211, 160, 228, 118, 63, 26, 250, 227,
       153, 29, 255, 190, 238, 142, 66, 63, 130, 41, 141, 100, 86, 126,
       194, 252, 179, 19, 148, 206, 169, 159, 228, 209, 18, 165, 120,
       207, 52, 142, 48, 161, 7, 77, 30, 110, 23, 183, 211, 156, 218,
       124, 59, 116, 236, 200, 101, 221, 42, 78, 175, 115, 163, 168, 8,
       67, 35, 81, 122, 89, 206, 104, 184, 24, 88, 221, 42, 239, 239,
       213, 117, 161, 243, 218, 0, 37, 239, 217, 79, 240, 175, 79, 158,
       126, 225, 108, 200, 177, 167, 192, 48, 93, 126, 38, 92, 211, 24,
       237, 51, 44, 191, 181, 116, 208, 210, 194, 184, 236, 159, 62, 104,
       236, 50, 177, 186, 112, 28, 124, 244, 209, 58, 162, 81, 207, 94,
       165, 225, 177, 58, 158, 21, 72, 235, 235, 204, 221, 33, 123, 147,
       9, 177, 57, 235, 20, 237, 169, 123, 70, 65, 77, 0, 183, 55, 8, 96,
       92, 26, 18, 8, 19, 184, 115, 21, 205, 205, 50, 64, 88, 130, 161,
       168, 72, 188, 190, 249, 169, 253, 52, 135, 255, 31, 174, 16, 174,
       187, 64, 90, 161, 115, 234, 16, 50, 105, 147, 243, 239, 223, 86,
       123, 194, 80, 143, 11, 161, 172, 197, 215, 213, 175, 233, 87, 87,
       227, 98, 86, 113, 33, 148, 172, 125, 238, 18, 156, 187, 254, 117,
       255, 13, 14, 211, 64, 223, 200, 208, 172, 74, 180, 48, 174, 237,
       124, 176, 174, 169, 150, 60, 25, 236, 254, 111, 214, 199, 83, 235,
       33, 36, 7, 218, 202, 95, 117, 223, 63, 146, 118, 15, 223, 174,
       177, 144, 209, 181, 242, 22, 135, 159, 129, 142, 52, 206, 242,
       206, 164, 215, 126, 252, 16, 63, 201, 248, 194, 171, 215, 159, 87,
       138, 116, 156, 55, 238, 61, 176, 172, 233, 116, 190, 107, 171,
       190, 188, 57, 172, 190, 102, 150, 207, 123, 211, 161, 52, 11, 154,
       234, 127, 85, 143, 251, 210, 101, 175, 215, 13, 164, 153, 121,
       148, 239, 97, 155, 118, 17, 109, 16, 147, 241, 72, 56, 25, 14, 32,
       24, 27, 248, 251, 21, 205, 239, 21, 100, 232, 202, 194, 160, 248,
       77, 23, 252, 25, 198, 84, 39, 133, 196, 194, 1, 102, 55, 33, 215,
       224, 182, 233, 96, 105, 139, 51, 173, 179, 242, 68, 19, 50, 60,
       116, 106, 112, 168, 211, 101, 84, 207, 99, 18, 107, 160, 106, 8,
       115, 179, 68, 116, 113, 188, 36, 24, 9, 186, 241, 14, 253, 236, 1,
       96, 226, 170, 70, 40, 50, 184, 151, 188, 29, 141, 66, 194, 207,
       176, 160, 72, 166, 210, 101, 148, 200, 233, 106, 80, 11, 107, 210,
       217, 153, 148, 3, 62, 88, 41, 67, 2, 130, 245, 62, 233, 237, 221,
       189, 207, 143, 30, 92, 3, 140, 223, 127, 107, 227, 27, 179, 81,
       70, 120, 50, 208, 111, 81, 94, 47, 22, 94, 133, 207, 100, 48, 241,
       97, 245, 110, 97, 8, 107, 177, 162, 8, 150, 21, 73, 58, 185, 220,
       124, 56, 27, 240, 241, 0, 207, 220, 5, 118, 192, 97, 70, 162, 246,
       96, 215, 100, 11, 72, 68, 64, 225, 242, 162, 8, 67, 63, 69, 63,
       168, 245, 104, 226, 73, 103, 211, 0, 145, 224, 193, 59, 97, 49,
       102, 42, 142, 253, 63, 216, 237, 117, 191, 238, 143, 222, 92, 3,
       172, 191, 119, 103, 207, 123, 187, 215, 194, 10, 250, 240, 103,
       89, 207, 175, 22, 125, 37, 255, 88, 161, 158, 252, 9, 201, 81,
       232, 166, 21, 164, 0, 247, 215, 96, 83, 224, 177, 105, 192, 90,
       75, 218, 17, 217, 227, 91, 93, 48, 32, 39, 34, 160, 164, 57, 225,
       252, 77, 97, 175, 94, 57, 41, 24, 150, 55, 72, 48, 129, 26, 123,
       24, 51, 120, 123, 23, 205, 158, 53, 116, 208, 8, 199, 162, 14,
