%YAML:1.0
---
descriptors: !!opencv-matrix
   rows: 189
   cols: 32
   dt: u
   data: [ 134, 156, 159, 191, 139, 100, 181, 175, 190, 23, 91, 51, 220,
       255, 43, 75, 231, 87, 187, 147, 52, 220, 155, 226, 237, 243, 223,
       71, 132, 121, 165, 195, 41, 133, 104, 11, 252, 159, 206, 125, 69,
       73, 253, 100, 243, 88, 190, 228, 88, 138, 22, 173, 223, 58, 109,
       159, 38, 93, 162, 244, 95, 142, 216, 141, 110, 206, 236, 215, 173,
       118, 190, 172, 219, 255, 159, 151, 200, 236, 223, 175, 205, 71,
       251, 215, 180, 97, 255, 226, 111, 127, 223, 255, 199, 255, 221,
       214, 167, 45, 40, 19, 188, 185, 184, 199, 222, 241, 153, 255, 163,
       200, 223, 136, 201, 43, 211, 21, 159, 122, 94, 178, 142, 92, 159,
       251, 221, 95, 219, 220, 45, 181, 17, 67, 213, 255, 99, 121, 79,
       49, 45, 28, 30, 209, 108, 180, 49, 26, 2, 56, 83, 56, 56, 151, 63,
       220, 5, 118, 218, 10, 199, 178, 137, 212, 19, 94, 241, 220, 230,
       119, 253, 75, 106, 80, 60, 243, 44, 245, 176, 58, 18, 24, 243,
       189, 48, 239, 55, 62, 22, 10, 74, 80, 227, 173, 164, 236, 189,
       121, 188, 239, 67, 138, 214, 183, 228, 24, 211, 241, 5, 56, 217,
       122, 106, 90, 58, 230, 235, 55, 205, 175, 101, 125, 208, 121, 70,
       162, 206, 156, 183, 94, 233, 252, 181, 226, 255, 31, 183, 16, 252,
       254, 45, 111, 165, 115, 251, 2, 178, 109, 186, 241, 25, 250, 94,
       10, 210, 113, 37, 111, 122, 185, 245, 168, 203, 89, 29, 207, 171,
       245, 128, 171, 12, 190, 71, 190, 230, 147, 255, 145, 30, 75, 247,
       209, 159, 80, 223, 255, 183, 84, 167, 126, 108, 252, 241, 92, 219,
       124, 37, 222, 251, 147, 108, 56, 24, 247, 197, 190, 3, 222, 66, 8,
       51, 75, 186, 227, 31, 188, 85, 46, 202, 241, 102, 181, 34, 187,
       248, 202, 253, 141, 219, 221, 11, 45, 180, 205, 174, 140, 118, 20,
       156, 187, 215, 85, 158, 107, 218, 241, 62, 152, 15, 255, 217, 14,
       207, 221, 107, 62, 146, 84, 245, 60, 96, 19, 233, 234, 190, 76,
       138, 184, 213, 255, 133, 236, 252, 56, 165, 227, 208, 202, 30,
       249, 101, 187, 202, 228, 74, 21, 70, 253, 172, 183, 175, 112, 190,
       172, 158, 247, 155, 179, 204, 254, 95, 75, 247, 87, 251, 211, 246,
       65, 235, 243, 255, 87, 223, 255, 132, 119, 189, 87, 179, 193, 72,
       190, 95, 209, 198, 237, 87, 192, 192, 139, 113, 216, 62, 0, 88,
       234, 147, 69, 78, 43, 86, 189, 122, 65, 158, 57, 125, 30, 248,
       158, 220, 48, 123, 225, 98, 110, 113, 81, 41, 140, 119, 56, 223,
       83, 8, 91, 182, 157, 76, 56, 16, 181, 177, 64, 215, 249, 34, 4,
       96, 162, 103, 99, 110, 254, 188, 86, 233, 117, 156, 175, 155, 255,
       60, 189, 204, 254, 79, 58, 135, 87, 253, 23, 182, 75, 250, 226,
       107, 95, 93, 191, 198, 117, 143, 87, 62, 173, 233, 40, 221, 121,
       215, 207, 66, 244, 168, 139, 3, 236, 95, 152, 217, 202, 193, 245,
       30, 106, 238, 146, 123, 69, 133, 125, 247, 127, 222, 214, 109, 81,
       245, 101, 52, 14, 99, 57, 117, 224, 231, 8, 211, 49, 25, 127, 22,
       212, 120, 106, 137, 240, 249, 12, 199, 251, 69, 20, 106, 163, 66,
       48, 95, 92, 239, 149, 162, 118, 175, 178, 180, 214, 198, 230, 217,
       102, 147, 107, 103, 101, 125, 239, 225, 209, 183, 104, 224, 43,
       239, 128, 175, 245, 49, 113, 168, 189, 121, 106, 244, 207, 87,
       253, 86, 76, 125, 8, 51, 93, 56, 48, 217, 186, 7, 122, 251, 58,
       120, 63, 107, 221, 37, 109, 115, 138, 214, 251, 186, 191, 98, 104,
       253, 221, 222, 247, 193, 76, 252, 106, 43, 221, 254, 180, 220,
       186, 151, 115, 222, 59, 228, 191, 127, 217, 164, 251, 119, 158,
       222, 255, 60, 74, 254, 238, 52, 2, 66, 240, 116, 134, 246, 98,
       115, 179, 179, 97, 120, 236, 46, 234, 232, 183, 5, 174, 210, 239,
       230, 17, 37, 187, 121, 137, 131, 174, 130, 189, 197, 160, 190,
       231, 59, 195, 88, 215, 172, 170, 114, 64, 253, 107, 51, 133, 246,
       158, 134, 251, 172, 118, 158, 235, 156, 84, 187, 220, 174, 252,
       236, 87, 205, 127, 245, 255, 211, 246, 173, 31, 72, 109, 31, 143,
       221, 214, 243, 46, 180, 246, 123, 238, 111, 91, 213, 23, 195, 253,
       222, 246, 229, 87, 253, 71, 228, 42, 239, 188, 117, 234, 255, 224,
       243, 99, 157, 50, 95, 222, 126, 234, 233, 240, 237, 42, 102, 174,
       229, 132, 109, 243, 194, 169, 13, 125, 17, 69, 52, 94, 102, 55,
       105, 232, 126, 72, 150, 49, 145, 180, 144, 84, 84, 106, 193, 184,
       117, 78, 165, 188, 37, 4, 74, 184, 75, 61, 198, 252, 159, 183,
       168, 110, 61, 172, 186, 159, 131, 49, 252, 247, 73, 91, 167, 119,
       253, 146, 114, 69, 155, 107, 233, 243, 127, 223, 128, 113, 133,
       67, 120, 229, 121, 240, 189, 201, 93, 175, 111, 53, 172, 8, 159,
       159, 74, 80, 235, 159, 109, 152, 90, 107, 235, 213, 255, 221, 23,
       125, 96, 136, 199, 106, 60, 223, 123, 239, 246, 67, 119, 252, 69,
       136, 127, 226, 115, 249, 185, 96, 126, 250, 38, 234, 200, 178, 45,
       175, 118, 239, 37, 136, 119, 251, 244, 161, 120, 93, 215, 101, 0,
       78, 69, 50, 33, 162, 238, 72, 83, 55, 1, 247, 52, 212, 120, 232,
       105, 154, 241, 14, 183, 239, 69, 20, 42, 240, 66, 48, 49, 193, 67,
       236, 86, 2, 238, 101, 116, 0, 250, 194, 49, 2, 176, 112, 120, 172,
       2, 232, 73, 187, 5, 205, 180, 172, 130, 0, 101, 138, 242, 168,
       233, 112, 53, 103, 52, 94, 105, 16, 127, 248, 55, 92, 219, 17,
       149, 255, 132, 4, 124, 108, 161, 244, 241, 12, 135, 251, 113, 148,
       74, 129, 66, 113, 86, 247, 172, 190, 187, 209, 158, 172, 186, 254,
       141, 171, 236, 254, 75, 67, 183, 215, 253, 247, 230, 67, 203, 249,
       251, 83, 79, 255, 148, 119, 141, 91, 16, 125, 159, 119, 146, 238,
       55, 55, 176, 130, 106, 0, 119, 183, 33, 80, 50, 127, 113, 8, 97,
       217, 144, 46, 225, 167, 118, 0, 40, 112, 167, 58, 191, 189, 255,
       255, 253, 247, 255, 254, 127, 255, 255, 183, 220, 255, 190, 233,
       255, 223, 255, 247, 183, 251, 123, 255, 127, 251, 255, 215, 223,
       255, 237, 247, 162, 179, 98, 232, 252, 141, 223, 213, 139, 45,
       248, 143, 174, 204, 126, 16, 158, 187, 87, 213, 222, 58, 218, 245,
       62, 216, 133, 252, 93, 138, 198, 220, 122, 185, 243, 136, 203,
       209, 156, 71, 171, 241, 168, 11, 44, 190, 100, 180, 238, 159, 251,
       209, 23, 11, 178, 240, 187, 80, 142, 127, 163, 6, 167, 126, 11,
       139, 166, 146, 237, 188, 252, 199, 239, 93, 86, 5, 172, 232, 126,
       203, 225, 35, 251, 13, 150, 233, 150, 225, 14, 123, 222, 195, 206,
       76, 249, 77, 216, 176, 120, 225, 162, 108, 113, 95, 61, 63, 54,
       56, 159, 23, 64, 91, 167, 31, 77, 16, 50, 220, 177, 66, 213, 193,
       114, 199, 224, 192, 135, 107, 131, 132, 146, 90, 241, 188, 164,
       231, 253, 27, 104, 80, 44, 250, 44, 253, 179, 43, 130, 8, 183,
       253, 18, 231, 23, 62, 82, 74, 219, 68, 235, 132, 95, 177, 236,
       101, 170, 94, 125, 156, 107, 245, 150, 169, 95, 63, 223, 122, 183,
       213, 253, 245, 156, 81, 191, 192, 219, 121, 77, 213, 167, 182,
       135, 119, 84, 253, 155, 231, 178, 203, 51, 229, 238, 161, 42, 40,
       214, 243, 192, 114, 51, 124, 108, 80, 1, 249, 185, 62, 253, 133,
       37, 118, 224, 42, 135, 35, 126, 110, 232, 53, 173, 57, 220, 206,
       195, 246, 156, 175, 171, 168, 87, 11, 139, 207, 237, 69, 140, 103,
       207, 168, 222, 81, 253, 189, 231, 253, 94, 206, 197, 92, 191, 255,
       172, 102, 253, 191, 156, 94, 211, 86, 245, 126, 185, 107, 207,
       119, 63, 175, 233, 212, 123, 239, 229, 186, 254, 128, 156, 249,
       181, 121, 175, 212, 245, 251, 189, 127, 255, 252, 95, 127, 159,
       119, 219, 124, 189, 171, 223, 83, 191, 55, 183, 228, 127, 247,
       111, 91, 247, 246, 223, 255, 213, 247, 60, 223, 121, 239, 246, 3,
       239, 253, 86, 136, 126, 230, 113, 97, 185, 64, 126, 222, 38, 234,
       209, 178, 109, 63, 110, 173, 37, 140, 119, 250, 240, 161, 236,
       228, 189, 114, 173, 105, 215, 140, 218, 186, 181, 56, 210, 245,
       73, 59, 153, 82, 124, 114, 122, 102, 235, 50, 235, 219, 101, 127,
       208, 123, 214, 35, 171, 183, 122, 72, 244, 223, 255, 127, 81, 78,
