%YAML:1.0
---
descriptors: !!opencv-matrix
   rows: 198
   cols: 32
   dt: u
   data: [ 34, 172, 48, 184, 93, 205, 145, 230, 142, 53, 168, 9, 174,
       156, 100, 5, 137, 59, 235, 1, 2, 107, 210, 245, 221, 20, 30, 59,
       80, 12, 7, 234, 80, 189, 159, 245, 186, 203, 55, 175, 254, 178,
       42, 40, 214, 243, 64, 114, 179, 118, 122, 0, 65, 217, 153, 58,
       253, 166, 69, 54, 168, 106, 135, 43, 147, 95, 119, 222, 190, 38,
       239, 255, 221, 74, 210, 246, 221, 254, 181, 109, 254, 251, 63,
       175, 249, 143, 119, 207, 176, 250, 234, 136, 29, 249, 241, 117,
       39, 162, 236, 59, 172, 63, 220, 201, 95, 255, 145, 159, 202, 232,
       95, 11, 155, 203, 222, 53, 190, 102, 79, 240, 142, 26, 221, 255,
       221, 125, 219, 198, 240, 249, 58, 174, 91, 197, 151, 224, 140, 4,
       132, 11, 52, 222, 35, 80, 236, 241, 203, 195, 70, 3, 26, 125, 241,
       129, 10, 59, 16, 27, 39, 218, 25, 219, 175, 123, 146, 142, 53,
       183, 118, 89, 70, 245, 241, 247, 162, 96, 101, 62, 56, 156, 183,
       216, 183, 55, 239, 239, 246, 192, 184, 128, 160, 251, 45, 125,
       113, 69, 149, 79, 103, 186, 108, 160, 46, 8, 211, 49, 5, 52, 24,
       116, 80, 106, 73, 240, 113, 14, 111, 158, 5, 20, 67, 57, 66, 34,
       118, 139, 241, 152, 203, 209, 61, 205, 175, 69, 128, 170, 12, 190,
       70, 252, 238, 147, 251, 145, 31, 11, 230, 209, 157, 20, 223, 255,
       181, 20, 167, 126, 34, 187, 240, 186, 251, 153, 186, 205, 31, 53,
       176, 175, 172, 238, 102, 144, 254, 187, 199, 209, 22, 58, 74, 253,
       188, 213, 31, 255, 213, 14, 135, 223, 172, 191, 106, 74, 253, 221,
       255, 247, 193, 76, 124, 42, 11, 221, 254, 180, 220, 186, 151, 120,
       246, 43, 36, 191, 127, 93, 164, 233, 119, 142, 222, 231, 247, 123,
       194, 21, 194, 36, 174, 216, 50, 206, 80, 231, 97, 232, 223, 155,
       127, 207, 117, 255, 188, 214, 142, 106, 56, 32, 239, 168, 237,
       245, 59, 213, 174, 204, 236, 215, 237, 118, 190, 141, 219, 247,
       191, 147, 200, 108, 127, 239, 201, 87, 251, 183, 180, 103, 255,
       242, 47, 123, 223, 247, 215, 127, 220, 214, 214, 255, 172, 190,
       155, 91, 158, 168, 158, 254, 149, 191, 236, 252, 75, 75, 151, 87,
       253, 247, 230, 69, 239, 251, 251, 115, 79, 255, 132, 119, 141, 87,
       233, 223, 108, 101, 33, 95, 111, 55, 116, 236, 54, 172, 187, 37,
       146, 245, 6, 100, 236, 110, 237, 184, 117, 157, 238, 203, 101,
       149, 110, 172, 220, 125, 172, 225, 21, 97, 205, 79, 71, 168, 115,
       176, 161, 8, 214, 81, 73, 53, 25, 212, 64, 106, 105, 118, 249, 28,
       237, 152, 69, 116, 66, 59, 66, 162, 125, 197, 173, 101, 157, 95,
       71, 184, 115, 250, 175, 8, 83, 113, 29, 179, 89, 196, 120, 110,
       233, 243, 121, 13, 251, 235, 69, 52, 75, 251, 82, 32, 141, 32, 25,
       97, 100, 110, 105, 25, 105, 232, 119, 88, 223, 19, 200, 57, 182,
       12, 84, 60, 129, 244, 177, 2, 199, 217, 33, 68, 200, 162, 66, 161,
       180, 253, 123, 202, 221, 197, 150, 237, 197, 2, 248, 10, 98, 220,
       45, 32, 217, 218, 130, 115, 254, 35, 58, 191, 115, 76, 133, 127,
       113, 123, 246, 134, 26, 213, 182, 156, 155, 213, 148, 247, 135,
       77, 204, 39, 44, 254, 38, 228, 246, 243, 187, 129, 215, 138, 50,
       253, 251, 103, 30, 11, 59, 86, 173, 223, 18, 141, 218, 155, 151,
       211, 190, 231, 30, 1, 74, 131, 172, 234, 38, 192, 251, 43, 131,
       145, 118, 152, 23, 255, 175, 103, 158, 67, 180, 12, 189, 142, 40,
       168, 17, 248, 125, 221, 80, 72, 143, 20, 228, 9, 46, 223, 102,
       144, 200, 184, 194, 64, 14, 43, 82, 149, 83, 213, 16, 123, 82, 8,
       78, 138, 109, 105, 16, 103, 29, 31, 70, 172, 97, 160, 174, 72,
       243, 81, 193, 180, 24, 236, 108, 106, 77, 176, 201, 44, 164, 221,
       5, 52, 106, 187, 74, 8, 86, 196, 190, 183, 140, 102, 63, 172, 190,
       151, 139, 19, 253, 255, 107, 75, 243, 87, 249, 243, 114, 69, 155,
       227, 233, 231, 223, 21, 128, 115, 165, 10, 86, 250, 172, 190, 139,
       79, 31, 168, 190, 254, 133, 171, 207, 255, 75, 74, 151, 213, 253,
       247, 110, 71, 235, 187, 251, 231, 239, 255, 148, 119, 23, 83, 82,
       166, 235, 186, 56, 160, 185, 222, 190, 15, 251, 177, 173, 207,
       104, 88, 255, 191, 239, 149, 138, 7, 203, 243, 217, 183, 186, 221,
       148, 195, 39, 251, 121, 223, 206, 111, 19, 30, 71, 182, 49, 138,
       254, 76, 123, 113, 145, 244, 53, 246, 253, 238, 233, 233, 25, 47,
       249, 239, 165, 144, 107, 243, 122, 57, 197, 221, 191, 255, 188,
       102, 239, 191, 92, 90, 211, 86, 213, 119, 185, 107, 223, 87, 63,
       175, 241, 229, 123, 239, 229, 186, 250, 128, 156, 248, 241, 113,
       54, 34, 236, 161, 172, 43, 221, 201, 143, 183, 145, 159, 195, 104,
       95, 10, 139, 201, 111, 55, 158, 103, 207, 144, 220, 82, 237, 255,
       213, 125, 215, 194, 75, 177, 189, 83, 141, 252, 177, 7, 235, 123,
       167, 24, 190, 188, 70, 190, 129, 23, 248, 17, 19, 105, 243, 225,
       207, 255, 82, 123, 194, 68, 199, 126, 167, 148, 253, 251, 188,
       111, 255, 248, 95, 251, 223, 86, 223, 125, 189, 45, 223, 211, 63,
       63, 185, 244, 123, 246, 175, 222, 223, 150, 223, 255, 213, 245,
       154, 188, 184, 249, 163, 228, 153, 151, 62, 95, 86, 48, 60, 255,
       70, 121, 183, 59, 181, 145, 179, 220, 179, 243, 201, 47, 126, 201,
       133, 68, 143, 123, 133, 211, 245, 83, 162, 170, 45, 153, 126, 243,
       87, 246, 209, 197, 221, 109, 55, 78, 38, 62, 195, 244, 255, 17,
       76, 42, 101, 196, 239, 249, 129, 181, 48, 129, 75, 204, 86, 131,
       230, 97, 69, 0, 226, 2, 50, 136, 52, 64, 120, 168, 2, 169, 88,
       187, 20, 221, 49, 44, 130, 0, 113, 42, 242, 136, 170, 191, 106,
       88, 245, 219, 255, 115, 93, 76, 244, 186, 43, 253, 190, 37, 95,
       186, 151, 57, 252, 171, 36, 159, 127, 95, 164, 219, 87, 140, 246,
       229, 34, 169, 23, 156, 29, 205, 144, 102, 143, 144, 128, 8, 166,
       152, 96, 4, 200, 59, 107, 65, 2, 107, 210, 253, 145, 144, 26, 59,
       16, 8, 21, 142, 2, 170, 30, 186, 122, 137, 176, 99, 158, 13, 113,
       243, 164, 202, 32, 64, 234, 59, 35, 1, 54, 187, 2, 125, 20, 38,
       58, 203, 80, 8, 37, 139, 102, 237, 236, 87, 173, 125, 190, 172,
       223, 247, 159, 27, 234, 252, 95, 43, 153, 87, 249, 119, 252, 97,
       255, 226, 111, 127, 223, 127, 197, 127, 221, 86, 186, 213, 106,
       238, 23, 71, 215, 237, 21, 4, 240, 139, 115, 125, 63, 81, 248,
       211, 151, 227, 104, 35, 24, 191, 243, 235, 133, 25, 117, 120, 244,
       218, 152, 220, 111, 123, 144, 206, 71, 183, 119, 73, 66, 85, 243,
       247, 48, 112, 113, 62, 61, 128, 235, 220, 25, 63, 233, 239, 180,
       192, 56, 144, 240, 122, 161, 189, 40, 25, 221, 191, 240, 223, 94,
       105, 92, 95, 178, 56, 54, 0, 221, 10, 18, 29, 183, 184, 95, 191,
       110, 31, 53, 114, 221, 76, 216, 159, 101, 233, 173, 101, 188, 79,
       71, 168, 98, 232, 190, 8, 211, 113, 81, 50, 152, 196, 124, 110,
       73, 98, 251, 60, 235, 191, 101, 60, 72, 59, 82, 34, 18, 205, 94,
       191, 22, 147, 190, 239, 30, 1, 194, 163, 101, 234, 36, 193, 115,
       235, 138, 193, 118, 152, 5, 255, 184, 167, 158, 65, 53, 24, 169,
       14, 95, 89, 239, 206, 162, 118, 191, 244, 41, 206, 222, 167, 125,
       47, 183, 110, 118, 247, 61, 239, 129, 145, 53, 232, 243, 111, 238,
       128, 175, 246, 37, 121, 135, 158, 196, 151, 238, 50, 190, 183,
       185, 210, 26, 247, 204, 110, 31, 207, 103, 103, 251, 151, 245,
       204, 79, 226, 44, 50, 222, 195, 142, 244, 185, 221, 34, 166, 231,
       217, 244, 194, 237, 239, 31, 23, 84, 179, 40, 239, 188, 77, 95,
       187, 151, 144, 122, 220, 98, 213, 111, 54, 254, 197, 151, 152,
       244, 250, 128, 205, 56, 253, 148, 205, 85, 175, 86, 7, 76, 16,
       183, 177, 32, 96, 209, 26, 2, 1, 122, 184, 114, 31, 237, 167, 54,
       89, 48, 72, 149, 10, 53, 92, 253, 103, 100, 46, 111, 188, 116,
       234, 254, 108, 211, 117, 153, 63, 127, 196, 118, 110, 233, 244,
       109, 42, 100, 175, 101, 132, 109, 251, 82, 177, 245, 69, 103, 230,
       44, 18, 79, 248, 193, 232, 179, 238, 83, 108, 189, 243, 120, 196,
