%YAML:1.0
---
descriptors: !!opencv-matrix
   rows: 311
   cols: 32
   dt: u
   data: [ 79, 57, 123, 97, 242, 156, 63, 115, 172, 232, 94, 228, 157,
       159, 209, 112, 166, 127, 63, 95, 209, 152, 164, 116, 110, 109, 47,
       224, 14, 135, 131, 241, 33, 166, 104, 65, 244, 59, 235, 174, 127,
       63, 62, 185, 163, 40, 222, 16, 25, 138, 70, 29, 174, 60, 109, 55,
       46, 30, 181, 245, 68, 205, 218, 204, 139, 241, 36, 251, 13, 244,
       152, 206, 143, 89, 221, 18, 184, 222, 62, 232, 205, 27, 187, 209,
       135, 79, 123, 245, 7, 123, 154, 203, 26, 5, 189, 158, 11, 89, 38,
       190, 73, 244, 184, 70, 191, 89, 199, 3, 188, 222, 54, 108, 230,
       59, 187, 213, 135, 203, 22, 245, 195, 123, 218, 203, 30, 7, 169,
       222, 33, 43, 80, 69, 80, 15, 106, 48, 117, 160, 106, 200, 243, 33,
       149, 180, 62, 236, 66, 110, 201, 184, 69, 12, 46, 172, 5, 0, 107,
       162, 74, 168, 47, 153, 180, 249, 237, 223, 208, 11, 223, 121, 245,
       16, 154, 184, 62, 104, 201, 27, 186, 17, 151, 40, 91, 209, 79,
       251, 218, 119, 218, 12, 200, 150, 200, 155, 155, 247, 176, 140,
       120, 23, 184, 9, 122, 116, 191, 147, 32, 80, 166, 63, 21, 24, 19,
       152, 144, 67, 231, 253, 50, 192, 136, 128, 139, 11, 72, 163, 27,
       238, 122, 65, 53, 109, 182, 5, 196, 169, 181, 167, 160, 80, 102,
       55, 207, 192, 64, 11, 162, 29, 245, 167, 58, 185, 52, 0, 167, 235,
       12, 242, 52, 123, 11, 249, 49, 220, 134, 53, 101, 176, 141, 199,
       234, 205, 38, 24, 226, 88, 18, 84, 42, 177, 207, 193, 51, 103,
       178, 157, 133, 227, 110, 98, 161, 167, 172, 75, 207, 40, 142, 254,
       155, 171, 227, 204, 91, 2, 153, 109, 237, 119, 72, 81, 237, 152,
       248, 4, 175, 245, 132, 47, 23, 98, 120, 124, 27, 112, 153, 237,
       117, 102, 188, 44, 170, 8, 62, 179, 33, 80, 160, 58, 109, 0, 32,
       139, 146, 62, 241, 167, 52, 59, 64, 80, 7, 43, 94, 180, 208, 218,
       27, 208, 18, 234, 179, 83, 165, 34, 108, 214, 204, 246, 183, 211,
       248, 210, 71, 67, 187, 245, 59, 209, 7, 111, 42, 4, 47, 30, 114,
       191, 120, 84, 190, 90, 215, 175, 217, 175, 188, 43, 98, 44, 150,
       50, 191, 247, 69, 33, 252, 107, 164, 239, 123, 126, 21, 51, 101,
       232, 214, 79, 56, 41, 122, 238, 85, 215, 227, 192, 87, 160, 252,
       10, 57, 216, 117, 32, 120, 238, 18, 217, 10, 187, 184, 255, 127,
       125, 135, 105, 103, 11, 126, 138, 84, 181, 158, 182, 136, 100, 29,
       7, 186, 151, 138, 17, 215, 183, 66, 91, 167, 119, 109, 145, 56,
       73, 147, 0, 249, 227, 126, 81, 128, 112, 165, 82, 61, 145, 245,
       245, 165, 95, 85, 187, 83, 243, 55, 26, 91, 57, 94, 47, 153, 94,
       53, 24, 189, 248, 251, 144, 79, 219, 85, 119, 239, 236, 208, 210,
       110, 244, 161, 251, 185, 69, 95, 185, 23, 63, 137, 9, 238, 199,
       73, 86, 221, 219, 253, 178, 106, 70, 251, 183, 233, 212, 143, 126,
       146, 22, 6, 114, 191, 4, 82, 154, 119, 177, 90, 104, 29, 2, 253,
       63, 104, 202, 174, 221, 251, 139, 134, 166, 46, 167, 8, 255, 18,
       95, 210, 139, 31, 223, 120, 134, 41, 32, 197, 93, 77, 191, 232,
       26, 91, 251, 104, 92, 216, 248, 212, 190, 25, 110, 114, 28, 135,
       242, 255, 223, 15, 62, 213, 100, 219, 236, 90, 164, 2, 140, 30,
       185, 153, 241, 176, 231, 158, 21, 72, 17, 172, 174, 38, 192, 201,
       59, 171, 16, 22, 137, 82, 247, 175, 215, 30, 75, 144, 76, 173,
       206, 117, 65, 59, 71, 29, 95, 71, 144, 101, 160, 230, 8, 195, 81,
       25, 52, 216, 212, 120, 106, 72, 242, 241, 168, 183, 248, 4, 17,
       99, 187, 90, 36, 134, 150, 158, 159, 46, 34, 188, 105, 188, 31,
       215, 183, 236, 99, 42, 75, 247, 71, 235, 166, 96, 197, 11, 237,
       66, 50, 250, 131, 152, 103, 37, 211, 98, 176, 155, 248, 203, 229,
       177, 79, 143, 29, 188, 59, 172, 191, 104, 24, 239, 155, 203, 144,
       18, 75, 178, 209, 221, 149, 26, 123, 144, 72, 165, 251, 9, 142,
       62, 127, 52, 188, 233, 51, 253, 73, 126, 84, 191, 169, 190, 100,
       165, 42, 23, 12, 179, 184, 34, 239, 71, 255, 50, 192, 202, 136,
       209, 249, 240, 108, 149, 116, 137, 47, 69, 206, 162, 182, 162, 12,
       7, 35, 65, 27, 37, 212, 104, 56, 105, 111, 209, 10, 253, 130, 85,
       60, 232, 112, 6, 48, 51, 141, 98, 142, 94, 155, 206, 253, 86, 64,
       217, 207, 99, 232, 190, 128, 122, 234, 22, 111, 207, 163, 28, 189,
       56, 12, 169, 184, 125, 174, 248, 212, 26, 156, 51, 248, 219, 244,
       49, 103, 173, 81, 108, 18, 60, 255, 44, 116, 231, 155, 146, 128,
       19, 11, 50, 247, 155, 245, 26, 75, 147, 0, 167, 243, 208, 52, 27,
       248, 138, 236, 81, 23, 162, 31, 164, 24, 151, 151, 64, 123, 37,
       183, 108, 16, 58, 71, 178, 19, 209, 161, 48, 121, 160, 81, 135,
       99, 49, 157, 106, 77, 84, 143, 251, 118, 117, 108, 126, 7, 51,
       153, 182, 48, 120, 238, 22, 236, 204, 186, 84, 255, 126, 173, 160,
       128, 125, 136, 122, 138, 39, 174, 196, 95, 245, 63, 230, 250, 83,
       251, 124, 78, 98, 104, 223, 173, 89, 202, 18, 29, 175, 250, 94,
       251, 46, 30, 213, 36, 223, 252, 90, 140, 66, 44, 190, 190, 11,
       193, 191, 200, 174, 158, 131, 161, 253, 214, 107, 74, 227, 115,
       235, 195, 98, 71, 170, 61, 217, 193, 175, 187, 16, 51, 37, 83, 66,
       175, 38, 155, 235, 240, 184, 71, 190, 29, 73, 177, 172, 206, 110,
       72, 231, 59, 235, 145, 22, 77, 130, 243, 13, 52, 154, 235, 144,
       68, 173, 207, 44, 99, 144, 229, 117, 15, 86, 156, 63, 44, 248, 77,
       207, 105, 9, 144, 144, 201, 204, 110, 12, 242, 73, 184, 166, 221,
       33, 181, 202, 255, 74, 131, 88, 33, 159, 186, 11, 73, 17, 192,
       180, 52, 130, 41, 159, 151, 104, 91, 230, 149, 239, 210, 74, 67,
       139, 32, 209, 225, 110, 61, 32, 1, 39, 114, 93, 66, 110, 101, 52,
       26, 234, 48, 100, 100, 247, 229, 211, 40, 151, 226, 22, 68, 252,
       255, 173, 176, 109, 14, 166, 239, 98, 144, 109, 191, 89, 84, 215,
       157, 67, 166, 18, 182, 238, 242, 180, 202, 219, 199, 113, 238,
       178, 224, 126, 231, 21, 239, 253, 155, 12, 239, 176, 46, 175, 128,
       45, 247, 56, 213, 220, 45, 190, 246, 155, 228, 17, 3, 179, 151,
       141, 25, 175, 255, 67, 91, 225, 247, 233, 144, 58, 75, 186, 34,
       219, 227, 95, 123, 160, 65, 167, 98, 60, 221, 160, 158, 223, 127,
       182, 248, 151, 238, 189, 175, 75, 252, 107, 167, 121, 242, 206,
       226, 252, 103, 124, 190, 127, 71, 229, 191, 243, 127, 156, 215,
       112, 173, 128, 5, 221, 14, 70, 175, 115, 164, 234, 8, 227, 99, 81,
       214, 88, 206, 104, 172, 88, 90, 213, 31, 185, 166, 133, 60, 2,
       240, 82, 12, 59, 77, 107, 137, 86, 135, 235, 112, 133, 224, 220,
       199, 57, 207, 55, 4, 110, 169, 19, 239, 201, 155, 36, 252, 118,
       13, 139, 160, 63, 175, 51, 248, 36, 180, 136, 24, 204, 237, 147,
       234, 150, 255, 168, 25, 214, 252, 74, 0, 217, 90, 66, 49, 62, 98,
       250, 51, 237, 20, 5, 127, 208, 104, 214, 210, 40, 40, 154, 80,
       229, 236, 112, 6, 251, 17, 102, 24, 186, 147, 69, 188, 129, 58,
       98, 24, 18, 248, 146, 97, 15, 248, 80, 67, 194, 1, 66, 42, 101,
       32, 249, 79, 92, 79, 227, 128, 74, 164, 233, 8, 211, 104, 92, 114,
       216, 204, 106, 106, 8, 242, 249, 24, 93, 172, 129, 52, 81, 43, 86,
       162, 46, 255, 160, 26, 217, 213, 150, 237, 131, 220, 172, 45, 106,
       236, 79, 134, 157, 75, 193, 115, 222, 107, 250, 61, 59, 84, 13,
       255, 211, 126, 158, 223, 142, 253, 60, 249, 237, 245, 254, 199,
       207, 91, 92, 18, 140, 158, 118, 238, 201, 59, 187, 19, 87, 15,
       250, 243, 111, 121, 158, 255, 150, 93, 253, 158, 138, 216, 244,
       249, 237, 249, 176, 199, 207, 113, 60, 18, 140, 158, 102, 234,
       195, 27, 187, 17, 23, 124, 114, 241, 15, 217, 31, 119, 150, 9,
       221, 150, 77, 34, 158, 81, 232, 60, 108, 19, 251, 159, 119, 112,
       142, 131, 194, 255, 167, 14, 108, 28, 182, 92, 162, 66, 142, 251,
       119, 228, 130, 224, 235, 133, 218, 220, 19, 186, 27, 192, 51, 96,
       188, 4, 201, 163, 60, 215, 96, 80, 98, 113, 187, 211, 98, 7, 170,
       239, 249, 164, 10, 11, 50, 3, 37, 122, 188, 105, 248, 97, 140, 79,
