%YAML:1.0
---
descriptors: !!opencv-matrix
   rows: 323
   cols: 32
   dt: u
   data: [ 13, 91, 218, 143, 118, 221, 39, 112, 44, 76, 127, 231, 252,
       199, 171, 68, 126, 168, 142, 206, 195, 178, 56, 249, 244, 133,
       162, 138, 62, 159, 41, 217, 151, 109, 151, 179, 173, 90, 94, 204,
       255, 210, 128, 18, 223, 254, 109, 235, 243, 201, 221, 243, 111,
       69, 154, 234, 169, 208, 207, 63, 180, 117, 41, 6, 223, 60, 195,
       205, 66, 22, 106, 208, 49, 194, 210, 230, 121, 18, 149, 255, 118,
       237, 21, 238, 233, 214, 181, 232, 22, 170, 170, 128, 47, 179, 106,
       188, 36, 252, 123, 78, 117, 211, 227, 232, 87, 4, 253, 40, 114,
       221, 173, 48, 216, 120, 2, 106, 75, 179, 122, 63, 59, 157, 1, 43,
       81, 43, 102, 166, 95, 118, 252, 39, 171, 124, 22, 156, 171, 219,
       31, 253, 94, 126, 207, 218, 183, 87, 253, 119, 149, 65, 219, 160,
       223, 127, 125, 223, 170, 119, 139, 87, 221, 24, 195, 207, 84, 70,
       107, 16, 113, 192, 210, 66, 113, 87, 177, 238, 120, 252, 60, 234,
       169, 150, 245, 234, 151, 168, 162, 128, 39, 163, 112, 40, 222,
       148, 149, 184, 203, 100, 148, 143, 155, 251, 160, 61, 204, 246,
       72, 223, 199, 215, 249, 145, 63, 79, 218, 210, 157, 242, 95, 127,
       154, 100, 165, 87, 185, 149, 87, 205, 116, 86, 103, 121, 117, 64,
       251, 230, 115, 71, 172, 213, 126, 136, 6, 238, 121, 178, 123, 223,
       54, 234, 39, 12, 123, 170, 224, 241, 68, 28, 146, 154, 159, 237,
       182, 207, 223, 19, 136, 25, 172, 250, 101, 221, 243, 123, 234, 2,
       54, 107, 26, 255, 185, 22, 95, 59, 144, 89, 141, 134, 34, 235,
       182, 218, 235, 97, 156, 239, 155, 63, 176, 171, 238, 239, 37, 143,
       207, 251, 239, 209, 56, 107, 202, 240, 185, 150, 95, 187, 211,
       125, 167, 219, 133, 72, 119, 91, 4, 207, 227, 64, 92, 194, 243,
       18, 146, 152, 181, 45, 104, 56, 90, 202, 225, 180, 117, 98, 5, 24,
       2, 0, 65, 187, 117, 164, 172, 229, 113, 71, 228, 91, 231, 248,
       125, 230, 127, 168, 211, 101, 156, 53, 123, 220, 102, 106, 97,
       180, 237, 63, 126, 254, 101, 4, 103, 251, 198, 240, 252, 249, 152,
       248, 233, 237, 86, 222, 163, 19, 164, 25, 63, 219, 74, 155, 137,
       243, 237, 82, 110, 111, 218, 51, 251, 193, 5, 127, 250, 81, 170,
       18, 56, 209, 91, 236, 90, 66, 27, 104, 37, 4, 228, 163, 93, 215,
       40, 112, 126, 153, 139, 226, 72, 131, 115, 95, 243, 165, 130, 9,
       51, 131, 38, 186, 41, 5, 88, 79, 21, 63, 97, 55, 101, 36, 111, 0,
       179, 33, 150, 52, 8, 166, 66, 12, 28, 184, 117, 14, 70, 255, 16,
       1, 115, 202, 74, 140, 185, 67, 111, 237, 22, 58, 232, 84, 116, 96,
       251, 230, 179, 8, 177, 225, 126, 140, 30, 236, 169, 176, 101, 12,
       150, 233, 162, 128, 125, 139, 112, 184, 97, 188, 165, 221, 13,
       189, 193, 159, 199, 251, 136, 28, 242, 252, 84, 111, 201, 102,
       122, 29, 155, 110, 251, 145, 13, 26, 213, 60, 208, 72, 208, 124,
       142, 74, 39, 187, 46, 102, 189, 216, 156, 94, 82, 215, 220, 79,
       59, 75, 239, 25, 63, 175, 224, 133, 43, 241, 197, 50, 250, 132,
       20, 125, 53, 241, 129, 143, 14, 139, 236, 155, 102, 255, 86, 56,
       118, 86, 240, 128, 178, 97, 120, 14, 42, 78, 246, 186, 71, 53,
       116, 10, 35, 64, 24, 136, 249, 141, 137, 216, 56, 187, 85, 135,
       179, 192, 94, 97, 96, 23, 157, 30, 50, 0, 254, 41, 2, 85, 55, 190,
       120, 255, 109, 221, 2, 100, 29, 13, 81, 210, 56, 223, 124, 107,
       13, 255, 215, 185, 85, 22, 239, 135, 75, 77, 54, 69, 89, 130, 163,
       34, 236, 37, 125, 191, 99, 251, 194, 87, 119, 143, 220, 222, 124,
       132, 118, 227, 213, 102, 120, 74, 117, 181, 239, 19, 73, 59, 60,
       91, 121, 134, 187, 184, 60, 243, 25, 140, 95, 235, 195, 69, 167,
       199, 116, 2, 60, 242, 90, 174, 94, 3, 82, 248, 19, 140, 253, 43,
       67, 211, 43, 80, 90, 220, 167, 98, 12, 147, 200, 190, 127, 229,
       161, 47, 51, 171, 126, 195, 167, 125, 110, 210, 228, 31, 188, 229,
       220, 250, 85, 55, 104, 92, 191, 33, 238, 43, 147, 103, 229, 246,
       60, 252, 39, 25, 207, 163, 93, 125, 217, 223, 167, 80, 239, 151,
       237, 87, 188, 237, 216, 254, 85, 23, 104, 124, 191, 175, 239, 107,
       179, 167, 229, 244, 63, 204, 6, 27, 223, 135, 85, 124, 93, 223,
       34, 164, 120, 145, 101, 189, 248, 67, 95, 118, 124, 27, 172, 172,
       118, 133, 235, 169, 151, 17, 150, 56, 118, 209, 23, 89, 146, 47,
       215, 76, 93, 206, 7, 223, 165, 151, 237, 54, 47, 232, 231, 242, 9,
       198, 233, 238, 221, 231, 119, 71, 50, 231, 197, 80, 63, 251, 44,
       86, 207, 134, 142, 119, 179, 244, 124, 253, 172, 246, 201, 100,
       95, 186, 147, 246, 142, 13, 243, 255, 67, 83, 133, 247, 121, 203,
       8, 75, 251, 40, 251, 163, 205, 61, 136, 243, 6, 122, 153, 74, 126,
       181, 38, 10, 108, 49, 116, 194, 82, 246, 223, 9, 144, 105, 102,
       172, 62, 173, 165, 252, 69, 140, 196, 235, 242, 128, 45, 169, 249,
       17, 139, 78, 238, 23, 164, 58, 173, 183, 124, 71, 118, 213, 217,
       40, 190, 105, 39, 103, 22, 141, 245, 252, 53, 238, 102, 127, 254,
       128, 205, 213, 201, 92, 69, 189, 169, 9, 152, 239, 75, 186, 119,
       117, 204, 136, 215, 247, 152, 116, 83, 222, 125, 254, 155, 10,
       255, 55, 237, 188, 5, 124, 182, 227, 134, 116, 60, 245, 120, 226,
       219, 87, 86, 252, 51, 244, 173, 11, 95, 255, 75, 144, 191, 223,
       209, 242, 95, 67, 219, 54, 251, 197, 5, 127, 184, 243, 174, 210,
       69, 134, 183, 95, 172, 38, 173, 191, 236, 27, 207, 80, 208, 113,
       156, 111, 39, 102, 121, 175, 177, 208, 175, 101, 77, 42, 255, 192,
       142, 240, 241, 33, 41, 89, 120, 101, 100, 78, 125, 55, 105, 232,
       126, 8, 147, 23, 129, 48, 134, 188, 84, 108, 201, 184, 113, 14,
       231, 189, 36, 128, 64, 184, 66, 123, 155, 221, 111, 191, 118, 151,
       252, 52, 29, 90, 82, 247, 125, 108, 178, 97, 102, 43, 31, 237,
       229, 220, 52, 255, 224, 105, 122, 128, 62, 188, 57, 93, 93, 224,
       217, 227, 185, 221, 88, 156, 39, 121, 170, 9, 95, 159, 72, 248,
       147, 197, 253, 84, 31, 65, 249, 176, 219, 253, 53, 85, 170, 151,
       200, 82, 11, 151, 148, 153, 183, 191, 56, 91, 31, 93, 95, 118,
       140, 114, 170, 228, 247, 27, 142, 24, 182, 152, 33, 215, 142, 215,
       26, 198, 146, 204, 129, 5, 100, 253, 185, 114, 217, 108, 95, 249,
       179, 214, 173, 8, 82, 247, 75, 58, 157, 218, 81, 126, 123, 99,
       186, 54, 251, 159, 5, 124, 201, 243, 230, 242, 81, 95, 119, 78,
       54, 146, 167, 53, 220, 200, 218, 230, 225, 228, 180, 228, 118,
       118, 46, 202, 201, 185, 37, 239, 176, 38, 174, 130, 62, 190, 181,
       125, 6, 180, 146, 155, 247, 241, 176, 207, 31, 25, 89, 51, 172,
       222, 110, 204, 251, 27, 179, 145, 22, 24, 10, 243, 14, 22, 159,
       239, 156, 78, 173, 151, 61, 149, 81, 77, 93, 87, 194, 121, 85, 64,
       250, 198, 218, 98, 164, 244, 94, 136, 134, 108, 253, 170, 125,
       223, 62, 254, 131, 78, 123, 174, 104, 148, 60, 133, 246, 239, 149,
       251, 115, 123, 23, 129, 79, 2, 211, 113, 168, 100, 113, 62, 51,
       56, 56, 152, 9, 158, 235, 239, 1, 69, 178, 238, 116, 162, 152,
       173, 94, 241, 246, 203, 248, 71, 54, 49, 246, 50, 25, 159, 178,
       97, 107, 175, 127, 184, 118, 253, 1, 223, 126, 171, 191, 197, 103,
       136, 239, 138, 138, 174, 111, 241, 246, 147, 248, 87, 62, 185,
       246, 243, 25, 159, 180, 225, 111, 191, 151, 152, 54, 222, 35, 215,
       95, 233, 186, 193, 167, 128, 239, 235, 194, 143, 157, 125, 155,
       96, 60, 175, 58, 23, 106, 177, 236, 166, 0, 82, 229, 95, 232, 128,
       114, 88, 163, 119, 109, 182, 222, 75, 128, 64, 175, 26, 232, 125,
       189, 254, 217, 109, 95, 190, 147, 247, 172, 8, 242, 247, 67, 115,
       193, 254, 121, 202, 43, 74, 251, 59, 239, 255, 197, 56, 138, 241,
       198, 122, 39, 189, 97, 75, 217, 255, 75, 186, 119, 113, 236, 8,
       211, 118, 149, 116, 89, 222, 94, 248, 187, 10, 125, 63, 45, 252,
       5, 124, 178, 167, 70, 244, 86, 86, 140, 165, 42, 38, 138, 24, 54,
       251, 155, 247, 215, 110, 203, 74, 253, 197, 237, 183, 141, 212,
