%YAML:1.0
---
descriptors: !!opencv-matrix
   rows: 388
   cols: 32
   dt: u
   data: [ 221, 240, 157, 247, 172, 78, 71, 152, 123, 250, 167, 92, 223,
       119, 73, 187, 149, 212, 125, 126, 251, 69, 251, 34, 201, 251, 69,
       124, 138, 179, 195, 49, 139, 218, 247, 21, 50, 155, 170, 223, 126,
       173, 82, 246, 108, 224, 180, 228, 55, 127, 234, 189, 247, 217, 45,
       223, 44, 38, 63, 198, 127, 164, 129, 61, 80, 184, 185, 242, 138,
       237, 89, 155, 170, 127, 140, 25, 183, 191, 65, 26, 167, 211, 125,
       145, 26, 73, 218, 49, 219, 197, 125, 126, 160, 65, 7, 123, 219, 1,
       175, 173, 13, 86, 201, 105, 54, 225, 195, 151, 88, 254, 54, 96,
       253, 205, 251, 173, 221, 199, 251, 221, 155, 107, 223, 214, 13,
       36, 176, 114, 171, 52, 167, 156, 77, 247, 211, 72, 199, 232, 205,
       27, 208, 220, 119, 111, 217, 100, 123, 183, 159, 227, 250, 149,
       27, 90, 139, 63, 19, 13, 116, 246, 110, 177, 176, 178, 237, 125,
       148, 207, 139, 183, 189, 25, 140, 254, 78, 142, 201, 27, 235, 17,
       18, 107, 218, 192, 153, 208, 95, 127, 130, 76, 143, 198, 198, 189,
       190, 158, 223, 253, 183, 239, 190, 247, 136, 25, 236, 254, 111,
       207, 243, 255, 234, 19, 50, 107, 251, 243, 189, 54, 95, 123, 144,
       121, 165, 239, 38, 176, 58, 210, 101, 253, 240, 202, 95, 77, 125,
       25, 128, 220, 126, 40, 216, 26, 179, 19, 150, 176, 58, 241, 79,
       89, 146, 107, 220, 75, 88, 150, 253, 5, 205, 165, 180, 42, 71, 59,
       116, 162, 223, 88, 215, 97, 145, 67, 89, 230, 108, 46, 121, 248,
       73, 14, 236, 238, 229, 20, 236, 234, 208, 32, 53, 172, 139, 255,
       222, 43, 238, 237, 30, 163, 219, 242, 243, 249, 249, 98, 121, 222,
       123, 175, 122, 242, 201, 171, 188, 166, 207, 36, 181, 251, 176,
       138, 44, 112, 248, 225, 109, 127, 210, 216, 87, 177, 181, 24, 219,
       93, 79, 42, 217, 216, 215, 122, 10, 102, 123, 144, 79, 221, 37,
       125, 247, 251, 94, 178, 123, 112, 120, 72, 89, 221, 82, 200, 203,
       84, 165, 8, 106, 222, 47, 181, 216, 152, 204, 98, 14, 35, 250,
       157, 211, 217, 1, 63, 114, 143, 78, 70, 131, 97, 7, 143, 77, 254,
       174, 78, 206, 104, 219, 82, 192, 136, 180, 228, 200, 12, 122, 79,
       197, 179, 247, 146, 53, 48, 139, 50, 30, 94, 249, 164, 249, 69,
       77, 237, 28, 6, 79, 60, 84, 224, 238, 6, 83, 97, 49, 112, 120,
       196, 59, 238, 233, 178, 121, 14, 243, 237, 129, 20, 59, 187, 112,
       40, 104, 189, 56, 117, 96, 237, 113, 51, 224, 47, 126, 24, 183,
       21, 2, 56, 160, 182, 76, 8, 24, 248, 240, 5, 199, 191, 112, 17,
       64, 192, 70, 226, 15, 180, 56, 200, 125, 253, 242, 218, 79, 89,
       93, 18, 14, 216, 127, 172, 249, 9, 151, 57, 151, 38, 186, 209, 31,
       93, 11, 239, 214, 47, 123, 231, 120, 216, 87, 207, 68, 70, 111,
       252, 69, 98, 230, 2, 115, 55, 169, 116, 124, 212, 62, 234, 73,
       147, 57, 189, 119, 174, 230, 4, 51, 250, 116, 122, 197, 237, 171,
       246, 164, 42, 238, 185, 186, 218, 30, 193, 213, 239, 251, 98, 179,
       111, 61, 127, 243, 65, 170, 34, 234, 239, 239, 172, 132, 243, 217,
       241, 246, 189, 159, 158, 248, 247, 252, 235, 190, 191, 184, 17,
       244, 250, 108, 83, 249, 231, 127, 145, 118, 79, 219, 255, 185,
       183, 223, 127, 144, 96, 231, 194, 49, 155, 233, 215, 180, 43, 233,
       23, 118, 235, 118, 246, 243, 37, 144, 108, 95, 238, 52, 156, 185,
       248, 101, 47, 204, 239, 241, 192, 237, 232, 208, 121, 63, 102, 98,
       8, 87, 115, 203, 90, 85, 228, 252, 175, 75, 76, 183, 180, 126,
       168, 134, 250, 140, 179, 100, 158, 50, 77, 129, 179, 247, 255,
       126, 213, 64, 153, 188, 191, 172, 205, 181, 175, 158, 61, 142, 17,
       245, 254, 34, 66, 193, 51, 59, 1, 86, 73, 123, 53, 237, 167, 127,
       91, 16, 88, 141, 75, 84, 191, 108, 247, 164, 92, 254, 176, 98,
       252, 158, 231, 113, 109, 222, 67, 54, 230, 125, 238, 212, 120,
       239, 253, 126, 233, 231, 161, 47, 242, 252, 91, 48, 140, 177, 173,
       60, 198, 139, 239, 30, 77, 216, 3, 247, 37, 32, 64, 217, 29, 55,
       1, 26, 42, 235, 159, 233, 231, 187, 220, 180, 10, 181, 250, 246,
       108, 8, 168, 8, 227, 206, 74, 20, 194, 168, 25, 147, 143, 53, 25,
       216, 169, 95, 238, 40, 7, 66, 62, 241, 205, 139, 185, 49, 121, 90,
       194, 43, 19, 111, 77, 126, 27, 249, 88, 111, 64, 246, 230, 217,
       140, 180, 97, 110, 61, 127, 237, 129, 179, 119, 220, 86, 121, 34,
       136, 95, 140, 99, 245, 41, 76, 211, 206, 85, 132, 79, 212, 83, 0,
       236, 74, 115, 225, 181, 244, 88, 252, 18, 202, 201, 178, 240, 169,
       55, 188, 128, 40, 19, 251, 114, 172, 42, 40, 38, 126, 77, 221,
       144, 96, 139, 4, 177, 9, 106, 220, 126, 5, 200, 187, 211, 67, 78,
       99, 218, 249, 27, 88, 89, 59, 87, 15, 94, 206, 194, 17, 23, 156,
       207, 66, 180, 109, 184, 224, 241, 251, 236, 246, 40, 143, 250,
       245, 123, 227, 113, 99, 146, 205, 177, 50, 203, 190, 8, 57, 171,
       151, 30, 143, 167, 155, 188, 123, 167, 250, 110, 127, 223, 247,
       195, 228, 191, 207, 105, 78, 238, 14, 179, 241, 111, 179, 188, 99,
       247, 129, 150, 255, 245, 245, 187, 188, 199, 159, 164, 182, 236,
       159, 87, 251, 218, 215, 113, 40, 150, 237, 125, 206, 63, 157, 189,
       220, 221, 191, 46, 107, 255, 192, 175, 220, 248, 221, 173, 16,
       188, 221, 236, 118, 189, 159, 222, 255, 86, 52, 208, 125, 151,
       111, 197, 70, 51, 12, 177, 252, 123, 192, 79, 59, 255, 132, 136,
       248, 213, 243, 84, 56, 62, 161, 2, 239, 121, 50, 166, 164, 142, 1,
       215, 151, 66, 80, 182, 181, 125, 224, 8, 145, 177, 24, 217, 225,
       43, 21, 32, 33, 37, 82, 137, 182, 83, 188, 58, 175, 26, 122, 28,
       201, 120, 247, 191, 231, 160, 192, 87, 59, 134, 36, 167, 162, 66,
       159, 238, 205, 32, 184, 190, 200, 9, 209, 248, 49, 28, 96, 168,
       205, 81, 16, 161, 156, 164, 9, 151, 151, 65, 27, 2, 176, 77, 88,
       26, 73, 178, 16, 203, 201, 32, 121, 96, 128, 70, 107, 152, 253,
       51, 124, 155, 205, 87, 254, 185, 90, 224, 24, 62, 255, 40, 177,
       183, 251, 221, 66, 115, 111, 26, 255, 243, 251, 84, 58, 82, 81,
       167, 171, 109, 57, 233, 69, 236, 31, 231, 121, 74, 234, 113, 78,
       115, 56, 214, 50, 156, 236, 118, 111, 213, 122, 253, 8, 127, 15,
       101, 48, 205, 170, 82, 197, 93, 191, 100, 243, 149, 182, 250, 179,
       103, 185, 158, 102, 121, 123, 150, 224, 253, 246, 253, 152, 139,
       120, 105, 255, 127, 207, 167, 192, 171, 198, 248, 27, 218, 138,
       205, 181, 162, 34, 25, 43, 23, 163, 214, 178, 125, 39, 128, 72,
       119, 223, 189, 129, 56, 221, 73, 222, 216, 231, 255, 196, 167,
       224, 165, 41, 123, 242, 199, 181, 83, 26, 32, 117, 51, 241, 99,
       230, 109, 34, 128, 247, 118, 237, 160, 149, 197, 218, 229, 204,
       188, 98, 87, 66, 43, 164, 162, 237, 229, 184, 149, 87, 205, 77,
       71, 185, 251, 251, 161, 24, 246, 247, 72, 190, 129, 94, 120, 26,
       115, 76, 251, 51, 143, 222, 85, 124, 130, 96, 194, 50, 91, 39,
       114, 200, 186, 51, 30, 95, 189, 34, 220, 250, 13, 186, 165, 244,
       183, 59, 223, 170, 180, 3, 0, 254, 178, 253, 26, 187, 150, 211,
       139, 133, 49, 53, 43, 105, 221, 175, 195, 90, 84, 105, 252, 8,
       242, 184, 29, 32, 216, 170, 82, 61, 141, 178, 112, 30, 119, 221,
       129, 56, 217, 74, 82, 170, 220, 134, 223, 252, 146, 98, 111, 171,
       181, 134, 206, 178, 109, 227, 169, 64, 115, 231, 46, 170, 120,
       135, 47, 239, 250, 231, 239, 133, 183, 240, 165, 32, 48, 21, 122,
       104, 112, 203, 81, 119, 113, 12, 252, 41, 51, 31, 2, 16, 152, 186,
       69, 32, 104, 186, 112, 30, 115, 237, 32, 17, 113, 136, 70, 235,
       217, 92, 127, 85, 42, 30, 117, 50, 245, 114, 246, 116, 219, 55,
       128, 127, 39, 212, 124, 42, 233, 213, 117, 141, 199, 251, 112,
       146, 46, 177, 64, 49, 220, 126, 252, 243, 252, 200, 127, 152, 186,
       222, 54, 39, 243, 93, 91, 10, 127, 249, 53, 243, 170, 116, 203,
       58, 238, 143, 231, 164, 229, 179, 68, 243, 90, 134, 207, 253, 154,
       98, 73, 47, 55, 167, 206, 146, 105, 163, 160, 88, 119, 215, 61,
