%YAML:1.0
---
descriptors: !!opencv-matrix
   rows: 222
   cols: 32
   dt: u
   data: [ 133, 89, 95, 69, 36, 78, 239, 176, 108, 232, 114, 64, 211, 1,
       149, 243, 54, 116, 124, 106, 225, 176, 53, 108, 164, 171, 103,
       128, 109, 179, 67, 49, 65, 107, 142, 37, 12, 156, 96, 150, 238,
       245, 130, 77, 183, 168, 82, 194, 128, 100, 104, 85, 150, 105, 210,
       32, 204, 245, 95, 81, 136, 0, 91, 28, 24, 180, 187, 250, 155, 253,
       145, 71, 255, 83, 189, 24, 190, 253, 108, 40, 171, 59, 221, 17,
       19, 107, 178, 210, 219, 223, 22, 123, 211, 64, 167, 123, 17, 156,
       77, 225, 150, 175, 105, 23, 102, 113, 74, 150, 145, 3, 48, 96, 39,
       130, 26, 156, 19, 152, 117, 247, 205, 207, 146, 64, 189, 200, 241,
       56, 49, 152, 239, 252, 46, 3, 207, 249, 86, 74, 214, 230, 113,
       237, 187, 96, 127, 236, 63, 173, 233, 227, 47, 159, 240, 239, 255,
       152, 61, 168, 112, 113, 121, 189, 57, 240, 189, 253, 81, 23, 223,
       121, 172, 28, 190, 157, 66, 40, 129, 170, 126, 29, 155, 41, 242,
       183, 219, 221, 17, 122, 218, 72, 208, 122, 91, 50, 111, 173, 98,
       162, 169, 83, 44, 77, 214, 247, 185, 135, 242, 90, 110, 157, 191,
       133, 131, 159, 183, 192, 212, 97, 186, 128, 45, 132, 51, 249, 33,
       2, 123, 204, 116, 43, 73, 89, 89, 234, 253, 110, 83, 9, 181, 56,
       222, 172, 22, 44, 137, 182, 96, 154, 86, 157, 161, 180, 220, 168,
       82, 161, 53, 47, 236, 39, 36, 47, 206, 48, 100, 234, 159, 239,
       243, 40, 211, 3, 30, 230, 93, 111, 204, 240, 77, 44, 236, 15, 101,
       144, 109, 255, 90, 89, 121, 135, 70, 236, 180, 35, 106, 123, 5,
       72, 254, 230, 83, 107, 180, 112, 124, 166, 30, 236, 157, 187, 5,
       157, 186, 239, 162, 192, 63, 234, 240, 17, 85, 82, 126, 231, 44,
       11, 95, 216, 76, 232, 223, 239, 215, 28, 191, 96, 118, 245, 127,
       111, 205, 177, 109, 216, 242, 137, 171, 180, 60, 187, 89, 81, 6,
       232, 180, 155, 109, 197, 184, 232, 30, 180, 80, 3, 236, 222, 109,
       9, 217, 121, 163, 83, 2, 112, 90, 241, 13, 18, 207, 111, 20, 43,
       21, 134, 255, 106, 68, 225, 237, 59, 74, 200, 19, 186, 179, 250,
       75, 10, 221, 191, 249, 196, 228, 246, 45, 118, 201, 176, 154, 203,
       193, 247, 247, 191, 90, 133, 242, 249, 19, 178, 41, 221, 146, 228,
       171, 252, 176, 41, 174, 158, 68, 150, 132, 245, 253, 83, 79, 79,
       178, 241, 155, 208, 30, 251, 2, 13, 7, 127, 40, 165, 97, 43, 124,
       201, 171, 97, 204, 97, 185, 169, 179, 205, 60, 144, 200, 162, 219,
       101, 211, 43, 92, 191, 109, 29, 170, 120, 93, 14, 215, 250, 134,
       149, 17, 139, 244, 231, 170, 238, 30, 233, 88, 115, 244, 122, 60,
       96, 255, 91, 19, 241, 115, 184, 89, 255, 44, 22, 143, 198, 157,
       90, 177, 189, 43, 48, 240, 77, 125, 29, 232, 88, 91, 105, 116, 46,
       136, 156, 214, 166, 206, 140, 150, 156, 135, 62, 228, 209, 22,
       125, 146, 171, 95, 140, 90, 221, 155, 76, 111, 252, 66, 198, 173,
       119, 149, 66, 212, 211, 57, 191, 48, 97, 110, 185, 147, 172, 233,
       159, 52, 206, 115, 107, 218, 128, 63, 212, 163, 248, 45, 118, 233,
       227, 244, 119, 251, 216, 86, 237, 93, 102, 81, 253, 251, 32, 95,
       88, 23, 254, 139, 50, 253, 178, 79, 77, 165, 172, 191, 255, 84,
       241, 242, 209, 109, 234, 180, 198, 223, 173, 25, 76, 243, 147, 91,
       93, 62, 113, 222, 145, 21, 231, 248, 143, 125, 223, 251, 123, 174,
       215, 21, 134, 244, 115, 97, 39, 216, 71, 100, 30, 238, 53, 112,
       234, 123, 236, 243, 40, 156, 179, 30, 236, 116, 110, 253, 250,
       205, 42, 38, 175, 101, 128, 77, 242, 202, 157, 11, 50, 102, 153,
       125, 213, 184, 74, 204, 221, 212, 167, 168, 204, 54, 135, 238, 41,
       155, 181, 166, 235, 118, 204, 30, 89, 186, 203, 95, 12, 125, 223,
       90, 25, 54, 238, 43, 246, 58, 80, 142, 77, 223, 35, 124, 159, 39,
       194, 230, 183, 191, 129, 148, 139, 179, 252, 211, 229, 170, 219,
       18, 7, 45, 83, 134, 255, 250, 242, 238, 224, 183, 198, 202, 158,
       25, 179, 172, 252, 237, 11, 167, 123, 39, 83, 82, 125, 142, 243,
       124, 0, 127, 235, 132, 115, 151, 163, 58, 242, 102, 136, 127, 83,
       152, 200, 15, 93, 221, 175, 8, 204, 62, 140, 222, 153, 215, 177,
       206, 167, 127, 209, 19, 87, 154, 255, 87, 14, 61, 215, 134, 188,
       191, 221, 95, 215, 185, 248, 214, 255, 212, 22, 112, 255, 175,
       111, 125, 125, 59, 184, 163, 255, 187, 223, 95, 46, 239, 230, 189,
       40, 37, 243, 127, 80, 241, 198, 101, 93, 207, 216, 75, 238, 189,
       14, 74, 253, 255, 190, 92, 220, 150, 106, 201, 35, 248, 224, 51,
       93, 133, 190, 211, 255, 86, 245, 14, 164, 144, 155, 213, 113, 190,
       203, 31, 179, 89, 19, 204, 252, 109, 140, 249, 91, 147, 147, 54,
       112, 75, 243, 47, 22, 159, 111, 151, 127, 157, 134, 126, 172, 169,
       164, 157, 86, 206, 234, 19, 238, 137, 11, 67, 172, 81, 130, 201,
       237, 241, 151, 60, 107, 251, 170, 185, 247, 207, 63, 193, 109,
       118, 86, 90, 17, 54, 172, 59, 117, 184, 73, 15, 5, 219, 163, 237,
       222, 43, 196, 254, 149, 191, 145, 28, 155, 83, 213, 147, 241, 138,
       203, 54, 7, 45, 87, 213, 81, 127, 231, 50, 78, 111, 52, 44, 140,
       119, 66, 117, 87, 137, 113, 118, 212, 62, 234, 225, 180, 53, 76,
       245, 170, 102, 128, 101, 178, 101, 121, 205, 92, 255, 69, 36, 110,
       107, 16, 120, 234, 119, 64, 223, 53, 145, 63, 54, 116, 124, 106,
       161, 244, 185, 72, 197, 251, 97, 4, 100, 243, 71, 97, 188, 77,
       106, 238, 30, 135, 75, 112, 213, 0, 255, 2, 115, 201, 177, 96,
       120, 184, 31, 234, 232, 163, 46, 191, 243, 237, 163, 136, 119,
       171, 120, 33, 17, 147, 19, 235, 180, 199, 234, 121, 30, 73, 89,
       102, 247, 223, 184, 224, 222, 59, 31, 235, 219, 152, 73, 191, 165,
       236, 170, 192, 28, 139, 177, 177, 2, 193, 8, 139, 212, 129, 62,
       167, 12, 1, 88, 2, 164, 26, 32, 64, 192, 10, 19, 193, 86, 24, 80,
       253, 45, 33, 142, 67, 20, 10, 185, 142, 97, 189, 57, 250, 253,
       189, 81, 55, 95, 105, 172, 12, 182, 189, 102, 112, 209, 170, 31,
       28, 155, 59, 240, 183, 255, 221, 16, 122, 152, 74, 210, 122, 34,
       221, 234, 142, 223, 192, 190, 230, 138, 69, 88, 163, 40, 254, 119,
       64, 239, 251, 179, 195, 82, 11, 158, 241, 61, 36, 142, 235, 21,
       127, 189, 223, 39, 133, 32, 139, 21, 183, 130, 236, 70, 69, 89, 7,
       96, 72, 62, 36, 216, 10, 19, 103, 167, 176, 60, 189, 40, 28, 139,
       198, 93, 31, 120, 198, 39, 115, 233, 170, 252, 71, 223, 216, 91,
       72, 217, 111, 87, 220, 255, 32, 222, 201, 23, 255, 207, 50, 108,
       250, 118, 13, 173, 172, 253, 255, 242, 245, 159, 173, 47, 179,
       149, 247, 237, 199, 85, 123, 150, 19, 25, 29, 86, 41, 233, 131,
       27, 157, 255, 253, 53, 230, 127, 91, 222, 196, 167, 13, 240, 250,
       237, 223, 232, 68, 252, 54, 223, 184, 83, 234, 254, 238, 89, 121,
       159, 116, 95, 198, 182, 238, 237, 114, 237, 174, 126, 111, 165,
       188, 111, 255, 216, 85, 49, 146, 239, 252, 62, 3, 201, 123, 86,
       72, 214, 230, 113, 237, 178, 97, 126, 172, 63, 173, 137, 255, 39,
       29, 208, 170, 251, 156, 61, 168, 112, 121, 137, 146, 111, 217, 36,
       184, 233, 23, 92, 89, 118, 246, 185, 12, 150, 105, 110, 10, 55,
       157, 151, 188, 101, 213, 70, 123, 114, 192, 223, 140, 241, 253,
       255, 162, 252, 225, 173, 59, 218, 152, 91, 187, 55, 186, 203, 41,
       223, 159, 223, 205, 245, 114, 188, 116, 205, 144, 142, 219, 193,
       247, 255, 239, 90, 5, 218, 114, 242, 221, 107, 80, 121, 81, 191,
       93, 215, 182, 12, 151, 226, 223, 102, 157, 191, 128, 74, 85, 179,
       192, 215, 240, 218, 131, 38, 132, 45, 115, 121, 70, 195, 76, 100,
       59, 110, 87, 101, 139, 254, 230, 27, 163, 181, 244, 126, 140, 54,
       172, 201, 178, 101, 194, 54, 236, 176, 132, 63, 248, 240, 173,
       130, 148, 255, 221, 90, 39, 177, 123, 86, 171, 214, 118, 112, 255,
       164, 101, 125, 61, 51, 168, 161, 246, 211, 223, 95, 46, 219, 198,
       217, 40, 33, 187, 103, 166, 220, 155, 252, 57, 216, 9, 91, 95,
       189, 187, 204, 106, 94, 10, 219, 131, 207, 181, 62, 98, 79, 215,
