%YAML:1.0
---
descriptors: !!opencv-matrix
   rows: 278
   cols: 32
   dt: u
   data: [ 56, 1, 98, 237, 197, 19, 111, 117, 113, 0, 127, 2, 91, 43,
       184, 212, 122, 172, 23, 238, 216, 178, 36, 140, 118, 237, 160,
       192, 119, 174, 242, 160, 95, 255, 238, 119, 230, 22, 255, 188,
       117, 250, 86, 230, 89, 127, 159, 107, 55, 87, 181, 239, 229, 208,
       173, 236, 110, 239, 255, 132, 167, 245, 253, 241, 2, 75, 70, 157,
       114, 144, 184, 198, 188, 4, 74, 167, 44, 174, 183, 64, 230, 107,
       179, 197, 134, 152, 6, 253, 102, 50, 154, 139, 28, 20, 57, 223,
       62, 109, 226, 186, 237, 17, 222, 239, 137, 218, 184, 175, 40, 232,
       119, 147, 237, 227, 215, 231, 110, 99, 138, 234, 58, 89, 143, 187,
       223, 126, 250, 159, 175, 115, 126, 108, 174, 23, 94, 89, 213, 234,
       149, 233, 93, 223, 187, 41, 150, 113, 221, 111, 229, 135, 46, 156,
       226, 219, 109, 190, 62, 183, 162, 115, 45, 9, 98, 79, 85, 147,
       231, 113, 85, 192, 125, 2, 104, 233, 183, 164, 120, 184, 130, 234,
       193, 178, 44, 223, 118, 60, 129, 1, 119, 175, 122, 164, 227, 71,
       98, 4, 102, 16, 236, 119, 121, 194, 218, 239, 104, 172, 246, 163,
       126, 237, 55, 231, 229, 243, 166, 200, 54, 57, 238, 136, 109, 244,
       122, 221, 154, 109, 126, 180, 179, 242, 190, 103, 189, 198, 94,
       163, 45, 174, 167, 135, 42, 119, 135, 243, 100, 249, 36, 236, 50,
       195, 206, 131, 167, 244, 47, 223, 46, 92, 18, 159, 221, 215, 182,
       104, 159, 4, 93, 3, 236, 252, 35, 196, 216, 123, 131, 67, 6, 178,
       90, 255, 37, 118, 139, 11, 83, 63, 61, 198, 13, 44, 90, 81, 215,
       185, 106, 210, 127, 35, 118, 26, 141, 195, 197, 156, 35, 170, 2,
       26, 19, 180, 150, 226, 78, 141, 17, 97, 235, 201, 75, 128, 127,
       190, 176, 90, 251, 245, 154, 218, 155, 254, 156, 175, 104, 252,
       223, 166, 157, 89, 215, 19, 182, 99, 186, 243, 91, 95, 141, 255,
       215, 127, 22, 215, 138, 57, 232, 245, 67, 213, 189, 103, 27, 246,
       68, 147, 173, 143, 66, 9, 174, 59, 179, 133, 64, 216, 242, 194,
       199, 81, 222, 171, 39, 196, 135, 250, 173, 104, 228, 65, 196, 31,
       199, 156, 81, 242, 180, 94, 83, 40, 223, 47, 89, 204, 18, 127,
       249, 246, 125, 160, 110, 10, 197, 20, 239, 255, 240, 228, 49, 143,
       75, 254, 158, 163, 199, 247, 212, 0, 219, 230, 113, 233, 176, 64,
       126, 234, 6, 206, 251, 171, 12, 191, 120, 175, 166, 72, 53, 202,
       240, 169, 101, 219, 141, 143, 60, 158, 3, 184, 142, 124, 144, 101,
       246, 226, 171, 194, 212, 100, 236, 103, 207, 1, 233, 61, 128, 53,
       171, 180, 24, 43, 25, 89, 90, 221, 124, 252, 62, 208, 23, 174,
       141, 4, 204, 162, 191, 119, 39, 97, 66, 243, 159, 224, 106, 9,
       119, 253, 243, 231, 138, 27, 52, 16, 53, 106, 34, 205, 121, 203,
       85, 215, 190, 230, 94, 1, 88, 3, 160, 92, 52, 32, 217, 59, 147,
       67, 194, 184, 92, 255, 45, 28, 142, 67, 85, 27, 213, 142, 2, 220,
       150, 156, 115, 212, 188, 231, 189, 5, 88, 162, 172, 190, 38, 196,
       230, 123, 147, 129, 70, 139, 18, 237, 53, 54, 94, 139, 30, 20,
       173, 159, 184, 193, 118, 225, 53, 199, 88, 92, 5, 45, 246, 18, 11,
       31, 48, 69, 126, 145, 159, 248, 174, 181, 81, 159, 243, 219, 129,
       149, 55, 158, 212, 11, 248, 64, 116, 237, 47, 86, 94, 60, 69, 2,
       246, 2, 123, 31, 180, 244, 126, 213, 191, 234, 204, 183, 101, 191,
       243, 255, 242, 145, 119, 159, 224, 11, 240, 172, 190, 248, 141,
       105, 85, 239, 159, 55, 164, 25, 6, 253, 98, 27, 201, 211, 105, 17,
       58, 111, 218, 51, 251, 211, 85, 127, 208, 88, 142, 10, 68, 188,
       17, 250, 223, 237, 113, 206, 143, 51, 32, 88, 150, 215, 104, 219,
       129, 27, 123, 16, 83, 15, 154, 113, 61, 144, 85, 110, 144, 25,
       197, 162, 176, 110, 106, 45, 82, 139, 239, 124, 116, 228, 246,
       143, 3, 13, 182, 17, 62, 172, 7, 238, 232, 191, 5, 30, 114, 9, 33,
       129, 117, 136, 110, 248, 2, 205, 3, 153, 20, 130, 190, 167, 28, 5,
       74, 3, 228, 42, 48, 64, 217, 59, 19, 129, 114, 152, 65, 255, 45,
       54, 158, 67, 20, 8, 181, 14, 109, 84, 57, 111, 36, 78, 103, 184,
       121, 232, 123, 64, 211, 127, 25, 112, 148, 92, 117, 110, 193, 180,
       249, 46, 231, 255, 101, 4, 64, 179, 70, 241, 36, 41, 23, 249, 232,
       224, 101, 206, 46, 19, 104, 0, 52, 215, 41, 216, 200, 27, 51, 82,
       3, 208, 83, 113, 69, 138, 250, 0, 144, 81, 230, 226, 134, 56, 186,
       209, 169, 253, 177, 194, 158, 187, 68, 24, 156, 150, 99, 41, 193,
       59, 179, 17, 18, 92, 50, 240, 205, 19, 91, 115, 144, 73, 5, 166,
       32, 206, 90, 83, 112, 171, 239, 224, 61, 14, 113, 234, 49, 3, 172,
       17, 127, 153, 7, 238, 104, 178, 72, 125, 118, 138, 178, 132, 81,
       147, 98, 169, 6, 194, 18, 130, 71, 81, 184, 204, 14, 21, 243, 19,
       236, 198, 106, 196, 250, 153, 142, 160, 66, 39, 27, 209, 21, 16,
       138, 47, 21, 30, 165, 134, 194, 123, 188, 85, 136, 12, 189, 23,
       174, 182, 166, 133, 132, 135, 71, 31, 6, 53, 107, 28, 192, 105,
       211, 64, 69, 184, 87, 22, 72, 240, 3, 184, 70, 8, 138, 184, 205,
       161, 184, 67, 142, 23, 201, 155, 140, 170, 99, 202, 203, 41, 251,
       145, 22, 75, 210, 208, 92, 119, 218, 123, 152, 77, 173, 134, 1,
       159, 91, 251, 52, 175, 107, 150, 94, 73, 90, 102, 183, 243, 177,
       96, 223, 59, 30, 28, 163, 184, 97, 255, 236, 254, 50, 192, 156,
       201, 113, 185, 108, 235, 165, 161, 44, 73, 73, 156, 134, 189, 146,
       201, 167, 37, 88, 130, 204, 68, 237, 85, 26, 8, 203, 177, 141,
       213, 253, 253, 146, 158, 148, 120, 100, 163, 169, 33, 188, 75,
       199, 1, 234, 229, 170, 137, 147, 45, 86, 18, 136, 196, 109, 85,
       28, 41, 225, 0, 236, 221, 5, 117, 192, 138, 214, 82, 211, 153, 19,
       190, 155, 212, 54, 231, 187, 81, 192, 17, 62, 190, 34, 240, 167,
       211, 249, 193, 119, 11, 178, 247, 185, 244, 30, 75, 56, 4, 163,
       95, 34, 221, 48, 137, 181, 195, 182, 239, 76, 13, 88, 99, 172, 12,
       52, 68, 218, 27, 135, 97, 210, 184, 73, 253, 45, 20, 174, 195, 85,
       14, 149, 203, 109, 117, 149, 231, 36, 78, 103, 184, 40, 170, 59,
       72, 215, 119, 73, 178, 144, 84, 125, 106, 73, 240, 217, 42, 229,
       254, 37, 52, 72, 123, 67, 32, 82, 20, 190, 204, 63, 118, 57, 75,
       189, 79, 223, 51, 204, 190, 47, 111, 255, 157, 191, 160, 60, 195,
       49, 200, 147, 243, 202, 15, 146, 109, 45, 119, 4, 208, 183, 251,
       2, 199, 169, 216, 110, 81, 99, 2, 221, 215, 40, 72, 118, 17, 59,
       216, 3, 176, 59, 80, 77, 142, 30, 68, 209, 2, 37, 242, 218, 241,
       250, 64, 139, 81, 28, 207, 171, 213, 180, 191, 13, 174, 103, 182,
       182, 213, 253, 244, 140, 67, 182, 194, 251, 93, 15, 191, 167, 244,
       175, 95, 210, 149, 190, 177, 163, 126, 249, 99, 61, 125, 247, 50,
       12, 62, 38, 123, 235, 151, 255, 177, 61, 217, 49, 192, 223, 243,
       218, 199, 129, 68, 175, 87, 57, 223, 111, 254, 62, 135, 79, 244,
       213, 200, 254, 230, 115, 229, 177, 96, 94, 226, 30, 206, 233, 171,
       46, 175, 242, 239, 164, 152, 63, 187, 112, 57, 49, 190, 203, 251,
       244, 171, 235, 219, 23, 75, 94, 230, 113, 237, 176, 96, 127, 170,
       22, 156, 187, 190, 45, 255, 254, 207, 182, 192, 253, 202, 240,
       249, 41, 69, 98, 73, 85, 119, 227, 120, 69, 72, 125, 2, 88, 93,
       189, 164, 120, 24, 146, 106, 193, 178, 52, 222, 103, 29, 128, 4,
       119, 222, 116, 164, 105, 93, 149, 197, 234, 174, 23, 150, 203,
       168, 62, 8, 190, 51, 193, 118, 134, 119, 52, 72, 65, 56, 112, 248,
       103, 252, 117, 50, 154, 242, 129, 43, 157, 73, 251, 241, 195, 206,
       121, 223, 126, 199, 102, 18, 29, 215, 99, 120, 55, 25, 26, 216,
       99, 148, 49, 82, 223, 207, 23, 68, 177, 144, 37, 242, 3, 95, 91,
       143, 114, 146, 191, 54, 29, 76, 94, 231, 253, 14, 183, 228, 118,
       59, 151, 239, 197, 152, 37, 239, 36, 60, 170, 130, 30, 182, 41,
       253, 226, 105, 232, 140, 124, 193, 187, 198, 139, 228, 156, 139,
       48, 159, 119, 2, 200, 119, 123, 213, 64, 11, 226, 226, 127, 29,
       158, 187, 21, 153, 118, 218, 43, 180, 234, 17, 215, 247, 185, 199,
