%YAML:1.0
---
descriptors: !!opencv-matrix
   rows: 298
   cols: 32
   dt: u
   data: [ 56, 13, 106, 239, 28, 135, 203, 122, 86, 36, 254, 11, 115,
       237, 48, 64, 120, 168, 23, 109, 8, 187, 121, 191, 243, 205, 161,
       17, 245, 234, 116, 242, 66, 232, 53, 186, 105, 237, 81, 206, 175,
       93, 132, 9, 174, 215, 110, 31, 129, 179, 255, 17, 10, 75, 202,
       245, 211, 210, 88, 123, 18, 12, 6, 106, 130, 138, 154, 187, 115,
       161, 188, 198, 159, 55, 84, 183, 172, 235, 42, 72, 255, 123, 163,
       132, 38, 216, 10, 247, 78, 87, 26, 171, 26, 92, 169, 155, 61, 133,
       105, 233, 156, 71, 79, 216, 86, 232, 217, 66, 83, 243, 49, 96, 89,
       200, 63, 235, 235, 178, 109, 159, 249, 239, 175, 188, 53, 187,
       112, 160, 211, 222, 199, 183, 162, 34, 60, 150, 60, 247, 82, 247,
       141, 46, 146, 75, 39, 71, 191, 149, 181, 220, 133, 226, 140, 98,
       254, 192, 172, 213, 169, 93, 61, 55, 98, 12, 246, 147, 198, 252,
       84, 200, 248, 102, 115, 216, 183, 164, 94, 232, 22, 111, 205, 179,
       28, 159, 58, 77, 165, 180, 125, 190, 248, 157, 10, 137, 50, 185,
       21, 213, 176, 198, 87, 21, 76, 18, 173, 220, 50, 228, 201, 123,
       179, 193, 2, 184, 114, 183, 135, 214, 154, 75, 82, 28, 189, 254,
       213, 203, 95, 239, 166, 10, 111, 189, 36, 40, 247, 230, 83, 103,
       168, 115, 118, 212, 124, 110, 105, 145, 45, 45, 242, 235, 229,
       148, 44, 179, 224, 57, 108, 77, 124, 71, 117, 91, 127, 176, 125,
       196, 238, 8, 91, 87, 7, 116, 58, 252, 94, 106, 105, 176, 125, 206,
       247, 255, 1, 19, 115, 187, 70, 126, 92, 101, 120, 231, 53, 75, 95,
       61, 53, 4, 239, 8, 255, 87, 10, 84, 90, 217, 223, 234, 104, 178,
       121, 236, 231, 221, 4, 1, 34, 178, 230, 98, 161, 228, 124, 113,
       68, 143, 97, 252, 116, 22, 102, 16, 147, 17, 18, 17, 89, 8, 66,
       110, 96, 244, 89, 63, 71, 139, 112, 68, 104, 152, 66, 170, 96, 57,
       187, 248, 89, 221, 177, 67, 142, 57, 225, 24, 190, 222, 100, 250,
       204, 59, 251, 16, 19, 107, 242, 209, 29, 253, 26, 123, 209, 8, 71,
       250, 193, 172, 159, 91, 73, 233, 233, 207, 255, 119, 234, 25, 190,
       235, 116, 219, 225, 175, 106, 12, 51, 105, 155, 113, 157, 186, 87,
       56, 201, 64, 227, 152, 124, 164, 168, 242, 221, 124, 80, 200, 35,
       245, 172, 9, 107, 123, 74, 210, 249, 206, 249, 20, 14, 67, 155,
       161, 219, 253, 133, 127, 163, 110, 126, 66, 0, 144, 125, 109, 98,
       75, 113, 57, 109, 100, 119, 160, 223, 23, 136, 48, 54, 28, 70, 40,
       193, 176, 113, 93, 71, 251, 32, 132, 112, 130, 71, 249, 226, 168,
       149, 186, 221, 224, 65, 135, 223, 23, 160, 17, 166, 243, 96, 95,
       195, 99, 106, 16, 50, 79, 218, 243, 141, 242, 222, 123, 144, 64,
       167, 202, 253, 117, 113, 102, 169, 109, 87, 217, 225, 174, 189, 8,
       95, 243, 73, 51, 28, 222, 76, 106, 248, 99, 248, 42, 243, 217, 37,
       60, 98, 243, 198, 163, 216, 176, 149, 176, 141, 237, 49, 207, 255,
       119, 160, 27, 174, 191, 72, 218, 161, 147, 234, 17, 63, 111, 187,
       209, 157, 210, 86, 127, 146, 76, 135, 90, 81, 76, 206, 165, 22,
       34, 74, 22, 100, 194, 218, 194, 183, 42, 147, 114, 102, 229, 92,
       173, 141, 149, 197, 10, 240, 239, 170, 144, 172, 240, 57, 25, 189,
       117, 113, 98, 173, 93, 87, 253, 193, 234, 180, 24, 90, 85, 73, 55,
       153, 208, 94, 106, 233, 39, 248, 170, 123, 221, 5, 60, 227, 251,
       214, 115, 229, 114, 249, 69, 36, 78, 227, 24, 120, 234, 119, 100,
       211, 18, 205, 122, 150, 76, 108, 106, 225, 244, 233, 10, 70, 249,
       99, 148, 200, 179, 67, 161, 39, 163, 127, 65, 254, 123, 187, 73,
       238, 125, 125, 175, 77, 204, 182, 161, 190, 15, 214, 127, 150,
       177, 45, 212, 30, 89, 35, 231, 213, 175, 71, 215, 248, 216, 28,
       124, 40, 76, 85, 190, 138, 62, 180, 61, 183, 63, 2, 91, 133, 215,
       237, 66, 237, 111, 211, 49, 243, 251, 112, 185, 88, 152, 206, 27,
       110, 235, 40, 154, 45, 153, 159, 168, 138, 188, 157, 175, 232,
       205, 223, 134, 205, 106, 239, 215, 206, 106, 238, 241, 238, 85,
       175, 185, 22, 159, 94, 199, 194, 152, 151, 178, 163, 236, 53, 7,
       189, 27, 66, 80, 156, 183, 96, 79, 199, 55, 121, 17, 49, 205, 146,
       194, 137, 178, 94, 74, 128, 64, 165, 51, 60, 249, 89, 98, 89, 205,
       82, 200, 7, 160, 173, 9, 27, 159, 73, 16, 216, 145, 205, 240, 10,
       35, 88, 148, 251, 221, 1, 125, 115, 139, 70, 130, 69, 16, 157, 93,
       136, 46, 101, 27, 174, 179, 167, 80, 214, 117, 13, 123, 133, 22,
       104, 56, 49, 229, 243, 64, 77, 186, 85, 20, 200, 224, 193, 48, 65,
       108, 251, 225, 114, 238, 123, 150, 111, 233, 254, 8, 63, 151, 197,
       112, 55, 253, 126, 152, 1, 210, 177, 232, 223, 253, 55, 128, 161,
       209, 103, 41, 220, 251, 18, 56, 185, 157, 82, 216, 187, 92, 180,
       77, 239, 203, 75, 210, 181, 193, 204, 118, 238, 103, 186, 179,
       251, 209, 37, 255, 90, 164, 111, 83, 123, 150, 238, 85, 23, 82,
       73, 59, 113, 230, 214, 151, 107, 45, 150, 247, 121, 228, 181, 172,
       173, 216, 181, 142, 219, 111, 245, 129, 239, 164, 126, 126, 86,
       21, 175, 165, 138, 98, 189, 71, 172, 255, 155, 179, 212, 255, 104,
       74, 237, 55, 127, 145, 25, 193, 147, 192, 217, 167, 255, 151, 132,
       114, 181, 114, 0, 57, 179, 114, 98, 233, 177, 70, 250, 129, 112,
       42, 52, 157, 96, 8, 170, 59, 99, 81, 19, 59, 178, 112, 93, 4, 58,
       106, 193, 64, 39, 187, 9, 150, 107, 85, 116, 186, 233, 51, 252,
       77, 127, 244, 187, 41, 150, 96, 79, 38, 23, 12, 179, 188, 100,
       143, 78, 255, 50, 192, 206, 136, 213, 249, 53, 102, 234, 238, 214,
       19, 127, 248, 86, 134, 255, 138, 115, 237, 185, 112, 127, 254, 51,
       186, 200, 179, 63, 46, 251, 239, 37, 73, 229, 251, 116, 224, 64,
       144, 190, 250, 139, 228, 53, 199, 174, 31, 106, 17, 124, 255, 42,
       90, 167, 19, 123, 16, 22, 201, 18, 97, 75, 175, 94, 75, 144, 80,
       165, 83, 20, 28, 159, 255, 170, 102, 61, 19, 172, 154, 203, 98,
       213, 247, 33, 107, 199, 117, 123, 163, 1, 193, 19, 72, 193, 166,
       250, 128, 152, 115, 37, 51, 244, 104, 156, 120, 142, 69, 81, 200,
       150, 183, 161, 27, 86, 211, 75, 91, 233, 192, 104, 82, 42, 103,
       219, 16, 219, 131, 69, 127, 240, 49, 102, 2, 40, 169, 58, 217, 93,
       213, 176, 71, 158, 13, 116, 3, 40, 157, 39, 128, 201, 59, 131, 1,
       6, 58, 82, 255, 79, 23, 154, 107, 83, 12, 127, 202, 50, 77, 82,
       136, 87, 209, 178, 102, 60, 129, 122, 3, 44, 154, 36, 196, 120,
       171, 131, 193, 70, 187, 0, 255, 48, 36, 154, 35, 247, 12, 125,
       142, 118, 229, 168, 162, 159, 83, 22, 200, 131, 246, 140, 143, 67,
       236, 95, 14, 217, 205, 249, 247, 94, 67, 255, 144, 187, 69, 207,
       127, 165, 119, 30, 94, 196, 185, 157, 214, 201, 236, 49, 143, 171,
       187, 166, 24, 222, 247, 76, 251, 129, 87, 248, 16, 51, 75, 251,
       240, 159, 178, 87, 127, 128, 96, 133, 107, 253, 113, 229, 70, 37,
       94, 71, 61, 83, 234, 183, 8, 90, 117, 149, 55, 24, 244, 116, 106,
       233, 231, 253, 138, 115, 126, 69, 20, 111, 190, 214, 124, 245, 64,
       97, 101, 96, 78, 79, 56, 112, 226, 243, 200, 211, 103, 153, 123,
       50, 212, 125, 238, 233, 246, 253, 14, 245, 170, 229, 132, 100,
       179, 82, 48, 89, 113, 17, 37, 49, 30, 102, 56, 105, 136, 107, 76,
       206, 114, 9, 180, 182, 197, 76, 110, 133, 176, 217, 204, 164, 252,
       2, 6, 74, 55, 11, 5, 60, 113, 112, 98, 93, 221, 82, 80, 203, 161,
       189, 8, 31, 217, 77, 176, 168, 145, 213, 80, 10, 35, 154, 144,
       251, 217, 5, 123, 235, 27, 78, 178, 208, 65, 95, 236, 6, 2, 79,
       45, 36, 32, 194, 2, 83, 99, 33, 83, 112, 196, 40, 234, 104, 151,
       17, 13, 241, 234, 194, 16, 32, 186, 244, 40, 162, 238, 106, 26,
       87, 221, 190, 239, 219, 68, 244, 159, 40, 204, 54, 17, 175, 171,
       195, 197, 230, 47, 38, 255, 127, 24, 28, 123, 85, 12, 207, 222,
       215, 76, 239, 158, 2, 102, 175, 96, 248, 194, 195, 146, 117, 230,
       53, 111, 118, 229, 56, 239, 233, 199, 52, 238, 145, 42, 203, 0,
       45, 241, 49, 116, 238, 181, 225, 208, 223, 197, 147, 205, 155,
