%YAML:1.0
---
descriptors: !!opencv-matrix
   rows: 177
   cols: 32
   dt: u
   data: [ 33, 143, 59, 218, 180, 242, 86, 183, 87, 73, 254, 32, 178,
       246, 166, 116, 201, 42, 30, 24, 191, 138, 98, 191, 170, 254, 180,
       219, 146, 200, 252, 111, 103, 167, 233, 79, 184, 36, 79, 191, 51,
       131, 233, 192, 243, 99, 220, 150, 87, 198, 125, 254, 250, 66, 201,
       43, 46, 190, 165, 148, 228, 243, 210, 32, 216, 252, 17, 251, 59,
       204, 19, 188, 54, 105, 162, 88, 191, 151, 72, 112, 132, 85, 125,
       80, 123, 77, 251, 51, 253, 224, 46, 120, 10, 16, 5, 59, 193, 198,
       215, 190, 124, 11, 172, 125, 218, 163, 17, 222, 220, 66, 184, 163,
       167, 5, 126, 45, 113, 103, 137, 207, 188, 150, 127, 156, 28, 168,
       129, 33, 7, 243, 19, 162, 219, 141, 183, 117, 170, 185, 59, 106,
       92, 223, 104, 2, 174, 61, 83, 243, 209, 59, 138, 84, 61, 0, 47,
       238, 73, 2, 163, 179, 244, 96, 215, 116, 9, 72, 68, 196, 161, 242,
       162, 8, 114, 151, 69, 191, 168, 213, 104, 226, 73, 103, 147, 96,
       145, 162, 199, 26, 105, 113, 98, 18, 202, 198, 51, 138, 43, 224,
       184, 79, 143, 29, 153, 179, 172, 207, 104, 198, 238, 147, 235,
       145, 66, 15, 226, 211, 145, 112, 154, 251, 18, 6, 165, 123, 74,
       145, 150, 218, 11, 208, 48, 77, 175, 17, 131, 48, 252, 246, 44,
       246, 226, 19, 235, 128, 23, 9, 147, 209, 147, 242, 90, 75, 26, 2,
       173, 31, 60, 164, 252, 106, 157, 111, 83, 200, 83, 63, 165, 26,
       83, 249, 89, 59, 89, 216, 101, 122, 58, 103, 251, 19, 251, 207,
       229, 125, 243, 187, 214, 34, 29, 24, 147, 245, 147, 182, 40, 83,
       62, 139, 91, 86, 221, 243, 33, 236, 119, 63, 182, 152, 19, 216,
       145, 130, 141, 239, 190, 192, 170, 228, 169, 161, 2, 162, 20, 187,
       236, 137, 168, 143, 30, 49, 80, 249, 172, 130, 200, 136, 207, 27,
       107, 21, 19, 76, 75, 213, 12, 18, 254, 252, 156, 8, 129, 153, 199,
       74, 215, 221, 38, 14, 237, 48, 237, 138, 242, 102, 217, 42, 181,
       111, 102, 228, 126, 238, 225, 229, 135, 232, 148, 58, 226, 128,
       13, 249, 113, 37, 120, 41, 83, 100, 113, 223, 80, 87, 33, 172,
       186, 9, 31, 155, 1, 144, 162, 173, 204, 0, 12, 187, 144, 28, 211,
       221, 48, 49, 98, 4, 78, 75, 117, 109, 233, 70, 156, 79, 71, 220,
       194, 224, 172, 10, 83, 245, 93, 50, 89, 196, 88, 122, 201, 99,
       255, 58, 251, 141, 133, 60, 121, 251, 82, 224, 60, 20, 59, 254,
       225, 231, 85, 83, 53, 14, 233, 24, 127, 119, 33, 57, 217, 187, 23,
       162, 41, 131, 56, 29, 209, 215, 107, 56, 144, 113, 39, 114, 88,
       145, 149, 247, 163, 110, 53, 183, 44, 59, 74, 0, 223, 55, 8, 107,
       167, 87, 125, 0, 17, 216, 89, 44, 237, 226, 126, 68, 128, 112,
       133, 59, 1, 139, 57, 89, 60, 141, 81, 159, 94, 89, 120, 96, 182,
       129, 160, 96, 197, 42, 38, 28, 147, 56, 99, 53, 205, 159, 52, 104,
       80, 136, 193, 169, 16, 207, 87, 239, 178, 66, 47, 252, 36, 8, 222,
       226, 121, 103, 176, 100, 126, 247, 15, 234, 201, 153, 45, 253,
       248, 228, 175, 128, 55, 178, 165, 57, 101, 236, 200, 101, 220, 46,
       78, 174, 99, 179, 104, 72, 211, 35, 92, 114, 81, 206, 80, 62, 26,
       88, 205, 47, 47, 174, 133, 116, 160, 243, 210, 32, 108, 94, 86,
       226, 124, 35, 82, 184, 133, 248, 191, 237, 91, 237, 225, 217, 215,
       244, 172, 114, 173, 35, 73, 60, 122, 211, 101, 252, 222, 251, 104,
       19, 164, 228, 157, 113, 196, 109, 97, 15, 118, 51, 103, 24, 211,
       241, 88, 57, 89, 14, 98, 58, 58, 244, 219, 19, 205, 239, 117, 100,
       225, 72, 210, 162, 208, 144, 19, 92, 32, 204, 113, 23, 121, 11,
       102, 24, 182, 147, 64, 125, 176, 62, 44, 8, 115, 124, 176, 67,
       193, 184, 112, 10, 66, 128, 227, 41, 209, 72, 94, 255, 78, 10,
       110, 180, 113, 130, 230, 18, 243, 99, 129, 91, 114, 228, 108, 238,
       105, 212, 197, 47, 246, 171, 246, 0, 45, 176, 72, 40, 40, 165, 24,
       97, 221, 93, 85, 175, 11, 53, 45, 25, 142, 29, 74, 16, 153, 27,
       195, 16, 94, 106, 91, 23, 239, 213, 21, 127, 210, 12, 206, 202,
       117, 48, 177, 96, 41, 110, 81, 88, 59, 250, 161, 8, 94, 127, 77,
       62, 179, 221, 93, 58, 9, 99, 249, 0, 219, 220, 69, 62, 202, 113,
       70, 114, 118, 100, 209, 100, 75, 106, 66, 200, 107, 242, 163, 8,
       82, 118, 77, 58, 185, 221, 120, 242, 9, 119, 217, 64, 145, 152,
       69, 54, 233, 115, 66, 134, 104, 141, 61, 126, 184, 237, 87, 179,
       166, 140, 168, 8, 247, 119, 1, 112, 128, 114, 77, 74, 120, 9, 106,
       63, 233, 238, 36, 56, 112, 226, 6, 42, 154, 188, 19, 243, 179,
       213, 184, 223, 55, 57, 84, 49, 173, 159, 104, 165, 183, 27, 151,
       145, 115, 220, 26, 247, 235, 213, 158, 231, 154, 4, 175, 187, 104,
       115, 187, 38, 32, 2, 183, 117, 96, 236, 223, 236, 246, 252, 192,
       22, 158, 127, 229, 99, 201, 243, 168, 8, 224, 245, 111, 170, 76,
       50, 183, 185, 8, 176, 189, 251, 236, 237, 249, 159, 79, 123, 52,
       24, 190, 159, 72, 43, 139, 27, 127, 24, 19, 124, 251, 209, 207,
       219, 118, 124, 212, 136, 197, 251, 153, 246, 16, 251, 51, 157, 61,
       247, 55, 63, 86, 16, 173, 147, 170, 133, 55, 27, 150, 24, 242,
       220, 33, 183, 239, 219, 20, 227, 58, 132, 137, 169, 212, 114, 221,
       99, 160, 10, 114, 216, 40, 186, 179, 249, 215, 91, 201, 27, 191,
       213, 109, 115, 140, 247, 137, 0, 220, 193, 101, 180, 228, 243, 3,
       1, 31, 31, 146, 249, 145, 182, 104, 83, 55, 137, 94, 86, 172, 243,
       161, 236, 245, 63, 180, 152, 155, 216, 176, 194, 139, 255, 158,
       194, 170, 228, 169, 165, 254, 88, 254, 244, 108, 108, 125, 16,
       169, 222, 182, 63, 123, 63, 7, 91, 239, 213, 253, 226, 104, 71,
       243, 232, 215, 251, 242, 147, 39, 241, 102, 123, 218, 181, 144,
       176, 187, 221, 20, 143, 187, 61, 136, 189, 175, 190, 74, 154, 135,
       223, 237, 20, 30, 75, 202, 51, 251, 209, 28, 127, 136, 4, 143, 91,
       248, 160, 159, 112, 201, 205, 81, 71, 235, 179, 164, 24, 22, 183,
       64, 27, 161, 178, 104, 24, 58, 111, 178, 0, 219, 219, 84, 121,
       194, 0, 198, 34, 109, 23, 61, 231, 60, 15, 79, 56, 111, 232, 191,
       76, 215, 113, 153, 112, 220, 196, 126, 110, 201, 225, 249, 156,
       231, 253, 39, 180, 24, 187, 81, 49, 69, 178, 252, 65, 172, 46,
       201, 157, 106, 191, 183, 24, 211, 61, 222, 111, 21, 84, 125, 60,
       155, 100, 249, 0, 207, 187, 247, 244, 192, 200, 213, 113, 6, 162,
       64, 155, 238, 41, 169, 141, 14, 49, 17, 254, 141, 2, 200, 136, 79,
       11, 106, 21, 19, 88, 207, 209, 12, 16, 191, 252, 156, 136, 137,
       129, 6, 14, 179, 223, 151, 186, 170, 139, 95, 7, 90, 242, 236,
       108, 181, 228, 119, 123, 138, 17, 182, 184, 37, 255, 44, 54, 30,
       66, 151, 77, 149, 237, 245, 252, 169, 100, 28, 79, 71, 190, 82,
       234, 180, 76, 115, 112, 81, 54, 89, 228, 92, 110, 233, 111, 253,
       62, 249, 142, 165, 60, 105, 248, 82, 40, 117, 91, 110, 175, 36, 2,
       111, 184, 36, 226, 210, 198, 113, 67, 153, 81, 126, 228, 61, 238,
       201, 148, 93, 45, 244, 170, 239, 132, 45, 179, 112, 121, 146, 226,
       235, 161, 54, 194, 73, 252, 22, 225, 210, 243, 209, 135, 216, 64,
       123, 204, 21, 253, 105, 158, 197, 134, 232, 167, 191, 197, 37,
       152, 180, 240, 253, 80, 245, 71, 44, 90, 207, 184, 68, 226, 243,
       206, 211, 109, 157, 227, 122, 212, 124, 234, 233, 181, 125, 40,
       177, 235, 229, 148, 101, 251, 84, 112, 125, 237, 181, 106, 188,
       77, 71, 156, 66, 248, 184, 8, 83, 113, 209, 50, 89, 192, 124, 122,
       75, 98, 251, 56, 123, 205, 37, 60, 243, 251, 86, 32, 116, 224,
       189, 106, 28, 71, 67, 200, 67, 31, 181, 26, 83, 217, 120, 58, 89,
       208, 108, 122, 26, 103, 107, 19, 219, 143, 165, 125, 241, 59, 118,
       34, 248, 113, 187, 236, 29, 210, 83, 64, 229, 196, 238, 40, 82,
       223, 39, 112, 216, 244, 233, 98, 72, 163, 178, 200, 243, 245, 130,
       27, 2, 59, 118, 114, 60, 91, 122, 111, 164, 18, 71, 248, 83, 172,
       245, 228, 83, 241, 251, 28, 94, 220, 4, 250, 152, 179, 237, 60,
       122, 173, 225, 228, 255, 179, 126, 177, 190, 156, 148, 151, 149,
