%YAML:1.0
---
descriptors: !!opencv-matrix
   rows: 275
   cols: 32
   dt: u
   data: [ 241, 141, 90, 239, 116, 22, 110, 116, 116, 72, 254, 70, 115,
       50, 180, 113, 120, 206, 62, 238, 253, 186, 5, 175, 114, 171, 226,
       192, 45, 170, 120, 13, 41, 180, 249, 107, 244, 111, 115, 223, 114,
       47, 125, 24, 19, 53, 200, 48, 29, 26, 6, 56, 179, 186, 120, 23,
       111, 159, 52, 100, 208, 202, 198, 241, 185, 209, 121, 233, 92,
       199, 199, 253, 70, 104, 212, 66, 51, 157, 184, 32, 88, 154, 22,
       105, 203, 43, 117, 191, 113, 137, 176, 56, 125, 152, 244, 184,
       103, 76, 237, 69, 206, 51, 237, 154, 86, 242, 159, 214, 209, 108,
       223, 111, 95, 196, 122, 191, 169, 97, 239, 192, 78, 14, 239, 180,
       253, 251, 80, 116, 17, 38, 203, 225, 150, 163, 233, 87, 118, 35,
       70, 150, 17, 11, 112, 104, 109, 138, 19, 157, 163, 188, 21, 210,
       221, 143, 154, 68, 173, 136, 240, 168, 61, 129, 219, 248, 132,
       131, 228, 193, 86, 3, 210, 2, 81, 232, 61, 105, 121, 172, 34, 187,
       25, 243, 21, 130, 88, 239, 159, 68, 181, 248, 240, 128, 31, 129,
       238, 250, 148, 130, 237, 213, 116, 17, 215, 6, 81, 235, 57, 72,
       121, 204, 59, 222, 154, 243, 31, 192, 88, 175, 222, 196, 175, 155,
       240, 176, 23, 161, 239, 192, 196, 130, 233, 217, 166, 49, 87, 70,
       89, 203, 248, 98, 122, 141, 63, 221, 218, 209, 47, 192, 220, 9,
       175, 196, 37, 134, 49, 224, 2, 234, 163, 159, 119, 224, 190, 204,
       30, 71, 88, 167, 172, 238, 59, 128, 223, 107, 147, 197, 134, 146,
       78, 243, 36, 52, 158, 139, 149, 126, 53, 222, 161, 137, 103, 11,
       149, 151, 162, 233, 76, 64, 117, 2, 232, 72, 191, 165, 216, 43,
       18, 111, 247, 184, 60, 253, 38, 24, 2, 64, 93, 15, 121, 204, 240,
       88, 255, 245, 36, 78, 111, 51, 224, 206, 210, 66, 115, 183, 177,
       115, 102, 244, 61, 202, 233, 157, 176, 40, 245, 170, 230, 128, 36,
       168, 84, 121, 42, 181, 32, 154, 117, 245, 154, 231, 31, 29, 92, 9,
       172, 158, 110, 212, 217, 27, 147, 145, 38, 26, 112, 223, 47, 85,
       154, 107, 146, 12, 61, 222, 138, 209, 56, 191, 77, 213, 61, 236,
       31, 92, 84, 19, 172, 222, 42, 97, 204, 89, 147, 195, 70, 126, 114,
       241, 231, 113, 222, 43, 18, 28, 189, 223, 186, 28, 102, 253, 91,
       215, 152, 99, 140, 76, 244, 131, 105, 31, 38, 193, 236, 49, 147,
       161, 116, 137, 18, 221, 3, 251, 218, 195, 83, 12, 45, 218, 135,
       28, 35, 155, 37, 247, 185, 88, 95, 94, 213, 183, 232, 220, 55,
       237, 255, 41, 159, 135, 231, 165, 63, 255, 130, 88, 139, 131, 87,
       95, 53, 247, 47, 81, 230, 206, 237, 23, 174, 200, 201, 218, 217,
       238, 72, 120, 191, 175, 254, 213, 210, 231, 197, 227, 60, 232, 54,
       123, 207, 159, 223, 127, 249, 149, 234, 220, 108, 190, 109, 84,
       159, 236, 201, 94, 148, 155, 108, 223, 55, 67, 206, 245, 211, 231,
       228, 39, 254, 255, 119, 121, 202, 187, 23, 53, 63, 219, 167, 32,
       234, 146, 69, 114, 185, 65, 88, 198, 81, 151, 8, 204, 127, 40,
       253, 45, 19, 151, 132, 246, 180, 194, 20, 28, 219, 143, 141, 103,
       55, 214, 94, 147, 166, 162, 171, 80, 124, 212, 47, 93, 215, 167,
       76, 175, 106, 220, 247, 215, 175, 215, 22, 153, 11, 224, 155, 118,
       222, 199, 166, 215, 173, 87, 121, 205, 111, 239, 52, 195, 233,
       116, 196, 73, 222, 226, 113, 45, 176, 96, 106, 230, 62, 204, 137,
       187, 37, 45, 240, 173, 186, 128, 53, 138, 112, 121, 241, 212, 172,
       55, 8, 110, 205, 140, 182, 247, 134, 157, 243, 108, 90, 75, 205,
       199, 121, 135, 173, 69, 223, 34, 200, 35, 255, 16, 173, 116, 152,
       88, 14, 248, 161, 137, 221, 245, 178, 202, 31, 245, 72, 3, 140,
       222, 127, 132, 217, 89, 179, 211, 22, 26, 250, 243, 15, 84, 143,
       111, 147, 127, 61, 214, 113, 163, 136, 174, 44, 12, 72, 28, 226,
       125, 131, 205, 199, 232, 26, 82, 212, 132, 108, 101, 158, 34, 223,
       17, 208, 241, 226, 29, 72, 138, 26, 84, 22, 148, 230, 145, 143,
       115, 180, 107, 95, 127, 155, 183, 200, 60, 126, 207, 239, 23, 255,
       163, 180, 245, 47, 215, 27, 82, 219, 199, 199, 108, 181, 215, 105,
       183, 178, 62, 189, 173, 213, 87, 251, 253, 121, 29, 174, 248, 106,
       18, 153, 171, 110, 21, 150, 123, 218, 194, 253, 220, 21, 122, 210,
       76, 195, 203, 61, 31, 103, 250, 60, 179, 203, 80, 213, 200, 223,
       102, 113, 249, 177, 225, 106, 162, 31, 185, 185, 163, 110, 190,
       218, 239, 170, 200, 191, 203, 112, 57, 31, 52, 239, 160, 180, 246,
       233, 91, 85, 201, 222, 247, 25, 188, 255, 40, 127, 169, 23, 189,
       189, 243, 53, 206, 90, 77, 174, 196, 175, 204, 112, 245, 40, 184,
       28, 126, 105, 237, 86, 242, 151, 30, 237, 9, 174, 253, 35, 145,
       201, 58, 199, 66, 42, 107, 90, 61, 195, 215, 80, 59, 82, 75, 78,
       139, 14, 1, 144, 155, 195, 241, 188, 205, 31, 21, 73, 131, 172,
       246, 108, 204, 245, 27, 131, 145, 18, 144, 11, 240, 15, 20, 158,
       111, 146, 86, 173, 214, 7, 141, 236, 145, 228, 58, 188, 143, 58,
       247, 86, 147, 140, 46, 86, 75, 167, 71, 179, 149, 182, 216, 79,
       226, 46, 95, 222, 199, 132, 85, 153, 206, 23, 0, 83, 224, 82, 10,
       106, 64, 57, 0, 106, 194, 93, 146, 168, 116, 54, 141, 22, 232, 5,
       145, 4, 206, 176, 236, 10, 4, 41, 162, 35, 132, 181, 221, 74, 70,
       224, 19, 78, 232, 80, 168, 255, 170, 83, 98, 175, 113, 88, 220,
       22, 234, 205, 179, 108, 44, 250, 169, 229, 149, 121, 187, 106,
       148, 95, 189, 230, 6, 246, 26, 182, 173, 51, 229, 154, 171, 104,
       124, 223, 166, 55, 246, 253, 231, 220, 219, 173, 234, 58, 102,
       237, 134, 175, 246, 186, 95, 191, 121, 111, 91, 133, 252, 255,
       148, 237, 84, 79, 135, 217, 204, 127, 121, 108, 235, 187, 215,
       207, 176, 62, 240, 103, 89, 142, 128, 63, 215, 244, 84, 129, 159,
       31, 223, 244, 199, 175, 247, 28, 104, 90, 102, 245, 119, 164, 97,
       110, 122, 22, 238, 241, 184, 105, 61, 44, 138, 239, 192, 28, 138,
       145, 249, 175, 114, 122, 91, 109, 245, 251, 88, 91, 236, 125, 46,
       104, 213, 255, 189, 126, 248, 147, 202, 199, 246, 254, 251, 7, 89,
       129, 171, 87, 159, 126, 245, 13, 23, 101, 69, 52, 74, 171, 57,
       124, 232, 94, 230, 217, 49, 144, 229, 118, 76, 63, 237, 161, 208,
       101, 206, 108, 46, 235, 132, 15, 166, 81, 49, 217, 228, 10, 50,
       48, 198, 120, 21, 51, 249, 167, 29, 63, 151, 66, 17, 177, 173,
       125, 220, 107, 222, 153, 38, 250, 201, 165, 224, 40, 130, 170, 27,
       253, 132, 159, 182, 29, 110, 87, 187, 211, 243, 167, 24, 87, 241,
       10, 123, 209, 214, 104, 40, 61, 239, 251, 30, 249, 231, 85, 21,
       130, 104, 220, 2, 248, 143, 154, 244, 209, 38, 95, 247, 144, 135,
       188, 159, 111, 111, 34, 147, 221, 247, 199, 160, 120, 79, 16, 174,
       251, 231, 253, 25, 227, 124, 174, 90, 173, 113, 53, 71, 164, 95,
       231, 61, 108, 232, 51, 76, 211, 92, 221, 167, 28, 68, 126, 111,
       233, 240, 125, 12, 45, 218, 101, 52, 75, 186, 195, 53, 207, 51,
       235, 65, 50, 122, 43, 16, 58, 236, 95, 228, 223, 70, 211, 112, 22,
       124, 93, 126, 145, 144, 173, 42, 202, 13, 43, 196, 174, 167, 1,
       117, 130, 156, 191, 223, 214, 230, 191, 255, 94, 171, 126, 114,
       120, 255, 44, 100, 125, 127, 51, 136, 163, 252, 27, 255, 125, 46,
       255, 130, 217, 120, 161, 187, 55, 97, 104, 136, 159, 25, 222, 232,
       207, 164, 140, 138, 207, 200, 127, 164, 26, 201, 218, 107, 78, 35,
       206, 252, 240, 5, 13, 61, 117, 63, 27, 132, 13, 105, 27, 186, 28,
       205, 147, 104, 142, 224, 165, 11, 246, 213, 99, 128, 88, 40, 202,
       102, 73, 35, 90, 60, 249, 145, 3, 56, 88, 43, 9, 208, 244, 185,
       157, 250, 168, 111, 87, 139, 187, 183, 161, 24, 215, 183, 65, 26,
       141, 215, 125, 66, 42, 111, 250, 51, 251, 223, 85, 62, 208, 121,
       198, 98, 49, 213, 111, 109, 52, 31, 238, 125, 68, 104, 250, 102,
       115, 88, 180, 96, 126, 204, 22, 111, 205, 178, 85, 29, 244, 173,
       33, 144, 125, 186, 248, 157, 155, 53, 111, 177, 180, 247, 233,
       215, 85, 233, 214, 243, 25, 60, 246, 41, 109, 131, 23, 189, 191,
