%YAML:1.0
---
descriptors: !!opencv-matrix
   rows: 297
   cols: 32
   dt: u
   data: [ 89, 77, 247, 213, 118, 42, 111, 54, 117, 130, 110, 2, 115, 51,
       145, 116, 122, 238, 50, 238, 169, 248, 37, 238, 118, 174, 198, 0,
       167, 240, 112, 40, 38, 169, 153, 154, 248, 201, 178, 238, 142, 25,
       104, 105, 164, 247, 104, 0, 217, 123, 67, 81, 82, 11, 74, 247, 61,
       20, 31, 127, 144, 10, 133, 138, 252, 112, 254, 100, 75, 125, 80,
       192, 99, 182, 167, 24, 95, 157, 67, 187, 169, 213, 229, 114, 44,
       103, 185, 128, 219, 217, 69, 55, 227, 121, 78, 18, 212, 141, 132,
       147, 150, 168, 38, 134, 62, 147, 74, 18, 228, 98, 73, 74, 97, 238,
       42, 210, 50, 220, 203, 99, 172, 38, 223, 68, 160, 115, 161, 8,
       198, 173, 222, 190, 252, 160, 174, 175, 186, 178, 24, 210, 236,
       235, 120, 66, 179, 111, 121, 147, 50, 73, 138, 243, 172, 54, 223,
       236, 132, 112, 129, 9, 166, 140, 151, 222, 252, 35, 206, 238, 223,
       131, 248, 80, 230, 233, 53, 65, 219, 106, 63, 43, 48, 239, 74,
       255, 58, 190, 87, 26, 212, 249, 240, 136, 246, 44, 229, 253, 156,
       39, 74, 152, 87, 178, 251, 90, 83, 121, 93, 43, 217, 220, 117,
       251, 184, 246, 219, 191, 11, 250, 197, 116, 255, 235, 80, 0, 56,
       248, 58, 232, 121, 253, 82, 242, 171, 44, 180, 9, 63, 159, 98,
       144, 174, 185, 213, 64, 14, 39, 16, 191, 211, 213, 1, 123, 114, 5,
       14, 139, 2, 164, 21, 187, 234, 233, 168, 143, 30, 51, 65, 249,
       156, 130, 200, 201, 67, 27, 106, 21, 51, 92, 207, 209, 12, 18,
       126, 236, 156, 72, 137, 136, 115, 176, 245, 204, 61, 95, 217, 91,
       91, 237, 181, 189, 78, 157, 150, 60, 150, 149, 245, 5, 140, 235,
       163, 221, 155, 122, 89, 255, 79, 140, 222, 87, 66, 133, 188, 145,
       197, 124, 180, 135, 254, 183, 10, 17, 140, 56, 78, 106, 161, 87,
       235, 17, 54, 216, 187, 226, 109, 54, 94, 71, 128, 84, 157, 206,
       203, 19, 108, 76, 106, 219, 59, 56, 172, 236, 21, 173, 253, 213,
       147, 35, 22, 53, 255, 110, 197, 1, 118, 29, 70, 107, 105, 184, 54,
       166, 15, 113, 18, 110, 216, 229, 22, 168, 105, 6, 123, 133, 120,
       64, 175, 171, 85, 16, 34, 239, 5, 153, 10, 152, 196, 234, 172,
       252, 158, 160, 172, 208, 3, 136, 146, 103, 99, 69, 82, 2, 175,
       120, 37, 164, 254, 230, 73, 7, 148, 20, 126, 221, 199, 238, 96,
       158, 109, 78, 52, 44, 171, 196, 103, 163, 102, 241, 219, 179, 108,
       117, 47, 220, 121, 184, 171, 252, 84, 167, 249, 95, 158, 167, 54,
       241, 181, 239, 199, 80, 190, 221, 238, 251, 233, 173, 47, 166, 93,
       113, 75, 112, 252, 253, 45, 146, 89, 24, 235, 220, 22, 160, 253,
       223, 214, 246, 150, 125, 181, 236, 198, 196, 175, 221, 203, 251,
       233, 135, 38, 164, 72, 117, 33, 93, 95, 69, 116, 47, 239, 54, 109,
       200, 126, 68, 210, 49, 148, 52, 30, 100, 118, 108, 193, 184, 113,
       76, 103, 190, 96, 132, 74, 232, 67, 177, 117, 133, 77, 227, 180,
       102, 79, 185, 32, 168, 187, 66, 83, 119, 152, 115, 92, 214, 93,
       250, 57, 176, 121, 44, 233, 169, 165, 84, 165, 227, 240, 32, 177,
       228, 117, 73, 93, 79, 197, 125, 68, 224, 228, 8, 18, 21, 52, 53,
       88, 152, 66, 40, 233, 190, 113, 30, 113, 138, 5, 116, 83, 170,
       246, 232, 128, 184, 155, 58, 195, 237, 55, 231, 190, 7, 96, 25,
       182, 247, 96, 88, 153, 59, 34, 16, 50, 158, 90, 51, 205, 135, 30,
       107, 208, 64, 167, 170, 77, 49, 57, 69, 53, 14, 99, 24, 108, 232,
       103, 76, 150, 81, 24, 48, 144, 12, 92, 108, 129, 176, 177, 12,
       199, 189, 33, 20, 74, 42, 67, 35, 190, 190, 167, 58, 217, 255,
       182, 247, 55, 255, 255, 63, 106, 253, 46, 25, 253, 251, 231, 22,
       62, 255, 123, 175, 123, 227, 117, 243, 251, 124, 230, 215, 71, 20,
       150, 213, 169, 54, 164, 11, 254, 155, 139, 84, 204, 242, 77, 110,
       197, 87, 104, 145, 52, 197, 211, 194, 141, 54, 223, 22, 136, 96,
       169, 7, 66, 227, 132, 50, 185, 201, 20, 175, 186, 61, 137, 57,
       230, 226, 74, 18, 129, 11, 233, 17, 30, 73, 203, 17, 184, 86, 95,
       127, 144, 68, 159, 78, 7, 47, 83, 242, 240, 131, 191, 242, 172,
       132, 57, 108, 188, 195, 225, 16, 166, 107, 87, 91, 80, 137, 8,
       110, 248, 156, 47, 192, 12, 131, 131, 33, 241, 223, 93, 237, 42,
       14, 78, 184, 32, 74, 234, 228, 247, 115, 137, 115, 86, 196, 124,
       110, 233, 0, 221, 63, 164, 170, 97, 148, 56, 243, 64, 57, 81, 79,
       222, 252, 84, 130, 110, 102, 245, 130, 110, 66, 113, 163, 176,
       112, 120, 238, 34, 200, 40, 185, 0, 239, 242, 175, 214, 0, 99,
       240, 104, 40, 45, 99, 97, 101, 116, 31, 99, 56, 105, 232, 123, 76,
       195, 64, 153, 180, 18, 12, 68, 110, 193, 176, 109, 12, 36, 253,
       33, 4, 110, 175, 82, 164, 73, 250, 150, 250, 169, 188, 61, 159,
       255, 27, 182, 84, 254, 243, 224, 255, 167, 87, 124, 24, 227, 77,
       139, 245, 217, 251, 127, 218, 138, 208, 169, 41, 233, 141, 94, 94,
       221, 158, 70, 165, 221, 32, 230, 8, 115, 112, 54, 241, 216, 230,
       34, 110, 253, 186, 113, 61, 63, 251, 68, 80, 90, 168, 216, 12,
       196, 175, 136, 183, 214, 168, 38, 175, 190, 147, 74, 210, 245,
       227, 73, 66, 113, 110, 42, 146, 114, 92, 206, 99, 172, 166, 239,
       108, 160, 114, 161, 128, 172, 194, 212, 247, 237, 15, 70, 156, 83,
       187, 176, 89, 195, 105, 73, 155, 217, 196, 102, 114, 120, 102,
       219, 178, 47, 219, 69, 116, 251, 249, 200, 130, 8, 184, 145, 250,
       209, 237, 23, 199, 182, 3, 105, 0, 191, 247, 104, 144, 217, 59,
       130, 16, 26, 138, 90, 51, 205, 214, 30, 107, 210, 66, 135, 170,
       125, 177, 154, 104, 253, 158, 90, 249, 107, 105, 253, 76, 158,
       210, 10, 240, 180, 207, 116, 124, 223, 187, 250, 5, 251, 253, 37,
       126, 202, 130, 202, 3, 1, 166, 221, 241, 236, 169, 233, 159, 94,
       51, 48, 216, 157, 169, 216, 43, 167, 11, 126, 29, 179, 124, 203,
       210, 204, 154, 119, 116, 220, 200, 131, 161, 164, 140, 215, 222,
       252, 43, 206, 239, 223, 147, 248, 80, 230, 232, 61, 75, 211, 107,
       106, 43, 48, 239, 75, 255, 168, 190, 87, 28, 212, 249, 241, 136,
       182, 188, 182, 186, 248, 175, 180, 254, 31, 123, 250, 251, 126,
       255, 172, 25, 253, 251, 247, 21, 186, 255, 75, 255, 127, 222, 93,
       246, 209, 125, 162, 211, 247, 143, 195, 158, 190, 35, 198, 251,
       214, 138, 152, 254, 115, 232, 249, 228, 127, 194, 95, 47, 249, 99,
       14, 190, 184, 14, 173, 252, 189, 254, 240, 33, 18, 70, 99, 69, 82,
       18, 175, 107, 53, 134, 250, 162, 65, 14, 149, 164, 126, 253, 2,
       238, 232, 150, 101, 206, 52, 46, 139, 128, 101, 160, 102, 244, 45,
       226, 224, 43, 60, 31, 202, 248, 66, 124, 185, 205, 211, 72, 222,
       0, 89, 200, 86, 127, 206, 102, 205, 55, 108, 93, 165, 252, 93,
       143, 90, 196, 173, 93, 123, 225, 244, 118, 239, 210, 85, 202, 126,
       70, 57, 61, 177, 33, 125, 218, 23, 254, 169, 188, 49, 174, 111,
       255, 166, 128, 239, 249, 116, 249, 203, 19, 126, 108, 106, 91, 89,
       57, 141, 76, 87, 173, 221, 157, 182, 103, 6, 21, 253, 47, 197, 5,
       247, 140, 70, 249, 104, 157, 62, 166, 15, 241, 215, 64, 223, 245,
       110, 40, 109, 0, 249, 146, 179, 26, 223, 107, 21, 91, 99, 229,
       125, 170, 104, 71, 199, 194, 212, 186, 250, 152, 37, 241, 99, 0,
       244, 106, 190, 116, 109, 13, 85, 72, 227, 190, 180, 24, 82, 217,
       69, 59, 136, 244, 101, 122, 104, 103, 138, 8, 83, 217, 69, 63, 67,
       249, 70, 163, 91, 96, 116, 236, 45, 22, 88, 24, 203, 252, 118,
       130, 79, 223, 213, 254, 134, 189, 181, 239, 204, 68, 183, 209,
       195, 249, 137, 175, 39, 165, 76, 119, 190, 225, 104, 91, 173, 217,
       93, 204, 199, 85, 69, 149, 171, 204, 254, 253, 194, 10, 168, 86,
       78, 20, 126, 177, 195, 217, 80, 111, 54, 159, 220, 214, 227, 23,
       95, 140, 50, 110, 25, 57, 29, 78, 123, 229, 215, 38, 175, 125,
       214, 21, 12, 36, 185, 146, 101, 14, 160, 182, 32, 150, 92, 232,
       36, 117, 184, 28, 22, 250, 41, 237, 80, 64, 169, 60, 160, 25, 174,
       159, 33, 17, 162, 177, 205, 64, 46, 15, 18, 253, 211, 209, 0, 59,
