%YAML:1.0
---
descriptors: !!opencv-matrix
   rows: 387
   cols: 32
   dt: u
   data: [ 82, 141, 243, 204, 191, 82, 191, 239, 137, 166, 188, 170, 109,
       190, 117, 167, 251, 247, 255, 225, 112, 107, 169, 238, 187, 246,
       207, 191, 71, 122, 165, 238, 17, 213, 110, 203, 214, 135, 175,
       255, 84, 65, 204, 6, 113, 99, 44, 100, 125, 10, 18, 232, 211, 155,
       61, 255, 61, 174, 134, 68, 27, 138, 240, 184, 211, 188, 190, 190,
       139, 252, 21, 231, 235, 87, 165, 29, 190, 242, 66, 91, 163, 243,
       236, 1, 62, 111, 154, 113, 153, 243, 95, 127, 200, 96, 135, 87,
       38, 28, 126, 218, 253, 247, 210, 235, 207, 140, 184, 11, 98, 248,
       39, 80, 217, 243, 207, 80, 30, 171, 90, 254, 123, 31, 133, 91,
       209, 123, 124, 70, 1, 189, 19, 117, 244, 142, 231, 247, 124, 202,
       122, 68, 190, 176, 160, 113, 163, 110, 6, 8, 245, 248, 16, 110,
       108, 191, 54, 0, 200, 240, 195, 153, 0, 163, 49, 115, 152, 205,
       33, 251, 174, 61, 169, 80, 148, 215, 72, 16, 133, 27, 75, 144, 18,
       9, 122, 117, 205, 148, 19, 124, 208, 0, 167, 227, 27, 22, 114,
       137, 55, 250, 123, 58, 127, 76, 95, 167, 239, 206, 186, 100, 118,
       43, 172, 60, 134, 144, 39, 223, 194, 247, 2, 195, 182, 199, 45,
       117, 70, 137, 182, 154, 249, 198, 254, 229, 189, 25, 243, 1, 206,
       250, 60, 91, 201, 195, 95, 211, 92, 235, 26, 228, 185, 214, 222,
       79, 128, 22, 171, 143, 254, 28, 148, 180, 139, 127, 94, 139, 155,
       251, 145, 31, 222, 63, 71, 26, 205, 215, 255, 19, 63, 71, 219,
       210, 219, 214, 221, 191, 154, 125, 12, 83, 137, 184, 24, 171, 20,
       223, 179, 232, 94, 97, 65, 22, 156, 220, 42, 32, 223, 25, 2, 85,
       183, 188, 120, 247, 109, 157, 10, 102, 28, 11, 1, 210, 188, 124,
       158, 250, 219, 237, 84, 213, 187, 147, 164, 25, 126, 255, 97, 25,
       175, 179, 205, 16, 42, 71, 26, 250, 219, 219, 71, 123, 250, 112,
       167, 147, 83, 6, 234, 213, 194, 34, 172, 119, 56, 163, 91, 215,
       93, 174, 188, 107, 119, 223, 179, 173, 244, 212, 149, 194, 20, 46,
       222, 132, 173, 244, 161, 220, 252, 185, 152, 250, 203, 189, 86,
       220, 163, 19, 164, 28, 63, 219, 75, 155, 143, 219, 236, 82, 14,
       71, 154, 51, 219, 217, 21, 127, 250, 81, 170, 11, 42, 207, 166,
       222, 201, 213, 156, 239, 155, 31, 180, 139, 236, 238, 47, 11, 205,
       243, 243, 131, 216, 107, 74, 241, 123, 22, 222, 187, 211, 92, 175,
       223, 220, 145, 49, 46, 235, 74, 87, 249, 115, 122, 245, 124, 223,
       113, 136, 86, 119, 221, 108, 107, 217, 54, 219, 83, 208, 230, 97,
       110, 126, 163, 167, 51, 112, 109, 151, 116, 129, 62, 101, 39, 240,
       134, 234, 8, 99, 163, 5, 242, 32, 246, 104, 8, 104, 217, 160, 43,
       49, 238, 84, 1, 97, 112, 198, 40, 17, 72, 202, 95, 34, 80, 174,
       100, 124, 202, 126, 34, 249, 250, 183, 228, 122, 109, 182, 202,
       197, 189, 164, 235, 50, 47, 254, 137, 77, 178, 107, 188, 233, 244,
       1, 186, 116, 220, 76, 180, 241, 89, 64, 88, 151, 218, 24, 241,
       209, 169, 84, 69, 239, 222, 252, 151, 173, 249, 174, 236, 4, 20,
       210, 205, 173, 229, 113, 69, 244, 91, 231, 252, 125, 226, 118,
       168, 211, 101, 156, 52, 123, 220, 70, 110, 249, 180, 109, 63, 46,
       254, 37, 68, 111, 187, 194, 240, 2, 28, 146, 220, 239, 233, 182,
       207, 159, 23, 136, 43, 172, 255, 101, 205, 163, 115, 251, 1, 50,
       107, 26, 243, 179, 22, 95, 59, 146, 121, 165, 142, 39, 160, 101,
       73, 85, 123, 162, 104, 93, 112, 115, 66, 192, 120, 157, 164, 122,
       8, 178, 189, 149, 176, 125, 192, 14, 124, 131, 70, 207, 175, 123,
       164, 40, 165, 107, 102, 116, 233, 235, 97, 57, 65, 125, 185, 115,
       237, 24, 16, 152, 58, 215, 15, 17, 176, 136, 39, 71, 85, 48, 233,
       71, 143, 214, 248, 80, 205, 215, 94, 147, 174, 101, 39, 176, 3,
       234, 16, 127, 243, 32, 240, 97, 246, 104, 8, 96, 217, 179, 111,
       179, 175, 86, 0, 32, 208, 231, 40, 143, 220, 222, 23, 160, 62,
       188, 183, 124, 211, 126, 244, 249, 40, 159, 235, 167, 99, 54, 159,
       245, 252, 61, 226, 46, 63, 126, 128, 206, 245, 233, 157, 64, 219,
       53, 127, 8, 205, 37, 63, 166, 52, 98, 8, 246, 215, 0, 85, 36, 54,
       106, 8, 66, 184, 51, 29, 229, 162, 112, 0, 80, 146, 7, 106, 58,
       81, 118, 232, 213, 255, 250, 71, 189, 13, 242, 3, 78, 156, 44,
       192, 248, 189, 183, 241, 12, 179, 16, 192, 243, 245, 138, 195,
       103, 29, 244, 131, 13, 82, 218, 154, 102, 241, 107, 80, 188, 77,
       93, 167, 253, 199, 235, 196, 114, 40, 134, 142, 3, 16, 58, 241,
       214, 149, 34, 136, 62, 147, 45, 209, 108, 156, 154, 254, 223, 252,
       54, 226, 254, 139, 78, 24, 238, 242, 33, 248, 209, 127, 179, 16,
       54, 91, 154, 251, 159, 247, 95, 75, 144, 113, 47, 171, 18, 169,
       147, 234, 43, 194, 155, 104, 175, 133, 217, 163, 76, 199, 32, 80,
       126, 185, 207, 226, 72, 11, 138, 220, 145, 160, 138, 187, 21, 38,
       39, 251, 54, 9, 246, 168, 197, 215, 244, 65, 109, 13, 250, 3, 14,
       156, 54, 76, 232, 153, 135, 145, 92, 187, 18, 192, 179, 116, 142,
       75, 211, 92, 252, 214, 30, 241, 98, 225, 85, 86, 253, 213, 101,
       100, 214, 3, 9, 159, 63, 109, 252, 157, 159, 243, 200, 179, 48,
       204, 119, 217, 142, 199, 167, 158, 244, 222, 162, 25, 18, 153,
       205, 253, 112, 67, 29, 23, 248, 3, 170, 222, 111, 205, 248, 187,
       135, 0, 92, 179, 82, 192, 151, 88, 202, 43, 146, 76, 124, 222,
       222, 109, 53, 176, 173, 82, 28, 204, 159, 242, 144, 50, 220, 222,
       89, 235, 227, 93, 221, 115, 101, 69, 186, 200, 185, 210, 79, 63,
       4, 117, 37, 83, 42, 164, 22, 184, 77, 253, 176, 107, 173, 22, 248,
       27, 174, 190, 38, 151, 233, 147, 195, 33, 38, 59, 18, 209, 149,
       80, 90, 47, 211, 108, 47, 198, 6, 20, 151, 187, 162, 102, 56, 18,
       172, 27, 83, 243, 220, 119, 41, 207, 231, 19, 191, 145, 32, 213,
       3, 224, 133, 50, 250, 130, 132, 245, 37, 113, 243, 126, 239, 246,
       36, 38, 127, 119, 241, 202, 242, 230, 120, 255, 180, 115, 238,
       247, 61, 167, 233, 199, 160, 234, 242, 254, 250, 130, 45, 248,
       114, 123, 137, 151, 21, 155, 177, 255, 51, 59, 127, 73, 111, 116,
       252, 114, 174, 244, 215, 11, 142, 56, 183, 152, 105, 223, 174,
       222, 18, 66, 154, 140, 129, 5, 189, 73, 99, 222, 28, 150, 198,
       112, 197, 192, 232, 70, 115, 200, 53, 228, 88, 224, 18, 110, 233,
       163, 94, 191, 51, 236, 128, 24, 95, 187, 120, 44, 42, 253, 115,
       88, 217, 221, 255, 247, 203, 77, 108, 8, 58, 247, 102, 180, 201,
       186, 146, 24, 211, 59, 50, 245, 63, 220, 20, 107, 91, 220, 230,
       254, 176, 73, 10, 222, 77, 199, 198, 97, 212, 2, 193, 2, 115, 216,
       49, 97, 88, 168, 2, 74, 105, 167, 82, 159, 49, 174, 194, 9, 121,
       42, 112, 130, 153, 72, 94, 245, 38, 10, 105, 49, 116, 6, 247, 178,
       223, 3, 144, 75, 110, 172, 60, 236, 56, 212, 197, 12, 198, 235,
       250, 128, 36, 137, 241, 160, 209, 130, 28, 243, 40, 52, 25, 55,
       252, 31, 183, 48, 255, 50, 142, 107, 183, 19, 236, 8, 32, 197, 35,
       87, 194, 239, 114, 149, 8, 192, 41, 41, 218, 116, 183, 182, 47,
       127, 29, 39, 185, 254, 147, 57, 238, 63, 65, 171, 143, 245, 253,
       163, 236, 197, 227, 202, 145, 242, 223, 147, 6, 124, 23, 127, 129,
       126, 151, 219, 206, 187, 164, 246, 110, 146, 122, 102, 177, 242,
       193, 230, 111, 122, 106, 136, 99, 184, 79, 115, 44, 173, 54, 0,
       232, 216, 41, 173, 17, 45, 83, 117, 182, 206, 102, 247, 124, 130,
       106, 64, 63, 177, 1, 48, 51, 126, 72, 72, 113, 185, 53, 110, 253,
       238, 20, 0, 104, 208, 235, 168, 133, 142, 30, 153, 236, 171, 166,
       214, 238, 50, 214, 86, 240, 160, 179, 73, 105, 46, 106, 12, 183,
       189, 71, 115, 116, 42, 39, 64, 152, 217, 249, 133, 252, 252, 152,
       186, 137, 189, 84, 222, 187, 87, 164, 29, 63, 219, 75, 155, 129,
       251, 204, 82, 110, 79, 154, 49, 219, 217, 85, 127, 234, 81, 139,
       83, 29, 149, 33, 203, 157, 215, 131, 239, 86, 73, 232, 2, 88, 112,
       60, 228, 249, 10, 18, 188, 155, 171, 57, 191, 57, 222, 135, 70,
