%YAML:1.0
---
descriptors: !!opencv-matrix
   rows: 420
   cols: 32
   dt: u
   data: [ 117, 103, 204, 69, 144, 26, 70, 185, 97, 160, 190, 236, 195,
       33, 155, 54, 24, 196, 108, 110, 204, 240, 237, 12, 166, 238, 165,
       148, 111, 250, 90, 4, 61, 141, 80, 235, 146, 187, 110, 191, 87,
       161, 250, 234, 243, 126, 169, 224, 127, 251, 158, 176, 191, 184,
       77, 190, 174, 207, 165, 212, 255, 218, 136, 13, 53, 14, 206, 77,
       56, 99, 75, 120, 52, 164, 239, 141, 83, 35, 151, 16, 88, 204, 127,
       254, 56, 242, 73, 46, 90, 239, 225, 213, 243, 171, 122, 192, 38,
       235, 183, 250, 203, 77, 156, 207, 155, 61, 176, 139, 140, 239, 36,
       11, 205, 243, 243, 145, 152, 107, 202, 240, 185, 86, 95, 187, 209,
       125, 135, 202, 32, 249, 115, 90, 209, 221, 87, 244, 107, 64, 108,
       72, 58, 215, 101, 52, 216, 250, 18, 74, 67, 58, 122, 245, 55, 156,
       20, 42, 83, 27, 230, 186, 66, 201, 183, 202, 253, 148, 222, 237,
       237, 1, 232, 0, 204, 250, 44, 214, 201, 195, 74, 83, 94, 11, 26,
       229, 185, 182, 158, 79, 144, 18, 227, 14, 150, 177, 254, 217, 215,
       207, 185, 207, 127, 49, 254, 22, 156, 223, 124, 36, 255, 159, 115,
       153, 147, 251, 179, 211, 125, 188, 15, 100, 205, 0, 231, 178, 189,
       88, 60, 255, 75, 212, 53, 176, 212, 82, 102, 22, 241, 127, 43,
       107, 76, 242, 178, 202, 109, 246, 115, 41, 71, 235, 114, 1, 121,
       57, 40, 154, 82, 163, 215, 140, 106, 67, 57, 106, 173, 156, 146,
       163, 45, 135, 160, 91, 110, 153, 239, 192, 8, 75, 35, 205, 217,
       162, 251, 155, 53, 36, 39, 107, 255, 253, 233, 110, 221, 87, 95,
       252, 83, 234, 157, 11, 91, 125, 93, 52, 157, 221, 85, 239, 233,
       71, 248, 190, 123, 223, 141, 188, 63, 247, 242, 114, 64, 21, 16,
       154, 255, 233, 182, 207, 159, 19, 136, 58, 172, 251, 101, 76, 227,
       51, 202, 16, 50, 41, 26, 243, 189, 22, 31, 63, 144, 89, 133, 22,
       44, 106, 104, 221, 76, 137, 225, 240, 221, 208, 244, 10, 251, 73,
       221, 9, 120, 224, 95, 105, 161, 119, 70, 237, 86, 91, 231, 56,
       127, 185, 87, 176, 141, 128, 250, 187, 94, 0, 185, 121, 252, 73,
       247, 242, 221, 239, 250, 99, 126, 137, 95, 188, 179, 179, 173,
       198, 222, 169, 170, 204, 165, 162, 43, 225, 155, 142, 123, 189,
       50, 179, 57, 123, 63, 79, 94, 182, 125, 227, 162, 96, 119, 187,
       30, 140, 179, 156, 37, 223, 220, 175, 58, 192, 61, 192, 161, 249,
       233, 201, 108, 78, 92, 159, 71, 188, 68, 104, 244, 78, 115, 65,
       187, 229, 88, 192, 94, 110, 203, 34, 111, 61, 102, 105, 165, 188,
       127, 187, 88, 168, 191, 252, 105, 70, 219, 87, 95, 248, 17, 230,
       189, 239, 91, 125, 159, 53, 95, 220, 149, 230, 237, 119, 125, 174,
       123, 79, 5, 182, 127, 255, 118, 247, 28, 28, 239, 251, 124, 185,
       235, 216, 198, 39, 223, 102, 209, 235, 185, 234, 121, 204, 190,
       234, 139, 179, 111, 177, 86, 239, 235, 148, 183, 235, 112, 161,
       41, 239, 97, 9, 116, 159, 234, 254, 86, 105, 120, 78, 177, 200,
       180, 160, 92, 170, 22, 93, 199, 186, 76, 191, 108, 28, 165, 224,
       93, 155, 218, 141, 164, 209, 89, 234, 252, 75, 71, 249, 87, 32,
       225, 104, 83, 211, 40, 17, 88, 136, 6, 106, 122, 38, 90, 31, 123,
       129, 37, 124, 114, 171, 198, 130, 162, 140, 19, 156, 117, 245,
       176, 103, 191, 3, 112, 19, 172, 190, 36, 197, 233, 59, 130, 129,
       119, 254, 18, 215, 21, 118, 218, 3, 83, 76, 167, 174, 220, 220,
       168, 54, 186, 91, 215, 174, 18, 255, 158, 191, 79, 236, 218, 3,
       155, 199, 237, 119, 126, 119, 237, 55, 250, 199, 109, 245, 244,
       127, 132, 115, 252, 241, 152, 250, 139, 157, 86, 220, 163, 29,
       165, 29, 63, 211, 74, 146, 135, 211, 237, 82, 94, 71, 218, 51,
       251, 209, 7, 127, 178, 18, 171, 3, 3, 158, 219, 221, 114, 163, 57,
       123, 63, 7, 84, 246, 188, 243, 162, 68, 247, 43, 55, 140, 179,
       220, 35, 223, 198, 190, 58, 194, 188, 128, 33, 185, 97, 253, 151,
       85, 129, 110, 102, 183, 120, 202, 106, 72, 243, 51, 5, 50, 177,
       118, 112, 42, 97, 248, 177, 43, 37, 190, 84, 0, 72, 240, 194, 40,
       2, 141, 59, 186, 240, 193, 182, 231, 158, 1, 72, 176, 164, 254,
       44, 96, 211, 59, 130, 1, 118, 137, 46, 127, 41, 38, 62, 203, 16,
       2, 165, 239, 246, 152, 148, 180, 139, 103, 20, 138, 159, 251, 144,
       187, 222, 62, 65, 219, 205, 215, 253, 147, 45, 71, 219, 146, 155,
       214, 221, 191, 152, 125, 12, 83, 190, 63, 231, 18, 170, 115, 159,
       230, 186, 247, 189, 181, 203, 111, 207, 11, 15, 115, 221, 247,
       188, 193, 126, 174, 235, 71, 127, 211, 167, 247, 215, 211, 89,
       146, 158, 211, 42, 52, 48, 182, 254, 31, 167, 48, 220, 115, 142,
       251, 231, 18, 236, 8, 134, 65, 43, 81, 195, 239, 114, 23, 0, 64,
       169, 43, 24, 79, 210, 254, 81, 240, 127, 71, 53, 5, 78, 2, 43,
       227, 35, 212, 112, 234, 130, 136, 14, 154, 160, 171, 163, 245,
       150, 11, 162, 214, 188, 204, 214, 26, 158, 182, 11, 98, 57, 64,
       188, 158, 211, 183, 109, 238, 35, 75, 166, 245, 237, 131, 40, 197,
       130, 202, 208, 226, 122, 131, 32, 113, 37, 91, 42, 205, 17, 185,
       197, 207, 167, 231, 14, 34, 88, 66, 188, 152, 32, 132, 217, 59, 3,
       3, 83, 184, 88, 191, 37, 22, 159, 102, 83, 14, 213, 168, 255, 223,
       232, 30, 246, 63, 223, 255, 82, 238, 156, 191, 99, 108, 159, 1,
       93, 226, 133, 231, 236, 118, 108, 63, 122, 79, 237, 189, 117, 254,
       222, 93, 71, 191, 156, 183, 168, 156, 54, 186, 254, 219, 18, 117,
       236, 250, 202, 235, 135, 119, 188, 87, 183, 76, 154, 243, 172, 86,
       127, 198, 136, 117, 137, 23, 37, 188, 189, 218, 221, 245, 214,
       236, 222, 215, 180, 30, 114, 248, 109, 41, 217, 106, 2, 83, 123,
       107, 122, 63, 43, 223, 213, 127, 209, 121, 240, 234, 102, 137,
       233, 46, 223, 225, 151, 203, 130, 69, 232, 139, 96, 236, 54, 64,
       216, 243, 163, 209, 22, 43, 94, 253, 121, 38, 143, 127, 213, 78,
       246, 254, 124, 129, 234, 97, 85, 94, 120, 240, 101, 45, 246, 11,
       11, 15, 62, 220, 248, 148, 207, 224, 204, 179, 97, 140, 211, 249,
       194, 23, 99, 174, 110, 198, 3, 63, 138, 177, 244, 255, 180, 87,
       93, 203, 90, 231, 166, 172, 183, 136, 249, 42, 166, 21, 165, 248,
       5, 142, 46, 22, 63, 131, 136, 92, 217, 221, 210, 225, 4, 186, 153,
       129, 92, 173, 175, 21, 129, 157, 238, 194, 10, 209, 211, 131, 253,
       165, 126, 11, 219, 215, 184, 242, 159, 255, 24, 6, 171, 7, 193,
       188, 151, 185, 168, 237, 33, 134, 254, 91, 162, 24, 180, 182, 66,
       251, 161, 51, 122, 17, 55, 77, 179, 115, 141, 182, 90, 122, 152,
       64, 3, 121, 94, 209, 181, 190, 137, 88, 20, 136, 171, 93, 130, 41,
       206, 254, 79, 94, 129, 85, 237, 67, 22, 67, 251, 225, 155, 242,
       95, 63, 128, 53, 135, 87, 2, 162, 239, 193, 108, 171, 233, 67,
       238, 53, 250, 198, 181, 142, 212, 82, 106, 175, 111, 140, 146,
       185, 231, 85, 156, 188, 186, 224, 132, 136, 103, 184, 238, 111,
       238, 23, 233, 114, 191, 150, 249, 214, 221, 189, 233, 109, 159,
       27, 7, 231, 197, 167, 180, 194, 236, 234, 110, 119, 213, 147, 134,
       247, 158, 220, 37, 111, 196, 195, 248, 51, 79, 158, 7, 173, 191,
       108, 81, 99, 205, 212, 89, 206, 76, 252, 27, 210, 73, 188, 44,
       140, 167, 244, 170, 219, 218, 33, 64, 35, 91, 233, 108, 203, 233,
       71, 110, 97, 250, 194, 183, 138, 144, 96, 106, 157, 110, 9, 145,
       184, 71, 81, 220, 165, 42, 128, 101, 138, 103, 168, 26, 232, 116,
       200, 95, 215, 184, 111, 143, 253, 180, 3, 12, 158, 118, 196, 107,
       145, 219, 145, 7, 11, 114, 220, 31, 77, 155, 255, 183, 4, 45, 206,
       138, 237, 30, 182, 237, 135, 189, 231, 141, 190, 92, 7, 172, 171,
       114, 3, 238, 107, 147, 231, 100, 219, 18, 236, 125, 19, 207, 171,
       23, 126, 169, 138, 37, 92, 211, 69, 117, 122, 238, 82, 121, 201,
       122, 66, 24, 154, 181, 180, 120, 236, 130, 138, 197, 178, 164,
       234, 54, 60, 130, 2, 207, 255, 122, 173, 169, 165, 115, 97, 244,
       90, 225, 59, 125, 228, 126, 80, 147, 37, 148, 180, 91, 156, 102,
       56, 185, 248, 117, 14, 15, 255, 55, 68, 231, 168, 70, 248, 62,
