%YAML:1.0
---
descriptors: !!opencv-matrix
   rows: 142
   cols: 32
   dt: u
   data: [ 61, 224, 181, 242, 60, 67, 195, 248, 215, 184, 148, 106, 126,
       249, 249, 167, 95, 120, 23, 111, 203, 99, 106, 157, 216, 91, 239,
       252, 87, 170, 113, 161, 49, 11, 229, 71, 116, 59, 227, 121, 87,
       225, 243, 214, 83, 40, 148, 172, 124, 206, 54, 47, 169, 248, 109,
       174, 36, 46, 113, 64, 111, 139, 208, 164, 53, 83, 99, 77, 82, 86,
       143, 120, 5, 224, 251, 238, 83, 4, 133, 244, 126, 252, 134, 238,
       201, 179, 117, 12, 48, 172, 161, 132, 111, 187, 36, 245, 10, 143,
       150, 155, 75, 177, 176, 71, 158, 21, 72, 19, 172, 170, 36, 193,
       235, 59, 163, 129, 22, 216, 18, 241, 13, 50, 90, 75, 146, 76, 173,
       142, 59, 72, 231, 223, 30, 118, 232, 93, 86, 233, 211, 66, 89,
       156, 180, 237, 126, 236, 54, 157, 133, 248, 255, 221, 21, 106,
       251, 192, 111, 143, 241, 244, 119, 121, 105, 238, 92, 71, 79, 248,
       2, 232, 156, 76, 81, 215, 57, 48, 88, 236, 85, 238, 201, 3, 217,
       28, 243, 173, 173, 188, 61, 179, 114, 114, 40, 181, 21, 218, 253,
       221, 148, 111, 143, 61, 169, 24, 174, 157, 108, 36, 137, 19, 202,
       16, 94, 107, 122, 215, 223, 150, 20, 127, 82, 8, 197, 174, 43,
       165, 230, 223, 223, 191, 188, 175, 223, 243, 94, 150, 232, 248,
       182, 174, 31, 102, 243, 29, 183, 248, 175, 253, 46, 127, 213, 231,
       223, 252, 217, 253, 202, 133, 109, 233, 186, 194, 45, 63, 132, 53,
       14, 178, 253, 39, 136, 71, 70, 22, 61, 252, 114, 200, 105, 253,
       237, 35, 238, 192, 38, 130, 181, 121, 167, 68, 230, 173, 124, 63,
       200, 122, 87, 232, 91, 86, 83, 104, 182, 232, 216, 236, 54, 47,
       237, 244, 79, 159, 14, 123, 229, 132, 127, 237, 216, 5, 13, 201,
       149, 218, 173, 13, 7, 136, 206, 186, 184, 72, 247, 245, 233, 236,
       223, 112, 110, 122, 75, 33, 106, 49, 169, 158, 101, 62, 208, 123,
       129, 33, 214, 31, 223, 182, 146, 226, 62, 228, 181, 130, 187, 243,
       109, 254, 105, 130, 55, 247, 236, 227, 116, 197, 8, 110, 186, 199,
       111, 139, 165, 115, 173, 3, 165, 207, 1, 155, 253, 173, 206, 190,
       94, 27, 88, 86, 244, 98, 57, 225, 221, 106, 18, 79, 243, 40, 90,
       191, 45, 30, 159, 76, 152, 89, 208, 160, 48, 109, 203, 236, 214,
       195, 190, 198, 28, 128, 248, 131, 49, 157, 53, 0, 250, 123, 19,
       213, 64, 187, 16, 174, 123, 205, 174, 9, 117, 90, 126, 170, 236,
       15, 213, 85, 225, 122, 84, 131, 115, 187, 38, 88, 138, 53, 1, 255,
       193, 254, 164, 24, 60, 126, 193, 170, 239, 255, 85, 53, 194, 253,
       206, 130, 37, 161, 72, 90, 221, 177, 234, 219, 87, 33, 125, 138,
       8, 233, 254, 188, 89, 138, 178, 156, 151, 62, 222, 247, 30, 31,
       149, 109, 223, 143, 250, 132, 153, 158, 106, 252, 116, 167, 253,
       119, 85, 202, 222, 230, 57, 189, 178, 96, 127, 171, 23, 141, 251,
       190, 38, 223, 246, 239, 190, 136, 63, 232, 112, 249, 121, 233,
       103, 68, 69, 94, 239, 101, 96, 232, 214, 10, 115, 124, 20, 39, 56,
       236, 116, 239, 217, 251, 181, 172, 113, 41, 229, 16, 103, 186,
       242, 232, 180, 94, 150, 200, 125, 51, 82, 216, 215, 56, 185, 125,
       66, 233, 45, 153, 221, 208, 198, 114, 46, 39, 10, 247, 26, 146,
       161, 127, 219, 123, 120, 19, 2, 24, 30, 159, 47, 247, 184, 98,
       142, 82, 211, 39, 228, 254, 39, 67, 230, 51, 187, 195, 37, 141,
       27, 253, 7, 51, 219, 155, 24, 11, 45, 223, 57, 79, 106, 173, 52,
       147, 110, 119, 85, 200, 254, 226, 99, 43, 179, 224, 120, 174, 22,
       236, 236, 187, 5, 191, 250, 253, 166, 129, 127, 222, 120, 140, 24,
       249, 121, 99, 114, 77, 115, 212, 41, 44, 60, 41, 63, 31, 72, 16,
       182, 153, 93, 80, 66, 184, 17, 97, 255, 221, 36, 103, 98, 130, 7,
       251, 26, 93, 50, 156, 119, 212, 190, 102, 189, 76, 94, 35, 44,
       190, 39, 196, 230, 123, 147, 193, 70, 155, 16, 237, 51, 117, 26,
       139, 18, 20, 45, 223, 141, 127, 249, 225, 180, 42, 237, 215, 125,
       105, 254, 246, 223, 43, 144, 40, 110, 135, 94, 140, 153, 184, 101,
       194, 246, 221, 178, 128, 237, 208, 227, 249, 9, 186, 254, 233,
       110, 139, 233, 216, 239, 249, 246, 230, 221, 203, 208, 98, 110,
       169, 126, 156, 131, 249, 103, 209, 78, 217, 171, 196, 109, 128,
       97, 169, 153, 22, 123, 225, 38, 10, 233, 83, 125, 74, 246, 246,
       159, 11, 176, 105, 126, 137, 95, 173, 249, 181, 101, 200, 212,
       249, 170, 128, 109, 128, 97, 177, 16, 177, 89, 225, 114, 207, 123,
       112, 41, 44, 184, 41, 191, 31, 1, 16, 182, 153, 93, 224, 74, 49,
       16, 93, 245, 197, 34, 162, 96, 130, 39, 235, 9, 18, 123, 233, 102,
       11, 233, 83, 125, 64, 246, 230, 157, 15, 176, 97, 126, 141, 95,
       172, 129, 191, 101, 204, 214, 249, 186, 128, 61, 136, 97, 249, 11,
       29, 123, 173, 180, 246, 253, 119, 29, 200, 94, 102, 188, 63, 178,
       96, 238, 63, 151, 129, 213, 184, 49, 207, 231, 255, 190, 130, 30,
       200, 189, 249, 9, 146, 251, 225, 100, 10, 233, 83, 125, 73, 246,
       230, 157, 11, 144, 120, 110, 141, 31, 140, 129, 184, 101, 192,
       214, 255, 250, 128, 173, 168, 113, 185, 53, 83, 82, 142, 118, 18,
       158, 120, 69, 192, 251, 230, 83, 200, 167, 228, 126, 252, 150,
       239, 205, 179, 5, 140, 50, 44, 35, 128, 127, 187, 56, 149, 63, 83,
       99, 78, 120, 23, 78, 120, 5, 200, 251, 204, 83, 198, 189, 244, 92,
       252, 22, 238, 201, 179, 109, 29, 48, 172, 161, 144, 127, 186, 112,
       181, 70, 25, 159, 190, 174, 227, 188, 97, 142, 66, 219, 167, 244,
       254, 35, 74, 238, 53, 123, 131, 21, 129, 19, 212, 209, 38, 234,
       139, 156, 107, 181, 83, 86, 251, 238, 174, 56, 2, 91, 188, 167,
       164, 203, 133, 109, 239, 83, 82, 215, 245, 125, 215, 200, 203,
       159, 253, 251, 118, 205, 223, 166, 183, 36, 90, 149, 82, 237, 245,
       54, 11, 200, 24, 86, 232, 83, 246, 211, 108, 152, 105, 126, 204,
       62, 239, 237, 244, 109, 31, 172, 175, 101, 196, 109, 169, 80, 49,
       101, 233, 89, 238, 62, 75, 86, 168, 202, 168, 57, 106, 247, 249,
       8, 160, 22, 124, 124, 107, 65, 97, 203, 61, 233, 173, 37, 60, 116,
       170, 73, 33, 163, 4, 228, 157, 172, 43, 204, 27, 87, 226, 218,
       215, 195, 232, 183, 73, 219, 238, 63, 47, 253, 246, 207, 159, 170,
       126, 245, 156, 95, 253, 216, 212, 61, 91, 231, 221, 188, 147, 236,
       91, 87, 233, 218, 98, 89, 152, 180, 237, 122, 254, 54, 217, 217,
       244, 239, 189, 21, 106, 255, 192, 103, 153, 240, 165, 109, 225,
       217, 236, 124, 86, 71, 232, 194, 216, 189, 8, 83, 211, 235, 242,
       217, 200, 20, 126, 77, 99, 234, 24, 234, 237, 165, 61, 120, 187,
       122, 1, 171, 78, 206, 159, 205, 183, 254, 79, 86, 241, 219, 87,
       64, 232, 54, 232, 89, 238, 58, 159, 221, 255, 223, 181, 54, 43,
       223, 65, 31, 159, 248, 132, 134, 158, 230, 151, 247, 251, 180,
       199, 159, 247, 22, 183, 108, 172, 247, 143, 163, 99, 227, 149, 52,
       253, 47, 226, 46, 87, 95, 195, 207, 124, 189, 223, 66, 148, 159,
       246, 233, 108, 53, 191, 187, 223, 26, 125, 252, 247, 72, 123, 167,
       87, 253, 17, 51, 75, 187, 226, 189, 182, 126, 202, 128, 80, 167,
       123, 211, 141, 228, 69, 173, 22, 76, 39, 253, 230, 190, 18, 235,
       42, 150, 118, 194, 166, 124, 172, 253, 137, 117, 202, 162, 254,
       198, 19, 38, 228, 232, 108, 252, 158, 133, 255, 137, 98, 68, 175,
       23, 31, 234, 177, 99, 103, 41, 217, 217, 214, 174, 144, 62, 79,
       75, 179, 155, 246, 214, 95, 146, 108, 180, 26, 90, 134, 196, 253,
       157, 242, 72, 11, 151, 151, 204, 18, 233, 227, 112, 74, 81, 239,
       57, 152, 26, 74, 203, 211, 207, 231, 219, 205, 178, 192, 172, 0,
       107, 54, 211, 77, 113, 54, 235, 82, 123, 201, 120, 68, 41, 227,
       149, 244, 118, 236, 22, 140, 131, 146, 180, 203, 6, 252, 130, 128,
       235, 246, 98, 188, 38, 145, 24, 234, 221, 221, 80, 73, 15, 57, 33,
       24, 142, 217, 108, 60, 153, 27, 226, 16, 22, 42, 90, 213, 31, 220,
       17, 127, 210, 10, 204, 6, 164, 124, 248, 64, 116, 253, 241, 214,
       219, 172, 52, 8, 18, 153, 119, 56, 201, 184, 6, 88, 162, 54, 112,
