%YAML:1.0
---
descriptors: !!opencv-matrix
   rows: 372
   cols: 32
   dt: u
   data: [ 37, 119, 97, 77, 124, 31, 239, 58, 93, 232, 250, 238, 155, 40,
       151, 52, 222, 204, 86, 109, 237, 178, 101, 206, 38, 126, 162, 128,
       77, 189, 82, 149, 175, 221, 237, 71, 218, 23, 223, 252, 83, 226,
       116, 206, 121, 109, 159, 37, 31, 222, 179, 238, 229, 246, 125,
       174, 127, 75, 229, 180, 127, 253, 208, 249, 125, 101, 225, 102,
       77, 31, 79, 248, 97, 226, 189, 76, 91, 125, 93, 183, 156, 196,
       117, 238, 201, 114, 249, 168, 119, 249, 197, 60, 107, 255, 210,
       116, 165, 157, 104, 173, 180, 31, 206, 57, 68, 104, 223, 70, 211,
       24, 146, 97, 92, 196, 22, 111, 253, 176, 93, 191, 228, 25, 165,
       212, 125, 170, 216, 21, 130, 154, 154, 155, 51, 169, 188, 206, 30,
       15, 84, 183, 172, 207, 166, 68, 255, 43, 135, 4, 34, 152, 10, 247,
       102, 182, 58, 163, 26, 76, 173, 155, 222, 232, 18, 190, 43, 193,
       23, 232, 191, 28, 161, 41, 110, 254, 47, 21, 227, 251, 205, 194,
       46, 71, 138, 255, 179, 211, 79, 59, 16, 119, 39, 71, 55, 103, 105,
       141, 124, 11, 238, 120, 86, 232, 219, 239, 211, 104, 245, 160, 94,
       232, 23, 239, 237, 178, 79, 158, 60, 12, 173, 184, 125, 191, 112,
       229, 15, 229, 109, 239, 182, 75, 255, 248, 61, 224, 255, 163, 221,
       127, 219, 37, 127, 253, 127, 239, 233, 240, 237, 254, 255, 253,
       175, 132, 103, 255, 103, 241, 151, 118, 255, 239, 190, 23, 254,
       248, 125, 234, 255, 231, 221, 254, 159, 50, 255, 205, 95, 231,
       237, 166, 253, 234, 238, 223, 175, 134, 77, 243, 107, 213, 2, 42,
       54, 248, 73, 192, 184, 67, 175, 12, 192, 129, 172, 206, 36, 72,
       228, 57, 235, 129, 2, 143, 130, 221, 151, 242, 154, 11, 16, 4, 37,
       206, 2, 56, 58, 248, 111, 197, 176, 64, 173, 68, 242, 33, 188,
       223, 37, 40, 234, 185, 219, 65, 6, 175, 146, 221, 211, 241, 26,
       11, 64, 8, 39, 219, 105, 29, 81, 193, 116, 31, 109, 55, 125, 104,
       246, 108, 191, 19, 133, 244, 134, 140, 126, 12, 193, 184, 113,
       222, 166, 220, 48, 176, 90, 168, 66, 61, 73, 17, 61, 245, 52, 204,
       105, 23, 124, 65, 206, 80, 191, 55, 64, 96, 38, 63, 127, 24, 209,
       152, 241, 194, 197, 253, 58, 0, 0, 192, 133, 57, 73, 57, 57, 241,
       48, 204, 121, 55, 189, 105, 126, 100, 190, 151, 128, 116, 134, 59,
       95, 8, 193, 152, 241, 222, 199, 221, 58, 130, 10, 128, 131, 123,
       162, 188, 151, 90, 217, 229, 144, 71, 159, 91, 161, 28, 166, 249,
       100, 143, 201, 51, 106, 16, 51, 111, 218, 243, 25, 50, 87, 123,
       216, 72, 235, 158, 29, 237, 91, 235, 180, 39, 239, 222, 102, 73,
       251, 70, 211, 105, 185, 32, 126, 202, 22, 190, 155, 178, 125, 63,
       233, 205, 39, 4, 249, 251, 225, 160, 39, 96, 233, 194, 76, 61,
       234, 216, 67, 224, 181, 202, 83, 204, 93, 184, 125, 200, 22, 222,
       143, 54, 254, 210, 31, 29, 165, 172, 253, 251, 90, 180, 125, 77,
       121, 102, 149, 126, 71, 184, 113, 232, 175, 8, 83, 121, 25, 243,
       216, 228, 92, 110, 169, 163, 249, 174, 251, 255, 165, 20, 98, 251,
       82, 98, 252, 240, 187, 250, 77, 252, 82, 200, 163, 212, 172, 9,
       127, 221, 105, 218, 217, 218, 233, 114, 42, 103, 218, 179, 219,
       209, 133, 63, 66, 127, 126, 114, 8, 160, 113, 75, 114, 75, 105,
       57, 61, 36, 119, 168, 219, 23, 136, 53, 50, 28, 102, 104, 67, 176,
       105, 93, 69, 170, 112, 196, 99, 130, 71, 249, 234, 124, 53, 126,
       137, 253, 22, 31, 155, 218, 57, 125, 238, 253, 69, 148, 133, 122,
       229, 18, 126, 108, 218, 179, 171, 247, 85, 187, 90, 124, 134, 83,
       130, 176, 151, 220, 43, 64, 177, 107, 190, 31, 224, 48, 172, 182,
       44, 95, 239, 29, 239, 0, 32, 79, 130, 223, 153, 50, 90, 27, 16, 0,
       39, 143, 92, 43, 91, 225, 114, 202, 123, 16, 51, 236, 103, 161,
       93, 7, 66, 80, 118, 189, 55, 250, 16, 144, 233, 92, 223, 225, 163,
       196, 164, 163, 39, 227, 198, 162, 146, 216, 91, 133, 56, 105, 159,
       151, 192, 25, 172, 239, 96, 77, 213, 57, 235, 176, 50, 79, 154,
       221, 159, 178, 91, 127, 144, 8, 37, 130, 165, 237, 101, 95, 228,
       11, 239, 254, 125, 150, 126, 82, 240, 225, 221, 37, 123, 202, 82,
       238, 243, 240, 111, 255, 44, 62, 199, 4, 87, 251, 243, 172, 237,
       188, 189, 85, 164, 126, 101, 191, 82, 251, 70, 92, 211, 57, 216,
       107, 17, 70, 124, 56, 177, 252, 249, 42, 79, 47, 245, 20, 138,
       248, 208, 97, 22, 85, 95, 220, 210, 130, 190, 232, 60, 4, 251,
       162, 76, 247, 173, 64, 126, 249, 35, 227, 98, 147, 15, 223, 48,
       46, 15, 134, 53, 115, 37, 161, 80, 10, 174, 173, 60, 226, 91, 18,
       118, 236, 222, 167, 247, 143, 115, 72, 90, 231, 109, 213, 12, 155,
       229, 40, 213, 231, 186, 145, 164, 217, 36, 91, 71, 71, 68, 71, 50,
       26, 110, 188, 109, 224, 79, 228, 209, 98, 155, 244, 54, 76, 126,
       238, 197, 144, 109, 76, 36, 62, 39, 132, 46, 183, 41, 5, 190, 60,
       30, 254, 91, 225, 18, 66, 187, 6, 229, 41, 47, 255, 33, 24, 238,
       243, 205, 194, 42, 79, 26, 255, 243, 247, 2, 27, 178, 115, 38,
       155, 252, 183, 16, 56, 185, 157, 86, 249, 171, 28, 180, 77, 111,
       203, 106, 146, 189, 193, 204, 118, 238, 103, 154, 151, 251, 217,
       37, 127, 90, 164, 238, 67, 24, 94, 173, 189, 42, 66, 90, 46, 22,
       238, 218, 167, 247, 110, 3, 74, 219, 245, 253, 165, 45, 197, 111,
       62, 241, 231, 255, 145, 245, 122, 21, 91, 147, 20, 231, 157, 134,
       50, 173, 119, 116, 198, 82, 214, 1, 44, 183, 109, 127, 135, 59,
       173, 181, 220, 53, 206, 148, 46, 218, 128, 173, 245, 177, 252, 45,
       189, 237, 71, 220, 119, 79, 191, 83, 234, 124, 12, 81, 125, 19,
       51, 29, 230, 113, 174, 249, 218, 253, 46, 111, 111, 229, 180, 239,
       242, 210, 248, 236, 249, 189, 121, 157, 205, 83, 146, 242, 253,
       164, 9, 182, 61, 67, 27, 129, 114, 105, 82, 106, 104, 251, 51,
       239, 209, 21, 125, 208, 121, 70, 122, 48, 248, 92, 114, 41, 141,
       86, 246, 175, 25, 180, 13, 63, 147, 66, 16, 167, 147, 69, 82, 10,
       107, 26, 53, 251, 217, 52, 121, 104, 129, 202, 139, 131, 168, 51,
       155, 93, 245, 160, 67, 223, 5, 81, 18, 172, 220, 52, 236, 201, 59,
       178, 17, 23, 188, 122, 215, 5, 22, 154, 106, 210, 12, 53, 236,
       207, 237, 232, 147, 172, 60, 255, 151, 59, 247, 31, 213, 156, 174,
       223, 79, 135, 71, 125, 31, 246, 92, 239, 226, 238, 125, 254, 232,
       142, 245, 147, 93, 193, 180, 57, 80, 252, 237, 177, 123, 254, 187,
       181, 88, 180, 183, 64, 57, 141, 51, 126, 24, 51, 111, 243, 95,
       221, 143, 55, 120, 208, 64, 131, 171, 60, 96, 184, 112, 109, 61,
       81, 216, 211, 191, 180, 24, 31, 153, 65, 58, 137, 208, 85, 26, 42,
       103, 250, 128, 219, 221, 21, 63, 226, 249, 70, 162, 57, 137, 122,
       232, 253, 221, 82, 69, 237, 96, 188, 9, 171, 184, 86, 144, 202,
       161, 206, 93, 30, 43, 82, 129, 255, 217, 2, 123, 127, 142, 75, 14,
       95, 63, 211, 193, 242, 114, 43, 82, 63, 232, 127, 230, 137, 39,
       197, 244, 126, 189, 150, 250, 145, 210, 205, 232, 156, 237, 171,
       132, 175, 231, 107, 181, 203, 128, 238, 87, 98, 62, 169, 55, 186,
       223, 86, 148, 253, 38, 146, 126, 39, 119, 125, 140, 165, 220, 167,
       75, 78, 43, 122, 128, 132, 228, 43, 125, 214, 222, 209, 174, 250,
       32, 95, 154, 187, 14, 248, 245, 205, 231, 233, 82, 215, 87, 173,
       214, 34, 7, 202, 226, 250, 245, 46, 143, 184, 245, 37, 113, 89,
       92, 13, 189, 12, 110, 124, 59, 175, 114, 198, 2, 247, 51, 17, 123,
       225, 166, 125, 137, 109, 221, 211, 189, 197, 251, 223, 16, 56, 72,
       120, 10, 137, 192, 101, 183, 36, 15, 237, 61, 94, 226, 118, 214,
       251, 97, 154, 225, 126, 68, 127, 111, 233, 244, 117, 159, 228,
       203, 231, 144, 127, 188, 208, 248, 215, 76, 239, 150, 2, 102, 175,
       96, 184, 194, 199, 150, 85, 230, 51, 107, 119, 229, 56, 239, 225,
       199, 188, 238, 209, 42, 203, 0, 37, 243, 49, 116, 43, 18, 238,
       213, 87, 87, 248, 126, 95, 229, 119, 130, 73, 44, 54, 45, 124,
       124, 179, 237, 132, 248, 117, 204, 79, 91, 219, 3, 87, 172, 92,
