%YAML:1.0
---
descriptors: !!opencv-matrix
   rows: 144
   cols: 32
   dt: u
   data: [ 73, 180, 185, 121, 186, 255, 57, 55, 126, 107, 206, 152, 159,
       23, 146, 112, 39, 62, 125, 28, 151, 216, 231, 23, 223, 239, 55,
       240, 34, 196, 135, 113, 118, 112, 105, 193, 78, 13, 234, 200, 105,
       248, 176, 207, 83, 94, 93, 59, 254, 193, 95, 247, 201, 103, 220,
       80, 149, 152, 235, 252, 109, 187, 115, 147, 56, 156, 57, 255, 144,
       231, 83, 183, 22, 73, 238, 0, 183, 119, 32, 112, 213, 178, 29, 24,
       187, 137, 113, 63, 235, 239, 176, 80, 176, 200, 228, 123, 196,
       173, 133, 151, 148, 136, 36, 135, 62, 147, 74, 82, 228, 226, 73,
       74, 97, 110, 42, 152, 114, 92, 219, 227, 172, 38, 223, 64, 128,
       82, 161, 8, 52, 166, 196, 239, 220, 11, 70, 184, 83, 187, 185, 75,
       67, 105, 93, 154, 217, 198, 36, 50, 62, 114, 75, 187, 170, 222,
       197, 116, 251, 250, 208, 128, 198, 173, 244, 223, 254, 168, 170,
       136, 219, 179, 57, 146, 236, 234, 93, 10, 183, 119, 123, 211, 178,
       100, 143, 243, 12, 30, 207, 252, 213, 99, 81, 128, 166, 76, 150,
       252, 252, 171, 150, 238, 223, 131, 248, 88, 206, 249, 37, 201,
       215, 123, 111, 35, 48, 239, 10, 255, 168, 254, 87, 30, 212, 249,
       129, 141, 89, 186, 152, 119, 160, 31, 94, 183, 59, 169, 191, 77,
       255, 179, 66, 154, 183, 255, 252, 0, 136, 122, 217, 51, 219, 255,
       117, 48, 202, 210, 138, 27, 75, 91, 123, 237, 50, 222, 59, 112,
       61, 72, 94, 228, 189, 159, 164, 240, 182, 61, 159, 231, 197, 153,
       33, 239, 247, 253, 42, 130, 14, 135, 33, 121, 60, 105, 114, 110,
       121, 221, 86, 240, 229, 140, 236, 9, 110, 223, 43, 148, 186, 249,
       197, 74, 76, 163, 26, 237, 243, 221, 5, 27, 98, 183, 110, 194, 34,
       173, 17, 234, 221, 133, 182, 239, 31, 1, 105, 75, 36, 251, 108, 0,
       221, 27, 3, 17, 82, 58, 74, 247, 61, 148, 30, 107, 144, 10, 135,
       138, 133, 164, 221, 241, 236, 171, 233, 27, 126, 51, 53, 88, 159,
       163, 216, 43, 3, 14, 110, 24, 51, 124, 207, 210, 204, 155, 119,
       100, 220, 200, 195, 160, 200, 152, 149, 190, 9, 205, 21, 167, 143,
       91, 160, 25, 190, 247, 64, 218, 133, 51, 232, 2, 3, 13, 90, 51,
       193, 247, 88, 59, 16, 8, 5, 91, 73, 18, 148, 85, 101, 188, 120,
       19, 121, 123, 119, 92, 190, 19, 150, 191, 134, 44, 118, 12, 181,
       252, 243, 192, 6, 251, 114, 194, 74, 136, 75, 157, 85, 103, 196,
       71, 176, 26, 110, 184, 118, 168, 106, 228, 211, 96, 153, 240, 50,
       76, 36, 238, 237, 208, 237, 46, 46, 238, 101, 132, 111, 179, 72,
       5, 246, 80, 214, 140, 77, 70, 86, 104, 185, 142, 243, 11, 78, 254,
       39, 223, 248, 245, 237, 227, 108, 103, 154, 200, 145, 178, 199,
       31, 1, 63, 124, 6, 52, 176, 248, 243, 205, 47, 240, 203, 91, 179,
       161, 27, 30, 249, 76, 24, 249, 153, 83, 16, 18, 114, 218, 144, 95,
       219, 81, 119, 209, 73, 194, 130, 129, 160, 157, 155, 236, 169,
       172, 143, 30, 51, 65, 176, 149, 226, 200, 73, 75, 11, 106, 24, 51,
       92, 219, 211, 12, 146, 126, 108, 156, 72, 129, 168, 242, 203, 7,
       172, 13, 66, 70, 108, 229, 140, 178, 11, 98, 104, 52, 83, 248,
       228, 108, 227, 108, 163, 1, 205, 177, 162, 203, 19, 113, 58, 116,
       46, 240, 72, 223, 188, 78, 8, 109, 36, 249, 146, 178, 90, 127, 35,
       5, 91, 98, 229, 108, 234, 104, 71, 195, 200, 212, 170, 254, 16,
       37, 113, 99, 40, 77, 52, 153, 225, 240, 46, 120, 27, 58, 187, 107,
       80, 221, 51, 72, 250, 183, 31, 124, 24, 19, 220, 153, 66, 207,
       207, 55, 100, 136, 224, 131, 161, 198, 20, 157, 159, 138, 98, 23,
       138, 158, 179, 137, 182, 212, 118, 73, 79, 215, 87, 234, 242, 49,
       69, 219, 114, 137, 50, 95, 30, 152, 113, 165, 51, 125, 251, 154,
       103, 176, 159, 127, 217, 35, 173, 255, 13, 255, 251, 74, 16, 180,
       207, 236, 94, 218, 186, 217, 61, 251, 253, 37, 112, 74, 130, 202,
       67, 6, 161, 16, 131, 221, 125, 176, 73, 30, 53, 17, 27, 204, 120,
       74, 140, 185, 155, 234, 177, 22, 114, 91, 214, 29, 22, 31, 111,
       144, 14, 141, 134, 250, 56, 170, 240, 139, 253, 145, 23, 155, 127,
       150, 63, 46, 189, 70, 46, 237, 179, 253, 145, 190, 111, 242, 226,
       219, 127, 220, 251, 195, 76, 150, 95, 61, 117, 17, 238, 189, 15,
       86, 248, 63, 170, 249, 72, 223, 115, 9, 176, 220, 213, 92, 106,
       105, 98, 89, 190, 179, 223, 37, 62, 74, 59, 66, 51, 192, 164, 149,
       151, 222, 168, 44, 173, 190, 147, 9, 82, 236, 226, 72, 66, 115,
       107, 42, 152, 114, 76, 218, 247, 172, 6, 159, 108, 128, 82, 161,
       136, 91, 112, 116, 237, 45, 22, 88, 24, 235, 236, 118, 165, 143,
       159, 214, 246, 134, 189, 245, 204, 204, 212, 183, 209, 195, 249,
       161, 143, 47, 132, 78, 127, 178, 180, 181, 190, 250, 5, 148, 239,
       31, 91, 240, 249, 110, 255, 44, 25, 223, 155, 247, 149, 122, 79,
       75, 215, 61, 62, 94, 254, 209, 92, 163, 219, 101, 105, 149, 102,
       109, 31, 71, 184, 107, 232, 176, 72, 247, 82, 17, 54, 144, 196,
       92, 106, 201, 227, 250, 56, 181, 250, 5, 50, 64, 51, 66, 101, 97,
       106, 73, 161, 78, 15, 168, 88, 44, 176, 242, 66, 149, 19, 209,
       251, 110, 157, 126, 249, 65, 246, 193, 64, 212, 128, 235, 36, 45,
       168, 99, 160, 88, 188, 188, 114, 169, 237, 17, 142, 187, 63, 172,
       25, 174, 183, 74, 27, 135, 211, 237, 16, 26, 79, 251, 49, 219,
       215, 93, 127, 194, 80, 135, 107, 85, 165, 145, 225, 178, 110, 108,
       159, 59, 161, 107, 80, 223, 51, 200, 252, 183, 31, 60, 56, 51,
       216, 145, 66, 172, 254, 55, 70, 168, 192, 163, 33, 240, 66, 223,
       190, 78, 72, 109, 196, 249, 146, 178, 90, 91, 99, 1, 91, 107, 229,
       108, 202, 105, 71, 203, 226, 212, 170, 254, 24, 37, 241, 98, 40,
       109, 93, 21, 110, 61, 143, 86, 176, 205, 8, 249, 108, 254, 115,
       33, 240, 148, 115, 92, 98, 201, 169, 89, 63, 163, 255, 37, 26, 90,
       58, 64, 19, 196, 164, 133, 159, 222, 168, 36, 171, 190, 147, 1,
       82, 228, 226, 72, 67, 113, 106, 42, 152, 115, 84, 202, 215, 44, 6,
       223, 108, 144, 96, 161, 128, 253, 253, 25, 101, 233, 15, 84, 186,
       59, 170, 188, 76, 159, 51, 65, 176, 157, 221, 92, 104, 233, 122,
       81, 30, 231, 223, 37, 52, 74, 249, 74, 35, 108, 230, 208, 103,
       189, 63, 194, 152, 87, 185, 191, 77, 195, 105, 89, 134, 89, 206,
       236, 122, 142, 98, 201, 186, 110, 223, 37, 117, 235, 255, 88, 2,
       34, 160, 215, 186, 106, 1, 152, 237, 159, 49, 241, 153, 204, 254,
       44, 29, 223, 27, 127, 21, 18, 75, 75, 209, 152, 146, 94, 254, 148,
       12, 163, 133, 55, 178, 229, 177, 98, 27, 176, 99, 47, 241, 178,
       239, 14, 60, 206, 59, 255, 157, 255, 21, 158, 251, 101, 212, 156,
       82, 91, 246, 229, 44, 22, 215, 115, 2, 228, 133, 40, 30, 104, 56,
       41, 88, 246, 205, 203, 6, 151, 126, 124, 132, 255, 140, 205, 210,
       231, 201, 151, 122, 194, 144, 7, 172, 114, 116, 114, 97, 241, 229,
       38, 104, 248, 64, 105, 128, 185, 138, 143, 11, 85, 26, 170, 149,
       85, 217, 10, 48, 196, 192, 151, 216, 139, 163, 101, 162, 67, 4,
       210, 66, 71, 148, 14, 66, 101, 100, 225, 150, 178, 91, 66, 42, 21,
       91, 104, 229, 108, 227, 104, 231, 135, 200, 177, 162, 206, 19, 37,
       48, 116, 14, 158, 181, 233, 82, 141, 121, 85, 217, 207, 118, 45,
       157, 139, 220, 127, 191, 131, 24, 221, 18, 222, 101, 190, 144,
       203, 217, 5, 127, 246, 254, 220, 215, 226, 184, 183, 248, 203,
       236, 176, 215, 187, 91, 144, 127, 188, 189, 102, 43, 237, 179,
       255, 145, 183, 111, 146, 227, 95, 114, 222, 251, 207, 76, 151, 95,
       245, 166, 219, 228, 254, 75, 198, 255, 83, 162, 188, 106, 115,
       233, 241, 50, 123, 198, 68, 42, 125, 107, 140, 30, 120, 143, 165,
       60, 245, 250, 90, 8, 65, 230, 156, 37, 172, 46, 108, 191, 106,
       187, 42, 92, 215, 32, 216, 59, 5, 70, 124, 61, 208, 240, 197, 64,
       204, 190, 117, 84, 200, 240, 211, 8, 76, 176, 28, 161, 169, 109,
       56, 29, 171, 121, 191, 124, 222, 23, 72, 186, 135, 23, 253, 48,
       19, 65, 153, 84, 205, 209, 63, 246, 138, 0, 139, 51, 242, 170,
