%YAML:1.0
---
descriptors: !!opencv-matrix
   rows: 280
   cols: 32
   dt: u
   data: [ 222, 6, 237, 231, 2, 98, 107, 24, 49, 166, 207, 130, 217, 103,
       153, 123, 118, 213, 45, 250, 41, 212, 253, 234, 199, 227, 235,
       133, 167, 243, 37, 112, 20, 28, 159, 191, 10, 230, 61, 2, 180, 18,
       203, 2, 245, 119, 33, 75, 103, 115, 59, 131, 33, 197, 27, 45, 193,
       163, 250, 0, 24, 113, 37, 178, 124, 226, 128, 160, 185, 59, 82,
       140, 35, 181, 128, 189, 143, 12, 67, 154, 153, 205, 237, 117, 30,
       66, 205, 144, 250, 209, 173, 255, 166, 159, 158, 70, 130, 223,
       182, 218, 251, 177, 189, 199, 158, 31, 112, 183, 172, 238, 230,
       68, 239, 59, 239, 128, 50, 31, 10, 243, 60, 150, 122, 235, 80, 92,
       165, 191, 252, 84, 239, 238, 11, 102, 95, 216, 52, 142, 231, 130,
       83, 119, 41, 91, 124, 212, 189, 226, 40, 215, 249, 42, 211, 227,
       235, 133, 49, 115, 36, 114, 60, 63, 106, 47, 95, 75, 215, 232, 86,
       228, 253, 47, 115, 232, 63, 0, 120, 232, 134, 99, 206, 179, 124,
       61, 113, 77, 37, 53, 117, 63, 118, 210, 77, 231, 24, 167, 180, 11,
       110, 184, 60, 168, 251, 108, 223, 66, 136, 208, 246, 77, 110, 110,
       121, 176, 201, 110, 236, 245, 47, 212, 8, 179, 137, 1, 13, 71, 16,
       167, 52, 14, 111, 184, 45, 168, 123, 96, 255, 67, 137, 208, 214,
       77, 76, 106, 73, 144, 73, 238, 228, 223, 47, 132, 8, 243, 9, 33,
       212, 248, 191, 247, 34, 200, 49, 128, 190, 149, 99, 34, 117, 255,
       105, 74, 163, 119, 105, 19, 66, 253, 154, 33, 205, 227, 111, 67,
       96, 50, 37, 51, 164, 148, 157, 113, 192, 110, 69, 175, 48, 179,
       102, 24, 23, 55, 8, 59, 137, 214, 32, 24, 57, 252, 113, 34, 237,
       175, 116, 68, 224, 81, 194, 186, 80, 213, 254, 254, 138, 224, 53,
       207, 174, 23, 98, 51, 52, 255, 40, 90, 227, 83, 123, 144, 18, 201,
       155, 97, 121, 163, 94, 75, 177, 80, 165, 154, 66, 184, 250, 20,
       106, 232, 49, 71, 170, 85, 40, 169, 36, 159, 102, 91, 163, 183,
       111, 144, 18, 75, 130, 97, 93, 32, 122, 235, 128, 64, 167, 219,
       237, 68, 181, 101, 37, 78, 103, 184, 109, 162, 174, 8, 215, 49,
       25, 118, 144, 68, 121, 106, 72, 240, 249, 14, 229, 251, 69, 20,
       66, 251, 86, 98, 99, 56, 243, 64, 109, 205, 210, 83, 235, 235,
       184, 104, 54, 156, 68, 50, 141, 179, 84, 16, 135, 43, 146, 114,
       27, 28, 16, 122, 201, 8, 66, 191, 208, 201, 95, 237, 150, 2, 79,
       177, 36, 0, 194, 2, 83, 51, 48, 83, 114, 244, 56, 234, 104, 145,
       17, 45, 241, 234, 194, 16, 36, 186, 244, 40, 121, 109, 249, 100,
       80, 109, 87, 190, 0, 160, 172, 8, 115, 119, 65, 48, 88, 252, 85,
       106, 73, 50, 248, 14, 243, 237, 165, 56, 97, 250, 66, 186, 9, 167,
       17, 249, 180, 143, 65, 191, 94, 57, 88, 80, 150, 17, 200, 100,
       149, 26, 14, 24, 211, 184, 105, 23, 237, 158, 53, 116, 146, 136,
       129, 41, 108, 117, 185, 227, 180, 79, 119, 152, 37, 232, 127, 8,
       215, 119, 9, 48, 144, 84, 85, 106, 73, 240, 217, 12, 231, 221, 37,
       20, 192, 251, 70, 50, 243, 103, 138, 148, 238, 57, 188, 71, 29,
       239, 152, 255, 14, 168, 247, 138, 239, 231, 207, 133, 140, 199,
       197, 194, 144, 85, 255, 187, 141, 124, 187, 221, 84, 34, 26, 170,
       42, 233, 16, 72, 174, 39, 161, 57, 143, 214, 34, 88, 231, 61, 239,
       19, 12, 71, 138, 80, 209, 245, 59, 123, 16, 3, 47, 211, 135, 82,
       143, 151, 162, 54, 173, 184, 158, 250, 87, 214, 244, 114, 187,
       111, 103, 103, 62, 239, 241, 212, 47, 236, 4, 58, 255, 128, 140,
       241, 161, 245, 117, 101, 63, 101, 28, 79, 71, 184, 117, 224, 234,
       8, 211, 49, 1, 112, 216, 220, 122, 106, 73, 178, 249, 14, 229,
       191, 5, 20, 64, 187, 70, 226, 174, 90, 240, 219, 239, 185, 176,
       216, 31, 29, 116, 255, 172, 153, 231, 77, 207, 121, 167, 83, 130,
       100, 74, 241, 70, 209, 114, 251, 214, 29, 13, 151, 125, 36, 157,
       167, 184, 79, 67, 24, 98, 168, 171, 8, 215, 119, 73, 50, 145, 244,
       108, 122, 9, 82, 201, 8, 253, 227, 101, 52, 160, 115, 2, 35, 86,
       1, 143, 165, 170, 98, 189, 7, 172, 199, 155, 179, 213, 239, 104,
       74, 231, 87, 123, 145, 16, 193, 131, 194, 201, 167, 255, 197, 132,
       114, 181, 114, 50, 21, 82, 168, 181, 39, 86, 111, 29, 174, 248,
       159, 10, 44, 62, 196, 252, 142, 134, 39, 124, 179, 65, 206, 177,
       252, 128, 31, 245, 125, 248, 215, 189, 54, 97, 114, 229, 63, 78,
       218, 81, 234, 189, 93, 91, 13, 91, 185, 221, 200, 149, 62, 173,
       118, 120, 186, 219, 219, 229, 52, 251, 253, 82, 210, 61, 148, 228,
       113, 165, 127, 214, 187, 83, 251, 55, 30, 91, 125, 94, 47, 153,
       206, 21, 62, 248, 240, 121, 138, 111, 223, 85, 116, 255, 252, 216,
       114, 44, 79, 82, 199, 116, 27, 110, 248, 117, 160, 127, 202, 107,
       97, 157, 148, 122, 236, 6, 110, 73, 178, 77, 238, 54, 220, 5, 0,
       103, 251, 74, 172, 205, 217, 17, 82, 209, 205, 71, 189, 127, 57,
       34, 88, 214, 87, 72, 244, 145, 94, 96, 88, 243, 56, 185, 55, 45,
       154, 21, 118, 218, 136, 192, 33, 53, 4, 87, 69, 192, 102, 237, 97,
       116, 226, 235, 18, 81, 55, 157, 63, 120, 196, 114, 170, 49, 241,
       53, 76, 55, 170, 193, 4, 227, 243, 226, 160, 41, 161, 184, 97,
       228, 205, 241, 215, 106, 121, 124, 8, 157, 153, 88, 48, 138, 11,
       87, 25, 146, 58, 210, 17, 77, 205, 55, 108, 201, 138, 195, 171,
       110, 39, 102, 70, 237, 80, 215, 97, 193, 142, 189, 40, 106, 252,
       255, 183, 200, 228, 253, 227, 204, 99, 174, 200, 51, 89, 229, 187,
       71, 126, 118, 103, 146, 170, 223, 209, 226, 208, 177, 199, 190,
       159, 86, 178, 44, 134, 160, 73, 39, 123, 175, 208, 18, 221, 38,
       241, 92, 34, 126, 195, 164, 65, 165, 171, 84, 83, 14, 161, 18, 26,
       118, 184, 36, 164, 207, 165, 215, 66, 11, 80, 120, 141, 108, 226,
       76, 144, 205, 12, 224, 225, 175, 21, 32, 51, 12, 2, 77, 99, 24,
       103, 112, 14, 114, 24, 97, 140, 119, 45, 215, 51, 10, 82, 182, 68,
       108, 106, 12, 240, 137, 8, 206, 249, 33, 5, 64, 163, 106, 3, 100,
       32, 189, 81, 204, 109, 193, 67, 234, 191, 175, 24, 146, 177, 65,
       62, 201, 54, 106, 24, 27, 99, 242, 0, 93, 190, 112, 120, 192, 105,
       198, 226, 166, 177, 105, 24, 223, 217, 144, 205, 155, 117, 160,
       187, 0, 204, 126, 31, 137, 155, 211, 81, 54, 111, 190, 211, 27,
       16, 157, 127, 213, 12, 214, 246, 125, 39, 225, 199, 223, 91, 79,
       248, 65, 226, 189, 206, 91, 97, 219, 182, 123, 196, 220, 238, 237,
       178, 237, 174, 190, 205, 165, 180, 111, 255, 90, 100, 92, 118,
       172, 166, 10, 30, 86, 40, 34, 254, 159, 175, 231, 44, 75, 139,
       189, 245, 237, 231, 236, 71, 203, 8, 251, 227, 237, 157, 165, 115,
       30, 83, 212, 199, 172, 190, 186, 82, 158, 232, 144, 246, 159, 163,
       199, 108, 23, 67, 215, 69, 253, 103, 172, 195, 175, 46, 250, 231,
       111, 149, 36, 115, 45, 83, 205, 54, 189, 245, 160, 44, 121, 18,
       250, 219, 55, 116, 223, 247, 193, 122, 167, 119, 125, 30, 185,
       208, 185, 2, 207, 251, 99, 128, 136, 225, 35, 99, 150, 159, 238,
       158, 182, 115, 182, 248, 152, 222, 157, 167, 105, 124, 191, 131,
       191, 83, 151, 163, 244, 97, 44, 255, 58, 71, 239, 135, 181, 127,
       253, 215, 200, 240, 19, 178, 75, 205, 81, 248, 187, 16, 32, 24,
       190, 211, 72, 212, 35, 176, 234, 90, 99, 71, 154, 243, 221, 208,
       16, 106, 106, 5, 3, 58, 191, 243, 226, 10, 207, 85, 222, 220, 67,
       220, 252, 143, 73, 204, 255, 52, 254, 201, 151, 255, 206, 35, 62,
       240, 58, 88, 143, 239, 247, 255, 254, 246, 18, 157, 59, 248, 219,
       244, 17, 103, 173, 81, 236, 18, 60, 183, 38, 116, 231, 59, 155,
       128, 19, 11, 50, 213, 155, 245, 26, 75, 154, 64, 165, 255, 100,
       119, 153, 231, 40, 75, 87, 56, 122, 168, 175, 104, 215, 119, 200,
       50, 147, 220, 108, 114, 8, 80, 201, 8, 237, 243, 37, 52, 32, 179,
       134, 35, 110, 63, 118, 84, 125, 176, 151, 50, 201, 142, 189, 232,
       234, 248, 150, 183, 206, 246, 245, 35, 220, 107, 238, 204, 50,
       123, 229, 155, 71, 239, 126, 167, 100, 228, 153, 103, 120, 79, 71,
