%YAML:1.0
---
descriptors: !!opencv-matrix
   rows: 229
   cols: 32
   dt: u
   data: [ 34, 239, 104, 26, 221, 217, 188, 206, 95, 117, 120, 155, 40,
       204, 126, 0, 201, 139, 195, 85, 198, 122, 238, 243, 127, 85, 159,
       107, 85, 28, 223, 206, 74, 190, 188, 147, 169, 216, 189, 135, 170,
       255, 158, 181, 140, 174, 70, 78, 167, 87, 235, 145, 86, 73, 139,
       225, 205, 50, 95, 215, 130, 84, 141, 95, 201, 178, 147, 184, 234,
       172, 120, 223, 175, 27, 48, 124, 191, 243, 192, 219, 167, 55, 127,
       20, 50, 77, 131, 81, 220, 251, 122, 234, 136, 192, 163, 9, 253,
       151, 235, 162, 244, 34, 79, 255, 48, 221, 252, 246, 83, 103, 187,
       50, 127, 206, 20, 188, 249, 122, 44, 174, 248, 205, 175, 196, 173,
       250, 242, 121, 236, 50, 212, 244, 237, 45, 84, 155, 171, 191, 180,
       93, 78, 235, 69, 159, 143, 214, 229, 24, 48, 111, 218, 192, 159,
       218, 85, 63, 202, 232, 66, 27, 115, 81, 106, 69, 84, 150, 107, 17,
       113, 228, 78, 135, 81, 77, 150, 116, 116, 172, 49, 252, 203, 144,
       245, 204, 119, 44, 129, 128, 47, 134, 112, 116, 205, 106, 151, 84,
       173, 60, 68, 146, 251, 186, 166, 88, 207, 225, 209, 255, 129, 102,
       108, 30, 41, 101, 195, 0, 145, 250, 117, 60, 202, 245, 75, 37, 44,
       6, 124, 105, 116, 63, 88, 24, 117, 174, 255, 29, 219, 73, 27, 25,
       216, 128, 199, 60, 184, 180, 97, 140, 71, 219, 33, 5, 250, 235,
       74, 129, 109, 97, 120, 69, 45, 95, 86, 60, 105, 40, 183, 8, 219,
       121, 29, 189, 152, 212, 212, 106, 204, 242, 249, 140, 231, 255,
       69, 55, 67, 187, 74, 38, 163, 237, 59, 248, 252, 133, 238, 247,
       207, 8, 248, 66, 48, 203, 52, 32, 204, 187, 23, 199, 250, 42, 66,
       255, 45, 156, 174, 232, 89, 136, 240, 136, 49, 70, 101, 85, 86,
       91, 227, 62, 87, 232, 246, 234, 83, 41, 149, 101, 88, 236, 54, 44,
       233, 244, 109, 158, 38, 174, 241, 144, 111, 168, 80, 236, 77, 115,
       120, 101, 113, 94, 55, 56, 113, 236, 118, 108, 223, 29, 139, 180,
       150, 92, 212, 98, 196, 240, 237, 136, 103, 253, 37, 167, 70, 183,
       79, 247, 120, 0, 61, 229, 36, 110, 65, 49, 100, 172, 167, 24, 215,
       51, 16, 122, 192, 132, 108, 40, 24, 32, 241, 0, 195, 251, 96, 17,
       64, 168, 86, 34, 207, 122, 132, 165, 173, 63, 206, 152, 91, 250,
       150, 237, 203, 108, 215, 174, 221, 197, 252, 119, 189, 100, 205,
       162, 136, 211, 239, 180, 142, 253, 24, 21, 36, 191, 82, 139, 213,
       163, 162, 207, 78, 9, 121, 98, 40, 248, 188, 4, 121, 42, 2, 145,
       18, 186, 72, 255, 44, 20, 139, 98, 213, 74, 241, 173, 201, 39,
       140, 39, 44, 30, 78, 61, 122, 234, 155, 125, 239, 104, 219, 219,
       150, 70, 236, 39, 237, 240, 197, 10, 166, 243, 109, 149, 204, 242,
       218, 25, 89, 178, 150, 48, 73, 188, 80, 19, 235, 155, 160, 93,
       191, 179, 66, 154, 165, 167, 108, 20, 159, 79, 146, 16, 154, 251,
       112, 122, 202, 68, 11, 11, 248, 56, 253, 112, 169, 237, 81, 82,
       227, 251, 164, 56, 59, 221, 64, 59, 137, 178, 253, 16, 27, 111,
       242, 49, 211, 201, 113, 59, 226, 200, 198, 115, 7, 99, 208, 129,
       247, 31, 238, 216, 47, 184, 191, 238, 204, 78, 223, 142, 127, 197,
       222, 255, 148, 115, 205, 192, 190, 28, 143, 246, 207, 255, 11,
       148, 31, 26, 252, 245, 38, 184, 120, 17, 47, 234, 22, 231, 125,
       79, 211, 107, 38, 181, 63, 140, 133, 212, 37, 200, 214, 203, 235,
       128, 47, 164, 41, 89, 77, 55, 156, 229, 176, 46, 127, 190, 32,
       234, 62, 109, 223, 115, 11, 82, 149, 215, 125, 110, 152, 208, 217,
       40, 239, 255, 101, 132, 136, 243, 202, 83, 191, 196, 103, 218,
       207, 113, 239, 216, 213, 82, 213, 210, 89, 204, 189, 237, 121,
       200, 18, 239, 235, 231, 46, 255, 50, 11, 203, 204, 119, 255, 248,
       228, 191, 150, 76, 187, 126, 19, 248, 120, 215, 87, 213, 247, 109,
       200, 186, 105, 127, 203, 154, 239, 247, 231, 127, 255, 118, 75,
       211, 220, 63, 143, 248, 213, 134, 20, 167, 181, 162, 98, 189, 7,
       62, 243, 66, 147, 221, 63, 17, 107, 103, 87, 59, 177, 49, 220, 17,
       194, 205, 98, 223, 132, 132, 112, 181, 240, 121, 171, 90, 101,
       116, 143, 123, 49, 32, 32, 126, 8, 183, 3, 130, 80, 114, 172, 78,
       108, 88, 186, 65, 13, 254, 233, 32, 65, 104, 130, 74, 10, 6, 173,
       19, 139, 213, 243, 162, 206, 78, 1, 248, 2, 164, 232, 52, 132,
       249, 11, 2, 145, 23, 186, 25, 255, 45, 20, 143, 70, 213, 75, 177,
       140, 135, 150, 230, 214, 230, 48, 190, 255, 57, 91, 95, 247, 104,
       126, 190, 237, 119, 211, 183, 174, 177, 212, 45, 231, 62, 94, 254,
       135, 175, 213, 249, 245, 151, 92, 229, 151, 142, 50, 175, 185, 86,
       242, 147, 214, 89, 108, 253, 239, 127, 197, 127, 239, 229, 71,
       127, 202, 60, 42, 239, 148, 191, 253, 177, 245, 88, 191, 22, 252,
       185, 189, 80, 87, 235, 29, 160, 92, 174, 187, 96, 147, 165, 179,
       204, 0, 62, 107, 146, 229, 219, 219, 82, 123, 74, 4, 139, 11, 229,
       170, 140, 26, 237, 189, 192, 159, 218, 123, 160, 93, 178, 232, 94,
       187, 201, 2, 106, 29, 191, 111, 218, 51, 143, 27, 85, 124, 216,
       76, 218, 12, 255, 182, 164, 160, 169, 63, 94, 184, 27, 255, 133,
       93, 207, 110, 90, 159, 213, 199, 253, 247, 190, 70, 219, 147, 187,
       215, 205, 255, 154, 245, 154, 85, 6, 223, 239, 22, 194, 150, 63,
       198, 187, 87, 110, 149, 72, 174, 102, 90, 175, 247, 35, 214, 212,
       217, 190, 98, 107, 62, 220, 66, 129, 212, 166, 220, 65, 70, 206,
       117, 180, 26, 110, 181, 124, 107, 118, 244, 211, 40, 150, 235, 23,
       68, 124, 60, 173, 244, 101, 14, 174, 239, 118, 128, 204, 176, 217,
       21, 53, 191, 81, 69, 246, 42, 231, 252, 105, 234, 254, 230, 83,
       113, 149, 52, 122, 238, 86, 110, 225, 178, 109, 78, 60, 44, 37,
       132, 111, 242, 98, 189, 253, 110, 136, 182, 172, 46, 86, 144, 51,
       190, 134, 77, 199, 105, 83, 27, 145, 228, 109, 127, 172, 68, 201,
       42, 206, 195, 101, 53, 160, 255, 90, 67, 89, 176, 151, 48, 171,
       172, 64, 87, 235, 81, 160, 92, 191, 178, 64, 186, 163, 167, 108,
       17, 31, 111, 146, 49, 152, 242, 82, 122, 200, 4, 163, 15, 1, 171,
       123, 233, 68, 174, 107, 22, 102, 9, 126, 64, 177, 203, 84, 112,
       112, 174, 63, 220, 147, 152, 199, 113, 79, 189, 162, 192, 8, 130,
       82, 168, 210, 188, 159, 184, 203, 225, 17, 207, 191, 31, 160, 57,
       46, 247, 96, 91, 231, 179, 255, 144, 58, 79, 186, 243, 217, 211,
       90, 123, 144, 64, 167, 115, 93, 176, 177, 97, 169, 61, 89, 24,
       111, 249, 161, 92, 159, 19, 72, 188, 135, 21, 92, 28, 155, 68,
       249, 208, 139, 217, 19, 124, 202, 129, 67, 33, 33, 42, 8, 185,
       108, 141, 232, 86, 236, 104, 244, 76, 179, 137, 146, 48, 204, 34,
       94, 13, 143, 43, 194, 33, 70, 153, 178, 185, 88, 136, 90, 153, 2,
       159, 2, 170, 213, 167, 50, 231, 29, 13, 90, 71, 228, 234, 40, 192,
       221, 43, 139, 49, 22, 154, 81, 255, 169, 116, 138, 66, 152, 78,
       181, 159, 79, 115, 112, 101, 113, 31, 126, 56, 105, 236, 127, 237,
       207, 29, 151, 180, 150, 93, 213, 102, 196, 176, 233, 204, 103,
       253, 37, 135, 70, 183, 71, 247, 216, 18, 214, 245, 41, 172, 88,
       18, 167, 27, 182, 117, 223, 59, 0, 223, 133, 213, 253, 136, 168,
       69, 131, 129, 194, 251, 112, 209, 42, 132, 74, 19, 77, 89, 231,
       135, 102, 26, 238, 248, 105, 194, 243, 98, 221, 122, 153, 247,
       122, 197, 127, 239, 193, 243, 221, 200, 244, 58, 239, 132, 47,
       255, 123, 176, 253, 231, 232, 68, 254, 51, 79, 252, 83, 238, 188,
       238, 83, 104, 223, 182, 127, 204, 86, 238, 236, 99, 237, 154, 122,
       77, 165, 188, 127, 254, 114, 237, 230, 178, 213, 84, 237, 45, 240,
       138, 171, 191, 176, 125, 138, 171, 196, 158, 175, 231, 228, 20,
       19, 111, 202, 192, 158, 218, 85, 254, 203, 236, 66, 159, 251, 176,
       244, 80, 173, 189, 208, 71, 235, 63, 180, 56, 10, 152, 212, 191,
       141, 146, 253, 24, 190, 111, 242, 177, 155, 217, 81, 251, 199,
       204, 214, 47, 167, 186, 149, 153, 236, 173, 161, 203, 142, 255,
       176, 252, 134, 228, 207, 47, 205, 83, 110, 20, 51, 110, 107, 16,
