%YAML:1.0
---
descriptors: !!opencv-matrix
   rows: 153
   cols: 32
   dt: u
   data: [ 40, 12, 189, 127, 173, 233, 197, 135, 87, 191, 116, 56, 178,
       61, 81, 47, 201, 122, 53, 25, 58, 120, 107, 185, 237, 223, 212,
       51, 210, 120, 212, 170, 32, 91, 105, 103, 116, 79, 103, 48, 37,
       236, 126, 108, 243, 85, 144, 48, 94, 252, 87, 110, 201, 176, 113,
       47, 231, 173, 32, 128, 108, 186, 70, 121, 129, 130, 95, 145, 236,
       137, 229, 49, 222, 51, 51, 210, 157, 192, 184, 99, 107, 1, 106,
       24, 115, 237, 71, 211, 196, 147, 55, 84, 92, 8, 129, 160, 107,
       177, 244, 220, 121, 119, 152, 127, 219, 237, 148, 185, 12, 252,
       246, 172, 143, 25, 255, 37, 148, 75, 226, 213, 91, 95, 89, 255,
       214, 140, 159, 223, 232, 233, 188, 251, 173, 205, 116, 167, 255,
       59, 166, 16, 190, 185, 96, 123, 129, 118, 107, 88, 114, 109, 251,
       177, 239, 251, 84, 91, 210, 88, 193, 10, 72, 44, 188, 121, 169,
       236, 53, 71, 254, 31, 172, 16, 190, 187, 64, 26, 161, 51, 232, 24,
       50, 109, 178, 115, 207, 223, 86, 91, 194, 64, 135, 170, 40, 49,
       57, 101, 48, 78, 115, 48, 109, 140, 126, 72, 215, 19, 1, 16, 148,
       28, 69, 106, 73, 176, 81, 12, 231, 249, 33, 4, 64, 179, 70, 163,
       60, 94, 211, 227, 5, 2, 238, 212, 113, 42, 250, 103, 67, 11, 45,
       80, 248, 196, 5, 226, 76, 183, 129, 162, 178, 237, 166, 0, 109,
       179, 122, 130, 244, 83, 83, 228, 228, 2, 110, 244, 21, 170, 242,
       103, 3, 11, 37, 209, 248, 196, 38, 226, 121, 183, 1, 170, 178,
       232, 230, 6, 45, 187, 240, 9, 245, 86, 229, 71, 36, 47, 207, 24,
       68, 234, 183, 70, 211, 117, 157, 111, 124, 212, 126, 238, 233,
       244, 109, 136, 5, 186, 225, 148, 111, 251, 80, 113, 164, 207, 202,
       238, 222, 41, 231, 252, 206, 162, 189, 234, 243, 225, 233, 98,
       121, 234, 78, 234, 248, 39, 206, 191, 254, 199, 167, 188, 117,
       251, 240, 160, 233, 45, 249, 101, 116, 78, 103, 55, 113, 236, 126,
       8, 243, 51, 145, 48, 18, 254, 84, 40, 233, 184, 241, 14, 239, 255,
       37, 0, 66, 232, 66, 168, 144, 37, 94, 109, 22, 195, 238, 108, 228,
       128, 226, 3, 243, 75, 48, 1, 122, 177, 75, 227, 104, 169, 5, 93,
       251, 233, 139, 1, 101, 2, 107, 138, 245, 82, 205, 167, 36, 30,
       110, 56, 100, 234, 211, 230, 211, 124, 153, 227, 126, 196, 124,
       239, 237, 244, 237, 10, 230, 235, 235, 132, 45, 251, 88, 85, 32,
       96, 146, 152, 197, 38, 176, 70, 149, 131, 82, 18, 132, 219, 105,
       200, 217, 40, 130, 145, 0, 247, 82, 194, 137, 150, 150, 11, 149,
       120, 57, 138, 142, 48, 162, 179, 71, 69, 249, 80, 150, 213, 85,
       147, 141, 221, 123, 138, 238, 121, 147, 213, 130, 212, 146, 128,
       205, 193, 186, 161, 167, 45, 53, 211, 210, 95, 255, 252, 58, 64,
       185, 126, 184, 204, 94, 231, 60, 191, 161, 67, 102, 115, 173, 128,
       161, 203, 163, 238, 240, 230, 126, 138, 45, 208, 37, 123, 125,
       241, 249, 230, 184, 79, 87, 152, 35, 248, 189, 76, 223, 119, 73,
       50, 215, 213, 125, 122, 75, 67, 219, 26, 251, 205, 37, 188, 186,
       243, 66, 51, 204, 237, 175, 54, 169, 248, 23, 143, 178, 255, 134,
       153, 215, 247, 75, 123, 145, 118, 253, 18, 127, 69, 174, 51, 235,
       119, 125, 253, 130, 245, 135, 115, 240, 210, 73, 171, 76, 10, 69,
       37, 35, 42, 241, 126, 82, 2, 12, 90, 233, 132, 110, 130, 73, 54,
       201, 208, 148, 170, 246, 52, 121, 10, 242, 160, 127, 118, 255,
       232, 45, 23, 223, 220, 139, 250, 180, 111, 94, 189, 245, 42, 143,
       213, 253, 247, 137, 103, 235, 210, 251, 93, 109, 190, 223, 191, 2,
       115, 118, 229, 233, 102, 216, 75, 87, 232, 131, 230, 169, 137, 67,
       236, 95, 18, 153, 212, 105, 99, 108, 99, 255, 63, 123, 22, 69, 63,
       229, 123, 214, 86, 250, 208, 111, 252, 15, 86, 93, 229, 185, 222,
       182, 191, 107, 127, 62, 95, 238, 213, 253, 230, 105, 103, 251,
       205, 243, 251, 198, 155, 39, 188, 246, 119, 134, 77, 22, 158, 77,
       197, 188, 96, 140, 22, 80, 3, 172, 210, 103, 195, 232, 59, 163,
       194, 68, 59, 18, 225, 53, 16, 206, 43, 16, 61, 45, 142, 21, 95,
       110, 175, 54, 2, 111, 248, 100, 132, 218, 231, 113, 107, 179, 64,
       126, 228, 31, 239, 204, 144, 13, 236, 246, 109, 175, 132, 45, 179,
       112, 81, 41, 36, 150, 87, 197, 63, 100, 103, 117, 179, 235, 24,
       226, 32, 21, 223, 185, 238, 98, 12, 56, 244, 81, 14, 7, 254, 85,
       0, 195, 112, 202, 132, 60, 186, 234, 21, 52, 219, 226, 242, 119,
       229, 126, 231, 203, 40, 150, 132, 123, 236, 166, 20, 158, 184, 45,
       142, 14, 207, 53, 197, 231, 174, 92, 212, 165, 172, 140, 247, 164,
       175, 110, 130, 119, 179, 247, 24, 243, 233, 92, 27, 217, 238, 117,
       158, 58, 250, 203, 179, 207, 255, 213, 68, 192, 233, 210, 32, 254,
       149, 82, 142, 93, 95, 118, 232, 29, 6, 253, 11, 78, 127, 43, 197,
       248, 209, 207, 226, 124, 163, 88, 255, 243, 119, 138, 63, 23, 127,
       108, 198, 111, 176, 125, 211, 237, 253, 185, 219, 143, 127, 181,
       62, 156, 190, 78, 187, 239, 147, 255, 17, 151, 107, 122, 209, 223,
       91, 223, 255, 223, 76, 223, 243, 255, 179, 61, 248, 239, 149, 157,
       89, 139, 91, 181, 127, 124, 223, 124, 59, 237, 147, 215, 177, 255,
       103, 250, 209, 91, 89, 239, 190, 15, 76, 183, 247, 196, 74, 174,
       180, 168, 44, 93, 22, 190, 158, 134, 213, 247, 231, 67, 75, 133,
       117, 109, 159, 168, 197, 211, 40, 193, 243, 255, 144, 128, 241, 5,
       90, 137, 43, 93, 145, 188, 169, 233, 20, 252, 146, 178, 84, 189,
       2, 209, 43, 74, 34, 78, 220, 51, 108, 103, 238, 204, 145, 250, 88,
       204, 137, 65, 168, 104, 173, 19, 92, 211, 200, 102, 230, 179, 1,
       104, 40, 46, 179, 0, 212, 32, 250, 224, 64, 83, 155, 130, 119,
       189, 180, 20, 107, 234, 0, 166, 170, 219, 124, 116, 227, 39, 118,
       120, 18, 109, 126, 87, 179, 137, 31, 151, 253, 166, 149, 253, 143,
       172, 212, 245, 224, 199, 249, 218, 135, 39, 213, 109, 127, 19,
       142, 107, 255, 86, 162, 235, 247, 117, 65, 222, 230, 121, 235,
       180, 96, 127, 171, 23, 141, 187, 187, 36, 255, 254, 174, 186, 192,
       189, 202, 240, 249, 242, 151, 65, 37, 114, 42, 174, 191, 56, 35,
       122, 255, 125, 45, 156, 208, 55, 215, 237, 165, 240, 216, 133,
       127, 124, 38, 60, 148, 109, 192, 131, 25, 235, 177, 116, 248, 255,
       243, 216, 31, 219, 125, 149, 187, 140, 191, 222, 173, 143, 31,
       255, 149, 182, 106, 246, 212, 79, 91, 219, 255, 215, 132, 143,
       223, 228, 172, 156, 247, 172, 238, 104, 138, 254, 179, 227, 16,
       247, 235, 89, 91, 217, 110, 104, 26, 58, 252, 219, 51, 205, 187,
       247, 85, 192, 105, 82, 2, 196, 108, 190, 254, 45, 237, 113, 202,
       255, 155, 164, 16, 244, 251, 89, 123, 193, 98, 123, 26, 34, 101,
       250, 241, 223, 251, 215, 59, 192, 113, 83, 138, 148, 134, 142,
       189, 158, 2, 158, 232, 150, 151, 210, 183, 231, 104, 50, 67, 249,
       229, 239, 165, 44, 201, 15, 143, 248, 103, 255, 213, 172, 44, 57,
       66, 80, 98, 142, 173, 30, 2, 120, 73, 182, 164, 210, 167, 197,
       234, 50, 66, 226, 229, 239, 133, 44, 197, 15, 205, 216, 227, 239,
       209, 36, 36, 57, 66, 177, 78, 235, 254, 22, 131, 239, 84, 214,
       202, 210, 230, 113, 235, 181, 96, 127, 234, 31, 223, 233, 183, 44,
       234, 242, 143, 191, 128, 61, 250, 112, 249, 111, 126, 249, 226,
       126, 37, 155, 208, 139, 250, 180, 239, 28, 63, 213, 59, 207, 245,
       255, 115, 129, 103, 232, 224, 223, 217, 111, 190, 206, 255, 3,
       123, 255, 218, 111, 158, 102, 18, 237, 240, 121, 66, 87, 247, 121,
       236, 191, 97, 126, 237, 55, 239, 229, 246, 174, 207, 118, 107,
       234, 136, 111, 246, 115, 245, 10, 222, 50, 159, 123, 208, 188,
       230, 31, 79, 94, 163, 172, 222, 39, 196, 230, 123, 147, 193, 102,
       158, 34, 255, 39, 119, 154, 139, 22, 20, 45, 223, 253, 111, 89,
       103, 116, 11, 79, 184, 114, 160, 181, 236, 83, 65, 217, 51, 26,
       204, 76, 110, 233, 242, 205, 62, 246, 137, 37, 180, 108, 187, 66,
       160, 165, 207, 200, 222, 220, 43, 231, 252, 83, 162, 253, 254,
