%YAML:1.0
---
descriptors: !!opencv-matrix
   rows: 174
   cols: 32
   dt: u
   data: [ 69, 81, 29, 69, 34, 14, 51, 184, 108, 232, 111, 100, 222, 19,
       141, 112, 182, 85, 124, 106, 193, 176, 57, 76, 197, 184, 34, 6,
       72, 51, 67, 35, 230, 252, 188, 90, 169, 253, 148, 140, 155, 158,
       161, 57, 238, 252, 71, 31, 135, 115, 233, 19, 102, 103, 250, 115,
       139, 210, 93, 59, 208, 125, 135, 87, 88, 201, 91, 110, 147, 198,
       119, 164, 37, 36, 202, 3, 123, 87, 1, 80, 112, 247, 121, 234, 72,
       155, 153, 127, 241, 165, 134, 1, 33, 19, 164, 42, 119, 7, 201,
       198, 222, 39, 142, 121, 24, 162, 185, 218, 89, 107, 157, 48, 63,
       213, 87, 175, 185, 231, 205, 206, 56, 46, 239, 212, 237, 227, 163,
       33, 162, 140, 214, 254, 252, 171, 150, 239, 223, 3, 240, 88, 238,
       249, 36, 77, 215, 123, 127, 32, 50, 111, 10, 255, 170, 254, 87,
       122, 212, 248, 129, 141, 122, 56, 172, 116, 139, 253, 145, 23,
       147, 255, 150, 191, 42, 188, 71, 42, 237, 183, 253, 145, 189, 111,
       242, 162, 211, 87, 216, 187, 231, 76, 158, 127, 198, 172, 184,
       188, 252, 160, 174, 175, 154, 178, 24, 154, 252, 234, 84, 2, 147,
       111, 121, 145, 50, 77, 138, 243, 172, 22, 223, 236, 132, 113, 145,
       8, 196, 172, 133, 147, 148, 168, 38, 134, 58, 147, 74, 82, 228,
       226, 73, 74, 113, 206, 42, 152, 50, 220, 203, 227, 172, 38, 159,
       68, 128, 115, 177, 0, 124, 117, 21, 234, 169, 79, 94, 252, 59,
       186, 185, 72, 223, 255, 73, 49, 221, 221, 93, 98, 105, 99, 219,
       191, 251, 223, 101, 190, 120, 123, 130, 51, 122, 169, 114, 76,
       117, 221, 86, 71, 97, 12, 252, 8, 42, 255, 38, 148, 184, 186, 198,
       72, 78, 43, 178, 253, 179, 221, 0, 27, 99, 158, 78, 46, 17, 79,
       222, 229, 20, 14, 110, 114, 253, 128, 110, 66, 121, 163, 177, 116,
       114, 108, 46, 234, 96, 152, 133, 238, 238, 174, 231, 0, 98, 242,
       105, 168, 34, 189, 17, 186, 219, 141, 182, 239, 14, 1, 120, 107,
       164, 218, 108, 128, 217, 155, 3, 81, 83, 58, 74, 245, 189, 148,
       30, 106, 152, 10, 129, 139, 72, 188, 188, 112, 169, 233, 21, 143,
       187, 63, 164, 57, 142, 183, 74, 27, 135, 83, 237, 16, 50, 77, 251,
       49, 203, 211, 93, 127, 194, 80, 135, 107, 133, 164, 221, 241, 236,
       41, 233, 27, 254, 179, 49, 88, 157, 235, 216, 43, 43, 15, 110, 28,
       51, 116, 207, 210, 204, 155, 119, 116, 204, 201, 131, 160, 69,
       103, 68, 71, 176, 11, 111, 184, 118, 170, 111, 228, 211, 99, 145,
       116, 54, 76, 44, 238, 233, 208, 237, 46, 44, 174, 101, 132, 110,
       243, 64, 129, 6, 165, 112, 195, 239, 109, 240, 201, 127, 181, 185,
       27, 206, 120, 94, 140, 187, 155, 223, 51, 22, 112, 217, 210, 159,
       92, 11, 119, 199, 79, 223, 198, 125, 119, 21, 236, 188, 15, 94,
       184, 59, 186, 184, 108, 223, 123, 73, 179, 215, 213, 125, 98, 233,
       67, 203, 190, 250, 223, 101, 190, 136, 249, 130, 3, 134, 140, 214,
       254, 255, 171, 156, 239, 223, 147, 240, 88, 238, 234, 44, 201,
       211, 123, 110, 32, 50, 111, 10, 255, 168, 190, 87, 126, 212, 120,
       129, 141, 195, 183, 151, 216, 172, 172, 184, 223, 223, 27, 48,
       116, 156, 179, 228, 255, 167, 27, 127, 25, 179, 109, 138, 209,
       136, 216, 127, 238, 154, 192, 161, 161, 90, 32, 241, 101, 103, 24,
       120, 16, 105, 145, 178, 137, 143, 31, 85, 62, 166, 157, 117, 157,
       140, 112, 197, 192, 151, 249, 194, 130, 231, 164, 99, 7, 82, 50,
       188, 183, 169, 104, 16, 3, 170, 255, 129, 61, 166, 190, 67, 27,
       129, 247, 237, 17, 12, 79, 203, 0, 219, 243, 93, 59, 128, 96, 7,
       95, 169, 29, 235, 241, 244, 118, 251, 150, 84, 203, 254, 86, 121,
       189, 177, 232, 95, 206, 183, 253, 169, 188, 53, 174, 111, 239,
       182, 128, 239, 217, 240, 249, 73, 75, 95, 103, 36, 14, 111, 180,
       108, 136, 126, 68, 255, 99, 145, 114, 22, 100, 108, 110, 193, 176,
       105, 44, 230, 249, 102, 128, 74, 179, 66, 41, 183, 134, 221, 239,
       254, 34, 252, 237, 27, 179, 123, 250, 93, 104, 156, 11, 63, 199,
       119, 173, 113, 246, 205, 223, 60, 46, 239, 196, 173, 234, 243,
       129, 14, 177, 171, 185, 110, 213, 184, 73, 14, 89, 81, 231, 188,
       222, 124, 232, 254, 57, 183, 149, 135, 146, 59, 209, 79, 25, 171,
       239, 156, 14, 53, 211, 123, 179, 125, 105, 169, 151, 216, 153, 79,
       125, 247, 253, 14, 156, 222, 60, 135, 157, 245, 21, 159, 58, 235,
       209, 155, 121, 56, 246, 223, 6, 214, 87, 24, 157, 57, 251, 176,
       207, 83, 191, 22, 13, 238, 16, 183, 23, 160, 112, 213, 50, 29, 24,
       58, 136, 97, 63, 235, 239, 52, 80, 178, 136, 196, 107, 137, 77,
       108, 211, 214, 187, 237, 151, 92, 161, 86, 18, 184, 41, 149, 41,
       35, 106, 18, 88, 162, 252, 53, 126, 111, 15, 52, 97, 245, 217,
       209, 168, 77, 49, 153, 225, 242, 46, 120, 25, 58, 185, 35, 80,
       221, 115, 73, 122, 183, 31, 125, 56, 17, 208, 153, 66, 207, 173,
       127, 100, 136, 227, 139, 161, 199, 111, 26, 170, 248, 132, 190,
       216, 168, 136, 153, 96, 124, 211, 233, 96, 182, 123, 95, 255, 83,
       131, 138, 238, 248, 148, 47, 202, 136, 179, 43, 1, 254, 81, 86,
       236, 13, 86, 94, 232, 177, 174, 246, 11, 75, 63, 35, 215, 248,
       245, 237, 226, 108, 199, 153, 172, 243, 251, 199, 31, 35, 63, 124,
       2, 9, 157, 19, 237, 176, 190, 108, 55, 61, 9, 126, 68, 190, 51,
       160, 244, 167, 62, 28, 8, 161, 152, 17, 95, 165, 255, 50, 128,
       154, 192, 169, 41, 85, 82, 253, 165, 38, 46, 115, 16, 120, 234,
       211, 229, 215, 51, 67, 90, 54, 205, 125, 103, 140, 212, 221, 8,
       196, 229, 99, 132, 172, 243, 1, 83, 73, 49, 209, 101, 34, 78, 113,
       24, 105, 232, 62, 104, 222, 17, 137, 54, 50, 20, 124, 104, 129,
       176, 181, 72, 71, 185, 33, 6, 74, 34, 3, 35, 33, 237, 42, 46, 149,
       143, 231, 231, 197, 100, 238, 9, 227, 232, 50, 0, 24, 234, 66,
       111, 220, 185, 44, 63, 96, 125, 5, 49, 113, 190, 210, 204, 121,
       243, 154, 38, 48, 31, 90, 253, 43, 233, 255, 77, 255, 243, 74,
       144, 180, 207, 124, 92, 206, 187, 217, 45, 251, 253, 37, 176, 72,
       130, 202, 11, 9, 75, 22, 77, 52, 158, 235, 119, 108, 136, 126, 96,
       190, 33, 148, 164, 38, 38, 110, 76, 193, 184, 37, 111, 38, 255,
       54, 128, 74, 128, 235, 173, 155, 82, 116, 236, 46, 18, 93, 57,
       201, 234, 116, 230, 221, 223, 180, 39, 134, 53, 181, 175, 192,
       196, 166, 217, 194, 251, 233, 174, 54, 164, 65, 117, 52, 65, 142,
       236, 133, 71, 81, 76, 5, 165, 236, 11, 67, 63, 46, 88, 248, 140,
       130, 96, 28, 179, 48, 136, 147, 237, 192, 23, 243, 59, 254, 198,
       242, 32, 209, 225, 71, 72, 232, 64, 105, 176, 179, 10, 15, 11, 84,
       27, 170, 141, 95, 209, 10, 246, 209, 192, 149, 216, 138, 34, 101,
       128, 99, 130, 132, 160, 221, 155, 252, 233, 169, 143, 30, 51, 17,
       152, 221, 227, 200, 11, 3, 11, 106, 24, 51, 92, 79, 211, 76, 147,
       127, 124, 156, 8, 137, 160, 108, 171, 164, 99, 189, 15, 198, 184,
       67, 184, 181, 77, 195, 105, 92, 131, 217, 198, 236, 122, 222, 99,
       203, 180, 111, 219, 197, 125, 218, 175, 216, 2, 77, 111, 21, 229,
       184, 15, 92, 190, 59, 170, 186, 76, 159, 51, 65, 144, 151, 221,
       108, 108, 105, 90, 209, 30, 251, 223, 101, 52, 138, 240, 138, 1,
       125, 127, 157, 237, 169, 31, 94, 250, 63, 170, 184, 76, 159, 115,
       1, 177, 157, 197, 108, 104, 233, 98, 209, 30, 251, 223, 37, 60,
       90, 249, 74, 1, 93, 81, 127, 231, 164, 6, 111, 180, 64, 200, 223,
       70, 217, 55, 185, 99, 124, 196, 61, 238, 201, 209, 177, 204, 251,
       235, 230, 132, 44, 187, 240, 113, 45, 171, 152, 91, 217, 253, 83,
       133, 255, 29, 109, 8, 170, 242, 78, 48, 137, 42, 2, 16, 22, 42,
       106, 53, 111, 221, 21, 123, 210, 2, 206, 142, 240, 72, 223, 244,
       78, 8, 109, 0, 249, 146, 178, 90, 255, 35, 21, 91, 107, 229, 108,
       234, 104, 71, 199, 226, 212, 170, 250, 24, 37, 241, 99, 40, 209,
       193, 125, 237, 40, 78, 71, 184, 112, 106, 194, 64, 119, 55, 145,
       115, 114, 196, 60, 106, 233, 84, 237, 11, 245, 171, 97, 148, 48,
