%YAML:1.0
---
descriptors: !!opencv-matrix
   rows: 240
   cols: 32
   dt: u
   data: [ 140, 210, 52, 249, 43, 185, 49, 220, 23, 53, 103, 176, 143,
       131, 234, 205, 38, 24, 163, 88, 18, 148, 43, 177, 199, 209, 80,
       103, 178, 141, 141, 225, 124, 161, 250, 106, 184, 233, 83, 146,
       226, 5, 173, 40, 55, 247, 74, 48, 176, 210, 236, 80, 26, 35, 234,
       35, 251, 229, 32, 121, 224, 195, 198, 98, 208, 124, 29, 120, 138,
       237, 85, 31, 166, 54, 166, 24, 151, 151, 65, 123, 0, 151, 108, 18,
       58, 79, 243, 16, 209, 225, 112, 57, 32, 209, 134, 98, 39, 172,
       193, 83, 213, 63, 238, 250, 83, 251, 120, 94, 96, 104, 221, 173,
       89, 202, 18, 63, 191, 250, 124, 255, 46, 30, 213, 100, 223, 252,
       218, 148, 210, 99, 206, 189, 58, 2, 29, 62, 54, 180, 214, 167,
       229, 231, 35, 64, 119, 255, 173, 229, 108, 217, 143, 29, 232, 227,
       239, 133, 36, 176, 165, 91, 126, 98, 163, 182, 188, 73, 139, 40,
       202, 228, 155, 169, 227, 236, 95, 3, 145, 229, 237, 119, 204, 81,
       236, 8, 248, 16, 175, 245, 132, 47, 23, 82, 194, 184, 157, 250,
       169, 228, 57, 206, 190, 91, 132, 24, 188, 151, 72, 123, 231, 19,
       251, 144, 51, 77, 154, 241, 221, 147, 90, 127, 152, 65, 167, 59,
       220, 114, 26, 187, 170, 105, 61, 76, 174, 62, 199, 185, 143, 199,
       75, 91, 231, 157, 239, 227, 44, 71, 203, 48, 241, 225, 107, 189,
       32, 113, 167, 67, 4, 140, 26, 187, 149, 183, 146, 195, 31, 13, 73,
       3, 100, 217, 32, 64, 217, 59, 2, 17, 54, 184, 88, 191, 171, 151,
       146, 67, 144, 10, 185, 130, 86, 99, 159, 190, 170, 209, 31, 232,
       191, 14, 177, 169, 77, 238, 41, 16, 254, 241, 205, 227, 104, 67,
       138, 90, 177, 247, 207, 187, 16, 115, 39, 99, 182, 196, 90, 218,
       87, 177, 82, 232, 29, 22, 245, 155, 106, 201, 46, 157, 123, 136,
       134, 98, 110, 167, 10, 255, 18, 219, 193, 107, 119, 223, 126, 134,
       111, 69, 229, 69, 142, 115, 239, 152, 86, 250, 159, 230, 89, 125,
       215, 239, 95, 68, 123, 255, 161, 96, 239, 202, 76, 14, 239, 148,
       183, 255, 84, 117, 55, 175, 96, 170, 158, 155, 206, 253, 198, 68,
       217, 207, 97, 200, 190, 0, 90, 234, 23, 111, 222, 43, 76, 189,
       120, 12, 173, 248, 125, 142, 216, 196, 126, 182, 172, 161, 169,
       59, 88, 187, 163, 188, 149, 189, 143, 46, 67, 155, 133, 221, 253,
       181, 158, 74, 200, 144, 222, 209, 189, 255, 134, 164, 142, 83, 51,
       103, 236, 71, 86, 26, 235, 120, 83, 237, 247, 174, 83, 44, 159,
       177, 126, 236, 244, 236, 237, 242, 109, 142, 58, 111, 229, 145,
       103, 174, 122, 213, 172, 103, 80, 101, 245, 31, 86, 250, 111, 172,
       126, 77, 207, 41, 3, 144, 152, 232, 204, 110, 12, 176, 65, 190,
       238, 221, 37, 245, 74, 189, 74, 131, 33, 175, 40, 27, 116, 185,
       234, 190, 127, 125, 60, 205, 163, 40, 150, 16, 137, 10, 70, 13,
       182, 56, 111, 63, 110, 31, 53, 240, 84, 204, 90, 205, 205, 178,
       144, 241, 224, 60, 125, 23, 123, 187, 119, 84, 222, 243, 200, 255,
       167, 15, 108, 28, 179, 220, 131, 66, 205, 249, 55, 236, 138, 224,
       171, 1, 117, 13, 105, 229, 20, 46, 79, 48, 84, 226, 218, 198, 115,
       48, 145, 96, 120, 228, 62, 239, 233, 178, 117, 46, 245, 174, 165,
       16, 45, 251, 112, 56, 242, 174, 248, 84, 190, 107, 215, 239, 217,
       174, 184, 59, 98, 60, 22, 34, 191, 247, 93, 33, 252, 111, 164,
       239, 123, 30, 5, 187, 101, 248, 214, 111, 1, 159, 58, 125, 52,
       172, 249, 51, 237, 73, 126, 84, 183, 173, 182, 96, 132, 42, 23,
       12, 147, 184, 48, 143, 79, 255, 50, 192, 74, 200, 209, 185, 59,
       71, 108, 37, 30, 26, 207, 56, 80, 238, 254, 175, 67, 44, 158, 163,
       92, 196, 253, 237, 173, 242, 109, 142, 174, 239, 229, 209, 109,
       175, 90, 213, 29, 67, 110, 97, 52, 26, 234, 24, 108, 68, 246, 197,
       211, 8, 151, 224, 86, 4, 252, 127, 205, 176, 101, 12, 166, 235,
       162, 132, 108, 155, 88, 84, 69, 2, 44, 172, 32, 14, 126, 56, 96,
       78, 87, 237, 215, 43, 154, 82, 150, 196, 108, 103, 140, 80, 137,
       28, 214, 243, 98, 133, 44, 163, 74, 81, 84, 253, 158, 181, 136,
       236, 29, 134, 186, 183, 142, 17, 215, 183, 74, 90, 167, 87, 105,
       17, 26, 73, 155, 34, 233, 167, 127, 85, 128, 80, 143, 26, 32, 40,
       186, 80, 97, 252, 112, 2, 251, 17, 102, 24, 186, 147, 68, 61, 128,
       58, 114, 8, 18, 252, 178, 97, 7, 248, 80, 75, 194, 1, 70, 46, 242,
       215, 110, 10, 110, 81, 158, 232, 201, 118, 157, 175, 72, 76, 190,
       17, 254, 129, 207, 231, 228, 35, 46, 245, 114, 16, 141, 191, 119,
       190, 252, 87, 180, 77, 69, 102, 28, 3, 206, 232, 84, 160, 163, 74,
       83, 105, 57, 0, 120, 196, 74, 234, 104, 167, 77, 62, 58, 206, 133,
       52, 117, 187, 112, 128, 72, 178, 185, 179, 58, 173, 17, 159, 174,
       53, 1, 189, 159, 23, 72, 88, 135, 27, 237, 17, 18, 76, 218, 81,
       205, 209, 58, 127, 144, 0, 135, 115, 232, 1, 17, 97, 17, 127, 65,
       19, 100, 33, 174, 24, 159, 19, 0, 245, 0, 148, 104, 24, 24, 184,
       241, 0, 215, 249, 0, 81, 194, 128, 70, 34, 122, 50, 98, 65, 111,
       221, 144, 67, 169, 125, 182, 63, 42, 28, 86, 155, 236, 185, 215,
       17, 142, 191, 224, 208, 19, 88, 16, 243, 71, 12, 94, 215, 52, 197,
       45, 170, 156, 199, 71, 237, 86, 5, 232, 11, 115, 68, 57, 80, 217,
       194, 10, 242, 106, 39, 91, 63, 249, 167, 133, 29, 145, 26, 244,
       90, 221, 92, 255, 69, 166, 110, 111, 176, 121, 234, 127, 100, 89,
       119, 149, 251, 54, 116, 52, 106, 225, 212, 189, 106, 39, 170, 101,
       132, 110, 243, 65, 113, 253, 22, 205, 101, 40, 42, 75, 24, 48,
       162, 183, 220, 211, 35, 137, 91, 95, 196, 125, 174, 169, 212, 245,
       10, 198, 235, 225, 148, 236, 243, 66, 49, 2, 159, 156, 185, 185,
       205, 49, 167, 190, 29, 72, 49, 172, 191, 34, 64, 197, 59, 171, 17,
       22, 8, 98, 213, 237, 183, 30, 203, 144, 64, 141, 203, 140, 111,
       27, 192, 203, 249, 55, 215, 132, 54, 172, 58, 141, 151, 227, 174,
       39, 50, 202, 90, 82, 7, 42, 178, 119, 193, 39, 125, 210, 223, 141,
       229, 14, 251, 247, 209, 247, 249, 177, 198, 223, 61, 48, 51, 140,
       156, 228, 140, 175, 59, 135, 81, 18, 248, 34, 245, 14, 82, 95,
       231, 215, 29, 197, 231, 121, 184, 158, 120, 233, 157, 80, 215,
       235, 27, 180, 72, 191, 219, 64, 59, 167, 179, 76, 24, 159, 107,
       178, 49, 219, 251, 116, 88, 202, 128, 195, 139, 104, 191, 126, 36,
       94, 45, 181, 103, 200, 166, 184, 143, 124, 45, 22, 3, 174, 247,
       227, 33, 240, 107, 144, 206, 125, 39, 109, 57, 69, 106, 215, 154,
       189, 104, 248, 97, 140, 79, 87, 216, 87, 254, 180, 10, 211, 21,
       83, 42, 89, 220, 95, 122, 233, 102, 121, 26, 227, 207, 37, 60,
       243, 251, 86, 226, 177, 207, 107, 45, 116, 143, 231, 247, 20, 140,
       248, 207, 51, 9, 176, 0, 94, 236, 7, 236, 232, 186, 69, 63, 240,
       173, 37, 128, 117, 184, 118, 233, 6, 184, 62, 49, 253, 255, 177,
       194, 255, 253, 102, 25, 142, 184, 102, 169, 161, 59, 234, 17, 54,
       249, 19, 84, 205, 87, 91, 103, 216, 73, 15, 215, 88, 57, 22, 188,
       11, 196, 52, 119, 165, 12, 234, 45, 46, 151, 34, 84, 160, 59, 237,
       0, 74, 139, 146, 45, 243, 241, 26, 27, 2, 16, 167, 27, 33, 144,
       127, 105, 116, 207, 225, 115, 124, 89, 114, 0, 147, 28, 132, 112,
       216, 156, 102, 56, 27, 184, 113, 29, 205, 251, 50, 64, 209, 8, 66,
       163, 80, 34, 155, 248, 106, 73, 89, 88, 167, 52, 230, 169, 159,
       215, 73, 88, 118, 157, 111, 128, 8, 83, 227, 80, 213, 243, 115,
       61, 162, 160, 38, 99, 60, 106, 248, 116, 172, 73, 85, 93, 194,
       190, 180, 40, 51, 137, 193, 26, 8, 216, 196, 74, 72, 103, 194, 0,
       211, 201, 117, 57, 99, 249, 222, 163, 34, 176, 187, 248, 217, 229,
       185, 79, 143, 61, 188, 11, 140, 159, 100, 24, 205, 155, 211, 144,
       18, 11, 50, 209, 95, 149, 154, 127, 144, 8, 167, 251, 212, 103,
       158, 190, 168, 193, 31, 232, 174, 150, 129, 185, 197, 231, 43, 82,
       214, 253, 237, 227, 108, 67, 202, 59, 241, 163, 239, 189, 16, 115,
       39, 226, 87, 177, 156, 72, 139, 148, 22, 232, 171, 177, 173, 6,
