%YAML:1.0
---
descriptors: !!opencv-matrix
   rows: 318
   cols: 32
   dt: u
   data: [ 84, 14, 18, 138, 95, 168, 98, 66, 191, 12, 233, 66, 174, 194,
       37, 84, 240, 233, 142, 211, 14, 11, 136, 255, 177, 180, 10, 107,
       144, 3, 41, 6, 89, 189, 238, 227, 149, 182, 254, 182, 118, 187,
       158, 50, 120, 63, 216, 226, 109, 214, 191, 218, 254, 249, 169,
       239, 127, 239, 183, 197, 167, 213, 248, 43, 44, 219, 216, 109, 58,
       157, 22, 57, 143, 201, 120, 229, 191, 199, 162, 208, 86, 57, 174,
       68, 215, 168, 82, 61, 234, 213, 37, 218, 122, 174, 137, 17, 125,
       74, 211, 76, 71, 22, 103, 240, 113, 2, 234, 66, 83, 243, 181, 244,
       120, 236, 6, 234, 201, 151, 180, 170, 50, 236, 128, 8, 47, 251,
       114, 164, 1, 7, 209, 101, 116, 42, 107, 26, 108, 136, 122, 64,
       215, 33, 145, 112, 18, 76, 70, 108, 129, 176, 65, 8, 228, 188, 34,
       4, 204, 243, 67, 168, 197, 103, 95, 101, 52, 10, 103, 57, 124,
       168, 99, 68, 215, 67, 145, 81, 114, 236, 78, 110, 233, 148, 205,
       30, 228, 170, 35, 4, 104, 162, 66, 32, 41, 236, 171, 87, 77, 111,
       199, 239, 119, 230, 239, 8, 242, 245, 85, 52, 217, 252, 122, 40,
       41, 179, 249, 26, 127, 223, 85, 60, 211, 122, 118, 250, 126, 36,
       228, 165, 229, 58, 92, 3, 57, 167, 231, 155, 207, 47, 75, 222,
       255, 204, 253, 180, 60, 215, 197, 194, 150, 255, 211, 23, 167,
       229, 110, 70, 33, 197, 59, 107, 117, 237, 225, 119, 204, 73, 126,
       64, 246, 249, 60, 96, 216, 42, 34, 29, 147, 184, 48, 157, 109,
       190, 50, 64, 216, 10, 209, 250, 34, 181, 182, 168, 205, 77, 180,
       239, 223, 123, 217, 31, 204, 253, 124, 132, 221, 27, 243, 49, 211,
       123, 218, 211, 61, 86, 31, 255, 223, 78, 159, 215, 7, 181, 145,
       155, 236, 173, 188, 233, 159, 59, 89, 127, 228, 254, 236, 12, 223,
       59, 51, 20, 86, 82, 74, 215, 44, 22, 95, 238, 144, 74, 129, 135,
       218, 130, 207, 181, 170, 34, 25, 79, 22, 183, 214, 179, 93, 247,
       224, 75, 55, 255, 189, 145, 48, 223, 143, 210, 216, 227, 255, 198,
       166, 192, 165, 41, 151, 77, 199, 159, 166, 178, 238, 114, 221,
       202, 219, 214, 89, 108, 181, 237, 110, 226, 62, 239, 229, 229, 63,
       238, 48, 62, 238, 128, 47, 255, 240, 213, 226, 170, 236, 215, 77,
       157, 232, 143, 222, 182, 48, 91, 225, 232, 86, 11, 137, 102, 123,
       29, 166, 108, 223, 181, 79, 27, 221, 124, 85, 12, 91, 142, 143,
       159, 198, 150, 246, 179, 190, 247, 221, 227, 90, 247, 76, 168,
       182, 141, 47, 231, 147, 167, 180, 249, 12, 238, 60, 22, 95, 195,
       175, 253, 185, 213, 76, 208, 156, 202, 168, 13, 23, 152, 142, 26,
       149, 96, 214, 243, 233, 106, 87, 80, 110, 122, 66, 101, 91, 49,
       234, 179, 103, 60, 210, 251, 1, 35, 92, 160, 137, 192, 141, 70,
       73, 88, 34, 184, 133, 10, 88, 87, 217, 126, 121, 148, 125, 184, 9,
       67, 249, 212, 217, 129, 175, 124, 146, 34, 54, 34, 181, 93, 111,
       222, 204, 103, 207, 252, 213, 66, 124, 198, 115, 253, 189, 101,
       127, 234, 23, 238, 233, 162, 62, 174, 113, 170, 229, 136, 117,
       251, 244, 240, 189, 22, 237, 117, 182, 43, 235, 50, 84, 239, 86,
       246, 211, 32, 153, 105, 127, 222, 36, 184, 169, 244, 101, 14, 204,
       239, 241, 192, 237, 233, 84, 49, 92, 249, 245, 102, 190, 79, 150,
       188, 202, 168, 185, 107, 255, 252, 77, 162, 150, 245, 237, 115,
       205, 97, 187, 61, 251, 207, 37, 126, 117, 59, 197, 59, 43, 237,
       229, 95, 205, 63, 205, 191, 95, 243, 124, 30, 104, 232, 22, 175,
       29, 110, 242, 44, 179, 250, 255, 191, 43, 123, 85, 22, 223, 252,
       216, 236, 93, 1, 236, 229, 168, 126, 79, 17, 187, 227, 175, 136,
       215, 247, 83, 122, 215, 244, 125, 14, 136, 209, 249, 2, 199, 255,
       103, 20, 128, 251, 133, 96, 97, 182, 227, 101, 48, 46, 111, 54,
       56, 238, 126, 76, 243, 103, 144, 50, 21, 238, 125, 44, 185, 216,
       241, 14, 237, 190, 165, 128, 72, 226, 66, 121, 129, 26, 187, 121,
       112, 238, 107, 23, 126, 75, 122, 84, 255, 23, 149, 120, 183, 62,
       102, 24, 147, 188, 33, 91, 5, 191, 50, 192, 192, 192, 67, 185,
       127, 251, 236, 200, 219, 215, 184, 219, 131, 253, 180, 175, 12,
       158, 103, 244, 239, 149, 215, 245, 199, 11, 183, 220, 127, 73,
       175, 239, 191, 4, 46, 223, 192, 140, 190, 191, 140, 237, 181, 167,
       190, 23, 70, 17, 180, 254, 34, 73, 225, 63, 123, 1, 54, 221, 51,
       55, 207, 163, 126, 65, 144, 72, 173, 202, 130, 172, 22, 153, 105,
       217, 176, 103, 158, 31, 72, 49, 172, 162, 102, 196, 193, 59, 163,
       0, 82, 220, 66, 243, 12, 48, 26, 107, 24, 12, 173, 159, 245, 69,
       139, 238, 28, 6, 71, 248, 86, 66, 235, 10, 115, 225, 57, 112, 88,
       196, 56, 238, 105, 163, 251, 59, 241, 174, 199, 28, 57, 59, 112,
       32, 226, 153, 182, 94, 235, 100, 188, 39, 169, 91, 178, 57, 108,
       254, 12, 95, 166, 119, 253, 129, 244, 75, 146, 225, 31, 58, 94,
       139, 1, 100, 167, 223, 11, 96, 229, 141, 29, 87, 224, 77, 87, 240,
       91, 66, 216, 248, 180, 228, 88, 76, 186, 77, 135, 248, 255, 157,
       7, 58, 193, 84, 95, 174, 120, 164, 17, 197, 239, 197, 150, 70,
       239, 183, 116, 195, 78, 150, 81, 36, 190, 100, 125, 70, 18, 188,
       241, 152, 53, 110, 109, 46, 223, 68, 173, 208, 240, 252, 134, 140,
       127, 154, 236, 229, 186, 234, 191, 23, 120, 19, 236, 254, 44, 73,
       243, 91, 3, 195, 54, 8, 10, 245, 13, 18, 90, 79, 20, 73, 37, 198,
       34, 181, 116, 65, 255, 91, 244, 239, 111, 119, 188, 27, 10, 60,
       94, 52, 251, 151, 227, 16, 182, 123, 117, 214, 63, 94, 87, 119,
       215, 76, 206, 214, 120, 160, 156, 176, 169, 109, 80, 174, 179,
       183, 160, 25, 151, 211, 74, 27, 129, 215, 237, 16, 126, 79, 219,
       49, 219, 211, 85, 127, 160, 64, 14, 10, 43, 161, 112, 65, 245,
       217, 248, 143, 123, 117, 180, 186, 138, 15, 222, 188, 175, 159,
       247, 152, 150, 120, 229, 209, 31, 93, 21, 119, 199, 132, 206, 206,
       137, 155, 63, 237, 180, 142, 109, 51, 124, 72, 118, 68, 247, 49,
       144, 97, 212, 38, 124, 109, 241, 184, 113, 141, 237, 251, 98, 192,
       72, 136, 209, 121, 242, 203, 83, 94, 67, 156, 52, 101, 153, 6,
       100, 198, 40, 230, 164, 212, 246, 122, 162, 68, 68, 143, 178, 255,
       51, 255, 82, 11, 19, 158, 237, 253, 56, 178, 152, 248, 203, 213,
       80, 207, 163, 29, 172, 9, 14, 219, 106, 144, 235, 155, 197, 144,
       26, 43, 154, 241, 219, 213, 22, 127, 243, 2, 175, 131, 153, 254,
       89, 121, 58, 157, 90, 115, 31, 72, 116, 239, 63, 199, 162, 208,
       118, 185, 135, 92, 199, 172, 86, 31, 254, 205, 32, 248, 123, 136,
       9, 217, 188, 90, 94, 123, 117, 227, 242, 210, 149, 12, 246, 51,
       42, 217, 165, 9, 248, 248, 135, 210, 42, 191, 0, 191, 119, 239,
       178, 3, 243, 153, 108, 131, 75, 236, 132, 159, 13, 189, 172, 204,
       207, 243, 128, 26, 236, 248, 126, 239, 193, 99, 250, 5, 231, 105,
       218, 241, 173, 126, 159, 63, 26, 92, 153, 14, 240, 53, 124, 96,
       26, 77, 81, 49, 160, 180, 164, 24, 55, 87, 9, 19, 34, 144, 73, 56,
       104, 97, 112, 12, 249, 201, 101, 16, 96, 128, 70, 42, 104, 56, 58,
       97, 96, 205, 113, 83, 232, 45, 239, 40, 158, 151, 2, 48, 128, 60,
       77, 8, 26, 184, 240, 4, 199, 253, 48, 81, 64, 130, 198, 227, 243,
       142, 230, 189, 172, 51, 204, 159, 86, 251, 218, 247, 211, 232,
       182, 105, 221, 78, 63, 157, 189, 254, 207, 183, 170, 126, 255,
       192, 140, 252, 248, 92, 120, 164, 152, 184, 169, 237, 80, 79, 171,
       185, 168, 9, 167, 179, 64, 26, 201, 163, 108, 16, 26, 107, 210,
       17, 217, 213, 84, 123, 208, 72, 206, 10, 41, 172, 189, 124, 221,
       95, 199, 75, 215, 243, 236, 24, 178, 253, 84, 54, 201, 254, 122,
       8, 43, 239, 251, 59, 251, 223, 21, 62, 210, 105, 214, 234, 197,
       144, 253, 245, 36, 14, 105, 153, 126, 121, 115, 80, 215, 113, 152,
       120, 23, 68, 124, 28, 153, 240, 91, 29, 204, 187, 119, 68, 236,
       160, 193, 33, 237, 132, 92, 231, 164, 46, 103, 191, 116, 162, 255,
       88, 215, 97, 152, 115, 19, 198, 108, 42, 249, 240, 77, 46, 236,
       175, 101, 20, 108, 250, 208, 32, 61, 22, 233, 101, 182, 47, 107,
