%YAML:1.0
---
descriptors: !!opencv-matrix
   rows: 325
   cols: 32
   dt: u
   data: [ 168, 160, 249, 99, 112, 237, 113, 81, 113, 77, 101, 25, 23,
       29, 10, 24, 153, 136, 69, 28, 58, 182, 240, 22, 207, 205, 48, 100,
       224, 130, 70, 242, 67, 148, 116, 88, 109, 253, 184, 39, 253, 127,
       54, 29, 172, 30, 246, 253, 167, 131, 255, 5, 150, 60, 119, 209,
       22, 88, 82, 203, 94, 196, 239, 95, 60, 75, 123, 110, 118, 219, 83,
       112, 85, 128, 124, 170, 115, 221, 163, 48, 122, 248, 134, 98, 72,
       178, 44, 63, 243, 237, 32, 41, 119, 187, 70, 203, 226, 56, 186,
       184, 232, 192, 188, 71, 171, 87, 48, 185, 172, 158, 86, 43, 207,
       59, 243, 145, 22, 111, 146, 209, 23, 48, 218, 235, 196, 0, 167,
       255, 162, 56, 174, 152, 111, 233, 176, 199, 139, 223, 80, 191,
       172, 156, 119, 11, 175, 59, 243, 17, 134, 126, 178, 240, 31, 16,
       90, 235, 213, 12, 119, 255, 101, 127, 221, 69, 224, 106, 111, 186,
       112, 234, 122, 232, 243, 119, 133, 242, 23, 214, 124, 106, 233,
       208, 237, 42, 44, 190, 229, 148, 108, 243, 194, 49, 162, 160, 175,
       149, 108, 3, 185, 105, 154, 181, 208, 91, 212, 236, 92, 3, 249,
       93, 115, 161, 52, 255, 195, 196, 29, 18, 223, 238, 5, 40, 183,
       130, 129, 176, 153, 253, 108, 36, 184, 218, 62, 219, 80, 80, 188,
       147, 72, 107, 231, 91, 55, 1, 19, 252, 211, 97, 133, 136, 122,
       160, 152, 64, 163, 161, 128, 48, 147, 241, 228, 173, 169, 82, 62,
       187, 82, 84, 188, 147, 97, 73, 247, 43, 51, 28, 35, 252, 19, 112,
       77, 154, 63, 224, 152, 72, 33, 169, 131, 159, 213, 95, 242, 139,
       167, 191, 62, 173, 82, 246, 237, 96, 140, 101, 55, 126, 38, 44,
       243, 216, 45, 127, 44, 38, 117, 196, 190, 168, 129, 189, 13, 248,
       59, 74, 125, 213, 187, 248, 236, 72, 117, 66, 60, 219, 119, 112,
       252, 57, 83, 106, 198, 51, 58, 253, 119, 93, 35, 170, 83, 175, 99,
       235, 48, 32, 234, 140, 94, 11, 225, 75, 238, 37, 226, 3, 2, 131,
       34, 73, 120, 172, 107, 128, 8, 251, 195, 80, 213, 160, 218, 25,
       97, 8, 117, 138, 112, 32, 71, 217, 77, 75, 225, 105, 236, 176,
       226, 10, 22, 134, 32, 123, 104, 188, 106, 176, 8, 251, 243, 76,
       157, 162, 218, 113, 49, 8, 119, 170, 108, 165, 155, 234, 184, 236,
       83, 168, 170, 17, 41, 8, 247, 247, 72, 82, 144, 127, 105, 82, 26,
       41, 218, 37, 233, 245, 33, 121, 192, 67, 199, 34, 25, 142, 221,
       237, 52, 10, 104, 58, 126, 227, 118, 212, 183, 43, 144, 96, 119,
       140, 46, 40, 189, 252, 117, 15, 204, 239, 243, 0, 236, 160, 72, 8,
       188, 108, 193, 167, 148, 11, 207, 250, 20, 162, 202, 218, 211, 97,
       17, 0, 89, 238, 125, 111, 104, 246, 205, 46, 236, 238, 229, 20,
       229, 251, 210, 160, 27, 220, 146, 191, 181, 220, 54, 231, 223, 15,
       205, 18, 175, 250, 46, 224, 227, 59, 142, 1, 86, 141, 24, 191,
       163, 247, 154, 67, 18, 78, 169, 15, 166, 205, 182, 222, 235, 105,
       158, 239, 159, 63, 184, 187, 238, 254, 45, 143, 223, 215, 255,
       131, 120, 107, 202, 243, 185, 54, 95, 187, 213, 125, 167, 223,
       222, 237, 150, 154, 249, 102, 254, 239, 191, 31, 185, 17, 204,
       250, 44, 221, 249, 199, 219, 243, 54, 75, 219, 255, 185, 182, 223,
       127, 144, 119, 175, 134, 177, 91, 93, 232, 62, 147, 66, 248, 199,
       200, 180, 238, 51, 209, 225, 33, 94, 184, 14, 120, 203, 43, 78,
       157, 186, 201, 165, 188, 61, 186, 120, 57, 188, 217, 235, 251,
       222, 201, 255, 244, 150, 108, 215, 175, 241, 205, 251, 104, 122,
       218, 127, 202, 235, 179, 125, 255, 255, 143, 175, 185, 181, 187,
       244, 251, 216, 250, 60, 190, 40, 141, 156, 190, 174, 63, 176, 125,
       191, 159, 65, 27, 135, 83, 253, 67, 226, 79, 210, 49, 209, 211,
       122, 186, 80, 25, 7, 91, 198, 92, 146, 158, 223, 239, 182, 207,
       158, 231, 136, 23, 204, 250, 103, 201, 243, 127, 234, 51, 55, 79,
       218, 250, 189, 54, 95, 63, 152, 125, 141, 215, 33, 221, 99, 76,
       86, 131, 231, 119, 117, 0, 126, 106, 50, 149, 180, 52, 120, 186,
       6, 200, 195, 186, 36, 255, 119, 12, 36, 0, 119, 138, 118, 168, 5,
       80, 159, 247, 162, 14, 47, 181, 52, 171, 67, 116, 213, 51, 137,
       106, 119, 95, 52, 186, 113, 220, 25, 42, 236, 166, 126, 132, 168,
       240, 161, 41, 33, 52, 218, 125, 112, 14, 97, 31, 122, 235, 114,
       100, 215, 178, 148, 113, 151, 108, 102, 40, 165, 248, 221, 78,
       108, 190, 55, 4, 200, 160, 75, 157, 11, 160, 134, 156, 25, 134,
       168, 104, 182, 220, 194, 135, 105, 207, 114, 78, 180, 237, 251,
       253, 7, 193, 154, 221, 218, 114, 207, 140, 11, 36, 41, 210, 189,
       182, 216, 77, 242, 15, 126, 251, 23, 234, 124, 239, 123, 103, 143,
       17, 63, 205, 135, 46, 241, 116, 93, 95, 126, 143, 101, 180, 255,
       248, 74, 153, 208, 253, 89, 250, 153, 205, 81, 198, 175, 17, 172,
       24, 183, 159, 64, 48, 169, 179, 221, 208, 74, 111, 210, 119, 251,
       241, 22, 121, 120, 0, 134, 58, 242, 119, 23, 132, 77, 75, 228,
       108, 233, 172, 179, 79, 98, 248, 13, 151, 248, 228, 110, 226, 108,
       99, 202, 204, 177, 240, 199, 63, 73, 42, 114, 142, 12, 157, 252,
       247, 229, 114, 247, 183, 118, 87, 95, 50, 121, 125, 86, 235, 233,
       86, 179, 146, 114, 248, 59, 227, 111, 235, 247, 69, 167, 251, 252,
       171, 172, 20, 252, 93, 238, 127, 181, 27, 212, 223, 119, 50, 88,
       125, 175, 107, 79, 54, 50, 40, 49, 244, 113, 10, 71, 175, 112, 1,
       217, 248, 197, 243, 32, 107, 27, 228, 108, 11, 163, 82, 196, 172,
       184, 110, 151, 129, 193, 0, 56, 44, 74, 104, 65, 179, 128, 8, 180,
       132, 33, 48, 73, 186, 67, 169, 1, 153, 28, 217, 185, 205, 53, 167,
       206, 29, 104, 0, 188, 178, 36, 96, 197, 51, 234, 16, 86, 9, 51,
       245, 237, 54, 22, 90, 144, 8, 133, 47, 121, 93, 111, 238, 38, 2,
       79, 120, 85, 194, 222, 230, 115, 99, 177, 115, 126, 228, 61, 238,
       233, 147, 125, 170, 242, 239, 238, 128, 63, 251, 112, 121, 70,
       251, 51, 218, 242, 141, 186, 200, 235, 25, 48, 105, 156, 218, 108,
       16, 190, 185, 87, 211, 210, 43, 10, 245, 61, 16, 46, 202, 73, 3,
       195, 131, 48, 9, 115, 100, 100, 10, 224, 99, 97, 168, 122, 74, 51,
       25, 52, 48, 170, 188, 85, 41, 200, 184, 4, 14, 19, 252, 0, 2, 101,
       168, 82, 42, 104, 252, 181, 255, 201, 77, 77, 191, 19, 255, 173,
       28, 246, 247, 72, 126, 149, 222, 121, 24, 107, 78, 251, 51, 237,
       254, 85, 60, 154, 112, 134, 122, 89, 155, 255, 125, 48, 222, 125,
       55, 253, 77, 118, 52, 255, 247, 162, 113, 167, 111, 252, 12, 181,
       216, 49, 127, 239, 255, 118, 193, 226, 160, 237, 121, 10, 28, 147,
       187, 179, 244, 56, 7, 190, 203, 74, 49, 188, 246, 32, 232, 167,
       59, 187, 144, 55, 220, 178, 230, 13, 119, 26, 195, 130, 68, 165,
       127, 95, 158, 182, 182, 187, 134, 31, 184, 187, 222, 150, 101,
       236, 234, 227, 91, 183, 103, 253, 39, 244, 77, 170, 255, 248, 119,
       111, 158, 138, 116, 17, 87, 84, 249, 190, 250, 42, 205, 51, 216,
       174, 92, 181, 41, 223, 222, 43, 122, 166, 81, 125, 115, 22, 99,
       186, 113, 217, 233, 107, 223, 128, 51, 47, 83, 161, 221, 115, 71,
       244, 91, 230, 189, 117, 72, 122, 96, 243, 88, 148, 181, 90, 220,
       6, 106, 245, 184, 109, 47, 46, 188, 36, 64, 111, 138, 218, 188,
       35, 234, 230, 27, 249, 187, 248, 207, 251, 245, 244, 157, 106,
       204, 214, 30, 171, 239, 227, 149, 150, 255, 239, 245, 30, 126, 21,
       111, 199, 148, 234, 214, 108, 49, 248, 104, 112, 236, 113, 18, 35,
       13, 108, 8, 23, 151, 64, 24, 48, 184, 71, 88, 26, 18, 242, 1, 215,
       173, 32, 105, 240, 131, 70, 51, 161, 142, 2, 155, 236, 171, 167,
       238, 78, 46, 216, 86, 164, 162, 191, 71, 105, 42, 106, 14, 34,
       191, 69, 247, 52, 20, 154, 32, 152, 94, 121, 140, 60, 91, 90, 236,
       114, 147, 91, 112, 21, 132, 252, 175, 111, 207, 163, 84, 126, 249,
       135, 226, 72, 163, 0, 174, 242, 237, 32, 139, 119, 191, 100, 185,
       127, 211, 228, 71, 30, 23, 78, 184, 87, 228, 151, 206, 75, 108,
       159, 231, 126, 197, 252, 239, 205, 241, 253, 173, 186, 239, 237,
