%YAML:1.0
---
descriptors: !!opencv-matrix
   rows: 358
   cols: 32
   dt: u
   data: [ 46, 126, 230, 150, 109, 121, 182, 192, 155, 190, 180, 175,
       108, 204, 111, 159, 239, 245, 207, 131, 44, 103, 202, 234, 20, 86,
       223, 187, 199, 125, 63, 215, 1, 157, 27, 117, 116, 207, 226, 55,
       124, 104, 122, 96, 183, 56, 144, 32, 138, 46, 86, 8, 213, 184,
       101, 47, 228, 191, 48, 64, 72, 136, 83, 169, 127, 25, 195, 207,
       86, 36, 107, 212, 33, 200, 124, 198, 57, 247, 149, 118, 118, 238,
       21, 252, 131, 146, 176, 232, 119, 172, 162, 136, 175, 243, 98,
       184, 99, 148, 121, 120, 106, 141, 177, 115, 237, 91, 188, 253,
       190, 189, 212, 50, 167, 17, 223, 5, 163, 45, 226, 209, 214, 217,
       50, 254, 222, 140, 67, 243, 64, 190, 59, 95, 112, 236, 105, 55,
       252, 13, 106, 80, 190, 183, 128, 112, 167, 62, 68, 24, 179, 152,
       160, 127, 239, 191, 50, 64, 192, 128, 199, 249, 25, 190, 231, 211,
       132, 175, 105, 151, 118, 123, 82, 246, 243, 232, 220, 233, 127,
       174, 62, 157, 187, 252, 231, 161, 132, 106, 250, 192, 173, 204,
       208, 253, 93, 217, 219, 191, 90, 198, 235, 208, 60, 73, 247, 70,
       253, 119, 169, 120, 126, 229, 94, 254, 123, 147, 121, 237, 253,
       231, 175, 136, 129, 51, 35, 241, 156, 181, 137, 229, 146, 67, 79,
       253, 22, 230, 202, 234, 83, 119, 128, 32, 93, 220, 61, 170, 105,
       218, 121, 14, 249, 199, 173, 180, 165, 250, 180, 120, 162, 137,
       104, 153, 82, 193, 169, 235, 18, 36, 80, 171, 9, 142, 214, 80,
       127, 157, 183, 149, 62, 26, 198, 87, 76, 37, 187, 237, 53, 132,
       55, 216, 125, 165, 152, 224, 216, 95, 83, 121, 3, 160, 173, 8, 19,
       211, 67, 48, 17, 220, 80, 56, 91, 66, 248, 26, 251, 205, 37, 125,
       160, 162, 74, 34, 6, 156, 50, 186, 235, 245, 178, 202, 159, 31,
       209, 59, 140, 254, 107, 205, 207, 89, 251, 51, 54, 67, 154, 243,
       159, 82, 91, 239, 146, 109, 45, 215, 44, 217, 42, 251, 206, 75,
       191, 252, 22, 110, 215, 166, 209, 253, 171, 104, 125, 222, 251,
       226, 113, 179, 127, 244, 125, 231, 191, 201, 189, 219, 189, 251,
       22, 253, 150, 154, 155, 246, 150, 237, 191, 83, 225, 4, 76, 246,
       46, 253, 243, 123, 218, 99, 117, 75, 154, 253, 185, 246, 95, 127,
       218, 119, 175, 23, 148, 245, 233, 164, 158, 99, 95, 249, 22, 230,
       140, 163, 119, 117, 123, 0, 59, 222, 29, 227, 120, 193, 57, 26,
       249, 199, 173, 52, 181, 250, 20, 242, 40, 219, 186, 234, 60, 129,
       23, 81, 198, 13, 253, 100, 230, 211, 226, 80, 222, 56, 174, 64,
       90, 162, 74, 17, 234, 181, 37, 203, 26, 170, 236, 131, 161, 218,
       24, 222, 56, 141, 19, 222, 30, 9, 116, 104, 182, 210, 161, 124,
       213, 123, 6, 76, 35, 14, 74, 127, 132, 182, 58, 186, 24, 25, 9,
       173, 3, 149, 16, 154, 249, 180, 24, 111, 255, 25, 137, 84, 172,
       250, 38, 244, 197, 59, 138, 145, 183, 11, 90, 247, 158, 20, 154,
       123, 154, 4, 171, 30, 116, 64, 235, 236, 14, 2, 238, 236, 105, 2,
       250, 194, 91, 42, 181, 82, 122, 197, 126, 235, 200, 35, 205, 200,
       176, 236, 239, 148, 53, 250, 114, 128, 83, 34, 90, 204, 58, 145,
       57, 88, 175, 132, 156, 194, 173, 194, 162, 100, 118, 161, 63, 236,
       130, 1, 166, 221, 146, 233, 171, 184, 62, 162, 41, 37, 116, 169,
       156, 183, 141, 104, 86, 163, 171, 179, 162, 25, 231, 232, 65, 10,
       137, 247, 237, 19, 28, 107, 219, 162, 155, 247, 85, 59, 224, 121,
       222, 14, 216, 185, 159, 254, 139, 220, 52, 247, 171, 91, 230, 16,
       190, 183, 32, 114, 167, 51, 252, 0, 87, 77, 178, 227, 243, 255,
       86, 75, 10, 64, 167, 59, 185, 238, 64, 221, 30, 147, 207, 254, 87,
       2, 212, 246, 227, 193, 184, 228, 91, 138, 6, 206, 235, 190, 79,
       191, 182, 207, 183, 252, 127, 158, 120, 172, 102, 169, 128, 162,
       188, 141, 74, 172, 139, 185, 184, 9, 215, 202, 72, 18, 217, 199,
       109, 81, 90, 75, 203, 245, 189, 148, 143, 125, 16, 10, 146, 2,
       247, 73, 214, 236, 41, 22, 92, 96, 41, 58, 246, 26, 31, 26, 7,
       123, 230, 213, 125, 226, 76, 215, 209, 192, 147, 251, 202, 146,
       11, 49, 235, 7, 137, 183, 213, 221, 182, 155, 160, 159, 94, 173,
       82, 242, 236, 224, 196, 236, 55, 126, 174, 16, 183, 248, 175, 223,
       44, 38, 127, 198, 150, 44, 133, 37, 189, 93, 107, 94, 246, 246,
       207, 244, 212, 198, 255, 198, 83, 237, 191, 97, 94, 234, 22, 238,
       233, 179, 60, 46, 114, 169, 164, 136, 127, 251, 240, 240, 35, 32,
       177, 236, 124, 67, 169, 104, 74, 176, 112, 10, 53, 217, 112, 32,
       218, 61, 19, 41, 131, 122, 210, 157, 29, 24, 203, 44, 85, 40, 83,
       168, 161, 177, 123, 64, 244, 29, 93, 223, 123, 73, 180, 92, 26,
       155, 212, 52, 159, 152, 70, 60, 179, 111, 114, 195, 255, 221, 52,
       126, 202, 136, 194, 177, 135, 95, 103, 159, 230, 178, 175, 246,
       196, 194, 91, 246, 80, 108, 181, 239, 110, 102, 50, 239, 245, 148,
       62, 238, 36, 42, 239, 128, 45, 255, 240, 245, 189, 87, 111, 236,
       117, 87, 95, 120, 85, 68, 127, 135, 91, 125, 187, 241, 126, 248,
       151, 238, 237, 182, 52, 142, 115, 239, 225, 133, 127, 191, 252,
       241, 189, 159, 245, 126, 246, 111, 199, 255, 82, 226, 113, 122,
       123, 125, 157, 161, 95, 222, 178, 43, 185, 254, 125, 175, 123,
       239, 117, 20, 231, 249, 212, 249, 96, 63, 225, 101, 240, 46, 109,
       55, 48, 174, 126, 236, 179, 39, 192, 54, 6, 254, 125, 140, 249,
       216, 225, 10, 237, 190, 245, 144, 0, 240, 198, 121, 143, 178, 190,
       218, 236, 189, 184, 81, 207, 89, 85, 117, 140, 158, 238, 233, 167,
       27, 151, 21, 151, 92, 42, 209, 79, 89, 122, 238, 146, 140, 141,
       213, 5, 140, 17, 219, 149, 199, 71, 232, 86, 18, 192, 66, 242,
       243, 57, 229, 89, 10, 10, 56, 123, 176, 120, 191, 173, 158, 135,
       100, 178, 120, 112, 160, 90, 94, 158, 190, 11, 164, 22, 102, 172,
       142, 138, 229, 108, 246, 35, 74, 228, 115, 233, 195, 12, 203, 146,
       105, 209, 231, 218, 139, 8, 119, 41, 91, 108, 185, 120, 96, 253,
       221, 83, 89, 107, 172, 189, 8, 27, 157, 70, 20, 28, 156, 199, 88,
       90, 58, 248, 16, 127, 221, 37, 125, 67, 138, 206, 179, 237, 100,
       153, 109, 184, 47, 79, 184, 18, 170, 173, 24, 215, 115, 65, 48,
       21, 92, 124, 110, 104, 116, 249, 26, 229, 223, 5, 52, 208, 251,
       194, 32, 33, 93, 121, 101, 112, 78, 109, 55, 121, 232, 126, 8,
       179, 55, 145, 48, 132, 188, 84, 104, 193, 184, 113, 46, 231, 253,
       36, 128, 66, 176, 198, 233, 59, 110, 232, 40, 61, 185, 216, 206,
       87, 252, 188, 175, 11, 136, 87, 136, 201, 201, 197, 85, 174, 111,
       199, 187, 250, 93, 181, 191, 255, 253, 94, 206, 64, 173, 63, 116,
       180, 236, 121, 55, 184, 9, 106, 80, 182, 179, 0, 115, 161, 46,
       125, 8, 242, 217, 162, 109, 239, 191, 50, 200, 0, 0, 199, 107, 13,
       30, 31, 253, 116, 174, 107, 48, 116, 73, 95, 68, 213, 115, 161,
       96, 116, 36, 62, 44, 129, 176, 49, 12, 229, 175, 98, 128, 184,
       171, 113, 161, 164, 123, 215, 42, 232, 7, 22, 220, 159, 252, 177,
       237, 70, 204, 229, 159, 220, 213, 230, 118, 77, 99, 90, 184, 176,
       210, 101, 190, 88, 255, 98, 85, 245, 88, 77, 237, 172, 15, 70,
       184, 70, 186, 150, 76, 211, 81, 217, 123, 89, 196, 124, 111, 233,
       118, 221, 58, 228, 235, 229, 52, 124, 187, 80, 32, 83, 17, 146,
       228, 71, 20, 124, 99, 41, 178, 226, 10, 14, 62, 68, 123, 238, 149,
       253, 129, 76, 91, 145, 192, 147, 248, 218, 3, 43, 32, 43, 14, 40,
       57, 120, 64, 116, 223, 195, 80, 105, 172, 252, 8, 59, 21, 212, 52,
       30, 188, 70, 122, 219, 186, 240, 62, 127, 221, 33, 112, 67, 139,
       70, 185, 6, 185, 196, 147, 225, 132, 61, 33, 187, 249, 5, 149,
       204, 243, 78, 30, 163, 43, 179, 157, 18, 88, 155, 241, 76, 18,
       223, 231, 142, 68, 187, 211, 3, 148, 57, 251, 124, 247, 185, 90,
       31, 89, 85, 114, 188, 222, 172, 104, 221, 59, 151, 145, 179, 158,
       107, 247, 79, 127, 186, 234, 156, 8, 53, 255, 201, 250, 209, 115,
       176, 156, 104, 151, 127, 113, 38, 244, 157, 35, 194, 244, 167, 15,
       44, 28, 243, 220, 165, 119, 110, 223, 54, 68, 138, 132, 201, 61,
