%YAML:1.0
---
descriptors: !!opencv-matrix
   rows: 207
   cols: 32
   dt: u
   data: [ 2, 169, 24, 186, 248, 201, 178, 239, 142, 29, 137, 43, 164,
       222, 104, 0, 201, 59, 107, 17, 22, 11, 74, 245, 253, 20, 30, 123,
       16, 10, 165, 138, 198, 20, 180, 149, 137, 116, 180, 11, 190, 191,
       135, 21, 204, 122, 79, 79, 133, 87, 251, 17, 52, 69, 243, 194, 13,
       50, 95, 23, 136, 101, 141, 87, 240, 74, 79, 254, 12, 2, 76, 176,
       249, 178, 178, 250, 123, 75, 133, 91, 98, 229, 125, 234, 105, 71,
       207, 233, 210, 234, 227, 144, 45, 177, 98, 48, 254, 48, 184, 240,
       139, 125, 80, 200, 235, 178, 161, 25, 14, 159, 69, 154, 169, 221,
       233, 18, 12, 103, 218, 192, 155, 209, 85, 127, 227, 121, 78, 22,
       33, 238, 87, 69, 116, 142, 107, 178, 125, 74, 122, 68, 211, 51,
       148, 52, 50, 108, 86, 108, 225, 184, 37, 111, 38, 190, 32, 64, 72,
       160, 66, 161, 2, 166, 17, 155, 236, 169, 188, 143, 158, 59, 25,
       249, 156, 226, 72, 1, 207, 27, 107, 17, 51, 74, 74, 211, 12, 22,
       62, 254, 156, 72, 129, 153, 181, 196, 197, 190, 220, 39, 70, 172,
       83, 187, 177, 90, 67, 96, 77, 27, 217, 194, 36, 122, 42, 102, 75,
       179, 185, 210, 213, 60, 249, 123, 210, 0, 198, 172, 153, 182, 252,
       160, 174, 175, 218, 179, 24, 82, 237, 234, 93, 74, 147, 111, 121,
       145, 34, 77, 142, 243, 172, 54, 223, 236, 132, 113, 145, 0, 200,
       252, 188, 115, 169, 125, 21, 158, 106, 119, 36, 25, 190, 61, 75,
       59, 135, 83, 249, 80, 182, 108, 251, 49, 207, 219, 84, 125, 210,
       209, 143, 91, 139, 251, 125, 245, 38, 220, 125, 56, 227, 252, 22,
       230, 249, 95, 218, 167, 54, 113, 181, 238, 195, 84, 191, 221, 206,
       219, 237, 160, 46, 166, 65, 113, 247, 36, 229, 255, 140, 39, 74,
       152, 83, 178, 249, 90, 83, 105, 93, 26, 217, 204, 117, 250, 168,
       118, 219, 187, 139, 250, 197, 52, 255, 251, 80, 0, 41, 189, 211,
       105, 180, 143, 106, 254, 119, 105, 122, 76, 191, 249, 16, 144,
       221, 234, 6, 92, 191, 184, 89, 63, 238, 223, 53, 64, 202, 138,
       202, 153, 47, 178, 240, 112, 105, 253, 216, 27, 203, 253, 52, 125,
       142, 157, 222, 62, 143, 31, 221, 21, 158, 104, 242, 144, 207, 217,
       53, 255, 198, 204, 86, 247, 93, 83, 93, 101, 34, 14, 91, 56, 41,
       236, 63, 236, 223, 23, 139, 114, 38, 213, 124, 110, 201, 144, 245,
       72, 198, 249, 32, 132, 42, 162, 3, 113, 170, 184, 176, 90, 89,
       253, 16, 71, 251, 117, 165, 25, 46, 156, 70, 156, 129, 42, 194,
       16, 22, 111, 242, 211, 31, 213, 16, 123, 210, 12, 206, 206, 250,
       56, 237, 85, 139, 253, 145, 71, 163, 255, 150, 191, 42, 188, 86,
       46, 237, 183, 249, 145, 188, 111, 243, 162, 87, 83, 216, 179, 231,
       76, 222, 95, 79, 112, 252, 101, 35, 28, 121, 16, 41, 250, 22, 173,
       223, 63, 215, 127, 166, 85, 253, 46, 197, 84, 247, 192, 199, 251,
       125, 130, 38, 181, 7, 119, 115, 223, 253, 244, 254, 39, 158, 254,
       27, 171, 154, 251, 124, 125, 148, 32, 63, 247, 85, 165, 185, 235,
       65, 255, 56, 46, 237, 146, 173, 240, 179, 41, 9, 181, 48, 211,
       253, 125, 245, 191, 95, 125, 61, 60, 142, 120, 222, 172, 159, 11,
       222, 24, 151, 120, 123, 215, 79, 221, 21, 127, 218, 142, 203, 215,
       196, 172, 133, 147, 214, 168, 38, 143, 190, 147, 10, 82, 244, 226,
       73, 74, 113, 238, 42, 152, 50, 92, 203, 227, 172, 38, 255, 100,
       160, 112, 177, 8, 242, 73, 103, 174, 13, 82, 78, 229, 229, 182,
       178, 3, 99, 106, 53, 215, 232, 228, 108, 227, 108, 231, 13, 173,
       177, 234, 199, 19, 37, 62, 244, 6, 253, 117, 149, 238, 189, 15,
       94, 248, 59, 170, 185, 76, 223, 123, 9, 179, 221, 213, 126, 106,
       105, 99, 219, 250, 185, 251, 103, 62, 88, 123, 66, 3, 3, 189, 91,
       225, 178, 158, 191, 247, 60, 72, 90, 228, 189, 182, 164, 240, 166,
       63, 31, 220, 211, 152, 176, 255, 172, 253, 46, 194, 12, 144, 163,
       249, 81, 13, 222, 245, 214, 138, 111, 39, 117, 130, 126, 2, 123,
       35, 177, 100, 114, 238, 62, 234, 112, 184, 5, 238, 124, 174, 230,
       0, 167, 248, 225, 40, 6, 175, 17, 170, 220, 201, 178, 206, 142, 1,
       88, 75, 164, 223, 108, 0, 219, 27, 3, 81, 18, 11, 74, 247, 61, 20,
       15, 110, 144, 11, 133, 138, 254, 231, 236, 183, 172, 82, 223, 189,
       22, 191, 151, 183, 193, 111, 218, 75, 95, 199, 239, 247, 122, 68,
       239, 179, 254, 231, 255, 253, 183, 255, 180, 113, 31, 242, 211,
       250, 170, 35, 26, 216, 150, 83, 145, 230, 93, 215, 233, 232, 127,
       217, 31, 254, 135, 71, 14, 241, 154, 207, 235, 252, 189, 251, 33,
       177, 149, 224, 205, 202, 156, 37, 75, 216, 86, 19, 141, 22, 81,
       195, 121, 108, 121, 200, 58, 254, 27, 7, 63, 115, 217, 142, 163,
       124, 185, 171, 112, 48, 142, 221, 133, 151, 145, 226, 15, 175, 19,
       211, 11, 176, 236, 118, 73, 175, 151, 115, 177, 179, 123, 220, 26,
       239, 169, 22, 221, 70, 142, 119, 149, 60, 246, 109, 233, 2, 222,
       67, 199, 200, 83, 244, 161, 139, 67, 108, 95, 17, 89, 204, 193,
       247, 62, 103, 253, 58, 123, 0, 133, 125, 245, 63, 214, 86, 121,
       187, 154, 167, 53, 157, 126, 117, 107, 169, 251, 76, 255, 219, 74,
       176, 180, 207, 124, 28, 207, 250, 217, 181, 191, 255, 55, 32, 74,
       130, 203, 25, 9, 75, 87, 69, 52, 15, 239, 182, 108, 168, 122, 68,
       223, 33, 149, 164, 62, 102, 126, 108, 193, 184, 69, 79, 36, 190,
       34, 128, 75, 176, 75, 173, 182, 109, 101, 77, 82, 18, 175, 104,
       52, 166, 230, 162, 65, 71, 133, 21, 126, 252, 19, 234, 120, 214,
       101, 110, 52, 42, 139, 192, 101, 161, 102, 228, 77, 75, 93, 103,
       36, 14, 111, 184, 108, 168, 126, 68, 215, 97, 145, 114, 22, 68,
       108, 110, 193, 176, 233, 40, 230, 249, 101, 128, 72, 179, 67, 33,
       198, 20, 149, 215, 169, 110, 161, 3, 190, 211, 131, 16, 220, 55,
       13, 207, 163, 87, 123, 1, 49, 197, 91, 194, 133, 54, 91, 22, 136,
       97, 5, 54, 47, 146, 253, 248, 252, 46, 217, 27, 219, 217, 181,
       124, 220, 252, 180, 41, 159, 145, 85, 189, 145, 97, 58, 220, 202,
       95, 123, 254, 158, 173, 3, 117, 236, 234, 212, 119, 205, 15, 70,
       188, 83, 186, 178, 89, 195, 105, 89, 155, 217, 196, 108, 122, 110,
       100, 203, 178, 111, 219, 197, 124, 251, 187, 216, 2, 107, 146,
       189, 220, 125, 86, 153, 127, 27, 121, 177, 127, 92, 61, 190, 40,
       223, 21, 245, 17, 151, 107, 185, 213, 91, 123, 250, 254, 31, 12,
       211, 119, 133, 164, 221, 241, 236, 169, 233, 27, 126, 179, 49,
       248, 157, 163, 216, 43, 35, 15, 110, 28, 179, 124, 207, 210, 204,
       158, 119, 100, 204, 200, 131, 161, 164, 140, 215, 190, 254, 171,
       150, 239, 223, 147, 120, 88, 238, 232, 44, 201, 211, 107, 106, 35,
       50, 111, 10, 255, 168, 190, 87, 62, 212, 121, 129, 137, 16, 236,
       251, 124, 98, 72, 119, 223, 118, 15, 112, 58, 54, 243, 232, 24,
       51, 90, 39, 74, 66, 54, 138, 115, 113, 174, 53, 44, 113, 208, 231,
       171, 136, 216, 57, 249, 180, 205, 81, 190, 22, 13, 84, 48, 183,
       23, 32, 96, 213, 58, 61, 24, 106, 156, 99, 55, 235, 143, 52, 208,
       16, 136, 132, 107, 252, 112, 186, 112, 77, 45, 81, 216, 227, 182,
       164, 25, 26, 217, 65, 27, 169, 253, 115, 82, 12, 103, 154, 128,
       219, 217, 69, 63, 227, 121, 78, 130, 69, 32, 153, 225, 224, 46,
       120, 25, 58, 187, 103, 80, 213, 51, 201, 122, 183, 93, 125, 60,
       145, 208, 217, 66, 207, 175, 119, 100, 136, 227, 203, 161, 221,
       53, 183, 97, 160, 110, 107, 16, 112, 242, 43, 92, 223, 55, 81,
       187, 55, 212, 124, 254, 185, 212, 185, 10, 207, 203, 101, 68, 234,
       227, 231, 112, 182, 188, 190, 59, 250, 175, 158, 238, 31, 251,
       240, 185, 110, 255, 108, 25, 253, 255, 247, 22, 58, 255, 203, 243,
       63, 94, 85, 254, 209, 125, 162, 219, 243, 199, 205, 245, 214, 39,
       140, 191, 19, 163, 218, 250, 121, 40, 148, 33, 63, 223, 55, 173,
       249, 254, 69, 223, 56, 46, 253, 208, 237, 208, 147, 41, 38, 253,
       17, 234, 221, 141, 178, 206, 30, 33, 248, 75, 44, 219, 108, 144,
       217, 219, 3, 81, 18, 42, 90, 247, 189, 212, 15, 126, 217, 26, 131,
