%YAML:1.0
---
descriptors: !!opencv-matrix
   rows: 206
   cols: 32
   dt: u
   data: [ 49, 193, 99, 204, 84, 2, 238, 101, 101, 0, 250, 130, 51, 9,
       52, 112, 120, 172, 23, 235, 72, 187, 20, 205, 49, 172, 130, 0,
       117, 138, 242, 168, 229, 48, 25, 101, 100, 78, 97, 25, 105, 232,
       119, 72, 215, 83, 137, 122, 148, 4, 92, 60, 129, 180, 241, 8, 199,
       249, 33, 20, 72, 162, 66, 49, 3, 151, 3, 157, 86, 134, 170, 127,
       30, 65, 74, 246, 244, 194, 176, 196, 126, 43, 2, 173, 179, 154,
       23, 223, 180, 38, 186, 200, 28, 136, 177, 156, 18, 205, 82, 155,
       151, 147, 190, 231, 31, 1, 74, 163, 44, 234, 36, 196, 123, 43,
       139, 145, 118, 152, 21, 255, 58, 102, 158, 67, 181, 28, 185, 142,
       35, 189, 113, 75, 213, 223, 134, 239, 95, 96, 120, 74, 34, 92,
       148, 164, 216, 58, 194, 120, 251, 186, 124, 191, 47, 92, 5, 114,
       83, 14, 214, 252, 68, 172, 134, 22, 220, 171, 230, 168, 190, 178,
       67, 72, 246, 224, 89, 155, 145, 111, 106, 111, 32, 209, 139, 127,
       172, 38, 93, 36, 192, 123, 81, 0, 73, 188, 181, 85, 141, 253, 181,
       7, 251, 255, 38, 24, 190, 188, 70, 175, 129, 54, 250, 25, 179,
       105, 243, 225, 79, 123, 84, 115, 194, 76, 199, 126, 72, 84, 151,
       181, 33, 78, 109, 55, 60, 234, 114, 80, 255, 55, 1, 223, 133, 21,
       125, 44, 225, 220, 65, 14, 229, 255, 114, 144, 2, 176, 3, 123, 92,
       189, 159, 247, 178, 107, 55, 239, 190, 178, 42, 40, 254, 247, 192,
       114, 51, 119, 110, 16, 81, 217, 139, 42, 253, 167, 117, 55, 160,
       98, 135, 43, 82, 174, 159, 190, 186, 224, 61, 239, 178, 23, 218,
       179, 229, 231, 8, 82, 111, 255, 237, 129, 58, 203, 139, 111, 217,
       167, 255, 137, 133, 224, 167, 171, 105, 34, 196, 69, 101, 187,
       224, 2, 107, 57, 114, 92, 139, 8, 150, 191, 128, 4, 238, 28, 134,
       252, 199, 64, 6, 121, 80, 83, 74, 140, 90, 132, 210, 162, 234,
       250, 106, 160, 25, 95, 191, 31, 244, 179, 169, 207, 110, 88, 239,
       191, 239, 144, 62, 79, 226, 243, 219, 243, 250, 249, 181, 192,
       167, 203, 175, 185, 180, 57, 237, 189, 222, 218, 207, 120, 180,
       92, 143, 216, 87, 175, 207, 97, 254, 95, 183, 99, 222, 241, 15,
       89, 79, 255, 223, 109, 91, 149, 214, 220, 190, 183, 183, 98, 63,
       167, 188, 23, 139, 19, 205, 126, 41, 75, 227, 87, 185, 3, 48, 205,
       59, 226, 233, 247, 223, 7, 128, 113, 165, 99, 239, 237, 172, 87,
       205, 118, 190, 172, 223, 247, 159, 147, 200, 236, 223, 235, 221,
       87, 251, 215, 182, 97, 255, 242, 47, 127, 223, 247, 135, 127, 221,
       86, 94, 255, 172, 191, 155, 81, 158, 172, 158, 255, 137, 171, 237,
       252, 75, 66, 183, 87, 253, 215, 230, 69, 239, 243, 251, 119, 207,
       191, 132, 119, 141, 87, 11, 108, 183, 55, 245, 190, 236, 23, 255,
       219, 114, 84, 188, 248, 53, 239, 165, 43, 50, 29, 183, 252, 55,
       238, 47, 122, 86, 66, 202, 84, 217, 141, 49, 97, 67, 236, 84, 2,
       103, 109, 100, 128, 234, 2, 51, 129, 48, 80, 120, 172, 10, 232,
       72, 179, 149, 15, 176, 172, 134, 8, 97, 186, 114, 168, 174, 183,
       122, 104, 253, 221, 255, 255, 193, 76, 124, 42, 11, 205, 254, 180,
       252, 154, 151, 120, 246, 59, 164, 191, 127, 93, 164, 251, 119,
       142, 222, 231, 132, 251, 244, 215, 170, 43, 167, 156, 94, 183, 87,
       246, 228, 192, 201, 111, 55, 94, 34, 90, 195, 244, 239, 113, 12,
       34, 117, 196, 204, 251, 133, 53, 34, 187, 216, 186, 251, 153, 184,
       205, 31, 53, 240, 175, 172, 174, 110, 144, 190, 187, 199, 209, 22,
       58, 74, 245, 188, 85, 31, 255, 213, 14, 143, 223, 181, 116, 125,
       103, 116, 47, 79, 248, 84, 234, 254, 106, 83, 113, 153, 49, 127,
       220, 86, 106, 233, 246, 109, 46, 118, 142, 101, 148, 101, 251, 82,
       161, 10, 179, 27, 190, 242, 197, 61, 247, 190, 77, 92, 101, 60,
       247, 42, 80, 180, 59, 151, 193, 83, 153, 32, 253, 121, 37, 190,
       202, 16, 0, 165, 251, 50, 129, 66, 204, 85, 134, 230, 97, 69, 0,
       250, 2, 65, 152, 52, 68, 120, 174, 18, 232, 88, 187, 20, 205, 51,
       44, 130, 0, 117, 170, 240, 132, 53, 14, 207, 69, 84, 46, 107, 112,
       117, 174, 255, 2, 83, 35, 181, 93, 121, 172, 110, 174, 8, 242,
       105, 76, 95, 174, 225, 4, 227, 235, 114, 224, 8, 189, 58, 122,
       249, 221, 113, 247, 191, 93, 108, 25, 190, 191, 34, 16, 167, 187,
       215, 16, 54, 75, 50, 255, 255, 221, 20, 107, 82, 0, 175, 219, 18,
       205, 74, 159, 150, 147, 174, 239, 22, 1, 202, 130, 97, 106, 52,
       192, 123, 235, 139, 193, 102, 152, 69, 255, 190, 39, 158, 67, 53,
       152, 185, 140, 98, 169, 23, 158, 93, 205, 48, 103, 143, 1, 192, 8,
       166, 217, 96, 64, 192, 59, 107, 65, 2, 107, 210, 253, 157, 16, 26,
       59, 16, 8, 21, 174, 212, 122, 158, 181, 170, 10, 61, 176, 168,
       182, 130, 189, 207, 111, 203, 91, 39, 213, 237, 231, 232, 197,
       143, 8, 208, 227, 111, 149, 44, 241, 7, 81, 175, 212, 245, 255,
       253, 127, 255, 184, 95, 123, 223, 119, 223, 124, 191, 107, 223,
       215, 191, 191, 183, 100, 127, 247, 239, 127, 255, 246, 159, 255,
       213, 247, 75, 185, 189, 82, 137, 252, 181, 135, 235, 89, 167, 24,
       190, 188, 78, 190, 129, 87, 248, 17, 19, 105, 251, 225, 223, 251,
       86, 123, 194, 69, 135, 126, 54, 34, 172, 57, 172, 41, 212, 200,
       207, 183, 145, 191, 195, 104, 95, 11, 139, 203, 111, 23, 158, 103,
       207, 144, 156, 18, 237, 191, 213, 125, 214, 199, 73, 82, 151, 229,
       33, 30, 108, 55, 61, 43, 118, 80, 255, 51, 136, 255, 135, 20, 252,
       8, 225, 220, 209, 207, 135, 255, 112, 144, 74, 148, 139, 41, 161,
       213, 61, 223, 188, 110, 207, 191, 93, 90, 219, 22, 247, 119, 189,
       105, 223, 214, 63, 46, 225, 180, 123, 255, 229, 186, 250, 0, 28,
       248, 245, 249, 101, 233, 93, 109, 190, 75, 71, 173, 110, 232, 62,
       40, 247, 115, 193, 112, 18, 124, 108, 122, 65, 248, 233, 29, 239,
       239, 37, 119, 96, 58, 66, 43, 88, 175, 142, 255, 186, 34, 47, 191,
       182, 143, 206, 225, 229, 231, 136, 82, 119, 255, 237, 128, 24,
       218, 203, 109, 252, 231, 255, 137, 160, 226, 167, 105, 88, 175,
       223, 231, 146, 75, 63, 127, 166, 173, 254, 232, 255, 231, 192, 82,
       55, 247, 238, 160, 80, 217, 139, 111, 253, 231, 39, 197, 32, 226,
       167, 169, 117, 73, 25, 109, 20, 15, 79, 184, 100, 224, 238, 76,
       211, 17, 17, 112, 88, 236, 94, 238, 201, 178, 253, 62, 241, 237,
       35, 20, 88, 187, 114, 40, 112, 189, 91, 234, 182, 203, 115, 103,
       109, 33, 123, 42, 183, 247, 160, 112, 50, 191, 94, 96, 19, 187,
       161, 125, 253, 172, 34, 114, 101, 10, 199, 171, 82, 166, 234, 186,
       56, 164, 121, 222, 190, 15, 219, 149, 229, 239, 106, 88, 255, 191,
       111, 149, 26, 15, 203, 243, 217, 182, 186, 217, 148, 194, 39, 123,
       70, 189, 170, 138, 217, 245, 146, 202, 142, 221, 140, 11, 196,
       252, 111, 2, 217, 115, 251, 17, 22, 35, 154, 243, 123, 21, 143,
       127, 144, 127, 191, 214, 88, 133, 22, 187, 157, 242, 248, 235,
       157, 23, 203, 19, 205, 43, 40, 193, 233, 135, 171, 129, 60, 137,
       91, 215, 219, 247, 218, 85, 178, 76, 189, 2, 166, 252, 188, 87,
       141, 127, 180, 175, 158, 182, 171, 25, 192, 125, 95, 11, 201, 87,
       251, 18, 116, 101, 251, 226, 111, 27, 87, 55, 193, 121, 223, 210,
       84, 221, 188, 183, 138, 102, 63, 172, 190, 151, 139, 3, 253, 255,
       73, 74, 247, 87, 249, 243, 114, 65, 155, 235, 249, 231, 207, 95,
       128, 115, 165, 2, 248, 245, 51, 174, 27, 197, 23, 236, 132, 4,
       160, 11, 127, 215, 40, 81, 248, 209, 203, 227, 106, 3, 58, 191,
       241, 193, 143, 59, 50, 22, 167, 122, 24, 159, 47, 123, 144, 207,
       71, 183, 118, 73, 106, 117, 243, 117, 0, 240, 213, 254, 61, 144,
       251, 216, 123, 63, 233, 239, 180, 64, 184, 0, 244, 122, 53, 70,
       253, 103, 100, 43, 111, 188, 116, 234, 255, 106, 211, 113, 153,
       51, 127, 196, 118, 106, 233, 246, 109, 46, 228, 175, 101, 148,
       109, 251, 82, 161, 117, 71, 111, 230, 20, 22, 78, 248, 193, 234,
       187, 230, 83, 108, 189, 114, 120, 196, 92, 238, 237, 163, 45, 174,
