%YAML:1.0
---
descriptors: !!opencv-matrix
   rows: 272
   cols: 32
   dt: u
   data: [ 4, 56, 145, 146, 74, 205, 161, 192, 142, 177, 161, 72, 150,
       150, 97, 42, 170, 17, 74, 80, 19, 107, 26, 112, 157, 144, 27, 126,
       208, 11, 7, 161, 191, 149, 224, 113, 245, 63, 222, 187, 81, 254,
       61, 30, 91, 61, 95, 45, 153, 206, 21, 63, 189, 240, 121, 138, 107,
       223, 213, 116, 255, 253, 218, 210, 125, 101, 153, 229, 184, 79,
       71, 56, 115, 232, 169, 8, 215, 115, 73, 50, 145, 204, 124, 122,
       105, 82, 201, 10, 253, 223, 37, 52, 160, 115, 2, 34, 62, 164, 162,
       171, 213, 163, 250, 75, 87, 33, 89, 19, 40, 217, 124, 128, 249,
       139, 147, 145, 158, 186, 25, 215, 63, 85, 155, 231, 151, 78, 253,
       130, 34, 135, 18, 170, 213, 183, 146, 199, 31, 1, 89, 3, 228, 250,
       40, 196, 217, 59, 131, 16, 22, 152, 72, 255, 175, 212, 138, 67,
       154, 78, 189, 134, 41, 64, 105, 73, 69, 223, 99, 80, 117, 4, 246,
       2, 211, 1, 148, 116, 120, 184, 70, 200, 139, 182, 113, 0, 71, 249,
       128, 64, 115, 154, 116, 160, 37, 92, 239, 93, 212, 126, 103, 150,
       116, 195, 110, 208, 83, 53, 149, 125, 117, 110, 50, 24, 161, 240,
       125, 110, 79, 46, 180, 4, 239, 241, 208, 248, 77, 227, 28, 47, 32,
       10, 119, 184, 104, 12, 111, 41, 215, 67, 138, 82, 146, 196, 108,
       110, 76, 208, 137, 41, 230, 233, 37, 5, 32, 179, 10, 3, 106, 234,
       168, 155, 45, 149, 217, 190, 142, 61, 148, 159, 160, 77, 86, 130,
       205, 66, 255, 223, 206, 106, 207, 181, 207, 81, 159, 249, 22, 143,
       220, 74, 44, 113, 25, 231, 116, 79, 119, 184, 57, 232, 111, 8,
       215, 95, 9, 16, 152, 92, 85, 106, 73, 240, 217, 14, 231, 253, 37,
       20, 72, 187, 70, 178, 253, 63, 225, 199, 159, 115, 71, 120, 81,
       226, 188, 238, 91, 113, 147, 182, 89, 196, 220, 238, 253, 51, 237,
       174, 250, 207, 165, 180, 111, 255, 90, 125, 124, 113, 81, 224, 29,
       205, 82, 200, 135, 32, 164, 9, 27, 159, 73, 16, 216, 145, 204,
       242, 10, 35, 88, 144, 251, 221, 1, 127, 115, 27, 70, 2, 112, 181,
       117, 70, 44, 125, 199, 249, 193, 190, 184, 40, 83, 117, 204, 55,
       8, 214, 68, 106, 201, 107, 238, 40, 57, 200, 101, 56, 99, 250,
       214, 225, 191, 253, 99, 154, 231, 241, 191, 196, 157, 69, 221,
       187, 72, 220, 63, 164, 254, 251, 151, 215, 214, 179, 62, 227, 51,
       88, 142, 203, 119, 223, 191, 246, 208, 201, 79, 237, 6, 10, 79,
       37, 36, 32, 226, 130, 83, 35, 32, 115, 112, 228, 40, 234, 104,
       147, 69, 45, 241, 171, 192, 16, 49, 186, 224, 32, 108, 65, 181,
       103, 37, 78, 71, 48, 109, 162, 166, 8, 247, 113, 25, 247, 16, 68,
       121, 106, 72, 244, 249, 8, 229, 251, 69, 16, 66, 251, 86, 98, 41,
       159, 57, 203, 245, 213, 223, 255, 79, 77, 124, 103, 188, 61, 186,
       36, 220, 26, 151, 93, 215, 58, 104, 191, 111, 93, 166, 234, 83,
       142, 212, 255, 198, 145, 182, 159, 169, 112, 188, 15, 175, 31,
       131, 49, 236, 238, 110, 78, 167, 87, 251, 17, 22, 65, 171, 225,
       137, 50, 94, 219, 128, 71, 173, 87, 101, 65, 185, 109, 28, 79, 71,
       24, 116, 192, 239, 8, 211, 55, 9, 112, 216, 220, 122, 106, 9, 178,
       121, 8, 231, 253, 4, 20, 64, 251, 70, 226, 66, 16, 183, 151, 139,
       108, 180, 7, 174, 219, 131, 49, 236, 190, 77, 111, 167, 55, 249,
       17, 52, 201, 147, 192, 141, 54, 94, 147, 128, 68, 165, 95, 158,
       92, 238, 151, 15, 118, 189, 106, 157, 214, 150, 151, 108, 94, 55,
       207, 239, 117, 249, 231, 228, 197, 59, 234, 131, 123, 219, 147,
       135, 117, 61, 214, 87, 29, 66, 172, 242, 146, 238, 242, 181, 200,
       218, 231, 121, 234, 179, 224, 126, 231, 31, 239, 237, 155, 4, 239,
       178, 46, 175, 128, 45, 247, 185, 93, 65, 32, 185, 228, 48, 6, 123,
       25, 170, 168, 30, 224, 221, 247, 209, 114, 22, 125, 125, 172, 193,
       64, 170, 72, 237, 189, 175, 172, 4, 162, 7, 113, 40, 189, 80, 117,
       113, 221, 112, 55, 45, 173, 126, 25, 171, 31, 2, 144, 134, 62,
       197, 8, 76, 184, 81, 142, 199, 221, 48, 1, 66, 132, 206, 203, 209,
       186, 155, 56, 40, 173, 80, 83, 171, 25, 176, 93, 151, 147, 64, 26,
       165, 163, 76, 16, 159, 111, 146, 17, 153, 217, 112, 122, 232, 0,
       2, 11, 109, 231, 184, 99, 189, 29, 71, 188, 123, 249, 172, 76,
       215, 121, 90, 50, 153, 206, 124, 127, 238, 98, 251, 49, 239, 223,
       5, 124, 202, 155, 210, 0, 101, 32, 200, 76, 204, 61, 204, 136, 82,
       163, 237, 24, 83, 122, 221, 58, 89, 204, 114, 186, 29, 114, 255,
       18, 95, 175, 197, 125, 217, 251, 202, 132, 2, 153, 147, 219, 215,
       192, 176, 103, 159, 201, 90, 38, 188, 190, 37, 68, 233, 59, 147,
       144, 19, 152, 18, 255, 45, 52, 158, 67, 154, 14, 37, 159, 123, 50,
       250, 100, 104, 84, 120, 88, 169, 200, 212, 237, 61, 159, 214, 50,
       134, 189, 245, 133, 140, 75, 162, 201, 211, 249, 120, 138, 6, 132,
       38, 223, 86, 95, 109, 164, 138, 18, 159, 189, 128, 230, 158, 239,
       205, 110, 211, 67, 102, 215, 253, 231, 204, 67, 239, 236, 248, 97,
       239, 159, 37, 246, 181, 93, 15, 255, 252, 119, 177, 214, 127, 184,
       219, 223, 95, 165, 253, 253, 223, 111, 151, 127, 181, 76, 167,
       208, 191, 189, 111, 255, 117, 133, 166, 246, 141, 117, 32, 137,
       157, 115, 200, 110, 101, 135, 50, 51, 34, 0, 151, 55, 72, 123, 1,
       86, 112, 24, 27, 248, 211, 32, 205, 171, 116, 68, 224, 81, 194,
       170, 71, 51, 81, 65, 35, 90, 32, 16, 109, 232, 187, 232, 142, 18,
       197, 252, 38, 29, 254, 202, 193, 208, 165, 192, 148, 88, 35, 166,
       74, 166, 11, 53, 126, 18, 26, 164, 43, 75, 88, 64, 45, 172, 176,
       171, 207, 111, 42, 80, 254, 145, 207, 225, 92, 3, 64, 200, 209,
       213, 171, 191, 16, 42, 47, 83, 33, 80, 127, 73, 109, 223, 227, 80,
       117, 104, 246, 8, 82, 29, 29, 116, 216, 156, 102, 106, 203, 182,
       113, 62, 119, 188, 128, 0, 83, 155, 114, 176, 17, 141, 75, 254,
       22, 131, 235, 247, 214, 64, 219, 194, 113, 227, 176, 96, 126, 234,
       31, 140, 187, 155, 44, 191, 248, 175, 171, 192, 61, 138, 240, 168,
       23, 87, 247, 69, 114, 26, 174, 124, 127, 170, 122, 230, 75, 38,
       164, 245, 54, 221, 166, 236, 225, 241, 45, 206, 58, 46, 103, 134,
       111, 182, 99, 181, 33, 57, 229, 85, 197, 62, 237, 151, 119, 99,
       98, 86, 112, 52, 149, 252, 125, 238, 50, 12, 225, 240, 245, 200,
       37, 58, 212, 0, 203, 248, 210, 188, 172, 102, 24, 103, 53, 15, 86,
       184, 127, 170, 61, 77, 207, 73, 73, 144, 152, 196, 204, 110, 204,
       116, 73, 26, 239, 221, 37, 53, 74, 187, 74, 131, 71, 162, 238, 5,
       188, 31, 176, 136, 218, 188, 151, 207, 194, 168, 222, 2, 161, 68,
       108, 125, 132, 113, 205, 0, 30, 11, 237, 245, 205, 45, 89, 69, 93,
       243, 236, 167, 40, 26, 86, 184, 34, 238, 151, 173, 215, 108, 218,
       211, 22, 197, 253, 103, 204, 80, 237, 40, 250, 227, 237, 149, 36,
       247, 158, 83, 108, 98, 218, 97, 37, 15, 82, 24, 99, 172, 55, 13,
       95, 1, 75, 154, 144, 196, 205, 126, 12, 244, 201, 16, 203, 217,
       37, 117, 66, 171, 74, 195, 142, 220, 230, 211, 231, 114, 254, 183,
       59, 95, 94, 183, 108, 127, 191, 237, 55, 87, 183, 158, 240, 220,
       61, 226, 111, 126, 222, 195, 167, 245, 181, 255, 190, 205, 226,
       222, 255, 113, 222, 232, 147, 206, 252, 171, 105, 252, 255, 181,
       251, 219, 151, 247, 252, 39, 46, 254, 59, 95, 141, 191, 247, 255,
       254, 215, 189, 4, 108, 251, 198, 115, 223, 248, 84, 87, 245, 146,
       81, 109, 191, 41, 127, 200, 23, 174, 188, 246, 109, 190, 115, 75,
       225, 197, 247, 255, 244, 224, 158, 205, 102, 186, 175, 83, 158,
       232, 156, 222, 152, 179, 73, 254, 63, 175, 255, 209, 223, 231,
       238, 231, 46, 255, 187, 75, 239, 159, 87, 255, 189, 215, 42, 164,
       19, 119, 113, 237, 112, 39, 189, 13, 107, 25, 174, 159, 4, 20,
       128, 59, 199, 0, 22, 184, 16, 231, 135, 253, 16, 67, 66, 12, 199,
       142, 38, 242, 202, 154, 254, 33, 191, 200, 158, 93, 117, 175, 76,
       200, 255, 8, 255, 201, 167, 119, 6, 35, 138, 241, 124, 21, 175,
       239, 213, 63, 183, 211, 216, 55, 158, 164, 18, 34, 27, 127, 50,
