%YAML:1.0
---
descriptors: !!opencv-matrix
   rows: 304
   cols: 32
   dt: u
   data: [ 60, 40, 56, 240, 253, 173, 80, 202, 203, 185, 173, 24, 143,
       153, 65, 24, 137, 152, 95, 24, 26, 99, 218, 176, 219, 217, 17,
       127, 194, 73, 94, 162, 124, 249, 88, 96, 89, 205, 83, 216, 3, 160,
       173, 9, 27, 159, 73, 16, 88, 153, 221, 240, 10, 35, 88, 16, 251,
       205, 133, 125, 243, 139, 70, 146, 169, 193, 229, 183, 44, 15, 237,
       189, 95, 226, 118, 214, 251, 97, 152, 165, 95, 78, 127, 45, 249,
       244, 125, 159, 236, 219, 245, 144, 126, 188, 208, 248, 194, 156,
       151, 243, 161, 236, 53, 7, 189, 27, 67, 80, 156, 183, 64, 91, 135,
       55, 125, 17, 49, 204, 147, 194, 141, 242, 94, 66, 136, 64, 161,
       51, 188, 252, 184, 126, 219, 223, 87, 252, 83, 174, 229, 61, 75,
       245, 43, 29, 153, 254, 132, 66, 106, 119, 248, 191, 123, 215, 21,
       63, 115, 255, 206, 211, 5, 67, 85, 71, 50, 26, 111, 184, 117, 232,
       127, 224, 223, 99, 153, 244, 54, 76, 60, 238, 193, 208, 109, 76,
       36, 186, 103, 132, 46, 179, 73, 37, 106, 239, 236, 155, 61, 209,
       155, 136, 134, 244, 157, 171, 233, 205, 222, 130, 77, 115, 255,
       215, 14, 74, 238, 245, 110, 85, 175, 185, 23, 143, 28, 82, 118,
       247, 168, 160, 155, 81, 22, 200, 147, 244, 141, 139, 79, 238, 67,
       26, 245, 221, 249, 247, 126, 67, 254, 146, 251, 69, 143, 255, 181,
       119, 62, 86, 197, 180, 151, 241, 249, 44, 120, 19, 59, 187, 3, 84,
       158, 179, 72, 123, 133, 29, 124, 24, 51, 212, 154, 66, 205, 250,
       127, 110, 136, 96, 163, 51, 191, 255, 237, 71, 202, 23, 159, 252,
       82, 226, 244, 206, 81, 125, 159, 33, 95, 222, 183, 238, 237, 242,
       125, 174, 127, 15, 229, 180, 111, 255, 208, 241, 86, 145, 191,
       165, 138, 102, 189, 7, 170, 245, 139, 147, 221, 191, 72, 74, 247,
       87, 253, 145, 17, 201, 179, 194, 249, 167, 223, 215, 128, 98, 165,
       114, 49, 77, 123, 233, 20, 207, 195, 120, 68, 232, 250, 74, 83,
       217, 176, 96, 120, 236, 22, 111, 201, 179, 117, 60, 249, 141, 161,
       20, 125, 139, 112, 160, 95, 59, 222, 193, 242, 242, 106, 82, 59,
       232, 127, 230, 77, 19, 199, 244, 54, 239, 182, 218, 149, 210, 165,
       252, 30, 237, 171, 231, 175, 229, 107, 181, 31, 171, 126, 129,
       247, 159, 251, 248, 239, 124, 119, 175, 76, 200, 182, 164, 62, 15,
       230, 127, 150, 241, 45, 221, 94, 89, 35, 231, 199, 175, 75, 199,
       69, 40, 249, 65, 240, 126, 107, 154, 123, 225, 126, 72, 223, 51,
       213, 120, 51, 223, 118, 154, 131, 250, 253, 120, 95, 191, 55, 100,
       233, 193, 99, 168, 8, 176, 117, 69, 98, 75, 105, 57, 125, 100,
       119, 168, 223, 23, 136, 52, 50, 28, 70, 104, 193, 176, 113, 77,
       101, 142, 36, 68, 103, 162, 71, 249, 124, 224, 163, 242, 93, 84,
       82, 232, 163, 213, 172, 9, 107, 255, 107, 210, 217, 206, 249, 114,
       14, 99, 250, 181, 219, 221, 133, 127, 35, 47, 118, 66, 80, 68,
       255, 245, 36, 74, 101, 23, 125, 174, 230, 2, 211, 55, 129, 122,
       115, 244, 110, 152, 73, 253, 225, 202, 215, 239, 119, 16, 162,
       248, 100, 40, 41, 137, 115, 83, 244, 223, 231, 183, 127, 1, 118,
       64, 243, 9, 148, 116, 122, 186, 102, 56, 251, 184, 117, 127, 47,
       190, 52, 64, 67, 136, 208, 168, 73, 17, 158, 253, 168, 46, 109,
       55, 173, 195, 238, 69, 255, 183, 3, 90, 102, 167, 125, 140, 25,
       217, 211, 64, 199, 255, 242, 16, 168, 224, 43, 26, 252, 251, 16,
       56, 185, 157, 82, 216, 171, 60, 176, 77, 111, 203, 75, 146, 165,
       193, 204, 86, 238, 103, 154, 147, 251, 209, 37, 127, 122, 164,
       111, 83, 217, 156, 29, 189, 44, 239, 116, 191, 254, 114, 194, 18,
       183, 51, 16, 107, 233, 134, 127, 1, 109, 221, 83, 157, 213, 227,
       218, 16, 56, 72, 153, 10, 34, 40, 179, 249, 217, 201, 177, 67,
       190, 165, 224, 24, 188, 223, 100, 184, 201, 191, 251, 16, 51, 239,
       242, 211, 157, 245, 26, 123, 209, 8, 167, 162, 98, 168, 190, 188,
       105, 233, 57, 67, 191, 31, 196, 25, 172, 239, 98, 90, 203, 59,
       235, 1, 18, 75, 194, 241, 87, 54, 90, 123, 144, 76, 39, 202, 4,
       28, 159, 255, 40, 102, 61, 18, 172, 154, 219, 64, 245, 247, 33,
       107, 197, 119, 127, 130, 41, 197, 19, 104, 193, 162, 250, 128,
       152, 113, 33, 51, 244, 105, 157, 104, 140, 77, 87, 204, 134, 190,
       164, 9, 86, 211, 73, 27, 232, 196, 108, 114, 72, 99, 155, 48, 243,
       129, 69, 63, 112, 123, 102, 66, 56, 157, 18, 170, 149, 183, 82,
       235, 133, 1, 201, 71, 111, 234, 32, 192, 216, 171, 138, 96, 30,
       171, 90, 191, 187, 245, 130, 75, 62, 78, 184, 14, 252, 56, 156,
       126, 41, 236, 17, 2, 187, 159, 165, 57, 190, 247, 67, 27, 129,
       247, 237, 18, 42, 71, 218, 32, 211, 243, 81, 59, 194, 113, 6, 82,
       88, 245, 57, 225, 180, 79, 93, 63, 127, 224, 254, 0, 159, 31, 0,
       112, 246, 157, 93, 56, 75, 152, 113, 222, 239, 253, 39, 84, 34,
       144, 133, 35, 73, 29, 121, 237, 116, 78, 123, 186, 125, 104, 254,
       72, 187, 55, 133, 112, 182, 188, 126, 106, 137, 186, 113, 254,
       231, 255, 33, 144, 82, 185, 66, 41, 219, 10, 198, 181, 162, 42,
       188, 150, 60, 215, 82, 247, 141, 38, 194, 203, 39, 71, 255, 149,
       52, 221, 135, 224, 220, 99, 254, 193, 174, 213, 169, 89, 2, 140,
       178, 217, 85, 245, 161, 67, 31, 13, 124, 18, 168, 153, 54, 228,
       201, 58, 163, 8, 50, 184, 114, 215, 7, 30, 146, 75, 211, 12, 245,
       238, 66, 174, 166, 157, 105, 208, 184, 199, 191, 29, 204, 177,
       172, 254, 102, 214, 199, 59, 251, 145, 22, 75, 194, 243, 143, 54,
       218, 251, 18, 4, 175, 222, 110, 112, 188, 114, 237, 125, 209, 216,
       219, 255, 181, 29, 206, 252, 95, 175, 157, 69, 253, 23, 150, 103,
       186, 144, 91, 91, 85, 255, 194, 127, 223, 215, 221, 27, 158, 181,
       172, 14, 124, 51, 169, 218, 22, 245, 159, 55, 131, 107, 166, 117,
       253, 93, 245, 205, 147, 200, 204, 243, 126, 192, 12, 165, 169, 17,
       215, 76, 111, 158, 6, 198, 175, 224, 252, 194, 194, 146, 113, 230,
       55, 103, 114, 229, 56, 239, 105, 197, 60, 238, 177, 42, 203, 0,
       45, 243, 49, 116, 169, 228, 90, 97, 116, 143, 123, 117, 112, 1,
       100, 20, 23, 129, 66, 17, 18, 12, 2, 124, 114, 188, 208, 31, 111,
       169, 36, 100, 104, 128, 202, 160, 48, 184, 24, 114, 106, 141, 85,
       251, 171, 63, 180, 13, 55, 187, 67, 16, 167, 147, 77, 2, 90, 107,
       154, 53, 219, 203, 117, 60, 104, 0, 66, 139, 114, 188, 149, 250,
       205, 237, 84, 199, 155, 31, 160, 25, 174, 252, 100, 95, 233, 179,
       234, 16, 58, 111, 250, 241, 155, 146, 86, 123, 208, 72, 198, 94,
       112, 235, 81, 105, 73, 221, 86, 101, 235, 37, 168, 8, 171, 138, 4,
       146, 200, 149, 238, 65, 78, 43, 194, 149, 183, 245, 1, 59, 99, 14,
       206, 142, 109, 70, 241, 71, 116, 10, 110, 184, 113, 234, 119, 236,
       91, 97, 157, 244, 54, 196, 36, 238, 225, 180, 237, 14, 38, 239,
       101, 132, 111, 243, 82, 33, 30, 71, 246, 231, 215, 154, 254, 240,
       189, 162, 91, 199, 205, 235, 57, 192, 126, 125, 191, 239, 228,
       241, 29, 238, 246, 111, 207, 132, 47, 247, 41, 128, 37, 103, 65,
       237, 124, 15, 238, 120, 87, 168, 249, 78, 211, 73, 153, 32, 94,
       236, 22, 110, 233, 178, 93, 158, 172, 142, 165, 164, 125, 187, 80,
       160, 90, 176, 62, 188, 47, 205, 177, 99, 174, 37, 226, 49, 174,
       158, 38, 80, 234, 53, 239, 1, 20, 143, 146, 212, 209, 247, 90,
       123, 80, 8, 39, 219, 130, 186, 62, 152, 123, 213, 184, 99, 189,
       13, 211, 179, 172, 158, 38, 73, 238, 57, 235, 129, 54, 207, 130,
       197, 159, 115, 90, 75, 128, 4, 45, 223, 32, 228, 125, 81, 68, 143,
       229, 54, 116, 38, 102, 12, 211, 1, 20, 17, 25, 8, 2, 46, 227, 252,
       113, 29, 103, 138, 21, 64, 105, 154, 86, 176, 120, 177, 121, 225,
       52, 79, 121, 55, 109, 160, 238, 8, 159, 23, 0, 112, 226, 158, 127,
       8, 73, 152, 113, 221, 247, 253, 22, 20, 34, 128, 198, 59, 52, 126,
       235, 235, 244, 239, 255, 252, 62, 238, 121, 231, 113, 255, 185,
       80, 255, 255, 23, 227, 17, 182, 232, 186, 253, 239, 175, 172, 181,
