%YAML:1.0
---
descriptors: !!opencv-matrix
   rows: 220
   cols: 32
   dt: u
   data: [ 12, 113, 57, 101, 96, 78, 119, 56, 108, 136, 119, 72, 223, 23,
       9, 48, 180, 92, 71, 106, 193, 176, 49, 12, 231, 217, 37, 4, 64,
       186, 71, 179, 144, 141, 110, 107, 150, 139, 239, 229, 244, 0, 238,
       2, 243, 91, 48, 97, 122, 242, 91, 235, 104, 185, 29, 125, 249,
       169, 142, 65, 117, 130, 225, 10, 232, 169, 190, 251, 173, 205,
       116, 167, 255, 59, 166, 16, 190, 185, 96, 91, 129, 103, 123, 88,
       114, 109, 219, 177, 239, 251, 86, 91, 210, 88, 193, 42, 191, 190,
       230, 159, 252, 51, 239, 251, 87, 230, 94, 255, 73, 232, 191, 213,
       127, 238, 183, 175, 253, 214, 207, 255, 60, 126, 207, 196, 191,
       252, 250, 213, 205, 232, 191, 255, 237, 140, 124, 156, 255, 155,
       166, 16, 254, 255, 93, 123, 193, 122, 123, 94, 227, 69, 251, 241,
       207, 251, 215, 42, 130, 113, 115, 170, 218, 134, 43, 154, 218,
       112, 159, 111, 52, 79, 221, 176, 188, 102, 170, 245, 127, 147,
       158, 163, 115, 15, 46, 95, 240, 39, 186, 157, 20, 196, 167, 249,
       118, 162, 236, 58, 143, 177, 152, 75, 222, 87, 149, 159, 76, 232,
       126, 11, 237, 131, 235, 149, 158, 111, 158, 209, 154, 83, 219,
       127, 221, 76, 187, 214, 187, 254, 235, 134, 102, 16, 239, 117,
       121, 202, 94, 231, 121, 172, 182, 33, 126, 237, 55, 239, 229, 255,
       166, 239, 118, 105, 238, 168, 111, 244, 115, 253, 8, 223, 123,
       101, 112, 78, 111, 180, 36, 108, 126, 109, 247, 87, 128, 112, 94,
       252, 95, 110, 201, 176, 113, 47, 229, 237, 32, 128, 96, 178, 70,
       121, 251, 223, 106, 95, 102, 16, 237, 117, 121, 72, 127, 230, 121,
       172, 182, 101, 126, 237, 55, 239, 229, 250, 174, 239, 118, 105,
       234, 136, 111, 166, 114, 253, 8, 140, 136, 191, 25, 133, 89, 167,
       22, 31, 204, 21, 180, 191, 34, 80, 201, 43, 59, 132, 58, 136, 83,
       63, 235, 247, 158, 73, 24, 0, 172, 218, 169, 29, 121, 101, 116,
       78, 111, 55, 113, 238, 126, 8, 243, 55, 144, 48, 26, 238, 20, 40,
       233, 248, 241, 14, 111, 255, 37, 0, 98, 226, 70, 233, 203, 151,
       113, 220, 246, 182, 31, 63, 93, 75, 94, 118, 252, 62, 172, 116,
       215, 55, 21, 45, 243, 154, 33, 255, 170, 255, 62, 202, 150, 204,
       161, 125, 40, 174, 176, 73, 125, 189, 194, 202, 83, 45, 44, 44,
       162, 136, 198, 148, 153, 106, 194, 16, 142, 58, 238, 51, 46, 84,
       1, 127, 210, 10, 94, 140, 214, 236, 150, 151, 229, 168, 60, 231,
       62, 187, 218, 19, 236, 98, 74, 91, 237, 255, 174, 147, 126, 220,
       203, 227, 188, 54, 223, 3, 132, 116, 169, 159, 181, 67, 77, 111,
       38, 26, 238, 184, 116, 232, 243, 230, 211, 72, 153, 225, 126, 228,
       126, 239, 237, 180, 109, 44, 244, 171, 227, 148, 109, 187, 120,
       21, 162, 33, 163, 84, 197, 197, 165, 71, 219, 142, 116, 26, 32,
       152, 244, 44, 216, 58, 18, 9, 98, 254, 226, 195, 5, 24, 212, 43,
       71, 92, 246, 238, 41, 177, 17, 67, 245, 207, 99, 13, 110, 97, 107,
       8, 214, 149, 136, 180, 144, 30, 98, 8, 19, 184, 249, 23, 37, 156,
       1, 118, 194, 10, 198, 160, 54, 200, 244, 247, 215, 198, 126, 177,
       83, 191, 115, 3, 105, 123, 93, 91, 251, 237, 181, 211, 206, 252,
       91, 229, 47, 223, 215, 199, 167, 162, 212, 14, 104, 9, 22, 92, 77,
       217, 68, 103, 249, 34, 96, 8, 34, 177, 5, 149, 136, 228, 98, 72,
       72, 59, 194, 61, 55, 210, 85, 51, 66, 56, 206, 174, 249, 189, 16,
       242, 177, 157, 74, 221, 51, 41, 244, 88, 63, 211, 200, 245, 148,
       153, 20, 120, 187, 94, 216, 191, 251, 217, 37, 248, 170, 128, 202,
       41, 41, 125, 211, 79, 117, 95, 230, 253, 125, 232, 104, 76, 114,
       240, 133, 180, 152, 110, 82, 106, 197, 184, 56, 46, 39, 188, 5,
       50, 91, 58, 202, 188, 11, 221, 99, 159, 117, 223, 190, 230, 95,
       64, 92, 67, 168, 220, 183, 164, 216, 42, 146, 71, 231, 184, 124,
       255, 38, 94, 138, 131, 95, 31, 121, 220, 86, 188, 190, 190, 190,
       219, 55, 236, 158, 183, 70, 55, 244, 255, 107, 75, 179, 127, 251,
       19, 118, 73, 187, 63, 255, 231, 127, 127, 144, 120, 149, 251, 33,
       141, 150, 95, 197, 62, 228, 167, 127, 143, 106, 16, 226, 96, 28,
       122, 185, 110, 98, 28, 48, 248, 115, 98, 47, 190, 86, 0, 194, 241,
       194, 140, 221, 240, 188, 126, 41, 61, 87, 184, 239, 30, 180, 25,
       255, 91, 75, 59, 167, 209, 236, 98, 236, 101, 251, 51, 243, 251,
       101, 31, 98, 241, 78, 67, 194, 76, 150, 190, 93, 132, 232, 102,
       188, 128, 226, 19, 164, 187, 33, 65, 232, 235, 107, 193, 96, 239,
       18, 239, 181, 178, 90, 10, 0, 120, 33, 138, 252, 177, 251, 224,
       244, 205, 91, 89, 50, 73, 117, 125, 23, 255, 74, 48, 156, 187, 21,
       88, 187, 122, 248, 19, 255, 205, 165, 236, 233, 128, 198, 243,
       130, 109, 50, 152, 235, 241, 190, 199, 173, 30, 220, 179, 172,
       158, 103, 206, 239, 179, 219, 145, 114, 15, 130, 243, 183, 16, 30,
       171, 150, 84, 173, 207, 248, 132, 16, 254, 157, 5, 92, 109, 151,
       27, 241, 25, 111, 251, 56, 209, 217, 147, 111, 129, 122, 39, 219,
       151, 243, 251, 210, 123, 83, 10, 250, 10, 181, 101, 237, 98, 204,
       71, 207, 216, 66, 250, 181, 74, 83, 93, 217, 59, 89, 196, 116,
       254, 201, 103, 255, 56, 123, 203, 229, 60, 125, 251, 114, 240, 4,
       52, 187, 243, 244, 234, 115, 210, 238, 207, 127, 50, 150, 247,
       105, 122, 227, 26, 31, 16, 50, 184, 104, 226, 237, 148, 54, 192,
       128, 75, 229, 243, 92, 42, 243, 112, 114, 193, 51, 210, 166, 141,
       110, 160, 47, 135, 97, 80, 38, 189, 239, 208, 2, 155, 162, 112,
       217, 164, 34, 201, 162, 129, 39, 235, 137, 212, 219, 249, 108,
       173, 109, 23, 236, 83, 127, 214, 157, 199, 248, 98, 103, 9, 62,
       12, 227, 48, 190, 209, 228, 221, 54, 172, 28, 216, 129, 177, 13,
       188, 121, 249, 236, 205, 109, 51, 236, 82, 119, 80, 153, 147, 208,
       106, 111, 41, 94, 158, 211, 60, 102, 226, 205, 223, 178, 232, 92,
       137, 161, 176, 8, 189, 83, 92, 211, 210, 39, 231, 59, 9, 104, 104,
       60, 183, 132, 244, 38, 255, 194, 200, 81, 154, 160, 127, 63, 188,
       4, 74, 98, 128, 166, 169, 44, 185, 83, 65, 115, 219, 163, 96, 127,
       41, 123, 104, 30, 149, 132, 180, 50, 60, 70, 120, 83, 184, 169,
       29, 61, 220, 33, 102, 98, 10, 71, 165, 212, 149, 222, 246, 154,
       98, 95, 248, 178, 150, 189, 19, 91, 119, 107, 91, 127, 215, 125,
       250, 120, 199, 155, 110, 251, 171, 231, 92, 177, 243, 100, 226,
       48, 175, 30, 170, 145, 130, 2, 239, 134, 13, 232, 33, 102, 227,
       40, 81, 216, 250, 136, 112, 58, 171, 8, 61, 248, 165, 134, 85,
       208, 74, 174, 138, 91, 50, 118, 108, 43, 31, 248, 80, 45, 232,
       214, 173, 15, 157, 150, 36, 166, 53, 253, 37, 132, 195, 161, 216,
       211, 249, 43, 146, 70, 164, 39, 215, 106, 59, 240, 4, 235, 120,
       176, 7, 171, 245, 188, 169, 12, 190, 199, 158, 135, 119, 237, 17,
       22, 75, 226, 64, 30, 117, 85, 191, 198, 100, 143, 95, 180, 76,
       255, 231, 22, 98, 91, 208, 97, 180, 254, 162, 123, 63, 157, 51,
       106, 213, 4, 250, 40, 179, 105, 232, 242, 233, 166, 4, 229, 243,
       102, 104, 166, 132, 132, 154, 201, 177, 156, 239, 22, 23, 193,
       147, 73, 234, 110, 201, 89, 139, 163, 149, 62, 78, 79, 243, 59,
       70, 223, 111, 145, 92, 188, 142, 189, 78, 235, 250, 182, 131, 207,
       212, 214, 202, 222, 230, 113, 207, 177, 96, 127, 234, 30, 222,
       235, 167, 44, 174, 250, 207, 167, 128, 189, 250, 112, 249, 254,
       48, 253, 242, 239, 253, 249, 219, 155, 255, 181, 30, 158, 190, 79,
       59, 239, 147, 255, 145, 187, 103, 250, 208, 223, 219, 219, 255,
       205, 77, 223, 243, 164, 172, 156, 247, 140, 239, 106, 170, 254,
       179, 163, 24, 247, 235, 89, 91, 217, 111, 104, 26, 58, 252, 219,
       43, 205, 175, 247, 81, 192, 105, 82, 2, 174, 123, 240, 191, 230,
       137, 190, 208, 30, 198, 80, 231, 173, 204, 167, 132, 126, 123,
       135, 71, 199, 244, 78, 251, 100, 86, 47, 168, 127, 255, 157, 217,
       46, 179, 248, 225, 252, 63, 248, 89, 95, 253, 181, 123, 206, 124,
       206, 152, 255, 157, 223, 49, 150, 114, 73, 208, 222, 223, 167,
