%YAML:1.0
---
descriptors: !!opencv-matrix
   rows: 204
   cols: 32
   dt: u
   data: [ 73, 177, 188, 65, 172, 28, 253, 159, 106, 249, 62, 20, 154,
       61, 220, 106, 133, 86, 125, 24, 146, 104, 243, 64, 79, 191, 119,
       212, 202, 192, 201, 57, 150, 140, 150, 147, 229, 114, 190, 231,
       62, 23, 219, 51, 236, 58, 110, 207, 233, 215, 174, 145, 54, 252,
       9, 227, 189, 54, 222, 67, 130, 92, 189, 143, 38, 237, 144, 142,
       223, 107, 182, 232, 158, 166, 185, 27, 204, 232, 105, 134, 249,
       211, 202, 99, 96, 35, 74, 254, 61, 22, 143, 63, 215, 127, 221,
       134, 213, 72, 77, 167, 38, 10, 78, 184, 100, 234, 211, 198, 211,
       106, 153, 99, 126, 228, 124, 239, 237, 244, 221, 44, 240, 235,
       231, 148, 45, 187, 120, 17, 74, 131, 134, 158, 75, 160, 184, 70,
       175, 29, 216, 167, 172, 207, 98, 206, 238, 59, 171, 149, 2, 15,
       130, 241, 21, 48, 154, 203, 22, 6, 37, 219, 205, 120, 211, 105,
       112, 220, 235, 16, 120, 72, 112, 88, 155, 209, 213, 240, 54, 184,
       20, 218, 131, 180, 176, 66, 7, 253, 34, 8, 75, 131, 99, 161, 130,
       167, 21, 155, 252, 169, 168, 175, 158, 57, 16, 249, 180, 226, 200,
       1, 207, 27, 107, 17, 50, 74, 75, 215, 12, 18, 254, 254, 156, 72,
       129, 137, 216, 248, 189, 235, 57, 204, 51, 172, 174, 53, 130, 17,
       253, 215, 64, 114, 162, 117, 121, 80, 66, 13, 251, 51, 233, 229,
       47, 125, 0, 2, 5, 122, 32, 181, 57, 251, 253, 205, 213, 175, 31,
       127, 45, 25, 150, 61, 78, 16, 157, 27, 83, 16, 115, 106, 123, 151,
       111, 223, 21, 126, 208, 72, 199, 250, 25, 220, 58, 255, 16, 135,
       67, 182, 214, 13, 206, 68, 247, 115, 32, 96, 81, 50, 12, 8, 170,
       141, 121, 63, 225, 175, 32, 16, 56, 10, 32, 43, 1, 162, 29, 249,
       236, 137, 120, 159, 94, 25, 120, 112, 182, 131, 232, 96, 195, 10,
       6, 28, 19, 120, 67, 17, 206, 154, 52, 108, 152, 136, 193, 137,
       247, 127, 237, 38, 206, 7, 207, 248, 2, 226, 153, 207, 83, 100,
       217, 35, 95, 196, 125, 239, 237, 99, 255, 42, 248, 10, 229, 188,
       125, 251, 242, 240, 243, 73, 102, 172, 13, 18, 78, 233, 229, 162,
       178, 2, 99, 74, 53, 247, 120, 228, 108, 239, 108, 231, 13, 173,
       176, 234, 199, 21, 37, 62, 112, 12, 35, 249, 225, 82, 255, 221,
       190, 206, 91, 225, 124, 138, 168, 252, 214, 172, 191, 123, 242,
       93, 151, 122, 254, 241, 62, 28, 29, 238, 199, 158, 219, 252, 79,
       178, 253, 83, 170, 253, 57, 146, 175, 127, 53, 252, 158, 183, 206,
       191, 7, 23, 254, 28, 179, 77, 255, 240, 206, 219, 115, 254, 206,
       197, 15, 117, 244, 96, 215, 116, 75, 104, 68, 64, 225, 242, 162,
       24, 83, 54, 69, 59, 40, 197, 104, 226, 41, 103, 211, 72, 145, 170,
       213, 27, 225, 113, 102, 14, 24, 157, 83, 239, 50, 194, 54, 247,
       53, 0, 90, 226, 125, 115, 160, 228, 119, 255, 158, 168, 67, 153,
       29, 255, 188, 231, 46, 128, 63, 138, 33, 57, 61, 205, 115, 79,
       244, 75, 111, 252, 117, 228, 254, 74, 83, 97, 185, 52, 122, 206,
       23, 234, 217, 178, 125, 62, 125, 172, 165, 196, 119, 251, 246,
       160, 242, 26, 184, 221, 143, 60, 144, 11, 27, 63, 84, 31, 174,
       188, 71, 79, 167, 91, 189, 17, 182, 120, 243, 225, 143, 118, 90,
       187, 146, 77, 13, 207, 201, 198, 159, 247, 124, 41, 105, 158, 222,
       123, 95, 212, 221, 227, 248, 107, 163, 7, 110, 44, 163, 85, 175,
       211, 196, 255, 127, 172, 142, 216, 1, 161, 74, 214, 190, 208, 105,
       189, 189, 167, 175, 63, 62, 61, 204, 190, 238, 143, 173, 21, 255,
       129, 196, 101, 51, 208, 135, 211, 89, 231, 194, 84, 141, 87, 245,
       139, 77, 183, 198, 137, 111, 176, 47, 178, 178, 238, 115, 66, 205,
       91, 105, 238, 46, 222, 91, 252, 205, 247, 220, 138, 247, 100, 45,
       171, 80, 48, 24, 253, 191, 180, 250, 200, 53, 231, 190, 223, 90,
       161, 188, 255, 96, 226, 167, 127, 239, 129, 85, 249, 162, 127,
       253, 167, 127, 203, 160, 96, 165, 251, 2, 176, 24, 177, 93, 141,
       176, 75, 142, 121, 1, 31, 140, 216, 106, 136, 169, 9, 203, 21, 22,
       43, 26, 209, 12, 20, 27, 127, 152, 12, 137, 134, 37, 167, 201, 71,
       220, 46, 78, 175, 35, 178, 169, 72, 211, 97, 92, 146, 89, 198, 81,
       126, 90, 114, 201, 45, 172, 158, 133, 116, 229, 243, 210, 32, 45,
       255, 185, 79, 240, 159, 207, 190, 126, 173, 126, 68, 242, 230,
       193, 180, 221, 110, 38, 92, 211, 184, 249, 51, 109, 159, 37, 244,
       216, 242, 194, 249, 65, 180, 189, 123, 169, 125, 148, 191, 110,
       123, 61, 92, 222, 60, 76, 58, 149, 19, 254, 16, 211, 104, 251, 17,
       239, 223, 117, 126, 216, 72, 195, 187, 77, 59, 146, 185, 237, 188,
       48, 19, 58, 137, 94, 112, 157, 179, 193, 234, 199, 126, 182, 16,
       22, 216, 195, 130, 206, 245, 62, 203, 138, 100, 155, 131, 206,
       173, 18, 138, 233, 113, 190, 235, 170, 150, 61, 25, 172, 238, 99,
       131, 203, 75, 251, 162, 54, 75, 186, 242, 189, 208, 143, 175, 146,
       119, 175, 222, 205, 171, 146, 177, 241, 180, 185, 87, 54, 185, 86,
       16, 157, 179, 194, 160, 205, 63, 215, 152, 50, 90, 194, 130, 237,
       213, 191, 237, 138, 4, 171, 131, 233, 201, 81, 65, 96, 140, 97,
       17, 121, 32, 98, 72, 147, 19, 128, 244, 80, 188, 36, 72, 75, 52,
       241, 23, 135, 252, 0, 0, 98, 144, 66, 40, 134, 245, 22, 155, 237,
       249, 188, 205, 239, 22, 93, 9, 140, 194, 111, 143, 171, 27, 194,
       114, 86, 96, 154, 208, 167, 208, 79, 47, 18, 94, 143, 198, 24, 41,
       19, 225, 25, 79, 67, 70, 36, 33, 234, 0, 183, 147, 0, 80, 32, 152,
       73, 72, 10, 153, 209, 0, 241, 196, 2, 16, 32, 2, 37, 42, 118, 96,
       213, 69, 74, 106, 224, 200, 43, 243, 163, 8, 214, 118, 77, 58, 57,
       213, 104, 243, 9, 119, 217, 64, 157, 150, 71, 52, 225, 115, 71,
       162, 37, 180, 61, 227, 252, 79, 113, 43, 31, 121, 49, 24, 214, 61,
       76, 40, 153, 27, 87, 56, 51, 120, 121, 87, 77, 158, 85, 118, 216,
       8, 199, 242, 24, 141, 30, 171, 149, 163, 226, 231, 100, 1, 234, 2,
       99, 49, 32, 192, 120, 138, 10, 248, 24, 185, 1, 61, 249, 197, 134,
       65, 241, 74, 248, 138, 29, 15, 146, 253, 181, 182, 106, 18, 119,
       139, 222, 84, 171, 242, 163, 236, 93, 110, 180, 152, 159, 216,
       161, 170, 138, 255, 178, 129, 170, 229, 40, 173, 242, 174, 150,
       60, 219, 187, 144, 231, 159, 183, 226, 185, 38, 232, 102, 156,
       201, 251, 235, 17, 62, 239, 194, 191, 154, 118, 93, 123, 195, 76,
       142, 142, 56, 140, 146, 168, 213, 163, 162, 207, 22, 3, 232, 75,
       2, 224, 32, 208, 249, 170, 130, 16, 30, 191, 128, 191, 185, 230,
       146, 107, 145, 74, 250, 130, 121, 218, 91, 159, 100, 212, 103, 53,
       41, 78, 246, 103, 56, 150, 166, 242, 236, 237, 166, 198, 201, 190,
       240, 237, 180, 167, 250, 130, 41, 58, 228, 121, 126, 51, 240, 114,
       249, 252, 89, 211, 163, 189, 189, 40, 11, 151, 207, 158, 7, 214,
       213, 152, 26, 75, 234, 224, 219, 221, 21, 255, 227, 199, 206, 103,
       120, 49, 88, 96, 218, 205, 81, 92, 162, 165, 172, 13, 23, 151, 66,
       16, 17, 158, 69, 24, 26, 11, 218, 16, 219, 133, 37, 121, 96, 130,
       198, 163, 114, 225, 208, 254, 31, 9, 90, 136, 171, 176, 161, 11,
       107, 251, 77, 22, 187, 213, 121, 226, 14, 99, 202, 241, 187, 250,
       197, 63, 101, 51, 74, 6, 120, 168, 159, 112, 137, 237, 113, 215,
       171, 19, 164, 24, 30, 183, 64, 27, 161, 146, 104, 24, 26, 111,
       146, 16, 219, 219, 84, 125, 194, 80, 231, 34, 118, 164, 208, 250,
       93, 137, 202, 232, 219, 176, 169, 10, 166, 202, 124, 18, 249, 233,
       67, 115, 10, 99, 202, 243, 184, 156, 143, 62, 81, 42, 83, 130,
       248, 72, 23, 252, 13, 210, 84, 70, 197, 14, 226, 17, 42, 185, 33,
       203, 200, 244, 235, 64, 108, 47, 130, 185, 211, 243, 208, 27, 114,
       60, 124, 10, 217, 90, 78, 191, 38, 10, 109, 52, 180, 66, 214, 231,
       247, 3, 147, 75, 102, 228, 127, 207, 229, 213, 5, 44, 244, 171,
       242, 128, 44, 184, 121, 89, 207, 160, 252, 81, 235, 185, 121, 130,
       239, 115, 37, 152, 157, 158, 222, 63, 39, 151, 251, 28, 182, 101,
       255, 208, 95, 91, 83, 127, 198, 197, 67, 116, 181, 237, 125, 108,
