%YAML:1.0
---
descriptors: !!opencv-matrix
   rows: 235
   cols: 32
   dt: u
   data: [ 203, 94, 191, 30, 162, 124, 189, 183, 184, 206, 94, 245, 188,
       38, 131, 251, 135, 115, 222, 5, 229, 204, 38, 106, 164, 55, 126,
       130, 140, 116, 167, 125, 80, 78, 218, 164, 82, 224, 59, 194, 36,
       132, 78, 163, 44, 231, 35, 80, 54, 255, 171, 194, 0, 155, 144,
       106, 241, 165, 10, 11, 32, 115, 37, 90, 250, 190, 172, 58, 173,
       249, 209, 203, 219, 95, 180, 57, 42, 236, 118, 159, 201, 163, 237,
       17, 62, 111, 226, 179, 219, 83, 84, 123, 211, 76, 222, 79, 148,
       239, 155, 254, 250, 105, 55, 238, 150, 166, 152, 187, 213, 231,
       105, 3, 251, 115, 79, 243, 112, 71, 234, 62, 253, 135, 111, 189,
       176, 123, 167, 227, 132, 159, 124, 107, 242, 42, 191, 184, 60, 24,
       115, 245, 211, 109, 156, 17, 55, 87, 69, 102, 243, 248, 77, 127,
       110, 171, 32, 196, 93, 129, 199, 49, 24, 0, 251, 97, 50, 106, 121,
       22, 121, 67, 118, 48, 159, 23, 136, 56, 50, 28, 21, 56, 17, 148,
       33, 66, 199, 239, 50, 0, 226, 193, 71, 161, 63, 197, 107, 249,
       214, 7, 239, 248, 87, 226, 253, 198, 89, 111, 189, 33, 127, 233,
       23, 239, 233, 178, 109, 222, 254, 207, 231, 228, 255, 251, 112,
       176, 161, 169, 25, 81, 100, 237, 96, 51, 121, 1, 110, 8, 178, 19,
       4, 49, 128, 42, 18, 8, 19, 248, 82, 101, 199, 185, 80, 64, 72,
       128, 74, 170, 181, 95, 110, 77, 182, 3, 239, 253, 84, 236, 254,
       230, 83, 101, 183, 101, 126, 196, 63, 234, 232, 177, 37, 30, 118,
       171, 231, 132, 117, 250, 116, 249, 3, 237, 93, 255, 254, 137, 174,
       174, 62, 178, 250, 130, 253, 226, 213, 241, 111, 123, 126, 203,
       99, 88, 207, 255, 172, 187, 255, 160, 29, 241, 137, 168, 202, 56,
       151, 220, 139, 252, 48, 66, 187, 158, 166, 24, 172, 183, 97, 255,
       224, 119, 234, 16, 53, 79, 178, 224, 147, 243, 90, 59, 130, 117,
       47, 190, 165, 81, 125, 69, 116, 79, 231, 56, 116, 224, 119, 76,
       211, 21, 157, 37, 94, 220, 86, 106, 233, 180, 125, 14, 101, 168,
       33, 4, 109, 187, 82, 240, 74, 180, 182, 178, 235, 233, 185, 207,
       171, 55, 29, 187, 12, 191, 110, 31, 167, 19, 255, 17, 18, 95, 138,
       209, 93, 86, 95, 255, 134, 68, 135, 203, 244, 237, 83, 238, 252,
       11, 110, 236, 87, 160, 240, 26, 115, 235, 61, 81, 250, 239, 79,
       227, 120, 235, 201, 255, 184, 184, 135, 124, 37, 187, 240, 168,
       190, 14, 46, 190, 77, 227, 217, 65, 149, 30, 213, 19, 107, 237,
       51, 75, 232, 161, 151, 167, 56, 231, 34, 154, 83, 99, 224, 153,
       247, 109, 116, 226, 57, 205, 121, 77, 180, 31, 231, 189, 100, 40,
       126, 66, 243, 89, 156, 112, 120, 158, 78, 106, 201, 184, 125, 61,
       111, 237, 37, 68, 103, 154, 210, 168, 213, 83, 63, 230, 42, 70,
       95, 185, 160, 206, 151, 228, 247, 119, 155, 115, 22, 245, 125,
       238, 233, 197, 189, 44, 243, 171, 111, 144, 44, 179, 37, 113, 75,
       48, 184, 254, 105, 60, 152, 31, 171, 91, 189, 125, 252, 255, 94,
       154, 134, 19, 245, 5, 151, 99, 210, 193, 211, 255, 88, 186, 200,
       64, 139, 27, 254, 212, 231, 26, 137, 249, 87, 136, 239, 87, 165,
       157, 106, 236, 111, 223, 225, 194, 232, 82, 62, 103, 190, 241,
       187, 114, 85, 123, 211, 119, 254, 86, 50, 141, 82, 158, 221, 135,
       190, 228, 157, 4, 216, 2, 100, 248, 48, 64, 216, 251, 147, 225,
       124, 171, 8, 255, 57, 54, 142, 75, 85, 42, 252, 142, 223, 24, 60,
       121, 41, 191, 88, 152, 175, 120, 133, 205, 222, 31, 69, 251, 135,
       53, 253, 126, 157, 69, 91, 213, 203, 251, 73, 246, 154, 167, 9,
       87, 6, 201, 148, 151, 141, 132, 182, 172, 222, 183, 27, 3, 228,
       232, 123, 66, 201, 102, 163, 83, 82, 120, 219, 241, 45, 22, 223,
       67, 148, 123, 29, 142, 223, 227, 246, 26, 237, 113, 86, 204, 255,
       87, 165, 25, 106, 232, 255, 159, 243, 195, 234, 86, 54, 103, 174,
       243, 26, 90, 85, 127, 211, 87, 238, 70, 35, 244, 33, 68, 77, 31,
       199, 125, 105, 234, 172, 72, 186, 21, 148, 180, 29, 180, 82, 46,
       201, 46, 117, 254, 37, 30, 21, 58, 75, 30, 210, 188, 16, 185, 154,
       246, 160, 140, 81, 23, 62, 13, 96, 24, 182, 147, 64, 16, 132, 59,
       69, 0, 82, 184, 146, 67, 193, 245, 50, 11, 0, 0, 135, 43, 53, 16,
       94, 232, 21, 146, 104, 68, 213, 193, 202, 6, 81, 203, 52, 96, 254,
       172, 27, 184, 25, 179, 16, 140, 211, 239, 130, 64, 189, 170, 120,
       128, 208, 74, 254, 127, 34, 130, 60, 54, 180, 142, 210, 225, 245,
       239, 161, 75, 102, 117, 109, 192, 104, 205, 131, 109, 227, 227,
       254, 129, 36, 176, 37, 43, 63, 191, 242, 239, 247, 189, 254, 250,
       127, 160, 255, 171, 123, 253, 252, 112, 254, 251, 151, 255, 158,
       186, 237, 255, 255, 221, 167, 225, 103, 239, 244, 195, 237, 247,
       189, 19, 169, 125, 23, 159, 186, 127, 157, 253, 222, 118, 203,
       191, 197, 86, 220, 54, 183, 69, 248, 34, 239, 211, 127, 246, 154,
       117, 135, 245, 233, 201, 49, 75, 109, 221, 84, 23, 233, 72, 60,
       72, 186, 29, 148, 182, 136, 50, 84, 72, 207, 40, 98, 161, 167,
       217, 36, 186, 82, 154, 198, 175, 248, 252, 60, 186, 141, 157, 85,
       239, 223, 127, 165, 29, 175, 249, 106, 25, 137, 131, 253, 7, 126,
       111, 90, 183, 251, 211, 85, 127, 122, 28, 222, 90, 188, 76, 124,
       255, 39, 123, 86, 216, 117, 6, 116, 42, 127, 123, 33, 153, 250,
       241, 181, 98, 40, 182, 73, 191, 211, 235, 97, 1, 247, 249, 78,
       139, 181, 118, 237, 231, 174, 7, 207, 216, 83, 250, 181, 230, 81,
       127, 223, 123, 127, 220, 63, 254, 233, 71, 253, 186, 251, 139,
       231, 188, 189, 251, 112, 241, 77, 176, 152, 174, 108, 44, 217, 25,
       42, 115, 37, 29, 221, 251, 90, 26, 151, 77, 113, 45, 151, 70, 218,
       209, 199, 253, 75, 108, 216, 99, 139, 210, 203, 237, 238, 127,
       255, 156, 127, 189, 246, 244, 78, 128, 249, 223, 210, 98, 39, 127,
       251, 220, 194, 89, 191, 255, 111, 249, 183, 200, 38, 150, 231,
       234, 152, 148, 252, 113, 235, 126, 117, 159, 61, 95, 118, 53, 223,
       63, 10, 219, 167, 147, 255, 32, 48, 212, 51, 3, 215, 203, 112, 7,
       226, 208, 175, 219, 252, 244, 156, 250, 137, 236, 92, 175, 187,
       63, 165, 25, 143, 255, 72, 91, 197, 215, 237, 16, 122, 79, 219,
       51, 251, 243, 95, 127, 146, 80, 143, 26, 252, 60, 190, 254, 137,
       245, 92, 75, 183, 151, 165, 25, 239, 239, 67, 27, 205, 243, 237,
       144, 58, 79, 250, 179, 219, 211, 93, 59, 210, 113, 174, 114, 157,
       212, 44, 173, 32, 14, 159, 252, 56, 106, 77, 28, 223, 119, 26, 49,
       149, 85, 85, 111, 225, 213, 185, 63, 225, 235, 111, 148, 8, 243,
       131, 241, 152, 80, 39, 171, 61, 199, 147, 72, 196, 76, 211, 39,
       231, 205, 59, 65, 216, 33, 47, 103, 202, 167, 49, 157, 209, 225,
       170, 16, 16, 14, 53, 115, 29, 142, 229, 181, 118, 10, 239, 184,
       124, 234, 114, 230, 219, 105, 145, 225, 127, 228, 62, 175, 225,
       240, 77, 206, 236, 239, 231, 132, 175, 232, 112, 225, 47, 32, 111,
       229, 116, 27, 235, 120, 125, 224, 119, 198, 89, 109, 157, 36, 126,
       141, 119, 175, 137, 240, 101, 204, 86, 255, 163, 128, 111, 174,
       114, 241, 189, 15, 229, 101, 180, 14, 239, 184, 116, 170, 250,
       198, 211, 105, 145, 229, 127, 236, 46, 239, 233, 244, 109, 142,
       236, 239, 231, 132, 239, 254, 112, 33, 22, 143, 206, 183, 135, 32,
       252, 199, 63, 23, 82, 215, 109, 42, 94, 203, 235, 207, 183, 151,
       62, 216, 15, 225, 190, 227, 222, 195, 173, 124, 185, 202, 121, 72,
       94, 110, 76, 26, 66, 96, 68, 160, 243, 74, 115, 0, 17, 240, 120,
       228, 110, 234, 76, 179, 101, 44, 145, 233, 160, 17, 97, 187, 122,
       136, 197, 88, 60, 242, 13, 173, 90, 144, 235, 248, 167, 12, 223,
       27, 87, 122, 133, 229, 125, 223, 141, 69, 219, 240, 203, 219, 203,
       116, 136, 51, 75, 18, 58, 168, 246, 188, 125, 212, 216, 198, 139,
       93, 180, 11, 46, 220, 54, 142, 234, 243, 247, 209, 14, 239, 50,
       237, 27, 123, 218, 219, 87, 12, 124, 95, 211, 252, 3, 172, 27,
       159, 30, 253, 63, 232, 128, 221, 142, 214, 66, 213, 245, 197, 221,
