%YAML:1.0
---
descriptors: !!opencv-matrix
   rows: 469
   cols: 32
   dt: u
   data: [ 167, 60, 126, 222, 254, 247, 186, 202, 159, 94, 84, 187, 44,
       252, 55, 45, 255, 123, 147, 243, 182, 231, 62, 255, 31, 90, 203,
       187, 213, 109, 59, 215, 59, 248, 122, 112, 123, 221, 208, 230,
       175, 232, 60, 41, 58, 156, 86, 48, 174, 185, 213, 65, 207, 43, 50,
       189, 123, 93, 21, 123, 115, 4, 78, 223, 245, 174, 140, 181, 136,
       31, 94, 186, 50, 254, 130, 93, 199, 40, 82, 27, 141, 196, 108,
       103, 252, 70, 209, 22, 218, 243, 101, 53, 200, 121, 154, 82, 115,
       123, 168, 164, 136, 7, 156, 47, 2, 252, 128, 141, 163, 174, 83,
       27, 205, 133, 125, 181, 204, 75, 247, 24, 248, 67, 237, 189, 136,
       116, 158, 94, 213, 166, 140, 187, 168, 28, 76, 188, 254, 247, 135,
       221, 199, 106, 90, 89, 205, 135, 108, 95, 174, 79, 223, 50, 248,
       243, 255, 53, 136, 249, 136, 92, 85, 251, 136, 39, 28, 28, 90,
       148, 226, 229, 138, 141, 215, 168, 82, 82, 132, 197, 108, 85, 159,
       41, 223, 32, 248, 101, 175, 120, 8, 182, 155, 80, 234, 216, 44,
       174, 77, 84, 190, 232, 137, 86, 84, 3, 172, 220, 55, 195, 204,
       121, 147, 195, 228, 39, 250, 251, 87, 121, 202, 171, 23, 63, 127,
       222, 138, 209, 56, 191, 77, 213, 189, 237, 143, 84, 84, 3, 172,
       223, 46, 67, 204, 89, 179, 67, 70, 58, 242, 241, 231, 113, 222,
       107, 18, 28, 189, 218, 186, 157, 38, 157, 89, 215, 152, 107, 157,
       12, 244, 3, 44, 30, 38, 213, 236, 51, 147, 161, 116, 139, 18, 223,
       3, 243, 218, 203, 19, 4, 45, 222, 10, 235, 162, 191, 71, 224, 190,
       197, 30, 71, 89, 163, 172, 238, 62, 128, 254, 123, 147, 199, 66,
       154, 142, 225, 37, 53, 158, 171, 149, 126, 189, 218, 134, 0, 134,
       145, 69, 115, 176, 70, 30, 23, 67, 19, 140, 130, 46, 204, 249, 13,
       163, 145, 6, 212, 17, 192, 5, 50, 218, 71, 144, 12, 189, 134, 125,
       49, 178, 182, 205, 108, 148, 71, 251, 211, 169, 25, 190, 250, 79,
       58, 233, 223, 240, 17, 21, 99, 154, 194, 217, 253, 94, 59, 200,
       124, 171, 158, 3, 33, 233, 197, 110, 145, 185, 87, 75, 117, 85,
       155, 157, 12, 214, 47, 46, 45, 119, 157, 214, 120, 247, 193, 78,
       121, 250, 232, 103, 132, 215, 253, 185, 143, 109, 254, 62, 146,
       207, 121, 213, 74, 221, 230, 113, 233, 176, 96, 127, 162, 63, 44,
       249, 43, 46, 159, 242, 239, 171, 152, 63, 170, 240, 33, 165, 245,
       125, 67, 212, 207, 227, 248, 114, 248, 53, 8, 83, 21, 204, 53, 29,
       220, 82, 122, 241, 246, 249, 30, 111, 136, 37, 100, 99, 171, 70,
       241, 79, 250, 181, 95, 45, 221, 131, 216, 223, 248, 176, 108, 238,
       244, 205, 230, 133, 114, 234, 82, 131, 97, 250, 241, 61, 48, 7,
       58, 90, 63, 77, 117, 21, 180, 173, 183, 140, 4, 95, 184, 228, 210,
       143, 21, 211, 125, 89, 43, 221, 211, 93, 175, 249, 227, 251, 46,
       233, 203, 239, 116, 128, 122, 244, 114, 81, 98, 156, 168, 40, 141,
       89, 17, 174, 29, 164, 77, 135, 131, 66, 18, 164, 169, 108, 28, 14,
       3, 130, 0, 216, 193, 32, 57, 40, 128, 11, 9, 56, 240, 249, 104,
       27, 77, 83, 216, 51, 118, 165, 9, 127, 95, 75, 16, 159, 209, 221,
       226, 42, 103, 123, 19, 251, 201, 33, 61, 115, 51, 102, 115, 232,
       185, 189, 224, 109, 205, 209, 200, 203, 241, 61, 8, 62, 157, 68,
       50, 137, 157, 241, 81, 3, 126, 250, 209, 219, 217, 1, 127, 67, 11,
       71, 170, 210, 151, 91, 236, 242, 66, 189, 125, 169, 65, 189, 246,
       92, 191, 168, 97, 126, 149, 159, 160, 249, 139, 36, 221, 240, 160,
       42, 207, 61, 130, 165, 179, 134, 112, 144, 155, 53, 215, 178, 72,
       30, 47, 81, 19, 204, 222, 111, 204, 217, 25, 147, 19, 38, 148, 89,
       242, 13, 22, 27, 103, 144, 15, 29, 134, 125, 80, 179, 182, 173,
       45, 149, 95, 251, 191, 169, 29, 222, 184, 107, 158, 137, 111, 255,
       7, 140, 103, 186, 194, 209, 254, 86, 58, 210, 124, 195, 75, 94,
       83, 246, 162, 171, 82, 124, 212, 173, 157, 87, 161, 204, 167, 106,
       222, 230, 215, 191, 210, 16, 145, 43, 224, 219, 242, 222, 199,
       162, 215, 173, 83, 118, 221, 255, 183, 241, 70, 127, 230, 61, 25,
       250, 2, 125, 62, 76, 115, 235, 215, 191, 211, 122, 218, 89, 229,
       253, 250, 207, 67, 129, 115, 231, 251, 173, 221, 123, 74, 237,
       125, 247, 230, 193, 90, 252, 24, 26, 253, 127, 55, 201, 194, 215,
       122, 255, 39, 252, 162, 119, 221, 132, 111, 243, 95, 246, 246, 33,
       241, 61, 248, 93, 197, 193, 72, 79, 217, 181, 14, 178, 217, 112,
       32, 216, 168, 19, 29, 11, 107, 122, 221, 223, 154, 203, 126, 88,
       10, 80, 186, 57, 201, 105, 233, 84, 207, 231, 255, 70, 97, 80, 66,
       179, 29, 184, 96, 120, 138, 22, 72, 219, 56, 125, 191, 237, 205,
       182, 112, 119, 136, 212, 232, 18, 150, 228, 151, 173, 115, 188,
       175, 95, 127, 155, 183, 200, 44, 222, 207, 235, 7, 255, 133, 182,
       120, 111, 211, 14, 87, 223, 199, 151, 92, 253, 87, 186, 249, 17,
       186, 89, 197, 82, 230, 163, 64, 232, 9, 63, 159, 32, 176, 232,
       187, 145, 194, 79, 11, 26, 181, 179, 193, 10, 59, 58, 6, 38, 218,
       173, 181, 113, 65, 244, 111, 231, 249, 85, 106, 125, 90, 19, 85,
       156, 180, 31, 136, 22, 106, 241, 182, 125, 158, 38, 28, 33, 100,
       127, 235, 210, 181, 218, 188, 63, 242, 193, 252, 85, 103, 187, 29,
       166, 24, 190, 191, 98, 49, 165, 179, 221, 16, 58, 107, 178, 245,
       219, 241, 86, 11, 130, 64, 167, 127, 74, 189, 63, 248, 155, 193,
       153, 231, 191, 29, 172, 57, 172, 183, 96, 80, 231, 59, 235, 144,
       114, 75, 162, 247, 219, 247, 30, 123, 144, 0, 167, 251, 65, 33,
       172, 37, 140, 30, 141, 13, 130, 245, 138, 141, 211, 44, 91, 74,
       132, 199, 121, 197, 157, 201, 255, 0, 200, 111, 207, 20, 204, 111,
       153, 80, 69, 38, 156, 170, 168, 62, 92, 154, 110, 190, 141, 77,
       215, 98, 67, 90, 149, 199, 108, 6, 140, 64, 139, 48, 222, 243,
       119, 45, 136, 227, 11, 1, 162, 157, 111, 223, 223, 195, 191, 255,
       22, 254, 84, 146, 112, 253, 36, 33, 121, 126, 179, 162, 112, 254,
       123, 255, 111, 11, 253, 193, 55, 233, 244, 250, 67, 57, 146, 149,
       53, 157, 168, 134, 238, 232, 42, 68, 142, 162, 39, 130, 128, 37,
       74, 76, 5, 57, 208, 200, 141, 220, 82, 50, 72, 52, 11, 140, 131,
       137, 97, 139, 149, 215, 162, 232, 76, 72, 89, 6, 232, 88, 191,
       225, 216, 35, 146, 103, 247, 184, 60, 253, 36, 24, 138, 66, 93,
       15, 121, 204, 53, 39, 203, 195, 246, 34, 235, 208, 98, 201, 249,
       230, 17, 168, 252, 96, 127, 206, 6, 252, 155, 178, 173, 224, 60,
       140, 162, 196, 237, 203, 242, 161, 156, 84, 94, 233, 134, 90, 124,
       119, 85, 134, 246, 179, 91, 63, 32, 203, 126, 245, 174, 240, 120,
       245, 1, 142, 254, 235, 102, 65, 183, 248, 228, 3, 154, 135, 66,
       158, 118, 144, 172, 101, 213, 5, 95, 167, 105, 235, 190, 197, 122,
       171, 135, 165, 114, 155, 6, 223, 50, 104, 170, 203, 63, 142, 248,
       141, 31, 52, 235, 160, 148, 102, 233, 91, 85, 201, 222, 151, 25,
       156, 182, 40, 126, 137, 23, 189, 191, 243, 52, 202, 91, 77, 174,
       196, 175, 204, 176, 213, 128, 212, 62, 191, 110, 230, 189, 47,
       156, 94, 83, 23, 220, 254, 46, 75, 231, 51, 59, 39, 96, 197, 59,
       95, 101, 50, 122, 128, 20, 112, 165, 243, 131, 154, 187, 251, 96,
       164, 185, 22, 254, 89, 82, 116, 188, 158, 160, 105, 167, 59, 54,
       29, 147, 220, 34, 241, 69, 187, 58, 194, 152, 0, 161, 161, 19, 15,
       83, 202, 114, 162, 171, 96, 12, 9, 121, 226, 125, 75, 177, 64,
       126, 185, 6, 217, 145, 138, 4, 221, 48, 164, 170, 200, 253, 131,
       33, 161, 131, 220, 183, 223, 207, 102, 181, 254, 223, 254, 95, 86,
       248, 246, 180, 111, 117, 119, 58, 139, 241, 220, 191, 251, 21, 62,
       223, 138, 23, 112, 165, 127, 128, 159, 15, 159, 124, 135, 174,
       182, 140, 202, 90, 231, 244, 126, 180, 65, 231, 115, 63, 231, 225,
       137, 11, 127, 44, 34, 254, 128, 28, 24, 49, 153, 115, 227, 42,
       160, 81, 158, 122, 228, 161, 245, 138, 157, 79, 204, 90, 144, 181,
       141, 221, 245, 205, 211, 188, 148, 186, 65, 141, 231, 44, 22, 190,
