%YAML:1.0
---
descriptors: !!opencv-matrix
   rows: 275
   cols: 32
   dt: u
   data: [ 92, 179, 187, 242, 185, 220, 83, 252, 187, 157, 173, 24, 238,
       215, 72, 22, 149, 223, 253, 122, 90, 67, 186, 163, 219, 213, 31,
       127, 130, 6, 167, 99, 114, 131, 195, 172, 139, 66, 156, 107, 1,
       140, 184, 163, 13, 174, 100, 210, 254, 149, 175, 160, 88, 11, 0,
       200, 153, 244, 143, 159, 181, 38, 166, 91, 131, 137, 102, 175,
       213, 147, 186, 232, 76, 64, 88, 135, 232, 72, 191, 224, 216, 99,
       147, 103, 215, 184, 124, 253, 36, 28, 138, 131, 29, 15, 121, 220,
       130, 193, 1, 137, 149, 131, 190, 165, 29, 5, 90, 2, 236, 42, 56,
       196, 216, 27, 147, 225, 82, 152, 89, 221, 45, 48, 142, 198, 20,
       10, 181, 10, 10, 235, 162, 159, 87, 224, 190, 205, 30, 69, 88,
       163, 168, 238, 63, 136, 223, 107, 147, 133, 134, 146, 142, 225,
       36, 53, 142, 171, 149, 126, 61, 222, 49, 213, 122, 109, 180, 31,
       230, 125, 68, 104, 250, 102, 115, 56, 180, 96, 124, 236, 22, 111,
       205, 179, 85, 29, 50, 173, 32, 128, 125, 186, 248, 157, 31, 145,
       239, 219, 134, 146, 237, 209, 22, 81, 214, 134, 89, 206, 249, 104,
       127, 156, 59, 217, 155, 211, 61, 208, 218, 111, 158, 196, 191,
       156, 244, 248, 17, 34, 203, 225, 150, 171, 105, 87, 118, 35, 194,
       214, 19, 9, 120, 104, 127, 136, 27, 157, 131, 188, 53, 210, 221,
       143, 154, 68, 173, 136, 240, 168, 109, 116, 87, 71, 112, 126, 103,
       176, 97, 234, 107, 124, 122, 119, 140, 246, 21, 244, 116, 42, 225,
       214, 249, 111, 39, 190, 101, 128, 42, 243, 66, 181, 120, 180, 184,
       164, 46, 77, 87, 55, 18, 237, 158, 47, 247, 61, 66, 2, 190, 215,
       253, 33, 236, 107, 209, 11, 251, 229, 105, 59, 44, 170, 30, 91,
       40, 57, 106, 101, 100, 75, 127, 50, 33, 164, 174, 141, 243, 63,
       18, 16, 24, 244, 117, 108, 72, 218, 113, 12, 231, 137, 225, 177,
       97, 232, 86, 250, 49, 211, 111, 239, 52, 194, 233, 116, 196, 73,
       222, 230, 113, 37, 176, 96, 106, 166, 63, 205, 169, 187, 36, 45,
       244, 172, 186, 128, 61, 138, 240, 121, 177, 209, 105, 233, 116,
       199, 239, 255, 70, 105, 252, 66, 51, 29, 184, 32, 88, 154, 23,
       233, 203, 58, 117, 191, 117, 141, 186, 244, 117, 152, 212, 232,
       80, 128, 156, 247, 9, 108, 87, 136, 179, 179, 135, 24, 215, 119,
       72, 122, 161, 214, 121, 10, 25, 65, 219, 35, 211, 243, 223, 21,
       136, 113, 136, 50, 33, 184, 173, 251, 93, 205, 193, 200, 95, 81,
       180, 12, 178, 217, 92, 32, 217, 8, 19, 92, 11, 106, 122, 181, 207,
       154, 151, 124, 88, 10, 80, 250, 211, 148, 173, 191, 12, 103, 157,
       169, 150, 246, 131, 159, 209, 108, 90, 67, 77, 199, 121, 135, 189,
       69, 255, 3, 233, 35, 207, 52, 29, 104, 152, 82, 138, 142, 160,
       219, 253, 177, 251, 207, 31, 31, 92, 51, 172, 223, 190, 100, 219,
       155, 151, 145, 50, 62, 75, 255, 239, 95, 158, 235, 150, 92, 180,
       174, 248, 88, 255, 245, 36, 78, 111, 49, 176, 206, 87, 7, 119,
       247, 161, 83, 102, 244, 61, 42, 104, 213, 176, 8, 241, 171, 230,
       128, 36, 184, 116, 115, 170, 226, 184, 219, 253, 185, 253, 207,
       95, 63, 84, 59, 172, 221, 94, 12, 223, 27, 151, 145, 86, 126, 75,
       243, 79, 93, 159, 239, 215, 92, 213, 175, 138, 170, 210, 147, 243,
       189, 184, 199, 191, 31, 113, 243, 172, 170, 76, 156, 175, 27, 231,
       149, 54, 94, 138, 247, 30, 86, 158, 195, 135, 4, 171, 143, 3, 159,
       63, 139, 116, 199, 175, 255, 28, 76, 90, 247, 244, 124, 180, 33,
       254, 59, 23, 115, 241, 184, 121, 127, 45, 14, 174, 192, 29, 10,
       149, 249, 41, 23, 77, 229, 116, 74, 239, 56, 85, 232, 127, 230,
       211, 117, 153, 100, 126, 220, 54, 238, 169, 240, 109, 142, 110,
       239, 165, 128, 111, 250, 112, 241, 42, 189, 32, 152, 117, 245,
       184, 230, 159, 13, 92, 11, 44, 158, 54, 213, 200, 187, 147, 145,
       38, 26, 112, 223, 63, 85, 138, 235, 18, 12, 60, 206, 138, 209, 61,
       175, 77, 85, 188, 237, 143, 92, 85, 3, 172, 222, 110, 99, 204, 25,
       179, 67, 86, 58, 250, 209, 231, 241, 206, 47, 18, 30, 181, 255,
       128, 222, 31, 159, 126, 135, 174, 182, 156, 90, 90, 247, 244, 126,
       180, 67, 231, 119, 63, 227, 225, 141, 11, 127, 36, 34, 238, 128,
       28, 24, 49, 153, 134, 96, 130, 145, 69, 3, 176, 64, 30, 51, 83,
       19, 132, 136, 116, 77, 232, 9, 131, 17, 22, 244, 1, 192, 5, 16,
       90, 7, 213, 13, 49, 134, 143, 254, 38, 155, 47, 245, 186, 200, 95,
       94, 213, 183, 236, 220, 55, 229, 255, 41, 151, 199, 231, 53, 46,
       247, 6, 88, 139, 139, 95, 15, 125, 215, 249, 7, 75, 205, 212, 18,
       110, 117, 116, 64, 254, 70, 83, 34, 180, 113, 120, 196, 38, 238,
       249, 187, 101, 142, 54, 235, 226, 0, 61, 170, 248, 32, 130, 212,
       63, 223, 44, 230, 189, 37, 188, 94, 83, 19, 212, 254, 44, 75, 231,
       55, 59, 35, 224, 197, 59, 95, 101, 50, 122, 136, 20, 112, 165,
       243, 25, 125, 50, 175, 18, 201, 55, 240, 101, 64, 218, 171, 255,
       121, 11, 64, 122, 251, 78, 195, 78, 187, 77, 109, 244, 228, 38,
       25, 111, 179, 33, 155, 59, 248, 122, 122, 121, 221, 222, 118, 239,
       96, 188, 9, 62, 157, 54, 48, 174, 59, 215, 65, 199, 171, 50, 191,
       115, 221, 16, 59, 95, 28, 74, 223, 18, 150, 236, 151, 143, 115,
       188, 175, 95, 119, 159, 183, 200, 44, 30, 207, 235, 7, 255, 133,
       182, 73, 47, 211, 142, 86, 223, 215, 149, 92, 189, 95, 85, 161,
       172, 37, 140, 30, 141, 141, 130, 245, 142, 141, 211, 44, 91, 74,
       132, 71, 121, 85, 157, 105, 255, 0, 201, 103, 207, 53, 204, 126,
       153, 80, 91, 85, 118, 237, 61, 94, 255, 125, 237, 236, 190, 167,
       239, 127, 151, 246, 254, 245, 255, 231, 205, 161, 117, 205, 243,
       249, 7, 147, 111, 254, 207, 127, 238, 241, 254, 248, 239, 95, 253,
       249, 251, 252, 244, 63, 223, 253, 158, 189, 191, 213, 255, 99,
       189, 227, 251, 253, 255, 219, 103, 255, 231, 173, 207, 247, 83,
       223, 75, 190, 82, 134, 175, 117, 176, 202, 218, 199, 117, 110,
       176, 65, 126, 231, 23, 239, 225, 155, 20, 239, 240, 38, 238, 128,
       45, 242, 177, 153, 12, 180, 55, 187, 245, 237, 233, 216, 62, 95,
       121, 16, 221, 213, 57, 141, 51, 26, 19, 27, 51, 244, 58, 247, 77,
       214, 122, 196, 210, 199, 167, 241, 226, 165, 80, 155, 253, 233,
       248, 47, 155, 55, 57, 25, 140, 42, 90, 6, 203, 3, 223, 17, 54,
       104, 218, 215, 173, 214, 30, 127, 214, 76, 143, 134, 122, 60, 230,
       80, 137, 241, 81, 66, 195, 223, 172, 157, 10, 188, 87, 62, 137,
       187, 241, 17, 140, 111, 242, 192, 91, 93, 81, 59, 195, 109, 94,
       94, 248, 134, 184, 126, 153, 117, 93, 255, 49, 31, 173, 25, 107,
       103, 10, 29, 221, 210, 205, 160, 56, 79, 120, 255, 251, 215, 84,
       59, 178, 244, 166, 106, 173, 113, 53, 71, 180, 95, 198, 189, 92,
       232, 179, 76, 211, 92, 221, 164, 156, 84, 126, 127, 237, 240, 125,
       12, 173, 222, 101, 52, 75, 186, 209, 53, 200, 20, 190, 191, 226,
       102, 189, 159, 30, 31, 86, 51, 253, 247, 43, 203, 119, 87, 187,
       129, 48, 213, 179, 195, 69, 231, 126, 133, 182, 112, 173, 251,
       122, 1, 210, 172, 91, 66, 26, 105, 3, 132, 248, 171, 45, 254, 33,
       80, 254, 185, 149, 160, 28, 11, 130, 200, 187, 229, 139, 155, 177,
       34, 38, 18, 132, 144, 155, 248, 50, 229, 49, 216, 190, 91, 81,
       112, 156, 223, 232, 104, 183, 25, 183, 16, 51, 68, 42, 241, 201,
       151, 59, 206, 152, 1, 33, 179, 41, 253, 27, 104, 80, 197, 115,
       246, 166, 73, 108, 5, 52, 151, 42, 16, 152, 11, 19, 108, 67, 58,
       16, 117, 123, 157, 52, 109, 88, 18, 234, 219, 146, 151, 91, 236,
       98, 2, 189, 117, 165, 65, 254, 246, 29, 159, 168, 96, 126, 149,
       159, 160, 209, 11, 36, 197, 242, 225, 170, 142, 61, 128, 165, 185,
       147, 135, 70, 158, 246, 146, 238, 121, 213, 13, 223, 247, 105,
       234, 190, 197, 126, 162, 135, 174, 254, 139, 14, 223, 50, 42, 170,
       137, 63, 142, 248, 133, 210, 28, 182, 177, 131, 252, 60, 7, 185,
       183, 6, 179, 140, 62, 70, 207, 167, 119, 189, 145, 52, 220, 145,
       226, 159, 242, 94, 67, 130, 84, 173, 95, 153, 218, 107, 211, 180,
