%YAML:1.0
---
descriptors: !!opencv-matrix
   rows: 444
   cols: 32
   dt: u
   data: [ 175, 173, 66, 187, 204, 57, 238, 245, 61, 67, 211, 215, 137,
       42, 158, 205, 105, 207, 95, 207, 245, 148, 77, 226, 54, 44, 174,
       192, 175, 223, 248, 212, 202, 47, 6, 156, 248, 177, 62, 126, 159,
       151, 216, 247, 236, 206, 230, 199, 199, 127, 239, 229, 182, 75,
       142, 211, 186, 114, 159, 191, 150, 213, 173, 221, 40, 31, 26, 248,
       189, 235, 82, 115, 199, 137, 254, 101, 98, 241, 160, 208, 209, 50,
       142, 48, 26, 171, 64, 31, 250, 247, 37, 91, 154, 74, 252, 3, 238,
       70, 248, 228, 238, 98, 223, 250, 153, 134, 188, 158, 220, 237,
       255, 11, 159, 241, 85, 171, 161, 103, 58, 202, 242, 159, 239, 189,
       223, 251, 91, 209, 49, 3, 229, 79, 84, 27, 227, 120, 86, 225, 243,
       238, 115, 40, 148, 228, 88, 204, 54, 107, 169, 254, 109, 174, 60,
       46, 241, 192, 111, 171, 80, 172, 183, 0, 106, 225, 134, 18, 95,
       113, 65, 102, 247, 167, 11, 8, 182, 121, 126, 141, 149, 230, 220,
       182, 37, 204, 146, 233, 162, 197, 111, 143, 120, 214, 35, 96, 231,
       143, 20, 187, 232, 77, 95, 241, 211, 82, 80, 152, 180, 172, 122,
       108, 122, 31, 133, 253, 77, 253, 6, 58, 209, 192, 79, 143, 248,
       140, 97, 149, 27, 204, 116, 228, 106, 122, 136, 9, 91, 66, 247,
       241, 184, 224, 92, 126, 54, 104, 17, 171, 146, 175, 145, 188, 170,
       8, 12, 139, 56, 185, 86, 134, 222, 252, 150, 34, 104, 175, 183,
       151, 202, 146, 233, 227, 184, 75, 119, 247, 61, 184, 56, 207, 15,
       207, 138, 239, 255, 205, 181, 224, 165, 40, 212, 142, 207, 254,
       146, 224, 110, 175, 53, 7, 226, 178, 97, 99, 41, 73, 121, 227,
       174, 130, 56, 207, 111, 239, 186, 230, 222, 9, 177, 240, 228, 40,
       59, 72, 231, 223, 52, 83, 233, 125, 86, 233, 83, 82, 89, 28, 180,
       237, 120, 204, 54, 173, 137, 248, 109, 157, 13, 106, 243, 192,
       119, 142, 240, 252, 218, 166, 166, 253, 174, 34, 25, 31, 22, 179,
       222, 243, 253, 231, 176, 200, 119, 223, 61, 157, 186, 203, 207,
       215, 202, 235, 251, 204, 166, 196, 161, 105, 42, 133, 61, 251,
       253, 221, 145, 239, 143, 61, 189, 24, 142, 29, 76, 128, 201, 147,
       195, 17, 90, 42, 123, 213, 223, 213, 20, 127, 210, 8, 196, 234,
       115, 49, 109, 204, 10, 87, 25, 88, 135, 232, 212, 207, 24, 159,
       245, 110, 92, 189, 127, 253, 137, 3, 243, 216, 147, 41, 171, 190,
       61, 174, 48, 245, 172, 170, 141, 184, 237, 227, 148, 203, 150,
       191, 176, 187, 130, 237, 97, 139, 201, 56, 194, 16, 58, 103, 74,
       144, 201, 147, 231, 127, 209, 120, 148, 226, 170, 162, 228, 255,
       77, 173, 232, 154, 158, 183, 16, 19, 225, 105, 92, 11, 73, 102,
       123, 157, 162, 116, 223, 179, 77, 11, 223, 116, 245, 44, 81, 128,
       3, 206, 117, 95, 119, 153, 175, 238, 207, 82, 88, 230, 172, 232,
       181, 228, 38, 107, 18, 79, 195, 56, 46, 253, 36, 126, 90, 138, 95,
       159, 1, 173, 216, 64, 87, 238, 44, 2, 79, 184, 97, 42, 199, 98,
       119, 83, 169, 95, 114, 196, 44, 234, 105, 150, 233, 175, 212, 170,
       226, 4, 34, 179, 112, 33, 77, 209, 181, 218, 173, 13, 7, 156, 206,
       30, 181, 40, 214, 241, 233, 236, 85, 80, 110, 122, 74, 33, 123,
       177, 233, 158, 101, 60, 146, 251, 129, 33, 127, 112, 1, 232, 13,
       70, 75, 104, 3, 232, 129, 74, 83, 87, 89, 244, 121, 220, 29, 250,
       73, 67, 251, 156, 153, 204, 143, 60, 59, 51, 48, 48, 47, 104, 166,
       157, 77, 151, 234, 88, 151, 248, 211, 199, 72, 236, 55, 228, 220,
       237, 187, 207, 143, 211, 251, 221, 23, 127, 203, 140, 31, 63, 120,
       214, 47, 172, 236, 223, 239, 255, 188, 239, 223, 247, 60, 182,
       105, 232, 254, 175, 63, 98, 242, 13, 166, 224, 239, 187, 14, 95,
       221, 239, 223, 252, 217, 220, 169, 21, 70, 173, 244, 63, 228, 91,
       87, 234, 91, 86, 83, 120, 190, 237, 221, 206, 54, 63, 237, 244,
       93, 158, 14, 123, 229, 196, 127, 252, 248, 149, 127, 120, 39, 141,
       77, 151, 234, 90, 69, 100, 222, 135, 64, 140, 55, 196, 232, 236,
       251, 207, 205, 147, 247, 232, 23, 105, 139, 136, 63, 61, 120, 214,
       249, 96, 142, 191, 108, 6, 109, 28, 54, 224, 71, 215, 85, 195, 27,
       89, 112, 204, 63, 207, 104, 214, 219, 30, 244, 34, 235, 128, 44,
       176, 56, 154, 3, 31, 166, 157, 172, 183, 184, 94, 95, 233, 90,
       246, 220, 248, 246, 228, 223, 111, 62, 13, 213, 248, 79, 245, 46,
       26, 255, 174, 28, 220, 153, 157, 55, 83, 99, 77, 82, 30, 139, 120,
       4, 224, 255, 238, 83, 5, 157, 36, 126, 220, 215, 234, 201, 178,
       117, 12, 49, 172, 33, 148, 109, 187, 36, 241, 185, 72, 99, 193,
       85, 62, 99, 118, 97, 0, 246, 70, 11, 57, 181, 244, 104, 132, 22,
       236, 169, 178, 113, 198, 179, 249, 130, 4, 99, 189, 122, 164, 94,
       251, 174, 191, 171, 66, 95, 156, 183, 253, 198, 167, 77, 239, 83,
       78, 55, 255, 253, 215, 220, 217, 139, 177, 250, 231, 255, 237,
       166, 183, 173, 91, 152, 205, 229, 243, 215, 114, 110, 182, 97,
       113, 94, 130, 121, 47, 208, 227, 99, 198, 181, 219, 115, 248, 173,
       229, 111, 235, 246, 197, 167, 213, 244, 250, 109, 249, 185, 110,
       188, 79, 214, 188, 202, 232, 57, 104, 247, 253, 88, 34, 156, 116,
       125, 115, 219, 97, 219, 61, 235, 253, 37, 60, 92, 59, 208, 51,
       145, 67, 141, 175, 46, 91, 176, 89, 86, 232, 211, 98, 215, 120,
       145, 96, 122, 205, 62, 67, 205, 240, 111, 29, 252, 35, 235, 196,
       125, 170, 57, 1, 59, 18, 99, 229, 116, 50, 201, 82, 17, 73, 250,
       247, 27, 12, 181, 240, 126, 140, 151, 165, 157, 178, 101, 130,
       210, 237, 178, 132, 231, 237, 114, 245, 61, 87, 105, 78, 222, 67,
       79, 248, 70, 64, 252, 238, 83, 85, 185, 48, 94, 200, 22, 238, 201,
       35, 125, 61, 114, 141, 33, 188, 117, 187, 118, 241, 216, 246, 254,
       118, 50, 114, 54, 239, 119, 130, 222, 179, 111, 255, 169, 104, 55,
       255, 237, 161, 40, 245, 143, 239, 248, 231, 111, 135, 103, 113,
       45, 3, 150, 204, 174, 191, 181, 54, 158, 175, 31, 211, 154, 151,
       229, 238, 63, 73, 223, 115, 189, 165, 190, 197, 95, 191, 234, 247,
       223, 151, 156, 124, 185, 22, 55, 95, 99, 206, 254, 20, 207, 252,
       197, 74, 89, 230, 113, 232, 189, 228, 94, 234, 22, 239, 201, 163,
       62, 191, 48, 108, 175, 136, 127, 255, 240, 245, 53, 220, 253, 243,
       198, 62, 122, 148, 113, 115, 123, 22, 123, 56, 93, 59, 45, 199,
       20, 210, 173, 248, 125, 98, 159, 239, 214, 68, 233, 115, 74, 138,
       191, 191, 130, 155, 253, 133, 190, 242, 29, 61, 208, 247, 172,
       170, 54, 197, 237, 235, 223, 215, 190, 155, 217, 239, 188, 114,
       238, 250, 159, 125, 187, 223, 87, 50, 174, 157, 10, 22, 186, 88,
       22, 216, 223, 199, 121, 238, 55, 64, 252, 253, 187, 231, 134, 211,
       159, 221, 211, 107, 239, 204, 29, 167, 57, 209, 52, 83, 98, 142,
       118, 82, 134, 120, 69, 200, 251, 230, 115, 216, 175, 228, 122,
       252, 134, 227, 205, 179, 13, 141, 48, 36, 163, 130, 63, 187, 124,
       149, 79, 232, 164, 31, 13, 189, 176, 138, 222, 246, 7, 29, 236,
       224, 94, 206, 129, 110, 234, 31, 134, 85, 255, 177, 12, 90, 93,
       127, 26, 45, 89, 70, 56, 178, 245, 244, 46, 7, 217, 248, 87, 184,
       180, 106, 123, 253, 253, 35, 94, 217, 183, 105, 200, 99, 107, 157,
       91, 203, 237, 182, 119, 168, 84, 161, 249, 105, 227, 68, 69, 94,
       239, 252, 96, 172, 246, 10, 115, 121, 87, 39, 56, 236, 126, 238,
       200, 243, 165, 168, 119, 233, 229, 129, 99, 190, 246, 232, 239,
       221, 149, 218, 189, 6, 79, 189, 159, 155, 152, 82, 92, 115, 237,
       229, 215, 87, 31, 250, 249, 75, 121, 254, 185, 222, 207, 198, 150,
       255, 240, 37, 24, 245, 121, 225, 114, 77, 123, 117, 41, 12, 124,
       41, 63, 31, 2, 16, 182, 153, 221, 96, 66, 184, 17, 45, 247, 221,
       36, 1, 96, 130, 7, 219, 208, 78, 211, 190, 194, 96, 7, 167, 184,
       134, 234, 186, 103, 163, 33, 95, 99, 247, 44, 162, 120, 207, 128,
       106, 177, 162, 254, 24, 128, 113, 167, 40, 86, 175, 190, 182, 155,
       208, 22, 171, 187, 151, 143, 187, 236, 254, 75, 82, 183, 243, 249,
