%YAML:1.0
---
descriptors: !!opencv-matrix
   rows: 143
   cols: 32
   dt: u
   data: [ 189, 87, 105, 101, 54, 26, 255, 248, 116, 228, 254, 230, 91,
       77, 155, 33, 126, 204, 21, 238, 233, 176, 101, 142, 118, 237, 165,
       132, 111, 178, 114, 113, 252, 125, 17, 238, 169, 79, 86, 252, 63,
       170, 249, 72, 223, 255, 73, 113, 221, 221, 93, 114, 105, 99, 91,
       186, 251, 255, 69, 62, 122, 123, 230, 51, 253, 101, 237, 238, 142,
       7, 79, 220, 194, 242, 185, 78, 83, 225, 249, 35, 61, 192, 125,
       238, 233, 99, 190, 56, 249, 136, 229, 60, 125, 251, 242, 112, 73,
       48, 149, 119, 65, 77, 53, 1, 232, 90, 102, 8, 190, 17, 73, 59,
       130, 22, 120, 2, 67, 112, 179, 0, 71, 249, 80, 2, 74, 80, 67, 59,
       244, 82, 143, 164, 40, 10, 101, 48, 160, 238, 182, 173, 215, 199,
       139, 91, 118, 196, 108, 102, 72, 199, 163, 8, 208, 163, 231, 152,
       32, 179, 102, 113, 128, 178, 149, 187, 236, 173, 184, 143, 30, 59,
       81, 120, 180, 151, 200, 8, 207, 27, 115, 17, 51, 92, 75, 211, 12,
       18, 126, 236, 152, 72, 129, 185, 73, 188, 186, 81, 186, 190, 57,
       19, 62, 227, 206, 144, 157, 183, 194, 112, 39, 62, 124, 156, 147,
       217, 245, 66, 223, 239, 51, 228, 162, 196, 131, 113, 218, 96, 241,
       229, 39, 30, 124, 16, 105, 194, 182, 185, 207, 63, 213, 126, 182,
       213, 125, 143, 204, 212, 229, 202, 215, 251, 207, 130, 39, 245,
       99, 71, 198, 173, 150, 156, 190, 160, 190, 174, 186, 179, 24, 210,
       252, 235, 112, 66, 183, 111, 123, 153, 50, 73, 138, 243, 172, 22,
       31, 238, 132, 113, 161, 137, 21, 39, 203, 174, 206, 0, 111, 249,
       70, 146, 121, 198, 89, 227, 249, 107, 123, 200, 38, 238, 203, 83,
       143, 240, 184, 136, 239, 44, 61, 243, 161, 160, 85, 13, 127, 237,
       246, 42, 111, 178, 125, 130, 122, 98, 241, 115, 177, 113, 118,
       238, 62, 234, 225, 184, 37, 238, 244, 174, 231, 128, 37, 249, 241,
       169, 2, 251, 25, 187, 250, 201, 180, 207, 142, 21, 72, 35, 164,
       158, 96, 64, 195, 59, 99, 17, 82, 26, 74, 245, 173, 20, 30, 107,
       144, 26, 133, 139, 45, 93, 57, 254, 189, 223, 86, 49, 212, 200,
       125, 64, 255, 241, 33, 224, 212, 122, 28, 106, 235, 168, 122, 63,
       227, 255, 37, 24, 90, 59, 96, 163, 78, 168, 148, 58, 137, 221, 18,
       170, 187, 29, 165, 25, 238, 235, 74, 146, 129, 115, 233, 18, 38,
       75, 202, 49, 203, 211, 93, 123, 210, 71, 143, 10, 114, 144, 169,
       222, 125, 214, 145, 127, 27, 111, 148, 63, 108, 60, 30, 34, 173,
       151, 213, 133, 191, 111, 241, 223, 91, 126, 216, 251, 207, 12,
       246, 127, 198, 20, 190, 149, 139, 102, 189, 15, 190, 247, 3, 17,
       204, 62, 79, 75, 161, 87, 251, 21, 52, 205, 179, 194, 77, 54, 95,
       71, 128, 100, 133, 86, 137, 185, 145, 249, 176, 165, 41, 87, 62,
       25, 88, 116, 157, 179, 96, 232, 199, 59, 55, 24, 51, 216, 147, 82,
       205, 209, 62, 224, 152, 192, 161, 185, 11, 127, 123, 225, 114,
       158, 58, 118, 189, 72, 94, 229, 189, 159, 161, 112, 166, 61, 159,
       196, 197, 152, 48, 238, 246, 253, 42, 130, 14, 145, 33, 249, 122,
       233, 18, 234, 57, 221, 82, 213, 175, 13, 253, 9, 110, 223, 40,
       148, 186, 185, 205, 80, 94, 43, 154, 245, 187, 221, 4, 123, 98,
       134, 238, 15, 69, 13, 222, 229, 246, 14, 110, 114, 252, 130, 126,
       66, 253, 115, 177, 102, 118, 252, 62, 234, 224, 152, 133, 238,
       117, 174, 231, 128, 38, 242, 97, 169, 178, 190, 231, 184, 195,
       239, 180, 247, 191, 250, 250, 255, 46, 189, 39, 24, 237, 251, 247,
       145, 190, 251, 66, 255, 63, 86, 94, 227, 225, 76, 230, 223, 130,
       204, 150, 252, 252, 171, 158, 239, 223, 147, 248, 88, 238, 234,
       44, 205, 215, 123, 110, 33, 112, 111, 10, 255, 168, 190, 87, 62,
       212, 120, 129, 141, 108, 167, 228, 227, 189, 15, 194, 184, 71,
       184, 185, 75, 195, 105, 88, 131, 89, 198, 109, 123, 142, 96, 203,
       149, 110, 219, 229, 125, 247, 235, 216, 2, 185, 70, 107, 207, 86,
       19, 107, 120, 84, 194, 119, 198, 113, 69, 184, 33, 126, 204, 22,
       238, 233, 182, 45, 15, 118, 41, 225, 132, 39, 187, 114, 224, 245,
       198, 129, 158, 220, 32, 206, 248, 146, 130, 185, 206, 113, 98,
       249, 83, 121, 194, 10, 238, 41, 103, 206, 239, 56, 134, 199, 60,
       185, 251, 114, 160, 232, 152, 156, 190, 9, 205, 21, 35, 158, 27,
       160, 25, 190, 247, 32, 91, 193, 51, 232, 0, 71, 79, 90, 49, 193,
       243, 88, 123, 24, 8, 133, 11, 75, 50, 231, 53, 34, 62, 56, 18, 33,
       217, 70, 245, 221, 39, 130, 254, 38, 87, 253, 140, 149, 220, 183,
       68, 6, 251, 124, 130, 170, 228, 43, 85, 92, 185, 154, 224, 137,
       141, 90, 218, 167, 57, 188, 77, 63, 191, 67, 90, 237, 223, 253,
       208, 138, 11, 155, 241, 219, 221, 55, 255, 170, 131, 43, 27, 124,
       187, 152, 231, 176, 141, 90, 157, 43, 169, 189, 77, 255, 251, 74,
       16, 182, 255, 237, 16, 158, 122, 217, 61, 255, 223, 37, 240, 234,
       130, 202, 27, 52, 176, 248, 241, 205, 109, 241, 200, 91, 179, 37,
       26, 30, 217, 76, 58, 185, 221, 115, 16, 26, 118, 218, 144, 95,
       217, 65, 127, 241, 107, 86, 130, 242, 71, 103, 172, 149, 66, 78,
       101, 229, 4, 211, 3, 99, 40, 52, 87, 120, 228, 109, 227, 108, 163,
       5, 140, 179, 226, 198, 19, 39, 62, 244, 14, 56, 157, 185, 251,
       145, 239, 83, 151, 22, 9, 238, 0, 183, 247, 32, 96, 209, 58, 29,
       24, 58, 136, 113, 63, 235, 239, 52, 80, 146, 136, 132, 123, 93,
       103, 196, 71, 176, 27, 110, 184, 118, 170, 111, 228, 211, 96, 153,
       244, 51, 108, 36, 110, 237, 208, 237, 46, 46, 239, 101, 132, 111,
       243, 88, 5, 73, 113, 19, 229, 113, 30, 126, 248, 105, 232, 250,
       72, 223, 19, 1, 240, 182, 205, 94, 106, 77, 177, 177, 12, 183,
       255, 37, 6, 66, 179, 66, 33, 193, 244, 212, 245, 172, 14, 100,
       191, 123, 251, 130, 124, 215, 48, 216, 123, 23, 70, 124, 44, 245,
       212, 213, 2, 172, 154, 117, 212, 140, 248, 216, 17, 253, 117, 25,
       238, 233, 15, 86, 252, 59, 170, 176, 76, 255, 123, 73, 49, 157,
       223, 93, 98, 105, 99, 219, 191, 243, 223, 37, 60, 90, 251, 194,
       147, 93, 112, 152, 167, 32, 46, 107, 16, 104, 234, 195, 197, 215,
       51, 65, 90, 118, 77, 124, 239, 137, 212, 213, 0, 196, 225, 107,
       128, 172, 243, 35, 17, 53, 6, 111, 205, 68, 38, 239, 120, 85, 106,
       127, 194, 81, 109, 189, 109, 120, 132, 23, 174, 169, 178, 45, 204,
       87, 42, 227, 132, 103, 251, 112, 224, 76, 176, 157, 163, 168, 109,
       57, 31, 174, 249, 179, 125, 158, 23, 72, 27, 135, 23, 253, 48, 19,
       73, 219, 80, 201, 209, 63, 246, 136, 0, 135, 19, 133, 164, 221,
       177, 236, 169, 233, 27, 254, 179, 49, 218, 157, 235, 216, 43, 43,
       15, 110, 28, 51, 124, 207, 210, 204, 147, 119, 116, 220, 200, 195,
       160, 108, 183, 237, 247, 172, 98, 79, 153, 146, 251, 151, 178,
       209, 103, 201, 107, 95, 214, 253, 242, 57, 67, 239, 162, 238, 167,
       239, 253, 165, 251, 212, 113, 245, 237, 207, 254, 236, 97, 78,
       253, 194, 210, 184, 74, 83, 225, 249, 35, 89, 194, 78, 250, 127,
       99, 142, 58, 248, 201, 229, 61, 253, 250, 250, 128, 125, 251, 154,
       39, 48, 143, 90, 249, 43, 173, 255, 77, 255, 195, 74, 16, 180,
       205, 76, 92, 222, 187, 217, 29, 251, 221, 37, 112, 72, 130, 202,
       67, 213, 88, 159, 118, 40, 76, 69, 148, 224, 218, 166, 92, 87,
       243, 65, 123, 39, 244, 124, 106, 105, 69, 187, 34, 209, 171, 117,
       24, 40, 241, 2, 57, 121, 185, 154, 232, 91, 141, 122, 208, 167,
       168, 254, 13, 63, 159, 97, 80, 172, 253, 255, 210, 11, 27, 152,
       179, 251, 237, 35, 234, 170, 3, 42, 27, 197, 166, 150, 217, 188,
       184, 233, 143, 254, 31, 54, 244, 143, 226, 246, 255, 167, 11, 110,
       28, 183, 109, 175, 213, 142, 251, 119, 196, 218, 224, 203, 165,
       89, 248, 158, 186, 43, 156, 88, 214, 175, 217, 154, 79, 190, 255,
       96, 250, 228, 247, 253, 17, 207, 11, 146, 224, 219, 255, 126, 218,
       154, 18, 41, 27, 246, 88, 150, 140, 77, 70, 86, 232, 185, 142,
       242, 11, 78, 254, 39, 223, 248, 245, 239, 227, 108, 199, 155, 234,
