%YAML:1.0
---
descriptors: !!opencv-matrix
   rows: 328
   cols: 32
   dt: u
   data: [ 78, 172, 241, 242, 248, 40, 127, 159, 171, 59, 188, 120, 156,
       63, 200, 62, 167, 87, 125, 25, 146, 105, 139, 241, 223, 221, 63,
       254, 134, 209, 135, 33, 76, 191, 57, 225, 157, 207, 79, 187, 62,
       189, 184, 29, 151, 63, 88, 16, 149, 93, 125, 57, 186, 120, 249,
       22, 237, 215, 47, 124, 128, 0, 135, 98, 130, 156, 183, 94, 203,
       228, 181, 103, 191, 23, 103, 16, 188, 247, 36, 111, 231, 59, 34,
       128, 51, 205, 186, 227, 5, 186, 82, 74, 210, 64, 165, 250, 175,
       162, 160, 19, 237, 189, 249, 216, 219, 255, 53, 29, 200, 200, 95,
       10, 157, 73, 195, 23, 182, 118, 238, 210, 78, 28, 125, 255, 215,
       79, 95, 199, 169, 59, 69, 229, 52, 75, 105, 58, 12, 224, 82, 236,
       151, 5, 145, 37, 94, 24, 87, 108, 201, 188, 117, 157, 196, 216,
       169, 180, 62, 168, 16, 241, 52, 205, 107, 74, 221, 245, 198, 204,
       193, 0, 236, 10, 99, 205, 61, 164, 120, 218, 130, 242, 110, 35,
       58, 191, 51, 73, 133, 127, 115, 123, 254, 166, 253, 197, 93, 231,
       140, 15, 71, 185, 84, 178, 175, 14, 215, 115, 9, 83, 83, 196, 124,
       234, 121, 80, 93, 60, 253, 235, 229, 116, 60, 186, 208, 32, 159,
       150, 231, 255, 62, 22, 251, 248, 159, 89, 215, 215, 221, 255, 184,
       99, 255, 241, 63, 255, 185, 133, 63, 255, 255, 123, 238, 196, 190,
       175, 177, 113, 97, 157, 124, 10, 219, 185, 176, 39, 207, 53, 45,
       29, 8, 56, 38, 113, 195, 3, 130, 17, 22, 58, 118, 213, 62, 29, 16,
       107, 217, 12, 201, 142, 37, 97, 87, 67, 244, 95, 238, 232, 125,
       232, 123, 64, 218, 216, 189, 164, 186, 76, 118, 126, 197, 176,
       125, 206, 38, 222, 39, 6, 77, 187, 73, 165, 70, 132, 254, 223,
       203, 224, 189, 239, 190, 23, 111, 130, 104, 231, 108, 78, 127,
       123, 163, 128, 18, 216, 186, 225, 95, 38, 222, 75, 179, 66, 165,
       250, 159, 213, 111, 163, 191, 247, 255, 216, 95, 254, 215, 183,
       221, 220, 255, 105, 255, 205, 191, 247, 255, 245, 127, 246, 255,
       91, 175, 198, 63, 223, 245, 215, 42, 236, 183, 184, 205, 237, 181,
       199, 222, 23, 224, 25, 174, 252, 96, 139, 201, 59, 235, 17, 118,
       111, 242, 241, 29, 18, 94, 123, 208, 92, 151, 234, 80, 9, 251,
       238, 116, 96, 107, 212, 112, 5, 238, 2, 115, 55, 49, 112, 126,
       222, 53, 202, 9, 146, 161, 43, 247, 173, 162, 0, 165, 243, 100,
       40, 66, 167, 227, 136, 251, 209, 191, 207, 171, 5, 136, 187, 44,
       230, 236, 116, 127, 147, 227, 145, 18, 11, 166, 211, 61, 52, 143,
       239, 149, 70, 167, 244, 26, 220, 26, 250, 203, 229, 53, 222, 159,
       27, 172, 54, 28, 151, 104, 121, 231, 27, 155, 18, 99, 79, 26, 247,
       211, 215, 95, 110, 154, 80, 165, 187, 146, 150, 94, 189, 178, 35,
       62, 123, 60, 38, 75, 247, 69, 35, 162, 81, 55, 159, 15, 164, 244,
       157, 13, 127, 248, 163, 122, 196, 61, 192, 169, 153, 43, 117, 241,
       67, 242, 121, 174, 222, 123, 235, 124, 232, 56, 7, 221, 188, 31,
       90, 22, 94, 147, 178, 236, 234, 38, 28, 52, 170, 207, 215, 194,
       189, 44, 41, 202, 238, 212, 102, 99, 80, 129, 132, 109, 2, 115,
       211, 41, 84, 88, 236, 3, 250, 24, 179, 216, 40, 119, 172, 129, 8,
       163, 171, 118, 160, 162, 236, 190, 90, 237, 201, 181, 199, 222,
       23, 100, 25, 172, 184, 102, 9, 201, 123, 226, 17, 118, 111, 210,
       241, 125, 18, 94, 107, 208, 88, 239, 142, 108, 64, 189, 165, 168,
       111, 77, 159, 26, 254, 186, 9, 215, 39, 73, 90, 215, 85, 125, 38,
       72, 118, 249, 10, 229, 183, 117, 180, 192, 121, 71, 123, 252, 109,
       252, 100, 206, 19, 86, 253, 65, 166, 188, 10, 67, 57, 215, 19, 88,
       214, 229, 106, 72, 99, 201, 168, 114, 201, 229, 61, 111, 250, 218,
       138, 1, 57, 122, 63, 114, 140, 185, 23, 232, 228, 124, 165, 189,
       158, 150, 48, 134, 45, 22, 5, 133, 184, 180, 92, 68, 185, 58, 160,
       76, 130, 3, 219, 151, 30, 227, 223, 52, 42, 239, 82, 93, 74, 219,
       118, 113, 48, 181, 101, 122, 238, 62, 206, 233, 181, 45, 235, 52,
       62, 162, 128, 127, 249, 113, 125, 33, 20, 225, 95, 84, 111, 227,
       127, 86, 233, 119, 82, 115, 53, 156, 44, 88, 222, 50, 184, 185,
       250, 125, 31, 101, 46, 241, 64, 247, 168, 244, 224, 52, 97, 187,
       248, 172, 65, 213, 72, 214, 216, 181, 42, 82, 221, 123, 41, 217,
       216, 55, 122, 74, 99, 234, 16, 91, 153, 229, 61, 81, 57, 244, 226,
       212, 2, 150, 183, 166, 42, 236, 1, 188, 130, 179, 83, 223, 107,
       41, 75, 102, 229, 111, 187, 48, 229, 129, 194, 212, 242, 222, 16,
       164, 249, 161, 2, 35, 6, 242, 91, 214, 59, 238, 87, 93, 67, 127,
       246, 73, 104, 191, 172, 126, 170, 22, 141, 180, 176, 37, 206, 38,
       46, 50, 130, 255, 222, 233, 141, 189, 157, 238, 231, 244, 126,
       126, 246, 21, 251, 126, 119, 83, 45, 186, 82, 109, 198, 23, 190,
       253, 250, 89, 174, 106, 239, 244, 197, 239, 251, 232, 155, 17, 93,
       11, 238, 21, 215, 95, 96, 53, 76, 253, 3, 111, 215, 35, 20, 248,
       168, 134, 238, 109, 3, 56, 253, 243, 213, 131, 43, 50, 55, 108,
       114, 57, 77, 99, 206, 84, 211, 207, 97, 213, 128, 254, 2, 115,
       201, 53, 164, 120, 232, 18, 239, 105, 179, 52, 206, 51, 236, 133,
       0, 119, 186, 112, 172, 125, 179, 216, 162, 244, 152, 90, 157, 43,
       229, 173, 173, 159, 223, 66, 80, 214, 205, 29, 84, 30, 10, 216,
       130, 250, 197, 37, 125, 174, 130, 138, 83, 71, 184, 152, 176, 229,
       189, 176, 67, 91, 227, 9, 31, 142, 216, 86, 8, 179, 41, 179, 21,
       150, 62, 154, 210, 156, 20, 29, 127, 156, 78, 153, 214, 13, 29,
       16, 69, 240, 63, 103, 51, 125, 168, 126, 76, 214, 49, 129, 48,
       180, 78, 100, 110, 209, 184, 113, 12, 229, 255, 37, 4, 74, 243,
       194, 161, 238, 235, 24, 138, 125, 221, 178, 200, 138, 44, 189, 11,
       236, 204, 127, 132, 216, 233, 227, 87, 70, 39, 202, 247, 127, 81,
       139, 59, 83, 31, 95, 206, 90, 119, 102, 156, 106, 179, 56, 94,
       174, 228, 94, 231, 109, 206, 226, 196, 38, 45, 239, 229, 132, 65,
       134, 220, 22, 97, 171, 171, 62, 149, 173, 213, 38, 239, 236, 215,
       213, 55, 254, 239, 31, 183, 252, 139, 72, 105, 63, 11, 217, 235,
       147, 39, 56, 250, 75, 234, 127, 31, 213, 151, 213, 254, 220, 198,
       211, 19, 206, 189, 2, 38, 56, 95, 54, 217, 82, 247, 77, 234, 178,
       201, 119, 239, 191, 133, 181, 221, 143, 221, 222, 35, 255, 196,
       45, 164, 185, 29, 199, 127, 73, 162, 232, 32, 110, 254, 169, 202,
       152, 237, 245, 230, 219, 83, 79, 194, 94, 239, 229, 3, 206, 234,
       118, 24, 175, 188, 44, 243, 186, 213, 92, 201, 190, 246, 174, 64,
       62, 172, 238, 146, 143, 34, 253, 251, 105, 107, 51, 211, 109, 243,
       66, 65, 139, 224, 251, 227, 111, 77, 164, 243, 37, 3, 72, 219,
       181, 246, 73, 76, 71, 188, 55, 188, 238, 72, 243, 119, 73, 86, 21,
       222, 109, 74, 74, 88, 251, 113, 253, 186, 85, 56, 34, 179, 68,
       122, 77, 189, 184, 97, 157, 125, 89, 158, 106, 253, 60, 8, 159,
       191, 83, 186, 129, 86, 253, 24, 147, 72, 249, 82, 111, 93, 37,
       245, 130, 240, 79, 99, 33, 80, 30, 238, 108, 223, 86, 108, 213,
       224, 229, 24, 114, 152, 38, 48, 216, 252, 98, 66, 77, 191, 114,
       63, 179, 223, 81, 59, 88, 27, 250, 142, 160, 118, 90, 248, 122,
       137, 16, 115, 156, 136, 116, 239, 151, 203, 162, 65, 94, 56, 207,
       36, 227, 39, 80, 31, 230, 145, 33, 248, 124, 136, 41, 155, 214,
       96, 22, 161, 9, 11, 18, 72, 44, 160, 163, 153, 199, 154, 65, 200,
       254, 157, 237, 114, 76, 199, 195, 138, 147, 209, 11, 31, 0, 47,
       41, 2, 236, 252, 189, 243, 201, 237, 117, 151, 231, 23, 175, 24,
       151, 247, 73, 123, 129, 242, 123, 26, 122, 101, 250, 51, 231, 249,
       84, 121, 224, 81, 198, 34, 51, 32, 43, 201, 85, 71, 232, 66, 84,
       98, 226, 2, 18, 152, 53, 41, 120, 136, 19, 141, 9, 183, 17, 136,
       21, 10, 146, 0, 105, 8, 114, 130, 18, 157, 43, 136, 211, 231, 59,
       231, 132, 69, 78, 131, 40, 183, 34, 64, 236, 187, 147, 129, 82,
       155, 48, 255, 123, 39, 154, 67, 49, 2, 165, 250, 34, 50, 239, 157,
