%YAML:1.0
---
descriptors: !!opencv-matrix
   rows: 190
   cols: 32
   dt: u
   data: [ 40, 169, 59, 122, 249, 229, 179, 199, 158, 29, 100, 0, 190,
       247, 96, 24, 137, 59, 131, 16, 18, 106, 154, 51, 205, 213, 54,
       105, 208, 0, 167, 171, 98, 186, 144, 58, 141, 249, 144, 207, 207,
       23, 160, 57, 166, 252, 106, 138, 137, 51, 234, 17, 30, 107, 202,
       177, 155, 86, 85, 127, 208, 76, 158, 78, 32, 233, 57, 254, 93,
       205, 87, 226, 159, 28, 232, 8, 182, 251, 97, 48, 201, 251, 67, 66,
       10, 43, 90, 191, 231, 223, 20, 59, 80, 25, 70, 170, 60, 205, 194,
       158, 221, 123, 246, 236, 19, 166, 189, 27, 98, 105, 62, 133, 121,
       246, 134, 99, 44, 103, 104, 191, 127, 207, 199, 63, 215, 127, 252,
       198, 206, 248, 191, 255, 237, 156, 124, 156, 255, 218, 117, 16,
       252, 251, 93, 123, 197, 107, 127, 94, 227, 84, 250, 243, 79, 219,
       223, 46, 130, 113, 99, 138, 45, 240, 145, 65, 237, 125, 198, 153,
       91, 123, 41, 88, 150, 16, 92, 180, 153, 12, 82, 58, 147, 48, 249,
       19, 45, 156, 5, 126, 218, 91, 210, 166, 252, 80, 253, 118, 12, 78,
       87, 184, 241, 242, 167, 8, 83, 87, 9, 123, 48, 212, 124, 106, 105,
       103, 187, 40, 211, 235, 101, 20, 98, 179, 70, 50, 198, 252, 230,
       159, 253, 255, 190, 174, 159, 255, 89, 191, 236, 252, 95, 143,
       159, 127, 255, 183, 246, 109, 255, 247, 45, 62, 223, 255, 149,
       127, 159, 215, 53, 207, 117, 79, 246, 27, 239, 248, 100, 224, 250,
       198, 115, 97, 157, 180, 126, 236, 22, 238, 233, 178, 109, 47, 62,
       236, 37, 132, 103, 187, 102, 225, 35, 173, 99, 90, 213, 245, 171,
       207, 95, 69, 124, 2, 40, 252, 54, 164, 121, 170, 18, 153, 146,
       186, 62, 247, 63, 30, 159, 107, 213, 78, 247, 236, 10, 141, 138,
       185, 145, 183, 188, 167, 62, 27, 74, 21, 172, 234, 34, 192, 209,
       43, 187, 149, 54, 216, 83, 247, 237, 247, 158, 67, 152, 68, 169,
       154, 247, 201, 102, 174, 15, 18, 78, 232, 229, 32, 178, 130, 67,
       72, 63, 231, 120, 196, 236, 231, 108, 163, 13, 173, 178, 234, 195,
       23, 103, 62, 120, 4, 0, 166, 156, 187, 250, 233, 185, 143, 30, 51,
       80, 241, 180, 231, 72, 72, 207, 27, 171, 16, 50, 88, 203, 215,
       204, 150, 126, 236, 144, 72, 133, 169, 245, 105, 229, 98, 140, 71,
       79, 216, 67, 242, 181, 10, 83, 93, 217, 47, 89, 196, 124, 126,
       233, 99, 255, 56, 249, 200, 229, 60, 119, 251, 82, 96, 113, 77, 7,
       174, 29, 150, 70, 103, 196, 64, 234, 70, 115, 98, 48, 208, 88,
       230, 10, 238, 93, 171, 80, 61, 185, 174, 134, 8, 57, 42, 248, 12,
       63, 77, 99, 222, 212, 150, 239, 244, 213, 192, 222, 194, 113, 252,
       183, 228, 122, 238, 23, 239, 237, 179, 60, 238, 50, 110, 175, 128,
       47, 255, 240, 228, 8, 189, 63, 120, 145, 223, 55, 167, 228, 13,
       110, 8, 190, 183, 0, 52, 160, 55, 232, 80, 18, 185, 48, 63, 235,
       247, 20, 67, 194, 18, 135, 107, 66, 145, 150, 155, 203, 192, 176,
       73, 174, 17, 203, 176, 236, 246, 104, 234, 231, 19, 251, 144, 23,
       73, 155, 209, 141, 182, 90, 75, 144, 2, 173, 151, 72, 157, 149,
       255, 171, 110, 53, 191, 174, 155, 74, 33, 252, 55, 0, 75, 195, 87,
       57, 16, 18, 216, 91, 165, 205, 242, 126, 68, 128, 82, 165, 59,
       134, 157, 188, 155, 173, 224, 190, 235, 30, 223, 219, 51, 236,
       126, 111, 75, 247, 219, 187, 147, 118, 92, 11, 243, 63, 54, 223,
       71, 148, 127, 165, 95, 242, 160, 150, 187, 205, 109, 224, 207,
       151, 183, 163, 27, 2, 186, 108, 203, 233, 143, 234, 144, 62, 111,
       219, 209, 157, 178, 215, 127, 209, 72, 252, 142, 233, 11, 66, 101,
       36, 27, 105, 50, 125, 34, 246, 232, 155, 1, 149, 189, 26, 164,
       108, 44, 201, 188, 101, 8, 198, 251, 112, 4, 70, 172, 90, 40, 72,
       189, 49, 89, 241, 232, 53, 55, 235, 73, 126, 40, 190, 183, 132,
       180, 130, 50, 196, 16, 19, 184, 226, 127, 111, 180, 20, 67, 194,
       192, 135, 59, 9, 170, 145, 217, 60, 173, 97, 31, 94, 121, 112, 80,
       182, 19, 224, 232, 193, 10, 38, 28, 147, 120, 99, 17, 205, 156,
       50, 104, 152, 136, 193, 169, 112, 73, 22, 172, 29, 2, 67, 96, 133,
       0, 226, 2, 39, 3, 33, 84, 232, 228, 12, 96, 72, 171, 1, 156, 177,
       240, 0, 18, 48, 42, 96, 40, 41, 141, 2, 188, 29, 215, 66, 103,
       196, 65, 232, 1, 178, 240, 50, 192, 216, 42, 10, 12, 31, 171, 81,
       63, 168, 255, 146, 88, 24, 8, 248, 14, 100, 165, 184, 97, 249,
       105, 81, 9, 123, 179, 173, 24, 214, 63, 72, 58, 153, 150, 69, 48,
       58, 114, 201, 18, 207, 215, 21, 119, 192, 74, 198, 162, 215, 14,
       206, 180, 142, 34, 236, 239, 244, 242, 210, 247, 99, 104, 183, 75,
       125, 230, 124, 167, 252, 213, 13, 172, 184, 98, 239, 133, 173,
       252, 120, 77, 204, 233, 190, 251, 237, 204, 116, 166, 239, 157,
       166, 24, 238, 251, 100, 91, 129, 119, 235, 82, 114, 105, 219, 241,
       239, 251, 87, 123, 210, 88, 205, 42, 89, 151, 82, 165, 210, 10,
       174, 247, 56, 163, 30, 238, 93, 34, 136, 132, 55, 87, 246, 45,
       241, 249, 141, 207, 60, 103, 47, 132, 47, 246, 139, 137, 125, 94,
       87, 227, 52, 34, 98, 208, 101, 176, 250, 231, 67, 9, 181, 195,
       104, 196, 14, 246, 173, 179, 9, 236, 178, 233, 162, 132, 175, 251,
       112, 25, 116, 101, 152, 228, 136, 107, 85, 142, 34, 181, 169, 8,
       87, 179, 65, 90, 17, 214, 104, 48, 26, 67, 203, 16, 251, 165, 69,
       61, 224, 123, 198, 42, 209, 202, 87, 181, 12, 10, 108, 37, 236,
       18, 194, 208, 247, 2, 16, 67, 34, 101, 106, 235, 105, 244, 71,
       125, 164, 162, 106, 0, 44, 176, 161, 40, 32, 237, 157, 121, 253,
       205, 84, 174, 223, 49, 168, 24, 182, 185, 72, 48, 137, 26, 98, 0,
       74, 106, 66, 53, 239, 149, 20, 123, 80, 88, 198, 170, 0, 162, 57,
       249, 120, 141, 161, 191, 30, 61, 116, 56, 182, 17, 200, 32, 133,
       26, 38, 24, 18, 120, 107, 23, 205, 159, 52, 124, 208, 8, 133, 233,
       220, 116, 253, 100, 8, 108, 77, 58, 32, 250, 167, 24, 91, 119,
       201, 251, 49, 212, 125, 170, 105, 69, 243, 8, 209, 235, 229, 156,
       34, 241, 102, 113, 213, 221, 123, 254, 150, 70, 79, 252, 48, 226,
       219, 210, 113, 119, 185, 113, 55, 255, 29, 234, 249, 199, 189, 47,
       185, 239, 239, 148, 37, 243, 163, 177, 166, 237, 244, 151, 245,
       190, 190, 239, 59, 191, 121, 19, 236, 124, 95, 143, 255, 255, 243,
       131, 246, 246, 203, 239, 63, 62, 223, 231, 199, 125, 219, 207, 72,
       176, 190, 113, 137, 236, 117, 87, 254, 155, 166, 24, 222, 243, 72,
       58, 161, 118, 106, 24, 19, 233, 179, 96, 95, 235, 116, 85, 202,
       192, 199, 34, 65, 6, 217, 229, 100, 42, 232, 11, 108, 163, 123,
       88, 215, 35, 216, 90, 19, 12, 106, 44, 0, 244, 193, 66, 132, 190,
       115, 4, 196, 234, 65, 160, 101, 56, 188, 160, 173, 45, 81, 152,
       203, 253, 161, 29, 150, 153, 79, 26, 137, 196, 75, 94, 30, 99,
       218, 176, 221, 217, 1, 126, 200, 43, 82, 66, 233, 176, 253, 97,
       172, 60, 241, 159, 74, 187, 182, 20, 219, 57, 220, 107, 77, 70,
       125, 60, 147, 108, 243, 0, 79, 251, 117, 244, 202, 200, 216, 35,
       11, 132, 156, 185, 181, 251, 176, 175, 30, 123, 74, 51, 174, 58,
       42, 232, 209, 27, 186, 17, 54, 216, 67, 151, 173, 247, 30, 71,
       144, 76, 153, 15, 185, 7, 45, 172, 188, 47, 77, 61, 196, 236, 155,
       77, 211, 33, 49, 65, 92, 164, 93, 111, 248, 161, 81, 28, 224, 233,
       225, 148, 124, 248, 208, 97, 117, 70, 78, 167, 36, 10, 111, 184,
       100, 226, 215, 198, 83, 97, 155, 115, 126, 228, 60, 239, 233, 148,
       77, 44, 244, 175, 229, 132, 45, 187, 112, 17, 162, 54, 164, 23,
       169, 123, 148, 123, 151, 191, 177, 125, 226, 124, 207, 143, 157,
       118, 238, 35, 172, 231, 75, 31, 4, 18, 117, 183, 194, 125, 158,
       223, 53, 77, 107, 222, 212, 147, 207, 247, 213, 194, 254, 2, 115,
       249, 181, 100, 120, 250, 23, 235, 232, 171, 60, 255, 115, 111,
       167, 136, 119, 251, 244, 172, 124, 48, 245, 102, 169, 126, 93,
       148, 33, 186, 167, 56, 91, 55, 201, 191, 35, 214, 253, 202, 25,
       70, 233, 160, 219, 251, 117, 189, 226, 247, 198, 99, 196, 232,
