%YAML:1.0
---
descriptors: !!opencv-matrix
   rows: 284
   cols: 32
   dt: u
   data: [ 57, 123, 105, 238, 118, 27, 75, 120, 81, 224, 245, 238, 51, 9,
       177, 48, 126, 168, 21, 110, 201, 178, 108, 156, 242, 205, 161,
       176, 127, 187, 82, 177, 249, 18, 107, 232, 110, 41, 105, 82, 205,
       104, 246, 254, 31, 139, 181, 113, 110, 133, 95, 45, 137, 51, 229,
       192, 214, 233, 170, 184, 61, 137, 112, 113, 73, 73, 247, 77, 36,
       206, 111, 52, 237, 8, 118, 64, 251, 53, 144, 102, 38, 244, 126,
       72, 193, 184, 39, 104, 101, 248, 98, 128, 102, 179, 197, 105, 11,
       155, 61, 249, 228, 136, 249, 23, 109, 89, 86, 244, 157, 143, 208,
       120, 230, 43, 62, 28, 147, 152, 231, 209, 198, 249, 186, 192, 14,
       136, 129, 241, 137, 90, 255, 249, 108, 136, 233, 18, 237, 88, 86,
       230, 157, 135, 209, 104, 230, 41, 126, 92, 131, 156, 227, 240,
       198, 249, 186, 192, 14, 137, 1, 249, 121, 189, 57, 240, 189, 237,
       81, 215, 95, 105, 172, 28, 158, 189, 96, 120, 137, 170, 127, 24,
       27, 43, 114, 183, 219, 221, 17, 122, 218, 72, 208, 114, 42, 219,
       187, 236, 125, 193, 153, 199, 143, 77, 220, 107, 172, 159, 164, 0,
       206, 59, 255, 193, 74, 11, 226, 241, 251, 245, 190, 187, 20, 28,
       167, 251, 164, 80, 124, 109, 100, 78, 111, 56, 116, 238, 247, 32,
       211, 85, 139, 49, 94, 212, 87, 106, 233, 180, 121, 12, 103, 171,
       97, 148, 99, 187, 70, 241, 41, 22, 91, 236, 108, 43, 69, 91, 77,
       234, 252, 108, 18, 25, 181, 120, 222, 136, 30, 44, 153, 51, 96,
       202, 214, 221, 176, 180, 222, 232, 208, 49, 59, 93, 43, 238, 93,
       150, 207, 244, 105, 200, 252, 4, 187, 15, 54, 176, 220, 227, 87,
       238, 201, 171, 112, 237, 243, 253, 134, 8, 91, 146, 226, 248, 93,
       94, 123, 165, 38, 168, 107, 146, 100, 74, 94, 230, 247, 43, 145,
       104, 118, 164, 61, 15, 137, 176, 101, 36, 214, 239, 242, 128, 172,
       219, 17, 121, 60, 120, 120, 238, 101, 93, 91, 88, 81, 44, 245, 46,
       59, 221, 51, 144, 94, 185, 151, 234, 200, 54, 120, 153, 211, 201,
       33, 185, 119, 187, 78, 147, 211, 18, 107, 169, 106, 32, 169, 83,
       164, 72, 214, 247, 25, 135, 242, 83, 110, 157, 191, 173, 137, 159,
       165, 192, 214, 105, 186, 136, 45, 132, 49, 249, 0, 193, 20, 141,
       149, 134, 44, 167, 76, 0, 90, 66, 236, 42, 56, 68, 80, 2, 42, 161,
       80, 24, 1, 221, 37, 50, 206, 66, 22, 14, 177, 12, 116, 60, 24,
       170, 31, 253, 82, 200, 43, 44, 185, 13, 47, 222, 111, 16, 188,
       185, 205, 81, 14, 35, 218, 223, 147, 221, 3, 59, 120, 11, 107, 31,
       139, 171, 225, 213, 230, 249, 188, 55, 91, 97, 84, 223, 188, 172,
       214, 40, 175, 63, 183, 157, 183, 252, 228, 195, 78, 63, 254, 226,
       199, 132, 151, 253, 49, 216, 111, 252, 62, 131, 205, 249, 86, 106,
       208, 230, 113, 249, 184, 97, 127, 236, 63, 173, 169, 247, 47, 159,
       250, 239, 255, 148, 61, 168, 112, 49, 250, 249, 19, 160, 57, 221,
       88, 164, 171, 248, 176, 41, 142, 158, 66, 183, 196, 245, 253, 83,
       79, 75, 210, 176, 187, 209, 143, 255, 2, 12, 14, 95, 253, 229, 97,
       199, 255, 23, 71, 248, 81, 234, 189, 110, 83, 113, 215, 182, 89,
       196, 212, 110, 237, 115, 237, 142, 58, 205, 165, 180, 111, 254,
       90, 229, 151, 5, 239, 250, 148, 162, 239, 197, 118, 3, 199, 146,
       89, 235, 57, 104, 127, 206, 59, 153, 59, 211, 61, 198, 249, 167,
       158, 68, 165, 216, 240, 32, 130, 189, 17, 139, 244, 135, 174, 237,
       31, 169, 90, 115, 228, 124, 60, 68, 223, 123, 19, 243, 115, 184,
       89, 255, 45, 22, 143, 194, 220, 11, 177, 185, 43, 48, 241, 77,
       125, 93, 234, 90, 91, 233, 116, 126, 168, 28, 214, 180, 222, 156,
       214, 152, 183, 58, 244, 207, 14, 93, 144, 235, 95, 140, 90, 253,
       130, 157, 29, 155, 252, 135, 190, 175, 156, 10, 218, 115, 244,
       122, 52, 65, 223, 115, 27, 227, 117, 137, 73, 127, 44, 38, 175,
       210, 28, 10, 185, 139, 43, 182, 38, 153, 125, 149, 185, 107, 221,
       204, 212, 167, 172, 204, 54, 133, 255, 41, 151, 181, 165, 239,
       118, 220, 30, 91, 139, 235, 95, 12, 121, 223, 155, 243, 122, 64,
       211, 27, 188, 221, 123, 229, 52, 174, 9, 142, 255, 52, 55, 223,
       134, 244, 246, 184, 164, 222, 126, 93, 23, 231, 231, 148, 143,
       253, 14, 157, 148, 147, 253, 212, 188, 175, 158, 159, 26, 17, 236,
       254, 110, 207, 135, 119, 187, 17, 118, 72, 155, 241, 45, 54, 95,
       203, 146, 84, 173, 207, 0, 153, 27, 250, 114, 193, 177, 87, 142,
       73, 90, 39, 180, 158, 160, 96, 230, 59, 31, 145, 18, 137, 16, 125,
       201, 133, 186, 194, 152, 8, 165, 155, 19, 77, 83, 234, 114, 162,
       171, 64, 156, 1, 121, 194, 61, 202, 177, 96, 126, 185, 6, 221,
       129, 171, 4, 222, 48, 172, 170, 200, 253, 131, 33, 161, 17, 205,
       111, 254, 182, 144, 190, 231, 236, 64, 218, 162, 49, 158, 180, 97,
       238, 251, 63, 206, 205, 139, 36, 125, 178, 233, 174, 136, 21, 152,
       241, 249, 44, 4, 250, 236, 196, 98, 227, 91, 84, 7, 126, 18, 17,
       185, 33, 72, 120, 158, 34, 58, 16, 187, 17, 130, 119, 175, 178,
       77, 247, 233, 244, 162, 97, 113, 57, 76, 73, 79, 65, 29, 227, 228,
       164, 12, 146, 151, 65, 54, 128, 52, 120, 120, 73, 42, 243, 24, 71,
       248, 1, 60, 66, 0, 70, 122, 26, 18, 166, 189, 43, 82, 56, 89, 165,
       223, 214, 183, 173, 167, 35, 207, 102, 117, 189, 161, 44, 205, 35,
       200, 211, 243, 250, 131, 182, 164, 45, 91, 50, 173, 171, 188, 215,
       195, 143, 103, 150, 135, 204, 147, 33, 237, 50, 0, 88, 170, 147,
       133, 90, 191, 54, 191, 241, 39, 158, 9, 53, 78, 180, 248, 1, 209,
       19, 239, 52, 135, 239, 53, 20, 73, 91, 102, 245, 55, 160, 100, 86,
       60, 31, 8, 217, 152, 97, 159, 165, 174, 186, 192, 60, 138, 177,
       57, 200, 80, 255, 221, 78, 74, 229, 112, 100, 178, 242, 114, 241,
       61, 145, 107, 104, 252, 106, 235, 225, 244, 231, 72, 85, 170, 230,
       0, 101, 248, 116, 160, 57, 116, 121, 229, 116, 95, 75, 90, 68,
       232, 124, 44, 187, 21, 145, 180, 94, 156, 22, 108, 201, 176, 97,
       158, 231, 205, 161, 164, 110, 186, 90, 249, 42, 178, 102, 139,
       127, 115, 184, 232, 15, 125, 221, 167, 200, 204, 62, 132, 223,
       155, 223, 181, 134, 163, 123, 245, 31, 87, 154, 215, 215, 15, 61,
       223, 255, 114, 191, 120, 43, 85, 17, 216, 171, 254, 53, 189, 94,
       223, 207, 191, 135, 117, 245, 115, 165, 71, 186, 208, 219, 219,
       109, 191, 239, 245, 15, 119, 216, 177, 58, 236, 27, 196, 49, 113,
       168, 204, 255, 39, 28, 223, 2, 112, 246, 189, 255, 161, 212, 11,
       178, 196, 249, 225, 42, 203, 35, 2, 175, 211, 97, 225, 168, 164,
       184, 79, 77, 191, 34, 252, 136, 13, 183, 44, 83, 18, 145, 196,
       125, 61, 79, 75, 243, 24, 249, 193, 173, 188, 8, 96, 22, 90, 253,
       223, 227, 68, 246, 50, 207, 255, 83, 238, 252, 239, 89, 109, 191,
       100, 127, 198, 55, 239, 253, 114, 237, 190, 126, 111, 229, 188,
       255, 255, 242, 213, 218, 80, 242, 220, 107, 82, 120, 88, 61, 79,
       214, 183, 8, 151, 166, 220, 118, 181, 191, 144, 136, 223, 179,
       194, 215, 246, 218, 131, 38, 164, 44, 87, 42, 179, 160, 42, 249,
       209, 152, 77, 11, 93, 29, 173, 140, 156, 94, 128, 143, 27, 215,
       21, 150, 42, 226, 209, 15, 85, 30, 251, 215, 14, 159, 223, 183,
       215, 232, 170, 238, 1, 207, 248, 83, 74, 249, 239, 83, 237, 253,
       32, 127, 200, 23, 239, 203, 35, 78, 242, 50, 12, 165, 188, 125,
       255, 242, 241, 242, 249, 58, 178, 40, 221, 90, 228, 171, 172, 176,
       41, 174, 158, 66, 52, 230, 253, 253, 81, 78, 11, 194, 241, 153,
       209, 14, 251, 0, 18, 15, 79, 150, 239, 107, 208, 214, 243, 254,
       71, 253, 228, 123, 179, 8, 204, 246, 36, 63, 187, 151, 147, 246,
       187, 44, 206, 63, 28, 15, 231, 231, 214, 231, 247, 101, 115, 241,
       69, 54, 15, 135, 56, 106, 224, 43, 236, 247, 33, 209, 166, 22,
       116, 104, 111, 193, 240, 253, 10, 164, 12, 5, 52, 110, 187, 67,
       49, 33, 221, 121, 73, 116, 199, 239, 244, 69, 100, 124, 74, 49,
       21, 148, 52, 94, 176, 18, 234, 193, 186, 116, 125, 119, 12, 32,
