%YAML:1.0
---
descriptors: !!opencv-matrix
   rows: 399
   cols: 32
   dt: u
   data: [ 23, 104, 7, 156, 65, 210, 170, 66, 174, 208, 194, 2, 40, 222,
       53, 236, 104, 169, 187, 195, 4, 159, 166, 240, 17, 96, 138, 11, 7,
       5, 53, 206, 104, 185, 120, 98, 112, 205, 115, 81, 43, 172, 189, 8,
       59, 159, 66, 16, 156, 188, 199, 88, 90, 58, 240, 21, 127, 221, 33,
       121, 66, 138, 206, 179, 161, 216, 26, 158, 89, 143, 147, 210, 31,
       8, 240, 76, 54, 208, 33, 52, 221, 250, 6, 64, 43, 175, 90, 63,
       177, 150, 16, 58, 88, 9, 42, 173, 40, 219, 186, 202, 60, 129, 87,
       213, 198, 141, 124, 100, 230, 211, 227, 64, 218, 56, 174, 80, 90,
       163, 74, 17, 234, 181, 37, 43, 18, 186, 244, 163, 40, 211, 18,
       232, 184, 143, 20, 125, 135, 137, 248, 229, 238, 193, 169, 192,
       214, 56, 166, 80, 15, 178, 74, 157, 234, 213, 37, 203, 154, 190,
       168, 27, 31, 221, 229, 243, 215, 180, 255, 182, 115, 251, 30, 70,
       249, 123, 92, 230, 101, 214, 181, 222, 183, 248, 253, 239, 111,
       239, 183, 196, 175, 215, 208, 251, 249, 82, 70, 140, 110, 26, 108,
       125, 121, 226, 246, 254, 123, 26, 182, 247, 126, 229, 238, 230,
       237, 103, 245, 207, 182, 123, 243, 158, 63, 188, 107, 93, 33, 33,
       231, 77, 28, 83, 161, 88, 86, 225, 114, 66, 81, 248, 180, 172,
       120, 108, 114, 25, 129, 250, 247, 140, 13, 42, 195, 64, 71, 168,
       112, 164, 128, 140, 31, 53, 16, 175, 105, 55, 180, 7, 98, 149,
       247, 39, 0, 91, 45, 183, 107, 12, 56, 252, 83, 15, 197, 166, 82,
       64, 64, 128, 133, 56, 96, 63, 225, 69, 176, 42, 109, 55, 48, 174,
       122, 236, 147, 39, 128, 118, 22, 254, 108, 40, 249, 216, 229, 14,
       238, 191, 229, 144, 228, 240, 198, 121, 63, 238, 108, 40, 61, 187,
       210, 206, 71, 252, 188, 175, 11, 8, 215, 148, 201, 201, 197, 85,
       142, 107, 71, 191, 186, 221, 133, 255, 255, 253, 90, 199, 174,
       126, 230, 148, 127, 123, 178, 202, 155, 254, 180, 255, 72, 236,
       231, 159, 253, 245, 231, 183, 164, 119, 104, 202, 30, 86, 207,
       191, 199, 125, 126, 215, 1, 174, 159, 85, 112, 222, 105, 23, 126,
       73, 118, 112, 190, 23, 128, 248, 133, 62, 70, 24, 163, 188, 96,
       127, 13, 191, 50, 192, 192, 128, 199, 169, 57, 18, 237, 77, 84,
       75, 225, 89, 86, 229, 246, 102, 83, 61, 144, 96, 120, 204, 38,
       104, 169, 242, 117, 12, 87, 171, 97, 64, 103, 136, 116, 240, 70,
       185, 164, 159, 77, 144, 186, 168, 207, 148, 147, 7, 236, 248, 95,
       199, 225, 103, 251, 215, 70, 105, 219, 241, 14, 50, 207, 15, 14,
       47, 57, 206, 113, 149, 127, 229, 244, 38, 111, 55, 117, 74, 127,
       64, 83, 51, 184, 113, 114, 198, 52, 170, 249, 152, 49, 79, 231,
       239, 226, 0, 41, 226, 224, 41, 33, 156, 72, 37, 116, 175, 227, 55,
       124, 105, 122, 68, 179, 57, 146, 96, 89, 46, 54, 13, 157, 184, 85,
       47, 108, 191, 178, 64, 204, 168, 80, 153, 89, 177, 186, 162, 185,
       156, 89, 221, 235, 93, 189, 8, 223, 254, 74, 50, 182, 143, 124,
       92, 159, 107, 186, 0, 251, 249, 52, 126, 192, 18, 131, 107, 37,
       73, 122, 79, 116, 135, 227, 112, 84, 4, 125, 2, 112, 65, 181, 96,
       120, 232, 2, 110, 193, 178, 124, 61, 102, 45, 32, 0, 119, 187,
       112, 160, 38, 156, 145, 215, 252, 71, 174, 232, 26, 187, 80, 98,
       208, 253, 253, 47, 223, 91, 19, 59, 241, 122, 248, 233, 45, 30,
       207, 238, 213, 248, 81, 165, 164, 205, 217, 211, 236, 101, 175,
       254, 30, 178, 120, 82, 212, 243, 233, 41, 95, 90, 2, 106, 113,
       126, 74, 242, 45, 158, 231, 108, 212, 251, 129, 161, 245, 93, 101,
       165, 158, 3, 207, 189, 84, 232, 210, 239, 83, 41, 153, 97, 126,
       196, 125, 239, 233, 146, 253, 174, 252, 170, 173, 148, 45, 186,
       240, 121, 125, 37, 216, 228, 216, 125, 91, 155, 3, 160, 172, 8,
       23, 243, 73, 50, 17, 220, 92, 56, 27, 66, 248, 10, 251, 205, 37,
       125, 160, 226, 74, 34, 117, 61, 219, 199, 116, 36, 107, 208, 33,
       200, 254, 70, 113, 243, 129, 116, 120, 238, 21, 236, 139, 146,
       176, 40, 119, 172, 162, 128, 175, 243, 114, 185, 124, 43, 251,
       230, 214, 38, 107, 80, 96, 132, 239, 202, 83, 103, 65, 114, 126,
       252, 4, 250, 25, 146, 177, 10, 215, 237, 161, 0, 165, 227, 118,
       48, 153, 190, 231, 145, 164, 187, 109, 151, 118, 123, 82, 246,
       179, 236, 212, 233, 111, 174, 62, 157, 187, 252, 247, 224, 132,
       106, 254, 192, 173, 220, 208, 245, 91, 35, 82, 204, 62, 19, 59,
       88, 141, 128, 156, 234, 29, 211, 167, 100, 118, 177, 95, 236, 197,
       3, 166, 220, 146, 249, 171, 184, 54, 163, 41, 5, 155, 188, 71,
       189, 164, 182, 236, 223, 86, 251, 82, 214, 241, 24, 144, 233, 125,
       238, 62, 157, 191, 252, 245, 175, 36, 107, 255, 192, 175, 220,
       248, 221, 177, 166, 233, 165, 180, 15, 207, 59, 84, 234, 218, 95,
       211, 105, 152, 32, 61, 206, 93, 45, 248, 252, 69, 14, 232, 175,
       165, 180, 237, 232, 210, 193, 252, 195, 108, 172, 142, 18, 94,
       184, 19, 190, 149, 191, 83, 111, 91, 91, 91, 196, 253, 239, 124,
       71, 207, 176, 210, 227, 237, 253, 53, 191, 124, 82, 161, 240, 123,
       112, 245, 157, 113, 221, 123, 73, 180, 92, 30, 219, 76, 52, 157,
       154, 86, 124, 251, 111, 178, 231, 251, 217, 52, 126, 74, 136, 194,
       59, 173, 158, 255, 126, 254, 127, 199, 255, 83, 226, 124, 122,
       114, 125, 180, 161, 93, 254, 178, 43, 185, 254, 63, 175, 127, 47,
       117, 4, 231, 249, 212, 185, 1, 153, 63, 109, 162, 238, 53, 119,
       172, 77, 110, 16, 190, 183, 0, 112, 164, 51, 93, 12, 19, 153, 50,
       85, 199, 191, 82, 66, 64, 64, 135, 251, 177, 30, 237, 87, 54, 111,
       233, 59, 86, 235, 246, 246, 243, 37, 148, 109, 127, 238, 62, 172,
       185, 252, 109, 174, 124, 174, 245, 208, 125, 232, 208, 121, 98,
       219, 144, 142, 121, 201, 150, 198, 143, 13, 252, 41, 174, 255, 99,
       20, 202, 123, 143, 80, 10, 43, 194, 251, 252, 180, 14, 187, 210,
       31, 13, 139, 102, 161, 132, 165, 173, 43, 76, 143, 139, 181, 168,
       9, 195, 234, 76, 82, 193, 215, 109, 145, 26, 73, 203, 144, 205,
       214, 223, 127, 132, 106, 196, 2, 89, 25, 219, 238, 6, 100, 83,
       144, 100, 72, 222, 98, 119, 119, 41, 114, 118, 246, 60, 202, 9,
       50, 241, 41, 211, 229, 162, 8, 52, 251, 52, 107, 65, 96, 31, 204,
       122, 143, 186, 72, 174, 168, 195, 72, 244, 211, 205, 114, 242,
       109, 106, 110, 3, 67, 203, 93, 20, 168, 43, 58, 24, 139, 35, 161,
       113, 248, 220, 127, 48, 158, 74, 184, 119, 163, 230, 96, 115, 179,
       128, 125, 119, 252, 126, 202, 233, 220, 233, 61, 158, 239, 209,
       80, 34, 129, 104, 40, 94, 24, 142, 190, 11, 180, 22, 98, 164, 194,
       138, 167, 236, 254, 35, 202, 236, 247, 249, 199, 12, 203, 146,
       233, 211, 231, 218, 139, 168, 119, 41, 26, 155, 179, 231, 157, 95,
       22, 185, 89, 23, 245, 215, 151, 73, 238, 54, 198, 125, 205, 187,
       133, 157, 211, 191, 221, 31, 99, 207, 196, 47, 164, 52, 212, 34,
       160, 177, 164, 124, 67, 169, 105, 90, 177, 48, 10, 149, 153, 116,
       3, 222, 61, 19, 33, 129, 122, 210, 157, 93, 26, 219, 60, 85, 40,
       83, 168, 68, 235, 149, 142, 120, 129, 154, 136, 171, 176, 168, 72,
       252, 195, 72, 22, 6, 213, 110, 219, 66, 75, 203, 241, 252, 16, 15,
       124, 16, 130, 3, 41, 48, 116, 201, 229, 18, 67, 15, 126, 22, 226,
       218, 226, 83, 39, 128, 0, 123, 220, 21, 232, 41, 156, 77, 14, 252,
       198, 173, 148, 45, 170, 20, 184, 9, 179, 149, 159, 182, 187, 160,
       159, 94, 169, 90, 242, 236, 224, 196, 236, 55, 126, 174, 17, 183,
       248, 175, 255, 12, 38, 63, 230, 150, 44, 149, 45, 160, 112, 3,
       173, 78, 79, 161, 84, 28, 32, 210, 79, 48, 157, 33, 73, 124, 157,
       123, 227, 225, 183, 209, 72, 85, 32, 234, 168, 93, 57, 51, 187,
       57, 4, 238, 77, 87, 119, 195, 104, 87, 225, 230, 10, 83, 120, 63,
       45, 121, 204, 178, 169, 173, 242, 125, 159, 123, 111, 197, 21,
       103, 174, 124, 228, 142, 149, 183, 255, 170, 230, 57, 187, 190,
       211, 66, 180, 253, 247, 105, 107, 183, 127, 57, 184, 51, 216, 186,
       253, 205, 243, 223, 68, 156, 224, 133, 112, 64, 174, 191, 245, 52,
