%YAML:1.0
---
descriptors: !!opencv-matrix
   rows: 166
   cols: 32
   dt: u
   data: [ 60, 161, 62, 234, 157, 215, 210, 105, 70, 140, 253, 3, 107,
       249, 56, 128, 248, 186, 135, 243, 90, 171, 11, 157, 251, 199, 167,
       93, 243, 42, 252, 130, 60, 23, 97, 77, 96, 123, 77, 57, 1, 234,
       125, 236, 83, 103, 157, 189, 94, 152, 151, 174, 137, 178, 101, 28,
       70, 143, 225, 180, 127, 239, 70, 241, 175, 118, 97, 105, 120, 119,
       75, 88, 1, 236, 157, 236, 219, 71, 152, 180, 94, 152, 215, 174,
       233, 6, 125, 159, 6, 217, 161, 188, 63, 166, 86, 241, 188, 92, 90,
       226, 197, 116, 222, 199, 121, 15, 255, 27, 11, 58, 38, 153, 233,
       131, 134, 162, 124, 191, 81, 226, 243, 221, 158, 19, 227, 94, 238,
       202, 98, 176, 251, 80, 200, 236, 120, 87, 187, 219, 168, 221, 132,
       190, 100, 90, 197, 187, 127, 144, 147, 79, 178, 80, 95, 30, 214,
       238, 208, 64, 7, 127, 250, 88, 255, 244, 46, 74, 125, 48, 185,
       218, 182, 187, 95, 31, 133, 123, 230, 245, 253, 234, 232, 199,
       225, 232, 211, 251, 230, 144, 39, 177, 102, 115, 208, 252, 27,
       226, 50, 205, 19, 180, 190, 41, 130, 24, 183, 151, 64, 112, 182,
       253, 125, 80, 123, 15, 154, 55, 249, 161, 47, 120, 40, 0, 133, 59,
       246, 7, 237, 238, 28, 2, 206, 168, 83, 162, 243, 202, 83, 104, 29,
       17, 91, 197, 53, 239, 232, 242, 77, 191, 184, 46, 229, 148, 101,
       251, 114, 0, 165, 135, 73, 142, 204, 1, 198, 232, 198, 162, 185,
       206, 241, 98, 249, 2, 89, 194, 74, 238, 105, 39, 78, 186, 56, 134,
       231, 60, 61, 251, 112, 160, 86, 237, 150, 151, 149, 224, 166, 198,
       59, 19, 139, 19, 164, 226, 76, 206, 225, 207, 168, 211, 126, 217,
       139, 227, 189, 54, 159, 67, 128, 85, 189, 14, 1, 41, 139, 141,
       220, 3, 40, 206, 62, 129, 194, 66, 180, 162, 97, 72, 105, 79, 42,
       220, 2, 250, 195, 98, 28, 36, 159, 0, 136, 33, 33, 136, 167, 212,
       234, 223, 228, 84, 237, 117, 92, 79, 215, 22, 208, 252, 254, 108,
       125, 232, 55, 143, 224, 246, 246, 194, 103, 63, 246, 200, 85, 248,
       244, 245, 62, 220, 210, 163, 181, 126, 214, 231, 49, 111, 251, 27,
       15, 60, 42, 156, 249, 223, 134, 163, 124, 190, 89, 234, 177, 246,
       222, 67, 227, 126, 238, 223, 223, 18, 193, 147, 100, 54, 232, 16,
       121, 219, 87, 246, 201, 106, 221, 238, 127, 132, 55, 191, 167,
       212, 45, 194, 14, 91, 234, 196, 175, 231, 120, 181, 190, 157, 82,
       162, 197, 95, 118, 231, 57, 79, 246, 27, 10, 62, 46, 221, 233,
       211, 142, 226, 124, 191, 113, 226, 187, 215, 222, 83, 227, 95,
       254, 222, 62, 220, 80, 163, 149, 92, 246, 231, 57, 79, 189, 19,
       139, 62, 14, 209, 233, 211, 142, 162, 108, 182, 88, 226, 183, 215,
       158, 19, 195, 95, 238, 214, 194, 184, 159, 240, 120, 237, 169, 82,
       186, 27, 113, 89, 188, 183, 100, 219, 133, 59, 83, 17, 51, 94,
       146, 114, 93, 25, 122, 232, 136, 0, 35, 187, 244, 67, 126, 236,
       42, 74, 87, 184, 164, 132, 231, 171, 87, 115, 171, 83, 118, 244,
       109, 234, 108, 131, 77, 12, 242, 235, 101, 153, 52, 179, 100, 3,
       228, 116, 249, 90, 76, 237, 211, 200, 218, 183, 53, 24, 82, 221,
       109, 57, 217, 152, 66, 114, 34, 102, 122, 48, 95, 137, 65, 127,
       209, 123, 70, 242, 92, 48, 184, 99, 176, 110, 115, 24, 42, 189,
       59, 121, 223, 59, 73, 26, 191, 221, 77, 51, 24, 240, 201, 64, 205,
       205, 33, 229, 224, 99, 7, 131, 206, 168, 156, 122, 169, 249, 16,
       143, 155, 159, 164, 57, 174, 255, 66, 27, 131, 115, 233, 16, 50,
       111, 202, 49, 203, 211, 85, 123, 210, 68, 143, 11, 220, 244, 26,
       250, 49, 236, 83, 216, 191, 29, 245, 25, 223, 223, 106, 81, 183,
       153, 141, 114, 58, 7, 154, 55, 219, 241, 43, 109, 144, 3, 47, 83,
       217, 95, 47, 5, 33, 94, 55, 182, 36, 78, 150, 229, 90, 53, 163,
       231, 236, 84, 254, 110, 237, 129, 113, 172, 246, 107, 98, 146, 10,
       253, 172, 125, 231, 107, 228, 68, 237, 27, 70, 140, 233, 242, 178,
       237, 74, 8, 215, 191, 138, 196, 236, 126, 237, 103, 237, 232, 50,
       88, 69, 63, 239, 255, 90, 76, 137, 15, 24, 253, 52, 146, 111, 55,
       84, 10, 94, 98, 243, 35, 160, 228, 88, 110, 38, 140, 105, 156, 69,
       47, 228, 239, 178, 0, 58, 168, 40, 136, 244, 96, 232, 104, 76, 71,
       71, 220, 67, 52, 164, 10, 83, 17, 89, 60, 88, 220, 66, 106, 74,
       39, 123, 17, 243, 201, 133, 60, 115, 187, 246, 34, 125, 113, 151,
       239, 45, 15, 118, 248, 109, 232, 243, 76, 223, 91, 9, 123, 220,
       220, 94, 106, 201, 247, 217, 168, 247, 251, 71, 52, 74, 59, 91,
       51, 125, 85, 29, 238, 189, 79, 86, 248, 109, 232, 253, 76, 223,
       123, 9, 48, 220, 213, 126, 106, 201, 35, 89, 172, 243, 217, 37,
       62, 90, 123, 67, 51, 80, 175, 156, 191, 184, 171, 71, 174, 174,
       181, 142, 9, 247, 35, 2, 66, 97, 247, 109, 8, 26, 75, 203, 49,
       236, 246, 63, 16, 144, 72, 169, 10, 125, 117, 25, 224, 188, 15,
       95, 184, 59, 250, 186, 104, 223, 119, 201, 48, 149, 221, 125, 122,
       233, 66, 217, 62, 251, 223, 39, 188, 138, 241, 67, 51, 70, 237,
       148, 190, 31, 137, 170, 168, 187, 144, 8, 10, 236, 234, 92, 134,
       179, 235, 107, 211, 38, 65, 202, 255, 189, 22, 143, 59, 148, 35,
       3, 6, 128, 68, 222, 252, 61, 139, 94, 104, 159, 130, 248, 9, 207,
       235, 37, 81, 211, 125, 111, 98, 96, 103, 26, 223, 179, 246, 71,
       63, 80, 122, 9, 130, 118, 162, 197, 253, 28, 3, 202, 168, 87, 176,
       243, 74, 99, 105, 93, 2, 89, 204, 117, 227, 42, 242, 207, 157,
       136, 190, 197, 180, 125, 187, 80, 0, 101, 33, 56, 69, 60, 27, 99,
       184, 109, 172, 191, 8, 215, 114, 141, 116, 18, 196, 76, 106, 137,
       240, 233, 92, 245, 189, 35, 52, 64, 163, 67, 33, 201, 24, 159,
       221, 109, 100, 233, 22, 250, 90, 102, 80, 184, 179, 117, 123, 193,
       126, 58, 8, 1, 116, 243, 225, 69, 187, 210, 8, 216, 241, 97, 168,
       207, 223, 59, 115, 165, 116, 63, 183, 125, 79, 95, 117, 157, 63,
       255, 233, 167, 87, 157, 130, 245, 221, 56, 226, 103, 255, 254,
       195, 142, 213, 237, 123, 117, 123, 147, 160, 124, 71, 19, 216,
       139, 236, 185, 237, 70, 212, 239, 86, 220, 253, 238, 118, 205, 35,
       250, 152, 152, 212, 37, 254, 88, 47, 38, 213, 78, 104, 211, 69,
       99, 106, 233, 66, 235, 242, 162, 8, 158, 190, 85, 186, 163, 245,
       124, 25, 1, 245, 176, 64, 157, 152, 69, 53, 197, 113, 71, 224,
       121, 219, 126, 108, 40, 30, 87, 60, 225, 204, 190, 236, 123, 101,
       146, 115, 6, 228, 236, 110, 221, 99, 231, 13, 242, 235, 100, 152,
       107, 178, 106, 89, 43, 239, 98, 138, 213, 149, 174, 255, 69, 64,
       88, 199, 40, 200, 182, 164, 92, 171, 19, 221, 223, 58, 70, 255,
       60, 28, 158, 200, 95, 158, 248, 156, 13, 160, 17, 193, 221, 121,
       161, 139, 78, 241, 5, 26, 221, 20, 74, 174, 59, 10, 218, 56, 23,
       112, 253, 148, 15, 89, 19, 117, 218, 13, 221, 246, 254, 221, 186,
       178, 149, 124, 214, 231, 61, 119, 188, 27, 78, 62, 46, 145, 249,
       211, 143, 99, 124, 251, 121, 234, 251, 211, 206, 19, 227, 125,
       239, 214, 0, 33, 31, 129, 44, 98, 169, 67, 172, 181, 166, 0, 156,
       131, 48, 203, 226, 37, 106, 157, 1, 193, 17, 64, 132, 177, 218,
       17, 12, 0, 41, 32, 76, 179, 157, 163, 176, 47, 49, 25, 58, 185,
       59, 125, 223, 31, 72, 26, 151, 29, 77, 49, 147, 80, 217, 84, 205,
       213, 47, 244, 200, 2, 135, 19, 72, 176, 236, 53, 77, 122, 113, 27,
       114, 247, 102, 157, 139, 167, 194, 255, 33, 12, 234, 12, 167, 220,
       247, 129, 199, 231, 115, 37, 170, 164, 79, 246, 137, 186, 150,
       241, 105, 189, 169, 82, 190, 27, 116, 52, 188, 147, 194, 191, 133,
       58, 246, 24, 50, 220, 194, 145, 206, 219, 122, 232, 138, 4, 43,
       161, 9, 138, 144, 217, 37, 189, 121, 19, 119, 127, 118, 20, 175,
       163, 226, 237, 5, 42, 174, 12, 158, 252, 99, 147, 206, 223, 80,
       99, 146, 204, 12, 237, 5, 176, 185, 243, 236, 173, 249, 159, 207,
       59, 57, 120, 158, 185, 216, 42, 143, 27, 127, 25, 147, 120, 235,
       211, 207, 223, 63, 246, 220, 202, 129, 163, 125, 71, 100, 71, 176,
