%YAML:1.0
---
descriptors: !!opencv-matrix
   rows: 133
   cols: 32
   dt: u
   data: [ 73, 52, 185, 25, 170, 60, 41, 27, 58, 99, 134, 176, 157, 39,
       194, 120, 39, 31, 124, 156, 179, 77, 247, 82, 223, 103, 59, 252,
       130, 228, 131, 113, 254, 100, 241, 101, 38, 58, 120, 18, 105, 162,
       183, 153, 207, 63, 213, 63, 167, 213, 125, 159, 168, 244, 229,
       194, 215, 249, 199, 167, 231, 245, 67, 7, 166, 141, 150, 254, 252,
       171, 150, 239, 223, 130, 112, 88, 238, 249, 37, 205, 215, 123,
       111, 34, 48, 111, 10, 191, 170, 254, 87, 58, 212, 249, 193, 141,
       134, 165, 252, 223, 252, 162, 184, 171, 219, 179, 57, 146, 204,
       233, 124, 11, 147, 71, 115, 49, 178, 96, 139, 215, 12, 62, 223,
       236, 213, 234, 209, 128, 194, 173, 151, 182, 190, 161, 188, 175,
       154, 179, 24, 208, 252, 234, 112, 66, 135, 111, 123, 145, 114, 77,
       138, 251, 172, 22, 159, 234, 132, 80, 177, 41, 196, 237, 135, 147,
       148, 168, 38, 135, 190, 147, 74, 18, 228, 226, 73, 74, 97, 238,
       42, 152, 50, 220, 155, 227, 172, 38, 223, 68, 128, 112, 161, 8,
       60, 125, 211, 238, 253, 79, 87, 216, 63, 168, 248, 8, 95, 127, 9,
       16, 220, 217, 93, 98, 9, 163, 91, 190, 243, 223, 37, 62, 218, 123,
       102, 179, 4, 165, 20, 131, 221, 109, 176, 75, 30, 53, 57, 26, 204,
       240, 72, 140, 185, 27, 226, 17, 18, 120, 91, 208, 29, 20, 31, 103,
       144, 78, 141, 134, 2, 187, 24, 186, 252, 193, 180, 239, 142, 29,
       88, 35, 164, 190, 96, 64, 203, 59, 3, 1, 86, 10, 74, 245, 173, 20,
       30, 107, 16, 10, 165, 203, 198, 148, 172, 149, 201, 116, 180, 143,
       186, 183, 2, 21, 204, 56, 78, 75, 129, 71, 251, 17, 54, 220, 147,
       194, 77, 54, 222, 71, 128, 84, 157, 222, 233, 2, 212, 124, 124,
       63, 72, 27, 255, 170, 182, 124, 159, 43, 147, 255, 135, 132, 110,
       44, 169, 109, 65, 218, 198, 255, 112, 148, 218, 168, 75, 41, 128,
       164, 149, 187, 248, 169, 160, 143, 30, 27, 80, 112, 180, 179, 232,
       200, 199, 27, 34, 24, 51, 92, 67, 243, 140, 150, 126, 232, 152,
       72, 129, 169, 199, 183, 247, 216, 252, 172, 248, 219, 187, 155,
       56, 112, 156, 251, 244, 238, 231, 27, 63, 25, 179, 77, 138, 211,
       140, 152, 127, 238, 158, 224, 161, 165, 165, 173, 77, 111, 29, 79,
       66, 184, 86, 224, 234, 12, 243, 101, 17, 48, 88, 228, 106, 110,
       233, 242, 127, 63, 237, 171, 197, 20, 121, 43, 88, 56, 11, 127,
       123, 237, 114, 158, 59, 114, 61, 200, 94, 228, 189, 159, 163, 112,
       182, 61, 159, 207, 197, 152, 52, 238, 230, 253, 42, 130, 14, 147,
       41, 249, 105, 2, 212, 124, 109, 63, 120, 19, 235, 253, 118, 124,
       142, 10, 150, 255, 134, 36, 238, 12, 132, 124, 225, 216, 70, 251,
       112, 185, 202, 140, 74, 205, 1, 13, 255, 229, 118, 142, 111, 246,
       60, 128, 126, 66, 125, 179, 49, 96, 118, 119, 63, 110, 225, 152,
       17, 238, 245, 191, 238, 0, 44, 242, 97, 169, 2, 171, 17, 186, 222,
       141, 182, 239, 30, 1, 72, 75, 164, 255, 104, 0, 221, 59, 3, 17,
       82, 26, 90, 245, 189, 20, 30, 106, 144, 10, 133, 170, 216, 180,
       188, 112, 169, 109, 21, 143, 171, 63, 164, 57, 142, 183, 74, 27,
       167, 23, 237, 16, 58, 77, 179, 115, 219, 211, 85, 127, 194, 64,
       135, 107, 133, 164, 221, 241, 236, 41, 233, 27, 254, 179, 49, 90,
       157, 227, 216, 43, 35, 15, 110, 24, 51, 116, 207, 210, 204, 154,
       119, 116, 212, 200, 131, 161, 246, 68, 214, 142, 77, 70, 86, 232,
       185, 142, 243, 11, 78, 254, 47, 219, 249, 213, 239, 227, 108, 71,
       219, 234, 145, 50, 203, 31, 1, 127, 124, 6, 242, 79, 103, 236,
       157, 82, 70, 236, 229, 4, 218, 3, 67, 40, 52, 215, 248, 228, 237,
       227, 108, 163, 5, 173, 179, 226, 199, 19, 35, 63, 244, 6, 250, 56,
       174, 244, 139, 253, 145, 23, 187, 127, 150, 191, 170, 189, 70, 42,
       237, 183, 253, 145, 190, 111, 242, 226, 219, 119, 220, 251, 239,
       76, 150, 127, 240, 72, 207, 180, 78, 8, 109, 196, 185, 146, 178,
       90, 123, 99, 1, 91, 106, 229, 108, 234, 104, 71, 195, 234, 148,
       162, 254, 24, 37, 113, 98, 40, 106, 178, 253, 248, 125, 119, 153,
       95, 27, 125, 181, 127, 28, 29, 222, 40, 159, 23, 245, 21, 151,
       111, 170, 213, 91, 95, 251, 255, 214, 140, 151, 115, 203, 81, 124,
       237, 46, 22, 91, 56, 193, 200, 84, 230, 249, 223, 150, 103, 6, 53,
       253, 239, 193, 0, 230, 221, 102, 251, 233, 136, 55, 166, 81, 113,
       237, 82, 206, 149, 100, 90, 173, 48, 56, 222, 246, 247, 223, 39,
       131, 255, 127, 196, 238, 238, 229, 244, 229, 202, 214, 99, 243,
       144, 111, 253, 93, 241, 77, 52, 153, 225, 240, 46, 120, 27, 58,
       187, 43, 80, 221, 51, 73, 122, 183, 31, 124, 60, 17, 208, 153, 66,
       207, 173, 119, 100, 136, 225, 195, 161, 97, 113, 17, 229, 101, 31,
       103, 184, 109, 232, 251, 72, 222, 82, 136, 180, 148, 205, 92, 110,
       201, 242, 249, 204, 181, 248, 33, 54, 64, 51, 66, 37, 6, 165, 16,
       131, 221, 109, 176, 73, 14, 53, 185, 27, 204, 122, 72, 140, 187,
       27, 234, 49, 22, 114, 219, 215, 29, 20, 31, 127, 144, 78, 141,
       134, 9, 253, 17, 127, 53, 141, 86, 190, 127, 41, 122, 76, 191, 49,
       0, 176, 133, 122, 92, 72, 195, 56, 89, 63, 175, 223, 52, 114, 90,
       27, 195, 41, 120, 156, 61, 126, 153, 239, 83, 183, 150, 13, 238,
       0, 247, 119, 32, 112, 193, 178, 29, 24, 58, 137, 121, 63, 235,
       239, 48, 80, 146, 202, 196, 123, 181, 115, 201, 74, 206, 3, 79,
       216, 67, 242, 177, 238, 83, 64, 217, 62, 127, 204, 84, 254, 203,
       103, 255, 48, 184, 136, 229, 188, 253, 251, 114, 181, 246, 28,
       237, 247, 142, 98, 143, 152, 22, 246, 159, 178, 81, 103, 201, 107,
       91, 214, 127, 178, 57, 71, 239, 162, 76, 163, 255, 148, 181, 251,
       180, 114, 156, 22, 255, 237, 180, 114, 223, 124, 85, 79, 214, 118,
       89, 61, 186, 105, 126, 212, 55, 169, 249, 183, 37, 138, 242, 239,
       246, 132, 247, 248, 244, 241, 93, 98, 156, 167, 32, 46, 107, 16,
       104, 162, 131, 196, 223, 35, 89, 90, 118, 205, 124, 239, 137, 212,
       197, 0, 196, 225, 107, 128, 172, 243, 35, 1, 65, 244, 156, 37,
       164, 46, 100, 191, 106, 187, 42, 92, 215, 48, 216, 123, 135, 70,
       124, 12, 209, 124, 209, 0, 140, 190, 117, 84, 200, 240, 217, 9,
       181, 239, 247, 220, 254, 35, 207, 251, 210, 210, 184, 242, 81,
       227, 249, 47, 127, 202, 86, 254, 249, 103, 46, 190, 120, 138, 231,
       188, 253, 248, 242, 161, 73, 75, 61, 103, 36, 14, 111, 180, 109,
       200, 126, 100, 247, 97, 145, 114, 150, 100, 108, 110, 201, 176,
       225, 40, 230, 249, 102, 128, 72, 243, 67, 41, 76, 178, 29, 163,
       169, 109, 49, 31, 170, 249, 179, 125, 159, 23, 72, 26, 135, 23,
       253, 16, 19, 73, 219, 80, 201, 209, 63, 246, 136, 0, 131, 19, 61,
       103, 196, 71, 48, 26, 78, 184, 117, 168, 127, 228, 83, 96, 159,
       244, 54, 204, 36, 110, 205, 176, 237, 46, 46, 238, 37, 132, 111,
       243, 90, 5, 226, 184, 235, 248, 201, 236, 177, 135, 187, 95, 148,
       189, 186, 189, 86, 59, 205, 179, 255, 145, 190, 111, 242, 227, 95,
       114, 222, 251, 207, 76, 215, 127, 118, 84, 214, 140, 77, 102, 118,
       72, 185, 142, 243, 11, 78, 254, 47, 223, 248, 245, 239, 227, 76,
       231, 219, 202, 149, 50, 203, 27, 1, 127, 126, 134, 59, 178, 61,
       91, 175, 253, 216, 155, 15, 125, 181, 125, 10, 29, 222, 60, 141,
       155, 245, 17, 159, 58, 251, 209, 75, 89, 56, 247, 215, 13, 214,
       119, 211, 170, 186, 26, 203, 244, 152, 199, 251, 95, 180, 31, 44,
       234, 102, 223, 231, 227, 239, 148, 182, 79, 170, 243, 91, 91, 86,
       251, 211, 68, 239, 79, 203, 85, 122, 108, 42, 22, 93, 55, 37, 106,
       150, 229, 221, 63, 183, 99, 198, 21, 253, 110, 229, 131, 37, 140,
       99, 249, 104, 146, 46, 244, 44, 127, 60, 40, 190, 242, 205, 47,
       208, 202, 195, 187, 169, 24, 30, 217, 97, 26, 169, 221, 99, 80,
       26, 119, 154, 176, 219, 223, 17, 127, 193, 107, 70, 162, 74, 50,
       212, 129, 108, 88, 249, 19, 235, 253, 54, 236, 141, 142, 214, 158,
       166, 13, 236, 29, 135, 248, 163, 192, 142, 209, 123, 163, 206,
