%YAML:1.0
---
descriptors: !!opencv-matrix
   rows: 223
   cols: 32
   dt: u
   data: [ 17, 30, 235, 227, 150, 171, 233, 214, 118, 115, 78, 214, 27,
       9, 113, 104, 111, 138, 27, 157, 147, 188, 53, 246, 222, 207, 154,
       68, 173, 200, 113, 184, 201, 245, 202, 247, 240, 206, 123, 53, 49,
       200, 247, 53, 119, 147, 74, 81, 50, 174, 85, 222, 121, 222, 209,
       46, 254, 233, 165, 192, 40, 130, 234, 27, 139, 16, 102, 73, 101,
       219, 176, 83, 77, 109, 246, 178, 168, 12, 182, 172, 110, 156, 254,
       137, 149, 188, 101, 221, 7, 121, 210, 195, 87, 140, 125, 253, 124,
       181, 186, 224, 211, 102, 117, 25, 33, 189, 191, 51, 95, 23, 74,
       90, 245, 150, 221, 176, 24, 211, 185, 130, 219, 229, 181, 213,
       162, 194, 230, 99, 114, 248, 145, 176, 57, 221, 22, 196, 171, 253,
       128, 41, 142, 159, 64, 150, 197, 245, 253, 81, 79, 15, 210, 179,
       185, 213, 159, 255, 2, 28, 135, 95, 159, 180, 110, 177, 149, 103,
       249, 95, 85, 245, 214, 151, 25, 60, 126, 41, 125, 139, 19, 189,
       189, 255, 53, 198, 91, 75, 158, 196, 175, 204, 180, 246, 191, 29,
       47, 250, 157, 231, 219, 112, 149, 192, 223, 18, 113, 255, 51, 97,
       216, 186, 27, 157, 59, 139, 50, 190, 219, 251, 138, 72, 191, 75,
       112, 242, 78, 56, 190, 112, 171, 124, 144, 135, 171, 251, 186, 40,
       30, 188, 71, 58, 163, 247, 253, 17, 21, 105, 147, 224, 91, 31, 93,
       255, 200, 116, 143, 31, 54, 157, 183, 179, 244, 70, 191, 231, 28,
       63, 218, 19, 132, 62, 32, 67, 239, 215, 63, 209, 122, 219, 17,
       226, 253, 54, 222, 211, 132, 120, 181, 251, 67, 210, 193, 142,
       124, 4, 111, 184, 14, 73, 91, 231, 245, 231, 152, 68, 22, 68, 63,
       238, 193, 0, 207, 255, 36, 44, 171, 136, 28, 178, 17, 121, 152,
       90, 62, 190, 42, 197, 157, 246, 140, 14, 246, 35, 255, 159, 35, 9,
       174, 49, 253, 195, 104, 143, 2, 63, 211, 195, 122, 145, 113, 16,
       45, 91, 67, 92, 63, 148, 103, 156, 183, 246, 237, 202, 94, 102,
       188, 222, 167, 98, 166, 115, 126, 65, 197, 141, 162, 255, 247,
       253, 58, 138, 0, 1, 33, 91, 0, 207, 63, 123, 144, 157, 238, 182,
       254, 21, 106, 68, 183, 206, 112, 97, 197, 123, 42, 211, 198, 232,
       59, 119, 173, 183, 30, 72, 80, 18, 165, 120, 157, 255, 120, 65,
       242, 57, 53, 223, 123, 188, 60, 234, 47, 12, 199, 180, 39, 91,
       196, 16, 246, 120, 165, 254, 126, 205, 37, 239, 231, 212, 143,
       237, 2, 91, 10, 189, 35, 128, 188, 102, 190, 12, 90, 167, 172,
       142, 39, 64, 230, 43, 179, 197, 198, 156, 2, 253, 100, 53, 154,
       139, 28, 20, 41, 219, 1, 2, 67, 161, 102, 136, 169, 83, 172, 1,
       242, 199, 157, 10, 80, 74, 106, 41, 95, 13, 129, 60, 197, 192,
       196, 48, 186, 192, 12, 8, 83, 136, 46, 240, 242, 207, 109, 93,
       182, 232, 123, 174, 241, 11, 74, 220, 94, 148, 255, 221, 231, 227,
       68, 119, 218, 226, 23, 124, 7, 47, 71, 63, 126, 215, 34, 57, 41,
       252, 93, 149, 152, 107, 134, 12, 216, 79, 40, 220, 37, 128, 220,
       185, 211, 161, 202, 43, 114, 221, 51, 215, 139, 186, 17, 40, 55,
       251, 19, 223, 66, 156, 60, 128, 206, 247, 196, 72, 216, 230, 49,
       170, 176, 96, 110, 226, 31, 207, 251, 11, 6, 255, 176, 44, 186,
       136, 61, 152, 240, 9, 34, 148, 164, 219, 173, 245, 216, 159, 31,
       91, 244, 21, 170, 252, 62, 249, 221, 187, 191, 149, 190, 110, 123,
       241, 11, 122, 220, 251, 211, 76, 252, 95, 217, 147, 155, 175, 54,
       72, 90, 17, 113, 193, 207, 113, 247, 251, 74, 112, 242, 239, 61,
       83, 31, 216, 195, 34, 255, 229, 174, 65, 36, 131, 185, 75, 124,
       124, 150, 254, 27, 237, 18, 194, 171, 18, 168, 41, 62, 255, 97,
       27, 163, 243, 253, 82, 10, 75, 154, 249, 251, 243, 86, 59, 250,
       81, 47, 27, 27, 95, 238, 132, 214, 54, 188, 119, 141, 198, 222,
       231, 9, 170, 183, 6, 110, 167, 183, 165, 132, 155, 4, 206, 54, 77,
       143, 131, 175, 244, 185, 221, 10, 48, 246, 137, 111, 253, 184, 70,
       45, 125, 255, 3, 140, 158, 82, 42, 174, 153, 223, 145, 6, 176, 49,
       192, 151, 117, 26, 131, 199, 69, 47, 223, 186, 112, 122, 140, 111,
       93, 252, 87, 45, 72, 180, 42, 46, 31, 54, 176, 238, 145, 223, 193,
       76, 47, 48, 193, 243, 217, 138, 187, 103, 20, 239, 219, 26, 65,
       30, 181, 19, 210, 61, 39, 61, 5, 78, 130, 45, 151, 34, 208, 182,
       191, 181, 129, 66, 152, 129, 205, 225, 231, 222, 131, 1, 16, 173,
       10, 216, 68, 223, 173, 36, 10, 109, 53, 52, 130, 242, 67, 247, 35,
       17, 91, 114, 197, 61, 174, 104, 244, 193, 10, 228, 227, 230, 0,
       36, 240, 161, 8, 138, 180, 245, 250, 237, 253, 184, 223, 143, 127,
       181, 63, 140, 222, 126, 47, 143, 27, 255, 21, 182, 111, 250, 243,
       95, 90, 223, 255, 214, 76, 133, 215, 19, 137, 226, 152, 133, 213,
       92, 71, 255, 197, 206, 7, 42, 238, 54, 124, 221, 170, 187, 156,
       158, 219, 54, 241, 27, 94, 214, 67, 146, 140, 252, 94, 198, 173,
       234, 183, 180, 56, 238, 172, 186, 211, 29, 145, 205, 235, 95, 227,
       179, 74, 93, 127, 242, 193, 158, 226, 174, 127, 239, 237, 132,
       247, 211, 196, 33, 232, 121, 73, 116, 143, 239, 220, 86, 36, 116,
       10, 51, 133, 245, 52, 94, 152, 6, 106, 194, 182, 112, 61, 103,
       140, 33, 36, 119, 154, 118, 232, 182, 255, 47, 179, 207, 237, 118,
       244, 181, 86, 65, 151, 99, 237, 89, 11, 233, 219, 211, 243, 126,
       118, 122, 162, 247, 195, 222, 47, 181, 123, 246, 218, 108, 91,
       238, 236, 118, 2, 122, 16, 224, 200, 222, 229, 113, 42, 149, 82,
       118, 244, 189, 231, 201, 147, 133, 8, 114, 41, 174, 128, 45, 178,
       120, 25, 129, 34, 109, 81, 36, 169, 161, 3, 108, 49, 114, 86, 144,
       8, 148, 41, 106, 40, 34, 25, 147, 188, 117, 64, 4, 40, 50, 64,
       205, 136, 85, 188, 85, 64, 63, 100, 40, 90, 103, 56, 236, 138,
       242, 96, 215, 210, 161, 224, 178, 100, 108, 110, 73, 165, 33, 12,
       240, 239, 99, 132, 72, 179, 97, 49, 145, 84, 45, 237, 44, 71, 221,
       127, 116, 78, 240, 119, 147, 13, 178, 105, 92, 149, 31, 175, 233,
       166, 113, 14, 224, 171, 242, 132, 125, 184, 244, 89, 53, 20, 123,
       236, 118, 235, 121, 81, 204, 236, 253, 238, 83, 205, 191, 48, 254,
       168, 87, 44, 141, 179, 96, 28, 118, 205, 33, 180, 253, 234, 82,
       241, 61, 94, 233, 105, 246, 35, 79, 222, 87, 96, 252, 198, 83, 13,
       241, 104, 127, 200, 22, 254, 139, 178, 93, 154, 110, 205, 165,
       100, 255, 251, 112, 176, 61, 28, 148, 123, 211, 166, 115, 214, 54,
       27, 115, 118, 92, 51, 40, 248, 253, 255, 54, 144, 51, 212, 89,
       119, 69, 239, 114, 64, 251, 81, 232, 179, 143, 140, 44, 147, 197,
       253, 253, 167, 223, 119, 23, 19, 232, 124, 30, 41, 171, 107, 147,
       135, 246, 252, 127, 247, 111, 91, 223, 195, 215, 77, 221, 198,
       218, 92, 158, 190, 11, 116, 88, 66, 149, 142, 222, 55, 255, 255,
       35, 202, 236, 241, 253, 129, 44, 7, 18, 170, 211, 247, 218, 155,
       178, 125, 45, 91, 130, 204, 39, 190, 89, 132, 46, 230, 150, 0,
       192, 3, 188, 239, 48, 64, 236, 251, 51, 197, 98, 143, 18, 255,
       165, 62, 154, 8, 16, 16, 33, 154, 70, 251, 150, 159, 191, 132,
       190, 172, 158, 145, 11, 0, 236, 254, 105, 66, 151, 123, 59, 82,
       82, 73, 155, 243, 45, 22, 95, 78, 144, 115, 161, 11, 7, 253, 187,
       250, 186, 181, 155, 207, 158, 81, 28, 45, 156, 220, 111, 40, 143,
       59, 147, 21, 131, 43, 58, 244, 107, 85, 31, 250, 220, 95, 161,
       255, 73, 146, 121, 237, 126, 86, 249, 56, 68, 108, 94, 230, 221,
       125, 186, 228, 54, 28, 191, 173, 129, 176, 165, 157, 198, 109,
       235, 132, 62, 174, 29, 113, 0, 13, 43, 187, 148, 231, 187, 66, 30,
       1, 90, 3, 245, 232, 53, 64, 217, 43, 19, 145, 50, 184, 88, 63,
       109, 167, 170, 0, 149, 75, 49, 138, 161, 55, 233, 199, 230, 19,
       239, 113, 80, 234, 221, 238, 241, 36, 220, 38, 95, 238, 54, 207,
       217, 250, 237, 106, 76, 14, 255, 160, 109, 234, 80, 253, 134, 91,
       106, 156, 199, 166, 190, 118, 149, 196, 222, 135, 40, 239, 55, 69,
       254, 171, 179, 197, 196, 155, 22, 236, 114, 113, 202, 139, 31,
