%YAML:1.0
---
descriptors: !!opencv-matrix
   rows: 282
   cols: 32
   dt: u
   data: [ 170, 248, 46, 158, 109, 84, 191, 232, 137, 86, 212, 147, 172,
       255, 55, 39, 204, 113, 179, 227, 228, 39, 250, 227, 87, 113, 202,
       171, 23, 61, 63, 255, 3, 9, 102, 143, 149, 151, 166, 232, 76, 64,
       81, 71, 224, 72, 191, 224, 216, 35, 18, 103, 215, 184, 124, 189,
       36, 40, 138, 194, 93, 15, 120, 204, 245, 26, 172, 183, 140, 38,
       141, 58, 18, 247, 134, 159, 211, 44, 83, 11, 77, 231, 121, 149,
       188, 204, 223, 42, 200, 99, 239, 149, 173, 253, 152, 80, 130, 193,
       0, 137, 149, 135, 188, 165, 12, 1, 90, 3, 228, 8, 50, 65, 216, 2,
       19, 225, 86, 152, 89, 157, 45, 48, 142, 70, 28, 10, 184, 14, 185,
       142, 125, 254, 62, 131, 207, 121, 214, 74, 221, 242, 113, 237,
       176, 96, 127, 162, 63, 169, 249, 47, 46, 159, 242, 239, 171, 152,
       53, 170, 240, 33, 127, 184, 184, 112, 251, 221, 216, 231, 187,
       249, 52, 25, 30, 156, 86, 50, 143, 187, 213, 17, 87, 107, 146,
       244, 123, 92, 29, 255, 203, 4, 206, 159, 184, 6, 184, 254, 145,
       119, 93, 255, 49, 143, 172, 153, 111, 103, 43, 29, 221, 211, 205,
       160, 56, 79, 96, 170, 251, 215, 212, 187, 178, 244, 166, 107, 37,
       145, 41, 75, 180, 213, 235, 217, 70, 89, 241, 102, 209, 200, 252,
       96, 220, 8, 6, 219, 219, 184, 111, 213, 79, 29, 162, 204, 93, 138,
       240, 245, 115, 92, 107, 236, 84, 198, 111, 244, 116, 198, 222, 2,
       113, 126, 183, 112, 122, 228, 29, 239, 233, 151, 53, 110, 113, 47,
       170, 128, 37, 179, 116, 104, 41, 145, 97, 233, 244, 207, 229, 255,
       70, 105, 124, 66, 179, 21, 184, 228, 120, 138, 22, 104, 211, 184,
       117, 151, 111, 205, 178, 116, 63, 136, 208, 185, 87, 33, 172, 39,
       141, 30, 204, 173, 134, 241, 143, 141, 211, 108, 91, 43, 132, 229,
       121, 221, 157, 105, 255, 0, 143, 107, 223, 20, 140, 126, 153, 84,
       119, 127, 172, 37, 184, 21, 141, 171, 130, 246, 136, 205, 147,
       236, 87, 43, 157, 197, 125, 181, 237, 75, 247, 16, 168, 81, 239,
       253, 140, 116, 158, 84, 18, 150, 172, 159, 143, 113, 188, 175, 31,
       127, 158, 179, 232, 44, 94, 207, 235, 215, 255, 129, 182, 105, 47,
       241, 159, 115, 222, 135, 149, 92, 189, 95, 173, 113, 97, 73, 116,
       159, 226, 216, 93, 104, 121, 78, 27, 16, 149, 180, 94, 136, 22,
       126, 203, 178, 124, 222, 38, 28, 33, 164, 127, 159, 82, 181, 130,
       0, 134, 145, 5, 163, 168, 67, 30, 23, 83, 19, 140, 10, 96, 200,
       233, 9, 179, 145, 22, 220, 1, 194, 13, 22, 154, 71, 132, 8, 57,
       134, 186, 29, 118, 157, 75, 214, 184, 99, 157, 14, 244, 147, 40,
       126, 38, 197, 238, 49, 147, 161, 116, 175, 50, 223, 3, 123, 218,
       195, 19, 4, 45, 214, 170, 189, 48, 154, 125, 245, 184, 103, 31,
       45, 220, 11, 172, 158, 118, 197, 200, 59, 147, 129, 38, 10, 80,
       223, 63, 81, 138, 123, 18, 12, 61, 206, 222, 28, 190, 180, 167,
       126, 56, 3, 188, 182, 22, 51, 143, 62, 99, 203, 231, 119, 253, 17,
       52, 221, 177, 194, 219, 243, 126, 7, 134, 101, 61, 83, 249, 70,
       183, 182, 45, 13, 213, 117, 233, 190, 179, 93, 206, 249, 123, 159,
       141, 229, 237, 39, 232, 103, 250, 192, 209, 251, 84, 26, 66, 124,
       199, 75, 135, 218, 107, 81, 54, 155, 171, 208, 126, 112, 86, 230,
       144, 140, 182, 44, 62, 40, 22, 207, 195, 180, 45, 241, 4, 26, 171,
       132, 93, 145, 81, 245, 161, 169, 37, 235, 93, 133, 201, 88, 199,
       88, 233, 4, 178, 201, 116, 32, 200, 168, 50, 220, 139, 46, 122,
       213, 199, 216, 131, 120, 88, 10, 112, 250, 239, 221, 235, 90, 253,
       125, 215, 239, 217, 66, 188, 26, 26, 125, 63, 61, 217, 210, 211,
       107, 253, 47, 120, 162, 127, 95, 212, 127, 223, 125, 214, 246,
       134, 96, 144, 155, 85, 247, 178, 72, 30, 15, 81, 19, 204, 218,
       111, 204, 217, 25, 131, 19, 38, 148, 89, 214, 13, 22, 155, 103,
       146, 15, 29, 134, 117, 83, 225, 70, 236, 26, 207, 184, 67, 224,
       253, 238, 83, 248, 221, 182, 94, 220, 52, 106, 205, 50, 239, 160,
       50, 217, 229, 188, 111, 251, 90, 37, 250, 191, 218, 246, 153, 54,
       95, 247, 145, 167, 188, 159, 111, 111, 2, 23, 189, 247, 205, 164,
       120, 75, 152, 175, 251, 215, 221, 27, 227, 252, 174, 90, 105, 116,
       81, 71, 96, 126, 107, 176, 105, 234, 123, 76, 250, 118, 141, 183,
       20, 254, 84, 42, 129, 242, 248, 110, 39, 188, 97, 160, 75, 243,
       66, 181, 6, 161, 146, 155, 139, 225, 188, 205, 30, 31, 73, 147,
       204, 238, 106, 204, 249, 27, 179, 147, 22, 18, 11, 240, 13, 22,
       222, 239, 144, 87, 173, 210, 128, 196, 62, 191, 174, 230, 189, 55,
       156, 94, 83, 23, 220, 254, 42, 75, 231, 51, 59, 39, 96, 197, 27,
       93, 101, 51, 122, 128, 20, 112, 165, 83, 189, 84, 127, 233, 134,
       78, 109, 117, 84, 134, 247, 18, 83, 81, 176, 97, 123, 180, 62,
       186, 249, 181, 53, 142, 253, 235, 231, 68, 53, 184, 244, 96, 34,
       216, 121, 232, 125, 157, 218, 254, 143, 61, 188, 207, 46, 205,
       124, 128, 143, 27, 215, 69, 194, 42, 122, 181, 47, 221, 153, 254,
       85, 156, 85, 255, 2, 235, 162, 159, 87, 160, 190, 204, 30, 69, 88,
       167, 232, 238, 63, 8, 221, 107, 147, 133, 134, 146, 142, 227, 36,
       52, 142, 171, 151, 126, 53, 222, 67, 92, 59, 244, 103, 140, 191,
       246, 173, 202, 86, 100, 188, 159, 165, 96, 166, 99, 127, 71, 193,
       141, 162, 254, 241, 255, 58, 138, 8, 49, 33, 123, 137, 154, 51,
       187, 36, 172, 185, 22, 254, 89, 82, 116, 188, 138, 240, 105, 230,
       43, 62, 29, 147, 220, 34, 241, 196, 184, 58, 200, 152, 128, 161,
       161, 6, 220, 58, 187, 20, 247, 178, 226, 30, 5, 89, 2, 164, 252,
       49, 196, 217, 59, 147, 17, 6, 184, 90, 255, 173, 119, 138, 67,
       149, 11, 61, 142, 93, 90, 191, 246, 160, 174, 57, 144, 168, 217,
       151, 100, 222, 247, 97, 122, 166, 117, 253, 66, 129, 193, 178,
       224, 219, 243, 126, 130, 136, 115, 33, 115, 137, 2, 71, 177, 36,
       136, 105, 19, 126, 17, 82, 244, 191, 3, 144, 233, 98, 40, 62, 29,
       131, 252, 69, 213, 196, 251, 186, 192, 172, 136, 81, 184, 205, 22,
       97, 69, 55, 22, 234, 56, 116, 232, 214, 230, 201, 32, 144, 228,
       118, 68, 254, 237, 245, 208, 245, 206, 6, 111, 175, 132, 46, 166,
       25, 117, 130, 173, 18, 153, 237, 205, 188, 231, 207, 59, 88, 17,
       140, 170, 100, 193, 195, 11, 163, 1, 86, 56, 154, 243, 44, 16, 94,
       111, 16, 92, 141, 143, 92, 92, 221, 228, 40, 110, 79, 152, 49,
       174, 230, 8, 119, 119, 129, 91, 118, 244, 125, 234, 8, 212, 249,
       42, 213, 171, 225, 144, 32, 243, 4, 113, 31, 29, 47, 254, 149,
       150, 111, 114, 181, 192, 206, 70, 121, 239, 49, 224, 124, 235, 59,
       207, 233, 155, 50, 239, 243, 239, 138, 8, 43, 97, 49, 120, 237,
       253, 57, 99, 232, 109, 87, 188, 107, 250, 60, 108, 86, 119, 201,
       51, 151, 90, 84, 122, 243, 112, 250, 50, 111, 153, 37, 252, 90,
       251, 199, 179, 135, 252, 175, 219, 228, 237, 174, 220, 254, 90,
       117, 84, 220, 212, 253, 239, 127, 91, 55, 95, 227, 116, 26, 112,
       5, 26, 127, 172, 220, 113, 225, 177, 169, 84, 83, 71, 116, 31,
       238, 116, 121, 234, 115, 70, 121, 88, 189, 181, 126, 232, 22, 238,
       229, 182, 125, 206, 54, 222, 167, 128, 111, 255, 106, 189, 147,
       211, 107, 136, 106, 0, 61, 127, 164, 89, 210, 247, 25, 143, 184,
       64, 110, 153, 191, 165, 217, 155, 36, 209, 114, 161, 186, 196, 61,
       132, 161, 249, 174, 28, 44, 153, 206, 247, 188, 99, 28, 246, 220,
       147, 24, 44, 55, 137, 239, 51, 147, 181, 180, 254, 117, 222, 15,
       3, 223, 215, 213, 109, 189, 210, 185, 218, 106, 209, 244, 159,
       249, 247, 87, 73, 246, 247, 155, 12, 190, 32, 127, 154, 23, 157,
       255, 188, 117, 215, 110, 79, 182, 196, 127, 140, 240, 245, 39,
       205, 32, 137, 21, 183, 162, 206, 78, 65, 88, 7, 224, 248, 62, 160,
       216, 11, 18, 117, 135, 176, 124, 253, 36, 28, 139, 231, 93, 95,
       89, 196, 194, 203, 172, 159, 172, 249, 188, 174, 206, 127, 146,
       183, 236, 236, 94, 75, 167, 71, 255, 213, 182, 105, 239, 241, 46,
