%YAML:1.0
---
descriptors: !!opencv-matrix
   rows: 323
   cols: 32
   dt: u
   data: [ 103, 133, 229, 69, 140, 58, 175, 153, 66, 242, 151, 214, 209,
       108, 223, 111, 79, 196, 126, 191, 185, 112, 239, 192, 12, 30, 239,
       180, 189, 255, 208, 116, 70, 217, 148, 151, 237, 212, 188, 174,
       159, 159, 18, 33, 236, 254, 110, 207, 135, 119, 187, 19, 86, 73,
       155, 241, 13, 50, 95, 203, 144, 116, 173, 143, 11, 171, 233, 213,
       230, 145, 169, 119, 90, 113, 84, 215, 153, 12, 214, 41, 46, 45,
       55, 141, 214, 248, 231, 213, 78, 89, 250, 224, 37, 132, 211, 253,
       10, 235, 163, 159, 87, 192, 191, 201, 30, 77, 88, 163, 168, 238,
       63, 128, 254, 123, 147, 197, 6, 18, 174, 225, 38, 116, 142, 171,
       151, 126, 181, 255, 57, 217, 123, 254, 92, 197, 71, 246, 196, 68,
       252, 2, 51, 213, 176, 96, 76, 186, 30, 74, 203, 171, 118, 191,
       113, 205, 162, 24, 53, 154, 116, 232, 114, 3, 194, 172, 171, 82,
       156, 107, 9, 133, 184, 163, 13, 174, 102, 214, 254, 149, 175, 161,
       28, 11, 0, 200, 153, 244, 142, 159, 181, 38, 174, 95, 74, 173, 59,
       248, 153, 225, 17, 231, 175, 29, 172, 57, 172, 183, 96, 80, 197,
       187, 235, 144, 26, 75, 226, 215, 219, 245, 26, 123, 144, 64, 167,
       122, 134, 0, 150, 153, 77, 87, 184, 72, 158, 151, 82, 19, 140,
       154, 111, 205, 216, 25, 163, 17, 4, 244, 19, 192, 5, 16, 218, 15,
       144, 13, 61, 134, 155, 207, 102, 222, 118, 144, 237, 119, 213, 8,
       222, 226, 41, 202, 182, 229, 110, 179, 151, 204, 233, 171, 38,
       239, 50, 106, 186, 138, 63, 140, 248, 189, 6, 36, 160, 139, 85,
       247, 186, 202, 79, 101, 73, 3, 140, 28, 127, 132, 217, 27, 147,
       17, 22, 184, 89, 214, 13, 22, 155, 103, 148, 79, 29, 198, 189, 31,
       79, 250, 188, 183, 75, 112, 213, 72, 221, 231, 123, 235, 179, 65,
       126, 170, 31, 255, 189, 171, 46, 254, 218, 235, 170, 200, 191,
       139, 112, 81, 241, 141, 74, 109, 148, 2, 111, 117, 116, 64, 250,
       70, 115, 50, 180, 112, 122, 236, 62, 238, 253, 186, 37, 15, 240,
       175, 162, 192, 109, 162, 232, 152, 31, 54, 238, 160, 180, 179,
       233, 91, 148, 201, 222, 247, 25, 157, 242, 40, 127, 169, 23, 189,
       185, 211, 53, 206, 218, 77, 174, 196, 175, 204, 48, 241, 112, 243,
       136, 174, 24, 136, 23, 157, 34, 229, 136, 173, 151, 140, 66, 80,
       92, 205, 109, 213, 158, 11, 199, 0, 248, 165, 173, 253, 44, 138,
       190, 82, 65, 184, 23, 17, 37, 221, 32, 134, 236, 248, 42, 68, 174,
       146, 5, 246, 128, 38, 234, 12, 5, 248, 208, 64, 133, 248, 82, 82,
       74, 20, 11, 140, 240, 28, 127, 252, 36, 78, 111, 50, 132, 206,
       214, 66, 115, 55, 177, 99, 100, 244, 61, 74, 105, 157, 48, 45,
       241, 170, 226, 144, 36, 168, 84, 121, 138, 209, 186, 255, 45, 213,
       181, 109, 143, 92, 85, 35, 172, 222, 46, 99, 204, 25, 179, 67, 86,
       56, 114, 241, 231, 113, 206, 171, 18, 28, 173, 223, 158, 148, 38,
       177, 143, 115, 177, 251, 157, 255, 151, 183, 200, 252, 126, 111,
       239, 21, 255, 167, 188, 197, 63, 214, 219, 83, 251, 199, 143, 109,
       189, 87, 167, 61, 234, 220, 126, 245, 186, 218, 159, 92, 212, 191,
       40, 252, 183, 41, 254, 251, 151, 231, 167, 39, 62, 251, 115, 89,
       139, 175, 213, 125, 63, 223, 170, 217, 52, 155, 111, 221, 180,
       236, 143, 116, 116, 11, 140, 220, 126, 133, 202, 89, 179, 67, 68,
       58, 122, 245, 15, 81, 206, 111, 87, 30, 93, 222, 47, 80, 231, 218,
       253, 55, 190, 196, 205, 91, 245, 238, 72, 252, 191, 175, 255, 209,
       146, 239, 165, 179, 60, 236, 54, 127, 206, 143, 207, 127, 249,
       149, 234, 221, 109, 174, 125, 212, 191, 236, 137, 76, 148, 147,
       104, 95, 62, 195, 238, 213, 211, 231, 229, 7, 58, 255, 119, 121,
       138, 159, 23, 21, 126, 219, 247, 169, 172, 37, 140, 30, 204, 175,
       194, 244, 130, 141, 243, 44, 82, 131, 205, 198, 249, 181, 205,
       201, 255, 8, 137, 99, 205, 20, 140, 124, 88, 92, 86, 147, 174,
       162, 171, 82, 124, 213, 45, 93, 87, 167, 204, 175, 42, 78, 231,
       151, 191, 151, 20, 137, 59, 224, 155, 242, 222, 199, 166, 214,
       173, 95, 8, 229, 57, 235, 215, 221, 49, 239, 30, 53, 76, 10, 140,
       214, 104, 192, 209, 27, 131, 16, 18, 26, 120, 215, 175, 213, 15,
       111, 144, 10, 133, 234, 86, 191, 230, 150, 211, 80, 62, 167, 187,
       213, 14, 167, 108, 230, 78, 214, 183, 247, 249, 213, 150, 89, 159,
       234, 58, 38, 79, 143, 174, 118, 191, 95, 185, 151, 111, 254, 62,
       131, 207, 123, 212, 66, 221, 230, 113, 237, 176, 96, 127, 162, 63,
       173, 249, 171, 46, 159, 242, 239, 235, 152, 61, 234, 240, 113, 11,
       18, 135, 157, 29, 95, 96, 91, 87, 249, 214, 246, 143, 134, 162,
       236, 126, 8, 174, 140, 141, 252, 119, 213, 140, 210, 251, 194, 62,
       140, 41, 213, 168, 188, 185, 19, 249, 221, 147, 231, 95, 125, 60,
       25, 174, 156, 70, 144, 129, 10, 194, 21, 182, 124, 250, 55, 47,
       31, 21, 119, 210, 12, 207, 239, 104, 238, 28, 186, 105, 237, 84,
       190, 155, 63, 164, 57, 175, 219, 66, 153, 129, 251, 197, 0, 110,
       78, 202, 53, 239, 211, 116, 123, 82, 24, 142, 139, 217, 232, 138,
       48, 48, 206, 88, 149, 51, 249, 166, 29, 31, 147, 66, 19, 177, 205,
       125, 220, 111, 223, 153, 6, 251, 201, 37, 229, 40, 128, 170, 91,
       14, 248, 178, 136, 207, 241, 178, 202, 31, 245, 76, 11, 140, 252,
       126, 132, 249, 89, 147, 211, 70, 58, 186, 242, 31, 85, 143, 111,
       155, 127, 61, 214, 3, 137, 32, 139, 23, 159, 178, 236, 77, 68, 88,
       2, 232, 88, 190, 32, 252, 35, 147, 99, 214, 184, 125, 253, 37, 24,
       138, 195, 87, 15, 85, 204, 110, 190, 246, 182, 171, 219, 156, 241,
       159, 255, 214, 173, 238, 253, 167, 139, 159, 119, 255, 17, 180,
       203, 138, 236, 218, 243, 125, 155, 198, 236, 15, 95, 106, 180, 48,
       138, 117, 213, 18, 239, 31, 13, 92, 25, 172, 222, 110, 212, 217,
       27, 147, 17, 38, 26, 120, 215, 47, 85, 158, 127, 146, 12, 189,
       206, 3, 191, 63, 139, 116, 199, 175, 127, 28, 76, 91, 118, 244,
       119, 180, 1, 126, 59, 23, 105, 243, 184, 121, 127, 45, 6, 174,
       192, 28, 10, 133, 249, 61, 86, 237, 229, 246, 43, 239, 184, 84,
       234, 127, 230, 83, 101, 153, 96, 127, 220, 54, 238, 169, 240, 109,
       142, 110, 239, 165, 132, 239, 251, 116, 241, 62, 206, 108, 255,
       215, 225, 94, 236, 23, 7, 121, 147, 97, 111, 58, 0, 123, 219, 147,
       227, 110, 210, 42, 191, 127, 199, 141, 133, 55, 255, 244, 218,
       218, 151, 91, 236, 242, 66, 61, 117, 173, 65, 254, 230, 92, 151,
       168, 113, 126, 149, 223, 160, 241, 139, 32, 205, 242, 225, 42,
       142, 61, 2, 167, 179, 126, 249, 232, 4, 11, 91, 146, 168, 139,
       228, 172, 173, 74, 236, 87, 18, 158, 229, 233, 103, 140, 99, 254,
       57, 91, 23, 77, 63, 197, 63, 15, 86, 14, 195, 161, 155, 211, 209,
       190, 205, 31, 5, 73, 131, 140, 238, 111, 204, 255, 91, 131, 209,
       22, 24, 10, 241, 45, 20, 158, 79, 150, 86, 165, 222, 37, 152, 173,
       251, 157, 197, 73, 156, 87, 81, 100, 4, 240, 255, 88, 107, 201,
       74, 58, 28, 27, 104, 123, 181, 79, 255, 214, 108, 152, 8, 208,
       250, 48, 112, 26, 104, 120, 79, 144, 72, 8, 128, 241, 40, 22, 153,
       109, 16, 222, 185, 70, 98, 8, 163, 80, 8, 209, 208, 0, 63, 81, 43,
       39, 163, 57, 213, 107, 77, 52, 95, 230, 125, 85, 104, 250, 102,
       83, 88, 148, 224, 124, 204, 22, 111, 205, 178, 117, 29, 54, 237,
       33, 128, 125, 186, 248, 149, 104, 184, 184, 120, 233, 253, 81,
       222, 115, 191, 36, 25, 62, 159, 66, 24, 129, 186, 197, 16, 26,
       110, 210, 51, 219, 221, 21, 123, 226, 8, 78, 235, 190, 207, 99,
       206, 254, 115, 207, 248, 83, 206, 252, 235, 73, 236, 255, 51, 127,
       203, 23, 239, 236, 35, 174, 251, 122, 77, 175, 189, 247, 254, 118,
       237, 129, 170, 93, 209, 100, 137, 233, 22, 110, 89, 114, 244, 189,
       131, 212, 105, 230, 11, 54, 28, 147, 252, 227, 241, 68, 152, 58,
       192, 140, 129, 65, 169, 191, 242, 202, 186, 126, 129, 203, 216,
       22, 93, 221, 247, 99, 205, 251, 0, 127, 200, 7, 255, 154, 35, 46,
