%YAML:1.0
---
descriptors: !!opencv-matrix
   rows: 103
   cols: 32
   dt: u
   data: [ 198, 172, 144, 151, 197, 168, 162, 130, 186, 179, 11, 18, 228,
       226, 73, 74, 225, 239, 42, 211, 54, 92, 203, 227, 141, 22, 223,
       103, 128, 115, 33, 14, 244, 135, 193, 150, 252, 3, 198, 233, 83,
       179, 177, 222, 211, 104, 221, 3, 89, 198, 70, 187, 121, 99, 77,
       191, 56, 158, 229, 124, 221, 248, 210, 0, 162, 205, 150, 252, 253,
       163, 212, 239, 223, 130, 240, 81, 174, 248, 37, 197, 195, 123, 47,
       1, 52, 239, 2, 255, 186, 254, 86, 27, 208, 120, 233, 143, 118,
       231, 229, 198, 252, 3, 206, 172, 19, 162, 186, 202, 113, 104, 148,
       0, 91, 197, 117, 239, 169, 227, 205, 255, 56, 46, 237, 180, 237,
       251, 242, 0, 190, 54, 182, 50, 233, 127, 82, 216, 23, 255, 181,
       63, 74, 253, 79, 27, 253, 222, 231, 50, 190, 119, 249, 178, 219,
       215, 97, 247, 203, 109, 102, 211, 240, 72, 215, 254, 14, 2, 78,
       228, 177, 130, 178, 10, 107, 3, 33, 83, 106, 229, 108, 234, 104,
       199, 147, 232, 179, 234, 198, 24, 37, 176, 98, 8, 212, 72, 203,
       164, 74, 74, 111, 32, 40, 162, 131, 139, 87, 131, 65, 91, 114,
       197, 109, 231, 72, 215, 213, 10, 208, 163, 239, 20, 36, 115, 51,
       0, 128, 190, 153, 187, 252, 173, 177, 159, 30, 25, 80, 112, 180,
       183, 104, 72, 205, 27, 51, 17, 51, 126, 66, 247, 237, 150, 62,
       232, 152, 72, 129, 185, 41, 157, 49, 127, 61, 159, 86, 178, 214,
       72, 120, 72, 255, 249, 49, 224, 212, 122, 28, 74, 131, 168, 122,
       191, 227, 255, 37, 24, 90, 202, 64, 57, 23, 93, 127, 199, 182, 14,
       127, 240, 189, 130, 126, 66, 125, 127, 53, 115, 246, 117, 63, 234,
       225, 145, 57, 236, 247, 255, 79, 128, 38, 243, 97, 185, 34, 235,
       24, 186, 220, 141, 178, 239, 158, 5, 72, 11, 164, 202, 104, 0,
       201, 59, 3, 17, 82, 26, 10, 247, 189, 20, 30, 107, 16, 10, 133,
       138, 129, 164, 221, 251, 236, 41, 233, 159, 78, 51, 49, 88, 221,
       163, 216, 11, 131, 11, 110, 28, 51, 124, 203, 209, 204, 154, 127,
       116, 156, 200, 193, 161, 245, 239, 201, 238, 236, 33, 206, 252,
       194, 154, 184, 74, 83, 225, 249, 35, 89, 194, 94, 254, 123, 99,
       206, 178, 248, 137, 229, 188, 125, 251, 250, 128, 60, 180, 248,
       243, 223, 111, 209, 203, 91, 51, 45, 26, 31, 189, 76, 56, 185,
       155, 211, 17, 50, 118, 216, 146, 223, 223, 81, 119, 209, 73, 215,
       130, 77, 32, 217, 241, 240, 46, 104, 27, 58, 179, 99, 80, 221, 51,
       72, 250, 183, 31, 124, 24, 51, 216, 217, 64, 207, 251, 119, 100,
       136, 224, 131, 161, 38, 165, 16, 131, 221, 109, 184, 105, 14, 49,
       57, 27, 204, 122, 72, 0, 187, 27, 106, 17, 18, 120, 91, 215, 157,
       20, 31, 119, 148, 10, 133, 130, 9, 188, 17, 123, 177, 141, 114,
       190, 126, 41, 56, 76, 191, 51, 0, 176, 135, 91, 94, 72, 163, 56,
       89, 55, 239, 223, 52, 112, 90, 129, 195, 169, 182, 52, 182, 176,
       233, 47, 144, 202, 31, 251, 177, 185, 78, 255, 109, 31, 223, 223,
       247, 53, 60, 247, 203, 210, 155, 222, 73, 254, 194, 109, 34, 215,
       69, 97, 19, 229, 32, 14, 111, 184, 109, 172, 247, 72, 223, 18,
       137, 116, 150, 213, 108, 106, 73, 240, 233, 72, 165, 248, 103, 22,
       0, 179, 67, 37, 62, 50, 246, 241, 205, 127, 240, 216, 55, 255,
       183, 63, 74, 125, 79, 159, 253, 220, 231, 176, 190, 115, 249, 208,
       95, 223, 245, 247, 227, 109, 86, 211, 127, 82, 166, 164, 105, 94,
       84, 88, 49, 238, 247, 47, 74, 126, 131, 255, 253, 213, 236, 167,
       237, 247, 241, 200, 147, 243, 215, 151, 43, 125, 46, 87, 245, 239,
       226, 70, 158, 3, 79, 252, 83, 162, 153, 234, 115, 97, 249, 51, 63,
       198, 93, 238, 249, 99, 140, 46, 250, 142, 229, 188, 237, 243, 242,
       33, 27, 91, 123, 228, 114, 214, 63, 112, 45, 200, 94, 231, 93,
       223, 160, 244, 54, 125, 151, 231, 193, 153, 52, 236, 247, 237,
       170, 130, 47, 166, 37, 113, 84, 64, 216, 165, 6, 106, 107, 24, 32,
       134, 199, 128, 215, 99, 89, 90, 114, 197, 108, 238, 8, 212, 221,
       8, 213, 231, 231, 1, 164, 243, 43, 0, 90, 184, 188, 114, 169, 233,
       21, 142, 171, 63, 164, 57, 174, 183, 74, 27, 135, 83, 237, 16, 58,
       79, 234, 113, 219, 211, 93, 127, 194, 80, 135, 107, 64, 152, 24,
       254, 41, 237, 18, 190, 159, 121, 44, 12, 190, 183, 64, 112, 133,
       51, 250, 0, 3, 8, 211, 51, 135, 215, 16, 59, 24, 8, 141, 27, 61,
       71, 196, 71, 176, 26, 78, 184, 117, 170, 127, 228, 83, 96, 157,
       244, 22, 204, 36, 110, 237, 240, 109, 46, 170, 239, 101, 132, 111,
       243, 88, 5, 246, 76, 210, 142, 77, 110, 182, 200, 185, 166, 242,
       11, 78, 250, 101, 219, 249, 213, 239, 227, 44, 103, 218, 234, 149,
       54, 203, 27, 1, 127, 127, 134, 93, 33, 147, 225, 178, 46, 108, 31,
       58, 187, 99, 80, 221, 179, 72, 254, 183, 31, 60, 152, 19, 208,
       129, 194, 141, 238, 127, 68, 170, 224, 163, 161, 105, 129, 197,
       237, 108, 10, 105, 61, 109, 161, 231, 20, 211, 35, 24, 127, 216,
       4, 122, 44, 25, 210, 113, 76, 197, 250, 210, 20, 142, 170, 210,
       160, 96, 161, 56, 123, 153, 205, 85, 175, 3, 53, 173, 25, 150, 31,
       74, 16, 145, 19, 201, 16, 90, 74, 219, 21, 239, 213, 21, 127, 80,
       10, 206, 66, 240, 72, 223, 252, 78, 10, 109, 36, 185, 146, 178,
       90, 127, 43, 21, 91, 106, 229, 125, 234, 104, 71, 195, 234, 148,
       170, 254, 16, 37, 241, 114, 40, 40, 156, 57, 251, 185, 239, 83,
       151, 87, 15, 238, 0, 182, 119, 32, 112, 193, 58, 29, 24, 58, 136,
       113, 63, 235, 255, 48, 80, 146, 200, 196, 107, 242, 75, 71, 172,
       14, 66, 70, 228, 225, 180, 178, 99, 99, 106, 37, 83, 232, 245,
       109, 227, 104, 227, 1, 236, 177, 226, 206, 19, 37, 58, 116, 46,
       225, 166, 157, 176, 168, 173, 96, 15, 174, 59, 162, 88, 182, 131,
       64, 91, 193, 134, 110, 28, 58, 111, 195, 81, 157, 144, 114, 120,
       200, 8, 195, 40, 114, 96, 245, 229, 38, 72, 248, 0, 235, 176, 184,
       138, 175, 11, 85, 26, 170, 149, 125, 217, 8, 98, 198, 192, 151,
       248, 138, 51, 101, 163, 99, 10, 88, 50, 248, 101, 79, 92, 249, 88,
       233, 236, 182, 47, 11, 15, 215, 154, 42, 149, 237, 144, 140, 49,
       183, 192, 87, 201, 163, 177, 111, 166, 78, 211, 93, 229, 145, 228,
       184, 15, 70, 186, 123, 186, 168, 76, 223, 115, 73, 178, 149, 204,
       108, 126, 107, 99, 219, 63, 249, 255, 37, 60, 138, 177, 11, 33,
       198, 44, 148, 147, 157, 169, 34, 136, 190, 178, 129, 18, 236, 226,
       77, 207, 177, 235, 106, 210, 34, 68, 218, 254, 157, 22, 223, 107,
       128, 115, 3, 6, 115, 80, 230, 164, 107, 26, 80, 64, 41, 250, 242,
       175, 78, 62, 135, 127, 254, 213, 255, 167, 204, 211, 229, 200,
       146, 114, 203, 151, 39, 188, 38, 87, 253, 125, 25, 229, 120, 15,
       84, 186, 59, 170, 188, 72, 159, 59, 65, 48, 157, 220, 93, 104,
       105, 126, 209, 30, 231, 223, 37, 52, 72, 248, 66, 35, 118, 227,
       196, 239, 220, 11, 194, 168, 83, 176, 185, 239, 195, 105, 92, 130,
       89, 206, 102, 115, 142, 98, 207, 179, 46, 254, 133, 126, 253, 251,
       88, 132, 38, 32, 150, 176, 233, 43, 152, 200, 191, 176, 177, 169,
       78, 254, 109, 31, 223, 93, 255, 53, 16, 195, 139, 192, 152, 90,
       95, 254, 196, 109, 35, 135, 69, 99, 27, 101, 32, 14, 111, 56, 105,
       172, 255, 8, 223, 18, 129, 116, 148, 213, 108, 106, 201, 176, 249,
       72, 181, 253, 39, 20, 0, 179, 71, 33, 104, 60, 57, 245, 117, 239,
       113, 55, 57, 233, 254, 57, 191, 63, 0, 48, 132, 191, 223, 0, 248,
       216, 241, 14, 199, 255, 48, 146, 2, 200, 6, 251, 69, 99, 56, 69,
       36, 31, 103, 152, 105, 232, 62, 72, 223, 18, 137, 116, 144, 196,
       76, 106, 201, 176, 249, 8, 229, 221, 35, 52, 64, 179, 67, 33, 82,
       144, 174, 252, 13, 196, 248, 99, 191, 153, 210, 19, 189, 191, 48,
       98, 239, 177, 255, 129, 12, 207, 146, 205, 219, 251, 218, 219,
       140, 0, 37, 27, 246, 177, 61, 122, 175, 253, 153, 159, 143, 121,
       181, 127, 26, 221, 94, 123, 205, 155, 253, 21, 159, 42, 250, 241,
       91, 89, 56, 255, 223, 76, 214, 87, 220, 60, 191, 118, 40, 108, 81,
