%YAML:1.0
---
descriptors: !!opencv-matrix
   rows: 345
   cols: 32
   dt: u
   data: [ 93, 190, 232, 243, 151, 180, 255, 151, 118, 251, 30, 82, 121,
       123, 223, 224, 101, 222, 189, 218, 179, 248, 173, 231, 111, 207,
       183, 192, 175, 215, 249, 11, 177, 158, 237, 85, 182, 43, 233, 23,
       86, 235, 246, 246, 243, 33, 148, 109, 127, 254, 54, 156, 185, 252,
       101, 45, 68, 170, 241, 208, 237, 232, 240, 57, 118, 32, 10, 138,
       77, 67, 80, 72, 133, 200, 165, 41, 84, 211, 46, 88, 216, 160, 91,
       231, 13, 3, 194, 204, 209, 48, 138, 63, 24, 47, 122, 195, 61, 214,
       150, 231, 245, 54, 119, 247, 85, 43, 254, 118, 75, 57, 166, 110,
       253, 215, 166, 180, 188, 191, 33, 162, 123, 255, 246, 198, 235,
       253, 232, 187, 240, 143, 42, 70, 188, 115, 79, 123, 81, 174, 190,
       58, 114, 112, 150, 38, 121, 230, 92, 170, 248, 171, 169, 46, 251,
       174, 165, 145, 229, 234, 244, 103, 153, 253, 31, 126, 161, 220,
       116, 247, 185, 91, 228, 28, 62, 251, 34, 49, 160, 59, 212, 0, 119,
       235, 50, 109, 243, 251, 84, 10, 74, 80, 163, 11, 8, 56, 109, 161,
       70, 235, 161, 19, 36, 101, 91, 130, 183, 21, 16, 72, 106, 188,
       123, 153, 3, 184, 245, 0, 197, 229, 186, 0, 37, 8, 53, 250, 6,
       251, 134, 151, 219, 132, 61, 135, 187, 215, 4, 149, 172, 227, 74,
       31, 39, 75, 177, 212, 86, 216, 155, 225, 110, 18, 223, 231, 142,
       212, 187, 218, 65, 230, 155, 113, 184, 140, 105, 151, 235, 185,
       58, 64, 158, 147, 200, 122, 135, 71, 108, 28, 147, 73, 130, 96,
       143, 252, 54, 126, 136, 128, 131, 41, 127, 81, 251, 108, 50, 22,
       95, 92, 33, 72, 125, 228, 121, 127, 159, 116, 94, 221, 149, 238,
       205, 146, 229, 136, 226, 253, 162, 136, 103, 246, 102, 117, 33,
       148, 104, 173, 116, 15, 227, 50, 124, 107, 114, 84, 243, 57, 144,
       32, 88, 44, 62, 45, 169, 188, 85, 31, 76, 191, 112, 192, 76, 138,
       80, 153, 125, 78, 239, 238, 14, 2, 79, 248, 84, 194, 219, 230,
       115, 233, 185, 98, 126, 228, 61, 239, 201, 163, 47, 169, 240, 239,
       235, 152, 61, 251, 112, 96, 30, 88, 178, 184, 155, 247, 146, 198,
       158, 7, 128, 3, 44, 222, 103, 204, 231, 57, 155, 145, 38, 141, 18,
       254, 185, 86, 158, 27, 146, 29, 37, 95, 150, 76, 138, 158, 76,
       196, 254, 226, 149, 130, 208, 67, 32, 250, 37, 73, 232, 249, 51,
       195, 108, 215, 154, 232, 49, 48, 206, 138, 53, 113, 52, 134, 34,
       233, 17, 139, 125, 141, 214, 236, 15, 32, 184, 10, 166, 88, 89, 4,
       154, 138, 74, 83, 70, 42, 90, 183, 181, 20, 13, 62, 84, 26, 83,
       142, 97, 183, 241, 69, 176, 106, 111, 63, 114, 234, 186, 232, 211,
       103, 192, 178, 30, 222, 124, 170, 185, 248, 237, 14, 172, 190, 37,
       148, 228, 226, 70, 49, 124, 57, 251, 230, 214, 38, 107, 80, 33,
       132, 239, 142, 83, 227, 81, 82, 124, 252, 53, 250, 24, 146, 177,
       42, 215, 237, 163, 8, 173, 235, 116, 48, 117, 168, 152, 228, 88,
       13, 67, 152, 115, 160, 173, 8, 83, 243, 67, 50, 25, 220, 80, 184,
       11, 82, 248, 10, 219, 141, 165, 60, 160, 227, 74, 34, 155, 30,
       198, 189, 228, 54, 108, 127, 22, 251, 90, 247, 121, 42, 146, 201,
       125, 206, 63, 141, 189, 220, 79, 255, 14, 107, 255, 192, 47, 244,
       184, 93, 1, 153, 63, 125, 3, 206, 53, 119, 172, 73, 110, 0, 190,
       183, 0, 112, 164, 51, 89, 12, 83, 153, 50, 109, 241, 191, 18, 2,
       64, 64, 167, 123, 166, 253, 169, 155, 220, 229, 191, 205, 142, 53,
       73, 19, 180, 254, 124, 0, 201, 91, 19, 211, 86, 58, 218, 115, 237,
       20, 142, 106, 144, 91, 149, 218, 185, 1, 110, 109, 92, 15, 225,
       89, 86, 225, 246, 6, 83, 13, 146, 96, 120, 140, 38, 108, 137, 240,
       117, 28, 71, 235, 225, 0, 103, 138, 112, 232, 222, 252, 150, 154,
       155, 246, 22, 239, 191, 147, 173, 18, 76, 246, 46, 253, 255, 251,
       219, 178, 118, 79, 154, 255, 185, 182, 95, 127, 146, 117, 175, 23,
       191, 239, 234, 31, 221, 61, 190, 236, 94, 166, 221, 159, 106, 232,
       63, 1, 253, 239, 207, 231, 236, 247, 205, 251, 124, 63, 207, 187,
       197, 127, 251, 206, 109, 100, 185, 109, 156, 47, 79, 186, 82, 170,
       41, 72, 215, 51, 65, 49, 145, 92, 124, 110, 40, 112, 217, 26, 229,
       158, 101, 52, 208, 251, 194, 32, 1, 171, 151, 147, 240, 172, 170,
       113, 168, 153, 83, 116, 180, 163, 192, 130, 166, 107, 98, 88, 19,
       216, 138, 101, 12, 144, 58, 224, 200, 3, 163, 129, 135, 92, 111,
       223, 102, 34, 175, 50, 92, 218, 87, 246, 240, 116, 189, 109, 119,
       110, 26, 175, 225, 212, 61, 239, 36, 42, 250, 128, 13, 241, 113,
       245, 236, 127, 157, 229, 164, 14, 71, 182, 112, 190, 42, 76, 215,
       35, 65, 27, 145, 100, 108, 126, 121, 252, 217, 42, 237, 210, 101,
       20, 136, 241, 66, 56, 0, 136, 62, 125, 144, 172, 121, 55, 188, 23,
       98, 21, 183, 43, 32, 72, 133, 35, 106, 4, 50, 252, 19, 71, 205,
       182, 82, 64, 200, 0, 133, 26, 157, 85, 119, 71, 98, 26, 183, 248,
       124, 234, 115, 102, 93, 122, 173, 241, 54, 117, 30, 111, 229, 181,
       61, 78, 52, 171, 103, 134, 109, 179, 33, 181, 131, 177, 179, 217,
       227, 213, 189, 255, 31, 89, 85, 23, 156, 222, 110, 108, 245, 27,
       179, 145, 215, 92, 58, 209, 79, 16, 30, 238, 26, 4, 165, 215, 86,
       184, 172, 186, 13, 205, 17, 168, 142, 253, 128, 13, 230, 254, 74,
       10, 137, 225, 125, 83, 14, 107, 218, 113, 217, 215, 95, 127, 144,
       10, 23, 74, 221, 70, 173, 246, 44, 44, 79, 184, 232, 250, 155, 76,
       215, 108, 217, 123, 145, 69, 125, 111, 233, 101, 235, 0, 193, 251,
       109, 148, 136, 251, 81, 49, 57, 32, 239, 77, 85, 119, 195, 104,
       87, 225, 231, 18, 82, 252, 62, 44, 120, 236, 178, 169, 189, 243,
       125, 143, 91, 111, 213, 69, 99, 44, 116, 230, 91, 178, 239, 157,
       75, 22, 185, 91, 55, 245, 214, 215, 73, 238, 54, 196, 119, 253,
       187, 133, 135, 223, 191, 221, 31, 99, 223, 196, 63, 164, 53, 220,
       162, 165, 52, 153, 157, 211, 176, 239, 222, 21, 225, 19, 40, 216,
       62, 133, 201, 27, 130, 145, 118, 237, 90, 213, 41, 210, 154, 103,
       81, 12, 253, 134, 181, 173, 235, 167, 148, 47, 207, 249, 80, 162,
       251, 219, 83, 97, 153, 33, 121, 238, 93, 47, 248, 242, 205, 14,
       248, 175, 229, 20, 229, 251, 210, 160, 149, 255, 187, 251, 222,
       100, 175, 246, 126, 239, 223, 86, 241, 231, 249, 104, 123, 239,
       127, 206, 241, 215, 237, 234, 253, 239, 191, 132, 181, 243, 165,
       249, 90, 94, 190, 190, 11, 164, 28, 182, 172, 143, 206, 37, 236,
       255, 35, 66, 196, 115, 253, 197, 206, 203, 147, 237, 243, 247,
       126, 155, 24, 84, 41, 91, 33, 151, 23, 204, 124, 6, 199, 127, 80,
       11, 216, 78, 115, 224, 184, 96, 89, 202, 54, 45, 249, 171, 135,
       175, 56, 174, 101, 8, 28, 234, 240, 169, 186, 106, 234, 189, 100,
       163, 237, 71, 22, 103, 212, 179, 33, 140, 243, 8, 125, 170, 131,
       133, 238, 190, 132, 130, 84, 71, 154, 161, 229, 220, 246, 204, 52,
       82, 106, 197, 6, 6, 107, 120, 100, 164, 247, 198, 83, 67, 179, 80,
       124, 228, 6, 238, 200, 182, 117, 140, 244, 168, 227, 4, 109, 187,
       112, 48, 2, 157, 189, 185, 189, 255, 189, 167, 159, 127, 90, 17,
       204, 190, 102, 205, 195, 31, 187, 17, 54, 216, 123, 215, 175, 86,
       95, 71, 144, 76, 149, 223, 222, 122, 247, 68, 66, 90, 190, 114,
       185, 230, 182, 183, 9, 190, 167, 251, 38, 245, 253, 227, 228, 213,
       164, 202, 50, 107, 207, 151, 103, 181, 39, 117, 208, 157, 159,
       190, 130, 72, 53, 39, 184, 11, 202, 48, 255, 247, 32, 115, 162,
       119, 124, 129, 112, 201, 130, 107, 241, 167, 126, 3, 32, 96, 165,
       43, 175, 48, 175, 156, 77, 247, 209, 88, 215, 249, 199, 19, 208,
       252, 54, 110, 217, 236, 251, 17, 143, 247, 251, 159, 75, 123, 143,
       127, 83, 44, 116, 230, 3, 254, 247, 85, 178, 155, 170, 255, 127,
       169, 82, 246, 105, 224, 180, 228, 55, 127, 46, 156, 241, 252, 173,
       255, 44, 102, 127, 194, 255, 132, 161, 189, 80, 153, 126, 126, 50,
       192, 55, 231, 172, 1, 110, 33, 61, 215, 32, 112, 162, 179, 125,
       192, 82, 137, 18, 125, 243, 161, 42, 131, 48, 2, 167, 59, 108, 49,
