%YAML:1.0
---
descriptors: !!opencv-matrix
   rows: 285
   cols: 32
   dt: u
   data: [ 59, 109, 50, 206, 93, 149, 202, 232, 133, 12, 252, 10, 40,
       200, 61, 180, 216, 233, 19, 239, 206, 35, 58, 191, 51, 221, 129,
       58, 83, 31, 90, 142, 178, 176, 233, 64, 219, 71, 145, 91, 22, 252,
       228, 27, 16, 157, 68, 45, 61, 152, 211, 176, 219, 126, 51, 85, 95,
       8, 149, 110, 99, 8, 118, 250, 157, 141, 93, 251, 214, 175, 111,
       183, 85, 19, 127, 82, 123, 105, 184, 97, 123, 202, 38, 170, 241,
       184, 61, 191, 239, 239, 246, 68, 247, 217, 240, 168, 103, 120,
       234, 178, 237, 141, 216, 220, 155, 125, 180, 189, 142, 223, 95,
       26, 207, 201, 255, 87, 142, 71, 218, 240, 219, 219, 223, 255, 156,
       31, 91, 211, 13, 161, 177, 67, 197, 255, 99, 10, 111, 105, 107,
       72, 158, 211, 72, 180, 145, 26, 122, 24, 19, 184, 249, 112, 13,
       156, 21, 68, 202, 67, 67, 164, 90, 171, 254, 122, 139, 209, 17,
       197, 171, 21, 173, 169, 45, 207, 98, 18, 166, 243, 233, 209, 82,
       11, 170, 225, 219, 225, 30, 123, 35, 6, 175, 122, 90, 85, 127,
       236, 55, 87, 222, 121, 109, 104, 255, 171, 219, 63, 55, 224, 254,
       149, 223, 227, 204, 179, 113, 206, 243, 255, 170, 145, 55, 174,
       109, 115, 92, 78, 107, 190, 106, 134, 95, 252, 33, 14, 254, 225,
       127, 231, 9, 80, 54, 247, 101, 230, 72, 151, 3, 111, 241, 167, 36,
       136, 114, 242, 38, 123, 1, 217, 123, 71, 52, 207, 231, 181, 124,
       64, 123, 64, 243, 212, 156, 112, 126, 120, 94, 106, 193, 176, 125,
       63, 165, 188, 38, 0, 101, 154, 195, 253, 205, 16, 29, 111, 48,
       111, 67, 24, 100, 73, 167, 80, 215, 87, 8, 120, 144, 148, 108, 42,
       41, 164, 121, 29, 205, 235, 96, 84, 72, 131, 64, 34, 201, 61, 149,
       229, 160, 47, 102, 55, 124, 170, 106, 72, 191, 51, 1, 240, 132,
       119, 108, 40, 113, 216, 209, 14, 165, 254, 118, 16, 136, 96, 131,
       41, 220, 56, 191, 248, 139, 236, 19, 192, 160, 208, 167, 24, 95,
       247, 105, 123, 162, 245, 252, 210, 57, 71, 186, 96, 219, 227, 67,
       95, 224, 33, 39, 114, 127, 30, 238, 247, 163, 126, 123, 90, 119,
       238, 255, 191, 91, 127, 223, 126, 253, 215, 255, 182, 189, 242,
       253, 234, 223, 255, 241, 135, 231, 237, 108, 119, 86, 98, 51, 140,
       31, 115, 170, 76, 252, 140, 194, 74, 140, 130, 177, 237, 122, 133,
       79, 233, 32, 135, 36, 204, 145, 32, 138, 159, 6, 53, 39, 164, 106,
       120, 252, 118, 169, 125, 157, 151, 251, 255, 52, 61, 175, 189, 95,
       186, 135, 127, 245, 1, 196, 107, 250, 160, 75, 219, 84, 187, 199,
       244, 143, 223, 3, 87, 237, 5, 226, 10, 239, 61, 60, 226, 94, 230,
       221, 38, 155, 99, 54, 69, 63, 239, 193, 208, 37, 76, 100, 47, 111,
       128, 45, 242, 161, 249, 234, 133, 40, 186, 221, 221, 213, 111,
       223, 85, 236, 25, 174, 205, 62, 132, 201, 187, 203, 1, 126, 43,
       114, 183, 211, 209, 154, 123, 82, 12, 222, 206, 193, 12, 255, 101,
       36, 46, 105, 19, 104, 142, 118, 72, 151, 35, 145, 123, 2, 100,
       108, 40, 160, 244, 225, 8, 197, 187, 114, 0, 64, 224, 70, 41, 236,
       114, 121, 101, 112, 78, 123, 16, 120, 232, 119, 72, 211, 23, 153,
       49, 182, 92, 85, 106, 161, 244, 185, 14, 199, 185, 33, 132, 64,
       179, 70, 113, 232, 161, 189, 250, 137, 237, 85, 143, 146, 17, 164,
       24, 182, 247, 104, 123, 193, 251, 105, 16, 58, 75, 250, 49, 217,
       209, 95, 123, 144, 72, 133, 42, 166, 141, 124, 219, 253, 255, 254,
       255, 31, 63, 252, 26, 249, 127, 254, 96, 255, 155, 183, 152, 246,
       58, 123, 255, 127, 223, 215, 255, 215, 216, 220, 255, 48, 221,
       254, 255, 220, 78, 255, 239, 92, 7, 255, 3, 243, 253, 62, 64, 251,
       219, 7, 227, 250, 186, 91, 191, 247, 239, 166, 1, 117, 122, 237,
       202, 240, 173, 159, 117, 216, 103, 69, 239, 54, 187, 238, 24, 114,
       179, 1, 26, 233, 238, 110, 136, 56, 255, 195, 15, 249, 174, 245,
       49, 193, 112, 230, 170, 56, 102, 121, 110, 20, 91, 67, 236, 97,
       36, 237, 138, 99, 65, 139, 52, 122, 136, 68, 110, 76, 178, 108,
       31, 242, 205, 1, 61, 115, 191, 70, 108, 188, 225, 91, 233, 100,
       11, 111, 248, 116, 160, 117, 138, 83, 75, 184, 17, 122, 216, 23,
       234, 120, 178, 77, 28, 102, 203, 161, 4, 119, 187, 242, 160, 224,
       172, 30, 184, 173, 233, 81, 103, 215, 63, 251, 57, 182, 185, 96,
       89, 201, 190, 111, 17, 62, 239, 194, 151, 217, 243, 242, 123, 144,
       72, 244, 139, 49, 115, 7, 129, 100, 159, 229, 117, 116, 104, 114,
       110, 54, 144, 128, 148, 120, 172, 38, 13, 203, 190, 65, 29, 180,
       0, 32, 2, 79, 136, 242, 189, 130, 158, 150, 152, 251, 160, 176,
       198, 191, 31, 120, 245, 172, 234, 102, 217, 207, 59, 234, 16, 54,
       79, 130, 243, 12, 182, 26, 235, 152, 73, 47, 159, 27, 51, 66, 175,
       112, 37, 122, 88, 45, 73, 223, 237, 237, 111, 155, 80, 190, 139,
       29, 173, 142, 146, 137, 213, 214, 253, 170, 128, 14, 199, 43, 81,
       195, 190, 133, 159, 114, 168, 40, 134, 190, 91, 74, 245, 172, 230,
       134, 124, 167, 43, 51, 133, 183, 220, 166, 119, 12, 54, 122, 226,
       156, 68, 131, 221, 101, 33, 204, 101, 52, 26, 98, 16, 96, 160,
       255, 236, 211, 33, 147, 18, 24, 228, 76, 110, 141, 240, 197, 8,
       134, 169, 33, 16, 237, 171, 90, 0, 92, 93, 106, 238, 22, 214, 94,
       48, 165, 132, 223, 162, 91, 223, 179, 224, 118, 245, 157, 227,
       201, 129, 44, 206, 243, 237, 171, 129, 39, 179, 45, 114, 45, 62,
       232, 25, 245, 253, 243, 83, 87, 79, 92, 151, 169, 237, 255, 44,
       93, 42, 130, 28, 151, 184, 118, 191, 79, 95, 17, 97, 255, 205,
       221, 245, 87, 155, 139, 167, 160, 38, 106, 144, 42, 233, 139, 197,
       213, 254, 89, 82, 245, 69, 125, 215, 157, 17, 155, 64, 136, 172,
       175, 196, 136, 115, 49, 81, 60, 4, 119, 65, 69, 111, 225, 2, 124,
       39, 235, 26, 211, 53, 12, 59, 105, 156, 98, 56, 56, 182, 241, 2,
       5, 174, 80, 68, 225, 73, 70, 226, 58, 124, 58, 232, 83, 215, 31,
       226, 61, 196, 236, 15, 12, 158, 35, 112, 252, 249, 155, 193, 77,
       139, 48, 238, 243, 213, 142, 59, 27, 119, 47, 222, 24, 48, 91,
       105, 120, 239, 105, 86, 45, 1, 239, 8, 151, 151, 32, 120, 118, 60,
       126, 24, 11, 147, 113, 80, 215, 229, 50, 128, 226, 194, 36, 179,
       89, 156, 237, 245, 30, 122, 72, 63, 83, 225, 198, 30, 123, 63,
       144, 98, 19, 230, 125, 168, 185, 216, 245, 143, 254, 239, 245,
       212, 175, 160, 208, 105, 85, 87, 15, 175, 52, 6, 111, 56, 100,
       200, 91, 198, 245, 119, 185, 96, 116, 100, 28, 239, 197, 144, 61,
       46, 164, 46, 175, 128, 44, 179, 49, 113, 15, 158, 43, 27, 177,
       247, 187, 83, 22, 77, 95, 247, 233, 236, 182, 100, 93, 58, 147,
       29, 151, 152, 127, 191, 79, 95, 186, 193, 190, 206, 149, 253, 83,
       184, 159, 158, 170, 205, 29, 199, 171, 93, 168, 252, 174, 246,
       198, 122, 167, 247, 110, 133, 27, 75, 186, 113, 152, 182, 94, 186,
       152, 64, 163, 125, 94, 125, 114, 170, 187, 241, 150, 238, 175, 6,
       233, 43, 108, 254, 47, 221, 251, 251, 203, 227, 78, 3, 154, 253,
       179, 246, 79, 63, 147, 119, 175, 95, 13, 119, 213, 197, 244, 30,
       238, 184, 125, 234, 126, 100, 221, 99, 157, 244, 94, 76, 126, 110,
       225, 176, 101, 202, 38, 254, 167, 132, 14, 241, 75, 177, 13, 93,
       215, 229, 100, 15, 111, 186, 125, 234, 122, 68, 215, 115, 145,
       244, 118, 76, 126, 110, 225, 176, 241, 234, 229, 254, 103, 4, 10,
       249, 65, 176, 204, 210, 191, 251, 168, 238, 125, 156, 190, 31, 7,
       49, 215, 231, 105, 91, 183, 83, 109, 82, 58, 197, 59, 112, 201,
       243, 127, 196, 144, 209, 165, 115, 114, 50, 114, 140, 109, 93,
       216, 104, 201, 104, 189, 11, 46, 157, 63, 180, 254, 145, 223, 161,
       196, 39, 80, 200, 147, 84, 138, 63, 23, 14, 47, 222, 125, 92, 237,
       255, 13, 126, 121, 154, 61, 254, 247, 182, 219, 125, 155, 239,
       127, 212, 255, 46, 173, 244, 255, 170, 199, 239, 243, 133, 239,
       253, 124, 117, 250, 176, 109, 87, 41, 252, 81, 63, 251, 127, 183,
       189, 106, 60, 30, 63, 133, 150, 253, 0, 188, 111, 243, 133, 75,
