%YAML:1.0
---
descriptors: !!opencv-matrix
   rows: 244
   cols: 32
   dt: u
   data: [ 11, 122, 253, 127, 58, 191, 249, 22, 127, 105, 87, 245, 185,
       29, 150, 36, 134, 63, 255, 13, 131, 220, 229, 189, 70, 123, 56,
       192, 46, 133, 3, 253, 112, 161, 184, 112, 169, 237, 81, 207, 163,
       53, 172, 24, 22, 183, 72, 26, 129, 146, 108, 16, 26, 107, 226, 17,
       219, 213, 21, 127, 194, 64, 198, 42, 175, 253, 241, 91, 253, 255,
       191, 248, 127, 254, 244, 190, 201, 254, 223, 180, 223, 127, 247,
       255, 179, 118, 254, 254, 63, 95, 207, 238, 215, 247, 199, 245, 50,
       167, 99, 205, 118, 179, 235, 123, 86, 140, 248, 227, 41, 204, 180,
       32, 127, 187, 151, 161, 138, 179, 44, 223, 242, 108, 171, 169,
       117, 238, 118, 229, 71, 175, 78, 71, 178, 27, 111, 181, 169, 232,
       159, 238, 96, 98, 158, 55, 54, 231, 124, 254, 253, 201, 237, 108,
       58, 26, 173, 212, 13, 179, 219, 5, 253, 253, 245, 230, 237, 15,
       207, 252, 95, 186, 153, 78, 223, 121, 93, 167, 220, 239, 95, 107,
       233, 114, 218, 232, 189, 217, 231, 188, 78, 250, 208, 33, 90, 92,
       250, 254, 114, 160, 126, 246, 61, 66, 94, 161, 125, 255, 181, 116,
       247, 255, 181, 199, 231, 159, 150, 235, 243, 255, 30, 138, 46,
       215, 43, 223, 41, 133, 25, 76, 124, 143, 67, 63, 95, 8, 252, 72,
       114, 81, 164, 112, 216, 170, 6, 40, 203, 42, 99, 31, 226, 223, 32,
       56, 90, 138, 80, 41, 190, 117, 97, 106, 253, 123, 214, 76, 79,
       227, 185, 59, 74, 92, 92, 184, 219, 213, 223, 119, 189, 39, 109,
       182, 179, 93, 133, 255, 215, 95, 222, 71, 135, 198, 204, 219, 232,
       53, 232, 218, 191, 91, 181, 86, 220, 234, 255, 59, 239, 193, 127,
       158, 183, 71, 43, 243, 158, 155, 251, 236, 156, 241, 43, 133, 57,
       94, 13, 29, 40, 126, 5, 114, 116, 110, 247, 108, 150, 22, 131,
       253, 204, 140, 206, 34, 173, 215, 97, 29, 212, 163, 114, 148, 88,
       61, 46, 113, 199, 120, 59, 197, 32, 78, 111, 146, 108, 234, 150,
       104, 156, 23, 209, 119, 166, 85, 125, 235, 225, 213, 177, 234,
       245, 184, 171, 132, 14, 177, 35, 113, 23, 15, 83, 222, 54, 179,
       107, 115, 151, 8, 223, 230, 125, 230, 165, 100, 126, 187, 30, 140,
       139, 153, 44, 255, 178, 238, 162, 128, 182, 234, 32, 189, 19, 87,
       107, 173, 118, 2, 255, 116, 52, 64, 222, 231, 121, 14, 183, 96,
       126, 189, 23, 239, 205, 147, 37, 206, 246, 109, 170, 128, 45, 182,
       49, 249, 21, 23, 91, 237, 114, 10, 111, 120, 44, 232, 126, 230,
       93, 119, 161, 112, 54, 253, 23, 238, 193, 145, 37, 76, 244, 235,
       43, 132, 61, 179, 35, 177, 210, 157, 175, 181, 180, 238, 77, 183,
       150, 251, 194, 23, 245, 125, 16, 99, 133, 119, 125, 141, 185, 221,
       113, 175, 233, 239, 255, 144, 140, 104, 149, 122, 56, 241, 57,
       108, 29, 205, 83, 124, 67, 192, 173, 8, 51, 221, 64, 48, 152, 184,
       220, 112, 75, 43, 242, 13, 251, 221, 5, 57, 106, 10, 70, 58, 213,
       141, 141, 253, 156, 38, 79, 191, 148, 186, 138, 82, 243, 115, 49,
       99, 65, 246, 61, 174, 121, 205, 121, 62, 233, 235, 255, 20, 184,
       248, 176, 40, 208, 185, 159, 112, 186, 202, 16, 0, 254, 217, 166,
       48, 182, 151, 64, 123, 163, 23, 236, 208, 51, 77, 163, 102, 219,
       161, 58, 83, 192, 1, 47, 43, 239, 253, 246, 242, 255, 255, 127,
       252, 255, 246, 127, 11, 89, 255, 127, 255, 255, 255, 255, 243,
       164, 115, 254, 254, 127, 95, 199, 239, 167, 255, 94, 255, 3, 217,
       111, 139, 182, 135, 175, 181, 92, 64, 78, 198, 245, 102, 179, 100,
       118, 42, 26, 239, 193, 152, 61, 253, 36, 46, 142, 128, 28, 154,
       177, 125, 8, 191, 62, 179, 180, 142, 125, 247, 60, 140, 94, 37,
       191, 115, 130, 81, 247, 43, 29, 13, 250, 216, 0, 63, 237, 215,
       190, 224, 0, 128, 167, 107, 240, 241, 221, 229, 205, 78, 253, 237,
       43, 188, 178, 10, 158, 19, 68, 83, 235, 213, 110, 208, 88, 127,
       219, 192, 223, 217, 215, 119, 65, 40, 199, 170, 61, 79, 74, 198,
       22, 147, 206, 240, 85, 160, 223, 230, 115, 233, 185, 96, 124, 232,
       23, 239, 201, 179, 44, 142, 242, 141, 173, 128, 63, 187, 120, 160,
       74, 178, 188, 113, 233, 125, 249, 159, 59, 127, 52, 61, 156, 191,
       78, 190, 135, 31, 245, 16, 151, 120, 243, 209, 79, 223, 117, 247,
       194, 196, 207, 255, 37, 205, 107, 207, 252, 38, 239, 248, 86, 202,
       90, 70, 209, 248, 189, 96, 127, 238, 54, 239, 225, 178, 109, 63,
       44, 46, 175, 140, 61, 251, 240, 161, 95, 149, 126, 254, 171, 126,
       255, 184, 255, 206, 255, 35, 255, 255, 62, 102, 255, 247, 255,
       231, 236, 227, 251, 255, 255, 255, 207, 219, 87, 167, 45, 119, 58,
       185, 163, 88, 209, 245, 220, 199, 59, 91, 248, 95, 40, 252, 117,
       188, 237, 251, 215, 149, 146, 122, 210, 243, 59, 29, 156, 171,
       211, 84, 238, 255, 49, 211, 235, 236, 118, 3, 235, 125, 85, 232,
       252, 238, 115, 237, 188, 32, 126, 236, 23, 237, 201, 187, 109,
       205, 114, 239, 175, 160, 125, 170, 114, 249, 96, 171, 149, 78,
       249, 137, 68, 233, 203, 184, 185, 104, 166, 217, 69, 150, 137,
       230, 110, 16, 82, 107, 202, 29, 60, 20, 5, 63, 80, 42, 194, 15,
       175, 189, 247, 206, 255, 127, 255, 255, 61, 126, 255, 190, 90,
       191, 158, 183, 255, 223, 247, 238, 245, 255, 185, 238, 63, 251,
       71, 199, 79, 255, 255, 245, 212, 205, 157, 244, 140, 102, 79, 183,
       144, 178, 138, 16, 247, 115, 1, 115, 193, 246, 121, 170, 121, 77,
       219, 42, 249, 235, 215, 16, 0, 120, 128, 42, 37, 77, 113, 71, 116,
       11, 239, 176, 69, 160, 126, 72, 243, 97, 157, 36, 90, 248, 6, 106,
       193, 176, 125, 44, 37, 140, 33, 0, 103, 187, 64, 160, 155, 21,
       122, 175, 246, 34, 191, 125, 120, 66, 121, 214, 93, 234, 186, 48,
       118, 171, 23, 175, 245, 146, 60, 222, 116, 45, 171, 168, 61, 226,
       163, 149, 159, 244, 242, 243, 183, 31, 222, 237, 95, 226, 253, 50,
       207, 252, 255, 164, 255, 255, 215, 183, 252, 245, 125, 190, 187,
       223, 143, 247, 247, 127, 223, 199, 24, 56, 59, 248, 83, 228, 113,
       82, 229, 4, 236, 0, 61, 159, 33, 120, 232, 185, 147, 128, 10, 171,
       50, 248, 211, 201, 18, 11, 115, 0, 39, 234, 45, 227, 225, 195,
       244, 31, 111, 217, 91, 241, 63, 206, 211, 33, 219, 46, 127, 204,
       22, 254, 153, 242, 237, 128, 238, 223, 167, 228, 175, 187, 210,
       244, 208, 156, 175, 245, 149, 206, 125, 167, 188, 211, 198, 18,
       247, 125, 16, 99, 161, 119, 121, 33, 121, 205, 19, 47, 233, 231,
       221, 80, 32, 104, 181, 122, 55, 227, 96, 195, 254, 19, 239, 249,
       75, 240, 157, 238, 73, 8, 222, 164, 62, 205, 87, 255, 207, 18,
       237, 212, 62, 8, 173, 244, 63, 182, 218, 133, 109, 59, 241, 103,
       244, 14, 239, 144, 97, 232, 123, 196, 219, 41, 221, 182, 54, 236,
       125, 255, 153, 240, 221, 232, 110, 253, 165, 196, 239, 179, 82,
       49, 198, 105, 147, 182, 137, 72, 6, 204, 186, 148, 129, 9, 230,
       194, 73, 219, 242, 239, 106, 211, 74, 67, 218, 96, 185, 48, 79,
       59, 0, 115, 167, 10, 87, 10, 143, 229, 180, 34, 107, 27, 54, 135,
       207, 226, 245, 163, 224, 106, 119, 111, 61, 156, 25, 217, 163,
       194, 204, 175, 255, 192, 172, 224, 49, 41, 154, 202, 94, 187, 98,
       130, 60, 231, 29, 23, 82, 183, 45, 139, 162, 73, 119, 185, 135,
       194, 118, 220, 6, 245, 94, 227, 222, 195, 55, 132, 173, 137, 182,
       109, 242, 230, 235, 15, 94, 233, 161, 166, 249, 169, 111, 255, 77,
       19, 190, 255, 245, 226, 104, 215, 202, 234, 243, 221, 69, 175,
       103, 247, 230, 131, 72, 186, 63, 241, 168, 237, 121, 183, 255, 61,
       182, 16, 190, 179, 64, 123, 167, 55, 110, 24, 146, 105, 179, 117,
       207, 255, 118, 120, 192, 128, 135, 43, 180, 232, 16, 186, 252,
       171, 66, 200, 31, 49, 161, 8, 206, 194, 41, 25, 187, 217, 78, 115,
       10, 119, 72, 116, 153, 146, 79, 127, 209, 59, 3, 2, 130, 141, 250,
       219, 215, 241, 56, 199, 159, 23, 68, 19, 40, 238, 38, 76, 235, 59,
       131, 144, 54, 220, 34, 247, 111, 87, 158, 67, 146, 76, 253, 206,
       229, 107, 220, 223, 236, 31, 92, 220, 223, 186, 149, 94, 215, 202,
