%YAML:1.0
---
descriptors: !!opencv-matrix
   rows: 163
   cols: 32
   dt: u
   data: [ 85, 77, 247, 205, 244, 42, 111, 182, 125, 234, 126, 194, 249,
       59, 149, 117, 118, 254, 55, 238, 225, 176, 101, 238, 230, 254,
       231, 128, 47, 243, 240, 169, 2, 187, 24, 186, 253, 193, 178, 238,
       142, 5, 88, 35, 164, 191, 96, 64, 203, 59, 3, 17, 22, 26, 66, 245,
       61, 20, 30, 107, 144, 10, 165, 203, 2, 173, 17, 219, 248, 201, 52,
       239, 174, 17, 72, 97, 180, 243, 96, 64, 195, 59, 107, 0, 18, 24,
       194, 119, 45, 52, 30, 106, 144, 64, 133, 138, 202, 173, 188, 122,
       185, 249, 17, 142, 187, 53, 44, 25, 174, 247, 66, 27, 131, 115,
       233, 16, 50, 72, 202, 113, 239, 211, 93, 123, 210, 68, 143, 11,
       133, 164, 221, 241, 236, 41, 233, 27, 110, 51, 49, 90, 159, 161,
       216, 43, 35, 15, 110, 28, 51, 116, 207, 210, 140, 146, 119, 116,
       212, 200, 195, 160, 4, 165, 20, 131, 221, 109, 176, 73, 62, 181,
       57, 26, 204, 112, 72, 140, 187, 11, 234, 48, 18, 120, 91, 214, 29,
       22, 31, 103, 144, 74, 141, 134, 196, 173, 149, 151, 148, 168, 172,
       135, 250, 147, 74, 18, 236, 226, 73, 74, 99, 107, 42, 152, 114,
       92, 203, 227, 172, 54, 223, 72, 128, 80, 161, 8, 53, 134, 196,
       190, 252, 35, 70, 236, 83, 179, 184, 234, 67, 104, 77, 24, 89,
       194, 6, 114, 127, 98, 79, 191, 184, 222, 245, 124, 253, 251, 210,
       4, 124, 117, 93, 238, 185, 79, 86, 248, 55, 232, 185, 9, 223, 127,
       73, 80, 220, 221, 221, 98, 73, 35, 91, 186, 251, 221, 37, 63, 114,
       123, 198, 179, 198, 164, 244, 222, 188, 35, 184, 41, 222, 179, 25,
       209, 204, 252, 124, 10, 151, 87, 123, 53, 178, 101, 139, 215, 12,
       30, 223, 254, 148, 102, 145, 1, 198, 36, 244, 223, 254, 171, 186,
       136, 219, 178, 49, 147, 204, 237, 93, 10, 151, 119, 123, 151, 178,
       101, 143, 242, 14, 30, 79, 254, 213, 229, 65, 133, 203, 253, 109,
       255, 126, 148, 123, 56, 226, 200, 21, 230, 253, 95, 154, 35, 22,
       113, 253, 239, 225, 0, 238, 253, 103, 107, 235, 160, 54, 167, 17,
       241, 246, 100, 247, 212, 118, 34, 222, 232, 91, 162, 16, 202, 124,
       111, 53, 27, 183, 245, 53, 239, 160, 199, 143, 206, 58, 62, 239,
       148, 165, 243, 3, 9, 50, 190, 163, 190, 219, 237, 180, 246, 183,
       79, 248, 191, 42, 189, 39, 28, 237, 251, 199, 144, 62, 255, 82,
       255, 127, 118, 212, 203, 227, 92, 230, 223, 102, 34, 213, 245,
       101, 106, 104, 0, 121, 166, 179, 88, 207, 107, 93, 158, 187, 205,
       109, 146, 40, 244, 147, 200, 132, 254, 211, 34, 197, 113, 66, 6,
       25, 14, 79, 237, 180, 138, 107, 55, 36, 129, 202, 228, 243, 35,
       144, 112, 115, 166, 76, 60, 25, 152, 69, 63, 232, 167, 164, 192,
       172, 130, 208, 40, 134, 150, 188, 149, 232, 102, 181, 143, 190,
       247, 2, 49, 196, 54, 78, 75, 133, 87, 187, 17, 50, 220, 211, 98,
       77, 50, 222, 71, 128, 80, 133, 219, 129, 160, 145, 187, 236, 233,
       168, 143, 30, 49, 17, 248, 149, 195, 72, 137, 143, 27, 106, 17,
       19, 92, 203, 209, 204, 147, 127, 252, 156, 8, 137, 161, 242, 75,
       103, 172, 31, 66, 70, 108, 229, 132, 162, 3, 99, 104, 53, 215,
       248, 228, 237, 227, 108, 163, 5, 172, 179, 226, 198, 19, 37, 62,
       116, 14, 124, 233, 18, 106, 57, 221, 86, 192, 171, 140, 168, 9,
       79, 223, 107, 148, 178, 245, 205, 98, 78, 35, 154, 176, 187, 221,
       5, 63, 98, 55, 38, 67, 102, 32, 241, 225, 228, 73, 248, 0, 123,
       177, 178, 154, 141, 11, 93, 27, 175, 149, 95, 145, 144, 112, 193,
       192, 156, 152, 219, 246, 197, 161, 83, 129, 198, 164, 244, 208,
       254, 35, 186, 171, 222, 179, 19, 210, 204, 235, 92, 10, 151, 71,
       123, 187, 178, 101, 143, 214, 12, 30, 79, 252, 213, 97, 209, 129,
       93, 82, 196, 149, 34, 122, 181, 16, 57, 222, 246, 247, 223, 103,
       203, 255, 127, 196, 238, 142, 165, 244, 229, 202, 214, 119, 115,
       129, 174, 253, 47, 117, 93, 117, 19, 101, 49, 14, 79, 184, 105,
       168, 251, 72, 223, 82, 137, 116, 180, 221, 108, 106, 73, 241, 169,
       12, 185, 248, 37, 20, 66, 179, 3, 33, 178, 180, 167, 190, 249,
       165, 188, 239, 63, 91, 248, 249, 44, 255, 44, 24, 237, 155, 223,
       149, 186, 79, 67, 247, 157, 22, 222, 250, 209, 92, 166, 255, 3,
       13, 255, 229, 246, 142, 239, 242, 61, 128, 126, 66, 125, 183, 49,
       113, 118, 119, 63, 238, 225, 153, 49, 238, 245, 190, 207, 128, 44,
       242, 33, 168, 254, 167, 100, 239, 60, 3, 202, 184, 71, 160, 253,
       202, 99, 105, 157, 71, 88, 204, 125, 250, 238, 226, 207, 157, 46,
       249, 133, 188, 127, 186, 80, 0, 197, 167, 215, 217, 244, 184, 232,
       139, 255, 27, 115, 112, 253, 226, 252, 239, 231, 11, 126, 25, 179,
       100, 206, 195, 140, 250, 255, 204, 212, 200, 201, 165, 244, 68,
       199, 37, 13, 106, 74, 168, 213, 166, 138, 131, 99, 96, 25, 11,
       121, 228, 104, 238, 44, 229, 93, 14, 144, 230, 197, 21, 229, 255,
       124, 76, 130, 140, 151, 252, 255, 171, 156, 239, 223, 131, 248,
       88, 174, 170, 36, 205, 199, 123, 110, 1, 48, 111, 2, 255, 184,
       254, 87, 122, 212, 120, 129, 141, 242, 56, 189, 244, 171, 229,
       153, 87, 155, 255, 150, 127, 60, 189, 71, 46, 173, 247, 253, 133,
       184, 79, 243, 226, 211, 95, 248, 179, 143, 76, 151, 123, 66, 164,
       152, 190, 252, 161, 188, 239, 154, 51, 17, 152, 220, 234, 120, 64,
       151, 15, 123, 177, 50, 79, 138, 215, 172, 22, 159, 252, 148, 64,
       147, 136, 107, 178, 189, 220, 125, 21, 153, 127, 27, 125, 180, 63,
       124, 60, 158, 43, 223, 151, 255, 1, 183, 111, 171, 213, 91, 127,
       250, 254, 150, 12, 211, 127, 124, 245, 29, 228, 184, 47, 86, 184,
       51, 186, 184, 104, 223, 123, 73, 16, 149, 223, 125, 114, 105, 67,
       217, 62, 251, 223, 37, 188, 72, 243, 194, 3, 203, 81, 124, 253,
       110, 22, 93, 56, 201, 202, 85, 162, 253, 255, 151, 51, 134, 117,
       245, 239, 193, 68, 230, 217, 198, 251, 233, 136, 55, 166, 65, 241,
       77, 36, 217, 229, 240, 46, 104, 27, 58, 187, 107, 80, 221, 115,
       73, 250, 179, 95, 124, 60, 49, 208, 153, 66, 207, 239, 119, 68,
       136, 225, 195, 129, 188, 117, 17, 238, 253, 79, 87, 248, 55, 170,
       248, 72, 223, 127, 9, 48, 220, 221, 93, 98, 105, 166, 89, 190,
       243, 223, 37, 62, 74, 187, 66, 51, 6, 165, 16, 131, 221, 109, 184,
       73, 30, 53, 185, 27, 204, 120, 72, 136, 187, 11, 234, 177, 18,
       114, 219, 214, 29, 22, 31, 111, 148, 10, 141, 134, 120, 157, 61,
       254, 153, 231, 83, 183, 132, 77, 238, 0, 243, 119, 32, 112, 209,
       178, 93, 24, 59, 137, 121, 63, 235, 239, 36, 16, 178, 74, 196,
       123, 9, 92, 57, 255, 61, 207, 86, 182, 86, 72, 124, 68, 255, 121,
       33, 224, 213, 122, 30, 74, 227, 168, 90, 63, 231, 255, 37, 24, 90,
       186, 1, 43, 79, 178, 223, 85, 34, 54, 56, 144, 168, 223, 118, 245,
       221, 39, 138, 218, 39, 85, 253, 132, 133, 212, 167, 64, 70, 35,
       122, 132, 136, 225, 43, 81, 50, 176, 181, 249, 104, 141, 152, 205,
       31, 59, 240, 251, 12, 255, 76, 24, 223, 153, 247, 149, 26, 123,
       75, 209, 30, 26, 90, 254, 209, 12, 163, 223, 130, 140, 150, 158,
       186, 137, 188, 231, 159, 131, 240, 120, 172, 250, 36, 69, 207,
       123, 110, 1, 50, 239, 3, 255, 184, 182, 94, 90, 208, 72, 161, 141,
       253, 125, 25, 229, 184, 15, 86, 187, 59, 170, 188, 76, 159, 51,
       65, 177, 157, 222, 92, 104, 105, 122, 209, 30, 231, 223, 37, 60,
       106, 248, 194, 3, 196, 164, 149, 159, 222, 232, 164, 171, 190,
       147, 9, 82, 236, 226, 72, 67, 113, 107, 42, 144, 50, 68, 202, 215,
       44, 6, 223, 108, 144, 96, 129, 128, 9, 253, 17, 123, 49, 141, 70,
       191, 127, 41, 58, 76, 191, 51, 0, 176, 135, 91, 92, 72, 99, 56,
       89, 63, 175, 223, 53, 50, 90, 146, 129, 9, 240, 74, 223, 188, 78,
       8, 109, 132, 185, 146, 178, 90, 127, 34, 5, 91, 106, 229, 108,
       234, 105, 71, 195, 234, 148, 170, 254, 24, 45, 113, 98, 40, 93,
       53, 147, 225, 242, 46, 108, 19, 58, 179, 107, 80, 221, 179, 72,
       250, 183, 31, 52, 184, 51, 208, 153, 194, 141, 238, 127, 68, 168,
