%YAML:1.0
---
descriptors: !!opencv-matrix
   rows: 367
   cols: 32
   dt: u
   data: [ 223, 18, 124, 105, 41, 63, 88, 152, 175, 120, 181, 125, 223,
       95, 159, 251, 135, 21, 253, 103, 143, 69, 91, 213, 195, 219, 105,
       246, 30, 167, 10, 23, 107, 50, 154, 190, 107, 61, 152, 31, 171,
       219, 49, 125, 188, 254, 78, 154, 135, 51, 245, 5, 135, 75, 210,
       192, 146, 255, 122, 186, 200, 68, 139, 155, 161, 68, 117, 69, 100,
       43, 229, 51, 117, 226, 114, 82, 211, 49, 149, 173, 90, 204, 54,
       42, 225, 244, 101, 14, 4, 174, 112, 4, 103, 248, 80, 164, 105, 61,
       248, 101, 244, 110, 127, 55, 113, 238, 126, 44, 243, 55, 130, 48,
       23, 254, 116, 40, 249, 186, 241, 14, 231, 239, 37, 128, 224, 242,
       198, 113, 206, 174, 172, 159, 175, 176, 188, 235, 159, 150, 157,
       179, 236, 238, 127, 75, 247, 123, 191, 167, 38, 69, 239, 255, 215,
       115, 223, 171, 150, 117, 189, 87, 37, 81, 97, 69, 116, 78, 239,
       56, 100, 232, 127, 198, 211, 21, 157, 52, 122, 204, 22, 238, 201,
       176, 125, 12, 100, 172, 161, 132, 111, 187, 82, 177, 45, 65, 105,
       97, 116, 79, 107, 56, 100, 104, 119, 8, 211, 23, 153, 48, 26, 152,
       87, 106, 201, 176, 97, 12, 103, 205, 32, 148, 101, 187, 86, 241,
       214, 142, 198, 150, 210, 160, 62, 238, 191, 151, 90, 247, 109,
       239, 251, 79, 119, 111, 179, 215, 178, 221, 142, 255, 120, 38,
       223, 195, 167, 245, 165, 89, 36, 85, 120, 79, 116, 79, 119, 120,
       100, 136, 127, 0, 115, 83, 153, 48, 28, 88, 7, 106, 192, 176, 57,
       12, 103, 141, 37, 0, 83, 187, 102, 163, 220, 112, 189, 86, 9, 108,
       65, 0, 235, 186, 167, 24, 94, 23, 65, 191, 161, 212, 108, 74, 9,
       69, 179, 32, 211, 251, 85, 58, 194, 113, 71, 34, 59, 95, 119, 109,
       228, 102, 94, 119, 65, 206, 120, 239, 43, 61, 135, 157, 174, 219,
       149, 34, 237, 178, 32, 202, 34, 255, 100, 130, 111, 254, 238, 221,
       122, 0, 58, 232, 41, 221, 80, 80, 169, 8, 164, 9, 158, 157, 54,
       48, 204, 145, 221, 13, 142, 35, 112, 145, 211, 217, 0, 123, 82,
       12, 78, 34, 83, 169, 131, 184, 153, 196, 12, 199, 191, 81, 130,
       25, 172, 182, 64, 254, 161, 167, 249, 149, 31, 75, 146, 241, 185,
       118, 158, 122, 128, 4, 163, 78, 120, 167, 91, 96, 82, 75, 113, 95,
       112, 41, 106, 40, 23, 147, 0, 48, 50, 158, 68, 56, 26, 184, 128,
       30, 245, 173, 32, 64, 98, 128, 70, 43, 9, 55, 241, 85, 194, 119,
       169, 123, 126, 235, 122, 82, 153, 50, 132, 168, 127, 14, 54, 136,
       177, 216, 97, 10, 13, 239, 250, 132, 233, 192, 99, 233, 215, 129,
       103, 129, 226, 66, 175, 189, 60, 219, 23, 246, 93, 118, 222, 111,
       55, 199, 63, 255, 245, 212, 45, 230, 60, 10, 239, 196, 165, 213,
       161, 245, 149, 74, 122, 222, 54, 145, 107, 112, 213, 64, 247, 230,
       121, 199, 181, 100, 126, 248, 31, 206, 233, 135, 46, 255, 146,
       239, 162, 136, 63, 187, 32, 189, 195, 227, 251, 236, 108, 12, 124,
       93, 239, 88, 20, 229, 157, 207, 252, 98, 38, 29, 127, 205, 195, 5,
       134, 193, 86, 249, 170, 172, 46, 176, 235, 153, 111, 244, 160, 82,
       251, 117, 158, 222, 155, 251, 188, 127, 76, 252, 127, 190, 157,
       211, 223, 213, 183, 107, 186, 242, 59, 95, 13, 255, 223, 118, 155,
       215, 130, 192, 34, 155, 109, 209, 184, 64, 158, 29, 85, 51, 140,
       158, 62, 76, 201, 25, 147, 145, 38, 46, 66, 215, 7, 16, 154, 203,
       22, 13, 61, 198, 27, 142, 70, 155, 50, 178, 58, 3, 60, 65, 91,
       247, 109, 2, 160, 196, 119, 35, 143, 149, 183, 156, 5, 223, 188,
       102, 186, 192, 189, 134, 169, 29, 49, 199, 82, 74, 246, 147, 238,
       253, 125, 73, 121, 230, 121, 234, 188, 228, 126, 170, 22, 236,
       215, 186, 12, 255, 58, 44, 166, 192, 127, 154, 233, 140, 143, 238,
       230, 151, 127, 55, 190, 234, 95, 250, 124, 215, 72, 168, 247, 167,
       255, 79, 242, 151, 231, 254, 15, 251, 62, 94, 207, 167, 95, 237,
       105, 141, 91, 215, 101, 205, 179, 22, 110, 189, 45, 72, 94, 230,
       104, 102, 158, 247, 54, 198, 252, 238, 253, 153, 61, 237, 54, 122,
       206, 130, 47, 182, 169, 125, 49, 141, 123, 110, 28, 203, 199, 125,
       68, 200, 252, 72, 115, 253, 184, 32, 24, 186, 78, 107, 219, 171,
       77, 61, 249, 141, 33, 88, 121, 170, 224, 161, 61, 79, 103, 111,
       68, 2, 78, 120, 65, 160, 251, 199, 99, 105, 185, 2, 124, 228, 5,
       238, 200, 179, 77, 172, 114, 232, 229, 0, 111, 187, 112, 136, 75,
       183, 192, 133, 178, 150, 186, 23, 43, 233, 26, 231, 141, 38, 198,
       150, 55, 111, 221, 181, 215, 216, 213, 202, 174, 69, 47, 226, 175,
       196, 139, 221, 34, 165, 48, 90, 221, 221, 148, 239, 203, 21, 172,
       25, 174, 216, 110, 149, 201, 19, 194, 17, 86, 43, 90, 247, 63, 28,
       20, 127, 83, 14, 222, 142, 98, 185, 105, 94, 93, 217, 147, 103,
       163, 69, 188, 141, 162, 28, 22, 16, 72, 178, 211, 65, 142, 43,
       246, 189, 55, 20, 144, 187, 69, 12, 86, 222, 237, 124, 189, 119,
       109, 47, 87, 154, 123, 234, 176, 76, 215, 121, 81, 59, 157, 228,
       117, 106, 233, 116, 249, 58, 239, 219, 101, 52, 72, 249, 82, 51,
       222, 255, 182, 243, 173, 188, 94, 134, 175, 31, 188, 33, 238, 255,
       107, 222, 207, 243, 253, 83, 94, 65, 218, 227, 251, 209, 206, 187,
       130, 95, 175, 75, 126, 253, 58, 102, 187, 87, 159, 245, 145, 238,
       188, 47, 106, 255, 23, 151, 252, 247, 253, 227, 236, 67, 185, 175,
       251, 255, 13, 187, 3, 119, 174, 91, 19, 114, 107, 197, 86, 147,
       187, 116, 108, 76, 222, 231, 121, 12, 182, 32, 126, 185, 159, 229,
       205, 179, 37, 205, 118, 109, 170, 128, 45, 150, 117, 253, 254,
       221, 106, 55, 147, 94, 87, 255, 53, 198, 238, 143, 107, 117, 15,
       240, 121, 254, 221, 230, 236, 154, 125, 175, 251, 239, 133, 147,
       103, 126, 254, 94, 109, 188, 237, 245, 172, 111, 205, 191, 18,
       255, 158, 158, 243, 125, 152, 43, 93, 198, 125, 173, 185, 254,
       255, 170, 239, 239, 245, 148, 229, 248, 214, 120, 165, 237, 241,
       78, 220, 119, 199, 252, 83, 162, 125, 74, 82, 113, 189, 180, 89,
       222, 22, 106, 233, 182, 124, 174, 63, 142, 165, 60, 247, 251, 214,
       160, 95, 159, 103, 43, 178, 138, 111, 189, 45, 96, 75, 229, 221,
       103, 152, 244, 54, 119, 93, 236, 241, 152, 61, 93, 236, 60, 175,
       196, 46, 134, 163, 117, 184, 176, 182, 253, 237, 223, 208, 79, 91,
       189, 116, 25, 14, 189, 102, 158, 201, 191, 247, 17, 30, 254, 210,
       145, 159, 251, 81, 127, 210, 12, 222, 194, 105, 124, 190, 119,
       164, 63, 117, 59, 121, 234, 62, 8, 251, 125, 23, 59, 149, 102,
       124, 46, 229, 244, 243, 40, 231, 251, 101, 16, 74, 248, 66, 123,
       10, 72, 146, 159, 29, 181, 178, 66, 30, 5, 72, 3, 172, 216, 37,
       200, 216, 59, 139, 17, 6, 152, 82, 255, 7, 119, 154, 11, 146, 95,
       61, 138, 139, 252, 96, 251, 125, 253, 255, 214, 223, 87, 125, 19,
       249, 221, 126, 172, 237, 123, 219, 159, 166, 60, 251, 243, 103,
       93, 154, 233, 87, 223, 253, 250, 186, 152, 254, 223, 21, 247, 248,
       246, 31, 37, 254, 3, 105, 63, 54, 64, 233, 247, 191, 144, 44, 175,
       113, 255, 219, 255, 219, 83, 23, 136, 124, 74, 47, 121, 244, 82,
       109, 93, 213, 232, 203, 246, 181, 10, 10, 220, 127, 175, 206, 249,
       251, 67, 196, 99, 254, 240, 83, 89, 69, 63, 87, 255, 92, 246, 82,
       184, 54, 76, 59, 201, 177, 104, 239, 68, 231, 33, 110, 223, 38,
       116, 182, 57, 239, 225, 2, 43, 154, 221, 209, 240, 11, 27, 82, 2,
       37, 31, 124, 125, 211, 214, 212, 77, 111, 244, 17, 226, 118, 10,
       115, 245, 241, 116, 121, 254, 55, 250, 121, 250, 248, 234, 127,
       174, 165, 40, 167, 250, 118, 184, 180, 244, 253, 246, 140, 103,
       71, 250, 18, 178, 177, 26, 211, 113, 89, 59, 89, 214, 125, 42,
       121, 103, 251, 26, 251, 203, 229, 60, 253, 249, 242, 160, 155, 29,
       126, 251, 178, 246, 95, 55, 61, 78, 95, 176, 253, 190, 178, 112,
       247, 191, 189, 135, 255, 156, 255, 223, 247, 253, 186, 193, 180,
       208, 173, 113, 96, 132, 64, 128, 228, 40, 236, 103, 24, 35, 251,
       90, 141, 42, 16, 8, 107, 135, 38, 137, 25, 62, 197, 194, 148, 150,
