%YAML:1.0
---
descriptors: !!opencv-matrix
   rows: 134
   cols: 32
   dt: u
   data: [ 64, 121, 191, 177, 45, 173, 49, 22, 238, 189, 66, 13, 182,
       145, 65, 75, 164, 43, 121, 85, 130, 121, 146, 48, 205, 211, 90,
       120, 128, 8, 17, 106, 252, 82, 110, 108, 109, 86, 87, 121, 177,
       206, 247, 63, 74, 221, 174, 211, 252, 244, 239, 98, 232, 231, 251,
       138, 243, 243, 101, 159, 67, 188, 110, 115, 33, 15, 83, 76, 80,
       159, 235, 119, 53, 136, 122, 68, 40, 135, 181, 244, 124, 186, 2,
       200, 193, 186, 48, 237, 55, 188, 128, 0, 99, 128, 102, 172, 119,
       230, 229, 196, 244, 3, 206, 168, 27, 162, 176, 202, 83, 104, 148,
       17, 91, 197, 117, 239, 184, 231, 205, 222, 56, 46, 237, 180, 229,
       251, 210, 0, 119, 167, 225, 196, 246, 3, 158, 232, 27, 162, 218,
       235, 88, 108, 156, 16, 127, 213, 117, 231, 168, 195, 77, 222, 56,
       46, 237, 148, 101, 227, 242, 33, 214, 201, 150, 147, 141, 0, 166,
       164, 63, 147, 194, 19, 228, 162, 76, 207, 233, 199, 170, 211, 122,
       125, 155, 227, 189, 50, 222, 71, 128, 125, 177, 14, 245, 73, 70,
       205, 13, 18, 70, 224, 245, 130, 242, 2, 67, 2, 181, 119, 120, 228,
       110, 234, 104, 167, 117, 237, 178, 170, 199, 16, 119, 184, 112,
       36, 226, 50, 189, 240, 104, 13, 144, 27, 139, 249, 176, 121, 150,
       29, 68, 59, 142, 21, 125, 17, 185, 79, 195, 144, 159, 26, 125,
       186, 216, 8, 19, 59, 254, 72, 254, 244, 46, 26, 124, 20, 169, 146,
       182, 186, 95, 63, 133, 123, 102, 245, 125, 234, 104, 199, 193,
       200, 211, 251, 238, 144, 39, 241, 98, 33, 244, 69, 30, 172, 12,
       11, 71, 40, 196, 166, 226, 11, 71, 97, 59, 83, 88, 228, 106, 106,
       104, 167, 75, 28, 241, 162, 69, 29, 112, 59, 64, 2, 124, 245, 185,
       238, 233, 79, 87, 248, 63, 232, 189, 9, 223, 127, 73, 48, 223,
       221, 253, 98, 75, 99, 123, 159, 251, 223, 37, 63, 82, 251, 70,
       115, 69, 97, 25, 229, 52, 15, 103, 24, 109, 168, 247, 72, 215, 82,
       137, 116, 150, 85, 94, 106, 9, 176, 233, 8, 165, 220, 35, 16, 64,
       179, 67, 33, 120, 49, 87, 236, 11, 65, 16, 104, 171, 152, 160, 40,
       110, 211, 33, 246, 166, 177, 238, 96, 8, 35, 146, 216, 211, 209,
       3, 63, 114, 34, 39, 35, 129, 75, 95, 61, 84, 159, 228, 112, 244,
       192, 114, 66, 179, 8, 176, 225, 108, 160, 2, 237, 229, 252, 5, 29,
       36, 43, 98, 0, 109, 168, 120, 141, 90, 51, 22, 236, 11, 193, 24,
       104, 175, 28, 160, 169, 204, 199, 97, 82, 238, 177, 239, 224, 74,
       3, 218, 221, 209, 208, 75, 187, 50, 34, 39, 51, 61, 117, 21, 238,
       189, 79, 86, 248, 47, 232, 249, 72, 223, 125, 9, 176, 220, 213,
       93, 106, 105, 35, 91, 158, 251, 223, 37, 62, 90, 59, 67, 51, 213,
       72, 214, 212, 14, 10, 109, 32, 233, 134, 242, 194, 67, 42, 149,
       127, 106, 228, 108, 234, 108, 231, 135, 232, 144, 170, 227, 16,
       45, 241, 112, 4, 37, 198, 197, 158, 220, 3, 198, 232, 18, 179,
       176, 254, 210, 96, 201, 27, 89, 194, 102, 243, 59, 99, 79, 191,
       184, 6, 253, 124, 221, 123, 242, 128, 38, 36, 214, 248, 253, 43,
       154, 202, 159, 179, 185, 25, 206, 235, 109, 201, 215, 95, 239, 48,
       52, 103, 75, 214, 154, 222, 67, 127, 214, 233, 9, 131, 9, 13, 21,
       101, 52, 174, 101, 55, 124, 169, 122, 64, 191, 49, 144, 180, 0,
       46, 70, 8, 49, 184, 65, 14, 164, 254, 48, 64, 74, 128, 195, 169,
       141, 248, 253, 83, 228, 94, 229, 148, 122, 242, 54, 108, 243, 16,
       211, 59, 3, 68, 116, 94, 195, 252, 255, 33, 110, 155, 117, 68, 78,
       177, 195, 249, 224, 180, 63, 48, 202, 237, 177, 67, 170, 127, 49,
       57, 180, 159, 64, 27, 173, 51, 99, 17, 50, 111, 178, 65, 93, 2,
       122, 250, 192, 0, 135, 251, 101, 181, 189, 82, 205, 111, 71, 191,
       80, 242, 169, 24, 210, 113, 93, 187, 153, 214, 80, 58, 249, 98,
       249, 42, 109, 158, 69, 124, 200, 122, 210, 32, 222, 181, 18, 186,
       27, 244, 18, 73, 191, 21, 133, 17, 174, 222, 106, 208, 247, 19,
       253, 209, 62, 15, 154, 247, 155, 245, 10, 127, 18, 6, 173, 87, 2,
       165, 20, 147, 253, 109, 188, 239, 30, 51, 57, 27, 204, 50, 72, 1,
       187, 139, 106, 17, 50, 88, 219, 215, 29, 22, 31, 103, 144, 72,
       133, 134, 8, 28, 185, 249, 176, 239, 1, 23, 22, 47, 68, 16, 183,
       151, 96, 104, 213, 58, 22, 24, 59, 156, 113, 55, 205, 134, 48,
       112, 176, 72, 133, 233, 65, 158, 28, 57, 169, 141, 16, 174, 79,
       57, 40, 89, 174, 50, 14, 80, 133, 19, 236, 0, 134, 104, 67, 119,
       141, 223, 112, 122, 80, 0, 129, 15, 253, 237, 229, 70, 205, 95,
       71, 188, 82, 242, 168, 10, 115, 113, 85, 51, 25, 230, 112, 106,
       249, 107, 255, 42, 123, 143, 69, 60, 97, 250, 210, 104, 244, 82,
       186, 164, 40, 6, 87, 120, 32, 142, 199, 105, 87, 215, 201, 91,
       244, 212, 109, 98, 200, 199, 137, 8, 208, 227, 231, 157, 32, 179,
       54, 3, 76, 160, 156, 35, 176, 107, 104, 9, 62, 177, 35, 29, 223,
       2, 72, 26, 147, 7, 108, 49, 50, 88, 217, 86, 205, 215, 127, 117,
       192, 2, 135, 2, 26, 192, 146, 186, 131, 81, 20, 109, 61, 29, 240,
       187, 110, 254, 46, 221, 239, 147, 143, 145, 94, 75, 2, 225, 155,
       243, 94, 155, 146, 20, 175, 95, 74, 188, 156, 122, 169, 253, 17,
       143, 187, 63, 164, 25, 174, 255, 66, 27, 135, 115, 237, 16, 50,
       77, 202, 113, 219, 211, 93, 123, 210, 68, 143, 11, 4, 160, 221,
       241, 236, 41, 249, 27, 239, 51, 49, 88, 157, 187, 220, 11, 171,
       139, 126, 25, 19, 116, 203, 209, 204, 154, 127, 244, 212, 200,
       195, 161, 125, 71, 232, 103, 180, 58, 78, 184, 113, 234, 255, 236,
       83, 96, 159, 112, 54, 196, 108, 110, 237, 176, 109, 46, 234, 239,
       37, 148, 111, 243, 90, 5, 246, 64, 214, 140, 77, 78, 220, 72, 185,
       166, 242, 11, 78, 250, 39, 95, 248, 245, 239, 227, 76, 103, 219,
       200, 145, 186, 203, 31, 1, 127, 126, 6, 248, 113, 23, 188, 29,
       198, 87, 117, 229, 136, 226, 12, 86, 209, 32, 80, 216, 120, 104,
       99, 72, 235, 146, 12, 241, 241, 6, 26, 64, 10, 114, 42, 36, 49,
       185, 99, 221, 111, 81, 137, 107, 181, 45, 24, 214, 85, 79, 58,
       145, 28, 64, 56, 18, 112, 249, 16, 79, 157, 1, 119, 194, 107, 70,
       226, 244, 72, 223, 245, 108, 40, 108, 0, 169, 146, 242, 90, 251,
       43, 21, 91, 107, 229, 111, 170, 40, 119, 195, 224, 214, 250, 242,
       24, 37, 241, 99, 136, 135, 123, 200, 72, 226, 7, 175, 216, 22,
       248, 116, 231, 88, 195, 239, 12, 63, 72, 23, 254, 195, 86, 26,
       112, 120, 8, 175, 172, 219, 247, 107, 145, 6, 161, 148, 131, 221,
       111, 184, 73, 62, 181, 177, 27, 204, 122, 76, 12, 187, 159, 235,
       49, 18, 115, 91, 212, 157, 22, 95, 119, 149, 10, 199, 134, 2, 253,
       149, 87, 139, 172, 188, 175, 190, 179, 74, 16, 236, 253, 69, 203,
       165, 119, 177, 17, 114, 216, 155, 123, 45, 38, 95, 66, 128, 116,
       153, 170, 2, 197, 231, 55, 145, 226, 188, 175, 62, 243, 74, 145,
       105, 236, 60, 65, 147, 127, 161, 145, 118, 216, 29, 127, 105, 54,
       221, 69, 133, 84, 133, 74, 225, 189, 173, 87, 157, 15, 71, 191,
       82, 241, 168, 92, 242, 112, 92, 51, 153, 198, 112, 124, 249, 106,
       251, 63, 41, 58, 197, 124, 72, 56, 210, 44, 242, 96, 245, 228, 38,
       72, 248, 0, 233, 160, 178, 139, 143, 139, 85, 50, 174, 149, 125,
       217, 202, 37, 135, 192, 151, 216, 130, 163, 103, 130, 67, 14, 189,
       46, 199, 29, 6, 42, 66, 90, 116, 166, 242, 231, 67, 97, 145, 143,
       125, 236, 102, 174, 168, 244, 205, 42, 70, 174, 225, 128, 239,
       253, 114, 161, 9, 160, 196, 27, 155, 59, 40, 239, 118, 113, 71,
       151, 193, 34, 202, 228, 121, 14, 162, 156, 55, 88, 95, 23, 14,
       230, 151, 101, 191, 132, 136, 220, 10, 162, 85, 155, 236, 137,
       168, 143, 30, 49, 49, 217, 189, 2, 216, 140, 11, 11, 106, 29, 19,
       88, 207, 213, 12, 18, 190, 252, 156, 136, 137, 136, 69, 74, 214,
       213, 108, 40, 233, 18, 232, 130, 114, 70, 221, 162, 213, 123, 102,
       101, 110, 142, 128, 245, 135, 224, 84, 186, 251, 128, 140, 241,
       97, 1, 34, 177, 89, 234, 246, 201, 179, 207, 30, 9, 120, 58, 188,
