%YAML:1.0
---
descriptors: !!opencv-matrix
   rows: 176
   cols: 32
   dt: u
   data: [ 70, 236, 151, 154, 207, 232, 183, 239, 255, 83, 224, 24, 238,
       250, 108, 91, 251, 219, 234, 2, 114, 107, 170, 243, 189, 182, 94,
       95, 144, 112, 167, 143, 201, 180, 191, 113, 137, 60, 117, 151,
       255, 251, 166, 84, 158, 51, 64, 191, 165, 23, 104, 24, 179, 237,
       179, 66, 207, 219, 86, 70, 202, 80, 163, 43, 215, 238, 134, 191,
       216, 164, 46, 252, 182, 94, 211, 215, 97, 227, 123, 73, 125, 239,
       59, 207, 228, 223, 223, 251, 60, 38, 223, 136, 188, 119, 184, 218,
       84, 12, 159, 244, 130, 226, 127, 66, 180, 135, 235, 18, 85, 243,
       33, 75, 97, 247, 43, 146, 48, 209, 0, 104, 209, 166, 223, 1, 161,
       113, 165, 34, 178, 48, 119, 237, 109, 79, 248, 65, 45, 108, 243,
       15, 143, 159, 22, 20, 254, 157, 255, 129, 142, 191, 241, 197, 151,
       248, 18, 195, 111, 140, 103, 223, 52, 157, 26, 186, 213, 183, 210,
       227, 151, 9, 93, 7, 100, 249, 34, 64, 217, 170, 3, 17, 30, 171,
       88, 191, 251, 151, 130, 75, 152, 10, 184, 146, 57, 205, 110, 46,
       188, 147, 206, 253, 214, 64, 221, 199, 115, 200, 191, 160, 94,
       232, 22, 239, 255, 171, 76, 191, 58, 77, 173, 220, 125, 174, 248,
       148, 57, 159, 75, 254, 54, 131, 79, 247, 212, 72, 218, 230, 113,
       227, 176, 96, 126, 234, 30, 238, 251, 171, 44, 191, 248, 239, 166,
       192, 61, 138, 112, 57, 14, 106, 236, 185, 11, 241, 153, 198, 143,
       247, 132, 179, 140, 142, 87, 10, 207, 185, 251, 149, 134, 71, 110,
       240, 79, 81, 159, 255, 151, 21, 29, 222, 54, 173, 180, 186, 141,
       237, 220, 239, 159, 159, 176, 27, 46, 255, 102, 15, 201, 251, 255,
       21, 58, 107, 218, 240, 187, 214, 223, 127, 209, 93, 135, 202, 74,
       216, 150, 152, 217, 245, 180, 207, 143, 23, 168, 27, 172, 254,
       102, 222, 225, 51, 235, 145, 22, 11, 154, 209, 191, 118, 94, 127,
       146, 76, 173, 206, 94, 170, 150, 186, 139, 176, 20, 207, 187, 151,
       168, 149, 172, 226, 106, 222, 229, 115, 232, 145, 54, 75, 138,
       225, 152, 242, 94, 123, 154, 84, 175, 14, 239, 246, 228, 57, 171,
       115, 150, 152, 23, 255, 177, 255, 203, 120, 219, 143, 95, 197,
       255, 247, 190, 102, 207, 146, 206, 83, 237, 255, 255, 253, 158,
       215, 73, 155, 147, 179, 177, 140, 120, 23, 185, 9, 114, 116, 188,
       151, 32, 208, 166, 59, 61, 16, 19, 152, 128, 227, 237, 252, 58,
       194, 138, 0, 161, 43, 172, 96, 248, 116, 108, 73, 85, 64, 194,
       190, 181, 8, 51, 209, 89, 58, 8, 220, 68, 90, 72, 103, 234, 2, 83,
       201, 117, 61, 227, 185, 86, 162, 88, 48, 159, 184, 42, 201, 81,
       208, 167, 53, 166, 41, 191, 151, 64, 91, 235, 177, 111, 16, 10, 3,
       195, 17, 217, 225, 118, 121, 176, 0, 39, 99, 248, 22, 164, 245,
       141, 127, 149, 43, 132, 190, 159, 31, 195, 44, 14, 11, 233, 214,
       237, 35, 60, 231, 251, 142, 153, 227, 223, 23, 99, 109, 220, 102,
       95, 245, 183, 92, 187, 86, 158, 184, 219, 250, 159, 234, 92, 254,
       140, 231, 183, 245, 252, 225, 165, 67, 191, 223, 187, 127, 111,
       246, 134, 103, 45, 117, 167, 174, 224, 31, 212, 29, 230, 236, 91,
       251, 120, 223, 96, 104, 222, 173, 89, 202, 146, 95, 247, 254, 78,
       227, 46, 30, 213, 238, 223, 254, 218, 148, 197, 111, 10, 139, 234,
       168, 47, 198, 172, 6, 75, 212, 149, 2, 139, 209, 39, 11, 74, 222,
       115, 21, 133, 114, 180, 36, 62, 72, 136, 211, 171, 160, 133, 239,
       231, 87, 220, 91, 167, 237, 126, 250, 242, 98, 208, 236, 221, 165,
       123, 252, 126, 107, 241, 240, 109, 255, 61, 14, 231, 100, 69, 250,
       209, 164, 246, 172, 149, 186, 201, 205, 85, 239, 159, 159, 177,
       25, 238, 254, 102, 95, 201, 243, 239, 145, 58, 107, 250, 241, 153,
       210, 223, 127, 144, 88, 167, 238, 206, 190, 190, 158, 235, 244,
       188, 231, 186, 223, 145, 189, 236, 254, 110, 203, 231, 115, 239,
       147, 182, 79, 170, 227, 62, 115, 95, 251, 138, 84, 175, 223, 238,
       246, 164, 177, 173, 63, 92, 155, 31, 255, 145, 253, 203, 109, 223,
       143, 223, 197, 253, 183, 191, 70, 207, 146, 142, 210, 253, 246,
       222, 253, 158, 85, 242, 94, 238, 55, 22, 90, 106, 48, 113, 229,
       246, 151, 99, 45, 158, 93, 122, 230, 125, 237, 172, 244, 245, 175,
       122, 111, 208, 193, 103, 165, 246, 86, 134, 106, 174, 176, 61,
       225, 185, 70, 143, 253, 150, 179, 140, 143, 119, 74, 201, 49, 251,
       149, 6, 77, 34, 242, 207, 83, 159, 243, 148, 93, 21, 218, 50, 249,
       122, 232, 213, 197, 210, 79, 159, 5, 252, 3, 63, 221, 34, 16, 234,
       187, 151, 209, 78, 43, 50, 253, 251, 221, 134, 107, 113, 24, 238,
       202, 218, 152, 183, 252, 11, 228, 49, 170, 174, 81, 131, 16, 156,
       247, 96, 194, 231, 23, 249, 128, 19, 73, 155, 211, 217, 247, 91,
       79, 154, 5, 165, 50, 44, 106, 248, 96, 172, 73, 85, 88, 66, 190,
       180, 40, 51, 145, 193, 58, 8, 216, 196, 74, 72, 102, 194, 0, 195,
       201, 101, 57, 99, 185, 86, 163, 39, 238, 236, 19, 236, 159, 238,
       166, 218, 251, 53, 93, 193, 168, 222, 170, 201, 110, 114, 95, 182,
       124, 206, 51, 14, 31, 117, 244, 205, 255, 218, 204, 198, 143, 133,
       159, 250, 160, 175, 175, 158, 183, 91, 247, 237, 226, 248, 198,
       119, 71, 171, 147, 114, 73, 143, 255, 44, 54, 223, 238, 156, 119,
       181, 141, 248, 251, 186, 124, 233, 157, 85, 119, 187, 238, 180,
       29, 63, 255, 66, 147, 165, 243, 253, 4, 252, 107, 146, 26, 251,
       223, 117, 186, 98, 228, 206, 219, 220, 21, 180, 183, 141, 126, 85,
       39, 133, 247, 159, 31, 207, 125, 10, 203, 233, 215, 237, 39, 56,
       237, 251, 162, 251, 247, 221, 23, 170, 124, 212, 82, 143, 76, 135,
       181, 203, 102, 60, 135, 190, 179, 66, 211, 204, 62, 65, 203, 167,
       119, 251, 149, 53, 221, 19, 226, 13, 50, 223, 131, 136, 116, 169,
       26, 69, 105, 211, 245, 214, 138, 174, 228, 56, 160, 122, 194, 213,
       131, 33, 112, 126, 253, 34, 227, 65, 210, 133, 111, 180, 174, 175,
       64, 109, 179, 163, 160, 60, 253, 251, 99, 208, 237, 87, 214, 114,
       35, 108, 8, 51, 245, 73, 48, 25, 250, 68, 10, 26, 178, 248, 35,
       227, 205, 36, 56, 227, 219, 198, 162, 19, 142, 70, 189, 146, 166,
       106, 119, 52, 67, 90, 215, 89, 230, 178, 192, 119, 239, 63, 173,
       189, 145, 5, 206, 184, 46, 171, 192, 173, 230, 169, 93, 32, 77,
       11, 186, 220, 199, 239, 103, 158, 136, 120, 2, 52, 214, 49, 64,
       248, 171, 19, 153, 34, 154, 2, 255, 117, 4, 174, 137, 145, 24,
       244, 170, 194, 174, 144, 152, 201, 229, 184, 199, 174, 31, 128,
       145, 172, 167, 98, 75, 205, 59, 235, 145, 50, 79, 194, 243, 141,
       16, 222, 251, 144, 68, 165, 250, 221, 98, 146, 165, 102, 14, 106,
       80, 97, 136, 247, 98, 15, 3, 129, 94, 126, 236, 76, 254, 72, 247,
       192, 200, 148, 233, 162, 0, 171, 179, 43, 129, 91, 135, 142, 165,
       180, 6, 92, 63, 22, 228, 206, 199, 247, 43, 18, 65, 118, 199, 61,
       173, 236, 217, 69, 31, 248, 231, 239, 144, 44, 172, 152, 89, 13,
       89, 179, 193, 237, 93, 175, 156, 206, 249, 86, 86, 156, 148, 249,
       238, 101, 82, 58, 91, 211, 188, 251, 242, 77, 28, 31, 76, 154, 31,
       177, 245, 173, 26, 245, 91, 117, 191, 105, 154, 119, 187, 119, 84,
       251, 81, 145, 61, 29, 42, 38, 30, 163, 244, 105, 188, 79, 219,
       113, 64, 251, 217, 66, 161, 36, 161, 225, 1, 212, 75, 225, 173,
       126, 245, 43, 185, 195, 108, 220, 16, 25, 142, 67, 53, 30, 240,
       109, 22, 108, 20, 149, 116, 197, 142, 214, 208, 30, 205, 178, 146,
       243, 51, 190, 228, 61, 7, 250, 131, 204, 46, 47, 221, 255, 219,
       159, 243, 52, 219, 8, 236, 185, 22, 222, 195, 135, 119, 47, 207,
       114, 191, 248, 244, 222, 14, 215, 103, 153, 166, 184, 187, 122,
       109, 20, 18, 191, 247, 197, 33, 248, 107, 144, 79, 121, 14, 21,
       58, 69, 104, 214, 107, 124, 205, 122, 238, 157, 22, 86, 236, 69,
       128, 238, 10, 115, 249, 59, 80, 120, 254, 9, 235, 72, 179, 89,
       173, 251, 237, 135, 21, 115, 251, 248, 10, 64, 112, 217, 233, 106,
       201, 97, 18, 46, 53, 227, 40, 183, 151, 64, 88, 98, 157, 111, 144,
