%YAML:1.0
---
descriptors: !!opencv-matrix
   rows: 300
   cols: 32
   dt: u
   data: [ 215, 166, 172, 181, 140, 30, 92, 191, 18, 246, 134, 157, 211,
       44, 82, 99, 197, 198, 121, 151, 253, 100, 255, 2, 235, 111, 221,
       53, 140, 124, 152, 84, 18, 135, 98, 138, 215, 144, 172, 111, 21,
       5, 95, 167, 105, 235, 190, 196, 122, 139, 131, 165, 114, 155, 6,
       223, 58, 36, 138, 207, 55, 142, 249, 204, 17, 160, 139, 225, 151,
       46, 233, 71, 118, 35, 70, 18, 17, 11, 112, 40, 105, 138, 18, 156,
       19, 188, 117, 194, 221, 143, 146, 68, 233, 72, 241, 184, 189, 31,
       119, 250, 60, 165, 75, 114, 149, 72, 223, 98, 117, 255, 177, 97,
       78, 178, 31, 219, 187, 171, 106, 190, 218, 255, 170, 200, 182,
       203, 112, 121, 31, 52, 239, 160, 148, 118, 249, 91, 85, 201, 222,
       151, 25, 156, 127, 40, 121, 137, 23, 181, 190, 243, 53, 206, 91,
       77, 174, 196, 167, 76, 180, 247, 29, 213, 58, 165, 22, 10, 199,
       248, 100, 228, 251, 47, 215, 120, 27, 0, 122, 197, 92, 227, 200,
       179, 93, 12, 240, 228, 39, 20, 109, 187, 49, 67, 71, 91, 200, 133,
       106, 8, 62, 176, 40, 232, 82, 229, 221, 34, 195, 210, 54, 69, 125,
       231, 197, 208, 197, 64, 164, 32, 111, 128, 44, 183, 11, 145, 47,
       95, 230, 142, 239, 51, 158, 236, 217, 202, 221, 238, 72, 120, 191,
       175, 255, 229, 214, 231, 229, 227, 108, 238, 50, 127, 207, 159,
       223, 127, 248, 149, 237, 253, 123, 90, 245, 125, 215, 247, 209,
       66, 188, 26, 26, 125, 63, 63, 217, 210, 211, 122, 125, 47, 120,
       174, 123, 223, 84, 127, 211, 253, 214, 230, 110, 185, 240, 112,
       253, 205, 217, 199, 187, 241, 52, 25, 30, 156, 86, 58, 139, 251,
       213, 17, 95, 107, 146, 226, 123, 93, 29, 127, 206, 4, 207, 159,
       238, 213, 60, 234, 221, 213, 223, 253, 205, 125, 189, 27, 72, 93,
       62, 4, 204, 145, 211, 113, 242, 43, 120, 221, 127, 89, 143, 127,
       83, 14, 220, 242, 231, 189, 173, 181, 172, 21, 141, 136, 154, 246,
       128, 157, 211, 236, 87, 11, 133, 199, 121, 247, 253, 71, 255, 48,
       233, 91, 205, 188, 140, 125, 22, 84, 159, 254, 34, 155, 45, 245,
       190, 216, 223, 94, 93, 167, 236, 204, 63, 229, 255, 41, 151, 199,
       230, 180, 62, 247, 2, 89, 139, 139, 87, 95, 125, 223, 234, 157,
       48, 152, 125, 245, 178, 238, 159, 29, 28, 25, 172, 156, 110, 196,
       217, 27, 155, 17, 22, 43, 82, 247, 63, 81, 138, 111, 18, 12, 29,
       222, 175, 119, 98, 74, 111, 213, 238, 252, 207, 238, 125, 174,
       104, 220, 255, 165, 127, 120, 150, 238, 231, 54, 238, 255, 54, 89,
       133, 175, 95, 255, 126, 245, 145, 2, 203, 225, 150, 35, 105, 87,
       22, 99, 194, 214, 17, 131, 120, 104, 123, 140, 18, 156, 155, 148,
       53, 194, 221, 143, 154, 68, 189, 136, 240, 160, 146, 134, 229,
       151, 175, 115, 188, 175, 95, 127, 150, 179, 232, 44, 222, 175,
       235, 199, 255, 133, 182, 121, 47, 243, 46, 118, 222, 215, 215, 92,
       189, 222, 166, 60, 254, 217, 254, 243, 186, 74, 159, 218, 85, 179,
       108, 252, 55, 173, 255, 123, 147, 183, 182, 231, 14, 255, 15, 90,
       203, 187, 213, 109, 63, 215, 241, 159, 111, 254, 62, 129, 79, 123,
       213, 74, 221, 230, 113, 238, 180, 96, 127, 162, 63, 173, 249, 15,
       46, 159, 242, 175, 171, 136, 61, 234, 240, 121, 131, 159, 63, 139,
       246, 199, 175, 255, 28, 200, 90, 230, 244, 119, 180, 97, 126, 59,
       23, 103, 241, 184, 105, 125, 44, 8, 175, 192, 28, 10, 145, 249,
       128, 159, 31, 159, 124, 135, 190, 54, 156, 90, 218, 119, 244, 122,
       164, 67, 231, 119, 63, 227, 229, 137, 75, 127, 36, 34, 238, 128,
       28, 24, 177, 153, 153, 218, 106, 217, 52, 159, 233, 247, 87, 73,
       86, 246, 155, 8, 180, 100, 125, 138, 23, 157, 255, 188, 37, 215,
       110, 79, 182, 196, 127, 140, 240, 189, 194, 150, 190, 156, 234,
       36, 189, 143, 190, 31, 218, 55, 252, 190, 47, 75, 231, 87, 127,
       145, 54, 93, 147, 225, 213, 50, 254, 138, 128, 80, 165, 91, 88,
       69, 221, 229, 164, 10, 109, 61, 36, 130, 106, 66, 247, 35, 17, 91,
       114, 196, 61, 234, 72, 244, 209, 10, 244, 239, 230, 0, 36, 242,
       160, 8, 11, 214, 81, 235, 178, 229, 63, 157, 63, 79, 123, 245,
       221, 87, 136, 84, 215, 27, 159, 28, 147, 144, 121, 247, 236, 212,
       62, 198, 154, 146, 165, 113, 191, 199, 132, 191, 215, 6, 238, 184,
       22, 170, 91, 226, 105, 115, 185, 228, 125, 207, 183, 235, 105,
       208, 73, 190, 108, 231, 239, 132, 191, 255, 184, 1, 163, 137, 96,
       203, 149, 159, 166, 233, 92, 64, 88, 70, 224, 72, 191, 161, 216,
       35, 18, 103, 215, 184, 44, 255, 38, 24, 138, 194, 93, 15, 121,
       204, 154, 147, 79, 232, 234, 2, 61, 117, 165, 20, 215, 231, 13,
       135, 168, 65, 110, 153, 191, 164, 217, 155, 38, 213, 242, 225,
       170, 204, 63, 132, 165, 185, 58, 122, 224, 64, 207, 95, 148, 91,
       139, 254, 180, 175, 10, 188, 87, 158, 205, 149, 247, 177, 172,
       111, 242, 210, 59, 81, 205, 255, 255, 108, 222, 215, 31, 31, 47,
       222, 213, 150, 111, 115, 181, 202, 222, 70, 121, 239, 54, 96, 124,
       255, 63, 143, 185, 155, 50, 239, 243, 239, 170, 192, 43, 162, 33,
       240, 148, 85, 127, 225, 134, 74, 101, 117, 84, 134, 119, 50, 83,
       81, 176, 105, 122, 180, 31, 186, 248, 244, 53, 206, 255, 171, 231,
       64, 53, 184, 244, 33, 217, 228, 26, 178, 48, 198, 120, 21, 51,
       233, 231, 61, 95, 151, 74, 81, 177, 172, 125, 156, 107, 222, 193,
       44, 254, 233, 181, 193, 40, 130, 234, 91, 2, 129, 0, 137, 213,
       131, 62, 167, 12, 1, 90, 3, 196, 42, 48, 64, 208, 10, 147, 225,
       80, 152, 65, 221, 44, 48, 142, 195, 20, 14, 185, 142, 74, 173, 63,
       248, 171, 225, 153, 103, 175, 21, 140, 49, 172, 183, 96, 88, 231,
       59, 235, 144, 18, 75, 162, 245, 219, 215, 90, 123, 146, 0, 167,
       123, 49, 215, 110, 45, 52, 31, 198, 125, 68, 72, 254, 102, 83, 72,
       182, 96, 124, 236, 22, 111, 237, 179, 85, 15, 112, 109, 161, 128,
       125, 190, 248, 149, 129, 186, 59, 219, 96, 172, 185, 22, 254, 89,
       80, 116, 188, 154, 228, 105, 166, 59, 55, 21, 147, 220, 34, 241,
       68, 24, 122, 202, 152, 129, 33, 169, 36, 167, 137, 249, 216, 253,
       168, 111, 30, 57, 233, 216, 145, 174, 76, 120, 221, 27, 74, 16,
       31, 90, 233, 22, 239, 151, 190, 125, 144, 8, 158, 160, 94, 83,
       246, 226, 171, 82, 126, 221, 173, 93, 95, 161, 76, 231, 107, 222,
       118, 215, 175, 242, 24, 193, 42, 224, 215, 247, 222, 199, 162,
       247, 173, 87, 119, 121, 252, 12, 11, 158, 214, 172, 235, 228, 172,
       13, 106, 248, 87, 58, 178, 229, 232, 111, 196, 97, 254, 60, 186,
       127, 5, 63, 107, 55, 75, 79, 248, 223, 250, 246, 145, 54, 95, 247,
       145, 166, 172, 27, 111, 103, 34, 150, 253, 247, 205, 160, 120, 79,
       56, 174, 251, 215, 85, 59, 227, 252, 174, 90, 10, 235, 170, 190,
       103, 240, 190, 193, 155, 69, 88, 163, 172, 238, 62, 136, 250, 123,
       147, 195, 66, 26, 142, 241, 53, 117, 158, 171, 21, 126, 189, 218,
       191, 15, 127, 250, 188, 166, 91, 96, 149, 200, 223, 34, 121, 255,
       177, 105, 94, 178, 31, 185, 186, 131, 98, 158, 218, 251, 170, 200,
       181, 203, 112, 97, 250, 132, 188, 254, 145, 127, 93, 239, 51, 31,
       165, 25, 111, 103, 10, 29, 221, 211, 133, 128, 56, 78, 122, 143,
       219, 215, 84, 91, 178, 100, 166, 106, 170, 170, 144, 249, 253,
       153, 184, 207, 31, 63, 80, 243, 172, 137, 84, 140, 219, 27, 135,
       145, 54, 120, 75, 243, 78, 215, 159, 231, 151, 28, 157, 143, 45,
       113, 117, 71, 180, 95, 231, 57, 108, 232, 51, 72, 211, 92, 220,
       164, 28, 84, 86, 106, 193, 240, 125, 12, 45, 222, 101, 52, 75,
       178, 194, 245, 108, 180, 189, 229, 156, 78, 71, 184, 66, 251, 166,
       0, 215, 117, 73, 35, 217, 212, 125, 120, 41, 96, 251, 12, 237,
       191, 197, 84, 192, 107, 82, 50, 155, 53, 110, 161, 181, 103, 249,
       87, 85, 233, 222, 183, 25, 60, 118, 41, 111, 139, 31, 181, 191,
       219, 53, 230, 251, 79, 190, 197, 167, 221, 180, 247, 220, 29, 110,
       228, 20, 38, 235, 112, 96, 196, 222, 2, 113, 107, 179, 113, 122,
