%YAML:1.0
---
descriptors: !!opencv-matrix
   rows: 272
   cols: 32
   dt: u
   data: [ 74, 50, 3, 140, 59, 133, 152, 88, 142, 200, 153, 239, 236,
       198, 249, 198, 214, 177, 255, 229, 129, 3, 218, 221, 144, 16, 171,
       190, 30, 174, 21, 117, 254, 190, 236, 24, 155, 245, 210, 234, 155,
       191, 188, 187, 42, 252, 126, 31, 141, 243, 197, 145, 190, 111,
       174, 243, 91, 87, 85, 255, 247, 109, 222, 215, 77, 248, 236, 83,
       199, 188, 251, 150, 122, 83, 30, 134, 249, 61, 223, 43, 39, 86,
       179, 222, 134, 124, 255, 225, 79, 107, 247, 196, 175, 215, 89,
       234, 44, 68, 121, 79, 28, 111, 199, 56, 85, 174, 253, 8, 243, 33,
       149, 52, 88, 244, 70, 106, 201, 178, 125, 14, 227, 255, 33, 48,
       83, 251, 86, 32, 32, 221, 122, 222, 113, 133, 63, 254, 31, 10,
       124, 7, 48, 199, 167, 68, 244, 122, 131, 76, 98, 154, 16, 255,
       119, 62, 50, 136, 26, 153, 97, 155, 10, 180, 169, 187, 223, 237,
       185, 219, 31, 119, 93, 31, 140, 253, 78, 8, 157, 27, 147, 17, 51,
       122, 123, 247, 79, 87, 155, 111, 211, 76, 149, 243, 180, 84, 191,
       254, 202, 102, 87, 254, 57, 67, 249, 28, 223, 55, 41, 57, 223,
       215, 23, 226, 121, 199, 121, 106, 241, 251, 118, 30, 248, 121,
       166, 243, 65, 57, 191, 53, 161, 206, 117, 55, 236, 232, 110, 8,
       182, 188, 3, 50, 128, 55, 121, 5, 197, 248, 241, 44, 231, 191,
       116, 2, 200, 112, 195, 251, 162, 234, 18, 158, 109, 212, 184, 198,
       143, 29, 208, 3, 172, 142, 38, 196, 200, 59, 203, 193, 70, 15,
       194, 245, 21, 48, 154, 59, 16, 12, 63, 206, 32, 223, 184, 123,
       188, 201, 87, 151, 214, 15, 252, 40, 178, 209, 161, 112, 193, 122,
       14, 80, 90, 168, 107, 63, 235, 151, 52, 91, 208, 89, 196, 43, 177,
       66, 71, 236, 38, 3, 100, 127, 68, 66, 242, 246, 19, 1, 176, 97,
       126, 132, 14, 44, 233, 183, 5, 140, 176, 168, 242, 132, 125, 184,
       240, 169, 201, 149, 236, 193, 198, 114, 237, 183, 96, 241, 14,
       146, 89, 63, 90, 107, 35, 214, 59, 248, 177, 216, 181, 224, 111,
       43, 254, 69, 175, 208, 245, 120, 101, 224, 209, 70, 84, 76, 67,
       184, 115, 184, 32, 72, 82, 243, 73, 54, 89, 204, 32, 90, 73, 114,
       250, 0, 77, 184, 197, 108, 194, 162, 66, 160, 250, 92, 18, 172,
       93, 223, 242, 98, 189, 172, 240, 11, 46, 158, 39, 213, 232, 185,
       143, 67, 108, 175, 16, 254, 147, 208, 10, 59, 81, 45, 47, 135,
       226, 120, 18, 156, 93, 209, 250, 70, 173, 4, 240, 43, 44, 222, 39,
       196, 232, 187, 207, 193, 78, 47, 146, 239, 145, 16, 154, 11, 83,
       12, 47, 222, 162, 177, 16, 154, 253, 157, 144, 77, 143, 17, 177,
       31, 174, 216, 110, 132, 201, 155, 219, 17, 86, 47, 90, 213, 31,
       24, 26, 127, 91, 14, 217, 134, 191, 71, 96, 46, 118, 27, 206, 104,
       89, 224, 249, 207, 107, 72, 191, 149, 30, 233, 22, 111, 236, 166,
       76, 159, 178, 89, 1, 184, 127, 191, 90, 133, 80, 185, 63, 126, 18,
       204, 53, 119, 172, 17, 110, 0, 62, 183, 32, 112, 166, 59, 89, 0,
       82, 153, 50, 125, 243, 175, 82, 2, 64, 64, 167, 107, 109, 89, 191,
       103, 96, 143, 103, 180, 104, 168, 106, 72, 215, 53, 17, 58, 132,
       124, 113, 74, 193, 184, 241, 40, 229, 171, 101, 16, 192, 58, 66,
       170, 46, 177, 232, 72, 245, 249, 243, 218, 63, 69, 188, 189, 139,
       204, 94, 24, 91, 154, 215, 17, 158, 34, 244, 211, 79, 85, 16, 253,
       247, 205, 222, 246, 160, 160, 115, 91, 228, 141, 233, 87, 125, 27,
       116, 24, 186, 217, 252, 45, 91, 186, 54, 156, 147, 62, 246, 225,
       79, 56, 80, 104, 199, 136, 210, 168, 88, 4, 26, 172, 44, 111, 84,
       73, 36, 174, 251, 11, 159, 31, 43, 217, 248, 149, 207, 33, 44,
       163, 81, 140, 211, 229, 170, 29, 32, 106, 45, 2, 146, 156, 62,
       155, 155, 242, 176, 67, 190, 85, 199, 179, 244, 254, 38, 105, 227,
       51, 187, 145, 55, 205, 55, 117, 137, 163, 90, 67, 148, 0, 173,
       214, 210, 112, 122, 184, 75, 99, 17, 72, 169, 22, 225, 187, 14,
       159, 37, 91, 226, 185, 207, 160, 32, 7, 146, 194, 209, 193, 90,
       63, 177, 0, 39, 51, 19, 220, 106, 218, 150, 179, 126, 247, 215, 7,
       222, 166, 105, 218, 182, 100, 127, 187, 158, 128, 238, 159, 60,
       255, 178, 111, 143, 131, 63, 222, 184, 4, 253, 120, 248, 101, 117,
       127, 87, 152, 99, 236, 180, 8, 27, 21, 215, 190, 28, 220, 212,
       122, 137, 118, 252, 10, 103, 201, 37, 61, 227, 251, 78, 240, 9,
       185, 232, 33, 146, 222, 187, 214, 62, 101, 92, 135, 157, 44, 83,
       32, 55, 75, 147, 213, 151, 152, 53, 49, 238, 77, 63, 197, 253,
       148, 139, 216, 67, 158, 135, 149, 11, 182, 184, 51, 172, 203, 218,
       213, 188, 62, 134, 230, 167, 39, 253, 133, 149, 201, 147, 199,
       140, 126, 250, 194, 138, 68, 41, 95, 21, 200, 81, 239, 6, 135,
       106, 184, 22, 128, 81, 70, 245, 83, 184, 100, 122, 232, 30, 238,
       65, 164, 91, 95, 164, 174, 171, 12, 61, 170, 113, 176, 141, 73,
       102, 19, 228, 155, 230, 148, 125, 82, 115, 194, 251, 72, 159, 173,
       123, 232, 6, 79, 207, 180, 77, 236, 36, 26, 100, 4, 111, 159, 216,
       132, 93, 225, 177, 231, 52, 12, 67, 184, 118, 169, 138, 72, 247,
       209, 88, 228, 16, 92, 125, 90, 75, 48, 217, 35, 233, 252, 5, 116,
       42, 139, 81, 40, 1, 88, 125, 243, 116, 142, 107, 20, 118, 105,
       115, 240, 247, 23, 152, 120, 126, 63, 55, 223, 131, 248, 233, 45,
       196, 171, 50, 192, 228, 139, 193, 241, 41, 32, 53, 89, 77, 223,
       192, 11, 207, 113, 225, 72, 138, 152, 84, 173, 200, 184, 114, 25,
       143, 122, 115, 149, 7, 88, 208, 115, 91, 12, 90, 164, 183, 94,
       105, 157, 22, 247, 203, 114, 21, 74, 244, 199, 59, 77, 183, 33,
       126, 169, 23, 239, 237, 182, 100, 255, 243, 73, 169, 176, 119,
       189, 81, 245, 17, 36, 222, 237, 22, 10, 249, 123, 54, 160, 247,
       50, 87, 43, 144, 81, 122, 205, 111, 169, 44, 221, 195, 30, 220,
       175, 251, 149, 45, 168, 107, 8, 246, 68, 22, 172, 141, 38, 86,
       232, 173, 142, 155, 11, 70, 242, 41, 91, 217, 245, 236, 99, 108,
       231, 25, 206, 177, 178, 207, 23, 160, 123, 52, 6, 197, 121, 124,
       227, 230, 168, 127, 212, 44, 113, 255, 178, 213, 31, 158, 104,
       238, 255, 127, 222, 146, 148, 237, 96, 212, 169, 186, 192, 101,
       155, 225, 241, 160, 170, 26, 120, 98, 233, 113, 83, 191, 29, 116,
       56, 22, 147, 98, 25, 163, 57, 199, 16, 18, 253, 2, 81, 87, 179,
       48, 203, 208, 128, 230, 163, 252, 253, 185, 254, 189, 109, 151,
       236, 154, 174, 189, 58, 222, 255, 105, 2, 251, 243, 207, 98, 120,
       103, 250, 254, 251, 215, 167, 63, 208, 123, 135, 227, 134, 208,
       152, 153, 244, 129, 176, 205, 30, 31, 80, 55, 132, 142, 106, 72,
       223, 27, 131, 17, 38, 188, 10, 211, 77, 22, 158, 103, 148, 24,
       189, 155, 36, 189, 248, 243, 246, 7, 151, 248, 82, 186, 48, 42,
       115, 125, 125, 33, 191, 91, 23, 115, 226, 114, 8, 191, 109, 207,
       47, 164, 245, 120, 87, 163, 44, 57, 121, 67, 112, 141, 107, 80,
       105, 44, 125, 8, 187, 149, 197, 52, 156, 184, 86, 122, 130, 186,
       240, 126, 103, 221, 32, 224, 66, 131, 70, 177, 33, 148, 19, 220,
       84, 164, 162, 114, 92, 9, 90, 70, 242, 240, 56, 228, 216, 110, 50,
       12, 145, 187, 146, 175, 17, 190, 138, 0, 8, 43, 121, 172, 40, 61,
       121, 65, 116, 223, 227, 112, 121, 172, 124, 8, 187, 29, 149, 52,
       94, 184, 70, 122, 137, 184, 116, 62, 103, 221, 32, 96, 67, 139,
       70, 188, 10, 148, 61, 251, 157, 247, 185, 255, 159, 89, 220, 83,
       252, 255, 42, 96, 205, 27, 187, 145, 147, 137, 123, 245, 207, 119,
       154, 214, 146, 12, 149, 243, 24, 255, 26, 248, 242, 192, 55, 119,
       164, 140, 254, 161, 63, 151, 34, 80, 166, 187, 143, 192, 64, 155,
       2, 125, 251, 229, 38, 201, 32, 128, 167, 11, 170, 255, 57, 80,
       249, 221, 213, 119, 63, 254, 52, 61, 174, 28, 70, 181, 143, 59,
       215, 21, 247, 111, 48, 222, 123, 91, 20, 187, 82, 92, 215, 223,
       33, 89, 127, 77, 100, 79, 231, 180, 100, 96, 110, 72, 243, 17,
       149, 49, 152, 116, 98, 106, 201, 176, 113, 29, 101, 185, 97, 4,
       80, 187, 82, 160, 29, 92, 248, 99, 116, 124, 232, 22, 125, 91,
