%YAML:1.0
---
descriptors: !!opencv-matrix
   rows: 189
   cols: 32
   dt: u
   data: [ 39, 13, 114, 94, 85, 213, 178, 96, 93, 68, 125, 2, 104, 248,
       53, 36, 88, 120, 130, 107, 182, 186, 124, 255, 39, 60, 1, 43, 87,
       175, 126, 164, 250, 46, 236, 85, 75, 249, 88, 39, 153, 231, 188,
       159, 42, 46, 150, 159, 15, 179, 207, 132, 172, 78, 103, 218, 6,
       95, 208, 179, 231, 196, 14, 94, 114, 28, 252, 28, 255, 241, 145,
       71, 203, 247, 180, 191, 8, 188, 71, 31, 207, 183, 251, 17, 180,
       111, 246, 216, 27, 114, 80, 251, 215, 108, 92, 95, 73, 211, 125,
       175, 110, 74, 255, 184, 76, 124, 95, 230, 253, 124, 154, 96, 22,
       85, 55, 111, 193, 48, 47, 253, 228, 47, 107, 132, 124, 186, 149,
       113, 67, 123, 201, 215, 48, 4, 171, 16, 184, 200, 16, 228, 241,
       198, 197, 35, 22, 125, 93, 238, 193, 200, 190, 104, 36, 168, 175,
       168, 12, 179, 3, 185, 117, 72, 199, 133, 4, 6, 106, 80, 117, 194,
       242, 70, 83, 50, 177, 255, 124, 228, 126, 238, 169, 247, 149, 200,
       148, 234, 195, 0, 173, 185, 112, 48, 166, 167, 234, 168, 221, 15,
       182, 239, 158, 166, 185, 159, 204, 238, 110, 83, 249, 215, 203,
       246, 116, 99, 216, 202, 189, 22, 143, 127, 209, 126, 231, 214, 47,
       125, 163, 4, 244, 22, 207, 250, 89, 234, 116, 76, 218, 124, 191,
       181, 221, 76, 21, 127, 237, 214, 120, 174, 43, 95, 173, 132, 206,
       247, 242, 245, 181, 64, 147, 188, 12, 134, 164, 64, 212, 130, 209,
       82, 209, 201, 33, 72, 88, 104, 2, 48, 105, 167, 82, 138, 144, 166,
       134, 8, 61, 120, 48, 128, 70, 145, 183, 253, 174, 102, 189, 206,
       189, 95, 210, 51, 212, 190, 36, 107, 231, 87, 59, 145, 48, 201,
       51, 224, 221, 182, 222, 198, 144, 113, 165, 127, 34, 173, 180,
       158, 221, 253, 150, 239, 159, 30, 236, 9, 236, 254, 111, 196, 201,
       123, 235, 1, 38, 43, 90, 247, 55, 86, 94, 59, 18, 76, 61, 206, 13,
       178, 137, 21, 224, 126, 161, 211, 58, 253, 183, 252, 148, 182,
       202, 58, 189, 92, 238, 20, 147, 210, 184, 80, 76, 39, 127, 230,
       200, 160, 135, 245, 109, 101, 88, 101, 180, 27, 102, 185, 105,
       162, 254, 72, 211, 97, 153, 180, 90, 206, 76, 106, 88, 176, 237,
       14, 174, 253, 37, 20, 98, 251, 202, 0, 75, 92, 50, 244, 39, 220,
       54, 226, 237, 202, 94, 38, 172, 154, 39, 228, 166, 113, 255, 67,
       197, 141, 178, 238, 179, 252, 10, 138, 14, 53, 41, 31, 105, 156,
       140, 158, 25, 88, 7, 63, 198, 111, 142, 140, 235, 231, 162, 246,
       65, 230, 238, 8, 45, 15, 255, 187, 247, 231, 243, 157, 154, 46,
       28, 125, 2, 205, 48, 153, 157, 197, 182, 239, 94, 21, 72, 19, 164,
       216, 116, 0, 217, 27, 147, 17, 118, 56, 82, 247, 45, 20, 158, 99,
       81, 92, 221, 142, 44, 227, 225, 35, 253, 11, 215, 136, 90, 188,
       177, 173, 211, 104, 95, 18, 153, 204, 229, 119, 204, 114, 237, 58,
       108, 15, 37, 180, 213, 127, 86, 194, 18, 1, 18, 137, 79, 101, 248,
       78, 15, 21, 248, 3, 172, 222, 107, 72, 250, 153, 207, 241, 6, 35,
       19, 209, 149, 16, 138, 47, 21, 29, 125, 154, 216, 60, 158, 52, 11,
       44, 81, 18, 176, 150, 164, 29, 191, 215, 3, 27, 163, 245, 237,
       130, 44, 71, 146, 34, 211, 227, 88, 57, 96, 97, 47, 210, 252, 23,
       254, 110, 184, 106, 95, 25, 161, 142, 253, 32, 91, 247, 35, 90,
       118, 244, 13, 58, 56, 135, 232, 10, 243, 237, 37, 25, 242, 243,
       230, 99, 173, 255, 193, 239, 220, 47, 230, 252, 214, 234, 249,
       254, 243, 233, 249, 226, 121, 202, 94, 238, 249, 99, 110, 255,
       188, 223, 167, 172, 253, 251, 241, 176, 130, 133, 16, 155, 149,
       229, 180, 239, 31, 17, 72, 19, 164, 218, 40, 68, 217, 27, 59, 145,
       118, 152, 91, 247, 173, 54, 158, 67, 144, 72, 181, 14, 3, 219, 74,
       189, 50, 128, 184, 230, 60, 69, 82, 231, 173, 143, 51, 64, 102,
       43, 147, 197, 102, 152, 6, 255, 100, 38, 186, 131, 28, 20, 57, 89,
       212, 220, 151, 151, 244, 160, 190, 231, 62, 147, 218, 114, 236,
       98, 72, 75, 235, 215, 46, 146, 114, 220, 203, 227, 188, 38, 223,
       70, 132, 121, 161, 11, 112, 113, 107, 101, 116, 79, 103, 56, 101,
       236, 254, 236, 243, 21, 145, 48, 126, 204, 87, 110, 201, 178, 113,
       12, 231, 173, 33, 128, 109, 187, 70, 113, 235, 114, 124, 236, 110,
       7, 159, 93, 137, 170, 148, 239, 252, 159, 213, 43, 166, 117, 223,
       99, 193, 71, 232, 204, 116, 25, 47, 190, 28, 62, 3, 187, 187, 254,
       107, 181, 102, 16, 175, 118, 112, 194, 87, 231, 57, 172, 246, 33,
       126, 237, 55, 175, 229, 254, 166, 203, 86, 105, 254, 136, 109,
       172, 115, 221, 92, 27, 90, 174, 59, 40, 94, 152, 163, 6, 239, 173,
       239, 231, 3, 80, 54, 245, 237, 226, 12, 3, 201, 59, 211, 229, 97,
       185, 50, 247, 46, 91, 189, 61, 96, 227, 245, 116, 254, 240, 113,
       200, 124, 171, 59, 63, 151, 241, 254, 251, 151, 254, 188, 186,
       252, 174, 127, 221, 166, 233, 247, 231, 238, 211, 153, 123, 171,
       135, 115, 255, 179, 80, 48, 236, 125, 239, 57, 151, 163, 181, 124,
       252, 150, 222, 165, 210, 188, 172, 119, 105, 163, 163, 43, 191,
       47, 255, 138, 219, 54, 159, 107, 208, 188, 230, 191, 76, 80, 163,
       172, 222, 38, 193, 230, 123, 179, 192, 70, 158, 50, 253, 39, 51,
       218, 139, 22, 20, 37, 223, 98, 169, 142, 186, 233, 244, 84, 199,
       171, 27, 168, 9, 162, 250, 102, 219, 201, 226, 239, 16, 30, 107,
       218, 161, 139, 243, 222, 123, 208, 84, 254, 14, 200, 44, 188, 113,
       169, 237, 241, 3, 254, 31, 174, 24, 158, 179, 66, 27, 129, 51,
       111, 24, 50, 109, 179, 66, 207, 223, 82, 91, 194, 64, 135, 106,
       11, 93, 106, 203, 118, 214, 255, 180, 13, 72, 94, 162, 249, 95,
       183, 96, 126, 185, 151, 239, 193, 144, 53, 253, 103, 109, 170,
       129, 55, 159, 125, 249, 57, 77, 107, 222, 148, 146, 207, 246, 213,
       192, 222, 66, 113, 233, 181, 101, 88, 234, 30, 239, 233, 171, 46,
       175, 114, 239, 166, 136, 63, 251, 112, 232, 181, 99, 232, 67, 188,
       11, 207, 216, 86, 224, 189, 238, 83, 65, 221, 32, 90, 204, 70,
       254, 201, 54, 109, 58, 110, 141, 165, 180, 255, 187, 90, 160, 212,
       3, 174, 189, 24, 2, 127, 40, 182, 180, 131, 163, 199, 239, 34, 66,
       241, 229, 109, 247, 108, 193, 11, 93, 249, 163, 239, 149, 36, 34,
       53, 66, 70, 190, 198, 17, 170, 168, 189, 151, 191, 191, 146, 253,
       140, 166, 198, 31, 167, 87, 239, 149, 182, 205, 167, 66, 140, 18,
       126, 194, 132, 196, 135, 101, 192, 182, 189, 181, 170, 106, 181,
       159, 190, 191, 22, 240, 220, 182, 202, 107, 167, 87, 124, 17, 178,
       77, 175, 83, 140, 19, 127, 247, 132, 96, 133, 111, 254, 97, 224,
       39, 219, 91, 199, 232, 19, 160, 173, 137, 75, 125, 89, 150, 25,
       212, 241, 115, 105, 114, 217, 190, 185, 85, 5, 53, 103, 127, 222,
       50, 198, 152, 191, 241, 170, 102, 175, 230, 190, 95, 210, 51, 148,
       183, 97, 74, 231, 95, 123, 209, 51, 221, 179, 226, 221, 54, 254,
       192, 128, 81, 165, 251, 46, 177, 180, 154, 253, 221, 144, 237,
       143, 29, 173, 9, 238, 252, 110, 148, 201, 27, 235, 65, 22, 99, 90,
       245, 159, 16, 75, 127, 82, 14, 141, 206, 37, 38, 141, 173, 252,
       43, 238, 234, 86, 170, 216, 106, 211, 96, 217, 0, 89, 206, 110,
       46, 41, 242, 73, 62, 236, 143, 237, 180, 156, 234, 80, 160, 155,
       113, 116, 227, 35, 86, 120, 28, 109, 120, 87, 179, 217, 31, 222,
       237, 182, 157, 253, 255, 238, 212, 181, 240, 199, 249, 186, 134,
       39, 149, 237, 95, 30, 56, 118, 244, 211, 210, 176, 99, 185, 254,
       246, 163, 12, 255, 39, 255, 167, 245, 151, 177, 117, 219, 48, 204,
       91, 251, 79, 135, 175, 100, 45, 247, 43, 76, 98, 31, 85, 213, 178,
       226, 95, 68, 92, 2, 232, 220, 183, 164, 216, 42, 146, 71, 199,
       190, 124, 255, 39, 30, 138, 11, 87, 31, 125, 204, 233, 218, 168,
       30, 121, 221, 19, 56, 83, 111, 215, 189, 250, 245, 130, 244, 85,
       254, 254, 12, 175, 78, 255, 183, 215, 119, 177, 187, 26, 140, 158,
       127, 234, 188, 110, 148, 69, 244, 176, 103, 201, 127, 158, 191,
       40, 188, 118, 19, 201, 167, 219, 5, 246, 111, 180, 195, 83, 121,
