%YAML:1.0
---
descriptors: !!opencv-matrix
   rows: 232
   cols: 32
   dt: u
   data: [ 21, 23, 122, 41, 214, 175, 178, 83, 124, 141, 123, 100, 94,
       248, 182, 64, 62, 43, 6, 61, 148, 178, 5, 94, 124, 44, 35, 194,
       249, 66, 235, 135, 2, 162, 149, 155, 236, 137, 168, 143, 158, 49,
       16, 249, 180, 131, 200, 73, 207, 27, 123, 17, 19, 72, 67, 209, 12,
       18, 126, 254, 28, 200, 129, 169, 244, 65, 102, 236, 13, 18, 198,
       105, 197, 36, 179, 2, 67, 104, 60, 231, 120, 196, 108, 235, 108,
       163, 13, 141, 176, 234, 195, 17, 117, 187, 240, 4, 95, 116, 65,
       165, 112, 22, 106, 56, 49, 232, 90, 236, 217, 46, 145, 244, 126,
       237, 21, 239, 237, 150, 253, 206, 164, 124, 175, 164, 46, 182, 58,
       253, 252, 0, 253, 110, 73, 124, 88, 24, 225, 170, 167, 24, 91,
       115, 9, 123, 208, 228, 125, 40, 8, 71, 251, 128, 211, 251, 193,
       29, 162, 227, 66, 34, 102, 164, 245, 225, 254, 45, 216, 139, 75,
       179, 185, 185, 206, 60, 92, 30, 159, 151, 125, 49, 150, 112, 219,
       210, 159, 222, 93, 246, 196, 205, 131, 135, 109, 182, 240, 97,
       185, 125, 81, 27, 123, 253, 60, 61, 138, 29, 206, 190, 141, 30,
       236, 16, 158, 96, 243, 144, 207, 221, 53, 255, 194, 204, 206, 119,
       221, 82, 252, 101, 34, 94, 125, 56, 41, 230, 38, 188, 223, 55,
       131, 123, 38, 213, 252, 238, 225, 212, 245, 72, 198, 235, 98, 128,
       34, 180, 15, 113, 163, 96, 163, 149, 197, 95, 236, 77, 86, 226,
       80, 10, 56, 140, 117, 174, 120, 169, 18, 141, 197, 246, 52, 202,
       53, 14, 159, 32, 77, 124, 209, 220, 60, 23, 87, 164, 229, 43, 68,
       127, 85, 170, 251, 111, 83, 41, 57, 25, 120, 140, 6, 161, 29, 243,
       1, 140, 178, 235, 225, 4, 239, 252, 240, 19, 99, 201, 129, 174,
       253, 68, 196, 175, 42, 73, 120, 77, 178, 185, 92, 144, 216, 207,
       117, 69, 91, 42, 195, 113, 60, 62, 188, 186, 221, 16, 210, 11,
       177, 76, 125, 77, 84, 7, 229, 125, 85, 164, 244, 66, 19, 5, 149,
       37, 120, 152, 6, 232, 233, 190, 117, 30, 119, 138, 161, 4, 119,
       184, 118, 232, 244, 140, 157, 254, 220, 7, 198, 239, 27, 179, 176,
       26, 118, 121, 93, 19, 217, 215, 55, 49, 120, 111, 91, 191, 249,
       158, 213, 124, 209, 120, 208, 42, 188, 19, 87, 236, 101, 34, 68,
       113, 149, 130, 243, 247, 67, 233, 45, 217, 120, 188, 134, 34, 41,
       179, 16, 140, 146, 235, 226, 0, 127, 255, 120, 147, 120, 141, 60,
       110, 56, 206, 95, 183, 160, 8, 174, 8, 115, 119, 2, 112, 192, 246,
       125, 106, 104, 43, 105, 63, 227, 239, 32, 25, 112, 227, 70, 43,
       110, 181, 172, 18, 249, 252, 184, 67, 187, 255, 45, 61, 140, 190,
       78, 159, 141, 31, 241, 17, 54, 107, 250, 194, 31, 83, 95, 239,
       194, 69, 143, 215, 115, 245, 150, 250, 189, 45, 118, 254, 191, 27,
       184, 124, 254, 250, 105, 51, 221, 219, 126, 51, 59, 99, 218, 243,
       185, 150, 127, 190, 216, 122, 131, 131, 105, 79, 93, 101, 52, 10,
       111, 52, 100, 160, 254, 236, 243, 33, 145, 113, 90, 228, 76, 110,
       233, 176, 101, 12, 230, 237, 37, 0, 109, 187, 66, 40, 99, 57, 218,
       20, 250, 12, 182, 214, 186, 171, 176, 109, 60, 186, 69, 18, 175,
       255, 70, 65, 133, 111, 146, 106, 56, 28, 117, 186, 201, 113, 67,
       27, 134, 156, 173, 247, 224, 102, 181, 167, 62, 191, 66, 49, 244,
       63, 72, 75, 129, 87, 179, 17, 50, 220, 107, 98, 109, 55, 254, 199,
       128, 81, 149, 251, 201, 152, 151, 246, 169, 172, 49, 158, 238, 91,
       162, 84, 254, 243, 96, 250, 165, 119, 108, 28, 163, 77, 155, 119,
       217, 251, 119, 90, 138, 65, 1, 43, 43, 99, 72, 133, 114, 2, 106,
       120, 32, 232, 119, 199, 89, 3, 151, 16, 126, 236, 23, 238, 204,
       146, 77, 76, 102, 45, 171, 128, 47, 183, 122, 209, 241, 205, 74,
       253, 212, 138, 111, 231, 117, 2, 238, 2, 115, 163, 176, 113, 120,
       230, 42, 234, 104, 185, 5, 175, 244, 174, 198, 1, 101, 248, 240,
       40, 177, 19, 215, 164, 196, 43, 65, 126, 53, 225, 242, 255, 67,
       41, 32, 93, 124, 196, 6, 116, 57, 243, 1, 128, 146, 234, 212, 6,
       237, 249, 242, 245, 102, 167, 96, 73, 249, 53, 202, 251, 107, 49,
       105, 88, 0, 233, 92, 144, 221, 30, 145, 184, 146, 26, 216, 215,
       63, 125, 133, 109, 215, 66, 218, 130, 61, 84, 215, 229, 244, 6,
       102, 119, 101, 131, 250, 71, 83, 41, 56, 210, 120, 196, 38, 249,
       221, 183, 17, 136, 242, 239, 230, 68, 239, 186, 240, 144, 252, 96,
       180, 110, 109, 62, 80, 24, 225, 186, 167, 24, 91, 251, 73, 123,
       208, 196, 108, 58, 8, 103, 218, 128, 211, 249, 65, 63, 226, 179,
       66, 2, 1, 172, 21, 179, 221, 173, 224, 207, 78, 51, 40, 88, 150,
       33, 80, 136, 137, 10, 106, 24, 19, 120, 219, 53, 141, 150, 85,
       116, 216, 72, 195, 168, 34, 176, 189, 72, 233, 125, 17, 207, 235,
       95, 180, 25, 14, 223, 110, 63, 157, 155, 239, 48, 30, 103, 242,
       81, 91, 216, 84, 127, 211, 80, 231, 127, 252, 72, 22, 126, 41,
       202, 82, 160, 233, 186, 163, 9, 110, 243, 1, 91, 160, 245, 236,
       98, 40, 101, 136, 189, 211, 251, 65, 19, 66, 59, 70, 3, 53, 64,
       223, 172, 132, 6, 71, 77, 5, 194, 226, 22, 83, 44, 37, 124, 248,
       140, 6, 36, 89, 183, 17, 142, 177, 239, 194, 4, 249, 59, 242, 180,
       10, 159, 124, 223, 155, 246, 24, 47, 31, 69, 93, 151, 172, 62, 38,
       196, 231, 59, 191, 128, 182, 136, 39, 223, 47, 127, 26, 203, 54,
       134, 173, 79, 244, 203, 14, 12, 12, 3, 135, 237, 196, 22, 178, 42,
       66, 64, 38, 83, 232, 228, 106, 98, 104, 103, 75, 29, 176, 34, 71,
       31, 81, 59, 244, 6, 160, 142, 215, 254, 252, 35, 150, 239, 223,
       163, 241, 88, 254, 249, 36, 65, 223, 127, 110, 32, 50, 111, 75,
       255, 184, 190, 87, 126, 212, 232, 225, 129, 195, 174, 211, 190,
       252, 161, 174, 175, 218, 163, 26, 218, 253, 234, 240, 66, 23, 111,
       123, 189, 179, 77, 143, 255, 168, 62, 191, 252, 140, 224, 145,
       168, 253, 81, 95, 238, 44, 78, 95, 184, 173, 232, 246, 110, 95,
       55, 173, 115, 254, 213, 125, 226, 233, 227, 57, 236, 179, 251,
       231, 146, 40, 187, 96, 113, 130, 160, 144, 184, 205, 237, 176,
       207, 159, 31, 0, 25, 172, 154, 104, 136, 201, 27, 131, 17, 18,
       111, 210, 241, 157, 82, 94, 123, 208, 76, 135, 138, 48, 123, 122,
       76, 119, 217, 246, 118, 225, 204, 124, 42, 43, 152, 183, 48, 186,
       248, 87, 66, 204, 187, 180, 170, 115, 253, 36, 139, 103, 185, 102,
       207, 98, 184, 239, 48, 141, 248, 177, 7, 171, 87, 146, 159, 170,
       188, 86, 11, 205, 179, 255, 17, 158, 111, 242, 225, 223, 119, 220,
       251, 197, 76, 215, 126, 77, 4, 218, 231, 226, 46, 120, 24, 120,
       187, 107, 80, 213, 115, 73, 218, 183, 93, 124, 62, 17, 208, 153,
       64, 207, 175, 99, 4, 168, 227, 43, 129, 50, 104, 114, 237, 117,
       155, 248, 64, 125, 160, 240, 10, 171, 137, 21, 148, 186, 185, 215,
       65, 12, 186, 192, 200, 151, 252, 0, 59, 103, 140, 70, 142, 96,
       133, 121, 101, 176, 78, 103, 59, 112, 174, 126, 8, 211, 55, 128,
       48, 17, 214, 76, 40, 121, 184, 241, 14, 239, 239, 37, 68, 96, 226,
       198, 104, 53, 133, 202, 75, 212, 23, 238, 244, 84, 107, 255, 70,
       83, 120, 190, 160, 88, 204, 22, 239, 189, 178, 93, 174, 62, 111,
       166, 132, 253, 251, 248, 148, 13, 180, 216, 195, 253, 127, 241,
       217, 95, 253, 61, 94, 222, 89, 222, 174, 187, 15, 222, 59, 151,
       112, 249, 210, 79, 221, 39, 245, 206, 79, 219, 213, 57, 249, 26,
       96, 125, 157, 86, 93, 111, 105, 252, 76, 62, 219, 76, 176, 156,
       136, 84, 76, 159, 187, 242, 181, 251, 221, 0, 122, 74, 10, 202,
       139, 8, 89, 31, 253, 112, 206, 121, 55, 48, 13, 126, 64, 55, 55,
       32, 112, 166, 63, 119, 8, 129, 184, 49, 108, 103, 175, 48, 128,
       96, 128, 230, 251, 121, 18, 203, 140, 76, 86, 105, 17, 65, 204,
       246, 238, 187, 14, 178, 118, 72, 172, 238, 136, 141, 179, 245,
       200, 212, 169, 234, 152, 47, 168, 124, 253, 136, 140, 57, 251, 48,
       237, 83, 182, 22, 15, 100, 48, 183, 23, 160, 112, 213, 58, 61, 8,
       42, 140, 99, 63, 235, 143, 48, 144, 146, 200, 196, 107, 160, 68,
