%YAML:1.0
---
descriptors: !!opencv-matrix
   rows: 239
   cols: 32
   dt: u
   data: [ 24, 241, 121, 99, 114, 77, 115, 220, 47, 44, 124, 41, 63, 31,
       72, 16, 182, 153, 221, 98, 66, 16, 25, 117, 247, 205, 32, 7, 96,
       147, 7, 251, 2, 173, 146, 155, 109, 165, 184, 103, 158, 25, 88,
       23, 172, 246, 38, 197, 205, 59, 179, 133, 22, 90, 2, 241, 12, 16,
       218, 235, 152, 76, 169, 159, 198, 172, 218, 219, 248, 160, 41,
       202, 190, 23, 202, 146, 188, 194, 125, 88, 227, 139, 123, 152, 50,
       95, 138, 243, 92, 60, 154, 233, 148, 65, 33, 168, 1, 151, 59, 101,
       116, 239, 227, 55, 124, 73, 126, 100, 191, 60, 144, 96, 148, 62,
       6, 24, 145, 184, 97, 31, 165, 191, 50, 192, 192, 200, 69, 249,
       108, 147, 22, 108, 185, 130, 86, 255, 197, 137, 250, 101, 66, 243,
       160, 208, 220, 244, 206, 112, 28, 171, 0, 28, 250, 247, 37, 23,
       154, 26, 252, 19, 195, 126, 35, 155, 253, 189, 182, 214, 205, 106,
       210, 126, 184, 184, 181, 239, 237, 235, 254, 199, 167, 190, 255,
       235, 54, 58, 158, 170, 221, 93, 249, 157, 253, 201, 87, 204, 108,
       18, 78, 176, 145, 0, 231, 66, 83, 243, 165, 245, 114, 228, 62,
       110, 105, 147, 171, 204, 50, 250, 193, 12, 62, 187, 112, 36, 17,
       16, 252, 113, 36, 207, 113, 31, 118, 121, 246, 112, 215, 57, 146,
       104, 54, 20, 124, 25, 141, 248, 119, 28, 205, 235, 115, 0, 236,
       136, 65, 27, 188, 86, 108, 103, 36, 22, 255, 184, 117, 234, 183,
       118, 91, 125, 155, 35, 93, 212, 93, 234, 233, 246, 125, 142, 102,
       235, 229, 132, 111, 251, 120, 49, 124, 97, 105, 77, 28, 78, 67,
       56, 64, 172, 255, 10, 83, 69, 157, 48, 88, 244, 68, 234, 200, 178,
       241, 12, 115, 173, 161, 20, 99, 171, 86, 96, 83, 99, 134, 143, 13,
       54, 168, 78, 22, 216, 223, 199, 72, 202, 246, 198, 116, 109, 251,
       221, 134, 219, 207, 209, 20, 40, 139, 204, 28, 31, 56, 220, 97,
       233, 49, 72, 52, 205, 71, 245, 110, 45, 236, 8, 182, 145, 128, 52,
       24, 42, 70, 72, 91, 58, 112, 61, 253, 156, 36, 120, 80, 138, 198,
       232, 2, 192, 10, 173, 92, 133, 170, 238, 30, 9, 88, 67, 245, 248,
       56, 64, 216, 123, 19, 65, 7, 58, 218, 191, 173, 228, 170, 232, 20,
       10, 49, 138, 80, 40, 155, 176, 168, 233, 81, 7, 171, 159, 170, 24,
       182, 183, 64, 90, 163, 179, 108, 24, 26, 75, 162, 114, 217, 148,
       48, 120, 192, 64, 167, 106, 130, 185, 163, 155, 213, 197, 177,
       231, 30, 71, 80, 19, 172, 252, 48, 68, 217, 59, 147, 129, 119,
       184, 18, 247, 13, 22, 154, 107, 20, 12, 181, 254, 37, 224, 127,
       91, 68, 205, 97, 220, 119, 80, 101, 0, 49, 209, 88, 41, 88, 136,
       50, 74, 67, 240, 123, 113, 71, 153, 208, 64, 123, 139, 242, 178,
       45, 161, 65, 216, 205, 185, 234, 203, 87, 49, 121, 154, 8, 201,
       124, 188, 89, 138, 162, 184, 19, 62, 94, 247, 30, 30, 149, 108,
       223, 143, 250, 132, 49, 82, 245, 79, 86, 27, 227, 125, 87, 224,
       251, 238, 83, 40, 148, 236, 126, 204, 38, 43, 169, 252, 109, 190,
       52, 46, 113, 64, 127, 171, 208, 188, 254, 48, 184, 242, 169, 253,
       17, 202, 251, 255, 133, 29, 142, 254, 79, 58, 129, 215, 253, 17,
       62, 79, 250, 226, 219, 215, 95, 127, 138, 69, 15, 87, 165, 103,
       245, 71, 180, 15, 111, 184, 126, 250, 51, 120, 211, 113, 217, 55,
       28, 92, 110, 106, 233, 244, 233, 42, 236, 154, 101, 180, 72, 249,
       66, 161, 99, 102, 2, 139, 207, 176, 174, 198, 36, 67, 219, 215,
       128, 136, 218, 198, 109, 175, 251, 159, 199, 147, 223, 242, 180,
       100, 158, 202, 157, 95, 187, 220, 179, 102, 197, 141, 108, 50,
       204, 95, 87, 234, 219, 247, 64, 8, 150, 228, 120, 204, 55, 143,
       205, 246, 205, 223, 52, 42, 171, 128, 63, 158, 248, 157, 220, 156,
       214, 246, 247, 234, 54, 230, 251, 187, 39, 58, 78, 243, 227, 95,
       51, 118, 45, 18, 112, 255, 136, 234, 250, 247, 85, 119, 162, 113,
       143, 35, 35, 89, 175, 220, 93, 215, 211, 74, 215, 232, 212, 2,
       114, 252, 55, 100, 216, 108, 51, 77, 205, 251, 251, 189, 27, 122,
       205, 43, 93, 45, 112, 254, 75, 160, 150, 159, 47, 187, 176, 202,
       255, 251, 75, 59, 236, 240, 239, 206, 179, 111, 234, 21, 7, 85,
       143, 241, 12, 54, 95, 167, 158, 109, 9, 135, 151, 48, 175, 173,
       25, 22, 168, 88, 54, 224, 195, 199, 89, 238, 63, 64, 124, 237,
       123, 239, 237, 213, 191, 220, 211, 107, 203, 192, 45, 39, 48, 212,
       169, 4, 230, 189, 124, 55, 236, 127, 87, 235, 82, 118, 83, 232,
       183, 233, 93, 238, 54, 45, 237, 246, 79, 159, 14, 123, 245, 132,
       127, 252, 216, 133, 177, 66, 239, 239, 54, 27, 224, 60, 86, 232,
       211, 246, 211, 108, 185, 233, 126, 204, 54, 105, 237, 244, 109,
       63, 156, 235, 245, 192, 125, 169, 80, 125, 90, 251, 254, 190, 251,
       83, 94, 190, 179, 253, 78, 175, 109, 239, 98, 86, 55, 255, 253,
       199, 220, 219, 175, 253, 250, 247, 93, 207, 38, 182, 174, 91, 131,
       45, 167, 157, 44, 151, 170, 78, 94, 225, 82, 86, 248, 248, 180,
       228, 223, 111, 58, 77, 135, 252, 95, 253, 14, 58, 223, 168, 92,
       157, 89, 141, 117, 113, 105, 228, 124, 71, 79, 248, 1, 232, 158,
       73, 115, 93, 25, 48, 88, 204, 125, 239, 201, 211, 253, 28, 243,
       45, 173, 180, 37, 187, 118, 114, 105, 114, 238, 229, 101, 94, 125,
       24, 121, 238, 119, 164, 219, 31, 211, 250, 126, 236, 181, 78, 205,
       212, 255, 128, 198, 251, 231, 129, 103, 189, 78, 209, 197, 160,
       148, 49, 136, 40, 100, 143, 186, 179, 162, 25, 198, 34, 72, 219,
       129, 199, 104, 20, 62, 109, 203, 34, 140, 178, 86, 87, 200, 80,
       138, 4, 20, 121, 89, 227, 50, 79, 123, 216, 45, 36, 249, 105, 255,
       87, 9, 16, 182, 153, 93, 226, 74, 48, 25, 125, 213, 197, 35, 38,
       96, 163, 7, 243, 41, 183, 208, 65, 245, 189, 226, 87, 67, 105,
       124, 76, 42, 137, 214, 180, 29, 170, 130, 28, 151, 186, 212, 211,
       62, 28, 17, 106, 219, 206, 218, 141, 34, 180, 122, 210, 117, 249,
       242, 96, 205, 111, 121, 59, 170, 252, 126, 32, 222, 187, 151, 3,
       150, 58, 108, 247, 31, 28, 128, 123, 85, 139, 212, 215, 152, 201,
       19, 173, 52, 135, 202, 207, 22, 9, 80, 66, 183, 155, 48, 64, 216,
       25, 21, 113, 106, 186, 66, 159, 224, 229, 170, 232, 60, 24, 177,
       136, 64, 169, 145, 104, 248, 237, 67, 7, 43, 13, 232, 8, 190, 183,
       64, 20, 129, 155, 108, 24, 27, 10, 226, 113, 217, 148, 16, 104,
       208, 66, 167, 106, 63, 239, 2, 155, 219, 53, 174, 196, 188, 39,
       211, 135, 236, 234, 123, 217, 253, 199, 223, 231, 172, 155, 205,
       234, 188, 39, 206, 184, 157, 95, 187, 220, 74, 134, 196, 253, 156,
       166, 72, 43, 23, 167, 202, 18, 233, 227, 112, 74, 89, 239, 41,
       152, 26, 202, 203, 211, 139, 247, 223, 69, 178, 192, 228, 8, 163,
       91, 231, 221, 62, 51, 168, 92, 94, 233, 91, 242, 89, 152, 180,
       236, 126, 126, 54, 217, 129, 240, 239, 253, 12, 58, 251, 192, 95,
       157, 241, 181, 222, 238, 206, 187, 218, 51, 174, 198, 52, 63, 219,
       247, 233, 46, 159, 203, 111, 207, 255, 183, 188, 223, 205, 238,
       182, 99, 254, 129, 173, 87, 169, 220, 104, 219, 87, 44, 56, 131,
       18, 246, 133, 192, 234, 229, 7, 151, 160, 208, 206, 52, 206, 80,
       93, 171, 80, 156, 170, 244, 36, 90, 90, 142, 104, 89, 214, 159,
       108, 245, 164, 208, 111, 183, 179, 240, 62, 162, 105, 127, 213,
       231, 107, 247, 253, 194, 123, 120, 175, 253, 110, 251, 231, 195,
       47, 241, 244, 59, 177, 95, 231, 207, 214, 23, 238, 127, 86, 227,
       251, 246, 83, 40, 180, 228, 124, 204, 54, 111, 253, 246, 125, 190,
       52, 46, 229, 212, 127, 191, 208, 181, 169, 205, 123, 111, 116, 79,
       111, 188, 116, 64, 126, 8, 243, 119, 24, 48, 26, 206, 119, 110,
       225, 176, 121, 63, 103, 191, 32, 0, 113, 187, 66, 232, 63, 59,
       246, 199, 207, 55, 190, 88, 1, 230, 189, 134, 73, 107, 151, 158,
       126, 244, 227, 174, 133, 179, 61, 200, 22, 79, 193, 147, 239, 255,
       106, 212, 169, 44, 150, 181, 13, 171, 160, 15, 222, 179, 114, 30,
       215, 248, 112, 11, 171, 109, 115, 17, 54, 252, 155, 147, 204, 219,
