%YAML:1.0
---
descriptors: !!opencv-matrix
   rows: 178
   cols: 32
   dt: u
   data: [ 172, 96, 248, 114, 108, 73, 85, 65, 211, 190, 181, 56, 51,
       217, 73, 26, 9, 248, 196, 90, 74, 103, 202, 2, 195, 207, 53, 57,
       226, 249, 222, 170, 38, 140, 26, 186, 148, 167, 146, 195, 22, 9,
       89, 3, 100, 249, 32, 64, 217, 43, 3, 17, 54, 168, 24, 191, 171,
       151, 138, 67, 144, 74, 185, 130, 60, 116, 248, 225, 29, 127, 83,
       152, 86, 179, 189, 26, 91, 93, 75, 168, 89, 216, 215, 122, 42,
       102, 121, 146, 223, 205, 37, 125, 251, 251, 76, 146, 142, 138,
       173, 249, 169, 225, 153, 139, 142, 61, 220, 145, 141, 143, 106,
       74, 205, 19, 171, 145, 30, 14, 99, 177, 207, 243, 250, 253, 144,
       9, 165, 114, 209, 77, 63, 253, 36, 14, 109, 54, 236, 202, 242, 2,
       183, 177, 49, 99, 224, 100, 124, 106, 105, 173, 49, 44, 225, 235,
       230, 16, 72, 248, 113, 40, 116, 53, 25, 168, 185, 237, 83, 75, 41,
       105, 169, 8, 159, 151, 105, 112, 208, 147, 221, 48, 27, 3, 216,
       158, 251, 213, 9, 127, 152, 67, 134, 51, 130, 205, 16, 139, 61,
       241, 238, 238, 207, 4, 216, 3, 172, 194, 38, 197, 202, 43, 11, 74,
       70, 9, 82, 255, 166, 144, 138, 57, 20, 94, 173, 140, 72, 98, 152,
       173, 32, 10, 123, 24, 32, 76, 118, 109, 215, 3, 147, 82, 150, 196,
       109, 111, 140, 80, 129, 8, 198, 225, 32, 141, 8, 178, 14, 83, 202,
       46, 56, 152, 201, 241, 185, 71, 190, 29, 132, 177, 140, 190, 98,
       89, 207, 59, 235, 145, 54, 79, 194, 243, 221, 17, 218, 251, 146,
       68, 173, 223, 37, 107, 80, 69, 112, 11, 110, 185, 101, 160, 98,
       200, 211, 3, 149, 181, 30, 236, 66, 110, 233, 176, 69, 12, 36,
       136, 37, 4, 107, 186, 66, 136, 1, 151, 62, 94, 52, 188, 249, 51,
       237, 77, 127, 84, 182, 169, 182, 101, 132, 42, 23, 12, 211, 184,
       34, 207, 71, 253, 50, 192, 74, 200, 209, 125, 84, 37, 158, 52,
       136, 108, 21, 7, 186, 183, 139, 17, 215, 183, 65, 90, 165, 119,
       109, 144, 24, 73, 147, 2, 217, 231, 127, 85, 160, 112, 167, 66,
       120, 5, 23, 236, 29, 199, 71, 96, 197, 8, 239, 2, 114, 243, 40,
       245, 88, 246, 104, 106, 104, 163, 57, 29, 177, 234, 193, 89, 50,
       42, 116, 34, 124, 161, 186, 106, 176, 236, 83, 211, 227, 13, 173,
       8, 55, 243, 74, 16, 176, 218, 76, 80, 26, 35, 170, 33, 251, 229,
       32, 121, 224, 67, 198, 34, 218, 107, 62, 250, 139, 244, 61, 212,
       167, 21, 205, 145, 173, 207, 106, 75, 230, 187, 255, 211, 94, 79,
       170, 241, 211, 241, 154, 201, 18, 23, 173, 106, 79, 28, 165, 191,
       139, 116, 61, 11, 175, 87, 143, 149, 236, 246, 35, 255, 231, 99,
       251, 133, 181, 197, 63, 243, 133, 119, 218, 155, 154, 101, 173,
       223, 33, 144, 127, 121, 116, 207, 225, 51, 124, 73, 114, 16, 179,
       25, 16, 112, 217, 140, 102, 24, 171, 188, 113, 29, 205, 235, 50,
       68, 105, 8, 66, 168, 58, 175, 104, 187, 158, 177, 202, 238, 23,
       37, 220, 175, 97, 204, 190, 128, 91, 202, 135, 149, 142, 42, 79,
       191, 62, 69, 173, 253, 245, 206, 252, 204, 177, 245, 89, 106, 244,
       15, 71, 125, 73, 72, 249, 76, 19, 89, 44, 48, 220, 136, 70, 110,
       249, 43, 120, 31, 243, 220, 0, 62, 121, 186, 194, 163, 121, 50,
       172, 167, 44, 30, 94, 48, 34, 238, 150, 173, 215, 45, 219, 82,
       148, 197, 253, 71, 204, 208, 225, 128, 194, 255, 237, 145, 44,
       251, 28, 83, 49, 103, 108, 103, 22, 26, 222, 56, 112, 230, 255,
       143, 211, 44, 159, 35, 92, 196, 125, 239, 172, 242, 109, 14, 234,
       239, 229, 145, 101, 171, 94, 193, 91, 141, 103, 134, 20, 18, 239,
       245, 100, 192, 218, 198, 113, 236, 176, 100, 126, 228, 28, 239,
       253, 147, 45, 238, 48, 46, 175, 128, 45, 246, 240, 116, 3, 239,
       234, 79, 214, 151, 174, 246, 94, 198, 124, 198, 113, 233, 181, 4,
       127, 106, 3, 207, 195, 188, 28, 127, 108, 14, 143, 0, 127, 219,
       251, 184, 202, 138, 172, 185, 169, 236, 25, 143, 143, 61, 142,
       145, 140, 143, 98, 74, 197, 19, 175, 16, 26, 13, 227, 243, 207,
       243, 218, 255, 146, 12, 133, 114, 202, 190, 60, 153, 233, 245,
       184, 135, 174, 31, 132, 145, 172, 175, 98, 73, 197, 59, 235, 145,
       54, 79, 210, 243, 207, 87, 158, 107, 146, 68, 173, 218, 16, 26,
       72, 173, 34, 142, 89, 50, 52, 140, 70, 229, 183, 39, 130, 81, 118,
       173, 45, 140, 136, 152, 65, 25, 196, 163, 248, 129, 44, 128, 4,
       91, 208, 92, 159, 252, 0, 166, 53, 54, 244, 138, 246, 0, 182, 179,
       33, 107, 224, 247, 62, 128, 96, 253, 18, 104, 209, 171, 114, 2, 0,
       112, 37, 43, 49, 143, 79, 254, 150, 163, 207, 247, 212, 64, 222,
       230, 113, 227, 176, 96, 126, 234, 31, 206, 219, 171, 44, 191, 248,
       173, 166, 192, 61, 202, 240, 185, 57, 186, 190, 120, 169, 157, 89,
       215, 239, 31, 180, 76, 191, 187, 66, 155, 167, 179, 204, 24, 187,
       111, 50, 145, 219, 219, 116, 122, 234, 192, 194, 11, 79, 149, 173,
       190, 137, 116, 29, 143, 190, 215, 143, 149, 204, 254, 106, 106,
       197, 119, 249, 149, 151, 73, 255, 226, 203, 115, 223, 251, 146,
       116, 173, 118, 72, 191, 26, 186, 40, 204, 17, 55, 174, 29, 137,
       61, 190, 215, 40, 80, 135, 59, 237, 0, 82, 75, 130, 117, 193, 241,
       58, 251, 16, 0, 167, 91, 52, 88, 125, 237, 4, 78, 111, 56, 20, 78,
       247, 66, 243, 87, 49, 105, 120, 244, 63, 234, 105, 180, 121, 205,
       213, 235, 227, 0, 49, 187, 116, 112, 188, 220, 121, 99, 245, 207,
       119, 252, 85, 171, 119, 18, 91, 95, 40, 52, 125, 216, 149, 122,
       249, 190, 121, 190, 111, 207, 37, 68, 251, 139, 196, 179, 206,
       174, 51, 248, 201, 228, 31, 206, 167, 31, 196, 17, 172, 207, 104,
       127, 205, 147, 239, 146, 122, 15, 234, 243, 247, 241, 158, 235,
       146, 213, 166, 122, 48, 249, 122, 248, 117, 221, 243, 103, 171,
       13, 252, 3, 46, 223, 38, 16, 232, 187, 151, 208, 78, 171, 50, 253,
       251, 221, 22, 43, 81, 24, 238, 234, 88, 120, 27, 112, 57, 205, 16,
       87, 191, 140, 230, 108, 190, 151, 97, 84, 164, 59, 236, 0, 66,
       203, 146, 63, 243, 245, 48, 59, 66, 16, 7, 59, 77, 3, 108, 33, 52,
       26, 235, 26, 108, 76, 254, 229, 211, 8, 155, 96, 22, 68, 124, 127,
       141, 176, 101, 12, 230, 235, 34, 149, 108, 177, 89, 81, 215, 76,
       7, 156, 15, 52, 142, 32, 157, 194, 211, 199, 238, 110, 37, 207,
       230, 225, 126, 231, 173, 5, 95, 235, 144, 50, 203, 154, 28, 125,
       49, 84, 60, 173, 251, 106, 212, 233, 83, 223, 114, 5, 108, 8, 19,
       241, 104, 48, 25, 218, 4, 88, 26, 186, 184, 63, 251, 205, 36, 125,
       225, 203, 198, 162, 133, 66, 199, 149, 100, 10, 232, 16, 124, 210,
       83, 214, 209, 32, 149, 239, 111, 76, 54, 175, 225, 244, 199, 194,
       4, 58, 250, 132, 13, 185, 113, 181, 27, 249, 115, 97, 178, 148,
       63, 113, 165, 200, 94, 226, 61, 159, 246, 244, 38, 57, 159, 206,
       209, 153, 164, 252, 118, 237, 46, 192, 39, 167, 163, 253, 141, 53,
       255, 101, 180, 110, 109, 57, 124, 226, 119, 80, 211, 55, 153, 123,
       55, 220, 62, 184, 177, 244, 245, 74, 207, 239, 103, 68, 229, 226,
       225, 176, 188, 104, 248, 97, 12, 79, 87, 152, 86, 190, 180, 10,
       211, 21, 211, 42, 89, 220, 92, 122, 40, 118, 121, 18, 235, 207,
       37, 52, 243, 187, 84, 98, 88, 243, 122, 226, 54, 82, 255, 252, 68,
       140, 254, 166, 89, 159, 250, 96, 126, 221, 31, 250, 194, 185, 173,
       238, 122, 237, 166, 197, 103, 154, 236, 123, 116, 108, 151, 101,
       137, 111, 71, 204, 226, 186, 168, 8, 86, 247, 65, 58, 17, 212,
       104, 120, 41, 103, 187, 2, 249, 134, 69, 60, 192, 115, 70, 226,
       104, 101, 49, 103, 93, 79, 231, 32, 104, 160, 234, 8, 242, 56, 21,
       114, 216, 204, 98, 106, 73, 178, 209, 14, 117, 172, 133, 48, 65,
       58, 82, 162, 97, 112, 57, 73, 109, 95, 85, 31, 67, 110, 244, 28,
       2, 25, 6, 60, 200, 140, 68, 40, 221, 62, 241, 16, 87, 248, 16, 63,
       83, 136, 214, 239, 124, 235, 122, 238, 157, 18, 86, 252, 97, 172,
       244, 42, 107, 203, 57, 80, 120, 252, 205, 242, 72, 163, 137, 172,
       251, 233, 133, 21, 99, 191, 250, 10, 84, 44, 191, 240, 141, 104,
