%YAML:1.0
---
descriptors: !!opencv-matrix
   rows: 270
   cols: 32
   dt: u
   data: [ 215, 247, 172, 167, 172, 21, 78, 184, 2, 246, 129, 141, 211,
       108, 223, 75, 213, 197, 125, 247, 252, 67, 255, 16, 234, 19, 239,
       252, 140, 119, 149, 84, 97, 230, 216, 71, 112, 30, 238, 48, 120,
       234, 123, 204, 243, 104, 158, 243, 22, 108, 100, 46, 253, 244,
       205, 47, 38, 63, 97, 128, 77, 179, 202, 157, 1, 153, 19, 175, 52,
       199, 170, 49, 14, 233, 91, 102, 244, 223, 32, 64, 222, 33, 63, 1,
       83, 152, 113, 221, 173, 190, 171, 192, 28, 10, 177, 123, 53, 39,
       236, 39, 164, 43, 206, 56, 100, 238, 159, 237, 243, 40, 211, 3,
       30, 230, 125, 111, 204, 240, 77, 44, 236, 11, 101, 180, 109, 255,
       90, 73, 217, 229, 78, 50, 112, 202, 123, 21, 48, 233, 231, 57,
       215, 215, 74, 19, 179, 236, 93, 254, 107, 222, 201, 44, 254, 233,
       165, 193, 40, 130, 234, 91, 56, 135, 87, 232, 181, 167, 82, 119,
       133, 4, 254, 67, 115, 227, 32, 192, 88, 162, 14, 40, 60, 171, 1,
       159, 250, 237, 32, 80, 50, 206, 240, 11, 134, 255, 191, 210, 238,
       224, 183, 231, 138, 159, 25, 50, 180, 254, 237, 11, 163, 123, 55,
       19, 114, 109, 170, 227, 108, 0, 255, 239, 132, 115, 183, 227, 9,
       144, 17, 97, 115, 94, 114, 89, 61, 105, 111, 68, 94, 23, 136, 244,
       180, 12, 134, 60, 7, 144, 17, 150, 151, 255, 16, 70, 234, 134, 75,
       177, 23, 91, 122, 229, 20, 159, 255, 240, 109, 232, 254, 70, 191,
       15, 55, 32, 254, 237, 95, 239, 205, 187, 37, 236, 243, 249, 46,
       128, 109, 179, 107, 249, 87, 81, 173, 167, 140, 87, 158, 44, 6,
       230, 138, 143, 243, 108, 87, 42, 157, 229, 121, 231, 205, 65, 255,
       40, 233, 103, 239, 149, 141, 126, 153, 92, 6, 172, 128, 155, 213,
       67, 190, 203, 31, 151, 73, 19, 204, 250, 110, 196, 249, 75, 147,
       147, 118, 216, 91, 243, 45, 22, 159, 111, 150, 127, 181, 198, 189,
       13, 15, 250, 157, 231, 203, 97, 149, 192, 205, 2, 115, 253, 49,
       65, 216, 162, 27, 157, 57, 171, 122, 190, 219, 251, 138, 72, 154,
       11, 112, 114, 22, 249, 81, 174, 27, 192, 31, 232, 171, 64, 233,
       131, 111, 214, 41, 52, 118, 249, 216, 195, 79, 3, 190, 253, 177,
       228, 15, 59, 49, 55, 39, 102, 40, 181, 97, 43, 125, 201, 163, 97,
       142, 97, 185, 169, 179, 205, 28, 144, 10, 186, 219, 81, 83, 43,
       92, 191, 109, 85, 40, 120, 95, 14, 215, 250, 57, 84, 107, 236,
       118, 19, 75, 121, 85, 72, 253, 238, 91, 13, 176, 49, 126, 136, 23,
       239, 233, 178, 101, 140, 242, 233, 160, 136, 127, 174, 114, 177,
       154, 51, 182, 253, 59, 82, 57, 89, 167, 93, 214, 179, 189, 183, 2,
       207, 102, 157, 239, 128, 10, 220, 227, 193, 199, 241, 122, 131,
       34, 164, 45, 123, 7, 177, 42, 138, 253, 213, 187, 232, 76, 77, 93,
       3, 136, 220, 126, 96, 252, 11, 147, 245, 150, 58, 62, 247, 125,
       93, 138, 239, 213, 15, 253, 215, 202, 22, 247, 87, 226, 122, 125,
       49, 57, 226, 119, 253, 125, 63, 156, 191, 38, 247, 245, 166, 241,
       212, 181, 238, 86, 251, 116, 128, 103, 229, 199, 121, 1, 205, 15,
       255, 31, 134, 111, 238, 20, 5, 74, 2, 181, 163, 48, 64, 80, 106,
       59, 204, 98, 152, 115, 255, 101, 174, 142, 64, 56, 24, 240, 168,
       58, 242, 230, 168, 111, 115, 184, 200, 15, 95, 213, 167, 40, 205,
       63, 140, 254, 153, 159, 177, 142, 183, 103, 193, 19, 87, 154, 143,
       23, 14, 61, 223, 219, 16, 107, 173, 108, 66, 105, 83, 36, 72, 214,
       247, 25, 143, 242, 66, 108, 141, 63, 141, 201, 159, 231, 192, 214,
       105, 186, 136, 47, 132, 49, 249, 133, 156, 159, 126, 254, 167,
       182, 250, 214, 154, 120, 117, 116, 251, 41, 97, 255, 123, 23, 58,
       241, 255, 26, 127, 111, 142, 103, 204, 217, 240, 225, 179, 53,
       216, 254, 254, 44, 22, 207, 249, 215, 74, 214, 230, 113, 253, 187,
       96, 95, 236, 63, 175, 233, 227, 111, 191, 242, 239, 255, 152, 61,
       184, 112, 121, 20, 93, 207, 183, 180, 250, 231, 144, 252, 77, 223,
       38, 215, 236, 191, 107, 160, 230, 172, 91, 49, 241, 44, 160, 226,
       227, 230, 209, 164, 123, 213, 115, 155, 37, 110, 160, 149, 103,
       233, 95, 85, 193, 222, 19, 25, 173, 118, 41, 120, 139, 19, 189,
       188, 251, 53, 198, 91, 77, 158, 196, 175, 204, 240, 230, 0, 193,
       16, 137, 149, 131, 166, 165, 76, 0, 82, 66, 228, 8, 32, 196, 216,
       2, 10, 97, 86, 56, 9, 149, 44, 32, 142, 87, 20, 10, 177, 12, 139,
       161, 232, 85, 231, 188, 188, 55, 123, 117, 84, 155, 136, 44, 214,
       173, 47, 63, 179, 141, 180, 248, 246, 198, 15, 59, 218, 227, 199,
       196, 219, 221, 17, 140, 77, 227, 150, 173, 105, 151, 102, 17, 78,
       150, 179, 3, 112, 96, 111, 138, 26, 156, 155, 188, 117, 247, 205,
       207, 146, 64, 189, 200, 241, 40, 65, 43, 140, 45, 168, 156, 68, 7,
       238, 253, 138, 205, 135, 168, 86, 66, 196, 103, 108, 21, 158, 105,
       215, 32, 140, 181, 30, 89, 200, 0, 155, 92, 172, 116, 67, 41, 117,
       171, 162, 88, 52, 97, 113, 222, 91, 221, 56, 173, 59, 152, 211,
       57, 51, 182, 93, 22, 20, 65, 169, 100, 223, 15, 91, 176, 134, 157,
       30, 155, 180, 167, 190, 238, 158, 11, 218, 115, 244, 122, 45, 96,
       223, 123, 27, 243, 246, 153, 73, 255, 44, 54, 159, 199, 156, 91,
       185, 159, 155, 68, 111, 252, 66, 22, 173, 119, 148, 66, 212, 214,
       25, 175, 176, 97, 110, 185, 147, 172, 233, 159, 52, 206, 114, 107,
       218, 128, 63, 208, 163, 248, 197, 89, 119, 71, 34, 78, 111, 52,
       105, 234, 118, 100, 253, 23, 129, 119, 54, 116, 60, 106, 225, 180,
       181, 108, 229, 232, 103, 128, 102, 179, 67, 41, 87, 30, 172, 53,
       140, 63, 140, 191, 134, 247, 130, 141, 211, 108, 83, 75, 141, 71,
       249, 149, 157, 200, 247, 0, 200, 103, 223, 20, 204, 124, 153, 84,
       87, 226, 172, 21, 140, 22, 207, 138, 130, 246, 128, 141, 193, 108,
       95, 10, 221, 196, 121, 253, 140, 65, 255, 48, 201, 27, 207, 124,
       140, 117, 91, 84, 185, 77, 126, 206, 92, 195, 75, 240, 196, 128,
       254, 130, 115, 201, 177, 96, 122, 224, 23, 234, 200, 163, 44, 191,
       114, 169, 162, 136, 55, 187, 112, 40, 155, 12, 110, 255, 130, 242,
       173, 71, 181, 194, 86, 146, 57, 47, 55, 105, 110, 187, 147, 156,
       56, 156, 53, 234, 215, 107, 222, 129, 167, 244, 41, 248, 27, 48,
       100, 169, 109, 223, 184, 72, 76, 93, 220, 167, 141, 12, 22, 137,
       238, 9, 223, 149, 134, 184, 103, 148, 134, 89, 186, 195, 95, 13,
       125, 215, 159, 255, 226, 150, 246, 114, 191, 252, 17, 219, 221,
       247, 121, 252, 191, 173, 127, 251, 151, 247, 245, 223, 46, 239,
       58, 87, 255, 207, 175, 247, 191, 213, 3, 79, 83, 203, 114, 162,
       170, 100, 28, 9, 121, 226, 121, 203, 181, 224, 126, 59, 22, 253,
       49, 154, 4, 254, 52, 172, 170, 192, 245, 139, 161, 161, 141, 158,
       214, 221, 244, 166, 165, 251, 94, 138, 124, 116, 124, 241, 169,
       197, 119, 106, 34, 40, 225, 245, 27, 95, 76, 191, 103, 76, 219,
       232, 105, 161, 42, 112, 228, 137, 109, 87, 152, 72, 143, 118, 213,
       175, 140, 140, 55, 140, 206, 185, 223, 135, 206, 167, 87, 209, 23,
       84, 155, 191, 23, 46, 61, 215, 198, 16, 254, 87, 226, 120, 252,
       48, 185, 211, 119, 181, 121, 127, 220, 63, 39, 247, 245, 174, 177,
       212, 190, 226, 6, 251, 93, 131, 239, 229, 239, 245, 2, 161, 166,
       145, 209, 215, 188, 111, 62, 181, 74, 2, 172, 254, 124, 104, 243,
       27, 187, 145, 86, 216, 51, 209, 13, 18, 159, 71, 148, 68, 181,
       206, 138, 169, 242, 211, 247, 156, 188, 167, 123, 71, 86, 147,
       172, 172, 86, 168, 175, 59, 179, 149, 246, 248, 182, 231, 47, 126,
       158, 227, 199, 132, 219, 207, 137, 144, 127, 217, 70, 255, 249,
       87, 77, 125, 119, 183, 153, 29, 150, 104, 110, 154, 183, 157, 155,
       188, 117, 213, 71, 105, 50, 192, 119, 140, 244, 249, 181, 77, 107,
       77, 84, 3, 207, 112, 84, 224, 116, 206, 115, 69, 177, 49, 126,
       232, 22, 238, 233, 182, 109, 63, 118, 137, 161, 160, 125, 187,
       114, 184, 82, 121, 159, 190, 43, 193, 21, 197, 171, 85, 168, 40,
       174, 215, 35, 86, 238, 243, 205, 192, 15, 11, 186, 241, 179, 245,
