%YAML:1.0
---
descriptors: !!opencv-matrix
   rows: 160
   cols: 32
   dt: u
   data: [ 16, 125, 121, 101, 112, 78, 111, 48, 101, 108, 126, 108, 211,
       23, 129, 112, 62, 188, 87, 110, 201, 176, 113, 30, 229, 173, 32,
       128, 104, 147, 70, 121, 253, 191, 230, 28, 221, 23, 206, 251, 87,
       226, 222, 94, 91, 232, 63, 245, 93, 238, 114, 175, 253, 246, 125,
       159, 126, 63, 197, 4, 159, 252, 120, 92, 43, 174, 208, 17, 250,
       185, 144, 175, 91, 183, 60, 189, 175, 40, 214, 148, 3, 10, 230,
       17, 22, 120, 207, 55, 46, 86, 117, 247, 207, 204, 219, 205, 164,
       172, 158, 247, 148, 175, 235, 130, 127, 187, 243, 24, 243, 235,
       92, 59, 217, 238, 117, 26, 58, 254, 203, 183, 207, 255, 215, 69,
       192, 233, 210, 32, 204, 248, 191, 255, 109, 188, 125, 156, 255,
       155, 102, 16, 248, 255, 93, 123, 193, 127, 123, 94, 162, 117, 251,
       241, 207, 251, 215, 42, 194, 113, 99, 170, 138, 140, 138, 185,
       153, 181, 60, 167, 158, 31, 72, 21, 172, 174, 34, 192, 201, 43,
       187, 149, 118, 220, 82, 247, 239, 247, 222, 75, 152, 76, 185, 154,
       72, 172, 188, 120, 169, 237, 52, 71, 191, 31, 172, 16, 190, 187,
       64, 27, 161, 51, 234, 16, 54, 109, 146, 83, 223, 223, 86, 123,
       194, 80, 135, 11, 12, 36, 146, 184, 213, 230, 162, 194, 30, 135,
       218, 19, 132, 195, 105, 200, 217, 57, 130, 144, 0, 182, 80, 194,
       141, 182, 146, 71, 150, 111, 53, 138, 10, 149, 48, 139, 213, 215,
       190, 239, 29, 69, 95, 23, 204, 126, 46, 196, 221, 27, 147, 161,
       118, 152, 121, 255, 47, 119, 142, 71, 18, 14, 189, 214, 214, 206,
       150, 151, 165, 32, 60, 231, 62, 151, 218, 19, 236, 98, 104, 79,
       227, 215, 175, 146, 50, 221, 139, 227, 189, 50, 223, 67, 132, 125,
       189, 79, 189, 71, 117, 79, 54, 26, 239, 184, 100, 232, 242, 230,
       83, 69, 157, 229, 126, 196, 94, 238, 233, 176, 109, 46, 52, 234,
       165, 132, 103, 187, 112, 245, 245, 97, 237, 98, 140, 71, 79, 216,
       67, 242, 181, 10, 83, 69, 221, 59, 89, 196, 124, 126, 233, 103,
       255, 56, 251, 137, 229, 60, 245, 251, 86, 96, 22, 14, 174, 191,
       138, 162, 158, 166, 156, 135, 194, 151, 229, 238, 35, 75, 197,
       119, 171, 7, 116, 201, 27, 47, 233, 167, 223, 19, 148, 121, 181,
       90, 70, 173, 214, 190, 235, 237, 190, 174, 191, 151, 56, 152, 236,
       238, 76, 27, 183, 123, 255, 131, 118, 73, 138, 243, 173, 254, 95,
       255, 148, 113, 135, 143, 18, 42, 14, 181, 6, 178, 56, 79, 190,
       181, 194, 151, 237, 202, 114, 66, 163, 111, 253, 133, 22, 217,
       143, 208, 216, 227, 191, 133, 36, 0, 61, 202, 240, 236, 28, 178,
       25, 137, 80, 238, 191, 48, 160, 25, 167, 211, 64, 17, 161, 235,
       72, 82, 106, 79, 202, 61, 249, 195, 87, 121, 32, 0, 10, 10, 20,
       241, 155, 161, 210, 66, 173, 85, 50, 129, 67, 242, 213, 215, 104,
       64, 119, 29, 51, 177, 83, 216, 145, 64, 237, 133, 175, 196, 173,
       34, 161, 176, 169, 45, 121, 101, 116, 79, 111, 55, 117, 226, 126,
       8, 243, 53, 149, 52, 30, 254, 22, 40, 225, 248, 117, 14, 111, 223,
       37, 0, 98, 232, 70, 248, 210, 125, 50, 248, 235, 225, 182, 71,
       173, 66, 136, 58, 172, 158, 37, 113, 226, 51, 219, 129, 51, 15,
       146, 243, 179, 84, 26, 59, 16, 85, 167, 155, 49, 164, 65, 157, 84,
       47, 75, 122, 87, 227, 224, 94, 83, 33, 16, 53, 89, 206, 18, 172,
       185, 254, 93, 63, 253, 142, 213, 100, 251, 169, 82, 160, 214, 252,
       239, 246, 222, 102, 95, 252, 19, 230, 149, 178, 125, 247, 249, 89,
       119, 255, 53, 235, 184, 199, 191, 238, 251, 46, 239, 236, 167,
       243, 180, 115, 144, 5, 78, 237, 30, 131, 78, 108, 228, 160, 170,
       2, 115, 107, 48, 1, 120, 167, 76, 227, 104, 169, 9, 29, 241, 163,
       195, 17, 97, 34, 104, 2, 77, 154, 77, 177, 206, 137, 97, 51, 44,
       122, 182, 254, 147, 3, 192, 107, 105, 160, 110, 158, 91, 108, 103,
       242, 212, 135, 242, 88, 60, 137, 209, 112, 44, 132, 150, 87, 205,
       127, 228, 143, 255, 159, 122, 16, 194, 96, 14, 222, 169, 70, 106,
       24, 52, 248, 91, 34, 47, 254, 86, 65, 194, 120, 234, 134, 89, 189,
       235, 45, 114, 94, 126, 182, 48, 72, 126, 237, 63, 63, 147, 48, 54,
       205, 85, 236, 231, 216, 181, 79, 98, 111, 32, 128, 111, 180, 43,
       217, 68, 104, 190, 251, 109, 237, 116, 204, 239, 155, 164, 24,
       246, 251, 77, 123, 201, 104, 123, 94, 2, 103, 218, 241, 207, 219,
       215, 59, 208, 113, 87, 170, 200, 233, 158, 251, 173, 205, 116,
       167, 255, 63, 162, 24, 174, 249, 64, 91, 129, 119, 107, 82, 114,
       105, 155, 177, 239, 251, 87, 123, 210, 88, 199, 10, 35, 138, 69,
       217, 77, 183, 232, 222, 87, 185, 242, 86, 64, 232, 244, 172, 217,
       142, 34, 156, 157, 254, 127, 241, 22, 58, 211, 106, 219, 140, 120,
       132, 119, 48, 185, 240, 239, 253, 185, 90, 143, 255, 181, 31, 158,
       159, 78, 42, 239, 147, 223, 145, 159, 103, 250, 210, 223, 221,
       155, 127, 221, 73, 207, 243, 240, 164, 152, 234, 217, 237, 83,
       207, 147, 39, 173, 25, 38, 243, 72, 82, 193, 154, 73, 16, 58, 15,
       202, 51, 219, 133, 21, 127, 144, 74, 134, 42, 244, 245, 223, 230,
       138, 98, 79, 248, 176, 214, 173, 18, 83, 247, 233, 91, 123, 214,
       125, 250, 121, 199, 187, 44, 249, 170, 231, 28, 161, 243, 166,
       240, 49, 143, 107, 251, 244, 167, 235, 247, 85, 73, 250, 198, 115,
       237, 180, 96, 124, 170, 23, 141, 155, 187, 36, 255, 126, 239, 170,
       192, 181, 202, 240, 233, 117, 246, 201, 163, 68, 10, 231, 81, 32,
       107, 187, 254, 83, 66, 204, 80, 121, 140, 78, 143, 73, 182, 201,
       192, 212, 172, 163, 4, 105, 42, 242, 176, 244, 157, 207, 246, 252,
       107, 207, 251, 91, 226, 254, 122, 123, 233, 157, 49, 123, 207,
       127, 235, 121, 227, 239, 255, 253, 254, 231, 148, 229, 251, 246,
       96, 35, 251, 234, 24, 126, 153, 184, 198, 159, 77, 124, 175, 44,
       204, 246, 32, 143, 123, 147, 85, 150, 42, 230, 247, 62, 21, 29,
       235, 221, 12, 11, 223, 16, 207, 61, 175, 178, 202, 15, 191, 38,
       68, 74, 227, 247, 103, 40, 64, 54, 123, 29, 235, 82, 137, 41, 63,
       233, 167, 47, 208, 52, 146, 133, 123, 15, 123, 208, 191, 126, 137,
       190, 81, 30, 194, 113, 231, 173, 204, 230, 128, 94, 123, 135, 87,
       199, 180, 94, 235, 36, 7, 47, 170, 93, 255, 137, 149, 60, 14, 33,
       175, 52, 171, 207, 57, 20, 174, 219, 197, 243, 65, 145, 0, 93,
       170, 15, 47, 136, 176, 77, 31, 224, 206, 161, 176, 117, 235, 84,
       224, 229, 221, 227, 254, 222, 107, 231, 252, 222, 234, 189, 122,
       243, 245, 233, 51, 121, 214, 78, 234, 249, 103, 250, 254, 253,
       142, 231, 60, 245, 251, 244, 176, 245, 74, 205, 165, 38, 10, 110,
       56, 112, 234, 215, 230, 211, 96, 153, 115, 126, 196, 60, 239, 237,
       180, 205, 46, 228, 171, 225, 132, 45, 187, 88, 17, 233, 53, 191,
       119, 173, 47, 117, 55, 255, 251, 63, 92, 223, 61, 64, 27, 133, 86,
       110, 12, 177, 248, 243, 2, 207, 219, 117, 16, 202, 232, 202, 59,
       215, 240, 144, 170, 155, 229, 18, 200, 175, 25, 161, 20, 142, 214,
       107, 220, 247, 17, 251, 210, 22, 7, 155, 243, 153, 245, 11, 127,
       144, 3, 41, 7, 136, 180, 156, 187, 189, 233, 176, 143, 158, 123,
       69, 49, 148, 187, 74, 73, 131, 11, 187, 17, 54, 88, 75, 151, 207,
       215, 127, 103, 152, 72, 153, 131, 4, 172, 156, 247, 188, 175, 106,
       170, 254, 187, 227, 24, 247, 107, 25, 91, 217, 231, 104, 26, 58,
       248, 219, 55, 205, 191, 247, 85, 192, 105, 208, 2, 243, 203, 104,
       78, 78, 25, 214, 236, 73, 44, 176, 239, 34, 8, 158, 145, 234, 193,
       70, 71, 206, 47, 110, 125, 54, 9, 100, 251, 85, 26, 90, 207, 246,
       244, 237, 246, 190, 98, 79, 248, 18, 166, 159, 178, 81, 119, 153,
       83, 127, 214, 125, 250, 57, 199, 185, 174, 249, 239, 239, 212,
       165, 243, 246, 113, 201, 126, 20, 179, 48, 143, 60, 23, 63, 190,
       146, 253, 174, 6, 195, 221, 135, 63, 206, 20, 229, 92, 65, 94,
       172, 211, 126, 178, 10, 196, 139, 25, 34, 184, 40, 152, 221, 241,
       145, 79, 23, 85, 196, 27, 160, 156, 54, 12, 201, 186, 147, 145,
