%YAML:1.0
---
descriptors: !!opencv-matrix
   rows: 336
   cols: 32
   dt: u
   data: [ 61, 110, 121, 100, 116, 15, 71, 252, 81, 234, 124, 78, 19, 25,
       17, 49, 157, 232, 20, 110, 233, 182, 120, 46, 243, 205, 37, 52,
       107, 251, 82, 169, 127, 33, 229, 161, 172, 43, 205, 31, 3, 241,
       150, 255, 147, 45, 212, 42, 79, 196, 125, 61, 153, 122, 197, 128,
       222, 219, 237, 244, 175, 236, 208, 112, 35, 223, 195, 205, 86, 6,
       239, 119, 25, 69, 108, 134, 32, 163, 164, 212, 126, 174, 2, 236,
       193, 154, 52, 201, 52, 60, 130, 0, 31, 254, 242, 252, 245, 253,
       253, 101, 232, 79, 79, 254, 83, 246, 172, 8, 83, 117, 217, 55, 25,
       220, 84, 110, 233, 114, 249, 26, 127, 139, 101, 52, 123, 249, 214,
       120, 130, 88, 62, 222, 111, 212, 184, 80, 159, 85, 84, 183, 172,
       159, 54, 79, 230, 57, 179, 195, 199, 205, 50, 241, 23, 115, 218,
       139, 23, 13, 45, 255, 105, 181, 181, 97, 249, 125, 93, 31, 75,
       249, 44, 8, 159, 61, 80, 182, 133, 31, 245, 24, 134, 72, 251, 25,
       111, 221, 21, 127, 194, 196, 198, 123, 189, 165, 225, 71, 214, 19,
       199, 248, 81, 226, 253, 10, 83, 117, 188, 52, 121, 204, 18, 234,
       249, 178, 125, 142, 123, 143, 133, 52, 119, 250, 118, 236, 40,
       165, 113, 233, 213, 225, 177, 111, 14, 37, 121, 19, 8, 205, 60, 0,
       217, 27, 131, 177, 18, 186, 96, 213, 109, 212, 130, 103, 213, 8,
       213, 226, 38, 164, 154, 180, 92, 73, 240, 234, 27, 162, 80, 11,
       228, 233, 108, 3, 219, 123, 3, 49, 52, 122, 10, 207, 175, 150,
       223, 111, 212, 104, 27, 138, 15, 182, 163, 147, 213, 181, 171,
       199, 158, 223, 93, 183, 40, 238, 254, 143, 109, 59, 147, 157, 179,
       216, 62, 226, 47, 94, 159, 234, 159, 94, 181, 255, 0, 184, 95,
       185, 18, 232, 105, 23, 54, 21, 102, 20, 189, 147, 0, 72, 99, 59,
       42, 152, 51, 216, 211, 101, 205, 167, 146, 64, 224, 128, 165, 186,
       131, 135, 46, 239, 180, 150, 108, 55, 116, 72, 222, 70, 241, 107,
       178, 97, 220, 162, 31, 173, 252, 152, 33, 223, 230, 191, 170, 128,
       24, 138, 248, 9, 19, 128, 247, 245, 23, 198, 105, 105, 127, 145,
       82, 66, 125, 255, 116, 100, 115, 233, 63, 156, 2, 217, 43, 221,
       155, 222, 223, 68, 183, 160, 101, 232, 9, 3, 83, 5, 148, 30, 103,
       49, 101, 204, 122, 68, 203, 34, 183, 244, 118, 172, 6, 124, 149,
       184, 37, 76, 44, 252, 34, 64, 99, 130, 225, 69, 14, 251, 206, 151,
       242, 144, 188, 248, 191, 215, 95, 231, 108, 238, 239, 202, 119,
       127, 171, 213, 166, 217, 142, 241, 14, 99, 255, 195, 167, 246, 45,
       221, 223, 74, 215, 221, 35, 58, 60, 18, 253, 50, 66, 114, 205,
       178, 165, 255, 167, 93, 172, 44, 165, 213, 133, 200, 150, 251,
       122, 134, 10, 245, 41, 5, 175, 49, 18, 142, 93, 149, 186, 73, 138,
       128, 177, 79, 236, 216, 47, 128, 216, 41, 219, 99, 6, 39, 218,
       223, 22, 61, 139, 59, 95, 47, 91, 134, 75, 191, 249, 101, 242, 62,
       63, 191, 48, 234, 94, 237, 249, 125, 151, 50, 151, 127, 245, 46,
       245, 216, 237, 46, 110, 127, 117, 128, 238, 246, 130, 121, 186,
       155, 111, 221, 182, 222, 127, 181, 117, 76, 246, 162, 123, 31,
       182, 101, 126, 246, 63, 238, 248, 184, 101, 253, 119, 235, 226,
       193, 55, 172, 244, 123, 213, 76, 90, 222, 70, 48, 238, 196, 253,
       3, 251, 82, 249, 234, 60, 105, 107, 251, 46, 203, 236, 167, 30,
       227, 181, 173, 202, 9, 53, 123, 249, 132, 212, 110, 223, 119, 10,
       223, 119, 168, 254, 172, 162, 8, 247, 246, 71, 147, 162, 245, 236,
       194, 108, 197, 235, 109, 191, 227, 101, 57, 96, 51, 71, 99, 45,
       143, 239, 227, 244, 114, 238, 247, 117, 107, 254, 115, 89, 45,
       179, 226, 107, 198, 150, 152, 189, 249, 45, 174, 110, 239, 182,
       197, 239, 220, 252, 249, 87, 191, 111, 199, 150, 4, 175, 183, 96,
       125, 222, 166, 241, 37, 220, 102, 103, 222, 61, 203, 241, 248,
       173, 231, 253, 46, 255, 196, 173, 250, 245, 125, 112, 17, 123,
       232, 84, 14, 219, 116, 73, 9, 248, 74, 27, 27, 36, 112, 252, 145,
       22, 224, 216, 187, 48, 204, 243, 237, 162, 80, 121, 10, 98, 11,
       10, 20, 55, 184, 59, 237, 177, 66, 175, 89, 15, 16, 156, 159, 96,
       204, 167, 19, 223, 17, 3, 5, 18, 209, 193, 213, 26, 95, 146, 68,
       45, 35, 125, 109, 169, 166, 148, 94, 79, 189, 114, 237, 234, 9,
       247, 39, 91, 112, 209, 206, 93, 252, 126, 90, 233, 46, 251, 229,
       165, 61, 160, 242, 214, 74, 53, 112, 123, 76, 78, 87, 227, 88,
       199, 104, 221, 38, 18, 220, 244, 100, 92, 156, 126, 107, 201, 179,
       247, 157, 81, 56, 161, 188, 125, 171, 112, 245, 237, 21, 23, 69,
       65, 30, 102, 57, 105, 136, 111, 76, 222, 115, 8, 245, 180, 84,
       124, 106, 225, 176, 209, 12, 167, 251, 65, 4, 74, 50, 75, 33, 45,
       116, 145, 69, 85, 127, 98, 20, 121, 224, 106, 76, 214, 48, 5, 188,
       144, 76, 80, 122, 129, 240, 241, 10, 39, 220, 5, 48, 202, 123, 74,
       182, 184, 254, 120, 218, 114, 153, 187, 252, 31, 12, 116, 174, 47,
       135, 162, 5, 38, 185, 134, 74, 226, 62, 102, 189, 254, 193, 32,
       248, 126, 136, 7, 249, 96, 76, 243, 204, 85, 164, 103, 214, 67,
       134, 108, 10, 48, 243, 165, 116, 88, 252, 2, 74, 65, 178, 240,
       232, 53, 188, 129, 40, 115, 251, 118, 168, 45, 28, 92, 99, 180,
       191, 114, 50, 69, 110, 126, 61, 159, 25, 34, 145, 205, 42, 215,
       14, 236, 188, 97, 62, 231, 223, 48, 81, 242, 201, 88, 195, 34, 63,
       227, 144, 223, 225, 176, 71, 155, 213, 88, 191, 44, 172, 118, 10,
       171, 123, 195, 145, 23, 123, 150, 224, 28, 16, 158, 107, 197, 76,
       191, 222, 195, 134, 172, 151, 12, 61, 233, 51, 188, 55, 151, 159,
       237, 40, 22, 75, 225, 166, 127, 141, 180, 221, 247, 195, 142, 59,
       218, 145, 132, 76, 221, 76, 195, 148, 22, 155, 189, 188, 184, 7,
       254, 91, 23, 117, 252, 248, 190, 239, 167, 3, 126, 21, 183, 109,
       19, 215, 140, 122, 90, 202, 218, 68, 185, 29, 9, 139, 16, 251,
       173, 189, 17, 95, 95, 29, 116, 0, 174, 128, 98, 236, 193, 42, 166,
       24, 146, 56, 98, 177, 143, 221, 18, 123, 146, 12, 201, 173, 186,
       243, 80, 232, 87, 153, 118, 253, 31, 53, 116, 187, 47, 143, 110,
       149, 62, 155, 135, 81, 118, 62, 8, 255, 62, 209, 4, 239, 119, 156,
       206, 139, 241, 249, 248, 87, 176, 219, 71, 182, 114, 236, 118, 40,
       179, 49, 199, 52, 3, 254, 100, 88, 233, 248, 245, 42, 237, 175,
       53, 112, 233, 184, 198, 121, 154, 252, 58, 218, 91, 213, 19, 237,
       191, 113, 165, 26, 60, 223, 46, 53, 161, 155, 219, 66, 99, 15, 58,
       255, 251, 209, 22, 123, 58, 2, 175, 191, 61, 39, 120, 98, 244, 47,
       67, 248, 64, 236, 189, 12, 83, 125, 155, 48, 92, 136, 6, 126, 154,
       50, 105, 30, 126, 205, 33, 124, 255, 235, 210, 177, 154, 252, 51,
       218, 91, 213, 17, 238, 191, 83, 165, 26, 124, 223, 44, 49, 167,
       187, 219, 130, 99, 79, 58, 247, 123, 219, 3, 127, 59, 0, 167, 183,
       146, 45, 59, 216, 155, 240, 156, 71, 189, 150, 220, 179, 12, 190,
       37, 9, 235, 187, 143, 144, 114, 75, 34, 252, 179, 16, 30, 171,
       145, 84, 167, 239, 35, 196, 209, 79, 93, 85, 198, 237, 75, 74,
       248, 66, 106, 216, 188, 244, 216, 122, 146, 10, 207, 42, 254, 251,
       34, 60, 150, 59, 91, 58, 250, 140, 10, 190, 146, 186, 241, 173,
       187, 215, 187, 13, 124, 77, 172, 239, 38, 16, 165, 59, 199, 21,
       182, 11, 10, 253, 251, 214, 30, 235, 146, 68, 175, 219, 8, 220,
       146, 191, 21, 167, 47, 246, 30, 3, 74, 66, 181, 243, 33, 196, 93,
       123, 18, 201, 35, 152, 83, 191, 229, 231, 158, 0, 26, 88, 41, 184,
       61, 205, 231, 93, 213, 87, 199, 234, 87, 226, 252, 2, 67, 120,
       182, 165, 121, 236, 50, 236, 173, 243, 63, 159, 59, 79, 197, 85,
       247, 189, 252, 228, 30, 251, 122, 112, 179, 219, 55, 224, 189, 12,
       118, 169, 47, 223, 167, 16, 38, 113, 205, 83, 228, 153, 44, 110,
       250, 71, 36, 195, 103, 181, 47, 87, 180, 69, 115, 206, 246, 202,
       247, 96, 200, 200, 251, 98, 87, 245, 165, 96, 122, 244, 30, 106,
       65, 163, 44, 142, 112, 168, 35, 147, 117, 251, 101, 225, 35, 160,
