%YAML:1.0
---
descriptors: !!opencv-matrix
   rows: 383
   cols: 32
   dt: u
   data: [ 220, 189, 184, 226, 187, 96, 55, 199, 171, 121, 173, 56, 158,
       151, 72, 114, 231, 211, 223, 210, 91, 11, 250, 98, 251, 209, 62,
       123, 136, 83, 175, 187, 222, 22, 175, 180, 173, 110, 221, 71, 153,
       255, 158, 187, 143, 173, 34, 75, 239, 215, 253, 53, 60, 239, 32,
       130, 241, 247, 222, 215, 132, 125, 149, 83, 126, 220, 172, 62,
       139, 117, 23, 168, 147, 254, 141, 57, 74, 124, 79, 27, 149, 215,
       253, 243, 190, 103, 251, 49, 91, 67, 69, 191, 243, 127, 222, 86,
       211, 81, 255, 229, 34, 6, 93, 188, 233, 202, 146, 224, 117, 31,
       145, 115, 230, 213, 125, 239, 233, 197, 165, 72, 242, 171, 239,
       144, 44, 176, 32, 121, 94, 95, 158, 164, 3, 230, 62, 162, 168,
       166, 138, 135, 76, 231, 35, 82, 166, 117, 233, 195, 0, 129, 145,
       106, 241, 231, 79, 3, 32, 115, 37, 19, 176, 228, 107, 89, 86, 203,
       227, 236, 22, 228, 236, 139, 113, 205, 62, 1, 57, 200, 131, 231,
       106, 246, 61, 63, 127, 7, 5, 101, 119, 158, 118, 250, 41, 44, 72,
       69, 112, 63, 104, 55, 52, 162, 116, 200, 187, 3, 129, 181, 94, 8,
       22, 12, 33, 156, 65, 31, 70, 205, 48, 4, 74, 136, 74, 140, 237,
       124, 155, 117, 112, 239, 99, 146, 112, 234, 102, 8, 23, 183, 65,
       57, 128, 124, 116, 88, 33, 248, 176, 8, 231, 235, 101, 36, 224,
       241, 70, 35, 248, 201, 47, 190, 141, 197, 85, 229, 134, 92, 132,
       9, 231, 253, 107, 3, 201, 243, 237, 65, 122, 75, 122, 49, 249,
       195, 222, 59, 80, 24, 180, 122, 242, 85, 251, 172, 155, 98, 151,
       239, 53, 198, 232, 171, 92, 190, 33, 81, 251, 223, 143, 161, 105,
       219, 48, 206, 249, 167, 95, 23, 101, 112, 167, 122, 120, 137, 174,
       190, 157, 197, 215, 233, 198, 93, 173, 9, 231, 253, 106, 2, 201,
       163, 237, 81, 94, 107, 106, 61, 251, 193, 29, 59, 113, 10, 246,
       74, 52, 16, 255, 252, 202, 226, 53, 81, 132, 194, 247, 18, 85,
       255, 41, 123, 122, 181, 55, 160, 24, 163, 50, 8, 83, 171, 98, 8,
       241, 226, 164, 242, 41, 188, 181, 93, 205, 255, 192, 43, 207, 243,
       169, 72, 154, 24, 84, 166, 201, 166, 122, 9, 157, 106, 251, 144,
       15, 90, 81, 62, 91, 76, 218, 132, 160, 118, 94, 101, 96, 14, 115,
       48, 60, 10, 118, 109, 87, 31, 11, 17, 182, 29, 71, 106, 224, 180,
       17, 14, 231, 139, 96, 4, 104, 187, 66, 147, 104, 109, 53, 102,
       205, 109, 71, 172, 225, 184, 172, 8, 179, 21, 77, 55, 136, 210,
       124, 106, 73, 35, 250, 57, 245, 217, 69, 56, 66, 123, 86, 42, 173,
       188, 149, 89, 205, 223, 192, 138, 91, 242, 160, 88, 138, 56, 84,
       191, 137, 78, 234, 16, 191, 110, 251, 179, 15, 90, 85, 126, 218,
       109, 90, 140, 21, 212, 56, 202, 127, 39, 147, 216, 95, 29, 253,
       22, 94, 217, 239, 108, 255, 24, 22, 58, 178, 39, 59, 247, 89, 143,
       35, 78, 249, 11, 113, 167, 214, 90, 206, 55, 162, 34, 62, 176,
       164, 142, 130, 229, 213, 103, 131, 91, 103, 245, 125, 246, 232,
       197, 143, 104, 248, 163, 239, 128, 168, 243, 33, 91, 225, 132,
       189, 117, 24, 78, 225, 59, 124, 171, 227, 88, 243, 113, 0, 123,
       145, 52, 104, 40, 49, 252, 83, 15, 77, 174, 117, 20, 72, 104, 66,
       34, 228, 174, 217, 87, 250, 107, 119, 187, 59, 190, 61, 248, 84,
       55, 193, 21, 51, 126, 70, 48, 34, 122, 233, 30, 126, 134, 37, 247,
       228, 240, 198, 163, 67, 159, 81, 143, 50, 10, 190, 182, 44, 73,
       90, 229, 237, 38, 136, 196, 182, 87, 237, 229, 199, 152, 133, 239,
       164, 52, 42, 130, 12, 214, 169, 29, 32, 55, 89, 101, 116, 47, 113,
       55, 96, 45, 126, 72, 183, 3, 0, 16, 138, 154, 70, 8, 16, 184, 81,
       13, 71, 157, 48, 64, 64, 138, 70, 171, 212, 123, 159, 246, 162,
       74, 63, 176, 176, 190, 131, 164, 255, 231, 193, 91, 38, 245, 236,
       210, 104, 193, 171, 104, 216, 227, 111, 145, 160, 243, 5, 97, 122,
       44, 236, 20, 207, 112, 212, 206, 195, 247, 172, 191, 10, 172, 87,
       30, 233, 199, 233, 149, 236, 107, 230, 194, 91, 95, 213, 63, 231,
       124, 126, 94, 126, 189, 236, 24, 223, 209, 147, 235, 139, 247,
       188, 143, 10, 188, 118, 54, 169, 211, 219, 145, 222, 107, 250,
       243, 91, 87, 157, 255, 247, 108, 94, 222, 24, 31, 108, 229, 70,
       30, 109, 55, 108, 172, 94, 230, 189, 47, 146, 195, 110, 191, 191,
       141, 212, 184, 101, 140, 246, 227, 254, 129, 37, 232, 28, 121,
       126, 189, 234, 208, 223, 245, 149, 206, 139, 255, 156, 191, 12,
       252, 127, 63, 173, 219, 255, 145, 158, 107, 186, 243, 123, 93,
       221, 255, 215, 124, 182, 215, 216, 239, 123, 254, 50, 192, 31,
       245, 176, 14, 218, 177, 125, 247, 8, 80, 54, 247, 253, 195, 106,
       141, 138, 111, 241, 231, 62, 137, 36, 210, 167, 43, 73, 57, 189,
       117, 160, 78, 117, 55, 108, 250, 74, 8, 183, 53, 17, 58, 128, 102,
       121, 13, 193, 248, 241, 44, 197, 175, 116, 0, 64, 112, 195, 107,
       104, 161, 74, 96, 208, 132, 93, 87, 35, 133, 109, 141, 23, 131,
       66, 16, 56, 171, 67, 156, 26, 154, 144, 12, 123, 133, 132, 105,
       232, 130, 234, 154, 120, 241, 248, 103, 61, 221, 219, 148, 162,
       189, 181, 9, 191, 221, 90, 178, 174, 217, 253, 88, 202, 105, 250,
       161, 255, 201, 165, 187, 99, 146, 206, 235, 129, 121, 253, 69,
       238, 66, 237, 95, 111, 252, 246, 34, 217, 23, 215, 103, 106, 196,
       127, 252, 193, 208, 167, 200, 125, 168, 231, 132, 103, 240, 103,
       249, 10, 162, 184, 251, 236, 141, 248, 207, 175, 63, 49, 125, 173,
       187, 92, 11, 167, 27, 255, 17, 150, 105, 202, 209, 206, 219, 126,
       255, 212, 8, 131, 139, 189, 94, 110, 222, 37, 119, 223, 250, 117,
       238, 246, 126, 123, 125, 191, 249, 125, 252, 223, 234, 173, 247,
       57, 190, 211, 239, 227, 145, 111, 253, 124, 123, 57, 173, 28, 234,
       157, 191, 74, 239, 231, 48, 172, 9, 255, 73, 26, 145, 200, 130,
       77, 124, 62, 43, 91, 189, 251, 217, 5, 125, 90, 74, 218, 10, 79,
       183, 252, 241, 180, 126, 253, 187, 127, 251, 31, 245, 221, 127,
       222, 106, 55, 31, 255, 156, 183, 88, 255, 210, 110, 223, 247, 196,
       175, 196, 201, 209, 42, 238, 170, 186, 247, 209, 154, 198, 31, 77,
       92, 163, 172, 204, 55, 128, 223, 171, 135, 213, 190, 186, 110,
       255, 255, 87, 159, 171, 213, 28, 189, 223, 191, 119, 238, 236,
       253, 127, 94, 255, 117, 239, 222, 191, 91, 127, 158, 47, 255, 215,
       223, 188, 252, 215, 101, 202, 255, 223, 255, 215, 167, 252, 246,
       115, 88, 134, 156, 189, 162, 42, 61, 175, 62, 55, 134, 149, 221,
       35, 74, 91, 167, 87, 109, 148, 52, 216, 211, 98, 236, 231, 127,
       213, 168, 80, 137, 75, 252, 60, 188, 112, 237, 109, 81, 202, 227,
       187, 164, 24, 22, 179, 67, 27, 161, 214, 108, 24, 58, 111, 218,
       34, 219, 203, 85, 125, 226, 113, 206, 34, 93, 225, 58, 42, 11,
       216, 59, 200, 174, 0, 141, 8, 252, 215, 105, 112, 54, 121, 249,
       202, 2, 3, 186, 113, 209, 165, 43, 105, 34, 51, 39, 34, 220, 158,
       156, 183, 184, 172, 23, 182, 190, 159, 174, 53, 255, 119, 74, 91,
       135, 119, 237, 80, 58, 201, 203, 55, 232, 231, 127, 209, 128, 97,
       141, 27, 255, 253, 248, 247, 191, 124, 255, 254, 91, 254, 188,
       191, 251, 127, 223, 103, 127, 215, 255, 226, 252, 127, 253, 235,
       255, 255, 231, 183, 247, 255, 231, 255, 127, 255, 253, 255, 253,
       219, 95, 186, 27, 254, 253, 46, 251, 126, 159, 183, 191, 255, 245,
       203, 237, 88, 251, 255, 238, 255, 239, 177, 191, 247, 223, 125,
       76, 136, 174, 222, 205, 208, 188, 205, 190, 155, 199, 18, 232,
       251, 126, 235, 225, 118, 251, 145, 54, 67, 139, 241, 223, 59, 223,
       89, 146, 42, 253, 2, 216, 60, 255, 112, 169, 236, 89, 22, 179,
       219, 180, 57, 191, 191, 75, 59, 163, 247, 253, 16, 58, 109, 178,
       160, 219, 251, 116, 57, 226, 192, 70, 123, 156, 253, 29, 45, 11,
       78, 23, 253, 40, 110, 165, 197, 95, 55, 2, 19, 182, 85, 221, 103,
       105, 69, 185, 63, 241, 227, 111, 84, 105, 51, 135, 115, 93, 82,
       245, 227, 44, 58, 203, 152, 106, 250, 183, 230, 211, 124, 217,
       238, 127, 212, 124, 250, 137, 116, 237, 160, 156, 239, 231, 180,
