%YAML:1.0
---
descriptors: !!opencv-matrix
   rows: 191
   cols: 32
   dt: u
   data: [ 216, 178, 90, 160, 34, 108, 56, 91, 173, 63, 182, 57, 159,
       159, 98, 91, 167, 157, 205, 144, 30, 87, 128, 64, 219, 209, 122,
       231, 224, 0, 47, 83, 113, 93, 209, 69, 32, 94, 102, 50, 97, 226,
       106, 100, 147, 55, 133, 246, 54, 244, 116, 232, 105, 248, 213, 14,
       36, 174, 101, 4, 107, 240, 74, 60, 125, 104, 232, 3, 77, 31, 198,
       200, 83, 162, 172, 10, 2, 24, 87, 190, 217, 252, 224, 83, 143,
       118, 221, 34, 31, 79, 133, 55, 235, 127, 90, 134, 151, 221, 111,
       207, 254, 66, 175, 236, 92, 202, 90, 226, 112, 126, 181, 100, 127,
       255, 54, 255, 233, 250, 111, 254, 124, 46, 175, 132, 53, 114, 113,
       237, 117, 141, 87, 78, 216, 70, 71, 172, 225, 136, 171, 72, 115,
       119, 141, 119, 80, 246, 124, 234, 89, 43, 251, 109, 59, 184, 101,
       92, 65, 243, 226, 36, 43, 157, 113, 83, 241, 223, 230, 167, 127,
       99, 250, 104, 42, 60, 148, 180, 155, 218, 210, 74, 247, 58, 125,
       255, 63, 222, 20, 71, 83, 156, 198, 252, 116, 121, 209, 69, 32,
       90, 79, 56, 97, 226, 230, 104, 83, 55, 133, 246, 84, 220, 124,
       234, 73, 214, 241, 8, 55, 169, 229, 52, 43, 241, 70, 48, 138, 183,
       225, 221, 251, 192, 189, 239, 159, 87, 84, 179, 136, 238, 172,
       231, 79, 59, 179, 129, 115, 218, 230, 211, 47, 54, 222, 239, 183,
       212, 165, 253, 164, 172, 181, 93, 249, 249, 67, 170, 214, 63, 224,
       56, 242, 245, 68, 190, 201, 122, 106, 82, 58, 110, 235, 55, 13,
       158, 85, 123, 208, 105, 70, 162, 213, 94, 223, 252, 172, 102, 126,
       242, 220, 74, 210, 118, 213, 254, 183, 107, 238, 245, 62, 231,
       253, 199, 119, 238, 242, 235, 234, 128, 156, 121, 177, 81, 239,
       189, 211, 84, 253, 124, 162, 218, 251, 217, 44, 92, 8, 240, 205,
       190, 185, 78, 66, 92, 131, 98, 186, 226, 31, 24, 5, 46, 203, 125,
       74, 173, 237, 73, 66, 86, 100, 26, 110, 176, 249, 194, 102, 72,
       243, 225, 213, 183, 18, 100, 112, 110, 97, 118, 190, 42, 54, 251,
       69, 40, 78, 179, 90, 164, 3, 133, 133, 153, 240, 226, 104, 175,
       62, 67, 75, 213, 180, 114, 184, 244, 81, 15, 50, 157, 55, 156, 95,
       87, 44, 62, 154, 196, 156, 68, 177, 212, 13, 84, 91, 229, 52, 46,
       111, 48, 105, 234, 123, 108, 223, 23, 153, 48, 94, 157, 20, 170,
       201, 176, 105, 78, 228, 255, 35, 132, 76, 179, 66, 177, 39, 57,
       96, 19, 253, 189, 170, 206, 79, 249, 185, 77, 162, 200, 223, 172,
       217, 42, 214, 85, 151, 112, 94, 240, 14, 92, 23, 250, 221, 95,
       219, 157, 11, 14, 238, 151, 164, 184, 252, 39, 253, 183, 223, 151,
       169, 168, 214, 75, 75, 39, 255, 141, 244, 252, 196, 224, 70, 51,
       254, 129, 71, 204, 249, 204, 237, 31, 253, 71, 236, 31, 239, 185,
       114, 234, 254, 232, 211, 117, 213, 54, 30, 254, 126, 238, 201,
       240, 237, 42, 102, 175, 229, 180, 231, 251, 194, 177, 53, 103,
       253, 103, 252, 47, 79, 152, 86, 234, 251, 104, 211, 97, 221, 59,
       31, 204, 118, 126, 153, 242, 109, 24, 108, 138, 101, 180, 253,
       251, 66, 161, 236, 96, 154, 246, 108, 76, 101, 21, 49, 174, 39,
       24, 118, 163, 65, 31, 17, 228, 108, 42, 104, 86, 234, 34, 213,
       182, 117, 57, 130, 249, 70, 42, 101, 96, 209, 87, 100, 105, 229,
       134, 123, 163, 101, 88, 18, 163, 213, 190, 25, 236, 34, 26, 1,
       118, 254, 34, 15, 30, 213, 40, 195, 249, 66, 172, 208, 175, 151,
       240, 171, 201, 21, 103, 171, 63, 172, 57, 174, 183, 64, 23, 163,
       179, 237, 16, 122, 75, 162, 113, 249, 208, 85, 123, 194, 64, 135,
       107, 137, 148, 19, 94, 113, 156, 230, 119, 249, 11, 103, 84, 60,
       209, 164, 245, 180, 58, 2, 8, 243, 188, 16, 239, 39, 62, 16, 10,
       74, 192, 203, 165, 94, 253, 188, 190, 171, 229, 159, 232, 190,
       254, 141, 169, 204, 254, 75, 67, 183, 119, 253, 247, 166, 67, 235,
       243, 251, 87, 79, 255, 148, 119, 15, 83, 212, 28, 159, 183, 131,
       110, 53, 167, 188, 159, 195, 17, 212, 119, 40, 75, 225, 119, 121,
       3, 48, 221, 91, 98, 229, 227, 94, 3, 128, 113, 165, 67, 110, 205,
       236, 215, 205, 114, 190, 174, 219, 247, 189, 19, 232, 236, 95,
       175, 201, 71, 251, 183, 244, 101, 255, 226, 47, 127, 223, 55, 215,
       127, 221, 198, 198, 156, 158, 183, 143, 108, 63, 165, 190, 151, 3,
       17, 252, 255, 74, 75, 227, 87, 249, 147, 54, 221, 155, 227, 239,
       243, 223, 71, 128, 115, 165, 90, 111, 239, 164, 23, 189, 222, 159,
       168, 251, 255, 159, 142, 232, 236, 223, 231, 215, 119, 253, 247,
       254, 97, 239, 251, 63, 127, 207, 255, 135, 119, 159, 117, 70, 223,
       215, 206, 234, 66, 31, 188, 171, 186, 41, 232, 92, 247, 233, 247,
       23, 119, 127, 234, 97, 67, 170, 254, 57, 182, 103, 190, 18, 243,
       133, 49, 216, 136, 159, 254, 171, 232, 81, 3, 179, 19, 162, 57,
       191, 183, 64, 219, 163, 247, 237, 144, 59, 79, 131, 35, 217, 227,
       90, 91, 160, 0, 167, 58, 167, 176, 249, 82, 234, 253, 185, 207,
       154, 247, 48, 185, 156, 188, 94, 56, 143, 27, 211, 21, 150, 126,
       250, 243, 95, 29, 61, 254, 213, 204, 215, 251, 3, 251, 21, 83,
       170, 141, 173, 237, 110, 121, 58, 228, 136, 208, 252, 37, 175, 11,
       106, 222, 211, 120, 47, 245, 44, 24, 95, 230, 89, 26, 227, 189,
       138, 220, 100, 185, 175, 221, 188, 183, 31, 87, 84, 179, 173, 31,
       38, 229, 199, 19, 151, 5, 231, 12, 115, 247, 239, 219, 218, 203,
       22, 156, 157, 91, 135, 156, 2, 154, 75, 241, 184, 200, 143, 82,
       209, 183, 204, 202, 247, 206, 239, 41, 155, 149, 167, 7, 142, 211,
       28, 16, 139, 171, 156, 38, 57, 214, 139, 190, 252, 221, 127, 246,
       184, 119, 31, 239, 214, 183, 172, 62, 150, 229, 239, 191, 255,
       133, 181, 220, 113, 223, 223, 255, 250, 195, 158, 204, 109, 223,
       206, 190, 246, 221, 239, 127, 125, 255, 191, 238, 254, 255, 206,
       255, 215, 244, 255, 255, 255, 165, 245, 253, 243, 222, 255, 127,
       239, 207, 143, 244, 255, 127, 79, 61, 240, 100, 185, 252, 90, 147,
       235, 205, 158, 9, 14, 189, 87, 244, 151, 95, 253, 21, 150, 11,
       176, 194, 27, 253, 13, 255, 198, 196, 79, 87, 134, 221, 188, 187,
       143, 114, 190, 143, 158, 215, 147, 19, 236, 126, 63, 75, 235, 83,
       251, 147, 54, 101, 91, 226, 111, 115, 223, 87, 213, 127, 173, 210,
       65, 125, 23, 85, 48, 222, 100, 54, 232, 232, 122, 104, 190, 48,
       129, 179, 130, 118, 124, 72, 229, 184, 208, 76, 37, 184, 100, 0,
       72, 176, 75, 61, 201, 125, 215, 69, 32, 90, 109, 54, 232, 224,
       110, 72, 179, 55, 133, 183, 6, 116, 116, 72, 193, 248, 240, 40,
       39, 185, 100, 0, 66, 240, 70, 184, 104, 121, 213, 69, 64, 94, 69,
       54, 33, 226, 230, 8, 51, 55, 133, 247, 64, 244, 120, 232, 73, 218,
       241, 40, 39, 232, 69, 16, 42, 240, 70, 56, 33, 148, 81, 73, 117,
       221, 230, 47, 91, 107, 121, 76, 178, 176, 156, 180, 25, 10, 18,
       12, 211, 58, 252, 215, 39, 30, 16, 110, 90, 142, 218, 188, 154,
       180, 59, 248, 241, 253, 21, 247, 189, 91, 108, 28, 190, 159, 38,
       57, 165, 155, 215, 16, 51, 47, 50, 247, 251, 223, 18, 107, 218,
       64, 167, 251, 210, 186, 154, 177, 34, 172, 56, 87, 62, 59, 182,
       245, 189, 159, 66, 88, 167, 155, 221, 145, 22, 93, 129, 81, 215,
       209, 58, 227, 160, 64, 175, 27, 195, 26, 135, 159, 40, 178, 168,
       17, 174, 8, 210, 247, 237, 202, 181, 202, 198, 53, 191, 133, 148,
       197, 199, 208, 132, 242, 250, 130, 28, 164, 41, 5, 109, 24, 185,
       67, 45, 124, 115, 144, 237, 105, 55, 76, 222, 24, 93, 120, 132, 4,
       124, 90, 139, 32, 249, 162, 199, 253, 32, 82, 202, 11, 83, 117,
       129, 92, 61, 251, 172, 239, 253, 191, 94, 126, 247, 22, 247, 126,
       191, 105, 223, 51, 127, 46, 233, 180, 123, 63, 229, 187, 123, 144,
       88, 249, 197, 121, 201, 165, 141, 117, 194, 124, 45, 55, 228, 223,
       79, 20, 189, 179, 218, 115, 34, 46, 120, 140, 241, 216, 247, 3,
       197, 233, 122, 136, 42, 192, 131, 248, 129, 121, 159, 245, 100,
       140, 172, 119, 236, 154, 82, 64, 180, 147, 97, 107, 166, 59, 63,
