%YAML:1.0
---
descriptors: !!opencv-matrix
   rows: 187
   cols: 32
   dt: u
   data: [ 39, 176, 241, 241, 252, 173, 216, 155, 91, 249, 49, 249, 158,
       29, 220, 58, 143, 27, 255, 21, 150, 108, 203, 208, 143, 94, 125,
       254, 220, 141, 195, 87, 223, 96, 245, 101, 38, 56, 124, 16, 105,
       242, 182, 185, 207, 63, 213, 126, 167, 213, 125, 143, 140, 212,
       229, 192, 214, 251, 213, 130, 231, 245, 66, 5, 93, 249, 151, 250,
       169, 204, 79, 189, 175, 24, 162, 72, 255, 247, 72, 246, 133, 255,
       124, 90, 91, 75, 250, 48, 185, 248, 101, 122, 130, 50, 131, 33,
       52, 199, 196, 175, 156, 3, 198, 236, 87, 177, 184, 203, 67, 104,
       125, 2, 217, 202, 36, 114, 30, 98, 79, 185, 168, 214, 197, 124,
       253, 251, 216, 132, 198, 236, 147, 188, 254, 160, 190, 174, 154,
       178, 24, 210, 188, 234, 112, 66, 167, 127, 59, 153, 35, 77, 138,
       251, 172, 22, 191, 236, 148, 113, 129, 41, 213, 7, 207, 174, 206,
       32, 110, 248, 196, 146, 153, 198, 89, 227, 249, 67, 123, 236, 46,
       238, 201, 67, 142, 234, 184, 136, 175, 172, 61, 243, 33, 160, 68,
       173, 147, 147, 212, 168, 46, 134, 186, 147, 74, 82, 252, 226, 73,
       74, 115, 111, 42, 152, 114, 88, 142, 227, 172, 166, 159, 68, 128,
       112, 161, 136, 245, 109, 239, 76, 207, 69, 199, 236, 195, 242,
       172, 10, 82, 253, 125, 35, 121, 194, 80, 107, 73, 99, 190, 56,
       121, 8, 197, 60, 115, 123, 246, 234, 2, 182, 149, 187, 252, 193,
       177, 239, 158, 27, 88, 121, 180, 183, 104, 72, 207, 27, 51, 17,
       51, 74, 66, 247, 12, 22, 126, 234, 152, 72, 133, 185, 119, 109,
       193, 14, 142, 7, 206, 252, 194, 240, 136, 206, 83, 236, 255, 167,
       124, 196, 88, 239, 201, 67, 190, 184, 57, 8, 205, 188, 125, 255,
       242, 84, 60, 81, 151, 238, 173, 79, 87, 248, 61, 170, 249, 72,
       223, 253, 41, 48, 252, 217, 95, 98, 73, 163, 91, 170, 241, 223, 7,
       62, 88, 251, 99, 51, 209, 40, 155, 4, 170, 120, 9, 91, 58, 241,
       134, 152, 158, 166, 194, 122, 39, 141, 124, 13, 51, 75, 246, 83,
       220, 34, 123, 188, 128, 96, 3, 112, 2, 169, 154, 186, 253, 193,
       180, 231, 142, 13, 216, 35, 172, 255, 98, 64, 201, 59, 131, 1, 22,
       11, 66, 241, 125, 20, 30, 123, 16, 24, 173, 139, 135, 221, 165,
       23, 149, 246, 134, 175, 91, 211, 13, 20, 232, 120, 95, 175, 145,
       98, 176, 95, 247, 252, 62, 175, 43, 94, 85, 70, 206, 119, 217, 76,
       73, 160, 186, 81, 186, 158, 57, 23, 58, 97, 207, 152, 159, 7, 194,
       112, 39, 62, 124, 28, 146, 217, 228, 66, 223, 239, 58, 208, 130,
       132, 131, 105, 242, 207, 102, 174, 29, 82, 70, 236, 197, 4, 242,
       3, 99, 104, 52, 71, 248, 228, 108, 227, 108, 163, 13, 173, 179,
       226, 199, 19, 117, 62, 116, 14, 129, 132, 157, 155, 154, 233, 37,
       143, 126, 51, 66, 144, 181, 242, 72, 109, 115, 11, 42, 24, 51, 88,
       223, 87, 140, 134, 94, 100, 184, 64, 129, 168, 250, 56, 174, 244,
       139, 253, 144, 23, 155, 127, 150, 63, 42, 189, 70, 174, 237, 183,
       253, 145, 158, 111, 242, 227, 211, 119, 216, 251, 231, 76, 158,
       95, 212, 66, 254, 164, 38, 2, 127, 56, 32, 206, 247, 175, 87, 71,
       139, 91, 118, 197, 109, 110, 104, 215, 137, 8, 240, 163, 102, 148,
       36, 179, 39, 97, 233, 82, 111, 157, 104, 30, 109, 56, 48, 238,
       214, 231, 251, 7, 147, 255, 126, 196, 255, 238, 233, 215, 229,
       202, 246, 43, 235, 144, 39, 188, 52, 121, 205, 182, 253, 129, 191,
       123, 48, 27, 127, 127, 189, 252, 204, 54, 202, 47, 51, 14, 238,
       48, 183, 124, 237, 210, 206, 86, 119, 247, 158, 76, 141, 247, 77,
       233, 147, 98, 169, 221, 71, 188, 235, 56, 186, 72, 255, 211, 201,
       246, 128, 244, 124, 90, 75, 105, 250, 113, 185, 253, 37, 122, 66,
       146, 67, 45, 162, 222, 167, 180, 211, 239, 182, 231, 191, 206,
       250, 247, 162, 254, 39, 1, 237, 251, 247, 129, 244, 255, 18, 255,
       61, 54, 190, 131, 241, 92, 183, 219, 164, 204, 150, 254, 253, 171,
       150, 239, 223, 147, 249, 88, 238, 232, 36, 205, 211, 107, 110, 35,
       48, 111, 10, 255, 168, 254, 87, 94, 212, 121, 161, 141, 124, 97,
       50, 106, 121, 221, 82, 208, 169, 12, 237, 9, 111, 223, 43, 148,
       184, 249, 205, 106, 78, 35, 26, 181, 243, 221, 1, 31, 98, 191,
       110, 130, 132, 135, 223, 150, 214, 43, 238, 105, 90, 179, 121, 90,
       93, 98, 248, 11, 59, 77, 34, 43, 48, 114, 142, 222, 60, 134, 111,
       108, 229, 235, 195, 128, 240, 72, 207, 246, 78, 8, 109, 164, 249,
       146, 178, 90, 123, 98, 157, 91, 106, 197, 108, 234, 105, 71, 199,
       232, 148, 170, 246, 24, 37, 241, 98, 32, 194, 154, 222, 21, 34,
       26, 57, 16, 168, 77, 118, 229, 221, 39, 130, 83, 38, 117, 253,
       196, 161, 220, 165, 97, 196, 35, 122, 128, 44, 164, 47, 121, 38,
       165, 20, 131, 253, 109, 184, 105, 30, 53, 57, 27, 204, 120, 94,
       136, 187, 27, 203, 49, 22, 120, 91, 215, 29, 22, 31, 127, 212, 14,
       141, 134, 37, 105, 65, 43, 116, 141, 99, 216, 111, 104, 121, 76,
       243, 200, 223, 48, 216, 200, 118, 78, 143, 178, 254, 185, 46, 221,
       33, 44, 90, 175, 82, 196, 200, 152, 156, 190, 41, 237, 21, 174,
       142, 91, 160, 25, 190, 183, 3, 91, 133, 115, 232, 0, 38, 77, 211,
       49, 193, 243, 90, 59, 24, 9, 1, 27, 193, 246, 156, 245, 172, 14,
       108, 191, 57, 187, 131, 124, 215, 51, 216, 107, 7, 70, 124, 44,
       253, 220, 217, 128, 206, 186, 253, 212, 140, 248, 152, 1, 69, 31,
       255, 229, 246, 14, 239, 115, 253, 136, 126, 66, 253, 119, 177, 98,
       118, 127, 63, 234, 225, 216, 165, 238, 117, 190, 239, 128, 36,
       242, 97, 169, 2, 251, 25, 186, 216, 141, 182, 239, 142, 5, 72, 67,
       164, 254, 104, 64, 205, 59, 3, 81, 82, 26, 218, 245, 61, 20, 30,
       106, 144, 10, 133, 138, 125, 125, 21, 238, 249, 15, 86, 248, 59,
       168, 185, 72, 223, 123, 9, 176, 220, 213, 125, 106, 105, 51, 217,
       190, 243, 223, 37, 52, 122, 251, 66, 51, 120, 233, 114, 106, 213,
       221, 86, 244, 99, 4, 252, 8, 42, 157, 35, 180, 232, 250, 197, 90,
       74, 42, 242, 191, 243, 221, 4, 59, 115, 159, 78, 174, 93, 66, 217,
       167, 34, 46, 123, 24, 32, 162, 243, 229, 215, 51, 73, 90, 118,
       197, 125, 238, 140, 212, 205, 8, 196, 239, 99, 132, 164, 243, 35,
       65, 1, 13, 158, 252, 212, 134, 110, 119, 252, 128, 106, 66, 253,
       227, 48, 240, 100, 255, 59, 202, 64, 153, 16, 238, 255, 191, 198,
       0, 8, 242, 105, 168, 34, 173, 17, 186, 221, 133, 182, 239, 158,
       17, 232, 75, 164, 218, 108, 0, 205, 27, 3, 81, 82, 10, 90, 245,
       185, 148, 14, 122, 16, 10, 163, 138, 149, 205, 135, 191, 134, 34,
       46, 167, 52, 18, 75, 214, 245, 98, 185, 203, 115, 103, 10, 239,
       113, 212, 29, 234, 164, 166, 254, 128, 188, 123, 177, 128, 65,
       228, 220, 165, 172, 14, 108, 191, 106, 179, 130, 92, 215, 48, 216,
       123, 23, 70, 124, 44, 213, 220, 197, 2, 140, 186, 117, 84, 140,
       240, 193, 1, 133, 164, 221, 241, 236, 169, 233, 27, 254, 51, 53,
       216, 157, 225, 216, 43, 163, 15, 110, 28, 179, 124, 239, 211, 204,
       159, 119, 228, 220, 200, 195, 161, 72, 152, 157, 190, 9, 205, 17,
       143, 143, 121, 160, 25, 190, 183, 64, 91, 133, 51, 249, 0, 2, 73,
       211, 49, 193, 211, 88, 59, 16, 8, 5, 91, 246, 88, 150, 142, 77,
       86, 86, 232, 185, 142, 243, 11, 78, 254, 39, 223, 248, 245, 239,
       99, 108, 71, 154, 232, 145, 178, 207, 27, 0, 63, 46, 71, 112, 181,
       155, 232, 25, 228, 83, 66, 163, 137, 168, 9, 22, 211, 96, 20, 216,
       190, 200, 16, 27, 43, 144, 74, 251, 245, 6, 123, 202, 2, 102, 58,
       77, 37, 147, 225, 242, 46, 104, 27, 58, 179, 107, 80, 221, 179,
       73, 250, 183, 31, 124, 56, 17, 208, 153, 64, 141, 237, 127, 68,
       168, 226, 163, 161, 38, 165, 16, 131, 253, 109, 176, 73, 15, 53,
       185, 27, 204, 120, 78, 140, 187, 155, 203, 49, 22, 114, 91, 215,
       29, 22, 31, 119, 148, 14, 221, 134, 56, 157, 57, 127, 185, 207,
       83, 183, 87, 13, 174, 0, 183, 119, 32, 112, 193, 50, 29, 24, 58,
       137, 121, 63, 235, 255, 52, 80, 178, 138, 196, 107, 45, 93, 23,
