%YAML:1.0
---
descriptors: !!opencv-matrix
   rows: 278
   cols: 32
   dt: u
   data: [ 163, 151, 14, 239, 180, 150, 108, 119, 84, 73, 222, 70, 240,
       107, 58, 97, 252, 34, 31, 173, 255, 152, 49, 223, 231, 189, 170,
       192, 24, 138, 248, 25, 106, 181, 181, 101, 249, 125, 84, 31, 75,
       253, 44, 9, 190, 189, 70, 182, 133, 63, 245, 24, 134, 72, 251, 25,
       239, 221, 21, 59, 194, 68, 134, 123, 154, 124, 18, 184, 83, 244,
       48, 198, 185, 2, 96, 21, 46, 222, 33, 153, 167, 59, 147, 16, 103,
       207, 18, 227, 179, 213, 26, 43, 42, 85, 47, 155, 75, 190, 251,
       117, 176, 62, 63, 51, 49, 234, 94, 237, 253, 55, 146, 112, 151,
       126, 253, 44, 181, 216, 181, 15, 106, 127, 117, 128, 142, 230,
       138, 125, 200, 156, 190, 244, 161, 236, 125, 23, 185, 31, 102, 49,
       191, 183, 32, 91, 167, 51, 141, 144, 48, 220, 48, 98, 199, 243,
       114, 3, 128, 208, 167, 107, 211, 252, 7, 184, 187, 140, 44, 231,
       169, 114, 130, 221, 172, 134, 1, 247, 167, 231, 252, 197, 101, 77,
       148, 255, 176, 114, 94, 186, 8, 20, 163, 92, 90, 188, 154, 186,
       211, 165, 154, 199, 187, 15, 233, 29, 44, 255, 102, 144, 191, 187,
       135, 149, 54, 11, 154, 247, 251, 213, 30, 107, 218, 68, 175, 219,
       32, 134, 63, 67, 116, 239, 243, 83, 254, 13, 127, 18, 186, 221,
       44, 0, 185, 58, 3, 24, 130, 188, 32, 223, 111, 159, 50, 64, 208,
       10, 213, 171, 180, 104, 216, 97, 204, 11, 86, 216, 67, 178, 181,
       235, 83, 73, 93, 27, 89, 220, 69, 122, 78, 102, 219, 16, 218, 201,
       229, 61, 245, 251, 90, 130, 40, 165, 121, 233, 213, 193, 177, 111,
       30, 37, 125, 27, 8, 141, 46, 0, 217, 27, 131, 145, 18, 58, 96,
       215, 111, 149, 146, 111, 213, 8, 212, 226, 0, 255, 155, 189, 68,
       197, 181, 238, 30, 3, 72, 67, 180, 183, 32, 64, 223, 123, 19, 65,
       99, 152, 82, 127, 237, 6, 30, 40, 24, 88, 165, 186, 109, 32, 141,
       187, 169, 45, 89, 154, 30, 255, 145, 29, 223, 108, 91, 138, 157,
       197, 253, 23, 14, 70, 251, 50, 201, 215, 125, 60, 208, 121, 6, 80,
       43, 157, 116, 217, 95, 149, 156, 103, 205, 73, 220, 162, 184, 94,
       182, 100, 204, 187, 151, 193, 214, 170, 118, 253, 103, 89, 154,
       203, 31, 14, 252, 223, 3, 159, 70, 75, 246, 179, 170, 255, 78, 73,
       121, 231, 232, 232, 190, 164, 254, 43, 22, 253, 151, 184, 12, 253,
       46, 28, 174, 192, 223, 142, 249, 157, 184, 243, 112, 250, 247,
       217, 180, 237, 159, 53, 116, 187, 46, 157, 172, 149, 190, 155,
       135, 64, 114, 59, 8, 255, 62, 209, 0, 111, 119, 156, 204, 139, 60,
       199, 99, 74, 221, 209, 206, 236, 197, 4, 253, 10, 107, 200, 61,
       165, 120, 216, 146, 235, 206, 163, 62, 189, 51, 73, 129, 125, 119,
       159, 254, 164, 41, 92, 243, 76, 85, 148, 238, 214, 195, 202, 120,
       74, 56, 243, 181, 244, 92, 252, 18, 202, 193, 178, 244, 233, 55,
       60, 132, 42, 91, 255, 114, 172, 106, 249, 165, 157, 77, 221, 193,
       152, 143, 253, 132, 13, 160, 205, 86, 166, 204, 48, 251, 85, 131,
       105, 251, 177, 15, 80, 129, 122, 26, 14, 84, 126, 130, 88, 174,
       158, 71, 213, 184, 64, 159, 85, 69, 147, 44, 206, 54, 205, 238,
       57, 179, 197, 167, 215, 50, 255, 23, 115, 154, 11, 21, 13, 61,
       254, 88, 221, 19, 172, 75, 205, 183, 242, 172, 4, 200, 1, 189,
       247, 33, 67, 238, 123, 75, 99, 64, 11, 146, 61, 245, 192, 14, 40,
       16, 51, 39, 234, 27, 196, 238, 71, 214, 22, 239, 189, 124, 235,
       95, 198, 89, 40, 158, 100, 119, 206, 55, 173, 241, 248, 45, 238,
       124, 47, 191, 132, 175, 246, 249, 253, 181, 6, 197, 233, 142, 35,
       200, 217, 86, 187, 153, 86, 211, 105, 249, 107, 89, 192, 126, 190,
       185, 103, 79, 146, 216, 142, 231, 252, 189, 235, 208, 128, 127,
       33, 237, 225, 172, 59, 205, 27, 67, 243, 146, 223, 147, 44, 215,
       42, 79, 196, 125, 189, 153, 114, 229, 128, 202, 79, 237, 244, 173,
       236, 208, 112, 56, 110, 93, 254, 44, 211, 83, 176, 193, 138, 252,
       104, 247, 81, 129, 177, 74, 244, 85, 106, 105, 230, 107, 189, 194,
       251, 225, 145, 118, 187, 92, 43, 77, 176, 145, 243, 33, 44, 57,
       146, 59, 59, 103, 84, 156, 179, 72, 126, 167, 95, 56, 24, 131, 92,
       187, 226, 207, 255, 94, 102, 138, 65, 3, 51, 63, 20, 229, 83, 149,
       119, 250, 25, 83, 235, 31, 87, 72, 125, 93, 170, 189, 118, 183,
       55, 181, 240, 191, 202, 15, 95, 213, 247, 239, 239, 88, 215, 32,
       0, 255, 77, 116, 102, 233, 26, 86, 97, 126, 82, 145, 61, 180, 104,
       90, 30, 51, 24, 145, 248, 117, 149, 79, 46, 242, 64, 215, 137,
       112, 248, 19, 126, 73, 185, 114, 137, 122, 112, 13, 64, 116, 239,
       191, 79, 166, 81, 110, 169, 23, 206, 199, 144, 86, 253, 246, 201,
       40, 168, 127, 142, 11, 217, 129, 168, 71, 251, 70, 194, 233, 71,
       126, 21, 98, 146, 181, 134, 80, 104, 114, 174, 42, 156, 18, 156,
       183, 241, 85, 168, 154, 64, 165, 0, 229, 232, 56, 157, 251, 231,
       180, 86, 254, 255, 84, 225, 254, 198, 83, 61, 179, 227, 127, 214,
       183, 234, 221, 249, 185, 172, 106, 239, 228, 69, 239, 250, 248,
       218, 247, 1, 228, 65, 143, 63, 204, 15, 75, 243, 182, 159, 67, 44,
       222, 175, 47, 134, 249, 60, 221, 225, 245, 128, 62, 90, 213, 119,
       239, 252, 216, 84, 58, 187, 186, 186, 211, 165, 154, 222, 159, 13,
       252, 13, 44, 255, 110, 28, 255, 187, 151, 148, 150, 11, 26, 245,
       219, 223, 30, 235, 211, 71, 175, 219, 247, 92, 99, 196, 133, 38,
       79, 240, 49, 198, 238, 28, 82, 87, 37, 85, 121, 228, 93, 234, 105,
       167, 121, 234, 243, 252, 133, 28, 75, 251, 114, 112, 186, 106, 56,
       190, 117, 129, 214, 232, 91, 44, 245, 11, 47, 201, 51, 128, 216,
       233, 135, 103, 110, 54, 72, 191, 241, 209, 139, 59, 85, 31, 94,
       138, 60, 92, 122, 238, 87, 195, 83, 104, 21, 4, 253, 43, 43, 215,
       35, 212, 216, 184, 135, 98, 42, 167, 122, 191, 243, 197, 130, 43,
       51, 47, 38, 234, 252, 109, 122, 238, 212, 206, 91, 113, 240, 132,
       101, 16, 95, 211, 34, 81, 80, 249, 5, 122, 122, 150, 248, 46, 251,
       233, 165, 72, 56, 163, 230, 162, 82, 159, 63, 158, 154, 196, 60,
       175, 174, 91, 154, 231, 244, 126, 44, 98, 231, 243, 59, 129, 245,
       137, 15, 127, 185, 38, 254, 130, 20, 112, 165, 95, 199, 144, 188,
       186, 173, 188, 248, 139, 255, 95, 151, 21, 206, 216, 126, 75, 167,
       3, 127, 31, 182, 101, 159, 243, 158, 123, 90, 222, 156, 69, 169,
       69, 59, 79, 195, 78, 91, 144, 238, 252, 129, 68, 248, 231, 41,
       226, 183, 212, 126, 232, 134, 204, 193, 139, 166, 237, 50, 44,
       130, 138, 127, 254, 98, 221, 34, 222, 84, 141, 107, 155, 186, 234,
       141, 4, 248, 207, 44, 14, 39, 132, 238, 185, 131, 230, 70, 187, 2,
       253, 54, 22, 26, 51, 95, 142, 15, 157, 161, 146, 237, 223, 110,
       95, 97, 29, 86, 113, 83, 214, 115, 28, 148, 233, 125, 158, 54, 25,
       191, 252, 247, 21, 13, 42, 241, 64, 181, 136, 84, 125, 44, 73,
       109, 254, 77, 195, 223, 88, 21, 132, 117, 2, 121, 223, 49, 8, 88,
       248, 151, 234, 72, 182, 122, 189, 119, 207, 161, 129, 119, 187,
       116, 194, 41, 180, 185, 90, 121, 253, 145, 83, 90, 105, 45, 24,
       182, 180, 142, 52, 141, 26, 210, 28, 179, 106, 240, 87, 79, 29,
       16, 122, 210, 12, 206, 245, 48, 138, 46, 187, 196, 226, 97, 70,
       86, 21, 230, 18, 99, 129, 50, 72, 121, 174, 42, 152, 26, 187, 113,
       53, 221, 162, 146, 65, 177, 8, 244, 234, 129, 75, 123, 77, 116,
       15, 235, 180, 108, 12, 126, 64, 241, 23, 149, 36, 126, 56, 23,
       106, 193, 176, 113, 93, 101, 152, 34, 128, 91, 187, 69, 185, 131,
       25, 39, 217, 244, 246, 169, 19, 124, 97, 95, 86, 144, 20, 148,
       108, 110, 30, 58, 157, 147, 152, 245, 228, 13, 40, 186, 192, 132,
       129, 241, 244, 233, 113, 18, 69, 229, 30, 102, 61, 121, 168, 103,
       76, 210, 48, 12, 245, 148, 76, 100, 110, 229, 240, 241, 12, 39,
       184, 97, 4, 74, 50, 203, 133, 45, 124, 176, 71, 85, 63, 230, 20,
       121, 232, 111, 76, 214, 48, 21, 180, 144, 76, 80, 126, 133, 240,
       209, 10, 39, 220, 5, 48, 202, 123, 74, 150, 83, 190, 151, 149, 22,
