%YAML:1.0
---
descriptors: !!opencv-matrix
   rows: 160
   cols: 32
   dt: u
   data: [ 88, 186, 148, 247, 169, 13, 92, 191, 43, 185, 186, 109, 175,
       187, 64, 210, 167, 215, 237, 16, 30, 75, 139, 48, 219, 247, 117,
       119, 234, 192, 139, 11, 130, 182, 21, 187, 252, 169, 184, 143,
       158, 59, 24, 249, 180, 151, 232, 8, 207, 27, 123, 17, 51, 76, 74,
       215, 12, 22, 62, 254, 156, 72, 129, 187, 196, 205, 133, 147, 148,
       168, 38, 134, 62, 19, 75, 82, 244, 98, 73, 74, 97, 206, 42, 218,
       50, 216, 203, 99, 172, 38, 222, 64, 128, 115, 161, 8, 124, 117,
       149, 238, 185, 79, 86, 248, 59, 170, 185, 72, 255, 255, 9, 49,
       223, 221, 93, 98, 107, 99, 218, 191, 185, 223, 39, 62, 216, 123,
       34, 19, 198, 173, 153, 182, 252, 160, 174, 175, 186, 147, 24, 146,
       252, 234, 121, 66, 179, 107, 123, 145, 34, 77, 138, 243, 172, 22,
       207, 236, 132, 96, 129, 0, 102, 160, 245, 241, 252, 45, 248, 139,
       123, 185, 49, 249, 158, 29, 92, 27, 143, 159, 87, 21, 178, 96,
       203, 208, 142, 94, 29, 254, 196, 205, 131, 147, 254, 96, 245, 229,
       38, 56, 124, 16, 121, 162, 178, 155, 75, 47, 213, 123, 167, 213,
       125, 175, 200, 244, 197, 192, 215, 251, 223, 131, 167, 245, 82, 6,
       232, 176, 188, 112, 105, 253, 81, 91, 235, 253, 52, 61, 138, 157,
       198, 191, 133, 24, 204, 16, 159, 109, 242, 144, 75, 217, 81, 127,
       202, 12, 78, 247, 77, 185, 151, 250, 169, 253, 70, 151, 239, 217,
       184, 72, 191, 247, 64, 250, 133, 247, 124, 24, 31, 107, 250, 49,
       187, 255, 53, 58, 202, 224, 195, 41, 152, 205, 102, 239, 151, 82,
       78, 237, 229, 4, 218, 131, 107, 104, 54, 231, 120, 228, 220, 239,
       108, 163, 45, 173, 178, 235, 198, 17, 39, 190, 252, 12, 70, 148,
       188, 149, 137, 126, 181, 15, 254, 255, 10, 17, 204, 60, 78, 75,
       129, 87, 251, 17, 52, 220, 243, 194, 77, 54, 94, 71, 128, 112,
       141, 86, 73, 165, 58, 113, 178, 216, 57, 23, 238, 97, 79, 144,
       191, 151, 130, 112, 39, 63, 252, 156, 146, 216, 165, 86, 239, 245,
       54, 193, 162, 132, 135, 125, 77, 17, 189, 69, 37, 78, 115, 56,
       104, 232, 39, 12, 222, 113, 9, 114, 178, 68, 120, 106, 193, 176,
       249, 8, 199, 185, 65, 6, 202, 51, 67, 51, 0, 164, 29, 155, 236,
       233, 173, 143, 30, 51, 25, 184, 156, 226, 200, 9, 207, 27, 106,
       17, 51, 92, 203, 215, 12, 150, 127, 252, 156, 72, 129, 169, 2,
       251, 25, 170, 216, 205, 182, 207, 14, 1, 73, 75, 164, 255, 104, 0,
       217, 59, 3, 81, 82, 10, 90, 117, 61, 20, 30, 106, 144, 10, 165,
       139, 88, 187, 154, 119, 184, 141, 122, 221, 43, 169, 187, 77, 255,
       187, 74, 146, 183, 223, 237, 16, 30, 122, 203, 49, 251, 253, 53,
       121, 74, 130, 138, 11, 105, 249, 27, 122, 248, 221, 118, 245, 235,
       201, 120, 72, 255, 219, 64, 240, 140, 235, 86, 92, 87, 58, 250,
       53, 255, 221, 37, 104, 72, 154, 194, 137, 236, 235, 196, 231, 205,
       15, 70, 188, 67, 184, 181, 74, 211, 105, 88, 195, 88, 196, 111,
       234, 106, 98, 203, 189, 111, 219, 229, 125, 119, 187, 216, 10,
       132, 204, 215, 254, 252, 171, 158, 239, 223, 147, 240, 88, 238,
       232, 45, 73, 211, 123, 110, 34, 48, 111, 10, 255, 168, 190, 87,
       62, 212, 249, 129, 137, 196, 172, 145, 147, 214, 168, 38, 143,
       186, 147, 10, 82, 253, 226, 73, 66, 113, 107, 42, 154, 114, 92,
       142, 243, 172, 134, 143, 108, 160, 113, 161, 136, 38, 165, 112,
       195, 253, 125, 248, 9, 95, 117, 185, 27, 206, 124, 94, 136, 187,
       155, 223, 49, 150, 114, 223, 212, 143, 92, 29, 127, 214, 78, 223,
       198, 205, 32, 217, 231, 224, 46, 104, 24, 42, 187, 99, 80, 221,
       115, 73, 90, 183, 93, 125, 60, 17, 208, 153, 66, 205, 169, 99, 4,
       136, 227, 67, 33, 240, 72, 223, 252, 78, 8, 109, 48, 249, 146,
       178, 218, 127, 107, 149, 91, 98, 229, 125, 234, 105, 71, 199, 234,
       212, 186, 250, 144, 37, 241, 99, 32, 254, 81, 118, 238, 13, 86,
       94, 40, 49, 142, 231, 11, 75, 95, 47, 223, 248, 212, 253, 226,
       108, 199, 249, 172, 243, 251, 199, 23, 35, 183, 124, 70, 253, 227,
       72, 234, 142, 83, 79, 216, 67, 246, 181, 174, 83, 65, 217, 191,
       123, 196, 92, 250, 171, 103, 239, 176, 250, 201, 165, 252, 247,
       251, 114, 96, 56, 157, 57, 251, 176, 207, 83, 183, 22, 9, 238, 0,
       179, 119, 32, 112, 213, 58, 29, 24, 59, 137, 113, 63, 235, 239,
       52, 80, 176, 136, 196, 123, 242, 184, 238, 114, 143, 249, 145,
       135, 187, 87, 134, 191, 170, 188, 86, 14, 141, 179, 249, 145, 190,
       111, 242, 227, 219, 119, 220, 91, 231, 76, 222, 94, 224, 24, 156,
       254, 9, 204, 16, 3, 143, 91, 160, 25, 182, 242, 98, 123, 192, 51,
       248, 0, 14, 79, 210, 49, 195, 243, 90, 59, 24, 40, 9, 26, 133,
       164, 221, 241, 236, 169, 233, 27, 126, 51, 49, 216, 157, 161, 216,
       43, 163, 15, 110, 28, 179, 124, 207, 211, 204, 159, 119, 228, 220,
       200, 195, 161, 86, 22, 237, 247, 174, 98, 143, 136, 146, 255, 159,
       183, 193, 103, 203, 75, 95, 214, 253, 178, 57, 193, 239, 160, 76,
       35, 255, 149, 165, 251, 180, 113, 54, 190, 167, 189, 249, 239,
       182, 247, 159, 251, 250, 255, 42, 253, 38, 25, 237, 251, 247, 19,
       186, 251, 66, 255, 127, 254, 93, 247, 209, 124, 166, 211, 3, 63,
       123, 225, 50, 158, 58, 51, 61, 200, 122, 228, 157, 159, 132, 240,
       182, 61, 31, 220, 193, 152, 181, 206, 166, 253, 42, 194, 12, 130,
       163, 121, 242, 75, 102, 174, 15, 2, 198, 237, 197, 164, 179, 3,
       99, 72, 61, 87, 120, 228, 108, 227, 108, 227, 13, 173, 176, 226,
       198, 19, 101, 62, 244, 14, 254, 198, 237, 251, 170, 98, 79, 189,
       18, 255, 159, 243, 73, 111, 138, 75, 127, 215, 173, 178, 120, 70,
       111, 162, 250, 227, 255, 197, 183, 243, 164, 113, 124, 105, 50,
       110, 57, 220, 94, 112, 165, 140, 252, 9, 47, 255, 3, 148, 162,
       249, 221, 74, 72, 163, 18, 236, 243, 253, 5, 27, 98, 182, 110, 2,
       122, 178, 188, 252, 125, 215, 152, 95, 27, 121, 149, 125, 94, 29,
       30, 56, 223, 151, 245, 21, 159, 107, 43, 213, 91, 127, 120, 247,
       215, 12, 246, 127, 120, 233, 114, 108, 85, 221, 86, 246, 99, 4,
       236, 8, 43, 159, 39, 180, 248, 250, 197, 72, 78, 43, 176, 189,
       179, 253, 4, 59, 115, 151, 110, 174, 85, 82, 185, 165, 32, 46,
       123, 24, 96, 234, 211, 229, 215, 51, 73, 90, 246, 205, 124, 231,
       137, 212, 221, 8, 196, 225, 99, 132, 168, 243, 35, 81, 17, 13,
       222, 245, 20, 134, 110, 118, 252, 128, 106, 66, 253, 179, 48, 96,
       102, 127, 58, 202, 64, 153, 16, 238, 253, 239, 142, 0, 8, 162, 33,
       168, 245, 237, 201, 254, 236, 97, 78, 236, 210, 210, 188, 74, 115,
       225, 249, 51, 89, 194, 78, 250, 127, 99, 202, 186, 248, 203, 229,
       61, 221, 251, 218, 0, 38, 173, 17, 186, 221, 141, 182, 238, 14,
       49, 248, 75, 164, 251, 108, 128, 221, 155, 3, 81, 18, 42, 90, 245,
       189, 148, 31, 126, 216, 11, 131, 138, 88, 172, 188, 114, 169, 237,
       21, 143, 187, 63, 164, 25, 174, 183, 74, 27, 129, 83, 237, 16, 58,
       79, 234, 49, 219, 211, 85, 127, 194, 80, 135, 107, 89, 163, 154,
       103, 176, 141, 122, 249, 35, 173, 251, 77, 191, 227, 74, 80, 180,
       207, 108, 86, 30, 155, 137, 37, 251, 253, 37, 228, 106, 130, 138,
       3, 212, 124, 157, 118, 40, 108, 85, 154, 160, 218, 166, 24, 119,
       247, 73, 123, 35, 244, 124, 10, 41, 71, 251, 32, 209, 235, 113,
       24, 168, 241, 38, 59, 226, 184, 239, 250, 205, 237, 177, 199, 187,
       87, 144, 191, 172, 188, 102, 10, 173, 179, 251, 145, 183, 111,
       178, 227, 219, 54, 222, 251, 197, 76, 151, 223, 93, 180, 145, 225,
       178, 46, 104, 27, 58, 179, 107, 80, 223, 51, 72, 250, 179, 31, 52,
       56, 19, 208, 145, 2, 141, 239, 55, 68, 168, 224, 131, 161, 6, 181,
       48, 131, 223, 127, 240, 201, 47, 181, 187, 27, 206, 124, 94, 142,
       187, 155, 223, 51, 22, 115, 217, 214, 159, 20, 11, 119, 197, 15,
       221, 134, 24, 141, 57, 123, 177, 207, 83, 191, 87, 13, 174, 16,
       183, 55, 0, 112, 197, 50, 92, 24, 122, 136, 97, 63, 235, 255, 52,
