%YAML:1.0
---
descriptors: !!opencv-matrix
   rows: 109
   cols: 32
   dt: u
   data: [ 73, 164, 168, 9, 186, 56, 57, 31, 58, 97, 142, 152, 157, 39,
       194, 112, 39, 30, 253, 28, 147, 73, 231, 83, 206, 101, 59, 252,
       162, 196, 139, 113, 133, 164, 221, 177, 236, 43, 233, 203, 110,
       51, 57, 216, 157, 161, 216, 11, 3, 15, 78, 60, 51, 116, 205, 210,
       204, 150, 119, 116, 220, 200, 131, 161, 134, 132, 181, 213, 235,
       102, 181, 135, 190, 183, 2, 16, 204, 54, 76, 111, 167, 87, 43,
       145, 51, 220, 163, 98, 13, 50, 94, 70, 132, 80, 133, 175, 52, 207,
       197, 174, 252, 3, 206, 168, 83, 185, 184, 74, 67, 104, 221, 4,
       217, 198, 36, 255, 58, 106, 75, 191, 184, 222, 197, 124, 221, 250,
       208, 128, 124, 245, 61, 224, 169, 79, 94, 252, 59, 248, 184, 73,
       223, 127, 65, 19, 149, 213, 253, 114, 107, 67, 219, 190, 251, 215,
       101, 253, 26, 115, 7, 19, 128, 178, 153, 187, 236, 173, 177, 143,
       158, 27, 80, 112, 180, 183, 104, 72, 207, 27, 51, 17, 51, 78, 66,
       247, 140, 150, 126, 234, 152, 72, 129, 185, 198, 36, 244, 223,
       238, 42, 250, 136, 219, 179, 49, 147, 204, 233, 93, 10, 151, 119,
       123, 191, 178, 96, 143, 242, 14, 62, 77, 254, 197, 229, 83, 132,
       86, 70, 215, 212, 126, 34, 222, 232, 25, 162, 144, 234, 125, 106,
       181, 25, 55, 245, 117, 235, 40, 199, 141, 206, 56, 46, 239, 150,
       165, 243, 35, 9, 122, 182, 168, 222, 127, 212, 145, 255, 27, 95,
       148, 63, 108, 60, 30, 16, 189, 151, 213, 129, 190, 111, 241, 223,
       123, 127, 216, 251, 215, 12, 182, 127, 245, 115, 233, 10, 142, 19,
       78, 216, 67, 240, 185, 238, 83, 193, 217, 43, 126, 196, 124, 254,
       205, 99, 255, 56, 250, 136, 229, 188, 125, 251, 242, 48, 134, 140,
       150, 252, 253, 171, 158, 239, 223, 147, 240, 88, 174, 232, 36,
       205, 199, 123, 110, 1, 112, 111, 2, 255, 168, 250, 87, 122, 212,
       120, 129, 141, 73, 75, 125, 101, 36, 14, 111, 180, 109, 170, 126,
       100, 215, 97, 145, 123, 150, 100, 108, 110, 201, 240, 101, 44,
       230, 251, 101, 128, 74, 243, 67, 33, 198, 37, 247, 213, 238, 42,
       170, 43, 218, 179, 19, 210, 204, 232, 92, 10, 55, 101, 115, 59,
       176, 229, 143, 214, 12, 62, 79, 228, 197, 99, 131, 128, 194, 165,
       145, 158, 254, 161, 188, 175, 154, 179, 25, 216, 252, 235, 88, 66,
       151, 15, 123, 153, 50, 73, 138, 215, 172, 22, 159, 252, 148, 64,
       147, 137, 124, 225, 18, 238, 57, 222, 86, 232, 171, 140, 169, 9,
       79, 223, 43, 212, 242, 245, 221, 98, 76, 3, 152, 188, 251, 253, 5,
       63, 98, 55, 46, 67, 5, 77, 255, 229, 246, 14, 110, 242, 188, 130,
       126, 66, 125, 243, 177, 98, 118, 119, 63, 234, 224, 153, 0, 238,
       245, 174, 239, 0, 36, 242, 97, 168, 34, 235, 25, 170, 220, 133,
       178, 239, 158, 1, 88, 75, 164, 223, 104, 0, 253, 59, 3, 17, 82,
       11, 90, 245, 61, 20, 30, 106, 16, 10, 165, 170, 205, 82, 237, 149,
       34, 90, 61, 24, 52, 222, 214, 247, 217, 103, 139, 239, 127, 196,
       238, 174, 229, 213, 229, 202, 214, 99, 247, 133, 47, 253, 45, 117,
       85, 82, 155, 165, 34, 46, 123, 16, 40, 138, 219, 229, 215, 51, 65,
       90, 54, 205, 125, 110, 136, 212, 193, 0, 196, 227, 99, 128, 164,
       243, 35, 1, 225, 244, 220, 53, 236, 14, 101, 191, 122, 251, 50,
       124, 215, 48, 216, 123, 135, 70, 124, 12, 229, 252, 213, 2, 172,
       186, 117, 148, 136, 248, 216, 9, 200, 152, 157, 190, 41, 237, 21,
       163, 143, 91, 160, 24, 190, 247, 64, 91, 129, 115, 232, 2, 51, 77,
       218, 51, 197, 247, 80, 59, 16, 72, 7, 107, 161, 44, 77, 111, 29,
       79, 66, 168, 86, 224, 234, 12, 243, 97, 25, 48, 88, 206, 106, 110,
       107, 116, 223, 63, 197, 173, 133, 16, 121, 107, 90, 184, 128, 164,
       145, 147, 212, 160, 44, 175, 186, 147, 8, 82, 237, 226, 72, 66,
       115, 75, 42, 152, 50, 88, 142, 243, 44, 22, 159, 108, 128, 80,
       161, 136, 60, 117, 145, 239, 189, 15, 86, 248, 63, 168, 249, 72,
       223, 115, 9, 16, 220, 221, 93, 98, 105, 34, 89, 190, 243, 221, 37,
       62, 106, 251, 66, 51, 45, 93, 57, 255, 189, 143, 86, 182, 86, 72,
       124, 68, 255, 241, 33, 224, 212, 122, 28, 90, 139, 168, 91, 63,
       227, 255, 36, 24, 90, 27, 65, 43, 134, 165, 144, 131, 221, 109,
       176, 73, 62, 55, 153, 26, 204, 120, 72, 140, 185, 155, 234, 176,
       18, 114, 219, 210, 29, 22, 31, 111, 144, 74, 133, 134, 120, 157,
       63, 238, 153, 230, 87, 183, 132, 76, 174, 0, 243, 119, 32, 112,
       193, 242, 93, 24, 59, 137, 121, 63, 235, 239, 164, 80, 178, 90,
       228, 123, 64, 79, 158, 252, 85, 134, 110, 118, 252, 128, 234, 66,
       185, 227, 49, 192, 232, 230, 42, 200, 64, 155, 18, 238, 241, 191,
       134, 0, 0, 240, 105, 136, 181, 231, 95, 250, 188, 35, 79, 216,
       214, 82, 180, 242, 83, 195, 249, 123, 127, 200, 30, 126, 251, 71,
       46, 55, 120, 139, 39, 252, 181, 241, 224, 161, 88, 188, 188, 114,
       169, 237, 17, 175, 171, 63, 172, 25, 174, 191, 74, 18, 129, 211,
       237, 16, 26, 75, 250, 49, 219, 215, 93, 127, 194, 64, 135, 107,
       96, 152, 153, 190, 137, 205, 19, 130, 159, 75, 160, 56, 190, 247,
       96, 88, 133, 51, 233, 0, 19, 11, 218, 51, 201, 247, 16, 123, 144,
       8, 7, 59, 125, 71, 68, 71, 48, 26, 78, 184, 117, 168, 127, 228,
       83, 96, 157, 240, 22, 196, 36, 110, 237, 240, 109, 14, 42, 174,
       101, 132, 111, 179, 90, 5, 121, 188, 13, 111, 29, 111, 66, 232,
       86, 234, 162, 8, 114, 113, 25, 49, 249, 196, 120, 106, 43, 113,
       217, 63, 213, 239, 1, 52, 89, 105, 90, 26, 60, 104, 190, 114, 77,
       45, 113, 200, 195, 191, 164, 8, 30, 217, 77, 26, 137, 253, 99, 82,
       10, 103, 154, 160, 91, 217, 85, 63, 193, 121, 70, 162, 13, 181,
       145, 225, 178, 46, 44, 31, 58, 177, 107, 80, 159, 51, 72, 248,
       183, 31, 60, 24, 19, 216, 145, 66, 173, 238, 55, 68, 168, 192,
       131, 161, 240, 72, 207, 188, 78, 8, 109, 68, 249, 146, 178, 90,
       123, 98, 21, 91, 107, 229, 108, 234, 105, 103, 195, 194, 212, 170,
       254, 24, 37, 113, 114, 40, 109, 97, 19, 101, 113, 31, 111, 56,
       105, 232, 127, 72, 223, 82, 137, 244, 144, 204, 78, 106, 137, 176,
       249, 8, 167, 253, 37, 20, 66, 179, 66, 37, 37, 97, 113, 103, 116,
       31, 99, 24, 107, 232, 123, 72, 215, 16, 159, 52, 152, 204, 86,
       110, 141, 176, 125, 28, 39, 221, 37, 36, 64, 187, 66, 229, 74, 50,
       212, 161, 104, 88, 249, 19, 43, 253, 54, 252, 143, 6, 198, 159,
       134, 13, 236, 17, 151, 120, 227, 192, 142, 209, 122, 227, 206,
       132, 15, 253, 114, 32, 245, 229, 102, 106, 248, 0, 105, 176, 187,
       138, 143, 11, 85, 26, 170, 149, 125, 145, 8, 242, 197, 192, 151,
       248, 139, 131, 101, 162, 99, 0, 6, 52, 146, 129, 221, 111, 178,
       200, 190, 191, 179, 27, 204, 250, 75, 142, 249, 221, 234, 178, 48,
       243, 153, 194, 29, 22, 75, 127, 193, 111, 111, 134, 242, 75, 71,
       174, 12, 2, 71, 229, 229, 52, 178, 67, 99, 106, 53, 87, 232, 228,
       109, 227, 104, 231, 5, 237, 177, 162, 202, 19, 33, 58, 244, 14,
       76, 178, 157, 161, 169, 111, 61, 25, 171, 249, 179, 125, 223, 23,
       72, 26, 135, 21, 221, 48, 19, 65, 153, 64, 201, 209, 63, 246, 136,
       64, 131, 51, 101, 102, 237, 103, 44, 47, 79, 24, 123, 234, 55, 76,
       211, 33, 209, 59, 157, 196, 124, 110, 169, 240, 237, 8, 198, 223,
       229, 180, 200, 251, 82, 113, 244, 106, 143, 151, 78, 32, 165, 72,
       160, 182, 130, 250, 80, 162, 65, 75, 105, 244, 234, 227, 40, 215,
       207, 96, 213, 35, 255, 57, 161, 121, 63, 160, 137, 142, 141, 119,
       164, 14, 104, 55, 125, 250, 118, 84, 187, 35, 144, 121, 101, 110,
       62, 12, 177, 216, 209, 110, 207, 187, 246, 128, 138, 192, 81, 168,
       245, 167, 221, 230, 190, 99, 78, 251, 82, 226, 185, 250, 87, 97,
       241, 51, 123, 198, 76, 42, 121, 111, 141, 14, 248, 207, 229, 60,
       109, 250, 114, 136, 246, 88, 210, 140, 77, 70, 214, 72, 185, 142,
       242, 11, 78, 254, 39, 222, 232, 245, 239, 227, 76, 103, 146, 202,
       145, 50, 207, 27, 1, 125, 110, 71, 187, 186, 125, 251, 172, 221,
