%YAML:1.0
---
descriptors: !!opencv-matrix
   rows: 196
   cols: 32
   dt: u
   data: [ 245, 109, 237, 102, 204, 71, 71, 248, 67, 242, 173, 74, 83,
       113, 217, 51, 88, 196, 88, 106, 233, 99, 255, 40, 249, 201, 197,
       60, 117, 251, 210, 96, 130, 166, 29, 155, 252, 169, 168, 175, 30,
       51, 17, 249, 148, 162, 200, 137, 207, 27, 107, 21, 50, 72, 203,
       215, 12, 22, 127, 252, 148, 72, 129, 137, 247, 65, 70, 206, 15,
       18, 78, 237, 229, 164, 163, 2, 67, 104, 61, 247, 120, 228, 108,
       235, 108, 231, 13, 205, 176, 234, 199, 17, 101, 62, 248, 4, 205,
       50, 245, 113, 42, 61, 57, 18, 107, 253, 55, 252, 159, 31, 207,
       191, 135, 21, 236, 16, 151, 116, 245, 208, 206, 219, 115, 246,
       202, 193, 7, 117, 150, 140, 150, 147, 229, 118, 182, 231, 61, 31,
       218, 19, 236, 62, 111, 207, 237, 215, 174, 147, 62, 252, 25, 227,
       189, 50, 222, 67, 128, 125, 189, 79, 245, 77, 79, 167, 36, 18,
       110, 184, 68, 226, 214, 198, 211, 72, 153, 99, 126, 228, 60, 239,
       237, 181, 77, 44, 240, 235, 239, 148, 45, 187, 120, 17, 216, 249,
       187, 234, 27, 205, 19, 188, 174, 77, 136, 24, 191, 215, 96, 112,
       134, 113, 125, 80, 99, 15, 186, 51, 249, 197, 47, 120, 16, 2, 135,
       123, 29, 148, 147, 225, 147, 230, 43, 23, 60, 131, 75, 210, 221,
       247, 40, 228, 119, 63, 153, 184, 49, 156, 17, 206, 169, 230, 159,
       196, 174, 226, 161, 49, 22, 99, 235, 177, 214, 66, 173, 69, 50,
       197, 83, 179, 81, 239, 120, 72, 122, 29, 51, 149, 82, 218, 134,
       64, 124, 32, 191, 197, 165, 32, 181, 240, 17, 222, 26, 255, 16,
       135, 67, 178, 86, 12, 238, 68, 243, 115, 33, 112, 85, 58, 12, 90,
       170, 141, 121, 63, 225, 175, 32, 16, 48, 138, 32, 43, 244, 96,
       215, 116, 9, 74, 68, 68, 225, 242, 162, 24, 99, 18, 69, 31, 40,
       196, 104, 226, 105, 103, 147, 74, 145, 226, 69, 19, 233, 113, 98,
       14, 253, 114, 225, 67, 206, 39, 207, 216, 66, 242, 177, 206, 83,
       109, 217, 186, 95, 204, 84, 254, 137, 102, 255, 58, 122, 140, 229,
       188, 255, 251, 82, 240, 239, 160, 252, 213, 238, 59, 253, 191, 79,
       243, 20, 154, 223, 125, 222, 43, 15, 215, 251, 29, 178, 124, 255,
       209, 207, 91, 93, 117, 214, 236, 221, 120, 137, 138, 17, 249, 44,
       173, 97, 63, 94, 27, 112, 112, 182, 147, 160, 105, 197, 11, 38,
       12, 179, 60, 67, 23, 204, 155, 114, 232, 16, 136, 65, 169, 116,
       73, 14, 172, 12, 14, 70, 96, 165, 160, 162, 9, 83, 32, 33, 83,
       200, 228, 108, 98, 72, 163, 81, 140, 177, 242, 192, 23, 32, 43,
       116, 2, 65, 171, 93, 145, 228, 139, 237, 59, 235, 178, 50, 222,
       159, 10, 212, 90, 35, 173, 110, 141, 83, 124, 199, 213, 204, 186,
       251, 228, 109, 136, 209, 32, 18, 191, 191, 124, 251, 210, 61, 231,
       191, 159, 90, 161, 44, 254, 96, 209, 167, 255, 239, 128, 117, 219,
       162, 127, 191, 231, 127, 203, 32, 96, 167, 255, 27, 141, 2, 187,
       177, 178, 62, 167, 62, 65, 202, 183, 237, 234, 34, 192, 247, 47,
       191, 149, 63, 152, 1, 255, 168, 247, 158, 195, 156, 68, 169, 26,
       14, 177, 146, 241, 177, 242, 16, 207, 63, 137, 205, 240, 140, 247,
       232, 236, 215, 27, 157, 144, 59, 216, 24, 226, 170, 215, 159, 199,
       138, 68, 169, 183, 140, 10, 94, 146, 205, 209, 173, 96, 172, 150,
       166, 18, 173, 130, 35, 139, 106, 33, 234, 218, 116, 239, 54, 236,
       212, 131, 218, 73, 4, 169, 45, 192, 72, 31, 119, 46, 234, 10, 191,
       53, 232, 204, 91, 229, 237, 100, 129, 86, 6, 119, 236, 99, 193,
       168, 239, 172, 228, 231, 111, 130, 110, 246, 135, 249, 53, 141,
       115, 79, 182, 11, 239, 249, 116, 160, 251, 66, 115, 97, 188, 228,
       126, 254, 22, 234, 217, 176, 109, 61, 61, 236, 167, 132, 117, 170,
       228, 225, 37, 255, 185, 95, 248, 141, 207, 190, 94, 239, 124, 100,
       240, 229, 220, 164, 221, 126, 38, 92, 211, 56, 235, 51, 44, 158,
       183, 244, 216, 250, 198, 249, 8, 155, 151, 189, 160, 238, 61, 191,
       172, 159, 90, 97, 253, 119, 32, 75, 135, 119, 61, 17, 16, 216, 43,
       173, 237, 246, 127, 192, 128, 112, 133, 123, 243, 64, 70, 204, 15,
       2, 78, 168, 225, 150, 242, 2, 67, 74, 61, 87, 120, 196, 108, 227,
       108, 231, 205, 204, 176, 170, 199, 23, 37, 56, 112, 4, 10, 191,
       234, 75, 244, 183, 187, 255, 86, 225, 124, 166, 56, 253, 246, 32,
       127, 122, 147, 152, 147, 186, 188, 255, 110, 13, 183, 228, 223,
       202, 254, 250, 184, 164, 154, 119, 20, 107, 96, 43, 114, 11, 115,
       16, 247, 113, 8, 16, 25, 14, 100, 8, 58, 244, 193, 15, 193, 239,
       48, 1, 224, 72, 202, 170, 41, 153, 56, 251, 188, 141, 83, 181, 86,
       12, 236, 0, 183, 209, 34, 96, 208, 58, 12, 88, 154, 168, 122, 63,
       233, 237, 32, 88, 16, 139, 212, 43, 9, 163, 156, 153, 244, 153,
       233, 159, 94, 49, 92, 16, 189, 130, 250, 224, 115, 10, 34, 24, 19,
       24, 15, 17, 204, 197, 62, 101, 156, 136, 137, 136, 197, 72, 151,
       119, 44, 15, 100, 180, 252, 186, 34, 88, 214, 17, 65, 255, 129,
       100, 104, 74, 97, 245, 155, 32, 133, 186, 85, 20, 64, 57, 67, 40,
       33, 161, 169, 137, 253, 253, 224, 207, 79, 117, 45, 13, 134, 136,
       94, 164, 153, 10, 194, 16, 23, 56, 249, 147, 15, 85, 21, 127, 218,
       14, 220, 214, 1, 248, 155, 113, 242, 205, 179, 215, 122, 1, 104,
       20, 148, 147, 64, 48, 183, 27, 50, 16, 83, 30, 178, 115, 205, 140,
       54, 110, 200, 0, 163, 171, 94, 32, 238, 101, 71, 114, 105, 64,
       225, 166, 231, 18, 75, 187, 21, 251, 104, 197, 249, 184, 40, 215,
       181, 192, 219, 235, 207, 5, 163, 97, 110, 98, 134, 62, 51, 216,
       235, 225, 190, 199, 173, 7, 216, 179, 172, 190, 101, 203, 231, 59,
       203, 145, 118, 15, 130, 226, 179, 84, 30, 235, 144, 84, 165, 175,
       216, 248, 147, 235, 57, 197, 19, 190, 190, 13, 138, 49, 191, 215,
       96, 66, 165, 113, 125, 80, 106, 13, 155, 179, 233, 244, 47, 248,
       18, 0, 37, 123, 150, 205, 150, 151, 189, 244, 190, 231, 191, 159,
       218, 19, 236, 126, 111, 207, 237, 247, 191, 147, 62, 221, 155,
       227, 189, 54, 223, 199, 133, 125, 189, 70, 244, 96, 184, 99, 160,
       111, 115, 216, 34, 186, 179, 57, 215, 93, 89, 27, 187, 221, 77,
       115, 8, 118, 217, 0, 221, 201, 101, 244, 225, 115, 71, 131, 234,
       172, 188, 120, 171, 249, 16, 207, 155, 63, 164, 57, 174, 253, 102,
       27, 129, 115, 233, 16, 54, 111, 194, 179, 203, 211, 85, 123, 210,
       76, 143, 11, 40, 180, 56, 59, 185, 237, 145, 139, 30, 59, 49, 25,
       158, 92, 72, 9, 133, 27, 207, 17, 50, 108, 91, 23, 141, 215, 17,
       127, 208, 8, 135, 147, 204, 176, 188, 65, 172, 44, 249, 159, 106,
       187, 54, 84, 154, 57, 220, 107, 9, 86, 125, 28, 178, 108, 251, 64,
       79, 187, 119, 116, 202, 200, 217, 43, 88, 219, 151, 167, 169, 206,
       23, 188, 174, 157, 138, 33, 254, 247, 64, 74, 132, 119, 237, 80,
       81, 201, 139, 229, 233, 246, 127, 214, 130, 50, 165, 59, 20, 73,
       215, 103, 35, 75, 126, 160, 45, 160, 106, 128, 223, 39, 1, 246,
       54, 85, 226, 106, 65, 144, 61, 108, 175, 254, 71, 4, 230, 179, 7,
       160, 125, 253, 197, 70, 157, 111, 71, 190, 83, 234, 168, 72, 115,
       113, 17, 183, 25, 230, 92, 110, 249, 234, 253, 46, 187, 142, 229,
       52, 235, 250, 210, 40, 160, 240, 184, 251, 237, 205, 145, 143, 95,
       125, 180, 25, 166, 29, 78, 24, 137, 27, 195, 17, 86, 110, 122,
       179, 79, 223, 20, 127, 80, 24, 198, 218, 228, 176, 189, 113, 169,
       239, 144, 155, 238, 251, 177, 120, 214, 252, 76, 59, 129, 23, 236,
       16, 183, 109, 251, 18, 207, 219, 117, 119, 216, 72, 199, 51, 153,
       159, 111, 169, 180, 202, 111, 117, 116, 104, 254, 230, 115, 119,
       162, 97, 126, 190, 30, 234, 249, 185, 37, 63, 248, 233, 166, 192,
       111, 138, 244, 249, 212, 112, 153, 229, 40, 110, 87, 152, 166,
       186, 35, 72, 215, 215, 73, 91, 151, 85, 109, 122, 33, 68, 217, 0,
       193, 161, 103, 52, 160, 243, 7, 35, 124, 48, 177, 96, 73, 110, 83,
       88, 43, 254, 173, 29, 94, 255, 77, 62, 181, 221, 117, 58, 9, 119,
       248, 0, 219, 221, 65, 62, 202, 115, 70, 242, 180, 23, 27, 162,
