%YAML:1.0
---
descriptors: !!opencv-matrix
   rows: 222
   cols: 32
   dt: u
   data: [ 37, 156, 181, 219, 221, 205, 247, 174, 95, 59, 48, 24, 246,
       121, 44, 237, 137, 106, 2, 90, 115, 120, 123, 191, 45, 158, 85,
       126, 208, 121, 209, 171, 11, 162, 214, 31, 191, 187, 176, 206,
       255, 241, 95, 242, 236, 240, 230, 236, 51, 110, 234, 17, 183, 217,
       143, 255, 14, 54, 23, 247, 142, 205, 25, 133, 91, 38, 64, 204, 61,
       149, 10, 120, 133, 128, 153, 206, 125, 202, 177, 228, 126, 185,
       31, 174, 205, 3, 22, 221, 146, 220, 139, 184, 30, 167, 41, 52, 46,
       120, 167, 221, 77, 215, 243, 74, 223, 248, 214, 2, 82, 252, 53,
       102, 217, 124, 123, 67, 203, 251, 251, 189, 71, 122, 133, 55, 87,
       45, 84, 230, 129, 84, 29, 101, 5, 110, 115, 48, 109, 202, 103, 68,
       214, 19, 1, 121, 148, 20, 92, 46, 225, 180, 113, 14, 199, 251, 97,
       0, 72, 243, 67, 51, 78, 22, 158, 247, 161, 110, 117, 19, 185, 159,
       7, 49, 206, 119, 9, 91, 135, 87, 253, 0, 48, 213, 131, 226, 199,
       247, 116, 131, 130, 241, 132, 19, 177, 0, 237, 119, 22, 59, 225,
       24, 86, 226, 83, 210, 211, 44, 149, 233, 120, 220, 54, 171, 185,
       244, 109, 30, 140, 235, 245, 192, 101, 169, 84, 96, 33, 90, 231,
       95, 54, 107, 169, 28, 86, 237, 119, 246, 80, 4, 180, 108, 126,
       124, 54, 140, 129, 248, 109, 221, 4, 42, 243, 192, 87, 138, 244,
       237, 131, 13, 151, 157, 124, 183, 174, 78, 222, 243, 90, 86, 252,
       248, 180, 228, 223, 111, 122, 77, 149, 249, 127, 255, 46, 30, 223,
       170, 28, 221, 153, 140, 99, 138, 10, 188, 124, 132, 186, 106, 94,
       5, 88, 11, 229, 232, 62, 64, 216, 43, 51, 5, 6, 42, 194, 191, 180,
       247, 170, 235, 20, 8, 57, 140, 105, 189, 19, 72, 209, 173, 67,
       119, 119, 41, 108, 76, 58, 151, 0, 180, 156, 186, 2, 24, 19, 186,
       81, 95, 127, 156, 16, 106, 202, 130, 194, 185, 35, 172, 96, 26,
       223, 249, 240, 239, 91, 117, 61, 159, 40, 232, 118, 132, 139, 139,
       243, 21, 182, 106, 254, 247, 62, 94, 149, 123, 215, 12, 222, 206,
       52, 83, 67, 206, 86, 82, 230, 120, 69, 200, 243, 230, 115, 76,
       185, 228, 124, 252, 134, 226, 201, 179, 37, 140, 48, 164, 163,
       128, 109, 187, 116, 181, 88, 184, 155, 184, 155, 237, 17, 215,
       182, 117, 202, 24, 150, 183, 64, 88, 225, 191, 105, 16, 27, 27,
       209, 19, 217, 229, 18, 122, 184, 64, 167, 122, 29, 223, 105, 227,
       246, 22, 239, 182, 112, 225, 94, 230, 121, 61, 144, 224, 127, 206,
       17, 252, 249, 184, 61, 175, 110, 207, 166, 196, 175, 194, 240,
       248, 120, 173, 185, 231, 156, 110, 71, 175, 82, 173, 239, 26, 119,
       61, 72, 114, 217, 222, 108, 41, 56, 251, 249, 47, 251, 231, 37,
       112, 224, 106, 214, 34, 49, 83, 229, 79, 86, 27, 227, 125, 86,
       225, 255, 238, 83, 40, 148, 100, 126, 204, 54, 44, 169, 254, 125,
       158, 52, 174, 113, 192, 127, 171, 208, 188, 56, 161, 178, 250,
       219, 229, 81, 73, 171, 29, 173, 25, 46, 223, 104, 16, 177, 155,
       197, 144, 26, 43, 138, 241, 219, 213, 18, 123, 242, 2, 167, 163,
       193, 184, 157, 179, 168, 140, 56, 151, 174, 123, 3, 84, 189, 215,
       64, 107, 135, 55, 125, 29, 195, 77, 155, 113, 205, 243, 127, 80,
       8, 0, 1, 57, 197, 112, 157, 101, 36, 79, 99, 184, 106, 226, 38, 8,
       214, 81, 65, 59, 144, 68, 120, 106, 97, 116, 249, 10, 205, 171,
       101, 52, 72, 35, 67, 34, 133, 94, 103, 247, 52, 10, 239, 48, 125,
       234, 115, 228, 223, 124, 149, 103, 118, 100, 126, 235, 225, 244,
       53, 206, 164, 250, 235, 128, 14, 243, 81, 117, 248, 109, 120, 231,
       156, 7, 87, 189, 114, 164, 172, 10, 115, 49, 65, 49, 89, 254, 108,
       234, 104, 250, 249, 62, 251, 205, 165, 53, 33, 250, 214, 42, 226,
       170, 236, 87, 77, 157, 232, 138, 222, 183, 176, 27, 225, 104, 94,
       43, 201, 102, 123, 29, 182, 108, 223, 177, 79, 11, 221, 117, 85,
       8, 86, 130, 41, 155, 84, 207, 125, 209, 114, 184, 207, 248, 188,
       102, 248, 210, 231, 230, 124, 160, 190, 72, 199, 33, 107, 221, 30,
       89, 163, 191, 30, 174, 120, 31, 115, 46, 104, 174, 28, 149, 75,
       120, 197, 140, 157, 78, 97, 194, 183, 80, 252, 169, 28, 238, 142,
       3, 60, 223, 178, 221, 171, 184, 57, 163, 106, 101, 225, 75, 82,
       92, 68, 144, 102, 244, 209, 64, 118, 78, 96, 224, 181, 245, 88,
       236, 162, 74, 205, 186, 198, 239, 54, 43, 192, 9, 127, 184, 120,
       140, 161, 205, 127, 239, 116, 207, 111, 188, 125, 64, 119, 0, 243,
       119, 24, 113, 90, 238, 126, 110, 233, 188, 121, 127, 231, 191, 32,
       0, 112, 186, 194, 232, 36, 185, 122, 64, 215, 221, 242, 227, 79,
       37, 124, 11, 14, 157, 102, 16, 185, 57, 130, 80, 22, 58, 24, 244,
       95, 157, 1, 111, 211, 11, 206, 130, 177, 85, 231, 207, 86, 54,
       239, 127, 86, 225, 251, 246, 81, 44, 180, 229, 126, 236, 54, 239,
       233, 246, 125, 190, 52, 46, 231, 208, 111, 187, 208, 180, 6, 169,
       147, 155, 218, 129, 170, 192, 174, 17, 200, 194, 173, 227, 96, 64,
       106, 107, 91, 218, 82, 9, 206, 241, 156, 20, 143, 104, 156, 131,
       33, 136, 98, 181, 61, 196, 254, 103, 191, 111, 138, 255, 153, 47,
       84, 62, 76, 34, 205, 23, 83, 161, 145, 90, 248, 223, 61, 6, 255,
       246, 141, 106, 151, 243, 30, 19, 250, 78, 159, 117, 190, 73, 207,
       196, 189, 167, 73, 238, 239, 46, 126, 81, 187, 242, 148, 33, 63,
       216, 59, 93, 139, 31, 223, 239, 109, 87, 58, 176, 226, 152, 223,
       253, 144, 206, 155, 117, 148, 31, 40, 220, 126, 140, 169, 139,
       211, 21, 22, 111, 186, 241, 31, 84, 157, 127, 215, 12, 222, 222,
       153, 203, 19, 173, 52, 134, 201, 111, 22, 13, 208, 83, 167, 136,
       48, 65, 216, 41, 5, 69, 110, 170, 65, 159, 224, 228, 170, 72, 52,
       8, 177, 136, 116, 142, 133, 255, 137, 98, 69, 175, 23, 159, 232,
       151, 227, 103, 41, 75, 217, 230, 174, 144, 56, 206, 75, 191, 141,
       230, 215, 29, 176, 104, 244, 122, 168, 168, 180, 253, 77, 175,
       224, 11, 222, 183, 114, 31, 235, 249, 86, 11, 129, 100, 107, 21,
       54, 124, 219, 147, 77, 251, 93, 119, 221, 8, 89, 138, 70, 151,
       158, 180, 235, 108, 53, 151, 187, 159, 75, 61, 204, 247, 72, 91,
       167, 87, 237, 16, 50, 90, 131, 192, 221, 182, 127, 207, 136, 96,
       167, 83, 143, 159, 230, 151, 215, 178, 190, 247, 221, 246, 94,
       247, 72, 104, 191, 167, 63, 103, 146, 167, 244, 249, 44, 238, 46,
       22, 95, 199, 143, 255, 185, 221, 19, 179, 214, 29, 155, 187, 168,
       95, 127, 225, 218, 246, 76, 232, 182, 236, 55, 127, 234, 177, 183,
       249, 15, 223, 26, 54, 31, 214, 207, 132, 169, 141, 185, 22, 237,
       117, 20, 59, 225, 59, 118, 167, 82, 246, 211, 104, 153, 105, 121,
       222, 54, 9, 249, 244, 101, 15, 204, 175, 245, 128, 229, 248, 84,
       33, 118, 171, 238, 175, 120, 135, 90, 232, 39, 228, 202, 143, 105,
       239, 55, 80, 246, 229, 125, 229, 204, 155, 141, 253, 186, 126,
       141, 151, 44, 166, 34, 95, 9, 159, 55, 101, 52, 175, 225, 55, 124,
       73, 122, 68, 182, 53, 144, 113, 148, 62, 78, 56, 177, 184, 113,
       77, 237, 255, 48, 64, 192, 136, 199, 249, 20, 113, 89, 167, 114,
       79, 127, 248, 45, 44, 123, 105, 127, 95, 9, 16, 182, 153, 93, 226,
       72, 144, 25, 125, 245, 197, 35, 132, 32, 179, 39, 115, 223, 215,
       253, 115, 169, 126, 93, 189, 235, 127, 183, 253, 218, 126, 222,
       255, 167, 87, 253, 55, 255, 69, 127, 225, 235, 219, 117, 214, 142,
       245, 204, 119, 69, 86, 183, 229, 164, 46, 237, 48, 237, 234, 219,
       100, 223, 125, 157, 111, 182, 117, 125, 111, 161, 241, 177, 204,
       197, 250, 239, 128, 140, 243, 113, 113, 123, 152, 174, 153, 236,
       63, 236, 255, 86, 123, 214, 247, 211, 168, 246, 73, 205, 78, 127,
       29, 189, 250, 199, 176, 222, 127, 255, 192, 158, 204, 248, 221,
       33, 38, 181, 93, 236, 63, 228, 95, 95, 107, 114, 112, 210, 184,
       149, 173, 223, 78, 126, 29, 181, 254, 231, 146, 6, 126, 119, 128,
       222, 220, 248, 173, 213, 132, 221, 229, 164, 14, 71, 187, 112,
       170, 250, 72, 247, 113, 152, 115, 19, 214, 124, 42, 249, 248, 201,
