%YAML:1.0
---
descriptors: !!opencv-matrix
   rows: 236
   cols: 32
   dt: u
   data: [ 37, 237, 128, 142, 220, 35, 230, 232, 214, 162, 185, 10, 225,
       224, 105, 0, 121, 202, 74, 238, 104, 99, 78, 190, 188, 134, 207,
       60, 181, 251, 176, 128, 146, 227, 235, 161, 214, 2, 173, 239, 50,
       245, 82, 183, 17, 174, 218, 64, 127, 77, 53, 253, 242, 222, 165,
       66, 252, 39, 190, 196, 165, 144, 181, 216, 142, 140, 134, 185,
       145, 182, 184, 3, 62, 23, 74, 149, 172, 170, 118, 200, 197, 43,
       179, 149, 54, 216, 83, 242, 141, 119, 218, 67, 152, 69, 169, 150,
       25, 221, 82, 251, 147, 175, 54, 247, 62, 3, 74, 86, 124, 243, 32,
       224, 119, 127, 18, 16, 51, 153, 25, 255, 185, 174, 22, 66, 188,
       90, 161, 171, 53, 205, 99, 79, 246, 91, 239, 252, 85, 224, 251,
       194, 115, 101, 189, 228, 126, 206, 22, 238, 217, 178, 109, 175,
       62, 236, 167, 132, 119, 187, 240, 236, 72, 176, 189, 81, 172, 124,
       249, 159, 234, 251, 54, 20, 156, 61, 220, 107, 7, 86, 127, 28,
       147, 104, 251, 225, 79, 59, 118, 228, 198, 192, 197, 121, 116, 97,
       59, 250, 24, 207, 83, 96, 172, 4, 225, 9, 119, 223, 33, 81, 152,
       185, 95, 98, 72, 3, 90, 29, 209, 136, 1, 56, 80, 43, 102, 98, 221,
       203, 110, 179, 182, 2, 111, 180, 52, 52, 151, 247, 247, 11, 154,
       67, 102, 198, 125, 255, 232, 221, 77, 44, 248, 227, 238, 192, 44,
       147, 177, 89, 63, 42, 232, 78, 237, 61, 218, 216, 67, 202, 245,
       143, 107, 204, 223, 172, 223, 200, 215, 95, 142, 99, 222, 177, 82,
       95, 85, 191, 255, 255, 122, 215, 41, 171, 155, 97, 116, 143, 115,
       86, 107, 169, 124, 76, 191, 179, 0, 48, 148, 46, 70, 92, 147, 184,
       224, 40, 207, 221, 52, 96, 202, 130, 66, 169, 126, 116, 96, 108,
       25, 95, 83, 120, 97, 108, 189, 9, 75, 29, 7, 180, 216, 148, 197,
       98, 236, 35, 240, 140, 243, 253, 1, 59, 99, 166, 78, 119, 2, 130,
       134, 159, 75, 208, 56, 109, 191, 21, 66, 163, 236, 231, 40, 207,
       226, 59, 171, 128, 18, 216, 35, 245, 141, 50, 218, 203, 148, 4,
       173, 235, 1, 227, 25, 169, 252, 141, 173, 191, 14, 57, 88, 96,
       181, 19, 200, 96, 214, 27, 18, 73, 83, 24, 75, 21, 44, 128, 62,
       236, 28, 138, 129, 169, 125, 118, 193, 98, 238, 51, 78, 216, 2,
       242, 153, 238, 83, 101, 217, 187, 95, 196, 252, 254, 201, 103,
       239, 48, 250, 203, 229, 188, 255, 255, 114, 17, 2, 162, 21, 155,
       252, 137, 184, 239, 158, 29, 16, 249, 172, 174, 232, 65, 207, 27,
       235, 17, 50, 76, 66, 213, 12, 22, 254, 251, 148, 8, 133, 139, 3,
       191, 2, 155, 247, 189, 186, 231, 31, 65, 88, 231, 172, 232, 54,
       132, 223, 43, 147, 5, 151, 184, 94, 255, 44, 22, 30, 234, 221, 78,
       155, 221, 253, 101, 237, 38, 140, 7, 79, 248, 67, 242, 157, 206,
       83, 97, 217, 55, 93, 196, 125, 238, 233, 99, 255, 42, 120, 203,
       229, 188, 127, 251, 242, 112, 245, 255, 202, 110, 206, 39, 78,
       252, 195, 218, 185, 238, 83, 232, 249, 19, 29, 194, 93, 106, 249,
       99, 142, 58, 122, 205, 229, 188, 125, 243, 250, 17, 0, 160, 29,
       187, 205, 205, 176, 207, 222, 49, 64, 16, 166, 144, 104, 100, 193,
       27, 34, 16, 22, 120, 90, 151, 141, 150, 22, 111, 144, 8, 133, 138,
       56, 173, 18, 41, 148, 167, 226, 239, 116, 1, 232, 67, 115, 249,
       32, 64, 248, 238, 2, 177, 30, 187, 17, 63, 249, 229, 166, 64, 233,
       66, 242, 138, 32, 156, 56, 254, 28, 197, 19, 182, 150, 12, 76, 0,
       182, 241, 35, 96, 217, 58, 3, 8, 106, 170, 122, 63, 225, 167, 50,
       24, 24, 8, 116, 187, 134, 127, 51, 136, 235, 241, 182, 71, 172, 7,
       152, 179, 140, 158, 96, 206, 166, 59, 203, 195, 86, 7, 162, 242,
       183, 16, 10, 171, 22, 85, 167, 247, 1, 173, 151, 249, 244, 163,
       236, 199, 246, 17, 90, 16, 181, 226, 176, 96, 75, 42, 34, 156, 18,
       152, 70, 241, 172, 190, 190, 64, 148, 208, 225, 168, 95, 114, 209,
       225, 35, 31, 124, 152, 111, 242, 50, 236, 143, 30, 199, 190, 183,
       221, 252, 6, 133, 116, 253, 192, 150, 216, 87, 182, 110, 245, 11,
       85, 70, 32, 241, 67, 248, 107, 169, 8, 106, 183, 33, 88, 214, 126,
       77, 26, 187, 93, 120, 49, 18, 112, 233, 64, 141, 156, 21, 116,
       192, 99, 7, 224, 184, 48, 59, 112, 1, 237, 113, 81, 241, 130, 165,
       24, 23, 211, 0, 51, 160, 176, 72, 8, 56, 231, 176, 10, 211, 153,
       0, 24, 64, 129, 102, 34, 245, 237, 234, 78, 158, 37, 79, 252, 211,
       154, 189, 74, 115, 241, 253, 55, 25, 194, 85, 239, 248, 99, 174,
       58, 248, 142, 101, 188, 181, 243, 242, 33, 63, 107, 232, 46, 109,
       57, 222, 216, 67, 224, 253, 143, 107, 232, 95, 8, 251, 201, 247,
       199, 142, 35, 222, 177, 82, 77, 165, 189, 253, 255, 90, 154, 242,
       29, 190, 220, 13, 213, 85, 98, 199, 140, 236, 8, 34, 249, 37, 71,
       200, 242, 235, 64, 106, 43, 178, 253, 243, 186, 192, 27, 82, 57,
       124, 46, 2, 162, 149, 187, 236, 169, 184, 143, 14, 53, 49, 253,
       140, 6, 76, 10, 143, 27, 235, 21, 18, 76, 203, 209, 12, 18, 63,
       252, 148, 8, 131, 145, 243, 65, 70, 204, 15, 18, 78, 40, 229, 130,
       179, 66, 67, 72, 53, 247, 104, 228, 108, 227, 236, 231, 69, 204,
       178, 234, 195, 18, 37, 190, 120, 4, 24, 157, 83, 239, 178, 210,
       46, 231, 53, 0, 202, 226, 125, 247, 160, 228, 118, 255, 158, 226,
       113, 153, 13, 255, 184, 230, 47, 192, 63, 146, 169, 57, 246, 96,
       174, 68, 141, 86, 245, 64, 234, 166, 167, 10, 72, 248, 117, 106,
       248, 245, 121, 243, 8, 231, 178, 200, 217, 57, 207, 31, 193, 123,
       127, 38, 159, 207, 71, 175, 182, 2, 111, 252, 36, 36, 219, 231,
       121, 99, 184, 69, 126, 230, 63, 238, 232, 153, 45, 237, 240, 168,
       175, 128, 39, 179, 240, 121, 143, 106, 180, 155, 172, 176, 104,
       136, 159, 95, 87, 247, 205, 202, 255, 207, 247, 73, 63, 222, 166,
       68, 171, 208, 12, 122, 255, 204, 150, 183, 185, 197, 183, 237,
       198, 142, 221, 39, 206, 236, 31, 162, 249, 26, 67, 104, 61, 5,
       121, 238, 119, 239, 120, 243, 73, 255, 61, 62, 207, 148, 215, 123,
       240, 132, 118, 176, 248, 114, 171, 189, 85, 215, 163, 191, 189,
       25, 14, 159, 78, 30, 133, 147, 221, 24, 26, 75, 218, 240, 219,
       217, 85, 255, 226, 198, 142, 115, 245, 77, 78, 175, 36, 10, 78,
       188, 68, 226, 215, 198, 115, 73, 155, 97, 126, 228, 60, 239, 237,
       180, 93, 45, 240, 171, 231, 132, 45, 187, 120, 16, 26, 243, 19,
       241, 179, 135, 184, 247, 62, 57, 82, 210, 157, 135, 64, 164, 55,
       31, 151, 221, 83, 216, 1, 198, 237, 199, 191, 196, 174, 132, 161,
       185, 129, 158, 25, 251, 176, 143, 67, 158, 86, 13, 78, 80, 183,
       147, 160, 96, 85, 58, 12, 24, 187, 156, 99, 63, 233, 175, 48, 192,
       144, 136, 128, 41, 32, 143, 56, 249, 60, 141, 65, 191, 94, 61, 84,
       24, 183, 17, 128, 96, 85, 26, 6, 8, 34, 56, 99, 55, 237, 159, 48,
       112, 16, 136, 133, 233, 224, 72, 51, 81, 96, 204, 97, 23, 125, 2,
       102, 24, 182, 147, 65, 124, 64, 52, 108, 8, 64, 28, 242, 2, 197,
       184, 80, 8, 66, 144, 70, 42, 2, 166, 132, 155, 219, 123, 41, 207,
       54, 55, 67, 178, 205, 102, 202, 204, 115, 31, 170, 144, 50, 88,
       79, 87, 12, 6, 127, 229, 176, 0, 133, 160, 194, 39, 50, 218, 203,
       224, 188, 71, 172, 14, 216, 179, 172, 207, 109, 206, 239, 59, 203,
       145, 114, 15, 130, 243, 181, 52, 154, 171, 18, 84, 173, 235, 189,
       64, 101, 103, 44, 90, 207, 184, 68, 226, 243, 194, 83, 104, 157,
       231, 122, 196, 124, 234, 233, 181, 109, 40, 176, 235, 229, 148,
       101, 251, 112, 32, 117, 2, 253, 71, 172, 46, 203, 24, 68, 190,
       191, 34, 211, 97, 157, 110, 90, 196, 124, 186, 137, 240, 237, 0,
       197, 170, 227, 148, 231, 251, 80, 33, 1, 162, 149, 185, 236, 173,
       224, 159, 94, 89, 80, 84, 182, 130, 248, 72, 195, 10, 38, 28, 23,
       124, 67, 145, 140, 152, 50, 104, 152, 136, 193, 137, 121, 73, 87,
       172, 29, 6, 70, 104, 229, 128, 226, 2, 75, 82, 33, 247, 248, 228,
       108, 226, 77, 163, 65, 140, 179, 242, 194, 22, 49, 186, 120, 4,
       194, 144, 148, 202, 27, 208, 176, 73, 175, 21, 137, 177, 236, 214,
