%YAML:1.0
---
descriptors: !!opencv-matrix
   rows: 205
   cols: 32
   dt: u
   data: [ 167, 222, 198, 217, 222, 19, 238, 254, 95, 114, 244, 246, 73,
       232, 182, 229, 127, 204, 150, 255, 245, 255, 12, 254, 62, 78, 207,
       230, 255, 253, 248, 149, 135, 175, 133, 151, 223, 177, 174, 238,
       30, 211, 72, 211, 236, 232, 85, 143, 201, 107, 179, 87, 119, 120,
       206, 247, 44, 22, 223, 235, 151, 124, 153, 140, 26, 188, 154, 187,
       187, 165, 59, 214, 190, 95, 104, 37, 188, 247, 98, 80, 231, 123,
       31, 148, 22, 153, 26, 115, 255, 231, 63, 226, 144, 82, 161, 219,
       88, 187, 26, 58, 186, 173, 16, 231, 170, 29, 168, 61, 190, 243,
       64, 82, 167, 179, 237, 16, 26, 75, 154, 51, 249, 229, 52, 123,
       232, 64, 167, 27, 223, 244, 133, 23, 41, 126, 79, 184, 51, 250,
       135, 20, 219, 103, 155, 255, 21, 198, 252, 46, 237, 196, 253, 191,
       131, 251, 213, 148, 170, 247, 26, 117, 90, 178, 142, 176, 139,
       180, 88, 7, 171, 243, 130, 157, 143, 174, 66, 218, 167, 167, 237,
       149, 30, 79, 146, 208, 218, 243, 95, 255, 168, 68, 171, 26, 79,
       23, 236, 189, 170, 51, 188, 79, 63, 255, 223, 183, 205, 110, 159,
       203, 239, 231, 255, 149, 180, 75, 79, 216, 158, 119, 255, 191,
       159, 244, 169, 215, 159, 174, 228, 159, 255, 50, 188, 235, 95,
       242, 213, 247, 73, 106, 151, 239, 127, 207, 191, 167, 165, 85,
       205, 223, 54, 123, 255, 167, 159, 253, 121, 149, 105, 29, 249,
       101, 244, 110, 79, 51, 113, 234, 254, 72, 243, 55, 146, 112, 93,
       254, 116, 40, 217, 186, 241, 14, 255, 239, 37, 0, 226, 234, 198,
       121, 242, 157, 125, 236, 54, 246, 89, 59, 31, 100, 222, 146, 127,
       31, 54, 112, 254, 191, 189, 129, 143, 158, 113, 223, 211, 255,
       139, 146, 55, 138, 84, 123, 126, 221, 66, 7, 147, 90, 86, 229, 53,
       230, 238, 135, 107, 229, 31, 212, 121, 238, 205, 230, 108, 145,
       93, 174, 251, 231, 133, 19, 111, 254, 254, 90, 254, 253, 182, 174,
       219, 119, 30, 237, 147, 238, 140, 47, 108, 254, 7, 150, 253, 247,
       253, 227, 108, 67, 186, 239, 187, 119, 141, 191, 51, 127, 190, 95,
       98, 183, 248, 101, 242, 10, 61, 63, 49, 172, 127, 236, 111, 39,
       128, 22, 54, 95, 229, 32, 240, 216, 229, 79, 110, 247, 37, 130,
       103, 226, 134, 249, 100, 229, 104, 5, 221, 91, 198, 172, 67, 228,
       172, 9, 195, 104, 23, 18, 88, 196, 98, 110, 76, 178, 237, 28, 111,
       29, 133, 53, 97, 254, 94, 68, 174, 236, 102, 219, 237, 211, 126,
       236, 191, 182, 245, 153, 105, 223, 127, 245, 223, 249, 247, 254,
       110, 215, 122, 255, 255, 219, 199, 239, 22, 189, 126, 222, 38,
       183, 233, 26, 235, 125, 149, 207, 155, 255, 61, 191, 72, 236, 94,
       10, 159, 91, 211, 21, 150, 99, 254, 242, 63, 95, 93, 255, 213,
       126, 223, 215, 24, 155, 63, 239, 182, 206, 119, 177, 236, 12, 254,
       96, 255, 245, 32, 240, 246, 55, 238, 120, 211, 185, 41, 29, 233,
       237, 39, 64, 112, 138, 229, 43, 104, 160, 185, 112, 201, 237, 81,
       143, 243, 63, 165, 24, 22, 151, 72, 58, 137, 154, 96, 24, 26, 111,
       250, 17, 219, 209, 21, 125, 192, 64, 198, 98, 35, 203, 66, 137,
       86, 147, 168, 127, 23, 65, 80, 199, 40, 10, 182, 193, 126, 171,
       147, 205, 230, 154, 69, 221, 52, 6, 154, 192, 29, 140, 185, 220,
       179, 28, 123, 77, 242, 246, 127, 31, 53, 206, 255, 182, 25, 63,
       150, 113, 255, 191, 53, 168, 189, 158, 241, 222, 103, 239, 178,
       128, 47, 192, 228, 121, 78, 20, 149, 208, 139, 248, 49, 3, 175,
       23, 171, 56, 140, 183, 72, 223, 163, 23, 235, 16, 18, 73, 162,
       192, 157, 210, 94, 95, 130, 68, 167, 98, 56, 113, 123, 110, 85,
       212, 219, 112, 65, 196, 245, 10, 59, 221, 16, 48, 120, 248, 85,
       234, 201, 163, 176, 175, 243, 205, 160, 25, 103, 139, 118, 250,
       214, 120, 31, 254, 11, 225, 149, 200, 190, 50, 160, 42, 252, 215,
       97, 89, 238, 243, 251, 194, 11, 67, 218, 113, 209, 179, 219, 59,
       144, 91, 39, 186, 20, 74, 210, 167, 38, 42, 162, 64, 236, 130,
       251, 103, 239, 234, 33, 202, 242, 109, 46, 71, 1, 177, 1, 232,
       144, 166, 43, 2, 172, 123, 41, 1, 162, 232, 26, 155, 93, 213, 178,
       206, 31, 5, 68, 19, 164, 220, 54, 64, 217, 107, 131, 69, 38, 62,
       90, 255, 23, 23, 154, 107, 81, 9, 57, 142, 129, 72, 15, 159, 96,
       130, 171, 120, 60, 2, 80, 198, 244, 194, 161, 237, 126, 40, 26,
       238, 97, 150, 126, 127, 132, 34, 234, 136, 28, 187, 41, 184, 246,
       166, 105, 170, 61, 75, 91, 232, 155, 124, 185, 153, 206, 237, 94,
       17, 217, 209, 223, 119, 126, 99, 234, 149, 219, 209, 141, 255,
       212, 47, 86, 82, 40, 29, 187, 103, 240, 207, 119, 51, 100, 137,
       127, 64, 63, 55, 33, 16, 140, 58, 23, 24, 145, 184, 80, 46, 111,
       207, 32, 64, 234, 170, 194, 187, 234, 177, 252, 108, 77, 253, 113,
       79, 235, 117, 164, 24, 42, 159, 70, 122, 225, 151, 251, 16, 54,
       111, 242, 211, 87, 249, 16, 127, 83, 12, 206, 78, 74, 177, 166,
       179, 253, 94, 252, 191, 191, 253, 159, 53, 204, 255, 94, 126, 247,
       71, 255, 149, 150, 217, 251, 194, 111, 127, 223, 199, 134, 68,
       247, 215, 204, 232, 252, 240, 109, 205, 249, 207, 187, 23, 180,
       25, 188, 223, 92, 27, 239, 219, 127, 153, 34, 111, 218, 241, 221,
       27, 87, 127, 196, 0, 39, 251, 165, 181, 185, 251, 189, 191, 223,
       221, 95, 111, 157, 26, 223, 255, 125, 32, 221, 131, 31, 94, 187,
       35, 123, 242, 251, 223, 135, 126, 144, 219, 209, 243, 9, 72, 111,
       31, 9, 214, 47, 252, 100, 78, 206, 134, 241, 70, 179, 228, 124,
       104, 186, 238, 197, 132, 127, 253, 198, 111, 250, 129, 58, 183,
       41, 252, 30, 153, 23, 171, 187, 199, 59, 121, 167, 77, 219, 37,
       253, 247, 32, 84, 246, 59, 127, 212, 26, 137, 27, 253, 249, 245,
       171, 194, 50, 6, 37, 115, 83, 184, 145, 186, 155, 205, 24, 198,
       175, 81, 128, 205, 174, 166, 66, 222, 167, 227, 236, 149, 31, 75,
       146, 241, 152, 240, 30, 122, 136, 4, 139, 94, 18, 135, 98, 136,
       94, 193, 184, 111, 141, 4, 216, 163, 44, 206, 38, 192, 126, 187,
       139, 161, 86, 11, 6, 221, 48, 36, 138, 203, 21, 14, 189, 207, 206,
       253, 188, 254, 185, 244, 158, 239, 187, 222, 188, 57, 236, 254,
       111, 151, 151, 115, 253, 195, 230, 75, 154, 251, 251, 223, 95,
       191, 146, 118, 143, 95, 152, 211, 31, 238, 50, 223, 83, 113, 228,
       8, 247, 98, 255, 215, 40, 241, 118, 181, 236, 104, 201, 169, 49,
       157, 251, 233, 35, 64, 50, 130, 37, 51, 162, 247, 93, 39, 114, 10,
       60, 53, 57, 232, 123, 253, 245, 47, 140, 19, 22, 119, 85, 37, 225,
       216, 197, 79, 102, 152, 60, 128, 76, 130, 131, 217, 4, 182, 121,
       75, 178, 186, 59, 186, 124, 13, 127, 244, 205, 103, 140, 116, 55,
       30, 198, 48, 178, 144, 109, 119, 78, 183, 48, 199, 230, 195, 135,
       245, 158, 188, 58, 251, 165, 253, 255, 198, 23, 87, 117, 19, 191,
       253, 95, 41, 233, 251, 215, 19, 62, 252, 123, 247, 195, 223, 26,
       75, 243, 93, 245, 250, 111, 216, 172, 87, 169, 126, 95, 184, 119,
       255, 135, 28, 203, 118, 223, 255, 133, 68, 252, 110, 237, 69, 255,
       177, 203, 251, 213, 150, 138, 247, 94, 116, 129, 42, 243, 89, 100,
       184, 232, 82, 127, 19, 115, 242, 136, 136, 212, 237, 111, 40, 110,
       156, 131, 252, 231, 192, 4, 56, 210, 66, 207, 141, 65, 164, 34,
       187, 96, 90, 125, 213, 146, 236, 223, 125, 181, 239, 40, 220, 254,
       180, 221, 186, 215, 21, 159, 107, 126, 245, 31, 86, 145, 255, 95,
       14, 254, 215, 94, 243, 255, 174, 234, 64, 127, 252, 171, 13, 217,
       163, 237, 239, 25, 82, 246, 247, 253, 199, 82, 11, 138, 241, 246,
       245, 175, 143, 37, 246, 167, 219, 95, 87, 110, 4, 227, 22, 254,
       117, 233, 236, 158, 231, 72, 110, 191, 215, 62, 229, 255, 239,
       229, 131, 180, 204, 50, 121, 207, 135, 47, 246, 250, 93, 93, 90,
       210, 172, 54, 34, 43, 80, 44, 128, 250, 230, 205, 194, 163, 200,
       118, 237, 174, 231, 5, 179, 133, 232, 144, 164, 42, 0, 173, 243,
       41, 5, 106, 48, 185, 248, 109, 253, 153, 82, 143, 125, 180, 57,
       188, 159, 119, 42, 206, 185, 255, 145, 130, 107, 242, 208, 87, 89,
