%YAML:1.0
---
descriptors: !!opencv-matrix
   rows: 346
   cols: 32
   dt: u
   data: [ 43, 160, 231, 92, 93, 119, 193, 200, 87, 245, 229, 26, 74,
       248, 62, 173, 217, 236, 226, 40, 57, 243, 255, 221, 27, 62, 213,
       95, 211, 44, 126, 228, 168, 89, 123, 101, 116, 206, 125, 55, 121,
       136, 118, 8, 179, 55, 145, 48, 134, 60, 85, 72, 201, 184, 113, 14,
       231, 185, 36, 0, 64, 176, 66, 233, 173, 165, 174, 120, 217, 231,
       249, 235, 54, 161, 238, 17, 80, 255, 62, 48, 249, 238, 115, 188,
       58, 251, 154, 95, 123, 255, 135, 101, 195, 32, 234, 130, 7, 159,
       19, 139, 244, 151, 171, 255, 30, 73, 89, 230, 236, 98, 188, 228,
       255, 43, 6, 28, 179, 184, 45, 255, 44, 30, 62, 194, 158, 142, 161,
       189, 0, 140, 59, 219, 80, 224, 107, 103, 54, 79, 110, 16, 177,
       247, 32, 112, 113, 58, 27, 136, 115, 156, 34, 127, 101, 166, 178,
       65, 48, 128, 165, 250, 41, 26, 224, 85, 112, 186, 105, 19, 55,
       105, 118, 246, 153, 35, 150, 220, 126, 174, 55, 156, 153, 188,
       101, 206, 70, 175, 176, 192, 239, 140, 80, 249, 39, 140, 207, 22,
       245, 214, 238, 232, 179, 219, 242, 71, 112, 236, 255, 239, 217,
       238, 55, 159, 255, 219, 158, 239, 42, 62, 255, 204, 205, 116, 122,
       212, 34, 205, 64, 143, 124, 137, 130, 232, 14, 0, 249, 75, 166,
       72, 33, 0, 200, 138, 2, 99, 78, 42, 74, 189, 36, 20, 138, 58, 85,
       26, 82, 142, 162, 236, 21, 153, 245, 143, 180, 231, 158, 51, 80,
       27, 164, 136, 36, 1, 235, 58, 3, 3, 118, 252, 90, 189, 37, 18, 95,
       98, 84, 8, 213, 142, 137, 234, 191, 249, 36, 188, 104, 23, 254,
       89, 114, 84, 191, 138, 176, 233, 198, 59, 30, 141, 131, 188, 38,
       209, 196, 249, 250, 192, 28, 128, 225, 185, 51, 228, 67, 176, 23,
       166, 234, 103, 212, 139, 218, 82, 81, 203, 48, 192, 121, 172, 19,
       157, 40, 183, 20, 206, 185, 46, 190, 192, 165, 8, 112, 136, 217,
       188, 158, 242, 169, 189, 20, 230, 186, 63, 167, 25, 190, 186, 74,
       219, 135, 87, 252, 18, 118, 79, 186, 117, 219, 219, 126, 123, 130,
       85, 139, 11, 150, 94, 6, 178, 144, 167, 175, 215, 180, 6, 74, 151,
       77, 163, 51, 77, 125, 231, 139, 175, 240, 149, 28, 254, 240, 38,
       222, 132, 157, 245, 161, 80, 64, 159, 155, 89, 251, 232, 49, 135,
       58, 31, 106, 48, 140, 183, 68, 216, 167, 63, 232, 16, 50, 88, 162,
       119, 15, 182, 18, 107, 128, 64, 167, 99, 35, 174, 228, 31, 244,
       187, 234, 202, 127, 229, 121, 253, 98, 232, 158, 128, 63, 239, 82,
       61, 182, 250, 77, 127, 12, 30, 21, 100, 205, 141, 218, 212, 189,
       183, 93, 45, 186, 63, 94, 251, 7, 234, 184, 239, 95, 111, 203,
       146, 55, 199, 206, 46, 253, 1, 93, 30, 254, 207, 37, 188, 127,
       254, 10, 25, 0, 189, 57, 121, 211, 249, 53, 231, 126, 25, 104, 48,
       190, 182, 4, 112, 163, 59, 194, 16, 115, 186, 42, 119, 45, 183,
       22, 107, 208, 64, 167, 175, 146, 2, 222, 217, 210, 171, 184, 78,
       62, 35, 82, 210, 45, 174, 177, 72, 55, 191, 179, 149, 34, 212, 5,
       250, 20, 38, 90, 128, 181, 209, 33, 185, 60, 141, 255, 244, 215,
       214, 246, 231, 82, 194, 250, 2, 127, 252, 49, 226, 249, 255, 179,
       161, 124, 251, 56, 175, 251, 239, 231, 69, 229, 120, 244, 42, 13,
       90, 107, 155, 114, 217, 187, 240, 254, 76, 93, 166, 61, 214, 163,
       228, 126, 57, 150, 198, 199, 144, 46, 245, 54, 69, 170, 131, 55,
       159, 45, 245, 197, 206, 239, 215, 44, 42, 239, 184, 236, 250, 155,
       252, 211, 108, 157, 107, 143, 100, 125, 110, 233, 229, 239, 32,
       194, 187, 239, 148, 12, 251, 81, 113, 1, 141, 27, 255, 21, 204,
       231, 231, 124, 65, 122, 2, 254, 249, 48, 96, 248, 106, 18, 9, 71,
       184, 19, 255, 229, 255, 22, 2, 88, 72, 121, 138, 67, 160, 232, 27,
       224, 216, 184, 65, 123, 117, 99, 145, 8, 158, 78, 252, 243, 143,
       227, 148, 150, 210, 199, 80, 30, 121, 146, 103, 193, 0, 239, 222,
       69, 252, 188, 246, 137, 101, 95, 190, 146, 246, 142, 9, 247, 247,
       67, 115, 133, 215, 121, 216, 41, 75, 251, 51, 251, 191, 85, 60,
       136, 121, 0, 122, 95, 158, 190, 182, 189, 46, 23, 186, 250, 223,
       158, 117, 204, 250, 251, 66, 181, 103, 253, 55, 244, 65, 154, 255,
       248, 55, 111, 222, 136, 119, 153, 87, 220, 255, 184, 54, 56, 217,
       86, 168, 242, 182, 142, 45, 231, 232, 75, 18, 179, 231, 236, 99,
       110, 101, 174, 63, 250, 199, 101, 57, 104, 51, 15, 91, 233, 204,
       12, 127, 13, 221, 101, 55, 245, 30, 230, 24, 227, 115, 138, 255,
       201, 162, 110, 10, 109, 111, 227, 61, 247, 251, 112, 17, 82, 88,
       234, 40, 181, 91, 109, 232, 60, 7, 67, 248, 86, 232, 176, 238, 19,
       17, 177, 33, 92, 144, 94, 124, 249, 47, 101, 30, 248, 137, 165,
       252, 125, 168, 80, 49, 128, 32, 186, 211, 117, 221, 241, 69, 95,
       15, 119, 16, 190, 200, 126, 40, 145, 42, 2, 24, 34, 188, 58, 255,
       79, 158, 20, 99, 208, 10, 213, 239, 140, 221, 174, 247, 197, 118,
       245, 191, 82, 31, 95, 19, 104, 61, 87, 203, 233, 94, 179, 210,
       178, 248, 59, 225, 111, 107, 246, 69, 131, 253, 252, 250, 151,
       204, 55, 183, 141, 90, 94, 172, 253, 210, 130, 18, 207, 126, 105,
       255, 241, 213, 253, 227, 108, 197, 123, 170, 169, 243, 207, 23,
       34, 125, 49, 102, 137, 151, 20, 217, 177, 191, 56, 59, 31, 93,
       127, 118, 204, 118, 170, 229, 199, 27, 142, 16, 183, 152, 121,
       223, 207, 247, 50, 198, 154, 141, 137, 85, 237, 236, 185, 101, 56,
       47, 79, 152, 18, 186, 53, 72, 215, 119, 81, 51, 157, 92, 117, 110,
       107, 116, 249, 27, 237, 157, 37, 60, 80, 251, 66, 32, 78, 123,
       197, 182, 138, 38, 15, 152, 18, 180, 141, 231, 205, 103, 235, 203,
       87, 223, 191, 246, 9, 67, 219, 240, 188, 131, 239, 252, 190, 243,
       177, 112, 149, 18, 62, 187, 52, 222, 49, 112, 172, 92, 247, 183,
       215, 6, 163, 75, 230, 36, 76, 246, 189, 165, 113, 46, 194, 227,
       234, 145, 40, 41, 45, 113, 206, 167, 212, 31, 59, 144, 174, 169,
       190, 152, 159, 228, 236, 226, 206, 198, 151, 102, 236, 110, 102,
       65, 139, 255, 170, 247, 47, 187, 26, 166, 9, 5, 69, 184, 189, 113,
       153, 237, 177, 142, 170, 255, 142, 13, 182, 254, 74, 122, 133, 71,
       121, 20, 147, 73, 243, 48, 201, 223, 31, 124, 136, 65, 147, 122,
       26, 223, 118, 220, 114, 211, 190, 247, 173, 12, 94, 227, 45, 190,
       166, 228, 38, 179, 159, 193, 198, 153, 36, 255, 50, 102, 42, 195,
       55, 148, 173, 223, 78, 187, 164, 191, 46, 201, 177, 184, 190, 188,
       84, 239, 236, 255, 203, 6, 183, 121, 255, 81, 2, 64, 138, 241,
       204, 114, 111, 175, 54, 38, 23, 211, 1, 181, 63, 117, 32, 207,
       117, 119, 173, 77, 110, 12, 190, 183, 0, 48, 164, 59, 92, 12, 209,
       152, 48, 13, 231, 255, 112, 2, 72, 64, 135, 123, 43, 135, 66, 222,
       181, 20, 206, 127, 85, 138, 218, 70, 104, 226, 188, 228, 92, 234,
       150, 174, 205, 139, 71, 175, 32, 126, 206, 154, 30, 254, 248, 141,
       70, 124, 147, 158, 205, 237, 182, 207, 222, 147, 136, 26, 236,
       250, 101, 77, 243, 123, 251, 50, 52, 111, 26, 242, 181, 22, 95,
       59, 144, 121, 165, 142, 141, 158, 251, 253, 222, 100, 239, 255,
       124, 79, 252, 82, 221, 103, 169, 112, 123, 235, 95, 186, 185, 155,
       109, 238, 253, 231, 175, 196, 181, 243, 167, 241, 135, 88, 19,
       156, 126, 213, 170, 72, 159, 200, 112, 231, 228, 206, 37, 193,
       222, 105, 2, 102, 69, 167, 94, 248, 52, 16, 15, 170, 28, 59, 41,
       213, 147, 221, 98, 134, 84, 150, 238, 244, 181, 192, 202, 199,
       121, 238, 183, 100, 124, 237, 19, 239, 237, 159, 28, 239, 48, 44,
       142, 128, 45, 182, 120, 220, 79, 122, 146, 181, 226, 168, 63, 82,
       188, 202, 210, 247, 221, 231, 227, 218, 103, 125, 255, 151, 5,
       213, 135, 98, 212, 39, 255, 128, 140, 117, 43, 145, 188, 220, 47,
       251, 220, 239, 255, 214, 86, 110, 222, 55, 241, 255, 235, 64, 125,
       202, 110, 174, 233, 183, 121, 186, 247, 205, 175, 177, 189, 249,
       188, 251, 81, 142, 235, 71, 180, 34, 79, 63, 112, 226, 222, 230,
       115, 100, 148, 100, 127, 206, 20, 173, 185, 154, 237, 174, 184,
