%YAML:1.0
---
descriptors: !!opencv-matrix
   rows: 130
   cols: 32
   dt: u
   data: [ 60, 167, 22, 226, 157, 215, 214, 233, 215, 60, 253, 35, 107,
       217, 104, 128, 217, 218, 143, 115, 90, 171, 8, 189, 251, 199, 165,
       119, 115, 10, 252, 139, 120, 223, 62, 90, 189, 210, 86, 253, 197,
       29, 254, 104, 66, 249, 44, 81, 217, 246, 175, 98, 122, 171, 10,
       189, 251, 251, 244, 223, 82, 26, 252, 11, 254, 80, 214, 228, 109,
       86, 94, 96, 169, 174, 179, 11, 75, 190, 39, 223, 248, 213, 253,
       226, 108, 199, 145, 200, 147, 250, 199, 31, 35, 119, 126, 6, 226,
       176, 251, 80, 72, 236, 120, 23, 187, 95, 163, 157, 142, 174, 70,
       90, 197, 187, 111, 148, 150, 79, 178, 82, 95, 188, 210, 107, 192,
       64, 70, 95, 197, 28, 191, 221, 108, 100, 233, 18, 248, 202, 118,
       80, 252, 243, 37, 123, 231, 117, 50, 138, 161, 244, 178, 234, 69,
       187, 242, 8, 200, 241, 97, 161, 248, 88, 254, 244, 46, 78, 93,
       176, 169, 222, 182, 186, 127, 55, 131, 123, 102, 245, 253, 234,
       233, 199, 251, 232, 211, 251, 231, 144, 39, 241, 102, 123, 114,
       70, 229, 222, 92, 3, 206, 232, 83, 162, 187, 202, 83, 104, 21, 17,
       91, 205, 117, 235, 232, 227, 77, 223, 184, 46, 237, 148, 101, 251,
       114, 0, 164, 69, 62, 252, 125, 139, 30, 232, 223, 130, 248, 9,
       239, 233, 45, 65, 210, 121, 111, 98, 96, 103, 10, 191, 227, 255,
       69, 59, 84, 251, 9, 131, 2, 161, 16, 155, 237, 221, 184, 143, 31,
       53, 17, 25, 140, 92, 94, 12, 143, 27, 235, 17, 22, 120, 219, 209,
       15, 16, 31, 127, 214, 12, 141, 134, 70, 173, 144, 190, 223, 129,
       190, 169, 155, 176, 8, 10, 236, 234, 93, 134, 179, 111, 121, 211,
       34, 64, 218, 243, 173, 86, 143, 251, 148, 119, 3, 4, 92, 245, 189,
       226, 184, 79, 95, 184, 59, 250, 189, 108, 223, 127, 201, 114, 149,
       221, 125, 122, 235, 67, 251, 186, 251, 223, 103, 252, 154, 243, 7,
       115, 119, 96, 209, 99, 67, 107, 106, 200, 107, 242, 169, 24, 95,
       29, 93, 186, 187, 213, 120, 251, 9, 118, 217, 64, 157, 154, 69,
       54, 237, 115, 67, 20, 116, 147, 145, 170, 236, 79, 99, 216, 11,
       253, 251, 111, 66, 228, 109, 222, 253, 205, 38, 114, 153, 51, 203,
       208, 28, 182, 231, 238, 152, 123, 254, 215, 121, 223, 110, 110,
       56, 26, 79, 63, 225, 204, 174, 236, 115, 103, 146, 115, 54, 230,
       124, 110, 233, 139, 61, 47, 242, 235, 33, 144, 107, 226, 234, 121,
       84, 48, 184, 35, 176, 47, 122, 24, 42, 185, 59, 121, 223, 59, 201,
       26, 179, 221, 93, 51, 16, 112, 201, 64, 220, 205, 43, 229, 224,
       99, 7, 131, 206, 188, 188, 122, 169, 249, 16, 143, 155, 159, 164,
       57, 174, 255, 74, 27, 131, 115, 233, 16, 54, 111, 202, 49, 203,
       211, 85, 123, 210, 68, 143, 11, 99, 49, 56, 234, 109, 141, 217,
       85, 43, 89, 245, 93, 159, 157, 30, 56, 142, 135, 119, 95, 155, 43,
       210, 245, 215, 121, 26, 216, 76, 131, 203, 81, 9, 14, 24, 237, 60,
       130, 110, 55, 84, 42, 94, 98, 245, 35, 160, 224, 88, 110, 38, 140,
       105, 152, 69, 63, 228, 239, 178, 0, 58, 168, 40, 136, 246, 32,
       212, 183, 173, 189, 88, 2, 187, 179, 179, 25, 207, 171, 70, 154,
       235, 231, 237, 17, 30, 103, 203, 192, 155, 243, 211, 115, 227, 77,
       74, 7, 70, 237, 148, 151, 221, 128, 38, 133, 186, 179, 138, 19,
       228, 226, 76, 198, 225, 235, 106, 211, 118, 88, 202, 243, 189, 22,
       223, 103, 128, 114, 171, 142, 132, 76, 222, 252, 61, 139, 86, 232,
       159, 130, 232, 9, 239, 235, 33, 81, 211, 121, 111, 98, 96, 103,
       10, 223, 243, 246, 71, 63, 80, 123, 9, 130, 50, 227, 196, 253, 28,
       3, 206, 168, 87, 176, 240, 74, 99, 233, 93, 0, 89, 204, 53, 227,
       106, 242, 207, 191, 40, 174, 197, 180, 117, 187, 112, 0, 84, 97,
       24, 238, 40, 14, 111, 184, 111, 172, 183, 8, 215, 83, 137, 118,
       50, 213, 108, 106, 72, 97, 233, 76, 249, 176, 39, 20, 0, 179, 7,
       33, 201, 88, 159, 221, 109, 100, 233, 146, 250, 90, 102, 16, 188,
       179, 53, 123, 193, 126, 58, 8, 35, 70, 243, 225, 69, 187, 210, 8,
       216, 241, 97, 168, 3, 162, 5, 155, 252, 137, 168, 159, 30, 57, 80,
       253, 172, 130, 216, 132, 207, 11, 114, 29, 147, 88, 75, 213, 12,
       20, 62, 236, 156, 136, 137, 153, 137, 92, 159, 125, 100, 108, 97,
       158, 118, 82, 102, 16, 179, 241, 17, 123, 73, 110, 50, 8, 33, 244,
       243, 35, 71, 255, 82, 0, 218, 249, 96, 168, 117, 45, 33, 100, 221,
       111, 71, 250, 67, 234, 173, 8, 115, 117, 81, 52, 89, 246, 88, 106,
       9, 35, 249, 62, 249, 140, 5, 60, 115, 123, 82, 160, 125, 237, 57,
       74, 205, 109, 71, 250, 195, 188, 172, 8, 82, 209, 89, 55, 89, 218,
       108, 122, 75, 99, 250, 53, 251, 137, 37, 124, 83, 123, 86, 34,
       244, 96, 232, 104, 76, 71, 71, 220, 67, 52, 165, 10, 83, 81, 89,
       60, 88, 220, 80, 106, 74, 39, 251, 17, 243, 201, 133, 61, 115,
       187, 214, 162, 217, 95, 47, 7, 161, 94, 53, 183, 36, 78, 150, 245,
       90, 53, 162, 231, 236, 150, 190, 110, 237, 137, 113, 172, 246, 99,
       98, 147, 10, 252, 188, 121, 125, 117, 61, 238, 189, 15, 94, 248,
       111, 232, 253, 76, 223, 125, 9, 48, 220, 213, 126, 106, 201, 99,
       219, 190, 243, 255, 37, 62, 72, 187, 66, 51, 66, 106, 154, 190,
       10, 224, 61, 198, 174, 15, 204, 161, 173, 231, 99, 72, 231, 123,
       171, 129, 2, 15, 130, 99, 209, 165, 58, 41, 128, 80, 39, 203, 30,
       65, 221, 229, 3, 78, 127, 32, 45, 160, 106, 128, 223, 39, 1, 246,
       54, 213, 123, 106, 65, 144, 93, 76, 167, 235, 71, 4, 107, 179, 3,
       160, 90, 143, 87, 179, 147, 192, 124, 167, 165, 49, 10, 195, 45,
       39, 64, 211, 166, 119, 173, 208, 114, 216, 129, 237, 239, 225,
       238, 193, 162, 212, 173, 27, 106, 184, 188, 120, 169, 249, 16,
       207, 143, 183, 164, 41, 174, 255, 66, 27, 131, 115, 233, 16, 18,
       75, 202, 49, 219, 211, 85, 123, 210, 76, 143, 11, 1, 176, 189,
       243, 236, 173, 249, 159, 207, 59, 57, 120, 157, 153, 220, 42, 135,
       27, 127, 25, 147, 124, 235, 211, 207, 223, 55, 246, 220, 202, 129,
       161, 254, 72, 254, 245, 110, 40, 125, 20, 169, 146, 178, 187, 255,
       63, 133, 91, 231, 245, 125, 138, 104, 71, 195, 224, 214, 251, 250,
       152, 167, 241, 99, 41, 25, 143, 26, 239, 52, 190, 106, 55, 68, 9,
       95, 64, 183, 163, 162, 224, 68, 46, 12, 12, 141, 152, 65, 15, 230,
       237, 162, 128, 58, 138, 168, 137, 48, 68, 150, 236, 60, 11, 158,
       104, 158, 162, 240, 9, 239, 235, 33, 209, 218, 77, 110, 32, 96,
       227, 67, 158, 176, 247, 67, 49, 80, 56, 41, 138, 101, 99, 56, 71,
       60, 31, 67, 152, 105, 172, 190, 8, 223, 66, 157, 52, 18, 204, 76,
       106, 200, 178, 237, 72, 247, 157, 33, 52, 64, 179, 79, 33, 206,
       148, 184, 250, 253, 124, 191, 238, 185, 22, 189, 27, 204, 255,
       111, 27, 251, 211, 223, 179, 50, 39, 250, 227, 255, 215, 207, 63,
       211, 127, 7, 210, 137, 184, 150, 241, 97, 188, 48, 87, 190, 27,
       70, 112, 188, 147, 64, 189, 131, 59, 242, 24, 51, 220, 146, 213,
       205, 211, 90, 227, 138, 4, 139, 187, 73, 24, 149, 221, 109, 108,
       225, 142, 250, 91, 116, 16, 188, 183, 225, 111, 195, 94, 58, 8, 3,
       124, 243, 225, 69, 251, 114, 40, 210, 121, 101, 171, 11, 162, 21,
       153, 252, 157, 168, 223, 30, 121, 80, 212, 189, 130, 250, 228, 55,
       11, 50, 28, 151, 88, 79, 213, 12, 26, 62, 236, 158, 140, 137, 157,
       190, 140, 214, 247, 133, 126, 214, 228, 49, 183, 247, 27, 107, 60,
       15, 220, 249, 223, 135, 211, 124, 254, 89, 234, 187, 255, 214, 71,
       227, 127, 254, 198, 13, 160, 17, 193, 221, 121, 161, 139, 78, 241,
       13, 26, 221, 52, 90, 174, 59, 12, 218, 56, 23, 112, 253, 214, 15,
       93, 11, 117, 218, 13, 221, 228, 92, 244, 30, 232, 123, 100, 91,
       216, 163, 30, 229, 9, 95, 223, 43, 89, 247, 217, 213, 114, 42, 7,
       26, 21, 219, 235, 99, 109, 176, 179, 47, 83, 80, 239, 28, 187,
       168, 139, 71, 190, 46, 172, 142, 8, 247, 35, 3, 82, 67, 230, 108,
       74, 74, 203, 203, 57, 248, 247, 47, 25, 0, 154, 0, 42, 125, 117,
       24, 237, 189, 15, 94, 186, 111, 168, 188, 76, 223, 121, 9, 48,
