%YAML:1.0
---
descriptors: !!opencv-matrix
   rows: 214
   cols: 32
   dt: u
   data: [ 27, 242, 123, 229, 38, 67, 239, 188, 108, 112, 22, 230, 253,
       31, 152, 32, 55, 197, 85, 237, 193, 208, 37, 221, 228, 73, 191,
       164, 45, 144, 19, 121, 2, 143, 2, 170, 181, 163, 58, 231, 13, 13,
       90, 35, 236, 234, 42, 64, 217, 43, 139, 161, 22, 152, 1, 255, 172,
       118, 138, 195, 148, 78, 189, 143, 121, 188, 22, 244, 169, 173, 80,
       119, 253, 27, 168, 24, 174, 187, 96, 245, 165, 51, 220, 0, 50,
       235, 18, 167, 155, 219, 82, 122, 66, 64, 195, 43, 205, 81, 87,
       205, 76, 31, 166, 248, 228, 98, 215, 66, 209, 249, 184, 231, 104,
       212, 122, 107, 225, 245, 215, 138, 116, 42, 99, 4, 111, 251, 120,
       176, 255, 39, 193, 68, 254, 19, 207, 250, 83, 226, 189, 238, 83,
       104, 215, 167, 123, 204, 86, 238, 237, 99, 237, 142, 58, 79, 165,
       188, 111, 255, 122, 213, 161, 205, 18, 250, 252, 133, 206, 231,
       212, 8, 248, 66, 49, 203, 48, 0, 200, 170, 23, 207, 122, 171, 74,
       255, 40, 156, 174, 104, 93, 136, 240, 136, 171, 214, 75, 186, 118,
       147, 174, 125, 29, 202, 85, 246, 237, 206, 168, 229, 94, 171, 150,
       196, 239, 252, 108, 255, 174, 81, 190, 194, 63, 158, 184, 157,
       189, 80, 198, 223, 45, 23, 100, 88, 87, 226, 87, 70, 83, 248, 189,
       238, 89, 236, 62, 110, 237, 244, 223, 136, 6, 234, 229, 4, 47,
       255, 120, 4, 216, 140, 30, 53, 160, 42, 70, 183, 244, 18, 162, 88,
       215, 35, 0, 211, 67, 198, 108, 42, 121, 237, 85, 47, 224, 227,
       112, 16, 104, 240, 202, 8, 44, 247, 184, 99, 253, 31, 86, 152, 99,
       188, 189, 77, 223, 121, 75, 155, 157, 200, 205, 126, 142, 114,
       217, 24, 239, 221, 37, 117, 202, 251, 74, 147, 79, 187, 190, 151,
       251, 208, 190, 182, 191, 223, 94, 183, 236, 254, 238, 206, 167,
       119, 251, 213, 183, 217, 175, 227, 46, 55, 223, 195, 142, 85, 173,
       223, 221, 184, 185, 240, 169, 253, 81, 158, 235, 251, 166, 28,
       159, 159, 64, 123, 165, 95, 125, 24, 155, 79, 186, 240, 219, 217,
       119, 126, 138, 64, 135, 123, 93, 113, 152, 100, 168, 46, 71, 152,
       107, 170, 183, 108, 223, 51, 201, 186, 151, 204, 124, 122, 137,
       240, 201, 0, 238, 249, 101, 180, 202, 243, 75, 1, 248, 240, 189,
       176, 169, 204, 85, 151, 163, 123, 148, 61, 159, 159, 66, 59, 133,
       215, 253, 17, 207, 79, 242, 3, 219, 225, 124, 250, 168, 80, 134,
       123, 219, 18, 120, 253, 34, 185, 185, 19, 169, 206, 86, 239, 189,
       95, 147, 43, 38, 49, 221, 5, 177, 132, 165, 200, 198, 233, 106,
       152, 47, 164, 7, 113, 77, 119, 156, 229, 160, 14, 127, 186, 40,
       202, 126, 77, 223, 115, 11, 82, 150, 213, 125, 110, 205, 208, 193,
       44, 239, 255, 101, 133, 200, 241, 10, 83, 105, 171, 90, 109, 116,
       143, 123, 49, 97, 0, 126, 8, 183, 3, 130, 80, 66, 172, 78, 108,
       72, 186, 64, 29, 230, 233, 32, 64, 104, 130, 74, 169, 207, 146,
       164, 155, 173, 52, 156, 157, 159, 95, 159, 215, 204, 238, 94, 206,
       223, 71, 255, 149, 150, 71, 207, 227, 206, 54, 255, 223, 159, 215,
       185, 87, 29, 149, 111, 197, 134, 86, 239, 185, 116, 234, 94, 198,
       209, 54, 147, 97, 54, 70, 61, 239, 249, 144, 53, 78, 229, 47, 238,
       132, 45, 242, 241, 240, 82, 180, 158, 186, 139, 224, 17, 207, 191,
       23, 160, 57, 174, 247, 96, 91, 163, 179, 255, 144, 50, 79, 154,
       241, 217, 243, 95, 123, 144, 64, 167, 19, 72, 81, 248, 229, 52,
       78, 87, 16, 32, 236, 246, 41, 215, 63, 67, 82, 146, 212, 125, 106,
       72, 208, 193, 8, 231, 225, 97, 145, 32, 177, 78, 115, 165, 182,
       237, 243, 182, 38, 109, 191, 50, 247, 55, 214, 81, 111, 216, 35,
       63, 70, 85, 188, 179, 220, 125, 31, 108, 143, 245, 196, 173, 192,
       240, 241, 181, 55, 108, 71, 190, 59, 207, 184, 81, 234, 191, 238,
       115, 40, 159, 163, 127, 228, 92, 238, 253, 243, 237, 142, 62, 203,
       229, 180, 111, 255, 90, 213, 76, 97, 24, 229, 48, 78, 115, 56, 44,
       172, 110, 8, 223, 119, 8, 80, 22, 212, 109, 106, 72, 144, 249, 13,
       231, 237, 33, 20, 98, 179, 7, 35, 209, 56, 151, 24, 169, 237, 65,
       70, 251, 83, 160, 28, 182, 240, 68, 62, 129, 163, 104, 17, 55,
       111, 146, 115, 152, 154, 80, 122, 216, 65, 3, 12, 112, 33, 61,
       109, 28, 79, 83, 17, 36, 0, 231, 8, 215, 23, 8, 112, 144, 148,
       108, 42, 9, 176, 249, 13, 241, 233, 32, 21, 96, 138, 70, 34, 116,
       112, 25, 110, 24, 79, 87, 72, 38, 96, 161, 8, 215, 87, 9, 48, 152,
       152, 72, 106, 75, 38, 123, 24, 241, 137, 1, 60, 64, 51, 70, 34,
       196, 76, 189, 103, 12, 79, 103, 184, 118, 162, 162, 8, 215, 113,
       9, 59, 153, 84, 105, 106, 40, 244, 217, 42, 229, 190, 69, 20, 192,
       123, 70, 34, 124, 113, 153, 227, 88, 79, 87, 152, 51, 224, 165, 8,
       87, 119, 65, 48, 153, 212, 81, 106, 73, 114, 249, 30, 255, 207, 5,
       52, 112, 251, 70, 114, 1, 171, 107, 233, 68, 172, 107, 23, 110,
       73, 122, 64, 177, 203, 84, 112, 180, 42, 127, 156, 146, 152, 163,
       81, 79, 189, 162, 192, 152, 130, 243, 168, 13, 115, 120, 101, 33,
       95, 255, 56, 97, 108, 119, 237, 219, 93, 158, 180, 150, 92, 213,
       107, 196, 176, 109, 140, 103, 253, 33, 135, 70, 182, 79, 247, 241,
       248, 156, 120, 141, 189, 84, 223, 219, 187, 164, 28, 158, 216, 76,
       191, 137, 130, 110, 28, 175, 111, 90, 145, 155, 219, 85, 62, 218,
       72, 202, 14, 77, 17, 157, 231, 48, 14, 127, 56, 40, 168, 127, 96,
       223, 115, 137, 114, 150, 85, 125, 106, 73, 208, 201, 8, 231, 253,
       99, 132, 8, 163, 67, 33, 44, 112, 56, 97, 32, 79, 113, 18, 36,
       108, 62, 9, 223, 23, 10, 48, 148, 16, 85, 46, 8, 176, 113, 8, 199,
       217, 33, 20, 66, 161, 70, 115, 221, 16, 159, 125, 168, 46, 93, 59,
       237, 218, 182, 84, 223, 51, 129, 123, 135, 103, 124, 14, 201, 101,
       107, 0, 195, 251, 119, 148, 202, 240, 65, 43, 185, 184, 125, 80,
       173, 221, 81, 94, 235, 249, 180, 56, 26, 156, 214, 187, 141, 150,
       220, 8, 142, 107, 242, 145, 211, 217, 81, 251, 67, 140, 214, 231,
       255, 94, 228, 175, 172, 51, 223, 152, 95, 254, 151, 247, 203, 108,
       223, 239, 223, 197, 253, 255, 173, 101, 239, 242, 142, 91, 239,
       182, 159, 253, 88, 85, 239, 247, 128, 178, 169, 61, 94, 156, 27,
       255, 149, 221, 207, 110, 90, 159, 213, 199, 253, 215, 191, 66,
       219, 177, 187, 211, 221, 255, 154, 85, 154, 87, 205, 93, 87, 207,
       207, 90, 230, 248, 100, 98, 223, 98, 217, 176, 145, 231, 120, 220,
       122, 234, 225, 247, 253, 234, 54, 234, 231, 4, 111, 255, 249, 164,
       80, 32, 26, 168, 42, 105, 49, 74, 174, 53, 160, 185, 159, 215, 99,
       88, 238, 149, 239, 145, 28, 67, 131, 80, 209, 225, 123, 127, 144,
       0, 39, 67, 126, 254, 128, 186, 185, 53, 94, 216, 155, 127, 141,
       221, 239, 238, 74, 158, 221, 203, 237, 151, 190, 71, 218, 179,
       187, 215, 157, 63, 154, 87, 142, 87, 53, 97, 105, 108, 52, 79, 67,
       120, 64, 228, 253, 8, 83, 89, 155, 48, 88, 204, 84, 106, 201, 178,
       253, 28, 243, 233, 33, 60, 101, 187, 86, 224, 33, 168, 127, 81,
       100, 255, 105, 18, 125, 81, 114, 80, 211, 19, 20, 125, 249, 174,
       110, 8, 155, 184, 115, 81, 135, 250, 82, 64, 65, 136, 66, 164, 72,
       113, 57, 101, 112, 78, 115, 56, 104, 232, 126, 72, 222, 23, 9, 48,
       150, 29, 85, 106, 193, 144, 241, 76, 231, 189, 33, 132, 72, 160,
       71, 51, 193, 170, 159, 177, 234, 172, 105, 215, 175, 27, 98, 208,
       189, 179, 64, 91, 167, 31, 126, 28, 51, 221, 131, 113, 156, 251,
       126, 224, 168, 192, 163, 137, 161, 138, 157, 125, 164, 171, 97,
       159, 95, 61, 114, 124, 247, 233, 128, 90, 203, 110, 110, 28, 155,
       252, 227, 33, 204, 187, 112, 80, 216, 200, 208, 41, 120, 184, 255,
       120, 43, 253, 81, 210, 227, 115, 164, 56, 27, 189, 0, 187, 137,
       146, 253, 16, 59, 111, 242, 49, 219, 219, 81, 123, 235, 201, 198,
       51, 191, 205, 103, 94, 172, 23, 207, 252, 213, 210, 148, 214, 89,
       108, 189, 175, 125, 194, 23, 239, 249, 103, 62, 254, 56, 10, 239,
       156, 255, 255, 240, 244, 159, 26, 120, 229, 38, 24, 121, 81, 47,
