%YAML:1.0
---
descriptors: !!opencv-matrix
   rows: 159
   cols: 32
   dt: u
   data: [ 133, 237, 103, 91, 204, 91, 167, 253, 126, 122, 251, 82, 194,
       236, 156, 165, 121, 94, 106, 234, 241, 240, 111, 247, 45, 14, 199,
       70, 197, 251, 241, 164, 214, 238, 134, 191, 218, 134, 46, 252,
       182, 158, 211, 215, 225, 227, 123, 75, 127, 239, 123, 199, 108,
       215, 219, 251, 124, 38, 255, 136, 172, 247, 177, 216, 194, 89, 30,
       190, 42, 141, 56, 224, 140, 86, 64, 175, 180, 238, 39, 75, 198,
       113, 171, 71, 36, 13, 18, 113, 209, 48, 122, 155, 16, 57, 5, 91,
       46, 106, 108, 177, 43, 241, 152, 194, 143, 247, 148, 183, 136,
       140, 119, 8, 207, 33, 251, 149, 142, 69, 111, 208, 78, 87, 155,
       247, 151, 29, 29, 222, 54, 93, 214, 190, 243, 127, 94, 230, 61,
       151, 252, 187, 15, 62, 39, 221, 255, 219, 151, 243, 60, 218, 16,
       226, 179, 246, 94, 195, 176, 85, 175, 223, 72, 148, 191, 247, 161,
       228, 49, 51, 172, 91, 11, 20, 252, 255, 40, 99, 231, 55, 251, 128,
       51, 201, 179, 229, 205, 183, 122, 66, 136, 64, 165, 59, 235, 99,
       97, 68, 100, 24, 79, 56, 105, 232, 112, 236, 51, 5, 213, 181, 30,
       236, 84, 110, 201, 50, 228, 140, 52, 184, 161, 184, 111, 186, 82,
       189, 130, 156, 159, 254, 93, 229, 147, 250, 158, 26, 192, 82, 116,
       255, 97, 105, 221, 123, 51, 195, 35, 79, 26, 255, 217, 146, 219,
       42, 24, 105, 37, 187, 88, 40, 159, 186, 170, 201, 21, 196, 166,
       55, 166, 41, 191, 151, 66, 91, 231, 183, 109, 144, 10, 75, 195,
       49, 209, 225, 126, 57, 160, 17, 167, 106, 37, 75, 80, 69, 80, 11,
       110, 184, 100, 160, 106, 200, 211, 3, 149, 180, 58, 204, 66, 110,
       201, 176, 69, 12, 36, 172, 37, 4, 107, 179, 74, 136, 198, 92, 158,
       209, 171, 43, 61, 7, 190, 179, 6, 179, 204, 167, 99, 75, 231, 119,
       251, 144, 48, 213, 155, 194, 77, 18, 223, 199, 140, 112, 141, 19,
       247, 229, 108, 71, 156, 23, 78, 254, 65, 226, 190, 206, 115, 104,
       158, 167, 89, 196, 92, 238, 237, 231, 125, 174, 186, 207, 165,
       180, 47, 254, 218, 28, 210, 174, 150, 186, 139, 224, 20, 207, 187,
       31, 128, 49, 172, 226, 106, 223, 225, 243, 233, 145, 62, 79, 138,
       227, 153, 243, 94, 123, 146, 84, 175, 14, 49, 143, 107, 238, 182,
       163, 79, 247, 196, 72, 222, 230, 113, 227, 176, 96, 122, 234, 30,
       238, 251, 187, 46, 191, 248, 239, 166, 192, 61, 202, 240, 169,
       118, 225, 225, 164, 143, 75, 7, 168, 130, 228, 137, 171, 195, 204,
       95, 3, 153, 221, 249, 247, 76, 83, 236, 156, 249, 0, 141, 55, 37,
       126, 22, 118, 255, 230, 228, 185, 173, 115, 156, 153, 87, 255,
       177, 253, 203, 104, 219, 159, 95, 193, 255, 183, 254, 102, 207,
       146, 238, 82, 239, 253, 255, 253, 139, 87, 31, 185, 251, 97, 162,
       158, 63, 17, 111, 233, 86, 224, 29, 223, 246, 116, 54, 61, 189,
       223, 209, 152, 165, 112, 207, 237, 47, 194, 38, 167, 165, 113,
       197, 84, 251, 229, 100, 110, 111, 24, 121, 134, 255, 66, 223, 119,
       153, 123, 126, 212, 63, 234, 161, 176, 185, 202, 215, 253, 227,
       132, 103, 243, 103, 241, 139, 191, 230, 223, 232, 176, 188, 167,
       187, 95, 94, 245, 172, 174, 182, 235, 231, 127, 243, 133, 247,
       220, 166, 233, 46, 123, 222, 131, 140, 212, 173, 221, 201, 153,
       147, 243, 177, 140, 120, 151, 169, 9, 114, 113, 188, 183, 32, 208,
       166, 59, 61, 16, 83, 152, 146, 227, 239, 253, 62, 194, 136, 0,
       161, 11, 104, 169, 169, 243, 40, 193, 159, 129, 142, 181, 129,
       169, 181, 215, 65, 66, 193, 115, 127, 211, 74, 72, 234, 53, 237,
       133, 175, 249, 20, 27, 21, 122, 254, 140, 149, 186, 201, 237, 85,
       239, 159, 63, 185, 25, 238, 254, 108, 223, 201, 243, 239, 145, 58,
       107, 250, 241, 153, 210, 223, 127, 144, 72, 165, 110, 76, 99, 167,
       165, 61, 11, 175, 56, 42, 228, 27, 239, 207, 9, 219, 134, 50, 69,
       237, 127, 192, 241, 205, 140, 236, 84, 175, 180, 102, 191, 23,
       193, 248, 63, 186, 124, 233, 157, 92, 115, 187, 254, 180, 29, 191,
       255, 66, 155, 165, 243, 253, 12, 252, 107, 146, 59, 251, 219, 117,
       186, 98, 228, 202, 219, 126, 47, 159, 190, 187, 225, 30, 234, 191,
       142, 232, 169, 110, 247, 33, 209, 255, 243, 207, 130, 122, 67, 10,
       253, 185, 211, 79, 59, 208, 117, 175, 19, 39, 234, 236, 19, 236,
       159, 236, 174, 218, 255, 48, 221, 193, 40, 222, 10, 201, 78, 98,
       21, 182, 126, 207, 49, 78, 27, 253, 245, 221, 124, 218, 204, 48,
       249, 122, 248, 85, 197, 211, 231, 191, 5, 252, 3, 63, 223, 38, 16,
       248, 187, 151, 80, 78, 171, 18, 253, 251, 213, 138, 107, 81, 8,
       238, 202, 90, 255, 156, 186, 169, 240, 20, 143, 187, 95, 140, 189,
       174, 230, 74, 222, 197, 243, 236, 144, 63, 75, 250, 243, 186, 247,
       94, 123, 154, 84, 175, 94, 53, 96, 121, 97, 180, 110, 97, 25, 116,
       161, 247, 80, 211, 21, 152, 120, 123, 156, 108, 56, 185, 180, 117,
       14, 207, 239, 33, 68, 225, 138, 194, 32, 230, 190, 132, 154, 233,
       241, 28, 239, 159, 159, 145, 253, 234, 238, 110, 223, 201, 195,
       239, 149, 62, 79, 203, 243, 186, 18, 223, 255, 155, 84, 190, 87,
       48, 225, 2, 12, 93, 151, 196, 109, 86, 164, 232, 11, 98, 200, 54,
       144, 88, 168, 194, 97, 76, 171, 69, 31, 57, 36, 5, 59, 113, 44,
       126, 142, 124, 201, 122, 238, 149, 22, 87, 236, 197, 132, 239, 10,
       115, 249, 57, 84, 120, 230, 13, 234, 88, 171, 120, 172, 251, 233,
       133, 29, 35, 187, 246, 34, 142, 239, 166, 183, 181, 248, 238, 184,
       251, 222, 31, 23, 205, 233, 255, 207, 179, 111, 93, 127, 247, 197,
       174, 234, 238, 219, 239, 229, 142, 253, 221, 199, 19, 142, 67,
       189, 50, 162, 110, 119, 52, 66, 218, 231, 121, 230, 178, 192, 119,
       239, 63, 173, 229, 149, 5, 238, 176, 46, 170, 128, 45, 246, 169,
       93, 194, 142, 44, 184, 185, 181, 184, 207, 142, 127, 148, 151,
       140, 142, 118, 74, 205, 11, 171, 149, 182, 13, 194, 247, 223, 85,
       154, 255, 148, 12, 157, 211, 26, 149, 123, 248, 219, 240, 17, 99,
       173, 17, 237, 50, 60, 254, 44, 113, 226, 155, 147, 128, 18, 11,
       50, 213, 219, 225, 26, 75, 17, 0, 165, 162, 86, 43, 159, 190, 171,
       240, 31, 236, 175, 156, 164, 169, 238, 231, 35, 223, 247, 243,
       239, 194, 26, 67, 170, 253, 185, 243, 223, 187, 144, 119, 175,
       115, 120, 173, 186, 252, 233, 157, 92, 119, 171, 143, 188, 9, 191,
       191, 66, 146, 133, 187, 253, 12, 94, 75, 210, 145, 251, 223, 116,
       185, 66, 196, 206, 203, 253, 68, 236, 181, 44, 30, 78, 56, 113,
       226, 183, 221, 211, 45, 146, 179, 88, 228, 253, 239, 237, 252,
       245, 138, 238, 235, 237, 144, 111, 252, 90, 80, 81, 140, 12, 165,
       20, 6, 88, 55, 20, 233, 134, 15, 247, 40, 18, 64, 212, 133, 125,
       173, 237, 137, 81, 15, 208, 231, 186, 144, 44, 168, 24, 90, 130,
       190, 148, 155, 233, 229, 184, 135, 190, 31, 0, 17, 172, 174, 102,
       75, 197, 59, 235, 17, 54, 77, 210, 243, 141, 18, 222, 251, 144,
       68, 141, 223, 239, 54, 164, 181, 173, 63, 92, 31, 155, 255, 182,
       93, 207, 45, 82, 159, 141, 103, 253, 21, 189, 108, 219, 146, 143,
       219, 85, 246, 202, 252, 218, 85, 38, 251, 16, 250, 253, 205, 150,
       237, 155, 63, 177, 111, 102, 252, 109, 25, 221, 251, 199, 83, 90,
       35, 90, 177, 185, 148, 13, 127, 217, 27, 134, 147, 73, 180, 190,
       117, 137, 60, 116, 23, 235, 223, 167, 20, 222, 251, 74, 251, 135,
       23, 236, 24, 151, 105, 243, 64, 207, 251, 86, 82, 202, 64, 139,
       27, 60, 251, 228, 110, 221, 221, 214, 188, 195, 188, 189, 43, 75,
       221, 95, 50, 216, 250, 229, 114, 218, 34, 122, 177, 123, 217, 5,
       127, 115, 191, 222, 98, 135, 236, 134, 159, 88, 34, 46, 248, 62,
       242, 194, 215, 241, 226, 153, 205, 125, 205, 123, 175, 35, 212,
       223, 127, 188, 46, 239, 132, 189, 241, 56, 144, 118, 188, 158,
       186, 169, 253, 148, 239, 191, 63, 185, 41, 238, 254, 108, 91, 201,
       251, 239, 17, 58, 107, 218, 241, 153, 211, 95, 123, 144, 89, 143,
       59, 221, 206, 197, 167, 36, 18, 78, 184, 84, 162, 146, 230, 209,
