%YAML:1.0
---
descriptors: !!opencv-matrix
   rows: 242
   cols: 32
   dt: u
   data: [ 0, 91, 123, 109, 48, 78, 111, 48, 100, 76, 126, 4, 247, 23,
       147, 112, 94, 236, 108, 110, 201, 176, 113, 63, 231, 237, 33, 128,
       96, 186, 68, 121, 76, 186, 152, 120, 235, 253, 17, 155, 187, 93,
       164, 60, 174, 215, 202, 220, 135, 27, 236, 16, 23, 11, 242, 81,
       223, 245, 49, 255, 154, 64, 143, 115, 45, 109, 89, 79, 117, 79,
       71, 124, 69, 232, 108, 8, 242, 81, 1, 52, 152, 124, 70, 106, 73,
       178, 121, 44, 103, 188, 37, 48, 82, 186, 82, 171, 142, 220, 254,
       151, 195, 249, 180, 231, 159, 247, 94, 179, 236, 254, 111, 11,
       167, 123, 179, 147, 54, 221, 62, 243, 110, 83, 95, 195, 141, 125,
       173, 223, 239, 215, 226, 158, 253, 52, 222, 248, 83, 194, 93, 247,
       104, 232, 255, 228, 127, 202, 151, 239, 253, 118, 222, 251, 126,
       127, 143, 175, 191, 255, 248, 213, 81, 237, 18, 60, 186, 137, 5,
       135, 166, 9, 138, 44, 183, 130, 2, 208, 161, 167, 108, 16, 75, 73,
       131, 23, 184, 164, 54, 24, 40, 16, 139, 9, 44, 96, 177, 75, 192,
       205, 97, 205, 110, 5, 101, 8, 150, 213, 73, 56, 49, 24, 106, 24,
       83, 60, 251, 0, 93, 140, 20, 124, 208, 90, 198, 162, 61, 77, 122,
       94, 212, 197, 199, 246, 85, 128, 252, 10, 115, 253, 181, 100, 120,
       234, 22, 74, 233, 186, 44, 191, 115, 175, 165, 8, 119, 251, 112,
       168, 24, 189, 155, 248, 250, 224, 83, 255, 162, 21, 232, 40, 191,
       247, 0, 16, 167, 251, 205, 144, 26, 11, 162, 55, 249, 231, 54,
       105, 160, 128, 167, 107, 40, 111, 64, 77, 93, 219, 198, 234, 67,
       164, 232, 12, 34, 193, 149, 148, 88, 236, 194, 106, 73, 58, 192,
       61, 52, 148, 1, 57, 91, 59, 94, 132, 233, 137, 191, 255, 173, 140,
       117, 183, 255, 59, 102, 16, 190, 249, 112, 123, 193, 102, 127, 92,
       242, 237, 251, 177, 239, 251, 86, 80, 210, 216, 208, 43, 234, 51,
       1, 76, 73, 52, 73, 25, 163, 140, 160, 76, 8, 199, 68, 214, 92,
       156, 235, 172, 75, 7, 243, 219, 23, 120, 129, 60, 26, 164, 102,
       116, 25, 157, 26, 254, 211, 166, 182, 247, 181, 9, 90, 70, 124,
       251, 32, 224, 253, 255, 147, 129, 145, 155, 16, 255, 251, 239, 14,
       66, 43, 122, 169, 139, 181, 96, 237, 107, 140, 39, 207, 216, 82,
       246, 181, 10, 83, 89, 221, 59, 89, 204, 126, 254, 171, 103, 255,
       48, 91, 203, 229, 60, 245, 251, 82, 224, 134, 72, 155, 181, 246,
       142, 174, 194, 190, 160, 83, 67, 212, 250, 33, 64, 234, 109, 59,
       199, 100, 149, 152, 234, 181, 54, 143, 2, 140, 57, 33, 130, 166,
       80, 146, 184, 205, 230, 180, 64, 156, 130, 80, 19, 204, 218, 113,
       204, 217, 109, 162, 83, 64, 183, 210, 194, 149, 54, 223, 15, 149,
       125, 49, 130, 169, 17, 101, 79, 84, 91, 228, 125, 85, 224, 115,
       86, 211, 12, 180, 165, 104, 132, 70, 111, 253, 188, 117, 157, 38,
       10, 240, 4, 127, 138, 216, 156, 18, 207, 99, 174, 182, 194, 239,
       229, 52, 68, 218, 163, 97, 231, 176, 64, 122, 255, 151, 227, 88,
       155, 13, 255, 248, 38, 175, 129, 53, 246, 181, 249, 245, 207, 253,
       102, 252, 42, 207, 252, 123, 162, 255, 206, 91, 105, 157, 48, 251,
       199, 102, 111, 249, 243, 237, 239, 62, 254, 229, 20, 231, 251,
       226, 160, 53, 223, 74, 175, 182, 26, 238, 252, 84, 232, 254, 230,
       115, 72, 183, 96, 126, 236, 22, 239, 205, 184, 13, 175, 54, 45,
       167, 128, 125, 187, 248, 157, 200, 217, 177, 163, 155, 204, 55,
       157, 174, 233, 138, 16, 188, 183, 64, 226, 164, 119, 249, 81, 19,
       9, 187, 115, 237, 244, 15, 90, 146, 18, 133, 123, 37, 237, 225,
       239, 222, 43, 231, 252, 87, 226, 249, 238, 211, 232, 253, 34, 121,
       234, 23, 239, 169, 114, 78, 190, 124, 142, 231, 44, 253, 251, 240,
       176, 150, 113, 148, 168, 234, 65, 188, 220, 138, 176, 144, 170,
       220, 222, 105, 43, 238, 89, 223, 243, 66, 67, 218, 208, 176, 16,
       207, 191, 28, 247, 175, 147, 181, 95, 111, 79, 52, 31, 206, 252,
       68, 224, 251, 198, 115, 104, 157, 161, 126, 228, 86, 239, 237,
       178, 125, 45, 54, 233, 167, 148, 125, 187, 120, 181, 54, 169, 83,
       224, 212, 139, 234, 97, 79, 33, 185, 202, 7, 136, 116, 0, 186,
       171, 2, 243, 90, 59, 8, 252, 184, 156, 5, 116, 213, 139, 211, 128,
       10, 131, 135, 251, 251, 192, 56, 47, 190, 21, 67, 177, 236, 230,
       40, 73, 227, 27, 179, 144, 18, 216, 11, 213, 205, 50, 218, 203,
       144, 4, 165, 171, 61, 152, 173, 241, 181, 255, 209, 147, 95, 117,
       39, 16, 90, 61, 86, 172, 201, 12, 177, 29, 190, 248, 121, 148,
       207, 251, 193, 87, 210, 45, 220, 118, 3, 191, 104, 59, 122, 169,
       187, 243, 62, 109, 89, 239, 173, 204, 215, 0, 175, 43, 87, 135,
       166, 24, 110, 127, 100, 22, 187, 170, 85, 135, 7, 217, 134, 180,
       172, 179, 141, 173, 176, 139, 158, 63, 1, 21, 132, 250, 94, 75,
       193, 11, 123, 21, 54, 92, 219, 147, 205, 19, 223, 119, 144, 73,
       153, 194, 184, 188, 55, 250, 113, 231, 83, 242, 17, 90, 116, 8,
       63, 95, 33, 57, 221, 185, 23, 98, 105, 214, 120, 191, 211, 219,
       112, 42, 122, 217, 102, 187, 253, 223, 237, 198, 212, 55, 206,
       252, 87, 226, 222, 206, 83, 124, 157, 229, 127, 198, 126, 239,
       253, 247, 253, 190, 58, 47, 229, 148, 127, 255, 248, 20, 124, 241,
       189, 235, 169, 111, 87, 152, 35, 251, 173, 8, 95, 127, 73, 122,
       213, 213, 253, 242, 11, 67, 251, 17, 251, 223, 101, 253, 184, 243,
       70, 115, 25, 7, 45, 173, 60, 175, 75, 57, 68, 172, 219, 199, 243,
       65, 155, 64, 92, 160, 77, 47, 136, 161, 69, 29, 224, 229, 161,
       148, 125, 171, 80, 97, 82, 34, 174, 181, 10, 128, 40, 79, 190,
       149, 66, 147, 237, 238, 114, 66, 103, 111, 251, 133, 22, 217, 143,
       209, 157, 99, 159, 129, 36, 4, 61, 202, 246, 121, 172, 178, 175,
       65, 148, 200, 139, 250, 145, 171, 140, 221, 97, 11, 206, 209, 255,
       211, 75, 71, 202, 240, 153, 80, 239, 191, 29, 127, 23, 211, 250,
       91, 231, 254, 47, 86, 93, 181, 233, 222, 182, 191, 107, 111, 23,
       127, 230, 245, 253, 226, 232, 71, 187, 233, 243, 251, 198, 155,
       39, 180, 246, 127, 60, 28, 127, 255, 69, 103, 93, 115, 21, 94,
       125, 3, 123, 127, 35, 25, 249, 187, 151, 163, 40, 242, 58, 157,
       71, 203, 241, 131, 247, 251, 102, 243, 190, 114, 232, 99, 238, 19,
       79, 216, 19, 254, 181, 238, 83, 77, 223, 43, 127, 204, 253, 254,
       233, 103, 239, 48, 122, 201, 229, 188, 255, 187, 94, 241, 42, 133,
       40, 184, 221, 221, 212, 239, 95, 67, 216, 27, 190, 60, 30, 32,
       217, 11, 147, 1, 126, 42, 82, 191, 237, 95, 158, 123, 85, 92, 222,
       202, 82, 95, 239, 245, 18, 194, 63, 119, 180, 198, 222, 227, 121,
       239, 177, 96, 118, 245, 191, 227, 232, 157, 37, 110, 119, 39, 175,
       129, 37, 176, 53, 121, 40, 188, 177, 89, 253, 253, 80, 239, 95,
       21, 108, 24, 170, 189, 68, 180, 201, 26, 130, 16, 23, 122, 114,
       183, 15, 223, 20, 123, 210, 76, 214, 238, 66, 174, 189, 255, 201,
       229, 56, 207, 191, 31, 204, 145, 236, 231, 64, 82, 197, 123, 235,
       144, 18, 75, 235, 247, 207, 243, 223, 235, 144, 68, 165, 235, 5,
       143, 244, 87, 244, 59, 230, 183, 125, 179, 122, 64, 211, 40, 148,
       228, 91, 78, 38, 93, 156, 248, 109, 166, 44, 254, 116, 68, 198,
       250, 208, 140, 146, 95, 111, 149, 50, 194, 63, 119, 60, 198, 94,
       167, 125, 231, 178, 96, 118, 191, 191, 133, 224, 157, 37, 79, 244,
       38, 174, 129, 37, 244, 165, 121, 134, 253, 190, 191, 251, 243,
       190, 238, 158, 215, 95, 179, 236, 254, 111, 203, 183, 127, 255,
       211, 118, 221, 175, 255, 126, 87, 95, 207, 133, 127, 173, 223, 45,
       93, 249, 77, 229, 127, 238, 31, 121, 98, 124, 72, 88, 57, 149,
       188, 59, 206, 18, 170, 193, 50, 117, 218, 103, 31, 197, 36, 223,
       242, 210, 180, 25, 70, 234, 165, 54, 2, 191, 86, 68, 69, 218, 167,
       191, 8, 51, 64, 126, 15, 151, 133, 204, 184, 5, 175, 224, 229,
       186, 128, 109, 30, 121, 202, 111, 44, 160, 16, 201, 124, 248, 143,
       187, 247, 164, 153, 8, 174, 95, 158, 161, 207, 249, 149, 150, 75,
