%YAML:1.0
---
descriptors: !!opencv-matrix
   rows: 291
   cols: 32
   dt: u
   data: [ 170, 188, 49, 16, 253, 255, 144, 103, 223, 253, 48, 25, 142,
       188, 86, 152, 129, 46, 227, 21, 180, 126, 242, 54, 15, 87, 21,
       123, 210, 12, 215, 255, 127, 248, 236, 4, 11, 154, 150, 168, 171,
       246, 172, 173, 74, 236, 87, 26, 183, 229, 249, 103, 204, 99, 254,
       40, 250, 47, 77, 63, 105, 55, 74, 86, 91, 75, 199, 28, 58, 154,
       76, 55, 247, 224, 198, 232, 107, 2, 135, 247, 34, 228, 236, 238,
       205, 201, 165, 108, 178, 114, 101, 145, 34, 180, 8, 108, 48, 1,
       18, 172, 13, 87, 84, 109, 173, 139, 233, 11, 78, 250, 38, 156,
       248, 169, 206, 32, 28, 35, 2, 220, 147, 214, 210, 63, 209, 126,
       234, 6, 136, 174, 18, 218, 217, 241, 114, 207, 191, 13, 108, 112,
       44, 195, 104, 148, 177, 59, 198, 144, 50, 79, 138, 119, 187, 215,
       23, 107, 146, 66, 175, 171, 95, 223, 227, 6, 242, 82, 55, 189,
       105, 196, 90, 231, 109, 236, 159, 246, 118, 215, 189, 103, 213,
       219, 175, 238, 60, 38, 111, 207, 174, 246, 191, 93, 110, 174, 16,
       186, 57, 253, 18, 224, 155, 30, 161, 9, 174, 194, 99, 149, 201,
       123, 204, 67, 46, 67, 202, 189, 177, 209, 25, 59, 80, 15, 15, 15,
       63, 205, 110, 78, 141, 55, 207, 253, 213, 70, 238, 135, 81, 109,
       63, 119, 125, 198, 51, 239, 252, 131, 61, 255, 115, 111, 196, 20,
       123, 247, 248, 244, 210, 87, 66, 164, 162, 10, 62, 61, 41, 140,
       90, 231, 77, 34, 130, 83, 54, 197, 237, 231, 228, 145, 133, 78,
       180, 32, 111, 134, 45, 246, 171, 21, 99, 146, 239, 220, 126, 83,
       217, 58, 219, 239, 150, 255, 124, 238, 150, 103, 151, 229, 253,
       173, 165, 203, 175, 223, 90, 126, 255, 158, 7, 164, 115, 93, 57,
       213, 91, 77, 52, 95, 230, 125, 100, 104, 250, 102, 83, 24, 180,
       224, 126, 204, 22, 110, 205, 178, 117, 29, 54, 237, 32, 128, 125,
       186, 248, 189, 46, 163, 164, 130, 207, 21, 188, 205, 139, 181, 13,
       143, 204, 236, 94, 14, 253, 75, 179, 247, 22, 66, 218, 241, 95,
       84, 207, 111, 151, 127, 157, 198, 155, 211, 79, 169, 34, 2, 45,
       87, 38, 93, 214, 231, 25, 135, 184, 65, 110, 153, 191, 132, 203,
       157, 37, 209, 244, 97, 186, 196, 61, 148, 165, 249, 131, 141, 96,
       139, 85, 211, 179, 236, 92, 64, 88, 7, 232, 88, 191, 36, 216, 43,
       146, 103, 231, 184, 108, 255, 36, 28, 138, 195, 95, 15, 121, 204,
       2, 235, 162, 191, 102, 208, 190, 197, 31, 79, 88, 163, 172, 238,
       62, 64, 250, 123, 151, 195, 70, 146, 14, 227, 39, 117, 158, 171,
       149, 254, 189, 218, 23, 227, 239, 225, 164, 2, 233, 217, 38, 113,
       211, 230, 89, 203, 248, 96, 122, 137, 55, 221, 211, 208, 46, 192,
       158, 73, 239, 196, 45, 134, 49, 184, 177, 159, 111, 254, 60, 130,
       79, 123, 213, 74, 221, 230, 115, 239, 176, 97, 127, 162, 62, 174,
       249, 43, 46, 159, 242, 239, 227, 152, 61, 234, 240, 49, 31, 55,
       111, 160, 180, 50, 233, 83, 85, 201, 222, 247, 25, 44, 182, 168,
       121, 143, 23, 189, 191, 251, 37, 206, 90, 77, 190, 196, 175, 204,
       241, 229, 6, 131, 162, 155, 211, 224, 188, 205, 63, 21, 75, 131,
       204, 238, 110, 76, 247, 27, 131, 145, 22, 152, 11, 241, 15, 22,
       158, 71, 146, 86, 173, 94, 21, 193, 207, 250, 180, 130, 239, 213,
       116, 81, 195, 150, 81, 227, 184, 104, 127, 204, 58, 188, 155, 211,
       61, 228, 184, 239, 158, 68, 173, 152, 240, 56, 53, 1, 235, 248,
       148, 131, 231, 193, 86, 67, 242, 146, 83, 237, 185, 104, 123, 136,
       2, 189, 123, 183, 53, 198, 248, 175, 158, 68, 181, 216, 240, 224,
       240, 25, 127, 252, 36, 76, 111, 50, 148, 78, 214, 2, 115, 181,
       161, 65, 108, 246, 63, 74, 105, 189, 48, 47, 241, 170, 224, 0, 52,
       168, 84, 121, 87, 161, 172, 37, 140, 54, 156, 173, 2, 245, 142,
       143, 211, 108, 83, 106, 28, 199, 121, 197, 157, 73, 255, 8, 202,
       111, 223, 181, 173, 254, 153, 84, 189, 87, 221, 231, 246, 70, 79,
       184, 20, 238, 255, 230, 83, 117, 153, 34, 127, 212, 54, 238, 233,
       240, 109, 14, 110, 239, 165, 132, 111, 251, 84, 241, 31, 14, 127,
       254, 242, 162, 107, 83, 181, 203, 215, 246, 125, 239, 177, 96,
       127, 251, 31, 159, 177, 153, 36, 238, 250, 239, 174, 128, 173,
       225, 33, 241, 138, 209, 58, 175, 109, 213, 189, 109, 143, 92, 92,
       35, 172, 222, 110, 99, 206, 25, 147, 67, 86, 58, 242, 241, 231,
       113, 206, 171, 22, 30, 189, 223, 42, 244, 48, 138, 117, 213, 144,
       239, 31, 29, 124, 27, 44, 222, 46, 148, 217, 155, 147, 145, 38,
       26, 88, 221, 47, 84, 154, 111, 146, 14, 220, 206, 139, 60, 34,
       153, 45, 245, 184, 74, 95, 94, 93, 167, 168, 220, 183, 237, 255,
       41, 151, 135, 230, 52, 62, 209, 6, 89, 139, 171, 87, 109, 61, 215,
       234, 213, 106, 174, 125, 212, 159, 252, 137, 76, 148, 51, 108, 95,
       62, 69, 238, 209, 151, 227, 225, 47, 184, 255, 115, 125, 138, 219,
       23, 30, 247, 251, 47, 80, 231, 86, 245, 125, 174, 232, 201, 91,
       117, 238, 72, 124, 189, 175, 127, 192, 147, 255, 161, 115, 60,
       224, 63, 94, 207, 206, 207, 127, 123, 245, 17, 142, 89, 225, 150,
       171, 233, 23, 126, 49, 74, 214, 153, 11, 240, 104, 107, 139, 26,
       156, 147, 188, 53, 247, 204, 141, 146, 68, 189, 200, 241, 168,
       158, 30, 39, 152, 175, 247, 185, 122, 157, 222, 151, 247, 76, 220,
       183, 175, 239, 49, 255, 183, 189, 231, 38, 206, 219, 83, 235, 207,
       135, 45, 61, 215, 191, 242, 202, 170, 126, 161, 203, 216, 150, 77,
       221, 247, 97, 207, 186, 0, 127, 200, 7, 254, 155, 35, 46, 183,
       250, 5, 171, 236, 189, 191, 116, 241, 134, 141, 172, 181, 195,
       106, 189, 135, 58, 183, 66, 147, 141, 46, 94, 75, 227, 71, 59,
       149, 54, 216, 247, 224, 109, 115, 222, 197, 132, 85, 149, 202, 31,
       30, 70, 148, 242, 146, 190, 115, 189, 238, 91, 231, 77, 234, 183,
       196, 119, 237, 191, 183, 244, 217, 12, 238, 58, 103, 175, 129,
       175, 229, 57, 213, 183, 63, 234, 220, 126, 241, 187, 218, 159, 76,
       92, 175, 45, 237, 191, 36, 126, 251, 151, 231, 166, 3, 46, 251,
       114, 93, 171, 175, 117, 253, 63, 223, 55, 39, 235, 195, 246, 34,
       234, 82, 80, 169, 251, 230, 17, 170, 252, 0, 126, 206, 23, 157,
       155, 178, 12, 194, 60, 12, 174, 196, 237, 203, 242, 129, 209, 77,
       95, 111, 54, 14, 110, 53, 100, 64, 250, 66, 243, 114, 145, 115,
       114, 228, 28, 234, 237, 144, 229, 45, 228, 233, 226, 128, 45, 178,
       105, 41, 129, 170, 155, 219, 100, 173, 249, 23, 126, 89, 114, 84,
       188, 147, 212, 105, 166, 43, 54, 28, 147, 252, 34, 241, 68, 184,
       114, 192, 136, 128, 129, 185, 189, 31, 110, 250, 188, 179, 75,
       113, 213, 72, 223, 230, 115, 239, 179, 97, 94, 162, 31, 254, 189,
       139, 110, 222, 218, 235, 170, 200, 191, 171, 120, 113, 86, 146,
       166, 162, 163, 82, 125, 197, 45, 93, 87, 167, 12, 175, 42, 220,
       231, 151, 191, 149, 22, 137, 59, 192, 155, 246, 222, 199, 166,
       214, 173, 95, 6, 12, 146, 154, 85, 163, 186, 66, 158, 131, 91, 19,
       172, 202, 37, 200, 201, 41, 131, 147, 38, 180, 0, 238, 4, 22, 138,
       3, 148, 77, 57, 134, 153, 155, 79, 255, 20, 136, 107, 244, 212,
       65, 214, 230, 115, 41, 184, 97, 124, 166, 63, 205, 169, 185, 36,
       45, 244, 235, 186, 128, 45, 138, 112, 57, 14, 248, 186, 217, 205,
       85, 178, 206, 31, 245, 76, 3, 140, 253, 110, 140, 249, 89, 131,
       211, 86, 122, 58, 243, 31, 87, 159, 111, 147, 127, 189, 198, 57,
       162, 158, 114, 45, 189, 80, 87, 231, 63, 180, 29, 47, 201, 66,
       154, 129, 162, 196, 28, 14, 109, 26, 49, 219, 219, 113, 121, 202,
       204, 202, 203, 243, 166, 172, 181, 140, 62, 92, 191, 146, 247,
       134, 221, 227, 44, 82, 11, 141, 199, 249, 149, 237, 69, 255, 34,
       202, 71, 221, 117, 172, 252, 152, 92, 187, 6, 238, 69, 118, 19,
       207, 127, 81, 239, 246, 255, 105, 108, 158, 165, 127, 206, 181,
       172, 173, 247, 109, 142, 122, 111, 245, 144, 239, 172, 250, 221,
       119, 247, 172, 183, 140, 62, 92, 189, 154, 247, 134, 221, 195, 44,
       91, 11, 133, 199, 253, 119, 189, 69, 255, 34, 234, 67, 223, 189,
