%YAML:1.0
---
descriptors: !!opencv-matrix
   rows: 199
   cols: 32
   dt: u
   data: [ 149, 188, 173, 243, 140, 108, 85, 191, 228, 218, 135, 21, 215,
       125, 89, 43, 201, 195, 89, 63, 123, 99, 123, 32, 233, 203, 215,
       92, 200, 120, 240, 114, 143, 93, 110, 237, 55, 86, 255, 180, 13,
       72, 94, 167, 253, 95, 183, 225, 118, 113, 151, 239, 228, 144, 53,
       252, 103, 121, 170, 129, 55, 191, 61, 249, 202, 176, 189, 250,
       233, 237, 17, 207, 187, 31, 164, 24, 174, 222, 108, 123, 131, 147,
       251, 17, 50, 79, 242, 243, 219, 211, 90, 123, 144, 64, 167, 235,
       3, 219, 10, 189, 18, 130, 186, 230, 62, 69, 66, 167, 172, 142, 50,
       64, 118, 107, 179, 197, 230, 152, 7, 255, 100, 39, 186, 128, 28,
       20, 57, 91, 10, 180, 244, 248, 239, 217, 252, 43, 223, 215, 20,
       151, 237, 238, 126, 165, 191, 179, 255, 145, 247, 108, 62, 223,
       142, 94, 223, 255, 150, 236, 141, 215, 152, 216, 62, 188, 44, 135,
       156, 102, 156, 78, 210, 23, 191, 156, 50, 1, 238, 51, 255, 199,
       236, 173, 18, 191, 241, 195, 122, 145, 92, 24, 45, 91, 236, 49,
       241, 71, 224, 78, 71, 152, 115, 234, 37, 104, 123, 23, 197, 182,
       22, 252, 84, 122, 201, 210, 249, 42, 61, 172, 37, 164, 99, 243,
       70, 185, 223, 93, 182, 244, 243, 254, 191, 242, 185, 222, 126, 35,
       28, 191, 39, 251, 167, 125, 149, 115, 177, 249, 48, 236, 243, 251,
       111, 135, 202, 117, 167, 243, 82, 182, 148, 58, 171, 253, 20, 207,
       191, 31, 176, 253, 174, 238, 76, 159, 143, 83, 236, 17, 54, 111,
       202, 241, 153, 210, 87, 255, 210, 84, 143, 31, 252, 55, 250, 224,
       241, 98, 91, 17, 49, 140, 239, 49, 95, 119, 75, 90, 86, 220, 205,
       58, 56, 211, 129, 10, 219, 239, 39, 69, 162, 227, 238, 35, 158,
       91, 102, 154, 239, 180, 190, 98, 141, 196, 222, 167, 108, 238, 55,
       196, 238, 249, 187, 199, 196, 147, 22, 236, 50, 112, 206, 139, 23,
       119, 61, 214, 223, 180, 158, 48, 171, 248, 80, 67, 187, 251, 149,
       189, 143, 250, 74, 155, 163, 135, 237, 149, 63, 71, 146, 130, 154,
       211, 125, 255, 234, 69, 139, 23, 28, 164, 87, 243, 214, 47, 229,
       199, 52, 51, 242, 18, 95, 59, 40, 9, 123, 159, 23, 144, 56, 254,
       1, 238, 213, 194, 246, 64, 225, 216, 225, 162, 26, 93, 62, 188,
       107, 240, 190, 98, 173, 132, 222, 163, 44, 254, 39, 64, 230, 123,
       191, 195, 68, 139, 178, 237, 179, 48, 10, 139, 7, 53, 45, 223,
       254, 244, 214, 146, 229, 95, 252, 239, 59, 191, 176, 27, 78, 126,
       110, 149, 255, 215, 223, 179, 108, 111, 89, 253, 191, 82, 223,
       119, 71, 124, 239, 223, 139, 113, 100, 97, 38, 22, 120, 29, 103,
       232, 87, 230, 217, 31, 150, 100, 118, 61, 253, 253, 197, 144, 229,
       216, 71, 249, 171, 130, 39, 134, 240, 245, 58, 181, 116, 241, 167,
       223, 124, 191, 123, 190, 54, 171, 75, 127, 94, 149, 191, 159, 245,
       161, 254, 248, 245, 221, 175, 219, 215, 231, 103, 132, 222, 95,
       42, 172, 48, 158, 93, 205, 144, 238, 159, 31, 204, 9, 172, 254,
       46, 68, 201, 123, 235, 1, 102, 43, 90, 247, 15, 22, 26, 59, 18,
       76, 5, 206, 198, 220, 191, 243, 148, 70, 175, 231, 190, 95, 219,
       19, 212, 182, 108, 106, 231, 215, 63, 147, 51, 221, 187, 226, 189,
       54, 222, 194, 136, 80, 165, 251, 63, 95, 107, 206, 244, 146, 239,
       240, 213, 204, 223, 230, 113, 237, 181, 100, 126, 238, 55, 239,
       233, 179, 44, 239, 114, 111, 167, 136, 127, 251, 240, 245, 55,
       238, 200, 142, 94, 3, 134, 232, 82, 226, 220, 207, 82, 104, 191,
       38, 121, 204, 51, 239, 237, 247, 205, 191, 56, 14, 165, 180, 61,
       127, 90, 196, 252, 63, 158, 224, 241, 54, 90, 83, 177, 142, 239,
       21, 15, 183, 67, 223, 246, 247, 157, 184, 56, 219, 144, 138, 219,
       255, 39, 197, 162, 229, 46, 83, 44, 167, 249, 69, 180, 123, 69,
       59, 117, 230, 238, 140, 195, 97, 135, 52, 27, 140, 98, 40, 125,
       184, 245, 14, 238, 207, 5, 21, 99, 232, 70, 244, 184, 242, 168,
       230, 45, 84, 93, 221, 83, 254, 149, 167, 59, 223, 219, 175, 93,
       216, 157, 194, 239, 103, 248, 162, 243, 217, 183, 191, 47, 254,
       252, 127, 75, 51, 109, 237, 47, 86, 89, 59, 33, 204, 94, 229, 157,
       23, 146, 230, 70, 28, 157, 45, 153, 152, 241, 140, 199, 121, 168,
       130, 38, 132, 62, 241, 171, 165, 32, 154, 221, 253, 208, 239, 223,
       117, 173, 25, 170, 156, 94, 165, 201, 11, 211, 17, 54, 110, 122,
       215, 15, 93, 156, 127, 210, 12, 222, 206, 25, 145, 248, 237, 52,
       86, 123, 56, 67, 108, 86, 166, 91, 125, 154, 230, 118, 220, 189,
       173, 137, 176, 245, 153, 199, 249, 225, 132, 55, 174, 84, 113, 91,
       51, 228, 229, 39, 86, 89, 59, 41, 204, 86, 165, 57, 31, 214, 191,
       150, 52, 181, 188, 205, 208, 245, 140, 195, 219, 233, 131, 38,
       164, 124, 127, 34, 161, 48, 154, 125, 221, 144, 236, 143, 29, 176,
       11, 238, 220, 110, 196, 217, 27, 203, 65, 2, 35, 122, 245, 31,
       148, 27, 127, 80, 14, 133, 206, 134, 93, 62, 158, 195, 212, 190,
       102, 173, 134, 202, 131, 172, 254, 39, 65, 238, 251, 187, 195, 68,
       143, 18, 235, 243, 48, 202, 11, 21, 117, 45, 222, 171, 180, 116,
       216, 237, 245, 152, 87, 219, 127, 149, 189, 140, 189, 214, 173,
       143, 31, 255, 21, 182, 111, 226, 214, 30, 91, 218, 251, 150, 204,
       159, 215, 58, 44, 57, 250, 27, 233, 17, 64, 187, 20, 173, 9, 174,
       215, 105, 25, 201, 187, 205, 16, 42, 3, 122, 217, 211, 213, 26,
       59, 208, 83, 7, 42, 53, 13, 75, 174, 150, 231, 235, 115, 196, 0,
       219, 130, 115, 233, 49, 96, 122, 170, 31, 249, 57, 185, 92, 63,
       233, 175, 171, 64, 53, 139, 112, 128, 38, 108, 115, 131, 236, 169,
       182, 65, 204, 131, 249, 122, 142, 152, 124, 38, 234, 185, 95, 83,
       84, 167, 195, 224, 53, 16, 143, 42, 197, 91, 243, 135, 244, 225,
       29, 173, 9, 79, 82, 232, 51, 180, 161, 9, 215, 91, 73, 18, 153,
       213, 105, 98, 106, 67, 217, 31, 251, 219, 5, 61, 96, 42, 70, 98,
       155, 205, 14, 189, 22, 130, 58, 230, 180, 65, 82, 199, 61, 138,
       51, 193, 102, 107, 27, 197, 231, 137, 5, 255, 224, 39, 186, 128,
       60, 20, 57, 88, 2, 205, 36, 153, 213, 215, 190, 167, 31, 71, 74,
       3, 236, 126, 62, 64, 217, 27, 147, 129, 118, 152, 121, 255, 47,
       54, 158, 67, 16, 12, 181, 222, 193, 48, 191, 245, 12, 205, 113,
       19, 234, 249, 166, 28, 182, 185, 82, 43, 133, 118, 121, 24, 131,
       109, 243, 0, 207, 153, 117, 56, 8, 8, 83, 123, 65, 32, 189, 119,
       40, 78, 125, 48, 232, 218, 55, 80, 215, 49, 144, 59, 132, 68, 124,
       44, 177, 233, 177, 76, 207, 187, 112, 64, 200, 163, 67, 225, 248,
       184, 174, 188, 12, 236, 81, 55, 163, 85, 166, 29, 55, 189, 82,
       114, 205, 183, 253, 5, 59, 107, 243, 51, 219, 235, 112, 121, 232,
       136, 150, 122, 252, 45, 210, 60, 121, 188, 90, 18, 177, 134, 238,
       9, 111, 239, 3, 219, 230, 245, 237, 102, 44, 67, 210, 170, 211,
       253, 64, 59, 162, 245, 78, 82, 209, 48, 63, 184, 9, 205, 81, 82,
       233, 81, 164, 28, 182, 151, 66, 59, 128, 147, 124, 25, 187, 111,
       178, 3, 209, 249, 82, 26, 200, 0, 3, 115, 155, 92, 54, 190, 47,
       213, 156, 103, 157, 74, 208, 51, 239, 254, 35, 137, 239, 49, 191,
       135, 108, 15, 18, 191, 147, 247, 218, 155, 23, 60, 41, 91, 37, 53,
       241, 71, 96, 126, 239, 184, 105, 232, 121, 72, 243, 119, 205, 182,
       30, 94, 84, 106, 193, 242, 249, 40, 39, 248, 101, 48, 67, 243, 70,
       177, 126, 125, 229, 103, 219, 79, 215, 232, 51, 160, 172, 137,
       123, 125, 93, 182, 25, 214, 249, 115, 105, 99, 217, 190, 123, 223,
       5, 54, 99, 127, 222, 178, 106, 62, 174, 148, 77, 245, 185, 67,
       139, 127, 156, 187, 40, 190, 86, 11, 237, 179, 243, 145, 150, 91,
       178, 193, 95, 83, 218, 227, 135, 68, 127, 222, 47, 76, 98, 95, 85,
       247, 162, 66, 95, 64, 125, 2, 104, 220, 183, 164, 88, 42, 146, 75,
       135, 178, 60, 255, 39, 30, 3, 3, 87, 63, 116, 236, 219, 81, 116,
       225, 39, 22, 120, 28, 125, 120, 215, 179, 89, 31, 158, 255, 118,
       157, 253, 255, 236, 212, 229, 194, 199, 249, 202, 134, 39, 149,
