%YAML:1.0
---
descriptors: !!opencv-matrix
   rows: 217
   cols: 32
   dt: u
   data: [ 60, 7, 215, 236, 167, 98, 84, 127, 5, 143, 254, 179, 67, 55,
       41, 221, 94, 150, 134, 40, 60, 179, 1, 136, 242, 251, 100, 5, 183,
       252, 228, 147, 213, 72, 78, 167, 38, 2, 110, 184, 100, 226, 215,
       198, 83, 106, 155, 99, 118, 229, 60, 239, 237, 213, 77, 46, 240,
       171, 239, 132, 45, 187, 120, 17, 214, 140, 150, 151, 165, 118,
       188, 231, 62, 255, 219, 19, 236, 62, 110, 207, 237, 215, 175, 151,
       62, 222, 11, 227, 189, 50, 223, 71, 128, 125, 189, 95, 215, 223,
       110, 175, 182, 2, 111, 188, 36, 164, 218, 231, 115, 99, 187, 65,
       118, 229, 61, 238, 232, 145, 13, 109, 240, 170, 239, 128, 45, 178,
       176, 105, 97, 169, 249, 69, 180, 78, 103, 185, 99, 160, 174, 8,
       243, 113, 73, 48, 24, 254, 76, 104, 89, 186, 249, 45, 237, 188,
       37, 48, 64, 178, 66, 160, 100, 52, 189, 97, 189, 111, 65, 8, 115,
       251, 167, 24, 214, 119, 73, 58, 153, 220, 125, 56, 59, 114, 249,
       2, 207, 223, 5, 116, 192, 99, 70, 34, 25, 221, 62, 238, 25, 134,
       83, 178, 196, 8, 206, 68, 243, 115, 32, 112, 208, 50, 28, 104,
       203, 137, 121, 63, 235, 239, 32, 80, 56, 2, 96, 58, 124, 54, 184,
       114, 187, 108, 89, 19, 163, 191, 165, 57, 31, 183, 67, 26, 7, 215,
       253, 152, 26, 71, 234, 2, 219, 201, 117, 253, 162, 245, 134, 115,
       26, 133, 211, 225, 147, 98, 111, 191, 53, 161, 206, 194, 221, 39,
       136, 196, 119, 223, 157, 188, 27, 153, 53, 238, 169, 230, 143,
       196, 166, 214, 165, 56, 130, 148, 172, 185, 173, 181, 184, 143,
       30, 127, 67, 21, 140, 250, 122, 203, 193, 11, 187, 21, 54, 84, 91,
       147, 207, 115, 218, 111, 152, 92, 153, 210, 10, 140, 140, 185,
       153, 180, 184, 135, 62, 31, 74, 21, 172, 170, 98, 200, 193, 43,
       187, 149, 54, 220, 83, 243, 207, 247, 222, 203, 152, 68, 185, 154,
       243, 75, 71, 205, 44, 10, 236, 96, 237, 150, 178, 226, 99, 8, 181,
       127, 106, 228, 110, 239, 236, 231, 5, 204, 176, 42, 231, 148, 101,
       185, 112, 12, 116, 161, 191, 250, 136, 205, 145, 77, 174, 21, 161,
       9, 247, 255, 104, 90, 233, 177, 107, 16, 26, 99, 154, 49, 217,
       195, 95, 121, 208, 32, 167, 98, 215, 142, 198, 181, 142, 50, 124,
       175, 180, 210, 210, 247, 99, 106, 178, 75, 127, 230, 125, 167,
       252, 221, 143, 172, 184, 99, 255, 149, 173, 252, 184, 77, 25, 207,
       82, 207, 23, 150, 106, 246, 125, 0, 110, 70, 111, 243, 166, 228,
       118, 238, 14, 236, 229, 153, 29, 255, 186, 238, 6, 2, 63, 146,
       105, 13, 37, 175, 217, 79, 248, 159, 79, 159, 94, 233, 124, 204,
       243, 231, 192, 112, 95, 126, 38, 92, 211, 56, 237, 51, 44, 191,
       53, 116, 218, 242, 194, 185, 202, 189, 176, 204, 237, 125, 190,
       107, 171, 222, 60, 25, 172, 190, 87, 18, 207, 91, 219, 163, 52,
       11, 250, 226, 111, 85, 155, 175, 146, 101, 143, 222, 154, 245,
       130, 240, 177, 211, 70, 207, 55, 57, 134, 52, 142, 150, 72, 180,
       153, 223, 221, 208, 127, 205, 153, 247, 171, 215, 157, 247, 138,
       20, 190, 31, 9, 177, 57, 235, 20, 237, 105, 123, 70, 65, 77, 0,
       183, 23, 8, 96, 84, 26, 18, 8, 19, 184, 115, 29, 205, 205, 50, 64,
       88, 130, 161, 168, 10, 132, 156, 187, 183, 249, 176, 143, 94, 123,
       67, 51, 172, 188, 106, 232, 211, 27, 187, 17, 54, 220, 75, 147,
       143, 87, 94, 71, 144, 76, 157, 15, 138, 245, 52, 169, 237, 221,
       188, 207, 143, 86, 28, 3, 140, 222, 111, 79, 167, 27, 251, 17, 86,
       101, 58, 208, 239, 81, 95, 47, 22, 94, 133, 223, 161, 168, 135,
       223, 205, 175, 105, 95, 87, 243, 224, 94, 114, 161, 16, 61, 89,
       238, 98, 156, 187, 254, 115, 189, 77, 186, 213, 96, 203, 200, 242,
       168, 41, 173, 75, 105, 84, 159, 98, 88, 114, 97, 120, 72, 51, 89,
       144, 176, 88, 172, 18, 124, 143, 186, 116, 31, 111, 237, 161, 96,
       107, 138, 122, 168, 110, 63, 32, 198, 237, 245, 191, 226, 137,
       238, 156, 43, 44, 255, 119, 135, 237, 243, 215, 227, 244, 75, 186,
       234, 127, 93, 207, 187, 23, 127, 63, 223, 14, 215, 50, 203, 237,
       253, 191, 221, 205, 94, 29, 39, 172, 254, 127, 231, 175, 91, 159,
       119, 215, 33, 58, 242, 175, 89, 143, 175, 158, 126, 221, 215, 239,
       181, 242, 196, 255, 119, 159, 239, 155, 239, 157, 63, 76, 124, 54,
       167, 191, 87, 215, 39, 245, 107, 56, 223, 59, 95, 79, 191, 223,
       126, 171, 215, 25, 135, 80, 217, 179, 155, 109, 223, 119, 45, 126,
       38, 175, 163, 170, 228, 55, 10, 166, 28, 150, 152, 37, 247, 174,
       221, 22, 231, 178, 148, 137, 173, 32, 139, 56, 121, 188, 141, 67,
       191, 86, 13, 124, 8, 183, 17, 128, 96, 68, 58, 12, 72, 218, 40,
       99, 63, 237, 237, 36, 120, 16, 136, 212, 105, 50, 184, 23, 188,
       29, 141, 66, 226, 207, 144, 160, 76, 166, 210, 101, 150, 200, 225,
       106, 64, 75, 107, 210, 125, 145, 144, 3, 62, 88, 40, 67, 10, 220,
       244, 58, 186, 59, 124, 82, 216, 187, 94, 165, 25, 94, 223, 107,
       89, 183, 217, 221, 115, 62, 71, 186, 243, 219, 241, 35, 239, 178,
       7, 47, 83, 124, 163, 150, 240, 205, 39, 240, 205, 231, 189, 162,
       15, 74, 249, 108, 203, 233, 196, 235, 176, 28, 107, 155, 208, 219,
       211, 215, 127, 131, 14, 254, 2, 246, 96, 199, 100, 11, 72, 68, 64,
       225, 242, 163, 8, 67, 63, 69, 59, 168, 245, 104, 226, 73, 71, 195,
       64, 145, 168, 193, 59, 97, 49, 102, 38, 124, 244, 56, 234, 203,
       119, 83, 216, 3, 30, 165, 11, 95, 95, 107, 89, 255, 217, 149, 242,
       14, 71, 186, 149, 219, 195, 99, 111, 178, 51, 46, 83, 100, 36,
       209, 65, 192, 106, 226, 72, 106, 179, 171, 24, 214, 54, 77, 58,
       187, 221, 72, 179, 25, 114, 233, 66, 157, 148, 65, 52, 193, 115,
       71, 162, 24, 141, 22, 173, 157, 143, 70, 101, 164, 0, 170, 2, 99,
       49, 32, 65, 120, 166, 200, 226, 120, 169, 17, 61, 249, 227, 130,
       81, 97, 10, 236, 10, 86, 221, 45, 191, 184, 199, 95, 188, 132,
       252, 142, 135, 245, 119, 32, 67, 198, 243, 125, 239, 121, 73, 59,
       61, 233, 193, 175, 208, 52, 179, 149, 123, 24, 161, 159, 248, 9,
       205, 81, 200, 166, 149, 160, 1, 151, 215, 96, 90, 232, 241, 109,
       80, 10, 75, 154, 17, 217, 224, 27, 125, 176, 34, 39, 34, 34, 181,
       2, 132, 79, 53, 188, 103, 137, 83, 88, 159, 44, 168, 126, 135,
       236, 15, 211, 133, 148, 123, 150, 193, 54, 16, 218, 107, 13, 76,
       155, 222, 160, 168, 154, 250, 201, 165, 144, 199, 158, 7, 224, 25,
       166, 209, 96, 24, 217, 59, 162, 16, 42, 47, 90, 51, 201, 151, 17,
       123, 208, 72, 238, 138, 124, 97, 255, 102, 34, 74, 79, 248, 225,
       164, 187, 169, 83, 99, 9, 19, 58, 212, 109, 106, 72, 243, 141, 8,
       240, 233, 101, 148, 101, 179, 102, 3, 117, 184, 155, 105, 120, 79,
       114, 240, 117, 104, 226, 8, 87, 247, 9, 112, 248, 220, 110, 106,
       77, 179, 249, 8, 223, 239, 37, 21, 224, 34, 106, 34, 101, 176,
       153, 242, 173, 237, 81, 203, 206, 113, 169, 24, 150, 220, 76, 56,
       137, 26, 122, 17, 19, 99, 250, 17, 221, 157, 25, 126, 208, 73,
       211, 50, 53, 207, 111, 79, 180, 27, 239, 252, 116, 232, 250, 70,
       115, 97, 189, 224, 126, 238, 22, 238, 249, 176, 109, 61, 63, 237,
       167, 132, 117, 187, 240, 233, 27, 178, 247, 121, 171, 189, 185,
       87, 127, 123, 214, 255, 62, 189, 214, 60, 167, 159, 253, 21, 159,
       223, 163, 209, 219, 123, 120, 210, 207, 196, 183, 119, 196, 76,
       222, 183, 132, 42, 108, 5, 126, 178, 107, 144, 199, 99, 17, 219,
       115, 237, 106, 154, 64, 244, 207, 72, 164, 162, 207, 0, 164, 114,
       233, 0, 192, 48, 191, 116, 137, 237, 113, 87, 235, 19, 164, 24,
       182, 243, 72, 59, 161, 54, 104, 24, 27, 111, 178, 64, 219, 187,
       84, 121, 192, 64, 231, 170, 112, 114, 217, 70, 40, 76, 65, 88,
       162, 188, 165, 12, 19, 135, 64, 18, 1, 220, 68, 90, 8, 67, 186,
       16, 217, 136, 37, 60, 96, 162, 70, 179, 69, 235, 220, 229, 244,
       42, 108, 139, 126, 49, 106, 208, 215, 35, 217, 88, 51, 78, 106,
       24, 16, 240, 197, 85, 196, 174, 115, 68, 196, 248, 193, 160, 245,
