%YAML:1.0
---
descriptors: !!opencv-matrix
   rows: 212
   cols: 32
   dt: u
   data: [ 236, 102, 212, 64, 237, 123, 70, 202, 123, 182, 44, 40, 66,
       120, 207, 159, 153, 196, 226, 114, 172, 114, 205, 24, 30, 90, 69,
       55, 195, 253, 94, 134, 24, 221, 59, 106, 131, 200, 55, 231, 229,
       14, 110, 32, 62, 151, 32, 52, 32, 115, 204, 66, 82, 185, 32, 35,
       243, 229, 52, 3, 98, 82, 167, 107, 38, 30, 252, 95, 239, 185, 150,
       3, 159, 135, 253, 183, 238, 248, 167, 78, 199, 115, 171, 2, 52,
       166, 110, 251, 6, 62, 80, 27, 222, 237, 92, 71, 104, 73, 211, 77,
       213, 75, 101, 183, 100, 160, 110, 8, 51, 177, 129, 180, 8, 126,
       66, 24, 81, 184, 241, 8, 109, 173, 52, 0, 227, 248, 198, 168, 72,
       145, 149, 253, 169, 110, 53, 191, 174, 185, 74, 64, 220, 119, 8,
       206, 197, 87, 253, 48, 19, 216, 83, 145, 205, 246, 127, 86, 146,
       98, 133, 51, 181, 172, 255, 247, 180, 175, 107, 166, 119, 179,
       243, 24, 243, 105, 93, 59, 217, 238, 117, 155, 59, 252, 203, 235,
       143, 255, 215, 64, 193, 249, 82, 32, 205, 250, 183, 255, 237, 156,
       111, 156, 255, 218, 182, 16, 249, 251, 93, 123, 197, 107, 127,
       218, 227, 69, 251, 243, 79, 251, 223, 44, 194, 241, 98, 186, 172,
       237, 144, 190, 253, 111, 183, 236, 154, 166, 185, 26, 238, 240,
       105, 7, 249, 242, 206, 98, 120, 103, 216, 254, 189, 214, 207, 63,
       215, 127, 215, 130, 245, 95, 110, 175, 22, 6, 79, 252, 4, 164,
       210, 199, 113, 99, 155, 65, 126, 228, 61, 239, 232, 147, 125, 45,
       240, 42, 239, 128, 45, 191, 112, 120, 216, 201, 105, 239, 23, 66,
       111, 173, 53, 4, 226, 2, 115, 95, 16, 80, 112, 245, 121, 234, 72,
       152, 57, 109, 245, 234, 206, 1, 33, 178, 230, 106, 242, 65, 70,
       140, 14, 82, 206, 104, 197, 164, 178, 162, 67, 104, 180, 199, 120,
       228, 236, 227, 108, 163, 5, 204, 176, 234, 195, 151, 117, 62, 124,
       4, 10, 140, 140, 187, 185, 164, 57, 15, 54, 31, 78, 21, 173, 187,
       2, 72, 193, 43, 187, 149, 62, 216, 83, 55, 207, 247, 190, 201,
       152, 64, 185, 90, 0, 160, 148, 187, 203, 169, 32, 143, 62, 51, 65,
       152, 156, 226, 72, 200, 99, 27, 234, 144, 51, 92, 219, 87, 141,
       134, 94, 108, 152, 0, 137, 128, 200, 141, 191, 251, 237, 237, 117,
       183, 239, 63, 46, 24, 254, 253, 96, 91, 129, 118, 122, 28, 114,
       105, 251, 177, 239, 251, 85, 91, 210, 88, 196, 42, 12, 148, 156,
       187, 191, 235, 176, 139, 30, 123, 71, 51, 156, 56, 74, 73, 225,
       15, 187, 21, 54, 92, 75, 147, 206, 87, 219, 103, 152, 76, 153,
       147, 117, 113, 233, 102, 204, 71, 207, 248, 67, 234, 185, 14, 83,
       124, 221, 34, 89, 204, 84, 254, 201, 99, 255, 56, 123, 205, 229,
       60, 253, 251, 114, 244, 162, 123, 248, 223, 234, 137, 190, 253,
       30, 134, 112, 239, 172, 200, 199, 8, 174, 123, 135, 67, 198, 108,
       223, 249, 36, 0, 119, 187, 93, 248, 141, 157, 129, 241, 19, 233,
       116, 143, 233, 125, 124, 72, 113, 68, 183, 81, 56, 97, 180, 24,
       22, 45, 227, 188, 17, 31, 229, 168, 42, 8, 88, 130, 35, 169, 254,
       176, 156, 178, 139, 205, 16, 143, 139, 55, 133, 25, 174, 253, 74,
       27, 129, 211, 237, 17, 62, 79, 218, 177, 219, 211, 93, 127, 210,
       76, 142, 83, 32, 168, 185, 248, 77, 237, 65, 79, 223, 27, 224, 24,
       182, 217, 32, 56, 201, 187, 66, 16, 58, 46, 82, 51, 197, 222, 16,
       59, 208, 8, 198, 170, 130, 111, 19, 184, 203, 225, 189, 199, 173,
       22, 216, 179, 172, 143, 97, 74, 239, 59, 203, 145, 82, 15, 130,
       243, 117, 16, 30, 235, 148, 84, 165, 171, 61, 205, 107, 222, 212,
       214, 207, 246, 213, 192, 220, 2, 115, 249, 181, 100, 120, 234, 23,
       203, 233, 187, 62, 175, 115, 111, 175, 136, 55, 251, 116, 236, 60,
       77, 122, 238, 85, 147, 214, 248, 85, 132, 254, 3, 115, 233, 181,
       64, 120, 232, 135, 106, 232, 179, 24, 191, 115, 239, 167, 9, 119,
       187, 120, 138, 55, 207, 71, 239, 150, 2, 111, 252, 36, 132, 219,
       231, 97, 103, 177, 85, 126, 228, 47, 238, 200, 145, 45, 237, 176,
       168, 175, 128, 53, 179, 240, 121, 245, 64, 78, 172, 12, 6, 66, 40,
       165, 128, 227, 3, 83, 67, 41, 83, 120, 196, 108, 230, 76, 135, 65,
       12, 147, 235, 192, 20, 32, 170, 96, 2, 245, 74, 69, 207, 236, 6,
       79, 180, 16, 38, 227, 220, 83, 5, 145, 223, 76, 196, 60, 110, 233,
       214, 253, 34, 182, 235, 244, 144, 38, 187, 240, 120, 49, 7, 15,
       173, 188, 47, 79, 63, 69, 172, 218, 68, 211, 97, 177, 132, 92,
       164, 79, 109, 152, 160, 101, 28, 225, 174, 165, 148, 246, 250,
       208, 96, 53, 205, 111, 79, 180, 27, 238, 248, 116, 224, 251, 66,
       115, 104, 189, 224, 122, 236, 22, 238, 201, 176, 109, 63, 62, 237,
       167, 132, 125, 187, 240, 160, 197, 104, 191, 254, 44, 221, 125,
       220, 255, 218, 164, 0, 244, 251, 125, 107, 193, 105, 123, 90, 194,
       101, 250, 241, 215, 219, 215, 44, 208, 113, 99, 170, 214, 142,
       198, 181, 142, 50, 60, 239, 180, 242, 210, 247, 67, 106, 163, 75,
       127, 230, 125, 167, 252, 205, 143, 140, 184, 98, 255, 151, 173,
       252, 56, 93, 2, 150, 157, 187, 151, 251, 176, 143, 30, 59, 75,
       115, 206, 188, 106, 232, 183, 27, 171, 17, 54, 216, 73, 151, 143,
       247, 31, 71, 144, 76, 141, 7, 10, 157, 136, 187, 177, 241, 16,
       175, 30, 65, 78, 33, 175, 123, 34, 80, 193, 43, 191, 17, 30, 136,
       67, 183, 235, 247, 158, 195, 152, 68, 189, 11, 26, 238, 36, 154,
       29, 217, 202, 238, 143, 12, 156, 11, 174, 197, 22, 132, 33, 227,
       223, 221, 74, 9, 10, 255, 185, 84, 141, 243, 51, 7, 29, 110, 38,
       160, 88, 187, 236, 105, 168, 11, 14, 49, 177, 186, 156, 202, 72,
       137, 139, 27, 235, 17, 18, 110, 203, 209, 140, 16, 31, 125, 148,
       8, 133, 128, 223, 252, 181, 151, 165, 252, 190, 183, 190, 251,
       223, 86, 252, 254, 75, 239, 253, 255, 255, 159, 183, 216, 251,
       243, 191, 127, 223, 66, 142, 117, 185, 253, 114, 160, 158, 187,
       205, 237, 224, 207, 143, 55, 160, 27, 34, 186, 76, 219, 233, 135,
       106, 145, 62, 111, 219, 209, 157, 178, 223, 123, 185, 72, 254,
       142, 118, 168, 134, 242, 141, 192, 224, 193, 231, 53, 163, 11, 10,
       219, 108, 159, 233, 167, 235, 145, 26, 107, 154, 241, 153, 242,
       219, 127, 225, 8, 126, 6, 147, 130, 198, 181, 150, 178, 232, 87,
       126, 243, 210, 247, 237, 40, 150, 203, 127, 239, 174, 149, 180,
       252, 197, 205, 140, 99, 251, 193, 173, 140, 249, 141, 109, 177,
       185, 193, 205, 253, 65, 200, 207, 249, 173, 28, 158, 144, 95, 190,
       137, 8, 90, 30, 19, 99, 250, 144, 207, 217, 1, 126, 218, 15, 90,
       246, 129, 164, 17, 201, 116, 143, 96, 121, 124, 0, 97, 84, 215,
       17, 152, 165, 82, 8, 18, 46, 243, 188, 89, 95, 132, 154, 34, 68,
       88, 136, 97, 160, 26, 229, 3, 225, 149, 242, 110, 246, 55, 203,
       222, 146, 13, 167, 176, 228, 121, 223, 157, 184, 123, 153, 49,
       206, 187, 215, 159, 197, 175, 212, 169, 60, 30, 123, 240, 191,
       106, 137, 190, 80, 30, 198, 80, 231, 173, 204, 199, 132, 46, 123,
       135, 71, 199, 248, 222, 233, 100, 69, 47, 168, 127, 255, 137, 217,
       209, 225, 29, 77, 48, 78, 67, 61, 100, 8, 239, 72, 243, 17, 136,
       116, 16, 132, 108, 104, 75, 168, 113, 15, 235, 172, 36, 84, 104,
       130, 194, 40, 163, 172, 10, 158, 93, 181, 184, 99, 137, 71, 153,
       31, 172, 232, 118, 2, 201, 163, 243, 133, 52, 47, 210, 207, 95,
       22, 218, 107, 141, 12, 251, 214, 190, 98, 134, 176, 105, 53, 88,
       200, 139, 191, 177, 221, 78, 202, 111, 159, 221, 193, 231, 118,
       14, 103, 138, 208, 154, 209, 197, 127, 211, 127, 106, 7, 222, 244,
       26, 186, 187, 44, 82, 216, 191, 26, 161, 25, 206, 210, 107, 89,
       183, 89, 204, 114, 46, 71, 154, 243, 185, 241, 11, 127, 152, 19,
       43, 3, 48, 39, 11, 168, 152, 231, 2, 79, 166, 13, 232, 65, 6, 192,
       32, 208, 216, 170, 8, 48, 31, 171, 0, 31, 185, 164, 163, 83, 145,
       74, 182, 138, 116, 236, 153, 226, 201, 105, 83, 200, 163, 181,
       173, 8, 86, 243, 73, 91, 1, 212, 105, 114, 26, 67, 203, 48, 217,
