%YAML:1.0
---
descriptors: !!opencv-matrix
   rows: 219
   cols: 32
   dt: u
   data: [ 218, 176, 181, 250, 169, 253, 17, 203, 187, 63, 165, 25, 142,
       255, 108, 223, 133, 147, 237, 16, 58, 79, 250, 243, 219, 211, 91,
       127, 146, 64, 135, 51, 19, 91, 10, 189, 18, 130, 56, 246, 60, 69,
       66, 167, 173, 135, 50, 64, 102, 43, 179, 197, 230, 152, 6, 255,
       228, 39, 186, 129, 60, 20, 57, 91, 62, 28, 82, 142, 85, 95, 254,
       233, 29, 46, 241, 11, 78, 109, 63, 213, 251, 209, 207, 163, 108,
       35, 88, 222, 183, 215, 203, 23, 23, 111, 126, 146, 205, 248, 190,
       255, 109, 252, 125, 158, 255, 219, 38, 16, 252, 255, 93, 123, 193,
       119, 123, 26, 162, 69, 251, 243, 207, 251, 215, 42, 130, 113, 115,
       42, 231, 74, 107, 94, 102, 16, 239, 244, 121, 68, 119, 214, 121,
       236, 191, 121, 126, 237, 55, 239, 165, 246, 174, 237, 54, 107,
       234, 136, 109, 183, 115, 245, 248, 252, 185, 120, 11, 205, 87,
       199, 51, 50, 164, 24, 63, 159, 64, 48, 169, 185, 196, 2, 107, 15,
       250, 51, 243, 197, 20, 59, 114, 80, 134, 186, 107, 50, 105, 72,
       121, 245, 121, 27, 3, 204, 124, 237, 56, 223, 214, 180, 23, 184,
       183, 156, 135, 26, 230, 211, 94, 93, 161, 234, 207, 134, 110, 247,
       98, 28, 253, 24, 203, 241, 145, 103, 203, 247, 188, 175, 12, 60,
       102, 26, 239, 183, 255, 17, 148, 107, 246, 208, 95, 86, 88, 251,
       215, 76, 197, 95, 236, 113, 241, 70, 224, 110, 79, 220, 51, 174,
       109, 104, 123, 55, 193, 180, 54, 252, 116, 106, 65, 82, 249, 106,
       127, 216, 101, 172, 98, 243, 70, 249, 155, 112, 124, 101, 39, 82,
       121, 28, 103, 252, 86, 178, 217, 31, 159, 111, 54, 21, 253, 253,
       196, 212, 245, 204, 71, 249, 186, 134, 39, 132, 120, 125, 139, 77,
       198, 133, 247, 22, 252, 119, 45, 232, 94, 199, 8, 174, 183, 167,
       110, 165, 183, 173, 197, 155, 53, 206, 62, 88, 206, 130, 47, 244,
       121, 221, 252, 205, 220, 191, 154, 75, 102, 173, 54, 134, 226,
       152, 247, 99, 9, 209, 115, 254, 234, 98, 120, 244, 217, 47, 172,
       231, 69, 85, 224, 251, 138, 8, 7, 91, 102, 154, 69, 176, 190, 96,
       141, 196, 218, 135, 40, 206, 55, 197, 238, 169, 179, 199, 196,
       147, 22, 236, 50, 112, 202, 139, 15, 63, 61, 214, 73, 147, 253,
       239, 46, 86, 223, 56, 76, 108, 87, 166, 253, 125, 154, 34, 22, 85,
       189, 111, 193, 48, 175, 157, 199, 235, 107, 132, 127, 190, 5, 113,
       109, 23, 233, 238, 236, 125, 223, 25, 129, 236, 189, 239, 219,
       125, 235, 167, 222, 210, 183, 110, 217, 35, 236, 136, 118, 217,
       229, 188, 159, 255, 212, 241, 154, 93, 50, 148, 99, 240, 190, 98,
       173, 196, 94, 35, 44, 190, 39, 64, 166, 127, 191, 195, 100, 139,
       162, 234, 243, 245, 10, 139, 6, 117, 37, 211, 247, 231, 230, 134,
       94, 3, 198, 248, 81, 226, 215, 207, 83, 104, 159, 37, 120, 236,
       51, 239, 237, 247, 205, 174, 120, 42, 197, 180, 111, 191, 90, 132,
       2, 201, 6, 159, 91, 212, 190, 230, 189, 0, 66, 131, 172, 238, 37,
       193, 228, 123, 187, 197, 102, 137, 18, 253, 45, 54, 222, 11, 16,
       5, 41, 158, 124, 55, 222, 236, 240, 34, 95, 17, 49, 134, 239, 165,
       95, 103, 3, 90, 118, 253, 141, 186, 56, 211, 129, 10, 251, 239,
       166, 129, 162, 243, 110, 115, 138, 218, 54, 159, 35, 208, 188,
       230, 159, 13, 84, 163, 172, 222, 35, 69, 230, 123, 179, 193, 70,
       156, 34, 255, 103, 113, 154, 139, 22, 20, 45, 223, 198, 156, 191,
       191, 174, 102, 189, 207, 190, 95, 218, 51, 212, 182, 108, 75, 231,
       87, 59, 145, 48, 221, 187, 226, 253, 54, 222, 198, 132, 80, 181,
       123, 61, 103, 225, 71, 222, 19, 199, 248, 86, 226, 185, 206, 83,
       104, 221, 164, 121, 204, 70, 239, 233, 178, 109, 58, 56, 204, 165,
       52, 111, 251, 82, 180, 48, 4, 203, 224, 148, 34, 227, 87, 84, 131,
       218, 82, 17, 128, 177, 104, 121, 172, 6, 184, 9, 183, 0, 202, 145,
       174, 190, 0, 165, 248, 112, 168, 61, 77, 107, 222, 212, 147, 207,
       244, 213, 136, 252, 98, 115, 233, 181, 96, 88, 234, 22, 234, 233,
       171, 46, 175, 114, 239, 165, 136, 119, 251, 112, 169, 148, 156,
       159, 151, 164, 162, 172, 231, 62, 179, 218, 50, 252, 114, 105, 75,
       235, 207, 46, 147, 122, 220, 75, 227, 188, 38, 223, 66, 132, 121,
       177, 11, 174, 253, 114, 182, 253, 255, 254, 237, 159, 238, 185,
       11, 204, 254, 127, 133, 251, 247, 223, 227, 100, 99, 56, 254, 191,
       94, 207, 191, 71, 127, 239, 215, 191, 157, 246, 124, 181, 246,
       222, 255, 125, 207, 254, 179, 75, 253, 191, 245, 255, 255, 213,
       165, 188, 251, 57, 239, 187, 255, 133, 135, 231, 246, 238, 215,
       72, 172, 188, 113, 169, 237, 117, 151, 254, 59, 174, 24, 190, 179,
       64, 59, 129, 18, 106, 8, 50, 109, 179, 83, 207, 223, 86, 59, 194,
       80, 131, 42, 92, 188, 148, 56, 171, 253, 20, 207, 251, 31, 176,
       61, 174, 254, 66, 155, 143, 147, 236, 17, 30, 107, 210, 241, 155,
       211, 86, 123, 218, 68, 143, 23, 55, 95, 67, 138, 246, 128, 238,
       220, 151, 72, 217, 231, 97, 195, 189, 196, 126, 235, 23, 255, 203,
       131, 14, 239, 56, 44, 175, 136, 189, 255, 240, 145, 120, 116, 121,
       104, 57, 71, 83, 120, 39, 232, 185, 8, 95, 95, 72, 48, 220, 157,
       93, 98, 75, 39, 249, 159, 243, 217, 33, 63, 113, 170, 102, 51,
       139, 91, 107, 141, 54, 214, 191, 180, 28, 204, 86, 231, 253, 126,
       183, 97, 246, 125, 151, 239, 225, 144, 53, 237, 102, 57, 175, 128,
       30, 190, 61, 253, 124, 116, 121, 110, 56, 79, 91, 184, 19, 232,
       181, 12, 83, 87, 201, 48, 94, 220, 93, 122, 201, 50, 249, 28, 243,
       201, 165, 189, 123, 187, 70, 115, 44, 13, 50, 218, 253, 247, 242,
       98, 223, 9, 221, 2, 240, 248, 37, 96, 216, 234, 6, 82, 26, 171,
       106, 191, 115, 255, 130, 75, 147, 91, 112, 130, 183, 66, 110, 5,
       12, 26, 238, 232, 52, 166, 210, 199, 67, 72, 151, 203, 120, 196,
       251, 239, 236, 247, 205, 136, 180, 107, 207, 149, 101, 63, 122,
       196, 183, 107, 102, 143, 79, 19, 134, 232, 83, 230, 210, 239, 66,
       232, 159, 133, 88, 236, 115, 111, 237, 247, 207, 188, 48, 42, 197,
       182, 109, 63, 122, 212, 220, 13, 222, 172, 241, 182, 90, 19, 177,
       142, 238, 21, 95, 167, 35, 211, 118, 253, 189, 190, 56, 203, 144,
       138, 211, 239, 166, 129, 170, 229, 44, 83, 171, 165, 32, 186, 221,
       253, 208, 239, 223, 117, 141, 25, 138, 156, 94, 133, 201, 11, 211,
       21, 62, 110, 90, 247, 15, 93, 156, 127, 210, 12, 222, 206, 109,
       31, 233, 229, 252, 126, 219, 178, 0, 236, 190, 239, 155, 61, 147,
       34, 14, 244, 149, 124, 185, 170, 101, 142, 110, 253, 37, 180, 207,
       253, 84, 113, 181, 239, 233, 6, 94, 83, 198, 248, 82, 226, 240,
       238, 83, 104, 213, 160, 25, 204, 66, 111, 237, 247, 237, 46, 56,
       14, 229, 60, 109, 187, 122, 132, 165, 116, 241, 71, 96, 126, 110,
       252, 115, 226, 121, 72, 91, 118, 205, 181, 62, 92, 84, 106, 225,
       246, 253, 42, 39, 220, 101, 36, 107, 243, 66, 181, 82, 22, 246,
       164, 67, 210, 184, 99, 169, 230, 222, 163, 13, 174, 39, 66, 239,
       181, 223, 161, 196, 155, 36, 206, 31, 118, 223, 135, 39, 228, 45,
       223, 130, 93, 54, 158, 75, 180, 190, 98, 189, 134, 194, 131, 172,
       254, 39, 64, 238, 251, 187, 195, 68, 143, 146, 234, 51, 112, 218,
       11, 4, 117, 37, 222, 130, 201, 6, 158, 73, 132, 188, 230, 191, 1,
       200, 3, 172, 250, 37, 65, 236, 123, 59, 193, 70, 137, 18, 253, 37,
       50, 218, 11, 16, 16, 33, 142, 252, 96, 185, 226, 109, 109, 83,
       216, 19, 190, 181, 24, 83, 221, 73, 59, 217, 216, 117, 122, 74,
       103, 251, 48, 211, 217, 229, 61, 209, 251, 86, 226, 170, 177, 16,
       186, 125, 217, 144, 204, 143, 61, 161, 43, 238, 220, 110, 148,
       217, 27, 203, 65, 6, 35, 74, 245, 155, 208, 11, 127, 82, 14, 141,
       207, 10, 222, 34, 157, 19, 244, 190, 198, 31, 70, 92, 167, 172,
       206, 39, 192, 222, 123, 179, 197, 102, 156, 18, 255, 39, 54, 154,
       139, 22, 85, 45, 223, 70, 188, 149, 211, 234, 236, 45, 175, 191,
       91, 179, 80, 252, 246, 72, 127, 231, 123, 127, 153, 51, 73, 186,
