%YAML:1.0
---
descriptors: !!opencv-matrix
   rows: 266
   cols: 32
   dt: u
   data: [ 130, 137, 98, 223, 119, 210, 121, 103, 189, 5, 86, 178, 44,
       151, 182, 244, 98, 186, 147, 137, 50, 152, 36, 239, 55, 125, 146,
       131, 55, 132, 245, 236, 202, 220, 151, 146, 139, 208, 52, 199,
       191, 31, 2, 51, 172, 182, 100, 206, 231, 119, 235, 145, 54, 205,
       186, 227, 191, 118, 94, 195, 130, 84, 165, 127, 188, 73, 110, 238,
       29, 199, 79, 248, 133, 132, 245, 2, 115, 219, 33, 96, 120, 224,
       19, 234, 72, 167, 122, 189, 243, 233, 135, 25, 55, 187, 116, 34,
       10, 220, 178, 154, 219, 241, 182, 231, 159, 85, 108, 179, 44, 254,
       38, 228, 231, 123, 179, 145, 23, 26, 58, 247, 63, 54, 30, 107,
       159, 84, 173, 223, 49, 3, 107, 77, 126, 3, 203, 89, 86, 224, 254,
       198, 115, 201, 180, 100, 126, 172, 54, 45, 137, 179, 117, 157, 50,
       44, 161, 148, 125, 170, 112, 180, 48, 207, 43, 254, 52, 196, 111,
       118, 20, 72, 86, 3, 49, 199, 48, 97, 76, 250, 23, 207, 232, 158,
       54, 61, 225, 175, 186, 136, 49, 152, 244, 248, 202, 148, 182, 216,
       219, 244, 177, 75, 191, 87, 79, 18, 12, 190, 46, 109, 231, 19,
       147, 145, 54, 79, 50, 215, 95, 119, 26, 75, 154, 68, 173, 215, 61,
       101, 105, 71, 212, 91, 79, 249, 65, 228, 253, 138, 83, 101, 217,
       36, 90, 204, 22, 106, 201, 178, 253, 46, 119, 141, 165, 60, 119,
       251, 214, 248, 184, 221, 48, 250, 29, 213, 150, 239, 222, 65, 236,
       3, 50, 152, 38, 32, 200, 42, 147, 65, 94, 43, 82, 191, 187, 221,
       16, 123, 83, 12, 252, 142, 120, 249, 27, 234, 19, 205, 82, 240,
       161, 0, 172, 9, 63, 215, 32, 16, 170, 185, 204, 66, 74, 11, 154,
       61, 243, 205, 0, 59, 114, 3, 38, 26, 64, 173, 187, 244, 176, 172,
       125, 55, 184, 143, 106, 0, 182, 179, 64, 115, 161, 127, 125, 24,
       114, 201, 178, 77, 249, 187, 54, 64, 0, 64, 231, 43, 218, 78, 110,
       188, 50, 194, 63, 230, 164, 140, 222, 163, 45, 207, 163, 83, 102,
       253, 173, 225, 68, 143, 132, 108, 242, 225, 174, 139, 37, 180, 45,
       75, 222, 121, 178, 186, 27, 196, 19, 194, 175, 13, 196, 19, 44,
       222, 103, 88, 228, 123, 217, 81, 6, 15, 146, 227, 211, 245, 26,
       123, 146, 21, 47, 91, 223, 198, 94, 237, 174, 2, 76, 121, 189,
       146, 151, 242, 95, 123, 184, 99, 119, 197, 125, 170, 253, 197, 5,
       206, 240, 235, 239, 148, 44, 240, 169, 0, 32, 181, 88, 233, 247,
       217, 182, 239, 91, 49, 125, 59, 14, 189, 46, 176, 187, 26, 130,
       16, 22, 58, 24, 149, 47, 221, 5, 127, 211, 74, 206, 135, 237, 116,
       253, 69, 172, 111, 231, 152, 82, 250, 182, 88, 211, 57, 209, 47,
       93, 212, 124, 122, 185, 116, 253, 2, 109, 138, 229, 244, 206, 249,
       80, 97, 63, 1, 231, 236, 199, 131, 173, 112, 5, 192, 125, 131, 89,
       239, 189, 172, 126, 185, 23, 237, 152, 146, 38, 220, 243, 239,
       234, 136, 183, 191, 179, 224, 194, 175, 140, 151, 141, 190, 61,
       135, 158, 183, 6, 17, 132, 186, 82, 107, 161, 103, 121, 25, 52,
       221, 139, 224, 205, 83, 223, 119, 128, 120, 157, 78, 71, 50, 191,
       247, 226, 44, 57, 16, 187, 255, 87, 116, 220, 247, 203, 122, 167,
       93, 253, 17, 145, 212, 186, 192, 206, 250, 127, 174, 136, 101, 35,
       243, 8, 142, 147, 187, 20, 227, 163, 66, 30, 7, 73, 146, 173, 196,
       32, 64, 219, 59, 3, 17, 50, 188, 66, 191, 197, 134, 154, 1, 148,
       9, 53, 168, 80, 124, 251, 116, 34, 200, 55, 178, 189, 198, 78,
       160, 191, 247, 131, 122, 39, 247, 253, 66, 65, 157, 178, 106, 243,
       239, 100, 139, 32, 241, 39, 123, 32, 180, 187, 243, 116, 205, 233,
       85, 30, 43, 121, 17, 245, 207, 44, 16, 217, 58, 7, 24, 51, 188,
       80, 223, 109, 158, 178, 96, 208, 138, 213, 186, 184, 133, 110,
       236, 151, 119, 207, 111, 85, 2, 254, 18, 83, 121, 56, 97, 120,
       228, 27, 234, 104, 183, 37, 142, 243, 239, 128, 5, 115, 122, 244,
       42, 42, 33, 99, 232, 95, 87, 248, 74, 140, 32, 220, 10, 153, 157,
       48, 32, 72, 21, 219, 233, 64, 35, 210, 220, 87, 73, 138, 61, 119,
       14, 85, 162, 91, 33, 122, 204, 75, 23, 121, 88, 204, 192, 220, 2,
       157, 150, 51, 96, 102, 141, 91, 236, 192, 3, 182, 220, 211, 41,
       170, 172, 52, 130, 33, 160, 9, 134, 167, 191, 61, 123, 228, 57,
       87, 235, 91, 114, 227, 248, 186, 225, 91, 236, 182, 53, 189, 244,
       239, 159, 142, 111, 253, 133, 127, 238, 216, 133, 19, 128, 215,
       181, 86, 130, 233, 120, 126, 145, 16, 70, 125, 226, 248, 228, 115,
       41, 50, 188, 131, 81, 14, 221, 28, 142, 239, 196, 189, 160, 33,
       160, 222, 36, 151, 244, 141, 102, 108, 67, 185, 130, 195, 18, 204,
       243, 104, 223, 241, 244, 185, 186, 57, 199, 144, 194, 153, 242,
       223, 79, 130, 100, 184, 32, 66, 188, 186, 254, 49, 253, 17, 71,
       173, 13, 108, 29, 174, 151, 38, 20, 164, 51, 207, 0, 18, 139, 50,
       225, 211, 221, 18, 11, 66, 68, 143, 123, 208, 120, 152, 112, 41,
       92, 20, 194, 187, 187, 164, 28, 142, 147, 69, 158, 165, 241, 236,
       16, 42, 71, 210, 98, 211, 217, 87, 59, 202, 113, 11, 27, 220, 252,
       172, 176, 137, 196, 25, 142, 154, 255, 132, 153, 191, 183, 67,
       107, 197, 87, 253, 17, 123, 79, 243, 35, 249, 195, 255, 253, 128,
       88, 149, 122, 185, 141, 110, 237, 22, 150, 110, 117, 85, 64, 246,
       130, 123, 63, 178, 225, 126, 188, 191, 238, 249, 184, 53, 189,
       242, 235, 226, 192, 63, 172, 248, 40, 159, 20, 127, 161, 34, 2,
       57, 51, 60, 250, 214, 243, 221, 15, 146, 107, 102, 21, 189, 181,
       249, 213, 101, 140, 200, 235, 235, 212, 44, 164, 33, 113, 169,
       193, 88, 94, 197, 148, 182, 109, 89, 74, 116, 70, 104, 248, 190,
       244, 216, 42, 162, 78, 215, 46, 214, 255, 54, 63, 22, 43, 95, 30,
       250, 140, 3, 115, 67, 141, 78, 23, 232, 87, 45, 96, 210, 199, 185,
       140, 180, 228, 110, 141, 123, 205, 205, 154, 245, 208, 20, 40,
       138, 128, 45, 142, 48, 220, 33, 64, 101, 205, 84, 71, 233, 13, 86,
       225, 214, 2, 113, 28, 180, 100, 88, 140, 58, 173, 137, 250, 117,
       157, 85, 42, 179, 4, 125, 136, 112, 124, 50, 254, 84, 203, 127,
       155, 183, 236, 143, 52, 120, 175, 44, 206, 38, 149, 238, 217, 135,
       99, 66, 63, 2, 253, 54, 210, 16, 243, 87, 30, 15, 159, 103, 63,
       240, 95, 107, 61, 252, 25, 107, 248, 125, 237, 234, 104, 199, 190,
       182, 235, 246, 14, 133, 112, 255, 249, 6, 127, 97, 186, 203, 231,
       75, 213, 170, 195, 122, 94, 203, 208, 148, 109, 89, 0, 100, 2,
       104, 204, 38, 244, 216, 58, 162, 66, 198, 43, 102, 255, 51, 121,
       210, 43, 83, 30, 238, 142, 132, 176, 155, 249, 116, 239, 225, 91,
       30, 91, 113, 80, 156, 221, 104, 8, 185, 27, 23, 24, 51, 180, 26,
       215, 77, 158, 51, 108, 216, 8, 247, 177, 61, 104, 75, 162, 86,
       214, 111, 112, 224, 192, 103, 134, 49, 135, 51, 112, 118, 232, 18,
       238, 197, 153, 52, 108, 119, 169, 134, 64, 41, 179, 122, 208, 51,
       39, 107, 77, 20, 7, 203, 91, 85, 224, 222, 198, 19, 136, 180, 100,
       124, 172, 26, 173, 201, 187, 117, 157, 48, 44, 131, 16, 125, 136,
       112, 180, 33, 144, 57, 187, 61, 237, 145, 27, 94, 89, 89, 116,
       190, 156, 36, 104, 197, 27, 55, 17, 151, 56, 115, 181, 141, 150,
       58, 122, 152, 8, 149, 219, 47, 223, 97, 10, 247, 145, 174, 253,
       79, 72, 89, 230, 232, 248, 189, 164, 255, 107, 146, 119, 215, 48,
       30, 253, 62, 92, 143, 238, 95, 63, 217, 157, 63, 213, 229, 71,
       212, 87, 206, 248, 85, 226, 221, 70, 83, 120, 159, 164, 121, 204,
       18, 239, 173, 242, 125, 175, 58, 14, 197, 148, 239, 255, 248, 148,
       41, 157, 115, 71, 116, 255, 235, 50, 125, 233, 123, 72, 250, 48,
       148, 180, 30, 110, 22, 44, 145, 184, 117, 110, 45, 190, 32, 0,
       202, 139, 66, 173, 212, 201, 66, 167, 206, 8, 110, 225, 173, 2,
       226, 130, 231, 35, 1, 83, 106, 229, 106, 238, 104, 151, 195, 234,
       180, 162, 202, 16, 37, 186, 35, 8, 53, 36, 208, 225, 244, 43, 234,
       192, 111, 160, 186, 10, 195, 120, 221, 56, 123, 253, 78, 250, 8,
       178, 77, 234, 156, 220, 135, 116, 229, 251, 75, 132, 146, 30, 115,
