%YAML:1.0
---
descriptors: !!opencv-matrix
   rows: 218
   cols: 32
   dt: u
   data: [ 222, 96, 245, 229, 39, 26, 124, 48, 105, 162, 183, 139, 107,
       47, 85, 127, 54, 213, 125, 238, 236, 212, 213, 200, 215, 251, 197,
       129, 39, 247, 66, 2, 122, 60, 172, 180, 143, 117, 145, 71, 137,
       255, 150, 191, 42, 188, 87, 11, 237, 183, 253, 145, 188, 239, 243,
       130, 83, 119, 216, 179, 231, 76, 150, 95, 211, 186, 183, 81, 163,
       158, 116, 87, 255, 123, 102, 85, 46, 190, 38, 125, 167, 63, 252,
       28, 180, 217, 176, 98, 235, 250, 84, 194, 202, 68, 167, 95, 41,
       178, 180, 113, 173, 125, 209, 27, 107, 125, 180, 61, 138, 29, 206,
       62, 141, 26, 228, 16, 158, 110, 243, 144, 207, 217, 113, 255, 218,
       76, 94, 247, 79, 191, 109, 23, 58, 223, 187, 56, 174, 236, 31,
       236, 253, 86, 146, 49, 38, 49, 223, 239, 227, 0, 127, 125, 100, 9,
       43, 176, 60, 163, 15, 113, 39, 108, 163, 82, 213, 231, 227, 196,
       214, 235, 196, 2, 80, 216, 245, 44, 89, 168, 18, 153, 171, 183,
       60, 222, 41, 30, 135, 108, 209, 59, 116, 228, 121, 81, 19, 101,
       53, 15, 70, 184, 109, 104, 250, 76, 223, 58, 24, 180, 156, 196,
       92, 110, 205, 176, 113, 140, 166, 252, 37, 20, 74, 186, 194, 93,
       89, 77, 199, 205, 68, 2, 111, 34, 117, 130, 238, 2, 115, 35, 177,
       119, 120, 236, 34, 238, 105, 248, 117, 238, 118, 174, 198, 0, 111,
       248, 112, 40, 205, 179, 151, 243, 180, 140, 237, 159, 254, 27,
       114, 116, 255, 243, 200, 123, 151, 107, 110, 24, 179, 237, 138,
       99, 205, 186, 118, 192, 200, 128, 131, 169, 242, 69, 102, 204, 29,
       19, 70, 104, 197, 4, 251, 2, 67, 104, 60, 69, 120, 196, 76, 235,
       108, 163, 5, 141, 179, 232, 195, 23, 119, 46, 116, 6, 162, 140,
       151, 254, 252, 171, 214, 239, 223, 131, 248, 80, 230, 249, 36, 65,
       219, 123, 63, 42, 48, 235, 74, 191, 170, 254, 87, 26, 212, 232,
       241, 137, 198, 172, 236, 223, 236, 32, 174, 174, 218, 179, 24,
       210, 253, 234, 92, 2, 23, 103, 123, 157, 226, 109, 143, 243, 12,
       58, 223, 236, 133, 225, 209, 136, 62, 96, 90, 224, 116, 137, 232,
       64, 45, 0, 176, 10, 15, 75, 61, 152, 126, 137, 223, 225, 10, 39,
       64, 196, 150, 217, 139, 253, 117, 137, 106, 128, 196, 172, 133,
       147, 150, 168, 38, 134, 58, 19, 74, 82, 252, 226, 72, 74, 97, 111,
       42, 154, 50, 92, 203, 227, 172, 38, 223, 68, 160, 115, 161, 8, 2,
       189, 19, 219, 216, 141, 38, 239, 46, 1, 72, 64, 180, 243, 108, 64,
       209, 59, 34, 0, 83, 24, 90, 117, 173, 180, 30, 106, 24, 18, 161,
       138, 69, 115, 25, 65, 48, 14, 99, 184, 104, 168, 110, 68, 214, 19,
       157, 112, 180, 76, 76, 126, 193, 176, 153, 108, 228, 188, 37, 68,
       72, 179, 67, 33, 134, 126, 124, 71, 58, 75, 187, 56, 60, 238, 87,
       237, 245, 85, 131, 33, 54, 117, 127, 99, 224, 212, 173, 126, 100,
       3, 105, 161, 100, 243, 7, 241, 77, 48, 57, 69, 53, 14, 115, 24,
       108, 72, 39, 76, 222, 81, 8, 112, 144, 4, 92, 108, 195, 160, 177,
       9, 199, 185, 33, 22, 72, 34, 67, 35, 69, 54, 249, 229, 224, 46,
       105, 24, 106, 187, 63, 92, 213, 51, 201, 122, 183, 87, 125, 60,
       177, 80, 185, 66, 205, 191, 99, 164, 136, 227, 67, 49, 230, 252,
       180, 126, 169, 221, 20, 143, 139, 30, 33, 57, 238, 252, 111, 191,
       133, 115, 237, 19, 102, 111, 218, 179, 131, 211, 85, 59, 210, 124,
       143, 23, 13, 182, 48, 195, 253, 61, 241, 25, 79, 127, 61, 60, 206,
       124, 206, 44, 159, 10, 254, 60, 151, 112, 255, 214, 79, 223, 21,
       118, 218, 142, 193, 247, 61, 93, 63, 238, 29, 223, 86, 176, 196,
       200, 238, 64, 255, 253, 33, 224, 212, 114, 156, 106, 201, 161,
       120, 191, 227, 255, 33, 24, 90, 59, 96, 51, 120, 133, 124, 99,
       148, 74, 87, 191, 114, 37, 174, 24, 83, 55, 10, 112, 17, 150, 77,
       56, 58, 56, 105, 31, 235, 239, 53, 85, 224, 128, 198, 106, 70,
       148, 148, 149, 205, 118, 164, 15, 254, 183, 7, 16, 204, 50, 76,
       239, 129, 71, 234, 25, 53, 204, 179, 194, 13, 50, 94, 71, 138,
       100, 169, 134, 196, 179, 151, 248, 184, 172, 185, 155, 175, 25,
       57, 116, 156, 247, 236, 123, 135, 27, 127, 24, 179, 73, 138, 209,
       205, 184, 127, 238, 152, 192, 161, 161, 67, 63, 91, 229, 242, 158,
       46, 55, 60, 192, 90, 228, 189, 166, 144, 112, 38, 127, 31, 204,
       213, 152, 181, 110, 228, 253, 174, 128, 12, 144, 137, 57, 122,
       233, 242, 72, 213, 221, 86, 199, 235, 5, 252, 9, 42, 152, 119,
       180, 248, 187, 199, 80, 94, 43, 242, 241, 59, 220, 4, 123, 235,
       158, 206, 158, 38, 173, 17, 186, 254, 193, 178, 239, 142, 1, 248,
       107, 164, 219, 108, 0, 219, 59, 19, 81, 19, 43, 74, 247, 189, 20,
       15, 126, 144, 10, 129, 139, 50, 64, 83, 232, 71, 91, 120, 72, 45,
       68, 240, 78, 11, 14, 53, 12, 122, 137, 78, 225, 12, 163, 113, 200,
       215, 216, 138, 149, 125, 137, 116, 214, 34, 40, 82, 252, 109, 153,
       248, 66, 255, 0, 240, 11, 42, 152, 21, 148, 170, 169, 119, 65, 14,
       62, 198, 241, 22, 252, 16, 59, 119, 12, 74, 142, 214, 122, 168,
       168, 143, 85, 157, 206, 142, 182, 144, 175, 140, 158, 97, 106,
       239, 221, 251, 209, 202, 71, 243, 208, 217, 0, 143, 191, 181, 52,
       53, 119, 77, 37, 152, 225, 240, 46, 104, 27, 122, 187, 107, 80,
       221, 51, 72, 250, 183, 31, 116, 60, 17, 208, 217, 66, 207, 205,
       119, 68, 136, 227, 203, 129, 214, 120, 153, 184, 235, 65, 29, 206,
       155, 218, 144, 171, 28, 223, 99, 59, 247, 217, 223, 241, 110, 71,
       130, 208, 249, 16, 175, 191, 144, 53, 39, 83, 24, 140, 57, 123,
       48, 207, 83, 182, 22, 13, 238, 0, 183, 87, 160, 112, 85, 50, 29,
       72, 106, 136, 97, 63, 235, 239, 48, 16, 18, 137, 68, 107, 29, 23,
       108, 101, 162, 59, 62, 57, 52, 238, 95, 231, 221, 47, 155, 208,
       54, 29, 253, 39, 133, 144, 37, 14, 230, 239, 41, 132, 111, 231,
       11, 81, 123, 124, 246, 68, 41, 126, 87, 242, 225, 238, 174, 12,
       42, 188, 135, 182, 164, 228, 236, 78, 205, 103, 182, 232, 179,
       249, 65, 27, 99, 245, 78, 95, 169, 227, 103, 65, 244, 155, 239,
       253, 125, 36, 116, 244, 177, 65, 156, 53, 30, 10, 6, 124, 243,
       184, 101, 223, 44, 24, 38, 196, 87, 136, 210, 173, 125, 125, 148,
       236, 173, 15, 94, 255, 63, 170, 184, 72, 255, 251, 1, 51, 221,
       247, 126, 99, 105, 107, 219, 187, 177, 251, 103, 186, 88, 121,
       195, 11, 198, 174, 247, 156, 190, 163, 174, 170, 222, 178, 18,
       210, 253, 234, 212, 10, 19, 103, 123, 159, 242, 109, 143, 255, 44,
       62, 255, 252, 5, 241, 145, 160, 121, 5, 23, 37, 52, 15, 71, 184,
       101, 104, 186, 76, 219, 57, 17, 177, 216, 196, 92, 110, 237, 161,
       113, 12, 163, 249, 33, 16, 106, 174, 66, 89, 181, 219, 107, 202,
       116, 131, 239, 240, 84, 72, 125, 230, 81, 65, 184, 52, 126, 232,
       22, 238, 233, 178, 44, 62, 118, 44, 161, 132, 127, 187, 114, 241,
       223, 32, 244, 101, 35, 90, 120, 48, 41, 192, 166, 136, 219, 31,
       151, 127, 54, 149, 253, 236, 140, 212, 229, 200, 215, 249, 193,
       129, 38, 164, 66, 96, 244, 103, 93, 101, 138, 11, 7, 232, 32, 164,
       171, 170, 83, 97, 137, 19, 58, 212, 108, 98, 72, 243, 205, 14,
       240, 161, 101, 52, 97, 122, 6, 34, 9, 130, 212, 249, 118, 187,
       105, 31, 126, 119, 86, 182, 189, 35, 178, 236, 39, 11, 166, 12,
       183, 188, 37, 215, 206, 223, 50, 225, 30, 140, 9, 233, 4, 160,
       213, 155, 236, 233, 169, 143, 30, 51, 1, 248, 157, 194, 200, 168,
       19, 11, 106, 25, 19, 92, 207, 209, 12, 16, 127, 108, 148, 200,
       129, 160, 214, 198, 101, 254, 174, 96, 15, 173, 23, 23, 217, 243,
       233, 231, 184, 73, 127, 211, 175, 162, 122, 71, 111, 255, 178,
       230, 255, 221, 55, 251, 165, 97, 97, 205, 78, 92, 221, 159, 70,
       231, 221, 164, 238, 10, 99, 104, 54, 113, 216, 230, 66, 108, 236,
       187, 116, 61, 62, 63, 5, 17, 89, 250, 216, 12, 126, 230, 237, 191,
       156, 64, 79, 188, 23, 255, 157, 231, 105, 239, 219, 66, 95, 199,
       255, 247, 250, 71, 239, 179, 254, 231, 239, 253, 183, 255, 244,
       89, 109, 79, 123, 101, 36, 10, 111, 52, 101, 168, 254, 104, 243,
