%YAML:1.0
---
descriptors: !!opencv-matrix
   rows: 235
   cols: 32
   dt: u
   data: [ 124, 116, 186, 198, 13, 125, 147, 218, 234, 239, 188, 40, 94,
       253, 75, 186, 253, 220, 255, 18, 136, 103, 250, 226, 211, 215,
       255, 63, 194, 127, 127, 115, 57, 218, 233, 113, 116, 139, 235,
       150, 86, 97, 118, 246, 243, 77, 148, 96, 127, 238, 54, 28, 235,
       252, 117, 55, 78, 239, 181, 64, 237, 136, 80, 248, 62, 53, 184,
       194, 223, 253, 211, 75, 91, 253, 189, 26, 30, 252, 95, 60, 185,
       155, 223, 25, 27, 99, 248, 210, 219, 29, 13, 127, 227, 79, 198,
       246, 194, 188, 189, 178, 169, 237, 21, 231, 191, 255, 132, 25,
       174, 246, 66, 63, 199, 123, 253, 19, 50, 79, 250, 243, 157, 210,
       95, 251, 144, 77, 151, 255, 193, 190, 210, 93, 240, 14, 102, 191,
       122, 235, 114, 116, 223, 50, 144, 112, 55, 78, 124, 44, 245, 252,
       133, 79, 44, 190, 53, 196, 72, 224, 203, 141, 49, 215, 73, 237,
       28, 7, 79, 253, 84, 96, 236, 70, 83, 97, 48, 112, 124, 204, 31,
       238, 233, 179, 125, 31, 241, 173, 161, 20, 57, 186, 240, 56, 208,
       184, 188, 176, 11, 237, 16, 66, 170, 61, 132, 25, 167, 159, 66,
       27, 161, 179, 237, 17, 14, 79, 146, 17, 211, 193, 120, 123, 176,
       0, 15, 75, 206, 120, 178, 254, 107, 156, 28, 152, 187, 146, 165,
       57, 252, 223, 67, 155, 135, 117, 251, 66, 100, 71, 218, 226, 87,
       251, 85, 59, 66, 117, 15, 147, 8, 200, 190, 191, 108, 206, 249,
       113, 188, 6, 119, 1, 245, 255, 34, 64, 238, 125, 115, 139, 64,
       247, 146, 73, 213, 175, 123, 0, 64, 160, 39, 234, 142, 80, 181,
       191, 45, 102, 185, 142, 159, 87, 67, 19, 204, 127, 59, 207, 197,
       83, 187, 133, 33, 212, 27, 194, 197, 114, 222, 6, 150, 125, 53,
       98, 216, 48, 58, 176, 40, 205, 81, 21, 162, 221, 132, 57, 183,
       159, 66, 27, 132, 177, 205, 17, 26, 75, 146, 0, 217, 193, 57, 121,
       160, 0, 134, 91, 250, 221, 98, 254, 31, 212, 254, 246, 149, 4,
       222, 3, 41, 255, 55, 69, 238, 243, 191, 194, 108, 139, 50, 255,
       243, 255, 138, 139, 55, 149, 124, 142, 141, 191, 158, 115, 193,
       62, 116, 151, 255, 155, 39, 84, 206, 51, 64, 191, 161, 70, 238,
       26, 183, 252, 155, 98, 143, 255, 84, 66, 202, 81, 235, 175, 101,
       135, 223, 69, 224, 26, 110, 187, 120, 202, 122, 232, 211, 98, 157,
       114, 23, 70, 108, 46, 249, 240, 237, 15, 36, 190, 101, 132, 200,
       242, 202, 37, 202, 182, 166, 159, 233, 244, 188, 231, 171, 95, 93,
       245, 236, 238, 174, 203, 231, 119, 251, 129, 182, 93, 170, 227,
       46, 119, 222, 195, 138, 86, 175, 223, 178, 205, 22, 190, 93, 132,
       220, 239, 141, 24, 248, 3, 46, 254, 36, 84, 200, 187, 39, 193, 78,
       139, 82, 255, 177, 242, 154, 91, 17, 12, 164, 142, 193, 161, 73,
       97, 48, 10, 107, 57, 118, 224, 98, 228, 211, 65, 152, 113, 50,
       140, 76, 108, 243, 176, 205, 31, 236, 169, 39, 68, 108, 130, 194,
       40, 218, 160, 154, 184, 169, 249, 16, 71, 191, 23, 160, 57, 174,
       154, 98, 216, 193, 179, 237, 17, 62, 79, 194, 147, 217, 211, 90,
       123, 144, 76, 143, 74, 150, 47, 158, 184, 187, 224, 48, 195, 191,
       29, 224, 185, 172, 190, 103, 91, 227, 187, 207, 145, 50, 75, 130,
       226, 217, 210, 26, 235, 144, 69, 175, 11, 201, 153, 31, 93, 1,
       220, 100, 51, 233, 0, 99, 0, 190, 183, 36, 243, 192, 54, 40, 10,
       81, 56, 176, 125, 167, 249, 66, 66, 90, 32, 195, 50, 34, 143, 194,
       158, 127, 161, 178, 202, 159, 5, 216, 163, 44, 236, 38, 196, 255,
       187, 131, 149, 54, 171, 14, 255, 60, 54, 139, 203, 213, 14, 61,
       223, 220, 181, 56, 240, 184, 237, 81, 255, 186, 189, 172, 24, 151,
       215, 72, 16, 179, 159, 93, 16, 58, 75, 218, 22, 251, 197, 55, 125,
       160, 0, 135, 35, 4, 233, 25, 163, 172, 205, 187, 204, 142, 181,
       136, 11, 149, 220, 100, 0, 200, 59, 123, 83, 82, 41, 91, 48, 205,
       133, 15, 124, 144, 11, 149, 154, 237, 84, 157, 87, 172, 46, 78,
       184, 127, 187, 183, 92, 215, 113, 217, 255, 149, 68, 124, 126,
       185, 244, 217, 42, 143, 255, 117, 148, 202, 251, 216, 49, 77, 188,
       157, 119, 181, 236, 87, 167, 250, 243, 46, 24, 247, 113, 72, 59,
       129, 102, 124, 26, 123, 120, 251, 35, 239, 255, 85, 80, 200, 112,
       195, 106, 86, 124, 151, 186, 187, 225, 31, 238, 191, 22, 200, 41,
       238, 246, 97, 251, 239, 251, 239, 146, 106, 79, 138, 249, 249,
       243, 79, 59, 144, 117, 167, 19, 206, 182, 190, 154, 235, 245, 188,
       207, 187, 95, 157, 189, 236, 254, 110, 75, 167, 115, 239, 147,
       182, 79, 138, 243, 251, 51, 95, 251, 210, 85, 175, 223, 246, 188,
       190, 186, 173, 237, 213, 239, 155, 31, 189, 59, 238, 255, 110, 15,
       233, 243, 255, 19, 122, 111, 186, 243, 187, 214, 223, 251, 146,
       93, 167, 255, 246, 252, 191, 250, 169, 237, 85, 239, 159, 255,
       185, 25, 238, 254, 102, 219, 201, 243, 255, 147, 62, 111, 250,
       243, 187, 211, 223, 123, 144, 89, 166, 126, 173, 249, 44, 110,
       124, 159, 198, 248, 225, 232, 245, 76, 243, 88, 31, 53, 220, 224,
       94, 111, 239, 39, 250, 61, 255, 249, 5, 124, 91, 187, 90, 148,
       121, 252, 186, 124, 233, 141, 85, 119, 179, 206, 172, 29, 63, 191,
       66, 19, 133, 251, 245, 12, 217, 79, 242, 59, 251, 223, 117, 56,
       106, 112, 206, 219, 100, 32, 173, 99, 252, 111, 75, 152, 2, 186,
       165, 8, 211, 103, 217, 59, 25, 212, 117, 122, 9, 114, 249, 40,
       207, 153, 165, 52, 194, 251, 86, 48, 78, 108, 178, 254, 105, 253,
       30, 200, 187, 130, 173, 25, 236, 255, 99, 154, 135, 125, 251, 2,
       4, 71, 218, 226, 215, 255, 95, 59, 194, 119, 15, 130, 8, 50, 251,
       233, 106, 205, 57, 91, 62, 235, 126, 236, 189, 215, 193, 124, 55,
       61, 118, 24, 131, 150, 226, 83, 196, 183, 51, 172, 190, 130, 7,
       249, 220, 60, 155, 242, 179, 236, 83, 210, 179, 203, 173, 24, 159,
       247, 73, 112, 183, 255, 92, 24, 59, 87, 184, 34, 219, 253, 39, 76,
       170, 97, 39, 51, 180, 228, 206, 255, 92, 107, 226, 232, 86, 178,
       227, 26, 227, 235, 57, 75, 123, 236, 106, 170, 40, 247, 207, 111,
       156, 166, 223, 45, 181, 169, 112, 130, 20, 201, 29, 171, 60, 207,
       39, 136, 142, 36, 131, 1, 247, 215, 105, 64, 192, 49, 123, 75, 74,
       1, 91, 49, 225, 129, 43, 52, 16, 27, 5, 34, 157, 95, 102, 15, 159,
       95, 183, 253, 118, 110, 255, 135, 219, 224, 191, 101, 122, 110,
       106, 110, 229, 176, 127, 254, 118, 47, 39, 132, 127, 255, 241,
       213, 33, 159, 9, 238, 92, 135, 75, 248, 86, 168, 249, 78, 115, 97,
       48, 96, 93, 170, 22, 236, 171, 42, 123, 31, 233, 142, 165, 124,
       121, 170, 80, 184, 76, 17, 159, 245, 171, 102, 52, 19, 175, 219,
       175, 84, 220, 247, 72, 250, 231, 119, 253, 16, 17, 193, 211, 194,
       203, 247, 95, 86, 138, 96, 161, 51, 193, 230, 29, 101, 52, 14,
       101, 61, 124, 186, 98, 80, 215, 3, 144, 113, 20, 4, 108, 110, 225,
       252, 193, 29, 229, 186, 97, 4, 72, 128, 194, 41, 235, 174, 164,
       183, 173, 63, 220, 159, 155, 255, 183, 221, 207, 45, 90, 159, 141,
       198, 237, 21, 188, 124, 203, 178, 174, 215, 213, 247, 202, 220,
       222, 95, 8, 104, 187, 253, 100, 206, 121, 80, 182, 132, 103, 0,
       181, 215, 32, 64, 120, 124, 51, 72, 0, 249, 178, 73, 197, 237, 99,
       0, 64, 179, 37, 162, 130, 172, 130, 154, 207, 209, 188, 231, 158,
       83, 64, 147, 172, 250, 118, 133, 233, 107, 179, 133, 70, 126, 26,
       241, 61, 16, 222, 107, 157, 76, 185, 206, 239, 54, 164, 181, 173,
       59, 220, 59, 91, 254, 149, 253, 207, 44, 211, 143, 143, 231, 253,
       181, 189, 118, 237, 154, 142, 211, 221, 247, 206, 253, 158, 85,
       189, 105, 245, 68, 236, 79, 199, 252, 67, 254, 180, 42, 83, 93,
       213, 47, 88, 220, 126, 106, 201, 99, 239, 152, 113, 136, 229, 188,
       119, 251, 84, 225, 174, 221, 212, 223, 239, 119, 191, 236, 157,
       214, 252, 22, 104, 106, 47, 215, 255, 115, 130, 226, 117, 103, 58,
       255, 110, 223, 207, 15, 219, 255, 237, 212, 17, 40, 251, 117, 20,
       207, 99, 16, 118, 164, 102, 0, 243, 247, 161, 112, 112, 252, 38,
