%YAML:1.0
---
descriptors: !!opencv-matrix
   rows: 291
   cols: 32
   dt: u
   data: [ 87, 123, 173, 5, 168, 23, 141, 143, 170, 246, 136, 141, 129,
       236, 87, 10, 141, 197, 125, 181, 205, 75, 247, 16, 168, 85, 239,
       253, 156, 116, 158, 84, 55, 181, 107, 138, 252, 181, 235, 216, 68,
       73, 217, 231, 81, 200, 255, 32, 124, 136, 23, 255, 159, 35, 62,
       244, 120, 13, 163, 236, 253, 143, 112, 244, 238, 92, 110, 190, 77,
       116, 187, 104, 137, 86, 213, 131, 172, 223, 55, 11, 206, 249, 147,
       199, 228, 71, 250, 235, 87, 121, 202, 171, 23, 117, 119, 250, 145,
       162, 235, 225, 148, 35, 233, 87, 86, 35, 194, 214, 17, 137, 120,
       104, 127, 136, 19, 157, 187, 180, 21, 194, 221, 142, 158, 68, 173,
       136, 240, 176, 110, 57, 176, 176, 253, 205, 153, 67, 251, 241, 32,
       25, 30, 188, 87, 58, 131, 127, 241, 17, 23, 107, 146, 192, 219,
       92, 29, 127, 202, 100, 143, 18, 34, 176, 32, 24, 125, 221, 145,
       111, 15, 125, 176, 13, 46, 157, 118, 132, 141, 155, 211, 5, 138,
       42, 90, 149, 139, 92, 25, 126, 89, 12, 82, 255, 52, 12, 106, 250,
       30, 163, 203, 82, 196, 129, 217, 2, 115, 201, 49, 96, 88, 168, 19,
       153, 154, 171, 14, 190, 80, 173, 170, 72, 181, 203, 112, 128, 6,
       133, 128, 145, 149, 244, 188, 135, 62, 53, 90, 19, 140, 58, 86,
       206, 227, 95, 187, 145, 22, 216, 209, 192, 173, 54, 158, 195, 132,
       68, 189, 6, 170, 130, 176, 219, 253, 177, 184, 207, 31, 29, 84,
       18, 172, 202, 126, 196, 251, 27, 167, 145, 54, 62, 75, 247, 239,
       87, 158, 239, 150, 76, 189, 174, 170, 29, 118, 221, 75, 215, 184,
       99, 157, 6, 244, 147, 40, 126, 38, 213, 238, 49, 147, 160, 116,
       143, 50, 223, 3, 123, 218, 195, 19, 36, 45, 222, 138, 120, 190,
       255, 37, 212, 61, 212, 29, 84, 68, 3, 172, 223, 39, 73, 204, 121,
       179, 194, 66, 212, 114, 225, 199, 249, 222, 11, 18, 29, 53, 251,
       23, 32, 235, 129, 86, 34, 233, 80, 22, 195, 83, 247, 25, 204, 254,
       8, 127, 141, 23, 157, 133, 215, 164, 194, 24, 12, 191, 196, 173,
       230, 177, 212, 144, 223, 126, 249, 62, 195, 157, 119, 140, 20,
       180, 163, 181, 31, 50, 1, 174, 51, 87, 225, 106, 169, 33, 61, 225,
       195, 174, 209, 117, 8, 167, 219, 252, 29, 251, 90, 211, 121, 87,
       231, 249, 134, 172, 56, 10, 61, 37, 61, 187, 243, 204, 34, 120,
       47, 32, 234, 123, 223, 84, 59, 243, 112, 198, 111, 235, 171, 228,
       18, 205, 185, 240, 207, 203, 117, 36, 159, 10, 168, 86, 191, 137,
       130, 226, 29, 150, 122, 206, 241, 62, 88, 213, 127, 223, 204, 218,
       204, 125, 87, 97, 102, 206, 18, 78, 184, 65, 224, 190, 110, 83,
       104, 221, 182, 94, 196, 52, 238, 205, 50, 253, 174, 62, 237, 229,
       188, 111, 251, 88, 37, 30, 83, 182, 226, 171, 114, 126, 220, 173,
       157, 95, 161, 205, 231, 107, 207, 118, 211, 175, 242, 24, 193, 10,
       224, 211, 247, 239, 199, 166, 247, 173, 83, 131, 143, 74, 190, 26,
       132, 42, 230, 159, 1, 192, 195, 61, 238, 53, 97, 238, 251, 147,
       205, 230, 139, 18, 255, 187, 62, 158, 136, 28, 149, 49, 152, 129,
       206, 178, 219, 177, 191, 54, 247, 94, 75, 126, 86, 188, 242, 166,
       228, 247, 43, 6, 28, 183, 156, 33, 255, 46, 30, 54, 194, 154, 88,
       169, 173, 115, 209, 99, 238, 20, 135, 233, 117, 68, 105, 219, 198,
       113, 134, 176, 100, 92, 172, 31, 141, 201, 155, 53, 157, 176, 172,
       186, 192, 61, 138, 240, 121, 47, 87, 230, 78, 239, 55, 158, 232,
       89, 202, 253, 238, 72, 124, 191, 175, 255, 231, 215, 231, 229,
       227, 124, 238, 50, 126, 205, 159, 95, 127, 250, 149, 186, 217, 17,
       190, 9, 197, 23, 224, 171, 84, 161, 9, 63, 214, 35, 49, 192, 251,
       208, 195, 111, 15, 122, 59, 177, 209, 64, 59, 16, 23, 39, 94, 216,
       133, 221, 175, 134, 10, 109, 61, 52, 130, 235, 2, 247, 35, 24, 83,
       114, 199, 40, 170, 120, 152, 209, 11, 245, 235, 198, 0, 37, 234,
       160, 8, 22, 157, 151, 147, 151, 70, 191, 231, 63, 23, 218, 19,
       236, 62, 104, 66, 239, 223, 63, 210, 126, 219, 25, 227, 185, 246,
       222, 198, 132, 122, 181, 90, 205, 79, 223, 247, 160, 170, 127, 22,
       172, 202, 95, 228, 223, 163, 129, 123, 230, 117, 125, 74, 129,
       197, 161, 104, 226, 251, 238, 128, 132, 243, 33, 33, 10, 234, 162,
       191, 71, 224, 190, 204, 30, 71, 88, 163, 172, 238, 62, 192, 251,
       107, 147, 135, 6, 146, 14, 227, 36, 118, 158, 171, 151, 127, 181,
       222, 135, 202, 103, 193, 118, 147, 235, 244, 92, 105, 87, 214,
       209, 12, 188, 36, 127, 12, 22, 255, 163, 180, 45, 215, 36, 14,
       171, 196, 45, 152, 241, 245, 18, 253, 215, 183, 183, 204, 126,
       231, 63, 177, 250, 67, 255, 127, 76, 208, 251, 255, 239, 210, 74,
       250, 153, 239, 253, 246, 143, 67, 161, 82, 167, 11, 6, 232, 176,
       153, 205, 81, 190, 202, 31, 183, 72, 3, 140, 252, 126, 140, 219,
       89, 179, 211, 86, 122, 218, 240, 13, 22, 223, 111, 150, 127, 157,
       198, 134, 0, 134, 145, 5, 163, 168, 66, 22, 51, 83, 18, 0, 10,
       113, 200, 233, 8, 35, 145, 2, 252, 1, 194, 5, 6, 154, 67, 132, 9,
       49, 130, 155, 151, 122, 236, 178, 82, 149, 113, 233, 72, 255, 118,
       94, 255, 172, 97, 254, 181, 150, 160, 249, 155, 32, 207, 242, 225,
       42, 198, 125, 34, 163, 51, 124, 160, 156, 246, 137, 108, 86, 136,
       163, 51, 143, 24, 247, 247, 72, 122, 129, 214, 121, 10, 26, 65,
       219, 33, 211, 243, 213, 29, 128, 115, 142, 34, 206, 28, 182, 181,
       167, 126, 180, 3, 191, 183, 6, 19, 142, 62, 103, 207, 231, 87,
       253, 17, 52, 221, 145, 194, 155, 243, 95, 87, 130, 109, 157, 71,
       83, 92, 63, 244, 103, 228, 183, 114, 237, 202, 94, 98, 60, 159,
       167, 96, 166, 121, 255, 67, 193, 141, 162, 239, 243, 255, 122,
       202, 4, 49, 33, 107, 53, 111, 107, 71, 16, 158, 238, 114, 236,
       128, 235, 68, 179, 230, 149, 112, 236, 124, 66, 78, 205, 152, 248,
       40, 37, 173, 166, 0, 65, 115, 90, 160, 45, 113, 83, 67, 116, 159,
       234, 212, 125, 232, 122, 74, 27, 16, 149, 180, 126, 172, 6, 122,
       195, 178, 116, 222, 54, 28, 33, 32, 111, 155, 66, 189, 0, 132,
       141, 145, 148, 168, 168, 3, 62, 17, 91, 82, 132, 2, 48, 72, 99,
       42, 2, 153, 50, 156, 69, 215, 12, 22, 154, 64, 148, 72, 49, 128,
       120, 180, 189, 229, 28, 77, 81, 56, 2, 245, 165, 9, 151, 23, 74,
       19, 204, 212, 121, 56, 8, 94, 241, 0, 219, 201, 5, 48, 32, 170,
       22, 114, 18, 133, 106, 137, 215, 242, 186, 107, 28, 69, 221, 151,
       72, 110, 46, 64, 123, 139, 147, 164, 22, 155, 61, 223, 58, 39,
       138, 199, 181, 14, 253, 214, 159, 53, 238, 161, 180, 119, 249,
       215, 21, 205, 222, 183, 25, 188, 114, 169, 255, 143, 151, 181,
       191, 217, 53, 198, 251, 93, 190, 199, 175, 221, 181, 247, 143,
       177, 107, 224, 252, 132, 235, 121, 166, 208, 215, 6, 25, 207, 120,
       98, 126, 137, 27, 253, 211, 19, 186, 197, 123, 9, 143, 236, 37,
       166, 33, 240, 75, 177, 96, 193, 231, 217, 189, 103, 105, 125, 86,
       147, 136, 156, 214, 166, 174, 31, 247, 157, 214, 184, 183, 193, 7,
       121, 154, 227, 71, 4, 223, 254, 141, 206, 214, 91, 244, 170, 175,
       255, 254, 19, 127, 84, 200, 225, 189, 205, 55, 106, 2, 46, 240,
       244, 10, 250, 44, 62, 87, 4, 222, 249, 233, 161, 138, 12, 166,
       157, 65, 118, 188, 103, 157, 23, 198, 19, 172, 62, 39, 207, 233,
       51, 155, 129, 36, 221, 18, 203, 7, 114, 218, 3, 146, 84, 45, 206,
       166, 60, 172, 153, 223, 119, 184, 75, 158, 214, 212, 179, 28, 124,
       55, 139, 239, 123, 211, 181, 180, 207, 83, 222, 15, 19, 219, 215,
       213, 109, 61, 214, 60, 28, 86, 236, 21, 182, 82, 112, 197, 128,
       254, 3, 123, 255, 35, 192, 124, 244, 142, 234, 44, 167, 17, 174,
       243, 239, 162, 1, 179, 191, 120, 26, 151, 95, 46, 155, 174, 247,
       159, 216, 223, 94, 213, 231, 228, 220, 191, 109, 255, 107, 63,
       231, 238, 229, 46, 253, 162, 90, 171, 159, 21, 127, 117, 87, 6,
       104, 130, 152, 87, 163, 170, 66, 158, 130, 80, 131, 44, 202, 37,
       204, 232, 105, 131, 211, 38, 244, 2, 232, 4, 22, 154, 3, 148, 29,
