%YAML:1.0
---
descriptors: !!opencv-matrix
   rows: 361
   cols: 32
   dt: u
   data: [ 33, 174, 237, 85, 166, 171, 233, 23, 86, 251, 118, 246, 243,
       37, 148, 105, 127, 238, 54, 28, 185, 252, 101, 37, 70, 43, 241,
       192, 237, 200, 208, 121, 33, 176, 222, 125, 112, 14, 96, 31, 123,
       105, 114, 116, 211, 48, 156, 120, 23, 12, 118, 40, 181, 248, 213,
       79, 76, 190, 51, 68, 200, 128, 203, 149, 56, 159, 70, 237, 87, 82,
       102, 250, 197, 194, 254, 231, 107, 45, 179, 208, 90, 230, 166,
       234, 237, 187, 101, 175, 98, 239, 164, 129, 111, 239, 124, 218,
       57, 3, 196, 77, 52, 27, 74, 59, 85, 161, 246, 198, 67, 32, 150,
       244, 120, 164, 110, 236, 188, 248, 101, 156, 142, 254, 129, 144,
       63, 172, 88, 12, 177, 123, 93, 236, 62, 131, 67, 92, 199, 232,
       188, 238, 51, 197, 225, 97, 94, 168, 14, 124, 203, 43, 68, 157,
       248, 201, 165, 188, 61, 170, 88, 57, 219, 249, 59, 122, 57, 156,
       90, 252, 251, 88, 180, 77, 191, 223, 90, 240, 164, 251, 253, 70,
       207, 75, 186, 181, 251, 249, 32, 186, 90, 134, 106, 123, 112, 185,
       159, 250, 153, 197, 17, 199, 162, 25, 164, 24, 54, 183, 64, 26,
       233, 179, 253, 144, 26, 75, 210, 49, 251, 195, 86, 123, 208, 80,
       166, 58, 167, 239, 234, 159, 221, 63, 190, 238, 94, 166, 222, 159,
       232, 232, 63, 1, 249, 239, 219, 247, 244, 247, 77, 254, 124, 31,
       207, 183, 221, 127, 249, 206, 244, 112, 158, 188, 171, 173, 84,
       93, 189, 138, 161, 93, 78, 251, 105, 91, 180, 241, 78, 48, 24,
       231, 18, 192, 211, 219, 71, 62, 208, 112, 163, 3, 1, 182, 245, 93,
       242, 155, 171, 191, 94, 173, 82, 246, 237, 96, 140, 228, 55, 127,
       34, 56, 243, 216, 45, 255, 44, 38, 53, 196, 190, 168, 133, 61, 33,
       30, 77, 165, 116, 15, 227, 51, 124, 233, 122, 84, 243, 41, 146,
       64, 88, 46, 54, 45, 177, 188, 85, 143, 76, 63, 176, 192, 204, 168,
       80, 233, 78, 17, 158, 221, 171, 104, 52, 7, 190, 155, 86, 49, 204,
       243, 99, 203, 225, 119, 251, 16, 52, 217, 131, 192, 79, 243, 126,
       199, 138, 116, 169, 131, 24, 185, 42, 181, 23, 234, 185, 115, 52,
       69, 86, 163, 189, 157, 34, 1, 46, 63, 145, 129, 30, 152, 176, 133,
       197, 225, 186, 193, 37, 8, 21, 211, 185, 152, 247, 93, 180, 127,
       233, 127, 94, 235, 114, 82, 243, 60, 180, 172, 127, 222, 54, 9,
       249, 252, 125, 191, 13, 106, 247, 64, 103, 232, 240, 253, 210, 23,
       15, 190, 168, 99, 13, 53, 148, 222, 151, 247, 252, 103, 171, 67,
       245, 99, 63, 198, 121, 5, 43, 254, 249, 3, 254, 144, 20, 126, 165,
       123, 4, 157, 27, 187, 198, 231, 167, 234, 30, 66, 73, 67, 245,
       236, 49, 64, 221, 43, 19, 35, 98, 176, 26, 63, 101, 6, 47, 108,
       20, 123, 49, 130, 9, 204, 22, 191, 117, 188, 120, 55, 189, 23, 98,
       21, 175, 171, 2, 208, 231, 35, 238, 5, 38, 172, 82, 191, 174, 255,
       22, 67, 202, 212, 203, 200, 104, 177, 90, 104, 112, 205, 83, 81,
       35, 9, 237, 8, 19, 151, 8, 16, 88, 152, 71, 24, 90, 58, 208, 17,
       215, 141, 48, 109, 96, 138, 198, 178, 43, 135, 18, 156, 53, 53,
       78, 255, 93, 11, 216, 86, 108, 224, 188, 228, 217, 202, 166, 45,
       253, 171, 3, 191, 186, 126, 207, 154, 30, 236, 216, 133, 189, 183,
       88, 101, 186, 15, 94, 251, 17, 234, 189, 239, 95, 101, 139, 146,
       63, 197, 204, 46, 253, 161, 93, 30, 250, 207, 37, 180, 111, 234,
       10, 17, 180, 1, 242, 206, 221, 215, 230, 69, 214, 128, 249, 18,
       64, 216, 117, 164, 216, 170, 18, 27, 88, 179, 126, 138, 59, 28,
       134, 11, 213, 122, 248, 134, 134, 237, 150, 154, 253, 230, 190,
       239, 191, 31, 201, 17, 204, 250, 46, 221, 217, 79, 255, 211, 54,
       79, 154, 254, 185, 54, 223, 95, 144, 117, 175, 135, 104, 141, 244,
       247, 173, 122, 196, 39, 235, 179, 191, 24, 239, 57, 20, 255, 171,
       246, 236, 0, 24, 232, 243, 193, 143, 251, 82, 81, 198, 236, 222,
       46, 92, 253, 187, 235, 250, 224, 239, 244, 100, 204, 255, 102,
       253, 247, 169, 240, 123, 255, 95, 250, 217, 147, 249, 236, 253,
       237, 175, 204, 173, 243, 167, 241, 189, 238, 201, 167, 148, 43,
       79, 184, 84, 162, 219, 218, 211, 97, 153, 0, 89, 238, 93, 111,
       232, 246, 77, 46, 236, 239, 165, 20, 101, 251, 80, 32, 147, 222,
       86, 149, 50, 186, 48, 118, 253, 66, 82, 246, 45, 158, 166, 237,
       167, 61, 150, 3, 229, 221, 36, 255, 182, 99, 122, 194, 44, 149,
       41, 93, 187, 160, 166, 77, 93, 119, 192, 72, 87, 240, 228, 18, 74,
       248, 62, 173, 216, 236, 178, 41, 175, 243, 255, 157, 27, 123, 199,
       87, 83, 44, 124, 230, 65, 0, 71, 153, 84, 203, 232, 67, 60, 225,
       226, 146, 181, 19, 16, 109, 106, 173, 122, 136, 1, 254, 197, 204,
       148, 170, 154, 0, 45, 8, 97, 168, 226, 113, 83, 140, 124, 155,
       218, 232, 175, 136, 184, 109, 238, 207, 173, 212, 254, 185, 223,
       98, 64, 35, 130, 220, 176, 216, 11, 190, 82, 166, 39, 45, 160,
       160, 191, 211, 117, 221, 225, 69, 95, 45, 115, 16, 162, 204, 124,
       104, 217, 58, 2, 16, 162, 188, 56, 183, 79, 158, 16, 99, 208, 8,
       212, 238, 140, 148, 188, 83, 229, 118, 181, 191, 86, 255, 94, 55,
       88, 61, 222, 107, 197, 86, 179, 26, 244, 252, 123, 162, 111, 47,
       245, 71, 207, 253, 252, 219, 109, 100, 185, 101, 56, 47, 79, 186,
       18, 170, 33, 72, 215, 113, 89, 51, 29, 92, 116, 110, 106, 112,
       249, 63, 237, 222, 101, 60, 80, 249, 66, 32, 32, 157, 171, 190,
       60, 165, 18, 198, 150, 9, 216, 35, 178, 244, 33, 64, 200, 122, 19,
       193, 10, 170, 66, 191, 161, 52, 154, 26, 144, 25, 52, 202, 95,
       158, 190, 182, 187, 150, 23, 184, 187, 254, 150, 101, 236, 250,
       99, 75, 183, 103, 253, 39, 244, 77, 138, 254, 250, 119, 111, 158,
       138, 116, 41, 95, 61, 215, 244, 71, 186, 19, 143, 248, 87, 162,
       159, 238, 75, 100, 154, 165, 63, 212, 252, 238, 233, 227, 109,
       189, 186, 207, 101, 212, 127, 191, 137, 53, 33, 132, 57, 237, 253,
       63, 71, 63, 87, 107, 125, 84, 243, 57, 58, 112, 221, 138, 6, 44,
       219, 58, 121, 159, 231, 255, 148, 92, 218, 202, 208, 96, 201, 200,
       156, 255, 172, 141, 29, 191, 174, 27, 144, 116, 191, 179, 224, 75,
       199, 99, 126, 12, 99, 77, 195, 241, 236, 219, 126, 248, 24, 208,
       129, 9, 84, 185, 58, 232, 250, 207, 51, 200, 174, 252, 181, 40,
       31, 254, 99, 112, 182, 221, 95, 115, 20, 99, 184, 84, 251, 129,
       47, 255, 128, 51, 47, 83, 101, 63, 217, 71, 224, 122, 111, 187,
       112, 234, 251, 232, 243, 119, 133, 178, 31, 246, 124, 170, 233,
       240, 237, 42, 44, 190, 101, 148, 108, 242, 66, 49, 236, 127, 157,
       229, 164, 14, 71, 150, 50, 190, 34, 76, 215, 35, 65, 90, 197, 116,
       108, 122, 41, 252, 217, 42, 237, 179, 101, 52, 128, 248, 86, 40,
       64, 173, 187, 116, 52, 236, 105, 51, 248, 139, 110, 80, 183, 183,
       128, 115, 161, 46, 125, 8, 18, 216, 160, 111, 199, 189, 50, 192,
       0, 192, 215, 107, 204, 252, 181, 247, 201, 76, 77, 191, 51, 255,
       133, 28, 254, 119, 72, 126, 133, 86, 121, 30, 123, 78, 251, 115,
       237, 254, 213, 124, 138, 112, 128, 122, 128, 142, 63, 245, 16,
       175, 121, 55, 180, 55, 98, 145, 183, 39, 0, 74, 5, 55, 105, 0, 56,
       252, 83, 15, 197, 182, 80, 64, 192, 136, 132, 58, 45, 68, 133,
       247, 172, 47, 77, 154, 183, 250, 171, 84, 215, 103, 153, 255, 221,
       70, 124, 46, 185, 228, 121, 10, 197, 190, 117, 20, 202, 251, 80,
       48, 43, 166, 195, 85, 83, 27, 232, 122, 117, 170, 246, 246, 73,
       36, 148, 245, 127, 172, 166, 172, 161, 250, 229, 206, 30, 126,
       243, 132, 231, 164, 106, 173, 166, 80, 46, 151, 237, 95, 181, 108,
       204, 210, 53, 19, 248, 92, 63, 43, 238, 49, 179, 99, 229, 245, 63,
       216, 7, 27, 95, 3, 93, 60, 93, 222, 17, 189, 63, 124, 209, 206,
       53, 119, 173, 93, 110, 4, 190, 183, 34, 112, 166, 59, 83, 12, 83,
       153, 50, 77, 251, 255, 18, 66, 72, 0, 167, 251, 12, 176, 51, 243,
       101, 253, 224, 200, 223, 89, 123, 16, 158, 220, 124, 172, 152, 26,
       178, 83, 147, 240, 58, 177, 15, 88, 146, 102, 90, 11, 85, 182,
