%YAML:1.0
---
descriptors: !!opencv-matrix
   rows: 313
   cols: 32
   dt: u
   data: [ 56, 221, 89, 227, 114, 79, 119, 248, 45, 44, 124, 41, 255, 31,
       1, 16, 182, 217, 87, 98, 66, 48, 25, 61, 231, 221, 33, 36, 112,
       179, 71, 251, 69, 232, 157, 179, 180, 140, 42, 148, 174, 49, 3,
       80, 215, 83, 72, 107, 167, 87, 121, 95, 163, 76, 155, 117, 205,
       179, 63, 68, 136, 19, 131, 32, 44, 165, 59, 122, 245, 237, 115,
       74, 235, 1, 109, 24, 62, 223, 104, 48, 185, 154, 66, 24, 18, 43,
       186, 119, 91, 221, 16, 105, 210, 203, 102, 162, 130, 172, 150,
       153, 73, 149, 176, 103, 158, 23, 64, 19, 172, 162, 100, 196, 227,
       59, 162, 1, 86, 30, 82, 243, 13, 48, 26, 43, 146, 76, 173, 142,
       35, 112, 231, 221, 29, 23, 224, 125, 87, 225, 83, 70, 96, 248,
       244, 236, 88, 108, 178, 205, 133, 248, 255, 217, 14, 58, 213, 74,
       127, 175, 248, 132, 60, 149, 214, 225, 199, 118, 87, 247, 17, 91,
       254, 118, 3, 61, 174, 127, 236, 214, 150, 242, 121, 250, 17, 160,
       187, 227, 244, 199, 235, 93, 252, 191, 41, 191, 80, 73, 245, 159,
       227, 127, 71, 105, 124, 76, 42, 209, 156, 180, 88, 170, 2, 28,
       155, 186, 84, 255, 62, 28, 1, 98, 91, 142, 218, 141, 40, 155, 147,
       172, 184, 131, 22, 247, 135, 205, 250, 229, 134, 245, 160, 192,
       222, 122, 142, 64, 29, 171, 64, 156, 170, 247, 37, 26, 218, 190,
       184, 19, 109, 53, 201, 101, 180, 14, 79, 59, 50, 232, 190, 77,
       243, 55, 211, 18, 29, 238, 125, 126, 233, 208, 249, 14, 239, 159,
       165, 180, 232, 242, 82, 248, 90, 138, 214, 253, 130, 34, 57, 27,
       55, 183, 198, 243, 221, 231, 96, 74, 119, 255, 61, 156, 16, 221,
       143, 211, 219, 239, 255, 196, 167, 228, 165, 105, 129, 202, 215,
       185, 204, 162, 168, 143, 94, 19, 114, 83, 165, 162, 96, 72, 107,
       79, 42, 144, 22, 220, 79, 243, 12, 50, 222, 68, 148, 72, 225, 136,
       49, 83, 229, 77, 86, 27, 227, 125, 86, 233, 251, 238, 83, 40, 148,
       100, 124, 204, 54, 109, 169, 248, 109, 158, 52, 46, 97, 208, 127,
       171, 208, 189, 94, 22, 190, 182, 161, 108, 85, 31, 187, 159, 15,
       49, 238, 127, 8, 75, 161, 87, 237, 16, 56, 201, 27, 194, 219, 247,
       94, 147, 130, 112, 165, 99, 173, 221, 49, 251, 221, 237, 199, 190,
       94, 19, 120, 26, 246, 121, 57, 105, 217, 106, 18, 74, 243, 104,
       123, 191, 109, 158, 215, 124, 216, 121, 209, 170, 181, 215, 97,
       78, 254, 39, 207, 249, 85, 66, 252, 230, 115, 237, 189, 100, 95,
       202, 22, 238, 233, 35, 126, 191, 48, 46, 37, 188, 127, 250, 240,
       245, 253, 195, 83, 204, 109, 2, 71, 176, 213, 2, 226, 74, 91, 211,
       161, 245, 80, 228, 46, 234, 105, 151, 160, 142, 50, 234, 225, 12,
       54, 191, 112, 32, 92, 160, 156, 200, 157, 86, 65, 153, 38, 144,
       165, 2, 89, 83, 73, 118, 113, 212, 233, 250, 10, 67, 187, 145,
       219, 233, 135, 125, 162, 163, 124, 34, 11, 178, 214, 21, 47, 251,
       176, 206, 255, 251, 94, 250, 236, 240, 239, 238, 51, 110, 234, 17,
       23, 241, 142, 209, 12, 22, 87, 175, 142, 109, 9, 133, 151, 48,
       175, 141, 13, 54, 233, 88, 54, 232, 215, 215, 89, 238, 62, 96,
       252, 205, 123, 175, 141, 211, 187, 220, 211, 107, 203, 196, 13,
       39, 48, 212, 194, 177, 56, 186, 221, 253, 177, 207, 191, 127, 133,
       25, 140, 253, 78, 9, 137, 19, 251, 17, 54, 111, 250, 211, 223, 81,
       95, 127, 210, 12, 159, 246, 169, 7, 230, 189, 252, 55, 232, 123,
       87, 235, 90, 86, 115, 232, 183, 224, 93, 238, 54, 45, 189, 246,
       79, 159, 14, 123, 245, 132, 127, 236, 248, 141, 57, 16, 207, 191,
       70, 98, 104, 31, 54, 227, 87, 247, 209, 3, 154, 121, 127, 206, 55,
       140, 173, 212, 197, 13, 196, 43, 251, 128, 173, 208, 248, 209,
       177, 2, 237, 255, 22, 27, 232, 25, 86, 235, 211, 242, 211, 44,
       152, 233, 124, 204, 54, 175, 253, 244, 109, 31, 132, 235, 241,
       192, 117, 168, 208, 97, 76, 241, 185, 110, 188, 207, 214, 188,
       194, 232, 189, 104, 243, 253, 88, 34, 150, 244, 125, 99, 219, 105,
       250, 61, 235, 237, 37, 61, 101, 59, 213, 59, 90, 251, 174, 190,
       185, 82, 94, 190, 55, 255, 222, 167, 109, 239, 83, 86, 183, 239,
       253, 197, 220, 219, 175, 253, 250, 247, 253, 141, 166, 247, 172,
       91, 214, 223, 211, 182, 130, 32, 62, 247, 181, 134, 186, 247, 77,
       238, 233, 195, 55, 247, 237, 226, 240, 197, 142, 106, 184, 198,
       111, 142, 165, 243, 165, 17, 3, 45, 55, 157, 172, 183, 170, 78,
       222, 225, 218, 86, 220, 216, 244, 164, 223, 111, 122, 13, 149,
       251, 255, 245, 44, 26, 223, 190, 92, 221, 217, 140, 253, 237, 173,
       225, 188, 79, 79, 152, 35, 248, 168, 72, 211, 119, 89, 59, 217,
       196, 93, 254, 251, 82, 217, 32, 237, 217, 229, 244, 170, 243, 210,
       48, 60, 17, 105, 101, 18, 79, 219, 57, 4, 224, 255, 143, 83, 5,
       157, 48, 94, 148, 87, 254, 137, 178, 117, 12, 87, 169, 33, 180,
       109, 171, 70, 112, 117, 120, 105, 238, 108, 71, 79, 248, 2, 232,
       140, 9, 83, 87, 17, 48, 88, 204, 125, 238, 201, 83, 249, 29, 243,
       173, 165, 180, 37, 179, 118, 114, 39, 160, 64, 218, 221, 177, 226,
       203, 87, 51, 121, 26, 0, 233, 124, 180, 89, 138, 130, 154, 23, 62,
       254, 247, 30, 94, 149, 110, 215, 143, 250, 132, 15, 27, 127, 123,
       176, 186, 235, 16, 45, 77, 127, 228, 253, 79, 149, 120, 54, 59,
       63, 220, 147, 176, 39, 228, 198, 253, 34, 192, 222, 131, 7, 241,
       208, 122, 159, 180, 50, 2, 29, 54, 180, 140, 210, 229, 167, 39, 1,
       83, 38, 245, 109, 193, 104, 201, 129, 40, 240, 227, 126, 145, 36,
       176, 39, 123, 169, 192, 123, 123, 116, 207, 107, 220, 118, 65,
       119, 16, 115, 69, 56, 56, 121, 136, 23, 30, 35, 180, 121, 63, 71,
       207, 48, 64, 123, 137, 98, 240, 189, 86, 237, 71, 164, 62, 239,
       184, 117, 254, 247, 118, 219, 125, 157, 107, 127, 212, 125, 234,
       249, 244, 125, 142, 70, 235, 229, 132, 239, 249, 84, 113, 135,
       158, 230, 151, 215, 179, 190, 231, 221, 215, 30, 247, 108, 108,
       183, 143, 47, 99, 131, 151, 180, 233, 44, 238, 44, 22, 95, 67,
       207, 125, 185, 220, 64, 204, 151, 187, 220, 160, 168, 143, 126,
       19, 66, 82, 181, 130, 96, 200, 99, 111, 42, 152, 51, 220, 207,
       243, 12, 38, 158, 72, 152, 81, 161, 136, 6, 233, 146, 155, 248,
       129, 172, 196, 190, 17, 210, 194, 188, 226, 113, 88, 227, 43, 123,
       217, 18, 74, 202, 241, 156, 22, 158, 232, 156, 83, 161, 136, 151,
       223, 199, 158, 190, 54, 142, 248, 221, 202, 218, 247, 105, 236,
       189, 231, 127, 99, 62, 239, 245, 197, 30, 238, 56, 62, 239, 138,
       191, 255, 249, 213, 182, 223, 206, 243, 196, 90, 215, 246, 49,
       120, 254, 230, 115, 62, 231, 115, 109, 214, 165, 210, 249, 250,
       125, 237, 186, 227, 231, 199, 237, 249, 252, 31, 19, 163, 246, 21,
       187, 187, 176, 207, 255, 249, 218, 247, 238, 232, 182, 204, 183,
       111, 236, 17, 180, 217, 143, 221, 138, 114, 95, 215, 143, 196,
       153, 13, 54, 140, 172, 247, 141, 249, 212, 175, 215, 243, 152, 17,
       227, 120, 92, 15, 201, 75, 127, 145, 62, 104, 75, 177, 143, 219,
       223, 127, 221, 120, 217, 142, 165, 224, 185, 91, 229, 125, 229,
       200, 123, 90, 117, 24, 82, 217, 205, 57, 217, 8, 82, 26, 107, 118,
       122, 51, 7, 219, 117, 110, 217, 89, 210, 166, 49, 2, 197, 157,
       166, 34, 105, 26, 119, 235, 90, 246, 81, 35, 152, 124, 127, 206,
       54, 140, 169, 212, 197, 143, 76, 46, 243, 128, 175, 200, 240, 209,
       181, 6, 237, 253, 54, 42, 107, 26, 86, 235, 211, 246, 83, 44, 152,
       104, 127, 204, 54, 175, 185, 244, 109, 31, 204, 175, 245, 196,
       229, 232, 240, 97, 124, 249, 123, 110, 62, 75, 86, 184, 74, 168,
       187, 106, 247, 221, 25, 160, 150, 245, 125, 99, 201, 99, 137, 61,
       249, 237, 37, 60, 100, 186, 69, 35, 163, 91, 231, 223, 52, 51,
       169, 92, 94, 233, 82, 246, 81, 136, 180, 236, 126, 126, 54, 221,
       129, 240, 255, 253, 12, 58, 251, 192, 95, 157, 241, 189, 171, 192,
       134, 159, 29, 55, 128, 207, 95, 248, 91, 86, 104, 248, 182, 236,
       217, 108, 186, 7, 133, 240, 223, 221, 46, 122, 197, 70, 95, 127,
