%YAML:1.0
---
descriptors: !!opencv-matrix
   rows: 171
   cols: 32
   dt: u
   data: [ 47, 179, 169, 11, 248, 95, 159, 59, 30, 111, 125, 253, 222,
       252, 158, 164, 159, 11, 215, 13, 215, 42, 123, 51, 46, 95, 61,
       254, 223, 206, 215, 245, 70, 172, 151, 154, 141, 197, 157, 239,
       159, 151, 161, 27, 238, 238, 108, 91, 205, 243, 235, 147, 122,
       107, 90, 247, 185, 210, 95, 127, 144, 120, 165, 10, 166, 172, 166,
       186, 157, 237, 220, 238, 159, 159, 176, 25, 238, 254, 126, 15,
       201, 251, 255, 21, 58, 107, 218, 241, 185, 214, 223, 123, 208, 93,
       135, 78, 161, 137, 123, 113, 244, 207, 225, 55, 116, 105, 118, 80,
       243, 113, 148, 48, 89, 174, 102, 24, 187, 184, 117, 15, 109, 255,
       48, 64, 193, 136, 194, 160, 73, 188, 146, 77, 244, 46, 102, 191,
       122, 235, 122, 116, 254, 176, 145, 112, 183, 78, 116, 44, 163,
       252, 137, 127, 172, 190, 53, 132, 200, 224, 67, 137, 214, 236, 31,
       186, 171, 225, 31, 232, 187, 22, 161, 185, 239, 246, 106, 89, 239,
       251, 237, 146, 42, 71, 170, 241, 249, 243, 207, 59, 16, 99, 167,
       67, 123, 182, 230, 117, 23, 82, 66, 59, 113, 231, 215, 151, 99,
       44, 150, 119, 120, 228, 181, 165, 173, 252, 181, 142, 219, 111,
       213, 129, 239, 164, 126, 94, 239, 166, 164, 177, 173, 59, 220,
       143, 91, 191, 148, 189, 203, 41, 223, 15, 205, 198, 237, 21, 190,
       110, 203, 147, 206, 215, 253, 189, 158, 253, 218, 15, 165, 173,
       199, 253, 220, 171, 238, 239, 126, 179, 250, 82, 241, 251, 185,
       99, 125, 234, 90, 252, 114, 250, 201, 239, 188, 238, 199, 100,
       181, 248, 241, 130, 188, 112, 248, 225, 28, 95, 83, 216, 86, 182,
       181, 10, 219, 93, 91, 42, 89, 216, 95, 122, 42, 102, 121, 50, 207,
       207, 37, 53, 251, 251, 78, 178, 252, 255, 190, 60, 233, 157, 84,
       255, 171, 222, 180, 77, 15, 239, 67, 147, 165, 229, 237, 6, 252,
       111, 154, 26, 251, 219, 101, 63, 74, 244, 238, 83, 222, 238, 198,
       158, 159, 177, 158, 239, 191, 159, 145, 183, 104, 235, 110, 207,
       251, 231, 239, 182, 58, 79, 138, 255, 58, 50, 223, 255, 159, 85,
       189, 95, 126, 202, 64, 140, 107, 17, 190, 232, 143, 86, 220, 167,
       108, 206, 123, 196, 127, 193, 187, 199, 198, 7, 222, 241, 150,
       119, 203, 191, 31, 63, 61, 222, 77, 185, 189, 186, 169, 237, 85,
       159, 174, 251, 168, 93, 222, 254, 73, 122, 133, 247, 125, 21, 155,
       75, 250, 51, 249, 223, 127, 126, 216, 114, 131, 115, 41, 128, 249,
       101, 52, 79, 97, 57, 126, 37, 119, 88, 211, 53, 156, 112, 90, 156,
       110, 56, 153, 188, 113, 14, 207, 255, 49, 68, 228, 138, 198, 224,
       238, 149, 178, 254, 253, 117, 190, 239, 155, 203, 153, 59, 236,
       254, 126, 130, 223, 211, 223, 179, 245, 75, 90, 255, 63, 94, 223,
       191, 151, 127, 255, 223, 39, 174, 224, 87, 245, 29, 230, 248, 83,
       251, 117, 94, 106, 104, 223, 189, 89, 202, 146, 63, 247, 126, 220,
       251, 46, 30, 213, 110, 223, 254, 218, 140, 206, 190, 158, 214,
       219, 244, 188, 167, 186, 159, 182, 181, 236, 254, 102, 207, 231,
       119, 235, 145, 118, 79, 186, 227, 63, 51, 94, 203, 194, 84, 175,
       223, 94, 46, 151, 186, 171, 225, 30, 234, 191, 158, 225, 169, 78,
       246, 41, 217, 247, 243, 239, 146, 58, 67, 138, 243, 249, 243, 95,
       251, 144, 117, 175, 67, 121, 249, 186, 124, 233, 157, 84, 119,
       187, 206, 180, 13, 63, 255, 66, 146, 141, 251, 245, 4, 204, 79,
       178, 18, 251, 223, 117, 184, 98, 244, 206, 219, 137, 130, 68, 25,
       162, 152, 109, 27, 102, 86, 78, 132, 137, 194, 211, 253, 103, 10,
       40, 156, 215, 216, 39, 81, 198, 233, 103, 133, 182, 228, 41, 76,
       62, 213, 230, 191, 61, 7, 222, 248, 151, 250, 223, 231, 120, 253,
       61, 5, 29, 116, 255, 239, 160, 225, 27, 191, 107, 127, 205, 151,
       47, 255, 84, 243, 248, 149, 180, 183, 141, 124, 84, 175, 135, 247,
       143, 31, 207, 124, 74, 203, 201, 215, 237, 7, 61, 105, 251, 160,
       155, 243, 221, 23, 170, 124, 148, 82, 203, 206, 36, 153, 253, 180,
       184, 143, 143, 93, 76, 215, 136, 142, 246, 230, 197, 3, 170, 21,
       150, 12, 247, 247, 46, 113, 154, 207, 158, 12, 249, 220, 22, 141,
       214, 178, 179, 122, 254, 224, 61, 19, 250, 19, 238, 118, 47, 221,
       231, 211, 151, 211, 60, 219, 9, 226, 185, 214, 94, 195, 131, 119,
       47, 143, 24, 130, 79, 237, 34, 67, 89, 59, 52, 44, 70, 161, 119,
       39, 128, 80, 118, 157, 45, 160, 72, 152, 225, 29, 196, 231, 169,
       129, 36, 160, 36, 107, 189, 105, 249, 103, 172, 79, 71, 188, 82,
       254, 180, 10, 211, 17, 209, 43, 88, 220, 124, 106, 200, 118, 233,
       8, 231, 201, 101, 180, 119, 251, 86, 233, 213, 95, 107, 103, 146,
       2, 111, 116, 96, 194, 223, 230, 113, 103, 179, 113, 118, 228, 20,
       238, 233, 145, 45, 46, 240, 173, 231, 128, 45, 243, 34, 113, 181,
       251, 108, 110, 124, 15, 79, 248, 101, 232, 244, 76, 115, 73, 155,
       113, 92, 228, 94, 110, 233, 163, 125, 61, 242, 233, 37, 180, 125,
       187, 114, 145, 199, 132, 231, 154, 207, 116, 184, 105, 189, 87,
       83, 147, 72, 238, 62, 107, 247, 67, 251, 167, 182, 197, 63, 215,
       31, 106, 219, 207, 181, 71, 181, 214, 247, 215, 236, 37, 40, 26,
       79, 49, 112, 230, 183, 255, 211, 108, 150, 115, 94, 228, 253, 238,
       253, 220, 245, 14, 238, 235, 229, 148, 109, 172, 90, 84, 83, 143,
       174, 173, 180, 2, 93, 63, 22, 164, 218, 167, 213, 107, 50, 65,
       118, 239, 61, 165, 252, 217, 69, 31, 232, 231, 239, 213, 36, 168,
       185, 89, 239, 182, 228, 177, 172, 59, 156, 155, 23, 254, 149, 253,
       203, 108, 223, 143, 223, 197, 253, 183, 189, 70, 207, 146, 142,
       211, 255, 247, 222, 253, 152, 85, 47, 191, 233, 73, 248, 255, 155,
       187, 31, 109, 124, 236, 158, 188, 214, 180, 151, 127, 215, 31,
       151, 184, 253, 182, 110, 93, 37, 242, 222, 143, 215, 245, 76, 249,
       169, 251, 56, 193, 159, 165, 142, 53, 129, 169, 245, 95, 73, 66,
       73, 243, 127, 211, 74, 74, 251, 53, 237, 133, 175, 248, 20, 27,
       149, 122, 206, 190, 150, 154, 235, 176, 188, 239, 187, 95, 149,
       255, 236, 254, 238, 203, 199, 83, 255, 151, 182, 79, 202, 243, 62,
       51, 255, 251, 142, 85, 175, 95, 230, 191, 204, 154, 169, 241, 28,
       207, 159, 159, 156, 189, 236, 238, 206, 223, 207, 211, 237, 149,
       62, 79, 203, 243, 186, 82, 223, 255, 158, 85, 190, 87, 246, 172,
       151, 186, 137, 237, 149, 239, 159, 191, 184, 25, 238, 254, 104,
       223, 201, 243, 239, 17, 58, 107, 250, 241, 153, 210, 223, 123,
       144, 92, 133, 110, 73, 180, 158, 115, 169, 188, 116, 151, 251,
       155, 166, 84, 158, 178, 66, 251, 165, 87, 236, 16, 183, 109, 147,
       96, 207, 251, 84, 94, 202, 64, 171, 15, 33, 148, 59, 113, 52, 207,
       225, 51, 124, 105, 114, 16, 147, 25, 144, 112, 249, 60, 102, 24,
       251, 184, 113, 31, 205, 191, 50, 64, 72, 136, 67, 168, 59, 175,
       104, 170, 158, 153, 206, 253, 87, 76, 220, 239, 99, 232, 190, 0,
       91, 234, 7, 255, 222, 42, 79, 191, 122, 77, 173, 248, 125, 159,
       216, 204, 122, 121, 50, 184, 57, 221, 144, 70, 171, 77, 180, 9,
       174, 158, 38, 148, 200, 177, 207, 65, 14, 43, 210, 253, 147, 212,
       30, 59, 210, 12, 47, 94, 36, 156, 26, 250, 148, 167, 219, 247,
       150, 9, 201, 3, 112, 251, 32, 64, 217, 186, 11, 144, 26, 139, 88,
       63, 233, 175, 170, 72, 144, 10, 240, 138, 1, 77, 27, 229, 50, 14,
       111, 55, 52, 32, 90, 70, 245, 35, 161, 96, 54, 109, 62, 172, 65,
       152, 5, 15, 228, 174, 35, 128, 44, 160, 33, 168, 61, 239, 101,
       111, 188, 143, 79, 248, 101, 232, 252, 76, 243, 73, 156, 49, 92,
       230, 92, 110, 201, 163, 109, 61, 234, 217, 37, 212, 123, 186, 210,
       41, 125, 101, 109, 102, 196, 2, 79, 248, 96, 224, 191, 202, 83,
       97, 217, 55, 122, 196, 116, 238, 201, 243, 237, 40, 112, 137, 229,
       164, 101, 243, 114, 224, 194, 190, 156, 187, 233, 237, 184, 135,
       174, 31, 0, 25, 172, 190, 66, 75, 197, 59, 235, 17, 54, 76, 210,
       241, 205, 18, 222, 123, 144, 68, 135, 219, 17, 205, 95, 229, 22,
