%YAML:1.0
---
descriptors: !!opencv-matrix
   rows: 118
   cols: 32
   dt: u
   data: [ 2, 171, 24, 186, 222, 129, 178, 207, 142, 5, 72, 3, 164, 171,
       96, 64, 203, 59, 3, 65, 18, 11, 194, 245, 61, 20, 30, 107, 16, 26,
       165, 138, 218, 72, 223, 244, 46, 10, 92, 180, 169, 146, 178, 218,
       95, 63, 21, 91, 102, 213, 125, 234, 104, 71, 131, 232, 243, 235,
       238, 144, 39, 177, 98, 1, 69, 48, 219, 231, 224, 44, 105, 27, 58,
       187, 99, 84, 213, 179, 201, 122, 55, 93, 125, 28, 145, 212, 153,
       66, 205, 189, 119, 100, 136, 225, 195, 161, 212, 204, 150, 151,
       149, 96, 166, 134, 62, 51, 203, 19, 228, 34, 72, 78, 225, 78, 42,
       211, 54, 220, 203, 226, 189, 54, 222, 67, 128, 83, 185, 14, 198,
       233, 244, 254, 175, 129, 158, 168, 159, 178, 16, 139, 236, 234,
       92, 135, 151, 117, 121, 195, 226, 69, 206, 243, 173, 58, 207, 190,
       20, 54, 145, 4, 124, 117, 57, 234, 169, 79, 87, 248, 55, 236, 181,
       9, 223, 127, 73, 112, 221, 221, 221, 98, 105, 35, 123, 58, 251,
       223, 37, 63, 242, 251, 198, 115, 208, 211, 253, 237, 46, 93, 149,
       188, 79, 120, 82, 230, 255, 156, 237, 234, 182, 213, 190, 67, 193,
       112, 63, 209, 151, 243, 109, 182, 124, 184, 5, 125, 134, 164, 20,
       131, 205, 105, 176, 105, 30, 55, 185, 27, 204, 114, 72, 9, 185,
       31, 106, 49, 50, 116, 91, 214, 157, 22, 223, 119, 144, 74, 133,
       134, 107, 49, 61, 250, 108, 141, 216, 81, 171, 89, 181, 92, 158,
       157, 156, 56, 142, 55, 125, 95, 151, 35, 250, 241, 215, 249, 122,
       248, 92, 3, 203, 177, 11, 158, 193, 159, 48, 175, 104, 191, 62,
       65, 94, 245, 189, 163, 178, 212, 87, 42, 55, 140, 179, 152, 87,
       127, 238, 254, 186, 192, 62, 132, 137, 221, 128, 145, 189, 175,
       170, 194, 181, 133, 142, 21, 138, 51, 245, 183, 104, 66, 194, 87,
       123, 145, 18, 137, 83, 51, 205, 167, 126, 65, 144, 2, 165, 123,
       13, 157, 17, 255, 61, 159, 86, 176, 214, 8, 120, 68, 255, 121, 32,
       224, 212, 122, 28, 74, 227, 168, 88, 63, 227, 255, 33, 24, 90,
       139, 65, 51, 198, 236, 148, 158, 79, 129, 238, 169, 155, 146, 0,
       26, 236, 234, 93, 199, 179, 233, 123, 195, 98, 68, 218, 251, 189,
       22, 207, 187, 20, 114, 155, 6, 182, 162, 196, 255, 60, 3, 202,
       168, 87, 176, 243, 202, 99, 105, 93, 2, 217, 204, 117, 227, 42,
       242, 207, 159, 138, 254, 197, 180, 125, 171, 80, 0, 166, 116, 150,
       172, 107, 35, 154, 74, 155, 162, 248, 185, 78, 255, 37, 159, 223,
       93, 247, 55, 36, 199, 202, 202, 146, 126, 77, 186, 214, 253, 35,
       215, 96, 152, 157, 126, 41, 237, 22, 190, 143, 27, 168, 77, 190,
       182, 4, 88, 133, 115, 232, 0, 3, 10, 211, 55, 133, 246, 80, 58,
       88, 9, 1, 27, 190, 224, 96, 90, 173, 217, 80, 141, 223, 85, 165,
       149, 10, 204, 254, 253, 195, 10, 172, 20, 222, 100, 126, 145, 202,
       89, 81, 127, 214, 140, 220, 86, 64, 24, 189, 223, 237, 100, 177,
       10, 218, 31, 100, 16, 188, 183, 101, 123, 193, 126, 50, 24, 51,
       110, 242, 225, 69, 186, 82, 42, 146, 73, 101, 235, 9, 154, 17,
       187, 120, 173, 40, 151, 30, 89, 80, 213, 188, 163, 162, 196, 199,
       43, 55, 12, 163, 152, 83, 247, 76, 23, 58, 200, 26, 140, 137, 153,
       246, 76, 214, 142, 77, 102, 118, 200, 185, 134, 227, 11, 78, 250,
       101, 91, 248, 245, 239, 227, 108, 231, 218, 234, 145, 50, 203, 27,
       1, 127, 110, 142, 216, 117, 27, 236, 154, 233, 21, 95, 180, 6,
       236, 185, 151, 215, 33, 89, 182, 187, 77, 34, 104, 7, 176, 30,
       241, 129, 43, 57, 48, 80, 167, 115, 121, 219, 87, 108, 43, 30, 94,
       188, 161, 206, 166, 237, 107, 103, 134, 247, 38, 228, 236, 110,
       205, 67, 247, 44, 242, 235, 101, 152, 107, 182, 106, 93, 191, 48,
       240, 225, 237, 123, 248, 74, 79, 177, 181, 58, 138, 29, 87, 190,
       187, 157, 223, 177, 30, 119, 121, 208, 223, 217, 141, 247, 215,
       13, 94, 166, 1, 205, 150, 252, 189, 132, 110, 166, 173, 0, 234, 0,
       184, 179, 52, 240, 200, 243, 59, 200, 72, 139, 82, 239, 227, 254,
       150, 8, 26, 152, 224, 42, 76, 161, 156, 97, 160, 107, 120, 9, 42,
       177, 35, 25, 223, 3, 72, 26, 151, 5, 109, 60, 20, 80, 201, 64,
       206, 217, 37, 117, 128, 227, 131, 1, 90, 188, 188, 122, 169, 253,
       21, 143, 171, 63, 172, 41, 174, 255, 66, 27, 135, 115, 237, 16,
       26, 75, 218, 49, 219, 211, 85, 123, 210, 84, 143, 11, 5, 162, 221,
       241, 236, 169, 233, 27, 238, 51, 51, 88, 157, 227, 216, 42, 163,
       11, 110, 29, 147, 124, 203, 211, 204, 158, 127, 116, 220, 200,
       193, 161, 253, 68, 237, 104, 204, 39, 207, 216, 82, 86, 181, 74,
       83, 233, 189, 123, 121, 196, 126, 238, 171, 103, 127, 59, 113,
       143, 229, 60, 253, 251, 114, 224, 254, 177, 44, 123, 171, 221, 89,
       153, 143, 125, 149, 63, 10, 221, 222, 91, 205, 155, 253, 19, 222,
       38, 250, 241, 211, 89, 184, 255, 87, 14, 220, 119, 232, 49, 31,
       188, 29, 198, 83, 97, 225, 136, 224, 12, 214, 211, 32, 81, 216,
       124, 234, 115, 89, 235, 146, 12, 249, 241, 6, 91, 72, 10, 102, 50,
       245, 1, 205, 109, 13, 46, 75, 41, 111, 160, 167, 28, 211, 35, 16,
       242, 80, 228, 106, 110, 25, 192, 81, 8, 199, 235, 195, 16, 104,
       43, 82, 32, 252, 180, 253, 99, 151, 111, 83, 25, 115, 163, 167,
       24, 83, 53, 72, 56, 25, 150, 104, 56, 57, 242, 121, 14, 219, 207,
       21, 87, 227, 107, 198, 34, 41, 156, 61, 127, 49, 239, 83, 191, 87,
       15, 174, 0, 182, 23, 32, 116, 197, 50, 93, 8, 186, 168, 113, 63,
       235, 255, 48, 80, 18, 200, 196, 107, 223, 246, 57, 251, 172, 61,
       95, 159, 125, 91, 61, 92, 191, 127, 220, 121, 149, 211, 93, 138,
       251, 36, 251, 243, 231, 223, 54, 184, 138, 209, 195, 57, 124, 32,
       88, 165, 9, 107, 80, 72, 36, 38, 171, 9, 215, 19, 0, 90, 232, 148,
       73, 34, 8, 34, 209, 8, 211, 227, 64, 49, 96, 98, 110, 2, 212, 42,
       222, 183, 172, 169, 109, 194, 187, 183, 178, 25, 223, 234, 71, 27,
       235, 231, 109, 17, 56, 71, 202, 224, 220, 242, 127, 56, 224, 121,
       131, 2, 101, 229, 144, 102, 169, 29, 70, 184, 107, 178, 169, 76,
       215, 224, 89, 179, 145, 196, 108, 126, 239, 99, 219, 49, 185, 219,
       69, 124, 200, 243, 74, 4, 125, 117, 28, 109, 189, 15, 86, 186,
       107, 168, 188, 72, 223, 115, 9, 176, 220, 212, 124, 106, 201, 98,
       217, 60, 247, 255, 37, 60, 74, 123, 74, 35, 198, 236, 132, 151,
       29, 136, 166, 136, 190, 146, 130, 18, 228, 226, 77, 207, 241, 238,
       106, 210, 98, 69, 155, 251, 189, 54, 207, 43, 128, 114, 57, 6,
       125, 125, 29, 101, 185, 15, 84, 186, 59, 168, 188, 72, 159, 51, 1,
       176, 156, 221, 93, 104, 233, 122, 81, 30, 239, 223, 37, 52, 74,
       249, 74, 35, 116, 226, 196, 175, 140, 11, 66, 168, 19, 176, 177,
       239, 195, 104, 77, 134, 217, 198, 102, 114, 78, 114, 203, 177,
       174, 210, 197, 126, 253, 235, 88, 132, 6, 128, 214, 184, 187, 43,
       152, 232, 159, 179, 177, 25, 207, 234, 100, 203, 147, 85, 110, 49,
       52, 99, 11, 212, 152, 214, 79, 127, 208, 41, 137, 130, 111, 114,
       254, 228, 47, 54, 216, 18, 75, 249, 60, 239, 143, 158, 215, 186,
       134, 221, 245, 213, 132, 231, 151, 192, 130, 249, 190, 186, 206,
       213, 11, 93, 101, 99, 56, 71, 60, 31, 103, 184, 105, 168, 191, 8,
       223, 64, 151, 52, 144, 196, 76, 106, 200, 176, 249, 44, 245, 189,
       39, 52, 64, 179, 71, 37, 90, 56, 188, 253, 31, 196, 88, 59, 62, 9,
       242, 19, 191, 63, 16, 66, 238, 177, 125, 129, 42, 72, 211, 221,
       203, 239, 250, 153, 176, 0, 37, 11, 115, 16, 230, 172, 107, 14,
       56, 64, 41, 104, 242, 171, 78, 157, 39, 222, 254, 157, 255, 5,
       204, 243, 193, 200, 150, 122, 74, 146, 71, 172, 34, 215, 11, 158,
       193, 29, 48, 159, 106, 191, 63, 65, 78, 212, 185, 167, 182, 244,
       119, 42, 50, 140, 183, 152, 117, 127, 174, 126, 146, 192, 30, 132,
       200, 220, 242, 97, 240, 229, 38, 8, 232, 64, 233, 128, 184, 10,
       15, 11, 85, 18, 234, 133, 93, 209, 74, 38, 198, 192, 151, 216,
       138, 3, 101, 130, 115, 10, 220, 120, 159, 212, 75, 98, 181, 200,
