%YAML:1.0
---
descriptors: !!opencv-matrix
   rows: 145
   cols: 32
   dt: u
   data: [ 104, 208, 183, 228, 108, 78, 97, 52, 109, 9, 102, 8, 215, 19,
       0, 116, 80, 20, 108, 104, 1, 28, 241, 23, 205, 190, 112, 68, 2,
       128, 68, 42, 118, 96, 215, 116, 74, 104, 104, 0, 233, 242, 162,
       24, 87, 174, 85, 59, 35, 245, 104, 146, 9, 103, 195, 64, 149, 186,
       85, 56, 225, 113, 71, 34, 211, 74, 70, 221, 38, 26, 238, 48, 237,
       170, 242, 230, 203, 10, 181, 247, 106, 228, 110, 238, 237, 245,
       37, 236, 180, 58, 230, 144, 45, 185, 121, 5, 34, 162, 216, 155,
       250, 169, 169, 143, 30, 53, 17, 187, 140, 198, 72, 9, 79, 27, 235,
       17, 50, 76, 203, 215, 12, 22, 94, 254, 148, 8, 133, 128, 150, 220,
       150, 151, 133, 126, 182, 231, 62, 127, 218, 19, 238, 190, 110,
       207, 233, 223, 175, 147, 126, 253, 25, 227, 189, 50, 222, 67, 130,
       92, 189, 223, 17, 128, 17, 123, 160, 203, 33, 31, 86, 113, 98,
       112, 183, 211, 232, 97, 83, 26, 34, 24, 19, 216, 111, 19, 141,
       134, 53, 68, 48, 136, 133, 169, 84, 79, 94, 174, 18, 2, 94, 188,
       37, 132, 206, 227, 115, 103, 179, 80, 118, 229, 45, 238, 108, 129,
       13, 63, 242, 231, 165, 145, 52, 179, 108, 9, 161, 99, 93, 255, 60,
       143, 201, 188, 255, 240, 48, 78, 255, 106, 221, 35, 58, 227, 126,
       253, 171, 96, 239, 253, 236, 152, 231, 176, 125, 186, 83, 40, 101,
       165, 192, 101, 156, 42, 78, 175, 98, 181, 169, 8, 195, 32, 93, 50,
       89, 206, 96, 186, 30, 82, 221, 40, 172, 172, 133, 116, 233, 243,
       218, 0, 237, 59, 144, 189, 173, 188, 48, 19, 19, 141, 94, 48, 143,
       243, 66, 238, 199, 126, 180, 16, 20, 216, 227, 130, 142, 245, 255,
       203, 134, 236, 155, 131, 134, 252, 212, 191, 191, 220, 254, 175,
       191, 159, 26, 19, 236, 254, 78, 207, 163, 119, 255, 195, 118, 77,
       154, 243, 173, 246, 223, 175, 164, 117, 157, 94, 53, 151, 113, 79,
       244, 79, 239, 249, 116, 228, 255, 70, 115, 97, 157, 244, 122, 206,
       22, 234, 217, 178, 125, 63, 47, 236, 165, 196, 127, 186, 230, 240,
       125, 219, 74, 175, 52, 14, 111, 188, 68, 232, 214, 230, 115, 121,
       187, 96, 126, 228, 62, 239, 205, 178, 93, 175, 244, 174, 231, 132,
       111, 187, 120, 17, 33, 161, 25, 233, 252, 205, 67, 159, 94, 73,
       88, 96, 183, 21, 200, 96, 80, 10, 2, 24, 19, 56, 99, 55, 108, 140,
       48, 120, 16, 136, 208, 169, 193, 90, 198, 213, 100, 14, 236, 50,
       252, 194, 114, 70, 241, 226, 181, 111, 100, 100, 42, 238, 225,
       245, 150, 232, 20, 58, 242, 0, 77, 177, 97, 140, 123, 233, 226,
       74, 221, 213, 222, 229, 195, 69, 172, 11, 10, 220, 118, 180, 248,
       170, 211, 221, 222, 43, 190, 247, 59, 93, 133, 123, 219, 14, 250,
       214, 31, 15, 146, 253, 181, 182, 90, 19, 119, 207, 222, 50, 171,
       242, 163, 236, 221, 110, 172, 156, 191, 216, 229, 170, 138, 255,
       150, 131, 170, 229, 120, 69, 233, 217, 81, 225, 100, 140, 97, 17,
       125, 0, 99, 72, 151, 19, 0, 240, 114, 188, 34, 72, 73, 184, 241,
       21, 151, 233, 32, 72, 34, 128, 66, 32, 66, 176, 172, 187, 141,
       237, 176, 143, 158, 119, 69, 21, 148, 250, 106, 74, 193, 11, 187,
       21, 22, 84, 219, 145, 205, 23, 223, 111, 152, 92, 153, 210, 10,
       169, 140, 187, 153, 228, 56, 143, 62, 21, 78, 21, 172, 187, 66,
       72, 193, 43, 187, 149, 30, 216, 83, 51, 207, 247, 158, 67, 152,
       64, 185, 90, 24, 33, 23, 225, 25, 79, 65, 75, 166, 161, 170, 0,
       151, 147, 32, 80, 32, 149, 109, 40, 8, 129, 145, 0, 209, 196, 2,
       20, 32, 2, 39, 42, 24, 141, 30, 175, 157, 131, 70, 237, 164, 0,
       234, 2, 99, 113, 34, 193, 120, 166, 200, 226, 120, 185, 1, 61,
       249, 227, 130, 81, 97, 10, 232, 10, 112, 48, 191, 122, 137, 236,
       81, 83, 235, 147, 165, 24, 182, 247, 64, 59, 129, 178, 104, 24,
       27, 107, 178, 96, 219, 251, 80, 121, 194, 64, 230, 34, 220, 212,
       58, 186, 57, 244, 90, 216, 63, 93, 177, 25, 79, 219, 107, 217,
       247, 217, 157, 119, 46, 7, 154, 179, 251, 241, 43, 239, 178, 151,
       47, 83, 80, 158, 121, 111, 48, 171, 67, 183, 118, 13, 238, 32,
       115, 49, 128, 112, 85, 246, 12, 8, 170, 136, 97, 63, 225, 175, 48,
       80, 112, 128, 68, 41, 125, 88, 225, 111, 36, 95, 207, 184, 68,
       226, 251, 206, 211, 116, 157, 228, 126, 212, 124, 106, 201, 178,
       125, 42, 177, 239, 225, 148, 101, 251, 80, 112, 2, 181, 10, 133,
       79, 53, 188, 103, 136, 247, 72, 159, 172, 168, 118, 135, 238, 43,
       179, 133, 84, 122, 150, 193, 28, 16, 218, 43, 13, 76, 153, 158,
       124, 54, 240, 82, 169, 252, 89, 87, 163, 189, 189, 56, 11, 159,
       223, 191, 7, 214, 213, 24, 26, 107, 234, 160, 91, 219, 85, 251,
       227, 197, 206, 101, 11, 190, 28, 145, 43, 182, 184, 51, 189, 159,
       70, 48, 172, 51, 2, 175, 199, 51, 243, 0, 116, 220, 99, 197, 142,
       211, 218, 195, 2, 196, 59, 143, 87, 55, 210, 161, 178, 62, 44, 1,
       123, 163, 91, 246, 207, 34, 204, 238, 183, 15, 60, 181, 181, 208,
       157, 194, 168, 254, 31, 198, 172, 102, 169, 21, 213, 227, 73, 231,
       92, 13, 107, 56, 239, 224, 179, 78, 251, 106, 157, 49, 122, 132,
       126, 238, 171, 112, 239, 223, 252, 136, 167, 180, 109, 186, 82,
       48, 88, 56, 191, 112, 9, 204, 81, 87, 163, 25, 164, 24, 63, 151,
       64, 59, 132, 177, 124, 16, 11, 107, 178, 0, 211, 249, 80, 58, 226,
       0, 6, 58, 225, 64, 82, 72, 84, 15, 99, 120, 109, 32, 228, 72, 18,
       144, 52, 53, 120, 140, 66, 106, 225, 183, 80, 94, 53, 184, 0, 36,
       89, 138, 98, 172, 145, 123, 121, 207, 38, 11, 207, 117, 77, 192,
       119, 230, 123, 72, 149, 32, 62, 224, 22, 110, 193, 176, 109, 238,
       118, 44, 37, 144, 125, 186, 81, 61, 139, 188, 2, 241, 177, 159,
       112, 119, 55, 55, 70, 48, 174, 155, 66, 165, 201, 62, 149, 144,
       126, 220, 240, 247, 207, 211, 212, 99, 34, 132, 186, 207, 36, 48,
       247, 97, 214, 110, 97, 66, 235, 176, 34, 8, 150, 147, 69, 58, 162,
       92, 112, 48, 17, 240, 144, 64, 205, 152, 85, 102, 192, 33, 71,
       162, 216, 97, 27, 224, 80, 75, 98, 64, 36, 33, 226, 8, 23, 147,
       32, 208, 112, 156, 74, 104, 73, 155, 145, 12, 243, 141, 0, 16, 32,
       2, 102, 42, 4, 35, 241, 65, 242, 107, 169, 73, 106, 181, 59, 184,
       213, 35, 201, 58, 51, 29, 66, 56, 18, 80, 169, 64, 76, 132, 47,
       228, 196, 227, 135, 224, 25, 131, 120, 233, 55, 219, 121, 127, 71,
       117, 84, 134, 143, 131, 242, 228, 98, 8, 134, 76, 199, 152, 37,
       149, 238, 201, 50, 101, 54, 140, 141, 253, 0, 176, 61, 225, 252,
       75, 225, 175, 94, 57, 33, 56, 150, 23, 64, 48, 131, 29, 83, 24,
       51, 124, 105, 87, 77, 158, 49, 116, 208, 8, 199, 163, 220, 114,
       60, 168, 249, 84, 94, 216, 43, 222, 181, 9, 95, 223, 107, 217,
       247, 217, 149, 242, 110, 7, 10, 28, 251, 203, 103, 237, 178, 179,
       47, 83, 220, 98, 220, 39, 34, 10, 111, 24, 33, 170, 183, 237, 215,
       67, 201, 27, 54, 213, 109, 254, 232, 246, 205, 8, 208, 193, 101,
       164, 100, 179, 34, 33, 112, 48, 89, 64, 8, 79, 65, 80, 32, 12,
       160, 12, 19, 23, 0, 18, 0, 148, 77, 104, 8, 3, 240, 0, 209, 160,
       32, 20, 97, 163, 70, 51, 60, 235, 154, 106, 93, 209, 82, 204, 195,
       45, 188, 41, 42, 217, 108, 146, 200, 248, 199, 80, 90, 43, 202,
       177, 123, 221, 133, 127, 83, 26, 254, 138, 111, 176, 225, 75, 237,
       117, 203, 25, 91, 123, 117, 220, 72, 236, 222, 188, 93, 136, 179,
       158, 159, 118, 254, 211, 15, 94, 145, 238, 223, 207, 214, 244,
       236, 80, 245, 96, 109, 127, 67, 152, 195, 250, 180, 72, 91, 61,
       93, 191, 137, 212, 125, 122, 169, 103, 249, 152, 95, 218, 69, 62,
       202, 251, 86, 51, 120, 89, 26, 254, 13, 213, 86, 101, 207, 9, 172,
       41, 174, 221, 36, 214, 200, 50, 235, 64, 74, 43, 210, 177, 243,
       245, 0, 59, 82, 26, 236, 26, 77, 88, 222, 181, 36, 44, 122, 18,
       184, 202, 70, 197, 253, 227, 19, 90, 102, 101, 125, 79, 133, 212,
       151, 232, 198, 255, 250, 128, 174, 245, 41, 89, 254, 104, 42, 226,
       21, 212, 83, 224, 97, 132, 166, 10, 27, 154, 119, 48, 248, 181,
