%YAML:1.0
---
descriptors: !!opencv-matrix
   rows: 373
   cols: 32
   dt: u
   data: [ 209, 240, 60, 178, 40, 13, 93, 188, 186, 59, 145, 57, 223, 95,
       216, 19, 135, 85, 125, 111, 234, 69, 219, 55, 233, 219, 127, 252,
       4, 144, 131, 19, 252, 201, 28, 124, 141, 79, 84, 33, 177, 178,
       162, 24, 83, 57, 0, 219, 200, 244, 108, 98, 124, 111, 211, 40,
       211, 251, 69, 59, 113, 40, 218, 2, 16, 141, 27, 175, 20, 199, 71,
       240, 20, 0, 204, 2, 119, 211, 33, 64, 88, 42, 2, 75, 75, 152, 24,
       63, 225, 165, 170, 0, 48, 27, 53, 170, 205, 112, 157, 247, 172,
       46, 103, 152, 123, 250, 151, 92, 223, 241, 89, 235, 149, 68, 124,
       126, 249, 101, 219, 2, 137, 251, 101, 60, 202, 243, 209, 48, 185,
       193, 106, 30, 71, 16, 246, 103, 113, 6, 101, 23, 41, 168, 126, 96,
       122, 142, 2, 199, 244, 190, 180, 227, 118, 45, 146, 1, 77, 12,
       250, 204, 27, 219, 243, 44, 19, 148, 62, 213, 237, 68, 104, 199,
       109, 222, 43, 208, 246, 249, 157, 199, 199, 131, 62, 233, 243,
       229, 14, 138, 63, 183, 171, 221, 249, 52, 189, 53, 137, 111, 85,
       190, 51, 250, 168, 93, 159, 55, 65, 59, 149, 149, 125, 44, 41,
       100, 243, 26, 205, 219, 117, 60, 248, 112, 71, 243, 206, 252, 150,
       158, 219, 245, 182, 238, 158, 243, 152, 58, 236, 254, 111, 255,
       243, 243, 234, 211, 55, 79, 219, 254, 185, 22, 95, 127, 144, 125,
       173, 158, 189, 125, 65, 46, 122, 95, 78, 252, 1, 200, 56, 239,
       127, 79, 217, 177, 62, 233, 22, 110, 197, 34, 110, 172, 126, 201,
       101, 184, 127, 191, 66, 209, 8, 60, 254, 109, 112, 110, 115, 114,
       121, 142, 126, 32, 63, 51, 129, 48, 166, 124, 68, 104, 32, 185,
       161, 110, 199, 191, 32, 0, 96, 225, 103, 171, 105, 60, 104, 164,
       108, 46, 201, 122, 105, 232, 92, 77, 147, 41, 211, 11, 10, 204,
       117, 45, 153, 122, 151, 136, 222, 121, 225, 252, 78, 173, 90, 145,
       54, 118, 143, 134, 76, 79, 167, 200, 154, 254, 177, 62, 192, 196,
       79, 31, 249, 204, 234, 163, 105, 103, 250, 106, 149, 6, 223, 62,
       201, 123, 54, 212, 148, 237, 71, 255, 150, 138, 110, 232, 116,
       146, 202, 82, 215, 115, 217, 97, 123, 255, 31, 250, 120, 212, 205,
       46, 188, 238, 207, 68, 165, 251, 161, 160, 244, 141, 194, 255,
       220, 169, 238, 237, 86, 179, 202, 90, 227, 235, 121, 96, 121, 250,
       123, 251, 122, 251, 73, 171, 188, 238, 207, 60, 181, 251, 241,
       136, 52, 173, 195, 255, 204, 41, 230, 236, 190, 179, 250, 27, 227,
       233, 125, 0, 121, 234, 107, 171, 122, 243, 75, 239, 188, 142, 215,
       52, 229, 251, 241, 138, 46, 176, 55, 209, 101, 253, 224, 202, 207,
       89, 120, 64, 138, 220, 124, 173, 155, 24, 226, 81, 147, 240, 26,
       241, 5, 88, 67, 110, 218, 79, 85, 182, 167, 236, 202, 191, 220,
       43, 166, 236, 94, 226, 219, 215, 241, 104, 159, 33, 121, 238, 94,
       103, 245, 244, 93, 239, 60, 62, 207, 128, 237, 127, 217, 148, 214,
       221, 158, 158, 232, 229, 254, 239, 190, 23, 233, 21, 244, 242,
       106, 91, 251, 199, 123, 163, 119, 71, 219, 119, 189, 183, 223,
       126, 152, 115, 171, 130, 230, 236, 183, 222, 253, 233, 158, 239,
       159, 191, 152, 27, 238, 254, 109, 143, 253, 255, 255, 147, 122,
       239, 203, 227, 185, 182, 223, 123, 208, 124, 165, 222, 195, 131,
       43, 143, 60, 132, 75, 56, 228, 73, 211, 244, 241, 202, 152, 96,
       212, 4, 125, 205, 223, 137, 231, 7, 196, 60, 170, 208, 28, 130,
       240, 101, 128, 22, 94, 247, 226, 47, 117, 83, 125, 30, 115, 252,
       255, 51, 160, 25, 183, 63, 6, 34, 176, 244, 0, 14, 196, 147, 112,
       130, 200, 193, 135, 145, 53, 221, 239, 166, 204, 74, 95, 240, 133,
       242, 255, 131, 83, 173, 119, 115, 253, 215, 119, 226, 93, 251,
       189, 32, 123, 233, 229, 69, 237, 251, 252, 210, 25, 143, 30, 255,
       54, 135, 63, 240, 148, 8, 218, 102, 245, 243, 176, 96, 118, 123,
       31, 239, 233, 136, 10, 63, 224, 239, 170, 128, 56, 170, 33, 41,
       78, 252, 186, 250, 235, 229, 53, 199, 174, 31, 141, 49, 172, 247,
       106, 219, 167, 51, 235, 146, 82, 79, 154, 241, 211, 209, 94, 59,
       146, 81, 175, 155, 1, 17, 20, 205, 13, 151, 64, 72, 199, 216, 240,
       66, 176, 146, 164, 228, 200, 160, 46, 168, 13, 1, 115, 157, 135,
       216, 195, 6, 26, 8, 120, 132, 113, 221, 105, 236, 92, 7, 79, 252,
       85, 96, 234, 14, 115, 97, 49, 112, 88, 196, 56, 238, 233, 179,
       121, 63, 243, 239, 197, 28, 57, 187, 112, 56, 104, 185, 58, 112,
       65, 237, 113, 83, 233, 13, 124, 24, 191, 151, 66, 48, 128, 58, 68,
       8, 26, 56, 178, 1, 199, 217, 16, 121, 66, 0, 198, 162, 212, 47,
       159, 164, 162, 42, 62, 48, 184, 166, 139, 249, 231, 231, 193, 83,
       54, 245, 109, 226, 120, 193, 137, 106, 248, 130, 111, 160, 32,
       241, 37, 49, 0, 137, 189, 187, 172, 237, 177, 143, 142, 61, 138,
       17, 180, 222, 96, 74, 193, 19, 123, 17, 22, 105, 91, 53, 205, 151,
       127, 125, 144, 72, 133, 74, 60, 136, 138, 255, 151, 194, 99, 232,
       118, 181, 227, 2, 115, 235, 121, 96, 121, 238, 42, 218, 26, 251,
       191, 51, 249, 175, 207, 77, 177, 107, 116, 42, 226, 171, 150, 191,
       11, 134, 56, 64, 162, 180, 227, 197, 101, 226, 34, 214, 204, 229,
       232, 196, 206, 215, 158, 201, 152, 50, 75, 3, 33, 46, 44, 196,
       226, 32, 208, 90, 201, 181, 176, 67, 175, 23, 161, 25, 8, 222,
       110, 254, 233, 187, 226, 144, 22, 78, 114, 208, 31, 24, 82, 123,
       211, 4, 238, 142, 37, 53, 233, 107, 220, 237, 227, 82, 114, 97,
       253, 28, 147, 184, 92, 48, 217, 142, 82, 29, 155, 186, 241, 50,
       109, 157, 145, 112, 201, 75, 210, 162, 217, 89, 95, 253, 164, 94,
       109, 55, 244, 90, 214, 112, 211, 23, 129, 239, 102, 52, 124, 104,
       105, 213, 97, 13, 231, 235, 98, 144, 34, 184, 1, 57, 65, 156, 156,
       92, 155, 45, 23, 59, 173, 31, 174, 28, 254, 55, 2, 82, 7, 18, 122,
       40, 48, 9, 115, 127, 243, 191, 80, 26, 154, 96, 129, 83, 193, 50,
       101, 129, 108, 9, 233, 88, 236, 56, 211, 252, 159, 0, 209, 207,
       38, 140, 110, 109, 145, 117, 231, 208, 148, 24, 114, 184, 68, 168,
       19, 225, 89, 191, 242, 247, 53, 182, 251, 115, 119, 140, 255, 102,
       121, 121, 182, 224, 252, 118, 189, 142, 223, 249, 169, 237, 94,
       239, 167, 128, 47, 238, 120, 27, 80, 235, 95, 190, 34, 192, 61,
       229, 160, 5, 194, 161, 117, 199, 8, 80, 54, 255, 237, 193, 74,
       155, 130, 105, 240, 225, 234, 137, 36, 146, 39, 11, 67, 115, 82,
       197, 96, 14, 105, 80, 109, 232, 187, 100, 152, 2, 181, 112, 254,
       165, 94, 236, 201, 131, 33, 204, 212, 184, 170, 128, 12, 162, 98,
       145, 57, 158, 233, 69, 182, 43, 235, 183, 84, 235, 254, 246, 243,
       61, 148, 96, 95, 238, 52, 44, 185, 184, 101, 47, 238, 175, 181,
       192, 237, 232, 208, 121, 106, 48, 96, 210, 77, 253, 144, 72, 139,
       53, 177, 27, 44, 220, 118, 138, 136, 185, 243, 17, 6, 107, 218,
       209, 19, 81, 25, 123, 215, 13, 95, 206, 65, 83, 95, 204, 60, 138,
       106, 88, 236, 192, 215, 228, 215, 215, 176, 98, 86, 164, 126, 126,
       193, 177, 231, 72, 22, 169, 34, 128, 60, 138, 96, 49, 157, 12,
       197, 229, 52, 42, 79, 50, 116, 162, 203, 88, 243, 97, 145, 83, 25,
       230, 108, 46, 41, 240, 77, 14, 236, 174, 229, 16, 108, 235, 80,
       32, 75, 239, 82, 200, 251, 19, 62, 239, 173, 34, 220, 206, 13,
       171, 160, 196, 55, 79, 95, 238, 244, 11, 4, 255, 178, 252, 30,
       191, 62, 214, 169, 13, 126, 49, 188, 246, 233, 92, 84, 205, 139,
       191, 177, 25, 14, 255, 79, 154, 137, 215, 237, 16, 28, 107, 218,
       192, 155, 209, 93, 63, 195, 126, 142, 70, 239, 56, 46, 188, 13,
       213, 208, 72, 207, 220, 133, 25, 232, 220, 127, 238, 201, 112,
       251, 23, 142, 103, 250, 157, 91, 89, 141, 63, 18, 45, 124, 230,
       199, 172, 171, 182, 180, 124, 238, 184, 186, 223, 28, 149, 213,
       238, 251, 99, 183, 111, 61, 63, 247, 65, 186, 43, 234, 239, 239,
       237, 132, 243, 219, 241, 75, 99, 107, 204, 110, 27, 249, 88, 109,
       224, 247, 239, 157, 140, 183, 96, 126, 157, 223, 237, 197, 179,
