%YAML:1.0
---
descriptors: !!opencv-matrix
   rows: 168
   cols: 32
   dt: u
   data: [ 16, 91, 123, 101, 48, 78, 111, 52, 100, 76, 126, 5, 243, 23,
       146, 80, 122, 236, 76, 110, 201, 176, 113, 13, 231, 237, 34, 0,
       97, 186, 70, 121, 253, 221, 199, 199, 212, 62, 78, 188, 87, 234,
       218, 206, 83, 104, 157, 229, 125, 206, 124, 239, 253, 242, 253,
       190, 190, 111, 229, 148, 239, 255, 216, 53, 173, 125, 121, 101,
       244, 79, 111, 188, 112, 234, 126, 8, 211, 53, 145, 48, 30, 204,
       84, 106, 233, 176, 249, 14, 239, 223, 37, 4, 98, 242, 70, 241,
       142, 221, 254, 183, 243, 251, 183, 231, 159, 215, 95, 179, 108,
       252, 111, 43, 175, 115, 179, 147, 54, 253, 46, 255, 126, 83, 95,
       71, 205, 125, 173, 223, 88, 184, 147, 112, 211, 200, 115, 86, 163,
       129, 236, 40, 191, 151, 64, 48, 35, 255, 108, 16, 11, 218, 178,
       98, 217, 197, 21, 106, 224, 0, 39, 171, 98, 170, 174, 158, 89,
       151, 152, 105, 175, 157, 181, 137, 236, 239, 110, 91, 204, 149,
       239, 148, 26, 75, 234, 213, 219, 243, 223, 251, 144, 134, 38, 218,
       141, 248, 191, 127, 77, 188, 125, 150, 255, 219, 102, 16, 249,
       255, 93, 123, 197, 127, 123, 218, 231, 220, 251, 241, 79, 251,
       223, 32, 130, 117, 103, 250, 137, 188, 189, 121, 169, 237, 181,
       223, 254, 91, 172, 16, 190, 187, 64, 59, 161, 51, 123, 24, 50,
       109, 178, 115, 207, 223, 82, 123, 194, 64, 131, 235, 23, 77, 99,
       222, 148, 146, 239, 246, 212, 192, 223, 194, 113, 252, 181, 100,
       120, 234, 23, 239, 233, 187, 44, 255, 48, 46, 174, 128, 55, 255,
       112, 228, 132, 89, 146, 158, 77, 196, 148, 64, 156, 130, 209, 18,
       204, 220, 33, 73, 216, 121, 162, 67, 64, 231, 90, 136, 149, 48,
       195, 11, 20, 120, 53, 134, 35, 183, 122, 8, 250, 183, 158, 127,
       94, 105, 92, 237, 156, 216, 182, 160, 158, 43, 151, 117, 149, 187,
       84, 158, 42, 93, 45, 254, 93, 222, 187, 157, 40, 92, 123, 103,
       116, 207, 119, 112, 228, 232, 127, 8, 119, 85, 41, 48, 156, 120,
       86, 106, 225, 180, 120, 63, 103, 221, 32, 0, 98, 155, 70, 251,
       184, 125, 120, 101, 244, 79, 85, 87, 115, 238, 244, 8, 31, 31, 65,
       57, 140, 188, 68, 56, 232, 254, 241, 8, 243, 201, 117, 52, 98,
       248, 70, 123, 124, 241, 253, 238, 169, 101, 95, 152, 35, 249, 173,
       9, 95, 127, 73, 122, 149, 213, 125, 242, 27, 67, 251, 145, 251,
       215, 229, 127, 186, 243, 134, 115, 72, 245, 21, 177, 153, 78, 5,
       191, 42, 177, 138, 72, 150, 55, 72, 59, 129, 87, 121, 49, 83, 72,
       209, 84, 237, 146, 95, 116, 136, 80, 135, 58, 124, 121, 189, 231,
       172, 79, 87, 184, 34, 238, 158, 45, 215, 119, 67, 18, 23, 213,
       125, 123, 201, 67, 249, 60, 251, 207, 237, 180, 172, 243, 22, 115,
       165, 209, 123, 74, 244, 206, 239, 252, 127, 88, 116, 100, 216,
       215, 173, 53, 30, 88, 23, 122, 227, 32, 58, 255, 111, 152, 39,
       204, 91, 186, 231, 241, 222, 252, 254, 182, 214, 70, 63, 220, 155,
       255, 23, 179, 125, 253, 123, 75, 119, 127, 181, 243, 162, 71, 154,
       235, 251, 102, 255, 174, 182, 255, 181, 115, 221, 244, 28, 122,
       41, 29, 85, 188, 237, 26, 181, 24, 255, 83, 10, 59, 133, 81, 236,
       106, 236, 101, 123, 53, 195, 219, 101, 93, 106, 144, 203, 11, 198,
       254, 173, 190, 201, 229, 191, 175, 190, 159, 132, 25, 236, 255,
       75, 75, 197, 123, 251, 147, 114, 79, 250, 243, 239, 55, 223, 187,
       144, 113, 133, 122, 140, 119, 126, 103, 112, 78, 119, 248, 124,
       14, 119, 96, 223, 123, 138, 81, 182, 93, 87, 106, 224, 240, 41,
       44, 231, 235, 97, 133, 98, 179, 79, 163, 255, 255, 198, 158, 254,
       50, 207, 252, 83, 238, 253, 255, 73, 234, 191, 213, 127, 238, 183,
       239, 252, 215, 141, 255, 58, 110, 231, 228, 191, 247, 250, 221,
       120, 157, 58, 126, 221, 213, 87, 227, 197, 4, 236, 8, 98, 249, 38,
       80, 216, 242, 169, 66, 88, 43, 122, 189, 243, 255, 132, 27, 83,
       42, 252, 10, 40, 127, 184, 250, 189, 201, 23, 206, 207, 4, 172,
       40, 166, 217, 97, 48, 201, 122, 194, 82, 74, 43, 106, 187, 235,
       213, 21, 59, 210, 89, 86, 171, 244, 241, 24, 176, 168, 45, 22,
       232, 186, 62, 168, 57, 215, 243, 73, 27, 179, 211, 108, 115, 90,
       103, 202, 51, 249, 199, 103, 125, 192, 115, 135, 131, 41, 245, 49,
       77, 125, 79, 71, 168, 79, 96, 108, 8, 242, 81, 16, 52, 152, 76,
       82, 106, 73, 50, 121, 63, 103, 156, 5, 52, 82, 58, 86, 170, 236,
       120, 173, 113, 237, 254, 249, 146, 199, 254, 22, 16, 153, 189,
       215, 106, 133, 116, 251, 89, 129, 252, 241, 162, 79, 251, 245,
       229, 194, 249, 84, 251, 138, 169, 50, 186, 201, 237, 177, 206,
       190, 53, 72, 11, 172, 223, 96, 9, 168, 123, 163, 209, 18, 90, 154,
       241, 93, 208, 79, 107, 16, 77, 167, 234, 82, 171, 142, 191, 26,
       192, 56, 204, 174, 148, 130, 163, 229, 207, 106, 66, 225, 117,
       251, 209, 2, 65, 138, 241, 221, 97, 143, 237, 4, 32, 53, 66, 188,
       239, 64, 13, 221, 59, 198, 235, 87, 166, 189, 155, 67, 104, 31,
       133, 89, 206, 66, 175, 108, 114, 93, 30, 57, 2, 133, 53, 115, 253,
       222, 132, 247, 237, 253, 231, 244, 6, 207, 253, 91, 162, 255, 10,
       121, 121, 29, 36, 123, 247, 119, 235, 233, 247, 89, 255, 125, 62,
       207, 208, 69, 251, 242, 32, 27, 159, 107, 255, 246, 182, 239, 119,
       117, 74, 254, 230, 121, 235, 180, 96, 127, 234, 23, 173, 249, 187,
       36, 239, 250, 239, 174, 128, 63, 234, 240, 249, 53, 95, 78, 175,
       54, 3, 78, 120, 68, 192, 223, 231, 115, 104, 155, 65, 126, 228,
       31, 239, 205, 146, 93, 46, 244, 47, 169, 128, 45, 187, 120, 81,
       62, 180, 176, 131, 253, 125, 240, 201, 31, 127, 181, 59, 206, 92,
       78, 140, 185, 145, 255, 49, 62, 119, 233, 210, 159, 215, 59, 247,
       210, 79, 143, 215, 214, 188, 191, 191, 190, 227, 55, 238, 158,
       247, 79, 55, 244, 255, 107, 75, 243, 127, 249, 19, 114, 77, 187,
       63, 239, 231, 255, 255, 148, 115, 149, 251, 41, 253, 17, 77, 117,
       31, 230, 249, 95, 104, 108, 76, 82, 80, 20, 180, 152, 12, 82, 106,
       197, 176, 121, 31, 39, 156, 1, 54, 90, 58, 90, 172, 238, 176, 253,
       208, 237, 253, 185, 91, 139, 251, 181, 62, 156, 156, 94, 187, 239,
       147, 255, 17, 183, 111, 250, 208, 95, 25, 223, 255, 223, 77, 223,
       243, 37, 84, 123, 103, 116, 175, 119, 248, 237, 74, 127, 64, 243,
       209, 169, 48, 28, 120, 86, 106, 193, 180, 56, 63, 103, 159, 33, 0,
       65, 155, 66, 233, 164, 172, 140, 247, 156, 111, 78, 174, 86, 179,
       226, 24, 243, 105, 84, 59, 217, 238, 102, 26, 58, 254, 201, 47,
       207, 223, 213, 117, 192, 249, 210, 32, 168, 41, 60, 117, 97, 207,
       85, 55, 113, 186, 118, 24, 191, 63, 0, 19, 132, 191, 85, 8, 120,
       218, 240, 12, 199, 219, 116, 49, 98, 192, 198, 235, 232, 201, 188,
       251, 173, 205, 117, 167, 255, 59, 38, 24, 190, 185, 64, 123, 129,
       119, 122, 88, 114, 109, 219, 177, 239, 251, 84, 91, 210, 88, 193,
       42, 146, 130, 142, 189, 30, 130, 56, 204, 190, 180, 194, 167, 197,
       238, 50, 66, 241, 109, 175, 245, 38, 221, 11, 221, 200, 227, 255,
       133, 36, 32, 61, 74, 49, 36, 193, 205, 84, 15, 99, 125, 87, 161,
       102, 74, 83, 97, 152, 188, 120, 206, 2, 40, 57, 242, 93, 159, 61,
       142, 213, 100, 251, 168, 210, 160, 44, 117, 57, 101, 52, 79, 119,
       184, 109, 140, 126, 72, 223, 23, 9, 16, 148, 92, 68, 106, 65, 176,
       113, 12, 231, 217, 37, 4, 66, 187, 70, 227, 212, 220, 247, 222,
       242, 102, 111, 252, 186, 158, 187, 18, 125, 247, 41, 91, 119, 255,
       29, 250, 51, 199, 184, 238, 249, 238, 111, 196, 160, 243, 165,
       225, 28, 38, 157, 161, 172, 123, 248, 154, 78, 182, 158, 58, 215,
       109, 89, 42, 219, 221, 111, 49, 44, 240, 105, 146, 207, 199, 175,
       245, 228, 249, 21, 194, 253, 212, 188, 126, 41, 61, 85, 184, 235,
       30, 181, 29, 95, 123, 75, 27, 181, 209, 236, 106, 236, 101, 251,
       17, 211, 235, 101, 29, 98, 243, 78, 67, 28, 85, 126, 103, 98, 78,
       126, 240, 181, 78, 127, 4, 95, 255, 43, 81, 182, 213, 199, 98,
