%YAML:1.0
---
descriptors: !!opencv-matrix
   rows: 222
   cols: 32
   dt: u
   data: [ 201, 189, 124, 121, 169, 155, 125, 55, 255, 119, 102, 189,
       159, 63, 150, 119, 135, 63, 253, 12, 244, 220, 229, 87, 238, 255,
       116, 195, 98, 148, 135, 127, 242, 72, 215, 246, 14, 2, 76, 160,
       57, 146, 178, 26, 123, 107, 5, 91, 98, 229, 125, 226, 104, 199,
       201, 234, 178, 250, 199, 144, 37, 176, 114, 40, 39, 165, 112, 195,
       253, 61, 240, 25, 79, 113, 61, 25, 142, 57, 222, 44, 159, 10, 94,
       28, 150, 120, 255, 208, 143, 92, 21, 127, 214, 206, 195, 199, 24,
       221, 57, 251, 176, 207, 83, 183, 22, 73, 238, 16, 183, 87, 32, 96,
       213, 58, 29, 88, 59, 136, 113, 63, 235, 239, 52, 80, 144, 136,
       164, 123, 198, 4, 183, 149, 169, 120, 188, 2, 191, 191, 131, 145,
       204, 110, 5, 207, 167, 87, 249, 135, 36, 69, 139, 194, 129, 50,
       91, 151, 130, 117, 13, 68, 49, 108, 107, 65, 86, 255, 233, 198,
       86, 229, 126, 10, 17, 21, 215, 44, 57, 170, 18, 188, 162, 184, 53,
       94, 125, 14, 149, 100, 229, 216, 84, 232, 246, 125, 147, 238, 169,
       13, 222, 253, 187, 170, 185, 72, 255, 255, 65, 51, 221, 223, 127,
       99, 105, 99, 218, 251, 177, 219, 79, 62, 88, 122, 130, 59, 198,
       236, 209, 182, 254, 160, 190, 143, 187, 179, 24, 210, 237, 234,
       93, 66, 183, 123, 121, 147, 34, 76, 142, 243, 172, 22, 159, 236,
       132, 113, 131, 8, 115, 150, 233, 228, 246, 38, 222, 127, 17, 163,
       187, 222, 89, 61, 156, 32, 127, 215, 85, 173, 185, 255, 77, 207,
       120, 46, 189, 212, 237, 226, 178, 33, 250, 56, 238, 21, 143, 249,
       177, 7, 169, 247, 134, 159, 171, 188, 86, 42, 233, 183, 249, 145,
       188, 237, 247, 130, 95, 119, 216, 179, 231, 76, 222, 94, 77, 51,
       253, 101, 34, 94, 121, 48, 41, 236, 54, 236, 223, 23, 131, 251,
       54, 85, 252, 110, 193, 208, 245, 72, 198, 249, 97, 132, 42, 166,
       7, 113, 237, 178, 248, 97, 45, 93, 81, 24, 107, 253, 52, 61, 158,
       29, 207, 190, 143, 28, 228, 20, 159, 116, 243, 128, 79, 221, 113,
       247, 202, 172, 78, 247, 207, 251, 108, 119, 102, 212, 127, 176,
       227, 252, 23, 167, 249, 127, 222, 167, 38, 113, 253, 238, 230, 80,
       239, 189, 110, 203, 239, 129, 39, 167, 93, 249, 95, 112, 245, 101,
       35, 30, 124, 24, 57, 226, 183, 169, 91, 63, 223, 255, 54, 213,
       253, 239, 200, 212, 245, 200, 215, 251, 101, 133, 39, 245, 78, 83,
       103, 48, 241, 97, 173, 63, 216, 26, 123, 249, 61, 249, 142, 61,
       222, 62, 151, 221, 221, 21, 150, 112, 233, 208, 143, 218, 29, 246,
       199, 237, 195, 215, 178, 71, 103, 238, 157, 82, 70, 105, 229, 4,
       250, 3, 99, 104, 52, 197, 120, 228, 76, 235, 124, 163, 5, 141,
       179, 232, 130, 19, 119, 62, 244, 6, 0, 160, 153, 155, 252, 233,
       169, 143, 30, 57, 88, 249, 180, 194, 200, 72, 207, 27, 106, 17,
       19, 88, 203, 209, 76, 20, 62, 236, 156, 8, 129, 185, 85, 81, 30,
       69, 48, 14, 115, 144, 108, 168, 102, 68, 222, 19, 129, 112, 182,
       68, 108, 122, 193, 176, 177, 76, 230, 189, 33, 6, 72, 51, 67, 35,
       178, 103, 99, 77, 82, 82, 175, 228, 53, 36, 230, 146, 72, 7, 133,
       213, 126, 221, 131, 234, 104, 214, 37, 207, 53, 40, 138, 134, 103,
       176, 38, 252, 97, 77, 104, 14, 220, 187, 215, 231, 90, 164, 236,
       143, 99, 232, 55, 16, 216, 238, 2, 101, 236, 58, 108, 63, 118, 45,
       5, 57, 213, 126, 218, 206, 88, 201, 23, 110, 19, 198, 103, 180,
       53, 8, 234, 2, 126, 55, 1, 116, 112, 247, 123, 234, 73, 155, 25,
       125, 241, 228, 6, 0, 34, 50, 164, 42, 252, 73, 94, 236, 15, 86,
       95, 56, 177, 162, 231, 10, 91, 55, 33, 247, 114, 212, 253, 234,
       104, 199, 51, 236, 243, 235, 231, 17, 35, 187, 124, 34, 67, 127,
       91, 229, 242, 142, 62, 55, 60, 72, 122, 228, 157, 174, 128, 112,
       166, 127, 31, 204, 197, 152, 164, 238, 230, 253, 46, 128, 12, 176,
       171, 25, 17, 77, 206, 213, 20, 138, 111, 34, 124, 128, 110, 2,
       115, 35, 181, 112, 114, 236, 42, 238, 96, 184, 5, 238, 230, 238,
       198, 0, 101, 240, 112, 168, 6, 189, 17, 186, 220, 205, 178, 207,
       142, 1, 120, 75, 164, 223, 108, 0, 217, 27, 3, 81, 82, 11, 74,
       245, 61, 20, 15, 110, 144, 10, 135, 139, 77, 49, 49, 69, 53, 14,
       99, 24, 105, 104, 55, 108, 222, 81, 137, 180, 182, 4, 76, 110,
       129, 176, 177, 12, 198, 184, 33, 22, 74, 35, 67, 35, 241, 72, 253,
       111, 12, 76, 79, 184, 112, 74, 226, 72, 115, 119, 153, 115, 80,
       196, 124, 110, 233, 102, 251, 43, 245, 171, 100, 24, 48, 178, 70,
       104, 197, 164, 221, 241, 236, 41, 233, 27, 254, 179, 51, 88, 159,
       233, 216, 43, 43, 143, 110, 25, 51, 116, 207, 210, 204, 154, 127,
       100, 204, 201, 131, 160, 77, 239, 198, 79, 122, 26, 110, 184, 118,
       160, 79, 228, 225, 224, 153, 228, 51, 108, 106, 238, 196, 208,
       207, 63, 44, 46, 37, 132, 46, 183, 72, 132, 93, 89, 83, 101, 50,
       78, 51, 48, 104, 232, 107, 96, 95, 19, 129, 114, 54, 213, 108, 98,
       193, 176, 177, 76, 214, 237, 35, 6, 106, 163, 35, 33, 77, 75, 253,
       103, 36, 14, 111, 52, 108, 168, 126, 108, 243, 33, 145, 114, 150,
       100, 108, 110, 201, 176, 229, 40, 230, 249, 101, 144, 72, 179, 67,
       41, 1, 161, 29, 187, 252, 233, 169, 143, 30, 49, 17, 184, 149,
       194, 200, 105, 75, 27, 106, 24, 19, 88, 207, 213, 76, 145, 62,
       124, 148, 136, 129, 168, 242, 67, 102, 172, 13, 2, 70, 105, 197,
       4, 179, 11, 98, 104, 60, 87, 232, 228, 108, 227, 104, 167, 9, 205,
       177, 162, 195, 19, 113, 58, 244, 6, 77, 53, 153, 225, 224, 46,
       104, 25, 58, 187, 107, 80, 213, 51, 73, 250, 183, 95, 124, 60, 17,
       208, 153, 66, 207, 237, 119, 100, 136, 225, 203, 129, 66, 168,
       115, 222, 109, 137, 248, 7, 239, 17, 240, 9, 174, 138, 20, 52,
       170, 187, 127, 1, 6, 43, 198, 241, 150, 120, 26, 59, 84, 4, 67,
       142, 55, 123, 122, 12, 86, 167, 159, 64, 105, 204, 248, 15, 24,
       220, 63, 48, 190, 237, 87, 199, 196, 163, 180, 72, 115, 28, 39,
       138, 77, 115, 103, 215, 7, 165, 112, 195, 253, 125, 248, 201, 111,
       241, 189, 27, 206, 120, 94, 44, 187, 139, 127, 61, 150, 112, 255,
       208, 159, 88, 17, 119, 198, 207, 195, 198, 120, 221, 62, 110, 25,
       198, 87, 176, 225, 12, 174, 8, 123, 247, 34, 115, 192, 246, 125,
       106, 104, 43, 250, 45, 243, 249, 96, 25, 98, 227, 102, 43, 25,
       249, 63, 97, 16, 207, 81, 54, 228, 88, 174, 4, 183, 23, 0, 113,
       36, 176, 76, 104, 73, 137, 49, 29, 225, 201, 32, 80, 104, 130, 39,
       123, 19, 101, 175, 197, 149, 103, 229, 71, 86, 167, 218, 18, 48,
       184, 117, 44, 121, 138, 18, 153, 163, 249, 53, 202, 53, 14, 159,
       0, 193, 88, 244, 236, 9, 156, 19, 249, 177, 167, 41, 55, 62, 11,
       90, 80, 188, 183, 32, 228, 215, 59, 22, 8, 115, 156, 17, 87, 197,
       246, 58, 192, 154, 64, 161, 185, 95, 33, 224, 101, 99, 90, 120,
       16, 41, 224, 182, 136, 91, 31, 151, 118, 54, 149, 253, 236, 136,
       208, 229, 200, 215, 249, 193, 133, 38, 166, 66, 113, 11, 141, 71,
       231, 83, 210, 109, 55, 173, 0, 94, 194, 185, 35, 176, 229, 102,
       167, 31, 140, 97, 152, 37, 253, 175, 236, 174, 192, 47, 134, 177,
       40, 219, 211, 100, 245, 46, 158, 124, 56, 163, 216, 23, 231, 121,
       95, 159, 39, 166, 245, 253, 239, 196, 68, 239, 221, 70, 251, 233,
       132, 39, 166, 88, 87, 98, 178, 181, 232, 125, 71, 153, 155, 27,
       121, 177, 121, 78, 156, 124, 57, 151, 157, 245, 17, 154, 107, 139,
       213, 139, 90, 249, 254, 214, 132, 151, 119, 201, 83, 108, 76, 42,
       95, 63, 56, 172, 236, 23, 237, 221, 71, 147, 227, 54, 53, 253,
       238, 197, 0, 103, 221, 103, 105, 107, 156, 62, 167, 15, 113, 178,
       190, 167, 184, 248, 175, 156, 215, 191, 123, 240, 189, 46, 191,
       166, 25, 207, 255, 247, 21, 190, 219, 194, 179, 250, 82, 93, 250,
       211, 220, 166, 219, 193, 183, 151, 216, 172, 44, 185, 223, 191,
       25, 48, 116, 156, 243, 224, 223, 167, 27, 127, 28, 179, 77, 138,
       209, 137, 186, 127, 238, 154, 192, 161, 161, 164, 140, 215, 254,
