%YAML:1.0
---
descriptors: !!opencv-matrix
   rows: 248
   cols: 32
   dt: u
   data: [ 92, 56, 154, 228, 98, 110, 91, 16, 33, 174, 55, 40, 95, 55,
       195, 123, 166, 245, 125, 114, 8, 87, 176, 8, 211, 249, 97, 132,
       162, 227, 6, 115, 201, 95, 55, 244, 100, 141, 123, 118, 253, 200,
       22, 100, 188, 159, 177, 121, 166, 99, 127, 77, 161, 141, 32, 254,
       246, 219, 250, 138, 10, 145, 1, 121, 29, 178, 254, 69, 59, 95, 49,
       121, 233, 221, 53, 164, 95, 93, 170, 183, 54, 21, 212, 44, 133,
       225, 54, 204, 75, 201, 97, 231, 106, 164, 15, 247, 93, 91, 124,
       239, 110, 11, 255, 152, 76, 236, 151, 239, 223, 79, 179, 98, 126,
       197, 127, 111, 193, 53, 109, 152, 244, 233, 171, 148, 60, 187, 81,
       113, 43, 253, 120, 218, 125, 157, 218, 254, 95, 121, 60, 13, 60,
       221, 94, 176, 141, 219, 215, 79, 199, 42, 122, 247, 127, 93, 149,
       126, 95, 157, 90, 222, 6, 204, 34, 159, 85, 247, 178, 226, 30, 5,
       88, 3, 236, 238, 54, 196, 217, 107, 131, 19, 54, 184, 90, 255, 47,
       54, 138, 67, 148, 15, 61, 222, 6, 157, 148, 159, 253, 164, 190,
       167, 158, 155, 26, 32, 236, 254, 104, 203, 135, 115, 187, 19, 114,
       73, 155, 241, 45, 50, 95, 239, 144, 115, 161, 139, 46, 112, 242,
       138, 109, 95, 190, 200, 91, 238, 253, 43, 72, 220, 127, 132, 255,
       221, 215, 243, 196, 55, 250, 250, 63, 93, 7, 175, 215, 63, 111,
       215, 17, 140, 75, 225, 150, 175, 105, 135, 102, 113, 74, 150, 19,
       11, 112, 104, 111, 138, 26, 156, 155, 188, 53, 246, 221, 207, 146,
       68, 189, 200, 241, 40, 10, 239, 98, 154, 119, 209, 190, 226, 159,
       76, 93, 163, 104, 236, 183, 132, 251, 107, 135, 199, 230, 170, 14,
       255, 58, 87, 15, 171, 87, 158, 63, 205, 253, 30, 239, 225, 164,
       42, 105, 146, 112, 250, 22, 244, 147, 163, 209, 123, 95, 228, 61,
       252, 169, 213, 229, 2, 206, 235, 247, 132, 172, 241, 112, 57, 107,
       114, 241, 67, 111, 93, 105, 89, 111, 121, 119, 254, 10, 150, 222,
       252, 54, 152, 246, 28, 131, 52, 247, 209, 22, 89, 0, 234, 127,
       142, 72, 245, 7, 180, 170, 155, 246, 151, 190, 239, 95, 187, 89,
       247, 228, 252, 254, 33, 255, 91, 19, 177, 246, 248, 73, 255, 46,
       22, 159, 230, 157, 92, 185, 159, 187, 76, 107, 236, 66, 82, 237,
       118, 21, 66, 196, 147, 57, 31, 178, 97, 110, 187, 19, 141, 233,
       159, 52, 203, 247, 105, 218, 128, 55, 212, 48, 248, 85, 237, 250,
       182, 182, 56, 255, 233, 250, 218, 28, 3, 253, 233, 255, 227, 179,
       111, 93, 127, 246, 65, 138, 234, 170, 223, 47, 236, 132, 243, 241,
       193, 39, 53, 42, 138, 245, 245, 187, 200, 76, 77, 221, 35, 136,
       220, 255, 32, 254, 139, 147, 245, 150, 50, 60, 246, 127, 29, 138,
       239, 213, 15, 125, 215, 216, 81, 118, 225, 51, 64, 49, 17, 165,
       93, 215, 176, 191, 23, 130, 231, 102, 157, 255, 208, 11, 153, 241,
       192, 199, 241, 10, 131, 34, 132, 37, 123, 46, 112, 240, 194, 109,
       125, 114, 216, 139, 253, 61, 9, 12, 245, 107, 158, 201, 216, 147,
       26, 2, 50, 250, 224, 87, 93, 5, 47, 210, 255, 78, 214, 198, 238,
       255, 242, 238, 224, 183, 231, 250, 31, 25, 58, 228, 252, 237, 43,
       163, 115, 119, 19, 114, 105, 170, 227, 124, 22, 255, 235, 132,
       113, 151, 203, 122, 219, 114, 236, 125, 209, 144, 71, 137, 77,
       252, 43, 46, 157, 38, 16, 206, 147, 215, 193, 202, 43, 224, 161,
       243, 245, 190, 251, 87, 30, 191, 219, 37, 22, 105, 204, 124, 59,
       75, 89, 75, 234, 189, 238, 83, 77, 183, 48, 220, 168, 86, 44, 141,
       50, 96, 158, 118, 221, 161, 180, 220, 251, 82, 209, 36, 166, 157,
       123, 184, 255, 138, 220, 254, 57, 225, 80, 177, 78, 28, 43, 205,
       91, 200, 144, 191, 252, 123, 57, 239, 219, 191, 117, 208, 1, 207,
       144, 58, 114, 230, 173, 111, 115, 184, 72, 143, 94, 213, 175, 12,
       204, 63, 140, 254, 153, 215, 161, 142, 167, 86, 208, 151, 85, 219,
       191, 87, 47, 61, 215, 107, 94, 195, 197, 102, 114, 107, 146, 45,
       202, 122, 230, 25, 39, 245, 252, 127, 220, 54, 138, 129, 146, 229,
       226, 22, 190, 178, 128, 167, 243, 98, 189, 119, 67, 234, 4, 198,
       16, 237, 97, 233, 206, 251, 167, 73, 232, 247, 83, 122, 237, 167,
       175, 196, 179, 166, 192, 118, 40, 231, 141, 101, 246, 247, 197,
       60, 120, 120, 238, 101, 221, 90, 80, 19, 40, 245, 9, 59, 221, 51,
       144, 220, 185, 151, 194, 202, 54, 88, 155, 211, 205, 161, 185,
       123, 187, 78, 146, 25, 113, 59, 229, 37, 77, 253, 119, 124, 76,
       118, 44, 191, 21, 18, 180, 182, 59, 149, 45, 193, 184, 48, 159,
       247, 205, 50, 136, 98, 132, 7, 249, 60, 77, 234, 227, 196, 50,
       111, 211, 117, 3, 127, 18, 91, 43, 49, 88, 105, 206, 55, 154, 152,
       178, 57, 162, 255, 239, 226, 65, 183, 251, 248, 162, 159, 53, 111,
       160, 149, 39, 233, 95, 85, 225, 222, 151, 25, 188, 126, 41, 125,
       139, 19, 189, 189, 251, 53, 206, 91, 73, 142, 196, 175, 204, 176,
       244, 57, 120, 112, 229, 53, 95, 75, 22, 85, 236, 126, 12, 187, 21,
       147, 180, 94, 188, 150, 76, 201, 184, 117, 159, 231, 221, 160,
       160, 118, 190, 86, 121, 26, 157, 50, 185, 179, 216, 48, 103, 191,
       93, 124, 49, 46, 190, 38, 212, 163, 27, 151, 1, 118, 25, 0, 215,
       158, 247, 26, 227, 82, 4, 175, 207, 122, 81, 98, 204, 117, 87,
       222, 105, 129, 236, 145, 171, 74, 220, 63, 132, 254, 185, 215,
       231, 204, 163, 28, 204, 179, 92, 137, 187, 119, 190, 126, 215, 61,
       21, 98, 108, 53, 87, 90, 120, 101, 204, 255, 167, 75, 109, 183,
       180, 126, 172, 148, 238, 204, 178, 101, 156, 242, 237, 161, 193,
       127, 175, 126, 247, 109, 30, 251, 245, 228, 190, 127, 178, 249,
       234, 126, 228, 159, 191, 247, 120, 199, 125, 181, 78, 249, 188,
       224, 170, 206, 255, 119, 196, 206, 249, 64, 121, 120, 53, 248,
       229, 144, 79, 87, 55, 48, 228, 142, 13, 183, 63, 66, 19, 28, 254,
       253, 96, 120, 218, 241, 10, 255, 229, 165, 49, 32, 232, 150, 123,
       114, 121, 158, 190, 43, 193, 22, 109, 171, 80, 168, 40, 110, 255,
       35, 86, 234, 241, 237, 194, 74, 11, 26, 249, 179, 209, 15, 59,
       210, 50, 47, 27, 92, 181, 189, 244, 141, 77, 79, 187, 182, 246,
       174, 9, 215, 247, 89, 90, 177, 212, 121, 170, 73, 67, 187, 18,
       251, 207, 197, 60, 176, 114, 4, 122, 154, 12, 110, 255, 134, 240,
       237, 71, 181, 198, 86, 147, 57, 175, 183, 105, 110, 171, 23, 141,
       40, 156, 36, 234, 246, 107, 218, 129, 167, 212, 116, 232, 184,
       204, 66, 252, 29, 195, 80, 103, 151, 37, 226, 19, 43, 153, 32,
       192, 104, 186, 171, 129, 106, 175, 18, 159, 243, 225, 144, 59, 55,
       28, 252, 10, 184, 203, 82, 168, 21, 211, 70, 253, 69, 0, 242, 34,
       99, 201, 32, 212, 248, 188, 142, 98, 76, 187, 1, 189, 178, 241,
       132, 83, 119, 142, 252, 12, 3, 205, 115, 159, 118, 128, 238, 231,
       221, 0, 218, 227, 164, 250, 180, 100, 238, 187, 23, 199, 100, 184,
       70, 255, 180, 190, 158, 2, 21, 152, 241, 140, 191, 76, 107, 254,
       84, 198, 235, 112, 212, 192, 221, 194, 113, 220, 181, 96, 120,
       232, 23, 239, 233, 183, 60, 175, 112, 111, 162, 136, 117, 191,
       112, 228, 7, 79, 83, 203, 114, 163, 171, 80, 28, 1, 121, 226, 125,
       207, 177, 96, 126, 187, 23, 253, 130, 146, 4, 255, 52, 172, 170,
       200, 181, 139, 161, 161, 161, 89, 107, 79, 116, 7, 203, 112, 84,
       104, 117, 110, 115, 65, 181, 49, 126, 232, 22, 238, 233, 182, 109,
       63, 118, 141, 161, 128, 125, 187, 112, 185, 60, 73, 106, 238, 28,
       211, 203, 240, 196, 128, 221, 2, 115, 217, 179, 96, 88, 184, 23,
       234, 200, 163, 44, 189, 243, 233, 163, 24, 55, 187, 124, 160, 237,
       87, 232, 70, 245, 20, 255, 184, 81, 234, 255, 238, 91, 120, 159,
       180, 95, 196, 182, 238, 237, 50, 253, 174, 126, 127, 165, 189,
       111, 255, 216, 85, 189, 84, 107, 108, 116, 23, 79, 120, 81, 202,
       245, 78, 83, 77, 185, 49, 126, 168, 23, 238, 233, 182, 117, 158,
       242, 233, 161, 148, 127, 171, 114, 241, 70, 249, 148, 159, 255,
       132, 190, 172, 158, 153, 10, 3, 236, 254, 104, 66, 167, 123, 59,
