%YAML:1.0
---
descriptors: !!opencv-matrix
   rows: 315
   cols: 32
   dt: u
   data: [ 210, 236, 131, 186, 153, 193, 5, 199, 191, 23, 130, 24, 174,
       178, 100, 127, 225, 243, 120, 145, 58, 79, 146, 243, 185, 50, 158,
       123, 144, 4, 167, 110, 165, 97, 185, 98, 236, 13, 111, 220, 235,
       186, 177, 92, 151, 201, 89, 58, 152, 232, 70, 95, 201, 118, 218,
       32, 247, 217, 101, 188, 72, 187, 82, 177, 126, 19, 172, 85, 41,
       118, 81, 17, 119, 252, 183, 165, 90, 61, 134, 255, 204, 148, 253,
       132, 141, 211, 243, 128, 211, 251, 225, 151, 107, 228, 110, 119,
       173, 113, 249, 101, 100, 15, 127, 157, 117, 234, 118, 76, 223, 53,
       17, 50, 156, 252, 85, 110, 201, 240, 249, 8, 231, 223, 101, 52,
       106, 250, 194, 179, 11, 122, 234, 109, 57, 151, 57, 27, 167, 108,
       222, 229, 185, 157, 147, 228, 70, 60, 255, 141, 199, 131, 247,
       145, 70, 125, 43, 187, 30, 180, 29, 125, 199, 191, 79, 71, 242,
       26, 110, 189, 169, 224, 158, 236, 216, 103, 156, 183, 54, 230,
       125, 238, 241, 201, 173, 109, 46, 26, 109, 212, 12, 178, 155, 117,
       11, 185, 244, 101, 59, 223, 121, 23, 127, 253, 126, 181, 153, 63,
       214, 52, 38, 63, 245, 157, 215, 216, 245, 209, 79, 249, 57, 197,
       167, 132, 199, 127, 1, 189, 27, 233, 100, 157, 236, 119, 76, 200,
       92, 76, 191, 176, 240, 164, 206, 42, 22, 13, 135, 56, 246, 131,
       166, 221, 62, 168, 94, 136, 217, 189, 102, 236, 180, 126, 121,
       173, 84, 205, 139, 179, 169, 8, 230, 249, 93, 31, 137, 82, 123,
       24, 10, 99, 202, 49, 63, 222, 85, 63, 210, 122, 66, 10, 151, 212,
       173, 255, 172, 102, 255, 188, 22, 254, 215, 151, 213, 255, 123,
       107, 221, 95, 63, 255, 249, 212, 123, 186, 239, 203, 239, 164,
       188, 251, 180, 243, 222, 122, 250, 246, 169, 88, 223, 200, 187,
       254, 183, 169, 239, 223, 75, 159, 190, 253, 237, 210, 78, 71, 234,
       224, 219, 209, 79, 191, 130, 119, 47, 119, 176, 88, 27, 244, 5,
       237, 83, 66, 201, 200, 160, 8, 62, 155, 37, 49, 200, 177, 4, 66,
       73, 175, 16, 172, 211, 217, 0, 59, 88, 25, 68, 42, 236, 224, 157,
       191, 45, 205, 68, 137, 182, 63, 195, 25, 247, 210, 72, 123, 201,
       76, 104, 18, 47, 199, 251, 51, 203, 243, 255, 125, 144, 25, 210,
       10, 222, 177, 170, 178, 139, 224, 57, 1, 171, 85, 135, 51, 140,
       151, 106, 92, 231, 151, 189, 145, 18, 75, 178, 192, 219, 209, 154,
       207, 134, 4, 165, 99, 204, 185, 157, 243, 173, 237, 48, 136, 174,
       185, 131, 24, 246, 240, 73, 75, 129, 103, 104, 82, 23, 105, 251,
       49, 205, 211, 125, 127, 144, 73, 31, 3, 149, 206, 74, 191, 22,
       130, 110, 243, 84, 2, 211, 247, 247, 99, 186, 65, 127, 238, 14,
       174, 252, 156, 77, 255, 240, 167, 183, 128, 53, 248, 248, 0, 247,
       190, 237, 245, 184, 102, 93, 191, 18, 255, 214, 254, 215, 119,
       144, 107, 87, 247, 125, 175, 249, 220, 253, 62, 237, 235, 253,
       148, 172, 240, 148, 113, 31, 176, 246, 186, 35, 244, 57, 216, 191,
       93, 95, 183, 237, 223, 174, 236, 183, 27, 191, 151, 151, 80, 190,
       241, 207, 127, 90, 203, 190, 135, 173, 247, 213, 156, 253, 253,
       172, 38, 79, 187, 22, 242, 158, 82, 209, 119, 145, 99, 127, 214,
       61, 174, 249, 71, 123, 62, 249, 239, 239, 180, 189, 240, 176, 48,
       215, 33, 231, 147, 163, 114, 236, 213, 45, 217, 87, 243, 89, 126,
       223, 239, 54, 199, 255, 255, 181, 209, 45, 192, 62, 90, 206, 199,
       175, 247, 171, 117, 234, 181, 48, 250, 125, 253, 82, 233, 63, 127,
       189, 25, 238, 254, 78, 181, 217, 155, 223, 33, 62, 107, 250, 247,
       223, 221, 155, 127, 210, 78, 223, 87, 190, 189, 254, 255, 237,
       223, 255, 252, 223, 254, 252, 3, 78, 255, 127, 78, 255, 255, 255,
       243, 254, 99, 123, 255, 255, 255, 79, 247, 215, 255, 239, 211,
       181, 204, 61, 251, 188, 175, 95, 216, 86, 58, 215, 18, 215, 127,
       57, 105, 221, 19, 63, 127, 170, 180, 123, 191, 237, 207, 239, 84,
       148, 219, 209, 98, 30, 174, 247, 125, 55, 218, 88, 250, 191, 238,
       246, 161, 107, 255, 159, 189, 183, 253, 253, 161, 188, 253, 164,
       206, 203, 255, 245, 215, 231, 228, 78, 111, 191, 163, 0, 168, 253,
       17, 200, 237, 11, 57, 177, 95, 142, 8, 94, 132, 219, 137, 199,
       245, 94, 42, 75, 213, 184, 80, 157, 255, 159, 14, 155, 133, 222,
       122, 182, 255, 171, 126, 60, 206, 191, 191, 135, 177, 236, 255,
       71, 222, 231, 119, 237, 147, 36, 69, 139, 226, 155, 247, 95, 155,
       130, 117, 47, 87, 101, 188, 147, 218, 205, 205, 119, 232, 251,
       139, 57, 10, 124, 243, 108, 52, 185, 249, 114, 90, 83, 103, 154,
       243, 93, 158, 7, 110, 208, 123, 99, 162, 59, 91, 118, 152, 51,
       149, 158, 247, 141, 12, 240, 231, 42, 140, 183, 197, 238, 179,
       151, 197, 206, 139, 2, 253, 178, 120, 172, 155, 95, 156, 168, 95,
       195, 115, 243, 236, 106, 64, 191, 93, 175, 72, 144, 224, 189, 159,
       229, 98, 230, 17, 255, 193, 195, 7, 166, 193, 54, 120, 42, 190, 4,
       176, 163, 57, 43, 39, 107, 204, 245, 247, 255, 79, 95, 77, 125,
       99, 24, 252, 182, 32, 254, 43, 23, 173, 148, 186, 36, 223, 54, 95,
       171, 171, 87, 79, 247, 231, 105, 189, 59, 69, 60, 127, 87, 119,
       117, 104, 254, 72, 242, 53, 128, 52, 220, 190, 110, 40, 217, 186,
       241, 63, 119, 255, 32, 18, 66, 202, 198, 41, 11, 235, 118, 79,
       124, 147, 250, 93, 207, 225, 125, 230, 249, 200, 246, 228, 254,
       109, 126, 221, 151, 251, 143, 253, 62, 121, 175, 232, 95, 142,
       233, 157, 44, 81, 123, 111, 116, 79, 247, 57, 68, 136, 125, 0, 83,
       85, 169, 48, 30, 24, 7, 106, 192, 176, 57, 12, 103, 141, 32, 0,
       115, 186, 70, 171, 105, 253, 91, 103, 116, 140, 111, 180, 121, 42,
       127, 104, 247, 115, 152, 112, 22, 254, 84, 106, 233, 184, 216, 47,
       238, 253, 36, 16, 104, 179, 194, 41, 46, 253, 241, 75, 221, 221,
       214, 200, 207, 113, 185, 11, 234, 252, 125, 160, 217, 219, 135,
       83, 222, 34, 94, 243, 47, 93, 5, 127, 211, 127, 220, 134, 41, 122,
       29, 155, 124, 253, 179, 84, 200, 93, 181, 124, 188, 150, 162, 173,
       206, 51, 206, 67, 135, 41, 104, 245, 212, 17, 58, 242, 90, 15,
       143, 253, 72, 248, 253, 241, 111, 77, 241, 204, 235, 249, 180, 10,
       190, 217, 77, 59, 175, 217, 110, 209, 67, 103, 251, 209, 221, 219,
       87, 124, 69, 16, 7, 170, 21, 15, 79, 239, 60, 203, 71, 113, 132,
       136, 249, 98, 83, 81, 161, 96, 82, 160, 14, 234, 105, 161, 73, 30,
       224, 175, 33, 16, 56, 171, 0, 32, 79, 252, 246, 223, 255, 187, 55,
       254, 63, 198, 206, 47, 236, 243, 239, 197, 119, 110, 235, 46, 96,
       219, 203, 255, 126, 126, 87, 74, 142, 252, 113, 223, 153, 78, 218,
       215, 118, 186, 232, 119, 125, 194, 118, 246, 121, 10, 181, 228,
       122, 174, 54, 140, 229, 188, 37, 206, 54, 175, 178, 128, 111, 236,
       105, 141, 52, 143, 107, 237, 244, 131, 250, 242, 69, 44, 250, 103,
       19, 41, 177, 64, 120, 236, 23, 235, 220, 187, 1, 190, 250, 237,
       163, 197, 117, 171, 124, 131, 94, 47, 227, 99, 179, 123, 251, 154,
       43, 165, 191, 169, 75, 61, 213, 176, 55, 215, 253, 251, 152, 241,
       237, 238, 123, 221, 45, 245, 231, 231, 87, 115, 27, 22, 246, 247,
       55, 246, 248, 23, 61, 79, 127, 55, 108, 190, 62, 237, 183, 191,
       191, 149, 180, 248, 49, 239, 91, 255, 218, 131, 167, 196, 237, 95,
       41, 157, 89, 111, 244, 143, 119, 53, 100, 168, 126, 72, 83, 59,
       32, 48, 156, 182, 70, 8, 217, 184, 81, 29, 111, 237, 37, 64, 121,
       170, 194, 163, 42, 168, 226, 88, 95, 253, 224, 71, 123, 41, 100,
       26, 40, 152, 116, 180, 169, 171, 146, 16, 54, 122, 130, 247, 31,
       92, 20, 107, 211, 12, 234, 174, 194, 108, 151, 151, 91, 164, 34,
       136, 187, 185, 162, 208, 100, 243, 69, 223, 165, 117, 105, 66, 35,
       69, 138, 255, 29, 50, 91, 74, 0, 53, 35, 41, 223, 90, 234, 247,
       34, 28, 126, 182, 113, 206, 214, 163, 253, 191, 211, 106, 231,
       126, 189, 206, 196, 212, 175, 226, 246, 127, 246, 131, 38, 247,
       169, 93, 14, 175, 135, 220, 249, 191, 174, 254, 191, 174, 254, 72,
