%YAML:1.0
---
descriptors: !!opencv-matrix
   rows: 394
   cols: 32
   dt: u
   data: [ 205, 110, 165, 247, 172, 46, 237, 23, 190, 255, 19, 84, 213,
       111, 81, 107, 133, 103, 125, 29, 177, 220, 235, 34, 205, 255, 255,
       148, 128, 249, 213, 121, 69, 252, 173, 179, 169, 237, 181, 159,
       190, 255, 142, 29, 182, 254, 67, 106, 133, 111, 121, 21, 183, 77,
       251, 50, 205, 223, 31, 120, 136, 81, 151, 123, 158, 60, 146, 186,
       203, 229, 16, 67, 187, 19, 161, 25, 46, 255, 97, 25, 235, 187,
       221, 146, 58, 79, 26, 243, 219, 211, 94, 123, 154, 65, 167, 147,
       129, 125, 50, 117, 180, 174, 103, 178, 124, 232, 122, 76, 183,
       177, 145, 48, 179, 110, 84, 76, 225, 248, 149, 46, 236, 190, 37,
       0, 72, 241, 83, 153, 161, 109, 202, 37, 180, 15, 102, 178, 112,
       224, 58, 76, 243, 49, 211, 50, 24, 238, 92, 111, 249, 248, 213,
       46, 172, 158, 37, 48, 236, 249, 218, 8, 133, 142, 30, 155, 236,
       175, 166, 243, 78, 42, 218, 86, 212, 226, 160, 192, 105, 42, 106,
       14, 55, 189, 65, 115, 180, 44, 187, 64, 152, 201, 185, 128, 254,
       28, 148, 190, 139, 127, 20, 139, 31, 243, 147, 63, 206, 63, 65,
       155, 205, 215, 253, 145, 63, 79, 219, 146, 155, 211, 221, 191,
       154, 125, 132, 19, 252, 241, 152, 122, 139, 253, 80, 220, 171, 17,
       164, 28, 63, 219, 74, 154, 131, 219, 236, 82, 14, 103, 218, 51,
       219, 209, 21, 127, 250, 81, 175, 11, 183, 77, 109, 247, 22, 30,
       206, 40, 84, 227, 215, 147, 83, 40, 31, 225, 120, 228, 121, 237,
       173, 244, 125, 174, 171, 111, 213, 84, 109, 185, 88, 228, 220,
       147, 109, 105, 138, 70, 95, 57, 52, 244, 167, 244, 211, 71, 136,
       113, 119, 149, 125, 242, 217, 20, 253, 22, 253, 163, 239, 212, 55,
       163, 134, 113, 79, 190, 180, 183, 180, 190, 30, 190, 186, 223, 23,
       117, 204, 248, 218, 75, 151, 103, 253, 87, 246, 73, 138, 227, 232,
       119, 127, 246, 140, 117, 153, 85, 66, 220, 107, 154, 86, 229, 190,
       230, 175, 69, 218, 131, 108, 206, 52, 64, 239, 177, 19, 199, 198,
       11, 24, 255, 49, 54, 143, 139, 21, 22, 53, 219, 27, 86, 118, 73,
       51, 242, 123, 58, 125, 76, 94, 167, 239, 206, 174, 100, 246, 9,
       174, 60, 134, 145, 39, 223, 194, 255, 2, 195, 54, 199, 45, 117,
       66, 143, 247, 198, 255, 66, 159, 239, 153, 174, 190, 170, 108, 47,
       21, 39, 175, 247, 255, 163, 240, 107, 169, 239, 61, 62, 223, 179,
       71, 122, 165, 47, 206, 208, 83, 250, 115, 192, 50, 80, 185, 9,
       115, 114, 124, 215, 104, 208, 246, 185, 151, 210, 19, 151, 154,
       225, 23, 241, 34, 202, 24, 3, 37, 179, 215, 188, 158, 190, 139,
       252, 21, 167, 251, 211, 160, 29, 142, 246, 70, 223, 167, 247, 252,
       129, 63, 79, 186, 241, 153, 242, 95, 127, 136, 100, 175, 87, 9,
       151, 20, 153, 177, 191, 48, 59, 95, 93, 111, 118, 236, 114, 170,
       228, 215, 11, 130, 16, 55, 152, 97, 223, 142, 247, 50, 66, 154,
       136, 137, 5, 181, 59, 73, 232, 60, 131, 195, 248, 199, 232, 148,
       110, 83, 208, 179, 33, 88, 232, 14, 126, 223, 35, 110, 156, 186,
       136, 165, 252, 125, 171, 80, 181, 222, 222, 173, 178, 170, 121,
       151, 132, 159, 119, 159, 189, 207, 252, 203, 10, 147, 215, 253,
       87, 60, 101, 239, 162, 250, 215, 125, 247, 212, 127, 133, 115, 82,
       204, 83, 148, 87, 134, 190, 231, 187, 33, 218, 195, 44, 190, 52,
       64, 231, 191, 19, 131, 70, 159, 0, 255, 49, 54, 158, 195, 5, 16,
       165, 142, 113, 109, 211, 117, 0, 62, 103, 182, 248, 130, 106, 72,
       115, 179, 5, 178, 32, 118, 96, 72, 104, 249, 176, 43, 49, 174, 84,
       0, 96, 240, 70, 40, 56, 141, 73, 235, 213, 195, 103, 239, 22, 65,
       76, 2, 81, 253, 56, 96, 121, 138, 19, 184, 90, 186, 121, 191, 127,
       143, 135, 101, 181, 138, 244, 130, 56, 228, 222, 228, 21, 70, 86,
       199, 149, 167, 226, 3, 75, 57, 50, 20, 249, 245, 202, 48, 108,
       255, 17, 142, 187, 207, 133, 21, 99, 60, 252, 138, 62, 21, 116,
       203, 199, 191, 86, 104, 69, 38, 111, 7, 107, 73, 63, 197, 126,
       160, 139, 110, 232, 180, 125, 222, 103, 223, 1, 67, 119, 159, 92,
       68, 110, 236, 132, 158, 233, 225, 28, 239, 187, 191, 177, 185,
       172, 239, 68, 159, 201, 251, 221, 145, 58, 79, 202, 247, 187, 210,
       223, 251, 147, 84, 191, 202, 186, 222, 110, 75, 77, 255, 215, 184,
       85, 68, 237, 135, 75, 93, 54, 117, 248, 144, 178, 98, 238, 175,
       125, 191, 99, 251, 130, 87, 123, 143, 92, 222, 47, 168, 65, 67,
       87, 89, 162, 104, 108, 96, 115, 70, 200, 88, 157, 165, 120, 140,
       210, 253, 133, 242, 253, 204, 14, 124, 131, 102, 207, 175, 123,
       132, 70, 29, 146, 218, 223, 237, 182, 207, 223, 151, 136, 27, 172,
       250, 101, 205, 243, 123, 219, 16, 54, 107, 26, 243, 189, 22, 95,
       127, 144, 89, 129, 14, 243, 126, 235, 214, 36, 54, 223, 118, 145,
       202, 222, 230, 121, 255, 182, 99, 254, 244, 181, 131, 237, 199,
       182, 235, 114, 127, 250, 138, 47, 252, 112, 125, 64, 218, 181, 85,
       2, 79, 103, 190, 34, 38, 106, 8, 247, 55, 1, 22, 38, 118, 104, 72,
       64, 248, 185, 61, 229, 166, 112, 16, 96, 179, 7, 107, 6, 236, 182,
       218, 235, 105, 158, 207, 159, 191, 176, 171, 140, 255, 37, 143,
       207, 243, 239, 145, 48, 107, 74, 240, 187, 150, 95, 187, 211, 121,
       167, 155, 151, 177, 250, 81, 213, 239, 185, 195, 255, 241, 254,
       18, 92, 223, 108, 48, 255, 191, 115, 152, 19, 251, 146, 210, 95,
       189, 135, 110, 201, 0, 227, 178, 36, 44, 206, 103, 84, 111, 98,
       18, 116, 160, 255, 8, 211, 17, 3, 24, 121, 204, 110, 30, 8, 240,
       217, 40, 206, 173, 35, 68, 233, 107, 74, 130, 173, 197, 115, 69,
       244, 91, 231, 253, 125, 230, 122, 202, 211, 109, 156, 181, 123,
       204, 70, 106, 233, 180, 109, 94, 46, 254, 103, 4, 103, 186, 199,
       240, 217, 74, 222, 245, 38, 10, 109, 48, 116, 166, 246, 178, 223,
       3, 144, 91, 102, 236, 44, 12, 168, 212, 197, 12, 198, 235, 242,
       128, 36, 169, 217, 0, 135, 232, 174, 183, 21, 134, 57, 168, 190,
       157, 83, 23, 236, 234, 123, 75, 243, 111, 59, 213, 38, 212, 155,
       253, 204, 51, 223, 199, 140, 37, 121, 82, 48, 71, 78, 233, 54, 35,
       234, 70, 4, 32, 254, 130, 19, 11, 176, 64, 122, 140, 14, 172, 72,
       179, 69, 76, 246, 169, 162, 17, 117, 139, 248, 136, 176, 65, 66,
       233, 118, 11, 234, 69, 77, 33, 251, 210, 3, 11, 180, 192, 122,
       156, 6, 238, 74, 191, 5, 215, 150, 201, 154, 80, 117, 139, 251,
       128, 122, 80, 126, 136, 93, 215, 240, 68, 157, 136, 246, 3, 78,
       221, 38, 64, 248, 189, 191, 113, 108, 179, 146, 196, 241, 185,
       138, 67, 87, 28, 244, 163, 166, 116, 123, 219, 117, 221, 182, 204,
       95, 106, 113, 58, 40, 220, 125, 160, 254, 57, 147, 115, 231, 182,
       56, 246, 39, 89, 139, 235, 93, 29, 94, 151, 167, 84, 225, 87, 231,
       115, 188, 238, 93, 255, 84, 179, 104, 124, 255, 173, 251, 74, 147,
       39, 165, 244, 125, 234, 6, 95, 223, 131, 215, 125, 93, 223, 56,
       209, 111, 196, 101, 87, 250, 244, 101, 40, 246, 14, 25, 31, 186,
       112, 126, 213, 223, 234, 200, 187, 53, 236, 83, 105, 170, 133, 47,
       151, 102, 155, 142, 218, 39, 187, 228, 226, 189, 253, 140, 94,
       209, 243, 157, 15, 177, 75, 238, 25, 23, 235, 224, 148, 7, 245,
       68, 51, 250, 132, 21, 221, 181, 241, 12, 82, 151, 251, 228, 168,
       169, 148, 254, 25, 115, 240, 157, 195, 137, 236, 230, 57, 110, 88,
       147, 244, 67, 160, 196, 251, 114, 192, 138, 145, 161, 161, 42,
       132, 18, 216, 77, 253, 176, 107, 173, 22, 248, 10, 172, 190, 36,
       135, 233, 145, 194, 161, 2, 43, 82, 209, 23, 144, 90, 63, 211, 76,
       103, 142, 226, 184, 234, 217, 75, 253, 177, 114, 171, 223, 52,
       191, 172, 156, 86, 27, 239, 185, 255, 129, 135, 111, 242, 225, 31,
       89, 90, 235, 205, 45, 79, 215, 250, 231, 98, 158, 243, 144, 93,
       253, 49, 4, 213, 191, 105, 239, 190, 213, 126, 139, 181, 174, 110,
       15, 142, 255, 242, 127, 220, 139, 47, 150, 174, 94, 2, 248, 178,
       154, 195, 197, 188, 71, 158, 15, 72, 19, 172, 158, 98, 140, 229,
