%YAML:1.0
---
descriptors: !!opencv-matrix
   rows: 401
   cols: 32
   dt: u
   data: [ 146, 207, 106, 170, 22, 131, 159, 244, 132, 4, 221, 167, 109,
       207, 58, 65, 126, 187, 151, 231, 90, 171, 8, 191, 240, 193, 170,
       209, 53, 139, 181, 219, 181, 134, 77, 234, 140, 35, 202, 248, 214,
       50, 145, 242, 83, 97, 249, 41, 91, 192, 46, 254, 170, 103, 79,
       180, 152, 138, 227, 244, 181, 251, 112, 160, 202, 174, 134, 190,
       41, 232, 89, 133, 185, 31, 151, 185, 239, 199, 10, 90, 199, 51,
       237, 6, 58, 77, 202, 167, 211, 247, 250, 219, 130, 71, 151, 91,
       222, 6, 186, 250, 169, 164, 89, 89, 191, 31, 181, 29, 111, 239,
       106, 88, 183, 179, 237, 22, 58, 7, 170, 243, 211, 247, 122, 251,
       146, 71, 167, 115, 101, 43, 219, 236, 244, 66, 107, 16, 112, 132,
       100, 130, 55, 195, 51, 112, 114, 238, 20, 254, 27, 154, 228, 40,
       246, 173, 162, 8, 164, 163, 102, 232, 33, 151, 115, 67, 246, 203,
       227, 113, 92, 105, 127, 98, 83, 124, 188, 100, 62, 90, 22, 122,
       177, 184, 61, 255, 45, 30, 38, 192, 245, 138, 213, 253, 126, 252,
       224, 58, 75, 209, 154, 200, 139, 244, 172, 139, 40, 204, 119, 146,
       137, 241, 243, 215, 78, 103, 254, 249, 123, 81, 141, 63, 119, 63,
       62, 222, 35, 105, 193, 79, 118, 18, 235, 92, 59, 0, 120, 194, 57,
       194, 149, 244, 126, 254, 22, 204, 131, 146, 228, 233, 38, 188,
       174, 136, 47, 242, 99, 172, 71, 54, 185, 241, 176, 36, 57, 31, 58,
       251, 31, 245, 156, 191, 200, 58, 151, 95, 125, 29, 179, 216, 177,
       194, 206, 63, 63, 230, 140, 192, 131, 241, 222, 194, 46, 187, 174,
       169, 251, 152, 191, 95, 151, 183, 207, 204, 250, 75, 183, 193,
       237, 119, 190, 101, 79, 177, 218, 241, 43, 213, 244, 159, 157, 67,
       60, 67, 106, 236, 116, 19, 94, 124, 65, 140, 244, 175, 67, 9, 191,
       144, 216, 136, 151, 238, 204, 179, 68, 140, 242, 205, 160, 145,
       103, 190, 122, 195, 178, 243, 80, 172, 115, 137, 159, 236, 31, 37,
       112, 175, 46, 143, 110, 20, 190, 155, 135, 65, 98, 59, 0, 255,
       184, 148, 14, 251, 115, 28, 143, 155, 189, 221, 255, 231, 228, 82,
       255, 183, 68, 230, 254, 166, 89, 61, 178, 227, 126, 198, 182, 238,
       249, 249, 125, 168, 110, 235, 244, 5, 103, 250, 248, 248, 104,
       177, 122, 106, 89, 221, 210, 121, 239, 105, 189, 13, 126, 223, 14,
       176, 186, 155, 215, 82, 214, 35, 58, 247, 123, 221, 0, 123, 91,
       11, 207, 83, 237, 17, 23, 71, 65, 78, 102, 57, 105, 168, 231, 76,
       86, 51, 9, 183, 176, 212, 120, 106, 97, 240, 121, 12, 183, 250,
       65, 6, 74, 34, 74, 50, 210, 67, 106, 140, 12, 144, 107, 73, 237,
       132, 157, 2, 109, 194, 183, 68, 114, 161, 15, 238, 72, 3, 38, 223,
       243, 188, 139, 185, 53, 162, 37, 100, 40, 97, 81, 236, 93, 213,
       224, 72, 139, 0, 113, 74, 40, 217, 52, 164, 248, 56, 210, 105, 7,
       35, 146, 221, 23, 216, 139, 59, 95, 15, 91, 134, 10, 103, 114,
       200, 235, 179, 158, 79, 141, 42, 88, 249, 140, 142, 164, 196, 183,
       63, 223, 55, 240, 3, 130, 254, 50, 125, 58, 191, 150, 215, 139,
       165, 171, 209, 105, 207, 116, 215, 235, 117, 85, 76, 85, 174, 113,
       93, 190, 117, 92, 168, 23, 239, 235, 186, 108, 191, 103, 121, 160,
       128, 119, 142, 212, 253, 149, 204, 95, 238, 52, 202, 99, 112, 228,
       2, 251, 66, 115, 209, 168, 113, 122, 252, 78, 106, 73, 183, 60,
       15, 241, 171, 33, 0, 104, 171, 96, 32, 24, 133, 46, 237, 149, 102,
       97, 103, 116, 5, 238, 18, 83, 161, 48, 105, 121, 206, 42, 184, 56,
       249, 49, 142, 249, 239, 214, 69, 163, 72, 244, 42, 1, 130, 215,
       148, 116, 2, 233, 248, 126, 209, 80, 230, 252, 243, 248, 97, 119,
       73, 22, 189, 163, 217, 46, 221, 92, 14, 239, 204, 157, 160, 33,
       232, 129, 34, 197, 189, 60, 115, 96, 63, 87, 233, 82, 114, 103,
       120, 184, 237, 223, 238, 62, 37, 189, 252, 79, 159, 142, 114, 213,
       192, 190, 172, 184, 21, 106, 181, 177, 101, 121, 125, 80, 63, 27,
       251, 45, 25, 190, 61, 68, 54, 133, 30, 245, 16, 158, 122, 251, 17,
       79, 223, 21, 59, 194, 68, 214, 127, 48, 233, 89, 233, 252, 201,
       79, 237, 7, 37, 184, 171, 179, 199, 97, 80, 90, 218, 7, 208, 74,
       42, 75, 51, 253, 197, 165, 60, 85, 154, 196, 234, 160, 160, 155,
       243, 116, 237, 235, 91, 30, 11, 113, 88, 182, 205, 60, 24, 153,
       10, 7, 28, 51, 180, 24, 211, 69, 158, 48, 32, 208, 136, 215, 160,
       195, 50, 206, 157, 93, 167, 120, 95, 23, 249, 86, 247, 96, 227,
       250, 77, 93, 78, 59, 156, 182, 222, 223, 221, 78, 58, 243, 197,
       190, 140, 248, 155, 140, 29, 150, 183, 167, 187, 180, 167, 222,
       183, 82, 55, 236, 184, 99, 203, 163, 103, 170, 17, 52, 252, 3,
       234, 174, 215, 95, 67, 142, 124, 137, 15, 49, 143, 87, 205, 94,
       38, 66, 251, 84, 0, 250, 70, 115, 33, 176, 97, 122, 130, 14, 44,
       249, 171, 69, 31, 48, 174, 96, 72, 125, 232, 112, 41, 77, 164,
       133, 191, 169, 45, 75, 136, 30, 119, 137, 29, 223, 100, 91, 139,
       149, 199, 253, 55, 62, 67, 219, 49, 201, 215, 105, 60, 144, 127,
       3, 80, 237, 100, 252, 101, 172, 15, 94, 188, 114, 190, 180, 13,
       215, 41, 91, 27, 157, 197, 109, 111, 236, 100, 219, 24, 239, 219,
       101, 53, 72, 248, 202, 18, 215, 22, 199, 135, 162, 54, 172, 213,
       60, 251, 91, 247, 77, 110, 158, 239, 55, 199, 63, 189, 181, 209,
       157, 194, 60, 46, 255, 196, 173, 246, 185, 85, 58, 103, 96, 225,
       141, 125, 221, 79, 237, 230, 188, 31, 139, 12, 86, 142, 170, 129,
       223, 181, 220, 33, 100, 192, 179, 217, 133, 191, 231, 220, 222,
       214, 110, 252, 184, 114, 249, 237, 214, 238, 235, 246, 172, 9, 46,
       189, 71, 147, 137, 247, 249, 83, 99, 107, 218, 243, 191, 220, 21,
       127, 202, 124, 95, 142, 33, 113, 201, 141, 92, 199, 235, 76, 22,
       225, 240, 78, 144, 132, 64, 40, 88, 172, 34, 220, 9, 186, 211, 93,
       69, 142, 187, 104, 125, 11, 210, 176, 205, 177, 209, 233, 186,
       204, 59, 156, 175, 81, 44, 228, 157, 215, 200, 244, 55, 25, 252,
       208, 19, 24, 255, 211, 238, 245, 15, 110, 186, 130, 131, 17, 59,
       228, 114, 206, 95, 149, 219, 104, 69, 4, 253, 10, 107, 201, 188,
       36, 122, 136, 23, 111, 202, 167, 78, 255, 115, 204, 128, 9, 119,
       143, 114, 166, 189, 37, 225, 71, 214, 95, 207, 248, 81, 226, 253,
       206, 83, 101, 157, 180, 124, 204, 22, 238, 233, 178, 125, 174,
       127, 140, 165, 52, 127, 250, 118, 252, 154, 158, 111, 220, 118,
       208, 121, 119, 189, 69, 118, 247, 44, 159, 182, 69, 110, 187, 151,
       149, 243, 189, 52, 239, 127, 123, 146, 194, 55, 132, 229, 251,
       206, 223, 214, 150, 227, 208, 190, 230, 191, 95, 94, 179, 108,
       239, 238, 79, 231, 119, 171, 211, 118, 221, 170, 225, 122, 50,
       222, 195, 166, 116, 173, 95, 214, 251, 214, 150, 186, 240, 186,
       233, 191, 157, 31, 167, 108, 239, 238, 198, 39, 123, 239, 211,
       102, 77, 142, 247, 58, 34, 239, 239, 166, 102, 45, 223, 138, 90,
       251, 251, 36, 248, 121, 82, 239, 93, 118, 117, 172, 159, 246, 90,
       230, 43, 191, 92, 130, 156, 162, 241, 198, 249, 58, 139, 22, 149,
       101, 255, 135, 144, 186, 218, 227, 245, 177, 215, 223, 95, 85, 55,
       140, 158, 110, 109, 167, 27, 179, 16, 182, 77, 58, 211, 79, 31,
       90, 111, 146, 68, 165, 223, 128, 248, 145, 185, 69, 193, 165, 238,
       30, 3, 64, 19, 180, 151, 32, 192, 233, 123, 19, 65, 99, 156, 82,
       115, 77, 4, 158, 40, 24, 24, 53, 186, 150, 124, 58, 184, 219, 245,
       18, 194, 187, 4, 204, 19, 44, 222, 103, 16, 167, 187, 147, 209,
       102, 15, 146, 243, 187, 213, 14, 107, 16, 85, 47, 214, 125, 251,
       136, 162, 176, 156, 94, 149, 35, 224, 44, 13, 159, 223, 83, 240,
       148, 239, 29, 85, 223, 18, 248, 2, 251, 253, 173, 124, 168, 178,
       138, 88, 118, 180, 103, 82, 203, 245, 153, 231, 171, 247, 189,
       155, 8, 252, 126, 151, 173, 179, 251, 145, 182, 111, 186, 244, 27,
       82, 221, 255, 199, 4, 246, 214, 12, 190, 251, 243, 244, 230, 255,
       183, 118, 239, 126, 102, 121, 61, 246, 96, 127, 94, 55, 156, 178,
