%YAML:1.0
---
descriptors: !!opencv-matrix
   rows: 255
   cols: 32
   dt: u
   data: [ 170, 48, 96, 216, 77, 253, 208, 65, 139, 53, 181, 27, 46, 220,
       126, 142, 136, 185, 247, 17, 30, 103, 242, 208, 19, 88, 24, 123,
       215, 13, 94, 214, 67, 51, 91, 197, 96, 6, 105, 80, 45, 104, 191,
       100, 28, 23, 181, 116, 254, 133, 94, 238, 129, 131, 33, 220, 150,
       184, 170, 128, 8, 163, 98, 49, 206, 252, 30, 250, 171, 245, 52,
       231, 171, 31, 133, 56, 172, 247, 104, 91, 167, 115, 203, 2, 114,
       79, 186, 241, 211, 211, 94, 187, 146, 81, 175, 27, 65, 82, 95,
       204, 62, 138, 107, 88, 236, 64, 215, 228, 215, 199, 184, 98, 118,
       36, 126, 124, 193, 161, 167, 76, 214, 185, 34, 204, 28, 138, 113,
       49, 3, 222, 71, 69, 114, 10, 175, 190, 117, 235, 126, 246, 121,
       98, 150, 100, 55, 110, 62, 172, 161, 156, 45, 127, 44, 46, 165,
       196, 111, 166, 193, 189, 201, 249, 54, 186, 253, 220, 124, 213,
       251, 89, 176, 24, 175, 218, 44, 252, 129, 171, 108, 16, 79, 47,
       154, 247, 187, 255, 18, 91, 90, 20, 227, 15, 239, 184, 172, 186,
       29, 213, 147, 200, 207, 252, 132, 9, 238, 220, 118, 38, 201, 99,
       251, 83, 134, 111, 250, 177, 11, 91, 197, 123, 82, 45, 92, 102,
       209, 248, 189, 182, 40, 13, 93, 188, 186, 58, 176, 57, 255, 223,
       73, 27, 135, 81, 125, 67, 239, 69, 203, 51, 211, 219, 127, 188,
       84, 177, 3, 27, 104, 57, 58, 112, 225, 236, 113, 115, 233, 141,
       108, 24, 190, 151, 66, 58, 160, 58, 85, 8, 16, 43, 178, 64, 199,
       249, 80, 105, 194, 0, 198, 162, 113, 221, 105, 236, 92, 7, 78,
       252, 85, 96, 234, 78, 83, 33, 49, 112, 92, 196, 58, 238, 233, 179,
       121, 63, 243, 239, 197, 20, 57, 186, 240, 40, 245, 12, 197, 229,
       180, 107, 71, 58, 116, 166, 202, 200, 243, 97, 145, 87, 121, 230,
       76, 46, 41, 244, 125, 46, 236, 174, 229, 20, 100, 251, 80, 32, 64,
       137, 188, 187, 172, 237, 177, 143, 142, 125, 138, 17, 180, 222,
       98, 74, 193, 19, 123, 17, 22, 73, 123, 53, 205, 135, 127, 125,
       144, 8, 133, 74, 112, 253, 122, 108, 80, 204, 87, 253, 115, 204,
       108, 13, 55, 247, 66, 16, 150, 250, 69, 72, 74, 58, 176, 63, 251,
       141, 37, 104, 105, 146, 230, 251, 185, 159, 233, 87, 180, 171,
       235, 183, 86, 233, 126, 246, 243, 45, 148, 96, 95, 238, 52, 44,
       185, 184, 101, 47, 238, 175, 181, 192, 239, 200, 208, 121, 59,
       138, 8, 159, 61, 147, 154, 109, 95, 13, 213, 3, 203, 40, 182, 192,
       217, 11, 166, 5, 142, 186, 79, 159, 170, 255, 154, 95, 150, 14,
       249, 207, 45, 165, 169, 107, 212, 175, 227, 83, 86, 97, 253, 12,
       147, 57, 28, 32, 217, 174, 82, 153, 155, 186, 249, 46, 109, 157,
       133, 96, 201, 203, 242, 162, 25, 62, 89, 191, 114, 203, 122, 112,
       28, 225, 113, 247, 223, 39, 160, 208, 54, 45, 6, 44, 181, 152, 77,
       30, 206, 207, 49, 224, 254, 171, 9, 209, 132, 22, 222, 119, 226,
       42, 52, 83, 189, 31, 115, 245, 95, 115, 169, 27, 167, 119, 230, 2,
       176, 212, 3, 96, 198, 243, 112, 130, 232, 241, 167, 147, 244, 126,
       139, 150, 76, 78, 167, 232, 152, 238, 177, 62, 210, 196, 79, 31,
       249, 236, 234, 226, 105, 103, 248, 106, 145, 38, 199, 62, 73, 123,
       118, 244, 249, 116, 189, 53, 201, 111, 85, 63, 58, 250, 160, 93,
       159, 55, 73, 59, 149, 149, 125, 36, 169, 70, 243, 26, 221, 219,
       117, 60, 232, 112, 7, 251, 150, 175, 131, 186, 218, 34, 46, 238,
       182, 11, 217, 243, 68, 230, 41, 65, 255, 223, 235, 226, 112, 195,
       203, 126, 60, 38, 239, 207, 148, 115, 165, 129, 134, 220, 150,
       154, 223, 227, 183, 206, 158, 247, 152, 59, 236, 254, 111, 79,
       235, 243, 255, 147, 54, 111, 122, 242, 189, 22, 223, 123, 144, 93,
       173, 223, 127, 147, 245, 109, 109, 94, 86, 184, 99, 120, 181, 236,
       75, 60, 222, 246, 222, 212, 228, 106, 221, 114, 237, 144, 30, 249,
       101, 191, 127, 167, 106, 85, 20, 77, 11, 175, 20, 134, 79, 113,
       20, 0, 79, 2, 245, 195, 33, 64, 88, 106, 3, 239, 121, 152, 89, 63,
       225, 167, 170, 0, 48, 42, 49, 160, 198, 221, 159, 154, 206, 236,
       182, 230, 191, 151, 251, 23, 236, 250, 107, 91, 235, 215, 123, 19,
       50, 111, 155, 247, 189, 179, 223, 79, 144, 115, 167, 255, 77, 107,
       254, 101, 60, 30, 123, 184, 239, 172, 190, 44, 255, 193, 211, 50,
       162, 100, 110, 110, 192, 169, 171, 44, 218, 253, 37, 21, 66, 162,
       110, 105, 182, 206, 166, 158, 205, 253, 158, 238, 159, 255, 240,
       27, 238, 236, 127, 143, 233, 255, 255, 211, 126, 111, 218, 227,
       189, 22, 223, 255, 209, 125, 191, 222, 8, 60, 254, 125, 112, 238,
       115, 50, 120, 142, 126, 32, 63, 51, 129, 48, 166, 127, 68, 72, 32,
       188, 177, 111, 231, 191, 32, 0, 96, 225, 103, 171, 8, 159, 30,
       255, 52, 199, 179, 242, 212, 8, 94, 98, 245, 243, 32, 96, 204,
       123, 31, 195, 107, 137, 2, 63, 225, 167, 174, 137, 28, 10, 49, 27,
       217, 88, 95, 213, 32, 94, 101, 55, 228, 90, 182, 112, 211, 55,
       129, 235, 70, 20, 124, 104, 233, 213, 99, 13, 231, 251, 96, 148,
       34, 176, 68, 109, 129, 92, 29, 119, 96, 15, 103, 56, 124, 218, 99,
       68, 247, 83, 9, 113, 182, 37, 78, 110, 225, 244, 25, 93, 229, 171,
       99, 0, 72, 179, 67, 161, 189, 215, 68, 79, 242, 27, 238, 253, 16,
       234, 252, 239, 121, 103, 157, 165, 62, 230, 86, 238, 229, 49, 13,
       255, 118, 77, 165, 180, 127, 254, 74, 153, 16, 205, 11, 255, 20,
       199, 71, 242, 20, 0, 206, 2, 183, 211, 48, 96, 88, 234, 2, 202,
       75, 137, 89, 63, 225, 166, 162, 16, 48, 139, 48, 40, 78, 176, 146,
       250, 171, 245, 20, 205, 175, 31, 165, 33, 172, 255, 107, 222, 167,
       123, 235, 146, 22, 67, 186, 241, 219, 209, 95, 63, 146, 117, 173,
       83, 172, 161, 58, 254, 116, 159, 126, 248, 127, 10, 117, 8, 127,
       219, 41, 144, 190, 88, 87, 106, 98, 182, 26, 191, 231, 221, 33,
       45, 114, 187, 66, 163, 24, 153, 188, 191, 44, 205, 49, 143, 142,
       53, 130, 1, 247, 255, 42, 74, 193, 55, 105, 17, 82, 201, 91, 53,
       201, 227, 126, 81, 16, 8, 133, 74, 237, 61, 191, 119, 149, 79,
       231, 168, 246, 226, 235, 24, 243, 245, 29, 49, 217, 254, 122, 122,
       121, 247, 251, 46, 239, 255, 69, 80, 201, 123, 66, 50, 195, 0,
       142, 156, 40, 178, 32, 9, 183, 222, 215, 181, 224, 198, 174, 79,
       216, 37, 239, 133, 44, 199, 131, 205, 128, 50, 250, 131, 12, 44,
       56, 87, 137, 58, 19, 113, 52, 174, 226, 18, 124, 73, 115, 116,
       255, 81, 144, 240, 150, 44, 54, 12, 165, 188, 69, 79, 196, 255,
       50, 192, 74, 128, 75, 145, 225, 244, 157, 119, 157, 109, 71, 175,
       250, 243, 168, 24, 246, 247, 72, 187, 145, 86, 120, 10, 115, 108,
       251, 55, 239, 255, 85, 60, 200, 80, 194, 58, 31, 120, 106, 219,
       54, 182, 123, 208, 124, 73, 95, 34, 217, 215, 179, 96, 127, 249,
       151, 219, 139, 148, 46, 238, 254, 173, 170, 200, 175, 179, 59,
       227, 216, 17, 62, 184, 40, 204, 89, 22, 165, 29, 134, 17, 159,
       151, 3, 89, 166, 181, 125, 144, 10, 137, 147, 80, 211, 225, 58,
       81, 160, 128, 37, 122, 45, 98, 250, 248, 109, 157, 240, 201, 206,
       24, 116, 74, 155, 216, 119, 168, 204, 137, 214, 117, 198, 39, 222,
       145, 22, 93, 165, 109, 221, 60, 90, 128, 150, 252, 182, 158, 205,
       253, 188, 239, 159, 191, 176, 27, 108, 254, 111, 15, 249, 251,
       251, 17, 118, 111, 186, 243, 185, 54, 223, 255, 209, 124, 191,
       223, 212, 188, 158, 190, 158, 229, 183, 239, 190, 191, 238, 19,
       245, 254, 107, 91, 251, 247, 127, 19, 50, 111, 219, 119, 253, 167,
       255, 89, 144, 121, 165, 203, 92, 188, 31, 250, 137, 237, 85, 183,
       161, 18, 164, 24, 255, 247, 1, 127, 33, 242, 221, 10, 123, 107,
       250, 61, 251, 219, 85, 59, 242, 241, 198, 58, 61, 81, 121, 78,
       240, 95, 71, 184, 64, 108, 253, 12, 115, 85, 155, 48, 24, 200,
       148, 110, 201, 50, 125, 60, 115, 201, 37, 52, 115, 187, 70, 241,
       225, 12, 69, 119, 180, 106, 103, 51, 116, 226, 99, 92, 243, 97,
       145, 119, 17, 230, 108, 46, 57, 252, 117, 46, 228, 174, 101, 16,
