%YAML:1.0
---
descriptors: !!opencv-matrix
   rows: 260
   cols: 32
   dt: u
   data: [ 72, 180, 149, 113, 177, 108, 53, 151, 123, 123, 46, 56, 158,
       55, 72, 254, 163, 23, 92, 16, 51, 220, 49, 115, 239, 223, 20, 70,
       202, 80, 135, 59, 170, 159, 87, 10, 187, 187, 82, 243, 159, 68,
       250, 237, 110, 237, 164, 149, 222, 178, 206, 103, 187, 171, 88,
       255, 58, 116, 1, 90, 94, 142, 140, 117, 214, 220, 150, 151, 213,
       118, 190, 231, 63, 151, 219, 19, 236, 126, 106, 207, 237, 215,
       191, 145, 62, 221, 27, 227, 189, 22, 223, 71, 132, 125, 189, 14,
       213, 93, 78, 167, 38, 2, 111, 184, 100, 226, 215, 199, 115, 99,
       155, 67, 126, 228, 61, 239, 237, 151, 157, 44, 240, 171, 239, 132,
       45, 187, 120, 17, 167, 237, 144, 158, 253, 45, 191, 236, 154, 166,
       185, 11, 236, 232, 123, 3, 249, 227, 75, 103, 116, 103, 218, 250,
       61, 22, 207, 63, 213, 127, 211, 198, 32, 229, 57, 251, 221, 205,
       85, 175, 30, 121, 44, 24, 182, 183, 72, 48, 129, 27, 83, 8, 99,
       40, 114, 55, 239, 159, 52, 124, 80, 24, 199, 170, 214, 145, 18,
       170, 11, 228, 18, 200, 175, 29, 169, 17, 204, 222, 106, 82, 246,
       19, 239, 211, 22, 3, 154, 211, 153, 245, 10, 127, 144, 7, 173, 87,
       108, 48, 253, 97, 237, 110, 81, 24, 123, 251, 167, 24, 214, 125,
       73, 58, 153, 220, 117, 56, 27, 118, 249, 2, 207, 223, 5, 118, 194,
       99, 70, 162, 10, 172, 142, 185, 145, 180, 184, 135, 30, 91, 74,
       21, 172, 250, 98, 201, 193, 43, 187, 149, 54, 216, 83, 243, 141,
       215, 158, 195, 152, 68, 185, 154, 56, 32, 216, 112, 26, 137, 81,
       91, 50, 181, 165, 25, 23, 131, 64, 24, 9, 152, 196, 24, 26, 107,
       218, 17, 219, 193, 49, 121, 225, 128, 78, 34, 34, 162, 16, 155,
       236, 169, 184, 207, 30, 49, 17, 251, 132, 194, 72, 136, 207, 27,
       75, 17, 19, 76, 75, 213, 12, 18, 159, 254, 156, 8, 129, 128, 2,
       132, 171, 185, 132, 38, 237, 31, 62, 71, 91, 151, 213, 111, 58,
       72, 249, 11, 51, 149, 176, 156, 113, 210, 237, 103, 254, 196, 148,
       84, 181, 242, 253, 80, 157, 118, 13, 78, 71, 152, 251, 178, 161,
       8, 86, 209, 73, 123, 177, 244, 124, 106, 105, 103, 250, 8, 211,
       251, 69, 60, 98, 123, 66, 34, 188, 228, 105, 106, 156, 111, 67,
       200, 87, 63, 181, 26, 83, 93, 125, 57, 89, 216, 92, 122, 58, 103,
       107, 51, 219, 137, 165, 125, 241, 251, 246, 226, 100, 233, 121,
       71, 244, 79, 103, 184, 98, 168, 175, 8, 211, 115, 73, 48, 24, 212,
       76, 122, 73, 161, 217, 44, 237, 140, 37, 52, 65, 179, 194, 162,
       216, 252, 17, 250, 59, 205, 19, 190, 55, 104, 128, 88, 191, 151,
       64, 245, 150, 221, 92, 80, 123, 79, 217, 55, 249, 240, 46, 120,
       18, 0, 133, 59, 25, 237, 63, 103, 180, 207, 71, 183, 116, 129,
       238, 0, 247, 113, 0, 112, 48, 98, 76, 40, 107, 169, 17, 63, 235,
       239, 36, 16, 98, 146, 192, 40, 30, 5, 131, 233, 151, 102, 111,
       119, 53, 137, 223, 146, 93, 103, 184, 228, 115, 254, 157, 188, 25,
       153, 53, 206, 185, 230, 143, 196, 175, 230, 161, 48, 68, 35, 177,
       67, 248, 41, 169, 9, 58, 181, 41, 24, 214, 35, 72, 58, 179, 31,
       72, 56, 18, 112, 233, 66, 13, 28, 61, 116, 192, 227, 199, 224, 1,
       170, 149, 57, 188, 173, 65, 159, 94, 89, 120, 116, 182, 144, 192,
       96, 197, 10, 14, 28, 147, 56, 99, 55, 141, 158, 50, 112, 216, 136,
       193, 105, 24, 205, 83, 207, 178, 202, 46, 238, 52, 64, 222, 162,
       125, 119, 160, 228, 118, 255, 158, 234, 97, 153, 45, 255, 184,
       230, 39, 129, 63, 178, 165, 57, 194, 177, 186, 128, 155, 208, 183,
       197, 171, 205, 136, 29, 140, 190, 78, 2, 168, 83, 255, 213, 30,
       43, 178, 195, 251, 85, 14, 127, 192, 4, 167, 94, 165, 77, 59, 254,
       152, 198, 87, 224, 212, 128, 232, 0, 247, 223, 33, 112, 216, 120,
       27, 74, 105, 163, 114, 63, 225, 173, 7, 24, 80, 59, 100, 226, 44,
       220, 24, 255, 29, 205, 82, 178, 214, 8, 109, 0, 246, 209, 35, 64,
       193, 122, 138, 74, 106, 168, 90, 63, 227, 231, 32, 25, 88, 27, 76,
       27, 194, 109, 58, 184, 235, 225, 182, 199, 173, 6, 152, 187, 172,
       158, 101, 72, 231, 59, 203, 131, 118, 15, 130, 243, 241, 20, 26,
       235, 20, 85, 175, 139, 190, 21, 214, 164, 205, 127, 82, 206, 21,
       181, 246, 27, 75, 60, 38, 223, 216, 215, 166, 114, 60, 251, 121,
       128, 155, 251, 84, 87, 179, 125, 252, 86, 246, 121, 190, 190, 75,
       196, 149, 192, 163, 212, 164, 11, 38, 223, 99, 91, 232, 245, 249,
       195, 72, 99, 178, 224, 211, 161, 74, 59, 97, 51, 38, 114, 66, 252,
       191, 188, 234, 208, 53, 231, 190, 215, 78, 160, 188, 255, 98, 112,
       167, 123, 187, 129, 23, 216, 178, 127, 255, 167, 127, 203, 128,
       64, 165, 123, 215, 142, 206, 181, 158, 50, 188, 239, 148, 210,
       210, 247, 101, 104, 186, 195, 127, 199, 253, 167, 252, 221, 15,
       172, 184, 99, 255, 151, 173, 252, 185, 77, 62, 152, 244, 227, 213,
       86, 118, 225, 15, 119, 254, 3, 75, 63, 46, 212, 249, 223, 167,
       210, 92, 190, 89, 164, 187, 223, 222, 87, 19, 47, 236, 222, 196,
       169, 190, 251, 237, 205, 116, 167, 255, 63, 166, 17, 238, 251, 76,
       91, 193, 102, 107, 90, 114, 105, 219, 177, 239, 251, 87, 123, 208,
       89, 205, 138, 37, 173, 192, 69, 212, 46, 78, 175, 99, 163, 42, 8,
       195, 33, 84, 50, 25, 206, 80, 62, 26, 24, 221, 47, 175, 142, 149,
       116, 225, 243, 210, 32, 33, 255, 185, 95, 240, 141, 239, 183, 126,
       233, 126, 108, 246, 247, 193, 244, 215, 110, 38, 28, 147, 56, 249,
       51, 108, 159, 53, 96, 216, 242, 195, 249, 25, 207, 82, 223, 23,
       150, 110, 246, 125, 0, 94, 70, 125, 242, 164, 228, 118, 239, 30,
       236, 231, 153, 45, 255, 182, 174, 190, 0, 63, 130, 169, 141, 198,
       189, 176, 164, 249, 109, 190, 107, 171, 158, 56, 25, 140, 191, 87,
       19, 207, 91, 219, 161, 48, 75, 210, 226, 239, 85, 155, 175, 146,
       101, 135, 194, 25, 161, 57, 235, 20, 207, 97, 59, 118, 65, 109, 0,
       183, 51, 8, 96, 80, 26, 16, 8, 27, 184, 113, 29, 205, 237, 50, 64,
       114, 130, 161, 168, 53, 173, 81, 103, 148, 207, 71, 236, 115, 160,
       232, 72, 83, 113, 145, 176, 88, 238, 4, 122, 89, 186, 249, 46,
       169, 236, 5, 100, 233, 250, 82, 160, 57, 165, 29, 105, 148, 79,
       71, 191, 118, 1, 238, 0, 243, 113, 8, 112, 17, 142, 72, 56, 91,
       169, 121, 31, 235, 239, 20, 84, 98, 138, 192, 40, 41, 139, 57,
       249, 188, 141, 67, 63, 86, 13, 92, 32, 183, 17, 160, 96, 68, 58,
       6, 88, 218, 168, 99, 63, 237, 237, 36, 88, 16, 136, 212, 105, 213,
       219, 71, 175, 118, 6, 111, 184, 37, 164, 210, 199, 113, 99, 145,
       81, 118, 228, 61, 238, 201, 146, 61, 109, 244, 170, 239, 128, 45,
       179, 112, 121, 53, 109, 237, 106, 140, 71, 71, 216, 194, 248, 189,
       10, 83, 241, 217, 34, 89, 192, 124, 254, 201, 99, 255, 56, 251,
       201, 229, 124, 251, 251, 80, 224, 53, 109, 253, 106, 172, 75, 71,
       220, 66, 248, 188, 40, 83, 113, 193, 58, 89, 216, 84, 122, 73, 98,
       235, 56, 251, 201, 101, 124, 241, 251, 86, 227, 248, 48, 61, 96,
       9, 76, 81, 18, 225, 26, 164, 24, 31, 151, 64, 59, 133, 21, 108, 8,
       9, 109, 178, 0, 211, 249, 112, 30, 64, 0, 70, 35, 31, 123, 208,
       191, 230, 141, 190, 208, 30, 128, 80, 231, 173, 200, 227, 132,
       126, 107, 135, 87, 195, 240, 94, 232, 100, 69, 47, 168, 127, 255,
       9, 153, 240, 73, 23, 252, 9, 198, 68, 166, 165, 128, 226, 1, 98,
       55, 33, 247, 224, 246, 232, 98, 105, 203, 50, 172, 177, 242, 192,
       27, 50, 56, 116, 122, 116, 141, 211, 102, 209, 207, 103, 167, 39,
       160, 106, 8, 115, 243, 65, 84, 49, 254, 32, 26, 88, 186, 217, 42,
       253, 238, 5, 40, 226, 250, 198, 42, 100, 48, 241, 97, 245, 110,
       113, 8, 107, 177, 162, 8, 22, 49, 73, 58, 185, 220, 116, 56, 25,
       242, 241, 0, 223, 222, 5, 118, 225, 97, 70, 162, 246, 96, 215,
       100, 11, 72, 68, 64, 225, 242, 162, 8, 83, 159, 69, 63, 168, 245,
       104, 226, 9, 103, 210, 0, 145, 240, 197, 59, 97, 51, 102, 10, 244,
       100, 209, 103, 66, 106, 98, 200, 123, 243, 171, 24, 82, 118, 77,
