%YAML:1.0
---
descriptors: !!opencv-matrix
   rows: 339
   cols: 32
   dt: u
   data: [ 2, 157, 20, 154, 187, 176, 144, 111, 255, 81, 200, 53, 172,
       250, 38, 212, 199, 59, 142, 145, 54, 11, 86, 247, 158, 118, 26,
       107, 154, 4, 169, 31, 162, 114, 162, 134, 109, 83, 190, 109, 139,
       174, 176, 255, 140, 140, 230, 135, 236, 253, 207, 227, 100, 103,
       174, 234, 52, 16, 223, 187, 71, 62, 191, 223, 253, 83, 205, 231,
       172, 75, 207, 152, 70, 234, 179, 230, 211, 101, 217, 98, 92, 212,
       124, 238, 201, 48, 205, 58, 228, 207, 231, 148, 253, 251, 80, 49,
       152, 217, 159, 126, 1, 220, 84, 246, 173, 91, 100, 16, 62, 255,
       32, 122, 164, 243, 244, 64, 71, 203, 50, 225, 211, 251, 84, 11,
       90, 80, 175, 27, 119, 32, 10, 170, 89, 197, 82, 72, 165, 72, 133,
       9, 20, 211, 35, 80, 216, 165, 123, 231, 13, 3, 138, 220, 209, 177,
       139, 59, 24, 39, 58, 18, 32, 107, 78, 93, 73, 137, 176, 198, 172,
       4, 244, 167, 32, 129, 103, 6, 104, 234, 194, 64, 66, 187, 195,
       121, 86, 32, 18, 11, 91, 25, 107, 154, 29, 220, 229, 243, 215, 54,
       254, 182, 115, 251, 30, 18, 121, 123, 92, 230, 101, 214, 189, 152,
       178, 252, 253, 231, 111, 239, 183, 196, 175, 215, 248, 11, 112,
       97, 16, 168, 56, 133, 74, 232, 142, 168, 184, 72, 222, 194, 97,
       80, 216, 161, 78, 234, 75, 35, 203, 93, 177, 144, 171, 60, 24, 58,
       35, 32, 34, 140, 8, 187, 219, 233, 179, 207, 158, 5, 72, 147, 164,
       142, 46, 64, 201, 59, 131, 145, 54, 24, 66, 63, 173, 36, 154, 123,
       144, 8, 149, 218, 135, 214, 103, 214, 180, 182, 173, 244, 220,
       218, 210, 246, 208, 244, 189, 109, 127, 238, 30, 175, 241, 245,
       60, 206, 60, 58, 255, 196, 13, 249, 241, 117, 185, 3, 239, 77, 52,
       30, 225, 24, 86, 232, 246, 66, 83, 57, 149, 96, 120, 204, 55, 236,
       201, 240, 101, 140, 86, 171, 225, 64, 103, 138, 112, 224, 104, 51,
       120, 105, 74, 13, 177, 81, 236, 36, 229, 142, 143, 129, 0, 59,
       110, 157, 202, 0, 128, 59, 247, 80, 213, 161, 2, 59, 112, 138, 7,
       168, 44, 112, 241, 65, 96, 79, 99, 80, 33, 224, 101, 76, 19, 21,
       197, 60, 28, 156, 83, 126, 129, 182, 240, 0, 69, 152, 0, 36, 107,
       171, 70, 240, 9, 183, 245, 93, 178, 187, 163, 191, 94, 165, 82,
       246, 237, 224, 132, 236, 55, 126, 42, 56, 179, 248, 47, 223, 44,
       38, 53, 198, 246, 232, 133, 45, 124, 57, 251, 230, 214, 38, 107,
       80, 32, 132, 239, 138, 83, 231, 65, 90, 124, 252, 4, 250, 24, 178,
       185, 8, 223, 237, 163, 0, 165, 235, 118, 48, 16, 157, 51, 94, 211,
       228, 51, 247, 124, 5, 108, 64, 62, 247, 36, 112, 230, 59, 2, 8,
       179, 187, 50, 127, 123, 174, 18, 74, 208, 64, 103, 235, 125, 165,
       152, 224, 216, 93, 82, 25, 98, 160, 173, 8, 19, 211, 65, 48, 81,
       222, 84, 184, 95, 74, 250, 18, 251, 205, 37, 125, 160, 162, 74,
       34, 8, 49, 101, 169, 84, 235, 169, 87, 36, 97, 90, 194, 145, 5,
       16, 64, 104, 30, 123, 153, 19, 186, 245, 0, 69, 161, 170, 64, 165,
       8, 117, 248, 104, 211, 208, 234, 253, 77, 85, 189, 15, 61, 189,
       41, 239, 249, 78, 16, 159, 155, 167, 0, 90, 42, 203, 145, 251,
       213, 20, 127, 83, 154, 198, 11, 1, 157, 59, 253, 53, 238, 230,
       115, 252, 200, 122, 64, 190, 184, 48, 96, 176, 106, 54, 8, 213,
       185, 48, 111, 237, 255, 34, 64, 72, 234, 225, 169, 167, 73, 105,
       155, 236, 22, 207, 184, 84, 200, 212, 70, 241, 88, 191, 229, 88,
       104, 22, 111, 237, 160, 109, 188, 36, 56, 238, 128, 31, 191, 120,
       236, 91, 7, 83, 236, 62, 179, 27, 88, 141, 0, 157, 234, 125, 207,
       177, 228, 54, 185, 31, 239, 128, 3, 38, 221, 242, 201, 171, 184,
       54, 167, 33, 33, 247, 72, 214, 228, 237, 20, 124, 227, 169, 154,
       178, 26, 14, 58, 37, 91, 238, 197, 127, 234, 76, 71, 195, 192,
       147, 250, 206, 31, 8, 176, 235, 7, 4, 219, 181, 51, 171, 217, 176,
       166, 206, 57, 18, 224, 236, 252, 76, 234, 167, 83, 234, 81, 87,
       104, 43, 241, 141, 83, 95, 119, 208, 24, 141, 15, 134, 114, 182,
       152, 107, 209, 180, 204, 142, 214, 144, 187, 172, 222, 231, 78,
       207, 121, 203, 83, 102, 71, 234, 218, 60, 80, 15, 63, 148, 124,
       37, 223, 240, 206, 170, 70, 60, 115, 67, 126, 209, 174, 159, 58,
       114, 113, 180, 36, 89, 246, 92, 170, 168, 167, 169, 46, 251, 175,
       165, 145, 101, 250, 116, 99, 126, 84, 220, 232, 91, 101, 19, 204,
       131, 178, 164, 43, 88, 151, 109, 90, 207, 213, 251, 240, 10, 7,
       218, 214, 95, 205, 143, 127, 179, 51, 46, 18, 108, 121, 120, 96,
       248, 77, 83, 81, 107, 172, 189, 8, 27, 157, 67, 20, 156, 188, 199,
       88, 90, 58, 248, 16, 127, 221, 37, 121, 66, 170, 78, 35, 49, 232,
       94, 111, 42, 159, 98, 216, 103, 48, 230, 42, 115, 147, 129, 244,
       100, 156, 126, 202, 11, 151, 123, 53, 150, 233, 1, 4, 41, 131,
       104, 44, 116, 149, 125, 228, 154, 99, 87, 187, 5, 166, 174, 42,
       83, 119, 1, 82, 115, 212, 93, 234, 104, 131, 121, 30, 249, 135,
       165, 20, 49, 250, 36, 122, 189, 93, 107, 222, 212, 86, 207, 84,
       84, 198, 119, 134, 83, 205, 187, 105, 124, 236, 23, 238, 233, 183,
       60, 172, 115, 171, 164, 136, 127, 251, 244, 240, 16, 188, 173,
       229, 22, 99, 87, 123, 22, 230, 206, 130, 87, 119, 0, 0, 121, 220,
       21, 168, 40, 218, 121, 30, 249, 199, 173, 20, 37, 232, 52, 250, 6,
       185, 132, 147, 215, 132, 61, 199, 59, 213, 68, 149, 172, 227, 66,
       31, 39, 79, 51, 148, 18, 216, 154, 225, 108, 22, 223, 231, 138,
       84, 187, 218, 34, 249, 41, 26, 249, 205, 189, 230, 138, 121, 56,
       169, 188, 158, 70, 17, 143, 27, 211, 81, 67, 107, 218, 245, 125,
       16, 62, 251, 85, 20, 135, 251, 236, 127, 149, 245, 164, 14, 103,
       150, 176, 186, 34, 76, 215, 33, 65, 91, 133, 116, 108, 122, 121,
       244, 209, 42, 237, 243, 101, 20, 136, 249, 70, 56, 171, 244, 126,
       75, 83, 215, 185, 120, 121, 224, 117, 134, 56, 31, 182, 53, 62,
       152, 147, 252, 231, 158, 60, 221, 127, 89, 5, 231, 119, 134, 111,
       253, 59, 32, 239, 77, 87, 119, 233, 104, 87, 225, 231, 18, 83,
       236, 62, 237, 120, 204, 50, 173, 189, 242, 253, 140, 31, 107, 213,
       69, 103, 173, 124, 228, 189, 213, 118, 102, 101, 86, 127, 248, 85,
       68, 127, 166, 91, 29, 191, 240, 126, 220, 151, 106, 237, 182, 56,
       174, 115, 203, 228, 5, 119, 191, 252, 251, 177, 28, 229, 93, 180,
       127, 227, 127, 86, 235, 122, 86, 115, 60, 148, 173, 121, 254, 54,
       61, 185, 252, 125, 190, 45, 110, 245, 64, 239, 232, 208, 253, 17,
       157, 63, 126, 131, 206, 53, 119, 172, 73, 110, 12, 190, 183, 2,
       112, 166, 51, 89, 4, 19, 153, 50, 125, 243, 255, 82, 66, 200, 66,
       167, 123, 96, 127, 187, 119, 240, 14, 109, 55, 184, 175, 110, 76,
       247, 167, 192, 18, 132, 126, 125, 12, 225, 216, 240, 42, 229, 190,
       116, 128, 8, 242, 198, 121, 161, 121, 121, 101, 116, 14, 109, 55,
       121, 232, 118, 72, 179, 19, 145, 48, 14, 124, 87, 108, 201, 184,
       113, 46, 103, 189, 36, 128, 72, 184, 66, 185, 64, 172, 187, 116,
       180, 236, 121, 51, 184, 27, 110, 80, 182, 183, 16, 113, 161, 63,
       125, 8, 50, 201, 162, 109, 203, 187, 50, 200, 0, 192, 231, 107,
       103, 32, 217, 226, 124, 171, 250, 88, 43, 169, 185, 74, 253, 218,
       221, 48, 254, 239, 87, 219, 3, 99, 200, 234, 156, 220, 171, 188,
       205, 219, 99, 129, 109, 109, 185, 109, 184, 47, 79, 154, 82, 170,
       40, 72, 215, 119, 65, 57, 149, 92, 125, 110, 41, 112, 217, 26,
       229, 223, 37, 52, 208, 251, 194, 34, 189, 190, 245, 127, 246, 103,
       199, 255, 82, 227, 123, 126, 115, 125, 148, 160, 95, 222, 52, 41,
       249, 254, 255, 191, 123, 47, 245, 20, 231, 233, 214, 249, 246,
       120, 10, 168, 45, 193, 18, 74, 141, 200, 132, 41, 150, 147, 35,
       80, 200, 173, 223, 66, 76, 7, 194, 190, 209, 181, 139, 59, 24, 61,
       62, 131, 151, 223, 231, 23, 214, 58, 174, 255, 92, 122, 90, 246,
       105, 104, 189, 167, 63, 87, 166, 231, 245, 249, 45, 239, 60, 42,
       111, 198, 253, 255, 137, 189, 121, 97, 16, 172, 44, 7, 70, 104,
