%YAML:1.0
---
descriptors: !!opencv-matrix
   rows: 185
   cols: 32
   dt: u
   data: [ 222, 24, 112, 218, 27, 241, 91, 216, 207, 85, 181, 183, 13,
       206, 127, 204, 167, 145, 173, 210, 150, 7, 62, 245, 219, 209, 139,
       255, 183, 135, 45, 87, 252, 55, 254, 229, 240, 34, 127, 121, 49,
       142, 127, 181, 95, 103, 3, 91, 118, 253, 5, 186, 56, 210, 129, 78,
       251, 175, 167, 133, 162, 243, 230, 243, 32, 89, 107, 101, 116, 79,
       103, 188, 101, 236, 126, 236, 243, 85, 145, 112, 94, 252, 87, 110,
       201, 178, 113, 45, 231, 173, 37, 128, 109, 187, 70, 121, 19, 205,
       39, 141, 22, 146, 174, 166, 212, 64, 90, 230, 57, 108, 180, 228,
       110, 99, 27, 197, 231, 153, 36, 255, 160, 46, 186, 128, 60, 140,
       185, 92, 252, 60, 254, 48, 170, 120, 88, 2, 179, 151, 164, 189,
       15, 175, 67, 27, 163, 247, 237, 145, 60, 79, 150, 2, 218, 227,
       113, 253, 232, 97, 47, 82, 34, 161, 144, 158, 125, 217, 144, 236,
       159, 29, 228, 11, 174, 254, 110, 132, 201, 59, 235, 1, 6, 43, 74,
       241, 159, 86, 26, 59, 82, 12, 13, 206, 39, 92, 99, 31, 85, 215,
       162, 226, 95, 68, 124, 6, 232, 204, 183, 164, 220, 106, 146, 79,
       199, 190, 124, 255, 38, 30, 2, 11, 87, 15, 121, 220, 155, 112,
       125, 101, 39, 86, 120, 28, 111, 248, 86, 178, 89, 31, 151, 111,
       182, 149, 253, 253, 236, 212, 181, 204, 199, 249, 186, 199, 39,
       132, 116, 125, 166, 113, 18, 130, 237, 221, 180, 65, 140, 164,
       183, 27, 140, 152, 114, 10, 234, 189, 203, 19, 84, 231, 210, 192,
       31, 80, 159, 107, 198, 14, 255, 135, 107, 50, 245, 88, 249, 183,
       152, 95, 91, 249, 157, 253, 156, 188, 214, 188, 143, 31, 255, 21,
       149, 75, 231, 212, 91, 95, 121, 254, 206, 204, 159, 223, 26, 212,
       118, 251, 37, 95, 126, 252, 61, 78, 183, 163, 239, 93, 186, 133,
       255, 209, 159, 239, 232, 37, 41, 255, 227, 223, 199, 135, 119,
       254, 236, 91, 154, 93, 30, 156, 107, 244, 191, 98, 173, 132, 94,
       35, 44, 190, 39, 198, 166, 127, 191, 195, 68, 139, 146, 238, 179,
       177, 10, 139, 6, 117, 45, 223, 150, 142, 158, 151, 180, 34, 188,
       231, 62, 147, 219, 243, 236, 98, 105, 75, 235, 215, 63, 147, 50,
       220, 9, 227, 188, 38, 255, 196, 132, 120, 177, 9, 79, 59, 235,
       199, 120, 86, 107, 25, 40, 204, 84, 228, 253, 215, 211, 246, 22,
       124, 181, 252, 193, 208, 182, 200, 79, 233, 173, 168, 46, 166, 27,
       249, 47, 91, 102, 154, 69, 180, 190, 96, 157, 196, 218, 135, 40,
       206, 55, 197, 238, 107, 179, 199, 196, 147, 22, 236, 54, 112, 202,
       203, 15, 63, 57, 214, 250, 180, 239, 68, 9, 82, 89, 107, 147, 239,
       180, 187, 8, 190, 118, 63, 237, 149, 221, 161, 236, 79, 160, 202,
       91, 95, 217, 191, 39, 68, 118, 127, 114, 28, 253, 28, 203, 241,
       153, 103, 139, 247, 188, 175, 44, 60, 70, 27, 175, 183, 255, 145,
       148, 107, 246, 216, 91, 83, 88, 251, 247, 76, 135, 95, 250, 157,
       112, 141, 253, 62, 222, 175, 27, 78, 252, 191, 238, 126, 31, 212,
       223, 199, 191, 167, 252, 46, 255, 255, 190, 254, 142, 155, 191,
       125, 222, 95, 49, 141, 75, 190, 22, 163, 202, 242, 196, 0, 218,
       130, 113, 233, 177, 64, 90, 170, 10, 201, 11, 171, 94, 63, 248,
       167, 162, 72, 189, 203, 48, 168, 183, 90, 195, 186, 182, 163, 238,
       212, 150, 194, 210, 230, 113, 203, 177, 72, 127, 234, 23, 222,
       235, 151, 46, 234, 184, 206, 175, 128, 189, 248, 112, 185, 125,
       237, 220, 103, 157, 123, 71, 184, 115, 230, 239, 12, 195, 97, 11,
       20, 89, 206, 64, 122, 124, 242, 249, 62, 238, 199, 5, 53, 227,
       251, 206, 192, 104, 125, 121, 101, 180, 79, 127, 55, 121, 236,
       126, 8, 247, 53, 129, 48, 18, 254, 84, 40, 233, 184, 241, 14, 239,
       255, 37, 0, 66, 242, 198, 121, 255, 158, 226, 255, 181, 178, 94,
       191, 63, 207, 254, 181, 235, 127, 150, 245, 223, 255, 181, 133,
       188, 218, 105, 255, 234, 255, 159, 195, 167, 228, 252, 95, 61,
       111, 225, 69, 158, 19, 199, 248, 70, 224, 184, 206, 83, 104, 221,
       164, 89, 204, 198, 238, 201, 50, 109, 58, 56, 204, 165, 60, 127,
       251, 82, 180, 182, 127, 98, 138, 214, 162, 238, 220, 23, 128, 217,
       231, 65, 203, 189, 192, 126, 202, 23, 255, 218, 131, 14, 239, 56,
       44, 175, 140, 189, 255, 240, 145, 2, 159, 174, 191, 155, 227, 188,
       231, 158, 23, 72, 147, 228, 238, 34, 75, 197, 115, 171, 145, 54,
       201, 11, 181, 237, 39, 222, 67, 144, 89, 141, 218, 189, 189, 100,
       235, 245, 86, 254, 249, 113, 220, 245, 131, 43, 127, 50, 241, 126,
       219, 151, 255, 252, 250, 124, 172, 239, 217, 166, 229, 119, 239,
       254, 211, 62, 242, 167, 250, 13, 84, 88, 220, 135, 221, 180, 167,
       8, 159, 127, 238, 205, 217, 159, 215, 206, 71, 122, 224, 219, 95,
       159, 255, 147, 31, 124, 223, 219, 31, 230, 132, 215, 18, 188, 119,
       173, 228, 222, 247, 9, 170, 183, 198, 110, 165, 159, 165, 228,
       159, 4, 206, 58, 124, 143, 135, 47, 164, 57, 221, 139, 93, 110,
       205, 55, 214, 255, 180, 93, 76, 86, 130, 249, 95, 183, 229, 118,
       121, 151, 239, 225, 144, 53, 254, 103, 249, 170, 129, 55, 191, 61,
       253, 187, 220, 54, 185, 61, 215, 156, 102, 220, 74, 208, 19, 44,
       158, 54, 161, 238, 51, 215, 133, 239, 175, 18, 255, 179, 223, 250,
       147, 93, 12, 59, 223, 255, 182, 228, 133, 212, 62, 110, 255, 83,
       226, 222, 206, 115, 104, 159, 245, 127, 206, 54, 173, 237, 242,
       237, 158, 62, 46, 229, 132, 175, 252, 120, 29, 62, 204, 90, 142,
       117, 95, 254, 232, 29, 46, 245, 11, 78, 126, 47, 65, 251, 213,
       143, 163, 108, 163, 72, 206, 243, 183, 202, 23, 53, 126, 108, 130,
       240, 112, 121, 236, 59, 77, 83, 72, 3, 104, 184, 8, 95, 221, 77,
       48, 154, 145, 125, 98, 75, 39, 251, 31, 209, 221, 1, 62, 113, 170,
       102, 179, 182, 98, 111, 141, 12, 19, 238, 104, 20, 166, 210, 207,
       65, 204, 183, 203, 120, 236, 251, 231, 236, 215, 239, 136, 178,
       98, 207, 153, 37, 63, 124, 206, 179, 99, 102, 143, 78, 3, 135,
       236, 86, 230, 208, 239, 98, 232, 183, 133, 120, 236, 115, 111,
       236, 247, 205, 189, 48, 42, 197, 182, 109, 63, 114, 220, 91, 51,
       236, 229, 53, 86, 89, 27, 1, 236, 94, 164, 57, 31, 215, 247, 22,
       60, 181, 60, 201, 208, 241, 136, 195, 249, 161, 131, 38, 164, 94,
       245, 2, 201, 6, 158, 73, 132, 184, 230, 159, 17, 200, 1, 172, 218,
       36, 65, 200, 59, 59, 129, 70, 11, 18, 253, 39, 50, 218, 11, 16,
       20, 161, 142, 56, 108, 49, 250, 25, 233, 17, 70, 187, 22, 169, 8,
       47, 223, 33, 25, 137, 187, 205, 18, 10, 35, 122, 185, 211, 213,
       16, 59, 242, 83, 6, 42, 252, 119, 210, 100, 193, 62, 94, 121, 49,
       134, 255, 157, 75, 239, 71, 150, 126, 244, 205, 122, 124, 195,
       208, 142, 251, 223, 5, 31, 227, 247, 206, 146, 165, 237, 233, 238,
       220, 43, 231, 252, 215, 226, 188, 234, 211, 233, 249, 34, 121,
       230, 95, 238, 249, 99, 236, 239, 254, 223, 231, 188, 253, 251,
       211, 160, 155, 207, 14, 188, 18, 130, 42, 246, 148, 65, 202, 199,
       45, 163, 51, 65, 102, 107, 27, 197, 230, 137, 7, 255, 224, 39,
       186, 128, 60, 148, 57, 89, 162, 241, 144, 154, 125, 217, 144, 205,
       143, 53, 169, 59, 238, 220, 110, 132, 153, 155, 203, 65, 6, 35,
       74, 241, 155, 208, 11, 127, 82, 14, 141, 207, 135, 77, 34, 156,
       197, 212, 188, 103, 157, 196, 200, 135, 44, 236, 55, 197, 252, 43,
       179, 197, 196, 139, 22, 200, 53, 112, 206, 11, 31, 124, 53, 214,
       80, 67, 174, 189, 24, 130, 123, 40, 182, 132, 202, 163, 231, 239,
       34, 66, 243, 229, 237, 231, 76, 193, 139, 77, 249, 227, 239, 145,
       36, 34, 61, 66, 251, 48, 189, 125, 171, 125, 145, 87, 187, 127,
       149, 189, 142, 188, 198, 175, 174, 55, 253, 5, 189, 79, 243, 192,
       211, 123, 120, 179, 207, 68, 135, 127, 183, 239, 66, 154, 220,
       167, 206, 252, 151, 130, 217, 215, 97, 232, 189, 68, 125, 234, 23,
       255, 250, 3, 78, 255, 56, 46, 143, 172, 189, 255, 248, 148, 219,
       116, 124, 115, 35, 118, 121, 16, 125, 126, 215, 177, 185, 31, 159,
