%YAML:1.0
---
descriptors: !!opencv-matrix
   rows: 161
   cols: 32
   dt: u
   data: [ 188, 21, 118, 100, 229, 118, 116, 127, 117, 47, 242, 19, 91,
       57, 53, 217, 248, 156, 135, 160, 188, 246, 17, 140, 51, 235, 240,
       5, 231, 248, 252, 130, 236, 164, 253, 115, 200, 107, 81, 157, 50,
       55, 165, 56, 83, 55, 72, 59, 25, 148, 105, 56, 58, 118, 235, 19,
       79, 139, 117, 117, 227, 192, 198, 242, 182, 76, 82, 162, 197, 102,
       78, 231, 121, 7, 251, 31, 10, 42, 47, 221, 249, 135, 134, 162,
       120, 191, 81, 238, 177, 222, 222, 7, 225, 90, 238, 6, 248, 90,
       255, 252, 44, 78, 93, 52, 169, 254, 182, 191, 127, 31, 33, 123,
       238, 245, 253, 226, 105, 199, 243, 232, 243, 251, 238, 144, 37,
       185, 116, 123, 134, 228, 244, 220, 254, 131, 218, 168, 155, 176,
       26, 227, 108, 250, 53, 3, 183, 85, 115, 243, 226, 97, 139, 223,
       40, 62, 79, 230, 149, 179, 65, 1, 219, 177, 149, 152, 139, 240,
       17, 75, 175, 81, 137, 176, 172, 246, 74, 254, 163, 147, 249, 145,
       23, 79, 179, 211, 153, 112, 26, 91, 130, 4, 175, 118, 247, 231,
       201, 132, 254, 3, 206, 236, 18, 162, 184, 202, 83, 104, 156, 3,
       123, 197, 87, 239, 232, 227, 205, 142, 56, 46, 237, 180, 229, 250,
       82, 32, 241, 64, 70, 206, 15, 18, 70, 104, 245, 130, 243, 2, 99,
       72, 61, 247, 120, 228, 108, 234, 108, 231, 205, 204, 178, 170,
       199, 21, 101, 187, 120, 4, 2, 166, 29, 153, 252, 169, 168, 175,
       158, 19, 88, 253, 164, 166, 204, 1, 207, 27, 107, 21, 50, 92, 66,
       247, 44, 22, 190, 232, 148, 200, 129, 185, 192, 248, 146, 190, 27,
       220, 176, 71, 239, 5, 162, 17, 172, 154, 98, 214, 166, 49, 234,
       81, 70, 13, 146, 227, 155, 241, 26, 91, 8, 4, 47, 15, 55, 115,
       205, 2, 206, 19, 206, 216, 66, 240, 185, 238, 83, 108, 223, 186,
       127, 204, 116, 254, 141, 99, 237, 24, 58, 9, 229, 188, 253, 251,
       122, 149, 108, 159, 23, 234, 237, 99, 82, 248, 87, 56, 251, 109,
       66, 249, 173, 217, 217, 196, 166, 114, 29, 115, 10, 148, 26, 243,
       101, 239, 219, 47, 124, 147, 189, 94, 103, 77, 4, 30, 239, 240,
       116, 226, 242, 70, 83, 72, 181, 165, 124, 228, 30, 238, 233, 181,
       61, 46, 33, 238, 199, 16, 111, 187, 112, 244, 53, 231, 200, 73,
       220, 50, 78, 175, 50, 179, 169, 200, 67, 98, 221, 50, 89, 198, 64,
       250, 122, 82, 205, 42, 172, 142, 133, 53, 229, 243, 218, 0, 45,
       255, 185, 95, 248, 159, 207, 190, 126, 107, 124, 228, 243, 102,
       145, 188, 221, 126, 102, 94, 219, 184, 255, 59, 108, 191, 247,
       208, 216, 242, 198, 249, 228, 180, 253, 83, 136, 107, 81, 157, 34,
       183, 167, 24, 211, 55, 76, 63, 25, 148, 105, 56, 56, 117, 251, 16,
       79, 154, 85, 117, 195, 224, 198, 114, 118, 29, 82, 130, 197, 93,
       118, 231, 29, 111, 183, 27, 14, 54, 46, 221, 233, 211, 142, 242,
       124, 191, 113, 226, 181, 22, 158, 19, 147, 95, 252, 222, 60, 155,
       134, 109, 229, 18, 246, 251, 114, 27, 240, 101, 11, 185, 164, 203,
       249, 204, 165, 226, 88, 251, 139, 161, 242, 231, 231, 207, 251,
       121, 254, 147, 221, 68, 253, 229, 36, 30, 111, 184, 96, 234, 211,
       226, 211, 111, 153, 107, 118, 196, 124, 239, 233, 244, 237, 8,
       230, 235, 235, 132, 45, 243, 113, 49, 27, 157, 131, 225, 149, 246,
       107, 247, 55, 137, 222, 66, 93, 55, 160, 228, 113, 190, 157, 152,
       27, 152, 17, 207, 185, 247, 142, 192, 186, 196, 168, 56, 9, 154,
       16, 249, 54, 191, 41, 95, 30, 9, 94, 118, 189, 179, 224, 228, 55,
       59, 182, 24, 147, 152, 3, 215, 204, 207, 58, 192, 186, 136, 137,
       169, 218, 148, 18, 186, 27, 212, 18, 73, 191, 21, 161, 17, 236,
       222, 110, 212, 243, 147, 249, 145, 118, 7, 154, 211, 155, 241, 10,
       123, 24, 6, 173, 87, 222, 180, 16, 250, 27, 241, 26, 233, 31, 23,
       129, 187, 76, 223, 108, 221, 255, 155, 221, 179, 126, 7, 154, 215,
       147, 209, 154, 255, 50, 71, 173, 19, 202, 172, 188, 122, 169, 253,
       16, 142, 155, 159, 164, 25, 174, 253, 74, 27, 129, 115, 233, 16,
       34, 111, 202, 51, 203, 211, 85, 123, 210, 76, 15, 11, 206, 174,
       50, 248, 251, 241, 190, 231, 189, 15, 152, 179, 12, 190, 101, 197,
       239, 179, 203, 145, 118, 15, 130, 226, 179, 84, 30, 235, 144, 84,
       175, 143, 201, 176, 253, 97, 172, 60, 253, 159, 122, 187, 54, 92,
       159, 57, 216, 107, 135, 70, 125, 28, 242, 108, 251, 65, 207, 251,
       117, 244, 206, 216, 216, 43, 156, 4, 87, 126, 99, 107, 112, 106,
       53, 18, 97, 56, 111, 115, 41, 153, 179, 187, 198, 34, 40, 215, 0,
       31, 211, 227, 113, 3, 242, 225, 39, 163, 174, 253, 176, 250, 251,
       245, 158, 238, 155, 219, 24, 185, 236, 253, 77, 143, 159, 123,
       213, 83, 246, 78, 218, 243, 47, 94, 77, 255, 214, 119, 135, 215,
       141, 135, 21, 249, 252, 139, 110, 189, 94, 49, 64, 112, 213, 99,
       168, 229, 83, 74, 10, 126, 115, 92, 75, 55, 172, 235, 47, 100,
       158, 136, 137, 160, 205, 178, 191, 31, 43, 252, 49, 218, 254, 223,
       119, 116, 252, 246, 235, 255, 183, 127, 238, 28, 167, 213, 171,
       241, 207, 99, 119, 206, 218, 229, 45, 245, 196, 50, 159, 184, 203,
       229, 49, 90, 238, 95, 241, 116, 140, 210, 107, 219, 225, 7, 110,
       16, 51, 79, 154, 80, 157, 178, 123, 254, 152, 64, 47, 195, 125,
       113, 188, 239, 45, 31, 127, 120, 111, 232, 183, 76, 223, 123, 9,
       114, 220, 196, 127, 110, 233, 227, 217, 188, 243, 251, 103, 60,
       90, 187, 80, 51, 61, 117, 61, 238, 61, 15, 223, 248, 79, 104, 253,
       76, 223, 125, 9, 48, 220, 213, 127, 110, 201, 35, 121, 255, 243,
       255, 37, 60, 72, 123, 66, 51, 70, 172, 148, 183, 149, 232, 166,
       134, 187, 147, 139, 19, 236, 226, 76, 206, 225, 235, 234, 147,
       102, 89, 203, 227, 173, 54, 159, 107, 128, 119, 189, 142, 66, 172,
       144, 190, 93, 169, 186, 168, 187, 146, 9, 11, 236, 234, 93, 194,
       179, 235, 123, 147, 6, 65, 138, 251, 141, 86, 207, 187, 20, 39,
       11, 6, 48, 157, 63, 238, 148, 198, 103, 113, 4, 104, 250, 102,
       115, 119, 32, 97, 120, 246, 31, 106, 249, 187, 57, 61, 241, 173,
       163, 192, 57, 170, 244, 115, 117, 237, 237, 68, 157, 79, 71, 190,
       81, 226, 172, 10, 115, 113, 21, 183, 25, 230, 120, 110, 249, 107,
       253, 46, 59, 138, 197, 52, 107, 251, 210, 40, 245, 237, 29, 68,
       205, 127, 71, 254, 83, 250, 172, 8, 83, 112, 85, 51, 89, 194, 80,
       106, 249, 99, 250, 58, 59, 138, 69, 60, 217, 251, 210, 44, 209,
       83, 95, 237, 50, 10, 111, 56, 36, 136, 86, 230, 215, 103, 145,
       113, 118, 245, 61, 238, 225, 144, 45, 76, 244, 171, 99, 128, 44,
       179, 33, 113, 205, 204, 159, 246, 168, 6, 79, 188, 189, 146, 35,
       64, 223, 115, 169, 123, 23, 85, 125, 106, 97, 69, 11, 108, 233,
       251, 103, 28, 168, 243, 129, 33, 68, 50, 152, 33, 176, 47, 121,
       25, 42, 185, 51, 121, 223, 27, 72, 26, 183, 29, 93, 51, 16, 80,
       201, 64, 205, 209, 47, 245, 200, 99, 131, 3, 142, 181, 144, 187,
       237, 237, 190, 235, 169, 30, 56, 17, 172, 247, 107, 199, 235, 83,
       203, 178, 50, 4, 218, 243, 175, 208, 15, 47, 146, 119, 143, 218,
       254, 88, 254, 252, 110, 40, 125, 20, 169, 178, 182, 58, 255, 127,
       133, 123, 239, 245, 125, 194, 200, 103, 227, 224, 215, 251, 250,
       152, 167, 249, 119, 107, 152, 22, 148, 252, 163, 42, 20, 79, 57,
       19, 224, 56, 15, 51, 0, 157, 183, 155, 196, 160, 56, 214, 1, 202,
       144, 242, 94, 7, 242, 113, 167, 133, 6, 255, 244, 251, 255, 141,
       190, 190, 155, 251, 16, 253, 236, 255, 93, 15, 135, 123, 245, 83,
       247, 72, 218, 243, 46, 222, 93, 255, 222, 118, 139, 159, 0, 188,
       53, 243, 124, 239, 162, 48, 140, 171, 27, 122, 252, 93, 88, 160,
       135, 51, 91, 3, 147, 188, 89, 255, 13, 6, 122, 226, 204, 11, 17,
       179, 73, 178, 191, 152, 107, 213, 177, 89, 238, 93, 182, 44, 156,
       214, 226, 255, 228, 5, 238, 80, 151, 75, 178, 209, 221, 51, 123,
       255, 154, 4, 47, 119, 70, 173, 148, 159, 221, 136, 166, 168, 190,
       145, 9, 3, 236, 226, 72, 198, 177, 107, 106, 147, 38, 64, 138,
