%YAML:1.0
---
descriptors: !!opencv-matrix
   rows: 146
   cols: 32
   dt: u
   data: [ 112, 144, 189, 252, 124, 207, 81, 120, 222, 248, 244, 8, 246,
       245, 104, 113, 217, 252, 126, 24, 11, 99, 123, 29, 221, 139, 99,
       124, 88, 40, 69, 243, 117, 249, 104, 103, 48, 75, 119, 184, 38,
       236, 254, 45, 243, 71, 139, 80, 122, 196, 108, 110, 205, 176, 249,
       45, 231, 237, 37, 149, 96, 179, 70, 83, 255, 207, 234, 142, 236,
       48, 206, 252, 87, 74, 221, 231, 113, 232, 255, 100, 127, 202, 55,
       239, 252, 35, 142, 251, 122, 45, 175, 172, 255, 255, 248, 213,
       222, 80, 254, 228, 45, 84, 88, 56, 233, 222, 183, 17, 203, 127,
       127, 127, 230, 213, 253, 42, 204, 101, 179, 192, 211, 251, 195,
       159, 6, 164, 108, 87, 181, 172, 205, 247, 148, 47, 79, 175, 83,
       163, 179, 24, 243, 105, 20, 59, 217, 238, 100, 168, 56, 254, 201,
       174, 235, 223, 213, 84, 225, 249, 242, 136, 79, 250, 239, 135, 50,
       86, 187, 188, 46, 221, 87, 228, 221, 86, 155, 98, 54, 85, 255,
       255, 151, 212, 191, 96, 108, 47, 111, 196, 142, 183, 45, 117, 255,
       247, 176, 90, 251, 213, 158, 253, 155, 254, 157, 63, 104, 252,
       254, 182, 157, 123, 215, 87, 246, 71, 186, 243, 123, 93, 141, 255,
       215, 126, 158, 215, 232, 132, 189, 253, 173, 188, 117, 159, 255,
       59, 102, 16, 255, 185, 80, 123, 193, 70, 127, 24, 186, 252, 243,
       179, 79, 251, 84, 80, 210, 216, 208, 42, 2, 203, 34, 156, 115,
       128, 188, 103, 188, 5, 72, 183, 172, 134, 38, 192, 230, 59, 163,
       133, 70, 152, 2, 245, 52, 52, 154, 139, 20, 20, 165, 255, 102,
       173, 17, 242, 253, 237, 112, 207, 143, 57, 168, 88, 150, 211, 97,
       125, 129, 18, 91, 16, 19, 75, 154, 212, 125, 24, 21, 126, 144, 89,
       211, 34, 88, 91, 23, 231, 178, 130, 46, 21, 172, 128, 195, 228,
       239, 3, 161, 194, 230, 55, 12, 208, 98, 153, 1, 206, 176, 228, 46,
       0, 0, 146, 161, 41, 113, 167, 204, 5, 52, 22, 74, 52, 96, 165,
       186, 204, 227, 40, 214, 210, 88, 230, 108, 253, 140, 250, 197, 12,
       184, 44, 165, 148, 237, 162, 122, 12, 7, 112, 255, 67, 98, 164,
       187, 208, 174, 81, 123, 192, 92, 223, 253, 120, 182, 89, 19, 223,
       131, 144, 184, 113, 69, 188, 170, 132, 4, 211, 35, 241, 138, 217,
       54, 158, 107, 212, 181, 230, 173, 93, 84, 39, 172, 254, 38, 68,
       230, 59, 187, 65, 70, 137, 50, 229, 119, 113, 26, 139, 18, 20,
       165, 223, 253, 207, 255, 119, 244, 42, 207, 188, 123, 162, 255,
       222, 123, 105, 157, 48, 127, 207, 102, 239, 233, 242, 109, 239,
       126, 191, 231, 148, 109, 251, 226, 41, 166, 112, 99, 80, 93, 251,
       144, 72, 223, 244, 176, 171, 2, 220, 247, 189, 217, 184, 210, 49,
       167, 103, 254, 208, 31, 24, 5, 127, 85, 28, 86, 214, 6, 202, 174,
       159, 157, 208, 186, 230, 158, 21, 218, 147, 228, 236, 62, 194,
       233, 115, 187, 209, 22, 217, 11, 229, 45, 54, 222, 195, 148, 95,
       189, 206, 126, 241, 157, 234, 169, 69, 95, 136, 163, 249, 173, 41,
       223, 127, 73, 122, 209, 213, 253, 242, 27, 67, 251, 177, 251, 215,
       197, 255, 178, 115, 134, 114, 255, 207, 230, 158, 250, 50, 207,
       254, 19, 238, 255, 247, 105, 234, 191, 213, 127, 207, 183, 239,
       252, 214, 207, 255, 58, 110, 239, 204, 175, 247, 250, 213, 182,
       79, 226, 158, 246, 160, 238, 220, 151, 13, 217, 231, 97, 201, 191,
       68, 126, 235, 23, 223, 206, 135, 14, 235, 114, 44, 174, 136, 183,
       255, 240, 193, 92, 254, 19, 162, 50, 137, 50, 248, 171, 104, 56,
       237, 239, 202, 201, 144, 182, 81, 204, 114, 199, 1, 138, 253, 178,
       212, 35, 254, 106, 151, 11, 25, 161, 156, 173, 93, 205, 125, 197,
       191, 83, 123, 164, 26, 178, 60, 84, 63, 201, 222, 112, 138, 249,
       110, 253, 49, 7, 251, 212, 60, 83, 120, 214, 254, 190, 88, 226,
       218, 79, 209, 156, 196, 143, 214, 212, 167, 44, 222, 103, 204,
       206, 249, 183, 211, 198, 7, 58, 224, 19, 83, 222, 187, 183, 31,
       61, 223, 70, 173, 174, 183, 26, 192, 186, 192, 174, 212, 138, 163,
       228, 206, 111, 66, 227, 243, 251, 209, 6, 73, 138, 245, 189, 39,
       143, 203, 4, 2, 45, 90, 74, 124, 244, 247, 103, 252, 252, 118,
       191, 190, 254, 3, 172, 63, 87, 215, 239, 243, 255, 129, 230, 252,
       211, 255, 63, 122, 222, 131, 39, 213, 111, 223, 124, 125, 189,
       167, 172, 79, 87, 184, 2, 254, 159, 173, 215, 125, 75, 58, 223,
       213, 253, 115, 201, 99, 249, 40, 251, 199, 237, 181, 164, 123, 22,
       115, 192, 149, 29, 254, 40, 14, 79, 184, 180, 30, 166, 120, 247,
       115, 136, 83, 23, 86, 109, 106, 104, 69, 123, 63, 225, 251, 97,
       148, 16, 163, 7, 43, 137, 140, 117, 71, 52, 15, 109, 55, 125, 162,
       103, 80, 223, 3, 144, 245, 51, 46, 14, 46, 97, 252, 57, 94, 47,
       219, 101, 0, 98, 232, 193, 40, 4, 144, 183, 217, 6, 206, 169, 152,
       126, 81, 67, 66, 221, 215, 104, 108, 118, 29, 59, 88, 131, 176,
       59, 80, 77, 170, 26, 68, 148, 130, 37, 49, 250, 243, 59, 242, 247,
       149, 157, 213, 43, 121, 189, 127, 124, 157, 92, 32, 239, 187, 215,
       145, 203, 43, 248, 213, 123, 89, 190, 250, 207, 22, 167, 127, 82,
       249, 253, 228, 126, 2, 191, 253, 137, 232, 148, 239, 92, 191, 213,
       35, 190, 117, 247, 227, 225, 75, 168, 204, 124, 95, 239, 190, 45,
       62, 7, 251, 182, 132, 14, 186, 217, 167, 18, 207, 22, 133, 207,
       23, 64, 226, 42, 72, 217, 239, 171, 148, 62, 223, 27, 191, 249,
       39, 159, 71, 153, 76, 184, 210, 118, 231, 232, 34, 207, 89, 214,
       200, 3, 246, 189, 171, 67, 236, 95, 23, 217, 196, 229, 119, 206,
       99, 239, 176, 122, 65, 133, 127, 247, 255, 94, 214, 255, 191, 230,
       157, 252, 23, 239, 251, 87, 234, 222, 223, 113, 232, 191, 245,
       127, 238, 54, 175, 253, 242, 77, 159, 62, 110, 229, 196, 175, 254,
       120, 221, 190, 239, 226, 154, 254, 178, 206, 252, 149, 14, 217,
       247, 105, 234, 189, 196, 127, 235, 151, 247, 250, 135, 14, 239,
       58, 102, 175, 141, 183, 255, 252, 141, 165, 172, 140, 247, 148,
       111, 77, 175, 87, 179, 234, 24, 243, 105, 92, 59, 217, 238, 100,
       10, 58, 254, 219, 39, 239, 223, 213, 85, 192, 249, 210, 40, 79,
       187, 237, 71, 114, 86, 187, 56, 102, 252, 95, 166, 217, 95, 219,
       230, 54, 93, 255, 239, 193, 208, 191, 205, 78, 105, 235, 132, 39,
       167, 37, 241, 14, 49, 240, 227, 245, 127, 250, 25, 123, 253, 191,
       59, 207, 93, 95, 190, 191, 157, 215, 179, 150, 112, 217, 210, 207,
       221, 15, 247, 199, 239, 79, 199, 205, 252, 191, 127, 205, 252,
       125, 158, 255, 155, 38, 16, 252, 255, 92, 123, 193, 110, 123, 24,
       163, 109, 251, 243, 79, 255, 215, 110, 194, 113, 243, 170, 2, 207,
       158, 191, 154, 225, 181, 166, 158, 23, 74, 147, 244, 254, 34, 73,
       197, 115, 171, 129, 50, 216, 11, 55, 233, 167, 222, 83, 144, 88,
       165, 218, 239, 181, 242, 88, 249, 213, 156, 251, 219, 254, 148,
       189, 108, 253, 254, 183, 159, 59, 247, 53, 246, 71, 186, 223, 59,
       95, 77, 255, 215, 236, 159, 215, 190, 93, 114, 238, 247, 127, 222,
       236, 93, 174, 251, 11, 75, 124, 63, 129, 255, 217, 151, 227, 236,
       179, 25, 254, 179, 223, 143, 151, 247, 255, 252, 71, 25, 159, 107,
       255, 246, 163, 239, 247, 87, 73, 222, 230, 113, 239, 176, 96, 127,
       234, 22, 141, 187, 187, 45, 255, 254, 239, 166, 192, 191, 218,
       240, 249, 200, 137, 188, 251, 173, 237, 117, 151, 255, 59, 38, 24,
       190, 185, 64, 123, 129, 118, 123, 24, 50, 109, 251, 179, 207, 251,
       84, 91, 210, 88, 193, 42, 190, 85, 82, 142, 221, 127, 222, 232,
       29, 38, 185, 11, 78, 126, 47, 133, 248, 241, 223, 227, 108, 35,
       88, 255, 179, 222, 139, 63, 87, 127, 127, 134, 82, 163, 174, 189,
       24, 194, 59, 168, 190, 148, 194, 131, 229, 238, 34, 66, 241, 125,
       109, 227, 78, 201, 139, 93, 233, 163, 239, 133, 36, 34, 53, 66,
       124, 112, 158, 112, 137, 108, 85, 147, 162, 187, 164, 24, 31, 151,
       75, 27, 161, 214, 236, 24, 26, 103, 210, 0, 219, 201, 117, 125,
       234, 113, 206, 3, 252, 116, 156, 126, 168, 108, 85, 57, 162, 154,
