%YAML:1.0
---
descriptors: !!opencv-matrix
   rows: 180
   cols: 32
   dt: u
   data: [ 61, 205, 107, 222, 212, 198, 239, 246, 212, 196, 220, 2, 115,
       253, 181, 100, 120, 250, 23, 203, 233, 171, 62, 175, 115, 237,
       167, 136, 119, 251, 116, 232, 136, 140, 44, 187, 185, 229, 89,
       175, 22, 31, 76, 17, 180, 191, 34, 64, 193, 43, 187, 149, 62, 200,
       83, 55, 239, 247, 158, 73, 152, 64, 169, 90, 41, 191, 144, 86,
       221, 159, 198, 247, 91, 168, 56, 76, 34, 184, 70, 180, 152, 106,
       194, 72, 213, 58, 216, 59, 63, 92, 21, 51, 74, 126, 218, 143, 49,
       207, 74, 175, 182, 130, 238, 252, 68, 224, 254, 198, 113, 72, 186,
       96, 126, 236, 22, 239, 205, 176, 93, 191, 244, 45, 167, 132, 125,
       186, 248, 157, 229, 120, 248, 69, 229, 30, 238, 156, 121, 226,
       100, 76, 26, 56, 215, 191, 24, 204, 112, 126, 229, 246, 244, 74,
       47, 123, 197, 36, 79, 240, 90, 164, 18, 207, 107, 175, 182, 2,
       111, 252, 36, 140, 218, 231, 97, 103, 176, 64, 126, 238, 15, 239,
       200, 147, 45, 255, 240, 164, 175, 128, 53, 178, 244, 233, 35, 174,
       193, 94, 124, 164, 169, 207, 218, 73, 120, 224, 176, 224, 212, 52,
       79, 106, 82, 140, 147, 42, 198, 243, 12, 62, 154, 170, 213, 192,
       115, 173, 141, 232, 191, 247, 109, 156, 125, 156, 255, 218, 38,
       16, 248, 255, 93, 123, 205, 105, 123, 94, 162, 69, 251, 241, 79,
       219, 215, 42, 130, 245, 99, 234, 116, 71, 95, 172, 18, 2, 86, 104,
       5, 132, 235, 131, 87, 99, 33, 81, 248, 244, 12, 98, 76, 163, 25,
       28, 241, 229, 33, 20, 49, 171, 36, 2, 166, 96, 146, 184, 77, 230,
       178, 64, 159, 135, 208, 19, 140, 223, 97, 72, 217, 121, 163, 17,
       0, 183, 210, 194, 149, 54, 159, 15, 150, 125, 61, 130, 214, 177,
       148, 170, 27, 212, 176, 200, 175, 17, 129, 22, 204, 222, 110, 194,
       227, 17, 251, 208, 22, 13, 155, 243, 153, 244, 10, 127, 144, 3,
       173, 23, 53, 97, 225, 106, 204, 71, 207, 216, 82, 240, 181, 74,
       83, 125, 221, 42, 89, 204, 84, 254, 201, 115, 253, 56, 249, 136,
       229, 60, 253, 251, 114, 240, 38, 162, 156, 155, 234, 41, 184, 203,
       30, 49, 177, 187, 132, 202, 72, 10, 207, 27, 107, 17, 18, 74, 75,
       209, 140, 18, 31, 126, 148, 72, 133, 130, 60, 205, 122, 238, 84,
       211, 222, 240, 85, 132, 254, 2, 115, 233, 55, 96, 120, 234, 135,
       234, 200, 179, 44, 191, 115, 239, 167, 9, 119, 186, 116, 138, 199,
       254, 150, 151, 236, 176, 190, 254, 190, 251, 218, 247, 236, 254,
       200, 203, 255, 255, 191, 215, 247, 220, 143, 231, 188, 54, 255,
       194, 140, 253, 169, 157, 239, 221, 164, 158, 253, 119, 158, 252,
       31, 238, 189, 31, 234, 253, 47, 197, 253, 246, 255, 230, 253, 99,
       251, 255, 191, 127, 207, 255, 155, 127, 252, 223, 129, 134, 223,
       237, 108, 57, 105, 158, 126, 83, 94, 214, 191, 162, 251, 107, 115,
       74, 46, 44, 163, 116, 175, 211, 198, 253, 118, 44, 188, 216, 65,
       169, 213, 28, 183, 103, 32, 110, 79, 184, 52, 202, 195, 64, 215,
       119, 153, 123, 53, 212, 125, 174, 233, 213, 185, 14, 225, 234,
       231, 148, 32, 243, 32, 113, 124, 253, 246, 255, 189, 95, 222, 252,
       95, 238, 254, 14, 107, 253, 31, 244, 251, 239, 255, 227, 253, 242,
       123, 255, 251, 255, 197, 87, 207, 254, 92, 94, 196, 104, 191, 255,
       109, 237, 124, 220, 239, 155, 166, 16, 246, 217, 89, 123, 201, 97,
       123, 94, 34, 101, 250, 113, 207, 219, 87, 57, 192, 113, 82, 170,
       49, 143, 10, 172, 30, 150, 78, 119, 132, 64, 206, 199, 113, 227,
       50, 192, 88, 230, 10, 236, 93, 139, 20, 191, 176, 165, 130, 8, 57,
       238, 248, 24, 215, 142, 206, 188, 142, 2, 12, 239, 180, 242, 210,
       247, 99, 106, 178, 67, 119, 199, 125, 167, 236, 205, 143, 140,
       184, 99, 255, 149, 45, 252, 56, 89, 4, 160, 156, 185, 218, 107,
       33, 75, 62, 49, 1, 146, 213, 210, 74, 72, 113, 15, 106, 144, 51,
       88, 219, 81, 205, 131, 123, 101, 184, 64, 137, 176, 192, 169, 190,
       251, 173, 205, 116, 167, 239, 63, 166, 16, 254, 251, 64, 91, 129,
       118, 107, 82, 114, 105, 218, 241, 239, 251, 87, 123, 210, 88, 197,
       42, 3, 163, 193, 31, 124, 137, 169, 207, 78, 1, 88, 194, 160, 160,
       148, 164, 74, 10, 82, 141, 19, 42, 198, 117, 44, 28, 154, 104,
       213, 8, 211, 172, 12, 180, 156, 179, 190, 235, 48, 3, 62, 123, 71,
       49, 159, 249, 74, 72, 131, 27, 187, 17, 54, 216, 203, 19, 205,
       215, 127, 103, 152, 72, 141, 3, 103, 212, 222, 88, 255, 182, 190,
       143, 207, 209, 127, 183, 72, 236, 110, 226, 207, 115, 226, 52,
       180, 235, 86, 198, 46, 63, 20, 79, 223, 220, 232, 149, 242, 66,
       102, 140, 14, 2, 229, 104, 236, 166, 242, 235, 66, 8, 183, 219,
       106, 229, 110, 227, 236, 231, 197, 204, 176, 34, 234, 145, 101,
       56, 116, 4, 248, 72, 247, 244, 15, 88, 84, 4, 233, 146, 166, 58,
       111, 58, 5, 255, 98, 212, 236, 98, 108, 103, 247, 136, 147, 251,
       84, 19, 103, 241, 102, 38, 245, 83, 229, 71, 204, 23, 207, 248,
       66, 242, 145, 206, 83, 64, 221, 111, 94, 212, 60, 235, 201, 99,
       255, 168, 49, 10, 229, 52, 117, 251, 84, 228, 72, 188, 190, 249,
       169, 237, 52, 135, 191, 31, 174, 16, 174, 187, 64, 90, 161, 115,
       239, 16, 50, 105, 147, 243, 239, 215, 86, 91, 194, 64, 167, 11, 0,
       235, 57, 185, 114, 137, 185, 231, 30, 69, 120, 167, 181, 206, 50,
       0, 238, 43, 19, 213, 194, 56, 38, 127, 108, 5, 62, 232, 85, 8, 37,
       203, 24, 207, 67, 238, 50, 66, 110, 228, 52, 0, 218, 162, 113,
       103, 176, 96, 122, 255, 159, 234, 105, 155, 13, 255, 240, 231,
       175, 129, 61, 178, 180, 56, 100, 32, 148, 185, 141, 45, 128, 74,
       206, 179, 137, 24, 198, 232, 73, 10, 201, 76, 106, 17, 30, 103,
       219, 16, 141, 150, 91, 127, 144, 107, 19, 130, 103, 165, 161, 161,
       237, 109, 224, 75, 107, 113, 185, 25, 158, 184, 92, 40, 185, 139,
       123, 21, 23, 50, 216, 208, 157, 28, 29, 124, 208, 78, 211, 198,
       109, 177, 181, 81, 221, 253, 113, 9, 207, 113, 165, 24, 158, 145,
       74, 190, 129, 16, 234, 24, 23, 112, 251, 144, 207, 217, 85, 127,
       210, 12, 198, 102, 208, 73, 94, 189, 14, 10, 100, 45, 164, 18,
       226, 82, 103, 3, 48, 219, 106, 228, 106, 234, 105, 245, 23, 29,
       180, 162, 66, 1, 105, 56, 232, 8, 208, 72, 254, 148, 6, 74, 103,
       160, 172, 198, 198, 163, 103, 166, 163, 91, 98, 229, 108, 194,
       104, 197, 165, 104, 208, 162, 234, 1, 37, 113, 37, 106, 19, 221,
       83, 255, 87, 130, 187, 246, 52, 0, 90, 198, 125, 251, 32, 96, 126,
       255, 19, 224, 225, 153, 28, 255, 125, 46, 142, 192, 61, 34, 161,
       170, 118, 48, 249, 240, 239, 125, 249, 218, 139, 255, 181, 63,
       158, 190, 79, 42, 175, 147, 255, 17, 159, 99, 250, 208, 223, 217,
       219, 255, 205, 77, 95, 243, 70, 182, 246, 254, 251, 143, 190, 248,
       191, 187, 208, 253, 236, 254, 108, 66, 183, 127, 255, 131, 178,
       67, 139, 255, 190, 254, 127, 190, 156, 116, 163, 147, 209, 142,
       205, 181, 6, 42, 108, 63, 116, 242, 194, 215, 247, 40, 144, 107,
       103, 231, 124, 175, 253, 220, 223, 14, 140, 34, 255, 16, 173, 224,
       177, 28, 1, 163, 1, 171, 60, 153, 168, 143, 78, 1, 88, 192, 165,
       0, 156, 160, 218, 11, 10, 93, 211, 40, 71, 53, 172, 53, 186, 120,
       84, 10, 209, 172, 66, 189, 158, 251, 153, 237, 52, 135, 175, 29,
       168, 17, 172, 255, 64, 82, 163, 115, 235, 16, 54, 105, 154, 241,
       239, 211, 86, 123, 144, 80, 175, 27, 129, 166, 207, 255, 124, 169,
       105, 22, 254, 83, 117, 212, 189, 227, 240, 107, 67, 42, 78, 12,
       163, 84, 238, 211, 206, 219, 242, 172, 156, 216, 65, 176, 92, 14,
       250, 181, 134, 50, 122, 80, 176, 134, 79, 135, 77, 235, 115, 74,
       118, 237, 173, 190, 132, 209, 140, 72, 214, 231, 235, 1, 165, 243,
       45, 130, 244, 106, 148, 186, 234, 201, 22, 206, 171, 51, 160, 185,
       166, 147, 65, 27, 135, 211, 207, 82, 74, 79, 202, 113, 152, 144,
       92, 59, 208, 17, 11, 11, 87, 155, 92, 47, 34, 14, 190, 176, 41,
       192, 95, 230, 247, 101, 152, 70, 54, 103, 125, 111, 209, 184, 223,
