%YAML:1.0
---
descriptors: !!opencv-matrix
   rows: 275
   cols: 32
   dt: u
   data: [ 5, 102, 89, 105, 116, 10, 111, 57, 109, 138, 123, 64, 215, 67,
       153, 112, 50, 140, 6, 110, 193, 180, 77, 14, 228, 254, 39, 4, 72,
       178, 66, 161, 189, 45, 187, 77, 221, 111, 231, 202, 87, 230, 236,
       8, 115, 253, 21, 52, 89, 222, 91, 168, 57, 243, 249, 27, 119, 223,
       5, 60, 243, 121, 118, 250, 197, 86, 29, 101, 36, 15, 101, 57, 124,
       170, 115, 92, 215, 17, 17, 59, 148, 4, 78, 46, 225, 180, 81, 14,
       229, 187, 97, 20, 72, 177, 67, 33, 248, 32, 148, 188, 141, 237,
       84, 79, 179, 59, 160, 25, 39, 187, 0, 26, 200, 163, 108, 16, 60,
       111, 210, 146, 147, 215, 84, 123, 210, 72, 202, 10, 83, 96, 80,
       204, 31, 151, 75, 88, 143, 132, 156, 6, 45, 194, 55, 228, 126,
       169, 31, 236, 200, 3, 182, 221, 144, 252, 139, 184, 54, 166, 33,
       36, 9, 128, 149, 253, 13, 215, 224, 104, 199, 176, 80, 66, 236,
       218, 104, 164, 216, 56, 178, 96, 15, 112, 91, 157, 143, 219, 199,
       111, 62, 42, 88, 142, 97, 62, 235, 101, 48, 46, 107, 54, 48, 238,
       126, 76, 243, 39, 144, 52, 21, 110, 124, 44, 169, 248, 241, 14,
       237, 190, 37, 128, 72, 226, 66, 121, 167, 157, 231, 222, 222, 86,
       239, 248, 212, 202, 90, 246, 113, 236, 189, 230, 127, 226, 22,
       239, 245, 163, 62, 238, 60, 46, 239, 136, 255, 254, 240, 245, 125,
       72, 211, 204, 70, 6, 111, 240, 81, 130, 255, 74, 83, 243, 177,
       244, 120, 252, 38, 234, 73, 151, 188, 203, 49, 172, 225, 12, 59,
       187, 112, 32, 90, 176, 154, 250, 139, 233, 16, 207, 175, 23, 169,
       57, 46, 215, 104, 90, 163, 155, 201, 144, 26, 11, 154, 241, 217,
       213, 30, 123, 210, 64, 175, 10, 35, 56, 174, 156, 77, 215, 146,
       74, 223, 248, 222, 11, 242, 220, 55, 102, 217, 124, 251, 67, 140,
       235, 251, 151, 83, 127, 137, 59, 87, 45, 84, 230, 147, 179, 214,
       31, 178, 187, 178, 31, 127, 233, 82, 247, 108, 232, 166, 236, 55,
       110, 238, 17, 183, 217, 143, 255, 46, 38, 117, 195, 239, 172, 137,
       141, 34, 219, 16, 172, 127, 137, 146, 206, 15, 13, 248, 171, 174,
       153, 102, 4, 206, 187, 135, 65, 66, 43, 194, 243, 244, 148, 26,
       187, 84, 8, 13, 139, 143, 158, 198, 151, 246, 179, 190, 231, 221,
       251, 90, 247, 76, 104, 183, 143, 39, 231, 151, 135, 180, 249, 12,
       238, 62, 6, 127, 199, 175, 253, 185, 141, 88, 157, 238, 227, 149,
       118, 254, 182, 114, 187, 158, 114, 88, 59, 220, 226, 109, 214,
       191, 218, 250, 249, 185, 239, 127, 239, 182, 197, 167, 208, 248,
       11, 218, 142, 207, 245, 178, 34, 57, 47, 23, 183, 214, 178, 93,
       231, 224, 75, 119, 255, 189, 145, 56, 223, 143, 206, 218, 231,
       255, 197, 166, 224, 165, 41, 43, 65, 229, 157, 29, 87, 200, 110,
       87, 225, 91, 66, 248, 248, 180, 228, 88, 108, 178, 77, 133, 250,
       255, 221, 15, 58, 209, 76, 95, 174, 120, 132, 120, 48, 28, 250,
       41, 237, 80, 90, 131, 63, 173, 25, 183, 249, 75, 26, 137, 146,
       237, 0, 30, 103, 218, 17, 219, 215, 113, 121, 240, 73, 78, 10,
       131, 173, 37, 157, 45, 191, 172, 206, 223, 242, 72, 82, 220, 216,
       116, 228, 223, 111, 122, 79, 199, 120, 127, 255, 45, 26, 31, 62,
       92, 92, 153, 140, 117, 4, 253, 229, 168, 110, 79, 58, 166, 162,
       191, 136, 211, 119, 153, 106, 95, 244, 125, 42, 137, 225, 249, 10,
       199, 255, 229, 20, 196, 251, 64, 96, 92, 51, 187, 229, 164, 110,
       127, 17, 123, 237, 215, 116, 223, 191, 209, 122, 180, 213, 125,
       93, 153, 208, 185, 130, 219, 253, 239, 196, 128, 243, 215, 113,
       49, 143, 194, 204, 54, 148, 206, 127, 85, 65, 252, 70, 50, 224,
       180, 228, 126, 234, 58, 204, 153, 171, 23, 239, 176, 44, 130, 24,
       63, 170, 120, 140, 169, 243, 121, 99, 112, 79, 127, 252, 126, 104,
       116, 108, 255, 87, 138, 48, 151, 88, 87, 110, 227, 180, 105, 63,
       103, 221, 37, 164, 74, 147, 198, 249, 104, 56, 56, 97, 124, 109,
       81, 19, 97, 45, 253, 8, 151, 23, 2, 48, 136, 148, 125, 24, 26, 40,
       241, 0, 199, 249, 32, 89, 192, 129, 70, 99, 167, 140, 229, 87,
       213, 47, 238, 239, 95, 243, 160, 91, 104, 104, 125, 189, 217, 234,
       18, 142, 182, 111, 108, 255, 43, 94, 213, 54, 211, 252, 212, 132,
       53, 82, 99, 77, 2, 6, 79, 120, 69, 236, 243, 198, 83, 69, 181,
       244, 124, 244, 6, 238, 201, 179, 117, 12, 49, 168, 161, 144, 97,
       187, 100, 112, 13, 233, 123, 97, 244, 130, 111, 57, 96, 192, 125,
       192, 83, 83, 208, 112, 118, 172, 20, 124, 211, 152, 180, 76, 110,
       173, 167, 64, 109, 162, 226, 161, 113, 200, 223, 253, 202, 175,
       108, 134, 54, 50, 226, 18, 115, 243, 133, 121, 97, 254, 122, 138,
       104, 220, 219, 41, 87, 171, 245, 0, 33, 241, 226, 40, 120, 249,
       121, 110, 62, 79, 87, 188, 194, 232, 148, 42, 247, 221, 146, 32,
       22, 252, 124, 99, 205, 99, 190, 61, 251, 237, 37, 61, 116, 186,
       84, 123, 241, 69, 171, 236, 12, 7, 79, 248, 84, 66, 234, 14, 115,
       225, 57, 112, 120, 236, 57, 239, 105, 163, 249, 31, 241, 237, 195,
       28, 57, 251, 112, 48, 23, 148, 239, 69, 150, 6, 175, 183, 116,
       195, 78, 214, 209, 36, 188, 100, 113, 70, 50, 189, 241, 216, 53,
       206, 45, 46, 159, 68, 173, 240, 241, 244, 236, 173, 181, 122, 157,
       237, 85, 175, 251, 247, 165, 24, 246, 247, 73, 63, 129, 86, 121,
       26, 59, 111, 250, 59, 239, 219, 85, 126, 210, 112, 214, 106, 180,
       237, 206, 191, 220, 171, 238, 238, 62, 179, 251, 27, 245, 251, 57,
       105, 249, 247, 123, 251, 126, 255, 203, 255, 253, 174, 223, 92,
       197, 251, 243, 130, 172, 190, 134, 179, 173, 47, 197, 247, 22,
       255, 146, 213, 198, 37, 106, 11, 205, 74, 135, 23, 188, 254, 89,
       180, 200, 83, 253, 247, 208, 124, 148, 219, 70, 159, 151, 180,
       235, 108, 52, 151, 187, 219, 90, 117, 140, 190, 68, 223, 167, 87,
       237, 17, 55, 88, 131, 224, 157, 242, 95, 207, 136, 100, 173, 119,
       80, 137, 158, 191, 154, 198, 20, 166, 174, 17, 206, 1, 247, 251,
       34, 67, 225, 119, 105, 65, 126, 201, 27, 61, 203, 231, 126, 19,
       16, 32, 45, 10, 143, 159, 230, 151, 246, 51, 174, 255, 221, 246,
       94, 231, 105, 108, 191, 167, 63, 231, 182, 239, 245, 241, 44, 238,
       60, 95, 239, 134, 175, 254, 185, 221, 221, 113, 187, 225, 244, 78,
       127, 148, 121, 232, 118, 72, 223, 159, 209, 112, 180, 221, 125,
       124, 217, 210, 177, 10, 255, 253, 167, 196, 162, 178, 198, 113,
       151, 119, 199, 159, 142, 50, 236, 254, 55, 242, 211, 247, 73, 174,
       183, 237, 127, 207, 63, 207, 253, 214, 127, 254, 180, 42, 255,
       130, 173, 245, 249, 221, 215, 92, 142, 181, 42, 36, 90, 50, 180,
       218, 194, 213, 245, 103, 3, 91, 231, 229, 125, 231, 57, 197, 147,
       110, 208, 163, 250, 144, 168, 113, 35, 83, 11, 112, 16, 206, 29,
       213, 240, 73, 207, 168, 157, 98, 236, 216, 98, 160, 248, 160, 250,
       32, 7, 35, 90, 221, 22, 217, 131, 59, 31, 14, 88, 134, 177, 85,
       231, 79, 220, 119, 239, 127, 86, 226, 255, 214, 81, 172, 180, 109,
       124, 206, 54, 238, 233, 246, 125, 190, 52, 42, 229, 212, 111, 251,
       240, 244, 77, 205, 139, 190, 140, 241, 134, 175, 212, 82, 138, 90,
       241, 248, 43, 235, 217, 227, 122, 163, 125, 99, 78, 59, 184, 39,
       255, 25, 153, 123, 185, 8, 42, 185, 184, 178, 205, 253, 148, 207,
       143, 53, 188, 27, 174, 253, 110, 10, 201, 155, 203, 17, 22, 107,
       218, 241, 223, 85, 31, 127, 210, 76, 223, 222, 99, 72, 83, 94, 69,
       148, 110, 244, 65, 138, 244, 66, 48, 146, 181, 244, 120, 236, 50,
       202, 201, 191, 182, 235, 50, 44, 130, 136, 63, 186, 120, 172, 144,
       254, 120, 121, 58, 141, 19, 119, 93, 72, 116, 231, 183, 199, 162,
       81, 86, 57, 134, 92, 227, 44, 68, 31, 238, 205, 33, 248, 120, 136,
       9, 153, 199, 127, 7, 139, 239, 242, 174, 223, 46, 98, 202, 246,
       204, 158, 217, 230, 239, 79, 250, 199, 247, 150, 247, 242, 52, 48,
       138, 130, 14, 87, 185, 221, 19, 186, 199, 31, 146, 155, 186, 95,
       127, 233, 210, 247, 109, 232, 182, 228, 55, 111, 238, 149, 183,
