%YAML:1.0
---
descriptors: !!opencv-matrix
   rows: 214
   cols: 32
   dt: u
   data: [ 1, 32, 117, 73, 68, 219, 160, 67, 108, 97, 114, 66, 129, 24,
       148, 174, 232, 12, 106, 25, 135, 184, 245, 192, 4, 56, 146, 0, 77,
       8, 81, 164, 0, 223, 59, 250, 48, 157, 126, 180, 254, 21, 106, 68,
       255, 206, 104, 96, 165, 123, 42, 83, 198, 40, 58, 119, 169, 151,
       30, 72, 16, 19, 173, 40, 94, 56, 182, 246, 175, 108, 148, 135,
       235, 243, 138, 57, 222, 188, 71, 58, 163, 119, 253, 17, 21, 105,
       155, 224, 219, 246, 93, 27, 206, 116, 143, 30, 159, 37, 111, 176,
       149, 247, 233, 95, 213, 241, 214, 151, 25, 173, 126, 41, 125, 139,
       19, 189, 191, 223, 53, 206, 91, 75, 138, 196, 167, 204, 176, 244,
       189, 29, 111, 250, 149, 166, 75, 112, 149, 192, 215, 22, 81, 255,
       51, 225, 108, 162, 27, 191, 185, 139, 58, 206, 219, 235, 138, 72,
       191, 137, 112, 48, 95, 93, 187, 244, 161, 190, 127, 114, 189, 202,
       126, 71, 62, 191, 55, 252, 229, 127, 181, 76, 241, 189, 48, 234,
       243, 255, 118, 130, 138, 253, 97, 123, 17, 134, 203, 225, 182,
       171, 105, 87, 118, 115, 78, 214, 19, 11, 48, 104, 127, 138, 27,
       157, 187, 156, 37, 214, 220, 207, 154, 68, 189, 136, 241, 40, 39,
       122, 233, 199, 238, 23, 175, 221, 82, 234, 212, 238, 144, 52, 215,
       44, 95, 204, 55, 207, 193, 54, 237, 202, 116, 14, 255, 172, 29,
       250, 209, 253, 221, 255, 112, 65, 242, 57, 61, 223, 123, 188, 60,
       254, 15, 12, 199, 188, 55, 91, 134, 84, 214, 120, 165, 246, 126,
       201, 53, 237, 231, 213, 143, 237, 61, 214, 121, 233, 118, 35, 75,
       218, 87, 105, 248, 238, 83, 77, 185, 48, 127, 216, 23, 254, 155,
       178, 105, 191, 218, 207, 161, 196, 255, 251, 112, 177, 60, 124,
       120, 234, 117, 253, 90, 208, 7, 40, 253, 8, 59, 221, 33, 144, 220,
       185, 149, 130, 14, 50, 88, 187, 211, 221, 129, 185, 115, 155, 78,
       26, 10, 48, 246, 201, 97, 252, 184, 70, 237, 89, 255, 16, 140,
       158, 86, 110, 238, 153, 223, 145, 6, 186, 243, 208, 7, 117, 26,
       131, 198, 69, 175, 223, 250, 81, 112, 200, 109, 93, 88, 89, 141,
       108, 245, 58, 14, 159, 34, 213, 236, 157, 255, 224, 136, 39, 241,
       208, 215, 241, 130, 63, 55, 13, 124, 115, 7, 184, 183, 147, 199,
       244, 169, 150, 255, 91, 83, 82, 156, 254, 93, 110, 229, 11, 58,
       157, 147, 220, 191, 240, 13, 58, 222, 194, 132, 69, 177, 253, 54,
       124, 154, 171, 124, 255, 178, 200, 30, 173, 253, 11, 199, 220,
       111, 128, 249, 121, 135, 115, 6, 51, 90, 190, 187, 213, 175, 127,
       209, 27, 61, 151, 1, 188, 237, 87, 178, 232, 189, 183, 46, 205,
       94, 160, 177, 55, 210, 96, 39, 122, 63, 156, 211, 216, 167, 125,
       110, 14, 190, 192, 132, 192, 149, 249, 250, 248, 184, 250, 11,
       221, 21, 205, 171, 83, 161, 24, 174, 223, 74, 56, 129, 185, 237,
       2, 78, 7, 250, 179, 211, 209, 17, 123, 114, 16, 135, 90, 1, 34,
       81, 169, 100, 136, 232, 83, 236, 1, 82, 199, 157, 10, 144, 74,
       106, 9, 95, 141, 131, 56, 197, 193, 196, 48, 186, 136, 12, 8, 17,
       168, 1, 20, 229, 249, 116, 168, 104, 23, 111, 81, 90, 214, 181,
       11, 144, 72, 107, 10, 63, 156, 134, 156, 87, 193, 198, 188, 186,
       128, 164, 200, 117, 168, 255, 52, 158, 50, 139, 124, 24, 71, 185,
       223, 163, 29, 14, 182, 75, 155, 163, 247, 236, 148, 63, 199, 146,
       64, 153, 243, 126, 219, 136, 85, 171, 86, 26, 193, 138, 175, 19,
       212, 60, 231, 44, 5, 206, 131, 45, 167, 34, 208, 246, 187, 187,
       129, 70, 153, 17, 237, 243, 229, 158, 129, 34, 22, 173, 10, 139,
       73, 227, 213, 103, 151, 172, 119, 125, 194, 90, 198, 41, 174, 183,
       164, 110, 43, 147, 141, 197, 156, 52, 202, 38, 94, 158, 130, 15,
       148, 121, 253, 90, 92, 158, 190, 11, 53, 88, 70, 149, 14, 222, 47,
       239, 255, 35, 138, 236, 243, 255, 131, 44, 7, 18, 171, 211, 247,
       250, 155, 178, 125, 45, 91, 29, 95, 233, 201, 182, 50, 207, 222,
       70, 200, 220, 230, 17, 68, 181, 96, 127, 200, 31, 253, 139, 129,
       45, 158, 248, 13, 175, 196, 189, 243, 112, 241, 147, 207, 66, 158,
       86, 144, 188, 101, 189, 68, 214, 231, 109, 202, 182, 197, 102,
       171, 151, 197, 100, 153, 6, 239, 50, 34, 190, 129, 45, 150, 169,
       205, 77, 91, 191, 246, 169, 172, 63, 144, 168, 154, 31, 68, 254,
       247, 41, 122, 167, 119, 125, 102, 129, 65, 186, 224, 251, 255,
       111, 138, 138, 115, 161, 51, 70, 190, 172, 19, 170, 169, 189, 159,
       190, 63, 150, 240, 140, 246, 206, 63, 167, 83, 255, 145, 178, 77,
       175, 113, 12, 18, 127, 247, 132, 84, 135, 101, 37, 53, 125, 103,
       52, 63, 230, 184, 104, 232, 123, 76, 243, 120, 157, 162, 158, 78,
       84, 111, 141, 240, 253, 44, 36, 221, 33, 144, 77, 243, 75, 149,
       222, 29, 255, 244, 211, 242, 181, 99, 185, 202, 214, 179, 60, 191,
       37, 255, 230, 247, 151, 129, 49, 223, 48, 238, 251, 115, 78, 131,
       175, 116, 165, 251, 172, 255, 111, 179, 205, 237, 118, 244, 149,
       86, 113, 151, 97, 237, 121, 11, 233, 250, 211, 243, 110, 118, 122,
       160, 103, 67, 214, 45, 181, 127, 246, 218, 61, 92, 149, 251, 211,
       166, 51, 210, 22, 11, 115, 114, 88, 51, 41, 248, 253, 191, 182,
       146, 51, 148, 89, 119, 69, 239, 114, 192, 251, 81, 168, 179, 120,
       100, 189, 228, 9, 79, 87, 140, 115, 166, 174, 9, 215, 87, 73, 18,
       145, 212, 105, 122, 104, 71, 217, 42, 251, 203, 5, 49, 224, 115,
       70, 98, 73, 51, 239, 197, 48, 86, 105, 56, 32, 200, 86, 228, 249,
       87, 155, 246, 86, 61, 189, 172, 193, 192, 181, 201, 70, 233, 171,
       128, 46, 166, 107, 113, 210, 95, 119, 252, 106, 224, 191, 118,
       189, 202, 218, 162, 60, 255, 161, 97, 230, 123, 191, 195, 225,
       139, 34, 235, 178, 224, 106, 138, 39, 113, 37, 251, 66, 57, 151,
       246, 171, 96, 20, 135, 171, 151, 138, 49, 172, 190, 69, 90, 163,
       119, 237, 17, 16, 73, 131, 224, 153, 182, 94, 155, 132, 112, 167,
       11, 60, 72, 104, 254, 28, 131, 75, 240, 196, 0, 253, 2, 115, 201,
       177, 96, 88, 232, 30, 234, 200, 162, 126, 189, 243, 237, 162, 24,
       117, 171, 112, 40, 45, 97, 115, 65, 118, 94, 235, 80, 121, 232,
       120, 66, 25, 17, 149, 180, 62, 104, 22, 126, 195, 176, 52, 110,
       38, 156, 33, 160, 111, 147, 66, 165, 34, 161, 128, 187, 221, 229,
       200, 11, 30, 49, 9, 25, 128, 185, 120, 72, 201, 26, 27, 17, 26,
       106, 91, 147, 205, 214, 154, 127, 144, 72, 208, 130, 18, 204, 14,
       190, 19, 132, 46, 230, 180, 0, 194, 131, 60, 239, 49, 65, 236,
       251, 59, 197, 98, 143, 18, 255, 177, 182, 154, 8, 17, 16, 33, 152,
       119, 85, 251, 238, 54, 25, 223, 188, 157, 74, 190, 238, 123, 127,
       189, 113, 254, 209, 63, 226, 233, 35, 57, 251, 242, 255, 231, 150,
       127, 250, 80, 121, 35, 201, 98, 206, 68, 150, 254, 228, 81, 64,
       116, 131, 104, 236, 182, 96, 254, 237, 51, 239, 229, 190, 164,
       239, 54, 62, 202, 200, 85, 191, 242, 204, 4, 13, 42, 187, 148,
       231, 171, 98, 94, 1, 89, 2, 241, 232, 49, 64, 217, 42, 19, 153,
       50, 184, 88, 63, 109, 37, 170, 65, 149, 75, 49, 130, 70, 249, 158,
       159, 175, 132, 190, 172, 158, 147, 11, 0, 236, 254, 104, 74, 151,
       123, 59, 83, 86, 73, 155, 241, 173, 22, 95, 75, 144, 115, 169, 11,
       34, 104, 163, 159, 20, 131, 174, 71, 86, 130, 88, 2, 224, 200, 49,
       64, 216, 106, 19, 195, 227, 190, 26, 235, 36, 22, 158, 128, 21,
       126, 48, 140, 82, 157, 191, 151, 212, 68, 175, 231, 62, 159, 218,
       3, 244, 54, 97, 64, 237, 247, 63, 193, 122, 219, 185, 239, 253,
       38, 254, 64, 128, 122, 165, 122, 178, 249, 62, 125, 184, 214, 30,
       247, 151, 77, 92, 165, 53, 191, 182, 96, 196, 59, 149, 197, 222,
       155, 51, 63, 235, 237, 188, 131, 156, 144, 172, 223, 62, 112, 122,
       204, 109, 95, 254, 236, 91, 174, 248, 43, 75, 220, 95, 144, 254,
       221, 215, 227, 204, 54, 219, 250, 55, 253, 167, 191, 85, 63, 126,
       211, 3, 223, 10, 189, 50, 132, 190, 230, 188, 64, 90, 231, 172,
       138, 51, 192, 230, 107, 187, 197, 199, 152, 22, 253, 100, 53, 154,
