%YAML:1.0
---
descriptors: !!opencv-matrix
   rows: 163
   cols: 32
   dt: u
   data: [ 189, 189, 105, 227, 245, 86, 255, 248, 113, 205, 125, 163,
       121, 127, 179, 177, 126, 219, 151, 254, 188, 186, 124, 174, 111,
       201, 167, 232, 231, 231, 230, 243, 122, 188, 191, 250, 171, 253,
       17, 207, 187, 23, 172, 24, 174, 255, 108, 254, 163, 187, 255, 16,
       58, 79, 178, 243, 155, 215, 90, 123, 146, 64, 167, 106, 237, 49,
       241, 71, 224, 126, 103, 152, 115, 234, 113, 72, 90, 55, 213, 180,
       22, 252, 84, 106, 193, 242, 252, 106, 47, 156, 37, 36, 107, 243,
       66, 189, 27, 79, 230, 132, 215, 22, 188, 119, 173, 196, 222, 199,
       8, 170, 183, 134, 110, 165, 183, 237, 196, 155, 20, 202, 54, 93,
       143, 129, 175, 244, 57, 221, 253, 237, 156, 191, 155, 107, 7, 172,
       54, 230, 207, 156, 247, 98, 11, 211, 83, 238, 232, 98, 121, 212,
       255, 63, 237, 167, 77, 113, 184, 123, 139, 64, 124, 31, 218, 236,
       248, 106, 91, 25, 177, 142, 253, 33, 95, 247, 35, 90, 118, 252,
       141, 122, 56, 131, 168, 10, 211, 237, 33, 25, 178, 227, 70, 99,
       74, 92, 54, 212, 39, 212, 190, 98, 237, 206, 94, 34, 172, 222, 39,
       228, 166, 113, 191, 67, 196, 141, 178, 237, 243, 253, 10, 11, 6,
       53, 45, 223, 2, 229, 32, 153, 157, 197, 180, 239, 94, 49, 72, 19,
       164, 184, 124, 4, 201, 27, 19, 145, 114, 56, 90, 247, 45, 28, 158,
       111, 152, 76, 185, 142, 75, 187, 239, 247, 238, 154, 237, 191,
       246, 251, 87, 246, 249, 239, 220, 107, 103, 111, 127, 156, 179,
       216, 239, 241, 78, 235, 255, 192, 175, 212, 241, 49, 70, 157, 183,
       243, 252, 70, 189, 231, 62, 127, 219, 51, 244, 182, 104, 107, 231,
       215, 59, 145, 50, 217, 187, 226, 253, 182, 222, 198, 128, 80, 165,
       123, 245, 140, 156, 167, 188, 103, 95, 186, 87, 235, 198, 26, 87,
       115, 19, 113, 81, 206, 124, 40, 61, 223, 217, 46, 249, 239, 229,
       85, 168, 232, 88, 2, 94, 174, 148, 50, 171, 253, 148, 199, 191,
       31, 177, 249, 174, 238, 76, 159, 175, 19, 236, 17, 54, 109, 10,
       243, 153, 210, 94, 123, 210, 84, 143, 159, 131, 175, 146, 154,
       253, 241, 188, 103, 206, 219, 89, 16, 172, 170, 118, 230, 207,
       107, 202, 145, 182, 75, 138, 226, 44, 22, 158, 235, 152, 92, 169,
       141, 230, 189, 163, 154, 223, 212, 186, 237, 155, 89, 153, 31,
       108, 254, 124, 164, 253, 243, 251, 145, 179, 75, 154, 247, 63, 30,
       159, 251, 141, 14, 183, 119, 34, 141, 178, 158, 221, 229, 180,
       239, 159, 31, 200, 1, 172, 254, 47, 196, 217, 123, 163, 1, 102,
       43, 90, 255, 39, 20, 26, 43, 146, 76, 37, 206, 242, 153, 249, 254,
       175, 244, 223, 202, 155, 86, 188, 163, 42, 189, 119, 115, 207,
       243, 189, 195, 234, 43, 226, 243, 211, 124, 140, 187, 23, 125,
       116, 111, 139, 113, 97, 97, 34, 22, 123, 61, 101, 232, 95, 231,
       217, 95, 222, 118, 54, 29, 255, 239, 213, 144, 245, 192, 71, 249,
       168, 194, 38, 134, 244, 245, 116, 113, 57, 172, 56, 15, 87, 136,
       31, 164, 161, 9, 199, 87, 73, 16, 217, 221, 93, 98, 72, 98, 217,
       24, 243, 217, 1, 62, 80, 59, 6, 98, 154, 92, 186, 190, 43, 245,
       220, 86, 149, 74, 208, 55, 63, 255, 35, 136, 236, 241, 191, 133,
       44, 143, 18, 171, 211, 231, 250, 139, 186, 124, 41, 219, 210, 126,
       123, 183, 50, 128, 57, 55, 185, 76, 82, 245, 173, 135, 128, 81,
       166, 63, 205, 144, 224, 220, 164, 110, 228, 241, 62, 130, 36, 128,
       167, 121, 119, 238, 226, 134, 223, 19, 206, 236, 83, 226, 152,
       239, 96, 232, 191, 132, 89, 228, 81, 239, 236, 227, 140, 174, 58,
       110, 205, 190, 175, 255, 122, 220, 54, 39, 154, 172, 155, 37, 145,
       78, 155, 183, 165, 27, 14, 175, 111, 26, 233, 155, 207, 16, 62,
       67, 146, 194, 211, 213, 26, 63, 145, 125, 47, 202, 194, 190, 188,
       151, 170, 57, 181, 159, 218, 191, 150, 248, 252, 182, 194, 107,
       167, 87, 125, 1, 176, 77, 175, 115, 204, 51, 127, 247, 132, 112,
       133, 109, 54, 59, 106, 128, 214, 147, 190, 97, 169, 196, 157, 239,
       9, 204, 247, 0, 126, 233, 151, 247, 212, 163, 36, 236, 50, 12,
       143, 171, 101, 167, 183, 215, 136, 158, 245, 119, 162, 43, 188,
       191, 126, 255, 26, 245, 205, 47, 197, 75, 167, 87, 239, 0, 181,
       220, 9, 235, 110, 215, 127, 132, 174, 240, 137, 153, 246, 38, 155,
       186, 153, 233, 17, 74, 171, 21, 173, 25, 174, 207, 107, 26, 193,
       187, 205, 16, 42, 3, 138, 210, 209, 208, 10, 59, 144, 85, 39, 98,
       34, 161, 181, 154, 125, 253, 144, 236, 143, 29, 164, 11, 238, 254,
       110, 198, 217, 27, 203, 65, 6, 99, 122, 245, 31, 20, 11, 127, 210,
       14, 141, 198, 17, 142, 107, 248, 214, 163, 235, 255, 86, 65, 218,
       198, 113, 235, 184, 96, 127, 170, 22, 156, 187, 187, 36, 255, 248,
       175, 167, 192, 189, 138, 240, 168, 2, 236, 146, 158, 125, 233,
       191, 231, 191, 23, 56, 131, 172, 238, 102, 70, 235, 123, 203, 133,
       98, 79, 26, 255, 61, 22, 222, 107, 20, 92, 167, 222, 134, 73, 34,
       156, 197, 148, 190, 102, 157, 196, 202, 135, 40, 238, 55, 197,
       236, 105, 179, 199, 196, 155, 18, 232, 55, 112, 202, 139, 31, 124,
       61, 214, 77, 51, 239, 197, 56, 22, 121, 57, 33, 200, 94, 228, 253,
       87, 155, 231, 86, 60, 189, 172, 193, 192, 181, 200, 70, 233, 171,
       128, 46, 166, 88, 117, 210, 93, 54, 220, 107, 240, 190, 98, 189,
       138, 214, 163, 44, 190, 39, 197, 230, 123, 191, 195, 100, 143,
       130, 235, 179, 48, 26, 139, 22, 117, 45, 159, 244, 180, 189, 231,
       28, 14, 67, 184, 118, 227, 163, 88, 215, 113, 8, 115, 209, 212,
       104, 40, 41, 247, 217, 14, 249, 238, 85, 20, 128, 169, 84, 34, 2,
       201, 14, 157, 89, 132, 184, 230, 159, 0, 64, 3, 172, 254, 52, 69,
       200, 123, 59, 197, 98, 139, 18, 253, 37, 54, 218, 11, 16, 21, 37,
       158, 27, 95, 10, 189, 18, 128, 60, 230, 190, 4, 90, 167, 172, 135,
       51, 65, 102, 107, 187, 197, 102, 153, 2, 255, 224, 39, 186, 137,
       60, 20, 41, 217, 214, 190, 188, 112, 170, 114, 29, 154, 51, 242,
       132, 184, 223, 55, 195, 127, 7, 213, 253, 145, 171, 77, 251, 114,
       219, 243, 95, 255, 166, 241, 7, 115, 212, 86, 254, 124, 168, 98,
       95, 122, 229, 30, 182, 112, 80, 243, 171, 91, 239, 213, 109, 226,
       60, 229, 163, 98, 210, 171, 98, 133, 224, 241, 37, 3, 28, 186,
       149, 179, 179, 107, 52, 151, 250, 59, 51, 89, 159, 51, 64, 154,
       163, 95, 76, 17, 50, 248, 137, 32, 205, 231, 118, 85, 232, 113,
       143, 3, 66, 177, 149, 183, 122, 204, 169, 239, 191, 249, 218, 82,
       252, 247, 72, 118, 231, 255, 127, 144, 83, 88, 187, 247, 189, 54,
       159, 194, 0, 0, 167, 249, 178, 180, 111, 211, 97, 207, 127, 112,
       177, 194, 175, 153, 120, 95, 12, 17, 62, 190, 91, 234, 121, 215,
       152, 239, 231, 154, 131, 66, 47, 131, 230, 242, 190, 228, 103, 75,
       242, 66, 127, 216, 61, 86, 117, 165, 89, 71, 191, 29, 123, 201,
       87, 254, 96, 196, 63, 254, 127, 219, 231, 197, 183, 247, 231, 242,
       189, 255, 201, 254, 220, 43, 230, 252, 214, 234, 189, 254, 211,
       225, 249, 162, 125, 238, 94, 238, 249, 99, 206, 191, 190, 207,
       231, 188, 253, 251, 248, 153, 253, 206, 255, 246, 244, 43, 206,
       255, 91, 226, 254, 222, 127, 105, 156, 49, 123, 239, 119, 47, 249,
       243, 237, 255, 250, 255, 231, 148, 205, 250, 210, 41, 66, 152,
       191, 149, 254, 196, 169, 227, 62, 125, 214, 19, 180, 183, 64, 66,
       231, 255, 59, 145, 50, 217, 187, 231, 221, 38, 255, 196, 132, 72,
       165, 243, 35, 204, 33, 159, 21, 215, 186, 238, 95, 64, 88, 3, 168,
       252, 55, 228, 217, 123, 147, 69, 198, 184, 125, 255, 37, 30, 154,
       131, 87, 15, 85, 206, 81, 185, 63, 248, 15, 204, 17, 55, 233, 81,
       164, 28, 190, 150, 66, 51, 134, 183, 124, 17, 139, 107, 178, 101,
       217, 249, 82, 90, 72, 0, 167, 122, 252, 183, 114, 104, 241, 126,
       86, 115, 113, 134, 253, 25, 75, 253, 70, 148, 255, 180, 197, 50,
       120, 227, 240, 198, 251, 255, 69, 95, 227, 236, 206, 199, 207,
       223, 253, 183, 176, 126, 191, 191, 62, 255, 63, 245, 253, 126,
