%YAML:1.0
---
descriptors: !!opencv-matrix
   rows: 270
   cols: 32
   dt: u
   data: [ 97, 93, 121, 101, 116, 14, 125, 55, 105, 172, 126, 8, 179, 23,
       145, 48, 132, 60, 84, 44, 193, 184, 113, 14, 231, 249, 36, 128,
       66, 176, 66, 121, 252, 249, 154, 250, 203, 253, 86, 206, 179, 19,
       164, 24, 31, 243, 74, 155, 133, 211, 236, 82, 62, 111, 218, 51,
       251, 209, 21, 127, 234, 81, 170, 2, 143, 204, 190, 19, 160, 188,
       190, 182, 252, 91, 126, 116, 252, 122, 191, 235, 167, 99, 62, 143,
       245, 220, 45, 234, 46, 127, 126, 128, 204, 245, 169, 93, 181, 91,
       109, 168, 60, 135, 67, 248, 214, 232, 176, 238, 83, 212, 245, 97,
       92, 176, 30, 126, 233, 39, 110, 28, 248, 137, 165, 252, 61, 185,
       112, 113, 159, 73, 141, 183, 188, 99, 207, 152, 22, 248, 83, 163,
       221, 126, 251, 106, 94, 71, 63, 215, 63, 80, 111, 160, 236, 199,
       239, 212, 188, 187, 153, 81, 142, 74, 37, 187, 172, 102, 189, 252,
       156, 94, 208, 247, 220, 15, 179, 75, 207, 17, 63, 231, 224, 133,
       107, 249, 196, 115, 250, 132, 21, 253, 181, 243, 38, 12, 250, 218,
       221, 247, 210, 227, 223, 140, 252, 3, 96, 248, 55, 64, 217, 243,
       143, 17, 30, 171, 90, 254, 123, 31, 135, 91, 209, 106, 124, 70,
       172, 229, 105, 71, 228, 75, 231, 248, 117, 166, 255, 168, 211,
       103, 156, 52, 123, 220, 102, 110, 233, 180, 237, 63, 117, 222,
       101, 36, 103, 251, 198, 240, 71, 134, 183, 95, 172, 46, 237, 191,
       252, 155, 3, 80, 212, 114, 152, 111, 39, 102, 120, 47, 241, 193,
       175, 109, 132, 58, 255, 132, 132, 241, 177, 37, 125, 249, 92, 106,
       56, 221, 90, 156, 175, 121, 190, 13, 31, 223, 78, 218, 134, 213,
       253, 94, 142, 35, 219, 177, 251, 249, 37, 125, 122, 147, 202, 83,
       8, 181, 25, 232, 248, 201, 87, 255, 39, 61, 125, 168, 151, 215,
       168, 80, 83, 154, 79, 24, 90, 26, 106, 23, 237, 213, 52, 253, 16,
       130, 134, 115, 120, 184, 157, 99, 233, 109, 81, 159, 43, 57, 172,
       8, 191, 23, 72, 187, 165, 147, 212, 16, 11, 104, 251, 49, 203,
       217, 117, 118, 234, 64, 198, 59, 45, 157, 81, 201, 249, 214, 102,
       249, 117, 64, 232, 100, 91, 67, 168, 212, 94, 136, 134, 238, 123,
       178, 89, 159, 62, 244, 7, 78, 91, 170, 234, 176, 166, 107, 234,
       60, 236, 129, 207, 236, 214, 198, 80, 135, 99, 236, 55, 0, 216,
       232, 131, 71, 204, 178, 206, 187, 116, 36, 143, 41, 85, 63, 118,
       196, 27, 214, 106, 79, 51, 255, 187, 250, 127, 77, 94, 167, 105,
       206, 191, 100, 247, 185, 191, 180, 134, 145, 61, 223, 115, 127, 3,
       195, 63, 134, 109, 119, 80, 165, 252, 227, 186, 202, 86, 175, 34,
       53, 139, 185, 215, 119, 72, 82, 19, 215, 109, 16, 26, 216, 203,
       55, 239, 229, 61, 117, 164, 130, 134, 35, 90, 141, 247, 228, 247,
       82, 222, 239, 27, 224, 250, 10, 111, 126, 53, 230, 251, 247, 191,
       161, 124, 107, 169, 223, 187, 239, 223, 7, 39, 126, 253, 46, 104,
       237, 121, 102, 120, 141, 71, 190, 99, 160, 172, 8, 115, 241, 64,
       48, 24, 254, 68, 72, 74, 58, 209, 63, 127, 140, 37, 56, 99, 178,
       198, 170, 76, 252, 172, 246, 137, 100, 95, 190, 146, 246, 142, 13,
       247, 247, 75, 59, 133, 215, 121, 238, 104, 78, 251, 35, 235, 215,
       221, 124, 136, 112, 132, 122, 6, 153, 146, 155, 245, 241, 184,
       207, 31, 25, 89, 19, 172, 222, 108, 204, 217, 27, 179, 149, 23,
       152, 90, 247, 15, 86, 154, 235, 154, 76, 169, 158, 150, 86, 159,
       191, 42, 2, 158, 248, 150, 218, 211, 245, 213, 238, 169, 203, 223,
       117, 175, 231, 237, 197, 11, 46, 128, 227, 239, 134, 156, 115, 41,
       19, 0, 64, 27, 185, 22, 135, 43, 80, 60, 0, 66, 66, 149, 211, 32,
       72, 122, 57, 10, 232, 1, 148, 1, 95, 196, 134, 187, 0, 24, 2, 33,
       160, 92, 215, 220, 167, 138, 74, 4, 191, 42, 182, 143, 238, 199,
       98, 75, 218, 51, 215, 236, 32, 89, 73, 223, 0, 184, 231, 127, 181,
       168, 114, 143, 25, 159, 108, 189, 183, 173, 86, 94, 232, 185, 242,
       144, 17, 223, 126, 75, 171, 163, 85, 221, 227, 109, 69, 187, 232,
       169, 211, 207, 63, 44, 117, 43, 70, 206, 183, 150, 159, 185, 182,
       142, 185, 190, 184, 143, 245, 236, 227, 238, 198, 215, 102, 237,
       62, 178, 65, 139, 223, 170, 118, 175, 214, 154, 103, 137, 5, 150,
       94, 189, 247, 170, 118, 156, 247, 188, 250, 159, 243, 221, 62,
       135, 43, 175, 119, 253, 163, 245, 205, 59, 42, 243, 203, 126, 147,
       165, 113, 181, 123, 127, 118, 245, 51, 139, 124, 22, 154, 171,
       251, 187, 255, 78, 124, 79, 250, 183, 215, 253, 83, 149, 65, 255,
       224, 27, 119, 93, 223, 239, 119, 207, 87, 238, 148, 148, 186, 203,
       101, 20, 143, 155, 251, 161, 29, 206, 254, 74, 219, 205, 215, 255,
       17, 63, 71, 219, 210, 187, 243, 95, 255, 154, 124, 141, 83, 71,
       23, 206, 175, 242, 123, 190, 89, 60, 236, 223, 247, 221, 238, 171,
       64, 126, 207, 255, 181, 149, 147, 173, 206, 246, 39, 171, 135,
       173, 230, 175, 209, 194, 184, 158, 190, 41, 252, 49, 71, 255, 91,
       164, 24, 174, 182, 102, 255, 129, 115, 232, 1, 39, 79, 146, 241,
       153, 243, 94, 59, 200, 64, 143, 94, 34, 30, 158, 157, 188, 167,
       180, 103, 30, 130, 250, 247, 160, 185, 37, 200, 221, 39, 235, 0,
       37, 255, 83, 223, 38, 55, 214, 19, 221, 104, 121, 155, 217, 2, 71,
       229, 38, 10, 105, 48, 116, 234, 215, 246, 223, 33, 144, 107, 102,
       228, 60, 173, 169, 252, 69, 142, 196, 235, 114, 128, 46, 169, 121,
       17, 185, 83, 111, 237, 22, 42, 232, 86, 116, 64, 250, 230, 179, 8,
       177, 97, 110, 140, 30, 237, 173, 184, 101, 12, 212, 235, 162, 128,
       125, 137, 112, 185, 49, 67, 99, 201, 86, 11, 233, 85, 84, 96, 255,
       198, 19, 3, 180, 116, 126, 136, 2, 236, 201, 190, 117, 156, 84,
       200, 162, 64, 127, 138, 240, 184, 70, 173, 182, 154, 189, 198,
       254, 237, 255, 27, 225, 1, 204, 250, 44, 91, 201, 207, 91, 211,
       54, 75, 154, 245, 185, 54, 222, 95, 144, 115, 167, 142, 34, 237,
       182, 218, 235, 97, 156, 207, 159, 31, 176, 171, 236, 255, 37, 143,
       207, 211, 251, 145, 48, 107, 202, 240, 187, 22, 95, 59, 211, 125,
       175, 155, 60, 12, 202, 101, 212, 47, 99, 250, 53, 161, 239, 13,
       211, 115, 7, 16, 121, 236, 110, 110, 24, 242, 201, 42, 254, 239,
       101, 21, 235, 235, 66, 130, 129, 41, 75, 233, 116, 169, 105, 66,
       109, 97, 246, 186, 159, 11, 144, 104, 110, 141, 14, 221, 27, 186,
       101, 192, 212, 201, 170, 68, 109, 137, 227, 240, 80, 113, 31, 172,
       26, 194, 17, 104, 166, 196, 129, 165, 247, 214, 43, 80, 246, 181,
       232, 225, 73, 3, 186, 29, 209, 161, 43, 29, 56, 34, 37, 114, 97,
       73, 107, 233, 108, 169, 233, 70, 236, 33, 254, 170, 157, 139, 208,
       120, 106, 173, 122, 156, 130, 178, 197, 192, 212, 249, 154, 0, 53,
       152, 225, 160, 1, 98, 90, 217, 108, 141, 237, 83, 237, 20, 246,
       226, 189, 139, 145, 106, 110, 161, 94, 141, 194, 37, 230, 193,
       214, 249, 186, 136, 68, 152, 225, 160, 41, 4, 120, 71, 85, 95, 65,
       55, 101, 238, 239, 8, 179, 33, 150, 52, 88, 174, 66, 44, 124, 184,
       113, 14, 103, 159, 80, 17, 99, 234, 66, 232, 56, 88, 123, 236, 82,
       66, 19, 96, 37, 4, 230, 162, 113, 23, 33, 112, 122, 157, 131, 226,
       72, 131, 49, 77, 243, 165, 2, 9, 51, 163, 38, 186, 37, 81, 59, 68,
       84, 31, 227, 80, 237, 200, 107, 76, 82, 152, 181, 116, 184, 108,
       18, 110, 193, 179, 48, 76, 53, 60, 0, 0, 73, 187, 114, 172, 34,
       180, 112, 209, 69, 253, 248, 67, 77, 54, 252, 27, 136, 188, 118,
       132, 235, 153, 151, 161, 134, 62, 80, 211, 23, 25, 147, 111, 215,
       76, 95, 222, 60, 117, 41, 104, 93, 77, 215, 248, 19, 108, 188, 9,
       83, 93, 89, 16, 217, 216, 211, 99, 75, 34, 250, 31, 123, 205, 133,
       60, 83, 59, 86, 242, 95, 58, 222, 181, 168, 62, 120, 18, 167, 235,
       250, 205, 223, 239, 195, 218, 175, 255, 253, 148, 157, 208, 231,
       192, 222, 255, 127, 128, 173, 241, 43, 81, 1, 156, 155, 217, 244,
       173, 188, 199, 222, 19, 72, 22, 180, 243, 96, 104, 199, 59, 50,
       24, 147, 184, 18, 247, 13, 158, 30, 74, 152, 72, 161, 170, 13,
