%YAML:1.0
---
descriptors: !!opencv-matrix
   rows: 378
   cols: 32
   dt: u
   data: [ 21, 77, 111, 255, 148, 135, 111, 114, 212, 128, 203, 130, 243,
       193, 49, 97, 120, 234, 27, 239, 225, 184, 29, 237, 229, 174, 142,
       0, 52, 187, 112, 168, 183, 180, 204, 0, 203, 51, 150, 201, 219,
       246, 181, 159, 75, 104, 95, 187, 187, 197, 238, 247, 183, 103,
       223, 210, 26, 71, 77, 255, 253, 127, 218, 214, 69, 243, 169, 51,
       168, 141, 61, 157, 190, 255, 131, 77, 247, 228, 91, 58, 149, 111,
       105, 23, 199, 81, 251, 49, 237, 215, 127, 60, 136, 82, 151, 91,
       155, 158, 121, 253, 150, 187, 127, 255, 87, 79, 222, 246, 125,
       127, 178, 96, 127, 251, 31, 173, 187, 152, 37, 255, 254, 239, 191,
       192, 55, 204, 180, 121, 173, 79, 101, 199, 180, 26, 239, 188, 109,
       234, 90, 198, 219, 104, 157, 166, 90, 68, 54, 111, 225, 176, 109,
       174, 36, 126, 231, 132, 15, 255, 208, 245, 53, 4, 10, 158, 21,
       166, 194, 96, 212, 2, 203, 18, 81, 232, 48, 64, 120, 168, 2, 173,
       56, 183, 16, 142, 81, 174, 130, 0, 185, 235, 112, 128, 134, 153,
       20, 187, 189, 247, 184, 207, 31, 61, 81, 19, 140, 222, 110, 77,
       217, 27, 147, 145, 54, 216, 91, 245, 143, 82, 159, 231, 150, 12,
       173, 215, 255, 126, 196, 6, 203, 82, 70, 184, 83, 250, 158, 238,
       75, 116, 199, 255, 125, 196, 252, 226, 237, 71, 205, 170, 186,
       235, 229, 191, 47, 247, 106, 29, 35, 175, 192, 23, 114, 27, 234,
       123, 123, 233, 112, 238, 122, 40, 214, 164, 63, 238, 86, 61, 181,
       250, 109, 126, 46, 30, 53, 228, 237, 172, 202, 213, 37, 79, 101,
       71, 228, 15, 239, 184, 85, 234, 119, 204, 211, 97, 157, 53, 88,
       204, 22, 110, 233, 176, 109, 44, 100, 154, 229, 132, 94, 251, 80,
       224, 188, 92, 30, 254, 203, 237, 86, 80, 185, 142, 229, 13, 126,
       255, 33, 153, 166, 241, 199, 18, 40, 231, 26, 238, 243, 219, 69,
       27, 242, 115, 103, 147, 134, 20, 147, 154, 255, 233, 182, 207,
       158, 7, 136, 59, 140, 254, 101, 201, 243, 115, 251, 19, 51, 107,
       26, 243, 177, 22, 95, 59, 152, 121, 165, 214, 4, 253, 19, 195,
       222, 137, 167, 254, 188, 170, 250, 98, 188, 113, 201, 164, 123,
       250, 74, 123, 99, 176, 89, 238, 189, 4, 46, 96, 205, 123, 163,
       169, 77, 174, 149, 115, 160, 110, 109, 153, 255, 187, 55, 80, 223,
       99, 201, 123, 179, 87, 108, 58, 51, 240, 235, 96, 141, 251, 119,
       132, 194, 243, 195, 161, 214, 111, 2, 158, 221, 0, 238, 228, 189,
       6, 243, 151, 237, 162, 189, 213, 248, 199, 110, 231, 124, 135,
       197, 239, 180, 54, 206, 8, 1, 119, 163, 132, 188, 218, 107, 249,
       78, 201, 233, 240, 132, 126, 214, 230, 241, 207, 249, 233, 108,
       136, 255, 140, 235, 183, 117, 209, 86, 201, 235, 168, 63, 168,
       116, 241, 198, 116, 188, 209, 175, 39, 189, 219, 142, 190, 150,
       50, 140, 31, 69, 15, 231, 85, 223, 179, 242, 69, 235, 208, 221,
       26, 223, 190, 148, 117, 165, 115, 214, 28, 166, 189, 15, 112, 184,
       10, 189, 214, 131, 151, 236, 46, 55, 75, 227, 101, 249, 135, 36,
       197, 183, 226, 129, 114, 218, 19, 140, 117, 61, 86, 124, 254, 152,
       122, 233, 188, 87, 251, 243, 158, 173, 29, 95, 243, 74, 27, 165,
       197, 236, 58, 106, 103, 154, 33, 251, 251, 101, 125, 226, 242,
       202, 3, 85, 251, 156, 170, 185, 62, 94, 156, 171, 253, 185, 77,
       239, 226, 75, 218, 181, 199, 236, 86, 143, 67, 219, 112, 187, 255,
       101, 254, 200, 115, 43, 87, 29, 48, 186, 249, 94, 96, 233, 82,
       236, 89, 246, 118, 157, 115, 187, 106, 126, 169, 94, 184, 131,
       151, 165, 200, 212, 173, 234, 136, 173, 160, 41, 241, 185, 186,
       106, 177, 94, 137, 225, 113, 236, 244, 244, 238, 187, 73, 251, 1,
       120, 168, 95, 173, 203, 119, 101, 205, 94, 201, 227, 184, 111,
       168, 123, 216, 38, 206, 166, 154, 201, 55, 158, 231, 159, 191,
       184, 155, 236, 236, 127, 11, 205, 211, 243, 151, 184, 235, 74,
       226, 59, 22, 223, 251, 213, 125, 167, 222, 165, 70, 109, 79, 116,
       42, 239, 184, 84, 106, 247, 244, 211, 97, 157, 105, 93, 204, 22,
       110, 169, 180, 109, 46, 102, 186, 225, 132, 93, 251, 112, 224, 61,
       107, 91, 97, 52, 207, 67, 176, 45, 104, 254, 76, 223, 15, 145, 16,
       154, 236, 76, 110, 201, 176, 97, 46, 231, 253, 33, 16, 66, 155,
       70, 113, 189, 101, 97, 229, 158, 99, 79, 249, 65, 224, 157, 207,
       91, 109, 217, 177, 126, 204, 85, 239, 233, 210, 253, 138, 250,
       201, 165, 180, 63, 255, 82, 112, 27, 156, 107, 185, 150, 227, 251,
       255, 31, 71, 94, 247, 189, 191, 178, 96, 127, 59, 151, 149, 179,
       152, 117, 255, 238, 111, 190, 192, 183, 204, 181, 249, 242, 60,
       190, 152, 139, 115, 20, 239, 159, 151, 228, 59, 14, 190, 38, 31,
       233, 215, 239, 16, 60, 111, 114, 226, 155, 178, 86, 127, 241, 124,
       174, 222, 222, 160, 144, 184, 137, 237, 17, 206, 191, 23, 160, 25,
       15, 166, 66, 91, 233, 147, 237, 145, 62, 79, 210, 147, 153, 241,
       91, 127, 176, 69, 46, 86, 164, 108, 123, 69, 116, 78, 103, 48,
       121, 142, 126, 8, 215, 115, 145, 52, 18, 124, 68, 106, 225, 244,
       177, 46, 103, 191, 37, 0, 66, 243, 70, 161, 116, 113, 253, 183,
       232, 78, 93, 145, 34, 252, 167, 13, 215, 95, 75, 26, 133, 213,
       117, 81, 88, 214, 219, 0, 205, 131, 117, 53, 224, 114, 134, 115,
       242, 6, 142, 156, 237, 123, 252, 231, 61, 63, 222, 187, 142, 166,
       183, 223, 235, 142, 239, 21, 60, 223, 5, 194, 190, 118, 222, 247,
       150, 220, 189, 204, 189, 87, 101, 69, 186, 19, 15, 189, 21, 226,
       159, 238, 91, 101, 153, 167, 127, 212, 252, 238, 249, 243, 109,
       142, 186, 107, 229, 148, 175, 254, 212, 125, 187, 20, 111, 181, 4,
       118, 205, 114, 21, 234, 214, 215, 83, 45, 179, 201, 125, 180, 157,
       167, 233, 215, 117, 142, 210, 99, 251, 144, 47, 253, 52, 120, 219,
       31, 254, 92, 187, 50, 88, 58, 125, 71, 214, 183, 74, 42, 166, 253,
       103, 135, 172, 132, 188, 205, 101, 207, 146, 127, 210, 147, 190,
       197, 44, 87, 84, 180, 184, 176, 184, 109, 83, 186, 178, 255, 140,
       25, 151, 127, 75, 27, 145, 215, 93, 49, 58, 75, 216, 16, 217, 199,
       125, 125, 160, 97, 6, 114, 0, 160, 155, 185, 214, 231, 169, 215,
       62, 49, 82, 83, 148, 151, 104, 72, 127, 27, 3, 145, 19, 220, 91,
       115, 77, 134, 63, 100, 144, 64, 165, 169, 192, 93, 123, 237, 112,
       78, 111, 60, 121, 12, 118, 0, 255, 179, 161, 113, 82, 124, 52,
       106, 97, 148, 177, 79, 229, 186, 98, 0, 18, 176, 101, 169, 150,
       34, 234, 193, 66, 34, 185, 72, 60, 55, 83, 211, 93, 142, 249, 104,
       63, 157, 183, 181, 148, 213, 173, 192, 20, 32, 251, 196, 165, 231,
       33, 145, 40, 231, 113, 69, 228, 91, 231, 255, 127, 182, 124, 168,
       147, 1, 213, 52, 27, 204, 70, 110, 201, 52, 237, 27, 102, 216,
       101, 36, 102, 186, 214, 232, 162, 180, 148, 155, 237, 253, 176,
       207, 158, 55, 145, 27, 140, 254, 110, 143, 201, 27, 195, 17, 54,
       70, 90, 209, 15, 18, 91, 127, 144, 76, 141, 151, 62, 35, 44, 168,
       157, 27, 219, 72, 135, 85, 148, 143, 139, 204, 119, 2, 200, 136,
       207, 119, 158, 35, 70, 144, 243, 81, 137, 61, 247, 47, 94, 194,
       249, 132, 102, 223, 38, 146, 90, 48, 85, 64, 127, 130, 123, 77,
       190, 229, 86, 160, 55, 46, 236, 188, 103, 175, 86, 251, 226, 128,
       55, 142, 88, 125, 144, 151, 46, 184, 180, 135, 149, 53, 132, 220,
       146, 55, 247, 76, 34, 67, 228, 35, 221, 231, 252, 201, 17, 29,
       232, 227, 238, 209, 28, 8, 189, 91, 188, 249, 120, 168, 125, 213,
       214, 220, 135, 236, 180, 175, 47, 221, 239, 164, 222, 249, 151,
       114, 206, 35, 122, 189, 187, 217, 37, 191, 127, 191, 92, 223, 162,
       248, 170, 144, 108, 205, 184, 199, 139, 95, 144, 187, 140, 158,
       86, 10, 207, 25, 119, 145, 134, 111, 130, 209, 31, 24, 219, 239,
       197, 8, 23, 223, 153, 3, 231, 161, 180, 171, 105, 31, 118, 69, 90,
       244, 211, 1, 145, 72, 50, 142, 63, 28, 155, 184, 101, 30, 196,
       239, 178, 192, 110, 128, 208, 97, 0, 189, 89, 65, 244, 141, 187,
       55, 62, 41, 126, 232, 181, 157, 208, 32, 22, 58, 19, 25, 147, 184,
