%YAML:1.0
---
descriptors: !!opencv-matrix
   rows: 308
   cols: 32
   dt: u
   data: [ 48, 141, 27, 251, 181, 197, 23, 239, 22, 73, 76, 18, 52, 243,
       40, 64, 217, 58, 19, 144, 122, 184, 58, 191, 233, 167, 154, 79,
       144, 10, 244, 138, 60, 191, 27, 186, 151, 227, 146, 239, 22, 13,
       220, 51, 38, 253, 104, 0, 249, 155, 131, 17, 26, 186, 42, 183,
       249, 199, 63, 111, 177, 10, 181, 171, 113, 237, 223, 86, 128, 110,
       103, 183, 240, 130, 106, 72, 115, 183, 132, 242, 49, 246, 104, 8,
       105, 249, 176, 43, 49, 174, 84, 0, 96, 240, 198, 40, 80, 181, 21,
       114, 185, 201, 17, 171, 174, 185, 171, 48, 158, 215, 72, 48, 135,
       19, 108, 16, 19, 73, 219, 119, 217, 212, 23, 126, 192, 0, 167, 51,
       140, 188, 147, 211, 196, 169, 167, 199, 46, 59, 250, 122, 148,
       209, 193, 170, 111, 219, 66, 154, 51, 186, 203, 114, 60, 132, 62,
       100, 201, 89, 227, 161, 133, 143, 30, 155, 236, 191, 34, 255, 86,
       41, 223, 86, 240, 130, 168, 233, 120, 14, 106, 76, 55, 189, 71,
       115, 52, 11, 179, 64, 152, 201, 249, 128, 108, 44, 154, 254, 251,
       240, 54, 226, 191, 131, 72, 56, 110, 243, 33, 248, 243, 255, 179,
       16, 54, 75, 170, 255, 159, 247, 95, 75, 144, 113, 47, 163, 79,
       190, 180, 183, 168, 44, 31, 190, 250, 223, 27, 117, 236, 234, 219,
       75, 151, 71, 253, 87, 246, 65, 138, 227, 232, 119, 127, 246, 136,
       119, 153, 87, 16, 140, 190, 185, 145, 239, 49, 135, 62, 23, 74,
       19, 182, 183, 32, 72, 225, 59, 11, 17, 50, 157, 17, 63, 201, 230,
       26, 65, 144, 64, 165, 42, 206, 86, 237, 167, 172, 58, 45, 23, 137,
       247, 159, 247, 201, 47, 150, 75, 71, 215, 253, 167, 241, 196, 237,
       226, 230, 115, 254, 144, 166, 255, 148, 120, 74, 4, 7, 190, 131,
       230, 60, 39, 189, 79, 79, 131, 236, 231, 41, 204, 247, 55, 187,
       132, 64, 145, 3, 207, 129, 118, 218, 131, 22, 118, 165, 123, 137,
       151, 20, 153, 181, 183, 56, 59, 94, 29, 95, 118, 236, 115, 170,
       228, 215, 27, 138, 16, 55, 152, 97, 223, 206, 247, 58, 66, 154,
       136, 169, 5, 43, 253, 115, 88, 221, 213, 255, 247, 203, 73, 124,
       12, 56, 255, 118, 180, 205, 186, 146, 24, 211, 58, 242, 245, 63,
       92, 20, 106, 91, 222, 230, 255, 17, 65, 75, 235, 54, 11, 234, 68,
       116, 33, 251, 226, 51, 9, 176, 224, 126, 156, 31, 236, 9, 183, 69,
       205, 180, 233, 162, 0, 125, 139, 249, 136, 159, 194, 103, 232, 14,
       131, 79, 248, 133, 94, 148, 230, 89, 195, 188, 97, 126, 177, 31,
       234, 233, 7, 46, 223, 242, 233, 235, 156, 63, 163, 32, 32, 58, 81,
       122, 237, 111, 214, 255, 100, 133, 108, 246, 35, 75, 156, 38, 69,
       250, 189, 191, 227, 12, 179, 177, 156, 55, 253, 146, 135, 119, 15,
       124, 223, 62, 145, 146, 200, 205, 221, 180, 67, 141, 22, 240, 11,
       142, 216, 110, 206, 233, 187, 147, 17, 94, 59, 242, 192, 151, 84,
       142, 107, 18, 12, 189, 198, 172, 23, 116, 203, 199, 191, 126, 120,
       93, 102, 111, 7, 75, 89, 63, 197, 125, 162, 155, 127, 240, 176,
       93, 254, 103, 95, 5, 7, 247, 223, 88, 192, 37, 13, 206, 103, 213,
       47, 98, 18, 54, 161, 255, 9, 211, 49, 3, 16, 121, 236, 110, 30,
       24, 240, 217, 46, 206, 175, 33, 69, 233, 107, 90, 130, 58, 235,
       182, 154, 235, 225, 156, 207, 159, 31, 176, 171, 172, 239, 37, 11,
       207, 243, 255, 145, 16, 107, 74, 240, 185, 214, 94, 187, 215, 92,
       175, 219, 70, 137, 182, 186, 249, 214, 222, 236, 253, 25, 240, 1,
       206, 250, 44, 219, 201, 107, 206, 83, 92, 235, 26, 228, 185, 246,
       222, 79, 128, 22, 175, 142, 214, 17, 90, 172, 43, 196, 30, 65,
       173, 128, 229, 173, 223, 215, 43, 86, 246, 177, 253, 224, 72, 131,
       146, 200, 241, 241, 10, 27, 88, 34, 43, 51, 222, 188, 179, 210,
       131, 240, 52, 195, 187, 59, 135, 48, 236, 247, 76, 255, 167, 115,
       236, 146, 59, 77, 186, 247, 155, 211, 95, 123, 130, 69, 175, 63,
       2, 28, 18, 154, 203, 233, 180, 79, 159, 87, 136, 27, 172, 254,
       103, 205, 163, 59, 234, 1, 54, 107, 26, 255, 181, 22, 95, 59, 146,
       93, 165, 30, 135, 96, 87, 187, 110, 129, 185, 216, 190, 89, 82,
       246, 189, 218, 233, 233, 254, 41, 63, 222, 131, 212, 14, 241, 132,
       184, 122, 200, 28, 153, 33, 161, 206, 148, 145, 186, 139, 116,
       148, 207, 154, 91, 161, 61, 140, 246, 106, 223, 199, 91, 251, 145,
       55, 71, 250, 211, 153, 240, 95, 127, 154, 100, 167, 215, 87, 189,
       189, 186, 139, 253, 20, 175, 239, 119, 168, 29, 222, 246, 66, 219,
       167, 231, 236, 5, 59, 107, 186, 117, 153, 247, 95, 126, 136, 65,
       131, 119, 63, 93, 97, 143, 158, 87, 206, 184, 85, 224, 223, 198,
       115, 124, 157, 228, 88, 204, 30, 239, 237, 178, 125, 190, 54, 111,
       143, 16, 63, 255, 120, 212, 246, 24, 181, 180, 139, 127, 30, 138,
       159, 251, 144, 191, 206, 62, 71, 139, 205, 215, 253, 145, 45, 71,
       219, 242, 155, 211, 221, 191, 184, 125, 12, 87, 78, 182, 150, 159,
       185, 167, 139, 152, 190, 185, 159, 101, 204, 243, 236, 206, 149,
       124, 237, 184, 18, 193, 139, 221, 40, 54, 239, 246, 146, 102, 137,
       7, 15, 159, 222, 191, 242, 58, 110, 187, 191, 159, 95, 245, 236,
       98, 171, 255, 119, 111, 166, 63, 245, 208, 12, 255, 46, 63, 109,
       198, 190, 247, 136, 21, 150, 109, 181, 244, 175, 82, 95, 236, 155,
       250, 144, 18, 158, 254, 97, 171, 231, 93, 221, 243, 105, 71, 186,
       202, 185, 208, 207, 191, 4, 117, 39, 103, 138, 239, 30, 188, 237,
       151, 190, 231, 137, 190, 124, 7, 172, 234, 99, 19, 236, 107, 131,
       231, 100, 75, 10, 236, 126, 81, 207, 43, 16, 126, 171, 138, 46,
       110, 234, 60, 84, 147, 207, 200, 214, 134, 216, 135, 33, 200, 55,
       0, 93, 104, 131, 71, 206, 182, 78, 187, 112, 5, 143, 41, 85, 191,
       127, 196, 31, 86, 98, 73, 55, 250, 91, 58, 125, 76, 94, 167, 239,
       78, 190, 116, 118, 43, 172, 52, 142, 145, 37, 223, 226, 255, 2,
       195, 54, 199, 109, 119, 27, 207, 19, 159, 23, 150, 46, 247, 124,
       65, 74, 66, 253, 226, 48, 228, 118, 43, 58, 204, 199, 153, 22,
       255, 177, 238, 154, 64, 24, 130, 169, 44, 9, 147, 147, 251, 48,
       140, 123, 17, 62, 9, 83, 112, 255, 211, 168, 100, 150, 59, 60, 8,
       147, 152, 49, 247, 205, 255, 50, 192, 2, 128, 129, 41, 11, 93,
       178, 94, 235, 153, 182, 198, 223, 74, 124, 34, 170, 216, 183, 164,
       238, 123, 162, 65, 198, 59, 38, 251, 54, 125, 22, 11, 91, 94, 233,
       159, 220, 239, 158, 118, 168, 26, 134, 175, 250, 191, 182, 56,
       235, 248, 206, 131, 177, 103, 236, 99, 116, 109, 175, 43, 184,
       239, 127, 191, 200, 112, 137, 13, 15, 132, 36, 187, 109, 99, 187,
       232, 206, 95, 209, 151, 204, 252, 62, 105, 221, 1, 147, 167, 182,
       128, 110, 213, 204, 19, 203, 207, 149, 47, 181, 215, 9, 130, 151,
       243, 36, 168, 105, 16, 110, 25, 83, 116, 157, 131, 216, 104, 103,
       15, 46, 152, 147, 216, 67, 101, 204, 235, 122, 192, 132, 129, 161,
       161, 102, 180, 149, 184, 185, 117, 145, 207, 155, 251, 185, 57,
       140, 254, 78, 255, 207, 223, 253, 145, 63, 79, 250, 208, 153, 210,
       95, 255, 146, 76, 135, 247, 233, 89, 59, 101, 116, 206, 125, 55,
       105, 136, 126, 8, 191, 23, 144, 48, 134, 62, 92, 12, 201, 184,
       113, 12, 231, 249, 48, 0, 66, 128, 198, 105, 35, 175, 248, 72,
       252, 189, 252, 247, 75, 77, 124, 104, 56, 184, 246, 52, 207, 42,
       22, 28, 150, 58, 230, 215, 46, 29, 54, 235, 215, 204, 218, 237,
       141, 191, 211, 211, 254, 171, 172, 247, 46, 147, 122, 242, 189,
       242, 193, 231, 111, 126, 74, 152, 51, 184, 203, 250, 44, 166, 54,
       64, 233, 200, 163, 185, 252, 252, 152, 56, 201, 253, 84, 222, 179,
       23, 164, 29, 31, 219, 75, 155, 135, 251, 236, 80, 62, 111, 218,
       51, 219, 209, 21, 127, 234, 81, 142, 19, 244, 68, 236, 247, 156,
       122, 204, 172, 228, 242, 151, 146, 211, 40, 31, 235, 73, 198, 125,
       175, 44, 229, 109, 173, 235, 235, 253, 21, 229, 249, 220, 66, 80,
       205, 219, 95, 146, 204, 103, 183, 56, 3, 106, 16, 255, 247, 0,
       240, 50, 255, 104, 136, 97, 152, 177, 111, 173, 174, 22, 0, 64,
