%YAML:1.0
---
descriptors: !!opencv-matrix
   rows: 178
   cols: 32
   dt: u
   data: [ 246, 244, 190, 26, 169, 229, 149, 206, 155, 159, 177, 57, 70,
       252, 111, 27, 157, 123, 237, 19, 46, 103, 202, 18, 153, 210, 93,
       127, 208, 125, 143, 71, 73, 185, 126, 121, 161, 220, 124, 55, 255,
       125, 102, 177, 191, 167, 134, 117, 167, 63, 253, 12, 214, 152,
       167, 85, 239, 251, 118, 193, 66, 132, 143, 95, 77, 49, 181, 101,
       49, 12, 113, 56, 104, 200, 39, 12, 246, 113, 73, 50, 144, 68, 120,
       104, 129, 240, 241, 8, 79, 249, 97, 18, 74, 34, 67, 35, 89, 13,
       215, 205, 118, 10, 111, 50, 116, 130, 126, 66, 211, 51, 177, 117,
       114, 236, 62, 170, 233, 184, 5, 206, 100, 174, 230, 0, 39, 248,
       112, 160, 38, 161, 112, 195, 253, 125, 240, 105, 79, 117, 61, 27,
       206, 92, 94, 164, 155, 27, 223, 21, 150, 120, 127, 213, 15, 92,
       21, 127, 214, 14, 213, 199, 196, 141, 133, 147, 148, 168, 38, 134,
       62, 147, 74, 18, 228, 98, 73, 74, 97, 206, 42, 152, 50, 220, 203,
       227, 172, 38, 223, 68, 128, 115, 177, 0, 198, 236, 154, 182, 252,
       160, 174, 174, 186, 178, 24, 152, 252, 234, 84, 2, 147, 111, 121,
       145, 34, 77, 142, 243, 172, 22, 223, 236, 132, 113, 145, 8, 166,
       140, 215, 254, 252, 169, 214, 239, 223, 3, 113, 88, 238, 249, 36,
       73, 215, 123, 111, 34, 50, 111, 10, 191, 170, 254, 87, 58, 212,
       248, 193, 141, 247, 135, 213, 198, 246, 35, 158, 237, 26, 163,
       217, 250, 92, 104, 156, 49, 63, 213, 117, 173, 177, 103, 13, 223,
       56, 46, 237, 212, 253, 234, 243, 33, 122, 178, 189, 252, 53, 118,
       152, 127, 27, 125, 181, 127, 78, 29, 158, 57, 223, 151, 181, 17,
       159, 239, 41, 213, 91, 123, 121, 215, 207, 12, 246, 87, 75, 138,
       230, 30, 237, 248, 252, 199, 235, 95, 52, 145, 42, 172, 246, 223,
       163, 99, 238, 20, 182, 109, 166, 227, 30, 127, 86, 75, 195, 196,
       239, 78, 250, 56, 238, 53, 143, 249, 208, 7, 171, 87, 150, 159,
       170, 188, 86, 10, 201, 183, 249, 145, 190, 111, 246, 227, 95, 119,
       220, 219, 239, 76, 222, 94, 242, 199, 102, 236, 23, 18, 78, 228,
       69, 4, 242, 3, 99, 40, 52, 199, 120, 228, 108, 239, 108, 163, 5,
       173, 179, 234, 198, 19, 119, 190, 252, 4, 182, 103, 99, 69, 82,
       18, 235, 96, 53, 164, 230, 178, 73, 7, 133, 213, 126, 253, 147,
       238, 104, 150, 101, 206, 52, 40, 139, 128, 103, 181, 102, 244, 37,
       201, 91, 79, 213, 31, 230, 252, 120, 32, 110, 72, 115, 216, 149,
       176, 152, 236, 66, 110, 213, 186, 245, 62, 55, 253, 5, 48, 89,
       187, 90, 140, 142, 132, 164, 85, 205, 114, 180, 143, 254, 187, 74,
       16, 200, 56, 92, 235, 193, 70, 162, 145, 54, 252, 195, 226, 15,
       51, 222, 71, 130, 116, 185, 134, 24, 157, 57, 123, 176, 207, 83,
       183, 86, 13, 238, 16, 183, 87, 0, 112, 213, 50, 29, 24, 122, 136,
       97, 63, 235, 239, 52, 80, 18, 136, 196, 107, 205, 221, 168, 190,
       172, 52, 86, 188, 214, 218, 94, 35, 245, 249, 251, 98, 85, 110,
       63, 239, 237, 71, 203, 187, 122, 105, 239, 169, 62, 255, 248, 27,
       3, 125, 123, 225, 178, 142, 191, 119, 172, 72, 90, 228, 189, 158,
       165, 96, 182, 63, 31, 231, 193, 153, 32, 238, 180, 253, 42, 130,
       12, 146, 161, 57, 122, 41, 242, 76, 117, 221, 82, 70, 233, 13,
       252, 8, 42, 191, 38, 148, 248, 186, 199, 72, 14, 43, 178, 237,
       179, 253, 0, 27, 99, 142, 110, 46, 10, 176, 163, 153, 127, 215,
       184, 89, 78, 89, 80, 231, 188, 220, 252, 232, 254, 57, 183, 149,
       135, 243, 55, 209, 95, 93, 171, 239, 158, 46, 53, 215, 106, 146,
       252, 232, 60, 38, 152, 219, 27, 121, 181, 253, 92, 159, 252, 24,
       159, 149, 181, 21, 147, 111, 139, 213, 218, 219, 123, 246, 158,
       140, 131, 83, 58, 48, 116, 237, 37, 219, 216, 25, 27, 252, 117,
       171, 79, 221, 118, 140, 158, 189, 181, 165, 142, 100, 147, 213,
       131, 249, 201, 255, 119, 140, 92, 87, 17, 15, 222, 229, 180, 14,
       110, 34, 252, 128, 110, 66, 121, 35, 177, 118, 114, 108, 46, 234,
       64, 152, 133, 238, 238, 174, 230, 0, 38, 242, 105, 168, 189, 86,
       107, 238, 116, 3, 235, 248, 84, 72, 119, 102, 83, 201, 184, 49,
       124, 236, 22, 238, 233, 182, 44, 63, 114, 169, 161, 132, 125, 187,
       114, 225, 182, 188, 167, 181, 250, 175, 180, 227, 191, 251, 242,
       255, 42, 253, 39, 25, 237, 251, 255, 21, 190, 255, 66, 227, 63,
       94, 93, 242, 209, 124, 166, 223, 38, 189, 17, 186, 223, 237, 182,
       207, 15, 41, 120, 107, 44, 223, 108, 128, 217, 187, 131, 81, 18,
       58, 74, 247, 189, 148, 159, 127, 209, 90, 135, 139, 179, 199, 221,
       239, 254, 34, 252, 237, 26, 179, 123, 250, 93, 104, 156, 3, 63,
       199, 119, 173, 113, 246, 205, 223, 60, 46, 255, 196, 189, 234,
       243, 129, 125, 119, 157, 234, 184, 15, 94, 188, 59, 186, 184, 104,
       223, 123, 201, 179, 149, 221, 125, 114, 105, 67, 203, 190, 248,
       223, 109, 188, 8, 243, 130, 1, 9, 11, 86, 69, 52, 159, 239, 55,
       108, 136, 126, 100, 191, 33, 148, 164, 38, 102, 110, 108, 193,
       184, 5, 111, 38, 255, 34, 128, 74, 160, 75, 173, 51, 40, 112, 30,
       109, 153, 248, 70, 235, 1, 240, 11, 46, 152, 20, 20, 170, 171,
       119, 65, 14, 58, 194, 245, 151, 88, 16, 59, 71, 12, 74, 142, 201,
       250, 150, 248, 168, 156, 61, 255, 254, 27, 54, 116, 191, 211, 224,
       239, 167, 83, 110, 24, 243, 77, 139, 245, 136, 251, 127, 206, 26,
       128, 171, 173, 69, 48, 152, 225, 240, 46, 120, 25, 58, 185, 43,
       80, 221, 115, 73, 250, 183, 93, 125, 60, 17, 208, 153, 64, 207,
       173, 127, 100, 136, 227, 139, 129, 73, 49, 113, 101, 114, 74, 49,
       24, 105, 232, 55, 104, 158, 17, 136, 54, 146, 20, 108, 40, 1, 32,
       241, 76, 71, 189, 33, 6, 74, 34, 67, 35, 72, 232, 252, 123, 139,
       237, 84, 174, 43, 117, 44, 9, 191, 125, 74, 27, 135, 83, 249, 16,
       6, 104, 251, 49, 207, 223, 85, 125, 208, 90, 143, 90, 93, 81, 83,
       69, 50, 14, 51, 48, 104, 168, 103, 96, 94, 19, 137, 116, 54, 213,
       108, 234, 193, 177, 177, 76, 214, 168, 35, 6, 106, 163, 35, 35,
       50, 12, 103, 85, 82, 242, 173, 98, 53, 166, 226, 130, 65, 46, 149,
       253, 123, 189, 146, 160, 104, 222, 101, 206, 53, 42, 203, 129,
       101, 224, 102, 172, 77, 67, 95, 101, 36, 14, 111, 188, 109, 168,
       126, 100, 211, 97, 153, 114, 150, 100, 108, 110, 201, 176, 233,
       40, 230, 249, 101, 128, 74, 179, 67, 33, 226, 184, 234, 178, 143,
       253, 177, 151, 187, 95, 150, 159, 170, 188, 86, 10, 141, 179, 251,
       145, 191, 111, 242, 227, 223, 119, 222, 251, 197, 76, 151, 94,
       254, 80, 118, 238, 77, 86, 94, 232, 49, 174, 230, 10, 75, 31, 15,
       223, 248, 212, 253, 226, 108, 199, 241, 234, 243, 251, 199, 27,
       35, 183, 126, 6, 134, 140, 214, 254, 252, 171, 220, 239, 223, 147,
       249, 88, 238, 232, 44, 201, 211, 107, 110, 34, 50, 111, 10, 255,
       168, 190, 87, 126, 212, 120, 129, 140, 55, 122, 106, 8, 116, 167,
       187, 64, 233, 204, 248, 239, 32, 204, 183, 48, 190, 233, 87, 215,
       132, 163, 174, 76, 114, 28, 35, 138, 69, 243, 103, 215, 10, 50,
       43, 168, 125, 149, 184, 88, 143, 72, 212, 231, 188, 223, 241, 224,
       254, 185, 183, 213, 135, 51, 214, 209, 214, 89, 171, 239, 31, 142,
       57, 147, 88, 184, 188, 114, 169, 237, 21, 142, 171, 63, 172, 57,
       174, 183, 66, 26, 135, 83, 237, 16, 26, 75, 250, 49, 219, 211, 85,
       123, 210, 80, 135, 107, 5, 164, 221, 241, 236, 169, 233, 91, 126,
       179, 51, 218, 157, 163, 216, 43, 35, 15, 110, 28, 51, 124, 207,
       210, 204, 155, 119, 100, 204, 200, 195, 160, 9, 149, 238, 215,
       244, 118, 249, 158, 84, 207, 95, 54, 249, 61, 190, 232, 127, 78,
       183, 61, 179, 248, 61, 239, 111, 111, 182, 133, 175, 219, 248,
       249, 106, 50, 100, 200, 111, 221, 249, 83, 233, 109, 244, 175,
       136, 157, 214, 54, 110, 149, 247, 132, 135, 58, 246, 208, 87, 120,
       146, 235, 111, 140, 94, 247, 244, 72, 223, 182, 78, 40, 109, 0,
       249, 146, 179, 90, 123, 162, 21, 91, 107, 229, 108, 138, 105, 71,
