%YAML:1.0
---
descriptors: !!opencv-matrix
   rows: 240
   cols: 32
   dt: u
   data: [ 176, 74, 71, 31, 66, 202, 164, 228, 116, 26, 114, 243, 98,
       224, 165, 93, 122, 236, 166, 66, 108, 244, 4, 45, 52, 34, 112,
       131, 101, 60, 118, 143, 240, 75, 70, 78, 12, 2, 199, 236, 229,
       128, 242, 66, 98, 97, 61, 119, 120, 228, 110, 234, 104, 167, 77,
       109, 176, 42, 199, 16, 97, 186, 112, 44, 66, 184, 50, 136, 59,
       205, 146, 64, 175, 12, 168, 41, 172, 222, 102, 16, 234, 177, 219,
       193, 6, 11, 146, 213, 145, 144, 10, 59, 16, 6, 39, 95, 118, 9,
       231, 206, 12, 226, 239, 80, 197, 192, 219, 66, 81, 247, 181, 102,
       104, 228, 63, 235, 137, 131, 174, 232, 145, 168, 235, 136, 167,
       251, 116, 96, 95, 72, 244, 247, 37, 156, 92, 152, 123, 218, 52,
       130, 239, 127, 221, 253, 183, 249, 53, 207, 203, 116, 46, 217,
       195, 219, 229, 135, 39, 245, 66, 45, 17, 149, 61, 101, 54, 75,
       167, 32, 236, 104, 186, 104, 215, 60, 132, 35, 130, 118, 76, 98,
       213, 232, 101, 12, 165, 168, 96, 80, 73, 42, 65, 45, 60, 8, 126,
       254, 76, 175, 210, 112, 212, 14, 249, 3, 115, 200, 53, 65, 216,
       184, 135, 99, 200, 163, 90, 189, 83, 171, 96, 25, 117, 251, 120,
       130, 184, 97, 234, 76, 69, 86, 237, 127, 112, 134, 100, 18, 57,
       145, 16, 112, 120, 172, 19, 136, 72, 254, 176, 2, 87, 45, 246, 41,
       99, 176, 254, 170, 8, 52, 187, 225, 211, 237, 113, 87, 62, 107,
       108, 24, 190, 151, 96, 56, 177, 27, 18, 16, 19, 188, 48, 18, 205,
       205, 16, 96, 216, 72, 135, 187, 101, 124, 127, 101, 116, 78, 107,
       50, 120, 236, 126, 8, 215, 53, 131, 48, 22, 124, 102, 104, 161,
       248, 241, 14, 103, 191, 33, 0, 96, 160, 70, 241, 120, 13, 62, 110,
       24, 238, 87, 55, 164, 8, 239, 8, 115, 119, 32, 112, 196, 246, 125,
       106, 120, 171, 105, 63, 251, 239, 32, 81, 114, 226, 230, 43, 16,
       129, 92, 107, 146, 202, 69, 189, 38, 49, 75, 144, 211, 67, 8, 80,
       51, 158, 104, 152, 90, 152, 95, 21, 237, 231, 53, 68, 176, 130,
       132, 34, 69, 239, 215, 190, 252, 40, 110, 184, 254, 145, 9, 196,
       253, 226, 249, 66, 51, 74, 42, 222, 115, 64, 142, 123, 172, 182,
       239, 76, 140, 243, 161, 160, 229, 71, 93, 101, 36, 11, 111, 56,
       100, 168, 118, 104, 211, 33, 145, 51, 26, 196, 108, 110, 233, 176,
       109, 12, 230, 251, 97, 16, 108, 187, 66, 33, 252, 120, 190, 116,
       9, 125, 80, 192, 243, 178, 166, 24, 79, 157, 65, 59, 169, 245,
       252, 114, 44, 103, 154, 128, 211, 219, 85, 63, 227, 121, 78, 2,
       197, 231, 159, 158, 188, 34, 174, 174, 154, 179, 24, 208, 253,
       226, 249, 66, 23, 111, 62, 255, 99, 65, 142, 251, 172, 54, 239,
       172, 156, 243, 129, 41, 241, 205, 79, 109, 148, 2, 111, 229, 100,
       0, 238, 2, 115, 49, 176, 113, 122, 228, 58, 238, 105, 187, 53, 47,
       242, 171, 198, 0, 109, 186, 240, 40, 246, 141, 237, 254, 156, 103,
       207, 239, 83, 162, 184, 26, 114, 121, 20, 1, 217, 223, 53, 163,
       56, 254, 91, 191, 185, 190, 221, 116, 245, 120, 242, 42, 167, 175,
       213, 246, 254, 34, 238, 174, 219, 178, 57, 210, 253, 233, 221, 11,
       151, 103, 119, 47, 177, 236, 142, 255, 44, 62, 239, 236, 205, 243,
       195, 169, 198, 148, 148, 149, 233, 126, 180, 15, 254, 179, 2, 16,
       204, 62, 92, 239, 133, 87, 250, 17, 55, 220, 211, 194, 13, 50,
       223, 71, 138, 116, 141, 150, 9, 201, 44, 235, 52, 143, 75, 180,
       84, 108, 246, 0, 243, 17, 146, 32, 88, 228, 31, 124, 234, 184,
       121, 61, 239, 207, 165, 80, 114, 138, 208, 104, 220, 184, 159,
       246, 169, 236, 17, 214, 175, 155, 162, 93, 254, 247, 96, 91, 165,
       119, 253, 16, 19, 73, 154, 241, 219, 243, 127, 250, 130, 97, 135,
       59, 134, 6, 142, 149, 203, 118, 181, 7, 190, 183, 7, 149, 204, 38,
       78, 79, 167, 71, 234, 145, 52, 212, 163, 194, 77, 50, 94, 71, 128,
       100, 173, 214, 56, 173, 124, 104, 157, 255, 83, 191, 87, 165, 172,
       9, 19, 45, 16, 16, 73, 214, 205, 56, 58, 170, 113, 63, 235, 207,
       133, 117, 243, 200, 214, 42, 163, 173, 138, 157, 225, 32, 108,
       175, 188, 30, 108, 21, 180, 179, 224, 86, 193, 74, 19, 140, 114,
       24, 194, 83, 110, 28, 254, 172, 154, 112, 242, 154, 244, 104, 190,
       116, 77, 13, 85, 212, 243, 190, 164, 25, 90, 153, 69, 27, 169,
       244, 108, 82, 40, 103, 154, 32, 211, 219, 85, 63, 225, 121, 70,
       10, 13, 176, 16, 195, 253, 61, 224, 153, 78, 121, 61, 94, 222, 88,
       90, 174, 187, 11, 94, 57, 19, 112, 249, 213, 141, 157, 59, 116,
       222, 11, 201, 161, 60, 9, 126, 238, 76, 166, 215, 81, 196, 132,
       215, 3, 115, 233, 49, 64, 88, 176, 175, 107, 136, 163, 82, 136,
       81, 233, 226, 9, 127, 235, 120, 130, 69, 53, 152, 99, 240, 46,
       121, 25, 58, 187, 127, 84, 213, 51, 73, 58, 183, 93, 125, 60, 145,
       208, 217, 64, 205, 173, 103, 100, 136, 227, 131, 163, 70, 114,
       145, 144, 168, 45, 17, 222, 171, 251, 144, 253, 134, 150, 205, 30,
       135, 25, 76, 21, 139, 71, 202, 80, 152, 84, 31, 254, 152, 81, 3,
       21, 111, 47, 225, 69, 211, 54, 170, 82, 123, 165, 249, 205, 8,
       174, 215, 158, 60, 238, 192, 156, 150, 210, 244, 234, 30, 28, 137,
       170, 207, 247, 114, 244, 188, 180, 125, 96, 168, 111, 81, 219, 50,
       254, 180, 61, 87, 87, 200, 27, 31, 148, 69, 56, 57, 71, 241, 18,
       219, 203, 101, 245, 224, 224, 134, 115, 164, 143, 215, 222, 252,
       43, 198, 238, 222, 162, 248, 88, 230, 232, 60, 65, 219, 111, 106,
       107, 112, 235, 11, 255, 184, 190, 71, 124, 212, 249, 241, 128, 54,
       190, 183, 191, 250, 47, 182, 255, 55, 171, 248, 251, 118, 253,
       140, 17, 253, 255, 215, 3, 251, 255, 73, 239, 191, 182, 117, 218,
       201, 124, 162, 187, 73, 176, 190, 90, 173, 253, 101, 95, 254, 95,
       165, 24, 190, 244, 74, 59, 201, 18, 234, 24, 187, 107, 242, 81,
       217, 155, 86, 121, 208, 72, 199, 107, 157, 23, 94, 39, 178, 42,
       110, 49, 100, 192, 127, 228, 91, 97, 155, 81, 54, 230, 68, 238,
       245, 176, 13, 12, 236, 169, 101, 196, 109, 243, 235, 17, 34, 133,
       40, 30, 91, 217, 146, 111, 207, 37, 237, 153, 42, 236, 38, 144,
       136, 59, 194, 1, 86, 43, 78, 191, 55, 20, 16, 59, 81, 14, 142,
       222, 2, 190, 144, 184, 249, 169, 176, 71, 158, 29, 88, 57, 172,
       154, 98, 204, 201, 59, 131, 17, 54, 26, 66, 247, 205, 22, 26, 107,
       144, 76, 141, 139, 147, 75, 99, 14, 86, 147, 239, 116, 69, 192,
       83, 230, 121, 204, 181, 228, 126, 232, 22, 239, 197, 177, 45, 236,
       52, 44, 171, 128, 127, 191, 112, 253, 84, 129, 77, 99, 154, 142,
       71, 189, 39, 49, 171, 64, 83, 99, 8, 80, 113, 214, 108, 250, 90,
       152, 73, 53, 237, 167, 165, 84, 49, 131, 192, 34, 90, 48, 116,
       237, 111, 29, 92, 57, 195, 250, 21, 162, 253, 223, 148, 182, 54,
       177, 245, 175, 192, 84, 230, 217, 199, 249, 233, 171, 55, 166, 65,
       113, 244, 74, 78, 94, 76, 14, 231, 236, 244, 166, 242, 78, 114,
       64, 181, 75, 120, 228, 106, 106, 104, 231, 207, 42, 52, 34, 103,
       24, 97, 59, 112, 40, 242, 57, 26, 168, 123, 237, 18, 65, 171, 12,
       168, 41, 174, 158, 32, 16, 234, 185, 207, 65, 10, 11, 146, 223,
       145, 212, 10, 59, 16, 4, 39, 31, 206, 178, 181, 18, 249, 252, 184,
       211, 187, 255, 49, 61, 140, 254, 78, 159, 135, 27, 245, 17, 182,
       110, 186, 226, 15, 86, 95, 239, 194, 69, 135, 215, 186, 35, 227,
       156, 199, 82, 188, 103, 17, 196, 212, 163, 41, 237, 182, 135, 126,
       255, 183, 231, 76, 219, 134, 200, 50, 96, 206, 139, 103, 236, 190,
       252, 68, 188, 153, 249, 216, 237, 49, 210, 62, 59, 104, 24, 150,
       183, 64, 88, 129, 59, 98, 16, 19, 58, 210, 83, 205, 151, 17, 110,
       144, 65, 7, 162, 92, 184, 151, 250, 139, 228, 17, 223, 175, 217,
       142, 8, 190, 247, 96, 251, 165, 119, 253, 16, 19, 75, 155, 241,
       219, 243, 95, 122, 138, 66, 167, 59, 45, 141, 99, 67, 244, 95,
       239, 249, 125, 64, 123, 66, 89, 85, 189, 164, 122, 218, 22, 250,
       219, 176, 125, 202, 39, 140, 166, 68, 247, 218, 114, 172, 57, 249,
       58, 106, 125, 157, 82, 93, 239, 41, 252, 76, 62, 219, 76, 176,
