%YAML:1.0
---
descriptors: !!opencv-matrix
   rows: 245
   cols: 32
   dt: u
   data: [ 41, 185, 115, 65, 116, 223, 227, 17, 105, 44, 126, 8, 155, 21,
       148, 52, 26, 156, 70, 120, 219, 184, 241, 79, 47, 221, 32, 64, 67,
       138, 70, 189, 33, 149, 147, 212, 116, 166, 162, 115, 220, 128,
       219, 66, 244, 241, 188, 228, 120, 110, 51, 9, 209, 187, 144, 237,
       1, 62, 202, 2, 12, 234, 113, 169, 66, 60, 158, 156, 11, 253, 48,
       67, 251, 219, 172, 56, 174, 182, 70, 191, 161, 51, 234, 17, 23,
       79, 178, 240, 153, 82, 90, 123, 200, 64, 15, 31, 134, 220, 18,
       218, 189, 253, 182, 238, 223, 23, 136, 17, 236, 250, 101, 205,
       243, 115, 235, 2, 54, 5, 154, 255, 191, 54, 95, 59, 144, 93, 137,
       6, 198, 60, 178, 218, 189, 180, 158, 239, 255, 31, 233, 17, 204,
       250, 44, 221, 217, 123, 219, 35, 54, 79, 218, 255, 185, 182, 223,
       127, 144, 117, 239, 134, 189, 91, 93, 168, 60, 131, 67, 248, 86,
       232, 176, 238, 83, 197, 161, 97, 92, 144, 14, 126, 235, 35, 111,
       156, 248, 137, 165, 252, 61, 169, 112, 113, 223, 8, 132, 191, 169,
       114, 75, 152, 22, 211, 199, 147, 221, 118, 43, 235, 65, 199, 191,
       142, 188, 84, 111, 242, 204, 231, 255, 133, 186, 255, 56, 84, 32,
       128, 104, 235, 124, 131, 200, 235, 86, 53, 241, 18, 147, 9, 60,
       65, 217, 138, 23, 185, 58, 62, 73, 149, 220, 141, 178, 117, 21,
       10, 244, 130, 50, 238, 106, 248, 118, 163, 203, 234, 21, 22, 208,
       162, 33, 11, 180, 97, 107, 139, 23, 235, 106, 31, 12, 253, 240,
       138, 186, 165, 53, 153, 116, 40, 207, 73, 140, 183, 172, 100, 79,
       152, 154, 251, 147, 151, 221, 231, 91, 75, 215, 71, 61, 215, 63,
       68, 203, 224, 204, 227, 239, 244, 156, 255, 152, 16, 234, 174,
       128, 186, 233, 229, 158, 235, 155, 190, 185, 153, 236, 238, 79,
       155, 141, 251, 251, 131, 118, 71, 202, 255, 191, 83, 207, 187, 17,
       84, 143, 214, 57, 237, 98, 75, 118, 179, 234, 238, 70, 97, 248,
       198, 123, 120, 190, 160, 126, 202, 22, 253, 143, 186, 109, 191,
       62, 77, 167, 196, 255, 222, 250, 140, 129, 206, 30, 153, 252, 175,
       224, 194, 94, 58, 214, 86, 228, 130, 163, 77, 105, 174, 106, 12,
       38, 191, 65, 247, 148, 62, 147, 16, 152, 88, 57, 140, 177, 67, 66,
       140, 164, 2, 204, 127, 68, 2, 210, 246, 83, 32, 184, 97, 122, 132,
       54, 173, 205, 191, 5, 136, 176, 40, 246, 132, 61, 248, 240, 12,
       206, 230, 151, 156, 57, 135, 47, 184, 190, 170, 68, 105, 236, 231,
       237, 214, 21, 124, 235, 234, 226, 69, 138, 223, 40, 118, 173, 190,
       18, 54, 7, 161, 87, 149, 175, 192, 148, 102, 175, 151, 224, 239,
       159, 18, 208, 55, 190, 110, 121, 214, 60, 185, 185, 225, 185, 198,
       121, 46, 191, 196, 133, 115, 245, 103, 207, 107, 173, 179, 164,
       60, 125, 148, 153, 223, 23, 245, 205, 111, 219, 75, 199, 71, 189,
       95, 213, 212, 239, 224, 206, 123, 254, 192, 134, 215, 145, 113,
       193, 186, 169, 241, 44, 173, 57, 150, 186, 255, 130, 93, 150, 140,
       87, 58, 133, 71, 125, 29, 163, 77, 243, 2, 205, 159, 255, 124,
       136, 88, 87, 123, 92, 212, 238, 230, 5, 86, 126, 248, 176, 142,
       223, 3, 91, 251, 57, 211, 120, 212, 253, 235, 232, 211, 153, 142,
       243, 239, 231, 133, 39, 247, 124, 2, 35, 143, 108, 207, 244, 115,
       255, 119, 93, 238, 29, 183, 105, 44, 182, 32, 223, 35, 23, 173,
       244, 188, 109, 238, 110, 94, 191, 131, 93, 238, 217, 223, 172, 19,
       254, 124, 228, 126, 84, 89, 213, 142, 119, 51, 83, 249, 43, 155,
       88, 164, 166, 42, 252, 246, 2, 136, 71, 235, 97, 1, 243, 248, 252,
       195, 27, 159, 233, 167, 182, 50, 159, 55, 20, 238, 159, 183, 233,
       44, 182, 64, 223, 119, 189, 133, 188, 137, 109, 238, 234, 103,
       191, 147, 141, 238, 181, 93, 36, 204, 71, 219, 197, 193, 102, 232,
       85, 19, 66, 18, 97, 99, 57, 77, 89, 194, 34, 122, 106, 144, 79,
       183, 47, 238, 199, 69, 182, 219, 240, 40, 65, 140, 31, 190, 160,
       236, 113, 39, 188, 27, 106, 17, 246, 179, 32, 83, 161, 39, 109,
       12, 48, 137, 19, 103, 201, 166, 114, 64, 200, 64, 161, 26, 27, 86,
       250, 141, 51, 242, 123, 26, 125, 204, 94, 166, 239, 198, 191, 100,
       119, 104, 174, 188, 143, 144, 39, 207, 194, 253, 2, 131, 182, 215,
       45, 117, 50, 172, 82, 232, 213, 157, 250, 70, 127, 33, 248, 10,
       42, 152, 116, 128, 249, 171, 135, 193, 26, 59, 192, 243, 53, 156,
       154, 107, 117, 10, 254, 142, 155, 97, 76, 105, 13, 31, 80, 93,
       101, 96, 214, 3, 11, 137, 22, 100, 248, 140, 254, 236, 204, 176,
       213, 148, 246, 249, 128, 3, 127, 158, 88, 142, 125, 216, 220, 110,
       10, 23, 71, 216, 199, 178, 173, 12, 83, 241, 233, 242, 93, 196,
       236, 110, 201, 3, 95, 48, 242, 207, 101, 60, 123, 251, 72, 0, 48,
       141, 10, 254, 84, 199, 231, 247, 212, 0, 222, 2, 115, 251, 48, 64,
       121, 234, 19, 200, 42, 187, 56, 255, 241, 175, 130, 9, 53, 154,
       116, 170, 196, 143, 171, 255, 220, 45, 127, 238, 20, 162, 218, 90,
       241, 255, 57, 96, 121, 234, 127, 235, 248, 186, 77, 255, 253, 207,
       175, 169, 181, 251, 181, 170, 95, 247, 222, 76, 187, 50, 31, 184,
       187, 236, 190, 165, 202, 230, 207, 246, 151, 116, 236, 110, 236,
       193, 175, 223, 170, 255, 39, 151, 6, 247, 111, 85, 184, 124, 126,
       101, 82, 79, 123, 246, 116, 64, 118, 2, 19, 21, 49, 49, 46, 252,
       23, 104, 224, 188, 49, 47, 119, 233, 32, 0, 99, 177, 102, 251, 58,
       34, 98, 200, 127, 83, 235, 105, 53, 196, 245, 171, 105, 207, 191,
       213, 126, 185, 135, 163, 72, 179, 228, 221, 86, 80, 139, 171, 119,
       174, 118, 245, 21, 5, 127, 173, 182, 2, 239, 248, 86, 128, 251,
       66, 213, 234, 185, 96, 122, 73, 38, 235, 236, 178, 47, 95, 244,
       239, 175, 4, 117, 178, 101, 160, 130, 186, 49, 219, 124, 197, 185,
       219, 31, 25, 85, 112, 188, 223, 236, 108, 221, 27, 23, 17, 147,
       92, 106, 243, 78, 222, 186, 238, 146, 136, 181, 169, 135, 237,
       230, 11, 223, 59, 166, 236, 92, 226, 218, 95, 192, 248, 159, 161,
       249, 207, 122, 247, 245, 242, 221, 238, 62, 30, 143, 71, 205, 127,
       249, 132, 58, 110, 234, 172, 213, 139, 207, 71, 22, 198, 220, 135,
       33, 200, 55, 0, 91, 234, 131, 13, 206, 191, 68, 154, 112, 5, 159,
       57, 245, 254, 252, 204, 92, 157, 238, 194, 148, 118, 183, 183, 96,
       189, 159, 34, 80, 63, 252, 98, 121, 214, 189, 250, 152, 249, 189,
       236, 123, 47, 167, 197, 167, 243, 244, 51, 172, 253, 119, 71, 212,
       79, 231, 252, 117, 230, 110, 8, 211, 245, 12, 52, 121, 222, 106,
       106, 249, 180, 253, 62, 111, 238, 69, 36, 99, 250, 198, 248, 41,
       121, 58, 119, 112, 204, 117, 55, 233, 76, 126, 8, 191, 23, 2, 48,
       132, 58, 85, 8, 192, 188, 176, 47, 231, 253, 48, 0, 64, 144, 71,
       235, 88, 121, 51, 238, 59, 201, 179, 200, 175, 168, 176, 40, 254,
       223, 97, 114, 174, 241, 127, 64, 75, 43, 187, 241, 217, 212, 43,
       59, 64, 35, 39, 59, 75, 148, 61, 223, 179, 222, 55, 61, 29, 95,
       111, 16, 252, 118, 46, 245, 247, 19, 186, 34, 117, 156, 57, 255,
       175, 255, 90, 71, 18, 14, 165, 127, 90, 153, 148, 185, 155, 237,
       16, 175, 142, 57, 136, 37, 190, 158, 32, 192, 199, 19, 255, 1, 18,
       9, 83, 213, 137, 215, 26, 123, 24, 12, 141, 27, 109, 249, 19, 238,
       125, 205, 99, 88, 239, 232, 177, 72, 158, 211, 96, 246, 248, 172,
       126, 90, 73, 35, 250, 208, 151, 252, 3, 122, 18, 42, 66, 163, 3,
       151, 110, 135, 140, 31, 191, 57, 204, 212, 155, 7, 248, 124, 62,
       35, 238, 99, 59, 103, 244, 225, 63, 237, 103, 27, 207, 18, 93,
       127, 213, 222, 25, 12, 107, 255, 150, 166, 110, 119, 116, 66, 222,
       66, 121, 243, 176, 96, 126, 255, 31, 169, 233, 153, 52, 239, 177,
       239, 170, 128, 61, 242, 33, 168, 2, 184, 150, 152, 203, 233, 176,
       71, 175, 23, 40, 51, 172, 190, 100, 74, 227, 59, 235, 17, 18, 75,
       146, 241, 157, 16, 94, 107, 144, 72, 165, 154, 53, 199, 239, 79,
       208, 78, 103, 253, 116, 166, 127, 4, 83, 101, 184, 49, 89, 206, 2,
       238, 249, 242, 121, 46, 127, 239, 229, 4, 97, 250, 246, 232, 208,
