%YAML:1.0
---
descriptors: !!opencv-matrix
   rows: 241
   cols: 32
   dt: u
   data: [ 246, 106, 138, 190, 26, 115, 154, 200, 22, 226, 211, 187, 65,
       236, 43, 136, 125, 253, 237, 227, 44, 199, 143, 62, 216, 231, 237,
       157, 181, 127, 47, 2, 252, 55, 254, 228, 240, 98, 95, 17, 49, 140,
       255, 49, 95, 55, 75, 90, 118, 212, 133, 58, 56, 211, 129, 74, 251,
       239, 167, 197, 162, 227, 230, 99, 222, 52, 158, 48, 171, 188, 80,
       67, 187, 251, 180, 189, 143, 219, 66, 155, 167, 183, 237, 149, 63,
       71, 146, 66, 218, 195, 121, 255, 232, 101, 139, 18, 97, 160, 197,
       153, 124, 139, 224, 104, 239, 177, 242, 200, 243, 233, 212, 18,
       203, 236, 110, 29, 26, 250, 207, 93, 156, 186, 71, 116, 197, 136,
       82, 128, 219, 112, 245, 229, 54, 86, 121, 28, 123, 233, 118, 179,
       93, 31, 156, 122, 182, 149, 245, 237, 141, 244, 165, 204, 203,
       251, 235, 198, 39, 164, 98, 125, 44, 117, 88, 101, 40, 95, 86, 48,
       53, 172, 255, 8, 223, 31, 3, 48, 156, 220, 213, 98, 76, 178, 113,
       30, 231, 221, 33, 53, 106, 187, 78, 147, 220, 176, 189, 58, 139,
       237, 81, 217, 171, 31, 165, 29, 126, 255, 74, 26, 165, 211, 253,
       16, 26, 71, 186, 211, 217, 215, 77, 127, 98, 71, 166, 115, 21,
       188, 173, 247, 140, 108, 85, 191, 228, 214, 142, 21, 215, 125, 91,
       43, 201, 195, 125, 63, 121, 103, 251, 34, 233, 203, 247, 92, 200,
       120, 244, 114, 63, 95, 107, 206, 244, 146, 239, 240, 213, 200,
       223, 102, 113, 233, 181, 100, 120, 238, 55, 239, 233, 179, 44,
       238, 114, 111, 167, 136, 111, 251, 112, 229, 100, 56, 241, 71,
       210, 78, 111, 152, 115, 234, 53, 72, 82, 23, 197, 54, 29, 220, 84,
       122, 201, 118, 248, 106, 127, 140, 37, 36, 227, 243, 70, 249, 11,
       207, 10, 189, 18, 130, 58, 246, 60, 65, 74, 231, 189, 138, 51, 64,
       118, 107, 147, 197, 231, 152, 7, 255, 228, 103, 186, 128, 28, 20,
       57, 89, 10, 166, 244, 248, 237, 241, 248, 59, 219, 214, 17, 243,
       173, 239, 246, 167, 191, 187, 255, 145, 182, 109, 142, 223, 14,
       94, 223, 239, 150, 228, 5, 205, 218, 93, 54, 188, 107, 240, 190,
       98, 173, 132, 222, 163, 44, 254, 39, 68, 166, 123, 191, 195, 100,
       139, 178, 235, 179, 112, 10, 139, 6, 117, 37, 223, 65, 145, 191,
       71, 229, 217, 245, 165, 234, 113, 43, 40, 246, 188, 92, 186, 161,
       86, 120, 81, 23, 121, 171, 113, 79, 59, 84, 119, 192, 10, 215,
       111, 65, 137, 207, 223, 236, 12, 108, 151, 102, 49, 250, 66, 243,
       51, 144, 234, 104, 230, 126, 152, 155, 216, 195, 225, 156, 174,
       246, 64, 169, 250, 240, 40, 167, 76, 98, 88, 85, 215, 227, 96, 93,
       196, 116, 2, 72, 200, 183, 100, 88, 168, 146, 127, 228, 182, 52,
       254, 55, 62, 130, 75, 87, 189, 112, 228, 142, 91, 102, 154, 239,
       176, 190, 98, 173, 196, 222, 135, 104, 238, 55, 197, 238, 235,
       179, 199, 196, 131, 22, 232, 50, 113, 202, 139, 15, 127, 61, 214,
       62, 218, 165, 138, 25, 245, 89, 220, 135, 93, 180, 167, 8, 158,
       119, 206, 205, 153, 159, 213, 142, 7, 122, 240, 219, 85, 158, 255,
       147, 31, 124, 223, 67, 233, 91, 226, 56, 140, 106, 180, 175, 89,
       154, 192, 189, 198, 216, 114, 38, 231, 127, 222, 195, 9, 254, 225,
       252, 249, 175, 200, 12, 131, 35, 57, 216, 56, 188, 119, 169, 108,
       17, 150, 171, 255, 174, 57, 190, 63, 67, 26, 133, 87, 237, 0, 12,
       77, 251, 99, 203, 215, 113, 55, 192, 81, 15, 91, 45, 245, 241, 65,
       116, 31, 227, 152, 107, 233, 121, 76, 91, 48, 220, 180, 26, 204,
       22, 110, 145, 178, 236, 218, 38, 28, 33, 100, 239, 251, 82, 165,
       69, 56, 121, 96, 96, 108, 107, 50, 97, 172, 126, 104, 215, 23,
       193, 112, 22, 220, 54, 26, 193, 48, 177, 64, 223, 189, 33, 132,
       224, 163, 70, 113, 19, 206, 107, 251, 214, 163, 235, 247, 119, 67,
       222, 230, 113, 203, 180, 96, 127, 170, 22, 156, 187, 190, 37, 255,
       126, 174, 186, 192, 189, 202, 241, 169, 142, 156, 212, 147, 215,
       188, 254, 231, 191, 31, 254, 19, 232, 126, 94, 207, 239, 251, 191,
       151, 54, 254, 201, 243, 63, 62, 222, 195, 135, 93, 249, 159, 37,
       52, 81, 71, 114, 127, 226, 48, 105, 234, 123, 108, 114, 118, 141,
       182, 28, 254, 100, 106, 161, 242, 253, 46, 7, 254, 97, 50, 203,
       243, 66, 181, 211, 120, 51, 184, 43, 204, 81, 48, 237, 72, 128,
       28, 190, 158, 2, 112, 166, 161, 93, 1, 143, 79, 178, 213, 145,
       248, 2, 74, 8, 4, 35, 119, 64, 156, 148, 186, 175, 253, 20, 135,
       239, 95, 176, 45, 174, 248, 76, 155, 135, 243, 238, 17, 22, 107,
       74, 177, 155, 211, 84, 123, 216, 92, 143, 31, 130, 218, 182, 221,
       35, 192, 184, 230, 158, 7, 80, 163, 172, 222, 37, 72, 230, 123,
       179, 193, 70, 156, 18, 255, 7, 54, 218, 139, 20, 20, 37, 223, 204,
       57, 158, 62, 169, 252, 20, 3, 190, 31, 167, 25, 238, 247, 67, 154,
       133, 115, 232, 16, 54, 77, 218, 66, 203, 243, 85, 123, 194, 96,
       143, 82, 98, 189, 133, 190, 169, 228, 20, 167, 158, 223, 200, 125,
       230, 242, 96, 75, 201, 115, 105, 17, 63, 75, 218, 33, 185, 182,
       254, 90, 152, 89, 179, 27, 183, 102, 198, 135, 94, 3, 134, 232,
       83, 226, 144, 239, 98, 104, 159, 4, 89, 236, 113, 239, 237, 247,
       205, 190, 56, 46, 205, 180, 45, 191, 122, 156, 41, 37, 217, 101,
       52, 123, 69, 59, 117, 230, 238, 140, 195, 97, 131, 20, 91, 140,
       72, 40, 61, 184, 245, 14, 238, 255, 5, 21, 227, 232, 70, 252, 220,
       45, 222, 236, 249, 62, 91, 18, 177, 142, 238, 21, 95, 231, 35,
       223, 246, 245, 173, 58, 56, 195, 144, 138, 219, 247, 164, 65, 162,
       229, 46, 83, 252, 45, 214, 124, 249, 62, 94, 18, 177, 134, 239,
       13, 107, 231, 3, 219, 100, 244, 237, 114, 60, 67, 210, 138, 211,
       253, 4, 27, 162, 229, 110, 82, 193, 184, 191, 245, 12, 76, 241,
       50, 234, 232, 166, 28, 246, 157, 64, 98, 128, 118, 124, 24, 131,
       109, 243, 32, 207, 185, 55, 56, 72, 8, 67, 123, 34, 161, 144, 154,
       125, 217, 144, 204, 143, 53, 177, 27, 206, 220, 110, 128, 217, 27,
       235, 97, 6, 99, 74, 213, 159, 148, 27, 127, 80, 14, 135, 206, 37,
       53, 241, 71, 240, 126, 239, 24, 115, 234, 57, 72, 251, 85, 205,
       182, 28, 252, 84, 122, 193, 242, 249, 104, 15, 156, 37, 48, 67,
       243, 66, 245, 235, 182, 244, 216, 237, 181, 152, 87, 219, 125,
       157, 189, 140, 189, 222, 190, 143, 31, 255, 21, 150, 111, 226,
       208, 14, 91, 216, 255, 198, 204, 159, 215, 124, 117, 120, 111, 80,
       79, 127, 56, 49, 4, 239, 8, 211, 87, 10, 48, 88, 220, 89, 106, 72,
       176, 249, 12, 231, 237, 1, 20, 96, 179, 70, 98, 65, 24, 123, 91,
       48, 222, 34, 18, 126, 72, 230, 96, 178, 146, 229, 240, 64, 44, 42,
       88, 195, 168, 245, 50, 7, 173, 50, 65, 88, 129, 104, 45, 91, 147,
       240, 101, 37, 94, 121, 24, 99, 108, 54, 173, 91, 156, 215, 252,
       182, 157, 181, 109, 133, 48, 165, 208, 67, 253, 33, 167, 119, 164,
       79, 117, 124, 180, 185, 120, 169, 237, 89, 202, 187, 183, 164, 24,
       63, 247, 72, 26, 129, 211, 125, 16, 58, 67, 250, 17, 219, 219, 69,
       127, 242, 97, 166, 98, 116, 180, 189, 247, 140, 108, 85, 186, 210,
       243, 166, 24, 215, 117, 72, 59, 201, 214, 125, 56, 57, 105, 251,
       35, 203, 207, 117, 92, 224, 104, 214, 114, 120, 188, 110, 126,
       156, 237, 81, 87, 162, 85, 172, 13, 59, 189, 18, 27, 9, 182, 253,
       0, 26, 107, 242, 33, 211, 235, 112, 89, 226, 192, 222, 90, 130,
       201, 6, 158, 73, 132, 188, 230, 159, 17, 200, 3, 172, 142, 52, 65,
       200, 59, 59, 129, 70, 11, 18, 245, 37, 50, 218, 11, 16, 16, 161,
       142, 130, 93, 54, 156, 75, 132, 190, 70, 189, 130, 194, 131, 172,
       254, 37, 65, 230, 123, 187, 195, 68, 143, 18, 235, 179, 48, 202,
       11, 20, 53, 37, 158, 196, 156, 191, 211, 188, 230, 175, 247, 190,
       127, 219, 18, 244, 247, 104, 71, 103, 87, 123, 155, 115, 221, 187,
       99, 253, 166, 255, 196, 128, 88, 165, 123, 10, 205, 2, 153, 149,
       215, 182, 167, 30, 69, 90, 19, 172, 60, 58, 192, 217, 11, 147, 33,
       118, 184, 89, 255, 45, 22, 158, 67, 20, 28, 189, 206, 134, 93, 34,
