%YAML:1.0
---
descriptors: !!opencv-matrix
   rows: 189
   cols: 32
   dt: u
   data: [ 248, 252, 25, 248, 75, 205, 85, 199, 51, 114, 164, 24, 63,
       159, 64, 48, 137, 185, 229, 2, 74, 15, 250, 51, 243, 197, 20, 123,
       114, 16, 134, 186, 218, 176, 189, 250, 169, 253, 17, 207, 191, 63,
       165, 25, 174, 254, 110, 59, 131, 147, 249, 16, 50, 111, 250, 243,
       219, 211, 90, 127, 144, 64, 135, 51, 222, 93, 246, 244, 243, 246,
       183, 211, 185, 254, 254, 163, 28, 191, 39, 127, 231, 247, 151, 67,
       176, 251, 48, 236, 243, 251, 111, 131, 175, 117, 173, 115, 150,
       93, 62, 188, 99, 244, 190, 98, 173, 196, 222, 163, 44, 190, 39,
       64, 230, 123, 191, 195, 68, 139, 178, 238, 243, 112, 10, 139, 4,
       117, 45, 223, 2, 201, 22, 157, 83, 196, 188, 230, 188, 0, 66, 131,
       172, 238, 37, 65, 238, 123, 187, 193, 70, 201, 18, 237, 45, 50,
       218, 11, 16, 5, 45, 154, 252, 55, 218, 236, 176, 34, 95, 17, 49,
       134, 239, 165, 95, 103, 35, 90, 118, 253, 141, 190, 56, 215, 128,
       10, 243, 239, 166, 129, 162, 243, 110, 115, 2, 149, 48, 139, 213,
       215, 190, 175, 15, 69, 78, 3, 236, 124, 62, 68, 217, 27, 147, 161,
       118, 184, 121, 255, 47, 54, 142, 71, 22, 14, 189, 222, 60, 95,
       122, 238, 244, 147, 239, 252, 85, 136, 254, 102, 115, 233, 181,
       96, 124, 232, 23, 234, 200, 179, 44, 191, 114, 239, 167, 128, 119,
       187, 120, 161, 61, 77, 107, 222, 244, 146, 207, 240, 213, 192,
       252, 34, 115, 233, 181, 96, 122, 234, 22, 234, 233, 171, 46, 175,
       114, 239, 167, 136, 119, 251, 112, 225, 45, 237, 105, 238, 222, 9,
       231, 252, 198, 226, 189, 206, 211, 225, 249, 98, 121, 202, 30,
       238, 241, 35, 238, 187, 254, 205, 167, 44, 189, 251, 240, 160,
       236, 121, 241, 70, 104, 102, 79, 220, 51, 238, 45, 104, 91, 55,
       193, 62, 54, 220, 117, 122, 201, 82, 249, 106, 95, 252, 37, 172,
       98, 243, 102, 121, 42, 137, 144, 158, 125, 221, 146, 238, 159, 29,
       228, 11, 174, 254, 110, 196, 201, 123, 203, 65, 6, 43, 90, 247,
       159, 86, 26, 59, 82, 13, 13, 206, 48, 36, 139, 152, 148, 162, 227,
       70, 212, 131, 218, 18, 17, 195, 33, 72, 89, 172, 10, 184, 8, 183,
       64, 138, 153, 166, 150, 4, 164, 249, 48, 168, 6, 95, 102, 154,
       239, 182, 190, 98, 141, 196, 222, 135, 104, 238, 55, 196, 238,
       169, 179, 199, 196, 131, 22, 236, 50, 112, 202, 139, 15, 127, 61,
       214, 122, 197, 121, 234, 143, 113, 93, 238, 31, 119, 188, 10, 42,
       189, 125, 117, 235, 219, 151, 193, 110, 43, 170, 243, 243, 253,
       212, 63, 247, 92, 100, 106, 126, 159, 226, 254, 189, 242, 94, 191,
       55, 206, 254, 177, 107, 255, 183, 244, 223, 255, 181, 143, 254,
       218, 111, 255, 234, 255, 215, 139, 183, 244, 254, 95, 162, 237,
       40, 90, 93, 221, 178, 238, 223, 1, 96, 10, 168, 252, 54, 32, 201,
       123, 147, 193, 38, 58, 58, 255, 63, 30, 154, 43, 81, 28, 93, 206,
       155, 29, 198, 132, 215, 18, 188, 119, 173, 224, 94, 231, 8, 46,
       183, 166, 110, 165, 183, 173, 229, 157, 21, 206, 62, 120, 142,
       131, 175, 228, 185, 221, 220, 237, 220, 183, 154, 75, 102, 172,
       54, 166, 98, 152, 247, 99, 9, 209, 51, 246, 104, 98, 120, 212,
       223, 63, 188, 167, 69, 85, 160, 115, 138, 0, 34, 161, 160, 154,
       221, 237, 144, 79, 223, 21, 137, 27, 140, 184, 92, 140, 201, 27,
       211, 17, 22, 106, 90, 209, 15, 86, 159, 127, 146, 76, 221, 134,
       189, 189, 96, 227, 245, 22, 254, 248, 113, 204, 244, 163, 59, 127,
       147, 241, 126, 219, 151, 254, 252, 250, 124, 172, 239, 217, 166,
       233, 247, 175, 250, 219, 253, 166, 206, 69, 212, 62, 78, 251, 87,
       226, 222, 206, 83, 104, 159, 245, 125, 204, 118, 173, 253, 246,
       237, 159, 62, 111, 229, 148, 239, 252, 120, 28, 200, 153, 188,
       251, 173, 236, 117, 183, 255, 59, 166, 16, 190, 189, 96, 123, 193,
       118, 123, 24, 114, 105, 251, 177, 239, 251, 86, 90, 210, 88, 193,
       42, 143, 89, 110, 207, 54, 86, 255, 180, 29, 76, 86, 166, 253, 95,
       179, 229, 118, 117, 159, 239, 225, 144, 61, 236, 103, 121, 174,
       128, 54, 191, 53, 249, 186, 158, 240, 253, 189, 187, 92, 191, 95,
       127, 124, 191, 175, 253, 182, 229, 215, 251, 191, 5, 254, 124,
       111, 191, 238, 255, 213, 183, 182, 220, 220, 95, 60, 156, 82, 142,
       117, 79, 254, 233, 29, 2, 241, 10, 78, 125, 45, 209, 255, 213,
       142, 163, 104, 163, 88, 206, 245, 191, 202, 23, 23, 126, 112, 130,
       205, 248, 191, 127, 9, 253, 121, 222, 255, 219, 164, 16, 252, 255,
       93, 123, 161, 123, 123, 158, 163, 69, 187, 241, 207, 251, 223, 44,
       130, 117, 103, 250, 31, 157, 246, 117, 183, 246, 127, 255, 119,
       207, 254, 179, 107, 253, 190, 244, 255, 255, 181, 172, 252, 250,
       45, 207, 251, 255, 5, 199, 231, 244, 238, 247, 253, 239, 220, 103,
       156, 123, 71, 184, 115, 230, 239, 8, 195, 97, 11, 20, 89, 206,
       104, 122, 124, 178, 233, 62, 238, 207, 5, 53, 99, 251, 222, 64,
       124, 245, 105, 42, 216, 75, 87, 232, 67, 230, 169, 137, 83, 124,
       95, 18, 153, 212, 105, 119, 92, 99, 251, 62, 123, 6, 133, 127,
       117, 63, 214, 82, 138, 218, 54, 159, 59, 208, 188, 230, 63, 13,
       86, 167, 172, 222, 38, 196, 230, 123, 179, 193, 70, 156, 50, 255,
       39, 115, 218, 139, 22, 20, 45, 223, 155, 220, 62, 188, 45, 151,
       156, 102, 220, 74, 208, 23, 189, 156, 54, 161, 238, 51, 215, 133,
       237, 173, 18, 255, 179, 223, 250, 147, 93, 12, 57, 219, 183, 98,
       102, 45, 15, 27, 238, 232, 52, 166, 210, 199, 67, 72, 151, 203,
       120, 204, 123, 239, 236, 246, 205, 136, 148, 106, 203, 144, 109,
       63, 122, 212, 155, 92, 54, 190, 45, 213, 156, 102, 157, 74, 208,
       19, 175, 254, 51, 160, 238, 51, 191, 129, 45, 143, 18, 255, 147,
       215, 218, 155, 21, 12, 45, 79, 220, 37, 222, 236, 177, 54, 95, 51,
       49, 142, 255, 21, 95, 167, 35, 211, 118, 245, 141, 60, 56, 211,
       144, 142, 219, 255, 166, 129, 162, 229, 110, 19, 32, 219, 123,
       109, 116, 206, 111, 52, 37, 108, 126, 100, 215, 87, 144, 112, 126,
       252, 23, 110, 201, 176, 113, 12, 247, 173, 36, 128, 96, 186, 70,
       249, 181, 230, 225, 70, 222, 83, 198, 248, 83, 226, 248, 238, 83,
       236, 221, 160, 57, 204, 70, 239, 237, 119, 237, 62, 56, 14, 165,
       60, 125, 251, 90, 228, 162, 161, 48, 186, 125, 217, 144, 204, 143,
       29, 161, 11, 238, 220, 110, 148, 216, 27, 203, 65, 6, 35, 74, 245,
       159, 208, 11, 127, 82, 14, 141, 206, 219, 116, 116, 99, 35, 118,
       121, 24, 109, 122, 215, 177, 233, 31, 159, 255, 167, 213, 253,
       239, 175, 212, 245, 224, 199, 249, 218, 130, 39, 215, 69, 127,
       171, 179, 244, 248, 255, 243, 216, 31, 219, 125, 157, 191, 141,
       158, 222, 173, 143, 159, 255, 149, 182, 106, 230, 212, 142, 91,
       155, 251, 214, 196, 143, 215, 190, 16, 214, 172, 117, 95, 254,
       105, 29, 138, 247, 10, 78, 125, 46, 199, 250, 213, 223, 163, 40,
       167, 89, 206, 183, 255, 203, 23, 23, 46, 124, 134, 31, 92, 98,
       207, 39, 214, 254, 240, 141, 206, 94, 163, 109, 223, 183, 100,
       246, 245, 183, 239, 196, 149, 60, 236, 119, 127, 202, 131, 55,
       191, 61, 127, 134, 77, 98, 156, 205, 148, 188, 103, 141, 198, 202,
       135, 40, 238, 55, 65, 236, 171, 179, 197, 196, 139, 22, 202, 51,
       48, 206, 11, 31, 124, 61, 222, 109, 31, 232, 229, 254, 63, 223,
       186, 9, 236, 188, 239, 219, 61, 211, 35, 14, 85, 215, 110, 157,
       34, 245, 136, 238, 221, 37, 188, 255, 253, 92, 241, 255, 151, 101,
       103, 100, 71, 207, 185, 17, 126, 149, 254, 88, 127, 154, 55, 29,
       213, 245, 239, 249, 210, 237, 221, 108, 107, 233, 228, 111, 167,
       246, 241, 130, 93, 54, 158, 203, 228, 190, 98, 173, 130, 202, 131,
       172, 254, 37, 65, 230, 251, 187, 195, 68, 143, 146, 234, 49, 48,
       202, 11, 20, 117, 37, 218, 27, 172, 240, 243, 181, 185, 124, 183,
       255, 119, 254, 159, 239, 239, 94, 148, 191, 251, 255, 149, 190,
       252, 110, 247, 174, 223, 95, 243, 247, 204, 201, 95, 60, 213, 116,
       231, 245, 30, 250, 252, 65, 244, 253, 135, 251, 61, 27, 179, 95,
