%YAML:1.0
---
descriptors: !!opencv-matrix
   rows: 209
   cols: 32
   dt: u
   data: [ 87, 22, 227, 133, 54, 18, 175, 17, 124, 226, 83, 230, 89, 46,
       189, 239, 118, 205, 62, 191, 245, 212, 165, 200, 52, 40, 239, 132,
       45, 247, 177, 117, 80, 187, 155, 186, 170, 140, 28, 199, 170, 25,
       136, 221, 191, 230, 64, 82, 167, 251, 108, 85, 86, 75, 154, 113,
       248, 225, 62, 120, 136, 80, 163, 91, 71, 95, 235, 158, 214, 246,
       239, 231, 253, 79, 91, 183, 232, 236, 183, 233, 227, 111, 187,
       135, 245, 201, 182, 234, 36, 62, 222, 138, 173, 117, 249, 220, 90,
       161, 170, 218, 137, 221, 153, 79, 175, 93, 189, 25, 174, 206, 126,
       52, 205, 187, 255, 17, 94, 11, 242, 209, 219, 213, 30, 123, 144,
       14, 143, 222, 88, 179, 154, 176, 187, 172, 88, 87, 162, 61, 172,
       189, 15, 167, 66, 210, 167, 159, 237, 148, 30, 75, 146, 17, 250,
       229, 60, 253, 168, 132, 171, 27, 143, 222, 227, 95, 244, 62, 111,
       190, 127, 234, 127, 244, 251, 239, 245, 245, 119, 126, 63, 46,
       225, 252, 239, 254, 110, 255, 247, 132, 254, 252, 208, 253, 120,
       182, 216, 112, 170, 233, 81, 159, 162, 63, 172, 57, 23, 183, 74,
       26, 35, 146, 237, 16, 26, 107, 202, 19, 219, 193, 53, 125, 224,
       192, 198, 43, 72, 160, 249, 229, 112, 202, 105, 59, 43, 233, 118,
       96, 159, 131, 192, 112, 6, 60, 117, 140, 67, 216, 227, 77, 206,
       217, 51, 228, 66, 128, 71, 169, 222, 199, 68, 190, 170, 2, 15,
       189, 180, 30, 195, 225, 97, 103, 169, 91, 86, 215, 237, 227, 104,
       65, 203, 61, 240, 162, 239, 156, 52, 243, 164, 9, 116, 14, 134,
       167, 61, 43, 66, 0, 36, 172, 251, 77, 198, 224, 35, 218, 216, 228,
       110, 38, 9, 243, 201, 8, 148, 182, 97, 16, 200, 107, 72, 4, 252,
       126, 225, 167, 31, 103, 74, 248, 17, 232, 211, 235, 91, 117, 17,
       150, 92, 213, 253, 235, 41, 211, 201, 174, 185, 230, 173, 180,
       167, 191, 54, 177, 3, 152, 55, 155, 117, 221, 184, 71, 190, 89,
       81, 117, 172, 154, 62, 200, 231, 43, 179, 21, 183, 152, 26, 247,
       13, 22, 26, 203, 156, 12, 169, 207, 192, 6, 220, 255, 40, 104, 89,
       156, 186, 31, 183, 48, 247, 99, 137, 91, 199, 87, 109, 74, 32, 68,
       235, 35, 194, 243, 242, 145, 144, 241, 37, 41, 85, 252, 190, 174,
       62, 135, 19, 184, 134, 232, 154, 39, 244, 250, 43, 66, 245, 101,
       125, 247, 175, 193, 155, 63, 248, 239, 175, 154, 184, 59, 25, 83,
       41, 165, 72, 69, 21, 31, 98, 39, 117, 37, 110, 8, 227, 33, 22, 52,
       24, 142, 72, 44, 28, 184, 101, 15, 231, 255, 16, 17, 66, 202, 218,
       12, 34, 46, 19, 182, 212, 141, 166, 71, 172, 128, 248, 75, 38,
       137, 53, 0, 232, 187, 67, 1, 2, 187, 210, 111, 53, 20, 26, 58, 65,
       10, 87, 170, 200, 148, 157, 251, 179, 236, 49, 39, 190, 31, 7, 49,
       190, 183, 72, 89, 167, 19, 237, 16, 50, 77, 178, 87, 201, 247,
       126, 75, 144, 64, 165, 59, 70, 150, 141, 187, 138, 35, 30, 138,
       158, 183, 153, 247, 197, 110, 73, 75, 215, 215, 109, 183, 54, 71,
       203, 114, 220, 6, 255, 253, 181, 113, 165, 81, 170, 205, 118, 94,
       87, 255, 182, 239, 93, 2, 125, 19, 104, 125, 62, 133, 216, 123,
       147, 99, 230, 190, 26, 255, 39, 127, 80, 11, 87, 127, 254, 142,
       79, 217, 174, 158, 215, 212, 190, 229, 252, 87, 214, 135, 248,
       252, 191, 233, 243, 111, 187, 199, 245, 201, 190, 237, 126, 63,
       222, 139, 135, 118, 253, 222, 211, 249, 3, 176, 27, 156, 24, 231,
       171, 113, 128, 221, 174, 134, 64, 212, 167, 239, 232, 213, 79, 79,
       146, 247, 185, 244, 30, 122, 8, 4, 139, 92, 173, 109, 115, 69,
       244, 107, 239, 120, 117, 232, 127, 104, 211, 85, 149, 53, 122,
       252, 22, 110, 225, 176, 109, 46, 101, 190, 33, 128, 103, 251, 70,
       241, 246, 151, 237, 226, 139, 99, 158, 235, 11, 191, 153, 191, 76,
       127, 104, 27, 63, 215, 253, 179, 56, 71, 185, 210, 249, 198, 239,
       247, 181, 122, 165, 115, 86, 237, 245, 242, 166, 32, 174, 136,
       251, 147, 27, 194, 252, 250, 125, 74, 183, 91, 61, 219, 179, 96,
       138, 241, 185, 30, 207, 236, 133, 243, 161, 32, 123, 39, 224, 69,
       27, 26, 80, 47, 115, 228, 174, 140, 75, 40, 214, 182, 27, 142,
       236, 188, 92, 107, 229, 138, 154, 255, 21, 59, 231, 236, 78, 78,
       88, 187, 208, 184, 171, 185, 16, 223, 171, 61, 160, 253, 175, 139,
       66, 154, 167, 147, 237, 20, 30, 75, 138, 49, 218, 209, 52, 251,
       170, 196, 139, 27, 41, 177, 164, 108, 121, 159, 209, 216, 83, 249,
       124, 40, 242, 221, 214, 182, 157, 124, 243, 92, 143, 114, 250, 17,
       79, 89, 65, 126, 210, 174, 86, 247, 95, 37, 235, 165, 146, 94,
       109, 57, 32, 224, 15, 134, 93, 103, 219, 50, 54, 165, 125, 189,
       217, 208, 181, 76, 253, 111, 175, 132, 37, 230, 187, 112, 94, 225,
       236, 225, 135, 86, 124, 156, 99, 244, 134, 10, 91, 127, 91, 243,
       51, 213, 253, 255, 216, 81, 189, 128, 251, 201, 207, 101, 167,
       246, 222, 34, 69, 191, 141, 177, 168, 35, 13, 155, 18, 191, 146,
       253, 213, 103, 203, 75, 93, 71, 125, 189, 187, 80, 207, 16, 236,
       131, 239, 244, 140, 249, 149, 80, 252, 120, 248, 226, 173, 93, 87,
       216, 251, 254, 181, 25, 95, 223, 75, 58, 149, 213, 253, 82, 238,
       103, 250, 178, 219, 217, 101, 63, 226, 191, 70, 115, 220, 31, 30,
       173, 26, 71, 18, 56, 84, 232, 151, 111, 87, 127, 3, 99, 116, 245,
       253, 227, 173, 199, 93, 30, 251, 227, 235, 149, 40, 43, 61, 19,
       141, 205, 223, 243, 164, 136, 111, 181, 254, 19, 111, 80, 255,
       227, 200, 235, 35, 106, 46, 90, 115, 208, 14, 97, 236, 169, 118,
       68, 168, 211, 193, 32, 94, 35, 202, 166, 162, 34, 62, 113, 176,
       142, 95, 231, 77, 231, 227, 30, 54, 245, 237, 246, 208, 209, 141,
       202, 250, 231, 239, 197, 175, 231, 47, 81, 146, 172, 150, 208,
       211, 225, 177, 198, 191, 23, 70, 179, 44, 167, 98, 77, 235, 123,
       163, 144, 50, 221, 130, 243, 221, 150, 222, 107, 130, 68, 165,
       138, 161, 185, 57, 113, 100, 205, 97, 51, 121, 224, 102, 8, 50,
       17, 20, 57, 136, 42, 18, 8, 241, 248, 112, 125, 71, 155, 80, 96,
       72, 136, 194, 168, 8, 137, 145, 249, 157, 197, 228, 199, 86, 1,
       72, 0, 190, 215, 32, 224, 201, 58, 50, 89, 27, 186, 82, 183, 237,
       221, 158, 105, 146, 12, 249, 170, 36, 209, 97, 67, 84, 79, 99,
       188, 100, 100, 111, 12, 83, 81, 24, 52, 88, 136, 66, 122, 219,
       176, 125, 61, 109, 140, 5, 68, 123, 139, 214, 240, 34, 169, 168,
       187, 213, 233, 177, 207, 22, 85, 84, 155, 160, 205, 114, 8, 217,
       43, 147, 21, 6, 250, 126, 177, 77, 5, 159, 105, 213, 12, 151, 250,
       166, 177, 32, 234, 111, 85, 152, 200, 143, 89, 153, 47, 12, 220,
       126, 11, 206, 153, 151, 247, 215, 35, 218, 209, 31, 81, 139, 191,
       31, 79, 189, 215, 106, 48, 190, 126, 107, 60, 144, 95, 171, 75,
       180, 125, 62, 253, 102, 186, 134, 51, 253, 1, 133, 107, 146, 193,
       19, 127, 88, 187, 202, 68, 171, 95, 82, 243, 27, 232, 122, 209,
       48, 204, 175, 25, 160, 168, 140, 150, 108, 240, 166, 153, 206,
       208, 87, 11, 138, 241, 153, 148, 30, 239, 16, 2, 175, 159, 88,
       225, 238, 225, 133, 82, 124, 111, 97, 180, 134, 10, 91, 27, 81,
       179, 113, 149, 253, 185, 72, 211, 145, 136, 251, 201, 199, 53,
       167, 176, 254, 10, 165, 77, 119, 69, 116, 75, 239, 176, 117, 234,
       118, 96, 211, 117, 149, 53, 126, 252, 86, 106, 225, 180, 101, 46,
       101, 186, 37, 128, 103, 187, 70, 225, 160, 108, 236, 181, 140, 75,
       237, 39, 212, 246, 150, 147, 243, 41, 147, 11, 73, 102, 107, 47,
       104, 252, 101, 46, 100, 131, 247, 17, 101, 248, 212, 232, 77, 189,
       172, 181, 173, 63, 108, 183, 190, 251, 6, 77, 223, 41, 83, 107,
       133, 70, 125, 29, 157, 216, 217, 128, 239, 219, 253, 116, 138,
       108, 153, 82, 44, 180, 121, 235, 253, 109, 91, 218, 19, 123, 253,
       24, 31, 253, 73, 56, 217, 152, 87, 50, 155, 54, 250, 183, 95, 221,
       33, 125, 242, 203, 86, 243, 229, 207, 6, 218, 244, 141, 110, 166,
       222, 26, 40, 64, 241, 226, 245, 211, 193, 234, 10, 222, 114, 105,
