%YAML:1.0
---
descriptors: !!opencv-matrix
   rows: 155
   cols: 32
   dt: u
   data: [ 52, 31, 62, 90, 189, 247, 87, 179, 215, 140, 255, 96, 98, 241,
       165, 116, 200, 242, 172, 90, 88, 171, 106, 189, 235, 255, 165,
       219, 146, 251, 244, 39, 76, 25, 159, 247, 128, 110, 53, 55, 172,
       153, 74, 0, 213, 55, 1, 106, 161, 119, 121, 16, 17, 216, 19, 32,
       205, 167, 126, 64, 128, 99, 165, 59, 190, 92, 82, 162, 213, 86,
       222, 231, 121, 79, 251, 55, 10, 58, 38, 221, 249, 133, 134, 162,
       124, 191, 81, 234, 179, 222, 214, 19, 227, 94, 238, 222, 196, 92,
       0, 171, 205, 236, 180, 132, 172, 31, 171, 25, 140, 31, 75, 90,
       232, 147, 207, 211, 86, 7, 200, 227, 245, 48, 138, 59, 16, 95,
       141, 82, 206, 173, 112, 184, 233, 232, 190, 194, 168, 22, 184, 25,
       172, 219, 105, 91, 235, 211, 207, 211, 82, 39, 210, 242, 213, 16,
       10, 111, 208, 83, 39, 162, 213, 79, 79, 167, 38, 2, 110, 188, 100,
       226, 214, 198, 115, 78, 153, 97, 126, 229, 125, 239, 237, 149, 45,
       175, 240, 235, 239, 132, 45, 179, 120, 17, 198, 236, 144, 191,
       159, 161, 174, 168, 155, 146, 9, 10, 236, 234, 93, 198, 179, 111,
       121, 211, 102, 76, 202, 243, 173, 118, 207, 255, 148, 119, 25, 6,
       213, 66, 237, 167, 38, 114, 110, 152, 96, 234, 147, 198, 215, 110,
       153, 123, 54, 197, 124, 239, 237, 212, 237, 104, 214, 235, 235,
       132, 44, 243, 121, 17, 205, 12, 223, 220, 100, 46, 233, 18, 248,
       202, 118, 84, 253, 243, 181, 107, 99, 108, 50, 10, 161, 244, 182,
       106, 70, 187, 115, 0, 202, 241, 105, 176, 2, 162, 65, 153, 248,
       137, 168, 175, 30, 49, 16, 253, 172, 134, 200, 136, 207, 11, 107,
       149, 51, 88, 207, 213, 12, 22, 190, 252, 156, 136, 137, 153, 124,
       196, 252, 232, 29, 87, 82, 232, 71, 55, 173, 11, 75, 125, 120,
       146, 217, 208, 233, 56, 10, 99, 91, 145, 219, 205, 197, 125, 243,
       171, 94, 2, 252, 225, 121, 104, 140, 71, 71, 249, 66, 180, 165,
       10, 83, 89, 89, 43, 89, 220, 121, 122, 203, 103, 251, 16, 251,
       201, 229, 124, 113, 187, 86, 98, 230, 248, 235, 18, 233, 220, 83,
       148, 235, 93, 53, 61, 42, 156, 94, 63, 135, 251, 253, 83, 142, 79,
       186, 225, 83, 88, 84, 251, 194, 21, 198, 95, 45, 239, 153, 79,
       248, 159, 78, 191, 126, 171, 124, 100, 243, 231, 192, 176, 93,
       126, 102, 76, 219, 152, 235, 59, 46, 191, 181, 244, 218, 242, 202,
       185, 108, 180, 253, 113, 136, 111, 81, 159, 50, 51, 165, 24, 215,
       55, 72, 27, 21, 148, 105, 176, 59, 68, 251, 19, 79, 131, 117, 116,
       226, 192, 198, 178, 108, 91, 254, 74, 252, 147, 22, 220, 207, 188,
       189, 237, 66, 217, 239, 88, 222, 240, 238, 114, 138, 35, 74, 184,
       122, 151, 37, 223, 156, 123, 124, 19, 240, 221, 127, 237, 180, 78,
       103, 117, 52, 104, 254, 102, 115, 119, 160, 113, 124, 246, 47,
       234, 249, 185, 49, 45, 241, 171, 230, 128, 41, 178, 244, 123, 238,
       212, 16, 178, 237, 236, 182, 199, 172, 30, 185, 27, 204, 255, 75,
       91, 235, 145, 207, 51, 98, 5, 218, 226, 245, 20, 142, 59, 144,
       126, 223, 210, 157, 188, 128, 243, 177, 215, 66, 223, 55, 59, 134,
       112, 142, 179, 192, 164, 153, 158, 220, 152, 59, 220, 153, 147,
       171, 213, 159, 231, 170, 4, 170, 62, 220, 204, 21, 183, 138, 74,
       71, 184, 180, 146, 131, 64, 215, 115, 9, 203, 51, 245, 108, 106,
       105, 197, 27, 60, 233, 227, 103, 20, 48, 243, 129, 32, 100, 32,
       209, 67, 64, 106, 234, 136, 123, 243, 171, 24, 214, 62, 93, 58,
       59, 221, 120, 59, 1, 116, 221, 64, 157, 158, 69, 52, 197, 115, 67,
       160, 249, 223, 126, 110, 42, 30, 95, 57, 225, 236, 182, 204, 123,
       101, 146, 179, 38, 228, 252, 110, 221, 99, 255, 45, 242, 233, 101,
       152, 107, 182, 234, 89, 197, 167, 145, 67, 212, 47, 236, 63, 126,
       171, 107, 92, 215, 96, 220, 144, 21, 14, 98, 60, 241, 248, 217,
       78, 44, 142, 53, 100, 200, 234, 203, 160, 9, 143, 18, 249, 179,
       191, 40, 127, 55, 41, 94, 102, 173, 147, 160, 228, 55, 11, 150,
       12, 147, 152, 37, 215, 238, 221, 58, 195, 62, 140, 137, 173, 40,
       221, 56, 251, 57, 141, 87, 190, 23, 13, 76, 8, 182, 17, 35, 68,
       193, 122, 29, 72, 106, 40, 123, 63, 239, 223, 20, 58, 18, 152, 5,
       107, 84, 50, 248, 99, 176, 42, 115, 152, 42, 191, 187, 121, 223,
       91, 201, 26, 191, 221, 77, 51, 24, 112, 201, 64, 220, 205, 33,
       228, 224, 99, 7, 3, 125, 87, 69, 103, 52, 14, 78, 184, 97, 234,
       191, 76, 83, 97, 153, 112, 22, 196, 92, 110, 233, 176, 237, 46,
       238, 239, 37, 148, 111, 243, 82, 33, 251, 88, 254, 244, 108, 46,
       125, 20, 169, 218, 182, 62, 123, 63, 135, 123, 238, 245, 125, 238,
       233, 71, 227, 232, 215, 251, 242, 144, 39, 241, 102, 123, 220,
       180, 18, 250, 59, 236, 82, 216, 191, 31, 225, 25, 79, 211, 104,
       209, 183, 155, 205, 114, 62, 7, 154, 247, 219, 241, 2, 111, 26, 3,
       43, 3, 10, 251, 252, 211, 230, 157, 189, 188, 106, 61, 20, 106,
       184, 127, 222, 170, 39, 91, 247, 217, 146, 120, 239, 241, 79, 31,
       255, 229, 199, 150, 223, 235, 109, 113, 185, 239, 189, 15, 118,
       184, 111, 232, 183, 76, 223, 249, 9, 114, 220, 196, 126, 110, 201,
       99, 217, 188, 243, 249, 7, 60, 90, 59, 80, 51, 70, 236, 148, 151,
       157, 224, 38, 228, 186, 51, 139, 19, 228, 226, 76, 198, 225, 239,
       170, 147, 102, 88, 203, 243, 189, 54, 159, 111, 128, 119, 189,
       142, 93, 117, 189, 229, 184, 15, 95, 184, 59, 170, 188, 72, 223,
       119, 201, 50, 151, 213, 125, 122, 233, 66, 251, 58, 251, 219, 101,
       190, 136, 241, 2, 49, 132, 133, 94, 254, 249, 139, 158, 105, 159,
       130, 233, 9, 207, 235, 44, 81, 211, 125, 107, 98, 96, 227, 26,
       223, 235, 246, 71, 63, 80, 42, 13, 130, 118, 238, 197, 253, 28, 3,
       202, 168, 83, 176, 250, 202, 67, 104, 21, 18, 89, 196, 101, 251,
       40, 242, 207, 159, 184, 174, 205, 20, 125, 43, 82, 0, 62, 36, 150,
       236, 123, 3, 154, 72, 159, 160, 240, 169, 78, 255, 37, 144, 223,
       93, 223, 116, 44, 131, 67, 222, 251, 255, 11, 191, 82, 175, 43,
       147, 77, 24, 159, 221, 77, 228, 233, 82, 252, 202, 102, 80, 188,
       243, 33, 106, 225, 127, 50, 138, 33, 214, 178, 226, 71, 255, 210,
       8, 138, 113, 97, 168, 188, 120, 249, 227, 30, 67, 83, 152, 22,
       230, 181, 171, 83, 95, 67, 8, 91, 220, 157, 242, 8, 118, 121, 186,
       235, 207, 165, 53, 183, 251, 84, 114, 137, 92, 159, 125, 100, 236,
       101, 150, 252, 90, 102, 16, 179, 243, 33, 123, 193, 122, 34, 10,
       33, 244, 242, 107, 71, 251, 82, 8, 218, 249, 96, 168, 9, 162, 204,
       187, 250, 153, 168, 191, 54, 117, 85, 246, 165, 38, 202, 100, 119,
       14, 166, 156, 182, 92, 239, 87, 76, 39, 190, 229, 188, 128, 137,
       221, 245, 108, 33, 100, 93, 111, 71, 250, 83, 226, 168, 10, 51,
       113, 81, 180, 25, 230, 88, 126, 169, 107, 249, 62, 57, 142, 5, 60,
       123, 251, 82, 40, 125, 117, 189, 108, 189, 79, 87, 248, 127, 232,
       181, 76, 223, 127, 73, 48, 221, 213, 125, 106, 233, 99, 121, 190,
       251, 223, 37, 188, 90, 251, 66, 51, 60, 141, 123, 239, 246, 139,
       239, 249, 85, 164, 254, 2, 115, 97, 185, 116, 126, 238, 23, 234,
       217, 178, 109, 189, 124, 172, 165, 196, 119, 186, 240, 161, 181,
       205, 127, 207, 60, 11, 207, 252, 68, 164, 246, 66, 115, 67, 189,
       101, 122, 196, 78, 234, 233, 177, 109, 44, 242, 235, 231, 20, 101,
       187, 228, 160, 104, 177, 145, 122, 185, 205, 81, 29, 143, 93, 169,
       13, 190, 221, 106, 176, 200, 58, 200, 0, 31, 43, 250, 17, 195,
       213, 16, 123, 218, 14, 198, 83, 108, 123, 248, 94, 122, 153, 22,
       156, 207, 140, 189, 239, 235, 201, 239, 80, 86, 241, 238, 114,
       192, 99, 78, 168, 110, 217, 37, 190, 127, 187, 72, 17, 182, 221,
       134, 179, 149, 86, 222, 225, 57, 21, 179, 19, 79, 126, 46, 211,
       233, 211, 133, 227, 108, 243, 89, 236, 185, 210, 207, 19, 193,
       125, 254, 86, 68, 40, 219, 65, 242, 106, 169, 192, 106, 179, 35,
       24, 221, 231, 201, 186, 51, 85, 106, 56, 17, 112, 169, 64, 29,
