%YAML:1.0
---
descriptors: !!opencv-matrix
   rows: 279
   cols: 32
   dt: u
   data: [ 55, 9, 247, 255, 74, 98, 239, 104, 133, 2, 123, 130, 121, 111,
       181, 123, 98, 241, 51, 238, 0, 131, 15, 233, 86, 170, 202, 129,
       181, 243, 96, 160, 33, 187, 113, 65, 116, 223, 227, 48, 105, 108,
       254, 104, 155, 29, 148, 52, 26, 152, 70, 120, 219, 186, 244, 31,
       39, 220, 33, 96, 71, 138, 70, 229, 218, 1, 20, 182, 41, 252, 24,
       7, 175, 29, 131, 17, 174, 154, 64, 219, 194, 55, 237, 17, 54, 77,
       211, 193, 153, 241, 90, 123, 130, 4, 141, 14, 162, 126, 178, 222,
       235, 99, 158, 207, 157, 15, 188, 187, 206, 253, 37, 13, 223, 251,
       223, 131, 104, 111, 74, 234, 243, 22, 94, 191, 215, 125, 175, 155,
       230, 165, 182, 154, 249, 118, 254, 239, 253, 19, 233, 17, 204,
       250, 60, 221, 217, 103, 219, 163, 180, 79, 154, 254, 185, 50, 222,
       95, 144, 117, 239, 134, 198, 92, 18, 216, 191, 233, 182, 78, 223,
       150, 136, 59, 236, 250, 101, 77, 243, 123, 235, 34, 50, 7, 154,
       255, 177, 54, 27, 63, 146, 93, 133, 134, 138, 89, 144, 155, 165,
       245, 180, 207, 31, 23, 80, 19, 172, 222, 111, 204, 218, 27, 131,
       83, 70, 176, 90, 208, 7, 80, 158, 35, 150, 92, 61, 142, 66, 60,
       158, 150, 11, 253, 49, 66, 251, 95, 164, 24, 174, 178, 71, 63,
       161, 51, 232, 17, 39, 111, 178, 227, 145, 214, 90, 59, 200, 68,
       15, 94, 114, 106, 108, 204, 79, 3, 217, 72, 11, 164, 240, 139, 74,
       143, 5, 17, 252, 221, 239, 231, 72, 231, 227, 216, 83, 56, 201,
       187, 85, 45, 118, 242, 250, 98, 98, 200, 127, 208, 251, 72, 49, 4,
       245, 171, 41, 207, 247, 20, 126, 185, 199, 226, 202, 55, 238, 221,
       118, 65, 171, 169, 103, 166, 118, 241, 174, 180, 184, 249, 253,
       249, 176, 202, 31, 63, 181, 59, 140, 223, 111, 140, 207, 155, 251,
       17, 54, 103, 235, 211, 95, 213, 159, 127, 211, 77, 13, 199, 47,
       171, 211, 203, 125, 141, 235, 88, 239, 72, 249, 68, 155, 195, 84,
       180, 238, 173, 126, 220, 139, 163, 250, 209, 141, 220, 131, 104,
       75, 131, 99, 160, 107, 211, 104, 173, 108, 145, 120, 120, 111,
       100, 246, 239, 233, 202, 210, 82, 110, 172, 110, 205, 198, 50,
       199, 213, 86, 121, 171, 168, 63, 142, 122, 205, 16, 153, 63, 126,
       131, 204, 53, 103, 172, 1, 238, 1, 60, 183, 32, 112, 162, 51, 121,
       128, 82, 153, 50, 117, 243, 173, 82, 67, 32, 2, 167, 123, 180,
       197, 45, 236, 157, 83, 198, 234, 150, 250, 153, 10, 115, 120, 57,
       163, 89, 198, 95, 235, 121, 227, 120, 158, 187, 207, 237, 53, 249,
       122, 252, 242, 55, 124, 104, 71, 125, 31, 210, 96, 89, 236, 254,
       143, 250, 93, 23, 16, 252, 252, 87, 231, 172, 178, 245, 238, 119,
       127, 128, 147, 109, 63, 82, 210, 74, 13, 247, 198, 255, 114, 191,
       238, 137, 166, 190, 10, 108, 63, 53, 167, 251, 247, 255, 235, 96,
       107, 170, 238, 59, 62, 207, 191, 71, 251, 37, 44, 207, 75, 237,
       247, 168, 48, 45, 149, 40, 215, 87, 245, 221, 47, 219, 75, 71, 87,
       189, 215, 145, 212, 239, 224, 198, 123, 254, 128, 142, 215, 149,
       113, 72, 252, 188, 244, 152, 102, 95, 191, 147, 247, 174, 13, 247,
       255, 67, 115, 133, 247, 121, 168, 232, 79, 251, 47, 251, 191, 85,
       28, 136, 240, 132, 122, 206, 238, 148, 159, 57, 192, 47, 168, 186,
       154, 5, 112, 236, 227, 205, 212, 151, 122, 236, 250, 98, 69, 138,
       255, 168, 86, 47, 251, 18, 55, 15, 165, 101, 224, 153, 68, 84, 12,
       65, 152, 115, 164, 36, 8, 50, 211, 73, 52, 24, 204, 96, 90, 11,
       114, 248, 8, 93, 152, 133, 124, 98, 163, 66, 168, 193, 140, 159,
       190, 32, 172, 49, 39, 188, 27, 106, 17, 246, 179, 32, 82, 161, 39,
       105, 4, 48, 169, 19, 111, 201, 166, 114, 64, 200, 64, 161, 11,
       220, 125, 159, 245, 164, 14, 101, 55, 184, 170, 34, 12, 246, 179,
       65, 83, 161, 102, 104, 28, 105, 252, 145, 10, 237, 226, 71, 0,
       136, 112, 195, 58, 100, 125, 145, 101, 188, 47, 71, 184, 91, 170,
       32, 72, 215, 51, 65, 57, 145, 108, 96, 106, 41, 112, 217, 60, 237,
       222, 69, 52, 208, 251, 66, 34, 199, 158, 190, 182, 188, 62, 23,
       186, 251, 223, 159, 117, 204, 248, 235, 75, 151, 103, 253, 55,
       245, 65, 154, 239, 232, 119, 111, 222, 136, 119, 153, 87, 64, 190,
       173, 241, 172, 173, 153, 154, 190, 255, 138, 93, 150, 190, 83, 58,
       133, 87, 121, 29, 179, 77, 251, 50, 205, 159, 255, 124, 136, 73,
       23, 123, 252, 76, 214, 190, 45, 70, 86, 224, 177, 134, 251, 3, 79,
       254, 43, 223, 216, 245, 237, 99, 108, 231, 152, 170, 179, 243, 71,
       19, 97, 127, 46, 6, 252, 77, 104, 71, 144, 15, 71, 252, 49, 174,
       238, 14, 83, 33, 151, 16, 121, 196, 68, 238, 104, 182, 121, 46,
       242, 239, 165, 20, 107, 251, 230, 40, 31, 153, 101, 105, 63, 159,
       154, 51, 143, 80, 158, 167, 158, 60, 182, 167, 166, 49, 221, 101,
       167, 169, 53, 221, 171, 89, 15, 214, 95, 172, 25, 245, 214, 88,
       164, 158, 173, 105, 151, 136, 159, 126, 149, 59, 238, 252, 255,
       15, 153, 67, 253, 83, 14, 101, 234, 241, 155, 114, 79, 191, 214,
       127, 21, 87, 50, 12, 226, 232, 85, 195, 242, 78, 87, 133, 248, 2,
       40, 216, 52, 0, 249, 187, 19, 176, 10, 187, 16, 255, 63, 220, 131,
       107, 85, 10, 246, 170, 14, 5, 180, 187, 133, 118, 116, 143, 221,
       83, 111, 19, 204, 123, 42, 207, 193, 82, 162, 17, 22, 248, 91,
       224, 239, 215, 214, 71, 146, 125, 253, 6, 4, 168, 26, 187, 236,
       133, 186, 200, 206, 25, 88, 2, 188, 211, 104, 64, 249, 11, 34,
       216, 18, 24, 26, 241, 205, 148, 27, 110, 144, 10, 161, 171, 18,
       154, 174, 154, 138, 244, 185, 223, 132, 95, 212, 183, 57, 238, 54,
       75, 239, 179, 191, 149, 134, 15, 38, 225, 83, 99, 254, 201, 157,
       192, 165, 249, 165, 237, 181, 247, 246, 35, 151, 255, 86, 178, 24,
       50, 245, 249, 57, 35, 95, 123, 19, 107, 224, 244, 74, 191, 108,
       143, 239, 36, 245, 251, 209, 168, 86, 79, 199, 39, 130, 2, 47,
       128, 164, 134, 138, 197, 205, 39, 1, 91, 39, 117, 105, 254, 96,
       193, 129, 104, 248, 162, 239, 128, 172, 243, 33, 24, 74, 148, 20,
       219, 55, 255, 51, 41, 29, 95, 79, 23, 252, 119, 42, 229, 247, 19,
       187, 34, 115, 144, 121, 255, 135, 247, 90, 71, 26, 14, 141, 119,
       230, 188, 151, 154, 237, 228, 190, 239, 255, 23, 233, 17, 204,
       250, 44, 223, 209, 99, 235, 35, 116, 79, 154, 246, 185, 50, 95,
       127, 144, 117, 167, 134, 100, 237, 224, 6, 201, 121, 71, 136, 195,
       246, 173, 140, 66, 228, 79, 86, 17, 206, 232, 90, 78, 99, 255, 48,
       63, 20, 69, 63, 211, 127, 70, 86, 226, 172, 132, 146, 169, 229,
       156, 235, 155, 255, 137, 25, 172, 238, 78, 159, 201, 83, 253, 147,
       62, 79, 202, 247, 187, 210, 223, 255, 146, 68, 159, 222, 185, 90,
       69, 236, 46, 7, 65, 122, 21, 236, 244, 238, 19, 5, 161, 33, 76,
       180, 14, 108, 233, 111, 101, 156, 208, 202, 225, 188, 61, 168,
       116, 121, 54, 236, 182, 254, 137, 231, 158, 207, 159, 63, 240, 27,
       238, 255, 47, 143, 221, 251, 255, 131, 56, 111, 74, 242, 187, 214,
       95, 63, 211, 125, 175, 159, 164, 204, 213, 223, 204, 163, 102,
       174, 86, 146, 106, 82, 97, 99, 57, 205, 89, 226, 34, 106, 97, 116,
       15, 191, 44, 142, 215, 4, 177, 251, 240, 40, 56, 175, 108, 47, 92,
       19, 239, 248, 84, 230, 252, 175, 99, 105, 158, 1, 57, 192, 195,
       239, 236, 186, 77, 61, 126, 75, 225, 5, 119, 175, 126, 200, 71,
       169, 135, 222, 252, 19, 142, 233, 158, 160, 192, 194, 244, 246,
       249, 230, 84, 125, 123, 207, 65, 75, 239, 237, 60, 62, 207, 184,
       150, 174, 49, 172, 214, 231, 6, 158, 219, 242, 62, 239, 190, 143,
       203, 243, 204, 231, 40, 69, 255, 247, 239, 162, 112, 79, 139, 255,
       185, 54, 223, 223, 150, 119, 165, 243, 86, 211, 183, 246, 171, 73,
       159, 168, 174, 254, 155, 173, 207, 252, 79, 11, 159, 83, 253, 99,
       204, 97, 190, 160, 235, 211, 111, 191, 196, 119, 133, 115, 66,
       188, 150, 152, 203, 225, 176, 71, 190, 23, 66, 51, 172, 182, 96,
       75, 163, 59, 251, 145, 54, 77, 146, 241, 29, 50, 94, 107, 144, 68,
