%YAML:1.0
---
descriptors: !!opencv-matrix
   rows: 169
   cols: 32
   dt: u
   data: [ 33, 133, 123, 89, 244, 207, 229, 183, 116, 73, 254, 80, 179,
       121, 148, 112, 89, 158, 102, 24, 187, 184, 117, 31, 45, 255, 34,
       64, 73, 136, 210, 160, 32, 157, 26, 186, 220, 183, 82, 227, 150,
       9, 204, 3, 118, 249, 34, 64, 217, 170, 3, 20, 30, 171, 90, 63,
       235, 167, 130, 91, 144, 74, 248, 154, 178, 169, 165, 190, 205,
       237, 220, 207, 159, 159, 176, 27, 46, 255, 100, 15, 201, 251, 255,
       145, 58, 111, 218, 243, 155, 211, 223, 123, 209, 93, 142, 202,
       201, 52, 190, 113, 161, 62, 113, 23, 253, 155, 166, 84, 158, 51,
       64, 191, 165, 22, 108, 24, 179, 237, 179, 66, 207, 251, 118, 70,
       194, 64, 235, 43, 57, 133, 253, 101, 180, 79, 103, 59, 116, 164,
       255, 8, 211, 53, 152, 48, 91, 148, 124, 40, 185, 184, 125, 15,
       239, 239, 37, 84, 103, 170, 198, 240, 60, 122, 250, 96, 69, 114,
       242, 208, 225, 140, 254, 38, 10, 217, 117, 10, 248, 220, 135, 242,
       8, 243, 128, 128, 82, 237, 163, 7, 239, 251, 126, 147, 85, 94,
       191, 253, 172, 38, 125, 19, 172, 218, 178, 100, 255, 55, 161, 107,
       231, 119, 125, 42, 225, 229, 163, 232, 193, 250, 126, 144, 136,
       241, 33, 49, 60, 116, 248, 97, 29, 127, 83, 216, 86, 183, 181, 10,
       91, 93, 75, 58, 89, 208, 215, 122, 42, 102, 121, 50, 219, 207, 37,
       61, 243, 251, 76, 34, 44, 106, 248, 114, 44, 105, 81, 216, 82,
       190, 180, 8, 19, 153, 81, 26, 137, 216, 70, 26, 10, 102, 202, 16,
       203, 205, 53, 61, 194, 249, 94, 162, 146, 129, 123, 220, 251, 208,
       29, 103, 173, 21, 244, 179, 44, 150, 46, 85, 238, 187, 131, 128,
       82, 11, 34, 213, 241, 177, 154, 203, 17, 0, 167, 235, 189, 245,
       110, 103, 108, 31, 231, 248, 101, 232, 247, 110, 115, 73, 159,
       177, 124, 228, 78, 111, 237, 183, 93, 44, 246, 233, 165, 144, 111,
       187, 122, 145, 191, 190, 228, 177, 175, 59, 158, 152, 23, 254,
       145, 255, 203, 121, 219, 143, 95, 197, 255, 247, 190, 70, 207,
       146, 206, 83, 237, 247, 255, 253, 218, 211, 43, 213, 33, 79, 213,
       63, 143, 255, 85, 73, 217, 76, 242, 124, 28, 164, 220, 74, 83, 47,
       235, 178, 121, 143, 37, 124, 140, 22, 91, 222, 210, 252, 210, 167,
       46, 188, 154, 225, 187, 171, 134, 149, 88, 179, 245, 207, 106, 66,
       119, 123, 255, 161, 18, 73, 138, 31, 252, 165, 191, 237, 180, 2,
       181, 211, 250, 142, 239, 101, 23, 82, 78, 51, 113, 230, 255, 151,
       99, 44, 22, 118, 121, 228, 61, 173, 173, 252, 245, 142, 251, 111,
       197, 129, 239, 228, 118, 94, 167, 238, 192, 95, 229, 29, 198, 252,
       83, 251, 116, 92, 98, 104, 223, 191, 89, 202, 2, 30, 255, 126,
       222, 227, 46, 30, 213, 110, 223, 253, 218, 140, 247, 224, 202,
       250, 172, 36, 78, 216, 146, 26, 149, 214, 81, 235, 249, 75, 93,
       192, 61, 255, 186, 71, 142, 179, 250, 207, 239, 252, 189, 251,
       248, 0, 239, 182, 164, 177, 173, 59, 220, 155, 31, 254, 149, 253,
       203, 45, 211, 143, 15, 197, 253, 183, 253, 84, 207, 154, 142, 211,
       253, 247, 206, 253, 154, 85, 93, 184, 189, 179, 169, 237, 85, 158,
       59, 251, 160, 92, 190, 55, 65, 122, 133, 215, 125, 25, 139, 74,
       251, 113, 221, 223, 119, 58, 136, 81, 131, 59, 144, 133, 199, 253,
       222, 171, 236, 111, 62, 179, 202, 146, 241, 227, 56, 67, 123, 175,
       107, 185, 112, 249, 79, 206, 188, 174, 223, 68, 165, 232, 241,
       168, 86, 251, 134, 159, 216, 6, 46, 249, 182, 152, 218, 199, 224,
       227, 185, 195, 125, 239, 127, 231, 75, 211, 219, 253, 188, 34,
       239, 140, 156, 118, 177, 153, 137, 3, 22, 57, 162, 154, 109, 27,
       118, 86, 70, 228, 141, 131, 163, 253, 103, 8, 46, 156, 199, 216,
       39, 81, 198, 251, 114, 132, 58, 196, 41, 77, 246, 254, 132, 218,
       169, 240, 92, 239, 155, 159, 185, 191, 74, 238, 78, 223, 205, 227,
       239, 151, 62, 79, 203, 243, 186, 82, 223, 255, 159, 85, 254, 87,
       61, 32, 251, 103, 4, 111, 107, 24, 116, 164, 247, 8, 211, 215,
       201, 120, 120, 188, 126, 122, 9, 176, 249, 8, 199, 233, 33, 0, 97,
       187, 68, 224, 208, 188, 159, 190, 141, 253, 117, 239, 191, 95,
       189, 24, 255, 250, 106, 123, 233, 251, 238, 17, 51, 111, 186, 241,
       153, 243, 95, 127, 208, 113, 167, 122, 246, 252, 180, 186, 189,
       237, 213, 207, 159, 191, 188, 59, 238, 254, 102, 15, 233, 243,
       255, 17, 58, 111, 250, 243, 185, 210, 223, 251, 144, 93, 135, 239,
       125, 221, 74, 238, 149, 6, 79, 252, 37, 192, 239, 14, 115, 123,
       57, 112, 120, 214, 63, 238, 89, 179, 25, 173, 243, 237, 135, 20,
       41, 123, 240, 18, 32, 141, 27, 250, 156, 167, 195, 195, 150, 13,
       200, 3, 176, 251, 32, 64, 201, 58, 11, 16, 58, 170, 90, 63, 233,
       143, 178, 72, 144, 11, 244, 138, 214, 238, 190, 190, 186, 225, 31,
       200, 190, 22, 133, 185, 229, 231, 107, 89, 215, 243, 205, 195, 42,
       71, 234, 59, 249, 227, 239, 185, 144, 115, 39, 98, 222, 100, 159,
       190, 187, 225, 30, 238, 191, 142, 224, 185, 110, 246, 41, 89, 255,
       251, 207, 162, 58, 71, 10, 255, 241, 211, 79, 187, 144, 117, 175,
       67, 126, 49, 146, 240, 155, 188, 81, 75, 187, 181, 165, 25, 14,
       211, 66, 158, 167, 191, 237, 16, 26, 79, 146, 194, 251, 213, 21,
       127, 162, 196, 142, 34, 121, 249, 186, 188, 233, 157, 92, 127,
       187, 238, 180, 29, 63, 255, 66, 146, 165, 251, 253, 4, 204, 79,
       210, 50, 251, 223, 117, 184, 98, 244, 206, 219, 59, 175, 104, 171,
       220, 177, 207, 255, 87, 37, 220, 239, 227, 232, 190, 0, 91, 202,
       7, 253, 158, 42, 79, 191, 110, 79, 173, 252, 245, 223, 248, 204,
       252, 148, 172, 183, 141, 126, 84, 175, 167, 183, 143, 31, 195,
       124, 74, 203, 201, 214, 237, 1, 60, 109, 251, 163, 235, 227, 221,
       19, 168, 120, 220, 82, 255, 214, 236, 37, 36, 30, 78, 49, 113,
       226, 247, 253, 219, 44, 150, 243, 94, 228, 252, 239, 253, 254,
       245, 14, 238, 235, 229, 144, 111, 172, 90, 84, 198, 190, 190, 146,
       171, 253, 180, 199, 190, 191, 150, 57, 172, 255, 98, 11, 167, 115,
       239, 17, 50, 77, 138, 242, 205, 19, 95, 251, 130, 92, 141, 123,
       77, 34, 216, 69, 232, 40, 107, 24, 104, 134, 111, 128, 223, 35,
       219, 122, 18, 76, 108, 60, 16, 112, 231, 96, 204, 189, 98, 32,
       192, 227, 67, 160, 203, 12, 150, 181, 139, 174, 60, 135, 190, 179,
       194, 211, 140, 187, 65, 203, 167, 119, 251, 148, 53, 221, 147,
       194, 14, 51, 95, 195, 138, 84, 169, 27, 48, 203, 64, 77, 85, 155,
       230, 103, 100, 132, 234, 10, 35, 0, 20, 148, 120, 232, 66, 236,
       76, 186, 85, 61, 37, 140, 132, 17, 115, 56, 250, 140, 189, 105,
       241, 103, 205, 95, 207, 221, 83, 238, 180, 10, 91, 21, 209, 175,
       88, 220, 118, 110, 201, 114, 253, 136, 117, 201, 229, 52, 103,
       255, 86, 232, 253, 229, 101, 68, 205, 87, 207, 252, 81, 242, 188,
       74, 91, 120, 223, 183, 88, 196, 94, 238, 237, 99, 253, 142, 58,
       203, 229, 188, 127, 254, 90, 108, 120, 173, 186, 124, 233, 189,
       93, 119, 171, 143, 188, 9, 191, 191, 66, 18, 133, 187, 253, 4, 92,
       75, 210, 17, 251, 255, 116, 249, 98, 196, 139, 203, 215, 116, 190,
       254, 127, 119, 158, 248, 95, 242, 215, 58, 77, 254, 157, 233, 215,
       253, 253, 227, 239, 215, 255, 255, 187, 123, 207, 159, 31, 117,
       43, 55, 216, 245, 172, 181, 169, 120, 84, 143, 187, 247, 154, 189,
       223, 253, 74, 219, 193, 215, 253, 1, 61, 105, 243, 162, 251, 243,
       125, 159, 168, 124, 158, 91, 130, 235, 66, 152, 127, 153, 186,
       228, 143, 20, 80, 231, 172, 206, 246, 196, 238, 123, 135, 213, 70,
       153, 6, 245, 60, 16, 142, 235, 23, 12, 45, 141, 136, 132, 49, 119,
       52, 235, 97, 51, 124, 41, 115, 112, 191, 23, 128, 240, 129, 62,
       110, 8, 49, 188, 97, 31, 205, 191, 48, 64, 66, 136, 198, 41, 117,
       205, 90, 238, 149, 198, 87, 236, 69, 128, 238, 10, 115, 249, 41,
       80, 248, 238, 26, 234, 88, 163, 24, 173, 251, 237, 133, 28, 49,
       123, 240, 10, 164, 29, 251, 239, 68, 110, 235, 80, 236, 130, 119,
