%YAML:1.0
---
descriptors: !!opencv-matrix
   rows: 155
   cols: 32
   dt: u
   data: [ 10, 133, 152, 185, 217, 205, 53, 239, 159, 55, 44, 25, 172,
       179, 106, 84, 193, 27, 171, 16, 82, 11, 82, 215, 239, 215, 20,
       127, 18, 76, 141, 138, 88, 205, 182, 94, 153, 220, 151, 166, 237,
       132, 238, 0, 170, 243, 37, 86, 200, 114, 236, 64, 74, 169, 99,
       173, 171, 246, 22, 27, 82, 88, 231, 46, 124, 255, 210, 46, 202, 5,
       22, 252, 131, 154, 185, 111, 67, 233, 235, 147, 159, 209, 204, 98,
       108, 99, 138, 186, 250, 193, 101, 191, 127, 251, 174, 3, 86, 236,
       150, 179, 149, 108, 182, 135, 59, 19, 202, 17, 164, 162, 76, 206,
       225, 207, 170, 17, 62, 216, 155, 226, 189, 54, 222, 67, 128, 93,
       173, 14, 164, 205, 126, 254, 253, 139, 94, 232, 223, 134, 229, 8,
       239, 233, 61, 65, 210, 121, 107, 106, 96, 103, 74, 191, 227, 255,
       71, 27, 86, 187, 229, 138, 241, 73, 71, 205, 21, 82, 78, 96, 69,
       32, 242, 2, 99, 66, 181, 229, 120, 228, 108, 234, 105, 163, 37,
       141, 178, 234, 195, 20, 103, 186, 112, 44, 2, 182, 21, 155, 248,
       169, 168, 175, 30, 17, 80, 245, 164, 167, 232, 64, 207, 27, 107,
       21, 50, 72, 66, 247, 12, 22, 254, 232, 156, 136, 129, 185, 181,
       100, 237, 74, 204, 119, 79, 216, 83, 246, 181, 10, 83, 117, 223,
       63, 89, 204, 84, 254, 171, 103, 253, 50, 251, 139, 229, 124, 247,
       251, 82, 224, 213, 92, 78, 167, 38, 2, 111, 188, 96, 226, 151,
       199, 83, 99, 155, 99, 118, 228, 125, 239, 233, 213, 157, 44, 240,
       235, 239, 132, 45, 179, 113, 16, 24, 199, 235, 161, 146, 66, 175,
       255, 36, 197, 218, 163, 87, 47, 58, 64, 127, 223, 13, 245, 88,
       153, 5, 6, 248, 229, 190, 197, 165, 210, 181, 114, 2, 139, 150,
       159, 107, 208, 184, 71, 175, 21, 66, 163, 172, 206, 38, 206, 230,
       59, 171, 145, 22, 89, 3, 245, 143, 50, 218, 203, 146, 4, 173, 207,
       23, 223, 110, 167, 182, 2, 111, 252, 36, 228, 222, 231, 117, 99,
       186, 64, 118, 239, 31, 239, 249, 153, 29, 125, 248, 173, 175, 192,
       45, 179, 177, 89, 6, 185, 59, 162, 210, 198, 183, 97, 170, 185,
       91, 99, 20, 222, 100, 0, 172, 61, 83, 145, 81, 219, 152, 68, 61,
       0, 175, 238, 137, 2, 163, 179, 189, 77, 111, 111, 12, 90, 207,
       252, 68, 162, 243, 66, 83, 101, 185, 227, 120, 212, 124, 234, 233,
       245, 125, 44, 177, 235, 231, 20, 101, 187, 116, 32, 245, 72, 199,
       197, 14, 26, 236, 32, 233, 130, 242, 66, 67, 40, 149, 127, 106,
       228, 108, 235, 109, 231, 229, 200, 148, 170, 194, 16, 101, 185,
       112, 4, 2, 178, 184, 177, 238, 233, 177, 207, 142, 61, 28, 187,
       140, 159, 78, 8, 175, 27, 243, 17, 18, 122, 202, 209, 93, 21, 63,
       255, 212, 8, 135, 235, 70, 34, 23, 88, 75, 65, 32, 104, 174, 16,
       225, 72, 68, 211, 40, 91, 224, 157, 106, 226, 64, 67, 138, 81,
       145, 160, 75, 63, 16, 33, 39, 130, 213, 201, 111, 175, 54, 2, 111,
       184, 52, 224, 215, 198, 243, 79, 155, 97, 118, 228, 125, 239, 233,
       144, 93, 45, 240, 235, 239, 132, 45, 179, 112, 81, 2, 189, 190,
       188, 203, 236, 52, 247, 255, 91, 72, 21, 188, 255, 66, 26, 167,
       123, 235, 145, 183, 219, 146, 115, 253, 247, 94, 75, 200, 64, 175,
       219, 88, 185, 62, 184, 42, 232, 17, 7, 174, 21, 172, 57, 191, 158,
       66, 91, 162, 51, 237, 145, 22, 73, 146, 81, 217, 225, 122, 123,
       16, 64, 39, 91, 245, 229, 200, 77, 144, 50, 78, 139, 51, 179, 237,
       144, 83, 98, 216, 178, 89, 206, 88, 174, 126, 86, 237, 34, 175,
       238, 133, 20, 164, 241, 218, 36, 44, 255, 149, 95, 248, 175, 143,
       190, 126, 191, 120, 116, 241, 103, 137, 156, 221, 126, 102, 72,
       147, 216, 251, 55, 109, 190, 119, 244, 216, 243, 194, 185, 196,
       180, 245, 67, 168, 111, 65, 25, 107, 250, 167, 24, 223, 119, 205,
       191, 19, 84, 124, 58, 49, 100, 249, 64, 143, 218, 69, 116, 202,
       227, 199, 49, 221, 219, 87, 239, 50, 10, 111, 184, 37, 160, 243,
       230, 127, 103, 169, 117, 54, 245, 61, 238, 233, 144, 45, 109, 244,
       234, 103, 128, 39, 179, 33, 113, 88, 217, 157, 255, 170, 74, 21,
       191, 182, 31, 138, 33, 247, 119, 8, 91, 129, 87, 109, 98, 120,
       201, 123, 45, 225, 167, 126, 149, 176, 113, 133, 123, 220, 156,
       153, 238, 24, 196, 19, 168, 166, 140, 143, 17, 247, 215, 72, 82,
       192, 119, 109, 82, 74, 13, 251, 51, 233, 225, 47, 89, 48, 3, 37,
       122, 222, 177, 176, 170, 139, 241, 186, 200, 143, 21, 129, 187,
       204, 222, 110, 206, 231, 17, 251, 211, 22, 7, 219, 243, 155, 85,
       139, 255, 146, 15, 45, 87, 25, 157, 24, 249, 178, 159, 53, 55, 30,
       9, 94, 100, 191, 51, 160, 224, 119, 59, 158, 8, 243, 152, 17, 31,
       236, 199, 62, 128, 62, 136, 137, 41, 58, 91, 106, 206, 116, 146,
       219, 116, 197, 12, 254, 230, 106, 217, 183, 228, 126, 176, 159,
       234, 204, 171, 36, 255, 114, 253, 162, 219, 127, 174, 124, 45,
       116, 112, 248, 103, 32, 110, 114, 216, 42, 190, 187, 41, 87, 127,
       73, 26, 187, 221, 109, 242, 12, 247, 201, 0, 219, 205, 97, 181,
       225, 115, 78, 131, 198, 110, 50, 184, 235, 241, 190, 199, 189, 14,
       152, 179, 172, 190, 103, 205, 239, 59, 203, 131, 118, 15, 130,
       242, 179, 84, 30, 171, 144, 84, 175, 207, 41, 4, 80, 69, 116, 10,
       96, 15, 116, 32, 98, 64, 147, 33, 145, 244, 90, 140, 34, 40, 97,
       184, 69, 14, 4, 174, 32, 4, 107, 168, 74, 168, 25, 79, 22, 237,
       36, 22, 78, 127, 4, 8, 222, 66, 245, 243, 161, 228, 92, 110, 62,
       238, 201, 146, 65, 141, 224, 237, 234, 128, 58, 250, 184, 169,
       203, 141, 228, 95, 167, 118, 124, 167, 121, 83, 71, 144, 249, 127,
       26, 239, 35, 87, 177, 142, 244, 216, 191, 235, 103, 111, 222, 1,
       167, 245, 239, 104, 1, 239, 217, 89, 240, 141, 174, 183, 126, 225,
       124, 232, 176, 231, 212, 52, 159, 126, 34, 28, 211, 56, 201, 115,
       44, 158, 53, 96, 216, 240, 139, 184, 198, 40, 209, 65, 196, 105,
       224, 66, 104, 243, 162, 24, 150, 22, 85, 59, 43, 213, 88, 145, 49,
       124, 209, 64, 157, 144, 93, 116, 201, 81, 67, 168, 3, 174, 138,
       24, 242, 185, 58, 199, 63, 5, 76, 237, 164, 194, 230, 156, 183,
       43, 130, 21, 150, 26, 134, 115, 186, 20, 30, 235, 152, 68, 139,
       221, 60, 109, 249, 100, 68, 75, 71, 244, 81, 166, 180, 42, 115,
       245, 209, 51, 24, 252, 68, 106, 104, 114, 236, 40, 115, 137, 101,
       57, 103, 187, 86, 234, 1, 176, 189, 251, 236, 237, 249, 159, 79,
       123, 53, 88, 158, 191, 200, 42, 143, 27, 127, 24, 147, 124, 251,
       209, 207, 219, 118, 254, 212, 200, 197, 187, 220, 88, 255, 244,
       46, 108, 125, 16, 169, 250, 182, 59, 223, 63, 193, 91, 231, 245,
       125, 130, 168, 71, 227, 192, 215, 251, 255, 152, 165, 241, 39,
       123, 181, 93, 44, 43, 156, 31, 198, 252, 84, 104, 243, 70, 211,
       56, 51, 99, 200, 70, 94, 127, 253, 169, 93, 44, 232, 169, 38, 80,
       217, 91, 217, 144, 126, 124, 56, 186, 27, 245, 90, 200, 31, 182,
       129, 171, 207, 223, 75, 217, 223, 217, 221, 243, 46, 71, 216, 176,
       251, 209, 143, 127, 178, 63, 15, 83, 93, 68, 233, 231, 36, 74,
       111, 184, 96, 226, 223, 194, 211, 101, 153, 114, 122, 196, 124,
       238, 201, 180, 253, 42, 246, 239, 227, 132, 45, 243, 112, 32, 18,
       144, 146, 186, 155, 193, 156, 101, 189, 31, 176, 43, 172, 254, 46,
       25, 255, 155, 143, 145, 30, 15, 2, 241, 155, 214, 222, 59, 144,
       20, 175, 207, 72, 50, 159, 12, 75, 69, 33, 88, 174, 92, 225, 108,
       204, 214, 98, 210, 236, 149, 238, 224, 1, 67, 242, 81, 145, 161,
       107, 191, 72, 34, 47, 115, 237, 74, 206, 85, 78, 58, 229, 18, 244,
       166, 118, 230, 211, 161, 145, 203, 106, 236, 110, 238, 169, 244,
       229, 8, 68, 171, 243, 128, 111, 249, 112, 161, 2, 160, 69, 155,
       236, 169, 168, 143, 14, 49, 49, 221, 141, 2, 216, 136, 11, 11,
       106, 29, 19, 88, 207, 209, 12, 16, 63, 252, 156, 136, 139, 144,
       197, 74, 222, 213, 108, 42, 237, 18, 236, 134, 114, 230, 209, 162,
       181, 107, 106, 100, 110, 238, 128, 245, 167, 200, 84, 170, 242, 0,
