%YAML:1.0
---
descriptors: !!opencv-matrix
   rows: 249
   cols: 32
   dt: u
   data: [ 172, 205, 78, 187, 198, 137, 236, 245, 29, 18, 114, 50, 243,
       233, 221, 75, 105, 234, 55, 211, 114, 244, 75, 241, 100, 251, 239,
       132, 245, 216, 241, 129, 114, 36, 26, 172, 9, 251, 84, 79, 189, 6,
       169, 11, 14, 202, 34, 153, 248, 169, 202, 160, 60, 35, 2, 221,
       177, 208, 211, 59, 81, 76, 174, 6, 16, 175, 82, 90, 211, 171, 102,
       199, 255, 133, 108, 8, 46, 227, 32, 212, 51, 234, 66, 8, 18, 187,
       10, 127, 59, 156, 5, 107, 242, 82, 235, 170, 2, 143, 3, 191, 52,
       131, 138, 230, 86, 9, 88, 98, 164, 250, 48, 64, 89, 58, 19, 145,
       2, 184, 64, 255, 228, 38, 170, 128, 148, 10, 49, 137, 218, 181,
       61, 248, 187, 233, 17, 207, 175, 29, 173, 57, 174, 183, 72, 122,
       135, 147, 237, 144, 58, 75, 234, 215, 219, 243, 18, 127, 144, 0,
       167, 115, 255, 95, 238, 30, 201, 54, 223, 252, 225, 206, 255, 7,
       121, 109, 159, 123, 124, 230, 117, 239, 236, 227, 190, 168, 115,
       107, 229, 156, 107, 247, 250, 87, 11, 156, 123, 251, 180, 247,
       123, 247, 127, 73, 94, 230, 253, 255, 182, 100, 255, 187, 151,
       156, 187, 156, 61, 255, 255, 255, 190, 192, 190, 196, 245, 253,
       35, 179, 248, 217, 244, 157, 248, 215, 127, 89, 116, 254, 189,
       223, 214, 32, 239, 187, 87, 149, 151, 58, 230, 241, 94, 221, 190,
       234, 223, 140, 227, 253, 192, 34, 152, 245, 44, 136, 105, 30, 174,
       157, 18, 80, 181, 195, 208, 91, 131, 103, 45, 136, 10, 76, 139,
       81, 204, 177, 251, 232, 0, 128, 5, 41, 17, 205, 95, 109, 52, 10,
       110, 49, 100, 64, 250, 70, 243, 50, 144, 113, 122, 228, 28, 238,
       237, 176, 101, 13, 228, 169, 162, 128, 109, 178, 232, 136, 77,
       126, 209, 199, 244, 42, 111, 144, 233, 202, 159, 228, 223, 103,
       217, 254, 119, 244, 124, 254, 153, 128, 237, 234, 142, 190, 39,
       132, 174, 243, 97, 113, 56, 221, 122, 250, 28, 199, 215, 244, 212,
       4, 252, 2, 51, 221, 50, 64, 88, 184, 6, 74, 74, 171, 122, 191,
       243, 237, 162, 25, 119, 155, 116, 250, 106, 170, 168, 155, 173,
       189, 217, 158, 142, 63, 157, 141, 170, 205, 87, 10, 141, 106, 249,
       29, 158, 108, 203, 181, 206, 93, 157, 249, 22, 12, 94, 74, 208,
       88, 255, 244, 36, 76, 111, 49, 160, 206, 82, 2, 119, 247, 32, 83,
       96, 244, 61, 10, 72, 157, 176, 8, 209, 171, 226, 0, 36, 232, 52,
       114, 253, 35, 156, 120, 232, 140, 81, 81, 162, 29, 181, 93, 55,
       147, 66, 27, 164, 7, 76, 92, 26, 111, 130, 32, 211, 233, 112, 73,
       232, 128, 202, 67, 61, 95, 253, 231, 246, 83, 79, 248, 80, 238,
       255, 230, 83, 117, 155, 162, 127, 212, 21, 238, 233, 178, 109, 46,
       122, 239, 165, 132, 111, 251, 244, 241, 38, 65, 22, 140, 77, 84,
       180, 64, 141, 132, 217, 3, 204, 222, 111, 207, 200, 49, 219, 227,
       68, 3, 210, 192, 17, 48, 138, 59, 18, 63, 61, 134, 126, 73, 114,
       142, 93, 87, 214, 96, 201, 4, 185, 11, 110, 92, 55, 132, 216, 177,
       223, 99, 76, 35, 88, 204, 179, 52, 11, 27, 87, 63, 125, 70, 46,
       176, 176, 186, 245, 221, 112, 73, 27, 45, 117, 11, 140, 220, 110,
       156, 217, 153, 147, 17, 22, 58, 216, 215, 15, 84, 157, 111, 146,
       14, 220, 215, 205, 92, 187, 239, 100, 78, 127, 144, 57, 202, 118,
       68, 255, 55, 161, 115, 246, 125, 61, 106, 225, 180, 177, 106, 231,
       251, 38, 128, 8, 243, 99, 123, 143, 158, 38, 155, 103, 245, 186,
       218, 223, 94, 93, 167, 172, 220, 183, 229, 239, 43, 151, 199, 231,
       180, 62, 247, 70, 89, 138, 139, 95, 13, 125, 223, 254, 190, 168,
       176, 169, 251, 88, 187, 163, 255, 148, 189, 143, 15, 82, 155, 141,
       215, 253, 145, 190, 79, 201, 144, 218, 209, 189, 255, 130, 196,
       158, 83, 80, 45, 59, 248, 25, 205, 113, 103, 173, 5, 162, 24, 54,
       151, 32, 81, 160, 187, 105, 0, 98, 203, 146, 31, 241, 228, 16,
       123, 0, 0, 135, 42, 182, 243, 195, 186, 254, 1, 207, 216, 151, 84,
       244, 239, 67, 205, 251, 12, 127, 200, 135, 255, 202, 35, 174, 243,
       120, 4, 175, 252, 247, 191, 246, 241, 95, 1, 229, 133, 142, 114,
       143, 152, 66, 246, 150, 198, 217, 44, 215, 239, 79, 196, 125, 255,
       169, 113, 239, 192, 12, 62, 239, 180, 175, 255, 84, 116, 7, 149,
       230, 211, 199, 50, 190, 173, 123, 19, 87, 178, 72, 254, 252, 239,
       119, 87, 179, 159, 182, 208, 175, 227, 46, 126, 223, 199, 135,
       247, 249, 245, 87, 186, 172, 165, 40, 90, 88, 184, 18, 244, 134,
       239, 199, 108, 211, 2, 213, 197, 253, 245, 157, 65, 239, 8, 218,
       103, 237, 245, 172, 166, 30, 87, 61, 128, 235, 248, 150, 130, 237,
       219, 86, 67, 210, 146, 81, 233, 185, 104, 123, 140, 50, 189, 251,
       183, 53, 210, 250, 239, 158, 68, 181, 216, 240, 160, 80, 208, 159,
       254, 202, 96, 53, 207, 190, 23, 226, 179, 117, 247, 40, 90, 227,
       211, 43, 144, 50, 203, 147, 97, 249, 167, 126, 75, 177, 80, 165,
       154, 30, 147, 166, 168, 163, 82, 124, 213, 173, 93, 223, 167, 141,
       175, 106, 206, 230, 151, 175, 149, 28, 137, 51, 192, 155, 243,
       222, 199, 166, 214, 173, 95, 14, 164, 56, 226, 245, 201, 177, 207,
       30, 53, 13, 59, 140, 223, 104, 64, 209, 27, 131, 17, 18, 58, 104,
       213, 253, 213, 15, 127, 146, 10, 133, 226, 151, 61, 123, 252, 126,
       241, 187, 216, 159, 76, 92, 167, 124, 253, 191, 40, 254, 123, 23,
       247, 163, 3, 46, 255, 115, 93, 171, 171, 245, 253, 61, 243, 86,
       33, 27, 184, 75, 193, 27, 72, 175, 4, 169, 169, 78, 222, 44, 208,
       254, 177, 207, 226, 10, 3, 138, 217, 177, 213, 11, 59, 16, 35, 39,
       83, 131, 234, 233, 213, 102, 152, 249, 55, 123, 105, 84, 246, 185,
       140, 212, 41, 46, 63, 55, 157, 209, 252, 228, 193, 78, 127, 254,
       224, 207, 132, 211, 237, 126, 17, 210, 236, 155, 82, 26, 105, 129,
       132, 248, 163, 79, 255, 99, 212, 254, 181, 173, 160, 28, 139, 2,
       200, 155, 244, 143, 159, 179, 38, 46, 86, 217, 11, 111, 253, 22,
       140, 107, 50, 212, 64, 86, 198, 55, 201, 177, 97, 102, 224, 63,
       78, 233, 189, 38, 173, 210, 235, 234, 128, 47, 169, 113, 57, 159,
       126, 47, 184, 190, 247, 155, 218, 157, 220, 212, 231, 124, 220,
       183, 15, 222, 113, 223, 247, 175, 199, 34, 238, 250, 83, 175, 219,
       142, 61, 53, 247, 3, 25, 110, 139, 245, 215, 162, 232, 92, 64, 89,
       70, 232, 88, 191, 224, 218, 43, 146, 103, 151, 184, 124, 253, 38,
       29, 138, 67, 93, 15, 121, 220, 203, 182, 148, 155, 173, 60, 148,
       159, 223, 123, 16, 124, 172, 184, 76, 239, 197, 71, 238, 17, 183,
       109, 219, 243, 143, 82, 95, 255, 154, 92, 153, 31, 247, 36, 172,
       165, 140, 55, 140, 186, 22, 246, 134, 157, 211, 108, 83, 11, 205,
       199, 121, 181, 173, 69, 223, 10, 200, 35, 239, 60, 140, 124, 24,
       90, 102, 107, 42, 190, 109, 157, 150, 72, 143, 252, 145, 175, 206,
       200, 127, 128, 201, 233, 223, 103, 206, 99, 206, 249, 176, 80,
       139, 187, 93, 63, 63, 71, 116, 244, 157, 84, 137, 93, 86, 168,
       195, 254, 164, 12, 226, 113, 79, 63, 153, 198, 108, 122, 110, 99,
       251, 56, 171, 218, 69, 63, 194, 122, 70, 78, 78, 19, 242, 204,
       243, 212, 122, 81, 173, 205, 223, 166, 72, 255, 167, 244, 126,
       177, 191, 208, 156, 3, 178, 194, 119, 125, 138, 203, 174, 166, 44,
       119, 217, 28, 63, 252, 7, 246, 89, 35, 253, 66, 198, 18, 159, 191,
       50, 107, 230, 181, 61, 141, 105, 239, 50, 206, 211, 251, 90, 8,
       10, 96, 33, 122, 150, 30, 102, 145, 175, 115, 153, 114, 157, 254,
       150, 183, 76, 60, 247, 111, 239, 245, 255, 167, 189, 231, 53, 222,
       218, 82, 251, 215, 167, 109, 53, 119, 131, 22, 47, 155, 52, 231,
       189, 91, 223, 94, 209, 183, 224, 220, 183, 109, 254, 59, 31, 135,
       167, 161, 127, 221, 7, 26, 155, 130, 93, 89, 117, 215, 134, 214,
       127, 223, 102, 198, 173, 49, 188, 94, 83, 118, 244, 247, 184, 107,
       119, 113, 63, 170, 225, 197, 58, 111, 165, 58, 107, 128, 28, 224,
       165, 241, 35, 54, 122, 91, 108, 247, 190, 64, 93, 238, 117, 182,
       160, 220, 183, 45, 254, 59, 151, 138, 165, 242, 126, 248, 7, 88,
