%YAML:1.0
---
descriptors: !!opencv-matrix
   rows: 307
   cols: 32
   dt: u
   data: [ 217, 164, 62, 58, 186, 216, 61, 191, 190, 83, 135, 48, 253,
       215, 138, 123, 39, 119, 249, 156, 114, 73, 171, 117, 249, 227,
       127, 201, 162, 68, 163, 99, 157, 87, 239, 103, 178, 62, 255, 184,
       127, 239, 119, 245, 217, 127, 155, 233, 119, 95, 255, 238, 165,
       240, 237, 238, 238, 255, 39, 132, 239, 247, 197, 241, 106, 129,
       40, 158, 157, 221, 149, 111, 159, 85, 204, 25, 174, 204, 54, 196,
       200, 179, 251, 1, 94, 47, 114, 247, 215, 117, 154, 123, 82, 12,
       157, 126, 56, 159, 102, 72, 147, 147, 86, 255, 101, 12, 190, 166,
       75, 39, 166, 244, 124, 150, 204, 108, 220, 171, 37, 191, 187, 255,
       4, 87, 115, 142, 236, 125, 253, 112, 248, 224, 169, 95, 83, 220,
       119, 254, 164, 8, 95, 147, 75, 122, 181, 204, 253, 122, 140, 71,
       249, 146, 219, 223, 69, 63, 186, 183, 74, 67, 91, 185, 145, 178,
       155, 173, 24, 198, 171, 113, 168, 205, 175, 166, 64, 150, 167,
       231, 236, 149, 31, 75, 146, 241, 152, 244, 30, 122, 136, 4, 131,
       92, 151, 76, 231, 223, 46, 11, 238, 236, 125, 50, 243, 26, 123,
       107, 157, 121, 123, 245, 127, 234, 104, 245, 79, 239, 150, 170,
       223, 4, 101, 249, 81, 36, 92, 30, 127, 252, 50, 66, 95, 50, 164,
       142, 254, 161, 255, 103, 35, 88, 54, 245, 237, 226, 72, 135, 2,
       110, 241, 231, 111, 129, 224, 243, 39, 123, 0, 143, 43, 185, 180,
       175, 234, 198, 118, 1, 90, 195, 177, 169, 48, 64, 121, 42, 3, 157,
       154, 184, 4, 127, 236, 44, 178, 64, 213, 138, 240, 232, 125, 181,
       232, 102, 249, 95, 87, 152, 123, 236, 191, 173, 219, 125, 222, 50,
       31, 255, 221, 115, 237, 98, 253, 106, 255, 221, 37, 189, 207, 247,
       206, 115, 52, 237, 210, 239, 220, 43, 110, 239, 103, 161, 235, 11,
       99, 233, 92, 80, 248, 206, 107, 194, 10, 179, 203, 179, 190, 236,
       135, 61, 245, 251, 240, 130, 84, 122, 142, 166, 160, 4, 127, 144,
       160, 174, 143, 173, 253, 231, 195, 90, 55, 229, 109, 214, 72, 197,
       139, 104, 216, 231, 239, 128, 168, 243, 41, 81, 38, 245, 39, 80,
       217, 213, 181, 249, 151, 216, 208, 110, 120, 220, 236, 165, 157,
       218, 211, 241, 227, 103, 186, 253, 59, 24, 13, 238, 83, 60, 246,
       247, 139, 220, 53, 222, 44, 213, 237, 254, 223, 78, 240, 66, 188,
       62, 181, 229, 238, 115, 62, 72, 227, 45, 51, 255, 35, 250, 250,
       138, 82, 152, 101, 125, 133, 244, 187, 91, 244, 255, 230, 216,
       126, 75, 117, 84, 222, 248, 253, 172, 179, 74, 22, 31, 183, 180,
       57, 115, 15, 223, 55, 68, 216, 217, 249, 181, 129, 220, 119, 93,
       36, 220, 237, 182, 221, 90, 114, 64, 187, 60, 181, 229, 202, 50,
       62, 72, 227, 173, 55, 255, 37, 250, 114, 0, 84, 152, 101, 237,
       180, 205, 187, 190, 252, 229, 151, 239, 154, 255, 185, 27, 246,
       255, 107, 11, 251, 243, 23, 83, 122, 111, 122, 123, 249, 135, 111,
       125, 149, 123, 167, 226, 129, 217, 115, 111, 116, 223, 239, 180,
       124, 64, 122, 64, 243, 84, 157, 52, 126, 248, 78, 106, 195, 176,
       125, 63, 165, 252, 34, 0, 100, 154, 83, 253, 101, 21, 109, 101,
       164, 78, 111, 57, 96, 232, 127, 104, 211, 53, 152, 112, 30, 220,
       124, 106, 217, 176, 253, 14, 228, 175, 229, 132, 109, 250, 210,
       113, 12, 190, 117, 97, 242, 170, 187, 178, 56, 41, 122, 228, 221,
       47, 128, 48, 39, 117, 69, 97, 176, 184, 69, 111, 108, 166, 41,
       196, 229, 161, 7, 177, 194, 190, 148, 59, 107, 233, 176, 7, 191,
       63, 48, 249, 174, 150, 70, 159, 135, 59, 239, 0, 54, 77, 194, 243,
       140, 210, 90, 251, 208, 4, 143, 207, 56, 249, 120, 104, 88, 205,
       83, 244, 98, 8, 172, 8, 63, 211, 0, 48, 186, 184, 85, 72, 75, 43,
       48, 61, 251, 205, 32, 57, 123, 130, 66, 187, 60, 65, 71, 173, 79,
       195, 106, 64, 197, 128, 227, 130, 99, 193, 49, 197, 120, 168, 171,
       239, 73, 179, 84, 157, 21, 97, 131, 16, 55, 175, 124, 160, 188,
       69, 89, 111, 116, 15, 78, 252, 85, 32, 113, 106, 83, 89, 153, 17,
       126, 152, 23, 234, 200, 182, 73, 31, 102, 201, 161, 164, 127, 187,
       74, 161, 39, 119, 243, 77, 246, 70, 239, 120, 29, 200, 125, 230,
       81, 247, 189, 36, 94, 108, 23, 238, 193, 178, 100, 202, 36, 60,
       37, 132, 111, 251, 98, 241, 58, 232, 234, 190, 82, 197, 94, 205,
       51, 198, 68, 139, 125, 199, 42, 88, 123, 249, 151, 151, 78, 214,
       90, 125, 247, 199, 191, 169, 49, 16, 174, 218, 125, 227, 80, 166,
       148, 140, 74, 233, 43, 136, 185, 74, 223, 219, 89, 208, 254, 253,
       92, 247, 90, 50, 200, 44, 184, 237, 47, 124, 33, 43, 75, 32, 130,
       28, 51, 218, 87, 231, 179, 99, 159, 78, 90, 55, 108, 222, 36, 64,
       255, 187, 147, 129, 162, 191, 58, 255, 125, 62, 155, 10, 21, 78,
       37, 211, 130, 219, 120, 153, 102, 129, 185, 221, 31, 89, 84, 231,
       156, 158, 183, 72, 238, 25, 23, 215, 195, 18, 42, 213, 70, 24,
       186, 238, 28, 140, 33, 241, 117, 77, 75, 254, 28, 130, 71, 240,
       196, 128, 223, 2, 115, 241, 49, 96, 120, 228, 62, 234, 72, 163,
       10, 47, 243, 175, 167, 24, 53, 187, 112, 32, 41, 141, 100, 159,
       172, 27, 198, 171, 87, 90, 222, 98, 243, 120, 182, 229, 89, 226,
       62, 47, 237, 232, 79, 191, 166, 127, 245, 149, 127, 254, 216, 141,
       133, 88, 249, 229, 52, 110, 111, 146, 125, 202, 118, 244, 223, 85,
       153, 120, 126, 204, 30, 108, 233, 180, 117, 78, 228, 255, 35, 132,
       100, 248, 65, 113, 142, 249, 187, 243, 239, 217, 181, 197, 143,
       61, 84, 35, 140, 159, 98, 8, 163, 27, 163, 82, 82, 124, 58, 240,
       239, 209, 31, 111, 146, 25, 141, 251, 194, 108, 150, 188, 203,
       224, 52, 231, 191, 151, 64, 49, 172, 246, 33, 223, 227, 123, 171,
       145, 34, 79, 130, 233, 185, 242, 94, 11, 144, 84, 167, 47, 58, 61,
       107, 228, 83, 210, 27, 230, 61, 196, 238, 171, 14, 158, 35, 112,
       254, 191, 159, 193, 76, 155, 176, 238, 243, 245, 138, 3, 3, 22,
       47, 94, 122, 39, 238, 228, 87, 83, 251, 120, 31, 172, 254, 143,
       77, 239, 54, 4, 254, 237, 247, 225, 204, 243, 169, 222, 250, 253,
       139, 135, 39, 174, 125, 215, 194, 178, 182, 151, 226, 178, 184,
       167, 58, 183, 66, 245, 140, 166, 194, 207, 39, 31, 235, 149, 182,
       220, 135, 195, 28, 50, 222, 226, 140, 68, 175, 221, 223, 96, 18,
       140, 123, 83, 26, 72, 184, 192, 192, 137, 204, 198, 35, 244, 182,
       249, 223, 103, 37, 135, 6, 204, 144, 48, 11, 159, 28, 55, 43, 149,
       207, 62, 190, 214, 232, 60, 57, 82, 171, 223, 183, 188, 188, 183,
       195, 255, 231, 119, 255, 156, 177, 71, 242, 224, 223, 123, 122,
       186, 130, 229, 39, 245, 122, 186, 148, 186, 171, 185, 20, 71, 171,
       155, 168, 237, 174, 235, 64, 154, 135, 179, 236, 16, 30, 75, 194,
       241, 154, 214, 92, 123, 202, 70, 139, 31, 83, 182, 191, 158, 170,
       252, 61, 239, 190, 95, 135, 188, 252, 246, 206, 126, 167, 255,
       255, 133, 179, 79, 191, 119, 249, 54, 127, 251, 128, 84, 167, 127,
       74, 185, 252, 118, 173, 221, 221, 212, 171, 253, 52, 9, 191, 253,
       94, 186, 135, 123, 253, 81, 150, 107, 250, 160, 75, 217, 84, 187,
       231, 215, 207, 251, 192, 188, 156, 185, 43, 233, 16, 15, 190, 63,
       176, 57, 174, 191, 66, 27, 131, 19, 236, 17, 38, 109, 195, 51,
       204, 211, 113, 123, 208, 8, 15, 11, 3, 87, 237, 7, 34, 26, 175,
       188, 44, 226, 94, 230, 253, 38, 155, 103, 54, 69, 63, 239, 193,
       208, 117, 108, 100, 47, 238, 128, 45, 243, 129, 125, 101, 235,
       220, 69, 212, 31, 97, 188, 118, 188, 118, 12, 83, 32, 215, 114,
       17, 204, 36, 92, 205, 248, 239, 40, 78, 139, 101, 196, 233, 177,
       88, 5, 27, 150, 74, 169, 50, 45, 123, 216, 41, 15, 127, 205, 239,
       79, 10, 216, 182, 153, 221, 166, 138, 148, 29, 215, 214, 255, 58,
       134, 46, 199, 43, 81, 120, 109, 12, 245, 153, 111, 68, 230, 53,
       167, 170, 26, 51, 51, 1, 88, 105, 230, 104, 192, 40, 219, 209, 63,
       253, 231, 215, 17, 227, 112, 234, 10, 138, 28, 115, 190, 87, 227,
       187, 99, 31, 71, 91, 183, 108, 255, 36, 196, 255, 59, 147, 129,
