%YAML:1.0
---
descriptors: !!opencv-matrix
   rows: 33
   cols: 32
   dt: u
   data: [ 109, 245, 253, 101, 180, 110, 111, 189, 113, 162, 255, 88,
       211, 53, 152, 50, 63, 212, 108, 42, 249, 240, 253, 14, 239, 239,
       101, 20, 229, 250, 198, 48, 87, 205, 67, 134, 146, 178, 238, 246,
       52, 194, 219, 199, 113, 238, 176, 224, 126, 231, 21, 239, 237,
       155, 12, 238, 176, 46, 175, 128, 45, 246, 56, 212, 205, 57, 191,
       99, 176, 110, 115, 144, 121, 200, 118, 4, 255, 119, 65, 122, 181,
       124, 124, 122, 161, 240, 185, 106, 207, 251, 101, 64, 200, 243,
       71, 115, 57, 159, 107, 254, 150, 163, 79, 247, 212, 0, 222, 230,
       113, 227, 176, 96, 126, 234, 14, 206, 219, 171, 44, 191, 248, 239,
       162, 200, 61, 202, 240, 57, 25, 141, 107, 207, 86, 199, 239, 248,
       116, 64, 254, 66, 121, 119, 177, 96, 126, 234, 23, 238, 201, 178,
       45, 255, 115, 237, 167, 128, 55, 162, 112, 224, 2, 158, 134, 155,
       243, 144, 188, 231, 190, 23, 74, 183, 172, 238, 102, 192, 231, 59,
       179, 149, 118, 216, 14, 247, 44, 54, 158, 203, 148, 68, 173, 223,
       162, 238, 233, 187, 252, 233, 141, 199, 30, 103, 88, 187, 161,
       173, 214, 0, 89, 59, 147, 149, 58, 190, 78, 183, 108, 23, 157,
       241, 213, 220, 150, 250, 49, 135, 107, 238, 158, 163, 207, 252,
       86, 65, 221, 230, 115, 233, 184, 96, 127, 234, 22, 172, 155, 171,
       47, 191, 248, 239, 167, 216, 189, 218, 240, 169, 35, 185, 35, 155,
       245, 217, 166, 230, 94, 73, 88, 102, 188, 252, 182, 164, 223, 107,
       18, 77, 199, 186, 110, 255, 44, 30, 158, 234, 94, 12, 209, 253,
       83, 141, 103, 206, 213, 246, 239, 246, 245, 192, 218, 194, 104,
       254, 180, 228, 126, 230, 62, 239, 237, 155, 53, 239, 56, 62, 143,
       130, 47, 246, 240, 124, 94, 188, 181, 211, 143, 125, 149, 143, 95,
       243, 129, 26, 206, 60, 76, 175, 137, 87, 251, 17, 55, 124, 251,
       178, 143, 218, 95, 119, 210, 77, 133, 118, 210, 189, 83, 184, 155,
       240, 20, 239, 187, 23, 232, 185, 46, 191, 36, 212, 163, 219, 237,
       128, 62, 75, 130, 243, 187, 247, 30, 123, 242, 84, 175, 95, 2,
       159, 132, 185, 211, 133, 60, 239, 30, 29, 72, 167, 172, 238, 34,
       64, 231, 59, 179, 149, 86, 24, 83, 245, 172, 54, 158, 203, 148,
       68, 169, 158, 3, 249, 51, 155, 118, 217, 183, 230, 94, 65, 88,
       226, 172, 252, 183, 228, 254, 107, 18, 69, 199, 184, 46, 253, 44,
       30, 30, 234, 84, 31, 49, 237, 215, 196, 111, 214, 140, 102, 79,
       248, 248, 246, 151, 26, 81, 114, 159, 123, 113, 196, 125, 239,
       185, 71, 189, 110, 249, 42, 239, 220, 164, 243, 54, 100, 163, 188,
       248, 88, 239, 185, 180, 255, 95, 59, 180, 126, 40, 186, 198, 189,
       207, 155, 246, 16, 246, 110, 254, 211, 62, 91, 85, 255, 223, 88,
       202, 143, 223, 14, 164, 181, 172, 38, 77, 26, 188, 178, 135, 213,
       221, 107, 19, 79, 199, 101, 125, 175, 184, 69, 203, 202, 208, 251,
       207, 148, 142, 245, 57, 0, 124, 255, 176, 250, 185, 205, 87, 188,
       171, 189, 189, 45, 239, 207, 72, 146, 135, 251, 237, 82, 202, 74,
       250, 181, 235, 213, 53, 255, 50, 19, 134, 107, 56, 61, 58, 126,
       121, 221, 85, 115, 135, 236, 188, 41, 54, 191, 3, 16, 140, 59,
       197, 0, 76, 43, 114, 60, 243, 213, 48, 59, 82, 168, 78, 203, 3,
       201, 2, 171, 255, 133, 190, 231, 14, 69, 88, 135, 172, 174, 50,
       192, 238, 43, 147, 197, 86, 24, 82, 245, 60, 20, 142, 235, 28, 30,
       185, 158, 100, 164, 216, 187, 228, 232, 113, 143, 58, 55, 109, 57,
       194, 233, 74, 90, 209, 94, 163, 16, 22, 122, 202, 19, 79, 183, 85,
       109, 144, 201, 222, 130, 35, 249, 49, 75, 221, 149, 175, 238, 207,
       93, 124, 14, 168, 220, 254, 36, 220, 123, 18, 205, 195, 58, 250,
       245, 61, 28, 159, 234, 83, 30, 231, 253, 94, 181, 178, 242, 199,
       189, 52, 207, 95, 179, 10, 26, 78, 184, 72, 172, 179, 223, 163,
       17, 26, 122, 155, 243, 157, 215, 93, 119, 170, 76, 141, 6, 117,
       217, 221, 39, 170, 11, 79, 152, 42, 240, 187, 237, 215, 103, 203,
       82, 55, 197, 124, 118, 149, 65, 239, 48, 236, 175, 101, 244, 172,
       243, 130, 81, 90, 175, 58, 186, 251, 240, 157, 239, 187, 87, 232,
       185, 44, 190, 102, 81, 239, 187, 227, 129, 126, 75, 170, 247, 249,
       87, 158, 107, 145, 84, 175, 94, 95, 12, 142, 180, 141, 54, 77, 11,
       191, 182, 143, 25, 207, 227, 83, 223, 193, 229, 121, 159, 56, 69,
       251, 194, 219, 255, 223, 29, 130, 245, 177, 64, 151, 135, 105, 15,
       162, 14, 111, 184, 60, 104, 91, 230, 213, 102, 154, 96, 54, 207,
       29, 239, 241, 144, 173, 111, 164, 46, 171, 196, 45, 163, 131, 245,
       2, 135, 10, 139, 217, 133, 62, 231, 142, 5, 72, 133, 172, 166, 34,
       64, 244, 43, 139, 149, 86, 152, 26, 247, 173, 52, 158, 235, 16, 6,
       173, 218, 40, 141, 110, 221, 181, 182, 236, 55, 84, 10, 126, 2,
       249, 43, 180, 225, 104, 42, 183, 136, 248, 184, 53, 237, 103, 239,
       246, 129, 23, 200, 240, 168, 147, 141, 238, 213, 134, 18, 237,
       183, 237, 194, 222, 130, 249, 46, 146, 98, 110, 231, 125, 205,
       233, 217, 181, 238, 241, 175, 254, 128, 37, 240, 181, 108, 2, 189,
       173, 185, 221, 235, 181, 207, 30, 247, 152, 155, 140, 189, 82, 8,
       169, 27, 211, 145, 18, 123, 211, 211, 205, 23, 95, 111, 213, 76,
       183, 250, 8, 159, 127, 245, 230, 234, 117, 55, 61, 140, 126, 100,
       191, 63, 128, 81, 166, 63, 39, 8, 176, 248, 33, 77, 110, 251, 116,
       192, 98, 192, 199, 235, 106, 177, 243, 154, 219, 245, 148, 239,
       155, 85, 173, 27, 44, 255, 110, 148, 205, 187, 243, 144, 19, 75,
       186, 241, 63, 94, 20, 111, 219, 68, 166, 246 ]
keypoints: !!opencv-matrix
   rows: 33
   cols: 2
   dt: d
   data: [ 335., 191., 223., 143., 1.1880000305175781e+02, 144.,
       1.1880000305175781e+02, 1.1640000152587891e+02,
       3.3840002441406250e+02, 1.5984001159667969e+02,
       2.6438403320312500e+02, 1.3305601501464844e+02,
       1.6070401000976562e+02, 1.4860801696777344e+02,
       1.1819521331787109e+02, 1.1819521331787109e+02,
       2.6956802368164062e+02, 1.4307841491699219e+02,
       2.2394883728027344e+02, 1.4515202331542969e+02,
       2.9030404663085938e+02, 1.5966722106933594e+02,
       1.5759362792968750e+02, 1.8455043029785156e+02,
       2.6376199340820312e+02, 1.3188099670410156e+02,
       2.6873861694335938e+02, 1.4432260131835938e+02,
       1.9906564331054688e+02, 1.4681091308593750e+02,
       1.5676419067382812e+02, 1.6422915649414062e+02,
       2.9362182617187500e+02, 1.8911236572265625e+02,
       2.7620358276367188e+02, 1.9160069274902344e+02,
       2.7122695922851562e+02, 2.1150724792480469e+02,
       2.6276666259765625e+02, 1.3735530090332031e+02,
       2.8964053344726562e+02, 1.4332727050781250e+02,
       2.7172460937500000e+02, 1.5228521728515625e+02,
       2.8964053344726562e+02, 1.5527120971679688e+02,
       2.0304696655273438e+02, 1.5825720214843750e+02,
       1.5825720214843750e+02, 1.8214508056640625e+02,
       2.9262652587890625e+02, 1.8513105773925781e+02,
       1.9110302734375000e+02, 2.0304696655273438e+02,
       2.6157226562500000e+02, 1.2899455261230469e+02,
       2.3290681457519531e+02, 1.4332727050781250e+02,
       2.2215727233886719e+02, 1.5049363708496094e+02,
       1.6124317932128906e+02, 1.5407681274414062e+02,
       2.2215727233886719e+02, 1.7915908813476562e+02,
       1.5766000366210938e+02, 1.8274227905273438e+02 ]
