%YAML:1.0
---
descriptors: !!opencv-matrix
   rows: 208
   cols: 32
   dt: u
   data: [ 98, 111, 51, 190, 76, 173, 148, 103, 137, 132, 248, 75, 38,
       201, 37, 16, 200, 187, 99, 1, 74, 171, 194, 111, 49, 20, 18, 59,
       65, 90, 70, 138, 113, 221, 93, 76, 58, 14, 71, 190, 164, 8, 174,
       236, 115, 119, 161, 117, 86, 212, 108, 104, 105, 11, 105, 29, 242,
       171, 37, 92, 56, 178, 64, 57, 85, 252, 186, 190, 62, 135, 155,
       184, 206, 200, 156, 103, 116, 251, 107, 64, 245, 109, 125, 87,
       135, 193, 154, 63, 248, 175, 47, 184, 152, 59, 9, 19, 86, 22, 157,
       139, 138, 34, 158, 138, 142, 183, 153, 247, 197, 110, 73, 75, 199,
       87, 237, 183, 52, 71, 203, 114, 152, 6, 255, 255, 149, 115, 45, 3,
       143, 216, 252, 127, 171, 148, 63, 152, 190, 19, 71, 176, 253, 211,
       203, 235, 103, 115, 255, 222, 230, 212, 255, 115, 206, 239, 127,
       129, 190, 247, 41, 25, 166, 156, 236, 23, 213, 242, 214, 239, 19,
       255, 116, 151, 104, 237, 127, 137, 217, 230, 179, 133, 246, 252,
       95, 255, 47, 22, 213, 199, 255, 108, 220, 222, 87, 118, 207, 165,
       162, 34, 126, 190, 48, 226, 90, 231, 93, 47, 27, 90, 55, 199, 125,
       175, 229, 209, 157, 106, 244, 39, 239, 132, 172, 247, 171, 89,
       165, 117, 99, 69, 244, 75, 239, 120, 117, 232, 127, 236, 211, 85,
       149, 53, 94, 220, 22, 106, 249, 176, 125, 14, 37, 156, 33, 196,
       111, 171, 82, 241, 88, 183, 154, 48, 187, 141, 88, 87, 162, 61,
       172, 189, 47, 131, 66, 144, 167, 159, 205, 16, 30, 75, 130, 19,
       250, 197, 52, 253, 168, 132, 175, 27, 71, 94, 235, 158, 214, 246,
       239, 231, 253, 79, 91, 247, 232, 236, 183, 237, 243, 111, 187,
       135, 245, 137, 182, 238, 38, 62, 222, 138, 173, 85, 249, 220, 131,
       92, 230, 191, 141, 20, 125, 198, 245, 6, 198, 22, 164, 162, 35,
       126, 204, 115, 187, 193, 229, 141, 55, 235, 33, 114, 222, 2, 60,
       244, 244, 188, 96, 105, 109, 5, 205, 75, 199, 173, 66, 228, 168,
       137, 195, 40, 87, 18, 88, 196, 99, 239, 76, 50, 253, 28, 111, 0,
       133, 61, 113, 186, 86, 202, 80, 251, 147, 186, 186, 140, 19, 199,
       174, 89, 138, 237, 191, 214, 64, 82, 167, 115, 108, 85, 83, 75,
       154, 97, 248, 228, 62, 122, 136, 18, 163, 91, 64, 143, 63, 53,
       112, 174, 169, 55, 236, 77, 126, 116, 175, 35, 176, 212, 132, 39,
       108, 13, 176, 184, 1, 79, 165, 255, 50, 192, 66, 68, 197, 105, 3,
       152, 18, 155, 125, 181, 184, 103, 31, 89, 80, 119, 172, 154, 36,
       204, 231, 59, 179, 21, 23, 156, 83, 245, 12, 54, 26, 195, 26, 12,
       41, 159, 131, 222, 19, 155, 47, 149, 188, 247, 222, 91, 80, 118,
       188, 158, 244, 225, 199, 27, 58, 129, 231, 77, 26, 241, 37, 24,
       254, 234, 24, 84, 169, 157, 205, 52, 186, 184, 187, 189, 51, 223,
       254, 219, 37, 52, 222, 247, 235, 248, 183, 127, 238, 48, 179, 69,
       187, 86, 207, 215, 55, 110, 154, 117, 173, 243, 50, 161, 82, 122,
       95, 169, 208, 107, 27, 1, 233, 11, 38, 201, 44, 16, 216, 155, 67,
       1, 26, 43, 210, 213, 17, 180, 16, 123, 81, 8, 226, 130, 190, 165,
       70, 233, 245, 159, 94, 255, 23, 234, 124, 79, 75, 233, 183, 148,
       121, 170, 151, 174, 108, 178, 73, 159, 62, 223, 165, 135, 127,
       254, 216, 143, 252, 120, 249, 242, 173, 93, 87, 216, 187, 254,
       165, 24, 31, 223, 73, 187, 219, 213, 221, 82, 107, 103, 250, 144,
       219, 217, 5, 63, 226, 185, 70, 99, 170, 205, 114, 222, 87, 159,
       182, 231, 93, 2, 121, 59, 106, 252, 62, 133, 216, 59, 147, 99,
       102, 190, 24, 255, 35, 95, 80, 43, 87, 126, 215, 142, 74, 126,
       167, 151, 183, 244, 188, 39, 156, 198, 214, 151, 236, 238, 183,
       235, 110, 119, 187, 143, 164, 217, 183, 238, 103, 55, 222, 129,
       134, 116, 181, 90, 69, 15, 141, 165, 138, 35, 143, 154, 6, 183,
       154, 255, 213, 39, 211, 74, 71, 199, 125, 151, 184, 80, 239, 32,
       204, 135, 239, 180, 180, 241, 149, 80, 79, 201, 174, 158, 213,
       214, 190, 229, 252, 87, 214, 135, 252, 236, 191, 239, 247, 111,
       187, 199, 245, 201, 190, 237, 126, 63, 222, 139, 135, 118, 185,
       222, 50, 158, 172, 191, 157, 103, 152, 235, 154, 251, 144, 247,
       97, 124, 62, 3, 217, 119, 177, 165, 188, 239, 90, 159, 75, 71,
       255, 215, 221, 108, 92, 218, 89, 249, 158, 62, 58, 216, 27, 152,
       166, 213, 142, 160, 255, 215, 202, 114, 38, 117, 253, 208, 11, 65,
       171, 113, 217, 161, 47, 249, 34, 7, 39, 123, 95, 121, 237, 163,
       146, 94, 127, 153, 32, 240, 15, 134, 93, 102, 219, 58, 55, 197,
       125, 255, 221, 208, 189, 232, 254, 73, 239, 228, 175, 247, 147,
       112, 90, 187, 144, 186, 171, 153, 24, 159, 171, 57, 160, 253, 175,
       170, 66, 154, 167, 215, 237, 21, 31, 75, 202, 179, 154, 241, 60,
       251, 170, 68, 139, 31, 206, 160, 252, 243, 175, 120, 250, 140,
       171, 115, 21, 155, 253, 127, 94, 43, 183, 83, 253, 255, 178, 68,
       223, 241, 207, 91, 223, 255, 134, 213, 143, 122, 63, 254, 163,
       172, 223, 7, 159, 254, 147, 234, 216, 207, 124, 253, 51, 36, 253,
       253, 23, 111, 233, 91, 184, 191, 121, 14, 173, 188, 62, 254, 50,
       249, 168, 161, 144, 114, 205, 237, 80, 239, 203, 53, 161, 25, 46,
       249, 76, 146, 137, 155, 194, 16, 22, 106, 218, 179, 91, 213, 21,
       127, 211, 12, 206, 138, 2, 172, 182, 208, 203, 240, 49, 199, 191,
       31, 198, 19, 44, 191, 100, 207, 225, 59, 235, 144, 50, 223, 162,
       243, 155, 214, 94, 107, 130, 68, 165, 238, 3, 188, 179, 156, 109,
       245, 189, 231, 223, 83, 152, 94, 172, 190, 100, 230, 239, 51, 90,
       5, 167, 11, 50, 243, 181, 22, 30, 42, 152, 92, 161, 255, 252, 237,
       188, 127, 205, 95, 86, 236, 243, 182, 165, 25, 111, 127, 75, 159,
       217, 214, 233, 114, 122, 103, 219, 191, 251, 219, 197, 63, 211,
       116, 222, 42, 162, 185, 49, 154, 79, 213, 184, 202, 159, 93, 81,
       59, 172, 220, 116, 140, 204, 59, 147, 211, 199, 107, 90, 241, 21,
       16, 154, 171, 87, 12, 53, 223, 161, 57, 121, 85, 116, 205, 101,
       51, 121, 224, 102, 24, 178, 17, 20, 49, 8, 42, 18, 8, 193, 248,
       112, 108, 71, 155, 80, 32, 72, 136, 194, 168, 34, 168, 170, 187,
       84, 233, 177, 207, 86, 69, 85, 147, 161, 204, 114, 8, 217, 43,
       147, 21, 22, 122, 126, 179, 77, 7, 155, 105, 213, 12, 215, 218,
       180, 199, 69, 47, 204, 11, 102, 173, 116, 54, 234, 211, 195, 97,
       25, 145, 89, 198, 110, 98, 120, 242, 77, 63, 188, 162, 101, 85,
       97, 123, 214, 130, 106, 48, 178, 94, 107, 116, 144, 87, 171, 91,
       184, 125, 62, 252, 100, 186, 142, 183, 253, 17, 151, 107, 146,
       192, 19, 127, 88, 187, 203, 68, 175, 95, 228, 164, 185, 96, 221,
       125, 208, 143, 75, 241, 173, 24, 146, 152, 92, 58, 153, 154, 80,
       49, 31, 102, 250, 18, 79, 217, 21, 127, 192, 72, 222, 230, 89, 29,
       127, 101, 2, 110, 127, 58, 36, 226, 110, 133, 87, 39, 147, 81, 54,
       85, 125, 174, 225, 176, 53, 12, 231, 239, 96, 4, 109, 242, 73, 88,
       135, 151, 77, 47, 240, 14, 239, 185, 56, 90, 115, 213, 213, 111,
       154, 49, 151, 69, 85, 239, 241, 148, 121, 63, 101, 171, 105, 196,
       76, 163, 195, 241, 47, 190, 166, 155, 253, 215, 191, 249, 223,
       254, 212, 7, 104, 252, 191, 165, 253, 107, 183, 45, 247, 251, 63,
       191, 126, 95, 223, 239, 223, 108, 125, 215, 62, 60, 164, 82, 153,
       245, 150, 207, 187, 223, 172, 61, 106, 253, 79, 191, 141, 242,
       249, 17, 190, 111, 250, 162, 59, 87, 85, 251, 195, 93, 222, 95,
       118, 183, 237, 165, 218, 99, 30, 187, 19, 179, 155, 255, 85, 111,
       76, 2, 63, 215, 127, 179, 120, 90, 205, 70, 253, 6, 205, 246, 165,
       106, 150, 51, 95, 53, 105, 165, 146, 126, 121, 49, 32, 224, 79,
       132, 93, 39, 146, 50, 54, 165, 125, 173, 157, 216, 181, 76, 223,
       109, 171, 192, 47, 166, 11, 112, 165, 92, 119, 69, 116, 79, 239,
       176, 125, 234, 119, 96, 211, 117, 149, 53, 126, 116, 22, 106, 225,
       180, 109, 78, 39, 186, 101, 132, 71, 187, 66, 241, 51, 97, 34,
       140, 93, 31, 224, 72, 237, 232, 218, 78, 130, 136, 119, 160, 232,
       172, 126, 101, 141, 163, 213, 200, 148, 56, 139, 60, 77, 15, 121,
