%YAML:1.0
---
descriptors: !!opencv-matrix
   rows: 396
   cols: 32
   dt: u
   data: [ 134, 252, 150, 154, 223, 229, 183, 206, 190, 247, 152, 63,
       238, 254, 111, 95, 235, 243, 251, 147, 51, 111, 251, 242, 189, 22,
       95, 123, 154, 93, 165, 255, 8, 48, 23, 203, 13, 247, 192, 64, 77,
       41, 221, 66, 148, 153, 176, 172, 72, 24, 134, 8, 9, 187, 113, 212,
       133, 144, 130, 50, 23, 10, 84, 164, 253, 151, 73, 47, 210, 79, 78,
       185, 51, 232, 122, 239, 123, 103, 153, 144, 62, 206, 84, 238, 255,
       176, 13, 31, 126, 175, 37, 180, 127, 178, 202, 81, 20, 13, 11,
       175, 22, 134, 79, 113, 20, 0, 79, 2, 245, 99, 33, 64, 88, 58, 11,
       235, 89, 152, 25, 63, 225, 167, 170, 0, 48, 42, 49, 162, 19, 222,
       71, 69, 114, 10, 175, 190, 117, 235, 126, 246, 121, 98, 150, 100,
       55, 102, 54, 172, 177, 156, 45, 111, 44, 46, 229, 132, 111, 166,
       193, 189, 59, 138, 0, 159, 61, 147, 152, 109, 95, 13, 213, 7, 202,
       40, 182, 192, 217, 11, 166, 5, 142, 58, 79, 159, 154, 255, 154,
       223, 150, 14, 249, 205, 104, 56, 58, 112, 65, 237, 113, 83, 233,
       141, 108, 24, 191, 151, 66, 56, 128, 58, 76, 24, 26, 41, 178, 0,
       199, 249, 16, 121, 194, 0, 70, 162, 105, 62, 66, 164, 108, 46,
       232, 58, 73, 232, 92, 207, 147, 41, 211, 7, 10, 196, 117, 45, 141,
       120, 213, 140, 70, 120, 225, 188, 207, 173, 90, 153, 47, 176, 115,
       209, 109, 253, 224, 202, 223, 81, 120, 84, 138, 216, 124, 173,
       153, 24, 194, 81, 147, 244, 86, 241, 5, 88, 195, 110, 222, 13, 80,
       180, 249, 52, 189, 53, 137, 111, 85, 63, 51, 254, 160, 29, 159,
       55, 65, 59, 133, 149, 125, 36, 169, 70, 243, 26, 221, 219, 117,
       62, 232, 112, 6, 123, 169, 156, 231, 157, 244, 191, 236, 159, 87,
       235, 90, 86, 241, 60, 148, 237, 125, 206, 54, 157, 189, 252, 117,
       175, 14, 106, 255, 192, 175, 220, 240, 253, 56, 249, 120, 110,
       112, 205, 87, 253, 114, 204, 108, 13, 63, 215, 66, 16, 180, 250,
       69, 76, 202, 58, 184, 63, 251, 205, 37, 40, 104, 146, 198, 251,
       213, 240, 28, 176, 40, 13, 93, 188, 186, 58, 144, 57, 223, 95, 88,
       27, 135, 85, 125, 103, 234, 71, 203, 49, 232, 219, 111, 252, 12,
       177, 131, 19, 135, 172, 130, 151, 220, 43, 230, 232, 92, 234, 219,
       95, 242, 248, 159, 35, 249, 238, 90, 119, 245, 246, 205, 238, 60,
       14, 239, 180, 205, 123, 217, 132, 97, 135, 109, 239, 44, 10, 237,
       61, 84, 106, 123, 228, 243, 105, 152, 99, 92, 102, 60, 46, 233,
       248, 77, 13, 100, 235, 228, 144, 93, 250, 208, 57, 121, 221, 109,
       236, 92, 7, 79, 252, 85, 96, 238, 70, 115, 33, 49, 112, 92, 196,
       58, 238, 201, 179, 121, 63, 243, 239, 197, 20, 59, 186, 112, 56,
       225, 244, 181, 95, 153, 207, 69, 159, 186, 243, 161, 24, 246, 119,
       72, 59, 129, 86, 120, 8, 123, 78, 251, 63, 239, 190, 85, 60, 152,
       80, 194, 58, 244, 118, 139, 158, 76, 79, 167, 232, 152, 238, 177,
       62, 194, 196, 79, 31, 249, 236, 234, 98, 105, 103, 248, 106, 145,
       34, 71, 62, 73, 123, 118, 244, 162, 32, 224, 216, 77, 253, 208,
       64, 139, 53, 180, 27, 46, 156, 126, 154, 136, 185, 215, 17, 14,
       99, 242, 209, 19, 88, 24, 123, 215, 13, 94, 214, 41, 97, 110, 79,
       108, 219, 249, 92, 86, 241, 119, 2, 81, 157, 182, 104, 88, 108,
       115, 76, 0, 248, 235, 29, 71, 43, 241, 65, 103, 139, 120, 234, 96,
       49, 26, 248, 232, 205, 81, 16, 171, 13, 164, 8, 22, 151, 67, 89,
       136, 184, 101, 88, 26, 10, 242, 16, 223, 153, 112, 121, 192, 128,
       70, 235, 129, 56, 159, 127, 112, 158, 104, 18, 126, 201, 114, 116,
       255, 210, 132, 120, 150, 44, 118, 24, 151, 248, 229, 124, 12, 186,
       114, 192, 200, 128, 75, 157, 208, 75, 223, 236, 34, 192, 63, 116,
       160, 132, 194, 161, 117, 215, 33, 82, 54, 253, 237, 193, 72, 151,
       130, 105, 241, 225, 110, 137, 36, 178, 39, 11, 78, 188, 158, 250,
       235, 245, 53, 231, 171, 31, 165, 56, 172, 247, 104, 123, 167, 51,
       251, 2, 114, 79, 186, 241, 211, 211, 94, 187, 146, 81, 175, 187,
       106, 98, 206, 180, 109, 201, 120, 70, 169, 215, 16, 155, 46, 143,
       75, 155, 167, 49, 243, 5, 6, 86, 130, 192, 87, 209, 88, 171, 6,
       220, 31, 219, 217, 89, 95, 213, 164, 94, 101, 183, 244, 90, 214,
       112, 211, 23, 129, 235, 102, 20, 124, 104, 233, 213, 97, 13, 231,
       235, 96, 144, 34, 184, 68, 121, 180, 141, 210, 255, 220, 169, 238,
       237, 126, 163, 235, 18, 227, 99, 105, 64, 121, 250, 74, 254, 122,
       251, 77, 239, 188, 206, 207, 52, 181, 250, 241, 136, 127, 179,
       245, 69, 109, 90, 70, 185, 99, 248, 189, 236, 75, 44, 222, 182,
       94, 204, 228, 98, 221, 114, 237, 193, 14, 251, 197, 183, 111, 166,
       74, 213, 193, 50, 117, 129, 110, 9, 233, 16, 236, 120, 115, 252,
       159, 0, 209, 207, 38, 140, 126, 77, 145, 116, 231, 80, 148, 24,
       114, 176, 76, 136, 3, 225, 107, 248, 172, 190, 13, 221, 147, 202,
       207, 252, 132, 9, 238, 220, 119, 39, 201, 99, 251, 83, 134, 111,
       250, 177, 79, 91, 69, 59, 82, 29, 92, 238, 229, 127, 45, 78, 204,
       111, 71, 158, 66, 110, 253, 92, 18, 21, 133, 122, 200, 206, 100,
       74, 217, 166, 251, 54, 97, 168, 164, 248, 89, 91, 214, 243, 245,
       89, 15, 158, 77, 78, 135, 236, 185, 206, 178, 63, 66, 102, 15, 87,
       248, 228, 110, 230, 105, 103, 218, 110, 176, 178, 199, 58, 65, 57,
       98, 246, 32, 169, 56, 113, 64, 205, 113, 118, 52, 57, 116, 8, 183,
       149, 2, 25, 136, 186, 102, 8, 26, 184, 82, 53, 207, 137, 112, 113,
       64, 136, 70, 170, 212, 119, 156, 101, 170, 11, 61, 185, 184, 190,
       163, 253, 223, 99, 201, 91, 55, 85, 109, 98, 112, 85, 137, 66,
       248, 162, 111, 180, 40, 240, 135, 17, 230, 48, 208, 90, 201, 221,
       80, 65, 171, 21, 165, 25, 10, 146, 78, 159, 201, 153, 202, 16, 30,
       71, 250, 208, 27, 88, 80, 123, 210, 4, 110, 6, 55, 116, 146, 216,
       119, 183, 154, 88, 31, 202, 252, 106, 76, 223, 181, 172, 222, 249,
       151, 251, 173, 183, 16, 222, 18, 31, 137, 146, 159, 255, 43, 149,
       211, 255, 196, 159, 187, 154, 182, 175, 255, 249, 18, 247, 238,
       232, 142, 196, 55, 103, 253, 17, 230, 89, 143, 255, 186, 118, 95,
       215, 142, 36, 153, 13, 65, 82, 95, 204, 60, 138, 106, 88, 236, 64,
       215, 228, 215, 199, 176, 98, 86, 36, 126, 124, 193, 161, 167, 76,
       214, 185, 34, 200, 28, 138, 113, 57, 33, 205, 195, 79, 84, 143,
       238, 246, 78, 64, 120, 78, 113, 232, 181, 164, 92, 106, 18, 205,
       195, 186, 92, 61, 36, 44, 164, 0, 93, 186, 240, 188, 245, 12, 69,
       231, 180, 107, 71, 186, 116, 166, 202, 206, 243, 97, 145, 87, 89,
       230, 76, 46, 105, 244, 125, 46, 252, 174, 229, 16, 108, 251, 80,
       32, 189, 120, 249, 65, 76, 79, 199, 152, 87, 254, 180, 10, 83, 85,
       217, 46, 93, 220, 86, 122, 233, 118, 121, 26, 127, 143, 165, 52,
       237, 187, 84, 160, 25, 223, 30, 255, 52, 135, 186, 242, 220, 8,
       218, 102, 245, 251, 32, 96, 204, 123, 63, 195, 235, 136, 10, 63,
       225, 167, 170, 136, 28, 10, 49, 59, 72, 60, 254, 109, 116, 238,
       115, 50, 121, 142, 126, 32, 191, 51, 129, 112, 166, 124, 100, 72,
       161, 188, 177, 110, 103, 191, 34, 0, 66, 225, 103, 171, 37, 165,
       169, 107, 212, 175, 227, 83, 86, 97, 253, 14, 147, 56, 28, 32,
       217, 170, 82, 153, 155, 186, 249, 46, 109, 157, 133, 96, 201, 203,
       242, 226, 188, 96, 248, 104, 92, 111, 83, 216, 86, 254, 181, 26,
       83, 81, 75, 56, 89, 216, 70, 122, 42, 38, 121, 50, 91, 207, 37,
       125, 243, 187, 76, 226, 109, 20, 189, 253, 168, 46, 93, 27, 142,
       250, 191, 84, 222, 55, 1, 75, 197, 85, 125, 24, 185, 65, 251, 0,
       199, 191, 251, 148, 152, 233, 69, 115, 187, 167, 106, 172, 124,
       147, 219, 122, 23, 76, 212, 183, 65, 207, 182, 69, 92, 172, 23,
       173, 238, 7, 36, 159, 114, 105, 171, 253, 63, 140, 114, 223, 99,
       115, 107, 168, 110, 27, 249, 88, 173, 224, 220, 239, 157, 140,
       191, 96, 126, 157, 223, 237, 133, 179, 166, 216, 214, 89, 171,
       188, 29, 174, 51, 245, 201, 217, 178, 186, 249, 220, 124, 213,
