%YAML:1.0
---
descriptors: !!opencv-matrix
   rows: 245
   cols: 32
   dt: u
   data: [ 111, 186, 174, 90, 233, 125, 185, 216, 187, 127, 116, 253,
       216, 252, 223, 190, 135, 94, 247, 31, 183, 81, 190, 242, 79, 127,
       125, 254, 206, 197, 95, 247, 131, 180, 140, 187, 221, 245, 176,
       239, 30, 93, 68, 21, 164, 250, 106, 72, 201, 11, 179, 21, 54, 90,
       82, 183, 207, 87, 222, 107, 152, 76, 153, 218, 106, 171, 164, 189,
       109, 133, 89, 24, 143, 189, 133, 141, 238, 231, 122, 94, 204, 169,
       255, 213, 154, 74, 243, 209, 207, 81, 219, 251, 146, 143, 20, 114,
       255, 239, 196, 142, 252, 50, 78, 252, 83, 234, 222, 238, 91, 104,
       159, 245, 127, 206, 54, 239, 253, 242, 237, 191, 186, 110, 229,
       148, 175, 255, 248, 21, 19, 175, 119, 253, 62, 139, 252, 55, 253,
       64, 90, 230, 189, 191, 148, 96, 38, 191, 127, 141, 195, 152, 199,
       255, 166, 252, 154, 130, 47, 132, 241, 185, 98, 139, 236, 222,
       105, 208, 89, 121, 175, 29, 213, 161, 236, 231, 108, 222, 204,
       153, 255, 208, 26, 75, 235, 209, 219, 243, 223, 255, 146, 134, 38,
       103, 181, 66, 106, 192, 36, 18, 235, 80, 116, 142, 247, 162, 81,
       139, 189, 96, 122, 140, 21, 234, 200, 183, 36, 202, 82, 173, 162,
       132, 37, 179, 116, 160, 198, 252, 188, 191, 205, 229, 63, 143,
       158, 159, 13, 17, 236, 255, 74, 75, 197, 123, 251, 19, 114, 77,
       250, 243, 175, 55, 223, 255, 144, 113, 149, 219, 17, 17, 67, 161,
       54, 34, 104, 112, 101, 96, 219, 230, 19, 2, 176, 96, 126, 140, 14,
       236, 137, 179, 5, 196, 144, 168, 162, 196, 45, 138, 112, 53, 166,
       88, 178, 156, 109, 213, 180, 64, 158, 142, 80, 19, 236, 220, 35,
       205, 216, 121, 162, 67, 100, 167, 82, 202, 149, 48, 203, 43, 23,
       125, 53, 198, 19, 159, 251, 254, 246, 142, 186, 247, 191, 9, 90,
       98, 124, 255, 180, 96, 255, 119, 55, 129, 241, 185, 32, 255, 124,
       47, 190, 194, 5, 128, 161, 169, 19, 157, 26, 238, 215, 134, 190,
       247, 180, 8, 90, 70, 124, 255, 32, 96, 125, 255, 147, 227, 209,
       155, 16, 239, 249, 167, 142, 74, 41, 34, 169, 154, 12, 20, 151,
       247, 169, 46, 60, 27, 174, 155, 155, 64, 220, 115, 8, 235, 135,
       87, 127, 24, 17, 201, 75, 224, 141, 179, 126, 208, 128, 97, 129,
       33, 24, 60, 58, 248, 53, 247, 91, 82, 31, 15, 174, 18, 188, 31,
       35, 96, 221, 187, 159, 144, 46, 141, 113, 223, 211, 223, 146, 19,
       154, 72, 45, 27, 146, 217, 67, 206, 150, 194, 175, 229, 180, 192,
       202, 162, 113, 247, 160, 228, 122, 255, 147, 226, 73, 155, 12,
       239, 176, 38, 142, 1, 61, 50, 181, 186, 229, 239, 200, 158, 252,
       59, 231, 252, 91, 163, 189, 202, 93, 105, 157, 165, 123, 198, 87,
       111, 241, 227, 205, 239, 60, 62, 231, 124, 71, 251, 250, 164, 53,
       223, 74, 175, 54, 2, 239, 252, 84, 200, 218, 231, 113, 72, 191,
       64, 126, 236, 22, 239, 205, 176, 77, 237, 244, 44, 175, 132, 45,
       187, 120, 153, 200, 249, 177, 226, 137, 204, 55, 157, 174, 9, 138,
       80, 190, 247, 72, 246, 164, 119, 253, 80, 19, 9, 251, 243, 249,
       245, 15, 90, 130, 2, 133, 59, 137, 188, 190, 121, 233, 237, 181,
       87, 254, 31, 164, 16, 190, 191, 66, 27, 165, 51, 251, 24, 50, 109,
       178, 83, 207, 219, 82, 123, 194, 64, 163, 235, 165, 239, 200, 206,
       222, 27, 230, 252, 151, 162, 221, 218, 226, 225, 252, 166, 121,
       234, 219, 238, 232, 103, 206, 255, 62, 15, 167, 61, 247, 251, 248,
       132, 185, 252, 119, 122, 101, 239, 89, 246, 113, 26, 116, 92, 63,
       87, 32, 189, 157, 248, 151, 106, 235, 246, 88, 189, 87, 219, 112,
       224, 123, 153, 66, 187, 189, 20, 125, 237, 229, 111, 93, 91, 113,
       122, 245, 88, 95, 61, 25, 57, 223, 155, 21, 40, 185, 182, 113,
       159, 211, 219, 80, 52, 251, 249, 202, 178, 236, 201, 189, 255,
       173, 156, 117, 183, 255, 27, 102, 16, 254, 189, 84, 123, 197, 118,
       127, 24, 251, 252, 251, 161, 239, 251, 84, 82, 210, 216, 212, 42,
       205, 248, 191, 127, 109, 220, 125, 156, 255, 219, 102, 16, 253,
       255, 93, 123, 165, 127, 127, 222, 231, 84, 187, 243, 79, 251, 223,
       40, 130, 245, 103, 250, 10, 129, 150, 159, 203, 208, 184, 109,
       175, 21, 103, 49, 236, 254, 46, 222, 227, 27, 171, 145, 22, 72,
       11, 213, 15, 50, 90, 75, 146, 4, 173, 158, 205, 181, 44, 105, 137,
       253, 113, 155, 119, 125, 77, 29, 202, 213, 94, 252, 129, 10, 249,
       28, 158, 84, 251, 147, 79, 217, 17, 111, 210, 68, 222, 118, 236,
       184, 173, 113, 205, 254, 217, 154, 211, 253, 23, 16, 155, 189, 86,
       170, 205, 124, 249, 24, 155, 124, 251, 144, 79, 251, 225, 117,
       194, 237, 212, 118, 7, 255, 104, 59, 114, 185, 187, 216, 30, 76,
       89, 237, 253, 200, 223, 0, 159, 107, 23, 7, 134, 48, 78, 127, 108,
       29, 43, 168, 93, 247, 27, 209, 142, 112, 182, 186, 171, 213, 56,
       200, 191, 95, 23, 49, 204, 222, 111, 207, 167, 81, 255, 210, 6,
       69, 170, 241, 143, 81, 95, 239, 146, 21, 173, 71, 80, 175, 22,
       120, 58, 171, 86, 99, 178, 32, 170, 104, 39, 147, 0, 81, 163, 183,
       76, 0, 104, 139, 128, 63, 240, 230, 33, 51, 96, 64, 7, 11, 188,
       122, 124, 113, 236, 127, 85, 254, 85, 190, 180, 10, 27, 61, 19,
       59, 77, 212, 7, 40, 232, 254, 113, 28, 71, 203, 117, 37, 243, 248,
       70, 251, 255, 215, 234, 142, 253, 53, 222, 248, 87, 226, 221, 239,
       121, 232, 255, 228, 127, 202, 182, 239, 253, 35, 222, 250, 122,
       47, 175, 172, 255, 255, 248, 213, 161, 212, 115, 87, 100, 143,
       239, 180, 125, 74, 119, 68, 243, 81, 156, 37, 30, 112, 22, 106,
       225, 180, 125, 47, 101, 190, 96, 128, 75, 155, 66, 233, 28, 7,
       131, 173, 180, 98, 239, 31, 20, 207, 218, 242, 215, 39, 184, 64,
       123, 206, 31, 189, 185, 152, 69, 138, 236, 230, 190, 196, 181,
       250, 180, 225, 124, 177, 189, 238, 169, 101, 95, 152, 35, 249,
       173, 9, 223, 255, 73, 122, 209, 213, 253, 242, 27, 67, 251, 17,
       219, 215, 101, 127, 178, 115, 6, 115, 217, 212, 188, 126, 41, 61,
       84, 188, 237, 26, 182, 24, 255, 123, 10, 187, 133, 81, 236, 10,
       233, 101, 123, 51, 195, 251, 113, 29, 90, 249, 75, 43, 44, 118,
       124, 103, 112, 14, 127, 56, 120, 174, 119, 108, 223, 115, 139, 49,
       150, 92, 70, 106, 224, 240, 105, 14, 103, 239, 97, 133, 64, 179,
       70, 227, 86, 252, 245, 150, 210, 98, 63, 220, 27, 247, 21, 179,
       125, 255, 233, 91, 55, 127, 181, 115, 162, 85, 191, 239, 251, 102,
       255, 230, 166, 247, 149, 115, 212, 13, 219, 255, 214, 110, 111,
       208, 184, 71, 111, 18, 93, 247, 41, 94, 51, 94, 39, 122, 112, 149,
       184, 226, 245, 172, 38, 0, 160, 243, 165, 241, 194, 170, 159, 255,
       201, 233, 57, 202, 175, 63, 198, 145, 172, 199, 64, 75, 229, 127,
       235, 144, 2, 95, 235, 241, 223, 243, 159, 107, 144, 0, 37, 234,
       92, 125, 189, 231, 174, 111, 95, 188, 6, 250, 158, 108, 215, 127,
       73, 107, 215, 213, 125, 123, 233, 69, 251, 40, 251, 203, 101, 188,
       168, 251, 132, 115, 13, 12, 214, 87, 196, 63, 238, 183, 125, 131,
       110, 88, 219, 99, 28, 61, 49, 110, 2, 44, 177, 248, 25, 110, 39,
       190, 84, 0, 203, 249, 203, 160, 112, 130, 138, 238, 213, 161, 246,
       207, 86, 3, 234, 11, 96, 233, 108, 208, 249, 234, 163, 144, 30,
       187, 138, 179, 27, 231, 148, 75, 241, 90, 252, 138, 175, 180, 252,
       208, 237, 253, 249, 91, 159, 123, 181, 30, 156, 190, 94, 59, 207,
       147, 255, 145, 179, 111, 122, 210, 31, 27, 223, 255, 221, 76, 219,
       211, 17, 173, 126, 235, 150, 139, 235, 229, 100, 0, 238, 130, 247,
       79, 50, 32, 122, 187, 27, 253, 26, 185, 29, 61, 233, 205, 143, 65,
       117, 130, 101, 170, 35, 173, 104, 11, 213, 151, 174, 239, 78, 97,
       124, 70, 33, 168, 190, 160, 249, 11, 18, 157, 215, 186, 92, 255,
       46, 93, 142, 103, 221, 14, 249, 140, 255, 26, 239, 212, 36, 50,
       207, 80, 209, 202, 214, 230, 121, 232, 183, 239, 124, 228, 63,
       255, 173, 199, 166, 202, 18, 107, 239, 128, 47, 253, 120, 117, 64,
       245, 149, 225, 177, 78, 100, 191, 43, 185, 138, 72, 150, 55, 72,
