%YAML:1.0
---
descriptors: !!opencv-matrix
   rows: 177
   cols: 32
   dt: u
   data: [ 231, 109, 197, 67, 248, 5, 79, 156, 33, 152, 148, 77, 241,
       115, 217, 23, 29, 194, 93, 254, 251, 66, 203, 104, 236, 24, 165,
       248, 142, 243, 114, 33, 226, 221, 21, 94, 73, 197, 70, 168, 195,
       26, 160, 8, 114, 246, 37, 119, 200, 242, 106, 66, 105, 107, 250,
       125, 49, 50, 69, 59, 88, 59, 70, 62, 240, 69, 30, 172, 12, 11, 71,
       40, 132, 4, 230, 11, 103, 65, 35, 83, 88, 228, 104, 106, 104, 39,
       75, 29, 241, 162, 65, 29, 112, 59, 116, 34, 1, 222, 60, 89, 57,
       141, 16, 174, 223, 57, 52, 120, 190, 16, 78, 37, 133, 19, 238, 0,
       246, 104, 83, 119, 237, 222, 48, 126, 80, 8, 137, 15, 248, 72,
       254, 254, 44, 10, 92, 180, 169, 178, 182, 186, 127, 55, 129, 123,
       102, 245, 125, 234, 104, 199, 193, 232, 243, 251, 238, 145, 39,
       177, 100, 43, 6, 160, 144, 147, 253, 237, 184, 207, 30, 55, 49,
       27, 140, 120, 92, 12, 171, 27, 203, 17, 50, 120, 91, 215, 13, 22,
       95, 127, 148, 12, 197, 134, 184, 104, 59, 106, 89, 205, 83, 112,
       225, 0, 229, 8, 63, 223, 41, 48, 184, 184, 80, 106, 106, 39, 56,
       63, 211, 201, 0, 57, 113, 11, 102, 234, 33, 76, 113, 101, 116, 47,
       107, 63, 124, 169, 122, 64, 147, 33, 144, 48, 26, 12, 6, 44, 177,
       188, 113, 14, 109, 190, 33, 68, 200, 168, 66, 160, 214, 237, 150,
       147, 149, 0, 38, 198, 59, 151, 130, 19, 228, 162, 76, 206, 225,
       207, 170, 211, 126, 217, 155, 227, 189, 54, 223, 71, 128, 125,
       181, 14, 172, 5, 190, 252, 253, 171, 86, 232, 223, 130, 249, 25,
       207, 249, 45, 73, 211, 121, 239, 34, 48, 231, 74, 158, 251, 255,
       71, 95, 214, 239, 121, 131, 118, 237, 247, 220, 250, 3, 158, 232,
       27, 162, 216, 235, 92, 124, 21, 17, 63, 253, 53, 227, 232, 211,
       13, 223, 56, 46, 205, 150, 181, 227, 35, 17, 74, 145, 150, 222,
       11, 208, 184, 101, 175, 21, 195, 163, 172, 246, 108, 206, 230, 51,
       235, 144, 22, 201, 147, 245, 31, 114, 90, 75, 146, 6, 173, 159,
       119, 231, 229, 196, 254, 3, 206, 233, 27, 162, 152, 203, 83, 104,
       156, 16, 91, 197, 117, 239, 232, 227, 205, 222, 56, 46, 237, 180,
       229, 251, 210, 32, 3, 167, 13, 153, 248, 137, 172, 191, 158, 17,
       88, 245, 180, 167, 200, 64, 207, 11, 35, 20, 115, 88, 67, 247, 44,
       22, 190, 232, 156, 136, 129, 185, 245, 109, 245, 70, 140, 79, 71,
       252, 83, 242, 172, 74, 83, 117, 89, 55, 25, 214, 88, 106, 233,
       103, 255, 42, 249, 138, 69, 60, 117, 251, 214, 96, 114, 35, 58,
       188, 25, 195, 155, 104, 142, 4, 177, 169, 206, 204, 35, 16, 220,
       185, 203, 227, 76, 35, 202, 93, 241, 145, 11, 59, 81, 42, 39, 194,
       206, 93, 96, 227, 205, 253, 255, 214, 237, 95, 191, 27, 137, 31,
       95, 254, 105, 211, 223, 210, 246, 7, 252, 226, 247, 89, 142, 123,
       182, 223, 253, 214, 206, 221, 120, 210, 229, 252, 255, 246, 249,
       86, 189, 155, 236, 127, 95, 247, 107, 211, 223, 214, 246, 39, 124,
       226, 247, 93, 142, 251, 215, 223, 239, 246, 73, 2, 158, 165, 98,
       58, 104, 19, 104, 138, 122, 100, 141, 34, 193, 218, 166, 37, 46,
       172, 132, 208, 133, 72, 150, 239, 122, 128, 136, 224, 41, 9, 216,
       248, 185, 234, 24, 197, 27, 164, 174, 44, 130, 49, 181, 215, 64,
       66, 229, 117, 125, 209, 74, 13, 235, 51, 249, 165, 175, 249, 16,
       3, 37, 123, 197, 183, 5, 1, 164, 30, 229, 191, 104, 249, 50, 84,
       210, 32, 222, 55, 6, 70, 108, 124, 241, 248, 245, 64, 44, 56, 100,
       196, 76, 176, 211, 117, 226, 48, 63, 16, 106, 237, 145, 67, 171,
       127, 177, 61, 22, 156, 68, 27, 165, 51, 87, 17, 50, 111, 178, 65,
       93, 18, 80, 250, 192, 64, 7, 251, 100, 176, 80, 161, 207, 41, 80,
       200, 15, 49, 161, 111, 134, 17, 72, 156, 171, 129, 74, 48, 19, 99,
       91, 208, 156, 144, 1, 126, 220, 9, 67, 2, 98, 205, 23, 94, 29,
       201, 86, 228, 143, 8, 168, 8, 102, 213, 37, 181, 128, 242, 234,
       66, 107, 43, 122, 61, 59, 146, 1, 59, 82, 27, 68, 62, 206, 184,
       156, 122, 137, 253, 16, 207, 155, 31, 165, 25, 238, 249, 110, 27,
       129, 115, 233, 16, 54, 111, 218, 49, 219, 211, 85, 123, 210, 84,
       143, 11, 137, 165, 197, 27, 218, 201, 173, 175, 54, 55, 72, 146,
       241, 34, 200, 229, 115, 10, 34, 156, 115, 88, 239, 87, 108, 166,
       158, 68, 183, 192, 129, 168, 222, 145, 18, 186, 155, 212, 146, 73,
       175, 21, 133, 50, 236, 222, 110, 212, 231, 147, 249, 145, 54, 15,
       154, 243, 155, 244, 10, 95, 18, 7, 173, 87, 80, 40, 134, 169, 8,
       139, 32, 64, 166, 33, 194, 3, 135, 130, 32, 72, 232, 173, 106,
       145, 10, 219, 195, 16, 153, 160, 155, 21, 32, 32, 33, 138, 9, 12,
       21, 101, 116, 142, 97, 55, 124, 137, 122, 80, 191, 51, 128, 180,
       2, 46, 6, 8, 33, 184, 81, 14, 37, 254, 50, 0, 202, 136, 195, 169,
       90, 38, 50, 218, 251, 241, 156, 79, 157, 15, 145, 187, 172, 206,
       44, 205, 255, 155, 207, 161, 38, 7, 138, 215, 179, 20, 154, 187,
       18, 84, 173, 95, 9, 138, 149, 177, 108, 169, 168, 143, 142, 51,
       16, 88, 149, 163, 208, 203, 3, 13, 106, 28, 19, 92, 195, 81, 12,
       146, 123, 100, 156, 200, 1, 168, 118, 172, 214, 180, 237, 57, 88,
       202, 171, 179, 186, 25, 207, 170, 69, 218, 235, 231, 237, 1, 12,
       79, 203, 224, 158, 246, 215, 63, 202, 125, 10, 14, 61, 85, 61,
       238, 61, 79, 86, 248, 109, 232, 249, 72, 223, 125, 9, 176, 220,
       213, 95, 106, 201, 35, 121, 190, 243, 221, 5, 62, 90, 187, 66, 51,
       100, 135, 193, 158, 220, 3, 134, 232, 18, 179, 177, 254, 211, 96,
       201, 11, 89, 198, 66, 250, 121, 99, 79, 190, 56, 6, 231, 124, 253,
       122, 242, 160, 124, 117, 57, 108, 185, 79, 87, 248, 59, 232, 188,
       72, 223, 127, 73, 48, 157, 221, 221, 106, 233, 99, 121, 158, 243,
       223, 37, 188, 90, 251, 70, 51, 164, 4, 214, 254, 253, 43, 90, 232,
       159, 130, 241, 25, 207, 235, 45, 73, 211, 125, 111, 50, 52, 231,
       75, 222, 155, 250, 71, 95, 212, 233, 41, 131, 190, 113, 54, 172,
       105, 31, 158, 104, 189, 42, 241, 169, 78, 255, 45, 147, 222, 253,
       255, 103, 108, 215, 66, 222, 179, 251, 77, 191, 82, 61, 43, 211,
       101, 33, 25, 231, 52, 15, 103, 184, 109, 168, 127, 72, 223, 18,
       129, 116, 150, 213, 92, 106, 73, 176, 105, 76, 165, 188, 35, 20,
       64, 179, 67, 33, 3, 166, 85, 155, 252, 137, 169, 175, 30, 49, 88,
       249, 188, 162, 200, 192, 207, 27, 43, 28, 115, 88, 71, 247, 12,
       22, 190, 236, 156, 136, 129, 184, 126, 108, 224, 170, 185, 113,
       90, 136, 7, 245, 189, 171, 203, 79, 75, 24, 219, 209, 205, 243,
       30, 70, 107, 178, 218, 213, 171, 255, 183, 255, 4, 82, 117, 205,
       133, 70, 157, 95, 70, 191, 83, 242, 168, 72, 115, 113, 25, 179,
       25, 198, 120, 106, 249, 107, 253, 47, 59, 206, 197, 52, 233, 250,
       210, 44, 101, 237, 149, 66, 205, 127, 71, 191, 81, 250, 168, 72,
       114, 112, 93, 183, 153, 194, 80, 106, 249, 106, 123, 46, 57, 158,
       69, 124, 217, 122, 210, 44, 179, 183, 210, 86, 183, 54, 198, 255,
       113, 131, 235, 86, 98, 120, 172, 21, 185, 198, 16, 168, 248, 235,
       24, 207, 58, 126, 149, 6, 227, 118, 250, 15, 238, 221, 224, 210,
       245, 252, 255, 244, 185, 94, 189, 27, 236, 127, 95, 179, 255, 243,
       223, 227, 246, 39, 124, 235, 255, 95, 207, 191, 215, 127, 239,
       246, 109, 133, 157, 71, 253, 111, 70, 175, 90, 251, 40, 8, 210,
       112, 220, 51, 153, 70, 112, 56, 121, 106, 249, 46, 45, 158, 101,
       116, 200, 122, 210, 34, 73, 248, 253, 85, 100, 216, 117, 150, 234,
       250, 54, 32, 191, 17, 195, 186, 3, 118, 116, 74, 195, 252, 231,
       33, 70, 43, 117, 0, 78, 241, 71, 249, 97, 173, 141, 71, 157, 15,
       70, 191, 82, 249, 170, 76, 242, 120, 92, 50, 153, 70, 120, 60,
       159, 104, 219, 61, 47, 190, 5, 116, 200, 106, 216, 12, 0, 174,
       191, 185, 137, 164, 57, 22, 182, 151, 78, 145, 173, 167, 64, 90,
       37, 127, 235, 144, 18, 220, 147, 99, 205, 167, 82, 65, 128, 193,
       37, 106, 137, 164, 197, 27, 155, 89, 40, 239, 118, 115, 68, 146,
