%YAML:1.0
---
descriptors: !!opencv-matrix
   rows: 123
   cols: 32
   dt: u
   data: [ 121, 73, 10, 164, 84, 198, 71, 54, 48, 192, 238, 9, 55, 243,
       34, 80, 112, 238, 53, 204, 73, 154, 144, 47, 251, 173, 164, 8, 40,
       162, 114, 26, 118, 0, 214, 129, 141, 40, 104, 72, 169, 17, 163,
       18, 198, 98, 76, 90, 121, 197, 106, 243, 24, 99, 201, 192, 156,
       176, 202, 85, 161, 123, 243, 2, 116, 176, 152, 160, 223, 45, 80,
       200, 15, 177, 161, 15, 142, 89, 73, 26, 153, 145, 107, 49, 26, 99,
       219, 144, 221, 208, 1, 127, 216, 9, 11, 2, 240, 69, 30, 172, 12,
       11, 71, 40, 197, 134, 230, 10, 99, 65, 35, 83, 88, 228, 104, 106,
       104, 39, 75, 29, 241, 162, 65, 29, 112, 59, 116, 34, 65, 158, 20,
       89, 185, 141, 20, 190, 223, 57, 52, 125, 174, 20, 78, 117, 133,
       19, 238, 0, 166, 104, 83, 119, 175, 146, 16, 122, 88, 8, 137, 31,
       218, 88, 255, 246, 46, 10, 93, 48, 185, 210, 182, 179, 127, 95, 1,
       123, 230, 245, 253, 238, 232, 199, 163, 200, 243, 235, 238, 144,
       39, 176, 100, 123, 248, 32, 59, 104, 27, 237, 81, 64, 233, 4, 165,
       8, 63, 215, 32, 48, 168, 177, 88, 0, 10, 39, 50, 17, 211, 217, 0,
       59, 114, 2, 39, 34, 214, 201, 150, 151, 197, 64, 38, 166, 63, 179,
       194, 19, 230, 34, 68, 207, 225, 199, 170, 83, 126, 95, 219, 227,
       189, 178, 222, 71, 128, 92, 181, 14, 181, 231, 193, 170, 204, 33,
       207, 249, 198, 178, 153, 230, 83, 227, 249, 67, 89, 200, 6, 238,
       73, 98, 206, 176, 184, 136, 231, 172, 61, 251, 240, 160, 118, 167,
       229, 196, 252, 35, 206, 169, 83, 162, 184, 202, 83, 104, 148, 17,
       91, 196, 117, 239, 232, 99, 205, 222, 56, 46, 237, 180, 197, 251,
       210, 0, 226, 50, 189, 208, 104, 109, 152, 27, 139, 249, 144, 125,
       158, 28, 68, 59, 141, 149, 253, 17, 143, 79, 243, 208, 31, 24,
       253, 254, 152, 12, 23, 127, 245, 109, 237, 70, 204, 79, 199, 252,
       210, 242, 164, 10, 83, 245, 93, 43, 25, 212, 80, 106, 233, 103,
       254, 42, 113, 138, 69, 60, 113, 251, 214, 224, 197, 249, 253, 87,
       228, 78, 229, 180, 106, 242, 38, 84, 179, 16, 210, 63, 3, 70, 120,
       78, 193, 252, 255, 32, 108, 43, 116, 68, 74, 144, 195, 249, 226,
       180, 63, 16, 202, 237, 177, 67, 168, 127, 161, 61, 20, 158, 70,
       27, 173, 19, 99, 16, 50, 111, 178, 81, 93, 18, 88, 122, 193, 64,
       135, 243, 29, 79, 197, 103, 176, 11, 111, 184, 118, 170, 79, 228,
       243, 96, 153, 245, 51, 76, 36, 110, 233, 208, 237, 62, 44, 239,
       101, 132, 110, 179, 80, 33, 118, 72, 214, 196, 77, 110, 252, 72,
       185, 166, 242, 11, 78, 250, 71, 223, 248, 245, 237, 226, 12, 231,
       217, 200, 145, 186, 203, 31, 129, 119, 126, 6, 218, 145, 18, 186,
       27, 212, 50, 73, 175, 21, 167, 17, 236, 222, 110, 212, 178, 19,
       249, 144, 54, 13, 186, 211, 155, 245, 10, 91, 18, 6, 173, 71, 38,
       164, 144, 147, 253, 109, 184, 239, 30, 53, 49, 27, 204, 120, 92,
       8, 187, 155, 107, 49, 54, 120, 219, 215, 13, 22, 31, 119, 148, 8,
       197, 134, 202, 110, 50, 218, 203, 240, 188, 71, 189, 14, 152, 179,
       172, 206, 37, 205, 231, 179, 203, 129, 118, 15, 130, 243, 179,
       116, 154, 187, 146, 84, 175, 207, 9, 12, 23, 101, 116, 174, 97,
       55, 124, 9, 122, 64, 191, 51, 128, 244, 0, 46, 70, 8, 49, 184, 65,
       14, 37, 254, 48, 0, 74, 128, 195, 169, 114, 35, 6, 236, 27, 193,
       24, 104, 167, 52, 144, 137, 207, 207, 40, 82, 204, 177, 207, 225,
       10, 3, 194, 221, 209, 208, 139, 187, 48, 6, 39, 18, 203, 133, 236,
       95, 163, 114, 125, 175, 112, 83, 71, 144, 249, 127, 154, 127, 103,
       87, 185, 174, 240, 216, 183, 239, 103, 111, 222, 1, 166, 244, 169,
       104, 80, 50, 23, 252, 11, 193, 16, 104, 175, 184, 160, 104, 238,
       211, 97, 223, 166, 181, 238, 192, 0, 67, 154, 81, 145, 178, 83,
       59, 16, 34, 39, 11, 118, 40, 222, 182, 237, 61, 84, 138, 171, 179,
       186, 25, 239, 234, 71, 154, 235, 231, 238, 1, 28, 99, 202, 224,
       158, 246, 215, 59, 192, 124, 74, 14, 125, 117, 21, 238, 61, 79,
       86, 248, 47, 232, 249, 72, 223, 125, 9, 176, 220, 213, 92, 106,
       201, 35, 89, 191, 251, 223, 5, 62, 90, 187, 66, 51, 166, 44, 214,
       248, 253, 43, 154, 200, 159, 178, 177, 25, 206, 235, 101, 201,
       211, 117, 111, 114, 52, 231, 75, 254, 154, 222, 67, 127, 212, 107,
       9, 131, 120, 82, 190, 228, 109, 94, 244, 88, 49, 206, 247, 39,
       106, 221, 175, 219, 252, 213, 239, 226, 204, 247, 177, 200, 211,
       251, 230, 151, 67, 254, 126, 243, 65, 97, 25, 229, 52, 15, 103,
       56, 109, 168, 246, 72, 215, 18, 129, 116, 150, 221, 92, 106, 193,
       176, 97, 76, 165, 156, 35, 48, 64, 178, 67, 37, 213, 74, 94, 213,
       46, 10, 108, 32, 237, 130, 242, 226, 67, 10, 181, 127, 106, 228,
       108, 234, 104, 229, 133, 232, 176, 170, 227, 144, 37, 185, 112,
       44, 238, 221, 248, 243, 245, 252, 255, 228, 185, 94, 189, 27, 236,
       127, 75, 211, 251, 243, 207, 242, 118, 39, 120, 235, 255, 87, 143,
       63, 147, 127, 239, 215, 109, 181, 157, 71, 189, 79, 199, 175, 82,
       249, 172, 24, 210, 112, 88, 35, 153, 70, 112, 56, 121, 106, 249,
       46, 237, 159, 101, 116, 200, 122, 210, 170, 13, 248, 253, 85, 102,
       216, 117, 150, 122, 254, 54, 40, 187, 53, 215, 63, 3, 126, 244,
       74, 195, 244, 175, 33, 70, 235, 117, 128, 230, 241, 71, 249, 26,
       174, 163, 57, 179, 249, 52, 199, 63, 15, 88, 241, 175, 174, 96,
       128, 183, 59, 133, 149, 30, 152, 0, 179, 171, 215, 62, 227, 242,
       84, 167, 223, 252, 82, 30, 172, 44, 2, 87, 184, 32, 138, 231, 105,
       87, 83, 139, 91, 244, 212, 109, 226, 104, 199, 201, 8, 208, 227,
       227, 157, 32, 179, 126, 3, 1, 179, 140, 27, 155, 31, 40, 255, 54,
       113, 77, 214, 225, 34, 202, 96, 113, 14, 34, 156, 55, 88, 95, 87,
       44, 38, 158, 101, 185, 0, 137, 156, 106, 188, 188, 122, 169, 253,
       20, 143, 139, 63, 164, 25, 174, 255, 66, 27, 133, 115, 233, 16,
       50, 79, 218, 49, 219, 211, 93, 123, 210, 68, 143, 11, 204, 78,
       199, 53, 76, 42, 229, 18, 244, 166, 114, 230, 243, 161, 145, 75,
       108, 236, 110, 238, 168, 244, 231, 40, 84, 171, 227, 128, 101,
       249, 116, 224, 34, 160, 81, 155, 252, 185, 168, 143, 30, 49, 49,
       216, 157, 2, 216, 140, 27, 11, 106, 29, 19, 88, 79, 213, 12, 20,
       63, 252, 156, 8, 153, 160, 72, 157, 25, 62, 57, 141, 17, 191, 142,
       25, 40, 72, 190, 182, 0, 80, 133, 51, 238, 0, 2, 40, 210, 55, 229,
       213, 16, 58, 80, 8, 3, 11, 197, 74, 223, 212, 100, 42, 237, 18,
       248, 134, 242, 198, 249, 162, 181, 91, 98, 228, 110, 206, 160,
       245, 167, 232, 84, 170, 242, 0, 77, 241, 97, 32, 34, 177, 49, 234,
       246, 193, 179, 239, 30, 13, 120, 42, 188, 159, 108, 0, 254, 155,
       151, 17, 18, 58, 72, 215, 125, 148, 190, 234, 213, 10, 199, 235,
       65, 99, 56, 197, 52, 15, 111, 56, 109, 172, 255, 8, 223, 19, 128,
       116, 146, 196, 76, 106, 201, 176, 225, 12, 245, 253, 35, 16, 64,
       162, 71, 33, 48, 48, 255, 117, 122, 235, 113, 66, 239, 153, 114,
       32, 183, 183, 64, 114, 168, 188, 110, 16, 11, 248, 227, 0, 223,
       233, 50, 1, 224, 32, 102, 163, 246, 72, 223, 245, 110, 40, 121,
       24, 169, 146, 178, 218, 255, 43, 69, 91, 103, 245, 125, 170, 40,
       71, 195, 192, 214, 250, 250, 152, 165, 241, 99, 41, 106, 64, 214,
       188, 107, 19, 28, 72, 169, 162, 243, 137, 207, 255, 37, 219, 222,
       253, 255, 103, 76, 195, 146, 200, 147, 251, 75, 191, 70, 62, 43,
       131, 125, 125, 153, 229, 184, 15, 92, 191, 59, 168, 170, 72, 159,
       51, 65, 240, 151, 221, 125, 104, 73, 90, 209, 26, 255, 255, 37,
       54, 72, 240, 195, 43, 53, 230, 196, 159, 206, 35, 198, 168, 19,
       178, 185, 238, 98, 96, 205, 26, 89, 206, 102, 119, 47, 98, 207,
       185, 152, 134, 229, 60, 253, 123, 82, 132, 198, 232, 148, 151, 77,
       136, 166, 168, 186, 146, 128, 3, 228, 226, 76, 215, 241, 235, 106,
       195, 102, 68, 202, 243, 189, 50, 207, 47, 0, 51, 171, 142, 88, 50,
       158, 72, 11, 201, 49, 73, 238, 157, 182, 108, 142, 146, 102, 210,
