%YAML:1.0
---
descriptors: !!opencv-matrix
   rows: 164
   cols: 32
   dt: u
   data: [ 241, 48, 58, 56, 40, 205, 81, 81, 251, 28, 160, 29, 55, 154,
       66, 25, 164, 161, 76, 20, 238, 111, 178, 19, 211, 219, 112, 121,
       64, 0, 102, 75, 195, 180, 154, 182, 89, 252, 24, 71, 187, 91, 175,
       25, 172, 246, 74, 151, 165, 35, 249, 20, 55, 77, 146, 227, 155,
       113, 26, 123, 138, 68, 171, 94, 250, 90, 255, 244, 46, 78, 93, 48,
       169, 206, 182, 239, 127, 63, 135, 123, 230, 245, 253, 226, 233,
       199, 225, 200, 243, 251, 230, 146, 37, 177, 100, 123, 184, 105,
       82, 106, 123, 201, 82, 96, 177, 0, 161, 40, 47, 211, 33, 16, 178,
       185, 196, 66, 74, 7, 10, 63, 243, 213, 1, 59, 114, 3, 38, 3, 37,
       102, 96, 11, 124, 63, 202, 88, 70, 232, 249, 207, 99, 72, 159,
       132, 92, 136, 6, 127, 142, 162, 77, 159, 38, 92, 161, 188, 127,
       175, 88, 132, 212, 58, 151, 254, 11, 193, 48, 104, 175, 154, 161,
       120, 236, 211, 105, 219, 231, 113, 234, 194, 98, 71, 154, 113,
       153, 178, 83, 59, 24, 33, 39, 3, 70, 173, 144, 190, 191, 129, 190,
       172, 155, 147, 8, 10, 236, 234, 92, 198, 179, 107, 121, 211, 118,
       64, 202, 243, 173, 86, 207, 255, 148, 103, 137, 6, 70, 165, 244,
       222, 191, 161, 186, 172, 159, 176, 24, 139, 236, 234, 93, 134,
       151, 119, 121, 211, 146, 65, 142, 243, 44, 62, 207, 255, 148, 119,
       129, 5, 164, 76, 62, 254, 125, 139, 150, 104, 223, 134, 244, 41,
       206, 249, 37, 65, 215, 121, 255, 98, 96, 231, 10, 191, 243, 255,
       67, 63, 82, 187, 37, 131, 118, 69, 237, 198, 54, 2, 206, 168, 19,
       162, 251, 234, 83, 105, 157, 17, 91, 213, 117, 239, 232, 243, 77,
       191, 56, 46, 237, 148, 101, 251, 114, 0, 74, 145, 150, 187, 11,
       208, 176, 109, 175, 85, 75, 51, 236, 254, 44, 230, 230, 51, 251,
       144, 22, 9, 155, 245, 139, 247, 90, 75, 146, 6, 173, 30, 2, 167,
       29, 153, 248, 137, 172, 175, 30, 17, 88, 241, 181, 162, 200, 64,
       207, 27, 35, 20, 50, 88, 67, 247, 44, 22, 190, 232, 156, 136, 129,
       169, 221, 94, 221, 167, 38, 46, 110, 184, 112, 234, 211, 230, 213,
       110, 153, 123, 54, 229, 124, 239, 237, 212, 237, 40, 212, 235,
       235, 132, 45, 243, 89, 17, 125, 101, 193, 71, 206, 23, 79, 216,
       67, 242, 185, 206, 83, 101, 221, 191, 93, 196, 116, 254, 201, 99,
       253, 56, 120, 8, 229, 188, 255, 251, 114, 244, 217, 249, 154, 190,
       61, 220, 48, 7, 175, 13, 166, 29, 174, 155, 98, 210, 166, 55, 232,
       80, 102, 45, 146, 227, 251, 249, 18, 91, 2, 4, 171, 11, 218, 198,
       51, 186, 43, 240, 184, 70, 175, 5, 152, 179, 172, 206, 108, 198,
       230, 51, 235, 193, 98, 15, 130, 247, 145, 112, 154, 219, 18, 4,
       37, 255, 160, 193, 24, 184, 93, 201, 148, 238, 158, 53, 160, 27,
       166, 139, 40, 17, 201, 155, 67, 65, 106, 47, 66, 119, 245, 144,
       28, 123, 80, 24, 135, 138, 70, 224, 244, 223, 252, 161, 190, 172,
       219, 178, 25, 131, 236, 235, 92, 2, 151, 119, 123, 151, 162, 97,
       143, 249, 46, 62, 207, 238, 149, 243, 209, 132, 208, 249, 153,
       234, 58, 205, 19, 196, 174, 77, 136, 57, 183, 215, 96, 80, 192,
       113, 125, 80, 75, 15, 250, 51, 249, 165, 47, 121, 16, 2, 135, 123,
       2, 218, 150, 27, 19, 150, 184, 71, 190, 21, 66, 149, 172, 130, 38,
       222, 167, 59, 171, 148, 22, 205, 18, 213, 15, 118, 94, 67, 138, 4,
       173, 158, 182, 21, 82, 160, 229, 111, 86, 110, 21, 103, 242, 27,
       11, 62, 38, 93, 248, 215, 134, 98, 60, 187, 81, 174, 179, 250, 80,
       23, 177, 125, 254, 86, 116, 219, 23, 232, 237, 103, 70, 248, 151,
       184, 243, 111, 66, 233, 236, 217, 217, 196, 166, 114, 29, 115,
       202, 180, 26, 242, 229, 255, 218, 63, 252, 19, 117, 236, 200, 101,
       156, 42, 78, 175, 51, 163, 232, 216, 211, 98, 156, 50, 91, 198,
       88, 170, 120, 84, 205, 34, 174, 174, 133, 85, 229, 243, 218, 0,
       125, 53, 121, 105, 122, 114, 155, 121, 112, 64, 173, 128, 217, 78,
       143, 113, 94, 153, 212, 166, 207, 2, 253, 221, 244, 205, 139, 60,
       117, 227, 34, 212, 60, 39, 251, 110, 149, 107, 67, 72, 65, 165,
       237, 40, 67, 249, 40, 16, 216, 222, 4, 114, 24, 179, 104, 44, 251,
       229, 1, 57, 243, 75, 118, 162, 140, 14, 31, 191, 8, 169, 35, 98,
       156, 2, 65, 81, 247, 195, 33, 73, 193, 104, 10, 14, 32, 132, 74,
       63, 196, 163, 98, 8, 16, 121, 33, 128, 97, 115, 57, 104, 40, 80,
       159, 13, 108, 70, 240, 164, 153, 14, 135, 121, 222, 177, 222, 163,
       221, 3, 228, 28, 228, 237, 170, 184, 92, 17, 175, 209, 60, 98,
       144, 224, 45, 63, 82, 200, 203, 190, 177, 13, 79, 201, 77, 154,
       153, 204, 204, 114, 12, 103, 218, 128, 155, 221, 69, 63, 234, 127,
       74, 2, 204, 252, 24, 179, 205, 253, 182, 133, 172, 30, 191, 27,
       140, 222, 107, 82, 233, 147, 202, 18, 118, 5, 218, 243, 247, 81,
       142, 123, 146, 95, 141, 86, 25, 139, 24, 107, 48, 143, 83, 151,
       22, 13, 206, 100, 183, 83, 160, 80, 84, 58, 12, 76, 154, 136, 107,
       61, 235, 175, 32, 144, 16, 138, 128, 41, 206, 173, 24, 186, 237,
       249, 191, 226, 168, 22, 188, 25, 172, 235, 107, 83, 227, 67, 203,
       210, 22, 39, 186, 243, 239, 209, 14, 47, 146, 87, 47, 202, 205,
       47, 152, 241, 232, 36, 169, 159, 178, 187, 20, 88, 157, 179, 193,
       187, 141, 94, 118, 153, 51, 94, 194, 2, 204, 193, 255, 236, 138,
       112, 171, 169, 226, 232, 158, 120, 105, 252, 88, 198, 187, 93,
       164, 29, 14, 151, 102, 31, 129, 137, 125, 28, 62, 79, 178, 81,
       211, 250, 80, 251, 200, 4, 238, 86, 140, 237, 62, 219, 205, 249,
       253, 195, 239, 22, 125, 17, 172, 223, 107, 75, 163, 59, 195, 18,
       82, 48, 250, 241, 231, 209, 70, 107, 146, 95, 135, 226, 200, 172,
       188, 122, 137, 253, 16, 143, 155, 31, 164, 25, 238, 249, 98, 27,
       131, 115, 233, 16, 50, 111, 218, 51, 203, 211, 85, 123, 210, 68,
       143, 11, 54, 253, 179, 154, 219, 229, 150, 204, 155, 221, 152, 47,
       100, 252, 109, 0, 157, 91, 211, 115, 118, 99, 154, 247, 57, 20,
       13, 255, 209, 127, 151, 215, 41, 46, 80, 69, 116, 58, 234, 19,
       117, 33, 118, 80, 219, 1, 145, 252, 122, 44, 6, 60, 160, 188, 69,
       142, 38, 255, 48, 64, 239, 160, 74, 164, 173, 112, 122, 91, 97,
       253, 243, 208, 239, 93, 117, 48, 42, 223, 110, 189, 170, 58, 134,
       82, 151, 244, 58, 241, 71, 217, 16, 107, 211, 159, 206, 215, 206,
       50, 159, 156, 75, 197, 49, 88, 174, 222, 229, 116, 220, 215, 227,
       223, 229, 125, 238, 130, 3, 71, 187, 81, 149, 163, 123, 174, 24,
       33, 47, 243, 125, 117, 61, 238, 189, 79, 87, 248, 127, 232, 253,
       76, 223, 125, 9, 48, 221, 213, 94, 106, 169, 163, 121, 190, 251,
       255, 37, 126, 74, 59, 66, 51, 70, 173, 148, 151, 213, 192, 166,
       133, 186, 51, 138, 19, 228, 242, 76, 78, 225, 239, 42, 211, 54,
       88, 203, 227, 189, 54, 223, 103, 128, 114, 161, 142, 52, 196, 197,
       223, 92, 3, 206, 168, 83, 162, 251, 202, 115, 105, 29, 17, 91,
       196, 117, 235, 105, 226, 79, 191, 184, 46, 237, 20, 101, 187, 114,
       32, 213, 72, 70, 204, 15, 18, 78, 32, 229, 130, 242, 2, 75, 74,
       21, 119, 104, 196, 108, 234, 108, 231, 197, 204, 178, 234, 199,
       21, 37, 185, 120, 4, 130, 160, 17, 155, 252, 137, 169, 175, 30,
       49, 17, 153, 141, 2, 200, 72, 79, 11, 106, 29, 51, 88, 207, 215,
       12, 22, 191, 252, 148, 136, 129, 136, 117, 253, 237, 68, 221, 95,
       71, 190, 81, 242, 172, 10, 115, 113, 81, 55, 25, 230, 112, 106,
       233, 107, 255, 46, 123, 139, 197, 60, 105, 251, 210, 44, 90, 180,
       56, 250, 155, 241, 28, 105, 29, 87, 141, 187, 238, 223, 42, 249,
       255, 155, 159, 163, 126, 7, 10, 213, 179, 211, 154, 127, 50, 70,
       175, 23, 13, 65, 213, 229, 67, 78, 127, 32, 45, 160, 106, 128,
       223, 35, 1, 242, 54, 213, 106, 110, 65, 144, 85, 72, 175, 251, 71,
       0, 110, 179, 67, 160, 98, 32, 220, 228, 108, 8, 72, 9, 235, 177,
       162, 136, 143, 139, 84, 218, 162, 133, 125, 153, 10, 107, 199,
       193, 156, 184, 219, 124, 69, 160, 75, 0, 29, 78, 196, 71, 176, 58,
