%YAML:1.0
---
descriptors: !!opencv-matrix
   rows: 283
   cols: 32
   dt: u
   data: [ 211, 134, 237, 69, 150, 22, 237, 59, 112, 234, 30, 214, 81,
       48, 215, 103, 55, 196, 61, 173, 225, 220, 181, 78, 124, 46, 239,
       132, 173, 224, 121, 60, 45, 116, 144, 69, 117, 31, 102, 60, 121,
       234, 111, 76, 210, 16, 21, 180, 144, 76, 84, 110, 197, 244, 217,
       10, 39, 221, 37, 52, 74, 251, 218, 132, 51, 105, 98, 12, 86, 130,
       107, 196, 1, 0, 236, 131, 49, 227, 55, 84, 122, 234, 19, 236, 10,
       155, 20, 237, 115, 44, 132, 8, 119, 191, 114, 232, 45, 21, 123,
       107, 116, 47, 235, 178, 116, 9, 127, 102, 115, 125, 153, 48, 126,
       250, 23, 120, 153, 176, 89, 46, 111, 237, 32, 0, 239, 235, 66,
       161, 104, 253, 41, 121, 249, 223, 85, 119, 199, 236, 172, 13, 178,
       21, 66, 180, 200, 182, 202, 16, 217, 42, 241, 30, 111, 221, 20,
       123, 82, 12, 222, 122, 66, 189, 183, 223, 203, 244, 181, 199, 239,
       81, 75, 50, 188, 254, 100, 230, 231, 123, 186, 145, 19, 88, 186,
       225, 45, 52, 30, 74, 130, 70, 165, 255, 49, 156, 237, 71, 84, 79,
       227, 127, 86, 235, 247, 82, 114, 49, 148, 37, 121, 254, 2, 40,
       185, 250, 125, 62, 109, 14, 181, 64, 119, 168, 244, 236, 0, 188,
       191, 91, 209, 236, 117, 215, 235, 29, 110, 0, 60, 247, 96, 126,
       161, 58, 98, 24, 19, 248, 178, 97, 79, 190, 20, 74, 194, 208, 231,
       171, 36, 41, 211, 206, 212, 102, 99, 88, 129, 128, 237, 2, 112,
       247, 33, 118, 88, 252, 3, 250, 8, 179, 248, 232, 119, 168, 129, 8,
       227, 251, 118, 160, 42, 185, 50, 250, 215, 149, 178, 225, 155, 13,
       113, 15, 46, 254, 46, 144, 190, 187, 131, 85, 54, 171, 26, 253,
       59, 223, 30, 107, 219, 14, 171, 159, 199, 120, 169, 158, 42, 140,
       43, 130, 190, 86, 130, 188, 188, 134, 215, 126, 166, 109, 121,
       207, 195, 77, 190, 115, 148, 48, 90, 186, 28, 21, 35, 124, 9, 184,
       241, 253, 87, 150, 249, 191, 119, 201, 86, 102, 185, 251, 210,
       224, 55, 111, 181, 152, 167, 216, 231, 223, 111, 239, 191, 224,
       175, 164, 89, 203, 189, 157, 231, 231, 245, 114, 126, 247, 101,
       255, 254, 231, 123, 45, 155, 243, 109, 198, 182, 254, 253, 250,
       61, 175, 127, 239, 228, 193, 239, 255, 248, 219, 30, 60, 67, 186,
       21, 193, 83, 104, 61, 68, 209, 3, 106, 222, 35, 240, 248, 185,
       151, 227, 47, 7, 56, 255, 177, 213, 139, 43, 54, 39, 126, 98, 33,
       121, 193, 133, 84, 143, 168, 76, 30, 160, 112, 198, 180, 130, 64,
       0, 88, 237, 34, 205, 65, 248, 209, 93, 12, 4, 187, 36, 77, 10, 67,
       184, 95, 215, 198, 165, 178, 2, 110, 189, 53, 224, 219, 231, 221,
       39, 154, 208, 55, 197, 61, 238, 253, 216, 77, 204, 238, 239, 239,
       132, 175, 182, 169, 81, 219, 94, 118, 188, 195, 182, 188, 119,
       189, 206, 90, 183, 44, 174, 183, 237, 231, 255, 151, 133, 164,
       221, 52, 239, 178, 110, 218, 131, 175, 116, 173, 95, 170, 173,
       162, 157, 117, 248, 188, 103, 29, 71, 92, 179, 172, 172, 50, 132,
       202, 59, 147, 1, 118, 216, 162, 235, 7, 117, 154, 139, 22, 76,
       157, 218, 17, 188, 188, 189, 46, 229, 189, 103, 30, 207, 92, 35,
       188, 190, 98, 97, 231, 59, 23, 4, 115, 216, 51, 123, 233, 143,
       126, 168, 16, 64, 165, 251, 174, 168, 224, 249, 233, 240, 152,
       203, 19, 63, 117, 177, 8, 143, 102, 156, 221, 155, 135, 144, 26,
       30, 202, 211, 79, 213, 155, 239, 179, 133, 14, 210, 45, 121, 117,
       67, 245, 15, 231, 48, 109, 168, 118, 64, 216, 19, 149, 53, 76,
       124, 86, 122, 193, 248, 121, 236, 47, 152, 39, 194, 75, 187, 67,
       165, 63, 21, 244, 215, 245, 118, 218, 57, 83, 235, 63, 51, 88,
       121, 255, 235, 253, 95, 181, 179, 188, 240, 41, 206, 75, 127, 213,
       199, 247, 239, 248, 199, 220, 189, 188, 183, 152, 78, 87, 184,
       166, 191, 135, 5, 247, 119, 10, 83, 197, 246, 108, 66, 122, 73,
       251, 61, 233, 227, 119, 16, 32, 99, 133, 122, 214, 216, 24, 186,
       139, 244, 24, 142, 155, 55, 196, 59, 204, 254, 99, 201, 231, 157,
       185, 144, 46, 78, 218, 208, 155, 243, 91, 127, 178, 85, 45, 86, 7,
       117, 102, 7, 247, 63, 174, 255, 93, 234, 122, 102, 232, 40, 159,
       172, 251, 78, 150, 255, 245, 176, 93, 238, 38, 95, 222, 130, 207,
       95, 249, 157, 181, 77, 103, 206, 86, 146, 207, 228, 213, 128, 246,
       2, 113, 201, 181, 229, 120, 232, 2, 235, 233, 163, 60, 173, 50,
       234, 199, 8, 119, 187, 112, 172, 90, 243, 230, 191, 122, 176, 56,
       216, 191, 212, 94, 231, 109, 239, 234, 198, 55, 127, 175, 213,
       134, 81, 175, 253, 30, 99, 239, 175, 47, 167, 45, 209, 206, 102,
       36, 146, 13, 189, 184, 142, 159, 183, 2, 155, 204, 204, 123, 207,
       133, 3, 251, 21, 38, 69, 75, 192, 157, 82, 223, 127, 134, 93, 29,
       78, 133, 222, 75, 186, 228, 164, 170, 144, 252, 90, 91, 246, 253,
       226, 185, 72, 127, 107, 14, 239, 163, 6, 14, 227, 132, 180, 170,
       200, 156, 251, 33, 177, 100, 37, 251, 101, 240, 78, 103, 152, 115,
       236, 110, 8, 87, 183, 195, 112, 18, 236, 102, 104, 32, 210, 249,
       74, 127, 189, 37, 44, 226, 179, 70, 233, 56, 157, 127, 250, 189,
       231, 95, 253, 221, 71, 223, 22, 251, 221, 62, 65, 253, 147, 63,
       239, 251, 163, 123, 255, 243, 255, 154, 80, 30, 155, 244, 122,
       254, 209, 110, 94, 71, 254, 117, 164, 125, 94, 247, 183, 106, 124,
       62, 125, 240, 183, 189, 195, 188, 244, 63, 245, 87, 123, 210, 195,
       119, 85, 252, 87, 98, 237, 186, 24, 201, 201, 181, 231, 254, 23,
       104, 25, 172, 188, 102, 16, 137, 59, 226, 0, 86, 107, 242, 117,
       61, 22, 86, 107, 80, 92, 135, 206, 73, 203, 249, 238, 116, 12,
       111, 191, 99, 77, 126, 228, 255, 231, 176, 112, 86, 238, 53, 204,
       201, 26, 162, 41, 230, 237, 38, 136, 62, 242, 224, 121, 176, 254,
       120, 218, 122, 137, 19, 113, 88, 12, 116, 238, 175, 195, 160, 21,
       110, 184, 134, 74, 226, 46, 110, 61, 244, 128, 32, 184, 118, 138,
       7, 169, 246, 251, 109, 46, 58, 219, 95, 188, 146, 236, 148, 175,
       115, 204, 219, 113, 150, 245, 253, 231, 239, 71, 254, 61, 251,
       233, 173, 189, 52, 191, 22, 90, 221, 131, 189, 191, 172, 91, 92,
       157, 126, 127, 247, 25, 223, 111, 26, 249, 215, 207, 238, 3, 254,
       244, 237, 3, 207, 243, 119, 85, 224, 216, 141, 72, 8, 170, 24,
       217, 173, 189, 129, 15, 223, 61, 124, 40, 174, 128, 230, 140, 195,
       42, 134, 28, 22, 56, 98, 177, 142, 209, 16, 123, 210, 140, 77,
       173, 45, 244, 117, 69, 52, 79, 231, 248, 92, 162, 127, 72, 211,
       112, 156, 37, 89, 92, 86, 106, 233, 240, 125, 159, 45, 222, 69,
       52, 87, 251, 86, 164, 218, 214, 126, 190, 163, 232, 60, 103, 189,
       87, 115, 179, 45, 191, 46, 91, 167, 179, 253, 1, 116, 221, 2, 229,
       243, 243, 122, 195, 36, 68, 167, 83, 33, 117, 119, 69, 116, 79,
       227, 252, 122, 164, 100, 8, 211, 21, 149, 53, 26, 92, 66, 122,
       225, 240, 249, 28, 45, 154, 69, 36, 67, 187, 70, 232, 76, 244,
       181, 231, 25, 46, 67, 188, 39, 61, 175, 24, 215, 119, 72, 86, 209,
       214, 109, 106, 42, 64, 251, 55, 237, 246, 71, 116, 130, 243, 134,
       114, 116, 175, 120, 68, 158, 123, 215, 255, 65, 166, 188, 42, 115,
       105, 151, 50, 89, 246, 69, 106, 248, 107, 237, 142, 123, 207, 101,
       61, 103, 250, 86, 43, 95, 209, 199, 165, 48, 22, 106, 56, 49, 232,
       211, 197, 217, 39, 154, 208, 126, 197, 253, 239, 205, 208, 93,
       204, 174, 255, 175, 132, 47, 166, 58, 84, 109, 58, 156, 253, 232,
       47, 85, 154, 139, 191, 60, 88, 150, 51, 65, 26, 133, 84, 108, 24,
       8, 110, 243, 16, 207, 223, 117, 116, 208, 121, 74, 163, 116, 19,
       126, 236, 46, 35, 87, 56, 197, 172, 255, 238, 71, 96, 165, 60, 94,
       180, 108, 99, 136, 163, 100, 156, 144, 246, 97, 150, 116, 171, 86,
       37, 212, 160, 157, 238, 170, 70, 90, 152, 163, 186, 145, 74, 223,
       247, 73, 90, 247, 213, 125, 242, 10, 71, 139, 216, 219, 195, 239,
       188, 176, 243, 37, 35, 195, 250, 206, 187, 74, 164, 172, 215, 166,
       127, 215, 215, 173, 226, 250, 79, 111, 167, 127, 141, 166, 220,
