%YAML:1.0
---
descriptors: !!opencv-matrix
   rows: 348
   cols: 32
   dt: u
   data: [ 53, 12, 10, 206, 149, 166, 202, 65, 212, 128, 203, 2, 81, 232,
       49, 96, 120, 168, 10, 188, 24, 163, 16, 142, 121, 174, 131, 64,
       185, 235, 112, 128, 58, 175, 242, 79, 213, 187, 231, 247, 119,
       141, 254, 2, 107, 225, 182, 228, 121, 238, 134, 158, 218, 186,
       109, 255, 62, 255, 151, 67, 247, 222, 254, 172, 226, 238, 5, 190,
       233, 229, 220, 239, 155, 191, 144, 25, 172, 239, 86, 27, 201, 123,
       219, 131, 114, 71, 202, 255, 191, 83, 223, 187, 16, 84, 151, 194,
       198, 20, 147, 158, 255, 233, 183, 207, 158, 23, 136, 58, 140, 254,
       101, 73, 243, 115, 235, 18, 51, 75, 26, 243, 185, 22, 95, 123,
       152, 121, 165, 6, 164, 251, 33, 171, 212, 141, 187, 220, 30, 36,
       64, 135, 156, 140, 116, 0, 222, 9, 3, 85, 226, 186, 88, 255, 109,
       16, 10, 108, 85, 11, 85, 208, 114, 216, 116, 192, 95, 211, 184,
       111, 15, 244, 144, 139, 12, 158, 116, 112, 111, 145, 147, 181, 70,
       27, 113, 220, 63, 72, 143, 239, 55, 4, 37, 222, 220, 126, 152, 58,
       184, 12, 86, 220, 51, 220, 180, 125, 223, 203, 75, 25, 183, 201,
       76, 118, 238, 71, 203, 50, 251, 217, 37, 253, 234, 179, 234, 83,
       38, 238, 182, 190, 203, 231, 158, 239, 159, 63, 184, 155, 140,
       239, 53, 11, 207, 243, 255, 147, 56, 107, 74, 242, 185, 22, 223,
       187, 209, 93, 135, 202, 77, 167, 157, 115, 232, 62, 109, 185, 255,
       187, 55, 80, 223, 115, 201, 127, 183, 71, 108, 58, 179, 112, 107,
       48, 173, 219, 117, 68, 194, 243, 131, 33, 130, 164, 152, 177, 244,
       237, 188, 7, 30, 115, 26, 25, 148, 60, 82, 8, 139, 27, 19, 17, 54,
       124, 81, 214, 237, 150, 30, 101, 148, 72, 153, 138, 99, 195, 232,
       12, 205, 16, 252, 237, 75, 212, 252, 143, 96, 232, 247, 22, 216,
       236, 162, 229, 156, 58, 238, 133, 62, 61, 205, 239, 213, 174, 250,
       206, 208, 196, 15, 189, 44, 10, 109, 164, 252, 18, 146, 18, 223,
       74, 40, 67, 99, 229, 125, 227, 104, 197, 75, 255, 225, 243, 234,
       20, 20, 56, 241, 2, 20, 77, 11, 191, 20, 199, 111, 98, 148, 192,
       202, 3, 179, 229, 49, 64, 120, 234, 43, 206, 107, 184, 85, 63,
       229, 166, 134, 0, 49, 121, 116, 48, 95, 56, 190, 247, 99, 60, 57,
       80, 171, 244, 7, 7, 62, 159, 67, 218, 166, 61, 249, 20, 1, 213,
       177, 192, 215, 249, 90, 2, 138, 37, 35, 123, 210, 77, 177, 222,
       174, 96, 159, 239, 222, 150, 144, 18, 172, 175, 101, 111, 227,
       127, 63, 66, 96, 111, 170, 226, 185, 176, 79, 63, 20, 249, 37,
       233, 211, 159, 126, 92, 55, 50, 89, 122, 125, 79, 214, 183, 106,
       46, 182, 117, 246, 131, 172, 140, 172, 205, 37, 223, 210, 127,
       210, 211, 182, 197, 45, 87, 230, 156, 165, 190, 233, 105, 149,
       143, 155, 255, 144, 185, 236, 254, 67, 91, 205, 215, 251, 17, 51,
       79, 251, 242, 189, 19, 223, 255, 144, 124, 149, 114, 128, 188,
       155, 185, 214, 231, 169, 203, 62, 27, 82, 83, 180, 150, 96, 72,
       251, 59, 35, 144, 51, 220, 91, 115, 77, 6, 186, 100, 144, 0, 37,
       168, 177, 77, 236, 255, 21, 86, 234, 40, 86, 229, 215, 19, 115,
       104, 31, 235, 120, 230, 249, 237, 109, 247, 125, 191, 187, 239,
       213, 81, 101, 41, 248, 74, 255, 94, 229, 76, 171, 82, 22, 252, 83,
       250, 180, 238, 74, 116, 199, 255, 127, 212, 252, 226, 237, 103,
       239, 234, 58, 106, 229, 190, 127, 247, 252, 117, 198, 126, 181,
       209, 175, 103, 189, 219, 174, 190, 150, 114, 204, 94, 69, 111,
       231, 85, 255, 179, 226, 69, 235, 208, 157, 18, 223, 246, 144, 113,
       37, 99, 13, 125, 19, 203, 214, 11, 167, 216, 52, 136, 251, 98,
       245, 209, 201, 164, 126, 216, 66, 250, 67, 178, 73, 106, 52, 132,
       46, 4, 73, 123, 33, 161, 188, 251, 80, 168, 125, 209, 214, 220,
       135, 236, 188, 175, 111, 221, 239, 132, 222, 249, 135, 114, 78,
       35, 106, 189, 186, 213, 37, 191, 127, 190, 76, 223, 183, 230, 204,
       11, 238, 49, 150, 238, 86, 115, 184, 255, 67, 104, 222, 131, 219,
       202, 230, 117, 238, 102, 79, 179, 62, 83, 205, 255, 253, 125, 216,
       149, 125, 53, 237, 103, 182, 127, 95, 57, 97, 238, 191, 170, 115,
       125, 159, 51, 31, 214, 253, 46, 221, 242, 253, 44, 255, 207, 101,
       180, 231, 255, 86, 117, 131, 233, 3, 179, 133, 151, 172, 229, 31,
       162, 64, 66, 172, 218, 117, 233, 248, 123, 147, 195, 101, 223, 26,
       248, 181, 82, 223, 162, 24, 86, 185, 142, 188, 141, 46, 190, 141,
       87, 150, 238, 148, 222, 156, 19, 115, 252, 47, 195, 217, 194, 221,
       227, 124, 103, 58, 62, 187, 195, 239, 63, 81, 122, 124, 202, 130,
       158, 130, 184, 201, 181, 188, 199, 158, 23, 64, 151, 172, 206, 34,
       201, 237, 59, 163, 145, 22, 93, 18, 243, 141, 114, 222, 107, 144,
       76, 173, 222, 199, 39, 173, 215, 172, 110, 173, 188, 170, 251,
       155, 253, 245, 108, 221, 107, 135, 87, 125, 15, 145, 193, 239, 32,
       204, 58, 255, 144, 132, 251, 209, 113, 6, 72, 37, 186, 253, 197,
       154, 200, 142, 92, 145, 135, 204, 204, 123, 136, 220, 65, 219,
       247, 134, 35, 90, 245, 157, 16, 139, 255, 149, 31, 53, 242, 253,
       101, 97, 229, 158, 3, 79, 185, 67, 224, 157, 206, 83, 77, 217,
       183, 126, 196, 93, 239, 233, 114, 253, 136, 242, 201, 165, 180,
       63, 255, 82, 112, 195, 156, 222, 209, 227, 240, 60, 39, 187, 31,
       102, 180, 44, 182, 134, 255, 167, 151, 188, 128, 39, 216, 55, 199,
       142, 242, 94, 131, 138, 68, 169, 29, 77, 19, 213, 111, 36, 122,
       107, 26, 103, 237, 127, 100, 223, 35, 155, 252, 54, 206, 108, 8,
       129, 176, 253, 12, 198, 255, 115, 132, 234, 243, 71, 241, 84, 112,
       185, 166, 168, 76, 85, 21, 50, 238, 133, 29, 151, 63, 67, 27, 133,
       213, 125, 51, 104, 71, 216, 10, 241, 229, 61, 61, 168, 114, 134,
       123, 8, 178, 152, 185, 186, 233, 48, 31, 62, 53, 97, 49, 143, 155,
       64, 24, 131, 27, 237, 16, 22, 88, 194, 17, 206, 197, 50, 107, 176,
       128, 135, 131, 14, 152, 52, 187, 253, 215, 184, 207, 31, 117, 81,
       19, 140, 222, 110, 77, 201, 27, 187, 145, 86, 92, 91, 245, 143,
       82, 155, 239, 150, 12, 189, 214, 248, 25, 62, 124, 73, 204, 84,
       115, 177, 30, 228, 25, 62, 159, 34, 27, 160, 177, 253, 2, 124, 79,
       146, 5, 211, 251, 80, 27, 98, 0, 46, 90, 200, 77, 123, 109, 96,
       78, 111, 60, 121, 14, 118, 0, 255, 87, 161, 113, 82, 124, 61, 106,
       97, 148, 177, 111, 231, 187, 98, 0, 18, 176, 101, 169, 139, 151,
       20, 153, 181, 183, 56, 43, 30, 93, 87, 54, 236, 114, 170, 229,
       215, 27, 138, 16, 54, 152, 99, 215, 142, 246, 26, 67, 146, 12,
       173, 7, 236, 166, 149, 87, 164, 59, 102, 183, 123, 187, 55, 120,
       203, 97, 220, 191, 145, 78, 236, 42, 185, 244, 201, 39, 174, 219,
       117, 112, 202, 217, 218, 0, 129, 189, 29, 153, 216, 237, 160, 143,
       190, 115, 106, 80, 180, 242, 64, 112, 129, 43, 106, 16, 51, 120,
       211, 119, 13, 164, 50, 104, 88, 64, 131, 185, 188, 255, 232, 54,
       246, 83, 223, 253, 82, 238, 156, 191, 115, 108, 159, 33, 95, 234,
       133, 231, 236, 126, 124, 191, 122, 79, 237, 189, 117, 254, 222,
       219, 89, 141, 79, 109, 144, 66, 110, 169, 100, 2, 238, 2, 115,
       115, 56, 113, 112, 198, 120, 234, 121, 153, 53, 47, 247, 239, 198,
       0, 33, 227, 240, 40, 198, 222, 151, 222, 235, 244, 52, 198, 187,
       27, 234, 240, 108, 183, 36, 222, 167, 247, 235, 144, 49, 207, 10,
       226, 27, 54, 94, 203, 146, 84, 175, 63, 1, 0, 82, 153, 92, 171,
       168, 67, 60, 130, 226, 210, 149, 34, 144, 201, 123, 44, 106, 184,
       33, 250, 197, 72, 156, 160, 139, 64, 132, 104, 41, 128, 207, 191,
       148, 183, 187, 158, 62, 186, 186, 219, 22, 117, 204, 250, 203,
       203, 167, 103, 253, 87, 183, 77, 154, 241, 168, 115, 111, 198,
       138, 119, 137, 87, 195, 28, 150, 158, 137, 244, 52, 167, 188, 91,
       130, 116, 188, 242, 33, 255, 225, 115, 250, 130, 55, 77, 146, 99,
       149, 50, 222, 155, 136, 112, 171, 63, 65, 160, 86, 145, 68, 139,
       232, 99, 60, 49, 226, 18, 133, 162, 184, 201, 123, 141, 106, 188,
