%YAML:1.0
---
descriptors: !!opencv-matrix
   rows: 296
   cols: 32
   dt: u
   data: [ 55, 55, 227, 195, 246, 34, 235, 90, 80, 169, 123, 230, 17, 43,
       252, 32, 127, 142, 23, 185, 147, 178, 13, 224, 28, 12, 166, 196,
       237, 203, 242, 161, 9, 192, 57, 235, 85, 135, 233, 221, 86, 89,
       245, 6, 185, 75, 60, 96, 216, 9, 19, 157, 203, 56, 121, 213, 103,
       221, 138, 68, 89, 10, 225, 250, 30, 147, 166, 162, 163, 82, 125,
       213, 173, 157, 87, 167, 140, 175, 106, 206, 230, 149, 175, 145,
       84, 153, 43, 224, 219, 240, 222, 199, 166, 134, 173, 95, 176, 221,
       122, 222, 92, 213, 199, 244, 197, 4, 220, 2, 51, 221, 179, 96, 72,
       168, 6, 75, 202, 171, 122, 191, 115, 137, 162, 56, 119, 155, 116,
       232, 70, 137, 150, 155, 237, 244, 188, 175, 191, 31, 26, 17, 236,
       254, 110, 207, 135, 87, 187, 81, 22, 200, 27, 241, 47, 50, 222,
       199, 150, 85, 141, 207, 103, 7, 229, 199, 140, 50, 207, 184, 66,
       242, 151, 206, 209, 44, 215, 111, 79, 196, 124, 191, 169, 97, 239,
       232, 12, 46, 239, 180, 141, 255, 80, 116, 215, 162, 172, 181, 140,
       54, 220, 186, 146, 247, 134, 159, 195, 108, 83, 106, 205, 199,
       121, 151, 191, 69, 255, 2, 219, 67, 221, 53, 140, 124, 28, 84, 81,
       42, 140, 53, 12, 28, 72, 19, 162, 244, 130, 205, 211, 168, 82, 83,
       132, 229, 108, 5, 141, 201, 215, 0, 200, 97, 237, 49, 8, 164, 90,
       80, 46, 232, 162, 136, 95, 113, 186, 202, 15, 245, 76, 11, 140,
       252, 127, 132, 249, 89, 179, 211, 6, 114, 186, 241, 31, 84, 143,
       111, 159, 127, 61, 214, 183, 61, 250, 156, 126, 241, 187, 218,
       155, 76, 84, 191, 44, 254, 191, 45, 190, 123, 151, 231, 163, 35,
       62, 255, 115, 89, 171, 171, 213, 125, 63, 223, 158, 148, 38, 144,
       175, 115, 185, 250, 157, 223, 151, 183, 76, 252, 118, 143, 237,
       149, 255, 167, 188, 231, 39, 214, 155, 83, 251, 199, 143, 109, 61,
       215, 81, 205, 94, 111, 54, 10, 111, 48, 100, 192, 250, 70, 243,
       114, 144, 112, 126, 228, 28, 238, 205, 144, 69, 13, 228, 169, 162,
       128, 109, 178, 98, 8, 61, 0, 203, 248, 150, 130, 231, 193, 212, 3,
       246, 146, 83, 237, 57, 104, 121, 174, 34, 188, 121, 179, 52, 222,
       241, 239, 158, 68, 181, 217, 240, 224, 177, 150, 111, 252, 62,
       131, 207, 123, 212, 74, 221, 246, 113, 237, 176, 97, 127, 160, 63,
       173, 249, 171, 38, 159, 240, 239, 235, 152, 61, 234, 240, 113, 23,
       163, 239, 225, 226, 0, 233, 217, 46, 113, 86, 230, 93, 207, 248,
       98, 126, 137, 55, 221, 195, 25, 175, 209, 220, 73, 175, 196, 61,
       134, 161, 232, 133, 220, 190, 90, 244, 134, 183, 253, 222, 27,
       117, 82, 116, 247, 189, 109, 245, 122, 22, 58, 242, 237, 42, 127,
       127, 62, 119, 204, 209, 251, 229, 163, 130, 193, 0, 203, 213, 135,
       190, 167, 12, 5, 90, 3, 236, 123, 60, 64, 216, 27, 147, 225, 82,
       152, 73, 253, 47, 48, 142, 199, 20, 10, 189, 138, 3, 141, 102,
       139, 21, 183, 186, 236, 93, 64, 92, 7, 232, 72, 191, 228, 220,
       107, 146, 231, 183, 184, 108, 253, 44, 28, 138, 131, 95, 15, 121,
       204, 47, 86, 103, 83, 229, 117, 174, 224, 221, 90, 117, 238, 72,
       252, 189, 175, 127, 80, 147, 238, 165, 242, 60, 224, 55, 94, 207,
       239, 223, 127, 123, 245, 147, 30, 38, 153, 39, 245, 184, 74, 223,
       94, 93, 167, 172, 220, 55, 233, 239, 41, 183, 135, 230, 180, 62,
       221, 134, 81, 139, 139, 87, 77, 61, 215, 240, 25, 127, 254, 36,
       78, 111, 48, 148, 78, 210, 70, 115, 183, 177, 99, 100, 246, 63,
       202, 105, 157, 48, 47, 241, 170, 242, 144, 36, 168, 116, 121, 166,
       65, 54, 140, 77, 87, 176, 72, 140, 148, 80, 3, 140, 152, 103, 143,
       200, 25, 163, 99, 68, 51, 210, 192, 21, 16, 74, 47, 85, 61, 61,
       134, 134, 96, 150, 129, 77, 87, 184, 72, 142, 149, 83, 19, 140,
       154, 111, 207, 232, 25, 187, 145, 4, 213, 19, 192, 5, 16, 218, 7,
       148, 29, 61, 134, 31, 55, 111, 160, 180, 98, 233, 91, 85, 201,
       222, 247, 25, 172, 246, 40, 127, 143, 23, 189, 189, 251, 37, 206,
       90, 77, 174, 196, 175, 205, 241, 245, 128, 222, 31, 159, 124, 135,
       174, 55, 156, 90, 90, 246, 244, 126, 164, 65, 231, 115, 63, 227,
       241, 137, 75, 127, 44, 34, 238, 128, 28, 8, 177, 153, 138, 209,
       58, 207, 109, 84, 189, 253, 141, 92, 84, 3, 172, 223, 46, 231,
       206, 89, 147, 195, 71, 58, 242, 225, 103, 113, 206, 171, 22, 30,
       189, 255, 14, 164, 32, 139, 213, 247, 186, 202, 94, 37, 73, 3,
       140, 60, 62, 132, 217, 27, 147, 17, 22, 184, 89, 223, 45, 84, 139,
       71, 146, 79, 29, 198, 152, 174, 19, 90, 219, 249, 18, 239, 191,
       13, 108, 24, 44, 195, 96, 148, 179, 187, 194, 144, 50, 15, 10,
       119, 187, 214, 17, 123, 115, 0, 175, 171, 31, 14, 119, 255, 242,
       130, 43, 115, 189, 75, 95, 246, 125, 239, 176, 96, 119, 255, 63,
       159, 177, 157, 44, 238, 250, 239, 171, 192, 175, 162, 161, 241,
       61, 214, 237, 229, 246, 10, 239, 184, 84, 238, 255, 230, 83, 117,
       153, 96, 127, 220, 54, 238, 169, 240, 109, 14, 110, 239, 229, 132,
       111, 251, 112, 241, 74, 165, 57, 248, 185, 225, 17, 79, 191, 29,
       172, 25, 172, 183, 96, 24, 197, 155, 235, 144, 18, 75, 226, 215,
       219, 213, 26, 127, 144, 64, 167, 114, 33, 67, 107, 65, 4, 30, 232,
       16, 101, 160, 122, 194, 147, 1, 145, 100, 104, 172, 70, 254, 201,
       176, 117, 8, 103, 232, 130, 0, 97, 155, 112, 164, 105, 116, 213,
       71, 112, 126, 110, 176, 97, 234, 107, 76, 243, 118, 141, 246, 21,
       252, 116, 170, 169, 212, 249, 47, 39, 190, 97, 128, 42, 243, 66,
       181, 54, 32, 18, 188, 9, 199, 84, 104, 185, 142, 225, 9, 78, 250,
       47, 157, 216, 161, 196, 98, 60, 99, 10, 156, 147, 214, 81, 59, 81,
       63, 106, 6, 155, 130, 108, 81, 130, 187, 168, 151, 118, 119, 214,
       246, 203, 44, 150, 233, 127, 142, 254, 156, 159, 220, 109, 37,
       142, 107, 242, 193, 239, 140, 248, 93, 120, 250, 16, 186, 57, 217,
       82, 174, 155, 61, 168, 41, 175, 211, 66, 144, 129, 251, 205, 82,
       78, 74, 202, 181, 251, 209, 20, 123, 90, 29, 142, 11, 112, 105,
       77, 109, 124, 11, 64, 40, 83, 160, 234, 72, 114, 1, 0, 16, 216,
       236, 96, 72, 72, 250, 193, 12, 132, 184, 145, 48, 64, 138, 82, 8,
       72, 177, 145, 87, 123, 204, 49, 31, 127, 73, 38, 96, 190, 151, 72,
       244, 146, 27, 92, 24, 3, 72, 243, 117, 175, 220, 48, 106, 10, 0,
       135, 59, 52, 32, 26, 232, 26, 203, 19, 72, 232, 128, 225, 8, 151,
       210, 97, 80, 154, 185, 64, 112, 8, 35, 210, 24, 209, 197, 3, 63,
       208, 35, 47, 130, 18, 149, 91, 236, 242, 66, 181, 117, 41, 73,
       251, 118, 92, 63, 168, 113, 126, 151, 159, 160, 209, 155, 32, 197,
       240, 225, 42, 198, 45, 2, 163, 179, 90, 41, 63, 240, 51, 217, 177,
       66, 173, 164, 134, 169, 172, 159, 103, 82, 162, 127, 235, 80, 68,
       217, 162, 236, 219, 209, 31, 19, 2, 36, 7, 250, 187, 46, 108, 85,
       118, 55, 203, 127, 87, 239, 246, 255, 73, 108, 158, 189, 127, 206,
       183, 173, 189, 254, 109, 190, 58, 111, 245, 148, 239, 172, 250,
       213, 254, 190, 232, 178, 169, 121, 88, 142, 131, 191, 144, 189,
       143, 142, 67, 155, 143, 223, 253, 149, 62, 79, 239, 176, 218, 209,
       189, 255, 166, 101, 158, 87, 198, 177, 148, 145, 171, 108, 188,
       143, 170, 187, 138, 49, 204, 182, 73, 74, 167, 87, 253, 144, 22,
       73, 211, 192, 141, 182, 95, 215, 128, 80, 141, 31, 191, 205, 99,
       206, 254, 81, 206, 251, 83, 194, 221, 171, 73, 236, 255, 181, 123,
       203, 151, 239, 252, 35, 174, 255, 58, 78, 173, 189, 247, 254, 118,
       228, 14, 131, 162, 155, 211, 240, 188, 205, 63, 21, 73, 131, 204,
       238, 111, 204, 255, 27, 131, 145, 22, 152, 11, 241, 15, 86, 158,
       103, 146, 86, 173, 222, 2, 141, 172, 179, 228, 106, 189, 135, 58,
       183, 82, 147, 157, 46, 82, 75, 163, 79, 59, 149, 54, 216, 141,
       226, 109, 55, 222, 197, 132, 84, 149, 202, 78, 252, 181, 223, 191,
       221, 134, 142, 223, 255, 136, 126, 236, 248, 196, 230, 129, 123,
       234, 17, 131, 105, 250, 243, 13, 54, 95, 126, 154, 124, 149, 191,
