%YAML:1.0
---
descriptors: !!opencv-matrix
   rows: 398
   cols: 32
   dt: u
   data: [ 104, 157, 191, 215, 253, 244, 183, 183, 222, 123, 190, 48,
       240, 189, 228, 98, 197, 86, 251, 16, 243, 249, 251, 231, 111, 191,
       118, 66, 202, 88, 244, 123, 93, 188, 173, 117, 141, 46, 197, 190,
       170, 255, 174, 20, 214, 117, 81, 43, 129, 70, 125, 28, 185, 253,
       251, 34, 201, 222, 93, 84, 200, 120, 209, 114, 188, 237, 193, 167,
       148, 11, 79, 188, 20, 162, 202, 218, 211, 33, 153, 0, 89, 238, 77,
       239, 120, 188, 77, 46, 236, 230, 165, 20, 229, 251, 208, 168, 59,
       162, 195, 77, 82, 27, 234, 121, 119, 168, 246, 226, 107, 70, 148,
       244, 126, 188, 134, 188, 173, 182, 101, 222, 30, 110, 163, 132,
       103, 164, 106, 173, 163, 32, 142, 185, 13, 57, 224, 67, 222, 123,
       211, 83, 128, 154, 82, 235, 233, 14, 123, 29, 62, 221, 195, 144,
       148, 59, 250, 215, 136, 76, 88, 134, 176, 73, 10, 158, 157, 197,
       71, 99, 148, 14, 208, 3, 50, 241, 49, 64, 200, 234, 7, 202, 106,
       175, 90, 191, 113, 166, 186, 8, 17, 57, 116, 234, 41, 139, 237,
       85, 164, 171, 237, 151, 86, 251, 118, 246, 243, 109, 150, 105, 95,
       238, 54, 28, 187, 248, 101, 41, 78, 171, 241, 192, 239, 200, 208,
       121, 114, 50, 176, 165, 27, 27, 67, 105, 127, 164, 203, 172, 207,
       106, 66, 84, 244, 157, 236, 33, 136, 211, 205, 140, 156, 247, 139,
       55, 40, 38, 54, 37, 163, 188, 55, 95, 205, 231, 161, 207, 206,
       119, 198, 18, 144, 148, 102, 111, 201, 30, 122, 24, 179, 255, 243,
       242, 85, 56, 19, 114, 209, 72, 244, 254, 1, 180, 218, 117, 116,
       47, 97, 27, 127, 235, 114, 124, 223, 115, 144, 112, 147, 110, 102,
       40, 165, 248, 221, 79, 76, 191, 53, 4, 200, 224, 195, 129, 40,
       107, 91, 97, 116, 79, 102, 116, 109, 40, 126, 72, 251, 15, 145,
       16, 154, 172, 70, 110, 201, 176, 65, 60, 230, 221, 33, 32, 106,
       154, 74, 185, 226, 48, 190, 208, 237, 205, 184, 79, 139, 95, 144,
       27, 156, 156, 87, 11, 141, 153, 247, 17, 130, 111, 210, 209, 23,
       16, 219, 255, 205, 12, 151, 223, 124, 225, 26, 170, 203, 85, 86,
       232, 51, 86, 168, 11, 95, 223, 106, 144, 249, 219, 217, 226, 110,
       67, 58, 183, 251, 199, 5, 127, 51, 51, 174, 66, 215, 247, 156,
       150, 154, 58, 158, 168, 26, 250, 155, 239, 206, 237, 79, 195, 23,
       71, 236, 118, 116, 97, 203, 106, 250, 35, 111, 191, 200, 255, 137,
       19, 73, 92, 59, 109, 116, 78, 103, 50, 120, 142, 126, 96, 247,
       113, 129, 112, 182, 124, 108, 106, 225, 180, 177, 47, 231, 255,
       32, 0, 64, 241, 71, 41, 44, 144, 235, 251, 94, 201, 251, 112, 204,
       104, 245, 162, 245, 223, 251, 99, 127, 184, 95, 174, 129, 180,
       109, 217, 223, 143, 235, 165, 181, 170, 61, 241, 200, 56, 58, 112,
       97, 204, 81, 83, 233, 93, 37, 24, 159, 151, 66, 59, 164, 52, 93,
       24, 18, 111, 178, 0, 219, 249, 80, 120, 66, 128, 199, 115, 70,
       220, 146, 154, 255, 99, 182, 207, 158, 135, 201, 19, 204, 254, 45,
       76, 227, 95, 251, 19, 48, 79, 27, 250, 185, 54, 95, 59, 148, 123,
       165, 210, 132, 178, 153, 179, 236, 165, 169, 91, 30, 187, 81, 80,
       180, 151, 105, 73, 199, 59, 51, 20, 179, 252, 91, 114, 77, 134,
       127, 228, 152, 72, 33, 185, 206, 79, 237, 183, 170, 56, 47, 151,
       137, 119, 95, 247, 221, 47, 159, 79, 103, 87, 191, 207, 241, 212,
       239, 226, 230, 115, 254, 128, 174, 255, 149, 116, 198, 189, 150,
       154, 249, 100, 254, 239, 191, 27, 233, 17, 236, 250, 44, 223, 249,
       95, 203, 147, 118, 207, 155, 231, 189, 54, 223, 79, 128, 119, 231,
       142, 135, 206, 228, 155, 182, 63, 238, 191, 94, 123, 25, 223, 221,
       108, 158, 33, 55, 67, 23, 239, 247, 124, 45, 255, 44, 14, 253,
       244, 189, 255, 153, 213, 166, 238, 166, 254, 233, 103, 190, 239,
       159, 55, 241, 155, 236, 238, 47, 9, 221, 215, 243, 131, 116, 111,
       202, 243, 63, 54, 223, 187, 213, 127, 239, 206, 169, 99, 27, 109,
       116, 15, 127, 112, 113, 136, 125, 76, 255, 67, 129, 112, 182, 172,
       70, 110, 201, 178, 32, 30, 230, 253, 33, 32, 66, 179, 66, 161, 41,
       5, 253, 125, 236, 126, 253, 55, 220, 219, 124, 16, 223, 125, 152,
       123, 135, 114, 54, 60, 177, 248, 115, 6, 111, 255, 116, 65, 214,
       248, 197, 243, 189, 123, 117, 232, 60, 195, 203, 216, 87, 232,
       176, 238, 51, 205, 177, 164, 94, 168, 30, 124, 235, 43, 103, 156,
       248, 201, 165, 188, 119, 188, 80, 121, 105, 226, 204, 117, 108,
       91, 104, 57, 111, 245, 54, 168, 223, 101, 211, 187, 146, 132, 238,
       60, 13, 116, 231, 8, 206, 251, 117, 21, 226, 172, 74, 232, 208,
       188, 191, 122, 248, 236, 85, 215, 187, 27, 244, 60, 191, 255, 0,
       121, 167, 243, 93, 16, 59, 79, 146, 51, 251, 255, 52, 122, 200,
       208, 167, 59, 158, 56, 158, 190, 139, 229, 84, 65, 187, 138, 225,
       12, 110, 255, 33, 89, 230, 179, 221, 2, 58, 103, 26, 251, 147,
       247, 67, 59, 154, 98, 47, 19, 201, 26, 191, 117, 164, 46, 229, 22,
       250, 255, 50, 84, 247, 53, 85, 107, 133, 102, 125, 12, 161, 252,
       243, 42, 205, 251, 119, 144, 192, 120, 209, 121, 6, 200, 243, 251,
       102, 169, 248, 192, 95, 19, 113, 82, 237, 203, 125, 8, 63, 59, 55,
       153, 130, 52, 14, 243, 14, 158, 90, 232, 213, 139, 65, 129, 162,
       56, 170, 152, 237, 253, 176, 71, 203, 95, 84, 27, 172, 156, 118,
       11, 169, 59, 243, 21, 134, 126, 178, 208, 31, 24, 90, 235, 213,
       12, 223, 255, 79, 158, 190, 182, 190, 190, 31, 184, 251, 223, 150,
       117, 204, 250, 251, 75, 183, 103, 253, 119, 244, 73, 154, 239,
       234, 119, 111, 222, 142, 117, 153, 87, 116, 114, 52, 78, 106, 27,
       146, 72, 237, 168, 177, 104, 206, 216, 141, 191, 218, 177, 206,
       99, 205, 39, 204, 88, 148, 144, 3, 63, 89, 43, 111, 135, 180, 133,
       44, 231, 156, 67, 198, 236, 212, 254, 154, 11, 83, 120, 19, 35,
       249, 198, 93, 227, 109, 227, 105, 46, 251, 195, 239, 53, 113, 123,
       124, 74, 37, 142, 14, 155, 252, 171, 166, 239, 78, 43, 223, 86,
       196, 224, 186, 77, 105, 46, 106, 30, 180, 185, 79, 114, 116, 38,
       51, 112, 152, 216, 249, 132, 210, 40, 155, 158, 11, 233, 177, 198,
       190, 87, 164, 176, 172, 247, 99, 31, 167, 123, 234, 128, 34, 77,
       178, 243, 145, 211, 90, 59, 144, 81, 47, 254, 244, 61, 168, 244,
       221, 103, 87, 186, 19, 244, 140, 13, 115, 245, 83, 19, 137, 254,
       121, 254, 40, 75, 251, 56, 251, 153, 197, 60, 136, 249, 86, 122,
       13, 151, 95, 101, 176, 106, 109, 57, 61, 125, 127, 116, 223, 39,
       138, 112, 55, 134, 110, 60, 241, 248, 57, 95, 238, 239, 97, 196,
       106, 162, 237, 113, 48, 32, 135, 157, 93, 11, 224, 73, 63, 176,
       242, 74, 174, 130, 33, 221, 120, 140, 106, 144, 107, 251, 195,
       221, 148, 242, 154, 50, 59, 12, 121, 140, 208, 244, 61, 118, 171,
       201, 53, 229, 251, 91, 167, 56, 254, 255, 76, 59, 163, 211, 252,
       2, 119, 109, 186, 115, 255, 211, 87, 123, 72, 80, 135, 51, 1, 160,
       135, 141, 78, 11, 225, 67, 62, 37, 226, 70, 149, 162, 0, 68, 120,
       140, 106, 140, 19, 184, 85, 81, 148, 38, 154, 4, 97, 8, 33, 168,
       117, 124, 237, 117, 172, 95, 87, 190, 121, 254, 182, 173, 243, 61,
       151, 59, 31, 246, 253, 110, 233, 228, 253, 42, 239, 251, 101, 180,
       239, 249, 86, 123, 80, 177, 58, 224, 50, 205, 49, 101, 172, 109,
       61, 40, 182, 159, 98, 112, 166, 57, 95, 81, 214, 25, 176, 85, 223,
       201, 58, 250, 64, 2, 167, 235, 180, 69, 123, 228, 212, 34, 79,
       119, 85, 130, 251, 18, 83, 41, 61, 113, 123, 198, 23, 174, 120,
       182, 17, 14, 243, 238, 180, 4, 229, 249, 240, 160, 215, 32, 171,
       132, 135, 118, 239, 64, 112, 226, 135, 18, 81, 150, 113, 111, 120,
       205, 122, 255, 41, 215, 188, 194, 145, 40, 203, 36, 161, 115, 53,
       228, 214, 12, 246, 222, 143, 96, 189, 234, 219, 150, 148, 146,
       236, 175, 117, 79, 235, 119, 235, 226, 96, 111, 170, 234, 147,
       242, 223, 59, 151, 121, 37, 238, 35, 171, 230, 31, 124, 187, 232,
       206, 123, 213, 120, 191, 104, 232, 150, 140, 190, 111, 227, 157,
