%YAML:1.0
---
descriptors: !!opencv-matrix
   rows: 193
   cols: 32
   dt: u
   data: [ 60, 21, 222, 228, 231, 114, 84, 119, 149, 205, 254, 179, 75,
       239, 47, 219, 126, 134, 167, 36, 60, 243, 0, 136, 114, 235, 228,
       135, 167, 252, 252, 211, 152, 226, 235, 161, 150, 66, 237, 253,
       48, 227, 210, 243, 209, 143, 216, 64, 123, 205, 53, 253, 249, 222,
       133, 134, 232, 231, 190, 196, 37, 144, 181, 240, 25, 221, 56, 255,
       16, 143, 83, 183, 214, 9, 206, 68, 247, 115, 32, 96, 212, 50, 28,
       88, 234, 136, 121, 63, 235, 239, 48, 80, 56, 10, 0, 59, 60, 225,
       237, 106, 140, 71, 71, 200, 66, 244, 181, 10, 83, 85, 121, 59, 89,
       216, 68, 122, 58, 99, 107, 48, 251, 137, 229, 124, 241, 251, 86,
       224, 151, 90, 139, 218, 165, 215, 68, 148, 215, 202, 148, 98, 2,
       214, 229, 252, 209, 40, 158, 216, 143, 197, 107, 242, 139, 222,
       183, 159, 178, 57, 116, 103, 34, 162, 149, 187, 236, 169, 184,
       143, 158, 49, 49, 249, 140, 198, 204, 8, 207, 27, 235, 17, 18, 78,
       75, 213, 12, 18, 63, 254, 148, 8, 135, 145, 53, 207, 115, 79, 246,
       19, 239, 252, 84, 224, 251, 70, 115, 97, 189, 164, 126, 238, 22,
       238, 201, 178, 109, 191, 63, 236, 167, 132, 119, 187, 244, 233,
       222, 220, 150, 151, 245, 118, 190, 231, 63, 159, 219, 23, 236,
       126, 106, 207, 239, 215, 191, 145, 62, 221, 27, 227, 189, 54, 223,
       199, 134, 125, 189, 95, 245, 120, 149, 126, 13, 14, 71, 152, 243,
       178, 161, 72, 87, 209, 73, 59, 144, 244, 124, 106, 105, 103, 251,
       42, 211, 251, 69, 60, 64, 59, 66, 32, 26, 149, 87, 193, 147, 114,
       111, 191, 37, 161, 206, 194, 221, 55, 168, 228, 119, 214, 156,
       184, 59, 152, 53, 206, 168, 246, 142, 196, 174, 214, 169, 60, 100,
       52, 189, 225, 245, 111, 113, 8, 123, 251, 175, 24, 214, 53, 73,
       58, 153, 220, 125, 58, 59, 114, 249, 2, 207, 222, 5, 116, 192, 99,
       70, 50, 25, 173, 59, 119, 180, 239, 103, 191, 118, 1, 110, 0, 183,
       113, 24, 32, 145, 90, 28, 24, 59, 184, 17, 47, 233, 239, 52, 80,
       224, 216, 192, 40, 61, 237, 241, 101, 172, 75, 199, 248, 66, 232,
       188, 40, 83, 117, 209, 50, 89, 240, 92, 122, 75, 99, 235, 56, 249,
       205, 37, 60, 115, 251, 86, 171, 0, 189, 191, 188, 179, 224, 53,
       231, 190, 219, 78, 48, 188, 255, 64, 34, 167, 123, 234, 145, 55,
       216, 178, 111, 255, 231, 127, 75, 192, 96, 167, 251, 118, 113,
       123, 192, 79, 77, 85, 192, 169, 248, 165, 11, 22, 221, 111, 59,
       172, 185, 123, 83, 73, 99, 186, 192, 211, 152, 65, 63, 65, 59,
       118, 114, 11, 132, 148, 187, 149, 253, 176, 143, 94, 123, 75, 19,
       172, 252, 110, 232, 209, 27, 186, 17, 55, 216, 75, 147, 141, 87,
       94, 71, 144, 76, 153, 143, 100, 173, 200, 69, 220, 46, 78, 175,
       35, 179, 40, 8, 195, 35, 92, 146, 25, 198, 72, 62, 26, 24, 221,
       47, 175, 238, 133, 116, 161, 243, 218, 32, 108, 31, 94, 210, 252,
       243, 48, 180, 92, 248, 126, 229, 80, 35, 165, 217, 209, 182, 167,
       112, 177, 250, 1, 156, 94, 19, 243, 197, 158, 201, 124, 27, 45,
       255, 153, 83, 240, 141, 103, 191, 62, 233, 110, 76, 247, 247, 193,
       212, 213, 110, 38, 28, 211, 56, 249, 55, 111, 159, 53, 116, 216,
       242, 194, 249, 213, 73, 78, 167, 38, 2, 111, 184, 100, 226, 211,
       199, 115, 99, 155, 83, 126, 228, 61, 239, 233, 149, 77, 44, 240,
       171, 239, 132, 45, 179, 112, 17, 197, 74, 214, 213, 100, 14, 236,
       50, 236, 186, 242, 70, 217, 170, 181, 107, 102, 101, 110, 206,
       225, 245, 133, 232, 20, 58, 226, 128, 12, 241, 97, 5, 238, 189,
       48, 204, 233, 117, 190, 107, 171, 222, 61, 25, 172, 190, 102, 151,
       201, 123, 211, 160, 52, 11, 186, 242, 63, 209, 207, 175, 210, 101,
       175, 199, 9, 161, 57, 235, 20, 237, 105, 123, 118, 65, 109, 0,
       183, 119, 24, 96, 84, 26, 18, 24, 19, 184, 115, 21, 205, 205, 18,
       64, 208, 130, 161, 168, 10, 169, 10, 187, 215, 149, 186, 199, 158,
       77, 88, 135, 173, 207, 114, 128, 252, 59, 147, 213, 86, 27, 26,
       247, 255, 197, 138, 233, 28, 14, 185, 218, 138, 245, 62, 137, 237,
       221, 181, 207, 207, 94, 92, 3, 140, 222, 127, 111, 235, 27, 179,
       81, 214, 56, 58, 208, 103, 81, 79, 47, 86, 94, 221, 222, 74, 233,
       240, 234, 11, 157, 216, 72, 239, 53, 165, 136, 173, 203, 88, 50,
       74, 149, 251, 93, 6, 75, 255, 209, 223, 249, 203, 121, 54, 6, 15,
       10, 31, 149, 194, 200, 145, 182, 78, 95, 117, 137, 206, 118, 74,
       242, 166, 228, 117, 190, 156, 184, 191, 153, 49, 206, 186, 255,
       135, 198, 171, 228, 168, 36, 95, 225, 236, 227, 15, 157, 123, 192,
       171, 49, 175, 138, 159, 27, 94, 54, 34, 145, 251, 221, 10, 33,
       255, 208, 223, 217, 11, 125, 103, 134, 15, 32, 248, 77, 23, 252,
       25, 198, 84, 39, 165, 196, 194, 1, 98, 55, 33, 211, 224, 246, 232,
       96, 105, 139, 19, 173, 179, 242, 68, 19, 50, 60, 116, 106, 120,
       89, 158, 254, 13, 213, 148, 77, 199, 128, 228, 1, 106, 249, 37,
       219, 200, 242, 235, 2, 72, 107, 146, 184, 211, 243, 210, 27, 82,
       122, 252, 10, 80, 159, 15, 236, 56, 198, 71, 184, 132, 140, 206,
       226, 119, 103, 32, 65, 84, 244, 77, 98, 105, 137, 17, 61, 241,
       225, 161, 144, 48, 170, 36, 49, 24, 161, 23, 238, 9, 203, 81, 72,
       166, 52, 171, 0, 183, 147, 96, 82, 104, 148, 109, 64, 10, 137,
       155, 21, 209, 224, 2, 85, 34, 3, 39, 42, 68, 32, 209, 67, 210,
       106, 227, 136, 106, 179, 171, 24, 214, 36, 93, 58, 59, 221, 72,
       59, 19, 112, 253, 64, 157, 148, 1, 116, 192, 99, 7, 160, 152, 141,
       6, 173, 149, 202, 70, 229, 164, 16, 162, 2, 99, 35, 32, 193, 104,
       166, 104, 226, 124, 233, 1, 61, 249, 227, 198, 81, 99, 42, 248,
       10, 32, 164, 61, 225, 252, 77, 225, 175, 94, 57, 49, 24, 150, 53,
       72, 48, 137, 26, 123, 24, 115, 120, 123, 23, 205, 158, 117, 118,
       208, 8, 199, 162, 40, 181, 21, 185, 153, 237, 145, 175, 222, 61,
       168, 24, 134, 149, 104, 72, 193, 26, 234, 16, 18, 104, 83, 21,
       205, 210, 20, 127, 208, 8, 133, 43, 24, 79, 67, 239, 50, 194, 111,
       244, 36, 0, 218, 226, 121, 103, 177, 228, 126, 255, 31, 234, 201,
       153, 13, 255, 244, 228, 175, 128, 55, 179, 37, 41, 64, 56, 191,
       112, 137, 237, 117, 83, 235, 147, 164, 24, 182, 243, 64, 59, 161,
       54, 104, 8, 27, 111, 178, 64, 219, 187, 80, 57, 192, 64, 231, 162,
       69, 178, 188, 65, 172, 46, 253, 159, 106, 251, 183, 84, 211, 49,
       220, 111, 5, 70, 124, 60, 155, 112, 249, 0, 207, 187, 119, 212,
       204, 248, 208, 49, 124, 54, 240, 82, 169, 125, 89, 215, 163, 191,
       181, 56, 11, 191, 207, 191, 15, 214, 197, 24, 58, 99, 234, 160,
       91, 219, 21, 255, 227, 213, 198, 103, 212, 73, 223, 254, 10, 66,
       79, 216, 176, 146, 181, 2, 83, 83, 233, 123, 126, 212, 93, 250,
       104, 199, 187, 40, 251, 235, 231, 156, 33, 179, 98, 160, 112, 97,
       19, 108, 8, 79, 67, 112, 33, 44, 226, 8, 87, 151, 0, 49, 16, 148,
       77, 106, 72, 131, 49, 12, 177, 224, 32, 16, 32, 163, 6, 33, 59,
       178, 255, 121, 171, 183, 152, 87, 255, 91, 214, 247, 46, 157, 214,
       61, 175, 191, 253, 149, 159, 223, 163, 209, 219, 123, 120, 194,
       207, 196, 183, 255, 220, 112, 153, 165, 32, 14, 127, 56, 44, 170,
       179, 100, 215, 87, 73, 91, 182, 85, 125, 107, 65, 212, 217, 8,
       229, 225, 111, 180, 8, 243, 7, 51, 25, 221, 83, 255, 23, 134, 46,
       246, 124, 0, 90, 66, 125, 243, 32, 228, 118, 111, 22, 234, 227,
       153, 25, 255, 181, 238, 46, 0, 63, 146, 161, 169, 60, 137, 250,
       239, 221, 86, 215, 252, 67, 231, 247, 19, 75, 189, 122, 246, 217,
       215, 164, 115, 92, 175, 249, 162, 219, 255, 20, 87, 231, 191, 238,
       254, 161, 168, 134, 89, 141, 183, 232, 95, 86, 179, 226, 86, 226,
       200, 116, 173, 217, 174, 106, 156, 191, 255, 83, 177, 15, 218,
       211, 112, 219, 72, 248, 140, 126, 153, 238, 162, 165, 94, 127,
       224, 3, 246, 255, 11, 107, 94, 111, 242, 249, 215, 181, 195, 92,
       191, 57, 161, 219, 223, 143, 87, 35, 47, 124, 222, 161, 99, 106,
