%YAML:1.0
---
descriptors: !!opencv-matrix
   rows: 219
   cols: 32
   dt: u
   data: [ 67, 63, 89, 229, 242, 190, 190, 55, 56, 232, 122, 228, 189,
       46, 133, 112, 166, 63, 94, 156, 149, 152, 133, 110, 166, 253, 46,
       128, 172, 208, 139, 153, 204, 142, 92, 185, 236, 153, 229, 147,
       236, 22, 94, 150, 175, 192, 203, 74, 107, 2, 110, 26, 82, 52, 231,
       241, 196, 241, 162, 113, 246, 88, 205, 112, 25, 77, 222, 245, 52,
       138, 111, 54, 117, 130, 126, 2, 115, 35, 177, 97, 114, 230, 46,
       234, 104, 184, 5, 174, 246, 175, 226, 0, 37, 248, 112, 40, 1, 221,
       185, 249, 48, 207, 87, 158, 22, 9, 78, 48, 183, 23, 160, 112, 85,
       58, 61, 8, 107, 152, 97, 63, 235, 143, 48, 208, 16, 152, 132, 43,
       198, 166, 219, 254, 252, 160, 174, 175, 186, 178, 25, 216, 252,
       235, 124, 66, 147, 111, 121, 153, 50, 77, 138, 243, 172, 22, 223,
       236, 132, 241, 131, 128, 246, 172, 197, 255, 221, 39, 74, 168, 83,
       178, 185, 90, 83, 121, 93, 27, 217, 204, 117, 251, 59, 118, 219,
       191, 143, 250, 197, 116, 253, 235, 80, 0, 203, 51, 109, 108, 106,
       95, 121, 56, 172, 204, 28, 236, 253, 221, 147, 165, 22, 53, 255,
       111, 197, 1, 39, 157, 70, 123, 105, 156, 62, 166, 11, 253, 69,
       113, 17, 67, 48, 14, 99, 184, 104, 168, 111, 68, 222, 18, 141,
       116, 182, 76, 76, 110, 193, 176, 185, 76, 164, 184, 33, 4, 72,
       163, 67, 37, 2, 160, 25, 187, 236, 169, 168, 143, 14, 51, 17, 249,
       156, 130, 200, 136, 143, 27, 106, 21, 19, 92, 207, 209, 12, 18,
       127, 124, 156, 8, 129, 128, 147, 53, 82, 22, 83, 219, 182, 224,
       253, 192, 242, 42, 108, 216, 39, 165, 190, 249, 210, 227, 229,
       183, 28, 238, 58, 0, 7, 43, 111, 55, 43, 159, 200, 252, 188, 123,
       169, 61, 20, 174, 58, 51, 36, 57, 190, 61, 75, 187, 135, 83, 249,
       0, 102, 108, 219, 51, 239, 219, 85, 59, 210, 208, 139, 11, 65,
       113, 57, 69, 53, 14, 99, 56, 104, 232, 119, 76, 214, 81, 153, 48,
       144, 12, 92, 110, 193, 176, 241, 12, 197, 184, 33, 4, 72, 35, 67,
       33, 33, 93, 127, 69, 116, 79, 239, 50, 125, 200, 122, 64, 219, 51,
       148, 52, 62, 100, 86, 110, 225, 184, 49, 77, 103, 158, 97, 132,
       74, 168, 66, 177, 6, 189, 16, 170, 249, 137, 162, 238, 30, 9, 120,
       106, 172, 210, 104, 128, 217, 123, 2, 80, 82, 58, 90, 245, 188,
       148, 15, 110, 216, 26, 161, 139, 252, 224, 86, 230, 41, 10, 86,
       189, 161, 186, 167, 56, 87, 83, 72, 87, 113, 212, 108, 106, 104,
       197, 137, 2, 243, 235, 101, 23, 34, 186, 194, 35, 125, 117, 148,
       236, 189, 15, 94, 248, 63, 168, 185, 76, 223, 115, 9, 176, 220,
       213, 124, 98, 105, 99, 219, 191, 177, 255, 39, 190, 88, 251, 67,
       3, 5, 164, 221, 241, 236, 169, 233, 155, 254, 51, 49, 216, 157,
       171, 216, 43, 171, 15, 110, 28, 51, 124, 207, 210, 204, 158, 119,
       100, 156, 200, 129, 160, 1, 76, 238, 209, 212, 191, 225, 87, 84,
       160, 94, 2, 48, 48, 181, 40, 41, 42, 18, 152, 160, 248, 53, 76,
       109, 15, 255, 0, 229, 216, 81, 168, 107, 48, 118, 232, 45, 23,
       216, 25, 91, 253, 181, 189, 14, 156, 150, 188, 150, 157, 245, 21,
       156, 235, 183, 212, 3, 120, 89, 247, 71, 132, 91, 87, 98, 184,
       235, 114, 137, 232, 176, 135, 187, 87, 146, 185, 170, 188, 118,
       10, 143, 179, 251, 17, 158, 111, 242, 227, 219, 119, 222, 251,
       197, 76, 151, 94, 90, 96, 244, 236, 45, 86, 88, 24, 235, 248, 119,
       128, 79, 223, 212, 254, 134, 189, 181, 236, 200, 196, 183, 209,
       195, 249, 129, 143, 39, 166, 76, 101, 244, 203, 70, 142, 14, 2,
       71, 229, 197, 140, 178, 70, 66, 8, 52, 83, 104, 228, 110, 226,
       108, 231, 77, 237, 176, 170, 199, 19, 121, 58, 240, 6, 18, 78, 99,
       69, 82, 18, 175, 98, 53, 166, 242, 162, 65, 6, 149, 133, 126, 252,
       3, 238, 104, 150, 101, 206, 52, 46, 139, 128, 101, 177, 102, 244,
       242, 32, 241, 229, 102, 10, 120, 0, 41, 147, 242, 153, 143, 15,
       85, 90, 166, 157, 125, 153, 136, 212, 197, 192, 151, 248, 218,
       130, 231, 164, 67, 6, 183, 188, 167, 59, 232, 143, 180, 255, 63,
       251, 242, 251, 122, 255, 140, 25, 253, 251, 255, 21, 254, 255, 75,
       247, 127, 218, 93, 246, 209, 124, 162, 247, 252, 98, 190, 116,
       109, 12, 85, 80, 227, 190, 181, 8, 90, 217, 77, 59, 136, 244, 101,
       106, 104, 103, 138, 8, 243, 217, 69, 59, 67, 185, 70, 163, 186,
       112, 18, 250, 43, 237, 80, 68, 169, 14, 161, 9, 46, 159, 33, 16,
       170, 185, 213, 2, 14, 7, 24, 255, 211, 209, 18, 59, 82, 22, 47,
       27, 164, 140, 215, 222, 252, 43, 206, 238, 223, 51, 241, 88, 238,
       232, 60, 73, 211, 111, 106, 41, 50, 111, 11, 255, 184, 190, 87,
       126, 212, 249, 225, 137, 236, 226, 212, 119, 237, 15, 70, 156, 83,
       187, 176, 89, 195, 105, 73, 155, 217, 196, 110, 114, 120, 102,
       219, 178, 47, 219, 69, 124, 251, 249, 208, 130, 9, 89, 119, 69,
       48, 142, 111, 55, 125, 72, 114, 96, 60, 51, 132, 180, 166, 116,
       118, 72, 193, 184, 49, 108, 103, 190, 32, 128, 75, 128, 99, 185,
       48, 1, 87, 236, 69, 71, 71, 73, 5, 128, 233, 10, 67, 172, 37, 84,
       216, 188, 2, 96, 24, 179, 16, 140, 179, 252, 128, 23, 241, 59,
       242, 166, 50, 80, 83, 233, 71, 91, 248, 66, 45, 68, 244, 14, 11,
       30, 55, 12, 106, 145, 223, 225, 13, 179, 113, 200, 215, 217, 138,
       151, 119, 12, 119, 214, 173, 231, 96, 35, 124, 31, 202, 184, 82,
       124, 185, 205, 195, 72, 222, 0, 89, 200, 70, 127, 206, 38, 205,
       51, 108, 93, 165, 252, 125, 143, 90, 204, 40, 188, 145, 123, 203,
       237, 49, 135, 54, 27, 105, 24, 190, 247, 64, 60, 137, 59, 99, 16,
       18, 90, 218, 51, 205, 215, 30, 106, 210, 66, 135, 170, 127, 124,
       254, 4, 43, 126, 87, 242, 225, 238, 190, 13, 42, 188, 215, 182,
       166, 228, 236, 110, 205, 103, 182, 232, 179, 121, 65, 59, 107,
       247, 78, 95, 217, 186, 151, 248, 169, 132, 61, 223, 174, 27, 144,
       84, 156, 147, 96, 235, 167, 83, 126, 24, 243, 77, 155, 241, 217,
       219, 127, 254, 154, 64, 161, 43, 144, 207, 125, 249, 170, 195,
       181, 238, 22, 62, 112, 51, 23, 63, 32, 73, 235, 211, 39, 193, 122,
       126, 67, 117, 253, 163, 119, 76, 113, 48, 165, 171, 245, 237, 141,
       250, 236, 225, 206, 204, 194, 146, 185, 106, 83, 225, 249, 171,
       89, 226, 94, 250, 111, 99, 202, 179, 184, 137, 167, 60, 213, 251,
       250, 128, 34, 136, 178, 152, 93, 165, 160, 71, 223, 1, 194, 19,
       174, 184, 52, 204, 201, 59, 163, 145, 50, 254, 82, 247, 141, 118,
       218, 75, 146, 12, 245, 142, 23, 22, 103, 37, 178, 62, 126, 25, 61,
       226, 123, 229, 223, 46, 159, 252, 54, 45, 55, 175, 149, 144, 53,
       206, 134, 126, 107, 134, 239, 231, 11, 213, 50, 105, 82, 156, 71,
       153, 80, 66, 123, 32, 224, 11, 42, 152, 21, 148, 248, 169, 211,
       65, 14, 186, 210, 249, 147, 216, 0, 59, 103, 12, 90, 142, 29, 93,
       107, 227, 180, 222, 235, 246, 85, 200, 126, 70, 123, 29, 183, 96,
       125, 254, 23, 255, 139, 188, 57, 174, 111, 221, 167, 192, 239,
       139, 112, 249, 55, 123, 250, 70, 118, 203, 255, 64, 233, 204, 250,
       175, 58, 220, 183, 48, 190, 249, 87, 67, 132, 163, 172, 232, 114,
       28, 33, 139, 69, 187, 102, 215, 54, 117, 107, 174, 211, 66, 79,
       232, 17, 196, 200, 135, 65, 238, 63, 80, 122, 237, 145, 247, 108,
       131, 188, 238, 251, 100, 143, 75, 165, 183, 54, 214, 163, 227,
       117, 65, 244, 159, 239, 253, 125, 56, 116, 244, 168, 2, 148, 181,
       62, 10, 70, 124, 243, 184, 37, 221, 46, 24, 38, 196, 95, 144, 195,
       173, 212, 0, 223, 183, 78, 40, 109, 0, 249, 146, 179, 26, 223, 99,
       73, 91, 107, 229, 110, 170, 40, 71, 207, 192, 212, 162, 251, 24,
       37, 241, 99, 32, 46, 161, 240, 195, 253, 127, 240, 73, 111, 245,
       189, 27, 206, 28, 94, 174, 187, 141, 223, 55, 150, 112, 249, 208,
       159, 93, 7, 119, 199, 15, 223, 198, 197, 174, 207, 179, 222, 170,
       103, 190, 190, 178, 74, 214, 245, 227, 225, 64, 115, 238, 42, 186,
       115, 92, 143, 127, 172, 134, 183, 108, 172, 113, 193, 160, 167,
