%YAML:1.0
---
descriptors: !!opencv-matrix
   rows: 127
   cols: 32
   dt: u
   data: [ 64, 25, 159, 247, 160, 110, 53, 55, 172, 155, 74, 0, 245, 55,
       1, 107, 225, 119, 121, 16, 17, 216, 83, 40, 205, 167, 126, 64,
       128, 114, 165, 59, 81, 206, 255, 119, 146, 170, 79, 191, 118, 103,
       110, 244, 115, 103, 136, 112, 55, 230, 108, 172, 249, 156, 45, 63,
       232, 175, 52, 192, 104, 210, 194, 121, 252, 80, 254, 244, 46, 10,
       93, 52, 169, 130, 182, 187, 95, 119, 129, 91, 102, 245, 253, 238,
       104, 199, 227, 200, 211, 251, 230, 144, 39, 241, 102, 115, 248,
       95, 30, 236, 12, 79, 71, 56, 132, 174, 198, 13, 118, 113, 33, 83,
       80, 228, 111, 106, 104, 39, 91, 29, 241, 163, 97, 29, 112, 187, 4,
       42, 6, 160, 144, 145, 253, 109, 184, 207, 31, 53, 49, 27, 140,
       120, 94, 8, 187, 27, 219, 17, 22, 120, 91, 209, 13, 22, 31, 127,
       212, 12, 205, 198, 214, 205, 150, 147, 145, 96, 38, 198, 63, 51,
       202, 19, 196, 162, 76, 206, 225, 79, 170, 81, 62, 219, 203, 226,
       189, 54, 222, 71, 128, 125, 165, 14, 198, 169, 144, 182, 221, 137,
       238, 168, 187, 177, 9, 11, 236, 234, 93, 198, 179, 107, 121, 211,
       102, 64, 138, 243, 173, 86, 207, 255, 132, 99, 11, 6, 166, 4, 150,
       252, 125, 171, 222, 232, 223, 130, 248, 9, 239, 233, 45, 73, 211,
       121, 107, 99, 36, 103, 10, 159, 171, 255, 71, 59, 212, 251, 9,
       131, 58, 29, 62, 252, 135, 255, 84, 103, 185, 22, 108, 25, 46, 63,
       35, 57, 171, 187, 149, 3, 56, 219, 48, 188, 211, 219, 90, 11, 242,
       117, 231, 74, 193, 88, 159, 221, 108, 108, 233, 150, 252, 90, 118,
       80, 240, 179, 181, 111, 97, 116, 122, 138, 225, 116, 243, 232, 5,
       186, 210, 0, 74, 241, 97, 40, 188, 92, 80, 179, 245, 127, 246,
       230, 57, 111, 253, 27, 14, 62, 47, 221, 233, 210, 142, 34, 124,
       191, 121, 226, 247, 215, 222, 19, 211, 93, 254, 223, 153, 32, 245,
       101, 3, 110, 232, 18, 113, 226, 114, 210, 155, 24, 21, 63, 62,
       141, 84, 185, 189, 244, 149, 200, 68, 234, 67, 4, 239, 225, 67,
       132, 50, 32, 81, 169, 77, 203, 64, 72, 47, 52, 224, 78, 131, 130,
       76, 152, 120, 141, 98, 209, 10, 50, 211, 209, 156, 144, 139, 116,
       57, 8, 86, 130, 124, 64, 211, 108, 104, 14, 86, 120, 2, 130, 236,
       40, 115, 243, 161, 86, 80, 124, 96, 106, 72, 135, 202, 10, 114,
       237, 1, 56, 114, 251, 66, 130, 238, 221, 120, 242, 231, 236, 255,
       230, 169, 30, 189, 58, 254, 127, 73, 51, 239, 211, 223, 211, 122,
       39, 120, 226, 255, 213, 142, 123, 211, 91, 167, 163, 120, 82, 82,
       172, 75, 15, 86, 120, 5, 170, 238, 107, 119, 241, 33, 80, 112,
       228, 110, 98, 72, 151, 193, 14, 211, 231, 97, 25, 50, 186, 4, 11,
       220, 180, 26, 250, 48, 236, 82, 216, 186, 29, 245, 57, 223, 223,
       106, 81, 182, 153, 141, 82, 58, 7, 154, 55, 219, 241, 42, 239,
       144, 3, 47, 19, 122, 176, 61, 122, 175, 213, 153, 221, 27, 125,
       181, 127, 26, 29, 94, 61, 205, 155, 245, 149, 159, 111, 251, 209,
       91, 89, 120, 247, 223, 12, 222, 87, 252, 76, 255, 244, 110, 42,
       93, 16, 169, 146, 182, 186, 91, 47, 133, 91, 110, 245, 125, 234,
       104, 71, 195, 200, 214, 251, 246, 152, 39, 241, 98, 33, 140, 205,
       149, 87, 176, 226, 15, 174, 18, 151, 79, 176, 236, 231, 201, 15,
       23, 127, 32, 122, 115, 220, 42, 127, 104, 246, 85, 70, 130, 243,
       133, 104, 137, 132, 23, 179, 16, 175, 41, 50, 60, 19, 67, 80, 253,
       211, 32, 233, 5, 45, 58, 60, 35, 212, 19, 31, 205, 163, 90, 64, 8,
       129, 1, 160, 128, 153, 189, 169, 170, 192, 181, 133, 142, 85, 138,
       51, 148, 191, 96, 74, 226, 19, 123, 17, 18, 9, 19, 115, 205, 167,
       62, 87, 144, 72, 165, 251, 246, 166, 214, 164, 237, 61, 88, 202,
       187, 182, 187, 27, 207, 234, 70, 26, 235, 197, 237, 39, 60, 103,
       203, 194, 158, 251, 195, 127, 235, 109, 74, 6, 9, 134, 196, 27,
       178, 155, 40, 191, 54, 49, 86, 244, 169, 34, 202, 68, 119, 10, 38,
       156, 182, 216, 199, 119, 108, 167, 254, 196, 191, 132, 137, 157,
       3, 162, 28, 153, 252, 141, 168, 159, 30, 57, 80, 213, 188, 131,
       250, 128, 135, 11, 51, 29, 147, 92, 67, 247, 12, 22, 62, 236, 156,
       136, 137, 153, 37, 199, 129, 158, 222, 3, 134, 252, 18, 179, 184,
       254, 211, 96, 233, 16, 89, 194, 74, 126, 123, 99, 79, 63, 60, 6,
       239, 124, 249, 123, 178, 128, 186, 113, 118, 172, 105, 31, 30,
       104, 189, 162, 241, 169, 78, 223, 36, 145, 222, 221, 255, 103,
       108, 199, 16, 158, 179, 251, 73, 191, 86, 173, 42, 211, 118, 174,
       197, 223, 28, 3, 202, 168, 83, 176, 240, 202, 67, 104, 93, 0, 89,
       204, 53, 243, 106, 242, 207, 191, 56, 46, 229, 244, 117, 59, 80,
       0, 252, 117, 189, 229, 172, 15, 95, 184, 59, 170, 188, 104, 223,
       119, 201, 51, 151, 213, 125, 106, 233, 82, 217, 62, 251, 219, 101,
       180, 74, 241, 194, 51, 190, 221, 208, 179, 245, 124, 254, 226, 57,
       87, 255, 51, 78, 62, 15, 221, 255, 211, 134, 82, 60, 251, 121,
       238, 187, 222, 222, 83, 227, 127, 255, 215, 254, 104, 243, 101,
       69, 106, 233, 64, 235, 246, 182, 8, 30, 159, 87, 190, 43, 253,
       221, 208, 9, 247, 240, 200, 215, 217, 69, 55, 227, 117, 70, 226,
       121, 159, 108, 110, 40, 26, 94, 61, 225, 232, 190, 237, 123, 107,
       146, 243, 6, 228, 253, 238, 221, 75, 237, 45, 242, 251, 101, 153,
       111, 166, 74, 89, 252, 82, 222, 236, 40, 2, 95, 184, 32, 174, 227,
       233, 87, 83, 9, 91, 118, 212, 109, 98, 72, 199, 201, 8, 242, 235,
       231, 148, 32, 179, 98, 3, 251, 223, 127, 117, 171, 84, 93, 183,
       165, 90, 150, 245, 59, 61, 150, 127, 230, 151, 253, 195, 253, 29,
       113, 161, 243, 249, 248, 146, 47, 212, 180, 127, 41, 64, 181, 95,
       109, 108, 225, 134, 126, 91, 114, 16, 178, 177, 141, 239, 193, 94,
       98, 8, 35, 244, 243, 33, 5, 250, 114, 0, 202, 120, 66, 174, 68,
       176, 156, 33, 160, 111, 120, 25, 42, 185, 35, 88, 223, 19, 72, 26,
       179, 149, 109, 48, 24, 80, 217, 64, 205, 211, 47, 117, 200, 35,
       135, 3, 65, 24, 149, 221, 109, 104, 177, 142, 250, 91, 118, 48,
       188, 247, 237, 111, 195, 95, 58, 8, 3, 116, 226, 225, 69, 186,
       114, 42, 208, 89, 101, 171, 1, 176, 185, 243, 236, 173, 185, 159,
       207, 59, 57, 120, 158, 153, 220, 42, 143, 27, 127, 25, 147, 124,
       235, 211, 204, 156, 63, 246, 220, 202, 129, 161, 73, 99, 56, 67,
       60, 159, 99, 56, 109, 172, 183, 8, 255, 82, 154, 116, 146, 236,
       76, 122, 200, 178, 233, 12, 229, 157, 39, 48, 64, 130, 67, 37, 50,
       32, 86, 172, 107, 11, 152, 104, 141, 160, 241, 137, 78, 158, 44,
       145, 222, 29, 255, 103, 76, 195, 0, 220, 147, 250, 75, 187, 84,
       46, 43, 135, 118, 72, 214, 140, 77, 118, 92, 104, 169, 134, 242,
       11, 78, 250, 39, 95, 232, 245, 239, 227, 76, 103, 211, 200, 147,
       178, 203, 31, 1, 127, 126, 6, 68, 4, 150, 188, 188, 43, 82, 72,
       158, 162, 241, 9, 207, 235, 33, 219, 211, 77, 110, 35, 36, 99,
       203, 158, 144, 247, 67, 61, 208, 105, 9, 2, 54, 227, 196, 175,
       204, 11, 198, 172, 19, 177, 177, 238, 66, 104, 204, 150, 217, 206,
       102, 119, 122, 114, 203, 177, 172, 134, 197, 118, 253, 122, 208,
       132, 198, 233, 148, 151, 157, 136, 166, 168, 190, 178, 129, 2,
       236, 226, 77, 199, 177, 235, 106, 211, 102, 69, 138, 255, 189, 18,
       207, 107, 0, 35, 41, 6, 135, 115, 226, 75, 224, 7, 175, 216, 62,
       216, 121, 228, 217, 194, 255, 13, 63, 73, 6, 254, 195, 80, 14,
       112, 44, 24, 111, 172, 95, 247, 163, 181, 125, 117, 24, 237, 189,
       15, 86, 250, 111, 168, 188, 72, 223, 123, 1, 48, 156, 213, 92,
       122, 201, 50, 209, 62, 251, 223, 37, 52, 74, 249, 74, 35, 246, 44,
       218, 180, 236, 41, 88, 74, 187, 178, 179, 25, 143, 170, 67, 27,
       235, 231, 109, 21, 60, 111, 202, 130, 156, 242, 219, 62, 193, 105,
       2, 6, 244, 72, 223, 245, 110, 40, 125, 22, 169, 146, 178, 218,
       255, 171, 5, 91, 111, 245, 125, 138, 40, 71, 195, 224, 214, 250,
       250, 152, 165, 241, 99, 137, 189, 99, 212, 74, 172, 27, 198, 200,
