%YAML:1.0
---
descriptors: !!opencv-matrix
   rows: 160
   cols: 32
   dt: u
   data: [ 48, 221, 107, 101, 116, 78, 111, 52, 100, 108, 126, 228, 243,
       23, 144, 112, 126, 236, 95, 110, 201, 176, 113, 31, 245, 173, 32,
       128, 97, 186, 70, 121, 252, 241, 217, 235, 184, 79, 87, 152, 35,
       184, 173, 104, 87, 119, 73, 50, 95, 212, 125, 250, 75, 66, 251,
       26, 251, 205, 37, 60, 186, 179, 70, 51, 109, 188, 198, 29, 221,
       23, 206, 251, 87, 226, 214, 78, 123, 232, 191, 229, 93, 238, 122,
       173, 253, 250, 255, 159, 62, 127, 197, 68, 239, 236, 120, 28, 233,
       45, 121, 101, 244, 78, 103, 63, 113, 234, 126, 8, 243, 53, 145,
       48, 18, 254, 84, 42, 233, 184, 241, 14, 239, 239, 37, 4, 98, 250,
       70, 248, 45, 125, 81, 79, 117, 95, 230, 252, 127, 232, 104, 72,
       114, 112, 149, 180, 152, 108, 82, 106, 193, 176, 121, 62, 39, 156,
       5, 50, 90, 58, 90, 172, 3, 143, 94, 221, 118, 138, 254, 167, 61,
       0, 90, 227, 124, 234, 180, 192, 246, 127, 55, 133, 230, 216, 5,
       239, 52, 62, 186, 128, 5, 128, 9, 9, 181, 102, 108, 103, 124, 11,
       79, 248, 114, 238, 181, 172, 83, 65, 219, 51, 90, 204, 85, 110,
       232, 246, 233, 62, 126, 139, 37, 180, 125, 187, 82, 225, 84, 42,
       187, 112, 234, 232, 49, 194, 170, 159, 238, 56, 63, 247, 65, 90,
       39, 255, 237, 144, 18, 203, 162, 96, 217, 164, 113, 43, 160, 193,
       39, 99, 8, 189, 19, 76, 211, 203, 55, 246, 113, 9, 232, 40, 62,
       183, 0, 180, 51, 255, 100, 200, 81, 154, 178, 127, 251, 182, 4,
       74, 98, 128, 166, 187, 44, 181, 17, 67, 245, 201, 227, 13, 126,
       105, 107, 40, 214, 213, 140, 180, 145, 26, 98, 24, 19, 56, 249,
       23, 45, 156, 1, 118, 194, 10, 198, 163, 214, 204, 148, 151, 161,
       160, 126, 135, 63, 187, 186, 19, 236, 98, 75, 91, 233, 239, 238,
       147, 126, 220, 203, 243, 188, 54, 223, 71, 128, 113, 161, 10, 118,
       163, 236, 186, 139, 177, 152, 75, 222, 87, 149, 159, 78, 232, 126,
       10, 239, 131, 235, 149, 158, 107, 206, 209, 154, 83, 219, 127,
       221, 76, 187, 198, 205, 248, 183, 255, 237, 188, 116, 156, 255,
       147, 102, 16, 254, 255, 93, 123, 193, 106, 123, 30, 163, 116, 251,
       241, 79, 251, 215, 10, 130, 113, 99, 138, 10, 149, 48, 139, 213,
       215, 190, 239, 29, 69, 94, 23, 236, 124, 62, 196, 221, 59, 147,
       161, 246, 184, 113, 223, 47, 119, 142, 67, 22, 14, 189, 222, 149,
       95, 78, 175, 54, 10, 238, 248, 100, 224, 250, 230, 83, 104, 187,
       97, 126, 228, 30, 239, 237, 176, 77, 44, 244, 171, 167, 132, 109,
       187, 120, 21, 233, 233, 180, 251, 237, 221, 116, 167, 255, 59,
       230, 16, 190, 185, 84, 123, 193, 102, 122, 94, 114, 109, 251, 177,
       239, 251, 84, 91, 210, 88, 193, 42, 72, 172, 188, 113, 169, 237,
       53, 71, 254, 31, 174, 16, 190, 179, 64, 26, 161, 51, 234, 16, 50,
       109, 146, 83, 207, 223, 86, 123, 194, 80, 135, 170, 47, 93, 99,
       95, 117, 223, 163, 226, 93, 64, 125, 66, 232, 220, 183, 164, 92,
       40, 146, 79, 199, 186, 124, 255, 39, 92, 2, 2, 87, 191, 125, 253,
       18, 205, 123, 239, 118, 66, 175, 246, 52, 192, 90, 162, 125, 239,
       176, 97, 126, 255, 23, 235, 65, 155, 29, 237, 244, 164, 174, 128,
       45, 226, 37, 184, 57, 77, 99, 222, 148, 146, 207, 246, 213, 192,
       222, 66, 113, 233, 181, 100, 120, 234, 23, 207, 233, 171, 38, 239,
       112, 174, 174, 136, 55, 251, 112, 236, 3, 143, 82, 151, 246, 154,
       238, 231, 252, 163, 90, 230, 237, 226, 176, 196, 123, 103, 2, 173,
       117, 185, 4, 239, 60, 238, 191, 128, 45, 232, 249, 140, 189, 70,
       101, 71, 36, 31, 207, 56, 100, 234, 243, 78, 211, 100, 157, 167,
       94, 196, 124, 238, 233, 182, 109, 14, 164, 234, 225, 148, 109,
       251, 80, 117, 60, 77, 122, 206, 84, 147, 239, 116, 85, 128, 254,
       2, 113, 233, 181, 96, 120, 234, 23, 235, 200, 179, 44, 191, 114,
       237, 167, 136, 119, 187, 112, 168, 221, 242, 188, 126, 41, 29, 86,
       188, 255, 94, 183, 29, 223, 91, 11, 27, 181, 197, 236, 106, 236,
       101, 171, 51, 243, 251, 101, 29, 98, 243, 79, 67, 206, 145, 148,
       138, 155, 208, 176, 201, 175, 17, 165, 48, 140, 222, 110, 206,
       231, 17, 251, 208, 22, 15, 251, 241, 159, 244, 10, 127, 146, 7,
       173, 22, 8, 140, 136, 191, 153, 197, 89, 167, 22, 29, 196, 21,
       180, 255, 34, 80, 193, 43, 59, 148, 58, 136, 83, 55, 239, 247,
       158, 73, 152, 8, 172, 90, 55, 99, 119, 109, 124, 11, 238, 88, 95,
       160, 251, 194, 83, 221, 157, 32, 158, 93, 119, 111, 201, 242, 77,
       220, 38, 156, 41, 134, 77, 187, 114, 161, 187, 254, 106, 212, 102,
       18, 253, 117, 121, 202, 87, 231, 121, 172, 182, 35, 126, 237, 55,
       239, 229, 254, 166, 205, 118, 105, 238, 136, 111, 164, 115, 221,
       138, 125, 50, 154, 235, 241, 180, 71, 173, 3, 216, 179, 172, 158,
       100, 228, 226, 59, 219, 129, 118, 15, 130, 243, 177, 112, 26, 139,
       18, 84, 173, 159, 1, 166, 155, 187, 244, 169, 41, 223, 62, 49, 90,
       64, 181, 163, 232, 104, 51, 11, 34, 28, 19, 248, 139, 81, 204,
       132, 62, 96, 152, 202, 161, 169, 20, 102, 253, 227, 44, 123, 227,
       136, 94, 174, 187, 170, 223, 108, 217, 138, 91, 221, 238, 115, 41,
       246, 109, 170, 207, 211, 167, 53, 197, 123, 69, 227, 101, 52, 187,
       242, 244, 108, 115, 194, 94, 79, 125, 18, 150, 247, 107, 104, 249,
       74, 6, 24, 50, 246, 240, 162, 221, 188, 182, 108, 128, 73, 116,
       243, 246, 176, 252, 240, 239, 237, 217, 219, 139, 251, 181, 127,
       30, 221, 94, 59, 239, 147, 255, 145, 187, 103, 250, 208, 219, 217,
       219, 255, 221, 77, 223, 215, 37, 172, 204, 247, 132, 175, 110,
       171, 119, 179, 227, 24, 243, 105, 92, 59, 217, 238, 117, 158, 58,
       252, 203, 55, 207, 191, 213, 69, 225, 233, 208, 32, 76, 145, 149,
       243, 169, 108, 181, 159, 174, 153, 139, 64, 220, 247, 72, 206,
       133, 87, 251, 17, 19, 73, 219, 192, 205, 247, 95, 86, 138, 98,
       129, 51, 88, 42, 250, 112, 114, 192, 59, 82, 182, 141, 110, 161,
       15, 167, 99, 80, 39, 189, 109, 144, 18, 155, 162, 114, 217, 165,
       48, 201, 162, 129, 39, 107, 44, 173, 115, 65, 115, 219, 35, 98,
       127, 41, 123, 40, 30, 213, 132, 180, 50, 60, 70, 56, 19, 184, 40,
       31, 29, 236, 33, 103, 226, 138, 71, 161, 197, 104, 190, 254, 77,
       253, 116, 204, 255, 147, 164, 24, 254, 251, 73, 123, 193, 98, 123,
       30, 2, 101, 250, 241, 223, 219, 215, 59, 208, 113, 83, 170, 22,
       160, 168, 186, 143, 181, 152, 203, 158, 119, 145, 159, 135, 232,
       122, 10, 249, 139, 235, 149, 30, 107, 222, 19, 217, 71, 219, 125,
       221, 76, 187, 210, 214, 134, 142, 180, 154, 2, 92, 168, 148, 150,
       194, 183, 103, 110, 43, 67, 113, 197, 237, 167, 108, 197, 143, 12,
       248, 227, 239, 149, 44, 248, 56, 82, 72, 188, 158, 249, 169, 237,
       52, 135, 175, 31, 174, 16, 174, 179, 64, 90, 129, 115, 235, 16,
       50, 73, 146, 115, 207, 215, 86, 123, 194, 64, 143, 11, 44, 113,
       57, 101, 112, 79, 115, 24, 105, 168, 119, 8, 223, 19, 9, 16, 148,
       92, 68, 106, 201, 240, 241, 12, 231, 217, 33, 4, 66, 179, 70, 163,
       189, 78, 203, 254, 182, 131, 207, 220, 151, 202, 214, 230, 113,
       203, 177, 96, 127, 232, 31, 223, 235, 167, 46, 250, 240, 207, 175,
       136, 61, 250, 112, 249, 8, 160, 152, 187, 189, 217, 16, 207, 30,
       17, 64, 51, 174, 156, 106, 192, 193, 27, 131, 17, 54, 120, 67,
       183, 207, 215, 30, 123, 144, 12, 157, 203, 31, 77, 103, 222, 212,
       146, 239, 119, 213, 192, 222, 198, 113, 238, 181, 229, 120, 234,
       23, 239, 233, 187, 46, 255, 48, 110, 174, 128, 63, 254, 240, 236,
       171, 165, 102, 44, 63, 131, 154, 105, 197, 160, 216, 139, 239,
       200, 58, 33, 94, 33, 91, 109, 236, 163, 13, 157, 104, 88, 9, 21,
       127, 174, 57, 132, 11, 220, 96, 31, 85, 221, 186, 238, 95, 68, 92,
       3, 168, 220, 183, 164, 217, 107, 146, 71, 199, 184, 124, 255, 39,
       94, 154, 3, 87, 31, 125, 220, 181, 75, 109, 103, 52, 26, 238, 184,
       116, 224, 242, 198, 211, 76, 145, 225, 126, 196, 62, 238, 233,
