%YAML:1.0
---
descriptors: !!opencv-matrix
   rows: 164
   cols: 32
   dt: u
   data: [ 137, 191, 146, 29, 244, 14, 230, 255, 126, 233, 122, 116, 255,
       112, 144, 48, 183, 110, 86, 61, 241, 248, 133, 63, 172, 190, 37,
       192, 200, 248, 195, 137, 65, 166, 219, 77, 240, 46, 110, 191, 122,
       138, 122, 112, 223, 114, 152, 112, 23, 78, 124, 40, 177, 240, 137,
       95, 44, 190, 55, 196, 200, 240, 235, 41, 252, 254, 184, 56, 233,
       157, 84, 255, 187, 222, 180, 77, 31, 239, 67, 147, 133, 245, 237,
       6, 236, 79, 218, 19, 251, 219, 101, 189, 74, 244, 206, 211, 117,
       91, 234, 231, 132, 14, 111, 244, 101, 172, 219, 70, 83, 75, 185,
       80, 124, 204, 44, 238, 204, 179, 29, 168, 242, 237, 175, 148, 37,
       251, 240, 0, 117, 73, 111, 70, 204, 82, 207, 101, 225, 140, 254,
       2, 113, 190, 183, 115, 104, 228, 52, 235, 204, 179, 164, 200, 115,
       41, 230, 137, 37, 242, 118, 110, 247, 151, 204, 5, 180, 26, 78,
       49, 113, 224, 246, 254, 195, 44, 146, 247, 94, 228, 252, 238, 253,
       248, 229, 142, 174, 239, 229, 212, 109, 170, 218, 85, 194, 149,
       30, 186, 233, 244, 56, 103, 190, 95, 232, 17, 172, 246, 110, 121,
       229, 59, 187, 144, 54, 11, 178, 85, 157, 147, 218, 123, 144, 64,
       175, 207, 69, 34, 156, 229, 232, 44, 121, 17, 233, 137, 63, 112,
       156, 51, 193, 122, 135, 101, 108, 30, 145, 80, 138, 64, 206, 187,
       119, 192, 136, 227, 99, 161, 202, 190, 158, 158, 251, 180, 188,
       199, 187, 31, 181, 181, 236, 238, 111, 223, 231, 115, 235, 150,
       54, 79, 186, 227, 59, 51, 94, 219, 128, 69, 175, 223, 105, 133,
       253, 101, 52, 78, 111, 57, 96, 164, 255, 72, 211, 117, 156, 48,
       91, 212, 76, 40, 185, 186, 125, 15, 111, 239, 33, 84, 101, 170,
       198, 48, 237, 166, 164, 177, 173, 59, 220, 191, 87, 255, 181, 189,
       203, 41, 219, 143, 223, 199, 237, 55, 172, 118, 205, 150, 206,
       211, 253, 245, 222, 252, 152, 87, 60, 122, 186, 228, 101, 114,
       211, 208, 193, 142, 246, 38, 2, 217, 33, 10, 248, 252, 135, 114,
       8, 231, 144, 160, 211, 231, 162, 15, 239, 251, 126, 163, 120, 172,
       142, 184, 153, 253, 80, 71, 167, 21, 168, 25, 175, 151, 98, 155,
       201, 179, 237, 16, 30, 75, 210, 49, 219, 209, 152, 123, 194, 76,
       174, 74, 92, 56, 159, 184, 42, 201, 17, 192, 164, 55, 166, 41,
       191, 215, 65, 91, 231, 181, 111, 16, 42, 67, 195, 0, 217, 225,
       126, 57, 160, 0, 39, 99, 208, 184, 188, 176, 40, 237, 17, 23, 162,
       191, 134, 57, 151, 151, 66, 91, 129, 183, 109, 17, 58, 77, 210,
       16, 219, 195, 125, 125, 128, 64, 135, 107, 90, 188, 188, 251, 187,
       249, 21, 207, 191, 23, 132, 48, 174, 246, 74, 126, 135, 91, 221,
       17, 58, 75, 234, 243, 235, 209, 30, 123, 146, 64, 135, 239, 137,
       3, 150, 121, 160, 58, 45, 27, 118, 94, 70, 228, 157, 131, 227,
       253, 39, 8, 44, 156, 215, 220, 39, 80, 198, 249, 114, 132, 58,
       228, 41, 205, 246, 252, 149, 186, 233, 237, 85, 239, 159, 91, 185,
       25, 238, 254, 110, 251, 201, 243, 239, 145, 58, 111, 250, 243,
       153, 210, 223, 127, 144, 93, 167, 238, 242, 84, 239, 85, 20, 122,
       203, 50, 113, 227, 246, 223, 99, 44, 158, 49, 59, 228, 125, 173,
       189, 244, 181, 110, 122, 46, 209, 209, 237, 165, 86, 84, 189, 121,
       241, 71, 237, 95, 207, 221, 83, 238, 180, 10, 91, 21, 209, 39, 88,
       220, 118, 110, 201, 114, 253, 136, 119, 201, 229, 180, 119, 255,
       86, 241, 77, 94, 159, 253, 172, 46, 61, 18, 172, 154, 190, 116,
       255, 51, 161, 123, 229, 119, 124, 14, 161, 197, 147, 224, 193,
       251, 122, 144, 138, 113, 41, 49, 246, 190, 252, 250, 235, 241,
       156, 239, 187, 159, 189, 191, 78, 238, 110, 223, 207, 211, 239,
       145, 62, 79, 203, 243, 186, 83, 223, 255, 151, 84, 174, 87, 40,
       171, 128, 185, 93, 129, 161, 79, 30, 21, 72, 3, 164, 232, 114, 0,
       217, 43, 131, 5, 2, 58, 74, 145, 109, 4, 139, 45, 145, 76, 53,
       202, 233, 214, 238, 53, 36, 26, 110, 48, 113, 238, 183, 253, 219,
       44, 158, 243, 30, 196, 252, 239, 237, 252, 245, 142, 238, 251,
       225, 148, 111, 172, 90, 85, 5, 189, 239, 87, 220, 47, 167, 251,
       126, 250, 250, 98, 208, 124, 157, 33, 121, 126, 126, 123, 241,
       248, 109, 126, 44, 14, 231, 68, 205, 250, 209, 180, 144, 132, 199,
       255, 220, 171, 236, 111, 126, 179, 203, 18, 195, 227, 56, 75, 123,
       175, 106, 184, 48, 253, 95, 206, 188, 142, 215, 68, 165, 232, 241,
       168, 90, 184, 150, 176, 139, 237, 16, 7, 170, 55, 130, 25, 174,
       190, 66, 218, 161, 55, 233, 17, 22, 77, 146, 147, 153, 247, 90,
       123, 128, 68, 143, 90, 32, 141, 27, 250, 156, 167, 67, 195, 150,
       13, 200, 3, 176, 219, 32, 64, 217, 58, 11, 24, 58, 170, 90, 63,
       233, 143, 178, 72, 144, 11, 240, 138, 45, 142, 109, 235, 244, 191,
       235, 250, 93, 107, 127, 118, 243, 105, 181, 32, 221, 42, 23, 46,
       169, 176, 109, 191, 110, 223, 163, 192, 223, 203, 80, 161, 246,
       12, 214, 165, 133, 34, 74, 128, 49, 162, 170, 3, 75, 43, 5, 91,
       241, 245, 109, 242, 56, 215, 153, 234, 155, 254, 195, 87, 163,
       227, 118, 2, 94, 181, 18, 240, 155, 221, 80, 255, 171, 181, 172,
       24, 14, 147, 72, 148, 163, 159, 205, 16, 26, 75, 154, 212, 187,
       209, 21, 127, 162, 4, 142, 42, 239, 54, 228, 177, 173, 59, 220,
       155, 31, 254, 149, 253, 203, 45, 215, 143, 15, 231, 253, 183, 172,
       118, 207, 154, 142, 211, 253, 247, 206, 253, 30, 85, 125, 4, 249,
       103, 20, 79, 99, 57, 118, 161, 255, 8, 211, 117, 144, 48, 88, 148,
       108, 40, 185, 176, 125, 14, 239, 239, 33, 84, 225, 170, 70, 32,
       116, 107, 107, 231, 148, 74, 79, 244, 97, 172, 255, 234, 83, 107,
       153, 80, 126, 204, 93, 234, 200, 179, 173, 44, 242, 233, 165, 132,
       101, 179, 230, 33, 206, 182, 188, 158, 235, 240, 156, 239, 187,
       95, 181, 191, 236, 254, 110, 79, 231, 83, 239, 145, 182, 79, 138,
       243, 218, 115, 223, 251, 155, 85, 175, 223, 198, 190, 190, 146,
       171, 253, 180, 199, 191, 191, 150, 57, 172, 255, 102, 11, 167,
       115, 239, 17, 50, 77, 138, 243, 217, 18, 95, 251, 130, 92, 141,
       123, 221, 67, 231, 230, 134, 2, 110, 116, 117, 130, 210, 230, 115,
       107, 177, 239, 126, 228, 63, 238, 233, 247, 133, 202, 178, 234,
       230, 128, 175, 250, 112, 41, 65, 15, 91, 237, 114, 10, 169, 59,
       60, 32, 90, 226, 213, 35, 129, 64, 118, 61, 62, 184, 1, 144, 197,
       79, 228, 174, 43, 132, 44, 160, 1, 169, 253, 99, 233, 103, 228, 6,
       79, 248, 96, 226, 191, 202, 83, 117, 217, 51, 126, 196, 117, 238,
       201, 242, 237, 40, 112, 201, 229, 180, 103, 243, 114, 225, 89, 22,
       14, 164, 48, 46, 88, 51, 160, 198, 143, 205, 247, 35, 2, 82, 6,
       167, 125, 164, 124, 139, 209, 14, 242, 239, 168, 144, 40, 224, 10,
       90, 86, 163, 159, 190, 171, 193, 31, 236, 175, 140, 228, 169, 206,
       247, 46, 89, 254, 249, 237, 226, 88, 67, 170, 252, 187, 215, 95,
       191, 144, 51, 175, 119, 83, 191, 69, 166, 234, 24, 30, 183, 169,
       88, 184, 237, 239, 38, 128, 151, 134, 199, 253, 103, 221, 75, 134,
       237, 176, 240, 108, 154, 12, 230, 139, 93, 21, 201, 43, 238, 85,
       199, 235, 192, 70, 0, 232, 2, 49, 210, 48, 96, 120, 232, 2, 222,
       91, 187, 26, 125, 121, 172, 135, 104, 113, 10, 97, 170, 56, 237,
       186, 124, 169, 157, 93, 119, 163, 173, 188, 9, 191, 191, 66, 147,
       133, 251, 213, 4, 72, 75, 210, 57, 243, 221, 117, 59, 98, 212,
       142, 203, 239, 54, 172, 181, 173, 63, 92, 23, 159, 255, 150, 253,
       203, 44, 214, 159, 141, 231, 253, 21, 189, 108, 227, 146, 142,
       219, 253, 243, 206, 252, 218, 85, 206, 182, 181, 158, 171, 112,
       188, 239, 191, 95, 152, 253, 236, 238, 78, 139, 231, 83, 255, 149,
       182, 79, 203, 243, 158, 114, 223, 255, 158, 84, 167, 95, 130, 188,
       156, 184, 201, 229, 188, 231, 158, 31, 64, 17, 172, 174, 98, 75,
       201, 59, 235, 145, 54, 75, 82, 241, 77, 19, 222, 107, 144, 76,
       173, 218, 184, 133, 30, 174, 148, 70, 87, 236, 132, 8, 203, 3,
