%YAML:1.0
---
descriptors: !!opencv-matrix
   rows: 124
   cols: 32
   dt: u
   data: [ 54, 230, 229, 215, 156, 7, 206, 168, 83, 170, 185, 90, 67,
       104, 84, 17, 217, 196, 117, 171, 232, 230, 207, 159, 56, 62, 229,
       244, 237, 235, 210, 0, 116, 134, 193, 150, 220, 3, 198, 232, 82,
       178, 177, 218, 211, 104, 217, 11, 89, 198, 70, 255, 121, 103, 77,
       190, 184, 150, 229, 124, 221, 123, 210, 160, 198, 236, 144, 183,
       221, 168, 106, 136, 187, 179, 8, 11, 236, 226, 77, 94, 179, 235,
       104, 211, 38, 68, 218, 243, 141, 150, 207, 43, 132, 115, 3, 142,
       124, 241, 57, 238, 169, 79, 87, 248, 55, 250, 189, 13, 223, 127,
       73, 80, 157, 221, 93, 98, 73, 34, 91, 191, 251, 223, 101, 60, 122,
       187, 70, 51, 68, 48, 157, 225, 224, 46, 105, 27, 122, 187, 43, 92,
       223, 51, 200, 122, 151, 30, 124, 28, 145, 208, 217, 64, 207, 191,
       119, 100, 136, 225, 195, 161, 208, 200, 94, 252, 14, 2, 76, 53,
       161, 18, 178, 26, 123, 11, 48, 83, 106, 229, 125, 234, 104, 199,
       149, 232, 243, 235, 198, 16, 39, 176, 224, 8, 2, 175, 17, 154,
       251, 201, 176, 239, 142, 5, 72, 11, 164, 211, 100, 64, 203, 59,
       11, 16, 18, 26, 194, 247, 61, 20, 30, 123, 144, 8, 165, 138, 192,
       156, 28, 251, 41, 205, 16, 190, 159, 27, 164, 28, 190, 55, 0, 205,
       133, 19, 238, 0, 35, 105, 83, 53, 143, 210, 80, 59, 90, 8, 13, 59,
       129, 164, 29, 187, 236, 233, 169, 143, 30, 59, 81, 120, 180, 131,
       200, 9, 207, 27, 50, 25, 51, 92, 75, 209, 204, 146, 126, 236, 152,
       200, 129, 169, 121, 219, 94, 110, 42, 30, 86, 188, 225, 200, 174,
       204, 123, 103, 130, 243, 54, 228, 236, 110, 205, 131, 237, 45,
       242, 235, 101, 144, 107, 182, 106, 89, 23, 22, 239, 196, 166, 34,
       109, 85, 149, 203, 215, 246, 81, 235, 188, 75, 126, 196, 63, 172,
       185, 151, 36, 192, 82, 171, 254, 128, 173, 232, 240, 17, 34, 161,
       17, 186, 221, 193, 176, 239, 158, 17, 104, 11, 164, 202, 108, 0,
       233, 59, 3, 17, 82, 11, 10, 247, 61, 148, 30, 107, 16, 8, 167,
       138, 96, 152, 156, 126, 41, 205, 18, 166, 143, 27, 168, 12, 190,
       243, 4, 112, 133, 115, 232, 0, 23, 10, 90, 51, 135, 246, 80, 59,
       216, 8, 9, 27, 240, 72, 223, 252, 78, 10, 108, 164, 233, 146, 178,
       90, 127, 43, 21, 91, 106, 229, 109, 234, 104, 71, 199, 232, 146,
       250, 214, 24, 37, 241, 98, 8, 77, 32, 145, 227, 226, 46, 104, 25,
       58, 179, 107, 80, 221, 51, 73, 250, 183, 31, 124, 24, 17, 208,
       153, 64, 205, 239, 119, 68, 136, 226, 131, 161, 120, 133, 125,
       101, 157, 106, 87, 175, 97, 39, 175, 24, 83, 53, 8, 50, 25, 150,
       108, 56, 120, 42, 249, 31, 251, 239, 5, 117, 227, 234, 198, 34,
       219, 81, 119, 236, 44, 86, 93, 56, 73, 250, 52, 160, 95, 223, 181,
       39, 150, 245, 181, 239, 201, 101, 183, 216, 195, 251, 233, 190,
       55, 164, 69, 117, 6, 165, 16, 131, 221, 109, 176, 105, 46, 183,
       185, 27, 204, 122, 72, 8, 185, 31, 234, 49, 22, 115, 91, 214, 29,
       22, 31, 119, 144, 74, 135, 134, 134, 4, 174, 85, 233, 122, 188, 7,
       190, 243, 71, 17, 204, 62, 31, 107, 131, 71, 123, 24, 52, 220,
       163, 194, 79, 58, 94, 7, 128, 116, 173, 134, 53, 198, 196, 159,
       204, 11, 198, 168, 19, 179, 177, 255, 66, 96, 77, 27, 89, 206, 38,
       114, 124, 102, 79, 187, 168, 150, 229, 124, 221, 123, 216, 4, 124,
       117, 25, 229, 185, 15, 94, 188, 51, 168, 188, 72, 223, 127, 73,
       48, 149, 221, 93, 106, 233, 98, 217, 62, 251, 223, 37, 188, 72,
       243, 66, 51, 224, 133, 150, 190, 252, 43, 84, 237, 159, 19, 248,
       25, 239, 233, 44, 82, 211, 75, 106, 33, 54, 99, 203, 223, 184,
       246, 87, 63, 208, 90, 201, 138, 101, 97, 25, 101, 52, 15, 71, 56,
       109, 232, 254, 72, 214, 18, 129, 116, 146, 196, 108, 106, 201,
       176, 233, 76, 165, 184, 35, 48, 64, 179, 67, 101, 122, 82, 166,
       190, 105, 94, 116, 88, 49, 206, 247, 47, 106, 94, 39, 91, 252,
       221, 239, 166, 236, 247, 241, 200, 211, 243, 192, 147, 99, 124,
       110, 215, 169, 29, 99, 225, 244, 198, 235, 215, 84, 192, 254, 66,
       49, 61, 181, 96, 124, 222, 23, 248, 169, 184, 49, 174, 111, 239,
       166, 128, 239, 216, 116, 248, 194, 84, 133, 149, 9, 126, 180, 42,
       188, 242, 130, 17, 236, 60, 15, 239, 129, 85, 233, 35, 101, 229,
       83, 194, 129, 114, 90, 19, 2, 125, 29, 78, 130, 173, 17, 187, 217,
       141, 166, 239, 158, 17, 136, 91, 164, 194, 104, 1, 200, 27, 75,
       81, 114, 11, 90, 245, 173, 144, 158, 122, 144, 8, 129, 170, 1,
       205, 150, 252, 181, 132, 110, 230, 173, 128, 234, 64, 185, 243,
       53, 240, 200, 243, 59, 200, 72, 139, 18, 239, 227, 254, 150, 8,
       10, 176, 97, 42, 94, 188, 188, 122, 169, 253, 21, 143, 171, 63,
       164, 41, 174, 255, 66, 27, 135, 115, 237, 16, 26, 75, 218, 49,
       219, 209, 93, 123, 210, 68, 143, 11, 5, 162, 217, 243, 236, 169,
       169, 159, 238, 59, 57, 88, 157, 169, 216, 42, 175, 11, 126, 29,
       19, 124, 203, 211, 204, 159, 127, 244, 220, 200, 129, 161, 105,
       156, 152, 126, 57, 141, 18, 150, 143, 25, 40, 76, 190, 242, 64,
       80, 133, 123, 236, 0, 3, 42, 218, 51, 229, 245, 16, 122, 216, 8,
       3, 27, 29, 71, 69, 69, 176, 30, 79, 184, 117, 170, 126, 228, 211,
       97, 153, 244, 54, 204, 36, 110, 233, 240, 109, 14, 166, 239, 101,
       132, 111, 243, 72, 37, 246, 76, 214, 142, 77, 102, 86, 232, 185,
       142, 243, 27, 78, 250, 39, 223, 249, 245, 239, 227, 108, 231, 219,
       234, 145, 50, 203, 27, 1, 127, 126, 6, 60, 60, 188, 243, 221, 47,
       241, 202, 87, 179, 165, 26, 26, 185, 73, 42, 169, 216, 83, 16, 58,
       119, 219, 176, 95, 207, 81, 117, 243, 105, 86, 162, 229, 1, 205,
       77, 13, 14, 73, 57, 109, 177, 163, 28, 211, 35, 16, 250, 88, 132,
       106, 44, 25, 196, 119, 0, 143, 251, 195, 84, 104, 162, 210, 32,
       248, 121, 63, 92, 77, 68, 85, 117, 225, 158, 166, 8, 114, 255, 37,
       115, 232, 244, 121, 106, 104, 103, 178, 8, 115, 251, 69, 27, 67,
       48, 230, 98, 70, 165, 152, 131, 221, 109, 176, 73, 62, 53, 185,
       27, 204, 120, 72, 8, 185, 155, 202, 177, 50, 114, 217, 214, 29,
       22, 31, 127, 144, 74, 141, 134, 134, 4, 148, 213, 201, 126, 180,
       143, 191, 179, 74, 16, 204, 51, 76, 207, 193, 86, 162, 16, 52,
       220, 83, 194, 15, 50, 87, 71, 194, 124, 137, 134, 191, 178, 116,
       91, 175, 253, 216, 155, 143, 125, 181, 127, 10, 156, 222, 191,
       205, 155, 245, 17, 159, 54, 251, 241, 27, 89, 216, 255, 223, 141,
       220, 87, 251, 89, 119, 101, 171, 84, 125, 55, 165, 78, 214, 189,
       91, 61, 151, 127, 230, 23, 253, 195, 205, 31, 241, 128, 243, 251,
       240, 147, 38, 244, 164, 127, 125, 93, 23, 238, 61, 143, 86, 56,
       197, 8, 251, 68, 254, 113, 33, 240, 208, 112, 92, 106, 201, 163,
       88, 191, 163, 255, 33, 26, 90, 187, 64, 35, 84, 40, 150, 179, 172,
       169, 109, 194, 175, 183, 179, 25, 207, 234, 75, 26, 235, 231, 111,
       19, 26, 103, 202, 160, 220, 210, 255, 60, 192, 121, 135, 2, 0,
       132, 158, 175, 188, 43, 148, 111, 158, 51, 187, 24, 207, 226, 40,
       195, 211, 7, 110, 33, 50, 227, 75, 87, 184, 246, 95, 126, 208, 72,
       129, 0, 38, 32, 150, 184, 121, 11, 152, 72, 191, 160, 240, 137,
       78, 254, 101, 159, 222, 125, 127, 53, 0, 195, 131, 200, 152, 222,
       75, 186, 196, 45, 35, 135, 109, 99, 56, 101, 44, 31, 83, 56, 105,
       232, 174, 8, 223, 16, 147, 52, 144, 196, 76, 106, 201, 176, 241,
       12, 229, 253, 33, 48, 64, 179, 67, 37, 114, 16, 246, 172, 107, 14,
       48, 72, 41, 200, 242, 171, 78, 159, 39, 94, 254, 157, 255, 165,
       140, 243, 193, 200, 147, 248, 66, 147, 103, 172, 102, 215, 242,
       32, 113, 224, 38, 40, 216, 64, 233, 128, 184, 139, 47, 139, 85,
       18, 174, 149, 93, 217, 138, 38, 198, 192, 146, 216, 138, 186, 103,
       130, 67, 12, 72, 188, 57, 245, 112, 238, 113, 55, 57, 235, 126,
       57, 191, 63, 0, 48, 134, 55, 221, 0, 49, 216, 209, 14, 207, 255,
       58, 130, 10, 192, 7, 123, 109, 231, 148, 102, 184, 31, 70, 184,
