%YAML:1.0
---
descriptors: !!opencv-matrix
   rows: 210
   cols: 32
   dt: u
   data: [ 133, 156, 55, 91, 244, 174, 167, 247, 253, 27, 127, 80, 240,
       241, 189, 109, 183, 106, 2, 46, 240, 180, 58, 127, 103, 62, 118,
       68, 211, 249, 225, 161, 104, 113, 216, 101, 96, 79, 83, 144, 49,
       72, 254, 9, 215, 53, 11, 16, 156, 220, 253, 98, 9, 176, 209, 10,
       231, 253, 36, 21, 98, 187, 78, 211, 80, 185, 59, 112, 145, 220,
       117, 119, 249, 95, 102, 24, 190, 190, 32, 113, 167, 59, 221, 16,
       179, 201, 178, 119, 219, 251, 84, 75, 192, 0, 135, 107, 216, 160,
       156, 246, 137, 108, 85, 136, 163, 51, 135, 24, 243, 247, 72, 123,
       201, 214, 121, 10, 59, 71, 219, 33, 219, 251, 213, 59, 130, 121,
       138, 42, 85, 180, 173, 247, 140, 110, 85, 186, 242, 247, 165, 20,
       247, 127, 91, 43, 201, 198, 125, 57, 43, 109, 251, 47, 203, 203,
       247, 84, 200, 96, 118, 122, 235, 54, 254, 92, 249, 183, 153, 91,
       219, 253, 149, 253, 14, 188, 246, 61, 143, 63, 255, 21, 188, 107,
       226, 212, 91, 91, 121, 250, 214, 204, 151, 255, 155, 112, 253,
       229, 54, 22, 121, 29, 111, 233, 87, 243, 89, 95, 158, 108, 54,
       189, 181, 189, 141, 208, 181, 204, 199, 249, 235, 134, 39, 134,
       224, 117, 3, 206, 10, 189, 22, 146, 186, 230, 60, 65, 90, 199,
       173, 138, 50, 192, 246, 107, 147, 197, 231, 152, 7, 255, 164, 39,
       186, 129, 28, 20, 57, 221, 149, 114, 203, 193, 180, 51, 233, 95,
       22, 195, 214, 246, 25, 140, 249, 108, 127, 136, 19, 189, 171, 183,
       37, 194, 26, 207, 154, 68, 173, 136, 240, 176, 49, 201, 83, 206,
       93, 213, 79, 230, 196, 0, 224, 2, 51, 129, 52, 100, 72, 184, 2,
       202, 75, 43, 118, 191, 51, 172, 130, 24, 53, 154, 112, 168, 81,
       15, 206, 255, 140, 34, 237, 23, 100, 19, 250, 66, 241, 42, 144,
       107, 104, 230, 62, 140, 153, 248, 199, 233, 84, 239, 250, 0, 173,
       248, 240, 8, 130, 205, 14, 159, 93, 132, 190, 230, 157, 64, 64,
       131, 172, 254, 53, 65, 236, 123, 19, 197, 98, 158, 18, 255, 39,
       62, 154, 11, 20, 5, 49, 218, 145, 179, 73, 243, 246, 128, 237,
       245, 100, 89, 113, 246, 185, 3, 216, 97, 111, 138, 22, 156, 211,
       184, 108, 245, 108, 137, 190, 192, 45, 138, 241, 185, 53, 238,
       200, 134, 222, 19, 198, 248, 82, 226, 157, 207, 115, 104, 255, 38,
       121, 204, 18, 239, 237, 99, 205, 174, 58, 14, 229, 60, 61, 255,
       122, 132, 237, 204, 220, 45, 184, 58, 71, 184, 113, 166, 238, 136,
       211, 99, 139, 212, 83, 236, 104, 106, 125, 148, 237, 62, 236, 247,
       5, 21, 226, 243, 202, 64, 61, 95, 123, 238, 244, 147, 238, 244,
       85, 200, 255, 230, 115, 237, 191, 224, 124, 236, 151, 238, 233,
       179, 44, 190, 114, 239, 167, 136, 127, 187, 112, 241, 61, 93, 107,
       222, 246, 146, 207, 240, 213, 196, 255, 166, 115, 237, 183, 96,
       126, 238, 23, 238, 233, 163, 44, 174, 114, 239, 167, 136, 63, 251,
       112, 249, 238, 56, 234, 190, 109, 116, 189, 80, 137, 214, 213,
       135, 236, 223, 55, 143, 236, 249, 179, 199, 196, 103, 178, 201,
       87, 121, 202, 139, 7, 119, 63, 215, 220, 186, 154, 33, 226, 104,
       240, 214, 234, 31, 176, 125, 143, 185, 72, 26, 163, 221, 236, 81,
       16, 109, 130, 2, 216, 225, 116, 237, 233, 113, 143, 131, 195, 86,
       95, 159, 106, 102, 41, 24, 172, 90, 211, 229, 244, 198, 175, 255,
       198, 53, 190, 39, 165, 213, 255, 221, 4, 50, 122, 138, 28, 215,
       33, 125, 154, 216, 62, 190, 46, 149, 156, 101, 156, 78, 210, 23,
       255, 93, 50, 1, 238, 51, 255, 199, 236, 173, 19, 191, 243, 195,
       122, 145, 93, 24, 41, 91, 138, 120, 186, 255, 37, 212, 185, 212,
       31, 206, 212, 3, 172, 223, 103, 105, 238, 121, 183, 211, 198, 212,
       50, 224, 199, 217, 218, 139, 22, 29, 61, 251, 158, 252, 212, 210,
       247, 223, 252, 238, 59, 191, 176, 27, 206, 126, 78, 141, 251, 211,
       207, 179, 110, 239, 120, 229, 191, 210, 95, 119, 199, 124, 175,
       223, 158, 93, 254, 244, 211, 246, 183, 211, 185, 238, 254, 39, 28,
       191, 39, 119, 167, 253, 151, 67, 160, 219, 48, 236, 251, 251, 111,
       131, 167, 117, 173, 115, 26, 212, 251, 238, 36, 31, 94, 252, 95,
       74, 191, 227, 255, 125, 189, 164, 255, 209, 223, 231, 235, 37, 41,
       251, 179, 223, 5, 150, 127, 254, 124, 95, 66, 188, 149, 26, 171,
       253, 180, 207, 191, 27, 176, 253, 174, 238, 76, 143, 167, 115,
       238, 16, 55, 105, 154, 241, 153, 210, 94, 123, 216, 84, 135, 31,
       135, 144, 247, 221, 95, 70, 185, 248, 95, 243, 86, 18, 88, 252,
       109, 111, 127, 93, 51, 185, 179, 253, 63, 223, 29, 62, 223, 70,
       159, 40, 37, 247, 66, 185, 181, 183, 187, 204, 185, 142, 191, 253,
       178, 67, 252, 223, 64, 82, 167, 251, 127, 145, 19, 73, 155, 241,
       157, 150, 159, 234, 128, 2, 39, 123, 193, 185, 187, 245, 28, 76,
       113, 23, 234, 233, 166, 28, 246, 189, 64, 98, 128, 118, 124, 24,
       147, 105, 243, 2, 207, 185, 55, 24, 72, 40, 65, 123, 183, 234, 98,
       190, 70, 146, 174, 196, 209, 68, 80, 135, 41, 204, 55, 41, 126,
       237, 55, 199, 228, 246, 134, 227, 52, 104, 206, 136, 109, 61, 115,
       220, 61, 247, 233, 73, 254, 51, 203, 216, 70, 225, 157, 238, 81,
       125, 217, 32, 127, 200, 23, 254, 139, 50, 109, 176, 110, 77, 165,
       252, 255, 251, 112, 241, 244, 180, 189, 253, 140, 111, 85, 190,
       182, 187, 166, 24, 215, 117, 73, 123, 129, 86, 125, 58, 121, 101,
       219, 34, 233, 171, 117, 116, 192, 121, 198, 34, 124, 53, 214, 224,
       211, 38, 120, 115, 177, 175, 175, 23, 15, 63, 66, 219, 231, 247,
       221, 176, 56, 219, 144, 198, 219, 247, 191, 199, 162, 229, 174,
       19, 131, 75, 227, 213, 119, 150, 173, 103, 125, 194, 94, 146, 40,
       158, 182, 164, 110, 59, 147, 141, 229, 156, 52, 202, 38, 126, 158,
       130, 7, 148, 121, 252, 183, 238, 226, 142, 94, 3, 142, 232, 83,
       226, 152, 239, 96, 104, 191, 4, 89, 228, 113, 111, 237, 231, 205,
       175, 56, 46, 141, 190, 45, 63, 122, 212, 18, 158, 102, 132, 99,
       210, 188, 103, 169, 230, 158, 163, 12, 174, 38, 70, 175, 181, 255,
       161, 196, 155, 164, 206, 31, 119, 223, 135, 39, 164, 47, 223, 108,
       180, 253, 69, 144, 122, 69, 187, 113, 230, 238, 140, 195, 101,
       131, 20, 91, 204, 104, 40, 109, 178, 245, 14, 239, 239, 5, 21, 99,
       232, 70, 124, 171, 165, 32, 154, 221, 253, 208, 239, 223, 113,
       140, 25, 174, 156, 94, 37, 201, 11, 211, 21, 54, 106, 122, 215,
       111, 93, 20, 127, 211, 12, 222, 206, 130, 93, 42, 156, 197, 148,
       188, 103, 157, 198, 192, 135, 40, 238, 55, 69, 236, 171, 187, 133,
       228, 159, 22, 202, 51, 48, 206, 11, 29, 124, 53, 222, 14, 52, 170,
       161, 213, 118, 184, 67, 29, 207, 221, 147, 140, 220, 127, 40, 253,
       41, 147, 181, 132, 215, 52, 194, 71, 93, 154, 143, 135, 101, 61,
       214, 66, 190, 188, 17, 170, 169, 189, 151, 190, 63, 158, 252, 172,
       182, 198, 47, 167, 83, 127, 17, 146, 73, 167, 113, 156, 18, 127,
       210, 132, 80, 135, 125, 130, 93, 55, 158, 203, 132, 190, 102, 189,
       130, 194, 131, 172, 254, 37, 97, 230, 251, 187, 195, 96, 143, 18,
       235, 179, 112, 202, 11, 20, 117, 37, 222, 124, 96, 185, 102, 9,
       79, 87, 40, 114, 230, 173, 8, 87, 119, 73, 18, 153, 220, 105, 106,
       72, 99, 217, 10, 251, 205, 69, 61, 96, 115, 70, 98, 130, 201, 22,
       156, 73, 132, 188, 230, 190, 0, 202, 3, 172, 238, 36, 64, 236,
       123, 59, 193, 66, 137, 18, 255, 37, 50, 218, 10, 16, 16, 33, 138,
       139, 54, 244, 248, 236, 185, 248, 59, 223, 243, 21, 254, 189, 239,
       214, 43, 175, 187, 127, 157, 183, 104, 166, 215, 78, 91, 251, 252,
       159, 204, 129, 209, 49, 171, 205, 165, 212, 11, 231, 255, 86, 169,
       250, 226, 243, 97, 144, 96, 121, 206, 110, 172, 89, 250, 197, 61,
       188, 167, 183, 128, 189, 234, 240, 169, 219, 112, 117, 225, 38,
       86, 217, 28, 125, 121, 247, 179, 89, 31, 156, 111, 190, 149, 253,
       255, 237, 244, 245, 192, 199, 249, 251, 134, 39, 133, 240, 117,
       35, 76, 34, 95, 21, 247, 178, 226, 94, 64, 125, 2, 104, 220, 55,
