%YAML:1.0
---
descriptors: !!opencv-matrix
   rows: 202
   cols: 32
   dt: u
   data: [ 88, 184, 155, 252, 250, 196, 19, 223, 162, 141, 232, 40, 191,
       183, 64, 48, 167, 251, 205, 144, 26, 75, 178, 119, 249, 231, 55,
       105, 160, 64, 167, 123, 55, 114, 247, 237, 44, 11, 250, 88, 77,
       232, 243, 230, 95, 29, 157, 162, 158, 93, 119, 239, 201, 242, 205,
       192, 6, 248, 41, 134, 79, 191, 99, 177, 139, 164, 140, 187, 253,
       213, 176, 207, 158, 91, 68, 17, 172, 186, 110, 72, 201, 11, 187,
       21, 54, 94, 82, 243, 207, 87, 222, 107, 152, 12, 153, 206, 255,
       214, 234, 158, 255, 52, 206, 252, 83, 202, 221, 255, 105, 232,
       255, 229, 127, 202, 151, 239, 252, 102, 222, 251, 126, 127, 175,
       172, 191, 255, 248, 213, 200, 188, 189, 249, 169, 237, 181, 215,
       190, 27, 164, 24, 188, 191, 64, 91, 165, 51, 123, 24, 50, 79, 178,
       115, 207, 219, 86, 123, 194, 64, 167, 171, 19, 239, 119, 249, 254,
       138, 236, 231, 127, 5, 122, 194, 45, 143, 148, 192, 102, 175, 55,
       141, 210, 184, 7, 245, 182, 252, 158, 192, 37, 144, 241, 233, 39,
       77, 99, 222, 212, 150, 239, 246, 212, 192, 95, 194, 113, 252, 181,
       100, 120, 238, 19, 207, 233, 187, 60, 255, 52, 46, 166, 136, 63,
       255, 240, 236, 49, 87, 83, 172, 22, 34, 66, 80, 69, 136, 251, 103,
       71, 136, 161, 196, 248, 140, 14, 229, 13, 179, 1, 140, 176, 228,
       170, 6, 61, 171, 120, 21, 181, 77, 103, 79, 52, 26, 206, 248, 68,
       224, 251, 230, 115, 104, 189, 225, 126, 228, 22, 239, 237, 178,
       109, 47, 50, 233, 167, 132, 109, 187, 120, 181, 125, 247, 216,
       230, 124, 11, 79, 184, 48, 168, 253, 237, 115, 99, 216, 16, 30,
       204, 68, 110, 201, 114, 205, 46, 254, 141, 37, 188, 109, 187, 66,
       49, 2, 145, 150, 223, 251, 192, 184, 111, 174, 85, 67, 161, 236,
       247, 40, 239, 227, 27, 171, 128, 18, 216, 11, 213, 13, 178, 218,
       67, 144, 0, 173, 155, 150, 113, 52, 168, 235, 65, 156, 204, 139,
       176, 152, 171, 156, 223, 105, 43, 238, 209, 255, 227, 72, 67, 218,
       208, 184, 80, 207, 191, 29, 127, 175, 147, 253, 77, 172, 180, 172,
       92, 94, 169, 162, 250, 142, 9, 215, 254, 91, 123, 209, 199, 125,
       231, 77, 67, 243, 0, 251, 233, 237, 61, 40, 113, 154, 82, 37, 41,
       80, 69, 213, 139, 66, 224, 97, 160, 232, 8, 66, 65, 5, 180, 24,
       236, 66, 106, 9, 178, 88, 60, 46, 156, 5, 48, 91, 187, 74, 132,
       184, 252, 81, 250, 113, 239, 91, 246, 49, 90, 112, 92, 63, 87, 32,
       181, 215, 249, 149, 106, 235, 222, 88, 191, 243, 219, 113, 106,
       122, 145, 66, 59, 1, 4, 212, 85, 196, 63, 228, 39, 125, 163, 110,
       24, 211, 32, 21, 60, 57, 238, 2, 14, 56, 248, 117, 110, 39, 190,
       84, 0, 195, 249, 194, 172, 243, 178, 127, 241, 106, 164, 185, 82,
       171, 57, 178, 127, 20, 158, 84, 59, 236, 149, 127, 145, 139, 95,
       194, 65, 21, 56, 186, 234, 205, 0, 35, 179, 237, 125, 249, 101,
       244, 79, 111, 189, 113, 230, 126, 12, 211, 53, 145, 48, 30, 220,
       84, 106, 233, 176, 249, 14, 239, 255, 37, 4, 106, 250, 70, 248,
       255, 223, 197, 142, 220, 54, 206, 252, 83, 234, 222, 206, 91, 104,
       159, 229, 127, 206, 54, 239, 253, 242, 253, 191, 58, 47, 229, 148,
       175, 255, 248, 21, 198, 252, 188, 191, 189, 237, 183, 143, 158,
       191, 13, 21, 236, 255, 106, 203, 193, 127, 251, 19, 50, 77, 250,
       243, 239, 119, 223, 255, 144, 117, 149, 211, 233, 137, 189, 255,
       173, 172, 117, 183, 255, 59, 102, 16, 255, 249, 80, 123, 193, 102,
       126, 88, 123, 248, 251, 161, 239, 251, 84, 80, 210, 88, 208, 42,
       2, 156, 156, 189, 138, 225, 180, 175, 158, 23, 64, 179, 164, 254,
       32, 75, 199, 51, 171, 129, 50, 73, 67, 125, 205, 163, 94, 3, 144,
       72, 133, 155, 200, 249, 177, 163, 185, 204, 23, 157, 174, 233,
       130, 88, 190, 247, 64, 242, 164, 119, 253, 81, 19, 9, 251, 243,
       237, 244, 15, 94, 146, 2, 133, 123, 117, 178, 233, 67, 236, 51,
       75, 152, 83, 251, 181, 254, 211, 76, 223, 42, 95, 204, 116, 254,
       159, 102, 237, 50, 206, 15, 165, 252, 253, 255, 82, 245, 42, 169,
       176, 186, 109, 217, 176, 207, 223, 53, 68, 11, 172, 216, 102, 140,
       201, 59, 163, 17, 22, 122, 218, 241, 15, 80, 159, 107, 215, 12,
       223, 142, 44, 55, 124, 103, 240, 15, 127, 56, 124, 172, 127, 100,
       211, 115, 139, 49, 150, 92, 70, 106, 224, 240, 105, 12, 111, 139,
       101, 132, 64, 163, 70, 163, 181, 96, 237, 106, 140, 103, 75, 216,
       83, 254, 181, 10, 83, 89, 221, 59, 89, 204, 124, 254, 171, 103,
       253, 48, 219, 201, 229, 60, 245, 251, 82, 96, 45, 121, 57, 79,
       125, 79, 71, 248, 69, 232, 108, 8, 242, 85, 1, 52, 152, 124, 82,
       106, 73, 178, 121, 61, 103, 188, 5, 50, 82, 186, 82, 170, 142,
       220, 246, 151, 195, 241, 191, 231, 191, 215, 94, 179, 236, 254,
       111, 143, 175, 123, 179, 147, 55, 220, 62, 227, 110, 87, 95, 195,
       143, 117, 173, 223, 124, 241, 253, 235, 169, 103, 87, 152, 35,
       251, 173, 40, 223, 127, 73, 122, 215, 213, 253, 242, 11, 67, 251,
       17, 251, 207, 101, 125, 184, 243, 70, 115, 86, 252, 247, 214, 250,
       98, 63, 216, 59, 255, 23, 187, 93, 247, 233, 125, 55, 127, 181,
       114, 179, 213, 191, 234, 249, 46, 239, 166, 166, 247, 151, 115,
       250, 91, 103, 244, 47, 86, 93, 117, 177, 126, 182, 191, 75, 47,
       55, 95, 238, 245, 253, 226, 236, 71, 179, 233, 243, 251, 198, 147,
       39, 188, 244, 119, 252, 176, 152, 114, 170, 105, 81, 11, 179, 183,
       165, 57, 31, 183, 74, 26, 131, 151, 237, 16, 58, 75, 218, 18, 219,
       193, 117, 127, 224, 64, 134, 35, 27, 223, 19, 255, 87, 150, 190,
       247, 188, 9, 90, 66, 124, 250, 48, 224, 254, 127, 23, 241, 225,
       153, 0, 255, 61, 175, 190, 194, 45, 16, 169, 137, 41, 253, 83, 79,
       117, 223, 230, 253, 127, 232, 108, 72, 114, 241, 132, 180, 144,
       124, 82, 106, 193, 184, 120, 63, 39, 156, 5, 50, 90, 186, 66, 175,
       88, 189, 59, 108, 250, 203, 19, 247, 163, 132, 236, 40, 62, 151,
       0, 16, 38, 255, 205, 192, 74, 155, 160, 127, 249, 229, 37, 107,
       34, 128, 39, 107, 45, 141, 150, 87, 213, 191, 230, 167, 127, 155,
       106, 16, 226, 32, 28, 254, 169, 110, 98, 28, 16, 248, 123, 98, 47,
       254, 84, 64, 194, 211, 194, 140, 205, 252, 191, 255, 109, 253,
       125, 156, 255, 154, 102, 16, 254, 255, 93, 123, 193, 108, 123, 30,
       227, 101, 251, 243, 199, 251, 215, 42, 130, 113, 99, 170, 214, 14,
       142, 190, 154, 34, 30, 167, 148, 182, 202, 183, 229, 102, 43, 75,
       215, 119, 233, 167, 124, 201, 73, 46, 248, 227, 255, 145, 164,
       121, 173, 90, 74, 181, 19, 182, 33, 252, 112, 35, 185, 77, 75, 25,
       175, 190, 2, 243, 128, 59, 253, 1, 92, 217, 160, 161, 131, 241,
       120, 219, 2, 68, 143, 75, 54, 79, 71, 239, 54, 2, 110, 252, 36,
       128, 218, 227, 97, 103, 177, 196, 126, 244, 15, 238, 232, 145, 13,
       237, 176, 164, 175, 128, 37, 179, 116, 41, 232, 233, 191, 255,
       237, 204, 117, 167, 255, 155, 38, 16, 254, 249, 72, 123, 193, 118,
       123, 90, 114, 109, 251, 177, 239, 251, 87, 91, 194, 88, 193, 42,
       45, 196, 119, 87, 100, 219, 231, 176, 125, 66, 123, 64, 243, 84,
       156, 164, 58, 248, 6, 106, 201, 180, 125, 45, 37, 254, 96, 0, 71,
       187, 68, 164, 249, 41, 153, 181, 33, 221, 84, 39, 59, 234, 246,
       25, 191, 159, 66, 147, 128, 191, 213, 4, 124, 218, 240, 8, 231,
       217, 116, 177, 98, 68, 142, 91, 53, 205, 78, 175, 54, 10, 238,
       248, 68, 224, 251, 230, 115, 72, 187, 96, 126, 236, 22, 239, 205,
       176, 77, 61, 244, 173, 167, 132, 125, 187, 120, 149, 181, 239,
       201, 255, 222, 35, 231, 248, 86, 162, 249, 202, 113, 227, 249, 96,
       121, 206, 14, 238, 233, 103, 79, 191, 252, 142, 231, 188, 189,
       251, 240, 160, 108, 113, 61, 101, 96, 14, 119, 56, 105, 168, 119,
       72, 215, 19, 9, 49, 148, 20, 68, 106, 65, 176, 113, 12, 231, 249,
       33, 20, 64, 179, 66, 163, 208, 65, 94, 253, 14, 11, 76, 45, 228,
       144, 130, 2, 247, 75, 48, 67, 106, 165, 107, 235, 120, 237, 7, 93,
