%YAML:1.0
---
descriptors: !!opencv-matrix
   rows: 234
   cols: 32
   dt: u
   data: [ 226, 158, 94, 92, 253, 243, 16, 103, 223, 19, 246, 189, 106,
       248, 166, 85, 207, 50, 171, 0, 182, 47, 66, 223, 62, 63, 80, 91,
       158, 204, 248, 31, 213, 93, 23, 247, 48, 6, 111, 176, 52, 202,
       195, 116, 215, 119, 153, 115, 54, 100, 124, 238, 249, 212, 61, 46,
       224, 170, 238, 128, 44, 179, 160, 49, 102, 176, 168, 186, 173,
       205, 16, 207, 139, 53, 129, 57, 166, 221, 74, 18, 137, 211, 233,
       17, 30, 107, 218, 177, 219, 81, 93, 127, 208, 12, 158, 86, 181,
       207, 93, 79, 52, 91, 206, 248, 68, 224, 250, 194, 115, 104, 157,
       161, 126, 228, 22, 238, 237, 178, 109, 45, 178, 233, 165, 148,
       125, 187, 120, 165, 222, 222, 191, 151, 181, 244, 191, 231, 62,
       223, 222, 55, 236, 126, 234, 207, 239, 247, 191, 147, 187, 221,
       171, 231, 189, 55, 255, 195, 133, 125, 181, 127, 62, 207, 71, 239,
       150, 2, 111, 252, 53, 4, 218, 231, 97, 103, 177, 197, 126, 228,
       15, 238, 232, 147, 45, 237, 240, 108, 175, 128, 55, 183, 244, 105,
       249, 201, 86, 108, 13, 94, 86, 61, 225, 82, 166, 8, 91, 57, 34,
       243, 192, 228, 252, 106, 109, 231, 241, 141, 243, 235, 192, 17,
       98, 58, 254, 42, 92, 125, 187, 100, 161, 104, 53, 215, 233, 143,
       126, 40, 30, 181, 225, 62, 165, 118, 204, 80, 80, 185, 160, 32,
       243, 245, 116, 3, 194, 241, 167, 43, 126, 221, 178, 158, 253, 127,
       182, 236, 155, 174, 189, 11, 234, 246, 43, 198, 249, 214, 207,
       226, 44, 103, 248, 255, 255, 87, 207, 63, 147, 127, 189, 198, 73,
       48, 188, 85, 172, 126, 245, 27, 238, 155, 54, 24, 222, 49, 0, 59,
       133, 86, 126, 8, 177, 225, 243, 65, 71, 187, 112, 16, 194, 224,
       195, 163, 72, 145, 149, 237, 169, 110, 37, 191, 175, 57, 10, 64,
       222, 119, 8, 206, 133, 87, 252, 56, 17, 136, 83, 213, 141, 246,
       127, 70, 138, 66, 129, 51, 162, 251, 240, 159, 238, 137, 191, 223,
       94, 134, 112, 239, 173, 72, 199, 9, 166, 123, 135, 83, 198, 120,
       78, 249, 100, 0, 127, 187, 85, 216, 5, 153, 145, 108, 19, 101, 52,
       143, 99, 50, 100, 200, 106, 64, 183, 17, 145, 116, 48, 44, 92,
       108, 105, 188, 49, 47, 161, 172, 32, 0, 106, 162, 64, 40, 2, 160,
       157, 155, 232, 169, 169, 207, 30, 49, 1, 184, 148, 194, 72, 8, 79,
       27, 106, 17, 18, 92, 219, 209, 12, 144, 31, 124, 144, 8, 133, 160,
       17, 189, 43, 109, 148, 198, 111, 117, 116, 72, 110, 66, 115, 247,
       48, 112, 120, 254, 21, 236, 155, 152, 48, 47, 227, 237, 166, 64,
       41, 2, 226, 250, 125, 101, 233, 110, 204, 71, 79, 248, 67, 234,
       189, 10, 83, 125, 221, 50, 89, 204, 84, 254, 201, 99, 255, 56,
       123, 207, 229, 60, 127, 251, 210, 240, 201, 233, 191, 251, 173,
       204, 117, 183, 255, 27, 38, 16, 254, 249, 116, 123, 193, 102, 123,
       94, 114, 105, 251, 177, 239, 251, 86, 91, 210, 216, 193, 42, 60,
       77, 122, 206, 212, 210, 255, 252, 213, 132, 254, 2, 113, 249, 181,
       96, 120, 252, 23, 234, 200, 179, 44, 190, 115, 239, 167, 137, 119,
       187, 124, 162, 24, 188, 146, 250, 19, 199, 19, 66, 182, 133, 236,
       3, 47, 215, 32, 144, 249, 187, 131, 128, 26, 139, 24, 63, 249,
       199, 11, 107, 115, 2, 39, 162, 116, 96, 233, 106, 236, 97, 199,
       216, 66, 190, 181, 42, 83, 213, 217, 58, 89, 216, 86, 122, 11,
       103, 234, 48, 251, 137, 165, 124, 241, 251, 86, 226, 100, 160,
       132, 146, 141, 165, 128, 138, 222, 179, 129, 24, 194, 224, 108,
       10, 217, 70, 106, 17, 26, 103, 203, 16, 141, 146, 219, 124, 144,
       105, 80, 130, 240, 232, 28, 178, 24, 137, 84, 237, 190, 50, 160,
       9, 183, 211, 72, 25, 161, 185, 76, 66, 74, 79, 74, 61, 249, 195,
       87, 121, 48, 16, 139, 10, 0, 160, 157, 155, 218, 233, 33, 143, 62,
       53, 65, 144, 212, 98, 72, 72, 115, 27, 106, 144, 19, 88, 91, 85,
       77, 6, 31, 100, 144, 0, 133, 160, 246, 162, 148, 154, 203, 53, 24,
       73, 139, 63, 161, 159, 12, 202, 110, 159, 237, 131, 235, 149, 62,
       71, 202, 209, 31, 82, 219, 127, 147, 77, 175, 134, 254, 232, 188,
       186, 11, 249, 18, 192, 171, 23, 165, 57, 46, 223, 103, 27, 171,
       243, 205, 210, 30, 71, 202, 241, 219, 209, 89, 123, 178, 21, 46,
       2, 107, 120, 255, 62, 106, 214, 189, 80, 168, 206, 245, 169, 93,
       158, 135, 58, 166, 245, 245, 71, 193, 199, 182, 104, 85, 43, 124,
       137, 69, 243, 39, 249, 36, 236, 174, 243, 188, 175, 107, 142, 246,
       179, 98, 24, 243, 233, 89, 59, 201, 230, 121, 26, 58, 252, 219,
       33, 205, 187, 213, 65, 192, 121, 86, 42, 102, 22, 252, 92, 251,
       248, 149, 7, 219, 199, 125, 183, 204, 236, 102, 74, 215, 115, 171,
       17, 182, 104, 246, 202, 110, 63, 31, 91, 148, 108, 221, 215, 244,
       65, 78, 172, 24, 2, 67, 104, 165, 4, 227, 3, 83, 67, 41, 81, 120,
       228, 108, 230, 76, 131, 17, 12, 241, 161, 225, 20, 49, 171, 96, 2,
       197, 104, 191, 255, 109, 141, 125, 152, 255, 155, 166, 16, 246,
       251, 93, 122, 193, 105, 123, 78, 194, 101, 250, 241, 207, 219,
       215, 40, 208, 113, 99, 170, 215, 142, 198, 188, 142, 34, 12, 239,
       180, 214, 210, 247, 99, 104, 179, 67, 127, 231, 125, 167, 236,
       197, 13, 172, 184, 98, 239, 149, 165, 252, 56, 77, 56, 241, 59,
       110, 21, 198, 98, 245, 116, 72, 238, 64, 114, 211, 40, 112, 216,
       252, 18, 104, 155, 187, 17, 45, 107, 173, 128, 64, 8, 2, 242, 186,
       26, 228, 3, 193, 151, 242, 110, 231, 55, 171, 222, 146, 13, 135,
       240, 228, 121, 223, 157, 184, 123, 152, 49, 206, 187, 214, 158,
       199, 167, 212, 189, 60, 8, 188, 190, 249, 169, 237, 52, 135, 191,
       31, 174, 16, 174, 187, 64, 90, 161, 115, 235, 16, 50, 105, 147,
       243, 235, 215, 86, 91, 194, 64, 135, 139, 73, 198, 217, 188, 108,
       169, 237, 55, 206, 83, 125, 220, 157, 163, 240, 98, 3, 136, 110,
       12, 195, 58, 230, 209, 228, 247, 119, 44, 158, 248, 193, 160, 233,
       112, 61, 101, 32, 79, 113, 16, 104, 168, 38, 8, 159, 19, 65, 50,
       132, 20, 68, 104, 65, 96, 177, 0, 199, 217, 96, 16, 64, 162, 66,
       163, 66, 223, 111, 135, 178, 2, 173, 55, 12, 196, 90, 231, 213,
       44, 144, 65, 38, 39, 63, 165, 240, 152, 69, 76, 228, 38, 254, 128,
       37, 162, 149, 121, 26, 237, 36, 154, 27, 255, 203, 234, 143, 12,
       156, 139, 238, 197, 54, 132, 33, 227, 223, 223, 74, 9, 74, 255,
       185, 84, 141, 251, 55, 15, 29, 108, 125, 78, 215, 230, 54, 2, 70,
       212, 101, 144, 250, 231, 67, 9, 177, 66, 108, 212, 12, 247, 77,
       183, 1, 168, 178, 237, 166, 4, 239, 243, 112, 57, 244, 161, 152,
       250, 137, 105, 81, 201, 18, 53, 165, 24, 22, 179, 72, 89, 145,
       222, 105, 16, 26, 67, 202, 49, 219, 129, 85, 127, 240, 73, 198,
       34, 189, 203, 67, 230, 166, 2, 71, 253, 21, 2, 243, 231, 67, 141,
       52, 64, 124, 204, 55, 230, 77, 191, 9, 170, 178, 239, 230, 132,
       45, 186, 240, 185, 26, 221, 66, 206, 18, 210, 46, 236, 53, 0, 222,
       162, 121, 246, 160, 228, 122, 255, 158, 226, 77, 155, 29, 255,
       186, 165, 174, 129, 63, 178, 168, 28, 249, 116, 123, 100, 64, 78,
       69, 51, 112, 162, 166, 24, 19, 19, 1, 123, 48, 244, 124, 42, 105,
       183, 176, 10, 243, 235, 97, 52, 98, 177, 198, 34, 248, 241, 248,
       120, 139, 69, 85, 206, 163, 61, 164, 41, 46, 159, 75, 27, 168,
       211, 237, 80, 74, 79, 210, 49, 243, 209, 84, 63, 115, 16, 166, 43,
       100, 32, 148, 145, 141, 47, 128, 74, 206, 179, 137, 24, 198, 224,
       73, 142, 201, 76, 106, 17, 26, 103, 219, 18, 141, 150, 25, 127,
       144, 107, 25, 2, 208, 203, 14, 173, 14, 10, 100, 109, 164, 16,
       226, 82, 99, 3, 0, 195, 104, 164, 106, 226, 124, 237, 65, 29, 180,
       163, 226, 81, 41, 40, 120, 8, 61, 205, 106, 222, 220, 211, 207,
       246, 213, 132, 252, 2, 115, 249, 181, 100, 88, 250, 23, 203, 232,
       171, 126, 191, 115, 239, 167, 8, 119, 251, 116, 168, 17, 143, 106,
       175, 54, 3, 239, 248, 68, 224, 218, 198, 113, 104, 187, 96, 126,
       236, 30, 239, 205, 184, 77, 189, 244, 44, 175, 128, 61, 186, 120,
