%YAML:1.0
---
descriptors: !!opencv-matrix
   rows: 273
   cols: 32
   dt: u
   data: [ 129, 142, 50, 219, 176, 183, 46, 247, 94, 75, 126, 84, 188,
       226, 182, 228, 247, 43, 14, 28, 247, 156, 35, 255, 46, 30, 54,
       194, 154, 200, 169, 237, 170, 88, 46, 158, 77, 84, 187, 104, 137,
       86, 85, 131, 168, 253, 55, 7, 204, 121, 179, 195, 228, 103, 250,
       241, 87, 121, 202, 171, 23, 63, 127, 254, 234, 209, 60, 234, 93,
       213, 223, 253, 205, 116, 180, 31, 72, 92, 62, 97, 220, 145, 211,
       97, 250, 47, 120, 255, 127, 89, 143, 127, 87, 30, 212, 254, 19,
       166, 226, 129, 86, 51, 233, 219, 110, 241, 26, 211, 25, 12, 222,
       40, 127, 139, 23, 157, 151, 176, 37, 194, 94, 12, 186, 196, 173,
       196, 123, 196, 206, 156, 180, 177, 175, 126, 176, 3, 187, 191, 22,
       51, 140, 62, 70, 207, 167, 119, 253, 17, 52, 93, 179, 192, 159,
       243, 95, 215, 130, 100, 141, 71, 18, 147, 123, 232, 202, 128, 61,
       113, 165, 76, 221, 247, 29, 143, 168, 96, 102, 185, 223, 160, 209,
       139, 38, 213, 240, 225, 170, 206, 61, 130, 165, 241, 75, 33, 228,
       197, 239, 220, 185, 87, 107, 117, 85, 155, 8, 28, 214, 46, 46, 7,
       119, 157, 212, 120, 183, 192, 95, 121, 218, 235, 71, 132, 215,
       254, 31, 17, 243, 251, 181, 246, 252, 221, 117, 67, 215, 22, 81,
       254, 58, 104, 249, 238, 59, 184, 189, 243, 57, 198, 219, 255, 222,
       68, 143, 221, 240, 80, 149, 50, 235, 225, 150, 35, 233, 87, 86,
       227, 194, 214, 17, 136, 120, 104, 123, 140, 19, 153, 187, 183, 21,
       194, 221, 142, 154, 68, 173, 136, 240, 176, 94, 133, 134, 165,
       149, 118, 56, 7, 63, 63, 75, 19, 140, 62, 110, 206, 225, 31, 187,
       145, 22, 216, 17, 192, 143, 247, 158, 71, 134, 68, 189, 70, 2,
       220, 58, 223, 22, 247, 178, 226, 30, 5, 94, 2, 244, 252, 33, 64,
       255, 59, 19, 1, 2, 184, 56, 255, 111, 39, 138, 67, 148, 11, 61,
       154, 170, 157, 118, 221, 75, 215, 184, 99, 157, 6, 244, 147, 40,
       126, 38, 213, 238, 177, 147, 160, 116, 143, 50, 223, 3, 123, 218,
       203, 19, 36, 45, 222, 41, 129, 81, 201, 244, 141, 189, 255, 79,
       121, 124, 86, 191, 25, 184, 164, 206, 10, 22, 28, 211, 56, 122,
       151, 108, 156, 52, 116, 94, 136, 209, 169, 129, 58, 151, 187, 100,
       172, 185, 23, 254, 91, 82, 116, 188, 146, 240, 105, 135, 59, 55,
       29, 179, 220, 2, 243, 196, 56, 122, 194, 152, 0, 129, 169, 159,
       222, 38, 187, 47, 241, 191, 224, 207, 94, 85, 167, 237, 204, 127,
       197, 239, 43, 151, 199, 230, 52, 46, 247, 166, 81, 170, 171, 95,
       31, 61, 223, 75, 149, 121, 235, 50, 166, 123, 63, 61, 77, 127,
       240, 253, 55, 136, 112, 86, 23, 61, 140, 147, 152, 105, 127, 228,
       188, 58, 192, 22, 130, 165, 121, 159, 51, 143, 229, 48, 86, 57,
       81, 32, 236, 214, 228, 125, 199, 195, 178, 54, 125, 181, 252, 209,
       213, 177, 138, 235, 233, 175, 128, 10, 164, 47, 241, 75, 94, 63,
       244, 102, 140, 191, 114, 173, 202, 94, 102, 188, 159, 165, 98,
       166, 117, 255, 67, 193, 141, 162, 238, 242, 253, 42, 138, 4, 33,
       33, 123, 87, 57, 172, 53, 140, 62, 140, 11, 194, 243, 138, 141,
       211, 108, 83, 203, 141, 103, 249, 133, 157, 73, 255, 8, 136, 103,
       223, 28, 201, 126, 153, 92, 86, 157, 183, 215, 149, 70, 191, 231,
       63, 31, 218, 19, 236, 62, 108, 66, 239, 223, 63, 209, 126, 219,
       25, 227, 249, 182, 223, 195, 132, 122, 181, 91, 166, 60, 254, 155,
       255, 247, 186, 74, 159, 218, 85, 179, 108, 252, 63, 173, 255, 123,
       147, 183, 182, 231, 26, 223, 15, 82, 203, 171, 213, 109, 63, 215,
       49, 211, 107, 238, 52, 194, 201, 117, 68, 105, 219, 198, 113, 161,
       176, 96, 94, 164, 31, 141, 201, 187, 37, 157, 240, 174, 162, 144,
       61, 138, 240, 121, 134, 40, 130, 155, 85, 161, 178, 66, 28, 130,
       80, 147, 164, 136, 33, 204, 200, 40, 130, 23, 38, 188, 0, 234, 4,
       22, 154, 11, 156, 77, 57, 142, 125, 95, 97, 102, 236, 18, 78, 248,
       65, 232, 191, 238, 83, 104, 223, 182, 92, 196, 52, 238, 205, 50,
       237, 168, 62, 201, 229, 188, 111, 251, 88, 21, 175, 85, 41, 202,
       205, 125, 215, 239, 221, 67, 188, 26, 146, 125, 61, 33, 201, 66,
       91, 47, 249, 39, 120, 182, 119, 93, 132, 127, 223, 93, 210, 246,
       137, 42, 77, 177, 36, 168, 233, 23, 60, 49, 82, 246, 181, 3, 144,
       201, 38, 44, 110, 157, 163, 220, 197, 193, 132, 225, 250, 192, 44,
       136, 113, 168, 45, 241, 113, 65, 116, 223, 227, 248, 107, 105,
       121, 104, 19, 16, 220, 180, 62, 140, 22, 120, 131, 178, 237, 223,
       46, 28, 33, 100, 111, 139, 82, 181, 138, 249, 58, 223, 77, 213,
       189, 252, 143, 86, 68, 3, 172, 223, 46, 67, 204, 89, 147, 195, 70,
       126, 242, 241, 71, 209, 222, 43, 18, 28, 181, 250, 27, 29, 39,
       254, 29, 182, 111, 114, 181, 192, 206, 6, 120, 255, 51, 224, 236,
       235, 59, 206, 237, 139, 50, 255, 243, 239, 142, 8, 59, 127, 112,
       122, 130, 0, 130, 145, 5, 162, 40, 66, 62, 51, 82, 18, 140, 2, 96,
       200, 233, 9, 51, 145, 6, 220, 81, 210, 13, 22, 154, 71, 148, 8,
       57, 134, 155, 211, 106, 217, 245, 151, 245, 119, 87, 77, 215, 54,
       8, 24, 182, 100, 255, 137, 150, 29, 255, 188, 37, 215, 126, 95,
       190, 198, 95, 140, 248, 253, 144, 223, 126, 249, 62, 195, 157,
       119, 140, 20, 182, 163, 183, 31, 50, 1, 174, 51, 95, 225, 96, 169,
       33, 61, 225, 195, 106, 145, 85, 8, 165, 203, 87, 114, 172, 13,
       136, 22, 141, 154, 130, 246, 132, 141, 129, 236, 215, 10, 213,
       197, 249, 245, 140, 67, 247, 16, 202, 95, 207, 253, 140, 116, 30,
       84, 87, 239, 172, 166, 168, 1, 31, 172, 2, 254, 136, 173, 195,
       108, 211, 66, 221, 197, 125, 247, 204, 67, 239, 32, 248, 39, 239,
       189, 132, 115, 22, 88, 191, 95, 230, 94, 255, 51, 222, 232, 89,
       202, 253, 238, 104, 120, 191, 173, 255, 231, 214, 231, 253, 227,
       108, 238, 50, 63, 207, 159, 95, 127, 250, 149, 161, 65, 45, 235,
       77, 165, 201, 89, 207, 80, 237, 4, 178, 217, 112, 96, 200, 40, 58,
       92, 11, 38, 123, 149, 197, 152, 147, 56, 88, 10, 112, 250, 149,
       111, 30, 39, 16, 206, 239, 240, 228, 224, 251, 64, 211, 72, 19,
       99, 124, 245, 76, 235, 237, 177, 77, 12, 224, 161, 39, 16, 105,
       179, 106, 0, 65, 142, 95, 69, 54, 170, 97, 55, 120, 15, 122, 116,
       247, 35, 128, 80, 34, 38, 108, 44, 176, 156, 165, 79, 228, 174,
       114, 192, 172, 128, 67, 9, 100, 170, 200, 165, 116, 15, 82, 176,
       49, 132, 230, 77, 231, 99, 11, 80, 212, 204, 205, 100, 204, 178,
       193, 12, 198, 247, 33, 17, 72, 160, 90, 0, 42, 173, 184, 159, 221,
       197, 183, 235, 30, 23, 220, 11, 172, 253, 50, 64, 201, 91, 147, 1,
       82, 42, 90, 255, 119, 23, 154, 59, 81, 76, 53, 202, 3, 219, 10,
       189, 55, 146, 186, 230, 62, 65, 82, 231, 172, 138, 51, 192, 230,
       107, 147, 213, 199, 152, 22, 255, 36, 55, 154, 131, 28, 21, 57,
       223, 163, 137, 99, 75, 149, 215, 166, 97, 76, 64, 117, 66, 224,
       88, 183, 165, 88, 42, 18, 111, 215, 184, 124, 253, 38, 24, 130,
       66, 93, 15, 121, 204, 26, 151, 123, 236, 242, 82, 189, 113, 169,
       72, 191, 242, 92, 191, 168, 112, 126, 147, 159, 160, 217, 139, 36,
       199, 242, 229, 170, 207, 55, 2, 165, 243, 6, 132, 128, 155, 85,
       247, 186, 72, 31, 13, 89, 19, 204, 218, 46, 204, 209, 25, 147,
       177, 54, 148, 89, 215, 13, 22, 155, 71, 146, 15, 61, 134, 14, 232,
       144, 155, 213, 81, 186, 202, 31, 151, 73, 3, 204, 238, 106, 204,
       251, 91, 147, 211, 22, 114, 90, 240, 15, 22, 159, 111, 150, 127,
       189, 214, 30, 83, 166, 234, 171, 114, 126, 220, 173, 31, 223, 161,
       205, 231, 43, 207, 118, 215, 175, 242, 24, 193, 42, 224, 211, 243,
       254, 135, 162, 247, 173, 83, 2, 238, 163, 159, 71, 224, 190, 198,
       30, 79, 89, 163, 172, 238, 62, 192, 255, 107, 147, 135, 70, 146,
       14, 243, 36, 54, 158, 171, 21, 95, 181, 218, 7, 197, 113, 75, 242,
       27, 111, 189, 63, 1, 111, 192, 221, 119, 156, 244, 55, 159, 22,
       252, 147, 144, 125, 247, 47, 172, 134, 196, 183, 147, 195, 176,
