%YAML:1.0
---
descriptors: !!opencv-matrix
   rows: 463
   cols: 32
   dt: u
   data: [ 2, 28, 18, 218, 207, 233, 180, 207, 159, 19, 136, 10, 172,
       250, 101, 205, 163, 59, 234, 1, 50, 99, 26, 251, 183, 22, 95, 59,
       144, 89, 165, 14, 18, 91, 226, 158, 83, 240, 58, 194, 175, 68,
       202, 135, 40, 174, 55, 208, 238, 251, 187, 199, 134, 155, 54, 237,
       51, 116, 138, 139, 55, 183, 37, 254, 82, 241, 247, 204, 75, 192,
       147, 104, 175, 132, 193, 162, 12, 214, 32, 112, 118, 185, 223,
       227, 64, 11, 170, 217, 177, 160, 138, 191, 21, 38, 39, 186, 8, 39,
       106, 189, 204, 237, 253, 119, 124, 230, 252, 3, 185, 173, 119, 43,
       107, 171, 95, 161, 228, 251, 65, 205, 127, 79, 246, 1, 103, 248,
       253, 202, 117, 46, 140, 37, 120, 47, 82, 122, 114, 234, 140, 9,
       86, 113, 67, 18, 153, 236, 124, 102, 44, 211, 217, 46, 250, 135,
       101, 53, 160, 235, 90, 130, 70, 137, 182, 186, 189, 150, 222, 237,
       191, 17, 224, 1, 206, 250, 44, 255, 200, 107, 223, 81, 94, 203,
       26, 228, 185, 246, 222, 95, 144, 22, 171, 14, 62, 1, 146, 217,
       205, 209, 180, 67, 13, 22, 208, 11, 140, 222, 109, 206, 233, 187,
       147, 17, 92, 50, 210, 192, 151, 80, 202, 107, 22, 12, 188, 134,
       167, 85, 110, 211, 228, 87, 188, 229, 92, 254, 85, 55, 232, 124,
       191, 33, 207, 43, 23, 231, 228, 114, 124, 252, 103, 25, 239, 163,
       85, 124, 221, 223, 161, 216, 24, 171, 116, 135, 179, 196, 94, 97,
       97, 23, 156, 156, 38, 0, 222, 25, 2, 85, 167, 188, 88, 247, 109,
       157, 10, 102, 93, 9, 17, 210, 234, 180, 145, 184, 219, 228, 144,
       207, 155, 87, 160, 57, 140, 247, 76, 223, 207, 219, 251, 144, 119,
       79, 218, 211, 153, 208, 223, 127, 154, 68, 167, 223, 53, 12, 206,
       103, 21, 47, 99, 18, 63, 224, 127, 13, 211, 19, 3, 24, 121, 236,
       110, 94, 8, 240, 89, 104, 198, 189, 35, 0, 233, 107, 74, 130, 142,
       72, 39, 187, 172, 98, 189, 244, 156, 90, 82, 243, 221, 79, 57, 75,
       238, 19, 63, 239, 224, 133, 35, 233, 197, 50, 250, 128, 20, 117,
       53, 243, 119, 93, 101, 143, 223, 86, 198, 248, 85, 192, 221, 70,
       83, 124, 189, 229, 92, 212, 62, 239, 237, 178, 125, 190, 51, 47,
       207, 150, 63, 191, 116, 117, 88, 60, 22, 186, 139, 229, 16, 66,
       191, 19, 161, 25, 46, 255, 33, 89, 231, 187, 221, 144, 42, 79,
       154, 241, 147, 243, 94, 59, 186, 65, 39, 27, 132, 61, 147, 219,
       228, 169, 167, 211, 44, 10, 250, 114, 180, 209, 193, 166, 107,
       250, 66, 155, 115, 178, 203, 106, 60, 160, 46, 0, 77, 120, 227,
       161, 28, 93, 111, 249, 142, 255, 255, 242, 134, 46, 222, 102, 209,
       255, 177, 104, 109, 222, 63, 202, 155, 177, 115, 177, 119, 239,
       175, 128, 183, 249, 244, 243, 38, 157, 94, 200, 253, 247, 82, 195,
       143, 140, 184, 43, 106, 249, 39, 208, 217, 243, 207, 48, 30, 43,
       74, 254, 59, 93, 5, 123, 209, 235, 108, 7, 153, 213, 87, 248, 54,
       129, 40, 112, 132, 16, 210, 114, 189, 211, 184, 225, 106, 185, 31,
       235, 107, 135, 3, 253, 176, 233, 170, 136, 60, 137, 176, 161, 27,
       147, 102, 133, 114, 18, 185, 113, 49, 100, 94, 231, 73, 14, 190,
       84, 126, 143, 183, 165, 196, 144, 37, 207, 86, 110, 235, 199, 47,
       134, 63, 221, 246, 24, 149, 180, 139, 103, 30, 138, 155, 251, 144,
       191, 206, 62, 71, 155, 205, 215, 253, 145, 61, 71, 219, 178, 155,
       211, 221, 191, 184, 125, 12, 83, 81, 189, 157, 190, 137, 237, 84,
       239, 251, 119, 168, 29, 190, 250, 74, 154, 163, 195, 108, 5, 31,
       107, 186, 113, 153, 247, 87, 126, 216, 64, 139, 94, 252, 241, 152,
       122, 201, 253, 86, 220, 163, 19, 164, 24, 63, 219, 74, 155, 131,
       211, 236, 82, 78, 103, 218, 51, 219, 209, 21, 127, 250, 81, 171,
       3, 177, 12, 239, 223, 28, 87, 206, 104, 86, 226, 215, 11, 115,
       104, 55, 33, 121, 236, 51, 239, 237, 247, 125, 191, 59, 111, 221,
       21, 109, 187, 120, 244, 51, 83, 107, 204, 54, 86, 203, 124, 109,
       64, 254, 74, 91, 156, 182, 118, 126, 213, 127, 239, 201, 179, 53,
       232, 241, 189, 138, 132, 101, 171, 119, 117, 43, 249, 115, 88,
       221, 213, 255, 247, 219, 77, 124, 12, 56, 223, 118, 180, 221, 186,
       146, 88, 211, 58, 242, 245, 63, 93, 20, 106, 91, 220, 198, 255,
       243, 223, 108, 188, 206, 33, 207, 191, 132, 134, 156, 231, 97,
       233, 179, 66, 111, 226, 63, 239, 236, 11, 14, 191, 248, 79, 239,
       184, 61, 252, 248, 89, 214, 17, 26, 172, 43, 192, 28, 65, 169,
       128, 229, 173, 254, 215, 33, 212, 246, 177, 253, 224, 9, 3, 146,
       217, 211, 240, 10, 27, 56, 34, 43, 19, 173, 197, 119, 69, 244, 91,
       231, 249, 125, 230, 114, 216, 211, 40, 156, 181, 123, 204, 102,
       106, 241, 252, 109, 94, 60, 254, 103, 68, 71, 184, 198, 180, 79,
       190, 156, 183, 160, 190, 62, 190, 186, 223, 19, 117, 236, 234,
       219, 75, 183, 103, 253, 87, 246, 69, 138, 227, 232, 119, 127, 246,
       136, 117, 153, 87, 151, 177, 254, 81, 213, 143, 185, 203, 254, 57,
       254, 22, 92, 223, 124, 32, 255, 191, 115, 152, 147, 251, 176, 215,
       127, 185, 7, 100, 201, 0, 227, 178, 78, 182, 150, 159, 185, 167,
       138, 152, 190, 185, 159, 101, 204, 227, 236, 206, 213, 124, 237,
       186, 146, 193, 139, 221, 40, 54, 239, 246, 154, 103, 169, 7, 144,
       19, 94, 221, 48, 218, 121, 16, 236, 93, 247, 180, 211, 199, 175,
       79, 98, 44, 206, 120, 49, 197, 52, 124, 194, 249, 98, 129, 24,
       137, 109, 85, 173, 94, 229, 119, 164, 107, 237, 191, 84, 250, 50,
       252, 211, 37, 145, 59, 95, 118, 54, 62, 233, 244, 109, 42, 236,
       202, 245, 148, 204, 249, 84, 177, 42, 239, 30, 182, 237, 135, 190,
       103, 137, 182, 220, 11, 236, 170, 50, 3, 238, 107, 211, 231, 116,
       75, 26, 236, 127, 19, 207, 171, 21, 126, 171, 138, 184, 100, 210,
       108, 71, 2, 230, 105, 49, 2, 251, 24, 75, 249, 60, 80, 120, 140,
       70, 162, 104, 183, 144, 75, 55, 237, 0, 7, 99, 246, 226, 130, 186,
       214, 108, 235, 135, 243, 215, 255, 85, 70, 255, 182, 75, 93, 190,
       69, 127, 146, 151, 163, 239, 165, 109, 191, 99, 255, 146, 87, 127,
       222, 252, 223, 15, 128, 36, 187, 45, 225, 187, 200, 206, 87, 81,
       147, 204, 220, 58, 9, 221, 9, 155, 231, 150, 33, 126, 245, 77, 18,
       203, 207, 149, 47, 53, 210, 28, 244, 50, 178, 91, 221, 86, 236,
       183, 86, 169, 9, 111, 223, 107, 144, 183, 219, 193, 99, 78, 7, 26,
       183, 243, 213, 5, 47, 50, 23, 47, 218, 58, 193, 126, 233, 93, 219,
       250, 196, 189, 37, 246, 3, 74, 157, 38, 192, 254, 189, 183, 241,
       12, 187, 33, 212, 183, 255, 146, 199, 119, 31, 252, 198, 15, 143,
       214, 159, 242, 186, 110, 185, 191, 159, 95, 245, 236, 98, 187,
       215, 87, 103, 166, 47, 183, 208, 44, 255, 46, 63, 117, 196, 190,
       247, 136, 149, 116, 253, 248, 234, 222, 102, 95, 216, 19, 246,
       173, 15, 87, 255, 75, 27, 117, 223, 81, 242, 58, 99, 154, 54, 251,
       143, 5, 124, 249, 243, 174, 242, 159, 109, 181, 180, 173, 82, 94,
       236, 155, 242, 144, 18, 158, 254, 113, 235, 231, 93, 221, 243,
       109, 69, 186, 202, 185, 208, 207, 63, 4, 117, 37, 119, 79, 219,
       215, 158, 202, 36, 63, 153, 130, 213, 131, 231, 253, 231, 106,
       207, 102, 207, 191, 215, 151, 67, 158, 241, 220, 33, 239, 200,
       172, 151, 161, 81, 54, 110, 234, 188, 84, 147, 207, 72, 86, 134,
       216, 143, 97, 232, 55, 0, 89, 104, 131, 71, 206, 166, 78, 187,
       116, 15, 143, 41, 117, 63, 126, 198, 13, 82, 202, 187, 114, 240,
       115, 88, 180, 77, 93, 167, 253, 199, 171, 224, 118, 40, 134, 206,
       135, 144, 62, 249, 230, 197, 162, 137, 62, 135, 45, 209, 108, 8,
       154, 254, 251, 240, 54, 226, 191, 131, 78, 58, 110, 243, 33, 248,
       243, 255, 179, 16, 20, 203, 170, 239, 159, 247, 95, 75, 146, 121,
       173, 162, 27, 150, 122, 73, 51, 182, 123, 122, 127, 69, 222, 167,
       105, 207, 190, 228, 119, 137, 158, 188, 166, 129, 61, 223, 210,
       127, 3, 199, 55, 135, 45, 85, 106, 132, 182, 252, 77, 109, 240,
       99, 169, 62, 188, 9, 142, 188, 38, 30, 201, 145, 195, 161, 14, 35,
