%YAML:1.0
---
descriptors: !!opencv-matrix
   rows: 184
   cols: 32
   dt: u
   data: [ 245, 77, 79, 252, 44, 142, 79, 244, 212, 130, 194, 66, 115,
       241, 177, 99, 80, 228, 58, 110, 233, 165, 52, 47, 240, 170, 231,
       16, 60, 185, 240, 32, 17, 3, 110, 41, 36, 26, 110, 16, 108, 196,
       254, 229, 211, 8, 151, 224, 118, 44, 124, 110, 204, 176, 101, 28,
       166, 235, 162, 144, 108, 251, 89, 85, 202, 209, 37, 248, 77, 229,
       89, 159, 143, 93, 205, 19, 188, 223, 122, 102, 197, 27, 187, 209,
       26, 79, 251, 241, 215, 113, 154, 255, 18, 13, 180, 122, 60, 25,
       90, 238, 243, 83, 126, 113, 37, 76, 255, 163, 123, 223, 35, 208,
       126, 185, 151, 226, 92, 179, 8, 143, 243, 237, 162, 129, 115, 190,
       238, 211, 208, 199, 206, 188, 50, 2, 31, 191, 54, 134, 158, 167,
       101, 103, 162, 81, 119, 245, 173, 225, 104, 201, 13, 15, 248, 231,
       255, 149, 36, 176, 165, 91, 253, 53, 253, 101, 180, 110, 111, 57,
       113, 162, 127, 80, 211, 55, 152, 115, 121, 212, 108, 42, 249, 244,
       245, 14, 239, 239, 101, 68, 225, 242, 198, 48, 1, 150, 58, 127,
       52, 172, 233, 51, 237, 73, 127, 84, 183, 173, 188, 100, 134, 42,
       23, 12, 179, 184, 48, 143, 78, 255, 50, 64, 206, 136, 209, 185,
       49, 111, 80, 69, 84, 27, 238, 232, 101, 160, 234, 200, 67, 32,
       151, 180, 58, 236, 66, 110, 204, 186, 69, 14, 54, 136, 5, 4, 103,
       186, 74, 140, 200, 155, 147, 246, 177, 204, 48, 23, 169, 73, 106,
       116, 188, 183, 40, 208, 166, 59, 61, 16, 19, 152, 144, 227, 175,
       252, 58, 194, 136, 0, 161, 11, 66, 248, 185, 250, 105, 205, 49,
       204, 175, 29, 164, 25, 188, 151, 104, 90, 193, 17, 251, 16, 18,
       79, 250, 241, 217, 149, 26, 123, 144, 1, 39, 106, 140, 99, 17,
       234, 235, 249, 177, 220, 142, 60, 61, 168, 156, 151, 233, 175, 42,
       25, 202, 90, 82, 7, 42, 241, 85, 129, 43, 125, 82, 27, 133, 225,
       242, 191, 250, 86, 158, 122, 215, 175, 217, 167, 188, 187, 99, 45,
       22, 48, 191, 247, 69, 33, 188, 107, 164, 239, 251, 222, 85, 51,
       101, 248, 214, 79, 44, 12, 252, 117, 237, 127, 117, 154, 87, 183,
       60, 24, 83, 57, 83, 59, 137, 198, 115, 58, 40, 240, 123, 136, 79,
       203, 117, 53, 243, 249, 94, 226, 77, 157, 187, 76, 234, 102, 31,
       251, 102, 200, 204, 8, 222, 247, 35, 112, 87, 255, 117, 168, 217,
       3, 242, 124, 251, 61, 47, 188, 26, 242, 167, 115, 218, 113, 118,
       237, 43, 127, 92, 92, 61, 236, 222, 161, 79, 31, 23, 252, 246,
       157, 255, 229, 204, 215, 241, 200, 151, 251, 195, 151, 38, 182,
       44, 87, 7, 222, 53, 15, 46, 23, 142, 184, 93, 106, 209, 236, 220,
       108, 188, 165, 158, 85, 126, 111, 229, 166, 125, 190, 164, 58,
       109, 150, 92, 255, 17, 245, 104, 40, 124, 85, 13, 248, 64, 6, 97,
       49, 230, 24, 162, 17, 4, 190, 200, 134, 104, 24, 8, 186, 241, 5,
       71, 251, 80, 83, 227, 136, 90, 46, 166, 243, 195, 138, 254, 161,
       187, 216, 159, 93, 85, 255, 76, 205, 255, 12, 127, 73, 135, 119,
       2, 35, 46, 247, 60, 20, 143, 238, 215, 191, 53, 245, 70, 49, 157,
       242, 169, 237, 17, 11, 174, 121, 129, 9, 158, 151, 105, 123, 129,
       23, 251, 16, 19, 75, 250, 208, 217, 209, 91, 127, 144, 65, 133,
       114, 64, 61, 27, 252, 57, 205, 85, 119, 175, 12, 168, 8, 182, 179,
       33, 16, 128, 58, 77, 0, 74, 139, 146, 61, 241, 209, 48, 59, 64, 0,
       7, 43, 189, 241, 181, 83, 133, 127, 247, 184, 239, 250, 171, 80,
       222, 117, 76, 175, 133, 86, 88, 106, 241, 225, 121, 176, 139, 218,
       69, 118, 74, 123, 195, 183, 125, 76, 226, 229, 197, 126, 102, 243,
       101, 226, 191, 2, 91, 57, 245, 246, 123, 228, 206, 170, 248, 177,
       61, 202, 255, 207, 133, 5, 231, 254, 252, 34, 215, 221, 67, 186,
       210, 130, 174, 247, 188, 64, 210, 227, 125, 223, 177, 97, 118,
       191, 31, 215, 225, 155, 16, 252, 48, 34, 175, 128, 45, 144, 161,
       145, 3, 255, 35, 91, 245, 149, 175, 247, 95, 105, 88, 86, 184,
       236, 244, 164, 157, 42, 18, 141, 227, 184, 62, 247, 44, 30, 159,
       234, 95, 92, 147, 253, 42, 203, 10, 186, 95, 129, 50, 229, 135, 5,
       76, 3, 36, 194, 34, 192, 232, 43, 131, 193, 70, 26, 10, 253, 118,
       5, 154, 107, 16, 14, 188, 202, 241, 56, 245, 85, 52, 79, 192, 63,
       115, 233, 50, 120, 115, 120, 132, 187, 17, 246, 100, 40, 185, 252,
       189, 13, 9, 170, 117, 84, 97, 168, 198, 44, 161, 180, 57, 113, 52,
       207, 225, 115, 116, 104, 242, 16, 179, 25, 16, 97, 248, 46, 110,
       24, 59, 184, 113, 31, 205, 239, 50, 64, 105, 8, 80, 170, 118, 32,
       154, 128, 244, 62, 250, 65, 169, 141, 191, 11, 14, 202, 79, 94,
       254, 173, 78, 51, 28, 227, 128, 192, 159, 252, 3, 83, 129, 107,
       107, 135, 175, 221, 239, 214, 246, 244, 255, 247, 185, 87, 127,
       183, 120, 255, 190, 160, 255, 251, 179, 195, 243, 187, 58, 231,
       127, 41, 206, 194, 207, 247, 236, 251, 112, 149, 25, 233, 184,
       143, 71, 189, 6, 57, 169, 88, 215, 83, 8, 80, 209, 146, 77, 42,
       123, 10, 89, 23, 237, 213, 165, 124, 16, 10, 198, 34, 115, 133,
       71, 12, 217, 182, 88, 39, 169, 73, 170, 205, 106, 46, 22, 214,
       164, 167, 253, 164, 61, 11, 145, 207, 63, 126, 16, 219, 75, 6,
       234, 94, 140, 111, 58, 192, 203, 249, 183, 215, 132, 54, 44, 184,
       141, 183, 227, 166, 47, 58, 202, 90, 114, 3, 42, 242, 119, 193,
       47, 45, 146, 254, 141, 225, 91, 95, 140, 165, 26, 22, 78, 182,
       160, 226, 138, 199, 231, 42, 19, 211, 228, 229, 253, 237, 236, 11,
       213, 14, 242, 231, 239, 144, 44, 246, 57, 24, 95, 117, 34, 156,
       173, 157, 150, 232, 223, 198, 156, 15, 238, 248, 63, 132, 248,
       233, 250, 103, 228, 99, 158, 254, 176, 81, 79, 59, 94, 127, 25, 6,
       64, 249, 25, 250, 105, 205, 17, 200, 171, 81, 165, 8, 190, 215,
       104, 120, 192, 153, 95, 80, 75, 11, 250, 113, 221, 144, 26, 127,
       16, 3, 39, 186, 7, 216, 39, 77, 40, 31, 142, 248, 76, 224, 82, 76,
       212, 124, 189, 165, 158, 69, 122, 111, 197, 177, 61, 188, 49, 58,
       73, 148, 92, 187, 17, 180, 106, 191, 126, 228, 222, 10, 151, 103,
       136, 166, 184, 143, 124, 45, 22, 2, 175, 247, 195, 33, 240, 107,
       144, 79, 125, 7, 109, 57, 69, 104, 87, 234, 240, 4, 189, 254, 141,
       108, 69, 6, 240, 159, 167, 24, 211, 113, 9, 123, 201, 214, 104, 8,
       40, 101, 251, 2, 209, 171, 80, 17, 192, 121, 212, 98, 220, 143,
       133, 255, 152, 198, 79, 184, 183, 159, 129, 145, 247, 103, 9, 91,
       85, 247, 109, 240, 42, 64, 235, 61, 233, 178, 239, 93, 176, 225,
       36, 98, 32, 163, 232, 1, 244, 171, 225, 143, 126, 117, 58, 185,
       131, 40, 222, 16, 27, 14, 70, 28, 150, 184, 109, 23, 78, 30, 53,
       229, 196, 200, 214, 204, 209, 92, 95, 236, 6, 66, 71, 246, 116,
       130, 242, 98, 115, 51, 161, 99, 106, 244, 60, 234, 105, 183, 37,
       10, 241, 171, 103, 0, 37, 249, 96, 41, 92, 104, 154, 50, 137, 172,
       86, 143, 162, 7, 170, 9, 255, 199, 73, 88, 149, 247, 237, 18, 26,
       3, 154, 50, 217, 231, 53, 121, 160, 83, 134, 18, 160, 149, 49,
       184, 245, 205, 176, 103, 94, 73, 120, 125, 182, 152, 36, 64, 204,
       59, 150, 1, 246, 42, 82, 215, 237, 85, 50, 106, 88, 8, 179, 155,
       144, 6, 78, 165, 34, 142, 89, 51, 52, 12, 206, 229, 183, 39, 131,
       80, 118, 173, 45, 141, 200, 152, 65, 13, 192, 227, 248, 129, 36,
       128, 28, 91, 138, 176, 150, 155, 105, 237, 176, 66, 143, 31, 81,
       17, 172, 158, 98, 143, 132, 59, 179, 17, 18, 124, 146, 209, 133,
       16, 90, 235, 146, 12, 39, 211, 138, 144, 22, 153, 203, 229, 48, 7,
       191, 23, 66, 17, 172, 150, 32, 77, 225, 51, 187, 16, 50, 221, 19,
       213, 13, 50, 90, 67, 146, 4, 165, 222, 188, 120, 248, 97, 44, 79,
       87, 216, 86, 174, 180, 10, 83, 29, 211, 42, 89, 220, 92, 122, 200,
       118, 249, 10, 211, 201, 37, 52, 243, 251, 70, 99, 46, 169, 176,
       26, 217, 217, 150, 175, 139, 21, 12, 9, 236, 236, 78, 134, 147,
       91, 193, 81, 22, 106, 202, 177, 47, 86, 29, 123, 210, 86, 143,
       206, 95, 115, 172, 165, 172, 58, 94, 56, 2, 254, 147, 173, 219,
