%YAML:1.0
---
descriptors: !!opencv-matrix
   rows: 259
   cols: 32
   dt: u
   data: [ 59, 69, 99, 204, 85, 210, 239, 113, 85, 128, 255, 2, 115, 201,
       52, 100, 120, 172, 19, 234, 201, 179, 52, 205, 115, 236, 130, 0,
       119, 170, 242, 160, 2, 157, 35, 216, 213, 229, 185, 71, 30, 77,
       72, 19, 44, 191, 36, 196, 205, 59, 147, 145, 51, 155, 50, 247, 41,
       22, 158, 203, 144, 76, 181, 254, 131, 223, 3, 152, 214, 131, 174,
       255, 30, 192, 90, 231, 228, 194, 160, 196, 126, 233, 2, 253, 227,
       158, 30, 255, 188, 38, 175, 200, 28, 26, 177, 157, 23, 141, 187,
       183, 180, 134, 174, 183, 62, 163, 74, 67, 245, 250, 48, 96, 183,
       127, 59, 151, 241, 217, 153, 110, 253, 166, 255, 192, 140, 114,
       161, 57, 45, 117, 17, 71, 52, 31, 102, 188, 125, 234, 126, 76,
       242, 80, 29, 180, 152, 76, 84, 110, 237, 176, 121, 46, 103, 255,
       37, 48, 74, 187, 90, 141, 88, 231, 42, 231, 45, 95, 239, 105, 44,
       140, 255, 8, 235, 74, 158, 193, 248, 141, 238, 238, 72, 179, 233,
       205, 183, 249, 167, 145, 66, 62, 111, 237, 38, 57, 227, 197, 242,
       194, 107, 81, 33, 192, 124, 230, 57, 87, 149, 116, 118, 254, 23,
       252, 147, 154, 180, 236, 108, 44, 174, 128, 175, 163, 98, 249,
       101, 96, 253, 169, 52, 74, 123, 152, 60, 103, 118, 177, 215, 31,
       155, 88, 251, 141, 127, 190, 60, 150, 97, 14, 198, 255, 163, 197,
       164, 145, 70, 211, 171, 85, 119, 223, 124, 118, 239, 61, 221, 79,
       223, 86, 249, 246, 188, 229, 126, 234, 63, 175, 225, 167, 119,
       239, 167, 254, 234, 128, 63, 250, 241, 245, 200, 84, 53, 181, 40,
       79, 125, 55, 172, 238, 178, 89, 255, 119, 1, 91, 134, 119, 125,
       46, 96, 236, 99, 14, 229, 186, 116, 144, 64, 248, 199, 123, 124,
       109, 252, 100, 207, 91, 214, 237, 67, 164, 188, 11, 67, 41, 87,
       19, 216, 196, 231, 98, 76, 99, 203, 136, 115, 201, 229, 61, 103,
       250, 222, 138, 163, 252, 236, 31, 93, 159, 228, 232, 95, 250, 240,
       78, 242, 120, 151, 161, 217, 234, 246, 87, 239, 254, 95, 255, 46,
       26, 199, 50, 93, 62, 91, 157, 208, 134, 91, 190, 86, 128, 237,
       109, 60, 7, 75, 19, 109, 227, 42, 81, 115, 163, 35, 133, 96, 157,
       11, 207, 180, 166, 222, 9, 52, 74, 165, 74, 86, 39, 235, 232, 186,
       34, 187, 218, 61, 165, 222, 227, 77, 175, 58, 80, 126, 221, 239,
       225, 152, 147, 165, 204, 251, 164, 171, 197, 165, 227, 39, 99, 0,
       133, 188, 247, 146, 162, 53, 167, 222, 51, 79, 16, 245, 115, 40,
       99, 163, 87, 50, 16, 114, 216, 27, 101, 109, 171, 86, 65, 148, 66,
       165, 42, 84, 205, 190, 191, 174, 64, 63, 173, 174, 151, 139, 35,
       253, 255, 41, 107, 243, 87, 253, 211, 114, 65, 139, 224, 249, 231,
       239, 71, 164, 115, 165, 35, 166, 134, 228, 95, 205, 55, 255, 239,
       27, 183, 125, 155, 72, 109, 95, 15, 217, 78, 243, 30, 180, 246,
       251, 242, 47, 123, 213, 127, 215, 255, 214, 230, 87, 255, 232,
       174, 158, 217, 30, 237, 142, 229, 157, 171, 237, 236, 95, 96, 182,
       255, 253, 247, 222, 67, 239, 189, 251, 101, 175, 251, 180, 63,
       157, 87, 53, 93, 115, 206, 124, 70, 199, 248, 69, 200, 250, 102,
       115, 213, 189, 228, 88, 252, 22, 106, 201, 163, 57, 175, 51, 172,
       37, 152, 127, 187, 112, 185, 219, 179, 231, 149, 114, 178, 185,
       94, 191, 212, 94, 231, 109, 238, 243, 198, 55, 253, 191, 245, 135,
       209, 175, 221, 30, 99, 239, 131, 47, 165, 61, 85, 27, 13, 246,
       188, 195, 182, 188, 103, 189, 198, 94, 151, 44, 190, 55, 255, 231,
       239, 183, 133, 180, 216, 52, 238, 55, 111, 222, 131, 167, 244,
       173, 223, 249, 153, 63, 236, 173, 78, 69, 53, 229, 72, 166, 0,
       243, 23, 32, 115, 192, 180, 125, 104, 121, 139, 113, 141, 243,
       251, 224, 16, 50, 168, 212, 123, 56, 108, 112, 69, 87, 63, 71,
       118, 81, 166, 254, 26, 99, 41, 20, 52, 120, 238, 6, 44, 184, 190,
       117, 174, 127, 207, 133, 48, 103, 171, 214, 168, 198, 163, 156,
       189, 168, 96, 24, 11, 170, 53, 129, 185, 132, 230, 74, 90, 133,
       87, 233, 145, 30, 73, 203, 65, 203, 177, 95, 255, 144, 64, 141, 2,
       196, 60, 190, 240, 234, 238, 181, 83, 250, 242, 43, 63, 156, 191,
       65, 43, 167, 119, 251, 17, 180, 111, 154, 194, 223, 211, 95, 111,
       140, 113, 167, 211, 255, 121, 241, 246, 109, 29, 94, 248, 145,
       250, 181, 191, 251, 221, 223, 191, 158, 252, 255, 110, 237, 103,
       251, 162, 214, 219, 229, 186, 111, 189, 90, 245, 67, 242, 149,
       159, 46, 248, 176, 140, 94, 249, 19, 242, 228, 208, 204, 239, 199,
       31, 170, 17, 135, 92, 239, 241, 12, 50, 123, 230, 148, 9, 157, 13,
       51, 157, 65, 205, 188, 39, 78, 251, 85, 11, 88, 70, 48, 112, 188,
       229, 221, 202, 22, 45, 219, 154, 83, 191, 160, 238, 232, 252, 60,
       232, 240, 165, 84, 249, 159, 182, 186, 196, 95, 188, 170, 208,
       143, 9, 255, 247, 73, 18, 183, 85, 125, 242, 75, 65, 154, 109,
       249, 199, 111, 253, 32, 51, 39, 115, 199, 111, 200, 135, 250, 36,
       110, 190, 173, 234, 158, 199, 240, 227, 223, 83, 119, 199, 95,
       238, 229, 71, 204, 106, 62, 60, 175, 188, 173, 243, 186, 16, 32,
       157, 122, 82, 215, 189, 177, 119, 220, 5, 110, 6, 56, 249, 38, 33,
       187, 59, 2, 16, 50, 184, 48, 253, 127, 223, 20, 67, 209, 74, 197,
       170, 6, 130, 150, 156, 125, 146, 248, 104, 31, 145, 80, 195, 236,
       234, 108, 206, 219, 109, 162, 148, 6, 218, 10, 221, 14, 50, 223,
       79, 158, 44, 41, 134, 89, 248, 159, 188, 56, 204, 89, 52, 160, 89,
       2, 101, 191, 183, 128, 211, 166, 133, 125, 204, 11, 73, 147, 69,
       216, 227, 122, 200, 40, 0, 35, 123, 69, 97, 25, 103, 28, 31, 107,
       184, 102, 224, 239, 12, 211, 19, 24, 112, 80, 204, 122, 126, 201,
       144, 249, 28, 239, 233, 5, 84, 40, 162, 90, 48, 100, 41, 211, 78,
       84, 230, 99, 80, 193, 128, 109, 10, 48, 243, 165, 116, 88, 252, 2,
       250, 0, 146, 184, 232, 119, 172, 128, 40, 147, 251, 102, 162, 98,
       171, 224, 136, 250, 193, 191, 207, 139, 53, 148, 171, 140, 174,
       246, 86, 111, 155, 231, 149, 146, 11, 230, 211, 60, 20, 191, 255,
       149, 148, 167, 245, 176, 108, 183, 87, 195, 228, 101, 71, 123, 27,
       102, 16, 60, 183, 36, 125, 225, 62, 50, 24, 35, 254, 178, 227,
       127, 186, 86, 2, 195, 208, 230, 170, 237, 116, 181, 85, 173, 127,
       205, 59, 233, 242, 167, 24, 218, 125, 85, 191, 141, 196, 120, 46,
       233, 103, 243, 136, 199, 219, 85, 52, 66, 253, 82, 100, 41, 73,
       181, 205, 61, 223, 195, 186, 79, 96, 96, 2, 178, 29, 53, 228, 200,
       108, 50, 110, 139, 56, 113, 189, 135, 249, 0, 20, 90, 41, 80, 40,
       214, 7, 159, 181, 160, 46, 76, 7, 61, 187, 195, 89, 215, 34, 72,
       91, 231, 215, 125, 60, 57, 213, 193, 2, 140, 242, 126, 212, 128,
       96, 129, 8, 83, 83, 31, 175, 178, 138, 44, 61, 44, 72, 90, 229,
       245, 70, 137, 64, 118, 63, 109, 133, 199, 152, 5, 93, 164, 165,
       46, 128, 60, 210, 169, 25, 100, 176, 251, 112, 106, 205, 177, 88,
       234, 252, 112, 40, 149, 223, 76, 51, 190, 185, 83, 16, 3, 114,
       242, 81, 93, 137, 99, 108, 65, 34, 71, 243, 25, 55, 122, 165, 178,
       138, 63, 119, 36, 140, 94, 230, 127, 243, 162, 96, 54, 127, 4,
       226, 208, 152, 164, 46, 248, 229, 46, 128, 37, 226, 161, 233, 163,
       93, 2, 222, 213, 165, 174, 166, 221, 2, 201, 22, 168, 234, 52,
       197, 201, 123, 19, 131, 124, 174, 90, 255, 37, 62, 218, 10, 29,
       93, 248, 142, 56, 73, 239, 95, 213, 223, 229, 103, 83, 229, 254,
       26, 99, 41, 20, 172, 120, 254, 162, 136, 120, 250, 117, 191, 119,
       111, 212, 81, 103, 156, 254, 238, 242, 185, 227, 136, 219, 209,
       152, 205, 27, 97, 224, 170, 12, 158, 100, 180, 254, 153, 147, 209,
       87, 27, 164, 209, 189, 16, 143, 127, 55, 4, 167, 254, 1, 148, 51,
       202, 85, 173, 179, 127, 78, 69, 91, 66, 124, 252, 60, 96, 241, 27,
       19, 25, 146, 184, 51, 221, 125, 28, 154, 66, 209, 10, 245, 238,
       111, 160, 160, 80, 233, 125, 216, 138, 139, 249, 60, 25, 142, 252,
       95, 190, 139, 211, 253, 21, 22, 98, 250, 210, 15, 93, 29, 255,
