%YAML:1.0
---
descriptors: !!opencv-matrix
   rows: 282
   cols: 32
   dt: u
   data: [ 152, 93, 123, 238, 38, 98, 95, 53, 116, 66, 95, 34, 127, 119,
       161, 96, 118, 251, 21, 234, 105, 156, 32, 175, 227, 225, 162, 1,
       52, 243, 164, 59, 3, 130, 215, 148, 118, 130, 232, 120, 127, 209,
       82, 230, 108, 226, 252, 228, 119, 41, 50, 189, 131, 217, 14, 221,
       28, 30, 207, 196, 157, 160, 97, 172, 71, 54, 249, 241, 242, 38,
       57, 27, 58, 235, 91, 245, 220, 63, 201, 122, 183, 95, 61, 29, 179,
       208, 177, 194, 206, 63, 63, 196, 140, 224, 129, 113, 120, 185, 50,
       122, 149, 217, 65, 39, 115, 77, 111, 25, 34, 245, 14, 148, 152,
       170, 228, 8, 30, 186, 242, 37, 235, 245, 16, 91, 98, 14, 222, 70,
       126, 108, 96, 24, 75, 209, 154, 200, 139, 244, 172, 139, 40, 204,
       119, 146, 137, 241, 211, 211, 78, 103, 254, 253, 123, 81, 141, 59,
       119, 63, 62, 222, 128, 251, 88, 187, 122, 141, 187, 253, 30, 12,
       116, 239, 189, 135, 227, 0, 38, 59, 135, 86, 194, 56, 202, 127,
       252, 133, 34, 248, 124, 138, 3, 217, 105, 76, 211, 204, 69, 86,
       103, 246, 65, 130, 104, 74, 49, 243, 165, 244, 88, 252, 34, 202,
       73, 178, 244, 171, 55, 252, 129, 8, 55, 250, 114, 164, 222, 166,
       178, 186, 169, 236, 91, 209, 187, 15, 221, 25, 239, 239, 107, 88,
       183, 187, 253, 21, 58, 7, 138, 243, 219, 247, 58, 219, 130, 71,
       167, 99, 189, 37, 225, 71, 212, 95, 207, 120, 81, 226, 253, 202,
       115, 101, 157, 36, 121, 220, 22, 234, 249, 178, 125, 142, 127,
       142, 165, 36, 111, 251, 82, 240, 163, 217, 103, 158, 94, 128, 189,
       103, 141, 68, 218, 227, 160, 222, 180, 96, 238, 179, 19, 197, 214,
       139, 54, 253, 37, 56, 154, 138, 21, 24, 245, 223, 237, 81, 151,
       71, 65, 78, 100, 57, 121, 226, 103, 72, 222, 51, 9, 255, 176, 212,
       120, 106, 97, 244, 249, 8, 135, 250, 65, 6, 74, 50, 66, 48, 87,
       150, 199, 133, 226, 54, 172, 159, 62, 251, 91, 247, 77, 110, 222,
       206, 55, 205, 191, 189, 181, 208, 141, 194, 60, 38, 255, 196, 173,
       244, 185, 213, 154, 150, 118, 152, 114, 208, 57, 119, 189, 69, 86,
       183, 44, 151, 182, 197, 102, 187, 151, 157, 243, 157, 52, 239,
       126, 122, 154, 194, 55, 132, 165, 249, 154, 158, 118, 156, 115,
       240, 61, 119, 189, 78, 86, 183, 44, 215, 162, 205, 103, 51, 183,
       129, 226, 221, 38, 255, 86, 51, 250, 131, 55, 196, 165, 255, 56,
       5, 174, 252, 149, 98, 71, 111, 85, 7, 230, 18, 67, 241, 48, 109,
       121, 206, 42, 169, 56, 251, 49, 142, 251, 239, 214, 69, 227, 104,
       244, 42, 43, 207, 98, 139, 215, 147, 238, 231, 15, 5, 94, 135,
       104, 236, 190, 196, 127, 235, 147, 239, 214, 154, 12, 255, 62, 94,
       142, 195, 183, 223, 188, 204, 150, 124, 186, 184, 155, 245, 18,
       194, 187, 134, 140, 59, 44, 222, 103, 16, 167, 187, 147, 209, 70,
       15, 178, 243, 187, 212, 15, 59, 17, 85, 47, 214, 12, 189, 251,
       243, 244, 230, 251, 247, 118, 255, 126, 38, 121, 63, 212, 96, 127,
       94, 55, 152, 178, 248, 185, 247, 127, 79, 183, 192, 135, 192, 244,
       249, 85, 157, 111, 199, 180, 38, 239, 183, 100, 253, 158, 102,
       241, 49, 158, 103, 111, 198, 60, 238, 249, 248, 189, 239, 126, 47,
       230, 196, 45, 251, 240, 121, 128, 248, 145, 249, 69, 133, 164,
       238, 30, 19, 64, 82, 180, 147, 96, 193, 201, 123, 19, 72, 98, 92,
       82, 115, 5, 128, 158, 42, 24, 24, 161, 170, 9, 170, 17, 251, 237,
       189, 224, 207, 222, 57, 124, 64, 174, 144, 224, 236, 195, 10, 134,
       24, 18, 56, 74, 177, 140, 217, 112, 123, 210, 12, 217, 169, 109,
       191, 152, 162, 240, 140, 94, 151, 34, 224, 108, 77, 183, 199, 82,
       112, 148, 254, 21, 94, 223, 26, 216, 10, 255, 237, 165, 56, 40,
       210, 138, 24, 217, 8, 68, 179, 7, 58, 104, 33, 125, 243, 183, 178,
       203, 2, 146, 239, 99, 132, 236, 144, 61, 220, 77, 140, 134, 251,
       219, 215, 47, 140, 216, 4, 45, 53, 145, 65, 213, 127, 98, 138,
       123, 225, 43, 8, 146, 49, 69, 188, 145, 94, 80, 56, 17, 240, 241,
       10, 15, 156, 5, 116, 202, 75, 66, 166, 155, 159, 122, 249, 182,
       151, 250, 119, 29, 72, 86, 231, 45, 159, 180, 229, 238, 59, 151,
       245, 247, 185, 32, 255, 234, 217, 170, 194, 127, 140, 169, 223,
       237, 101, 252, 101, 172, 15, 92, 184, 122, 190, 182, 13, 215, 41,
       91, 27, 157, 196, 109, 111, 236, 100, 217, 24, 231, 219, 101, 53,
       72, 251, 74, 18, 146, 207, 42, 170, 22, 131, 159, 244, 132, 4,
       221, 167, 101, 207, 58, 64, 126, 179, 151, 199, 90, 139, 8, 191,
       242, 193, 170, 209, 53, 139, 189, 218, 153, 155, 111, 253, 246,
       210, 127, 53, 85, 68, 246, 162, 123, 25, 182, 229, 110, 190, 183,
       234, 248, 184, 37, 253, 118, 235, 226, 193, 55, 140, 252, 73, 217,
       4, 172, 165, 141, 127, 77, 55, 100, 238, 143, 28, 211, 44, 19,
       107, 200, 196, 124, 47, 205, 229, 113, 8, 195, 235, 249, 16, 8,
       122, 216, 114, 9, 107, 18, 103, 52, 159, 231, 53, 108, 168, 126,
       76, 243, 16, 147, 180, 156, 46, 78, 76, 197, 184, 69, 63, 164,
       221, 52, 0, 74, 146, 74, 13, 33, 65, 103, 77, 20, 71, 233, 127,
       94, 225, 86, 66, 243, 20, 180, 100, 88, 12, 50, 124, 201, 248,
       119, 221, 5, 58, 211, 68, 85, 136, 116, 236, 17, 126, 88, 187,
       122, 141, 186, 112, 12, 72, 116, 239, 189, 199, 162, 1, 46, 57,
       23, 78, 195, 50, 90, 125, 244, 129, 42, 168, 125, 154, 9, 153,
       198, 178, 185, 147, 107, 252, 185, 154, 59, 127, 69, 189, 140,
       206, 90, 74, 183, 95, 189, 21, 135, 84, 186, 243, 207, 117, 31,
       239, 142, 69, 15, 247, 35, 157, 9, 186, 236, 133, 220, 239, 143,
       27, 216, 235, 174, 252, 53, 133, 207, 251, 23, 197, 218, 42, 82,
       241, 161, 216, 158, 186, 20, 92, 185, 159, 216, 49, 190, 116, 43,
       240, 56, 23, 170, 25, 134, 48, 189, 151, 65, 123, 166, 119, 253,
       144, 2, 69, 179, 65, 211, 235, 122, 139, 34, 196, 175, 43, 254,
       162, 186, 250, 232, 120, 91, 216, 59, 31, 117, 185, 111, 239, 233,
       216, 191, 219, 165, 50, 58, 70, 170, 179, 219, 215, 241, 237, 178,
       247, 38, 115, 237, 49, 16, 71, 97, 30, 102, 56, 121, 170, 103, 76,
       210, 114, 157, 191, 148, 68, 100, 110, 225, 242, 217, 8, 7, 248,
       97, 4, 74, 51, 74, 133, 173, 205, 109, 75, 124, 223, 239, 248,
       204, 92, 125, 34, 113, 93, 190, 101, 94, 72, 23, 239, 227, 180,
       108, 189, 103, 57, 160, 192, 87, 159, 212, 245, 160, 41, 123, 239,
       84, 206, 107, 112, 112, 132, 100, 2, 51, 71, 49, 112, 122, 236, 2,
       254, 123, 158, 180, 110, 103, 169, 162, 0, 33, 163, 102, 232, 163,
       178, 207, 181, 94, 111, 96, 91, 87, 251, 82, 118, 82, 168, 188,
       105, 255, 206, 62, 53, 181, 252, 87, 159, 12, 42, 241, 196, 189,
       232, 248, 141, 120, 97, 104, 174, 93, 221, 82, 104, 1, 228, 165,
       139, 107, 204, 59, 176, 220, 168, 221, 103, 76, 35, 120, 157, 243,
       221, 129, 59, 119, 47, 94, 86, 176, 205, 89, 251, 124, 203, 71,
       252, 22, 48, 240, 250, 179, 29, 160, 33, 90, 184, 7, 106, 107,
       254, 104, 63, 229, 137, 165, 52, 117, 152, 84, 168, 44, 235, 122,
       98, 116, 153, 219, 212, 123, 37, 125, 168, 123, 205, 222, 48, 30,
       250, 7, 94, 154, 50, 236, 183, 126, 221, 33, 237, 231, 155, 214,
       225, 164, 162, 155, 251, 244, 175, 235, 90, 30, 11, 113, 84, 151,
       197, 248, 40, 157, 26, 22, 28, 51, 244, 26, 19, 77, 158, 51, 68,
       216, 201, 81, 177, 3, 180, 237, 133, 246, 114, 169, 187, 126, 243,
       95, 214, 217, 38, 222, 101, 55, 79, 55, 189, 177, 216, 189, 206,
       12, 46, 255, 196, 173, 228, 177, 253, 65, 20, 124, 101, 48, 14,
       127, 48, 124, 174, 246, 12, 215, 51, 146, 51, 148, 196, 125, 44,
       168, 240, 241, 14, 239, 255, 101, 17, 72, 224, 74, 3, 8, 170, 24,
       251, 109, 189, 184, 71, 78, 61, 53, 56, 174, 136, 226, 136, 131,
       11, 198, 28, 22, 56, 10, 177, 142, 213, 48, 255, 210, 140, 141,
       141, 222, 234, 102, 187, 174, 9, 223, 152, 191, 222, 147, 231,
       207, 205, 123, 75, 183, 197, 237, 247, 254, 101, 143, 240, 250,
