%YAML:1.0
---
descriptors: !!opencv-matrix
   rows: 216
   cols: 32
   dt: u
   data: [ 149, 18, 203, 232, 54, 163, 105, 91, 22, 195, 210, 246, 17,
       139, 176, 104, 127, 140, 27, 189, 187, 151, 37, 198, 216, 143,
       154, 68, 173, 136, 240, 241, 138, 120, 186, 255, 101, 212, 185,
       212, 29, 206, 212, 7, 188, 223, 103, 105, 238, 121, 151, 210, 198,
       214, 50, 224, 199, 217, 218, 139, 22, 29, 61, 251, 154, 216, 62,
       191, 46, 151, 156, 103, 156, 94, 208, 151, 253, 94, 50, 129, 238,
       51, 223, 199, 236, 173, 18, 191, 243, 195, 250, 145, 93, 24, 41,
       219, 16, 12, 106, 218, 22, 163, 202, 98, 86, 1, 222, 130, 113,
       233, 49, 64, 91, 170, 19, 153, 42, 184, 92, 191, 234, 39, 171, 64,
       181, 203, 116, 168, 98, 188, 149, 58, 173, 237, 20, 135, 255, 123,
       168, 125, 174, 248, 100, 223, 129, 115, 238, 17, 55, 107, 202,
       241, 153, 82, 84, 123, 216, 92, 137, 95, 220, 55, 218, 232, 251,
       102, 91, 17, 177, 142, 239, 49, 95, 247, 67, 90, 118, 253, 141,
       58, 56, 211, 128, 10, 219, 237, 39, 65, 162, 227, 238, 67, 211,
       180, 156, 176, 137, 189, 16, 7, 191, 251, 147, 29, 142, 190, 94,
       155, 165, 167, 253, 149, 63, 77, 155, 210, 154, 211, 125, 254,
       136, 68, 139, 22, 155, 79, 198, 132, 215, 18, 188, 119, 173, 232,
       222, 199, 40, 174, 183, 167, 110, 167, 183, 173, 229, 159, 5, 206,
       62, 120, 142, 131, 47, 228, 57, 221, 37, 124, 241, 67, 208, 79,
       71, 152, 115, 232, 61, 72, 82, 23, 197, 54, 29, 220, 84, 122, 161,
       246, 249, 74, 109, 156, 37, 52, 227, 243, 70, 177, 237, 124, 213,
       87, 98, 94, 110, 176, 49, 106, 119, 124, 122, 87, 141, 253, 22,
       244, 124, 106, 233, 212, 249, 47, 38, 190, 117, 128, 42, 179, 194,
       49, 70, 153, 191, 211, 206, 68, 189, 231, 62, 255, 210, 19, 244,
       182, 108, 74, 239, 87, 59, 145, 18, 217, 155, 225, 221, 50, 222,
       194, 128, 88, 165, 250, 49, 166, 205, 189, 94, 11, 224, 107, 86,
       163, 242, 210, 211, 33, 144, 0, 121, 206, 102, 173, 57, 254, 77,
       31, 28, 174, 247, 164, 253, 232, 80, 128, 107, 54, 246, 220, 249,
       183, 152, 127, 219, 253, 157, 189, 12, 188, 246, 189, 143, 63,
       255, 21, 180, 75, 162, 214, 91, 95, 121, 250, 222, 204, 159, 223,
       133, 156, 191, 91, 246, 166, 183, 255, 92, 27, 125, 82, 112, 247,
       173, 109, 125, 122, 18, 58, 177, 180, 56, 127, 111, 30, 119, 68,
       211, 243, 229, 161, 188, 28, 74, 238, 220, 83, 239, 248, 29, 110,
       253, 10, 93, 127, 43, 97, 123, 193, 206, 234, 121, 39, 120, 238,
       247, 207, 234, 61, 55, 251, 117, 242, 26, 214, 242, 238, 37, 95,
       94, 252, 29, 74, 190, 163, 107, 125, 189, 164, 255, 209, 223, 103,
       233, 37, 41, 251, 178, 223, 37, 151, 119, 254, 84, 95, 142, 56,
       162, 158, 69, 244, 184, 64, 185, 206, 213, 151, 40, 204, 119, 142,
       252, 105, 147, 135, 132, 214, 166, 194, 7, 125, 203, 139, 135,
       101, 55, 246, 65, 13, 206, 255, 196, 42, 236, 23, 100, 51, 218,
       66, 249, 43, 144, 107, 106, 230, 62, 140, 145, 248, 199, 225, 84,
       171, 254, 0, 173, 248, 249, 8, 51, 224, 234, 181, 70, 22, 236,
       116, 80, 70, 81, 199, 57, 236, 54, 33, 126, 237, 55, 175, 228,
       254, 182, 225, 84, 43, 250, 136, 109, 36, 115, 220, 45, 116, 241,
       65, 116, 127, 235, 154, 123, 232, 122, 72, 91, 17, 213, 180, 62,
       204, 6, 74, 129, 178, 252, 218, 38, 60, 33, 100, 239, 235, 66,
       181, 2, 200, 6, 223, 19, 212, 62, 230, 158, 0, 64, 131, 172, 222,
       53, 97, 236, 123, 187, 197, 102, 141, 18, 253, 231, 118, 218, 11,
       20, 5, 45, 218, 25, 147, 253, 237, 39, 86, 223, 184, 87, 110, 86,
       166, 255, 125, 186, 164, 54, 93, 181, 111, 193, 48, 173, 153, 195,
       255, 107, 132, 119, 190, 5, 121, 222, 252, 246, 210, 119, 223,
       252, 238, 123, 191, 180, 27, 206, 126, 94, 157, 251, 215, 223, 51,
       102, 231, 120, 245, 191, 219, 95, 119, 199, 92, 255, 223, 10, 92,
       146, 159, 117, 183, 186, 198, 31, 7, 84, 3, 172, 158, 55, 204,
       220, 121, 147, 209, 38, 188, 82, 251, 7, 119, 154, 131, 151, 29,
       61, 206, 2, 205, 2, 141, 149, 135, 190, 175, 12, 5, 90, 3, 236,
       106, 62, 192, 217, 35, 155, 161, 86, 152, 17, 255, 45, 118, 158,
       195, 20, 30, 185, 14, 105, 254, 173, 13, 105, 116, 21, 191, 34,
       255, 188, 61, 250, 53, 194, 182, 77, 214, 252, 4, 143, 74, 251,
       147, 239, 119, 245, 191, 250, 244, 142, 127, 154, 93, 83, 188, 99,
       164, 191, 114, 173, 198, 94, 163, 44, 191, 39, 64, 166, 123, 191,
       67, 96, 137, 178, 239, 178, 240, 74, 138, 38, 117, 37, 219, 26,
       150, 118, 132, 99, 210, 184, 103, 169, 230, 158, 163, 12, 174, 38,
       70, 47, 181, 255, 161, 196, 155, 164, 206, 95, 118, 219, 199, 39,
       164, 39, 223, 61, 55, 233, 201, 254, 51, 203, 216, 70, 225, 157,
       230, 81, 109, 221, 32, 127, 200, 23, 254, 155, 50, 109, 144, 110,
       77, 165, 252, 255, 251, 112, 241, 146, 29, 34, 188, 199, 148, 188,
       103, 157, 198, 202, 135, 44, 238, 55, 65, 236, 171, 187, 133, 204,
       159, 54, 202, 51, 112, 206, 139, 29, 124, 53, 222, 59, 50, 244,
       229, 63, 86, 88, 59, 81, 204, 86, 167, 59, 31, 151, 255, 214, 181,
       181, 60, 205, 200, 225, 204, 195, 251, 241, 131, 38, 164, 124,
       127, 134, 93, 22, 158, 195, 196, 190, 102, 189, 130, 202, 131, 44,
       255, 37, 69, 230, 251, 187, 195, 100, 143, 18, 235, 243, 112, 202,
       11, 2, 117, 37, 218, 52, 13, 107, 238, 150, 227, 139, 115, 212, 0,
       219, 130, 115, 235, 48, 64, 122, 170, 31, 241, 56, 187, 28, 63,
       233, 165, 171, 64, 53, 171, 112, 0, 42, 161, 180, 154, 125, 221,
       144, 236, 143, 29, 164, 27, 236, 254, 110, 198, 217, 27, 203, 97,
       18, 43, 122, 245, 223, 21, 27, 127, 82, 12, 141, 206, 130, 205, 6,
       158, 73, 196, 188, 230, 159, 17, 200, 3, 172, 158, 48, 65, 200,
       59, 59, 129, 70, 11, 82, 245, 165, 50, 218, 11, 16, 16, 165, 142,
       55, 238, 192, 142, 222, 3, 135, 232, 82, 226, 152, 239, 112, 232,
       255, 38, 89, 228, 18, 239, 237, 103, 140, 191, 56, 14, 197, 188,
       189, 255, 122, 196, 4, 249, 191, 151, 252, 196, 187, 211, 190, 29,
       222, 3, 244, 247, 96, 74, 107, 127, 123, 216, 18, 217, 187, 113,
       221, 38, 255, 196, 132, 41, 181, 250, 124, 61, 150, 228, 243, 54,
       90, 83, 177, 142, 239, 53, 15, 183, 99, 223, 231, 247, 253, 176,
       60, 203, 144, 138, 219, 255, 7, 199, 162, 229, 46, 83, 61, 95,
       107, 222, 254, 130, 207, 244, 213, 192, 254, 230, 115, 233, 181,
       96, 126, 234, 23, 238, 233, 171, 44, 175, 114, 239, 165, 136, 127,
       251, 112, 185, 232, 124, 14, 30, 121, 249, 195, 20, 248, 77, 245,
       28, 170, 194, 2, 157, 200, 238, 206, 218, 59, 239, 250, 109, 225,
       243, 178, 25, 74, 23, 206, 248, 139, 207, 14, 189, 86, 146, 190,
       246, 190, 65, 74, 231, 173, 138, 51, 193, 230, 107, 155, 197, 231,
       137, 7, 255, 164, 39, 186, 129, 28, 20, 57, 93, 79, 82, 239, 159,
       170, 118, 189, 24, 46, 95, 87, 245, 253, 246, 219, 106, 118, 95,
       191, 31, 135, 212, 255, 224, 198, 107, 250, 128, 142, 215, 173,
       245, 120, 185, 238, 250, 172, 205, 81, 119, 162, 85, 172, 13, 55,
       189, 18, 18, 136, 178, 245, 16, 26, 43, 242, 37, 219, 239, 112,
       89, 224, 138, 222, 122, 42, 240, 242, 213, 103, 223, 254, 239,
       127, 175, 190, 11, 238, 126, 94, 140, 251, 213, 255, 33, 6, 51,
       123, 215, 159, 94, 31, 55, 71, 124, 223, 223, 200, 190, 188, 223,
       184, 185, 189, 159, 222, 191, 30, 244, 253, 119, 192, 107, 135,
       119, 253, 17, 178, 76, 239, 51, 238, 247, 127, 241, 156, 240, 141,
       59, 106, 190, 238, 148, 77, 245, 185, 67, 139, 127, 156, 187, 40,
       190, 86, 27, 237, 179, 243, 129, 150, 91, 178, 193, 95, 83, 218,
       227, 135, 68, 119, 222, 131, 73, 227, 213, 87, 148, 173, 103, 125,
       194, 94, 146, 40, 158, 182, 164, 110, 59, 147, 141, 229, 188, 52,
       202, 38, 62, 158, 130, 15, 148, 249, 252, 122, 37, 27, 250, 153,
       233, 17, 195, 171, 21, 173, 9, 174, 215, 109, 25, 129, 179, 205,
