%YAML:1.0
---
descriptors: !!opencv-matrix
   rows: 360
   cols: 32
   dt: u
   data: [ 104, 249, 57, 72, 57, 223, 21, 255, 66, 124, 164, 9, 146, 21,
       66, 180, 200, 28, 202, 92, 219, 43, 240, 20, 255, 221, 5, 127, 82,
       12, 222, 251, 42, 187, 154, 178, 241, 189, 218, 199, 155, 45, 248,
       173, 174, 174, 118, 144, 204, 187, 135, 213, 30, 58, 72, 253, 30,
       215, 154, 251, 208, 78, 143, 155, 83, 92, 34, 158, 53, 164, 174,
       198, 188, 66, 74, 71, 180, 182, 51, 205, 224, 107, 57, 77, 135,
       137, 146, 237, 176, 54, 218, 138, 28, 85, 59, 92, 2, 156, 159, 94,
       195, 228, 189, 231, 190, 31, 111, 51, 124, 247, 44, 110, 101, 123,
       179, 128, 18, 221, 186, 241, 95, 38, 222, 75, 147, 64, 165, 250,
       27, 29, 230, 220, 199, 182, 188, 103, 189, 198, 94, 183, 40, 190,
       183, 109, 231, 247, 183, 135, 180, 219, 52, 238, 50, 110, 222,
       131, 175, 116, 173, 95, 57, 236, 225, 69, 87, 31, 79, 118, 81,
       167, 244, 26, 115, 41, 148, 52, 120, 238, 22, 172, 184, 254, 117,
       175, 127, 239, 149, 64, 103, 168, 210, 168, 49, 143, 81, 237, 188,
       39, 78, 251, 87, 11, 216, 70, 115, 240, 188, 229, 223, 202, 22,
       44, 251, 43, 67, 191, 168, 254, 227, 252, 60, 232, 216, 133, 67,
       190, 128, 145, 237, 188, 184, 7, 170, 235, 26, 221, 172, 168, 86,
       206, 193, 47, 251, 21, 151, 92, 214, 226, 140, 22, 158, 251, 142,
       76, 155, 221, 218, 115, 230, 181, 122, 178, 56, 90, 191, 212, 94,
       231, 109, 238, 234, 198, 55, 125, 255, 213, 134, 193, 174, 217,
       62, 99, 175, 143, 47, 164, 45, 213, 221, 4, 254, 241, 166, 62,
       124, 128, 249, 147, 179, 18, 223, 106, 221, 123, 227, 197, 127,
       191, 188, 229, 133, 194, 222, 251, 255, 197, 164, 241, 233, 4, 77,
       185, 184, 97, 185, 125, 91, 154, 235, 253, 60, 8, 154, 253, 90,
       178, 145, 86, 253, 120, 18, 105, 251, 17, 111, 221, 37, 253, 210,
       165, 207, 115, 18, 151, 88, 173, 178, 170, 60, 63, 60, 75, 90,
       229, 181, 34, 130, 209, 118, 27, 143, 165, 231, 152, 69, 77, 164,
       229, 62, 128, 60, 192, 169, 153, 171, 84, 119, 223, 125, 246, 239,
       57, 93, 78, 223, 86, 249, 127, 188, 229, 126, 178, 63, 175, 233,
       183, 123, 255, 119, 255, 234, 144, 63, 219, 244, 112, 236, 233,
       24, 202, 125, 217, 178, 200, 138, 172, 189, 139, 236, 205, 107,
       134, 216, 120, 226, 82, 70, 39, 202, 241, 127, 209, 143, 123, 82,
       31, 13, 142, 223, 87, 206, 175, 154, 38, 78, 188, 52, 202, 199,
       199, 89, 99, 19, 89, 116, 237, 61, 239, 237, 214, 221, 78, 240,
       103, 239, 132, 173, 246, 56, 16, 161, 28, 253, 79, 84, 111, 227,
       126, 86, 237, 244, 90, 115, 53, 148, 36, 121, 222, 18, 168, 185,
       254, 125, 63, 111, 14, 229, 0, 231, 232, 212, 232, 37, 96, 239,
       13, 60, 223, 230, 200, 95, 232, 122, 68, 219, 216, 181, 164, 218,
       108, 118, 111, 197, 176, 125, 254, 38, 93, 7, 2, 93, 63, 89, 149,
       49, 84, 29, 232, 125, 87, 86, 111, 87, 224, 237, 42, 50, 28, 36,
       176, 216, 184, 146, 32, 109, 187, 120, 157, 179, 223, 1, 63, 89,
       90, 252, 190, 192, 135, 23, 190, 87, 128, 229, 109, 124, 7, 211,
       151, 237, 226, 42, 65, 114, 163, 42, 164, 102, 157, 15, 207, 176,
       38, 222, 9, 52, 78, 165, 74, 18, 111, 234, 165, 54, 163, 239, 212,
       84, 165, 218, 231, 99, 136, 179, 128, 122, 232, 7, 253, 140, 179,
       4, 206, 184, 5, 173, 129, 229, 222, 116, 201, 93, 5, 5, 161, 150,
       47, 79, 190, 68, 168, 154, 66, 211, 113, 25, 97, 121, 198, 108,
       255, 57, 240, 89, 62, 253, 198, 167, 84, 160, 121, 80, 40, 86, 39,
       110, 231, 50, 2, 59, 120, 45, 4, 219, 231, 201, 79, 158, 80, 126,
       149, 111, 230, 200, 145, 237, 221, 246, 166, 171, 133, 37, 163,
       37, 113, 93, 241, 217, 160, 184, 216, 94, 189, 43, 225, 136, 173,
       143, 158, 74, 80, 214, 205, 125, 85, 223, 9, 216, 131, 186, 213,
       15, 127, 44, 134, 139, 91, 183, 139, 70, 129, 180, 31, 238, 241,
       85, 224, 211, 207, 67, 8, 182, 229, 126, 132, 30, 111, 253, 179,
       13, 188, 58, 74, 165, 196, 127, 175, 216, 148, 59, 123, 97, 229,
       118, 11, 233, 122, 4, 224, 216, 238, 147, 5, 145, 32, 46, 152, 87,
       237, 203, 184, 101, 29, 228, 136, 169, 180, 37, 168, 16, 249, 18,
       205, 83, 223, 23, 163, 174, 230, 30, 1, 74, 130, 108, 243, 37,
       196, 115, 251, 11, 192, 98, 153, 21, 255, 53, 38, 154, 2, 53, 72,
       37, 174, 22, 141, 78, 186, 155, 225, 27, 234, 134, 21, 200, 179,
       109, 247, 40, 65, 111, 147, 187, 145, 58, 11, 46, 245, 248, 39,
       202, 207, 181, 71, 165, 114, 51, 128, 107, 137, 70, 47, 232, 82,
       20, 97, 218, 135, 19, 12, 52, 8, 124, 140, 19, 157, 137, 186, 85,
       140, 85, 46, 154, 64, 109, 138, 112, 176, 1, 26, 122, 63, 112,
       140, 185, 20, 232, 100, 117, 173, 189, 158, 150, 16, 134, 47, 23,
       5, 133, 184, 180, 76, 70, 61, 50, 160, 92, 130, 67, 219, 46, 166,
       225, 249, 241, 229, 218, 91, 19, 47, 121, 145, 9, 207, 74, 144,
       221, 153, 135, 148, 26, 22, 200, 211, 79, 213, 155, 237, 179, 206,
       214, 242, 185, 88, 63, 254, 20, 198, 70, 117, 212, 194, 226, 2,
       243, 249, 49, 97, 216, 252, 30, 227, 109, 171, 114, 46, 243, 239,
       230, 8, 121, 56, 252, 42, 86, 133, 95, 152, 154, 224, 29, 239,
       134, 21, 200, 179, 77, 247, 40, 64, 119, 147, 171, 160, 18, 11,
       14, 213, 248, 39, 203, 207, 181, 36, 165, 114, 59, 57, 227, 79,
       114, 98, 235, 212, 41, 64, 124, 230, 57, 119, 149, 116, 126, 254,
       23, 204, 131, 146, 180, 233, 52, 172, 170, 128, 47, 243, 98, 249,
       5, 174, 147, 213, 116, 15, 163, 250, 222, 162, 84, 66, 228, 227,
       236, 167, 91, 104, 2, 40, 113, 250, 108, 207, 44, 30, 223, 110,
       209, 232, 1, 172, 49, 77, 99, 206, 87, 195, 199, 97, 213, 128,
       252, 2, 115, 201, 53, 36, 120, 232, 2, 234, 104, 163, 52, 175,
       115, 172, 135, 8, 119, 186, 112, 168, 176, 201, 43, 186, 93, 197,
       146, 100, 212, 64, 225, 3, 112, 216, 46, 97, 216, 232, 19, 67,
       110, 175, 26, 189, 113, 9, 130, 11, 81, 11, 116, 202, 50, 178,
       239, 156, 124, 211, 153, 107, 18, 253, 214, 239, 113, 236, 182, 3,
       220, 188, 55, 133, 141, 250, 231, 29, 26, 35, 249, 181, 5, 168,
       92, 217, 58, 185, 242, 122, 215, 157, 208, 85, 203, 13, 116, 15,
       46, 221, 110, 144, 188, 187, 135, 85, 158, 187, 18, 241, 27, 217,
       4, 107, 91, 14, 238, 151, 131, 10, 164, 149, 205, 61, 172, 7, 223,
       243, 82, 215, 168, 168, 87, 238, 205, 103, 250, 5, 165, 252, 215,
       210, 12, 30, 223, 2, 207, 124, 153, 140, 38, 239, 236, 223, 221,
       55, 255, 239, 95, 247, 253, 131, 104, 108, 63, 15, 217, 202, 147,
       39, 252, 250, 79, 233, 111, 31, 213, 151, 247, 254, 252, 222, 130,
       20, 59, 200, 102, 173, 184, 67, 236, 14, 120, 115, 164, 220, 229,
       96, 238, 57, 19, 37, 134, 56, 162, 211, 21, 28, 10, 138, 80, 72,
       97, 223, 65, 141, 252, 247, 142, 38, 181, 167, 238, 179, 75, 16,
       245, 51, 104, 99, 163, 87, 58, 16, 114, 88, 27, 101, 109, 170, 86,
       70, 144, 82, 161, 42, 98, 163, 227, 136, 251, 209, 187, 207, 171,
       5, 176, 187, 44, 238, 228, 244, 255, 155, 195, 145, 18, 11, 166,
       211, 60, 20, 155, 235, 149, 4, 167, 229, 57, 108, 75, 62, 124,
       211, 66, 120, 196, 200, 89, 106, 115, 208, 177, 177, 88, 104, 86,
       110, 77, 162, 110, 61, 166, 237, 161, 168, 52, 187, 122, 173, 20,
       1, 223, 236, 6, 7, 141, 104, 12, 128, 226, 2, 87, 227, 33, 72,
       126, 185, 3, 232, 24, 179, 1, 12, 209, 170, 106, 0, 181, 187, 33,
       32, 117, 28, 127, 79, 84, 239, 99, 58, 68, 64, 107, 66, 115, 116,
       165, 112, 112, 244, 26, 106, 161, 176, 125, 63, 53, 174, 32, 0,
       113, 235, 100, 60, 135, 206, 36, 155, 205, 181, 188, 237, 159,
       222, 16, 183, 204, 200, 127, 143, 201, 67, 251, 247, 230, 101, 79,
       245, 14, 82, 223, 199, 159, 125, 189, 215, 3, 201, 50, 187, 252,
       129, 186, 198, 143, 73, 216, 227, 172, 218, 101, 64, 238, 43, 31,
       209, 150, 11, 194, 241, 164, 20, 154, 234, 156, 28, 33, 143, 88,
