%YAML:1.0
---
descriptors: !!opencv-matrix
   rows: 326
   cols: 32
   dt: u
   data: [ 53, 221, 41, 238, 156, 7, 71, 253, 86, 96, 236, 78, 115, 193,
       56, 96, 88, 200, 30, 110, 233, 35, 89, 63, 241, 173, 165, 60, 57,
       186, 240, 48, 45, 117, 25, 207, 218, 123, 174, 240, 60, 96, 254,
       198, 213, 98, 137, 164, 124, 74, 202, 234, 49, 176, 125, 111, 52,
       173, 166, 4, 123, 251, 139, 180, 216, 245, 56, 224, 185, 205, 81,
       191, 162, 53, 172, 57, 159, 151, 72, 82, 131, 215, 237, 80, 10,
       73, 218, 55, 251, 197, 63, 127, 34, 16, 135, 43, 220, 188, 155,
       242, 177, 236, 115, 144, 186, 249, 175, 28, 255, 247, 73, 122,
       167, 215, 125, 26, 27, 65, 154, 50, 217, 237, 55, 108, 192, 67, 7,
       51, 123, 13, 103, 142, 213, 210, 79, 37, 225, 202, 251, 2, 112,
       254, 183, 246, 216, 230, 29, 238, 109, 139, 52, 238, 51, 46, 174,
       136, 11, 118, 240, 126, 73, 149, 25, 99, 17, 252, 112, 182, 237,
       105, 110, 0, 254, 48, 12, 112, 224, 54, 40, 88, 19, 184, 121, 117,
       239, 253, 16, 66, 88, 2, 67, 62, 236, 91, 247, 222, 109, 192, 199,
       212, 225, 140, 244, 98, 114, 217, 181, 127, 200, 248, 166, 235,
       200, 163, 226, 168, 115, 249, 230, 139, 71, 123, 118, 235, 251,
       188, 231, 119, 23, 86, 67, 55, 113, 231, 215, 151, 99, 45, 150,
       54, 121, 228, 189, 173, 173, 252, 181, 142, 251, 239, 213, 129,
       111, 164, 118, 126, 205, 189, 189, 115, 165, 108, 117, 183, 122,
       115, 38, 28, 247, 49, 73, 59, 129, 70, 124, 24, 59, 124, 251, 35,
       239, 255, 116, 68, 200, 80, 195, 122, 80, 48, 63, 176, 40, 204,
       81, 23, 162, 221, 134, 41, 183, 159, 66, 27, 134, 181, 109, 17,
       26, 75, 210, 0, 217, 193, 52, 121, 160, 0, 7, 123, 142, 20, 133,
       159, 105, 102, 185, 138, 159, 215, 91, 151, 204, 127, 105, 207,
       231, 87, 187, 149, 33, 212, 59, 226, 13, 114, 223, 134, 158, 117,
       53, 114, 210, 168, 22, 184, 169, 249, 16, 71, 191, 21, 128, 57,
       174, 154, 98, 221, 225, 51, 238, 17, 62, 79, 130, 213, 153, 209,
       90, 123, 144, 4, 175, 14, 56, 172, 146, 188, 9, 253, 80, 71, 167,
       31, 232, 25, 175, 159, 98, 146, 201, 187, 237, 0, 78, 79, 210, 51,
       211, 215, 16, 59, 114, 76, 134, 74, 189, 249, 111, 103, 84, 95,
       230, 252, 117, 232, 246, 206, 243, 92, 155, 181, 124, 236, 118,
       110, 237, 246, 125, 44, 254, 233, 101, 20, 111, 187, 90, 189, 198,
       124, 190, 213, 43, 46, 60, 6, 172, 178, 14, 146, 236, 243, 103,
       79, 231, 119, 251, 146, 96, 197, 147, 194, 68, 146, 223, 131, 140,
       112, 9, 155, 251, 211, 76, 5, 46, 26, 82, 48, 113, 224, 151, 254,
       195, 40, 150, 119, 126, 196, 252, 230, 253, 220, 229, 14, 174,
       235, 229, 215, 47, 166, 90, 85, 202, 22, 190, 159, 233, 244, 188,
       231, 186, 95, 88, 181, 236, 174, 174, 203, 231, 119, 243, 129,
       182, 77, 170, 227, 78, 55, 222, 139, 138, 84, 175, 223, 205, 180,
       181, 241, 173, 47, 101, 159, 126, 251, 130, 92, 215, 117, 88, 43,
       149, 70, 125, 60, 179, 76, 251, 2, 237, 255, 119, 124, 136, 112,
       131, 49, 134, 188, 157, 146, 169, 237, 53, 231, 159, 191, 129, 25,
       174, 182, 68, 15, 197, 91, 239, 18, 50, 77, 250, 243, 141, 146,
       223, 255, 144, 92, 151, 255, 45, 206, 189, 87, 244, 62, 235, 190,
       94, 251, 86, 86, 243, 120, 157, 111, 221, 70, 30, 61, 165, 252,
       109, 173, 111, 251, 247, 196, 207, 185, 80, 173, 62, 53, 184, 194,
       221, 125, 211, 75, 27, 253, 189, 26, 158, 252, 94, 56, 185, 155,
       215, 17, 27, 98, 248, 210, 223, 29, 13, 127, 195, 79, 222, 242,
       181, 140, 231, 255, 92, 143, 234, 232, 94, 178, 243, 18, 241, 123,
       57, 107, 125, 232, 91, 186, 40, 247, 77, 238, 223, 238, 223, 20,
       181, 233, 113, 160, 86, 152, 151, 158, 175, 192, 181, 230, 191,
       23, 169, 16, 238, 242, 104, 223, 235, 95, 238, 3, 51, 79, 154,
       225, 153, 182, 95, 31, 216, 113, 175, 143, 48, 157, 26, 186, 157,
       231, 210, 227, 151, 1, 201, 7, 102, 249, 32, 192, 217, 171, 130,
       48, 30, 171, 90, 191, 187, 215, 131, 75, 153, 74, 184, 154, 49,
       201, 79, 254, 21, 196, 227, 224, 196, 64, 238, 2, 115, 89, 53, 96,
       120, 226, 42, 234, 75, 171, 127, 189, 251, 237, 135, 8, 113, 11,
       112, 42, 41, 233, 105, 203, 93, 193, 195, 238, 70, 33, 236, 10,
       177, 25, 84, 32, 73, 138, 18, 200, 75, 58, 251, 181, 111, 205,
       147, 104, 119, 11, 80, 170, 149, 206, 111, 255, 182, 162, 79, 254,
       116, 10, 223, 242, 115, 107, 185, 97, 127, 230, 31, 235, 248, 141,
       45, 191, 250, 239, 175, 212, 181, 251, 240, 41, 236, 160, 169,
       227, 205, 47, 73, 25, 19, 189, 165, 29, 211, 71, 90, 27, 217, 4,
       89, 62, 26, 86, 249, 16, 207, 217, 133, 116, 128, 235, 214, 98, 1,
       240, 147, 90, 104, 253, 99, 222, 127, 75, 124, 108, 190, 211, 233,
       252, 183, 59, 118, 24, 131, 150, 58, 119, 156, 158, 51, 238, 154,
       211, 35, 189, 34, 222, 130, 154, 95, 241, 146, 206, 159, 5, 216,
       163, 44, 220, 102, 196, 239, 59, 131, 17, 38, 43, 10, 255, 52, 22,
       27, 251, 215, 12, 61, 223, 134, 175, 146, 184, 251, 160, 188, 199,
       190, 29, 128, 177, 140, 134, 96, 216, 231, 59, 235, 145, 54, 79,
       130, 242, 188, 22, 30, 235, 144, 68, 175, 131, 202, 158, 158, 158,
       219, 244, 190, 207, 187, 31, 29, 181, 236, 254, 111, 223, 231,
       115, 251, 150, 118, 79, 186, 227, 63, 51, 222, 203, 130, 69, 175,
       223, 37, 255, 233, 71, 244, 27, 207, 189, 66, 232, 60, 238, 243,
       97, 213, 36, 95, 206, 20, 126, 201, 186, 237, 62, 110, 141, 165,
       244, 109, 250, 210, 185, 165, 32, 233, 123, 84, 159, 235, 88, 87,
       104, 245, 92, 179, 216, 30, 56, 220, 168, 22, 89, 143, 182, 120,
       27, 71, 221, 129, 32, 89, 139, 114, 224, 223, 245, 190, 150, 187,
       182, 159, 184, 251, 250, 159, 106, 92, 254, 223, 123, 183, 117,
       252, 247, 165, 71, 190, 255, 250, 127, 111, 254, 142, 119, 41, 87,
       128, 209, 24, 152, 57, 205, 52, 239, 223, 61, 176, 60, 174, 150,
       104, 81, 135, 19, 238, 0, 118, 9, 122, 209, 189, 208, 86, 127, 80,
       24, 133, 159, 88, 253, 24, 242, 187, 205, 86, 191, 179, 181, 166,
       9, 143, 151, 72, 83, 167, 215, 237, 80, 106, 75, 154, 55, 251,
       213, 31, 127, 162, 16, 143, 10, 147, 175, 111, 187, 150, 163, 234,
       198, 55, 49, 218, 210, 241, 79, 156, 0, 125, 187, 55, 217, 154,
       156, 71, 247, 188, 8, 154, 192, 165, 129, 224, 136, 194, 188, 191,
       146, 235, 253, 180, 199, 190, 191, 156, 57, 236, 254, 106, 15,
       167, 115, 255, 17, 50, 77, 138, 243, 253, 19, 95, 251, 144, 92,
       143, 251, 234, 182, 164, 177, 173, 123, 92, 159, 219, 255, 150,
       253, 143, 45, 210, 143, 141, 70, 237, 21, 188, 124, 207, 146, 174,
       211, 253, 247, 202, 252, 158, 87, 201, 245, 189, 225, 169, 77, 85,
       191, 43, 251, 168, 92, 159, 55, 72, 59, 133, 87, 124, 16, 251, 74,
       251, 50, 237, 219, 117, 126, 202, 80, 131, 59, 246, 252, 159, 186,
       201, 229, 149, 239, 159, 223, 184, 24, 238, 254, 111, 250, 201,
       243, 239, 147, 58, 111, 250, 243, 185, 214, 223, 123, 144, 89,
       165, 94, 77, 190, 158, 115, 169, 188, 116, 151, 251, 155, 167, 84,
       238, 186, 74, 123, 165, 71, 108, 30, 183, 109, 155, 96, 239, 251,
       116, 94, 202, 81, 235, 15, 5, 191, 239, 87, 212, 31, 167, 232,
       124, 234, 251, 194, 210, 124, 149, 160, 121, 238, 110, 235, 245,
       240, 125, 110, 44, 14, 231, 68, 205, 250, 113, 180, 216, 184, 158,
       176, 9, 237, 16, 3, 170, 55, 130, 25, 191, 159, 66, 218, 133, 55,
       233, 17, 30, 77, 146, 17, 219, 193, 91, 123, 128, 0, 15, 90, 76,
       17, 159, 245, 137, 110, 57, 19, 174, 219, 175, 84, 220, 247, 72,
       250, 197, 119, 253, 16, 17, 193, 211, 194, 205, 255, 127, 82, 138,
       97, 161, 51, 173, 206, 253, 87, 244, 15, 237, 190, 127, 251, 118,
       92, 211, 105, 157, 43, 155, 78, 102, 60, 177, 252, 105, 46, 110,
       223, 117, 4, 203, 248, 195, 169, 94, 108, 155, 184, 251, 225, 27,
       74, 191, 142, 232, 169, 78, 246, 33, 217, 255, 251, 207, 178, 62,
