%YAML:1.0
---
descriptors: !!opencv-matrix
   rows: 134
   cols: 32
   dt: u
   data: [ 94, 173, 149, 182, 175, 121, 22, 234, 187, 182, 136, 43, 239,
       186, 73, 139, 171, 215, 253, 67, 124, 73, 138, 227, 153, 211, 95,
       63, 164, 109, 15, 75, 24, 237, 191, 125, 157, 201, 149, 207, 238,
       21, 236, 0, 174, 189, 37, 34, 201, 115, 234, 80, 82, 41, 226, 49,
       233, 245, 22, 27, 208, 88, 231, 170, 176, 21, 82, 236, 133, 103,
       84, 110, 21, 46, 248, 27, 3, 59, 35, 221, 248, 142, 134, 162, 60,
       179, 81, 142, 179, 250, 144, 23, 51, 253, 252, 6, 100, 206, 190,
       218, 157, 247, 67, 216, 215, 31, 181, 16, 66, 209, 237, 124, 217,
       240, 142, 90, 42, 39, 42, 191, 187, 158, 165, 223, 146, 123, 116,
       39, 129, 170, 25, 185, 172, 173, 121, 159, 94, 59, 112, 116, 182,
       131, 232, 9, 199, 11, 38, 28, 178, 124, 67, 241, 204, 154, 118,
       108, 24, 136, 129, 137, 98, 171, 26, 154, 201, 141, 16, 199, 159,
       29, 160, 25, 174, 194, 110, 24, 201, 187, 195, 17, 22, 11, 10,
       247, 153, 20, 30, 123, 144, 12, 143, 139, 248, 188, 252, 251, 203,
       105, 89, 159, 179, 23, 164, 185, 191, 103, 74, 27, 141, 147, 237,
       144, 58, 78, 251, 51, 223, 195, 252, 249, 160, 192, 134, 122, 74,
       145, 150, 223, 203, 208, 184, 103, 175, 21, 67, 161, 236, 246, 46,
       206, 230, 51, 251, 128, 22, 201, 131, 241, 13, 50, 90, 203, 146,
       6, 173, 95, 221, 66, 237, 231, 38, 82, 110, 184, 100, 234, 147,
       198, 219, 110, 153, 235, 126, 196, 124, 239, 237, 244, 237, 168,
       166, 235, 239, 148, 45, 243, 80, 49, 2, 166, 149, 155, 248, 169,
       172, 175, 30, 19, 88, 245, 189, 162, 200, 192, 79, 27, 34, 20, 51,
       88, 71, 247, 44, 22, 190, 236, 156, 200, 129, 185, 208, 248, 153,
       234, 24, 205, 19, 172, 174, 65, 128, 24, 183, 215, 64, 114, 224,
       241, 121, 208, 107, 15, 250, 51, 249, 161, 47, 121, 16, 2, 39, 58,
       252, 88, 255, 252, 44, 78, 93, 48, 169, 254, 182, 127, 123, 127,
       135, 91, 238, 245, 253, 226, 233, 199, 243, 232, 211, 251, 230,
       146, 37, 241, 102, 115, 53, 141, 250, 239, 244, 11, 127, 252, 118,
       160, 255, 138, 115, 105, 153, 112, 126, 238, 23, 106, 217, 178,
       109, 47, 126, 173, 165, 196, 229, 251, 242, 161, 121, 157, 28,
       254, 16, 143, 83, 51, 150, 9, 238, 68, 247, 115, 32, 80, 212, 50,
       76, 8, 184, 137, 89, 63, 227, 239, 32, 16, 186, 138, 8, 59, 152,
       148, 183, 252, 195, 102, 53, 207, 249, 155, 102, 48, 94, 183, 40,
       123, 163, 87, 245, 144, 48, 253, 50, 194, 203, 247, 86, 71, 226,
       112, 167, 171, 71, 50, 159, 154, 42, 229, 57, 90, 174, 95, 147,
       253, 172, 214, 234, 223, 231, 177, 238, 144, 151, 71, 186, 80,
       156, 16, 123, 250, 136, 65, 47, 87, 86, 236, 144, 183, 157, 136,
       38, 136, 187, 179, 139, 19, 228, 226, 72, 202, 241, 235, 234, 209,
       38, 72, 202, 243, 189, 22, 159, 111, 128, 118, 189, 134, 160, 5,
       94, 252, 125, 139, 94, 104, 159, 130, 241, 9, 207, 235, 40, 81,
       210, 121, 111, 98, 96, 103, 10, 223, 243, 255, 67, 63, 84, 170,
       37, 131, 125, 117, 57, 238, 188, 15, 223, 248, 127, 234, 189, 76,
       223, 127, 9, 48, 157, 221, 126, 110, 233, 35, 123, 190, 251, 255,
       37, 188, 88, 187, 66, 51, 200, 184, 188, 122, 169, 249, 16, 142,
       155, 63, 164, 57, 174, 255, 66, 27, 131, 115, 233, 16, 54, 79,
       202, 49, 203, 211, 85, 123, 210, 68, 143, 11, 137, 176, 189, 251,
       236, 237, 249, 159, 207, 123, 52, 28, 188, 157, 88, 43, 207, 27,
       127, 25, 147, 124, 251, 209, 207, 219, 127, 252, 214, 200, 197,
       251, 194, 108, 18, 216, 251, 241, 190, 199, 189, 6, 152, 187, 44,
       158, 37, 221, 231, 187, 207, 145, 118, 15, 130, 254, 179, 52, 30,
       171, 144, 84, 175, 31, 212, 132, 151, 190, 172, 44, 79, 184, 191,
       154, 163, 88, 215, 243, 105, 91, 209, 212, 109, 122, 56, 69, 155,
       34, 217, 242, 103, 28, 144, 243, 33, 35, 88, 159, 159, 189, 162,
       102, 53, 191, 188, 159, 210, 229, 221, 55, 0, 75, 199, 87, 109,
       33, 48, 216, 99, 45, 233, 227, 127, 212, 128, 112, 165, 123, 240,
       159, 111, 237, 180, 78, 103, 245, 116, 108, 250, 102, 115, 37,
       160, 65, 124, 230, 47, 234, 249, 185, 33, 45, 240, 169, 230, 128,
       37, 186, 244, 121, 58, 112, 50, 168, 121, 31, 146, 72, 61, 232,
       244, 171, 78, 221, 47, 144, 252, 157, 215, 103, 204, 179, 65, 136,
       211, 253, 0, 191, 83, 30, 110, 211, 117, 85, 85, 69, 180, 30, 70,
       184, 97, 232, 191, 76, 83, 112, 157, 183, 28, 196, 124, 110, 233,
       160, 253, 14, 54, 237, 37, 148, 111, 243, 82, 53, 29, 65, 213,
       229, 83, 78, 126, 48, 45, 128, 98, 130, 221, 7, 1, 244, 54, 213,
       251, 238, 65, 144, 85, 204, 167, 239, 70, 0, 102, 178, 3, 176, 62,
       220, 208, 179, 197, 92, 254, 225, 25, 55, 190, 19, 106, 126, 46,
       213, 249, 211, 135, 194, 124, 255, 88, 230, 185, 222, 206, 83,
       131, 127, 252, 198, 230, 106, 202, 82, 108, 25, 214, 196, 139,
       190, 180, 171, 10, 201, 247, 26, 138, 224, 230, 82, 76, 103, 206,
       224, 18, 25, 69, 191, 199, 255, 94, 142, 222, 158, 151, 250, 171,
       98, 20, 239, 187, 27, 226, 112, 142, 179, 96, 223, 167, 215, 237,
       144, 56, 207, 11, 226, 249, 246, 94, 71, 194, 80, 167, 43, 27,
       159, 82, 201, 181, 182, 90, 55, 117, 133, 238, 118, 42, 50, 166,
       228, 119, 174, 156, 152, 190, 137, 49, 206, 186, 255, 150, 83,
       186, 196, 232, 13, 79, 48, 190, 152, 106, 212, 57, 88, 174, 221,
       135, 165, 156, 214, 203, 255, 231, 21, 255, 156, 151, 65, 255,
       208, 220, 59, 251, 222, 130, 133, 47, 117, 125, 117, 60, 108, 189,
       15, 95, 250, 127, 232, 188, 76, 223, 123, 1, 48, 220, 205, 124,
       110, 233, 51, 81, 158, 247, 255, 37, 180, 90, 249, 67, 49, 244,
       74, 199, 212, 78, 74, 229, 32, 233, 166, 242, 226, 67, 34, 181,
       95, 106, 228, 110, 234, 104, 247, 197, 200, 148, 34, 227, 16, 101,
       57, 116, 36, 8, 155, 57, 233, 50, 201, 51, 255, 30, 5, 76, 34,
       189, 183, 40, 100, 119, 27, 43, 24, 82, 152, 99, 245, 237, 229,
       54, 99, 50, 136, 165, 235, 72, 181, 29, 251, 57, 205, 16, 191, 30,
       57, 0, 92, 190, 23, 72, 128, 135, 19, 238, 1, 115, 104, 91, 23,
       237, 215, 48, 127, 88, 8, 141, 43, 181, 89, 60, 43, 156, 15, 214,
       180, 196, 112, 182, 84, 211, 24, 19, 99, 200, 70, 92, 111, 253,
       233, 93, 44, 225, 235, 100, 84, 120, 27, 216, 26, 5, 162, 17, 241,
       240, 173, 33, 158, 94, 61, 24, 120, 151, 151, 200, 44, 7, 26, 70,
       24, 19, 124, 107, 21, 205, 156, 49, 228, 208, 200, 133, 225, 239,
       189, 144, 158, 253, 53, 190, 107, 139, 175, 188, 59, 44, 62, 102,
       151, 175, 83, 219, 33, 52, 79, 154, 238, 63, 95, 95, 251, 146,
       109, 171, 135, 252, 52, 149, 243, 203, 102, 89, 25, 51, 187, 163,
       88, 222, 119, 73, 95, 85, 213, 125, 186, 57, 70, 219, 192, 223,
       250, 245, 118, 162, 227, 2, 35, 61, 197, 127, 239, 180, 11, 239,
       248, 116, 160, 255, 66, 115, 97, 153, 112, 122, 204, 30, 106, 233,
       178, 125, 63, 248, 237, 165, 20, 117, 187, 112, 160, 25, 139, 82,
       217, 51, 159, 120, 119, 119, 45, 118, 54, 175, 131, 162, 228, 55,
       42, 142, 140, 246, 152, 37, 223, 162, 255, 18, 195, 58, 132, 169,
       13, 76, 50, 152, 35, 176, 47, 123, 24, 42, 185, 59, 125, 223, 91,
       73, 26, 183, 93, 77, 51, 146, 80, 201, 64, 205, 213, 43, 228, 200,
       99, 3, 19, 125, 87, 60, 239, 45, 15, 78, 184, 111, 168, 191, 76,
       223, 121, 25, 115, 220, 196, 126, 110, 201, 99, 217, 188, 243,
       251, 103, 188, 88, 251, 75, 33, 88, 160, 189, 112, 171, 233, 17,
       135, 171, 55, 164, 24, 142, 191, 72, 27, 163, 215, 237, 16, 26,
       77, 171, 49, 219, 211, 85, 127, 194, 64, 135, 107, 120, 177, 191,
       236, 13, 213, 81, 73, 131, 221, 165, 9, 62, 221, 110, 50, 200,
       177, 249, 81, 11, 35, 242, 145, 219, 241, 65, 63, 208, 42, 102,
       114, 230, 223, 107, 90, 232, 245, 111, 246, 17, 94, 125, 255, 104,
       231, 255, 117, 79, 218, 151, 222, 243, 94, 238, 242, 126, 30, 229,
