%YAML:1.0
---
descriptors: !!opencv-matrix
   rows: 196
   cols: 32
   dt: u
   data: [ 90, 94, 103, 189, 50, 130, 188, 38, 60, 192, 74, 231, 173, 15,
       49, 208, 38, 243, 191, 197, 192, 152, 5, 237, 244, 39, 190, 128,
       37, 148, 37, 57, 74, 185, 182, 246, 175, 204, 148, 167, 251, 241,
       138, 41, 126, 188, 86, 50, 167, 247, 253, 17, 7, 105, 146, 225,
       251, 125, 93, 59, 206, 116, 159, 31, 13, 86, 233, 201, 244, 51,
       235, 218, 86, 73, 92, 230, 81, 205, 255, 96, 127, 72, 23, 255,
       131, 144, 45, 242, 110, 13, 171, 204, 191, 251, 112, 241, 165,
       123, 232, 197, 236, 19, 237, 253, 82, 234, 148, 238, 145, 12, 215,
       42, 127, 204, 55, 239, 193, 118, 239, 90, 116, 15, 239, 188, 61,
       250, 112, 249, 119, 94, 113, 239, 36, 157, 223, 180, 77, 106, 254,
       230, 123, 31, 189, 112, 254, 241, 63, 206, 201, 54, 121, 247, 182,
       254, 160, 146, 63, 219, 80, 125, 152, 94, 190, 252, 42, 69, 157,
       118, 148, 14, 214, 43, 255, 189, 35, 9, 236, 241, 253, 195, 108,
       39, 3, 59, 211, 227, 122, 155, 113, 121, 45, 91, 159, 53, 111,
       176, 149, 119, 233, 95, 85, 241, 214, 151, 25, 188, 126, 41, 121,
       139, 19, 189, 189, 255, 53, 206, 91, 75, 158, 196, 175, 204, 240,
       244, 22, 189, 58, 171, 188, 247, 178, 200, 30, 237, 221, 3, 199,
       222, 111, 192, 249, 57, 142, 114, 30, 179, 122, 191, 187, 213,
       175, 127, 209, 27, 61, 215, 17, 6, 203, 225, 150, 163, 105, 87,
       118, 115, 70, 214, 25, 11, 112, 104, 111, 138, 27, 157, 187, 188,
       37, 210, 220, 207, 154, 68, 189, 136, 241, 168, 203, 165, 224, 85,
       231, 124, 188, 55, 123, 119, 116, 155, 136, 61, 214, 175, 47, 31,
       247, 141, 180, 248, 247, 196, 79, 123, 218, 235, 231, 196, 219,
       255, 46, 112, 242, 138, 125, 93, 246, 200, 31, 172, 253, 11, 76,
       220, 95, 132, 255, 221, 211, 115, 70, 51, 218, 250, 61, 84, 15,
       47, 199, 127, 126, 215, 67, 210, 65, 142, 124, 4, 107, 184, 142,
       73, 83, 231, 245, 231, 152, 68, 22, 69, 127, 239, 193, 0, 139,
       255, 36, 54, 170, 152, 28, 166, 17, 121, 5, 82, 74, 171, 96, 47,
       110, 88, 60, 10, 117, 196, 245, 67, 171, 25, 126, 9, 23, 174, 128,
       144, 24, 93, 228, 143, 170, 132, 24, 243, 235, 129, 70, 248, 145,
       177, 41, 221, 144, 132, 171, 249, 128, 41, 142, 150, 68, 246, 197,
       117, 253, 80, 79, 77, 242, 240, 139, 212, 159, 255, 138, 28, 135,
       95, 218, 180, 110, 100, 27, 86, 88, 123, 17, 254, 180, 191, 8,
       190, 86, 55, 191, 149, 213, 164, 253, 71, 180, 206, 219, 91, 205,
       191, 39, 36, 174, 87, 87, 5, 111, 229, 18, 102, 107, 49, 37, 224,
       223, 194, 89, 39, 145, 119, 54, 197, 125, 174, 185, 144, 45, 78,
       189, 234, 171, 196, 37, 163, 33, 116, 88, 76, 223, 237, 36, 42,
       108, 22, 116, 130, 242, 65, 247, 35, 1, 91, 114, 228, 44, 238, 8,
       212, 197, 10, 196, 235, 226, 128, 36, 241, 0, 40, 74, 214, 145,
       251, 176, 192, 63, 157, 63, 95, 123, 244, 252, 247, 200, 84, 215,
       91, 173, 144, 211, 24, 235, 115, 236, 245, 62, 238, 154, 210, 165,
       121, 111, 76, 195, 193, 98, 54, 107, 18, 49, 234, 122, 198, 25,
       39, 213, 252, 127, 220, 55, 158, 129, 146, 229, 226, 23, 62, 178,
       128, 167, 243, 96, 237, 143, 204, 37, 179, 133, 245, 253, 167, 95,
       119, 23, 18, 232, 124, 30, 169, 171, 147, 179, 131, 246, 252, 127,
       247, 111, 91, 223, 195, 151, 93, 149, 238, 57, 20, 150, 255, 83,
       166, 115, 86, 22, 43, 115, 118, 93, 51, 40, 248, 125, 191, 182,
       144, 49, 222, 89, 127, 69, 239, 114, 64, 251, 65, 168, 179, 61,
       122, 233, 105, 238, 3, 239, 221, 86, 226, 124, 198, 19, 9, 241,
       40, 127, 204, 19, 190, 201, 182, 77, 154, 102, 205, 165, 44, 255,
       250, 112, 184, 10, 177, 166, 177, 195, 212, 188, 79, 63, 119, 74,
       3, 172, 255, 122, 200, 247, 11, 187, 145, 86, 216, 19, 209, 143,
       82, 223, 199, 158, 68, 161, 218, 3, 223, 14, 157, 114, 128, 186,
       230, 60, 65, 94, 231, 172, 138, 51, 64, 230, 107, 187, 197, 199,
       152, 6, 255, 100, 55, 154, 131, 28, 20, 57, 223, 142, 129, 182,
       187, 149, 246, 189, 203, 31, 19, 70, 18, 204, 254, 43, 236, 249,
       27, 179, 145, 54, 244, 57, 194, 141, 118, 222, 71, 150, 76, 181,
       198, 23, 127, 233, 201, 182, 51, 239, 223, 86, 202, 220, 230, 17,
       192, 253, 100, 127, 200, 23, 255, 203, 135, 45, 154, 248, 13, 175,
       172, 189, 250, 241, 245, 254, 181, 246, 224, 211, 94, 85, 119, 33,
       189, 175, 27, 15, 159, 106, 223, 247, 157, 205, 176, 90, 219, 216,
       128, 251, 209, 5, 87, 162, 68, 174, 3, 163, 55, 233, 199, 238, 3,
       239, 121, 90, 234, 93, 254, 113, 36, 214, 37, 95, 238, 55, 175,
       225, 250, 237, 234, 28, 14, 255, 172, 45, 234, 82, 253, 0, 141,
       27, 255, 84, 231, 187, 226, 30, 1, 90, 2, 245, 252, 33, 96, 217,
       59, 19, 17, 34, 184, 89, 63, 109, 167, 170, 64, 148, 11, 49, 138,
       60, 13, 234, 243, 212, 34, 110, 210, 117, 1, 255, 66, 91, 43, 49,
       88, 121, 202, 39, 218, 152, 186, 89, 162, 254, 239, 166, 64, 183,
       251, 240, 160, 54, 124, 250, 237, 124, 95, 182, 200, 94, 236, 252,
       43, 75, 220, 127, 128, 254, 221, 215, 99, 76, 51, 216, 186, 53,
       221, 47, 63, 85, 59, 127, 215, 114, 177, 248, 246, 127, 220, 81,
       45, 235, 85, 165, 9, 46, 217, 78, 150, 130, 159, 253, 17, 14, 107,
       210, 193, 155, 253, 24, 123, 78, 4, 71, 95, 38, 233, 104, 121,
       253, 157, 218, 255, 91, 177, 60, 24, 27, 137, 84, 48, 153, 154,
       87, 153, 218, 58, 218, 247, 111, 221, 149, 125, 247, 152, 218,
       130, 242, 48, 106, 148, 125, 212, 216, 99, 153, 207, 148, 187, 8,
       158, 118, 63, 204, 181, 221, 129, 188, 207, 226, 206, 91, 114,
       218, 251, 7, 44, 126, 87, 139, 144, 102, 201, 109, 251, 241, 87,
       77, 127, 214, 178, 137, 28, 182, 237, 238, 146, 191, 137, 150,
       188, 101, 193, 87, 121, 154, 195, 87, 140, 125, 253, 135, 188,
       183, 211, 211, 228, 169, 148, 255, 81, 67, 82, 252, 214, 125, 109,
       103, 91, 59, 155, 147, 92, 254, 241, 13, 26, 31, 198, 158, 87,
       161, 183, 25, 144, 125, 237, 38, 87, 217, 57, 71, 108, 94, 230,
       223, 125, 186, 164, 62, 21, 183, 45, 193, 176, 53, 157, 195, 239,
       107, 196, 127, 172, 5, 113, 36, 164, 148, 251, 221, 109, 192, 79,
       31, 49, 9, 24, 132, 185, 88, 8, 217, 26, 3, 17, 26, 106, 91, 145,
       205, 214, 155, 127, 144, 72, 212, 130, 70, 185, 148, 158, 171,
       132, 190, 168, 158, 153, 0, 0, 236, 254, 105, 66, 183, 119, 59,
       211, 82, 73, 154, 245, 45, 54, 95, 110, 144, 50, 161, 27, 51, 221,
       110, 127, 146, 214, 30, 246, 21, 73, 206, 167, 51, 188, 55, 112,
       204, 250, 149, 197, 255, 155, 117, 191, 251, 111, 188, 211, 125,
       212, 188, 95, 146, 204, 15, 254, 27, 134, 46, 230, 180, 2, 194,
       131, 61, 231, 49, 96, 108, 251, 51, 205, 97, 143, 18, 255, 177,
       174, 218, 8, 49, 129, 33, 184, 108, 239, 128, 241, 185, 205, 95,
       214, 175, 57, 168, 25, 150, 167, 73, 126, 205, 91, 78, 81, 154,
       90, 218, 176, 237, 212, 159, 124, 146, 89, 135, 146, 42, 251, 114,
       172, 127, 209, 155, 246, 139, 76, 156, 175, 174, 156, 38, 0, 206,
       147, 223, 65, 202, 43, 226, 245, 242, 117, 138, 251, 87, 30, 55,
       219, 130, 77, 130, 159, 85, 131, 190, 71, 30, 130, 80, 3, 172,
       202, 53, 196, 216, 107, 147, 195, 98, 158, 18, 235, 37, 22, 158,
       139, 22, 124, 49, 142, 80, 184, 187, 254, 11, 220, 53, 103, 189,
       23, 164, 24, 190, 191, 100, 122, 162, 51, 233, 0, 66, 75, 178, 99,
       211, 247, 94, 27, 64, 64, 167, 122, 250, 182, 131, 164, 107, 85,
       152, 75, 139, 250, 152, 255, 14, 188, 68, 158, 141, 145, 223, 181,
       175, 107, 194, 218, 26, 82, 89, 191, 207, 12, 31, 223, 158, 117,
       124, 233, 248, 71, 127, 248, 45, 222, 180, 133, 221, 119, 11, 29,
       127, 208, 87, 254, 97, 199, 121, 254, 239, 219, 239, 196, 186,
       241, 34, 243, 66, 249, 179, 118, 251, 200, 48, 135, 187, 153, 138,
       57, 46, 191, 68, 90, 163, 247, 253, 17, 82, 75, 130, 226, 185, 52,
