%YAML:1.0
---
descriptors: !!opencv-matrix
   rows: 347
   cols: 32
   dt: u
   data: [ 211, 15, 229, 149, 198, 50, 124, 167, 121, 243, 194, 223, 73,
       44, 23, 251, 167, 231, 249, 165, 189, 220, 245, 206, 62, 46, 223,
       144, 173, 244, 250, 92, 57, 155, 107, 217, 108, 217, 233, 112, 68,
       124, 214, 230, 177, 141, 243, 225, 124, 168, 63, 205, 203, 187,
       101, 221, 94, 201, 235, 136, 61, 168, 116, 249, 94, 237, 211, 206,
       139, 224, 159, 239, 174, 23, 153, 163, 76, 247, 168, 208, 127,
       255, 207, 194, 88, 11, 170, 241, 185, 164, 206, 191, 181, 115,
       167, 251, 245, 188, 158, 190, 203, 253, 20, 239, 187, 183, 160,
       29, 206, 250, 74, 155, 167, 247, 236, 2, 127, 111, 154, 119, 187,
       247, 87, 126, 200, 113, 171, 119, 77, 166, 148, 117, 232, 63, 100,
       190, 239, 187, 58, 72, 223, 99, 201, 187, 147, 71, 110, 124, 23,
       96, 203, 24, 206, 219, 101, 68, 202, 241, 195, 161, 57, 178, 234,
       237, 94, 137, 225, 112, 76, 252, 244, 238, 187, 9, 246, 32, 120,
       168, 95, 237, 139, 59, 100, 205, 94, 73, 162, 168, 127, 168, 115,
       249, 198, 157, 182, 154, 253, 38, 254, 239, 191, 23, 233, 17, 236,
       254, 44, 91, 253, 199, 123, 147, 54, 203, 26, 239, 185, 182, 222,
       79, 144, 117, 167, 142, 162, 184, 174, 176, 108, 237, 184, 71,
       155, 95, 48, 185, 140, 156, 86, 11, 141, 59, 211, 17, 134, 111,
       210, 193, 31, 16, 94, 235, 196, 72, 215, 223, 155, 22, 111, 181,
       132, 118, 237, 119, 20, 234, 214, 247, 83, 45, 147, 169, 125, 164,
       159, 173, 169, 213, 101, 142, 242, 67, 250, 128, 47, 252, 244,
       112, 124, 248, 152, 122, 201, 172, 85, 223, 163, 159, 172, 12, 94,
       243, 74, 26, 133, 243, 108, 74, 74, 99, 218, 33, 251, 223, 101,
       61, 224, 242, 234, 3, 206, 94, 237, 215, 174, 122, 63, 23, 137,
       247, 31, 183, 201, 46, 151, 239, 71, 215, 253, 135, 177, 84, 237,
       226, 230, 115, 254, 145, 166, 255, 157, 116, 226, 230, 32, 158,
       205, 173, 190, 239, 155, 191, 145, 27, 172, 238, 126, 159, 217,
       107, 251, 39, 114, 79, 250, 255, 61, 18, 223, 187, 144, 124, 151,
       194, 172, 230, 117, 71, 108, 75, 239, 248, 107, 182, 127, 168,
       211, 101, 220, 55, 123, 76, 102, 110, 193, 116, 237, 51, 100, 218,
       101, 36, 71, 187, 198, 240, 150, 97, 171, 167, 22, 70, 175, 81,
       20, 192, 83, 211, 213, 199, 49, 72, 126, 125, 23, 239, 97, 212,
       153, 10, 229, 164, 175, 128, 37, 178, 181, 240, 184, 49, 122, 96,
       100, 79, 85, 121, 97, 236, 191, 13, 91, 29, 142, 49, 62, 156, 69,
       42, 216, 178, 49, 12, 83, 201, 33, 117, 99, 162, 70, 243, 89, 22,
       126, 173, 52, 42, 107, 59, 116, 75, 222, 244, 215, 33, 146, 96,
       119, 132, 126, 173, 185, 188, 69, 94, 236, 175, 50, 196, 236, 128,
       64, 57, 40, 181, 58, 96, 113, 237, 113, 87, 239, 205, 108, 9, 191,
       151, 98, 16, 164, 58, 199, 24, 2, 185, 50, 21, 223, 221, 32, 105,
       194, 128, 206, 251, 34, 191, 114, 74, 243, 243, 186, 199, 31, 5,
       124, 163, 40, 238, 230, 132, 187, 59, 131, 144, 22, 186, 36, 255,
       62, 28, 14, 227, 215, 78, 239, 223, 132, 48, 153, 185, 254, 231,
       185, 74, 30, 243, 80, 82, 180, 151, 105, 72, 215, 59, 51, 145, 51,
       220, 83, 114, 77, 6, 63, 108, 152, 72, 129, 169, 197, 240, 185,
       115, 169, 237, 181, 159, 190, 255, 131, 29, 246, 252, 91, 58, 149,
       71, 121, 31, 167, 69, 251, 50, 237, 223, 127, 116, 136, 80, 147,
       123, 124, 253, 188, 246, 137, 100, 95, 156, 147, 246, 142, 13,
       247, 245, 67, 91, 197, 255, 121, 206, 73, 75, 251, 32, 251, 227,
       197, 60, 136, 123, 6, 122, 157, 23, 95, 111, 52, 126, 227, 184,
       116, 204, 255, 244, 211, 103, 155, 113, 126, 196, 78, 254, 169,
       240, 125, 78, 110, 233, 163, 132, 111, 227, 102, 241, 13, 132,
       173, 247, 172, 46, 77, 190, 22, 255, 155, 84, 215, 55, 89, 43,
       213, 86, 125, 61, 185, 201, 121, 34, 205, 255, 255, 212, 136, 113,
       209, 114, 165, 102, 109, 97, 116, 15, 107, 56, 117, 42, 119, 92,
       211, 65, 153, 49, 152, 140, 70, 110, 233, 180, 105, 14, 230, 249,
       97, 148, 96, 187, 82, 161, 53, 253, 59, 118, 100, 143, 119, 240,
       249, 170, 244, 72, 119, 251, 0, 49, 180, 252, 68, 106, 233, 243,
       56, 44, 243, 219, 101, 16, 64, 178, 66, 163, 194, 158, 188, 209,
       160, 114, 188, 183, 122, 59, 30, 240, 144, 47, 196, 107, 231, 86,
       170, 16, 183, 220, 131, 98, 14, 50, 254, 199, 140, 208, 189, 57,
       198, 22, 156, 181, 169, 36, 56, 27, 190, 155, 151, 112, 220, 119,
       65, 75, 197, 87, 125, 145, 48, 69, 203, 194, 205, 186, 251, 150,
       136, 97, 41, 3, 97, 116, 213, 119, 160, 58, 110, 190, 120, 234,
       122, 232, 243, 115, 145, 51, 23, 246, 124, 106, 233, 244, 205, 46,
       36, 190, 101, 128, 108, 242, 202, 57, 191, 251, 113, 232, 60, 211,
       219, 220, 135, 236, 180, 239, 59, 205, 247, 32, 222, 248, 23, 124,
       203, 35, 110, 189, 187, 217, 165, 188, 55, 190, 84, 253, 68, 41,
       251, 103, 244, 106, 99, 152, 96, 160, 63, 72, 211, 99, 209, 62,
       51, 236, 100, 122, 137, 240, 169, 40, 207, 140, 165, 36, 228, 243,
       86, 32, 120, 156, 26, 252, 144, 230, 83, 115, 53, 15, 174, 25, 55,
       55, 2, 80, 233, 183, 205, 144, 56, 143, 81, 47, 251, 231, 176, 81,
       160, 64, 174, 90, 52, 240, 56, 160, 104, 79, 81, 93, 163, 252,
       176, 9, 23, 157, 66, 16, 157, 149, 85, 49, 74, 103, 216, 20, 217,
       141, 33, 125, 96, 34, 70, 211, 162, 108, 242, 94, 93, 209, 246,
       73, 223, 134, 121, 11, 104, 201, 109, 148, 216, 232, 194, 226,
       102, 167, 154, 251, 55, 28, 133, 43, 87, 254, 126, 134, 214, 56,
       186, 240, 139, 173, 16, 194, 187, 151, 164, 29, 142, 147, 65, 27,
       163, 251, 233, 16, 50, 79, 146, 242, 219, 211, 95, 123, 128, 65,
       39, 34, 188, 20, 56, 185, 92, 175, 209, 74, 30, 55, 177, 31, 23,
       27, 106, 89, 249, 137, 7, 181, 58, 118, 89, 150, 221, 195, 187,
       124, 177, 9, 85, 210, 118, 180, 181, 58, 137, 237, 17, 11, 239,
       55, 169, 25, 142, 244, 76, 95, 129, 151, 236, 17, 62, 75, 251, 17,
       153, 214, 89, 127, 208, 72, 135, 102, 131, 221, 59, 95, 180, 190,
       127, 183, 125, 75, 127, 80, 252, 243, 190, 101, 117, 106, 30, 14,
       243, 189, 41, 239, 99, 63, 118, 128, 210, 209, 249, 105, 113, 89,
       107, 238, 14, 68, 79, 248, 197, 72, 222, 102, 115, 253, 177, 96,
       126, 232, 62, 234, 201, 35, 254, 189, 243, 237, 175, 152, 61, 187,
       112, 121, 73, 70, 189, 247, 44, 122, 109, 63, 252, 122, 31, 80,
       223, 33, 153, 107, 163, 68, 124, 47, 225, 229, 239, 75, 198, 251,
       118, 148, 12, 240, 209, 105, 124, 181, 56, 162, 219, 87, 94, 236,
       51, 244, 173, 139, 95, 127, 74, 144, 253, 223, 217, 242, 95, 67,
       219, 23, 251, 197, 141, 125, 51, 98, 174, 82, 98, 68, 61, 150, 92,
       106, 188, 97, 137, 182, 146, 91, 228, 124, 8, 19, 232, 245, 123,
       161, 36, 103, 211, 205, 181, 50, 203, 186, 5, 40, 151, 6, 130,
       128, 144, 155, 237, 229, 176, 79, 30, 31, 64, 19, 172, 218, 110,
       77, 201, 11, 163, 17, 54, 94, 82, 243, 13, 18, 218, 107, 144, 76,
       189, 206, 14, 157, 52, 155, 189, 247, 176, 239, 31, 61, 93, 19,
       204, 126, 46, 197, 209, 27, 187, 17, 54, 216, 91, 247, 175, 86,
       223, 71, 146, 76, 157, 214, 33, 167, 195, 23, 112, 59, 234, 127,
       123, 225, 113, 252, 122, 232, 222, 188, 63, 238, 86, 12, 181, 250,
       237, 126, 46, 30, 53, 224, 207, 164, 218, 197, 252, 117, 121, 102,
       190, 83, 95, 248, 83, 238, 183, 42, 91, 127, 223, 51, 190, 213,
       93, 235, 233, 99, 237, 174, 251, 201, 165, 189, 39, 243, 70, 115,
       192, 124, 123, 101, 112, 78, 111, 50, 121, 142, 126, 72, 247, 115,
       129, 112, 50, 124, 76, 106, 225, 244, 177, 110, 103, 191, 32, 0,
       66, 243, 103, 169, 177, 205, 8, 190, 93, 133, 198, 230, 214, 8,
       240, 10, 50, 137, 49, 0, 200, 234, 2, 75, 106, 43, 82, 191, 177,
       136, 130, 56, 89, 25, 112, 138, 252, 104, 221, 240, 45, 105, 84,
       214, 235, 183, 176, 57, 143, 155, 65, 155, 139, 240, 236, 82, 10,
