%YAML:1.0
---
descriptors: !!opencv-matrix
   rows: 98
   cols: 32
   dt: u
   data: [ 192, 92, 191, 220, 108, 108, 101, 150, 222, 26, 102, 16, 252,
       183, 33, 107, 193, 116, 106, 10, 97, 69, 179, 113, 71, 186, 82, 8,
       80, 249, 101, 170, 81, 233, 145, 231, 48, 15, 79, 188, 125, 136,
       242, 72, 215, 51, 128, 116, 182, 213, 124, 106, 73, 96, 233, 255,
       185, 252, 39, 22, 0, 178, 3, 41, 114, 198, 229, 254, 28, 3, 206,
       168, 83, 162, 243, 202, 115, 104, 21, 17, 91, 205, 53, 239, 232,
       242, 77, 223, 184, 46, 237, 148, 37, 170, 114, 0, 174, 133, 150,
       248, 253, 171, 22, 233, 223, 19, 249, 25, 206, 249, 44, 201, 215,
       121, 239, 34, 52, 103, 10, 151, 154, 254, 71, 127, 214, 239, 137,
       131, 124, 241, 61, 106, 185, 79, 87, 248, 63, 248, 189, 73, 223,
       127, 73, 49, 157, 221, 93, 106, 75, 99, 123, 61, 251, 219, 37,
       188, 82, 251, 70, 115, 161, 160, 157, 187, 236, 173, 169, 143, 30,
       59, 81, 120, 148, 131, 200, 9, 143, 27, 114, 17, 19, 124, 203,
       209, 204, 147, 126, 252, 216, 200, 129, 169, 96, 216, 24, 251, 41,
       205, 144, 174, 143, 57, 160, 12, 190, 150, 68, 104, 133, 19, 234,
       64, 67, 40, 82, 55, 133, 214, 80, 59, 88, 8, 141, 31, 189, 71,
       204, 103, 176, 30, 78, 184, 119, 170, 127, 228, 83, 97, 153, 241,
       22, 204, 36, 110, 237, 240, 109, 14, 234, 239, 101, 132, 111, 243,
       88, 1, 242, 72, 223, 252, 46, 10, 77, 52, 169, 146, 178, 154, 127,
       43, 21, 91, 102, 245, 125, 234, 104, 71, 195, 232, 210, 251, 254,
       152, 37, 241, 98, 40, 124, 133, 253, 97, 149, 107, 83, 41, 115,
       167, 175, 24, 83, 53, 8, 48, 25, 150, 72, 56, 57, 186, 121, 30,
       251, 239, 21, 85, 227, 74, 198, 98, 53, 207, 132, 158, 220, 3,
       134, 236, 18, 179, 177, 254, 194, 96, 233, 31, 89, 202, 6, 126,
       122, 98, 79, 191, 184, 6, 239, 124, 217, 122, 154, 132, 198, 232,
       144, 158, 79, 137, 174, 168, 187, 178, 1, 10, 236, 234, 92, 135,
       179, 235, 107, 195, 102, 68, 218, 251, 189, 18, 207, 59, 20, 50,
       27, 6, 222, 180, 50, 186, 27, 212, 18, 73, 191, 93, 165, 25, 238,
       222, 106, 213, 183, 155, 221, 50, 126, 15, 186, 247, 187, 241, 26,
       123, 18, 7, 175, 87, 59, 178, 61, 91, 175, 245, 217, 159, 11, 125,
       181, 63, 10, 29, 222, 56, 237, 159, 245, 17, 158, 122, 251, 209,
       91, 89, 120, 247, 215, 12, 214, 119, 118, 163, 196, 255, 76, 3,
       202, 168, 87, 176, 243, 74, 99, 104, 92, 134, 217, 196, 117, 243,
       42, 114, 207, 189, 12, 250, 197, 116, 117, 171, 80, 132, 219, 87,
       62, 109, 41, 87, 93, 119, 69, 110, 86, 253, 95, 29, 150, 255, 134,
       21, 253, 111, 237, 151, 113, 140, 243, 251, 104, 147, 62, 148,
       172, 117, 101, 96, 56, 69, 44, 31, 103, 56, 107, 232, 189, 8, 214,
       80, 211, 52, 144, 76, 92, 110, 201, 240, 233, 92, 229, 157, 33,
       52, 64, 187, 67, 101, 9, 158, 200, 57, 50, 155, 40, 191, 54, 65,
       94, 244, 185, 162, 146, 212, 119, 43, 38, 140, 183, 216, 71, 127,
       172, 255, 190, 192, 62, 132, 137, 153, 108, 173, 57, 74, 205, 109,
       71, 233, 195, 188, 173, 8, 82, 213, 89, 53, 89, 210, 66, 106, 91,
       35, 250, 53, 121, 137, 5, 124, 83, 123, 214, 226, 97, 34, 149,
       178, 44, 173, 64, 0, 171, 27, 179, 88, 151, 131, 8, 26, 201, 133,
       108, 8, 11, 103, 194, 65, 144, 176, 50, 120, 200, 8, 66, 32, 252,
       82, 30, 172, 44, 6, 87, 184, 32, 138, 231, 105, 87, 83, 9, 91,
       244, 212, 108, 98, 232, 199, 201, 8, 241, 227, 231, 29, 32, 179,
       54, 3, 27, 93, 118, 252, 181, 134, 126, 230, 165, 128, 234, 2,
       185, 251, 53, 116, 236, 243, 59, 202, 72, 139, 18, 237, 243, 255,
       134, 0, 11, 176, 225, 42, 190, 48, 241, 225, 239, 127, 217, 202,
       11, 249, 181, 26, 158, 29, 85, 190, 187, 153, 223, 49, 27, 118,
       249, 208, 223, 217, 5, 247, 231, 109, 86, 247, 122, 184, 188, 122,
       171, 253, 21, 143, 171, 55, 172, 25, 174, 255, 66, 27, 131, 115,
       233, 16, 18, 75, 218, 49, 219, 211, 93, 123, 210, 84, 143, 11, 5,
       166, 217, 241, 236, 169, 185, 159, 238, 59, 57, 120, 158, 169,
       220, 42, 175, 27, 126, 25, 147, 124, 203, 211, 204, 158, 127, 252,
       220, 200, 193, 161, 106, 114, 254, 224, 238, 98, 217, 86, 75, 253,
       180, 187, 159, 159, 247, 58, 134, 221, 245, 149, 132, 231, 163,
       192, 195, 249, 190, 187, 199, 213, 7, 123, 248, 112, 254, 116, 77,
       76, 85, 245, 225, 150, 166, 24, 82, 221, 71, 59, 168, 244, 121,
       234, 104, 103, 178, 32, 115, 235, 85, 27, 99, 48, 230, 106, 118,
       64, 214, 158, 77, 102, 254, 200, 185, 134, 242, 11, 106, 250, 45,
       219, 249, 245, 239, 227, 44, 103, 219, 232, 147, 190, 195, 31, 1,
       127, 126, 6, 36, 53, 185, 99, 221, 111, 83, 136, 90, 181, 45, 24,
       214, 117, 73, 56, 145, 28, 64, 58, 18, 112, 121, 18, 79, 157, 1,
       119, 192, 75, 70, 226, 240, 72, 223, 252, 108, 40, 109, 20, 185,
       146, 242, 218, 251, 43, 21, 91, 107, 229, 127, 170, 104, 71, 195,
       224, 212, 186, 242, 152, 37, 241, 98, 40, 6, 165, 144, 129, 221,
       109, 184, 73, 30, 53, 185, 27, 204, 122, 72, 8, 187, 155, 203, 49,
       50, 115, 219, 214, 157, 22, 159, 119, 148, 10, 133, 130, 244, 46,
       222, 182, 236, 41, 125, 202, 187, 183, 178, 25, 207, 234, 67, 27,
       235, 231, 111, 19, 60, 103, 202, 226, 220, 242, 223, 62, 192, 121,
       3, 2, 125, 125, 24, 101, 168, 15, 86, 186, 59, 168, 172, 72, 159,
       51, 65, 176, 151, 221, 92, 104, 201, 122, 209, 30, 239, 223, 37,
       52, 74, 241, 74, 3, 198, 236, 132, 159, 13, 137, 38, 136, 190,
       178, 1, 18, 236, 226, 77, 207, 177, 237, 106, 131, 98, 69, 154,
       251, 189, 22, 207, 43, 16, 114, 11, 6, 4, 32, 150, 168, 184, 11,
       154, 105, 158, 178, 241, 25, 207, 234, 96, 217, 211, 77, 110, 48,
       52, 227, 75, 222, 152, 247, 79, 125, 208, 41, 169, 130, 50, 32,
       214, 172, 107, 11, 152, 72, 15, 160, 240, 137, 78, 190, 45, 159,
       222, 157, 255, 37, 76, 211, 195, 200, 146, 126, 91, 191, 84, 44,
       35, 135, 9, 184, 17, 187, 116, 189, 40, 222, 30, 89, 84, 86, 189,
       146, 176, 228, 247, 43, 51, 28, 163, 152, 114, 247, 141, 159, 58,
       224, 152, 140, 137, 249, 242, 96, 117, 225, 38, 8, 232, 64, 233,
       144, 176, 10, 15, 11, 84, 18, 234, 133, 127, 217, 74, 38, 199,
       192, 151, 216, 138, 34, 101, 130, 115, 8, 146, 141, 254, 23, 178,
       210, 188, 175, 58, 242, 94, 179, 108, 124, 166, 97, 51, 127, 181,
       129, 116, 216, 45, 255, 40, 39, 127, 195, 165, 116, 141, 79, 165,
       244, 145, 83, 253, 127, 196, 174, 91, 251, 36, 24, 210, 112, 221,
       189, 153, 74, 80, 56, 47, 118, 121, 31, 47, 222, 85, 118, 216,
       120, 210, 174, 14, 141, 148, 149, 233, 118, 188, 167, 190, 243,
       78, 17, 204, 54, 68, 207, 129, 87, 243, 144, 53, 216, 91, 226, 47,
       50, 223, 71, 130, 116, 141, 142, 246, 75, 71, 172, 14, 66, 71,
       160, 229, 164, 178, 35, 99, 106, 37, 83, 104, 245, 108, 227, 104,
       231, 69, 237, 177, 162, 206, 19, 37, 50, 116, 46, 209, 208, 31,
       116, 8, 78, 69, 53, 224, 210, 166, 88, 247, 83, 0, 123, 32, 244,
       124, 106, 105, 101, 179, 9, 241, 171, 101, 16, 104, 176, 194, 56,
       157, 18, 239, 227, 100, 38, 235, 80, 117, 136, 215, 246, 89, 10,
       157, 104, 126, 196, 23, 238, 168, 148, 109, 234, 214, 235, 234,
       132, 173, 171, 112, 241, 246, 177, 61, 250, 175, 205, 153, 217,
       143, 125, 149, 63, 30, 221, 254, 123, 207, 155, 253, 17, 223, 39,
       250, 209, 211, 89, 184, 254, 87, 12, 214, 115, 190, 181, 105, 120,
       143, 253, 85, 217, 143, 127, 181, 63, 10, 221, 126, 59, 141, 147,
       221, 23, 158, 39, 186, 209, 219, 89, 1, 255, 247, 76, 212, 119,
       203, 99, 114, 233, 46, 19, 220, 17, 141, 96, 119, 239, 157, 143,
       148, 113, 134, 157, 93, 239, 193, 180, 165, 208, 6, 249, 168, 170,
       63, 132, 211, 85, 10, 112, 122, 233, 46, 53, 90, 16, 13, 109, 127,
       171, 157, 159, 151, 96, 134, 29, 221, 215, 132, 144, 181, 192, 71,
       253, 40, 163, 55, 151, 69, 215, 4, 172, 156, 191, 159, 130, 22,
