%YAML:1.0
---
descriptors: !!opencv-matrix
   rows: 256
   cols: 32
   dt: u
   data: [ 9, 193, 61, 235, 29, 149, 233, 124, 71, 73, 252, 70, 249, 89,
       60, 96, 252, 131, 18, 173, 171, 42, 51, 221, 67, 253, 146, 72, 93,
       2, 97, 232, 14, 20, 176, 139, 85, 247, 186, 74, 31, 15, 75, 19,
       140, 94, 47, 204, 217, 27, 147, 145, 38, 156, 89, 223, 15, 22,
       154, 71, 146, 15, 61, 198, 10, 149, 20, 203, 181, 199, 62, 175,
       28, 9, 94, 2, 236, 126, 42, 65, 208, 19, 179, 225, 82, 152, 73,
       253, 45, 50, 142, 199, 22, 10, 189, 27, 14, 235, 162, 191, 117,
       176, 191, 201, 30, 79, 88, 135, 232, 238, 63, 0, 223, 107, 151,
       133, 134, 146, 206, 243, 100, 53, 138, 173, 151, 126, 53, 205,
       110, 170, 168, 155, 173, 189, 217, 154, 159, 63, 149, 141, 161,
       205, 83, 10, 205, 106, 255, 21, 174, 76, 235, 181, 207, 83, 221,
       249, 22, 205, 92, 74, 86, 33, 26, 188, 11, 193, 30, 104, 175, 132,
       169, 169, 110, 222, 41, 208, 254, 241, 207, 226, 10, 3, 10, 221,
       177, 213, 11, 59, 16, 35, 39, 66, 31, 227, 239, 225, 2, 1, 105,
       217, 46, 112, 83, 230, 61, 199, 248, 96, 126, 137, 63, 221, 195,
       80, 47, 209, 220, 73, 175, 228, 61, 134, 161, 225, 183, 63, 250,
       252, 126, 181, 187, 218, 159, 76, 92, 231, 108, 252, 191, 41, 254,
       123, 151, 247, 163, 35, 46, 255, 82, 93, 171, 171, 223, 253, 61,
       221, 29, 130, 207, 251, 182, 162, 111, 221, 116, 67, 214, 214, 81,
       163, 185, 104, 125, 142, 62, 188, 187, 147, 61, 231, 248, 239,
       190, 68, 173, 216, 240, 32, 248, 123, 88, 101, 50, 11, 84, 23, 49,
       172, 118, 45, 63, 19, 3, 80, 34, 188, 197, 0, 72, 252, 193, 14,
       247, 225, 48, 49, 96, 168, 78, 11, 191, 126, 175, 188, 63, 182,
       155, 218, 157, 204, 212, 231, 60, 220, 183, 11, 222, 121, 159,
       247, 175, 231, 34, 238, 250, 83, 175, 155, 143, 61, 53, 223, 31,
       133, 230, 211, 199, 50, 190, 237, 27, 19, 87, 210, 72, 126, 255,
       239, 119, 215, 183, 190, 182, 208, 175, 226, 59, 122, 223, 199,
       135, 247, 249, 245, 216, 19, 26, 165, 50, 136, 120, 117, 37, 13,
       254, 245, 111, 43, 10, 208, 182, 183, 237, 128, 76, 153, 129, 15,
       242, 229, 50, 129, 40, 128, 175, 27, 14, 232, 178, 201, 221, 113,
       178, 202, 31, 245, 76, 3, 140, 252, 126, 140, 249, 91, 147, 209,
       22, 50, 58, 243, 47, 85, 159, 111, 147, 127, 189, 214, 123, 150,
       108, 53, 30, 30, 207, 56, 112, 254, 182, 255, 195, 44, 158, 163,
       126, 196, 253, 175, 173, 253, 109, 140, 254, 235, 239, 144, 111,
       237, 90, 85, 247, 173, 173, 181, 140, 62, 206, 170, 82, 246, 130,
       157, 195, 108, 87, 238, 205, 198, 249, 157, 189, 73, 255, 162,
       137, 83, 223, 116, 140, 125, 24, 84, 249, 27, 111, 253, 54, 136,
       111, 50, 212, 72, 86, 230, 51, 165, 177, 97, 110, 230, 60, 78,
       233, 189, 36, 175, 242, 235, 226, 128, 47, 168, 80, 121, 121, 170,
       152, 58, 104, 140, 81, 148, 226, 29, 180, 93, 63, 147, 66, 91,
       165, 167, 76, 28, 134, 107, 146, 33, 211, 233, 112, 41, 232, 128,
       74, 11, 8, 164, 56, 234, 117, 233, 177, 239, 31, 53, 29, 10, 142,
       157, 104, 64, 209, 27, 131, 17, 18, 58, 104, 215, 255, 213, 31,
       127, 146, 10, 149, 170, 30, 147, 166, 184, 163, 82, 124, 31, 173,
       95, 215, 167, 141, 175, 34, 204, 231, 151, 191, 149, 28, 137, 51,
       192, 147, 243, 222, 199, 166, 214, 173, 87, 56, 221, 122, 254, 60,
       199, 75, 244, 213, 12, 252, 2, 51, 213, 176, 100, 72, 184, 6, 202,
       202, 171, 114, 191, 243, 237, 162, 24, 55, 154, 116, 232, 175, 20,
       99, 211, 229, 125, 175, 240, 29, 94, 125, 182, 72, 253, 253, 173,
       127, 90, 147, 174, 177, 242, 120, 224, 15, 88, 198, 162, 199, 255,
       255, 245, 155, 30, 38, 185, 47, 245, 184, 74, 223, 94, 93, 167,
       172, 220, 119, 237, 239, 41, 183, 135, 230, 180, 62, 221, 134, 81,
       139, 139, 95, 93, 61, 215, 42, 176, 176, 154, 245, 213, 114, 77,
       31, 109, 117, 11, 140, 222, 110, 144, 221, 153, 147, 17, 22, 30,
       88, 215, 15, 85, 156, 111, 146, 14, 156, 214, 146, 153, 126, 189,
       20, 247, 152, 108, 140, 29, 244, 3, 253, 30, 38, 65, 238, 51, 151,
       225, 38, 169, 50, 125, 67, 235, 42, 193, 81, 0, 109, 218, 114, 54,
       243, 116, 127, 255, 208, 67, 41, 236, 186, 47, 10, 61, 87, 155,
       237, 183, 215, 17, 172, 227, 224, 200, 31, 88, 37, 179, 199, 108,
       94, 87, 46, 65, 18, 142, 77, 85, 148, 64, 140, 132, 137, 11, 204,
       222, 39, 135, 200, 49, 203, 99, 68, 3, 210, 200, 17, 48, 139, 59,
       18, 63, 61, 198, 163, 157, 101, 11, 245, 223, 162, 232, 77, 72,
       121, 98, 232, 92, 191, 165, 216, 43, 146, 103, 247, 184, 60, 255,
       38, 24, 2, 67, 93, 15, 121, 205, 211, 30, 136, 164, 26, 54, 30,
       58, 18, 230, 138, 223, 71, 46, 66, 210, 53, 229, 253, 231, 172,
       95, 221, 46, 250, 103, 237, 189, 45, 231, 56, 88, 203, 31, 124,
       255, 166, 148, 110, 50, 189, 74, 215, 246, 253, 127, 183, 99, 102,
       115, 63, 206, 241, 140, 15, 255, 198, 251, 250, 192, 63, 133, 41,
       57, 49, 55, 83, 79, 116, 63, 226, 91, 69, 105, 249, 106, 83, 216,
       188, 164, 120, 206, 6, 104, 143, 178, 100, 222, 54, 12, 161, 0,
       223, 142, 122, 164, 255, 95, 174, 94, 237, 54, 223, 252, 225, 206,
       247, 15, 121, 253, 191, 123, 220, 230, 117, 239, 236, 231, 170,
       171, 115, 123, 229, 157, 75, 247, 250, 87, 129, 222, 31, 159, 126,
       134, 174, 183, 156, 90, 218, 246, 244, 126, 180, 99, 231, 119, 63,
       163, 225, 141, 75, 127, 44, 42, 239, 128, 28, 184, 161, 153, 74,
       169, 189, 248, 169, 225, 17, 207, 191, 31, 165, 57, 174, 183, 64,
       123, 199, 147, 237, 144, 58, 75, 234, 213, 219, 243, 90, 127, 146,
       64, 167, 115, 30, 175, 2, 171, 178, 163, 62, 255, 54, 9, 217, 227,
       189, 231, 160, 64, 126, 251, 15, 226, 90, 155, 8, 127, 248, 165,
       175, 225, 180, 211, 173, 171, 41, 141, 98, 15, 213, 143, 231, 103,
       84, 5, 234, 14, 227, 232, 54, 96, 88, 234, 2, 109, 30, 186, 125,
       191, 109, 44, 132, 80, 209, 14, 208, 206, 112, 36, 26, 168, 9, 43,
       84, 111, 189, 134, 160, 27, 14, 170, 38, 89, 248, 169, 200, 160,
       108, 35, 130, 220, 179, 208, 211, 63, 81, 124, 174, 6, 80, 208,
       159, 188, 202, 96, 53, 207, 190, 19, 224, 179, 117, 247, 40, 90,
       227, 211, 107, 144, 50, 207, 19, 97, 241, 163, 126, 75, 176, 80,
       165, 154, 135, 26, 155, 252, 110, 164, 187, 90, 156, 138, 80, 98,
       61, 223, 177, 105, 254, 121, 55, 233, 129, 135, 2, 201, 209, 169,
       234, 136, 29, 233, 49, 177, 2, 203, 26, 188, 91, 192, 188, 103,
       190, 21, 72, 177, 172, 199, 32, 64, 230, 59, 131, 128, 82, 26, 2,
       245, 101, 245, 154, 203, 16, 4, 165, 202, 203, 150, 149, 153, 173,
       61, 180, 159, 223, 123, 24, 124, 140, 56, 76, 207, 197, 71, 238,
       17, 183, 109, 219, 243, 142, 114, 94, 255, 154, 92, 153, 31, 119,
       99, 34, 190, 125, 157, 150, 232, 207, 76, 153, 47, 206, 200, 63,
       132, 216, 233, 207, 103, 206, 35, 206, 253, 178, 84, 15, 187, 93,
       63, 63, 70, 50, 8, 218, 226, 199, 3, 94, 100, 45, 35, 241, 27, 15,
       43, 38, 217, 234, 199, 135, 194, 28, 187, 65, 232, 147, 222, 222,
       19, 177, 91, 234, 10, 61, 87, 125, 231, 246, 87, 79, 248, 80, 238,
       253, 174, 83, 117, 155, 51, 127, 220, 21, 238, 233, 242, 125, 174,
       250, 207, 229, 132, 127, 251, 244, 241, 205, 92, 247, 69, 230,
       110, 111, 146, 120, 234, 90, 68, 209, 55, 145, 111, 54, 116, 61,
       238, 225, 212, 177, 106, 101, 42, 231, 132, 46, 243, 65, 113, 37,
       53, 255, 119, 244, 46, 117, 113, 113, 234, 127, 76, 83, 121, 17,
       57, 156, 62, 23, 40, 177, 240, 48, 14, 71, 207, 117, 0, 232, 234,
       194, 179, 84, 53, 159, 180, 170, 108, 25, 3, 178, 159, 139, 177,
       215, 183, 65, 90, 167, 119, 109, 145, 56, 73, 147, 2, 201, 231,
       126, 89, 160, 97, 167, 115, 87, 251, 227, 6, 242, 86, 111, 252,
       97, 204, 222, 237, 121, 228, 223, 54, 54, 253, 252, 239, 197, 219,
       173, 108, 122, 44, 37, 136, 103, 182, 166, 125, 216, 151, 26, 174,
