%YAML:1.0
---
descriptors: !!opencv-matrix
   rows: 277
   cols: 32
   dt: u
   data: [ 60, 116, 252, 227, 124, 103, 83, 216, 87, 183, 189, 26, 91,
       95, 95, 40, 93, 216, 215, 122, 170, 102, 121, 178, 91, 207, 165,
       125, 247, 251, 76, 178, 205, 180, 189, 87, 164, 46, 101, 187, 114,
       251, 55, 84, 211, 113, 217, 111, 17, 70, 120, 46, 177, 252, 249,
       42, 77, 171, 117, 4, 200, 249, 208, 96, 216, 253, 145, 122, 189,
       221, 245, 223, 251, 27, 188, 24, 190, 251, 68, 183, 133, 115, 124,
       24, 123, 111, 218, 243, 185, 221, 23, 122, 218, 88, 203, 43, 118,
       120, 162, 170, 9, 133, 154, 200, 143, 12, 176, 15, 174, 205, 103,
       2, 204, 249, 255, 199, 202, 39, 218, 240, 209, 112, 139, 59, 81,
       63, 39, 210, 173, 189, 237, 71, 221, 55, 79, 191, 83, 250, 60, 12,
       91, 125, 223, 51, 29, 206, 117, 174, 249, 218, 253, 62, 111, 207,
       229, 52, 239, 242, 210, 240, 33, 237, 105, 69, 212, 79, 231, 183,
       116, 96, 254, 72, 243, 97, 148, 48, 88, 254, 102, 40, 249, 186,
       117, 15, 103, 175, 33, 64, 97, 170, 210, 168, 207, 190, 196, 19,
       235, 185, 36, 139, 191, 243, 1, 253, 168, 234, 206, 223, 167, 106,
       234, 20, 183, 76, 222, 243, 14, 82, 95, 107, 158, 85, 139, 220,
       175, 255, 237, 85, 238, 23, 223, 190, 82, 226, 116, 254, 121, 109,
       151, 37, 31, 222, 183, 110, 229, 246, 253, 190, 111, 11, 101, 148,
       111, 253, 212, 241, 81, 220, 13, 189, 12, 110, 124, 63, 190, 114,
       194, 19, 247, 63, 17, 123, 201, 167, 127, 37, 237, 205, 211, 157,
       245, 243, 219, 16, 24, 88, 153, 10, 220, 48, 188, 114, 41, 237,
       81, 24, 171, 191, 165, 24, 159, 215, 72, 26, 133, 149, 125, 18,
       58, 71, 250, 50, 219, 241, 81, 127, 162, 1, 7, 35, 69, 114, 153,
       231, 32, 14, 111, 24, 40, 170, 115, 100, 215, 23, 201, 62, 22, 92,
       92, 106, 193, 212, 249, 72, 165, 188, 37, 132, 8, 179, 3, 49, 212,
       222, 209, 238, 168, 96, 86, 154, 147, 14, 249, 245, 207, 231, 233,
       82, 215, 199, 46, 214, 41, 7, 202, 226, 186, 245, 38, 206, 176,
       249, 36, 113, 61, 99, 107, 169, 28, 2, 207, 248, 68, 236, 253,
       194, 211, 73, 159, 0, 124, 140, 95, 239, 201, 163, 101, 156, 244,
       233, 163, 156, 117, 187, 114, 224, 38, 237, 81, 99, 246, 139, 238,
       236, 123, 160, 56, 200, 135, 9, 84, 17, 187, 207, 71, 127, 114,
       248, 205, 127, 188, 156, 5, 116, 101, 138, 211, 136, 56, 143, 82,
       170, 149, 167, 218, 247, 149, 5, 221, 3, 109, 235, 34, 192, 250,
       186, 131, 48, 62, 171, 24, 191, 251, 229, 130, 73, 183, 138, 248,
       10, 108, 57, 69, 33, 246, 235, 234, 88, 111, 233, 123, 238, 221,
       42, 209, 176, 122, 141, 102, 251, 147, 178, 77, 92, 28, 173, 35,
       228, 239, 227, 99, 177, 66, 184, 147, 152, 91, 237, 176, 71, 175,
       21, 40, 57, 172, 146, 100, 206, 163, 59, 234, 17, 22, 73, 146,
       241, 157, 16, 26, 107, 216, 64, 143, 159, 252, 243, 28, 56, 169,
       157, 86, 249, 171, 28, 188, 93, 111, 219, 74, 146, 165, 193, 236,
       86, 94, 103, 154, 19, 251, 217, 37, 127, 114, 164, 206, 67, 57,
       249, 24, 114, 105, 141, 86, 246, 175, 57, 180, 77, 63, 155, 66,
       144, 165, 147, 205, 66, 78, 107, 26, 53, 251, 217, 52, 59, 106,
       16, 202, 139, 139, 40, 174, 157, 242, 178, 185, 71, 188, 19, 198,
       147, 60, 190, 50, 105, 111, 63, 123, 157, 54, 219, 7, 109, 85, 34,
       218, 65, 133, 68, 169, 172, 182, 48, 234, 184, 75, 225, 17, 72,
       159, 69, 161, 187, 6, 206, 111, 24, 218, 185, 207, 17, 14, 7, 74,
       147, 219, 213, 25, 59, 181, 13, 46, 214, 108, 177, 61, 250, 137,
       221, 80, 237, 139, 53, 165, 8, 158, 223, 76, 187, 201, 147, 253,
       80, 27, 75, 250, 181, 219, 219, 85, 127, 210, 8, 198, 114, 82,
       184, 181, 186, 155, 229, 27, 198, 187, 125, 0, 25, 188, 215, 96,
       26, 165, 123, 121, 145, 2, 79, 154, 247, 217, 150, 31, 123, 144,
       0, 167, 123, 162, 170, 18, 248, 77, 141, 80, 71, 175, 29, 240, 25,
       174, 138, 36, 212, 201, 171, 239, 128, 94, 47, 210, 209, 151, 208,
       146, 123, 80, 12, 238, 14, 75, 142, 198, 181, 130, 58, 188, 151,
       60, 215, 26, 247, 141, 38, 194, 203, 39, 71, 237, 149, 148, 221,
       135, 226, 220, 99, 126, 193, 172, 245, 169, 89, 215, 92, 207, 158,
       2, 38, 143, 224, 152, 194, 194, 150, 117, 230, 183, 111, 118, 229,
       56, 239, 237, 199, 62, 238, 145, 42, 203, 0, 45, 241, 49, 116, 50,
       40, 18, 200, 93, 231, 210, 66, 95, 140, 248, 11, 10, 152, 53, 128,
       248, 185, 131, 193, 8, 59, 64, 218, 19, 156, 146, 43, 81, 12, 126,
       142, 98, 10, 18, 156, 93, 233, 240, 70, 191, 8, 240, 11, 42, 152,
       37, 216, 232, 171, 238, 129, 12, 43, 194, 218, 149, 52, 146, 59,
       81, 8, 126, 142, 66, 144, 151, 177, 176, 236, 57, 23, 187, 27, 2,
       80, 156, 183, 64, 74, 135, 119, 125, 16, 51, 205, 146, 98, 205,
       182, 94, 74, 136, 64, 161, 51, 11, 95, 123, 148, 98, 212, 61, 118,
       189, 206, 94, 231, 60, 182, 163, 244, 38, 123, 151, 204, 197, 152,
       52, 238, 102, 127, 62, 130, 46, 212, 45, 253, 120, 154, 16, 184,
       61, 173, 80, 71, 171, 29, 168, 93, 174, 155, 100, 157, 201, 187,
       207, 16, 30, 43, 210, 145, 155, 208, 18, 123, 218, 76, 206, 142,
       15, 122, 186, 154, 105, 245, 185, 88, 190, 93, 69, 37, 236, 198,
       251, 236, 246, 41, 187, 95, 135, 69, 170, 241, 199, 113, 106, 235,
       146, 7, 61, 215, 3, 251, 237, 93, 238, 23, 173, 189, 94, 248, 20,
       198, 121, 108, 215, 47, 31, 71, 115, 237, 209, 104, 255, 249, 111,
       58, 239, 188, 95, 252, 209, 253, 248, 255, 26, 56, 233, 157, 84,
       255, 171, 254, 180, 93, 31, 223, 66, 147, 141, 161, 236, 4, 238,
       79, 154, 151, 251, 217, 37, 127, 122, 116, 143, 83, 159, 141, 239,
       215, 134, 242, 239, 182, 124, 215, 95, 146, 249, 110, 159, 107,
       119, 231, 63, 159, 181, 216, 45, 234, 110, 47, 254, 192, 167, 245,
       249, 100, 199, 139, 239, 151, 162, 176, 47, 180, 190, 211, 87,
       247, 253, 238, 222, 107, 55, 103, 61, 223, 183, 216, 175, 227,
       172, 62, 255, 196, 172, 247, 137, 85, 17, 248, 24, 242, 75, 141,
       86, 242, 171, 16, 164, 13, 191, 155, 66, 16, 167, 179, 76, 66, 78,
       107, 26, 53, 251, 201, 16, 59, 120, 2, 75, 139, 202, 24, 150, 252,
       137, 244, 120, 150, 171, 219, 162, 21, 156, 255, 97, 223, 193,
       119, 249, 144, 57, 207, 146, 224, 203, 251, 222, 11, 138, 117, 41,
       26, 181, 107, 237, 227, 54, 11, 239, 216, 84, 160, 115, 230, 211,
       77, 217, 41, 62, 220, 23, 255, 233, 244, 109, 42, 228, 201, 167,
       180, 229, 251, 81, 161, 223, 173, 132, 19, 203, 189, 188, 206,
       187, 115, 132, 159, 168, 238, 94, 191, 165, 195, 250, 151, 183,
       75, 255, 241, 158, 83, 223, 127, 139, 85, 171, 92, 2, 176, 51,
       187, 116, 233, 185, 3, 94, 93, 91, 183, 188, 156, 180, 8, 207, 43,
       151, 21, 150, 188, 98, 215, 12, 93, 58, 194, 196, 76, 85, 251, 19,
       234, 90, 97, 114, 139, 58, 96, 57, 160, 114, 234, 124, 91, 132,
       48, 182, 185, 87, 225, 64, 152, 1, 93, 60, 140, 43, 128, 109, 130,
       35, 137, 101, 173, 234, 162, 236, 189, 254, 254, 110, 234, 254,
       15, 83, 248, 254, 112, 249, 239, 118, 159, 150, 58, 206, 247, 126,
       63, 183, 237, 221, 203, 250, 150, 255, 252, 151, 219, 189, 255,
       230, 222, 191, 155, 184, 88, 238, 251, 109, 238, 233, 255, 254,
       24, 43, 111, 251, 250, 191, 223, 143, 30, 211, 87, 234, 165, 48,
       167, 235, 175, 212, 175, 239, 255, 38, 133, 249, 135, 115, 237,
       250, 64, 122, 239, 7, 207, 218, 186, 237, 187, 252, 237, 175, 128,
       117, 218, 246, 234, 21, 207, 75, 237, 180, 2, 239, 253, 100, 72,
       122, 230, 115, 99, 176, 96, 126, 236, 6, 238, 217, 177, 13, 45,
       240, 172, 166, 128, 125, 178, 225, 169, 45, 59, 68, 129, 246, 155,
       234, 81, 111, 248, 119, 230, 141, 3, 215, 165, 110, 172, 198, 251,
       149, 248, 69, 220, 14, 217, 35, 196, 239, 165, 106, 149, 89, 136,
       159, 189, 13, 110, 113, 35, 175, 51, 206, 18, 191, 55, 0, 122,
       225, 183, 123, 1, 25, 25, 211, 209, 215, 255, 218, 16, 32, 72, 89,
