%YAML:1.0
---
descriptors: !!opencv-matrix
   rows: 287
   cols: 32
   dt: u
   data: [ 88, 248, 151, 254, 11, 204, 53, 199, 171, 27, 172, 8, 190,
       223, 96, 58, 167, 51, 249, 0, 66, 107, 178, 241, 211, 249, 86, 75,
       82, 16, 167, 187, 228, 61, 151, 84, 241, 235, 115, 82, 249, 168,
       118, 40, 30, 215, 225, 55, 160, 124, 102, 90, 49, 251, 160, 108,
       127, 16, 37, 99, 194, 161, 6, 163, 61, 173, 83, 75, 214, 59, 230,
       232, 117, 104, 249, 98, 83, 112, 157, 164, 122, 206, 22, 110, 255,
       178, 109, 46, 54, 76, 37, 134, 111, 255, 106, 165, 101, 172, 216,
       100, 88, 7, 75, 152, 115, 160, 172, 8, 19, 243, 67, 48, 25, 204,
       80, 248, 11, 82, 248, 10, 255, 141, 133, 60, 163, 163, 66, 160,
       156, 38, 220, 161, 180, 43, 120, 27, 62, 191, 179, 191, 223, 106,
       91, 25, 183, 143, 111, 53, 54, 244, 1, 198, 222, 199, 127, 245,
       164, 233, 199, 83, 31, 223, 71, 207, 54, 15, 106, 248, 5, 72, 223,
       230, 115, 87, 184, 228, 126, 196, 31, 238, 217, 152, 45, 253, 190,
       172, 163, 196, 63, 170, 112, 49, 247, 82, 76, 189, 46, 26, 94,
       248, 121, 242, 247, 239, 107, 106, 151, 219, 254, 197, 236, 231,
       237, 247, 223, 220, 178, 251, 231, 151, 61, 191, 120, 85, 2, 156,
       57, 219, 53, 247, 187, 127, 31, 73, 92, 22, 252, 255, 44, 100,
       221, 59, 147, 145, 179, 152, 123, 255, 111, 119, 154, 202, 154,
       12, 181, 251, 123, 81, 214, 236, 45, 22, 92, 120, 169, 170, 183,
       74, 95, 159, 1, 254, 254, 213, 253, 226, 73, 135, 145, 200, 147,
       251, 202, 158, 43, 54, 106, 31, 16, 153, 63, 126, 131, 204, 53,
       119, 172, 81, 108, 1, 62, 183, 34, 112, 166, 59, 91, 0, 82, 137,
       50, 117, 243, 175, 82, 67, 0, 2, 167, 251, 97, 105, 191, 101, 96,
       15, 117, 54, 108, 168, 98, 72, 182, 53, 1, 56, 132, 116, 127, 76,
       193, 184, 49, 44, 229, 191, 116, 48, 192, 58, 67, 107, 244, 76,
       214, 174, 9, 70, 86, 232, 177, 134, 251, 3, 71, 242, 41, 95, 248,
       245, 236, 99, 108, 231, 152, 174, 177, 242, 71, 23, 32, 123, 46,
       6, 229, 87, 193, 101, 230, 22, 111, 188, 113, 234, 250, 230, 211,
       103, 149, 246, 126, 196, 54, 238, 205, 178, 109, 234, 46, 238,
       229, 132, 111, 243, 240, 117, 108, 108, 145, 101, 168, 47, 71,
       154, 18, 170, 40, 72, 215, 51, 65, 57, 145, 124, 125, 110, 104,
       112, 249, 26, 229, 218, 101, 52, 208, 249, 66, 32, 103, 252, 178,
       146, 253, 157, 182, 199, 159, 127, 188, 29, 172, 248, 110, 158,
       205, 123, 235, 83, 246, 111, 218, 243, 63, 22, 31, 127, 154, 94,
       139, 223, 10, 255, 54, 154, 189, 241, 182, 238, 159, 31, 248, 177,
       172, 254, 46, 133, 207, 123, 207, 67, 54, 107, 74, 247, 189, 86,
       222, 251, 18, 93, 175, 223, 204, 127, 151, 181, 164, 14, 103, 182,
       184, 174, 34, 76, 247, 35, 65, 91, 133, 100, 108, 120, 105, 252,
       209, 42, 237, 210, 101, 16, 136, 240, 87, 56, 133, 61, 251, 175,
       222, 109, 175, 222, 110, 99, 249, 214, 221, 118, 137, 96, 123,
       195, 94, 255, 177, 147, 253, 255, 188, 167, 175, 228, 185, 115,
       163, 241, 119, 114, 193, 101, 108, 42, 202, 152, 67, 168, 251,
       238, 67, 72, 221, 186, 94, 204, 116, 251, 140, 246, 205, 136, 150,
       252, 161, 180, 109, 187, 82, 133, 61, 97, 232, 67, 230, 59, 239,
       216, 96, 232, 255, 174, 91, 101, 219, 188, 126, 204, 151, 254,
       152, 178, 237, 162, 118, 77, 165, 164, 239, 255, 114, 241, 199,
       252, 164, 151, 205, 164, 190, 174, 207, 246, 27, 23, 236, 232, 95,
       194, 235, 103, 235, 215, 230, 116, 223, 243, 46, 50, 207, 75, 14,
       127, 57, 206, 42, 176, 169, 187, 93, 237, 177, 207, 95, 101, 92,
       31, 172, 220, 126, 8, 217, 27, 147, 21, 182, 58, 122, 247, 79, 87,
       27, 111, 215, 12, 149, 254, 76, 116, 149, 119, 140, 111, 165, 32,
       238, 178, 171, 84, 247, 113, 73, 11, 137, 102, 106, 10, 1, 225,
       219, 40, 77, 170, 119, 16, 200, 123, 65, 186, 185, 78, 110, 237,
       86, 146, 235, 114, 84, 64, 246, 198, 91, 9, 178, 97, 120, 172, 22,
       239, 233, 191, 37, 142, 114, 239, 226, 0, 127, 168, 120, 128, 92,
       225, 177, 227, 188, 12, 227, 156, 118, 169, 138, 8, 215, 241, 88,
       64, 145, 86, 125, 89, 27, 57, 217, 35, 237, 236, 55, 116, 136, 10,
       209, 42, 5, 168, 31, 251, 237, 165, 177, 218, 222, 25, 81, 82,
       188, 211, 104, 104, 205, 43, 51, 152, 19, 30, 10, 241, 205, 150,
       251, 110, 144, 8, 161, 163, 146, 206, 222, 191, 146, 224, 60, 231,
       182, 19, 202, 179, 173, 231, 32, 89, 103, 59, 143, 129, 114, 201,
       2, 255, 160, 230, 254, 131, 52, 80, 165, 139, 51, 78, 122, 158,
       22, 179, 122, 122, 213, 70, 222, 166, 105, 202, 183, 100, 127,
       234, 142, 140, 172, 151, 44, 255, 178, 47, 162, 129, 63, 223, 120,
       77, 76, 107, 147, 244, 228, 201, 111, 212, 175, 140, 254, 104,
       223, 231, 225, 82, 210, 252, 111, 90, 72, 211, 162, 224, 251, 221,
       39, 168, 130, 243, 228, 33, 41, 176, 59, 250, 245, 221, 249, 71,
       223, 93, 124, 26, 188, 217, 124, 176, 175, 43, 19, 21, 146, 58,
       50, 215, 95, 223, 22, 107, 211, 8, 215, 234, 220, 12, 150, 180,
       43, 120, 88, 2, 185, 150, 162, 17, 239, 170, 3, 219, 227, 229,
       236, 131, 44, 69, 147, 232, 147, 243, 90, 19, 162, 117, 45, 74,
       220, 68, 198, 229, 5, 102, 94, 120, 49, 162, 247, 3, 91, 123, 25,
       219, 122, 212, 253, 234, 108, 245, 153, 138, 243, 235, 231, 149,
       39, 247, 126, 2, 101, 145, 172, 97, 140, 14, 205, 153, 138, 249,
       167, 4, 211, 63, 90, 43, 193, 70, 121, 92, 155, 104, 251, 0, 205,
       251, 239, 84, 216, 115, 211, 114, 207, 80, 231, 69, 66, 30, 109,
       52, 105, 226, 22, 206, 121, 14, 151, 255, 38, 197, 255, 239, 229,
       212, 181, 200, 54, 122, 237, 128, 47, 180, 122, 125, 46, 56, 240,
       216, 233, 237, 113, 198, 27, 23, 124, 25, 12, 159, 101, 156, 251,
       155, 131, 16, 18, 126, 154, 242, 95, 92, 16, 107, 211, 77, 70,
       163, 81, 211, 66, 79, 114, 18, 110, 188, 101, 72, 250, 230, 121,
       98, 180, 244, 118, 229, 54, 238, 221, 154, 45, 253, 54, 168, 167,
       128, 63, 178, 104, 13, 37, 49, 121, 67, 244, 79, 107, 57, 96, 236,
       63, 104, 83, 85, 217, 52, 30, 156, 86, 122, 217, 242, 249, 12,
       109, 140, 37, 228, 227, 163, 198, 177, 60, 38, 112, 101, 115, 120,
       122, 82, 105, 164, 127, 136, 107, 15, 151, 176, 62, 189, 198, 136,
       140, 178, 165, 74, 86, 253, 33, 33, 99, 166, 110, 131, 122, 44,
       112, 76, 79, 91, 208, 104, 91, 166, 180, 11, 106, 220, 23, 180,
       184, 189, 199, 161, 76, 103, 247, 223, 19, 94, 65, 59, 119, 44,
       110, 94, 125, 223, 105, 109, 52, 126, 79, 186, 112, 76, 254, 238,
       115, 101, 155, 240, 126, 196, 204, 110, 169, 176, 245, 47, 234,
       237, 161, 192, 111, 175, 86, 113, 25, 127, 115, 101, 54, 10, 110,
       114, 109, 232, 126, 230, 223, 43, 145, 112, 54, 237, 95, 238, 225,
       176, 5, 206, 246, 237, 39, 128, 111, 242, 99, 145, 49, 221, 111,
       205, 116, 114, 237, 183, 117, 70, 222, 166, 177, 60, 150, 101,
       122, 214, 54, 173, 249, 186, 117, 143, 245, 175, 246, 132, 37,
       240, 244, 252, 100, 108, 221, 117, 204, 46, 68, 139, 114, 179, 98,
       8, 211, 33, 85, 123, 201, 206, 96, 24, 24, 250, 209, 32, 111, 251,
       85, 116, 192, 249, 210, 128, 61, 231, 96, 11, 252, 27, 198, 249,
       87, 238, 189, 239, 67, 104, 190, 132, 89, 206, 70, 111, 252, 35,
       77, 63, 58, 79, 37, 253, 119, 174, 216, 197, 61, 199, 98, 143,
       124, 19, 199, 248, 87, 108, 245, 111, 99, 232, 190, 132, 89, 200,
       6, 111, 252, 182, 111, 191, 122, 79, 165, 244, 119, 175, 216, 196,
       232, 47, 211, 84, 252, 200, 101, 55, 251, 136, 252, 104, 187, 231,
       197, 244, 202, 250, 78, 8, 75, 170, 226, 202, 174, 253, 39, 168,
       66, 232, 230, 169, 93, 33, 149, 101, 137, 110, 36, 154, 54, 163,
       170, 64, 255, 113, 65, 174, 17, 86, 104, 72, 9, 240, 211, 2, 141,
       247, 69, 20, 234, 121, 73, 32, 123, 81, 82, 236, 45, 22, 90, 120,
       33, 40, 255, 10, 75, 27, 39, 246, 254, 213, 253, 226, 205, 3, 209,
