%YAML:1.0
---
descriptors: !!opencv-matrix
   rows: 201
   cols: 32
   dt: u
   data: [ 21, 53, 220, 33, 182, 123, 176, 142, 118, 235, 250, 242, 215,
       56, 147, 40, 59, 87, 108, 49, 189, 240, 69, 2, 204, 239, 127, 213,
       237, 249, 137, 129, 3, 217, 31, 219, 85, 133, 189, 231, 142, 80,
       72, 6, 188, 223, 112, 97, 236, 59, 51, 205, 67, 152, 50, 245, 109,
       152, 158, 104, 24, 24, 161, 186, 2, 221, 47, 158, 95, 197, 191,
       230, 141, 68, 88, 135, 44, 220, 54, 1, 238, 251, 147, 199, 197,
       43, 54, 253, 119, 56, 138, 11, 85, 30, 53, 222, 63, 37, 226, 232,
       151, 179, 235, 74, 149, 193, 205, 130, 121, 239, 57, 228, 122,
       168, 19, 189, 27, 163, 54, 206, 219, 205, 139, 72, 191, 239, 112,
       176, 2, 105, 16, 156, 77, 213, 188, 228, 140, 20, 80, 11, 172,
       154, 103, 135, 200, 121, 147, 195, 70, 114, 210, 241, 37, 16, 206,
       43, 23, 28, 61, 142, 7, 223, 74, 171, 240, 166, 190, 212, 30, 77,
       95, 231, 224, 234, 186, 64, 246, 235, 151, 215, 150, 152, 12, 245,
       110, 37, 174, 192, 156, 215, 185, 93, 10, 140, 34, 155, 181, 247,
       186, 230, 31, 77, 94, 3, 172, 254, 38, 196, 255, 59, 147, 145, 54,
       152, 56, 255, 47, 54, 154, 195, 150, 14, 189, 207, 161, 54, 125,
       85, 100, 62, 239, 51, 121, 174, 126, 124, 243, 33, 148, 51, 31,
       118, 70, 42, 241, 248, 97, 12, 103, 187, 101, 128, 65, 248, 198,
       161, 55, 14, 67, 186, 22, 163, 203, 82, 148, 1, 219, 231, 113,
       207, 177, 64, 122, 170, 23, 157, 11, 171, 4, 255, 208, 172, 170,
       200, 189, 203, 48, 176, 171, 129, 98, 73, 245, 147, 168, 71, 93,
       73, 246, 214, 8, 12, 182, 236, 124, 12, 150, 189, 191, 186, 37,
       214, 30, 62, 146, 198, 223, 140, 248, 212, 27, 239, 111, 175, 54,
       130, 235, 248, 53, 64, 222, 199, 121, 207, 181, 96, 126, 237, 55,
       239, 227, 209, 45, 253, 246, 111, 171, 128, 39, 151, 49, 249, 252,
       239, 189, 127, 184, 122, 94, 188, 114, 234, 189, 120, 251, 110,
       139, 176, 221, 247, 236, 242, 253, 99, 233, 63, 235, 255, 103,
       253, 194, 243, 206, 1, 31, 127, 111, 175, 50, 171, 191, 112, 45,
       194, 223, 231, 253, 79, 183, 64, 62, 249, 223, 231, 225, 149, 45,
       255, 246, 101, 42, 128, 63, 191, 33, 241, 189, 79, 111, 238, 148,
       130, 79, 252, 85, 138, 254, 194, 115, 227, 185, 97, 124, 254, 30,
       234, 249, 187, 45, 174, 250, 239, 167, 128, 63, 251, 240, 41, 40,
       171, 33, 59, 124, 201, 233, 103, 110, 109, 121, 9, 191, 140, 20,
       16, 138, 43, 67, 5, 198, 186, 106, 61, 108, 29, 50, 233, 85, 142,
       215, 218, 88, 189, 59, 248, 153, 237, 81, 119, 239, 89, 172, 24,
       190, 191, 64, 48, 167, 179, 252, 16, 59, 107, 178, 247, 219, 247,
       18, 123, 218, 64, 135, 59, 26, 201, 176, 255, 23, 212, 126, 230,
       55, 164, 206, 3, 111, 255, 23, 196, 249, 239, 179, 195, 78, 154,
       27, 255, 191, 255, 159, 3, 51, 127, 124, 78, 31, 12, 127, 254, 22,
       162, 255, 115, 189, 202, 223, 230, 125, 239, 178, 96, 118, 239,
       63, 143, 161, 157, 36, 238, 250, 239, 174, 128, 39, 224, 33, 241,
       230, 80, 244, 246, 45, 126, 220, 136, 155, 190, 147, 59, 206, 254,
       95, 75, 207, 213, 253, 227, 232, 103, 251, 200, 147, 250, 223,
       191, 4, 125, 85, 87, 80, 46, 204, 19, 168, 57, 92, 11, 182, 190,
       174, 185, 227, 99, 199, 27, 75, 198, 109, 156, 46, 71, 207, 50,
       186, 223, 247, 189, 160, 240, 138, 66, 61, 205, 234, 239, 84, 130,
       235, 248, 85, 193, 254, 6, 113, 233, 188, 96, 122, 236, 23, 239,
       232, 187, 45, 239, 122, 239, 167, 192, 125, 171, 112, 232, 125,
       119, 123, 101, 160, 14, 127, 252, 97, 234, 255, 108, 83, 55, 137,
       112, 254, 220, 93, 110, 217, 178, 225, 14, 243, 237, 37, 132, 104,
       243, 226, 115, 124, 32, 248, 102, 157, 73, 83, 216, 227, 165, 173,
       8, 31, 215, 75, 26, 185, 220, 237, 80, 26, 99, 234, 32, 219, 197,
       37, 125, 226, 227, 70, 34, 3, 237, 27, 216, 221, 197, 172, 231,
       142, 81, 200, 22, 188, 155, 48, 96, 201, 59, 27, 141, 115, 11,
       114, 247, 45, 28, 158, 104, 24, 8, 177, 186, 45, 197, 248, 26,
       237, 57, 214, 207, 91, 55, 53, 59, 74, 104, 222, 139, 153, 202,
       130, 3, 254, 102, 206, 179, 62, 95, 85, 127, 215, 125, 218, 134,
       7, 187, 136, 139, 212, 149, 238, 217, 78, 73, 88, 71, 240, 232,
       127, 160, 221, 107, 18, 223, 215, 58, 94, 243, 46, 29, 143, 236,
       157, 78, 249, 157, 253, 238, 140, 53, 184, 15, 76, 155, 50, 186,
       130, 93, 199, 40, 82, 147, 133, 197, 108, 37, 172, 100, 195, 30,
       238, 243, 101, 189, 72, 116, 138, 1, 199, 246, 132, 30, 141, 52,
       206, 152, 155, 255, 157, 215, 200, 232, 223, 207, 85, 198, 252,
       255, 255, 71, 239, 242, 58, 114, 207, 254, 159, 247, 184, 84, 19,
       89, 92, 207, 14, 151, 93, 117, 133, 0, 214, 6, 179, 147, 161, 97,
       78, 176, 126, 200, 77, 203, 119, 253, 163, 176, 202, 146, 60, 138,
       48, 14, 86, 182, 140, 183, 138, 114, 30, 168, 147, 255, 159, 183,
       195, 110, 95, 11, 125, 199, 237, 183, 252, 71, 207, 170, 248, 71,
       239, 215, 173, 119, 188, 87, 82, 174, 204, 53, 168, 58, 84, 175,
       182, 183, 150, 255, 227, 232, 215, 75, 67, 230, 236, 133, 188,
       235, 207, 40, 154, 99, 245, 149, 228, 252, 156, 76, 118, 235, 136,
       166, 168, 27, 22, 232, 2, 188, 189, 237, 199, 232, 67, 146, 221,
       204, 236, 119, 140, 67, 207, 48, 186, 193, 237, 255, 200, 191, 10,
       5, 199, 252, 181, 222, 255, 244, 189, 174, 223, 219, 16, 114, 236,
       254, 253, 239, 231, 115, 58, 147, 167, 77, 187, 243, 45, 26, 95,
       234, 146, 116, 33, 253, 119, 182, 236, 23, 170, 51, 156, 248, 18,
       247, 133, 255, 192, 108, 223, 11, 31, 71, 249, 183, 182, 71, 239,
       221, 106, 3, 205, 245, 141, 255, 63, 212, 60, 99, 8, 167, 45, 27,
       74, 8, 14, 164, 177, 205, 195, 73, 89, 146, 88, 204, 204, 226, 76,
       98, 205, 24, 182, 209, 161, 61, 78, 175, 90, 0, 139, 5, 101, 83,
       197, 122, 164, 7, 93, 83, 82, 82, 200, 56, 148, 239, 233, 2, 178,
       13, 181, 188, 117, 226, 6, 122, 218, 67, 199, 92, 249, 140, 215,
       118, 236, 31, 138, 51, 156, 170, 158, 214, 130, 247, 97, 108, 223,
       139, 111, 199, 249, 167, 237, 101, 95, 42, 8, 2, 223, 159, 173,
       116, 57, 84, 117, 34, 204, 35, 172, 57, 64, 9, 239, 181, 171, 236,
       195, 64, 222, 206, 219, 135, 110, 20, 30, 96, 207, 144, 140, 209,
       83, 117, 152, 207, 217, 4, 120, 235, 88, 160, 62, 137, 90, 196,
       163, 44, 188, 41, 7, 131, 194, 16, 50, 132, 109, 80, 94, 11, 192,
       16, 250, 197, 37, 249, 101, 138, 90, 9, 167, 120, 226, 159, 103,
       244, 186, 64, 27, 206, 85, 183, 40, 220, 119, 8, 254, 105, 147,
       215, 134, 214, 174, 226, 7, 60, 138, 139, 135, 119, 55, 215, 10,
       76, 146, 139, 87, 243, 186, 198, 29, 5, 92, 2, 172, 206, 51, 68,
       250, 123, 147, 209, 34, 184, 48, 255, 7, 117, 154, 131, 150, 95,
       61, 222, 2, 156, 34, 155, 213, 247, 186, 230, 31, 5, 92, 3, 236,
       222, 54, 196, 249, 59, 147, 145, 38, 152, 56, 255, 47, 86, 158,
       195, 150, 15, 61, 206, 92, 177, 112, 122, 11, 205, 83, 200, 171,
       53, 165, 9, 127, 223, 74, 18, 183, 211, 205, 66, 10, 99, 154, 177,
       219, 213, 5, 63, 114, 7, 7, 83, 92, 82, 189, 186, 168, 109, 95,
       156, 174, 254, 146, 49, 223, 255, 107, 91, 215, 85, 253, 103, 44,
       69, 107, 176, 235, 243, 111, 189, 144, 243, 133, 83, 148, 190,
       171, 247, 148, 100, 255, 244, 250, 254, 159, 23, 255, 238, 91, 43,
       249, 255, 93, 147, 253, 127, 184, 106, 251, 199, 255, 105, 193,
       115, 175, 210, 58, 143, 74, 236, 82, 226, 95, 99, 133, 4, 252,
       163, 105, 239, 166, 81, 126, 187, 135, 160, 88, 139, 4, 223, 114,
       229, 170, 137, 55, 230, 38, 195, 94, 151, 114, 202, 219, 242, 186,
       113, 173, 76, 221, 163, 76, 254, 46, 224, 254, 177, 159, 161, 144,
       131, 36, 204, 187, 117, 138, 207, 23, 38, 165, 247, 2, 133, 33,
       169, 148, 199, 175, 37, 28, 69, 82, 3, 244, 30, 52, 64, 216, 19,
       27, 161, 242, 152, 1, 223, 225, 38, 170, 192, 20, 8, 181, 90, 67,
