%YAML:1.0
---
descriptors: !!opencv-matrix
   rows: 107
   cols: 32
   dt: u
   data: [ 245, 205, 129, 30, 156, 102, 207, 236, 210, 194, 137, 10, 114,
       252, 253, 183, 153, 226, 88, 239, 121, 99, 190, 59, 57, 14, 141,
       60, 149, 115, 214, 100, 132, 205, 245, 87, 181, 232, 135, 167, 91,
       31, 41, 48, 228, 112, 205, 47, 17, 114, 0, 90, 115, 108, 42, 63,
       41, 22, 85, 67, 194, 115, 196, 47, 252, 205, 241, 94, 250, 114,
       199, 252, 209, 134, 185, 186, 115, 228, 253, 183, 27, 242, 132,
       106, 248, 99, 174, 63, 56, 14, 37, 60, 247, 251, 134, 101, 188,
       113, 16, 224, 141, 45, 208, 200, 15, 177, 169, 29, 142, 145, 73,
       154, 169, 128, 74, 52, 26, 103, 219, 144, 155, 217, 5, 126, 218,
       11, 203, 2, 198, 233, 132, 183, 223, 128, 174, 173, 187, 177, 2,
       19, 236, 234, 92, 199, 163, 227, 123, 211, 118, 72, 138, 243, 173,
       18, 207, 111, 132, 51, 137, 14, 181, 231, 73, 170, 204, 33, 71,
       248, 198, 178, 153, 206, 211, 225, 249, 66, 89, 202, 66, 238, 75,
       35, 78, 50, 168, 128, 229, 44, 61, 251, 240, 160, 2, 164, 144,
       155, 237, 253, 184, 239, 30, 53, 25, 25, 140, 120, 92, 132, 171,
       27, 235, 17, 54, 120, 219, 215, 13, 22, 95, 127, 212, 76, 141,
       134, 22, 29, 171, 190, 130, 226, 191, 67, 148, 194, 73, 179, 117,
       239, 33, 72, 122, 123, 179, 147, 17, 155, 154, 10, 241, 38, 174,
       137, 181, 99, 165, 242, 118, 35, 234, 152, 214, 66, 189, 69, 152,
       197, 219, 179, 65, 238, 126, 74, 126, 173, 163, 181, 20, 211, 166,
       192, 126, 38, 175, 205, 165, 98, 181, 214, 216, 82, 255, 228, 46,
       10, 93, 48, 161, 222, 182, 247, 95, 23, 129, 91, 102, 245, 125,
       238, 232, 199, 163, 200, 242, 235, 238, 144, 39, 176, 100, 115,
       252, 108, 236, 106, 204, 103, 71, 216, 83, 182, 165, 10, 83, 241,
       95, 59, 89, 220, 113, 122, 170, 103, 251, 48, 251, 139, 197, 60,
       243, 251, 118, 224, 245, 74, 71, 93, 76, 10, 231, 224, 245, 162,
       242, 106, 98, 0, 181, 127, 104, 228, 110, 106, 105, 231, 101, 108,
       52, 42, 225, 16, 101, 185, 112, 44, 164, 22, 84, 93, 234, 43, 132,
       127, 116, 50, 113, 244, 211, 50, 133, 189, 95, 151, 70, 162, 177,
       246, 77, 94, 4, 154, 115, 52, 253, 241, 202, 177, 125, 113, 17,
       234, 189, 79, 86, 248, 43, 232, 185, 72, 223, 93, 9, 176, 220,
       213, 94, 106, 73, 99, 251, 190, 251, 221, 5, 62, 90, 59, 66, 51,
       234, 184, 158, 62, 137, 253, 20, 206, 155, 191, 164, 25, 238, 249,
       110, 155, 137, 115, 233, 16, 62, 111, 218, 51, 219, 243, 85, 127,
       210, 125, 143, 139, 129, 176, 189, 243, 236, 237, 249, 159, 95,
       123, 49, 120, 158, 189, 92, 43, 135, 27, 119, 25, 179, 124, 251,
       209, 207, 219, 118, 254, 212, 200, 193, 171, 64, 152, 20, 89, 41,
       141, 16, 190, 159, 57, 32, 92, 174, 54, 4, 29, 133, 19, 238, 0,
       34, 104, 83, 117, 143, 210, 80, 59, 80, 8, 133, 15, 250, 88, 255,
       244, 46, 14, 93, 52, 169, 154, 182, 250, 127, 63, 133, 91, 102,
       245, 125, 238, 232, 71, 227, 200, 210, 251, 246, 144, 39, 241, 98,
       121, 206, 126, 51, 216, 251, 241, 190, 199, 189, 14, 152, 179,
       140, 190, 101, 197, 231, 59, 203, 147, 114, 15, 162, 242, 181, 84,
       30, 235, 146, 84, 165, 231, 8, 148, 23, 255, 112, 238, 113, 55,
       188, 9, 123, 80, 182, 55, 32, 81, 133, 51, 95, 8, 49, 152, 17, 79,
       229, 190, 50, 64, 64, 0, 131, 187, 214, 233, 150, 151, 157, 192,
       166, 228, 187, 149, 130, 19, 228, 226, 76, 207, 225, 71, 170, 211,
       118, 93, 139, 227, 189, 50, 223, 71, 128, 59, 181, 14, 166, 4,
       150, 248, 253, 43, 146, 72, 223, 130, 249, 25, 206, 249, 109, 201,
       215, 125, 239, 51, 52, 231, 10, 222, 154, 222, 67, 127, 214, 107,
       41, 131, 71, 32, 245, 245, 230, 40, 248, 2, 235, 177, 50, 232,
       159, 59, 85, 58, 167, 221, 125, 149, 146, 104, 134, 192, 158, 248,
       31, 226, 197, 160, 3, 173, 2, 130, 156, 155, 250, 137, 169, 175,
       158, 21, 80, 245, 173, 135, 232, 72, 79, 27, 42, 156, 50, 92, 199,
       247, 76, 22, 250, 232, 156, 136, 137, 152, 254, 82, 246, 236, 109,
       86, 150, 88, 145, 142, 247, 171, 74, 221, 47, 219, 253, 221, 239,
       98, 236, 231, 147, 136, 211, 243, 197, 159, 67, 253, 110, 211,
       245, 205, 165, 54, 180, 226, 71, 174, 211, 219, 9, 56, 114, 120,
       173, 37, 145, 98, 4, 115, 121, 70, 42, 63, 169, 86, 205, 126, 148,
       115, 212, 100, 193, 74, 214, 213, 100, 10, 237, 50, 236, 130, 246,
       70, 249, 163, 181, 127, 106, 100, 110, 206, 225, 245, 135, 232,
       20, 186, 242, 0, 77, 241, 97, 168, 28, 248, 252, 119, 35, 122,
       118, 132, 115, 179, 118, 168, 123, 89, 217, 191, 43, 220, 228, 66,
       42, 244, 221, 161, 78, 207, 117, 7, 239, 241, 78, 42, 188, 116,
       80, 226, 151, 59, 86, 230, 121, 163, 184, 31, 14, 57, 69, 157,
       187, 198, 196, 50, 60, 254, 89, 174, 186, 222, 21, 119, 235, 93,
       74, 10, 173, 28, 244, 119, 181, 123, 82, 184, 91, 179, 53, 56,
       219, 121, 221, 173, 147, 122, 181, 58, 186, 244, 123, 190, 203,
       223, 65, 119, 247, 237, 90, 35, 43, 48, 119, 232, 47, 63, 216, 27,
       75, 121, 117, 253, 159, 156, 150, 60, 134, 157, 245, 21, 151, 248,
       163, 209, 195, 217, 57, 246, 71, 141, 199, 119, 76, 32, 216, 99,
       176, 106, 123, 24, 42, 183, 63, 152, 223, 103, 73, 26, 55, 221,
       77, 58, 16, 208, 217, 64, 207, 221, 33, 101, 224, 227, 15, 129,
       234, 188, 188, 122, 169, 253, 20, 143, 187, 63, 164, 57, 174, 255,
       66, 27, 133, 115, 233, 16, 50, 79, 202, 113, 219, 211, 93, 123,
       210, 84, 143, 11, 29, 103, 196, 71, 176, 26, 110, 184, 116, 170,
       127, 228, 211, 99, 153, 244, 54, 76, 36, 110, 233, 240, 237, 46,
       166, 239, 37, 132, 110, 243, 72, 5, 90, 176, 188, 249, 31, 77,
       248, 63, 63, 25, 148, 19, 189, 63, 28, 97, 229, 155, 127, 129,
       182, 72, 83, 213, 223, 255, 250, 191, 49, 0, 5, 11, 37, 112, 177,
       67, 109, 127, 67, 152, 123, 250, 55, 72, 210, 85, 93, 62, 153, 92,
       68, 122, 169, 116, 249, 2, 15, 222, 69, 52, 202, 123, 86, 176, 84,
       15, 158, 180, 138, 226, 31, 130, 164, 134, 138, 161, 183, 167, 35,
       90, 38, 247, 109, 195, 72, 137, 131, 42, 241, 231, 110, 137, 32,
       113, 37, 75, 112, 176, 223, 117, 40, 201, 113, 67, 47, 29, 242,
       40, 183, 247, 192, 114, 162, 188, 110, 0, 10, 184, 227, 1, 223,
       239, 48, 65, 224, 0, 102, 171, 247, 164, 220, 180, 237, 45, 84,
       138, 187, 179, 179, 25, 207, 234, 78, 27, 235, 199, 110, 37, 60,
       103, 203, 194, 154, 210, 215, 63, 200, 108, 74, 6, 125, 125, 25,
       101, 185, 15, 94, 190, 59, 168, 188, 72, 223, 119, 1, 48, 156,
       221, 93, 104, 201, 114, 209, 30, 247, 221, 37, 180, 74, 249, 66,
       35, 52, 230, 196, 159, 220, 3, 198, 168, 19, 178, 177, 238, 98,
       96, 201, 19, 89, 206, 36, 243, 106, 98, 207, 191, 184, 134, 229,
       116, 253, 122, 80, 0, 126, 80, 246, 236, 109, 30, 148, 72, 1, 162,
       243, 171, 74, 189, 37, 218, 254, 213, 255, 35, 204, 243, 145, 136,
       211, 251, 195, 147, 199, 126, 110, 147, 34, 177, 121, 234, 247,
       233, 179, 207, 11, 57, 121, 59, 28, 157, 108, 0, 191, 27, 151, 17,
       19, 58, 216, 215, 61, 148, 63, 239, 213, 10, 135, 227, 77, 74,
       214, 213, 100, 36, 233, 18, 252, 138, 118, 68, 249, 163, 245, 127,
       102, 109, 42, 14, 129, 244, 150, 232, 68, 186, 242, 0, 200, 241,
       97, 161, 10, 162, 68, 155, 232, 137, 169, 143, 14, 53, 85, 157,
       173, 3, 202, 76, 79, 11, 106, 156, 18, 92, 207, 213, 12, 16, 190,
       236, 156, 136, 137, 152, 181, 62, 227, 85, 20, 47, 75, 82, 81,
       226, 250, 223, 115, 97, 149, 60, 93, 236, 84, 174, 169, 246, 125,
       46, 112, 14, 225, 148, 239, 253, 82, 244, 197, 222, 158, 191, 238,
       12, 175, 176, 232, 90, 90, 199, 213, 226, 123, 106, 39, 109, 59,
       207, 197, 17, 158, 96, 244, 33, 239, 140, 12, 243, 57, 1, 92, 153,
       157, 183, 168, 78, 23, 180, 164, 247, 134, 5, 215, 55, 10, 75,
       133, 87, 109, 98, 120, 201, 121, 44, 233, 231, 127, 21, 128, 115,
