%YAML:1.0
---
descriptors: !!opencv-matrix
   rows: 311
   cols: 32
   dt: u
   data: [ 52, 68, 171, 158, 21, 230, 195, 65, 212, 199, 203, 18, 113,
       202, 48, 64, 89, 168, 2, 157, 56, 167, 120, 142, 81, 38, 130, 72,
       177, 42, 116, 194, 226, 120, 188, 152, 233, 201, 188, 71, 171,
       127, 52, 189, 172, 140, 86, 27, 139, 51, 247, 17, 100, 111, 178,
       208, 87, 18, 94, 171, 208, 68, 239, 223, 56, 182, 85, 165, 57, 75,
       86, 63, 37, 226, 250, 237, 239, 45, 1, 146, 223, 215, 238, 36,
       109, 184, 65, 142, 190, 215, 37, 53, 99, 236, 70, 218, 121, 87,
       111, 238, 46, 2, 79, 252, 85, 66, 222, 230, 115, 105, 185, 113,
       126, 228, 61, 238, 233, 131, 109, 175, 242, 239, 231, 152, 63,
       187, 112, 57, 130, 152, 52, 185, 253, 245, 184, 143, 159, 63, 82,
       19, 140, 222, 42, 205, 201, 27, 187, 17, 54, 76, 91, 247, 143, 86,
       223, 247, 146, 12, 149, 215, 198, 92, 146, 154, 255, 103, 182,
       207, 158, 231, 201, 23, 204, 250, 39, 201, 243, 127, 235, 19, 53,
       79, 251, 250, 185, 54, 95, 59, 144, 121, 173, 214, 230, 252, 150,
       154, 249, 102, 254, 239, 191, 31, 233, 21, 236, 250, 40, 91, 249,
       199, 123, 147, 116, 79, 219, 239, 189, 54, 223, 79, 144, 119, 167,
       138, 56, 241, 122, 107, 112, 207, 115, 117, 97, 13, 125, 8, 55,
       23, 8, 16, 16, 154, 69, 88, 90, 186, 112, 29, 231, 221, 32, 81,
       114, 138, 198, 170, 97, 252, 189, 255, 157, 76, 93, 191, 19, 247,
       140, 28, 246, 119, 88, 114, 145, 214, 121, 28, 107, 78, 251, 55,
       239, 190, 213, 124, 154, 250, 132, 122, 9, 34, 252, 101, 108, 59,
       104, 27, 111, 253, 55, 56, 143, 5, 210, 190, 130, 5, 236, 28, 148,
       120, 229, 20, 134, 217, 112, 85, 66, 140, 75, 236, 246, 115, 19,
       166, 77, 95, 214, 104, 217, 170, 177, 111, 74, 248, 77, 151, 248,
       197, 236, 99, 108, 103, 202, 202, 179, 208, 199, 63, 75, 62, 126,
       135, 3, 107, 99, 78, 124, 153, 235, 240, 237, 104, 216, 236, 233,
       206, 181, 228, 126, 237, 95, 239, 193, 131, 108, 253, 20, 60, 171,
       184, 93, 191, 51, 253, 59, 162, 195, 77, 115, 27, 232, 121, 127,
       232, 242, 226, 41, 8, 148, 244, 126, 188, 166, 168, 141, 250, 229,
       221, 30, 110, 163, 132, 111, 164, 106, 141, 9, 146, 253, 229, 52,
       10, 104, 59, 124, 225, 118, 212, 191, 47, 144, 97, 118, 172, 110,
       173, 189, 248, 117, 13, 204, 239, 115, 0, 108, 160, 73, 48, 208,
       252, 89, 250, 56, 205, 93, 231, 171, 17, 168, 24, 191, 223, 64,
       49, 131, 179, 93, 0, 107, 47, 250, 119, 251, 241, 22, 123, 64, 0,
       135, 58, 188, 236, 193, 183, 180, 11, 239, 186, 84, 162, 218, 218,
       243, 97, 145, 0, 89, 238, 21, 239, 104, 252, 77, 46, 236, 238,
       165, 16, 229, 251, 80, 168, 41, 140, 237, 117, 180, 107, 235, 183,
       86, 235, 246, 246, 243, 41, 150, 105, 91, 238, 54, 44, 185, 252,
       101, 47, 78, 175, 245, 208, 239, 232, 208, 57, 177, 219, 93, 232,
       62, 147, 66, 252, 199, 232, 176, 238, 115, 201, 177, 97, 94, 168,
       14, 252, 203, 35, 70, 157, 186, 201, 165, 188, 61, 170, 88, 61,
       105, 235, 27, 98, 244, 141, 115, 148, 105, 8, 124, 104, 183, 83,
       129, 48, 182, 236, 68, 126, 203, 186, 232, 63, 255, 221, 37, 96,
       64, 146, 66, 41, 65, 187, 153, 239, 168, 12, 127, 159, 111, 9,
       186, 76, 191, 179, 200, 112, 150, 71, 108, 28, 147, 9, 195, 33,
       232, 253, 54, 152, 136, 210, 131, 41, 199, 94, 237, 247, 138, 58,
       47, 151, 169, 115, 159, 247, 209, 47, 147, 239, 103, 247, 253,
       135, 185, 92, 229, 226, 230, 115, 254, 128, 173, 245, 149, 116,
       173, 20, 252, 221, 239, 127, 181, 55, 92, 223, 126, 48, 220, 125,
       46, 107, 135, 115, 179, 56, 177, 252, 115, 130, 111, 191, 116, 67,
       210, 248, 205, 243, 181, 4, 234, 109, 212, 38, 111, 83, 85, 194,
       127, 147, 83, 105, 57, 105, 123, 236, 23, 174, 168, 182, 53, 14,
       99, 239, 224, 0, 117, 249, 240, 130, 101, 254, 221, 69, 224, 106,
       110, 190, 112, 234, 122, 232, 243, 55, 133, 115, 23, 214, 124,
       234, 233, 220, 237, 46, 44, 190, 229, 128, 108, 243, 66, 57, 210,
       228, 255, 126, 235, 201, 61, 238, 187, 63, 165, 184, 252, 255, 76,
       123, 167, 211, 239, 130, 114, 79, 170, 119, 255, 243, 87, 123,
       112, 80, 135, 43, 170, 150, 222, 57, 211, 106, 61, 159, 19, 87,
       124, 149, 15, 47, 42, 91, 207, 95, 163, 20, 52, 254, 123, 162, 79,
       231, 84, 199, 227, 221, 140, 219, 114, 233, 145, 192, 25, 205, 81,
       143, 131, 177, 160, 8, 150, 151, 64, 54, 192, 148, 121, 208, 74,
       75, 251, 17, 187, 144, 149, 126, 16, 0, 6, 46, 1, 34, 85, 141, 68,
       170, 169, 35, 124, 33, 98, 82, 181, 2, 144, 204, 106, 140, 42,
       140, 1, 156, 197, 85, 132, 166, 90, 0, 4, 136, 113, 168, 24, 156,
       144, 191, 183, 208, 22, 239, 30, 11, 93, 51, 173, 250, 42, 192,
       215, 59, 159, 3, 86, 172, 90, 183, 163, 247, 186, 107, 18, 14,
       173, 139, 41, 183, 251, 69, 245, 191, 109, 87, 121, 97, 127, 76,
       27, 169, 212, 180, 127, 174, 86, 140, 153, 186, 244, 194, 119,
       255, 16, 96, 207, 202, 194, 180, 84, 185, 190, 245, 50, 205, 51,
       240, 170, 93, 246, 40, 247, 222, 42, 112, 166, 113, 127, 67, 22,
       97, 186, 117, 213, 163, 106, 219, 128, 3, 143, 83, 157, 222, 238,
       215, 182, 54, 255, 151, 116, 231, 94, 54, 81, 61, 147, 105, 119,
       78, 53, 190, 176, 252, 61, 238, 110, 111, 254, 196, 175, 241, 248,
       241, 2, 140, 147, 155, 197, 225, 177, 199, 30, 23, 80, 18, 172,
       214, 36, 204, 235, 59, 163, 16, 50, 156, 98, 243, 13, 22, 154, 99,
       146, 76, 165, 174, 18, 175, 98, 136, 211, 243, 186, 103, 141, 133,
       90, 163, 44, 174, 166, 132, 110, 59, 131, 209, 22, 153, 36, 255,
       58, 4, 142, 195, 183, 76, 173, 207, 177, 90, 77, 252, 126, 135,
       73, 124, 84, 232, 244, 238, 51, 4, 182, 97, 78, 164, 14, 108, 237,
       255, 101, 28, 210, 139, 225, 176, 61, 136, 88, 249, 70, 189, 190,
       158, 223, 87, 151, 206, 158, 247, 224, 27, 238, 254, 111, 75, 251,
       255, 251, 211, 55, 75, 250, 251, 189, 54, 95, 59, 144, 125, 165,
       214, 86, 238, 214, 222, 155, 98, 30, 238, 151, 147, 217, 179, 76,
       247, 41, 89, 127, 223, 255, 178, 58, 79, 203, 255, 250, 230, 223,
       223, 151, 119, 167, 147, 164, 88, 171, 154, 77, 197, 193, 65, 214,
       130, 193, 18, 178, 216, 117, 72, 216, 40, 34, 19, 90, 175, 82,
       179, 81, 54, 146, 43, 80, 41, 116, 130, 53, 73, 226, 239, 254, 9,
       238, 204, 134, 160, 251, 10, 243, 243, 185, 96, 122, 242, 91, 234,
       72, 179, 77, 233, 252, 200, 143, 60, 53, 187, 241, 160, 120, 50,
       104, 97, 36, 59, 113, 24, 101, 164, 183, 184, 155, 11, 219, 58,
       42, 132, 236, 40, 140, 180, 245, 0, 198, 249, 32, 53, 103, 137,
       78, 96, 212, 116, 159, 248, 139, 239, 85, 70, 185, 139, 224, 28,
       94, 251, 33, 91, 183, 241, 206, 50, 56, 231, 146, 194, 219, 219,
       87, 31, 216, 113, 163, 3, 167, 239, 166, 191, 220, 47, 174, 236,
       86, 238, 219, 247, 224, 232, 127, 1, 249, 238, 123, 119, 244, 247,
       79, 250, 60, 30, 207, 178, 221, 127, 241, 206, 90, 238, 255, 126,
       234, 105, 63, 238, 191, 55, 188, 185, 236, 239, 72, 90, 183, 219,
       239, 130, 98, 71, 170, 115, 255, 247, 95, 191, 241, 113, 167, 235,
       40, 100, 56, 177, 85, 239, 249, 70, 30, 183, 48, 27, 159, 29, 115,
       9, 233, 185, 19, 17, 42, 244, 80, 150, 205, 215, 155, 101, 144,
       24, 21, 138, 217, 250, 189, 191, 40, 141, 92, 158, 142, 58, 176,
       124, 191, 223, 73, 27, 135, 83, 125, 67, 227, 109, 203, 49, 195,
       219, 123, 186, 16, 25, 3, 59, 51, 34, 106, 13, 118, 211, 248, 73,
       119, 232, 245, 167, 67, 136, 182, 224, 126, 173, 166, 165, 143,
       178, 101, 221, 22, 41, 163, 131, 125, 140, 122, 213, 102, 252,
       159, 158, 221, 198, 255, 232, 191, 247, 240, 7, 236, 254, 111,
       219, 251, 231, 251, 211, 115, 75, 219, 255, 189, 54, 223, 79, 144,
       112, 39, 222, 55, 105, 117, 161, 108, 15, 220, 69, 79, 176, 176,
       106, 151, 28, 213, 43, 206, 209, 95, 115, 204, 35, 65, 208, 247,
