%YAML:1.0
---
descriptors: !!opencv-matrix
   rows: 233
   cols: 32
   dt: u
   data: [ 226, 184, 244, 80, 109, 189, 208, 91, 203, 187, 180, 56, 10,
       153, 212, 63, 137, 246, 127, 24, 186, 107, 234, 144, 91, 218, 213,
       251, 67, 136, 214, 39, 121, 22, 197, 189, 178, 58, 72, 50, 61, 82,
       210, 245, 223, 46, 128, 251, 215, 199, 124, 165, 189, 216, 101,
       141, 160, 227, 250, 208, 172, 236, 33, 81, 73, 178, 145, 248, 168,
       45, 113, 27, 238, 57, 181, 92, 159, 147, 72, 56, 135, 19, 92, 24,
       147, 105, 251, 145, 217, 217, 51, 126, 202, 128, 131, 49, 2, 142,
       22, 186, 181, 226, 58, 103, 157, 13, 91, 35, 236, 230, 38, 192,
       249, 59, 143, 128, 54, 154, 0, 255, 169, 246, 154, 195, 144, 78,
       189, 15, 124, 100, 120, 103, 93, 127, 90, 184, 121, 170, 191, 8,
       203, 121, 29, 176, 217, 220, 212, 58, 140, 242, 249, 136, 175,
       249, 1, 53, 67, 251, 74, 134, 34, 235, 104, 26, 223, 217, 188,
       238, 159, 117, 92, 155, 40, 140, 126, 1, 201, 155, 227, 21, 86,
       107, 110, 245, 127, 19, 158, 127, 85, 28, 223, 222, 210, 94, 222,
       69, 226, 26, 124, 183, 57, 174, 118, 231, 9, 39, 135, 31, 39, 245,
       183, 164, 228, 220, 133, 202, 118, 107, 117, 135, 47, 244, 43,
       157, 127, 246, 192, 71, 246, 19, 206, 248, 83, 234, 255, 238, 83,
       104, 158, 164, 127, 204, 84, 174, 173, 243, 237, 158, 58, 111,
       165, 180, 239, 255, 90, 21, 238, 230, 132, 163, 173, 63, 94, 189,
       51, 251, 157, 93, 207, 12, 90, 147, 149, 197, 237, 119, 190, 70,
       201, 150, 174, 211, 237, 255, 138, 159, 154, 21, 234, 90, 60, 126,
       105, 252, 153, 54, 169, 222, 180, 253, 46, 61, 151, 191, 135, 117,
       253, 7, 229, 111, 242, 253, 211, 123, 120, 187, 78, 244, 15, 95,
       159, 159, 198, 158, 190, 50, 190, 255, 159, 222, 156, 247, 108,
       232, 191, 199, 119, 103, 191, 167, 244, 199, 14, 239, 186, 35,
       239, 159, 191, 255, 185, 221, 110, 190, 193, 198, 217, 36, 79,
       186, 19, 242, 136, 204, 72, 231, 73, 214, 85, 222, 249, 156, 153,
       90, 219, 226, 61, 54, 221, 254, 170, 231, 38, 116, 35, 141, 48,
       218, 252, 133, 222, 247, 87, 8, 248, 66, 177, 73, 180, 32, 204,
       186, 23, 201, 250, 42, 66, 255, 107, 28, 174, 248, 85, 136, 240,
       136, 1, 170, 110, 249, 36, 142, 104, 31, 127, 1, 82, 64, 255, 75,
       16, 121, 55, 47, 63, 157, 147, 216, 7, 245, 207, 251, 242, 192,
       172, 128, 209, 40, 45, 38, 92, 111, 117, 63, 90, 24, 101, 168,
       253, 77, 219, 73, 147, 153, 216, 128, 198, 46, 140, 182, 73, 156,
       199, 219, 33, 21, 106, 239, 90, 131, 49, 223, 28, 239, 28, 143,
       71, 182, 68, 0, 234, 70, 50, 51, 48, 112, 200, 226, 10, 76, 139,
       186, 81, 61, 245, 237, 130, 16, 24, 27, 240, 40, 40, 10, 111, 81,
       100, 138, 105, 19, 117, 37, 118, 228, 179, 3, 148, 116, 106, 174,
       38, 12, 139, 184, 101, 109, 70, 171, 178, 64, 103, 136, 68, 232,
       41, 161, 90, 233, 116, 142, 107, 49, 96, 8, 126, 12, 183, 3, 130,
       80, 114, 172, 78, 108, 90, 184, 64, 29, 230, 173, 32, 64, 104,
       130, 74, 169, 27, 18, 252, 245, 38, 187, 249, 17, 45, 234, 119,
       231, 93, 95, 151, 43, 54, 181, 181, 172, 129, 244, 37, 200, 86,
       203, 233, 160, 175, 228, 65, 81, 139, 18, 254, 108, 34, 26, 57,
       19, 173, 206, 87, 247, 189, 29, 151, 43, 6, 53, 253, 45, 129, 148,
       36, 200, 70, 123, 120, 128, 174, 228, 15, 113, 172, 78, 236, 109,
       100, 47, 115, 24, 117, 174, 118, 13, 211, 1, 147, 24, 88, 164, 70,
       46, 168, 180, 97, 10, 71, 255, 33, 17, 235, 249, 90, 195, 197, 91,
       239, 5, 34, 74, 47, 52, 40, 234, 86, 228, 245, 54, 145, 99, 54,
       116, 60, 238, 193, 148, 181, 72, 100, 40, 110, 128, 44, 179, 35,
       121, 241, 54, 237, 69, 62, 27, 207, 56, 81, 234, 254, 238, 83, 40,
       150, 163, 127, 228, 92, 174, 173, 242, 109, 142, 62, 239, 229,
       148, 111, 239, 90, 213, 57, 143, 98, 13, 84, 27, 238, 252, 117, 4,
       250, 199, 115, 40, 182, 196, 120, 238, 6, 239, 220, 187, 5, 63,
       62, 44, 160, 192, 127, 174, 248, 204, 215, 31, 229, 151, 142, 50,
       142, 249, 85, 242, 146, 247, 73, 108, 159, 239, 127, 199, 253,
       239, 237, 199, 127, 238, 184, 42, 239, 148, 45, 252, 56, 221, 143,
       150, 230, 215, 231, 112, 254, 191, 25, 95, 95, 183, 104, 111, 190,
       237, 127, 211, 183, 174, 181, 212, 45, 239, 38, 122, 222, 135,
       167, 213, 253, 245, 134, 4, 151, 241, 130, 102, 61, 15, 60, 243,
       66, 146, 221, 55, 9, 75, 103, 87, 59, 176, 49, 220, 17, 194, 205,
       242, 222, 132, 132, 112, 165, 48, 162, 143, 101, 217, 188, 129,
       204, 239, 223, 17, 144, 82, 176, 9, 52, 1, 200, 34, 19, 201, 122,
       40, 67, 253, 44, 154, 158, 120, 20, 136, 208, 136, 197, 117, 61,
       103, 116, 78, 119, 56, 121, 200, 119, 76, 214, 117, 9, 49, 148,
       92, 124, 106, 225, 244, 249, 14, 231, 251, 96, 4, 64, 179, 67,
       115, 102, 168, 232, 26, 207, 249, 209, 203, 203, 87, 36, 153, 42,
       236, 126, 30, 171, 131, 235, 21, 6, 107, 190, 241, 95, 89, 85,
       127, 215, 76, 223, 222, 1, 163, 107, 233, 68, 172, 105, 31, 111,
       9, 126, 64, 177, 195, 84, 112, 240, 42, 127, 156, 147, 152, 227,
       81, 79, 189, 162, 192, 24, 130, 114, 168, 77, 19, 157, 231, 32,
       14, 127, 56, 41, 168, 55, 108, 223, 115, 137, 114, 150, 85, 124,
       110, 193, 80, 153, 8, 207, 251, 103, 132, 8, 226, 3, 49, 101, 138,
       189, 125, 164, 239, 65, 151, 87, 125, 118, 124, 246, 97, 146, 120,
       201, 46, 110, 28, 155, 252, 99, 49, 204, 187, 117, 80, 216, 136,
       212, 121, 223, 214, 125, 99, 38, 30, 89, 184, 125, 127, 55, 245,
       223, 95, 158, 115, 151, 149, 253, 239, 255, 68, 109, 245, 198,
       219, 249, 214, 46, 133, 205, 117, 81, 184, 151, 154, 141, 173, 65,
       198, 239, 83, 160, 92, 182, 176, 66, 191, 129, 163, 108, 21, 63,
       107, 210, 113, 152, 146, 84, 122, 216, 64, 195, 28, 60, 97, 60,
       101, 124, 95, 82, 156, 97, 168, 183, 8, 211, 89, 31, 48, 152, 196,
       68, 106, 156, 242, 249, 12, 207, 249, 101, 53, 193, 187, 94, 130,
       223, 119, 226, 69, 163, 18, 63, 212, 49, 228, 94, 167, 73, 142,
       223, 132, 54, 253, 181, 246, 196, 213, 173, 202, 118, 73, 175,
       135, 47, 247, 47, 221, 217, 22, 149, 189, 189, 46, 73, 50, 165,
       91, 194, 85, 223, 46, 16, 123, 197, 199, 125, 53, 189, 205, 113,
       140, 137, 243, 218, 80, 168, 228, 0, 81, 216, 146, 151, 183, 169,
       174, 88, 51, 171, 91, 179, 85, 223, 63, 0, 90, 133, 215, 125, 148,
       189, 77, 219, 129, 203, 251, 248, 208, 170, 132, 226, 83, 189,
       183, 109, 226, 246, 14, 79, 255, 82, 247, 45, 222, 83, 101, 216,
       51, 127, 206, 20, 190, 251, 126, 125, 15, 249, 203, 231, 100, 173,
       232, 242, 120, 215, 178, 172, 171, 173, 52, 156, 137, 27, 127,
       151, 189, 205, 238, 94, 74, 215, 199, 253, 183, 150, 71, 207, 226,
       154, 118, 255, 255, 156, 119, 189, 87, 98, 186, 213, 84, 237, 109,
       81, 23, 171, 187, 176, 125, 170, 187, 196, 158, 167, 247, 108, 16,
       27, 111, 202, 224, 30, 218, 85, 190, 202, 232, 66, 29, 61, 112,
       215, 207, 79, 59, 231, 88, 87, 226, 247, 102, 83, 241, 181, 238,
       122, 204, 126, 106, 201, 247, 255, 136, 52, 234, 197, 0, 111, 251,
       120, 164, 165, 186, 149, 153, 236, 173, 129, 207, 222, 255, 176,
       252, 134, 228, 206, 47, 205, 74, 110, 20, 179, 111, 235, 209, 140,
       144, 119, 126, 216, 72, 199, 245, 76, 101, 28, 229, 48, 78, 119,
       184, 44, 172, 111, 8, 223, 55, 9, 80, 18, 212, 76, 106, 72, 144,
       121, 44, 231, 239, 101, 20, 98, 179, 71, 35, 100, 181, 189, 243,
       185, 109, 81, 143, 187, 185, 171, 56, 222, 183, 73, 58, 197, 215,
       252, 16, 25, 75, 251, 226, 221, 215, 85, 127, 200, 96, 134, 50,
       126, 180, 185, 242, 189, 237, 81, 159, 187, 249, 190, 24, 159,
       255, 72, 58, 129, 215, 253, 16, 59, 107, 251, 162, 219, 221, 21,
       255, 194, 204, 198, 115, 39, 189, 225, 91, 245, 185, 186, 199, 95,
       65, 124, 167, 168, 236, 254, 164, 223, 107, 147, 157, 151, 184,
