%YAML:1.0
---
descriptors: !!opencv-matrix
   rows: 195
   cols: 32
   dt: u
   data: [ 114, 35, 130, 236, 29, 199, 66, 72, 195, 172, 193, 75, 98,
       211, 105, 80, 208, 236, 104, 224, 10, 3, 218, 157, 153, 228, 137,
       63, 48, 42, 92, 2, 56, 33, 74, 232, 83, 83, 90, 72, 37, 128, 237,
       10, 19, 195, 41, 240, 120, 184, 19, 238, 8, 147, 148, 156, 211,
       237, 128, 29, 51, 175, 106, 160, 209, 65, 71, 197, 7, 18, 110, 40,
       229, 130, 242, 66, 75, 74, 149, 247, 122, 228, 124, 238, 237, 229,
       37, 204, 178, 234, 199, 16, 111, 187, 120, 36, 70, 237, 144, 190,
       159, 168, 190, 168, 187, 179, 9, 10, 236, 234, 92, 198, 163, 107,
       121, 211, 70, 72, 218, 243, 173, 86, 223, 251, 132, 119, 139, 14,
       181, 111, 73, 174, 238, 1, 78, 248, 198, 178, 152, 194, 81, 227,
       249, 3, 123, 200, 6, 238, 73, 99, 142, 184, 184, 128, 231, 44, 61,
       251, 112, 160, 208, 36, 59, 248, 178, 235, 21, 75, 56, 134, 233,
       57, 55, 215, 41, 89, 243, 187, 143, 32, 56, 7, 160, 31, 241, 199,
       59, 59, 48, 97, 39, 114, 33, 5, 113, 69, 116, 15, 235, 59, 124,
       161, 114, 64, 211, 33, 148, 48, 120, 12, 6, 56, 161, 184, 85, 14,
       109, 174, 32, 0, 73, 168, 82, 168, 245, 115, 205, 138, 202, 1, 15,
       216, 2, 242, 145, 238, 81, 195, 233, 11, 125, 212, 124, 250, 203,
       71, 191, 48, 240, 0, 237, 188, 189, 187, 54, 48, 247, 255, 131,
       14, 202, 51, 30, 236, 131, 210, 137, 239, 66, 230, 239, 151, 159,
       195, 200, 102, 253, 67, 158, 58, 184, 196, 77, 62, 61, 247, 162,
       85, 225, 74, 71, 93, 78, 26, 231, 112, 244, 166, 242, 234, 115, 0,
       149, 255, 104, 228, 110, 234, 233, 247, 101, 12, 52, 42, 227, 144,
       101, 185, 116, 165, 2, 162, 20, 153, 236, 137, 169, 143, 30, 53,
       16, 253, 172, 135, 200, 9, 207, 27, 107, 21, 18, 76, 75, 209, 12,
       18, 254, 252, 156, 136, 129, 152, 245, 74, 199, 197, 14, 26, 236,
       32, 233, 162, 242, 98, 67, 40, 149, 255, 106, 228, 110, 234, 237,
       247, 229, 200, 148, 42, 226, 16, 109, 185, 112, 36, 208, 176, 30,
       184, 11, 232, 17, 111, 174, 19, 162, 57, 190, 191, 66, 123, 167,
       147, 253, 129, 22, 79, 147, 81, 209, 227, 90, 123, 104, 0, 167,
       11, 186, 181, 54, 236, 121, 31, 146, 104, 29, 168, 241, 169, 78,
       157, 36, 145, 252, 157, 215, 102, 108, 179, 67, 159, 251, 251, 1,
       255, 83, 46, 46, 211, 242, 134, 205, 254, 94, 2, 206, 232, 19,
       162, 251, 202, 113, 104, 156, 1, 91, 228, 117, 239, 104, 227, 77,
       159, 56, 46, 237, 148, 101, 234, 114, 8, 164, 76, 222, 254, 63,
       139, 86, 232, 223, 134, 224, 9, 207, 233, 41, 65, 211, 117, 111,
       98, 96, 103, 90, 191, 227, 247, 71, 31, 80, 122, 77, 2, 70, 173,
       144, 158, 223, 137, 62, 168, 187, 144, 9, 11, 236, 234, 93, 150,
       179, 235, 121, 211, 118, 64, 202, 251, 173, 22, 143, 123, 148,
       118, 139, 6, 181, 199, 201, 142, 222, 3, 198, 236, 82, 162, 184,
       202, 113, 96, 169, 2, 121, 194, 74, 234, 105, 99, 76, 190, 120,
       134, 231, 60, 189, 250, 112, 168, 70, 237, 144, 151, 149, 232,
       166, 135, 187, 179, 139, 19, 228, 226, 76, 198, 225, 111, 234,
       211, 54, 88, 203, 227, 189, 22, 159, 103, 128, 119, 189, 142, 41,
       201, 81, 239, 244, 193, 70, 239, 87, 9, 120, 106, 176, 210, 176,
       224, 216, 42, 6, 72, 79, 26, 66, 191, 36, 252, 174, 168, 62, 26,
       192, 159, 181, 237, 189, 90, 141, 77, 199, 236, 194, 242, 164, 8,
       83, 245, 93, 63, 89, 210, 120, 122, 107, 103, 250, 48, 123, 138,
       69, 60, 209, 251, 210, 230, 82, 48, 22, 204, 75, 194, 16, 104,
       175, 48, 161, 40, 68, 211, 41, 215, 234, 181, 234, 224, 72, 67,
       154, 92, 145, 176, 75, 59, 16, 34, 39, 130, 41, 0, 83, 69, 116,
       14, 224, 51, 124, 169, 114, 80, 147, 49, 148, 240, 88, 46, 38, 8,
       177, 184, 65, 78, 4, 190, 50, 0, 72, 136, 65, 168, 244, 223, 218,
       46, 154, 39, 94, 252, 210, 130, 169, 207, 115, 225, 105, 19, 31,
       195, 76, 106, 249, 103, 158, 62, 250, 143, 101, 60, 253, 243, 138,
       16, 194, 46, 42, 186, 251, 241, 188, 71, 173, 6, 152, 179, 172,
       142, 103, 72, 239, 187, 219, 145, 118, 15, 130, 243, 243, 116,
       154, 187, 148, 85, 175, 207, 136, 180, 189, 243, 236, 253, 249,
       159, 223, 123, 53, 120, 158, 157, 200, 43, 135, 27, 127, 25, 179,
       124, 251, 211, 207, 219, 119, 246, 214, 200, 135, 243, 224, 221,
       21, 94, 73, 205, 6, 164, 219, 120, 160, 72, 114, 242, 37, 247,
       192, 114, 106, 66, 99, 43, 218, 125, 53, 58, 69, 58, 88, 58, 66,
       62, 194, 240, 58, 186, 27, 192, 176, 77, 175, 21, 131, 49, 172,
       222, 110, 66, 226, 51, 235, 145, 86, 13, 154, 211, 219, 116, 26,
       123, 16, 6, 173, 91, 188, 32, 144, 224, 141, 63, 82, 200, 11, 176,
       169, 13, 78, 201, 77, 158, 185, 140, 204, 124, 26, 99, 217, 144,
       155, 216, 5, 126, 226, 47, 90, 6, 43, 50, 246, 244, 125, 94, 216,
       91, 91, 237, 53, 61, 78, 253, 246, 188, 158, 149, 245, 33, 132,
       111, 178, 220, 219, 219, 89, 255, 70, 140, 79, 87, 245, 253, 229,
       70, 141, 87, 199, 252, 194, 242, 168, 10, 115, 120, 93, 167, 89,
       228, 120, 106, 233, 99, 255, 42, 187, 203, 197, 60, 121, 251, 210,
       124, 135, 221, 172, 55, 149, 182, 150, 174, 82, 211, 9, 21, 230,
       120, 91, 139, 149, 99, 176, 87, 255, 76, 58, 63, 169, 223, 93, 70,
       200, 119, 153, 94, 208, 209, 157, 237, 138, 66, 61, 141, 174, 61,
       130, 49, 213, 183, 72, 66, 194, 85, 121, 208, 18, 13, 251, 51,
       233, 165, 175, 213, 144, 16, 165, 59, 199, 14, 166, 157, 173, 50,
       180, 10, 254, 215, 131, 17, 204, 104, 183, 79, 227, 71, 106, 7,
       180, 229, 39, 194, 4, 50, 91, 23, 196, 117, 57, 68, 239, 204, 165,
       86, 149, 242, 78, 174, 211, 218, 9, 16, 96, 240, 253, 181, 145,
       98, 48, 123, 121, 78, 46, 191, 169, 86, 205, 110, 150, 119, 210,
       100, 247, 237, 129, 54, 152, 39, 78, 237, 147, 194, 137, 221, 127,
       232, 121, 147, 23, 227, 144, 231, 253, 71, 158, 63, 184, 79, 77,
       60, 189, 247, 138, 20, 180, 207, 200, 86, 186, 34, 79, 252, 147,
       134, 45, 249, 97, 99, 169, 23, 23, 242, 5, 238, 120, 71, 8, 63,
       120, 134, 101, 253, 247, 243, 134, 96, 70, 164, 244, 220, 63, 129,
       190, 168, 159, 178, 25, 138, 236, 234, 93, 6, 151, 117, 123, 179,
       2, 65, 143, 223, 44, 62, 207, 190, 148, 114, 1, 4, 38, 164, 246,
       213, 126, 3, 190, 232, 219, 178, 26, 194, 76, 234, 21, 2, 183,
       117, 123, 187, 160, 225, 143, 223, 44, 62, 207, 134, 5, 114, 115,
       129, 253, 223, 136, 54, 152, 38, 78, 188, 147, 194, 137, 157, 113,
       235, 123, 19, 149, 227, 145, 231, 253, 71, 26, 47, 248, 79, 205,
       125, 153, 119, 218, 90, 228, 207, 181, 86, 181, 226, 199, 174,
       211, 158, 9, 48, 98, 96, 253, 37, 145, 114, 32, 122, 242, 108, 42,
       63, 41, 22, 69, 126, 150, 115, 214, 101, 200, 219, 95, 213, 242,
       200, 61, 183, 172, 188, 86, 224, 189, 55, 160, 115, 38, 119, 189,
       88, 115, 216, 162, 109, 239, 225, 110, 192, 2, 144, 133, 121, 27,
       157, 22, 206, 153, 214, 86, 55, 141, 9, 206, 4, 106, 115, 38, 228,
       197, 178, 154, 8, 223, 137, 49, 255, 187, 119, 148, 19, 26, 78,
       168, 30, 206, 249, 190, 184, 173, 233, 188, 206, 143, 148, 144, 3,
       172, 222, 103, 203, 227, 83, 251, 83, 70, 65, 154, 240, 161, 209,
       95, 63, 20, 125, 173, 207, 49, 93, 44, 47, 156, 31, 198, 252, 68,
       105, 250, 76, 147, 56, 51, 33, 200, 78, 94, 111, 253, 169, 85, 60,
       224, 233, 164, 20, 253, 123, 216, 140, 197, 249, 253, 85, 228, 94,
       229, 183, 104, 242, 54, 92, 147, 16, 214, 43, 3, 68, 120, 78, 193,
       252, 247, 32, 101, 43, 116, 4, 76, 185, 211, 233, 252, 67, 126,
       236, 42, 74, 95, 184, 164, 132, 247, 171, 83, 107, 171, 83, 86,
       244, 125, 226, 104, 67, 79, 12, 242, 235, 101, 157, 52, 187, 100,
       3, 188, 102, 250, 100, 117, 27, 86, 72, 81, 166, 181, 8, 75, 201,
       123, 155, 152, 252, 196, 114, 108, 119, 136, 10, 243, 201, 37, 61,
       227, 251, 94, 130, 66, 176, 248, 180, 119, 217, 248, 107, 251,
