%YAML:1.0
---
descriptors: !!opencv-matrix
   rows: 126
   cols: 32
   dt: u
   data: [ 208, 249, 153, 234, 58, 193, 27, 140, 174, 85, 128, 57, 183,
       215, 96, 114, 166, 113, 125, 208, 67, 15, 250, 51, 249, 165, 47,
       121, 16, 2, 133, 123, 221, 66, 237, 231, 36, 62, 110, 24, 96, 234,
       147, 198, 223, 126, 217, 235, 54, 197, 124, 239, 237, 212, 237,
       232, 198, 235, 235, 148, 45, 243, 73, 113, 184, 5, 118, 101, 197,
       118, 116, 127, 113, 47, 246, 19, 91, 57, 53, 217, 248, 158, 135,
       168, 184, 246, 53, 140, 115, 235, 240, 5, 231, 248, 252, 130, 12,
       177, 155, 241, 193, 101, 173, 219, 58, 187, 74, 80, 221, 247, 72,
       168, 53, 95, 115, 153, 19, 208, 155, 34, 205, 135, 255, 228, 136,
       97, 163, 176, 241, 64, 103, 229, 13, 18, 78, 40, 101, 162, 163, 2,
       67, 74, 29, 247, 120, 196, 108, 234, 109, 231, 205, 204, 178, 234,
       195, 21, 37, 183, 120, 4, 70, 172, 144, 190, 207, 168, 190, 168,
       155, 147, 25, 11, 236, 234, 93, 198, 163, 99, 121, 211, 38, 76,
       202, 243, 173, 118, 223, 251, 132, 119, 9, 14, 2, 166, 21, 153,
       252, 169, 172, 175, 158, 27, 88, 244, 188, 163, 232, 192, 207, 27,
       107, 21, 51, 88, 66, 247, 44, 22, 190, 232, 156, 200, 129, 185,
       245, 109, 109, 102, 140, 79, 71, 252, 192, 226, 169, 74, 83, 116,
       217, 51, 89, 198, 80, 107, 233, 99, 252, 42, 185, 136, 197, 60,
       125, 251, 210, 224, 203, 140, 254, 95, 178, 182, 125, 183, 120,
       83, 70, 176, 249, 127, 146, 239, 39, 119, 189, 156, 180, 220, 173,
       239, 111, 111, 254, 192, 166, 213, 171, 121, 250, 88, 255, 252,
       46, 78, 93, 52, 169, 222, 182, 183, 127, 63, 135, 91, 230, 245,
       253, 226, 233, 199, 241, 232, 243, 251, 238, 146, 37, 177, 100,
       123, 108, 133, 238, 92, 205, 116, 231, 235, 240, 31, 237, 18, 80,
       251, 62, 123, 249, 214, 51, 170, 26, 107, 186, 85, 95, 43, 211,
       77, 209, 97, 246, 162, 232, 164, 253, 83, 232, 105, 81, 159, 51,
       55, 165, 56, 211, 23, 72, 59, 3, 148, 109, 56, 58, 116, 235, 19,
       79, 155, 117, 117, 227, 192, 198, 234, 124, 91, 22, 226, 237, 115,
       86, 248, 199, 188, 242, 111, 74, 249, 101, 218, 217, 212, 175,
       114, 28, 51, 75, 188, 90, 211, 229, 255, 154, 43, 124, 19, 253,
       237, 53, 102, 205, 109, 71, 255, 192, 250, 168, 8, 115, 113, 89,
       163, 217, 194, 80, 106, 249, 99, 122, 42, 185, 203, 69, 60, 217,
       123, 210, 168, 206, 252, 56, 163, 205, 253, 182, 132, 173, 22,
       187, 25, 142, 222, 75, 91, 235, 131, 207, 19, 118, 5, 218, 243,
       247, 81, 142, 107, 146, 95, 141, 86, 141, 59, 144, 241, 233, 52,
       168, 223, 50, 187, 84, 120, 157, 243, 193, 175, 157, 94, 246, 152,
       179, 94, 195, 2, 204, 201, 255, 236, 138, 96, 171, 161, 142, 161,
       54, 251, 237, 233, 189, 195, 175, 21, 125, 3, 172, 223, 111, 75,
       171, 27, 203, 18, 82, 36, 186, 241, 103, 209, 78, 107, 150, 94,
       133, 226, 224, 196, 222, 254, 125, 11, 86, 109, 223, 130, 241, 25,
       207, 235, 40, 81, 211, 117, 111, 34, 96, 103, 74, 223, 243, 251,
       71, 63, 84, 122, 37, 139, 116, 199, 197, 156, 220, 3, 206, 232,
       82, 162, 184, 202, 83, 104, 148, 1, 89, 196, 36, 235, 105, 227,
       205, 207, 56, 38, 239, 20, 237, 250, 114, 0, 198, 40, 209, 97,
       224, 106, 232, 6, 43, 243, 160, 24, 150, 30, 85, 59, 162, 221, 89,
       17, 17, 112, 209, 64, 157, 152, 93, 52, 197, 113, 67, 160, 70,
       236, 148, 183, 149, 168, 166, 134, 187, 147, 139, 19, 236, 226,
       76, 206, 225, 235, 234, 211, 38, 88, 203, 227, 173, 22, 159, 107,
       128, 119, 189, 142, 127, 96, 144, 32, 13, 63, 82, 200, 139, 186,
       177, 77, 78, 201, 77, 158, 185, 197, 204, 119, 12, 103, 218, 128,
       155, 220, 69, 63, 235, 127, 74, 6, 125, 113, 190, 231, 173, 15,
       95, 248, 109, 232, 183, 76, 223, 123, 25, 98, 220, 196, 127, 110,
       201, 227, 249, 168, 247, 251, 231, 60, 74, 59, 80, 51, 141, 176,
       253, 243, 236, 237, 249, 95, 111, 123, 53, 124, 159, 189, 220, 58,
       175, 27, 126, 24, 179, 124, 251, 209, 207, 219, 119, 228, 214,
       200, 197, 243, 0, 176, 56, 57, 57, 205, 145, 175, 94, 121, 48, 57,
       190, 28, 74, 0, 135, 27, 207, 1, 18, 104, 91, 23, 237, 215, 20,
       127, 80, 8, 135, 219, 141, 167, 21, 169, 252, 139, 170, 175, 30,
       49, 88, 112, 213, 67, 201, 229, 87, 74, 10, 120, 115, 88, 75, 54,
       172, 131, 175, 100, 156, 136, 137, 160, 221, 83, 111, 237, 34, 10,
       111, 56, 36, 234, 215, 231, 223, 71, 145, 81, 118, 229, 61, 238,
       233, 148, 109, 76, 228, 235, 231, 128, 45, 179, 33, 113, 125, 237,
       229, 100, 221, 79, 199, 190, 80, 226, 168, 74, 115, 121, 17, 179,
       25, 230, 80, 111, 249, 107, 253, 46, 185, 143, 197, 52, 233, 251,
       210, 40, 125, 117, 61, 238, 189, 15, 215, 248, 111, 232, 253, 76,
       223, 125, 25, 48, 220, 212, 127, 110, 201, 163, 121, 158, 251,
       255, 37, 62, 74, 123, 82, 51, 204, 221, 21, 246, 170, 142, 95,
       189, 175, 146, 2, 224, 255, 119, 137, 83, 23, 117, 125, 106, 113,
       193, 27, 125, 233, 251, 111, 84, 42, 179, 129, 49, 125, 103, 197,
       70, 206, 7, 206, 216, 2, 226, 185, 206, 83, 97, 217, 162, 93, 196,
       117, 238, 201, 67, 221, 40, 120, 205, 229, 188, 239, 251, 122, 16,
       162, 182, 53, 241, 252, 175, 184, 75, 26, 185, 16, 120, 148, 25,
       84, 1, 159, 25, 87, 49, 179, 126, 64, 222, 13, 30, 191, 246, 156,
       8, 83, 169, 62, 157, 210, 162, 149, 95, 214, 228, 57, 111, 254,
       11, 74, 62, 47, 220, 249, 211, 134, 211, 60, 187, 57, 238, 187,
       215, 222, 87, 195, 127, 255, 222, 132, 170, 177, 209, 226, 233,
       169, 195, 170, 191, 48, 56, 148, 135, 193, 59, 167, 59, 66, 24,
       18, 92, 170, 64, 77, 128, 127, 228, 192, 128, 7, 225, 98, 178,
       186, 48, 234, 233, 176, 71, 186, 127, 52, 185, 52, 158, 198, 27,
       167, 59, 199, 16, 22, 79, 130, 81, 93, 1, 120, 235, 193, 64, 143,
       219, 109, 125, 152, 229, 188, 15, 93, 191, 123, 170, 190, 72, 159,
       59, 65, 48, 151, 221, 124, 104, 233, 90, 211, 30, 239, 223, 37,
       52, 72, 240, 202, 33, 142, 181, 176, 187, 237, 237, 190, 234, 169,
       22, 60, 17, 140, 255, 107, 19, 235, 83, 203, 179, 50, 37, 218,
       243, 239, 209, 14, 47, 210, 119, 7, 202, 139, 180, 144, 241, 177,
       191, 112, 23, 55, 179, 71, 16, 175, 147, 66, 173, 21, 62, 180, 24,
       127, 220, 241, 178, 207, 215, 157, 99, 170, 196, 138, 143, 27,
       156, 144, 219, 147, 191, 83, 31, 87, 47, 204, 22, 238, 51, 166,
       236, 85, 186, 158, 24, 190, 156, 121, 155, 203, 223, 16, 51, 186,
       204, 136, 45, 104, 186, 188, 120, 169, 253, 16, 207, 155, 63, 164,
       57, 174, 255, 66, 27, 129, 115, 233, 16, 18, 79, 202, 49, 219,
       211, 85, 123, 210, 76, 143, 11, 252, 72, 254, 252, 110, 40, 125,
       148, 169, 146, 178, 186, 255, 191, 133, 123, 239, 245, 127, 194,
       104, 71, 195, 224, 215, 251, 250, 152, 165, 249, 99, 43, 38, 252,
       180, 126, 185, 197, 158, 232, 155, 250, 144, 109, 236, 253, 109,
       5, 159, 123, 213, 115, 166, 99, 218, 191, 43, 94, 77, 255, 220,
       126, 15, 151, 56, 32, 38, 13, 77, 95, 224, 74, 118, 236, 230, 15,
       99, 140, 23, 164, 120, 172, 226, 161, 12, 243, 245, 156, 87, 99,
       129, 51, 99, 12, 126, 222, 70, 237, 148, 159, 157, 168, 162, 168,
       190, 148, 9, 3, 236, 226, 77, 199, 177, 107, 234, 211, 38, 65,
       138, 255, 173, 22, 143, 111, 128, 119, 11, 6, 54, 32, 22, 168,
       121, 3, 152, 72, 159, 160, 240, 137, 78, 223, 45, 145, 222, 29,
       255, 117, 12, 195, 67, 220, 154, 218, 11, 255, 84, 44, 43, 131,
       98, 97, 88, 228, 108, 136, 232, 7, 233, 49, 178, 136, 157, 139,
       84, 219, 130, 173, 125, 153, 2, 111, 194, 192, 148, 184, 154, 121,
       76, 128, 75, 0, 95, 28, 181, 245, 171, 116, 153, 3, 202, 251, 138,
       50, 156, 62, 85, 238, 197, 119, 125, 145, 145, 77, 243, 226, 145,
       255, 91, 178, 128, 101, 5, 103, 67, 186, 170, 149, 198, 164, 185,
       23, 26, 207, 90, 151, 176, 172, 214, 74, 245, 111, 57, 149, 151,
