%YAML:1.0
---
descriptors: !!opencv-matrix
   rows: 274
   cols: 32
   dt: u
   data: [ 132, 246, 122, 99, 114, 14, 123, 48, 56, 140, 119, 52, 87, 87,
       138, 17, 54, 28, 71, 106, 224, 180, 57, 78, 231, 233, 32, 197,
       104, 162, 79, 243, 13, 244, 177, 91, 181, 255, 227, 216, 127, 75,
       121, 80, 222, 221, 189, 188, 249, 88, 22, 122, 179, 180, 57, 118,
       47, 222, 55, 70, 210, 91, 97, 161, 7, 39, 160, 146, 253, 189, 180,
       207, 254, 255, 157, 93, 140, 168, 95, 142, 141, 107, 235, 21, 182,
       107, 202, 242, 63, 30, 31, 255, 208, 78, 155, 207, 40, 71, 58,
       191, 117, 159, 245, 119, 221, 13, 126, 7, 238, 173, 50, 192, 216,
       42, 135, 5, 196, 185, 48, 159, 103, 255, 54, 3, 82, 206, 252, 203,
       218, 38, 250, 254, 42, 232, 89, 14, 187, 23, 165, 153, 175, 239,
       106, 91, 167, 179, 237, 144, 42, 79, 162, 131, 211, 243, 218, 185,
       160, 192, 39, 106, 216, 112, 191, 246, 11, 96, 17, 71, 178, 151,
       167, 24, 63, 183, 65, 91, 225, 183, 237, 128, 40, 79, 178, 2, 219,
       227, 222, 59, 160, 80, 39, 122, 56, 253, 120, 237, 219, 199, 85,
       255, 23, 53, 172, 10, 59, 55, 2, 48, 77, 223, 211, 168, 122, 11,
       115, 63, 123, 207, 133, 124, 51, 216, 198, 250, 228, 240, 189, 84,
       237, 77, 133, 139, 250, 187, 161, 24, 214, 21, 76, 59, 129, 84,
       122, 26, 115, 103, 251, 18, 93, 154, 85, 126, 192, 40, 198, 34,
       37, 36, 233, 67, 108, 62, 234, 216, 111, 200, 123, 68, 217, 74,
       221, 240, 123, 204, 126, 254, 133, 178, 253, 192, 14, 92, 167, 4,
       207, 243, 123, 132, 63, 148, 113, 74, 251, 117, 82, 216, 119, 121,
       189, 56, 74, 125, 238, 188, 219, 152, 198, 242, 159, 34, 127, 247,
       27, 221, 1, 127, 243, 135, 110, 231, 81, 77, 231, 77, 172, 70,
       237, 123, 100, 252, 254, 6, 217, 55, 149, 103, 104, 196, 126, 236,
       201, 250, 231, 200, 117, 170, 239, 132, 47, 240, 97, 125, 189,
       207, 104, 43, 246, 43, 239, 252, 84, 174, 255, 247, 67, 104, 155,
       64, 127, 202, 6, 239, 236, 182, 77, 174, 118, 79, 165, 132, 245,
       255, 242, 193, 156, 125, 30, 190, 58, 192, 55, 226, 172, 132, 228,
       33, 191, 215, 35, 67, 242, 121, 239, 194, 98, 193, 146, 237, 241,
       227, 111, 9, 48, 49, 39, 195, 33, 221, 115, 79, 116, 207, 239,
       188, 125, 68, 126, 72, 179, 86, 156, 52, 126, 152, 70, 106, 195,
       176, 125, 63, 37, 252, 38, 0, 101, 154, 198, 189, 92, 121, 177,
       231, 137, 87, 95, 188, 7, 248, 156, 10, 223, 119, 73, 183, 86,
       212, 253, 234, 73, 67, 251, 168, 243, 201, 229, 189, 34, 247, 6,
       115, 205, 54, 123, 101, 112, 78, 115, 16, 120, 204, 119, 8, 223,
       23, 139, 49, 182, 28, 84, 122, 225, 244, 177, 10, 199, 249, 33,
       132, 64, 160, 71, 227, 2, 239, 12, 184, 248, 193, 156, 239, 158,
       29, 152, 187, 172, 238, 98, 0, 203, 155, 251, 145, 86, 11, 74,
       247, 253, 85, 159, 255, 20, 24, 189, 218, 222, 11, 222, 182, 130,
       162, 58, 0, 188, 182, 199, 183, 77, 239, 35, 91, 38, 245, 237,
       199, 36, 213, 133, 74, 210, 227, 74, 131, 164, 229, 45, 82, 57,
       79, 122, 108, 116, 159, 111, 117, 85, 140, 252, 14, 91, 203, 182,
       48, 120, 232, 6, 238, 204, 179, 36, 159, 242, 205, 36, 128, 119,
       186, 250, 201, 88, 127, 14, 188, 58, 164, 93, 182, 160, 142, 218,
       229, 255, 231, 1, 19, 182, 247, 109, 231, 104, 199, 131, 111, 241,
       227, 238, 152, 32, 240, 39, 59, 103, 182, 178, 22, 237, 61, 180,
       75, 251, 187, 189, 93, 236, 250, 94, 158, 141, 103, 234, 23, 180,
       99, 218, 226, 30, 30, 95, 59, 202, 111, 203, 71, 87, 114, 138,
       166, 130, 38, 126, 16, 170, 232, 139, 205, 221, 231, 75, 90, 183,
       229, 109, 246, 140, 65, 155, 64, 216, 231, 239, 244, 168, 243, 41,
       19, 95, 145, 133, 165, 130, 110, 111, 152, 42, 249, 11, 69, 221,
       118, 89, 250, 183, 69, 125, 183, 149, 81, 189, 64, 201, 167, 239,
       228, 136, 119, 163, 112, 200, 58, 156, 241, 40, 140, 57, 19, 62,
       61, 118, 53, 191, 19, 66, 91, 135, 27, 237, 16, 18, 92, 195, 193,
       206, 211, 122, 195, 138, 0, 15, 27, 188, 76, 78, 255, 7, 95, 101,
       248, 117, 54, 247, 22, 123, 105, 63, 203, 121, 228, 238, 170, 104,
       244, 127, 255, 247, 235, 247, 5, 127, 249, 124, 146, 83, 233, 3,
       186, 27, 141, 10, 228, 171, 80, 136, 9, 174, 150, 66, 54, 164,
       243, 120, 213, 79, 11, 154, 113, 185, 52, 30, 122, 8, 6, 3, 124,
       192, 60, 158, 244, 201, 236, 52, 103, 239, 179, 166, 24, 190, 187,
       102, 91, 161, 55, 234, 0, 96, 237, 146, 105, 211, 179, 86, 27,
       192, 80, 175, 10, 203, 173, 175, 155, 248, 220, 61, 239, 190, 85,
       142, 16, 188, 247, 106, 114, 103, 219, 251, 156, 51, 75, 190, 243,
       253, 53, 222, 120, 146, 212, 167, 104, 79, 132, 174, 218, 205,
       240, 189, 207, 254, 23, 143, 18, 253, 255, 122, 106, 241, 119,
       251, 157, 50, 67, 155, 243, 127, 127, 223, 89, 150, 82, 181, 34,
       244, 37, 215, 166, 174, 35, 198, 105, 22, 162, 235, 90, 82, 224,
       77, 211, 249, 255, 108, 163, 56, 247, 201, 10, 184, 134, 237, 20,
       233, 123, 240, 32, 33, 184, 181, 27, 205, 221, 192, 75, 207, 251,
       185, 72, 178, 248, 84, 174, 201, 10, 122, 17, 159, 106, 223, 145,
       13, 26, 85, 126, 217, 78, 218, 148, 56, 221, 121, 108, 219, 69,
       95, 254, 87, 4, 236, 10, 122, 255, 37, 48, 124, 218, 83, 106, 234,
       43, 123, 127, 115, 239, 5, 56, 115, 241, 230, 250, 30, 197, 229,
       183, 150, 98, 239, 232, 55, 215, 211, 179, 105, 111, 153, 239,
       127, 215, 191, 243, 121, 208, 109, 239, 188, 231, 239, 197, 167,
       247, 180, 112, 244, 168, 168, 120, 141, 45, 197, 202, 91, 191,
       164, 24, 146, 248, 85, 40, 217, 206, 104, 25, 154, 126, 251, 178,
       221, 223, 215, 124, 208, 121, 215, 226, 160, 249, 57, 250, 172,
       205, 21, 159, 142, 93, 132, 57, 183, 157, 64, 8, 136, 59, 253, 67,
       75, 79, 122, 49, 227, 193, 60, 59, 16, 24, 150, 123, 108, 7, 252,
       103, 164, 47, 119, 152, 118, 190, 55, 28, 211, 105, 219, 59, 31,
       198, 111, 110, 248, 112, 233, 59, 111, 255, 101, 180, 238, 251,
       192, 113, 95, 27, 138, 172, 59, 180, 26, 88, 166, 200, 202, 69,
       236, 254, 35, 192, 212, 101, 253, 213, 141, 131, 155, 232, 210,
       117, 170, 155, 136, 103, 41, 19, 92, 237, 191, 250, 170, 104, 127,
       252, 167, 150, 173, 0, 223, 247, 105, 91, 51, 211, 111, 234, 106,
       65, 186, 112, 249, 192, 103, 44, 178, 243, 165, 34, 126, 188, 233,
       16, 207, 117, 149, 207, 139, 255, 188, 159, 8, 252, 119, 30, 173,
       211, 255, 177, 190, 107, 186, 210, 91, 87, 221, 191, 215, 124,
       246, 223, 88, 121, 183, 117, 19, 206, 53, 55, 233, 204, 70, 8,
       190, 183, 1, 55, 160, 119, 125, 65, 65, 249, 176, 108, 225, 242,
       84, 2, 98, 52, 135, 107, 120, 161, 10, 34, 209, 197, 88, 231, 35,
       1, 232, 9, 63, 147, 74, 144, 136, 139, 209, 212, 94, 27, 146, 53,
       251, 197, 148, 105, 34, 6, 170, 10, 186, 191, 22, 190, 203, 225,
       20, 237, 191, 30, 161, 185, 111, 254, 107, 153, 239, 187, 205,
       131, 110, 79, 10, 255, 179, 211, 90, 59, 50, 84, 175, 207, 205,
       49, 151, 19, 139, 188, 36, 19, 250, 147, 35, 84, 140, 242, 76,
       255, 163, 47, 104, 28, 183, 77, 159, 66, 12, 122, 87, 78, 138,
       100, 169, 4, 204, 118, 127, 101, 96, 110, 113, 50, 121, 238, 118,
       24, 159, 23, 131, 123, 182, 60, 68, 56, 161, 244, 177, 14, 199,
       251, 97, 4, 98, 161, 71, 243, 148, 116, 90, 225, 114, 110, 127,
       248, 49, 226, 119, 53, 87, 95, 10, 81, 55, 157, 87, 226, 97, 180,
       25, 78, 247, 235, 99, 133, 105, 179, 47, 211, 114, 120, 191, 246,
       9, 116, 93, 212, 171, 223, 164, 13, 190, 191, 71, 223, 237, 245,
       253, 133, 11, 71, 242, 224, 147, 251, 218, 58, 130, 117, 38, 123,
       162, 181, 97, 81, 93, 221, 144, 103, 27, 109, 252, 191, 34, 60,
       22, 21, 140, 154, 215, 1, 250, 186, 112, 151, 63, 80, 16, 243,
       103, 12, 214, 255, 152, 31, 254, 245, 70, 14, 125, 55, 116, 172,
       126, 167, 115, 47, 146, 97, 110, 190, 183, 136, 240, 248, 85, 12,
