%YAML:1.0
---
descriptors: !!opencv-matrix
   rows: 287
   cols: 32
   dt: u
   data: [ 45, 78, 232, 69, 228, 15, 207, 184, 84, 170, 124, 238, 83, 33,
       149, 32, 92, 200, 22, 110, 233, 178, 109, 46, 102, 143, 229, 164,
       255, 251, 82, 160, 37, 240, 119, 65, 100, 78, 229, 49, 109, 232,
       126, 96, 218, 81, 148, 60, 92, 156, 119, 122, 193, 240, 113, 200,
       77, 186, 118, 194, 75, 139, 194, 161, 138, 176, 118, 195, 67, 251,
       185, 64, 189, 117, 119, 191, 76, 158, 238, 12, 63, 157, 247, 49,
       19, 247, 52, 198, 22, 22, 26, 231, 239, 13, 7, 247, 62, 181, 16,
       235, 213, 247, 178, 75, 15, 37, 249, 6, 8, 253, 108, 132, 249, 27,
       147, 17, 19, 186, 88, 215, 15, 220, 139, 102, 219, 79, 245, 182,
       34, 189, 181, 57, 201, 205, 181, 199, 254, 119, 168, 25, 174, 188,
       68, 155, 137, 59, 235, 17, 118, 107, 242, 113, 45, 18, 94, 123,
       208, 76, 135, 238, 232, 253, 40, 113, 221, 221, 117, 119, 197,
       236, 174, 13, 162, 149, 66, 180, 200, 162, 202, 16, 89, 58, 112,
       31, 127, 213, 20, 115, 82, 12, 222, 126, 105, 189, 57, 105, 249,
       253, 89, 159, 203, 240, 44, 8, 157, 253, 83, 182, 135, 18, 251,
       28, 147, 104, 251, 31, 111, 93, 21, 125, 210, 204, 135, 106, 164,
       77, 108, 79, 124, 79, 207, 184, 68, 42, 254, 8, 83, 117, 153, 48,
       88, 212, 87, 106, 232, 178, 121, 63, 103, 143, 165, 20, 113, 251,
       82, 168, 221, 165, 124, 103, 176, 79, 127, 184, 60, 236, 255, 13,
       223, 103, 154, 81, 185, 204, 93, 110, 248, 240, 105, 14, 239, 255,
       101, 149, 106, 242, 202, 99, 160, 160, 187, 83, 116, 237, 243, 67,
       222, 15, 115, 24, 178, 220, 126, 40, 153, 58, 19, 17, 182, 188,
       48, 255, 79, 158, 18, 67, 208, 8, 213, 254, 153, 137, 111, 253,
       54, 138, 111, 53, 117, 68, 246, 198, 123, 47, 180, 97, 110, 228,
       63, 238, 249, 184, 37, 237, 118, 235, 226, 192, 63, 168, 240, 120,
       0, 202, 27, 185, 116, 133, 43, 214, 30, 9, 88, 66, 180, 147, 33,
       64, 215, 59, 3, 81, 3, 152, 67, 119, 141, 134, 58, 192, 24, 24,
       33, 169, 67, 206, 15, 158, 82, 130, 42, 103, 60, 65, 66, 247, 116,
       230, 182, 65, 118, 171, 51, 141, 183, 158, 7, 255, 52, 38, 186,
       192, 28, 4, 177, 220, 61, 157, 230, 231, 245, 122, 110, 247, 117,
       251, 126, 230, 123, 61, 187, 243, 105, 198, 150, 254, 253, 250,
       125, 174, 126, 239, 228, 196, 239, 255, 248, 249, 172, 149, 123,
       107, 244, 143, 115, 49, 116, 8, 127, 96, 83, 127, 184, 49, 126,
       186, 23, 120, 187, 184, 113, 14, 111, 233, 32, 192, 127, 138, 194,
       179, 147, 34, 206, 189, 158, 54, 168, 95, 54, 249, 82, 215, 77,
       202, 178, 202, 126, 207, 63, 157, 149, 220, 159, 221, 150, 35,
       251, 128, 45, 228, 185, 221, 80, 178, 188, 247, 152, 44, 81, 188,
       54, 189, 142, 25, 247, 119, 74, 82, 221, 215, 109, 208, 26, 78,
       251, 35, 233, 231, 255, 92, 128, 90, 164, 123, 37, 135, 104, 131,
       252, 171, 194, 191, 86, 125, 189, 223, 211, 104, 254, 64, 89, 138,
       6, 61, 158, 56, 77, 55, 110, 30, 165, 244, 212, 202, 208, 192, 86,
       128, 191, 246, 172, 100, 94, 168, 143, 154, 147, 3, 205, 239, 109,
       75, 247, 209, 125, 243, 50, 71, 155, 193, 153, 243, 239, 156, 128,
       115, 37, 19, 217, 141, 30, 180, 166, 138, 61, 231, 236, 134, 90,
       7, 173, 170, 35, 67, 162, 103, 47, 193, 116, 137, 4, 238, 240,
       227, 254, 1, 12, 48, 41, 10, 40, 83, 106, 77, 108, 223, 241, 87,
       70, 109, 254, 167, 19, 141, 182, 96, 76, 156, 163, 12, 201, 186,
       117, 149, 70, 173, 176, 193, 119, 136, 124, 251, 45, 117, 145, 71,
       85, 63, 230, 148, 125, 224, 106, 76, 210, 48, 29, 180, 144, 76,
       82, 110, 133, 176, 89, 42, 39, 253, 5, 52, 202, 123, 90, 180, 204,
       206, 75, 186, 100, 160, 238, 208, 252, 26, 219, 119, 253, 234,
       185, 75, 251, 203, 14, 195, 175, 167, 14, 227, 180, 167, 234, 137,
       188, 115, 41, 129, 70, 189, 147, 154, 219, 240, 178, 195, 171, 65,
       201, 163, 44, 254, 108, 244, 235, 59, 219, 145, 23, 11, 154, 247,
       61, 52, 142, 107, 158, 71, 175, 222, 16, 29, 73, 165, 16, 227,
       171, 150, 22, 224, 74, 231, 241, 55, 161, 96, 94, 123, 31, 241, 9,
       152, 85, 62, 236, 133, 175, 144, 188, 91, 5, 218, 50, 178, 239,
       157, 124, 87, 201, 123, 83, 237, 214, 239, 98, 109, 150, 133, 92,
       172, 167, 141, 169, 250, 229, 141, 94, 54, 241, 149, 111, 172,
       124, 253, 162, 131, 122, 94, 226, 217, 180, 239, 222, 73, 125,
       179, 32, 236, 174, 96, 254, 27, 162, 0, 214, 58, 46, 247, 38, 53,
       30, 107, 81, 8, 175, 159, 116, 45, 248, 100, 142, 99, 215, 255,
       65, 166, 188, 42, 83, 105, 151, 51, 89, 214, 68, 106, 248, 99,
       237, 142, 251, 207, 101, 61, 101, 250, 86, 238, 9, 23, 83, 172,
       122, 187, 56, 115, 141, 64, 120, 239, 191, 199, 163, 193, 86, 41,
       151, 36, 197, 130, 68, 156, 198, 197, 34, 168, 62, 140, 9, 217,
       220, 113, 17, 235, 9, 205, 67, 152, 167, 48, 131, 72, 255, 215,
       73, 223, 144, 84, 105, 106, 75, 69, 155, 49, 193, 241, 3, 60, 2,
       51, 7, 50, 51, 220, 208, 79, 61, 20, 198, 239, 75, 74, 252, 96,
       42, 216, 190, 244, 217, 74, 132, 72, 207, 42, 252, 187, 34, 252,
       148, 59, 91, 62, 218, 140, 13, 118, 249, 67, 114, 122, 179, 156,
       106, 205, 127, 236, 255, 116, 203, 40, 22, 91, 212, 112, 135, 240,
       109, 8, 108, 141, 36, 128, 239, 211, 15, 249, 189, 70, 72, 165,
       52, 15, 75, 188, 80, 238, 214, 239, 211, 97, 147, 2, 94, 196, 93,
       237, 169, 180, 101, 142, 228, 239, 173, 148, 47, 188, 88, 97, 58,
       239, 16, 170, 125, 209, 214, 236, 27, 36, 189, 139, 174, 200, 47,
       4, 216, 235, 135, 99, 78, 35, 200, 191, 242, 212, 139, 59, 87, 31,
       95, 158, 96, 49, 253, 79, 72, 78, 111, 24, 123, 164, 103, 8, 215,
       247, 73, 124, 18, 220, 98, 106, 64, 210, 249, 93, 77, 186, 69, 36,
       66, 178, 70, 160, 1, 150, 197, 87, 114, 47, 171, 59, 62, 235, 87,
       246, 249, 39, 132, 68, 55, 110, 38, 172, 177, 220, 45, 95, 12, 46,
       59, 192, 175, 224, 1, 189, 104, 245, 61, 246, 73, 207, 103, 184,
       231, 180, 239, 8, 215, 247, 72, 114, 17, 244, 106, 106, 72, 114,
       251, 93, 255, 186, 69, 120, 98, 162, 70, 114, 236, 181, 188, 247,
       153, 12, 67, 152, 167, 189, 167, 8, 247, 119, 73, 82, 213, 214,
       109, 74, 42, 66, 219, 51, 237, 246, 213, 124, 130, 35, 6, 58, 10,
       201, 146, 218, 93, 213, 132, 239, 150, 25, 200, 2, 40, 210, 36,
       228, 201, 58, 162, 128, 70, 235, 18, 241, 57, 18, 222, 43, 19, 24,
       185, 142, 29, 151, 107, 65, 86, 35, 235, 248, 84, 64, 127, 230,
       81, 77, 188, 32, 127, 192, 23, 254, 177, 176, 61, 63, 126, 143,
       161, 196, 253, 171, 112, 241, 197, 243, 109, 193, 238, 29, 239,
       156, 207, 112, 90, 230, 211, 76, 221, 235, 110, 222, 126, 95, 203,
       240, 255, 49, 36, 8, 239, 196, 125, 217, 208, 181, 39, 106, 184,
       241, 108, 141, 249, 216, 90, 190, 84, 26, 180, 201, 255, 40, 221,
       73, 23, 91, 194, 118, 234, 240, 71, 29, 255, 173, 220, 185, 89,
       129, 189, 195, 105, 238, 38, 67, 95, 121, 37, 64, 181, 235, 95,
       79, 186, 48, 62, 153, 23, 239, 200, 35, 45, 221, 242, 201, 165,
       188, 117, 186, 230, 225, 67, 202, 127, 253, 102, 134, 253, 51,
       237, 74, 118, 199, 61, 15, 180, 114, 230, 181, 63, 143, 192, 189,
       5, 207, 118, 255, 250, 128, 63, 162, 97, 41, 60, 93, 123, 238, 85,
       247, 86, 112, 21, 76, 253, 3, 123, 223, 35, 241, 248, 184, 151,
       226, 12, 178, 56, 189, 243, 229, 163, 9, 51, 187, 108, 194, 76,
       102, 189, 101, 44, 79, 95, 184, 120, 238, 190, 73, 215, 127, 27,
       19, 151, 197, 125, 110, 232, 244, 233, 46, 231, 251, 101, 21, 64,
       251, 70, 83, 181, 144, 245, 87, 212, 111, 227, 184, 86, 227, 115,
       82, 83, 48, 156, 45, 121, 222, 50, 106, 185, 244, 125, 190, 13,
       42, 245, 64, 239, 185, 244, 180, 228, 118, 217, 117, 184, 10, 71,
       186, 58, 174, 54, 252, 247, 115, 201, 27, 151, 84, 108, 122, 225,
       68, 193, 10, 236, 179, 101, 188, 72, 241, 7, 49, 33, 57, 107, 201,
