%YAML:1.0
---
descriptors: !!opencv-matrix
   rows: 256
   cols: 32
   dt: u
   data: [ 26, 57, 248, 245, 75, 197, 189, 103, 27, 244, 68, 139, 189,
       159, 64, 11, 46, 187, 147, 129, 65, 90, 242, 192, 199, 193, 222,
       43, 39, 196, 135, 250, 154, 183, 27, 247, 178, 96, 61, 115, 52,
       138, 95, 50, 125, 119, 136, 35, 183, 59, 21, 162, 112, 220, 9,
       207, 240, 195, 234, 129, 36, 226, 165, 3, 168, 164, 85, 120, 237,
       249, 84, 207, 251, 63, 161, 56, 10, 185, 76, 155, 129, 146, 196,
       0, 54, 111, 74, 19, 27, 219, 81, 127, 210, 72, 206, 139, 228, 65,
       93, 103, 172, 14, 70, 184, 57, 168, 115, 72, 215, 115, 137, 82,
       150, 212, 124, 106, 105, 240, 217, 46, 237, 255, 101, 20, 72, 179,
       66, 33, 237, 92, 125, 237, 238, 58, 123, 178, 92, 74, 118, 230,
       219, 37, 177, 121, 118, 244, 63, 110, 161, 180, 103, 190, 70, 235,
       97, 196, 63, 249, 65, 113, 1, 158, 59, 251, 52, 175, 107, 214, 94,
       73, 90, 230, 183, 215, 177, 96, 119, 42, 31, 28, 179, 184, 81,
       255, 236, 254, 186, 192, 156, 201, 113, 57, 56, 1, 98, 236, 197,
       23, 110, 121, 117, 132, 125, 2, 91, 169, 178, 116, 120, 172, 151,
       234, 216, 178, 32, 142, 119, 237, 160, 193, 119, 174, 246, 160, 3,
       252, 187, 251, 117, 237, 185, 222, 30, 75, 120, 84, 188, 223, 104,
       32, 255, 59, 23, 21, 131, 188, 58, 247, 205, 157, 62, 234, 152,
       88, 167, 251, 92, 106, 186, 180, 170, 104, 53, 194, 160, 190, 150,
       59, 151, 189, 67, 11, 35, 117, 237, 19, 0, 69, 170, 32, 209, 199,
       127, 185, 164, 113, 7, 99, 185, 117, 106, 227, 180, 31, 255, 85,
       84, 108, 223, 178, 155, 29, 186, 37, 126, 26, 151, 110, 248, 184,
       113, 188, 231, 201, 164, 160, 119, 222, 220, 249, 120, 253, 108,
       225, 20, 150, 90, 246, 113, 164, 190, 3, 27, 63, 19, 241, 104,
       244, 221, 220, 168, 251, 241, 172, 251, 237, 167, 213, 167, 152,
       122, 90, 34, 221, 112, 203, 85, 195, 182, 238, 94, 5, 88, 35, 160,
       92, 52, 0, 217, 59, 131, 67, 194, 184, 88, 255, 45, 30, 143, 99,
       85, 27, 213, 142, 248, 80, 116, 109, 45, 87, 94, 60, 69, 36, 246,
       3, 107, 15, 183, 244, 126, 149, 191, 234, 204, 183, 113, 191, 243,
       255, 226, 145, 119, 143, 108, 91, 79, 187, 237, 135, 58, 82, 63,
       188, 46, 253, 87, 228, 220, 38, 218, 102, 54, 85, 254, 255, 213,
       216, 173, 108, 110, 47, 111, 196, 142, 183, 47, 117, 255, 182,
       164, 90, 235, 213, 154, 248, 155, 254, 181, 63, 104, 252, 78, 182,
       157, 123, 215, 51, 238, 103, 250, 243, 91, 91, 141, 255, 219, 110,
       62, 215, 2, 207, 26, 153, 181, 131, 190, 175, 28, 5, 90, 3, 228,
       122, 56, 64, 217, 11, 19, 129, 114, 152, 65, 255, 45, 54, 158, 67,
       20, 8, 189, 10, 210, 87, 22, 187, 50, 134, 45, 21, 172, 128, 195,
       198, 237, 67, 41, 71, 230, 53, 41, 188, 96, 149, 17, 204, 176,
       242, 142, 0, 8, 18, 161, 56, 222, 115, 250, 64, 187, 81, 30, 206,
       251, 244, 180, 191, 12, 158, 103, 54, 183, 209, 221, 212, 166, 79,
       182, 210, 187, 89, 5, 255, 247, 181, 175, 95, 62, 222, 172, 88,
       45, 245, 85, 250, 215, 94, 188, 61, 74, 125, 183, 188, 201, 0,
       253, 6, 205, 39, 122, 147, 195, 223, 213, 159, 218, 252, 92, 87,
       2, 192, 18, 130, 101, 113, 184, 204, 46, 21, 251, 19, 236, 198,
       106, 204, 250, 129, 142, 176, 2, 51, 10, 213, 21, 16, 138, 47, 23,
       14, 37, 198, 106, 222, 105, 90, 45, 245, 95, 182, 143, 95, 189,
       189, 234, 252, 222, 62, 143, 243, 253, 135, 205, 39, 122, 243, 67,
       95, 208, 251, 95, 95, 244, 87, 79, 191, 247, 222, 236, 249, 255,
       252, 159, 250, 181, 254, 253, 239, 255, 175, 255, 243, 255, 143,
       179, 99, 170, 243, 254, 223, 239, 254, 158, 253, 165, 241, 70, 8,
       138, 184, 217, 177, 184, 67, 143, 17, 201, 159, 140, 170, 99, 202,
       203, 41, 251, 149, 22, 75, 210, 208, 28, 119, 154, 107, 152, 77,
       169, 134, 52, 76, 19, 222, 92, 130, 199, 113, 212, 130, 217, 66,
       113, 201, 177, 64, 72, 104, 2, 11, 105, 167, 66, 142, 176, 166,
       162, 8, 21, 122, 48, 160, 6, 56, 159, 177, 233, 237, 49, 194, 159,
       251, 64, 24, 150, 150, 99, 57, 193, 59, 178, 17, 19, 92, 50, 176,
       141, 209, 27, 99, 144, 73, 7, 246, 37, 144, 153, 185, 176, 239,
       81, 139, 62, 121, 97, 17, 151, 86, 42, 120, 213, 139, 54, 20, 27,
       218, 123, 21, 205, 135, 115, 68, 208, 0, 163, 242, 39, 22, 251,
       12, 120, 47, 147, 122, 12, 238, 253, 237, 214, 116, 167, 48, 222,
       117, 86, 44, 133, 179, 109, 30, 96, 63, 33, 150, 220, 255, 3, 245,
       192, 122, 188, 85, 168, 14, 181, 151, 254, 190, 166, 112, 151,
       152, 197, 75, 133, 53, 108, 16, 202, 124, 227, 0, 133, 178, 119,
       22, 64, 120, 5, 41, 210, 149, 156, 177, 131, 126, 121, 99, 61,
       117, 183, 18, 156, 62, 74, 123, 167, 151, 255, 145, 53, 216, 243,
       196, 223, 243, 94, 71, 137, 64, 175, 94, 15, 115, 125, 108, 172,
       19, 223, 25, 223, 232, 21, 237, 221, 221, 187, 45, 22, 113, 221,
       111, 193, 1, 46, 156, 98, 217, 109, 188, 62, 247, 67, 241, 2, 151,
       48, 139, 245, 211, 182, 239, 28, 13, 88, 163, 236, 108, 62, 196,
       218, 11, 147, 225, 86, 184, 73, 255, 44, 54, 142, 195, 20, 14,
       181, 223, 108, 33, 229, 39, 140, 75, 67, 1, 107, 229, 171, 137,
       215, 45, 82, 18, 136, 196, 105, 85, 28, 41, 245, 0, 207, 245, 5,
       117, 192, 238, 214, 82, 235, 11, 98, 92, 70, 16, 236, 117, 121,
       74, 119, 226, 121, 44, 182, 117, 126, 236, 55, 238, 197, 58, 166,
       205, 54, 105, 226, 136, 47, 164, 114, 253, 43, 182, 234, 16, 247,
       241, 184, 71, 91, 207, 92, 191, 8, 236, 254, 172, 255, 43, 147,
       149, 150, 250, 182, 194, 31, 93, 159, 239, 199, 76, 254, 215, 77,
       117, 57, 103, 116, 78, 103, 152, 105, 232, 127, 72, 223, 85, 153,
       112, 148, 84, 84, 126, 161, 176, 121, 46, 231, 253, 37, 4, 194,
       179, 67, 241, 44, 236, 42, 98, 205, 117, 222, 232, 195, 182, 173,
       11, 67, 237, 125, 8, 217, 216, 211, 242, 94, 35, 120, 178, 123,
       221, 133, 125, 209, 251, 246, 194, 190, 85, 123, 236, 247, 123,
       223, 248, 89, 226, 255, 138, 91, 125, 183, 161, 254, 217, 151,
       227, 233, 179, 61, 254, 243, 223, 143, 151, 119, 255, 124, 83, 9,
       249, 144, 249, 181, 157, 52, 191, 87, 57, 84, 36, 174, 49, 202,
       164, 133, 26, 166, 24, 83, 120, 91, 181, 174, 215, 20, 119, 154,
       140, 137, 173, 10, 220, 146, 156, 115, 208, 188, 231, 189, 1, 88,
       162, 172, 254, 36, 224, 231, 123, 147, 128, 70, 153, 18, 237, 55,
       54, 94, 139, 150, 84, 165, 159, 34, 105, 232, 221, 108, 193, 187,
       198, 139, 196, 156, 131, 176, 159, 119, 2, 200, 115, 115, 221, 64,
       11, 226, 224, 111, 24, 206, 171, 21, 185, 118, 218, 150, 17, 239,
       123, 242, 226, 185, 88, 62, 93, 117, 179, 92, 255, 239, 121, 182,
       91, 183, 215, 178, 193, 43, 120, 95, 35, 251, 199, 181, 65, 37,
       243, 26, 95, 102, 148, 126, 19, 190, 117, 136, 226, 212, 239, 125,
       238, 183, 3, 46, 245, 247, 231, 229, 243, 164, 206, 54, 107, 239,
       170, 47, 190, 55, 217, 240, 120, 250, 116, 98, 72, 87, 48, 241,
       174, 166, 40, 115, 209, 199, 27, 34, 228, 108, 74, 72, 103, 178,
       32, 211, 233, 101, 57, 96, 176, 70, 123, 102, 84, 191, 222, 111,
       228, 187, 192, 137, 91, 213, 51, 124, 222, 63, 107, 238, 115, 187,
       195, 167, 167, 58, 225, 83, 123, 218, 155, 21, 95, 53, 119, 57, 5,
       86, 71, 193, 63, 103, 119, 116, 170, 111, 8, 115, 51, 148, 55, 49,
       246, 66, 42, 121, 185, 49, 14, 117, 175, 101, 0, 107, 250, 194,
       44, 113, 167, 196, 5, 52, 22, 74, 52, 96, 225, 170, 196, 227, 32,
       214, 214, 84, 230, 108, 253, 205, 250, 197, 12, 172, 44, 167, 16,
       140, 166, 120, 12, 11, 95, 107, 207, 118, 214, 255, 116, 29, 76,
       94, 166, 253, 94, 182, 228, 126, 57, 151, 239, 197, 144, 53, 255,
       102, 125, 170, 128, 62, 159, 61, 253, 3, 95, 83, 141, 114, 146,
       191, 52, 61, 76, 90, 231, 253, 14, 183, 228, 118, 61, 151, 239,
       197, 144, 37, 239, 38, 60, 170, 128, 30, 247, 33, 221, 82, 229,
