%YAML:1.0
---
descriptors: !!opencv-matrix
   rows: 153
   cols: 32
   dt: u
   data: [ 180, 224, 249, 74, 204, 97, 71, 200, 83, 58, 181, 10, 83, 221,
       253, 58, 89, 216, 84, 122, 58, 99, 234, 51, 123, 141, 165, 125,
       241, 251, 118, 226, 242, 232, 214, 191, 77, 173, 228, 207, 191,
       55, 162, 27, 98, 170, 68, 75, 233, 199, 106, 128, 110, 127, 219,
       241, 149, 178, 215, 59, 169, 72, 248, 14, 96, 13, 145, 77, 213,
       79, 229, 55, 108, 168, 106, 72, 114, 112, 5, 52, 24, 126, 98, 40,
       81, 186, 241, 8, 37, 172, 4, 56, 209, 120, 198, 172, 60, 77, 122,
       204, 212, 211, 255, 252, 213, 128, 254, 2, 81, 233, 183, 224, 120,
       236, 151, 234, 200, 179, 60, 190, 115, 239, 167, 137, 119, 187,
       120, 162, 26, 157, 83, 238, 147, 194, 62, 246, 52, 0, 202, 166,
       125, 247, 160, 228, 126, 255, 154, 224, 57, 153, 28, 255, 184,
       166, 14, 64, 63, 90, 169, 152, 63, 93, 99, 222, 212, 214, 239,
       242, 213, 194, 223, 66, 113, 252, 181, 100, 120, 234, 23, 239,
       233, 171, 62, 239, 57, 46, 175, 136, 55, 255, 240, 228, 53, 207,
       79, 79, 182, 91, 238, 252, 84, 224, 250, 194, 115, 104, 189, 224,
       126, 236, 22, 238, 237, 178, 109, 61, 58, 173, 167, 132, 125, 187,
       248, 181, 221, 86, 7, 175, 48, 6, 111, 180, 52, 74, 66, 228, 215,
       119, 137, 243, 118, 116, 124, 238, 233, 213, 61, 46, 224, 162,
       238, 128, 40, 241, 33, 57, 176, 169, 28, 242, 152, 143, 88, 233,
       63, 48, 225, 9, 191, 211, 0, 25, 160, 187, 77, 66, 90, 218, 74,
       61, 217, 211, 67, 121, 16, 0, 203, 10, 143, 120, 188, 255, 109,
       157, 125, 152, 255, 219, 103, 20, 253, 255, 95, 123, 133, 121,
       123, 206, 227, 69, 250, 241, 79, 219, 215, 40, 218, 245, 99, 250,
       132, 160, 29, 147, 218, 233, 33, 201, 62, 53, 3, 148, 212, 226,
       74, 73, 115, 27, 106, 144, 51, 88, 219, 87, 156, 6, 91, 100, 152,
       64, 137, 144, 34, 188, 177, 155, 221, 249, 177, 239, 95, 23, 88,
       50, 172, 248, 100, 172, 201, 59, 130, 17, 54, 126, 250, 247, 13,
       22, 30, 107, 214, 76, 149, 238, 243, 65, 103, 172, 14, 18, 78, 96,
       229, 160, 178, 163, 99, 10, 181, 119, 122, 229, 108, 231, 236,
       231, 5, 205, 176, 234, 195, 147, 37, 190, 120, 12, 210, 168, 214,
       243, 207, 201, 232, 231, 255, 51, 162, 27, 235, 171, 92, 203, 171,
       167, 107, 129, 126, 111, 155, 241, 159, 250, 214, 91, 109, 72,
       233, 14, 77, 48, 188, 85, 232, 124, 245, 19, 238, 155, 55, 24,
       222, 49, 68, 59, 165, 86, 110, 8, 145, 97, 179, 64, 71, 187, 112,
       4, 194, 96, 195, 35, 39, 176, 132, 155, 203, 45, 160, 73, 15, 51,
       161, 223, 132, 74, 78, 158, 233, 139, 106, 149, 23, 78, 222, 211,
       28, 22, 223, 127, 153, 76, 139, 148, 82, 207, 71, 206, 146, 2,
       110, 252, 37, 136, 218, 226, 97, 103, 177, 212, 126, 228, 15, 238,
       200, 147, 13, 237, 176, 172, 175, 128, 39, 179, 240, 41, 10, 137,
       10, 187, 29, 245, 186, 199, 142, 73, 88, 3, 188, 223, 114, 192,
       201, 43, 147, 145, 30, 10, 82, 181, 239, 213, 154, 235, 152, 12,
       185, 154, 248, 201, 22, 236, 11, 94, 86, 108, 225, 54, 162, 10,
       111, 249, 32, 247, 224, 244, 236, 98, 104, 39, 147, 173, 243, 227,
       64, 19, 115, 58, 110, 42, 174, 205, 130, 158, 221, 127, 182, 236,
       159, 170, 185, 27, 236, 248, 47, 197, 249, 227, 202, 227, 124,
       103, 90, 255, 191, 86, 207, 127, 151, 127, 184, 134, 118, 185,
       189, 82, 169, 237, 81, 220, 139, 61, 180, 25, 6, 221, 78, 31, 133,
       210, 205, 80, 26, 107, 250, 177, 219, 216, 85, 127, 242, 155, 198,
       115, 245, 91, 70, 175, 102, 6, 111, 248, 32, 230, 211, 199, 115,
       99, 155, 80, 126, 228, 61, 238, 201, 151, 221, 44, 240, 170, 231,
       132, 45, 187, 112, 112, 208, 84, 253, 117, 162, 110, 77, 63, 176,
       218, 131, 80, 215, 119, 129, 123, 55, 212, 125, 170, 233, 197,
       241, 8, 241, 171, 117, 148, 32, 240, 166, 113, 207, 223, 182, 151,
       237, 180, 190, 255, 190, 223, 222, 247, 236, 254, 235, 239, 255,
       255, 191, 159, 247, 220, 251, 251, 254, 119, 255, 199, 142, 253,
       169, 221, 68, 165, 209, 99, 248, 107, 161, 9, 122, 181, 41, 24,
       213, 69, 72, 58, 51, 28, 74, 58, 18, 112, 237, 66, 13, 134, 23,
       100, 192, 99, 199, 224, 196, 233, 190, 251, 173, 205, 116, 167,
       239, 61, 166, 24, 254, 251, 72, 91, 129, 119, 106, 90, 114, 105,
       251, 177, 239, 251, 87, 123, 194, 89, 199, 138, 248, 124, 123,
       100, 0, 110, 85, 23, 97, 162, 166, 24, 19, 55, 1, 114, 32, 244,
       108, 40, 41, 183, 176, 10, 243, 237, 96, 48, 98, 177, 70, 34, 72,
       188, 190, 248, 169, 237, 52, 135, 239, 31, 174, 16, 174, 187, 64,
       90, 161, 115, 234, 16, 50, 105, 147, 243, 239, 215, 86, 123, 194,
       80, 143, 11, 223, 244, 16, 170, 155, 117, 18, 216, 63, 95, 161,
       29, 142, 214, 107, 89, 247, 153, 205, 242, 46, 71, 154, 209, 217,
       209, 11, 127, 178, 55, 43, 83, 242, 168, 150, 178, 141, 201, 224,
       224, 191, 51, 163, 27, 34, 250, 76, 223, 233, 135, 234, 145, 30,
       111, 218, 241, 153, 242, 211, 127, 233, 8, 126, 134, 31, 123, 208,
       191, 234, 141, 190, 208, 30, 198, 80, 231, 173, 204, 227, 132, 46,
       107, 135, 71, 195, 120, 95, 249, 100, 69, 47, 168, 127, 255, 9,
       217, 246, 98, 134, 176, 73, 53, 80, 200, 139, 191, 177, 29, 78,
       202, 111, 159, 221, 197, 231, 119, 14, 103, 138, 208, 155, 208,
       197, 127, 211, 127, 110, 134, 212, 219, 44, 183, 44, 15, 95, 188,
       148, 254, 151, 15, 247, 89, 27, 67, 116, 229, 125, 231, 232, 69,
       75, 61, 240, 227, 239, 148, 60, 187, 16, 75, 118, 168, 151, 186,
       77, 225, 64, 202, 199, 149, 162, 11, 34, 202, 108, 223, 233, 227,
       234, 144, 10, 99, 138, 224, 153, 176, 214, 123, 209, 73, 116, 6,
       26, 173, 67, 225, 147, 243, 46, 247, 55, 99, 94, 210, 141, 167,
       176, 164, 63, 31, 151, 136, 75, 152, 21, 223, 169, 215, 159, 196,
       47, 212, 169, 188, 244, 65, 78, 172, 28, 3, 66, 104, 133, 4, 227,
       3, 71, 67, 32, 81, 248, 228, 76, 102, 104, 131, 9, 28, 177, 225,
       129, 21, 48, 171, 112, 2, 253, 253, 233, 68, 252, 87, 199, 252,
       66, 234, 188, 74, 83, 121, 209, 50, 89, 228, 116, 106, 233, 103,
       253, 46, 123, 205, 165, 60, 127, 187, 82, 176, 32, 140, 24, 250,
       93, 237, 65, 71, 222, 13, 105, 24, 166, 211, 32, 16, 201, 58, 2,
       16, 18, 42, 82, 23, 205, 148, 16, 123, 208, 8, 199, 170, 208, 203,
       14, 189, 14, 10, 100, 37, 228, 16, 194, 82, 247, 3, 0, 67, 104,
       164, 106, 226, 120, 237, 65, 61, 245, 163, 226, 65, 33, 32, 96, 8,
       173, 48, 189, 117, 173, 47, 117, 31, 239, 251, 54, 29, 223, 57,
       73, 27, 137, 70, 108, 12, 25, 244, 91, 16, 207, 219, 85, 52, 234,
       248, 194, 18, 51, 178, 255, 249, 43, 181, 152, 91, 127, 123, 212,
       255, 30, 157, 214, 46, 175, 159, 253, 21, 159, 207, 227, 209, 155,
       123, 57, 250, 207, 196, 183, 247, 34, 170, 176, 155, 253, 249,
       176, 199, 223, 29, 88, 34, 172, 200, 116, 164, 201, 59, 130, 17,
       22, 58, 110, 241, 13, 20, 30, 107, 213, 76, 215, 175, 192, 249,
       190, 254, 173, 205, 116, 237, 239, 156, 166, 24, 246, 251, 104,
       83, 129, 115, 107, 66, 114, 105, 218, 113, 255, 251, 87, 123, 80,
       24, 199, 10, 33, 170, 132, 89, 77, 189, 232, 95, 198, 179, 224,
       92, 162, 200, 84, 175, 201, 42, 106, 28, 159, 111, 211, 145, 15,
       88, 211, 120, 217, 76, 218, 140, 242, 251, 216, 112, 235, 65, 20,
       206, 163, 61, 160, 185, 46, 159, 79, 27, 175, 211, 237, 210, 74,
       79, 194, 241, 243, 209, 84, 191, 113, 16, 142, 27, 4, 163, 185,
       97, 242, 107, 169, 9, 126, 189, 61, 184, 213, 35, 200, 24, 51, 14,
       70, 56, 18, 112, 233, 20, 76, 132, 55, 228, 196, 130, 135, 225,
       201, 72, 151, 183, 32, 42, 108, 34, 116, 18, 98, 208, 247, 99,
       145, 219, 51, 100, 108, 14, 105, 212, 133, 40, 132, 162, 114, 0,
       44, 241, 1, 8, 118, 185, 241, 114, 169, 77, 87, 136, 171, 185,
       185, 56, 66, 253, 77, 62, 135, 215, 85, 18, 27, 99, 250, 224, 187,
       220, 21, 127, 194, 243, 198, 39, 92, 124, 245, 102, 169, 120, 95,
