%YAML:1.0
---
descriptors: !!opencv-matrix
   rows: 274
   cols: 32
   dt: u
   data: [ 159, 30, 38, 153, 37, 245, 185, 74, 223, 94, 93, 167, 173,
       220, 55, 237, 239, 43, 151, 135, 166, 180, 62, 221, 198, 81, 139,
       139, 31, 77, 61, 215, 46, 148, 99, 211, 229, 125, 175, 240, 29,
       95, 117, 182, 72, 253, 252, 173, 127, 90, 147, 174, 177, 242, 124,
       226, 15, 88, 214, 162, 199, 255, 255, 245, 42, 176, 120, 186, 85,
       213, 114, 73, 31, 109, 117, 11, 12, 158, 110, 144, 217, 153, 147,
       17, 22, 26, 120, 215, 15, 85, 156, 111, 144, 14, 220, 214, 11,
       235, 233, 213, 230, 153, 185, 55, 91, 113, 84, 247, 185, 12, 214,
       41, 46, 63, 55, 157, 215, 252, 231, 193, 78, 123, 250, 224, 111,
       132, 211, 253, 247, 238, 172, 133, 140, 62, 204, 170, 198, 246,
       142, 159, 195, 108, 95, 239, 77, 196, 249, 191, 237, 69, 255, 130,
       143, 91, 207, 52, 140, 125, 88, 84, 23, 227, 207, 225, 226, 1,
       105, 217, 38, 113, 87, 230, 61, 207, 248, 96, 118, 137, 55, 221,
       195, 152, 47, 209, 222, 73, 175, 228, 61, 134, 177, 233, 80, 49,
       59, 250, 27, 205, 113, 103, 173, 5, 226, 24, 54, 151, 32, 80, 160,
       187, 105, 0, 74, 139, 178, 13, 209, 225, 18, 59, 32, 0, 167, 106,
       21, 128, 239, 248, 150, 162, 111, 213, 116, 65, 198, 150, 81, 227,
       185, 104, 127, 206, 59, 188, 187, 147, 53, 199, 250, 175, 158, 68,
       189, 217, 240, 32, 199, 164, 172, 23, 140, 55, 204, 142, 138, 247,
       135, 157, 193, 236, 95, 107, 205, 70, 121, 159, 189, 71, 255, 82,
       47, 63, 207, 188, 140, 252, 216, 84, 126, 178, 160, 176, 169, 221,
       92, 143, 131, 255, 144, 189, 143, 142, 66, 155, 133, 223, 253, 21,
       158, 75, 232, 144, 218, 209, 189, 255, 166, 140, 158, 95, 59, 38,
       229, 77, 118, 19, 79, 120, 83, 239, 247, 255, 107, 108, 150, 181,
       127, 236, 118, 172, 188, 250, 109, 143, 126, 111, 245, 148, 103,
       172, 122, 197, 6, 73, 18, 142, 77, 213, 180, 64, 141, 4, 201, 11,
       172, 222, 39, 135, 200, 49, 203, 99, 68, 3, 90, 216, 21, 16, 75,
       59, 18, 63, 45, 134, 151, 63, 122, 218, 126, 241, 187, 216, 159,
       77, 92, 175, 61, 252, 191, 32, 126, 251, 151, 243, 167, 3, 46,
       255, 122, 93, 171, 171, 253, 219, 47, 253, 159, 126, 47, 186, 190,
       181, 155, 208, 157, 220, 212, 247, 124, 221, 183, 79, 206, 113,
       159, 119, 167, 199, 34, 238, 218, 83, 175, 218, 158, 141, 53, 245,
       30, 147, 166, 163, 163, 18, 124, 197, 173, 93, 215, 167, 141, 174,
       122, 206, 230, 135, 191, 149, 94, 153, 35, 192, 154, 243, 222,
       199, 166, 86, 189, 95, 6, 52, 160, 139, 85, 247, 178, 202, 31, 37,
       73, 3, 140, 92, 63, 132, 217, 27, 147, 17, 22, 184, 89, 222, 47,
       84, 155, 103, 150, 79, 29, 198, 88, 135, 26, 230, 50, 200, 121,
       113, 52, 13, 255, 57, 127, 215, 42, 80, 182, 159, 237, 160, 26,
       147, 9, 15, 211, 229, 34, 129, 32, 130, 167, 67, 153, 79, 71, 156,
       54, 128, 239, 118, 245, 74, 218, 230, 57, 130, 177, 229, 110, 235,
       30, 207, 233, 139, 6, 239, 176, 106, 186, 128, 63, 180, 97, 221,
       8, 165, 56, 235, 93, 201, 49, 239, 31, 53, 12, 10, 140, 151, 104,
       64, 209, 27, 131, 16, 2, 58, 104, 213, 239, 213, 15, 127, 146, 10,
       133, 234, 9, 208, 61, 235, 29, 133, 233, 252, 70, 73, 252, 70,
       248, 73, 62, 96, 252, 131, 18, 173, 163, 42, 58, 223, 101, 253,
       146, 72, 89, 10, 97, 248, 217, 11, 79, 255, 54, 136, 107, 50, 212,
       72, 86, 230, 49, 171, 177, 97, 110, 230, 63, 205, 233, 185, 36,
       173, 212, 235, 234, 128, 45, 169, 112, 121, 130, 222, 31, 223, 62,
       199, 186, 182, 140, 75, 146, 247, 244, 126, 180, 97, 231, 115, 31,
       161, 241, 141, 65, 255, 45, 38, 254, 130, 28, 8, 49, 155, 104, 8,
       49, 109, 1, 207, 99, 18, 108, 128, 234, 8, 151, 23, 1, 48, 200,
       244, 104, 72, 8, 184, 241, 8, 197, 239, 0, 20, 64, 57, 70, 226,
       239, 223, 108, 94, 236, 22, 207, 189, 209, 94, 253, 5, 115, 109,
       190, 113, 217, 226, 85, 239, 252, 171, 111, 63, 98, 123, 229, 153,
       95, 246, 246, 127, 114, 186, 243, 16, 239, 253, 144, 67, 139, 254,
       176, 63, 42, 156, 86, 139, 237, 179, 215, 17, 142, 107, 226, 208,
       31, 16, 29, 187, 197, 76, 94, 223, 170, 49, 114, 219, 101, 247,
       249, 81, 95, 236, 117, 54, 8, 159, 167, 172, 126, 184, 147, 202,
       227, 182, 120, 218, 7, 89, 144, 227, 23, 143, 126, 247, 177, 2,
       109, 65, 230, 43, 233, 87, 84, 99, 119, 246, 19, 1, 156, 57, 110,
       136, 22, 188, 185, 188, 101, 0, 70, 137, 176, 196, 239, 200, 242,
       185, 182, 243, 235, 138, 254, 129, 207, 220, 151, 84, 244, 239,
       65, 205, 255, 4, 127, 200, 135, 255, 218, 35, 174, 243, 120, 4,
       175, 252, 245, 191, 246, 241, 6, 141, 173, 179, 160, 106, 189,
       167, 62, 55, 74, 147, 205, 47, 66, 75, 163, 87, 59, 149, 50, 216,
       235, 224, 237, 51, 222, 199, 132, 81, 149, 234, 182, 103, 101,
       172, 175, 19, 206, 253, 215, 254, 156, 227, 73, 108, 247, 167,
       127, 221, 223, 239, 232, 103, 109, 158, 186, 73, 239, 191, 119,
       254, 118, 237, 88, 75, 78, 252, 22, 130, 109, 119, 165, 4, 254,
       227, 41, 171, 178, 64, 98, 247, 175, 192, 64, 153, 4, 237, 242,
       231, 254, 129, 47, 144, 237, 11, 0, 172, 90, 94, 209, 249, 102,
       231, 255, 15, 108, 8, 42, 242, 36, 180, 185, 186, 194, 8, 22, 187,
       2, 127, 51, 222, 16, 11, 211, 66, 239, 142, 155, 159, 103, 251,
       244, 172, 106, 182, 253, 88, 82, 246, 189, 47, 181, 101, 110, 163,
       63, 206, 179, 152, 13, 255, 172, 250, 186, 192, 63, 133, 113, 57,
       75, 182, 149, 153, 173, 60, 180, 159, 223, 123, 24, 124, 140, 184,
       76, 239, 197, 87, 238, 17, 183, 109, 219, 241, 142, 114, 94, 255,
       154, 92, 153, 29, 102, 62, 18, 154, 57, 189, 18, 72, 143, 12, 137,
       109, 238, 194, 107, 212, 209, 41, 234, 3, 38, 71, 202, 255, 152,
       20, 11, 59, 26, 15, 41, 23, 79, 179, 85, 67, 229, 56, 232, 1, 105,
       249, 187, 238, 136, 10, 222, 191, 175, 143, 254, 191, 149, 114,
       205, 192, 30, 88, 239, 230, 207, 231, 235, 149, 37, 62, 187, 119,
       244, 47, 119, 81, 81, 234, 119, 76, 115, 121, 145, 57, 156, 110,
       22, 46, 185, 240, 112, 14, 71, 207, 113, 32, 232, 235, 82, 179,
       24, 151, 122, 235, 210, 68, 121, 93, 61, 29, 117, 179, 93, 95, 42,
       80, 118, 155, 135, 160, 50, 144, 57, 87, 247, 229, 58, 205, 181,
       130, 165, 243, 64, 34, 158, 244, 172, 164, 105, 27, 174, 189, 6,
       84, 149, 227, 80, 91, 135, 71, 125, 24, 146, 73, 138, 81, 201,
       249, 255, 236, 128, 192, 33, 41, 61, 87, 125, 231, 246, 87, 79,
       248, 16, 238, 255, 238, 83, 101, 155, 51, 127, 220, 21, 238, 233,
       242, 109, 174, 250, 207, 229, 132, 127, 251, 244, 241, 40, 188,
       33, 56, 253, 239, 151, 231, 95, 239, 184, 9, 38, 184, 71, 144,
       137, 42, 194, 17, 46, 127, 88, 63, 121, 87, 21, 51, 210, 92, 86,
       203, 73, 48, 30, 176, 41, 157, 80, 19, 252, 81, 34, 29, 151, 130,
       2, 91, 128, 33, 104, 13, 143, 105, 147, 1, 194, 251, 82, 80, 72,
       0, 11, 10, 245, 172, 172, 181, 140, 46, 77, 170, 146, 246, 130,
       25, 211, 44, 83, 107, 193, 199, 121, 29, 44, 70, 255, 18, 217,
       203, 221, 116, 128, 120, 20, 82, 16, 191, 82, 14, 242, 210, 38,
       237, 44, 4, 126, 229, 109, 227, 166, 212, 114, 239, 134, 226, 80,
       155, 12, 127, 50, 164, 38, 139, 47, 146, 175, 137, 134, 30, 110,
       145, 167, 115, 189, 3, 255, 255, 150, 183, 136, 44, 215, 15, 239,
       167, 255, 135, 180, 252, 101, 246, 206, 83, 251, 215, 167, 109,
       189, 87, 179, 126, 110, 220, 94, 231, 155, 222, 159, 236, 212,
       143, 49, 205, 55, 33, 125, 249, 23, 245, 167, 47, 50, 255, 123, 8,
       171, 172, 125, 185, 55, 249, 117, 108, 173, 183, 140, 110, 77,
       190, 130, 246, 138, 13, 243, 109, 91, 11, 133, 198, 121, 31, 200,
       193, 251, 40, 201, 163, 253, 20, 132, 122, 148, 90, 90, 173, 61,
       250, 137, 237, 25, 203, 175, 29, 172, 25, 142, 247, 96, 26, 197,
       147, 237, 144, 26, 75, 234, 245, 219, 211, 90, 127, 144, 64, 167,
