%YAML:1.0
---
descriptors: !!opencv-matrix
   rows: 212
   cols: 32
   dt: u
   data: [ 252, 80, 253, 102, 45, 78, 87, 184, 241, 242, 167, 8, 87, 119,
       9, 123, 176, 212, 124, 106, 105, 103, 249, 42, 211, 235, 97, 60,
       106, 179, 70, 50, 72, 157, 181, 247, 139, 110, 53, 191, 174, 59,
       74, 33, 221, 119, 8, 75, 167, 87, 121, 16, 17, 216, 91, 165, 205,
       231, 127, 68, 130, 82, 133, 59, 198, 252, 228, 191, 237, 253, 254,
       175, 159, 223, 25, 187, 236, 254, 94, 207, 183, 127, 255, 131,
       246, 76, 218, 247, 173, 118, 223, 187, 148, 125, 157, 223, 213,
       95, 78, 167, 38, 2, 111, 184, 116, 226, 215, 231, 115, 99, 155,
       65, 126, 228, 61, 239, 233, 148, 93, 46, 244, 171, 239, 132, 45,
       179, 112, 17, 150, 252, 182, 151, 191, 127, 188, 231, 30, 255,
       218, 51, 236, 126, 78, 143, 239, 87, 255, 129, 118, 253, 91, 231,
       189, 18, 223, 199, 199, 125, 157, 223, 55, 92, 238, 192, 189, 243,
       67, 218, 215, 175, 158, 50, 66, 211, 177, 108, 89, 240, 31, 248,
       170, 135, 61, 158, 187, 94, 165, 214, 182, 57, 116, 103, 181, 90,
       163, 218, 181, 215, 71, 208, 215, 138, 215, 98, 98, 211, 241, 236,
       89, 232, 30, 218, 235, 199, 106, 186, 171, 222, 167, 158, 178,
       187, 116, 101, 53, 207, 99, 79, 244, 27, 239, 248, 84, 224, 251,
       198, 115, 97, 189, 228, 126, 238, 22, 110, 201, 176, 109, 191, 44,
       236, 167, 196, 119, 186, 240, 229, 230, 220, 228, 215, 197, 246,
       124, 167, 123, 255, 123, 23, 104, 110, 94, 222, 249, 239, 183,
       148, 166, 254, 219, 227, 63, 62, 215, 199, 167, 252, 236, 94, 220,
       8, 198, 244, 13, 98, 96, 64, 245, 147, 226, 19, 75, 139, 117, 219,
       233, 228, 235, 144, 44, 231, 147, 194, 147, 227, 214, 27, 163,
       125, 124, 2, 160, 40, 26, 122, 77, 193, 144, 71, 214, 15, 224, 57,
       34, 219, 96, 88, 217, 58, 35, 16, 62, 47, 202, 51, 219, 245, 145,
       123, 208, 8, 126, 130, 247, 200, 47, 90, 52, 246, 74, 208, 247,
       75, 243, 96, 82, 214, 189, 252, 249, 224, 28, 254, 175, 135, 40,
       127, 187, 62, 163, 214, 177, 179, 120, 69, 4, 241, 27, 226, 210,
       134, 175, 113, 168, 184, 91, 98, 84, 211, 72, 32, 62, 61, 83, 243,
       211, 155, 152, 68, 61, 0, 175, 228, 9, 2, 163, 161, 1, 170, 185,
       217, 188, 173, 97, 159, 94, 91, 112, 80, 183, 129, 216, 104, 209,
       10, 38, 28, 147, 120, 99, 51, 204, 158, 52, 96, 144, 200, 193,
       169, 32, 236, 57, 249, 221, 205, 81, 143, 95, 57, 172, 24, 182,
       191, 72, 48, 137, 155, 83, 16, 58, 106, 114, 55, 239, 221, 20,
       127, 80, 24, 198, 170, 66, 145, 150, 159, 11, 208, 176, 77, 175,
       21, 67, 49, 236, 246, 42, 198, 166, 19, 235, 144, 22, 9, 155, 209,
       141, 52, 90, 75, 146, 6, 173, 159, 130, 166, 148, 187, 252, 169,
       168, 143, 158, 49, 89, 249, 180, 227, 72, 72, 207, 27, 75, 17, 50,
       90, 203, 211, 204, 22, 190, 236, 148, 72, 129, 170, 207, 232, 191,
       255, 237, 156, 124, 156, 255, 218, 116, 80, 249, 255, 93, 123,
       197, 123, 127, 218, 227, 84, 250, 241, 79, 219, 215, 40, 202, 247,
       99, 154, 136, 112, 61, 97, 96, 12, 81, 16, 104, 24, 52, 8, 151,
       19, 9, 19, 164, 17, 68, 104, 65, 96, 49, 0, 199, 201, 96, 4, 64,
       128, 66, 163, 246, 201, 70, 142, 13, 82, 70, 236, 197, 36, 179, 3,
       99, 104, 61, 215, 120, 228, 108, 227, 108, 163, 13, 173, 177, 234,
       199, 19, 113, 62, 112, 4, 138, 109, 50, 152, 235, 225, 182, 71,
       173, 30, 216, 50, 172, 158, 101, 206, 162, 59, 203, 131, 82, 15,
       130, 242, 177, 16, 10, 171, 146, 85, 165, 135, 4, 33, 181, 65,
       232, 105, 169, 9, 42, 181, 41, 24, 212, 102, 72, 58, 179, 31, 106,
       57, 18, 112, 235, 64, 77, 26, 29, 116, 192, 67, 135, 224, 200,
       172, 191, 249, 233, 236, 53, 71, 186, 31, 164, 16, 188, 255, 64,
       123, 161, 51, 235, 16, 50, 111, 178, 83, 207, 251, 86, 123, 194,
       64, 167, 234, 189, 96, 229, 99, 204, 119, 79, 216, 67, 242, 149,
       206, 83, 69, 217, 47, 93, 196, 124, 254, 201, 102, 255, 56, 248,
       201, 229, 188, 255, 251, 82, 240, 49, 71, 109, 173, 188, 47, 79,
       31, 4, 172, 218, 199, 211, 97, 177, 64, 92, 164, 95, 45, 152, 161,
       101, 28, 224, 236, 161, 144, 52, 251, 208, 97, 72, 189, 49, 89,
       219, 236, 49, 167, 235, 25, 44, 40, 62, 55, 0, 180, 161, 51, 196,
       144, 19, 56, 163, 127, 111, 182, 20, 67, 194, 64, 135, 59, 188,
       205, 214, 158, 221, 123, 150, 236, 91, 162, 185, 26, 106, 248, 41,
       133, 249, 246, 198, 99, 124, 119, 73, 255, 191, 214, 199, 127,
       215, 127, 254, 142, 213, 75, 71, 175, 54, 2, 111, 184, 36, 164,
       211, 231, 113, 99, 185, 81, 126, 228, 63, 238, 232, 144, 45, 13,
       244, 170, 175, 132, 45, 178, 112, 97, 206, 252, 246, 151, 205,
       244, 254, 239, 191, 247, 254, 19, 108, 254, 94, 223, 251, 255,
       179, 147, 118, 254, 187, 255, 63, 62, 223, 195, 135, 125, 237,
       222, 198, 220, 180, 151, 237, 253, 190, 175, 158, 179, 219, 19,
       236, 254, 79, 203, 255, 255, 251, 131, 118, 220, 219, 251, 189,
       54, 223, 99, 132, 125, 189, 159, 26, 141, 10, 187, 145, 182, 126,
       167, 54, 73, 202, 21, 172, 250, 34, 192, 209, 43, 187, 149, 62,
       152, 83, 255, 234, 247, 158, 195, 152, 68, 169, 26, 142, 173, 16,
       140, 233, 113, 190, 235, 234, 150, 61, 25, 140, 170, 103, 135,
       203, 75, 195, 163, 84, 11, 170, 242, 46, 81, 207, 47, 146, 103,
       175, 199, 201, 176, 189, 65, 172, 60, 249, 159, 106, 251, 182, 20,
       154, 61, 92, 107, 133, 86, 125, 24, 147, 108, 251, 65, 79, 217,
       119, 116, 202, 200, 217, 59, 246, 75, 71, 140, 13, 66, 70, 104,
       197, 134, 178, 3, 98, 72, 53, 83, 232, 228, 108, 227, 108, 231,
       77, 205, 176, 42, 195, 23, 113, 58, 116, 6, 204, 233, 190, 255,
       237, 205, 116, 164, 255, 31, 166, 16, 254, 251, 108, 123, 193, 99,
       123, 66, 114, 109, 219, 177, 239, 251, 87, 123, 18, 88, 199, 170,
       17, 188, 25, 255, 52, 239, 99, 59, 118, 73, 76, 80, 183, 119, 0,
       96, 85, 26, 22, 8, 179, 184, 121, 63, 205, 175, 50, 0, 248, 192,
       33, 169, 25, 157, 61, 110, 148, 206, 71, 191, 228, 8, 174, 64,
       247, 115, 129, 112, 48, 242, 92, 104, 105, 169, 113, 63, 233, 239,
       36, 16, 98, 162, 224, 41, 201, 112, 29, 97, 1, 76, 81, 18, 105,
       24, 36, 8, 159, 23, 1, 59, 132, 21, 76, 40, 1, 100, 176, 0, 193,
       217, 96, 20, 64, 0, 67, 171, 31, 212, 131, 201, 149, 214, 78, 119,
       53, 137, 206, 18, 75, 247, 160, 228, 121, 188, 156, 184, 121, 141,
       49, 206, 187, 255, 135, 195, 186, 198, 184, 52, 220, 56, 253, 118,
       168, 104, 77, 26, 160, 190, 167, 56, 95, 55, 193, 251, 7, 214,
       253, 42, 41, 71, 251, 32, 211, 235, 117, 156, 162, 241, 70, 115,
       15, 123, 208, 191, 242, 159, 190, 209, 30, 194, 81, 231, 189, 204,
       243, 204, 119, 105, 135, 87, 199, 180, 94, 250, 164, 70, 47, 168,
       255, 191, 9, 145, 252, 88, 127, 116, 9, 78, 87, 184, 241, 162,
       166, 8, 91, 241, 65, 123, 48, 244, 124, 106, 105, 103, 179, 10,
       243, 235, 69, 28, 98, 177, 70, 34, 126, 177, 188, 82, 171, 237,
       81, 221, 171, 61, 189, 25, 14, 189, 78, 30, 133, 210, 237, 16, 26,
       107, 250, 177, 219, 221, 85, 127, 242, 207, 198, 115, 0, 169, 184,
       123, 248, 237, 177, 207, 14, 29, 108, 0, 180, 247, 64, 0, 137, 59,
       2, 16, 18, 42, 106, 49, 77, 133, 54, 105, 208, 74, 135, 171, 0,
       130, 185, 249, 56, 141, 1, 159, 94, 61, 84, 56, 183, 17, 200, 32,
       21, 26, 38, 8, 66, 120, 99, 55, 237, 159, 52, 124, 16, 136, 133,
       233, 9, 159, 57, 251, 176, 143, 67, 183, 86, 13, 206, 84, 183, 19,
       160, 112, 213, 58, 12, 24, 186, 136, 97, 63, 233, 239, 52, 80, 16,
       136, 128, 41, 116, 32, 209, 65, 194, 106, 225, 200, 106, 179, 163,
       8, 214, 38, 77, 58, 59, 213, 104, 48, 17, 119, 249, 64, 157, 132,
       71, 116, 193, 113, 71, 224, 88, 160, 191, 254, 137, 201, 17, 79,
       166, 181, 171, 25, 247, 215, 72, 26, 129, 183, 105, 16, 26, 107,
       139, 21, 217, 231, 87, 121, 224, 0, 167, 42, 244, 32, 215, 84, 72,
