%YAML:1.0
---
descriptors: !!opencv-matrix
   rows: 331
   cols: 32
   dt: u
   data: [ 181, 207, 101, 123, 180, 46, 103, 181, 117, 123, 251, 84, 243,
       97, 153, 229, 125, 198, 62, 110, 249, 180, 109, 47, 172, 254, 102,
       196, 251, 251, 208, 97, 211, 60, 151, 190, 9, 205, 21, 111, 251,
       138, 160, 92, 190, 242, 37, 212, 164, 179, 78, 0, 105, 111, 146,
       251, 145, 146, 95, 58, 88, 112, 35, 47, 21, 71, 67, 221, 114, 130,
       111, 216, 53, 128, 123, 198, 89, 227, 185, 213, 118, 236, 22, 254,
       227, 144, 45, 207, 180, 174, 167, 132, 55, 179, 97, 225, 78, 184,
       190, 222, 157, 213, 191, 201, 190, 85, 135, 131, 252, 255, 126,
       99, 231, 125, 251, 223, 214, 67, 187, 241, 127, 59, 143, 91, 150,
       7, 189, 114, 125, 71, 74, 166, 228, 6, 111, 240, 97, 200, 255,
       198, 115, 105, 155, 112, 120, 228, 124, 238, 205, 179, 205, 45,
       242, 173, 229, 128, 47, 251, 122, 16, 83, 176, 42, 154, 43, 221,
       57, 236, 174, 85, 133, 172, 252, 214, 206, 121, 246, 189, 255,
       197, 139, 67, 190, 213, 221, 50, 219, 187, 0, 6, 47, 126, 9, 189,
       27, 122, 209, 221, 114, 115, 233, 65, 105, 24, 190, 211, 32, 176,
       132, 59, 210, 16, 55, 174, 18, 63, 239, 221, 0, 107, 90, 2, 235,
       146, 120, 249, 252, 102, 45, 92, 223, 148, 171, 253, 181, 9, 191,
       253, 94, 50, 142, 215, 253, 80, 210, 107, 250, 161, 235, 217, 116,
       187, 231, 150, 207, 251, 208, 111, 31, 190, 58, 130, 31, 180, 176,
       14, 218, 241, 239, 231, 1, 83, 38, 247, 237, 226, 104, 205, 139,
       47, 240, 227, 238, 137, 36, 243, 167, 59, 84, 122, 158, 182, 170,
       10, 63, 16, 160, 174, 131, 173, 239, 231, 195, 91, 39, 245, 237,
       210, 72, 197, 171, 104, 216, 195, 111, 145, 160, 243, 37, 83, 142,
       248, 191, 243, 111, 205, 177, 196, 159, 53, 68, 18, 140, 159, 96,
       8, 163, 25, 163, 80, 2, 124, 58, 241, 207, 211, 26, 111, 146, 25,
       5, 235, 218, 188, 190, 248, 169, 252, 89, 199, 187, 31, 182, 57,
       15, 191, 96, 123, 167, 247, 253, 17, 58, 79, 162, 163, 219, 243,
       94, 255, 130, 84, 135, 107, 89, 176, 55, 50, 43, 216, 61, 188,
       166, 211, 134, 40, 255, 247, 200, 118, 39, 119, 253, 76, 66, 73,
       171, 49, 211, 227, 118, 154, 34, 196, 163, 107, 218, 156, 150,
       188, 153, 236, 20, 39, 190, 159, 130, 17, 172, 183, 32, 219, 133,
       55, 233, 0, 52, 205, 146, 205, 187, 243, 94, 91, 128, 68, 173, 27,
       87, 150, 143, 37, 162, 46, 44, 152, 170, 250, 139, 197, 213, 110,
       73, 90, 183, 69, 125, 167, 149, 209, 153, 64, 204, 166, 239, 196,
       168, 247, 35, 81, 248, 60, 156, 116, 13, 237, 84, 71, 243, 179,
       166, 24, 190, 187, 65, 27, 129, 245, 236, 16, 40, 111, 210, 2,
       219, 243, 85, 59, 226, 112, 206, 10, 141, 134, 229, 247, 180, 62,
       111, 184, 127, 219, 95, 86, 249, 99, 153, 239, 125, 194, 62, 254,
       243, 240, 111, 255, 236, 223, 231, 196, 174, 251, 208, 33, 251,
       121, 126, 68, 111, 88, 215, 100, 193, 238, 180, 43, 106, 220, 247,
       55, 138, 228, 245, 99, 204, 99, 166, 168, 115, 121, 69, 187, 103,
       255, 126, 95, 169, 232, 104, 65, 112, 27, 233, 23, 118, 166, 116,
       140, 131, 0, 214, 48, 75, 140, 6, 140, 198, 188, 101, 31, 78, 143,
       176, 165, 119, 136, 74, 140, 143, 252, 234, 191, 255, 221, 190,
       246, 159, 231, 220, 179, 252, 255, 119, 98, 239, 127, 255, 87,
       246, 111, 254, 255, 255, 127, 223, 251, 150, 255, 181, 223, 57,
       18, 106, 233, 118, 211, 217, 82, 69, 77, 220, 230, 57, 159, 178,
       96, 110, 184, 151, 140, 139, 187, 100, 221, 210, 237, 162, 128,
       63, 140, 112, 249, 46, 112, 225, 235, 91, 99, 27, 200, 23, 247,
       177, 187, 217, 223, 73, 24, 95, 217, 151, 242, 42, 70, 251, 178,
       223, 199, 171, 255, 183, 55, 38, 242, 60, 221, 89, 254, 91, 197,
       86, 248, 135, 128, 237, 10, 127, 223, 33, 48, 254, 249, 2, 226,
       74, 3, 26, 63, 243, 205, 5, 58, 113, 59, 102, 162, 177, 207, 106,
       167, 254, 10, 231, 117, 116, 175, 219, 247, 195, 40, 190, 3, 126,
       198, 79, 239, 252, 187, 109, 46, 244, 47, 166, 144, 101, 254, 246,
       233, 171, 253, 246, 222, 255, 217, 190, 254, 255, 214, 254, 187,
       236, 252, 182, 103, 239, 123, 255, 87, 246, 127, 190, 255, 127,
       127, 95, 235, 199, 253, 173, 223, 60, 93, 123, 222, 222, 199, 215,
       248, 214, 128, 253, 2, 115, 255, 33, 96, 126, 248, 19, 234, 201,
       163, 122, 191, 115, 237, 165, 56, 119, 251, 100, 163, 61, 67, 102,
       172, 28, 131, 207, 120, 69, 196, 227, 135, 67, 72, 63, 197, 120,
       164, 42, 111, 204, 179, 87, 156, 176, 234, 194, 0, 119, 191, 112,
       196, 57, 21, 27, 172, 75, 71, 147, 75, 37, 36, 232, 10, 28, 151,
       33, 80, 254, 185, 19, 160, 72, 19, 48, 218, 209, 197, 10, 46, 113,
       32, 39, 226, 146, 220, 58, 154, 87, 231, 190, 97, 158, 70, 90, 23,
       124, 222, 38, 64, 255, 187, 147, 135, 230, 191, 26, 255, 51, 39,
       139, 11, 29, 90, 41, 218, 94, 135, 238, 228, 87, 83, 254, 232, 31,
       164, 252, 135, 109, 239, 63, 194, 255, 253, 167, 243, 204, 243,
       42, 220, 251, 247, 207, 175, 167, 174, 125, 214, 172, 53, 123,
       101, 116, 78, 115, 51, 121, 204, 118, 24, 223, 23, 130, 48, 180,
       60, 84, 104, 249, 244, 241, 14, 231, 253, 33, 0, 66, 160, 199,
       243, 230, 228, 190, 50, 169, 117, 22, 204, 155, 255, 133, 25, 78,
       254, 111, 27, 149, 87, 249, 83, 54, 71, 186, 50, 219, 87, 93, 127,
       128, 119, 142, 71, 83, 249, 3, 186, 27, 141, 42, 230, 175, 81,
       136, 205, 174, 150, 64, 212, 166, 235, 121, 213, 95, 11, 154, 245,
       185, 244, 30, 122, 8, 6, 163, 92, 191, 220, 108, 223, 39, 95, 127,
       252, 125, 126, 246, 182, 123, 95, 159, 125, 127, 212, 255, 238,
       236, 246, 125, 255, 247, 235, 247, 133, 55, 189, 124, 247, 232,
       190, 156, 188, 189, 237, 80, 15, 222, 158, 160, 61, 166, 217, 98,
       91, 193, 59, 232, 16, 62, 111, 218, 55, 219, 211, 117, 123, 152,
       72, 14, 27, 114, 34, 42, 136, 28, 75, 153, 99, 141, 36, 220, 171,
       166, 140, 50, 64, 232, 157, 223, 33, 88, 43, 192, 222, 209, 21,
       154, 187, 21, 12, 54, 218, 18, 216, 154, 187, 42, 165, 60, 199,
       158, 31, 72, 23, 164, 242, 98, 72, 231, 59, 43, 129, 70, 220, 19,
       115, 141, 214, 30, 3, 144, 88, 173, 155, 50, 140, 107, 184, 22,
       227, 170, 202, 22, 1, 200, 179, 17, 237, 48, 64, 123, 186, 19,
       145, 58, 187, 5, 55, 89, 38, 154, 73, 181, 137, 180, 162, 122,
       101, 119, 237, 63, 83, 255, 120, 175, 228, 190, 163, 109, 223,
       151, 167, 62, 245, 253, 227, 100, 225, 173, 220, 251, 251, 175,
       151, 55, 166, 103, 247, 56, 118, 121, 238, 116, 15, 94, 252, 97,
       40, 249, 109, 115, 93, 25, 16, 190, 153, 21, 234, 201, 182, 24,
       31, 243, 205, 161, 180, 125, 187, 66, 155, 127, 181, 236, 227,
       245, 95, 253, 189, 127, 125, 191, 191, 223, 125, 222, 160, 255,
       159, 255, 149, 255, 248, 253, 215, 239, 223, 247, 231, 239, 206,
       222, 247, 39, 119, 227, 77, 246, 119, 239, 120, 93, 200, 125, 230,
       89, 246, 189, 36, 62, 124, 22, 238, 193, 178, 108, 202, 36, 60,
       165, 132, 127, 251, 66, 245, 191, 232, 216, 82, 233, 221, 80, 206,
       187, 183, 164, 24, 14, 211, 79, 191, 137, 155, 198, 24, 58, 103,
       250, 242, 155, 217, 85, 127, 194, 21, 206, 230, 66, 48, 159, 241,
       41, 233, 61, 15, 174, 127, 175, 57, 156, 151, 65, 123, 132, 53,
       255, 128, 16, 69, 243, 80, 199, 241, 219, 191, 144, 81, 133, 50,
       123, 16, 199, 197, 117, 87, 202, 108, 83, 161, 250, 74, 74, 56,
       148, 180, 248, 252, 247, 169, 157, 251, 113, 206, 63, 254, 195,
       82, 111, 174, 122, 172, 185, 228, 181, 113, 133, 111, 69, 31, 117,
       107, 99, 16, 211, 17, 24, 185, 153, 12, 20, 40, 105, 244, 121, 23,
       199, 219, 81, 20, 74, 216, 210, 32, 211, 89, 127, 101, 34, 6, 93,
       188, 105, 202, 150, 228, 213, 31, 149, 115, 54, 213, 125, 239,
       233, 197, 165, 72, 226, 235, 111, 132, 44, 177, 33, 121, 93, 145,
       252, 67, 168, 92, 95, 153, 170, 125, 175, 41, 91, 127, 222, 114,
