%YAML:1.0
---
descriptors: !!opencv-matrix
   rows: 154
   cols: 32
   dt: u
   data: [ 53, 231, 201, 170, 140, 1, 79, 252, 70, 146, 217, 198, 83,
       225, 249, 67, 89, 202, 6, 254, 75, 98, 79, 48, 248, 128, 231, 44,
       61, 251, 240, 160, 119, 231, 201, 198, 252, 3, 206, 236, 18, 162,
       153, 202, 113, 104, 156, 0, 91, 196, 87, 239, 104, 99, 77, 222,
       56, 14, 173, 188, 237, 250, 82, 160, 164, 5, 62, 252, 253, 139,
       150, 104, 223, 132, 248, 9, 206, 249, 45, 65, 214, 121, 111, 98,
       96, 99, 10, 159, 251, 255, 71, 63, 84, 170, 45, 131, 77, 48, 131,
       245, 173, 52, 96, 154, 50, 155, 78, 112, 220, 243, 201, 238, 217,
       94, 176, 152, 25, 210, 218, 162, 141, 247, 255, 204, 138, 97, 187,
       161, 221, 64, 253, 231, 38, 82, 110, 184, 116, 234, 211, 194, 211,
       110, 153, 235, 118, 196, 124, 239, 237, 244, 237, 168, 214, 235,
       239, 132, 37, 243, 113, 49, 79, 140, 230, 127, 151, 178, 124, 183,
       121, 83, 70, 146, 249, 111, 146, 253, 55, 127, 185, 156, 182, 216,
       173, 237, 111, 239, 222, 193, 167, 213, 175, 104, 252, 88, 255,
       244, 44, 78, 93, 20, 169, 250, 182, 254, 91, 63, 133, 123, 238,
       245, 125, 234, 233, 71, 243, 232, 211, 251, 247, 144, 39, 241,
       102, 121, 0, 169, 159, 173, 220, 2, 170, 206, 62, 129, 106, 67,
       148, 163, 97, 66, 107, 111, 34, 208, 2, 218, 1, 98, 29, 164, 159,
       4, 129, 113, 35, 136, 130, 41, 249, 149, 70, 132, 186, 70, 58,
       160, 240, 195, 188, 171, 85, 64, 110, 255, 51, 193, 2, 90, 192,
       226, 93, 44, 154, 40, 133, 33, 35, 138, 210, 145, 18, 186, 11,
       196, 16, 69, 175, 5, 161, 49, 172, 223, 40, 66, 166, 51, 249, 145,
       82, 13, 146, 211, 153, 245, 26, 91, 16, 6, 165, 91, 76, 25, 159,
       247, 160, 102, 53, 183, 172, 153, 74, 1, 213, 55, 1, 106, 129,
       119, 121, 16, 17, 217, 83, 36, 205, 167, 126, 64, 128, 66, 165,
       59, 228, 176, 253, 81, 136, 107, 113, 153, 50, 183, 167, 24, 211,
       55, 72, 59, 25, 148, 105, 58, 57, 116, 251, 18, 207, 138, 85, 117,
       193, 224, 198, 178, 99, 178, 241, 84, 104, 140, 152, 22, 235, 249,
       178, 121, 158, 159, 212, 58, 134, 181, 125, 21, 151, 79, 194, 192,
       159, 56, 122, 250, 76, 4, 131, 59, 60, 89, 183, 248, 229, 207, 84,
       119, 253, 59, 100, 24, 30, 57, 37, 57, 168, 185, 23, 0, 24, 186,
       16, 188, 243, 219, 84, 51, 210, 120, 198, 162, 234, 248, 188, 122,
       169, 253, 20, 207, 155, 31, 164, 57, 238, 249, 110, 27, 129, 115,
       233, 16, 54, 111, 202, 51, 219, 211, 85, 59, 210, 92, 143, 11, 3,
       162, 16, 155, 252, 137, 168, 223, 30, 57, 80, 245, 188, 130, 216,
       204, 79, 11, 110, 29, 147, 88, 207, 213, 12, 16, 190, 236, 156,
       140, 137, 153, 69, 33, 25, 197, 60, 15, 99, 56, 105, 168, 247, 8,
       223, 83, 128, 116, 146, 196, 110, 106, 1, 176, 233, 76, 245, 184,
       35, 48, 64, 163, 67, 33, 117, 231, 129, 158, 220, 3, 134, 232, 18,
       162, 177, 206, 83, 96, 201, 1, 89, 194, 10, 250, 121, 99, 78, 191,
       184, 6, 231, 124, 253, 123, 112, 160, 86, 172, 148, 183, 157, 200,
       166, 224, 187, 151, 137, 19, 236, 226, 76, 198, 225, 239, 232,
       211, 38, 73, 202, 243, 189, 22, 223, 111, 128, 119, 191, 142, 188,
       22, 214, 252, 227, 35, 84, 91, 177, 158, 113, 49, 79, 123, 41, 25,
       191, 187, 135, 32, 56, 215, 2, 142, 210, 243, 112, 11, 242, 240,
       166, 131, 78, 251, 252, 83, 239, 92, 188, 156, 106, 61, 20, 42,
       188, 63, 222, 42, 39, 91, 245, 217, 146, 120, 239, 241, 79, 95,
       255, 237, 199, 214, 223, 235, 128, 212, 29, 251, 110, 205, 117,
       237, 158, 58, 48, 50, 252, 23, 40, 35, 201, 19, 126, 40, 115, 109,
       123, 213, 229, 147, 118, 118, 16, 8, 133, 171, 98, 56, 181, 114,
       121, 173, 184, 86, 171, 249, 177, 125, 190, 157, 84, 59, 140, 59,
       215, 21, 147, 111, 210, 209, 93, 24, 56, 250, 201, 12, 7, 187,
       141, 175, 21, 249, 252, 143, 172, 255, 22, 56, 88, 114, 213, 67,
       168, 197, 91, 10, 22, 124, 115, 88, 75, 151, 172, 203, 47, 236,
       18, 136, 137, 161, 237, 113, 16, 239, 45, 15, 78, 56, 109, 232,
       183, 76, 223, 217, 25, 243, 220, 196, 126, 110, 201, 99, 217, 168,
       247, 249, 103, 60, 90, 187, 82, 49, 125, 116, 57, 238, 61, 15, 94,
       248, 111, 232, 253, 76, 222, 125, 9, 48, 220, 212, 94, 106, 201,
       99, 89, 190, 243, 255, 37, 60, 72, 59, 67, 51, 23, 65, 213, 229,
       3, 74, 111, 32, 45, 160, 107, 130, 223, 35, 17, 244, 50, 213, 122,
       234, 65, 144, 21, 76, 181, 239, 67, 4, 32, 178, 3, 168, 108, 155,
       158, 108, 237, 2, 180, 248, 226, 29, 248, 101, 80, 185, 161, 90,
       201, 92, 165, 65, 144, 123, 138, 53, 122, 231, 231, 207, 217, 35,
       254, 131, 52, 205, 123, 239, 246, 11, 239, 248, 85, 164, 254, 2,
       115, 97, 185, 48, 126, 238, 23, 234, 200, 178, 125, 191, 125, 172,
       165, 132, 119, 186, 112, 161, 173, 12, 191, 125, 100, 236, 97, 18,
       116, 194, 102, 16, 179, 241, 49, 123, 73, 110, 50, 14, 161, 244,
       243, 42, 71, 255, 82, 0, 202, 249, 96, 168, 220, 148, 26, 186, 57,
       228, 90, 216, 191, 29, 129, 25, 223, 223, 104, 80, 183, 17, 205,
       114, 58, 7, 154, 247, 219, 245, 43, 127, 144, 3, 37, 19, 112, 157,
       63, 237, 52, 78, 71, 248, 52, 104, 254, 98, 115, 119, 160, 113,
       120, 244, 61, 234, 105, 187, 121, 45, 241, 163, 231, 128, 41, 186,
       116, 123, 116, 224, 248, 106, 29, 71, 83, 200, 67, 60, 165, 10,
       83, 209, 105, 50, 89, 216, 108, 122, 10, 103, 235, 19, 251, 141,
       165, 125, 241, 59, 86, 34, 15, 122, 161, 91, 121, 189, 185, 158,
       159, 251, 16, 108, 172, 214, 213, 172, 135, 121, 83, 29, 131, 76,
       250, 243, 13, 28, 29, 250, 218, 23, 19, 253, 43, 207, 98, 10, 215,
       145, 238, 247, 69, 64, 90, 238, 40, 200, 181, 164, 126, 235, 18,
       221, 215, 186, 4, 255, 62, 28, 156, 202, 127, 158, 184, 141, 246,
       221, 178, 162, 181, 84, 222, 225, 61, 29, 186, 19, 79, 62, 46,
       209, 253, 211, 157, 243, 124, 251, 89, 232, 187, 211, 206, 87,
       225, 127, 175, 87, 246, 220, 144, 178, 229, 76, 118, 227, 185, 30,
       177, 27, 238, 127, 73, 91, 255, 209, 207, 35, 122, 71, 88, 234,
       253, 214, 222, 59, 128, 125, 175, 19, 155, 188, 208, 81, 177, 191,
       80, 55, 119, 163, 134, 20, 174, 147, 70, 188, 145, 62, 220, 16,
       254, 220, 241, 246, 139, 223, 149, 115, 170, 196, 138, 15, 107,
       159, 86, 201, 181, 182, 90, 55, 101, 133, 238, 6, 42, 50, 166,
       244, 205, 166, 158, 152, 158, 139, 117, 223, 58, 127, 150, 83,
       146, 196, 248, 78, 121, 143, 108, 108, 56, 26, 79, 189, 225, 76,
       190, 236, 115, 103, 146, 115, 6, 230, 124, 238, 249, 43, 237, 45,
       242, 235, 97, 212, 111, 162, 202, 89, 9, 160, 21, 225, 253, 89,
       161, 175, 94, 49, 13, 24, 159, 5, 200, 164, 19, 26, 226, 56, 19,
       120, 107, 149, 141, 217, 21, 117, 210, 140, 133, 228, 68, 50, 152,
       33, 176, 47, 123, 24, 42, 185, 51, 121, 223, 19, 73, 26, 183, 93,
       77, 50, 144, 208, 201, 64, 204, 213, 45, 228, 192, 227, 7, 131,
       220, 112, 29, 234, 121, 100, 91, 216, 43, 26, 181, 9, 95, 215,
       105, 89, 247, 217, 157, 114, 42, 7, 26, 52, 219, 227, 35, 239,
       178, 51, 39, 19, 1, 176, 189, 227, 236, 173, 249, 159, 207, 123,
       57, 120, 157, 157, 216, 42, 135, 27, 127, 25, 147, 120, 235, 211,
       207, 223, 63, 246, 220, 202, 129, 161, 72, 177, 25, 187, 57, 205,
       16, 191, 14, 57, 32, 28, 190, 23, 72, 16, 133, 27, 238, 1, 66, 40,
       91, 55, 237, 213, 48, 127, 80, 8, 133, 43, 36, 181, 185, 99, 221,
       111, 83, 136, 75, 181, 45, 24, 214, 117, 77, 58, 145, 28, 64, 58,
       18, 112, 249, 18, 79, 157, 1, 119, 192, 107, 70, 226, 222, 88,
       255, 244, 110, 44, 125, 20, 169, 146, 182, 250, 255, 191, 133,
       123, 231, 245, 125, 138, 168, 71, 227, 192, 215, 251, 254, 152,
       167, 241, 99, 41, 220, 68, 25, 229, 19, 78, 106, 64, 101, 160,
       230, 2, 91, 19, 1, 112, 184, 197, 120, 234, 105, 149, 17, 78, 179,
       237, 3, 1, 97, 51, 111, 34, 201, 36, 66, 45, 244, 42, 233, 27,
