%YAML:1.0
---
descriptors: !!opencv-matrix
   rows: 179
   cols: 32
   dt: u
   data: [ 88, 241, 89, 224, 50, 77, 115, 252, 41, 172, 50, 9, 191, 31,
       72, 16, 182, 157, 93, 112, 66, 89, 145, 29, 255, 217, 39, 103, 96,
       146, 7, 107, 51, 64, 231, 223, 20, 83, 233, 125, 87, 233, 211, 66,
       89, 28, 180, 237, 120, 236, 54, 189, 141, 248, 125, 221, 13, 106,
       243, 192, 119, 142, 240, 236, 35, 64, 238, 157, 95, 55, 232, 95,
       87, 241, 95, 86, 80, 248, 182, 236, 88, 236, 50, 45, 149, 253, 79,
       157, 14, 42, 217, 197, 127, 174, 248, 140, 218, 246, 254, 118,
       146, 114, 30, 239, 55, 134, 222, 179, 111, 255, 233, 10, 55, 255,
       237, 161, 44, 197, 143, 239, 250, 231, 111, 135, 231, 241, 173, 3,
       164, 204, 87, 218, 252, 209, 78, 232, 223, 19, 80, 114, 93, 246,
       237, 229, 211, 90, 62, 122, 99, 7, 42, 183, 186, 254, 199, 78,
       150, 186, 244, 36, 115, 81, 15, 204, 78, 23, 8, 89, 135, 232, 149,
       199, 88, 215, 180, 230, 220, 149, 127, 236, 201, 3, 211, 216, 19,
       40, 235, 190, 31, 174, 56, 177, 131, 247, 134, 157, 172, 155, 172,
       222, 223, 249, 90, 246, 252, 248, 246, 228, 223, 111, 62, 13, 215,
       248, 79, 253, 46, 58, 127, 238, 92, 156, 153, 157, 34, 160, 21,
       242, 253, 237, 212, 111, 143, 61, 185, 24, 142, 156, 76, 188, 137,
       19, 194, 16, 22, 107, 122, 215, 143, 214, 21, 127, 210, 12, 204,
       134, 52, 83, 67, 76, 82, 82, 207, 120, 5, 200, 251, 230, 115, 76,
       181, 244, 124, 252, 134, 238, 201, 179, 37, 12, 50, 172, 161, 128,
       111, 187, 100, 245, 90, 251, 174, 191, 171, 66, 95, 188, 183, 253,
       198, 167, 109, 231, 67, 78, 55, 247, 253, 199, 216, 217, 171, 177,
       251, 231, 255, 205, 166, 183, 165, 91, 40, 159, 30, 108, 185, 163,
       18, 115, 197, 141, 250, 101, 70, 241, 160, 208, 220, 178, 142, 48,
       28, 171, 64, 30, 250, 247, 37, 91, 154, 74, 252, 11, 171, 4, 230,
       173, 244, 63, 236, 123, 87, 234, 91, 87, 83, 104, 182, 233, 93,
       206, 54, 47, 237, 244, 77, 159, 6, 123, 225, 132, 127, 253, 216,
       21, 35, 89, 167, 220, 93, 215, 210, 106, 215, 200, 214, 6, 114,
       252, 55, 164, 216, 236, 243, 99, 237, 251, 127, 189, 59, 122, 205,
       74, 95, 45, 112, 254, 13, 203, 149, 219, 173, 45, 71, 156, 206,
       63, 189, 40, 222, 241, 233, 172, 19, 82, 110, 122, 90, 33, 106,
       49, 173, 158, 101, 62, 210, 123, 133, 33, 88, 161, 121, 200, 11,
       86, 73, 152, 38, 176, 133, 2, 89, 23, 89, 246, 113, 156, 120, 168,
       11, 67, 251, 213, 219, 201, 143, 61, 51, 162, 36, 34, 41, 32, 225,
       93, 85, 15, 232, 70, 90, 161, 113, 90, 57, 8, 20, 173, 232, 12,
       19, 9, 129, 254, 85, 141, 5, 106, 208, 64, 77, 12, 82, 172, 165,
       223, 9, 218, 253, 165, 206, 254, 222, 19, 89, 86, 244, 232, 61,
       225, 221, 106, 18, 79, 247, 44, 90, 191, 45, 30, 223, 12, 152, 91,
       209, 136, 69, 56, 211, 228, 112, 36, 107, 26, 35, 202, 110, 68,
       117, 231, 241, 126, 118, 238, 52, 140, 129, 146, 176, 74, 213,
       172, 162, 136, 170, 243, 98, 185, 198, 253, 183, 182, 203, 108,
       55, 167, 186, 191, 10, 29, 172, 183, 64, 91, 161, 119, 249, 19,
       112, 77, 186, 226, 253, 54, 94, 43, 128, 117, 133, 107, 218, 138,
       198, 253, 170, 34, 57, 63, 22, 147, 202, 242, 253, 231, 160, 73,
       119, 255, 61, 156, 16, 201, 15, 215, 200, 235, 255, 204, 183, 224,
       161, 41, 184, 150, 87, 190, 131, 98, 23, 239, 21, 23, 226, 179,
       99, 119, 40, 77, 121, 210, 174, 162, 58, 207, 15, 191, 177, 226,
       118, 75, 179, 89, 164, 59, 130, 189, 147, 155, 247, 197, 177, 103,
       30, 67, 80, 50, 172, 254, 32, 228, 223, 59, 147, 1, 115, 184, 50,
       247, 45, 22, 154, 106, 28, 76, 181, 255, 9, 58, 127, 233, 110,
       155, 233, 91, 238, 120, 254, 230, 157, 223, 240, 34, 110, 9, 127,
       140, 195, 177, 39, 209, 70, 217, 43, 132, 95, 136, 99, 241, 155,
       156, 106, 220, 118, 183, 237, 119, 23, 74, 222, 230, 57, 173, 182,
       96, 126, 170, 23, 141, 251, 191, 52, 223, 114, 239, 190, 128, 63,
       232, 112, 249, 17, 22, 107, 225, 54, 42, 233, 83, 45, 74, 254,
       246, 159, 15, 144, 97, 126, 137, 95, 173, 185, 183, 101, 204, 214,
       249, 170, 128, 109, 200, 99, 241, 10, 157, 58, 221, 117, 214, 188,
       119, 189, 204, 126, 35, 172, 190, 38, 100, 238, 63, 151, 129, 212,
       184, 48, 207, 103, 125, 154, 131, 87, 28, 189, 223, 80, 249, 91,
       160, 50, 78, 123, 240, 45, 164, 226, 41, 191, 23, 1, 80, 182, 157,
       93, 226, 72, 19, 145, 93, 241, 229, 42, 166, 32, 146, 39, 107,
       244, 203, 83, 204, 108, 2, 103, 176, 245, 2, 226, 74, 83, 147,
       165, 213, 112, 228, 38, 234, 105, 151, 160, 207, 51, 170, 193, 12,
       50, 185, 112, 32, 38, 160, 17, 194, 253, 217, 208, 105, 15, 61,
       49, 24, 206, 220, 108, 156, 153, 27, 230, 16, 22, 58, 90, 213,
       159, 212, 17, 127, 208, 10, 197, 167, 61, 83, 98, 142, 118, 18,
       134, 120, 69, 200, 251, 230, 83, 200, 191, 228, 94, 252, 150, 227,
       205, 179, 13, 140, 48, 44, 163, 128, 127, 187, 120, 149, 49, 83,
       99, 78, 120, 23, 206, 120, 5, 200, 251, 236, 115, 204, 189, 228,
       92, 252, 22, 238, 201, 179, 109, 13, 48, 172, 161, 144, 127, 186,
       112, 181, 6, 25, 30, 191, 174, 227, 188, 97, 142, 64, 218, 163,
       244, 254, 35, 74, 238, 51, 123, 131, 5, 129, 27, 125, 193, 38,
       235, 131, 156, 106, 37, 19, 149, 82, 237, 165, 54, 11, 96, 24,
       118, 232, 82, 246, 211, 108, 153, 105, 126, 204, 62, 107, 237,
       244, 109, 45, 236, 171, 101, 192, 109, 185, 16, 49, 88, 157, 21,
       205, 59, 219, 66, 182, 135, 1, 238, 32, 174, 55, 160, 244, 66, 50,
       204, 88, 11, 137, 81, 189, 171, 245, 0, 83, 186, 136, 12, 60, 101,
       233, 72, 238, 124, 7, 79, 184, 194, 160, 157, 8, 243, 209, 153,
       52, 88, 236, 85, 110, 201, 67, 218, 157, 224, 156, 165, 60, 30,
       186, 82, 160, 163, 4, 228, 157, 172, 47, 204, 159, 87, 242, 218,
       215, 195, 232, 183, 73, 217, 110, 63, 47, 189, 246, 79, 159, 174,
       126, 245, 148, 159, 253, 248, 212, 13, 169, 172, 191, 141, 185,
       188, 143, 198, 177, 156, 3, 249, 248, 90, 42, 201, 99, 123, 149,
       22, 104, 223, 177, 239, 207, 255, 125, 253, 124, 217, 130, 159,
       49, 175, 173, 29, 38, 138, 72, 22, 232, 203, 7, 217, 62, 17, 105,
       252, 253, 125, 239, 173, 211, 217, 158, 249, 239, 239, 148, 45,
       39, 49, 82, 39, 173, 232, 88, 221, 189, 236, 207, 91, 183, 120,
       26, 0, 232, 95, 60, 217, 138, 50, 149, 182, 122, 254, 211, 63, 28,
       149, 111, 221, 220, 218, 140, 59, 89, 231, 205, 60, 115, 236, 91,
       86, 225, 219, 114, 81, 216, 180, 237, 122, 254, 62, 217, 157, 254,
       239, 253, 29, 42, 255, 192, 117, 137, 240, 165, 220, 109, 202,
       183, 131, 36, 119, 148, 176, 198, 239, 149, 75, 227, 75, 95, 113,
       238, 233, 254, 126, 197, 154, 98, 227, 225, 71, 9, 170, 247, 174,
       82, 134, 222, 246, 151, 231, 251, 180, 231, 223, 247, 22, 183,
       108, 232, 247, 143, 167, 103, 227, 151, 116, 253, 15, 234, 46, 87,
       93, 195, 207, 124, 189, 223, 66, 181, 183, 246, 227, 100, 53, 191,
       59, 159, 26, 125, 236, 247, 72, 91, 167, 215, 237, 17, 51, 75,
       187, 227, 253, 54, 126, 203, 128, 80, 167, 123, 43, 78, 164, 159,
       29, 55, 136, 79, 86, 241, 219, 215, 64, 232, 54, 204, 89, 108,
       186, 143, 150, 255, 223, 157, 62, 58, 223, 79, 95, 63, 248, 132,
       41, 143, 74, 173, 52, 179, 78, 119, 69, 68, 254, 229, 227, 40,
       182, 192, 88, 174, 14, 44, 205, 171, 101, 159, 226, 255, 166, 128,
       94, 206, 248, 92, 177, 27, 229, 207, 246, 55, 238, 123, 87, 235,
       251, 246, 83, 40, 180, 236, 126, 206, 54, 207, 253, 254, 109, 190,
       52, 42, 241, 192, 127, 191, 216, 181, 188, 158, 133, 186, 137, 98,
       21, 174, 23, 31, 226, 181, 66, 39, 40, 221, 221, 210, 174, 146,
       58, 79, 107, 179, 153, 242, 214, 87, 146, 92, 164, 127, 10, 166,
       196, 253, 141, 162, 73, 11, 23, 183, 206, 18, 233, 227, 80, 206,
       81, 239, 59, 152, 26, 200, 207, 211, 207, 247, 155, 105, 182, 192,
