%YAML:1.0
---
descriptors: !!opencv-matrix
   rows: 337
   cols: 32
   dt: u
   data: [ 120, 241, 24, 226, 89, 205, 85, 252, 131, 53, 164, 8, 55, 215,
       74, 18, 128, 152, 201, 80, 90, 107, 218, 53, 251, 193, 5, 125, 80,
       26, 206, 42, 253, 55, 120, 97, 186, 27, 90, 25, 114, 172, 181,
       252, 219, 9, 218, 177, 31, 156, 204, 118, 254, 118, 237, 30, 234,
       201, 37, 245, 237, 163, 206, 49, 1, 200, 92, 109, 32, 11, 105, 62,
       125, 64, 118, 68, 255, 19, 130, 80, 54, 12, 110, 12, 65, 184, 81,
       77, 198, 191, 48, 0, 74, 144, 75, 9, 166, 78, 179, 186, 157, 165,
       158, 207, 159, 183, 152, 155, 142, 237, 103, 8, 205, 115, 251,
       151, 58, 111, 90, 242, 249, 86, 223, 63, 211, 125, 133, 210, 37,
       124, 241, 71, 116, 106, 227, 16, 96, 232, 255, 104, 83, 49, 213,
       52, 90, 236, 70, 122, 137, 178, 237, 42, 38, 172, 37, 180, 239,
       251, 66, 161, 254, 236, 228, 161, 143, 27, 95, 232, 83, 182, 144,
       11, 195, 72, 95, 27, 217, 196, 253, 247, 238, 118, 237, 186, 250,
       195, 237, 247, 37, 127, 86, 70, 124, 112, 252, 102, 41, 77, 87,
       24, 227, 254, 181, 8, 95, 223, 75, 59, 136, 212, 253, 114, 72,
       103, 250, 0, 211, 217, 69, 63, 99, 179, 198, 115, 60, 241, 57, 96,
       220, 205, 87, 253, 99, 40, 173, 8, 19, 213, 72, 48, 152, 152, 85,
       120, 90, 43, 248, 21, 251, 217, 37, 124, 113, 138, 198, 162, 37,
       99, 123, 73, 244, 93, 107, 88, 121, 8, 125, 104, 18, 209, 149, 52,
       26, 72, 70, 122, 147, 176, 232, 64, 103, 188, 33, 76, 67, 163, 66,
       165, 198, 37, 150, 222, 187, 224, 54, 79, 254, 19, 201, 48, 236,
       247, 100, 95, 243, 123, 234, 16, 50, 79, 138, 243, 185, 54, 31,
       123, 144, 83, 165, 131, 74, 179, 138, 168, 74, 2, 57, 123, 38, 5,
       208, 167, 41, 167, 50, 80, 110, 143, 235, 133, 64, 11, 211, 208,
       92, 36, 222, 169, 189, 132, 47, 216, 0, 142, 59, 89, 240, 236,
       113, 87, 127, 79, 126, 16, 190, 231, 38, 24, 149, 42, 102, 28,
       178, 184, 34, 119, 71, 255, 50, 72, 210, 192, 231, 235, 221, 95,
       238, 253, 206, 251, 111, 255, 68, 122, 222, 246, 241, 233, 243,
       106, 105, 238, 46, 170, 187, 242, 247, 235, 118, 237, 167, 136,
       191, 249, 248, 209, 31, 137, 106, 154, 246, 209, 127, 248, 30, 64,
       213, 131, 124, 215, 99, 96, 127, 233, 179, 222, 70, 19, 62, 255,
       123, 47, 143, 237, 63, 191, 41, 210, 6, 219, 87, 222, 127, 213,
       186, 232, 239, 64, 113, 230, 108, 206, 173, 228, 254, 121, 130,
       227, 199, 163, 62, 253, 55, 48, 139, 138, 87, 183, 39, 245, 60,
       121, 123, 110, 23, 71, 223, 240, 37, 136, 253, 10, 91, 95, 37, 48,
       122, 252, 87, 234, 73, 163, 56, 220, 243, 233, 163, 28, 119, 187,
       102, 115, 45, 183, 25, 107, 240, 46, 126, 121, 59, 205, 125, 125,
       95, 235, 138, 144, 183, 14, 102, 60, 183, 178, 137, 31, 238, 255,
       37, 228, 234, 226, 202, 209, 189, 253, 237, 93, 202, 23, 223, 191,
       82, 238, 252, 222, 123, 125, 159, 33, 95, 222, 181, 238, 237, 246,
       125, 191, 107, 15, 229, 180, 127, 252, 192, 249, 11, 60, 23, 221,
       169, 238, 233, 119, 63, 59, 250, 16, 188, 179, 64, 206, 203, 47,
       123, 136, 51, 221, 243, 211, 141, 190, 218, 2, 130, 68, 227, 170,
       42, 174, 234, 169, 236, 176, 237, 255, 35, 7, 252, 175, 169, 171,
       214, 84, 107, 171, 39, 156, 158, 186, 198, 210, 94, 95, 191, 232,
       247, 212, 230, 200, 122, 32, 26, 236, 89, 247, 80, 73, 139, 132,
       173, 24, 78, 218, 46, 240, 216, 185, 200, 32, 12, 35, 210, 158,
       147, 245, 129, 63, 82, 46, 110, 6, 108, 113, 105, 103, 52, 79, 75,
       56, 33, 172, 255, 8, 211, 85, 153, 48, 88, 220, 93, 106, 72, 242,
       249, 12, 231, 237, 33, 148, 97, 187, 86, 114, 120, 249, 24, 114,
       105, 141, 86, 246, 187, 56, 180, 77, 63, 147, 64, 144, 167, 210,
       221, 74, 74, 107, 154, 61, 251, 217, 52, 59, 106, 145, 74, 11, 53,
       205, 111, 94, 156, 215, 206, 252, 198, 192, 216, 70, 113, 248,
       181, 228, 88, 234, 18, 239, 207, 163, 126, 191, 49, 108, 143, 28,
       125, 251, 240, 252, 60, 185, 56, 98, 189, 205, 83, 200, 195, 252,
       189, 9, 31, 221, 74, 18, 137, 144, 205, 83, 90, 43, 250, 181, 251,
       217, 5, 127, 115, 15, 214, 114, 59, 152, 228, 221, 53, 83, 249,
       127, 95, 231, 86, 179, 73, 60, 182, 109, 127, 105, 179, 165, 180,
       248, 101, 204, 78, 95, 223, 135, 247, 172, 84, 223, 20, 39, 107,
       45, 118, 98, 235, 121, 116, 192, 249, 227, 81, 111, 177, 80, 122,
       173, 7, 175, 233, 179, 13, 95, 240, 173, 171, 132, 117, 162, 103,
       224, 57, 125, 250, 100, 214, 111, 87, 254, 112, 140, 124, 8, 19,
       53, 7, 48, 58, 222, 84, 72, 73, 186, 176, 42, 115, 237, 52, 33,
       99, 240, 70, 235, 50, 40, 66, 200, 221, 195, 242, 198, 31, 45,
       248, 11, 42, 184, 52, 80, 248, 175, 131, 129, 28, 59, 192, 242,
       53, 22, 154, 107, 209, 12, 254, 138, 92, 85, 121, 100, 48, 74, 87,
       56, 96, 164, 175, 8, 215, 119, 1, 80, 50, 212, 76, 106, 104, 35,
       249, 14, 243, 239, 37, 21, 96, 178, 70, 50, 208, 156, 63, 245, 52,
       238, 117, 55, 252, 75, 106, 80, 183, 63, 0, 115, 165, 55, 108, 8,
       49, 237, 17, 15, 233, 239, 114, 64, 64, 64, 197, 59, 1, 128, 191,
       117, 52, 238, 105, 23, 126, 25, 114, 80, 151, 51, 128, 105, 135,
       30, 54, 24, 35, 248, 81, 5, 197, 171, 114, 64, 200, 128, 65, 169,
       106, 224, 177, 218, 73, 205, 81, 236, 143, 21, 164, 8, 190, 215,
       108, 63, 201, 147, 251, 0, 90, 75, 250, 241, 155, 217, 80, 123,
       18, 12, 70, 106, 50, 189, 251, 207, 223, 235, 183, 199, 199, 225,
       254, 34, 120, 252, 100, 36, 122, 251, 146, 129, 19, 187, 56, 243,
       55, 4, 7, 103, 253, 90, 165, 254, 90, 176, 30, 184, 41, 237, 16,
       71, 171, 29, 164, 25, 142, 159, 66, 91, 160, 179, 253, 17, 30, 75,
       146, 209, 211, 241, 90, 123, 16, 64, 143, 91, 133, 93, 89, 71,
       180, 46, 111, 180, 124, 234, 91, 84, 213, 50, 153, 117, 55, 78,
       30, 110, 241, 176, 125, 110, 36, 174, 39, 128, 76, 243, 193, 181,
       34, 40, 179, 248, 217, 213, 177, 67, 191, 133, 237, 24, 190, 255,
       101, 60, 233, 57, 251, 145, 27, 235, 178, 210, 27, 252, 19, 123,
       211, 8, 103, 190, 112, 156, 144, 184, 141, 237, 16, 199, 171, 49,
       160, 29, 142, 154, 100, 221, 129, 51, 234, 16, 30, 107, 210, 209,
       155, 208, 16, 123, 218, 76, 207, 142, 91, 142, 198, 181, 130, 50,
       188, 151, 60, 215, 90, 247, 141, 38, 210, 203, 39, 103, 187, 149,
       181, 216, 135, 224, 140, 103, 254, 196, 172, 245, 169, 93, 109,
       60, 189, 119, 164, 110, 109, 191, 114, 251, 23, 84, 211, 113, 217,
       107, 21, 86, 120, 61, 177, 252, 249, 40, 77, 59, 117, 4, 142, 248,
       208, 113, 39, 123, 109, 239, 124, 91, 234, 120, 77, 200, 253, 239,
       251, 76, 159, 128, 126, 236, 215, 231, 205, 178, 109, 236, 54, 57,
       170, 153, 125, 175, 126, 215, 119, 1, 99, 238, 60, 22, 203, 88,
       101, 192, 185, 198, 91, 72, 189, 164, 120, 140, 95, 239, 201, 163,
       117, 204, 178, 249, 171, 156, 127, 175, 114, 228, 126, 105, 1,
       236, 25, 95, 95, 106, 15, 164, 236, 9, 143, 135, 37, 212, 216,
       221, 207, 226, 72, 3, 113, 156, 179, 245, 139, 63, 19, 63, 38, 98,
       55, 207, 106, 158, 92, 132, 206, 244, 148, 72, 216, 199, 113, 232,
       179, 96, 124, 234, 55, 207, 207, 131, 30, 255, 242, 46, 175, 136,
       61, 255, 240, 156, 252, 74, 234, 236, 76, 34, 79, 88, 81, 170,
       247, 90, 83, 67, 177, 123, 88, 228, 44, 234, 104, 183, 197, 10,
       210, 235, 224, 153, 101, 251, 112, 33, 1, 141, 138, 159, 212, 150,
       174, 247, 86, 130, 90, 70, 245, 226, 178, 96, 88, 110, 50, 204,
       229, 152, 86, 191, 108, 167, 255, 128, 61, 248, 57, 152, 215, 92,
       239, 148, 2, 54, 143, 240, 176, 194, 198, 214, 117, 230, 179, 111,
       118, 229, 56, 239, 233, 215, 188, 238, 144, 42, 203, 0, 45, 241,
       49, 116, 220, 16, 29, 227, 184, 111, 67, 152, 165, 248, 179, 116,
       215, 23, 9, 123, 132, 84, 125, 122, 57, 197, 121, 12, 201, 154,
       33, 212, 170, 163, 1, 49, 34, 109, 104, 200, 215, 143, 254, 111,
