%YAML:1.0
---
descriptors: !!opencv-matrix
   rows: 388
   cols: 32
   dt: u
   data: [ 166, 122, 162, 150, 109, 91, 182, 196, 153, 238, 176, 175,
       106, 140, 119, 143, 237, 245, 207, 195, 108, 103, 136, 234, 52,
       22, 223, 187, 71, 127, 126, 223, 123, 121, 195, 207, 86, 38, 107,
       212, 33, 136, 126, 70, 57, 115, 149, 246, 118, 238, 21, 222, 139,
       146, 176, 232, 55, 236, 166, 128, 171, 243, 98, 185, 4, 32, 184,
       179, 228, 173, 232, 192, 111, 177, 179, 25, 142, 11, 89, 26, 171,
       207, 79, 93, 18, 115, 201, 224, 156, 152, 83, 116, 196, 201, 67,
       128, 125, 235, 117, 71, 42, 2, 78, 248, 33, 232, 251, 238, 121,
       71, 141, 182, 126, 228, 116, 238, 201, 211, 237, 44, 48, 238, 231,
       180, 47, 179, 98, 181, 221, 194, 117, 231, 46, 27, 228, 189, 79,
       122, 147, 126, 219, 72, 156, 161, 63, 132, 126, 47, 237, 52, 109,
       149, 182, 72, 97, 244, 127, 186, 217, 5, 167, 95, 103, 143, 238,
       178, 175, 118, 204, 194, 91, 246, 80, 108, 181, 239, 126, 100, 54,
       239, 245, 180, 46, 238, 36, 42, 239, 128, 45, 255, 240, 245, 113,
       89, 251, 238, 70, 108, 115, 148, 96, 200, 238, 10, 119, 247, 33,
       114, 112, 254, 60, 74, 9, 179, 177, 41, 211, 173, 96, 8, 160, 251,
       112, 107, 204, 217, 59, 251, 206, 67, 63, 252, 86, 110, 215, 22,
       245, 247, 43, 96, 121, 222, 234, 234, 105, 147, 123, 254, 245,
       231, 191, 140, 190, 187, 180, 251, 188, 100, 248, 106, 232, 111,
       87, 216, 114, 30, 181, 24, 87, 243, 73, 57, 185, 216, 69, 106, 42,
       103, 59, 51, 251, 207, 97, 29, 227, 243, 102, 163, 93, 88, 155,
       255, 94, 70, 111, 208, 60, 73, 246, 70, 253, 247, 169, 120, 122,
       229, 94, 234, 121, 215, 121, 239, 253, 231, 175, 140, 145, 179,
       37, 241, 86, 253, 147, 218, 155, 240, 22, 239, 191, 211, 129, 179,
       76, 246, 40, 253, 251, 251, 219, 178, 51, 67, 186, 255, 185, 182,
       223, 127, 147, 115, 175, 150, 185, 157, 229, 221, 52, 127, 235,
       127, 87, 235, 90, 86, 115, 60, 148, 237, 125, 238, 54, 45, 185,
       252, 125, 190, 45, 110, 247, 192, 127, 236, 208, 125, 2, 157, 16,
       154, 219, 212, 152, 111, 255, 17, 200, 80, 172, 250, 36, 245, 205,
       59, 138, 129, 119, 11, 82, 247, 157, 52, 154, 91, 26, 4, 171, 158,
       0, 153, 157, 179, 171, 217, 180, 175, 254, 115, 10, 48, 172, 60,
       72, 234, 163, 87, 234, 17, 23, 120, 15, 241, 140, 83, 95, 103,
       196, 92, 141, 143, 57, 3, 253, 77, 84, 27, 225, 88, 86, 232, 246,
       102, 83, 41, 150, 96, 120, 204, 54, 108, 137, 240, 101, 156, 86,
       171, 225, 68, 111, 168, 112, 241, 88, 217, 151, 254, 203, 220,
       116, 247, 171, 91, 110, 16, 62, 247, 32, 242, 163, 243, 253, 0,
       71, 201, 178, 241, 147, 243, 84, 11, 122, 80, 175, 59, 118, 97,
       251, 236, 54, 34, 79, 216, 105, 128, 250, 66, 123, 107, 157, 18,
       126, 197, 93, 235, 136, 163, 197, 232, 242, 252, 174, 136, 231,
       243, 98, 32, 194, 178, 191, 248, 107, 188, 185, 27, 169, 91, 52,
       125, 190, 189, 102, 51, 167, 19, 223, 21, 147, 43, 162, 193, 215,
       89, 114, 170, 216, 76, 7, 251, 178, 67, 199, 164, 228, 114, 78,
       239, 17, 79, 242, 211, 11, 44, 182, 221, 218, 207, 135, 102, 125,
       251, 101, 160, 178, 250, 212, 215, 229, 220, 254, 220, 189, 112,
       58, 106, 113, 95, 82, 88, 119, 104, 245, 9, 63, 221, 74, 176, 180,
       137, 213, 110, 206, 55, 120, 27, 211, 221, 33, 61, 98, 143, 66,
       243, 9, 162, 148, 113, 180, 190, 109, 183, 127, 63, 118, 116, 143,
       35, 216, 204, 39, 14, 44, 28, 179, 216, 33, 70, 174, 223, 54, 196,
       138, 128, 201, 45, 83, 98, 82, 204, 62, 145, 123, 88, 239, 128,
       157, 194, 45, 194, 167, 228, 118, 161, 31, 238, 196, 1, 166, 221,
       146, 237, 171, 184, 55, 162, 41, 5, 73, 183, 213, 93, 182, 187,
       160, 191, 94, 169, 90, 246, 236, 224, 196, 237, 55, 126, 174, 48,
       183, 248, 175, 223, 44, 38, 117, 198, 182, 172, 133, 37, 32, 18,
       238, 77, 124, 2, 233, 27, 86, 237, 118, 230, 80, 53, 180, 105, 92,
       92, 63, 136, 129, 248, 229, 93, 78, 43, 241, 192, 125, 136, 116,
       249, 57, 32, 231, 77, 85, 119, 233, 105, 87, 225, 231, 18, 83,
       248, 62, 173, 121, 204, 178, 169, 189, 243, 253, 140, 27, 107,
       213, 69, 103, 174, 124, 228, 107, 124, 145, 85, 105, 189, 100,
       151, 251, 171, 46, 76, 170, 177, 69, 182, 129, 126, 226, 24, 129,
       124, 242, 234, 47, 94, 20, 50, 202, 84, 66, 172, 1, 157, 31, 117,
       52, 207, 230, 55, 252, 200, 122, 96, 183, 184, 176, 32, 128, 122,
       70, 8, 209, 184, 32, 47, 237, 255, 48, 0, 72, 200, 67, 169, 0,
       158, 19, 90, 113, 204, 49, 247, 188, 13, 106, 68, 190, 247, 32,
       112, 165, 59, 6, 8, 179, 137, 178, 127, 105, 191, 50, 74, 208, 0,
       167, 249, 101, 164, 216, 228, 88, 111, 75, 26, 18, 161, 173, 8,
       19, 247, 64, 48, 25, 220, 80, 56, 11, 90, 216, 10, 255, 141, 37,
       124, 160, 162, 74, 162, 189, 93, 107, 94, 246, 230, 207, 244, 212,
       194, 125, 134, 83, 253, 191, 97, 126, 234, 22, 238, 249, 179, 60,
       46, 114, 41, 100, 136, 127, 251, 240, 241, 124, 59, 235, 230, 214,
       38, 107, 80, 32, 132, 239, 206, 83, 231, 65, 90, 124, 252, 37,
       250, 24, 146, 177, 10, 211, 237, 163, 0, 165, 235, 118, 48, 67,
       49, 135, 157, 60, 182, 168, 31, 222, 217, 90, 247, 252, 234, 180,
       228, 215, 109, 59, 157, 151, 221, 159, 221, 12, 58, 255, 138, 28,
       132, 185, 93, 241, 238, 43, 118, 52, 211, 67, 252, 209, 174, 215,
       58, 115, 220, 176, 36, 89, 228, 92, 235, 233, 239, 232, 175, 251,
       239, 165, 145, 103, 42, 118, 111, 129, 2, 237, 177, 52, 174, 233,
       23, 126, 125, 82, 213, 183, 9, 146, 105, 38, 14, 63, 29, 182, 252,
       117, 7, 196, 171, 114, 192, 236, 136, 209, 217, 189, 190, 245,
       127, 246, 103, 199, 255, 82, 227, 126, 126, 115, 125, 148, 160,
       95, 222, 50, 41, 185, 254, 255, 191, 123, 47, 245, 20, 239, 249,
       212, 249, 91, 16, 239, 149, 95, 54, 233, 121, 23, 245, 215, 151,
       73, 236, 54, 238, 125, 229, 191, 173, 189, 211, 191, 220, 27, 107,
       223, 196, 47, 44, 184, 84, 108, 57, 120, 96, 241, 205, 83, 81, 43,
       173, 189, 8, 27, 157, 66, 20, 156, 156, 199, 88, 26, 58, 248, 16,
       127, 221, 37, 121, 66, 138, 206, 179, 236, 127, 157, 245, 164, 14,
       103, 54, 112, 174, 34, 76, 215, 35, 65, 91, 149, 118, 108, 120,
       121, 252, 209, 42, 237, 183, 101, 20, 136, 248, 86, 56, 237, 100,
       153, 237, 184, 47, 79, 56, 18, 170, 173, 88, 215, 115, 73, 49,
       149, 92, 124, 46, 40, 116, 249, 31, 237, 223, 37, 52, 80, 251,
       194, 32, 17, 157, 63, 124, 19, 206, 117, 119, 173, 73, 108, 1, 62,
       183, 32, 112, 164, 51, 91, 12, 19, 137, 50, 69, 243, 255, 82, 66,
       0, 0, 167, 123, 151, 30, 167, 159, 182, 182, 174, 115, 221, 218,
       83, 246, 168, 236, 181, 239, 239, 235, 30, 135, 245, 220, 44, 238,
       60, 58, 239, 130, 140, 125, 185, 85, 88, 136, 245, 253, 59, 98,
       121, 158, 54, 181, 70, 147, 125, 247, 64, 66, 55, 87, 61, 156, 2,
       205, 171, 189, 203, 235, 223, 73, 38, 160, 37, 106, 231, 122, 159,
       154, 232, 79, 7, 220, 159, 254, 177, 237, 214, 198, 239, 159, 223,
       101, 126, 119, 237, 71, 122, 56, 184, 146, 109, 190, 216, 59, 6,
       117, 32, 93, 121, 101, 112, 78, 109, 55, 121, 232, 126, 8, 179,
       53, 145, 48, 132, 188, 84, 72, 225, 184, 97, 46, 103, 253, 36,
       128, 66, 176, 70, 169, 169, 85, 91, 99, 212, 46, 231, 87, 100, 34,
       127, 86, 19, 25, 144, 112, 106, 142, 110, 10, 209, 180, 245, 2,
       119, 173, 162, 64, 107, 218, 224, 176, 104, 57, 120, 64, 116, 223,
       75, 80, 105, 172, 252, 8, 59, 21, 214, 52, 30, 188, 70, 120, 218,
       186, 240, 62, 127, 221, 33, 113, 67, 139, 70, 184, 90, 217, 151,
       254, 203, 204, 23, 199, 171, 81, 169, 8, 62, 255, 44, 114, 166,
       243, 248, 66, 71, 107, 186, 241, 243, 249, 22, 27, 90, 82, 167,
       123, 38, 250, 166, 150, 111, 17, 190, 224, 139, 222, 176, 175,
       108, 236, 111, 15, 238, 245, 203, 71, 196, 103, 138, 232, 52, 82,
