%YAML:1.0
---
descriptors: !!opencv-matrix
   rows: 351
   cols: 32
   dt: u
   data: [ 164, 156, 157, 241, 192, 110, 101, 151, 50, 115, 102, 16, 151,
       55, 72, 123, 201, 214, 32, 24, 57, 252, 81, 34, 239, 171, 84, 68,
       224, 80, 230, 186, 113, 79, 78, 206, 84, 22, 110, 248, 100, 0,
       254, 70, 115, 104, 183, 113, 122, 230, 30, 238, 237, 179, 37, 47,
       50, 175, 166, 0, 125, 170, 120, 12, 212, 80, 156, 186, 138, 97,
       19, 200, 182, 55, 161, 57, 87, 219, 75, 90, 227, 213, 104, 210,
       42, 71, 219, 50, 217, 130, 87, 127, 240, 113, 39, 2, 65, 48, 19,
       68, 34, 74, 35, 0, 109, 200, 98, 104, 222, 18, 128, 244, 54, 21,
       76, 106, 33, 212, 241, 78, 144, 176, 42, 2, 72, 35, 3, 37, 53,
       167, 195, 77, 84, 51, 226, 88, 117, 65, 249, 230, 81, 40, 188,
       180, 124, 204, 6, 236, 143, 178, 101, 206, 62, 44, 164, 4, 239,
       235, 122, 132, 120, 253, 113, 70, 108, 89, 197, 248, 193, 180,
       188, 40, 115, 124, 212, 39, 8, 246, 100, 106, 216, 99, 250, 40,
       113, 200, 101, 56, 99, 251, 86, 228, 189, 38, 96, 224, 165, 63,
       78, 218, 81, 170, 189, 29, 67, 105, 95, 157, 217, 202, 149, 62,
       188, 118, 88, 190, 187, 223, 197, 62, 243, 253, 90, 134, 234, 170,
       168, 155, 45, 157, 217, 171, 138, 61, 149, 141, 170, 72, 87, 3,
       205, 98, 253, 31, 206, 104, 235, 181, 206, 81, 189, 249, 22, 12,
       92, 78, 66, 170, 168, 250, 40, 208, 153, 136, 130, 158, 148, 163,
       233, 207, 227, 75, 79, 243, 239, 145, 10, 71, 238, 241, 223, 65,
       175, 187, 21, 164, 39, 99, 119, 235, 232, 128, 188, 17, 154, 136,
       202, 253, 148, 175, 193, 168, 223, 10, 221, 197, 253, 247, 222,
       99, 239, 176, 186, 21, 175, 255, 141, 255, 220, 84, 193, 176, 156,
       18, 138, 156, 37, 159, 254, 83, 167, 92, 182, 242, 200, 123, 39,
       70, 106, 24, 183, 109, 186, 113, 220, 170, 118, 120, 200, 64, 139,
       25, 124, 97, 121, 96, 153, 205, 82, 204, 7, 160, 165, 8, 27, 159,
       73, 48, 216, 145, 220, 210, 74, 35, 88, 144, 251, 221, 5, 125,
       243, 27, 70, 34, 253, 148, 193, 231, 22, 83, 79, 184, 81, 234,
       255, 110, 123, 113, 154, 180, 121, 228, 116, 174, 253, 190, 237,
       174, 186, 239, 165, 180, 111, 239, 90, 117, 188, 108, 180, 242,
       109, 45, 80, 204, 219, 187, 180, 24, 139, 217, 85, 26, 137, 200,
       87, 26, 10, 103, 74, 178, 219, 221, 21, 61, 194, 249, 94, 162, 31,
       247, 230, 92, 222, 19, 207, 248, 87, 238, 245, 230, 105, 232, 190,
       133, 63, 238, 164, 238, 172, 243, 47, 223, 58, 14, 229, 199, 255,
       231, 110, 213, 16, 144, 158, 254, 202, 96, 53, 207, 188, 23, 226,
       51, 117, 255, 40, 90, 227, 211, 171, 128, 50, 201, 19, 97, 209,
       163, 90, 75, 177, 80, 165, 154, 134, 92, 190, 151, 15, 114, 189,
       106, 189, 214, 135, 147, 76, 126, 55, 75, 231, 117, 251, 163, 36,
       197, 59, 202, 67, 50, 219, 135, 135, 117, 37, 214, 255, 97, 98,
       74, 237, 21, 223, 220, 195, 92, 252, 175, 72, 204, 255, 52, 124,
       200, 151, 255, 206, 35, 174, 240, 59, 88, 143, 255, 247, 255, 246,
       247, 126, 178, 164, 160, 187, 113, 24, 136, 139, 245, 133, 189,
       207, 236, 78, 159, 199, 213, 237, 147, 30, 67, 223, 144, 154, 209,
       141, 255, 150, 101, 158, 86, 84, 32, 26, 170, 185, 233, 26, 72,
       174, 28, 161, 9, 142, 222, 43, 88, 230, 177, 239, 115, 14, 3, 202,
       112, 209, 241, 43, 127, 144, 3, 47, 67, 77, 0, 181, 101, 37, 78,
       71, 48, 109, 162, 167, 8, 219, 49, 17, 246, 144, 68, 125, 106, 73,
       240, 241, 136, 205, 250, 69, 20, 66, 250, 84, 96, 121, 148, 249,
       84, 183, 90, 87, 191, 113, 227, 62, 58, 91, 60, 154, 181, 51, 214,
       148, 40, 253, 248, 45, 142, 107, 239, 117, 85, 231, 236, 222, 109,
       11, 183, 18, 143, 247, 183, 178, 109, 94, 201, 89, 102, 236, 250,
       174, 224, 222, 43, 146, 51, 151, 179, 12, 239, 46, 85, 142, 139,
       157, 78, 185, 149, 66, 248, 155, 178, 131, 224, 49, 134, 170, 23,
       2, 49, 148, 183, 96, 90, 163, 119, 121, 144, 18, 77, 146, 97, 217,
       176, 30, 111, 128, 16, 167, 122, 171, 159, 49, 235, 245, 213, 223,
       247, 23, 77, 124, 102, 184, 125, 190, 37, 220, 187, 151, 209, 255,
       58, 122, 253, 111, 93, 174, 235, 91, 14, 212, 255, 248, 236, 57,
       102, 89, 111, 87, 126, 16, 170, 172, 24, 115, 55, 0, 50, 153, 246,
       125, 42, 104, 111, 249, 46, 251, 239, 37, 57, 96, 250, 198, 42,
       229, 32, 204, 77, 204, 63, 76, 136, 82, 179, 228, 8, 83, 48, 221,
       123, 89, 196, 114, 248, 157, 114, 255, 0, 31, 171, 197, 60, 201,
       249, 90, 36, 88, 89, 23, 101, 50, 78, 19, 16, 53, 232, 234, 100,
       246, 87, 129, 116, 148, 116, 124, 106, 9, 209, 177, 44, 225, 226,
       36, 146, 42, 147, 4, 59, 165, 156, 97, 69, 214, 47, 235, 51, 80,
       233, 127, 118, 80, 60, 148, 36, 124, 206, 18, 173, 177, 184, 117,
       46, 46, 46, 165, 192, 239, 235, 210, 245, 32, 165, 146, 139, 213,
       227, 162, 75, 14, 33, 249, 2, 32, 200, 44, 4, 249, 10, 2, 145, 18,
       186, 16, 223, 60, 20, 139, 102, 213, 74, 113, 132, 66, 184, 182,
       158, 219, 233, 176, 203, 174, 20, 128, 41, 236, 254, 111, 75, 167,
       123, 235, 17, 54, 75, 154, 245, 29, 48, 79, 123, 144, 36, 15, 199,
       66, 24, 151, 151, 171, 108, 180, 7, 190, 251, 2, 49, 204, 190, 68,
       207, 167, 119, 235, 17, 55, 201, 147, 226, 141, 54, 94, 67, 128,
       100, 133, 95, 103, 114, 34, 138, 109, 21, 158, 200, 207, 76, 145,
       175, 206, 200, 63, 128, 220, 225, 223, 103, 204, 39, 222, 216,
       176, 48, 143, 187, 93, 63, 59, 215, 212, 197, 95, 237, 150, 2, 79,
       161, 36, 0, 203, 2, 83, 99, 40, 113, 112, 196, 56, 234, 121, 145,
       61, 13, 241, 170, 194, 16, 33, 178, 224, 32, 125, 100, 157, 231,
       40, 79, 71, 184, 114, 234, 171, 8, 215, 115, 73, 115, 145, 244,
       108, 122, 41, 82, 201, 40, 253, 239, 37, 52, 160, 115, 2, 35, 63,
       148, 228, 117, 149, 95, 86, 191, 83, 251, 53, 27, 91, 125, 30, 55,
       153, 198, 21, 45, 253, 248, 121, 143, 111, 223, 213, 119, 239,
       236, 210, 118, 44, 113, 25, 231, 52, 79, 115, 184, 61, 168, 231,
       8, 215, 55, 9, 16, 152, 212, 117, 106, 9, 240, 89, 14, 239, 223,
       37, 52, 64, 187, 70, 50, 19, 151, 102, 141, 182, 18, 190, 191, 12,
       65, 90, 231, 205, 46, 182, 64, 119, 71, 63, 229, 213, 152, 45,
       236, 172, 38, 239, 132, 28, 254, 177, 93, 209, 50, 159, 48, 40,
       173, 81, 82, 171, 91, 176, 93, 183, 147, 64, 27, 165, 163, 76, 16,
       47, 111, 130, 0, 153, 217, 112, 250, 200, 64, 2, 11, 9, 150, 111,
       119, 116, 186, 233, 54, 125, 79, 126, 244, 187, 45, 148, 100, 79,
       38, 22, 12, 179, 188, 101, 175, 78, 255, 50, 192, 206, 136, 80,
       249, 221, 84, 181, 253, 13, 63, 205, 154, 220, 178, 162, 88, 251,
       116, 21, 239, 197, 84, 120, 46, 169, 101, 123, 138, 129, 250, 83,
       20, 90, 249, 65, 56, 26, 157, 59, 250, 211, 244, 49, 103, 175, 81,
       108, 50, 60, 191, 38, 112, 231, 27, 147, 144, 23, 11, 50, 247,
       155, 245, 26, 75, 155, 64, 165, 251, 40, 189, 18, 117, 113, 156,
       120, 55, 45, 45, 126, 25, 191, 27, 2, 144, 134, 62, 205, 8, 20,
       184, 80, 206, 199, 253, 48, 3, 66, 132, 206, 139, 55, 197, 236, 7,
       156, 54, 207, 188, 66, 244, 157, 142, 83, 104, 159, 35, 93, 198,
       112, 255, 253, 99, 125, 172, 58, 79, 237, 245, 253, 255, 250, 212,
       17, 142, 207, 113, 212, 170, 106, 182, 116, 3, 226, 214, 115, 1,
       176, 81, 121, 142, 34, 188, 169, 252, 5, 63, 60, 175, 150, 64,
       237, 200, 240, 40, 87, 95, 67, 174, 246, 146, 238, 240, 161, 202,
       218, 231, 121, 234, 177, 229, 126, 231, 29, 239, 237, 155, 132,
       238, 176, 108, 174, 128, 45, 247, 184, 93, 26, 87, 222, 229, 82,
       2, 127, 116, 53, 224, 214, 231, 93, 39, 131, 84, 118, 253, 55,
       164, 232, 210, 5, 206, 254, 167, 255, 132, 47, 178, 37, 241, 39,
       172, 237, 95, 205, 253, 239, 191, 219, 243, 36, 30, 240, 124, 95,
       175, 217, 106, 51, 31, 183, 124, 126, 179, 47, 30, 213, 112, 223,
       253, 208, 252, 20, 214, 218, 197, 242, 2, 127, 248, 49, 166, 126,
