%YAML:1.0
---
descriptors: !!opencv-matrix
   rows: 272
   cols: 32
   dt: u
   data: [ 147, 221, 98, 134, 84, 150, 238, 244, 181, 192, 202, 199, 121,
       238, 183, 100, 124, 237, 19, 239, 237, 159, 28, 239, 50, 44, 142,
       128, 45, 182, 56, 220, 194, 30, 151, 208, 171, 224, 49, 7, 190,
       159, 14, 177, 236, 167, 65, 223, 167, 55, 233, 144, 34, 77, 163,
       66, 159, 182, 94, 203, 128, 64, 165, 123, 84, 28, 26, 165, 178, 6,
       127, 176, 52, 42, 210, 226, 215, 55, 41, 65, 118, 149, 29, 235,
       120, 144, 65, 14, 240, 167, 238, 132, 164, 240, 33, 41, 9, 222,
       245, 95, 178, 155, 167, 191, 94, 173, 82, 246, 237, 96, 140, 228,
       55, 126, 38, 8, 179, 248, 109, 127, 44, 38, 119, 192, 182, 168,
       133, 173, 172, 161, 238, 120, 221, 231, 249, 203, 62, 161, 238,
       17, 88, 255, 62, 112, 249, 174, 115, 156, 50, 251, 146, 223, 123,
       191, 135, 101, 195, 32, 234, 130, 60, 141, 243, 244, 215, 210,
       214, 231, 217, 130, 250, 2, 111, 252, 37, 224, 249, 247, 162, 161,
       120, 251, 56, 175, 187, 239, 135, 7, 225, 122, 229, 106, 252, 252,
       152, 122, 187, 221, 86, 204, 179, 19, 165, 56, 63, 219, 72, 155,
       139, 251, 205, 82, 127, 111, 218, 49, 251, 217, 21, 127, 250, 17,
       174, 147, 13, 251, 107, 139, 102, 217, 191, 208, 190, 76, 93, 231,
       189, 214, 171, 224, 126, 57, 150, 199, 199, 144, 46, 245, 118,
       101, 170, 137, 62, 159, 45, 245, 10, 221, 48, 62, 91, 217, 62,
       166, 175, 93, 108, 161, 172, 222, 39, 208, 167, 59, 195, 193, 70,
       8, 58, 245, 167, 117, 26, 43, 82, 22, 15, 223, 26, 223, 86, 156,
       82, 146, 190, 246, 181, 4, 94, 231, 45, 174, 166, 197, 102, 243,
       143, 197, 228, 153, 4, 253, 50, 96, 42, 131, 55, 148, 45, 221, 66,
       185, 156, 180, 41, 221, 16, 7, 235, 249, 160, 8, 174, 146, 66,
       222, 128, 181, 236, 1, 95, 11, 210, 80, 147, 209, 82, 59, 200, 0,
       143, 95, 77, 122, 206, 181, 42, 58, 59, 82, 188, 238, 94, 229,
       221, 231, 131, 206, 54, 109, 255, 143, 133, 212, 135, 106, 196,
       103, 235, 128, 174, 245, 41, 209, 192, 20, 150, 158, 221, 237,
       182, 207, 223, 31, 200, 21, 236, 250, 103, 75, 241, 123, 234, 2,
       54, 69, 154, 251, 53, 54, 31, 59, 152, 121, 141, 150, 1, 157, 27,
       255, 149, 204, 231, 231, 92, 73, 106, 2, 246, 248, 48, 96, 216,
       106, 18, 9, 83, 184, 83, 191, 229, 191, 22, 0, 88, 74, 249, 138,
       38, 90, 95, 156, 126, 151, 178, 96, 141, 200, 240, 239, 76, 204,
       39, 193, 222, 121, 130, 103, 69, 167, 18, 200, 18, 16, 15, 186,
       29, 63, 45, 215, 181, 123, 77, 232, 60, 3, 67, 120, 86, 232, 176,
       238, 19, 21, 161, 33, 92, 184, 30, 124, 233, 175, 101, 28, 248,
       137, 165, 252, 61, 168, 80, 185, 60, 77, 202, 111, 248, 43, 103,
       250, 52, 166, 239, 13, 83, 33, 35, 17, 121, 206, 70, 110, 120,
       179, 9, 46, 241, 239, 37, 20, 227, 251, 230, 226, 18, 196, 75,
       144, 20, 166, 234, 198, 148, 131, 202, 210, 81, 138, 56, 64, 121,
       172, 19, 177, 40, 151, 20, 206, 57, 6, 155, 69, 165, 154, 116,
       168, 188, 249, 80, 96, 51, 159, 82, 216, 47, 40, 52, 40, 15, 159,
       205, 148, 190, 217, 197, 122, 74, 48, 56, 255, 243, 221, 33, 167,
       115, 147, 78, 51, 92, 221, 173, 182, 170, 124, 23, 148, 146, 255,
       151, 191, 222, 190, 75, 75, 167, 215, 253, 83, 189, 75, 251, 34,
       251, 231, 127, 255, 164, 127, 141, 91, 35, 163, 230, 23, 252, 187,
       232, 205, 127, 229, 121, 223, 98, 232, 158, 136, 63, 238, 66, 61,
       182, 250, 79, 127, 46, 30, 21, 230, 205, 135, 250, 196, 157, 237,
       29, 183, 173, 90, 94, 168, 185, 210, 162, 2, 207, 127, 75, 251,
       251, 245, 253, 227, 109, 197, 187, 174, 169, 211, 207, 23, 38,
       117, 57, 66, 120, 161, 17, 224, 185, 93, 81, 29, 3, 160, 140, 8,
       151, 151, 64, 180, 144, 156, 253, 56, 91, 75, 241, 152, 251, 213,
       141, 127, 34, 130, 134, 42, 216, 206, 110, 175, 44, 74, 239, 172,
       164, 70, 150, 163, 247, 77, 27, 75, 122, 197, 237, 103, 236, 165,
       109, 61, 242, 227, 239, 149, 101, 187, 93, 90, 3, 159, 19, 155,
       180, 151, 171, 255, 31, 77, 89, 230, 236, 226, 188, 196, 255, 43,
       6, 29, 147, 184, 57, 247, 44, 30, 191, 194, 158, 142, 161, 189,
       135, 233, 164, 151, 141, 146, 184, 168, 222, 241, 82, 7, 236, 248,
       91, 75, 243, 101, 251, 215, 198, 240, 223, 249, 140, 50, 207, 71,
       140, 47, 25, 6, 162, 173, 20, 153, 213, 137, 180, 231, 158, 49,
       112, 27, 164, 152, 96, 5, 233, 59, 3, 17, 118, 252, 72, 181, 45,
       18, 31, 103, 85, 8, 145, 142, 189, 183, 89, 109, 186, 15, 94, 251,
       17, 234, 184, 239, 95, 109, 139, 146, 63, 199, 206, 46, 237, 33,
       93, 30, 250, 207, 37, 188, 123, 250, 10, 25, 244, 189, 184, 246,
       218, 70, 95, 249, 18, 166, 165, 9, 119, 247, 67, 19, 21, 255, 121,
       242, 120, 67, 251, 42, 251, 163, 69, 61, 33, 243, 166, 82, 128,
       142, 62, 241, 52, 175, 121, 55, 252, 21, 98, 17, 183, 43, 0, 73,
       135, 55, 106, 8, 50, 252, 83, 63, 207, 247, 80, 65, 192, 136, 197,
       40, 140, 251, 45, 185, 213, 143, 169, 220, 94, 116, 64, 23, 157,
       140, 48, 1, 236, 9, 3, 119, 227, 188, 89, 221, 109, 129, 139, 100,
       93, 153, 85, 216, 20, 132, 185, 111, 149, 110, 67, 138, 126, 35,
       111, 16, 211, 115, 12, 60, 49, 222, 32, 24, 27, 180, 249, 50, 201,
       255, 21, 68, 227, 99, 199, 34, 109, 100, 185, 111, 56, 47, 79,
       152, 18, 170, 41, 72, 247, 117, 89, 51, 157, 92, 125, 110, 43,
       100, 249, 31, 237, 223, 37, 60, 80, 251, 66, 32, 40, 125, 123,
       101, 116, 206, 117, 54, 120, 172, 126, 8, 179, 29, 1, 48, 140, 60,
       87, 72, 192, 184, 112, 14, 103, 253, 52, 0, 64, 184, 70, 235, 70,
       0, 250, 210, 77, 164, 120, 64, 239, 182, 195, 19, 64, 202, 126,
       90, 248, 173, 43, 150, 6, 87, 170, 192, 23, 56, 203, 79, 128, 43,
       124, 70, 52, 67, 58, 110, 20, 70, 71, 120, 68, 140, 255, 34, 83,
       209, 169, 112, 120, 244, 12, 234, 72, 179, 41, 12, 243, 237, 161,
       4, 97, 187, 100, 35, 164, 63, 251, 108, 216, 107, 71, 250, 22,
       238, 124, 28, 83, 245, 161, 49, 89, 254, 70, 106, 121, 242, 120,
       62, 127, 143, 37, 60, 241, 251, 198, 242, 167, 167, 238, 27, 220,
       187, 234, 200, 127, 245, 249, 157, 195, 200, 223, 128, 251, 207,
       98, 221, 191, 246, 239, 119, 60, 26, 7, 101, 205, 207, 251, 212,
       98, 249, 182, 252, 237, 221, 148, 239, 143, 61, 184, 9, 238, 252,
       124, 142, 201, 251, 255, 65, 90, 107, 210, 241, 185, 214, 223,
       127, 210, 30, 175, 30, 208, 60, 158, 250, 139, 237, 84, 198, 187,
       27, 160, 28, 126, 243, 96, 90, 173, 243, 204, 16, 58, 75, 26, 243,
       153, 223, 86, 122, 216, 112, 163, 3, 54, 185, 151, 142, 221, 198,
       154, 232, 175, 189, 160, 5, 204, 250, 108, 214, 232, 229, 255, 81,
       94, 75, 154, 253, 153, 178, 207, 127, 146, 39, 39, 134, 129, 190,
       158, 219, 254, 187, 160, 215, 126, 19, 254, 118, 180, 226, 194,
       100, 111, 170, 106, 152, 183, 248, 95, 115, 60, 14, 54, 64, 136,
       200, 169, 141, 129, 143, 6, 155, 252, 187, 161, 231, 94, 125, 218,
       215, 224, 224, 182, 197, 105, 46, 106, 28, 182, 249, 111, 247,
       188, 50, 243, 80, 154, 76, 241, 204, 10, 185, 147, 218, 219, 241,
       22, 231, 143, 17, 204, 34, 46, 247, 100, 228, 233, 186, 138, 128,
       27, 11, 18, 241, 191, 212, 22, 123, 154, 92, 172, 62, 39, 184,
       168, 189, 92, 27, 184, 232, 86, 224, 208, 207, 224, 232, 31, 0,
       248, 173, 91, 117, 140, 242, 213, 220, 28, 14, 143, 175, 221, 44,
       88, 214, 163, 72, 27, 158, 110, 197, 154, 96, 156, 202, 241, 207,
       116, 204, 37, 1, 206, 249, 23, 71, 101, 39, 90, 237, 20, 48, 75,
       186, 29, 59, 41, 223, 40, 200, 22, 191, 53, 172, 120, 150, 189, 5,
       98, 21, 175, 203, 34, 208, 206, 227, 239, 5, 62, 169, 18, 239,
       143, 255, 18, 67, 194, 133, 207, 202, 92, 241, 190, 242, 171, 212,
       21, 188, 171, 29, 133, 45, 238, 251, 74, 91, 167, 83, 253, 82, 6,
       67, 186, 225, 219, 211, 127, 123, 130, 23, 175, 67, 252, 70, 236,
