%YAML:1.0
---
descriptors: !!opencv-matrix
   rows: 165
   cols: 32
   dt: u
   data: [ 124, 121, 217, 230, 184, 79, 95, 184, 35, 232, 190, 108, 211,
       119, 65, 50, 95, 212, 125, 250, 73, 67, 249, 58, 251, 205, 165,
       188, 168, 179, 70, 115, 233, 61, 121, 101, 244, 79, 103, 63, 113,
       238, 126, 8, 211, 53, 145, 48, 24, 222, 84, 42, 233, 184, 249, 14,
       239, 239, 37, 4, 99, 250, 70, 248, 35, 143, 34, 141, 116, 150,
       238, 117, 125, 72, 94, 69, 249, 104, 182, 228, 220, 42, 23, 239,
       197, 184, 21, 255, 38, 60, 170, 128, 78, 166, 122, 141, 118, 220,
       212, 183, 213, 78, 86, 229, 89, 63, 243, 3, 106, 58, 15, 221, 249,
       199, 166, 211, 124, 254, 89, 238, 189, 254, 215, 71, 229, 127,
       252, 78, 45, 125, 81, 71, 245, 95, 230, 236, 127, 232, 104, 72,
       114, 240, 133, 180, 152, 124, 82, 106, 193, 184, 120, 62, 39, 156,
       5, 50, 91, 122, 194, 173, 84, 42, 251, 112, 234, 232, 51, 194,
       174, 159, 238, 41, 30, 183, 97, 88, 39, 61, 237, 16, 18, 137, 162,
       114, 217, 164, 49, 75, 160, 193, 39, 99, 166, 88, 146, 220, 205,
       198, 180, 64, 220, 134, 208, 18, 140, 217, 33, 200, 216, 124, 163,
       83, 64, 231, 210, 194, 145, 52, 206, 11, 149, 120, 53, 130, 88,
       155, 154, 37, 178, 138, 35, 55, 36, 45, 206, 228, 231, 163, 128,
       80, 38, 38, 108, 76, 24, 153, 129, 13, 248, 229, 38, 192, 40, 130,
       137, 25, 214, 252, 148, 151, 131, 184, 46, 175, 190, 179, 154,
       179, 236, 246, 73, 219, 187, 247, 238, 146, 58, 92, 139, 243, 188,
       54, 95, 67, 128, 117, 169, 15, 21, 79, 78, 175, 54, 10, 238, 184,
       100, 224, 251, 230, 243, 104, 187, 97, 126, 228, 30, 239, 237,
       176, 77, 44, 244, 169, 167, 132, 109, 187, 120, 17, 198, 204, 134,
       147, 229, 50, 190, 199, 62, 27, 218, 18, 236, 102, 104, 203, 253,
       223, 170, 147, 118, 222, 75, 227, 188, 54, 223, 70, 132, 125, 177,
       156, 133, 137, 91, 177, 196, 140, 237, 115, 252, 80, 176, 86, 157,
       139, 240, 43, 106, 163, 94, 223, 179, 108, 244, 226, 204, 153,
       122, 232, 93, 137, 227, 160, 229, 18, 252, 69, 172, 46, 205, 29,
       66, 255, 183, 94, 211, 53, 223, 111, 93, 84, 124, 60, 153, 116,
       253, 0, 79, 187, 231, 212, 197, 250, 208, 113, 194, 239, 51, 154,
       235, 225, 188, 199, 173, 22, 216, 179, 172, 158, 101, 198, 231,
       187, 219, 145, 118, 15, 2, 243, 177, 20, 30, 235, 150, 84, 165,
       207, 181, 101, 233, 106, 236, 71, 199, 216, 67, 250, 181, 10, 83,
       85, 221, 59, 89, 204, 84, 122, 201, 103, 239, 56, 123, 201, 229,
       60, 117, 251, 118, 224, 8, 164, 157, 187, 218, 233, 33, 143, 62,
       49, 65, 176, 157, 50, 72, 72, 51, 27, 106, 144, 51, 88, 207, 87,
       140, 134, 95, 108, 152, 64, 129, 160, 2, 162, 157, 155, 248, 233,
       185, 143, 30, 49, 33, 249, 156, 227, 72, 10, 207, 27, 106, 16, 50,
       72, 203, 213, 12, 146, 95, 124, 148, 72, 135, 128, 8, 141, 140,
       191, 153, 229, 93, 175, 22, 13, 204, 17, 180, 183, 34, 80, 193,
       43, 59, 132, 58, 136, 83, 63, 239, 247, 154, 73, 24, 64, 172, 90,
       214, 176, 144, 170, 27, 245, 178, 200, 175, 21, 129, 51, 204, 222,
       110, 198, 231, 17, 251, 209, 22, 7, 155, 243, 153, 212, 10, 127,
       146, 7, 45, 87, 200, 172, 190, 121, 169, 236, 53, 71, 254, 31,
       172, 16, 190, 187, 64, 27, 161, 51, 234, 16, 50, 109, 178, 115,
       207, 255, 86, 123, 194, 64, 135, 171, 48, 173, 30, 186, 217, 197,
       86, 239, 163, 21, 168, 9, 38, 243, 96, 146, 233, 218, 192, 208,
       26, 75, 138, 53, 251, 209, 21, 127, 224, 0, 230, 138, 141, 118,
       94, 119, 98, 46, 118, 240, 61, 186, 119, 117, 95, 123, 9, 25, 183,
       125, 71, 110, 225, 244, 24, 46, 231, 251, 101, 132, 106, 243, 66,
       147, 232, 180, 157, 250, 233, 109, 85, 159, 171, 63, 36, 56, 182,
       183, 72, 27, 129, 86, 237, 16, 58, 78, 251, 51, 223, 211, 84, 127,
       210, 88, 134, 43, 86, 244, 255, 214, 210, 98, 63, 216, 51, 183,
       213, 186, 93, 247, 237, 95, 55, 253, 53, 250, 163, 215, 175, 234,
       123, 174, 229, 164, 167, 243, 167, 241, 41, 140, 150, 87, 197, 62,
       100, 167, 127, 159, 106, 16, 226, 96, 20, 222, 185, 110, 98, 28,
       60, 248, 115, 106, 47, 190, 84, 0, 194, 113, 202, 140, 231, 219,
       19, 172, 104, 6, 7, 248, 185, 78, 242, 237, 70, 236, 164, 213,
       220, 237, 166, 102, 237, 183, 138, 207, 48, 50, 225, 158, 88, 191,
       98, 213, 46, 182, 176, 131, 253, 123, 240, 73, 31, 253, 185, 123,
       206, 92, 206, 156, 249, 157, 223, 51, 54, 115, 201, 210, 158, 94,
       171, 247, 211, 79, 223, 199, 68, 145, 156, 255, 169, 174, 52, 159,
       175, 185, 15, 64, 220, 115, 72, 238, 133, 119, 126, 24, 19, 201,
       91, 192, 141, 247, 95, 66, 138, 66, 137, 35, 109, 115, 249, 5,
       104, 95, 107, 16, 235, 252, 55, 236, 222, 84, 211, 182, 22, 100,
       252, 127, 197, 112, 236, 72, 76, 25, 101, 180, 78, 167, 67, 117,
       44, 113, 57, 101, 48, 78, 115, 48, 105, 168, 127, 72, 215, 19, 1,
       48, 148, 84, 68, 106, 193, 176, 113, 12, 231, 253, 33, 4, 64, 162,
       66, 35, 8, 133, 24, 185, 191, 249, 48, 207, 30, 53, 76, 51, 174,
       188, 106, 192, 195, 27, 171, 17, 54, 120, 67, 183, 207, 215, 30,
       123, 144, 76, 157, 203, 192, 233, 190, 255, 237, 204, 116, 167,
       255, 191, 166, 24, 190, 249, 64, 91, 129, 119, 107, 82, 114, 109,
       219, 177, 207, 251, 87, 123, 208, 88, 199, 42, 23, 160, 168, 186,
       143, 181, 152, 75, 222, 119, 145, 159, 199, 232, 126, 10, 233,
       139, 235, 149, 158, 111, 222, 19, 216, 71, 219, 125, 221, 76, 187,
       214, 197, 104, 191, 255, 109, 253, 117, 220, 239, 154, 164, 24,
       254, 255, 73, 123, 193, 120, 123, 26, 34, 103, 250, 241, 207, 219,
       215, 59, 208, 113, 67, 170, 245, 6, 253, 69, 44, 111, 207, 24, 70,
       238, 183, 44, 211, 101, 221, 47, 90, 196, 124, 110, 137, 244, 237,
       8, 197, 155, 97, 180, 231, 251, 84, 113, 220, 116, 48, 186, 155,
       245, 18, 200, 159, 94, 165, 27, 142, 222, 107, 217, 247, 153, 221,
       243, 46, 71, 218, 210, 155, 209, 11, 127, 178, 21, 47, 83, 15,
       123, 209, 191, 114, 137, 190, 208, 30, 206, 113, 231, 237, 204,
       211, 132, 54, 105, 135, 87, 231, 180, 78, 235, 164, 70, 47, 170,
       127, 255, 9, 217, 180, 77, 95, 226, 22, 98, 67, 192, 49, 176, 250,
       130, 83, 27, 45, 91, 106, 212, 78, 250, 40, 243, 77, 236, 241,
       232, 226, 4, 229, 251, 102, 42, 40, 189, 83, 76, 211, 218, 39,
       247, 59, 9, 104, 104, 60, 183, 132, 180, 54, 255, 194, 200, 81,
       154, 160, 127, 63, 188, 4, 74, 98, 128, 166, 169, 208, 10, 222,
       181, 42, 170, 121, 23, 190, 23, 134, 181, 223, 7, 2, 91, 231, 181,
       109, 20, 34, 205, 195, 64, 210, 227, 122, 145, 164, 128, 37, 75,
       205, 38, 151, 229, 164, 42, 106, 26, 57, 162, 99, 112, 223, 35,
       129, 219, 55, 70, 108, 62, 48, 212, 193, 10, 140, 255, 97, 4, 138,
       225, 11, 1, 52, 173, 30, 170, 149, 131, 66, 238, 198, 9, 232, 3,
       98, 217, 40, 80, 249, 218, 8, 112, 26, 171, 8, 61, 249, 133, 135,
       85, 241, 74, 254, 138, 148, 118, 237, 167, 42, 75, 111, 216, 62,
       238, 243, 231, 215, 71, 201, 42, 63, 220, 237, 230, 233, 212, 237,
       42, 244, 199, 103, 180, 100, 251, 71, 241, 124, 166, 152, 112,
       186, 105, 81, 27, 179, 183, 165, 57, 159, 183, 74, 26, 135, 159,
       237, 16, 26, 75, 202, 2, 219, 197, 53, 125, 224, 192, 142, 3, 13,
       92, 255, 117, 32, 174, 127, 178, 181, 202, 118, 64, 223, 255, 35,
       91, 167, 117, 127, 110, 161, 245, 51, 46, 195, 255, 101, 0, 226,
       241, 107, 131, 45, 176, 148, 249, 221, 221, 112, 139, 95, 113, 37,
       24, 158, 25, 72, 172, 137, 10, 250, 16, 23, 120, 219, 149, 143,
       219, 21, 127, 218, 12, 203, 134, 39, 103, 87, 237, 124, 11, 238,
       120, 125, 160, 251, 194, 215, 24, 157, 160, 254, 221, 126, 111,
       201, 176, 89, 204, 36, 188, 35, 132, 77, 187, 112, 161, 30, 207,
       75, 239, 182, 66, 239, 240, 52, 192, 94, 226, 121, 103, 177, 96,
       126, 239, 23, 238, 73, 144, 45, 239, 244, 173, 175, 128, 37, 242,
