%YAML:1.0
---
descriptors: !!opencv-matrix
   rows: 215
   cols: 32
   dt: u
   data: [ 97, 231, 217, 69, 160, 26, 110, 191, 112, 170, 122, 232, 211,
       35, 149, 50, 31, 198, 100, 110, 249, 248, 229, 10, 44, 190, 229,
       148, 108, 242, 194, 169, 221, 70, 142, 165, 162, 38, 47, 184, 176,
       242, 135, 213, 221, 99, 219, 91, 55, 69, 125, 239, 169, 213, 141,
       2, 204, 227, 239, 132, 172, 247, 43, 81, 9, 58, 207, 61, 116, 175,
       224, 19, 124, 233, 114, 116, 247, 97, 146, 48, 30, 44, 118, 13,
       161, 248, 85, 15, 68, 63, 51, 128, 76, 168, 83, 201, 67, 32, 123,
       202, 122, 116, 186, 72, 109, 97, 251, 194, 156, 158, 173, 120,
       126, 157, 94, 157, 133, 151, 245, 210, 149, 60, 154, 190, 157,
       131, 35, 173, 135, 122, 229, 187, 228, 172, 105, 150, 126, 83, 83,
       212, 149, 150, 217, 109, 111, 42, 55, 159, 167, 212, 247, 224,
       132, 58, 250, 192, 172, 209, 243, 237, 11, 10, 197, 179, 162, 170,
       104, 19, 62, 123, 115, 247, 157, 6, 144, 201, 39, 175, 63, 156,
       151, 220, 69, 240, 132, 234, 122, 192, 236, 205, 169, 209, 69, 78,
       26, 139, 202, 41, 175, 229, 172, 6, 235, 212, 140, 34, 43, 217,
       35, 3, 74, 174, 113, 9, 4, 98, 180, 4, 30, 40, 152, 83, 171, 128,
       169, 156, 167, 221, 244, 55, 236, 255, 87, 251, 90, 86, 113, 56,
       180, 237, 221, 206, 54, 13, 189, 252, 125, 191, 13, 122, 247, 192,
       223, 220, 240, 237, 153, 216, 157, 243, 133, 110, 85, 150, 124,
       123, 102, 24, 150, 49, 65, 123, 129, 70, 124, 24, 57, 252, 121,
       34, 235, 239, 84, 68, 200, 81, 227, 42, 0, 200, 28, 187, 28, 205,
       177, 175, 142, 53, 130, 1, 181, 222, 98, 66, 193, 51, 123, 17, 86,
       9, 91, 53, 205, 135, 62, 121, 16, 8, 149, 74, 142, 4, 165, 183,
       173, 102, 185, 138, 159, 215, 78, 19, 204, 63, 107, 78, 199, 83,
       187, 145, 55, 220, 123, 226, 205, 87, 222, 71, 158, 109, 61, 82,
       221, 252, 181, 243, 141, 108, 71, 158, 127, 251, 139, 28, 222,
       117, 73, 126, 133, 86, 125, 94, 187, 100, 251, 35, 237, 255, 85,
       22, 138, 113, 147, 115, 88, 50, 63, 224, 42, 76, 49, 80, 173, 88,
       179, 108, 188, 151, 192, 123, 166, 21, 255, 80, 129, 71, 163, 192,
       208, 241, 42, 154, 8, 0, 39, 115, 198, 188, 188, 146, 169, 253,
       149, 231, 187, 191, 133, 25, 172, 246, 70, 47, 197, 123, 255, 19,
       50, 79, 250, 243, 157, 18, 223, 251, 144, 92, 151, 255, 129, 178,
       39, 153, 108, 175, 233, 87, 254, 121, 242, 118, 177, 168, 212,
       104, 77, 142, 126, 157, 147, 252, 231, 215, 28, 62, 178, 192, 221,
       136, 113, 253, 4, 184, 49, 211, 109, 237, 224, 200, 94, 57, 113,
       72, 188, 217, 125, 173, 153, 26, 2, 89, 147, 240, 90, 241, 13, 24,
       19, 110, 218, 11, 81, 179, 183, 124, 187, 134, 75, 111, 131, 200,
       27, 230, 165, 158, 86, 212, 79, 58, 249, 245, 218, 103, 41, 103,
       248, 106, 145, 20, 79, 62, 201, 123, 39, 244, 201, 88, 191, 93,
       45, 126, 117, 55, 237, 90, 54, 48, 254, 54, 135, 127, 135, 52,
       124, 8, 225, 205, 179, 206, 199, 251, 114, 146, 2, 240, 68, 109,
       114, 117, 120, 204, 109, 93, 94, 125, 1, 170, 189, 44, 74, 95,
       143, 48, 222, 145, 223, 226, 204, 35, 251, 223, 243, 221, 133,
       191, 83, 186, 78, 23, 252, 69, 126, 108, 133, 70, 86, 120, 197,
       130, 190, 10, 115, 121, 57, 83, 120, 244, 125, 106, 104, 227, 25,
       12, 243, 235, 229, 17, 103, 251, 240, 2, 77, 235, 156, 119, 232,
       156, 126, 176, 255, 155, 55, 80, 239, 227, 203, 250, 167, 103,
       110, 90, 183, 237, 139, 99, 175, 255, 117, 66, 202, 243, 203, 9,
       51, 134, 16, 159, 53, 150, 194, 59, 87, 9, 219, 70, 234, 104, 188,
       228, 221, 142, 46, 13, 158, 184, 77, 183, 164, 254, 154, 82, 158,
       14, 216, 13, 93, 51, 58, 126, 96, 220, 119, 121, 249, 76, 117, 45,
       255, 215, 162, 112, 182, 186, 204, 78, 223, 35, 58, 25, 211, 249,
       96, 139, 74, 162, 111, 115, 246, 221, 151, 158, 175, 240, 150,
       231, 191, 87, 169, 21, 238, 242, 110, 223, 235, 215, 255, 67, 127,
       75, 154, 245, 185, 178, 95, 127, 154, 126, 175, 214, 82, 158, 150,
       253, 171, 160, 16, 135, 239, 31, 138, 48, 174, 187, 32, 86, 227,
       55, 237, 129, 58, 73, 131, 243, 153, 246, 26, 91, 176, 64, 173,
       15, 218, 195, 78, 174, 18, 130, 126, 117, 61, 0, 211, 231, 109,
       239, 162, 208, 118, 167, 253, 197, 92, 153, 5, 239, 242, 231, 170,
       129, 47, 134, 169, 27, 181, 229, 238, 250, 140, 1, 206, 220, 210,
       82, 145, 75, 83, 216, 253, 171, 89, 194, 117, 255, 255, 103, 158,
       177, 123, 75, 237, 124, 253, 255, 248, 132, 206, 254, 150, 147,
       169, 253, 180, 135, 191, 187, 153, 121, 236, 255, 108, 207, 135,
       115, 251, 19, 50, 77, 154, 243, 175, 22, 95, 251, 146, 93, 143,
       159, 49, 221, 105, 236, 92, 7, 79, 253, 86, 32, 232, 78, 115, 97,
       56, 112, 92, 206, 18, 238, 233, 187, 89, 63, 241, 174, 165, 20,
       89, 186, 240, 184, 92, 188, 151, 248, 171, 237, 21, 239, 191, 211,
       168, 40, 62, 247, 96, 95, 235, 243, 236, 144, 27, 75, 154, 241,
       251, 215, 95, 123, 250, 113, 175, 19, 120, 189, 186, 124, 233,
       205, 85, 127, 163, 221, 172, 13, 63, 255, 66, 18, 133, 243, 253,
       0, 94, 75, 242, 49, 251, 237, 117, 57, 232, 80, 174, 91, 83, 31,
       103, 69, 114, 34, 239, 58, 116, 234, 94, 230, 113, 101, 148, 100,
       62, 230, 118, 174, 161, 152, 45, 111, 124, 46, 163, 128, 111, 226,
       112, 125, 33, 140, 167, 221, 172, 63, 236, 159, 95, 251, 210, 86,
       210, 232, 180, 237, 221, 78, 62, 29, 189, 254, 255, 183, 174, 126,
       247, 192, 222, 216, 248, 141, 182, 188, 182, 186, 189, 253, 151,
       239, 159, 191, 189, 27, 110, 254, 111, 31, 201, 251, 239, 19, 62,
       111, 186, 243, 185, 214, 223, 127, 210, 125, 167, 255, 246, 188,
       158, 154, 153, 245, 150, 239, 159, 251, 185, 24, 238, 254, 110,
       255, 201, 243, 255, 147, 62, 111, 250, 247, 185, 214, 223, 123,
       144, 120, 175, 94, 51, 139, 0, 139, 60, 187, 66, 136, 95, 37, 219,
       131, 194, 40, 190, 196, 217, 138, 46, 85, 30, 168, 77, 183, 136,
       246, 146, 87, 144, 143, 88, 68, 52, 173, 76, 239, 156, 139, 110,
       233, 110, 176, 234, 2, 215, 99, 57, 65, 123, 238, 42, 250, 90,
       240, 79, 61, 188, 166, 143, 68, 181, 251, 241, 128, 24, 185, 58,
       120, 153, 237, 81, 71, 175, 29, 236, 9, 62, 159, 32, 16, 162, 59,
       205, 16, 18, 43, 18, 85, 219, 209, 16, 75, 194, 0, 175, 171, 151,
       207, 135, 159, 216, 39, 174, 252, 54, 178, 219, 215, 192, 226,
       185, 197, 125, 79, 43, 238, 121, 214, 77, 127, 60, 38, 239, 196,
       157, 243, 176, 176, 185, 220, 233, 117, 52, 143, 107, 183, 118,
       225, 118, 150, 243, 45, 144, 96, 95, 174, 52, 156, 251, 188, 117,
       31, 238, 239, 181, 64, 239, 136, 208, 120, 77, 249, 181, 246, 9,
       205, 87, 252, 175, 249, 140, 8, 254, 247, 65, 122, 129, 127, 121,
       82, 83, 73, 186, 49, 233, 215, 71, 58, 138, 51, 7, 122, 43, 32,
       107, 73, 102, 91, 249, 80, 109, 248, 119, 138, 27, 141, 214, 60,
       126, 156, 23, 156, 129, 182, 229, 192, 87, 121, 160, 172, 103,
       140, 82, 245, 165, 116, 187, 101, 93, 95, 195, 120, 117, 194, 230,
       8, 242, 252, 29, 49, 216, 220, 122, 104, 237, 231, 243, 14, 191,
       255, 69, 28, 72, 40, 82, 244, 137, 178, 123, 217, 100, 137, 233,
       23, 126, 81, 86, 244, 177, 129, 240, 97, 127, 42, 22, 29, 227,
       252, 247, 81, 76, 137, 178, 224, 92, 136, 113, 249, 191, 214, 229,
       214, 205, 55, 214, 248, 83, 251, 185, 126, 74, 124, 253, 175, 125,
       214, 183, 242, 253, 102, 127, 226, 59, 94, 197, 255, 255, 255,
       252, 151, 133, 92, 29, 101, 36, 47, 103, 186, 124, 234, 50, 68,
       215, 17, 1, 121, 149, 68, 78, 110, 225, 244, 81, 14, 197, 186, 97,
       4, 72, 241, 67, 161, 32, 113, 57, 225, 64, 77, 97, 80, 32, 36,
       164, 8, 151, 23, 64, 24, 44, 144, 91, 88, 72, 10, 240, 16, 213,
       128, 32, 112, 96, 130, 6, 250, 13, 154, 205, 179, 242, 188, 105,
       151, 54, 115, 91, 214, 217, 102, 154, 232, 55, 175, 62, 156, 183,
