%YAML:1.0
---
descriptors: !!opencv-matrix
   rows: 223
   cols: 32
   dt: u
   data: [ 128, 140, 57, 251, 48, 237, 81, 150, 22, 11, 70, 16, 183, 55,
       160, 96, 85, 58, 29, 8, 42, 156, 99, 63, 203, 175, 48, 208, 144,
       200, 4, 43, 244, 65, 78, 78, 12, 14, 199, 232, 229, 34, 227, 10,
       66, 97, 61, 119, 120, 228, 106, 234, 104, 231, 29, 109, 49, 42,
       193, 20, 97, 59, 240, 4, 165, 67, 93, 101, 36, 14, 111, 188, 125,
       160, 114, 76, 215, 97, 153, 17, 150, 196, 108, 110, 233, 240, 81,
       12, 228, 186, 101, 4, 104, 186, 66, 33, 250, 56, 172, 180, 139,
       245, 145, 87, 155, 127, 150, 63, 40, 188, 70, 43, 237, 183, 253,
       145, 191, 111, 242, 194, 83, 87, 216, 251, 207, 76, 158, 127, 252,
       96, 158, 116, 73, 45, 84, 216, 179, 190, 164, 24, 95, 217, 67, 27,
       169, 245, 236, 114, 44, 103, 154, 160, 211, 219, 85, 63, 227, 121,
       78, 2, 88, 152, 191, 254, 171, 236, 17, 222, 174, 219, 130, 80,
       252, 247, 97, 122, 167, 115, 253, 16, 179, 73, 187, 241, 217, 243,
       127, 218, 136, 81, 165, 59, 120, 140, 60, 110, 184, 238, 95, 182,
       180, 12, 174, 0, 243, 119, 3, 112, 193, 246, 93, 40, 40, 139, 97,
       63, 235, 239, 32, 16, 114, 195, 100, 43, 9, 79, 93, 103, 52, 10,
       111, 180, 100, 0, 126, 68, 243, 67, 153, 113, 82, 196, 76, 110,
       233, 176, 101, 44, 230, 251, 36, 0, 109, 179, 66, 41, 69, 237,
       133, 19, 210, 168, 38, 164, 54, 147, 74, 210, 225, 98, 201, 192,
       113, 234, 42, 222, 114, 88, 207, 103, 172, 166, 183, 68, 169, 83,
       161, 0, 56, 241, 18, 234, 51, 221, 86, 125, 41, 12, 169, 13, 63,
       223, 42, 144, 186, 185, 213, 98, 78, 3, 24, 189, 243, 221, 0, 59,
       122, 23, 174, 155, 199, 172, 245, 150, 188, 160, 142, 175, 218,
       178, 24, 210, 253, 234, 212, 2, 151, 119, 125, 191, 178, 77, 143,
       250, 44, 30, 255, 252, 140, 243, 145, 33, 245, 193, 70, 204, 12,
       2, 71, 233, 229, 0, 179, 2, 67, 72, 60, 103, 120, 196, 110, 234,
       104, 167, 77, 205, 176, 170, 195, 20, 117, 187, 240, 36, 94, 96,
       241, 101, 99, 122, 120, 16, 57, 162, 183, 153, 207, 63, 85, 126,
       183, 213, 125, 175, 140, 212, 229, 194, 215, 255, 219, 135, 167,
       245, 67, 71, 248, 164, 249, 113, 148, 107, 65, 159, 118, 55, 103,
       16, 83, 51, 8, 120, 49, 158, 40, 56, 58, 252, 121, 23, 239, 175,
       53, 85, 224, 192, 196, 98, 45, 177, 16, 195, 253, 125, 241, 25,
       78, 121, 61, 28, 158, 89, 90, 172, 159, 11, 74, 57, 19, 112, 251,
       208, 77, 217, 53, 124, 222, 10, 153, 177, 229, 120, 149, 245, 45,
       79, 69, 152, 251, 250, 160, 88, 223, 18, 65, 63, 137, 213, 108,
       90, 41, 103, 249, 128, 141, 218, 85, 54, 202, 121, 66, 37, 166,
       156, 23, 254, 252, 163, 150, 239, 223, 130, 241, 120, 70, 249, 36,
       65, 223, 123, 127, 35, 112, 239, 10, 191, 184, 190, 85, 62, 208,
       248, 161, 131, 24, 204, 62, 238, 52, 207, 71, 182, 196, 10, 94, 2,
       247, 209, 57, 96, 208, 112, 95, 106, 72, 177, 57, 63, 227, 205,
       36, 17, 50, 251, 84, 42, 73, 63, 83, 188, 245, 248, 123, 150, 232,
       196, 94, 132, 173, 131, 179, 212, 226, 107, 142, 88, 3, 137, 182,
       239, 238, 245, 170, 137, 134, 133, 47, 121, 62, 99, 169, 236, 60,
       23, 91, 88, 7, 172, 253, 207, 235, 207, 183, 80, 220, 249, 223,
       255, 200, 3, 235, 156, 243, 253, 175, 189, 23, 191, 118, 113, 243,
       81, 95, 236, 44, 78, 95, 56, 161, 226, 246, 46, 95, 55, 33, 243,
       254, 213, 124, 226, 105, 199, 241, 204, 177, 251, 199, 22, 40,
       187, 96, 49, 131, 102, 167, 213, 116, 75, 173, 71, 94, 239, 82,
       114, 176, 152, 181, 47, 41, 47, 22, 153, 227, 253, 37, 202, 36,
       30, 254, 130, 69, 76, 241, 237, 117, 120, 149, 117, 45, 77, 65,
       152, 235, 250, 166, 8, 215, 150, 65, 63, 137, 196, 108, 90, 9,
       103, 251, 32, 153, 219, 117, 54, 194, 187, 70, 101, 193, 65, 85,
       101, 36, 14, 109, 61, 124, 162, 98, 68, 215, 19, 1, 115, 22, 100,
       108, 110, 233, 244, 209, 14, 228, 186, 101, 4, 72, 176, 66, 40,
       63, 38, 74, 5, 114, 23, 234, 248, 36, 232, 126, 231, 89, 99, 159,
       144, 126, 204, 23, 238, 133, 146, 13, 204, 102, 47, 171, 132, 111,
       167, 122, 209, 98, 123, 91, 204, 122, 192, 30, 230, 169, 76, 248,
       237, 44, 142, 165, 80, 230, 251, 231, 196, 199, 11, 162, 253, 50,
       52, 46, 155, 12, 144, 38, 93, 57, 251, 122, 76, 246, 157, 245,
       247, 245, 76, 116, 111, 42, 157, 182, 48, 190, 186, 151, 72, 198,
       186, 36, 143, 119, 253, 36, 203, 103, 156, 246, 207, 244, 98, 254,
       116, 109, 77, 85, 68, 227, 190, 180, 24, 66, 217, 69, 27, 137,
       244, 109, 122, 104, 103, 138, 0, 211, 217, 101, 61, 67, 249, 70,
       170, 197, 175, 133, 147, 150, 168, 102, 175, 182, 147, 74, 198,
       241, 226, 201, 64, 113, 234, 42, 222, 115, 92, 143, 127, 172, 38,
       231, 68, 169, 115, 161, 0, 120, 117, 25, 100, 56, 238, 83, 52, 32,
       173, 175, 8, 23, 19, 0, 80, 0, 180, 76, 104, 8, 11, 241, 29, 243,
       237, 32, 112, 96, 130, 70, 107, 93, 184, 159, 250, 139, 228, 17,
       223, 175, 217, 174, 72, 254, 247, 65, 254, 167, 247, 253, 16, 19,
       75, 155, 241, 219, 247, 95, 122, 170, 66, 171, 59, 25, 205, 110,
       229, 86, 18, 239, 119, 116, 64, 222, 130, 121, 45, 150, 96, 126,
       254, 23, 173, 232, 152, 53, 239, 119, 111, 174, 128, 39, 146, 248,
       232, 53, 132, 99, 67, 84, 95, 234, 248, 85, 72, 251, 66, 83, 120,
       189, 244, 121, 216, 22, 234, 201, 178, 125, 142, 63, 204, 165, 68,
       255, 171, 120, 164, 162, 178, 180, 88, 207, 233, 176, 79, 139, 55,
       161, 25, 14, 157, 78, 159, 137, 155, 227, 16, 18, 111, 218, 209,
       31, 16, 80, 127, 211, 76, 199, 138, 69, 49, 218, 225, 240, 46,
       120, 25, 58, 187, 103, 80, 213, 115, 73, 122, 183, 93, 125, 56,
       17, 208, 153, 64, 207, 173, 103, 100, 136, 227, 11, 163, 57, 249,
       26, 104, 95, 157, 82, 221, 235, 104, 236, 76, 62, 211, 104, 176,
       180, 153, 84, 72, 91, 59, 178, 21, 251, 221, 1, 126, 122, 10, 234,
       187, 13, 177, 24, 195, 237, 125, 241, 217, 79, 253, 61, 30, 222,
       25, 218, 174, 187, 2, 222, 57, 151, 112, 121, 208, 207, 221, 59,
       117, 222, 15, 217, 213, 213, 65, 71, 206, 14, 10, 79, 168, 125,
       178, 179, 2, 67, 106, 61, 127, 120, 196, 108, 234, 104, 231, 141,
       232, 176, 170, 199, 20, 101, 59, 112, 36, 188, 249, 90, 232, 113,
       79, 86, 248, 33, 12, 244, 9, 63, 95, 40, 16, 190, 153, 199, 98,
       110, 167, 16, 191, 243, 201, 33, 47, 115, 27, 238, 131, 137, 160,
       196, 187, 218, 153, 44, 143, 62, 115, 77, 210, 253, 2, 202, 228,
       115, 10, 34, 156, 83, 92, 239, 23, 44, 227, 62, 100, 190, 192,
       137, 172, 77, 163, 145, 32, 240, 184, 105, 31, 123, 121, 83, 252,
       143, 130, 200, 252, 151, 143, 4, 28, 159, 26, 228, 16, 188, 244,
       54, 236, 130, 132, 131, 101, 205, 106, 83, 101, 108, 28, 235, 80,
       232, 154, 117, 100, 219, 129, 145, 191, 14, 108, 70, 110, 193, 52,
       230, 8, 4, 249, 98, 168, 78, 179, 75, 161, 147, 219, 67, 142, 118,
       147, 174, 244, 221, 200, 210, 231, 105, 200, 181, 228, 126, 233,
       150, 239, 197, 185, 36, 255, 48, 40, 174, 128, 63, 190, 121, 157,
       218, 216, 118, 126, 27, 214, 93, 180, 161, 196, 198, 132, 111,
       159, 3, 247, 38, 244, 253, 202, 236, 205, 179, 191, 243, 251, 0,
       147, 34, 148, 44, 127, 1, 172, 145, 187, 204, 173, 232, 207, 78,
       51, 40, 88, 180, 35, 64, 136, 129, 11, 58, 28, 19, 56, 91, 113,
       141, 156, 27, 116, 152, 72, 129, 168, 54, 190, 167, 179, 232, 175,
       176, 218, 55, 251, 242, 255, 98, 252, 199, 25, 253, 255, 255, 21,
       174, 255, 203, 241, 158, 114, 117, 242, 193, 124, 86, 223, 139,
       222, 249, 242, 230, 160, 237, 150, 222, 91, 28, 246, 189, 239,
       241, 107, 103, 107, 23, 223, 179, 76, 46, 241, 236, 155, 254, 200,
       158, 217, 161, 249, 50, 40, 114, 237, 119, 153, 248, 64, 61, 128,
       240, 137, 175, 137, 21, 148, 186, 185, 215, 65, 8, 186, 192, 216,
       150, 252, 0, 59, 103, 140, 70, 142, 253, 75, 97, 69, 22, 26, 110,
