%YAML:1.0
---
descriptors: !!opencv-matrix
   rows: 203
   cols: 32
   dt: u
   data: [ 70, 189, 183, 243, 251, 204, 169, 229, 191, 57, 147, 66, 252,
       247, 72, 86, 231, 127, 127, 145, 19, 89, 187, 243, 189, 150, 159,
       226, 128, 2, 167, 123, 2, 137, 6, 159, 91, 132, 170, 230, 156, 0,
       64, 131, 172, 207, 53, 65, 236, 123, 179, 197, 98, 218, 18, 253,
       37, 50, 218, 11, 20, 5, 33, 218, 237, 204, 218, 47, 176, 74, 103,
       168, 115, 134, 238, 168, 243, 227, 139, 208, 91, 206, 104, 106,
       105, 148, 221, 42, 172, 231, 69, 21, 226, 243, 202, 0, 252, 55,
       218, 224, 242, 102, 91, 81, 49, 142, 191, 48, 95, 119, 67, 91,
       118, 221, 133, 58, 56, 211, 128, 74, 219, 239, 39, 197, 162, 227,
       230, 99, 2, 165, 160, 187, 221, 237, 176, 79, 31, 21, 9, 27, 140,
       184, 124, 136, 201, 27, 147, 17, 18, 106, 90, 245, 13, 22, 158,
       123, 144, 76, 213, 138, 79, 58, 233, 229, 60, 86, 73, 25, 16, 200,
       86, 228, 253, 215, 219, 246, 86, 124, 181, 252, 193, 196, 183,
       136, 202, 233, 175, 136, 46, 166, 127, 121, 24, 147, 253, 237, 38,
       86, 223, 248, 94, 126, 86, 166, 255, 125, 186, 162, 62, 87, 181,
       111, 193, 48, 63, 157, 195, 239, 107, 132, 119, 190, 5, 113, 42,
       164, 16, 156, 125, 249, 144, 238, 159, 29, 180, 25, 174, 252, 110,
       132, 217, 27, 195, 1, 38, 43, 74, 245, 159, 23, 91, 123, 82, 76,
       159, 206, 33, 42, 231, 253, 124, 139, 224, 78, 127, 163, 242, 250,
       243, 169, 148, 24, 107, 174, 126, 29, 138, 254, 199, 232, 156,
       190, 246, 0, 237, 136, 82, 168, 3, 219, 10, 189, 18, 130, 186,
       230, 28, 65, 74, 167, 173, 142, 50, 64, 118, 107, 179, 197, 230,
       152, 7, 255, 228, 39, 186, 129, 28, 20, 185, 91, 149, 181, 189,
       183, 140, 108, 85, 191, 244, 219, 134, 17, 215, 125, 91, 43, 201,
       210, 93, 59, 121, 225, 251, 34, 235, 203, 247, 84, 200, 120, 212,
       114, 252, 248, 188, 184, 139, 69, 85, 223, 179, 246, 164, 25, 159,
       223, 67, 123, 197, 213, 253, 144, 126, 79, 250, 146, 219, 195,
       223, 127, 176, 48, 134, 83, 120, 181, 188, 180, 15, 109, 85, 31,
       130, 247, 142, 15, 119, 189, 66, 18, 141, 215, 253, 1, 140, 107,
       243, 1, 219, 197, 125, 57, 168, 104, 30, 91, 77, 239, 116, 85,
       185, 156, 102, 189, 235, 248, 174, 76, 106, 64, 199, 180, 180,
       230, 108, 78, 199, 65, 235, 125, 58, 59, 37, 50, 74, 246, 75, 13,
       10, 164, 244, 248, 253, 241, 248, 123, 219, 218, 29, 178, 172,
       239, 246, 131, 191, 187, 255, 145, 167, 105, 170, 223, 14, 95,
       255, 255, 150, 228, 15, 221, 144, 217, 62, 188, 44, 135, 220, 103,
       156, 78, 150, 23, 191, 14, 50, 1, 206, 51, 223, 199, 236, 173, 19,
       191, 227, 195, 250, 145, 124, 24, 41, 91, 139, 89, 110, 205, 55,
       86, 255, 180, 13, 72, 86, 166, 253, 95, 179, 229, 118, 117, 159,
       239, 225, 144, 53, 236, 231, 249, 170, 128, 55, 191, 61, 249, 138,
       218, 18, 159, 50, 192, 56, 230, 30, 73, 80, 163, 172, 150, 32, 97,
       230, 123, 191, 192, 102, 156, 2, 255, 165, 54, 154, 139, 20, 20,
       37, 159, 253, 239, 222, 103, 148, 123, 71, 184, 113, 166, 238, 8,
       67, 97, 139, 20, 25, 198, 108, 106, 125, 178, 237, 46, 254, 239,
       5, 20, 99, 251, 74, 64, 122, 196, 121, 234, 15, 113, 93, 238, 23,
       55, 188, 10, 107, 61, 124, 113, 235, 147, 191, 129, 110, 43, 41,
       209, 251, 223, 221, 63, 247, 222, 228, 110, 156, 36, 22, 235, 214,
       39, 224, 87, 116, 35, 243, 114, 87, 19, 40, 89, 127, 159, 23, 176,
       58, 182, 1, 206, 245, 231, 182, 68, 225, 200, 163, 160, 222, 44,
       199, 48, 171, 112, 24, 11, 187, 219, 176, 249, 141, 190, 198, 159,
       163, 71, 253, 148, 63, 79, 134, 194, 154, 243, 127, 255, 138, 101,
       171, 87, 37, 52, 209, 65, 116, 63, 226, 216, 107, 104, 121, 78,
       26, 16, 213, 180, 126, 204, 22, 14, 197, 178, 252, 218, 46, 60, 1,
       100, 255, 175, 90, 165, 53, 6, 210, 168, 148, 162, 98, 82, 84,
       131, 218, 98, 83, 129, 177, 96, 89, 172, 14, 184, 9, 187, 5, 138,
       184, 230, 190, 68, 173, 203, 112, 40, 80, 189, 59, 116, 145, 220,
       117, 119, 233, 77, 110, 24, 190, 191, 34, 112, 162, 51, 221, 0,
       83, 201, 178, 101, 243, 249, 16, 11, 64, 0, 167, 107, 107, 54,
       247, 220, 253, 119, 152, 91, 219, 251, 157, 249, 12, 188, 246,
       175, 135, 63, 255, 5, 183, 75, 162, 213, 26, 95, 121, 187, 150,
       204, 175, 215, 31, 17, 111, 229, 38, 86, 123, 25, 101, 232, 95,
       163, 217, 93, 151, 100, 118, 61, 191, 239, 149, 144, 117, 136, 71,
       249, 163, 128, 39, 167, 84, 119, 204, 60, 158, 62, 185, 252, 52,
       7, 187, 159, 167, 29, 238, 247, 74, 154, 133, 115, 232, 16, 54,
       77, 210, 66, 255, 247, 84, 123, 194, 100, 143, 82, 155, 220, 30,
       190, 45, 213, 156, 102, 156, 74, 210, 19, 239, 254, 50, 129, 239,
       49, 255, 135, 108, 13, 18, 191, 147, 247, 250, 155, 28, 60, 57,
       75, 183, 238, 194, 158, 95, 19, 142, 236, 18, 226, 145, 223, 96,
       232, 255, 132, 217, 236, 51, 103, 237, 71, 143, 191, 56, 14, 205,
       190, 61, 63, 120, 212, 252, 61, 222, 224, 241, 54, 90, 83, 177,
       142, 175, 17, 15, 183, 67, 219, 247, 245, 205, 184, 56, 211, 144,
       130, 219, 255, 39, 71, 162, 229, 174, 83, 80, 185, 58, 254, 27,
       204, 21, 103, 169, 21, 228, 25, 62, 159, 34, 16, 162, 51, 217, 0,
       82, 11, 178, 103, 243, 245, 26, 11, 0, 0, 167, 122, 120, 100, 56,
       237, 80, 79, 115, 52, 33, 4, 238, 8, 211, 55, 10, 112, 24, 220,
       89, 42, 8, 146, 249, 14, 231, 237, 1, 20, 96, 178, 70, 98, 235,
       182, 244, 216, 253, 245, 216, 95, 219, 123, 157, 185, 140, 191,
       214, 175, 143, 19, 255, 149, 183, 107, 226, 208, 30, 91, 251, 251,
       150, 204, 143, 213, 37, 53, 245, 71, 240, 94, 239, 24, 97, 232,
       57, 72, 243, 87, 205, 182, 28, 124, 84, 122, 193, 240, 249, 40,
       45, 220, 37, 52, 67, 243, 70, 181, 31, 93, 114, 236, 103, 214,
       255, 240, 157, 200, 86, 163, 61, 159, 183, 100, 118, 117, 151,
       239, 196, 149, 52, 238, 119, 127, 206, 131, 55, 191, 61, 127, 252,
       168, 156, 242, 141, 236, 85, 142, 179, 59, 166, 24, 215, 243, 73,
       123, 193, 214, 125, 16, 58, 71, 250, 49, 219, 251, 85, 125, 160,
       113, 198, 34, 244, 180, 189, 245, 172, 110, 85, 187, 242, 251,
       166, 24, 215, 117, 72, 59, 193, 86, 125, 56, 57, 109, 251, 0, 201,
       171, 117, 84, 192, 104, 214, 114, 120, 177, 110, 186, 156, 204,
       81, 23, 160, 85, 165, 13, 55, 157, 18, 19, 32, 182, 221, 17, 27,
       107, 242, 37, 219, 225, 48, 89, 232, 136, 222, 122, 27, 207, 14,
       189, 22, 146, 58, 246, 180, 65, 90, 199, 189, 138, 51, 193, 102,
       107, 27, 197, 231, 137, 5, 255, 164, 103, 186, 128, 60, 20, 57,
       93, 42, 241, 244, 213, 101, 95, 252, 239, 59, 189, 182, 11, 206,
       126, 86, 148, 251, 213, 247, 161, 92, 250, 83, 213, 191, 222, 215,
       183, 71, 60, 254, 222, 106, 62, 174, 148, 77, 245, 185, 67, 139,
       127, 150, 187, 40, 188, 118, 27, 237, 179, 243, 129, 150, 91, 178,
       193, 95, 83, 218, 227, 135, 68, 119, 222, 18, 30, 118, 228, 67,
       210, 188, 99, 169, 230, 222, 163, 12, 255, 39, 98, 239, 181, 223,
       161, 100, 139, 164, 206, 63, 118, 207, 131, 39, 100, 39, 223, 233,
       127, 46, 26, 249, 253, 215, 21, 176, 77, 245, 61, 186, 215, 138,
       189, 72, 238, 206, 218, 191, 230, 250, 173, 231, 243, 178, 185,
       202, 87, 206, 247, 81, 137, 222, 239, 140, 10, 236, 231, 110, 49,
       250, 2, 249, 35, 184, 98, 107, 198, 110, 72, 18, 185, 199, 225,
       252, 239, 246, 64, 161, 250, 249, 40, 89, 144, 249, 237, 39, 86,
       89, 56, 67, 104, 86, 230, 255, 253, 154, 230, 54, 220, 189, 237,
       137, 48, 165, 153, 195, 249, 225, 133, 54, 174, 93, 113, 57, 223,
       107, 222, 246, 146, 207, 244, 213, 200, 254, 230, 115, 233, 181,
       96, 126, 250, 23, 238, 233, 171, 44, 175, 114, 239, 167, 136, 127,
       251, 112, 185, 134, 77, 34, 156, 207, 196, 188, 103, 157, 198,
       202, 135, 44, 238, 55, 65, 236, 187, 179, 197, 76, 143, 18, 232,
