%YAML:1.0
---
descriptors: !!opencv-matrix
   rows: 339
   cols: 32
   dt: u
   data: [ 143, 221, 230, 87, 247, 188, 190, 246, 85, 218, 126, 183, 249,
       125, 191, 109, 127, 122, 191, 254, 246, 252, 125, 239, 111, 127,
       247, 135, 247, 255, 245, 255, 123, 31, 110, 6, 55, 114, 94, 115,
       233, 206, 223, 167, 104, 110, 182, 247, 254, 231, 253, 167, 252,
       139, 37, 238, 50, 127, 207, 131, 47, 230, 124, 87, 174, 176, 48,
       250, 253, 253, 208, 73, 143, 29, 181, 27, 14, 223, 110, 153, 201,
       155, 151, 17, 30, 43, 90, 213, 219, 217, 16, 127, 210, 12, 206,
       194, 10, 72, 154, 255, 29, 229, 178, 70, 30, 5, 76, 3, 172, 219,
       35, 64, 192, 59, 163, 17, 2, 152, 82, 253, 229, 55, 154, 11, 144,
       89, 61, 138, 214, 92, 146, 204, 75, 115, 150, 72, 189, 130, 225,
       170, 78, 250, 37, 223, 254, 245, 206, 226, 44, 135, 16, 202, 178,
       242, 75, 27, 89, 119, 47, 22, 44, 81, 120, 79, 116, 79, 247, 121,
       68, 8, 125, 0, 83, 93, 169, 48, 28, 24, 7, 106, 192, 176, 57, 12,
       103, 141, 37, 0, 81, 186, 68, 163, 86, 177, 190, 165, 201, 78,
       189, 205, 62, 189, 182, 25, 220, 191, 74, 91, 249, 213, 255, 209,
       82, 123, 251, 192, 223, 179, 95, 127, 193, 48, 167, 226, 32, 206,
       10, 159, 84, 227, 166, 226, 30, 2, 88, 2, 228, 200, 53, 64, 217,
       106, 2, 67, 98, 190, 74, 191, 100, 54, 131, 11, 21, 91, 53, 138,
       159, 72, 99, 254, 54, 134, 235, 112, 149, 74, 215, 230, 121, 207,
       177, 100, 126, 184, 31, 207, 233, 151, 46, 255, 178, 238, 170,
       136, 63, 187, 48, 177, 44, 157, 91, 103, 240, 207, 119, 53, 37,
       136, 127, 0, 127, 127, 32, 16, 156, 186, 23, 40, 89, 184, 80, 30,
       239, 221, 37, 64, 241, 162, 198, 179, 60, 221, 91, 234, 91, 213,
       87, 246, 165, 12, 236, 0, 63, 255, 33, 112, 246, 251, 151, 66, 74,
       43, 56, 61, 243, 237, 6, 10, 115, 115, 39, 235, 216, 255, 188,
       247, 169, 124, 159, 239, 187, 190, 188, 17, 239, 239, 75, 195,
       235, 215, 237, 130, 106, 109, 251, 251, 251, 247, 95, 127, 242,
       118, 175, 106, 165, 225, 61, 251, 140, 205, 255, 205, 222, 115,
       161, 26, 215, 223, 120, 40, 217, 139, 27, 91, 122, 39, 123, 51,
       237, 157, 7, 124, 144, 91, 197, 226, 206, 140, 151, 155, 235, 248,
       53, 135, 191, 31, 2, 17, 172, 247, 104, 223, 225, 51, 235, 16, 50,
       77, 178, 243, 143, 246, 94, 75, 146, 68, 165, 238, 196, 248, 189,
       241, 127, 77, 185, 204, 175, 181, 180, 10, 190, 223, 73, 11, 175,
       221, 111, 209, 66, 103, 251, 241, 221, 147, 87, 125, 68, 24, 7,
       234, 10, 140, 164, 185, 141, 245, 184, 207, 159, 23, 76, 19, 172,
       238, 102, 200, 201, 59, 179, 145, 54, 92, 66, 247, 143, 215, 158,
       107, 146, 76, 189, 206, 151, 92, 45, 250, 232, 102, 95, 248, 158,
       222, 145, 87, 245, 255, 123, 107, 223, 251, 31, 239, 235, 71, 123,
       255, 245, 138, 255, 172, 156, 241, 181, 243, 154, 177, 186, 186,
       217, 221, 16, 97, 171, 93, 133, 25, 174, 223, 104, 20, 164, 187,
       255, 1, 26, 15, 186, 243, 219, 209, 26, 123, 26, 6, 175, 255, 57,
       194, 91, 109, 118, 142, 107, 244, 100, 8, 118, 198, 83, 65, 185,
       112, 126, 200, 22, 110, 201, 180, 37, 46, 116, 173, 32, 192, 111,
       155, 66, 169, 211, 232, 3, 154, 153, 197, 9, 198, 191, 85, 128,
       24, 172, 150, 70, 119, 161, 231, 121, 145, 62, 79, 146, 243, 185,
       48, 158, 123, 144, 4, 167, 108, 167, 245, 99, 91, 253, 91, 231,
       248, 93, 98, 245, 62, 89, 88, 189, 165, 91, 72, 146, 122, 227,
       183, 124, 190, 63, 28, 5, 252, 95, 191, 252, 180, 27, 134, 70,
       185, 50, 178, 58, 75, 62, 3, 74, 247, 109, 10, 162, 200, 119, 43,
       143, 149, 55, 156, 5, 255, 156, 102, 186, 195, 189, 132, 41, 29,
       136, 72, 255, 52, 98, 206, 189, 103, 252, 206, 114, 129, 189, 170,
       55, 27, 166, 111, 103, 71, 100, 252, 38, 104, 71, 43, 122, 137,
       100, 16, 103, 201, 211, 142, 2, 222, 59, 148, 30, 231, 157, 2, 70,
       50, 44, 150, 188, 229, 228, 187, 187, 203, 103, 143, 66, 255, 54,
       105, 154, 139, 31, 12, 184, 14, 0, 149, 25, 187, 50, 175, 176, 87,
       30, 9, 89, 215, 148, 2, 32, 64, 215, 43, 2, 21, 55, 152, 81, 95,
       204, 133, 58, 96, 152, 8, 137, 155, 176, 48, 63, 165, 9, 79, 209,
       64, 236, 188, 166, 13, 151, 159, 23, 18, 200, 165, 109, 45, 8,
       167, 211, 28, 211, 249, 131, 54, 64, 40, 70, 210, 75, 50, 158,
       254, 105, 52, 152, 31, 171, 91, 181, 125, 188, 255, 94, 154, 134,
       19, 253, 5, 151, 79, 210, 193, 210, 251, 122, 186, 204, 68, 139,
       27, 194, 233, 196, 222, 249, 128, 52, 172, 171, 145, 162, 193,
       100, 247, 77, 95, 192, 243, 123, 208, 82, 75, 202, 241, 63, 48,
       215, 123, 146, 20, 168, 11, 70, 203, 135, 190, 219, 196, 20, 173,
       159, 27, 67, 113, 228, 251, 108, 91, 195, 87, 123, 81, 54, 75,
       203, 241, 172, 50, 95, 207, 152, 112, 161, 11, 120, 217, 121, 236,
       93, 205, 83, 116, 3, 100, 172, 8, 31, 157, 64, 112, 200, 188, 213,
       64, 74, 43, 240, 189, 251, 253, 1, 125, 115, 138, 70, 234, 177,
       195, 127, 108, 30, 195, 199, 125, 196, 0, 254, 98, 115, 221, 176,
       97, 126, 244, 30, 234, 233, 163, 44, 29, 241, 169, 161, 144, 117,
       186, 244, 32, 79, 146, 124, 105, 40, 63, 90, 184, 239, 120, 181,
       197, 223, 95, 31, 251, 135, 21, 253, 111, 151, 69, 91, 213, 138,
       251, 105, 246, 30, 167, 11, 17, 130, 145, 46, 155, 222, 229, 189,
       239, 158, 87, 81, 147, 164, 206, 62, 73, 237, 27, 147, 133, 182,
       156, 58, 247, 77, 51, 218, 195, 149, 12, 181, 222, 245, 109, 241,
       102, 158, 35, 70, 204, 82, 160, 168, 106, 83, 88, 141, 34, 90,
       214, 72, 115, 217, 227, 205, 44, 176, 138, 5, 114, 109, 123, 240,
       164, 234, 180, 184, 252, 189, 252, 212, 207, 91, 191, 164, 25,
       142, 253, 78, 155, 217, 255, 221, 17, 62, 111, 218, 179, 155, 255,
       21, 127, 210, 109, 222, 86, 191, 253, 244, 123, 205, 253, 86, 228,
       243, 126, 101, 24, 122, 255, 95, 255, 201, 254, 181, 90, 126, 118,
       250, 179, 239, 255, 199, 107, 179, 119, 222, 246, 40, 104, 121,
       119, 64, 239, 99, 208, 115, 232, 108, 9, 51, 141, 81, 49, 24, 252,
       71, 78, 201, 242, 248, 56, 71, 205, 97, 32, 97, 219, 70, 250, 130,
       242, 250, 237, 40, 0, 57, 93, 175, 89, 86, 229, 157, 159, 246, 98,
       230, 29, 127, 205, 194, 5, 135, 209, 70, 185, 170, 172, 28, 144,
       41, 153, 235, 60, 119, 215, 247, 246, 237, 55, 127, 235, 119, 246,
       120, 247, 244, 253, 55, 126, 183, 142, 241, 220, 191, 239, 47,
       126, 213, 130, 175, 212, 244, 253, 56, 95, 119, 109, 231, 74, 215,
       119, 65, 206, 124, 103, 43, 61, 167, 23, 46, 218, 149, 34, 233,
       186, 33, 138, 98, 251, 100, 130, 111, 254, 242, 219, 161, 68, 117,
       85, 100, 106, 229, 51, 116, 234, 118, 112, 211, 21, 145, 125, 123,
       172, 54, 42, 225, 244, 101, 78, 68, 174, 112, 128, 103, 248, 118,
       169, 236, 180, 185, 114, 185, 237, 81, 15, 250, 61, 45, 56, 150,
       183, 72, 58, 129, 26, 96, 16, 58, 107, 250, 19, 203, 215, 21, 127,
       192, 64, 198, 226, 215, 193, 231, 129, 162, 86, 175, 149, 61, 217,
       19, 247, 93, 110, 220, 239, 55, 199, 127, 255, 181, 208, 45, 224,
       60, 10, 239, 196, 173, 247, 163, 117, 236, 116, 248, 110, 237,
       126, 87, 152, 115, 250, 189, 120, 91, 127, 207, 59, 221, 212, 252,
       106, 169, 102, 249, 146, 115, 255, 101, 189, 235, 251, 206, 115,
       90, 183, 208, 37, 178, 150, 190, 55, 42, 237, 26, 237, 173, 46,
       198, 150, 55, 127, 205, 149, 215, 216, 213, 206, 172, 69, 47, 246,
       175, 198, 139, 29, 237, 244, 249, 70, 217, 93, 223, 184, 115, 199,
       180, 24, 91, 125, 222, 180, 157, 210, 208, 250, 253, 103, 250,
       191, 123, 223, 5, 127, 195, 247, 206, 254, 23, 159, 87, 11, 178,
       155, 107, 189, 45, 105, 123, 229, 239, 103, 168, 212, 54, 183,
       206, 124, 153, 152, 13, 125, 172, 244, 7, 194, 250, 134, 131, 125,
       91, 92, 243, 254, 227, 180, 126, 214, 125, 202, 94, 161, 109, 255,
       183, 116, 246, 251, 183, 199, 228, 155, 162, 235, 247, 255, 158,
