%YAML:1.0
---
descriptors: !!opencv-matrix
   rows: 344
   cols: 32
   dt: u
   data: [ 52, 59, 88, 234, 116, 205, 82, 120, 33, 8, 253, 15, 55, 219,
       34, 16, 252, 184, 5, 98, 30, 35, 24, 29, 243, 205, 33, 121, 121,
       139, 102, 147, 17, 142, 109, 241, 150, 169, 105, 23, 110, 81, 74,
       150, 185, 3, 80, 104, 103, 139, 26, 156, 147, 184, 117, 247, 205,
       207, 146, 64, 189, 200, 209, 56, 117, 227, 138, 39, 188, 30, 78,
       180, 96, 228, 142, 205, 195, 104, 218, 80, 244, 196, 108, 103,
       204, 144, 205, 44, 240, 229, 171, 117, 8, 179, 90, 84, 70, 188,
       148, 159, 171, 228, 190, 173, 158, 159, 3, 51, 236, 254, 105, 207,
       215, 123, 187, 147, 50, 73, 155, 241, 45, 54, 223, 239, 146, 119,
       165, 91, 134, 185, 166, 179, 227, 68, 188, 203, 63, 119, 82, 179,
       236, 254, 120, 201, 255, 155, 179, 145, 114, 220, 11, 211, 157,
       83, 223, 199, 148, 68, 165, 218, 87, 235, 172, 167, 140, 30, 159,
       184, 2, 244, 143, 143, 211, 44, 91, 98, 220, 197, 121, 247, 140,
       65, 255, 128, 254, 7, 207, 213, 133, 191, 20, 84, 126, 173, 169,
       188, 205, 84, 214, 202, 147, 222, 136, 9, 147, 253, 83, 154, 201,
       222, 241, 241, 127, 107, 218, 162, 251, 247, 205, 61, 192, 125,
       254, 210, 165, 126, 245, 67, 180, 31, 206, 152, 68, 232, 186, 78,
       211, 24, 213, 175, 28, 196, 86, 127, 237, 244, 125, 142, 44, 216,
       37, 244, 205, 251, 82, 189, 73, 105, 23, 213, 33, 220, 36, 7, 237,
       233, 98, 64, 190, 178, 65, 246, 128, 39, 106, 24, 65, 249, 176,
       72, 173, 178, 86, 2, 10, 4, 11, 172, 56, 169, 123, 96, 214, 203,
       67, 93, 82, 168, 252, 42, 19, 149, 224, 48, 120, 152, 6, 120, 91,
       186, 224, 14, 123, 141, 37, 105, 113, 136, 230, 170, 128, 130, 59,
       185, 180, 236, 41, 3, 126, 89, 82, 113, 180, 6, 176, 72, 195, 43,
       63, 21, 51, 152, 3, 87, 204, 190, 58, 192, 144, 200, 129, 185,
       189, 13, 47, 250, 157, 229, 75, 97, 213, 192, 207, 2, 115, 255,
       49, 97, 216, 162, 59, 184, 57, 139, 122, 190, 219, 251, 138, 72,
       146, 11, 112, 98, 90, 254, 179, 182, 179, 228, 191, 254, 187, 207,
       24, 237, 172, 255, 105, 132, 183, 123, 221, 21, 130, 11, 138, 255,
       249, 86, 31, 234, 130, 86, 167, 123, 87, 167, 172, 167, 140, 30,
       78, 188, 18, 246, 143, 205, 211, 44, 83, 107, 213, 199, 121, 183,
       237, 65, 255, 130, 239, 7, 205, 148, 140, 254, 24, 92, 184, 200,
       114, 252, 95, 209, 212, 111, 215, 4, 196, 3, 41, 217, 50, 192,
       120, 184, 162, 128, 74, 47, 18, 159, 243, 237, 131, 25, 51, 12,
       252, 138, 215, 254, 172, 167, 172, 21, 94, 184, 18, 246, 129, 141,
       211, 236, 95, 75, 149, 197, 125, 247, 252, 71, 255, 18, 234, 83,
       239, 188, 140, 119, 26, 84, 142, 129, 150, 154, 149, 246, 190,
       199, 30, 7, 215, 19, 204, 254, 42, 76, 249, 127, 187, 147, 50,
       208, 57, 226, 143, 119, 158, 71, 134, 93, 189, 82, 60, 114, 233,
       99, 236, 119, 255, 216, 70, 238, 93, 103, 81, 221, 251, 40, 95,
       216, 23, 126, 139, 54, 255, 178, 71, 205, 165, 172, 255, 251, 84,
       241, 25, 16, 19, 73, 115, 94, 114, 88, 63, 105, 111, 68, 30, 23,
       140, 244, 182, 13, 134, 60, 7, 144, 49, 215, 151, 255, 18, 70,
       234, 135, 75, 181, 11, 50, 166, 153, 127, 209, 184, 74, 223, 205,
       212, 167, 172, 204, 54, 129, 254, 41, 223, 181, 166, 235, 102,
       204, 30, 85, 186, 171, 223, 12, 125, 223, 213, 81, 95, 71, 54, 78,
       111, 52, 104, 232, 118, 64, 251, 55, 145, 117, 54, 244, 60, 106,
       225, 176, 53, 76, 231, 233, 102, 128, 102, 179, 67, 57, 246, 213,
       105, 234, 180, 198, 223, 189, 21, 76, 241, 151, 89, 93, 62, 81,
       220, 145, 21, 247, 250, 142, 125, 223, 123, 121, 174, 212, 53,
       142, 244, 83, 6, 172, 128, 155, 213, 115, 190, 203, 31, 179, 89,
       19, 204, 248, 126, 140, 249, 75, 147, 147, 54, 116, 75, 243, 45,
       22, 159, 111, 151, 127, 189, 134, 83, 16, 110, 173, 98, 18, 40,
       87, 45, 72, 222, 247, 153, 143, 246, 82, 110, 157, 191, 141, 201,
       159, 165, 192, 214, 105, 186, 128, 47, 132, 51, 249, 137, 144,
       103, 201, 108, 191, 225, 87, 77, 121, 214, 114, 185, 28, 182, 96,
       108, 148, 62, 153, 151, 188, 103, 197, 70, 105, 178, 192, 119,
       140, 113, 253, 13, 73, 247, 85, 36, 206, 239, 49, 237, 200, 118,
       64, 251, 247, 177, 100, 38, 116, 126, 74, 193, 184, 55, 108, 101,
       186, 98, 128, 66, 177, 193, 33, 85, 12, 172, 53, 140, 62, 140, 31,
       134, 247, 134, 141, 211, 108, 83, 75, 141, 71, 121, 149, 157, 200,
       247, 0, 200, 99, 223, 21, 236, 124, 153, 84, 115, 111, 136, 36,
       136, 29, 92, 31, 34, 252, 168, 205, 131, 162, 83, 154, 141, 133,
       236, 53, 204, 75, 197, 0, 186, 195, 253, 61, 200, 124, 138, 92,
       118, 81, 98, 204, 109, 87, 222, 104, 137, 236, 177, 139, 104, 220,
       55, 165, 254, 181, 223, 231, 236, 35, 116, 220, 51, 120, 139, 191,
       85, 63, 126, 215, 60, 120, 120, 238, 101, 221, 90, 80, 3, 44, 245,
       11, 59, 221, 33, 144, 220, 185, 151, 130, 78, 54, 88, 187, 211,
       221, 161, 57, 123, 191, 78, 154, 53, 22, 105, 204, 116, 11, 79,
       88, 95, 226, 253, 238, 83, 201, 181, 48, 94, 168, 23, 46, 137,
       182, 100, 30, 86, 143, 161, 180, 125, 187, 90, 241, 113, 235, 136,
       32, 8, 31, 68, 134, 34, 180, 160, 205, 131, 8, 67, 146, 140, 140,
       204, 4, 204, 106, 213, 16, 170, 209, 133, 61, 72, 188, 90, 4, 85,
       47, 8, 171, 188, 30, 78, 153, 100, 36, 202, 205, 199, 104, 19, 80,
       216, 134, 108, 127, 222, 58, 221, 56, 188, 245, 134, 17, 136, 218,
       152, 4, 13, 220, 87, 95, 51, 219, 103, 178, 102, 34, 111, 96, 250,
       116, 133, 228, 35, 126, 232, 74, 67, 188, 109, 63, 39, 239, 37, 2,
       98, 243, 73, 45, 155, 255, 112, 65, 242, 27, 191, 223, 123, 164,
       60, 238, 45, 14, 199, 180, 55, 91, 198, 84, 199, 188, 37, 254,
       110, 77, 53, 231, 103, 212, 143, 253, 65, 171, 140, 53, 140, 28,
       108, 151, 230, 241, 130, 205, 151, 168, 82, 74, 132, 199, 232, 85,
       159, 201, 215, 32, 204, 97, 239, 84, 200, 60, 152, 88, 74, 147,
       52, 217, 231, 156, 249, 17, 239, 93, 87, 50, 141, 143, 210, 104,
       166, 11, 175, 24, 146, 152, 227, 209, 199, 249, 58, 193, 22, 140,
       133, 241, 185, 77, 106, 254, 60, 147, 79, 240, 197, 4, 254, 2,
       115, 201, 183, 96, 88, 232, 30, 238, 233, 167, 100, 191, 114, 237,
       162, 136, 55, 187, 112, 168, 249, 165, 74, 178, 112, 194, 91, 17,
       49, 201, 231, 57, 119, 211, 74, 17, 242, 238, 85, 254, 123, 222,
       200, 108, 254, 233, 165, 193, 40, 130, 234, 83, 90, 252, 146, 190,
       171, 229, 22, 198, 171, 18, 168, 40, 46, 255, 97, 30, 227, 243,
       205, 128, 11, 75, 154, 241, 211, 241, 26, 59, 154, 87, 47, 27, 40,
       165, 99, 43, 124, 201, 171, 97, 140, 97, 185, 139, 187, 205, 60,
       128, 136, 163, 203, 101, 19, 43, 92, 255, 125, 29, 170, 120, 85,
       15, 215, 250, 119, 67, 234, 4, 198, 18, 237, 97, 233, 198, 127,
       167, 73, 232, 254, 82, 122, 197, 38, 175, 196, 243, 166, 192, 54,
       40, 231, 141, 101, 246, 239, 197, 14, 162, 164, 129, 237, 31, 248,
       49, 207, 253, 27, 239, 140, 44, 86, 134, 175, 5, 255, 21, 150,
       120, 79, 208, 14, 86, 205, 247, 222, 46, 157, 213, 6, 232, 144,
       155, 77, 197, 186, 232, 31, 188, 80, 11, 236, 218, 111, 13, 217,
       121, 147, 83, 70, 242, 218, 240, 13, 18, 207, 111, 148, 47, 29,
       198, 103, 242, 172, 181, 172, 52, 158, 136, 202, 246, 136, 141,
       195, 236, 95, 107, 221, 69, 249, 247, 140, 67, 255, 48, 171, 83,
       207, 189, 140, 117, 30, 84, 15, 177, 42, 139, 245, 213, 178, 201,
       77, 77, 93, 7, 136, 220, 126, 96, 252, 27, 147, 85, 150, 186, 126,
       247, 15, 93, 10, 203, 85, 15, 245, 215, 57, 86, 105, 108, 52, 19,
       202, 120, 81, 200, 245, 238, 91, 77, 177, 49, 126, 168, 21, 239,
       233, 179, 101, 156, 242, 201, 161, 156, 127, 171, 114, 145, 57,
       223, 107, 73, 118, 139, 239, 244, 68, 64, 124, 238, 115, 65, 184,
       48, 126, 232, 23, 238, 201, 178, 36, 61, 118, 141, 160, 128, 127,
