%YAML:1.0
---
descriptors: !!opencv-matrix
   rows: 302
   cols: 32
   dt: u
   data: [ 237, 113, 49, 98, 205, 77, 71, 220, 203, 184, 181, 8, 90, 217,
       93, 63, 216, 216, 119, 122, 75, 99, 250, 176, 119, 216, 69, 62,
       211, 123, 82, 162, 221, 27, 94, 165, 164, 46, 105, 50, 168, 200,
       146, 245, 159, 35, 147, 91, 166, 103, 125, 253, 185, 201, 133, 12,
       220, 235, 106, 144, 172, 225, 1, 17, 224, 184, 149, 186, 205, 237,
       16, 199, 159, 87, 160, 25, 166, 241, 64, 91, 201, 178, 234, 16,
       58, 111, 218, 243, 159, 210, 86, 123, 146, 72, 199, 10, 112, 64,
       255, 253, 44, 74, 101, 52, 119, 174, 230, 34, 211, 119, 129, 90,
       115, 244, 110, 24, 104, 245, 225, 14, 247, 239, 119, 16, 34, 248,
       100, 43, 60, 113, 120, 96, 24, 205, 83, 216, 7, 160, 173, 8, 19,
       23, 65, 16, 88, 152, 213, 250, 74, 50, 120, 28, 251, 205, 133,
       125, 115, 155, 70, 178, 160, 188, 143, 90, 201, 237, 225, 231,
       255, 55, 226, 29, 162, 251, 100, 91, 201, 102, 106, 16, 63, 111,
       218, 115, 153, 178, 215, 123, 200, 72, 254, 154, 194, 182, 150,
       220, 235, 101, 180, 239, 191, 55, 234, 48, 172, 182, 44, 125, 255,
       31, 251, 128, 98, 79, 195, 223, 157, 54, 222, 59, 144, 64, 165,
       143, 166, 52, 166, 184, 217, 173, 152, 75, 159, 191, 176, 29, 206,
       253, 111, 11, 221, 59, 219, 21, 58, 111, 218, 210, 217, 18, 91,
       127, 218, 108, 15, 210, 8, 177, 125, 107, 98, 75, 105, 57, 45,
       100, 119, 160, 223, 23, 136, 53, 54, 28, 102, 104, 209, 176, 121,
       93, 79, 171, 97, 196, 103, 130, 71, 241, 169, 236, 90, 105, 112,
       143, 123, 252, 116, 4, 100, 20, 151, 1, 2, 17, 16, 12, 2, 126, 98,
       188, 209, 31, 111, 169, 36, 68, 104, 128, 202, 128, 173, 205, 253,
       117, 180, 78, 101, 191, 118, 251, 118, 80, 243, 115, 136, 123, 21,
       94, 52, 88, 249, 244, 233, 40, 239, 171, 101, 68, 224, 240, 192,
       97, 48, 248, 152, 114, 106, 173, 81, 222, 163, 61, 180, 13, 55,
       155, 67, 24, 167, 147, 77, 24, 10, 107, 154, 49, 219, 201, 53, 60,
       248, 0, 67, 139, 120, 224, 160, 230, 77, 116, 80, 200, 163, 180,
       169, 11, 107, 251, 91, 218, 249, 198, 249, 176, 14, 99, 186, 145,
       219, 221, 133, 63, 35, 127, 118, 66, 21, 71, 66, 205, 114, 2, 239,
       248, 116, 128, 250, 198, 89, 99, 189, 96, 126, 205, 23, 238, 233,
       147, 77, 206, 116, 174, 175, 132, 61, 179, 96, 160, 66, 184, 174,
       151, 141, 212, 188, 175, 191, 151, 14, 19, 172, 254, 70, 78, 225,
       119, 251, 145, 54, 73, 179, 243, 15, 54, 222, 235, 128, 68, 189,
       94, 203, 8, 238, 23, 226, 58, 237, 55, 184, 215, 86, 150, 249,
       102, 150, 127, 38, 103, 125, 141, 177, 220, 167, 105, 68, 43, 254,
       128, 165, 224, 187, 109, 248, 88, 156, 124, 11, 76, 21, 150, 171,
       30, 164, 57, 63, 191, 3, 91, 135, 245, 237, 66, 106, 77, 210, 51,
       211, 227, 112, 59, 112, 113, 14, 91, 185, 209, 111, 237, 22, 6,
       79, 248, 68, 96, 214, 70, 83, 65, 176, 97, 124, 228, 30, 238, 201,
       179, 85, 12, 240, 233, 162, 132, 47, 187, 112, 48, 222, 191, 148,
       182, 171, 120, 30, 238, 187, 247, 131, 253, 239, 230, 202, 223,
       167, 231, 236, 71, 191, 65, 175, 243, 184, 242, 95, 187, 174, 117,
       143, 85, 138, 141, 178, 249, 85, 213, 112, 71, 87, 7, 84, 19, 170,
       157, 54, 192, 216, 58, 131, 16, 62, 184, 114, 223, 7, 223, 146,
       67, 19, 12, 252, 206, 29, 202, 67, 238, 22, 130, 174, 112, 164,
       128, 210, 230, 121, 195, 176, 224, 126, 249, 30, 238, 201, 151, 4,
       238, 176, 172, 170, 128, 61, 186, 41, 49, 244, 105, 156, 104, 140,
       77, 85, 200, 134, 190, 164, 9, 86, 211, 75, 27, 233, 212, 104,
       114, 74, 103, 219, 48, 211, 193, 69, 63, 208, 123, 230, 98, 84,
       153, 191, 255, 131, 204, 53, 166, 172, 23, 98, 17, 244, 255, 32,
       90, 163, 119, 121, 81, 114, 217, 154, 99, 233, 167, 94, 67, 192,
       80, 165, 27, 2, 205, 2, 140, 85, 209, 174, 103, 141, 4, 88, 3, 44,
       138, 36, 196, 234, 171, 131, 193, 70, 185, 16, 253, 57, 52, 142,
       3, 21, 30, 189, 142, 123, 150, 230, 85, 23, 82, 73, 59, 113, 230,
       214, 151, 107, 45, 150, 245, 121, 228, 181, 172, 189, 252, 245,
       142, 203, 111, 213, 129, 239, 164, 124, 126, 63, 163, 126, 131,
       255, 159, 179, 121, 111, 125, 119, 47, 78, 200, 190, 165, 62, 9,
       230, 63, 182, 241, 47, 221, 126, 89, 35, 231, 199, 142, 207, 199,
       207, 237, 169, 179, 236, 60, 239, 151, 251, 251, 31, 21, 221, 184,
       219, 238, 135, 71, 125, 31, 247, 124, 239, 226, 238, 125, 254,
       232, 142, 223, 209, 77, 194, 212, 151, 240, 161, 204, 53, 7, 185,
       27, 2, 80, 156, 183, 96, 91, 135, 55, 125, 16, 115, 205, 146, 98,
       173, 178, 94, 74, 136, 64, 165, 51, 248, 211, 125, 108, 42, 75,
       87, 61, 177, 54, 166, 56, 119, 23, 128, 115, 38, 244, 108, 106,
       104, 77, 105, 61, 243, 163, 97, 21, 114, 184, 134, 59, 88, 124,
       191, 245, 83, 110, 113, 54, 177, 239, 254, 1, 63, 63, 65, 59, 167,
       253, 125, 144, 40, 216, 176, 136, 221, 235, 246, 34, 160, 112, 39,
       251, 147, 92, 239, 157, 134, 50, 237, 119, 124, 198, 94, 214, 25,
       42, 183, 109, 111, 239, 19, 175, 181, 220, 53, 238, 52, 46, 250,
       128, 173, 245, 241, 220, 89, 156, 13, 189, 44, 239, 120, 51, 181,
       114, 198, 19, 247, 63, 16, 123, 233, 167, 127, 141, 237, 221, 83,
       157, 199, 251, 250, 16, 56, 72, 25, 74, 252, 191, 26, 56, 185,
       157, 82, 216, 171, 28, 188, 77, 111, 203, 75, 146, 189, 193, 204,
       118, 110, 103, 154, 147, 251, 217, 37, 127, 114, 164, 110, 67, 86,
       3, 175, 165, 138, 102, 189, 7, 170, 221, 155, 147, 221, 239, 74,
       74, 247, 87, 253, 149, 16, 201, 163, 194, 217, 247, 255, 199, 132,
       98, 165, 115, 61, 165, 67, 79, 214, 31, 231, 240, 101, 160, 120,
       78, 83, 97, 157, 180, 120, 206, 6, 238, 139, 178, 125, 236, 54,
       172, 165, 4, 103, 187, 114, 180, 64, 180, 251, 90, 74, 193, 177,
       79, 234, 65, 121, 104, 52, 220, 108, 48, 186, 27, 67, 17, 19, 43,
       146, 81, 21, 4, 18, 42, 201, 2, 167, 187, 60, 100, 184, 112, 125,
       189, 80, 218, 203, 191, 180, 24, 31, 217, 65, 58, 137, 208, 85,
       24, 10, 103, 218, 162, 219, 221, 21, 127, 194, 217, 86, 162, 215,
       76, 111, 158, 6, 246, 143, 224, 156, 194, 198, 150, 113, 230, 55,
       103, 118, 229, 57, 239, 233, 197, 54, 238, 145, 42, 203, 0, 45,
       249, 49, 124, 95, 59, 218, 193, 242, 242, 58, 82, 59, 232, 127,
       230, 9, 167, 199, 244, 118, 255, 183, 218, 145, 210, 173, 232,
       158, 237, 171, 163, 175, 231, 43, 181, 5, 67, 85, 71, 34, 26, 111,
       184, 116, 232, 87, 224, 221, 98, 153, 244, 54, 76, 60, 238, 193,
       208, 109, 76, 36, 190, 103, 132, 46, 179, 9, 37, 66, 184, 174,
       155, 109, 213, 184, 199, 191, 31, 196, 17, 172, 254, 102, 66, 193,
       59, 251, 129, 86, 73, 210, 241, 143, 50, 158, 251, 16, 4, 191, 95,
       64, 180, 57, 107, 25, 77, 17, 189, 110, 61, 41, 24, 222, 31, 72,
       48, 145, 27, 120, 16, 19, 40, 251, 21, 205, 157, 17, 126, 80, 2,
       135, 50, 250, 22, 239, 87, 23, 82, 218, 54, 49, 231, 247, 159,
       107, 44, 22, 49, 121, 244, 245, 165, 172, 254, 245, 238, 123, 110,
       209, 211, 103, 165, 118, 94, 23, 179, 127, 129, 166, 155, 189,
       113, 110, 124, 243, 167, 207, 76, 158, 0, 62, 13, 255, 103, 212,
       176, 45, 213, 222, 203, 111, 198, 101, 174, 231, 215, 223, 140,
       239, 215, 134, 242, 239, 182, 116, 199, 95, 146, 249, 108, 159,
       107, 115, 231, 63, 143, 181, 220, 45, 238, 110, 111, 254, 193,
       167, 247, 253, 116, 100, 68, 253, 101, 32, 110, 111, 184, 112,
       234, 227, 72, 215, 55, 153, 123, 18, 84, 125, 106, 169, 212, 249,
       10, 197, 174, 97, 148, 96, 243, 71, 33, 199, 158, 239, 151, 162,
       178, 175, 178, 190, 215, 95, 247, 253, 110, 223, 107, 39, 103, 61,
       223, 183, 220, 191, 227, 204, 43, 255, 192, 172, 247, 169, 117,
       68, 241, 189, 97, 168, 111, 85, 61, 34, 191, 47, 24, 215, 55, 72,
       27, 149, 22, 125, 56, 120, 112, 249, 2, 239, 159, 117, 116, 192,
