%YAML:1.0
---
descriptors: !!opencv-matrix
   rows: 269
   cols: 32
   dt: u
   data: [ 250, 248, 34, 178, 45, 221, 222, 192, 171, 236, 176, 9, 175,
       158, 64, 148, 136, 253, 253, 67, 78, 15, 154, 179, 147, 213, 159,
       191, 2, 15, 30, 91, 107, 94, 195, 197, 98, 50, 106, 146, 61, 203,
       122, 230, 25, 55, 245, 252, 127, 220, 55, 156, 129, 146, 229, 226,
       22, 126, 178, 132, 167, 247, 112, 189, 137, 255, 120, 65, 246,
       123, 183, 255, 107, 254, 60, 234, 45, 44, 199, 181, 55, 91, 198,
       80, 247, 248, 37, 254, 110, 73, 53, 227, 231, 212, 143, 205, 6,
       205, 150, 155, 253, 164, 188, 167, 190, 155, 90, 48, 236, 242,
       104, 203, 135, 115, 59, 17, 50, 72, 11, 241, 44, 50, 95, 206, 144,
       81, 161, 139, 148, 188, 175, 183, 140, 108, 87, 186, 244, 218,
       142, 21, 215, 127, 89, 43, 201, 211, 93, 59, 249, 227, 251, 42,
       233, 195, 255, 84, 192, 123, 180, 114, 75, 115, 245, 71, 100, 30,
       174, 53, 109, 234, 118, 228, 248, 40, 215, 230, 22, 108, 126, 111,
       197, 244, 229, 200, 38, 120, 102, 128, 78, 182, 73, 157, 159, 52,
       111, 176, 148, 231, 233, 87, 149, 241, 214, 151, 25, 191, 122, 41,
       127, 139, 27, 189, 191, 221, 53, 198, 219, 75, 154, 196, 175, 204,
       177, 240, 173, 122, 232, 197, 238, 87, 239, 221, 86, 234, 84, 238,
       17, 141, 243, 40, 127, 204, 55, 239, 193, 118, 239, 18, 118, 15,
       231, 172, 61, 250, 112, 249, 158, 247, 127, 243, 166, 15, 255,
       253, 189, 74, 181, 227, 223, 93, 184, 37, 191, 19, 223, 239, 250,
       173, 41, 255, 230, 217, 36, 134, 119, 158, 209, 251, 142, 155,
       174, 147, 227, 86, 188, 207, 63, 55, 86, 179, 140, 174, 126, 77,
       255, 91, 179, 145, 214, 220, 43, 243, 31, 19, 222, 199, 150, 84,
       173, 222, 66, 211, 65, 142, 62, 128, 107, 188, 158, 73, 83, 239,
       245, 231, 184, 68, 22, 117, 127, 207, 209, 8, 207, 255, 164, 54,
       170, 216, 28, 167, 17, 121, 35, 253, 121, 234, 125, 149, 219, 254,
       79, 73, 252, 203, 62, 221, 61, 32, 158, 219, 87, 71, 198, 42, 122,
       255, 127, 93, 137, 186, 87, 159, 82, 251, 2, 220, 59, 159, 86,
       227, 186, 226, 31, 5, 91, 3, 228, 252, 48, 64, 219, 59, 19, 145,
       50, 184, 26, 255, 45, 54, 138, 67, 148, 11, 53, 138, 57, 197, 107,
       111, 84, 143, 107, 240, 69, 72, 127, 206, 115, 73, 184, 48, 126,
       168, 23, 238, 201, 182, 108, 61, 118, 141, 160, 128, 111, 155,
       114, 185, 2, 48, 246, 161, 105, 253, 184, 70, 175, 93, 251, 37,
       140, 30, 86, 10, 238, 27, 223, 145, 150, 184, 83, 192, 7, 88, 26,
       195, 197, 69, 175, 215, 66, 17, 58, 137, 253, 205, 248, 3, 173,
       45, 223, 43, 140, 159, 100, 64, 238, 155, 255, 81, 18, 57, 209,
       213, 215, 49, 154, 243, 20, 14, 149, 91, 172, 72, 110, 187, 197,
       249, 253, 196, 181, 87, 119, 147, 73, 205, 123, 9, 107, 250, 179,
       215, 126, 244, 126, 161, 71, 65, 212, 65, 247, 221, 212, 210, 42,
       114, 166, 140, 111, 115, 184, 72, 143, 238, 213, 175, 12, 204, 55,
       140, 254, 185, 223, 161, 132, 183, 102, 208, 19, 81, 155, 191, 23,
       45, 61, 215, 75, 28, 62, 244, 102, 140, 191, 118, 173, 202, 94,
       100, 188, 159, 167, 96, 166, 115, 127, 79, 193, 141, 34, 255, 243,
       255, 58, 138, 10, 1, 33, 251, 233, 229, 206, 178, 112, 194, 91,
       53, 49, 233, 247, 61, 119, 147, 194, 19, 242, 236, 117, 222, 121,
       222, 193, 110, 254, 169, 165, 192, 40, 130, 234, 91, 0, 201, 149,
       233, 104, 193, 33, 206, 142, 17, 104, 96, 148, 151, 97, 238, 67,
       26, 51, 88, 3, 24, 67, 113, 5, 144, 94, 6, 144, 24, 37, 169, 139,
       177, 228, 85, 239, 125, 184, 119, 123, 241, 84, 154, 168, 60, 214,
       175, 47, 15, 243, 141, 180, 120, 247, 197, 79, 58, 218, 234, 239,
       196, 223, 253, 179, 140, 226, 24, 215, 243, 126, 231, 255, 71,
       238, 147, 72, 236, 54, 84, 249, 167, 155, 148, 190, 175, 60, 223,
       63, 126, 151, 83, 183, 76, 252, 86, 3, 91, 14, 157, 51, 144, 188,
       230, 156, 68, 94, 231, 172, 138, 55, 64, 230, 43, 179, 197, 198,
       156, 6, 255, 102, 53, 154, 131, 28, 20, 57, 223, 30, 94, 110, 186,
       110, 144, 191, 114, 149, 204, 222, 167, 41, 206, 183, 69, 110,
       187, 151, 215, 204, 143, 38, 236, 114, 99, 234, 139, 55, 135, 53,
       213, 0, 226, 29, 251, 232, 201, 37, 205, 142, 59, 73, 96, 148,
       151, 96, 94, 195, 27, 35, 16, 82, 88, 74, 80, 77, 144, 127, 108,
       144, 26, 133, 171, 38, 234, 226, 158, 75, 192, 190, 236, 154, 87,
       89, 163, 104, 238, 62, 72, 255, 123, 147, 199, 70, 18, 142, 241,
       52, 54, 222, 171, 21, 127, 183, 215, 18, 50, 106, 136, 110, 209,
       185, 80, 172, 77, 222, 167, 140, 140, 246, 0, 238, 137, 223, 213,
       134, 171, 166, 208, 210, 1, 186, 201, 85, 15, 125, 211, 2, 175,
       19, 217, 244, 141, 170, 247, 158, 1, 120, 195, 180, 219, 52, 0,
       206, 59, 19, 85, 178, 186, 2, 255, 44, 20, 158, 106, 220, 136,
       161, 139, 192, 157, 88, 251, 116, 204, 111, 23, 52, 5, 126, 16,
       183, 19, 136, 80, 82, 154, 7, 136, 122, 152, 209, 39, 231, 173,
       178, 64, 36, 128, 196, 42, 120, 244, 188, 164, 14, 77, 95, 191, 2,
       230, 142, 31, 247, 61, 74, 2, 151, 215, 253, 35, 236, 107, 249,
       11, 251, 231, 109, 61, 36, 234, 156, 83, 90, 57, 183, 116, 171,
       248, 52, 135, 171, 159, 142, 49, 46, 191, 103, 94, 163, 119, 253,
       1, 20, 201, 163, 224, 219, 118, 94, 147, 130, 116, 165, 95, 61,
       13, 235, 239, 132, 46, 111, 80, 117, 3, 255, 18, 91, 107, 185,
       120, 122, 174, 22, 142, 153, 178, 61, 206, 214, 239, 226, 192,
       183, 251, 240, 32, 2, 191, 114, 218, 245, 213, 191, 119, 157, 204,
       124, 39, 44, 156, 182, 4, 238, 59, 151, 209, 246, 171, 34, 255,
       59, 94, 190, 203, 87, 12, 245, 223, 0, 29, 27, 191, 212, 231, 171,
       114, 30, 1, 90, 2, 245, 254, 33, 64, 217, 59, 19, 145, 34, 152,
       24, 63, 109, 167, 170, 64, 148, 11, 53, 138, 90, 121, 22, 190, 43,
       193, 20, 228, 175, 84, 168, 41, 175, 255, 35, 20, 234, 243, 205,
       192, 10, 11, 154, 253, 147, 213, 74, 59, 178, 23, 47, 27, 212,
       117, 123, 101, 114, 110, 127, 16, 49, 206, 124, 40, 55, 55, 193,
       112, 54, 220, 21, 234, 193, 146, 176, 106, 247, 173, 36, 168, 96,
       243, 103, 233, 28, 149, 28, 171, 188, 95, 114, 232, 132, 236, 223,
       3, 215, 94, 43, 193, 254, 213, 207, 114, 78, 129, 89, 189, 251,
       227, 171, 85, 48, 43, 45, 19, 2, 139, 102, 250, 254, 145, 254,
       231, 205, 1, 80, 163, 173, 220, 180, 36, 238, 187, 23, 197, 214,
       170, 6, 253, 42, 92, 154, 202, 23, 140, 245, 143, 10, 175, 96,
       158, 127, 145, 190, 230, 95, 12, 88, 163, 168, 236, 183, 132, 239,
       235, 135, 199, 230, 170, 78, 255, 46, 86, 159, 171, 87, 142, 125,
       205, 56, 73, 122, 254, 28, 195, 195, 240, 196, 4, 245, 2, 115,
       217, 177, 96, 88, 248, 14, 234, 200, 163, 126, 189, 243, 237, 163,
       24, 119, 171, 116, 40, 10, 145, 166, 145, 147, 214, 188, 207, 63,
       23, 78, 131, 236, 254, 110, 72, 247, 27, 187, 145, 86, 216, 19,
       209, 207, 87, 223, 199, 150, 68, 165, 222, 139, 237, 240, 83, 231,
       220, 188, 167, 123, 87, 84, 147, 172, 188, 214, 172, 143, 59, 179,
       157, 246, 252, 246, 231, 47, 62, 222, 227, 199, 132, 223, 223, 34,
       237, 104, 89, 244, 157, 238, 239, 95, 49, 60, 26, 25, 201, 92, 48,
       153, 138, 23, 153, 218, 58, 74, 247, 111, 29, 149, 237, 119, 152,
       210, 170, 196, 180, 189, 247, 140, 110, 87, 184, 242, 250, 134,
       16, 215, 119, 73, 43, 217, 214, 125, 42, 41, 96, 251, 42, 233,
       159, 197, 92, 136, 97, 116, 114, 61, 126, 233, 105, 230, 3, 79,
       221, 87, 226, 124, 198, 19, 9, 241, 96, 127, 136, 19, 254, 203,
       54, 93, 154, 118, 205, 165, 36, 255, 250, 112, 176, 106, 251, 50,
       168, 127, 209, 152, 230, 139, 76, 156, 175, 172, 140, 102, 128,
       206, 59, 223, 65, 206, 11, 226, 245, 178, 117, 138, 251, 87, 30,
       63, 219, 98, 16, 181, 220, 111, 125, 184, 75, 139, 251, 16, 107,
       44, 191, 117, 170, 167, 17, 247, 17, 135, 105, 146, 208, 31, 94,
