%YAML:1.0
---
descriptors: !!opencv-matrix
   rows: 313
   cols: 32
   dt: u
   data: [ 9, 159, 127, 237, 180, 78, 111, 51, 108, 74, 126, 68, 223, 35,
       176, 96, 118, 6, 62, 42, 225, 176, 53, 223, 230, 255, 98, 132, 92,
       248, 193, 49, 61, 93, 123, 238, 222, 199, 215, 248, 212, 136, 253,
       2, 115, 249, 49, 96, 124, 248, 22, 234, 201, 163, 58, 63, 115,
       173, 39, 8, 127, 187, 96, 163, 137, 125, 121, 101, 116, 78, 117,
       59, 124, 200, 118, 24, 159, 23, 128, 49, 180, 28, 86, 120, 241,
       188, 49, 14, 239, 221, 37, 68, 66, 168, 199, 243, 252, 148, 56,
       250, 173, 109, 83, 216, 126, 91, 165, 24, 223, 247, 74, 121, 209,
       19, 255, 58, 59, 103, 251, 151, 219, 255, 67, 125, 210, 67, 199,
       115, 29, 215, 74, 175, 54, 2, 111, 248, 52, 192, 95, 231, 93, 195,
       186, 96, 118, 205, 55, 255, 235, 144, 13, 207, 252, 175, 175, 132,
       45, 179, 33, 81, 21, 201, 235, 205, 182, 19, 238, 248, 86, 0, 251,
       198, 81, 235, 181, 224, 127, 200, 62, 238, 235, 177, 61, 223, 186,
       239, 167, 132, 189, 251, 112, 176, 53, 237, 97, 233, 212, 71, 79,
       248, 87, 226, 252, 66, 83, 65, 185, 96, 121, 204, 23, 250, 235,
       178, 105, 191, 125, 142, 165, 36, 247, 251, 112, 168, 125, 15,
       202, 166, 166, 10, 111, 112, 97, 224, 223, 206, 115, 233, 187,
       114, 126, 228, 124, 239, 221, 179, 141, 46, 248, 173, 229, 128,
       45, 251, 248, 0, 91, 177, 190, 158, 43, 221, 57, 104, 174, 85,
       133, 12, 252, 214, 94, 250, 182, 189, 251, 205, 131, 67, 186, 209,
       221, 51, 219, 123, 8, 6, 47, 126, 80, 79, 123, 190, 50, 192, 31,
       244, 180, 14, 246, 161, 127, 231, 9, 81, 54, 255, 237, 226, 104,
       137, 136, 111, 241, 231, 110, 137, 32, 242, 39, 123, 50, 140, 107,
       153, 214, 227, 170, 206, 22, 1, 200, 147, 17, 205, 48, 104, 123,
       187, 19, 145, 58, 159, 54, 183, 89, 38, 154, 73, 181, 73, 180,
       250, 58, 103, 118, 237, 127, 82, 255, 120, 139, 164, 92, 163, 77,
       111, 150, 38, 254, 245, 247, 235, 196, 243, 175, 221, 255, 253,
       143, 135, 39, 167, 55, 231, 235, 223, 246, 222, 251, 95, 191, 254,
       223, 255, 252, 191, 108, 254, 190, 102, 255, 223, 255, 112, 247,
       107, 191, 255, 127, 127, 223, 239, 150, 220, 165, 255, 50, 3, 106,
       136, 77, 75, 221, 67, 9, 4, 220, 171, 2, 140, 55, 0, 232, 157,
       207, 161, 76, 163, 192, 192, 213, 112, 138, 187, 53, 14, 126, 210,
       111, 181, 236, 195, 244, 90, 125, 185, 63, 245, 255, 183, 223,
       108, 222, 250, 255, 159, 255, 189, 223, 248, 237, 210, 206, 223,
       247, 197, 199, 230, 206, 241, 72, 16, 19, 168, 61, 79, 72, 89, 45,
       168, 241, 76, 159, 151, 40, 220, 214, 157, 223, 41, 9, 131, 81,
       128, 145, 241, 10, 126, 26, 14, 43, 49, 157, 76, 238, 255, 7, 123,
       255, 252, 125, 246, 247, 146, 251, 106, 159, 235, 127, 228, 255,
       175, 237, 244, 125, 235, 215, 235, 255, 129, 111, 255, 93, 72, 90,
       125, 59, 164, 19, 214, 63, 70, 61, 228, 238, 34, 15, 158, 39, 116,
       254, 253, 221, 193, 73, 155, 176, 238, 243, 245, 138, 3, 35, 52,
       39, 126, 183, 143, 106, 143, 254, 58, 239, 247, 116, 47, 255, 247,
       67, 40, 190, 1, 127, 198, 95, 239, 188, 187, 77, 174, 118, 47,
       166, 208, 229, 255, 242, 197, 120, 249, 248, 102, 45, 220, 219,
       148, 171, 253, 180, 8, 191, 221, 90, 178, 174, 241, 253, 80, 198,
       107, 250, 161, 251, 217, 36, 187, 103, 151, 79, 235, 130, 250,
       152, 155, 226, 133, 60, 239, 30, 31, 64, 55, 164, 242, 106, 73,
       229, 59, 35, 17, 118, 92, 10, 115, 141, 18, 94, 235, 24, 72, 173,
       159, 130, 237, 246, 223, 253, 255, 190, 239, 223, 215, 92, 18,
       236, 236, 127, 47, 255, 123, 179, 145, 246, 252, 187, 255, 47, 62,
       223, 163, 151, 126, 245, 207, 33, 121, 121, 71, 52, 207, 227, 180,
       116, 164, 126, 8, 243, 21, 149, 52, 62, 252, 70, 104, 137, 240,
       117, 47, 101, 140, 33, 16, 97, 155, 70, 232, 2, 145, 50, 216, 101,
       213, 184, 65, 141, 88, 112, 103, 172, 158, 182, 205, 238, 57, 151,
       213, 214, 186, 2, 213, 22, 24, 170, 203, 22, 12, 45, 215, 216,
       190, 158, 188, 185, 238, 16, 55, 174, 191, 134, 57, 191, 183, 66,
       91, 133, 55, 237, 16, 58, 77, 147, 29, 219, 227, 127, 223, 152,
       64, 141, 27, 248, 188, 156, 244, 141, 109, 80, 142, 243, 179, 164,
       24, 127, 243, 64, 27, 129, 247, 236, 16, 42, 111, 218, 34, 219,
       211, 85, 59, 226, 96, 206, 10, 71, 97, 169, 197, 188, 72, 207,
       141, 75, 225, 158, 10, 211, 188, 220, 102, 88, 198, 125, 217, 154,
       41, 237, 128, 233, 60, 143, 252, 132, 42, 212, 100, 187, 224, 216,
       82, 233, 253, 80, 207, 235, 55, 165, 24, 14, 218, 110, 190, 169,
       153, 194, 24, 22, 103, 186, 211, 155, 217, 21, 127, 210, 4, 206,
       206, 67, 215, 197, 135, 162, 10, 175, 188, 44, 97, 90, 229, 253,
       38, 138, 198, 54, 71, 127, 231, 197, 144, 237, 239, 164, 54, 110,
       134, 12, 182, 161, 221, 213, 88, 255, 229, 32, 6, 127, 184, 120,
       138, 178, 96, 213, 63, 145, 123, 166, 213, 125, 239, 225, 213,
       129, 104, 244, 171, 111, 132, 12, 177, 33, 41, 25, 151, 10, 169,
       181, 131, 87, 255, 84, 73, 222, 39, 127, 33, 34, 192, 121, 138,
       140, 124, 222, 185, 5, 191, 250, 197, 36, 84, 186, 142, 184, 27,
       46, 112, 249, 107, 91, 99, 155, 216, 23, 119, 181, 187, 217, 95,
       77, 136, 95, 217, 151, 242, 58, 102, 123, 242, 79, 135, 171, 255,
       245, 27, 38, 243, 57, 91, 107, 238, 118, 129, 203, 112, 68, 72,
       117, 230, 49, 203, 176, 96, 126, 168, 23, 238, 201, 178, 36, 159,
       114, 237, 162, 136, 61, 138, 112, 241, 248, 60, 190, 248, 169,
       108, 93, 87, 179, 31, 180, 57, 63, 191, 64, 123, 135, 147, 253,
       16, 58, 107, 178, 144, 219, 251, 116, 61, 226, 208, 238, 123, 78,
       137, 190, 222, 141, 213, 187, 136, 238, 21, 135, 3, 252, 255, 119,
       107, 225, 119, 251, 219, 22, 73, 251, 241, 95, 59, 223, 89, 146,
       15, 61, 98, 14, 248, 187, 243, 111, 249, 177, 192, 159, 63, 85,
       51, 140, 159, 100, 8, 163, 57, 163, 16, 18, 124, 58, 242, 207,
       211, 91, 107, 146, 9, 5, 227, 185, 228, 49, 97, 181, 111, 71, 191,
       117, 106, 175, 24, 210, 49, 28, 48, 153, 132, 92, 42, 233, 180,
       121, 31, 227, 223, 5, 20, 74, 218, 210, 32, 215, 254, 174, 190,
       253, 213, 190, 246, 191, 223, 154, 191, 238, 252, 119, 131, 255,
       251, 255, 71, 255, 111, 186, 255, 187, 119, 223, 251, 206, 125,
       189, 223, 52, 97, 150, 176, 141, 109, 84, 207, 175, 183, 160, 9,
       143, 187, 69, 154, 201, 147, 237, 16, 30, 107, 83, 144, 155, 215,
       87, 119, 240, 88, 206, 2, 73, 121, 191, 117, 32, 206, 117, 55,
       232, 250, 106, 8, 183, 53, 1, 59, 128, 119, 121, 9, 65, 248, 241,
       44, 197, 171, 116, 0, 192, 112, 7, 107, 13, 85, 237, 71, 242, 50,
       127, 188, 112, 230, 94, 230, 121, 39, 147, 107, 54, 220, 181, 239,
       225, 208, 53, 236, 102, 111, 239, 128, 39, 243, 113, 121, 21, 67,
       99, 175, 118, 2, 107, 120, 117, 192, 87, 198, 89, 99, 185, 112,
       126, 205, 55, 238, 201, 144, 13, 220, 244, 174, 175, 132, 61, 179,
       32, 177, 115, 233, 32, 66, 25, 221, 67, 196, 235, 165, 168, 8, 42,
       152, 86, 182, 168, 230, 248, 193, 78, 107, 252, 241, 187, 92, 5,
       63, 67, 6, 86, 110, 114, 34, 34, 172, 108, 27, 216, 105, 141, 36,
       144, 171, 166, 140, 52, 16, 232, 157, 207, 37, 76, 43, 192, 216,
       144, 20, 154, 187, 85, 12, 62, 10, 125, 33, 200, 229, 69, 62, 104,
       25, 33, 224, 255, 70, 211, 7, 24, 242, 120, 140, 61, 188, 153,
       146, 241, 128, 215, 237, 163, 196, 175, 174, 120, 48, 120, 188,
       150, 254, 171, 225, 84, 235, 179, 23, 169, 57, 47, 255, 11, 155,
       163, 179, 237, 130, 62, 75, 154, 179, 211, 211, 80, 59, 242, 69,
       47, 11, 114, 97, 16, 168, 11, 193, 144, 73, 142, 180, 136, 139,
       164, 203, 97, 130, 218, 177, 235, 225, 78, 3, 194, 221, 144, 128,
       139, 63, 20, 42, 45, 2, 60, 73, 115, 110, 82, 83, 199, 232, 100,
       128, 243, 170, 115, 92, 45, 113, 122, 252, 198, 226, 77, 179, 125,
