%YAML:1.0
---
descriptors: !!opencv-matrix
   rows: 346
   cols: 32
   dt: u
   data: [ 22, 253, 150, 154, 155, 240, 150, 237, 191, 147, 161, 34, 76,
       246, 44, 217, 251, 251, 219, 179, 55, 75, 154, 247, 185, 182, 95,
       127, 153, 83, 175, 151, 179, 141, 231, 166, 229, 82, 78, 247, 17,
       247, 242, 147, 11, 44, 54, 255, 232, 206, 180, 230, 253, 250, 101,
       160, 186, 251, 212, 199, 231, 252, 248, 220, 108, 121, 120, 96,
       116, 221, 83, 81, 107, 172, 189, 8, 27, 157, 198, 52, 28, 152, 70,
       120, 202, 58, 240, 28, 127, 221, 37, 121, 67, 138, 78, 35, 91, 16,
       231, 157, 95, 54, 233, 121, 23, 245, 215, 151, 73, 238, 118, 206,
       127, 237, 187, 173, 157, 211, 191, 221, 27, 107, 207, 204, 47,
       164, 56, 84, 93, 248, 219, 191, 90, 86, 235, 240, 60, 201, 243,
       70, 253, 86, 137, 121, 127, 229, 94, 254, 233, 215, 249, 236, 253,
       231, 175, 200, 137, 51, 35, 241, 77, 188, 229, 243, 215, 180, 255,
       182, 114, 251, 30, 86, 121, 127, 220, 224, 55, 118, 189, 222, 179,
       248, 253, 255, 111, 207, 191, 192, 175, 215, 241, 123, 237, 108,
       153, 101, 56, 47, 79, 184, 18, 170, 33, 72, 215, 51, 65, 49, 145,
       92, 116, 110, 104, 112, 217, 31, 237, 155, 37, 52, 80, 249, 66,
       32, 19, 74, 21, 237, 44, 13, 73, 90, 79, 72, 218, 70, 247, 195,
       181, 108, 214, 129, 62, 111, 203, 33, 99, 249, 128, 186, 114, 152,
       28, 155, 49, 41, 135, 94, 167, 150, 180, 178, 173, 243, 221, 218,
       211, 246, 192, 252, 180, 239, 127, 236, 30, 175, 245, 245, 44,
       206, 56, 58, 223, 134, 141, 125, 241, 117, 94, 97, 251, 108, 54,
       114, 95, 152, 41, 192, 254, 131, 123, 111, 157, 50, 62, 221, 85,
       239, 137, 162, 165, 200, 242, 253, 167, 140, 231, 247, 102, 81, 1,
       157, 59, 127, 116, 239, 230, 119, 252, 200, 122, 64, 182, 184,
       160, 32, 160, 122, 70, 8, 177, 184, 48, 111, 229, 191, 48, 64, 72,
       136, 65, 169, 33, 127, 125, 101, 180, 203, 231, 183, 92, 232, 58,
       104, 179, 52, 209, 176, 28, 126, 94, 106, 233, 184, 101, 46, 237,
       223, 37, 176, 76, 250, 214, 57, 166, 204, 153, 211, 236, 101, 207,
       255, 28, 186, 88, 82, 244, 255, 233, 41, 223, 90, 22, 106, 113,
       122, 90, 242, 45, 158, 239, 236, 149, 250, 144, 161, 64, 156, 59,
       122, 115, 172, 49, 247, 190, 13, 110, 84, 188, 247, 40, 84, 167,
       59, 0, 24, 162, 137, 178, 127, 249, 190, 18, 74, 208, 0, 167, 251,
       91, 98, 82, 236, 62, 144, 123, 88, 175, 132, 149, 194, 109, 195,
       162, 228, 118, 161, 31, 238, 194, 5, 166, 221, 146, 233, 171, 168,
       54, 162, 33, 101, 241, 204, 43, 118, 52, 210, 67, 254, 81, 234,
       223, 58, 115, 212, 176, 52, 89, 228, 92, 171, 233, 231, 172, 175,
       187, 238, 165, 148, 103, 58, 118, 102, 57, 217, 159, 126, 11, 220,
       116, 215, 175, 89, 110, 8, 62, 255, 96, 50, 160, 115, 252, 64, 71,
       237, 146, 225, 243, 255, 84, 11, 106, 16, 235, 155, 64, 148, 190,
       190, 177, 172, 117, 55, 187, 79, 79, 21, 254, 247, 42, 80, 165,
       55, 61, 28, 178, 136, 179, 103, 237, 191, 114, 74, 136, 64, 165,
       123, 154, 54, 22, 189, 43, 187, 56, 26, 191, 190, 83, 255, 207,
       206, 195, 203, 183, 125, 237, 37, 164, 213, 143, 223, 134, 195,
       121, 183, 60, 229, 13, 21, 245, 91, 101, 165, 86, 2, 79, 188, 17,
       232, 210, 239, 81, 103, 153, 117, 126, 196, 125, 238, 233, 210,
       221, 44, 252, 42, 229, 144, 47, 187, 16, 121, 6, 191, 134, 147,
       211, 164, 61, 215, 59, 215, 71, 149, 140, 163, 78, 31, 39, 79, 19,
       148, 50, 216, 154, 224, 110, 22, 223, 230, 142, 212, 187, 218,
       195, 176, 134, 156, 60, 178, 168, 159, 190, 211, 211, 247, 236,
       202, 178, 238, 215, 109, 123, 157, 215, 205, 159, 221, 12, 50,
       223, 138, 12, 148, 185, 29, 1, 189, 63, 124, 51, 206, 117, 119,
       173, 77, 110, 0, 190, 183, 32, 112, 164, 59, 93, 12, 81, 153, 50,
       93, 227, 191, 112, 66, 64, 0, 167, 251, 118, 229, 144, 166, 188,
       141, 70, 173, 171, 177, 171, 41, 207, 248, 73, 22, 153, 197, 108,
       17, 94, 107, 203, 176, 184, 213, 5, 127, 192, 58, 210, 14, 185,
       166, 237, 165, 52, 47, 73, 63, 116, 239, 210, 215, 243, 33, 144,
       1, 57, 140, 93, 45, 168, 252, 69, 14, 236, 175, 176, 148, 237,
       168, 82, 105, 0, 219, 189, 51, 171, 217, 180, 167, 206, 121, 26,
       48, 236, 188, 76, 234, 167, 83, 234, 81, 23, 104, 143, 241, 141,
       83, 95, 119, 212, 24, 141, 15, 173, 190, 239, 95, 252, 103, 199,
       255, 82, 235, 122, 122, 114, 253, 148, 169, 89, 254, 50, 41, 177,
       254, 255, 191, 127, 47, 245, 4, 231, 233, 214, 249, 231, 123, 151,
       42, 232, 71, 23, 220, 159, 254, 177, 237, 70, 198, 239, 155, 220,
       213, 230, 118, 237, 103, 122, 184, 176, 146, 101, 190, 88, 123,
       98, 213, 125, 164, 217, 228, 88, 111, 75, 24, 51, 161, 173, 8, 19,
       247, 64, 48, 25, 220, 80, 56, 11, 94, 216, 10, 251, 141, 165, 60,
       160, 162, 74, 34, 241, 30, 237, 87, 182, 47, 235, 63, 84, 235,
       246, 246, 115, 33, 148, 109, 127, 238, 62, 172, 185, 252, 109,
       174, 124, 174, 245, 208, 253, 232, 240, 61, 124, 43, 251, 230,
       214, 38, 107, 80, 97, 132, 239, 130, 83, 115, 65, 82, 124, 252, 4,
       250, 24, 146, 177, 10, 223, 237, 163, 0, 165, 227, 118, 32, 33,
       160, 177, 252, 116, 67, 169, 104, 90, 176, 112, 10, 181, 249, 112,
       4, 218, 57, 19, 41, 3, 122, 210, 221, 29, 154, 219, 108, 85, 168,
       83, 168, 166, 122, 130, 134, 109, 91, 190, 236, 153, 238, 245,
       255, 44, 204, 231, 7, 207, 253, 207, 103, 228, 103, 138, 234, 54,
       16, 223, 187, 71, 127, 255, 223, 117, 221, 125, 77, 154, 71, 79,
       191, 21, 226, 174, 202, 83, 119, 129, 112, 85, 212, 92, 234, 105,
       131, 121, 14, 251, 238, 165, 20, 49, 250, 36, 120, 49, 151, 67,
       204, 28, 4, 198, 127, 84, 8, 218, 70, 115, 240, 188, 96, 124, 234,
       54, 47, 217, 171, 135, 175, 184, 174, 238, 136, 45, 234, 240, 169,
       59, 32, 239, 77, 85, 119, 233, 104, 87, 224, 246, 2, 83, 232, 63,
       173, 120, 204, 50, 169, 173, 242, 125, 140, 31, 107, 213, 69, 103,
       172, 124, 228, 36, 163, 248, 179, 252, 169, 232, 65, 127, 189,
       177, 89, 142, 8, 92, 24, 171, 11, 79, 21, 146, 122, 72, 240, 156,
       24, 19, 116, 196, 137, 211, 129, 247, 72, 214, 228, 239, 20, 92,
       227, 169, 186, 182, 26, 30, 27, 71, 127, 238, 213, 125, 234, 76,
       87, 209, 192, 147, 250, 206, 150, 42, 176, 234, 7, 2, 159, 23,
       154, 249, 208, 28, 231, 159, 89, 232, 240, 172, 254, 36, 245, 205,
       59, 155, 128, 119, 11, 82, 247, 191, 52, 154, 251, 26, 4, 175,
       159, 9, 183, 245, 93, 178, 187, 163, 191, 94, 165, 82, 246, 237,
       96, 132, 228, 55, 126, 42, 40, 179, 248, 45, 255, 44, 38, 53, 198,
       246, 232, 133, 45, 10, 163, 122, 120, 52, 136, 216, 55, 143, 9,
       124, 33, 191, 221, 52, 64, 134, 59, 149, 25, 146, 40, 2, 223, 111,
       253, 16, 203, 87, 128, 219, 139, 33, 93, 123, 101, 116, 142, 125,
       55, 105, 168, 126, 8, 179, 55, 145, 48, 132, 60, 84, 72, 193, 184,
       113, 46, 231, 253, 36, 128, 66, 176, 66, 169, 10, 142, 6, 184,
       125, 128, 248, 103, 157, 5, 64, 147, 168, 203, 50, 68, 201, 43,
       163, 145, 62, 143, 2, 223, 126, 118, 154, 75, 23, 12, 124, 142,
       228, 127, 157, 229, 164, 14, 103, 180, 48, 170, 42, 76, 215, 35,
       65, 90, 149, 100, 108, 122, 121, 248, 209, 42, 237, 179, 101, 20,
       136, 250, 82, 56, 127, 107, 65, 69, 18, 18, 206, 252, 1, 160, 250,
       234, 113, 66, 157, 180, 126, 236, 116, 238, 201, 146, 205, 12, 48,
       236, 165, 148, 111, 178, 98, 44, 252, 30, 106, 68, 116, 50, 83,
       122, 81, 174, 255, 124, 114, 121, 181, 49, 217, 244, 77, 42, 168,
       167, 161, 14, 114, 175, 161, 145, 229, 235, 126, 35, 83, 24, 151,
       245, 79, 12, 124, 7, 169, 178, 162, 2, 172, 26, 68, 122, 230, 181,
       123, 128, 68, 95, 211, 192, 149, 184, 222, 10, 0, 32, 35, 14, 189,
       57, 115, 71, 20, 70, 107, 216, 97, 200, 246, 70, 123, 83, 133,
       119, 122, 236, 92, 254, 171, 131, 189, 236, 113, 232, 162, 128,
