%YAML:1.0
---
descriptors: !!opencv-matrix
   rows: 365
   cols: 32
   dt: u
   data: [ 204, 127, 159, 229, 164, 14, 101, 55, 184, 170, 34, 76, 247,
       35, 65, 83, 148, 100, 104, 120, 105, 220, 145, 42, 237, 242, 101,
       16, 136, 240, 67, 56, 0, 140, 31, 191, 48, 174, 105, 39, 188, 23,
       106, 17, 183, 163, 32, 72, 129, 35, 105, 13, 50, 189, 19, 103,
       205, 182, 82, 64, 200, 0, 129, 26, 81, 1, 185, 172, 172, 12, 84,
       31, 106, 201, 170, 8, 151, 188, 81, 122, 130, 149, 124, 9, 141,
       105, 243, 0, 155, 253, 126, 28, 224, 104, 22, 106, 88, 182, 218,
       164, 50, 168, 48, 55, 59, 173, 122, 237, 175, 163, 194, 144, 183,
       255, 237, 49, 180, 216, 129, 14, 254, 245, 61, 243, 36, 132, 143,
       27, 45, 44, 122, 97, 244, 174, 123, 19, 121, 137, 126, 24, 159,
       51, 129, 16, 151, 44, 68, 60, 184, 188, 96, 46, 239, 253, 36, 64,
       232, 193, 66, 161, 46, 241, 96, 74, 245, 249, 230, 216, 127, 69,
       117, 189, 203, 205, 254, 156, 91, 138, 199, 86, 158, 50, 60, 243,
       110, 93, 5, 109, 247, 223, 222, 214, 246, 99, 192, 167, 205, 9,
       206, 200, 41, 166, 177, 207, 207, 72, 79, 155, 90, 229, 238, 119,
       76, 99, 220, 200, 180, 208, 199, 62, 77, 127, 90, 196, 222, 91,
       254, 82, 139, 220, 63, 148, 171, 94, 23, 181, 110, 222, 207, 255,
       167, 119, 253, 82, 199, 69, 191, 224, 151, 251, 111, 131, 174,
       247, 141, 119, 185, 165, 138, 237, 149, 31, 118, 223, 119, 41,
       110, 17, 219, 251, 42, 209, 217, 206, 166, 120, 126, 252, 81, 159,
       239, 239, 36, 5, 122, 136, 216, 2, 46, 251, 224, 99, 253, 253,
       215, 212, 23, 109, 189, 173, 138, 221, 223, 180, 157, 218, 215,
       87, 158, 50, 120, 179, 111, 93, 133, 255, 211, 223, 222, 247, 104,
       184, 157, 190, 233, 237, 20, 198, 238, 27, 224, 40, 190, 251, 33,
       219, 195, 243, 238, 80, 2, 79, 210, 57, 215, 247, 86, 59, 208, 89,
       47, 139, 193, 139, 209, 243, 36, 140, 105, 144, 109, 57, 86, 86,
       191, 3, 200, 66, 35, 206, 110, 92, 3, 120, 229, 225, 204, 224, 54,
       192, 46, 136, 1, 41, 39, 41, 86, 81, 237, 191, 234, 226, 239, 120,
       250, 68, 136, 184, 181, 246, 232, 109, 226, 206, 133, 187, 212,
       252, 30, 56, 199, 35, 75, 127, 107, 132, 25, 193, 143, 161, 172,
       14, 233, 214, 100, 201, 250, 81, 151, 35, 0, 106, 106, 135, 126,
       253, 25, 185, 65, 64, 212, 225, 254, 196, 233, 192, 225, 40, 113,
       70, 236, 173, 52, 11, 107, 59, 84, 99, 211, 254, 243, 105, 146,
       96, 120, 236, 126, 45, 173, 180, 69, 159, 228, 239, 177, 144, 125,
       168, 88, 16, 72, 220, 23, 255, 121, 204, 117, 223, 183, 23, 204,
       16, 190, 215, 40, 68, 192, 59, 107, 0, 66, 15, 210, 243, 229, 180,
       22, 10, 18, 88, 165, 42, 54, 28, 51, 238, 7, 103, 215, 96, 125,
       138, 241, 2, 30, 158, 37, 29, 232, 185, 87, 98, 41, 179, 24, 204,
       147, 250, 66, 10, 81, 123, 99, 179, 248, 84, 125, 104, 162, 111,
       85, 31, 113, 75, 180, 56, 31, 55, 13, 57, 186, 147, 196, 32, 57,
       38, 32, 6, 243, 219, 112, 31, 243, 80, 198, 59, 122, 160, 230,
       252, 93, 215, 80, 105, 151, 228, 247, 11, 106, 253, 38, 150, 248,
       189, 239, 161, 12, 227, 186, 221, 219, 243, 193, 63, 99, 46, 126,
       214, 65, 61, 173, 101, 180, 78, 109, 55, 106, 234, 14, 12, 183,
       61, 16, 51, 129, 102, 125, 13, 209, 248, 241, 8, 237, 186, 116,
       16, 72, 224, 211, 122, 3, 27, 167, 133, 160, 6, 173, 55, 44, 202,
       90, 197, 252, 38, 150, 230, 166, 103, 126, 173, 197, 216, 165, 72,
       36, 62, 254, 128, 140, 244, 161, 253, 80, 189, 59, 252, 147, 236,
       53, 55, 188, 1, 106, 16, 188, 179, 0, 81, 162, 63, 121, 8, 114,
       201, 144, 77, 241, 171, 18, 74, 0, 64, 167, 43, 229, 108, 145,
       101, 184, 47, 71, 152, 18, 170, 34, 72, 215, 51, 65, 57, 149, 124,
       124, 106, 105, 116, 217, 62, 229, 222, 37, 52, 64, 251, 66, 32,
       188, 33, 70, 238, 13, 83, 82, 72, 71, 164, 255, 171, 107, 201, 63,
       212, 248, 132, 238, 226, 12, 183, 207, 152, 146, 249, 129, 51,
       103, 175, 124, 6, 195, 157, 43, 95, 52, 204, 235, 180, 125, 77,
       215, 16, 243, 244, 156, 101, 212, 254, 124, 207, 251, 254, 253,
       255, 181, 62, 154, 192, 4, 130, 247, 116, 67, 150, 135, 149, 32,
       166, 168, 55, 172, 73, 91, 245, 252, 166, 150, 198, 167, 39, 127,
       141, 149, 137, 147, 199, 140, 54, 250, 194, 136, 132, 169, 93,
       173, 185, 154, 251, 229, 253, 114, 208, 246, 137, 103, 24, 223,
       241, 96, 208, 249, 106, 230, 24, 61, 179, 154, 18, 239, 237, 37,
       105, 202, 122, 250, 130, 195, 217, 31, 187, 170, 157, 188, 166,
       190, 113, 146, 245, 252, 182, 228, 203, 231, 83, 255, 215, 103,
       77, 27, 245, 172, 243, 126, 222, 156, 17, 137, 29, 37, 89, 189,
       101, 100, 15, 103, 180, 108, 232, 98, 72, 214, 53, 1, 50, 148,
       124, 112, 106, 193, 248, 241, 40, 229, 186, 101, 16, 192, 187, 82,
       185, 86, 52, 159, 176, 185, 100, 24, 10, 174, 155, 139, 57, 206,
       246, 73, 219, 231, 151, 237, 145, 63, 67, 155, 66, 153, 247, 91,
       127, 128, 65, 47, 19, 107, 120, 209, 87, 73, 157, 100, 23, 123,
       171, 102, 92, 42, 17, 196, 182, 161, 174, 226, 24, 193, 124, 177,
       226, 63, 92, 84, 34, 74, 148, 202, 60, 43, 32, 53, 73, 77, 221,
       192, 7, 79, 121, 241, 72, 138, 152, 84, 172, 200, 168, 242, 9,
       143, 122, 115, 209, 7, 88, 208, 58, 91, 12, 82, 172, 92, 183, 148,
       54, 169, 60, 84, 63, 163, 255, 139, 109, 207, 118, 74, 218, 133,
       247, 236, 16, 157, 72, 219, 0, 155, 247, 117, 159, 170, 118, 142,
       23, 40, 185, 120, 67, 124, 207, 99, 81, 103, 172, 253, 8, 147, 17,
       214, 48, 26, 188, 71, 120, 218, 186, 121, 60, 111, 157, 37, 112,
       67, 139, 70, 168, 231, 50, 252, 18, 239, 61, 84, 155, 235, 255,
       183, 61, 74, 248, 223, 63, 135, 197, 252, 22, 180, 103, 254, 226,
       30, 26, 85, 191, 207, 245, 202, 71, 122, 171, 242, 88, 251, 249,
       80, 199, 187, 29, 188, 185, 46, 159, 102, 158, 171, 187, 199, 16,
       30, 75, 162, 241, 59, 220, 20, 251, 243, 68, 238, 207, 92, 241,
       177, 231, 61, 204, 67, 152, 102, 169, 138, 64, 247, 209, 88, 96,
       145, 84, 125, 89, 11, 41, 217, 35, 233, 252, 39, 84, 170, 3, 17,
       34, 58, 188, 248, 112, 173, 253, 208, 71, 155, 255, 188, 25, 139,
       157, 86, 26, 137, 187, 213, 17, 30, 111, 242, 130, 219, 223, 21,
       123, 195, 76, 94, 223, 220, 120, 123, 232, 18, 203, 83, 64, 36,
       36, 243, 170, 159, 23, 1, 80, 122, 157, 93, 226, 74, 23, 192, 63,
       241, 225, 42, 189, 32, 3, 37, 35, 101, 232, 209, 69, 84, 15, 75,
       216, 115, 161, 100, 8, 51, 211, 213, 52, 25, 204, 0, 124, 43, 118,
       248, 10, 15, 140, 133, 44, 235, 163, 66, 160, 129, 3, 105, 121,
       36, 171, 232, 26, 126, 104, 114, 100, 179, 200, 144, 105, 58, 170,
       54, 77, 215, 184, 71, 21, 196, 155, 112, 64, 125, 136, 88, 164,
       108, 16, 149, 117, 140, 111, 229, 58, 166, 243, 42, 64, 247, 113,
       9, 139, 1, 102, 104, 42, 25, 240, 211, 40, 205, 226, 117, 16, 202,
       121, 65, 176, 54, 180, 188, 240, 185, 237, 81, 203, 143, 191, 184,
       25, 159, 159, 69, 26, 201, 147, 95, 17, 26, 107, 90, 146, 219,
       215, 29, 127, 209, 73, 199, 83, 37, 214, 111, 71, 180, 67, 167,
       253, 92, 107, 219, 114, 209, 120, 156, 33, 91, 68, 22, 43, 241,
       244, 109, 31, 44, 14, 231, 196, 77, 234, 208, 161, 150, 80, 106,
       156, 103, 145, 176, 65, 188, 4, 83, 167, 108, 202, 191, 64, 242,
       41, 187, 165, 6, 181, 6, 193, 16, 32, 139, 139, 61, 46, 57, 199,
       43, 176, 44, 121, 125, 253, 80, 10, 95, 121, 180, 29, 178, 217, 6,
       24, 200, 8, 119, 20, 143, 110, 219, 149, 199, 217, 177, 254, 90,
       12, 90, 219, 44, 23, 240, 254, 254, 168, 22, 189, 219, 143, 125,
       229, 238, 233, 170, 89, 223, 123, 166, 51, 152, 226, 202, 172,
       172, 247, 103, 219, 150, 251, 156, 135, 58, 95, 46, 174, 63, 219,
       94, 232, 205, 204, 152, 47, 111, 220, 55, 131, 206, 241, 221, 99,
       236, 163, 106, 189, 243, 241, 41, 155, 117, 63, 60, 95, 52, 183,
