%YAML:1.0
---
descriptors: !!opencv-matrix
   rows: 141
   cols: 32
   dt: u
   data: [ 1, 170, 151, 19, 170, 169, 32, 199, 174, 49, 67, 240, 180,
       130, 192, 107, 39, 26, 106, 24, 19, 93, 139, 113, 12, 2, 126, 104,
       136, 0, 161, 169, 6, 165, 16, 147, 253, 109, 188, 239, 30, 51, 57,
       27, 204, 120, 88, 8, 187, 27, 203, 17, 54, 120, 91, 215, 13, 22,
       31, 127, 148, 72, 205, 134, 134, 60, 187, 177, 226, 235, 177, 67,
       58, 243, 66, 243, 148, 191, 65, 10, 183, 127, 115, 17, 49, 220,
       144, 66, 93, 6, 127, 230, 140, 65, 167, 179, 20, 180, 219, 161,
       178, 98, 187, 67, 60, 227, 75, 243, 213, 39, 64, 0, 55, 95, 17,
       177, 49, 216, 129, 66, 237, 134, 63, 196, 164, 225, 165, 177, 112,
       198, 20, 191, 12, 137, 21, 237, 190, 55, 187, 27, 231, 99, 8, 64,
       233, 215, 111, 2, 106, 111, 75, 183, 177, 214, 95, 126, 16, 90,
       167, 138, 124, 245, 61, 226, 169, 79, 87, 252, 59, 250, 188, 41,
       223, 127, 73, 51, 149, 221, 253, 114, 107, 67, 251, 190, 251, 219,
       101, 188, 18, 243, 135, 115, 242, 71, 229, 236, 28, 2, 206, 40,
       83, 163, 250, 202, 83, 105, 28, 1, 91, 205, 53, 237, 232, 246, 77,
       159, 186, 46, 229, 148, 101, 170, 82, 0, 190, 210, 38, 190, 105,
       87, 148, 121, 21, 110, 245, 191, 74, 159, 38, 149, 253, 253, 247,
       102, 236, 183, 99, 138, 211, 243, 96, 155, 91, 60, 238, 211, 193,
       92, 191, 223, 108, 108, 105, 150, 253, 18, 102, 80, 244, 179, 53,
       127, 227, 116, 106, 10, 161, 69, 179, 234, 7, 186, 82, 0, 72, 241,
       97, 40, 236, 188, 158, 126, 185, 221, 16, 202, 155, 191, 164, 25,
       238, 249, 106, 26, 129, 115, 233, 16, 62, 111, 218, 51, 219, 247,
       85, 123, 210, 109, 143, 3, 0, 158, 17, 187, 188, 165, 41, 191, 30,
       27, 88, 84, 180, 183, 32, 64, 205, 59, 54, 8, 51, 28, 114, 183,
       173, 151, 62, 232, 24, 88, 165, 185, 64, 145, 159, 255, 168, 102,
       53, 135, 174, 155, 202, 0, 213, 55, 32, 107, 225, 87, 121, 16, 17,
       217, 147, 96, 205, 163, 254, 67, 128, 112, 165, 58, 3, 190, 21,
       153, 252, 141, 169, 255, 158, 25, 88, 245, 188, 163, 240, 196,
       199, 11, 51, 29, 179, 24, 67, 247, 44, 22, 62, 232, 28, 136, 129,
       185, 84, 216, 159, 247, 10, 70, 19, 168, 166, 157, 131, 33, 247,
       119, 9, 90, 225, 117, 109, 194, 88, 201, 171, 33, 201, 167, 255,
       85, 160, 51, 37, 107, 142, 12, 142, 149, 225, 118, 60, 135, 62,
       223, 66, 23, 140, 38, 55, 207, 225, 103, 163, 145, 52, 220, 51,
       226, 15, 115, 222, 3, 130, 116, 189, 222, 134, 134, 190, 215, 229,
       46, 181, 135, 190, 183, 67, 17, 204, 61, 76, 207, 165, 87, 179,
       21, 48, 252, 27, 226, 13, 50, 94, 71, 192, 116, 157, 162, 99, 178,
       189, 216, 125, 245, 153, 223, 27, 125, 181, 127, 28, 28, 222, 41,
       223, 23, 247, 17, 151, 111, 251, 213, 91, 95, 123, 254, 150, 12,
       215, 119, 29, 103, 196, 7, 176, 10, 111, 184, 118, 162, 119, 228,
       83, 97, 159, 212, 50, 204, 36, 110, 232, 240, 77, 62, 110, 175,
       229, 132, 111, 243, 216, 0, 250, 146, 45, 90, 95, 253, 145, 159,
       27, 125, 181, 63, 42, 28, 94, 60, 205, 155, 245, 149, 159, 110,
       123, 245, 91, 91, 88, 247, 219, 12, 214, 95, 112, 197, 119, 236,
       151, 66, 70, 237, 101, 128, 250, 35, 99, 121, 32, 69, 248, 246,
       76, 227, 108, 171, 1, 141, 179, 225, 135, 19, 51, 190, 244, 10,
       137, 164, 149, 251, 252, 173, 45, 159, 30, 91, 84, 112, 181, 7,
       200, 236, 213, 26, 54, 28, 51, 92, 107, 151, 140, 151, 54, 236,
       152, 200, 129, 169, 118, 166, 228, 239, 28, 3, 202, 168, 87, 176,
       243, 202, 67, 105, 93, 0, 89, 204, 117, 227, 232, 242, 207, 157,
       170, 250, 229, 180, 117, 187, 80, 0, 87, 96, 209, 97, 98, 106,
       106, 200, 43, 250, 177, 200, 95, 31, 93, 186, 191, 221, 125, 187,
       13, 118, 205, 64, 158, 220, 101, 182, 237, 241, 75, 149, 134, 4,
       214, 252, 187, 171, 152, 234, 159, 178, 240, 25, 206, 235, 37,
       203, 151, 119, 239, 51, 52, 103, 74, 222, 139, 250, 91, 127, 212,
       105, 9, 3, 120, 157, 63, 238, 29, 231, 83, 182, 196, 77, 238, 0,
       115, 119, 32, 112, 192, 178, 157, 8, 43, 137, 113, 63, 227, 239,
       160, 17, 18, 10, 116, 122, 194, 169, 144, 158, 207, 129, 238, 168,
       155, 146, 16, 26, 236, 234, 92, 199, 179, 235, 127, 195, 118, 68,
       202, 255, 189, 18, 207, 251, 20, 37, 27, 6, 188, 180, 248, 241,
       221, 111, 241, 203, 95, 51, 37, 26, 31, 61, 72, 57, 185, 155, 83,
       17, 50, 114, 89, 146, 223, 203, 81, 117, 241, 73, 215, 130, 53,
       207, 133, 158, 140, 11, 70, 232, 19, 178, 185, 254, 226, 96, 201,
       31, 89, 194, 38, 126, 121, 102, 79, 191, 184, 134, 229, 124, 249,
       123, 210, 4, 214, 236, 148, 147, 213, 128, 174, 165, 187, 51, 130,
       19, 228, 226, 77, 71, 225, 235, 42, 211, 102, 92, 202, 243, 189,
       22, 223, 99, 128, 80, 171, 142, 61, 117, 49, 236, 189, 79, 86,
       248, 127, 232, 249, 72, 223, 125, 9, 176, 220, 213, 93, 122, 201,
       35, 89, 158, 251, 221, 37, 62, 218, 59, 66, 51, 200, 248, 188,
       122, 169, 221, 21, 142, 171, 63, 164, 25, 174, 255, 66, 27, 133,
       115, 233, 16, 34, 77, 218, 49, 207, 211, 93, 123, 210, 84, 143,
       43, 118, 164, 218, 182, 237, 41, 92, 207, 187, 179, 186, 25, 175,
       234, 71, 26, 251, 207, 111, 17, 46, 99, 202, 194, 158, 244, 151,
       63, 193, 124, 202, 14, 0, 153, 157, 175, 168, 194, 181, 133, 142,
       61, 138, 51, 212, 191, 32, 74, 198, 87, 123, 81, 18, 9, 211, 33,
       205, 167, 126, 83, 144, 74, 165, 123, 116, 49, 187, 36, 157, 198,
       87, 96, 245, 136, 194, 4, 214, 241, 97, 65, 216, 236, 104, 115,
       88, 227, 144, 12, 249, 241, 199, 30, 64, 58, 114, 34, 199, 34,
       219, 69, 224, 106, 233, 82, 170, 179, 50, 88, 156, 174, 85, 58,
       167, 125, 120, 25, 145, 244, 176, 64, 13, 24, 95, 36, 196, 113,
       71, 160, 121, 219, 126, 110, 42, 30, 87, 60, 225, 204, 190, 236,
       123, 97, 146, 247, 22, 228, 236, 110, 205, 43, 237, 45, 242, 235,
       96, 144, 107, 182, 106, 89, 31, 95, 123, 228, 114, 214, 63, 112,
       45, 200, 94, 230, 125, 159, 161, 240, 54, 125, 151, 239, 193, 153,
       52, 238, 247, 237, 42, 130, 47, 178, 37, 249, 244, 82, 138, 172,
       44, 66, 86, 120, 32, 138, 195, 105, 87, 211, 137, 91, 244, 212,
       109, 226, 76, 199, 137, 8, 208, 227, 231, 157, 32, 179, 54, 3, 9,
       141, 150, 252, 181, 132, 110, 166, 165, 0, 234, 0, 185, 51, 52,
       240, 200, 243, 59, 200, 72, 139, 82, 239, 227, 255, 150, 8, 26,
       152, 224, 42, 132, 160, 221, 243, 236, 169, 249, 27, 239, 179, 49,
       88, 157, 171, 216, 10, 163, 15, 110, 25, 19, 124, 203, 208, 204,
       154, 119, 228, 220, 200, 195, 161, 174, 176, 108, 90, 141, 221,
       81, 221, 207, 117, 37, 157, 10, 220, 126, 191, 139, 154, 199, 16,
       222, 108, 254, 209, 11, 89, 85, 127, 214, 12, 220, 86, 118, 64,
       214, 140, 77, 110, 254, 72, 185, 166, 242, 11, 78, 250, 103, 94,
       248, 245, 239, 227, 12, 231, 219, 200, 149, 58, 203, 31, 129, 127,
       127, 134, 229, 1, 205, 109, 9, 31, 74, 9, 111, 176, 167, 28, 211,
       35, 16, 178, 16, 132, 104, 110, 81, 228, 253, 8, 143, 251, 193,
       20, 104, 42, 91, 32, 242, 72, 223, 244, 108, 40, 108, 148, 169,
       146, 178, 154, 251, 43, 21, 91, 107, 245, 125, 170, 104, 71, 195,
       226, 214, 250, 242, 152, 37, 241, 98, 8, 120, 157, 61, 126, 29,
       238, 83, 182, 197, 12, 174, 0, 242, 119, 32, 116, 193, 50, 92, 8,
       43, 137, 121, 63, 227, 255, 32, 26, 18, 202, 68, 107, 114, 172,
       222, 182, 252, 169, 125, 11, 187, 183, 187, 25, 191, 170, 66, 26,
       235, 239, 111, 17, 62, 107, 202, 226, 220, 212, 191, 62, 192, 104,
       195, 2, 178, 97, 117, 225, 102, 8, 232, 64, 105, 128, 186, 10,
       143, 11, 84, 18, 234, 149, 87, 209, 74, 182, 213, 192, 151, 216,
       138, 66, 101, 138, 115, 138, 89, 61, 153, 229, 184, 15, 92, 190,
       59, 162, 170, 72, 159, 51, 65, 178, 151, 221, 124, 56, 105, 91,
       209, 30, 251, 223, 101, 52, 8, 240, 10, 43, 68, 0, 222, 188, 170,
