%YAML:1.0
---
descriptors: !!opencv-matrix
   rows: 128
   cols: 32
   dt: u
   data: [ 212, 66, 207, 165, 46, 10, 111, 0, 40, 162, 131, 129, 215, 35,
       81, 91, 114, 197, 109, 111, 72, 213, 137, 8, 212, 163, 111, 16,
       36, 243, 35, 0, 25, 93, 255, 229, 244, 110, 111, 182, 125, 202,
       126, 194, 249, 63, 181, 117, 118, 255, 55, 238, 233, 176, 37, 238,
       230, 254, 230, 128, 47, 243, 97, 185, 2, 171, 24, 186, 254, 129,
       178, 207, 142, 5, 88, 35, 164, 146, 96, 64, 203, 59, 3, 1, 18, 26,
       66, 245, 61, 20, 26, 107, 16, 10, 165, 139, 204, 152, 21, 190,
       137, 205, 21, 163, 159, 90, 161, 24, 182, 247, 32, 219, 193, 51,
       232, 2, 115, 77, 90, 63, 193, 243, 80, 59, 26, 72, 5, 59, 128,
       190, 25, 187, 252, 165, 161, 191, 30, 25, 80, 112, 180, 147, 96,
       65, 205, 27, 51, 17, 51, 120, 67, 183, 205, 146, 62, 232, 152, 8,
       129, 185, 201, 255, 125, 255, 126, 214, 123, 56, 226, 200, 29,
       230, 249, 95, 154, 99, 22, 49, 253, 239, 225, 0, 111, 221, 111,
       107, 235, 160, 62, 167, 21, 241, 120, 29, 63, 238, 153, 198, 87,
       55, 132, 76, 238, 0, 115, 119, 34, 112, 64, 246, 93, 106, 89, 139,
       57, 63, 251, 239, 128, 89, 48, 34, 228, 122, 28, 32, 220, 241,
       207, 120, 120, 136, 59, 182, 54, 139, 79, 75, 91, 155, 43, 197,
       237, 153, 12, 240, 151, 192, 206, 219, 213, 69, 231, 245, 74, 130,
       124, 181, 57, 233, 185, 79, 87, 249, 55, 248, 176, 9, 223, 63, 65,
       16, 157, 221, 93, 98, 107, 66, 91, 63, 251, 223, 37, 60, 122, 186,
       198, 51, 62, 182, 182, 170, 233, 127, 144, 251, 31, 127, 253, 189,
       78, 191, 110, 28, 253, 159, 247, 52, 190, 119, 74, 147, 219, 215,
       81, 255, 211, 109, 166, 211, 119, 134, 229, 236, 188, 7, 206, 168,
       83, 170, 185, 202, 83, 105, 20, 17, 89, 197, 53, 239, 169, 234,
       205, 158, 186, 190, 229, 148, 205, 251, 82, 0, 234, 141, 150, 252,
       253, 131, 222, 239, 223, 131, 240, 17, 238, 233, 52, 201, 203,
       123, 127, 1, 52, 239, 66, 191, 170, 254, 86, 27, 150, 252, 249,
       139, 194, 228, 244, 222, 46, 129, 190, 168, 159, 178, 17, 147,
       236, 239, 125, 66, 151, 117, 123, 135, 226, 69, 143, 251, 38, 62,
       207, 190, 21, 246, 65, 5, 250, 56, 173, 116, 139, 117, 153, 87,
       147, 239, 150, 63, 42, 61, 71, 46, 173, 247, 253, 129, 188, 239,
       243, 130, 211, 95, 216, 179, 199, 108, 22, 127, 246, 167, 255,
       222, 254, 3, 222, 232, 27, 160, 209, 234, 92, 124, 148, 17, 62,
       213, 53, 239, 232, 231, 13, 223, 56, 46, 237, 182, 37, 163, 115,
       1, 60, 52, 248, 243, 207, 111, 241, 202, 91, 179, 37, 26, 27, 253,
       77, 56, 185, 153, 115, 16, 58, 118, 218, 146, 95, 223, 81, 119,
       243, 105, 70, 162, 124, 105, 82, 230, 121, 222, 86, 228, 161, 140,
       252, 9, 111, 223, 35, 208, 242, 253, 205, 98, 76, 131, 152, 172,
       243, 253, 5, 27, 98, 54, 38, 75, 128, 203, 23, 187, 24, 137, 38,
       228, 158, 17, 66, 80, 180, 195, 32, 65, 66, 59, 10, 64, 98, 137,
       67, 127, 164, 160, 10, 64, 16, 8, 161, 168, 202, 184, 188, 115,
       139, 237, 17, 142, 187, 63, 164, 25, 174, 151, 66, 27, 167, 83,
       233, 16, 50, 77, 154, 115, 203, 211, 93, 127, 210, 64, 143, 107,
       209, 88, 159, 126, 40, 12, 77, 180, 240, 218, 167, 84, 119, 115,
       129, 123, 36, 228, 124, 110, 233, 69, 187, 43, 241, 170, 100, 24,
       40, 176, 34, 57, 124, 50, 252, 225, 79, 88, 248, 88, 227, 188,
       180, 15, 11, 139, 87, 158, 42, 132, 239, 152, 12, 98, 247, 192,
       95, 217, 225, 173, 239, 164, 78, 210, 101, 49, 29, 229, 52, 15,
       75, 184, 109, 232, 123, 72, 223, 18, 129, 52, 148, 69, 92, 110,
       201, 176, 121, 12, 173, 220, 35, 22, 64, 43, 67, 101, 240, 72,
       223, 188, 76, 10, 108, 36, 233, 146, 178, 90, 127, 106, 5, 91,
       106, 229, 108, 234, 104, 199, 195, 200, 180, 186, 206, 16, 37,
       112, 98, 40, 77, 52, 209, 241, 226, 46, 104, 27, 58, 179, 107, 80,
       221, 51, 73, 250, 183, 31, 124, 24, 51, 212, 153, 66, 205, 239,
       119, 68, 136, 224, 131, 161, 54, 176, 183, 186, 249, 47, 152, 201,
       159, 187, 241, 185, 78, 255, 108, 28, 223, 31, 247, 21, 58, 195,
       10, 210, 155, 222, 89, 254, 210, 109, 163, 215, 107, 178, 249,
       220, 125, 53, 217, 95, 27, 121, 181, 125, 28, 28, 222, 41, 159,
       23, 247, 17, 151, 111, 187, 213, 91, 94, 123, 254, 222, 140, 195,
       119, 6, 165, 16, 131, 221, 109, 184, 73, 14, 49, 57, 26, 204, 122,
       72, 8, 187, 27, 234, 49, 18, 114, 91, 214, 29, 20, 31, 119, 144,
       74, 157, 134, 203, 81, 127, 236, 46, 22, 93, 57, 201, 218, 86,
       227, 253, 223, 182, 99, 134, 53, 181, 239, 201, 196, 166, 221,
       195, 251, 233, 142, 54, 164, 69, 115, 41, 93, 19, 238, 61, 159,
       86, 180, 197, 200, 235, 68, 255, 249, 33, 224, 212, 112, 28, 106,
       201, 169, 88, 63, 227, 255, 37, 24, 90, 58, 64, 59, 198, 172, 144,
       151, 223, 168, 34, 128, 190, 179, 139, 18, 236, 226, 73, 78, 225,
       235, 106, 146, 50, 92, 155, 243, 157, 6, 223, 107, 128, 65, 41,
       14, 155, 158, 239, 227, 166, 34, 253, 214, 21, 207, 222, 246, 25,
       47, 182, 107, 111, 198, 63, 157, 185, 221, 37, 226, 250, 239, 254,
       192, 175, 216, 244, 121, 172, 157, 196, 55, 181, 170, 22, 172, 18,
       147, 9, 181, 237, 97, 73, 143, 23, 122, 161, 115, 114, 220, 26,
       63, 108, 87, 85, 68, 142, 247, 144, 10, 93, 64, 220, 165, 0, 42,
       106, 8, 96, 134, 207, 128, 215, 99, 89, 90, 114, 197, 108, 238, 8,
       212, 197, 8, 196, 225, 235, 5, 164, 243, 41, 0, 122, 50, 224, 229,
       111, 88, 248, 88, 41, 236, 182, 175, 11, 159, 214, 22, 110, 132,
       239, 176, 140, 34, 225, 192, 86, 249, 162, 171, 111, 132, 126,
       215, 184, 233, 114, 110, 113, 217, 86, 244, 113, 140, 244, 8, 43,
       209, 34, 148, 122, 248, 133, 74, 106, 171, 168, 191, 251, 253, 4,
       59, 115, 190, 110, 203, 65, 166, 156, 33, 160, 46, 108, 191, 106,
       59, 42, 92, 223, 32, 216, 122, 133, 71, 108, 28, 210, 124, 193,
       65, 204, 190, 119, 84, 192, 208, 195, 9, 1, 205, 158, 252, 149,
       132, 110, 166, 237, 0, 234, 0, 185, 179, 53, 224, 232, 226, 42,
       200, 72, 139, 18, 239, 161, 255, 150, 8, 0, 120, 233, 10, 90, 184,
       188, 114, 169, 237, 21, 142, 187, 63, 164, 57, 174, 223, 66, 27,
       135, 115, 237, 16, 10, 77, 202, 49, 219, 211, 85, 123, 210, 85,
       143, 107, 54, 48, 214, 240, 123, 3, 152, 200, 143, 177, 176, 169,
       78, 223, 109, 31, 223, 157, 255, 21, 26, 227, 67, 208, 154, 218,
       79, 254, 212, 44, 35, 151, 2, 128, 150, 190, 40, 11, 152, 237,
       159, 51, 241, 24, 207, 234, 44, 203, 211, 3, 110, 17, 86, 107, 11,
       213, 152, 242, 95, 127, 208, 8, 129, 135, 100, 230, 196, 231, 252,
       15, 198, 184, 83, 185, 185, 239, 67, 104, 93, 134, 217, 196, 110,
       118, 78, 98, 203, 147, 46, 222, 197, 126, 249, 251, 88, 132, 198,
       164, 148, 159, 222, 169, 170, 138, 190, 146, 9, 18, 236, 226, 73,
       75, 51, 107, 106, 179, 50, 68, 138, 255, 140, 22, 207, 108, 128,
       97, 3, 128, 5, 164, 221, 177, 236, 43, 233, 91, 238, 51, 57, 88,
       157, 163, 216, 43, 35, 15, 110, 28, 19, 116, 207, 210, 204, 147,
       119, 100, 156, 200, 195, 160, 121, 189, 25, 109, 185, 47, 84, 191,
       51, 168, 188, 76, 159, 51, 64, 112, 157, 223, 124, 104, 105, 122,
       209, 30, 239, 255, 37, 54, 74, 240, 194, 43, 253, 117, 17, 110,
       57, 15, 70, 184, 127, 186, 169, 76, 223, 115, 73, 179, 149, 196,
       108, 110, 233, 99, 219, 63, 185, 251, 69, 60, 72, 115, 66, 33, 96,
       157, 153, 254, 25, 205, 18, 3, 143, 73, 168, 8, 182, 247, 96, 114,
       192, 115, 232, 0, 19, 11, 218, 51, 169, 244, 1, 59, 152, 42, 133,
       51, 125, 71, 196, 71, 48, 26, 78, 184, 113, 170, 251, 228, 83, 96,
       157, 245, 54, 196, 44, 110, 237, 240, 109, 46, 40, 238, 37, 148,
       111, 179, 82, 5, 246, 68, 210, 140, 77, 110, 182, 200, 185, 166,
       242, 11, 78, 250, 103, 219, 248, 245, 239, 227, 76, 103, 218, 202,
       145, 50, 203, 31, 1, 127, 127, 134, 240, 72, 223, 246, 78, 8, 109,
