%YAML:1.0
---
descriptors: !!opencv-matrix
   rows: 205
   cols: 32
   dt: u
   data: [ 113, 13, 199, 77, 212, 10, 111, 98, 117, 162, 238, 2, 115, 33,
       177, 119, 122, 236, 34, 238, 104, 248, 229, 46, 118, 174, 198, 0,
       103, 248, 112, 168, 226, 116, 190, 94, 233, 253, 148, 79, 155,
       159, 177, 57, 238, 252, 110, 159, 141, 51, 239, 19, 110, 103, 218,
       115, 129, 18, 85, 59, 208, 92, 143, 31, 88, 237, 31, 111, 19, 198,
       126, 244, 36, 8, 202, 0, 127, 119, 1, 80, 48, 255, 121, 234, 72,
       153, 25, 109, 241, 165, 6, 1, 33, 83, 167, 42, 45, 73, 65, 79, 76,
       31, 198, 168, 89, 160, 105, 72, 83, 72, 149, 180, 24, 236, 66,
       110, 205, 178, 253, 62, 38, 253, 5, 48, 119, 187, 90, 164, 126,
       66, 88, 232, 111, 89, 249, 72, 41, 76, 180, 14, 79, 78, 31, 157,
       250, 129, 223, 227, 77, 39, 240, 200, 147, 217, 203, 191, 119, 47,
       110, 215, 139, 243, 108, 255, 110, 219, 125, 184, 163, 252, 20,
       162, 249, 95, 155, 35, 38, 113, 253, 238, 192, 64, 174, 157, 103,
       235, 233, 173, 54, 166, 85, 241, 9, 93, 87, 69, 116, 47, 235, 54,
       108, 8, 126, 68, 222, 49, 149, 180, 62, 100, 118, 108, 193, 184,
       1, 108, 103, 190, 34, 128, 74, 224, 67, 169, 246, 100, 241, 229,
       39, 42, 248, 0, 105, 162, 187, 139, 79, 59, 93, 30, 190, 221, 125,
       179, 140, 246, 197, 202, 151, 248, 207, 163, 231, 245, 99, 6, 186,
       188, 191, 62, 219, 255, 145, 215, 55, 127, 244, 63, 106, 253, 38,
       25, 253, 251, 231, 20, 62, 255, 123, 167, 127, 227, 116, 243, 251,
       76, 230, 219, 166, 140, 247, 254, 252, 171, 222, 239, 223, 147,
       240, 88, 239, 233, 36, 77, 215, 123, 127, 40, 50, 111, 74, 191,
       170, 254, 87, 58, 212, 248, 193, 141, 198, 172, 208, 190, 254,
       160, 190, 175, 187, 147, 25, 154, 237, 235, 92, 67, 183, 123, 121,
       145, 50, 76, 138, 243, 172, 22, 223, 238, 132, 96, 129, 8, 196,
       172, 149, 147, 150, 168, 110, 135, 186, 147, 10, 18, 252, 226, 73,
       74, 99, 111, 40, 144, 114, 92, 202, 243, 172, 134, 159, 100, 128,
       112, 129, 8, 248, 89, 126, 110, 9, 86, 87, 248, 225, 130, 166, 8,
       91, 255, 3, 115, 232, 244, 253, 226, 104, 227, 178, 40, 243, 233,
       68, 25, 99, 179, 110, 122, 77, 113, 21, 103, 50, 94, 50, 184, 104,
       104, 99, 100, 94, 19, 141, 242, 178, 85, 124, 122, 81, 176, 153,
       76, 71, 239, 99, 70, 74, 35, 75, 51, 104, 50, 116, 125, 109, 91,
       249, 59, 235, 255, 116, 188, 143, 143, 214, 191, 138, 164, 230,
       12, 176, 126, 227, 220, 87, 219, 115, 237, 86, 140, 70, 243, 3,
       61, 91, 229, 242, 158, 190, 119, 188, 72, 122, 228, 189, 190, 161,
       112, 166, 63, 31, 204, 193, 152, 52, 238, 244, 253, 46, 128, 12,
       144, 163, 185, 122, 233, 114, 108, 125, 221, 94, 103, 235, 12,
       252, 9, 42, 159, 54, 180, 248, 186, 199, 72, 78, 43, 176, 253,
       179, 221, 4, 59, 115, 142, 238, 206, 81, 77, 222, 213, 52, 138,
       110, 38, 125, 128, 110, 2, 121, 35, 177, 116, 114, 238, 46, 234,
       104, 248, 5, 238, 230, 239, 230, 0, 103, 240, 96, 168, 38, 189,
       17, 170, 217, 201, 162, 207, 158, 1, 104, 75, 164, 218, 104, 0,
       217, 59, 3, 81, 19, 43, 74, 245, 189, 148, 15, 126, 152, 10, 131,
       139, 242, 199, 70, 174, 157, 2, 199, 237, 197, 36, 179, 3, 67, 40,
       60, 71, 120, 196, 108, 227, 108, 163, 13, 173, 176, 226, 198, 23,
       113, 58, 244, 6, 101, 193, 13, 173, 44, 14, 77, 184, 105, 250,
       246, 76, 215, 52, 18, 119, 200, 196, 124, 111, 201, 226, 243, 12,
       165, 186, 192, 20, 72, 58, 82, 116, 55, 123, 122, 10, 100, 142,
       255, 192, 233, 204, 249, 47, 26, 220, 183, 48, 190, 233, 87, 71,
       196, 179, 190, 104, 115, 60, 37, 138, 77, 179, 103, 215, 214, 122,
       188, 180, 171, 104, 20, 143, 171, 246, 128, 189, 135, 190, 67, 27,
       135, 213, 237, 17, 108, 79, 219, 0, 217, 211, 93, 63, 160, 116, 7,
       91, 73, 75, 93, 103, 36, 14, 111, 180, 108, 168, 126, 100, 251,
       97, 145, 114, 22, 228, 108, 110, 201, 176, 237, 44, 230, 249, 101,
       128, 74, 179, 66, 41, 141, 178, 165, 145, 237, 61, 105, 187, 126,
       127, 37, 220, 157, 167, 218, 47, 37, 14, 234, 28, 183, 92, 255,
       214, 79, 219, 87, 100, 154, 204, 207, 244, 217, 80, 159, 118, 40,
       14, 77, 180, 240, 218, 166, 92, 119, 51, 129, 123, 4, 244, 124,
       110, 233, 69, 243, 41, 241, 235, 116, 16, 40, 176, 66, 57, 57, 77,
       74, 79, 213, 31, 230, 236, 113, 160, 238, 8, 99, 232, 55, 176, 56,
       238, 66, 106, 76, 187, 12, 62, 115, 255, 5, 49, 115, 59, 202, 140,
       178, 188, 183, 184, 234, 175, 176, 247, 159, 123, 240, 249, 62,
       255, 164, 25, 237, 251, 255, 17, 186, 219, 202, 245, 91, 90, 93,
       250, 209, 76, 162, 251, 72, 172, 144, 187, 153, 237, 49, 134, 62,
       19, 9, 25, 174, 243, 65, 217, 129, 91, 232, 16, 50, 76, 219, 51,
       205, 214, 30, 123, 146, 73, 5, 10, 152, 205, 19, 78, 209, 71, 70,
       239, 53, 8, 238, 0, 122, 243, 40, 244, 248, 222, 74, 234, 104,
       155, 24, 127, 179, 252, 4, 0, 82, 210, 226, 42, 77, 53, 145, 225,
       176, 46, 104, 27, 58, 187, 107, 80, 223, 51, 72, 250, 183, 31,
       116, 56, 19, 208, 217, 2, 206, 239, 55, 68, 168, 224, 139, 161,
       72, 232, 252, 123, 11, 253, 80, 174, 107, 53, 44, 9, 191, 61, 78,
       27, 131, 19, 233, 0, 22, 104, 251, 49, 207, 219, 85, 125, 208, 3,
       207, 74, 114, 104, 80, 156, 77, 137, 248, 70, 235, 33, 224, 11,
       174, 152, 20, 20, 168, 169, 123, 193, 78, 43, 194, 241, 151, 88,
       24, 59, 69, 12, 82, 142, 236, 227, 212, 117, 173, 15, 70, 184, 87,
       186, 183, 89, 211, 105, 89, 139, 89, 196, 108, 122, 124, 102, 203,
       144, 111, 219, 229, 125, 123, 185, 216, 2, 110, 227, 236, 183,
       188, 67, 207, 189, 22, 253, 150, 175, 193, 237, 219, 74, 93, 198,
       253, 255, 218, 71, 239, 176, 238, 215, 239, 253, 135, 191, 212,
       112, 9, 157, 57, 127, 49, 205, 86, 178, 86, 8, 125, 76, 191, 113,
       33, 224, 149, 122, 28, 74, 251, 168, 91, 63, 227, 255, 37, 24, 90,
       139, 1, 59, 77, 15, 151, 69, 164, 62, 103, 187, 121, 202, 126, 76,
       223, 96, 157, 254, 145, 70, 108, 46, 145, 240, 235, 35, 134, 255,
       101, 20, 202, 243, 67, 37, 9, 27, 86, 69, 48, 158, 238, 54, 109,
       136, 126, 100, 188, 51, 149, 244, 38, 100, 126, 108, 129, 184, 1,
       108, 38, 255, 34, 128, 74, 160, 75, 169, 157, 79, 71, 117, 176,
       170, 103, 155, 118, 162, 110, 212, 211, 99, 129, 125, 113, 238,
       108, 126, 41, 208, 109, 30, 228, 175, 229, 4, 170, 241, 192, 32,
       100, 61, 121, 101, 180, 79, 71, 185, 96, 172, 254, 8, 211, 53,
       129, 48, 88, 212, 68, 106, 105, 178, 249, 14, 239, 237, 37, 20,
       97, 250, 70, 224, 237, 166, 236, 99, 172, 59, 74, 152, 19, 186,
       189, 252, 211, 105, 219, 191, 93, 196, 125, 126, 185, 118, 237,
       146, 206, 219, 229, 244, 207, 255, 90, 112, 98, 50, 101, 193, 109,
       221, 249, 83, 235, 125, 244, 175, 136, 157, 214, 62, 238, 149,
       255, 133, 133, 58, 246, 208, 23, 88, 146, 235, 79, 140, 119, 247,
       132, 253, 21, 186, 153, 135, 166, 236, 158, 16, 160, 74, 180, 210,
       40, 133, 220, 123, 74, 115, 115, 11, 90, 255, 168, 144, 15, 126,
       24, 26, 129, 136, 196, 32, 221, 241, 238, 40, 249, 75, 251, 179,
       179, 88, 159, 171, 217, 27, 171, 197, 127, 157, 50, 101, 199, 192,
       220, 154, 127, 236, 197, 225, 67, 161, 72, 181, 189, 113, 185, 77,
       21, 143, 59, 63, 36, 57, 158, 55, 72, 27, 163, 151, 237, 16, 82,
       77, 185, 17, 251, 211, 85, 119, 194, 80, 135, 107, 131, 206, 102,
       159, 102, 147, 174, 228, 221, 74, 210, 230, 104, 72, 181, 229,
       110, 97, 158, 239, 229, 173, 14, 255, 32, 58, 238, 130, 95, 189,
       121, 141, 5, 164, 221, 241, 236, 169, 233, 155, 238, 51, 49, 90,
       157, 171, 216, 43, 43, 15, 110, 24, 19, 124, 207, 208, 204, 158,
       119, 116, 156, 200, 129, 161, 167, 94, 103, 95, 116, 147, 239,
       240, 213, 202, 116, 230, 113, 196, 181, 101, 94, 232, 22, 238,
       225, 182, 108, 255, 36, 40, 162, 128, 127, 191, 112, 245, 122,
