%YAML:1.0
---
descriptors: !!opencv-matrix
   rows: 151
   cols: 32
   dt: u
   data: [ 124, 245, 189, 226, 185, 79, 87, 184, 59, 250, 189, 9, 223,
       127, 73, 49, 149, 223, 253, 98, 105, 67, 251, 58, 251, 219, 101,
       189, 114, 243, 198, 115, 214, 204, 150, 147, 149, 32, 166, 134,
       58, 51, 202, 18, 228, 34, 73, 78, 233, 207, 42, 147, 50, 220, 201,
       226, 189, 54, 222, 67, 128, 83, 169, 14, 80, 237, 150, 191, 60,
       139, 39, 174, 62, 55, 202, 1, 247, 227, 0, 64, 201, 215, 111, 0,
       10, 137, 203, 55, 253, 182, 63, 16, 0, 88, 133, 40, 180, 198, 193,
       158, 220, 3, 198, 232, 18, 179, 185, 222, 211, 104, 217, 1, 89,
       194, 70, 187, 123, 103, 76, 191, 184, 150, 237, 124, 221, 122,
       210, 128, 246, 72, 214, 142, 77, 70, 86, 232, 185, 134, 226, 11,
       78, 250, 37, 219, 248, 245, 237, 227, 108, 231, 154, 234, 145,
       178, 199, 31, 1, 63, 126, 6, 69, 54, 217, 229, 232, 44, 105, 27,
       42, 187, 63, 92, 221, 243, 201, 123, 151, 87, 125, 60, 145, 80,
       219, 64, 207, 185, 115, 236, 136, 227, 67, 33, 46, 34, 248, 85,
       93, 120, 233, 8, 123, 135, 246, 138, 169, 9, 95, 190, 122, 244,
       231, 152, 10, 118, 245, 200, 71, 219, 147, 1, 231, 245, 94, 230,
       194, 228, 240, 190, 110, 129, 190, 138, 155, 178, 24, 153, 236,
       238, 125, 10, 151, 125, 125, 135, 226, 71, 142, 251, 172, 62, 207,
       190, 20, 116, 3, 5, 193, 220, 28, 91, 57, 141, 20, 190, 159, 27,
       160, 92, 190, 19, 5, 93, 133, 19, 238, 0, 99, 44, 83, 63, 167,
       154, 80, 58, 88, 8, 9, 31, 244, 72, 207, 166, 14, 74, 71, 160,
       160, 134, 163, 139, 87, 3, 1, 91, 112, 196, 109, 226, 104, 215,
       157, 40, 209, 227, 239, 25, 33, 51, 118, 114, 17, 159, 223, 127,
       178, 170, 99, 159, 118, 9, 110, 228, 247, 99, 136, 112, 55, 62,
       44, 24, 155, 152, 45, 61, 232, 166, 48, 128, 248, 194, 128, 57,
       202, 172, 188, 122, 155, 253, 16, 174, 155, 189, 44, 25, 174, 255,
       66, 27, 131, 115, 233, 16, 54, 111, 218, 113, 239, 211, 85, 123,
       210, 69, 143, 11, 134, 4, 142, 149, 205, 102, 165, 15, 190, 183,
       3, 17, 204, 35, 9, 207, 193, 70, 235, 17, 49, 205, 147, 194, 77,
       50, 223, 7, 128, 112, 189, 130, 245, 237, 201, 250, 236, 33, 78,
       252, 194, 218, 184, 74, 83, 225, 249, 35, 89, 194, 94, 254, 123,
       99, 206, 186, 184, 137, 165, 60, 221, 251, 250, 128, 121, 223, 94,
       110, 58, 30, 95, 188, 100, 72, 174, 228, 123, 99, 130, 112, 54,
       228, 108, 110, 249, 137, 109, 45, 250, 239, 100, 208, 106, 178,
       106, 57, 2, 175, 17, 186, 217, 201, 180, 239, 158, 21, 104, 27,
       164, 195, 104, 0, 233, 59, 3, 17, 18, 11, 26, 245, 189, 148, 30,
       123, 144, 8, 133, 138, 101, 96, 57, 69, 44, 31, 103, 56, 105, 234,
       254, 8, 214, 16, 159, 52, 144, 68, 92, 110, 201, 176, 237, 92,
       229, 157, 33, 52, 64, 187, 67, 229, 200, 252, 188, 115, 185, 217,
       21, 143, 187, 63, 164, 25, 174, 183, 66, 27, 129, 83, 233, 16, 50,
       77, 251, 115, 235, 211, 85, 127, 210, 0, 135, 107, 218, 80, 125,
       237, 110, 18, 93, 56, 137, 202, 87, 231, 221, 255, 151, 115, 166,
       245, 245, 239, 196, 68, 230, 201, 198, 251, 233, 138, 39, 166, 69,
       243, 122, 90, 166, 188, 105, 94, 84, 80, 51, 126, 246, 175, 106,
       221, 167, 222, 236, 253, 247, 6, 204, 247, 225, 129, 211, 115,
       240, 187, 75, 124, 126, 215, 118, 226, 228, 237, 60, 35, 78, 184,
       87, 178, 243, 202, 99, 105, 93, 0, 89, 204, 53, 163, 138, 246,
       207, 159, 138, 250, 229, 180, 125, 187, 80, 0, 134, 133, 214, 186,
       251, 139, 158, 107, 159, 51, 121, 25, 206, 234, 44, 193, 151, 59,
       111, 51, 116, 99, 10, 215, 138, 254, 79, 127, 212, 105, 137, 135,
       70, 236, 148, 159, 79, 129, 174, 141, 155, 178, 16, 26, 236, 234,
       93, 207, 51, 109, 127, 131, 98, 68, 202, 251, 173, 22, 223, 190,
       52, 112, 147, 12, 205, 177, 145, 225, 224, 44, 104, 31, 58, 179,
       99, 80, 221, 51, 72, 251, 183, 31, 116, 60, 51, 216, 153, 66, 205,
       249, 119, 100, 136, 224, 131, 161, 240, 72, 223, 252, 14, 10, 108,
       36, 169, 178, 178, 26, 111, 43, 5, 91, 106, 229, 108, 226, 104,
       71, 195, 232, 179, 250, 198, 16, 37, 176, 98, 8, 252, 132, 121,
       97, 149, 107, 67, 47, 115, 39, 175, 24, 83, 53, 8, 48, 57, 150,
       72, 56, 58, 56, 121, 31, 235, 239, 21, 85, 227, 194, 198, 98, 97,
       32, 20, 176, 44, 45, 64, 10, 171, 186, 176, 88, 151, 3, 64, 26,
       201, 133, 108, 16, 8, 111, 194, 80, 153, 218, 115, 60, 72, 200,
       66, 40, 125, 85, 149, 236, 189, 79, 86, 252, 63, 168, 248, 72,
       223, 125, 9, 176, 216, 213, 124, 106, 105, 35, 89, 190, 251, 255,
       5, 62, 90, 59, 66, 51, 164, 160, 217, 241, 236, 41, 249, 27, 255,
       51, 49, 88, 157, 169, 220, 11, 171, 11, 78, 25, 51, 116, 203, 208,
       76, 154, 119, 124, 212, 200, 195, 161, 84, 173, 222, 179, 236,
       169, 105, 203, 175, 55, 187, 25, 223, 234, 74, 26, 235, 199, 111,
       17, 26, 99, 202, 98, 220, 246, 127, 124, 192, 89, 131, 2, 209, 88,
       159, 118, 44, 78, 85, 180, 240, 250, 166, 24, 247, 51, 65, 123,
       37, 244, 124, 106, 105, 101, 187, 34, 209, 171, 117, 16, 104, 240,
       66, 59, 242, 75, 71, 236, 14, 66, 79, 164, 225, 150, 178, 99, 99,
       74, 21, 83, 104, 244, 108, 227, 104, 199, 197, 236, 177, 162, 199,
       16, 37, 48, 244, 34, 109, 229, 148, 102, 185, 13, 70, 184, 235,
       176, 169, 76, 223, 224, 89, 179, 145, 196, 108, 126, 239, 99, 219,
       63, 185, 219, 69, 124, 200, 115, 75, 4, 88, 60, 185, 245, 49, 236,
       113, 55, 59, 235, 118, 57, 191, 63, 0, 16, 167, 63, 253, 1, 48,
       220, 209, 142, 215, 247, 58, 131, 128, 192, 7, 123, 249, 203, 100,
       108, 51, 26, 75, 188, 101, 76, 238, 172, 123, 71, 146, 244, 54,
       196, 236, 238, 201, 152, 109, 63, 250, 237, 37, 208, 107, 166, 98,
       121, 242, 97, 115, 229, 39, 72, 232, 64, 105, 128, 186, 138, 175,
       11, 85, 18, 234, 157, 85, 209, 74, 182, 196, 192, 151, 216, 138,
       2, 101, 130, 99, 136, 123, 18, 230, 165, 111, 28, 112, 120, 41,
       92, 246, 175, 74, 93, 238, 214, 238, 149, 255, 5, 204, 179, 227,
       193, 214, 121, 194, 147, 103, 172, 118, 215, 101, 99, 56, 103, 36,
       31, 115, 56, 109, 236, 127, 8, 223, 18, 159, 52, 146, 204, 76,
       106, 201, 176, 113, 76, 197, 157, 33, 52, 64, 179, 67, 101, 116,
       111, 142, 52, 141, 139, 70, 230, 224, 134, 238, 9, 35, 160, 3, 18,
       72, 230, 104, 74, 76, 171, 198, 40, 176, 231, 197, 25, 65, 123,
       122, 8, 128, 237, 21, 187, 24, 133, 167, 236, 158, 16, 192, 81,
       180, 195, 32, 65, 201, 43, 11, 66, 98, 205, 74, 127, 173, 144, 30,
       120, 16, 24, 161, 168, 122, 176, 61, 123, 171, 253, 217, 159, 15,
       121, 181, 63, 26, 157, 94, 121, 205, 155, 245, 17, 159, 122, 251,
       241, 91, 89, 24, 255, 219, 12, 214, 127, 90, 48, 188, 253, 13,
       196, 88, 59, 190, 25, 210, 83, 191, 159, 16, 67, 238, 177, 127,
       129, 14, 76, 211, 217, 215, 251, 250, 153, 48, 0, 37, 11, 203, 82,
       127, 108, 42, 86, 29, 55, 165, 78, 214, 245, 221, 61, 182, 127,
       198, 21, 253, 47, 229, 135, 229, 128, 82, 251, 120, 146, 46, 244,
       164, 127, 85, 99, 31, 101, 48, 15, 111, 56, 109, 172, 255, 8, 223,
       82, 141, 116, 150, 221, 76, 106, 201, 176, 249, 76, 229, 253, 35,
       4, 64, 163, 71, 37, 84, 112, 159, 118, 42, 108, 81, 26, 176, 218,
       166, 24, 119, 247, 65, 123, 35, 244, 124, 10, 41, 71, 187, 0, 209,
       171, 113, 24, 168, 241, 38, 59, 38, 112, 246, 188, 105, 3, 152,
       72, 15, 161, 240, 169, 110, 191, 101, 158, 222, 189, 255, 5, 12,
       211, 195, 192, 146, 122, 91, 186, 198, 172, 35, 215, 29, 71, 196,
       71, 176, 26, 78, 184, 117, 170, 127, 228, 83, 96, 157, 244, 54,
       204, 36, 110, 233, 240, 109, 46, 162, 175, 101, 132, 110, 179, 80,
       5, 68, 128, 222, 184, 186, 11, 152, 105, 158, 179, 177, 25, 207,
       234, 108, 203, 215, 85, 111, 49, 52, 107, 11, 212, 152, 243, 107,
       127, 212, 41, 137, 131, 120, 61, 157, 229, 184, 47, 84, 191, 59,
