%YAML:1.0
---
descriptors: !!opencv-matrix
   rows: 188
   cols: 32
   dt: u
   data: [ 88, 169, 82, 238, 57, 222, 90, 116, 165, 13, 252, 9, 47, 223,
       32, 212, 166, 191, 205, 64, 12, 171, 18, 253, 243, 253, 0, 27, 98,
       6, 110, 11, 93, 13, 247, 205, 246, 10, 111, 182, 124, 130, 126,
       98, 249, 115, 177, 101, 114, 238, 62, 234, 225, 184, 37, 238, 100,
       174, 231, 0, 39, 248, 113, 168, 2, 233, 24, 186, 252, 193, 182,
       207, 142, 5, 88, 43, 164, 223, 104, 64, 203, 59, 3, 65, 82, 11,
       74, 245, 61, 20, 30, 123, 16, 26, 165, 139, 166, 140, 215, 254,
       252, 171, 94, 239, 223, 131, 112, 88, 239, 233, 52, 205, 211, 107,
       111, 40, 48, 111, 74, 191, 170, 254, 87, 58, 212, 248, 193, 141,
       194, 172, 150, 180, 190, 160, 190, 174, 186, 178, 24, 18, 172,
       235, 112, 66, 131, 111, 121, 153, 50, 77, 138, 243, 172, 54, 95,
       238, 132, 113, 177, 9, 201, 241, 125, 255, 110, 214, 127, 56, 232,
       216, 21, 230, 253, 95, 147, 99, 38, 117, 253, 238, 197, 64, 238,
       221, 103, 235, 233, 136, 54, 166, 21, 241, 114, 144, 224, 94, 95,
       212, 145, 63, 27, 109, 180, 63, 42, 60, 22, 180, 221, 147, 253,
       129, 191, 47, 241, 255, 27, 126, 152, 251, 219, 12, 222, 95, 88,
       254, 152, 183, 177, 143, 86, 183, 59, 171, 250, 77, 255, 59, 64,
       144, 183, 255, 236, 16, 220, 122, 201, 58, 255, 223, 53, 178, 234,
       208, 203, 11, 73, 176, 149, 103, 33, 76, 116, 184, 233, 123, 34,
       40, 254, 113, 72, 59, 130, 22, 104, 40, 65, 240, 179, 1, 71, 249,
       80, 34, 74, 2, 67, 59, 141, 182, 224, 145, 253, 121, 225, 59, 118,
       125, 53, 254, 201, 230, 202, 175, 59, 10, 206, 24, 183, 116, 237,
       215, 78, 87, 119, 231, 254, 204, 205, 245, 226, 124, 186, 90, 233,
       237, 148, 207, 154, 159, 169, 57, 166, 252, 111, 24, 141, 51, 235,
       17, 34, 111, 218, 51, 89, 23, 93, 123, 208, 88, 143, 219, 205, 82,
       141, 181, 100, 62, 109, 156, 56, 254, 246, 221, 221, 39, 211, 222,
       119, 196, 238, 206, 225, 116, 255, 194, 196, 163, 243, 132, 10,
       245, 109, 121, 122, 56, 236, 117, 139, 117, 145, 23, 145, 239,
       150, 191, 42, 61, 71, 46, 237, 183, 253, 129, 188, 239, 243, 130,
       83, 119, 216, 179, 231, 124, 150, 127, 129, 164, 157, 187, 236,
       169, 172, 143, 30, 59, 81, 248, 180, 163, 200, 9, 207, 27, 34, 17,
       51, 88, 75, 211, 44, 18, 126, 236, 152, 72, 129, 169, 15, 146, 51,
       248, 117, 215, 184, 73, 94, 73, 210, 103, 252, 222, 60, 232, 255,
       59, 191, 149, 151, 155, 3, 223, 31, 127, 187, 207, 158, 12, 57,
       87, 73, 177, 213, 101, 98, 72, 49, 56, 105, 89, 50, 104, 158, 23,
       200, 54, 146, 21, 108, 32, 67, 48, 179, 65, 5, 248, 96, 6, 74,
       162, 71, 179, 91, 181, 126, 121, 179, 222, 125, 55, 253, 105, 127,
       177, 191, 191, 150, 117, 38, 191, 253, 12, 245, 216, 181, 85, 239,
       251, 52, 195, 110, 132, 207, 127, 3, 125, 123, 225, 50, 158, 191,
       118, 173, 72, 90, 228, 189, 159, 165, 96, 182, 61, 31, 239, 193,
       153, 32, 238, 182, 253, 42, 130, 12, 146, 33, 249, 45, 165, 32,
       35, 220, 191, 194, 185, 87, 121, 189, 92, 211, 120, 218, 36, 217,
       138, 86, 63, 191, 50, 93, 151, 76, 30, 161, 116, 223, 139, 216,
       148, 122, 169, 82, 106, 57, 221, 82, 213, 171, 13, 252, 9, 46,
       223, 38, 148, 170, 186, 197, 64, 14, 43, 146, 253, 179, 252, 0,
       27, 98, 134, 238, 14, 1, 79, 222, 229, 244, 14, 110, 118, 252,
       128, 110, 66, 253, 163, 177, 98, 114, 108, 62, 234, 64, 152, 129,
       238, 239, 174, 230, 0, 36, 242, 97, 168, 34, 191, 17, 170, 221,
       141, 182, 239, 14, 1, 105, 75, 164, 219, 108, 0, 217, 27, 3, 81,
       82, 10, 74, 245, 189, 148, 30, 126, 144, 74, 133, 139, 104, 34,
       244, 93, 109, 89, 249, 83, 107, 253, 116, 189, 143, 141, 214, 191,
       206, 45, 231, 12, 148, 122, 226, 192, 70, 123, 114, 171, 199, 140,
       79, 223, 200, 240, 184, 113, 169, 105, 21, 143, 187, 55, 36, 25,
       142, 183, 74, 26, 131, 83, 237, 16, 18, 76, 251, 51, 207, 209, 21,
       127, 194, 80, 135, 107, 61, 103, 196, 71, 176, 26, 78, 184, 119,
       168, 123, 228, 83, 96, 157, 244, 54, 204, 36, 110, 233, 240, 205,
       46, 168, 174, 37, 132, 111, 243, 72, 5, 52, 160, 184, 241, 205,
       47, 240, 200, 91, 177, 161, 27, 86, 219, 109, 26, 249, 157, 115,
       16, 18, 119, 218, 144, 95, 153, 1, 127, 209, 73, 86, 130, 208, 72,
       223, 182, 78, 10, 109, 160, 249, 146, 178, 26, 95, 34, 5, 91, 98,
       229, 108, 226, 104, 71, 203, 232, 149, 162, 223, 16, 37, 49, 99,
       40, 198, 164, 48, 131, 221, 109, 240, 9, 127, 53, 185, 27, 206,
       120, 92, 136, 187, 155, 203, 49, 50, 114, 219, 214, 157, 20, 15,
       119, 197, 15, 221, 134, 125, 117, 145, 236, 185, 15, 94, 255, 59,
       170, 184, 76, 223, 251, 65, 48, 157, 221, 93, 34, 107, 99, 219,
       159, 249, 223, 37, 190, 88, 120, 194, 27, 178, 186, 167, 184, 226,
       143, 180, 199, 191, 251, 242, 251, 46, 191, 36, 25, 237, 251, 247,
       17, 250, 255, 2, 227, 31, 114, 94, 234, 193, 92, 167, 251, 109,
       97, 149, 39, 100, 95, 99, 216, 107, 248, 123, 72, 223, 80, 89,
       176, 152, 204, 94, 110, 205, 242, 249, 24, 173, 217, 37, 36, 72,
       187, 66, 197, 15, 182, 237, 145, 172, 251, 176, 155, 127, 127,
       189, 255, 136, 252, 206, 45, 31, 158, 238, 20, 183, 112, 239, 215,
       78, 82, 119, 247, 223, 204, 221, 247, 233, 82, 165, 149, 77, 62,
       237, 24, 56, 214, 182, 220, 219, 167, 211, 255, 77, 196, 254, 14,
       233, 102, 247, 192, 199, 123, 243, 16, 74, 253, 90, 252, 78, 199,
       237, 247, 138, 114, 95, 157, 150, 255, 159, 179, 201, 111, 219,
       75, 95, 215, 237, 182, 56, 70, 239, 226, 110, 231, 255, 221, 183,
       255, 180, 113, 118, 96, 241, 229, 102, 74, 248, 0, 105, 161, 176,
       139, 15, 15, 85, 59, 190, 213, 117, 249, 136, 240, 197, 192, 151,
       248, 195, 163, 231, 177, 67, 134, 55, 123, 106, 30, 108, 134, 223,
       64, 233, 204, 249, 13, 34, 220, 55, 48, 174, 233, 87, 71, 196,
       163, 190, 104, 83, 56, 7, 170, 69, 191, 118, 215, 242, 67, 71,
       172, 15, 66, 78, 37, 241, 54, 162, 3, 99, 74, 21, 87, 104, 196,
       109, 227, 108, 231, 77, 173, 177, 226, 198, 19, 37, 48, 244, 6,
       121, 187, 154, 167, 177, 141, 88, 245, 43, 169, 255, 77, 255, 251,
       74, 208, 180, 207, 236, 84, 158, 187, 217, 49, 251, 253, 37, 240,
       200, 130, 202, 11, 9, 139, 110, 69, 52, 219, 232, 39, 109, 69,
       110, 132, 171, 40, 150, 36, 58, 38, 234, 108, 68, 185, 37, 207,
       166, 127, 0, 17, 103, 140, 223, 92, 172, 141, 127, 81, 212, 163,
       229, 254, 86, 34, 246, 214, 16, 41, 181, 73, 89, 70, 2, 120, 177,
       191, 37, 62, 126, 15, 181, 68, 223, 137, 240, 168, 218, 81, 117,
       236, 47, 22, 93, 56, 201, 216, 84, 163, 253, 223, 180, 103, 134,
       53, 181, 239, 200, 196, 182, 221, 195, 251, 233, 142, 54, 166, 69,
       115, 99, 178, 252, 232, 124, 23, 216, 91, 91, 121, 177, 253, 28,
       157, 222, 56, 159, 29, 181, 21, 151, 107, 171, 213, 155, 91, 251,
       254, 30, 140, 211, 87, 116, 79, 206, 36, 156, 138, 102, 230, 244,
       134, 238, 1, 99, 161, 51, 82, 104, 230, 232, 102, 76, 251, 197,
       44, 240, 231, 69, 17, 97, 249, 126, 10, 60, 48, 191, 97, 130, 111,
       81, 24, 118, 187, 103, 24, 83, 181, 65, 122, 17, 220, 104, 26, 25,
       244, 251, 0, 207, 203, 113, 4, 224, 107, 70, 35, 7, 7, 103, 71,
       230, 34, 239, 89, 84, 234, 123, 230, 81, 104, 181, 109, 126, 228,
       54, 174, 161, 176, 45, 204, 4, 46, 227, 132, 237, 251, 112, 165,
       77, 75, 125, 103, 36, 14, 111, 180, 109, 232, 126, 108, 247, 97,
       145, 114, 150, 100, 108, 110, 201, 176, 237, 40, 230, 249, 101,
       144, 72, 179, 67, 41, 6, 180, 16, 129, 221, 111, 242, 201, 63,
       189, 187, 27, 206, 120, 76, 142, 187, 149, 207, 51, 54, 115, 217,
       214, 157, 22, 11, 119, 197, 79, 223, 134, 24, 141, 57, 121, 176,
       207, 83, 191, 87, 13, 172, 16, 191, 23, 128, 116, 213, 50, 29, 24,
       122, 136, 97, 63, 235, 255, 52, 80, 146, 136, 196, 107, 121, 191,
