%YAML:1.0
---
descriptors: !!opencv-matrix
   rows: 111
   cols: 32
   dt: u
   data: [ 208, 248, 153, 234, 58, 205, 27, 164, 174, 168, 128, 9, 183,
       215, 64, 114, 166, 113, 125, 210, 67, 13, 186, 51, 249, 133, 47,
       121, 16, 3, 7, 123, 56, 45, 58, 120, 29, 237, 211, 70, 196, 133,
       252, 9, 50, 221, 97, 16, 200, 58, 195, 80, 10, 171, 82, 60, 219,
       197, 16, 123, 209, 89, 68, 234, 74, 145, 150, 154, 139, 208, 48,
       69, 175, 17, 195, 33, 236, 246, 46, 238, 226, 51, 235, 144, 23, 9,
       26, 209, 143, 178, 90, 75, 146, 2, 173, 30, 227, 186, 252, 16,
       234, 185, 52, 135, 251, 63, 36, 189, 0, 170, 198, 90, 167, 15,
       230, 21, 182, 94, 166, 83, 30, 30, 125, 255, 132, 196, 207, 207,
       54, 45, 210, 224, 244, 171, 218, 66, 105, 160, 186, 139, 175, 169,
       85, 20, 154, 251, 85, 221, 12, 186, 68, 236, 154, 220, 129, 50,
       229, 219, 82, 14, 86, 172, 150, 147, 149, 104, 38, 198, 59, 23,
       202, 19, 164, 162, 68, 206, 225, 207, 170, 209, 62, 217, 155, 227,
       189, 54, 222, 71, 128, 93, 181, 14, 129, 230, 29, 241, 42, 171,
       41, 190, 252, 50, 50, 80, 213, 3, 136, 75, 167, 13, 110, 44, 115,
       204, 67, 95, 204, 138, 123, 68, 16, 128, 1, 169, 236, 68, 254,
       252, 61, 139, 222, 232, 223, 134, 241, 1, 239, 249, 33, 67, 211,
       117, 111, 99, 96, 231, 90, 159, 227, 255, 71, 27, 84, 251, 101, 3,
       242, 71, 229, 231, 52, 2, 206, 45, 19, 162, 251, 250, 83, 105,
       156, 17, 95, 213, 117, 239, 232, 242, 205, 158, 56, 46, 229, 148,
       101, 234, 242, 0, 130, 207, 133, 153, 248, 129, 173, 191, 30, 27,
       80, 244, 188, 167, 224, 192, 79, 11, 35, 132, 115, 88, 71, 247,
       44, 22, 190, 232, 28, 152, 129, 185, 84, 48, 185, 97, 146, 62,
       242, 200, 106, 191, 187, 29, 223, 62, 93, 26, 185, 221, 109, 53,
       30, 112, 185, 64, 159, 201, 35, 117, 225, 99, 79, 162, 0, 216, 29,
       185, 57, 205, 144, 174, 30, 57, 48, 57, 190, 28, 72, 0, 133, 19,
       239, 1, 34, 44, 83, 55, 173, 215, 16, 123, 80, 24, 133, 59, 45,
       223, 153, 91, 232, 47, 206, 190, 94, 107, 124, 244, 211, 103, 152,
       40, 93, 94, 38, 78, 209, 184, 105, 50, 108, 191, 245, 212, 218,
       243, 202, 185, 222, 145, 18, 186, 155, 244, 18, 200, 191, 93, 165,
       17, 238, 222, 106, 212, 183, 19, 237, 114, 62, 7, 186, 243, 155,
       241, 10, 127, 146, 7, 175, 71, 128, 153, 27, 253, 100, 205, 161,
       127, 62, 25, 112, 80, 180, 151, 32, 105, 230, 59, 18, 1, 51, 124,
       18, 87, 197, 130, 122, 72, 88, 0, 161, 187, 228, 132, 124, 90,
       201, 237, 83, 232, 147, 55, 173, 25, 82, 247, 110, 25, 153, 144,
       227, 50, 50, 99, 122, 22, 91, 155, 65, 127, 209, 203, 70, 226, 9,
       227, 17, 249, 236, 205, 165, 159, 30, 61, 84, 120, 190, 23, 200,
       172, 151, 26, 22, 24, 83, 120, 107, 147, 141, 220, 52, 244, 210,
       136, 133, 233, 193, 80, 157, 221, 76, 12, 229, 62, 252, 82, 226,
       80, 242, 176, 53, 123, 193, 196, 122, 10, 225, 101, 243, 193, 21,
       186, 82, 8, 88, 248, 65, 56, 201, 86, 107, 85, 182, 62, 253, 23,
       124, 78, 94, 246, 153, 63, 147, 105, 55, 55, 157, 173, 177, 212,
       181, 206, 102, 111, 186, 128, 46, 244, 165, 113, 246, 64, 246,
       198, 77, 126, 126, 64, 185, 174, 243, 11, 74, 186, 7, 223, 250,
       245, 237, 227, 108, 231, 145, 202, 147, 250, 207, 27, 3, 127, 127,
       6, 248, 72, 222, 252, 108, 10, 124, 52, 185, 178, 246, 154, 127,
       59, 129, 123, 110, 245, 127, 234, 104, 199, 195, 232, 214, 251,
       242, 152, 39, 248, 112, 40, 6, 164, 16, 131, 237, 109, 184, 75,
       15, 55, 185, 27, 204, 56, 94, 8, 187, 155, 251, 49, 22, 120, 219,
       209, 29, 20, 31, 127, 148, 78, 207, 134, 61, 93, 57, 238, 61, 79,
       86, 248, 109, 232, 249, 76, 223, 125, 9, 48, 220, 213, 127, 107,
       201, 35, 89, 188, 243, 253, 7, 62, 90, 59, 66, 51, 38, 162, 234,
       154, 108, 233, 210, 200, 139, 29, 53, 187, 102, 204, 126, 24, 185,
       155, 195, 23, 22, 99, 10, 241, 27, 16, 25, 255, 213, 15, 255, 214,
       9, 78, 147, 253, 52, 158, 106, 23, 116, 139, 114, 84, 179, 195,
       160, 228, 85, 40, 46, 12, 233, 156, 65, 15, 132, 254, 50, 128,
       186, 136, 64, 41, 247, 97, 227, 6, 22, 22, 206, 236, 121, 224,
       195, 143, 91, 236, 95, 178, 62, 205, 113, 239, 205, 19, 189, 234,
       178, 108, 141, 52, 109, 183, 90, 92, 0, 190, 169, 185, 178, 233,
       177, 215, 62, 45, 88, 237, 181, 173, 82, 0, 135, 43, 71, 21, 146,
       184, 65, 55, 236, 135, 62, 224, 212, 72, 151, 251, 119, 65, 231,
       68, 77, 86, 239, 236, 97, 224, 175, 10, 83, 252, 31, 246, 120,
       196, 120, 239, 205, 163, 189, 232, 51, 46, 197, 20, 103, 183, 114,
       100, 51, 181, 42, 110, 153, 135, 23, 125, 22, 105, 205, 9, 114,
       253, 56, 48, 156, 31, 81, 45, 216, 139, 16, 31, 123, 45, 13, 122,
       88, 10, 146, 122, 6, 42, 219, 241, 100, 136, 233, 2, 174, 17, 114,
       192, 188, 203, 245, 74, 167, 57, 59, 29, 18, 188, 130, 192, 12,
       28, 154, 104, 132, 128, 97, 136, 68, 40, 211, 69, 96, 106, 233,
       66, 234, 179, 34, 24, 156, 166, 85, 186, 59, 117, 104, 57, 1, 245,
       160, 64, 29, 20, 67, 37, 196, 113, 71, 160, 5, 161, 89, 225, 236,
       89, 96, 15, 94, 113, 37, 24, 151, 84, 216, 44, 19, 26, 114, 24,
       87, 120, 111, 19, 15, 221, 21, 101, 208, 136, 133, 164, 104, 184,
       188, 120, 137, 253, 16, 143, 139, 55, 164, 25, 174, 255, 66, 27,
       135, 115, 233, 16, 50, 79, 218, 49, 219, 211, 93, 123, 210, 68,
       143, 11, 5, 162, 253, 241, 236, 173, 185, 91, 239, 59, 177, 122,
       159, 185, 220, 42, 175, 27, 127, 25, 146, 124, 203, 211, 205, 222,
       127, 244, 212, 200, 193, 161, 104, 156, 25, 187, 57, 205, 16, 143,
       31, 57, 40, 25, 190, 29, 0, 64, 133, 27, 239, 1, 2, 40, 83, 55,
       205, 215, 16, 59, 80, 8, 133, 59, 125, 71, 97, 71, 180, 30, 78,
       184, 113, 234, 191, 236, 83, 96, 157, 244, 54, 196, 92, 110, 237,
       176, 109, 46, 42, 174, 37, 148, 111, 243, 82, 5, 212, 72, 221,
       229, 19, 79, 106, 0, 37, 160, 166, 10, 95, 19, 1, 114, 50, 213,
       120, 234, 73, 148, 153, 74, 247, 235, 67, 21, 105, 51, 11, 34,
       150, 94, 103, 85, 42, 91, 191, 248, 252, 246, 146, 231, 233, 76,
       159, 47, 62, 116, 238, 102, 225, 245, 45, 204, 16, 106, 107, 150,
       103, 245, 69, 117, 81, 29, 30, 78, 48, 174, 99, 55, 237, 8, 238,
       68, 246, 51, 160, 117, 224, 54, 76, 40, 161, 137, 49, 77, 185,
       190, 34, 2, 10, 194, 97, 45, 24, 148, 27, 251, 19, 199, 18, 119,
       52, 1, 79, 80, 254, 119, 40, 96, 119, 59, 26, 136, 19, 140, 25,
       127, 225, 167, 50, 64, 58, 2, 169, 59, 118, 44, 216, 178, 172,
       173, 88, 130, 187, 51, 187, 25, 143, 234, 67, 90, 235, 239, 109,
       17, 62, 99, 218, 242, 155, 247, 215, 123, 224, 73, 202, 6, 198,
       173, 132, 159, 223, 136, 166, 168, 190, 144, 1, 3, 236, 226, 76,
       199, 241, 107, 106, 211, 102, 64, 138, 255, 172, 22, 143, 111,
       128, 35, 41, 134, 34, 32, 86, 172, 123, 3, 152, 104, 159, 32, 240,
       137, 76, 222, 45, 145, 222, 29, 255, 101, 68, 195, 67, 220, 146,
       250, 11, 191, 84, 44, 43, 135, 68, 99, 24, 199, 48, 15, 99, 56,
       109, 172, 255, 8, 215, 99, 136, 116, 50, 196, 108, 106, 8, 176,
       233, 76, 253, 189, 39, 20, 0, 163, 67, 33, 88, 176, 253, 241, 5,
       78, 121, 19, 127, 121, 246, 19, 159, 31, 16, 105, 230, 149, 125,
       145, 154, 216, 241, 192, 223, 235, 250, 193, 33, 0, 5, 123, 3,
       162, 28, 155, 252, 141, 168, 191, 30, 121, 84, 212, 189, 130, 250,
       96, 7, 11, 50, 28, 151, 88, 79, 247, 12, 30, 62, 236, 156, 136,
       137, 153, 233, 84, 149, 125, 109, 108, 229, 158, 246, 91, 102, 24,
       178, 177, 89, 111, 201, 76, 122, 8, 33, 244, 243, 1, 69, 250, 80,
       8, 74, 120, 82, 168, 12, 123, 145, 250, 189, 180, 6, 214, 135,
       137, 216, 64, 164, 243, 97, 172, 205, 122, 54, 88, 27, 10, 234,
       160, 173, 212, 175, 234, 146, 123, 179, 169, 25, 11, 19, 105, 50,
       131, 107, 28, 38, 45, 78, 228, 243, 35, 160, 116, 118, 46, 44,
       204, 139, 152, 101, 61, 224, 237, 34, 128, 186, 130, 32, 121, 72,
