%YAML:1.0
---
descriptors: !!opencv-matrix
   rows: 224
   cols: 32
   dt: u
   data: [ 67, 63, 91, 197, 242, 158, 62, 55, 61, 200, 122, 228, 189, 62,
       132, 240, 38, 63, 95, 140, 197, 152, 181, 238, 166, 253, 46, 130,
       12, 208, 139, 61, 121, 77, 215, 197, 84, 10, 111, 38, 117, 130,
       238, 2, 115, 35, 177, 117, 122, 236, 50, 238, 104, 248, 101, 238,
       118, 174, 198, 0, 103, 240, 112, 40, 2, 233, 145, 186, 252, 201,
       182, 207, 142, 61, 152, 107, 164, 255, 104, 0, 217, 59, 107, 81,
       82, 11, 74, 243, 189, 20, 31, 126, 16, 26, 133, 171, 247, 64, 95,
       252, 78, 2, 76, 160, 249, 178, 178, 26, 91, 74, 21, 123, 106, 197,
       125, 234, 104, 199, 205, 200, 210, 234, 195, 20, 37, 177, 98, 0,
       45, 176, 48, 195, 237, 61, 241, 57, 79, 125, 61, 58, 206, 120,
       222, 46, 159, 10, 254, 28, 150, 120, 123, 213, 207, 221, 21, 127,
       214, 142, 221, 231, 120, 221, 62, 110, 57, 70, 87, 176, 161, 140,
       174, 8, 123, 247, 34, 115, 196, 246, 125, 106, 104, 235, 250, 45,
       243, 233, 101, 25, 98, 242, 110, 43, 196, 173, 140, 147, 150, 168,
       38, 135, 58, 19, 75, 82, 228, 98, 72, 74, 97, 206, 42, 210, 50,
       216, 203, 99, 172, 38, 158, 64, 128, 83, 161, 8, 246, 185, 145,
       236, 173, 13, 94, 249, 59, 186, 184, 72, 223, 251, 69, 48, 221,
       223, 127, 99, 121, 99, 218, 250, 185, 223, 79, 62, 88, 122, 194,
       19, 166, 140, 151, 254, 252, 171, 214, 239, 223, 130, 240, 80,
       230, 233, 52, 65, 211, 123, 111, 35, 48, 111, 74, 255, 168, 190,
       87, 26, 212, 248, 209, 137, 243, 197, 237, 238, 222, 39, 143, 191,
       16, 163, 152, 218, 121, 63, 28, 32, 93, 215, 95, 173, 249, 43, 81,
       239, 121, 46, 159, 188, 77, 248, 210, 56, 182, 36, 229, 253, 157,
       39, 74, 154, 83, 178, 249, 90, 83, 121, 93, 27, 217, 204, 117,
       251, 170, 118, 219, 186, 11, 218, 197, 52, 255, 249, 80, 0, 9, 20,
       17, 163, 53, 111, 66, 24, 117, 104, 251, 68, 223, 19, 25, 176,
       217, 8, 76, 62, 143, 176, 89, 14, 166, 223, 33, 20, 106, 139, 66,
       17, 252, 129, 125, 103, 156, 78, 71, 185, 160, 184, 167, 24, 83,
       117, 8, 23, 24, 214, 93, 122, 121, 98, 89, 12, 251, 235, 229, 84,
       98, 170, 214, 32, 31, 66, 244, 245, 36, 30, 92, 152, 251, 218,
       118, 194, 251, 111, 221, 63, 183, 241, 53, 239, 201, 244, 46, 201,
       134, 219, 231, 134, 103, 247, 91, 37, 62, 64, 90, 232, 87, 83,
       249, 72, 45, 68, 181, 11, 75, 78, 63, 140, 122, 137, 223, 227, 13,
       35, 96, 204, 147, 217, 139, 191, 119, 175, 126, 214, 122, 60, 232,
       240, 155, 253, 145, 71, 147, 255, 150, 191, 10, 188, 70, 42, 237,
       183, 253, 145, 191, 79, 242, 162, 219, 87, 220, 251, 231, 76, 150,
       127, 250, 248, 20, 184, 41, 205, 80, 75, 171, 63, 161, 25, 174,
       223, 100, 155, 131, 185, 221, 1, 14, 103, 218, 209, 147, 210, 90,
       59, 80, 4, 15, 15, 73, 49, 176, 101, 53, 13, 112, 24, 104, 72, 58,
       76, 182, 25, 73, 178, 144, 4, 124, 120, 131, 160, 145, 1, 199,
       249, 32, 18, 74, 2, 67, 19, 164, 98, 186, 240, 109, 45, 80, 200,
       203, 190, 181, 24, 2, 217, 109, 27, 153, 248, 67, 122, 8, 103,
       202, 16, 91, 153, 69, 61, 193, 249, 70, 130, 38, 189, 17, 170,
       221, 137, 146, 239, 143, 41, 248, 107, 172, 251, 108, 0, 217, 187,
       3, 81, 19, 43, 74, 247, 189, 148, 15, 126, 216, 10, 131, 139, 77,
       52, 153, 229, 242, 46, 120, 27, 58, 187, 107, 80, 221, 51, 73,
       250, 183, 93, 116, 56, 49, 208, 217, 66, 207, 239, 119, 68, 136,
       227, 139, 161, 15, 165, 112, 227, 253, 125, 240, 201, 95, 117,
       189, 26, 206, 124, 94, 44, 191, 155, 255, 59, 150, 112, 249, 214,
       223, 221, 3, 119, 198, 143, 213, 199, 8, 141, 147, 106, 185, 195,
       71, 239, 183, 1, 232, 0, 222, 243, 40, 212, 217, 122, 136, 0, 90,
       139, 26, 63, 233, 212, 6, 73, 146, 66, 166, 42, 0, 164, 221, 155,
       250, 233, 168, 143, 30, 51, 1, 216, 213, 227, 200, 232, 67, 27,
       106, 24, 51, 88, 207, 211, 76, 149, 63, 124, 148, 200, 137, 168,
       97, 209, 85, 173, 45, 78, 69, 52, 233, 120, 179, 76, 215, 48, 24,
       119, 192, 196, 124, 110, 221, 160, 241, 140, 167, 250, 64, 18, 72,
       186, 64, 125, 198, 174, 216, 188, 252, 161, 174, 207, 154, 179,
       24, 218, 253, 234, 88, 2, 179, 111, 123, 145, 50, 77, 142, 243,
       172, 22, 159, 236, 148, 112, 147, 136, 172, 226, 212, 119, 205,
       15, 70, 152, 83, 187, 177, 89, 195, 105, 73, 155, 217, 196, 108,
       122, 110, 102, 219, 146, 111, 219, 69, 60, 243, 249, 216, 130,
       249, 205, 90, 71, 213, 31, 102, 228, 117, 128, 102, 8, 114, 120,
       55, 245, 248, 230, 34, 106, 237, 191, 29, 46, 55, 239, 68, 64,
       107, 59, 88, 140, 250, 172, 150, 186, 201, 245, 20, 231, 187, 31,
       136, 25, 46, 234, 98, 159, 137, 235, 232, 17, 62, 79, 154, 243,
       187, 83, 93, 123, 130, 84, 174, 14, 114, 233, 114, 72, 85, 221,
       90, 198, 235, 12, 252, 9, 42, 223, 118, 180, 248, 186, 199, 80,
       14, 59, 178, 245, 59, 221, 4, 59, 99, 158, 238, 222, 203, 1, 116,
       237, 45, 148, 120, 56, 237, 200, 86, 194, 249, 223, 149, 231, 54,
       53, 253, 238, 193, 68, 166, 221, 71, 249, 225, 136, 39, 166, 73,
       113, 3, 125, 91, 229, 178, 158, 190, 55, 60, 64, 90, 228, 189,
       182, 160, 112, 166, 127, 31, 204, 193, 152, 164, 238, 228, 253,
       46, 128, 12, 176, 163, 185, 62, 230, 105, 171, 108, 99, 207, 232,
       22, 118, 157, 171, 227, 76, 159, 9, 89, 200, 135, 231, 234, 114,
       109, 191, 100, 71, 233, 189, 119, 255, 86, 244, 190, 239, 233, 35,
       252, 75, 207, 200, 82, 244, 145, 171, 67, 76, 223, 130, 89, 204,
       199, 255, 250, 118, 237, 178, 124, 65, 173, 253, 245, 191, 214,
       228, 118, 96, 241, 229, 103, 10, 120, 0, 121, 162, 178, 139, 143,
       43, 85, 26, 182, 221, 125, 137, 136, 244, 133, 192, 151, 248, 219,
       135, 231, 180, 71, 6, 130, 140, 215, 254, 254, 171, 156, 239, 159,
       147, 240, 88, 238, 235, 44, 73, 151, 123, 110, 32, 50, 111, 10,
       255, 168, 186, 87, 126, 212, 232, 129, 137, 252, 73, 126, 236, 15,
       86, 95, 56, 181, 166, 230, 10, 91, 127, 39, 115, 120, 245, 253,
       234, 104, 199, 113, 204, 243, 251, 199, 17, 35, 191, 124, 34, 181,
       219, 107, 206, 116, 131, 239, 240, 84, 72, 117, 230, 81, 65, 184,
       112, 126, 232, 22, 238, 233, 182, 44, 63, 116, 45, 161, 128, 127,
       187, 114, 241, 24, 204, 57, 123, 48, 207, 83, 182, 22, 13, 238, 0,
       183, 23, 160, 112, 85, 50, 29, 72, 106, 140, 97, 63, 235, 239, 48,
       16, 50, 136, 68, 107, 110, 198, 237, 191, 184, 66, 95, 188, 151,
       255, 151, 179, 193, 239, 218, 66, 95, 215, 255, 247, 122, 71, 239,
       179, 238, 247, 239, 253, 183, 255, 244, 81, 50, 104, 80, 156, 77,
       153, 248, 70, 107, 32, 240, 11, 46, 152, 20, 20, 170, 169, 83,
       193, 14, 59, 194, 249, 151, 88, 16, 59, 69, 12, 74, 142, 93, 79,
       71, 117, 144, 170, 103, 154, 118, 35, 110, 84, 211, 99, 129, 124,
       113, 238, 108, 126, 41, 208, 109, 62, 228, 174, 37, 4, 234, 209,
       208, 32, 222, 214, 117, 250, 170, 96, 30, 237, 22, 83, 217, 243,
       73, 111, 168, 233, 127, 211, 191, 163, 123, 71, 111, 247, 176,
       230, 251, 253, 53, 211, 165, 51, 226, 160, 188, 250, 237, 237,
       209, 79, 139, 63, 181, 24, 142, 157, 108, 27, 201, 19, 203, 17,
       18, 111, 218, 209, 95, 209, 80, 127, 210, 8, 198, 170, 98, 50,
       126, 200, 109, 93, 249, 83, 171, 93, 116, 173, 140, 159, 246, 63,
       238, 29, 255, 16, 133, 107, 242, 208, 87, 121, 82, 235, 87, 140,
       111, 255, 46, 110, 237, 183, 172, 99, 207, 142, 6, 247, 156, 187,
       195, 109, 219, 11, 79, 214, 255, 247, 60, 99, 239, 176, 206, 71,
       253, 189, 247, 255, 212, 208, 120, 33, 156, 54, 41, 88, 80, 33,
       161, 180, 167, 41, 239, 51, 66, 219, 130, 247, 236, 0, 28, 75,
       195, 0, 211, 225, 80, 17, 32, 102, 14, 74, 70, 20, 149, 149, 137,
       108, 173, 7, 190, 179, 143, 16, 220, 54, 73, 110, 129, 87, 123,
       144, 49, 73, 243, 194, 13, 54, 223, 86, 128, 96, 133, 54, 160,
