%YAML:1.0
---
descriptors: !!opencv-matrix
   rows: 101
   cols: 32
   dt: u
   data: [ 198, 169, 148, 182, 253, 136, 238, 168, 187, 144, 17, 11, 237,
       234, 92, 199, 163, 107, 121, 211, 102, 72, 138, 243, 173, 210,
       207, 239, 134, 39, 27, 134, 165, 167, 193, 142, 220, 1, 198, 248,
       194, 162, 185, 238, 81, 96, 249, 2, 89, 194, 74, 238, 121, 103,
       78, 190, 56, 134, 175, 60, 221, 250, 114, 160, 17, 138, 23, 91,
       178, 138, 33, 151, 118, 115, 98, 244, 243, 66, 136, 120, 55, 110,
       44, 24, 187, 220, 45, 55, 140, 162, 116, 64, 168, 128, 128, 41,
       118, 237, 247, 220, 126, 3, 158, 232, 91, 163, 217, 202, 92, 126,
       52, 17, 63, 253, 53, 229, 168, 243, 13, 223, 58, 46, 223, 150, 53,
       226, 35, 1, 204, 172, 188, 122, 171, 253, 20, 142, 155, 31, 165,
       25, 238, 249, 71, 27, 129, 115, 233, 18, 34, 111, 202, 51, 203,
       211, 85, 123, 210, 85, 143, 11, 121, 159, 110, 110, 184, 58, 79,
       187, 225, 72, 174, 236, 123, 103, 130, 243, 54, 230, 252, 238,
       249, 137, 61, 61, 250, 239, 33, 144, 107, 230, 106, 121, 244, 82,
       30, 174, 40, 2, 86, 120, 160, 142, 199, 168, 83, 211, 169, 91,
       214, 244, 108, 98, 108, 71, 138, 8, 242, 227, 231, 153, 4, 187,
       62, 3, 137, 182, 153, 187, 252, 173, 165, 191, 30, 27, 80, 112,
       180, 247, 232, 104, 205, 27, 54, 24, 115, 124, 99, 179, 237, 151,
       62, 236, 152, 72, 129, 185, 203, 87, 125, 237, 46, 30, 127, 56,
       193, 200, 86, 230, 217, 223, 150, 103, 6, 53, 253, 239, 193, 132,
       167, 221, 230, 251, 233, 136, 39, 166, 69, 113, 122, 144, 45, 123,
       173, 245, 153, 159, 27, 125, 181, 127, 10, 28, 94, 61, 205, 155,
       245, 149, 159, 110, 251, 209, 155, 89, 24, 247, 219, 12, 222, 87,
       29, 103, 198, 71, 178, 10, 110, 184, 118, 168, 91, 228, 211, 96,
       153, 240, 54, 76, 44, 110, 237, 240, 77, 62, 108, 174, 101, 132,
       108, 243, 88, 1, 56, 157, 55, 236, 149, 86, 86, 109, 197, 8, 234,
       3, 99, 125, 32, 197, 248, 246, 140, 227, 124, 171, 25, 157, 179,
       227, 135, 83, 51, 46, 244, 22, 2, 153, 191, 165, 172, 192, 181,
       133, 142, 93, 154, 51, 180, 255, 98, 66, 194, 115, 123, 81, 18, 9,
       227, 97, 205, 53, 254, 211, 132, 10, 133, 251, 240, 72, 215, 252,
       46, 10, 124, 52, 169, 146, 178, 154, 127, 43, 21, 91, 110, 245,
       125, 234, 104, 199, 195, 234, 243, 251, 198, 16, 37, 176, 96, 8,
       120, 157, 63, 110, 153, 198, 87, 183, 133, 76, 174, 8, 115, 119,
       32, 112, 192, 242, 93, 106, 121, 139, 121, 61, 243, 255, 0, 81,
       50, 10, 228, 122, 125, 53, 185, 229, 185, 15, 94, 253, 59, 170,
       188, 72, 223, 127, 73, 48, 157, 221, 93, 106, 233, 98, 217, 30,
       251, 223, 37, 188, 90, 120, 194, 51, 172, 4, 150, 254, 191, 171,
       154, 74, 159, 178, 241, 25, 206, 235, 37, 203, 215, 119, 111, 51,
       52, 103, 74, 254, 138, 251, 83, 63, 212, 121, 41, 131, 174, 120,
       246, 190, 105, 31, 30, 232, 189, 26, 240, 185, 78, 223, 45, 155,
       223, 93, 255, 103, 108, 199, 26, 250, 211, 251, 93, 191, 86, 189,
       42, 211, 85, 101, 25, 231, 48, 14, 111, 56, 109, 172, 255, 8, 255,
       83, 137, 116, 182, 213, 108, 106, 73, 176, 233, 76, 165, 254, 39,
       4, 0, 179, 7, 33, 69, 97, 25, 229, 52, 15, 111, 56, 109, 168, 126,
       72, 223, 114, 137, 116, 146, 212, 76, 106, 65, 176, 233, 76, 165,
       188, 39, 20, 64, 243, 67, 33, 9, 135, 69, 25, 242, 137, 45, 191,
       62, 83, 90, 244, 177, 38, 154, 244, 87, 10, 38, 156, 247, 216,
       103, 119, 44, 166, 254, 192, 62, 196, 129, 253, 193, 220, 159,
       220, 108, 108, 229, 166, 252, 82, 230, 16, 248, 183, 36, 123, 193,
       116, 106, 138, 97, 101, 243, 225, 85, 186, 82, 8, 80, 112, 97, 40,
       199, 32, 217, 65, 224, 106, 232, 66, 107, 242, 178, 88, 150, 30,
       85, 58, 171, 253, 92, 57, 1, 116, 196, 64, 157, 152, 23, 52, 197,
       113, 75, 160, 27, 89, 123, 229, 114, 214, 63, 240, 45, 72, 94,
       230, 61, 151, 161, 224, 54, 125, 151, 231, 193, 152, 52, 237, 119,
       237, 42, 130, 46, 179, 37, 249, 209, 88, 63, 116, 12, 78, 69, 180,
       240, 250, 166, 24, 247, 113, 1, 123, 1, 228, 124, 110, 105, 101,
       251, 43, 241, 171, 117, 16, 104, 240, 66, 40, 212, 95, 142, 182,
       130, 38, 78, 180, 176, 154, 138, 245, 231, 227, 201, 91, 119, 247,
       109, 226, 104, 193, 139, 42, 176, 230, 239, 128, 160, 243, 165,
       33, 5, 160, 29, 161, 236, 105, 168, 155, 126, 113, 49, 88, 149,
       20, 200, 40, 131, 27, 82, 57, 19, 120, 75, 80, 12, 152, 63, 100,
       212, 136, 131, 161, 174, 176, 236, 91, 141, 253, 81, 155, 207,
       127, 53, 157, 138, 156, 126, 191, 137, 154, 247, 20, 158, 108,
       126, 209, 75, 89, 85, 127, 242, 76, 220, 87, 72, 161, 29, 35, 176,
       75, 105, 175, 62, 49, 35, 28, 223, 35, 72, 16, 179, 7, 108, 56,
       115, 88, 217, 87, 205, 215, 63, 116, 200, 0, 135, 48, 88, 188,
       188, 114, 169, 237, 21, 143, 187, 63, 164, 57, 174, 183, 66, 27,
       131, 83, 237, 16, 58, 77, 250, 113, 219, 211, 85, 127, 194, 80,
       135, 107, 5, 162, 217, 241, 236, 169, 249, 27, 255, 51, 51, 88,
       157, 169, 220, 42, 171, 15, 126, 25, 147, 124, 203, 211, 204, 158,
       127, 116, 212, 200, 195, 161, 72, 152, 25, 123, 57, 141, 16, 191,
       15, 57, 40, 72, 190, 22, 64, 80, 133, 19, 238, 0, 2, 40, 83, 55,
       205, 215, 16, 122, 80, 8, 129, 27, 212, 116, 191, 116, 10, 108,
       81, 18, 176, 210, 166, 24, 247, 247, 65, 123, 35, 244, 124, 10,
       41, 71, 179, 0, 209, 171, 112, 24, 168, 241, 38, 59, 246, 64, 214,
       204, 77, 110, 222, 72, 169, 166, 243, 11, 78, 186, 39, 94, 248,
       245, 239, 227, 76, 231, 209, 200, 145, 186, 203, 27, 5, 127, 126,
       6, 44, 48, 185, 67, 213, 111, 67, 152, 123, 255, 45, 8, 210, 21,
       77, 58, 145, 92, 64, 122, 129, 112, 249, 0, 79, 221, 5, 116, 194,
       123, 70, 114, 213, 0, 221, 109, 15, 79, 106, 40, 111, 160, 167, 8,
       223, 3, 16, 242, 58, 196, 104, 110, 9, 180, 253, 74, 199, 251, 65,
       20, 96, 43, 67, 34, 38, 161, 80, 131, 237, 111, 184, 73, 63, 177,
       185, 27, 204, 26, 92, 8, 187, 159, 111, 49, 18, 115, 91, 212, 157,
       16, 159, 119, 149, 10, 135, 134, 240, 89, 31, 142, 10, 66, 23,
       237, 132, 180, 162, 40, 118, 245, 33, 83, 204, 245, 236, 99, 104,
       163, 27, 125, 241, 34, 79, 19, 80, 58, 164, 58, 220, 154, 191,
       175, 56, 192, 19, 160, 174, 141, 155, 33, 245, 223, 104, 66, 230,
       117, 125, 83, 98, 13, 139, 51, 201, 229, 175, 217, 0, 3, 37, 123,
       101, 231, 132, 19, 141, 15, 70, 184, 234, 179, 163, 92, 211, 96,
       93, 191, 145, 70, 104, 126, 255, 97, 223, 48, 173, 26, 69, 124,
       200, 251, 218, 4, 112, 44, 222, 180, 236, 41, 88, 74, 187, 179,
       178, 25, 143, 170, 70, 90, 235, 239, 109, 17, 60, 107, 203, 160,
       156, 242, 215, 59, 192, 104, 66, 14, 134, 141, 148, 151, 197, 126,
       180, 175, 190, 247, 74, 17, 236, 111, 74, 75, 161, 71, 163, 21,
       54, 216, 155, 227, 47, 119, 95, 71, 130, 84, 141, 206, 77, 231,
       148, 101, 157, 31, 70, 184, 127, 179, 169, 72, 215, 226, 88, 178,
       145, 196, 108, 126, 255, 97, 219, 19, 173, 255, 69, 124, 200, 243,
       203, 4, 125, 117, 25, 237, 61, 15, 86, 254, 127, 168, 184, 72,
       223, 123, 1, 176, 220, 213, 92, 106, 233, 50, 81, 158, 251, 223,
       37, 54, 74, 248, 74, 3, 198, 236, 148, 151, 221, 136, 166, 168,
       190, 146, 129, 18, 236, 226, 76, 199, 241, 235, 106, 211, 102, 68,
       154, 255, 189, 22, 207, 107, 0, 51, 169, 6, 53, 230, 196, 191,
       204, 11, 198, 168, 83, 178, 177, 239, 99, 104, 221, 2, 89, 204,
       100, 114, 78, 114, 207, 155, 172, 158, 229, 60, 253, 251, 90, 132,
       88, 60, 187, 245, 112, 239, 113, 55, 57, 203, 118, 57, 191, 63, 0,
       48, 167, 191, 253, 16, 185, 216, 241, 142, 223, 255, 58, 130, 130,
       192, 6, 123, 11, 186, 17, 153, 252, 141, 169, 255, 30, 121, 80,
       212, 189, 130, 248, 196, 199, 11, 50, 28, 147, 24, 83, 247, 12,
       158, 62, 232, 24, 136, 129, 185, 88, 185, 188, 120, 169, 205, 21,
