%YAML:1.0
---
descriptors: !!opencv-matrix
   rows: 102
   cols: 32
   dt: u
   data: [ 132, 60, 155, 177, 242, 234, 185, 211, 62, 163, 66, 242, 149,
       183, 65, 40, 55, 127, 19, 145, 51, 220, 145, 66, 205, 134, 63,
       196, 172, 65, 163, 179, 69, 36, 221, 247, 236, 44, 105, 24, 58,
       179, 39, 88, 215, 243, 73, 123, 71, 71, 124, 28, 177, 84, 219, 64,
       207, 187, 115, 36, 136, 227, 67, 32, 124, 245, 189, 226, 185, 79,
       95, 185, 43, 248, 189, 13, 223, 127, 65, 48, 149, 221, 253, 122,
       235, 67, 251, 29, 251, 219, 101, 190, 114, 242, 198, 115, 198,
       237, 144, 182, 237, 137, 238, 169, 187, 178, 17, 11, 236, 234, 93,
       199, 183, 107, 121, 211, 118, 68, 138, 243, 173, 82, 207, 239, 4,
       38, 11, 134, 236, 132, 246, 252, 253, 139, 94, 235, 223, 19, 241,
       17, 207, 233, 60, 89, 211, 125, 239, 34, 116, 231, 202, 159, 235,
       255, 71, 95, 214, 232, 249, 131, 118, 231, 229, 222, 124, 3, 206,
       168, 83, 163, 177, 202, 83, 104, 148, 16, 89, 204, 117, 237, 232,
       242, 77, 159, 58, 46, 245, 148, 125, 235, 82, 0, 97, 157, 60, 27,
       57, 173, 20, 191, 222, 91, 168, 77, 190, 176, 6, 117, 133, 115,
       238, 0, 230, 40, 82, 55, 165, 254, 80, 58, 88, 72, 9, 31, 238,
       188, 156, 122, 169, 249, 16, 170, 155, 23, 37, 25, 238, 255, 74,
       155, 131, 115, 233, 18, 54, 107, 218, 51, 203, 211, 85, 123, 210,
       68, 143, 11, 64, 153, 191, 175, 168, 192, 181, 133, 142, 157, 138,
       33, 244, 183, 96, 74, 194, 119, 123, 209, 18, 201, 51, 97, 237,
       167, 126, 195, 128, 18, 165, 123, 85, 97, 29, 229, 48, 14, 111,
       56, 109, 172, 123, 72, 223, 51, 137, 116, 182, 221, 108, 106, 73,
       176, 233, 76, 165, 252, 35, 4, 0, 162, 3, 33, 120, 157, 61, 254,
       153, 207, 87, 183, 214, 73, 174, 0, 247, 119, 32, 112, 193, 50,
       93, 8, 43, 137, 113, 63, 235, 255, 48, 80, 18, 8, 196, 107, 134,
       28, 174, 213, 201, 54, 180, 131, 190, 151, 6, 17, 192, 62, 7, 75,
       193, 70, 187, 144, 52, 220, 115, 226, 79, 50, 223, 71, 136, 101,
       189, 198, 38, 165, 144, 131, 221, 109, 184, 105, 62, 55, 49, 27,
       204, 114, 76, 8, 187, 159, 106, 49, 54, 112, 91, 214, 157, 22, 95,
       103, 144, 74, 135, 134, 242, 72, 215, 244, 46, 10, 108, 148, 185,
       146, 178, 154, 127, 43, 21, 91, 106, 245, 125, 234, 104, 71, 195,
       234, 211, 250, 222, 144, 37, 241, 98, 32, 29, 103, 196, 71, 176,
       26, 110, 184, 118, 168, 127, 228, 83, 96, 153, 244, 22, 76, 36,
       110, 233, 240, 77, 62, 170, 175, 101, 132, 111, 243, 88, 1, 193,
       92, 159, 220, 109, 108, 225, 150, 250, 91, 102, 16, 180, 247, 37,
       107, 193, 118, 106, 8, 33, 100, 243, 97, 69, 186, 82, 8, 208, 112,
       97, 40, 137, 166, 157, 185, 236, 173, 45, 191, 30, 27, 80, 112,
       180, 183, 200, 104, 197, 26, 54, 28, 51, 124, 75, 147, 236, 151,
       126, 236, 152, 200, 129, 185, 45, 1, 213, 109, 40, 11, 73, 57, 47,
       176, 231, 140, 223, 99, 24, 62, 86, 132, 106, 46, 9, 240, 95, 72,
       205, 250, 71, 20, 206, 170, 67, 176, 122, 144, 61, 123, 175, 253,
       145, 159, 27, 125, 181, 63, 30, 29, 30, 60, 205, 147, 253, 149,
       159, 111, 251, 213, 91, 89, 88, 247, 211, 12, 214, 127, 98, 96,
       240, 245, 116, 8, 248, 0, 105, 161, 178, 138, 143, 11, 85, 26,
       174, 149, 127, 217, 10, 122, 193, 192, 150, 218, 154, 130, 197,
       160, 67, 136, 9, 190, 5, 185, 252, 141, 41, 255, 30, 89, 80, 244,
       188, 131, 248, 196, 199, 11, 51, 29, 179, 88, 83, 247, 108, 23,
       62, 232, 24, 140, 129, 185, 121, 207, 100, 108, 41, 30, 94, 189,
       225, 236, 190, 237, 107, 111, 150, 247, 22, 228, 252, 238, 221,
       75, 237, 45, 242, 251, 101, 153, 111, 182, 234, 93, 244, 82, 158,
       172, 44, 66, 87, 120, 32, 138, 195, 105, 87, 211, 9, 91, 244, 212,
       108, 98, 104, 199, 201, 8, 240, 227, 231, 29, 32, 179, 54, 3, 27,
       89, 123, 236, 82, 214, 63, 240, 173, 200, 94, 230, 61, 223, 161,
       228, 118, 253, 151, 239, 193, 153, 52, 239, 243, 237, 174, 130,
       39, 178, 37, 121, 5, 162, 17, 225, 236, 109, 169, 159, 94, 121,
       17, 120, 149, 20, 200, 40, 135, 27, 114, 24, 147, 120, 107, 17,
       141, 152, 57, 100, 208, 136, 129, 161, 72, 165, 149, 33, 168, 77,
       124, 175, 110, 61, 40, 24, 175, 35, 216, 18, 131, 71, 108, 13, 82,
       120, 195, 53, 172, 215, 116, 117, 64, 192, 135, 41, 4, 164, 221,
       243, 236, 169, 233, 11, 238, 51, 49, 88, 157, 227, 216, 10, 171,
       143, 110, 24, 51, 124, 203, 208, 140, 154, 127, 100, 220, 200,
       195, 160, 186, 177, 105, 90, 141, 221, 81, 159, 207, 125, 52, 157,
       138, 220, 126, 191, 137, 154, 221, 16, 222, 108, 254, 241, 203,
       89, 21, 255, 242, 12, 220, 95, 125, 71, 197, 71, 52, 30, 78, 184,
       113, 234, 255, 236, 83, 96, 157, 244, 22, 196, 108, 110, 237, 176,
       109, 14, 42, 238, 37, 148, 111, 243, 90, 5, 118, 64, 214, 140, 77,
       110, 214, 72, 185, 166, 242, 11, 78, 234, 103, 94, 248, 245, 239,
       227, 12, 103, 219, 200, 145, 50, 203, 31, 129, 127, 127, 134, 36,
       49, 184, 97, 157, 111, 83, 9, 107, 181, 45, 24, 214, 21, 75, 58,
       145, 28, 64, 58, 18, 112, 249, 16, 79, 157, 5, 119, 192, 107, 70,
       226, 101, 227, 132, 23, 141, 15, 70, 188, 226, 187, 171, 92, 211,
       96, 93, 187, 17, 70, 108, 126, 255, 97, 207, 48, 173, 154, 117,
       116, 200, 251, 218, 4, 242, 72, 223, 247, 108, 40, 236, 132, 169,
       146, 178, 154, 251, 171, 21, 91, 107, 229, 127, 138, 40, 71, 195,
       226, 214, 250, 242, 152, 37, 241, 98, 136, 229, 1, 221, 109, 13,
       111, 107, 8, 111, 160, 43, 28, 223, 3, 24, 246, 18, 196, 104, 110,
       17, 180, 253, 64, 133, 249, 1, 20, 104, 43, 67, 32, 239, 123, 61,
       250, 236, 173, 252, 208, 171, 89, 253, 92, 156, 159, 29, 56, 142,
       35, 127, 95, 151, 3, 202, 240, 215, 249, 106, 248, 156, 219, 219,
       129, 121, 117, 25, 237, 189, 15, 86, 254, 127, 168, 188, 72, 223,
       123, 1, 176, 220, 213, 124, 106, 201, 50, 81, 158, 243, 223, 37,
       52, 74, 248, 74, 43, 253, 239, 156, 229, 185, 15, 78, 186, 123,
       184, 170, 72, 223, 99, 65, 242, 145, 197, 108, 124, 107, 65, 219,
       34, 173, 255, 37, 124, 136, 241, 203, 0, 198, 232, 148, 151, 77,
       136, 166, 172, 190, 178, 129, 19, 236, 226, 76, 199, 241, 235,
       106, 211, 102, 69, 138, 251, 189, 18, 207, 43, 0, 48, 41, 6, 55,
       227, 196, 175, 220, 11, 198, 168, 19, 179, 177, 238, 66, 104, 205,
       22, 89, 204, 102, 119, 110, 114, 207, 177, 188, 130, 197, 118,
       253, 123, 80, 4, 4, 132, 150, 185, 188, 43, 152, 105, 158, 179,
       177, 25, 207, 234, 104, 218, 211, 77, 110, 48, 52, 231, 203, 158,
       152, 247, 87, 119, 208, 41, 169, 130, 101, 99, 56, 69, 52, 31,
       127, 56, 105, 172, 127, 8, 223, 18, 139, 116, 146, 204, 76, 106,
       201, 176, 121, 76, 229, 189, 33, 20, 64, 163, 67, 33, 242, 96,
       117, 225, 38, 8, 248, 64, 105, 160, 184, 138, 15, 11, 84, 18, 170,
       149, 117, 217, 74, 54, 197, 192, 151, 216, 138, 130, 101, 130, 67,
       12, 134, 140, 156, 151, 193, 126, 180, 167, 62, 183, 74, 17, 236,
       111, 78, 207, 161, 71, 163, 144, 54, 216, 155, 226, 47, 54, 95,
       71, 130, 85, 141, 206, 242, 203, 71, 236, 14, 66, 79, 229, 229,
       20, 178, 98, 99, 42, 52, 83, 232, 245, 108, 227, 104, 163, 1, 173,
       177, 226, 198, 18, 37, 58, 244, 46, 251, 80, 255, 237, 46, 52, 93,
       23, 169, 75, 214, 245, 63, 63, 150, 122, 198, 151, 253, 133, 205,
       159, 225, 194, 194, 249, 248, 146, 14, 244, 164, 127, 90, 185,
       188, 112, 169, 221, 21, 135, 171, 61, 172, 41, 174, 191, 66, 26,
       135, 51, 237, 16, 10, 75, 194, 49, 219, 209, 93, 123, 210, 68,
       143, 75, 69, 164, 217, 225, 236, 169, 249, 27, 110, 49, 185, 88,
       159, 235, 216, 8, 187, 11, 110, 25, 19, 120, 203, 211, 204, 156,
       63, 244, 220, 202, 195, 161, 136, 58, 255, 119, 34, 202, 113, 50,
       126, 183, 247, 184, 247, 37, 128, 59, 38, 252, 238, 0, 40, 252,
       225, 45, 205, 227, 112, 17, 96, 129, 6, 43, 92, 52, 189, 112, 168,
