%YAML:1.0
---
descriptors: !!opencv-matrix
   rows: 203
   cols: 32
   dt: u
   data: [ 158, 111, 103, 230, 198, 67, 238, 248, 241, 230, 146, 130, 89,
       109, 181, 3, 58, 229, 85, 239, 233, 243, 44, 236, 242, 202, 239,
       132, 39, 243, 118, 224, 108, 7, 244, 78, 253, 63, 83, 29, 237, 37,
       239, 8, 106, 97, 191, 246, 80, 198, 238, 56, 144, 33, 121, 204,
       63, 253, 4, 27, 242, 206, 204, 36, 215, 76, 135, 190, 7, 230, 111,
       162, 189, 194, 194, 150, 125, 230, 49, 239, 97, 229, 57, 239, 109,
       197, 63, 234, 145, 106, 218, 0, 40, 117, 49, 124, 75, 222, 134,
       183, 131, 52, 188, 134, 190, 247, 2, 215, 173, 46, 83, 203, 167,
       71, 251, 149, 180, 221, 159, 224, 140, 99, 222, 195, 140, 85, 169,
       93, 188, 68, 122, 108, 85, 111, 211, 64, 97, 4, 252, 10, 75, 217,
       53, 17, 248, 248, 134, 226, 200, 167, 16, 140, 243, 249, 0, 27,
       119, 187, 118, 162, 88, 249, 90, 234, 27, 205, 82, 245, 171, 0,
       168, 15, 63, 219, 96, 16, 166, 185, 221, 82, 90, 43, 154, 245,
       251, 217, 2, 123, 58, 2, 175, 11, 143, 255, 237, 95, 254, 55, 191,
       191, 94, 250, 94, 246, 88, 124, 159, 39, 55, 95, 55, 239, 241,
       212, 253, 255, 110, 43, 109, 164, 127, 255, 145, 245, 179, 3, 34,
       129, 69, 57, 184, 70, 109, 76, 155, 175, 138, 8, 54, 196, 236,
       129, 223, 229, 140, 179, 69, 192, 148, 16, 138, 147, 79, 79, 57,
       199, 56, 126, 120, 111, 118, 157, 127, 248, 85, 78, 124, 78, 59,
       89, 51, 176, 190, 185, 151, 234, 235, 54, 40, 191, 115, 205, 32,
       169, 119, 219, 106, 171, 112, 205, 60, 104, 29, 239, 83, 203, 230,
       37, 172, 8, 35, 25, 50, 48, 201, 130, 72, 56, 10, 43, 81, 61, 251,
       205, 1, 117, 241, 88, 198, 34, 1, 142, 6, 137, 124, 139, 161, 118,
       78, 100, 206, 87, 128, 160, 182, 68, 105, 46, 106, 12, 212, 187,
       101, 223, 20, 52, 18, 0, 18, 12, 113, 204, 249, 79, 196, 69, 158,
       10, 71, 55, 96, 162, 142, 10, 115, 33, 129, 119, 96, 228, 108,
       234, 104, 221, 229, 14, 240, 238, 229, 16, 35, 248, 210, 40, 212,
       181, 25, 162, 184, 173, 71, 191, 190, 255, 139, 93, 215, 119, 72,
       80, 145, 195, 77, 60, 122, 73, 89, 54, 249, 150, 45, 124, 144, 74,
       133, 115, 37, 116, 185, 67, 125, 125, 211, 218, 95, 255, 189, 26,
       146, 252, 95, 42, 157, 88, 86, 25, 131, 103, 248, 146, 15, 221,
       21, 62, 209, 123, 87, 247, 172, 145, 60, 123, 189, 255, 212, 185,
       94, 61, 245, 17, 218, 93, 62, 193, 200, 26, 187, 25, 178, 40, 123,
       181, 207, 219, 82, 85, 83, 9, 221, 210, 18, 174, 206, 157, 202,
       160, 57, 247, 174, 23, 210, 247, 173, 167, 162, 75, 111, 191, 239,
       133, 178, 223, 6, 247, 92, 34, 254, 193, 165, 196, 165, 217, 154,
       16, 123, 236, 11, 114, 25, 72, 169, 196, 228, 170, 29, 151, 39,
       120, 126, 177, 147, 160, 9, 135, 52, 204, 211, 225, 10, 31, 63,
       32, 39, 114, 34, 189, 118, 158, 247, 221, 190, 231, 159, 84, 120,
       143, 172, 238, 39, 4, 175, 123, 131, 69, 6, 186, 58, 255, 55, 22,
       26, 43, 85, 92, 79, 223, 18, 205, 30, 191, 189, 207, 190, 174,
       142, 8, 218, 2, 239, 126, 33, 68, 198, 115, 255, 65, 0, 169, 67,
       253, 161, 247, 94, 83, 20, 25, 37, 15, 147, 212, 238, 250, 5, 212,
       125, 87, 189, 71, 199, 151, 121, 255, 54, 96, 237, 187, 59, 133,
       239, 159, 50, 195, 243, 127, 158, 1, 5, 212, 245, 122, 130, 217,
       148, 153, 111, 213, 188, 239, 143, 25, 80, 35, 172, 158, 110, 134,
       239, 19, 187, 65, 86, 45, 19, 241, 61, 16, 94, 239, 18, 12, 173,
       143, 44, 236, 242, 82, 239, 249, 179, 194, 203, 190, 188, 58, 14,
       221, 103, 44, 171, 249, 199, 18, 6, 39, 42, 242, 91, 223, 21, 127,
       215, 93, 79, 231, 64, 0, 155, 249, 36, 232, 105, 7, 126, 1, 67,
       16, 189, 131, 16, 104, 194, 47, 44, 152, 26, 216, 211, 193, 197,
       255, 186, 65, 128, 128, 229, 42, 45, 27, 226, 79, 116, 30, 234,
       216, 109, 200, 255, 198, 217, 42, 215, 230, 126, 200, 86, 255,
       149, 176, 93, 232, 62, 93, 167, 132, 111, 175, 105, 149, 65, 45,
       74, 69, 160, 42, 111, 55, 112, 162, 110, 200, 243, 35, 144, 119,
       18, 102, 108, 46, 121, 216, 165, 44, 228, 190, 100, 0, 72, 226,
       194, 40, 204, 149, 29, 178, 184, 111, 87, 191, 62, 255, 15, 28,
       222, 119, 72, 80, 149, 222, 127, 56, 113, 88, 123, 63, 253, 135,
       101, 124, 144, 96, 133, 115, 60, 121, 183, 126, 201, 93, 71, 216,
       103, 158, 101, 8, 219, 247, 193, 190, 88, 252, 228, 106, 73, 242,
       251, 40, 231, 219, 69, 13, 226, 247, 102, 244, 10, 174, 174, 187,
       223, 183, 184, 207, 150, 31, 84, 151, 236, 232, 50, 137, 221, 43,
       131, 149, 182, 248, 14, 253, 78, 71, 223, 203, 215, 77, 189, 214,
       216, 249, 82, 170, 27, 205, 86, 228, 175, 0, 160, 11, 63, 223, 96,
       16, 174, 185, 205, 194, 78, 35, 26, 253, 177, 209, 2, 59, 59, 19,
       47, 10, 44, 39, 121, 69, 82, 11, 239, 120, 116, 164, 126, 204,
       211, 37, 149, 20, 30, 220, 6, 234, 200, 176, 101, 78, 102, 141,
       161, 4, 103, 251, 70, 160, 212, 221, 222, 182, 158, 107, 150, 236,
       222, 194, 159, 163, 103, 248, 235, 67, 115, 243, 46, 114, 118, 97,
       14, 175, 250, 198, 101, 15, 189, 123, 189, 19, 108, 236, 252, 87,
       236, 239, 231, 176, 211, 178, 39, 8, 243, 241, 85, 47, 1, 118,
       120, 74, 224, 248, 251, 40, 111, 187, 85, 48, 194, 249, 84, 40,
       38, 253, 208, 219, 255, 221, 182, 236, 159, 113, 93, 47, 236, 252,
       95, 132, 135, 123, 179, 87, 6, 106, 218, 243, 47, 30, 21, 251,
       222, 31, 89, 159, 69, 217, 63, 94, 185, 205, 23, 248, 238, 88,
       173, 0, 254, 247, 41, 118, 180, 115, 122, 106, 195, 33, 186, 125,
       249, 190, 67, 62, 16, 51, 37, 97, 55, 248, 107, 193, 118, 95, 235,
       250, 31, 232, 125, 206, 25, 156, 246, 52, 126, 220, 23, 254, 199,
       51, 60, 213, 62, 12, 165, 230, 127, 175, 90, 245, 100, 48, 221,
       161, 234, 43, 56, 24, 170, 243, 163, 237, 197, 135, 73, 26, 38,
       85, 105, 87, 17, 67, 217, 64, 20, 20, 77, 126, 140, 243, 11, 17,
       45, 116, 185, 97, 61, 127, 211, 218, 202, 231, 189, 10, 158, 92,
       95, 42, 153, 89, 90, 25, 135, 101, 248, 130, 207, 221, 7, 54, 197,
       123, 87, 242, 60, 93, 136, 183, 148, 239, 167, 20, 20, 227, 203,
       23, 242, 52, 35, 72, 105, 238, 162, 198, 28, 144, 93, 170, 229,
       39, 240, 17, 177, 91, 212, 210, 37, 49, 121, 77, 116, 111, 235,
       88, 97, 232, 125, 72, 83, 85, 157, 52, 30, 152, 86, 106, 129, 178,
       121, 88, 71, 156, 33, 172, 75, 171, 70, 177, 82, 157, 127, 78,
       130, 226, 63, 226, 172, 68, 238, 162, 28, 183, 38, 113, 38, 183,
       185, 226, 113, 139, 48, 125, 243, 161, 74, 203, 49, 3, 39, 123,
       44, 181, 242, 192, 245, 91, 126, 251, 87, 173, 255, 11, 9, 253,
       126, 132, 249, 220, 247, 178, 222, 51, 184, 210, 127, 221, 133,
       239, 167, 238, 252, 199, 129, 142, 119, 91, 244, 191, 237, 247,
       94, 75, 122, 114, 241, 232, 188, 228, 127, 42, 54, 25, 179, 188,
       45, 255, 44, 62, 54, 192, 223, 200, 193, 173, 217, 74, 150, 53,
       40, 30, 108, 23, 169, 186, 162, 101, 175, 162, 193, 223, 166, 101,
       108, 76, 229, 205, 131, 72, 144, 250, 126, 144, 8, 180, 11, 13,
       171, 190, 4, 59, 149, 157, 176, 239, 94, 121, 113, 93, 168, 248,
       118, 137, 137, 11, 130, 21, 183, 108, 26, 245, 13, 91, 158, 111,
       218, 12, 219, 142, 103, 165, 237, 85, 252, 7, 207, 185, 83, 251,
       149, 2, 209, 121, 220, 47, 89, 196, 123, 191, 185, 224, 253, 221,
       47, 30, 255, 180, 199, 243, 210, 228, 161, 218, 121, 77, 100, 3,
       235, 254, 84, 108, 124, 38, 49, 33, 180, 36, 126, 72, 23, 110,
       193, 186, 37, 125, 70, 14, 225, 132, 119, 185, 116, 249, 18, 205,
       174, 191, 157, 240, 30, 167, 150, 5, 202, 19, 237, 234, 50, 64,
       225, 123, 187, 193, 126, 201, 27, 255, 233, 231, 222, 65, 180, 80,
       189, 74, 193, 123, 191, 101, 36, 142, 101, 53, 96, 232, 54, 76,
       179, 17, 208, 35, 140, 100, 124, 78, 201, 248, 241, 8, 229, 152,
       101, 144, 72, 184, 208, 57, 200, 177, 185, 81, 232, 252, 177, 151,
