%YAML:1.0
---
descriptors: !!opencv-matrix
   rows: 434
   cols: 32
   dt: u
   data: [ 2, 139, 17, 145, 215, 171, 164, 103, 30, 33, 75, 66, 140, 226,
       100, 196, 241, 43, 162, 17, 18, 152, 11, 215, 44, 22, 31, 102,
       144, 14, 129, 132, 76, 107, 27, 116, 96, 202, 55, 240, 169, 172,
       62, 40, 126, 247, 225, 112, 178, 116, 108, 98, 64, 211, 160, 44,
       241, 182, 37, 131, 66, 179, 39, 99, 1, 128, 19, 89, 97, 204, 225,
       83, 236, 17, 98, 16, 156, 147, 36, 61, 132, 24, 66, 24, 19, 184,
       50, 81, 5, 152, 18, 64, 88, 0, 99, 168, 80, 153, 62, 126, 2, 200,
       53, 103, 172, 17, 238, 33, 62, 191, 32, 112, 162, 51, 91, 64, 82,
       137, 50, 117, 243, 163, 126, 11, 96, 18, 167, 107, 9, 157, 51, 69,
       113, 204, 97, 55, 233, 12, 110, 8, 190, 179, 4, 53, 160, 58, 64,
       8, 81, 184, 176, 77, 231, 248, 16, 66, 66, 128, 199, 170, 205,
       148, 149, 109, 41, 44, 99, 153, 127, 27, 161, 84, 222, 115, 8,
       223, 149, 16, 108, 46, 179, 100, 251, 81, 133, 250, 97, 12, 90,
       99, 163, 33, 171, 190, 229, 93, 230, 159, 236, 247, 127, 107, 122,
       246, 233, 104, 148, 165, 127, 238, 22, 140, 247, 248, 125, 227,
       46, 122, 247, 128, 239, 252, 242, 189, 67, 147, 125, 101, 48, 14,
       187, 48, 108, 73, 94, 232, 215, 61, 144, 48, 150, 21, 125, 61,
       145, 152, 101, 13, 205, 61, 40, 192, 204, 160, 3, 113, 199, 238,
       219, 244, 252, 41, 255, 254, 186, 210, 188, 204, 253, 235, 241,
       35, 155, 227, 95, 255, 227, 75, 170, 251, 252, 223, 111, 188, 140,
       241, 67, 169, 9, 144, 99, 87, 116, 255, 232, 23, 125, 73, 115, 82,
       219, 48, 156, 237, 127, 142, 54, 12, 191, 252, 117, 199, 4, 62,
       114, 64, 239, 136, 192, 165, 202, 186, 150, 158, 235, 240, 176,
       206, 190, 93, 128, 177, 236, 246, 106, 206, 231, 115, 251, 145,
       18, 77, 138, 243, 29, 54, 95, 235, 146, 68, 165, 207, 6, 235, 150,
       154, 219, 145, 190, 236, 191, 21, 244, 163, 108, 226, 110, 221,
       239, 251, 163, 210, 22, 75, 138, 245, 30, 22, 223, 235, 147, 23,
       175, 143, 9, 13, 55, 117, 21, 223, 97, 55, 237, 96, 46, 8, 250,
       49, 20, 181, 128, 34, 72, 40, 113, 185, 49, 63, 99, 223, 80, 16,
       66, 140, 66, 170, 214, 124, 186, 190, 58, 224, 51, 192, 186, 198,
       205, 161, 252, 222, 107, 120, 183, 123, 251, 211, 38, 71, 186,
       123, 241, 165, 15, 11, 16, 115, 47, 114, 222, 207, 222, 55, 178,
       34, 63, 252, 55, 183, 223, 227, 109, 103, 139, 83, 55, 255, 237,
       226, 32, 209, 141, 110, 248, 167, 239, 135, 167, 247, 165, 105,
       218, 188, 150, 154, 155, 225, 144, 206, 190, 31, 136, 57, 172,
       214, 108, 222, 227, 243, 235, 145, 54, 79, 154, 243, 153, 16, 31,
       251, 144, 68, 175, 23, 218, 203, 71, 221, 117, 210, 236, 55, 245,
       73, 210, 243, 233, 175, 180, 229, 106, 174, 191, 137, 239, 155,
       71, 253, 38, 122, 250, 193, 63, 140, 240, 141, 57, 181, 19, 232,
       209, 253, 83, 119, 43, 9, 236, 72, 62, 183, 0, 180, 182, 186, 214,
       24, 19, 43, 48, 215, 187, 221, 0, 106, 210, 2, 235, 171, 37, 69,
       125, 71, 212, 79, 239, 248, 84, 224, 127, 2, 83, 117, 29, 36, 88,
       200, 18, 106, 225, 176, 125, 46, 103, 142, 5, 4, 125, 251, 80,
       240, 80, 95, 26, 190, 27, 132, 23, 246, 132, 12, 220, 103, 36,
       215, 34, 80, 204, 251, 141, 192, 74, 139, 66, 125, 241, 165, 170,
       139, 48, 18, 36, 107, 60, 99, 104, 47, 60, 27, 211, 248, 71, 108,
       180, 173, 235, 73, 155, 16, 94, 200, 199, 111, 206, 34, 109, 61,
       226, 73, 33, 189, 119, 175, 94, 75, 217, 140, 23, 191, 173, 125,
       92, 39, 253, 218, 147, 16, 191, 60, 178, 227, 227, 35, 252, 13,
       253, 109, 51, 139, 131, 251, 126, 154, 26, 108, 169, 77, 184, 213,
       118, 236, 181, 70, 95, 117, 101, 8, 254, 2, 107, 59, 52, 84, 252,
       246, 157, 234, 248, 187, 17, 143, 243, 249, 128, 18, 119, 170,
       244, 43, 96, 249, 123, 112, 120, 205, 249, 214, 171, 93, 176, 9,
       62, 159, 68, 16, 174, 187, 87, 80, 130, 107, 178, 113, 127, 217,
       20, 122, 192, 16, 71, 251, 35, 239, 122, 72, 127, 149, 222, 236,
       79, 4, 124, 174, 104, 204, 190, 164, 252, 250, 130, 106, 198, 43,
       46, 253, 63, 28, 133, 47, 87, 30, 238, 252, 84, 121, 59, 190, 11,
       204, 51, 64, 172, 68, 225, 1, 188, 215, 33, 80, 162, 57, 91, 67,
       67, 131, 50, 77, 209, 161, 10, 10, 16, 35, 39, 242, 141, 61, 255,
       117, 242, 58, 127, 178, 113, 234, 94, 246, 121, 63, 151, 123, 55,
       126, 149, 174, 225, 216, 181, 234, 111, 111, 101, 128, 167, 245,
       231, 121, 2, 133, 16, 153, 245, 161, 184, 103, 30, 33, 73, 19,
       140, 170, 100, 192, 217, 43, 131, 145, 22, 26, 66, 215, 45, 20,
       154, 111, 144, 4, 173, 142, 92, 39, 18, 234, 219, 161, 82, 73,
       233, 9, 169, 8, 14, 218, 108, 144, 242, 155, 206, 48, 26, 35, 136,
       222, 187, 212, 3, 127, 208, 66, 175, 3, 205, 54, 149, 101, 160,
       46, 113, 25, 120, 186, 51, 84, 223, 51, 65, 123, 181, 85, 124, 58,
       177, 244, 217, 10, 207, 250, 101, 4, 200, 227, 67, 33, 62, 115,
       226, 4, 227, 211, 190, 97, 233, 196, 190, 175, 72, 204, 247, 148,
       190, 237, 231, 247, 196, 163, 166, 200, 58, 93, 5, 175, 103, 182,
       110, 215, 191, 245, 172, 88, 157, 117, 215, 200, 211, 252, 172,
       29, 74, 92, 95, 191, 217, 194, 196, 126, 190, 99, 122, 190, 251,
       219, 133, 127, 211, 127, 222, 118, 45, 121, 17, 77, 93, 159, 198,
       176, 65, 224, 104, 76, 210, 32, 21, 180, 152, 108, 64, 110, 205,
       50, 253, 60, 39, 252, 5, 48, 90, 187, 90, 148, 10, 128, 4, 177,
       69, 141, 169, 6, 62, 85, 83, 151, 172, 14, 18, 73, 236, 9, 59,
       149, 2, 156, 67, 209, 5, 48, 154, 193, 132, 12, 21, 218, 198, 162,
       128, 154, 205, 177, 176, 201, 159, 55, 81, 27, 204, 232, 126, 143,
       217, 75, 163, 147, 22, 118, 202, 241, 28, 18, 223, 111, 150, 79,
       189, 134, 57, 145, 19, 234, 117, 141, 115, 113, 173, 9, 121, 72,
       46, 219, 44, 116, 182, 59, 86, 0, 83, 171, 18, 229, 147, 252, 0,
       10, 90, 6, 227, 175, 43, 56, 4, 17, 77, 223, 224, 66, 207, 249,
       176, 74, 170, 152, 84, 172, 200, 168, 242, 17, 135, 122, 95, 149,
       7, 88, 209, 118, 91, 12, 90, 140, 41, 165, 97, 65, 212, 15, 239,
       63, 101, 97, 110, 8, 211, 33, 28, 52, 89, 142, 18, 60, 217, 184,
       117, 14, 111, 205, 132, 68, 227, 138, 210, 224, 37, 99, 88, 111,
       244, 11, 102, 216, 97, 160, 127, 108, 83, 67, 141, 52, 26, 204, 6,
       122, 201, 178, 201, 60, 110, 253, 37, 4, 107, 179, 202, 161, 98,
       148, 180, 190, 237, 253, 180, 111, 155, 55, 89, 31, 236, 124, 14,
       15, 207, 51, 243, 1, 54, 110, 218, 215, 63, 86, 94, 107, 148, 92,
       157, 223, 34, 105, 232, 28, 76, 217, 150, 206, 202, 252, 184, 43,
       162, 252, 119, 40, 200, 106, 83, 69, 134, 42, 206, 177, 103, 29,
       45, 187, 213, 125, 94, 206, 94, 38, 146, 234, 27, 113, 82, 74, 51,
       139, 169, 56, 14, 219, 105, 216, 251, 241, 205, 178, 26, 7, 136,
       218, 211, 213, 11, 63, 179, 99, 47, 3, 9, 98, 3, 137, 8, 25, 169,
       80, 44, 100, 198, 199, 149, 6, 146, 206, 104, 140, 106, 140, 5,
       145, 229, 208, 212, 33, 170, 97, 10, 140, 61, 212, 252, 81, 85,
       70, 105, 92, 69, 185, 225, 250, 167, 72, 91, 87, 137, 247, 0, 212,
       252, 106, 73, 71, 250, 40, 179, 248, 69, 30, 106, 179, 198, 49,
       41, 164, 37, 97, 21, 223, 65, 39, 113, 169, 174, 8, 187, 49, 20,
       181, 24, 174, 208, 56, 105, 248, 241, 14, 111, 223, 21, 112, 67,
       12, 90, 170, 135, 129, 165, 155, 188, 230, 169, 152, 126, 89, 83,
       214, 209, 110, 159, 239, 119, 71, 126, 255, 183, 208, 111, 244,
       12, 58, 235, 196, 156, 215, 177, 117, 176, 205, 66, 186, 85, 135,
       66, 224, 245, 0, 232, 10, 35, 195, 32, 81, 248, 168, 6, 226, 104,
       159, 16, 255, 179, 192, 130, 9, 49, 3, 106, 138, 165, 97, 252, 67,
       68, 15, 231, 216, 86, 162, 119, 18, 83, 65, 159, 41, 88, 200, 2,
       110, 225, 244, 125, 42, 103, 139, 101, 4, 117, 187, 210, 160, 56,
       108, 250, 186, 85, 244, 115, 70, 51, 199, 237, 11, 46, 255, 103,
