%YAML:1.0
---
descriptors: !!opencv-matrix
   rows: 344
   cols: 32
   dt: u
   data: [ 113, 168, 190, 114, 205, 237, 64, 67, 249, 159, 160, 24, 62,
       241, 64, 26, 169, 162, 106, 24, 26, 111, 146, 33, 217, 155, 81,
       123, 192, 64, 203, 2, 112, 248, 57, 186, 25, 205, 19, 192, 186,
       166, 161, 9, 182, 215, 65, 16, 129, 123, 77, 83, 10, 79, 218, 55,
       217, 133, 27, 56, 16, 3, 7, 122, 189, 205, 227, 67, 212, 126, 238,
       214, 117, 67, 255, 82, 83, 56, 189, 236, 121, 202, 22, 218, 255,
       182, 125, 226, 62, 46, 166, 68, 255, 219, 248, 180, 15, 251, 228,
       159, 255, 148, 238, 188, 251, 241, 20, 198, 237, 234, 223, 175,
       55, 107, 119, 223, 247, 88, 222, 253, 46, 94, 223, 236, 175, 247,
       155, 157, 175, 85, 98, 138, 213, 54, 238, 223, 85, 107, 251, 215,
       10, 40, 190, 236, 125, 206, 150, 191, 189, 190, 21, 230, 62, 62,
       150, 194, 255, 221, 248, 212, 46, 189, 240, 82, 251, 245, 154,
       223, 155, 237, 61, 41, 108, 221, 79, 180, 159, 91, 215, 17, 150,
       59, 186, 243, 127, 93, 5, 239, 199, 222, 158, 215, 211, 148, 135,
       159, 168, 54, 168, 63, 191, 91, 131, 213, 228, 238, 158, 223, 231,
       103, 125, 141, 181, 205, 159, 243, 158, 122, 218, 210, 140, 100,
       185, 93, 239, 191, 54, 30, 107, 153, 146, 120, 143, 236, 189, 237,
       238, 204, 239, 134, 206, 121, 239, 71, 198, 39, 206, 255, 26, 80,
       1, 186, 94, 174, 43, 93, 163, 189, 247, 95, 223, 253, 164, 231,
       255, 83, 120, 88, 170, 248, 132, 173, 137, 58, 194, 0, 183, 235,
       246, 247, 39, 62, 84, 106, 219, 76, 203, 173, 165, 173, 181, 87,
       245, 127, 231, 174, 118, 251, 123, 24, 243, 112, 221, 165, 217,
       106, 114, 58, 251, 244, 121, 47, 45, 222, 21, 68, 201, 123, 210,
       168, 92, 121, 27, 186, 11, 204, 51, 80, 172, 72, 203, 0, 188, 215,
       33, 112, 162, 57, 91, 66, 67, 1, 178, 109, 209, 161, 42, 10, 0,
       35, 39, 243, 240, 190, 222, 122, 172, 169, 80, 87, 255, 31, 180,
       57, 39, 185, 66, 27, 163, 178, 109, 16, 62, 111, 130, 51, 219,
       195, 116, 123, 224, 72, 206, 139, 41, 133, 115, 69, 117, 222, 98,
       55, 109, 73, 106, 72, 187, 57, 20, 180, 152, 42, 18, 44, 145, 184,
       117, 141, 39, 253, 0, 64, 74, 142, 194, 172, 198, 248, 189, 186,
       27, 205, 147, 132, 175, 85, 136, 25, 172, 223, 66, 18, 135, 115,
       251, 83, 66, 79, 250, 243, 253, 85, 15, 123, 16, 23, 135, 251,
       201, 68, 105, 103, 52, 110, 107, 60, 108, 105, 251, 92, 215, 15,
       152, 112, 150, 196, 124, 110, 137, 176, 253, 14, 230, 253, 34,
       212, 108, 147, 195, 121, 159, 22, 70, 166, 2, 54, 122, 112, 181,
       202, 195, 231, 77, 206, 187, 209, 118, 229, 223, 231, 173, 149,
       21, 206, 146, 99, 234, 132, 47, 247, 43, 81, 78, 180, 164, 243,
       141, 93, 84, 143, 139, 177, 143, 29, 206, 250, 78, 222, 193, 87,
       249, 16, 94, 73, 219, 210, 143, 223, 223, 127, 138, 78, 157, 22,
       248, 252, 27, 122, 125, 205, 81, 243, 255, 26, 180, 28, 62, 221,
       96, 21, 173, 187, 206, 16, 107, 111, 58, 243, 219, 217, 17, 122,
       122, 136, 66, 59, 47, 247, 32, 3, 243, 157, 182, 253, 47, 121, 61,
       109, 220, 92, 206, 164, 157, 75, 214, 103, 215, 48, 120, 119, 46,
       93, 37, 254, 91, 30, 139, 213, 221, 6, 111, 253, 156, 38, 111,
       122, 116, 74, 214, 246, 91, 227, 185, 87, 127, 230, 127, 238, 249,
       215, 133, 207, 246, 235, 227, 128, 47, 233, 241, 49, 111, 59, 225,
       92, 123, 253, 219, 26, 239, 204, 180, 173, 40, 252, 215, 182, 167,
       241, 255, 71, 151, 107, 246, 253, 11, 95, 9, 187, 95, 173, 79,
       215, 44, 60, 252, 100, 237, 95, 85, 210, 227, 250, 188, 44, 31,
       61, 67, 58, 143, 208, 215, 80, 25, 110, 211, 40, 251, 223, 101,
       61, 235, 249, 78, 27, 221, 21, 156, 228, 152, 110, 95, 57, 112,
       238, 175, 13, 87, 115, 11, 115, 145, 196, 124, 46, 237, 67, 249,
       14, 251, 235, 101, 60, 40, 226, 98, 82, 65, 57, 191, 37, 160, 204,
       117, 55, 232, 233, 110, 9, 182, 189, 18, 50, 128, 39, 121, 13,
       193, 248, 243, 8, 237, 189, 52, 16, 72, 0, 131, 122, 97, 105, 183,
       101, 96, 79, 117, 55, 108, 168, 106, 72, 182, 53, 1, 50, 164, 118,
       122, 72, 65, 184, 51, 44, 229, 158, 116, 48, 64, 186, 195, 41,
       248, 177, 118, 112, 171, 217, 208, 99, 249, 21, 55, 57, 42, 157,
       110, 63, 162, 179, 237, 16, 118, 109, 162, 195, 219, 249, 80, 91,
       99, 4, 206, 47, 101, 109, 153, 109, 184, 47, 71, 184, 18, 170, 36,
       72, 215, 115, 1, 57, 145, 92, 120, 106, 105, 112, 249, 62, 229,
       158, 69, 52, 80, 251, 66, 32, 120, 21, 92, 101, 192, 78, 93, 63,
       33, 226, 174, 29, 159, 55, 2, 115, 5, 151, 253, 160, 121, 94, 209,
       12, 231, 235, 116, 17, 104, 224, 138, 26, 37, 169, 0, 73, 93, 31,
       198, 185, 71, 224, 185, 76, 210, 72, 20, 164, 216, 8, 82, 111,
       223, 50, 93, 29, 47, 28, 133, 116, 91, 171, 218, 132, 181, 221,
       145, 92, 213, 127, 214, 231, 89, 235, 184, 90, 250, 56, 181, 165,
       217, 227, 2, 97, 253, 250, 124, 174, 58, 30, 85, 55, 217, 124,
       200, 12, 192, 140, 159, 191, 32, 236, 101, 39, 188, 27, 106, 17,
       246, 179, 32, 83, 161, 39, 105, 12, 48, 201, 19, 39, 197, 182,
       122, 64, 200, 64, 161, 10, 92, 59, 90, 160, 147, 194, 23, 65, 164,
       132, 239, 135, 75, 199, 35, 80, 114, 253, 233, 242, 88, 131, 144,
       78, 251, 229, 143, 73, 161, 35, 167, 18, 76, 17, 149, 101, 141,
       110, 167, 42, 238, 178, 170, 64, 215, 113, 1, 138, 145, 68, 104,
       106, 17, 225, 211, 32, 205, 231, 103, 20, 202, 121, 65, 48, 101,
       232, 209, 69, 92, 76, 97, 152, 115, 168, 36, 72, 82, 211, 200, 52,
       88, 204, 32, 92, 75, 114, 250, 8, 79, 188, 69, 108, 99, 162, 66,
       232, 94, 25, 135, 190, 155, 242, 158, 32, 164, 192, 203, 167, 237,
       254, 35, 194, 200, 247, 249, 195, 29, 195, 214, 236, 145, 103,
       202, 155, 172, 103, 60, 86, 82, 241, 121, 97, 155, 217, 180, 69,
       42, 49, 184, 42, 159, 31, 68, 48, 166, 153, 205, 209, 87, 41, 243,
       85, 191, 193, 47, 127, 101, 2, 135, 27, 0, 136, 135, 145, 21, 235,
       33, 7, 62, 33, 74, 18, 162, 33, 0, 205, 96, 62, 43, 16, 18, 216,
       65, 196, 13, 178, 154, 64, 130, 8, 245, 170, 248, 197, 95, 237, 4,
       74, 111, 117, 36, 6, 246, 66, 115, 23, 160, 81, 122, 212, 47, 234,
       105, 190, 97, 15, 245, 171, 226, 0, 37, 186, 244, 40, 95, 111, 70,
       78, 48, 146, 78, 160, 37, 192, 254, 224, 107, 66, 181, 244, 118,
       229, 252, 238, 77, 133, 197, 238, 178, 127, 135, 129, 38, 183, 42,
       12, 40, 28, 188, 126, 233, 236, 85, 19, 191, 31, 37, 24, 254, 255,
       73, 27, 133, 51, 253, 8, 50, 108, 122, 33, 199, 251, 112, 27, 210,
       72, 207, 171, 88, 24, 29, 190, 44, 201, 17, 0, 206, 240, 135, 40,
       247, 219, 96, 107, 194, 53, 124, 1, 11, 105, 243, 17, 193, 241,
       107, 59, 16, 10, 13, 35, 90, 171, 226, 225, 241, 232, 121, 3, 171,
       61, 158, 169, 169, 175, 86, 94, 166, 159, 237, 149, 26, 73, 130,
       192, 222, 116, 154, 255, 134, 132, 166, 114, 37, 229, 121, 67,
       212, 111, 71, 252, 112, 168, 125, 8, 83, 113, 25, 48, 24, 218, 18,
       106, 121, 178, 120, 62, 111, 141, 37, 36, 99, 251, 194, 170, 43,
       134, 98, 11, 85, 151, 170, 104, 94, 64, 121, 198, 104, 232, 190,
       164, 221, 40, 146, 173, 167, 180, 92, 223, 46, 30, 131, 134, 95,
       46, 121, 148, 163, 46, 172, 189, 141, 189, 220, 127, 223, 191,
       152, 31, 164, 232, 118, 11, 201, 34, 123, 13, 182, 109, 87, 191,
       172, 94, 223, 187, 156, 92, 217, 78, 95, 251, 213, 179, 176, 137,
       122, 144, 175, 249, 187, 237, 239, 78, 201, 150, 166, 247, 93, 87,
       139, 25, 200, 253, 188, 220, 39, 242, 202, 151, 3, 125, 41, 37,
       83, 72, 81, 251, 226, 74, 111, 65, 121, 8, 26, 216, 37, 180, 152,
       184, 82, 56, 23, 178, 100, 95, 23, 220, 1, 107, 211, 75, 106, 164,
       220, 6, 255, 231, 38, 106, 51, 16, 108, 174, 119, 178, 79, 55,
       169, 123, 54, 117, 236, 34, 32, 245, 173, 10, 209, 227, 98, 151,
       229, 235, 37, 33, 61, 87, 105, 77, 86, 91, 199, 248, 85, 234, 255,
