%YAML:1.0
---
descriptors: !!opencv-matrix
   rows: 257
   cols: 32
   dt: u
   data: [ 52, 156, 251, 94, 210, 65, 151, 233, 23, 2, 228, 162, 113,
       247, 173, 117, 127, 250, 3, 162, 106, 99, 42, 127, 123, 174, 71,
       45, 243, 240, 100, 186, 63, 236, 226, 142, 219, 19, 126, 236, 63,
       65, 220, 135, 104, 238, 190, 244, 127, 203, 223, 207, 222, 139,
       44, 255, 58, 28, 143, 175, 183, 247, 250, 220, 176, 205, 79, 254,
       140, 128, 79, 247, 148, 0, 216, 66, 113, 235, 184, 65, 72, 242,
       63, 202, 107, 43, 42, 191, 240, 227, 238, 152, 53, 154, 240, 40,
       18, 211, 111, 188, 18, 130, 61, 125, 182, 69, 215, 231, 77, 199,
       170, 64, 118, 185, 191, 132, 208, 219, 39, 205, 210, 99, 250, 193,
       53, 132, 165, 113, 167, 156, 236, 151, 180, 218, 255, 188, 222,
       215, 22, 183, 241, 236, 255, 107, 95, 106, 51, 31, 247, 252, 126,
       191, 108, 31, 223, 196, 157, 252, 209, 220, 141, 116, 185, 67,
       164, 127, 226, 88, 126, 234, 115, 84, 211, 120, 220, 169, 153, 72,
       86, 63, 245, 244, 125, 10, 47, 95, 101, 36, 221, 251, 91, 181,
       109, 140, 188, 247, 229, 36, 79, 190, 83, 151, 108, 16, 250, 115,
       91, 95, 209, 202, 53, 158, 122, 90, 123, 247, 239, 223, 213, 69,
       146, 245, 244, 106, 9, 142, 75, 249, 180, 169, 233, 23, 124, 81,
       126, 246, 157, 11, 176, 96, 107, 43, 6, 157, 179, 184, 101, 215,
       206, 223, 178, 192, 252, 200, 193, 168, 165, 56, 251, 220, 108,
       86, 176, 64, 220, 200, 244, 35, 16, 220, 103, 107, 252, 253, 162,
       211, 221, 247, 182, 128, 87, 9, 227, 139, 65, 41, 110, 215, 182,
       61, 180, 145, 207, 127, 180, 203, 155, 190, 184, 27, 206, 254, 71,
       139, 253, 223, 255, 243, 60, 119, 218, 226, 159, 218, 79, 247,
       193, 125, 207, 215, 46, 254, 16, 90, 253, 157, 22, 252, 155, 59,
       61, 104, 174, 213, 236, 180, 141, 58, 151, 18, 67, 106, 218, 247,
       47, 95, 21, 255, 210, 31, 222, 175, 21, 76, 199, 247, 228, 38,
       110, 150, 52, 187, 219, 114, 81, 51, 185, 107, 127, 198, 62, 190,
       248, 208, 13, 236, 188, 170, 254, 132, 173, 251, 241, 33, 238,
       188, 244, 243, 173, 123, 222, 175, 251, 247, 62, 153, 203, 189,
       86, 191, 135, 215, 253, 83, 244, 109, 255, 226, 239, 223, 85, 255,
       231, 253, 222, 215, 217, 165, 254, 119, 171, 126, 95, 151, 115,
       215, 239, 148, 255, 47, 158, 254, 119, 87, 253, 142, 248, 221,
       253, 226, 231, 255, 86, 145, 166, 244, 237, 121, 83, 184, 190, 48,
       11, 220, 80, 69, 235, 85, 160, 13, 46, 158, 102, 255, 166, 161,
       204, 81, 159, 75, 178, 240, 155, 217, 90, 107, 224, 4, 47, 79,
       130, 200, 18, 153, 213, 213, 176, 199, 30, 21, 64, 19, 172, 154,
       38, 196, 217, 59, 131, 17, 54, 156, 82, 247, 45, 22, 26, 107, 146,
       28, 173, 142, 116, 101, 88, 104, 203, 83, 86, 104, 51, 166, 173,
       43, 66, 216, 11, 16, 248, 221, 194, 226, 76, 99, 203, 28, 243,
       199, 5, 63, 113, 51, 110, 134, 17, 10, 95, 177, 6, 170, 105, 66,
       252, 17, 82, 66, 157, 131, 176, 72, 98, 45, 46, 140, 2, 217, 7,
       192, 212, 162, 170, 68, 36, 128, 33, 160, 124, 103, 64, 167, 21,
       11, 70, 40, 61, 172, 203, 201, 203, 96, 25, 208, 120, 204, 204,
       98, 108, 178, 201, 136, 246, 241, 133, 17, 38, 255, 90, 6, 36, 36,
       194, 72, 85, 167, 226, 74, 83, 3, 121, 10, 2, 200, 125, 148, 249,
       168, 2, 17, 8, 178, 144, 218, 55, 28, 17, 110, 213, 11, 114, 134,
       92, 71, 86, 100, 18, 82, 127, 248, 53, 196, 255, 162, 95, 103,
       171, 116, 54, 213, 172, 234, 104, 145, 45, 78, 248, 231, 39, 133,
       103, 179, 36, 49, 245, 87, 111, 239, 164, 78, 79, 48, 100, 234,
       251, 102, 83, 117, 153, 99, 124, 228, 60, 238, 233, 176, 117, 46,
       246, 235, 230, 128, 109, 251, 112, 113, 75, 177, 164, 86, 221, 84,
       249, 251, 251, 217, 21, 10, 248, 252, 94, 39, 137, 102, 243, 173,
       183, 107, 186, 233, 95, 95, 223, 111, 199, 100, 119, 254, 35, 189,
       98, 207, 245, 223, 255, 117, 93, 77, 252, 143, 104, 252, 158, 32,
       122, 170, 151, 205, 222, 186, 116, 255, 63, 92, 142, 195, 119,
       142, 246, 222, 189, 213, 236, 230, 158, 119, 222, 248, 192, 234,
       189, 142, 83, 124, 159, 163, 93, 196, 252, 235, 237, 227, 125,
       174, 251, 207, 239, 181, 101, 251, 94, 245, 194, 220, 62, 158,
       125, 193, 180, 239, 159, 29, 208, 51, 172, 223, 32, 197, 207, 59,
       187, 17, 114, 15, 66, 247, 191, 50, 158, 91, 16, 28, 173, 219, 40,
       182, 252, 229, 116, 94, 121, 123, 52, 238, 118, 39, 91, 127, 146,
       48, 127, 220, 119, 44, 160, 248, 121, 14, 111, 239, 229, 133, 103,
       168, 78, 243, 234, 180, 188, 184, 233, 253, 24, 207, 155, 63, 184,
       25, 174, 190, 78, 155, 201, 147, 239, 17, 62, 111, 218, 211, 221,
       215, 95, 127, 208, 76, 143, 206, 94, 51, 147, 178, 187, 232, 56,
       67, 173, 141, 211, 241, 140, 231, 192, 90, 167, 63, 237, 144, 18,
       73, 130, 192, 218, 241, 58, 203, 162, 5, 167, 83, 109, 97, 249,
       99, 236, 47, 207, 153, 67, 232, 189, 72, 211, 121, 221, 56, 153,
       196, 126, 126, 137, 50, 249, 184, 239, 221, 37, 116, 202, 251,
       210, 32, 254, 22, 118, 190, 175, 122, 86, 106, 189, 198, 255, 183,
       78, 127, 46, 223, 247, 247, 253, 35, 252, 231, 9, 254, 179, 255,
       67, 151, 55, 255, 236, 87, 104, 46, 188, 117, 168, 110, 93, 151,
       35, 254, 182, 9, 159, 63, 67, 27, 133, 85, 109, 60, 24, 253, 227,
       0, 207, 251, 117, 213, 194, 240, 70, 67, 246, 53, 190, 182, 236,
       110, 244, 206, 187, 190, 186, 59, 78, 254, 71, 27, 253, 255, 255,
       179, 60, 103, 219, 194, 187, 215, 223, 191, 193, 121, 166, 195,
       208, 168, 183, 120, 172, 201, 73, 75, 251, 31, 180, 24, 191, 163,
       192, 63, 131, 167, 108, 8, 58, 111, 226, 83, 217, 251, 115, 120,
       194, 128, 199, 33, 15, 178, 134, 157, 123, 150, 184, 232, 191,
       216, 210, 231, 236, 234, 254, 197, 255, 237, 255, 181, 135, 195,
       159, 221, 158, 118, 207, 207, 142, 36, 57, 213, 1, 143, 127, 249,
       180, 168, 105, 55, 252, 81, 122, 244, 181, 163, 176, 97, 231, 34,
       30, 140, 179, 152, 38, 247, 238, 190, 58, 192, 28, 200, 193, 41,
       53, 223, 229, 78, 172, 67, 207, 249, 86, 234, 152, 70, 83, 108,
       253, 35, 89, 198, 54, 107, 233, 99, 111, 58, 56, 14, 231, 180,
       117, 251, 240, 245, 17, 143, 75, 238, 54, 131, 111, 113, 212, 0,
       219, 230, 115, 227, 176, 96, 126, 170, 14, 238, 249, 187, 5, 63,
       240, 173, 162, 64, 61, 138, 240, 160, 47, 172, 248, 83, 235, 217,
       191, 164, 191, 53, 45, 24, 172, 234, 78, 48, 139, 123, 210, 82,
       86, 120, 250, 243, 111, 221, 21, 123, 210, 31, 207, 142, 61, 113,
       120, 99, 112, 79, 123, 88, 105, 232, 55, 44, 223, 23, 203, 56,
       182, 220, 85, 122, 137, 176, 121, 0, 207, 221, 33, 164, 226, 163,
       70, 243, 60, 115, 114, 110, 219, 67, 23, 120, 147, 236, 249, 45,
       78, 191, 35, 20, 220, 221, 198, 226, 76, 99, 218, 156, 115, 213,
       5, 63, 115, 127, 38, 215, 118, 119, 232, 142, 27, 91, 22, 104, 3,
       228, 137, 237, 70, 236, 207, 83, 214, 229, 237, 231, 204, 67, 239,
       158, 178, 101, 141, 191, 52, 127, 22, 87, 111, 184, 236, 126, 125,
       223, 81, 185, 219, 252, 180, 45, 239, 253, 159, 181, 159, 252,
       255, 61, 142, 99, 250, 157, 223, 95, 101, 191, 215, 172, 94, 247,
       77, 179, 253, 92, 41, 223, 81, 56, 175, 220, 165, 44, 255, 215,
       202, 182, 182, 185, 236, 72, 143, 65, 187, 221, 203, 219, 97, 191,
       98, 166, 15, 119, 173, 119, 28, 103, 48, 14, 127, 184, 61, 174,
       119, 77, 223, 75, 139, 17, 148, 76, 101, 110, 224, 244, 73, 46,
       231, 251, 37, 132, 74, 179, 74, 145, 35, 170, 164, 59, 109, 141,
       145, 206, 223, 29, 117, 45, 172, 200, 246, 13, 141, 43, 70, 21,
       150, 105, 74, 177, 76, 90, 91, 251, 218, 12, 91, 207, 252, 188,
       158, 190, 233, 236, 84, 231, 187, 159, 168, 25, 238, 247, 107,
       219, 193, 247, 239, 18, 62, 79, 154, 99, 251, 247, 95, 123, 128,
       80, 175, 75, 45, 231, 224, 95, 253, 63, 238, 252, 116, 234, 127,
       76, 243, 232, 221, 244, 221, 78, 34, 110, 237, 240, 237, 47, 47,
