%YAML:1.0
---
descriptors: !!opencv-matrix
   rows: 215
   cols: 32
   dt: u
   data: [ 41, 185, 149, 81, 205, 221, 208, 207, 203, 241, 168, 72, 138,
       152, 84, 190, 137, 74, 226, 17, 151, 106, 250, 177, 15, 88, 21,
       127, 218, 12, 90, 142, 248, 172, 150, 176, 157, 237, 80, 199, 183,
       183, 168, 27, 15, 187, 96, 155, 233, 246, 236, 16, 62, 107, 210,
       181, 155, 211, 85, 127, 227, 72, 238, 10, 170, 79, 104, 47, 124,
       107, 207, 104, 23, 100, 188, 191, 99, 109, 151, 145, 220, 232,
       199, 103, 172, 34, 109, 191, 182, 91, 233, 189, 87, 253, 86, 192,
       105, 170, 128, 90, 205, 189, 192, 158, 207, 121, 172, 76, 170,
       200, 94, 190, 201, 2, 74, 29, 151, 43, 218, 241, 143, 29, 17, 124,
       218, 14, 219, 140, 104, 169, 152, 122, 137, 205, 81, 15, 131, 21,
       172, 9, 182, 147, 66, 18, 200, 186, 105, 16, 26, 11, 210, 49, 203,
       209, 20, 123, 208, 8, 206, 42, 44, 126, 184, 97, 237, 79, 86, 154,
       35, 252, 188, 13, 159, 61, 67, 154, 141, 220, 253, 126, 142, 114,
       219, 56, 239, 223, 101, 61, 202, 249, 78, 211, 228, 44, 253, 116,
       157, 237, 87, 134, 243, 182, 166, 8, 50, 61, 71, 59, 137, 246,
       108, 90, 42, 111, 243, 34, 219, 219, 84, 121, 195, 249, 86, 106,
       220, 24, 255, 183, 130, 114, 53, 195, 54, 119, 215, 179, 95, 62,
       139, 123, 119, 215, 237, 130, 60, 215, 173, 226, 210, 231, 122,
       133, 165, 113, 173, 83, 97, 152, 144, 218, 173, 189, 194, 218,
       203, 49, 172, 12, 190, 216, 116, 182, 201, 2, 122, 28, 159, 43,
       90, 241, 155, 220, 21, 126, 218, 10, 75, 46, 146, 30, 14, 188, 46,
       160, 186, 98, 157, 78, 210, 231, 172, 206, 51, 65, 238, 97, 191,
       199, 228, 141, 6, 255, 144, 50, 250, 139, 29, 13, 61, 223, 108, 0,
       63, 101, 36, 79, 65, 16, 100, 44, 227, 8, 215, 23, 0, 122, 144,
       148, 108, 42, 9, 176, 249, 0, 197, 251, 96, 20, 64, 171, 70, 98,
       111, 76, 99, 206, 109, 23, 79, 124, 21, 234, 215, 234, 89, 149,
       181, 228, 94, 204, 55, 238, 201, 151, 109, 254, 51, 126, 205, 184,
       55, 191, 208, 117, 221, 217, 93, 231, 160, 10, 79, 188, 36, 168,
       243, 68, 247, 99, 137, 115, 118, 212, 124, 106, 249, 212, 249, 45,
       228, 235, 103, 148, 40, 179, 192, 49, 181, 21, 29, 107, 153, 239,
       81, 13, 103, 81, 169, 16, 150, 83, 8, 57, 193, 19, 92, 56, 59, 42,
       123, 21, 233, 217, 0, 94, 248, 67, 131, 35, 125, 42, 150, 112,
       173, 60, 68, 147, 235, 187, 166, 88, 142, 224, 81, 191, 129, 70,
       108, 30, 61, 97, 218, 32, 155, 217, 85, 61, 202, 117, 219, 5, 173,
       72, 249, 79, 85, 111, 99, 16, 117, 168, 231, 8, 243, 17, 17, 56,
       88, 236, 118, 234, 41, 180, 121, 62, 199, 255, 33, 20, 99, 171,
       66, 160, 218, 94, 159, 180, 42, 224, 63, 34, 172, 158, 146, 179,
       237, 255, 33, 75, 230, 245, 237, 130, 104, 197, 2, 232, 209, 227,
       106, 147, 0, 113, 37, 91, 97, 41, 173, 101, 172, 79, 109, 55, 236,
       232, 170, 12, 183, 61, 16, 50, 128, 102, 125, 13, 193, 248, 241,
       12, 229, 191, 36, 16, 72, 240, 210, 120, 165, 206, 205, 149, 244,
       43, 238, 174, 126, 162, 122, 194, 243, 104, 157, 64, 121, 238, 54,
       63, 233, 244, 77, 110, 44, 46, 231, 4, 237, 248, 208, 136, 126,
       168, 176, 186, 139, 237, 16, 206, 159, 23, 129, 25, 46, 248, 102,
       154, 137, 243, 233, 145, 30, 75, 218, 177, 219, 213, 29, 123, 208,
       85, 143, 78, 27, 142, 158, 217, 179, 191, 120, 223, 119, 39, 110,
       6, 111, 163, 163, 236, 183, 10, 172, 28, 158, 153, 53, 247, 218,
       255, 20, 67, 178, 204, 45, 108, 201, 159, 150, 87, 224, 156, 126,
       51, 253, 10, 119, 116, 188, 242, 150, 245, 135, 103, 126, 14, 245,
       220, 234, 111, 46, 255, 118, 130, 10, 224, 139, 13, 120, 58, 249,
       80, 41, 252, 17, 18, 235, 95, 180, 120, 11, 151, 198, 63, 135,
       176, 204, 16, 175, 79, 162, 192, 211, 217, 112, 187, 226, 196, 14,
       119, 175, 73, 99, 222, 207, 19, 206, 253, 93, 162, 84, 138, 73,
       232, 181, 229, 122, 236, 179, 238, 245, 62, 110, 255, 55, 126,
       133, 169, 55, 191, 216, 164, 84, 155, 158, 253, 170, 2, 21, 133,
       174, 153, 162, 97, 215, 179, 64, 90, 130, 119, 109, 81, 24, 201,
       211, 32, 233, 167, 126, 83, 136, 114, 167, 59, 47, 189, 163, 183,
       253, 111, 123, 250, 191, 219, 93, 119, 253, 255, 202, 103, 253,
       126, 95, 29, 179, 88, 250, 255, 253, 214, 255, 238, 162, 239, 151,
       243, 147, 204, 239, 151, 134, 114, 173, 231, 124, 87, 87, 214,
       249, 46, 190, 107, 107, 71, 59, 143, 181, 220, 61, 226, 36, 46,
       254, 128, 173, 213, 177, 252, 104, 162, 208, 80, 234, 217, 16, 79,
       171, 181, 164, 185, 46, 199, 206, 150, 134, 147, 196, 16, 18, 107,
       226, 81, 30, 209, 20, 123, 194, 132, 207, 157, 107, 176, 166, 24,
       109, 157, 184, 65, 239, 89, 181, 95, 136, 136, 254, 174, 236, 129,
       250, 21, 151, 107, 215, 209, 30, 57, 218, 123, 219, 14, 251, 151,
       89, 152, 156, 116, 41, 60, 84, 19, 227, 155, 166, 88, 255, 179,
       64, 250, 135, 230, 108, 8, 9, 111, 211, 33, 211, 251, 116, 24,
       234, 224, 202, 11, 129, 22, 111, 69, 100, 10, 105, 59, 125, 104,
       118, 230, 211, 5, 149, 117, 126, 140, 38, 44, 169, 248, 229, 28,
       70, 235, 226, 132, 103, 136, 64, 249, 77, 102, 156, 101, 160, 62,
       79, 144, 121, 174, 191, 76, 223, 51, 201, 58, 144, 196, 108, 126,
       140, 240, 233, 10, 238, 255, 101, 52, 202, 243, 67, 1, 165, 134,
       205, 181, 212, 43, 238, 174, 86, 162, 106, 210, 241, 96, 153, 64,
       121, 238, 34, 173, 41, 244, 77, 15, 44, 38, 255, 4, 237, 248, 80,
       168, 199, 158, 133, 179, 130, 170, 60, 151, 190, 247, 11, 247,
       237, 38, 66, 75, 39, 103, 121, 149, 182, 220, 159, 226, 140, 102,
       94, 194, 172, 213, 169, 93, 165, 166, 213, 21, 212, 11, 228, 171,
       126, 162, 107, 80, 211, 96, 152, 81, 123, 206, 98, 46, 113, 244,
       77, 15, 44, 174, 103, 4, 237, 248, 194, 160, 185, 22, 237, 69,
       118, 91, 207, 56, 87, 234, 246, 254, 115, 56, 151, 37, 127, 238,
       118, 173, 233, 246, 109, 142, 60, 239, 229, 148, 111, 248, 80,
       245, 108, 173, 152, 101, 237, 31, 86, 186, 123, 184, 188, 13, 159,
       121, 67, 146, 145, 196, 236, 62, 12, 96, 217, 48, 239, 219, 101,
       53, 202, 249, 74, 3, 200, 185, 191, 119, 177, 204, 119, 55, 236,
       204, 106, 8, 183, 181, 0, 50, 128, 55, 121, 73, 65, 185, 178, 43,
       229, 189, 54, 0, 64, 2, 135, 106, 3, 157, 2, 170, 151, 167, 178,
       107, 29, 65, 75, 71, 228, 106, 40, 192, 253, 43, 11, 53, 23, 152,
       25, 255, 169, 54, 138, 66, 152, 78, 177, 28, 216, 180, 27, 248,
       11, 224, 17, 79, 54, 7, 168, 25, 183, 215, 64, 88, 241, 187, 233,
       144, 58, 79, 242, 23, 217, 199, 27, 121, 176, 64, 167, 122, 32,
       220, 27, 126, 100, 203, 103, 247, 116, 206, 126, 44, 50, 241, 34,
       48, 89, 234, 6, 10, 73, 190, 48, 63, 117, 166, 117, 9, 120, 58,
       70, 251, 116, 249, 185, 230, 58, 77, 83, 184, 131, 236, 189, 45,
       87, 253, 67, 18, 134, 245, 253, 115, 201, 35, 250, 48, 251, 197,
       37, 191, 112, 59, 6, 115, 240, 160, 252, 112, 136, 233, 81, 87,
       226, 181, 164, 56, 19, 153, 64, 27, 137, 146, 108, 16, 26, 107,
       130, 16, 219, 201, 113, 121, 225, 136, 198, 42, 112, 186, 149,
       176, 136, 169, 0, 207, 138, 179, 160, 125, 182, 162, 64, 27, 129,
       3, 104, 16, 51, 111, 202, 49, 152, 130, 117, 124, 216, 72, 131, 8,
       132, 142, 77, 165, 178, 10, 110, 171, 52, 162, 90, 242, 213, 99,
       144, 64, 119, 221, 62, 169, 121, 216, 77, 31, 172, 166, 175, 132,
       44, 224, 161, 160, 116, 97, 25, 108, 24, 79, 71, 104, 38, 160,
       233, 8, 215, 87, 9, 112, 208, 220, 88, 106, 73, 2, 219, 28, 241,
       141, 1, 60, 64, 51, 66, 34, 236, 182, 188, 51, 137, 125, 81, 154,
       251, 255, 37, 29, 142, 244, 75, 63, 133, 78, 236, 18, 183, 116,
       251, 2, 207, 209, 117, 127, 202, 117, 142, 119, 181, 151, 115, 69,
       246, 42, 231, 251, 125, 238, 254, 230, 81, 113, 149, 52, 127, 206,
       86, 234, 241, 178, 109, 206, 60, 46, 39, 132, 111, 242, 230, 245,
