%YAML:1.0
---
descriptors: !!opencv-matrix
   rows: 272
   cols: 32
   dt: u
   data: [ 134, 253, 128, 154, 205, 117, 182, 204, 158, 182, 73, 11, 236,
       248, 111, 11, 217, 91, 179, 115, 86, 114, 90, 240, 61, 16, 207,
       47, 145, 127, 157, 134, 230, 237, 230, 134, 221, 87, 158, 232,
       154, 246, 153, 139, 104, 252, 125, 7, 221, 215, 243, 231, 228, 99,
       218, 254, 57, 30, 207, 191, 133, 127, 254, 222, 188, 48, 231, 197,
       77, 82, 177, 73, 85, 255, 247, 178, 10, 220, 236, 239, 248, 156,
       166, 176, 221, 247, 183, 192, 31, 192, 231, 135, 227, 44, 244,
       247, 65, 143, 93, 103, 180, 46, 111, 49, 125, 170, 123, 100, 243,
       99, 148, 112, 150, 230, 108, 110, 249, 184, 73, 46, 236, 190, 101,
       128, 72, 227, 194, 33, 189, 95, 98, 28, 110, 147, 206, 120, 212,
       202, 248, 238, 123, 200, 183, 165, 126, 232, 22, 239, 237, 167, 4,
       191, 50, 79, 163, 152, 125, 191, 122, 157, 172, 166, 188, 117,
       173, 127, 119, 184, 127, 255, 183, 25, 223, 125, 74, 27, 157, 70,
       237, 46, 60, 116, 107, 34, 207, 223, 117, 53, 194, 249, 206, 83,
       37, 84, 127, 111, 100, 46, 107, 48, 100, 202, 119, 64, 83, 115,
       153, 113, 126, 244, 54, 110, 169, 180, 49, 76, 71, 171, 97, 128,
       104, 243, 98, 177, 200, 176, 190, 250, 43, 241, 48, 79, 190, 31,
       135, 49, 188, 159, 106, 75, 231, 19, 251, 144, 34, 77, 130, 81,
       95, 195, 114, 123, 146, 0, 173, 75, 209, 20, 31, 117, 160, 110,
       69, 182, 244, 146, 162, 88, 247, 115, 1, 123, 33, 118, 108, 42,
       105, 225, 145, 46, 225, 235, 117, 16, 104, 241, 3, 40, 214, 169,
       245, 214, 219, 210, 127, 233, 239, 148, 239, 2, 104, 247, 76, 246,
       123, 255, 191, 218, 90, 122, 251, 245, 191, 248, 71, 79, 39, 166,
       229, 102, 201, 40, 151, 112, 44, 173, 113, 7, 251, 27, 176, 24,
       191, 147, 128, 59, 133, 163, 108, 28, 59, 109, 226, 80, 153, 219,
       114, 122, 192, 192, 67, 41, 37, 49, 125, 97, 116, 95, 99, 56, 125,
       104, 115, 72, 211, 24, 148, 48, 184, 140, 118, 106, 205, 240, 241,
       8, 231, 249, 33, 4, 105, 42, 66, 162, 191, 96, 190, 176, 229, 63,
       220, 200, 251, 190, 180, 29, 78, 248, 95, 27, 185, 233, 247, 119,
       172, 247, 218, 202, 147, 219, 77, 55, 207, 127, 90, 198, 15, 141,
       172, 179, 133, 47, 237, 167, 30, 255, 6, 17, 212, 46, 82, 75, 197,
       71, 51, 29, 244, 216, 91, 162, 237, 95, 223, 69, 128, 125, 157,
       202, 109, 117, 253, 70, 173, 93, 124, 188, 233, 186, 191, 8, 202,
       255, 85, 55, 140, 212, 110, 106, 201, 99, 251, 224, 95, 217, 69,
       63, 66, 251, 70, 39, 244, 65, 23, 101, 8, 11, 70, 168, 36, 34,
       227, 72, 215, 115, 9, 210, 80, 212, 104, 106, 8, 240, 201, 10,
       161, 166, 39, 20, 64, 59, 66, 32, 17, 133, 47, 251, 156, 135, 207,
       255, 214, 131, 219, 2, 243, 98, 56, 96, 121, 230, 127, 190, 249,
       139, 123, 255, 249, 238, 239, 208, 20, 42, 240, 40, 175, 224, 97,
       187, 252, 181, 232, 200, 95, 121, 209, 147, 153, 220, 223, 45,
       219, 137, 127, 157, 175, 118, 254, 245, 31, 91, 187, 236, 221,
       141, 115, 228, 104, 173, 249, 117, 141, 237, 85, 63, 82, 167, 46,
       24, 251, 185, 80, 72, 145, 118, 233, 24, 18, 120, 211, 35, 79,
       255, 85, 121, 194, 200, 196, 42, 67, 137, 22, 191, 141, 134, 180,
       167, 140, 9, 202, 1, 236, 250, 34, 194, 192, 35, 187, 5, 86, 137,
       19, 245, 161, 118, 218, 74, 16, 14, 185, 14, 254, 120, 252, 228,
       45, 79, 94, 252, 89, 170, 178, 11, 75, 28, 87, 19, 216, 213, 255,
       98, 236, 247, 209, 136, 179, 219, 199, 55, 101, 184, 222, 31, 118,
       247, 233, 100, 234, 6, 79, 248, 18, 238, 189, 239, 81, 102, 205,
       51, 127, 221, 21, 238, 233, 83, 189, 74, 121, 140, 175, 188, 37,
       243, 102, 249, 12, 188, 180, 247, 173, 188, 85, 187, 95, 183, 14,
       16, 239, 251, 74, 15, 209, 78, 61, 25, 58, 124, 219, 177, 207,
       219, 213, 103, 162, 124, 216, 10, 220, 157, 181, 247, 143, 236,
       119, 190, 255, 191, 10, 50, 254, 241, 72, 207, 99, 86, 238, 18,
       51, 120, 251, 227, 237, 246, 87, 70, 162, 117, 133, 107, 143, 236,
       237, 223, 246, 219, 255, 174, 222, 243, 94, 131, 249, 252, 127,
       33, 27, 110, 51, 61, 166, 248, 191, 191, 111, 127, 207, 68, 245,
       236, 85, 246, 66, 168, 152, 185, 233, 233, 177, 71, 190, 63, 164,
       57, 140, 183, 98, 90, 197, 27, 235, 144, 50, 75, 226, 209, 205,
       147, 90, 255, 144, 64, 135, 195, 33, 207, 88, 9, 84, 143, 194,
       254, 102, 45, 248, 76, 163, 40, 150, 16, 25, 170, 70, 109, 142,
       186, 77, 63, 46, 12, 37, 100, 113, 154, 202, 141, 189, 127, 125,
       101, 164, 15, 87, 189, 101, 170, 190, 104, 95, 49, 129, 51, 62,
       212, 76, 106, 233, 240, 97, 12, 243, 217, 101, 148, 106, 250, 194,
       43, 57, 143, 107, 239, 212, 130, 238, 125, 85, 72, 254, 230, 123,
       169, 180, 64, 122, 174, 23, 239, 221, 187, 5, 191, 114, 237, 162,
       192, 127, 170, 240, 153, 5, 87, 25, 103, 176, 14, 111, 184, 124,
       168, 123, 68, 215, 115, 137, 112, 22, 76, 20, 106, 225, 176, 73,
       46, 228, 174, 37, 4, 72, 243, 67, 33, 23, 237, 107, 70, 148, 151,
       207, 252, 69, 224, 222, 10, 113, 105, 188, 36, 120, 234, 17, 239,
       251, 186, 60, 253, 123, 12, 143, 100, 55, 186, 240, 108, 205, 7,
       117, 105, 176, 6, 111, 27, 62, 170, 118, 68, 223, 71, 145, 112,
       118, 20, 28, 126, 225, 144, 41, 30, 237, 255, 39, 132, 26, 240,
       97, 49, 95, 121, 255, 238, 174, 6, 222, 156, 11, 232, 114, 238,
       223, 239, 217, 50, 190, 253, 53, 239, 217, 240, 155, 233, 250,
       255, 239, 144, 174, 179, 129, 49, 173, 213, 125, 65, 244, 127,
       230, 191, 84, 251, 126, 86, 219, 61, 156, 161, 31, 70, 54, 60,
       245, 248, 117, 14, 111, 75, 117, 68, 239, 248, 216, 249, 228, 160,
       157, 119, 232, 108, 81, 154, 250, 187, 35, 24, 215, 243, 73, 59,
       129, 94, 108, 18, 56, 69, 235, 32, 201, 227, 117, 124, 192, 113,
       198, 34, 213, 87, 93, 231, 178, 2, 111, 184, 52, 168, 95, 228,
       221, 115, 137, 117, 54, 212, 124, 238, 249, 144, 77, 78, 164, 175,
       175, 132, 46, 243, 161, 49, 135, 191, 237, 191, 188, 134, 175,
       186, 150, 243, 86, 215, 241, 239, 26, 97, 95, 127, 57, 237, 171,
       220, 255, 255, 237, 111, 255, 196, 180, 224, 53, 120, 76, 153,
       149, 215, 223, 252, 52, 175, 255, 177, 38, 114, 238, 247, 73, 239,
       35, 246, 234, 24, 51, 120, 251, 241, 63, 118, 87, 79, 162, 212,
       173, 47, 201, 168, 191, 114, 40, 237, 113, 7, 251, 31, 182, 24,
       191, 179, 192, 123, 131, 51, 108, 24, 59, 109, 226, 19, 217, 251,
       114, 91, 192, 192, 7, 41, 248, 17, 126, 236, 189, 95, 92, 117, 41,
       172, 242, 9, 207, 61, 22, 17, 252, 183, 253, 96, 124, 187, 209,
       140, 187, 249, 68, 83, 98, 140, 206, 91, 254, 92, 84, 254, 235,
       114, 94, 234, 185, 146, 191, 186, 111, 126, 143, 247, 255, 247,
       253, 226, 109, 103, 75, 239, 178, 255, 67, 155, 63, 245, 106, 21,
       88, 151, 95, 231, 178, 10, 127, 55, 33, 200, 255, 225, 255, 119,
       128, 113, 182, 247, 253, 226, 249, 152, 193, 108, 254, 255, 36,
       128, 42, 162, 167, 57, 81, 132, 13, 239, 188, 135, 75, 187, 87,
       43, 159, 18, 243, 115, 168, 96, 217, 198, 127, 170, 121, 175, 107,
       191, 233, 255, 239, 84, 48, 138, 240, 32, 190, 101, 246, 178, 237,
       63, 244, 206, 187, 182, 185, 31, 206, 248, 95, 10, 187, 239, 239,
       55, 52, 231, 154, 194, 251, 83, 95, 63, 198, 127, 223, 199, 15,
       49, 0, 161, 117, 30, 122, 16, 105, 72, 75, 77, 222, 24, 19, 208,
       180, 13, 93, 103, 133, 144, 17, 140, 164, 125, 0, 2, 72, 39, 11,
       87, 158, 12, 215, 191, 139, 98, 13, 175, 181, 183, 202, 176, 206,
       119, 9, 223, 99, 215, 239, 128, 57, 221, 75, 238, 173, 242, 95, 3,
       178, 116, 167, 106, 146, 30, 174, 172, 12, 103, 221, 123, 134,
       255, 148, 31, 215, 253, 114, 3, 141, 213, 253, 165, 172, 111, 59,
       30, 219, 199, 255, 189, 17, 104, 125, 83, 129, 143, 63, 252, 164,
       140, 125, 183, 252, 89, 88, 116, 181, 171, 176, 97, 230, 35, 63,
