%YAML:1.0
---
descriptors: !!opencv-matrix
   rows: 216
   cols: 32
   dt: u
   data: [ 236, 190, 188, 113, 173, 125, 85, 155, 247, 255, 182, 25, 159,
       191, 66, 27, 133, 198, 237, 28, 186, 109, 243, 2, 203, 219, 117,
       125, 194, 249, 206, 67, 73, 156, 191, 93, 168, 252, 53, 55, 254,
       87, 78, 16, 180, 180, 130, 107, 161, 58, 122, 25, 179, 89, 179,
       87, 205, 39, 126, 72, 144, 64, 167, 122, 159, 177, 149, 240, 233,
       127, 84, 207, 187, 123, 161, 24, 206, 254, 76, 190, 165, 211, 220,
       16, 63, 67, 58, 224, 155, 223, 95, 119, 138, 117, 171, 151, 45,
       158, 109, 109, 116, 191, 251, 250, 86, 104, 125, 102, 241, 125,
       191, 32, 31, 72, 23, 110, 163, 52, 105, 63, 102, 207, 161, 164,
       127, 139, 80, 251, 6, 129, 226, 147, 243, 210, 190, 197, 63, 89,
       87, 131, 76, 254, 62, 232, 255, 251, 183, 215, 151, 209, 57, 240,
       63, 95, 159, 199, 151, 87, 189, 213, 228, 168, 191, 113, 204, 239,
       97, 210, 255, 23, 226, 24, 147, 181, 64, 123, 201, 154, 106, 24,
       58, 255, 251, 50, 205, 186, 84, 80, 192, 200, 198, 162, 244, 65,
       61, 231, 188, 75, 71, 168, 52, 32, 227, 8, 215, 85, 9, 113, 208,
       212, 108, 106, 120, 180, 201, 10, 229, 251, 33, 20, 64, 59, 70,
       34, 124, 32, 153, 229, 201, 111, 65, 2, 34, 224, 164, 8, 151, 55,
       65, 58, 129, 252, 120, 24, 9, 70, 216, 8, 201, 193, 5, 48, 160,
       96, 6, 34, 105, 188, 253, 117, 188, 110, 117, 63, 82, 234, 62, 16,
       243, 57, 209, 106, 17, 118, 125, 8, 232, 252, 249, 171, 111, 239,
       245, 1, 230, 248, 212, 42, 152, 211, 125, 236, 42, 64, 23, 237,
       41, 23, 244, 178, 111, 95, 168, 113, 54, 211, 205, 226, 114, 7,
       32, 117, 242, 225, 122, 151, 52, 16, 167, 43, 185, 38, 225, 85,
       244, 187, 227, 183, 119, 227, 126, 246, 243, 105, 149, 252, 123,
       238, 102, 156, 185, 252, 101, 47, 46, 239, 53, 132, 239, 200, 210,
       189, 23, 132, 106, 44, 181, 26, 254, 248, 117, 226, 127, 70, 75,
       104, 191, 160, 251, 204, 20, 239, 237, 177, 29, 206, 186, 254, 5,
       7, 111, 255, 120, 133, 80, 237, 26, 174, 58, 201, 23, 244, 164,
       36, 142, 169, 183, 183, 34, 82, 166, 119, 77, 226, 72, 9, 160, 63,
       241, 165, 62, 57, 48, 18, 135, 107, 6, 21, 246, 206, 239, 67, 190,
       233, 141, 130, 217, 163, 76, 254, 61, 3, 254, 241, 215, 231, 208,
       131, 26, 200, 61, 62, 207, 143, 149, 126, 39, 147, 94, 115, 142,
       164, 146, 18, 56, 22, 168, 237, 154, 231, 141, 166, 98, 194, 230,
       197, 253, 213, 148, 153, 133, 192, 248, 101, 175, 197, 172, 54,
       173, 81, 125, 196, 204, 230, 252, 3, 78, 184, 16, 226, 223, 139,
       83, 97, 153, 2, 91, 196, 125, 238, 105, 246, 205, 46, 250, 175,
       229, 148, 45, 251, 248, 32, 71, 157, 222, 21, 234, 54, 124, 159,
       251, 251, 254, 228, 88, 182, 135, 123, 103, 215, 124, 156, 157,
       217, 191, 96, 62, 59, 119, 134, 172, 241, 168, 85, 118, 105, 18,
       154, 249, 217, 146, 232, 143, 128, 161, 41, 238, 202, 103, 212,
       216, 105, 202, 83, 86, 3, 138, 253, 184, 48, 15, 123, 18, 47, 43,
       134, 167, 239, 102, 143, 221, 59, 166, 236, 94, 230, 219, 215,
       200, 232, 63, 132, 249, 206, 235, 231, 228, 247, 207, 254, 60, 62,
       143, 167, 93, 127, 249, 134, 245, 228, 227, 71, 250, 2, 79, 248,
       51, 162, 253, 234, 81, 103, 152, 55, 127, 220, 84, 238, 233, 214,
       237, 46, 56, 174, 173, 180, 45, 243, 98, 176, 6, 109, 31, 159,
       206, 229, 190, 200, 238, 146, 121, 2, 236, 242, 41, 73, 250, 107,
       42, 194, 64, 209, 26, 249, 53, 18, 203, 10, 20, 123, 161, 130, 2,
       159, 26, 155, 213, 167, 186, 103, 30, 13, 90, 7, 172, 235, 38, 64,
       221, 59, 131, 144, 50, 152, 65, 255, 111, 181, 138, 195, 144, 78,
       189, 139, 188, 112, 247, 209, 207, 87, 177, 73, 87, 255, 243, 178,
       82, 220, 236, 239, 253, 156, 166, 145, 141, 247, 183, 192, 95, 72,
       247, 103, 227, 12, 244, 247, 218, 189, 148, 176, 171, 253, 20,
       143, 187, 251, 128, 253, 174, 190, 71, 219, 135, 215, 237, 17, 63,
       77, 211, 243, 186, 211, 95, 127, 136, 84, 139, 31, 138, 174, 156,
       155, 251, 241, 184, 135, 174, 31, 212, 177, 172, 230, 106, 203,
       207, 59, 235, 145, 54, 78, 226, 243, 79, 17, 26, 235, 146, 68,
       173, 207, 134, 168, 158, 186, 201, 197, 177, 198, 158, 151, 64,
       17, 164, 242, 99, 74, 201, 123, 235, 81, 54, 79, 218, 243, 221,
       22, 94, 107, 144, 8, 165, 202, 58, 235, 112, 250, 123, 209, 90,
       248, 163, 28, 181, 169, 47, 207, 35, 144, 238, 187, 205, 195, 78,
       11, 74, 189, 243, 213, 139, 187, 50, 7, 46, 219, 4, 102, 148, 155,
       232, 233, 167, 200, 158, 191, 89, 96, 244, 226, 233, 72, 147, 75,
       42, 83, 18, 64, 74, 113, 12, 6, 111, 252, 144, 123, 9, 129, 245,
       76, 78, 223, 66, 54, 111, 250, 16, 162, 254, 218, 113, 118, 181,
       113, 125, 247, 54, 238, 105, 150, 253, 63, 118, 175, 225, 128, 61,
       251, 106, 168, 11, 49, 98, 133, 101, 210, 248, 69, 105, 229, 87,
       131, 8, 156, 246, 36, 254, 173, 179, 221, 213, 250, 166, 192, 30,
       121, 138, 227, 7, 134, 255, 212, 212, 136, 159, 247, 172, 110,
       101, 182, 244, 155, 162, 80, 247, 51, 0, 90, 129, 86, 108, 8, 57,
       237, 91, 43, 201, 239, 119, 16, 224, 113, 193, 42, 6, 73, 170,
       218, 212, 214, 190, 193, 158, 5, 195, 19, 196, 254, 55, 72, 249,
       123, 179, 211, 54, 155, 58, 254, 47, 63, 158, 67, 148, 123, 245,
       214, 50, 23, 123, 236, 182, 123, 159, 121, 29, 108, 125, 239, 95,
       127, 190, 32, 190, 177, 151, 227, 253, 179, 37, 158, 242, 239, 41,
       215, 117, 170, 213, 243, 103, 173, 225, 69, 156, 182, 239, 191,
       67, 225, 156, 66, 113, 105, 213, 36, 89, 206, 91, 253, 219, 43,
       253, 253, 47, 28, 143, 252, 199, 246, 240, 236, 87, 233, 97, 198,
       148, 21, 239, 253, 207, 96, 158, 194, 121, 204, 252, 228, 62, 194,
       95, 239, 211, 1, 189, 253, 56, 24, 143, 252, 23, 183, 241, 100,
       224, 160, 29, 112, 9, 237, 65, 75, 227, 179, 164, 24, 151, 19, 72,
       56, 137, 146, 104, 8, 58, 110, 88, 19, 211, 219, 81, 117, 80, 8,
       198, 34, 74, 162, 176, 153, 249, 241, 185, 207, 190, 31, 148, 185,
       172, 238, 74, 79, 207, 27, 235, 145, 54, 75, 226, 209, 207, 19,
       222, 255, 146, 68, 175, 207, 33, 174, 91, 101, 244, 142, 107, 55,
       125, 9, 122, 76, 243, 49, 144, 48, 23, 174, 84, 44, 185, 188, 65,
       31, 238, 255, 32, 192, 200, 138, 194, 169, 172, 160, 154, 225,
       205, 205, 48, 202, 198, 177, 164, 24, 150, 145, 106, 10, 9, 76,
       74, 24, 18, 119, 153, 16, 223, 129, 85, 117, 216, 8, 202, 130, 87,
       249, 163, 163, 19, 132, 42, 128, 170, 229, 139, 199, 173, 134, 83,
       66, 102, 197, 121, 215, 135, 153, 157, 224, 152, 96, 142, 192, 44,
       7, 33, 92, 220, 83, 30, 180, 42, 8, 28, 25, 166, 156, 134, 189,
       207, 199, 75, 91, 166, 181, 237, 80, 76, 71, 131, 0, 210, 225,
       109, 185, 32, 176, 47, 19, 86, 255, 150, 158, 219, 209, 150, 236,
       159, 134, 145, 163, 108, 254, 47, 221, 255, 251, 239, 227, 124,
       67, 138, 255, 185, 54, 223, 191, 145, 119, 175, 135, 56, 164, 148,
       250, 169, 253, 80, 207, 191, 31, 161, 25, 15, 187, 106, 155, 137,
       147, 237, 16, 62, 79, 218, 145, 219, 211, 80, 127, 210, 68, 143,
       3, 18, 151, 23, 141, 180, 130, 182, 119, 141, 76, 250, 231, 172,
       44, 166, 196, 204, 51, 142, 1, 213, 171, 0, 253, 160, 52, 186,
       194, 28, 14, 189, 159, 47, 188, 33, 91, 213, 181, 170, 252, 95,
       91, 121, 94, 232, 104, 188, 172, 221, 74, 146, 223, 183, 250, 126,
       247, 46, 94, 151, 110, 223, 207, 250, 148, 210, 40, 121, 112, 3,
       216, 89, 71, 169, 4, 164, 152, 43, 31, 4, 52, 34, 151, 89, 136,
       14, 79, 182, 193, 211, 248, 16, 19, 99, 128, 102, 110, 154, 90,
       204, 189, 42, 176, 60, 222, 143, 94, 84, 231, 173, 143, 167, 203,
       102, 105, 191, 197, 166, 12, 199, 241, 150, 97, 250, 168, 62, 245,
       41, 153, 229, 103, 84, 166, 60, 12, 75, 188, 233, 248, 179, 204,
       223, 107, 155, 115, 190, 197, 126, 238, 169, 99, 221, 204, 244,
