%YAML:1.0
---
descriptors: !!opencv-matrix
   rows: 261
   cols: 32
   dt: u
   data: [ 3, 148, 7, 137, 51, 246, 42, 38, 124, 73, 75, 247, 204, 118,
       184, 228, 247, 1, 26, 181, 183, 156, 53, 223, 140, 118, 154, 198,
       156, 5, 49, 85, 66, 153, 16, 219, 63, 217, 178, 192, 239, 1, 2, 8,
       238, 218, 109, 196, 162, 51, 234, 82, 70, 41, 154, 245, 159, 20,
       15, 123, 18, 14, 13, 15, 58, 51, 50, 232, 59, 221, 155, 72, 143,
       140, 189, 169, 174, 222, 101, 4, 222, 185, 223, 225, 154, 35, 202,
       221, 209, 212, 11, 187, 87, 15, 7, 247, 81, 201, 27, 239, 38, 134,
       111, 53, 36, 8, 210, 70, 245, 3, 176, 64, 118, 37, 29, 238, 217,
       137, 1, 29, 224, 173, 170, 128, 60, 130, 177, 41, 186, 201, 16,
       254, 93, 197, 213, 238, 159, 0, 212, 2, 47, 217, 50, 101, 200,
       187, 147, 65, 106, 171, 82, 191, 51, 241, 154, 27, 87, 28, 116,
       142, 26, 188, 99, 245, 83, 208, 185, 119, 61, 71, 94, 179, 189,
       191, 52, 244, 238, 191, 151, 133, 123, 158, 240, 207, 191, 253,
       154, 195, 39, 4, 183, 250, 162, 221, 118, 219, 213, 133, 252, 247,
       221, 5, 242, 23, 40, 157, 54, 1, 236, 187, 147, 193, 242, 190, 18,
       255, 47, 58, 150, 67, 83, 140, 252, 154, 73, 26, 219, 205, 100,
       18, 104, 58, 118, 200, 82, 228, 177, 163, 144, 228, 118, 44, 62,
       140, 129, 222, 231, 78, 140, 175, 251, 132, 172, 161, 33, 49, 8,
       185, 151, 77, 83, 206, 49, 69, 237, 65, 104, 0, 190, 183, 32, 52,
       162, 59, 66, 64, 67, 152, 50, 109, 71, 249, 2, 2, 64, 2, 39, 170,
       129, 138, 191, 187, 180, 167, 232, 87, 222, 73, 82, 118, 188, 202,
       176, 104, 243, 43, 63, 29, 183, 156, 35, 247, 136, 223, 186, 192,
       152, 136, 241, 9, 58, 108, 114, 78, 85, 208, 242, 96, 225, 4, 237,
       10, 106, 217, 63, 148, 248, 184, 194, 234, 110, 167, 40, 239, 115,
       124, 130, 11, 83, 7, 126, 142, 61, 207, 106, 236, 244, 151, 239,
       247, 213, 76, 254, 230, 115, 233, 183, 96, 126, 234, 22, 239, 236,
       187, 36, 191, 250, 237, 167, 192, 63, 186, 240, 201, 93, 201, 190,
       182, 128, 6, 127, 182, 164, 200, 222, 70, 255, 247, 34, 114, 246,
       247, 61, 206, 200, 153, 163, 108, 251, 239, 239, 128, 40, 114, 33,
       99, 249, 201, 110, 230, 142, 2, 207, 253, 66, 242, 182, 134, 83,
       173, 178, 3, 121, 196, 53, 239, 232, 251, 173, 189, 122, 235, 231,
       180, 103, 186, 240, 88, 6, 192, 114, 136, 111, 113, 184, 200, 111,
       17, 177, 18, 76, 218, 104, 204, 251, 153, 206, 177, 2, 39, 26,
       209, 23, 20, 139, 47, 21, 30, 229, 134, 254, 228, 236, 231, 142,
       9, 236, 157, 91, 187, 61, 90, 251, 105, 92, 11, 59, 199, 125, 43,
       226, 116, 203, 131, 254, 203, 239, 180, 245, 250, 209, 129, 153,
       180, 26, 113, 147, 188, 112, 247, 63, 63, 110, 20, 30, 179, 74,
       216, 167, 27, 198, 16, 55, 188, 16, 87, 207, 255, 16, 71, 234, 64,
       171, 139, 126, 28, 148, 156, 203, 101, 16, 218, 143, 59, 136, 63,
       204, 63, 99, 223, 205, 215, 255, 131, 44, 71, 91, 240, 211, 214,
       219, 191, 154, 125, 41, 19, 146, 75, 226, 156, 91, 240, 186, 198,
       173, 4, 222, 163, 40, 206, 55, 196, 238, 251, 151, 213, 134, 139,
       38, 235, 51, 112, 138, 139, 23, 85, 61, 223, 6, 248, 154, 218,
       211, 197, 178, 194, 187, 3, 96, 26, 44, 223, 101, 24, 235, 123,
       147, 16, 18, 63, 154, 243, 31, 150, 30, 107, 209, 1, 47, 154, 245,
       113, 237, 67, 172, 79, 207, 156, 70, 250, 183, 106, 211, 85, 221,
       47, 127, 196, 126, 126, 201, 116, 237, 48, 103, 139, 229, 180,
       101, 187, 212, 113, 162, 24, 137, 185, 84, 199, 160, 79, 30, 33,
       80, 18, 180, 156, 112, 72, 201, 58, 19, 17, 51, 254, 83, 183, 13,
       22, 154, 98, 149, 8, 212, 154, 52, 15, 124, 79, 50, 107, 71, 96,
       84, 36, 255, 162, 115, 1, 179, 97, 122, 166, 14, 42, 40, 176, 101,
       29, 244, 167, 32, 17, 117, 219, 68, 96, 248, 253, 108, 225, 53,
       222, 122, 182, 97, 228, 190, 7, 187, 31, 19, 209, 106, 245, 221,
       216, 170, 216, 241, 252, 255, 217, 175, 209, 39, 144, 126, 90, 46,
       157, 244, 251, 255, 217, 150, 174, 95, 95, 124, 43, 238, 249, 234,
       140, 219, 123, 183, 83, 118, 120, 122, 183, 110, 215, 93, 251,
       255, 127, 221, 223, 57, 191, 242, 238, 214, 130, 79, 254, 119,
       129, 122, 230, 123, 235, 176, 112, 119, 254, 4, 212, 154, 154,
       143, 191, 186, 237, 167, 204, 175, 162, 240, 57, 156, 177, 120,
       227, 182, 95, 255, 85, 85, 104, 85, 51, 155, 29, 154, 161, 62, 26,
       151, 106, 243, 176, 117, 189, 231, 201, 36, 161, 103, 222, 221,
       243, 126, 118, 104, 226, 235, 92, 95, 184, 41, 206, 191, 173, 207,
       95, 207, 246, 247, 213, 253, 254, 222, 2, 251, 226, 255, 253, 167,
       255, 174, 215, 14, 119, 48, 222, 72, 239, 18, 171, 79, 182, 23, 4,
       126, 231, 99, 103, 162, 64, 126, 234, 143, 198, 235, 152, 77, 191,
       246, 231, 178, 144, 61, 154, 212, 89, 80, 31, 155, 172, 186, 166,
       25, 31, 62, 41, 202, 109, 52, 183, 32, 80, 166, 63, 125, 148, 2,
       139, 145, 61, 249, 164, 62, 184, 184, 208, 161, 59, 25, 30, 127,
       237, 54, 15, 121, 126, 20, 238, 86, 230, 183, 39, 163, 97, 119,
       60, 55, 44, 161, 252, 49, 30, 204, 171, 114, 128, 60, 136, 1, 249,
       32, 233, 104, 75, 116, 201, 235, 252, 71, 45, 124, 2, 48, 149,
       190, 52, 88, 154, 3, 232, 194, 58, 108, 125, 111, 28, 160, 104,
       87, 139, 118, 232, 118, 125, 235, 86, 199, 212, 215, 68, 233, 196,
       236, 139, 42, 236, 87, 26, 232, 255, 195, 210, 220, 235, 182, 232,
       59, 24, 134, 11, 131, 95, 246, 222, 59, 106, 202, 158, 124, 144,
       203, 206, 158, 6, 212, 167, 41, 203, 191, 64, 126, 235, 151, 205,
       142, 15, 70, 235, 82, 45, 186, 137, 61, 221, 120, 216, 129, 252,
       31, 79, 19, 205, 51, 102, 237, 64, 106, 0, 190, 151, 4, 48, 162,
       57, 98, 72, 3, 189, 50, 111, 5, 188, 0, 2, 72, 2, 39, 170, 185,
       121, 235, 254, 108, 199, 207, 85, 212, 202, 244, 238, 115, 205,
       241, 32, 126, 232, 23, 239, 201, 231, 62, 170, 114, 205, 165, 168,
       111, 250, 116, 249, 2, 207, 2, 143, 21, 134, 190, 191, 29, 13, 88,
       71, 236, 42, 54, 64, 220, 35, 147, 225, 246, 152, 81, 255, 45, 54,
       154, 195, 20, 14, 185, 15, 33, 163, 251, 73, 244, 170, 233, 22,
       109, 73, 127, 228, 145, 163, 148, 52, 122, 46, 6, 28, 145, 184,
       101, 68, 78, 188, 32, 192, 239, 202, 226, 241, 169, 216, 116, 91,
       109, 221, 215, 246, 213, 92, 116, 1, 42, 156, 54, 181, 200, 42,
       147, 67, 230, 46, 118, 181, 103, 91, 84, 75, 119, 156, 254, 238,
       18, 90, 115, 200, 51, 242, 25, 7, 127, 77, 222, 183, 12, 30, 182,
       116, 230, 149, 191, 17, 134, 137, 37, 214, 146, 118, 26, 195, 150,
       4, 37, 127, 146, 188, 42, 249, 53, 254, 249, 103, 61, 5, 94, 147,
       173, 190, 52, 96, 239, 59, 159, 129, 50, 152, 48, 239, 199, 247,
       154, 195, 6, 4, 53, 254, 23, 77, 143, 191, 149, 214, 110, 226,
       244, 194, 202, 67, 113, 254, 51, 224, 240, 239, 59, 207, 237, 153,
       28, 239, 178, 111, 158, 128, 44, 55, 56, 76, 37, 129, 121, 234,
       188, 197, 203, 249, 70, 89, 253, 26, 211, 93, 184, 96, 89, 138,
       22, 56, 154, 42, 127, 149, 73, 221, 161, 124, 213, 138, 212, 224,
       248, 248, 25, 250, 11, 205, 85, 197, 171, 19, 160, 24, 158, 223,
       72, 24, 129, 185, 253, 66, 75, 7, 218, 147, 211, 209, 80, 63, 80,
       16, 135, 58, 19, 223, 66, 189, 22, 146, 170, 246, 60, 64, 90, 231,
       45, 234, 178, 192, 118, 107, 19, 197, 229, 152, 4, 255, 48, 38,
       186, 192, 61, 133, 57, 221, 138, 217, 150, 157, 83, 212, 184, 230,
       191, 1, 80, 163, 172, 254, 38, 197, 230, 123, 179, 193, 38, 138,
       18, 253, 47, 114, 222, 139, 22, 20, 45, 159, 106, 50, 105, 207,
       85, 255, 251, 113, 29, 237, 125, 143, 168, 13, 22, 132, 124, 188,
       135, 177, 145, 56, 112, 221, 87, 117, 154, 211, 23, 143, 95, 245,
       2, 157, 58, 153, 215, 213, 176, 231, 127, 13, 110, 19, 172, 250,
       38, 196, 243, 59, 131, 1, 22, 184, 18, 247, 45, 55, 26, 67, 208,
       12, 173, 207, 44, 180, 240, 225, 221, 253, 114, 219, 79, 249, 61,
