%YAML:1.0
---
descriptors: !!opencv-matrix
   rows: 201
   cols: 32
   dt: u
   data: [ 236, 110, 252, 97, 168, 110, 125, 154, 115, 254, 54, 25, 159,
       103, 195, 27, 133, 196, 109, 60, 160, 100, 227, 2, 207, 251, 101,
       5, 194, 241, 206, 67, 72, 156, 190, 123, 139, 248, 177, 67, 190,
       23, 110, 49, 188, 183, 98, 74, 163, 51, 235, 16, 50, 89, 179, 243,
       95, 235, 82, 75, 146, 68, 165, 123, 104, 189, 188, 117, 173, 126,
       117, 63, 86, 175, 38, 24, 251, 185, 80, 106, 149, 118, 121, 24,
       178, 248, 243, 3, 79, 255, 117, 17, 194, 232, 212, 42, 33, 238,
       72, 41, 116, 143, 226, 255, 118, 45, 120, 77, 99, 104, 158, 16,
       25, 138, 70, 61, 182, 186, 77, 63, 108, 15, 37, 68, 117, 138, 242,
       201, 109, 237, 104, 76, 252, 87, 239, 255, 66, 224, 188, 2, 81,
       249, 220, 32, 88, 206, 91, 252, 155, 43, 253, 253, 127, 45, 165,
       236, 175, 242, 242, 160, 66, 160, 145, 153, 169, 233, 153, 75,
       190, 31, 145, 177, 172, 230, 106, 207, 207, 19, 239, 145, 18, 79,
       226, 209, 141, 18, 90, 255, 144, 68, 135, 115, 7, 140, 237, 255,
       215, 207, 239, 175, 94, 243, 82, 19, 249, 252, 60, 33, 59, 111,
       51, 61, 34, 248, 127, 255, 109, 30, 223, 68, 245, 108, 209, 238,
       91, 113, 10, 160, 16, 134, 90, 68, 32, 192, 202, 135, 13, 206,
       114, 80, 252, 237, 157, 245, 77, 147, 148, 204, 248, 229, 142, 76,
       44, 22, 185, 80, 208, 164, 156, 250, 136, 229, 17, 75, 187, 31,
       169, 24, 134, 242, 104, 91, 193, 147, 108, 144, 58, 79, 226, 83,
       153, 147, 90, 127, 144, 64, 39, 34, 181, 196, 238, 167, 158, 7,
       223, 248, 83, 234, 159, 159, 115, 125, 146, 35, 95, 196, 125, 175,
       236, 231, 109, 30, 248, 47, 229, 148, 101, 251, 80, 81, 245, 183,
       225, 102, 250, 70, 79, 248, 17, 238, 185, 238, 89, 103, 197, 51,
       127, 221, 4, 238, 233, 211, 237, 78, 121, 142, 175, 188, 37, 243,
       102, 241, 190, 253, 244, 115, 175, 125, 87, 156, 251, 255, 61, 61,
       74, 253, 95, 59, 183, 219, 245, 83, 238, 116, 251, 178, 111, 95,
       69, 55, 231, 255, 214, 247, 187, 94, 106, 190, 126, 147, 206, 240,
       213, 78, 212, 239, 99, 200, 183, 1, 126, 232, 23, 239, 236, 167,
       14, 191, 114, 77, 169, 184, 125, 191, 120, 205, 161, 167, 247, 69,
       100, 95, 229, 120, 121, 234, 124, 72, 211, 49, 148, 39, 28, 92,
       70, 42, 241, 248, 225, 13, 39, 219, 101, 36, 66, 250, 86, 229, 2,
       140, 24, 153, 181, 165, 184, 135, 30, 13, 84, 19, 172, 143, 38,
       72, 217, 43, 147, 21, 50, 156, 66, 247, 77, 22, 154, 67, 144, 12,
       189, 138, 1, 143, 127, 249, 180, 169, 233, 55, 252, 81, 126, 244,
       189, 43, 176, 97, 103, 35, 22, 28, 179, 184, 32, 215, 238, 221,
       58, 192, 220, 128, 161, 169, 188, 48, 227, 197, 77, 82, 241, 73,
       117, 252, 247, 178, 10, 222, 236, 175, 248, 220, 166, 178, 157,
       247, 183, 192, 31, 193, 231, 39, 227, 45, 116, 246, 223, 87, 100,
       39, 82, 18, 174, 184, 49, 76, 255, 231, 73, 111, 155, 213, 54,
       197, 149, 239, 237, 144, 77, 206, 114, 111, 169, 132, 111, 183,
       42, 85, 235, 234, 228, 154, 109, 217, 248, 206, 223, 125, 180,
       187, 170, 232, 246, 206, 203, 98, 238, 85, 134, 111, 238, 241, 30,
       91, 86, 251, 214, 156, 221, 207, 15, 140, 172, 179, 133, 62, 94,
       191, 30, 255, 2, 17, 205, 111, 90, 75, 197, 79, 49, 159, 182, 216,
       123, 163, 239, 215, 223, 84, 146, 125, 153, 90, 215, 127, 252,
       254, 172, 243, 223, 159, 31, 230, 127, 183, 207, 239, 246, 34,
       191, 255, 181, 207, 253, 252, 171, 255, 170, 254, 207, 186, 191,
       247, 201, 85, 3, 214, 109, 75, 116, 183, 235, 190, 86, 105, 92,
       230, 241, 109, 190, 32, 63, 10, 23, 173, 163, 184, 109, 127, 110,
       15, 186, 196, 93, 154, 81, 249, 255, 245, 238, 70, 213, 118, 223,
       249, 248, 254, 181, 26, 88, 125, 95, 55, 57, 209, 219, 235, 233,
       103, 56, 206, 123, 11, 207, 61, 199, 113, 246, 114, 203, 30, 214,
       223, 162, 186, 60, 191, 255, 19, 86, 244, 237, 227, 161, 237, 119,
       119, 190, 8, 161, 220, 95, 251, 134, 255, 94, 134, 190, 245, 169,
       61, 138, 152, 118, 251, 177, 246, 120, 147, 189, 85, 87, 17, 204,
       127, 62, 236, 135, 19, 157, 149, 182, 141, 49, 247, 203, 255, 154,
       195, 150, 133, 173, 87, 107, 176, 228, 85, 127, 22, 237, 123, 123,
       245, 84, 142, 9, 60, 214, 175, 46, 204, 179, 173, 181, 122, 183,
       205, 31, 122, 223, 172, 103, 164, 215, 253, 200, 168, 191, 248,
       40, 232, 89, 7, 255, 31, 180, 56, 191, 147, 192, 123, 163, 51,
       108, 24, 59, 109, 162, 113, 217, 251, 114, 248, 128, 128, 199, 43,
       72, 188, 186, 74, 213, 252, 51, 87, 126, 7, 76, 0, 190, 245, 96,
       112, 241, 58, 179, 24, 18, 184, 178, 115, 223, 45, 18, 105, 146,
       66, 135, 234, 174, 102, 151, 210, 237, 127, 252, 205, 155, 187,
       189, 90, 78, 236, 109, 142, 189, 223, 239, 50, 48, 103, 202, 226,
       31, 26, 223, 127, 194, 127, 223, 167, 104, 172, 185, 85, 213, 237,
       227, 23, 94, 163, 110, 24, 178, 185, 84, 108, 17, 126, 48, 24, 18,
       126, 243, 51, 79, 191, 21, 120, 194, 200, 212, 42, 214, 245, 146,
       158, 219, 99, 62, 236, 191, 134, 233, 179, 108, 247, 41, 84, 251,
       223, 251, 226, 120, 71, 138, 255, 185, 182, 143, 191, 17, 115,
       167, 147, 100, 204, 249, 103, 252, 11, 238, 188, 121, 162, 242,
       104, 219, 105, 157, 17, 219, 197, 110, 99, 232, 119, 205, 238,
       254, 255, 231, 20, 69, 251, 194, 33, 189, 97, 204, 187, 204, 43,
       109, 216, 86, 176, 255, 66, 211, 67, 217, 91, 121, 206, 62, 250,
       74, 242, 207, 176, 254, 235, 231, 36, 53, 251, 240, 128, 2, 170,
       188, 153, 233, 253, 185, 143, 174, 29, 20, 177, 172, 167, 98, 78,
       197, 27, 235, 16, 18, 73, 226, 209, 207, 83, 90, 255, 146, 4, 133,
       239, 93, 184, 244, 119, 185, 94, 127, 184, 115, 255, 167, 160, 91,
       119, 203, 127, 55, 212, 253, 250, 248, 80, 255, 168, 223, 255,
       103, 213, 162, 231, 78, 115, 84, 176, 153, 250, 168, 109, 81, 27,
       178, 63, 161, 24, 215, 247, 72, 90, 149, 155, 109, 18, 27, 71,
       250, 19, 217, 199, 113, 124, 176, 65, 135, 34, 124, 176, 184, 232,
       171, 68, 24, 216, 163, 181, 165, 57, 31, 215, 75, 26, 247, 213,
       253, 210, 30, 67, 218, 145, 219, 193, 143, 127, 160, 163, 46, 83,
       33, 163, 189, 69, 100, 15, 231, 48, 108, 238, 126, 64, 211, 56,
       148, 35, 156, 84, 102, 106, 241, 240, 97, 10, 71, 159, 101, 148,
       64, 250, 87, 165, 129, 223, 63, 248, 168, 132, 189, 247, 252, 89,
       112, 84, 180, 187, 32, 97, 231, 35, 30, 12, 243, 13, 50, 119, 241,
       171, 126, 136, 24, 16, 161, 59, 21, 231, 74, 103, 178, 10, 110,
       252, 100, 192, 251, 230, 243, 98, 155, 112, 126, 238, 14, 238,
       157, 176, 77, 47, 252, 237, 167, 132, 237, 251, 216, 145, 72, 177,
       191, 97, 161, 108, 117, 151, 235, 95, 126, 24, 158, 55, 74, 58,
       165, 22, 125, 24, 19, 104, 179, 1, 207, 255, 116, 68, 192, 208,
       199, 123, 53, 53, 127, 101, 116, 79, 231, 184, 117, 104, 123, 72,
       211, 57, 24, 48, 56, 204, 118, 107, 233, 240, 121, 14, 229, 239,
       33, 4, 105, 43, 82, 163, 133, 119, 60, 103, 32, 14, 127, 184, 120,
       174, 119, 68, 215, 97, 139, 19, 148, 68, 100, 110, 224, 244, 249,
       78, 231, 251, 101, 132, 74, 179, 67, 113, 45, 101, 113, 69, 52,
       14, 111, 184, 117, 160, 127, 64, 211, 81, 157, 180, 24, 204, 20,
       110, 201, 176, 121, 14, 103, 255, 37, 4, 75, 187, 66, 160, 161,
       13, 106, 97, 244, 139, 238, 119, 124, 96, 114, 70, 179, 8, 150,
       33, 122, 42, 22, 109, 253, 184, 69, 15, 36, 41, 162, 192, 109,
       136, 217, 140, 203, 171, 246, 18, 233, 153, 252, 199, 239, 61,
       180, 61, 172, 202, 222, 158, 167, 35, 238, 20, 214, 107, 170, 241,
       62, 89, 87, 255, 198, 132, 203, 207, 252, 52, 149, 118, 136, 104,
       81, 138, 243, 187, 162, 56, 215, 243, 73, 27, 129, 214, 108, 16,
       56, 65, 203, 34, 217, 227, 117, 124, 224, 113, 198, 35, 125, 103,
       152, 102, 184, 24, 70, 152, 99, 166, 175, 40, 199, 241, 203, 150,
