%YAML:1.0
---
descriptors: !!opencv-matrix
   rows: 250
   cols: 32
   dt: u
   data: [ 92, 77, 26, 166, 180, 198, 126, 244, 32, 136, 223, 1, 215,
       251, 35, 80, 246, 253, 29, 234, 76, 147, 136, 14, 243, 229, 175,
       137, 32, 179, 174, 3, 218, 142, 238, 184, 202, 162, 61, 246, 182,
       23, 214, 183, 45, 167, 162, 73, 111, 255, 175, 133, 56, 223, 7,
       242, 254, 39, 254, 201, 181, 212, 165, 249, 181, 85, 237, 77, 172,
       71, 207, 216, 86, 238, 183, 66, 83, 124, 221, 43, 93, 196, 52,
       251, 233, 231, 125, 58, 121, 138, 231, 148, 245, 251, 116, 241,
       95, 245, 182, 180, 187, 22, 31, 189, 219, 254, 159, 109, 92, 252,
       211, 223, 183, 101, 253, 109, 165, 67, 171, 222, 250, 127, 111,
       190, 138, 118, 169, 87, 9, 207, 167, 153, 253, 235, 161, 87, 108,
       101, 206, 151, 160, 160, 178, 68, 105, 46, 106, 12, 130, 184, 101,
       195, 124, 36, 22, 0, 146, 220, 245, 252, 87, 87, 81, 69, 50, 10,
       174, 56, 60, 224, 91, 228, 213, 39, 153, 244, 54, 84, 124, 110,
       193, 144, 93, 78, 36, 46, 41, 132, 111, 179, 11, 49, 56, 171, 20,
       185, 61, 155, 148, 235, 94, 190, 144, 43, 175, 200, 116, 128, 219,
       123, 207, 17, 110, 111, 75, 183, 138, 213, 175, 255, 117, 12, 29,
       143, 138, 168, 178, 154, 203, 249, 176, 71, 191, 23, 66, 17, 172,
       154, 102, 204, 163, 59, 171, 17, 22, 93, 146, 243, 15, 118, 26,
       107, 146, 4, 173, 142, 44, 255, 210, 88, 249, 249, 183, 206, 255,
       3, 124, 40, 182, 241, 109, 180, 187, 122, 194, 16, 2, 50, 170, 51,
       127, 223, 5, 123, 211, 122, 199, 131, 206, 222, 2, 184, 233, 232,
       61, 135, 191, 23, 70, 189, 173, 199, 107, 95, 39, 127, 233, 212,
       114, 69, 154, 115, 252, 243, 223, 233, 146, 84, 167, 115, 72, 157,
       127, 237, 116, 206, 127, 51, 45, 4, 126, 1, 191, 55, 0, 80, 118,
       247, 63, 168, 88, 152, 49, 109, 247, 239, 34, 0, 32, 130, 230,
       107, 163, 174, 48, 27, 93, 181, 168, 238, 94, 31, 112, 92, 168,
       232, 118, 173, 137, 43, 2, 137, 166, 110, 94, 247, 45, 94, 31,
       105, 89, 4, 203, 142, 8, 93, 127, 101, 116, 78, 239, 55, 105, 140,
       126, 64, 251, 55, 148, 49, 62, 254, 118, 106, 193, 248, 245, 76,
       103, 185, 36, 128, 103, 242, 199, 249, 49, 205, 113, 73, 212, 203,
       231, 245, 69, 40, 250, 98, 83, 21, 148, 164, 120, 190, 6, 234,
       217, 186, 101, 172, 45, 172, 36, 64, 119, 138, 240, 172, 71, 186,
       167, 179, 130, 180, 173, 150, 190, 215, 3, 215, 237, 110, 90, 79,
       39, 103, 123, 151, 183, 216, 191, 224, 140, 34, 222, 194, 172, 85,
       161, 92, 170, 221, 120, 218, 237, 245, 255, 247, 205, 95, 253, 55,
       8, 159, 62, 228, 237, 219, 223, 194, 222, 43, 122, 247, 119, 249,
       178, 207, 95, 95, 236, 223, 8, 164, 188, 251, 185, 249, 48, 203,
       63, 63, 13, 24, 140, 247, 104, 140, 163, 27, 235, 16, 50, 88, 43,
       247, 207, 215, 31, 111, 146, 72, 133, 227, 194, 233, 150, 191, 91,
       156, 58, 224, 175, 53, 131, 139, 173, 206, 114, 198, 167, 247,
       235, 215, 70, 77, 158, 243, 157, 112, 30, 127, 17, 7, 13, 14, 135,
       165, 229, 17, 150, 114, 239, 187, 118, 227, 91, 246, 209, 108,
       220, 237, 127, 206, 53, 189, 185, 220, 237, 206, 44, 46, 255, 196,
       173, 228, 242, 244, 181, 105, 234, 218, 204, 199, 207, 208, 214,
       128, 212, 2, 81, 221, 253, 45, 88, 232, 22, 234, 201, 227, 126,
       184, 115, 137, 231, 172, 117, 187, 112, 160, 151, 76, 175, 151,
       134, 118, 173, 230, 252, 215, 70, 151, 248, 46, 182, 107, 101, 71,
       59, 159, 181, 221, 53, 224, 5, 42, 222, 128, 133, 117, 177, 252,
       215, 12, 167, 158, 13, 102, 109, 34, 181, 210, 195, 18, 121, 246,
       49, 111, 225, 231, 120, 143, 37, 197, 191, 234, 145, 58, 219, 0,
       161, 113, 49, 38, 231, 184, 144, 82, 253, 188, 48, 135, 251, 217,
       37, 92, 46, 240, 70, 191, 133, 123, 224, 20, 183, 106, 154, 224,
       15, 24, 85, 107, 138, 77, 202, 7, 63, 3, 230, 137, 254, 27, 234,
       240, 77, 200, 223, 231, 217, 8, 183, 230, 126, 204, 94, 255, 213,
       177, 77, 200, 62, 109, 166, 196, 111, 175, 120, 213, 170, 160,
       180, 218, 205, 253, 144, 207, 159, 63, 164, 24, 142, 216, 110,
       143, 201, 19, 219, 17, 54, 111, 218, 243, 159, 83, 95, 127, 210,
       76, 223, 142, 144, 141, 46, 189, 21, 198, 189, 103, 188, 4, 206,
       19, 181, 175, 34, 65, 224, 51, 43, 129, 112, 157, 16, 255, 225,
       231, 218, 65, 16, 0, 173, 234, 188, 119, 83, 71, 150, 90, 103,
       240, 113, 230, 127, 98, 87, 245, 137, 183, 54, 252, 36, 106, 97,
       213, 173, 46, 114, 175, 101, 128, 39, 251, 86, 241, 139, 95, 122,
       254, 244, 245, 255, 247, 237, 78, 222, 167, 190, 253, 191, 96,
       238, 251, 223, 199, 221, 191, 48, 234, 247, 125, 190, 139, 7, 223,
       253, 251, 0, 189, 219, 88, 210, 237, 182, 215, 127, 15, 120, 40,
       190, 241, 101, 48, 191, 250, 70, 16, 19, 58, 178, 51, 127, 150,
       21, 47, 233, 120, 71, 171, 64, 191, 219, 104, 250, 232, 61, 239,
       171, 135, 104, 165, 173, 167, 225, 16, 167, 59, 66, 16, 2, 25,
       178, 83, 254, 180, 23, 47, 128, 242, 39, 155, 29, 77, 97, 231, 52,
       78, 239, 184, 84, 232, 127, 66, 211, 116, 153, 228, 118, 236, 22,
       110, 193, 176, 125, 46, 100, 173, 37, 132, 125, 187, 80, 161, 66,
       216, 187, 60, 43, 197, 20, 134, 143, 79, 216, 169, 174, 188, 102,
       96, 133, 59, 189, 1, 207, 11, 146, 179, 193, 116, 24, 187, 16, 92,
       149, 127, 103, 178, 132, 39, 169, 26, 70, 184, 67, 178, 171, 237,
       192, 98, 203, 206, 93, 204, 232, 247, 141, 80, 207, 146, 140, 22,
       205, 54, 234, 111, 26, 148, 109, 233, 252, 69, 92, 75, 99, 56, 67,
       160, 103, 10, 83, 25, 209, 114, 122, 196, 122, 122, 200, 176, 253,
       8, 79, 169, 1, 116, 103, 171, 80, 40, 131, 30, 135, 21, 36, 190,
       104, 54, 253, 130, 98, 84, 240, 50, 132, 239, 108, 102, 112, 76,
       177, 252, 23, 108, 4, 58, 210, 64, 202, 161, 114, 172, 188, 93,
       166, 183, 133, 111, 183, 132, 20, 38, 203, 19, 242, 124, 43, 72,
       217, 254, 171, 67, 120, 148, 89, 162, 229, 39, 254, 17, 147, 127,
       212, 194, 252, 115, 115, 100, 98, 90, 86, 20, 113, 160, 183, 232,
       91, 215, 193, 191, 50, 244, 116, 122, 204, 247, 173, 8, 243, 233,
       37, 181, 99, 187, 70, 99, 60, 39, 64, 139, 89, 27, 90, 72, 67,
       164, 253, 74, 203, 65, 72, 148, 88, 205, 198, 160, 8, 50, 205, 26,
       182, 197, 129, 63, 119, 46, 14, 134, 214, 65, 94, 46, 42, 2, 94,
       52, 161, 192, 131, 199, 95, 111, 27, 83, 54, 229, 253, 230, 204,
       129, 149, 72, 242, 163, 206, 144, 46, 179, 43, 18, 71, 50, 221,
       161, 234, 43, 58, 16, 42, 243, 35, 253, 197, 167, 73, 26, 167, 69,
       105, 86, 21, 82, 137, 64, 28, 148, 109, 182, 172, 251, 3, 209,
       253, 95, 237, 101, 172, 71, 207, 184, 68, 238, 182, 106, 211, 117,
       153, 39, 94, 212, 124, 234, 233, 229, 109, 8, 225, 138, 229, 148,
       103, 251, 84, 113, 190, 236, 24, 186, 221, 217, 86, 236, 159, 55,
       173, 27, 110, 251, 111, 16, 217, 219, 203, 83, 110, 103, 74, 183,
       187, 215, 21, 127, 243, 95, 78, 74, 44, 189, 49, 90, 217, 229, 19,
       232, 215, 61, 237, 8, 110, 209, 108, 148, 217, 186, 131, 80, 10,
       59, 122, 63, 123, 84, 5, 123, 210, 78, 230, 234, 67, 248, 145,
       245, 166, 132, 188, 183, 47, 59, 18, 118, 188, 155, 84, 72, 167,
       59, 61, 129, 211, 92, 147, 243, 140, 254, 254, 234, 28, 0, 129, 9,
       101, 0, 248, 21, 64, 123, 113, 10, 114, 247, 163, 153, 131, 56,
       71, 90, 57, 204, 96, 188, 28, 118, 229, 66, 78, 143, 81, 39, 225,
       233, 70, 196, 215, 64, 175, 215, 14, 2, 169, 72, 244, 198, 70,
       130, 209, 98, 145, 107, 120, 229, 121, 239, 168, 212, 191, 104,
       209, 42, 203, 0, 37, 49, 49, 36, 181, 135, 194, 140, 244, 51, 206,
       251, 85, 226, 216, 206, 83, 104, 183, 228, 89, 198, 22, 175, 253,
       179, 77, 158, 56, 14, 165, 148, 255, 254, 120, 148, 12, 160, 188,
       243, 233, 249, 49, 205, 239, 61, 37, 56, 140, 215, 74, 62, 139,
       27, 234, 16, 18, 106, 234, 209, 207, 213, 23, 111, 146, 9, 143,
