%YAML:1.0
---
descriptors: !!opencv-matrix
   rows: 198
   cols: 32
   dt: u
   data: [ 189, 245, 237, 69, 220, 55, 79, 248, 83, 226, 29, 154, 89,
       127, 223, 51, 63, 222, 21, 239, 233, 86, 253, 254, 123, 79, 237,
       164, 175, 247, 242, 240, 120, 185, 150, 184, 153, 221, 84, 87,
       175, 93, 168, 13, 174, 191, 98, 222, 161, 179, 253, 16, 23, 107,
       146, 225, 187, 215, 86, 59, 202, 68, 143, 95, 90, 156, 183, 186,
       139, 244, 49, 7, 191, 95, 130, 20, 174, 190, 102, 255, 167, 51,
       249, 17, 55, 77, 178, 215, 155, 243, 90, 91, 152, 68, 165, 95,
       214, 30, 151, 182, 43, 98, 61, 0, 188, 158, 147, 183, 109, 230,
       33, 75, 167, 245, 237, 130, 40, 197, 130, 202, 145, 226, 123, 131,
       160, 97, 37, 83, 119, 197, 110, 200, 159, 182, 87, 231, 197, 5,
       238, 3, 74, 249, 62, 212, 121, 230, 218, 252, 124, 171, 48, 238,
       187, 126, 132, 95, 243, 95, 248, 70, 66, 186, 148, 24, 173, 189,
       144, 207, 239, 191, 144, 125, 174, 184, 68, 142, 129, 115, 239,
       17, 30, 107, 218, 209, 152, 82, 95, 127, 216, 68, 159, 31, 161,
       110, 127, 85, 100, 30, 229, 115, 104, 250, 118, 88, 243, 56, 149,
       43, 140, 116, 70, 42, 225, 244, 97, 15, 39, 155, 117, 16, 64, 248,
       87, 165, 44, 69, 123, 107, 112, 75, 118, 184, 53, 76, 127, 9, 223,
       77, 11, 16, 146, 204, 197, 106, 76, 176, 105, 13, 231, 253, 32,
       69, 98, 155, 70, 242, 41, 61, 52, 69, 245, 30, 110, 55, 121, 232,
       126, 68, 250, 49, 151, 180, 148, 110, 84, 110, 229, 184, 113, 238,
       38, 255, 37, 128, 74, 242, 202, 173, 37, 123, 168, 69, 244, 31,
       231, 152, 74, 232, 60, 76, 211, 8, 215, 50, 156, 76, 86, 127, 197,
       114, 253, 8, 110, 25, 37, 180, 76, 187, 90, 149, 101, 163, 0, 107,
       253, 157, 78, 237, 75, 57, 185, 76, 130, 200, 94, 180, 153, 138,
       70, 94, 223, 58, 202, 53, 175, 220, 5, 124, 216, 15, 218, 4, 27,
       142, 208, 223, 179, 186, 94, 219, 127, 7, 94, 182, 239, 99, 162,
       236, 55, 251, 172, 28, 183, 152, 45, 255, 170, 255, 20, 195, 191,
       196, 137, 77, 127, 62, 228, 114, 169, 125, 25, 210, 163, 255, 183,
       189, 26, 189, 215, 63, 175, 213, 253, 21, 175, 103, 186, 160, 219,
       219, 117, 255, 239, 245, 78, 119, 253, 114, 239, 86, 40, 92, 93,
       144, 177, 222, 182, 237, 123, 87, 203, 251, 166, 212, 253, 238,
       205, 71, 166, 160, 210, 235, 116, 153, 46, 180, 46, 115, 0, 204,
       150, 158, 219, 163, 164, 231, 222, 19, 66, 16, 228, 226, 32, 77,
       193, 106, 42, 1, 98, 223, 2, 127, 37, 38, 94, 11, 16, 88, 161,
       142, 216, 188, 58, 250, 27, 237, 81, 103, 187, 55, 172, 25, 62,
       223, 96, 81, 167, 187, 221, 16, 106, 79, 154, 119, 219, 209, 22,
       123, 16, 0, 39, 59, 228, 95, 158, 158, 168, 44, 23, 152, 154, 158,
       165, 44, 246, 243, 35, 91, 196, 103, 108, 74, 32, 67, 202, 104,
       240, 178, 103, 56, 144, 123, 3, 35, 28, 160, 152, 241, 133, 239,
       96, 159, 86, 49, 103, 18, 211, 17, 72, 9, 49, 142, 34, 24, 27,
       240, 89, 16, 207, 203, 21, 101, 186, 137, 216, 130, 120, 232, 20,
       249, 141, 201, 84, 237, 239, 51, 162, 8, 207, 219, 76, 154, 233,
       215, 239, 2, 90, 111, 219, 209, 219, 211, 87, 127, 112, 8, 206, 2,
       141, 16, 153, 127, 100, 108, 125, 88, 127, 26, 119, 16, 127, 243,
       73, 25, 182, 49, 118, 10, 0, 244, 59, 0, 199, 251, 112, 0, 210,
       225, 99, 163, 9, 26, 238, 93, 176, 154, 107, 51, 127, 73, 118,
       244, 251, 38, 150, 124, 55, 110, 126, 140, 181, 216, 229, 127,
       110, 255, 182, 192, 174, 128, 202, 117, 223, 182, 157, 170, 138,
       118, 31, 153, 18, 95, 149, 247, 217, 119, 202, 219, 93, 215, 253,
       182, 187, 71, 251, 211, 217, 227, 239, 252, 153, 99, 174, 113,
       236, 12, 189, 126, 141, 237, 83, 8, 195, 150, 165, 24, 242, 245,
       105, 123, 201, 240, 104, 26, 56, 103, 250, 34, 219, 251, 65, 59,
       208, 107, 118, 98, 7, 253, 237, 93, 238, 23, 239, 189, 95, 250,
       20, 206, 89, 108, 223, 47, 63, 87, 123, 239, 241, 96, 191, 253,
       47, 62, 253, 188, 221, 253, 145, 245, 141, 196, 237, 223, 198, 54,
       239, 252, 86, 82, 93, 210, 121, 105, 189, 109, 127, 202, 19, 254,
       227, 244, 47, 255, 110, 15, 239, 132, 255, 251, 241, 224, 90, 185,
       182, 184, 155, 221, 20, 103, 171, 85, 168, 9, 174, 190, 102, 246,
       163, 187, 249, 17, 87, 75, 178, 241, 187, 213, 30, 123, 218, 4,
       175, 127, 90, 152, 190, 218, 139, 240, 49, 71, 191, 87, 140, 49,
       172, 254, 110, 238, 227, 51, 251, 145, 22, 73, 178, 241, 219, 247,
       90, 123, 146, 68, 173, 126, 151, 92, 239, 151, 134, 114, 173, 230,
       124, 215, 90, 150, 113, 44, 182, 107, 99, 199, 59, 159, 181, 220,
       53, 226, 4, 42, 254, 128, 173, 113, 241, 124, 71, 158, 197, 183,
       162, 160, 172, 135, 190, 211, 75, 247, 237, 102, 219, 111, 39,
       103, 57, 151, 183, 216, 191, 226, 172, 54, 222, 192, 172, 245,
       161, 93, 104, 22, 109, 53, 52, 110, 111, 54, 48, 238, 118, 237,
       211, 37, 146, 81, 21, 70, 109, 46, 233, 252, 229, 12, 230, 251,
       225, 144, 68, 224, 86, 121, 73, 144, 156, 244, 40, 12, 84, 51,
       225, 155, 166, 80, 95, 51, 0, 211, 128, 247, 108, 8, 25, 73, 147,
       64, 219, 251, 100, 88, 234, 160, 234, 35, 1, 90, 191, 117, 44, 47,
       229, 51, 236, 190, 54, 68, 242, 57, 149, 43, 140, 118, 110, 42,
       225, 240, 115, 8, 69, 155, 117, 0, 200, 248, 83, 169, 195, 185,
       187, 149, 132, 204, 113, 23, 235, 249, 130, 28, 150, 156, 86, 43,
       129, 71, 121, 29, 151, 73, 179, 96, 205, 58, 95, 120, 8, 8, 147,
       127, 8, 136, 31, 125, 160, 239, 97, 51, 236, 27, 122, 64, 247, 51,
       32, 25, 161, 18, 102, 8, 16, 169, 3, 21, 205, 235, 112, 64, 240,
       0, 231, 163, 87, 195, 130, 165, 50, 6, 175, 180, 44, 232, 90, 199,
       213, 34, 154, 64, 54, 77, 61, 239, 197, 144, 165, 76, 180, 44,
       174, 132, 44, 182, 33, 85, 10, 159, 18, 187, 149, 167, 58, 247,
       28, 13, 90, 71, 236, 103, 32, 192, 221, 59, 139, 148, 54, 152, 89,
       191, 173, 246, 138, 66, 144, 78, 177, 27, 66, 176, 158, 158, 203,
       253, 177, 207, 190, 87, 103, 187, 108, 246, 110, 207, 167, 119,
       234, 17, 55, 73, 186, 113, 29, 34, 95, 107, 129, 68, 143, 255,
       134, 140, 146, 155, 221, 227, 176, 235, 159, 134, 89, 19, 236,
       250, 109, 204, 249, 59, 130, 145, 54, 247, 26, 223, 29, 22, 143,
       11, 145, 110, 61, 134, 240, 168, 157, 114, 136, 237, 65, 195, 243,
       51, 164, 24, 183, 215, 64, 59, 129, 178, 124, 24, 58, 111, 250,
       49, 219, 219, 81, 120, 192, 192, 198, 42, 248, 176, 121, 80, 11,
       249, 80, 82, 227, 177, 164, 56, 42, 213, 196, 190, 171, 178, 236,
       24, 27, 107, 170, 145, 155, 217, 17, 123, 227, 128, 78, 37, 125,
       212, 231, 52, 156, 23, 78, 248, 87, 234, 211, 79, 115, 249, 151,
       229, 57, 236, 125, 239, 237, 243, 191, 31, 186, 110, 229, 20, 239,
       255, 112, 84, 44, 167, 32, 33, 245, 191, 66, 152, 67, 237, 184,
       13, 131, 41, 90, 144, 217, 206, 198, 117, 158, 58, 204, 182, 238,
       221, 165, 117, 194, 207, 222, 194, 248, 56, 191, 248, 200, 236,
       81, 87, 162, 19, 164, 24, 55, 183, 64, 59, 161, 182, 125, 24, 27,
       111, 146, 16, 219, 233, 116, 120, 224, 64, 198, 42, 99, 34, 132,
       181, 236, 45, 236, 31, 139, 187, 144, 221, 207, 232, 214, 139,
       143, 103, 127, 13, 148, 111, 202, 224, 140, 90, 255, 184, 204,
       252, 219, 205, 239, 118, 173, 161, 168, 38, 79, 152, 18, 254, 151,
       253, 217, 119, 203, 123, 221, 213, 253, 254, 169, 70, 233, 146,
       236, 219, 239, 252, 156, 251, 2, 113, 229, 209, 45, 239, 141, 79,
       71, 189, 70, 120, 165, 92, 211, 85, 24, 99, 217, 68, 120, 110,
       235, 96, 123, 29, 237, 155, 69, 116, 88, 58, 208, 50, 161, 63,
       109, 229, 180, 10, 239, 182, 112, 234, 250, 236, 243, 109, 146,
       35, 30, 230, 125, 111, 249, 240, 237, 174, 228, 251, 237, 144, 77,
       250, 210, 249, 112, 232, 150, 188, 13, 201, 84, 231, 239, 49, 170,
       9, 174, 219, 96, 210, 233, 245, 234, 2, 78, 107, 218, 241, 153,
       214, 87, 127, 96, 28, 206, 10, 38, 97, 121, 71, 210, 79, 239, 140,
