%YAML:1.0
---
descriptors: !!opencv-matrix
   rows: 310
   cols: 32
   dt: u
   data: [ 138, 4, 38, 189, 149, 166, 248, 3, 53, 3, 211, 23, 137, 142,
       50, 73, 249, 175, 191, 149, 186, 214, 83, 196, 133, 114, 218, 194,
       21, 65, 245, 82, 15, 137, 166, 179, 227, 164, 188, 199, 63, 95,
       82, 151, 141, 175, 123, 73, 231, 27, 183, 149, 214, 216, 31, 240,
       239, 91, 222, 197, 150, 84, 161, 219, 78, 33, 216, 209, 233, 61,
       124, 15, 59, 179, 12, 152, 143, 1, 83, 190, 7, 31, 240, 24, 18,
       88, 211, 208, 143, 209, 21, 117, 134, 200, 139, 172, 159, 7, 199,
       149, 214, 50, 238, 113, 180, 194, 211, 246, 89, 226, 187, 235,
       126, 237, 55, 239, 181, 213, 4, 206, 180, 107, 238, 128, 173, 231,
       57, 212, 253, 105, 233, 70, 236, 91, 206, 64, 75, 236, 177, 47,
       18, 217, 213, 26, 154, 236, 87, 223, 73, 54, 216, 192, 118, 141,
       165, 188, 205, 59, 90, 146, 13, 53, 37, 67, 180, 127, 230, 25,
       110, 232, 59, 68, 211, 88, 221, 160, 184, 70, 126, 127, 213, 176,
       125, 44, 47, 95, 37, 4, 77, 235, 217, 53, 1, 140, 107, 249, 180,
       171, 233, 23, 124, 65, 126, 210, 159, 9, 176, 104, 107, 138, 6,
       157, 179, 184, 101, 214, 206, 237, 178, 64, 252, 200, 241, 168,
       17, 142, 75, 233, 22, 170, 105, 55, 116, 65, 94, 214, 19, 33, 176,
       96, 105, 142, 30, 156, 187, 188, 101, 151, 220, 239, 178, 192,
       189, 200, 240, 40, 31, 236, 226, 142, 219, 23, 126, 236, 63, 71,
       220, 135, 104, 238, 254, 244, 127, 207, 255, 207, 206, 155, 189,
       255, 62, 126, 143, 175, 183, 247, 254, 252, 145, 14, 207, 252, 22,
       162, 106, 114, 244, 3, 90, 210, 117, 227, 160, 64, 114, 239, 46,
       140, 49, 157, 4, 111, 240, 174, 186, 64, 173, 160, 33, 40, 46,
       251, 49, 90, 237, 221, 22, 212, 155, 57, 61, 108, 174, 213, 104,
       148, 133, 122, 199, 82, 194, 106, 218, 243, 43, 84, 21, 126, 210,
       95, 214, 171, 2, 204, 18, 155, 85, 213, 178, 198, 30, 5, 72, 19,
       172, 222, 38, 196, 217, 59, 131, 17, 38, 156, 82, 247, 45, 22, 26,
       75, 16, 12, 173, 142, 123, 180, 252, 247, 109, 253, 250, 112, 235,
       255, 255, 157, 235, 238, 94, 182, 235, 247, 254, 1, 172, 122, 255,
       255, 159, 223, 195, 187, 103, 174, 78, 215, 86, 191, 174, 162,
       138, 98, 23, 235, 34, 190, 138, 175, 71, 126, 75, 24, 183, 215,
       253, 179, 88, 67, 59, 32, 249, 199, 239, 255, 172, 114, 166, 115,
       86, 121, 58, 174, 61, 79, 94, 232, 173, 236, 159, 3, 255, 222, 43,
       112, 244, 253, 223, 227, 76, 3, 56, 255, 243, 245, 139, 63, 24,
       51, 37, 83, 190, 158, 118, 191, 53, 250, 86, 177, 29, 222, 247,
       55, 106, 125, 47, 209, 221, 247, 189, 99, 252, 247, 89, 191, 187,
       251, 197, 211, 118, 239, 124, 87, 77, 220, 147, 87, 213, 12, 119,
       176, 125, 218, 106, 76, 254, 113, 9, 119, 177, 102, 106, 126, 225,
       241, 249, 47, 125, 190, 69, 4, 202, 115, 67, 41, 246, 186, 173,
       183, 138, 98, 16, 171, 130, 191, 135, 183, 69, 111, 74, 27, 205,
       87, 237, 145, 46, 79, 235, 32, 219, 35, 255, 247, 160, 96, 191,
       83, 248, 52, 241, 154, 203, 233, 65, 79, 83, 103, 96, 26, 46, 209,
       64, 157, 121, 186, 194, 17, 51, 126, 242, 50, 29, 4, 17, 122, 243,
       76, 150, 238, 231, 186, 145, 82, 225, 189, 48, 223, 251, 123, 32,
       88, 172, 240, 76, 188, 149, 91, 162, 16, 135, 94, 154, 243, 15,
       30, 21, 110, 154, 76, 203, 141, 171, 188, 164, 27, 105, 181, 144,
       203, 222, 95, 116, 61, 168, 200, 254, 13, 201, 43, 130, 21, 182,
       110, 202, 241, 14, 91, 243, 251, 219, 76, 74, 223, 113, 161, 159,
       250, 172, 141, 89, 85, 251, 25, 181, 24, 191, 243, 200, 62, 131,
       167, 108, 28, 27, 107, 234, 97, 219, 248, 118, 122, 192, 128, 195,
       41, 23, 8, 87, 241, 66, 162, 40, 82, 188, 17, 83, 210, 29, 195,
       176, 104, 102, 61, 63, 152, 19, 157, 4, 192, 212, 168, 250, 192,
       172, 129, 33, 161, 246, 127, 233, 194, 218, 66, 79, 216, 58, 236,
       189, 175, 81, 231, 207, 26, 127, 205, 21, 254, 234, 67, 190, 122,
       120, 141, 175, 188, 181, 243, 167, 241, 110, 181, 242, 249, 253,
       255, 122, 155, 63, 29, 255, 9, 207, 255, 78, 220, 251, 223, 239,
       50, 30, 178, 219, 209, 159, 255, 5, 87, 194, 239, 206, 87, 38, 36,
       210, 200, 85, 175, 226, 72, 91, 35, 121, 10, 2, 200, 124, 148,
       249, 168, 2, 17, 8, 178, 144, 218, 53, 28, 147, 46, 213, 11, 122,
       132, 49, 15, 79, 238, 22, 162, 79, 115, 196, 0, 203, 226, 115,
       227, 176, 96, 122, 170, 10, 238, 121, 187, 4, 63, 240, 172, 162,
       0, 61, 234, 112, 160, 211, 184, 146, 48, 139, 221, 16, 71, 251,
       81, 160, 28, 46, 154, 102, 255, 167, 187, 204, 17, 191, 111, 178,
       241, 155, 217, 22, 123, 234, 4, 171, 95, 180, 196, 236, 95, 220,
       127, 239, 252, 119, 230, 245, 26, 115, 109, 31, 97, 121, 250, 74,
       235, 168, 246, 125, 63, 127, 207, 231, 5, 245, 251, 254, 224, 201,
       253, 252, 119, 185, 126, 126, 151, 115, 215, 239, 149, 255, 47,
       30, 126, 7, 119, 253, 142, 254, 205, 253, 162, 231, 255, 86, 145,
       166, 245, 237, 123, 39, 108, 160, 147, 213, 245, 182, 207, 94, 37,
       73, 19, 136, 220, 127, 40, 217, 75, 147, 19, 54, 190, 92, 242, 45,
       28, 159, 103, 213, 95, 221, 198, 253, 55, 249, 101, 218, 6, 207,
       56, 48, 234, 188, 238, 113, 39, 209, 54, 126, 254, 84, 238, 233,
       210, 253, 10, 253, 141, 167, 180, 109, 242, 2, 177, 111, 177, 165,
       86, 221, 246, 145, 170, 203, 249, 141, 10, 72, 124, 94, 191, 137,
       119, 251, 17, 149, 107, 190, 236, 31, 63, 223, 127, 199, 111, 87,
       118, 109, 181, 172, 94, 253, 127, 215, 186, 83, 206, 252, 29, 227,
       109, 159, 55, 221, 198, 239, 46, 253, 98, 255, 175, 111, 127, 229,
       187, 218, 255, 222, 247, 26, 147, 255, 252, 18, 194, 57, 113, 182,
       5, 215, 231, 93, 199, 160, 64, 118, 189, 191, 132, 209, 209, 54,
       213, 210, 227, 234, 203, 61, 130, 165, 113, 109, 37, 241, 103,
       164, 31, 239, 184, 105, 234, 63, 76, 219, 105, 221, 50, 156, 196,
       124, 110, 217, 240, 249, 168, 239, 223, 101, 180, 74, 251, 82, 49,
       125, 82, 117, 101, 36, 14, 79, 56, 100, 234, 255, 70, 83, 101,
       157, 114, 126, 196, 124, 238, 201, 182, 109, 8, 211, 239, 225,
       148, 109, 251, 114, 113, 75, 254, 253, 159, 184, 58, 111, 191,
       127, 127, 244, 236, 255, 230, 158, 127, 103, 207, 206, 15, 243,
       72, 239, 241, 236, 191, 127, 188, 204, 244, 207, 125, 111, 216,
       245, 86, 141, 246, 209, 138, 219, 255, 175, 8, 106, 252, 95, 254,
       129, 246, 249, 24, 131, 231, 187, 225, 91, 126, 85, 23, 199, 127,
       86, 118, 121, 12, 237, 231, 30, 15, 78, 56, 84, 234, 155, 75, 115,
       61, 152, 35, 125, 228, 125, 175, 249, 251, 77, 46, 249, 239, 229,
       148, 109, 251, 80, 48, 194, 220, 62, 156, 109, 240, 185, 230, 159,
       31, 220, 51, 172, 222, 32, 69, 225, 123, 187, 129, 98, 15, 18,
       255, 215, 54, 218, 11, 16, 88, 45, 223, 42, 247, 96, 153, 247,
       185, 188, 255, 31, 63, 92, 255, 140, 168, 222, 132, 191, 11, 135,
       149, 150, 58, 206, 211, 46, 85, 159, 239, 223, 92, 159, 223, 189,
       149, 109, 102, 156, 87, 206, 248, 80, 238, 189, 142, 83, 108, 159,
       163, 93, 196, 212, 239, 237, 227, 125, 174, 251, 207, 237, 181,
       101, 123, 94, 244, 57, 67, 99, 236, 116, 2, 79, 80, 69, 64, 255,
       230, 83, 73, 181, 240, 126, 164, 22, 238, 201, 179, 5, 142, 114,
       237, 160, 128, 127, 187, 112, 160, 3, 229, 233, 65, 244, 175, 235,
       223, 86, 225, 92, 194, 144, 60, 156, 32, 59, 74, 19, 157, 147,
       184, 117, 94, 109, 12, 191, 196, 197, 218, 211, 172, 141, 240, 21,
       219, 41, 141, 71, 188, 207, 56, 135, 64, 254, 211, 232, 229, 68,
       192, 78, 74, 75, 65, 123, 241, 128, 152, 65, 54, 26, 155, 8, 45,
       3, 159, 109, 79, 116, 181, 239, 191, 86, 104, 92, 230, 177, 45,
       158, 36, 62, 10, 23, 206, 243, 184, 109, 127, 102, 15, 178, 128,
       95, 194, 81, 249, 191, 94, 238, 254, 46, 182, 223, 81, 213, 194,
       215, 166, 121, 255, 179, 107, 126, 252, 191, 207, 185, 135, 46,
