%YAML:1.0
---
descriptors: !!opencv-matrix
   rows: 266
   cols: 32
   dt: u
   data: [ 130, 176, 16, 146, 125, 253, 184, 77, 191, 21, 21, 27, 172,
       218, 122, 13, 175, 27, 223, 17, 54, 109, 26, 215, 143, 16, 26,
       123, 214, 12, 13, 207, 69, 87, 209, 69, 50, 10, 175, 56, 44, 224,
       91, 230, 213, 53, 153, 164, 54, 84, 124, 110, 193, 144, 125, 78,
       36, 44, 37, 132, 108, 227, 3, 177, 189, 143, 78, 254, 188, 129,
       79, 249, 215, 88, 220, 198, 115, 233, 186, 97, 126, 162, 63, 238,
       235, 43, 46, 191, 242, 235, 239, 216, 61, 170, 240, 121, 229, 14,
       229, 213, 244, 46, 233, 154, 84, 227, 90, 210, 209, 44, 149, 111,
       125, 198, 62, 189, 185, 244, 101, 138, 78, 46, 245, 132, 167, 249,
       80, 100, 188, 4, 105, 109, 204, 99, 79, 250, 85, 166, 252, 26, 83,
       97, 153, 53, 89, 204, 6, 234, 105, 182, 125, 62, 113, 175, 229,
       52, 119, 251, 86, 160, 12, 180, 188, 243, 137, 249, 48, 139, 190,
       63, 47, 48, 142, 247, 74, 168, 161, 27, 234, 16, 54, 88, 107, 247,
       207, 215, 83, 111, 146, 77, 141, 35, 92, 13, 26, 166, 180, 194,
       126, 244, 32, 140, 222, 33, 87, 239, 35, 80, 246, 253, 29, 234,
       76, 147, 136, 14, 243, 229, 175, 137, 36, 179, 46, 67, 20, 213,
       123, 103, 242, 79, 111, 240, 52, 172, 126, 34, 81, 23, 169, 48,
       62, 253, 23, 234, 209, 176, 41, 110, 125, 173, 39, 132, 101, 179,
       231, 225, 159, 105, 135, 182, 11, 86, 78, 228, 164, 208, 130, 195,
       124, 110, 49, 187, 232, 229, 93, 231, 109, 197, 31, 232, 176, 35,
       238, 144, 45, 53, 34, 88, 8, 132, 188, 251, 253, 216, 49, 239, 94,
       19, 79, 16, 172, 247, 42, 228, 193, 26, 170, 16, 54, 88, 123, 151,
       207, 247, 22, 75, 146, 76, 141, 238, 72, 180, 177, 248, 221, 237,
       17, 183, 251, 29, 8, 29, 142, 245, 64, 150, 129, 26, 201, 17, 18,
       104, 242, 147, 237, 148, 21, 126, 130, 72, 135, 115, 181, 85, 237,
       79, 172, 71, 199, 216, 86, 238, 180, 66, 83, 113, 253, 39, 89,
       212, 52, 122, 233, 247, 125, 58, 121, 138, 229, 20, 117, 251, 116,
       225, 152, 27, 63, 45, 162, 130, 15, 117, 100, 4, 202, 161, 255,
       38, 33, 113, 118, 247, 172, 227, 216, 153, 37, 61, 224, 227, 106,
       128, 52, 163, 37, 105, 104, 84, 181, 254, 109, 116, 93, 62, 219,
       206, 236, 1, 234, 255, 55, 219, 204, 246, 251, 0, 172, 107, 243,
       139, 119, 255, 214, 25, 146, 124, 84, 122, 198, 205, 236, 215,
       205, 120, 110, 166, 185, 183, 31, 147, 193, 110, 95, 107, 81, 230,
       57, 159, 116, 80, 222, 226, 47, 127, 223, 165, 166, 255, 220, 84,
       95, 253, 182, 148, 187, 22, 31, 184, 251, 254, 158, 109, 92, 254,
       210, 215, 183, 101, 253, 109, 165, 195, 171, 222, 250, 127, 111,
       190, 138, 103, 43, 87, 68, 90, 249, 230, 96, 108, 107, 144, 35,
       77, 111, 236, 247, 183, 201, 80, 22, 252, 53, 74, 9, 18, 184, 34,
       213, 188, 32, 168, 160, 243, 70, 113, 124, 57, 185, 167, 160, 108,
       89, 16, 163, 237, 143, 9, 255, 191, 67, 90, 132, 247, 253, 16, 24,
       208, 243, 0, 199, 253, 48, 17, 162, 227, 6, 123, 44, 253, 211, 89,
       249, 233, 183, 207, 239, 3, 124, 40, 190, 241, 109, 180, 187, 122,
       194, 16, 3, 34, 138, 115, 111, 215, 5, 43, 219, 250, 207, 131, 71,
       222, 175, 179, 130, 164, 173, 134, 190, 215, 3, 215, 237, 110, 91,
       79, 103, 103, 123, 149, 183, 216, 191, 225, 140, 50, 222, 194,
       172, 85, 161, 92, 151, 76, 175, 151, 134, 118, 173, 230, 252, 87,
       194, 151, 216, 46, 182, 107, 109, 71, 59, 159, 181, 221, 53, 226,
       12, 42, 222, 192, 133, 117, 177, 252, 206, 238, 130, 186, 233,
       248, 127, 134, 187, 23, 70, 189, 237, 199, 72, 95, 39, 127, 237,
       214, 114, 93, 154, 115, 252, 241, 222, 233, 162, 81, 167, 114,
       170, 168, 176, 154, 205, 253, 145, 207, 159, 55, 164, 25, 172,
       220, 110, 173, 201, 27, 211, 17, 54, 110, 250, 243, 15, 81, 223,
       127, 210, 76, 223, 206, 219, 48, 147, 176, 11, 252, 16, 71, 235,
       83, 160, 56, 14, 154, 100, 254, 167, 183, 220, 17, 31, 79, 178,
       208, 155, 208, 90, 123, 202, 68, 171, 15, 120, 163, 154, 230, 124,
       25, 195, 201, 66, 165, 140, 171, 103, 233, 88, 128, 26, 255, 236,
       113, 10, 43, 202, 57, 248, 133, 37, 57, 100, 170, 142, 8, 3, 183,
       189, 155, 186, 12, 157, 159, 30, 223, 94, 252, 180, 52, 154, 42,
       135, 91, 125, 21, 147, 216, 231, 96, 204, 55, 126, 208, 140, 208,
       129, 121, 171, 174, 32, 91, 89, 181, 170, 223, 94, 27, 112, 92,
       168, 200, 118, 165, 141, 43, 130, 137, 182, 110, 94, 247, 47, 95,
       158, 121, 91, 4, 203, 142, 72, 169, 147, 80, 219, 249, 49, 199,
       234, 37, 44, 8, 62, 181, 68, 180, 161, 58, 192, 16, 18, 43, 162,
       17, 25, 148, 20, 107, 194, 64, 199, 170, 9, 156, 62, 223, 85, 212,
       105, 119, 252, 71, 110, 4, 189, 247, 50, 228, 97, 42, 34, 140,
       119, 152, 51, 255, 79, 255, 18, 64, 74, 4, 105, 254, 161, 68, 239,
       93, 36, 15, 229, 58, 117, 182, 118, 18, 83, 57, 149, 107, 121,
       228, 126, 46, 233, 244, 117, 14, 71, 170, 245, 4, 103, 248, 112,
       232, 49, 205, 113, 73, 212, 219, 231, 245, 69, 104, 250, 66, 115,
       21, 148, 164, 120, 190, 6, 234, 217, 186, 101, 189, 45, 172, 164,
       64, 119, 138, 240, 172, 171, 150, 253, 85, 102, 55, 185, 59, 84,
       234, 86, 246, 25, 61, 150, 37, 95, 28, 183, 45, 161, 252, 101,
       142, 78, 111, 113, 132, 111, 172, 80, 249, 215, 12, 167, 158, 13,
       102, 109, 34, 189, 210, 195, 18, 117, 246, 53, 111, 225, 231, 56,
       143, 41, 197, 191, 234, 145, 106, 218, 2, 160, 117, 49, 102, 130,
       168, 146, 154, 195, 249, 176, 71, 191, 23, 66, 17, 172, 154, 100,
       220, 163, 59, 163, 17, 54, 221, 146, 243, 15, 54, 26, 107, 146,
       68, 175, 142, 246, 115, 248, 192, 218, 6, 31, 216, 18, 228, 188,
       175, 89, 71, 207, 18, 127, 205, 85, 254, 234, 67, 253, 90, 122,
       141, 173, 188, 189, 243, 38, 241, 10, 173, 178, 145, 245, 213,
       188, 103, 63, 173, 94, 16, 172, 174, 100, 196, 215, 59, 179, 145,
       118, 218, 178, 211, 47, 86, 159, 235, 130, 4, 167, 237, 9, 206,
       39, 153, 253, 233, 165, 119, 108, 109, 206, 151, 160, 160, 182,
       68, 105, 46, 106, 12, 246, 185, 101, 223, 116, 36, 50, 64, 18,
       220, 245, 252, 44, 245, 250, 224, 245, 231, 127, 209, 151, 237,
       255, 7, 89, 255, 110, 80, 249, 236, 183, 126, 154, 179, 184, 130,
       127, 205, 165, 101, 231, 255, 240, 243, 35, 141, 11, 168, 213,
       133, 34, 199, 150, 9, 72, 67, 180, 146, 32, 64, 216, 42, 19, 213,
       26, 155, 16, 127, 41, 52, 154, 74, 144, 10, 176, 138, 253, 178,
       188, 114, 169, 189, 80, 219, 243, 223, 165, 29, 31, 251, 74, 27,
       133, 135, 237, 28, 190, 103, 218, 19, 219, 235, 117, 125, 232,
       192, 202, 67, 40, 171, 114, 104, 109, 157, 250, 84, 238, 173, 248,
       233, 171, 200, 84, 144, 238, 57, 199, 65, 134, 171, 194, 181, 86,
       221, 35, 249, 69, 142, 91, 139, 188, 93, 162, 183, 133, 108, 167,
       134, 20, 38, 75, 19, 242, 252, 107, 74, 121, 254, 163, 67, 124,
       180, 89, 162, 229, 39, 238, 1, 163, 127, 212, 210, 78, 173, 224,
       183, 213, 232, 239, 168, 187, 150, 24, 131, 237, 238, 95, 79, 51,
       111, 57, 223, 116, 72, 158, 234, 109, 126, 207, 172, 166, 119,
       213, 198, 253, 105, 232, 100, 108, 89, 71, 216, 83, 236, 180, 40,
       19, 217, 213, 61, 24, 236, 85, 126, 136, 99, 232, 184, 62, 217,
       37, 191, 255, 191, 90, 167, 210, 83, 222, 46, 10, 2, 94, 52, 165,
       192, 135, 199, 95, 111, 59, 83, 118, 229, 253, 238, 204, 129, 21,
       76, 242, 227, 206, 147, 47, 178, 41, 18, 68, 50, 215, 161, 234,
       40, 58, 24, 171, 243, 51, 237, 205, 175, 73, 26, 166, 85, 105, 86,
       17, 83, 137, 64, 20, 144, 109, 182, 140, 251, 3, 81, 97, 186, 152,
       209, 241, 189, 48, 31, 59, 59, 36, 120, 158, 180, 197, 190, 135,
       31, 244, 24, 19, 92, 226, 210, 15, 221, 53, 127, 138, 200, 139,
       189, 40, 253, 49, 90, 217, 205, 19, 196, 223, 61, 45, 8, 110, 213,
       104, 148, 217, 122, 195, 80, 2, 43, 122, 55, 43, 84, 20, 123, 210,
