%YAML:1.0
---
descriptors: !!opencv-matrix
   rows: 199
   cols: 32
   dt: u
   data: [ 37, 248, 144, 88, 141, 157, 80, 222, 203, 49, 164, 12, 190,
       208, 76, 190, 137, 2, 122, 28, 143, 107, 218, 241, 155, 217, 21,
       126, 218, 8, 74, 38, 100, 1, 189, 103, 164, 78, 103, 185, 116,
       246, 175, 9, 215, 117, 89, 114, 145, 86, 121, 106, 72, 240, 251,
       40, 229, 191, 101, 20, 192, 250, 214, 106, 44, 185, 184, 101, 172,
       15, 86, 154, 99, 252, 60, 13, 159, 61, 67, 18, 133, 220, 253, 94,
       200, 120, 209, 56, 239, 223, 37, 117, 202, 251, 78, 83, 37, 177,
       33, 73, 253, 31, 198, 185, 71, 232, 189, 76, 210, 88, 156, 164,
       216, 8, 82, 111, 221, 50, 125, 29, 47, 92, 133, 116, 91, 42, 218,
       180, 146, 30, 6, 188, 46, 128, 186, 226, 140, 78, 210, 231, 172,
       142, 39, 65, 238, 99, 191, 199, 108, 141, 2, 255, 144, 114, 250,
       139, 21, 5, 61, 223, 218, 30, 159, 188, 42, 224, 62, 34, 164, 142,
       146, 179, 173, 255, 33, 75, 230, 245, 237, 195, 40, 197, 2, 234,
       209, 227, 106, 147, 32, 113, 37, 83, 53, 20, 225, 71, 86, 91, 199,
       120, 87, 235, 254, 234, 115, 60, 157, 36, 123, 204, 118, 108, 233,
       242, 109, 190, 62, 238, 229, 212, 239, 187, 82, 245, 125, 42, 150,
       118, 165, 60, 68, 150, 235, 187, 38, 88, 143, 225, 83, 190, 129,
       102, 108, 30, 29, 97, 202, 32, 155, 249, 85, 61, 202, 245, 218, 4,
       173, 241, 152, 97, 253, 31, 86, 188, 123, 184, 188, 13, 223, 123,
       74, 146, 153, 204, 204, 126, 110, 98, 219, 154, 239, 221, 37, 125,
       74, 186, 202, 131, 147, 207, 78, 189, 146, 134, 44, 183, 180, 64,
       66, 215, 117, 35, 50, 65, 102, 231, 59, 236, 229, 153, 21, 111,
       100, 35, 254, 128, 61, 148, 169, 152, 205, 221, 215, 214, 240, 30,
       110, 177, 253, 194, 111, 84, 221, 243, 189, 247, 55, 100, 60, 106,
       225, 212, 61, 238, 38, 254, 103, 132, 14, 242, 233, 53, 201, 166,
       214, 87, 224, 58, 124, 63, 127, 187, 119, 244, 239, 226, 158, 255,
       151, 79, 110, 44, 245, 252, 47, 79, 14, 251, 117, 128, 74, 224,
       203, 5, 82, 166, 187, 186, 139, 193, 29, 111, 191, 23, 176, 187,
       46, 238, 40, 81, 239, 179, 207, 129, 60, 75, 138, 245, 209, 179,
       91, 187, 16, 68, 167, 203, 82, 185, 159, 248, 139, 193, 17, 207,
       175, 29, 164, 41, 46, 247, 96, 90, 238, 179, 239, 144, 26, 75,
       178, 241, 217, 215, 95, 123, 144, 0, 167, 123, 191, 100, 106, 141,
       118, 19, 238, 88, 85, 224, 215, 246, 91, 136, 191, 164, 126, 204,
       22, 239, 237, 183, 21, 142, 54, 77, 171, 164, 127, 191, 120, 148,
       92, 187, 154, 102, 178, 142, 55, 113, 170, 172, 47, 45, 94, 231,
       98, 16, 182, 253, 237, 114, 80, 211, 136, 14, 251, 229, 37, 251,
       64, 163, 135, 51, 130, 191, 14, 189, 235, 160, 60, 231, 191, 22,
       78, 183, 172, 203, 34, 64, 231, 43, 187, 133, 86, 223, 2, 255,
       254, 54, 158, 131, 14, 84, 169, 219, 165, 143, 83, 101, 244, 42,
       102, 187, 124, 162, 122, 64, 211, 97, 153, 112, 83, 206, 6, 42,
       113, 176, 77, 14, 108, 174, 37, 4, 104, 250, 194, 160, 213, 201,
       93, 231, 160, 14, 79, 188, 36, 168, 215, 192, 247, 119, 137, 115,
       118, 228, 125, 234, 121, 208, 105, 44, 245, 235, 231, 144, 44,
       179, 128, 33, 217, 136, 159, 244, 169, 44, 92, 182, 227, 155, 162,
       80, 255, 51, 0, 219, 165, 247, 124, 8, 57, 77, 147, 98, 211, 251,
       116, 24, 170, 112, 35, 43, 65, 61, 189, 37, 32, 238, 101, 55, 236,
       233, 46, 9, 182, 61, 18, 50, 128, 38, 125, 13, 149, 184, 241, 14,
       237, 190, 52, 16, 72, 64, 195, 122, 191, 215, 121, 234, 246, 37,
       223, 248, 29, 66, 125, 198, 93, 253, 189, 160, 23, 89, 23, 111,
       227, 34, 62, 254, 99, 221, 45, 172, 127, 251, 33, 177, 33, 204,
       107, 95, 246, 194, 235, 246, 84, 64, 126, 230, 112, 229, 180, 100,
       127, 106, 18, 238, 225, 184, 45, 127, 102, 46, 166, 128, 253, 154,
       240, 232, 82, 251, 16, 186, 57, 205, 144, 204, 175, 61, 128, 109,
       174, 218, 68, 150, 128, 59, 237, 81, 78, 11, 202, 241, 153, 84,
       27, 123, 24, 6, 31, 31, 162, 233, 171, 190, 197, 192, 239, 228,
       20, 14, 80, 3, 32, 217, 53, 64, 248, 250, 19, 195, 74, 191, 138,
       227, 117, 46, 158, 137, 69, 31, 244, 234, 118, 111, 202, 174, 124,
       2, 142, 236, 10, 160, 185, 207, 85, 226, 208, 146, 94, 253, 109,
       231, 73, 67, 200, 238, 184, 180, 175, 188, 13, 187, 187, 144, 130,
       75, 138, 153, 164, 129, 172, 71, 254, 132, 66, 7, 160, 202, 55,
       73, 232, 43, 34, 149, 70, 248, 2, 248, 4, 50, 222, 1, 144, 92, 57,
       140, 199, 158, 197, 179, 130, 160, 46, 150, 190, 215, 11, 247,
       237, 102, 90, 75, 39, 103, 123, 151, 183, 220, 159, 226, 140, 38,
       222, 192, 172, 213, 161, 93, 73, 56, 156, 245, 168, 12, 116, 55,
       186, 138, 174, 25, 191, 51, 2, 90, 135, 167, 108, 8, 44, 201, 211,
       0, 207, 255, 116, 17, 136, 224, 139, 11, 189, 209, 103, 111, 183,
       91, 215, 240, 117, 96, 247, 162, 123, 93, 159, 101, 126, 212, 223,
       111, 232, 183, 125, 174, 119, 107, 101, 148, 103, 191, 116, 119,
       90, 169, 191, 248, 43, 193, 17, 76, 175, 29, 180, 169, 172, 215,
       98, 82, 238, 177, 239, 208, 26, 75, 162, 209, 217, 241, 155, 251,
       16, 0, 39, 107, 97, 214, 187, 191, 122, 236, 179, 222, 246, 95,
       255, 255, 245, 252, 195, 122, 255, 255, 255, 149, 174, 118, 238,
       235, 221, 239, 126, 174, 229, 249, 39, 243, 37, 79, 69, 101, 180,
       10, 110, 185, 116, 162, 122, 68, 211, 97, 145, 96, 90, 196, 4,
       110, 233, 176, 77, 14, 172, 174, 37, 4, 109, 250, 208, 40, 107,
       159, 118, 12, 251, 178, 190, 254, 141, 196, 254, 239, 72, 238,
       174, 245, 254, 247, 183, 231, 244, 139, 38, 236, 62, 122, 79, 203,
       63, 247, 168, 93, 172, 245, 117, 218, 245, 255, 238, 255, 26, 121,
       189, 126, 221, 255, 168, 164, 127, 215, 255, 26, 243, 106, 122,
       247, 191, 223, 191, 252, 95, 78, 213, 241, 92, 89, 191, 238, 34,
       76, 87, 208, 160, 200, 186, 109, 87, 255, 33, 82, 182, 245, 125,
       98, 72, 1, 186, 40, 243, 233, 33, 156, 32, 115, 38, 115, 200, 189,
       187, 119, 180, 204, 119, 55, 236, 201, 106, 8, 182, 181, 0, 50,
       128, 55, 121, 9, 81, 185, 176, 47, 229, 189, 54, 16, 64, 64, 199,
       106, 73, 166, 147, 241, 189, 173, 97, 7, 238, 57, 170, 72, 150,
       161, 64, 248, 205, 54, 110, 24, 27, 107, 195, 81, 157, 190, 54,
       120, 192, 72, 195, 32, 228, 232, 191, 119, 140, 239, 69, 166, 254,
       179, 170, 24, 215, 113, 0, 58, 137, 118, 104, 8, 56, 237, 219, 38,
       237, 170, 85, 80, 192, 121, 198, 34, 104, 160, 185, 113, 205, 237,
       81, 15, 83, 55, 44, 24, 182, 17, 72, 58, 137, 26, 104, 24, 26,
       106, 243, 17, 207, 221, 20, 123, 192, 72, 198, 170, 232, 180, 25,
       248, 233, 237, 81, 67, 63, 15, 105, 24, 183, 247, 64, 24, 145,
       187, 101, 16, 59, 126, 242, 19, 217, 215, 16, 120, 144, 64, 134,
       58, 220, 176, 159, 240, 169, 237, 81, 158, 186, 187, 163, 24, 151,
       215, 72, 91, 129, 149, 125, 16, 59, 69, 242, 18, 217, 209, 117,
       124, 128, 0, 135, 51, 173, 72, 115, 103, 5, 79, 99, 16, 117, 224,
       231, 8, 243, 81, 21, 61, 88, 252, 106, 106, 9, 180, 121, 40, 71,
       248, 1, 16, 98, 187, 86, 160, 113, 79, 79, 111, 180, 10, 111, 53,
       101, 0, 251, 230, 115, 97, 177, 112, 114, 230, 12, 238, 233, 144,
       45, 47, 242, 239, 166, 128, 125, 242, 240, 40, 73, 149, 211, 220,
       243, 22, 110, 191, 249, 202, 126, 68, 92, 242, 172, 244, 55, 118,
       54, 168, 245, 149, 180, 206, 50, 254, 103, 132, 10, 242, 233, 53,
       94, 71, 98, 236, 146, 242, 30, 106, 23, 132, 203, 163, 73, 239,
       33, 80, 126, 253, 189, 163, 8, 131, 13, 158, 242, 231, 139, 157,
       183, 247, 36, 48, 162, 248, 40, 90, 77, 229, 210, 194, 223, 95,
       229, 25, 50, 220, 119, 57, 201, 251, 243, 67, 46, 111, 122, 55,
       91, 31, 209, 59, 80, 29, 94, 218, 52, 97, 25, 109, 136, 79, 71,
       40, 34, 160, 169, 8, 215, 87, 8, 48, 216, 220, 88, 106, 73, 2,
       251, 28, 241, 137, 5, 60, 112, 50, 66, 34, 236, 119, 149, 19, 233,
