%YAML:1.0
---
descriptors: !!opencv-matrix
   rows: 250
   cols: 32
   dt: u
   data: [ 131, 190, 197, 153, 244, 189, 232, 191, 63, 123, 84, 213, 189,
       162, 214, 197, 79, 10, 55, 28, 183, 92, 119, 247, 14, 30, 190,
       228, 158, 140, 217, 221, 77, 176, 177, 177, 244, 188, 233, 23,
       123, 251, 87, 84, 156, 184, 216, 172, 135, 15, 126, 29, 179, 252,
       247, 194, 140, 30, 119, 100, 206, 192, 195, 245, 104, 164, 188,
       127, 253, 249, 85, 175, 122, 55, 77, 24, 238, 249, 74, 116, 145,
       14, 233, 16, 54, 120, 235, 151, 207, 255, 85, 127, 146, 76, 215,
       234, 201, 24, 253, 85, 108, 126, 233, 18, 124, 250, 118, 80, 211,
       51, 133, 127, 35, 124, 126, 8, 161, 244, 247, 66, 71, 251, 114, 0,
       202, 225, 67, 169, 71, 158, 135, 179, 130, 38, 40, 150, 191, 247,
       3, 247, 205, 38, 82, 203, 167, 71, 249, 149, 181, 217, 159, 224,
       140, 114, 222, 194, 172, 85, 165, 93, 40, 233, 122, 99, 244, 203,
       103, 181, 96, 12, 126, 40, 51, 1, 144, 48, 26, 184, 6, 106, 216,
       186, 97, 61, 103, 141, 36, 64, 99, 154, 198, 168, 91, 48, 178, 48,
       171, 252, 16, 67, 239, 83, 160, 24, 46, 154, 102, 254, 167, 167,
       252, 17, 151, 79, 178, 208, 155, 250, 94, 123, 202, 68, 171, 7,
       175, 191, 253, 85, 230, 23, 253, 187, 82, 250, 86, 254, 89, 125,
       159, 33, 63, 223, 55, 239, 241, 246, 125, 222, 110, 43, 109, 132,
       127, 252, 209, 241, 220, 175, 250, 246, 190, 243, 134, 233, 210,
       162, 157, 58, 103, 249, 249, 227, 51, 247, 253, 227, 122, 99, 142,
       191, 184, 71, 173, 191, 181, 123, 157, 35, 92, 33, 186, 96, 147,
       110, 113, 1, 233, 181, 47, 16, 223, 179, 72, 58, 179, 156, 104,
       48, 16, 241, 184, 0, 219, 229, 69, 71, 226, 99, 231, 34, 68, 252,
       250, 55, 195, 232, 55, 150, 243, 183, 110, 169, 235, 215, 74, 30,
       53, 255, 232, 18, 18, 220, 254, 99, 111, 212, 85, 99, 226, 83,
       135, 250, 56, 127, 114, 234, 116, 191, 90, 240, 69, 44, 248, 111,
       59, 73, 161, 144, 190, 184, 132, 102, 207, 178, 24, 191, 242, 205,
       33, 176, 123, 159, 114, 153, 78, 238, 26, 252, 232, 184, 124, 143,
       187, 22, 70, 189, 141, 231, 227, 91, 163, 111, 108, 60, 114, 93,
       130, 83, 254, 247, 127, 237, 130, 240, 171, 17, 171, 172, 0, 91,
       89, 149, 174, 207, 94, 35, 96, 92, 168, 250, 116, 164, 153, 123,
       82, 137, 231, 46, 90, 255, 47, 30, 159, 121, 91, 0, 203, 142, 86,
       56, 185, 119, 210, 102, 157, 151, 51, 255, 135, 29, 84, 63, 87,
       26, 183, 255, 109, 145, 56, 222, 249, 98, 249, 38, 85, 166, 193,
       112, 166, 123, 84, 95, 78, 110, 146, 130, 159, 112, 164, 140, 251,
       167, 119, 111, 41, 64, 126, 247, 5, 227, 104, 145, 9, 47, 240,
       231, 46, 128, 101, 243, 37, 19, 251, 253, 81, 232, 123, 133, 94,
       254, 19, 104, 180, 111, 31, 159, 66, 212, 222, 221, 149, 243, 223,
       15, 216, 183, 251, 221, 175, 254, 59, 4, 170, 91, 119, 187, 132,
       135, 174, 31, 198, 184, 23, 170, 178, 239, 198, 105, 205, 130,
       153, 196, 236, 110, 77, 225, 201, 40, 186, 166, 229, 150, 105,
       111, 88, 21, 109, 127, 237, 101, 244, 47, 199, 191, 64, 234, 254,
       74, 211, 49, 145, 39, 24, 198, 126, 110, 233, 240, 253, 14, 237,
       238, 101, 180, 103, 250, 210, 225, 75, 179, 229, 209, 162, 46,
       173, 159, 58, 251, 18, 246, 157, 39, 216, 238, 39, 87, 63, 156,
       179, 216, 237, 226, 45, 46, 254, 196, 174, 212, 129, 57, 37, 116,
       188, 67, 253, 127, 179, 206, 206, 253, 189, 8, 154, 252, 207, 42,
       137, 26, 82, 24, 131, 99, 120, 112, 79, 157, 21, 63, 209, 123, 71,
       246, 12, 145, 60, 251, 173, 223, 213, 249, 206, 125, 245, 0, 222,
       253, 58, 233, 201, 18, 187, 91, 219, 40, 123, 181, 207, 219, 83,
       117, 211, 11, 221, 114, 74, 24, 166, 214, 213, 244, 122, 182, 177,
       204, 198, 2, 104, 191, 55, 254, 236, 246, 249, 202, 156, 219, 178,
       234, 91, 127, 218, 1, 134, 165, 126, 94, 181, 85, 237, 71, 172,
       71, 207, 248, 70, 234, 183, 34, 83, 117, 157, 43, 121, 212, 60,
       234, 233, 231, 125, 58, 105, 139, 229, 148, 245, 251, 116, 49,
       104, 84, 180, 255, 13, 92, 84, 63, 213, 75, 247, 23, 234, 125, 58,
       227, 200, 182, 191, 8, 109, 47, 115, 157, 231, 255, 208, 27, 90,
       220, 220, 90, 72, 181, 177, 184, 221, 236, 17, 143, 251, 29, 8,
       29, 142, 157, 74, 6, 129, 95, 233, 17, 18, 107, 154, 151, 233,
       148, 21, 127, 130, 8, 151, 122, 46, 191, 181, 219, 253, 221, 214,
       201, 159, 89, 89, 111, 236, 252, 124, 132, 221, 123, 179, 83, 199,
       106, 218, 243, 47, 94, 157, 235, 210, 15, 92, 223, 10, 192, 50,
       152, 127, 221, 188, 239, 143, 29, 144, 19, 172, 218, 110, 198,
       227, 19, 219, 1, 70, 45, 10, 215, 63, 20, 30, 127, 22, 12, 173,
       207, 177, 72, 207, 231, 4, 10, 111, 240, 117, 226, 242, 70, 115,
       32, 149, 98, 120, 204, 62, 238, 233, 182, 109, 106, 180, 174, 230,
       0, 109, 187, 112, 184, 249, 116, 117, 69, 36, 126, 239, 50, 113,
       234, 254, 100, 217, 55, 149, 191, 126, 84, 124, 170, 233, 212,
       241, 78, 37, 186, 227, 144, 107, 241, 66, 125, 210, 105, 208, 132,
       79, 88, 254, 72, 171, 48, 178, 19, 140, 142, 71, 210, 234, 213,
       239, 195, 68, 47, 195, 192, 149, 48, 138, 191, 5, 54, 111, 142, 6,
       252, 148, 147, 233, 244, 188, 175, 159, 159, 18, 49, 236, 254,
       111, 143, 135, 83, 187, 17, 54, 77, 155, 241, 47, 54, 95, 207,
       150, 85, 173, 143, 59, 199, 98, 40, 117, 23, 222, 109, 85, 76,
       248, 143, 75, 8, 190, 132, 222, 136, 135, 37, 252, 187, 4, 159,
       178, 93, 136, 207, 119, 142, 250, 199, 92, 77, 154, 174, 180, 214,
       94, 180, 164, 136, 219, 1, 223, 239, 35, 208, 246, 253, 189, 195,
       72, 155, 137, 174, 250, 245, 175, 193, 32, 179, 173, 19, 252, 48,
       245, 112, 141, 125, 209, 202, 243, 247, 181, 24, 11, 189, 79, 191,
       137, 214, 245, 16, 62, 103, 250, 128, 219, 219, 85, 127, 231, 253,
       86, 98, 43, 176, 120, 232, 109, 221, 249, 120, 207, 125, 245, 31,
       159, 156, 62, 164, 206, 25, 247, 5, 215, 43, 114, 213, 87, 217,
       26, 255, 87, 142, 207, 247, 170, 42, 162, 187, 215, 177, 184, 67,
       151, 15, 85, 183, 40, 200, 55, 8, 217, 43, 131, 133, 38, 254, 14,
       251, 66, 87, 154, 171, 215, 76, 191, 206, 27, 58, 122, 236, 116,
       212, 249, 80, 205, 76, 214, 167, 189, 159, 183, 96, 238, 185, 223,
       133, 141, 171, 178, 200, 215, 253, 170, 139, 15, 140, 53, 251, 60,
       189, 241, 99, 211, 239, 167, 191, 42, 237, 58, 8, 255, 117, 72,
       176, 55, 255, 213, 91, 19, 240, 249, 60, 109, 205, 37, 116, 227,
       91, 135, 249, 33, 203, 121, 65, 244, 203, 231, 245, 68, 40, 126,
       98, 115, 17, 148, 52, 120, 186, 6, 104, 217, 184, 101, 61, 111,
       136, 36, 64, 101, 154, 214, 168, 83, 184, 146, 144, 139, 240, 144,
       71, 235, 211, 160, 56, 46, 218, 102, 254, 167, 183, 252, 145, 31,
       75, 150, 208, 155, 244, 26, 123, 205, 68, 43, 14, 64, 175, 218,
       108, 234, 170, 61, 231, 171, 167, 108, 165, 44, 167, 227, 80, 167,
       47, 100, 28, 6, 27, 162, 91, 254, 183, 23, 47, 128, 194, 175, 157,
       36, 39, 105, 69, 112, 11, 239, 48, 61, 164, 126, 204, 211, 39,
       149, 20, 30, 92, 6, 110, 192, 176, 109, 78, 102, 190, 37, 4, 103,
       171, 70, 176, 124, 160, 221, 231, 116, 27, 70, 184, 83, 162, 119,
       10, 91, 41, 153, 146, 59, 220, 164, 106, 120, 240, 201, 142, 126,
       239, 101, 21, 231, 170, 90, 2, 169, 188, 4, 59, 157, 157, 146,
       238, 222, 63, 112, 93, 168, 250, 118, 137, 137, 75, 194, 21, 182,
       108, 90, 245, 45, 91, 159, 127, 218, 4, 203, 142, 246, 90, 53,
       116, 75, 69, 149, 184, 169, 222, 176, 125, 92, 223, 77, 27, 141,
       245, 253, 227, 232, 71, 218, 240, 89, 18, 237, 191, 81, 117, 6,
       83, 239, 176, 144, 210, 237, 252, 48, 135, 187, 219, 33, 88, 142,
       244, 76, 190, 133, 122, 226, 16, 55, 110, 154, 224, 15, 26, 85,
       106, 138, 76, 203, 143, 88, 65, 254, 109, 2, 18, 122, 176, 36,
       128, 254, 1, 89, 27, 16, 82, 126, 221, 127, 232, 72, 152, 193,
