%YAML:1.0
---
descriptors: !!opencv-matrix
   rows: 286
   cols: 32
   dt: u
   data: [ 71, 188, 149, 151, 169, 236, 53, 143, 190, 255, 130, 117, 228,
       246, 78, 79, 197, 119, 234, 21, 55, 73, 251, 241, 140, 50, 95,
       126, 152, 84, 133, 93, 82, 113, 26, 232, 11, 193, 19, 72, 169, 4,
       173, 40, 14, 215, 33, 80, 182, 177, 207, 226, 72, 3, 50, 220, 211,
       209, 10, 59, 112, 3, 39, 51, 191, 253, 237, 69, 216, 55, 79, 254,
       83, 250, 92, 222, 89, 127, 223, 51, 31, 222, 117, 239, 249, 210,
       253, 46, 111, 15, 237, 164, 239, 243, 210, 241, 10, 159, 18, 171,
       245, 162, 58, 119, 12, 13, 90, 231, 236, 226, 34, 192, 221, 59,
       139, 145, 54, 152, 65, 255, 172, 119, 170, 195, 152, 78, 185, 11,
       62, 197, 230, 200, 223, 242, 86, 239, 197, 129, 254, 162, 74, 249,
       62, 228, 123, 230, 142, 48, 28, 171, 76, 238, 58, 254, 133, 87,
       247, 126, 252, 6, 214, 26, 158, 182, 42, 98, 61, 0, 188, 158, 147,
       183, 237, 230, 35, 75, 230, 245, 237, 130, 40, 197, 138, 202, 208,
       226, 107, 139, 128, 113, 37, 115, 119, 245, 156, 166, 139, 87, 86,
       232, 43, 240, 173, 12, 206, 22, 75, 182, 149, 221, 252, 242, 79,
       67, 219, 157, 185, 209, 15, 127, 40, 55, 11, 23, 165, 111, 232,
       69, 228, 31, 238, 188, 121, 234, 126, 76, 211, 40, 151, 52, 28,
       204, 86, 110, 237, 240, 109, 14, 38, 24, 37, 180, 77, 251, 90,
       133, 108, 189, 213, 213, 250, 70, 79, 184, 51, 232, 102, 236, 81,
       119, 136, 212, 23, 252, 125, 238, 105, 210, 249, 63, 239, 239,
       165, 180, 58, 178, 6, 113, 167, 247, 237, 79, 250, 55, 159, 188,
       23, 250, 125, 254, 89, 124, 223, 39, 23, 95, 55, 110, 241, 244,
       255, 62, 110, 10, 101, 180, 127, 255, 129, 245, 11, 159, 130, 155,
       215, 179, 174, 198, 30, 3, 88, 247, 172, 202, 182, 196, 255, 107,
       179, 133, 246, 152, 6, 255, 164, 118, 158, 130, 30, 92, 169, 157,
       45, 235, 16, 106, 253, 157, 66, 152, 79, 41, 56, 76, 206, 200, 95,
       180, 153, 202, 6, 92, 207, 50, 90, 177, 175, 221, 5, 126, 218, 31,
       90, 140, 116, 69, 63, 101, 36, 79, 71, 32, 100, 36, 235, 8, 215,
       21, 0, 112, 152, 212, 108, 106, 73, 176, 241, 12, 229, 235, 32,
       20, 96, 187, 70, 98, 173, 32, 251, 127, 228, 108, 121, 25, 127,
       146, 119, 16, 223, 243, 89, 59, 18, 60, 102, 26, 145, 240, 187, 0,
       71, 249, 96, 0, 192, 227, 66, 163, 89, 176, 156, 56, 25, 221, 80,
       87, 239, 65, 168, 77, 190, 154, 66, 146, 129, 163, 92, 21, 159,
       11, 18, 81, 184, 221, 22, 90, 200, 4, 139, 31, 33, 64, 127, 73,
       20, 30, 107, 176, 117, 0, 118, 64, 243, 3, 149, 244, 120, 140,
       102, 104, 169, 176, 245, 91, 167, 255, 130, 0, 98, 154, 66, 168,
       161, 46, 253, 69, 228, 15, 229, 114, 88, 170, 58, 88, 243, 56,
       149, 43, 153, 118, 86, 42, 229, 244, 101, 12, 103, 154, 117, 16,
       69, 248, 86, 173, 170, 235, 224, 17, 205, 159, 220, 207, 83, 183,
       180, 155, 11, 136, 86, 140, 89, 202, 195, 93, 206, 126, 198, 179,
       62, 95, 149, 127, 119, 220, 222, 204, 210, 106, 254, 254, 106,
       192, 25, 64, 178, 148, 231, 187, 45, 223, 65, 91, 110, 241, 237,
       208, 42, 79, 199, 96, 218, 227, 122, 139, 37, 129, 39, 43, 83,
       185, 175, 189, 58, 132, 57, 151, 168, 89, 202, 68, 188, 182, 144,
       119, 166, 103, 125, 141, 151, 73, 179, 97, 129, 48, 122, 136, 8,
       4, 163, 125, 161, 96, 119, 89, 68, 143, 225, 64, 126, 1, 115, 80,
       16, 17, 180, 44, 120, 8, 2, 28, 131, 180, 117, 80, 5, 10, 18, 64,
       209, 136, 114, 164, 132, 9, 191, 119, 164, 110, 103, 176, 124,
       174, 106, 16, 215, 117, 25, 122, 145, 70, 125, 106, 24, 240, 123,
       42, 197, 191, 101, 16, 192, 251, 213, 98, 160, 44, 127, 121, 136,
       239, 101, 23, 244, 87, 234, 24, 179, 245, 0, 59, 201, 158, 106, 8,
       58, 186, 243, 33, 207, 250, 84, 16, 192, 200, 198, 234, 56, 184,
       191, 242, 172, 205, 81, 215, 167, 91, 164, 25, 55, 151, 64, 26,
       161, 179, 125, 24, 27, 111, 18, 49, 219, 201, 52, 121, 224, 136,
       198, 58, 252, 4, 190, 224, 141, 102, 85, 75, 211, 183, 167, 19,
       83, 255, 90, 91, 121, 212, 121, 184, 56, 231, 243, 128, 219, 235,
       199, 85, 227, 104, 252, 98, 112, 168, 20, 241, 141, 203, 244, 231,
       175, 179, 162, 26, 207, 187, 68, 155, 233, 247, 239, 2, 90, 111,
       90, 209, 223, 211, 87, 127, 97, 24, 207, 2, 66, 184, 149, 17, 171,
       252, 176, 135, 171, 251, 162, 253, 140, 190, 68, 207, 135, 119,
       233, 21, 23, 109, 219, 241, 13, 50, 95, 126, 200, 68, 135, 95,
       176, 207, 75, 155, 82, 163, 38, 238, 86, 3, 106, 210, 113, 227,
       32, 64, 121, 234, 2, 168, 106, 184, 13, 63, 60, 166, 150, 0, 49,
       216, 224, 136, 91, 188, 183, 186, 139, 252, 16, 23, 191, 91, 162,
       21, 174, 190, 98, 255, 167, 51, 253, 17, 183, 77, 178, 211, 155,
       243, 90, 122, 154, 68, 167, 127, 254, 38, 237, 161, 141, 111, 78,
       152, 3, 255, 147, 221, 195, 109, 219, 27, 89, 196, 253, 247, 188,
       102, 221, 128, 206, 91, 237, 253, 141, 255, 214, 82, 247, 119,
       229, 101, 238, 11, 207, 188, 83, 250, 176, 238, 211, 44, 221, 47,
       63, 197, 117, 255, 233, 118, 237, 154, 188, 74, 237, 180, 237,
       251, 82, 245, 177, 149, 225, 71, 86, 123, 199, 127, 85, 234, 254,
       254, 115, 56, 156, 228, 120, 206, 54, 172, 189, 250, 109, 175, 62,
       238, 165, 192, 111, 168, 208, 253, 9, 159, 81, 69, 244, 30, 239,
       55, 121, 232, 126, 68, 250, 49, 148, 180, 20, 102, 118, 110, 241,
       184, 117, 110, 39, 255, 37, 0, 74, 226, 203, 189, 41, 61, 97, 64,
       85, 255, 235, 95, 83, 237, 124, 14, 24, 149, 246, 180, 62, 154,
       146, 248, 147, 58, 180, 223, 127, 29, 129, 237, 255, 142, 94, 253,
       154, 223, 78, 189, 2, 134, 46, 182, 180, 66, 66, 215, 109, 39, 35,
       67, 102, 231, 169, 231, 229, 205, 21, 239, 224, 227, 254, 128, 45,
       180, 41, 25, 181, 213, 239, 46, 158, 39, 78, 248, 81, 226, 253,
       206, 115, 108, 191, 32, 61, 238, 52, 111, 237, 227, 61, 47, 120,
       15, 229, 188, 237, 255, 248, 80, 191, 142, 194, 55, 181, 31, 238,
       248, 85, 202, 251, 126, 75, 104, 191, 161, 249, 230, 150, 167,
       253, 240, 77, 174, 174, 95, 133, 199, 239, 254, 216, 133, 134,
       141, 146, 155, 221, 227, 182, 192, 190, 22, 107, 19, 236, 250,
       111, 73, 249, 107, 130, 211, 54, 187, 26, 242, 61, 54, 143, 79,
       144, 127, 189, 142, 116, 100, 236, 37, 142, 122, 198, 136, 83,
       242, 183, 187, 83, 105, 223, 155, 89, 196, 237, 243, 45, 103, 207,
       2, 222, 203, 229, 53, 237, 251, 94, 18, 221, 220, 125, 45, 11, 78,
       23, 184, 32, 126, 188, 173, 223, 55, 11, 55, 55, 213, 221, 102,
       105, 5, 249, 63, 241, 227, 105, 180, 111, 119, 7, 115, 253, 85,
       13, 39, 24, 90, 71, 184, 100, 228, 175, 12, 211, 96, 139, 115,
       112, 196, 108, 106, 105, 225, 253, 14, 250, 227, 101, 21, 106,
       251, 68, 96, 2, 141, 19, 171, 215, 231, 186, 203, 94, 65, 88, 3,
       164, 236, 60, 132, 217, 59, 147, 145, 23, 184, 24, 255, 173, 20,
       138, 103, 221, 78, 185, 158, 108, 117, 88, 103, 180, 79, 86, 56,
       49, 200, 255, 9, 223, 125, 9, 16, 144, 220, 221, 106, 105, 176,
       217, 14, 231, 255, 37, 21, 106, 179, 78, 18, 89, 184, 53, 49, 43,
       220, 17, 22, 164, 85, 166, 52, 191, 23, 130, 118, 4, 55, 248, 16,
       27, 205, 243, 1, 201, 240, 26, 82, 74, 4, 7, 122, 67, 184, 253,
       85, 187, 78, 93, 63, 169, 242, 166, 16, 222, 55, 84, 63, 133, 84,
       121, 56, 49, 201, 251, 76, 75, 218, 85, 22, 226, 96, 194, 58, 10,
       159, 18, 187, 213, 167, 58, 247, 28, 13, 90, 71, 236, 226, 32,
       192, 221, 43, 131, 149, 54, 152, 89, 255, 173, 246, 138, 66, 152,
       78, 185, 155, 254, 236, 229, 20, 221, 113, 135, 238, 211, 246,
       172, 152, 194, 108, 95, 167, 153, 198, 232, 243, 253, 103, 255,
       186, 57, 86, 197, 127, 199, 125, 214, 244, 33, 191, 120, 71, 116,
       62, 110, 55, 121, 234, 126, 100, 243, 56, 150, 52, 148, 110, 86,
       46, 245, 184, 245, 78, 38, 190, 36, 128, 74, 226, 202, 141, 1,
