%YAML:1.0
---
descriptors: !!opencv-matrix
   rows: 336
   cols: 32
   dt: u
   data: [ 70, 185, 16, 218, 63, 221, 178, 192, 239, 16, 141, 10, 172,
       218, 108, 132, 162, 51, 234, 82, 6, 41, 154, 245, 155, 220, 11,
       59, 26, 15, 9, 14, 15, 141, 3, 190, 180, 182, 238, 119, 244, 202,
       219, 199, 113, 234, 178, 224, 248, 167, 31, 173, 189, 155, 4, 206,
       56, 46, 174, 192, 157, 230, 248, 4, 92, 77, 154, 164, 52, 198,
       126, 180, 52, 140, 219, 35, 223, 251, 33, 80, 246, 253, 61, 195,
       76, 153, 139, 110, 251, 229, 239, 129, 32, 243, 45, 3, 193, 34,
       132, 181, 30, 59, 40, 10, 199, 187, 130, 255, 193, 42, 82, 194,
       65, 70, 236, 149, 188, 76, 207, 130, 140, 82, 223, 53, 42, 236,
       24, 4, 2, 205, 20, 189, 61, 203, 188, 239, 158, 23, 216, 17, 175,
       46, 46, 197, 207, 11, 159, 0, 102, 169, 67, 191, 165, 215, 126,
       147, 86, 28, 133, 207, 7, 255, 243, 218, 172, 149, 175, 253, 222,
       248, 24, 236, 252, 252, 253, 36, 151, 107, 95, 127, 247, 33, 62,
       240, 40, 28, 47, 252, 156, 251, 193, 253, 214, 22, 158, 180, 130,
       98, 61, 1, 184, 158, 147, 183, 205, 230, 43, 75, 167, 245, 237,
       177, 48, 197, 131, 202, 208, 162, 122, 131, 160, 96, 37, 83, 68,
       125, 91, 199, 242, 206, 127, 244, 57, 172, 126, 160, 93, 183, 169,
       116, 54, 253, 23, 238, 65, 146, 184, 78, 125, 172, 174, 132, 165,
       178, 35, 185, 150, 94, 46, 158, 42, 162, 188, 114, 188, 70, 215,
       247, 236, 238, 179, 203, 238, 33, 191, 135, 228, 197, 6, 238, 192,
       35, 234, 131, 28, 100, 61, 211, 191, 41, 224, 104, 205, 93, 214,
       200, 67, 232, 164, 25, 26, 153, 87, 54, 136, 232, 81, 223, 89, 46,
       218, 242, 83, 92, 5, 63, 211, 189, 90, 134, 62, 121, 113, 234, 63,
       217, 147, 72, 207, 4, 184, 42, 46, 220, 101, 164, 158, 185, 215,
       209, 10, 35, 122, 253, 147, 213, 9, 59, 119, 47, 7, 183, 67, 111,
       110, 30, 58, 130, 191, 180, 188, 78, 92, 229, 245, 231, 179, 67,
       6, 103, 127, 207, 228, 129, 174, 111, 230, 47, 234, 136, 4, 243,
       39, 249, 26, 141, 118, 237, 149, 194, 94, 247, 69, 4, 250, 3, 75,
       47, 48, 68, 232, 151, 159, 225, 216, 185, 1, 253, 179, 249, 138,
       195, 55, 138, 244, 10, 154, 124, 230, 245, 53, 118, 122, 214, 53,
       238, 214, 135, 169, 63, 19, 79, 110, 255, 189, 205, 172, 221, 241,
       170, 215, 239, 250, 129, 167, 245, 60, 219, 47, 253, 166, 160,
       253, 255, 254, 255, 199, 253, 156, 41, 207, 252, 114, 38, 205,
       231, 255, 117, 206, 67, 186, 145, 251, 89, 173, 255, 150, 126,
       156, 215, 37, 231, 104, 13, 116, 15, 231, 184, 116, 236, 126, 76,
       83, 104, 158, 48, 28, 204, 22, 111, 245, 178, 109, 63, 108, 44,
       37, 132, 77, 171, 210, 197, 128, 205, 182, 95, 149, 214, 166, 166,
       222, 194, 90, 18, 174, 248, 52, 228, 137, 127, 42, 67, 224, 252,
       159, 255, 45, 62, 87, 3, 71, 124, 181, 46, 99, 42, 86, 29, 42,
       130, 160, 134, 174, 136, 242, 96, 160, 147, 133, 215, 72, 38, 110,
       12, 3, 233, 195, 121, 4, 58, 178, 146, 75, 148, 120, 13, 24, 225,
       144, 193, 181, 217, 151, 239, 94, 61, 28, 42, 142, 189, 110, 128,
       153, 90, 130, 80, 82, 58, 72, 183, 235, 213, 21, 119, 211, 26,
       157, 171, 104, 189, 61, 120, 57, 221, 19, 111, 207, 45, 172, 40,
       190, 245, 34, 48, 128, 50, 204, 0, 90, 43, 58, 61, 243, 213, 1,
       59, 80, 74, 135, 107, 120, 65, 63, 238, 29, 194, 71, 101, 197,
       196, 167, 10, 114, 93, 40, 241, 232, 178, 74, 224, 89, 171, 113,
       141, 249, 225, 134, 19, 113, 10, 252, 106, 69, 116, 221, 165, 106,
       42, 105, 25, 58, 243, 33, 253, 215, 230, 203, 91, 55, 77, 36, 54,
       37, 84, 223, 64, 140, 162, 101, 236, 172, 225, 3, 209, 204, 93,
       87, 215, 246, 234, 39, 178, 56, 226, 111, 110, 85, 113, 129, 117,
       51, 118, 48, 106, 97, 216, 184, 46, 108, 170, 101, 0, 46, 251,
       215, 177, 32, 170, 185, 91, 184, 141, 224, 219, 30, 57, 185, 72,
       144, 153, 68, 8, 201, 27, 67, 152, 26, 106, 203, 49, 79, 148, 52,
       249, 216, 8, 134, 131, 234, 252, 28, 218, 201, 197, 20, 231, 154,
       31, 164, 25, 172, 215, 96, 27, 201, 51, 203, 80, 122, 79, 218,
       245, 251, 145, 94, 123, 16, 80, 175, 26, 37, 81, 115, 71, 246,
       223, 238, 252, 124, 224, 122, 74, 223, 24, 157, 180, 62, 108, 22,
       107, 197, 176, 61, 124, 44, 62, 39, 4, 77, 187, 203, 165, 125,
       132, 237, 230, 220, 38, 239, 191, 224, 183, 189, 26, 211, 107, 24,
       114, 121, 198, 116, 174, 57, 118, 253, 142, 255, 239, 239, 12,
       229, 250, 242, 160, 15, 160, 232, 193, 86, 119, 249, 89, 90, 111,
       85, 146, 25, 156, 222, 40, 127, 137, 23, 157, 151, 180, 173, 195,
       95, 79, 187, 229, 231, 205, 255, 228, 156, 77, 126, 119, 149, 126,
       126, 255, 85, 134, 238, 2, 75, 247, 163, 228, 117, 126, 142, 234,
       120, 144, 41, 174, 235, 239, 165, 1, 178, 255, 236, 34, 58, 92,
       242, 188, 45, 215, 212, 103, 157, 198, 254, 3, 46, 188, 38, 192,
       204, 253, 167, 1, 108, 191, 114, 191, 243, 247, 222, 19, 87, 60,
       253, 223, 170, 216, 118, 95, 69, 213, 244, 231, 221, 7, 246, 19,
       40, 221, 54, 197, 200, 178, 179, 192, 242, 174, 115, 255, 39, 123,
       214, 75, 83, 12, 252, 158, 101, 134, 248, 17, 198, 59, 241, 11,
       115, 247, 167, 63, 66, 104, 207, 90, 59, 140, 98, 180, 190, 118,
       237, 82, 94, 111, 85, 39, 229, 237, 102, 198, 34, 137, 50, 216,
       221, 221, 176, 71, 159, 13, 240, 27, 44, 220, 38, 140, 233, 187,
       195, 17, 22, 43, 2, 215, 31, 54, 18, 107, 81, 12, 239, 206, 253,
       65, 87, 71, 96, 10, 111, 184, 97, 170, 119, 100, 83, 35, 153, 247,
       118, 196, 60, 238, 233, 240, 237, 12, 102, 170, 229, 132, 47, 179,
       98, 33, 155, 94, 70, 189, 18, 150, 110, 182, 180, 194, 66, 215,
       109, 42, 51, 195, 102, 231, 185, 231, 229, 221, 21, 239, 178, 227,
       222, 0, 47, 180, 41, 24, 247, 21, 231, 0, 197, 118, 238, 107, 121,
       194, 235, 87, 88, 108, 30, 191, 253, 135, 218, 191, 189, 247, 61,
       206, 59, 58, 207, 70, 203, 245, 250, 84, 182, 182, 155, 154, 248,
       225, 19, 238, 158, 31, 249, 125, 230, 246, 104, 88, 217, 123, 38,
       17, 63, 111, 138, 119, 152, 150, 31, 127, 152, 75, 166, 147, 17,
       143, 74, 175, 180, 166, 110, 246, 52, 72, 90, 70, 113, 98, 176,
       240, 116, 110, 30, 238, 173, 152, 13, 63, 180, 174, 170, 128, 60,
       243, 121, 9, 87, 77, 79, 175, 18, 134, 222, 49, 165, 194, 227,
       199, 123, 79, 50, 193, 118, 229, 93, 231, 237, 133, 29, 109, 242,
       239, 139, 144, 45, 178, 105, 88, 199, 239, 188, 190, 170, 141,
       156, 188, 159, 187, 17, 249, 252, 254, 216, 107, 135, 115, 125,
       71, 246, 69, 203, 245, 172, 122, 127, 250, 148, 245, 129, 81, 129,
       162, 104, 185, 228, 185, 224, 83, 238, 81, 112, 247, 157, 136,
       246, 43, 106, 11, 22, 157, 151, 56, 198, 209, 70, 25, 50, 232,
       221, 136, 217, 132, 74, 144, 212, 158, 237, 230, 94, 172, 31, 95,
       209, 19, 236, 254, 46, 220, 215, 211, 191, 131, 58, 71, 91, 247,
       157, 118, 223, 111, 150, 87, 165, 87, 38, 61, 252, 179, 173, 125,
       252, 142, 95, 254, 56, 11, 239, 124, 95, 11, 191, 75, 247, 81,
       150, 124, 251, 242, 175, 223, 223, 179, 229, 95, 93, 223, 5, 46,
       173, 181, 164, 47, 101, 155, 126, 255, 30, 85, 214, 41, 91, 11,
       133, 70, 111, 29, 176, 240, 123, 32, 205, 159, 117, 4, 192, 249,
       209, 97, 151, 87, 46, 45, 34, 6, 94, 56, 180, 202, 215, 101, 81,
       122, 183, 123, 246, 101, 125, 231, 237, 213, 145, 14, 226, 235,
       234, 128, 44, 243, 56, 27, 254, 28, 246, 156, 221, 118, 90, 98,
       157, 198, 254, 3, 110, 190, 39, 223, 232, 247, 191, 243, 60, 223,
       209, 238, 219, 247, 222, 3, 167, 125, 124, 95, 186, 92, 182, 190,
       29, 215, 84, 38, 157, 207, 214, 19, 238, 188, 38, 199, 204, 247,
       191, 1, 108, 175, 115, 175, 227, 247, 222, 19, 82, 92, 252, 94,
       30, 60, 230, 247, 21, 254, 122, 80, 189, 198, 86, 3, 237, 255, 55,
       207, 238, 245, 189, 219, 188, 221, 176, 238, 159, 255, 202, 131,
