%YAML:1.0
---
descriptors: !!opencv-matrix
   rows: 258
   cols: 32
   dt: u
   data: [ 105, 188, 173, 220, 121, 247, 145, 166, 214, 255, 76, 8, 188,
       245, 66, 165, 201, 126, 242, 0, 55, 234, 242, 191, 111, 127, 85,
       59, 218, 108, 4, 254, 215, 76, 135, 191, 3, 102, 108, 34, 189,
       194, 194, 151, 125, 102, 53, 239, 101, 229, 57, 239, 101, 197, 63,
       238, 145, 114, 202, 2, 40, 117, 33, 92, 188, 209, 84, 111, 9, 31,
       87, 248, 37, 22, 167, 28, 95, 115, 10, 159, 62, 192, 228, 110,
       104, 229, 27, 61, 211, 219, 65, 21, 107, 183, 78, 34, 56, 254,
       120, 110, 86, 141, 255, 248, 80, 110, 116, 106, 59, 29, 179, 48,
       62, 152, 23, 234, 232, 54, 56, 63, 119, 205, 32, 169, 119, 219,
       126, 235, 199, 237, 232, 151, 236, 56, 110, 167, 187, 243, 31,
       145, 237, 110, 223, 75, 7, 103, 57, 159, 112, 92, 238, 226, 46,
       63, 223, 232, 134, 247, 217, 84, 152, 143, 127, 45, 50, 234, 39,
       182, 100, 76, 106, 97, 117, 119, 33, 80, 118, 115, 37, 224, 32,
       152, 1, 63, 225, 167, 34, 0, 48, 210, 37, 235, 126, 28, 246, 244,
       205, 118, 126, 50, 177, 166, 250, 3, 9, 191, 119, 222, 237, 247,
       191, 194, 60, 219, 145, 234, 31, 255, 215, 3, 167, 229, 124, 94,
       46, 255, 181, 155, 253, 157, 210, 248, 223, 89, 121, 77, 238, 253,
       124, 132, 221, 107, 183, 87, 199, 104, 250, 241, 47, 94, 85, 251,
       210, 110, 220, 255, 34, 221, 52, 157, 255, 159, 182, 230, 159, 25,
       124, 34, 172, 190, 33, 132, 239, 123, 147, 81, 178, 184, 66, 255,
       37, 22, 30, 131, 215, 93, 13, 159, 130, 193, 50, 152, 239, 221,
       184, 239, 143, 21, 16, 19, 172, 222, 110, 198, 227, 19, 187, 81,
       86, 45, 18, 243, 63, 16, 30, 123, 20, 12, 141, 207, 226, 208, 112,
       154, 109, 212, 220, 175, 155, 29, 240, 27, 172, 222, 110, 212,
       203, 179, 151, 129, 78, 14, 210, 247, 189, 16, 158, 107, 22, 12,
       189, 222, 2, 156, 149, 159, 167, 111, 180, 15, 94, 27, 90, 48,
       236, 58, 33, 200, 247, 59, 51, 0, 51, 248, 19, 203, 13, 22, 94, 2,
       144, 104, 129, 171, 82, 188, 159, 188, 201, 228, 77, 103, 179,
       218, 128, 29, 60, 183, 96, 95, 225, 175, 121, 140, 121, 79, 146,
       90, 153, 243, 223, 62, 152, 64, 162, 122, 229, 124, 165, 54, 201,
       100, 77, 150, 242, 215, 166, 29, 176, 247, 83, 62, 129, 110, 121,
       158, 57, 206, 250, 34, 205, 250, 223, 40, 136, 113, 230, 122, 44,
       252, 250, 82, 111, 249, 179, 194, 219, 127, 61, 58, 30, 157, 103,
       40, 171, 185, 214, 18, 70, 39, 42, 242, 95, 223, 21, 127, 215, 89,
       79, 231, 229, 107, 193, 69, 164, 27, 71, 148, 114, 162, 162, 204,
       211, 0, 209, 180, 16, 236, 108, 126, 233, 246, 237, 10, 172, 206,
       37, 52, 104, 251, 82, 36, 90, 16, 123, 236, 74, 114, 25, 75, 37,
       196, 244, 171, 29, 151, 163, 120, 126, 149, 159, 160, 9, 135, 52,
       204, 210, 161, 138, 187, 61, 32, 39, 114, 94, 28, 230, 214, 133,
       246, 122, 18, 181, 134, 206, 3, 105, 191, 55, 222, 100, 246, 253,
       218, 172, 217, 177, 234, 219, 127, 222, 131, 167, 245, 124, 90, 5,
       93, 127, 71, 114, 79, 239, 248, 124, 172, 126, 226, 87, 119, 129,
       49, 62, 124, 86, 110, 225, 176, 45, 110, 101, 142, 37, 128, 101,
       179, 71, 225, 17, 159, 29, 173, 60, 143, 157, 127, 30, 121, 208,
       100, 190, 147, 160, 97, 230, 59, 95, 9, 99, 9, 3, 221, 209, 211,
       58, 190, 24, 8, 129, 187, 119, 255, 140, 135, 188, 27, 198, 184,
       23, 168, 179, 239, 194, 121, 201, 130, 217, 228, 108, 110, 108,
       225, 201, 42, 186, 182, 229, 151, 105, 59, 88, 7, 252, 56, 187,
       240, 137, 237, 81, 210, 171, 123, 164, 24, 31, 159, 67, 59, 161,
       147, 221, 16, 59, 111, 186, 176, 219, 217, 81, 123, 250, 65, 71,
       115, 61, 132, 107, 200, 150, 243, 235, 250, 86, 65, 255, 18, 81,
       233, 184, 96, 121, 218, 23, 185, 186, 179, 45, 255, 122, 175, 163,
       196, 183, 203, 112, 160, 139, 188, 59, 251, 49, 172, 57, 119, 190,
       89, 70, 84, 188, 151, 32, 96, 167, 59, 159, 16, 179, 141, 50, 247,
       201, 247, 26, 194, 152, 0, 161, 59, 227, 157, 37, 222, 29, 149,
       201, 63, 95, 2, 224, 80, 186, 88, 52, 245, 216, 178, 58, 136, 235,
       47, 115, 255, 1, 254, 146, 24, 83, 8, 116, 44, 95, 245, 182, 52,
       187, 23, 22, 184, 251, 250, 142, 109, 92, 254, 66, 119, 183, 117,
       252, 117, 165, 195, 191, 222, 248, 119, 111, 190, 138, 103, 41,
       87, 91, 158, 134, 183, 131, 56, 188, 134, 190, 215, 2, 215, 141,
       46, 67, 203, 167, 71, 249, 149, 180, 220, 143, 224, 140, 115, 222,
       195, 172, 85, 169, 95, 59, 143, 106, 143, 86, 150, 111, 255, 117,
       192, 222, 198, 121, 102, 182, 116, 126, 238, 23, 239, 253, 154,
       45, 255, 114, 111, 174, 128, 47, 230, 248, 252, 43, 172, 16, 91,
       217, 149, 138, 239, 222, 9, 240, 84, 168, 232, 54, 165, 141, 43,
       2, 137, 182, 106, 90, 255, 47, 94, 30, 121, 89, 8, 139, 142, 9, 0,
       155, 251, 52, 236, 105, 7, 62, 25, 71, 16, 189, 131, 80, 104, 196,
       59, 63, 152, 18, 152, 242, 209, 197, 253, 186, 193, 128, 128, 161,
       40, 76, 183, 25, 162, 184, 45, 71, 191, 182, 255, 11, 29, 215,
       243, 74, 80, 149, 195, 111, 63, 122, 24, 91, 54, 253, 133, 45,
       124, 184, 106, 133, 115, 118, 209, 240, 171, 253, 84, 118, 237,
       15, 61, 121, 3, 106, 254, 110, 212, 249, 223, 167, 209, 90, 58,
       219, 247, 61, 254, 151, 103, 181, 94, 244, 142, 0, 8, 154, 251,
       52, 236, 113, 3, 254, 13, 67, 16, 191, 131, 40, 72, 195, 43, 45,
       16, 18, 156, 82, 243, 197, 247, 58, 65, 144, 8, 133, 35, 28, 93,
       127, 229, 114, 198, 111, 244, 52, 172, 126, 2, 93, 87, 169, 113,
       126, 253, 23, 234, 224, 145, 40, 108, 247, 175, 163, 132, 33, 179,
       39, 249, 116, 37, 76, 229, 52, 15, 70, 8, 45, 168, 239, 76, 199,
       1, 25, 16, 144, 196, 109, 106, 72, 144, 217, 12, 166, 249, 129,
       21, 44, 251, 90, 0, 190, 79, 103, 230, 4, 66, 206, 244, 112, 168,
       218, 226, 113, 111, 181, 131, 120, 229, 21, 239, 233, 243, 13,
       172, 176, 234, 239, 128, 37, 243, 118, 104, 105, 236, 161, 119,
       201, 236, 77, 135, 114, 219, 40, 24, 178, 183, 81, 58, 129, 126,
       120, 28, 27, 78, 243, 35, 45, 158, 149, 104, 192, 80, 198, 250,
       71, 249, 141, 183, 138, 228, 45, 135, 190, 215, 3, 151, 237, 238,
       91, 107, 39, 103, 121, 215, 183, 216, 191, 225, 140, 50, 223, 192,
       172, 117, 169, 116, 75, 54, 184, 172, 104, 36, 27, 26, 139, 236,
       28, 237, 156, 239, 243, 26, 150, 77, 125, 61, 133, 3, 162, 200,
       210, 29, 41, 188, 156, 247, 3, 113, 83, 56, 82, 48, 139, 248, 16,
       67, 235, 209, 160, 24, 46, 250, 102, 254, 166, 183, 204, 17, 31,
       107, 150, 192, 147, 208, 26, 123, 201, 68, 43, 15, 109, 108, 229,
       87, 172, 239, 239, 146, 94, 186, 55, 8, 243, 49, 213, 111, 1, 102,
       120, 90, 193, 248, 253, 184, 111, 58, 245, 48, 198, 251, 80, 40,
       55, 61, 41, 34, 149, 255, 208, 203, 79, 105, 156, 8, 158, 28, 95,
       172, 153, 147, 222, 17, 159, 169, 125, 180, 155, 93, 16, 119, 213,
       79, 221, 126, 106, 88, 182, 254, 77, 244, 88, 150, 153, 135, 238,
       5, 234, 255, 55, 222, 204, 246, 251, 192, 12, 235, 210, 232, 147,
       255, 214, 27, 130, 93, 124, 30, 172, 145, 60, 235, 189, 253, 209,
       185, 206, 125, 189, 24, 222, 125, 122, 224, 201, 18, 255, 121,
       154, 40, 123, 183, 207, 219, 67, 127, 210, 11, 221, 114, 101, 2,
       249, 53, 228, 59, 113, 10, 114, 247, 43, 185, 131, 56, 199, 90,
       51, 204, 96, 149, 180, 118, 237, 66, 78, 223, 81, 101, 229, 225,
       70, 198, 19, 143, 111, 79, 20, 178, 207, 246, 116, 76, 222, 131,
       113, 111, 150, 112, 124, 230, 31, 239, 252, 138, 109, 239, 114,
       111, 174, 128, 37, 247, 240, 232, 45, 52, 188, 99, 61, 127, 211,
       218, 206, 245, 189, 10, 158, 124, 95, 42, 153, 16, 90, 25, 139,
       97, 121, 178, 207, 221, 7, 118, 208, 75, 85, 242, 61, 93, 119, 78,
       185, 95, 71, 184, 229, 140, 191, 12, 107, 103, 141, 182, 92, 240,
       236, 106, 201, 161, 121, 190, 251, 223, 5, 22, 99, 247, 110, 116,
