%YAML:1.0
---
descriptors: !!opencv-matrix
   rows: 151
   cols: 32
   dt: u
   data: [ 37, 103, 221, 101, 100, 15, 239, 184, 64, 168, 122, 236, 211,
       97, 217, 35, 30, 76, 100, 110, 209, 240, 205, 8, 228, 168, 101,
       164, 76, 251, 210, 161, 223, 248, 237, 36, 10, 90, 95, 184, 33,
       254, 150, 171, 95, 55, 195, 55, 38, 212, 253, 234, 109, 85, 237,
       32, 211, 193, 101, 181, 39, 247, 6, 115, 79, 50, 186, 64, 233,
       124, 57, 88, 171, 253, 53, 61, 14, 158, 207, 190, 167, 87, 221,
       54, 150, 69, 170, 64, 219, 217, 25, 255, 194, 101, 15, 215, 147,
       223, 78, 189, 18, 130, 44, 183, 180, 64, 66, 247, 117, 35, 162,
       67, 102, 103, 43, 228, 228, 221, 21, 111, 102, 35, 254, 128, 61,
       176, 169, 152, 40, 254, 184, 229, 253, 223, 84, 150, 99, 252, 60,
       77, 159, 61, 67, 146, 141, 254, 253, 92, 206, 122, 209, 56, 239,
       219, 53, 53, 202, 248, 78, 219, 137, 22, 55, 45, 34, 126, 173, 59,
       124, 74, 114, 244, 221, 118, 136, 253, 150, 21, 116, 44, 177, 148,
       117, 95, 133, 171, 106, 132, 72, 160, 163, 117, 248, 184, 159,
       242, 168, 237, 81, 87, 167, 123, 164, 25, 55, 151, 64, 27, 129,
       178, 125, 24, 58, 111, 18, 48, 219, 201, 116, 121, 224, 192, 198,
       27, 82, 185, 159, 248, 11, 193, 17, 200, 171, 29, 164, 41, 174,
       215, 96, 82, 230, 177, 239, 208, 10, 11, 178, 241, 219, 209, 10,
       123, 16, 2, 39, 59, 202, 184, 150, 248, 105, 236, 80, 67, 187, 27,
       160, 24, 174, 155, 100, 155, 165, 179, 235, 16, 50, 111, 146, 241,
       211, 219, 82, 123, 210, 0, 167, 10, 32, 121, 123, 103, 116, 207,
       119, 252, 125, 168, 124, 72, 118, 87, 1, 48, 156, 120, 86, 106,
       193, 176, 56, 60, 103, 156, 37, 32, 67, 178, 70, 251, 248, 168,
       150, 240, 141, 235, 80, 227, 239, 177, 160, 27, 175, 187, 68, 155,
       233, 247, 234, 144, 62, 111, 82, 245, 155, 210, 87, 115, 225, 8,
       206, 10, 248, 168, 157, 240, 169, 237, 81, 159, 163, 123, 160, 24,
       183, 183, 64, 59, 129, 147, 125, 8, 59, 79, 250, 49, 209, 219, 85,
       120, 192, 64, 198, 42, 157, 150, 213, 231, 246, 38, 239, 188, 22,
       234, 91, 246, 221, 119, 153, 228, 127, 95, 55, 174, 241, 244, 77,
       238, 236, 239, 239, 132, 175, 243, 33, 185, 32, 164, 29, 113, 96,
       237, 113, 55, 168, 63, 107, 25, 183, 51, 0, 27, 129, 26, 67, 8,
       48, 252, 81, 7, 71, 155, 112, 64, 64, 200, 70, 138, 249, 58, 123,
       88, 43, 221, 80, 86, 235, 125, 180, 60, 42, 150, 198, 63, 167,
       187, 196, 16, 159, 111, 178, 208, 219, 249, 48, 251, 98, 128, 70,
       127, 86, 178, 172, 181, 170, 34, 60, 143, 174, 191, 131, 181, 197,
       47, 78, 90, 167, 215, 237, 149, 56, 205, 139, 64, 216, 227, 255,
       215, 128, 112, 167, 19, 41, 96, 125, 65, 85, 94, 99, 16, 117, 96,
       242, 64, 211, 9, 20, 240, 120, 140, 110, 72, 137, 176, 245, 0, 39,
       191, 128, 0, 73, 136, 82, 160, 40, 180, 29, 120, 73, 237, 81, 75,
       186, 27, 105, 24, 182, 247, 64, 57, 129, 59, 87, 16, 59, 110, 210,
       23, 221, 223, 80, 120, 208, 64, 135, 186, 202, 168, 146, 248, 203,
       237, 16, 71, 187, 19, 160, 24, 174, 155, 96, 159, 163, 51, 233,
       16, 50, 111, 146, 211, 155, 210, 90, 123, 146, 64, 47, 138, 2,
       159, 18, 171, 149, 167, 58, 103, 29, 5, 75, 71, 236, 226, 40, 192,
       221, 43, 139, 181, 54, 152, 81, 255, 173, 246, 138, 66, 152, 78,
       177, 26, 199, 158, 133, 183, 162, 160, 172, 134, 190, 215, 75,
       247, 237, 102, 219, 107, 39, 103, 123, 151, 183, 220, 191, 226,
       172, 50, 222, 192, 172, 245, 161, 92, 45, 241, 129, 231, 213, 15,
       111, 248, 86, 162, 227, 78, 211, 113, 25, 229, 89, 204, 50, 238,
       233, 242, 89, 62, 237, 207, 199, 36, 251, 187, 114, 160, 116, 97,
       25, 110, 8, 79, 71, 136, 32, 160, 161, 8, 215, 83, 9, 48, 152,
       220, 88, 106, 72, 34, 249, 24, 241, 137, 1, 56, 112, 51, 70, 34,
       73, 191, 191, 244, 161, 188, 112, 55, 169, 89, 126, 93, 191, 191,
       2, 242, 165, 55, 253, 1, 159, 201, 179, 129, 207, 255, 114, 216,
       138, 68, 139, 91, 19, 141, 242, 74, 147, 223, 94, 207, 127, 77,
       254, 7, 42, 174, 182, 244, 253, 171, 174, 220, 158, 153, 61, 255,
       59, 126, 20, 211, 155, 198, 236, 94, 64, 32, 27, 101, 36, 76, 85,
       21, 104, 0, 235, 8, 247, 53, 8, 114, 144, 212, 108, 40, 72, 240,
       209, 12, 229, 249, 96, 16, 96, 170, 70, 34, 73, 61, 156, 245, 184,
       46, 92, 55, 51, 155, 174, 29, 191, 51, 3, 91, 135, 167, 108, 12,
       60, 73, 209, 8, 235, 255, 118, 17, 136, 224, 139, 11, 211, 22,
       175, 149, 134, 38, 173, 55, 52, 231, 66, 215, 85, 38, 179, 107,
       103, 199, 57, 173, 185, 221, 53, 74, 128, 38, 254, 128, 173, 113,
       177, 124, 57, 30, 225, 101, 54, 91, 203, 58, 87, 233, 254, 238,
       115, 60, 149, 164, 127, 236, 118, 173, 169, 250, 109, 159, 62,
       239, 165, 192, 239, 168, 80, 245, 92, 9, 191, 253, 170, 106, 21,
       7, 230, 157, 162, 32, 215, 115, 1, 122, 224, 119, 125, 16, 24,
       201, 67, 32, 233, 167, 126, 17, 128, 114, 167, 35, 137, 166, 244,
       29, 101, 59, 249, 63, 127, 175, 118, 245, 174, 40, 150, 141, 159,
       47, 230, 12, 180, 252, 103, 207, 78, 127, 114, 130, 70, 204, 75,
       205, 240, 32, 157, 116, 137, 237, 65, 7, 227, 179, 166, 24, 183,
       179, 64, 59, 129, 246, 108, 24, 58, 79, 210, 32, 217, 235, 85,
       121, 160, 64, 70, 42, 57, 143, 79, 111, 150, 10, 111, 183, 116, 0,
       110, 194, 115, 97, 177, 112, 122, 230, 12, 238, 105, 184, 13, 47,
       224, 239, 164, 0, 53, 242, 240, 40, 190, 188, 228, 223, 207, 245,
       144, 235, 23, 255, 212, 63, 104, 252, 111, 239, 221, 255, 179,
       129, 238, 126, 251, 211, 31, 87, 223, 255, 183, 108, 28, 223, 86,
       37, 113, 103, 83, 78, 127, 104, 57, 228, 235, 137, 91, 127, 12,
       48, 50, 221, 81, 238, 72, 144, 185, 78, 247, 254, 1, 3, 99, 226,
       70, 98, 227, 168, 123, 88, 234, 233, 89, 71, 235, 83, 160, 152,
       54, 158, 68, 59, 135, 191, 84, 16, 159, 111, 182, 113, 27, 184,
       80, 122, 96, 128, 198, 126, 92, 48, 27, 168, 43, 75, 19, 72, 174,
       36, 229, 41, 223, 215, 41, 80, 242, 157, 111, 98, 8, 67, 219, 24,
       209, 225, 43, 63, 16, 35, 39, 35, 248, 184, 253, 112, 137, 205,
       17, 215, 178, 83, 164, 56, 31, 151, 64, 59, 5, 150, 253, 16, 59,
       79, 178, 17, 219, 203, 112, 125, 234, 128, 134, 50, 76, 117, 57,
       103, 112, 78, 123, 16, 56, 232, 127, 76, 222, 23, 137, 48, 148,
       93, 85, 106, 129, 208, 249, 76, 231, 253, 33, 132, 72, 179, 71,
       51, 2, 142, 10, 191, 211, 160, 60, 198, 190, 7, 78, 183, 172, 203,
       34, 65, 231, 107, 171, 133, 38, 220, 130, 255, 204, 54, 222, 139,
       158, 84, 169, 223, 254, 126, 237, 84, 98, 122, 127, 146, 177, 246,
       182, 185, 27, 55, 195, 63, 38, 244, 253, 234, 172, 86, 172, 106,
       215, 211, 97, 181, 38, 245, 6, 115, 127, 114, 253, 116, 43, 92,
       89, 16, 227, 222, 183, 237, 123, 223, 223, 255, 166, 213, 253,
       142, 141, 71, 230, 128, 211, 249, 113, 187, 174, 244, 46, 127,
       236, 100, 157, 103, 136, 47, 71, 136, 114, 178, 171, 24, 215, 113,
       73, 91, 17, 196, 104, 106, 40, 68, 201, 18, 229, 243, 69, 52, 162,
       251, 194, 34, 87, 186, 140, 183, 168, 42, 28, 156, 174, 251, 131,
       245, 247, 107, 90, 90, 135, 71, 253, 149, 30, 73, 219, 33, 140,
       227, 255, 212, 140, 113, 139, 27, 52, 101, 121, 71, 210, 79, 239,
       40, 43, 160, 42, 10, 86, 125, 85, 48, 58, 221, 83, 99, 65, 240,
       217, 94, 61, 140, 5, 52, 97, 58, 71, 34, 240, 162, 156, 176, 8,
       169, 0, 78, 138, 179, 160, 125, 166, 128, 64, 27, 129, 3, 108, 16,
       43, 111, 202, 16, 152, 146, 85, 126, 216, 8, 3, 10, 40, 252, 188,
       117, 61, 159, 85, 150, 231, 188, 190, 13, 191, 185, 67, 18, 129,
       246, 237, 8, 136, 105, 208, 25, 235, 223, 53, 49, 202, 184, 74,
       11, 217, 2, 156, 116, 40, 124, 84, 50, 225, 94, 166, 29, 223, 35,
       2, 91, 129, 196, 236, 14, 44, 69, 211, 0, 211, 251, 112, 17, 232,
       240, 78, 82, 67, 185, 183, 154, 43, 205, 185, 140, 174, 93, 128,
