%YAML:1.0
---
descriptors: !!opencv-matrix
   rows: 368
   cols: 32
   dt: u
   data: [ 167, 247, 237, 79, 250, 23, 143, 189, 95, 250, 93, 254, 88,
       108, 159, 39, 23, 79, 118, 111, 245, 240, 239, 255, 44, 58, 101,
       182, 125, 255, 129, 245, 0, 103, 158, 125, 146, 139, 37, 119, 52,
       131, 110, 228, 183, 163, 32, 144, 54, 58, 66, 8, 97, 152, 1, 14,
       228, 167, 52, 0, 104, 208, 139, 169, 124, 140, 157, 85, 137, 126,
       69, 167, 255, 179, 166, 24, 247, 51, 4, 127, 129, 246, 104, 24,
       57, 233, 115, 36, 203, 251, 85, 81, 194, 112, 196, 40, 88, 76,
       156, 181, 32, 14, 124, 55, 60, 170, 246, 13, 255, 51, 2, 82, 131,
       231, 108, 44, 104, 248, 209, 10, 238, 231, 103, 17, 168, 240, 139,
       3, 125, 79, 23, 101, 180, 26, 103, 178, 116, 160, 234, 64, 211,
       49, 145, 244, 88, 100, 44, 106, 73, 184, 105, 46, 164, 239, 165,
       4, 34, 251, 112, 32, 3, 221, 42, 141, 21, 150, 235, 247, 20, 77,
       92, 199, 168, 172, 54, 96, 204, 43, 147, 205, 207, 184, 116, 255,
       101, 60, 154, 130, 21, 28, 240, 222, 82, 185, 159, 248, 219, 193,
       17, 207, 187, 81, 164, 56, 62, 255, 96, 123, 239, 179, 239, 144,
       18, 75, 178, 241, 217, 215, 94, 123, 144, 64, 167, 59, 112, 164,
       156, 114, 136, 237, 72, 47, 254, 179, 173, 24, 147, 231, 72, 123,
       129, 150, 104, 24, 58, 75, 250, 21, 219, 211, 85, 125, 192, 64,
       206, 34, 130, 179, 26, 156, 115, 193, 188, 87, 62, 13, 86, 247,
       188, 159, 160, 64, 230, 59, 147, 129, 114, 157, 2, 215, 240, 55,
       62, 203, 28, 0, 165, 155, 16, 153, 191, 126, 2, 204, 55, 231, 172,
       65, 110, 1, 54, 183, 32, 114, 166, 51, 123, 64, 82, 153, 50, 101,
       241, 173, 22, 2, 112, 2, 167, 251, 65, 185, 191, 117, 160, 236,
       117, 39, 232, 233, 110, 0, 182, 188, 18, 114, 128, 63, 121, 1,
       213, 248, 242, 45, 207, 191, 116, 3, 192, 64, 135, 107, 73, 121,
       191, 117, 65, 207, 117, 182, 168, 168, 98, 8, 183, 53, 1, 58, 128,
       116, 121, 72, 65, 248, 177, 44, 229, 143, 117, 16, 192, 58, 67,
       43, 80, 189, 62, 252, 146, 196, 53, 103, 184, 17, 66, 33, 60, 191,
       32, 81, 163, 63, 121, 129, 82, 201, 146, 77, 241, 163, 90, 67, 40,
       0, 167, 58, 244, 44, 153, 101, 184, 47, 71, 152, 18, 162, 175, 24,
       215, 51, 65, 57, 145, 124, 104, 106, 105, 112, 217, 26, 229, 159,
       5, 52, 240, 251, 194, 34, 221, 124, 157, 165, 137, 78, 71, 178,
       234, 242, 42, 8, 215, 51, 65, 90, 161, 100, 104, 126, 105, 125,
       217, 42, 233, 135, 101, 52, 168, 113, 3, 58, 128, 136, 159, 185,
       48, 238, 112, 39, 190, 27, 98, 17, 182, 179, 32, 90, 161, 35, 105,
       28, 50, 141, 19, 119, 205, 182, 90, 64, 192, 0, 129, 10, 237, 170,
       160, 27, 237, 157, 204, 159, 206, 123, 160, 92, 162, 232, 94, 191,
       201, 10, 106, 29, 254, 107, 219, 49, 13, 24, 85, 124, 218, 76,
       218, 140, 96, 41, 159, 117, 221, 174, 100, 167, 250, 179, 106, 8,
       146, 177, 68, 123, 193, 110, 104, 24, 24, 248, 210, 40, 111, 186,
       85, 64, 192, 113, 210, 170, 101, 224, 209, 69, 84, 76, 227, 152,
       115, 248, 96, 72, 82, 193, 221, 182, 24, 204, 0, 126, 75, 114,
       248, 8, 15, 152, 133, 108, 67, 178, 66, 160, 213, 57, 185, 236,
       180, 78, 90, 24, 114, 192, 106, 8, 215, 255, 81, 112, 176, 205,
       124, 125, 13, 120, 241, 8, 255, 237, 39, 28, 224, 242, 67, 2, 146,
       79, 22, 190, 178, 162, 30, 230, 180, 15, 202, 241, 229, 103, 161,
       65, 103, 243, 13, 199, 42, 141, 11, 111, 224, 166, 190, 128, 144,
       209, 165, 9, 191, 103, 96, 78, 120, 27, 206, 121, 89, 96, 249,
       206, 107, 72, 159, 180, 30, 168, 86, 111, 237, 163, 76, 223, 50,
       92, 1, 60, 127, 190, 74, 132, 223, 95, 235, 37, 162, 62, 63, 185,
       41, 234, 31, 237, 93, 126, 151, 179, 55, 245, 85, 239, 229, 144,
       189, 202, 106, 127, 109, 150, 47, 247, 139, 85, 129, 8, 123, 89,
       36, 142, 105, 18, 127, 2, 118, 16, 251, 3, 148, 125, 91, 174, 110,
       136, 137, 188, 247, 112, 199, 250, 82, 0, 98, 136, 69, 168, 208,
       48, 26, 184, 106, 201, 16, 72, 174, 6, 176, 57, 31, 222, 32, 89,
       238, 177, 207, 32, 12, 39, 130, 80, 209, 211, 91, 63, 16, 0, 47,
       19, 236, 237, 180, 119, 141, 46, 215, 143, 115, 179, 175, 24, 210,
       121, 93, 59, 153, 198, 104, 58, 58, 118, 203, 34, 127, 158, 85,
       53, 195, 121, 210, 34, 68, 63, 155, 118, 240, 203, 55, 113, 171,
       172, 63, 104, 22, 247, 225, 16, 182, 125, 108, 82, 80, 219, 168,
       46, 249, 149, 37, 251, 64, 163, 7, 35, 173, 141, 1, 77, 221, 31,
       198, 57, 87, 232, 249, 92, 211, 104, 20, 164, 216, 236, 82, 111,
       253, 54, 93, 31, 47, 92, 133, 116, 91, 171, 216, 132, 77, 252,
       185, 247, 176, 236, 127, 148, 171, 233, 187, 40, 255, 191, 64,
       114, 167, 247, 125, 18, 139, 248, 248, 224, 239, 253, 55, 208,
       162, 211, 195, 107, 41, 149, 122, 103, 244, 126, 121, 57, 117,
       105, 127, 48, 223, 63, 138, 112, 182, 159, 87, 40, 177, 184, 49,
       71, 199, 255, 50, 193, 106, 130, 194, 243, 124, 182, 188, 48, 141,
       61, 86, 138, 171, 191, 168, 29, 206, 248, 79, 154, 129, 213, 237,
       115, 30, 99, 218, 144, 219, 215, 69, 127, 194, 125, 222, 67, 111,
       255, 228, 86, 239, 221, 222, 190, 251, 255, 60, 237, 104, 252,
       223, 182, 143, 255, 245, 215, 247, 106, 254, 243, 62, 95, 205,
       251, 207, 245, 222, 223, 65, 77, 191, 101, 164, 42, 108, 183, 108,
       42, 122, 64, 247, 33, 145, 120, 147, 102, 108, 14, 201, 176, 193,
       9, 228, 255, 118, 0, 76, 242, 193, 40, 123, 255, 229, 92, 59, 220,
       93, 190, 251, 252, 158, 173, 43, 191, 214, 246, 135, 247, 253, 92,
       239, 73, 247, 255, 187, 127, 85, 191, 62, 244, 78, 127, 9, 158,
       253, 249, 228, 234, 109, 182, 117, 23, 126, 244, 211, 39, 144,
       112, 119, 190, 62, 12, 179, 184, 229, 82, 205, 171, 182, 192, 101,
       200, 196, 113, 236, 100, 157, 231, 137, 45, 69, 136, 18, 179, 171,
       24, 215, 115, 73, 91, 209, 198, 104, 58, 56, 68, 219, 34, 201,
       243, 85, 60, 128, 123, 192, 34, 84, 225, 157, 118, 153, 76, 67,
       136, 162, 177, 163, 24, 246, 243, 72, 122, 145, 70, 104, 90, 90,
       65, 219, 49, 233, 174, 85, 124, 128, 115, 194, 34, 45, 166, 208,
       91, 245, 63, 102, 251, 125, 171, 125, 92, 202, 99, 140, 188, 153,
       202, 198, 40, 185, 182, 89, 190, 63, 223, 21, 118, 202, 255, 202,
       165, 72, 248, 157, 83, 225, 200, 53, 135, 234, 123, 39, 56, 190,
       55, 200, 59, 131, 22, 106, 16, 83, 120, 178, 97, 69, 185, 116, 66,
       192, 80, 199, 171, 218, 174, 27, 184, 235, 225, 61, 207, 175, 22,
       130, 187, 12, 231, 32, 89, 231, 151, 239, 129, 48, 79, 138, 210,
       241, 113, 223, 159, 144, 84, 165, 115, 139, 62, 227, 85, 247, 62,
       255, 183, 113, 234, 86, 246, 57, 61, 151, 165, 55, 126, 149, 174,
       245, 248, 181, 174, 102, 255, 245, 128, 239, 245, 218, 253, 190,
       253, 40, 170, 159, 225, 151, 237, 19, 245, 157, 171, 79, 204, 90,
       0, 155, 219, 215, 211, 94, 106, 218, 183, 251, 197, 141, 255, 245,
       94, 150, 242, 163, 222, 106, 223, 84, 135, 234, 208, 95, 70, 84,
       198, 113, 216, 183, 96, 93, 232, 19, 207, 231, 190, 124, 255, 55,
       62, 130, 138, 29, 155, 120, 221, 206, 31, 254, 245, 186, 186, 126,
       183, 181, 151, 222, 181, 207, 239, 163, 219, 167, 247, 237, 148,
       124, 217, 138, 234, 238, 247, 239, 129, 166, 244, 173, 83, 228,
       168, 157, 250, 205, 237, 195, 136, 218, 187, 177, 24, 242, 249,
       72, 27, 201, 242, 126, 90, 59, 111, 219, 51, 221, 154, 245, 120,
       216, 75, 210, 34, 248, 168, 252, 112, 173, 253, 81, 223, 227, 183,
       164, 24, 51, 249, 80, 59, 137, 242, 204, 8, 42, 111, 234, 49, 219,
       203, 117, 125, 227, 200, 206, 42, 193, 15, 73, 101, 52, 10, 79,
       55, 96, 160, 190, 204, 243, 33, 144, 114, 22, 230, 124, 110, 201,
       184, 229, 46, 228, 172, 164, 144, 45, 242, 210, 56, 244, 36, 29,
       117, 168, 105, 85, 57, 161, 186, 163, 56, 215, 51, 73, 91, 131,
       20, 108, 34, 104, 71, 235, 0, 209, 227, 117, 55, 96, 250, 70, 43,
