%YAML:1.0
---
descriptors: !!opencv-matrix
   rows: 263
   cols: 32
   dt: u
   data: [ 40, 42, 208, 80, 121, 217, 17, 71, 235, 189, 188, 40, 46, 163,
       196, 158, 137, 178, 198, 16, 24, 107, 98, 56, 90, 213, 49, 123,
       194, 8, 78, 171, 90, 162, 208, 54, 106, 72, 89, 9, 171, 183, 165,
       185, 47, 231, 200, 151, 7, 215, 236, 16, 10, 75, 202, 65, 218,
       243, 85, 191, 162, 192, 142, 89, 218, 92, 159, 188, 42, 224, 55,
       34, 172, 158, 146, 179, 237, 191, 33, 203, 230, 117, 237, 195,
       104, 197, 3, 106, 209, 227, 106, 147, 32, 113, 37, 123, 49, 12,
       122, 222, 148, 135, 230, 117, 215, 3, 220, 2, 113, 233, 176, 96,
       88, 170, 6, 9, 250, 187, 76, 191, 122, 174, 166, 72, 53, 250, 240,
       160, 205, 157, 87, 215, 176, 156, 110, 179, 253, 202, 127, 116,
       253, 115, 164, 247, 166, 103, 62, 74, 241, 216, 58, 239, 46, 255,
       102, 128, 14, 242, 137, 61, 189, 93, 125, 111, 46, 95, 199, 252,
       69, 202, 244, 110, 123, 93, 157, 55, 94, 208, 86, 106, 233, 166,
       125, 173, 115, 233, 101, 16, 127, 187, 118, 249, 45, 198, 82, 202,
       108, 9, 110, 200, 207, 18, 120, 74, 65, 195, 237, 212, 123, 200,
       2, 110, 66, 34, 14, 219, 52, 172, 161, 44, 61, 251, 88, 128, 173,
       71, 96, 174, 252, 31, 207, 120, 87, 14, 245, 255, 99, 232, 183,
       129, 92, 232, 71, 111, 252, 38, 111, 190, 118, 121, 225, 184, 87,
       189, 122, 197, 232, 108, 254, 116, 141, 237, 87, 134, 243, 182,
       166, 8, 178, 177, 71, 59, 137, 246, 108, 88, 40, 111, 243, 34,
       219, 251, 84, 25, 194, 249, 86, 106, 92, 56, 250, 255, 130, 114,
       53, 203, 114, 103, 247, 51, 95, 63, 11, 88, 115, 223, 189, 129,
       29, 210, 169, 98, 211, 231, 126, 135, 165, 115, 175, 83, 2, 139,
       75, 187, 178, 130, 43, 229, 54, 5, 83, 231, 245, 199, 168, 64,
       119, 59, 15, 145, 114, 152, 15, 127, 236, 38, 190, 193, 180, 2,
       165, 249, 197, 241, 29, 107, 104, 77, 97, 156, 170, 120, 97, 76,
       215, 211, 72, 51, 128, 84, 104, 106, 67, 80, 250, 49, 173, 168,
       101, 108, 72, 51, 3, 177, 173, 40, 125, 103, 20, 111, 99, 16, 117,
       232, 247, 8, 243, 17, 21, 56, 88, 236, 70, 106, 41, 180, 121, 62,
       199, 239, 33, 0, 99, 171, 66, 96, 65, 61, 191, 37, 32, 206, 109,
       55, 236, 232, 46, 8, 182, 61, 18, 50, 128, 39, 125, 13, 209, 184,
       241, 15, 229, 190, 52, 16, 72, 64, 195, 122, 124, 168, 16, 122,
       137, 237, 80, 230, 139, 21, 168, 24, 46, 211, 96, 146, 129, 251,
       232, 16, 26, 107, 202, 179, 219, 213, 21, 123, 210, 9, 206, 10,
       146, 30, 14, 188, 46, 128, 186, 98, 141, 78, 210, 167, 172, 142,
       55, 65, 238, 99, 191, 199, 108, 141, 2, 255, 130, 114, 218, 139,
       21, 5, 61, 223, 213, 209, 93, 231, 180, 10, 79, 188, 36, 160, 243,
       68, 247, 115, 137, 115, 118, 228, 124, 106, 249, 208, 121, 45,
       252, 235, 231, 148, 44, 179, 192, 49, 196, 237, 145, 250, 236,
       169, 175, 247, 236, 18, 24, 26, 189, 235, 121, 66, 107, 227, 74,
       138, 114, 47, 154, 243, 125, 220, 14, 104, 148, 248, 161, 160, 88,
       4, 158, 60, 168, 46, 68, 183, 252, 26, 34, 88, 223, 35, 0, 219,
       161, 198, 108, 46, 121, 229, 147, 12, 210, 243, 118, 0, 72, 240,
       203, 0, 100, 95, 158, 190, 168, 172, 23, 164, 155, 158, 169, 104,
       246, 243, 33, 91, 197, 119, 109, 66, 104, 67, 202, 41, 241, 178,
       101, 26, 144, 123, 128, 35, 233, 166, 224, 31, 228, 187, 236, 55,
       123, 239, 119, 189, 239, 232, 223, 220, 147, 110, 230, 13, 228,
       252, 239, 179, 14, 127, 117, 176, 198, 252, 95, 205, 248, 173, 22,
       184, 141, 237, 80, 235, 183, 182, 160, 25, 14, 187, 100, 155, 233,
       179, 236, 17, 62, 111, 194, 181, 155, 211, 85, 127, 211, 76, 110,
       10, 44, 126, 184, 101, 189, 47, 94, 154, 43, 236, 188, 77, 159,
       61, 67, 26, 141, 220, 253, 126, 142, 112, 209, 56, 239, 223, 37,
       53, 202, 251, 78, 211, 86, 170, 212, 200, 43, 81, 152, 200, 143,
       189, 145, 171, 136, 142, 199, 198, 239, 213, 239, 209, 78, 67,
       207, 208, 154, 80, 175, 255, 151, 38, 47, 151, 68, 132, 189, 247,
       164, 78, 103, 188, 126, 250, 47, 16, 215, 117, 24, 123, 145, 70,
       121, 42, 104, 240, 251, 34, 237, 191, 117, 20, 192, 250, 213, 106,
       244, 224, 253, 116, 169, 79, 85, 169, 251, 178, 164, 24, 118, 113,
       73, 59, 129, 212, 108, 56, 104, 101, 251, 26, 251, 219, 85, 55,
       66, 176, 198, 34, 96, 65, 63, 103, 36, 78, 71, 56, 100, 44, 227,
       8, 215, 23, 8, 112, 144, 212, 108, 106, 105, 240, 241, 12, 229,
       235, 96, 20, 64, 170, 70, 98, 163, 48, 125, 80, 236, 253, 208, 82,
       235, 251, 176, 125, 54, 156, 212, 59, 135, 151, 124, 17, 183, 111,
       190, 80, 19, 24, 81, 58, 205, 200, 66, 119, 184, 164, 25, 248,
       137, 225, 81, 79, 54, 7, 224, 24, 183, 247, 64, 24, 249, 187, 73,
       144, 59, 79, 242, 19, 217, 199, 16, 121, 176, 64, 166, 122, 130,
       233, 163, 190, 197, 196, 175, 230, 20, 15, 80, 3, 32, 189, 52, 68,
       249, 91, 19, 195, 106, 191, 154, 227, 113, 54, 158, 139, 5, 31,
       180, 234, 40, 50, 208, 80, 122, 217, 144, 79, 235, 165, 180, 168,
       174, 132, 198, 148, 139, 59, 198, 16, 22, 107, 230, 81, 30, 213,
       21, 123, 195, 128, 207, 191, 104, 40, 149, 21, 137, 109, 65, 15,
       174, 183, 162, 28, 231, 227, 64, 159, 1, 230, 104, 12, 57, 73,
       251, 49, 141, 162, 85, 112, 202, 96, 194, 40, 231, 65, 106, 206,
       207, 147, 238, 237, 93, 162, 85, 138, 105, 236, 191, 228, 122,
       232, 51, 238, 244, 7, 46, 255, 55, 127, 205, 173, 55, 191, 216,
       132, 0, 111, 134, 177, 228, 169, 109, 103, 190, 150, 90, 131, 141,
       162, 243, 73, 99, 43, 35, 156, 80, 216, 134, 192, 236, 16, 207, 9,
       4, 240, 165, 200, 200, 121, 187, 119, 53, 204, 55, 53, 236, 204,
       46, 8, 190, 149, 0, 50, 128, 118, 121, 73, 65, 185, 176, 43, 229,
       173, 36, 16, 64, 2, 135, 106, 126, 252, 229, 82, 201, 119, 159,
       171, 19, 247, 164, 24, 72, 124, 95, 191, 157, 214, 249, 179, 251,
       103, 251, 178, 59, 94, 213, 126, 195, 117, 214, 118, 117, 160,
       168, 34, 173, 157, 67, 207, 235, 125, 172, 13, 130, 200, 94, 24,
       153, 138, 76, 29, 158, 107, 250, 49, 219, 221, 21, 127, 208, 14,
       218, 70, 116, 97, 25, 104, 8, 79, 71, 40, 52, 160, 227, 8, 215,
       87, 9, 112, 216, 216, 72, 106, 73, 162, 217, 28, 241, 137, 5, 56,
       96, 51, 70, 34, 99, 159, 86, 78, 250, 178, 190, 255, 141, 132,
       254, 231, 72, 238, 174, 213, 127, 247, 142, 226, 156, 139, 44,
       253, 58, 58, 143, 207, 47, 215, 172, 93, 205, 86, 117, 39, 42, 94,
       63, 184, 169, 238, 151, 237, 223, 70, 139, 127, 22, 85, 125, 110,
       229, 69, 253, 74, 230, 251, 109, 148, 46, 247, 3, 113, 147, 84,
       167, 159, 134, 38, 173, 70, 124, 83, 83, 214, 97, 42, 183, 111,
       109, 71, 59, 173, 181, 221, 53, 234, 148, 42, 222, 128, 173, 85,
       177, 220, 133, 178, 229, 69, 228, 26, 233, 27, 117, 104, 118, 230,
       211, 69, 149, 116, 122, 140, 38, 168, 201, 244, 229, 8, 78, 235,
       231, 132, 103, 168, 84, 241, 89, 159, 79, 175, 50, 2, 79, 184, 36,
       72, 218, 231, 119, 99, 176, 80, 118, 228, 29, 239, 201, 137, 13,
       47, 240, 229, 170, 128, 60, 163, 48, 89, 57, 184, 152, 96, 13,
       157, 82, 223, 235, 185, 172, 12, 190, 217, 70, 176, 145, 138, 76,
       28, 143, 107, 218, 179, 155, 221, 21, 126, 90, 74, 74, 14, 37,
       177, 179, 67, 244, 207, 235, 221, 126, 233, 119, 68, 16, 149, 252,
       36, 124, 92, 18, 92, 211, 184, 184, 98, 61, 28, 7, 100, 201, 139,
       211, 241, 169, 188, 148, 117, 241, 191, 118, 246, 125, 11, 118,
       92, 254, 51, 0, 189, 181, 114, 86, 40, 161, 252, 25, 255, 111,
       223, 84, 2, 202, 208, 203, 185, 108, 104, 191, 116, 201, 237, 119,
       134, 235, 150, 42, 8, 182, 177, 65, 26, 137, 114, 104, 82, 16,
       107, 210, 40, 223, 255, 84, 123, 194, 121, 70, 42, 124, 121, 185,
       230, 56, 77, 83, 176, 163, 236, 188, 45, 119, 255, 75, 18, 134,
       245, 125, 99, 136, 35, 248, 40, 251, 197, 33, 187, 104, 187, 6,
       115, 142, 157, 23, 254, 184, 196, 111, 243, 191, 26, 73, 64, 252,
