%YAML:1.0
---
descriptors: !!opencv-matrix
   rows: 246
   cols: 32
   dt: u
   data: [ 45, 92, 253, 101, 100, 79, 231, 16, 80, 238, 246, 10, 115, 61,
       145, 43, 24, 244, 118, 106, 233, 244, 113, 8, 103, 139, 101, 20,
       103, 249, 84, 248, 67, 189, 51, 158, 253, 221, 175, 239, 255, 216,
       88, 72, 236, 254, 252, 164, 151, 107, 122, 61, 215, 9, 190, 253,
       61, 30, 15, 238, 28, 102, 147, 253, 218, 173, 158, 176, 171, 216,
       120, 103, 187, 31, 150, 25, 175, 191, 66, 150, 167, 179, 253, 17,
       118, 77, 162, 227, 187, 243, 94, 219, 162, 68, 175, 207, 36, 103,
       123, 69, 116, 75, 231, 184, 125, 164, 127, 232, 211, 81, 141, 52,
       62, 220, 6, 106, 192, 176, 109, 78, 102, 140, 37, 133, 103, 187,
       70, 161, 107, 123, 254, 255, 109, 221, 249, 86, 141, 236, 244,
       167, 188, 157, 55, 234, 238, 255, 255, 197, 196, 251, 242, 232,
       87, 121, 186, 171, 79, 157, 127, 251, 172, 119, 24, 101, 224, 31,
       126, 56, 61, 172, 122, 237, 207, 107, 139, 144, 150, 221, 197,
       102, 236, 240, 65, 46, 230, 223, 37, 180, 74, 255, 74, 145, 2,
       157, 148, 147, 233, 244, 188, 143, 159, 159, 18, 17, 204, 254,
       126, 143, 135, 83, 187, 145, 54, 73, 155, 226, 45, 22, 95, 199,
       150, 85, 141, 143, 174, 127, 107, 227, 229, 247, 255, 212, 201,
       236, 191, 175, 141, 29, 215, 164, 238, 253, 215, 215, 197, 179,
       124, 232, 119, 89, 175, 167, 7, 255, 247, 243, 98, 99, 104, 165,
       52, 11, 74, 56, 45, 160, 111, 200, 199, 65, 25, 20, 146, 196, 77,
       110, 72, 144, 221, 12, 167, 245, 129, 21, 36, 183, 94, 36, 169,
       190, 160, 27, 213, 181, 234, 207, 94, 29, 52, 125, 168, 202, 214,
       132, 153, 203, 130, 149, 182, 106, 218, 247, 46, 93, 191, 107,
       219, 68, 202, 143, 188, 207, 203, 254, 210, 225, 95, 252, 22, 6,
       252, 163, 97, 231, 41, 80, 127, 251, 135, 242, 122, 7, 40, 63,
       123, 231, 165, 157, 243, 243, 228, 250, 225, 107, 108, 207, 108,
       139, 237, 85, 69, 100, 87, 175, 19, 137, 150, 68, 106, 172, 119,
       207, 200, 190, 197, 128, 118, 41, 162, 128, 109, 154, 216, 200,
       39, 156, 237, 151, 244, 95, 239, 175, 218, 211, 21, 151, 241, 252,
       255, 35, 91, 106, 51, 63, 247, 124, 126, 191, 110, 95, 223, 100,
       221, 252, 209, 252, 60, 85, 127, 238, 221, 70, 95, 248, 181, 140,
       253, 11, 91, 255, 41, 17, 120, 244, 247, 234, 104, 163, 91, 174,
       243, 239, 229, 13, 99, 251, 102, 210, 181, 85, 229, 78, 172, 71,
       207, 216, 86, 250, 153, 66, 83, 124, 253, 35, 95, 196, 54, 235,
       233, 99, 63, 58, 56, 14, 229, 188, 245, 251, 240, 229, 60, 85,
       124, 239, 220, 71, 94, 248, 23, 236, 253, 11, 123, 127, 43, 80,
       89, 220, 215, 98, 104, 35, 89, 31, 243, 239, 165, 61, 115, 251,
       118, 210, 249, 156, 159, 252, 173, 110, 85, 39, 249, 18, 174, 16,
       255, 51, 32, 123, 225, 230, 108, 44, 121, 105, 177, 47, 243, 255,
       82, 16, 242, 112, 224, 42, 17, 134, 111, 233, 22, 170, 105, 23,
       84, 67, 222, 246, 17, 35, 176, 104, 105, 142, 30, 156, 187, 156,
       101, 150, 220, 239, 178, 192, 189, 136, 240, 56, 2, 140, 144, 155,
       213, 229, 178, 207, 30, 3, 88, 19, 172, 250, 36, 196, 217, 59,
       130, 17, 22, 188, 91, 255, 45, 54, 154, 107, 144, 78, 189, 142,
       209, 149, 91, 232, 234, 132, 53, 113, 236, 72, 255, 118, 28, 211,
       168, 112, 182, 19, 94, 32, 209, 139, 160, 197, 240, 185, 34, 202,
       56, 2, 161, 179, 247, 104, 135, 182, 137, 118, 70, 200, 179, 246,
       130, 24, 87, 242, 81, 250, 233, 229, 120, 211, 44, 199, 187, 42,
       153, 246, 207, 59, 160, 117, 54, 102, 114, 188, 177, 210, 251,
       237, 27, 218, 59, 111, 223, 62, 54, 244, 196, 60, 253, 223, 127,
       17, 155, 75, 251, 243, 153, 22, 25, 254, 145, 77, 150, 127, 122,
       177, 152, 232, 57, 221, 82, 72, 171, 45, 173, 9, 47, 223, 72, 144,
       136, 153, 237, 64, 10, 35, 218, 145, 219, 213, 1, 63, 114, 6, 14,
       26, 74, 156, 191, 251, 161, 236, 57, 23, 189, 27, 94, 112, 188,
       183, 32, 122, 135, 51, 189, 16, 18, 88, 146, 227, 207, 247, 122,
       202, 128, 64, 129, 11, 153, 20, 111, 205, 102, 50, 233, 123, 85,
       66, 215, 214, 89, 88, 189, 229, 126, 140, 22, 173, 169, 180, 53,
       207, 20, 235, 234, 132, 63, 232, 120, 164, 244, 119, 232, 198,
       218, 70, 95, 216, 50, 238, 188, 175, 81, 231, 207, 19, 63, 205,
       85, 254, 232, 67, 253, 122, 123, 141, 175, 188, 181, 243, 167,
       241, 202, 57, 180, 145, 233, 157, 184, 71, 171, 255, 52, 29, 174,
       158, 70, 159, 167, 59, 255, 17, 214, 79, 210, 208, 159, 88, 90,
       43, 194, 68, 143, 223, 30, 131, 98, 139, 126, 145, 170, 249, 132,
       12, 215, 231, 201, 78, 190, 194, 110, 129, 223, 231, 206, 131, 77,
       205, 62, 4, 174, 205, 55, 142, 60, 213, 12, 180, 188, 243, 205,
       253, 176, 203, 223, 59, 45, 24, 142, 253, 74, 44, 137, 27, 234,
       16, 54, 106, 123, 247, 207, 215, 21, 127, 210, 72, 143, 130, 18,
       147, 111, 248, 146, 130, 57, 121, 182, 77, 215, 247, 77, 199, 168,
       65, 118, 189, 191, 160, 209, 155, 39, 213, 208, 227, 250, 192, 61,
       128, 165, 113, 90, 156, 114, 229, 117, 254, 126, 55, 53, 15, 255,
       19, 111, 63, 2, 212, 247, 191, 255, 168, 92, 153, 177, 239, 247,
       255, 146, 195, 39, 198, 252, 95, 100, 99, 37, 231, 172, 111, 79,
       152, 63, 234, 51, 72, 215, 5, 217, 27, 29, 68, 125, 111, 105, 240,
       73, 28, 229, 154, 101, 52, 192, 251, 86, 113, 75, 225, 184, 241,
       169, 92, 189, 151, 235, 253, 150, 24, 141, 143, 222, 250, 167, 71,
       253, 157, 214, 73, 247, 224, 207, 121, 254, 247, 134, 132, 135,
       109, 219, 246, 197, 177, 226, 47, 60, 191, 58, 251, 26, 255, 221,
       39, 72, 155, 55, 151, 253, 180, 245, 212, 157, 210, 172, 70, 127,
       228, 172, 212, 131, 209, 56, 149, 109, 236, 188, 163, 207, 123,
       215, 64, 221, 226, 115, 233, 188, 96, 91, 178, 23, 41, 249, 171,
       110, 159, 122, 79, 171, 252, 125, 174, 240, 161, 189, 181, 237,
       103, 156, 87, 222, 250, 64, 234, 189, 142, 83, 124, 151, 35, 93,
       196, 220, 239, 237, 227, 125, 174, 251, 207, 237, 181, 109, 251,
       250, 244, 190, 6, 66, 190, 123, 48, 94, 121, 21, 14, 213, 247,
       105, 79, 191, 213, 126, 155, 135, 167, 238, 135, 78, 207, 178,
       243, 170, 139, 55, 247, 190, 85, 45, 51, 96, 131, 118, 27, 234,
       240, 69, 232, 255, 231, 209, 72, 215, 164, 126, 200, 94, 255, 133,
       176, 77, 204, 62, 77, 167, 196, 127, 175, 121, 149, 67, 189, 35,
       138, 253, 253, 238, 239, 255, 201, 88, 72, 236, 252, 252, 180,
       151, 235, 126, 181, 151, 43, 190, 255, 188, 30, 143, 234, 150, 70,
       147, 253, 71, 189, 161, 211, 245, 221, 175, 175, 255, 89, 90, 66,
       232, 252, 220, 228, 121, 122, 122, 155, 211, 120, 255, 247, 45,
       30, 143, 66, 134, 78, 245, 237, 120, 123, 56, 96, 176, 78, 95, 55,
       97, 236, 254, 9, 31, 15, 67, 16, 150, 188, 77, 124, 88, 58, 225,
       12, 251, 253, 36, 125, 98, 160, 198, 123, 177, 149, 109, 252, 158,
       131, 79, 123, 212, 64, 221, 230, 115, 233, 184, 97, 94, 162, 63,
       170, 249, 43, 110, 159, 240, 239, 239, 152, 61, 234, 240, 49, 9,
       222, 111, 83, 150, 155, 233, 247, 93, 73, 126, 118, 185, 24, 182,
       96, 111, 138, 22, 153, 247, 188, 101, 247, 110, 95, 182, 192, 247,
       140, 241, 237, 63, 157, 243, 226, 245, 63, 223, 255, 89, 235, 253,
       94, 95, 125, 62, 48, 255, 219, 23, 61, 189, 187, 56, 254, 251,
       223, 167, 246, 223, 254, 242, 247, 44, 224, 248, 99, 52, 75, 115,
       152, 98, 189, 183, 8, 215, 27, 73, 58, 27, 148, 76, 122, 10, 112,
       233, 16, 207, 221, 33, 117, 224, 147, 70, 163, 210, 254, 190, 154,
       186, 240, 61, 230, 191, 87, 202, 183, 44, 174, 102, 66, 167, 251,
       251, 145, 118, 77, 166, 227, 250, 54, 94, 203, 132, 85, 175, 79,
       90, 223, 106, 188, 59, 208, 95, 166, 191, 12, 206, 173, 45, 175,
       39, 84, 230, 227, 253, 197, 110, 11, 162, 255, 242, 119, 158, 155,
       54, 148, 37, 95, 137, 143, 63, 248, 180, 168, 121, 55, 252, 89,
