%YAML:1.0
---
descriptors: !!opencv-matrix
   rows: 229
   cols: 32
   dt: u
   data: [ 86, 59, 16, 234, 31, 157, 82, 120, 239, 12, 185, 78, 174, 218,
       111, 20, 174, 185, 206, 115, 142, 35, 26, 253, 187, 212, 3, 123,
       16, 15, 15, 7, 3, 182, 101, 89, 124, 185, 168, 219, 94, 113, 120,
       246, 169, 200, 220, 164, 127, 10, 18, 156, 179, 240, 111, 215, 12,
       28, 187, 228, 223, 204, 83, 189, 222, 28, 230, 247, 149, 246, 122,
       114, 189, 134, 222, 2, 105, 191, 55, 207, 236, 247, 191, 211, 188,
       221, 145, 238, 159, 127, 218, 195, 167, 229, 124, 14, 88, 111,
       162, 230, 149, 178, 102, 103, 113, 140, 206, 2, 107, 179, 49, 212,
       112, 254, 237, 168, 72, 155, 129, 174, 243, 231, 134, 1, 34, 118,
       254, 42, 61, 237, 104, 37, 159, 95, 94, 236, 86, 224, 174, 10, 91,
       109, 27, 48, 58, 204, 88, 111, 125, 48, 125, 63, 251, 207, 5, 53,
       115, 191, 202, 64, 25, 73, 83, 101, 211, 222, 111, 101, 44, 224,
       110, 130, 127, 39, 1, 180, 54, 239, 194, 236, 81, 152, 53, 108,
       191, 237, 6, 0, 98, 178, 131, 232, 44, 52, 248, 67, 253, 253, 243,
       218, 79, 255, 61, 8, 26, 253, 79, 60, 153, 26, 211, 24, 18, 34,
       120, 208, 79, 221, 21, 127, 211, 75, 78, 242, 1, 184, 27, 251,
       112, 236, 57, 23, 62, 25, 86, 16, 189, 159, 32, 121, 166, 59, 23,
       145, 19, 152, 50, 117, 205, 249, 58, 192, 144, 128, 129, 187, 136,
       18, 111, 185, 4, 137, 105, 23, 164, 93, 86, 247, 147, 137, 242,
       73, 104, 42, 63, 157, 154, 188, 103, 209, 196, 225, 186, 192, 52,
       136, 213, 233, 87, 157, 99, 207, 150, 66, 111, 253, 53, 64, 218,
       230, 113, 118, 180, 116, 122, 238, 23, 238, 249, 155, 61, 175, 48,
       46, 167, 128, 45, 246, 244, 124, 130, 209, 148, 157, 109, 213,
       188, 239, 142, 29, 16, 35, 172, 190, 110, 194, 207, 83, 187, 65,
       86, 109, 18, 241, 61, 16, 94, 127, 20, 12, 189, 143, 46, 191, 181,
       219, 253, 221, 214, 252, 95, 91, 89, 69, 236, 253, 124, 196, 221,
       122, 183, 87, 214, 104, 90, 243, 47, 94, 213, 235, 210, 94, 220,
       223, 1, 221, 115, 71, 118, 27, 239, 252, 124, 104, 122, 98, 247,
       117, 148, 36, 62, 92, 86, 104, 193, 184, 37, 109, 36, 174, 38,
       128, 109, 186, 195, 169, 104, 180, 177, 240, 221, 236, 17, 143,
       251, 29, 8, 29, 142, 245, 64, 150, 129, 26, 233, 17, 19, 104, 242,
       147, 239, 116, 21, 127, 138, 72, 151, 115, 1, 74, 203, 113, 52,
       190, 104, 23, 116, 73, 114, 116, 145, 154, 144, 120, 196, 45, 52,
       156, 165, 220, 229, 64, 198, 255, 178, 192, 136, 128, 104, 153,
       108, 52, 250, 184, 234, 249, 17, 67, 139, 207, 189, 185, 30, 223,
       98, 26, 215, 185, 199, 48, 28, 71, 226, 64, 219, 149, 49, 255,
       128, 106, 143, 211, 102, 88, 22, 136, 109, 213, 16, 72, 141, 12,
       208, 11, 142, 154, 39, 220, 200, 177, 239, 83, 14, 3, 210, 240,
       145, 48, 138, 59, 16, 13, 61, 70, 188, 239, 66, 174, 250, 130, 15,
       252, 176, 134, 156, 239, 101, 227, 227, 85, 119, 239, 132, 238,
       232, 195, 142, 46, 248, 134, 47, 188, 53, 247, 167, 209, 2, 175,
       14, 186, 251, 160, 57, 239, 190, 21, 72, 183, 172, 231, 104, 64,
       231, 59, 171, 129, 50, 75, 138, 247, 252, 52, 154, 239, 16, 68,
       165, 235, 2, 240, 58, 145, 109, 223, 184, 198, 159, 61, 84, 27,
       140, 158, 114, 44, 235, 25, 179, 17, 6, 126, 210, 208, 79, 80, 27,
       111, 22, 12, 159, 222, 64, 0, 25, 233, 76, 228, 105, 3, 110, 33,
       194, 18, 181, 19, 0, 104, 232, 157, 62, 144, 11, 152, 241, 81,
       197, 229, 186, 65, 160, 8, 37, 42, 189, 245, 237, 103, 212, 119,
       95, 253, 83, 234, 221, 26, 89, 125, 159, 49, 29, 222, 53, 239,
       249, 210, 253, 174, 123, 111, 229, 164, 111, 247, 210, 248, 95,
       253, 190, 22, 187, 22, 22, 184, 251, 250, 159, 109, 124, 254, 239,
       227, 183, 119, 252, 243, 165, 69, 191, 254, 184, 119, 111, 190,
       138, 119, 41, 87, 252, 188, 253, 119, 245, 126, 87, 184, 83, 170,
       127, 26, 115, 125, 17, 48, 25, 254, 117, 42, 248, 244, 249, 190,
       111, 239, 101, 1, 227, 251, 214, 34, 65, 156, 59, 84, 52, 238,
       115, 150, 252, 73, 126, 116, 190, 151, 164, 112, 229, 58, 28, 24,
       179, 141, 48, 111, 233, 254, 58, 194, 136, 0, 225, 57, 57, 222,
       120, 109, 100, 71, 239, 254, 84, 110, 116, 38, 51, 25, 178, 33,
       62, 88, 23, 234, 224, 190, 32, 63, 103, 143, 32, 164, 119, 153,
       118, 233, 60, 95, 122, 110, 116, 139, 91, 120, 5, 12, 253, 239,
       115, 77, 177, 144, 94, 184, 135, 106, 200, 178, 72, 63, 114, 205,
       160, 153, 127, 139, 94, 155, 86, 141, 134, 159, 151, 34, 190, 167,
       142, 19, 202, 147, 204, 106, 62, 198, 231, 71, 187, 149, 118, 201,
       11, 231, 168, 54, 222, 199, 151, 119, 169, 14, 169, 188, 148, 59,
       157, 157, 176, 207, 222, 123, 48, 93, 172, 152, 118, 137, 137, 11,
       130, 21, 183, 124, 90, 181, 45, 91, 223, 110, 218, 12, 219, 142,
       28, 171, 154, 250, 145, 225, 114, 192, 163, 13, 173, 9, 110, 243,
       105, 16, 184, 251, 207, 82, 26, 43, 138, 117, 251, 213, 2, 107,
       210, 67, 47, 139, 248, 219, 53, 126, 137, 205, 69, 117, 229, 60,
       179, 108, 98, 25, 0, 215, 200, 176, 236, 64, 88, 41, 235, 61, 251,
       209, 97, 59, 82, 10, 198, 59, 7, 181, 237, 87, 206, 55, 175, 191,
       86, 250, 94, 198, 88, 124, 159, 39, 63, 86, 115, 175, 241, 240,
       255, 252, 111, 42, 253, 164, 207, 254, 209, 253, 47, 205, 231,
       133, 213, 67, 174, 239, 86, 195, 26, 195, 104, 252, 181, 164, 249,
       75, 51, 181, 247, 248, 15, 223, 45, 30, 143, 198, 215, 124, 240,
       236, 78, 184, 189, 54, 169, 120, 21, 143, 235, 251, 12, 57, 158,
       190, 70, 59, 131, 87, 253, 17, 23, 73, 187, 96, 203, 243, 125,
       255, 200, 117, 135, 123, 0, 0, 185, 249, 52, 236, 113, 7, 62, 21,
       67, 17, 183, 151, 0, 72, 226, 63, 46, 16, 18, 152, 241, 17, 197,
       241, 186, 65, 160, 8, 133, 106, 179, 255, 236, 53, 138, 17, 188,
       255, 150, 254, 146, 247, 96, 104, 31, 139, 231, 67, 235, 167, 244,
       77, 79, 235, 42, 67, 255, 183, 173, 244, 154, 221, 83, 56, 146,
       48, 11, 240, 144, 66, 235, 81, 160, 8, 14, 218, 102, 254, 167,
       183, 248, 145, 31, 75, 150, 241, 155, 112, 26, 123, 200, 5, 43, 6,
       73, 26, 23, 29, 105, 158, 160, 54, 172, 128, 98, 100, 228, 179,
       129, 206, 64, 102, 106, 76, 129, 249, 147, 109, 4, 126, 210, 2,
       74, 132, 105, 12, 74, 138, 6, 154, 91, 129, 57, 239, 190, 21, 73,
       183, 236, 231, 42, 196, 103, 59, 171, 133, 18, 91, 154, 245, 156,
       38, 154, 235, 22, 4, 37, 250, 182, 88, 91, 232, 77, 101, 219, 64,
       173, 4, 176, 3, 10, 159, 39, 16, 232, 145, 207, 227, 72, 39, 16,
       192, 211, 217, 138, 63, 81, 59, 103, 210, 151, 76, 175, 151, 134,
       118, 173, 134, 252, 215, 194, 151, 248, 46, 182, 111, 99, 71, 59,
       159, 181, 220, 61, 226, 13, 42, 222, 128, 141, 117, 177, 124, 71,
       191, 133, 183, 130, 160, 44, 134, 190, 215, 3, 215, 237, 110, 91,
       75, 167, 103, 121, 151, 183, 216, 159, 225, 140, 50, 222, 194,
       172, 85, 161, 92, 206, 237, 226, 183, 197, 56, 238, 166, 186, 178,
       30, 147, 249, 235, 93, 203, 51, 110, 59, 223, 114, 92, 140, 226,
       111, 127, 255, 225, 134, 255, 217, 200, 88, 95, 246, 46, 2, 10,
       94, 48, 165, 134, 207, 135, 111, 99, 19, 86, 54, 245, 109, 239,
       200, 133, 21, 44, 242, 225, 78, 145, 46, 182, 41, 18, 90, 121,
       166, 222, 5, 212, 120, 214, 173, 196, 198, 3, 168, 223, 55, 238,
       228, 243, 255, 221, 142, 201, 178, 233, 211, 123, 218, 139, 6,
       149, 124, 94, 99, 240, 104, 203, 126, 93, 203, 120, 27, 229, 125,
       138, 123, 95, 222, 52, 94, 152, 23, 254, 203, 50, 255, 223, 95,
       29, 161, 252, 119, 138, 86, 253, 17, 223, 91, 204, 118, 135, 63,
       119, 20, 76, 122, 231, 57, 163, 182, 64, 118, 171, 7, 236, 211,
       153, 5, 255, 112, 174, 174, 128, 61, 154, 161, 217, 44, 145, 52,
       251, 173, 221, 212, 185, 207, 61, 117, 16, 222, 253, 58, 193, 201,
       18, 187, 25, 222, 40, 123, 149, 207, 219, 82, 127, 210, 14, 220,
