%YAML:1.0
---
descriptors: !!opencv-matrix
   rows: 324
   cols: 32
   dt: u
   data: [ 236, 182, 188, 117, 168, 44, 119, 154, 243, 159, 180, 25, 223,
       123, 74, 27, 181, 86, 237, 46, 178, 100, 235, 35, 207, 251, 117,
       21, 194, 241, 206, 195, 122, 163, 236, 212, 157, 218, 255, 249,
       191, 148, 190, 130, 248, 231, 254, 86, 122, 254, 175, 216, 90,
       106, 235, 253, 127, 57, 199, 221, 71, 174, 245, 96, 11, 185, 228,
       85, 205, 29, 253, 123, 251, 254, 20, 138, 232, 252, 214, 167, 47,
       103, 243, 141, 181, 120, 190, 201, 15, 91, 223, 175, 199, 164, 95,
       252, 18, 211, 223, 252, 146, 194, 61, 81, 166, 4, 215, 231, 109,
       199, 160, 64, 118, 189, 191, 132, 209, 147, 38, 213, 208, 227,
       234, 203, 61, 130, 165, 113, 35, 181, 98, 207, 245, 223, 254, 125,
       95, 77, 253, 131, 105, 252, 158, 32, 126, 170, 151, 141, 214, 186,
       100, 255, 63, 92, 138, 227, 119, 142, 246, 206, 124, 59, 232, 165,
       92, 10, 87, 48, 33, 228, 142, 175, 67, 45, 83, 18, 30, 204, 237,
       231, 204, 210, 245, 8, 254, 97, 237, 181, 37, 226, 94, 90, 205,
       83, 255, 103, 172, 14, 111, 184, 105, 250, 183, 104, 223, 115,
       217, 123, 150, 85, 124, 110, 193, 241, 169, 72, 230, 251, 103,
       148, 76, 243, 65, 33, 113, 102, 233, 69, 114, 14, 111, 56, 112,
       162, 254, 238, 115, 39, 144, 52, 126, 252, 116, 174, 233, 222,
       229, 14, 254, 174, 165, 176, 47, 179, 66, 176, 161, 167, 121, 69,
       100, 31, 231, 248, 89, 174, 124, 104, 211, 104, 156, 33, 24, 220,
       70, 106, 249, 254, 237, 15, 39, 155, 101, 36, 69, 250, 86, 165,
       189, 149, 236, 166, 142, 87, 222, 248, 80, 234, 189, 138, 83, 124,
       155, 35, 93, 197, 252, 231, 237, 227, 125, 142, 251, 207, 239,
       181, 109, 250, 126, 213, 9, 142, 111, 249, 182, 168, 97, 55, 124,
       65, 94, 246, 179, 33, 176, 96, 103, 130, 31, 156, 187, 184, 101,
       247, 206, 239, 178, 192, 188, 200, 209, 40, 31, 54, 233, 167, 178,
       42, 187, 24, 42, 201, 91, 231, 221, 127, 211, 120, 55, 95, 21,
       149, 151, 144, 237, 104, 204, 237, 175, 192, 173, 231, 3, 241,
       149, 12, 207, 245, 22, 130, 110, 115, 244, 130, 210, 210, 117,
       227, 176, 65, 114, 237, 46, 140, 33, 253, 5, 238, 248, 239, 231,
       0, 173, 232, 97, 128, 138, 232, 16, 153, 205, 221, 176, 207, 31,
       21, 64, 19, 172, 158, 110, 204, 201, 27, 131, 17, 86, 60, 82, 243,
       13, 20, 30, 107, 146, 12, 173, 206, 90, 37, 148, 183, 131, 104,
       252, 135, 187, 183, 143, 17, 141, 187, 66, 222, 163, 231, 249,
       145, 56, 89, 137, 226, 189, 119, 94, 103, 163, 85, 175, 10, 126,
       119, 26, 110, 91, 87, 86, 104, 179, 236, 173, 45, 78, 254, 43, 16,
       185, 245, 228, 98, 108, 99, 186, 94, 243, 215, 5, 63, 112, 55, 46,
       87, 53, 119, 113, 69, 86, 27, 162, 96, 124, 224, 122, 106, 82, 24,
       149, 164, 62, 204, 70, 106, 133, 242, 101, 78, 54, 12, 35, 6, 111,
       191, 107, 133, 238, 253, 244, 119, 173, 124, 254, 182, 123, 246,
       62, 153, 79, 61, 87, 191, 135, 87, 253, 83, 244, 126, 249, 226,
       111, 223, 85, 247, 199, 253, 222, 87, 89, 40, 223, 229, 2, 138,
       105, 80, 126, 176, 247, 194, 221, 163, 144, 121, 115, 237, 126,
       188, 8, 209, 141, 204, 220, 235, 239, 132, 37, 160, 97, 160, 118,
       119, 180, 174, 59, 83, 23, 104, 147, 236, 157, 175, 78, 238, 203,
       214, 87, 213, 237, 227, 109, 67, 239, 255, 178, 116, 13, 191, 30,
       55, 6, 87, 60, 39, 64, 175, 57, 11, 86, 104, 53, 172, 251, 175,
       75, 97, 11, 148, 216, 220, 205, 226, 44, 147, 201, 142, 242, 247,
       161, 181, 38, 191, 30, 2, 254, 181, 145, 160, 169, 121, 86, 170,
       59, 251, 136, 56, 207, 118, 72, 191, 209, 221, 253, 243, 63, 67,
       219, 179, 185, 211, 205, 127, 154, 85, 142, 22, 238, 245, 244,
       218, 237, 245, 222, 140, 31, 55, 157, 11, 236, 254, 95, 140, 223,
       219, 255, 211, 222, 106, 219, 243, 191, 95, 223, 255, 151, 95,
       221, 15, 217, 188, 158, 120, 41, 188, 88, 87, 243, 27, 164, 93,
       63, 187, 66, 251, 165, 179, 220, 20, 190, 79, 146, 17, 219, 251,
       112, 123, 234, 196, 170, 11, 84, 205, 86, 126, 50, 194, 86, 232,
       181, 6, 239, 160, 107, 115, 169, 85, 114, 243, 141, 226, 104, 195,
       10, 239, 242, 246, 196, 139, 35, 243, 38, 10, 109, 144, 222, 84,
       121, 223, 83, 184, 251, 254, 54, 12, 254, 240, 143, 253, 147, 108,
       236, 40, 165, 113, 186, 29, 251, 223, 101, 55, 218, 108, 74, 117,
       112, 234, 204, 184, 12, 137, 16, 206, 190, 21, 144, 173, 135, 130,
       67, 91, 107, 128, 237, 80, 14, 73, 199, 17, 218, 131, 250, 253,
       180, 56, 95, 74, 141, 17, 177, 69, 172, 61, 165, 17, 108, 234,
       187, 84, 210, 60, 221, 170, 140, 84, 122, 42, 209, 33, 245, 66, 5,
       28, 102, 20, 192, 122, 193, 113, 189, 95, 67, 76, 102, 19, 238,
       112, 85, 202, 249, 230, 89, 232, 181, 165, 126, 236, 22, 238, 237,
       179, 36, 206, 50, 110, 227, 128, 127, 255, 120, 181, 101, 97, 233,
       99, 252, 79, 203, 156, 67, 232, 189, 76, 211, 77, 221, 60, 89,
       204, 86, 126, 137, 50, 253, 48, 255, 221, 165, 124, 223, 187, 82,
       96, 129, 224, 175, 253, 29, 239, 225, 174, 222, 245, 82, 18, 241,
       249, 116, 42, 185, 108, 123, 57, 179, 252, 251, 157, 77, 235, 223,
       116, 117, 40, 209, 162, 205, 253, 49, 130, 189, 221, 175, 148,
       234, 248, 136, 72, 188, 212, 93, 227, 129, 91, 90, 91, 195, 99,
       254, 241, 253, 24, 47, 60, 12, 83, 145, 125, 172, 81, 127, 111,
       228, 78, 127, 249, 68, 138, 127, 34, 91, 117, 185, 48, 126, 212,
       22, 106, 225, 176, 57, 14, 103, 175, 101, 132, 103, 186, 228, 161,
       40, 20, 254, 69, 116, 79, 249, 123, 118, 238, 118, 34, 113, 53,
       146, 49, 127, 220, 55, 40, 160, 252, 113, 78, 79, 175, 241, 133,
       103, 168, 78, 249, 76, 188, 190, 119, 235, 248, 189, 167, 250,
       147, 38, 16, 253, 189, 68, 43, 167, 119, 249, 17, 48, 249, 187,
       96, 79, 251, 87, 67, 193, 112, 141, 186, 245, 247, 237, 230, 250,
       6, 79, 248, 18, 238, 189, 238, 81, 103, 221, 51, 127, 220, 85,
       238, 233, 83, 237, 42, 121, 136, 239, 180, 37, 243, 102, 241, 254,
       22, 118, 254, 175, 122, 86, 122, 185, 206, 251, 191, 79, 126, 46,
       215, 247, 247, 253, 35, 252, 231, 25, 255, 179, 246, 67, 147, 39,
       253, 236, 87, 23, 124, 159, 190, 170, 196, 63, 213, 175, 202, 211,
       70, 244, 215, 97, 106, 231, 125, 127, 130, 195, 197, 187, 225,
       241, 182, 254, 154, 136, 115, 161, 59, 182, 53, 182, 176, 173,
       127, 252, 207, 155, 191, 188, 59, 78, 254, 71, 159, 253, 223, 255,
       178, 60, 119, 202, 226, 187, 219, 215, 247, 195, 125, 206, 135,
       104, 190, 188, 117, 168, 111, 125, 150, 123, 255, 54, 25, 159, 63,
       67, 27, 133, 212, 109, 28, 176, 108, 227, 0, 207, 251, 117, 53,
       194, 240, 206, 99, 237, 102, 28, 103, 48, 14, 127, 184, 56, 142,
       119, 77, 223, 99, 139, 17, 150, 68, 109, 110, 225, 244, 137, 14,
       231, 251, 97, 132, 72, 179, 74, 145, 232, 168, 183, 112, 172, 205,
       89, 199, 251, 27, 176, 24, 159, 179, 192, 63, 139, 163, 108, 24,
       59, 111, 226, 19, 217, 219, 118, 120, 194, 144, 199, 41, 53, 223,
       229, 78, 172, 6, 207, 253, 86, 234, 152, 102, 81, 104, 253, 227,
       95, 198, 62, 239, 237, 99, 109, 58, 56, 46, 239, 156, 125, 251,
       240, 229, 102, 188, 240, 64, 245, 255, 250, 202, 123, 173, 254,
       25, 10, 189, 86, 56, 255, 222, 230, 16, 150, 58, 249, 214, 31,
       255, 21, 111, 231, 205, 74, 199, 121, 176, 190, 106, 169, 189, 88,
       86, 227, 93, 173, 13, 63, 219, 74, 154, 165, 163, 245, 16, 158,
       43, 154, 49, 219, 223, 112, 121, 234, 198, 234, 11, 126, 117, 114,
       110, 123, 87, 87, 120, 155, 204, 189, 173, 78, 253, 111, 148, 158,
       249, 231, 98, 108, 35, 218, 222, 115, 215, 1, 63, 83, 63, 102,
       215, 113, 159, 79, 254, 156, 128, 79, 243, 212, 74, 216, 70, 113,
       235, 184, 97, 89, 226, 62, 206, 235, 43, 46, 63, 240, 174, 238,
       152, 61, 202, 240, 57, 17, 14, 223, 245, 22, 162, 106, 115, 252,
