%YAML:1.0
---
descriptors: !!opencv-matrix
   rows: 243
   cols: 32
   dt: u
   data: [ 152, 234, 61, 113, 40, 205, 81, 246, 191, 62, 180, 25, 191,
       151, 66, 17, 132, 161, 109, 78, 106, 111, 67, 53, 199, 219, 112,
       177, 82, 145, 71, 107, 154, 124, 230, 229, 23, 118, 122, 86, 53,
       142, 214, 130, 25, 63, 147, 235, 126, 253, 253, 248, 172, 211,
       165, 234, 243, 239, 191, 129, 167, 245, 60, 75, 163, 109, 3, 190,
       205, 209, 190, 230, 138, 208, 24, 71, 172, 168, 119, 131, 200, 99,
       147, 199, 69, 107, 130, 233, 60, 16, 207, 171, 29, 125, 185, 142,
       10, 221, 32, 203, 149, 151, 190, 239, 93, 4, 92, 7, 168, 93, 62,
       68, 252, 27, 147, 225, 242, 184, 25, 255, 47, 94, 142, 71, 95, 30,
       253, 158, 15, 29, 3, 190, 148, 182, 238, 115, 116, 200, 218, 71,
       240, 250, 176, 224, 217, 107, 26, 143, 189, 155, 85, 239, 168, 46,
       174, 192, 156, 103, 184, 12, 214, 26, 158, 182, 34, 98, 57, 64,
       172, 158, 215, 183, 237, 231, 35, 75, 230, 245, 237, 135, 40, 197,
       138, 202, 208, 226, 235, 131, 32, 113, 37, 83, 104, 181, 52, 97,
       237, 127, 85, 47, 107, 63, 175, 24, 143, 56, 74, 187, 129, 151,
       236, 48, 62, 122, 241, 20, 143, 219, 84, 119, 194, 76, 198, 38,
       37, 157, 73, 207, 244, 11, 238, 252, 84, 224, 122, 238, 211, 97,
       153, 32, 94, 206, 22, 110, 249, 176, 77, 63, 116, 142, 165, 180,
       125, 187, 208, 176, 37, 239, 91, 69, 246, 11, 239, 252, 124, 224,
       122, 206, 215, 104, 157, 32, 62, 204, 22, 111, 145, 176, 45, 124,
       108, 142, 37, 196, 237, 187, 195, 177, 58, 92, 86, 157, 5, 223,
       252, 103, 29, 134, 254, 7, 42, 188, 54, 196, 232, 185, 183, 1,
       108, 191, 16, 255, 163, 254, 222, 3, 87, 60, 252, 222, 254, 60,
       254, 228, 189, 118, 122, 218, 245, 206, 254, 35, 75, 255, 39, 223,
       114, 244, 253, 248, 172, 195, 3, 206, 187, 255, 231, 131, 167,
       245, 124, 95, 124, 253, 249, 247, 181, 92, 215, 181, 81, 174, 191,
       10, 107, 125, 29, 38, 152, 246, 253, 98, 232, 112, 249, 175, 255,
       255, 197, 51, 103, 250, 86, 106, 115, 65, 58, 172, 41, 149, 92,
       105, 173, 76, 241, 9, 174, 218, 54, 112, 220, 169, 95, 230, 204,
       3, 18, 221, 147, 248, 10, 59, 80, 38, 107, 79, 40, 221, 156, 223,
       149, 159, 182, 167, 94, 47, 110, 21, 226, 60, 46, 192, 217, 66,
       170, 4, 116, 184, 81, 191, 47, 247, 20, 83, 18, 92, 204, 95, 233,
       156, 215, 215, 246, 234, 39, 182, 120, 226, 106, 110, 117, 49,
       129, 55, 35, 118, 48, 106, 97, 216, 185, 46, 44, 174, 117, 0, 44,
       249, 83, 185, 6, 177, 148, 152, 253, 249, 188, 239, 142, 61, 153,
       19, 204, 236, 110, 134, 143, 19, 219, 17, 22, 105, 26, 209, 13,
       22, 95, 255, 212, 78, 157, 199, 186, 108, 114, 90, 85, 213, 210,
       224, 209, 6, 228, 8, 42, 216, 47, 181, 216, 184, 134, 98, 108,
       167, 56, 239, 51, 249, 0, 11, 83, 15, 126, 174, 65, 122, 90, 137,
       98, 162, 233, 82, 40, 136, 114, 238, 29, 2, 147, 89, 102, 173, 38,
       220, 129, 154, 133, 64, 84, 168, 170, 136, 13, 129, 43, 145, 65,
       8, 219, 237, 116, 18, 104, 18, 118, 192, 86, 230, 145, 130, 144,
       96, 102, 172, 62, 140, 133, 220, 229, 76, 14, 175, 242, 128, 44,
       161, 105, 149, 170, 217, 102, 223, 197, 213, 244, 103, 221, 7,
       242, 19, 40, 157, 54, 197, 232, 178, 179, 193, 244, 190, 19, 255,
       39, 250, 210, 67, 83, 140, 252, 206, 65, 148, 159, 253, 92, 70,
       249, 123, 124, 201, 242, 2, 189, 159, 32, 99, 225, 149, 126, 128,
       1, 223, 243, 205, 221, 239, 250, 8, 152, 0, 97, 187, 44, 181, 176,
       235, 221, 253, 82, 219, 23, 53, 109, 24, 14, 255, 110, 220, 217,
       154, 147, 24, 30, 58, 122, 147, 111, 221, 21, 127, 210, 78, 222,
       194, 2, 191, 14, 189, 232, 132, 61, 230, 190, 29, 74, 133, 172,
       167, 34, 64, 230, 59, 171, 132, 66, 152, 146, 243, 228, 54, 158,
       137, 24, 84, 37, 217, 177, 0, 106, 13, 70, 59, 224, 80, 68, 226,
       246, 206, 19, 24, 151, 161, 122, 132, 94, 173, 141, 183, 85, 200,
       22, 105, 162, 16, 109, 172, 122, 140, 81, 207, 79, 247, 150, 66,
       111, 245, 116, 74, 211, 230, 245, 99, 184, 97, 115, 231, 63, 234,
       249, 217, 45, 47, 240, 171, 239, 128, 45, 250, 225, 48, 26, 177,
       27, 174, 19, 220, 20, 101, 169, 1, 233, 9, 46, 223, 40, 144, 162,
       187, 193, 64, 86, 43, 146, 205, 179, 241, 22, 11, 66, 2, 175, 27,
       144, 10, 110, 185, 6, 169, 233, 23, 70, 93, 214, 183, 179, 137,
       178, 73, 104, 170, 63, 157, 154, 188, 71, 145, 196, 1, 186, 192,
       61, 136, 240, 209, 104, 55, 96, 172, 93, 95, 219, 123, 13, 236,
       156, 143, 169, 45, 19, 132, 92, 132, 223, 181, 200, 59, 247, 223,
       127, 85, 175, 189, 55, 174, 94, 123, 35, 188, 4, 27, 217, 213,
       162, 238, 222, 89, 96, 84, 168, 218, 38, 173, 201, 107, 130, 144,
       183, 108, 90, 253, 45, 218, 159, 106, 219, 0, 202, 142, 11, 129,
       118, 223, 119, 144, 249, 120, 221, 68, 87, 162, 104, 223, 190,
       228, 126, 58, 147, 204, 194, 168, 54, 253, 70, 123, 154, 74, 23,
       142, 116, 252, 199, 237, 202, 215, 228, 56, 110, 135, 56, 179, 15,
       145, 241, 238, 92, 75, 35, 110, 49, 159, 112, 220, 220, 226, 110,
       63, 254, 225, 132, 241, 219, 216, 215, 67, 222, 36, 42, 10, 94,
       48, 169, 192, 138, 205, 95, 79, 19, 83, 54, 229, 109, 238, 205,
       129, 149, 72, 242, 224, 76, 20, 46, 243, 40, 16, 78, 189, 179,
       178, 179, 232, 55, 151, 187, 253, 27, 181, 172, 191, 72, 4, 167,
       127, 253, 145, 19, 89, 154, 247, 253, 52, 62, 235, 134, 71, 135,
       123, 110, 189, 240, 218, 255, 221, 182, 249, 207, 221, 93, 47,
       236, 253, 95, 132, 217, 122, 243, 91, 210, 42, 250, 247, 47, 92,
       13, 251, 150, 30, 93, 255, 87, 250, 168, 154, 170, 48, 30, 200,
       187, 247, 140, 167, 204, 238, 223, 78, 183, 199, 233, 215, 150,
       65, 190, 243, 186, 118, 207, 255, 156, 247, 158, 84, 167, 14, 229,
       21, 172, 51, 204, 170, 94, 242, 146, 255, 193, 104, 215, 175, 89,
       228, 250, 47, 253, 224, 111, 136, 10, 10, 237, 148, 205, 253, 90,
       84, 254, 28, 246, 244, 237, 118, 122, 242, 177, 206, 246, 3, 73,
       63, 55, 223, 235, 245, 255, 243, 44, 203, 177, 238, 219, 251, 223,
       195, 167, 245, 124, 95, 65, 106, 217, 241, 52, 180, 104, 23, 116,
       233, 114, 100, 177, 2, 145, 104, 70, 44, 54, 156, 141, 216, 229,
       4, 198, 237, 178, 192, 140, 128, 105, 137, 102, 148, 172, 218,
       205, 116, 216, 171, 155, 127, 15, 21, 192, 252, 126, 126, 193, 23,
       249, 145, 190, 93, 251, 211, 31, 127, 219, 127, 146, 108, 220, 86,
       109, 90, 221, 103, 36, 14, 103, 184, 96, 170, 119, 104, 247, 55,
       137, 123, 22, 84, 108, 106, 201, 244, 233, 40, 198, 235, 97, 148,
       98, 243, 70, 41, 221, 76, 99, 103, 36, 14, 111, 176, 113, 234,
       243, 68, 115, 83, 145, 115, 118, 228, 124, 238, 233, 148, 221, 42,
       246, 170, 228, 128, 46, 179, 98, 33, 82, 185, 48, 170, 31, 157,
       82, 232, 239, 60, 185, 79, 174, 218, 103, 144, 166, 185, 206, 67,
       14, 43, 26, 253, 187, 208, 3, 59, 24, 15, 3, 15, 5, 217, 91, 101,
       118, 207, 239, 244, 124, 232, 122, 98, 215, 81, 145, 32, 62, 108,
       22, 106, 193, 176, 61, 108, 60, 174, 39, 132, 109, 186, 65, 185,
       252, 189, 253, 119, 245, 254, 87, 179, 83, 165, 127, 26, 123, 125,
       20, 49, 153, 254, 181, 74, 250, 248, 249, 175, 127, 255, 197, 19,
       103, 251, 214, 34, 88, 93, 58, 174, 180, 196, 127, 182, 116, 136,
       222, 33, 183, 243, 33, 80, 228, 254, 61, 202, 72, 155, 131, 47,
       251, 173, 166, 136, 0, 242, 172, 11, 119, 99, 128, 5, 155, 31, 14,
       152, 3, 224, 136, 205, 206, 226, 83, 150, 221, 205, 232, 247, 205,
       83, 221, 154, 188, 84, 141, 190, 138, 191, 26, 21, 7, 125, 237,
       79, 238, 55, 175, 190, 94, 242, 94, 198, 88, 108, 215, 47, 63,
       239, 51, 239, 193, 240, 255, 252, 109, 46, 237, 164, 221, 255,
       209, 253, 87, 187, 132, 179, 130, 176, 188, 132, 175, 213, 3, 231,
       237, 110, 219, 206, 167, 71, 249, 215, 151, 217, 159, 224, 140,
