%YAML:1.0
---
descriptors: !!opencv-matrix
   rows: 201
   cols: 32
   dt: u
   data: [ 189, 143, 79, 254, 158, 129, 207, 249, 215, 64, 220, 230, 115,
       233, 184, 97, 122, 162, 62, 238, 233, 43, 46, 191, 242, 235, 239,
       152, 63, 170, 240, 105, 30, 131, 106, 130, 126, 17, 186, 241, 12,
       172, 215, 231, 137, 78, 186, 197, 126, 137, 159, 231, 238, 19, 77,
       205, 190, 65, 174, 229, 55, 174, 61, 213, 88, 157, 95, 237, 116,
       206, 111, 55, 33, 12, 126, 3, 191, 55, 0, 80, 118, 254, 119, 168,
       88, 152, 17, 109, 247, 239, 162, 128, 33, 192, 230, 251, 70, 217,
       148, 147, 233, 212, 188, 167, 143, 149, 26, 1, 236, 190, 102, 202,
       135, 87, 187, 209, 86, 72, 155, 225, 47, 18, 222, 207, 150, 85,
       141, 143, 33, 175, 115, 95, 244, 175, 239, 254, 126, 79, 124, 116,
       176, 117, 180, 36, 95, 106, 22, 28, 243, 184, 101, 127, 45, 30,
       54, 192, 219, 216, 226, 189, 24, 91, 62, 44, 34, 130, 95, 48, 100,
       132, 198, 165, 127, 38, 163, 80, 118, 247, 173, 227, 200, 153, 5,
       45, 240, 231, 234, 129, 36, 163, 37, 57, 92, 205, 26, 174, 180,
       134, 94, 244, 160, 140, 222, 1, 223, 251, 35, 80, 246, 253, 61,
       234, 76, 147, 136, 46, 250, 229, 175, 197, 32, 179, 171, 11, 36,
       39, 121, 69, 116, 107, 231, 48, 113, 164, 127, 232, 211, 53, 133,
       52, 26, 220, 6, 106, 128, 176, 109, 78, 102, 158, 33, 132, 103,
       251, 70, 161, 111, 91, 106, 226, 253, 246, 255, 212, 237, 236,
       222, 39, 25, 157, 183, 228, 238, 253, 223, 215, 209, 187, 240,
       232, 119, 121, 170, 131, 15, 255, 252, 255, 6, 193, 16, 190, 221,
       197, 182, 233, 158, 20, 217, 11, 236, 250, 111, 193, 217, 123,
       203, 99, 102, 3, 74, 253, 61, 83, 207, 59, 16, 63, 141, 130, 9,
       164, 188, 91, 253, 253, 117, 175, 127, 119, 78, 24, 166, 241, 10,
       116, 129, 10, 122, 24, 50, 248, 251, 151, 111, 255, 84, 107, 146,
       76, 213, 238, 189, 68, 99, 108, 196, 107, 207, 250, 85, 162, 248,
       218, 83, 109, 185, 49, 89, 236, 6, 110, 233, 182, 125, 62, 113,
       174, 229, 52, 117, 251, 86, 160, 90, 172, 247, 248, 251, 224, 177,
       198, 191, 23, 180, 179, 44, 191, 224, 123, 111, 243, 239, 144, 50,
       75, 162, 243, 218, 231, 126, 235, 183, 64, 167, 171, 34, 221, 183,
       159, 219, 205, 190, 231, 158, 91, 120, 3, 172, 254, 37, 0, 239,
       123, 147, 65, 214, 184, 90, 255, 37, 54, 30, 131, 81, 92, 135,
       223, 1, 13, 62, 137, 244, 150, 249, 103, 220, 5, 206, 18, 180,
       190, 54, 96, 236, 174, 27, 149, 60, 185, 49, 222, 127, 63, 154,
       65, 144, 8, 248, 204, 185, 68, 127, 93, 100, 15, 229, 125, 117,
       178, 118, 82, 83, 57, 149, 107, 123, 228, 54, 46, 233, 244, 117,
       14, 71, 171, 117, 0, 103, 184, 112, 168, 108, 169, 236, 101, 108,
       91, 75, 184, 66, 176, 54, 10, 211, 57, 217, 98, 90, 196, 125, 122,
       200, 240, 237, 60, 79, 233, 229, 84, 231, 171, 80, 32, 143, 167,
       229, 149, 182, 50, 233, 187, 118, 243, 95, 246, 217, 110, 220,
       239, 127, 206, 61, 189, 177, 220, 237, 206, 12, 46, 255, 196, 175,
       228, 243, 245, 9, 206, 166, 153, 220, 175, 161, 87, 124, 111, 206,
       23, 160, 160, 178, 76, 105, 46, 106, 12, 166, 184, 103, 83, 116,
       38, 50, 0, 146, 204, 245, 220, 10, 184, 178, 155, 243, 253, 176,
       71, 191, 31, 96, 17, 172, 158, 102, 204, 167, 59, 179, 17, 22,
       221, 18, 243, 15, 22, 26, 107, 146, 68, 173, 207, 28, 221, 123,
       101, 112, 14, 111, 240, 116, 172, 126, 32, 113, 83, 161, 48, 126,
       252, 23, 234, 201, 176, 41, 111, 117, 173, 167, 132, 101, 179,
       102, 161, 180, 86, 229, 125, 68, 107, 199, 126, 85, 166, 242, 90,
       115, 101, 149, 57, 89, 236, 102, 42, 233, 246, 125, 30, 117, 174,
       117, 20, 243, 248, 86, 232, 15, 32, 160, 139, 53, 189, 186, 66,
       239, 69, 153, 135, 142, 136, 127, 140, 235, 9, 155, 21, 134, 33,
       22, 210, 140, 84, 154, 255, 223, 79, 25, 214, 130, 164, 16, 154,
       109, 253, 184, 78, 191, 19, 49, 25, 172, 222, 122, 9, 131, 27,
       219, 145, 54, 100, 90, 211, 15, 19, 90, 107, 148, 76, 141, 138,
       118, 112, 240, 224, 77, 124, 82, 200, 105, 188, 177, 11, 10, 30,
       79, 223, 232, 213, 253, 242, 12, 99, 217, 192, 155, 216, 143, 127,
       225, 63, 126, 70, 245, 93, 237, 101, 172, 79, 207, 184, 68, 254,
       182, 110, 211, 125, 217, 43, 92, 212, 124, 126, 233, 228, 125, 8,
       249, 139, 229, 148, 125, 251, 80, 113, 220, 97, 104, 229, 7, 90,
       127, 57, 33, 228, 223, 2, 91, 63, 27, 50, 58, 212, 221, 234, 72,
       176, 181, 140, 247, 237, 165, 133, 39, 182, 94, 98, 252, 123, 251,
       102, 34, 90, 86, 16, 97, 160, 191, 232, 91, 87, 193, 178, 54, 244,
       252, 106, 204, 243, 173, 8, 243, 233, 37, 157, 103, 179, 78, 35,
       9, 142, 111, 219, 180, 155, 233, 55, 93, 77, 126, 214, 185, 12,
       182, 96, 111, 42, 22, 157, 151, 188, 101, 247, 110, 95, 182, 192,
       255, 136, 241, 252, 56, 171, 28, 169, 60, 139, 86, 232, 6, 188,
       152, 171, 231, 200, 98, 128, 217, 185, 238, 65, 78, 123, 75, 189,
       236, 199, 175, 253, 52, 170, 28, 139, 35, 174, 170, 26, 125, 177,
       186, 74, 223, 15, 124, 239, 40, 200, 255, 128, 221, 43, 130, 149,
       134, 47, 14, 255, 26, 95, 155, 171, 85, 14, 122, 207, 170, 172,
       180, 154, 205, 245, 144, 207, 159, 55, 164, 25, 172, 220, 110,
       141, 201, 27, 251, 17, 54, 111, 218, 241, 31, 83, 223, 127, 146,
       76, 221, 206, 144, 141, 62, 253, 21, 198, 189, 103, 252, 7, 78,
       19, 188, 186, 34, 97, 224, 51, 59, 129, 116, 157, 18, 255, 239,
       227, 218, 65, 16, 0, 189, 138, 239, 184, 144, 82, 237, 189, 48,
       135, 251, 251, 33, 92, 140, 248, 78, 190, 133, 122, 226, 16, 55,
       110, 154, 242, 15, 24, 85, 110, 138, 77, 219, 143, 8, 157, 127,
       101, 116, 206, 237, 55, 101, 8, 126, 64, 187, 55, 144, 113, 110,
       254, 119, 200, 217, 184, 49, 109, 103, 233, 34, 0, 99, 192, 230,
       249, 149, 20, 175, 181, 164, 118, 172, 39, 92, 235, 219, 87, 213,
       60, 145, 235, 213, 71, 60, 167, 189, 213, 117, 138, 160, 111, 254,
       132, 140, 124, 185, 85, 11, 177, 233, 11, 250, 40, 57, 159, 42,
       117, 79, 188, 253, 38, 218, 50, 23, 95, 123, 29, 147, 88, 255, 67,
       76, 39, 60, 228, 140, 194, 129, 121, 171, 188, 20, 59, 221, 189,
       176, 207, 222, 121, 112, 93, 168, 216, 126, 137, 137, 43, 130, 21,
       183, 124, 26, 245, 13, 91, 159, 107, 218, 12, 219, 158, 254, 88,
       181, 178, 75, 69, 149, 200, 138, 222, 145, 63, 92, 222, 79, 27,
       205, 245, 249, 227, 232, 71, 218, 240, 81, 2, 207, 190, 25, 117,
       6, 243, 252, 176, 188, 122, 168, 188, 81, 80, 243, 159, 181, 29,
       31, 251, 74, 27, 133, 178, 237, 28, 174, 103, 154, 18, 219, 203,
       117, 57, 234, 192, 106, 75, 124, 51, 187, 230, 240, 108, 91, 16,
       35, 237, 191, 41, 247, 191, 75, 90, 150, 255, 125, 82, 10, 18,
       248, 32, 215, 237, 32, 185, 160, 227, 6, 115, 45, 59, 226, 139,
       94, 27, 234, 120, 77, 232, 253, 231, 153, 136, 247, 164, 126, 200,
       94, 239, 133, 176, 77, 200, 62, 77, 163, 228, 127, 175, 120, 149,
       120, 133, 86, 236, 213, 6, 126, 127, 37, 0, 250, 3, 107, 59, 52,
       209, 120, 150, 151, 224, 88, 187, 17, 205, 51, 233, 130, 65, 119,
       142, 248, 10, 146, 142, 206, 191, 154, 162, 45, 247, 151, 23, 222,
       247, 105, 239, 178, 64, 111, 239, 191, 133, 186, 219, 71, 255,
       222, 99, 254, 193, 181, 196, 189, 216, 169, 68, 255, 93, 100, 107,
       229, 58, 117, 166, 118, 82, 115, 33, 149, 121, 123, 236, 38, 42,
       105, 244, 101, 14, 71, 174, 113, 0, 103, 248, 84, 168, 138, 174,
       238, 185, 250, 161, 185, 199, 190, 23, 214, 243, 173, 175, 224,
       73, 111, 187, 239, 145, 50, 219, 166, 245, 222, 99, 254, 195, 165,
       196, 165, 233, 188, 77, 130, 179, 197, 109, 183, 132, 20, 6, 91,
       19, 242, 252, 43, 72, 249, 250, 35, 67, 124, 180, 88, 162, 229,
       167, 238, 1, 129, 127, 212, 194, 212, 121, 27, 162, 8, 205, 23,
       224, 170, 224, 129, 8, 150, 210, 65, 50, 160, 241, 121, 67, 67, 7,
