%YAML:1.0
---
descriptors: !!opencv-matrix
   rows: 198
   cols: 32
   dt: u
   data: [ 144, 188, 31, 248, 11, 229, 17, 67, 190, 19, 160, 25, 62, 223,
       96, 27, 163, 179, 89, 16, 58, 79, 146, 87, 217, 193, 82, 123, 240,
       64, 39, 186, 44, 255, 184, 101, 237, 31, 94, 158, 107, 252, 188,
       77, 159, 61, 67, 146, 141, 222, 253, 92, 206, 122, 209, 176, 239,
       223, 37, 53, 202, 249, 206, 211, 100, 251, 152, 49, 168, 89, 21,
       190, 98, 253, 180, 44, 182, 244, 195, 58, 129, 72, 108, 80, 207,
       108, 251, 49, 205, 149, 101, 255, 200, 48, 142, 127, 220, 30, 159,
       180, 43, 98, 48, 0, 188, 158, 147, 179, 127, 255, 33, 75, 166,
       245, 237, 131, 40, 197, 130, 74, 209, 227, 107, 147, 160, 113, 37,
       19, 177, 197, 229, 71, 86, 91, 231, 125, 85, 234, 247, 254, 83,
       40, 156, 36, 120, 206, 118, 237, 249, 254, 109, 175, 62, 238, 229,
       192, 111, 168, 208, 252, 44, 176, 156, 114, 173, 61, 82, 152, 103,
       185, 181, 8, 223, 123, 75, 154, 153, 194, 236, 90, 158, 98, 91,
       177, 207, 223, 37, 125, 218, 203, 74, 3, 67, 185, 151, 151, 169,
       204, 180, 135, 174, 251, 130, 245, 236, 182, 78, 206, 199, 103,
       234, 21, 23, 73, 251, 225, 140, 50, 95, 218, 136, 84, 129, 95, 82,
       185, 159, 248, 107, 193, 49, 78, 175, 21, 180, 169, 44, 223, 96,
       82, 238, 177, 207, 208, 18, 75, 130, 241, 217, 209, 90, 251, 144,
       0, 39, 123, 65, 61, 189, 101, 36, 110, 101, 55, 232, 226, 106, 8,
       183, 61, 16, 114, 128, 102, 120, 9, 193, 248, 241, 14, 229, 190,
       84, 16, 72, 96, 87, 106, 220, 240, 252, 243, 34, 74, 49, 140, 58,
       215, 231, 49, 223, 119, 74, 91, 35, 221, 125, 144, 50, 220, 219,
       64, 223, 227, 119, 71, 160, 32, 39, 115, 84, 80, 254, 188, 10, 98,
       20, 232, 52, 214, 195, 163, 95, 255, 43, 75, 243, 213, 253, 227,
       45, 195, 187, 76, 211, 227, 123, 15, 189, 113, 45, 82, 180, 80,
       95, 238, 76, 15, 195, 216, 78, 160, 241, 74, 86, 217, 57, 49, 216,
       220, 98, 99, 73, 231, 90, 61, 209, 136, 65, 60, 89, 59, 114, 176,
       176, 169, 150, 176, 141, 205, 80, 195, 191, 183, 160, 27, 46, 187,
       96, 155, 233, 243, 238, 16, 62, 111, 210, 245, 153, 210, 87, 127,
       243, 72, 206, 10, 201, 93, 85, 213, 226, 26, 108, 55, 121, 235,
       126, 116, 189, 51, 132, 247, 38, 54, 60, 12, 225, 216, 209, 206,
       38, 254, 118, 128, 14, 208, 201, 61, 190, 79, 202, 182, 243, 34,
       158, 231, 153, 142, 189, 191, 108, 111, 43, 3, 255, 243, 133, 227,
       120, 199, 136, 238, 250, 215, 239, 155, 167, 127, 175, 219, 127,
       74, 97, 198, 100, 23, 79, 120, 1, 234, 223, 234, 88, 29, 189, 244,
       94, 236, 55, 239, 201, 151, 237, 238, 51, 126, 141, 178, 55, 191,
       240, 117, 237, 185, 148, 81, 205, 253, 208, 143, 251, 241, 40, 88,
       138, 184, 69, 190, 137, 78, 226, 16, 151, 106, 250, 240, 15, 218,
       85, 127, 218, 124, 202, 142, 221, 205, 93, 231, 176, 10, 111, 188,
       36, 160, 255, 192, 247, 99, 137, 115, 118, 230, 124, 234, 121,
       144, 121, 45, 237, 235, 103, 212, 36, 179, 192, 33, 137, 157, 21,
       245, 176, 238, 109, 55, 61, 75, 90, 80, 189, 39, 128, 229, 38, 51,
       31, 140, 177, 152, 81, 207, 229, 254, 58, 128, 46, 192, 129, 57,
       27, 140, 146, 219, 147, 191, 120, 223, 55, 47, 94, 22, 46, 35,
       162, 236, 53, 138, 156, 156, 159, 152, 49, 255, 159, 255, 22, 195,
       187, 196, 137, 45, 147, 30, 14, 158, 46, 178, 186, 98, 157, 78,
       218, 247, 164, 202, 182, 65, 238, 35, 191, 199, 228, 141, 6, 255,
       0, 50, 218, 139, 29, 45, 61, 223, 217, 128, 157, 244, 168, 14, 92,
       55, 225, 154, 166, 80, 223, 51, 0, 218, 133, 215, 108, 8, 89, 73,
       147, 0, 211, 235, 116, 24, 168, 240, 225, 35, 65, 0, 189, 125, 29,
       143, 65, 24, 230, 185, 167, 72, 243, 241, 84, 98, 144, 116, 120,
       72, 137, 224, 251, 29, 207, 255, 65, 16, 200, 171, 64, 40, 61,
       140, 107, 239, 84, 147, 235, 240, 84, 64, 125, 66, 113, 201, 177,
       96, 121, 234, 23, 232, 171, 186, 44, 191, 115, 239, 167, 128, 247,
       219, 116, 232, 65, 113, 57, 101, 32, 78, 55, 56, 41, 232, 118,
       104, 222, 55, 137, 48, 148, 85, 125, 106, 193, 208, 249, 76, 231,
       249, 33, 134, 64, 179, 7, 115, 75, 221, 211, 87, 224, 156, 110,
       183, 249, 75, 126, 84, 188, 179, 132, 244, 134, 119, 54, 10, 193,
       152, 176, 239, 38, 254, 118, 130, 10, 208, 201, 61, 40, 163, 80,
       80, 122, 157, 16, 223, 171, 61, 164, 253, 46, 135, 206, 148, 143,
       27, 198, 20, 18, 74, 226, 81, 30, 209, 48, 251, 194, 128, 142,
       201, 105, 52, 177, 109, 93, 111, 67, 26, 97, 168, 237, 8, 242,
       113, 1, 52, 153, 190, 98, 56, 9, 178, 241, 8, 79, 190, 17, 56,
       194, 107, 70, 42, 216, 180, 27, 248, 139, 229, 17, 79, 62, 7, 232,
       24, 62, 247, 96, 24, 179, 187, 233, 144, 59, 79, 178, 83, 217,
       199, 18, 107, 160, 64, 167, 58, 237, 112, 149, 71, 44, 15, 71,
       152, 98, 250, 39, 76, 211, 81, 89, 63, 152, 68, 108, 110, 233,
       116, 249, 8, 197, 219, 101, 52, 74, 187, 82, 32, 231, 73, 99, 206,
       207, 19, 206, 109, 85, 160, 84, 138, 105, 236, 181, 228, 90, 228,
       179, 238, 253, 54, 110, 255, 55, 126, 133, 185, 55, 191, 216, 172,
       147, 22, 175, 149, 134, 102, 173, 55, 52, 199, 74, 215, 85, 46,
       179, 107, 103, 199, 57, 173, 185, 221, 53, 202, 148, 34, 250, 128,
       173, 113, 177, 124, 116, 97, 25, 108, 9, 79, 71, 232, 34, 160,
       169, 8, 215, 83, 1, 112, 216, 156, 88, 106, 73, 3, 219, 28, 241,
       137, 5, 60, 112, 51, 66, 34, 205, 86, 253, 38, 42, 78, 63, 184,
       40, 238, 151, 237, 221, 102, 155, 123, 22, 85, 125, 110, 229, 69,
       253, 74, 244, 123, 111, 148, 46, 247, 3, 113, 104, 168, 188, 122,
       137, 205, 81, 143, 131, 55, 164, 25, 174, 255, 72, 26, 129, 19,
       233, 16, 26, 107, 218, 49, 203, 215, 85, 127, 210, 64, 134, 42,
       108, 245, 177, 67, 217, 109, 71, 156, 99, 179, 45, 8, 210, 117,
       73, 62, 153, 222, 112, 90, 27, 114, 251, 34, 109, 158, 21, 124,
       194, 115, 198, 98, 57, 165, 104, 105, 244, 27, 79, 253, 87, 32,
       252, 10, 83, 105, 156, 52, 88, 202, 22, 124, 218, 186, 109, 63,
       107, 205, 37, 116, 119, 250, 210, 168, 137, 141, 21, 255, 176,
       236, 109, 55, 61, 27, 74, 80, 189, 55, 0, 229, 135, 19, 63, 136,
       51, 152, 115, 231, 237, 254, 90, 64, 130, 192, 129, 40, 246, 190,
       206, 182, 254, 34, 190, 254, 153, 190, 152, 255, 77, 107, 187,
       135, 255, 231, 223, 231, 116, 67, 136, 238, 250, 83, 239, 191,
       173, 252, 43, 159, 57, 164, 144, 96, 173, 189, 82, 219, 107, 249,
       168, 76, 142, 248, 94, 180, 153, 138, 108, 28, 159, 43, 90, 149,
       155, 221, 5, 126, 216, 78, 202, 134, 3, 133, 27, 139, 149, 227,
       162, 111, 94, 65, 89, 131, 228, 124, 60, 32, 249, 11, 2, 177, 23,
       186, 57, 223, 173, 20, 143, 70, 221, 74, 177, 212, 201, 45, 156,
       244, 168, 44, 116, 55, 184, 155, 166, 29, 159, 51, 3, 83, 135,
       167, 108, 12, 124, 76, 211, 2, 235, 251, 116, 17, 168, 224, 138,
       11, 217, 14, 30, 52, 40, 58, 68, 50, 228, 26, 166, 24, 215, 35,
       130, 251, 163, 230, 236, 42, 109, 201, 163, 44, 210, 243, 112, 17,
       106, 224, 74, 0, 43, 160, 174, 152, 77, 149, 152, 73, 206, 121,
       149, 15, 136, 216, 118, 170, 200, 33, 251, 21, 150, 107, 222, 208,
       26, 89, 91, 251, 221, 14, 251, 134, 85, 71, 69, 101, 178, 10, 110,
       185, 116, 162, 235, 224, 211, 99, 153, 112, 114, 196, 44, 238,
       105, 144, 77, 14, 172, 174, 167, 4, 44, 243, 224, 32, 124, 255,
       248, 98, 186, 221, 23, 156, 66, 237, 60, 173, 215, 221, 67, 48,
       151, 125, 221, 82, 139, 43, 254, 63, 251, 133, 37, 253, 228, 179,
       134, 123, 243, 56, 255, 88, 170, 252, 89, 214, 251, 87, 160, 184,
       58, 191, 196, 59, 135, 183, 124, 144, 191, 111, 182, 112, 147,
       186, 80, 122, 192, 193, 166, 127, 64, 22, 221, 101, 50, 106, 49,
       57, 56, 163, 115, 248, 215, 51, 136, 51, 51, 53, 108, 32, 48, 252,
       65, 14, 204, 166, 113, 16, 228, 224, 7, 33, 60, 117, 25, 229, 89,
