%YAML:1.0
---
descriptors: !!opencv-matrix
   rows: 260
   cols: 32
   dt: u
   data: [ 76, 249, 147, 110, 105, 76, 49, 200, 235, 169, 161, 40, 222,
       215, 64, 54, 160, 117, 104, 64, 1, 107, 170, 112, 221, 176, 69,
       123, 66, 35, 39, 171, 218, 252, 146, 186, 27, 197, 18, 198, 191,
       21, 128, 29, 174, 151, 98, 211, 239, 211, 235, 87, 102, 79, 154,
       243, 249, 80, 30, 123, 16, 21, 47, 218, 135, 141, 237, 151, 214,
       159, 191, 169, 222, 243, 84, 151, 241, 252, 127, 43, 95, 107, 51,
       63, 182, 252, 126, 255, 109, 30, 223, 68, 149, 252, 213, 252, 41,
       88, 81, 115, 116, 143, 227, 20, 116, 41, 115, 82, 243, 17, 152,
       184, 122, 188, 54, 90, 177, 252, 85, 45, 68, 175, 48, 64, 239,
       139, 192, 160, 182, 48, 182, 244, 237, 127, 220, 202, 187, 186,
       176, 27, 78, 254, 77, 191, 253, 255, 247, 243, 44, 119, 218, 194,
       147, 218, 69, 55, 193, 125, 78, 23, 92, 178, 158, 178, 171, 208,
       24, 239, 163, 149, 165, 185, 31, 215, 106, 219, 247, 219, 253,
       144, 126, 67, 138, 160, 251, 225, 63, 255, 160, 0, 175, 83, 180,
       48, 183, 128, 79, 87, 177, 72, 245, 216, 243, 34, 64, 220, 111,
       235, 252, 188, 174, 243, 141, 247, 182, 192, 31, 81, 199, 47, 227,
       45, 116, 215, 21, 71, 79, 237, 150, 2, 111, 248, 116, 0, 219, 230,
       83, 99, 185, 96, 126, 204, 30, 238, 233, 177, 13, 14, 244, 174,
       171, 132, 61, 187, 112, 160, 149, 197, 215, 229, 130, 42, 110,
       249, 125, 162, 107, 210, 85, 227, 185, 81, 55, 223, 63, 238, 112,
       213, 13, 74, 188, 174, 71, 4, 165, 243, 161, 128, 221, 148, 254,
       215, 163, 126, 63, 191, 54, 95, 207, 180, 223, 119, 138, 251, 119,
       214, 252, 142, 191, 217, 255, 227, 251, 239, 118, 196, 162, 245,
       165, 113, 57, 190, 154, 120, 237, 189, 80, 215, 235, 27, 188, 13,
       47, 249, 66, 186, 165, 187, 204, 16, 158, 111, 18, 177, 219, 223,
       116, 123, 234, 76, 202, 143, 254, 125, 246, 103, 175, 127, 222,
       151, 123, 254, 62, 27, 79, 189, 87, 191, 167, 215, 245, 19, 188,
       254, 249, 226, 187, 223, 85, 247, 231, 253, 222, 215, 172, 115,
       28, 103, 32, 14, 127, 184, 60, 140, 119, 76, 223, 67, 139, 17,
       180, 84, 68, 110, 224, 180, 9, 12, 231, 251, 97, 132, 72, 179, 66,
       177, 74, 163, 229, 244, 124, 128, 249, 254, 155, 189, 146, 235,
       237, 239, 216, 2, 159, 119, 255, 197, 130, 75, 235, 253, 92, 54,
       255, 212, 6, 168, 23, 105, 184, 238, 106, 251, 55, 211, 222, 220,
       87, 102, 244, 179, 43, 205, 115, 32, 127, 255, 135, 215, 238, 190,
       45, 191, 251, 205, 167, 225, 119, 159, 44, 222, 66, 169, 142, 182,
       137, 236, 52, 131, 174, 95, 139, 17, 236, 247, 74, 202, 129, 119,
       249, 17, 54, 73, 139, 243, 141, 54, 95, 251, 128, 68, 157, 75, 1,
       142, 79, 249, 180, 171, 105, 23, 108, 65, 126, 246, 147, 43, 176,
       96, 107, 170, 6, 156, 179, 184, 101, 215, 206, 255, 178, 192, 253,
       200, 192, 169, 69, 89, 145, 77, 128, 14, 71, 190, 121, 170, 106,
       68, 214, 51, 129, 114, 144, 100, 124, 106, 73, 248, 209, 8, 165,
       190, 97, 4, 72, 242, 67, 40, 246, 119, 233, 230, 218, 70, 79, 216,
       50, 236, 189, 175, 81, 103, 207, 82, 127, 221, 21, 254, 233, 67,
       191, 74, 120, 141, 175, 172, 173, 243, 167, 241, 53, 149, 108,
       164, 142, 83, 223, 248, 64, 230, 157, 143, 83, 124, 155, 35, 93,
       196, 124, 239, 237, 99, 125, 142, 250, 15, 237, 181, 125, 250,
       124, 83, 45, 185, 145, 65, 125, 79, 67, 136, 79, 233, 104, 8, 214,
       209, 93, 180, 144, 76, 114, 88, 3, 176, 249, 27, 47, 156, 5, 118,
       218, 10, 82, 175, 74, 241, 26, 184, 48, 196, 56, 255, 42, 53, 200,
       17, 61, 151, 40, 80, 231, 31, 157, 128, 86, 27, 147, 119, 243,
       245, 58, 231, 16, 128, 175, 11, 156, 28, 110, 249, 182, 115, 127,
       186, 148, 222, 94, 178, 221, 119, 187, 105, 127, 118, 191, 190,
       184, 212, 109, 158, 207, 235, 239, 197, 182, 253, 189, 243, 15,
       221, 231, 183, 179, 86, 127, 184, 49, 223, 95, 199, 253, 111, 155,
       229, 119, 207, 181, 237, 171, 210, 63, 237, 235, 127, 239, 132,
       174, 231, 49, 121, 77, 183, 173, 155, 184, 63, 111, 191, 63, 250,
       182, 252, 255, 102, 154, 245, 55, 202, 254, 46, 243, 104, 239,
       255, 236, 95, 127, 252, 142, 244, 131, 121, 69, 5, 28, 101, 180,
       42, 102, 168, 116, 160, 234, 64, 215, 51, 1, 81, 80, 68, 104, 106,
       105, 240, 201, 14, 164, 166, 39, 20, 64, 115, 75, 32, 75, 161,
       228, 213, 255, 84, 169, 121, 123, 244, 20, 142, 104, 108, 222,
       175, 63, 197, 243, 173, 181, 122, 191, 201, 31, 91, 223, 175, 199,
       164, 91, 253, 189, 53, 113, 96, 245, 127, 199, 81, 121, 234, 121,
       88, 155, 28, 221, 180, 156, 153, 20, 58, 249, 178, 116, 138, 185,
       220, 37, 38, 195, 250, 195, 229, 138, 139, 183, 191, 221, 196,
       189, 231, 159, 29, 216, 19, 172, 191, 38, 64, 205, 59, 171, 129,
       50, 139, 98, 247, 111, 119, 158, 75, 146, 92, 181, 250, 188, 40,
       154, 52, 16, 235, 82, 66, 178, 135, 229, 25, 55, 195, 66, 24, 168,
       253, 196, 82, 26, 223, 130, 42, 219, 197, 49, 25, 96, 33, 46, 130,
       232, 110, 188, 113, 168, 110, 117, 159, 123, 190, 54, 25, 159, 63,
       67, 27, 167, 20, 109, 60, 56, 236, 243, 2, 207, 251, 117, 85, 192,
       240, 78, 115, 182, 53, 182, 242, 237, 127, 220, 207, 187, 186,
       185, 27, 206, 190, 69, 187, 255, 255, 255, 147, 60, 103, 218, 194,
       187, 222, 95, 55, 193, 125, 206, 151, 92, 149, 244, 119, 171, 90,
       127, 188, 51, 127, 247, 177, 91, 127, 142, 255, 247, 215, 253,
       250, 190, 209, 191, 161, 251, 255, 247, 215, 166, 245, 236, 115,
       9, 217, 19, 69, 49, 207, 102, 244, 236, 104, 106, 72, 182, 16, 5,
       52, 144, 122, 88, 106, 197, 184, 16, 61, 165, 156, 1, 16, 74, 50,
       74, 156, 117, 199, 237, 166, 156, 7, 223, 248, 82, 234, 159, 75,
       83, 125, 147, 34, 93, 196, 125, 239, 232, 243, 109, 46, 251, 175,
       229, 180, 101, 251, 112, 97, 14, 217, 166, 147, 227, 214, 188,
       205, 47, 113, 83, 131, 76, 190, 125, 232, 247, 219, 183, 215, 210,
       217, 59, 240, 159, 89, 222, 199, 151, 22, 177, 223, 66, 57, 228,
       215, 139, 240, 188, 167, 171, 215, 78, 179, 172, 190, 87, 238,
       167, 119, 249, 145, 22, 200, 183, 224, 15, 54, 222, 131, 135, 84,
       181, 126, 13, 156, 236, 191, 164, 43, 103, 191, 124, 242, 91, 151,
       247, 121, 27, 65, 123, 74, 63, 47, 244, 248, 95, 170, 236, 79,
       255, 4, 188, 254, 209, 210, 67, 142, 213, 213, 244, 178, 109, 246,
       57, 159, 118, 248, 172, 39, 149, 157, 39, 103, 31, 140, 160, 218,
       97, 239, 62, 254, 247, 194, 134, 240, 65, 109, 247, 183, 237, 102,
       218, 6, 207, 248, 16, 238, 189, 238, 81, 103, 221, 55, 127, 221,
       85, 238, 233, 195, 253, 78, 121, 138, 239, 188, 37, 242, 102, 241,
       82, 169, 168, 216, 137, 209, 25, 175, 175, 53, 132, 137, 174, 214,
       78, 122, 195, 215, 253, 148, 26, 75, 251, 245, 219, 208, 159, 255,
       16, 2, 135, 126, 216, 53, 158, 62, 169, 253, 20, 67, 255, 191,
       167, 25, 238, 245, 75, 219, 129, 119, 238, 0, 62, 103, 219, 49,
       211, 211, 85, 59, 194, 120, 143, 2, 76, 160, 148, 179, 165, 110,
       124, 159, 62, 251, 19, 17, 223, 59, 90, 75, 229, 71, 253, 145, 50,
       216, 203, 224, 205, 247, 255, 197, 130, 85, 133, 83, 137, 220,
       236, 213, 180, 47, 255, 191, 94, 123, 30, 86, 241, 57, 150, 99, 5,
       70, 55, 44, 243, 252, 93, 127, 110, 15, 247, 196, 221, 216, 217,
       217, 170, 184, 242, 154, 75, 209, 184, 232, 159, 149, 244, 187,
       108, 222, 110, 141, 255, 249, 163, 209, 102, 223, 218, 241, 31,
       83, 95, 107, 87, 4, 47, 222, 57, 188, 178, 106, 233, 157, 82, 215,
       227, 77, 189, 13, 63, 251, 74, 144, 167, 163, 228, 16, 158, 43,
       154, 179, 219, 223, 48, 123, 234, 6, 202, 219, 88, 169, 154, 56,
       155, 141, 16, 207, 163, 21, 160, 25, 47, 179, 98, 154, 163, 179,
       237, 16, 30, 75, 138, 49, 219, 193, 20, 123, 240, 0, 171, 10, 96,
       34, 104, 33, 32, 137, 121, 23, 32, 77, 52, 141, 19, 3, 18, 24, 0,
