%YAML:1.0
---
descriptors: !!opencv-matrix
   rows: 231
   cols: 32
   dt: u
   data: [ 92, 221, 26, 174, 176, 150, 94, 240, 36, 140, 218, 35, 95,
       251, 35, 208, 244, 253, 189, 226, 76, 147, 168, 174, 250, 229,
       175, 201, 32, 179, 47, 67, 37, 52, 184, 67, 253, 125, 179, 206,
       206, 253, 189, 8, 154, 124, 79, 42, 137, 91, 82, 24, 147, 98, 120,
       160, 79, 221, 7, 63, 209, 91, 71, 247, 33, 65, 123, 69, 84, 14,
       103, 48, 100, 0, 110, 72, 211, 1, 153, 52, 120, 204, 6, 110, 201,
       176, 117, 15, 101, 172, 32, 0, 97, 187, 66, 160, 56, 219, 122,
       106, 240, 143, 95, 245, 100, 12, 124, 8, 63, 19, 160, 16, 190, 58,
       7, 110, 218, 186, 56, 61, 251, 205, 36, 97, 114, 146, 230, 171,
       120, 187, 248, 58, 170, 232, 81, 15, 162, 29, 172, 41, 55, 173,
       82, 26, 129, 151, 237, 17, 30, 107, 194, 49, 219, 229, 48, 121,
       225, 0, 198, 75, 72, 181, 177, 248, 253, 205, 17, 143, 251, 21, 8,
       25, 142, 249, 72, 2, 129, 26, 233, 17, 18, 107, 154, 151, 233,
       148, 21, 127, 130, 8, 151, 122, 12, 145, 60, 251, 173, 221, 213,
       185, 206, 125, 245, 19, 222, 93, 58, 105, 201, 18, 187, 25, 218,
       40, 123, 181, 207, 219, 86, 119, 210, 8, 213, 114, 147, 84, 175,
       157, 134, 118, 173, 103, 124, 215, 83, 151, 208, 44, 182, 111,
       237, 71, 59, 141, 181, 220, 53, 234, 5, 42, 222, 128, 141, 125,
       177, 252, 55, 179, 105, 193, 254, 31, 111, 249, 27, 237, 125, 238,
       73, 77, 222, 180, 63, 156, 23, 255, 211, 50, 109, 221, 62, 92,
       141, 246, 255, 174, 210, 245, 71, 190, 133, 179, 162, 176, 188,
       150, 190, 215, 2, 247, 237, 238, 75, 79, 167, 103, 251, 151, 183,
       216, 191, 225, 140, 114, 223, 194, 172, 85, 169, 93, 136, 184, 57,
       240, 48, 221, 49, 246, 254, 125, 38, 24, 158, 151, 96, 56, 135,
       56, 219, 24, 34, 61, 48, 119, 207, 155, 49, 117, 80, 136, 5, 251,
       175, 255, 109, 87, 238, 55, 191, 189, 86, 242, 94, 230, 89, 125,
       159, 35, 63, 94, 55, 239, 241, 252, 125, 254, 110, 43, 109, 132,
       111, 252, 208, 253, 205, 48, 253, 85, 108, 46, 225, 26, 122, 187,
       119, 112, 211, 55, 197, 127, 67, 124, 110, 8, 161, 244, 243, 64,
       69, 187, 115, 36, 194, 225, 67, 161, 2, 196, 18, 152, 111, 213,
       188, 238, 143, 29, 24, 3, 172, 222, 110, 198, 231, 19, 187, 65,
       70, 43, 18, 247, 53, 84, 30, 63, 22, 28, 173, 207, 35, 142, 73,
       155, 240, 191, 105, 183, 62, 111, 92, 212, 177, 38, 146, 116, 77,
       42, 54, 140, 183, 152, 125, 255, 46, 62, 190, 192, 158, 132, 210,
       252, 127, 245, 242, 224, 229, 95, 126, 253, 23, 253, 159, 15, 75,
       253, 251, 160, 125, 220, 183, 254, 222, 51, 185, 210, 63, 221,
       133, 231, 167, 254, 252, 215, 90, 48, 151, 48, 139, 120, 16, 70,
       235, 83, 160, 120, 14, 182, 108, 254, 167, 147, 204, 0, 23, 75,
       178, 209, 147, 211, 90, 75, 234, 68, 43, 15, 95, 85, 243, 230,
       255, 118, 94, 248, 137, 234, 157, 235, 93, 127, 255, 246, 247,
       213, 221, 231, 245, 67, 188, 238, 187, 255, 175, 254, 142, 247,
       167, 119, 252, 120, 185, 114, 9, 77, 85, 88, 171, 254, 165, 24,
       31, 215, 73, 59, 129, 145, 220, 66, 107, 103, 250, 48, 211, 217,
       85, 63, 106, 49, 6, 115, 188, 69, 123, 108, 85, 118, 86, 80, 65,
       130, 252, 10, 83, 89, 53, 17, 248, 184, 4, 106, 168, 183, 48, 142,
       243, 233, 128, 17, 115, 187, 118, 130, 113, 205, 206, 110, 60, 3,
       78, 237, 116, 130, 235, 202, 115, 107, 185, 112, 126, 230, 104,
       238, 249, 171, 29, 63, 240, 175, 101, 16, 125, 242, 232, 24, 165,
       156, 253, 215, 244, 90, 239, 186, 91, 210, 20, 182, 249, 252, 255,
       167, 31, 110, 54, 47, 245, 236, 190, 255, 46, 31, 245, 236, 207,
       252, 89, 245, 18, 156, 31, 248, 27, 229, 57, 103, 190, 89, 205,
       17, 188, 223, 32, 96, 231, 51, 155, 145, 51, 13, 50, 247, 249,
       247, 26, 75, 152, 4, 165, 123, 75, 54, 234, 172, 106, 36, 27, 26,
       43, 234, 93, 237, 156, 254, 243, 114, 183, 109, 53, 165, 133, 3,
       134, 200, 214, 60, 187, 174, 142, 246, 59, 85, 40, 32, 39, 159,
       77, 221, 225, 64, 166, 85, 231, 1, 168, 213, 58, 100, 200, 40,
       250, 12, 6, 43, 114, 149, 71, 121, 146, 9, 82, 14, 116, 234, 48,
       239, 109, 111, 156, 2, 207, 191, 84, 166, 222, 130, 115, 45, 145,
       32, 89, 198, 125, 239, 232, 250, 109, 63, 124, 175, 175, 144, 101,
       242, 246, 232, 205, 32, 220, 85, 168, 60, 241, 19, 122, 187, 118,
       112, 159, 179, 193, 123, 103, 62, 110, 24, 144, 244, 227, 64, 70,
       251, 114, 0, 202, 225, 75, 161, 248, 133, 102, 236, 213, 82, 118,
       121, 21, 4, 254, 3, 107, 169, 54, 209, 248, 142, 166, 224, 124,
       187, 1, 221, 115, 251, 194, 11, 119, 174, 252, 138, 10, 205, 32,
       155, 221, 215, 190, 239, 31, 5, 94, 2, 236, 124, 62, 196, 217, 43,
       147, 193, 118, 184, 91, 255, 47, 87, 158, 67, 22, 28, 185, 142,
       233, 253, 253, 103, 228, 14, 231, 53, 113, 234, 126, 76, 243, 61,
       148, 51, 28, 254, 116, 110, 233, 248, 241, 40, 111, 251, 101, 144,
       107, 250, 210, 185, 161, 142, 119, 91, 244, 191, 235, 255, 95, 75,
       114, 84, 249, 104, 188, 164, 123, 42, 54, 28, 179, 188, 45, 255,
       44, 30, 54, 192, 223, 200, 209, 173, 82, 186, 206, 191, 202, 160,
       57, 119, 182, 23, 210, 247, 173, 167, 162, 72, 111, 187, 175, 133,
       178, 219, 135, 241, 220, 39, 254, 201, 165, 196, 165, 217, 78,
       189, 208, 219, 253, 157, 190, 238, 223, 57, 93, 11, 236, 248, 94,
       132, 151, 123, 187, 83, 198, 104, 218, 243, 46, 95, 31, 235, 158,
       31, 217, 159, 55, 251, 99, 192, 118, 159, 235, 242, 31, 236, 126,
       238, 25, 140, 246, 52, 62, 236, 23, 254, 197, 187, 52, 252, 62,
       76, 161, 228, 111, 175, 82, 245, 105, 10, 150, 29, 121, 158, 160,
       22, 236, 9, 242, 100, 224, 178, 129, 214, 76, 102, 106, 28, 5,
       249, 195, 109, 6, 122, 114, 2, 74, 132, 123, 141, 60, 93, 134,
       183, 133, 239, 230, 132, 20, 103, 203, 23, 210, 116, 43, 72, 121,
       254, 42, 82, 28, 176, 89, 162, 229, 39, 254, 17, 177, 127, 212,
       210, 103, 242, 132, 37, 136, 10, 102, 184, 3, 226, 43, 197, 211,
       96, 217, 198, 89, 204, 232, 255, 141, 80, 223, 136, 140, 148, 205,
       52, 136, 127, 26, 148, 52, 85, 123, 236, 132, 71, 215, 102, 97,
       134, 250, 10, 19, 25, 37, 25, 248, 149, 4, 98, 72, 163, 16, 12,
       243, 233, 34, 21, 97, 123, 102, 130, 223, 140, 174, 151, 135, 114,
       173, 134, 124, 151, 71, 146, 124, 62, 27, 107, 99, 231, 59, 157,
       176, 221, 191, 224, 253, 43, 222, 65, 133, 245, 181, 104, 40, 41,
       58, 104, 108, 221, 243, 112, 236, 13, 252, 9, 182, 221, 50, 48,
       168, 185, 215, 65, 134, 171, 82, 121, 215, 157, 34, 57, 65, 10,
       95, 203, 82, 157, 59, 184, 155, 225, 24, 231, 157, 81, 200, 179,
       172, 191, 32, 65, 227, 179, 187, 129, 58, 11, 2, 245, 249, 115,
       154, 219, 20, 68, 165, 122, 41, 77, 67, 77, 85, 223, 230, 114,
       117, 96, 122, 76, 50, 48, 181, 180, 88, 236, 2, 110, 201, 186,
       116, 238, 39, 60, 128, 0, 107, 186, 114, 172, 36, 71, 104, 69,
       112, 11, 239, 184, 113, 164, 126, 204, 211, 5, 149, 52, 30, 220,
       2, 238, 192, 176, 253, 78, 102, 188, 1, 4, 103, 187, 70, 160, 32,
       204, 106, 73, 84, 143, 111, 252, 85, 66, 124, 134, 115, 69, 187,
       32, 126, 152, 19, 110, 232, 180, 61, 63, 103, 143, 160, 4, 127,
       155, 80, 184, 124, 36, 255, 231, 214, 46, 102, 184, 113, 162, 118,
       10, 91, 57, 17, 147, 59, 220, 101, 42, 168, 240, 137, 142, 255,
       239, 101, 5, 231, 249, 90, 34, 145, 95, 122, 237, 54, 166, 111,
       250, 116, 128, 202, 198, 179, 43, 177, 96, 126, 253, 30, 238, 233,
       153, 21, 63, 240, 173, 175, 0, 61, 249, 97, 48, 220, 30, 83, 119,
       54, 202, 39, 48, 240, 162, 127, 226, 119, 245, 128, 53, 55, 118,
       100, 106, 97, 209, 168, 46, 104, 166, 101, 128, 39, 243, 103, 161,
       163, 184, 147, 82, 221, 253, 50, 198, 187, 57, 36, 24, 44, 209,
       76, 189, 145, 122, 146, 16, 55, 94, 154, 243, 15, 28, 21, 111,
       138, 1, 219, 158, 149, 31, 127, 237, 178, 34, 111, 242, 52, 202,
