%YAML:1.0
---
descriptors: !!opencv-matrix
   rows: 267
   cols: 32
   dt: u
   data: [ 241, 21, 75, 205, 84, 6, 111, 120, 116, 200, 251, 70, 83, 115,
       176, 113, 120, 252, 30, 234, 233, 179, 53, 14, 48, 174, 163, 0,
       45, 170, 112, 48, 70, 122, 220, 180, 106, 42, 186, 152, 187, 242,
       55, 255, 197, 199, 201, 95, 55, 69, 107, 62, 5, 87, 154, 64, 94,
       146, 67, 62, 173, 227, 11, 145, 35, 141, 47, 95, 156, 173, 109,
       167, 127, 71, 106, 1, 178, 253, 52, 112, 200, 42, 51, 12, 122,
       216, 115, 127, 239, 62, 212, 8, 80, 80, 244, 250, 124, 173, 56,
       122, 89, 205, 19, 200, 231, 5, 205, 9, 102, 217, 42, 80, 248, 251,
       201, 209, 30, 34, 202, 63, 255, 133, 1, 123, 113, 3, 14, 130, 86,
       95, 126, 110, 42, 2, 95, 48, 165, 134, 215, 165, 239, 111, 131,
       87, 38, 245, 77, 235, 232, 129, 13, 172, 242, 227, 110, 145, 110,
       178, 47, 51, 221, 13, 191, 244, 165, 46, 109, 54, 249, 226, 238,
       16, 255, 59, 17, 123, 162, 103, 124, 44, 249, 219, 176, 234, 243,
       251, 86, 0, 138, 240, 99, 40, 2, 141, 148, 155, 233, 244, 188,
       135, 191, 23, 26, 17, 140, 174, 108, 207, 135, 83, 187, 149, 54,
       88, 27, 225, 45, 54, 94, 199, 150, 84, 141, 15, 60, 85, 127, 238,
       240, 86, 95, 248, 53, 200, 255, 2, 91, 127, 41, 176, 126, 212,
       247, 234, 105, 179, 57, 46, 243, 239, 167, 5, 99, 243, 102, 243,
       2, 140, 146, 155, 213, 229, 178, 207, 30, 7, 72, 3, 172, 250, 36,
       196, 217, 59, 131, 17, 22, 186, 91, 255, 45, 54, 154, 107, 144,
       78, 189, 142, 218, 164, 158, 184, 187, 248, 124, 71, 187, 31, 148,
       25, 143, 190, 66, 30, 175, 179, 253, 145, 54, 79, 162, 194, 219,
       247, 94, 219, 162, 68, 175, 223, 49, 6, 111, 233, 20, 171, 105,
       87, 84, 97, 218, 242, 19, 1, 176, 104, 105, 142, 30, 156, 185,
       188, 101, 158, 220, 239, 178, 192, 189, 136, 240, 40, 86, 249, 50,
       166, 189, 12, 126, 204, 175, 168, 154, 0, 206, 158, 105, 82, 246,
       213, 253, 115, 90, 9, 153, 232, 185, 253, 15, 214, 0, 51, 161, 3,
       120, 249, 88, 234, 57, 205, 83, 200, 163, 40, 172, 9, 63, 223, 65,
       144, 136, 185, 237, 64, 74, 43, 218, 177, 211, 213, 1, 59, 114, 2,
       78, 58, 47, 125, 107, 195, 229, 255, 255, 212, 201, 236, 191, 174,
       28, 159, 215, 36, 238, 247, 223, 219, 205, 179, 124, 226, 247, 89,
       175, 179, 15, 255, 223, 255, 58, 181, 32, 187, 151, 153, 150, 237,
       87, 101, 201, 191, 238, 248, 106, 132, 89, 139, 130, 145, 126, 43,
       92, 183, 186, 84, 29, 127, 255, 78, 156, 206, 67, 189, 163, 158,
       252, 221, 175, 239, 255, 216, 88, 72, 236, 252, 244, 164, 147,
       106, 122, 61, 215, 105, 190, 255, 45, 30, 143, 238, 20, 102, 215,
       253, 17, 14, 107, 241, 20, 171, 225, 87, 116, 3, 254, 210, 147, 9,
       176, 104, 105, 138, 6, 157, 187, 188, 101, 134, 196, 239, 178, 64,
       253, 136, 240, 168, 218, 156, 118, 255, 117, 254, 122, 119, 53,
       15, 255, 51, 111, 63, 34, 212, 255, 191, 191, 128, 60, 157, 49,
       239, 247, 247, 146, 195, 38, 196, 173, 79, 36, 39, 121, 65, 116,
       107, 231, 24, 124, 164, 127, 232, 211, 117, 133, 52, 62, 92, 6,
       106, 128, 176, 109, 78, 102, 156, 37, 132, 103, 251, 70, 161, 253,
       176, 156, 122, 169, 188, 80, 218, 243, 59, 181, 29, 31, 155, 74,
       59, 133, 146, 236, 24, 62, 79, 218, 19, 219, 203, 117, 125, 234,
       192, 234, 131, 44, 119, 28, 101, 112, 15, 126, 184, 45, 172, 126,
       237, 207, 105, 139, 144, 150, 85, 197, 102, 236, 240, 65, 14, 230,
       251, 33, 132, 74, 243, 74, 145, 124, 179, 184, 100, 188, 12, 87,
       152, 98, 173, 190, 13, 223, 251, 66, 18, 148, 68, 109, 126, 152,
       35, 241, 0, 251, 253, 37, 125, 194, 179, 198, 99, 215, 77, 71,
       175, 10, 150, 78, 224, 165, 64, 203, 199, 123, 78, 53, 195, 238,
       229, 125, 231, 237, 197, 159, 237, 178, 169, 206, 144, 45, 183,
       57, 92, 202, 56, 180, 209, 233, 157, 184, 71, 171, 191, 180, 29,
       174, 158, 70, 159, 167, 63, 255, 17, 198, 79, 210, 208, 159, 88,
       94, 59, 130, 68, 143, 223, 167, 140, 237, 151, 246, 251, 191, 172,
       94, 243, 94, 147, 241, 124, 191, 43, 95, 106, 51, 63, 182, 248,
       126, 175, 111, 95, 223, 68, 245, 253, 213, 244, 38, 232, 242, 90,
       237, 237, 180, 207, 219, 183, 113, 27, 40, 248, 108, 28, 217, 123,
       163, 19, 50, 126, 218, 243, 31, 30, 87, 111, 209, 89, 207, 142,
       90, 125, 63, 240, 179, 192, 61, 183, 189, 197, 206, 165, 189, 183,
       3, 80, 39, 51, 253, 144, 67, 201, 51, 111, 251, 231, 62, 139, 34,
       208, 165, 123, 252, 119, 233, 66, 218, 70, 95, 216, 50, 236, 181,
       175, 89, 71, 207, 27, 63, 205, 85, 254, 234, 71, 189, 122, 123,
       141, 175, 188, 181, 243, 39, 243, 217, 61, 191, 244, 163, 6, 127,
       182, 185, 202, 174, 76, 125, 55, 65, 123, 167, 247, 125, 200, 241,
       217, 177, 238, 251, 255, 95, 0, 170, 240, 163, 59, 34, 169, 146,
       155, 221, 229, 182, 207, 30, 7, 88, 19, 172, 248, 100, 140, 217,
       123, 131, 17, 22, 58, 90, 243, 45, 22, 159, 107, 212, 94, 157,
       142, 53, 87, 99, 76, 118, 51, 238, 120, 84, 194, 248, 230, 83,
       204, 181, 173, 126, 232, 22, 238, 237, 179, 36, 142, 50, 108, 163,
       132, 127, 255, 112, 181, 138, 184, 178, 145, 105, 253, 176, 71,
       191, 31, 100, 17, 172, 158, 70, 223, 135, 59, 243, 17, 22, 92,
       242, 209, 15, 80, 90, 107, 130, 68, 143, 223, 45, 239, 249, 69,
       244, 15, 255, 186, 91, 234, 60, 76, 255, 105, 213, 48, 151, 108,
       87, 126, 225, 112, 233, 190, 111, 223, 37, 52, 206, 251, 82, 177,
       71, 189, 245, 83, 252, 236, 167, 183, 222, 221, 94, 2, 240, 244,
       220, 100, 121, 126, 122, 26, 211, 248, 255, 247, 45, 62, 135, 68,
       199, 250, 213, 253, 70, 114, 176, 54, 235, 112, 148, 202, 219,
       247, 33, 61, 204, 254, 79, 142, 151, 95, 225, 147, 134, 103, 170,
       226, 26, 86, 95, 47, 195, 117, 175, 215, 60, 204, 219, 126, 210,
       195, 95, 248, 22, 130, 116, 163, 113, 247, 41, 112, 127, 251, 151,
       162, 122, 255, 8, 63, 123, 167, 181, 169, 243, 240, 102, 186, 3,
       191, 5, 159, 252, 237, 173, 255, 30, 123, 88, 247, 180, 228, 190,
       4, 207, 43, 22, 5, 247, 26, 126, 215, 172, 22, 63, 234, 156, 92,
       149, 221, 194, 254, 190, 158, 186, 232, 189, 230, 190, 87, 218,
       183, 172, 174, 102, 2, 167, 115, 251, 145, 118, 77, 166, 227, 254,
       54, 94, 203, 132, 85, 167, 223, 52, 98, 72, 109, 74, 19, 86, 72,
       19, 172, 189, 171, 67, 2, 202, 144, 88, 205, 199, 226, 72, 34,
       201, 26, 246, 197, 161, 63, 113, 50, 14, 131, 78, 189, 181, 178,
       187, 232, 51, 133, 171, 221, 11, 181, 236, 247, 72, 14, 167, 115,
       253, 17, 23, 73, 186, 226, 253, 118, 94, 203, 130, 71, 135, 115,
       120, 107, 120, 96, 52, 79, 87, 149, 97, 236, 116, 9, 151, 23, 67,
       48, 156, 220, 69, 124, 200, 58, 225, 12, 251, 221, 37, 124, 98,
       184, 70, 115, 87, 83, 206, 36, 42, 10, 126, 56, 169, 192, 131,
       229, 93, 111, 15, 90, 54, 245, 253, 230, 197, 197, 157, 72, 242,
       163, 75, 140, 47, 183, 43, 19, 117, 80, 207, 164, 4, 86, 79, 220,
       69, 226, 211, 86, 83, 56, 187, 106, 120, 196, 60, 239, 205, 183,
       189, 2, 178, 174, 231, 148, 173, 251, 248, 4, 119, 188, 187, 218,
       251, 229, 155, 218, 31, 127, 220, 42, 30, 247, 205, 60, 253, 223,
       127, 25, 155, 91, 251, 243, 157, 62, 159, 250, 145, 89, 39, 245,
       9, 252, 142, 187, 240, 198, 51, 247, 182, 73, 70, 16, 180, 247,
       34, 80, 193, 106, 59, 156, 51, 217, 58, 63, 237, 167, 190, 73,
       144, 0, 171, 250, 46, 248, 49, 90, 253, 221, 18, 196, 187, 57, 45,
       120, 174, 213, 108, 180, 145, 58, 195, 82, 83, 42, 250, 119, 47,
       85, 21, 123, 210, 22, 214, 251, 228, 44, 191, 122, 172, 201, 77,
       196, 251, 30, 181, 24, 255, 243, 156, 63, 129, 226, 76, 74, 58,
       111, 234, 99, 211, 219, 117, 56, 194, 209, 198, 33, 37, 231, 174,
       31, 220, 191, 231, 255, 126, 190, 255, 77, 226, 232, 95, 18, 217,
       238, 110, 127, 230, 247, 235, 127, 126, 63, 101, 124, 209, 255,
