%YAML:1.0
---
descriptors: !!opencv-matrix
   rows: 236
   cols: 32
   dt: u
   data: [ 194, 219, 28, 218, 106, 217, 21, 231, 207, 29, 180, 40, 174,
       222, 230, 81, 198, 51, 238, 80, 70, 107, 98, 245, 171, 144, 60,
       251, 16, 24, 141, 111, 169, 181, 189, 117, 229, 239, 85, 191, 123,
       251, 62, 28, 127, 125, 0, 179, 157, 118, 100, 8, 57, 248, 249, 31,
       239, 223, 117, 112, 106, 72, 194, 187, 143, 214, 121, 254, 246,
       39, 255, 248, 89, 194, 93, 214, 93, 109, 189, 33, 55, 89, 23, 239,
       225, 36, 46, 254, 111, 223, 111, 172, 255, 255, 65, 241, 40, 175,
       16, 73, 221, 187, 66, 110, 119, 36, 232, 8, 194, 113, 0, 148, 216,
       170, 66, 120, 28, 186, 72, 31, 46, 213, 1, 121, 91, 10, 94, 130,
       44, 127, 184, 101, 253, 95, 94, 154, 111, 236, 188, 13, 223, 61,
       67, 146, 157, 216, 213, 126, 206, 114, 89, 56, 239, 223, 37, 53,
       202, 251, 78, 211, 61, 220, 101, 237, 7, 94, 231, 188, 69, 206,
       254, 70, 219, 93, 181, 228, 123, 196, 190, 111, 205, 180, 125,
       190, 103, 127, 229, 4, 127, 190, 84, 124, 69, 180, 149, 119, 233,
       111, 101, 223, 59, 59, 105, 92, 222, 119, 72, 121, 145, 94, 106,
       42, 49, 82, 251, 119, 253, 158, 85, 102, 200, 115, 131, 178, 40,
       46, 146, 114, 89, 175, 66, 67, 251, 41, 104, 8, 38, 211, 32, 148,
       145, 42, 72, 24, 10, 187, 146, 59, 179, 213, 17, 59, 218, 66, 202,
       138, 222, 125, 235, 96, 178, 98, 63, 240, 49, 230, 31, 185, 95,
       255, 195, 50, 55, 245, 253, 243, 249, 213, 189, 106, 251, 207,
       109, 197, 231, 247, 167, 115, 169, 193, 125, 71, 180, 91, 239, 61,
       84, 236, 119, 2, 251, 88, 158, 33, 122, 236, 6, 234, 249, 248,
       125, 142, 111, 201, 167, 192, 103, 170, 196, 236, 151, 22, 142,
       188, 12, 178, 188, 97, 156, 94, 211, 247, 76, 238, 55, 203, 238,
       37, 191, 167, 180, 197, 6, 200, 0, 34, 235, 131, 29, 100, 57, 215,
       197, 222, 95, 157, 162, 6, 175, 182, 124, 66, 66, 244, 213, 38,
       152, 97, 119, 71, 58, 239, 229, 220, 53, 111, 172, 34, 254, 196,
       44, 240, 161, 245, 187, 79, 110, 174, 188, 151, 206, 125, 197, 4,
       217, 199, 99, 104, 179, 65, 92, 224, 31, 239, 236, 163, 76, 157,
       178, 107, 169, 144, 125, 190, 248, 68, 72, 186, 20, 186, 233, 173,
       16, 199, 171, 29, 160, 25, 174, 147, 64, 27, 129, 179, 237, 0, 26,
       75, 218, 49, 217, 241, 82, 123, 152, 0, 139, 11, 214, 26, 158,
       182, 42, 34, 61, 1, 188, 158, 215, 183, 236, 231, 163, 75, 230,
       117, 237, 130, 32, 197, 139, 72, 208, 162, 123, 131, 128, 113, 37,
       115, 49, 13, 233, 71, 86, 123, 199, 122, 85, 235, 254, 234, 115,
       60, 148, 36, 120, 206, 118, 172, 169, 250, 109, 175, 62, 174, 229,
       192, 103, 170, 82, 244, 64, 65, 29, 109, 36, 78, 71, 48, 100, 4,
       234, 8, 215, 55, 1, 112, 80, 84, 108, 106, 73, 176, 249, 12, 229,
       233, 32, 16, 96, 187, 70, 98, 219, 222, 79, 189, 2, 134, 110, 182,
       180, 194, 66, 215, 61, 2, 49, 195, 102, 229, 57, 231, 229, 221,
       21, 111, 228, 227, 222, 0, 45, 180, 41, 24, 60, 204, 122, 238,
       118, 219, 87, 250, 87, 12, 125, 34, 115, 221, 161, 96, 91, 250,
       135, 122, 106, 186, 104, 191, 243, 239, 37, 1, 119, 187, 116, 171,
       248, 172, 157, 250, 169, 237, 81, 119, 163, 251, 164, 24, 183,
       183, 64, 123, 129, 178, 92, 24, 59, 79, 250, 49, 217, 211, 85,
       120, 128, 64, 134, 42, 8, 158, 149, 253, 52, 202, 109, 55, 54,
       107, 90, 240, 189, 55, 144, 228, 111, 63, 54, 136, 227, 220, 65,
       255, 236, 246, 190, 128, 30, 192, 161, 185, 65, 61, 189, 101, 52,
       110, 109, 55, 104, 227, 106, 8, 182, 57, 16, 50, 128, 38, 121, 9,
       177, 248, 241, 14, 197, 190, 84, 16, 72, 96, 215, 106, 181, 70,
       196, 23, 214, 11, 230, 172, 86, 162, 226, 218, 243, 96, 153, 72,
       121, 236, 34, 62, 104, 244, 77, 62, 44, 166, 229, 0, 229, 251, 80,
       128, 116, 112, 25, 236, 8, 79, 83, 216, 50, 96, 173, 8, 215, 87,
       9, 16, 216, 216, 73, 106, 9, 3, 91, 24, 209, 205, 1, 60, 112, 35,
       70, 50, 196, 76, 189, 119, 172, 111, 103, 188, 124, 182, 226, 8,
       215, 117, 9, 123, 153, 84, 104, 106, 104, 244, 123, 47, 229, 187,
       101, 16, 64, 121, 71, 98, 65, 160, 189, 125, 8, 15, 193, 56, 118,
       241, 166, 8, 243, 249, 20, 42, 149, 100, 120, 76, 137, 232, 251,
       13, 207, 187, 85, 84, 200, 168, 64, 40, 82, 185, 159, 248, 171,
       193, 17, 207, 175, 29, 164, 41, 172, 247, 98, 90, 231, 179, 239,
       144, 18, 75, 162, 241, 219, 215, 95, 123, 144, 0, 167, 123, 45,
       104, 55, 95, 13, 223, 67, 144, 71, 232, 230, 8, 242, 149, 21, 61,
       216, 236, 122, 74, 9, 246, 121, 56, 199, 249, 1, 16, 82, 43, 86,
       32, 204, 60, 147, 250, 33, 236, 81, 146, 187, 139, 96, 24, 190,
       215, 65, 120, 147, 59, 117, 16, 35, 92, 178, 99, 201, 223, 16, 74,
       192, 65, 39, 59, 217, 143, 214, 85, 180, 62, 108, 182, 125, 138,
       126, 86, 251, 34, 151, 245, 99, 230, 110, 140, 253, 216, 85, 207,
       174, 239, 103, 128, 170, 240, 104, 13, 201, 142, 214, 93, 104, 58,
       104, 186, 255, 190, 118, 244, 143, 34, 150, 255, 39, 196, 110, 44,
       244, 252, 103, 95, 14, 251, 115, 196, 78, 228, 75, 5, 76, 179,
       216, 35, 186, 9, 30, 153, 42, 189, 63, 253, 207, 227, 203, 26,
       151, 223, 237, 118, 18, 80, 203, 96, 238, 213, 53, 253, 168, 247,
       143, 19, 240, 42, 150, 144, 141, 169, 64, 198, 255, 187, 160, 25,
       166, 161, 65, 223, 233, 226, 106, 16, 58, 111, 194, 50, 153, 146,
       87, 123, 200, 72, 106, 10, 135, 255, 229, 159, 238, 18, 175, 188,
       159, 210, 17, 247, 204, 236, 255, 239, 23, 71, 63, 111, 247, 100,
       175, 251, 44, 58, 111, 142, 30, 247, 145, 245, 228, 173, 63, 123,
       136, 239, 101, 174, 254, 155, 170, 24, 247, 247, 65, 123, 129,
       118, 104, 24, 59, 233, 251, 48, 233, 186, 85, 80, 192, 64, 199,
       42, 61, 215, 113, 103, 102, 95, 231, 253, 85, 234, 247, 110, 123,
       93, 188, 164, 124, 240, 182, 234, 217, 190, 109, 254, 127, 223,
       37, 132, 127, 190, 244, 125, 109, 124, 181, 85, 237, 127, 196,
       174, 91, 250, 36, 24, 218, 120, 29, 189, 153, 110, 114, 104, 253,
       118, 241, 184, 39, 94, 85, 54, 202, 125, 218, 166, 254, 106, 238,
       166, 96, 50, 79, 208, 49, 174, 150, 239, 75, 47, 211, 219, 126,
       197, 237, 230, 168, 215, 173, 170, 210, 227, 239, 149, 167, 247,
       118, 112, 199, 158, 205, 183, 162, 160, 47, 134, 190, 215, 75,
       247, 253, 102, 219, 75, 39, 103, 61, 151, 183, 220, 159, 227, 140,
       54, 255, 192, 172, 117, 161, 85, 254, 67, 226, 140, 237, 18, 204,
       72, 209, 206, 213, 151, 72, 200, 255, 207, 88, 236, 167, 239, 252,
       231, 166, 192, 18, 121, 195, 143, 39, 189, 124, 196, 236, 53, 248,
       99, 236, 47, 93, 25, 51, 191, 183, 28, 219, 115, 74, 27, 157, 140,
       125, 60, 184, 112, 249, 2, 207, 223, 37, 117, 202, 234, 198, 99,
       90, 169, 191, 248, 43, 193, 49, 78, 175, 21, 164, 161, 172, 215,
       96, 82, 238, 177, 239, 208, 26, 75, 162, 209, 217, 241, 26, 251,
       16, 0, 39, 123, 135, 199, 239, 211, 228, 55, 239, 188, 94, 210,
       87, 210, 89, 104, 253, 239, 63, 194, 51, 255, 243, 244, 63, 255,
       110, 10, 239, 196, 223, 249, 241, 228, 227, 139, 106, 206, 228,
       18, 254, 253, 21, 70, 214, 231, 97, 206, 182, 244, 126, 206, 183,
       238, 221, 159, 172, 239, 62, 127, 238, 143, 31, 174, 248, 221, 40,
       186, 154, 90, 121, 157, 114, 87, 255, 13, 100, 76, 166, 193, 96,
       148, 137, 58, 194, 16, 26, 42, 90, 59, 6, 213, 17, 59, 90, 10,
       202, 154, 189, 183, 123, 103, 240, 15, 119, 241, 49, 236, 255,
       239, 115, 119, 138, 113, 252, 250, 87, 230, 249, 186, 104, 175,
       255, 201, 165, 164, 107, 251, 246, 243, 70, 172, 133, 22, 137,
       169, 160, 143, 158, 243, 136, 249, 228, 224, 76, 15, 129, 99, 104,
       21, 55, 77, 202, 115, 140, 22, 93, 126, 152, 100, 131, 12, 233,
       241, 60, 97, 229, 95, 117, 191, 123, 189, 54, 28, 158, 51, 74, 55,
       149, 28, 117, 56, 243, 120, 241, 22, 239, 219, 53, 116, 202, 152,
