%YAML:1.0
---
descriptors: !!opencv-matrix
   rows: 204
   cols: 32
   dt: u
   data: [ 171, 172, 16, 91, 89, 149, 138, 207, 95, 27, 112, 92, 168,
       202, 118, 181, 153, 43, 130, 153, 231, 110, 90, 255, 47, 28, 159,
       105, 91, 0, 202, 142, 170, 168, 49, 155, 205, 245, 176, 207, 223,
       51, 64, 18, 172, 216, 124, 205, 217, 43, 147, 145, 54, 126, 122,
       243, 15, 86, 158, 107, 147, 76, 157, 206, 0, 189, 145, 99, 242,
       239, 163, 239, 58, 253, 41, 72, 86, 52, 68, 176, 183, 95, 113, 17,
       17, 120, 185, 60, 45, 142, 53, 116, 192, 10, 199, 249, 44, 254,
       219, 88, 233, 249, 55, 207, 239, 7, 108, 40, 174, 243, 77, 188,
       63, 251, 194, 16, 2, 50, 178, 115, 127, 215, 23, 107, 210, 112,
       207, 131, 70, 173, 232, 215, 221, 248, 110, 164, 187, 151, 15,
       145, 233, 239, 95, 79, 87, 246, 57, 223, 118, 80, 254, 227, 47,
       127, 207, 173, 166, 247, 223, 84, 55, 135, 192, 133, 214, 51, 206,
       251, 19, 226, 218, 239, 65, 104, 159, 132, 127, 206, 23, 175, 253,
       242, 77, 158, 60, 14, 173, 148, 191, 252, 120, 212, 146, 143, 238,
       188, 186, 162, 57, 239, 150, 29, 220, 247, 109, 231, 162, 73, 111,
       251, 175, 133, 58, 203, 7, 253, 250, 99, 254, 203, 181, 228, 165,
       201, 88, 157, 127, 237, 116, 206, 127, 55, 37, 12, 250, 3, 187,
       55, 0, 80, 118, 255, 127, 168, 88, 154, 49, 79, 247, 239, 162,
       128, 32, 192, 228, 91, 40, 169, 179, 64, 219, 217, 177, 199, 234,
       17, 44, 40, 158, 149, 68, 180, 129, 58, 192, 16, 19, 42, 162, 17,
       47, 148, 20, 123, 194, 64, 199, 170, 11, 254, 6, 187, 123, 147,
       42, 230, 191, 16, 64, 229, 44, 138, 160, 149, 167, 107, 194, 215,
       231, 159, 14, 255, 188, 82, 158, 226, 28, 21, 43, 157, 130, 160,
       80, 147, 93, 221, 184, 69, 175, 17, 0, 27, 172, 218, 90, 140, 171,
       43, 219, 17, 54, 108, 22, 215, 141, 16, 26, 107, 214, 12, 9, 142,
       10, 21, 148, 145, 197, 110, 188, 7, 61, 23, 74, 19, 204, 62, 67,
       207, 227, 23, 171, 145, 16, 216, 83, 224, 13, 114, 222, 67, 130,
       116, 189, 194, 109, 41, 236, 103, 44, 91, 195, 184, 70, 176, 55,
       8, 211, 57, 209, 34, 88, 196, 125, 122, 200, 240, 237, 40, 79,
       233, 229, 52, 231, 171, 80, 32, 130, 206, 44, 191, 44, 131, 189,
       174, 156, 62, 150, 183, 228, 78, 50, 75, 239, 99, 235, 199, 102,
       205, 79, 255, 192, 34, 250, 147, 20, 29, 61, 207, 207, 20, 134,
       151, 165, 54, 184, 131, 127, 251, 19, 87, 204, 58, 95, 235, 231,
       71, 250, 149, 181, 212, 159, 226, 12, 118, 222, 135, 140, 117,
       185, 149, 166, 193, 18, 158, 221, 213, 150, 232, 159, 20, 177, 11,
       108, 254, 47, 197, 216, 249, 203, 99, 102, 35, 90, 221, 55, 82,
       207, 63, 83, 63, 45, 134, 34, 161, 168, 120, 217, 141, 240, 222,
       151, 25, 116, 25, 130, 221, 112, 4, 201, 26, 83, 25, 26, 42, 210,
       19, 79, 222, 157, 127, 210, 8, 194, 130, 189, 76, 79, 125, 68, 75,
       79, 249, 85, 162, 246, 90, 115, 97, 177, 49, 89, 228, 38, 110,
       105, 246, 109, 30, 117, 235, 229, 20, 119, 248, 84, 160, 202, 249,
       148, 147, 235, 196, 190, 166, 171, 157, 2, 49, 236, 254, 106, 206,
       135, 87, 251, 209, 82, 73, 154, 243, 45, 118, 223, 235, 134, 20,
       133, 203, 50, 132, 114, 233, 213, 187, 234, 71, 71, 5, 251, 3, 11,
       9, 54, 196, 249, 139, 151, 145, 158, 186, 65, 222, 187, 220, 154,
       195, 247, 202, 252, 142, 199, 158, 167, 183, 130, 38, 173, 134,
       62, 247, 2, 215, 237, 46, 82, 79, 167, 71, 251, 149, 183, 220,
       191, 224, 140, 50, 222, 194, 172, 85, 165, 92, 2, 184, 179, 155,
       243, 245, 176, 71, 191, 15, 68, 17, 172, 158, 102, 204, 167, 59,
       179, 17, 22, 220, 146, 211, 15, 22, 26, 75, 146, 4, 173, 223, 135,
       220, 175, 151, 134, 118, 173, 231, 124, 87, 86, 150, 248, 46, 182,
       111, 111, 71, 59, 159, 181, 220, 53, 226, 44, 42, 222, 192, 141,
       85, 177, 252, 171, 54, 125, 69, 102, 55, 185, 59, 80, 234, 118,
       254, 25, 61, 150, 33, 31, 157, 183, 173, 161, 254, 117, 142, 78,
       111, 241, 132, 111, 172, 82, 249, 8, 184, 48, 250, 201, 253, 177,
       203, 30, 63, 117, 26, 140, 247, 104, 140, 137, 27, 163, 16, 50,
       110, 106, 247, 205, 215, 27, 127, 210, 12, 133, 163, 180, 207, 91,
       254, 210, 35, 78, 232, 20, 130, 232, 226, 113, 227, 41, 16, 127,
       251, 3, 226, 120, 179, 8, 47, 120, 166, 165, 76, 241, 243, 36,
       128, 175, 158, 120, 250, 253, 221, 255, 251, 223, 127, 252, 63,
       94, 253, 62, 244, 255, 211, 159, 131, 255, 43, 122, 247, 127, 255,
       150, 255, 215, 220, 236, 247, 169, 68, 247, 93, 108, 75, 229, 59,
       117, 178, 119, 82, 83, 33, 148, 111, 123, 228, 46, 46, 233, 244,
       103, 14, 71, 170, 113, 0, 103, 232, 112, 232, 185, 4, 127, 125,
       100, 11, 109, 120, 117, 166, 118, 16, 83, 3, 164, 125, 122, 236,
       38, 106, 120, 252, 117, 15, 71, 235, 115, 0, 115, 168, 102, 160,
       143, 140, 237, 223, 180, 251, 239, 174, 218, 242, 21, 18, 249,
       248, 255, 43, 27, 110, 51, 47, 245, 228, 62, 191, 111, 95, 255,
       116, 213, 248, 209, 228, 0, 189, 219, 88, 210, 237, 178, 199, 126,
       11, 120, 104, 190, 241, 101, 48, 191, 186, 70, 16, 23, 58, 176,
       83, 127, 150, 53, 47, 209, 104, 71, 171, 253, 119, 233, 226, 218,
       6, 207, 216, 18, 244, 180, 207, 81, 71, 219, 27, 127, 204, 85,
       254, 233, 71, 253, 58, 248, 137, 175, 188, 189, 243, 114, 241, 45,
       189, 179, 249, 245, 189, 226, 215, 95, 105, 120, 78, 54, 248, 116,
       164, 217, 106, 2, 25, 159, 186, 112, 187, 125, 222, 21, 122, 219,
       92, 84, 175, 10, 188, 18, 155, 211, 241, 176, 71, 191, 21, 74,
       179, 172, 158, 38, 196, 167, 59, 139, 145, 54, 153, 50, 247, 15,
       22, 26, 75, 146, 68, 173, 207, 249, 180, 188, 58, 169, 189, 80,
       219, 243, 95, 181, 29, 63, 249, 74, 27, 133, 130, 237, 28, 190,
       111, 154, 19, 219, 219, 113, 121, 234, 192, 74, 67, 215, 21, 73,
       69, 18, 78, 111, 57, 52, 224, 95, 198, 81, 39, 153, 101, 54, 204,
       52, 238, 225, 144, 189, 78, 52, 44, 169, 132, 109, 227, 1, 112,
       92, 97, 96, 229, 7, 90, 127, 57, 97, 228, 223, 2, 91, 45, 155,
       182, 58, 212, 221, 234, 72, 176, 181, 136, 247, 237, 197, 5, 39,
       246, 94, 98, 44, 119, 113, 71, 118, 11, 239, 184, 124, 164, 127,
       232, 219, 101, 157, 36, 126, 220, 6, 234, 201, 176, 109, 78, 100,
       142, 37, 132, 103, 251, 70, 161, 39, 164, 192, 88, 221, 245, 250,
       235, 91, 81, 125, 27, 72, 232, 126, 180, 249, 202, 178, 60, 151,
       106, 158, 215, 30, 30, 129, 111, 223, 77, 250, 134, 246, 80, 208,
       224, 79, 124, 82, 200, 41, 176, 181, 10, 10, 30, 79, 223, 232,
       213, 239, 242, 12, 119, 217, 192, 155, 208, 203, 127, 225, 61,
       126, 150, 109, 233, 120, 71, 124, 75, 99, 56, 67, 160, 47, 10, 83,
       25, 213, 98, 80, 196, 123, 122, 200, 48, 253, 12, 79, 169, 129,
       52, 103, 171, 80, 32, 108, 161, 120, 97, 244, 31, 123, 188, 99,
       41, 63, 8, 219, 59, 88, 48, 26, 212, 69, 122, 152, 48, 121, 20,
       239, 221, 37, 117, 226, 155, 206, 34, 254, 112, 53, 84, 75, 69,
       157, 168, 169, 254, 177, 127, 88, 222, 77, 27, 141, 245, 253, 227,
       233, 71, 250, 240, 81, 26, 207, 190, 73, 53, 7, 83, 111, 184, 144,
       82, 237, 253, 48, 135, 251, 249, 37, 92, 12, 248, 78, 191, 133,
       122, 226, 16, 23, 78, 154, 241, 15, 24, 85, 110, 138, 69, 219,
       143, 207, 114, 171, 94, 233, 212, 61, 152, 246, 222, 84, 164, 221,
       247, 251, 255, 23, 124, 255, 79, 199, 67, 190, 177, 79, 121, 111,
       173, 6, 181, 47, 245, 170, 172, 180, 154, 205, 253, 144, 207, 223,
       55, 164, 25, 172, 220, 110, 143, 201, 27, 251, 17, 54, 111, 218,
       241, 31, 82, 223, 127, 210, 76, 223, 206, 126, 190, 204, 180, 138,
       114, 20, 175, 178, 151, 138, 183, 199, 39, 67, 11, 203, 87, 237,
       148, 62, 73, 199, 3, 250, 231, 255, 221, 165, 116, 183, 83, 214,
       83, 222, 36, 42, 2, 94, 48, 161, 128, 135, 197, 95, 107, 27, 83,
       54, 229, 109, 230, 204, 129, 149, 72, 242, 162, 70, 150, 46, 179,
