%YAML:1.0
---
descriptors: !!opencv-matrix
   rows: 357
   cols: 32
   dt: u
   data: [ 108, 113, 184, 103, 253, 79, 95, 152, 99, 236, 61, 13, 223,
       125, 75, 18, 156, 220, 253, 126, 200, 112, 217, 24, 239, 221, 37,
       53, 74, 251, 78, 243, 68, 68, 191, 103, 164, 78, 103, 184, 124,
       162, 175, 8, 215, 117, 9, 114, 145, 68, 121, 106, 40, 240, 249,
       42, 237, 191, 101, 20, 192, 251, 86, 98, 32, 205, 68, 233, 180,
       131, 78, 167, 6, 1, 90, 162, 161, 35, 176, 64, 74, 42, 2, 136, 90,
       152, 69, 189, 236, 180, 142, 64, 20, 136, 240, 8, 164, 193, 113,
       67, 244, 15, 103, 185, 117, 32, 119, 72, 211, 17, 140, 52, 88,
       156, 70, 106, 120, 176, 121, 30, 101, 168, 33, 68, 99, 138, 214,
       160, 56, 232, 189, 248, 9, 193, 17, 207, 175, 21, 164, 25, 46,
       151, 96, 24, 205, 153, 237, 144, 74, 7, 226, 113, 211, 209, 26,
       123, 208, 16, 167, 106, 255, 120, 238, 86, 111, 145, 222, 64, 225,
       198, 181, 175, 11, 204, 87, 191, 174, 233, 245, 199, 204, 103,
       142, 232, 82, 89, 193, 187, 111, 183, 122, 215, 80, 106, 26, 237,
       2, 10, 118, 86, 36, 38, 234, 161, 183, 3, 1, 80, 98, 253, 111, 66,
       72, 156, 193, 42, 245, 165, 50, 1, 32, 210, 38, 10, 44, 103, 16,
       99, 253, 31, 86, 184, 107, 184, 189, 77, 203, 107, 91, 144, 153,
       192, 204, 126, 78, 98, 91, 152, 239, 221, 37, 61, 202, 254, 74,
       131, 35, 49, 132, 143, 221, 159, 224, 121, 215, 249, 219, 78, 210,
       216, 62, 164, 216, 44, 122, 61, 159, 251, 95, 157, 28, 94, 139,
       124, 221, 14, 120, 132, 242, 233, 18, 18, 31, 153, 146, 196, 235,
       180, 128, 11, 46, 216, 70, 150, 163, 227, 233, 83, 78, 111, 138,
       245, 187, 80, 13, 123, 65, 14, 143, 14, 242, 98, 18, 72, 107, 209,
       28, 77, 237, 170, 177, 248, 14, 202, 165, 181, 238, 185, 206, 161,
       108, 39, 134, 216, 176, 48, 66, 59, 82, 20, 175, 13, 21, 201, 214,
       47, 23, 11, 70, 236, 84, 160, 195, 2, 115, 121, 57, 224, 120, 228,
       106, 107, 108, 241, 29, 61, 177, 174, 69, 21, 119, 59, 168, 8, 3,
       159, 10, 138, 180, 167, 163, 247, 12, 65, 218, 103, 228, 226, 160,
       64, 252, 43, 10, 53, 151, 187, 1, 255, 184, 54, 138, 66, 156, 74,
       177, 29, 237, 235, 111, 97, 100, 14, 111, 188, 113, 120, 118, 76,
       211, 65, 216, 49, 22, 204, 117, 110, 233, 240, 205, 36, 238, 249,
       229, 196, 110, 179, 210, 33, 33, 122, 121, 115, 244, 239, 107,
       150, 117, 170, 118, 250, 243, 69, 145, 121, 127, 254, 54, 152,
       171, 244, 229, 46, 71, 175, 48, 128, 229, 216, 70, 249, 64, 121,
       190, 117, 33, 222, 53, 230, 232, 232, 110, 8, 190, 188, 39, 50,
       160, 119, 249, 65, 69, 249, 178, 108, 239, 243, 86, 3, 192, 48, 7,
       122, 80, 185, 63, 126, 130, 204, 53, 231, 172, 17, 110, 33, 60,
       183, 32, 112, 166, 51, 91, 128, 18, 153, 18, 125, 243, 167, 90,
       67, 32, 2, 167, 106, 80, 189, 62, 254, 146, 196, 53, 103, 168, 1,
       74, 33, 60, 187, 32, 83, 166, 63, 121, 129, 82, 217, 146, 109,
       241, 163, 94, 67, 40, 64, 167, 10, 236, 124, 25, 101, 184, 47, 71,
       152, 18, 162, 45, 24, 214, 51, 65, 57, 145, 116, 104, 106, 121,
       116, 217, 62, 229, 143, 5, 52, 208, 251, 194, 34, 209, 125, 159,
       229, 144, 14, 101, 55, 184, 170, 34, 76, 247, 179, 65, 83, 160,
       100, 104, 92, 97, 221, 145, 10, 233, 163, 87, 0, 136, 112, 3, 58,
       97, 144, 191, 117, 40, 78, 97, 59, 126, 234, 226, 16, 183, 61, 16,
       115, 133, 52, 120, 44, 169, 252, 113, 14, 205, 254, 81, 20, 200,
       168, 64, 58, 193, 141, 159, 190, 32, 236, 53, 39, 188, 11, 106,
       17, 246, 179, 32, 82, 161, 103, 104, 12, 48, 137, 18, 107, 193,
       167, 122, 0, 64, 64, 161, 10, 237, 170, 40, 27, 173, 157, 192,
       158, 251, 121, 164, 92, 162, 200, 94, 59, 137, 66, 106, 29, 182,
       109, 219, 51, 207, 24, 85, 124, 216, 140, 218, 132, 101, 169, 159,
       87, 73, 142, 97, 176, 234, 177, 102, 0, 210, 243, 0, 123, 128,
       108, 120, 72, 81, 216, 249, 61, 79, 171, 69, 68, 136, 34, 66, 162,
       100, 169, 149, 117, 220, 174, 68, 167, 242, 179, 106, 8, 147, 49,
       84, 91, 129, 110, 96, 24, 56, 248, 209, 40, 109, 190, 85, 84, 192,
       121, 210, 170, 45, 175, 68, 1, 180, 187, 98, 139, 127, 165, 106,
       141, 203, 96, 158, 148, 25, 206, 196, 60, 158, 184, 77, 60, 174,
       94, 21, 85, 230, 206, 218, 196, 161, 188, 28, 216, 205, 189, 84,
       223, 219, 51, 164, 92, 190, 248, 68, 183, 141, 130, 90, 12, 175,
       107, 250, 241, 155, 217, 81, 62, 90, 88, 203, 46, 93, 13, 151,
       223, 141, 127, 68, 43, 119, 187, 231, 18, 123, 243, 1, 255, 113,
       214, 122, 136, 57, 249, 123, 219, 159, 238, 85, 21, 162, 120, 232,
       36, 254, 7, 206, 173, 168, 54, 94, 91, 53, 175, 223, 151, 73, 43,
       155, 90, 223, 199, 253, 191, 252, 215, 221, 130, 250, 239, 239,
       213, 175, 246, 184, 81, 101, 224, 209, 69, 84, 94, 107, 152, 115,
       224, 32, 72, 51, 195, 221, 180, 89, 204, 0, 252, 11, 114, 248, 8,
       13, 156, 133, 108, 195, 179, 66, 228, 86, 43, 19, 168, 90, 67, 18,
       72, 173, 4, 161, 235, 12, 198, 33, 220, 230, 177, 206, 243, 21, 3,
       2, 76, 144, 52, 10, 255, 144, 7, 39, 71, 205, 225, 177, 229, 53,
       140, 67, 184, 118, 168, 66, 72, 247, 209, 88, 244, 16, 220, 125,
       123, 75, 244, 217, 43, 237, 252, 39, 120, 42, 146, 83, 40, 41, 92,
       183, 31, 37, 63, 244, 246, 93, 202, 218, 116, 251, 56, 183, 171,
       223, 102, 254, 47, 165, 244, 85, 170, 134, 127, 114, 130, 206,
       253, 89, 157, 174, 180, 172, 154, 203, 245, 144, 223, 27, 255,
       181, 191, 12, 252, 110, 25, 157, 219, 247, 17, 182, 111, 250, 241,
       91, 83, 93, 255, 211, 77, 158, 215, 223, 63, 251, 85, 182, 30,
       127, 179, 113, 234, 94, 246, 121, 61, 151, 117, 183, 126, 149, 46,
       241, 220, 181, 238, 111, 255, 101, 130, 175, 244, 226, 125, 237,
       180, 149, 83, 225, 63, 96, 186, 59, 187, 101, 92, 206, 243, 72,
       189, 149, 206, 230, 58, 51, 118, 219, 240, 143, 250, 85, 102, 202,
       229, 202, 164, 64, 0, 61, 109, 36, 78, 65, 56, 100, 12, 238, 8,
       215, 49, 0, 112, 144, 148, 108, 40, 73, 176, 241, 12, 229, 235,
       96, 16, 64, 162, 70, 34, 219, 81, 228, 69, 35, 26, 124, 49, 105,
       226, 22, 230, 105, 14, 151, 255, 38, 197, 253, 238, 229, 212, 245,
       200, 38, 123, 204, 128, 47, 180, 89, 93, 106, 248, 213, 68, 91,
       221, 96, 38, 235, 177, 36, 72, 46, 151, 68, 182, 160, 60, 232, 88,
       3, 123, 178, 192, 31, 216, 85, 122, 74, 36, 78, 190, 92, 63, 154,
       174, 147, 192, 19, 80, 164, 132, 239, 135, 111, 199, 35, 80, 120,
       249, 137, 242, 24, 131, 146, 110, 251, 229, 142, 9, 161, 51, 46,
       82, 77, 189, 115, 81, 248, 204, 103, 179, 236, 57, 102, 76, 156,
       147, 192, 119, 3, 188, 90, 88, 211, 24, 240, 80, 109, 184, 36,
       108, 74, 128, 194, 161, 92, 120, 156, 182, 43, 233, 112, 130, 186,
       179, 167, 57, 255, 247, 75, 27, 163, 119, 237, 2, 4, 69, 218, 32,
       195, 195, 113, 59, 162, 113, 15, 3, 52, 245, 123, 66, 211, 203,
       119, 241, 109, 172, 111, 10, 86, 215, 32, 48, 50, 188, 70, 114,
       80, 177, 40, 78, 123, 133, 37, 71, 99, 59, 199, 163, 173, 157, 0,
       73, 253, 159, 198, 186, 87, 232, 252, 92, 210, 56, 148, 164, 216,
       108, 82, 111, 253, 186, 93, 30, 47, 92, 1, 116, 90, 41, 216, 132,
       75, 48, 21, 141, 109, 94, 120, 119, 169, 251, 244, 92, 142, 58,
       148, 191, 206, 165, 254, 12, 133, 126, 211, 220, 22, 127, 82, 62,
       74, 140, 75, 157, 2, 216, 30, 159, 59, 225, 186, 194, 191, 22,
       195, 1, 172, 215, 33, 192, 231, 113, 251, 194, 2, 141, 26, 255,
       129, 54, 26, 27, 16, 3, 45, 154, 10, 191, 240, 153, 51, 187, 186,
       55, 31, 239, 94, 247, 172, 172, 162, 132, 39, 59, 143, 5, 150,
       152, 101, 255, 174, 87, 56, 243, 182, 204, 141, 221, 120, 227, 20,
       120, 137, 201, 20, 207, 171, 17, 160, 56, 174, 151, 64, 158, 129,
       155, 237, 144, 74, 11, 194, 81, 211, 208, 18, 127, 18, 0, 167, 42,
       126, 104, 110, 94, 79, 144, 222, 96, 225, 196, 180, 143, 43, 205,
