%YAML:1.0
---
descriptors: !!opencv-matrix
   rows: 352
   cols: 32
   dt: u
   data: [ 25, 22, 120, 97, 164, 124, 125, 23, 108, 79, 127, 55, 191, 63,
       154, 104, 119, 147, 191, 156, 159, 180, 117, 67, 199, 239, 50,
       129, 237, 194, 237, 123, 80, 153, 191, 110, 3, 204, 53, 119, 172,
       17, 110, 8, 62, 183, 32, 114, 162, 51, 123, 64, 82, 137, 50, 101,
       243, 173, 82, 10, 96, 18, 167, 106, 80, 189, 30, 244, 19, 204, 53,
       119, 184, 135, 106, 0, 62, 179, 0, 83, 162, 119, 121, 1, 66, 201,
       146, 109, 241, 163, 94, 3, 40, 0, 167, 11, 216, 125, 159, 181,
       160, 14, 101, 55, 184, 170, 34, 29, 246, 179, 65, 83, 133, 102,
       104, 28, 97, 252, 144, 10, 237, 227, 85, 16, 136, 120, 131, 58,
       65, 140, 158, 190, 160, 172, 113, 39, 188, 91, 106, 17, 246, 179,
       32, 82, 161, 39, 105, 12, 48, 137, 18, 111, 201, 182, 122, 64,
       192, 64, 161, 10, 101, 232, 209, 70, 92, 76, 67, 152, 115, 188,
       36, 8, 82, 211, 73, 54, 89, 236, 32, 90, 75, 114, 248, 32, 93,
       184, 197, 108, 194, 179, 66, 224, 187, 71, 82, 76, 114, 31, 206,
       120, 89, 226, 248, 204, 123, 72, 159, 181, 30, 236, 86, 111, 237,
       182, 68, 158, 50, 88, 1, 176, 127, 191, 74, 133, 130, 176, 154,
       187, 181, 228, 57, 199, 62, 23, 69, 17, 188, 215, 106, 72, 245,
       27, 51, 17, 50, 220, 155, 243, 205, 247, 30, 75, 144, 64, 161,
       202, 27, 83, 239, 23, 18, 22, 45, 188, 52, 200, 86, 230, 121, 103,
       155, 101, 54, 247, 53, 236, 225, 216, 53, 108, 100, 47, 254, 128,
       47, 246, 33, 121, 162, 220, 58, 155, 125, 197, 186, 238, 30, 11,
       80, 51, 172, 222, 44, 64, 223, 59, 147, 1, 98, 190, 90, 255, 37,
       23, 158, 203, 20, 24, 181, 187, 32, 241, 83, 65, 112, 143, 97,
       119, 45, 9, 122, 104, 178, 19, 132, 52, 28, 56, 87, 40, 67, 184,
       81, 93, 101, 156, 48, 192, 75, 130, 194, 171, 109, 97, 192, 103,
       212, 30, 106, 152, 98, 160, 111, 8, 211, 96, 223, 178, 25, 76, 96,
       126, 205, 240, 253, 8, 47, 253, 5, 100, 202, 162, 74, 132, 82,
       170, 155, 216, 171, 193, 56, 207, 191, 21, 176, 187, 12, 246, 32,
       88, 239, 183, 239, 144, 18, 75, 130, 244, 153, 178, 95, 251, 144,
       64, 167, 123, 199, 75, 7, 76, 120, 22, 107, 176, 173, 136, 242,
       196, 232, 66, 149, 245, 86, 228, 124, 238, 225, 129, 237, 108,
       180, 58, 171, 128, 2, 183, 32, 37, 19, 121, 35, 129, 18, 194, 171,
       72, 108, 96, 202, 230, 213, 6, 151, 100, 118, 13, 60, 253, 203,
       145, 53, 220, 160, 44, 138, 196, 45, 151, 49, 124, 92, 113, 27,
       168, 3, 196, 51, 64, 172, 4, 99, 32, 222, 215, 33, 64, 178, 57,
       105, 98, 1, 129, 178, 76, 209, 225, 10, 10, 32, 34, 39, 243, 204,
       20, 149, 253, 139, 100, 21, 27, 174, 27, 161, 80, 254, 119, 8,
       255, 197, 17, 121, 42, 51, 102, 123, 81, 193, 250, 83, 90, 154,
       96, 167, 51, 9, 157, 51, 73, 113, 252, 97, 55, 237, 9, 110, 0,
       190, 51, 36, 53, 160, 50, 82, 40, 19, 184, 48, 221, 39, 248, 0,
       66, 66, 0, 227, 174, 3, 133, 86, 219, 150, 131, 172, 39, 76, 1,
       91, 2, 173, 58, 32, 224, 106, 35, 19, 137, 82, 152, 5, 221, 45,
       174, 154, 65, 20, 10, 185, 8, 241, 200, 47, 254, 13, 197, 81, 228,
       215, 80, 132, 10, 178, 221, 49, 97, 200, 224, 123, 74, 74, 111,
       122, 189, 211, 249, 222, 27, 16, 25, 120, 106, 160, 248, 59, 120,
       72, 205, 241, 246, 250, 72, 112, 8, 182, 159, 64, 48, 140, 57, 83,
       81, 227, 62, 114, 119, 125, 153, 50, 104, 80, 8, 71, 251, 3, 251,
       251, 17, 242, 158, 188, 182, 126, 236, 94, 229, 188, 174, 247, 0,
       167, 63, 151, 21, 197, 152, 164, 110, 110, 21, 62, 130, 204, 148,
       43, 221, 130, 184, 170, 186, 75, 229, 187, 204, 158, 95, 85, 179,
       236, 223, 110, 9, 255, 59, 147, 131, 50, 94, 154, 243, 95, 85,
       218, 171, 149, 15, 39, 251, 134, 176, 184, 186, 205, 245, 188,
       201, 158, 55, 81, 19, 204, 254, 110, 139, 221, 91, 179, 147, 50,
       118, 218, 240, 29, 83, 223, 111, 144, 79, 157, 210, 173, 181, 25,
       99, 149, 239, 67, 184, 95, 225, 45, 72, 210, 81, 72, 176, 153, 26,
       82, 122, 59, 56, 121, 63, 239, 221, 5, 116, 90, 11, 82, 178, 169,
       23, 119, 69, 114, 14, 107, 57, 117, 172, 119, 228, 89, 87, 140,
       117, 54, 28, 22, 110, 225, 180, 37, 78, 100, 184, 33, 132, 103,
       162, 98, 225, 107, 68, 193, 5, 36, 58, 236, 56, 125, 234, 90, 238,
       211, 56, 149, 238, 210, 68, 124, 45, 205, 180, 197, 136, 132, 126,
       105, 132, 76, 254, 89, 29, 220, 54, 230, 102, 147, 62, 86, 48,
       113, 174, 191, 255, 75, 105, 142, 151, 55, 230, 237, 166, 188,
       197, 173, 174, 250, 239, 101, 147, 239, 247, 206, 87, 188, 0, 191,
       126, 77, 230, 65, 64, 245, 133, 231, 16, 82, 213, 41, 120, 216,
       188, 98, 186, 8, 167, 248, 0, 211, 251, 193, 13, 195, 43, 102,
       226, 40, 128, 119, 121, 85, 205, 97, 23, 100, 21, 102, 8, 179,
       129, 16, 60, 8, 56, 66, 24, 10, 188, 113, 5, 71, 185, 16, 64, 98,
       136, 70, 168, 37, 184, 177, 81, 253, 223, 128, 202, 91, 251, 32,
       88, 130, 188, 213, 190, 137, 92, 98, 24, 183, 126, 242, 80, 13,
       30, 85, 126, 203, 40, 67, 172, 66, 223, 158, 190, 56, 132, 29,
       191, 158, 29, 92, 165, 172, 231, 42, 66, 199, 83, 173, 5, 226, 73,
       131, 119, 224, 247, 126, 218, 16, 16, 165, 91, 70, 34, 208, 131,
       231, 121, 184, 72, 43, 181, 185, 187, 140, 126, 79, 142, 191, 147,
       223, 17, 22, 114, 203, 194, 158, 20, 27, 255, 198, 79, 15, 135,
       105, 140, 87, 101, 52, 62, 106, 51, 121, 171, 126, 88, 251, 51,
       144, 176, 26, 54, 68, 40, 185, 184, 113, 15, 238, 255, 32, 64, 74,
       162, 202, 41, 37, 69, 109, 71, 212, 47, 239, 248, 85, 226, 127,
       14, 83, 97, 157, 36, 89, 200, 18, 110, 225, 176, 125, 62, 109,
       142, 133, 4, 125, 251, 82, 176, 60, 229, 104, 103, 148, 75, 71,
       252, 84, 228, 253, 169, 115, 125, 154, 48, 88, 222, 85, 122, 184,
       178, 109, 63, 255, 141, 165, 245, 101, 187, 214, 226, 73, 51, 125,
       235, 120, 139, 127, 121, 175, 248, 181, 108, 255, 95, 138, 114,
       166, 241, 95, 110, 155, 34, 234, 253, 254, 221, 39, 186, 84, 162,
       199, 113, 165, 140, 165, 95, 221, 255, 230, 174, 94, 243, 226, 86,
       242, 120, 28, 173, 217, 238, 114, 175, 191, 252, 127, 255, 45, 30,
       215, 68, 217, 121, 208, 164, 39, 173, 128, 25, 221, 159, 170, 239,
       95, 121, 120, 94, 168, 248, 222, 164, 157, 75, 146, 93, 183, 122,
       94, 247, 46, 30, 157, 126, 223, 12, 219, 140, 41, 52, 115, 65,
       116, 239, 235, 83, 117, 105, 126, 66, 17, 21, 180, 52, 126, 152,
       18, 152, 179, 190, 117, 206, 103, 14, 48, 64, 247, 138, 114, 233,
       178, 238, 111, 30, 77, 225, 203, 232, 132, 84, 208, 139, 32, 204,
       55, 1, 200, 233, 67, 231, 110, 99, 110, 253, 81, 0, 201, 59, 85,
       63, 118, 222, 208, 238, 159, 254, 138, 224, 29, 207, 182, 159,
       216, 177, 213, 231, 97, 91, 119, 255, 237, 144, 106, 79, 138, 51,
       249, 163, 127, 237, 176, 240, 167, 107, 35, 171, 44, 153, 95, 149,
       154, 234, 143, 21, 216, 167, 172, 200, 118, 0, 205, 11, 147, 85,
       150, 42, 78, 245, 12, 21, 155, 255, 93, 12, 121, 207, 215, 207,
       206, 191, 146, 2, 126, 184, 54, 134, 223, 247, 73, 99, 155, 65,
       119, 207, 189, 231, 252, 208, 141, 239, 250, 103, 239, 133, 173,
       247, 185, 81, 92, 129, 149, 231, 189, 78, 71, 189, 231, 169, 170,
       0, 215, 113, 72, 70, 16, 70, 108, 88, 25, 41, 217, 34, 233, 254,
       101, 84, 226, 250, 196, 34, 33, 176, 183, 117, 17, 142, 97, 57,
       122, 177, 98, 0, 242, 243, 13, 121, 145, 44, 112, 56, 9, 216, 209,
       29, 207, 190, 81, 68, 200, 32, 66, 170, 2, 237, 51, 154, 244, 141,
       182, 231, 78, 9, 88, 106, 164, 152, 116, 32, 185, 59, 3, 81, 210,
       58, 10, 247, 61, 20, 30, 106, 85, 26, 177, 143, 9, 48, 231, 71,
       116, 63, 224, 89, 127, 105, 115, 118, 219, 24, 156, 236, 122, 140,
       54, 45, 149, 240, 117, 220, 6, 62, 114, 64, 239, 142, 216, 149, 5,
       173, 251, 244, 252, 171, 239, 251, 222, 195, 188, 222, 253, 235,
