%YAML:1.0
---
descriptors: !!opencv-matrix
   rows: 264
   cols: 32
   dt: u
   data: [ 57, 141, 63, 174, 157, 199, 67, 101, 197, 77, 239, 0, 114,
       217, 50, 96, 216, 162, 30, 108, 27, 171, 113, 173, 241, 249, 128,
       16, 82, 10, 240, 106, 125, 32, 147, 126, 137, 253, 86, 200, 251,
       242, 161, 8, 206, 254, 77, 191, 145, 245, 232, 34, 127, 99, 202,
       177, 179, 251, 69, 63, 210, 119, 139, 6, 252, 60, 246, 228, 53,
       118, 122, 218, 181, 206, 246, 3, 75, 127, 39, 223, 123, 244, 253,
       250, 44, 199, 147, 238, 155, 251, 231, 129, 167, 245, 124, 83, 86,
       125, 90, 229, 242, 206, 63, 240, 57, 172, 127, 162, 93, 247, 161,
       112, 54, 253, 23, 238, 64, 146, 184, 78, 127, 175, 47, 132, 164,
       179, 39, 177, 154, 124, 230, 253, 21, 118, 126, 86, 53, 174, 214,
       131, 57, 63, 51, 235, 108, 253, 157, 201, 172, 221, 149, 170, 243,
       239, 254, 129, 167, 245, 60, 202, 2, 205, 20, 153, 189, 219, 188,
       239, 158, 31, 216, 3, 172, 40, 46, 197, 203, 27, 159, 1, 102, 169,
       67, 255, 173, 215, 94, 147, 86, 28, 173, 143, 84, 77, 154, 166,
       52, 198, 127, 178, 164, 140, 223, 3, 247, 255, 51, 64, 246, 253,
       61, 195, 76, 153, 155, 110, 242, 231, 175, 129, 32, 243, 45, 3,
       87, 188, 158, 182, 155, 22, 22, 184, 251, 250, 132, 125, 92, 248,
       107, 99, 183, 119, 252, 115, 245, 65, 154, 254, 248, 23, 111, 190,
       136, 119, 169, 23, 17, 141, 74, 47, 182, 2, 111, 241, 100, 72,
       218, 70, 113, 98, 176, 112, 118, 238, 28, 238, 253, 153, 13, 47,
       240, 173, 170, 128, 45, 178, 248, 9, 62, 121, 112, 232, 63, 221,
       147, 72, 207, 0, 188, 42, 46, 221, 101, 164, 158, 185, 215, 113,
       10, 35, 90, 253, 147, 221, 9, 59, 119, 47, 7, 167, 188, 5, 126,
       119, 149, 243, 86, 248, 85, 134, 239, 2, 107, 255, 43, 100, 113,
       254, 173, 234, 60, 145, 41, 190, 235, 239, 133, 17, 179, 255, 236,
       34, 181, 104, 235, 208, 68, 135, 207, 216, 86, 130, 212, 18, 81,
       217, 245, 44, 88, 232, 22, 219, 235, 246, 62, 178, 81, 12, 167,
       172, 117, 185, 112, 224, 246, 101, 234, 230, 221, 78, 215, 236,
       201, 166, 191, 11, 75, 253, 93, 2, 184, 212, 253, 99, 104, 99,
       248, 138, 243, 253, 197, 63, 103, 127, 214, 66, 44, 55, 120, 101,
       112, 11, 111, 56, 49, 132, 127, 228, 211, 103, 137, 16, 30, 220,
       134, 110, 192, 176, 237, 78, 102, 173, 37, 4, 103, 178, 70, 160,
       159, 30, 14, 156, 44, 178, 188, 99, 156, 78, 211, 247, 236, 238,
       51, 203, 238, 33, 187, 135, 228, 133, 6, 206, 208, 35, 234, 129,
       29, 101, 61, 215, 214, 18, 158, 180, 162, 34, 61, 1, 188, 158,
       215, 183, 205, 231, 35, 75, 230, 181, 237, 135, 40, 197, 131, 202,
       208, 163, 250, 131, 160, 96, 37, 83, 74, 189, 183, 248, 153, 253,
       17, 103, 175, 81, 108, 24, 190, 191, 32, 180, 129, 51, 219, 0, 19,
       11, 50, 209, 147, 213, 26, 107, 82, 68, 135, 122, 24, 217, 83,
       103, 51, 158, 118, 244, 101, 128, 234, 96, 123, 103, 136, 240, 54,
       254, 198, 234, 88, 184, 33, 45, 255, 237, 38, 0, 99, 146, 230,
       171, 154, 92, 54, 252, 55, 214, 125, 102, 189, 14, 254, 43, 46,
       191, 38, 85, 238, 183, 223, 129, 104, 159, 48, 207, 243, 247, 154,
       131, 34, 20, 175, 91, 155, 222, 70, 189, 2, 150, 126, 182, 181,
       194, 66, 199, 109, 42, 51, 195, 102, 229, 185, 199, 229, 221, 23,
       239, 166, 227, 222, 0, 47, 180, 57, 24, 3, 188, 56, 50, 153, 237,
       177, 195, 174, 121, 140, 29, 158, 157, 66, 40, 165, 59, 91, 17,
       19, 105, 186, 119, 221, 85, 25, 122, 200, 5, 131, 82, 67, 97, 50,
       186, 41, 148, 88, 105, 237, 8, 241, 9, 174, 218, 54, 113, 200,
       169, 95, 227, 206, 3, 242, 221, 147, 248, 138, 59, 16, 6, 107, 6,
       34, 255, 114, 155, 119, 201, 182, 230, 31, 93, 120, 187, 44, 174,
       102, 128, 171, 123, 131, 65, 102, 58, 18, 255, 63, 22, 30, 235,
       81, 28, 207, 223, 245, 217, 108, 167, 140, 15, 79, 188, 38, 240,
       131, 15, 211, 97, 27, 83, 120, 196, 125, 239, 217, 193, 93, 60,
       169, 235, 237, 84, 45, 187, 208, 112, 70, 248, 254, 242, 251, 201,
       253, 237, 187, 215, 176, 173, 238, 253, 78, 19, 191, 255, 223, 81,
       242, 111, 154, 247, 255, 215, 87, 235, 196, 164, 167, 219, 140,
       100, 186, 222, 221, 227, 191, 250, 148, 134, 93, 18, 253, 229,
       187, 8, 121, 120, 163, 170, 96, 246, 106, 47, 247, 231, 231, 9,
       247, 251, 61, 226, 184, 236, 94, 127, 147, 243, 86, 172, 23, 166,
       239, 33, 107, 255, 43, 80, 209, 250, 165, 194, 110, 204, 75, 191,
       235, 215, 21, 19, 115, 95, 108, 10, 248, 234, 124, 101, 44, 95,
       81, 190, 43, 190, 182, 57, 159, 39, 194, 19, 131, 196, 109, 44,
       104, 111, 227, 22, 251, 219, 117, 245, 98, 176, 70, 123, 44, 231,
       68, 139, 221, 219, 166, 253, 86, 53, 77, 159, 203, 97, 218, 132,
       91, 202, 194, 126, 114, 120, 109, 183, 110, 71, 7, 101, 247, 159,
       220, 228, 41, 118, 120, 107, 109, 29, 87, 29, 101, 78, 253, 108,
       251, 89, 155, 53, 220, 136, 86, 46, 207, 34, 251, 149, 102, 217,
       160, 168, 122, 158, 250, 211, 213, 84, 175, 101, 130, 102, 252,
       48, 116, 234, 195, 87, 81, 62, 17, 123, 253, 213, 125, 227, 237,
       213, 53, 14, 219, 235, 239, 132, 173, 113, 58, 83, 124, 169, 156,
       56, 137, 205, 86, 202, 227, 180, 168, 9, 175, 248, 67, 26, 137,
       227, 104, 67, 30, 107, 218, 49, 219, 219, 69, 59, 224, 117, 78,
       66, 74, 177, 190, 210, 155, 244, 176, 143, 170, 157, 142, 18, 156,
       191, 106, 234, 229, 87, 251, 144, 50, 73, 186, 225, 91, 55, 30,
       111, 130, 68, 173, 91, 216, 31, 91, 102, 50, 90, 119, 49, 49, 134,
       127, 224, 95, 119, 136, 241, 54, 244, 132, 42, 248, 148, 173, 14,
       242, 239, 37, 129, 103, 242, 100, 97, 7, 188, 241, 76, 60, 151,
       139, 248, 223, 233, 24, 206, 253, 252, 253, 36, 151, 121, 87, 61,
       131, 97, 62, 223, 43, 94, 47, 254, 220, 162, 1, 245, 46, 253, 180,
       223, 255, 157, 182, 184, 143, 189, 93, 47, 236, 249, 78, 132, 147,
       122, 243, 91, 198, 120, 218, 243, 47, 94, 29, 235, 222, 15, 221,
       223, 107, 188, 96, 180, 125, 221, 218, 114, 143, 236, 156, 169,
       174, 253, 242, 164, 207, 48, 223, 29, 140, 43, 250, 254, 255, 93,
       173, 251, 22, 174, 86, 219, 210, 248, 252, 178, 127, 205, 185,
       237, 187, 209, 176, 155, 254, 223, 76, 19, 191, 217, 255, 213, 98,
       111, 219, 245, 221, 218, 95, 255, 197, 4, 167, 251, 86, 155, 232,
       162, 154, 81, 158, 237, 162, 253, 156, 175, 101, 238, 235, 80,
       119, 195, 237, 247, 223, 3, 174, 112, 250, 69, 175, 255, 189, 247,
       191, 87, 162, 163, 48, 216, 249, 249, 144, 75, 159, 29, 241, 57,
       44, 158, 110, 156, 203, 155, 231, 17, 22, 43, 194, 209, 31, 16,
       16, 251, 211, 12, 175, 207, 116, 40, 251, 17, 199, 106, 177, 74,
       115, 231, 162, 27, 3, 172, 87, 26, 121, 204, 98, 148, 12, 246,
       245, 66, 95, 78, 85, 39, 225, 105, 70, 230, 254, 125, 242, 230,
       221, 70, 87, 253, 17, 170, 185, 10, 75, 253, 29, 19, 216, 244, 85,
       99, 104, 99, 216, 174, 251, 254, 133, 63, 99, 123, 246, 50, 72,
       185, 148, 250, 233, 237, 20, 135, 171, 123, 36, 25, 174, 183, 66,
       158, 129, 51, 233, 16, 19, 106, 218, 241, 207, 215, 84, 123, 218,
       84, 139, 27, 167, 184, 147, 210, 251, 253, 48, 206, 251, 251, 33,
       120, 44, 246, 76, 189, 147, 91, 162, 80, 55, 126, 186, 243, 15,
       20, 21, 111, 130, 69, 135, 191, 88, 241, 26, 238, 27, 196, 22,
       237, 173, 1, 233, 13, 62, 223, 40, 16, 182, 155, 201, 66, 94, 43,
       154, 245, 243, 249, 2, 123, 24, 2, 175, 27, 106, 253, 158, 191,
       149, 134, 55, 166, 94, 142, 70, 3, 164, 242, 35, 64, 193, 110,
       169, 65, 110, 216, 211, 189, 237, 247, 223, 3, 128, 120, 220, 10,
       25, 79, 95, 229, 52, 15, 111, 52, 36, 224, 90, 196, 215, 3, 145,
       96, 118, 228, 30, 238, 201, 184, 69, 12, 228, 173, 34, 128, 108,
       179, 65, 57, 149, 160, 191, 255, 188, 123, 143, 170, 94, 243, 19,
       18, 247, 248, 124, 43, 147, 111, 121, 41, 36, 229, 175, 191, 233,
