%YAML:1.0
---
descriptors: !!opencv-matrix
   rows: 300
   cols: 32
   dt: u
   data: [ 126, 56, 54, 186, 41, 253, 80, 96, 175, 94, 189, 9, 238, 222,
       103, 156, 133, 179, 205, 7, 14, 99, 186, 253, 147, 223, 83, 59,
       82, 103, 15, 87, 217, 201, 94, 229, 36, 74, 126, 54, 45, 104, 246,
       105, 255, 27, 2, 81, 254, 229, 125, 106, 109, 188, 65, 237, 246,
       251, 34, 129, 110, 152, 107, 11, 220, 20, 150, 246, 169, 110, 84,
       26, 179, 191, 167, 17, 207, 115, 73, 219, 193, 214, 236, 50, 56,
       101, 155, 162, 195, 251, 117, 31, 162, 241, 78, 34, 126, 120, 114,
       210, 83, 221, 187, 208, 169, 77, 247, 15, 12, 223, 111, 176, 174,
       249, 215, 211, 150, 183, 184, 226, 119, 69, 138, 243, 227, 23,
       127, 215, 29, 168, 223, 245, 18, 2, 105, 112, 118, 162, 246, 146,
       89, 163, 144, 113, 115, 237, 127, 172, 41, 213, 173, 206, 222,
       239, 255, 132, 173, 160, 35, 160, 149, 14, 199, 245, 150, 162,
       110, 99, 244, 130, 210, 210, 81, 227, 177, 65, 123, 237, 46, 138,
       40, 221, 5, 238, 248, 238, 239, 0, 165, 224, 113, 32, 54, 148,
       251, 92, 210, 67, 159, 233, 22, 146, 116, 162, 113, 247, 173, 101,
       123, 217, 179, 160, 106, 122, 43, 93, 121, 166, 199, 109, 243,
       160, 36, 186, 62, 121, 114, 82, 211, 221, 247, 212, 185, 100, 116,
       175, 74, 220, 63, 60, 62, 249, 215, 115, 198, 177, 60, 244, 119,
       93, 4, 231, 111, 63, 70, 247, 57, 188, 150, 176, 237, 189, 80,
       215, 255, 59, 180, 29, 47, 216, 82, 187, 161, 163, 236, 16, 190,
       111, 18, 179, 219, 219, 112, 123, 234, 76, 218, 143, 201, 36, 183,
       252, 172, 237, 93, 83, 251, 27, 176, 24, 191, 251, 128, 63, 135,
       227, 108, 12, 59, 109, 226, 211, 211, 251, 118, 26, 194, 192, 194,
       33, 184, 254, 242, 255, 115, 151, 254, 220, 23, 110, 124, 231,
       107, 207, 231, 132, 255, 251, 134, 198, 238, 182, 184, 191, 179,
       253, 175, 171, 123, 159, 46, 221, 12, 187, 157, 254, 40, 205, 25,
       248, 175, 217, 181, 108, 255, 215, 73, 182, 150, 121, 236, 192, 3,
       67, 186, 93, 137, 243, 103, 190, 26, 162, 39, 187, 166, 173, 40,
       235, 213, 243, 178, 206, 94, 37, 73, 19, 136, 120, 126, 0, 217,
       27, 147, 17, 54, 184, 76, 247, 45, 28, 159, 103, 213, 79, 221,
       134, 182, 56, 235, 196, 109, 82, 240, 64, 213, 204, 247, 163, 2,
       156, 231, 235, 236, 252, 166, 82, 157, 247, 182, 192, 95, 121,
       163, 143, 227, 45, 116, 215, 9, 143, 111, 249, 182, 168, 105, 55,
       108, 81, 94, 246, 187, 33, 176, 97, 99, 130, 31, 140, 179, 184,
       101, 247, 238, 239, 178, 192, 188, 200, 240, 104, 254, 150, 118,
       254, 37, 94, 86, 56, 189, 206, 183, 55, 111, 125, 46, 213, 255,
       246, 253, 34, 252, 231, 73, 191, 179, 251, 225, 147, 119, 175,
       124, 83, 28, 71, 118, 110, 18, 66, 127, 120, 53, 132, 255, 162,
       95, 103, 171, 84, 118, 213, 173, 234, 104, 147, 45, 78, 242, 231,
       37, 133, 103, 182, 36, 33, 19, 16, 14, 143, 61, 175, 177, 72, 62,
       105, 223, 39, 254, 219, 42, 72, 120, 172, 127, 141, 2, 177, 75,
       215, 212, 190, 155, 147, 28, 14, 121, 3, 92, 240, 154, 178, 171,
       192, 26, 237, 163, 21, 165, 185, 79, 215, 74, 26, 247, 211, 237,
       146, 94, 71, 154, 160, 251, 195, 95, 127, 160, 130, 175, 83, 246,
       119, 233, 204, 218, 102, 79, 216, 50, 252, 188, 175, 81, 231, 207,
       19, 127, 221, 21, 254, 233, 67, 189, 90, 120, 141, 175, 188, 165,
       243, 167, 241, 77, 74, 185, 226, 36, 173, 123, 152, 111, 234, 54,
       76, 255, 219, 209, 56, 151, 232, 127, 94, 137, 52, 171, 50, 223,
       223, 117, 252, 218, 251, 65, 41, 189, 113, 97, 98, 252, 63, 75,
       220, 83, 232, 177, 78, 83, 9, 221, 48, 92, 204, 22, 255, 169, 50,
       253, 154, 126, 221, 165, 252, 255, 187, 82, 112, 205, 71, 255,
       103, 164, 74, 111, 184, 112, 226, 247, 196, 211, 97, 153, 59, 58,
       228, 124, 110, 233, 244, 253, 44, 230, 235, 103, 148, 108, 243,
       82, 48, 49, 132, 237, 229, 84, 3, 71, 120, 81, 162, 251, 194, 83,
       41, 144, 0, 89, 228, 55, 172, 168, 250, 77, 14, 126, 239, 165, 4,
       101, 234, 80, 168, 130, 200, 16, 155, 77, 213, 176, 207, 159, 21,
       64, 19, 172, 158, 102, 205, 201, 59, 131, 17, 86, 62, 82, 241, 13,
       16, 218, 107, 146, 28, 189, 206, 3, 151, 109, 79, 116, 53, 171,
       190, 94, 104, 92, 230, 241, 108, 158, 36, 63, 66, 23, 205, 227,
       184, 61, 255, 108, 14, 186, 128, 93, 202, 81, 253, 110, 171, 236,
       215, 245, 220, 235, 251, 255, 156, 190, 134, 234, 227, 222, 86,
       121, 238, 239, 220, 218, 123, 235, 253, 127, 57, 199, 113, 71,
       238, 252, 98, 59, 81, 96, 232, 125, 87, 218, 88, 77, 104, 245,
       175, 27, 29, 182, 164, 254, 153, 151, 239, 141, 163, 53, 220, 18,
       221, 160, 182, 127, 143, 216, 215, 232, 126, 252, 117, 168, 111,
       85, 159, 123, 254, 182, 25, 159, 63, 67, 27, 133, 84, 109, 60,
       184, 109, 227, 2, 207, 219, 117, 149, 194, 240, 70, 83, 236, 174,
       252, 215, 221, 126, 116, 191, 91, 183, 38, 16, 234, 115, 76, 95,
       193, 70, 161, 24, 50, 92, 235, 241, 111, 219, 213, 71, 146, 120,
       212, 42, 158, 94, 118, 191, 179, 183, 94, 254, 21, 238, 254, 151,
       111, 110, 55, 205, 255, 251, 159, 247, 172, 247, 57, 255, 179,
       251, 205, 131, 251, 253, 44, 95, 117, 213, 238, 167, 156, 7, 223,
       248, 83, 234, 191, 10, 83, 124, 155, 35, 93, 196, 124, 239, 172,
       227, 125, 14, 249, 175, 229, 148, 229, 235, 86, 81, 254, 30, 118,
       190, 175, 126, 86, 122, 189, 206, 251, 183, 79, 127, 47, 223, 255,
       247, 253, 35, 252, 231, 25, 254, 179, 255, 67, 151, 55, 253, 236,
       87, 181, 247, 229, 103, 250, 70, 207, 248, 18, 238, 185, 238, 81,
       103, 213, 55, 127, 221, 93, 238, 233, 195, 253, 78, 121, 142, 239,
       180, 37, 242, 102, 241, 98, 235, 161, 146, 189, 221, 144, 142,
       219, 57, 136, 120, 174, 184, 92, 166, 193, 67, 232, 17, 254, 111,
       203, 179, 169, 84, 31, 127, 146, 28, 155, 14, 135, 95, 111, 79,
       230, 6, 238, 220, 229, 218, 90, 230, 241, 223, 189, 111, 118, 122,
       63, 239, 225, 208, 63, 232, 102, 56, 239, 128, 45, 243, 241, 181,
       61, 103, 225, 71, 220, 31, 207, 216, 83, 224, 189, 206, 83, 105,
       221, 167, 92, 206, 86, 254, 233, 242, 125, 170, 110, 76, 165, 180,
       255, 255, 82, 180, 254, 53, 182, 178, 173, 127, 92, 207, 155, 190,
       188, 59, 78, 254, 71, 143, 253, 223, 255, 147, 60, 103, 203, 226,
       187, 219, 215, 255, 195, 125, 206, 87, 173, 102, 28, 103, 32, 15,
       127, 184, 61, 174, 119, 93, 223, 99, 139, 25, 148, 68, 69, 110,
       232, 244, 105, 14, 231, 219, 101, 132, 74, 179, 74, 209, 209, 14,
       207, 245, 22, 162, 110, 99, 244, 130, 219, 194, 81, 163, 176, 65,
       115, 236, 62, 172, 249, 157, 5, 78, 188, 174, 175, 0, 45, 226,
       113, 40, 34, 161, 16, 154, 205, 253, 180, 207, 143, 61, 9, 27,
       140, 158, 110, 142, 201, 27, 195, 17, 22, 107, 90, 209, 31, 16,
       30, 127, 210, 12, 141, 206, 121, 44, 175, 253, 156, 87, 78, 46,
       86, 171, 210, 90, 83, 248, 16, 225, 217, 252, 125, 161, 189, 251,
       251, 159, 251, 239, 255, 84, 161, 40, 112, 10, 49, 143, 11, 238,
       116, 131, 239, 115, 212, 8, 217, 230, 115, 227, 176, 96, 92, 170,
       22, 238, 249, 187, 12, 63, 240, 172, 162, 128, 61, 170, 240, 177,
       216, 222, 181, 245, 11, 78, 21, 191, 36, 182, 134, 90, 255, 55, 8,
       207, 101, 213, 249, 170, 104, 205, 91, 137, 241, 227, 95, 20, 2,
       120, 165, 58, 189, 221, 229, 78, 140, 7, 207, 252, 86, 234, 152,
       66, 83, 252, 253, 227, 92, 196, 54, 239, 233, 99, 127, 58, 56, 10,
       231, 156, 125, 251, 240, 229, 129, 143, 63, 252, 180, 132, 125,
       183, 252, 89, 88, 116, 180, 171, 176, 97, 198, 35, 63, 12, 243, 9,
       34, 247, 234, 186, 122, 200, 24, 128, 161, 57, 124, 240, 184, 168,
       139, 68, 90, 216, 163, 213, 173, 25, 95, 215, 74, 90, 247, 213,
       253, 242, 30, 67, 218, 0, 219, 225, 175, 125, 160, 51, 174, 82, 3,
       48, 134, 141, 123, 22, 168, 72, 191, 248, 210, 231, 204, 206, 246,
