%YAML:1.0
---
descriptors: !!opencv-matrix
   rows: 270
   cols: 32
   dt: u
   data: [ 73, 181, 191, 95, 169, 252, 49, 55, 254, 87, 78, 16, 188, 182,
       2, 107, 161, 54, 122, 25, 179, 73, 179, 83, 205, 39, 122, 72, 128,
       64, 167, 122, 184, 199, 30, 108, 248, 79, 87, 117, 129, 12, 252,
       8, 111, 147, 34, 20, 216, 250, 198, 106, 104, 171, 96, 13, 241,
       209, 4, 59, 112, 186, 238, 171, 134, 30, 54, 223, 246, 226, 187,
       83, 157, 7, 223, 19, 76, 255, 36, 64, 251, 127, 187, 160, 48, 159,
       56, 207, 127, 54, 138, 67, 148, 107, 181, 210, 116, 97, 61, 103,
       8, 75, 71, 32, 36, 32, 235, 8, 215, 117, 8, 48, 216, 212, 108,
       106, 72, 176, 217, 44, 241, 227, 36, 16, 96, 59, 70, 34, 245, 103,
       233, 231, 250, 6, 79, 248, 18, 162, 253, 234, 81, 103, 217, 54,
       127, 220, 21, 238, 233, 210, 253, 46, 120, 174, 175, 180, 47, 243,
       98, 176, 194, 249, 151, 148, 169, 205, 180, 167, 191, 255, 10, 29,
       172, 190, 103, 206, 133, 119, 235, 21, 55, 73, 178, 243, 169, 22,
       94, 123, 152, 84, 141, 95, 202, 148, 118, 250, 191, 214, 120, 149,
       189, 85, 87, 17, 205, 127, 62, 237, 231, 19, 189, 157, 182, 140,
       51, 255, 235, 255, 218, 195, 182, 132, 237, 87, 87, 14, 140, 181,
       139, 52, 188, 3, 174, 183, 139, 215, 205, 46, 87, 202, 229, 103,
       233, 133, 148, 77, 215, 194, 138, 103, 223, 151, 141, 101, 169,
       20, 60, 5, 238, 71, 213, 91, 230, 168, 117, 228, 111, 130, 195,
       104, 159, 148, 122, 204, 162, 110, 108, 176, 93, 46, 46, 239, 5,
       5, 111, 175, 90, 132, 75, 243, 148, 149, 169, 188, 188, 143, 175,
       241, 10, 213, 172, 168, 94, 206, 133, 71, 249, 21, 151, 73, 147,
       224, 173, 118, 94, 94, 138, 84, 137, 28, 247, 206, 124, 30, 10,
       16, 222, 168, 233, 246, 183, 239, 107, 74, 159, 115, 126, 229,
       236, 231, 236, 103, 239, 237, 178, 235, 235, 159, 125, 183, 106,
       69, 9, 158, 109, 79, 116, 191, 235, 190, 86, 105, 124, 102, 241,
       125, 191, 32, 63, 74, 23, 239, 163, 52, 45, 127, 102, 15, 163,
       132, 95, 139, 81, 249, 31, 49, 182, 178, 169, 60, 84, 223, 235,
       219, 169, 29, 206, 250, 75, 190, 165, 215, 252, 17, 158, 99, 154,
       192, 155, 223, 87, 119, 202, 117, 171, 199, 138, 134, 186, 219,
       235, 233, 176, 239, 30, 31, 81, 51, 140, 255, 104, 201, 235, 27,
       131, 17, 114, 94, 42, 209, 205, 209, 94, 111, 146, 76, 141, 235,
       252, 197, 239, 167, 156, 3, 206, 248, 86, 234, 223, 75, 115, 105,
       153, 35, 125, 196, 125, 239, 232, 227, 77, 62, 248, 175, 229, 148,
       109, 251, 80, 34, 201, 188, 253, 117, 172, 126, 245, 63, 86, 251,
       118, 16, 243, 61, 80, 107, 1, 118, 125, 24, 249, 252, 251, 42,
       111, 175, 117, 0, 226, 248, 212, 42, 222, 150, 134, 181, 171, 48,
       60, 7, 191, 251, 147, 245, 204, 110, 202, 203, 167, 7, 237, 149,
       244, 77, 139, 194, 136, 243, 255, 215, 140, 100, 169, 23, 198,
       229, 148, 22, 233, 9, 182, 232, 139, 186, 177, 41, 236, 250, 77,
       15, 157, 115, 235, 99, 102, 103, 202, 243, 60, 18, 77, 63, 80,
       119, 3, 135, 38, 96, 149, 154, 237, 173, 150, 200, 142, 186, 153,
       43, 196, 248, 109, 14, 217, 121, 107, 115, 38, 103, 202, 210, 45,
       20, 79, 62, 144, 123, 17, 134, 101, 97, 111, 69, 196, 95, 102, 56,
       117, 200, 247, 72, 211, 24, 29, 240, 216, 204, 110, 110, 205, 240,
       249, 12, 39, 251, 101, 4, 75, 186, 114, 132, 33, 13, 189, 125,
       205, 78, 69, 15, 116, 218, 238, 8, 147, 49, 21, 59, 201, 198, 114,
       40, 105, 250, 113, 10, 71, 187, 84, 4, 193, 120, 214, 40, 38, 223,
       33, 218, 237, 245, 223, 188, 159, 94, 185, 1, 74, 252, 127, 252,
       221, 251, 183, 215, 218, 38, 122, 247, 43, 94, 207, 255, 215, 127,
       244, 119, 33, 167, 97, 65, 244, 191, 224, 119, 125, 73, 122, 70,
       155, 24, 148, 164, 122, 10, 22, 61, 183, 184, 101, 207, 46, 28,
       162, 192, 79, 142, 218, 165, 221, 221, 220, 215, 176, 82, 127,
       189, 50, 251, 183, 176, 91, 119, 203, 255, 119, 214, 252, 250,
       121, 208, 233, 234, 238, 239, 247, 133, 170, 241, 172, 49, 167,
       239, 102, 15, 221, 63, 182, 236, 95, 230, 251, 159, 232, 232, 191,
       132, 249, 239, 234, 231, 228, 247, 205, 255, 62, 62, 143, 183, 95,
       127, 251, 198, 116, 5, 84, 79, 25, 123, 82, 40, 101, 36, 239, 9,
       66, 33, 15, 213, 216, 212, 236, 98, 44, 163, 97, 30, 179, 254, 65,
       23, 211, 255, 76, 6, 117, 148, 238, 180, 156, 54, 94, 249, 22,
       234, 151, 214, 83, 126, 50, 97, 93, 229, 125, 175, 173, 207, 125,
       158, 251, 239, 239, 148, 173, 233, 56, 88, 1, 143, 127, 249, 180,
       169, 237, 183, 253, 81, 106, 212, 181, 171, 48, 97, 239, 35, 18,
       156, 179, 184, 54, 119, 238, 158, 18, 64, 220, 128, 225, 184, 220,
       36, 188, 248, 43, 253, 81, 74, 187, 31, 165, 24, 143, 159, 74,
       123, 131, 147, 253, 16, 58, 79, 226, 147, 219, 211, 82, 127, 146,
       65, 39, 35, 60, 112, 247, 65, 77, 82, 177, 73, 103, 252, 247, 162,
       10, 220, 239, 175, 252, 220, 230, 176, 205, 247, 183, 192, 31, 89,
       231, 175, 227, 44, 116, 247, 19, 1, 239, 197, 198, 86, 173, 70,
       68, 193, 222, 134, 80, 44, 183, 111, 104, 68, 59, 189, 149, 217,
       53, 192, 20, 46, 222, 128, 173, 124, 241, 252, 14, 205, 172, 183,
       189, 191, 236, 167, 158, 255, 7, 21, 244, 111, 90, 75, 197, 111,
       179, 31, 244, 216, 91, 162, 237, 87, 255, 69, 128, 125, 157, 74,
       80, 229, 27, 234, 186, 201, 31, 237, 174, 36, 172, 161, 183, 151,
       104, 80, 166, 59, 77, 224, 82, 9, 168, 63, 249, 197, 62, 125, 48,
       2, 135, 106, 10, 143, 26, 187, 213, 167, 178, 231, 30, 13, 90, 23,
       172, 235, 34, 64, 221, 59, 131, 21, 54, 152, 65, 255, 239, 119,
       154, 67, 144, 78, 185, 139, 91, 115, 138, 165, 146, 22, 186, 212,
       170, 197, 138, 199, 141, 174, 114, 194, 230, 197, 253, 213, 157,
       137, 133, 192, 152, 37, 142, 197, 140, 54, 169, 93, 23, 79, 67, 5,
       180, 150, 110, 242, 117, 192, 218, 198, 113, 110, 181, 228, 126,
       236, 22, 238, 237, 154, 53, 238, 34, 46, 175, 128, 47, 247, 114,
       213, 239, 203, 70, 78, 205, 19, 70, 236, 93, 176, 98, 90, 64, 232,
       188, 247, 88, 198, 34, 106, 252, 123, 207, 188, 62, 58, 197, 79,
       95, 191, 248, 140, 39, 98, 225, 219, 108, 41, 232, 220, 126, 247,
       113, 253, 153, 203, 221, 24, 95, 204, 110, 158, 139, 118, 239,
       210, 30, 28, 191, 172, 157, 251, 66, 177, 202, 185, 149, 186, 201,
       205, 17, 199, 158, 89, 128, 25, 190, 183, 96, 27, 193, 115, 235,
       17, 19, 79, 210, 241, 221, 18, 94, 123, 144, 24, 135, 251, 208, 0,
       191, 245, 164, 110, 101, 190, 236, 155, 98, 80, 247, 115, 0, 122,
       129, 118, 125, 8, 33, 252, 83, 40, 197, 170, 119, 16, 192, 120,
       197, 42, 8, 50, 127, 73, 107, 95, 49, 82, 108, 124, 246, 100, 155,
       150, 130, 187, 46, 157, 238, 144, 133, 250, 247, 64, 87, 225, 114,
       193, 75, 4, 47, 243, 26, 50, 218, 161, 2, 138, 57, 66, 62, 5, 78,
       167, 77, 7, 130, 80, 54, 189, 175, 145, 6, 152, 5, 210, 220, 229,
       58, 131, 173, 134, 45, 219, 232, 252, 188, 250, 93, 253, 80, 218,
       159, 119, 165, 25, 254, 219, 79, 155, 131, 209, 251, 2, 38, 103,
       218, 247, 155, 223, 81, 63, 90, 13, 79, 219, 255, 207, 110, 6, 13,
       19, 206, 232, 224, 178, 186, 11, 99, 202, 63, 115, 248, 229, 126,
       239, 236, 71, 207, 255, 242, 107, 207, 189, 85, 63, 122, 76, 14,
       77, 163, 218, 215, 230, 191, 197, 159, 71, 195, 18, 204, 239, 53,
       72, 253, 127, 155, 147, 50, 147, 56, 254, 63, 54, 158, 66, 148,
       95, 181, 242, 99, 173, 225, 69, 180, 246, 207, 191, 67, 225, 156,
       2, 241, 113, 212, 36, 89, 238, 89, 188, 155, 42, 253, 254, 109,
       28, 135, 252, 135, 242, 242, 108, 255, 76, 238, 190, 74, 62, 222,
       168, 248, 230, 187, 159, 91, 234, 151, 91, 255, 229, 124, 231,
       236, 103, 239, 235, 240, 43, 235, 189, 109, 119, 43, 68, 87, 237,
       99, 134, 151, 149, 239, 253, 105, 96, 152, 202, 105, 76, 188, 164,
       62, 195, 93, 239, 223, 11, 188, 253, 184, 88, 143, 252, 63, 183,
