%YAML:1.0
---
descriptors: !!opencv-matrix
   rows: 258
   cols: 32
   dt: u
   data: [ 34, 25, 186, 237, 213, 198, 185, 103, 31, 133, 222, 18, 172,
       191, 36, 64, 220, 63, 179, 129, 80, 154, 211, 158, 223, 247, 154,
       131, 28, 72, 181, 186, 66, 153, 16, 218, 47, 221, 50, 201, 239,
       16, 128, 8, 174, 218, 101, 196, 162, 59, 234, 80, 70, 9, 154, 245,
       159, 148, 11, 123, 18, 14, 9, 14, 145, 221, 111, 254, 28, 196,
       205, 247, 212, 72, 212, 6, 49, 159, 178, 97, 108, 162, 31, 204,
       235, 171, 54, 255, 242, 235, 186, 136, 61, 152, 112, 248, 0, 145,
       25, 171, 180, 135, 183, 125, 12, 9, 88, 66, 180, 30, 40, 1, 220,
       59, 2, 112, 82, 184, 80, 221, 237, 145, 170, 66, 16, 10, 161, 171,
       58, 51, 114, 236, 59, 221, 155, 72, 143, 12, 185, 171, 142, 220,
       53, 132, 222, 185, 223, 113, 154, 35, 226, 221, 145, 212, 11, 187,
       87, 15, 7, 247, 195, 157, 215, 196, 223, 124, 174, 238, 205, 210,
       170, 18, 252, 250, 117, 231, 235, 247, 106, 41, 97, 105, 58, 203,
       61, 22, 79, 62, 151, 120, 97, 44, 185, 113, 96, 227, 181, 223,
       255, 85, 85, 108, 85, 179, 155, 29, 154, 165, 126, 154, 151, 78,
       248, 176, 113, 190, 231, 217, 164, 161, 103, 222, 220, 243, 34,
       205, 32, 139, 213, 147, 182, 239, 93, 4, 88, 3, 172, 104, 62, 196,
       216, 11, 131, 99, 246, 184, 88, 255, 45, 20, 142, 67, 85, 14, 153,
       206, 222, 247, 250, 64, 147, 84, 93, 221, 251, 221, 189, 191, 72,
       254, 111, 183, 183, 217, 221, 244, 239, 67, 190, 194, 251, 221, 7,
       175, 231, 246, 175, 87, 129, 138, 27, 251, 180, 187, 232, 23, 126,
       1, 82, 214, 191, 136, 176, 232, 243, 34, 30, 29, 183, 188, 37,
       247, 132, 255, 58, 192, 156, 136, 249, 12, 7, 144, 3, 185, 51,
       246, 42, 2, 63, 73, 67, 247, 204, 222, 188, 236, 247, 9, 155, 181,
       183, 148, 21, 214, 142, 118, 154, 198, 156, 5, 57, 85, 93, 219,
       191, 182, 164, 134, 127, 183, 164, 200, 222, 70, 253, 255, 48, 96,
       244, 247, 61, 203, 201, 153, 161, 108, 251, 239, 239, 192, 40,
       162, 161, 51, 190, 108, 114, 74, 85, 241, 210, 224, 245, 6, 253,
       10, 42, 218, 165, 181, 248, 184, 130, 234, 106, 167, 42, 255, 115,
       220, 130, 11, 83, 15, 126, 174, 38, 234, 160, 191, 213, 137, 175,
       236, 94, 206, 88, 135, 160, 204, 55, 0, 217, 107, 131, 71, 198,
       190, 78, 251, 108, 22, 157, 169, 85, 31, 87, 206, 2, 217, 18, 159,
       213, 213, 190, 231, 31, 4, 72, 3, 172, 254, 38, 196, 220, 123,
       179, 193, 86, 152, 90, 253, 45, 54, 158, 75, 18, 14, 189, 222, 57,
       223, 110, 236, 244, 151, 207, 247, 213, 72, 254, 230, 115, 232,
       183, 96, 126, 232, 30, 239, 205, 171, 36, 191, 122, 237, 167, 200,
       127, 186, 248, 205, 120, 252, 100, 225, 53, 222, 122, 182, 233,
       237, 190, 7, 187, 31, 83, 193, 110, 245, 221, 217, 170, 248, 241,
       236, 255, 253, 174, 145, 174, 156, 116, 91, 186, 209, 118, 225,
       53, 223, 88, 117, 5, 109, 183, 19, 11, 31, 50, 5, 238, 145, 159,
       232, 172, 181, 113, 157, 243, 219, 128, 215, 55, 158, 220, 75,
       110, 57, 146, 128, 205, 191, 178, 192, 142, 184, 176, 11, 204,
       210, 99, 206, 236, 253, 202, 241, 20, 119, 216, 216, 29, 16, 139,
       127, 149, 47, 57, 135, 114, 74, 153, 252, 73, 229, 17, 72, 139,
       31, 164, 11, 46, 222, 101, 90, 232, 185, 239, 144, 10, 7, 162,
       209, 211, 212, 90, 59, 144, 125, 39, 106, 44, 181, 176, 234, 253,
       237, 80, 207, 31, 61, 109, 24, 142, 249, 110, 80, 217, 154, 135,
       16, 30, 58, 90, 145, 255, 221, 20, 127, 146, 78, 220, 130, 27,
       122, 235, 237, 2, 22, 127, 86, 52, 230, 214, 199, 57, 135, 147,
       234, 110, 253, 191, 204, 201, 220, 181, 232, 246, 111, 254, 129,
       39, 244, 63, 249, 32, 75, 94, 67, 112, 131, 239, 224, 44, 4, 251,
       162, 81, 11, 181, 16, 110, 185, 7, 238, 72, 178, 76, 124, 118,
       142, 226, 128, 117, 155, 98, 161, 82, 216, 159, 184, 9, 193, 17,
       206, 171, 23, 160, 57, 174, 215, 97, 90, 201, 145, 233, 0, 74, 71,
       154, 241, 209, 210, 90, 127, 80, 16, 39, 58, 184, 221, 126, 230,
       142, 18, 199, 252, 66, 240, 182, 230, 115, 169, 184, 67, 126, 196,
       36, 235, 233, 251, 173, 189, 250, 235, 231, 52, 111, 186, 240,
       185, 118, 105, 226, 214, 229, 243, 126, 69, 193, 228, 191, 171,
       42, 172, 247, 62, 234, 228, 253, 210, 156, 203, 164, 232, 59, 89,
       205, 59, 167, 255, 126, 222, 41, 9, 114, 79, 85, 147, 231, 113,
       87, 196, 125, 2, 104, 217, 183, 164, 88, 232, 146, 106, 192, 178,
       60, 255, 39, 28, 1, 35, 119, 175, 126, 236, 153, 114, 39, 185, 37,
       208, 113, 92, 247, 92, 84, 181, 175, 214, 171, 237, 242, 41, 188,
       116, 239, 196, 54, 145, 195, 241, 122, 143, 54, 140, 45, 215, 237,
       29, 125, 109, 102, 126, 123, 178, 85, 106, 118, 230, 219, 61, 177,
       121, 86, 245, 55, 110, 161, 180, 101, 190, 70, 235, 97, 196, 127,
       185, 64, 241, 52, 3, 93, 239, 182, 107, 71, 1, 68, 4, 247, 162,
       247, 33, 161, 105, 122, 164, 46, 106, 8, 176, 101, 12, 228, 166,
       96, 17, 116, 251, 84, 96, 5, 83, 10, 171, 48, 15, 106, 120, 44, 0,
       117, 68, 213, 83, 43, 25, 62, 8, 18, 238, 196, 144, 24, 92, 198,
       205, 162, 4, 184, 179, 43, 128, 8, 13, 243, 199, 111, 89, 191,
       103, 205, 162, 143, 130, 236, 191, 101, 230, 107, 119, 250, 170,
       80, 121, 191, 233, 189, 254, 95, 43, 70, 110, 37, 174, 110, 25,
       148, 180, 169, 125, 144, 3, 139, 249, 138, 45, 140, 191, 71, 206,
       205, 247, 251, 17, 29, 75, 210, 240, 155, 210, 219, 59, 154, 109,
       13, 23, 1, 123, 94, 161, 96, 162, 233, 86, 108, 104, 118, 228,
       149, 2, 147, 120, 110, 45, 54, 220, 129, 154, 197, 64, 68, 169,
       186, 192, 12, 128, 43, 145, 245, 251, 233, 69, 44, 11, 207, 184,
       66, 250, 150, 238, 211, 12, 213, 39, 126, 196, 124, 110, 201, 112,
       237, 8, 244, 200, 229, 180, 109, 249, 80, 117, 19, 207, 74, 189,
       50, 130, 186, 230, 60, 65, 90, 231, 45, 234, 178, 192, 102, 107,
       19, 197, 231, 152, 4, 255, 32, 38, 186, 128, 61, 132, 57, 157,
       239, 100, 229, 85, 172, 63, 233, 158, 91, 250, 22, 88, 210, 48,
       213, 239, 81, 68, 124, 61, 185, 116, 253, 154, 14, 62, 245, 244,
       142, 253, 80, 100, 67, 211, 65, 207, 50, 128, 46, 188, 47, 73, 83,
       230, 253, 103, 156, 196, 118, 213, 63, 239, 211, 24, 79, 245, 172,
       36, 235, 196, 60, 131, 145, 49, 2, 201, 18, 155, 221, 213, 182,
       239, 143, 5, 72, 3, 172, 254, 102, 196, 200, 59, 147, 193, 86, 24,
       82, 245, 45, 20, 158, 107, 18, 30, 189, 222, 24, 125, 123, 239,
       50, 206, 127, 244, 180, 72, 126, 198, 125, 247, 33, 113, 54, 253,
       23, 234, 225, 145, 56, 126, 241, 173, 46, 128, 41, 178, 39, 249,
       25, 95, 127, 111, 50, 78, 47, 244, 124, 200, 122, 228, 127, 119,
       161, 48, 54, 125, 22, 106, 225, 176, 57, 108, 245, 175, 34, 128,
       105, 179, 7, 249, 138, 188, 42, 251, 53, 204, 185, 39, 61, 5, 94,
       147, 173, 191, 48, 65, 235, 59, 151, 133, 34, 152, 48, 239, 231,
       247, 154, 195, 4, 4, 181, 250, 162, 248, 137, 185, 92, 141, 169,
       198, 30, 41, 80, 83, 180, 152, 112, 72, 201, 59, 51, 81, 114, 252,
       83, 179, 77, 22, 190, 96, 157, 24, 145, 139, 33, 131, 251, 73,
       116, 170, 105, 22, 108, 13, 127, 100, 151, 163, 176, 112, 118, 46,
       6, 12, 145, 184, 32, 69, 78, 189, 50, 192, 200, 194, 194, 225, 2,
       205, 24, 153, 213, 199, 182, 175, 30, 5, 90, 19, 228, 56, 40, 64,
       217, 11, 3, 1, 114, 184, 81, 255, 45, 54, 158, 67, 144, 8, 181,
       138, 109, 119, 97, 106, 108, 29, 79, 57, 101, 78, 245, 108, 235,
       77, 154, 49, 220, 136, 70, 174, 235, 38, 233, 157, 102, 217, 160,
       140, 95, 158, 246, 245, 18, 156, 154, 253, 21, 238, 185, 39, 61,
       5, 206, 18, 188, 191, 32, 64, 236, 63, 155, 129, 58, 152, 81, 207,
       231, 245, 154, 67, 20, 8, 181, 154, 235, 92, 122, 245, 224, 254,
       127, 182, 189, 238, 126, 164, 31, 191, 183, 120, 198, 125, 181,
       76, 241, 156, 48, 238, 231, 255, 118, 128, 198, 253, 77, 249, 89,
