%YAML:1.0
---
descriptors: !!opencv-matrix
   rows: 215
   cols: 32
   dt: u
   data: [ 56, 93, 173, 239, 221, 105, 87, 239, 7, 77, 252, 169, 59, 61,
       43, 18, 232, 242, 215, 1, 74, 43, 99, 185, 243, 229, 180, 185,
       247, 222, 246, 250, 17, 221, 15, 173, 146, 78, 47, 181, 52, 64,
       74, 196, 245, 119, 8, 113, 54, 87, 125, 226, 241, 152, 57, 63,
       225, 231, 110, 196, 40, 50, 167, 121, 120, 169, 172, 58, 141, 157,
       84, 207, 227, 61, 172, 9, 47, 233, 82, 18, 137, 226, 237, 85, 30,
       107, 202, 49, 219, 201, 84, 123, 241, 77, 222, 74, 106, 249, 144,
       194, 105, 192, 158, 172, 171, 49, 180, 169, 172, 159, 68, 150,
       202, 215, 253, 210, 75, 75, 218, 241, 223, 213, 159, 255, 6, 23,
       175, 218, 19, 141, 75, 143, 22, 166, 110, 254, 52, 72, 218, 194,
       113, 114, 176, 240, 118, 238, 23, 238, 237, 153, 13, 127, 186, 46,
       170, 192, 61, 243, 56, 61, 5, 93, 113, 111, 118, 79, 239, 248,
       125, 72, 122, 98, 255, 117, 149, 36, 54, 92, 22, 106, 193, 184,
       109, 125, 46, 254, 38, 128, 111, 187, 67, 169, 254, 60, 246, 228,
       29, 118, 90, 114, 181, 142, 190, 3, 73, 63, 55, 223, 232, 244,
       253, 242, 44, 207, 145, 238, 155, 251, 195, 131, 167, 245, 124,
       94, 94, 60, 230, 247, 183, 246, 122, 50, 53, 174, 214, 131, 105,
       63, 19, 207, 111, 247, 253, 219, 188, 221, 241, 238, 223, 255,
       218, 131, 167, 229, 60, 74, 107, 253, 160, 176, 253, 221, 223,
       247, 135, 253, 156, 169, 159, 253, 242, 162, 207, 98, 255, 29,
       222, 43, 250, 190, 251, 93, 173, 253, 214, 252, 222, 251, 44, 52,
       240, 67, 221, 253, 114, 218, 79, 181, 45, 24, 26, 253, 111, 188,
       153, 26, 147, 24, 18, 50, 120, 178, 79, 221, 21, 127, 210, 207,
       206, 242, 88, 249, 151, 114, 137, 237, 85, 223, 242, 159, 168, 24,
       247, 243, 72, 58, 161, 82, 108, 16, 26, 105, 155, 49, 249, 135,
       117, 120, 192, 80, 199, 43, 25, 105, 211, 103, 211, 206, 111, 101,
       36, 201, 110, 0, 127, 231, 32, 240, 50, 239, 82, 204, 81, 152, 49,
       108, 253, 237, 36, 64, 225, 130, 163, 232, 219, 94, 71, 189, 3,
       22, 126, 182, 181, 194, 66, 215, 109, 102, 35, 211, 102, 229, 185,
       198, 237, 205, 23, 239, 178, 227, 222, 0, 47, 181, 41, 88, 33,
       183, 125, 93, 124, 173, 169, 123, 126, 121, 124, 92, 176, 181,
       212, 52, 15, 10, 86, 12, 147, 58, 227, 85, 77, 28, 50, 232, 91,
       200, 195, 249, 98, 24, 22, 140, 109, 213, 152, 72, 143, 28, 212,
       11, 140, 222, 38, 204, 200, 177, 255, 67, 14, 3, 210, 209, 145,
       48, 139, 59, 16, 13, 61, 70, 218, 18, 142, 180, 162, 34, 189, 19,
       188, 159, 215, 247, 205, 167, 43, 75, 231, 245, 237, 181, 48, 213,
       131, 66, 208, 163, 254, 131, 132, 116, 165, 83, 155, 26, 174, 188,
       6, 182, 188, 113, 156, 94, 211, 247, 236, 238, 179, 75, 236, 37,
       187, 167, 164, 197, 6, 202, 208, 35, 235, 129, 28, 100, 57, 213,
       2, 139, 14, 187, 203, 128, 61, 238, 190, 21, 72, 151, 172, 199,
       42, 64, 231, 43, 187, 197, 70, 216, 26, 245, 228, 50, 158, 139,
       20, 68, 165, 218, 124, 127, 187, 100, 181, 242, 86, 254, 243, 172,
       190, 104, 74, 248, 213, 178, 153, 252, 236, 114, 204, 235, 232,
       46, 251, 223, 165, 255, 66, 115, 254, 47, 44, 119, 72, 103, 240,
       11, 111, 176, 49, 132, 126, 236, 243, 65, 155, 16, 30, 220, 134,
       110, 192, 176, 205, 46, 102, 237, 36, 128, 103, 179, 78, 177, 191,
       117, 237, 103, 212, 87, 95, 253, 81, 234, 221, 10, 89, 125, 159,
       49, 93, 222, 21, 239, 253, 210, 253, 174, 123, 239, 237, 180, 47,
       247, 210, 240, 114, 65, 34, 172, 45, 197, 90, 105, 173, 12, 241,
       9, 239, 218, 54, 80, 216, 161, 223, 99, 76, 3, 74, 221, 179, 248,
       130, 187, 80, 38, 110, 71, 124, 221, 253, 102, 181, 126, 215, 184,
       83, 234, 191, 10, 91, 125, 29, 36, 25, 246, 245, 106, 232, 227,
       249, 174, 123, 255, 229, 21, 231, 255, 214, 99, 65, 123, 90, 145,
       98, 172, 169, 87, 108, 120, 118, 228, 157, 3, 146, 89, 38, 173,
       38, 156, 129, 156, 133, 64, 68, 168, 58, 224, 45, 144, 163, 145,
       81, 42, 203, 53, 52, 130, 104, 18, 116, 233, 114, 228, 177, 10,
       144, 120, 102, 172, 54, 140, 141, 252, 197, 64, 198, 175, 178,
       192, 109, 161, 104, 153, 129, 58, 74, 185, 100, 185, 224, 83, 238,
       81, 112, 247, 187, 136, 242, 75, 106, 43, 6, 149, 151, 56, 70,
       209, 70, 217, 50, 224, 220, 136, 105, 217, 114, 112, 90, 168, 105,
       212, 248, 64, 169, 13, 241, 11, 12, 222, 46, 218, 238, 189, 255,
       243, 14, 135, 146, 208, 145, 241, 138, 207, 1, 7, 47, 198, 111,
       55, 128, 165, 89, 15, 66, 184, 99, 160, 168, 237, 194, 98, 74,
       150, 221, 204, 232, 247, 205, 82, 207, 154, 172, 84, 133, 62, 75,
       63, 26, 20, 129, 88, 215, 85, 32, 174, 99, 50, 252, 130, 98, 84,
       244, 50, 129, 239, 32, 110, 32, 8, 161, 220, 149, 110, 132, 186,
       82, 0, 202, 225, 99, 188, 185, 0, 74, 45, 76, 27, 224, 87, 68, 96,
       246, 70, 179, 24, 150, 161, 104, 128, 94, 173, 141, 183, 85, 136,
       22, 105, 178, 1, 127, 140, 120, 156, 57, 237, 27, 102, 240, 211,
       99, 117, 228, 73, 254, 32, 115, 215, 162, 112, 56, 170, 70, 216,
       91, 187, 32, 45, 249, 237, 36, 193, 99, 2, 238, 235, 94, 24, 230,
       214, 21, 212, 122, 82, 189, 132, 198, 3, 105, 255, 55, 206, 228,
       245, 251, 218, 188, 217, 178, 236, 159, 126, 203, 131, 166, 165,
       124, 70, 24, 253, 114, 227, 181, 223, 118, 245, 71, 36, 222, 3,
       107, 221, 50, 192, 120, 250, 151, 209, 206, 184, 56, 191, 239,
       221, 132, 99, 55, 158, 252, 222, 44, 145, 52, 251, 141, 221, 212,
       189, 86, 29, 245, 17, 218, 221, 58, 193, 201, 26, 187, 1, 222, 42,
       123, 149, 111, 219, 214, 95, 83, 12, 220, 210, 128, 146, 79, 185,
       100, 137, 105, 23, 174, 29, 86, 247, 157, 139, 240, 75, 107, 43,
       63, 157, 146, 60, 102, 209, 196, 209, 186, 224, 148, 136, 245,
       249, 44, 236, 105, 69, 244, 75, 239, 255, 82, 228, 124, 171, 211,
       45, 147, 32, 25, 204, 3, 109, 105, 186, 117, 31, 110, 15, 165, 37,
       103, 184, 86, 240, 77, 63, 89, 97, 230, 219, 118, 176, 233, 232,
       60, 236, 159, 215, 231, 117, 54, 252, 222, 98, 213, 48, 180, 180,
       246, 217, 33, 246, 126, 171, 75, 145, 250, 249, 80, 224, 153, 221,
       94, 164, 43, 233, 188, 13, 143, 159, 70, 148, 204, 223, 253, 208,
       95, 11, 210, 242, 187, 213, 143, 255, 11, 6, 206, 31, 10, 157, 55,
       94, 87, 149, 174, 98, 236, 72, 120, 70, 60, 254, 52, 165, 236, 59,
       19, 239, 225, 187, 50, 255, 53, 56, 10, 10, 91, 7, 35, 255, 137,
       90, 59, 113, 52, 190, 104, 22, 124, 73, 114, 116, 179, 146, 144,
       248, 196, 46, 28, 156, 191, 188, 161, 78, 196, 255, 178, 192, 136,
       128, 65, 57, 92, 241, 26, 250, 11, 196, 22, 236, 171, 29, 165, 5,
       94, 223, 42, 82, 166, 211, 237, 66, 94, 11, 154, 113, 243, 241, 2,
       123, 112, 19, 175, 19, 5, 172, 239, 254, 156, 123, 207, 170, 222,
       242, 16, 18, 241, 252, 125, 35, 155, 110, 57, 43, 165, 229, 175,
       191, 105, 95, 223, 85, 148, 233, 81, 228, 80, 77, 175, 108, 42,
       66, 95, 190, 164, 78, 198, 161, 247, 55, 1, 115, 38, 245, 125,
       234, 104, 201, 161, 13, 241, 162, 107, 148, 36, 240, 39, 123, 130,
       129, 18, 152, 239, 221, 184, 239, 143, 57, 16, 19, 140, 222, 110,
       198, 199, 19, 187, 17, 86, 41, 26, 213, 63, 16, 30, 111, 22, 12,
       173, 207, 43, 114, 99, 74, 117, 245, 234, 92, 69, 72, 245, 238,
       105, 205, 189, 164, 94, 184, 151, 234, 203, 178, 125, 221, 54, 93,
       160, 184, 127, 159, 126, 253, 10, 221, 34, 139, 213, 215, 190,
       239, 29, 69, 94, 7, 236, 124, 62, 196, 217, 27, 147, 225, 118,
       184, 121, 255, 47, 117, 142, 71, 22, 14, 189, 222, 30, 207, 167,
       179, 147, 66, 15, 182, 7, 21, 202, 163, 237, 103, 104, 198, 103,
       223, 173, 215, 90, 217, 11, 167, 233, 198, 158, 197, 182, 247,
       181, 123, 45, 115, 112, 105, 108, 31, 87, 25, 65, 108, 253, 108,
       219, 89, 154, 49, 222, 8, 86, 110, 207, 50, 125, 149, 102, 221,
