%YAML:1.0
---
descriptors: !!opencv-matrix
   rows: 257
   cols: 32
   dt: u
   data: [ 203, 223, 135, 31, 171, 176, 172, 134, 191, 91, 82, 247, 172,
       174, 181, 238, 231, 111, 190, 197, 183, 220, 167, 243, 44, 118,
       254, 195, 158, 85, 169, 221, 41, 53, 104, 5, 52, 159, 226, 49,
       100, 104, 254, 76, 243, 8, 150, 160, 88, 172, 86, 109, 157, 184,
       85, 14, 38, 125, 32, 64, 109, 138, 90, 156, 106, 48, 229, 69, 67,
       98, 161, 55, 33, 229, 238, 172, 24, 61, 2, 54, 28, 150, 241, 168,
       25, 250, 241, 72, 7, 38, 208, 130, 231, 196, 38, 250, 168, 135,
       109, 101, 100, 10, 109, 57, 117, 36, 118, 228, 211, 67, 144, 112,
       122, 140, 102, 46, 193, 176, 101, 77, 102, 251, 161, 132, 103,
       168, 68, 225, 5, 76, 255, 69, 36, 110, 103, 48, 108, 174, 127, 64,
       211, 113, 149, 63, 26, 116, 108, 106, 137, 240, 121, 8, 199, 251,
       97, 0, 194, 243, 70, 33, 101, 233, 209, 70, 76, 76, 71, 184, 99,
       240, 33, 72, 82, 243, 221, 182, 88, 204, 32, 94, 73, 114, 250, 32,
       47, 184, 197, 44, 66, 187, 66, 232, 15, 238, 224, 147, 247, 60,
       238, 148, 123, 251, 29, 86, 200, 122, 223, 174, 63, 203, 215, 223,
       199, 84, 206, 242, 46, 92, 159, 164, 175, 247, 219, 133, 80, 185,
       62, 126, 130, 204, 53, 231, 172, 17, 106, 33, 62, 183, 32, 112,
       166, 59, 89, 64, 82, 153, 18, 125, 241, 163, 94, 67, 96, 82, 167,
       43, 216, 249, 63, 248, 42, 205, 17, 95, 166, 52, 168, 56, 183,
       151, 64, 18, 162, 183, 109, 16, 74, 79, 178, 19, 249, 225, 62,
       120, 96, 0, 135, 123, 96, 96, 251, 119, 96, 237, 81, 84, 49, 173,
       231, 8, 115, 183, 73, 56, 24, 244, 101, 8, 8, 118, 250, 34, 215,
       173, 112, 57, 224, 147, 70, 234, 72, 177, 191, 117, 105, 201, 113,
       17, 234, 89, 36, 40, 190, 215, 200, 50, 130, 48, 104, 8, 3, 105,
       178, 1, 79, 153, 97, 59, 66, 2, 71, 171, 120, 185, 189, 230, 58,
       107, 81, 56, 163, 189, 175, 40, 247, 247, 64, 82, 0, 244, 109, 48,
       24, 75, 251, 61, 217, 227, 101, 125, 160, 162, 6, 43, 123, 252,
       229, 92, 123, 220, 89, 190, 251, 252, 60, 173, 43, 190, 215, 246,
       135, 245, 253, 220, 143, 72, 247, 253, 15, 127, 85, 187, 126, 180,
       78, 127, 49, 133, 110, 204, 150, 179, 207, 127, 212, 64, 207, 134,
       115, 224, 62, 100, 126, 170, 26, 172, 249, 171, 53, 159, 248, 46,
       131, 80, 61, 138, 240, 124, 95, 167, 200, 163, 180, 58, 110, 191,
       59, 243, 154, 199, 223, 106, 218, 210, 115, 199, 253, 191, 255,
       216, 205, 230, 238, 127, 175, 229, 174, 246, 219, 88, 29, 7, 231,
       71, 133, 122, 239, 218, 125, 226, 251, 214, 203, 40, 157, 238,
       123, 198, 110, 174, 177, 176, 125, 234, 36, 126, 198, 4, 239, 255,
       245, 244, 111, 59, 96, 92, 123, 253, 154, 250, 239, 220, 188, 237,
       170, 252, 215, 183, 159, 123, 253, 71, 151, 99, 254, 253, 10, 89,
       1, 191, 95, 173, 78, 87, 53, 86, 233, 71, 86, 91, 199, 184, 85,
       236, 254, 234, 115, 101, 157, 52, 120, 220, 118, 104, 233, 242,
       109, 14, 126, 175, 165, 148, 231, 186, 86, 241, 116, 109, 57, 108,
       204, 79, 71, 189, 64, 170, 168, 8, 83, 49, 1, 51, 88, 212, 100,
       106, 73, 114, 217, 12, 241, 170, 101, 60, 96, 250, 86, 34, 40,
       233, 3, 190, 77, 213, 198, 230, 198, 17, 204, 2, 170, 217, 33,
       196, 200, 106, 146, 73, 74, 43, 82, 177, 177, 209, 146, 43, 18,
       29, 125, 170, 53, 4, 82, 73, 118, 47, 226, 80, 84, 33, 251, 82,
       83, 16, 184, 96, 122, 140, 2, 56, 185, 178, 69, 30, 28, 172, 0,
       68, 253, 203, 98, 132, 208, 172, 159, 248, 170, 224, 21, 103, 182,
       23, 172, 177, 181, 183, 32, 83, 167, 51, 237, 128, 122, 77, 162,
       55, 249, 227, 126, 73, 160, 64, 167, 107, 218, 168, 150, 218, 139,
       249, 20, 203, 191, 151, 128, 24, 174, 211, 96, 223, 225, 243, 234,
       144, 46, 79, 138, 243, 155, 208, 31, 59, 146, 64, 175, 10, 129,
       76, 119, 77, 36, 74, 111, 180, 108, 10, 118, 64, 243, 19, 149,
       115, 118, 116, 30, 234, 225, 180, 117, 110, 229, 251, 98, 128, 68,
       186, 97, 41, 156, 255, 158, 186, 187, 187, 22, 232, 190, 158, 189,
       61, 207, 251, 107, 3, 191, 241, 205, 115, 110, 103, 138, 59, 250,
       195, 111, 127, 240, 115, 47, 3, 89, 73, 74, 76, 83, 210, 111, 228,
       37, 68, 238, 130, 105, 194, 167, 244, 122, 232, 130, 238, 76, 154,
       117, 253, 118, 237, 134, 9, 55, 150, 44, 76, 35, 238, 104, 155,
       85, 151, 186, 232, 94, 65, 89, 199, 232, 200, 190, 160, 221, 43,
       146, 151, 231, 190, 94, 255, 46, 30, 159, 227, 93, 14, 121, 156,
       36, 165, 250, 115, 212, 107, 239, 221, 114, 135, 125, 0, 113, 119,
       27, 57, 57, 218, 2, 250, 18, 242, 105, 104, 111, 139, 101, 5, 225,
       251, 230, 226, 169, 48, 115, 73, 117, 79, 225, 91, 95, 105, 116,
       82, 24, 149, 180, 60, 120, 152, 18, 8, 129, 182, 112, 214, 7, 28,
       16, 96, 83, 136, 98, 165, 130, 201, 28, 153, 221, 213, 180, 237,
       143, 21, 64, 3, 172, 158, 102, 69, 200, 59, 163, 65, 86, 56, 82,
       245, 45, 16, 30, 107, 16, 28, 173, 206, 1, 133, 124, 41, 176, 187,
       234, 106, 76, 97, 127, 128, 215, 8, 186, 32, 30, 11, 2, 121, 183,
       184, 85, 29, 236, 221, 3, 68, 92, 138, 9, 148, 179, 102, 122, 74,
       114, 155, 250, 120, 121, 70, 245, 238, 40, 140, 183, 180, 62, 153,
       198, 231, 228, 183, 36, 223, 50, 24, 0, 171, 103, 151, 111, 213,
       215, 30, 206, 182, 178, 2, 62, 119, 180, 134, 210, 247, 109, 238,
       179, 75, 119, 231, 189, 165, 244, 221, 134, 234, 184, 38, 254,
       128, 173, 244, 169, 29, 24, 80, 55, 225, 50, 194, 57, 64, 180, 4,
       195, 162, 221, 215, 32, 72, 50, 61, 173, 240, 8, 149, 33, 76, 209,
       162, 58, 68, 32, 128, 37, 51, 220, 37, 23, 232, 114, 239, 51, 113,
       173, 12, 235, 56, 223, 247, 32, 81, 182, 187, 76, 40, 48, 131,
       162, 92, 241, 224, 35, 74, 32, 131, 167, 99, 56, 231, 108, 47, 84,
       211, 199, 236, 86, 230, 236, 171, 97, 105, 158, 17, 57, 202, 195,
       239, 108, 250, 109, 63, 126, 15, 165, 101, 119, 142, 126, 202,
       108, 175, 232, 60, 221, 82, 82, 137, 83, 245, 237, 153, 67, 232,
       95, 208, 89, 206, 160, 126, 62, 122, 238, 50, 127, 111, 5, 125,
       241, 239, 222, 198, 191, 230, 226, 134, 229, 50, 238, 206, 123,
       255, 159, 247, 72, 42, 223, 143, 123, 207, 183, 191, 252, 247,
       173, 226, 62, 95, 223, 167, 167, 247, 250, 197, 175, 102, 226,
       130, 229, 50, 238, 222, 89, 175, 255, 247, 72, 168, 255, 206, 125,
       206, 150, 255, 252, 247, 173, 226, 62, 126, 214, 135, 207, 255,
       248, 197, 216, 237, 59, 248, 170, 233, 85, 23, 182, 47, 134, 57,
       183, 151, 64, 80, 39, 191, 109, 16, 106, 77, 227, 51, 241, 229,
       52, 121, 32, 208, 167, 107, 128, 205, 22, 185, 150, 129, 44, 231,
       140, 0, 74, 66, 181, 43, 48, 64, 106, 35, 10, 73, 114, 184, 16,
       253, 164, 176, 142, 64, 28, 136, 185, 8, 88, 125, 61, 100, 58,
       233, 83, 146, 163, 173, 174, 40, 55, 151, 64, 82, 34, 244, 109,
       72, 10, 11, 227, 63, 249, 229, 33, 120, 98, 147, 6, 107, 119, 108,
       32, 172, 29, 189, 194, 202, 199, 32, 136, 9, 130, 200, 119, 4,
       216, 232, 91, 101, 14, 35, 214, 189, 243, 84, 137, 59, 211, 125,
       90, 6, 221, 86, 142, 167, 162, 38, 47, 176, 176, 250, 131, 229,
       213, 99, 219, 219, 55, 69, 125, 239, 225, 213, 141, 74, 200, 163,
       239, 132, 172, 243, 43, 81, 9, 152, 231, 89, 244, 186, 237, 159,
       127, 75, 114, 246, 249, 120, 148, 236, 127, 174, 54, 140, 179,
       184, 109, 255, 12, 126, 183, 132, 239, 204, 240, 253, 202, 154,
       190, 125, 171, 240, 57, 178, 190, 95, 70, 180, 189, 159, 22, 219,
       167, 119, 253, 145, 179, 221, 179, 119, 206, 123, 126, 193, 142,
       133, 173, 121, 47, 188, 249, 82, 242, 253, 255, 222, 27, 235, 124,
       234, 56, 253, 223, 52, 159, 123, 151, 28, 147, 122, 190, 243, 111,
       29, 53, 234, 199, 223, 199, 253, 159, 221, 246, 85, 179, 246, 126,
       247, 121, 206, 118, 179, 105, 255, 183, 247, 167, 255, 149, 199,
       252, 221, 180, 238, 59, 127, 85, 131, 231, 245, 238, 95, 49, 99,
