%YAML:1.0
---
descriptors: !!opencv-matrix
   rows: 313
   cols: 32
   dt: u
   data: [ 214, 18, 158, 180, 34, 98, 61, 1, 188, 158, 215, 183, 205,
       231, 35, 75, 166, 245, 237, 129, 32, 197, 131, 202, 209, 227, 123,
       131, 160, 112, 37, 115, 136, 205, 247, 95, 147, 194, 182, 230,
       254, 2, 122, 18, 232, 248, 53, 228, 201, 123, 34, 195, 226, 188,
       15, 255, 109, 62, 22, 3, 87, 81, 229, 42, 158, 124, 230, 229, 55,
       118, 122, 214, 53, 206, 214, 130, 25, 55, 147, 235, 126, 244, 253,
       248, 168, 211, 181, 234, 211, 239, 255, 133, 167, 245, 60, 91,
       177, 96, 106, 13, 78, 27, 232, 88, 68, 96, 240, 206, 19, 152, 183,
       160, 106, 140, 86, 237, 205, 183, 85, 152, 22, 9, 162, 32, 125,
       157, 122, 156, 85, 205, 127, 207, 180, 198, 111, 176, 100, 192,
       223, 2, 209, 117, 177, 96, 94, 244, 63, 234, 153, 184, 125, 44,
       233, 175, 167, 196, 36, 187, 244, 96, 7, 13, 66, 190, 244, 178,
       238, 99, 244, 195, 218, 199, 241, 250, 179, 192, 89, 43, 19, 157,
       189, 154, 20, 239, 42, 46, 174, 192, 140, 230, 184, 156, 92, 117,
       252, 103, 37, 30, 95, 152, 225, 170, 183, 34, 91, 127, 153, 59,
       54, 212, 253, 234, 232, 225, 237, 168, 243, 235, 229, 149, 231,
       243, 86, 42, 124, 73, 126, 101, 157, 27, 86, 244, 69, 164, 230,
       10, 67, 41, 19, 16, 88, 228, 204, 106, 108, 187, 93, 62, 243, 237,
       5, 21, 103, 191, 218, 10, 151, 26, 14, 158, 44, 178, 188, 99, 156,
       78, 211, 247, 236, 238, 55, 75, 238, 33, 187, 135, 228, 133, 6,
       238, 192, 35, 234, 131, 29, 101, 57, 215, 171, 191, 20, 27, 221,
       149, 224, 223, 223, 121, 112, 92, 168, 218, 54, 141, 201, 43, 194,
       149, 183, 106, 90, 255, 46, 90, 159, 123, 219, 4, 202, 158, 56,
       36, 242, 233, 245, 103, 242, 79, 87, 1, 249, 3, 3, 153, 124, 0,
       249, 138, 135, 177, 30, 178, 17, 158, 63, 221, 134, 71, 215, 202,
       244, 130, 198, 132, 166, 223, 141, 127, 190, 233, 255, 246, 147,
       19, 200, 124, 63, 235, 249, 199, 251, 163, 188, 229, 123, 254, 31,
       63, 223, 87, 149, 125, 253, 70, 37, 175, 105, 5, 116, 15, 239,
       248, 82, 236, 124, 205, 115, 104, 159, 20, 28, 204, 22, 111, 224,
       178, 109, 63, 108, 12, 37, 164, 69, 191, 82, 229, 24, 149, 63,
       250, 181, 254, 81, 191, 61, 93, 79, 16, 255, 63, 40, 225, 241, 19,
       140, 32, 51, 137, 49, 157, 235, 243, 82, 83, 18, 8, 165, 115, 66,
       185, 16, 218, 63, 221, 178, 200, 239, 16, 141, 12, 174, 219, 109,
       196, 162, 51, 234, 82, 70, 41, 154, 245, 159, 152, 3, 123, 18, 15,
       9, 14, 186, 92, 22, 189, 5, 215, 244, 103, 157, 206, 246, 19, 43,
       188, 54, 132, 232, 185, 183, 1, 108, 190, 48, 191, 163, 255, 222,
       3, 83, 60, 252, 223, 44, 184, 26, 218, 237, 253, 19, 192, 143, 13,
       237, 40, 46, 209, 98, 148, 201, 58, 194, 18, 18, 43, 58, 53, 219,
       213, 17, 123, 210, 11, 47, 163, 28, 163, 2, 170, 147, 179, 50,
       105, 167, 5, 233, 167, 79, 227, 104, 196, 120, 155, 139, 176, 26,
       147, 8, 149, 184, 212, 139, 111, 243, 14, 175, 130, 61, 197, 126,
       77, 149, 118, 87, 184, 117, 230, 238, 0, 91, 123, 59, 116, 113,
       254, 188, 234, 252, 176, 125, 158, 251, 239, 133, 21, 115, 247,
       236, 98, 67, 189, 144, 19, 157, 173, 180, 135, 159, 251, 170, 29,
       174, 45, 70, 142, 141, 99, 234, 20, 151, 104, 211, 243, 175, 28,
       21, 122, 202, 92, 201, 94, 184, 185, 177, 195, 181, 217, 151, 239,
       95, 61, 152, 42, 174, 189, 104, 132, 153, 90, 134, 80, 122, 58,
       104, 183, 235, 213, 5, 127, 87, 30, 149, 171, 252, 239, 76, 44,
       13, 27, 86, 236, 131, 180, 188, 15, 75, 233, 99, 151, 153, 197,
       237, 102, 76, 99, 203, 189, 250, 193, 69, 61, 115, 63, 218, 2, 58,
       57, 48, 236, 63, 217, 147, 72, 143, 8, 188, 42, 174, 221, 45, 132,
       158, 185, 223, 65, 2, 35, 122, 253, 209, 212, 11, 59, 87, 15, 7,
       51, 1, 87, 115, 237, 54, 11, 239, 126, 116, 160, 90, 230, 215, 5,
       145, 0, 126, 25, 23, 239, 193, 176, 69, 30, 228, 140, 43, 132,
       109, 187, 49, 177, 224, 207, 190, 149, 181, 215, 149, 167, 94,
       191, 158, 19, 230, 40, 39, 65, 193, 102, 170, 0, 116, 252, 97,
       191, 237, 247, 87, 19, 144, 120, 220, 15, 56, 225, 90, 103, 48,
       154, 118, 245, 100, 129, 238, 0, 123, 115, 40, 240, 122, 254, 198,
       104, 72, 185, 17, 45, 255, 237, 38, 1, 107, 146, 234, 138, 87,
       189, 158, 182, 155, 22, 22, 184, 251, 250, 133, 125, 94, 250, 107,
       251, 183, 119, 252, 115, 245, 67, 154, 254, 250, 55, 79, 254, 136,
       119, 139, 23, 67, 255, 188, 255, 186, 141, 28, 183, 191, 186, 24,
       233, 188, 255, 193, 98, 135, 127, 125, 5, 242, 73, 202, 255, 172,
       254, 125, 186, 156, 80, 129, 27, 186, 222, 58, 252, 125, 209, 81,
       103, 157, 142, 244, 49, 46, 158, 38, 212, 200, 187, 135, 0, 108,
       175, 34, 239, 147, 209, 50, 139, 18, 12, 108, 207, 99, 97, 50,
       168, 41, 212, 88, 105, 173, 8, 245, 0, 174, 218, 54, 117, 216,
       169, 223, 227, 204, 3, 114, 221, 147, 248, 138, 59, 16, 38, 106,
       70, 47, 177, 20, 155, 219, 249, 183, 205, 22, 125, 173, 63, 76,
       246, 106, 220, 249, 202, 234, 82, 23, 75, 123, 245, 63, 71, 31,
       127, 146, 15, 140, 215, 70, 250, 254, 178, 249, 201, 248, 253,
       187, 221, 176, 173, 238, 239, 78, 25, 175, 243, 239, 85, 210, 111,
       138, 245, 255, 215, 87, 251, 198, 132, 167, 219, 155, 223, 71,
       189, 22, 150, 110, 183, 181, 64, 194, 215, 109, 46, 51, 193, 102,
       231, 185, 229, 237, 221, 21, 239, 178, 227, 222, 0, 60, 148, 185,
       88, 29, 88, 19, 126, 67, 134, 82, 240, 229, 8, 225, 70, 127, 219,
       33, 240, 246, 249, 6, 226, 201, 167, 26, 189, 243, 233, 0, 10,
       123, 51, 34, 171, 248, 238, 189, 117, 40, 79, 81, 190, 187, 255,
       182, 57, 159, 37, 192, 19, 131, 212, 109, 40, 104, 111, 227, 23,
       219, 219, 117, 245, 98, 176, 70, 115, 106, 232, 144, 242, 121,
       193, 186, 236, 171, 53, 176, 169, 172, 159, 76, 146, 207, 215,
       249, 209, 66, 75, 202, 241, 219, 21, 159, 255, 7, 6, 143, 218, 19,
       201, 14, 191, 147, 132, 60, 198, 182, 77, 74, 135, 172, 194, 35,
       64, 241, 107, 187, 197, 70, 152, 26, 255, 228, 39, 158, 139, 24,
       20, 57, 218, 147, 84, 167, 151, 134, 118, 173, 102, 244, 87, 210,
       215, 200, 46, 54, 235, 225, 71, 59, 167, 181, 221, 53, 234, 132,
       34, 222, 130, 173, 117, 177, 220, 15, 221, 237, 87, 206, 55, 191,
       189, 94, 242, 95, 198, 88, 124, 159, 47, 127, 95, 51, 239, 241,
       208, 125, 252, 111, 43, 239, 132, 191, 255, 209, 245, 169, 184,
       20, 59, 157, 189, 176, 206, 222, 121, 113, 93, 172, 216, 118, 141,
       137, 107, 66, 21, 183, 109, 26, 181, 13, 91, 95, 123, 218, 13,
       219, 143, 254, 48, 224, 180, 75, 97, 153, 74, 138, 246, 161, 155,
       72, 236, 87, 26, 201, 213, 241, 147, 8, 103, 218, 128, 81, 66,
       201, 63, 199, 125, 22, 210, 111, 92, 172, 63, 13, 63, 76, 158,
       199, 82, 236, 13, 242, 120, 31, 123, 201, 198, 121, 47, 173, 102,
       123, 185, 135, 123, 209, 26, 218, 125, 88, 94, 244, 40, 251, 37,
       71, 111, 241, 74, 115, 247, 162, 27, 3, 173, 87, 26, 121, 204, 99,
       149, 8, 246, 245, 66, 95, 78, 85, 39, 225, 109, 102, 226, 189,
       245, 111, 102, 213, 119, 223, 253, 81, 234, 255, 10, 121, 125,
       159, 49, 61, 222, 21, 239, 253, 246, 61, 174, 123, 239, 229, 133,
       103, 255, 214, 250, 79, 237, 132, 5, 173, 30, 142, 170, 222, 242,
       134, 205, 203, 40, 215, 143, 201, 68, 248, 79, 253, 105, 223, 171,
       172, 95, 207, 180, 142, 125, 216, 84, 38, 184, 221, 243, 123, 205,
       187, 238, 190, 183, 176, 138, 252, 255, 72, 51, 175, 123, 255, 16,
       35, 127, 251, 255, 221, 151, 95, 122, 144, 8, 5, 187, 87, 154,
       135, 183, 131, 166, 60, 134, 191, 215, 67, 215, 237, 46, 90, 207,
       231, 103, 123, 149, 181, 216, 159, 224, 140, 114, 222, 194, 172,
       85, 169, 92, 245, 71, 85, 77, 118, 26, 110, 56, 101, 224, 250,
       230, 83, 34, 157, 245, 118, 196, 44, 238, 237, 178, 101, 12, 54,
