%YAML:1.0
---
descriptors: !!opencv-matrix
   rows: 372
   cols: 32
   dt: u
   data: [ 187, 220, 67, 175, 113, 150, 106, 62, 53, 75, 206, 215, 121,
       71, 178, 212, 119, 172, 151, 172, 175, 149, 21, 191, 118, 239,
       178, 129, 63, 134, 120, 217, 207, 221, 255, 86, 171, 116, 191,
       188, 233, 90, 63, 112, 220, 254, 237, 239, 167, 83, 254, 242, 245,
       69, 58, 226, 43, 123, 111, 134, 198, 115, 165, 117, 253, 83, 171,
       100, 161, 86, 23, 253, 85, 236, 215, 231, 91, 61, 227, 111, 252,
       212, 189, 119, 221, 243, 125, 136, 251, 105, 229, 151, 107, 190,
       252, 119, 106, 234, 160, 146, 121, 197, 154, 196, 171, 189, 180,
       137, 172, 207, 70, 18, 205, 115, 249, 213, 66, 75, 202, 241, 219,
       84, 159, 251, 131, 6, 23, 219, 229, 112, 237, 67, 44, 15, 207,
       156, 70, 254, 151, 206, 211, 77, 221, 46, 93, 212, 126, 126, 203,
       116, 253, 48, 103, 137, 229, 180, 253, 187, 80, 113, 5, 15, 30,
       143, 252, 31, 166, 232, 222, 8, 218, 78, 198, 226, 168, 228, 248,
       76, 106, 110, 101, 163, 87, 254, 180, 52, 3, 30, 24, 107, 41, 133,
       65, 58, 219, 221, 116, 18, 104, 58, 112, 200, 214, 230, 149, 130,
       144, 250, 102, 236, 62, 236, 129, 90, 231, 76, 28, 171, 251, 140,
       12, 161, 41, 177, 35, 205, 48, 139, 116, 131, 174, 231, 76, 0, 88,
       66, 160, 24, 52, 64, 248, 43, 19, 111, 242, 184, 8, 255, 44, 28,
       142, 66, 85, 26, 241, 140, 58, 51, 50, 232, 59, 217, 147, 72, 139,
       12, 185, 171, 174, 220, 37, 164, 222, 185, 223, 99, 154, 35, 234,
       221, 209, 212, 9, 187, 87, 15, 7, 247, 248, 151, 119, 236, 183,
       210, 95, 125, 5, 8, 222, 102, 123, 95, 184, 193, 126, 182, 191,
       234, 249, 187, 49, 157, 179, 235, 162, 208, 55, 142, 244, 57, 8,
       249, 151, 77, 83, 204, 49, 69, 174, 17, 104, 0, 62, 151, 36, 244,
       162, 59, 66, 64, 67, 152, 50, 97, 7, 184, 2, 2, 64, 2, 39, 170, 3,
       159, 78, 189, 114, 130, 186, 230, 60, 65, 82, 231, 45, 170, 178,
       64, 118, 107, 147, 197, 230, 152, 7, 255, 100, 38, 186, 195, 61,
       4, 57, 223, 162, 248, 154, 218, 211, 205, 178, 198, 187, 15, 96,
       17, 44, 223, 101, 24, 169, 123, 163, 80, 50, 254, 154, 243, 31,
       62, 22, 107, 208, 1, 47, 155, 66, 153, 16, 218, 159, 221, 50, 140,
       239, 49, 128, 0, 174, 216, 100, 196, 162, 51, 234, 80, 70, 41,
       154, 245, 191, 148, 31, 123, 18, 14, 141, 14, 62, 108, 114, 74,
       85, 240, 242, 96, 245, 6, 253, 2, 104, 219, 191, 244, 248, 184,
       130, 234, 76, 167, 40, 255, 115, 124, 130, 11, 83, 175, 126, 174,
       160, 24, 153, 185, 124, 199, 160, 79, 30, 57, 80, 82, 180, 152,
       49, 72, 217, 40, 19, 17, 50, 254, 83, 159, 13, 22, 187, 122, 149,
       8, 145, 170, 54, 102, 226, 160, 86, 179, 250, 67, 23, 173, 217,
       175, 13, 142, 114, 192, 127, 141, 151, 149, 142, 151, 132, 198,
       184, 6, 187, 239, 165, 78, 188, 199, 33, 166, 251, 85, 116, 42,
       105, 119, 125, 143, 126, 224, 147, 33, 156, 52, 59, 174, 6, 12,
       145, 184, 101, 65, 78, 174, 112, 132, 199, 202, 194, 161, 94, 235,
       242, 210, 229, 152, 126, 240, 225, 132, 222, 42, 75, 217, 222,
       134, 42, 231, 252, 219, 204, 243, 134, 224, 186, 121, 196, 195,
       111, 183, 250, 5, 247, 228, 253, 247, 142, 45, 205, 157, 91, 251,
       25, 222, 251, 109, 221, 11, 127, 206, 125, 61, 235, 116, 239, 147,
       236, 218, 255, 180, 245, 250, 209, 233, 46, 192, 82, 136, 79, 37,
       248, 200, 15, 29, 177, 26, 204, 206, 120, 136, 251, 153, 223, 163,
       66, 39, 27, 209, 21, 16, 139, 175, 21, 30, 229, 130, 118, 43, 234,
       192, 197, 211, 85, 69, 201, 228, 191, 43, 10, 141, 247, 62, 232,
       228, 141, 210, 220, 251, 164, 200, 59, 89, 135, 51, 167, 239, 252,
       86, 137, 138, 3, 251, 180, 187, 224, 87, 94, 73, 83, 244, 191,
       200, 176, 232, 251, 43, 14, 29, 179, 188, 33, 247, 132, 222, 50,
       192, 156, 136, 241, 169, 128, 131, 26, 171, 180, 135, 187, 125,
       14, 9, 88, 2, 181, 11, 40, 0, 254, 11, 6, 252, 82, 184, 1, 221,
       237, 193, 174, 64, 16, 10, 161, 137, 82, 248, 187, 184, 9, 233,
       17, 206, 171, 87, 160, 40, 174, 214, 105, 122, 193, 153, 237, 1,
       10, 71, 186, 241, 209, 246, 90, 63, 208, 17, 39, 58, 2, 217, 146,
       159, 213, 213, 190, 231, 31, 5, 88, 3, 172, 254, 38, 196, 217,
       123, 147, 195, 86, 152, 90, 253, 37, 22, 158, 11, 22, 12, 189,
       222, 0, 205, 48, 139, 85, 199, 182, 230, 78, 1, 88, 2, 160, 124,
       52, 0, 217, 59, 2, 97, 194, 184, 24, 255, 45, 22, 142, 67, 85, 26,
       181, 170, 250, 88, 112, 239, 45, 215, 94, 60, 69, 46, 246, 34,
       107, 31, 182, 244, 254, 148, 191, 234, 204, 189, 113, 191, 243,
       255, 210, 147, 119, 143, 108, 95, 50, 161, 176, 226, 189, 217,
       148, 207, 91, 53, 188, 27, 174, 188, 78, 4, 153, 27, 135, 17, 94,
       106, 202, 147, 187, 213, 21, 127, 211, 76, 223, 207, 61, 207, 110,
       236, 244, 146, 207, 246, 213, 76, 254, 231, 115, 233, 183, 96,
       126, 234, 31, 239, 236, 171, 44, 191, 242, 239, 166, 200, 53, 190,
       240, 225, 177, 205, 110, 254, 60, 196, 93, 247, 212, 72, 212, 2,
       49, 159, 178, 97, 72, 178, 30, 200, 234, 171, 114, 191, 243, 235,
       182, 8, 53, 152, 244, 234, 46, 221, 180, 186, 253, 253, 86, 255,
       31, 95, 92, 55, 238, 125, 38, 204, 201, 122, 151, 19, 54, 56, 122,
       183, 47, 94, 85, 235, 218, 95, 220, 95, 248, 125, 108, 225, 52,
       222, 91, 182, 225, 228, 190, 2, 187, 31, 147, 209, 108, 245, 221,
       216, 170, 216, 241, 236, 255, 221, 175, 145, 39, 152, 126, 75,
       156, 177, 104, 227, 182, 95, 255, 85, 84, 108, 85, 183, 155, 93,
       154, 33, 62, 26, 151, 107, 250, 176, 125, 189, 231, 201, 164, 161,
       103, 222, 221, 243, 162, 123, 100, 26, 235, 157, 158, 206, 143,
       244, 180, 175, 42, 140, 119, 29, 142, 235, 215, 87, 230, 47, 118,
       252, 59, 88, 20, 187, 87, 29, 94, 223, 26, 252, 235, 189, 85, 208,
       185, 103, 60, 69, 94, 179, 169, 190, 54, 64, 238, 187, 147, 133,
       254, 154, 240, 199, 247, 117, 154, 195, 7, 4, 183, 251, 89, 219,
       191, 228, 132, 214, 127, 183, 164, 200, 222, 70, 255, 255, 32,
       114, 246, 247, 61, 202, 201, 153, 185, 233, 243, 231, 239, 128,
       32, 114, 165, 115, 48, 217, 51, 109, 48, 143, 71, 113, 116, 168,
       250, 104, 86, 21, 128, 52, 148, 52, 70, 106, 65, 187, 1, 12, 113,
       188, 37, 66, 64, 170, 230, 41, 23, 93, 79, 190, 18, 146, 46, 230,
       52, 192, 202, 199, 125, 254, 51, 192, 126, 235, 187, 207, 237,
       153, 23, 255, 178, 111, 142, 129, 45, 181, 57, 212, 60, 65, 98,
       109, 213, 19, 127, 125, 81, 0, 125, 10, 91, 203, 176, 244, 120,
       172, 151, 234, 216, 178, 52, 142, 119, 237, 161, 1, 127, 174, 250,
       160, 34, 213, 112, 200, 95, 215, 150, 237, 141, 40, 152, 42, 40,
       28, 44, 164, 220, 145, 211, 225, 198, 47, 88, 223, 51, 20, 140,
       255, 95, 30, 156, 159, 80, 189, 123, 239, 242, 206, 127, 245, 56,
       72, 78, 227, 125, 247, 32, 112, 54, 255, 31, 226, 193, 152, 152,
       127, 247, 173, 46, 132, 44, 178, 167, 251, 10, 157, 186, 141, 223,
       71, 189, 111, 31, 231, 94, 131, 188, 189, 38, 64, 223, 63, 179, 1,
       80, 186, 83, 223, 239, 119, 158, 11, 28, 108, 189, 218, 139, 92,
       127, 253, 48, 255, 121, 54, 189, 236, 126, 140, 191, 15, 183, 121,
       6, 177, 31, 220, 169, 152, 116, 172, 230, 219, 100, 128, 246, 209,
       69, 121, 186, 75, 98, 156, 91, 208, 186, 198, 159, 12, 214, 163,
       40, 206, 55, 196, 238, 251, 151, 197, 134, 139, 38, 253, 51, 48,
       138, 139, 23, 149, 61, 223, 62, 253, 173, 165, 249, 63, 125, 223,
       135, 249, 158, 239, 91, 173, 115, 7, 253, 221, 255, 245, 205, 82,
       105, 152, 191, 211, 237, 182, 179, 254, 148, 255, 40, 171, 98, 88,
       221, 221, 192, 99, 211, 53, 228, 9, 34, 136, 86, 148, 200, 170,
       194, 17, 94, 42, 194, 21, 31, 81, 16, 121, 83, 12, 222, 206, 203,
       134, 189, 255, 236, 160, 237, 59, 254, 155, 147, 246, 221, 227,
       248, 75, 199, 231, 63, 140, 179, 77, 239, 227, 204, 255, 255, 200,
