%YAML:1.0
---
descriptors: !!opencv-matrix
   rows: 266
   cols: 32
   dt: u
   data: [ 122, 51, 50, 232, 91, 221, 155, 72, 139, 12, 189, 169, 174,
       220, 125, 4, 222, 185, 223, 225, 154, 35, 234, 221, 209, 212, 11,
       187, 87, 15, 7, 247, 104, 169, 2, 88, 221, 157, 224, 103, 251, 21,
       228, 25, 34, 136, 86, 148, 200, 170, 66, 28, 94, 107, 210, 21, 31,
       89, 16, 121, 83, 12, 218, 142, 10, 189, 42, 157, 87, 208, 185,
       103, 61, 69, 222, 179, 172, 191, 52, 64, 236, 63, 147, 129, 90,
       154, 113, 239, 119, 117, 158, 195, 7, 4, 181, 251, 7, 144, 7, 187,
       53, 246, 40, 2, 63, 73, 67, 82, 220, 94, 52, 232, 215, 41, 155,
       149, 183, 156, 53, 215, 143, 54, 154, 198, 156, 5, 49, 85, 91, 74,
       226, 253, 6, 22, 108, 119, 53, 170, 214, 198, 57, 143, 177, 96,
       110, 236, 63, 204, 201, 159, 165, 234, 246, 239, 254, 128, 47,
       180, 176, 9, 207, 109, 225, 135, 236, 56, 111, 23, 59, 99, 95,
       149, 153, 175, 214, 238, 7, 78, 61, 31, 183, 92, 239, 226, 110,
       125, 158, 192, 166, 223, 209, 244, 33, 166, 251, 93, 116, 170,
       105, 23, 116, 15, 127, 112, 147, 35, 144, 56, 123, 174, 6, 12,
       145, 240, 36, 66, 70, 174, 48, 132, 230, 192, 226, 161, 2, 220,
       18, 155, 245, 213, 190, 230, 31, 7, 72, 3, 172, 222, 38, 196, 217,
       123, 147, 193, 86, 152, 82, 255, 45, 54, 158, 67, 18, 12, 189,
       207, 61, 207, 106, 232, 244, 183, 207, 246, 213, 64, 254, 198,
       115, 232, 183, 96, 126, 170, 30, 237, 205, 187, 36, 191, 250, 237,
       167, 192, 127, 186, 120, 141, 186, 108, 114, 90, 85, 209, 210,
       224, 245, 4, 252, 10, 42, 216, 183, 180, 248, 184, 130, 234, 74,
       167, 40, 239, 115, 124, 130, 11, 83, 15, 126, 174, 6, 248, 146,
       218, 83, 197, 178, 192, 187, 7, 97, 17, 44, 223, 101, 156, 235,
       251, 163, 144, 34, 63, 154, 243, 31, 182, 30, 107, 210, 1, 47,
       147, 207, 221, 255, 90, 171, 116, 191, 248, 172, 90, 63, 114, 92,
       246, 173, 239, 167, 83, 190, 242, 241, 69, 58, 226, 59, 251, 111,
       142, 146, 115, 165, 55, 161, 222, 221, 245, 44, 41, 237, 150, 222,
       123, 144, 246, 189, 41, 240, 43, 207, 66, 63, 9, 163, 236, 103,
       243, 196, 155, 255, 144, 148, 248, 209, 168, 60, 1, 114, 233, 198,
       10, 126, 117, 117, 0, 127, 10, 91, 43, 56, 80, 126, 143, 23, 234,
       216, 186, 1, 132, 246, 237, 162, 196, 119, 138, 240, 128, 34, 205,
       113, 139, 85, 199, 182, 238, 94, 1, 88, 3, 40, 108, 52, 128, 217,
       59, 131, 97, 226, 184, 88, 255, 45, 28, 142, 67, 85, 26, 245, 138,
       33, 217, 51, 72, 176, 79, 103, 113, 100, 136, 250, 104, 86, 21,
       160, 180, 148, 28, 68, 106, 81, 187, 33, 60, 57, 172, 36, 82, 64,
       170, 230, 41, 152, 241, 114, 227, 183, 223, 255, 85, 117, 105,
       221, 35, 31, 29, 154, 160, 62, 154, 151, 91, 250, 176, 113, 188,
       231, 201, 160, 225, 103, 222, 222, 243, 120, 252, 108, 225, 52,
       158, 123, 150, 97, 236, 190, 135, 187, 15, 147, 80, 110, 229, 221,
       221, 170, 154, 241, 253, 255, 221, 175, 145, 47, 144, 118, 91, 44,
       79, 75, 78, 84, 34, 71, 80, 212, 130, 239, 198, 113, 225, 181, 80,
       88, 236, 2, 106, 201, 179, 116, 46, 98, 175, 161, 0, 127, 251,
       112, 160, 177, 205, 110, 190, 60, 192, 77, 247, 196, 64, 212, 2,
       49, 251, 178, 97, 74, 226, 30, 204, 235, 171, 118, 189, 240, 233,
       178, 8, 61, 152, 240, 120, 35, 158, 122, 201, 118, 213, 179, 114,
       93, 69, 84, 230, 40, 156, 166, 228, 222, 40, 146, 68, 135, 190,
       52, 255, 6, 61, 130, 67, 30, 140, 125, 252, 58, 75, 226, 156, 91,
       240, 186, 198, 173, 4, 220, 163, 40, 206, 55, 196, 238, 251, 183,
       193, 6, 139, 38, 233, 51, 52, 138, 139, 55, 85, 61, 223, 9, 150,
       53, 217, 188, 175, 189, 255, 30, 127, 124, 116, 156, 63, 160, 97,
       207, 27, 31, 13, 179, 189, 97, 223, 238, 223, 63, 246, 146, 200,
       129, 249, 11, 30, 179, 245, 145, 164, 57, 23, 127, 203, 94, 86,
       188, 242, 101, 108, 247, 111, 55, 156, 131, 216, 163, 226, 141,
       255, 191, 128, 138, 96, 33, 123, 73, 186, 219, 197, 116, 16, 104,
       58, 112, 200, 246, 230, 149, 163, 208, 240, 118, 172, 62, 236,
       129, 218, 167, 72, 28, 175, 235, 140, 44, 160, 41, 177, 74, 218,
       162, 189, 13, 132, 188, 215, 158, 91, 82, 19, 172, 255, 96, 72,
       237, 123, 183, 129, 130, 92, 146, 241, 205, 241, 254, 138, 146,
       84, 181, 219, 5, 31, 123, 103, 118, 15, 231, 49, 108, 104, 122,
       100, 247, 117, 128, 48, 182, 124, 86, 106, 209, 184, 97, 109, 36,
       188, 36, 128, 76, 171, 195, 177, 137, 190, 31, 251, 236, 143, 189,
       255, 221, 250, 85, 116, 188, 107, 160, 43, 207, 43, 54, 12, 241,
       252, 107, 215, 207, 155, 127, 194, 24, 72, 161, 169, 2, 219, 14,
       157, 50, 128, 184, 230, 188, 5, 90, 167, 172, 142, 38, 64, 230,
       43, 163, 213, 18, 152, 6, 253, 108, 50, 186, 195, 28, 4, 45, 219,
       56, 1, 98, 237, 213, 18, 110, 125, 81, 32, 125, 2, 91, 235, 176,
       240, 122, 172, 151, 234, 88, 178, 36, 158, 118, 237, 160, 1, 119,
       174, 246, 160, 123, 220, 67, 238, 81, 246, 106, 126, 53, 73, 206,
       199, 107, 119, 186, 212, 113, 164, 149, 172, 175, 159, 21, 175,
       118, 255, 144, 129, 47, 134, 122, 220, 199, 236, 162, 147, 244,
       184, 110, 180, 251, 211, 31, 25, 252, 233, 223, 238, 179, 111, 49,
       95, 247, 84, 172, 226, 46, 62, 31, 236, 134, 247, 211, 228, 125,
       126, 90, 229, 54, 139, 119, 22, 125, 234, 62, 110, 63, 17, 195,
       48, 54, 252, 95, 122, 193, 176, 96, 168, 246, 205, 37, 176, 110,
       249, 73, 57, 32, 216, 137, 217, 84, 207, 160, 70, 30, 41, 80, 82,
       180, 153, 48, 104, 201, 58, 19, 17, 35, 252, 83, 183, 5, 22, 186,
       98, 20, 8, 209, 168, 95, 253, 149, 150, 251, 86, 23, 248, 59, 250,
       157, 234, 92, 254, 207, 247, 183, 213, 252, 227, 229, 67, 191,
       255, 187, 119, 109, 191, 174, 119, 43, 87, 2, 217, 146, 159, 93,
       213, 190, 230, 31, 5, 72, 3, 172, 254, 38, 196, 216, 123, 179, 65,
       70, 152, 90, 253, 45, 20, 158, 75, 16, 30, 189, 222, 170, 252,
       116, 123, 125, 221, 215, 231, 83, 93, 116, 25, 42, 156, 54, 181,
       200, 58, 147, 67, 246, 62, 114, 189, 103, 91, 84, 107, 119, 28,
       222, 206, 128, 216, 23, 76, 115, 201, 49, 66, 237, 1, 106, 32, 62,
       215, 36, 180, 162, 57, 98, 64, 3, 189, 50, 67, 5, 184, 2, 11, 82,
       2, 39, 170, 223, 221, 247, 94, 171, 52, 190, 184, 255, 154, 61,
       114, 124, 254, 237, 110, 183, 115, 190, 242, 240, 69, 186, 226,
       123, 254, 79, 142, 183, 243, 161, 39, 243, 76, 199, 253, 84, 38,
       106, 214, 241, 202, 246, 70, 57, 42, 181, 127, 106, 229, 63, 204,
       169, 223, 161, 238, 118, 238, 254, 128, 173, 241, 112, 120, 250,
       28, 252, 124, 111, 121, 149, 71, 219, 247, 180, 63, 42, 60, 71,
       27, 143, 51, 253, 1, 164, 111, 115, 154, 83, 95, 81, 187, 215,
       108, 92, 95, 92, 247, 204, 167, 142, 43, 109, 157, 31, 251, 31,
       255, 223, 105, 223, 11, 63, 207, 125, 63, 170, 112, 207, 211, 254,
       223, 255, 180, 165, 250, 209, 65, 34, 235, 163, 159, 117, 201,
       191, 229, 30, 70, 88, 143, 168, 236, 55, 132, 217, 107, 131, 71,
       198, 186, 78, 255, 44, 86, 159, 171, 85, 30, 87, 206, 176, 80, 19,
       69, 82, 14, 37, 55, 52, 40, 114, 108, 50, 23, 1, 53, 52, 188, 70,
       40, 105, 188, 81, 15, 165, 170, 32, 0, 105, 48, 66, 57, 238, 33,
       210, 132, 237, 111, 250, 64, 137, 132, 179, 11, 12, 156, 119, 142,
       234, 241, 223, 243, 0, 227, 146, 200, 21, 88, 139, 187, 135, 47,
       119, 206, 2, 205, 24, 153, 213, 135, 190, 175, 30, 5, 90, 3, 228,
       58, 60, 68, 217, 11, 19, 129, 118, 152, 81, 255, 45, 54, 158, 67,
       20, 8, 177, 142, 33, 79, 251, 94, 20, 134, 135, 112, 84, 10, 252,
       70, 114, 224, 181, 100, 88, 232, 34, 74, 233, 162, 126, 63, 49,
       46, 162, 8, 89, 251, 112, 172, 27, 77, 7, 190, 21, 214, 110, 230,
       244, 72, 202, 67, 240, 250, 49, 224, 216, 234, 59, 207, 237, 153,
       20, 175, 161, 111, 158, 128, 42, 117, 56, 76, 69, 85, 26, 143,
