%YAML:1.0
---
descriptors: !!opencv-matrix
   rows: 204
   cols: 32
   dt: u
   data: [ 201, 188, 189, 117, 172, 110, 245, 191, 86, 251, 118, 16, 243,
       61, 148, 35, 25, 118, 124, 40, 241, 252, 249, 43, 111, 239, 117,
       0, 229, 232, 212, 40, 124, 32, 254, 118, 172, 109, 113, 19, 161,
       159, 191, 8, 215, 243, 3, 26, 129, 246, 109, 8, 24, 225, 178, 0,
       211, 255, 112, 25, 224, 226, 198, 34, 222, 176, 158, 176, 170,
       208, 24, 248, 163, 21, 133, 57, 31, 215, 106, 219, 231, 211, 253,
       176, 62, 79, 154, 129, 219, 211, 207, 127, 162, 0, 175, 83, 36,
       167, 233, 97, 220, 43, 199, 217, 86, 165, 253, 143, 211, 41, 95,
       16, 89, 204, 2, 190, 154, 178, 109, 18, 108, 140, 165, 116, 245,
       235, 214, 224, 62, 189, 172, 190, 141, 245, 92, 239, 151, 95, 137,
       25, 238, 255, 67, 153, 201, 251, 253, 3, 58, 75, 218, 185, 251,
       215, 223, 123, 146, 124, 158, 82, 165, 207, 97, 69, 244, 10, 239,
       188, 116, 32, 122, 228, 211, 1, 149, 244, 122, 204, 6, 110, 233,
       176, 109, 30, 38, 172, 165, 68, 111, 187, 194, 160, 70, 61, 171,
       150, 153, 236, 27, 3, 171, 196, 138, 141, 190, 254, 71, 122, 129,
       255, 253, 145, 31, 75, 242, 226, 219, 52, 158, 123, 128, 69, 135,
       126, 246, 137, 210, 247, 180, 136, 254, 225, 61, 146, 179, 147,
       205, 106, 117, 115, 251, 247, 95, 241, 120, 95, 200, 238, 188,
       222, 207, 87, 133, 168, 249, 4, 86, 19, 142, 165, 170, 98, 61, 1,
       168, 173, 155, 231, 77, 167, 99, 74, 182, 229, 237, 181, 16, 145,
       129, 64, 216, 165, 111, 131, 132, 98, 173, 83, 3, 22, 167, 157,
       71, 54, 172, 69, 220, 86, 211, 198, 200, 232, 191, 235, 124, 37,
       51, 173, 165, 209, 53, 200, 20, 34, 218, 134, 141, 124, 57, 212,
       88, 188, 156, 252, 168, 108, 93, 183, 186, 27, 174, 29, 191, 51,
       2, 90, 135, 87, 108, 8, 56, 77, 211, 3, 219, 255, 119, 17, 136,
       240, 139, 11, 10, 175, 180, 155, 251, 241, 184, 199, 190, 31, 220,
       177, 172, 174, 230, 204, 231, 59, 235, 145, 54, 78, 98, 243, 14,
       86, 30, 235, 146, 68, 173, 207, 117, 67, 237, 101, 44, 14, 79,
       184, 96, 232, 251, 76, 83, 97, 153, 114, 80, 196, 108, 110, 201,
       176, 205, 12, 240, 175, 101, 148, 104, 187, 82, 33, 143, 198, 123,
       250, 246, 38, 255, 248, 29, 66, 125, 214, 121, 111, 189, 97, 23,
       89, 23, 239, 225, 52, 44, 255, 110, 223, 239, 140, 255, 251, 113,
       241, 85, 220, 238, 180, 188, 38, 95, 184, 22, 234, 151, 87, 83,
       127, 59, 99, 93, 229, 61, 175, 236, 207, 13, 14, 249, 239, 239,
       148, 172, 243, 56, 91, 72, 8, 157, 229, 32, 14, 119, 48, 109, 10,
       110, 64, 222, 51, 0, 86, 182, 84, 108, 74, 64, 208, 129, 66, 199,
       255, 98, 0, 2, 242, 33, 43, 103, 224, 240, 198, 108, 124, 220,
       252, 235, 127, 125, 41, 74, 239, 222, 62, 223, 197, 119, 174, 132,
       114, 234, 192, 22, 252, 225, 191, 207, 246, 206, 213, 6, 113, 22,
       155, 205, 133, 190, 201, 174, 134, 235, 7, 236, 242, 41, 77, 252,
       123, 234, 226, 80, 147, 26, 248, 53, 18, 207, 11, 144, 127, 165,
       134, 215, 92, 199, 190, 2, 102, 79, 176, 184, 194, 67, 214, 117,
       102, 55, 123, 119, 229, 56, 239, 237, 197, 61, 238, 145, 42, 203,
       0, 45, 241, 49, 116, 28, 160, 28, 241, 133, 239, 96, 207, 86, 49,
       45, 26, 147, 145, 72, 8, 57, 10, 34, 24, 27, 120, 91, 16, 207,
       201, 21, 101, 250, 8, 216, 130, 255, 62, 229, 112, 171, 125, 89,
       210, 179, 255, 181, 253, 27, 189, 215, 63, 175, 213, 253, 23, 175,
       103, 186, 162, 219, 219, 117, 191, 239, 245, 70, 119, 112, 52,
       253, 80, 168, 232, 65, 214, 178, 23, 164, 56, 23, 247, 64, 59, 35,
       178, 108, 24, 58, 79, 170, 17, 219, 131, 116, 120, 224, 192, 134,
       99, 248, 63, 234, 180, 172, 108, 93, 55, 160, 230, 142, 157, 151,
       173, 82, 19, 135, 247, 253, 5, 248, 75, 210, 42, 251, 225, 253,
       57, 164, 224, 222, 122, 71, 233, 97, 206, 190, 21, 175, 253, 207,
       224, 156, 198, 121, 204, 253, 230, 54, 197, 123, 239, 215, 1, 191,
       253, 60, 24, 143, 252, 31, 183, 241, 116, 68, 69, 25, 103, 180,
       78, 103, 168, 36, 160, 235, 72, 215, 115, 9, 80, 144, 212, 108,
       106, 72, 240, 217, 44, 229, 229, 37, 20, 64, 251, 70, 34, 33, 63,
       190, 69, 36, 15, 229, 55, 76, 174, 62, 76, 210, 57, 149, 43, 140,
       118, 110, 42, 225, 240, 115, 8, 71, 159, 101, 16, 200, 248, 82,
       169, 175, 134, 68, 155, 252, 49, 238, 187, 22, 31, 221, 247, 201,
       234, 158, 205, 95, 203, 167, 173, 190, 94, 111, 247, 44, 39, 255,
       204, 191, 197, 248, 213, 23, 73, 239, 135, 134, 82, 169, 196, 108,
       213, 87, 134, 113, 46, 182, 110, 106, 71, 59, 221, 149, 217, 53,
       224, 28, 42, 222, 192, 173, 191, 245, 252, 10, 159, 18, 187, 213,
       167, 186, 199, 30, 13, 88, 71, 172, 234, 34, 64, 221, 43, 131, 21,
       54, 184, 88, 255, 45, 55, 154, 67, 152, 78, 185, 154, 33, 199,
       115, 75, 116, 159, 239, 117, 109, 73, 120, 228, 176, 0, 180, 164,
       94, 42, 6, 76, 211, 184, 100, 255, 36, 28, 36, 192, 95, 138, 210,
       173, 71, 188, 149, 144, 169, 237, 21, 175, 191, 255, 130, 157,
       174, 246, 67, 111, 135, 119, 236, 21, 63, 77, 251, 243, 153, 146,
       95, 126, 128, 85, 135, 85, 194, 172, 133, 154, 139, 232, 137, 142,
       186, 83, 136, 153, 164, 246, 68, 126, 131, 87, 249, 145, 55, 73,
       202, 115, 153, 54, 94, 127, 128, 85, 167, 126, 120, 172, 87, 114,
       9, 216, 81, 183, 163, 21, 164, 56, 43, 183, 64, 183, 35, 182, 237,
       8, 58, 75, 162, 53, 155, 241, 80, 123, 98, 128, 198, 106, 13, 201,
       238, 211, 196, 22, 239, 252, 70, 16, 119, 130, 121, 105, 189, 239,
       123, 200, 51, 254, 195, 240, 63, 249, 111, 11, 231, 196, 255, 187,
       240, 160, 100, 107, 154, 158, 232, 4, 23, 152, 170, 142, 172, 12,
       246, 243, 107, 90, 212, 108, 108, 126, 64, 67, 202, 40, 248, 180,
       103, 24, 128, 114, 35, 3, 118, 101, 106, 102, 83, 70, 127, 104,
       49, 160, 235, 11, 83, 127, 12, 80, 184, 221, 93, 226, 72, 147,
       153, 78, 243, 252, 129, 3, 33, 51, 102, 50, 35, 96, 116, 65, 117,
       31, 232, 16, 105, 232, 118, 76, 202, 24, 150, 181, 150, 13, 86,
       108, 133, 240, 165, 204, 6, 24, 0, 130, 78, 135, 75, 133, 124, 96,
       233, 229, 141, 91, 71, 152, 67, 170, 150, 10, 211, 125, 209, 122,
       89, 196, 125, 235, 73, 118, 249, 130, 247, 239, 229, 61, 231, 251,
       86, 34, 105, 0, 211, 69, 101, 30, 99, 48, 121, 8, 118, 64, 202,
       35, 140, 246, 18, 196, 108, 106, 65, 240, 161, 200, 7, 254, 64, 0,
       74, 162, 64, 45, 162, 62, 106, 73, 84, 157, 251, 113, 113, 14,
       116, 191, 40, 141, 150, 48, 126, 184, 151, 136, 236, 190, 244,
       207, 119, 61, 144, 163, 103, 132, 126, 222, 57, 159, 233, 101,
       246, 27, 207, 255, 87, 234, 254, 254, 115, 56, 148, 160, 127, 238,
       118, 173, 249, 250, 109, 190, 62, 239, 165, 148, 111, 234, 208,
       253, 97, 5, 92, 69, 104, 74, 71, 57, 53, 38, 231, 12, 83, 99, 130,
       87, 80, 196, 108, 106, 104, 240, 241, 14, 246, 254, 64, 16, 106,
       170, 66, 32, 253, 220, 174, 182, 156, 39, 95, 186, 87, 234, 215,
       30, 83, 115, 26, 113, 93, 228, 125, 171, 169, 215, 217, 174, 249,
       239, 253, 148, 169, 233, 120, 2, 216, 188, 152, 116, 168, 236, 85,
       55, 186, 155, 174, 25, 191, 179, 66, 91, 135, 182, 108, 8, 58, 77,
       211, 3, 219, 251, 116, 57, 200, 224, 138, 11, 195, 164, 150, 148,
       137, 228, 25, 7, 250, 183, 139, 24, 172, 178, 78, 111, 129, 87,
       120, 145, 54, 77, 147, 195, 153, 54, 223, 123, 128, 68, 133, 38,
       234, 219, 110, 154, 111, 209, 188, 228, 139, 92, 148, 175, 40,
       204, 246, 7, 238, 177, 215, 195, 198, 39, 46, 245, 118, 81, 202,
       187, 87, 30, 127, 223, 235, 176, 181, 80, 107, 252, 177, 83, 235,
       89, 164, 24, 158, 222, 78, 191, 163, 19, 248, 16, 151, 111, 178,
       209, 31, 216, 82, 123, 202, 4, 75, 151, 76, 113, 57, 101, 48, 78,
       119, 152, 105, 168, 127, 76, 223, 31, 9, 48, 148, 93, 93, 106,
       193, 176, 249, 14, 231, 253, 37, 132, 74, 179, 67, 179, 127, 114,
