%YAML:1.0
---
descriptors: !!opencv-matrix
   rows: 299
   cols: 32
   dt: u
   data: [ 224, 249, 59, 120, 88, 205, 241, 246, 170, 92, 96, 24, 182,
       159, 64, 16, 140, 59, 83, 80, 67, 62, 242, 117, 125, 153, 54, 104,
       80, 8, 71, 251, 80, 248, 59, 254, 10, 205, 19, 192, 190, 166, 161,
       41, 182, 215, 97, 80, 131, 249, 105, 66, 74, 7, 250, 55, 217, 133,
       11, 59, 16, 3, 39, 122, 17, 22, 249, 105, 164, 124, 121, 31, 109,
       79, 126, 165, 179, 63, 158, 120, 183, 146, 253, 144, 159, 184,
       117, 66, 199, 255, 50, 193, 236, 192, 237, 123, 97, 105, 191, 101,
       108, 207, 103, 148, 234, 168, 98, 72, 182, 53, 17, 50, 132, 124,
       126, 76, 193, 184, 241, 40, 229, 188, 37, 48, 192, 186, 67, 169,
       80, 185, 62, 254, 2, 200, 53, 103, 172, 21, 106, 33, 60, 191, 0,
       81, 162, 63, 121, 0, 82, 217, 146, 109, 241, 163, 94, 3, 32, 18,
       167, 43, 165, 172, 173, 91, 221, 127, 196, 191, 94, 251, 240, 92,
       210, 56, 28, 171, 217, 206, 114, 29, 191, 254, 127, 54, 45, 30,
       213, 116, 217, 121, 218, 140, 74, 144, 134, 142, 57, 246, 16, 7,
       175, 73, 202, 97, 172, 182, 34, 196, 193, 39, 249, 145, 30, 137,
       211, 199, 155, 118, 154, 91, 130, 6, 173, 78, 254, 75, 102, 164,
       45, 26, 94, 240, 165, 182, 182, 139, 75, 14, 55, 215, 234, 229,
       253, 231, 236, 247, 37, 236, 178, 250, 207, 151, 39, 191, 124, 84,
       82, 223, 30, 190, 27, 164, 19, 254, 134, 13, 206, 37, 228, 247,
       35, 80, 196, 243, 173, 192, 74, 11, 219, 125, 241, 231, 186, 155,
       24, 82, 45, 91, 99, 16, 61, 101, 48, 95, 185, 48, 100, 232, 183,
       236, 210, 29, 148, 49, 142, 21, 125, 41, 137, 248, 113, 12, 199,
       27, 97, 208, 76, 128, 6, 113, 8, 160, 154, 187, 149, 228, 49, 71,
       62, 19, 71, 16, 156, 151, 106, 72, 245, 27, 51, 16, 50, 220, 155,
       243, 207, 183, 30, 67, 144, 64, 161, 170, 79, 175, 219, 252, 252,
       169, 191, 251, 154, 226, 188, 238, 253, 235, 245, 40, 191, 99, 94,
       61, 241, 107, 46, 255, 252, 159, 127, 172, 220, 232, 131, 185,
       130, 184, 186, 186, 75, 229, 187, 204, 158, 93, 85, 147, 252, 223,
       110, 9, 255, 59, 147, 147, 50, 94, 26, 243, 95, 17, 218, 235, 149,
       15, 167, 251, 165, 56, 185, 87, 228, 93, 229, 81, 122, 251, 118,
       92, 146, 252, 220, 46, 153, 108, 82, 31, 195, 244, 250, 34, 13,
       30, 85, 36, 201, 184, 210, 245, 198, 176, 184, 178, 205, 229, 186,
       200, 158, 55, 17, 27, 204, 254, 110, 139, 217, 91, 187, 211, 22,
       103, 218, 240, 31, 83, 223, 111, 213, 79, 189, 214, 136, 141, 23,
       255, 149, 255, 228, 103, 29, 131, 74, 18, 188, 187, 48, 97, 232,
       47, 51, 137, 113, 184, 81, 239, 231, 255, 222, 1, 18, 72, 177,
       138, 173, 181, 25, 99, 245, 239, 67, 250, 87, 233, 45, 92, 211,
       113, 88, 48, 153, 10, 18, 122, 187, 176, 121, 62, 239, 221, 5,
       116, 202, 75, 210, 176, 165, 23, 119, 69, 112, 26, 235, 56, 125,
       168, 119, 228, 89, 67, 149, 245, 118, 28, 86, 110, 225, 180, 109,
       76, 36, 186, 35, 132, 71, 162, 99, 165, 75, 64, 194, 165, 36, 58,
       108, 24, 125, 234, 91, 237, 215, 104, 155, 234, 82, 132, 125, 47,
       141, 180, 197, 138, 134, 127, 233, 148, 14, 254, 88, 21, 253, 91,
       90, 236, 244, 14, 95, 185, 49, 232, 119, 109, 87, 115, 147, 81,
       118, 236, 21, 110, 233, 146, 233, 14, 254, 173, 37, 140, 44, 162,
       98, 113, 40, 128, 123, 81, 85, 205, 97, 23, 101, 21, 102, 8, 179,
       17, 16, 60, 8, 26, 66, 8, 18, 184, 113, 21, 69, 152, 16, 80, 99,
       136, 214, 168, 130, 220, 58, 191, 125, 213, 182, 238, 30, 15, 80,
       51, 172, 220, 62, 64, 223, 59, 147, 1, 98, 190, 90, 255, 103, 87,
       158, 171, 85, 28, 181, 219, 32, 241, 83, 65, 112, 143, 97, 119,
       45, 9, 122, 104, 182, 23, 0, 52, 60, 56, 87, 8, 83, 184, 80, 93,
       101, 156, 32, 192, 75, 130, 194, 187, 70, 177, 188, 195, 188, 29,
       186, 153, 139, 253, 159, 60, 206, 254, 206, 102, 213, 85, 125, 80,
       219, 73, 235, 192, 143, 157, 175, 254, 138, 170, 217, 85, 37, 184,
       149, 81, 253, 221, 128, 203, 219, 251, 32, 88, 130, 248, 85, 191,
       137, 90, 226, 24, 183, 106, 250, 208, 15, 30, 85, 126, 203, 108,
       75, 132, 212, 238, 159, 254, 138, 98, 29, 239, 182, 159, 249, 177,
       215, 247, 105, 91, 103, 223, 109, 146, 106, 79, 138, 51, 249, 227,
       127, 237, 160, 241, 167, 43, 250, 120, 236, 165, 172, 107, 93, 39,
       19, 230, 150, 187, 147, 45, 82, 11, 75, 181, 253, 145, 124, 126,
       245, 138, 239, 195, 221, 241, 229, 236, 150, 122, 0, 133, 81, 187,
       151, 143, 172, 39, 92, 1, 74, 66, 173, 34, 32, 193, 98, 35, 10, 8,
       114, 184, 21, 221, 173, 182, 154, 64, 20, 8, 161, 8, 147, 89, 35,
       129, 18, 138, 43, 16, 45, 96, 210, 230, 157, 6, 183, 100, 54, 13,
       124, 253, 207, 145, 53, 254, 160, 108, 138, 192, 44, 23, 49, 125,
       9, 17, 87, 71, 116, 255, 224, 81, 125, 105, 115, 82, 219, 24, 156,
       236, 122, 140, 54, 136, 149, 244, 117, 197, 6, 190, 114, 68, 239,
       138, 192, 181, 92, 113, 59, 188, 11, 196, 49, 64, 172, 196, 227,
       33, 252, 215, 41, 64, 162, 57, 123, 98, 1, 129, 146, 72, 209, 225,
       11, 10, 16, 34, 39, 243, 9, 157, 51, 109, 81, 236, 97, 55, 237, 9,
       110, 8, 190, 55, 4, 53, 160, 50, 80, 8, 19, 184, 48, 205, 39, 248,
       0, 66, 66, 0, 227, 174, 165, 229, 105, 67, 196, 75, 103, 184, 114,
       230, 127, 136, 83, 97, 159, 53, 123, 204, 6, 126, 121, 242, 237,
       54, 108, 139, 101, 68, 225, 251, 214, 240, 220, 206, 158, 187,
       130, 170, 47, 240, 62, 30, 71, 242, 213, 227, 137, 89, 55, 127,
       110, 186, 50, 212, 143, 119, 252, 167, 111, 132, 160, 115, 163,
       161, 144, 75, 75, 168, 30, 131, 99, 96, 228, 0, 194, 194, 115,
       195, 161, 64, 122, 164, 42, 234, 75, 179, 5, 93, 240, 164, 163, 0,
       53, 138, 112, 168, 33, 52, 123, 73, 116, 175, 235, 83, 117, 105,
       124, 74, 17, 21, 148, 52, 124, 156, 18, 56, 147, 186, 117, 78,
       103, 142, 32, 0, 231, 138, 114, 249, 201, 65, 121, 229, 52, 10,
       107, 60, 108, 232, 255, 64, 223, 11, 152, 112, 54, 132, 125, 110,
       169, 176, 229, 14, 230, 249, 34, 212, 100, 130, 82, 97, 2, 148,
       178, 152, 211, 241, 184, 67, 30, 79, 92, 179, 172, 158, 46, 204,
       255, 27, 147, 145, 55, 140, 34, 215, 11, 22, 154, 203, 149, 12,
       165, 255, 76, 52, 149, 101, 9, 47, 167, 42, 166, 178, 170, 76,
       215, 113, 73, 139, 17, 84, 104, 42, 1, 225, 211, 8, 197, 175, 119,
       20, 200, 121, 65, 48, 82, 161, 82, 232, 219, 129, 52, 105, 173, 0,
       169, 106, 12, 219, 104, 80, 226, 145, 75, 176, 82, 11, 130, 212,
       176, 128, 10, 127, 49, 2, 163, 131, 168, 186, 156, 58, 169, 233,
       16, 151, 187, 31, 164, 57, 174, 247, 66, 27, 129, 51, 237, 16, 50,
       111, 90, 51, 203, 211, 112, 123, 210, 72, 134, 27, 65, 188, 189,
       119, 52, 238, 117, 55, 233, 235, 107, 28, 246, 57, 18, 114, 129,
       102, 121, 9, 145, 248, 241, 44, 207, 190, 84, 0, 72, 64, 215, 106,
       20, 25, 91, 100, 211, 206, 55, 97, 109, 140, 111, 2, 94, 151, 32,
       112, 50, 252, 2, 98, 80, 153, 32, 108, 249, 165, 1, 67, 99, 35,
       167, 163, 161, 144, 233, 101, 116, 75, 97, 53, 116, 105, 115, 246,
       243, 29, 152, 96, 126, 156, 54, 40, 249, 252, 117, 15, 100, 175,
       48, 192, 109, 136, 208, 185, 90, 107, 126, 164, 19, 154, 126, 101,
       173, 12, 254, 131, 47, 174, 22, 214, 166, 247, 253, 197, 76, 155,
       129, 237, 179, 245, 14, 131, 37, 22, 175, 79, 122, 249, 102, 26,
       91, 217, 210, 230, 235, 85, 172, 143, 42, 156, 38, 148, 233, 163,
       235, 209, 14, 43, 126, 245, 59, 87, 20, 123, 115, 30, 222, 94, 95,
       94, 127, 117, 178, 22, 63, 178, 48, 234, 86, 230, 89, 119, 145,
       117, 55, 245, 21, 238, 225, 208, 53, 110, 126, 239, 103, 132, 175,
       245, 33, 121, 222, 246, 228, 39, 147, 62, 94, 188, 113, 238, 191,
       239, 107, 107, 142, 151, 55, 198, 237, 230, 236, 193, 157, 174,
       250, 239, 101, 147, 111, 247, 202, 23, 165, 237, 241, 71, 213, 79,
       103, 252, 113, 234, 101, 24, 114, 113, 156, 53, 89, 206, 2, 106,
