%YAML:1.0
---
descriptors: !!opencv-matrix
   rows: 226
   cols: 32
   dt: u
   data: [ 220, 95, 95, 252, 18, 130, 62, 214, 164, 132, 254, 231, 45,
       231, 161, 83, 102, 245, 141, 226, 232, 131, 36, 236, 242, 225, 38,
       129, 39, 241, 165, 113, 236, 185, 188, 242, 189, 205, 90, 188,
       155, 61, 181, 25, 190, 223, 72, 19, 135, 83, 253, 82, 98, 109,
       218, 181, 239, 217, 53, 127, 82, 9, 71, 91, 102, 205, 182, 158,
       221, 244, 190, 231, 155, 135, 89, 3, 236, 238, 62, 194, 217, 111,
       179, 131, 22, 122, 218, 239, 63, 54, 206, 11, 149, 126, 189, 198,
       108, 181, 210, 235, 253, 255, 122, 155, 63, 29, 255, 9, 207, 255,
       78, 216, 219, 159, 239, 48, 30, 242, 219, 213, 207, 255, 37, 87,
       226, 207, 207, 66, 63, 236, 226, 142, 83, 215, 126, 248, 55, 227,
       220, 135, 104, 230, 255, 244, 127, 207, 159, 207, 143, 155, 61,
       255, 190, 94, 143, 175, 191, 247, 58, 252, 167, 164, 237, 223,
       221, 255, 237, 174, 222, 243, 80, 18, 241, 248, 125, 43, 25, 110,
       51, 61, 162, 252, 255, 191, 79, 111, 223, 108, 245, 108, 81, 238,
       106, 120, 187, 246, 109, 220, 185, 86, 171, 205, 246, 15, 172,
       158, 103, 110, 206, 127, 255, 209, 132, 235, 178, 232, 223, 249,
       26, 171, 198, 13, 15, 223, 189, 23, 99, 77, 118, 51, 239, 121, 85,
       202, 249, 230, 83, 204, 189, 164, 126, 168, 22, 239, 233, 179, 37,
       206, 50, 12, 163, 132, 127, 255, 112, 181, 138, 183, 168, 145,
       246, 153, 188, 207, 31, 55, 84, 247, 140, 172, 222, 140, 191, 27,
       131, 149, 246, 122, 206, 215, 46, 87, 159, 239, 159, 204, 159,
       159, 190, 156, 158, 186, 153, 237, 86, 231, 191, 159, 177, 25,
       110, 183, 106, 219, 233, 215, 239, 18, 106, 79, 138, 227, 185,
       211, 95, 95, 144, 93, 175, 139, 1, 14, 105, 249, 148, 171, 225,
       23, 116, 1, 126, 246, 147, 9, 176, 104, 107, 138, 14, 156, 187,
       188, 101, 214, 206, 207, 178, 64, 245, 200, 209, 160, 180, 196,
       238, 127, 220, 111, 231, 252, 119, 246, 247, 26, 115, 109, 22, 97,
       121, 250, 106, 235, 168, 246, 125, 63, 127, 207, 247, 21, 245,
       251, 126, 202, 109, 33, 177, 103, 228, 31, 239, 184, 105, 234, 59,
       76, 211, 105, 221, 50, 152, 196, 124, 110, 217, 176, 249, 170,
       239, 221, 37, 52, 74, 251, 82, 49, 244, 61, 253, 180, 206, 111,
       191, 203, 26, 186, 187, 26, 215, 255, 69, 11, 191, 223, 127, 243,
       57, 103, 219, 226, 221, 131, 111, 252, 229, 121, 135, 179, 4, 249,
       191, 251, 185, 197, 55, 198, 174, 25, 207, 0, 252, 247, 33, 98,
       193, 115, 107, 82, 18, 201, 59, 249, 237, 183, 15, 19, 144, 90,
       165, 187, 17, 13, 79, 238, 22, 130, 111, 113, 228, 0, 235, 194,
       113, 227, 176, 97, 120, 230, 10, 238, 121, 147, 21, 14, 240, 172,
       162, 0, 61, 162, 112, 32, 254, 222, 254, 254, 253, 252, 126, 248,
       255, 95, 247, 189, 239, 255, 31, 91, 191, 247, 255, 67, 174, 117,
       186, 255, 255, 255, 103, 207, 206, 255, 207, 215, 37, 127, 211,
       71, 244, 30, 230, 184, 121, 232, 123, 108, 83, 120, 157, 180, 62,
       108, 118, 126, 197, 176, 237, 110, 46, 60, 37, 132, 239, 187, 90,
       133, 71, 82, 199, 164, 106, 2, 60, 24, 173, 194, 210, 231, 93,
       174, 153, 91, 118, 197, 127, 231, 197, 213, 133, 200, 84, 107,
       251, 132, 45, 247, 43, 89, 117, 63, 233, 103, 218, 6, 207, 56, 48,
       234, 190, 238, 113, 39, 209, 50, 126, 254, 117, 238, 217, 210,
       253, 42, 253, 173, 239, 180, 37, 243, 70, 249, 83, 184, 151, 80,
       139, 220, 80, 199, 251, 209, 160, 28, 46, 154, 102, 255, 167, 179,
       236, 17, 183, 75, 178, 241, 155, 216, 94, 123, 234, 4, 171, 79,
       145, 14, 95, 255, 22, 162, 106, 115, 116, 129, 66, 214, 113, 227,
       176, 96, 114, 238, 42, 140, 49, 157, 5, 110, 176, 174, 186, 64,
       173, 160, 33, 32, 229, 253, 233, 127, 252, 127, 87, 184, 219, 254,
       188, 61, 194, 125, 159, 55, 157, 246, 253, 110, 254, 98, 232, 63,
       111, 223, 101, 191, 242, 255, 222, 247, 2, 204, 18, 155, 85, 213,
       178, 198, 30, 5, 88, 3, 172, 216, 38, 196, 217, 59, 130, 17, 38,
       188, 82, 255, 37, 54, 26, 11, 16, 12, 189, 142, 29, 70, 215, 247,
       228, 34, 111, 254, 84, 154, 251, 246, 81, 35, 185, 235, 127, 198,
       62, 174, 249, 215, 13, 172, 244, 171, 246, 132, 173, 251, 240, 33,
       50, 7, 98, 168, 245, 147, 218, 107, 21, 76, 217, 171, 10, 140, 54,
       0, 216, 169, 135, 53, 252, 187, 100, 158, 186, 84, 136, 255, 119,
       142, 246, 198, 222, 94, 78, 182, 26, 166, 127, 112, 181, 142, 215,
       231, 105, 239, 179, 67, 110, 229, 157, 239, 232, 199, 12, 238,
       242, 235, 235, 128, 47, 247, 57, 81, 215, 73, 111, 190, 44, 146,
       202, 208, 212, 194, 211, 194, 81, 200, 179, 235, 104, 224, 63,
       239, 237, 135, 46, 170, 144, 107, 235, 136, 61, 191, 120, 100,
       215, 74, 78, 180, 34, 34, 111, 240, 177, 214, 179, 231, 73, 231,
       187, 91, 126, 229, 61, 238, 232, 199, 140, 202, 210, 234, 239,
       132, 45, 183, 41, 80, 14, 155, 164, 131, 237, 148, 251, 213, 175,
       93, 93, 7, 140, 175, 126, 206, 205, 75, 187, 221, 146, 8, 234,
       224, 143, 89, 158, 239, 146, 134, 165, 243, 94, 89, 27, 236, 23,
       71, 95, 248, 45, 232, 250, 10, 127, 215, 33, 112, 254, 253, 93,
       226, 73, 131, 56, 254, 243, 253, 15, 26, 40, 51, 36, 51, 231, 190,
       152, 18, 233, 189, 176, 135, 251, 251, 52, 124, 172, 216, 206, 63,
       135, 107, 230, 16, 182, 110, 138, 243, 14, 91, 85, 235, 202, 68,
       203, 135, 173, 118, 156, 103, 96, 31, 126, 184, 61, 174, 119, 77,
       223, 99, 139, 19, 148, 68, 101, 110, 224, 244, 73, 42, 230, 251,
       101, 148, 74, 251, 74, 145, 5, 61, 40, 37, 52, 63, 238, 184, 108,
       234, 90, 68, 215, 120, 155, 32, 157, 78, 94, 47, 189, 176, 93, 14,
       236, 79, 37, 132, 204, 251, 89, 21, 249, 182, 158, 50, 169, 189,
       80, 215, 243, 31, 164, 29, 63, 219, 66, 155, 165, 163, 236, 16,
       190, 111, 154, 51, 219, 219, 116, 121, 234, 192, 138, 75, 214,
       223, 87, 255, 178, 226, 63, 190, 188, 138, 75, 240, 253, 119, 169,
       81, 55, 119, 61, 234, 49, 213, 41, 127, 233, 166, 111, 192, 180,
       243, 165, 97, 204, 253, 157, 227, 202, 111, 63, 222, 54, 187, 191,
       26, 215, 55, 72, 42, 63, 223, 127, 242, 113, 84, 217, 34, 253,
       199, 111, 244, 160, 123, 135, 179, 138, 222, 204, 187, 170, 160,
       24, 150, 159, 31, 84, 245, 172, 235, 231, 73, 199, 59, 175, 21,
       166, 76, 66, 243, 206, 119, 254, 203, 158, 213, 45, 219, 209, 73,
       79, 229, 6, 2, 111, 117, 100, 130, 226, 226, 115, 35, 177, 115,
       118, 228, 60, 238, 233, 145, 5, 44, 240, 171, 230, 0, 37, 178,
       240, 40, 92, 85, 234, 231, 98, 70, 127, 56, 32, 172, 95, 131, 87,
       119, 153, 112, 118, 221, 61, 238, 72, 144, 185, 12, 243, 237, 163,
       132, 36, 243, 102, 115, 36, 220, 255, 94, 211, 195, 183, 232, 87,
       146, 116, 34, 120, 247, 45, 101, 123, 251, 2, 176, 99, 250, 58,
       127, 125, 174, 71, 46, 243, 112, 36, 186, 102, 188, 253, 119, 252,
       239, 223, 185, 187, 254, 180, 41, 215, 253, 93, 51, 159, 247, 125,
       35, 240, 114, 248, 63, 239, 223, 101, 183, 197, 250, 86, 243, 109,
       101, 251, 231, 116, 63, 239, 248, 105, 232, 127, 76, 83, 105, 221,
       176, 188, 204, 86, 110, 201, 178, 189, 172, 127, 221, 37, 52, 76,
       251, 82, 176, 173, 237, 187, 91, 221, 255, 231, 255, 87, 183, 238,
       26, 178, 253, 116, 101, 217, 238, 122, 24, 251, 255, 251, 191,
       127, 223, 21, 116, 211, 121, 212, 234, 163, 172, 140, 59, 237,
       189, 144, 203, 223, 59, 116, 29, 166, 248, 62, 13, 201, 43, 66,
       21, 182, 109, 90, 181, 14, 90, 89, 127, 216, 76, 203, 207, 4, 176,
       17, 243, 220, 237, 160, 207, 158, 57, 33, 88, 150, 241, 72, 136,
       137, 27, 106, 16, 19, 104, 218, 117, 141, 150, 23, 124, 216, 9,
       129, 160, 185, 141, 78, 190, 140, 129, 79, 249, 213, 66, 217, 70,
       115, 232, 178, 65, 89, 226, 63, 239, 248, 43, 78, 191, 240, 239,
       238, 152, 61, 234, 240, 8, 166, 237, 228, 154, 219, 115, 159, 239,
