%YAML:1.0
---
descriptors: !!opencv-matrix
   rows: 325
   cols: 32
   dt: u
   data: [ 44, 113, 184, 103, 253, 95, 87, 152, 103, 236, 189, 13, 223,
       125, 75, 16, 156, 220, 221, 126, 202, 112, 217, 56, 239, 221, 37,
       53, 202, 187, 78, 211, 39, 127, 231, 95, 230, 131, 175, 240, 206,
       218, 89, 230, 176, 232, 181, 38, 110, 107, 18, 207, 195, 248, 174,
       251, 44, 8, 239, 160, 93, 255, 115, 253, 36, 1, 113, 67, 244, 79,
       99, 49, 117, 32, 127, 8, 211, 17, 140, 52, 58, 156, 70, 122, 25,
       176, 121, 14, 101, 172, 33, 68, 99, 171, 198, 160, 88, 232, 191,
       248, 11, 225, 17, 199, 171, 21, 160, 57, 62, 151, 64, 26, 167,
       179, 237, 144, 10, 79, 162, 113, 219, 209, 18, 123, 144, 0, 167,
       106, 217, 10, 151, 246, 172, 46, 92, 51, 233, 187, 162, 80, 255,
       51, 0, 219, 163, 103, 108, 12, 57, 77, 131, 34, 209, 251, 118, 16,
       138, 224, 161, 41, 88, 32, 156, 165, 32, 46, 92, 190, 44, 139,
       254, 13, 223, 35, 2, 82, 146, 199, 108, 44, 12, 240, 193, 12, 198,
       247, 98, 17, 168, 240, 11, 3, 53, 92, 253, 71, 86, 91, 199, 120,
       87, 234, 246, 106, 83, 60, 157, 36, 121, 252, 118, 106, 233, 242,
       109, 190, 127, 174, 101, 148, 103, 187, 86, 245, 216, 96, 88, 237,
       42, 11, 85, 55, 53, 36, 230, 169, 183, 23, 0, 80, 114, 157, 109,
       224, 72, 158, 193, 31, 245, 161, 48, 17, 32, 144, 164, 43, 33,
       168, 148, 93, 93, 141, 192, 107, 223, 176, 225, 8, 178, 248, 20,
       53, 201, 42, 122, 12, 98, 107, 210, 29, 15, 158, 85, 58, 216, 40,
       82, 174, 203, 190, 175, 21, 226, 190, 173, 183, 184, 255, 86, 244,
       157, 38, 198, 175, 39, 103, 126, 29, 181, 220, 167, 106, 12, 43,
       127, 128, 140, 228, 131, 253, 82, 134, 142, 185, 138, 162, 41, 87,
       54, 31, 198, 183, 225, 135, 66, 73, 103, 143, 239, 149, 58, 217,
       195, 81, 220, 227, 186, 193, 168, 68, 173, 90, 161, 252, 117, 93,
       124, 91, 206, 248, 95, 224, 240, 232, 243, 92, 213, 165, 95, 248,
       86, 106, 235, 102, 111, 191, 44, 218, 37, 182, 87, 187, 66, 181,
       49, 132, 94, 221, 180, 59, 236, 111, 92, 51, 226, 18, 115, 40,
       180, 73, 123, 134, 42, 172, 60, 252, 69, 29, 178, 235, 246, 0,
       245, 216, 240, 8, 92, 189, 249, 243, 177, 253, 123, 144, 175, 61,
       191, 40, 255, 223, 200, 48, 183, 247, 221, 18, 10, 248, 232, 253,
       255, 223, 39, 243, 194, 211, 199, 107, 45, 167, 192, 1, 181, 187,
       98, 143, 127, 165, 106, 137, 195, 96, 158, 148, 25, 206, 196, 60,
       62, 248, 77, 174, 174, 94, 21, 85, 230, 206, 218, 196, 173, 30,
       101, 77, 44, 127, 230, 122, 85, 234, 250, 118, 211, 56, 149, 173,
       221, 230, 254, 171, 173, 182, 101, 174, 6, 127, 242, 144, 95, 253,
       120, 149, 187, 71, 80, 76, 118, 27, 206, 120, 73, 96, 188, 204,
       91, 72, 159, 180, 30, 236, 86, 111, 237, 167, 68, 222, 50, 124, 1,
       48, 95, 191, 74, 133, 90, 98, 102, 140, 122, 19, 185, 124, 167,
       140, 212, 227, 108, 198, 167, 212, 126, 189, 239, 161, 200, 135,
       167, 220, 210, 53, 187, 155, 23, 150, 39, 237, 207, 183, 204, 163,
       176, 58, 126, 191, 59, 247, 30, 245, 201, 35, 218, 82, 119, 199,
       253, 191, 254, 216, 221, 231, 238, 223, 191, 196, 174, 214, 153,
       88, 55, 235, 104, 8, 29, 157, 195, 248, 199, 188, 156, 15, 2, 137,
       86, 6, 200, 192, 239, 93, 206, 43, 239, 145, 250, 92, 133, 127,
       87, 142, 90, 198, 130, 201, 58, 159, 28, 197, 180, 230, 158, 29,
       64, 3, 164, 222, 39, 73, 200, 123, 35, 65, 70, 220, 82, 253, 7,
       50, 222, 75, 16, 24, 61, 206, 238, 184, 170, 210, 203, 245, 148,
       206, 155, 254, 149, 191, 106, 252, 127, 157, 189, 219, 247, 147,
       191, 111, 186, 243, 27, 83, 221, 255, 207, 109, 94, 255, 126, 77,
       230, 94, 25, 82, 206, 172, 177, 164, 228, 130, 65, 239, 31, 255,
       88, 244, 249, 226, 108, 195, 253, 172, 59, 103, 207, 29, 167, 183,
       110, 102, 2, 159, 3, 170, 244, 162, 58, 103, 156, 13, 90, 231,
       228, 226, 160, 64, 255, 43, 15, 21, 150, 152, 0, 255, 172, 182,
       170, 194, 152, 78, 177, 143, 123, 163, 82, 72, 161, 159, 94, 97,
       233, 89, 249, 108, 142, 154, 190, 244, 182, 141, 220, 110, 221,
       171, 4, 213, 178, 248, 2, 255, 74, 6, 235, 5, 159, 60, 255, 117,
       182, 62, 127, 247, 113, 234, 86, 246, 121, 63, 151, 111, 55, 127,
       149, 174, 245, 220, 181, 238, 111, 255, 247, 128, 175, 244, 243,
       253, 88, 25, 10, 172, 19, 192, 91, 96, 164, 132, 206, 135, 41,
       207, 35, 80, 120, 253, 137, 195, 8, 139, 146, 108, 243, 229, 138,
       9, 33, 35, 44, 82, 2, 183, 19, 137, 212, 227, 186, 75, 78, 65, 89,
       102, 164, 252, 188, 164, 253, 59, 146, 145, 147, 186, 33, 223, 45,
       20, 138, 66, 221, 74, 181, 252, 223, 66, 230, 69, 103, 18, 252,
       85, 97, 238, 150, 175, 73, 14, 215, 255, 46, 197, 253, 239, 237,
       214, 165, 200, 54, 123, 207, 131, 47, 180, 122, 93, 186, 238, 102,
       153, 245, 155, 234, 238, 87, 247, 198, 159, 235, 236, 190, 133,
       123, 234, 195, 189, 254, 252, 77, 255, 46, 95, 157, 101, 119, 140,
       254, 204, 9, 170, 214, 89, 234, 185, 33, 215, 238, 63, 242, 244,
       233, 162, 230, 207, 111, 14, 106, 156, 178, 153, 71, 113, 28, 168,
       119, 64, 218, 200, 233, 173, 111, 190, 102, 92, 127, 221, 154,
       250, 207, 252, 180, 237, 42, 252, 247, 182, 151, 115, 253, 71,
       135, 107, 254, 253, 26, 95, 1, 187, 95, 173, 94, 255, 65, 79, 251,
       101, 52, 47, 110, 150, 108, 170, 250, 72, 243, 41, 145, 112, 18,
       230, 124, 110, 137, 176, 101, 40, 230, 255, 33, 16, 232, 251, 80,
       41, 92, 253, 250, 230, 242, 102, 127, 249, 49, 204, 126, 171, 93,
       255, 91, 112, 55, 255, 21, 227, 240, 82, 184, 110, 123, 237, 47,
       172, 165, 242, 167, 115, 238, 122, 253, 5, 234, 123, 189, 152, 11,
       254, 20, 175, 95, 13, 215, 15, 39, 213, 245, 119, 161, 116, 253,
       128, 86, 65, 109, 182, 231, 253, 7, 241, 173, 61, 33, 77, 93, 159,
       198, 48, 87, 232, 112, 76, 210, 24, 21, 164, 216, 108, 82, 111,
       237, 178, 120, 30, 37, 28, 1, 52, 91, 59, 90, 164, 123, 252, 229,
       92, 123, 220, 89, 190, 187, 252, 188, 173, 42, 190, 215, 246, 135,
       247, 253, 221, 239, 74, 247, 255, 59, 127, 85, 191, 175, 244, 94,
       125, 64, 121, 190, 117, 129, 223, 181, 103, 236, 250, 110, 8, 190,
       188, 35, 59, 160, 119, 249, 65, 68, 249, 178, 104, 231, 243, 86,
       3, 192, 112, 135, 235, 163, 114, 120, 72, 114, 25, 186, 80, 105,
       68, 117, 238, 8, 142, 151, 180, 62, 169, 134, 238, 229, 54, 36,
       219, 54, 24, 2, 171, 127, 151, 107, 245, 250, 241, 187, 160, 189,
       205, 95, 205, 191, 237, 176, 25, 78, 223, 74, 16, 181, 245, 253,
       81, 91, 47, 184, 242, 251, 213, 13, 255, 130, 30, 135, 123, 237,
       44, 153, 231, 185, 47, 71, 56, 18, 162, 39, 8, 215, 51, 65, 19,
       145, 116, 104, 106, 56, 112, 217, 62, 237, 207, 5, 52, 216, 123,
       66, 34, 244, 40, 216, 112, 140, 105, 84, 203, 131, 183, 164, 25,
       23, 185, 65, 27, 137, 214, 108, 16, 58, 111, 202, 2, 219, 193,
       117, 125, 224, 104, 198, 2, 248, 180, 126, 112, 136, 236, 81, 23,
       227, 23, 166, 24, 19, 247, 66, 123, 33, 182, 108, 24, 58, 111,
       178, 16, 219, 171, 117, 121, 224, 192, 198, 98, 9, 53, 33, 175,
       113, 143, 107, 25, 55, 72, 73, 76, 247, 87, 9, 116, 84, 56, 23,
       44, 171, 146, 120, 31, 229, 220, 1, 0, 50, 162, 6, 240, 174, 254,
       174, 114, 235, 245, 148, 222, 155, 255, 53, 127, 108, 253, 110,
       59, 141, 219, 247, 149, 183, 111, 186, 243, 95, 91, 125, 191, 223,
       93, 190, 223, 220, 70, 124, 97, 162, 122, 116, 27, 112, 230, 183,
       184, 159, 9, 131, 219, 35, 132, 204, 34, 236, 244, 101, 14, 230,
       235, 99, 21, 239, 241, 207, 65, 252, 233, 188, 126, 25, 212, 87,
       236, 194, 132, 172, 8, 106, 250, 35, 242, 200, 247, 233, 195, 78,
       11, 250, 61, 251, 229, 141, 27, 113, 51, 174, 106, 150, 30, 86,
       135, 50, 42, 186, 96, 189, 166, 115, 247, 77, 234, 164, 195, 55,
       117, 239, 163, 180, 213, 13, 206, 58, 98, 111, 135, 229, 231, 45,
