%YAML:1.0
---
descriptors: !!opencv-matrix
   rows: 317
   cols: 32
   dt: u
   data: [ 57, 98, 110, 77, 110, 155, 248, 85, 68, 96, 119, 167, 51, 9,
       150, 96, 106, 172, 118, 205, 204, 254, 69, 132, 86, 41, 162, 129,
       109, 138, 248, 137, 130, 130, 18, 144, 109, 169, 184, 71, 190, 31,
       16, 17, 172, 138, 114, 13, 167, 43, 207, 17, 50, 45, 2, 215, 12,
       16, 26, 235, 150, 140, 141, 205, 70, 254, 26, 184, 233, 232, 61,
       135, 187, 23, 110, 189, 164, 199, 107, 89, 247, 127, 238, 148,
       118, 87, 186, 115, 255, 246, 159, 239, 144, 80, 167, 211, 64, 188,
       179, 55, 242, 238, 51, 134, 123, 255, 107, 121, 182, 151, 72, 26,
       183, 127, 100, 18, 18, 254, 251, 99, 13, 150, 21, 98, 192, 67,
       135, 255, 8, 188, 149, 83, 242, 239, 163, 239, 58, 233, 10, 72,
       255, 52, 64, 176, 183, 127, 113, 49, 3, 120, 185, 60, 45, 142, 53,
       116, 192, 10, 135, 249, 4, 255, 155, 91, 223, 253, 183, 206, 255,
       15, 124, 44, 166, 241, 111, 20, 187, 122, 206, 16, 18, 50, 122,
       51, 111, 223, 20, 107, 209, 91, 199, 167, 5, 155, 19, 27, 178,
       138, 42, 149, 62, 17, 99, 228, 252, 211, 168, 240, 55, 59, 62, 92,
       147, 152, 15, 117, 44, 166, 62, 192, 152, 130, 161, 41, 236, 227,
       56, 96, 116, 79, 115, 184, 112, 236, 118, 9, 23, 79, 194, 16, 148,
       204, 69, 126, 202, 178, 225, 14, 255, 217, 37, 117, 66, 169, 70,
       99, 33, 95, 99, 79, 244, 11, 239, 254, 85, 142, 124, 230, 115,
       101, 181, 36, 94, 234, 6, 238, 225, 186, 108, 111, 36, 28, 164,
       128, 127, 251, 242, 253, 9, 221, 62, 191, 149, 150, 109, 247, 125,
       69, 110, 4, 189, 162, 50, 100, 232, 106, 34, 140, 247, 152, 50,
       239, 103, 255, 22, 0, 74, 84, 233, 254, 80, 84, 217, 255, 32, 110,
       111, 180, 52, 78, 231, 112, 215, 55, 136, 91, 119, 212, 61, 138,
       105, 212, 249, 34, 197, 174, 242, 132, 32, 243, 132, 113, 135, 20,
       142, 157, 236, 54, 188, 15, 28, 251, 91, 247, 196, 42, 51, 203,
       213, 71, 59, 181, 181, 208, 215, 194, 12, 39, 254, 133, 140, 109,
       185, 213, 50, 98, 238, 205, 70, 3, 233, 120, 86, 164, 86, 135, 81,
       201, 182, 65, 122, 172, 55, 237, 136, 242, 199, 156, 94, 43, 235,
       165, 53, 168, 116, 234, 180, 173, 123, 109, 84, 75, 71, 121, 117,
       164, 228, 8, 115, 113, 57, 81, 90, 236, 20, 110, 104, 179, 125,
       31, 249, 138, 37, 20, 101, 170, 86, 232, 47, 188, 237, 215, 244,
       218, 223, 186, 219, 211, 20, 182, 249, 252, 255, 165, 31, 110, 51,
       63, 183, 108, 254, 191, 46, 95, 207, 236, 207, 252, 217, 244, 217,
       221, 78, 47, 26, 134, 190, 180, 164, 66, 166, 199, 97, 79, 35, 69,
       118, 101, 125, 230, 237, 141, 21, 175, 242, 239, 138, 145, 45,
       179, 105, 26, 130, 140, 48, 155, 221, 245, 186, 207, 31, 3, 68,
       18, 236, 216, 50, 132, 217, 59, 147, 17, 54, 188, 90, 255, 47, 86,
       155, 107, 151, 76, 157, 142, 71, 188, 181, 211, 237, 252, 173,
       143, 255, 251, 26, 80, 204, 246, 220, 238, 167, 87, 58, 153, 183,
       88, 191, 226, 45, 62, 223, 198, 134, 85, 133, 253, 106, 91, 106,
       254, 237, 253, 255, 84, 237, 76, 222, 47, 188, 157, 183, 106, 238,
       243, 255, 199, 204, 171, 242, 232, 247, 121, 186, 139, 7, 223,
       253, 223, 189, 141, 108, 250, 156, 145, 207, 241, 214, 80, 221,
       194, 115, 232, 188, 97, 88, 162, 31, 111, 251, 43, 110, 191, 250,
       235, 175, 220, 61, 170, 240, 40, 97, 60, 253, 100, 252, 111, 87,
       123, 115, 238, 44, 8, 54, 55, 65, 52, 17, 244, 80, 40, 33, 43,
       176, 30, 123, 142, 37, 60, 194, 224, 70, 251, 138, 184, 178, 153,
       225, 253, 176, 71, 191, 95, 100, 17, 172, 158, 102, 204, 167, 59,
       243, 17, 22, 220, 178, 211, 15, 86, 26, 107, 146, 4, 143, 223,
       189, 117, 109, 231, 158, 87, 206, 248, 64, 242, 189, 106, 83, 124,
       159, 35, 125, 212, 220, 239, 237, 99, 125, 140, 251, 203, 231, 53,
       125, 251, 120, 253, 44, 225, 120, 99, 112, 79, 123, 220, 99, 41,
       124, 8, 155, 27, 72, 16, 158, 152, 70, 120, 138, 186, 121, 20,
       239, 221, 37, 101, 226, 130, 70, 163, 108, 225, 252, 101, 60, 75,
       67, 184, 70, 176, 183, 10, 211, 25, 217, 34, 88, 196, 124, 122,
       200, 240, 253, 56, 111, 233, 165, 52, 103, 171, 80, 32, 62, 101,
       54, 142, 221, 127, 150, 232, 143, 180, 189, 11, 78, 253, 111, 132,
       217, 249, 207, 99, 76, 99, 90, 222, 251, 215, 15, 63, 83, 127, 13,
       198, 181, 68, 71, 93, 68, 75, 239, 248, 85, 226, 242, 218, 83,
       101, 153, 245, 120, 228, 54, 238, 233, 246, 125, 14, 52, 170, 229,
       4, 111, 248, 112, 160, 182, 175, 20, 187, 175, 147, 134, 238, 95,
       183, 216, 179, 238, 232, 238, 128, 251, 91, 134, 81, 110, 127, 78,
       247, 184, 214, 143, 127, 85, 12, 253, 140, 252, 119, 233, 230,
       250, 6, 79, 248, 50, 238, 189, 239, 81, 103, 203, 18, 127, 221,
       21, 238, 232, 67, 253, 106, 121, 141, 175, 172, 165, 243, 102,
       249, 189, 89, 113, 101, 244, 79, 231, 184, 87, 234, 242, 74, 83,
       53, 149, 161, 120, 220, 22, 106, 233, 246, 125, 30, 54, 207, 165,
       52, 111, 187, 80, 177, 82, 110, 151, 252, 107, 224, 48, 198, 169,
       154, 234, 161, 44, 191, 101, 91, 167, 243, 239, 144, 34, 79, 130,
       232, 145, 242, 94, 139, 192, 81, 39, 11, 41, 156, 111, 65, 214,
       155, 225, 119, 93, 65, 127, 242, 153, 24, 148, 36, 111, 154, 22,
       153, 183, 188, 101, 215, 46, 79, 54, 64, 255, 140, 249, 165, 168,
       123, 152, 103, 48, 142, 124, 53, 61, 172, 119, 77, 159, 35, 3, 16,
       132, 47, 197, 12, 228, 152, 89, 14, 231, 255, 52, 128, 74, 130,
       74, 27, 171, 20, 97, 117, 119, 191, 216, 55, 17, 235, 127, 255,
       59, 61, 22, 160, 223, 191, 149, 133, 185, 254, 117, 143, 71, 127,
       240, 130, 111, 204, 94, 251, 249, 180, 158, 120, 169, 188, 80, 91,
       243, 27, 165, 29, 31, 251, 74, 27, 165, 151, 236, 24, 62, 103,
       154, 19, 219, 235, 112, 61, 234, 192, 106, 3, 71, 130, 208, 145,
       109, 56, 232, 136, 235, 55, 177, 183, 140, 138, 74, 222, 107, 133,
       238, 133, 22, 100, 206, 209, 156, 48, 218, 239, 156, 5, 107, 134,
       8, 149, 127, 69, 118, 206, 239, 55, 109, 12, 126, 66, 251, 63,
       148, 112, 62, 190, 22, 168, 209, 184, 117, 109, 103, 253, 34, 128,
       103, 194, 231, 249, 21, 85, 121, 103, 118, 79, 111, 252, 116, 172,
       126, 10, 115, 81, 153, 48, 62, 220, 6, 106, 193, 176, 125, 47,
       101, 141, 37, 4, 101, 187, 198, 185, 112, 157, 122, 237, 244, 238,
       127, 119, 37, 12, 254, 3, 183, 55, 2, 80, 126, 190, 63, 168, 88,
       152, 17, 111, 247, 239, 162, 192, 33, 128, 230, 219, 10, 221, 182,
       159, 191, 191, 190, 230, 142, 77, 220, 35, 172, 254, 39, 68, 231,
       99, 255, 65, 198, 169, 75, 253, 231, 118, 94, 147, 22, 93, 45,
       223, 139, 191, 238, 157, 242, 146, 188, 247, 191, 207, 94, 247,
       173, 170, 182, 65, 103, 239, 191, 149, 246, 216, 23, 255, 126,
       127, 254, 192, 175, 212, 185, 221, 48, 12, 10, 184, 148, 167, 242,
       103, 20, 1, 206, 3, 32, 154, 50, 64, 216, 170, 11, 145, 28, 187,
       80, 222, 251, 167, 146, 67, 149, 8, 120, 138, 20, 221, 123, 103,
       112, 79, 111, 244, 116, 44, 126, 98, 83, 87, 184, 48, 126, 252,
       23, 234, 193, 176, 41, 110, 117, 173, 167, 132, 97, 179, 230, 241,
       83, 184, 218, 176, 139, 253, 16, 71, 239, 83, 160, 24, 46, 154,
       102, 254, 167, 179, 204, 17, 15, 79, 18, 241, 155, 208, 94, 123,
       232, 68, 171, 15, 173, 125, 96, 65, 197, 63, 231, 214, 81, 230,
       108, 12, 19, 24, 151, 188, 13, 236, 210, 106, 237, 180, 52, 186,
       39, 93, 133, 36, 111, 253, 210, 252, 7, 48, 162, 139, 53, 189,
       178, 2, 238, 69, 25, 135, 140, 136, 127, 196, 203, 11, 155, 21,
       150, 41, 22, 209, 140, 20, 138, 107, 220, 79, 25, 214, 36, 97,
       120, 67, 84, 75, 107, 24, 97, 164, 125, 8, 83, 83, 220, 52, 58,
       220, 70, 122, 72, 176, 237, 72, 111, 156, 37, 100, 227, 187, 70,
       160, 2, 166, 18, 154, 237, 249, 184, 71, 158, 31, 17, 25, 172,
       138, 122, 141, 135, 43, 207, 17, 50, 109, 2, 243, 12, 22, 90, 235,
