%YAML:1.0
---
descriptors: !!opencv-matrix
   rows: 255
   cols: 32
   dt: u
   data: [ 233, 252, 253, 117, 252, 126, 69, 191, 86, 234, 94, 16, 243,
       57, 210, 99, 17, 126, 125, 9, 233, 252, 253, 47, 111, 175, 245, 0,
       164, 248, 212, 105, 37, 249, 73, 98, 244, 141, 175, 220, 106, 232,
       184, 79, 209, 217, 93, 0, 61, 201, 87, 255, 211, 114, 218, 50,
       124, 141, 37, 252, 205, 187, 211, 209, 189, 229, 237, 71, 252, 55,
       79, 252, 83, 250, 93, 14, 89, 127, 223, 51, 63, 222, 53, 238, 249,
       82, 61, 254, 123, 79, 237, 164, 175, 243, 242, 240, 21, 236, 211,
       227, 246, 161, 238, 198, 124, 34, 218, 194, 181, 251, 89, 192,
       255, 223, 23, 215, 203, 178, 153, 98, 188, 140, 190, 96, 141, 211,
       163, 168, 31, 247, 237, 95, 250, 23, 159, 188, 31, 250, 117, 238,
       89, 124, 223, 39, 55, 95, 53, 110, 241, 240, 191, 126, 106, 11,
       101, 172, 127, 255, 129, 245, 253, 203, 83, 78, 230, 10, 79, 181,
       117, 2, 247, 194, 123, 67, 153, 117, 126, 212, 62, 106, 232, 182,
       237, 175, 116, 250, 228, 8, 103, 178, 224, 44, 74, 185, 182, 152,
       219, 213, 181, 71, 191, 85, 168, 25, 172, 190, 102, 212, 227, 187,
       219, 145, 22, 75, 178, 241, 153, 22, 30, 123, 146, 4, 175, 206,
       66, 141, 134, 158, 137, 229, 180, 231, 190, 3, 202, 1, 164, 226,
       32, 198, 193, 99, 235, 1, 22, 201, 82, 241, 137, 54, 30, 27, 144,
       92, 185, 14, 82, 45, 150, 158, 153, 164, 52, 71, 175, 149, 138,
       11, 174, 234, 100, 211, 232, 255, 235, 208, 30, 203, 146, 233,
       185, 240, 158, 27, 128, 68, 175, 10, 120, 233, 80, 174, 15, 73,
       86, 236, 175, 160, 162, 10, 79, 218, 68, 18, 168, 245, 236, 66,
       72, 35, 219, 243, 179, 215, 71, 127, 96, 58, 207, 10, 5, 80, 57,
       229, 96, 15, 115, 80, 45, 44, 103, 8, 215, 23, 9, 48, 148, 17, 85,
       110, 137, 176, 121, 8, 197, 217, 32, 20, 64, 51, 66, 227, 92, 101,
       187, 111, 52, 78, 87, 136, 100, 196, 234, 8, 215, 117, 9, 80, 216,
       212, 108, 106, 73, 176, 249, 40, 225, 237, 37, 20, 96, 123, 70,
       114, 204, 0, 189, 119, 164, 110, 101, 184, 116, 187, 35, 16, 215,
       113, 9, 122, 145, 68, 125, 42, 56, 240, 89, 8, 197, 187, 101, 20,
       192, 249, 196, 34, 199, 157, 71, 199, 246, 18, 110, 177, 229, 80,
       127, 230, 104, 99, 180, 247, 110, 230, 186, 238, 241, 155, 29,
       237, 62, 122, 199, 66, 47, 166, 232, 36, 73, 56, 156, 244, 168,
       12, 93, 23, 171, 154, 182, 29, 183, 179, 2, 91, 135, 231, 108, 12,
       40, 77, 211, 0, 211, 251, 117, 25, 136, 240, 139, 11, 86, 30, 142,
       182, 170, 34, 61, 1, 172, 158, 215, 167, 205, 230, 43, 75, 167,
       245, 237, 135, 0, 197, 131, 200, 208, 163, 251, 131, 160, 119, 45,
       83, 35, 126, 233, 231, 118, 239, 251, 222, 94, 206, 120, 230, 177,
       220, 221, 32, 127, 123, 23, 157, 131, 180, 172, 255, 110, 13, 191,
       168, 253, 219, 87, 249, 190, 254, 172, 188, 141, 119, 220, 239,
       142, 254, 152, 31, 127, 252, 118, 131, 141, 67, 253, 183, 237,
       111, 26, 188, 251, 83, 255, 191, 213, 124, 223, 91, 49, 160, 207,
       125, 6, 139, 104, 111, 118, 163, 226, 242, 243, 161, 144, 73, 123,
       174, 42, 140, 40, 254, 71, 29, 156, 170, 241, 100, 237, 136, 80,
       136, 83, 88, 239, 180, 41, 106, 109, 6, 191, 246, 130, 153, 255,
       190, 85, 107, 131, 119, 125, 133, 41, 205, 183, 202, 129, 246,
       223, 146, 132, 112, 5, 126, 199, 188, 151, 151, 169, 228, 53, 175,
       190, 255, 130, 245, 228, 230, 110, 79, 199, 103, 234, 21, 183, 77,
       251, 243, 172, 50, 95, 222, 136, 85, 161, 95, 129, 142, 249, 127,
       116, 142, 235, 19, 125, 75, 115, 124, 247, 41, 144, 104, 219, 44,
       126, 13, 177, 188, 101, 79, 204, 254, 50, 192, 204, 136, 67, 169,
       60, 89, 91, 110, 83, 197, 83, 240, 165, 0, 108, 8, 63, 223, 33,
       16, 190, 249, 151, 66, 75, 171, 58, 47, 243, 237, 0, 9, 115, 147,
       102, 187, 66, 186, 149, 87, 173, 253, 180, 167, 255, 251, 160,
       125, 172, 188, 68, 207, 133, 119, 234, 17, 55, 109, 218, 241, 141,
       18, 95, 123, 216, 76, 207, 95, 2, 157, 18, 171, 151, 167, 178,
       231, 12, 65, 74, 7, 236, 232, 40, 196, 220, 59, 130, 49, 23, 184,
       80, 255, 173, 84, 138, 66, 156, 78, 185, 158, 31, 14, 210, 219,
       179, 186, 122, 146, 127, 11, 95, 182, 239, 99, 162, 236, 55, 123,
       156, 28, 182, 152, 45, 255, 138, 255, 18, 195, 190, 197, 9, 5, 45,
       231, 72, 99, 244, 27, 66, 189, 71, 37, 61, 13, 211, 73, 222, 144,
       217, 138, 198, 62, 222, 50, 77, 23, 110, 221, 165, 117, 219, 138,
       218, 192, 191, 134, 196, 155, 184, 55, 203, 187, 22, 31, 209, 215,
       201, 98, 158, 221, 95, 207, 55, 189, 187, 220, 79, 247, 172, 46,
       251, 196, 157, 197, 248, 84, 96, 56, 156, 53, 168, 143, 84, 31,
       174, 251, 178, 109, 247, 153, 66, 27, 135, 119, 125, 1, 30, 105,
       211, 17, 201, 130, 117, 48, 232, 88, 131, 27, 104, 156, 53, 126,
       25, 141, 84, 191, 207, 21, 170, 8, 254, 115, 0, 247, 129, 115,
       232, 0, 58, 41, 91, 61, 227, 251, 80, 26, 82, 8, 68, 43, 14, 206,
       173, 183, 173, 239, 111, 183, 158, 191, 7, 17, 213, 103, 90, 75,
       197, 102, 177, 31, 176, 216, 123, 162, 239, 215, 255, 197, 128,
       125, 149, 106, 109, 79, 197, 101, 188, 11, 79, 188, 86, 160, 186,
       236, 211, 97, 153, 112, 91, 196, 108, 110, 233, 176, 77, 30, 236,
       239, 165, 180, 125, 251, 80, 32, 248, 197, 45, 39, 28, 90, 71,
       185, 116, 228, 142, 14, 243, 97, 138, 99, 120, 196, 108, 106, 105,
       229, 253, 47, 251, 227, 229, 21, 99, 186, 84, 122, 127, 69, 205,
       165, 142, 2, 78, 184, 4, 224, 159, 198, 81, 38, 147, 98, 94, 196,
       125, 238, 201, 146, 109, 140, 240, 239, 239, 148, 45, 255, 120,
       80, 101, 75, 156, 158, 168, 44, 23, 136, 154, 158, 172, 45, 246,
       227, 35, 90, 197, 103, 108, 78, 64, 67, 202, 98, 240, 182, 103,
       56, 144, 123, 131, 3, 42, 236, 216, 126, 155, 249, 143, 230, 250,
       23, 236, 140, 239, 232, 95, 144, 19, 107, 194, 1, 39, 74, 94, 59,
       184, 151, 93, 57, 222, 116, 11, 140, 99, 141, 78, 78, 223, 182,
       106, 234, 237, 0, 238, 130, 104, 42, 54, 244, 107, 198, 26, 254,
       13, 171, 61, 253, 62, 46, 134, 69, 191, 199, 120, 12, 7, 249, 229,
       79, 238, 23, 175, 188, 207, 248, 30, 198, 120, 236, 223, 38, 54,
       69, 115, 239, 209, 97, 191, 248, 47, 58, 237, 188, 95, 191, 209,
       245, 74, 169, 178, 152, 219, 209, 181, 231, 191, 21, 196, 179,
       172, 190, 102, 196, 227, 59, 235, 145, 22, 75, 162, 245, 187, 22,
       30, 107, 146, 4, 175, 207, 23, 76, 239, 151, 134, 114, 173, 199,
       124, 87, 87, 150, 113, 44, 182, 107, 107, 199, 59, 159, 181, 248,
       53, 232, 116, 46, 254, 128, 173, 249, 249, 252, 87, 187, 197, 183,
       146, 128, 40, 132, 174, 213, 67, 199, 237, 46, 218, 75, 39, 103,
       121, 213, 151, 216, 191, 224, 140, 38, 222, 192, 172, 183, 161,
       92, 103, 222, 104, 94, 238, 61, 255, 255, 95, 110, 116, 254, 217,
       239, 190, 120, 23, 223, 55, 142, 245, 30, 254, 243, 118, 127, 245,
       172, 95, 241, 199, 245, 23, 11, 250, 219, 178, 187, 122, 199, 127,
       133, 94, 166, 47, 234, 167, 252, 55, 171, 174, 156, 150, 152, 45,
       255, 170, 255, 22, 195, 183, 215, 169, 69, 93, 103, 237, 103, 168,
       26, 79, 144, 107, 238, 175, 8, 223, 35, 219, 122, 147, 196, 108,
       126, 236, 240, 233, 10, 238, 255, 101, 52, 194, 243, 67, 96, 33,
       26, 191, 69, 100, 47, 229, 54, 108, 190, 126, 76, 242, 57, 149,
       43, 140, 118, 110, 42, 225, 240, 115, 8, 71, 155, 117, 0, 192,
       248, 84, 233, 240, 172, 157, 240, 137, 237, 65, 199, 163, 179,
       164, 24, 183, 147, 64, 59, 137, 178, 76, 24, 58, 79, 218, 49, 219,
       219, 85, 125, 192, 64, 198, 42, 8, 143, 18, 187, 149, 167, 58,
       231, 30, 13, 91, 71, 172, 227, 32, 64, 221, 43, 131, 148, 54, 152,
       73, 255, 237, 247, 138, 64, 152, 78, 177, 139, 234, 218, 110, 158,
       111, 209, 184, 228, 139, 92, 148, 175, 40, 140, 246, 131, 238,
       241, 183, 199, 198, 43, 166, 241, 86, 81, 218, 171, 87, 29, 127,
