%YAML:1.0
---
descriptors: !!opencv-matrix
   rows: 438
   cols: 32
   dt: u
   data: [ 0, 168, 191, 113, 41, 221, 49, 11, 238, 153, 116, 40, 182,
       213, 64, 59, 128, 58, 100, 24, 19, 104, 162, 17, 79, 217, 117, 43,
       192, 0, 71, 171, 159, 174, 110, 187, 222, 177, 250, 210, 47, 125,
       214, 247, 233, 234, 246, 202, 111, 171, 191, 149, 166, 223, 207,
       247, 158, 101, 190, 193, 175, 141, 57, 213, 45, 149, 97, 67, 244,
       250, 227, 17, 101, 65, 123, 118, 147, 18, 188, 236, 121, 154, 2,
       152, 155, 184, 125, 230, 15, 172, 146, 64, 251, 203, 224, 180,
       213, 252, 159, 181, 133, 14, 119, 182, 184, 226, 34, 76, 247, 51,
       65, 18, 161, 102, 104, 88, 97, 221, 145, 42, 233, 135, 85, 16, 40,
       112, 3, 58, 33, 205, 64, 201, 244, 131, 238, 231, 76, 1, 90, 194,
       161, 35, 176, 192, 72, 42, 2, 172, 90, 184, 69, 191, 36, 188, 142,
       64, 20, 136, 240, 8, 243, 233, 18, 26, 127, 153, 148, 233, 235,
       20, 161, 9, 46, 216, 110, 215, 162, 161, 234, 71, 102, 103, 142,
       245, 187, 88, 7, 59, 86, 14, 107, 6, 45, 167, 128, 1, 180, 187,
       98, 159, 127, 173, 126, 68, 203, 97, 154, 148, 145, 78, 68, 60,
       150, 184, 77, 30, 174, 222, 21, 68, 202, 206, 218, 132, 229, 109,
       153, 103, 184, 47, 71, 184, 19, 170, 173, 8, 215, 51, 73, 51, 145,
       116, 104, 106, 57, 112, 217, 62, 237, 158, 5, 52, 208, 251, 194,
       34, 128, 136, 31, 189, 16, 236, 97, 39, 188, 19, 98, 17, 182, 179,
       32, 89, 129, 35, 105, 28, 50, 236, 19, 55, 205, 182, 82, 64, 192,
       0, 129, 10, 218, 188, 247, 250, 59, 217, 57, 226, 191, 55, 182,
       187, 46, 191, 36, 89, 239, 183, 239, 129, 58, 15, 168, 255, 219,
       243, 90, 187, 51, 4, 39, 115, 237, 174, 132, 90, 253, 189, 192,
       155, 223, 123, 160, 92, 162, 232, 95, 191, 201, 10, 106, 29, 191,
       103, 219, 49, 143, 26, 85, 126, 218, 76, 90, 132, 181, 70, 109,
       101, 68, 111, 103, 120, 117, 238, 119, 90, 83, 65, 155, 57, 120,
       172, 6, 110, 233, 182, 45, 14, 247, 203, 97, 4, 113, 251, 118,
       224, 45, 121, 181, 111, 100, 143, 99, 176, 100, 168, 98, 72, 215,
       85, 1, 50, 148, 124, 113, 122, 193, 176, 249, 40, 205, 249, 101,
       48, 192, 59, 82, 186, 190, 66, 234, 148, 205, 50, 236, 64, 145,
       198, 215, 179, 73, 204, 255, 207, 124, 236, 167, 255, 236, 231,
       166, 194, 18, 113, 206, 143, 167, 255, 252, 212, 101, 185, 189,
       111, 9, 206, 97, 56, 238, 177, 103, 0, 242, 243, 64, 114, 128, 36,
       120, 72, 1, 216, 251, 17, 207, 251, 65, 20, 200, 34, 66, 170, 161,
       236, 117, 93, 124, 91, 202, 248, 91, 224, 240, 232, 243, 68, 213,
       165, 95, 248, 70, 106, 235, 102, 111, 191, 46, 218, 37, 180, 95,
       186, 66, 189, 223, 215, 204, 163, 147, 54, 126, 183, 49, 243, 159,
       215, 201, 43, 218, 210, 127, 199, 253, 247, 252, 208, 221, 226,
       254, 111, 255, 196, 175, 246, 184, 83, 16, 153, 191, 126, 154,
       204, 55, 247, 172, 81, 108, 0, 62, 247, 32, 114, 166, 115, 123,
       64, 82, 137, 50, 117, 251, 173, 22, 75, 112, 2, 167, 123, 171,
       238, 98, 27, 245, 155, 234, 254, 127, 229, 124, 223, 107, 104, 54,
       133, 63, 206, 194, 253, 238, 252, 125, 255, 62, 94, 23, 69, 127,
       140, 250, 204, 173, 94, 39, 93, 44, 127, 198, 242, 85, 106, 250,
       114, 211, 56, 181, 173, 221, 246, 222, 171, 173, 182, 101, 174, 6,
       127, 242, 144, 223, 253, 120, 149, 92, 189, 248, 243, 177, 253,
       123, 144, 239, 189, 191, 40, 255, 255, 200, 50, 167, 247, 221, 18,
       138, 248, 232, 253, 255, 223, 55, 227, 194, 195, 7, 43, 36, 1,
       113, 67, 244, 79, 99, 49, 125, 40, 127, 8, 211, 17, 140, 116, 88,
       156, 70, 122, 25, 176, 121, 14, 101, 188, 32, 68, 99, 171, 198,
       160, 88, 232, 191, 248, 11, 225, 17, 71, 171, 21, 164, 57, 190,
       151, 64, 26, 175, 179, 237, 144, 10, 75, 162, 113, 211, 209, 18,
       123, 144, 0, 167, 106, 255, 122, 102, 22, 111, 208, 222, 64, 225,
       194, 245, 239, 43, 204, 23, 191, 174, 228, 245, 231, 204, 103,
       134, 232, 18, 121, 193, 187, 111, 183, 122, 215, 209, 189, 27,
       233, 184, 205, 62, 215, 190, 73, 156, 117, 191, 223, 98, 112, 182,
       59, 93, 64, 247, 9, 176, 119, 251, 229, 42, 249, 24, 2, 175, 91,
       162, 200, 26, 155, 93, 213, 182, 230, 31, 4, 84, 3, 164, 216, 55,
       69, 200, 123, 131, 67, 102, 124, 90, 253, 39, 80, 158, 107, 84,
       25, 61, 206, 111, 63, 98, 92, 63, 253, 146, 250, 207, 204, 188,
       237, 170, 252, 247, 183, 159, 112, 253, 103, 135, 99, 254, 189,
       26, 95, 1, 187, 95, 173, 94, 215, 190, 188, 160, 210, 207, 245,
       144, 222, 27, 255, 148, 191, 104, 252, 111, 157, 189, 251, 247,
       145, 191, 127, 186, 241, 27, 83, 221, 255, 223, 77, 30, 223, 143,
       60, 255, 117, 246, 62, 127, 51, 113, 234, 86, 246, 121, 61, 151,
       111, 55, 127, 149, 174, 245, 220, 181, 174, 111, 251, 245, 128,
       174, 245, 211, 253, 45, 49, 1, 9, 221, 127, 224, 89, 78, 96, 249,
       78, 218, 152, 29, 168, 220, 140, 250, 61, 157, 51, 255, 208, 23,
       121, 131, 124, 219, 47, 122, 148, 2, 190, 147, 139, 213, 227, 186,
       207, 94, 41, 88, 102, 168, 248, 60, 132, 249, 43, 147, 145, 150,
       186, 9, 255, 44, 20, 142, 195, 221, 74, 253, 143, 92, 193, 149,
       231, 189, 78, 67, 156, 103, 169, 171, 64, 247, 113, 72, 70, 16,
       70, 108, 88, 89, 169, 217, 34, 233, 252, 5, 84, 226, 186, 193, 40,
       126, 73, 230, 78, 25, 82, 78, 168, 49, 164, 230, 137, 65, 110, 31,
       255, 88, 244, 232, 235, 108, 195, 255, 44, 187, 231, 207, 29, 167,
       183, 110, 108, 27, 157, 34, 157, 87, 148, 186, 230, 156, 68, 88,
       135, 40, 140, 54, 64, 236, 43, 147, 197, 199, 184, 52, 255, 60,
       44, 138, 130, 61, 28, 249, 222, 75, 16, 21, 188, 121, 95, 104, 59,
       105, 233, 178, 120, 158, 22, 208, 255, 230, 133, 254, 12, 149,
       111, 241, 220, 158, 250, 82, 250, 10, 132, 107, 189, 107, 254,
       245, 92, 123, 220, 89, 190, 187, 252, 188, 173, 42, 190, 215, 246,
       135, 245, 253, 92, 207, 74, 247, 255, 63, 127, 85, 187, 46, 244,
       78, 125, 82, 174, 142, 177, 138, 163, 61, 214, 54, 63, 198, 247,
       197, 167, 66, 73, 103, 159, 239, 148, 58, 223, 203, 115, 220, 229,
       255, 197, 160, 208, 165, 120, 250, 244, 59, 160, 189, 221, 95,
       205, 63, 236, 180, 25, 15, 159, 74, 16, 189, 245, 221, 113, 123,
       47, 248, 183, 251, 213, 13, 255, 66, 28, 198, 123, 82, 48, 158,
       184, 42, 201, 16, 104, 174, 20, 176, 41, 30, 254, 32, 82, 238,
       177, 207, 160, 14, 3, 138, 81, 209, 211, 79, 63, 16, 32, 47, 3,
       123, 107, 104, 8, 125, 157, 202, 88, 195, 228, 156, 15, 162, 136,
       87, 20, 200, 160, 95, 77, 206, 35, 214, 157, 210, 89, 129, 63, 95,
       143, 90, 70, 86, 20, 22, 172, 57, 234, 24, 97, 189, 5, 203, 49,
       206, 246, 40, 212, 246, 181, 253, 33, 60, 131, 147, 206, 145, 246,
       10, 95, 2, 38, 45, 71, 251, 58, 38, 92, 57, 254, 83, 54, 181, 236,
       238, 173, 42, 183, 135, 244, 196, 252, 236, 68, 141, 219, 243,
       174, 211, 255, 16, 155, 42, 181, 14, 95, 237, 235, 105, 99, 228,
       14, 111, 188, 120, 120, 118, 76, 211, 7, 216, 49, 22, 204, 85,
       110, 233, 244, 233, 37, 230, 251, 101, 132, 104, 179, 210, 57,
       165, 189, 33, 73, 93, 159, 198, 184, 87, 232, 232, 76, 210, 24,
       21, 164, 152, 108, 82, 111, 253, 50, 125, 31, 47, 28, 5, 52, 91,
       59, 90, 180, 223, 115, 238, 37, 66, 82, 255, 220, 97, 254, 22,
       175, 89, 14, 223, 59, 62, 197, 245, 239, 236, 215, 173, 200, 118,
       105, 239, 165, 103, 246, 47, 87, 94, 27, 74, 172, 19, 194, 18, 96,
       164, 132, 206, 135, 109, 199, 35, 80, 120, 253, 233, 226, 72, 131,
       144, 108, 243, 229, 139, 11, 41, 39, 46, 18, 9, 162, 146, 89, 234,
       185, 33, 87, 174, 49, 242, 244, 137, 162, 200, 255, 111, 138, 106,
       156, 50, 153, 199, 113, 28, 168, 54, 64, 234, 192, 161, 165, 25,
       157, 19, 14, 209, 214, 47, 119, 53, 77, 232, 5, 104, 230, 38, 212,
       248, 171, 130, 164, 87, 155, 48, 127, 49, 52, 2, 0, 90, 6, 167,
