%YAML:1.0
---
descriptors: !!opencv-matrix
   rows: 253
   cols: 32
   dt: u
   data: [ 236, 38, 188, 116, 168, 47, 87, 218, 251, 190, 180, 25, 223,
       115, 67, 27, 181, 68, 108, 126, 184, 101, 163, 50, 223, 251, 101,
       61, 194, 241, 78, 195, 124, 73, 126, 236, 68, 10, 111, 176, 224,
       136, 246, 2, 243, 115, 145, 115, 122, 244, 108, 234, 200, 178,
       245, 40, 247, 233, 98, 136, 101, 187, 98, 40, 41, 220, 105, 75,
       84, 155, 225, 247, 125, 65, 126, 86, 57, 9, 180, 164, 105, 138, 6,
       156, 179, 188, 117, 247, 110, 31, 182, 64, 255, 136, 248, 188, 17,
       149, 27, 236, 178, 198, 23, 113, 232, 72, 249, 110, 86, 254, 40,
       113, 182, 187, 22, 32, 113, 131, 48, 77, 241, 168, 42, 134, 121,
       34, 163, 35, 190, 254, 242, 239, 83, 215, 218, 220, 23, 110, 244,
       151, 43, 206, 43, 132, 255, 251, 135, 214, 175, 182, 184, 191,
       187, 223, 143, 227, 123, 159, 46, 223, 246, 119, 233, 196, 202, 6,
       79, 217, 18, 238, 189, 239, 81, 231, 205, 19, 127, 205, 21, 238,
       233, 67, 189, 74, 120, 137, 175, 188, 53, 243, 102, 249, 3, 178,
       134, 141, 123, 23, 168, 120, 191, 249, 210, 199, 236, 202, 182,
       196, 254, 173, 255, 181, 133, 211, 159, 221, 158, 114, 203, 134,
       14, 36, 57, 221, 114, 184, 190, 186, 45, 253, 80, 226, 187, 191,
       164, 25, 238, 252, 70, 27, 137, 179, 237, 17, 62, 111, 250, 241,
       155, 211, 85, 123, 208, 76, 207, 71, 194, 181, 148, 184, 235, 249,
       180, 207, 171, 19, 136, 57, 172, 186, 74, 154, 167, 147, 235, 17,
       22, 75, 194, 243, 156, 22, 94, 127, 144, 92, 143, 143, 161, 111,
       253, 69, 100, 31, 231, 48, 81, 170, 124, 104, 211, 57, 149, 39,
       26, 252, 6, 106, 233, 246, 100, 44, 39, 218, 101, 160, 69, 251,
       86, 165, 33, 149, 127, 71, 116, 111, 235, 50, 121, 237, 127, 104,
       243, 53, 148, 52, 30, 126, 86, 42, 177, 184, 113, 111, 103, 190,
       32, 128, 67, 235, 70, 241, 57, 184, 158, 56, 233, 189, 80, 87,
       239, 89, 188, 13, 63, 217, 66, 187, 165, 163, 236, 20, 158, 107,
       18, 49, 219, 219, 112, 121, 234, 196, 203, 139, 9, 143, 110, 249,
       180, 169, 233, 55, 236, 17, 126, 246, 191, 41, 176, 96, 107, 42,
       6, 29, 179, 184, 36, 247, 206, 255, 50, 192, 220, 200, 193, 169,
       238, 253, 244, 115, 237, 127, 222, 183, 123, 247, 62, 25, 15, 189,
       86, 63, 135, 223, 253, 83, 240, 124, 249, 226, 175, 223, 85, 247,
       199, 253, 214, 247, 217, 181, 254, 119, 179, 62, 127, 159, 113,
       223, 239, 20, 255, 119, 138, 127, 119, 215, 253, 142, 182, 217,
       253, 163, 255, 255, 118, 145, 162, 244, 175, 123, 183, 205, 231,
       78, 172, 87, 206, 252, 214, 218, 153, 70, 113, 248, 253, 167, 93,
       194, 54, 255, 237, 99, 110, 186, 56, 10, 239, 188, 125, 251, 240,
       181, 118, 119, 52, 142, 187, 83, 22, 232, 147, 228, 137, 173, 78,
       254, 207, 150, 223, 213, 237, 230, 109, 67, 218, 222, 178, 118,
       13, 191, 54, 119, 166, 87, 62, 119, 50, 110, 251, 87, 22, 252, 27,
       236, 188, 45, 78, 254, 47, 16, 220, 209, 239, 98, 76, 99, 155,
       191, 251, 215, 5, 63, 82, 127, 46, 215, 149, 13, 71, 253, 148,
       162, 110, 227, 212, 130, 218, 194, 81, 227, 177, 97, 121, 236, 46,
       174, 232, 145, 5, 238, 176, 174, 239, 128, 53, 248, 113, 32, 163,
       236, 239, 85, 118, 234, 252, 231, 120, 226, 114, 243, 49, 60, 151,
       41, 239, 102, 87, 5, 164, 252, 100, 46, 110, 46, 245, 128, 229,
       248, 82, 217, 107, 185, 228, 85, 93, 22, 233, 59, 251, 246, 20,
       142, 216, 60, 214, 167, 47, 228, 243, 173, 181, 122, 190, 205, 31,
       91, 223, 172, 199, 164, 83, 252, 3, 159, 109, 67, 116, 51, 239,
       190, 92, 105, 94, 230, 241, 108, 158, 37, 63, 138, 23, 237, 227,
       184, 109, 127, 108, 15, 186, 128, 93, 194, 113, 253, 61, 95, 67,
       76, 118, 179, 238, 112, 84, 202, 249, 238, 121, 200, 181, 165,
       126, 232, 22, 239, 237, 179, 44, 254, 50, 76, 163, 136, 127, 191,
       121, 149, 31, 238, 230, 151, 118, 155, 238, 254, 127, 235, 114,
       246, 201, 104, 158, 237, 127, 237, 246, 175, 181, 252, 79, 255,
       62, 111, 255, 133, 239, 189, 249, 149, 42, 160, 20, 154, 205, 245,
       176, 239, 143, 29, 129, 27, 172, 158, 110, 141, 201, 27, 195, 17,
       22, 43, 90, 209, 31, 16, 30, 127, 210, 12, 157, 206, 177, 160,
       151, 253, 28, 175, 192, 107, 222, 177, 195, 82, 243, 248, 48, 106,
       249, 108, 122, 57, 58, 253, 203, 29, 137, 170, 223, 84, 81, 40,
       209, 130, 73, 148, 185, 249, 189, 189, 81, 27, 79, 121, 61, 24,
       158, 59, 72, 120, 135, 27, 255, 24, 147, 40, 123, 145, 207, 221,
       48, 252, 154, 200, 129, 35, 219, 248, 182, 88, 139, 156, 84, 199,
       255, 19, 164, 28, 46, 154, 102, 255, 161, 177, 200, 17, 254, 111,
       178, 243, 155, 251, 94, 123, 202, 20, 171, 30, 100, 37, 58, 90,
       29, 201, 199, 105, 206, 160, 173, 8, 146, 209, 60, 36, 216, 56,
       74, 106, 66, 35, 218, 95, 113, 28, 1, 63, 81, 26, 246, 166, 29,
       77, 127, 237, 54, 10, 111, 242, 124, 138, 126, 102, 121, 99, 161,
       112, 114, 238, 14, 238, 225, 177, 45, 239, 246, 239, 103, 128, 47,
       243, 97, 56, 148, 92, 107, 243, 54, 166, 107, 16, 116, 202, 83,
       214, 81, 95, 177, 120, 119, 253, 21, 255, 169, 148, 25, 110, 105,
       174, 171, 192, 173, 179, 112, 49, 7, 97, 47, 79, 68, 6, 175, 32,
       116, 32, 79, 194, 208, 3, 157, 100, 114, 12, 59, 239, 193, 144,
       117, 72, 101, 44, 138, 0, 5, 179, 113, 160, 131, 159, 31, 248,
       186, 133, 181, 247, 222, 89, 92, 86, 52, 155, 32, 97, 229, 51, 30,
       0, 243, 9, 50, 119, 251, 154, 62, 202, 24, 0, 161, 187, 193, 143,
       127, 253, 180, 136, 109, 55, 252, 81, 122, 244, 183, 33, 176, 97,
       98, 34, 62, 12, 243, 184, 36, 117, 228, 186, 114, 192, 28, 136,
       209, 41, 190, 55, 182, 240, 237, 63, 220, 207, 187, 190, 186, 63,
       202, 254, 71, 143, 253, 223, 255, 147, 60, 103, 218, 194, 191,
       218, 223, 191, 195, 125, 206, 151, 201, 40, 157, 120, 172, 237,
       73, 71, 251, 31, 180, 56, 159, 179, 192, 59, 131, 35, 108, 24, 59,
       111, 226, 83, 217, 251, 114, 120, 194, 192, 199, 41, 98, 44, 240,
       81, 253, 191, 249, 87, 127, 175, 254, 25, 10, 157, 215, 56, 239,
       190, 247, 24, 146, 126, 225, 210, 31, 221, 21, 99, 231, 204, 70,
       239, 149, 7, 207, 229, 150, 2, 111, 115, 116, 162, 218, 226, 85,
       99, 177, 65, 114, 230, 62, 238, 233, 145, 5, 78, 188, 174, 239,
       128, 45, 242, 33, 40, 237, 103, 28, 103, 48, 15, 127, 184, 60,
       174, 119, 77, 223, 99, 27, 17, 148, 68, 93, 110, 233, 244, 73, 14,
       230, 251, 33, 148, 74, 243, 74, 209, 245, 103, 237, 102, 250, 6,
       207, 248, 18, 234, 189, 234, 81, 103, 217, 51, 127, 220, 21, 238,
       233, 87, 173, 10, 121, 139, 239, 188, 53, 243, 98, 177, 189, 206,
       69, 75, 64, 82, 110, 252, 116, 154, 243, 240, 81, 66, 157, 245,
       124, 252, 198, 234, 233, 214, 109, 63, 52, 168, 231, 132, 123,
       179, 226, 165, 73, 176, 253, 88, 59, 221, 89, 184, 111, 220, 180,
       172, 255, 215, 202, 246, 22, 153, 236, 216, 135, 64, 251, 221,
       203, 219, 99, 238, 42, 166, 15, 113, 177, 245, 49, 161, 244, 111,
       102, 191, 121, 235, 24, 92, 151, 56, 88, 177, 149, 203, 20, 61,
       253, 252, 117, 142, 173, 222, 21, 100, 204, 88, 211, 253, 191, 95,
       106, 190, 126, 147, 206, 240, 212, 74, 220, 231, 115, 200, 183,
       161, 126, 232, 22, 239, 237, 163, 14, 191, 50, 111, 171, 152, 127,
       191, 120, 157, 81, 164, 215, 229, 18, 42, 106, 111, 61, 162, 98,
       210, 85, 35, 144, 113, 55, 237, 124, 172, 48, 220, 141, 78, 188,
       174, 255, 132, 164, 224, 33, 8, 111, 184, 244, 117, 125, 223, 209,
       184, 219, 252, 180, 45, 234, 253, 223, 183, 159, 124, 253, 45,
       175, 97, 250, 157, 79, 95, 69, 187, 214, 172, 94, 247, 181, 101,
       237, 67, 220, 79, 199, 220, 83, 240, 181, 74, 83, 89, 221, 61, 88,
       204, 86, 126, 235, 118, 125, 190, 126, 136, 165, 52, 255, 251, 82,
       160, 117, 199, 236, 166, 188, 7, 95, 248, 83, 234, 159, 75, 83,
