%YAML:1.0
---
descriptors: !!opencv-matrix
   rows: 233
   cols: 32
   dt: u
   data: [ 142, 20, 150, 159, 85, 182, 184, 67, 191, 15, 87, 19, 204,
       222, 62, 204, 249, 61, 187, 145, 48, 212, 18, 206, 135, 118, 218,
       195, 134, 5, 189, 7, 221, 71, 71, 239, 54, 10, 79, 56, 100, 200,
       219, 230, 211, 99, 153, 97, 118, 196, 60, 238, 233, 144, 77, 14,
       224, 235, 226, 148, 44, 179, 96, 49, 236, 166, 252, 113, 168, 110,
       123, 154, 123, 159, 54, 25, 223, 107, 75, 27, 183, 68, 109, 126,
       184, 100, 171, 34, 207, 251, 101, 85, 224, 225, 78, 195, 5, 85,
       125, 101, 116, 14, 111, 56, 125, 232, 127, 68, 211, 123, 157, 112,
       150, 76, 22, 110, 225, 176, 113, 78, 102, 191, 33, 4, 72, 187, 67,
       177, 254, 159, 118, 254, 127, 218, 86, 248, 253, 6, 183, 51, 111,
       127, 46, 81, 247, 247, 205, 98, 108, 239, 9, 191, 251, 251, 69,
       83, 119, 175, 124, 75, 76, 57, 151, 122, 107, 201, 51, 200, 234,
       249, 161, 40, 222, 215, 64, 50, 162, 245, 108, 80, 1, 75, 186,
       112, 221, 182, 69, 58, 200, 35, 7, 59, 156, 254, 114, 235, 55,
       151, 94, 222, 23, 46, 220, 151, 111, 207, 43, 129, 255, 251, 133,
       210, 238, 191, 41, 191, 251, 215, 133, 195, 115, 157, 44, 219, 33,
       157, 24, 77, 112, 159, 70, 190, 108, 104, 106, 76, 243, 48, 132,
       180, 152, 106, 86, 106, 205, 184, 85, 61, 46, 157, 33, 96, 88,
       131, 74, 157, 191, 93, 106, 158, 126, 147, 202, 120, 212, 74, 248,
       230, 115, 200, 183, 160, 126, 232, 22, 239, 237, 167, 14, 191, 48,
       77, 171, 184, 125, 191, 120, 149, 102, 224, 252, 83, 253, 249,
       112, 130, 255, 51, 55, 24, 203, 219, 93, 62, 139, 206, 110, 24,
       18, 116, 251, 242, 15, 222, 85, 115, 199, 217, 206, 38, 9, 143,
       63, 249, 180, 169, 233, 183, 252, 25, 126, 116, 189, 171, 176, 97,
       231, 35, 14, 28, 179, 168, 34, 215, 238, 221, 58, 192, 156, 128,
       161, 169, 166, 100, 160, 147, 229, 101, 186, 200, 94, 247, 81, 19,
       204, 220, 127, 136, 217, 73, 147, 215, 162, 118, 94, 242, 13, 22,
       159, 111, 149, 127, 85, 226, 254, 237, 254, 99, 173, 127, 222,
       246, 123, 254, 62, 27, 79, 189, 87, 63, 167, 215, 253, 19, 252,
       255, 185, 226, 251, 219, 85, 247, 231, 253, 214, 247, 184, 40,
       154, 116, 72, 233, 83, 66, 179, 134, 228, 25, 55, 209, 65, 24,
       136, 252, 224, 64, 40, 255, 194, 42, 211, 135, 17, 57, 96, 33, 78,
       138, 248, 201, 30, 60, 73, 201, 81, 230, 163, 21, 228, 9, 39, 151,
       34, 83, 192, 179, 239, 64, 74, 11, 130, 53, 243, 225, 80, 57, 48,
       16, 46, 10, 149, 71, 87, 231, 146, 42, 46, 248, 60, 162, 107, 226,
       85, 99, 169, 81, 55, 93, 62, 238, 113, 213, 13, 110, 180, 174,
       175, 132, 172, 243, 161, 33, 13, 75, 94, 67, 228, 190, 239, 144,
       116, 24, 127, 66, 211, 65, 153, 108, 122, 78, 38, 90, 211, 176,
       77, 33, 102, 169, 166, 68, 111, 219, 216, 161, 21, 62, 206, 191,
       182, 187, 182, 252, 126, 235, 86, 246, 247, 120, 155, 105, 191,
       111, 126, 7, 181, 252, 77, 191, 174, 111, 63, 128, 237, 251, 153,
       157, 229, 188, 157, 254, 184, 173, 71, 190, 190, 186, 168, 88,
       246, 243, 73, 115, 213, 243, 126, 42, 59, 71, 219, 63, 189, 182,
       111, 60, 216, 121, 131, 32, 78, 174, 166, 191, 188, 39, 79, 190,
       23, 175, 222, 247, 229, 231, 179, 77, 87, 238, 63, 191, 184, 216,
       203, 191, 252, 54, 255, 144, 182, 253, 148, 121, 244, 119, 233,
       100, 218, 70, 207, 216, 18, 238, 189, 239, 81, 231, 207, 19, 63,
       221, 85, 254, 233, 67, 189, 74, 120, 136, 175, 188, 165, 243, 38,
       241, 216, 180, 191, 250, 169, 253, 85, 87, 187, 95, 164, 25, 63,
       255, 66, 27, 165, 179, 253, 16, 58, 79, 178, 179, 219, 219, 84,
       123, 194, 68, 167, 123, 194, 188, 158, 150, 41, 252, 48, 162, 186,
       31, 134, 49, 172, 247, 66, 223, 193, 119, 249, 3, 34, 77, 138,
       231, 145, 50, 95, 251, 0, 69, 47, 95, 3, 159, 109, 95, 116, 157,
       239, 190, 92, 72, 92, 230, 185, 45, 190, 32, 62, 106, 23, 207,
       227, 184, 47, 127, 102, 47, 186, 128, 95, 203, 81, 249, 3, 106,
       214, 145, 110, 139, 232, 87, 254, 210, 82, 198, 189, 202, 243,
       110, 102, 45, 127, 157, 195, 208, 134, 200, 140, 26, 255, 128,
       172, 160, 33, 137, 216, 172, 183, 240, 45, 237, 89, 7, 251, 27,
       180, 24, 191, 179, 64, 63, 131, 35, 108, 24, 59, 109, 226, 19,
       201, 219, 114, 88, 192, 192, 199, 41, 190, 53, 150, 242, 237, 107,
       212, 207, 187, 190, 187, 59, 206, 255, 77, 139, 217, 255, 255, 51,
       56, 231, 218, 194, 187, 210, 223, 63, 199, 127, 198, 147, 246,
       188, 148, 190, 185, 121, 86, 239, 27, 255, 168, 57, 239, 254, 75,
       29, 219, 211, 204, 35, 126, 79, 251, 187, 185, 215, 93, 63, 208,
       125, 142, 71, 117, 197, 237, 166, 188, 7, 79, 248, 82, 234, 159,
       75, 115, 125, 155, 35, 93, 228, 125, 239, 232, 243, 237, 46, 251,
       175, 229, 148, 101, 251, 80, 97, 69, 189, 189, 101, 240, 110, 119,
       191, 112, 226, 110, 8, 215, 119, 1, 50, 23, 214, 124, 40, 89, 216,
       249, 14, 239, 175, 101, 4, 200, 242, 70, 50, 245, 247, 229, 103,
       218, 6, 207, 248, 16, 234, 185, 238, 81, 103, 217, 55, 127, 220,
       85, 238, 233, 211, 237, 46, 121, 138, 239, 180, 37, 243, 102, 241,
       175, 168, 105, 251, 212, 165, 233, 218, 95, 81, 81, 151, 185, 204,
       30, 41, 221, 139, 55, 157, 190, 190, 94, 247, 79, 95, 250, 236,
       149, 13, 242, 242, 228, 112, 250, 82, 205, 249, 244, 140, 251,
       179, 167, 24, 138, 217, 77, 58, 235, 250, 234, 82, 14, 118, 250,
       224, 31, 216, 85, 63, 227, 89, 198, 22, 205, 7, 28, 167, 180, 14,
       110, 56, 125, 232, 119, 69, 215, 33, 146, 112, 150, 196, 108, 126,
       237, 184, 77, 62, 238, 191, 39, 132, 72, 179, 73, 25, 204, 232,
       156, 179, 185, 220, 122, 158, 190, 189, 158, 17, 255, 251, 88, 66,
       165, 71, 253, 83, 66, 77, 219, 179, 205, 215, 127, 245, 128, 67,
       5, 75, 6, 20, 150, 159, 213, 242, 190, 71, 29, 7, 71, 23, 204,
       254, 46, 204, 253, 127, 179, 177, 52, 148, 24, 206, 39, 54, 154,
       67, 150, 93, 189, 214, 14, 217, 166, 147, 193, 214, 188, 205, 63,
       53, 87, 131, 204, 190, 127, 204, 247, 91, 179, 215, 214, 216, 10,
       240, 31, 82, 222, 199, 151, 22, 189, 206, 233, 51, 234, 76, 125,
       95, 209, 120, 203, 236, 252, 45, 202, 205, 150, 180, 220, 44, 236,
       109, 141, 35, 243, 157, 207, 121, 33, 189, 94, 174, 94, 127, 5,
       85, 93, 69, 116, 14, 239, 56, 124, 232, 122, 68, 211, 49, 153,
       112, 28, 76, 118, 108, 225, 176, 81, 78, 100, 190, 33, 4, 72, 186,
       67, 177, 173, 52, 253, 101, 244, 126, 238, 57, 112, 234, 127, 84,
       83, 56, 153, 187, 93, 76, 22, 46, 181, 244, 125, 10, 111, 207,
       101, 4, 239, 235, 218, 177, 75, 33, 228, 197, 79, 86, 184, 105,
       107, 245, 21, 138, 8, 140, 214, 167, 46, 141, 243, 221, 213, 122,
       183, 193, 31, 120, 219, 239, 71, 164, 255, 252, 84, 37, 20, 101,
       144, 10, 70, 41, 116, 32, 235, 8, 215, 35, 8, 80, 16, 196, 104,
       106, 120, 240, 201, 12, 164, 166, 1, 20, 104, 163, 202, 0, 193,
       150, 236, 85, 180, 46, 237, 191, 94, 123, 30, 86, 241, 57, 158,
       103, 31, 70, 63, 45, 243, 252, 125, 87, 108, 31, 255, 196, 205,
       216, 217, 57, 223, 127, 42, 139, 219, 55, 62, 254, 181, 110, 207,
       183, 72, 182, 175, 229, 105, 206, 251, 230, 253, 151, 189, 254,
       54, 103, 142, 139, 171, 87, 186, 223, 169, 159, 121, 111, 118,
       127, 251, 121, 85, 104, 125, 102, 121, 125, 191, 32, 62, 58, 151,
       239, 247, 184, 61, 191, 103, 207, 160, 128, 127, 239, 84, 251,
       116, 34, 157, 101, 40, 14, 70, 48, 57, 170, 163, 72, 215, 49, 65,
       27, 148, 196, 108, 110, 105, 246, 193, 8, 133, 186, 97, 52, 72,
       243, 67, 33, 253, 141, 174, 188, 156, 7, 94, 187, 86, 234, 198,
       91, 115, 123, 16, 113, 93, 238, 61, 175, 189, 223, 217, 31, 251,
       239, 239, 212, 169, 232, 248, 10, 94, 188, 158, 152, 139, 241, 52,
       207, 190, 151, 136, 25, 140, 246, 98, 219, 227, 87, 235, 145, 54,
       79, 154, 226, 153, 119, 94, 127, 144, 84, 175, 78, 221, 81, 85,
