%YAML:1.0
---
descriptors: !!opencv-matrix
   rows: 195
   cols: 32
   dt: u
   data: [ 167, 247, 253, 95, 234, 55, 159, 252, 19, 250, 61, 254, 113,
       124, 223, 39, 23, 95, 55, 110, 241, 116, 239, 190, 46, 10, 101,
       182, 127, 255, 129, 245, 104, 251, 156, 241, 237, 223, 84, 150,
       171, 254, 180, 77, 191, 189, 67, 147, 133, 231, 253, 20, 207, 104,
       210, 48, 239, 219, 117, 61, 202, 252, 78, 219, 146, 30, 14, 190,
       46, 162, 186, 98, 157, 78, 218, 247, 236, 238, 55, 65, 238, 97,
       191, 199, 100, 141, 2, 255, 130, 114, 250, 139, 29, 109, 61, 223,
       15, 75, 237, 103, 162, 26, 111, 176, 113, 234, 87, 230, 249, 111,
       155, 47, 54, 244, 53, 238, 225, 208, 109, 44, 110, 239, 229, 128,
       175, 247, 66, 113, 94, 25, 150, 166, 3, 226, 62, 162, 164, 132,
       202, 167, 109, 231, 35, 210, 38, 247, 233, 195, 0, 145, 152, 104,
       241, 229, 207, 131, 168, 119, 45, 90, 45, 5, 121, 103, 52, 46,
       123, 49, 125, 225, 111, 24, 215, 115, 26, 48, 18, 44, 118, 44,
       177, 176, 121, 14, 207, 255, 33, 84, 64, 235, 66, 96, 218, 94,
       159, 180, 43, 226, 58, 2, 180, 158, 147, 179, 239, 255, 33, 75,
       166, 245, 237, 131, 40, 197, 130, 106, 209, 227, 106, 147, 32,
       113, 37, 83, 77, 175, 208, 198, 240, 58, 110, 191, 123, 170, 124,
       236, 255, 99, 141, 245, 55, 206, 84, 106, 245, 210, 140, 111, 174,
       255, 101, 164, 46, 242, 138, 173, 83, 214, 239, 253, 34, 18, 61,
       55, 60, 79, 86, 244, 245, 63, 146, 107, 54, 119, 61, 173, 229,
       220, 167, 75, 230, 111, 254, 128, 172, 240, 161, 121, 253, 47,
       146, 112, 165, 60, 68, 147, 235, 187, 38, 88, 143, 160, 209, 191,
       129, 78, 108, 30, 61, 97, 202, 2, 155, 249, 117, 60, 202, 117,
       203, 5, 20, 221, 155, 255, 132, 231, 111, 253, 54, 227, 219, 66,
       247, 247, 169, 104, 123, 254, 46, 154, 91, 144, 89, 62, 237, 167,
       183, 68, 168, 251, 160, 176, 120, 184, 159, 240, 172, 205, 81,
       215, 163, 123, 164, 25, 23, 151, 64, 26, 137, 178, 117, 24, 27,
       111, 210, 17, 217, 217, 117, 120, 224, 136, 198, 59, 237, 228,
       172, 65, 141, 63, 199, 154, 91, 250, 189, 24, 211, 57, 95, 47,
       153, 68, 124, 126, 185, 116, 249, 178, 111, 223, 69, 116, 210,
       251, 218, 32, 28, 185, 186, 106, 146, 207, 87, 220, 38, 133, 236,
       8, 119, 247, 43, 16, 176, 249, 87, 122, 26, 169, 56, 61, 251, 205,
       37, 121, 240, 19, 198, 243, 77, 207, 209, 199, 170, 28, 110, 189,
       61, 162, 14, 196, 223, 99, 201, 230, 55, 71, 124, 110, 225, 0,
       157, 234, 174, 255, 71, 12, 46, 243, 169, 49, 2, 149, 18, 170,
       149, 167, 178, 103, 14, 65, 91, 7, 228, 248, 58, 68, 253, 43, 130,
       181, 23, 184, 25, 255, 172, 52, 138, 66, 156, 78, 185, 158, 120,
       168, 84, 248, 141, 217, 84, 239, 175, 51, 160, 24, 143, 187, 68,
       155, 233, 183, 238, 144, 90, 111, 218, 209, 159, 210, 87, 127,
       113, 8, 206, 2, 82, 57, 27, 184, 11, 193, 16, 72, 171, 4, 160,
       169, 46, 223, 96, 82, 238, 177, 207, 208, 10, 11, 146, 209, 211,
       209, 10, 59, 16, 2, 39, 122, 116, 81, 29, 100, 40, 78, 71, 184,
       160, 168, 174, 72, 87, 55, 73, 115, 0, 212, 124, 106, 73, 3, 249,
       8, 241, 169, 101, 28, 32, 179, 70, 49, 190, 239, 96, 19, 223, 123,
       198, 236, 23, 230, 189, 191, 107, 108, 223, 133, 57, 202, 195,
       231, 124, 54, 125, 191, 62, 87, 133, 247, 247, 223, 222, 214, 190,
       220, 228, 159, 207, 82, 206, 173, 23, 214, 212, 179, 105, 108,
       191, 237, 89, 254, 179, 231, 124, 86, 127, 191, 62, 115, 223, 143,
       183, 253, 252, 214, 194, 186, 149, 147, 169, 236, 176, 135, 175,
       251, 163, 253, 172, 190, 68, 206, 135, 119, 234, 21, 23, 77, 219,
       241, 13, 50, 95, 126, 136, 68, 133, 95, 0, 204, 6, 158, 211, 163,
       164, 231, 222, 19, 74, 18, 164, 226, 32, 73, 249, 42, 34, 1, 114,
       223, 2, 127, 57, 38, 222, 73, 16, 72, 161, 142, 65, 189, 191, 117,
       36, 238, 101, 55, 232, 225, 74, 0, 182, 57, 16, 114, 128, 38, 121,
       9, 145, 248, 241, 12, 205, 190, 84, 0, 72, 64, 215, 106, 78, 37,
       122, 103, 115, 90, 127, 16, 41, 228, 111, 137, 223, 87, 10, 84,
       54, 221, 253, 110, 64, 144, 249, 202, 231, 253, 1, 3, 38, 246, 6,
       115, 255, 62, 245, 114, 171, 124, 89, 210, 171, 255, 181, 189, 91,
       253, 215, 63, 167, 245, 253, 23, 173, 103, 186, 224, 91, 219, 117,
       191, 231, 245, 70, 119, 76, 83, 157, 229, 48, 14, 127, 184, 56,
       168, 127, 100, 223, 55, 137, 114, 150, 213, 125, 106, 137, 208,
       217, 8, 239, 255, 103, 132, 8, 243, 2, 51, 73, 150, 190, 244, 161,
       188, 120, 55, 189, 91, 62, 93, 191, 191, 2, 243, 167, 55, 253, 4,
       191, 201, 179, 7, 207, 255, 114, 194, 138, 64, 139, 91, 224, 174,
       183, 249, 172, 173, 233, 23, 238, 27, 178, 88, 150, 167, 80, 123,
       133, 54, 111, 24, 178, 109, 211, 83, 205, 186, 118, 120, 192, 200,
       195, 32, 69, 224, 153, 118, 153, 76, 67, 140, 170, 177, 163, 24,
       247, 243, 72, 114, 145, 86, 120, 90, 90, 65, 219, 35, 249, 175,
       85, 124, 128, 99, 195, 34, 68, 117, 57, 99, 112, 78, 123, 56, 56,
       232, 127, 104, 223, 87, 137, 112, 148, 93, 93, 106, 193, 208, 249,
       108, 231, 185, 33, 132, 64, 179, 7, 115, 214, 38, 174, 52, 170,
       34, 29, 11, 174, 159, 131, 181, 205, 239, 75, 75, 167, 87, 237,
       181, 48, 193, 139, 64, 216, 227, 255, 215, 128, 112, 167, 67, 41,
       189, 52, 24, 205, 253, 208, 10, 207, 251, 172, 12, 170, 184, 86,
       174, 137, 98, 250, 25, 159, 107, 210, 241, 15, 88, 81, 127, 218,
       77, 90, 142, 120, 40, 254, 112, 8, 249, 81, 82, 226, 23, 164, 24,
       51, 179, 66, 59, 33, 180, 76, 8, 42, 111, 162, 16, 211, 171, 113,
       57, 224, 192, 70, 42, 147, 76, 231, 151, 134, 114, 173, 231, 124,
       87, 83, 214, 249, 46, 182, 111, 107, 71, 59, 143, 181, 220, 53,
       226, 132, 46, 254, 128, 173, 213, 177, 220, 242, 176, 168, 186, 9,
       225, 81, 206, 147, 127, 129, 27, 38, 159, 106, 27, 201, 155, 253,
       145, 46, 79, 218, 179, 219, 209, 216, 127, 144, 8, 54, 90, 236,
       249, 156, 97, 237, 31, 86, 186, 107, 184, 182, 13, 159, 25, 67,
       18, 133, 196, 236, 124, 72, 124, 209, 54, 239, 219, 37, 53, 74,
       185, 74, 3, 173, 175, 244, 87, 243, 27, 238, 253, 123, 166, 125,
       252, 235, 104, 159, 181, 63, 238, 198, 110, 244, 248, 173, 239,
       46, 223, 71, 37, 231, 246, 202, 205, 112, 168, 150, 176, 141, 137,
       116, 103, 175, 179, 170, 27, 174, 187, 68, 218, 233, 179, 234,
       128, 90, 107, 210, 241, 153, 214, 87, 123, 97, 0, 203, 10, 228,
       228, 172, 99, 172, 47, 199, 154, 83, 186, 189, 24, 211, 121, 93,
       59, 217, 198, 108, 122, 58, 102, 217, 50, 239, 223, 229, 125, 208,
       249, 214, 2, 84, 249, 59, 110, 82, 207, 83, 248, 32, 36, 233, 8,
       119, 215, 8, 16, 176, 185, 65, 98, 89, 179, 24, 61, 249, 140, 1,
       124, 112, 35, 6, 50, 109, 37, 189, 117, 173, 63, 69, 191, 107,
       251, 46, 8, 215, 121, 89, 59, 145, 70, 120, 60, 153, 248, 251, 8,
       207, 223, 85, 52, 194, 122, 210, 96, 201, 16, 191, 117, 137, 124,
       113, 27, 238, 251, 34, 80, 222, 183, 65, 250, 133, 117, 124, 24,
       147, 229, 243, 64, 207, 251, 87, 70, 200, 96, 3, 51, 240, 168,
       157, 112, 168, 237, 81, 143, 242, 51, 164, 24, 183, 243, 64, 59,
       129, 150, 108, 24, 58, 79, 250, 49, 219, 219, 85, 120, 192, 64,
       198, 42, 232, 168, 126, 116, 77, 253, 113, 83, 241, 17, 101, 24,
       59, 145, 80, 59, 200, 186, 98, 8, 16, 126, 242, 1, 87, 217, 80,
       105, 99, 136, 70, 170, 116, 96, 25, 108, 24, 79, 83, 200, 38, 160,
       169, 8, 215, 87, 9, 112, 144, 220, 72, 106, 9, 98, 219, 26, 241,
       141, 1, 60, 64, 51, 66, 34, 81, 250, 155, 189, 50, 196, 61, 23,
       54, 79, 70, 245, 181, 134, 130, 81, 231, 59, 172, 132, 239, 216,
       178, 115, 224, 165, 186, 136, 8, 16, 175, 121, 252, 49, 44, 224,
       173, 73, 83, 88, 131, 252, 165, 57, 19, 221, 74, 27, 200, 212,
       253, 115, 122, 103, 250, 16, 219, 193, 165, 127, 112, 43, 214,
       114, 207, 86, 235, 101, 52, 30, 239, 184, 57, 234, 55, 228, 217,
