%YAML:1.0
---
descriptors: !!opencv-matrix
   rows: 206
   cols: 32
   dt: u
   data: [ 59, 107, 104, 69, 83, 158, 122, 80, 115, 100, 126, 142, 11,
       13, 151, 180, 126, 172, 150, 220, 204, 178, 245, 222, 55, 125,
       128, 65, 103, 135, 110, 244, 138, 173, 54, 152, 251, 209, 180,
       231, 190, 23, 220, 179, 172, 190, 102, 196, 227, 59, 235, 145,
       118, 77, 34, 247, 61, 20, 30, 107, 146, 4, 173, 207, 151, 140,
       216, 243, 174, 41, 190, 234, 190, 34, 186, 210, 247, 122, 77, 91,
       255, 211, 127, 67, 122, 1, 219, 51, 188, 207, 239, 60, 148, 249,
       1, 128, 13, 21, 115, 78, 244, 62, 239, 191, 117, 200, 123, 224,
       211, 116, 189, 117, 94, 250, 22, 106, 241, 176, 44, 78, 44, 172,
       39, 140, 127, 250, 224, 181, 86, 19, 142, 164, 170, 34, 61, 1,
       168, 140, 155, 167, 77, 175, 107, 74, 246, 229, 237, 181, 20, 129,
       131, 192, 216, 167, 239, 131, 172, 102, 37, 83, 116, 68, 63, 231,
       52, 77, 71, 168, 108, 0, 235, 8, 215, 119, 9, 114, 208, 212, 108,
       106, 73, 112, 249, 42, 229, 255, 36, 20, 96, 123, 70, 98, 161, 46,
       255, 69, 100, 31, 229, 115, 93, 250, 124, 88, 211, 60, 149, 47,
       156, 78, 86, 42, 225, 244, 97, 138, 7, 222, 117, 160, 65, 248,
       214, 229, 94, 190, 158, 178, 171, 112, 24, 234, 171, 151, 133,
       185, 15, 223, 74, 218, 231, 215, 253, 146, 62, 79, 138, 128, 219,
       211, 159, 255, 162, 5, 175, 83, 194, 188, 149, 145, 169, 252, 188,
       135, 191, 255, 162, 245, 140, 174, 68, 207, 135, 119, 233, 21, 55,
       77, 211, 243, 175, 54, 94, 254, 136, 84, 129, 95, 201, 2, 157,
       244, 36, 14, 85, 48, 121, 138, 102, 64, 223, 51, 1, 91, 180, 69,
       108, 42, 112, 208, 129, 72, 199, 251, 118, 0, 2, 240, 99, 43, 27,
       48, 126, 73, 75, 86, 121, 83, 45, 125, 246, 165, 25, 135, 130,
       122, 102, 157, 255, 148, 134, 153, 247, 192, 215, 225, 186, 193,
       107, 132, 39, 223, 169, 134, 0, 175, 125, 187, 199, 255, 94, 55,
       125, 156, 255, 97, 186, 196, 89, 10, 194, 40, 115, 60, 127, 159,
       236, 215, 49, 53, 94, 204, 216, 232, 43, 135, 68, 143, 240, 54,
       238, 191, 54, 75, 221, 215, 249, 98, 154, 197, 93, 202, 55, 175,
       255, 210, 79, 255, 44, 47, 254, 132, 31, 198, 248, 212, 253, 64,
       237, 103, 140, 71, 205, 169, 214, 246, 131, 27, 211, 108, 85, 107,
       73, 196, 125, 239, 232, 103, 255, 42, 241, 203, 253, 20, 101, 121,
       212, 96, 28, 160, 24, 241, 133, 239, 96, 206, 86, 49, 103, 26,
       211, 17, 72, 8, 57, 10, 34, 24, 27, 112, 89, 17, 207, 203, 21,
       101, 186, 9, 216, 130, 181, 205, 189, 250, 188, 55, 198, 239, 214,
       250, 185, 90, 83, 120, 253, 161, 217, 66, 94, 110, 251, 99, 90,
       191, 187, 223, 199, 60, 217, 123, 209, 164, 237, 189, 152, 99,
       173, 31, 86, 188, 119, 186, 189, 93, 223, 121, 74, 146, 153, 194,
       236, 126, 254, 98, 219, 179, 239, 223, 37, 61, 218, 251, 202, 3,
       248, 168, 215, 112, 136, 232, 81, 215, 178, 23, 164, 24, 63, 183,
       64, 123, 35, 178, 108, 24, 26, 75, 162, 49, 217, 193, 116, 120,
       226, 192, 166, 106, 255, 114, 254, 118, 41, 124, 89, 88, 243, 254,
       181, 253, 27, 157, 215, 63, 167, 245, 253, 31, 173, 71, 170, 192,
       211, 219, 117, 191, 231, 245, 86, 119, 85, 199, 93, 103, 180, 14,
       71, 188, 100, 232, 187, 76, 211, 97, 153, 115, 20, 196, 108, 110,
       233, 176, 73, 44, 224, 171, 101, 148, 104, 179, 66, 33, 191, 223,
       43, 110, 181, 255, 215, 254, 213, 78, 188, 63, 90, 252, 167, 180,
       189, 250, 221, 230, 253, 43, 56, 191, 243, 253, 165, 187, 219,
       255, 222, 255, 1, 190, 191, 85, 36, 47, 229, 55, 236, 190, 126,
       72, 242, 56, 148, 35, 141, 118, 126, 10, 193, 248, 115, 8, 111,
       154, 117, 16, 64, 248, 87, 233, 247, 174, 235, 214, 196, 118, 239,
       247, 121, 190, 191, 26, 73, 46, 223, 191, 123, 199, 247, 187, 245,
       119, 172, 226, 63, 127, 255, 165, 199, 241, 255, 228, 124, 176,
       158, 178, 139, 116, 24, 218, 163, 151, 132, 157, 31, 215, 75, 218,
       231, 215, 253, 144, 62, 71, 218, 160, 219, 211, 223, 125, 170, 37,
       174, 83, 185, 94, 105, 173, 182, 59, 207, 255, 87, 234, 254, 254,
       83, 40, 148, 224, 127, 238, 54, 173, 173, 254, 109, 190, 62, 239,
       165, 212, 239, 168, 240, 245, 33, 255, 123, 75, 116, 143, 239,
       246, 109, 9, 124, 68, 48, 145, 180, 52, 94, 58, 6, 92, 211, 184,
       48, 125, 103, 188, 54, 192, 91, 146, 226, 185, 3, 158, 18, 187,
       213, 167, 178, 231, 30, 9, 88, 71, 172, 234, 32, 192, 221, 43,
       131, 21, 22, 152, 25, 255, 173, 55, 154, 66, 152, 78, 185, 139,
       71, 233, 97, 207, 190, 21, 175, 189, 207, 224, 152, 198, 249, 204,
       255, 230, 54, 231, 127, 239, 215, 1, 191, 253, 60, 28, 143, 252,
       31, 183, 209, 116, 138, 134, 230, 158, 250, 240, 190, 111, 182,
       87, 95, 179, 109, 238, 170, 229, 127, 251, 163, 129, 54, 223, 175,
       247, 126, 103, 126, 139, 183, 196, 173, 221, 41, 158, 180, 253,
       253, 251, 113, 183, 87, 127, 124, 156, 175, 229, 186, 228, 91, 42,
       142, 12, 183, 184, 125, 151, 239, 223, 81, 245, 214, 204, 220,
       221, 175, 166, 196, 155, 250, 51, 174, 251, 22, 31, 221, 247, 201,
       110, 158, 205, 95, 203, 175, 189, 190, 94, 111, 247, 44, 39, 187,
       205, 183, 197, 184, 213, 235, 184, 180, 88, 105, 221, 208, 91,
       235, 91, 164, 28, 62, 222, 78, 191, 133, 149, 252, 16, 151, 107,
       242, 209, 27, 249, 82, 122, 202, 4, 107, 95, 125, 245, 156, 166,
       153, 95, 86, 168, 107, 248, 169, 12, 207, 114, 75, 50, 159, 213,
       252, 242, 79, 67, 251, 158, 187, 209, 13, 127, 168, 51, 10, 23,
       204, 238, 172, 183, 173, 173, 127, 188, 190, 191, 15, 17, 246,
       239, 90, 11, 145, 70, 121, 95, 50, 216, 219, 163, 239, 211, 221,
       117, 128, 127, 149, 66, 253, 188, 174, 182, 156, 39, 95, 185, 86,
       234, 215, 94, 83, 121, 18, 97, 93, 230, 125, 171, 189, 215, 217,
       62, 251, 239, 237, 148, 169, 105, 248, 2, 181, 132, 157, 254, 188,
       79, 198, 232, 214, 250, 185, 26, 211, 120, 57, 35, 217, 199, 124,
       43, 125, 103, 73, 63, 249, 207, 109, 53, 216, 122, 216, 2, 69, 45,
       57, 97, 81, 78, 107, 2, 40, 192, 106, 8, 147, 55, 1, 48, 128, 116,
       80, 108, 1, 216, 177, 12, 229, 188, 0, 0, 192, 33, 71, 112, 73,
       147, 153, 229, 48, 14, 127, 186, 41, 168, 126, 100, 255, 51, 136,
       82, 150, 87, 125, 110, 201, 208, 193, 12, 239, 249, 39, 132, 8,
       160, 3, 41, 93, 6, 92, 103, 48, 74, 71, 56, 53, 38, 231, 8, 215,
       99, 138, 87, 80, 196, 108, 106, 104, 208, 105, 12, 230, 250, 64,
       21, 98, 163, 68, 64, 37, 97, 109, 103, 68, 95, 226, 48, 117, 104,
       243, 76, 211, 24, 29, 112, 216, 204, 126, 110, 205, 178, 117, 12,
       231, 249, 161, 0, 73, 171, 80, 160, 124, 65, 237, 231, 140, 75,
       71, 185, 83, 234, 151, 40, 211, 117, 217, 126, 89, 212, 125, 235,
       73, 118, 239, 162, 255, 239, 245, 181, 231, 251, 212, 32, 216,
       148, 61, 247, 174, 78, 149, 191, 148, 50, 135, 114, 247, 55, 8,
       107, 103, 87, 121, 35, 121, 237, 89, 13, 241, 163, 95, 20, 13,
       120, 165, 59, 217, 188, 156, 245, 168, 172, 93, 23, 186, 155, 166,
       29, 191, 179, 66, 91, 135, 182, 108, 8, 58, 79, 211, 3, 251, 251,
       116, 25, 200, 224, 202, 11, 89, 205, 79, 229, 150, 10, 111, 63,
       116, 160, 234, 66, 83, 35, 128, 113, 114, 198, 44, 236, 105, 152,
       69, 30, 252, 174, 231, 4, 57, 242, 224, 40, 143, 172, 252, 179,
       190, 121, 190, 175, 154, 242, 28, 187, 223, 108, 219, 43, 159, 91,
       221, 55, 246, 96, 238, 191, 238, 219, 111, 253, 148, 248, 155,
       193, 10, 174, 52, 155, 251, 241, 184, 231, 191, 29, 220, 177, 172,
       238, 102, 196, 199, 59, 235, 145, 54, 75, 226, 247, 15, 87, 30,
       235, 146, 4, 173, 207, 248, 168, 215, 112, 137, 248, 81, 151, 179,
       23, 164, 24, 47, 151, 64, 223, 35, 178, 237, 24, 58, 79, 162, 49,
       219, 211, 84, 123, 226, 192, 230, 106, 100, 111, 154, 190, 232,
       140, 23, 136, 186, 142, 173, 44, 246, 243, 107, 90, 213, 119, 108,
