%YAML:1.0
---
descriptors: !!opencv-matrix
   rows: 207
   cols: 32
   dt: u
   data: [ 33, 39, 253, 69, 100, 31, 229, 114, 89, 186, 126, 72, 211, 57,
       149, 47, 152, 92, 86, 42, 241, 244, 229, 136, 39, 218, 117, 160,
       66, 250, 214, 229, 188, 48, 247, 81, 199, 83, 177, 73, 87, 255,
       243, 178, 10, 220, 237, 175, 253, 220, 166, 144, 223, 247, 183,
       192, 31, 200, 151, 7, 227, 44, 100, 247, 252, 112, 148, 160, 109,
       127, 211, 200, 31, 186, 180, 8, 222, 216, 77, 31, 217, 213, 206,
       114, 40, 103, 251, 240, 219, 218, 69, 127, 209, 123, 86, 162, 33,
       239, 88, 9, 86, 143, 194, 254, 118, 45, 120, 77, 115, 104, 150,
       16, 27, 138, 70, 61, 174, 186, 77, 63, 108, 12, 37, 100, 101, 138,
       218, 201, 140, 119, 60, 103, 32, 15, 119, 184, 124, 174, 119, 76,
       223, 99, 11, 49, 148, 84, 100, 110, 224, 180, 105, 14, 231, 219,
       97, 132, 66, 179, 75, 163, 72, 188, 186, 89, 173, 252, 49, 119,
       254, 71, 78, 16, 190, 181, 82, 120, 193, 58, 250, 24, 146, 56,
       242, 83, 207, 47, 54, 105, 130, 64, 135, 234, 221, 149, 254, 87,
       178, 114, 127, 159, 48, 95, 255, 180, 91, 119, 138, 123, 119, 214,
       252, 238, 185, 213, 189, 171, 255, 239, 247, 133, 170, 241, 172,
       115, 121, 187, 154, 122, 105, 157, 80, 213, 251, 89, 180, 13, 63,
       218, 66, 185, 164, 161, 204, 84, 159, 107, 146, 177, 219, 217,
       112, 123, 74, 140, 74, 31, 47, 52, 1, 56, 217, 253, 56, 202, 43,
       105, 105, 141, 14, 134, 75, 156, 149, 139, 194, 20, 23, 26, 122,
       83, 156, 84, 17, 110, 154, 71, 11, 213, 208, 148, 151, 245, 168,
       110, 69, 55, 244, 155, 162, 80, 215, 51, 0, 123, 161, 86, 124, 40,
       57, 237, 17, 12, 193, 170, 118, 16, 224, 112, 129, 35, 75, 176,
       229, 85, 111, 86, 185, 121, 123, 253, 20, 142, 104, 60, 214, 175,
       63, 197, 247, 173, 149, 122, 183, 201, 30, 123, 223, 174, 71, 164,
       219, 253, 15, 141, 172, 179, 149, 47, 95, 183, 30, 191, 6, 21,
       213, 47, 91, 75, 197, 71, 179, 31, 248, 216, 121, 162, 239, 215,
       223, 116, 144, 125, 153, 74, 204, 248, 158, 119, 203, 252, 180,
       167, 186, 147, 38, 17, 253, 251, 76, 11, 163, 119, 235, 17, 54,
       237, 155, 224, 79, 243, 95, 67, 201, 113, 169, 138, 217, 168, 151,
       248, 40, 237, 73, 7, 255, 91, 180, 24, 191, 179, 128, 59, 163, 35,
       76, 24, 59, 111, 178, 81, 153, 251, 114, 120, 194, 128, 195, 169,
       200, 176, 190, 250, 107, 233, 49, 71, 190, 23, 167, 49, 188, 223,
       106, 75, 163, 51, 235, 16, 34, 77, 146, 115, 79, 163, 114, 75,
       146, 64, 173, 122, 206, 253, 241, 119, 237, 125, 119, 188, 251,
       255, 61, 61, 202, 253, 223, 55, 151, 94, 253, 102, 230, 116, 248,
       179, 111, 223, 69, 55, 230, 255, 214, 247, 104, 172, 185, 117,
       173, 111, 85, 63, 87, 167, 46, 8, 251, 57, 64, 106, 153, 118, 233,
       24, 26, 252, 251, 3, 79, 239, 117, 17, 227, 234, 212, 42, 165, 84,
       127, 111, 100, 78, 111, 120, 116, 202, 119, 192, 115, 85, 153,
       113, 126, 252, 23, 110, 225, 180, 125, 78, 71, 171, 97, 128, 109,
       243, 98, 241, 130, 140, 152, 153, 245, 233, 184, 143, 30, 21, 68,
       17, 172, 139, 38, 72, 217, 11, 131, 21, 54, 188, 83, 247, 79, 22,
       154, 99, 144, 76, 157, 202, 247, 129, 236, 213, 214, 154, 126,
       169, 255, 213, 183, 131, 235, 235, 222, 71, 122, 230, 191, 252,
       214, 120, 239, 221, 126, 123, 199, 69, 39, 174, 252, 68, 49, 47,
       104, 9, 84, 191, 232, 87, 84, 233, 250, 199, 51, 40, 150, 32, 124,
       170, 22, 157, 141, 186, 69, 14, 54, 13, 162, 128, 237, 204, 250,
       156, 245, 119, 233, 102, 250, 70, 207, 252, 18, 238, 189, 238, 81,
       103, 205, 55, 127, 221, 21, 238, 233, 83, 189, 74, 120, 136, 175,
       188, 37, 243, 102, 241, 53, 207, 109, 166, 158, 7, 223, 248, 68,
       234, 153, 139, 115, 125, 147, 35, 125, 228, 93, 239, 236, 227,
       109, 14, 251, 143, 229, 180, 101, 251, 112, 65, 74, 160, 144, 152,
       233, 241, 177, 207, 190, 29, 184, 57, 172, 246, 106, 220, 203, 27,
       239, 145, 18, 75, 226, 209, 141, 23, 26, 255, 144, 68, 167, 235,
       71, 255, 254, 222, 236, 7, 223, 156, 27, 186, 251, 238, 93, 127,
       157, 33, 151, 223, 55, 239, 209, 241, 139, 252, 242, 58, 239, 144,
       141, 243, 193, 49, 117, 173, 233, 72, 148, 246, 207, 255, 66, 225,
       156, 2, 113, 109, 212, 36, 120, 238, 17, 252, 155, 10, 253, 127,
       123, 13, 167, 252, 183, 242, 242, 104, 92, 116, 27, 235, 123, 79,
       119, 120, 53, 40, 239, 40, 223, 55, 8, 244, 114, 220, 238, 234,
       57, 147, 249, 78, 247, 245, 3, 30, 34, 179, 167, 51, 187, 94, 106,
       158, 110, 147, 206, 240, 212, 70, 212, 239, 99, 200, 183, 1, 126,
       232, 23, 239, 236, 167, 14, 191, 114, 77, 171, 184, 125, 191, 120,
       205, 7, 140, 237, 191, 158, 166, 79, 191, 150, 210, 66, 211, 241,
       255, 25, 99, 95, 127, 57, 175, 169, 204, 223, 255, 239, 239, 255,
       132, 188, 240, 49, 112, 69, 112, 49, 229, 0, 79, 119, 24, 40, 40,
       105, 72, 214, 23, 8, 112, 148, 25, 89, 106, 65, 144, 248, 24, 229,
       156, 35, 52, 0, 51, 3, 35, 255, 92, 116, 190, 143, 38, 95, 234,
       153, 230, 170, 31, 127, 126, 39, 87, 255, 247, 253, 231, 108, 7,
       89, 255, 243, 251, 199, 30, 63, 125, 104, 82, 245, 101, 236, 199,
       250, 2, 79, 248, 16, 162, 189, 234, 81, 103, 217, 55, 127, 220,
       85, 238, 233, 211, 237, 14, 120, 142, 239, 188, 47, 243, 114, 176,
       37, 101, 77, 71, 76, 15, 78, 184, 65, 160, 191, 8, 211, 97, 93,
       50, 24, 196, 82, 110, 73, 114, 217, 8, 103, 153, 69, 52, 73, 251,
       82, 160, 78, 180, 173, 115, 137, 109, 25, 155, 171, 247, 175, 24,
       222, 119, 72, 58, 149, 23, 249, 16, 27, 65, 251, 0, 203, 215, 93,
       126, 192, 67, 134, 114, 204, 188, 172, 183, 141, 141, 117, 190,
       158, 191, 7, 17, 246, 255, 90, 75, 145, 70, 121, 95, 50, 92, 251,
       161, 239, 219, 221, 69, 128, 125, 149, 106, 167, 112, 200, 18, 97,
       189, 248, 216, 63, 235, 117, 221, 28, 150, 79, 156, 159, 9, 87,
       156, 135, 22, 90, 82, 30, 30, 21, 174, 203, 5, 11, 215, 20, 172,
       175, 255, 157, 203, 231, 174, 222, 179, 66, 2, 247, 249, 56, 105,
       57, 126, 51, 57, 50, 248, 27, 191, 237, 239, 223, 69, 181, 104,
       85, 162, 208, 149, 55, 229, 174, 78, 133, 191, 220, 58, 146, 114,
       119, 53, 136, 99, 231, 87, 109, 99, 121, 237, 121, 143, 241, 234,
       127, 150, 64, 120, 165, 59, 193, 207, 63, 252, 36, 132, 125, 119,
       252, 91, 82, 116, 181, 171, 176, 97, 230, 35, 62, 12, 227, 41, 34,
       127, 224, 170, 118, 136, 24, 144, 161, 41, 135, 239, 235, 211,
       198, 121, 238, 198, 122, 127, 125, 186, 9, 174, 223, 170, 43, 223,
       247, 219, 213, 126, 172, 226, 63, 77, 254, 237, 229, 215, 255,
       204, 92, 176, 254, 240, 138, 68, 25, 216, 162, 149, 165, 153, 31,
       215, 75, 91, 231, 213, 237, 240, 26, 67, 154, 0, 219, 193, 39,
       125, 162, 227, 174, 83, 218, 219, 121, 236, 42, 65, 29, 255, 143,
       31, 148, 243, 45, 143, 170, 83, 102, 17, 207, 224, 98, 13, 38,
       241, 242, 225, 106, 191, 54, 180, 167, 243, 74, 170, 188, 153,
       249, 253, 177, 143, 190, 29, 68, 17, 172, 166, 98, 73, 197, 27,
       235, 16, 22, 73, 226, 245, 143, 87, 26, 235, 144, 4, 133, 239,
       167, 239, 230, 143, 221, 63, 182, 236, 94, 230, 219, 159, 200,
       232, 31, 0, 249, 207, 251, 231, 228, 247, 207, 254, 60, 62, 143,
       167, 93, 127, 249, 198, 100, 204, 121, 103, 244, 26, 238, 188,
       121, 162, 251, 232, 219, 105, 157, 48, 219, 213, 110, 99, 233,
       166, 237, 238, 254, 255, 39, 20, 69, 187, 195, 33, 245, 97, 205,
       239, 140, 11, 111, 216, 86, 176, 211, 74, 211, 73, 217, 107, 89,
       204, 126, 251, 203, 114, 207, 184, 252, 201, 231, 52, 61, 251,
       112, 128, 104, 172, 184, 85, 141, 237, 225, 135, 82, 163, 110, 24,
       178, 177, 68, 44, 17, 126, 32, 24, 18, 120, 243, 51, 79, 191, 21,
       121, 194, 200, 196, 42, 53, 230, 202, 79, 182, 26, 110, 252, 116,
       194, 127, 226, 83, 96, 157, 240, 127, 238, 14, 234, 157, 176, 77,
