%YAML:1.0
---
descriptors: !!opencv-matrix
   rows: 426
   cols: 32
   dt: u
   data: [ 4, 36, 83, 65, 48, 175, 98, 48, 60, 1, 107, 92, 211, 227, 128,
       16, 51, 44, 68, 40, 57, 180, 17, 14, 4, 190, 32, 68, 72, 163, 67,
       32, 109, 0, 185, 99, 69, 110, 67, 8, 113, 107, 231, 24, 211, 81,
       25, 56, 216, 140, 112, 58, 11, 182, 249, 2, 199, 237, 0, 68, 224,
       203, 86, 34, 92, 137, 149, 231, 189, 78, 71, 156, 230, 169, 171,
       64, 247, 113, 73, 66, 16, 102, 108, 88, 25, 233, 219, 34, 233,
       254, 37, 16, 226, 123, 193, 32, 33, 83, 89, 77, 114, 30, 234, 49,
       105, 232, 123, 237, 83, 12, 159, 240, 30, 12, 4, 110, 133, 176,
       101, 12, 38, 168, 32, 128, 109, 175, 74, 213, 47, 251, 230, 151,
       245, 22, 238, 252, 87, 249, 214, 198, 104, 104, 255, 237, 125,
       206, 182, 223, 255, 250, 29, 237, 62, 94, 223, 196, 239, 191, 248,
       157, 173, 157, 105, 119, 244, 143, 235, 182, 116, 105, 118, 246,
       243, 113, 148, 60, 127, 110, 22, 252, 177, 184, 125, 47, 108, 239,
       181, 192, 237, 136, 210, 177, 84, 56, 59, 186, 10, 229, 19, 72,
       190, 134, 224, 9, 119, 223, 99, 88, 245, 185, 93, 195, 10, 7, 26,
       59, 209, 197, 11, 59, 16, 35, 39, 114, 80, 153, 190, 126, 131,
       204, 53, 103, 172, 17, 110, 0, 62, 183, 32, 112, 162, 179, 123,
       192, 18, 153, 50, 101, 243, 175, 94, 3, 96, 2, 167, 106, 5, 167,
       12, 33, 180, 191, 102, 191, 116, 161, 46, 84, 215, 96, 26, 17,
       145, 78, 72, 61, 189, 184, 93, 62, 236, 207, 37, 84, 232, 194,
       202, 0, 101, 224, 209, 68, 84, 78, 67, 152, 115, 160, 36, 8, 50,
       211, 72, 52, 88, 204, 48, 92, 11, 114, 248, 8, 95, 140, 133, 108,
       67, 162, 66, 232, 29, 187, 252, 243, 226, 59, 120, 152, 107, 241,
       55, 108, 223, 123, 203, 186, 167, 213, 254, 82, 135, 112, 235,
       240, 206, 223, 103, 231, 238, 227, 75, 129, 56, 189, 58, 120, 91,
       237, 83, 198, 163, 13, 236, 8, 62, 191, 35, 16, 161, 59, 197, 16,
       26, 11, 18, 55, 219, 197, 16, 123, 242, 65, 102, 170, 152, 20, 55,
       252, 139, 102, 21, 127, 180, 19, 224, 16, 159, 183, 32, 95, 67,
       181, 105, 160, 57, 207, 113, 66, 209, 226, 82, 12, 178, 112, 167,
       50, 162, 144, 109, 65, 12, 207, 145, 19, 6, 125, 180, 60, 146, 29,
       20, 41, 205, 148, 247, 9, 185, 60, 113, 21, 71, 219, 240, 246, 83,
       8, 84, 243, 87, 137, 223, 253, 130, 6, 111, 189, 61, 72, 246, 70,
       223, 35, 152, 113, 118, 221, 125, 238, 217, 216, 49, 236, 247,
       235, 238, 196, 45, 177, 163, 32, 60, 56, 252, 101, 169, 95, 85,
       214, 35, 234, 180, 40, 27, 61, 67, 50, 142, 244, 213, 80, 25, 236,
       243, 2, 203, 223, 53, 53, 235, 248, 78, 27, 248, 248, 26, 122, 57,
       205, 80, 215, 187, 93, 164, 25, 62, 223, 66, 25, 165, 187, 204,
       80, 110, 111, 154, 243, 251, 217, 20, 123, 98, 4, 198, 75, 221,
       119, 156, 228, 170, 92, 93, 63, 49, 250, 182, 108, 95, 119, 11,
       115, 183, 221, 253, 160, 237, 86, 241, 8, 251, 235, 101, 189, 40,
       240, 10, 19, 70, 176, 188, 179, 172, 127, 188, 155, 175, 247, 135,
       29, 206, 236, 78, 78, 133, 87, 232, 20, 151, 109, 251, 194, 143,
       119, 87, 119, 136, 237, 157, 84, 107, 56, 228, 92, 123, 244, 89,
       146, 171, 204, 124, 173, 40, 191, 215, 190, 134, 123, 253, 85,
       135, 74, 246, 253, 7, 125, 17, 187, 94, 165, 78, 127, 221, 250,
       254, 247, 42, 14, 121, 188, 173, 241, 119, 228, 255, 95, 201, 123,
       166, 213, 108, 110, 193, 244, 187, 225, 206, 251, 101, 128, 110,
       179, 67, 57, 88, 89, 63, 254, 11, 204, 51, 64, 174, 68, 67, 1,
       188, 215, 33, 114, 162, 121, 123, 66, 67, 137, 186, 121, 209, 161,
       10, 10, 16, 3, 39, 123, 85, 9, 125, 101, 52, 106, 107, 24, 100,
       224, 247, 192, 243, 85, 145, 112, 122, 244, 124, 234, 137, 176,
       229, 62, 199, 237, 35, 0, 100, 171, 68, 40, 248, 190, 158, 56,
       168, 172, 84, 87, 243, 31, 164, 57, 39, 171, 66, 27, 163, 179,
       236, 16, 62, 111, 130, 51, 219, 227, 116, 123, 224, 64, 238, 11,
       33, 124, 117, 93, 253, 255, 164, 103, 223, 235, 120, 88, 186, 184,
       149, 165, 136, 106, 82, 9, 231, 252, 118, 255, 39, 30, 21, 34,
       219, 92, 219, 172, 37, 229, 113, 67, 212, 79, 231, 252, 81, 162,
       125, 8, 82, 113, 157, 52, 89, 218, 18, 106, 249, 178, 124, 63,
       109, 142, 5, 36, 227, 251, 210, 160, 82, 160, 26, 186, 43, 201,
       16, 202, 170, 21, 160, 57, 174, 214, 96, 80, 166, 187, 239, 128,
       14, 79, 138, 113, 209, 209, 27, 59, 16, 0, 47, 3, 46, 188, 240,
       82, 251, 253, 186, 222, 27, 253, 60, 169, 44, 253, 255, 180, 159,
       91, 215, 21, 150, 58, 186, 243, 127, 93, 21, 239, 214, 223, 142,
       255, 196, 60, 191, 242, 41, 237, 152, 18, 172, 127, 163, 29, 183,
       190, 64, 75, 133, 49, 125, 3, 188, 101, 250, 160, 193, 219, 90,
       50, 192, 73, 5, 83, 33, 167, 97, 73, 84, 159, 227, 255, 95, 224,
       124, 206, 112, 69, 148, 164, 93, 170, 2, 44, 243, 186, 125, 223,
       45, 14, 5, 100, 119, 138, 210, 188, 84, 72, 152, 102, 136, 108,
       87, 157, 98, 186, 170, 8, 215, 113, 73, 90, 145, 198, 108, 2, 88,
       96, 219, 34, 249, 167, 117, 60, 224, 123, 192, 2, 88, 248, 155,
       186, 25, 204, 27, 162, 190, 21, 138, 9, 183, 215, 64, 82, 161,
       115, 121, 83, 66, 77, 154, 55, 217, 165, 31, 120, 0, 3, 39, 122,
       192, 140, 159, 61, 161, 236, 97, 39, 188, 27, 106, 17, 247, 35, 0,
       91, 161, 39, 104, 12, 48, 217, 19, 103, 205, 182, 90, 64, 192, 64,
       129, 10, 203, 52, 100, 141, 127, 189, 232, 56, 175, 232, 94, 206,
       237, 206, 150, 166, 62, 169, 127, 237, 135, 20, 215, 223, 14, 120,
       171, 168, 63, 167, 27, 149, 218, 146, 142, 188, 11, 176, 24, 10,
       190, 29, 131, 181, 237, 234, 42, 202, 167, 53, 237, 133, 62, 77,
       131, 65, 152, 231, 250, 219, 136, 4, 41, 83, 30, 146, 2, 81, 209,
       222, 112, 247, 165, 125, 102, 5, 10, 134, 102, 252, 233, 140, 206,
       144, 29, 153, 48, 212, 31, 213, 150, 71, 234, 132, 236, 214, 175,
       93, 226, 10, 221, 55, 206, 254, 85, 203, 251, 215, 75, 232, 191,
       228, 93, 206, 22, 255, 253, 182, 93, 254, 62, 126, 133, 132, 255,
       255, 248, 148, 216, 49, 27, 232, 154, 79, 81, 125, 44, 36, 237, 8,
       215, 151, 40, 81, 180, 149, 79, 40, 88, 139, 48, 28, 241, 225, 2,
       120, 48, 2, 167, 98, 2, 32, 151, 149, 21, 175, 160, 67, 62, 161,
       74, 18, 164, 145, 0, 204, 224, 62, 35, 17, 16, 216, 65, 204, 13,
       178, 218, 67, 128, 8, 49, 170, 171, 48, 115, 73, 69, 95, 224, 89,
       95, 232, 112, 90, 8, 208, 180, 188, 120, 24, 2, 24, 129, 246, 116,
       220, 23, 28, 17, 38, 91, 140, 98, 164, 45, 171, 32, 9, 252, 159,
       206, 57, 71, 232, 248, 76, 147, 8, 150, 164, 88, 40, 82, 111, 221,
       58, 93, 28, 46, 28, 129, 116, 91, 175, 216, 132, 109, 109, 153,
       109, 185, 15, 79, 184, 18, 170, 37, 72, 215, 51, 65, 57, 145, 124,
       104, 106, 105, 112, 249, 62, 229, 223, 69, 52, 210, 251, 194, 32,
       88, 32, 155, 176, 32, 204, 80, 3, 50, 105, 231, 40, 151, 151, 64,
       120, 240, 157, 125, 144, 11, 91, 131, 0, 211, 229, 178, 121, 160,
       0, 46, 107, 90, 9, 115, 236, 147, 192, 124, 101, 173, 5, 242, 3,
       47, 159, 38, 80, 234, 183, 255, 193, 90, 155, 17, 237, 243, 249,
       154, 131, 35, 4, 167, 78, 43, 142, 99, 11, 117, 183, 170, 105, 94,
       192, 121, 198, 104, 232, 188, 164, 121, 40, 146, 173, 167, 178,
       125, 223, 46, 30, 139, 198, 95, 46, 121, 148, 40, 36, 115, 73, 81,
       255, 226, 74, 107, 33, 109, 8, 26, 190, 132, 180, 152, 56, 194,
       40, 19, 186, 240, 95, 23, 156, 1, 107, 211, 66, 102, 164, 66, 148,
       63, 218, 51, 252, 49, 131, 190, 31, 71, 16, 156, 247, 44, 120,
       167, 19, 251, 16, 50, 13, 186, 247, 203, 255, 26, 75, 144, 1, 165,
       35, 65, 206, 90, 101, 116, 139, 106, 54, 124, 9, 126, 120, 243,
       33, 144, 112, 63, 46, 46, 12, 169, 188, 69, 111, 228, 191, 48,
       192, 76, 136, 72, 9, 33, 52, 115, 73, 116, 111, 107, 83, 117, 105,
       124, 82, 17, 23, 148, 52, 124, 156, 22, 152, 145, 190, 113, 78,
