%YAML:1.0
---
descriptors: !!opencv-matrix
   rows: 275
   cols: 32
   dt: u
   data: [ 56, 205, 76, 186, 158, 129, 206, 245, 148, 64, 216, 135, 115,
       233, 186, 65, 106, 226, 31, 79, 122, 43, 14, 191, 242, 239, 238,
       216, 53, 154, 240, 72, 17, 13, 79, 254, 22, 162, 111, 115, 244, 0,
       203, 194, 113, 227, 176, 96, 120, 234, 26, 174, 185, 155, 4, 47,
       240, 174, 170, 64, 61, 170, 112, 168, 57, 198, 98, 73, 244, 155,
       225, 119, 85, 109, 126, 86, 25, 8, 182, 164, 105, 138, 6, 24, 251,
       188, 101, 215, 46, 79, 182, 64, 215, 136, 240, 172, 167, 164, 236,
       255, 221, 255, 236, 174, 222, 243, 68, 18, 241, 248, 124, 43, 57,
       110, 51, 45, 162, 252, 255, 191, 111, 111, 223, 36, 245, 104, 81,
       174, 68, 114, 218, 195, 226, 42, 185, 216, 42, 182, 127, 238, 213,
       131, 205, 26, 54, 93, 100, 122, 128, 244, 140, 64, 86, 132, 127,
       172, 237, 243, 7, 177, 216, 52, 182, 176, 163, 249, 16, 71, 187,
       151, 164, 57, 47, 191, 98, 159, 163, 179, 237, 16, 52, 79, 130,
       154, 219, 211, 85, 127, 226, 68, 175, 67, 215, 80, 103, 132, 134,
       18, 111, 121, 241, 226, 211, 246, 81, 222, 253, 239, 127, 229, 61,
       239, 237, 199, 188, 202, 144, 42, 239, 196, 45, 167, 48, 116, 2,
       204, 18, 155, 85, 221, 178, 230, 30, 7, 72, 19, 172, 156, 38, 196,
       217, 59, 131, 17, 38, 188, 82, 255, 45, 54, 26, 75, 144, 12, 173,
       142, 109, 39, 225, 103, 164, 31, 111, 184, 73, 234, 63, 76, 211,
       105, 221, 178, 156, 196, 124, 110, 217, 240, 249, 168, 239, 223,
       101, 180, 78, 251, 82, 49, 50, 163, 98, 136, 253, 147, 222, 109,
       205, 36, 216, 175, 10, 140, 54, 128, 218, 137, 207, 181, 220, 43,
       68, 222, 48, 85, 138, 255, 85, 14, 253, 198, 113, 55, 233, 101,
       82, 38, 207, 56, 48, 234, 254, 238, 113, 39, 208, 50, 126, 253,
       85, 238, 233, 210, 253, 10, 125, 173, 175, 176, 45, 242, 70, 241,
       11, 159, 109, 95, 116, 181, 239, 183, 84, 104, 92, 230, 185, 45,
       150, 37, 62, 10, 23, 206, 227, 184, 109, 127, 102, 15, 186, 128,
       95, 194, 81, 249, 246, 253, 253, 227, 172, 123, 223, 175, 91, 247,
       63, 187, 223, 189, 85, 59, 143, 223, 253, 83, 248, 125, 255, 162,
       235, 223, 205, 247, 229, 251, 214, 115, 46, 249, 177, 218, 237,
       141, 22, 212, 251, 61, 53, 125, 238, 213, 104, 156, 157, 122, 199,
       83, 82, 106, 250, 243, 171, 84, 21, 126, 210, 95, 215, 251, 149,
       14, 95, 191, 22, 162, 106, 114, 116, 1, 82, 82, 113, 227, 176, 96,
       114, 239, 58, 156, 49, 157, 4, 238, 240, 166, 186, 192, 173, 161,
       33, 32, 189, 215, 237, 164, 156, 87, 207, 248, 80, 238, 188, 206,
       83, 108, 155, 35, 93, 196, 124, 239, 237, 227, 125, 142, 250, 207,
       237, 181, 237, 123, 122, 245, 5, 53, 173, 71, 180, 127, 230, 248,
       110, 232, 123, 68, 243, 92, 157, 160, 184, 102, 86, 127, 213, 240,
       125, 44, 47, 95, 39, 4, 77, 251, 91, 181, 141, 31, 215, 85, 244,
       158, 103, 178, 117, 202, 102, 84, 73, 32, 149, 253, 51, 110, 38,
       238, 177, 220, 53, 110, 46, 126, 97, 64, 234, 165, 90, 165, 175,
       253, 168, 126, 253, 93, 223, 188, 83, 206, 253, 189, 227, 125,
       159, 55, 221, 210, 223, 103, 237, 102, 251, 191, 103, 95, 229,
       191, 210, 255, 214, 255, 246, 119, 249, 66, 218, 66, 79, 220, 51,
       236, 189, 175, 81, 231, 207, 18, 63, 221, 69, 254, 235, 67, 191,
       122, 120, 140, 45, 188, 181, 243, 167, 241, 83, 176, 151, 112,
       139, 252, 16, 71, 235, 81, 160, 24, 14, 158, 102, 255, 167, 183,
       220, 16, 159, 75, 178, 208, 155, 248, 94, 123, 235, 4, 171, 79,
       42, 246, 104, 179, 246, 153, 180, 255, 31, 63, 92, 255, 172, 168,
       254, 132, 191, 27, 135, 149, 246, 122, 206, 247, 110, 87, 191,
       239, 223, 76, 159, 223, 95, 254, 130, 158, 251, 178, 190, 232,
       191, 218, 219, 231, 236, 234, 63, 197, 255, 239, 255, 167, 229,
       195, 159, 255, 190, 119, 207, 143, 143, 119, 41, 213, 17, 14, 111,
       249, 22, 162, 105, 55, 84, 65, 222, 210, 17, 35, 176, 96, 109,
       134, 30, 156, 187, 152, 101, 151, 220, 175, 178, 192, 189, 200,
       240, 40, 38, 108, 160, 155, 213, 245, 178, 206, 94, 39, 73, 19,
       136, 216, 127, 168, 217, 11, 147, 17, 54, 186, 124, 242, 45, 28,
       159, 111, 213, 95, 221, 198, 188, 84, 123, 238, 52, 79, 91, 120,
       53, 168, 255, 104, 91, 93, 25, 17, 254, 253, 85, 106, 105, 182,
       105, 142, 243, 253, 33, 148, 103, 187, 70, 51, 207, 184, 147, 82,
       249, 221, 34, 158, 251, 185, 32, 124, 236, 246, 236, 252, 149, 95,
       162, 24, 147, 94, 186, 243, 15, 94, 21, 238, 130, 76, 139, 189,
       137, 132, 177, 91, 125, 249, 176, 143, 95, 123, 52, 56, 254, 220,
       204, 164, 145, 26, 150, 17, 55, 124, 107, 151, 15, 95, 48, 119,
       214, 8, 213, 239, 76, 47, 58, 119, 180, 206, 119, 221, 122, 140,
       125, 8, 247, 243, 3, 48, 176, 126, 76, 90, 192, 240, 169, 44, 239,
       253, 37, 17, 64, 242, 199, 235, 104, 62, 188, 117, 168, 111, 117,
       158, 34, 253, 190, 9, 159, 63, 67, 26, 133, 212, 109, 28, 24, 105,
       227, 0, 207, 255, 117, 53, 194, 240, 206, 115, 246, 149, 254, 190,
       174, 106, 87, 107, 185, 222, 187, 59, 78, 127, 46, 91, 255, 247,
       253, 35, 124, 231, 91, 207, 243, 246, 215, 151, 101, 127, 244, 83,
       109, 101, 249, 103, 244, 63, 79, 184, 105, 232, 127, 76, 211, 105,
       221, 176, 152, 204, 118, 110, 201, 178, 253, 168, 111, 221, 37,
       52, 76, 251, 82, 48, 244, 61, 157, 247, 140, 111, 247, 223, 58,
       186, 186, 26, 215, 255, 65, 27, 253, 223, 127, 243, 57, 123, 251,
       98, 253, 131, 255, 252, 193, 121, 135, 51, 21, 71, 111, 231, 36,
       6, 111, 240, 116, 234, 254, 230, 83, 71, 153, 96, 126, 228, 62,
       238, 201, 180, 109, 46, 244, 239, 231, 128, 109, 251, 240, 49,
       125, 4, 237, 229, 22, 10, 79, 56, 80, 226, 223, 74, 83, 113, 152,
       96, 120, 196, 125, 238, 169, 182, 205, 14, 254, 175, 229, 212,
       109, 170, 88, 32, 125, 3, 249, 103, 36, 47, 75, 24, 100, 234, 255,
       78, 83, 101, 153, 58, 124, 196, 124, 238, 137, 178, 237, 8, 215,
       237, 225, 148, 109, 251, 82, 113, 241, 37, 236, 69, 82, 38, 79,
       56, 48, 162, 254, 202, 115, 35, 152, 55, 126, 220, 84, 238, 233,
       210, 237, 14, 252, 175, 165, 176, 109, 243, 66, 176, 236, 140,
       252, 247, 205, 62, 86, 190, 91, 183, 39, 16, 238, 115, 72, 95,
       209, 206, 160, 26, 114, 120, 219, 179, 239, 223, 85, 103, 178,
       121, 220, 42, 39, 231, 225, 71, 244, 27, 238, 188, 127, 234, 127,
       228, 233, 96, 156, 244, 126, 238, 22, 238, 229, 240, 237, 238, 46,
       126, 165, 164, 111, 247, 218, 245, 245, 119, 233, 102, 218, 70,
       79, 248, 19, 238, 189, 238, 81, 103, 221, 51, 127, 221, 85, 238,
       233, 67, 173, 74, 121, 137, 175, 188, 37, 243, 102, 241, 77, 179,
       252, 126, 41, 220, 89, 184, 47, 221, 229, 44, 255, 247, 202, 178,
       182, 249, 252, 216, 143, 64, 187, 221, 203, 251, 103, 239, 2, 166,
       39, 119, 2, 109, 171, 190, 188, 224, 75, 206, 150, 202, 222, 227,
       181, 247, 177, 104, 209, 107, 63, 221, 43, 202, 194, 239, 232,
       127, 190, 136, 148, 213, 52, 249, 252, 32, 165, 182, 173, 109, 81,
       15, 163, 247, 130, 157, 239, 252, 90, 155, 129, 231, 253, 21, 62,
       111, 251, 160, 153, 211, 253, 58, 132, 108, 150, 122, 121, 180,
       188, 122, 169, 189, 80, 215, 243, 31, 180, 13, 63, 249, 74, 155,
       165, 147, 236, 16, 158, 111, 154, 49, 219, 219, 116, 121, 250,
       192, 202, 3, 35, 186, 180, 59, 237, 189, 144, 203, 223, 95, 112,
       21, 172, 248, 118, 13, 201, 43, 102, 21, 182, 109, 74, 177, 4, 90,
       123, 251, 216, 76, 203, 199, 173, 4, 253, 101, 173, 127, 237, 57,
       69, 250, 191, 80, 91, 56, 159, 171, 204, 196, 126, 42, 173, 228,
       117, 138, 71, 251, 97, 20, 231, 239, 88, 228, 170, 160, 165, 177,
       207, 121, 176, 207, 58, 247, 128, 155, 141, 172, 86, 139, 169, 79,
       227, 21, 54, 126, 242, 144, 31, 65, 223, 127, 231, 76, 215, 210,
       237, 255, 147, 87, 213, 191, 102, 255, 127, 186, 107, 92, 254,
