%YAML:1.0
---
descriptors: !!opencv-matrix
   rows: 307
   cols: 32
   dt: u
   data: [ 77, 245, 212, 87, 245, 31, 102, 188, 127, 242, 107, 76, 222,
       112, 9, 181, 51, 108, 106, 110, 161, 240, 221, 127, 44, 223, 71,
       36, 202, 251, 75, 165, 5, 17, 12, 167, 188, 31, 238, 185, 76, 232,
       155, 70, 215, 120, 155, 163, 156, 70, 126, 127, 221, 240, 93, 172,
       236, 91, 167, 148, 76, 255, 217, 21, 95, 252, 234, 158, 123, 213,
       122, 248, 55, 231, 222, 135, 109, 230, 251, 244, 127, 239, 255,
       238, 143, 23, 191, 255, 190, 119, 143, 173, 190, 247, 41, 85, 181,
       85, 253, 74, 236, 7, 207, 248, 86, 254, 181, 102, 83, 125, 189,
       47, 89, 216, 22, 250, 233, 167, 125, 58, 123, 10, 229, 180, 253,
       251, 116, 241, 126, 83, 18, 168, 235, 38, 30, 92, 185, 14, 240,
       239, 14, 175, 39, 217, 254, 253, 207, 99, 188, 131, 0, 204, 179,
       243, 74, 191, 147, 127, 47, 71, 175, 236, 229, 215, 244, 123, 239,
       171, 90, 211, 84, 146, 249, 252, 127, 33, 91, 106, 51, 63, 183,
       244, 190, 191, 111, 95, 223, 100, 223, 252, 209, 252, 90, 16, 114,
       151, 53, 222, 120, 97, 61, 77, 215, 51, 110, 159, 38, 220, 246,
       191, 255, 193, 60, 159, 177, 237, 147, 119, 154, 195, 38, 5, 188,
       95, 92, 121, 26, 166, 51, 95, 127, 248, 37, 172, 251, 41, 127, 95,
       11, 80, 182, 221, 221, 226, 72, 147, 25, 189, 243, 253, 35, 135,
       34, 179, 39, 83, 110, 121, 167, 174, 73, 85, 149, 73, 139, 252,
       189, 15, 236, 254, 103, 26, 204, 241, 251, 69, 69, 67, 250, 209,
       211, 81, 207, 59, 90, 62, 23, 246, 223, 221, 15, 167, 10, 86, 46,
       232, 172, 200, 223, 199, 221, 78, 187, 227, 118, 229, 253, 239,
       237, 133, 61, 237, 178, 107, 239, 132, 44, 55, 57, 85, 58, 80,
       250, 69, 117, 95, 249, 84, 127, 237, 247, 11, 11, 28, 22, 60, 254,
       188, 255, 81, 140, 187, 117, 200, 87, 253, 16, 147, 103, 158, 94,
       255, 94, 1, 166, 195, 141, 118, 190, 136, 46, 179, 155, 18, 205,
       126, 93, 238, 243, 199, 253, 179, 24, 81, 187, 226, 155, 254, 207,
       199, 134, 119, 53, 6, 49, 4, 111, 233, 22, 170, 97, 83, 84, 99,
       254, 214, 19, 33, 176, 96, 107, 134, 30, 28, 185, 190, 101, 158,
       212, 239, 178, 192, 189, 200, 240, 32, 180, 159, 111, 191, 52,
       239, 87, 57, 21, 222, 243, 119, 243, 125, 58, 65, 217, 166, 61,
       39, 232, 244, 121, 31, 235, 163, 229, 209, 120, 106, 116, 83, 143,
       191, 134, 155, 195, 180, 190, 196, 191, 91, 75, 215, 236, 234,
       126, 205, 231, 107, 187, 215, 247, 217, 30, 227, 62, 119, 158,
       203, 142, 87, 169, 213, 169, 190, 160, 27, 253, 181, 168, 207, 94,
       31, 117, 61, 168, 202, 246, 141, 201, 43, 130, 149, 182, 110, 90,
       247, 46, 95, 159, 107, 219, 4, 202, 159, 1, 134, 235, 249, 180,
       169, 233, 19, 126, 65, 126, 246, 155, 9, 176, 104, 107, 10, 6,
       157, 179, 188, 101, 215, 206, 221, 178, 192, 252, 200, 225, 168,
       44, 181, 120, 243, 245, 255, 126, 185, 47, 13, 255, 9, 219, 127,
       26, 16, 219, 158, 239, 56, 26, 186, 89, 157, 111, 255, 53, 85,
       226, 202, 206, 195, 52, 220, 251, 94, 210, 67, 159, 232, 87, 19,
       116, 50, 81, 247, 173, 101, 123, 218, 131, 242, 123, 114, 40, 127,
       123, 175, 199, 109, 241, 248, 228, 178, 182, 221, 134, 158, 203,
       243, 182, 235, 158, 246, 201, 27, 108, 254, 111, 198, 249, 247,
       235, 211, 102, 207, 154, 255, 57, 50, 207, 91, 147, 111, 47, 222,
       10, 200, 18, 155, 85, 215, 178, 199, 31, 5, 82, 19, 172, 154, 38,
       196, 233, 59, 131, 145, 118, 158, 16, 255, 45, 118, 154, 67, 18,
       28, 189, 142, 45, 125, 226, 7, 245, 31, 198, 216, 81, 234, 255,
       76, 114, 120, 159, 164, 216, 236, 86, 111, 141, 242, 221, 170, 62,
       94, 165, 0, 203, 255, 122, 148, 94, 43, 254, 50, 171, 168, 49, 3,
       171, 191, 175, 189, 79, 231, 66, 26, 167, 247, 237, 16, 16, 73,
       138, 64, 218, 195, 101, 255, 162, 103, 143, 83, 164, 125, 169,
       111, 172, 79, 199, 184, 95, 234, 253, 104, 242, 125, 157, 48, 216,
       222, 127, 107, 201, 242, 235, 59, 103, 189, 101, 184, 80, 123,
       214, 243, 108, 179, 188, 96, 172, 45, 119, 153, 235, 61, 189, 9,
       95, 249, 74, 26, 149, 70, 237, 62, 158, 99, 235, 0, 219, 223, 117,
       125, 224, 219, 206, 195, 246, 119, 232, 194, 218, 70, 79, 221, 50,
       252, 189, 175, 81, 199, 255, 90, 127, 205, 21, 254, 232, 67, 191,
       74, 250, 141, 175, 188, 181, 243, 166, 241, 60, 81, 120, 111, 53,
       95, 94, 56, 97, 172, 255, 9, 95, 93, 27, 144, 190, 244, 204, 106,
       204, 176, 89, 140, 243, 253, 33, 21, 98, 187, 70, 83, 252, 236,
       150, 190, 185, 253, 86, 235, 191, 190, 184, 57, 110, 246, 106,
       211, 233, 255, 239, 18, 110, 71, 203, 247, 249, 215, 111, 223, 0,
       125, 175, 195, 61, 181, 108, 164, 158, 119, 95, 254, 64, 234, 156,
       15, 83, 125, 155, 35, 93, 198, 124, 239, 253, 227, 125, 14, 251,
       143, 229, 180, 109, 250, 112, 91, 124, 249, 56, 234, 57, 221, 82,
       200, 163, 4, 181, 9, 111, 223, 107, 144, 220, 177, 205, 82, 74,
       43, 218, 189, 219, 213, 1, 123, 114, 135, 14, 90, 244, 119, 233,
       231, 218, 6, 79, 216, 2, 236, 189, 239, 81, 103, 199, 18, 126,
       205, 85, 254, 201, 82, 253, 8, 120, 141, 175, 180, 45, 242, 102,
       249, 208, 77, 255, 255, 138, 102, 127, 55, 61, 231, 234, 149, 251,
       47, 18, 90, 103, 231, 125, 143, 104, 220, 245, 106, 231, 239, 246,
       145, 164, 240, 229, 120, 108, 189, 120, 67, 244, 239, 243, 187,
       127, 45, 255, 9, 219, 125, 10, 16, 91, 154, 199, 58, 26, 186, 121,
       119, 127, 159, 37, 117, 227, 203, 206, 243, 120, 43, 184, 96, 184,
       79, 83, 151, 99, 237, 188, 9, 31, 63, 67, 18, 132, 148, 109, 92,
       152, 43, 241, 0, 251, 253, 37, 125, 194, 178, 206, 99, 57, 143,
       70, 254, 188, 147, 78, 249, 215, 10, 221, 230, 115, 233, 184, 97,
       126, 162, 63, 174, 232, 43, 46, 159, 242, 239, 239, 152, 63, 234,
       240, 9, 224, 160, 29, 114, 172, 233, 73, 73, 251, 31, 181, 24,
       191, 195, 200, 63, 131, 167, 108, 26, 58, 111, 234, 115, 217, 251,
       114, 120, 192, 128, 199, 41, 156, 151, 63, 191, 166, 106, 87, 57,
       124, 238, 251, 247, 215, 125, 40, 73, 247, 215, 111, 35, 249, 245,
       121, 31, 241, 231, 127, 212, 116, 107, 245, 115, 6, 165, 42, 146,
       213, 215, 190, 111, 191, 125, 217, 19, 72, 254, 126, 0, 253, 171,
       147, 183, 118, 219, 26, 215, 63, 30, 143, 239, 17, 70, 191, 198,
       107, 123, 186, 254, 237, 220, 255, 85, 169, 204, 252, 47, 190,
       159, 230, 226, 238, 255, 255, 71, 199, 107, 242, 225, 247, 249,
       190, 187, 10, 159, 255, 251, 109, 113, 187, 238, 252, 93, 70, 248,
       207, 200, 253, 104, 247, 249, 233, 176, 216, 248, 86, 106, 203,
       35, 234, 169, 227, 221, 37, 56, 72, 251, 90, 161, 149, 164, 255,
       255, 156, 107, 206, 174, 222, 226, 18, 18, 247, 248, 57, 35, 27,
       127, 57, 59, 33, 237, 31, 191, 235, 239, 255, 84, 173, 104, 81,
       170, 44, 105, 251, 220, 204, 151, 239, 245, 196, 164, 116, 2, 81,
       249, 245, 37, 120, 104, 51, 250, 192, 242, 62, 136, 119, 9, 231,
       8, 119, 250, 116, 168, 154, 211, 111, 169, 34, 130, 61, 87, 54,
       85, 214, 247, 41, 135, 170, 65, 110, 157, 191, 132, 219, 156, 39,
       209, 246, 225, 250, 132, 61, 132, 165, 249, 141, 140, 237, 191,
       158, 234, 255, 171, 222, 242, 16, 147, 245, 236, 121, 107, 51,
       102, 51, 47, 244, 236, 63, 191, 237, 111, 255, 212, 181, 248, 85,
       224, 62, 21, 99, 101, 247, 119, 95, 123, 85, 235, 127, 111, 89,
       61, 191, 52, 255, 251, 151, 177, 189, 186, 49, 142, 123, 223, 165,
       135, 255, 238, 246, 243, 76, 229, 253, 231, 184, 79, 127, 188, 59,
       179, 45, 136, 223, 103, 201, 50, 151, 92, 108, 122, 99, 80, 249,
       58, 239, 223, 37, 52, 130, 251, 199, 176, 45, 125, 246, 71, 247,
       27, 230, 248, 125, 232, 127, 110, 90, 120, 159, 165, 90, 108, 150,
       122, 229, 242, 109, 236, 62, 122, 101, 130, 239, 255, 90, 149,
       166, 230, 228, 31, 252, 219, 143, 237, 23, 246, 241, 187, 225,
