%YAML:1.0
---
descriptors: !!opencv-matrix
   rows: 187
   cols: 32
   dt: u
   data: [ 199, 188, 149, 147, 171, 236, 53, 143, 190, 243, 131, 245,
       236, 246, 72, 239, 135, 87, 232, 23, 247, 77, 251, 243, 140, 50,
       95, 94, 136, 84, 129, 125, 196, 76, 189, 247, 164, 110, 101, 185,
       252, 250, 99, 16, 215, 117, 24, 107, 129, 70, 125, 42, 48, 244,
       121, 42, 229, 187, 103, 4, 192, 249, 213, 98, 143, 60, 181, 87,
       177, 110, 173, 154, 122, 219, 66, 84, 252, 117, 93, 175, 21, 118,
       121, 28, 179, 216, 251, 104, 79, 250, 87, 64, 202, 225, 3, 249,
       41, 107, 99, 69, 117, 91, 99, 80, 113, 100, 126, 174, 75, 0, 150,
       180, 122, 140, 134, 236, 141, 186, 101, 94, 54, 95, 32, 128, 103,
       166, 126, 244, 118, 38, 195, 164, 82, 34, 186, 64, 33, 164, 251,
       175, 75, 238, 169, 210, 126, 253, 207, 183, 8, 147, 140, 202, 144,
       228, 171, 135, 165, 111, 47, 210, 14, 143, 172, 179, 133, 254,
       110, 167, 158, 255, 15, 17, 213, 111, 90, 75, 197, 103, 177, 95,
       180, 216, 123, 162, 239, 215, 255, 245, 128, 121, 157, 72, 253,
       150, 236, 166, 156, 38, 94, 248, 22, 226, 159, 215, 83, 126, 59,
       98, 93, 231, 61, 175, 236, 195, 125, 174, 251, 239, 239, 148, 173,
       251, 56, 83, 86, 3, 142, 164, 162, 34, 188, 1, 172, 140, 219, 231,
       205, 174, 107, 74, 230, 229, 253, 181, 20, 193, 131, 192, 208, 39,
       126, 131, 132, 100, 45, 83, 181, 237, 157, 250, 188, 63, 198, 237,
       222, 186, 185, 94, 115, 120, 125, 161, 221, 234, 18, 110, 255,
       103, 88, 191, 187, 223, 197, 60, 217, 123, 216, 160, 188, 85, 45,
       250, 140, 71, 199, 232, 198, 190, 180, 10, 83, 85, 57, 43, 217,
       212, 125, 251, 105, 103, 123, 60, 249, 203, 231, 20, 113, 123,
       244, 98, 63, 253, 237, 69, 220, 55, 79, 188, 83, 232, 93, 142, 89,
       127, 219, 50, 31, 222, 117, 238, 217, 210, 253, 60, 111, 79, 237,
       164, 175, 247, 210, 240, 109, 116, 57, 101, 97, 79, 119, 152, 104,
       234, 62, 8, 222, 29, 1, 48, 148, 84, 213, 106, 193, 240, 249, 8,
       231, 253, 37, 52, 74, 179, 71, 243, 120, 160, 248, 112, 12, 233,
       80, 198, 243, 183, 164, 24, 3, 185, 64, 26, 137, 158, 100, 16, 10,
       107, 194, 16, 219, 203, 113, 57, 225, 200, 94, 10, 109, 197, 88,
       109, 56, 11, 82, 184, 87, 0, 239, 12, 243, 113, 9, 80, 19, 196,
       72, 106, 106, 160, 89, 31, 226, 239, 5, 20, 120, 187, 72, 2, 39,
       251, 253, 79, 250, 23, 159, 188, 15, 248, 85, 238, 81, 124, 223,
       39, 22, 93, 119, 110, 209, 240, 239, 61, 110, 42, 101, 188, 127,
       191, 129, 245, 160, 64, 117, 87, 36, 72, 229, 52, 108, 30, 119,
       112, 243, 21, 132, 111, 106, 20, 110, 74, 193, 180, 103, 97, 4,
       186, 114, 128, 103, 185, 69, 173, 124, 172, 153, 244, 137, 237,
       69, 175, 162, 179, 160, 24, 183, 151, 64, 59, 129, 254, 124, 24,
       59, 75, 218, 48, 217, 209, 21, 124, 160, 0, 134, 42, 248, 218, 16,
       174, 45, 137, 86, 237, 175, 38, 160, 41, 238, 218, 72, 148, 216,
       209, 236, 67, 76, 103, 219, 179, 178, 209, 69, 63, 120, 30, 206,
       14, 229, 15, 158, 190, 168, 12, 23, 141, 154, 142, 161, 41, 246,
       243, 35, 90, 212, 101, 108, 74, 8, 71, 202, 106, 240, 182, 101,
       58, 144, 123, 131, 11, 77, 85, 157, 229, 48, 14, 127, 48, 45, 168,
       126, 96, 223, 55, 137, 114, 150, 213, 125, 106, 193, 208, 129, 12,
       231, 255, 103, 132, 40, 243, 1, 49, 179, 163, 242, 89, 207, 153,
       160, 69, 239, 17, 176, 74, 170, 136, 212, 174, 170, 40, 234, 80,
       151, 107, 198, 241, 30, 88, 18, 123, 95, 12, 235, 140, 1, 62, 191,
       69, 36, 47, 229, 50, 108, 190, 62, 72, 242, 57, 149, 43, 141, 118,
       110, 42, 225, 244, 115, 8, 71, 159, 117, 16, 192, 248, 87, 169,
       255, 239, 107, 194, 198, 112, 239, 246, 121, 110, 189, 26, 9, 46,
       223, 177, 123, 207, 215, 235, 245, 127, 172, 226, 63, 77, 175,
       237, 231, 243, 255, 237, 13, 193, 236, 223, 196, 22, 239, 252, 86,
       208, 117, 134, 121, 105, 189, 43, 127, 200, 51, 254, 195, 240, 63,
       253, 111, 11, 231, 132, 255, 187, 240, 160, 10, 170, 190, 154,
       251, 209, 176, 231, 190, 31, 212, 179, 172, 254, 102, 196, 235,
       59, 235, 145, 54, 75, 162, 245, 31, 87, 30, 235, 146, 4, 173, 207,
       79, 184, 165, 191, 137, 87, 105, 184, 55, 242, 69, 21, 253, 119,
       82, 255, 21, 93, 241, 159, 179, 92, 251, 177, 207, 123, 223, 236,
       26, 165, 3, 240, 137, 22, 231, 85, 100, 26, 105, 27, 127, 114,
       118, 244, 251, 37, 149, 117, 127, 172, 102, 12, 169, 252, 101, 76,
       14, 250, 243, 132, 111, 168, 64, 249, 89, 189, 156, 244, 168, 172,
       116, 55, 186, 187, 46, 25, 191, 179, 66, 90, 167, 183, 108, 8, 20,
       75, 146, 1, 219, 251, 116, 25, 200, 192, 203, 11, 189, 30, 233,
       101, 214, 59, 207, 59, 87, 234, 246, 254, 83, 124, 149, 160, 127,
       204, 118, 173, 189, 246, 109, 158, 62, 239, 245, 212, 237, 232,
       208, 245, 11, 50, 101, 49, 33, 252, 57, 19, 47, 93, 114, 245, 188,
       30, 4, 249, 166, 25, 255, 149, 135, 220, 115, 81, 7, 121, 122,
       194, 192, 4, 103, 255, 87, 219, 135, 163, 130, 4, 42, 148, 46,
       245, 11, 199, 205, 38, 82, 74, 38, 69, 121, 213, 149, 217, 159,
       224, 140, 100, 222, 196, 172, 23, 169, 92, 216, 92, 189, 247, 174,
       79, 181, 191, 92, 186, 166, 114, 246, 51, 137, 107, 103, 87, 109,
       42, 96, 229, 91, 9, 245, 163, 119, 20, 8, 120, 165, 59, 74, 164,
       188, 219, 203, 240, 184, 15, 191, 23, 141, 179, 204, 255, 78, 207,
       231, 19, 235, 145, 54, 79, 235, 211, 95, 119, 91, 207, 146, 68,
       173, 86, 192, 64, 220, 69, 96, 44, 109, 56, 107, 170, 102, 24,
       222, 51, 128, 126, 3, 196, 108, 8, 0, 116, 177, 64, 71, 250, 112,
       0, 74, 224, 98, 33, 52, 97, 153, 111, 200, 79, 87, 200, 54, 162,
       161, 8, 87, 87, 73, 48, 217, 216, 96, 106, 11, 34, 123, 51, 241,
       141, 5, 60, 112, 115, 70, 162, 228, 100, 157, 118, 169, 108, 71,
       152, 51, 179, 163, 24, 214, 115, 73, 123, 145, 198, 104, 122, 57,
       68, 219, 34, 217, 251, 69, 52, 192, 115, 194, 34, 248, 166, 213,
       112, 139, 248, 65, 215, 163, 23, 164, 24, 15, 151, 64, 255, 39,
       146, 237, 24, 58, 79, 162, 17, 219, 211, 85, 123, 226, 192, 134,
       106, 92, 113, 27, 170, 43, 75, 31, 232, 166, 36, 195, 41, 223,
       215, 41, 80, 254, 221, 239, 226, 72, 67, 155, 28, 241, 225, 47,
       57, 48, 51, 39, 115, 41, 253, 123, 106, 112, 141, 119, 246, 116,
       72, 124, 68, 62, 151, 32, 48, 188, 122, 22, 72, 195, 186, 48, 125,
       119, 173, 48, 72, 123, 146, 98, 187, 132, 140, 154, 191, 212, 231,
       162, 234, 30, 131, 73, 19, 244, 242, 33, 64, 249, 123, 2, 17, 46,
       255, 26, 255, 153, 134, 143, 1, 144, 104, 33, 138, 50, 168, 231,
       85, 13, 248, 193, 199, 235, 247, 172, 24, 130, 132, 214, 62, 9,
       78, 233, 29, 26, 233, 246, 0, 15, 56, 213, 55, 199, 68, 214, 246,
       120, 176, 189, 240, 136, 236, 81, 87, 162, 81, 164, 24, 55, 151,
       64, 59, 161, 150, 93, 24, 27, 107, 178, 17, 219, 233, 112, 120,
       224, 192, 198, 42, 97, 2, 222, 69, 96, 10, 101, 48, 113, 46, 230,
       28, 211, 35, 130, 95, 16, 196, 108, 42, 104, 244, 225, 10, 214,
       254, 100, 21, 106, 240, 74, 2, 10, 159, 18, 187, 213, 167, 58,
       247, 30, 13, 90, 71, 236, 227, 32, 64, 221, 59, 131, 148, 54, 152,
       25, 255, 239, 247, 154, 67, 152, 14, 185, 155, 224, 216, 28, 254,
       8, 13, 21, 173, 154, 22, 160, 24, 246, 119, 8, 91, 132, 115, 105,
       66, 96, 79, 218, 51, 225, 162, 116, 56, 80, 56, 135, 59, 73, 30,
       63, 229, 52, 14, 107, 50, 124, 200, 118, 116, 255, 103, 144, 97,
       151, 102, 127, 44, 177, 184, 33, 46, 238, 255, 98, 192, 78, 160,
       65, 121, 114, 249, 18, 190, 11, 137, 86, 228, 175, 38, 161, 137,
       238, 202, 97, 144, 250, 253, 236, 66, 76, 35, 216, 241, 176, 240,
       7, 63, 82, 62, 15, 14, 170, 75, 98, 158, 111, 145, 188, 192, 203,
       86, 80, 175, 40, 204, 247, 137, 238, 233, 163, 199, 198, 118, 174,
       241, 86, 81, 218, 171, 87, 125, 127, 223, 73, 184, 181, 49, 41,
