%YAML:1.0
---
descriptors: !!opencv-matrix
   rows: 248
   cols: 32
   dt: u
   data: [ 76, 116, 127, 244, 205, 84, 253, 248, 192, 254, 148, 10, 88,
       253, 95, 171, 169, 85, 211, 171, 228, 103, 186, 200, 95, 91, 215,
       45, 71, 245, 255, 226, 252, 174, 188, 112, 173, 125, 85, 158, 247,
       255, 182, 25, 159, 175, 66, 27, 129, 70, 237, 28, 186, 111, 243,
       2, 219, 219, 117, 125, 194, 248, 206, 67, 10, 157, 18, 171, 149,
       183, 178, 231, 30, 1, 72, 7, 172, 248, 34, 192, 217, 43, 147, 21,
       22, 184, 88, 255, 173, 87, 154, 67, 152, 78, 185, 154, 194, 224,
       213, 255, 116, 10, 110, 173, 251, 146, 49, 26, 253, 203, 20, 83,
       123, 253, 55, 234, 114, 108, 138, 255, 188, 186, 223, 108, 53,
       178, 227, 128, 9, 189, 191, 93, 185, 252, 53, 55, 254, 87, 78, 16,
       180, 244, 18, 106, 161, 62, 122, 9, 179, 217, 179, 119, 205, 39,
       126, 65, 128, 64, 135, 122, 45, 30, 109, 111, 118, 183, 251, 250,
       86, 104, 125, 230, 113, 125, 191, 32, 159, 24, 23, 239, 167, 48,
       125, 191, 103, 207, 161, 132, 127, 203, 88, 251, 223, 253, 58,
       142, 203, 87, 190, 236, 190, 206, 206, 7, 108, 246, 43, 228, 253,
       87, 251, 231, 100, 3, 187, 254, 123, 103, 15, 143, 11, 119, 175,
       215, 214, 125, 150, 142, 219, 119, 150, 238, 191, 134, 169, 59,
       76, 254, 47, 213, 251, 223, 219, 227, 108, 99, 154, 254, 179, 182,
       79, 63, 145, 119, 175, 150, 245, 200, 85, 222, 205, 6, 70, 189,
       83, 178, 227, 78, 82, 65, 44, 221, 81, 212, 40, 106, 73, 119, 219,
       181, 57, 186, 85, 92, 59, 187, 240, 40, 138, 174, 26, 154, 249,
       181, 184, 231, 158, 31, 220, 147, 172, 238, 98, 204, 205, 59, 203,
       145, 54, 79, 130, 247, 13, 23, 222, 235, 146, 76, 173, 207, 206,
       148, 118, 250, 191, 214, 120, 157, 189, 85, 87, 17, 205, 95, 62,
       237, 231, 19, 189, 149, 182, 12, 59, 247, 239, 255, 218, 195, 158,
       132, 237, 87, 156, 132, 159, 247, 164, 110, 101, 190, 124, 187,
       98, 80, 215, 115, 0, 123, 129, 86, 124, 42, 41, 244, 89, 46, 197,
       234, 119, 4, 192, 112, 193, 34, 33, 167, 113, 65, 244, 159, 226,
       119, 125, 105, 122, 70, 179, 8, 148, 164, 30, 42, 22, 60, 179,
       184, 101, 223, 46, 28, 32, 64, 79, 142, 210, 172, 38, 118, 149,
       158, 237, 13, 150, 200, 143, 186, 17, 107, 196, 248, 109, 15, 157,
       121, 107, 115, 98, 103, 202, 210, 44, 18, 77, 190, 208, 123, 23,
       143, 52, 197, 236, 7, 215, 91, 230, 228, 117, 228, 255, 135, 67,
       104, 31, 132, 120, 204, 226, 231, 236, 240, 93, 174, 55, 71, 133,
       5, 111, 127, 220, 214, 61, 225, 237, 71, 220, 23, 239, 253, 67,
       248, 61, 2, 89, 127, 221, 50, 60, 206, 117, 238, 217, 114, 191,
       253, 111, 201, 165, 164, 111, 179, 242, 224, 255, 92, 85, 204, 75,
       30, 78, 56, 153, 146, 247, 206, 107, 103, 149, 247, 126, 244, 188,
       238, 233, 199, 255, 237, 178, 250, 193, 156, 63, 255, 106, 52, 7,
       251, 109, 79, 250, 23, 239, 189, 207, 232, 20, 206, 121, 204, 223,
       38, 54, 101, 127, 238, 193, 33, 175, 253, 110, 40, 45, 188, 127,
       191, 193, 245, 88, 113, 19, 172, 59, 79, 55, 120, 166, 36, 234,
       40, 223, 215, 41, 80, 242, 157, 239, 98, 72, 67, 155, 28, 241,
       225, 39, 56, 48, 50, 39, 51, 76, 52, 190, 101, 160, 110, 117, 17,
       104, 142, 127, 8, 223, 127, 11, 59, 183, 84, 109, 58, 144, 240,
       185, 8, 207, 251, 101, 68, 192, 227, 71, 99, 37, 71, 105, 71, 228,
       15, 239, 185, 68, 232, 127, 76, 211, 97, 157, 32, 28, 196, 22,
       110, 201, 176, 109, 44, 102, 188, 165, 148, 77, 251, 208, 185,
       245, 236, 225, 71, 250, 6, 79, 248, 19, 162, 253, 234, 81, 119,
       152, 55, 127, 220, 84, 238, 233, 210, 237, 46, 56, 174, 173, 180,
       45, 243, 98, 176, 124, 7, 86, 69, 25, 27, 86, 32, 53, 36, 230, 8,
       66, 33, 143, 213, 216, 148, 236, 106, 44, 243, 97, 28, 179, 250,
       65, 23, 99, 175, 78, 6, 245, 99, 221, 234, 158, 34, 79, 216, 114,
       184, 177, 202, 83, 98, 217, 122, 123, 196, 124, 254, 171, 70, 237,
       26, 248, 172, 175, 188, 181, 243, 114, 33, 165, 115, 60, 103, 32,
       14, 127, 184, 124, 174, 119, 76, 214, 83, 139, 51, 148, 84, 108,
       110, 224, 244, 121, 46, 231, 187, 101, 4, 64, 179, 66, 35, 125,
       69, 237, 231, 60, 74, 206, 184, 82, 226, 251, 75, 83, 105, 153,
       34, 121, 230, 125, 239, 169, 243, 77, 62, 248, 175, 229, 148, 101,
       251, 210, 0, 166, 111, 38, 143, 221, 27, 174, 236, 95, 164, 219,
       199, 200, 232, 63, 132, 248, 111, 235, 103, 228, 243, 79, 254, 52,
       22, 143, 163, 85, 127, 249, 198, 138, 174, 156, 155, 235, 241,
       184, 135, 190, 31, 92, 177, 172, 230, 98, 77, 207, 59, 235, 145,
       54, 78, 226, 247, 79, 23, 26, 235, 146, 68, 173, 207, 9, 142, 247,
       93, 100, 154, 237, 147, 127, 210, 118, 224, 251, 104, 148, 245,
       115, 238, 38, 12, 243, 252, 101, 93, 14, 251, 182, 128, 111, 248,
       64, 173, 39, 166, 235, 19, 230, 61, 253, 255, 123, 255, 55, 255,
       77, 172, 222, 59, 191, 78, 119, 31, 180, 126, 238, 226, 126, 31,
       117, 230, 197, 252, 215, 245, 77, 214, 51, 109, 180, 206, 107,
       191, 125, 73, 126, 100, 219, 53, 144, 112, 151, 12, 85, 60, 179,
       188, 49, 31, 239, 254, 32, 196, 194, 130, 199, 49, 91, 115, 138,
       164, 130, 18, 184, 22, 168, 229, 154, 231, 141, 174, 114, 194,
       230, 197, 253, 213, 148, 217, 133, 192, 216, 37, 174, 197, 172,
       54, 169, 85, 40, 13, 253, 109, 197, 110, 101, 23, 116, 134, 238,
       8, 147, 53, 5, 58, 73, 222, 98, 8, 73, 252, 113, 10, 103, 255, 84,
       4, 193, 248, 198, 248, 117, 2, 109, 238, 76, 1, 203, 120, 193, 64,
       177, 206, 115, 73, 189, 35, 88, 192, 95, 239, 137, 35, 126, 153,
       208, 169, 193, 60, 125, 187, 114, 160, 190, 50, 227, 80, 99, 83,
       177, 89, 87, 222, 247, 179, 10, 220, 239, 111, 252, 157, 166, 176,
       156, 246, 231, 192, 91, 216, 247, 143, 227, 44, 100, 247, 6, 21,
       254, 204, 238, 71, 190, 233, 141, 130, 217, 131, 76, 254, 61, 7,
       254, 249, 215, 231, 208, 131, 26, 200, 53, 62, 207, 143, 149, 126,
       35, 147, 69, 103, 196, 166, 60, 42, 235, 156, 233, 248, 187, 204,
       255, 107, 155, 115, 130, 196, 127, 111, 169, 97, 221, 237, 244,
       248, 39, 156, 76, 246, 83, 25, 100, 76, 63, 231, 36, 110, 99, 8,
       52, 130, 227, 8, 215, 55, 1, 115, 208, 212, 108, 106, 40, 240,
       249, 42, 229, 255, 96, 20, 64, 123, 70, 34, 6, 73, 31, 159, 206,
       165, 190, 200, 238, 146, 123, 67, 220, 226, 41, 73, 250, 105, 42,
       194, 66, 177, 10, 248, 53, 18, 79, 138, 148, 123, 161, 130, 62,
       43, 112, 254, 123, 213, 90, 104, 163, 12, 253, 169, 111, 207, 35,
       144, 238, 185, 197, 194, 78, 3, 74, 189, 243, 213, 137, 187, 115,
       167, 46, 211, 186, 190, 172, 180, 188, 87, 212, 127, 138, 254,
       156, 127, 214, 252, 86, 3, 205, 87, 253, 33, 253, 111, 91, 190,
       251, 203, 255, 191, 93, 104, 255, 91, 118, 236, 150, 158, 219,
       211, 150, 236, 191, 142, 176, 43, 76, 254, 47, 213, 251, 251, 255,
       227, 124, 67, 138, 254, 185, 246, 207, 191, 145, 119, 175, 135,
       124, 164, 156, 250, 169, 253, 80, 71, 187, 31, 165, 25, 143, 187,
       104, 155, 131, 147, 237, 16, 62, 111, 218, 147, 219, 215, 80, 127,
       242, 64, 174, 3, 155, 90, 76, 189, 42, 48, 60, 222, 175, 30, 84,
       231, 173, 143, 163, 203, 102, 97, 191, 197, 166, 13, 135, 241,
       214, 97, 250, 168, 63, 245, 41, 153, 92, 176, 190, 186, 139, 84,
       24, 236, 179, 149, 165, 153, 31, 223, 74, 219, 231, 213, 253, 144,
       62, 71, 218, 161, 219, 227, 159, 127, 170, 37, 174, 82, 247, 76,
       76, 222, 76, 62, 78, 186, 25, 226, 254, 218, 91, 122, 149, 243,
       125, 246, 54, 238, 237, 86, 255, 238, 54, 235, 225, 152, 61, 249,
       74, 36, 222, 91, 158, 188, 42, 136, 24, 24, 174, 156, 134, 229,
       239, 207, 11, 91, 166, 117, 237, 87, 76, 65, 131, 16, 210, 225,
       107, 145, 36, 181, 13, 19, 79, 145, 116, 219, 205, 212, 121, 153,
       231, 85, 87, 2, 25, 223, 126, 255, 102, 147, 187, 221, 146, 88,
