%YAML:1.0
---
descriptors: !!opencv-matrix
   rows: 289
   cols: 32
   dt: u
   data: [ 229, 160, 189, 250, 172, 236, 73, 223, 251, 27, 53, 24, 159,
       243, 200, 63, 135, 143, 108, 28, 59, 107, 234, 112, 217, 251, 119,
       120, 192, 192, 195, 33, 186, 205, 110, 254, 156, 128, 207, 255,
       148, 16, 220, 130, 113, 239, 176, 97, 73, 226, 63, 207, 234, 11,
       46, 191, 242, 239, 174, 216, 55, 218, 240, 120, 159, 70, 199, 133,
       178, 50, 172, 113, 56, 226, 83, 247, 89, 38, 188, 235, 119, 197,
       61, 191, 245, 213, 173, 206, 60, 106, 239, 196, 175, 246, 169,
       213, 9, 142, 123, 249, 180, 169, 233, 23, 124, 81, 126, 246, 157,
       11, 176, 104, 111, 43, 6, 157, 179, 184, 101, 214, 206, 223, 178,
       192, 220, 200, 225, 169, 17, 142, 111, 233, 150, 170, 105, 55,
       116, 65, 94, 242, 147, 33, 176, 96, 107, 130, 31, 156, 187, 184,
       101, 215, 204, 239, 178, 192, 189, 200, 240, 104, 215, 217, 58,
       174, 61, 215, 94, 232, 173, 200, 155, 3, 255, 222, 43, 112, 244,
       245, 255, 231, 77, 131, 184, 255, 179, 253, 143, 31, 24, 55, 33,
       87, 78, 45, 216, 209, 233, 61, 108, 15, 43, 179, 44, 152, 142, 39,
       81, 190, 131, 31, 232, 28, 18, 88, 211, 208, 143, 209, 21, 125,
       134, 192, 139, 172, 31, 172, 226, 142, 219, 83, 126, 232, 63, 195,
       220, 135, 104, 238, 255, 244, 127, 207, 223, 207, 222, 139, 61,
       255, 58, 62, 143, 175, 183, 247, 122, 212, 2, 204, 18, 155, 213,
       213, 178, 198, 30, 5, 72, 19, 172, 220, 38, 196, 217, 59, 131, 17,
       6, 188, 90, 247, 45, 22, 30, 107, 16, 12, 173, 142, 246, 253, 252,
       243, 172, 107, 223, 174, 155, 183, 191, 187, 91, 189, 86, 27, 143,
       223, 253, 83, 248, 111, 223, 226, 251, 223, 85, 255, 199, 249,
       214, 115, 172, 119, 28, 103, 96, 31, 118, 184, 61, 174, 127, 109,
       223, 97, 137, 145, 150, 84, 197, 110, 224, 240, 73, 14, 231, 219,
       97, 132, 74, 251, 78, 145, 185, 184, 154, 112, 173, 189, 80, 87,
       251, 27, 180, 29, 47, 249, 66, 155, 161, 163, 236, 20, 190, 111,
       18, 51, 219, 219, 112, 123, 250, 76, 202, 11, 246, 61, 252, 244,
       207, 111, 223, 203, 155, 190, 184, 27, 222, 255, 71, 11, 191, 215,
       255, 243, 56, 103, 219, 226, 223, 219, 221, 255, 229, 121, 198,
       83, 92, 87, 111, 44, 18, 18, 94, 248, 53, 140, 223, 231, 75, 111,
       155, 209, 126, 213, 189, 230, 236, 131, 45, 15, 242, 231, 239,
       133, 39, 183, 46, 81, 180, 228, 236, 127, 222, 127, 231, 253, 118,
       230, 247, 154, 115, 109, 31, 97, 121, 218, 95, 235, 172, 246, 125,
       63, 127, 143, 231, 37, 245, 251, 212, 226, 6, 181, 166, 147, 229,
       164, 172, 215, 61, 95, 83, 151, 140, 174, 125, 105, 231, 11, 183,
       149, 214, 216, 23, 224, 167, 88, 222, 194, 150, 212, 181, 214, 40,
       119, 113, 69, 114, 91, 163, 56, 124, 96, 126, 224, 219, 1, 133,
       180, 122, 92, 134, 104, 193, 176, 101, 78, 38, 252, 32, 132, 103,
       162, 70, 165, 49, 15, 75, 238, 22, 163, 79, 115, 196, 64, 219,
       230, 115, 227, 176, 96, 122, 170, 14, 238, 249, 187, 12, 63, 240,
       172, 162, 64, 61, 234, 240, 160, 6, 8, 31, 241, 66, 162, 56, 67,
       188, 17, 66, 210, 157, 131, 32, 72, 38, 45, 59, 152, 19, 157, 6,
       192, 148, 160, 106, 192, 168, 129, 33, 161, 38, 36, 194, 138, 85,
       181, 162, 72, 94, 1, 121, 11, 32, 200, 39, 132, 217, 41, 130, 17,
       6, 178, 90, 223, 53, 20, 137, 43, 213, 14, 126, 134, 190, 254,
       210, 255, 51, 179, 186, 216, 31, 230, 252, 167, 107, 206, 175,
       212, 127, 249, 135, 198, 175, 182, 189, 255, 186, 244, 143, 163,
       127, 191, 46, 213, 230, 253, 233, 127, 252, 125, 95, 248, 27, 254,
       189, 57, 242, 125, 223, 54, 221, 218, 221, 111, 238, 98, 251, 187,
       127, 223, 229, 191, 215, 255, 214, 247, 246, 226, 76, 186, 40,
       105, 66, 136, 188, 55, 165, 185, 227, 67, 142, 27, 219, 192, 77,
       230, 42, 71, 202, 51, 210, 227, 202, 117, 36, 17, 14, 66, 244,
       123, 232, 194, 218, 66, 159, 216, 58, 252, 189, 175, 89, 199, 239,
       18, 119, 205, 85, 254, 226, 71, 191, 122, 122, 141, 175, 252, 189,
       243, 39, 241, 211, 184, 159, 80, 11, 221, 80, 71, 235, 81, 160,
       24, 46, 154, 102, 255, 167, 179, 204, 17, 151, 111, 178, 213, 155,
       218, 90, 123, 233, 4, 175, 79, 204, 166, 188, 113, 168, 47, 81,
       154, 122, 191, 180, 25, 223, 115, 75, 91, 181, 68, 108, 126, 184,
       100, 227, 50, 207, 251, 117, 181, 194, 241, 78, 195, 189, 151,
       108, 230, 156, 87, 222, 248, 80, 238, 189, 142, 83, 108, 191, 35,
       93, 198, 220, 239, 237, 227, 127, 174, 251, 207, 239, 181, 253,
       251, 124, 252, 1, 214, 189, 255, 44, 149, 180, 255, 94, 95, 88,
       86, 246, 248, 62, 96, 221, 75, 54, 13, 230, 60, 123, 179, 103, 95,
       126, 150, 84, 88, 213, 207, 111, 216, 181, 86, 141, 254, 209, 142,
       203, 255, 173, 8, 122, 124, 95, 254, 129, 246, 184, 24, 131, 103,
       187, 225, 27, 127, 85, 23, 199, 127, 86, 126, 111, 185, 164, 214,
       221, 116, 185, 232, 203, 249, 149, 10, 204, 252, 94, 175, 137,
       119, 243, 21, 181, 107, 186, 228, 31, 95, 223, 127, 135, 100, 223,
       246, 167, 164, 237, 223, 221, 255, 237, 174, 222, 178, 84, 18,
       241, 248, 124, 43, 57, 110, 51, 45, 178, 252, 255, 191, 13, 107,
       223, 108, 245, 104, 209, 166, 29, 55, 237, 161, 178, 58, 43, 27,
       50, 225, 31, 228, 221, 54, 218, 112, 55, 71, 28, 189, 145, 208,
       45, 14, 204, 207, 47, 196, 172, 231, 129, 241, 79, 190, 131, 159,
       251, 22, 174, 233, 191, 218, 210, 199, 236, 238, 191, 197, 255,
       239, 255, 167, 229, 211, 223, 255, 190, 118, 207, 206, 142, 118,
       57, 213, 233, 177, 252, 205, 244, 142, 239, 253, 127, 232, 254, 2,
       248, 241, 212, 116, 120, 238, 127, 250, 210, 250, 251, 253, 127,
       59, 231, 76, 71, 170, 242, 160, 11, 159, 105, 79, 116, 189, 239,
       183, 118, 104, 124, 230, 185, 45, 150, 37, 62, 10, 23, 204, 227,
       184, 109, 127, 102, 15, 178, 128, 95, 194, 81, 249, 220, 214, 252,
       165, 162, 43, 53, 159, 62, 183, 31, 255, 207, 39, 202, 91, 55, 87,
       237, 48, 176, 84, 141, 2, 222, 199, 117, 245, 164, 240, 133, 121,
       189, 86, 99, 76, 118, 51, 238, 120, 213, 194, 249, 230, 83, 200,
       181, 164, 126, 232, 22, 239, 173, 179, 36, 142, 50, 108, 163, 136,
       127, 255, 120, 181, 159, 126, 230, 223, 147, 179, 222, 206, 23,
       230, 254, 183, 107, 110, 183, 205, 255, 251, 151, 246, 174, 215,
       61, 255, 178, 254, 143, 131, 255, 253, 44, 215, 1, 143, 127, 249,
       180, 168, 105, 55, 252, 81, 126, 244, 181, 163, 176, 97, 103, 35,
       63, 12, 179, 184, 36, 215, 206, 190, 50, 192, 156, 192, 225, 41,
       223, 71, 238, 69, 134, 50, 239, 190, 124, 242, 94, 246, 89, 42,
       159, 111, 63, 199, 63, 239, 225, 244, 45, 226, 118, 47, 254, 132,
       175, 241, 241, 109, 244, 160, 213, 120, 172, 237, 73, 206, 251,
       61, 180, 56, 159, 243, 200, 63, 131, 199, 108, 24, 58, 111, 226,
       209, 219, 251, 119, 124, 194, 192, 199, 33, 181, 93, 229, 79, 172,
       71, 199, 252, 86, 234, 184, 66, 83, 124, 253, 35, 95, 86, 54, 107,
       233, 97, 61, 58, 41, 14, 231, 20, 117, 251, 240, 241, 246, 150,
       126, 190, 175, 106, 86, 43, 189, 254, 187, 187, 78, 124, 46, 83,
       255, 247, 253, 35, 252, 231, 73, 207, 243, 247, 87, 151, 53, 127,
       255, 87, 188, 76, 127, 111, 100, 14, 123, 248, 117, 138, 119, 66,
       91, 79, 185, 49, 126, 252, 23, 238, 233, 182, 57, 46, 87, 239, 97,
       132, 99, 187, 98, 177, 177, 135, 79, 236, 182, 2, 111, 117, 100,
       0, 218, 226, 115, 99, 184, 97, 122, 230, 14, 238, 248, 187, 5, 13,
       240, 171, 162, 0, 53, 170, 240, 40, 109, 101, 233, 103, 244, 31,
       79, 184, 67, 232, 63, 76, 211, 109, 221, 176, 28, 204, 118, 110,
       201, 178, 253, 170, 239, 221, 37, 52, 111, 251, 82, 112, 21, 138,
       223, 249, 18, 162, 40, 83, 62, 1, 67, 210, 93, 195, 160, 104, 119,
       61, 63, 152, 19, 157, 5, 94, 148, 174, 186, 192, 173, 128, 161,
       161, 2, 236, 16, 155, 85, 213, 178, 206, 30, 7, 120, 3, 172, 216,
