%YAML:1.0
---
descriptors: !!opencv-matrix
   rows: 199
   cols: 32
   dt: u
   data: [ 135, 247, 237, 79, 250, 23, 175, 189, 31, 250, 93, 246, 89,
       108, 223, 39, 55, 95, 55, 239, 225, 116, 175, 255, 44, 10, 109,
       172, 125, 255, 129, 245, 143, 214, 121, 234, 246, 39, 255, 248,
       93, 194, 93, 214, 93, 111, 189, 33, 55, 89, 23, 239, 225, 36, 46,
       255, 111, 207, 175, 172, 191, 251, 65, 241, 29, 29, 27, 255, 146,
       166, 47, 115, 180, 202, 75, 70, 117, 247, 33, 64, 116, 127, 31,
       174, 113, 157, 16, 46, 249, 231, 175, 128, 168, 114, 161, 49, 80,
       184, 190, 116, 10, 200, 17, 35, 178, 183, 166, 57, 55, 183, 66,
       91, 167, 183, 237, 0, 58, 79, 162, 33, 217, 163, 112, 121, 160, 0,
       7, 106, 44, 191, 184, 97, 253, 95, 86, 154, 107, 236, 188, 77,
       159, 125, 67, 16, 157, 216, 221, 126, 206, 114, 217, 24, 239, 221,
       37, 53, 202, 251, 78, 211, 23, 120, 235, 190, 87, 192, 191, 192,
       56, 70, 80, 131, 60, 252, 55, 32, 254, 107, 19, 199, 198, 190,
       190, 235, 113, 46, 158, 138, 101, 63, 55, 255, 217, 168, 157, 176,
       136, 237, 69, 7, 178, 243, 162, 24, 183, 151, 64, 123, 129, 254,
       124, 24, 43, 77, 251, 52, 217, 243, 85, 124, 160, 0, 130, 42, 104,
       170, 146, 112, 217, 141, 66, 199, 187, 137, 232, 72, 166, 195, 64,
       148, 145, 58, 194, 16, 26, 59, 218, 51, 187, 213, 17, 123, 202, 2,
       202, 138, 223, 125, 235, 96, 178, 106, 63, 240, 51, 238, 63, 185,
       95, 127, 203, 48, 55, 253, 245, 243, 253, 213, 189, 42, 251, 197,
       45, 229, 231, 247, 135, 115, 100, 5, 61, 109, 52, 78, 71, 176,
       100, 36, 238, 8, 215, 53, 1, 112, 208, 212, 108, 106, 73, 176,
       241, 12, 229, 235, 32, 20, 96, 187, 68, 98, 109, 100, 241, 87,
       101, 127, 71, 168, 113, 226, 239, 24, 210, 113, 141, 52, 217, 196,
       96, 42, 41, 182, 249, 42, 103, 254, 69, 52, 195, 123, 86, 98, 146,
       94, 14, 190, 46, 130, 190, 98, 156, 86, 211, 247, 228, 238, 35,
       67, 238, 97, 191, 199, 228, 197, 6, 237, 192, 35, 234, 139, 28,
       101, 61, 219, 52, 49, 25, 236, 24, 79, 83, 72, 34, 224, 229, 8,
       215, 87, 1, 80, 216, 216, 75, 114, 9, 35, 249, 28, 241, 141, 1,
       28, 112, 35, 102, 178, 214, 18, 158, 182, 170, 106, 61, 1, 184,
       158, 151, 179, 205, 231, 43, 75, 166, 117, 237, 160, 48, 197, 131,
       66, 209, 226, 123, 131, 160, 96, 37, 115, 120, 168, 154, 186, 73,
       165, 80, 67, 175, 29, 160, 25, 46, 243, 96, 90, 193, 179, 111, 16,
       26, 75, 154, 49, 217, 209, 82, 123, 144, 0, 39, 10, 147, 220, 71,
       189, 22, 134, 110, 182, 180, 66, 66, 215, 117, 6, 49, 227, 102,
       229, 57, 239, 237, 221, 21, 239, 176, 226, 222, 0, 61, 180, 57,
       92, 227, 219, 106, 222, 234, 18, 30, 253, 145, 200, 212, 230, 73,
       238, 182, 245, 94, 255, 183, 230, 237, 219, 166, 238, 54, 59, 238,
       139, 47, 180, 170, 221, 222, 66, 223, 252, 42, 82, 31, 72, 176,
       134, 247, 162, 77, 247, 161, 251, 126, 245, 237, 226, 104, 71,
       174, 202, 210, 227, 235, 159, 55, 243, 37, 99, 200, 56, 147, 114,
       33, 237, 81, 146, 187, 139, 96, 24, 190, 215, 65, 56, 147, 59,
       116, 24, 51, 92, 242, 34, 201, 223, 16, 74, 200, 65, 7, 59, 90,
       185, 159, 248, 139, 193, 17, 207, 175, 29, 164, 41, 174, 247, 96,
       90, 231, 179, 239, 144, 18, 75, 178, 241, 219, 211, 94, 123, 144,
       0, 167, 59, 217, 147, 159, 244, 169, 46, 92, 55, 225, 155, 166,
       80, 223, 51, 0, 218, 167, 215, 108, 8, 17, 73, 147, 0, 219, 251,
       116, 16, 170, 224, 163, 35, 217, 205, 214, 85, 180, 62, 108, 182,
       125, 138, 254, 86, 59, 34, 149, 245, 39, 230, 44, 140, 237, 216,
       117, 207, 190, 255, 247, 132, 170, 240, 72, 45, 82, 34, 187, 200,
       139, 113, 185, 74, 191, 55, 176, 187, 12, 142, 36, 89, 239, 151,
       239, 128, 0, 71, 162, 208, 209, 179, 91, 191, 145, 64, 39, 227,
       68, 113, 57, 103, 32, 78, 55, 184, 41, 108, 54, 8, 214, 23, 1,
       112, 148, 84, 125, 106, 193, 80, 249, 76, 231, 185, 33, 132, 2,
       179, 7, 115, 104, 169, 146, 58, 217, 253, 80, 198, 163, 21, 168,
       9, 46, 211, 96, 144, 137, 59, 232, 16, 30, 107, 154, 49, 187, 209,
       20, 123, 210, 80, 238, 138, 237, 50, 253, 101, 32, 46, 107, 24,
       121, 238, 55, 76, 215, 119, 217, 122, 22, 84, 125, 126, 129, 244,
       249, 10, 207, 251, 97, 180, 194, 227, 70, 113, 65, 160, 189, 125,
       29, 14, 65, 56, 126, 241, 163, 64, 211, 121, 20, 107, 145, 212,
       120, 44, 185, 232, 251, 13, 203, 251, 81, 20, 72, 168, 64, 40,
       101, 162, 140, 82, 173, 189, 64, 159, 235, 121, 165, 92, 134, 200,
       94, 62, 137, 2, 108, 28, 158, 105, 218, 49, 159, 217, 21, 124,
       218, 76, 218, 4, 199, 214, 87, 183, 178, 2, 47, 183, 124, 83, 66,
       244, 213, 34, 152, 97, 119, 71, 56, 253, 245, 220, 149, 110, 172,
       34, 254, 192, 44, 128, 161, 93, 65, 61, 173, 37, 52, 238, 109, 55,
       104, 225, 110, 8, 182, 61, 16, 50, 128, 38, 120, 13, 145, 184,
       241, 14, 197, 190, 84, 16, 72, 96, 211, 106, 86, 49, 251, 166,
       131, 102, 63, 136, 48, 230, 143, 143, 93, 255, 75, 122, 54, 245,
       253, 227, 1, 209, 185, 96, 243, 231, 79, 135, 165, 115, 39, 115,
       248, 160, 254, 112, 8, 200, 81, 87, 226, 21, 164, 24, 51, 151, 64,
       59, 33, 146, 108, 8, 10, 107, 162, 17, 219, 137, 116, 57, 96, 128,
       198, 107, 199, 255, 229, 93, 238, 55, 175, 190, 95, 250, 18, 222,
       220, 108, 151, 175, 23, 71, 123, 239, 245, 77, 255, 254, 44, 58,
       79, 190, 159, 245, 145, 245, 57, 219, 118, 111, 231, 31, 246, 245,
       69, 106, 247, 110, 123, 93, 150, 164, 124, 240, 182, 107, 205,
       190, 109, 191, 118, 127, 37, 146, 127, 190, 248, 29, 135, 197,
       237, 215, 196, 55, 239, 253, 94, 210, 87, 210, 89, 108, 253, 111,
       127, 194, 51, 239, 243, 244, 47, 251, 110, 10, 239, 196, 159, 249,
       241, 228, 40, 121, 184, 101, 245, 207, 119, 182, 107, 236, 60, 77,
       191, 63, 67, 16, 140, 126, 85, 72, 201, 184, 241, 44, 239, 221,
       37, 49, 74, 184, 78, 219, 40, 186, 146, 90, 121, 141, 82, 211,
       191, 13, 108, 12, 166, 195, 66, 148, 137, 58, 194, 16, 26, 42, 90,
       51, 174, 213, 17, 123, 218, 2, 202, 154, 151, 92, 239, 151, 134,
       114, 175, 166, 124, 87, 91, 150, 249, 44, 191, 107, 99, 199, 59,
       159, 181, 220, 61, 226, 100, 42, 254, 128, 173, 113, 241, 124, 73,
       183, 185, 245, 160, 142, 125, 55, 105, 235, 126, 77, 191, 63, 2,
       114, 134, 183, 125, 12, 217, 216, 241, 8, 207, 255, 116, 129, 72,
       192, 203, 91, 1, 18, 111, 85, 100, 138, 105, 51, 125, 118, 118,
       230, 219, 39, 148, 116, 127, 172, 38, 12, 137, 184, 231, 88, 78,
       235, 227, 132, 103, 168, 68, 241, 109, 111, 144, 101, 245, 30,
       102, 156, 113, 170, 126, 76, 219, 51, 129, 180, 20, 76, 132, 126,
       225, 176, 201, 46, 174, 255, 37, 132, 202, 247, 74, 169, 199, 158,
       197, 179, 162, 168, 47, 134, 190, 215, 11, 247, 237, 230, 219, 75,
       39, 103, 125, 151, 183, 220, 159, 226, 140, 54, 255, 194, 172,
       117, 129, 84, 57, 22, 237, 85, 246, 123, 231, 57, 87, 235, 246,
       234, 115, 60, 157, 36, 127, 206, 118, 173, 185, 242, 109, 142, 62,
       239, 229, 128, 239, 248, 80, 245, 91, 176, 144, 176, 139, 44, 16,
       15, 175, 113, 130, 29, 158, 179, 74, 218, 167, 135, 253, 20, 19,
       77, 147, 81, 156, 241, 94, 126, 136, 68, 139, 27, 97, 184, 188,
       17, 237, 157, 208, 199, 235, 249, 172, 13, 142, 184, 87, 186, 137,
       111, 232, 21, 151, 107, 210, 64, 15, 31, 85, 127, 202, 76, 219,
       142, 204, 82, 253, 231, 36, 46, 107, 152, 113, 174, 119, 12, 223,
       113, 217, 82, 22, 196, 125, 110, 168, 244, 249, 10, 199, 255, 97,
       132, 98, 243, 70, 97, 211, 249, 17, 162, 57, 205, 26, 168, 175,
       120, 128, 205, 174, 214, 68, 246, 134, 69, 125, 85, 71, 79, 219,
       245, 185, 16, 15, 254, 8, 6, 3, 125, 216, 85, 111, 228, 162, 66,
       79, 181, 165, 192, 206, 162, 81, 39, 169, 115, 118, 244, 125, 234,
       105, 145, 45, 12, 242, 227, 239, 133, 39, 178, 180, 120, 3, 157,
