%YAML:1.0
---
descriptors: !!opencv-matrix
   rows: 351
   cols: 32
   dt: u
   data: [ 25, 148, 154, 121, 211, 188, 112, 247, 63, 31, 110, 21, 30,
       179, 10, 216, 183, 27, 198, 16, 54, 184, 145, 87, 207, 255, 18,
       71, 250, 64, 171, 139, 32, 206, 74, 75, 112, 171, 239, 96, 36, 6,
       113, 137, 49, 3, 180, 17, 122, 136, 71, 238, 64, 178, 64, 109,
       116, 138, 226, 192, 117, 131, 98, 168, 27, 104, 226, 237, 38, 18,
       124, 87, 52, 234, 214, 130, 57, 143, 177, 96, 110, 252, 63, 206,
       200, 223, 165, 232, 246, 239, 254, 128, 39, 244, 176, 249, 162,
       217, 118, 218, 213, 132, 254, 231, 221, 65, 242, 19, 40, 158, 52,
       1, 236, 171, 19, 197, 242, 190, 18, 255, 47, 59, 150, 66, 81, 12,
       224, 202, 154, 144, 180, 185, 175, 183, 180, 239, 31, 59, 84, 50,
       60, 127, 40, 141, 237, 27, 183, 17, 242, 252, 27, 213, 157, 211,
       223, 231, 146, 76, 185, 155, 184, 4, 110, 101, 13, 107, 192, 114,
       197, 162, 214, 18, 115, 9, 53, 43, 104, 164, 127, 41, 232, 247,
       85, 140, 87, 75, 192, 17, 103, 236, 92, 170, 74, 216, 178, 223,
       139, 148, 60, 215, 191, 219, 86, 18, 172, 247, 103, 236, 229, 123,
       183, 144, 146, 92, 178, 241, 143, 249, 222, 203, 146, 4, 169, 191,
       129, 138, 7, 251, 180, 171, 224, 211, 94, 11, 83, 244, 255, 64,
       184, 232, 251, 43, 30, 28, 183, 188, 1, 255, 140, 223, 50, 192,
       156, 136, 241, 153, 175, 210, 108, 91, 172, 221, 221, 189, 93,
       126, 20, 245, 218, 92, 223, 41, 223, 146, 183, 254, 255, 116, 127,
       183, 79, 27, 244, 215, 94, 157, 220, 119, 32, 249, 21, 217, 105,
       233, 225, 206, 174, 17, 232, 64, 180, 215, 104, 234, 201, 27, 123,
       88, 3, 9, 82, 113, 5, 144, 26, 66, 144, 17, 231, 170, 11, 217,
       124, 254, 124, 213, 251, 249, 159, 72, 212, 166, 253, 223, 186,
       97, 254, 185, 63, 237, 227, 47, 110, 253, 247, 255, 235, 200, 31,
       174, 53, 249, 58, 161, 176, 226, 189, 217, 148, 207, 91, 53, 188,
       27, 174, 188, 78, 4, 153, 155, 135, 17, 94, 106, 202, 211, 251,
       213, 21, 127, 211, 76, 223, 207, 2, 153, 18, 155, 213, 213, 190,
       231, 30, 5, 72, 3, 172, 222, 38, 196, 217, 123, 147, 193, 86, 152,
       82, 253, 45, 54, 158, 67, 18, 12, 189, 222, 49, 207, 110, 236,
       212, 150, 206, 247, 213, 64, 254, 198, 115, 232, 183, 96, 126,
       234, 30, 239, 237, 171, 100, 191, 250, 239, 167, 200, 61, 186,
       248, 204, 8, 185, 151, 79, 83, 204, 49, 71, 238, 81, 104, 0, 190,
       183, 4, 180, 162, 59, 66, 64, 67, 152, 50, 97, 7, 248, 2, 2, 66,
       2, 39, 170, 249, 133, 70, 238, 181, 150, 94, 125, 133, 64, 254, 7,
       107, 79, 58, 209, 248, 166, 174, 230, 124, 187, 17, 189, 178, 235,
       162, 81, 55, 142, 248, 90, 46, 165, 176, 234, 253, 253, 84, 207,
       31, 121, 105, 25, 142, 253, 108, 80, 217, 155, 151, 16, 26, 58,
       122, 209, 187, 212, 21, 127, 146, 74, 212, 130, 40, 171, 98, 80,
       221, 221, 192, 67, 227, 53, 228, 9, 34, 200, 86, 148, 200, 170,
       194, 17, 30, 122, 194, 21, 31, 81, 144, 121, 211, 12, 222, 206, 5,
       71, 154, 143, 252, 23, 166, 200, 220, 10, 219, 78, 196, 178, 169,
       228, 248, 76, 106, 110, 117, 163, 91, 254, 180, 52, 15, 30, 152,
       123, 169, 133, 3, 148, 47, 201, 148, 231, 171, 162, 76, 77, 95,
       130, 144, 54, 188, 100, 117, 26, 26, 189, 147, 152, 61, 223, 45,
       30, 154, 196, 148, 75, 53, 117, 80, 117, 122, 239, 242, 206, 127,
       244, 40, 76, 94, 160, 125, 247, 43, 80, 54, 255, 31, 234, 64, 144,
       184, 94, 247, 173, 46, 128, 32, 178, 167, 251, 1, 125, 123, 79,
       242, 15, 175, 252, 124, 72, 122, 96, 247, 117, 137, 48, 54, 93,
       22, 106, 209, 184, 33, 110, 109, 188, 38, 128, 100, 178, 131, 185,
       189, 5, 71, 108, 84, 2, 71, 120, 65, 128, 255, 134, 83, 97, 185,
       85, 88, 236, 6, 110, 105, 178, 117, 140, 114, 233, 225, 0, 127,
       187, 112, 176, 1, 145, 25, 235, 180, 135, 190, 109, 76, 9, 88, 66,
       181, 26, 32, 32, 220, 59, 2, 240, 83, 184, 81, 221, 237, 217, 170,
       64, 28, 10, 177, 155, 177, 221, 126, 254, 60, 192, 93, 247, 212,
       72, 212, 2, 49, 223, 162, 97, 72, 186, 14, 200, 235, 171, 118,
       191, 243, 233, 178, 8, 53, 152, 244, 235, 46, 208, 82, 136, 103,
       117, 248, 200, 15, 81, 181, 26, 76, 218, 124, 172, 251, 153, 151,
       161, 6, 39, 59, 209, 21, 25, 139, 47, 23, 30, 105, 135, 151, 93,
       74, 191, 146, 150, 46, 247, 52, 194, 202, 199, 121, 242, 51, 192,
       126, 239, 59, 207, 237, 153, 23, 239, 176, 111, 158, 128, 45, 117,
       185, 94, 6, 107, 144, 137, 44, 169, 160, 200, 142, 57, 144, 110,
       140, 136, 97, 136, 138, 25, 66, 81, 2, 35, 194, 240, 12, 16, 11,
       126, 212, 11, 11, 129, 10, 157, 152, 173, 223, 71, 188, 111, 31,
       227, 94, 135, 188, 191, 34, 64, 223, 63, 179, 129, 80, 186, 81,
       223, 231, 247, 154, 11, 30, 108, 173, 218, 42, 225, 162, 238, 93,
       211, 198, 232, 71, 236, 93, 2, 120, 249, 250, 228, 216, 236, 179,
       243, 79, 179, 175, 189, 107, 127, 173, 173, 63, 62, 124, 206, 156,
       177, 120, 227, 182, 95, 255, 245, 84, 108, 85, 182, 155, 29, 154,
       165, 62, 26, 151, 111, 243, 184, 125, 189, 231, 201, 164, 160,
       119, 222, 221, 243, 237, 73, 148, 159, 207, 6, 205, 140, 137, 82,
       224, 134, 204, 99, 59, 223, 78, 70, 176, 111, 113, 35, 210, 233,
       165, 114, 66, 10, 158, 253, 179, 180, 3, 129, 115, 219, 23, 149,
       171, 97, 141, 69, 77, 130, 236, 198, 62, 228, 126, 42, 154, 142,
       7, 136, 62, 253, 7, 124, 154, 66, 22, 142, 49, 236, 189, 232, 228,
       65, 132, 31, 207, 156, 83, 246, 146, 215, 83, 104, 223, 175, 89,
       204, 51, 127, 234, 246, 125, 160, 46, 74, 197, 20, 239, 255, 112,
       228, 250, 88, 120, 239, 45, 87, 94, 60, 69, 104, 246, 2, 107, 31,
       183, 244, 254, 148, 189, 234, 204, 61, 117, 191, 243, 255, 210,
       211, 119, 159, 236, 95, 229, 112, 237, 71, 44, 79, 207, 156, 70,
       254, 151, 106, 211, 93, 221, 46, 95, 196, 126, 254, 203, 116, 237,
       48, 103, 9, 229, 180, 101, 187, 84, 113, 86, 153, 48, 218, 61,
       221, 18, 136, 255, 20, 132, 8, 174, 218, 109, 244, 242, 59, 170,
       82, 70, 9, 186, 245, 187, 212, 15, 123, 18, 14, 13, 14, 58, 51,
       50, 236, 59, 217, 147, 72, 143, 12, 153, 171, 142, 220, 52, 164,
       222, 185, 223, 99, 154, 35, 226, 221, 145, 212, 9, 187, 87, 15, 7,
       247, 253, 6, 228, 198, 158, 34, 78, 152, 219, 154, 149, 230, 91,
       107, 253, 91, 95, 197, 61, 255, 185, 67, 79, 200, 154, 219, 239,
       156, 191, 251, 112, 17, 155, 177, 39, 185, 51, 220, 113, 89, 247,
       93, 87, 181, 175, 222, 170, 109, 118, 40, 157, 84, 175, 212, 54,
       145, 195, 241, 34, 139, 58, 140, 45, 87, 34, 205, 113, 203, 85,
       199, 182, 230, 94, 5, 88, 3, 160, 120, 52, 32, 217, 107, 131, 67,
       198, 184, 28, 255, 45, 30, 143, 67, 85, 31, 245, 206, 56, 1, 114,
       232, 229, 31, 78, 117, 101, 0, 127, 10, 91, 27, 56, 112, 122, 141,
       23, 234, 216, 186, 113, 158, 247, 237, 162, 192, 119, 138, 240,
       130, 10, 220, 182, 156, 115, 208, 188, 231, 189, 13, 92, 163, 172,
       190, 38, 196, 231, 123, 147, 129, 70, 137, 18, 237, 55, 119, 94,
       139, 150, 84, 173, 223, 57, 1, 98, 236, 212, 19, 110, 125, 81, 32,
       125, 2, 91, 235, 176, 116, 120, 172, 22, 234, 216, 178, 36, 158,
       119, 237, 160, 32, 119, 174, 242, 160, 61, 156, 106, 234, 116,
       167, 75, 216, 86, 73, 125, 230, 83, 241, 186, 96, 95, 232, 22,
       250, 155, 182, 124, 191, 122, 237, 161, 204, 191, 171, 112, 177,
       33, 166, 251, 93, 116, 42, 105, 23, 125, 135, 127, 224, 147, 33,
       152, 56, 59, 174, 6, 12, 145, 240, 37, 74, 70, 174, 112, 132, 231,
       192, 194, 161, 182, 61, 240, 98, 237, 109, 222, 231, 217, 238,
       185, 59, 10, 188, 87, 51, 221, 251, 151, 115, 252, 43, 204, 234,
       51, 93, 133, 187, 197, 127, 214, 207, 71, 20, 122, 248, 172, 224,
       237, 19, 141, 74, 159, 246, 221, 235, 178, 73, 79, 163, 63, 191,
       177, 3, 102, 220, 212, 187, 250, 216, 156, 193, 177, 113, 186, 75,
