%YAML:1.0
---
descriptors: !!opencv-matrix
   rows: 244
   cols: 32
   dt: u
   data: [ 161, 48, 115, 73, 85, 95, 224, 91, 87, 105, 112, 122, 8, 144,
       180, 188, 120, 152, 2, 8, 161, 190, 116, 222, 23, 30, 16, 98, 91,
       140, 114, 165, 92, 121, 59, 186, 11, 196, 51, 64, 172, 4, 195, 33,
       252, 215, 33, 64, 162, 57, 123, 195, 1, 129, 146, 76, 209, 161,
       11, 11, 0, 35, 39, 242, 155, 103, 3, 170, 83, 150, 170, 96, 180,
       64, 195, 199, 77, 206, 58, 192, 246, 173, 159, 231, 229, 135, 12,
       222, 176, 97, 170, 136, 46, 22, 59, 212, 82, 188, 154, 218, 171,
       227, 52, 207, 191, 23, 184, 187, 44, 255, 32, 88, 235, 179, 207,
       128, 48, 11, 130, 243, 209, 214, 94, 59, 144, 80, 167, 43, 201,
       33, 105, 103, 52, 14, 107, 60, 105, 232, 247, 92, 215, 7, 152,
       112, 146, 196, 124, 108, 233, 184, 245, 14, 230, 249, 32, 212,
       108, 131, 67, 121, 212, 120, 58, 250, 10, 201, 19, 192, 186, 6,
       224, 41, 183, 215, 99, 88, 178, 185, 77, 194, 10, 7, 186, 127,
       209, 197, 11, 59, 16, 19, 39, 115, 165, 188, 165, 83, 213, 255,
       231, 174, 94, 251, 225, 88, 242, 120, 221, 173, 217, 74, 114, 58,
       251, 254, 121, 63, 45, 30, 85, 116, 201, 121, 210, 164, 148, 174,
       158, 48, 168, 185, 84, 195, 183, 23, 164, 57, 47, 251, 98, 27,
       163, 243, 236, 16, 62, 111, 130, 51, 219, 211, 85, 123, 240, 81,
       207, 3, 198, 178, 188, 211, 172, 28, 188, 137, 187, 255, 151, 61,
       206, 254, 206, 110, 197, 87, 253, 16, 190, 77, 235, 194, 143, 246,
       223, 247, 136, 233, 157, 85, 35, 18, 45, 97, 32, 95, 153, 48, 4,
       104, 215, 108, 147, 29, 148, 33, 140, 20, 127, 107, 201, 180, 113,
       20, 199, 219, 96, 208, 69, 137, 86, 113, 93, 87, 188, 164, 168,
       30, 92, 59, 97, 250, 158, 76, 223, 127, 11, 123, 183, 213, 125,
       172, 205, 83, 241, 8, 243, 235, 103, 157, 40, 224, 43, 83, 104,
       17, 220, 101, 104, 78, 124, 63, 32, 233, 46, 45, 191, 55, 2, 82,
       134, 149, 253, 0, 73, 154, 209, 12, 199, 231, 116, 145, 40, 128,
       142, 155, 229, 128, 157, 255, 44, 13, 65, 57, 95, 123, 181, 56,
       246, 121, 216, 123, 217, 128, 126, 60, 59, 102, 123, 149, 206,
       219, 243, 124, 152, 168, 80, 33, 223, 119, 230, 5, 130, 30, 190,
       184, 41, 234, 191, 239, 91, 108, 159, 151, 54, 213, 253, 239, 197,
       145, 189, 74, 178, 109, 109, 148, 111, 247, 11, 85, 214, 255, 222,
       183, 178, 34, 63, 254, 52, 190, 218, 243, 229, 103, 137, 91, 119,
       215, 237, 226, 40, 221, 205, 110, 248, 231, 239, 149, 164, 241,
       165, 73, 90, 27, 138, 190, 27, 164, 18, 70, 164, 4, 206, 167, 108,
       247, 35, 80, 204, 243, 233, 193, 14, 139, 210, 109, 243, 231, 138,
       11, 56, 103, 44, 90, 37, 205, 97, 75, 212, 15, 231, 252, 85, 226,
       125, 66, 82, 97, 157, 36, 89, 200, 18, 110, 225, 178, 125, 62, 45,
       14, 5, 36, 219, 251, 210, 164, 24, 2, 31, 189, 50, 194, 57, 64,
       180, 4, 199, 163, 93, 215, 33, 72, 118, 189, 173, 177, 42, 193, 1,
       77, 209, 167, 170, 193, 36, 0, 37, 99, 2, 151, 34, 137, 215, 227,
       184, 111, 15, 77, 88, 167, 44, 174, 54, 68, 255, 27, 147, 149,
       150, 136, 1, 223, 47, 20, 154, 203, 149, 14, 181, 223, 228, 124,
       151, 181, 160, 14, 101, 183, 186, 170, 34, 12, 247, 35, 65, 91,
       133, 102, 104, 92, 105, 252, 209, 42, 237, 210, 85, 16, 136, 240,
       195, 56, 108, 108, 149, 125, 153, 47, 71, 152, 91, 170, 36, 8,
       215, 51, 1, 57, 145, 108, 104, 106, 40, 112, 217, 60, 229, 222, 5,
       52, 210, 249, 66, 34, 101, 232, 209, 69, 84, 7, 75, 216, 115, 164,
       36, 8, 51, 211, 73, 52, 88, 204, 0, 250, 11, 82, 248, 8, 93, 140,
       133, 108, 195, 163, 66, 168, 80, 153, 62, 122, 155, 204, 53, 103,
       172, 17, 236, 33, 62, 183, 34, 112, 166, 179, 91, 192, 82, 139,
       50, 117, 251, 173, 18, 75, 112, 2, 167, 106, 204, 176, 145, 227,
       185, 105, 11, 152, 23, 191, 129, 56, 223, 87, 73, 207, 85, 221,
       253, 186, 59, 70, 251, 146, 205, 212, 139, 252, 178, 227, 7, 115,
       2, 156, 176, 155, 85, 253, 178, 202, 31, 71, 73, 19, 172, 254, 38,
       196, 221, 59, 147, 19, 54, 184, 122, 255, 15, 22, 26, 107, 150,
       77, 61, 222, 117, 165, 156, 115, 137, 111, 65, 9, 226, 185, 173,
       8, 211, 115, 74, 59, 153, 222, 104, 186, 31, 98, 250, 20, 201,
       131, 85, 125, 224, 67, 198, 2, 9, 148, 27, 117, 48, 206, 104, 51,
       124, 11, 118, 80, 191, 19, 128, 240, 151, 62, 78, 24, 177, 188,
       17, 79, 199, 255, 48, 64, 202, 128, 67, 41, 137, 249, 57, 251,
       116, 143, 111, 240, 124, 72, 100, 0, 183, 23, 144, 49, 180, 106,
       18, 78, 227, 188, 48, 125, 103, 155, 48, 64, 74, 129, 67, 249,
       131, 138, 182, 155, 231, 189, 184, 199, 159, 91, 80, 119, 172,
       154, 182, 237, 231, 43, 179, 21, 182, 252, 2, 243, 14, 26, 90,
       227, 158, 76, 169, 221, 40, 49, 115, 73, 240, 255, 227, 83, 109,
       9, 121, 104, 26, 21, 132, 180, 252, 26, 22, 24, 19, 186, 113, 94,
       7, 220, 32, 66, 195, 130, 102, 189, 184, 188, 114, 122, 125, 221,
       80, 243, 255, 15, 180, 25, 46, 223, 38, 149, 173, 186, 223, 24,
       250, 111, 58, 255, 123, 221, 20, 123, 114, 140, 230, 123, 171, 98,
       103, 13, 79, 151, 168, 79, 95, 200, 208, 214, 8, 140, 244, 229,
       124, 45, 178, 133, 199, 255, 231, 216, 20, 56, 155, 170, 95, 12,
       121, 156, 13, 143, 219, 244, 244, 171, 239, 251, 158, 131, 92,
       246, 253, 235, 241, 49, 127, 107, 94, 28, 243, 202, 108, 255, 238,
       159, 255, 236, 156, 232, 129, 169, 39, 189, 113, 91, 215, 159,
       162, 237, 95, 97, 120, 206, 104, 120, 188, 164, 93, 10, 146, 125,
       247, 186, 124, 255, 46, 30, 5, 110, 223, 142, 218, 140, 129, 16,
       63, 113, 36, 239, 241, 19, 172, 89, 54, 124, 150, 29, 132, 43,
       132, 52, 125, 9, 129, 180, 113, 0, 199, 251, 112, 208, 64, 136,
       87, 115, 33, 197, 101, 65, 85, 95, 239, 63, 101, 97, 110, 8, 147,
       17, 28, 52, 88, 130, 18, 108, 219, 184, 117, 29, 45, 156, 132, 68,
       107, 154, 210, 252, 200, 253, 149, 245, 137, 228, 5, 135, 179, 19,
       162, 16, 190, 183, 64, 255, 65, 247, 233, 152, 59, 77, 243, 227,
       173, 242, 86, 90, 130, 80, 166, 42, 151, 101, 165, 22, 141, 127,
       198, 232, 222, 250, 145, 66, 218, 248, 253, 239, 217, 64, 122,
       239, 237, 103, 255, 250, 185, 90, 207, 62, 94, 127, 113, 228, 82,
       155, 6, 156, 191, 208, 188, 103, 173, 77, 214, 167, 172, 142, 38,
       196, 238, 39, 239, 197, 86, 139, 131, 245, 176, 48, 154, 195, 28,
       12, 189, 95, 69, 209, 173, 11, 206, 118, 175, 153, 102, 117, 207,
       2, 208, 118, 218, 110, 71, 68, 123, 223, 147, 64, 255, 113, 77,
       47, 239, 196, 148, 115, 177, 97, 85, 9, 121, 101, 52, 10, 99, 24,
       100, 168, 250, 64, 243, 1, 145, 112, 90, 244, 108, 232, 137, 176,
       229, 14, 229, 237, 35, 16, 109, 163, 64, 32, 35, 49, 114, 8, 109,
       157, 176, 72, 207, 192, 113, 78, 136, 216, 247, 164, 216, 41, 210,
       101, 133, 51, 86, 208, 22, 24, 3, 43, 95, 14, 123, 149, 244, 56,
       95, 117, 48, 75, 67, 160, 248, 186, 167, 56, 214, 115, 1, 27, 146,
       116, 108, 122, 41, 245, 89, 12, 217, 235, 101, 118, 232, 41, 66,
       35, 223, 50, 245, 67, 171, 124, 25, 24, 43, 253, 23, 253, 30, 190,
       223, 190, 135, 93, 253, 85, 151, 212, 251, 192, 15, 89, 77, 166,
       206, 229, 7, 119, 159, 100, 7, 174, 21, 150, 74, 120, 53, 64, 193,
       199, 125, 206, 58, 225, 252, 169, 155, 231, 237, 135, 28, 222,
       178, 97, 139, 136, 60, 55, 58, 212, 208, 111, 151, 182, 50, 106,
       55, 166, 172, 166, 138, 160, 255, 166, 193, 114, 39, 247, 236,
       226, 104, 205, 165, 110, 248, 231, 111, 1, 32, 243, 37, 41, 87,
       251, 123, 224, 58, 137, 123, 240, 175, 232, 190, 236, 255, 199,
       153, 52, 54, 229, 95, 254, 203, 3, 238, 253, 254, 221, 39, 176,
       44, 131, 67, 113, 215, 78, 206, 183, 162, 2, 111, 176, 48, 242,
       131, 197, 213, 99, 147, 91, 55, 229, 125, 239, 233, 213, 141, 106,
       232, 163, 239, 132, 173, 243, 43, 81, 100, 18, 252, 69, 174, 42,
