%YAML:1.0
---
descriptors: !!opencv-matrix
   rows: 465
   cols: 32
   dt: u
   data: [ 53, 79, 233, 71, 86, 123, 199, 248, 85, 238, 255, 234, 83, 45,
       149, 36, 120, 220, 118, 106, 169, 242, 109, 174, 126, 175, 165,
       148, 103, 251, 86, 241, 96, 168, 152, 120, 173, 233, 80, 199, 235,
       31, 160, 57, 166, 185, 64, 26, 137, 50, 200, 16, 26, 111, 194, 49,
       203, 215, 84, 123, 192, 8, 198, 10, 248, 149, 63, 236, 248, 79,
       85, 125, 37, 44, 229, 24, 86, 23, 32, 113, 112, 148, 79, 104, 121,
       187, 112, 12, 241, 224, 32, 84, 96, 10, 134, 43, 5, 42, 83, 119,
       48, 174, 98, 16, 116, 33, 99, 84, 211, 67, 128, 152, 48, 188, 100,
       24, 33, 180, 65, 14, 4, 174, 32, 64, 233, 161, 67, 32, 125, 0, 57,
       99, 85, 111, 67, 24, 117, 107, 227, 8, 211, 85, 25, 120, 217, 140,
       116, 58, 11, 182, 249, 2, 199, 255, 129, 68, 224, 43, 86, 34, 162,
       249, 127, 120, 89, 205, 81, 246, 169, 84, 164, 9, 62, 159, 36, 49,
       140, 179, 83, 80, 66, 107, 50, 125, 119, 153, 84, 59, 80, 16, 70,
       251, 80, 56, 59, 190, 10, 237, 19, 72, 190, 134, 224, 9, 247, 223,
       35, 80, 183, 185, 77, 131, 10, 7, 154, 123, 209, 197, 11, 59, 16,
       35, 39, 115, 116, 233, 104, 108, 28, 71, 67, 232, 67, 164, 173,
       10, 83, 89, 93, 50, 88, 220, 89, 234, 74, 35, 253, 29, 251, 237,
       133, 61, 113, 171, 118, 34, 103, 124, 214, 84, 201, 60, 116, 135,
       251, 250, 38, 92, 74, 178, 69, 191, 129, 126, 224, 26, 133, 83,
       178, 192, 31, 250, 85, 58, 202, 116, 202, 28, 177, 19, 107, 109,
       180, 95, 95, 49, 100, 108, 255, 44, 83, 29, 158, 48, 94, 156, 85,
       238, 220, 178, 101, 12, 243, 233, 160, 132, 109, 170, 214, 241,
       163, 61, 38, 157, 221, 191, 238, 247, 223, 234, 218, 95, 160, 168,
       55, 169, 201, 106, 122, 77, 245, 254, 87, 254, 44, 30, 223, 58,
       220, 92, 216, 156, 90, 105, 114, 228, 19, 200, 124, 101, 173, 4,
       246, 11, 47, 159, 34, 81, 234, 183, 255, 193, 72, 155, 144, 205,
       243, 241, 26, 3, 99, 20, 167, 74, 82, 147, 54, 156, 63, 210, 176,
       103, 173, 5, 218, 163, 172, 174, 38, 64, 226, 183, 171, 129, 86,
       139, 131, 221, 179, 118, 154, 203, 20, 4, 189, 79, 2, 142, 2, 187,
       180, 162, 58, 103, 29, 13, 91, 247, 228, 226, 168, 192, 223, 43,
       143, 21, 54, 152, 65, 255, 172, 54, 186, 195, 144, 78, 177, 15,
       165, 172, 181, 87, 213, 255, 230, 175, 126, 251, 96, 88, 242, 120,
       221, 171, 153, 106, 114, 30, 179, 252, 255, 127, 45, 30, 85, 100,
       201, 121, 210, 172, 75, 13, 163, 149, 180, 182, 237, 55, 125, 234,
       90, 230, 189, 44, 149, 236, 231, 111, 60, 141, 229, 216, 229, 238,
       36, 126, 254, 128, 142, 244, 17, 125, 34, 183, 147, 203, 214, 227,
       170, 75, 94, 41, 121, 102, 40, 252, 60, 132, 249, 27, 147, 145,
       19, 186, 9, 247, 45, 20, 154, 198, 221, 75, 245, 181, 152, 28, 21,
       252, 139, 230, 21, 91, 180, 18, 224, 16, 158, 183, 33, 91, 205,
       177, 123, 128, 57, 15, 83, 92, 193, 162, 90, 26, 144, 96, 39, 51,
       252, 80, 85, 86, 105, 76, 85, 184, 177, 122, 167, 24, 94, 23, 9,
       255, 5, 212, 236, 106, 105, 71, 251, 64, 211, 250, 80, 30, 34,
       177, 6, 115, 165, 73, 181, 91, 197, 221, 231, 200, 95, 81, 115,
       80, 210, 212, 189, 173, 88, 88, 50, 90, 195, 180, 127, 177, 37,
       24, 65, 70, 211, 27, 212, 228, 141, 168, 157, 187, 168, 169, 167,
       168, 230, 51, 67, 28, 247, 241, 72, 11, 3, 66, 106, 10, 51, 244,
       219, 51, 204, 131, 119, 116, 200, 91, 129, 160, 35, 88, 45, 65,
       44, 223, 145, 19, 4, 125, 182, 124, 146, 29, 148, 41, 204, 148,
       119, 25, 137, 188, 113, 20, 71, 219, 112, 246, 81, 8, 214, 115, 5,
       174, 255, 243, 116, 235, 235, 154, 126, 219, 126, 250, 253, 231,
       249, 105, 127, 251, 54, 156, 179, 220, 111, 255, 78, 159, 127,
       204, 148, 233, 65, 249, 62, 46, 18, 234, 19, 177, 18, 232, 43, 0,
       169, 10, 46, 219, 45, 16, 251, 185, 133, 114, 10, 35, 10, 255,
       251, 212, 3, 123, 241, 67, 47, 3, 214, 236, 159, 154, 202, 225,
       38, 198, 190, 27, 171, 179, 36, 226, 233, 91, 163, 247, 110, 210,
       99, 79, 138, 99, 184, 38, 126, 251, 136, 83, 163, 139, 209, 125,
       27, 180, 23, 220, 53, 103, 236, 192, 110, 5, 62, 159, 34, 98, 162,
       35, 106, 64, 103, 169, 178, 111, 243, 165, 22, 11, 72, 16, 169,
       91, 65, 185, 191, 119, 160, 204, 53, 39, 236, 201, 110, 0, 182,
       190, 2, 114, 160, 55, 121, 1, 213, 249, 178, 109, 231, 191, 118,
       3, 64, 0, 135, 107, 16, 153, 255, 126, 146, 200, 53, 103, 172, 85,
       110, 33, 60, 183, 34, 112, 162, 179, 251, 192, 82, 153, 50, 117,
       243, 165, 26, 67, 112, 2, 167, 251, 107, 60, 236, 93, 123, 244,
       89, 18, 251, 204, 124, 173, 40, 255, 215, 254, 134, 251, 253, 21,
       135, 72, 246, 237, 15, 127, 17, 187, 31, 229, 78, 127, 101, 109,
       153, 109, 184, 47, 71, 184, 90, 170, 37, 72, 215, 115, 65, 57,
       145, 92, 104, 106, 105, 112, 249, 28, 229, 158, 69, 52, 208, 251,
       194, 32, 217, 97, 105, 231, 52, 74, 107, 60, 108, 232, 251, 216,
       215, 15, 152, 114, 182, 196, 124, 110, 233, 176, 229, 14, 230,
       249, 32, 212, 108, 131, 67, 121, 229, 109, 159, 97, 160, 14, 71,
       150, 114, 170, 34, 76, 215, 33, 65, 91, 149, 116, 104, 126, 121,
       244, 217, 42, 237, 154, 69, 20, 200, 241, 66, 32, 220, 217, 87,
       222, 11, 208, 22, 244, 165, 10, 214, 226, 107, 215, 168, 231, 102,
       240, 172, 194, 105, 143, 42, 237, 178, 226, 230, 138, 55, 179,
       164, 61, 192, 140, 31, 190, 177, 238, 113, 39, 188, 27, 106, 17,
       246, 179, 32, 91, 161, 35, 105, 28, 50, 141, 19, 119, 201, 182,
       90, 64, 200, 0, 161, 10, 201, 116, 121, 99, 52, 46, 107, 188, 120,
       104, 127, 252, 223, 7, 153, 113, 22, 206, 93, 110, 169, 180, 105,
       46, 230, 249, 32, 132, 108, 211, 66, 121, 101, 185, 157, 117, 105,
       142, 96, 185, 235, 177, 99, 64, 246, 115, 4, 123, 160, 116, 120,
       120, 3, 216, 155, 29, 79, 186, 69, 68, 200, 34, 66, 170, 42, 239,
       231, 92, 251, 145, 175, 230, 155, 31, 248, 191, 40, 236, 181, 157,
       111, 235, 243, 204, 242, 75, 38, 255, 57, 62, 220, 218, 215, 213,
       246, 125, 59, 92, 126, 92, 83, 219, 183, 114, 237, 70, 124, 171,
       42, 156, 182, 181, 170, 57, 210, 99, 229, 185, 52, 253, 54, 123,
       64, 3, 103, 52, 78, 223, 250, 252, 57, 186, 91, 237, 19, 234, 175,
       116, 168, 27, 46, 159, 101, 19, 175, 219, 223, 99, 42, 7, 185,
       255, 251, 213, 15, 59, 17, 95, 39, 251, 101, 224, 209, 69, 84, 79,
       107, 216, 115, 160, 36, 8, 50, 211, 221, 52, 24, 204, 0, 124, 11,
       114, 248, 9, 77, 140, 133, 44, 67, 163, 66, 232, 188, 203, 71,
       190, 156, 193, 207, 244, 132, 76, 212, 231, 225, 239, 186, 65, 92,
       226, 15, 206, 122, 11, 78, 189, 248, 192, 175, 216, 55, 190, 180,
       121, 41, 189, 51, 69, 117, 253, 103, 55, 105, 72, 110, 8, 186, 55,
       20, 180, 144, 58, 64, 40, 209, 184, 48, 205, 167, 252, 0, 2, 74,
       130, 194, 188, 33, 48, 115, 73, 87, 95, 225, 91, 119, 105, 112,
       114, 24, 148, 180, 188, 120, 156, 2, 24, 131, 190, 117, 222, 23,
       28, 16, 98, 99, 136, 98, 164, 88, 89, 31, 254, 11, 192, 51, 64,
       172, 68, 67, 1, 252, 215, 33, 112, 162, 57, 123, 194, 67, 129,
       146, 125, 209, 161, 10, 11, 16, 35, 39, 178, 189, 221, 108, 186,
       188, 149, 198, 252, 198, 80, 145, 71, 243, 200, 191, 193, 216,
       224, 31, 111, 239, 37, 94, 191, 162, 73, 167, 184, 61, 191, 216,
       80, 201, 67, 223, 69, 194, 14, 105, 55, 224, 169, 102, 80, 91,
       179, 192, 114, 50, 116, 108, 248, 16, 217, 165, 64, 79, 175, 101,
       68, 160, 160, 227, 33, 242, 144, 156, 254, 11, 196, 16, 35, 138,
       51, 131, 26, 244, 254, 44, 123, 207, 183, 249, 130, 125, 79, 210,
       243, 211, 179, 218, 59, 16, 1, 141, 26, 108, 16, 190, 124, 169,
       236, 117, 19, 237, 159, 255, 16, 222, 243, 41, 123, 133, 54, 108,
       40, 176, 225, 178, 2, 195, 255, 113, 13, 194, 225, 230, 163, 242,
       96, 30, 184, 43, 233, 16, 72, 171, 22, 160, 57, 174, 214, 100, 89,
