%YAML:1.0
---
descriptors: !!opencv-matrix
   rows: 187
   cols: 32
   dt: u
   data: [ 165, 5, 231, 71, 132, 123, 231, 49, 124, 226, 123, 214, 211,
       40, 157, 175, 123, 70, 110, 126, 241, 240, 125, 202, 36, 62, 103,
       68, 207, 251, 209, 244, 7, 178, 189, 233, 236, 101, 185, 219, 159,
       251, 20, 119, 156, 223, 239, 42, 223, 25, 55, 149, 211, 86, 251,
       208, 79, 25, 255, 174, 156, 104, 37, 251, 208, 225, 23, 172, 24,
       201, 4, 111, 166, 0, 160, 8, 182, 147, 32, 49, 192, 177, 74, 64,
       105, 11, 194, 93, 177, 176, 30, 56, 16, 16, 163, 10, 194, 186,
       151, 186, 139, 173, 20, 199, 187, 155, 128, 253, 174, 246, 96,
       159, 165, 99, 232, 21, 55, 79, 154, 241, 152, 82, 95, 122, 152,
       68, 139, 31, 173, 172, 149, 87, 213, 189, 230, 151, 118, 187, 115,
       92, 242, 120, 220, 175, 201, 110, 98, 30, 183, 252, 255, 35, 47,
       159, 85, 68, 203, 121, 218, 172, 2, 159, 2, 170, 180, 163, 50,
       103, 31, 13, 218, 231, 228, 226, 40, 64, 223, 43, 15, 21, 54, 153,
       0, 255, 168, 54, 186, 194, 152, 78, 177, 95, 159, 229, 132, 186,
       137, 45, 158, 200, 190, 242, 129, 21, 207, 234, 107, 139, 187, 65,
       253, 247, 110, 69, 27, 242, 250, 211, 79, 63, 154, 119, 169, 2,
       123, 188, 237, 92, 123, 252, 89, 182, 251, 252, 28, 173, 42, 190,
       215, 246, 135, 247, 253, 220, 143, 72, 247, 251, 79, 127, 85, 187,
       46, 244, 78, 127, 80, 189, 62, 254, 146, 204, 53, 103, 184, 7,
       202, 32, 62, 187, 0, 83, 163, 119, 121, 1, 82, 201, 146, 109, 241,
       167, 94, 75, 40, 80, 167, 10, 205, 100, 105, 99, 52, 14, 111, 156,
       120, 107, 127, 92, 215, 7, 153, 112, 22, 204, 92, 126, 233, 180,
       233, 46, 230, 237, 36, 212, 108, 147, 211, 113, 33, 35, 104, 65,
       116, 158, 234, 16, 109, 73, 127, 68, 179, 8, 150, 180, 88, 140,
       22, 92, 151, 184, 117, 79, 6, 125, 32, 64, 79, 138, 90, 140, 221,
       125, 159, 181, 165, 14, 103, 182, 184, 170, 42, 12, 246, 51, 65,
       83, 161, 102, 104, 92, 97, 221, 145, 42, 233, 215, 85, 16, 136,
       112, 67, 58, 37, 150, 111, 69, 244, 111, 239, 190, 125, 75, 126,
       96, 211, 117, 156, 116, 95, 78, 118, 46, 161, 176, 109, 111, 102,
       190, 34, 132, 207, 251, 210, 241, 101, 224, 209, 70, 84, 76, 67,
       152, 115, 185, 32, 72, 83, 211, 77, 54, 89, 204, 32, 94, 75, 114,
       250, 0, 15, 152, 197, 108, 194, 170, 70, 224, 79, 167, 196, 167,
       180, 26, 110, 191, 123, 243, 26, 231, 223, 104, 218, 243, 243,
       199, 125, 127, 255, 88, 205, 231, 174, 127, 239, 228, 46, 246,
       219, 92, 19, 143, 98, 158, 87, 145, 190, 231, 220, 64, 88, 167,
       40, 200, 182, 224, 238, 43, 147, 197, 231, 171, 38, 253, 58, 40,
       138, 203, 61, 12, 249, 220, 33, 52, 115, 73, 116, 111, 235, 91,
       87, 107, 124, 82, 16, 149, 180, 52, 120, 156, 18, 40, 161, 182,
       117, 222, 7, 30, 16, 0, 247, 136, 114, 168, 137, 28, 238, 85, 246,
       246, 237, 55, 120, 206, 86, 182, 249, 55, 147, 239, 39, 126, 179,
       140, 177, 220, 181, 238, 103, 111, 254, 128, 167, 244, 189, 249,
       37, 237, 249, 71, 212, 111, 103, 252, 115, 171, 125, 24, 83, 113,
       28, 52, 25, 206, 18, 122, 57, 178, 120, 62, 111, 142, 37, 100,
       227, 251, 194, 160, 208, 175, 158, 248, 154, 224, 29, 231, 182,
       151, 136, 177, 181, 183, 96, 91, 231, 243, 237, 144, 122, 79, 194,
       51, 249, 227, 126, 201, 160, 80, 167, 107, 15, 54, 225, 3, 242,
       126, 187, 159, 59, 255, 29, 253, 157, 110, 223, 190, 151, 95, 213,
       21, 151, 208, 237, 66, 14, 30, 61, 164, 206, 247, 131, 245, 240,
       248, 155, 250, 25, 205, 81, 211, 187, 91, 180, 28, 62, 215, 108,
       52, 167, 187, 221, 16, 107, 111, 186, 211, 219, 221, 17, 122, 90,
       0, 39, 59, 88, 63, 209, 101, 48, 106, 107, 18, 32, 141, 122, 228,
       183, 39, 129, 240, 22, 126, 77, 24, 11, 144, 225, 10, 164, 229,
       36, 128, 162, 242, 6, 121, 93, 251, 83, 162, 56, 137, 122, 240,
       175, 200, 186, 237, 239, 223, 137, 144, 182, 241, 223, 86, 199,
       41, 10, 253, 190, 221, 39, 186, 78, 183, 3, 17, 107, 57, 101, 76,
       59, 253, 155, 82, 239, 236, 188, 173, 170, 188, 215, 180, 134,
       251, 255, 197, 151, 43, 246, 253, 27, 93, 25, 187, 223, 165, 79,
       95, 202, 60, 254, 93, 185, 240, 57, 22, 190, 87, 70, 148, 189,
       174, 22, 223, 135, 43, 249, 156, 183, 76, 243, 255, 79, 123, 218,
       9, 142, 196, 45, 120, 15, 63, 225, 1, 242, 126, 191, 159, 59, 237,
       92, 253, 156, 46, 215, 190, 39, 95, 215, 157, 151, 216, 189, 226,
       110, 30, 63, 164, 207, 244, 131, 245, 56, 153, 59, 232, 115, 221,
       87, 113, 173, 12, 237, 9, 30, 223, 38, 48, 164, 177, 205, 98, 90,
       139, 50, 189, 243, 253, 0, 91, 82, 6, 167, 115, 88, 16, 55, 232,
       3, 66, 49, 72, 165, 4, 198, 32, 31, 151, 33, 92, 114, 149, 237,
       240, 8, 129, 163, 64, 209, 224, 10, 71, 34, 0, 37, 99, 33, 188,
       59, 122, 104, 237, 81, 83, 251, 91, 185, 28, 54, 223, 100, 57,
       165, 187, 94, 8, 163, 111, 186, 81, 211, 155, 112, 58, 88, 64, 98,
       123, 167, 238, 226, 147, 229, 54, 238, 215, 91, 255, 95, 247, 72,
       168, 255, 207, 127, 206, 151, 159, 180, 246, 141, 226, 62, 95,
       222, 198, 143, 221, 248, 197, 195, 164, 239, 69, 132, 118, 239,
       151, 112, 227, 206, 18, 209, 39, 159, 110, 61, 214, 121, 189, 185,
       220, 181, 66, 237, 47, 158, 4, 133, 208, 243, 108, 139, 223, 246,
       31, 179, 242, 63, 246, 190, 198, 78, 164, 173, 231, 163, 229, 39,
       127, 170, 218, 227, 221, 46, 255, 110, 231, 62, 129, 166, 245,
       173, 253, 109, 76, 255, 101, 36, 46, 111, 18, 124, 138, 118, 72,
       211, 49, 145, 123, 18, 244, 108, 106, 169, 244, 241, 40, 199, 251,
       99, 0, 98, 241, 70, 33, 49, 132, 3, 250, 149, 231, 235, 107, 214,
       1, 203, 18, 115, 225, 56, 96, 121, 170, 10, 60, 59, 187, 88, 159,
       217, 174, 131, 64, 177, 74, 240, 162, 3, 177, 171, 187, 210, 134,
       41, 71, 63, 65, 73, 132, 165, 230, 48, 116, 118, 63, 50, 149, 147,
       154, 182, 71, 189, 118, 158, 66, 172, 2, 179, 252, 85, 165, 117,
       135, 182, 90, 239, 188, 125, 240, 26, 70, 223, 104, 220, 231, 55,
       71, 124, 111, 245, 248, 173, 236, 172, 122, 111, 196, 12, 238,
       145, 125, 47, 188, 248, 83, 247, 253, 255, 215, 91, 255, 124, 139,
       40, 252, 222, 36, 191, 91, 151, 156, 150, 124, 190, 243, 111, 93,
       29, 239, 207, 214, 207, 255, 154, 220, 246, 117, 183, 246, 252,
       182, 241, 206, 126, 147, 105, 63, 151, 231, 167, 127, 181, 136,
       180, 220, 53, 238, 107, 255, 214, 131, 231, 244, 239, 223, 66, 3,
       142, 188, 138, 98, 25, 67, 142, 149, 203, 163, 196, 167, 96, 74,
       196, 183, 251, 145, 24, 203, 195, 64, 217, 39, 251, 153, 128, 106,
       181, 82, 222, 253, 63, 186, 219, 229, 151, 234, 175, 222, 140, 27,
       108, 223, 107, 19, 237, 251, 219, 227, 98, 71, 186, 255, 249, 81,
       15, 59, 18, 85, 39, 251, 7, 104, 225, 193, 70, 58, 232, 6, 123,
       162, 18, 130, 137, 8, 85, 46, 47, 237, 83, 157, 132, 244, 197,
       194, 14, 28, 159, 164, 165, 245, 91, 140, 210, 134, 140, 191, 152,
       165, 29, 47, 158, 23, 134, 149, 165, 239, 106, 75, 197, 35, 109,
       21, 58, 77, 211, 55, 233, 227, 254, 249, 144, 72, 149, 90, 72,
       124, 49, 253, 49, 204, 49, 39, 252, 161, 98, 8, 190, 147, 0, 96,
       130, 63, 73, 16, 98, 156, 208, 46, 229, 244, 62, 0, 64, 0, 135,
       43, 62, 99, 97, 141, 93, 83, 202, 72, 23, 228, 221, 171, 73, 205,
       191, 132, 90, 136, 231, 231, 72, 178, 207, 156, 22, 84, 137, 189,
       119, 175, 126, 244, 120, 203, 106, 78, 91, 213, 87, 253, 103, 69,
       228, 3, 106, 215, 46, 116, 120, 170, 130, 204, 94, 155, 48, 117,
       115, 237, 132, 75, 115, 6, 238, 238, 163, 48, 115, 73, 101, 159,
       232, 73, 95, 64, 113, 86, 136, 216, 180, 172, 216, 40, 146, 172,
       133, 182, 116, 210, 6, 28, 147, 42, 95, 140, 120, 132, 189, 116,
       51, 104, 49, 111, 87, 121, 113, 202, 225, 92, 95, 223, 41, 49,
       183, 153, 84, 34, 233, 167, 56, 158, 243, 223, 1, 62, 106, 116,
