%YAML:1.0
---
descriptors: !!opencv-matrix
   rows: 246
   cols: 32
   dt: u
   data: [ 93, 254, 29, 108, 26, 94, 87, 184, 196, 204, 190, 46, 115, 85,
       131, 39, 12, 244, 204, 106, 237, 225, 121, 45, 235, 231, 101, 16,
       106, 187, 12, 121, 255, 109, 235, 102, 213, 95, 95, 252, 17, 226,
       149, 139, 91, 125, 159, 49, 60, 212, 213, 239, 237, 243, 253, 174,
       123, 207, 229, 181, 39, 247, 214, 246, 54, 190, 154, 184, 248, 97,
       82, 203, 155, 31, 249, 125, 70, 242, 108, 29, 217, 219, 102, 51,
       58, 119, 138, 115, 152, 150, 31, 127, 216, 89, 166, 147, 109, 132,
       253, 230, 220, 38, 239, 191, 232, 179, 191, 26, 211, 107, 24, 114,
       91, 198, 124, 170, 57, 99, 253, 143, 255, 239, 239, 44, 165, 250,
       242, 160, 58, 92, 86, 189, 37, 215, 220, 103, 157, 198, 254, 3,
       47, 188, 38, 196, 204, 253, 183, 1, 108, 191, 112, 191, 163, 254,
       222, 19, 87, 60, 252, 223, 47, 249, 176, 191, 157, 221, 214, 174,
       95, 221, 21, 7, 238, 253, 106, 132, 217, 106, 183, 85, 126, 104,
       90, 183, 43, 94, 93, 123, 251, 126, 216, 223, 43, 190, 48, 27,
       221, 149, 160, 206, 222, 121, 48, 84, 168, 250, 86, 141, 201, 11,
       130, 145, 183, 120, 218, 245, 12, 27, 223, 111, 217, 0, 202, 142,
       17, 141, 74, 175, 182, 162, 110, 241, 116, 72, 90, 194, 113, 98,
       176, 112, 114, 238, 20, 238, 253, 153, 13, 47, 240, 175, 175, 128,
       45, 226, 248, 8, 26, 124, 230, 229, 55, 54, 123, 214, 52, 238,
       214, 131, 57, 63, 147, 235, 110, 253, 253, 252, 172, 209, 245,
       234, 211, 239, 238, 129, 167, 245, 62, 91, 254, 233, 213, 36, 143,
       75, 198, 232, 11, 176, 168, 74, 75, 104, 69, 151, 155, 213, 232,
       226, 73, 99, 217, 188, 184, 208, 69, 62, 107, 63, 202, 4, 214, 18,
       158, 182, 34, 98, 61, 1, 189, 158, 211, 183, 204, 231, 35, 75,
       166, 245, 237, 133, 32, 197, 131, 202, 208, 226, 123, 131, 160,
       97, 37, 115, 200, 194, 124, 185, 36, 28, 125, 55, 252, 30, 54,
       181, 143, 11, 178, 75, 103, 37, 47, 13, 244, 204, 7, 199, 198,
       243, 250, 193, 20, 128, 173, 75, 37, 143, 69, 155, 212, 171, 98,
       175, 86, 32, 105, 66, 243, 96, 136, 229, 121, 234, 2, 58, 59, 248,
       77, 63, 44, 6, 165, 112, 177, 139, 208, 168, 83, 135, 90, 174,
       146, 162, 126, 111, 53, 1, 203, 195, 103, 226, 40, 112, 118, 255,
       61, 165, 220, 155, 13, 111, 176, 246, 142, 130, 36, 242, 161, 5,
       229, 67, 87, 71, 96, 10, 111, 56, 97, 170, 119, 228, 83, 51, 153,
       247, 118, 196, 52, 238, 201, 246, 237, 12, 38, 170, 225, 132, 47,
       179, 98, 33, 140, 132, 186, 223, 220, 243, 191, 250, 22, 6, 212,
       146, 249, 229, 187, 8, 121, 122, 163, 42, 114, 246, 107, 63, 119,
       175, 231, 9, 247, 248, 189, 224, 182, 97, 191, 174, 205, 77, 150,
       200, 139, 182, 169, 11, 198, 223, 105, 10, 216, 241, 107, 99, 72,
       99, 90, 240, 241, 144, 79, 63, 80, 123, 7, 242, 128, 223, 158,
       213, 181, 159, 180, 167, 94, 159, 94, 30, 230, 56, 39, 197, 193,
       98, 170, 64, 118, 252, 83, 175, 175, 215, 85, 3, 210, 120, 152,
       15, 118, 117, 250, 230, 141, 70, 215, 236, 65, 166, 187, 11, 75,
       125, 95, 2, 248, 212, 221, 99, 104, 99, 249, 170, 251, 253, 197,
       63, 103, 123, 118, 98, 186, 92, 126, 252, 51, 222, 93, 102, 189,
       206, 246, 33, 63, 191, 35, 113, 238, 247, 221, 192, 104, 191, 48,
       206, 243, 243, 154, 131, 35, 20, 47, 123, 51, 41, 106, 65, 84,
       150, 235, 112, 113, 172, 95, 2, 25, 157, 182, 32, 120, 172, 23,
       255, 216, 186, 164, 78, 87, 45, 170, 192, 101, 162, 114, 224, 186,
       205, 92, 126, 145, 243, 86, 174, 55, 166, 239, 41, 107, 127, 47,
       80, 217, 251, 165, 210, 110, 206, 75, 191, 251, 215, 85, 19, 115,
       87, 238, 78, 170, 217, 118, 91, 197, 213, 252, 247, 221, 7, 246,
       19, 40, 221, 62, 197, 200, 178, 179, 192, 242, 174, 51, 255, 39,
       123, 214, 75, 83, 140, 244, 222, 95, 189, 158, 182, 155, 86, 22,
       248, 251, 250, 141, 125, 92, 254, 107, 246, 183, 87, 248, 115,
       245, 65, 155, 255, 249, 87, 79, 254, 138, 119, 171, 87, 155, 221,
       71, 189, 23, 150, 110, 182, 181, 64, 194, 215, 121, 47, 49, 195,
       102, 231, 187, 239, 237, 221, 21, 239, 178, 235, 222, 0, 63, 148,
       185, 88, 177, 96, 106, 13, 76, 27, 224, 80, 68, 96, 242, 70, 179,
       8, 151, 160, 104, 140, 86, 237, 141, 182, 85, 140, 22, 73, 162,
       32, 125, 156, 122, 156, 253, 201, 204, 167, 12, 31, 79, 188, 39,
       244, 135, 15, 83, 65, 155, 211, 112, 196, 125, 110, 233, 213, 93,
       60, 234, 235, 229, 148, 45, 191, 216, 80, 5, 46, 173, 247, 164,
       47, 101, 150, 124, 255, 94, 85, 215, 37, 81, 11, 133, 102, 111,
       15, 160, 240, 107, 40, 197, 155, 117, 132, 192, 249, 85, 105, 133,
       212, 55, 252, 172, 6, 207, 252, 222, 90, 18, 86, 221, 253, 185,
       111, 215, 65, 61, 111, 225, 101, 59, 255, 161, 250, 111, 156, 30,
       248, 241, 113, 111, 115, 132, 165, 25, 31, 142, 56, 18, 224, 139,
       205, 206, 98, 67, 150, 148, 229, 232, 119, 205, 83, 221, 142, 188,
       118, 13, 182, 10, 63, 27, 20, 254, 28, 246, 180, 237, 118, 90,
       226, 177, 206, 254, 3, 75, 191, 39, 223, 233, 245, 191, 241, 44,
       203, 49, 238, 155, 250, 223, 3, 167, 253, 124, 95, 30, 56, 230,
       247, 21, 246, 122, 82, 181, 196, 214, 131, 109, 191, 51, 207, 102,
       247, 253, 219, 172, 217, 177, 236, 223, 255, 218, 131, 167, 181,
       60, 95, 107, 184, 160, 180, 125, 221, 218, 114, 139, 236, 148,
       173, 190, 189, 210, 164, 206, 32, 223, 29, 140, 43, 242, 190, 219,
       93, 169, 185, 70, 172, 94, 251, 188, 105, 250, 218, 196, 195, 199,
       212, 86, 130, 244, 2, 115, 217, 245, 41, 88, 248, 6, 90, 202, 231,
       62, 170, 115, 137, 229, 56, 119, 251, 116, 168, 247, 28, 196, 21,
       174, 51, 140, 171, 94, 242, 146, 255, 193, 108, 215, 175, 95, 230,
       254, 39, 237, 228, 111, 168, 56, 3, 253, 148, 205, 252, 88, 85,
       87, 247, 160, 154, 170, 16, 31, 136, 187, 215, 141, 167, 204, 238,
       223, 78, 55, 199, 249, 247, 214, 65, 175, 243, 186, 118, 207, 255,
       158, 247, 188, 84, 244, 125, 243, 238, 221, 78, 214, 236, 209,
       138, 185, 11, 74, 253, 45, 19, 216, 244, 197, 99, 104, 99, 216,
       175, 251, 254, 69, 63, 99, 123, 246, 50, 215, 67, 223, 36, 42, 2,
       94, 48, 169, 192, 130, 199, 95, 79, 25, 91, 38, 229, 125, 231,
       205, 133, 149, 72, 242, 170, 111, 148, 44, 179, 41, 80, 34, 191,
       184, 83, 233, 221, 182, 223, 63, 121, 61, 120, 174, 156, 196, 188,
       135, 26, 215, 16, 211, 120, 106, 115, 47, 95, 52, 235, 210, 76,
       207, 191, 57, 157, 63, 238, 221, 199, 83, 97, 197, 76, 255, 42,
       118, 213, 34, 116, 200, 178, 158, 114, 88, 171, 56, 189, 251, 249,
       0, 83, 82, 11, 244, 99, 248, 73, 94, 103, 55, 27, 118, 228, 101,
       160, 162, 203, 107, 9, 17, 179, 186, 244, 236, 98, 108, 191, 5,
       44, 178, 235, 69, 17, 111, 187, 90, 10, 60, 99, 88, 236, 126, 19,
       86, 104, 3, 172, 253, 171, 67, 201, 203, 144, 216, 221, 199, 226,
       72, 51, 201, 30, 178, 197, 33, 191, 113, 187, 110, 131, 133, 28,
       215, 87, 162, 42, 97, 50, 124, 155, 119, 112, 244, 115, 128, 127,
       51, 124, 36, 42, 49, 212, 61, 108, 132, 170, 99, 192, 170, 225,
       33, 177, 171, 93, 111, 85, 197, 63, 229, 247, 213, 246, 46, 28,
       24, 40, 151, 175, 77, 238, 210, 44, 245, 252, 116, 138, 103, 27,
       213, 38, 207, 252, 218, 252, 5, 160, 237, 129, 194, 46, 105, 153,
       38, 119, 87, 150, 213, 102, 218, 106, 55, 205, 123, 191, 147, 212,
       189, 64, 77, 47, 235, 228, 173, 227, 145, 112, 92, 215, 78, 46,
       50, 2, 95, 184, 48, 142, 255, 231, 89, 103, 186, 81, 118, 213, 45,
       238, 232, 211, 45, 15, 242, 231, 175, 133, 101, 162, 36, 113, 60,
       39, 113, 69, 18, 75, 235, 80, 117, 228, 127, 204, 211, 37, 149,
       52, 62, 220, 6, 234, 169, 176, 109, 78, 103, 142, 37, 132, 231,
       251, 70, 176, 86, 155, 200, 130, 154, 80, 30, 204, 34, 125, 156,
       175, 101, 238, 235, 80, 119, 195, 237, 247, 223, 3, 190, 113, 250,
