%YAML:1.0
---
descriptors: !!opencv-matrix
   rows: 250
   cols: 32
   dt: u
   data: [ 127, 114, 234, 101, 119, 94, 122, 48, 113, 236, 255, 173, 75,
       61, 214, 182, 54, 221, 245, 255, 204, 246, 181, 202, 223, 255,
       165, 167, 111, 167, 94, 215, 77, 114, 152, 102, 168, 46, 71, 24,
       43, 170, 63, 76, 223, 51, 201, 186, 151, 196, 108, 62, 137, 208,
       217, 0, 215, 251, 101, 180, 138, 243, 11, 33, 120, 9, 218, 245, 7,
       250, 112, 71, 229, 132, 226, 3, 11, 57, 33, 218, 106, 182, 203, 0,
       28, 187, 80, 136, 211, 225, 16, 3, 231, 104, 220, 10, 41, 32, 133,
       89, 77, 253, 192, 11, 207, 241, 168, 72, 154, 152, 86, 172, 200,
       168, 122, 25, 159, 106, 87, 208, 15, 91, 209, 122, 219, 12, 216,
       134, 1, 140, 31, 63, 32, 172, 113, 39, 188, 17, 106, 17, 246, 163,
       32, 64, 161, 35, 107, 28, 50, 173, 19, 119, 201, 182, 82, 64, 200,
       0, 161, 74, 69, 136, 191, 117, 28, 14, 65, 56, 246, 241, 166, 64,
       243, 121, 21, 43, 153, 228, 120, 44, 169, 232, 251, 12, 203, 251,
       85, 84, 200, 168, 64, 56, 205, 125, 159, 181, 160, 14, 101, 55,
       184, 170, 34, 77, 247, 33, 65, 83, 132, 100, 104, 124, 105, 252,
       145, 10, 237, 179, 117, 16, 136, 240, 67, 56, 124, 40, 189, 182,
       141, 108, 85, 140, 130, 255, 143, 24, 215, 63, 75, 122, 193, 214,
       125, 19, 8, 67, 251, 32, 219, 243, 85, 61, 128, 123, 212, 106,
       184, 221, 108, 119, 7, 94, 247, 240, 101, 78, 247, 39, 123, 93,
       30, 33, 120, 240, 199, 227, 236, 180, 125, 175, 119, 203, 231,
       149, 119, 190, 126, 219, 169, 4, 63, 117, 117, 95, 97, 50, 121,
       170, 102, 24, 211, 49, 16, 57, 216, 36, 68, 40, 41, 252, 97, 14,
       199, 251, 80, 17, 66, 168, 86, 160, 65, 61, 173, 101, 164, 238,
       125, 55, 104, 233, 46, 8, 182, 60, 16, 50, 128, 38, 124, 13, 241,
       248, 241, 78, 205, 190, 116, 16, 72, 96, 211, 106, 8, 225, 27,
       104, 80, 205, 97, 117, 101, 1, 110, 8, 183, 147, 0, 112, 32, 56,
       64, 72, 66, 184, 34, 53, 215, 201, 16, 73, 96, 130, 102, 170, 185,
       207, 66, 218, 52, 145, 79, 246, 213, 0, 196, 66, 51, 195, 182,
       229, 74, 234, 18, 206, 235, 175, 38, 191, 240, 168, 130, 8, 63,
       152, 120, 168, 217, 128, 159, 244, 172, 44, 92, 51, 233, 27, 162,
       80, 223, 115, 0, 219, 167, 231, 108, 8, 49, 77, 131, 0, 211, 251,
       118, 16, 160, 224, 161, 9, 16, 153, 63, 126, 131, 204, 53, 247,
       172, 17, 108, 0, 62, 183, 32, 112, 166, 51, 91, 64, 18, 137, 50,
       117, 243, 173, 26, 66, 80, 2, 167, 107, 214, 18, 158, 180, 42, 98,
       61, 1, 188, 158, 211, 247, 204, 230, 43, 75, 166, 245, 237, 161,
       32, 197, 131, 200, 144, 226, 107, 131, 160, 101, 37, 115, 204,
       116, 253, 103, 96, 78, 111, 184, 57, 174, 63, 104, 247, 119, 201,
       114, 22, 92, 124, 106, 233, 208, 249, 42, 231, 253, 101, 132, 98,
       243, 70, 113, 77, 137, 237, 223, 130, 118, 173, 175, 254, 87, 78,
       2, 253, 119, 155, 107, 119, 87, 123, 141, 177, 216, 255, 105, 237,
       175, 255, 4, 164, 241, 165, 104, 20, 205, 60, 191, 180, 239, 127,
       180, 52, 47, 223, 1, 247, 127, 10, 64, 123, 254, 29, 227, 122,
       176, 89, 47, 237, 231, 166, 80, 160, 219, 133, 98, 3, 159, 19,
       138, 180, 167, 162, 239, 29, 65, 88, 103, 228, 250, 40, 64, 253,
       43, 10, 49, 183, 184, 17, 255, 172, 54, 138, 66, 156, 74, 177,
       157, 120, 184, 190, 186, 9, 229, 17, 195, 171, 31, 160, 25, 62,
       255, 106, 26, 233, 179, 237, 145, 30, 79, 154, 49, 217, 211, 90,
       59, 208, 64, 39, 10, 82, 185, 159, 248, 139, 193, 17, 207, 175,
       21, 164, 41, 46, 247, 96, 90, 231, 179, 239, 144, 18, 75, 178,
       241, 217, 215, 94, 123, 144, 64, 167, 123, 101, 73, 189, 111, 100,
       143, 103, 180, 100, 168, 98, 72, 215, 53, 1, 48, 148, 124, 113,
       78, 193, 184, 241, 40, 197, 248, 101, 48, 192, 187, 67, 168, 69,
       193, 191, 103, 164, 78, 103, 184, 124, 162, 175, 8, 247, 117, 24,
       114, 145, 68, 121, 106, 8, 240, 249, 42, 237, 191, 101, 20, 192,
       251, 214, 98, 68, 108, 153, 117, 144, 143, 79, 144, 58, 170, 102,
       72, 215, 51, 1, 57, 145, 108, 108, 106, 8, 112, 217, 60, 229, 190,
       37, 48, 192, 249, 67, 34, 147, 94, 71, 189, 22, 134, 110, 182,
       180, 66, 66, 199, 53, 6, 49, 193, 102, 231, 59, 239, 229, 221, 21,
       239, 164, 170, 222, 0, 61, 180, 57, 24, 190, 22, 244, 60, 203,
       115, 20, 75, 87, 182, 229, 63, 79, 126, 43, 157, 255, 153, 135,
       163, 44, 103, 25, 154, 211, 211, 89, 63, 243, 125, 174, 151, 253,
       36, 236, 54, 141, 60, 92, 142, 243, 247, 167, 29, 107, 104, 95,
       155, 201, 198, 232, 158, 188, 102, 255, 162, 91, 251, 213, 61,
       227, 244, 222, 70, 116, 68, 61, 101, 52, 79, 67, 48, 100, 36, 227,
       8, 215, 53, 8, 115, 144, 212, 108, 106, 40, 176, 249, 12, 229,
       235, 96, 20, 64, 171, 70, 34, 60, 205, 115, 238, 21, 135, 67, 240,
       21, 132, 254, 10, 107, 241, 185, 212, 120, 248, 135, 104, 40, 179,
       56, 191, 251, 236, 135, 24, 119, 255, 116, 32, 120, 174, 148, 184,
       139, 169, 80, 71, 155, 147, 160, 157, 47, 170, 99, 154, 137, 179,
       236, 16, 46, 79, 194, 49, 154, 211, 85, 123, 242, 76, 139, 10,
       135, 207, 237, 211, 196, 22, 239, 184, 94, 210, 85, 210, 89, 104,
       253, 239, 127, 202, 51, 255, 243, 116, 47, 255, 110, 10, 239, 196,
       223, 249, 241, 228, 254, 95, 238, 94, 143, 118, 31, 253, 145, 78,
       215, 55, 104, 255, 63, 223, 220, 247, 181, 231, 237, 199, 186,
       235, 115, 107, 238, 155, 55, 119, 252, 95, 99, 57, 152, 26, 77,
       253, 208, 71, 207, 241, 172, 13, 170, 152, 86, 162, 136, 34, 250,
       17, 151, 43, 210, 241, 31, 93, 17, 123, 218, 14, 90, 142, 101,
       170, 168, 48, 173, 157, 69, 207, 235, 127, 188, 13, 130, 232, 94,
       20, 137, 130, 108, 29, 158, 107, 250, 49, 155, 221, 85, 125, 208,
       14, 218, 78, 244, 180, 29, 101, 40, 75, 85, 41, 168, 186, 167, 56,
       215, 51, 8, 51, 19, 84, 108, 42, 121, 213, 201, 14, 221, 235, 97,
       52, 104, 107, 66, 35, 136, 246, 151, 250, 235, 196, 181, 255, 254,
       31, 113, 112, 236, 247, 104, 201, 177, 27, 163, 0, 114, 94, 138,
       115, 253, 243, 126, 79, 208, 80, 167, 171, 32, 239, 16, 73, 93,
       159, 198, 109, 86, 40, 232, 76, 226, 96, 20, 148, 216, 170, 66,
       104, 76, 170, 89, 63, 38, 188, 1, 57, 88, 10, 218, 140, 61, 221,
       127, 111, 103, 95, 215, 252, 85, 108, 247, 167, 123, 93, 190, 37,
       126, 212, 183, 111, 232, 183, 125, 191, 127, 123, 101, 198, 119,
       191, 244, 123, 151, 92, 239, 151, 134, 114, 175, 246, 116, 215,
       95, 151, 121, 46, 191, 107, 99, 231, 63, 143, 181, 220, 61, 226,
       164, 47, 254, 128, 173, 245, 185, 124, 95, 19, 250, 196, 226, 50,
       58, 81, 169, 234, 95, 230, 93, 238, 255, 234, 119, 245, 189, 183,
       149, 209, 141, 192, 218, 111, 239, 198, 174, 231, 169, 21, 125,
       228, 192, 78, 221, 30, 66, 141, 83, 165, 173, 28, 66, 104, 222,
       244, 217, 206, 160, 60, 62, 122, 253, 187, 58, 252, 133, 127, 235,
       238, 218, 4, 80, 184, 147, 186, 169, 225, 16, 203, 186, 19, 128,
       57, 174, 215, 104, 88, 161, 187, 233, 145, 26, 75, 138, 113, 217,
       212, 31, 123, 144, 64, 167, 2, 221, 224, 144, 87, 149, 29, 66,
       153, 119, 161, 39, 88, 219, 241, 200, 236, 17, 204, 236, 90, 27,
       116, 217, 178, 142, 254, 5, 126, 234, 187, 216, 36, 67, 203, 239,
       69, 162, 18, 239, 55, 100, 200, 94, 230, 241, 38, 146, 102, 38,
       230, 125, 239, 193, 152, 37, 104, 100, 46, 239, 128, 45, 178, 177,
       125, 173, 201, 51, 68, 116, 219, 231, 97, 253, 232, 115, 96, 82,
       216, 164, 165, 184, 60, 6, 106, 97, 181, 32, 30, 48, 190, 33, 2,
       82, 58, 194, 165, 193, 152, 191, 127, 168, 44, 117, 178, 238, 91,
       114, 85, 247, 119, 0, 123, 167, 103, 124, 12, 129, 124, 187, 33,
       197, 187, 114, 0, 200, 97, 67, 123, 218, 122, 202, 183, 34, 130,
       58, 144, 59, 44, 210, 231, 109, 67, 3, 216, 54, 237, 237, 199,
       238, 213, 141, 111, 214, 231, 171, 129, 44, 183, 43, 25, 109, 180,
