%YAML:1.0
---
descriptors: !!opencv-matrix
   rows: 253
   cols: 32
   dt: u
   data: [ 107, 183, 96, 170, 125, 29, 219, 189, 31, 237, 156, 169, 254,
       125, 218, 164, 223, 26, 215, 61, 194, 42, 235, 255, 239, 93, 61,
       249, 94, 142, 90, 249, 170, 196, 150, 255, 13, 205, 92, 63, 149,
       7, 242, 19, 235, 125, 60, 67, 200, 179, 251, 1, 104, 239, 83, 143,
       227, 254, 212, 27, 82, 92, 244, 74, 254, 80, 122, 104, 73, 101,
       83, 64, 169, 140, 240, 11, 11, 223, 39, 80, 248, 177, 207, 226,
       72, 167, 16, 204, 211, 249, 128, 27, 115, 179, 102, 194, 137, 184,
       59, 251, 48, 204, 57, 83, 190, 25, 84, 16, 189, 159, 32, 104, 167,
       59, 159, 145, 50, 156, 50, 117, 207, 241, 58, 192, 144, 0, 161,
       187, 90, 118, 134, 181, 163, 34, 188, 135, 184, 223, 154, 247,
       141, 46, 66, 203, 167, 71, 253, 149, 52, 221, 135, 224, 220, 99,
       254, 193, 140, 84, 169, 91, 237, 60, 253, 119, 252, 126, 111, 186,
       82, 250, 94, 8, 211, 57, 211, 107, 81, 126, 125, 58, 169, 244,
       253, 46, 111, 191, 229, 20, 230, 249, 80, 96, 242, 81, 26, 168,
       77, 213, 82, 76, 141, 12, 176, 11, 46, 158, 39, 208, 200, 177,
       207, 99, 76, 7, 210, 216, 179, 241, 130, 59, 16, 31, 44, 94, 135,
       182, 197, 19, 196, 187, 168, 220, 126, 115, 121, 214, 201, 232,
       220, 172, 127, 11, 178, 159, 183, 248, 127, 243, 14, 30, 191, 196,
       221, 14, 249, 148, 2, 241, 58, 146, 237, 253, 184, 198, 142, 61,
       52, 27, 172, 158, 126, 9, 171, 27, 211, 81, 6, 122, 210, 241, 31,
       80, 26, 111, 132, 29, 175, 207, 193, 90, 187, 113, 52, 190, 105,
       22, 124, 73, 114, 84, 187, 18, 180, 248, 197, 46, 60, 156, 191,
       156, 161, 70, 132, 255, 178, 192, 136, 128, 193, 45, 35, 221, 99,
       159, 117, 219, 182, 230, 95, 64, 88, 7, 232, 220, 183, 228, 216,
       43, 146, 71, 199, 184, 125, 255, 38, 30, 138, 131, 93, 15, 89,
       220, 193, 212, 63, 94, 170, 196, 183, 252, 254, 95, 231, 16, 252,
       246, 172, 101, 39, 83, 122, 202, 243, 73, 187, 117, 125, 170, 114,
       72, 16, 2, 165, 249, 137, 122, 154, 49, 176, 174, 120, 150, 126,
       89, 118, 117, 157, 130, 147, 120, 38, 43, 22, 156, 135, 156, 4,
       112, 196, 189, 50, 192, 136, 144, 9, 153, 1, 221, 123, 71, 242,
       11, 239, 252, 124, 40, 126, 98, 243, 115, 140, 36, 62, 92, 86,
       106, 241, 184, 45, 111, 100, 140, 38, 128, 101, 186, 67, 169, 0,
       143, 20, 157, 188, 175, 180, 254, 142, 25, 216, 70, 190, 58, 160,
       64, 199, 99, 46, 77, 35, 169, 67, 253, 172, 246, 126, 146, 144,
       88, 161, 137, 143, 255, 237, 95, 234, 55, 175, 188, 94, 250, 93,
       246, 88, 124, 159, 47, 55, 95, 55, 239, 225, 246, 61, 254, 110,
       43, 109, 164, 127, 255, 129, 245, 189, 104, 235, 216, 196, 135,
       239, 216, 214, 130, 212, 2, 81, 217, 253, 40, 120, 232, 23, 251,
       203, 247, 62, 186, 83, 141, 167, 172, 127, 185, 112, 176, 124,
       108, 243, 100, 241, 110, 103, 216, 113, 128, 238, 64, 91, 247,
       141, 246, 115, 220, 100, 106, 73, 145, 184, 106, 243, 239, 39, 4,
       226, 243, 102, 32, 5, 123, 157, 143, 106, 12, 175, 152, 238, 192,
       72, 228, 245, 226, 145, 98, 22, 96, 122, 79, 195, 0, 223, 121,
       228, 34, 111, 168, 28, 179, 3, 177, 64, 0, 185, 249, 36, 236, 105,
       7, 110, 21, 67, 16, 149, 147, 64, 72, 192, 61, 46, 144, 10, 216,
       241, 1, 197, 241, 250, 65, 128, 0, 229, 170, 47, 205, 227, 21,
       213, 214, 190, 238, 222, 195, 90, 195, 104, 252, 255, 32, 249,
       107, 51, 221, 246, 248, 60, 255, 111, 94, 143, 198, 215, 126, 240,
       206, 42, 114, 97, 74, 124, 149, 74, 92, 71, 72, 253, 238, 107,
       205, 188, 180, 92, 152, 151, 174, 203, 166, 127, 221, 102, 89,
       160, 184, 95, 142, 118, 253, 44, 145, 52, 123, 157, 221, 208, 249,
       78, 61, 117, 16, 218, 125, 62, 105, 201, 18, 155, 57, 178, 40,
       123, 149, 79, 219, 82, 125, 211, 12, 212, 194, 37, 116, 184, 67,
       237, 125, 243, 218, 79, 255, 189, 24, 146, 252, 79, 40, 153, 24,
       82, 24, 131, 102, 122, 178, 79, 157, 21, 62, 209, 123, 79, 246,
       14, 164, 16, 219, 221, 125, 176, 200, 31, 63, 141, 25, 204, 221,
       110, 204, 217, 27, 171, 49, 18, 98, 91, 211, 143, 215, 155, 127,
       146, 79, 13, 66, 45, 191, 120, 105, 124, 159, 87, 144, 67, 108,
       117, 108, 155, 25, 218, 49, 94, 12, 70, 110, 219, 50, 237, 21,
       102, 201, 33, 252, 127, 171, 82, 241, 222, 122, 254, 244, 195, 38,
       59, 82, 177, 132, 166, 129, 29, 231, 97, 31, 38, 245, 253, 222,
       32, 199, 146, 104, 211, 233, 79, 136, 163, 241, 39, 114, 194, 212,
       50, 156, 125, 212, 188, 175, 203, 19, 16, 17, 172, 222, 108, 214,
       207, 51, 138, 144, 70, 15, 210, 247, 63, 48, 158, 235, 22, 28,
       173, 79, 61, 72, 67, 238, 101, 23, 74, 120, 81, 10, 241, 78, 123,
       75, 57, 241, 248, 168, 4, 238, 237, 183, 8, 156, 147, 233, 225,
       132, 59, 191, 122, 128, 60, 230, 105, 33, 116, 91, 231, 234, 82,
       228, 124, 171, 195, 108, 158, 0, 25, 200, 3, 111, 238, 178, 109,
       63, 110, 79, 165, 37, 119, 159, 214, 244, 216, 216, 30, 126, 11,
       204, 116, 252, 189, 27, 231, 17, 126, 223, 40, 83, 164, 115, 249,
       66, 102, 205, 26, 225, 211, 251, 80, 11, 122, 16, 175, 27, 3, 30,
       181, 223, 164, 175, 53, 31, 30, 155, 94, 112, 252, 54, 161, 104,
       215, 123, 63, 4, 163, 220, 99, 203, 77, 158, 126, 130, 144, 104,
       129, 251, 105, 252, 157, 159, 95, 221, 21, 166, 142, 213, 110, 12,
       190, 244, 66, 50, 131, 98, 234, 0, 71, 232, 243, 61, 109, 55, 85,
       123, 200, 28, 79, 254, 189, 99, 233, 224, 190, 3, 207, 217, 86,
       170, 157, 234, 83, 205, 249, 32, 126, 216, 23, 255, 203, 115, 205,
       154, 240, 205, 165, 188, 117, 251, 112, 177, 178, 23, 237, 165,
       42, 35, 157, 127, 22, 234, 146, 247, 85, 63, 193, 99, 127, 151,
       191, 165, 233, 223, 101, 202, 208, 3, 255, 180, 61, 232, 52, 57,
       55, 224, 104, 201, 126, 91, 107, 248, 27, 229, 125, 138, 19, 141,
       254, 52, 126, 152, 23, 254, 195, 50, 45, 213, 62, 12, 161, 244,
       119, 139, 86, 245, 1, 216, 157, 253, 46, 205, 54, 250, 142, 74,
       218, 102, 181, 247, 161, 96, 247, 83, 126, 64, 67, 9, 19, 123,
       229, 182, 107, 154, 28, 120, 1, 59, 45, 116, 185, 97, 189, 127,
       211, 216, 78, 255, 189, 8, 154, 92, 95, 42, 153, 88, 94, 25, 139,
       101, 248, 146, 207, 221, 21, 52, 209, 123, 71, 247, 18, 170, 135,
       186, 27, 193, 57, 232, 174, 21, 193, 163, 172, 199, 104, 192, 231,
       49, 235, 128, 2, 79, 138, 245, 157, 34, 218, 251, 20, 7, 37, 235,
       128, 161, 23, 170, 20, 139, 108, 109, 173, 16, 67, 64, 103, 195,
       40, 213, 178, 9, 74, 120, 114, 169, 26, 93, 184, 144, 6, 68, 16,
       2, 161, 40, 71, 96, 221, 177, 234, 104, 41, 25, 42, 243, 1, 253,
       215, 230, 203, 123, 55, 77, 116, 29, 149, 84, 255, 64, 140, 2,
       127, 228, 172, 227, 3, 241, 71, 249, 165, 183, 162, 160, 45, 134,
       191, 215, 3, 215, 237, 110, 219, 79, 167, 103, 121, 215, 183, 216,
       191, 225, 140, 50, 223, 194, 140, 117, 161, 85, 242, 85, 90, 172,
       89, 69, 86, 77, 141, 12, 184, 11, 46, 223, 39, 81, 216, 177, 143,
       98, 76, 7, 80, 223, 243, 209, 128, 59, 19, 62, 238, 94, 3, 159,
       20, 191, 191, 175, 190, 182, 206, 72, 218, 102, 252, 58, 33, 64,
       230, 115, 126, 68, 131, 169, 67, 255, 173, 254, 126, 146, 24, 89,
       129, 27, 249, 241, 249, 103, 100, 14, 85, 56, 80, 218, 247, 92,
       115, 93, 152, 59, 156, 212, 116, 110, 233, 246, 251, 3, 87, 235,
       101, 28, 107, 250, 82, 243, 92, 223, 26, 174, 180, 134, 126, 180,
       52, 8, 222, 98, 255, 247, 32, 80, 246, 255, 61, 203, 200, 154,
       136, 175, 251, 237, 175, 136, 32, 179, 160, 3, 106, 24, 150, 254,
       77, 244, 248, 166, 153, 130, 226, 0, 232, 190, 37, 222, 200, 247,
       251, 192, 44, 235, 210, 232, 23, 254, 222, 27, 130, 125, 124, 14,
       137, 16, 100, 45, 68, 57, 224, 87, 109, 81, 82, 86, 187, 24, 150,
       171, 104, 138, 30, 141, 135, 188, 85, 193, 6, 105, 178, 128, 125,
       140, 217, 140, 94, 173, 242, 160, 245, 31, 126, 219, 55, 173, 159,
