%YAML:1.0
---
descriptors: !!opencv-matrix
   rows: 265
   cols: 32
   dt: u
   data: [ 104, 44, 252, 83, 252, 251, 120, 3, 255, 191, 63, 24, 207, 11,
       212, 28, 139, 182, 238, 24, 24, 252, 233, 242, 15, 222, 81, 115,
       194, 201, 70, 9, 62, 239, 162, 138, 145, 211, 222, 238, 31, 37,
       156, 131, 78, 238, 62, 148, 253, 251, 223, 215, 30, 139, 40, 255,
       187, 85, 143, 255, 151, 31, 174, 222, 149, 79, 79, 237, 150, 2,
       110, 240, 52, 130, 218, 226, 81, 227, 185, 64, 126, 236, 63, 239,
       233, 145, 13, 78, 180, 174, 175, 132, 61, 251, 177, 33, 108, 115,
       60, 103, 48, 14, 127, 184, 104, 140, 127, 76, 223, 99, 139, 17,
       148, 84, 108, 110, 224, 176, 169, 12, 231, 251, 101, 132, 74, 179,
       67, 177, 90, 169, 150, 184, 139, 165, 16, 207, 171, 17, 168, 25,
       47, 243, 98, 154, 163, 163, 237, 132, 30, 75, 154, 49, 152, 231,
       88, 123, 184, 69, 171, 10, 57, 188, 158, 120, 109, 189, 80, 215,
       235, 27, 180, 29, 63, 216, 66, 187, 161, 163, 204, 16, 158, 111,
       18, 179, 219, 219, 112, 123, 234, 68, 234, 143, 246, 119, 233,
       196, 218, 70, 79, 217, 18, 236, 189, 175, 81, 103, 207, 82, 126,
       221, 21, 254, 233, 67, 189, 72, 120, 141, 175, 172, 165, 243, 230,
       241, 254, 157, 118, 254, 55, 250, 87, 232, 189, 198, 247, 51, 111,
       127, 34, 213, 247, 247, 221, 98, 108, 239, 57, 191, 251, 251, 69,
       83, 55, 175, 116, 95, 254, 61, 246, 103, 173, 127, 222, 183, 123,
       254, 62, 27, 79, 189, 87, 191, 167, 215, 253, 19, 188, 252, 249,
       162, 187, 219, 85, 255, 231, 253, 222, 87, 40, 88, 81, 115, 116,
       143, 98, 20, 116, 41, 115, 82, 115, 17, 144, 56, 126, 188, 55, 88,
       129, 252, 81, 37, 70, 175, 48, 64, 237, 139, 194, 176, 93, 181,
       254, 215, 163, 126, 63, 159, 126, 95, 207, 180, 223, 119, 138,
       127, 119, 214, 252, 138, 187, 209, 189, 227, 239, 239, 118, 197,
       162, 245, 173, 113, 4, 152, 187, 223, 124, 231, 251, 218, 190,
       217, 214, 18, 244, 247, 33, 104, 93, 122, 59, 152, 51, 222, 123,
       255, 77, 191, 247, 64, 148, 137, 116, 250, 111, 82, 133, 167, 44,
       62, 206, 156, 66, 234, 155, 236, 195, 104, 223, 238, 93, 228, 124,
       111, 141, 240, 253, 168, 132, 126, 237, 180, 142, 255, 88, 93,
       165, 159, 117, 69, 244, 123, 231, 187, 125, 234, 126, 244, 219,
       116, 156, 180, 95, 94, 22, 40, 177, 184, 109, 79, 44, 254, 37,
       132, 71, 251, 198, 245, 143, 141, 172, 179, 165, 63, 125, 183,
       158, 191, 14, 17, 214, 45, 83, 75, 193, 70, 59, 31, 180, 216, 123,
       162, 239, 95, 223, 118, 146, 124, 209, 74, 194, 177, 150, 188,
       137, 236, 52, 143, 174, 151, 134, 17, 236, 247, 74, 206, 161, 119,
       235, 17, 22, 73, 154, 243, 185, 118, 95, 123, 130, 84, 141, 86,
       108, 249, 149, 238, 58, 201, 26, 248, 174, 152, 177, 232, 255,
       215, 201, 18, 214, 49, 237, 80, 67, 3, 202, 21, 217, 209, 35, 252,
       122, 162, 39, 179, 189, 53, 243, 64, 181, 127, 199, 81, 121, 234,
       249, 92, 155, 60, 221, 180, 156, 156, 84, 42, 185, 178, 240, 138,
       177, 220, 7, 46, 203, 251, 194, 53, 181, 228, 109, 75, 236, 35,
       207, 248, 87, 114, 181, 90, 83, 73, 221, 57, 91, 200, 22, 254,
       251, 102, 109, 54, 126, 11, 225, 244, 117, 187, 210, 224, 188, 42,
       154, 60, 82, 170, 82, 82, 178, 135, 228, 25, 55, 131, 67, 24, 160,
       253, 229, 18, 24, 223, 130, 42, 211, 231, 48, 9, 224, 97, 46, 131,
       197, 69, 28, 101, 176, 10, 102, 40, 116, 160, 226, 64, 215, 115,
       129, 115, 16, 68, 108, 106, 105, 240, 201, 12, 164, 162, 101, 20,
       72, 179, 74, 32, 138, 137, 191, 254, 221, 196, 189, 231, 159, 21,
       220, 19, 172, 255, 36, 64, 201, 59, 171, 129, 50, 139, 98, 247,
       103, 55, 158, 11, 146, 92, 181, 234, 30, 245, 162, 160, 157, 85,
       144, 207, 167, 117, 137, 155, 78, 220, 122, 130, 185, 155, 219,
       181, 94, 67, 154, 213, 187, 69, 159, 127, 135, 86, 190, 86, 246,
       53, 182, 246, 173, 127, 212, 207, 187, 250, 187, 27, 206, 254, 79,
       159, 249, 255, 255, 51, 60, 103, 251, 194, 187, 218, 93, 63, 195,
       127, 198, 87, 236, 126, 252, 113, 168, 111, 117, 159, 122, 254,
       182, 25, 159, 63, 67, 27, 133, 84, 237, 60, 56, 109, 243, 2, 207,
       251, 117, 21, 194, 240, 78, 115, 216, 168, 191, 112, 172, 237, 89,
       7, 251, 31, 180, 24, 191, 179, 192, 63, 131, 39, 108, 24, 58, 109,
       226, 19, 217, 251, 114, 121, 194, 192, 199, 105, 117, 115, 200,
       165, 172, 11, 79, 184, 2, 232, 159, 239, 243, 108, 219, 66, 94,
       204, 125, 239, 205, 82, 205, 42, 230, 45, 173, 180, 45, 255, 90,
       81, 92, 157, 254, 119, 163, 114, 127, 188, 115, 127, 247, 177, 89,
       127, 159, 251, 119, 215, 253, 234, 188, 209, 173, 161, 251, 255,
       247, 215, 166, 247, 236, 115, 131, 183, 236, 81, 180, 46, 173,
       191, 126, 251, 22, 84, 208, 56, 222, 47, 55, 14, 127, 61, 179,
       252, 245, 83, 44, 26, 127, 196, 204, 192, 211, 181, 41, 221, 19,
       77, 49, 143, 231, 182, 108, 104, 106, 76, 190, 16, 36, 112, 176,
       42, 82, 104, 197, 184, 16, 61, 173, 140, 32, 0, 90, 2, 67, 152,
       130, 140, 126, 95, 53, 253, 248, 182, 253, 18, 118, 18, 168, 41,
       181, 229, 235, 98, 130, 74, 162, 236, 103, 255, 7, 251, 82, 67,
       87, 137, 121, 175, 75, 177, 230, 197, 77, 86, 248, 121, 107, 244,
       84, 138, 40, 188, 214, 166, 110, 205, 243, 237, 149, 123, 183,
       201, 31, 91, 203, 175, 7, 172, 127, 244, 246, 252, 152, 186, 153,
       237, 86, 239, 27, 191, 184, 25, 238, 254, 78, 16, 217, 251, 236,
       51, 62, 111, 218, 191, 185, 214, 69, 127, 208, 121, 142, 86, 14,
       217, 166, 179, 227, 210, 188, 205, 47, 117, 83, 163, 76, 174, 125,
       72, 247, 219, 183, 215, 210, 217, 43, 240, 159, 83, 222, 199, 150,
       23, 181, 223, 92, 176, 152, 232, 155, 68, 89, 207, 163, 21, 164,
       145, 31, 223, 74, 26, 229, 213, 253, 144, 30, 75, 218, 17, 219,
       197, 143, 127, 162, 160, 174, 82, 45, 89, 93, 115, 228, 174, 110,
       148, 52, 25, 123, 64, 209, 83, 153, 248, 122, 222, 54, 90, 83,
       176, 89, 97, 100, 169, 164, 64, 107, 219, 194, 161, 14, 84, 182,
       155, 213, 226, 190, 71, 29, 7, 71, 19, 204, 254, 62, 200, 249,
       127, 187, 177, 48, 148, 25, 206, 37, 55, 158, 71, 151, 93, 189,
       210, 38, 161, 164, 147, 205, 97, 182, 200, 222, 183, 129, 27, 204,
       252, 123, 11, 217, 75, 147, 211, 18, 99, 218, 240, 13, 22, 223,
       127, 149, 127, 213, 194, 129, 143, 111, 249, 180, 168, 109, 55,
       252, 81, 122, 244, 183, 33, 176, 97, 102, 34, 62, 12, 243, 184,
       100, 119, 236, 170, 242, 192, 60, 200, 209, 41, 108, 104, 242, 83,
       229, 249, 120, 6, 255, 183, 247, 24, 170, 201, 92, 60, 235, 190,
       238, 16, 18, 244, 234, 226, 31, 222, 16, 115, 199, 201, 198, 166,
       130, 204, 62, 191, 93, 197, 189, 231, 158, 21, 212, 19, 172, 255,
       38, 65, 201, 59, 171, 129, 114, 15, 50, 247, 111, 51, 222, 75, 16,
       24, 181, 202, 24, 135, 10, 174, 156, 135, 78, 255, 86, 11, 216,
       66, 243, 235, 56, 64, 217, 170, 31, 177, 90, 171, 91, 191, 249,
       231, 175, 152, 16, 74, 176, 10, 171, 136, 104, 219, 253, 181, 232,
       247, 95, 81, 85, 151, 185, 28, 30, 41, 255, 139, 19, 157, 182,
       190, 127, 247, 95, 127, 154, 64, 221, 140, 243, 222, 170, 184,
       246, 158, 75, 209, 184, 232, 159, 181, 244, 187, 44, 222, 102,
       221, 223, 249, 179, 211, 102, 94, 202, 245, 31, 83, 223, 235, 23,
       5, 47, 222, 107, 248, 182, 154, 125, 157, 210, 204, 207, 125, 180,
       13, 238, 216, 126, 134, 136, 105, 250, 85, 134, 107, 218, 241,
       159, 88, 31, 123, 90, 15, 91, 78, 57, 141, 107, 236, 214, 130,
       238, 253, 85, 0, 254, 66, 123, 233, 180, 96, 122, 174, 23, 238,
       217, 187, 37, 191, 114, 237, 162, 192, 119, 138, 240, 168, 236,
       170, 252, 223, 221, 252, 113, 187, 219, 181, 36, 16, 232, 243, 76,
       86, 193, 102, 233, 24, 34, 76, 235, 241, 79, 251, 213, 103, 146,
       104, 84, 42, 1, 143, 20, 5, 180, 15, 230, 55, 108, 168, 122, 68,
