%YAML:1.0
---
descriptors: !!opencv-matrix
   rows: 456
   cols: 32
   dt: u
   data: [ 35, 141, 42, 141, 52, 135, 234, 246, 6, 73, 216, 199, 176,
       172, 54, 96, 204, 43, 23, 205, 203, 186, 116, 253, 37, 60, 186,
       128, 29, 28, 240, 253, 221, 65, 111, 84, 98, 26, 111, 176, 225,
       242, 199, 204, 91, 231, 147, 251, 38, 228, 124, 238, 233, 213,
       172, 76, 242, 235, 97, 132, 42, 179, 106, 113, 152, 140, 151, 125,
       129, 239, 68, 167, 245, 19, 234, 24, 247, 51, 32, 189, 129, 50,
       104, 8, 120, 237, 113, 63, 161, 255, 84, 19, 242, 112, 135, 42,
       48, 189, 83, 97, 244, 139, 102, 245, 124, 32, 106, 72, 87, 17, 0,
       176, 184, 62, 74, 122, 81, 184, 81, 15, 245, 172, 1, 112, 104,
       138, 194, 162, 45, 177, 40, 115, 245, 255, 224, 25, 119, 253, 55,
       92, 194, 25, 222, 173, 153, 10, 230, 24, 159, 248, 123, 20, 15,
       217, 53, 119, 202, 141, 222, 247, 229, 82, 221, 69, 104, 26, 103,
       184, 121, 250, 39, 124, 94, 50, 141, 127, 54, 68, 108, 110, 225,
       85, 173, 66, 150, 186, 97, 52, 72, 179, 67, 117, 214, 18, 142,
       180, 162, 34, 60, 1, 188, 158, 211, 247, 205, 231, 43, 75, 230,
       53, 237, 165, 32, 197, 131, 200, 208, 35, 250, 131, 128, 100, 173,
       83, 53, 95, 237, 71, 214, 91, 199, 120, 85, 234, 254, 106, 83, 56,
       149, 100, 120, 204, 118, 104, 233, 246, 109, 142, 62, 174, 229,
       196, 103, 186, 80, 237, 82, 184, 191, 248, 171, 229, 49, 207, 191,
       83, 164, 48, 188, 247, 96, 123, 163, 179, 251, 144, 18, 75, 178,
       241, 219, 211, 94, 123, 144, 64, 167, 187, 92, 179, 248, 99, 186,
       41, 31, 157, 34, 189, 63, 253, 207, 103, 203, 26, 55, 223, 237,
       114, 146, 80, 201, 2, 254, 197, 37, 245, 229, 243, 135, 51, 65,
       173, 191, 37, 32, 206, 125, 55, 232, 233, 46, 9, 182, 61, 18, 50,
       130, 39, 125, 13, 213, 248, 241, 14, 239, 191, 52, 16, 64, 96,
       195, 122, 108, 120, 183, 101, 53, 79, 67, 176, 100, 168, 98, 72,
       214, 53, 1, 57, 212, 124, 121, 122, 9, 240, 241, 12, 205, 187,
       101, 20, 192, 59, 86, 50, 229, 7, 110, 6, 108, 29, 229, 105, 105,
       254, 253, 205, 67, 104, 159, 19, 152, 132, 102, 47, 228, 114, 238,
       12, 54, 57, 97, 60, 65, 238, 90, 196, 80, 189, 62, 254, 147, 204,
       53, 55, 172, 17, 74, 0, 60, 187, 32, 83, 162, 55, 121, 1, 82, 217,
       146, 101, 241, 163, 30, 67, 8, 64, 163, 43, 229, 108, 153, 101,
       184, 47, 71, 56, 18, 162, 173, 72, 215, 51, 65, 50, 145, 116, 104,
       106, 41, 112, 217, 62, 237, 222, 5, 52, 216, 251, 66, 34, 18, 218,
       187, 189, 50, 193, 189, 87, 60, 73, 82, 247, 188, 158, 160, 64,
       246, 59, 147, 129, 231, 157, 34, 239, 228, 39, 62, 131, 28, 0,
       165, 219, 192, 141, 159, 181, 0, 174, 101, 39, 184, 3, 106, 25,
       247, 35, 0, 82, 129, 102, 104, 12, 48, 216, 83, 43, 197, 182, 80,
       16, 64, 104, 1, 40, 128, 136, 31, 57, 0, 204, 96, 7, 190, 19, 98,
       17, 183, 3, 32, 89, 129, 35, 107, 28, 50, 236, 19, 23, 197, 182,
       82, 64, 200, 0, 129, 10, 62, 61, 243, 64, 211, 238, 179, 71, 187,
       165, 109, 8, 8, 245, 69, 28, 56, 190, 195, 24, 18, 251, 176, 66,
       121, 156, 5, 106, 227, 82, 230, 242, 101, 225, 209, 69, 68, 78,
       99, 184, 99, 248, 96, 72, 82, 211, 221, 182, 24, 236, 32, 126,
       203, 114, 248, 8, 61, 184, 5, 44, 67, 179, 66, 160, 77, 224, 177,
       225, 180, 141, 67, 188, 118, 41, 66, 88, 215, 209, 88, 96, 145,
       94, 125, 91, 91, 124, 217, 51, 237, 252, 47, 124, 138, 0, 147, 32,
       37, 111, 105, 101, 116, 15, 239, 184, 64, 232, 124, 76, 211, 5,
       145, 48, 92, 108, 86, 110, 201, 176, 109, 60, 101, 140, 165, 180,
       76, 186, 82, 249, 90, 186, 146, 152, 11, 208, 24, 76, 175, 21,
       128, 173, 140, 238, 38, 208, 231, 177, 203, 129, 22, 79, 154, 209,
       211, 112, 154, 123, 26, 4, 47, 30, 84, 123, 59, 102, 240, 207,
       119, 113, 187, 172, 127, 104, 86, 247, 225, 16, 182, 125, 196, 82,
       64, 155, 168, 62, 251, 149, 37, 179, 64, 163, 7, 99, 45, 61, 33,
       77, 221, 159, 198, 177, 71, 232, 248, 76, 210, 56, 21, 164, 216,
       108, 82, 110, 221, 186, 124, 29, 47, 92, 5, 52, 91, 171, 218, 180,
       43, 187, 235, 203, 252, 156, 249, 223, 175, 89, 124, 228, 185,
       191, 254, 114, 206, 26, 255, 220, 151, 11, 227, 241, 110, 249,
       158, 232, 158, 132, 251, 253, 120, 191, 253, 231, 62, 94, 91, 56,
       59, 236, 159, 173, 255, 111, 147, 83, 214, 247, 253, 106, 232, 90,
       233, 171, 219, 255, 235, 144, 46, 231, 22, 123, 112, 113, 29, 236,
       24, 79, 87, 104, 32, 64, 229, 8, 215, 23, 1, 80, 216, 145, 75,
       106, 9, 130, 216, 28, 241, 137, 1, 24, 112, 51, 102, 178, 205,
       123, 106, 36, 34, 155, 63, 80, 224, 236, 214, 237, 143, 204, 211,
       145, 54, 109, 204, 111, 197, 243, 164, 104, 178, 105, 33, 184,
       110, 183, 11, 85, 99, 92, 114, 204, 111, 53, 222, 124, 79, 202,
       253, 10, 104, 223, 183, 124, 126, 248, 183, 238, 196, 39, 62, 219,
       115, 127, 195, 175, 55, 255, 116, 247, 192, 144, 149, 179, 139,
       237, 144, 7, 142, 51, 130, 17, 188, 190, 96, 74, 133, 51, 249, 17,
       22, 77, 211, 115, 205, 146, 94, 83, 152, 64, 137, 26, 223, 60,
       235, 117, 178, 126, 127, 183, 112, 234, 86, 244, 121, 63, 151,
       113, 55, 126, 53, 174, 241, 220, 165, 42, 103, 239, 117, 128, 166,
       240, 231, 121, 111, 90, 235, 206, 111, 86, 223, 124, 17, 206, 125,
       174, 72, 254, 183, 252, 126, 252, 183, 238, 205, 23, 182, 234, 50,
       127, 222, 139, 63, 255, 124, 253, 109, 184, 148, 81, 201, 125,
       212, 143, 251, 251, 32, 92, 138, 184, 85, 191, 137, 78, 224, 17,
       159, 106, 242, 224, 15, 90, 85, 127, 202, 116, 202, 142, 114, 58,
       159, 168, 75, 67, 16, 74, 191, 20, 240, 43, 14, 254, 36, 80, 239,
       147, 207, 129, 8, 11, 130, 240, 153, 178, 78, 191, 16, 0, 39, 139,
       77, 140, 212, 95, 240, 62, 110, 186, 127, 162, 126, 84, 249, 114,
       148, 244, 55, 230, 126, 170, 165, 244, 109, 255, 14, 255, 119,
       132, 142, 241, 232, 13, 100, 125, 249, 103, 112, 78, 111, 184,
       121, 174, 127, 104, 215, 119, 137, 114, 22, 212, 125, 106, 225,
       240, 249, 42, 231, 255, 101, 132, 66, 243, 70, 33, 1, 188, 231,
       91, 228, 138, 233, 119, 125, 89, 118, 246, 249, 177, 212, 100,
       123, 174, 54, 28, 147, 184, 239, 227, 14, 60, 178, 192, 239, 136,
       240, 173, 111, 255, 228, 92, 123, 221, 210, 252, 203, 252, 188,
       237, 106, 252, 215, 180, 159, 242, 247, 71, 239, 99, 254, 255, 58,
       95, 5, 187, 95, 253, 94, 223, 61, 198, 102, 111, 69, 94, 247, 248,
       237, 70, 247, 7, 235, 77, 191, 163, 120, 192, 214, 111, 204, 180,
       109, 174, 119, 235, 231, 149, 119, 191, 92, 214, 53, 76, 67, 218,
       148, 163, 202, 118, 214, 0, 216, 66, 113, 202, 177, 228, 121, 170,
       22, 156, 171, 191, 12, 191, 48, 174, 166, 192, 189, 218, 112, 168,
       19, 170, 202, 153, 94, 145, 184, 107, 158, 100, 212, 231, 172,
       170, 114, 192, 110, 175, 255, 133, 228, 219, 197, 240, 156, 32,
       255, 179, 29, 12, 57, 223, 120, 168, 176, 240, 139, 201, 81, 167,
       235, 181, 160, 24, 175, 147, 64, 18, 161, 255, 236, 17, 10, 107,
       210, 180, 217, 209, 21, 127, 162, 24, 143, 42, 1, 14, 119, 91,
       244, 174, 233, 19, 124, 75, 127, 84, 216, 37, 180, 108, 63, 42,
       18, 28, 179, 184, 57, 95, 13, 62, 50, 192, 215, 201, 101, 245, 45,
       105, 115, 65, 245, 203, 103, 97, 251, 232, 60, 40, 210, 209, 197,
       52, 152, 124, 70, 106, 65, 185, 168, 60, 111, 156, 37, 50, 82, 59,
       198, 163, 39, 104, 235, 159, 86, 196, 191, 64, 56, 66, 89, 131,
       57, 204, 55, 32, 126, 107, 19, 207, 198, 182, 190, 235, 101, 44,
       138, 136, 69, 255, 119, 252, 85, 117, 179, 228, 10, 70, 7, 216,
       108, 138, 235, 64, 215, 243, 73, 82, 246, 93, 108, 106, 65, 3,
       153, 8, 241, 172, 47, 60, 0, 115, 35, 35, 85, 113, 147, 226, 146,
       79, 39, 216, 100, 160, 171, 76, 215, 83, 73, 48, 54, 221, 92, 122,
       193, 179, 185, 8, 241, 140, 39, 52, 160, 115, 35, 35, 216, 16,
       189, 252, 40, 228, 81, 31, 162, 31, 166, 24, 247, 247, 8, 123,
