%YAML:1.0
---
descriptors: !!opencv-matrix
   rows: 258
   cols: 32
   dt: u
   data: [ 167, 247, 253, 95, 234, 55, 159, 188, 27, 250, 125, 246, 93,
       124, 255, 39, 23, 95, 55, 110, 241, 244, 47, 254, 110, 10, 101,
       172, 127, 255, 129, 245, 108, 0, 223, 111, 232, 108, 121, 25, 232,
       146, 103, 24, 223, 243, 73, 123, 134, 100, 98, 26, 17, 112, 243,
       0, 71, 185, 96, 8, 192, 227, 66, 162, 244, 101, 63, 103, 36, 79,
       71, 136, 100, 36, 235, 8, 215, 21, 9, 112, 216, 212, 108, 106, 73,
       176, 249, 10, 229, 235, 36, 20, 96, 251, 70, 98, 231, 162, 173,
       163, 141, 119, 74, 152, 67, 255, 145, 95, 195, 104, 95, 11, 217,
       196, 125, 255, 189, 102, 255, 130, 142, 91, 229, 253, 239, 255,
       250, 84, 83, 186, 174, 186, 170, 141, 24, 202, 174, 93, 128, 189,
       182, 202, 74, 26, 167, 99, 125, 149, 142, 79, 158, 113, 216, 22,
       63, 251, 136, 0, 43, 95, 201, 26, 199, 185, 176, 186, 107, 22, 60,
       75, 86, 244, 223, 7, 128, 253, 55, 238, 126, 156, 161, 216, 229,
       94, 164, 255, 186, 128, 174, 192, 129, 113, 176, 206, 66, 159,
       214, 163, 38, 239, 84, 3, 74, 210, 113, 227, 160, 64, 121, 234, 2,
       172, 106, 184, 13, 63, 60, 166, 150, 0, 49, 216, 176, 168, 82, 95,
       218, 190, 83, 224, 51, 198, 172, 132, 206, 163, 44, 247, 35, 80,
       38, 255, 169, 194, 0, 155, 146, 104, 241, 165, 14, 11, 160, 115,
       37, 74, 49, 157, 225, 71, 214, 123, 199, 253, 85, 226, 246, 238,
       115, 56, 156, 100, 120, 238, 54, 172, 189, 250, 109, 175, 62, 238,
       165, 192, 239, 168, 80, 252, 3, 207, 3, 155, 22, 131, 174, 230,
       94, 67, 90, 214, 176, 206, 180, 228, 127, 43, 18, 221, 231, 156,
       45, 255, 44, 30, 158, 194, 29, 92, 177, 220, 139, 223, 130, 155,
       151, 147, 190, 198, 30, 67, 80, 247, 172, 202, 54, 196, 255, 107,
       179, 197, 231, 152, 6, 255, 164, 118, 158, 138, 30, 92, 169, 157,
       73, 151, 17, 69, 52, 30, 239, 55, 125, 232, 126, 68, 254, 49, 148,
       244, 182, 102, 116, 110, 241, 184, 241, 78, 39, 255, 38, 128, 74,
       226, 203, 189, 27, 14, 216, 219, 179, 186, 94, 95, 95, 7, 94, 182,
       239, 99, 166, 220, 119, 170, 172, 28, 190, 152, 45, 255, 170, 255,
       21, 211, 191, 212, 137, 77, 119, 245, 144, 166, 139, 95, 86, 232,
       43, 240, 140, 12, 206, 22, 67, 182, 157, 221, 252, 242, 79, 67,
       219, 156, 185, 215, 79, 127, 40, 54, 11, 31, 2, 133, 51, 139, 150,
       227, 178, 111, 78, 65, 89, 2, 164, 120, 60, 68, 253, 27, 19, 177,
       23, 184, 56, 253, 45, 20, 138, 66, 221, 74, 181, 158, 82, 113, 27,
       232, 11, 193, 19, 72, 169, 12, 173, 40, 14, 223, 33, 16, 182, 177,
       207, 226, 72, 3, 178, 220, 209, 209, 10, 59, 80, 2, 39, 51, 191,
       206, 194, 55, 149, 31, 238, 248, 85, 202, 123, 94, 75, 104, 191,
       161, 249, 238, 214, 39, 253, 240, 77, 174, 174, 223, 197, 135,
       239, 254, 216, 132, 71, 188, 149, 147, 169, 236, 53, 143, 190,
       255, 130, 245, 236, 246, 72, 79, 135, 87, 232, 21, 55, 73, 251,
       241, 141, 50, 95, 94, 136, 84, 133, 93, 120, 189, 179, 244, 173,
       221, 84, 103, 171, 221, 168, 13, 174, 191, 98, 146, 133, 59, 221,
       16, 78, 107, 18, 177, 187, 219, 84, 59, 74, 68, 207, 95, 222, 221,
       230, 215, 219, 118, 191, 246, 177, 215, 206, 151, 104, 126, 31,
       239, 109, 247, 187, 195, 252, 219, 61, 238, 123, 99, 222, 195,
       167, 117, 173, 126, 28, 160, 152, 241, 149, 239, 96, 159, 86, 177,
       103, 26, 211, 17, 72, 8, 49, 14, 34, 24, 26, 240, 89, 18, 207,
       207, 37, 101, 186, 137, 216, 130, 170, 234, 224, 29, 205, 25, 204,
       207, 87, 167, 244, 155, 43, 136, 215, 140, 89, 202, 227, 77, 206,
       62, 199, 179, 46, 95, 149, 61, 119, 188, 222, 204, 217, 24, 157,
       244, 40, 14, 93, 54, 162, 187, 166, 80, 95, 51, 0, 122, 165, 245,
       125, 8, 41, 77, 147, 66, 211, 235, 116, 16, 42, 240, 35, 43, 35,
       105, 98, 72, 79, 217, 162, 74, 206, 96, 248, 78, 40, 136, 247,
       166, 232, 9, 202, 81, 135, 43, 246, 241, 22, 24, 154, 59, 95, 13,
       123, 140, 124, 87, 89, 229, 242, 106, 127, 186, 49, 170, 254, 234,
       83, 55, 129, 80, 118, 252, 23, 234, 249, 146, 205, 78, 254, 175,
       165, 132, 39, 243, 38, 161, 168, 189, 25, 117, 112, 141, 101, 55,
       52, 47, 98, 93, 183, 19, 0, 17, 128, 58, 6, 8, 120, 188, 81, 7,
       197, 152, 48, 32, 72, 136, 198, 170, 165, 123, 105, 65, 228, 31,
       239, 184, 90, 234, 48, 76, 211, 72, 215, 48, 156, 204, 86, 127,
       237, 244, 125, 62, 110, 31, 37, 180, 77, 251, 82, 149, 147, 222,
       71, 189, 18, 134, 110, 182, 180, 194, 66, 215, 125, 38, 49, 195,
       102, 229, 57, 239, 229, 221, 21, 239, 176, 227, 206, 0, 61, 180,
       41, 88, 125, 53, 152, 166, 155, 95, 86, 56, 35, 236, 169, 12, 255,
       118, 74, 50, 149, 221, 252, 114, 204, 67, 251, 154, 251, 213, 45,
       63, 40, 55, 10, 71, 203, 184, 181, 85, 59, 78, 89, 190, 169, 243,
       134, 16, 222, 55, 4, 63, 133, 87, 121, 40, 177, 205, 251, 111,
       203, 251, 85, 22, 98, 96, 6, 122, 89, 184, 53, 121, 11, 222, 17,
       18, 166, 113, 166, 52, 190, 22, 128, 125, 133, 53, 248, 16, 3,
       205, 243, 48, 201, 240, 90, 82, 202, 4, 7, 122, 71, 253, 229, 93,
       234, 23, 239, 189, 95, 251, 20, 206, 216, 108, 223, 47, 55, 87,
       123, 239, 241, 96, 255, 253, 47, 62, 253, 188, 223, 253, 129, 253,
       117, 117, 24, 174, 25, 79, 87, 104, 111, 244, 169, 13, 223, 26,
       67, 16, 221, 197, 76, 103, 76, 99, 219, 29, 249, 213, 5, 63, 120,
       51, 10, 86, 65, 159, 126, 69, 116, 62, 238, 55, 121, 74, 126, 68,
       243, 56, 148, 52, 148, 110, 118, 46, 245, 184, 245, 79, 38, 190,
       36, 128, 72, 226, 203, 141, 229, 118, 237, 101, 172, 27, 207, 188,
       90, 250, 182, 236, 211, 44, 215, 43, 31, 196, 125, 255, 233, 116,
       237, 56, 236, 219, 237, 180, 237, 251, 82, 245, 230, 231, 228, 13,
       205, 115, 207, 170, 211, 246, 189, 153, 195, 108, 223, 47, 25,
       198, 105, 239, 248, 103, 239, 154, 57, 30, 197, 61, 231, 255, 222,
       228, 37, 125, 57, 97, 180, 15, 231, 184, 94, 232, 58, 76, 211, 25,
       209, 32, 157, 76, 86, 127, 201, 176, 121, 62, 237, 157, 37, 52,
       200, 187, 82, 177, 53, 207, 75, 111, 20, 11, 110, 188, 100, 0,
       251, 226, 115, 97, 185, 112, 122, 230, 14, 238, 233, 176, 77, 63,
       240, 174, 165, 0, 125, 187, 240, 40, 229, 209, 61, 107, 12, 79,
       71, 184, 70, 120, 165, 92, 211, 81, 24, 49, 153, 4, 120, 106, 235,
       100, 121, 29, 237, 219, 65, 116, 88, 11, 208, 50, 201, 30, 79, 93,
       48, 186, 107, 54, 125, 75, 118, 244, 255, 38, 144, 244, 87, 46,
       124, 28, 177, 156, 229, 78, 238, 255, 50, 128, 142, 192, 203, 125,
       44, 117, 120, 103, 112, 79, 118, 184, 53, 72, 127, 9, 219, 93, 9,
       16, 152, 220, 205, 106, 73, 176, 217, 14, 231, 255, 37, 5, 106,
       187, 78, 211, 233, 31, 236, 37, 164, 30, 87, 53, 121, 238, 62,
       125, 247, 40, 147, 51, 150, 230, 108, 110, 237, 244, 229, 14, 230,
       251, 101, 144, 76, 252, 218, 89, 1, 158, 28, 109, 176, 62, 99, 51,
       124, 75, 126, 116, 223, 32, 130, 112, 183, 102, 108, 40, 181, 184,
       33, 15, 238, 255, 50, 128, 200, 224, 201, 17, 45, 167, 224, 33,
       245, 159, 66, 157, 99, 173, 185, 13, 131, 136, 90, 144, 153, 206,
       198, 93, 158, 58, 200, 17, 239, 221, 37, 117, 210, 206, 218, 196,
       74, 180, 182, 218, 139, 244, 177, 71, 191, 87, 140, 49, 172, 254,
       110, 238, 231, 51, 251, 145, 22, 73, 178, 209, 155, 118, 90, 123,
       146, 68, 173, 127, 213, 4, 239, 180, 130, 102, 45, 3, 176, 194,
       207, 146, 81, 102, 51, 107, 119, 245, 57, 175, 41, 213, 181, 74,
       209, 43, 203, 0, 36, 241, 33, 96, 211, 185, 191, 188, 139, 196,
       25, 151, 170, 89, 198, 20, 188, 182, 0, 114, 166, 119, 125, 193,
       147, 73, 179, 97, 209, 48, 122, 202, 8, 0, 161, 123, 208, 248, 27,
       186, 11, 196, 21, 244, 161, 86, 160, 173, 62, 215, 96, 81, 166,
       177, 200, 194, 107, 71, 154, 113, 176, 208, 66, 42, 120, 16, 35,
       90, 201, 8, 156, 52, 40, 30, 100, 55, 225, 30, 166, 24, 247, 35,
