%YAML:1.0
---
descriptors: !!opencv-matrix
   rows: 259
   cols: 32
   dt: u
   data: [ 199, 189, 149, 147, 171, 236, 157, 143, 190, 243, 131, 157,
       236, 246, 74, 111, 135, 87, 120, 23, 55, 73, 251, 241, 141, 18,
       95, 126, 136, 85, 133, 125, 253, 182, 158, 122, 233, 253, 80, 215,
       251, 91, 181, 25, 63, 250, 74, 59, 165, 163, 236, 20, 190, 111,
       170, 51, 219, 219, 116, 121, 226, 196, 235, 195, 173, 118, 189,
       103, 32, 15, 127, 184, 124, 174, 119, 76, 223, 99, 11, 19, 148,
       84, 100, 110, 224, 244, 121, 10, 231, 219, 101, 148, 72, 243, 66,
       243, 34, 173, 179, 201, 215, 231, 178, 207, 94, 69, 120, 3, 168,
       252, 60, 132, 217, 59, 131, 17, 22, 186, 88, 255, 45, 28, 143, 99,
       209, 78, 245, 238, 23, 95, 103, 79, 148, 150, 78, 242, 101, 194,
       218, 198, 113, 102, 181, 228, 124, 238, 20, 238, 237, 154, 53,
       238, 162, 62, 143, 128, 47, 247, 112, 244, 253, 105, 98, 102, 21,
       90, 90, 240, 65, 132, 239, 139, 91, 77, 31, 208, 120, 196, 221,
       238, 76, 167, 253, 175, 243, 249, 129, 29, 103, 175, 126, 66, 120,
       64, 244, 69, 5, 90, 102, 168, 125, 166, 246, 0, 75, 42, 157, 246,
       112, 196, 110, 106, 204, 240, 237, 206, 23, 254, 199, 5, 99, 179,
       92, 38, 252, 205, 239, 231, 188, 75, 206, 248, 82, 234, 155, 75,
       83, 121, 153, 163, 121, 196, 125, 239, 233, 227, 77, 62, 250, 175,
       229, 148, 109, 251, 88, 32, 129, 143, 109, 249, 180, 168, 109,
       183, 253, 81, 90, 246, 181, 43, 176, 97, 99, 162, 63, 140, 243,
       184, 103, 247, 238, 190, 178, 192, 28, 136, 241, 41, 229, 203, 84,
       78, 205, 18, 70, 236, 83, 176, 225, 90, 66, 0, 189, 247, 88, 206,
       34, 122, 124, 126, 207, 188, 62, 58, 197, 110, 127, 191, 240, 140,
       220, 176, 158, 242, 171, 192, 16, 217, 163, 23, 165, 57, 31, 215,
       106, 219, 231, 211, 237, 144, 126, 71, 154, 97, 219, 243, 127,
       127, 162, 129, 175, 83, 33, 111, 191, 69, 100, 31, 229, 112, 89,
       170, 124, 72, 243, 121, 149, 47, 156, 94, 86, 42, 225, 240, 113,
       136, 39, 223, 117, 0, 66, 248, 86, 237, 45, 30, 125, 111, 118,
       183, 251, 250, 86, 104, 125, 102, 121, 125, 191, 32, 63, 24, 23,
       239, 167, 48, 125, 191, 103, 79, 161, 132, 127, 203, 88, 251, 80,
       229, 59, 234, 186, 200, 31, 229, 172, 36, 142, 33, 183, 183, 32,
       80, 166, 55, 205, 224, 82, 9, 160, 63, 249, 229, 62, 253, 32, 18,
       135, 107, 150, 253, 18, 158, 219, 243, 150, 239, 191, 166, 233,
       179, 108, 246, 43, 213, 251, 255, 203, 227, 124, 71, 154, 254,
       177, 182, 143, 59, 51, 119, 175, 150, 142, 144, 244, 250, 189,
       214, 88, 153, 159, 85, 23, 17, 204, 95, 62, 236, 199, 19, 189,
       149, 182, 141, 59, 247, 171, 255, 158, 199, 150, 133, 237, 87, 95,
       51, 134, 165, 146, 22, 58, 21, 170, 233, 138, 231, 141, 38, 82,
       194, 38, 197, 253, 213, 149, 153, 133, 192, 216, 101, 175, 197,
       172, 38, 169, 81, 247, 78, 92, 94, 10, 18, 94, 160, 233, 242, 183,
       206, 107, 74, 151, 243, 126, 245, 172, 230, 237, 103, 239, 253,
       178, 234, 201, 159, 125, 183, 106, 20, 52, 77, 108, 7, 133, 91,
       230, 168, 117, 230, 111, 135, 195, 104, 31, 132, 122, 204, 162,
       110, 76, 176, 93, 40, 102, 239, 69, 5, 111, 255, 88, 132, 110, 38,
       168, 160, 252, 43, 249, 91, 27, 191, 157, 191, 206, 45, 115, 10,
       187, 133, 207, 53, 176, 103, 8, 210, 220, 23, 255, 255, 148, 125,
       213, 211, 49, 141, 67, 235, 84, 163, 235, 82, 20, 1, 249, 102,
       113, 203, 184, 64, 120, 170, 6, 152, 27, 187, 4, 255, 116, 172,
       170, 64, 189, 139, 240, 160, 7, 251, 109, 78, 110, 19, 239, 188,
       207, 240, 21, 230, 121, 204, 255, 38, 54, 101, 127, 239, 193, 33,
       175, 253, 110, 8, 173, 188, 127, 191, 209, 253, 61, 233, 237, 79,
       220, 23, 207, 189, 67, 232, 60, 10, 89, 109, 223, 50, 62, 206,
       117, 254, 217, 114, 255, 253, 111, 201, 165, 164, 111, 179, 242,
       240, 138, 178, 144, 187, 227, 201, 177, 207, 30, 55, 81, 179, 140,
       239, 106, 137, 255, 27, 131, 17, 18, 92, 10, 211, 205, 80, 95,
       111, 144, 76, 133, 203, 95, 14, 140, 181, 137, 52, 188, 3, 142,
       183, 130, 215, 205, 46, 87, 202, 231, 231, 233, 133, 188, 77, 215,
       226, 138, 119, 222, 145, 141, 117, 57, 92, 226, 233, 188, 154,
       201, 205, 145, 207, 143, 29, 160, 25, 174, 254, 102, 10, 201, 115,
       235, 81, 22, 107, 234, 241, 217, 18, 94, 123, 208, 28, 135, 202,
       221, 97, 189, 250, 168, 93, 79, 152, 251, 88, 49, 8, 223, 211,
       217, 187, 178, 197, 108, 122, 43, 97, 187, 48, 155, 251, 103, 92,
       208, 179, 71, 33, 88, 12, 183, 247, 164, 110, 101, 54, 124, 187,
       98, 80, 247, 51, 17, 123, 177, 118, 125, 42, 41, 252, 17, 46, 193,
       238, 119, 16, 192, 112, 65, 43, 87, 12, 175, 158, 7, 102, 79, 2,
       176, 194, 207, 2, 113, 246, 51, 111, 97, 229, 57, 175, 41, 197,
       191, 232, 145, 42, 203, 0, 165, 115, 49, 100, 41, 59, 191, 101,
       164, 15, 231, 18, 76, 174, 126, 76, 242, 56, 21, 43, 140, 84, 110,
       106, 225, 240, 113, 8, 71, 155, 101, 0, 192, 248, 83, 171, 247,
       204, 110, 30, 13, 19, 206, 232, 216, 114, 178, 11, 99, 74, 191,
       115, 248, 229, 126, 239, 236, 71, 239, 255, 242, 43, 239, 185, 85,
       63, 122, 12, 103, 173, 97, 68, 156, 246, 207, 191, 67, 225, 156,
       2, 113, 233, 215, 36, 89, 238, 89, 252, 155, 43, 253, 255, 123,
       28, 135, 252, 199, 242, 242, 108, 26, 42, 218, 161, 50, 130, 58,
       66, 62, 5, 94, 167, 77, 7, 130, 88, 119, 189, 175, 148, 0, 152,
       133, 74, 212, 231, 58, 131, 173, 134, 45, 17, 74, 162, 180, 152,
       233, 241, 184, 207, 175, 29, 148, 185, 172, 246, 106, 223, 207,
       19, 239, 145, 22, 75, 226, 209, 157, 18, 94, 251, 146, 4, 175,
       255, 45, 201, 236, 199, 76, 20, 239, 252, 198, 144, 55, 2, 121,
       201, 255, 34, 120, 192, 51, 238, 195, 33, 63, 249, 111, 13, 231,
       132, 127, 187, 240, 160, 42, 170, 20, 154, 233, 149, 153, 239,
       143, 29, 144, 17, 172, 206, 98, 207, 205, 19, 235, 145, 22, 75,
       194, 241, 157, 18, 222, 251, 146, 12, 173, 207, 87, 233, 175, 163,
       22, 196, 43, 128, 166, 225, 139, 135, 221, 6, 210, 102, 38, 197,
       121, 223, 199, 153, 189, 224, 156, 32, 138, 192, 44, 7, 49, 124,
       90, 83, 94, 189, 42, 136, 28, 24, 172, 156, 150, 231, 237, 207,
       131, 91, 166, 117, 237, 197, 68, 193, 135, 0, 210, 225, 107, 147,
       36, 180, 41, 27, 247, 76, 236, 188, 74, 62, 222, 170, 249, 198,
       251, 159, 91, 104, 151, 123, 255, 229, 252, 231, 236, 231, 238,
       234, 242, 43, 235, 157, 109, 117, 74, 68, 245, 101, 236, 71, 158,
       2, 79, 184, 49, 162, 255, 138, 83, 99, 153, 55, 127, 212, 93, 238,
       233, 210, 237, 46, 252, 174, 237, 148, 45, 243, 210, 176, 229, 98,
       72, 183, 108, 13, 108, 184, 233, 242, 243, 204, 223, 193, 223, 59,
       78, 204, 126, 111, 193, 118, 223, 224, 132, 153, 227, 188, 12,
       187, 82, 145, 52, 125, 236, 7, 214, 79, 231, 240, 85, 228, 255, 7,
       99, 124, 31, 0, 120, 204, 98, 99, 204, 178, 125, 42, 127, 46, 133,
       7, 121, 123, 84, 214, 51, 37, 106, 3, 244, 187, 234, 113, 84, 97,
       219, 206, 83, 8, 158, 32, 120, 138, 22, 61, 159, 186, 69, 14, 60,
       12, 160, 192, 237, 202, 216, 132, 229, 69, 93, 230, 60, 14, 78,
       188, 233, 248, 179, 204, 223, 104, 157, 115, 190, 197, 94, 239,
       237, 99, 221, 204, 182, 248, 103, 148, 76, 179, 75, 49, 10, 140,
       152, 155, 245, 165, 186, 199, 30, 13, 76, 17, 172, 171, 34, 72,
       217, 43, 131, 21, 22, 156, 67, 247, 77, 23, 154, 105, 146, 76,
       157, 138, 54, 125, 169, 7, 154, 79, 151, 248, 22, 236, 250, 111,
       82, 125, 15, 0, 248, 252, 119, 231, 233, 243, 121, 62, 121, 6,
       101, 146, 113, 123, 86, 243, 96, 49, 57, 97, 0, 79, 99, 0, 32, 0,
       103, 8, 86, 23, 0, 48, 48, 148, 89, 8, 9, 112, 177, 0, 197, 173,
       0, 16, 64, 2, 70, 34, 96, 168, 25, 96, 9, 77, 65, 138, 227, 177,
       164, 8, 151, 19, 64, 48, 137, 148, 108, 24, 8, 111, 216, 16, 203,
       217, 85, 125, 96, 8, 70, 34, 11, 51, 98, 133, 103, 146, 188, 69,
