%YAML:1.0
---
descriptors: !!opencv-matrix
   rows: 277
   cols: 32
   dt: u
   data: [ 237, 93, 8, 138, 221, 61, 198, 238, 221, 106, 152, 95, 150,
       120, 63, 160, 217, 66, 90, 103, 245, 39, 92, 182, 182, 93, 4, 62,
       223, 127, 216, 20, 101, 172, 248, 68, 84, 13, 67, 216, 115, 165,
       36, 8, 51, 211, 73, 48, 89, 204, 0, 120, 42, 82, 248, 10, 127,
       140, 133, 60, 226, 163, 66, 170, 2, 158, 2, 187, 180, 163, 186,
       199, 31, 13, 90, 231, 228, 234, 168, 64, 223, 43, 15, 21, 182,
       152, 0, 255, 172, 54, 186, 194, 156, 78, 177, 159, 107, 58, 108,
       92, 123, 245, 89, 18, 251, 204, 244, 173, 42, 158, 215, 190, 134,
       127, 253, 84, 135, 74, 246, 237, 14, 125, 17, 187, 94, 133, 78,
       127, 201, 101, 105, 103, 52, 46, 107, 188, 120, 105, 255, 220,
       215, 7, 152, 112, 150, 196, 92, 110, 169, 180, 253, 46, 230, 249,
       32, 212, 108, 147, 67, 121, 218, 248, 185, 187, 27, 205, 51, 238,
       175, 85, 140, 27, 172, 223, 66, 18, 163, 115, 251, 83, 66, 79,
       251, 243, 253, 85, 15, 123, 16, 22, 135, 123, 92, 121, 59, 250,
       11, 204, 51, 80, 172, 196, 67, 1, 188, 215, 33, 112, 166, 57, 123,
       66, 67, 129, 178, 105, 209, 161, 10, 10, 0, 35, 39, 115, 4, 4, 83,
       95, 112, 174, 107, 16, 60, 1, 99, 92, 215, 227, 136, 216, 18, 60,
       102, 58, 33, 180, 24, 14, 5, 190, 32, 64, 200, 163, 67, 160, 109,
       64, 59, 99, 101, 110, 67, 24, 117, 106, 231, 8, 211, 81, 25, 120,
       216, 140, 84, 106, 9, 182, 249, 0, 215, 239, 32, 20, 96, 59, 82,
       34, 162, 80, 109, 73, 12, 207, 145, 23, 6, 125, 180, 60, 146, 29,
       20, 41, 205, 144, 215, 25, 187, 60, 113, 20, 71, 219, 240, 246,
       83, 8, 212, 243, 61, 125, 115, 79, 214, 127, 199, 212, 101, 105,
       251, 106, 83, 21, 157, 180, 88, 222, 86, 106, 153, 178, 125, 46,
       55, 172, 32, 64, 227, 219, 246, 181, 116, 60, 27, 186, 25, 237,
       83, 64, 190, 6, 233, 9, 183, 215, 33, 80, 177, 185, 93, 67, 10, 7,
       26, 63, 209, 197, 11, 57, 16, 35, 39, 98, 200, 125, 151, 245, 180,
       14, 101, 183, 184, 170, 34, 12, 247, 163, 65, 19, 133, 118, 104,
       28, 97, 252, 209, 10, 237, 210, 85, 16, 136, 120, 195, 58, 14,
       158, 59, 251, 21, 247, 187, 113, 95, 71, 77, 22, 236, 221, 50,
       228, 221, 59, 147, 17, 183, 188, 122, 223, 207, 87, 139, 67, 150,
       78, 61, 246, 0, 143, 16, 137, 180, 139, 172, 39, 28, 1, 90, 195,
       172, 42, 36, 64, 218, 43, 2, 16, 86, 184, 69, 221, 44, 22, 158,
       67, 20, 10, 185, 140, 211, 158, 14, 62, 168, 180, 24, 135, 191,
       91, 130, 245, 237, 234, 94, 219, 199, 167, 253, 149, 191, 77, 219,
       243, 154, 243, 250, 219, 136, 68, 169, 29, 120, 21, 92, 101, 224,
       78, 93, 63, 32, 234, 174, 61, 191, 55, 2, 115, 135, 151, 253, 160,
       121, 90, 209, 12, 231, 231, 116, 145, 40, 224, 142, 59, 44, 120,
       252, 100, 237, 93, 85, 211, 227, 250, 188, 40, 27, 61, 67, 58,
       143, 212, 247, 80, 73, 110, 243, 0, 255, 221, 101, 61, 235, 248,
       78, 59, 101, 109, 153, 109, 185, 47, 71, 184, 19, 170, 36, 8, 215,
       51, 65, 49, 145, 92, 104, 106, 105, 112, 249, 63, 229, 222, 5, 52,
       80, 251, 66, 32, 47, 245, 33, 3, 83, 157, 182, 252, 111, 121, 61,
       109, 218, 92, 206, 164, 157, 91, 214, 103, 199, 48, 124, 53, 47,
       93, 37, 254, 75, 30, 139, 223, 184, 252, 58, 250, 121, 205, 81,
       243, 255, 30, 180, 25, 62, 223, 98, 21, 173, 186, 207, 24, 106,
       111, 154, 247, 251, 217, 20, 123, 114, 136, 70, 219, 65, 61, 191,
       117, 164, 206, 117, 55, 232, 232, 78, 8, 182, 57, 18, 115, 128,
       55, 120, 9, 85, 248, 177, 108, 237, 191, 84, 0, 64, 64, 199, 106,
       46, 188, 240, 82, 251, 253, 190, 223, 27, 253, 60, 169, 44, 253,
       223, 180, 159, 91, 215, 21, 150, 122, 186, 243, 127, 93, 21, 239,
       198, 223, 142, 255, 90, 65, 119, 236, 19, 200, 124, 101, 173, 12,
       242, 3, 47, 159, 32, 81, 234, 183, 253, 193, 72, 155, 145, 205,
       179, 241, 26, 131, 35, 4, 167, 74, 210, 249, 56, 186, 155, 205,
       85, 231, 171, 21, 128, 25, 166, 158, 98, 82, 195, 179, 253, 81,
       94, 75, 210, 181, 251, 209, 30, 123, 16, 0, 135, 74, 62, 174, 80,
       234, 27, 177, 82, 232, 19, 0, 249, 11, 111, 219, 45, 16, 251, 153,
       133, 242, 46, 35, 24, 191, 187, 213, 7, 127, 243, 7, 47, 135, 141,
       252, 155, 59, 170, 41, 167, 172, 254, 178, 99, 88, 247, 241, 201,
       11, 19, 126, 106, 90, 51, 244, 219, 35, 236, 163, 119, 52, 200,
       123, 131, 160, 1, 176, 189, 125, 57, 143, 97, 56, 126, 185, 98,
       64, 242, 115, 28, 59, 144, 4, 120, 24, 131, 248, 243, 21, 79, 186,
       81, 68, 200, 0, 66, 162, 111, 59, 233, 92, 123, 253, 219, 26, 207,
       204, 180, 173, 168, 220, 215, 190, 134, 113, 255, 71, 151, 105,
       246, 253, 11, 93, 9, 187, 95, 173, 79, 215, 114, 88, 221, 252, 11,
       112, 28, 11, 131, 151, 136, 171, 237, 191, 37, 90, 207, 245, 249,
       128, 8, 79, 211, 192, 147, 246, 218, 155, 180, 96, 36, 58, 131,
       198, 40, 155, 180, 55, 158, 191, 31, 127, 219, 183, 193, 46, 54,
       73, 221, 199, 151, 167, 180, 220, 109, 255, 38, 119, 254, 199,
       149, 93, 148, 85, 214, 239, 142, 191, 138, 2, 63, 238, 54, 190,
       154, 183, 197, 111, 74, 67, 119, 215, 237, 231, 120, 197, 143, 42,
       248, 227, 111, 149, 165, 241, 173, 65, 36, 35, 250, 75, 244, 249,
       224, 19, 105, 9, 125, 104, 134, 152, 141, 60, 186, 26, 70, 24,
       150, 176, 228, 80, 6, 188, 32, 195, 197, 195, 75, 135, 114, 112,
       154, 184, 43, 201, 16, 73, 175, 21, 160, 57, 46, 222, 32, 88, 239,
       177, 207, 16, 14, 47, 130, 81, 217, 209, 27, 59, 144, 0, 175, 11,
       37, 187, 32, 73, 252, 31, 198, 187, 71, 232, 188, 76, 146, 8, 150,
       164, 220, 136, 82, 111, 221, 42, 93, 29, 46, 28, 129, 124, 91,
       175, 218, 132, 79, 177, 148, 211, 189, 93, 188, 143, 175, 245,
       143, 28, 206, 230, 94, 238, 129, 87, 249, 21, 87, 73, 251, 208,
       143, 95, 223, 127, 138, 206, 153, 84, 25, 127, 217, 101, 48, 106,
       99, 22, 32, 201, 122, 224, 183, 55, 129, 48, 54, 252, 20, 120, 11,
       144, 225, 10, 228, 237, 36, 128, 168, 243, 2, 185, 248, 213, 95,
       173, 36, 78, 111, 117, 36, 6, 246, 2, 119, 23, 32, 81, 122, 212,
       15, 234, 104, 183, 65, 15, 241, 169, 226, 0, 101, 186, 228, 233,
       82, 185, 121, 97, 154, 217, 176, 71, 170, 49, 186, 170, 159, 159,
       68, 48, 170, 153, 237, 209, 94, 41, 162, 85, 251, 193, 47, 255,
       229, 2, 135, 19, 33, 48, 115, 73, 116, 111, 227, 91, 85, 107, 124,
       82, 16, 21, 180, 52, 126, 156, 22, 184, 161, 190, 113, 222, 103,
       30, 48, 64, 247, 136, 114, 169, 41, 36, 83, 72, 81, 255, 226, 74,
       127, 1, 125, 8, 26, 220, 36, 180, 152, 184, 210, 56, 23, 178, 112,
       95, 23, 220, 1, 107, 211, 75, 106, 164, 212, 92, 255, 255, 38, 74,
       119, 96, 252, 162, 115, 34, 87, 117, 161, 107, 98, 116, 44, 98,
       97, 181, 41, 14, 211, 235, 98, 7, 100, 123, 69, 35, 41, 50, 108,
       49, 52, 159, 248, 16, 117, 105, 119, 213, 187, 8, 146, 8, 92, 140,
       126, 13, 158, 188, 69, 141, 198, 127, 176, 192, 111, 140, 88, 13,
       35, 132, 99, 77, 117, 183, 170, 106, 94, 192, 120, 198, 104, 232,
       188, 164, 89, 40, 18, 173, 165, 178, 124, 223, 46, 94, 131, 2, 95,
       174, 88, 180, 126, 247, 224, 6, 137, 124, 86, 173, 227, 254, 173,
       141, 107, 236, 95, 214, 145, 198, 236, 198, 220, 67, 255, 160,
       187, 119, 69, 63, 163, 119, 222, 86, 205, 100, 57, 99, 52, 46,
       107, 184, 121, 122, 243, 88, 215, 83, 153, 121, 150, 198, 92, 110,
       233, 244, 233, 47, 231, 249, 96, 196, 72, 147, 66, 49, 41, 51,
       104, 65, 84, 159, 235, 16, 85, 105, 119, 76, 147, 8, 150, 52, 92,
       140, 22, 92, 143, 186, 117, 140, 70, 61, 160, 64, 79, 142, 90,
       148, 104, 153, 188, 117, 97, 204, 120, 55, 169, 85, 38, 25, 191,
       63, 2, 83, 134, 55, 245, 0, 29, 200, 242, 37, 199, 247, 80, 17,
       106, 128, 14, 91, 5, 243, 88, 99, 242, 138, 59, 180, 60, 89, 113,
       244, 157, 7, 136, 80, 55, 27, 6, 84, 211, 184, 9, 118, 108, 148,
