%YAML:1.0
---
descriptors: !!opencv-matrix
   rows: 341
   cols: 32
   dt: u
   data: [ 199, 204, 224, 215, 196, 56, 110, 167, 184, 179, 91, 147, 201,
       109, 93, 107, 99, 246, 57, 159, 112, 84, 207, 226, 46, 63, 254,
       193, 134, 255, 208, 20, 124, 127, 119, 230, 47, 123, 86, 16, 161,
       164, 135, 106, 79, 119, 129, 191, 34, 244, 253, 106, 40, 67, 168,
       172, 243, 193, 101, 179, 166, 255, 86, 103, 156, 96, 151, 123,
       129, 46, 103, 216, 118, 150, 103, 4, 223, 227, 233, 157, 49, 72,
       34, 126, 33, 244, 187, 48, 207, 203, 101, 36, 226, 243, 102, 160,
       139, 38, 170, 56, 247, 179, 186, 79, 94, 135, 84, 183, 168, 200,
       54, 9, 223, 43, 131, 149, 182, 254, 14, 223, 104, 23, 155, 67,
       221, 76, 187, 198, 95, 252, 190, 214, 187, 22, 159, 184, 219, 234,
       150, 102, 124, 254, 231, 102, 183, 119, 252, 163, 165, 65, 187,
       254, 187, 127, 111, 158, 142, 118, 41, 87, 199, 205, 182, 118,
       174, 52, 254, 184, 253, 218, 59, 82, 252, 250, 191, 99, 183, 99,
       62, 127, 244, 97, 46, 234, 110, 126, 111, 142, 198, 243, 225, 13,
       115, 74, 78, 29, 44, 134, 132, 7, 173, 138, 242, 101, 96, 129,
       149, 214, 72, 38, 110, 13, 8, 237, 195, 96, 36, 58, 222, 146, 73,
       16, 122, 45, 18, 174, 238, 189, 218, 128, 57, 118, 182, 23, 214,
       247, 173, 135, 226, 73, 111, 191, 175, 149, 178, 223, 134, 243,
       220, 35, 254, 193, 165, 132, 37, 217, 252, 20, 253, 229, 164, 110,
       108, 18, 117, 250, 179, 82, 91, 63, 17, 251, 249, 213, 125, 171,
       185, 244, 113, 136, 199, 235, 231, 132, 165, 249, 116, 48, 252,
       20, 181, 229, 133, 110, 109, 51, 41, 122, 163, 88, 223, 55, 25,
       255, 113, 214, 124, 171, 57, 244, 241, 130, 149, 242, 82, 20, 130,
       249, 199, 32, 32, 63, 152, 108, 248, 45, 54, 95, 46, 134, 108, 72,
       190, 161, 65, 48, 191, 122, 194, 0, 3, 58, 243, 27, 126, 150, 21,
       46, 216, 242, 71, 185, 93, 134, 244, 75, 181, 62, 67, 153, 109, 5,
       175, 0, 203, 113, 172, 244, 51, 198, 204, 56, 186, 161, 121, 191,
       43, 255, 5, 84, 242, 207, 196, 37, 120, 163, 138, 100, 56, 9, 138,
       77, 2, 161, 156, 169, 231, 233, 80, 128, 28, 127, 237, 97, 26, 43,
       202, 27, 248, 229, 173, 125, 230, 170, 142, 8, 99, 183, 124, 78,
       207, 121, 215, 109, 67, 244, 189, 42, 98, 56, 222, 39, 200, 214,
       243, 99, 220, 106, 238, 157, 55, 89, 197, 63, 119, 126, 222, 239,
       195, 236, 139, 184, 201, 204, 108, 175, 186, 210, 6, 25, 28, 215,
       67, 91, 161, 239, 121, 156, 99, 79, 178, 83, 187, 179, 95, 109,
       136, 112, 171, 122, 150, 111, 103, 230, 150, 66, 238, 248, 241,
       166, 218, 231, 89, 235, 181, 3, 62, 229, 21, 239, 232, 243, 12,
       236, 242, 202, 239, 132, 37, 243, 118, 0, 3, 50, 189, 191, 162,
       40, 61, 31, 58, 119, 95, 244, 244, 108, 154, 43, 23, 95, 125, 13,
       179, 216, 247, 67, 132, 54, 124, 160, 140, 208, 129, 125, 237, 12,
       253, 119, 252, 62, 87, 184, 83, 170, 119, 24, 211, 121, 209, 107,
       89, 228, 53, 106, 248, 244, 249, 174, 111, 255, 229, 20, 195, 251,
       208, 32, 87, 187, 51, 170, 61, 221, 82, 224, 237, 72, 185, 79,
       174, 222, 39, 80, 228, 161, 78, 103, 143, 35, 24, 253, 185, 212,
       3, 122, 24, 15, 67, 95, 253, 79, 197, 69, 154, 2, 71, 59, 32, 166,
       142, 74, 83, 33, 129, 119, 81, 228, 104, 170, 104, 215, 229, 14,
       184, 230, 229, 20, 35, 242, 146, 40, 171, 172, 16, 91, 89, 149,
       138, 207, 222, 9, 120, 92, 168, 216, 52, 164, 153, 43, 66, 137,
       247, 42, 90, 255, 45, 30, 159, 121, 91, 0, 203, 142, 56, 126, 120,
       239, 118, 191, 127, 248, 85, 78, 124, 110, 59, 89, 179, 32, 190,
       184, 151, 107, 234, 182, 40, 191, 115, 205, 32, 169, 119, 251,
       126, 171, 143, 255, 237, 95, 254, 55, 191, 189, 86, 250, 93, 254,
       89, 124, 159, 35, 63, 223, 55, 239, 229, 246, 125, 254, 110, 43,
       109, 164, 127, 255, 193, 245, 251, 249, 17, 224, 27, 212, 30, 252,
       43, 104, 188, 111, 15, 159, 76, 148, 222, 221, 149, 210, 91, 47,
       218, 247, 187, 221, 143, 254, 27, 6, 170, 223, 95, 222, 135, 183,
       163, 32, 188, 150, 190, 247, 2, 247, 205, 46, 82, 207, 167, 71,
       249, 149, 182, 221, 143, 224, 140, 114, 222, 194, 172, 85, 169,
       93, 130, 193, 22, 152, 111, 221, 188, 239, 143, 29, 16, 3, 172,
       222, 110, 198, 231, 19, 187, 65, 70, 45, 18, 243, 63, 16, 30, 111,
       22, 12, 141, 223, 167, 156, 237, 151, 244, 90, 175, 186, 91, 210,
       20, 166, 249, 248, 255, 165, 159, 110, 52, 47, 245, 236, 174, 255,
       46, 30, 255, 236, 206, 252, 89, 245, 131, 86, 167, 157, 134, 54,
       172, 79, 124, 87, 82, 215, 201, 46, 182, 239, 237, 71, 59, 165,
       181, 221, 53, 226, 4, 58, 222, 130, 141, 85, 177, 220, 91, 176,
       211, 176, 163, 252, 16, 71, 235, 193, 160, 56, 14, 154, 100, 244,
       167, 191, 220, 17, 29, 75, 176, 192, 155, 209, 90, 107, 234, 4,
       43, 15, 159, 16, 123, 236, 3, 118, 17, 75, 33, 196, 228, 14, 30,
       159, 35, 120, 126, 185, 151, 224, 9, 167, 48, 204, 211, 233, 2,
       11, 113, 33, 39, 242, 90, 24, 166, 246, 5, 244, 122, 150, 181,
       196, 198, 3, 233, 191, 51, 238, 100, 246, 189, 221, 140, 217, 179,
       232, 211, 127, 218, 129, 166, 213, 124, 90, 216, 223, 42, 60, 3,
       134, 159, 244, 52, 4, 198, 135, 249, 107, 34, 65, 118, 231, 173,
       231, 232, 153, 21, 189, 240, 235, 234, 145, 107, 22, 41, 26, 226,
       189, 189, 90, 233, 205, 149, 231, 139, 31, 164, 24, 190, 247, 68,
       63, 133, 115, 251, 16, 83, 79, 250, 241, 95, 154, 84, 123, 210,
       72, 134, 251, 2, 207, 22, 189, 189, 143, 190, 238, 142, 29, 218,
       35, 174, 62, 37, 68, 198, 115, 191, 65, 82, 169, 67, 255, 165,
       247, 94, 147, 22, 93, 37, 29, 35, 241, 105, 202, 126, 93, 75, 252,
       27, 109, 125, 206, 113, 76, 222, 180, 95, 153, 151, 253, 219, 58,
       127, 223, 62, 92, 141, 254, 255, 142, 82, 253, 60, 238, 250, 112,
       111, 249, 179, 194, 219, 183, 188, 58, 14, 157, 103, 44, 171, 249,
       199, 83, 6, 103, 42, 242, 91, 215, 21, 111, 247, 93, 111, 231,
       147, 208, 170, 246, 129, 212, 125, 119, 245, 71, 199, 23, 57, 239,
       54, 104, 237, 187, 185, 141, 252, 222, 50, 231, 227, 255, 222, 65,
       3, 132, 237, 122, 54, 180, 233, 90, 219, 229, 147, 252, 18, 255,
       253, 187, 112, 253, 78, 36, 93, 218, 211, 179, 187, 115, 250, 191,
       127, 15, 141, 255, 247, 79, 214, 251, 21, 221, 123, 69, 118, 79,
       239, 240, 124, 232, 126, 98, 219, 87, 189, 49, 62, 252, 22, 234,
       225, 176, 61, 110, 101, 172, 35, 132, 101, 179, 101, 177, 71, 96,
       205, 161, 202, 106, 41, 9, 170, 243, 3, 219, 213, 230, 75, 122,
       55, 77, 120, 191, 21, 84, 191, 64, 140, 2, 111, 44, 164, 227, 3,
       244, 44, 145, 60, 235, 173, 221, 209, 185, 207, 117, 189, 24, 222,
       125, 58, 229, 201, 18, 255, 89, 218, 41, 123, 181, 203, 217, 65,
       127, 210, 11, 221, 114, 44, 253, 49, 122, 217, 193, 19, 228, 215,
       53, 173, 8, 110, 209, 104, 20, 217, 122, 195, 83, 90, 59, 122, 55,
       121, 84, 5, 127, 210, 7, 134, 234, 45, 116, 184, 97, 61, 127, 147,
       202, 78, 229, 189, 8, 158, 124, 95, 42, 153, 81, 94, 49, 135, 99,
       121, 138, 207, 221, 7, 119, 193, 107, 69, 242, 241, 61, 251, 68,
       242, 14, 71, 54, 113, 234, 126, 44, 115, 49, 151, 181, 48, 238,
       84, 110, 233, 188, 181, 42, 116, 172, 37, 0, 107, 240, 66, 105,
       197, 141, 246, 222, 254, 48, 254, 168, 255, 146, 58, 2, 108, 234,
       125, 227, 179, 99, 42, 235, 244, 97, 143, 235, 58, 62, 79, 12,
       213, 243, 233, 13, 105, 74, 150, 21, 125, 190, 160, 182, 236, 136,
       114, 100, 225, 160, 133, 238, 76, 102, 106, 12, 165, 249, 199,
       173, 4, 122, 114, 2, 202, 180, 90, 141, 103, 242, 128, 39, 137,
       22, 6, 152, 3, 184, 169, 237, 225, 104, 203, 134, 93, 229, 232,
       247, 141, 114, 223, 184, 172, 84, 143, 62, 233, 119, 10, 148, 71,
       238, 132, 10, 187, 54, 142, 216, 86, 243, 205, 207, 200, 104, 159,
       174, 23, 198, 250, 255, 183, 66, 127, 224, 62, 62, 207, 222, 158,
