%YAML:1.0
---
descriptors: !!opencv-matrix
   rows: 188
   cols: 32
   dt: u
   data: [ 49, 207, 78, 254, 158, 129, 207, 245, 212, 72, 216, 102, 113,
       233, 184, 97, 108, 226, 63, 207, 235, 43, 14, 191, 240, 235, 238,
       216, 61, 138, 240, 57, 7, 157, 183, 83, 229, 254, 173, 183, 95,
       123, 91, 82, 216, 60, 220, 238, 105, 86, 50, 25, 179, 248, 253,
       230, 45, 62, 214, 194, 135, 221, 213, 253, 67, 189, 165, 147, 245,
       214, 174, 167, 127, 251, 91, 86, 236, 60, 220, 238, 225, 79, 58,
       157, 215, 216, 255, 231, 44, 126, 222, 194, 142, 84, 177, 253, 92,
       243, 178, 166, 181, 198, 94, 245, 173, 236, 219, 39, 223, 222,
       107, 80, 246, 253, 253, 243, 94, 147, 136, 173, 185, 245, 175,
       199, 34, 55, 165, 83, 2, 140, 144, 155, 213, 231, 178, 207, 31, 3,
       72, 19, 236, 250, 36, 68, 217, 59, 131, 17, 54, 188, 90, 255, 45,
       22, 154, 75, 144, 78, 189, 142, 169, 174, 176, 27, 221, 149, 170,
       207, 94, 31, 116, 87, 168, 232, 118, 141, 137, 43, 130, 141, 182,
       110, 78, 255, 44, 95, 63, 105, 91, 4, 203, 142, 154, 170, 150,
       184, 43, 240, 56, 199, 191, 23, 86, 179, 140, 190, 98, 142, 167,
       27, 253, 145, 54, 77, 130, 195, 154, 243, 90, 203, 166, 4, 175, 7,
       189, 213, 237, 231, 158, 87, 207, 252, 80, 226, 188, 78, 83, 124,
       147, 35, 93, 196, 92, 235, 253, 227, 125, 142, 251, 239, 237, 180,
       109, 250, 250, 244, 68, 60, 255, 53, 162, 108, 45, 151, 186, 223,
       106, 52, 244, 247, 73, 122, 183, 247, 124, 131, 49, 216, 187, 98,
       45, 166, 255, 128, 129, 112, 231, 121, 44, 189, 177, 113, 253, 79,
       39, 191, 26, 254, 56, 104, 255, 245, 65, 176, 23, 90, 112, 59, 67,
       104, 186, 62, 173, 135, 37, 124, 210, 110, 199, 249, 74, 177, 178,
       240, 185, 253, 80, 199, 171, 253, 172, 25, 142, 159, 78, 150, 133,
       155, 253, 17, 30, 75, 146, 210, 155, 213, 20, 127, 194, 4, 175,
       95, 221, 213, 158, 85, 83, 62, 118, 249, 119, 176, 239, 70, 122,
       242, 110, 240, 253, 229, 122, 106, 167, 247, 91, 95, 127, 171, 71,
       6, 107, 51, 235, 7, 126, 57, 176, 176, 169, 124, 88, 3, 171, 189,
       191, 57, 142, 191, 71, 158, 133, 183, 253, 17, 30, 75, 210, 192,
       219, 245, 24, 251, 194, 101, 206, 87, 246, 119, 232, 198, 218, 6,
       79, 216, 19, 236, 189, 239, 81, 103, 199, 18, 63, 205, 85, 254,
       232, 83, 253, 74, 120, 141, 173, 188, 173, 243, 38, 113, 88, 157,
       122, 229, 119, 254, 126, 119, 45, 14, 255, 3, 127, 63, 2, 208,
       126, 191, 191, 168, 92, 152, 241, 239, 247, 239, 178, 129, 35,
       194, 238, 91, 108, 113, 249, 103, 52, 77, 95, 24, 97, 232, 189,
       76, 147, 29, 209, 16, 158, 220, 93, 106, 201, 48, 249, 8, 231,
       221, 37, 60, 106, 187, 70, 121, 167, 140, 237, 215, 246, 219, 254,
       170, 222, 211, 84, 146, 249, 124, 191, 43, 59, 106, 51, 63, 247,
       248, 126, 191, 110, 95, 223, 101, 245, 252, 213, 212, 180, 205,
       197, 131, 223, 11, 230, 230, 7, 51, 186, 26, 2, 33, 85, 159, 105,
       198, 2, 218, 120, 250, 73, 224, 61, 2, 213, 70, 227, 93, 208, 172,
       166, 172, 242, 90, 237, 253, 180, 207, 91, 31, 112, 27, 40, 252,
       125, 29, 217, 251, 179, 17, 182, 126, 218, 243, 31, 30, 85, 107,
       211, 92, 246, 142, 190, 195, 106, 137, 94, 19, 234, 248, 5, 164,
       215, 239, 201, 74, 190, 195, 126, 197, 223, 239, 236, 147, 77,
       204, 190, 65, 175, 204, 55, 175, 124, 213, 239, 223, 122, 254,
       253, 220, 255, 247, 233, 78, 252, 47, 254, 253, 191, 246, 238,
       243, 223, 143, 247, 43, 242, 235, 247, 125, 174, 139, 79, 220,
       255, 251, 185, 22, 110, 221, 102, 50, 233, 91, 117, 70, 214, 246,
       81, 41, 191, 77, 126, 140, 23, 173, 168, 180, 53, 206, 86, 43,
       242, 128, 47, 236, 112, 241, 252, 96, 189, 122, 168, 205, 89, 200,
       251, 61, 181, 24, 159, 211, 201, 63, 131, 201, 76, 90, 42, 103,
       234, 51, 219, 217, 117, 125, 194, 145, 199, 161, 6, 185, 166, 159,
       255, 209, 190, 229, 143, 84, 93, 131, 172, 252, 54, 4, 238, 123,
       147, 195, 86, 171, 58, 253, 39, 86, 15, 43, 87, 95, 175, 214, 29,
       76, 175, 151, 6, 114, 107, 64, 116, 242, 71, 2, 81, 226, 217, 123,
       49, 236, 58, 187, 137, 212, 191, 96, 221, 15, 203, 0, 164, 115,
       55, 32, 253, 84, 253, 101, 172, 79, 207, 184, 70, 190, 183, 66,
       211, 125, 153, 43, 91, 212, 125, 250, 232, 101, 125, 24, 235, 139,
       229, 148, 245, 251, 84, 113, 188, 204, 91, 254, 210, 195, 223,
       248, 22, 134, 244, 163, 113, 255, 41, 89, 127, 251, 135, 162, 120,
       251, 42, 63, 123, 167, 165, 41, 241, 240, 100, 186, 101, 32, 249,
       1, 198, 123, 241, 10, 122, 247, 167, 27, 131, 40, 70, 90, 59, 204,
       96, 156, 28, 118, 245, 66, 79, 13, 81, 119, 225, 237, 70, 198,
       210, 190, 254, 152, 59, 240, 56, 71, 191, 23, 148, 183, 12, 142,
       102, 95, 167, 179, 239, 145, 54, 79, 178, 211, 219, 214, 26, 251,
       164, 4, 173, 95, 116, 225, 149, 175, 141, 79, 71, 184, 67, 232,
       161, 72, 211, 85, 25, 22, 88, 196, 105, 239, 73, 34, 249, 24, 181,
       158, 5, 60, 113, 59, 214, 96, 86, 83, 214, 4, 42, 10, 94, 48, 169,
       192, 131, 237, 95, 239, 15, 90, 54, 245, 237, 230, 204, 199, 151,
       72, 208, 176, 69, 156, 46, 183, 42, 19, 245, 117, 233, 230, 222,
       6, 79, 248, 18, 230, 189, 207, 81, 103, 219, 51, 127, 204, 85,
       254, 233, 211, 253, 10, 249, 137, 237, 188, 45, 242, 114, 241,
       192, 254, 157, 249, 169, 236, 53, 151, 62, 31, 66, 84, 188, 63,
       64, 91, 197, 59, 109, 16, 115, 92, 211, 115, 237, 243, 126, 66,
       136, 80, 143, 27, 211, 56, 218, 112, 139, 252, 16, 71, 255, 83,
       160, 24, 46, 218, 102, 254, 167, 183, 232, 145, 63, 111, 146, 211,
       155, 240, 94, 123, 201, 68, 171, 14, 249, 180, 190, 50, 169, 189,
       80, 83, 243, 31, 165, 29, 63, 249, 74, 27, 161, 162, 237, 28, 62,
       111, 154, 19, 219, 219, 112, 121, 234, 192, 202, 75, 137, 123, 24,
       117, 97, 158, 125, 55, 57, 238, 118, 93, 191, 19, 3, 209, 132, 39,
       108, 12, 225, 252, 81, 14, 231, 251, 116, 128, 74, 148, 75, 219,
       71, 160, 233, 131, 202, 46, 105, 25, 58, 115, 27, 150, 213, 102,
       218, 42, 55, 69, 123, 157, 147, 80, 253, 82, 13, 46, 185, 228,
       172, 227, 131, 240, 221, 71, 78, 174, 128, 22, 94, 120, 32, 204,
       223, 199, 89, 103, 187, 81, 124, 197, 189, 238, 236, 131, 141, 14,
       242, 231, 239, 140, 41, 247, 34, 81, 239, 168, 148, 82, 237, 189,
       176, 134, 251, 219, 37, 28, 140, 248, 78, 191, 133, 107, 226, 20,
       183, 126, 218, 241, 14, 27, 85, 107, 138, 77, 203, 159, 66, 233,
       26, 186, 153, 205, 19, 231, 174, 29, 76, 9, 174, 215, 104, 80,
       129, 59, 107, 17, 82, 11, 154, 117, 249, 180, 30, 123, 144, 2,
       167, 106, 86, 175, 204, 180, 170, 98, 20, 174, 178, 247, 154, 183,
       199, 110, 67, 10, 203, 199, 237, 213, 30, 73, 199, 131, 248, 199,
       255, 255, 165, 116, 190, 95, 53, 117, 121, 103, 116, 15, 111, 184,
       97, 168, 127, 76, 83, 53, 153, 48, 30, 220, 20, 106, 201, 178,
       253, 14, 119, 173, 37, 164, 109, 187, 66, 177, 138, 184, 178, 145,
       97, 253, 176, 71, 191, 95, 102, 17, 172, 158, 70, 221, 135, 59,
       251, 17, 22, 220, 178, 209, 15, 80, 90, 107, 130, 68, 143, 223,
       154, 155, 121, 237, 234, 64, 61, 119, 172, 85, 84, 243, 45, 23,
       168, 99, 102, 147, 159, 128, 83, 29, 39, 209, 244, 225, 58, 171,
       53, 128, 165, 251, 168, 235, 121, 96, 116, 79, 119, 189, 113, 236,
       116, 8, 23, 21, 19, 48, 152, 156, 69, 124, 202, 186, 241, 14, 239,
       221, 37, 101, 66, 168, 70, 243, 203, 188, 168, 255, 58, 241, 187,
       183, 62, 123, 28, 249, 189, 255, 144, 32, 167, 123, 255, 141, 182,
       92, 255, 255, 239, 95, 191, 235, 30, 132, 7, 123, 42, 169, 144,
       155, 221, 253, 182, 207, 31, 55, 72, 19, 172, 248, 110, 204, 217,
       59, 131, 17, 22, 122, 90, 243, 13, 86, 31, 107, 146, 92, 157, 142,
       56, 255, 58, 103, 52, 143, 119, 241, 105, 140, 252, 8, 255, 219,
       0, 48, 180, 126, 68, 106, 192, 185, 184, 47, 251, 253, 37, 16, 66,
