%YAML:1.0
---
descriptors: !!opencv-matrix
   rows: 263
   cols: 32
   dt: u
   data: [ 167, 247, 253, 95, 250, 55, 159, 188, 19, 250, 125, 254, 89,
       124, 159, 39, 23, 95, 119, 110, 241, 244, 255, 62, 110, 42, 101,
       180, 127, 255, 129, 245, 58, 57, 151, 176, 157, 221, 80, 71, 171,
       221, 160, 13, 174, 158, 102, 150, 161, 51, 223, 21, 15, 107, 146,
       253, 187, 221, 22, 123, 202, 12, 207, 222, 151, 6, 142, 158, 6,
       50, 188, 97, 156, 94, 211, 247, 76, 234, 55, 203, 236, 37, 191,
       167, 164, 213, 6, 202, 144, 34, 235, 135, 29, 100, 57, 213, 17,
       184, 150, 32, 217, 189, 16, 87, 233, 81, 136, 77, 190, 152, 66,
       146, 167, 163, 92, 21, 159, 107, 18, 97, 184, 213, 20, 74, 200, 4,
       139, 223, 254, 119, 237, 229, 168, 74, 31, 188, 16, 238, 158, 232,
       211, 55, 193, 115, 94, 213, 253, 226, 232, 210, 237, 10, 238, 231,
       237, 148, 36, 242, 22, 121, 219, 120, 59, 90, 11, 212, 25, 80,
       224, 64, 196, 18, 60, 223, 34, 59, 38, 185, 89, 203, 195, 71, 178,
       97, 211, 201, 202, 11, 46, 0, 39, 114, 216, 236, 156, 244, 40, 44,
       116, 182, 186, 154, 166, 29, 191, 51, 2, 83, 167, 231, 108, 12,
       44, 77, 147, 10, 243, 251, 116, 25, 40, 240, 138, 11, 214, 30,
       150, 182, 43, 98, 61, 0, 188, 158, 147, 179, 237, 230, 33, 75,
       167, 245, 237, 163, 32, 197, 139, 202, 145, 227, 123, 147, 128,
       113, 37, 115, 126, 87, 236, 229, 168, 11, 95, 185, 22, 238, 158,
       239, 213, 47, 145, 75, 94, 213, 125, 239, 233, 208, 201, 136, 230,
       251, 239, 180, 44, 251, 144, 81, 236, 245, 24, 99, 237, 61, 80,
       156, 107, 184, 181, 93, 223, 91, 74, 146, 153, 206, 236, 126, 46,
       96, 219, 51, 239, 217, 37, 125, 202, 219, 74, 131, 116, 232, 20,
       249, 141, 201, 84, 239, 239, 51, 162, 8, 207, 219, 68, 154, 233,
       213, 238, 2, 90, 111, 219, 149, 219, 211, 87, 127, 112, 24, 206,
       2, 161, 38, 253, 85, 100, 30, 229, 119, 121, 250, 118, 88, 243,
       56, 149, 43, 152, 126, 70, 42, 229, 244, 101, 14, 39, 154, 117, 0,
       68, 248, 214, 165, 240, 188, 27, 250, 91, 237, 81, 115, 187, 23,
       164, 24, 62, 223, 96, 17, 163, 187, 221, 16, 106, 111, 146, 87,
       219, 209, 20, 123, 98, 0, 38, 107, 0, 204, 150, 159, 211, 163,
       164, 231, 222, 3, 66, 18, 228, 224, 32, 65, 97, 106, 42, 1, 114,
       223, 10, 127, 45, 38, 94, 75, 16, 88, 161, 142, 71, 188, 149, 147,
       169, 236, 180, 143, 158, 255, 2, 245, 236, 230, 74, 207, 199, 71,
       234, 21, 55, 73, 219, 241, 140, 18, 95, 254, 136, 92, 137, 93, 54,
       81, 91, 232, 59, 67, 27, 72, 169, 4, 249, 169, 14, 223, 37, 80,
       254, 177, 205, 226, 72, 3, 2, 204, 243, 213, 10, 31, 112, 39, 39,
       115, 43, 238, 224, 9, 93, 155, 206, 206, 87, 167, 156, 139, 171,
       12, 87, 132, 89, 200, 194, 93, 206, 46, 109, 191, 63, 95, 133,
       125, 215, 220, 94, 204, 2, 159, 18, 171, 213, 167, 178, 231, 13,
       1, 74, 71, 236, 250, 32, 192, 220, 43, 138, 37, 150, 152, 81, 255,
       173, 116, 138, 66, 156, 78, 185, 30, 255, 62, 245, 114, 171, 125,
       89, 210, 187, 255, 181, 189, 27, 189, 215, 63, 175, 213, 253, 21,
       191, 103, 186, 224, 219, 219, 117, 255, 199, 245, 70, 119, 44,
       101, 123, 101, 116, 75, 115, 56, 33, 196, 255, 9, 223, 13, 3, 16,
       146, 204, 197, 106, 76, 176, 81, 14, 231, 253, 32, 17, 98, 187,
       70, 210, 77, 99, 152, 101, 160, 62, 79, 156, 107, 170, 191, 76,
       223, 99, 201, 186, 149, 204, 108, 126, 153, 240, 233, 2, 238, 253,
       101, 52, 202, 243, 202, 33, 37, 126, 169, 33, 244, 63, 207, 154,
       90, 250, 62, 76, 211, 104, 215, 40, 157, 76, 86, 127, 173, 116,
       253, 58, 108, 31, 37, 52, 200, 251, 90, 209, 33, 163, 8, 42, 253,
       157, 78, 189, 75, 121, 188, 76, 162, 200, 94, 180, 217, 138, 70,
       92, 222, 42, 232, 181, 175, 221, 5, 125, 218, 142, 218, 140, 112,
       155, 124, 108, 200, 77, 85, 119, 161, 60, 252, 41, 23, 49, 32, 18,
       232, 178, 71, 98, 88, 58, 82, 29, 243, 193, 96, 57, 113, 234, 198,
       163, 119, 245, 152, 160, 155, 95, 22, 136, 59, 240, 141, 12, 206,
       242, 75, 182, 151, 221, 252, 242, 79, 67, 219, 221, 185, 209, 15,
       127, 40, 55, 11, 23, 189, 213, 231, 14, 158, 55, 78, 248, 87, 226,
       219, 199, 83, 104, 191, 36, 127, 230, 60, 111, 237, 231, 61, 175,
       120, 46, 229, 148, 253, 255, 120, 84, 73, 189, 18, 68, 245, 30,
       102, 55, 105, 200, 126, 76, 254, 48, 150, 244, 150, 110, 124, 110,
       213, 184, 145, 110, 167, 253, 36, 2, 74, 162, 203, 13, 132, 141,
       146, 155, 221, 179, 182, 200, 158, 151, 89, 19, 236, 250, 109,
       204, 249, 123, 162, 211, 50, 179, 26, 250, 61, 22, 143, 47, 145,
       127, 189, 134, 160, 182, 89, 97, 112, 45, 97, 19, 124, 37, 111,
       84, 147, 3, 8, 17, 6, 30, 66, 40, 50, 188, 81, 7, 71, 189, 48, 64,
       64, 128, 198, 171, 3, 221, 3, 155, 151, 147, 174, 230, 31, 65, 90,
       198, 172, 234, 180, 228, 255, 107, 19, 197, 231, 152, 30, 255, 44,
       22, 158, 194, 28, 92, 177, 220, 7, 235, 229, 95, 238, 23, 175,
       188, 95, 250, 20, 198, 249, 108, 223, 47, 55, 87, 123, 239, 241,
       96, 175, 253, 44, 62, 253, 188, 223, 255, 129, 245, 141, 196, 237,
       223, 196, 55, 239, 252, 86, 82, 125, 210, 121, 105, 189, 173, 127,
       202, 19, 238, 227, 244, 47, 255, 110, 15, 231, 132, 255, 251, 240,
       160, 217, 56, 181, 49, 41, 204, 1, 22, 228, 85, 166, 52, 191, 150,
       66, 127, 128, 52, 236, 0, 75, 205, 243, 0, 193, 240, 90, 18, 74,
       0, 7, 122, 202, 124, 245, 117, 43, 110, 81, 63, 163, 243, 166, 16,
       222, 55, 5, 63, 3, 86, 125, 40, 41, 205, 243, 76, 75, 250, 85, 18,
       226, 112, 6, 123, 231, 174, 228, 7, 141, 127, 207, 174, 83, 246,
       172, 157, 67, 108, 223, 151, 25, 198, 104, 175, 252, 103, 239, 62,
       56, 94, 197, 61, 199, 255, 222, 228, 74, 144, 182, 218, 139, 240,
       177, 199, 191, 23, 140, 49, 172, 190, 102, 238, 227, 59, 251, 145,
       18, 75, 178, 241, 219, 53, 90, 123, 146, 68, 167, 127, 36, 32, 85,
       67, 112, 47, 225, 16, 56, 51, 115, 80, 209, 3, 136, 29, 27, 28,
       66, 58, 51, 180, 89, 68, 69, 190, 50, 68, 203, 131, 67, 176, 117,
       65, 233, 205, 140, 70, 79, 188, 68, 226, 142, 198, 83, 125, 157,
       114, 88, 196, 125, 238, 201, 162, 253, 28, 243, 175, 231, 20, 61,
       187, 112, 112, 237, 246, 153, 227, 168, 103, 31, 152, 50, 254,
       181, 124, 219, 119, 201, 27, 95, 221, 253, 250, 171, 86, 249, 50,
       206, 203, 103, 244, 136, 241, 2, 113, 82, 185, 182, 184, 27, 221,
       145, 71, 171, 85, 164, 9, 46, 158, 102, 150, 162, 179, 219, 17,
       23, 107, 178, 245, 187, 208, 30, 123, 24, 4, 175, 94, 45, 39, 232,
       33, 245, 127, 67, 155, 99, 237, 189, 137, 131, 109, 91, 24, 153,
       206, 197, 20, 158, 114, 236, 50, 239, 221, 37, 117, 226, 223, 214,
       194, 117, 85, 89, 101, 48, 14, 71, 184, 96, 232, 186, 76, 83, 49,
       137, 112, 20, 212, 92, 106, 233, 176, 121, 14, 225, 172, 37, 20,
       105, 243, 66, 33, 229, 181, 61, 99, 156, 79, 199, 185, 70, 121,
       161, 92, 210, 113, 88, 35, 153, 68, 120, 127, 251, 96, 121, 21,
       237, 155, 101, 116, 88, 43, 208, 48, 33, 184, 177, 81, 245, 157,
       227, 210, 123, 232, 116, 72, 30, 177, 212, 52, 157, 122, 86, 24,
       131, 58, 240, 114, 15, 28, 53, 34, 203, 136, 67, 173, 92, 112, 27,
       168, 43, 75, 31, 104, 166, 36, 202, 41, 159, 151, 33, 80, 254, 29,
       239, 226, 72, 67, 131, 24, 241, 225, 47, 61, 16, 50, 39, 123, 232,
       180, 189, 97, 161, 111, 113, 31, 122, 251, 39, 24, 150, 53, 72,
       59, 129, 22, 104, 48, 51, 116, 241, 2, 207, 219, 85, 116, 192, 64,
       199, 50, 234, 169, 102, 18, 93, 217, 228, 231, 235, 85, 100, 153,
       170, 140, 22, 149, 136, 170, 195, 5, 86, 106, 246, 53, 23, 81, 16,
       123, 67, 12, 222, 222, 53, 207, 75, 111, 148, 42, 71, 248, 116,
       32, 235, 194, 115, 97, 185, 112, 120, 230, 14, 238, 233, 184, 13,
       63, 176, 174, 165, 0, 61, 251, 240, 40, 104, 152, 53, 123, 9, 141,
       80, 191, 207, 53, 160, 24, 254, 115, 8, 219, 129, 18, 232, 0, 10,
