%YAML:1.0
---
descriptors: !!opencv-matrix
   rows: 454
   cols: 32
   dt: u
   data: [ 9, 185, 19, 73, 73, 157, 176, 117, 234, 73, 96, 68, 190, 178,
       36, 244, 164, 59, 82, 72, 19, 184, 178, 117, 71, 188, 18, 74, 90,
       2, 227, 191, 93, 91, 191, 254, 172, 52, 93, 55, 245, 206, 214,
       100, 255, 255, 163, 122, 230, 247, 253, 207, 169, 193, 163, 170,
       243, 255, 254, 152, 138, 241, 33, 123, 138, 152, 179, 189, 141,
       196, 189, 223, 31, 91, 82, 23, 188, 191, 96, 74, 237, 123, 183,
       148, 211, 92, 163, 241, 15, 121, 254, 138, 146, 84, 181, 251, 161,
       222, 121, 249, 62, 137, 237, 151, 223, 123, 148, 246, 191, 12,
       209, 40, 79, 170, 14, 28, 163, 60, 102, 243, 196, 217, 191, 176,
       253, 152, 209, 185, 117, 230, 205, 231, 142, 9, 238, 185, 19, 243,
       189, 222, 219, 105, 220, 43, 127, 196, 127, 174, 249, 116, 239,
       147, 126, 239, 231, 180, 119, 250, 208, 160, 249, 78, 207, 252,
       102, 2, 79, 255, 241, 130, 242, 226, 123, 235, 177, 114, 126, 236,
       52, 238, 233, 199, 134, 139, 242, 239, 229, 136, 55, 248, 240, 32,
       66, 214, 47, 174, 40, 70, 79, 61, 164, 78, 91, 229, 244, 111, 154,
       2, 150, 103, 125, 175, 193, 9, 11, 125, 224, 54, 250, 152, 28,
       166, 181, 121, 131, 142, 204, 181, 180, 35, 236, 55, 20, 163, 90,
       215, 241, 40, 178, 97, 91, 110, 63, 173, 188, 220, 69, 143, 236,
       7, 255, 128, 188, 232, 248, 8, 49, 143, 111, 236, 54, 178, 239,
       244, 213, 68, 222, 230, 113, 239, 191, 96, 126, 234, 23, 238, 153,
       187, 36, 255, 250, 237, 162, 192, 53, 139, 112, 233, 185, 220, 79,
       253, 52, 195, 239, 119, 156, 66, 242, 98, 59, 157, 176, 33, 110,
       186, 22, 201, 233, 191, 32, 255, 48, 207, 190, 0, 125, 152, 240,
       185, 162, 141, 43, 250, 213, 196, 239, 231, 85, 69, 240, 18, 56,
       143, 52, 17, 204, 171, 19, 201, 250, 190, 50, 255, 125, 120, 158,
       72, 81, 8, 230, 250, 39, 238, 234, 63, 85, 159, 183, 200, 94, 142,
       88, 143, 40, 200, 55, 0, 217, 107, 2, 79, 198, 182, 78, 255, 100,
       28, 141, 169, 85, 63, 91, 206, 91, 203, 235, 205, 102, 18, 125,
       119, 52, 106, 214, 231, 57, 167, 144, 103, 110, 253, 63, 206, 193,
       222, 165, 233, 246, 107, 254, 128, 39, 180, 161, 249, 98, 129,
       184, 202, 253, 253, 80, 207, 95, 125, 236, 25, 190, 186, 110, 80,
       217, 155, 147, 17, 22, 42, 250, 211, 253, 149, 30, 127, 144, 74,
       221, 202, 34, 239, 144, 159, 213, 129, 174, 239, 31, 5, 88, 3,
       172, 232, 102, 196, 217, 107, 163, 17, 86, 56, 75, 255, 44, 20,
       159, 107, 85, 14, 253, 142, 17, 135, 75, 235, 150, 131, 235, 117,
       12, 1, 90, 230, 245, 3, 176, 65, 126, 35, 23, 237, 243, 152, 37,
       159, 236, 175, 170, 192, 53, 138, 177, 40, 43, 158, 122, 200, 119,
       209, 179, 114, 93, 77, 124, 38, 40, 156, 166, 228, 254, 56, 134,
       64, 135, 186, 52, 255, 87, 93, 34, 203, 31, 142, 109, 255, 50,
       217, 90, 236, 22, 199, 87, 126, 7, 4, 216, 2, 54, 215, 32, 80,
       252, 186, 7, 64, 74, 154, 16, 189, 179, 148, 128, 18, 48, 154,
       180, 42, 175, 73, 213, 159, 141, 22, 206, 204, 217, 66, 224, 130,
       206, 96, 57, 239, 78, 70, 176, 111, 113, 161, 223, 233, 167, 122,
       66, 18, 150, 255, 243, 164, 233, 233, 19, 120, 93, 221, 96, 103,
       255, 17, 96, 24, 174, 145, 84, 212, 136, 170, 66, 28, 87, 43, 146,
       117, 31, 216, 16, 104, 82, 0, 235, 138, 3, 129, 11, 139, 22, 213,
       170, 101, 77, 65, 77, 130, 164, 142, 62, 228, 104, 139, 146, 205,
       7, 185, 52, 253, 55, 124, 154, 67, 29, 10, 185, 220, 10, 188, 35,
       252, 117, 212, 185, 119, 189, 205, 92, 49, 188, 191, 36, 100, 236,
       59, 147, 129, 114, 155, 176, 207, 99, 125, 154, 139, 6, 4, 183,
       255, 58, 248, 64, 157, 95, 151, 210, 238, 87, 229, 228, 143, 35,
       136, 22, 132, 88, 168, 130, 196, 110, 186, 84, 191, 55, 69, 144,
       59, 123, 28, 90, 158, 58, 173, 104, 41, 93, 213, 190, 238, 68, 5,
       248, 3, 41, 140, 62, 0, 200, 139, 135, 197, 78, 58, 82, 245, 117,
       221, 138, 107, 85, 14, 255, 218, 162, 120, 169, 153, 124, 199,
       145, 79, 94, 127, 208, 27, 160, 156, 54, 8, 201, 168, 19, 21, 162,
       126, 87, 211, 77, 30, 155, 239, 213, 12, 245, 210, 38, 156, 169,
       153, 92, 199, 155, 203, 30, 67, 80, 19, 180, 253, 48, 72, 221, 24,
       19, 145, 51, 126, 91, 223, 77, 22, 155, 236, 148, 8, 53, 242, 157,
       241, 116, 227, 181, 223, 255, 213, 87, 109, 117, 51, 159, 93, 154,
       164, 62, 26, 215, 111, 254, 176, 120, 185, 231, 217, 164, 163,
       119, 222, 222, 211, 188, 218, 20, 184, 105, 157, 82, 248, 151,
       252, 176, 111, 102, 196, 99, 201, 221, 224, 142, 102, 110, 103,
       74, 189, 187, 211, 101, 127, 26, 61, 8, 83, 66, 249, 146, 210,
       221, 157, 50, 198, 239, 61, 108, 10, 172, 154, 102, 244, 161, 27,
       226, 81, 22, 56, 154, 245, 63, 20, 22, 111, 144, 12, 141, 143, 2,
       197, 18, 141, 213, 134, 174, 167, 28, 1, 90, 18, 228, 50, 44, 68,
       217, 43, 19, 161, 114, 152, 81, 255, 37, 54, 158, 66, 28, 8, 177,
       140, 166, 33, 210, 193, 237, 175, 184, 66, 138, 176, 48, 10, 140,
       136, 113, 10, 234, 45, 83, 113, 16, 247, 144, 192, 29, 16, 143,
       228, 133, 41, 83, 129, 245, 241, 237, 67, 44, 75, 207, 156, 70,
       254, 149, 106, 211, 93, 223, 47, 94, 196, 126, 255, 203, 118, 253,
       176, 229, 8, 229, 180, 117, 187, 212, 113, 191, 120, 116, 236,
       173, 87, 222, 88, 205, 202, 180, 41, 95, 221, 181, 47, 158, 209,
       221, 119, 236, 39, 43, 218, 243, 219, 105, 191, 215, 247, 7, 119,
       186, 80, 116, 251, 45, 207, 88, 180, 141, 120, 182, 43, 107, 31,
       61, 89, 238, 177, 255, 100, 174, 141, 81, 189, 179, 219, 208, 211,
       54, 159, 212, 95, 174, 176, 242, 88, 71, 212, 176, 65, 251, 22,
       117, 18, 12, 223, 108, 189, 251, 185, 179, 2, 66, 119, 186, 211,
       87, 88, 83, 47, 67, 13, 103, 167, 14, 16, 182, 223, 237, 117, 188,
       249, 159, 218, 85, 119, 204, 254, 239, 238, 255, 81, 191, 131,
       213, 84, 171, 210, 15, 95, 255, 175, 158, 126, 173, 223, 0, 130,
       69, 141, 60, 11, 169, 120, 14, 172, 50, 230, 197, 0, 144, 128,
       122, 8, 78, 45, 128, 176, 101, 93, 140, 6, 171, 180, 20, 168, 85,
       225, 29, 180, 152, 115, 147, 172, 112, 215, 63, 27, 103, 21, 158,
       179, 74, 216, 167, 27, 198, 16, 22, 60, 154, 87, 207, 239, 48,
       103, 234, 64, 171, 131, 103, 180, 173, 9, 236, 55, 137, 31, 82,
       251, 141, 93, 208, 56, 222, 47, 221, 4, 122, 61, 189, 102, 253,
       150, 74, 30, 213, 116, 157, 236, 216, 212, 32, 205, 97, 171, 85,
       199, 183, 230, 92, 4, 88, 3, 168, 124, 52, 0, 216, 59, 3, 99, 242,
       184, 89, 255, 45, 28, 142, 99, 85, 26, 245, 234, 41, 220, 217,
       255, 182, 187, 207, 183, 95, 233, 94, 230, 255, 233, 144, 36, 95,
       110, 38, 31, 137, 248, 111, 254, 174, 255, 191, 144, 239, 251,
       209, 169, 37, 46, 251, 89, 116, 170, 105, 83, 117, 143, 125, 116,
       147, 163, 144, 56, 123, 42, 6, 12, 177, 252, 32, 74, 70, 190, 48,
       192, 238, 224, 226, 161, 92, 122, 158, 180, 41, 212, 88, 0, 163,
       217, 131, 237, 207, 206, 67, 218, 230, 229, 237, 215, 76, 71, 146,
       0, 210, 227, 123, 219, 40, 55, 42, 83, 66, 25, 246, 148, 75, 198,
       188, 99, 153, 244, 128, 139, 44, 254, 54, 7, 174, 245, 243, 199,
       240, 75, 144, 236, 49, 50, 207, 59, 7, 36, 175, 214, 252, 185, 20,
       250, 139, 205, 20, 233, 165, 16, 165, 9, 143, 95, 64, 19, 200,
       179, 253, 114, 95, 67, 90, 148, 251, 209, 69, 123, 122, 2, 166,
       18, 50, 1, 106, 233, 85, 214, 235, 96, 101, 12, 255, 2, 89, 219,
       62, 52, 120, 168, 19, 234, 24, 179, 32, 221, 115, 237, 138, 193,
       113, 3, 118, 226, 84, 78, 158, 190, 42, 160, 87, 128, 132, 6, 196,
       163, 119, 227, 35, 91, 66, 229, 45, 67, 104, 7, 138, 41, 240, 163,
       106, 25, 48, 123, 52, 10, 139, 92, 127, 237, 50, 207, 125, 23,
       173, 206, 126, 165, 191, 15, 179, 96, 6, 185, 31, 220, 225, 156,
       100, 174, 230, 221, 52, 128, 118, 216, 1, 249, 106, 55, 104, 205,
