%YAML:1.0
---
descriptors: !!opencv-matrix
   rows: 267
   cols: 32
   dt: u
   data: [ 68, 243, 149, 105, 42, 201, 90, 184, 175, 184, 161, 232, 255,
       215, 200, 118, 22, 81, 108, 120, 67, 64, 235, 93, 143, 208, 97,
       252, 34, 162, 7, 49, 45, 237, 109, 101, 252, 23, 239, 252, 66,
       232, 188, 2, 121, 125, 221, 34, 60, 214, 119, 254, 217, 42, 255,
       253, 111, 205, 165, 236, 103, 179, 242, 224, 199, 233, 105, 78,
       190, 27, 175, 252, 207, 224, 156, 206, 121, 204, 190, 36, 54, 69,
       95, 239, 211, 9, 188, 253, 60, 40, 141, 252, 63, 183, 209, 117,
       252, 70, 226, 94, 77, 121, 82, 88, 85, 95, 229, 25, 75, 77, 59,
       253, 217, 136, 206, 34, 172, 231, 109, 130, 211, 255, 208, 31,
       115, 237, 126, 230, 73, 157, 191, 89, 201, 252, 53, 55, 254, 87,
       78, 16, 188, 183, 130, 120, 161, 62, 250, 25, 147, 217, 178, 83,
       205, 47, 126, 73, 130, 64, 167, 250, 72, 172, 252, 117, 173, 126,
       117, 63, 82, 171, 62, 24, 243, 57, 80, 106, 145, 118, 125, 8, 248,
       252, 243, 43, 111, 239, 117, 17, 227, 232, 212, 43, 87, 115, 138,
       160, 18, 6, 58, 84, 168, 225, 138, 231, 13, 134, 114, 210, 246,
       197, 253, 245, 157, 137, 148, 192, 248, 101, 143, 204, 44, 38,
       169, 80, 38, 231, 14, 138, 220, 179, 166, 206, 198, 156, 217, 3,
       64, 232, 119, 195, 200, 227, 235, 243, 22, 99, 78, 188, 62, 1,
       175, 109, 149, 123, 248, 134, 25, 1, 103, 5, 114, 10, 235, 80, 60,
       224, 106, 194, 251, 135, 177, 224, 126, 172, 50, 108, 129, 176,
       53, 12, 228, 40, 2, 0, 111, 191, 33, 248, 54, 61, 104, 14, 154,
       71, 151, 232, 22, 230, 253, 143, 66, 124, 30, 0, 89, 222, 67, 227,
       124, 179, 125, 62, 123, 7, 37, 55, 121, 123, 222, 210, 33, 161,
       97, 67, 244, 155, 226, 113, 125, 105, 123, 98, 147, 24, 156, 164,
       122, 138, 86, 61, 151, 184, 101, 207, 46, 28, 32, 192, 111, 138,
       210, 165, 84, 69, 63, 225, 52, 107, 71, 168, 124, 160, 235, 8,
       215, 83, 9, 112, 208, 212, 108, 106, 8, 48, 201, 12, 229, 251, 37,
       20, 96, 171, 70, 34, 132, 115, 60, 103, 32, 14, 127, 184, 56, 174,
       119, 68, 215, 99, 11, 19, 148, 84, 100, 110, 224, 244, 249, 76,
       231, 187, 101, 132, 64, 179, 67, 33, 189, 75, 126, 104, 109, 91,
       87, 244, 245, 156, 246, 40, 83, 16, 163, 63, 72, 228, 206, 106,
       108, 167, 96, 44, 243, 217, 101, 21, 115, 185, 102, 102, 67, 55,
       142, 132, 176, 158, 12, 55, 43, 233, 30, 205, 156, 14, 214, 134,
       132, 79, 125, 61, 149, 200, 209, 204, 184, 60, 175, 176, 140, 6,
       155, 85, 45, 98, 193, 69, 112, 31, 110, 56, 49, 234, 125, 204, 83,
       99, 157, 180, 94, 204, 22, 238, 233, 242, 108, 14, 102, 207, 165,
       132, 111, 243, 74, 177, 126, 241, 148, 162, 169, 91, 86, 168, 35,
       178, 161, 168, 207, 22, 65, 182, 217, 221, 253, 243, 79, 67, 219,
       156, 185, 211, 205, 127, 136, 63, 14, 22, 154, 145, 121, 232, 170,
       80, 23, 233, 41, 25, 245, 179, 76, 119, 168, 113, 246, 27, 143,
       226, 114, 11, 40, 213, 242, 225, 122, 255, 54, 0, 167, 99, 46,
       143, 172, 179, 149, 46, 79, 191, 30, 191, 6, 17, 213, 39, 91, 75,
       197, 70, 187, 31, 184, 216, 121, 162, 239, 247, 223, 117, 144,
       125, 156, 74, 88, 182, 26, 252, 170, 236, 81, 55, 161, 31, 230,
       57, 31, 167, 10, 90, 167, 151, 237, 0, 26, 79, 146, 5, 211, 225,
       112, 89, 160, 0, 174, 3, 198, 237, 148, 23, 232, 137, 182, 232,
       170, 178, 1, 9, 228, 250, 77, 143, 131, 123, 107, 67, 102, 71,
       202, 115, 44, 18, 79, 62, 16, 114, 3, 134, 38, 100, 149, 152, 201,
       45, 150, 200, 158, 154, 136, 73, 228, 248, 101, 10, 209, 89, 106,
       115, 6, 99, 202, 24, 169, 20, 79, 62, 144, 123, 1, 135, 93, 159,
       71, 199, 180, 30, 102, 177, 101, 200, 254, 70, 123, 99, 184, 245,
       120, 230, 62, 238, 233, 184, 125, 237, 62, 234, 167, 132, 47, 178,
       248, 45, 190, 253, 245, 83, 175, 125, 86, 156, 219, 255, 61, 57,
       203, 253, 223, 175, 159, 218, 253, 82, 238, 116, 254, 178, 239,
       223, 69, 183, 231, 255, 214, 255, 62, 50, 231, 197, 77, 82, 241,
       73, 193, 252, 247, 166, 2, 140, 239, 47, 252, 220, 230, 176, 141,
       243, 183, 192, 31, 200, 231, 175, 227, 44, 118, 246, 108, 52, 188,
       101, 160, 111, 113, 17, 105, 254, 127, 24, 223, 53, 74, 59, 149,
       84, 108, 58, 144, 240, 241, 0, 207, 219, 117, 68, 194, 226, 199,
       115, 212, 95, 158, 180, 170, 34, 29, 167, 176, 158, 134, 177, 247,
       111, 3, 91, 167, 247, 237, 163, 108, 197, 139, 40, 240, 227, 126,
       149, 36, 112, 173, 91, 13, 200, 254, 255, 118, 18, 234, 248, 89,
       144, 117, 194, 121, 107, 189, 233, 127, 233, 23, 238, 162, 244,
       14, 253, 78, 255, 231, 140, 255, 191, 89, 160, 25, 139, 210, 219,
       179, 186, 126, 215, 127, 1, 94, 162, 237, 99, 162, 236, 119, 43,
       174, 28, 150, 152, 37, 251, 174, 255, 54, 193, 191, 198, 137, 5,
       218, 142, 78, 190, 34, 146, 111, 99, 181, 70, 215, 183, 105, 238,
       178, 193, 111, 167, 191, 135, 124, 155, 36, 207, 242, 103, 238,
       129, 39, 244, 189, 68, 92, 249, 248, 116, 155, 84, 93, 149, 162,
       253, 174, 29, 94, 191, 66, 18, 167, 215, 253, 144, 218, 73, 251,
       64, 251, 237, 165, 255, 171, 242, 206, 83, 129, 250, 158, 250,
       109, 157, 113, 210, 255, 31, 244, 20, 166, 211, 98, 191, 205, 107,
       110, 28, 162, 111, 170, 113, 159, 219, 115, 107, 88, 8, 43, 143,
       87, 8, 175, 214, 143, 118, 109, 1, 224, 214, 199, 2, 81, 246, 55,
       111, 113, 230, 57, 175, 8, 209, 191, 200, 209, 42, 207, 0, 161,
       115, 53, 100, 70, 47, 18, 140, 186, 131, 142, 232, 158, 128, 201,
       202, 196, 194, 165, 196, 94, 105, 74, 99, 64, 3, 78, 222, 176, 48,
       11, 62, 20, 63, 43, 164, 238, 252, 188, 250, 93, 189, 82, 202,
       155, 63, 177, 29, 238, 223, 79, 19, 133, 211, 255, 19, 38, 103,
       218, 243, 219, 223, 21, 127, 210, 9, 79, 75, 115, 173, 225, 69,
       149, 182, 207, 255, 67, 225, 156, 66, 209, 120, 213, 36, 89, 238,
       24, 253, 155, 42, 253, 223, 57, 92, 143, 124, 199, 246, 242, 44,
       184, 245, 126, 126, 155, 221, 86, 117, 173, 4, 236, 13, 110, 215,
       34, 149, 38, 226, 206, 98, 76, 11, 114, 45, 243, 193, 68, 59, 114,
       54, 143, 91, 95, 173, 99, 162, 151, 151, 206, 237, 101, 96, 218,
       202, 105, 108, 188, 165, 62, 203, 21, 239, 223, 26, 44, 253, 186,
       76, 143, 228, 63, 182, 249, 108, 74, 162, 188, 152, 233, 249, 184,
       207, 174, 29, 148, 185, 172, 166, 110, 219, 207, 27, 239, 144, 22,
       75, 226, 209, 143, 23, 94, 255, 146, 4, 143, 207, 1, 15, 27, 111,
       240, 142, 107, 55, 124, 9, 126, 68, 247, 51, 128, 112, 182, 46, 4,
       60, 161, 184, 33, 63, 236, 189, 34, 192, 200, 130, 75, 169, 91,
       97, 3, 160, 17, 20, 78, 228, 32, 192, 202, 135, 29, 142, 114, 192,
       244, 205, 29, 247, 79, 155, 148, 238, 184, 229, 142, 140, 45, 23,
       57, 92, 189, 31, 225, 229, 150, 59, 207, 251, 85, 234, 254, 254,
       115, 104, 144, 164, 127, 238, 118, 173, 185, 250, 109, 142, 254,
       239, 165, 148, 239, 236, 208, 245, 124, 96, 233, 231, 141, 122,
       79, 152, 67, 250, 158, 8, 211, 117, 209, 126, 89, 204, 125, 251,
       9, 114, 239, 160, 251, 239, 229, 188, 231, 251, 86, 96, 10, 140,
       16, 153, 181, 229, 186, 135, 30, 5, 72, 17, 172, 143, 38, 64, 217,
       59, 131, 16, 50, 188, 83, 247, 77, 22, 154, 67, 144, 12, 181, 202,
       35, 199, 64, 159, 92, 148, 238, 125, 87, 67, 77, 215, 97, 232, 62,
       196, 93, 138, 51, 173, 239, 154, 95, 255, 38, 126, 158, 8, 63,
       158, 248, 220, 127, 188, 253, 119, 255, 93, 118, 184, 115, 251,
       180, 187, 75, 125, 223, 191, 191, 215, 253, 51, 254, 112, 255,
       179, 127, 223, 85, 247, 231, 252, 94, 247, 87, 1, 175, 164, 29,
       66, 107, 4, 164, 197, 142, 2, 149, 150, 114, 98, 112, 229, 121,
       253, 25, 139, 183, 192, 185, 44, 142, 88, 164, 35, 53, 100, 188,
       229, 98, 74, 215, 211, 199, 232, 85, 228, 253, 139, 75, 72, 63,
       180, 121, 200, 130, 255, 238, 179, 44, 159, 122, 79, 133, 125,
