%YAML:1.0
---
descriptors: !!opencv-matrix
   rows: 244
   cols: 32
   dt: u
   data: [ 66, 153, 16, 218, 191, 221, 178, 233, 239, 49, 0, 0, 174, 218,
       101, 196, 162, 51, 234, 80, 70, 41, 154, 245, 187, 212, 15, 123,
       26, 14, 9, 14, 58, 161, 176, 226, 189, 217, 212, 207, 91, 53, 188,
       27, 174, 188, 94, 164, 153, 155, 135, 17, 30, 106, 234, 147, 251,
       213, 21, 127, 211, 76, 222, 206, 126, 118, 104, 226, 171, 124, 95,
       184, 41, 126, 159, 173, 207, 31, 79, 246, 246, 213, 253, 246, 221,
       3, 249, 224, 247, 249, 174, 223, 174, 151, 126, 87, 178, 108, 114,
       90, 85, 209, 210, 224, 245, 6, 252, 10, 106, 216, 55, 180, 248,
       184, 130, 234, 106, 167, 56, 239, 115, 124, 130, 27, 83, 15, 126,
       174, 122, 54, 105, 205, 125, 91, 201, 123, 77, 140, 156, 174, 41,
       13, 150, 148, 90, 148, 223, 185, 184, 42, 101, 207, 220, 20, 170,
       153, 55, 140, 86, 123, 188, 106, 235, 118, 78, 131, 239, 220, 214,
       238, 244, 238, 83, 205, 245, 40, 126, 232, 23, 251, 200, 247, 46,
       186, 114, 207, 165, 172, 247, 251, 116, 240, 58, 49, 50, 232, 59,
       217, 146, 72, 139, 12, 153, 171, 174, 220, 100, 132, 158, 185,
       223, 99, 26, 35, 202, 221, 145, 208, 11, 187, 87, 15, 7, 183, 160,
       24, 145, 153, 124, 199, 160, 79, 30, 163, 80, 82, 180, 157, 113,
       8, 217, 58, 19, 17, 51, 254, 83, 191, 13, 22, 155, 118, 149, 8,
       20, 186, 1, 138, 23, 251, 180, 175, 107, 23, 94, 11, 82, 118, 254,
       192, 176, 104, 243, 35, 30, 29, 179, 188, 33, 247, 140, 254, 58,
       192, 152, 136, 241, 41, 2, 223, 2, 143, 52, 130, 190, 175, 28, 9,
       90, 119, 228, 42, 186, 64, 251, 11, 159, 225, 114, 152, 1, 255,
       36, 52, 170, 195, 28, 14, 185, 27, 73, 154, 219, 205, 108, 18,
       104, 59, 116, 200, 86, 230, 177, 163, 144, 244, 118, 44, 62, 172,
       161, 222, 231, 74, 142, 175, 235, 132, 174, 161, 33, 177, 0, 185,
       151, 93, 83, 204, 49, 71, 239, 17, 104, 0, 190, 183, 0, 244, 162,
       59, 66, 64, 67, 152, 178, 113, 135, 252, 18, 3, 66, 2, 167, 170,
       41, 7, 114, 73, 117, 147, 227, 121, 85, 68, 125, 34, 82, 201, 190,
       164, 120, 168, 2, 106, 193, 178, 36, 222, 38, 29, 128, 4, 119,
       174, 116, 165, 57, 207, 106, 236, 244, 151, 207, 247, 213, 200,
       254, 102, 115, 232, 183, 96, 126, 232, 30, 237, 205, 187, 36, 190,
       250, 237, 166, 128, 63, 186, 248, 205, 171, 153, 124, 249, 124,
       215, 251, 248, 95, 92, 244, 38, 252, 222, 190, 96, 223, 137, 151,
       237, 199, 43, 123, 221, 119, 91, 171, 255, 31, 143, 125, 253, 175,
       210, 109, 91, 172, 221, 93, 189, 223, 126, 22, 245, 210, 124, 223,
       41, 221, 18, 252, 60, 255, 116, 127, 55, 79, 27, 245, 215, 222,
       156, 220, 125, 238, 57, 146, 144, 237, 255, 184, 64, 138, 160,
       242, 11, 140, 222, 97, 219, 254, 253, 202, 113, 20, 119, 218, 200,
       157, 16, 139, 59, 199, 47, 25, 150, 36, 203, 92, 67, 96, 11, 239,
       224, 45, 28, 123, 226, 81, 11, 189, 17, 126, 153, 7, 238, 64, 178,
       72, 125, 70, 138, 227, 132, 85, 187, 98, 161, 186, 85, 116, 233,
       61, 223, 88, 52, 13, 108, 178, 171, 107, 31, 38, 85, 206, 149,
       191, 224, 44, 191, 113, 221, 179, 218, 144, 215, 55, 143, 220, 95,
       161, 222, 221, 245, 36, 171, 233, 150, 222, 251, 176, 118, 151,
       57, 208, 43, 79, 194, 30, 24, 179, 236, 101, 227, 204, 223, 246,
       244, 220, 216, 209, 185, 131, 144, 3, 185, 51, 182, 56, 2, 63, 75,
       67, 215, 204, 206, 44, 200, 247, 9, 159, 149, 183, 148, 21, 215,
       142, 118, 154, 199, 152, 5, 41, 21, 226, 207, 6, 158, 77, 128,
       140, 239, 156, 87, 200, 151, 160, 234, 50, 69, 200, 43, 171, 133,
       102, 11, 194, 255, 52, 50, 218, 139, 28, 20, 188, 222, 248, 125,
       108, 241, 52, 222, 91, 182, 181, 224, 190, 34, 187, 31, 147, 241,
       110, 245, 221, 216, 170, 216, 117, 253, 255, 217, 175, 145, 39,
       144, 126, 59, 89, 155, 187, 228, 146, 134, 126, 183, 180, 200,
       222, 70, 255, 247, 32, 114, 246, 247, 61, 194, 221, 153, 185, 105,
       251, 239, 239, 128, 40, 242, 161, 115, 67, 58, 90, 196, 98, 2,
       232, 82, 43, 168, 242, 238, 28, 130, 148, 120, 102, 173, 54, 204,
       129, 150, 133, 84, 20, 168, 235, 140, 13, 161, 43, 177, 26, 188,
       171, 253, 85, 192, 185, 103, 61, 13, 94, 179, 172, 191, 112, 96,
       236, 191, 151, 129, 82, 154, 240, 199, 239, 117, 158, 195, 7, 68,
       181, 251, 2, 153, 154, 237, 159, 70, 189, 111, 31, 129, 222, 6,
       188, 191, 34, 64, 223, 63, 187, 128, 80, 186, 83, 223, 229, 247,
       158, 11, 28, 104, 181, 155, 40, 171, 98, 88, 221, 217, 224, 103,
       195, 21, 228, 9, 34, 136, 118, 148, 200, 170, 194, 17, 94, 58, 66,
       21, 31, 81, 16, 121, 83, 12, 222, 206, 39, 9, 98, 79, 85, 211,
       230, 121, 87, 192, 125, 2, 104, 201, 181, 164, 88, 168, 146, 106,
       192, 178, 60, 255, 103, 28, 1, 43, 119, 175, 122, 228, 2, 201, 18,
       155, 221, 213, 182, 230, 15, 5, 72, 3, 172, 254, 38, 196, 201, 59,
       163, 65, 70, 184, 82, 245, 45, 20, 158, 107, 18, 30, 189, 222, 44,
       188, 248, 225, 253, 253, 115, 218, 75, 251, 45, 25, 30, 253, 111,
       56, 153, 26, 211, 16, 18, 50, 120, 146, 79, 221, 21, 127, 210, 75,
       70, 210, 168, 92, 83, 101, 18, 74, 101, 54, 36, 162, 98, 228, 183,
       23, 1, 17, 38, 252, 68, 104, 73, 156, 17, 46, 229, 160, 112, 0,
       106, 176, 6, 59, 162, 245, 108, 26, 111, 153, 156, 239, 139, 127,
       188, 159, 46, 220, 126, 23, 175, 147, 215, 37, 230, 107, 26, 213,
       59, 89, 28, 191, 87, 92, 223, 223, 44, 173, 248, 225, 245, 253,
       114, 75, 75, 253, 61, 26, 14, 189, 70, 36, 137, 26, 211, 16, 18,
       122, 248, 148, 79, 221, 21, 127, 215, 204, 222, 227, 51, 74, 202,
       158, 124, 176, 201, 204, 150, 7, 212, 135, 33, 235, 63, 64, 126,
       235, 19, 205, 14, 131, 70, 235, 118, 45, 186, 137, 61, 220, 120,
       216, 184, 77, 126, 254, 12, 192, 77, 118, 212, 66, 246, 2, 49,
       215, 51, 97, 72, 178, 46, 200, 233, 175, 102, 175, 241, 235, 242,
       8, 53, 152, 116, 104, 109, 55, 97, 104, 124, 28, 79, 25, 97, 76,
       245, 236, 219, 77, 154, 17, 220, 136, 78, 238, 203, 38, 237, 151,
       246, 249, 161, 156, 127, 175, 246, 241, 238, 56, 146, 132, 109,
       125, 186, 64, 137, 128, 241, 10, 172, 222, 103, 143, 234, 249,
       219, 115, 4, 231, 146, 200, 21, 81, 139, 59, 135, 47, 123, 142, 2,
       153, 58, 155, 215, 212, 176, 231, 126, 5, 104, 3, 44, 254, 46,
       228, 251, 59, 130, 129, 22, 184, 50, 247, 45, 54, 26, 75, 209, 4,
       173, 207, 2, 205, 24, 153, 213, 199, 190, 175, 30, 5, 74, 19, 228,
       34, 40, 64, 217, 27, 3, 129, 114, 152, 81, 255, 45, 54, 158, 67,
       16, 8, 181, 138, 29, 126, 218, 229, 54, 139, 118, 22, 121, 202,
       126, 110, 63, 17, 129, 160, 54, 253, 149, 112, 193, 176, 0, 168,
       246, 207, 37, 146, 239, 248, 9, 59, 131, 145, 180, 153, 175, 213,
       180, 255, 31, 123, 84, 50, 140, 190, 104, 111, 207, 27, 179, 17,
       215, 124, 115, 209, 143, 210, 94, 198, 150, 12, 177, 239, 130,
       188, 42, 251, 53, 236, 185, 103, 61, 5, 94, 147, 172, 191, 48, 64,
       239, 59, 151, 129, 50, 156, 80, 239, 239, 119, 154, 195, 4, 4, 53,
       250, 83, 211, 69, 203, 50, 128, 42, 188, 46, 73, 83, 231, 253, 71,
       156, 196, 118, 149, 191, 239, 219, 24, 79, 245, 172, 164, 171,
       196, 60, 135, 145, 49, 184, 252, 116, 122, 77, 221, 210, 230, 213,
       30, 116, 10, 42, 220, 54, 181, 200, 186, 130, 66, 238, 46, 122,
       189, 119, 219, 80, 107, 115, 29, 126, 238, 250, 68, 112, 239, 37,
       223, 94, 181, 93, 46, 247, 139, 75, 31, 63, 208, 254, 145, 191,
       226, 236, 183, 121, 255, 179, 223, 128, 151, 119, 158, 228, 95,
       56, 187, 50, 162, 85, 157, 114, 248, 111, 45, 120, 11, 47, 155,
       98, 144, 188, 155, 135, 66, 14, 58, 26, 181, 255, 221, 1, 107, 50,
       15, 78, 139, 42, 177, 113, 104, 125, 249, 209, 75, 195, 109, 188,
       41, 34, 157, 78, 180, 201, 154, 215, 16, 30, 43, 98, 149, 91, 213,
       17, 123, 211, 14, 222, 223, 218, 93, 58, 244, 161, 255, 124, 118,
