%YAML:1.0
---
descriptors: !!opencv-matrix
   rows: 407
   cols: 32
   dt: u
   data: [ 2, 220, 146, 159, 181, 213, 182, 231, 31, 15, 88, 3, 172, 222,
       38, 196, 217, 123, 131, 67, 86, 152, 90, 255, 47, 22, 158, 75, 18,
       13, 189, 207, 38, 54, 224, 19, 243, 249, 184, 74, 123, 255, 61,
       191, 8, 236, 223, 188, 191, 29, 211, 149, 150, 118, 174, 194, 14,
       28, 27, 239, 207, 199, 95, 215, 61, 207, 106, 236, 180, 178, 239,
       246, 213, 76, 222, 198, 115, 233, 183, 96, 126, 238, 31, 239, 173,
       179, 36, 191, 250, 237, 162, 192, 53, 186, 112, 233, 34, 235, 162,
       191, 117, 201, 175, 196, 31, 78, 88, 143, 160, 204, 119, 4, 217,
       107, 131, 71, 198, 190, 78, 255, 108, 22, 143, 171, 85, 31, 215,
       206, 134, 80, 179, 187, 181, 199, 177, 65, 31, 79, 81, 51, 140,
       158, 108, 76, 217, 57, 147, 17, 35, 148, 113, 210, 141, 86, 154,
       195, 144, 12, 181, 247, 31, 205, 6, 190, 17, 150, 110, 226, 52,
       64, 202, 199, 249, 254, 51, 192, 124, 111, 59, 207, 237, 153, 29,
       239, 162, 47, 142, 128, 44, 53, 57, 84, 128, 145, 31, 171, 180,
       135, 187, 117, 12, 73, 88, 34, 181, 90, 56, 65, 254, 59, 23, 241,
       114, 184, 1, 221, 236, 129, 170, 192, 20, 10, 177, 137, 161, 93,
       26, 158, 93, 149, 212, 110, 149, 0, 228, 3, 38, 217, 51, 1, 72,
       170, 19, 65, 110, 171, 82, 191, 115, 177, 154, 27, 123, 24, 120,
       138, 2, 223, 115, 202, 211, 149, 62, 247, 21, 4, 124, 162, 40,
       231, 164, 228, 126, 59, 131, 128, 198, 26, 32, 255, 55, 92, 134,
       235, 19, 214, 164, 157, 26, 188, 35, 253, 119, 210, 185, 119, 61,
       77, 94, 179, 44, 191, 36, 224, 238, 63, 151, 129, 114, 154, 176,
       239, 183, 117, 158, 195, 7, 68, 183, 251, 11, 129, 99, 223, 119,
       209, 171, 100, 13, 69, 85, 130, 232, 199, 190, 228, 126, 42, 147,
       204, 195, 152, 62, 253, 7, 60, 138, 72, 22, 142, 49, 252, 118, 41,
       234, 192, 197, 242, 215, 67, 201, 228, 191, 11, 10, 140, 119, 94,
       232, 252, 165, 82, 156, 251, 180, 200, 59, 88, 135, 51, 167, 239,
       244, 86, 90, 23, 229, 198, 185, 150, 89, 49, 163, 192, 143, 103,
       249, 119, 228, 214, 212, 39, 185, 188, 136, 73, 233, 204, 123,
       253, 143, 136, 142, 166, 240, 123, 75, 18, 168, 198, 60, 54, 91,
       25, 30, 197, 143, 103, 253, 247, 154, 102, 86, 102, 57, 174, 154,
       192, 233, 143, 202, 125, 139, 144, 14, 143, 20, 113, 250, 241, 29,
       248, 9, 201, 20, 237, 171, 22, 160, 41, 142, 223, 104, 59, 200,
       145, 253, 66, 74, 71, 218, 209, 155, 211, 95, 127, 82, 16, 166,
       18, 66, 185, 16, 250, 31, 221, 50, 236, 207, 17, 12, 10, 174, 218,
       101, 196, 163, 27, 170, 83, 70, 43, 26, 245, 187, 208, 15, 107,
       18, 14, 13, 14, 58, 51, 50, 236, 27, 213, 155, 72, 139, 140, 153,
       171, 142, 220, 53, 4, 222, 177, 223, 227, 138, 35, 226, 253, 145,
       212, 11, 187, 87, 15, 7, 119, 67, 58, 90, 196, 114, 2, 232, 82,
       40, 168, 114, 238, 28, 146, 148, 120, 38, 173, 118, 204, 129, 154,
       133, 69, 20, 168, 107, 172, 13, 161, 43, 177, 38, 248, 146, 250,
       203, 192, 50, 193, 187, 7, 97, 51, 44, 215, 101, 88, 255, 185,
       163, 144, 66, 7, 154, 243, 31, 182, 31, 107, 211, 36, 39, 146,
       118, 235, 82, 238, 121, 128, 82, 200, 163, 12, 232, 105, 98, 203,
       44, 212, 248, 248, 166, 82, 78, 35, 138, 225, 18, 240, 128, 11,
       83, 14, 110, 143, 0, 57, 159, 125, 113, 207, 49, 68, 236, 1, 108,
       0, 190, 151, 32, 48, 162, 59, 66, 64, 3, 184, 50, 109, 71, 185,
       82, 2, 64, 2, 103, 170, 160, 156, 137, 153, 124, 135, 128, 207,
       30, 43, 80, 86, 182, 168, 49, 72, 217, 8, 51, 17, 50, 190, 83,
       159, 44, 22, 187, 108, 148, 8, 16, 136, 207, 237, 169, 147, 236,
       60, 111, 150, 187, 251, 31, 213, 221, 175, 223, 206, 199, 79, 61,
       223, 215, 92, 239, 226, 110, 125, 254, 196, 142, 215, 209, 248,
       185, 219, 111, 255, 126, 215, 251, 248, 223, 92, 244, 230, 253,
       223, 190, 101, 126, 185, 191, 236, 203, 43, 127, 253, 246, 251,
       235, 200, 63, 142, 117, 249, 175, 246, 108, 83, 172, 221, 221,
       189, 92, 126, 20, 245, 211, 92, 223, 41, 157, 146, 253, 126, 255,
       116, 127, 55, 79, 27, 245, 213, 222, 157, 220, 119, 58, 177, 176,
       232, 253, 217, 148, 207, 91, 53, 184, 27, 174, 188, 94, 164, 153,
       155, 131, 17, 30, 43, 250, 211, 187, 213, 20, 127, 211, 28, 215,
       206, 25, 120, 215, 229, 50, 26, 63, 86, 40, 224, 62, 230, 191, 22,
       193, 174, 38, 253, 252, 90, 129, 245, 165, 232, 180, 201, 47, 128,
       239, 241, 35, 253, 98, 133, 176, 202, 253, 237, 80, 207, 31, 125,
       237, 25, 158, 191, 110, 80, 217, 155, 147, 16, 30, 10, 218, 211,
       255, 213, 22, 127, 146, 78, 212, 194, 27, 90, 239, 237, 38, 18,
       125, 119, 52, 194, 214, 230, 57, 167, 176, 102, 110, 236, 63, 206,
       200, 222, 165, 200, 246, 239, 254, 128, 39, 180, 177, 248, 121,
       72, 234, 252, 4, 2, 79, 127, 85, 130, 210, 198, 123, 235, 177,
       112, 126, 236, 61, 238, 233, 167, 7, 143, 178, 239, 231, 136, 55,
       184, 240, 8, 240, 217, 19, 69, 48, 79, 71, 244, 112, 168, 242, 72,
       114, 113, 137, 52, 48, 212, 100, 104, 105, 242, 241, 15, 177, 174,
       37, 20, 104, 186, 70, 41, 186, 81, 124, 235, 61, 223, 88, 116, 13,
       108, 183, 27, 107, 31, 54, 213, 238, 149, 223, 248, 172, 191, 113,
       157, 179, 219, 144, 211, 55, 143, 220, 95, 221, 92, 125, 237, 126,
       255, 127, 182, 85, 232, 126, 230, 155, 15, 145, 105, 102, 180, 63,
       252, 161, 180, 101, 156, 102, 235, 100, 128, 255, 185, 64, 121,
       84, 61, 90, 237, 242, 198, 63, 241, 40, 40, 78, 230, 125, 247, 33,
       112, 54, 253, 61, 226, 208, 145, 176, 127, 251, 173, 47, 128, 44,
       162, 167, 179, 5, 215, 115, 69, 114, 15, 231, 248, 109, 72, 122,
       100, 247, 117, 132, 52, 182, 124, 86, 106, 193, 176, 33, 111, 36,
       188, 37, 128, 76, 162, 67, 177, 9, 182, 152, 123, 241, 188, 112,
       247, 127, 31, 111, 21, 158, 51, 10, 144, 165, 11, 198, 28, 54,
       188, 49, 23, 239, 255, 48, 69, 194, 192, 203, 203, 66, 159, 37,
       191, 44, 194, 207, 189, 173, 74, 27, 231, 245, 109, 152, 68, 7,
       55, 125, 175, 225, 136, 95, 255, 228, 54, 250, 128, 12, 134, 145,
       121, 40, 169, 2, 24, 221, 157, 224, 103, 251, 21, 228, 25, 138,
       129, 86, 148, 136, 170, 66, 28, 94, 43, 210, 21, 31, 217, 16, 121,
       83, 12, 202, 142, 93, 155, 191, 180, 128, 134, 126, 182, 180, 200,
       218, 70, 253, 255, 32, 114, 246, 247, 61, 198, 205, 153, 185, 105,
       243, 239, 239, 128, 40, 115, 161, 91, 139, 76, 125, 233, 50, 239,
       125, 22, 165, 232, 126, 134, 191, 15, 147, 33, 38, 177, 31, 220,
       161, 156, 100, 252, 231, 217, 164, 128, 55, 208, 5, 121, 109, 91,
       88, 225, 44, 15, 82, 152, 15, 248, 191, 108, 215, 19, 195, 80,
       215, 68, 110, 126, 155, 48, 73, 180, 206, 221, 33, 244, 26, 171,
       88, 81, 103, 52, 236, 1, 236, 119, 200, 27, 82, 251, 157, 92, 210,
       56, 214, 47, 157, 4, 122, 61, 189, 102, 127, 158, 74, 30, 213,
       116, 159, 236, 216, 84, 153, 158, 127, 245, 54, 175, 121, 246,
       116, 238, 94, 70, 183, 39, 161, 97, 119, 61, 55, 44, 225, 248, 49,
       31, 206, 235, 115, 132, 60, 200, 1, 249, 126, 84, 148, 184, 107,
       39, 20, 206, 143, 58, 152, 127, 206, 55, 43, 223, 205, 213, 255,
       163, 104, 71, 91, 208, 209, 210, 95, 191, 154, 125, 41, 19, 139,
       218, 162, 223, 141, 132, 189, 159, 30, 219, 86, 87, 188, 255, 98,
       72, 229, 123, 187, 144, 195, 220, 51, 241, 207, 115, 222, 138,
       146, 84, 177, 123, 182, 125, 113, 66, 237, 93, 214, 197, 201, 238,
       185, 59, 74, 252, 127, 34, 221, 243, 215, 115, 252, 47, 236, 234,
       59, 92, 141, 191, 197, 127, 214, 199, 37, 71, 99, 72, 116, 147,
       227, 121, 85, 72, 253, 98, 82, 201, 190, 164, 88, 184, 6, 106,
       197, 178, 108, 159, 50, 12, 33, 0, 119, 170, 112, 164, 0, 2, 69,
       141, 60, 75, 225, 57, 14, 172, 210, 230, 225, 0, 128, 192, 90, 0,
       110, 172, 0, 184, 101, 29, 140, 6, 251, 148, 180, 168, 85, 225,
