%YAML:1.0
---
descriptors: !!opencv-matrix
   rows: 237
   cols: 32
   dt: u
   data: [ 167, 255, 109, 71, 234, 23, 191, 189, 82, 242, 95, 254, 80,
       124, 159, 39, 31, 222, 55, 238, 245, 246, 253, 126, 110, 43, 101,
       164, 111, 255, 128, 245, 10, 201, 150, 157, 109, 213, 188, 239,
       143, 29, 80, 19, 172, 222, 100, 198, 199, 3, 187, 65, 70, 109, 19,
       241, 31, 80, 94, 171, 18, 28, 173, 143, 39, 205, 227, 87, 213,
       119, 239, 230, 89, 226, 88, 131, 97, 236, 189, 36, 249, 235, 19,
       231, 245, 178, 44, 239, 63, 30, 141, 134, 213, 127, 240, 196, 189,
       245, 237, 71, 214, 87, 95, 189, 83, 234, 255, 158, 89, 127, 159,
       49, 29, 222, 53, 238, 253, 210, 253, 190, 127, 75, 229, 164, 47,
       247, 210, 240, 129, 184, 27, 251, 112, 236, 57, 23, 190, 89, 82,
       48, 189, 159, 32, 121, 166, 59, 23, 149, 19, 152, 50, 117, 207,
       249, 58, 200, 144, 128, 129, 169, 6, 159, 174, 159, 151, 38, 190,
       167, 159, 19, 94, 151, 204, 47, 54, 78, 231, 87, 187, 151, 240,
       216, 25, 239, 45, 54, 222, 199, 133, 119, 185, 159, 2, 170, 147,
       250, 235, 192, 184, 206, 190, 23, 192, 177, 172, 230, 96, 72, 231,
       59, 203, 144, 18, 11, 130, 241, 153, 180, 94, 171, 144, 80, 165,
       187, 25, 105, 67, 37, 211, 207, 111, 117, 37, 224, 110, 128, 255,
       39, 3, 240, 54, 239, 66, 236, 81, 152, 49, 108, 189, 237, 7, 0,
       226, 178, 131, 232, 125, 229, 108, 101, 27, 91, 94, 236, 71, 224,
       173, 138, 91, 108, 31, 177, 58, 196, 220, 110, 76, 35, 125, 61,
       243, 205, 5, 53, 119, 191, 202, 68, 88, 45, 162, 247, 149, 230,
       103, 103, 116, 172, 206, 0, 123, 179, 49, 116, 112, 238, 120, 136,
       72, 155, 181, 46, 241, 231, 150, 1, 34, 86, 246, 42, 126, 175,
       170, 96, 157, 83, 86, 232, 227, 180, 174, 8, 75, 248, 95, 178,
       153, 252, 237, 243, 92, 99, 168, 190, 187, 221, 133, 127, 227,
       119, 254, 6, 139, 22, 166, 156, 7, 54, 188, 71, 156, 87, 211, 215,
       204, 234, 63, 203, 236, 37, 187, 165, 181, 213, 23, 202, 144, 99,
       218, 131, 13, 124, 185, 212, 242, 72, 18, 136, 109, 213, 80, 72,
       141, 4, 192, 11, 14, 158, 39, 210, 200, 177, 239, 97, 14, 7, 210,
       216, 145, 49, 138, 59, 16, 13, 60, 78, 7, 180, 97, 91, 229, 217,
       169, 239, 94, 115, 120, 214, 233, 232, 220, 165, 123, 10, 50, 157,
       211, 248, 255, 241, 12, 24, 223, 228, 223, 204, 211, 252, 192,
       221, 191, 95, 74, 204, 183, 188, 254, 23, 102, 16, 241, 247, 172,
       99, 17, 122, 122, 74, 98, 73, 251, 55, 103, 171, 118, 73, 80, 208,
       165, 250, 124, 92, 94, 126, 193, 158, 119, 176, 241, 130, 230, 8,
       123, 243, 39, 252, 176, 244, 232, 106, 104, 135, 178, 47, 243,
       255, 69, 25, 98, 243, 110, 38, 45, 239, 104, 69, 116, 159, 231,
       190, 119, 172, 126, 12, 67, 104, 151, 48, 25, 236, 70, 110, 204,
       178, 109, 31, 102, 223, 37, 164, 71, 190, 218, 205, 155, 220, 7,
       189, 7, 150, 110, 166, 181, 82, 66, 215, 125, 14, 48, 195, 228,
       231, 187, 231, 237, 205, 23, 239, 161, 99, 222, 0, 57, 52, 57, 92,
       128, 2, 110, 185, 6, 137, 105, 23, 164, 93, 86, 247, 179, 133,
       242, 73, 104, 170, 47, 157, 154, 188, 103, 209, 196, 193, 186,
       192, 52, 136, 245, 233, 137, 32, 78, 5, 68, 57, 224, 70, 68, 96,
       82, 70, 179, 24, 151, 168, 104, 168, 94, 13, 141, 188, 69, 152, 6,
       73, 178, 1, 109, 140, 88, 140, 94, 28, 230, 247, 149, 246, 122,
       114, 189, 194, 206, 3, 109, 255, 51, 235, 229, 247, 253, 211, 180,
       221, 53, 238, 159, 127, 222, 131, 167, 229, 125, 78, 95, 245, 158,
       180, 187, 22, 22, 248, 250, 251, 149, 109, 92, 254, 107, 115, 183,
       117, 252, 119, 181, 67, 187, 223, 251, 63, 111, 254, 138, 119,
       169, 87, 64, 0, 155, 249, 12, 228, 105, 7, 118, 97, 67, 16, 181,
       155, 0, 104, 232, 141, 46, 144, 11, 218, 241, 65, 197, 229, 250,
       65, 128, 8, 37, 42, 246, 90, 53, 52, 107, 69, 158, 168, 169, 218,
       176, 105, 110, 222, 77, 155, 132, 241, 253, 231, 233, 103, 202,
       252, 185, 90, 109, 190, 89, 53, 39, 119, 98, 255, 184, 219, 253,
       157, 190, 206, 159, 63, 93, 43, 172, 220, 126, 132, 221, 123, 179,
       83, 198, 42, 218, 247, 47, 29, 159, 251, 30, 95, 157, 159, 249,
       75, 191, 126, 137, 220, 87, 189, 247, 12, 230, 8, 106, 209, 55,
       244, 144, 224, 236, 72, 200, 171, 162, 41, 243, 251, 4, 27, 98,
       48, 238, 111, 253, 20, 253, 101, 178, 126, 81, 26, 51, 251, 191,
       56, 83, 127, 136, 122, 23, 215, 125, 184, 185, 215, 249, 6, 219,
       239, 113, 214, 227, 225, 70, 115, 44, 145, 60, 123, 141, 253, 208,
       185, 78, 125, 253, 25, 222, 93, 58, 193, 201, 26, 187, 25, 154,
       40, 123, 149, 207, 219, 82, 125, 210, 15, 221, 210, 1, 154, 63,
       185, 36, 169, 104, 23, 174, 89, 82, 245, 181, 131, 240, 73, 231,
       43, 63, 29, 147, 28, 2, 209, 196, 152, 250, 200, 148, 136, 165,
       153, 104, 187, 54, 106, 189, 201, 86, 117, 231, 60, 183, 45, 162,
       153, 34, 19, 136, 54, 236, 64, 90, 43, 74, 61, 251, 209, 37, 123,
       90, 10, 206, 27, 120, 223, 184, 63, 187, 56, 22, 159, 27, 63, 188,
       173, 175, 45, 79, 26, 135, 87, 237, 16, 46, 104, 203, 35, 250,
       231, 116, 191, 208, 124, 143, 91, 88, 205, 26, 238, 180, 134, 127,
       183, 52, 136, 222, 3, 247, 247, 160, 80, 246, 255, 61, 206, 88,
       154, 193, 46, 251, 237, 167, 192, 32, 178, 160, 65, 40, 239, 105,
       37, 116, 91, 231, 190, 118, 228, 126, 141, 179, 45, 146, 0, 26,
       238, 7, 109, 233, 184, 101, 63, 110, 79, 37, 1, 103, 188, 214,
       248, 55, 205, 103, 111, 146, 66, 110, 253, 36, 64, 234, 226, 113,
       102, 181, 112, 122, 246, 29, 238, 249, 147, 45, 47, 176, 174, 175,
       128, 37, 178, 240, 48, 13, 77, 113, 79, 54, 11, 239, 184, 92, 232,
       122, 70, 243, 49, 145, 224, 62, 108, 22, 110, 225, 176, 109, 46,
       36, 174, 37, 128, 125, 187, 81, 169, 207, 236, 226, 183, 245, 184,
       238, 164, 186, 147, 91, 145, 253, 239, 93, 74, 179, 106, 51, 95,
       242, 80, 142, 227, 110, 127, 239, 236, 134, 247, 219, 192, 189,
       96, 255, 101, 132, 95, 111, 80, 112, 226, 183, 24, 83, 25, 81, 59,
       88, 204, 127, 106, 233, 246, 249, 10, 87, 203, 101, 52, 227, 251,
       82, 34, 45, 123, 113, 105, 102, 219, 119, 176, 237, 108, 125, 236,
       159, 157, 195, 52, 22, 60, 150, 106, 197, 48, 108, 156, 102, 221,
       33, 166, 127, 191, 66, 213, 100, 50, 220, 128, 234, 41, 48, 24,
       171, 242, 163, 237, 70, 161, 73, 30, 166, 213, 237, 86, 17, 67,
       203, 192, 94, 16, 101, 254, 140, 227, 11, 19, 79, 245, 191, 150,
       250, 22, 31, 248, 123, 250, 21, 111, 124, 250, 223, 250, 183, 103,
       125, 255, 229, 67, 175, 255, 122, 62, 111, 190, 142, 119, 35, 71,
       47, 185, 41, 82, 157, 253, 209, 99, 207, 117, 149, 10, 138, 28,
       94, 164, 137, 146, 219, 25, 147, 43, 127, 213, 63, 95, 17, 127,
       215, 12, 213, 102, 72, 182, 152, 187, 169, 184, 16, 23, 187, 79,
       73, 253, 174, 231, 74, 216, 135, 123, 236, 20, 23, 72, 210, 83,
       142, 245, 52, 251, 138, 70, 143, 91, 73, 90, 135, 29, 41, 158,
       160, 22, 172, 137, 226, 100, 244, 179, 129, 206, 100, 102, 122,
       24, 129, 233, 131, 109, 4, 58, 242, 0, 74, 148, 121, 13, 17, 156,
       63, 122, 17, 254, 57, 247, 236, 73, 106, 64, 28, 246, 32, 112,
       165, 51, 28, 24, 147, 153, 48, 125, 185, 255, 58, 64, 152, 2, 161,
       115, 71, 187, 141, 183, 130, 160, 60, 135, 191, 215, 3, 215, 237,
       102, 91, 75, 167, 103, 121, 151, 183, 216, 159, 225, 140, 50, 222,
       194, 172, 117, 169, 92, 151, 76, 239, 151, 134, 114, 173, 134,
       124, 87, 215, 150, 248, 46, 190, 107, 99, 71, 59, 159, 181, 220,
       61, 226, 12, 42, 222, 128, 133, 125, 249, 124, 54, 24, 122, 232,
       12, 101, 219, 64, 173, 12, 176, 3, 14, 159, 39, 16, 232, 145, 207,
       226, 8, 39, 16, 192, 211, 209, 138, 63, 65, 43, 103, 210, 10, 170,
       150, 186, 123, 129, 185, 232, 190, 21, 193, 167, 172, 199, 106,
       192, 239, 59, 235, 148, 2, 11, 10, 241, 157, 180, 154, 171, 144,
