%YAML:1.0
---
descriptors: !!opencv-matrix
   rows: 211
   cols: 32
   dt: u
   data: [ 252, 174, 252, 112, 169, 109, 89, 154, 251, 255, 164, 29, 159,
       175, 67, 27, 133, 199, 237, 28, 186, 109, 243, 2, 219, 219, 117,
       125, 194, 241, 78, 83, 232, 252, 253, 117, 188, 110, 213, 63, 82,
       170, 118, 16, 243, 57, 209, 107, 89, 246, 125, 8, 233, 252, 249,
       42, 111, 239, 245, 21, 227, 248, 212, 43, 206, 208, 116, 250, 187,
       214, 120, 157, 191, 93, 87, 17, 205, 95, 62, 109, 199, 17, 189,
       149, 182, 12, 59, 247, 235, 255, 222, 199, 150, 132, 165, 87, 32,
       48, 61, 97, 44, 79, 113, 24, 33, 112, 36, 8, 23, 23, 0, 51, 128,
       20, 113, 8, 9, 96, 113, 4, 195, 153, 64, 20, 64, 136, 70, 50, 9,
       158, 109, 109, 116, 167, 251, 186, 86, 106, 124, 102, 113, 125,
       191, 32, 63, 88, 23, 238, 163, 48, 61, 63, 103, 15, 161, 132, 125,
       139, 80, 251, 15, 249, 109, 79, 238, 23, 239, 189, 207, 240, 21,
       198, 121, 205, 255, 38, 54, 69, 119, 239, 193, 33, 175, 253, 110,
       9, 45, 188, 127, 191, 193, 245, 124, 249, 253, 244, 187, 86, 93,
       151, 163, 245, 174, 57, 95, 191, 66, 154, 167, 247, 253, 144, 27,
       73, 251, 192, 251, 253, 205, 223, 163, 244, 214, 114, 214, 252,
       146, 158, 219, 241, 150, 239, 191, 134, 169, 59, 108, 254, 47,
       212, 251, 251, 251, 227, 102, 71, 154, 255, 185, 246, 159, 63, 17,
       117, 175, 134, 95, 83, 134, 164, 138, 22, 184, 85, 168, 237, 154,
       199, 205, 174, 115, 202, 230, 197, 253, 213, 148, 153, 133, 192,
       152, 101, 174, 197, 140, 54, 169, 85, 125, 69, 237, 167, 158, 11,
       206, 184, 86, 234, 223, 75, 83, 105, 153, 162, 121, 196, 125, 239,
       233, 243, 77, 46, 248, 239, 229, 148, 109, 251, 88, 32, 245, 229,
       232, 70, 250, 2, 79, 248, 18, 162, 253, 202, 113, 103, 217, 55,
       127, 220, 21, 238, 233, 211, 237, 110, 56, 174, 175, 180, 45, 243,
       98, 160, 6, 101, 31, 155, 238, 165, 190, 200, 238, 130, 121, 66,
       252, 242, 41, 73, 250, 251, 106, 227, 64, 145, 26, 248, 53, 18,
       207, 136, 148, 123, 161, 128, 108, 52, 190, 101, 160, 111, 117,
       17, 105, 190, 127, 24, 223, 49, 74, 26, 181, 84, 108, 58, 144,
       240, 177, 0, 207, 255, 117, 68, 194, 242, 206, 99, 124, 71, 86,
       69, 17, 27, 86, 32, 53, 36, 238, 8, 66, 97, 143, 213, 248, 212,
       236, 106, 108, 243, 97, 28, 179, 254, 69, 23, 99, 190, 76, 4, 48,
       157, 74, 235, 86, 163, 234, 90, 22, 9, 249, 102, 113, 202, 184,
       96, 120, 170, 23, 185, 27, 187, 4, 255, 60, 229, 170, 192, 189,
       139, 240, 176, 102, 107, 18, 158, 121, 193, 130, 192, 143, 128,
       136, 41, 236, 218, 101, 198, 200, 121, 234, 83, 70, 3, 138, 249,
       184, 52, 15, 59, 16, 63, 41, 134, 52, 197, 104, 7, 215, 91, 231,
       168, 117, 228, 255, 135, 67, 104, 31, 5, 120, 204, 226, 227, 76,
       240, 125, 174, 111, 103, 197, 5, 111, 255, 220, 214, 239, 122,
       196, 247, 108, 13, 108, 57, 169, 186, 179, 253, 223, 195, 209, 91,
       206, 229, 127, 78, 249, 103, 207, 224, 132, 152, 239, 184, 12,
       169, 83, 17, 212, 69, 31, 101, 180, 78, 71, 168, 100, 32, 235, 8,
       215, 55, 9, 115, 209, 212, 108, 106, 104, 240, 201, 14, 229, 251,
       37, 84, 64, 187, 198, 34, 162, 168, 158, 190, 201, 205, 176, 230,
       158, 23, 192, 27, 172, 250, 98, 11, 201, 123, 235, 81, 54, 111,
       218, 243, 29, 22, 94, 123, 208, 28, 173, 142, 58, 239, 112, 250,
       123, 209, 90, 248, 183, 28, 189, 169, 47, 207, 35, 144, 238, 187,
       205, 194, 78, 3, 74, 189, 243, 213, 137, 187, 50, 7, 46, 67, 254,
       252, 188, 242, 61, 253, 82, 234, 155, 115, 181, 25, 238, 223, 78,
       179, 143, 211, 255, 19, 47, 103, 218, 243, 219, 223, 85, 127, 218,
       13, 15, 31, 112, 164, 157, 112, 13, 109, 65, 202, 227, 179, 164,
       24, 183, 51, 64, 56, 137, 146, 72, 8, 56, 103, 88, 18, 195, 223,
       17, 61, 240, 72, 70, 34, 180, 173, 122, 233, 246, 232, 115, 231,
       126, 172, 250, 58, 115, 252, 236, 112, 251, 255, 22, 144, 58, 190,
       232, 191, 255, 237, 39, 105, 229, 73, 246, 163, 11, 179, 106, 129,
       101, 208, 252, 85, 105, 101, 87, 167, 8, 140, 214, 165, 238, 141,
       179, 221, 213, 250, 164, 192, 22, 121, 138, 227, 15, 134, 255,
       212, 34, 172, 163, 187, 213, 247, 178, 207, 94, 65, 120, 3, 136,
       220, 124, 128, 217, 59, 147, 145, 22, 186, 88, 247, 45, 92, 159,
       107, 213, 78, 253, 142, 229, 118, 61, 103, 32, 14, 127, 184, 124,
       238, 119, 92, 215, 103, 139, 19, 148, 68, 108, 110, 225, 244, 249,
       10, 231, 187, 101, 4, 72, 179, 66, 113, 10, 142, 18, 187, 245,
       165, 186, 199, 30, 13, 88, 19, 172, 235, 34, 64, 221, 43, 131,
       148, 22, 152, 90, 255, 109, 23, 154, 67, 144, 76, 185, 138, 139,
       135, 196, 159, 220, 20, 238, 253, 22, 87, 77, 215, 233, 234, 186,
       196, 95, 202, 51, 175, 254, 222, 79, 247, 46, 111, 158, 200, 63,
       198, 248, 220, 197, 103, 84, 166, 60, 14, 79, 184, 237, 248, 179,
       204, 223, 107, 155, 179, 62, 196, 126, 239, 233, 97, 221, 205,
       180, 248, 103, 148, 76, 187, 83, 17, 103, 91, 254, 87, 224, 18,
       126, 148, 123, 249, 118, 224, 89, 54, 215, 127, 119, 246, 60, 218,
       213, 216, 239, 232, 62, 63, 247, 132, 142, 243, 234, 29, 124, 52,
       156, 120, 169, 237, 80, 67, 187, 31, 165, 25, 15, 155, 66, 155,
       131, 147, 237, 16, 58, 111, 218, 16, 219, 211, 112, 127, 242, 65,
       142, 3, 222, 91, 30, 188, 42, 136, 28, 144, 174, 148, 134, 165,
       239, 79, 11, 83, 166, 245, 237, 199, 76, 65, 139, 48, 210, 225,
       107, 145, 36, 50, 45, 67, 70, 239, 151, 190, 248, 134, 190, 252,
       175, 138, 91, 101, 228, 251, 253, 66, 183, 127, 127, 231, 198,
       195, 138, 255, 40, 62, 47, 142, 4, 115, 161, 143, 87, 249, 131,
       163, 18, 212, 43, 128, 170, 229, 139, 135, 141, 142, 82, 98, 102,
       197, 121, 215, 199, 153, 189, 224, 152, 96, 142, 196, 44, 7, 33,
       92, 99, 173, 225, 69, 188, 246, 239, 191, 67, 233, 158, 2, 241,
       249, 215, 36, 89, 110, 89, 188, 155, 42, 253, 254, 111, 28, 135,
       252, 199, 242, 210, 108, 125, 241, 152, 162, 169, 31, 86, 232, 35,
       252, 169, 13, 207, 82, 75, 50, 149, 221, 252, 115, 79, 67, 219,
       180, 187, 213, 13, 127, 168, 55, 10, 23, 53, 13, 65, 69, 22, 43,
       78, 106, 64, 160, 234, 234, 115, 97, 145, 16, 58, 228, 92, 238,
       104, 179, 77, 46, 184, 46, 165, 16, 101, 251, 114, 32, 215, 236,
       149, 144, 169, 237, 29, 174, 191, 247, 130, 25, 174, 246, 64, 239,
       135, 87, 125, 21, 55, 77, 251, 243, 185, 146, 95, 126, 128, 85,
       133, 110, 210, 122, 204, 189, 42, 48, 56, 222, 173, 30, 84, 231,
       173, 143, 163, 203, 102, 89, 239, 196, 166, 77, 134, 225, 214, 97,
       122, 171, 63, 245, 43, 153, 33, 46, 189, 69, 100, 15, 229, 55,
       104, 174, 118, 76, 243, 40, 149, 43, 140, 116, 102, 42, 225, 244,
       97, 10, 71, 159, 117, 16, 64, 248, 83, 169, 206, 239, 227, 195,
       231, 120, 239, 246, 249, 247, 189, 186, 201, 46, 223, 163, 43,
       199, 247, 251, 245, 118, 172, 226, 63, 93, 239, 229, 199, 247,
       255, 244, 37, 79, 97, 69, 180, 15, 239, 188, 68, 232, 126, 108,
       211, 97, 149, 100, 94, 78, 22, 110, 201, 176, 109, 44, 100, 188,
       37, 148, 111, 251, 208, 161, 87, 237, 97, 132, 149, 149, 239, 253,
       109, 224, 152, 206, 121, 76, 158, 164, 62, 195, 93, 239, 223, 11,
       189, 253, 184, 88, 143, 252, 63, 183, 241, 116, 226, 232, 156,
       186, 73, 205, 145, 207, 158, 29, 160, 25, 172, 158, 98, 11, 201,
       59, 235, 81, 118, 111, 210, 241, 221, 16, 94, 123, 80, 24, 135,
       202, 135, 175, 6, 143, 221, 27, 174, 232, 94, 226, 219, 199, 200,
       232, 63, 132, 249, 207, 235, 103, 244, 243, 207, 254, 60, 54, 143,
       135, 221, 127, 249, 150, 33, 167, 105, 65, 244, 155, 234, 113, 92,
       97, 122, 198, 147, 8, 148, 160, 122, 170, 22, 125, 151, 184, 101,
       78, 44, 12, 162, 64, 77, 138, 218, 132, 105, 48, 177, 77, 77, 95,
       224, 63, 83, 235, 165, 76, 218, 57, 92, 190, 216, 132, 122, 44,
