%YAML:1.0
---
descriptors: !!opencv-matrix
   rows: 274
   cols: 32
   dt: u
   data: [ 254, 122, 253, 65, 234, 89, 191, 152, 11, 252, 20, 175, 95,
       28, 223, 47, 55, 85, 245, 119, 131, 116, 255, 192, 93, 73, 109,
       182, 231, 189, 7, 245, 165, 189, 1, 73, 253, 159, 198, 57, 87,
       232, 249, 76, 210, 24, 20, 164, 216, 108, 82, 111, 253, 58, 121,
       31, 47, 28, 5, 116, 90, 43, 218, 164, 191, 71, 64, 76, 126, 27,
       206, 104, 89, 160, 249, 206, 107, 72, 151, 180, 30, 168, 84, 111,
       236, 182, 77, 159, 50, 92, 1, 188, 127, 191, 74, 132, 2, 183, 19,
       139, 214, 227, 178, 79, 14, 65, 121, 102, 164, 252, 188, 128, 249,
       59, 130, 145, 19, 186, 9, 223, 44, 20, 138, 70, 221, 74, 181, 156,
       116, 49, 153, 232, 24, 79, 83, 200, 38, 32, 233, 8, 215, 215, 73,
       112, 152, 152, 88, 122, 11, 3, 219, 24, 241, 141, 1, 60, 112, 35,
       66, 50, 165, 129, 113, 67, 244, 79, 103, 49, 125, 32, 119, 8, 211,
       17, 140, 116, 88, 156, 70, 122, 121, 176, 121, 30, 101, 184, 32,
       68, 99, 138, 212, 160, 120, 232, 57, 248, 11, 193, 21, 71, 171,
       21, 164, 56, 62, 151, 64, 26, 129, 179, 237, 16, 74, 79, 226, 113,
       219, 209, 18, 123, 48, 0, 167, 106, 80, 32, 61, 101, 32, 78, 67,
       48, 100, 32, 227, 8, 247, 53, 0, 114, 144, 116, 108, 106, 73, 176,
       241, 12, 229, 235, 96, 16, 96, 170, 70, 34, 127, 123, 110, 102,
       111, 153, 222, 80, 225, 204, 181, 175, 107, 204, 215, 63, 46, 224,
       213, 239, 204, 231, 174, 232, 82, 89, 193, 187, 103, 183, 126,
       215, 101, 224, 209, 69, 68, 78, 107, 152, 115, 248, 96, 72, 83,
       211, 221, 182, 24, 204, 32, 126, 203, 114, 252, 80, 13, 152, 133,
       44, 75, 178, 66, 164, 173, 246, 149, 95, 225, 63, 68, 254, 59,
       187, 109, 92, 206, 243, 72, 189, 149, 78, 228, 10, 49, 246, 219,
       240, 143, 218, 85, 34, 202, 245, 202, 165, 166, 188, 236, 26, 207,
       253, 148, 207, 155, 255, 181, 191, 10, 252, 111, 159, 141, 155,
       247, 17, 190, 111, 250, 241, 31, 83, 85, 255, 223, 76, 222, 223,
       78, 191, 204, 163, 178, 60, 127, 191, 59, 55, 190, 253, 201, 47,
       218, 82, 55, 199, 237, 238, 250, 88, 221, 247, 238, 223, 191, 229,
       175, 214, 143, 89, 65, 153, 190, 247, 180, 190, 248, 183, 238,
       217, 90, 68, 253, 250, 180, 98, 231, 103, 61, 153, 151, 217, 179,
       229, 205, 255, 126, 192, 136, 34, 169, 27, 173, 28, 103, 109, 44,
       123, 230, 122, 85, 234, 250, 118, 211, 56, 149, 173, 221, 230,
       126, 43, 173, 183, 101, 174, 134, 127, 242, 144, 95, 253, 88, 133,
       119, 85, 204, 165, 138, 6, 124, 189, 53, 251, 219, 215, 65, 42,
       30, 91, 125, 199, 125, 191, 253, 210, 221, 194, 254, 106, 254,
       196, 173, 246, 186, 87, 221, 125, 159, 181, 128, 14, 101, 55, 184,
       170, 42, 12, 247, 179, 65, 83, 160, 100, 104, 92, 105, 221, 145,
       10, 233, 163, 117, 16, 136, 112, 131, 58, 72, 184, 189, 115, 104,
       200, 49, 145, 234, 89, 38, 40, 190, 247, 200, 58, 131, 114, 104,
       16, 83, 104, 186, 97, 79, 249, 116, 106, 192, 2, 71, 171, 111,
       191, 96, 92, 63, 253, 146, 250, 203, 252, 188, 237, 106, 252, 247,
       182, 151, 115, 253, 71, 135, 99, 254, 253, 26, 95, 1, 187, 95,
       173, 94, 95, 2, 159, 18, 171, 180, 163, 50, 103, 156, 13, 90, 231,
       228, 226, 160, 64, 223, 43, 15, 21, 50, 152, 64, 255, 172, 182,
       170, 194, 152, 74, 177, 139, 29, 201, 86, 47, 22, 27, 70, 232, 84,
       128, 199, 2, 115, 121, 59, 228, 122, 204, 122, 107, 108, 177, 29,
       45, 242, 239, 5, 4, 111, 186, 40, 0, 123, 254, 229, 92, 59, 222,
       89, 190, 187, 252, 158, 173, 43, 62, 215, 246, 135, 245, 253, 220,
       207, 72, 247, 253, 251, 127, 85, 191, 46, 244, 78, 127, 93, 33,
       215, 223, 143, 127, 68, 15, 119, 171, 230, 18, 91, 243, 65, 254,
       113, 254, 122, 136, 57, 249, 251, 210, 155, 238, 85, 29, 162, 120,
       232, 36, 181, 93, 233, 79, 214, 91, 199, 248, 87, 234, 247, 106,
       83, 124, 157, 36, 89, 220, 54, 234, 233, 246, 109, 190, 127, 174,
       229, 212, 103, 187, 84, 245, 245, 190, 195, 5, 246, 38, 78, 254,
       114, 170, 250, 254, 115, 96, 148, 49, 63, 196, 84, 175, 185, 254,
       221, 46, 60, 46, 165, 148, 237, 224, 242, 153, 181, 70, 104, 109,
       4, 15, 71, 120, 112, 230, 237, 72, 83, 65, 155, 113, 120, 140, 4,
       110, 232, 182, 125, 14, 243, 139, 33, 20, 97, 243, 82, 96, 25,
       157, 19, 15, 211, 214, 47, 239, 52, 77, 232, 7, 104, 102, 42, 212,
       252, 171, 130, 228, 95, 155, 57, 127, 49, 164, 142, 64, 59, 6,
       167, 220, 186, 166, 98, 25, 247, 219, 234, 238, 87, 103, 220, 187,
       107, 236, 190, 133, 123, 234, 195, 181, 254, 254, 109, 255, 62,
       87, 149, 103, 231, 140, 254, 204, 131, 255, 231, 159, 238, 161,
       174, 230, 206, 202, 88, 231, 168, 236, 245, 162, 239, 107, 91,
       199, 231, 233, 174, 251, 44, 12, 175, 170, 93, 127, 49, 221, 208,
       196, 26, 173, 2, 11, 85, 119, 52, 38, 230, 169, 55, 23, 0, 81,
       122, 157, 111, 226, 72, 159, 193, 15, 241, 161, 48, 1, 32, 144,
       164, 42, 30, 121, 26, 236, 27, 193, 18, 72, 171, 4, 160, 41, 46,
       215, 33, 80, 242, 185, 205, 96, 10, 3, 18, 253, 243, 213, 3, 59,
       176, 51, 39, 34, 100, 65, 189, 103, 164, 78, 119, 48, 116, 238,
       39, 8, 247, 113, 25, 122, 144, 84, 120, 106, 8, 240, 249, 42, 237,
       191, 101, 16, 192, 251, 85, 98, 181, 229, 106, 72, 212, 11, 194,
       201, 86, 161, 233, 26, 67, 200, 60, 32, 89, 136, 2, 125, 62, 183,
       68, 14, 56, 12, 133, 101, 245, 42, 250, 132, 114, 176, 26, 184,
       171, 201, 16, 207, 174, 29, 160, 57, 142, 222, 96, 80, 239, 187,
       207, 0, 14, 11, 138, 81, 145, 209, 31, 123, 16, 0, 175, 11, 217,
       138, 149, 246, 41, 46, 92, 186, 251, 155, 162, 80, 255, 51, 0,
       219, 133, 199, 108, 8, 41, 69, 203, 98, 211, 251, 119, 20, 138,
       240, 33, 33, 208, 177, 26, 176, 168, 172, 89, 150, 162, 93, 164,
       157, 55, 215, 66, 90, 133, 159, 125, 28, 27, 75, 146, 33, 219,
       169, 56, 120, 168, 128, 130, 91, 179, 98, 106, 72, 82, 153, 170,
       80, 105, 64, 125, 238, 41, 140, 214, 180, 62, 169, 150, 207, 135,
       54, 164, 209, 22, 8, 34, 170, 109, 135, 107, 213, 44, 113, 56, 99,
       245, 79, 87, 184, 103, 236, 61, 13, 223, 125, 75, 16, 220, 220,
       215, 126, 200, 50, 121, 60, 239, 221, 37, 53, 74, 187, 78, 243,
       50, 195, 96, 172, 45, 25, 220, 109, 137, 37, 185, 175, 171, 168,
       30, 16, 202, 129, 197, 229, 204, 43, 68, 157, 178, 81, 136, 187,
       117, 30, 222, 78, 36, 197, 81, 99, 52, 11, 103, 176, 116, 32, 115,
       104, 211, 81, 136, 148, 90, 156, 70, 106, 104, 176, 73, 14, 36,
       172, 33, 84, 97, 186, 194, 160, 120, 233, 16, 248, 137, 201, 21,
       71, 171, 21, 160, 56, 174, 151, 64, 158, 137, 187, 205, 144, 74,
       11, 194, 241, 241, 208, 18, 123, 18, 16, 167, 42, 239, 230, 212,
       82, 205, 57, 244, 206, 243, 183, 165, 157, 107, 233, 222, 159, 73,
       198, 234, 30, 54, 103, 238, 179, 30, 91, 85, 63, 195, 253, 206,
       196, 123, 123, 112, 76, 59, 253, 152, 250, 235, 252, 188, 173, 42,
       188, 215, 180, 166, 241, 253, 69, 135, 107, 246, 253, 26, 93, 9,
       187, 95, 181, 95, 95, 222, 223, 111, 86, 179, 242, 127, 246, 185,
       198, 254, 183, 105, 111, 182, 53, 55, 247, 149, 231, 237, 221, 60,
       238, 115, 127, 205, 131, 39, 245, 230, 119, 88, 149, 18, 235, 179,
       124, 120, 121, 61, 29, 255, 49, 79, 51, 40, 212, 247, 159, 206,
       128, 26, 153, 25, 215, 219, 255, 18, 71, 98, 2, 175, 3, 45, 30,
       183, 93, 180, 126, 230, 182, 93, 203, 242, 112, 242, 120, 181,
       235, 223, 102, 126, 9, 189, 240, 101, 170, 166, 255, 118, 146,
       206, 253, 217, 157, 92, 255, 58, 102, 114, 143, 55, 112, 185, 172,
       63, 109, 94, 199, 98, 16, 182, 125, 197, 110, 208, 195, 152, 110,
       251, 133, 37, 232, 72, 179, 167, 179, 3, 171, 198, 89, 234, 139,
       232, 214, 119, 57, 114, 231, 161, 128, 212, 76, 110, 46, 110, 220,
       150, 248, 199, 113, 30, 42, 119, 192, 237, 136, 225, 141, 109, 57,
