%YAML:1.0
---
descriptors: !!opencv-matrix
   rows: 260
   cols: 32
   dt: u
   data: [ 92, 36, 148, 243, 173, 126, 84, 155, 251, 191, 175, 16, 207,
       123, 72, 219, 193, 87, 236, 16, 56, 229, 219, 192, 203, 251, 87,
       87, 130, 241, 239, 34, 217, 186, 158, 122, 233, 189, 80, 87, 251,
       27, 180, 93, 63, 250, 74, 187, 165, 179, 236, 16, 190, 111, 146,
       177, 219, 217, 112, 123, 234, 196, 170, 11, 59, 252, 162, 138,
       177, 151, 95, 238, 63, 239, 220, 133, 204, 254, 119, 244, 221,
       235, 159, 223, 206, 143, 56, 247, 187, 30, 159, 255, 146, 23, 50,
       223, 11, 178, 134, 157, 123, 23, 184, 72, 191, 248, 210, 231, 204,
       206, 127, 204, 255, 237, 255, 245, 135, 211, 159, 221, 158, 114,
       219, 198, 14, 36, 43, 221, 94, 120, 54, 186, 41, 253, 80, 104,
       175, 94, 165, 13, 238, 223, 35, 157, 140, 177, 207, 3, 14, 35, 26,
       253, 147, 211, 65, 59, 82, 103, 15, 87, 21, 142, 207, 245, 22,
       130, 111, 114, 244, 130, 211, 82, 89, 227, 176, 65, 123, 237, 46,
       172, 40, 217, 13, 206, 248, 239, 239, 4, 173, 232, 97, 32, 126,
       119, 155, 174, 27, 83, 22, 200, 147, 238, 173, 173, 79, 247, 79,
       150, 215, 213, 237, 98, 76, 67, 251, 187, 187, 213, 13, 191, 34,
       119, 46, 87, 57, 143, 111, 249, 150, 170, 105, 55, 100, 65, 254,
       246, 179, 33, 176, 97, 111, 134, 63, 140, 185, 184, 101, 151, 238,
       239, 178, 192, 189, 200, 208, 40, 190, 254, 242, 255, 51, 151,
       218, 220, 23, 238, 252, 231, 107, 207, 235, 132, 255, 251, 135,
       198, 238, 190, 56, 191, 187, 215, 175, 163, 123, 159, 44, 221,
       172, 38, 188, 117, 172, 47, 117, 154, 123, 255, 180, 25, 95, 123,
       75, 27, 181, 71, 101, 62, 186, 100, 163, 50, 207, 219, 117, 61,
       194, 241, 206, 195, 75, 185, 228, 85, 221, 93, 249, 59, 251, 250,
       20, 138, 216, 124, 214, 167, 47, 229, 243, 173, 181, 120, 190,
       205, 31, 91, 207, 172, 207, 164, 91, 252, 254, 253, 244, 115, 173,
       127, 223, 182, 123, 246, 62, 185, 207, 189, 87, 191, 135, 215,
       253, 83, 252, 126, 249, 162, 235, 223, 85, 247, 199, 253, 214,
       215, 217, 181, 254, 87, 163, 126, 127, 151, 115, 223, 175, 20,
       251, 119, 158, 254, 55, 215, 253, 142, 248, 217, 253, 163, 231,
       255, 118, 145, 162, 244, 173, 125, 189, 213, 108, 230, 140, 87,
       222, 248, 84, 238, 157, 142, 83, 108, 187, 35, 93, 196, 254, 239,
       237, 99, 127, 174, 251, 203, 239, 189, 125, 251, 124, 216, 49, 15,
       75, 238, 84, 131, 239, 117, 84, 72, 216, 230, 113, 203, 176, 96,
       124, 170, 22, 206, 217, 187, 36, 255, 240, 172, 162, 136, 61, 170,
       240, 185, 205, 71, 255, 103, 164, 74, 111, 184, 121, 234, 247,
       224, 211, 97, 153, 59, 90, 228, 124, 106, 233, 244, 237, 12, 230,
       251, 101, 148, 109, 243, 66, 33, 237, 181, 160, 44, 253, 127, 215,
       187, 83, 238, 252, 13, 235, 109, 27, 183, 217, 206, 238, 46, 173,
       98, 251, 142, 111, 255, 197, 63, 210, 252, 94, 247, 80, 60, 154,
       182, 240, 237, 87, 71, 58, 175, 77, 41, 183, 247, 67, 16, 129,
       251, 85, 1, 26, 26, 138, 59, 249, 199, 191, 169, 128, 82, 135, 91,
       121, 4, 204, 231, 22, 106, 74, 49, 52, 225, 215, 10, 211, 57, 152,
       97, 120, 198, 125, 173, 41, 240, 93, 15, 254, 239, 229, 80, 109,
       170, 216, 0, 177, 43, 110, 3, 198, 136, 233, 85, 101, 53, 127,
       135, 179, 9, 150, 64, 42, 174, 127, 207, 154, 184, 197, 100, 86,
       41, 162, 193, 109, 139, 248, 232, 32, 16, 252, 69, 116, 79, 233,
       123, 118, 236, 118, 34, 81, 53, 150, 32, 126, 220, 119, 168, 160,
       248, 113, 94, 79, 47, 241, 132, 119, 168, 84, 249, 163, 165, 99,
       207, 244, 159, 235, 125, 95, 77, 253, 135, 121, 236, 190, 48, 126,
       170, 23, 173, 254, 186, 124, 255, 62, 92, 138, 200, 127, 142, 242,
       220, 253, 41, 225, 107, 252, 111, 203, 152, 83, 232, 189, 74, 211,
       89, 221, 48, 93, 204, 22, 126, 187, 50, 253, 158, 255, 221, 165,
       124, 255, 187, 82, 48, 138, 192, 16, 153, 205, 213, 176, 207, 31,
       21, 64, 19, 172, 158, 110, 205, 201, 27, 163, 17, 86, 30, 82, 241,
       13, 18, 30, 107, 146, 12, 173, 206, 147, 167, 230, 159, 254, 187,
       172, 255, 119, 243, 211, 247, 105, 232, 158, 229, 127, 239, 118,
       157, 191, 248, 79, 255, 60, 110, 255, 192, 237, 252, 248, 149, 3,
       215, 109, 75, 116, 183, 235, 190, 86, 105, 92, 230, 241, 44, 158,
       36, 63, 10, 23, 173, 227, 184, 109, 255, 108, 30, 186, 196, 93,
       210, 81, 253, 44, 190, 188, 117, 172, 111, 117, 158, 55, 255, 52,
       25, 31, 63, 67, 27, 133, 214, 229, 28, 56, 124, 243, 0, 207, 219,
       117, 53, 194, 248, 206, 243, 201, 40, 191, 112, 172, 233, 101, 71,
       251, 27, 180, 24, 159, 187, 196, 59, 131, 134, 108, 24, 59, 109,
       226, 2, 219, 219, 116, 89, 194, 192, 198, 41, 49, 6, 205, 229, 86,
       10, 231, 56, 84, 162, 123, 194, 83, 105, 144, 64, 120, 204, 38,
       238, 41, 240, 77, 14, 108, 175, 165, 4, 101, 170, 112, 160, 254,
       22, 118, 252, 175, 114, 86, 58, 185, 206, 187, 191, 79, 126, 46,
       215, 247, 247, 253, 35, 252, 231, 25, 238, 179, 255, 67, 151, 47,
       253, 236, 87, 141, 140, 237, 183, 148, 235, 239, 171, 94, 243, 82,
       19, 251, 252, 121, 41, 59, 107, 51, 159, 50, 252, 63, 191, 237,
       79, 223, 69, 245, 120, 209, 234, 155, 207, 39, 159, 213, 150, 238,
       247, 53, 74, 218, 214, 121, 102, 190, 229, 125, 235, 22, 239, 253,
       156, 61, 239, 181, 110, 206, 128, 63, 246, 177, 252, 189, 101,
       225, 71, 244, 31, 207, 248, 67, 224, 189, 206, 83, 105, 221, 54,
       88, 204, 86, 254, 233, 242, 125, 170, 110, 76, 165, 180, 127, 255,
       82, 180, 254, 53, 180, 240, 237, 127, 220, 207, 155, 191, 188, 59,
       78, 254, 71, 143, 253, 223, 255, 147, 60, 119, 219, 226, 187, 219,
       223, 247, 195, 125, 206, 23, 215, 245, 90, 194, 10, 16, 110, 248,
       49, 17, 143, 86, 85, 115, 200, 119, 119, 210, 127, 250, 123, 71,
       155, 103, 250, 137, 231, 204, 46, 130, 170, 48, 245, 119, 233,
       230, 218, 6, 79, 248, 18, 234, 189, 238, 81, 119, 249, 115, 127,
       220, 21, 254, 233, 67, 173, 10, 121, 141, 175, 188, 181, 243, 114,
       241, 95, 177, 252, 119, 187, 94, 127, 156, 115, 127, 183, 32, 219,
       127, 158, 255, 55, 215, 253, 222, 250, 217, 251, 225, 255, 255,
       119, 215, 166, 247, 238, 119, 135, 91, 111, 87, 230, 38, 236, 220,
       245, 218, 82, 230, 241, 223, 253, 111, 118, 122, 63, 255, 225,
       212, 47, 232, 38, 56, 239, 128, 45, 241, 241, 181, 141, 102, 28,
       103, 48, 14, 127, 184, 60, 142, 119, 77, 223, 99, 139, 17, 150,
       68, 109, 110, 225, 244, 9, 14, 231, 251, 97, 132, 74, 179, 75,
       145, 126, 119, 200, 46, 249, 91, 86, 248, 49, 236, 255, 237, 75,
       103, 139, 148, 252, 221, 205, 98, 76, 147, 201, 142, 178, 245, 37,
       183, 107, 255, 14, 87, 34, 161, 16, 154, 205, 221, 176, 79, 143,
       21, 137, 27, 140, 158, 110, 140, 201, 27, 203, 17, 22, 107, 90,
       209, 29, 16, 30, 127, 210, 12, 173, 198, 145, 15, 79, 239, 22,
       162, 111, 115, 116, 130, 91, 226, 113, 227, 176, 96, 122, 239, 14,
       174, 249, 185, 5, 110, 176, 174, 174, 128, 45, 234, 225, 160, 246,
       239, 235, 151, 222, 107, 39, 237, 54, 182, 219, 251, 97, 231, 201,
       65, 123, 218, 239, 243, 104, 82, 239, 255, 188, 6, 239, 167, 165,
       251, 180, 225, 149, 253, 159, 175, 159, 15, 119, 172, 116, 194,
       203, 14, 246, 241, 73, 67, 121, 238, 106, 106, 105, 244, 91, 106,
       253, 174, 69, 14, 232, 123, 161, 50, 129, 143, 63, 248, 180, 140,
       109, 183, 252, 89, 90, 116, 180, 171, 176, 97, 230, 35, 63, 12,
       243, 40, 34, 119, 238, 186, 122, 200, 28, 128, 161, 41, 36, 149,
       127, 69, 244, 111, 239, 248, 124, 172, 126, 96, 83, 113, 140, 48,
       62, 86, 70, 106, 241, 176, 41, 78, 103, 175, 37, 4, 99, 243, 198,
       161, 32, 48, 252, 77, 116, 79, 233, 88, 94, 229, 119, 2, 80, 21,
       150, 44, 126, 28, 51, 168, 129, 248, 117, 92, 79, 43, 115, 4, 119,
       136, 116, 248, 41, 119, 253, 103, 100, 31, 231, 184, 92, 174, 127,
