%YAML:1.0
---
descriptors: !!opencv-matrix
   rows: 354
   cols: 32
   dt: u
   data: [ 37, 101, 125, 71, 212, 79, 231, 248, 84, 224, 109, 10, 83,
       117, 29, 48, 88, 216, 18, 106, 233, 178, 121, 62, 103, 141, 5, 4,
       115, 251, 82, 224, 101, 41, 153, 109, 153, 15, 71, 24, 26, 170,
       37, 8, 215, 51, 1, 57, 144, 124, 120, 106, 121, 240, 217, 56, 229,
       175, 5, 52, 208, 123, 194, 34, 205, 180, 149, 111, 137, 108, 69,
       29, 127, 27, 233, 84, 254, 115, 8, 255, 145, 19, 124, 58, 51, 100,
       251, 67, 129, 254, 82, 14, 218, 66, 163, 35, 101, 105, 191, 101,
       108, 79, 103, 180, 106, 168, 106, 72, 150, 53, 17, 50, 132, 124,
       115, 74, 193, 184, 241, 40, 229, 184, 101, 16, 192, 187, 66, 168,
       2, 141, 16, 153, 217, 161, 184, 103, 31, 33, 104, 19, 172, 186,
       100, 192, 217, 59, 131, 145, 22, 26, 80, 215, 45, 116, 154, 111,
       144, 68, 173, 134, 53, 37, 136, 49, 148, 63, 66, 139, 118, 235,
       102, 29, 211, 32, 27, 25, 25, 206, 68, 60, 63, 240, 93, 46, 238,
       207, 53, 84, 232, 249, 218, 0, 2, 168, 62, 187, 205, 205, 177,
       199, 142, 21, 64, 19, 172, 158, 102, 73, 233, 59, 171, 17, 82,
       121, 50, 241, 205, 145, 30, 107, 144, 8, 133, 202, 186, 227, 104,
       171, 63, 91, 211, 236, 71, 228, 149, 171, 75, 77, 91, 0, 26, 201,
       207, 103, 206, 35, 109, 189, 250, 65, 133, 125, 119, 191, 94, 210,
       130, 168, 158, 154, 203, 213, 184, 207, 175, 21, 81, 19, 172, 222,
       110, 139, 233, 27, 131, 145, 22, 90, 154, 241, 31, 17, 222, 107,
       144, 68, 175, 206, 157, 76, 113, 117, 36, 110, 111, 56, 116, 234,
       119, 80, 243, 49, 145, 121, 83, 220, 44, 106, 233, 244, 125, 10,
       197, 235, 113, 4, 100, 249, 66, 33, 2, 143, 17, 153, 213, 169,
       164, 39, 30, 33, 74, 82, 140, 162, 96, 196, 241, 43, 162, 17, 18,
       152, 1, 247, 44, 22, 159, 102, 144, 14, 129, 140, 95, 114, 229,
       103, 163, 126, 125, 24, 235, 255, 55, 229, 90, 63, 223, 62, 166,
       213, 253, 215, 141, 212, 243, 192, 79, 123, 117, 134, 239, 247,
       70, 119, 92, 121, 59, 186, 11, 204, 51, 64, 172, 68, 193, 1, 188,
       215, 33, 80, 162, 57, 123, 67, 66, 1, 178, 125, 209, 161, 10, 10,
       0, 35, 39, 115, 192, 24, 175, 53, 37, 108, 113, 23, 248, 206, 70,
       29, 190, 37, 18, 27, 160, 36, 109, 13, 33, 236, 179, 10, 199, 243,
       80, 1, 64, 96, 87, 122, 41, 165, 105, 65, 212, 31, 239, 61, 117,
       97, 111, 76, 211, 97, 156, 176, 93, 142, 18, 60, 219, 184, 117,
       31, 111, 207, 4, 68, 239, 138, 210, 176, 86, 184, 159, 248, 139,
       225, 16, 203, 191, 23, 180, 187, 46, 255, 100, 88, 175, 179, 207,
       144, 26, 75, 170, 240, 219, 210, 95, 123, 144, 65, 175, 51, 82,
       223, 62, 190, 58, 132, 23, 254, 134, 13, 220, 37, 36, 231, 35, 80,
       196, 115, 173, 193, 74, 11, 66, 61, 241, 229, 62, 155, 16, 18, 37,
       123, 2, 133, 20, 251, 151, 131, 188, 39, 28, 1, 90, 2, 172, 59,
       32, 225, 234, 51, 27, 129, 82, 152, 1, 221, 173, 166, 154, 195,
       52, 10, 177, 40, 91, 144, 118, 125, 41, 62, 88, 49, 237, 81, 135,
       145, 223, 63, 158, 127, 135, 21, 253, 44, 180, 205, 183, 197, 203,
       251, 80, 215, 166, 132, 37, 119, 106, 120, 249, 112, 233, 253,
       152, 87, 139, 251, 180, 189, 190, 157, 215, 62, 143, 191, 221, 17,
       142, 111, 226, 146, 95, 93, 61, 255, 199, 140, 86, 255, 97, 0, 17,
       65, 65, 28, 96, 16, 105, 65, 226, 68, 146, 18, 4, 244, 192, 140,
       104, 12, 75, 176, 241, 0, 7, 184, 16, 0, 72, 128, 66, 36, 9, 160,
       27, 89, 81, 204, 161, 87, 254, 81, 100, 16, 156, 151, 4, 60, 160,
       26, 66, 24, 19, 188, 50, 87, 77, 189, 16, 64, 74, 0, 227, 168,
       216, 176, 150, 88, 75, 216, 81, 67, 243, 87, 164, 28, 46, 151, 66,
       222, 163, 163, 232, 0, 62, 79, 178, 211, 211, 247, 80, 123, 162,
       4, 46, 94, 101, 27, 249, 237, 52, 42, 107, 26, 113, 232, 254, 100,
       243, 99, 145, 122, 94, 236, 60, 238, 169, 242, 229, 8, 198, 253,
       163, 132, 172, 241, 96, 113, 206, 185, 159, 186, 75, 205, 49, 194,
       190, 149, 66, 17, 236, 215, 105, 74, 163, 123, 251, 17, 98, 77,
       186, 247, 221, 83, 79, 107, 0, 36, 39, 251, 120, 108, 186, 190,
       77, 244, 87, 70, 179, 135, 237, 9, 46, 253, 99, 88, 217, 255, 163,
       0, 14, 183, 186, 227, 211, 245, 148, 43, 147, 94, 126, 202, 252,
       36, 154, 250, 17, 225, 82, 74, 59, 143, 189, 24, 15, 251, 105, 24,
       185, 185, 196, 18, 42, 39, 138, 186, 219, 213, 33, 59, 242, 99,
       110, 2, 40, 220, 62, 251, 125, 245, 242, 222, 159, 79, 220, 19,
       253, 255, 34, 192, 221, 59, 183, 0, 38, 158, 114, 255, 231, 255,
       154, 11, 146, 93, 125, 219, 221, 18, 189, 231, 36, 46, 127, 16,
       56, 234, 119, 116, 223, 55, 129, 123, 182, 117, 125, 106, 161,
       212, 249, 74, 199, 251, 99, 128, 136, 243, 67, 33, 208, 137, 19,
       170, 22, 195, 34, 96, 228, 0, 203, 2, 100, 211, 32, 64, 120, 169,
       10, 226, 74, 139, 16, 223, 177, 164, 138, 24, 49, 10, 49, 10, 198,
       186, 134, 154, 235, 225, 185, 207, 158, 221, 144, 187, 236, 230,
       106, 78, 231, 115, 235, 145, 54, 79, 138, 243, 152, 18, 223, 255,
       148, 76, 181, 95, 90, 75, 118, 156, 19, 144, 126, 228, 169, 0,
       246, 163, 45, 138, 183, 246, 102, 245, 255, 197, 68, 217, 135,
       237, 182, 251, 158, 131, 47, 148, 171, 13, 25, 157, 235, 237, 148,
       38, 109, 119, 117, 160, 222, 194, 57, 167, 49, 96, 108, 175, 59,
       140, 209, 153, 181, 202, 255, 239, 158, 0, 181, 232, 177, 168,
       252, 113, 85, 70, 105, 92, 69, 184, 225, 144, 167, 40, 91, 87,
       205, 255, 2, 212, 252, 106, 73, 71, 250, 32, 179, 249, 69, 62,
       106, 179, 198, 49, 52, 255, 159, 118, 152, 3, 6, 236, 18, 170,
       234, 104, 119, 242, 105, 17, 153, 255, 100, 114, 104, 227, 139,
       63, 249, 134, 101, 20, 193, 123, 134, 35, 96, 249, 123, 112, 121,
       205, 209, 215, 235, 93, 180, 9, 62, 157, 70, 48, 142, 179, 215,
       80, 70, 43, 242, 117, 127, 217, 20, 123, 65, 16, 199, 251, 28, 80,
       55, 248, 3, 194, 49, 64, 164, 4, 195, 163, 93, 215, 41, 72, 114,
       61, 173, 240, 0, 145, 35, 72, 209, 225, 42, 67, 32, 2, 37, 115,
       10, 180, 180, 191, 237, 253, 188, 111, 159, 23, 120, 27, 172, 189,
       90, 139, 207, 59, 179, 1, 54, 110, 210, 247, 15, 86, 94, 107, 214,
       92, 157, 206, 65, 41, 173, 39, 168, 207, 111, 55, 107, 233, 174,
       13, 246, 53, 18, 50, 132, 38, 125, 12, 209, 184, 241, 10, 237,
       190, 20, 16, 72, 226, 195, 120, 54, 123, 230, 22, 235, 208, 190,
       224, 233, 196, 180, 175, 104, 204, 255, 150, 190, 249, 215, 247,
       196, 227, 166, 232, 59, 88, 207, 139, 103, 182, 111, 215, 45, 252,
       168, 67, 157, 127, 87, 216, 83, 255, 188, 12, 235, 124, 95, 190,
       217, 202, 212, 126, 175, 98, 250, 178, 235, 221, 5, 63, 211, 127,
       94, 215, 6, 162, 128, 155, 205, 177, 164, 205, 30, 55, 81, 247,
       204, 232, 126, 140, 217, 75, 162, 149, 22, 124, 206, 243, 12, 22,
       223, 111, 148, 79, 157, 132, 45, 121, 129, 77, 253, 31, 198, 176,
       67, 232, 232, 76, 210, 48, 21, 180, 216, 108, 64, 110, 205, 178,
       249, 24, 39, 156, 5, 52, 90, 59, 90, 132, 105, 45, 84, 101, 37,
       30, 102, 55, 97, 168, 126, 76, 251, 49, 144, 183, 24, 230, 196,
       106, 217, 248, 213, 136, 230, 249, 101, 16, 111, 238, 218, 40,
       131, 182, 206, 191, 50, 160, 56, 51, 62, 83, 83, 247, 172, 170,
       138, 201, 167, 47, 175, 133, 182, 220, 7, 215, 140, 38, 122, 194,
       172, 132, 41, 157, 222, 95, 159, 190, 138, 100, 30, 156, 168, 158,
       130, 163, 125, 247, 41, 203, 230, 245, 253, 227, 96, 71, 154, 232,
       243, 227, 239, 139, 160, 243, 37, 115, 130, 176, 186, 184, 75,
       229, 185, 71, 158, 87, 65, 51, 140, 222, 110, 8, 239, 27, 147,
       145, 50, 95, 178, 211, 69, 23, 154, 235, 144, 76, 165, 219, 47,
       127, 98, 14, 255, 155, 238, 125, 93, 232, 252, 239, 72, 232, 183,
       164, 126, 232, 150, 111, 205, 178, 76, 255, 54, 30, 133, 138, 95,
       191, 248, 133, 101, 99, 72, 65, 212, 31, 98, 154, 115, 164, 236,
