%YAML:1.0
---
descriptors: !!opencv-matrix
   rows: 361
   cols: 32
   dt: u
   data: [ 205, 180, 149, 241, 161, 111, 97, 159, 122, 251, 35, 92, 158,
       55, 72, 59, 133, 86, 124, 24, 51, 124, 217, 2, 205, 154, 117, 100,
       200, 80, 195, 59, 161, 91, 12, 109, 8, 15, 79, 188, 197, 232, 228,
       76, 243, 35, 19, 115, 204, 228, 94, 110, 233, 42, 113, 60, 231,
       251, 101, 24, 88, 186, 66, 104, 139, 190, 171, 189, 116, 153, 248,
       115, 190, 91, 80, 245, 191, 174, 178, 161, 207, 43, 151, 5, 183,
       124, 2, 255, 206, 215, 126, 233, 28, 140, 91, 217, 215, 71, 71,
       139, 138, 50, 174, 184, 172, 210, 139, 199, 205, 238, 219, 199,
       119, 199, 251, 247, 215, 193, 31, 224, 172, 32, 207, 132, 173,
       247, 185, 84, 53, 183, 104, 99, 212, 47, 99, 121, 116, 229, 127,
       223, 83, 105, 26, 16, 124, 142, 87, 60, 153, 176, 93, 14, 253,
       175, 161, 68, 237, 234, 210, 208, 201, 65, 121, 101, 52, 14, 105,
       61, 124, 232, 246, 80, 215, 3, 152, 113, 54, 164, 124, 108, 233,
       188, 241, 14, 230, 249, 33, 148, 100, 162, 66, 105, 84, 121, 59,
       190, 27, 196, 51, 64, 172, 4, 201, 0, 188, 215, 33, 80, 162, 57,
       91, 195, 66, 3, 26, 125, 209, 129, 10, 42, 16, 35, 39, 179, 201,
       147, 63, 101, 176, 14, 61, 53, 40, 72, 86, 96, 215, 21, 144, 99,
       150, 55, 125, 105, 241, 152, 225, 13, 229, 187, 104, 208, 12, 160,
       131, 49, 21, 37, 131, 53, 180, 122, 98, 203, 114, 235, 114, 88,
       215, 32, 153, 184, 49, 206, 4, 56, 61, 240, 37, 46, 168, 239, 53,
       69, 224, 121, 218, 132, 219, 146, 126, 126, 41, 124, 89, 27, 235,
       93, 167, 253, 14, 191, 222, 127, 135, 151, 253, 20, 191, 79, 179,
       209, 211, 249, 80, 219, 202, 132, 174, 119, 248, 178, 254, 88, 75,
       252, 81, 83, 251, 95, 180, 61, 46, 188, 70, 191, 173, 178, 236, 0,
       150, 111, 178, 193, 91, 219, 80, 123, 227, 68, 238, 95, 97, 73,
       183, 101, 108, 79, 103, 52, 236, 168, 122, 72, 182, 53, 17, 50,
       132, 116, 126, 76, 193, 184, 241, 40, 101, 188, 100, 48, 64, 186,
       67, 169, 37, 101, 121, 103, 212, 79, 103, 252, 112, 230, 109, 8,
       83, 117, 25, 48, 24, 216, 18, 106, 105, 178, 120, 62, 103, 143,
       37, 36, 97, 251, 214, 226, 62, 177, 105, 234, 223, 221, 151, 217,
       155, 253, 189, 175, 106, 252, 111, 16, 189, 219, 215, 115, 159,
       43, 186, 191, 123, 85, 45, 255, 243, 15, 214, 247, 194, 191, 151,
       156, 234, 232, 182, 231, 190, 158, 74, 229, 172, 166, 165, 213,
       167, 119, 106, 192, 117, 217, 130, 123, 60, 54, 126, 130, 136,
       113, 165, 31, 80, 76, 63, 245, 4, 246, 108, 38, 245, 162, 202, 2,
       247, 50, 33, 97, 224, 183, 63, 136, 105, 157, 17, 142, 247, 239,
       218, 1, 33, 120, 48, 42, 193, 141, 159, 190, 160, 236, 117, 39,
       188, 91, 106, 17, 246, 179, 32, 82, 161, 39, 105, 12, 48, 137, 18,
       111, 225, 166, 122, 64, 200, 64, 161, 11, 1, 149, 17, 145, 210,
       143, 166, 39, 30, 41, 74, 102, 188, 242, 96, 68, 183, 59, 2, 16,
       83, 152, 25, 247, 44, 22, 31, 102, 152, 10, 129, 137, 192, 184,
       210, 86, 115, 200, 49, 71, 187, 167, 102, 56, 46, 247, 68, 22, 35,
       126, 99, 16, 50, 223, 162, 106, 95, 182, 21, 43, 194, 128, 7, 235,
       82, 219, 156, 190, 27, 132, 30, 190, 134, 12, 204, 101, 236, 255,
       35, 67, 196, 115, 253, 199, 206, 11, 219, 125, 241, 227, 126, 155,
       24, 55, 45, 91, 129, 68, 115, 77, 36, 78, 239, 48, 117, 202, 119,
       80, 243, 81, 149, 125, 122, 252, 38, 106, 233, 180, 117, 14, 69,
       234, 98, 0, 103, 184, 102, 33, 83, 15, 199, 133, 138, 18, 174, 39,
       172, 195, 202, 231, 105, 110, 150, 198, 102, 231, 249, 133, 213,
       201, 135, 234, 184, 38, 222, 130, 173, 118, 169, 92, 33, 180, 27,
       117, 20, 191, 224, 51, 124, 105, 114, 92, 179, 56, 20, 176, 156,
       174, 84, 45, 189, 188, 113, 15, 135, 255, 48, 64, 201, 8, 90, 156,
       185, 189, 57, 99, 213, 159, 71, 253, 117, 232, 124, 76, 211, 81,
       18, 48, 156, 138, 68, 110, 249, 186, 121, 63, 235, 221, 37, 116,
       90, 138, 210, 168, 37, 121, 1, 77, 125, 31, 198, 184, 71, 232,
       169, 76, 210, 24, 21, 164, 216, 108, 82, 110, 205, 178, 121, 28,
       39, 28, 5, 52, 90, 187, 90, 148, 237, 127, 253, 103, 228, 127, 87,
       176, 89, 254, 62, 236, 223, 61, 211, 175, 135, 116, 212, 111, 229,
       116, 253, 170, 238, 219, 101, 180, 78, 255, 222, 113, 2, 170, 146,
       155, 195, 145, 184, 199, 63, 21, 81, 179, 172, 206, 110, 141, 239,
       27, 131, 149, 22, 92, 14, 243, 12, 20, 222, 235, 150, 68, 173,
       143, 109, 187, 173, 69, 236, 79, 71, 184, 67, 254, 63, 108, 210,
       57, 223, 23, 153, 68, 117, 111, 201, 112, 233, 8, 76, 31, 229,
       180, 202, 254, 90, 115, 16, 137, 19, 138, 31, 193, 162, 224, 198,
       0, 202, 2, 36, 194, 32, 64, 120, 185, 10, 210, 74, 171, 30, 255,
       185, 132, 138, 75, 49, 10, 37, 136, 252, 251, 220, 254, 170, 72,
       84, 252, 171, 158, 181, 41, 239, 251, 203, 91, 131, 209, 237, 98,
       72, 99, 138, 33, 250, 195, 101, 191, 112, 59, 142, 11, 105, 45,
       116, 101, 53, 62, 102, 55, 97, 168, 254, 72, 251, 49, 144, 183,
       26, 230, 108, 106, 217, 184, 245, 142, 230, 249, 101, 16, 111,
       234, 218, 40, 164, 101, 125, 71, 204, 79, 231, 232, 84, 166, 109,
       10, 83, 113, 93, 39, 89, 200, 66, 106, 104, 182, 125, 62, 103, 12,
       5, 36, 115, 251, 214, 160, 105, 139, 39, 253, 189, 158, 236, 55,
       237, 73, 218, 68, 171, 169, 180, 228, 200, 38, 63, 141, 223, 152,
       67, 253, 167, 254, 250, 192, 26, 140, 240, 13, 197, 22, 189, 229,
       36, 46, 111, 24, 120, 234, 115, 68, 247, 115, 137, 123, 150, 116,
       124, 110, 161, 212, 233, 42, 199, 251, 99, 128, 8, 243, 65, 49,
       129, 130, 101, 53, 32, 186, 105, 18, 119, 117, 226, 213, 235, 4,
       150, 122, 98, 36, 110, 28, 159, 220, 229, 21, 134, 250, 210, 64,
       230, 132, 84, 124, 28, 16, 63, 252, 3, 194, 49, 64, 180, 4, 195,
       163, 93, 215, 41, 72, 242, 61, 173, 208, 0, 145, 2, 76, 209, 225,
       43, 3, 32, 2, 37, 115, 52, 191, 157, 118, 184, 11, 22, 232, 26,
       186, 106, 105, 119, 242, 73, 18, 157, 255, 100, 114, 120, 211,
       203, 63, 185, 134, 101, 52, 216, 123, 2, 3, 65, 173, 169, 101, 48,
       206, 111, 55, 232, 233, 42, 13, 247, 53, 16, 48, 128, 38, 125, 12,
       209, 184, 241, 47, 237, 252, 36, 16, 72, 194, 195, 120, 204, 51,
       222, 225, 226, 42, 121, 145, 40, 191, 55, 253, 221, 7, 203, 91,
       183, 21, 237, 52, 48, 212, 137, 64, 206, 193, 101, 197, 168, 227,
       143, 83, 50, 176, 231, 93, 60, 71, 193, 185, 23, 184, 118, 8, 114,
       253, 29, 49, 217, 252, 117, 173, 169, 242, 251, 29, 75, 190, 197,
       150, 69, 168, 86, 48, 98, 172, 87, 220, 108, 169, 248, 7, 191, 19,
       242, 233, 174, 190, 148, 221, 239, 187, 255, 4, 203, 238, 194,
       213, 158, 186, 18, 154, 68, 204, 67, 157, 41, 164, 155, 89, 117,
       237, 99, 87, 123, 9, 124, 80, 190, 147, 64, 188, 177, 26, 22, 24,
       19, 62, 144, 87, 15, 221, 48, 104, 218, 130, 203, 169, 3, 174,
       130, 155, 214, 179, 168, 207, 30, 3, 88, 247, 168, 194, 252, 196,
       127, 11, 19, 157, 182, 156, 12, 247, 44, 22, 158, 192, 157, 198,
       185, 140, 78, 184, 151, 158, 171, 252, 180, 143, 174, 91, 130, 56,
       236, 246, 108, 239, 227, 83, 251, 17, 23, 73, 187, 241, 157, 50,
       94, 219, 146, 84, 173, 127, 167, 160, 225, 10, 76, 61, 226, 216,
       82, 83, 113, 222, 80, 200, 254, 188, 89, 200, 50, 127, 151, 118,
       254, 147, 28, 12, 161, 236, 221, 207, 82, 212, 1, 16, 181, 125, 4,
       15, 97, 58, 126, 249, 226, 64, 243, 61, 16, 107, 132, 52, 124, 12,
       137, 252, 115, 29, 197, 250, 113, 80, 72, 136, 65, 56, 58, 189,
       105, 72, 221, 215, 215, 255, 23, 100, 220, 139, 81, 253, 126, 32,
       89, 154, 147, 225, 219, 43, 127, 159, 123, 69, 141, 125, 127, 30,
       244, 250, 116, 164, 156, 114, 137, 237, 69, 11, 226, 179, 173, 8,
       211, 247, 72, 59, 81, 158, 104, 50, 30, 98, 250, 20, 219, 199, 81,
       125, 192, 67, 206, 2, 56, 221, 61, 76, 155, 221, 23, 238, 142,
