%YAML:1.0
---
descriptors: !!opencv-matrix
   rows: 345
   cols: 32
   dt: u
   data: [ 2, 13, 150, 191, 191, 255, 190, 110, 142, 12, 218, 2, 173, 62,
       37, 196, 230, 115, 255, 67, 22, 169, 67, 253, 169, 247, 94, 147,
       148, 93, 37, 15, 202, 212, 58, 156, 127, 221, 188, 238, 143, 14,
       92, 11, 172, 222, 110, 68, 242, 51, 155, 96, 102, 7, 26, 223, 55,
       20, 30, 43, 22, 28, 13, 223, 195, 205, 54, 221, 239, 222, 253, 39,
       253, 82, 70, 18, 189, 58, 32, 107, 226, 55, 59, 200, 113, 221, 51,
       253, 183, 251, 218, 3, 6, 16, 161, 46, 181, 85, 237, 69, 172, 71,
       207, 248, 86, 238, 183, 66, 83, 120, 253, 35, 93, 196, 60, 255,
       233, 231, 125, 58, 249, 10, 231, 148, 117, 251, 116, 241, 241,
       207, 111, 254, 140, 128, 79, 245, 213, 72, 220, 230, 115, 227,
       176, 97, 110, 226, 62, 206, 235, 43, 46, 191, 240, 235, 230, 216,
       61, 186, 240, 121, 102, 103, 40, 165, 36, 43, 78, 24, 45, 128,
       206, 200, 199, 3, 17, 116, 144, 196, 125, 107, 72, 144, 209, 8,
       167, 241, 132, 17, 0, 243, 94, 36, 171, 174, 176, 91, 217, 181,
       170, 207, 94, 41, 116, 92, 168, 248, 54, 164, 137, 43, 2, 153,
       182, 110, 90, 255, 47, 30, 158, 121, 219, 64, 203, 142, 37, 162,
       104, 19, 116, 191, 224, 218, 127, 45, 125, 93, 130, 200, 222, 24,
       153, 10, 70, 29, 150, 120, 110, 23, 14, 30, 49, 116, 201, 143, 90,
       197, 91, 56, 215, 248, 235, 252, 16, 71, 235, 83, 160, 56, 46,
       186, 100, 254, 167, 179, 252, 16, 31, 79, 178, 193, 155, 211, 82,
       123, 234, 68, 43, 15, 103, 82, 83, 69, 224, 30, 110, 49, 125, 106,
       115, 228, 88, 18, 188, 244, 118, 156, 54, 110, 209, 148, 37, 206,
       38, 62, 178, 132, 47, 183, 232, 181, 135, 76, 175, 151, 134, 118,
       173, 230, 252, 215, 70, 151, 208, 44, 182, 107, 109, 71, 59, 159,
       181, 221, 53, 226, 37, 42, 222, 192, 133, 125, 177, 252, 206, 238,
       26, 184, 232, 168, 124, 143, 187, 22, 102, 157, 173, 199, 105, 91,
       167, 127, 232, 20, 114, 87, 154, 115, 252, 247, 95, 237, 138, 240,
       175, 146, 214, 80, 148, 128, 77, 92, 120, 72, 43, 184, 179, 11,
       14, 30, 73, 218, 236, 213, 239, 211, 12, 35, 211, 192, 157, 176,
       207, 63, 129, 63, 111, 22, 43, 211, 126, 254, 125, 221, 253, 127,
       237, 77, 252, 63, 172, 157, 190, 164, 238, 155, 247, 1, 199, 171,
       51, 213, 119, 121, 58, 139, 95, 142, 255, 255, 130, 176, 24, 147,
       125, 141, 184, 73, 175, 25, 177, 27, 172, 222, 88, 139, 175, 25,
       223, 17, 50, 101, 90, 211, 141, 16, 27, 255, 212, 8, 9, 131, 43,
       123, 126, 252, 109, 223, 249, 86, 205, 236, 214, 47, 189, 157,
       183, 100, 206, 189, 191, 197, 197, 250, 242, 236, 215, 249, 186,
       171, 95, 156, 29, 223, 107, 95, 106, 246, 229, 252, 255, 244, 237,
       206, 222, 167, 189, 157, 183, 226, 238, 243, 223, 199, 213, 187,
       52, 234, 119, 121, 190, 139, 15, 223, 255, 255, 120, 97, 88, 101,
       120, 74, 83, 16, 32, 44, 238, 40, 23, 23, 0, 80, 50, 220, 109,
       122, 74, 210, 193, 12, 247, 165, 32, 113, 34, 130, 6, 99, 12, 180,
       188, 243, 249, 249, 48, 203, 191, 63, 37, 56, 142, 247, 104, 204,
       163, 27, 234, 16, 50, 88, 107, 247, 207, 215, 95, 111, 146, 76,
       133, 99, 239, 95, 107, 231, 230, 254, 191, 246, 41, 238, 255, 239,
       153, 63, 183, 36, 238, 247, 223, 207, 197, 155, 116, 234, 119,
       125, 174, 131, 15, 255, 191, 243, 34, 223, 182, 159, 251, 237,
       190, 230, 142, 63, 120, 131, 172, 190, 39, 4, 239, 123, 147, 193,
       198, 184, 82, 255, 37, 54, 30, 163, 209, 93, 13, 159, 37, 167,
       121, 233, 252, 235, 203, 187, 94, 121, 61, 236, 211, 13, 216, 32,
       95, 10, 22, 60, 155, 56, 105, 31, 236, 157, 161, 244, 212, 139,
       208, 241, 41, 155, 122, 77, 100, 7, 239, 248, 84, 110, 116, 38,
       113, 41, 179, 32, 62, 88, 23, 234, 224, 178, 56, 63, 102, 143, 97,
       164, 127, 249, 110, 185, 31, 115, 115, 233, 109, 87, 251, 88, 111,
       236, 255, 230, 29, 159, 191, 102, 254, 157, 223, 238, 193, 179,
       181, 208, 215, 249, 163, 164, 63, 151, 101, 241, 210, 152, 174,
       53, 138, 100, 61, 166, 179, 223, 198, 145, 228, 182, 66, 90, 229,
       247, 125, 128, 28, 220, 227, 99, 223, 227, 222, 195, 160, 97, 164,
       127, 40, 206, 193, 221, 116, 169, 235, 146, 90, 129, 120, 200,
       181, 97, 177, 132, 91, 106, 2, 8, 3, 40, 78, 189, 76, 150, 167,
       40, 214, 251, 81, 168, 63, 131, 226, 137, 254, 27, 238, 241, 77,
       236, 223, 231, 193, 104, 190, 198, 126, 200, 95, 255, 212, 179,
       77, 200, 62, 76, 174, 132, 191, 174, 248, 213, 45, 55, 99, 65,
       198, 31, 238, 113, 117, 104, 251, 230, 155, 104, 149, 164, 126,
       136, 22, 255, 215, 176, 101, 192, 46, 77, 166, 132, 255, 239, 88,
       149, 36, 53, 189, 65, 189, 253, 177, 206, 206, 253, 188, 40, 186,
       252, 207, 42, 136, 91, 222, 17, 3, 97, 114, 224, 15, 221, 7, 63,
       193, 91, 69, 255, 39, 188, 255, 214, 244, 94, 207, 185, 91, 210,
       21, 190, 249, 252, 255, 165, 159, 110, 54, 47, 245, 228, 190, 191,
       42, 31, 237, 236, 207, 252, 81, 245, 120, 140, 123, 237, 85, 238,
       99, 51, 101, 7, 238, 2, 51, 55, 0, 112, 104, 190, 111, 136, 88,
       184, 113, 111, 119, 239, 130, 64, 99, 128, 230, 98, 73, 141, 127,
       69, 118, 254, 239, 55, 109, 68, 126, 0, 187, 63, 148, 116, 38,
       182, 94, 232, 209, 184, 53, 237, 103, 253, 2, 0, 103, 194, 199,
       232, 43, 150, 253, 85, 102, 23, 185, 59, 84, 234, 86, 246, 89, 61,
       150, 33, 63, 156, 55, 173, 161, 252, 101, 142, 78, 43, 249, 132,
       111, 172, 80, 249, 62, 64, 86, 172, 203, 243, 84, 76, 157, 142,
       224, 11, 79, 251, 43, 217, 248, 185, 149, 99, 12, 131, 0, 140,
       243, 243, 73, 27, 51, 127, 62, 130, 12, 25, 60, 123, 189, 255,
       209, 154, 206, 117, 191, 8, 222, 125, 59, 41, 137, 18, 255, 89,
       154, 40, 123, 181, 207, 219, 81, 119, 218, 11, 93, 242, 9, 158,
       111, 65, 150, 251, 225, 119, 93, 77, 126, 246, 153, 12, 150, 36,
       107, 138, 22, 153, 183, 188, 101, 215, 46, 79, 182, 192, 247, 140,
       241, 253, 139, 255, 2, 185, 243, 145, 58, 230, 63, 21, 64, 253,
       44, 138, 34, 213, 167, 235, 135, 213, 119, 222, 4, 255, 188, 80,
       158, 227, 28, 20, 171, 157, 53, 201, 121, 65, 212, 203, 231, 245,
       69, 44, 254, 106, 83, 17, 148, 52, 120, 184, 70, 106, 217, 186,
       101, 44, 101, 140, 36, 64, 103, 154, 214, 169, 104, 148, 180, 255,
       45, 93, 84, 59, 223, 127, 183, 29, 250, 125, 58, 67, 201, 22, 255,
       14, 236, 109, 123, 149, 231, 255, 209, 27, 90, 236, 220, 82, 152,
       27, 63, 173, 162, 2, 15, 117, 100, 4, 202, 160, 255, 39, 32, 112,
       54, 247, 173, 227, 216, 153, 37, 45, 225, 227, 106, 128, 36, 179,
       39, 105, 215, 12, 135, 190, 13, 100, 109, 34, 181, 210, 195, 18,
       125, 246, 49, 111, 225, 231, 56, 143, 45, 197, 191, 234, 145, 122,
       218, 0, 160, 117, 49, 100, 120, 254, 24, 248, 121, 137, 82, 238,
       187, 62, 164, 41, 47, 147, 66, 17, 129, 251, 197, 66, 106, 79,
       202, 61, 242, 209, 53, 59, 18, 17, 14, 11, 5, 87, 105, 71, 98, 14,
       111, 56, 44, 232, 95, 228, 213, 39, 145, 116, 22, 84, 126, 110,
       193, 152, 125, 78, 100, 173, 33, 132, 110, 242, 1, 249, 170, 171,
       34, 22, 97, 221, 180, 103, 185, 13, 112, 25, 40, 140, 54, 149,
       168, 43, 195, 5, 84, 251, 162, 229, 55, 88, 94, 43, 67, 4, 207,
       207, 185, 105, 253, 101, 196, 79, 231, 228, 85, 162, 230, 10, 83,
       53, 85, 49, 120, 252, 114, 106, 105, 246, 245, 12, 127, 203, 69,
       52, 99, 185, 82, 168, 126, 123, 200, 130, 218, 3, 95, 220, 2, 244,
       188, 175, 89, 199, 207, 26, 127, 205, 93, 254, 106, 67, 253, 122,
       250, 141, 173, 189, 189, 243, 42, 83, 220, 71, 10, 174, 0, 6, 94,
       120, 48, 204, 223, 199, 115, 103, 187, 81, 124, 229, 173, 238,
       204, 131, 141, 15, 242, 231, 239, 137, 41, 243, 32, 81, 253, 77,
       115, 102, 115, 90, 87, 52, 97, 224, 255, 104, 91, 87, 131, 53, 50,
       244, 116, 106, 204, 246, 173, 40, 242, 233, 37, 145, 99, 255, 78,
