%YAML:1.0
---
descriptors: !!opencv-matrix
   rows: 178
   cols: 32
   dt: u
   data: [ 143, 214, 249, 234, 246, 37, 255, 248, 95, 66, 93, 214, 121,
       125, 189, 33, 55, 89, 23, 111, 225, 38, 62, 255, 127, 207, 173,
       172, 255, 251, 65, 241, 37, 185, 144, 120, 141, 157, 80, 223, 203,
       49, 172, 76, 190, 248, 76, 190, 137, 66, 106, 92, 159, 43, 218,
       177, 155, 220, 21, 126, 218, 11, 202, 38, 79, 48, 190, 86, 233,
       124, 57, 88, 171, 255, 37, 61, 12, 190, 79, 190, 167, 87, 253, 16,
       150, 71, 186, 64, 27, 217, 31, 255, 130, 101, 15, 215, 40, 191,
       184, 101, 189, 47, 86, 158, 107, 236, 60, 13, 159, 61, 67, 18,
       141, 220, 253, 92, 158, 120, 209, 56, 239, 223, 37, 53, 194, 249,
       78, 211, 108, 176, 80, 82, 235, 249, 48, 207, 171, 53, 37, 185,
       142, 215, 78, 158, 131, 19, 226, 16, 22, 107, 186, 81, 31, 209,
       85, 127, 194, 4, 143, 246, 146, 30, 46, 190, 46, 160, 186, 98,
       157, 78, 218, 231, 164, 206, 55, 65, 238, 33, 191, 199, 228, 141,
       6, 255, 128, 50, 218, 139, 29, 77, 61, 223, 116, 49, 154, 170, 42,
       203, 18, 104, 174, 44, 161, 41, 158, 254, 34, 80, 254, 177, 207,
       34, 12, 3, 146, 80, 209, 211, 79, 63, 16, 35, 47, 19, 230, 172,
       134, 158, 221, 161, 166, 239, 150, 179, 137, 27, 228, 224, 105,
       75, 217, 106, 106, 19, 50, 79, 139, 63, 184, 38, 223, 127, 144,
       121, 177, 138, 129, 167, 135, 141, 84, 11, 228, 111, 86, 161, 75,
       210, 211, 96, 24, 65, 121, 172, 42, 173, 32, 248, 77, 30, 44, 38,
       215, 4, 101, 40, 208, 136, 127, 88, 97, 199, 103, 87, 79, 244, 1,
       106, 95, 239, 88, 93, 157, 228, 94, 204, 55, 238, 201, 150, 253,
       254, 51, 126, 173, 146, 39, 191, 212, 117, 181, 199, 205, 39, 150,
       2, 103, 173, 84, 162, 203, 194, 83, 97, 153, 65, 113, 206, 40,
       238, 105, 208, 77, 46, 172, 166, 229, 4, 45, 251, 240, 160, 66,
       184, 146, 184, 203, 229, 48, 71, 171, 19, 168, 56, 188, 191, 96,
       90, 227, 51, 251, 144, 18, 79, 146, 209, 157, 150, 90, 123, 144,
       64, 167, 170, 220, 89, 254, 231, 138, 70, 81, 216, 162, 245, 167,
       5, 95, 119, 75, 123, 162, 213, 125, 210, 8, 67, 251, 96, 219, 235,
       103, 15, 169, 51, 39, 83, 124, 233, 156, 106, 157, 95, 86, 232,
       67, 180, 173, 8, 75, 120, 79, 178, 217, 220, 232, 114, 94, 99,
       219, 189, 251, 221, 5, 127, 243, 63, 94, 6, 210, 223, 78, 189,
       146, 130, 60, 183, 180, 20, 70, 247, 101, 35, 162, 67, 102, 103,
       43, 236, 228, 221, 5, 111, 230, 35, 254, 128, 61, 144, 169, 25,
       61, 121, 121, 108, 220, 95, 87, 252, 197, 224, 254, 10, 83, 221,
       29, 48, 88, 252, 95, 250, 203, 163, 249, 188, 123, 217, 5, 60,
       119, 187, 246, 162, 33, 253, 113, 67, 116, 207, 239, 180, 124,
       104, 122, 64, 211, 85, 148, 180, 156, 120, 22, 106, 225, 176, 120,
       63, 37, 220, 33, 64, 72, 155, 67, 185, 44, 208, 17, 239, 92, 79,
       227, 248, 86, 226, 193, 74, 215, 113, 25, 33, 120, 220, 26, 107,
       105, 246, 89, 62, 213, 142, 35, 60, 89, 43, 82, 160, 240, 173,
       150, 184, 141, 237, 80, 195, 183, 183, 160, 27, 14, 187, 96, 155,
       233, 255, 238, 16, 62, 111, 210, 177, 153, 211, 87, 127, 225, 72,
       238, 10, 25, 148, 213, 229, 54, 46, 105, 59, 52, 227, 91, 214,
       221, 35, 152, 229, 119, 29, 22, 172, 177, 220, 81, 206, 204, 238,
       186, 132, 46, 192, 33, 185, 73, 23, 212, 197, 182, 30, 108, 63,
       125, 170, 126, 246, 159, 51, 144, 245, 39, 6, 62, 44, 241, 216,
       101, 206, 174, 255, 119, 132, 174, 224, 233, 45, 169, 174, 240,
       21, 228, 59, 237, 55, 123, 174, 114, 253, 175, 40, 150, 157, 135,
       46, 230, 13, 228, 254, 231, 218, 78, 127, 116, 160, 70, 220, 203,
       205, 222, 142, 154, 190, 251, 161, 62, 231, 189, 150, 133, 189,
       236, 231, 35, 91, 255, 251, 203, 150, 116, 75, 10, 234, 251, 87,
       95, 187, 146, 117, 173, 203, 170, 230, 224, 21, 237, 123, 236,
       239, 31, 230, 116, 187, 171, 173, 215, 141, 91, 14, 231, 5, 110,
       254, 231, 155, 46, 87, 221, 181, 247, 252, 222, 252, 17, 207, 74,
       111, 22, 138, 110, 182, 116, 0, 106, 226, 115, 97, 177, 112, 114,
       230, 12, 238, 105, 184, 13, 63, 224, 239, 162, 0, 61, 251, 112, 8,
       66, 186, 151, 146, 185, 196, 48, 135, 174, 253, 130, 245, 228,
       246, 74, 75, 197, 103, 234, 21, 23, 73, 219, 241, 140, 50, 95,
       122, 136, 4, 165, 95, 223, 252, 69, 4, 66, 90, 87, 244, 33, 238,
       182, 173, 91, 23, 131, 183, 62, 212, 221, 238, 105, 87, 173, 104,
       243, 227, 101, 180, 107, 183, 38, 113, 2, 255, 142, 185, 235, 161,
       61, 230, 191, 22, 78, 167, 172, 207, 35, 64, 231, 59, 171, 213, 6,
       155, 2, 241, 252, 49, 158, 139, 150, 84, 173, 219, 177, 68, 233,
       71, 86, 91, 199, 126, 87, 234, 254, 254, 115, 40, 156, 36, 121,
       236, 118, 173, 169, 246, 109, 158, 62, 238, 165, 148, 111, 250,
       82, 244, 147, 92, 239, 151, 134, 98, 173, 103, 124, 199, 83, 215,
       81, 46, 183, 111, 103, 199, 59, 143, 181, 220, 53, 234, 132, 46,
       222, 128, 173, 117, 177, 124, 148, 134, 207, 189, 146, 42, 110,
       174, 54, 162, 194, 210, 215, 99, 137, 64, 115, 206, 42, 170, 121,
       212, 77, 14, 172, 166, 239, 4, 172, 240, 33, 40, 217, 132, 156,
       244, 168, 60, 84, 55, 235, 155, 166, 88, 255, 51, 0, 251, 161,
       231, 108, 8, 57, 77, 147, 0, 211, 235, 116, 25, 234, 240, 203, 3,
       103, 73, 99, 206, 207, 19, 238, 237, 87, 162, 85, 138, 73, 204,
       181, 228, 122, 252, 51, 238, 213, 54, 190, 254, 54, 126, 133, 174,
       55, 191, 248, 172, 104, 45, 153, 116, 153, 237, 67, 3, 99, 165,
       237, 8, 178, 177, 65, 48, 137, 190, 104, 24, 25, 170, 242, 60,
       203, 223, 16, 57, 192, 107, 198, 42, 122, 168, 148, 186, 137, 237,
       16, 206, 139, 21, 168, 25, 174, 249, 96, 154, 137, 243, 233, 17,
       26, 75, 218, 177, 217, 215, 93, 123, 210, 77, 142, 10, 92, 48,
       154, 168, 43, 75, 19, 72, 174, 36, 229, 41, 159, 151, 42, 80, 242,
       157, 207, 98, 8, 3, 195, 16, 209, 229, 42, 59, 16, 34, 39, 131,
       199, 158, 135, 179, 130, 168, 44, 151, 190, 215, 75, 215, 237, 38,
       90, 75, 39, 103, 121, 149, 181, 220, 159, 226, 140, 38, 222, 192,
       172, 213, 161, 92, 99, 159, 126, 14, 250, 178, 190, 247, 157, 84,
       126, 239, 104, 238, 174, 81, 94, 247, 183, 231, 244, 91, 46, 253,
       62, 59, 79, 207, 47, 239, 168, 93, 45, 72, 181, 71, 69, 79, 99,
       144, 117, 224, 231, 8, 243, 81, 29, 61, 216, 236, 106, 106, 73,
       246, 121, 40, 71, 248, 65, 16, 67, 187, 82, 34, 61, 173, 144, 96,
       189, 189, 82, 223, 75, 169, 168, 13, 142, 248, 94, 180, 145, 202,
       68, 28, 158, 42, 218, 177, 187, 221, 5, 126, 218, 78, 202, 15,
       116, 97, 25, 111, 24, 79, 67, 8, 32, 32, 161, 8, 215, 87, 9, 48,
       216, 220, 88, 106, 9, 162, 217, 30, 225, 173, 1, 56, 96, 51, 70,
       34, 68, 65, 61, 101, 36, 79, 71, 48, 100, 32, 107, 8, 215, 21, 1,
       112, 144, 148, 108, 106, 72, 176, 241, 12, 229, 235, 96, 16, 96,
       187, 68, 34, 240, 168, 157, 244, 137, 237, 65, 3, 227, 179, 166,
       24, 151, 147, 64, 123, 129, 246, 108, 24, 58, 79, 218, 32, 217,
       195, 85, 120, 160, 64, 198, 34, 112, 168, 150, 176, 141, 233, 80,
       199, 175, 179, 162, 25, 46, 186, 96, 158, 233, 247, 234, 16, 30,
       111, 194, 177, 153, 210, 87, 123, 192, 76, 174, 14, 108, 233, 185,
       98, 157, 205, 87, 233, 67, 164, 173, 8, 82, 245, 75, 48, 153, 216,
       64, 122, 90, 34, 250, 17, 251, 221, 5, 125, 208, 122, 214, 98,
       248, 168, 159, 240, 136, 237, 81, 86, 162, 83, 164, 24, 55, 183,
       64, 27, 161, 183, 125, 24, 58, 111, 146, 32, 219, 235, 112, 120,
       224, 64, 70, 170, 215, 247, 104, 2, 226, 75, 255, 248, 35, 124,
       157, 175, 73, 78, 222, 19, 55, 197, 85, 247, 238, 83, 173, 116,
       250, 72, 173, 244, 101, 183, 135, 215, 254, 180, 165, 82, 203,
       119, 151, 175, 83, 247, 164, 26, 88, 124, 93, 191, 157, 215, 249,
       179, 187, 103, 251, 178, 59, 94, 221, 62, 195, 117, 214, 246, 201,
       149, 84, 213, 224, 62, 108, 55, 125, 235, 126, 84, 189, 50, 148,
