%YAML:1.0
---
descriptors: !!opencv-matrix
   rows: 267
   cols: 32
   dt: u
   data: [ 41, 115, 122, 69, 114, 27, 227, 112, 115, 236, 126, 236, 123,
       8, 151, 180, 62, 172, 198, 108, 133, 178, 229, 30, 118, 111, 33,
       0, 111, 162, 74, 253, 39, 121, 201, 128, 254, 9, 254, 200, 10,
       224, 184, 239, 81, 216, 221, 16, 190, 201, 87, 247, 215, 115, 206,
       114, 60, 13, 45, 252, 205, 187, 90, 145, 39, 243, 253, 79, 250,
       23, 159, 188, 23, 248, 119, 238, 89, 124, 159, 39, 22, 95, 119,
       110, 209, 240, 255, 60, 110, 43, 101, 180, 239, 255, 129, 245,
       137, 140, 125, 117, 180, 171, 105, 23, 119, 3, 246, 240, 243, 35,
       144, 121, 123, 174, 110, 152, 171, 252, 101, 63, 206, 235, 116,
       128, 103, 200, 192, 41, 105, 136, 235, 117, 244, 58, 111, 151,
       117, 75, 126, 212, 219, 39, 144, 112, 119, 238, 62, 156, 185, 248,
       229, 110, 230, 255, 182, 128, 236, 240, 210, 121, 240, 232, 16,
       174, 13, 73, 86, 236, 175, 38, 162, 11, 239, 218, 76, 18, 232,
       245, 238, 66, 76, 39, 219, 243, 179, 244, 71, 63, 96, 58, 206, 14,
       53, 207, 75, 175, 150, 131, 78, 248, 84, 160, 219, 194, 115, 97,
       185, 96, 121, 234, 6, 238, 233, 176, 77, 63, 248, 140, 165, 4,
       125, 251, 112, 160, 74, 173, 178, 152, 219, 209, 180, 231, 191,
       21, 140, 49, 172, 190, 102, 196, 227, 59, 235, 145, 118, 75, 130,
       247, 157, 22, 94, 107, 146, 68, 173, 206, 4, 5, 189, 119, 164,
       110, 103, 185, 100, 178, 107, 0, 215, 113, 1, 122, 129, 70, 121,
       42, 0, 240, 123, 44, 197, 187, 103, 20, 192, 251, 197, 98, 126,
       187, 232, 180, 141, 57, 92, 155, 131, 244, 156, 175, 139, 236, 83,
       19, 205, 229, 237, 149, 142, 67, 254, 128, 251, 193, 173, 189,
       165, 124, 30, 82, 94, 176, 154, 186, 171, 240, 24, 207, 187, 31,
       133, 57, 47, 223, 106, 146, 167, 219, 253, 145, 30, 79, 138, 177,
       219, 215, 127, 255, 162, 4, 175, 83, 189, 30, 229, 71, 214, 59,
       199, 122, 85, 234, 247, 254, 83, 40, 156, 164, 121, 238, 118, 173,
       173, 246, 109, 174, 60, 238, 165, 192, 111, 169, 80, 181, 39, 238,
       225, 73, 220, 219, 207, 206, 87, 230, 124, 139, 35, 12, 215, 52,
       93, 200, 3, 221, 202, 62, 109, 191, 46, 30, 133, 61, 117, 188,
       214, 236, 28, 49, 27, 170, 42, 79, 19, 232, 172, 44, 225, 41, 223,
       215, 41, 81, 250, 157, 79, 98, 72, 3, 144, 92, 241, 225, 42, 61,
       80, 51, 39, 19, 25, 14, 240, 223, 179, 186, 125, 31, 95, 7, 94,
       178, 173, 35, 162, 236, 119, 58, 134, 28, 178, 216, 111, 251, 142,
       255, 86, 195, 182, 196, 141, 237, 41, 129, 125, 65, 4, 31, 109,
       48, 117, 64, 118, 64, 211, 3, 156, 244, 88, 140, 110, 106, 217,
       176, 119, 64, 167, 251, 70, 0, 75, 138, 66, 164, 109, 36, 152,
       102, 229, 60, 102, 144, 123, 170, 46, 8, 223, 33, 217, 186, 145,
       206, 236, 30, 13, 240, 192, 2, 143, 253, 101, 53, 202, 255, 74, 0,
       14, 143, 172, 179, 172, 111, 109, 167, 158, 255, 7, 17, 213, 47,
       91, 75, 193, 86, 185, 31, 52, 216, 75, 162, 237, 215, 255, 229,
       128, 248, 149, 74, 108, 165, 120, 107, 244, 78, 115, 184, 113,
       196, 255, 13, 223, 111, 10, 16, 210, 140, 205, 106, 92, 176, 249,
       30, 239, 253, 37, 69, 96, 162, 78, 210, 216, 60, 183, 21, 11, 95,
       1, 59, 230, 246, 134, 28, 254, 52, 3, 47, 33, 118, 232, 0, 169,
       237, 59, 30, 137, 194, 81, 18, 226, 44, 5, 126, 105, 125, 237,
       117, 220, 118, 79, 191, 83, 234, 94, 10, 81, 125, 147, 51, 17,
       230, 117, 237, 233, 216, 253, 46, 111, 239, 229, 164, 167, 240,
       210, 120, 116, 85, 29, 228, 56, 78, 71, 184, 32, 232, 175, 72, 87,
       119, 9, 114, 20, 212, 125, 106, 73, 1, 121, 12, 241, 174, 37, 20,
       32, 179, 4, 51, 28, 160, 156, 241, 141, 111, 116, 203, 86, 179,
       47, 26, 211, 177, 75, 9, 57, 12, 106, 24, 27, 112, 89, 16, 223,
       203, 85, 101, 248, 89, 216, 130, 106, 202, 108, 30, 111, 209, 156,
       228, 203, 124, 148, 171, 40, 140, 247, 135, 234, 225, 231, 199,
       198, 39, 46, 245, 22, 89, 218, 187, 87, 29, 126, 207, 104, 156,
       53, 127, 25, 221, 80, 190, 207, 29, 164, 8, 190, 83, 0, 241, 129,
       50, 232, 0, 42, 40, 123, 61, 195, 251, 80, 27, 18, 9, 4, 43, 204,
       204, 189, 247, 140, 78, 71, 184, 114, 187, 167, 24, 215, 51, 9,
       91, 145, 68, 125, 110, 40, 229, 217, 40, 237, 187, 101, 20, 192,
       243, 192, 34, 120, 219, 94, 236, 234, 141, 84, 119, 169, 28, 188,
       237, 47, 131, 34, 27, 166, 179, 205, 64, 92, 43, 18, 53, 243, 209,
       112, 59, 120, 176, 142, 155, 221, 102, 237, 101, 168, 26, 79, 184,
       121, 166, 175, 140, 211, 98, 155, 251, 18, 196, 108, 110, 236,
       213, 237, 10, 230, 251, 101, 20, 34, 243, 66, 100, 76, 245, 57,
       101, 176, 78, 127, 184, 40, 232, 126, 104, 223, 87, 128, 112, 148,
       85, 125, 106, 241, 144, 249, 78, 231, 253, 37, 132, 66, 162, 71,
       115, 50, 161, 121, 103, 58, 75, 91, 200, 43, 32, 41, 137, 87, 61,
       76, 48, 182, 221, 85, 98, 0, 48, 185, 125, 103, 156, 1, 54, 101,
       171, 71, 242, 83, 184, 159, 40, 191, 220, 80, 23, 235, 81, 136,
       77, 190, 190, 6, 244, 135, 39, 92, 29, 159, 107, 178, 245, 153,
       125, 26, 90, 200, 4, 171, 95, 83, 141, 78, 198, 215, 182, 238,
       231, 237, 128, 239, 134, 105, 106, 182, 229, 123, 230, 58, 174,
       236, 187, 61, 253, 62, 43, 135, 69, 47, 214, 248, 12, 248, 168,
       157, 240, 172, 205, 81, 87, 163, 51, 164, 24, 55, 151, 64, 27,
       129, 178, 85, 24, 58, 111, 82, 17, 219, 203, 84, 120, 224, 128,
       198, 42, 116, 97, 29, 109, 8, 79, 71, 168, 36, 0, 226, 8, 215, 83,
       9, 112, 16, 212, 108, 106, 72, 176, 89, 12, 245, 233, 37, 21, 96,
       187, 70, 34, 11, 38, 236, 145, 100, 186, 233, 27, 118, 91, 86,
       247, 217, 170, 150, 104, 127, 172, 63, 157, 149, 248, 199, 208,
       78, 43, 251, 192, 175, 140, 89, 212, 137, 168, 165, 191, 13, 22,
       105, 152, 55, 250, 70, 20, 249, 127, 26, 239, 69, 78, 49, 223,
       191, 92, 251, 177, 207, 251, 223, 196, 10, 165, 112, 240, 13, 193,
       237, 223, 196, 23, 239, 252, 86, 242, 117, 66, 89, 109, 189, 47,
       63, 200, 51, 238, 225, 240, 63, 253, 111, 11, 231, 132, 255, 187,
       241, 224, 190, 183, 188, 182, 172, 54, 156, 255, 218, 251, 156,
       125, 247, 252, 214, 11, 143, 119, 253, 37, 189, 107, 203, 142,
       234, 223, 255, 255, 205, 108, 255, 219, 224, 216, 61, 254, 8, 204,
       21, 173, 152, 22, 161, 25, 246, 215, 33, 91, 196, 113, 105, 66,
       104, 103, 218, 59, 241, 162, 116, 58, 80, 56, 134, 58, 112, 237,
       82, 238, 13, 73, 86, 228, 191, 34, 162, 9, 111, 219, 108, 208,
       248, 245, 238, 98, 76, 35, 216, 249, 179, 244, 7, 59, 113, 50, 78,
       10, 9, 2, 103, 81, 100, 154, 233, 27, 127, 122, 118, 246, 243, 8,
       149, 236, 123, 172, 54, 28, 163, 252, 101, 204, 6, 235, 242, 128,
       239, 136, 80, 237, 23, 12, 239, 151, 134, 114, 173, 166, 124, 199,
       87, 150, 81, 44, 182, 107, 107, 199, 63, 159, 181, 216, 53, 232,
       76, 46, 254, 128, 173, 121, 253, 124, 19, 139, 250, 223, 179, 187,
       122, 67, 127, 37, 95, 163, 108, 106, 182, 196, 119, 171, 142, 156,
       150, 152, 45, 255, 174, 126, 22, 195, 183, 198, 141, 77, 201, 61,
       156, 244, 168, 236, 117, 55, 187, 155, 102, 25, 191, 51, 2, 91,
       167, 183, 108, 8, 40, 72, 147, 1, 207, 251, 116, 1, 168, 192, 139,
       11, 0, 137, 150, 158, 219, 163, 166, 230, 214, 17, 74, 2, 228,
       226, 33, 64, 121, 106, 42, 193, 50, 217, 14, 125, 60, 38, 223, 1,
       144, 121, 161, 140, 71, 187, 143, 179, 130, 0, 57, 148, 175, 245,
       3, 199, 205, 38, 210, 74, 39, 71, 125, 213, 151, 216, 191, 224,
       140, 118, 222, 192, 172, 183, 161, 92, 189, 158, 233, 229, 118,
       59, 207, 122, 85, 234, 246, 254, 115, 108, 148, 224, 127, 238,
       118, 173, 169, 242, 109, 174, 60, 239, 165, 196, 239, 233, 80,
       245, 124, 101, 153, 104, 152, 79, 87, 232, 118, 32, 168, 8, 215,
       243, 9, 48, 216, 220, 72, 106, 104, 35, 217, 30, 249, 173, 5, 60,
       112, 51, 70, 34, 240, 172, 191, 125, 136, 237, 65, 134, 254, 19,
