%YAML:1.0
---
descriptors: !!opencv-matrix
   rows: 263
   cols: 32
   dt: u
   data: [ 138, 182, 132, 145, 227, 177, 188, 231, 31, 55, 73, 183, 140,
       174, 94, 140, 175, 11, 179, 149, 54, 216, 90, 211, 46, 87, 159,
       239, 142, 204, 153, 148, 92, 149, 61, 232, 187, 100, 81, 13, 169,
       89, 173, 24, 222, 127, 8, 123, 129, 147, 253, 48, 27, 35, 123, 69,
       251, 241, 82, 95, 218, 66, 167, 115, 198, 188, 182, 154, 203, 253,
       182, 238, 190, 87, 137, 29, 204, 254, 46, 206, 163, 115, 235, 81,
       54, 79, 26, 243, 187, 54, 95, 123, 152, 93, 175, 222, 6, 249, 191,
       255, 205, 197, 191, 237, 142, 29, 221, 3, 252, 255, 34, 64, 237,
       123, 251, 195, 82, 11, 58, 249, 109, 23, 143, 43, 145, 58, 165,
       251, 252, 236, 158, 186, 169, 253, 22, 238, 190, 159, 168, 25,
       238, 246, 105, 210, 201, 215, 239, 18, 110, 79, 74, 115, 249, 215,
       127, 255, 144, 92, 47, 11, 38, 32, 211, 172, 109, 165, 210, 72,
       31, 162, 249, 11, 4, 216, 101, 0, 216, 185, 3, 3, 6, 51, 202, 211,
       21, 20, 139, 47, 85, 43, 118, 134, 67, 253, 143, 208, 240, 198,
       45, 183, 168, 201, 74, 66, 52, 182, 36, 98, 229, 119, 27, 152,
       115, 217, 176, 236, 61, 44, 190, 192, 136, 16, 177, 56, 98, 48,
       115, 204, 77, 109, 242, 64, 89, 46, 249, 11, 10, 152, 92, 24, 248,
       157, 103, 131, 140, 50, 208, 194, 23, 60, 16, 43, 101, 43, 118,
       134, 244, 119, 233, 229, 218, 6, 79, 248, 18, 236, 188, 238, 81,
       103, 209, 50, 126, 221, 85, 238, 233, 210, 253, 10, 253, 141, 173,
       180, 45, 242, 6, 241, 93, 121, 27, 174, 51, 15, 95, 248, 45, 232,
       251, 78, 255, 215, 41, 112, 246, 253, 93, 226, 201, 147, 57, 253,
       179, 245, 43, 134, 42, 51, 35, 51, 52, 220, 251, 94, 210, 67, 159,
       239, 22, 71, 252, 162, 113, 247, 45, 96, 127, 218, 131, 162, 106,
       19, 40, 127, 123, 175, 119, 13, 241, 242, 100, 186, 246, 115, 232,
       194, 218, 6, 79, 216, 58, 252, 189, 175, 89, 71, 207, 18, 63, 205,
       85, 254, 234, 67, 188, 122, 122, 141, 175, 188, 189, 243, 38, 241,
       108, 181, 246, 251, 245, 255, 120, 157, 47, 29, 127, 9, 207, 255,
       10, 208, 219, 159, 239, 16, 30, 186, 91, 213, 239, 255, 37, 71,
       226, 206, 206, 67, 125, 49, 179, 101, 228, 47, 231, 248, 105, 234,
       59, 76, 94, 121, 221, 50, 182, 68, 126, 110, 209, 177, 249, 136,
       191, 220, 37, 20, 74, 251, 82, 113, 12, 186, 159, 254, 169, 220,
       87, 248, 191, 222, 117, 108, 255, 247, 202, 183, 151, 123, 236,
       194, 107, 65, 186, 125, 203, 247, 103, 169, 42, 178, 15, 115, 43,
       28, 184, 222, 93, 245, 147, 202, 222, 79, 92, 2, 184, 248, 119,
       232, 201, 123, 179, 83, 167, 42, 122, 187, 31, 127, 158, 43, 221,
       125, 121, 238, 46, 162, 225, 185, 233, 113, 184, 75, 26, 119, 69,
       153, 9, 172, 94, 139, 169, 15, 227, 149, 54, 90, 238, 144, 95, 83,
       223, 109, 199, 76, 151, 210, 249, 176, 156, 122, 233, 188, 80,
       223, 243, 27, 181, 29, 31, 219, 74, 155, 165, 131, 244, 16, 62,
       111, 154, 19, 219, 235, 116, 123, 234, 196, 234, 3, 1, 14, 201,
       249, 20, 171, 225, 23, 116, 1, 126, 246, 179, 9, 144, 104, 107,
       138, 6, 156, 187, 188, 101, 246, 204, 223, 178, 64, 253, 200, 209,
       168, 86, 77, 46, 166, 50, 6, 127, 248, 52, 234, 223, 135, 117,
       111, 59, 64, 118, 245, 61, 231, 232, 145, 29, 111, 241, 231, 239,
       132, 36, 179, 49, 83, 44, 103, 113, 69, 116, 75, 231, 56, 125,
       164, 127, 232, 219, 1, 133, 180, 90, 92, 134, 106, 193, 176, 101,
       78, 102, 158, 37, 132, 71, 187, 70, 161, 229, 189, 233, 127, 252,
       109, 87, 184, 91, 254, 189, 61, 242, 125, 31, 50, 221, 94, 125,
       111, 255, 102, 251, 63, 103, 95, 101, 190, 208, 255, 214, 243, 53,
       87, 99, 73, 118, 19, 235, 88, 85, 72, 251, 230, 83, 76, 189, 164,
       126, 136, 22, 238, 233, 178, 101, 158, 52, 12, 162, 132, 119, 171,
       112, 245, 17, 135, 255, 221, 196, 126, 237, 127, 125, 99, 118, 82,
       25, 45, 148, 111, 127, 222, 54, 168, 185, 248, 117, 203, 87, 238,
       246, 4, 231, 232, 228, 232, 207, 191, 134, 158, 235, 180, 190,
       236, 191, 210, 219, 247, 236, 238, 255, 199, 255, 239, 251, 247,
       247, 195, 143, 235, 62, 118, 207, 203, 142, 119, 169, 149, 102,
       205, 174, 158, 221, 230, 190, 231, 154, 135, 121, 3, 108, 236, 62,
       66, 217, 127, 179, 131, 52, 58, 90, 239, 61, 54, 223, 11, 149,
       127, 189, 206, 180, 229, 236, 127, 220, 127, 247, 255, 119, 166,
       253, 26, 115, 109, 31, 97, 121, 254, 110, 250, 172, 246, 121, 63,
       127, 143, 199, 37, 241, 251, 254, 234, 109, 113, 81, 71, 244, 31,
       103, 184, 67, 232, 127, 108, 210, 113, 221, 180, 28, 204, 86, 106,
       217, 178, 237, 8, 46, 156, 37, 180, 106, 187, 82, 165, 177, 133,
       79, 236, 150, 131, 79, 125, 68, 0, 234, 226, 83, 195, 184, 97,
       122, 166, 10, 238, 120, 187, 5, 29, 240, 168, 162, 0, 53, 170,
       240, 32, 17, 14, 79, 173, 18, 162, 106, 115, 116, 130, 107, 210,
       113, 227, 176, 96, 119, 231, 42, 172, 185, 157, 21, 78, 248, 174,
       162, 64, 45, 162, 97, 32, 23, 10, 94, 241, 2, 162, 40, 83, 190,
       17, 67, 242, 157, 195, 160, 73, 102, 45, 59, 156, 19, 216, 4, 208,
       212, 168, 186, 192, 172, 129, 33, 161, 23, 79, 78, 154, 128, 146,
       174, 228, 132, 66, 218, 199, 105, 202, 183, 64, 108, 227, 31, 239,
       221, 143, 6, 236, 176, 46, 174, 128, 61, 191, 185, 212, 189, 85,
       237, 71, 172, 71, 207, 248, 86, 238, 190, 70, 83, 117, 221, 103,
       92, 212, 52, 234, 233, 243, 125, 58, 249, 138, 229, 148, 125, 251,
       116, 241, 92, 87, 91, 231, 50, 78, 127, 56, 37, 236, 127, 231, 95,
       103, 137, 80, 118, 213, 29, 238, 193, 144, 185, 76, 245, 172, 167,
       132, 38, 243, 37, 113, 1, 159, 31, 248, 176, 165, 185, 119, 254,
       25, 124, 116, 188, 187, 160, 96, 199, 35, 22, 28, 179, 41, 2, 247,
       203, 221, 58, 202, 152, 64, 161, 169, 221, 85, 119, 86, 243, 90,
       119, 240, 113, 130, 127, 162, 123, 245, 173, 245, 55, 244, 180,
       106, 97, 241, 172, 174, 122, 239, 101, 3, 103, 247, 110, 181, 86,
       89, 59, 238, 31, 198, 31, 232, 173, 200, 222, 2, 254, 215, 41, 96,
       244, 245, 127, 226, 73, 131, 186, 252, 241, 253, 143, 30, 24, 51,
       37, 59, 84, 85, 238, 167, 22, 70, 127, 184, 36, 232, 223, 131, 87,
       127, 57, 82, 118, 245, 125, 239, 200, 145, 153, 12, 243, 231, 235,
       132, 36, 243, 52, 82, 38, 104, 82, 158, 93, 137, 178, 72, 31, 162,
       121, 11, 40, 216, 101, 148, 217, 185, 131, 67, 2, 50, 218, 251,
       53, 28, 131, 43, 81, 47, 90, 134, 5, 240, 217, 69, 180, 30, 238,
       184, 120, 234, 114, 100, 211, 120, 157, 240, 183, 76, 52, 42, 229,
       176, 253, 79, 38, 255, 39, 132, 201, 240, 75, 149, 14, 137, 160,
       187, 233, 132, 250, 208, 175, 89, 153, 1, 172, 239, 121, 74, 205,
       67, 123, 221, 146, 11, 218, 224, 143, 89, 158, 238, 146, 7, 163,
       211, 244, 149, 255, 190, 172, 110, 215, 61, 184, 222, 251, 63,
       247, 127, 44, 91, 253, 247, 125, 35, 120, 231, 91, 15, 241, 167,
       255, 150, 68, 122, 244, 115, 163, 218, 238, 21, 206, 27, 188, 166,
       246, 246, 214, 255, 225, 44, 150, 163, 79, 230, 251, 197, 173,
       248, 117, 172, 12, 107, 253, 146, 237, 237, 218, 93, 86, 215, 173,
       158, 138, 81, 31, 140, 139, 255, 153, 175, 204, 238, 207, 74, 151,
       213, 253, 231, 222, 67, 238, 208, 186, 70, 239, 191, 180, 246, 53,
       87, 125, 101, 251, 230, 244, 95, 231, 248, 105, 232, 123, 78, 87,
       249, 221, 176, 186, 204, 86, 110, 201, 179, 185, 174, 251, 221,
       37, 52, 105, 251, 82, 161, 33, 204, 117, 91, 116, 159, 233, 247,
       125, 65, 126, 82, 185, 8, 180, 36, 107, 10, 22, 153, 243, 188,
       101, 247, 46, 94, 182, 64, 247, 136, 241, 172, 220, 93, 158, 166,
       12, 70, 94, 184, 165, 138, 211, 2, 127, 123, 57, 195, 248, 245,
       253, 227, 104, 199, 153, 172, 243, 227, 239, 21, 36, 251, 48, 2,
       237, 103, 28, 101, 176, 14, 127, 184, 61, 238, 126, 77, 223, 107,
       155, 17, 150, 68, 109, 110, 224, 176, 65, 46, 230, 251, 101, 132,
