%YAML:1.0
---
descriptors: !!opencv-matrix
   rows: 320
   cols: 32
   dt: u
   data: [ 175, 237, 237, 69, 216, 55, 79, 190, 83, 226, 124, 206, 81,
       127, 151, 55, 31, 204, 53, 238, 233, 210, 253, 126, 111, 15, 237,
       164, 175, 243, 210, 244, 135, 247, 237, 79, 250, 55, 175, 188, 95,
       250, 93, 254, 88, 108, 159, 39, 55, 79, 118, 111, 225, 96, 175,
       255, 44, 58, 101, 172, 125, 255, 129, 245, 47, 116, 232, 101, 118,
       127, 251, 120, 51, 236, 127, 174, 91, 125, 223, 52, 62, 220, 215,
       111, 129, 176, 237, 158, 79, 77, 37, 180, 103, 175, 86, 241, 108,
       251, 184, 101, 245, 95, 86, 186, 35, 236, 190, 13, 219, 125, 67,
       146, 157, 220, 253, 126, 204, 112, 241, 40, 239, 223, 37, 53, 202,
       251, 78, 211, 33, 101, 18, 77, 85, 143, 70, 109, 117, 32, 234, 72,
       243, 17, 16, 180, 88, 172, 66, 106, 72, 186, 81, 63, 53, 188, 1,
       16, 83, 138, 74, 168, 151, 22, 142, 156, 6, 50, 188, 99, 156, 94,
       211, 247, 76, 234, 55, 75, 236, 37, 187, 167, 180, 133, 6, 200,
       128, 34, 235, 131, 29, 100, 57, 213, 92, 85, 243, 230, 18, 70,
       111, 184, 48, 194, 111, 66, 81, 119, 41, 112, 54, 220, 53, 234,
       41, 146, 185, 78, 113, 174, 33, 132, 47, 179, 38, 51, 222, 253,
       127, 117, 163, 111, 127, 182, 49, 250, 30, 56, 95, 127, 65, 59,
       183, 247, 125, 227, 249, 220, 185, 46, 249, 219, 109, 198, 166,
       241, 135, 115, 214, 22, 150, 180, 170, 98, 61, 1, 188, 158, 211,
       183, 204, 230, 43, 75, 166, 181, 237, 161, 48, 197, 131, 192, 144,
       226, 122, 131, 128, 96, 37, 115, 23, 108, 235, 183, 116, 162, 235,
       64, 252, 192, 89, 131, 121, 236, 191, 32, 126, 233, 23, 159, 133,
       176, 36, 234, 100, 13, 175, 128, 229, 255, 113, 208, 147, 92, 71,
       189, 22, 134, 110, 182, 180, 194, 66, 199, 53, 6, 49, 227, 102,
       229, 25, 239, 229, 220, 21, 239, 176, 106, 206, 0, 61, 180, 49,
       92, 40, 174, 28, 107, 45, 31, 86, 188, 119, 186, 188, 13, 255,
       123, 67, 144, 153, 202, 196, 78, 142, 106, 91, 189, 207, 223, 37,
       61, 74, 191, 74, 139, 120, 57, 28, 236, 13, 79, 80, 74, 131, 164,
       164, 9, 7, 153, 65, 26, 200, 180, 200, 32, 8, 107, 82, 24, 211,
       193, 65, 59, 114, 40, 78, 2, 108, 243, 216, 114, 250, 137, 18,
       188, 43, 61, 57, 253, 143, 67, 200, 16, 151, 219, 197, 82, 90,
       106, 202, 53, 238, 213, 53, 255, 240, 155, 135, 27, 201, 150, 214,
       95, 224, 190, 108, 190, 127, 11, 119, 116, 253, 242, 158, 253, 55,
       111, 126, 14, 165, 212, 175, 243, 6, 254, 117, 128, 142, 241, 233,
       13, 221, 157, 212, 87, 180, 30, 110, 185, 119, 163, 247, 246, 251,
       98, 148, 245, 119, 198, 126, 238, 253, 220, 93, 127, 190, 239,
       101, 68, 175, 225, 232, 5, 188, 93, 110, 101, 135, 95, 247, 240,
       69, 206, 247, 47, 123, 93, 31, 39, 120, 244, 223, 235, 236, 181,
       125, 142, 119, 235, 101, 149, 103, 191, 116, 115, 41, 1, 99, 77,
       244, 127, 224, 119, 69, 105, 91, 90, 19, 56, 180, 164, 88, 142,
       22, 45, 157, 186, 101, 134, 54, 60, 176, 192, 255, 140, 216, 133,
       130, 217, 56, 250, 60, 217, 214, 166, 223, 73, 148, 45, 167, 204,
       214, 96, 204, 123, 239, 65, 239, 44, 74, 183, 166, 223, 54, 187,
       88, 152, 221, 31, 47, 126, 108, 15, 253, 159, 214, 188, 71, 252,
       188, 173, 235, 104, 151, 133, 221, 226, 238, 111, 236, 106, 111,
       189, 102, 91, 133, 63, 95, 191, 218, 207, 109, 37, 232, 23, 221,
       60, 90, 155, 115, 245, 175, 28, 203, 232, 95, 190, 29, 230, 232,
       30, 156, 122, 255, 162, 78, 223, 213, 117, 203, 231, 218, 68, 211,
       62, 141, 21, 138, 46, 168, 151, 186, 251, 130, 221, 180, 38, 87,
       11, 167, 103, 120, 21, 181, 205, 243, 66, 156, 34, 127, 182, 200,
       96, 131, 93, 153, 79, 110, 220, 22, 147, 239, 246, 212, 132, 246,
       134, 41, 130, 183, 101, 106, 234, 14, 234, 236, 175, 36, 237, 242,
       233, 170, 129, 127, 152, 105, 140, 77, 28, 255, 93, 178, 118, 191,
       191, 116, 86, 78, 146, 249, 119, 155, 107, 119, 126, 185, 174,
       177, 216, 253, 111, 103, 239, 255, 132, 166, 240, 165, 120, 193,
       29, 58, 103, 181, 140, 119, 55, 125, 236, 126, 13, 182, 185, 2,
       80, 132, 46, 108, 28, 241, 184, 241, 110, 239, 253, 6, 82, 72, 10,
       195, 91, 57, 73, 35, 238, 21, 197, 195, 192, 198, 64, 204, 2, 49,
       213, 49, 224, 88, 170, 18, 79, 75, 171, 122, 191, 241, 237, 130,
       8, 51, 27, 112, 170, 8, 193, 27, 106, 112, 205, 99, 116, 236, 1,
       108, 0, 191, 147, 40, 112, 34, 56, 74, 72, 67, 184, 34, 117, 199,
       205, 32, 72, 112, 130, 103, 170, 189, 73, 59, 238, 93, 197, 235,
       96, 198, 64, 225, 2, 49, 221, 53, 96, 120, 232, 19, 203, 75, 187,
       126, 191, 113, 141, 138, 40, 61, 59, 116, 242, 65, 189, 189, 101,
       32, 238, 125, 55, 232, 232, 110, 8, 182, 61, 18, 50, 128, 39, 125,
       13, 197, 184, 241, 14, 239, 190, 84, 16, 64, 96, 195, 202, 100,
       104, 153, 117, 176, 143, 71, 180, 58, 170, 34, 72, 215, 51, 1, 49,
       145, 124, 124, 106, 8, 240, 217, 60, 229, 255, 101, 48, 192, 185,
       67, 34, 169, 4, 63, 117, 101, 126, 97, 50, 121, 10, 102, 24, 214,
       49, 20, 57, 128, 36, 84, 40, 41, 252, 49, 12, 71, 251, 80, 0, 66,
       8, 66, 234, 193, 125, 159, 181, 160, 14, 101, 55, 184, 170, 42,
       76, 247, 35, 65, 83, 133, 102, 104, 124, 97, 253, 145, 10, 233,
       243, 117, 16, 136, 240, 67, 56, 248, 168, 120, 80, 205, 253, 81,
       215, 226, 183, 164, 24, 51, 153, 66, 59, 9, 178, 68, 24, 10, 111,
       226, 17, 91, 201, 113, 57, 227, 200, 198, 170, 33, 184, 20, 250,
       141, 189, 80, 223, 207, 113, 164, 76, 190, 248, 86, 190, 137, 2,
       122, 12, 159, 107, 90, 177, 155, 218, 85, 62, 218, 72, 202, 6,
       173, 189, 25, 97, 245, 239, 67, 178, 125, 104, 108, 76, 150, 49,
       0, 48, 177, 58, 4, 120, 241, 184, 48, 63, 235, 221, 1, 118, 90,
       75, 66, 34, 169, 85, 57, 108, 53, 31, 199, 61, 73, 72, 236, 76,
       242, 88, 57, 48, 216, 96, 18, 110, 233, 162, 113, 15, 227, 253, 4,
       16, 90, 58, 210, 40, 101, 224, 209, 68, 84, 79, 67, 152, 115, 160,
       36, 8, 19, 211, 69, 54, 25, 204, 0, 120, 41, 86, 248, 10, 95, 140,
       133, 44, 226, 177, 66, 224, 193, 146, 191, 125, 168, 46, 125, 183,
       236, 95, 50, 85, 246, 43, 132, 91, 167, 71, 109, 12, 177, 237, 51,
       117, 207, 186, 118, 208, 200, 224, 195, 123, 220, 120, 153, 124,
       12, 76, 67, 152, 50, 254, 167, 12, 211, 215, 65, 91, 16, 196, 108,
       110, 73, 69, 251, 10, 193, 235, 97, 60, 40, 179, 70, 114, 104,
       178, 24, 120, 56, 165, 81, 95, 130, 29, 165, 57, 166, 215, 74, 24,
       205, 153, 205, 16, 26, 15, 210, 21, 219, 209, 48, 123, 208, 0, 46,
       91, 224, 184, 211, 80, 233, 201, 33, 6, 187, 181, 34, 56, 46, 183,
       68, 191, 35, 126, 224, 24, 35, 121, 178, 224, 31, 210, 85, 122,
       194, 0, 71, 175, 90, 25, 142, 188, 155, 212, 18, 67, 164, 192,
       206, 135, 232, 254, 35, 194, 236, 247, 233, 195, 29, 203, 210,
       173, 241, 101, 138, 155, 168, 39, 40, 90, 199, 253, 229, 93, 190,
       23, 175, 190, 223, 250, 152, 222, 216, 236, 215, 167, 7, 103, 123,
       239, 245, 77, 255, 255, 44, 58, 79, 188, 95, 245, 145, 245, 104,
       123, 184, 101, 245, 79, 87, 182, 43, 236, 190, 77, 159, 61, 67,
       146, 132, 252, 253, 92, 201, 184, 241, 40, 239, 221, 37, 53, 74,
       187, 78, 219, 103, 72, 115, 206, 238, 21, 222, 252, 95, 130, 125,
       10, 121, 249, 181, 244, 94, 248, 55, 234, 192, 38, 94, 250, 119,
       254, 133, 186, 119, 187, 208, 165, 32, 175, 16, 77, 93, 159, 194,
       109, 87, 44, 232, 76, 226, 224, 20, 144, 152, 170, 66, 104, 92,
       186, 80, 31, 38, 149, 1, 121, 88, 10, 90, 142, 199, 158, 205, 183,
       178, 160, 47, 146, 190, 215, 11, 247, 253, 102, 219, 75, 39, 103,
       61, 159, 183, 220, 191, 227, 172, 38, 255, 192, 172, 245, 169, 85,
       90, 185, 191, 248, 171, 193, 17, 207, 175, 29, 164, 41, 172, 215,
       96, 90, 226, 179, 239, 144, 18, 75, 162, 209, 219, 209, 94, 123,
       144, 0, 167, 107, 2, 159, 3, 171, 151, 167, 42, 239, 28, 1, 75,
