%YAML:1.0
---
descriptors: !!opencv-matrix
   rows: 248
   cols: 32
   dt: u
   data: [ 2, 217, 148, 157, 239, 213, 180, 239, 143, 29, 80, 51, 172,
       190, 102, 135, 207, 83, 187, 69, 86, 105, 83, 241, 61, 18, 94,
       171, 22, 12, 173, 223, 130, 252, 41, 187, 79, 201, 181, 207, 158,
       117, 16, 187, 188, 157, 96, 1, 171, 27, 211, 81, 99, 125, 26, 245,
       125, 17, 159, 111, 29, 28, 151, 250, 186, 92, 150, 190, 29, 246,
       92, 38, 149, 6, 210, 19, 238, 188, 54, 199, 200, 247, 191, 1, 108,
       175, 83, 175, 163, 254, 218, 19, 18, 124, 124, 78, 242, 241, 228,
       64, 141, 83, 157, 143, 15, 117, 150, 187, 8, 44, 222, 175, 91,
       214, 249, 241, 223, 75, 247, 208, 58, 90, 221, 255, 247, 156, 212,
       126, 128, 2, 76, 185, 4, 137, 105, 23, 172, 29, 86, 247, 177, 131,
       242, 75, 104, 170, 63, 157, 155, 156, 71, 209, 196, 129, 186, 192,
       53, 136, 241, 233, 57, 239, 104, 37, 244, 27, 231, 188, 115, 236,
       124, 13, 67, 104, 151, 16, 24, 236, 68, 111, 236, 178, 109, 63,
       110, 223, 37, 181, 103, 190, 86, 197, 94, 28, 230, 247, 135, 246,
       122, 50, 189, 198, 70, 3, 109, 255, 49, 235, 230, 247, 253, 223,
       180, 221, 149, 238, 223, 127, 218, 131, 166, 229, 61, 86, 36, 52,
       248, 67, 221, 125, 243, 218, 75, 255, 189, 8, 26, 253, 79, 44,
       153, 26, 210, 24, 18, 34, 120, 210, 79, 157, 21, 63, 211, 91, 78,
       246, 42, 187, 97, 252, 116, 151, 75, 120, 3, 236, 244, 239, 43,
       141, 182, 148, 220, 184, 151, 205, 139, 58, 114, 189, 26, 220,
       160, 186, 87, 142, 118, 253, 79, 253, 190, 150, 187, 22, 23, 184,
       251, 250, 149, 109, 92, 250, 107, 95, 183, 103, 252, 119, 245, 65,
       186, 255, 250, 63, 111, 254, 138, 119, 41, 87, 168, 200, 116, 123,
       77, 221, 242, 238, 213, 7, 116, 9, 42, 156, 54, 177, 136, 154,
       194, 67, 230, 62, 126, 189, 71, 219, 80, 43, 115, 29, 78, 206, 92,
       95, 186, 238, 180, 210, 126, 182, 244, 204, 218, 35, 255, 239,
       163, 112, 246, 255, 189, 193, 220, 155, 161, 106, 250, 229, 175,
       137, 32, 243, 164, 113, 125, 229, 104, 103, 155, 91, 94, 233, 115,
       164, 173, 10, 91, 124, 31, 48, 56, 196, 220, 238, 108, 115, 237,
       63, 251, 207, 5, 53, 115, 183, 206, 68, 88, 111, 162, 230, 149,
       54, 70, 231, 113, 136, 206, 2, 107, 179, 17, 214, 112, 230, 253,
       232, 72, 155, 129, 174, 243, 231, 135, 1, 34, 118, 126, 42, 124,
       239, 170, 80, 157, 210, 86, 224, 243, 180, 174, 40, 75, 248, 79,
       18, 217, 244, 236, 242, 124, 99, 168, 170, 187, 215, 133, 127,
       227, 119, 126, 6, 5, 223, 115, 71, 114, 15, 239, 244, 124, 232,
       126, 102, 253, 55, 156, 36, 62, 92, 22, 110, 193, 184, 61, 125,
       124, 174, 39, 132, 101, 178, 195, 177, 46, 223, 229, 159, 247, 71,
       175, 184, 19, 254, 84, 175, 121, 109, 154, 37, 31, 246, 179, 239,
       241, 218, 127, 191, 109, 39, 237, 180, 183, 254, 150, 249, 7, 166,
       229, 81, 229, 217, 169, 203, 94, 113, 122, 246, 233, 232, 220,
       164, 123, 10, 114, 156, 147, 240, 127, 211, 12, 28, 159, 230, 223,
       204, 83, 252, 218, 22, 142, 181, 130, 50, 188, 31, 188, 255, 146,
       247, 205, 167, 66, 203, 39, 71, 237, 149, 52, 221, 131, 192, 216,
       99, 254, 197, 132, 116, 173, 83, 1, 123, 26, 241, 224, 172, 56,
       150, 124, 89, 86, 100, 157, 131, 227, 121, 102, 43, 22, 156, 199,
       152, 132, 64, 196, 185, 186, 192, 136, 208, 169, 153, 200, 212,
       255, 95, 152, 205, 183, 189, 254, 87, 103, 16, 241, 247, 46, 99,
       17, 122, 106, 10, 115, 77, 251, 55, 111, 175, 118, 9, 82, 210,
       229, 250, 122, 249, 145, 224, 217, 196, 150, 205, 171, 249, 160,
       45, 142, 159, 68, 214, 204, 221, 253, 208, 91, 75, 218, 240, 187,
       208, 159, 127, 10, 6, 175, 27, 20, 253, 123, 227, 242, 206, 127,
       244, 57, 236, 126, 166, 93, 119, 161, 80, 54, 253, 23, 234, 225,
       144, 56, 126, 126, 173, 39, 132, 41, 178, 163, 249, 184, 252, 120,
       106, 87, 213, 94, 252, 83, 104, 124, 74, 59, 157, 81, 176, 62,
       153, 151, 235, 202, 62, 56, 191, 115, 205, 32, 169, 119, 146, 110,
       171, 175, 221, 237, 87, 234, 55, 159, 249, 82, 242, 127, 254, 89,
       124, 159, 39, 63, 222, 55, 238, 245, 246, 125, 110, 110, 43, 109,
       164, 111, 255, 144, 245, 84, 237, 183, 190, 191, 194, 134, 172,
       218, 162, 82, 42, 236, 249, 49, 228, 179, 127, 104, 235, 224, 241,
       158, 255, 185, 102, 79, 23, 197, 123, 157, 42, 137, 168, 27, 251,
       112, 204, 56, 23, 190, 89, 86, 16, 189, 159, 96, 120, 166, 59, 23,
       145, 19, 24, 178, 117, 207, 249, 186, 233, 144, 128, 131, 169, 6,
       159, 174, 159, 215, 38, 190, 167, 157, 19, 95, 151, 204, 47, 54,
       78, 103, 87, 155, 167, 240, 216, 25, 239, 45, 54, 222, 199, 133,
       87, 185, 157, 252, 221, 255, 119, 149, 94, 215, 185, 81, 234, 127,
       26, 83, 125, 17, 35, 153, 244, 53, 106, 233, 246, 249, 174, 107,
       239, 229, 21, 103, 251, 212, 114, 166, 253, 178, 162, 237, 13,
       182, 204, 202, 186, 185, 75, 220, 216, 125, 2, 220, 123, 83, 115,
       210, 35, 154, 226, 57, 16, 143, 190, 205, 123, 211, 131, 155, 92,
       7, 189, 7, 150, 110, 166, 181, 66, 194, 215, 109, 46, 49, 231,
       100, 229, 57, 239, 237, 221, 23, 239, 177, 226, 222, 0, 61, 53,
       49, 92, 139, 22, 166, 157, 13, 54, 188, 115, 156, 94, 211, 215,
       204, 234, 51, 203, 236, 37, 187, 165, 165, 213, 22, 202, 128, 99,
       250, 131, 31, 124, 57, 213, 137, 178, 106, 185, 108, 137, 233, 87,
       236, 89, 80, 246, 157, 138, 240, 75, 106, 43, 14, 157, 151, 60,
       198, 209, 68, 153, 50, 232, 220, 136, 209, 137, 120, 203, 191,
       126, 169, 220, 85, 189, 247, 93, 230, 8, 106, 245, 175, 116, 144,
       226, 236, 72, 218, 43, 170, 61, 243, 249, 68, 27, 82, 146, 230,
       107, 214, 192, 78, 171, 74, 130, 168, 192, 54, 50, 66, 194, 241,
       130, 25, 192, 122, 141, 42, 223, 74, 148, 199, 80, 148, 32, 202,
       0, 53, 146, 48, 136, 101, 54, 248, 33, 228, 59, 225, 10, 122, 183,
       35, 61, 147, 56, 215, 122, 51, 140, 96, 145, 182, 116, 237, 66,
       78, 31, 17, 101, 229, 225, 66, 198, 129, 154, 95, 185, 36, 169,
       104, 23, 174, 91, 82, 244, 181, 131, 240, 73, 103, 42, 62, 29,
       147, 156, 6, 209, 196, 152, 250, 192, 156, 136, 145, 185, 88, 208,
       157, 254, 11, 196, 22, 252, 175, 81, 161, 1, 126, 223, 40, 82,
       167, 211, 249, 66, 79, 67, 154, 113, 211, 245, 82, 91, 56, 19,
       167, 19, 204, 190, 157, 177, 168, 111, 116, 150, 171, 187, 186,
       121, 159, 55, 65, 155, 135, 87, 237, 16, 59, 77, 195, 98, 205,
       215, 127, 244, 200, 113, 135, 51, 241, 77, 125, 108, 77, 79, 71,
       56, 193, 234, 252, 8, 243, 113, 21, 51, 88, 228, 124, 106, 105,
       102, 242, 61, 227, 171, 101, 56, 115, 250, 86, 42, 10, 241, 177,
       147, 237, 237, 189, 197, 142, 61, 125, 27, 140, 156, 72, 143, 239,
       27, 219, 17, 18, 114, 250, 208, 29, 17, 31, 107, 134, 94, 183,
       215, 18, 131, 12, 185, 138, 37, 29, 238, 174, 23, 194, 151, 237,
       47, 42, 75, 231, 147, 255, 165, 46, 203, 67, 213, 208, 227, 250,
       213, 180, 84, 173, 90, 198, 200, 148, 145, 229, 205, 172, 7, 30,
       187, 83, 18, 204, 250, 112, 75, 163, 47, 63, 17, 50, 124, 155,
       208, 157, 214, 223, 228, 148, 25, 129, 3, 71, 189, 141, 183, 130,
       160, 44, 135, 190, 215, 67, 151, 237, 110, 95, 75, 167, 103, 121,
       151, 183, 216, 191, 225, 140, 50, 222, 194, 172, 117, 169, 92, 56,
       221, 110, 206, 53, 215, 119, 247, 198, 236, 254, 2, 121, 157, 182,
       224, 120, 254, 159, 234, 202, 187, 57, 189, 123, 237, 165, 81, 55,
       158, 252, 250, 151, 12, 239, 151, 134, 114, 173, 134, 124, 87,
       215, 150, 248, 44, 191, 107, 99, 71, 59, 159, 181, 220, 61, 226,
       12, 42, 222, 128, 141, 117, 249, 92, 220, 250, 186, 178, 42, 192,
       57, 212, 162, 159, 150, 179, 141, 207, 98, 90, 231, 245, 237, 211,
       66, 71, 138, 227, 219, 225, 255, 235, 36, 17, 37, 75, 60, 98, 233,
       234, 188, 135, 203, 216, 70, 248, 149, 234, 83, 77, 249, 40, 127,
