%YAML:1.0
---
descriptors: !!opencv-matrix
   rows: 269
   cols: 32
   dt: u
   data: [ 183, 247, 237, 79, 250, 55, 159, 189, 19, 250, 125, 254, 89,
       124, 159, 39, 31, 95, 55, 238, 241, 246, 127, 126, 110, 11, 101,
       164, 127, 255, 129, 245, 143, 214, 251, 106, 246, 55, 255, 248,
       89, 66, 93, 214, 93, 253, 189, 33, 55, 89, 23, 111, 225, 38, 44,
       255, 110, 95, 45, 172, 255, 251, 193, 241, 40, 59, 184, 245, 237,
       223, 84, 214, 171, 254, 188, 77, 159, 191, 67, 154, 141, 238, 253,
       28, 140, 104, 210, 176, 207, 223, 117, 59, 202, 252, 78, 219, 147,
       30, 14, 190, 46, 178, 186, 98, 157, 78, 211, 247, 100, 206, 182,
       195, 238, 33, 191, 135, 228, 143, 6, 255, 0, 50, 234, 131, 29,
       109, 57, 215, 222, 26, 159, 180, 43, 98, 61, 2, 188, 158, 147,
       179, 239, 239, 33, 75, 166, 117, 237, 131, 40, 197, 139, 202, 145,
       227, 107, 147, 32, 113, 37, 19, 181, 84, 97, 79, 86, 123, 199,
       248, 85, 234, 255, 254, 115, 120, 156, 100, 121, 238, 118, 110,
       233, 246, 109, 175, 62, 238, 165, 212, 239, 187, 80, 245, 82, 49,
       26, 248, 43, 193, 17, 72, 171, 4, 164, 40, 46, 223, 96, 80, 230,
       177, 207, 208, 10, 3, 178, 209, 211, 209, 10, 123, 16, 2, 39, 51,
       220, 120, 233, 44, 10, 121, 95, 152, 39, 118, 148, 169, 223, 55,
       203, 63, 38, 212, 253, 226, 44, 69, 237, 1, 211, 193, 97, 181, 38,
       247, 14, 115, 165, 115, 233, 103, 108, 15, 207, 152, 82, 234, 177,
       110, 211, 121, 217, 43, 92, 204, 54, 110, 233, 118, 253, 40, 100,
       138, 229, 180, 125, 251, 82, 161, 245, 181, 239, 15, 158, 22, 79,
       248, 87, 226, 255, 207, 83, 108, 159, 32, 93, 228, 124, 110, 237,
       243, 125, 47, 122, 238, 101, 20, 237, 255, 120, 84, 97, 171, 8,
       74, 253, 189, 194, 158, 235, 121, 172, 76, 162, 224, 92, 180, 153,
       2, 74, 28, 151, 43, 251, 49, 141, 28, 21, 124, 216, 94, 219, 12,
       244, 122, 152, 184, 136, 45, 82, 216, 50, 34, 225, 93, 151, 131,
       65, 88, 217, 217, 76, 82, 12, 2, 218, 50, 209, 199, 49, 125, 248,
       115, 14, 18, 157, 133, 151, 191, 157, 38, 239, 233, 54, 162, 139,
       18, 255, 115, 57, 231, 113, 199, 120, 175, 113, 229, 25, 238, 249,
       239, 207, 20, 155, 115, 161, 176, 94, 29, 150, 182, 3, 226, 62,
       226, 164, 132, 202, 167, 109, 247, 35, 210, 230, 247, 169, 195,
       64, 217, 154, 104, 241, 231, 207, 131, 40, 119, 45, 26, 41, 253,
       244, 71, 240, 31, 254, 189, 127, 168, 126, 100, 122, 121, 132,
       180, 159, 127, 246, 106, 241, 248, 233, 255, 46, 255, 37, 134, 75,
       242, 203, 189, 69, 4, 191, 119, 164, 110, 103, 185, 124, 230, 47,
       0, 215, 117, 25, 122, 145, 70, 124, 42, 40, 240, 121, 42, 237,
       175, 101, 16, 192, 251, 197, 98, 9, 0, 117, 73, 4, 30, 105, 24,
       125, 64, 118, 64, 219, 9, 148, 244, 88, 140, 110, 24, 139, 176,
       117, 92, 7, 250, 2, 4, 67, 136, 64, 164, 176, 180, 27, 248, 27,
       233, 81, 103, 187, 23, 172, 25, 62, 159, 32, 17, 171, 187, 203, 0,
       58, 15, 146, 31, 243, 209, 18, 123, 81, 64, 167, 186, 218, 170,
       174, 190, 11, 224, 184, 67, 142, 21, 136, 179, 172, 206, 98, 74,
       239, 183, 235, 145, 30, 79, 130, 211, 217, 117, 154, 123, 148, 4,
       45, 74, 13, 4, 125, 103, 52, 46, 123, 48, 125, 232, 127, 24, 215,
       119, 8, 112, 150, 36, 126, 46, 185, 176, 121, 14, 199, 255, 33,
       64, 202, 163, 66, 224, 66, 152, 190, 186, 169, 228, 21, 207, 175,
       95, 128, 49, 172, 254, 106, 74, 195, 51, 249, 17, 23, 73, 154,
       241, 217, 247, 94, 91, 144, 64, 165, 91, 248, 32, 252, 112, 141,
       249, 80, 90, 243, 183, 164, 24, 19, 153, 64, 58, 137, 146, 229,
       24, 42, 111, 202, 17, 91, 203, 81, 121, 227, 200, 78, 34, 80, 133,
       59, 120, 123, 232, 81, 67, 239, 29, 248, 48, 62, 179, 32, 112,
       161, 179, 70, 16, 18, 43, 2, 85, 219, 252, 48, 75, 242, 0, 231,
       43, 67, 151, 143, 189, 170, 34, 57, 55, 188, 91, 90, 245, 253, 38,
       130, 99, 167, 71, 125, 133, 181, 216, 39, 69, 132, 34, 122, 192,
       140, 224, 161, 121, 111, 108, 134, 30, 93, 249, 246, 232, 223,
       134, 237, 11, 106, 232, 55, 183, 248, 226, 234, 67, 108, 111, 158,
       251, 51, 127, 197, 59, 83, 127, 122, 142, 237, 100, 189, 117, 172,
       63, 71, 154, 91, 174, 190, 24, 211, 121, 213, 47, 153, 68, 124,
       126, 233, 244, 249, 42, 239, 219, 101, 52, 194, 249, 82, 96, 229,
       108, 236, 99, 172, 127, 199, 152, 87, 190, 183, 24, 211, 33, 223,
       63, 89, 196, 124, 122, 56, 118, 249, 58, 239, 219, 229, 117, 211,
       251, 84, 32, 161, 48, 185, 224, 32, 13, 81, 80, 41, 57, 36, 24,
       151, 31, 72, 59, 132, 17, 125, 24, 137, 100, 112, 0, 195, 217, 49,
       48, 192, 128, 67, 227, 77, 255, 210, 198, 244, 58, 110, 191, 121,
       162, 108, 204, 223, 99, 201, 244, 55, 206, 92, 234, 229, 82, 156,
       238, 190, 255, 7, 44, 174, 243, 203, 45, 242, 168, 84, 248, 141,
       203, 84, 239, 191, 51, 160, 24, 143, 251, 68, 219, 235, 243, 239,
       144, 122, 111, 90, 245, 159, 219, 87, 127, 112, 0, 206, 2, 173,
       207, 244, 87, 252, 27, 238, 188, 95, 254, 126, 222, 235, 104, 159,
       165, 31, 78, 126, 111, 228, 248, 109, 255, 46, 91, 101, 148, 255,
       252, 217, 205, 190, 253, 98, 130, 223, 243, 158, 237, 23, 246,
       157, 187, 72, 220, 127, 133, 89, 155, 211, 243, 126, 119, 127,
       190, 59, 81, 141, 127, 247, 95, 222, 214, 156, 224, 24, 241, 149,
       239, 96, 158, 86, 51, 103, 26, 211, 17, 72, 9, 49, 10, 34, 24, 58,
       244, 89, 22, 207, 207, 21, 101, 186, 137, 216, 130, 100, 91, 158,
       190, 168, 44, 23, 24, 154, 142, 168, 108, 246, 243, 33, 90, 196,
       119, 108, 2, 8, 67, 202, 104, 209, 182, 103, 58, 144, 123, 35, 35,
       128, 204, 150, 158, 213, 163, 164, 231, 214, 19, 74, 18, 160, 226,
       32, 65, 249, 42, 34, 0, 114, 255, 2, 127, 57, 38, 222, 65, 16, 72,
       177, 142, 104, 157, 53, 126, 153, 141, 80, 182, 223, 20, 170, 8,
       238, 115, 0, 241, 193, 50, 232, 0, 58, 41, 91, 189, 227, 251, 80,
       27, 82, 8, 68, 43, 236, 48, 189, 97, 161, 111, 113, 23, 107, 251,
       39, 24, 214, 53, 72, 59, 145, 20, 108, 56, 17, 244, 241, 0, 207,
       219, 117, 116, 192, 96, 198, 51, 97, 185, 145, 106, 157, 157, 82,
       204, 75, 33, 168, 12, 190, 249, 68, 180, 153, 138, 114, 72, 27,
       43, 122, 177, 155, 220, 5, 126, 218, 10, 74, 46, 118, 23, 86, 12,
       250, 219, 6, 237, 141, 192, 249, 239, 74, 236, 174, 213, 94, 243,
       142, 114, 125, 171, 14, 252, 58, 112, 76, 223, 223, 255, 172, 29,
       88, 49, 26, 170, 59, 203, 55, 105, 174, 36, 229, 41, 223, 215, 42,
       80, 246, 189, 207, 226, 72, 3, 219, 28, 241, 225, 42, 57, 16, 34,
       167, 131, 104, 121, 178, 244, 189, 221, 84, 23, 171, 237, 188, 13,
       191, 191, 67, 146, 132, 191, 221, 20, 141, 121, 210, 184, 235,
       221, 52, 51, 202, 68, 206, 91, 147, 84, 239, 151, 134, 98, 173,
       102, 116, 71, 82, 215, 113, 46, 182, 107, 111, 71, 59, 175, 181,
       221, 53, 234, 132, 46, 218, 128, 173, 117, 177, 252, 255, 125,
       253, 69, 234, 123, 23, 154, 153, 254, 180, 186, 27, 53, 199, 63,
       39, 220, 213, 114, 101, 102, 236, 170, 119, 217, 101, 191, 231,
       253, 70, 247, 215, 158, 135, 183, 130, 170, 60, 151, 62, 247, 67,
       215, 205, 38, 82, 75, 39, 103, 123, 149, 181, 220, 159, 226, 140,
       102, 222, 192, 172, 213, 161, 93, 73, 172, 156, 245, 40, 12, 116,
       55, 186, 27, 166, 25, 191, 51, 2, 83, 135, 166, 108, 8, 44, 88,
       211, 1, 207, 251, 116, 17, 40, 224, 138, 11, 61, 30, 97, 111, 182,
       123, 207, 248, 87, 234, 254, 254, 83, 124, 156, 164, 127, 206,
       118, 175, 185, 242, 109, 190, 60, 239, 229, 148, 111, 251, 208,
       245, 213, 12, 239, 214, 2, 102, 47, 32, 240, 194, 199, 146, 81,
       103, 49, 107, 119, 228, 57, 175, 169, 197, 180, 110, 209, 42, 203,
       0, 37, 241, 49, 96, 225, 10, 1, 93, 5, 223, 66, 18, 85, 168, 114,
       72, 130, 145, 53, 228, 200, 172, 46, 72, 9, 188, 81, 152, 135,
       250, 193, 20, 90, 41, 80, 36, 250, 127, 233, 68, 66, 122, 95, 214,
