%YAML:1.0
---
descriptors: !!opencv-matrix
   rows: 173
   cols: 32
   dt: u
   data: [ 51, 47, 104, 9, 84, 187, 226, 86, 85, 104, 254, 231, 19, 40,
       151, 160, 124, 174, 22, 253, 157, 186, 69, 158, 62, 12, 162, 192,
       253, 205, 120, 157, 2, 140, 26, 219, 180, 167, 59, 199, 30, 5, 78,
       19, 172, 163, 38, 64, 217, 59, 155, 144, 50, 152, 65, 255, 109,
       54, 154, 67, 144, 8, 181, 138, 165, 113, 253, 97, 196, 95, 230,
       152, 124, 104, 119, 76, 211, 88, 29, 112, 216, 204, 126, 110, 205,
       240, 249, 24, 231, 251, 37, 4, 73, 187, 90, 128, 200, 176, 190,
       218, 11, 237, 177, 87, 190, 23, 166, 48, 188, 215, 106, 75, 163,
       51, 251, 16, 50, 77, 179, 115, 95, 163, 82, 91, 144, 64, 165, 122,
       48, 15, 27, 124, 248, 207, 87, 125, 201, 140, 236, 40, 39, 195,
       34, 16, 152, 250, 70, 98, 72, 171, 98, 30, 225, 213, 4, 57, 112,
       250, 206, 235, 76, 52, 190, 101, 160, 110, 117, 19, 105, 14, 127,
       24, 222, 119, 11, 59, 180, 84, 108, 42, 176, 244, 177, 8, 199,
       251, 112, 0, 192, 240, 199, 99, 7, 11, 200, 185, 164, 40, 108,
       154, 54, 83, 82, 231, 145, 2, 219, 72, 119, 136, 55, 221, 151,
       144, 71, 209, 132, 40, 250, 196, 188, 213, 248, 144, 42, 188, 178,
       187, 213, 245, 178, 199, 95, 73, 88, 19, 172, 216, 118, 128, 217,
       59, 147, 17, 23, 186, 90, 255, 13, 84, 154, 107, 219, 12, 253,
       158, 247, 119, 225, 231, 250, 70, 79, 248, 18, 238, 189, 238, 81,
       103, 213, 50, 127, 221, 21, 238, 233, 210, 237, 110, 121, 172,
       175, 188, 37, 243, 230, 241, 208, 170, 186, 186, 138, 233, 17,
       215, 182, 23, 132, 49, 183, 151, 98, 91, 167, 187, 109, 16, 58,
       77, 162, 49, 209, 227, 122, 57, 176, 64, 165, 107, 203, 235, 190,
       216, 109, 217, 120, 206, 239, 125, 180, 57, 170, 136, 254, 254,
       203, 66, 238, 92, 150, 107, 230, 241, 30, 89, 86, 123, 210, 156,
       207, 77, 13, 225, 253, 227, 236, 73, 109, 253, 239, 176, 255, 64,
       217, 99, 217, 127, 111, 204, 126, 234, 193, 112, 239, 208, 254,
       216, 231, 164, 63, 242, 227, 161, 72, 188, 191, 93, 189, 252, 49,
       119, 254, 87, 78, 16, 188, 183, 82, 120, 193, 58, 250, 25, 179,
       248, 178, 83, 207, 47, 126, 73, 128, 64, 167, 234, 214, 245, 22,
       174, 155, 99, 182, 239, 191, 162, 233, 59, 76, 254, 45, 81, 251,
       247, 251, 226, 96, 71, 154, 254, 177, 246, 15, 63, 81, 115, 175,
       147, 215, 233, 105, 78, 220, 19, 239, 253, 199, 224, 149, 202,
       113, 205, 190, 36, 62, 192, 91, 238, 195, 33, 191, 253, 127, 8,
       175, 188, 127, 179, 208, 252, 164, 83, 60, 103, 48, 15, 127, 56,
       125, 172, 119, 76, 215, 103, 139, 17, 148, 84, 68, 106, 224, 176,
       41, 12, 231, 187, 101, 132, 66, 179, 70, 33, 93, 157, 253, 215,
       176, 114, 127, 159, 54, 247, 135, 180, 219, 119, 139, 255, 119,
       214, 252, 250, 185, 209, 249, 226, 235, 239, 247, 196, 174, 241,
       172, 113, 173, 253, 248, 119, 189, 125, 87, 184, 219, 254, 61, 61,
       235, 252, 223, 39, 147, 106, 221, 87, 230, 100, 254, 187, 111, 95,
       5, 63, 254, 255, 222, 215, 214, 124, 245, 255, 173, 246, 222, 159,
       155, 250, 123, 23, 207, 255, 87, 142, 191, 255, 181, 147, 239,
       116, 187, 243, 171, 255, 223, 174, 55, 215, 197, 127, 29, 207,
       101, 167, 182, 138, 111, 189, 101, 192, 91, 198, 243, 97, 152,
       229, 126, 230, 30, 239, 249, 184, 109, 237, 236, 168, 167, 196,
       47, 187, 240, 96, 61, 175, 109, 167, 158, 7, 222, 248, 84, 234,
       153, 75, 83, 121, 17, 35, 93, 212, 95, 239, 232, 227, 109, 46,
       250, 143, 229, 180, 101, 251, 112, 3, 1, 143, 127, 249, 180, 169,
       233, 183, 253, 17, 126, 244, 149, 43, 176, 97, 107, 34, 6, 156,
       179, 184, 36, 87, 206, 222, 50, 192, 220, 200, 193, 169, 155, 143,
       192, 251, 178, 187, 110, 191, 63, 1, 94, 246, 253, 103, 152, 228,
       55, 251, 159, 188, 179, 152, 13, 255, 174, 207, 175, 192, 191,
       212, 137, 49, 15, 141, 172, 179, 133, 175, 124, 183, 158, 255, 6,
       21, 220, 111, 91, 203, 129, 103, 187, 31, 180, 216, 91, 162, 237,
       95, 223, 84, 128, 125, 217, 74, 153, 222, 212, 251, 179, 154, 60,
       215, 127, 19, 86, 246, 253, 83, 160, 237, 119, 59, 190, 152, 243,
       220, 111, 255, 174, 251, 63, 194, 191, 132, 137, 173, 21, 95, 91,
       103, 246, 82, 254, 248, 100, 224, 254, 226, 83, 120, 181, 160,
       126, 205, 22, 235, 197, 179, 45, 78, 114, 173, 39, 133, 109, 250,
       105, 9, 20, 201, 239, 39, 210, 66, 175, 232, 54, 228, 75, 131, 81,
       103, 25, 64, 122, 221, 51, 238, 96, 208, 61, 110, 124, 167, 239,
       4, 37, 243, 165, 240, 252, 100, 157, 118, 8, 108, 69, 154, 242,
       178, 163, 24, 215, 49, 73, 123, 1, 212, 108, 26, 41, 101, 219, 2,
       217, 171, 117, 52, 224, 113, 66, 34, 1, 223, 249, 221, 116, 164,
       237, 55, 90, 75, 120, 100, 180, 179, 180, 112, 199, 107, 22, 12,
       227, 154, 164, 111, 100, 60, 182, 136, 28, 208, 225, 249, 65, 184,
       187, 216, 245, 253, 49, 83, 126, 65, 76, 24, 182, 181, 96, 116,
       241, 58, 50, 24, 147, 58, 178, 115, 221, 31, 18, 106, 144, 64,
       135, 234, 247, 92, 92, 254, 203, 118, 94, 234, 185, 242, 174, 26,
       127, 126, 7, 115, 255, 247, 252, 226, 109, 103, 217, 255, 179,
       251, 65, 19, 121, 121, 106, 22, 12, 220, 172, 183, 141, 45, 118,
       175, 158, 191, 15, 21, 246, 255, 91, 75, 145, 70, 121, 31, 54,
       216, 219, 161, 239, 223, 223, 69, 128, 127, 213, 74, 84, 117, 31,
       237, 56, 78, 95, 232, 167, 32, 238, 0, 223, 215, 9, 112, 242, 221,
       255, 226, 105, 211, 251, 94, 243, 245, 3, 31, 50, 179, 38, 50,
       104, 172, 249, 85, 141, 237, 113, 31, 86, 163, 110, 24, 178, 185,
       80, 104, 145, 126, 104, 24, 18, 120, 243, 51, 79, 191, 21, 113,
       194, 200, 196, 42, 79, 59, 150, 218, 169, 148, 60, 83, 175, 157,
       181, 52, 140, 243, 226, 254, 231, 51, 254, 156, 150, 75, 170, 192,
       158, 249, 95, 251, 154, 134, 169, 135, 181, 101, 237, 71, 250, 6,
       79, 248, 17, 162, 191, 234, 81, 103, 217, 55, 127, 220, 93, 238,
       233, 210, 237, 46, 248, 142, 239, 180, 45, 243, 98, 176, 193, 223,
       63, 252, 40, 132, 61, 247, 252, 90, 80, 68, 52, 187, 32, 97, 230,
       51, 62, 76, 227, 13, 34, 127, 241, 170, 126, 136, 24, 16, 161, 43,
       73, 51, 93, 101, 40, 95, 89, 24, 47, 252, 52, 40, 223, 214, 195,
       246, 22, 157, 252, 104, 131, 64, 227, 89, 199, 217, 33, 188, 10,
       130, 15, 117, 41, 48, 182, 13, 125, 95, 209, 123, 127, 237, 246,
       44, 158, 24, 130, 189, 216, 12, 254, 8, 141, 251, 241, 140, 219,
       255, 112, 87, 74, 140, 94, 95, 37, 71, 88, 71, 244, 11, 238, 168,
       116, 164, 123, 192, 195, 99, 157, 16, 90, 204, 38, 110, 108, 176,
       77, 14, 46, 174, 37, 4, 101, 250, 74, 132, 252, 190, 254, 122,
       168, 232, 87, 253, 179, 31, 165, 57, 127, 243, 74, 27, 163, 242,
       237, 18, 122, 111, 138, 51, 251, 227, 116, 121, 226, 194, 230, 43,
       183, 111, 98, 143, 221, 31, 182, 232, 95, 230, 219, 143, 202, 232,
       63, 0, 249, 207, 255, 231, 236, 243, 205, 254, 52, 62, 143, 191,
       93, 127, 251, 198, 63, 29, 121, 111, 118, 127, 251, 121, 85, 104,
       125, 102, 121, 125, 191, 32, 190, 58, 151, 47, 181, 176, 41, 159,
       102, 207, 160, 129, 127, 235, 84, 243, 74, 170, 180, 153, 249,
       249, 185, 207, 190, 29, 84, 185, 172, 182, 98, 79, 199, 27, 235,
       145, 50, 74, 226, 209, 205, 87, 30, 239, 146, 4, 143, 207, 6, 204,
       178, 154, 213, 246, 190, 199, 221, 67, 79, 19, 200, 250, 62, 76,
       249, 110, 155, 177, 52, 179, 24, 254, 63, 126, 158, 67, 151, 95,
       249, 198, 116, 37, 20, 103, 152, 11, 70, 168, 52, 32, 235, 8, 215,
       115, 9, 80, 16, 212, 104, 98, 72, 242, 201, 46, 241, 230, 5, 52,
       96, 107, 2, 32, 40, 56, 168, 187, 108, 233, 185, 210, 54, 87, 116,
       151, 181, 221, 115, 8, 75, 57, 179, 147, 2, 126, 250, 49, 69, 135,
       250, 105, 213, 9, 87, 250, 100, 107, 154, 190, 232, 136, 22, 168,
       170, 132, 169, 73, 246, 227, 107, 82, 210, 101, 104, 110, 68, 67,
