%YAML:1.0
---
descriptors: !!opencv-matrix
   rows: 239
   cols: 32
   dt: u
   data: [ 184, 124, 181, 190, 137, 229, 21, 239, 150, 31, 224, 25, 174,
       183, 32, 219, 201, 251, 235, 0, 58, 79, 82, 51, 249, 243, 94, 123,
       146, 93, 167, 234, 236, 38, 252, 117, 160, 111, 119, 154, 123,
       255, 54, 25, 223, 123, 75, 27, 151, 70, 109, 126, 188, 116, 227,
       34, 207, 223, 101, 21, 192, 241, 206, 99, 236, 232, 188, 123, 253,
       221, 82, 172, 219, 63, 181, 25, 175, 217, 78, 146, 129, 67, 236,
       82, 102, 109, 202, 179, 143, 219, 85, 127, 82, 12, 206, 143, 40,
       159, 81, 126, 249, 201, 87, 119, 193, 4, 252, 40, 231, 247, 2, 20,
       152, 186, 70, 98, 89, 42, 114, 61, 225, 213, 4, 59, 114, 250, 198,
       234, 110, 229, 228, 166, 205, 69, 190, 233, 138, 246, 153, 139,
       72, 236, 125, 143, 221, 193, 243, 231, 228, 99, 222, 232, 61, 90,
       207, 191, 213, 127, 255, 214, 1, 143, 127, 249, 180, 169, 233,
       183, 236, 81, 126, 244, 191, 43, 176, 97, 99, 34, 22, 28, 179,
       184, 36, 245, 238, 223, 50, 192, 220, 136, 193, 169, 131, 223, 96,
       27, 229, 189, 190, 231, 252, 95, 123, 215, 168, 232, 222, 129,
       235, 75, 146, 199, 246, 60, 94, 247, 38, 24, 158, 203, 93, 95,
       249, 204, 113, 143, 109, 237, 150, 170, 109, 55, 68, 65, 254, 246,
       179, 33, 144, 97, 106, 166, 62, 140, 249, 184, 101, 191, 230, 239,
       242, 192, 61, 136, 240, 40, 134, 152, 190, 186, 95, 229, 177, 202,
       158, 25, 82, 19, 236, 254, 97, 72, 229, 123, 251, 81, 34, 205,
       154, 243, 205, 54, 95, 75, 144, 13, 37, 187, 255, 156, 126, 254,
       47, 22, 86, 56, 249, 134, 191, 55, 111, 122, 46, 215, 247, 245,
       252, 98, 236, 231, 25, 255, 179, 255, 67, 19, 47, 231, 104, 71,
       134, 105, 144, 155, 205, 213, 182, 204, 30, 51, 65, 18, 204, 210,
       109, 141, 217, 89, 147, 82, 38, 118, 90, 241, 5, 16, 159, 111,
       146, 31, 153, 134, 64, 185, 23, 122, 235, 200, 53, 165, 234, 216,
       160, 40, 190, 247, 64, 114, 162, 119, 232, 64, 83, 75, 186, 121,
       253, 178, 71, 59, 200, 114, 167, 51, 244, 119, 233, 196, 250, 6,
       79, 217, 18, 238, 189, 239, 81, 231, 203, 82, 127, 205, 21, 238,
       233, 67, 189, 74, 120, 141, 175, 188, 165, 243, 39, 249, 138, 20,
       190, 252, 235, 230, 181, 127, 189, 30, 124, 16, 108, 251, 36, 95,
       167, 51, 247, 32, 96, 195, 50, 221, 83, 251, 90, 139, 210, 112,
       167, 163, 208, 174, 149, 186, 138, 224, 17, 139, 186, 19, 160,
       185, 255, 242, 72, 91, 131, 115, 104, 144, 42, 79, 203, 113, 216,
       130, 95, 121, 176, 64, 167, 10, 255, 253, 248, 115, 239, 61, 119,
       182, 251, 255, 63, 61, 78, 125, 222, 55, 175, 94, 253, 87, 252,
       124, 248, 162, 127, 223, 85, 247, 231, 255, 222, 215, 14, 193,
       166, 179, 195, 117, 188, 207, 63, 127, 86, 147, 140, 190, 123,
       205, 247, 219, 183, 151, 150, 216, 31, 240, 191, 82, 222, 199,
       158, 85, 185, 222, 63, 180, 175, 254, 156, 119, 222, 251, 86, 226,
       151, 82, 243, 252, 52, 161, 221, 246, 253, 171, 173, 233, 127,
       191, 251, 239, 255, 213, 173, 104, 176, 124, 12, 115, 60, 103, 48,
       14, 127, 56, 104, 140, 119, 100, 215, 99, 137, 16, 182, 84, 101,
       110, 224, 176, 137, 12, 231, 187, 97, 132, 64, 179, 71, 177, 204,
       241, 252, 86, 141, 93, 124, 152, 235, 182, 165, 8, 138, 251, 93,
       191, 129, 204, 238, 90, 66, 101, 250, 224, 79, 217, 85, 63, 66,
       249, 206, 38, 221, 87, 93, 231, 32, 10, 79, 56, 36, 202, 151, 228,
       215, 35, 153, 115, 102, 196, 124, 110, 233, 196, 237, 12, 228,
       235, 226, 128, 44, 179, 96, 49, 88, 169, 28, 184, 152, 205, 81,
       47, 162, 21, 168, 9, 183, 151, 66, 16, 128, 147, 237, 16, 90, 75,
       194, 21, 217, 193, 58, 121, 48, 0, 135, 10, 79, 156, 172, 183,
       149, 63, 95, 183, 30, 247, 6, 21, 220, 125, 90, 75, 193, 71, 57,
       29, 182, 216, 123, 163, 239, 95, 223, 116, 146, 125, 153, 90, 1,
       42, 215, 181, 100, 171, 232, 23, 126, 210, 114, 244, 189, 130,
       241, 104, 119, 44, 54, 28, 163, 252, 7, 200, 12, 190, 243, 128,
       140, 160, 97, 185, 129, 14, 255, 253, 54, 174, 105, 23, 124, 194,
       114, 86, 247, 99, 177, 112, 119, 108, 22, 40, 161, 188, 37, 78,
       108, 174, 55, 128, 236, 240, 65, 169, 252, 245, 149, 226, 185,
       127, 86, 168, 51, 186, 168, 41, 207, 23, 65, 178, 145, 221, 253,
       114, 47, 66, 219, 190, 187, 209, 141, 127, 138, 63, 14, 50, 173,
       124, 229, 119, 237, 86, 238, 188, 87, 234, 91, 69, 89, 125, 95,
       175, 157, 100, 177, 239, 229, 244, 255, 170, 47, 95, 229, 132,
       207, 247, 88, 213, 189, 149, 108, 167, 158, 87, 223, 248, 80, 234,
       189, 14, 83, 124, 155, 35, 125, 196, 92, 175, 237, 239, 125, 14,
       251, 143, 239, 181, 109, 251, 122, 209, 6, 209, 166, 147, 229,
       214, 188, 197, 63, 85, 87, 39, 76, 254, 127, 204, 243, 75, 179,
       215, 86, 216, 59, 240, 63, 86, 222, 199, 150, 86, 189, 222, 201,
       170, 159, 120, 40, 237, 113, 7, 251, 31, 180, 24, 190, 147, 192,
       59, 133, 51, 108, 24, 50, 109, 162, 83, 217, 251, 114, 122, 192,
       64, 135, 41, 199, 111, 81, 211, 244, 54, 239, 183, 93, 106, 123,
       120, 252, 119, 157, 173, 183, 87, 94, 238, 241, 244, 237, 238, 52,
       62, 175, 130, 142, 243, 129, 165, 190, 39, 230, 178, 237, 127,
       252, 207, 187, 190, 189, 27, 78, 239, 79, 159, 187, 255, 255, 55,
       60, 231, 170, 194, 187, 211, 223, 191, 199, 127, 215, 195, 167,
       224, 105, 251, 220, 237, 233, 216, 94, 125, 209, 19, 145, 220,
       125, 41, 217, 137, 55, 149, 190, 118, 90, 181, 79, 91, 251, 236,
       149, 9, 214, 242, 200, 170, 156, 63, 168, 168, 13, 143, 182, 183,
       134, 144, 231, 227, 194, 91, 7, 119, 104, 152, 58, 76, 239, 51,
       204, 162, 95, 93, 160, 240, 135, 64, 93, 185, 252, 119, 179, 90,
       126, 184, 115, 253, 183, 160, 91, 127, 206, 255, 119, 215, 253,
       250, 220, 217, 253, 225, 255, 255, 247, 199, 174, 247, 238, 87,
       245, 55, 237, 103, 218, 6, 207, 248, 16, 234, 191, 238, 81, 103,
       209, 55, 127, 220, 85, 238, 233, 211, 237, 110, 121, 142, 239,
       180, 37, 243, 102, 241, 6, 84, 174, 155, 245, 242, 190, 199, 29,
       71, 71, 19, 204, 254, 62, 200, 241, 111, 179, 145, 54, 144, 57,
       238, 47, 55, 154, 67, 132, 93, 189, 70, 121, 188, 182, 58, 105,
       189, 88, 210, 235, 93, 184, 13, 47, 250, 66, 186, 165, 163, 236,
       21, 158, 43, 154, 177, 219, 221, 112, 123, 234, 70, 74, 95, 138,
       20, 150, 220, 203, 102, 181, 231, 189, 31, 100, 19, 44, 191, 38,
       75, 239, 87, 179, 128, 48, 207, 18, 226, 87, 182, 94, 11, 146, 80,
       167, 251, 205, 82, 157, 246, 40, 108, 77, 24, 57, 218, 55, 116,
       223, 119, 201, 123, 23, 212, 125, 42, 161, 68, 235, 66, 197, 251,
       115, 132, 136, 241, 35, 113, 201, 240, 89, 109, 58, 223, 89, 24,
       175, 236, 180, 172, 255, 215, 202, 246, 22, 157, 236, 232, 195, 4,
       243, 93, 206, 209, 33, 188, 58, 162, 15, 113, 77, 113, 26, 37, 17,
       94, 118, 48, 105, 200, 108, 77, 222, 26, 19, 240, 148, 13, 92,
       111, 205, 144, 49, 76, 165, 125, 2, 2, 10, 55, 43, 87, 152, 149,
       55, 229, 174, 70, 133, 251, 156, 190, 146, 114, 223, 55, 40, 99,
       247, 87, 108, 99, 121, 205, 57, 13, 185, 227, 111, 150, 0, 104,
       165, 51, 193, 143, 63, 252, 164, 140, 109, 183, 252, 91, 122, 116,
       181, 235, 176, 97, 230, 35, 63, 12, 243, 169, 34, 119, 228, 186,
       118, 136, 28, 144, 161, 41, 54, 229, 172, 167, 205, 71, 158, 232,
       10, 178, 137, 139, 85, 252, 93, 130, 217, 221, 251, 231, 76, 99,
       219, 168, 185, 199, 207, 63, 5, 127, 95, 210, 135, 239, 107, 195,
       198, 120, 254, 229, 105, 110, 125, 154, 73, 174, 223, 162, 43,
       207, 247, 203, 244, 62, 172, 226, 63, 77, 174, 165, 103, 243, 255,
       222, 92, 184, 186, 248, 139, 68, 89, 219, 163, 21, 165, 29, 31,
       215, 74, 90, 231, 223, 253, 144, 26, 75, 154, 1, 219, 225, 39,
       125, 160, 129, 174, 83, 218, 210, 120, 253, 42, 0, 63, 95, 173,
       31, 84, 243, 172, 207, 168, 83, 102, 19, 207, 194, 226, 5, 231,
