%YAML:1.0
---
descriptors: !!opencv-matrix
   rows: 211
   cols: 32
   dt: u
   data: [ 154, 108, 230, 237, 55, 118, 122, 214, 52, 238, 214, 131, 57,
       63, 147, 235, 110, 253, 157, 253, 172, 213, 181, 234, 243, 239,
       254, 129, 167, 245, 60, 219, 99, 201, 52, 190, 57, 213, 88, 105,
       175, 24, 177, 9, 238, 218, 46, 113, 200, 41, 223, 99, 222, 3, 122,
       221, 179, 248, 203, 59, 16, 38, 111, 71, 70, 185, 48, 218, 61,
       157, 50, 233, 239, 16, 137, 8, 174, 218, 109, 68, 162, 59, 235,
       82, 6, 41, 154, 245, 159, 152, 3, 123, 18, 15, 13, 15, 62, 56, 49,
       232, 63, 217, 147, 72, 139, 140, 188, 42, 46, 220, 45, 164, 158,
       185, 215, 225, 10, 35, 122, 253, 211, 212, 9, 187, 87, 47, 7, 247,
       246, 101, 235, 230, 205, 65, 215, 236, 201, 166, 169, 11, 106,
       253, 125, 2, 248, 245, 249, 227, 72, 99, 154, 170, 243, 213, 141,
       63, 101, 123, 86, 98, 41, 45, 26, 126, 189, 223, 86, 165, 199,
       232, 172, 8, 246, 248, 19, 48, 152, 110, 92, 106, 93, 235, 106,
       60, 235, 223, 37, 59, 74, 58, 218, 11, 40, 185, 49, 58, 253, 205,
       23, 199, 251, 125, 41, 24, 174, 181, 64, 148, 129, 58, 195, 16,
       18, 42, 250, 243, 111, 84, 21, 127, 210, 86, 215, 251, 56, 241,
       19, 110, 211, 210, 87, 229, 229, 13, 232, 32, 110, 247, 40, 244,
       248, 250, 194, 96, 89, 171, 48, 45, 187, 229, 6, 11, 98, 18, 230,
       170, 157, 239, 99, 225, 54, 139, 175, 249, 60, 224, 90, 198, 221,
       79, 145, 160, 62, 121, 23, 239, 225, 176, 13, 223, 228, 204, 175,
       132, 45, 178, 49, 177, 40, 103, 72, 69, 112, 10, 111, 56, 48, 132,
       127, 204, 211, 7, 129, 16, 30, 220, 7, 106, 192, 176, 205, 78,
       102, 175, 33, 4, 103, 178, 70, 160, 186, 92, 22, 188, 5, 215, 212,
       103, 157, 206, 246, 3, 46, 188, 38, 132, 200, 185, 167, 1, 108,
       191, 18, 223, 227, 247, 222, 19, 83, 60, 252, 222, 10, 169, 51,
       216, 203, 192, 181, 231, 175, 21, 76, 177, 172, 191, 102, 84, 227,
       59, 235, 129, 82, 9, 162, 245, 255, 116, 26, 107, 18, 4, 167, 239,
       198, 251, 252, 178, 249, 205, 253, 237, 187, 213, 180, 189, 238,
       255, 78, 27, 191, 251, 255, 85, 242, 111, 154, 245, 255, 95, 95,
       235, 197, 132, 239, 219, 64, 16, 155, 236, 108, 70, 121, 91, 238,
       201, 246, 2, 149, 147, 32, 123, 227, 181, 127, 176, 1, 95, 179,
       76, 221, 175, 250, 12, 136, 32, 37, 59, 87, 132, 236, 187, 141,
       126, 92, 139, 127, 247, 155, 27, 206, 126, 94, 123, 243, 199, 255,
       183, 188, 67, 255, 208, 159, 127, 223, 215, 180, 117, 229, 86, 73,
       180, 189, 225, 181, 125, 80, 159, 123, 191, 44, 24, 158, 59, 72,
       186, 129, 22, 236, 24, 31, 124, 241, 16, 207, 223, 85, 117, 194,
       64, 206, 43, 170, 209, 118, 91, 205, 213, 252, 119, 221, 7, 244,
       19, 40, 93, 62, 129, 200, 178, 147, 192, 242, 174, 114, 255, 39,
       123, 214, 75, 83, 140, 252, 222, 65, 48, 251, 225, 114, 236, 185,
       87, 42, 105, 126, 2, 189, 31, 64, 120, 166, 191, 55, 145, 147,
       218, 177, 85, 85, 169, 122, 232, 129, 0, 39, 171, 129, 170, 104,
       185, 204, 169, 224, 83, 236, 17, 116, 246, 185, 136, 246, 43, 106,
       11, 22, 157, 150, 60, 70, 209, 68, 25, 50, 232, 253, 200, 217,
       136, 106, 48, 178, 158, 93, 244, 184, 73, 159, 13, 199, 19, 140,
       222, 110, 204, 208, 61, 171, 129, 22, 95, 242, 213, 31, 118, 154,
       75, 146, 12, 61, 198, 177, 64, 106, 12, 78, 27, 224, 92, 68, 96,
       246, 78, 19, 24, 183, 160, 120, 132, 94, 237, 205, 183, 85, 140,
       22, 105, 162, 20, 109, 190, 122, 140, 44, 181, 176, 234, 221, 253,
       82, 75, 23, 117, 109, 25, 14, 253, 106, 156, 217, 154, 147, 24,
       30, 50, 122, 146, 223, 221, 21, 127, 242, 79, 220, 194, 6, 149,
       148, 155, 237, 253, 184, 235, 143, 53, 57, 27, 140, 252, 126, 142,
       143, 19, 219, 17, 22, 97, 26, 213, 15, 18, 79, 255, 214, 78, 157,
       215, 2, 57, 146, 149, 245, 166, 184, 7, 62, 139, 90, 18, 172, 182,
       97, 72, 245, 127, 179, 144, 18, 216, 211, 194, 13, 54, 159, 194,
       128, 96, 161, 139, 157, 88, 83, 254, 75, 196, 82, 240, 165, 64,
       225, 6, 127, 223, 33, 112, 246, 249, 151, 226, 201, 135, 26, 253,
       243, 233, 2, 10, 123, 51, 34, 171, 184, 10, 44, 169, 14, 171, 233,
       87, 4, 53, 214, 247, 147, 129, 176, 73, 106, 168, 47, 157, 154,
       190, 71, 144, 196, 129, 186, 192, 61, 136, 144, 137, 21, 217, 123,
       69, 118, 207, 239, 240, 124, 104, 123, 98, 247, 23, 180, 32, 54,
       125, 22, 106, 193, 184, 61, 125, 44, 172, 39, 132, 109, 162, 99,
       169, 5, 7, 18, 143, 220, 173, 167, 228, 92, 36, 219, 70, 196, 226,
       174, 68, 120, 238, 106, 110, 132, 179, 221, 239, 180, 52, 10, 26,
       152, 95, 177, 132, 78, 191, 179, 178, 243, 236, 55, 151, 187, 249,
       31, 185, 172, 255, 72, 12, 167, 127, 253, 17, 147, 89, 138, 242,
       253, 84, 62, 234, 134, 86, 135, 123, 47, 93, 237, 87, 198, 23,
       191, 188, 82, 234, 94, 134, 89, 125, 159, 37, 63, 223, 51, 239,
       225, 242, 125, 236, 111, 47, 237, 132, 111, 255, 209, 245, 91, 22,
       107, 163, 182, 62, 187, 23, 120, 111, 95, 245, 221, 60, 146, 112,
       39, 151, 93, 61, 177, 156, 117, 46, 228, 239, 186, 192, 172, 195,
       147, 113, 210, 248, 252, 187, 239, 205, 249, 237, 59, 245, 176,
       153, 255, 223, 94, 27, 175, 219, 255, 85, 82, 111, 219, 245, 221,
       211, 95, 255, 69, 4, 167, 251, 215, 67, 222, 36, 42, 2, 94, 180,
       169, 192, 130, 205, 95, 111, 27, 82, 54, 229, 125, 238, 201, 129,
       151, 72, 242, 160, 77, 16, 44, 243, 168, 24, 71, 155, 133, 183,
       162, 32, 60, 135, 191, 215, 3, 247, 237, 102, 90, 203, 167, 71,
       125, 149, 151, 216, 159, 224, 140, 114, 222, 194, 172, 213, 161,
       93, 254, 28, 246, 244, 237, 118, 90, 98, 177, 142, 246, 3, 72,
       190, 39, 223, 233, 245, 255, 242, 60, 207, 177, 238, 27, 255, 215,
       131, 167, 245, 124, 79, 186, 212, 54, 255, 13, 213, 212, 39, 151,
       15, 246, 19, 235, 252, 38, 196, 216, 187, 191, 1, 108, 174, 115,
       191, 163, 255, 222, 27, 83, 28, 220, 94, 172, 149, 52, 91, 221,
       221, 212, 127, 223, 93, 245, 17, 218, 93, 62, 233, 201, 18, 147,
       57, 250, 42, 123, 149, 111, 219, 212, 127, 211, 12, 220, 210, 94,
       56, 230, 247, 149, 246, 122, 210, 181, 196, 214, 131, 109, 191,
       51, 239, 230, 247, 189, 211, 172, 217, 181, 236, 159, 126, 222,
       131, 167, 245, 60, 94, 44, 52, 248, 67, 253, 253, 211, 218, 79,
       253, 189, 24, 154, 253, 79, 188, 217, 26, 210, 24, 18, 34, 120,
       178, 79, 221, 17, 119, 211, 75, 78, 246, 200, 60, 55, 183, 41,
       237, 49, 18, 191, 127, 35, 93, 190, 151, 1, 91, 133, 55, 237, 0,
       34, 221, 146, 123, 199, 247, 82, 18, 128, 69, 7, 123, 252, 253,
       251, 254, 157, 102, 87, 233, 81, 138, 189, 10, 122, 125, 13, 49,
       249, 246, 245, 99, 120, 227, 218, 175, 251, 239, 197, 27, 99, 123,
       246, 35, 23, 28, 167, 151, 134, 102, 173, 103, 124, 215, 67, 215,
       205, 46, 182, 111, 103, 71, 59, 159, 181, 221, 53, 224, 132, 34,
       222, 128, 173, 117, 177, 92, 10, 223, 14, 191, 33, 132, 60, 246,
       190, 29, 74, 245, 172, 131, 34, 64, 229, 43, 191, 133, 66, 153,
       18, 253, 228, 50, 190, 138, 24, 84, 185, 155, 184, 249, 120, 106,
       87, 213, 94, 252, 67, 108, 252, 10, 59, 159, 83, 176, 62, 153,
       149, 195, 202, 62, 248, 191, 243, 205, 32, 169, 119, 154, 78, 235,
       82, 185, 48, 170, 29, 141, 18, 232, 239, 12, 185, 79, 174, 218,
       111, 144, 166, 177, 207, 67, 134, 43, 26, 253, 187, 216, 3, 123,
       16, 15, 15, 15, 56, 221, 27, 110, 27, 210, 18, 237, 198, 9, 237,
       32, 110, 215, 40, 240, 216, 250, 198, 80, 94, 171, 42, 61, 251,
       229, 36, 91, 114, 10, 174, 171, 249, 92, 75, 103, 36, 14, 78, 188,
       113, 202, 246, 100, 243, 19, 145, 115, 114, 228, 60, 238, 233,
       148, 253, 46, 242, 235, 228, 128, 46, 179, 114, 41, 30, 53, 244,
       163, 173, 125, 252, 143, 15, 255, 28, 11, 239, 124, 95, 142, 191,
       223, 255, 49, 30, 120, 251, 241, 175, 222, 223, 247, 231, 94, 213,
