%YAML:1.0
---
descriptors: !!opencv-matrix
   rows: 301
   cols: 32
   dt: u
   data: [ 172, 121, 237, 101, 68, 91, 197, 16, 64, 228, 182, 10, 51, 21,
       83, 59, 8, 244, 210, 106, 72, 246, 245, 40, 71, 203, 229, 49, 103,
       185, 86, 234, 161, 202, 183, 220, 252, 167, 153, 159, 222, 187,
       80, 120, 212, 153, 181, 8, 159, 61, 55, 29, 160, 254, 67, 223, 76,
       62, 121, 244, 212, 136, 83, 169, 6, 216, 182, 155, 233, 244, 188,
       135, 158, 159, 19, 48, 236, 254, 109, 207, 135, 119, 187, 19, 34,
       76, 155, 241, 15, 54, 95, 239, 146, 85, 173, 15, 88, 157, 122,
       237, 116, 238, 123, 119, 45, 13, 254, 3, 123, 119, 130, 80, 126,
       190, 23, 168, 88, 152, 81, 109, 247, 239, 162, 192, 33, 128, 230,
       251, 139, 20, 167, 157, 173, 118, 172, 43, 93, 250, 91, 86, 200,
       56, 181, 239, 217, 103, 186, 37, 181, 244, 117, 202, 4, 126, 218,
       134, 143, 109, 185, 149, 20, 245, 90, 231, 240, 14, 127, 253, 48,
       172, 254, 34, 87, 55, 171, 80, 126, 221, 23, 234, 88, 154, 9, 110,
       255, 173, 167, 132, 33, 179, 166, 225, 154, 220, 255, 254, 139,
       224, 61, 231, 159, 87, 196, 179, 44, 183, 32, 105, 99, 179, 187,
       128, 98, 79, 50, 255, 243, 231, 218, 139, 51, 80, 165, 250, 218,
       28, 191, 254, 139, 224, 53, 199, 189, 211, 70, 18, 60, 255, 33,
       107, 163, 115, 187, 144, 49, 205, 178, 234, 219, 243, 94, 11, 136,
       112, 165, 58, 24, 27, 63, 175, 34, 130, 31, 114, 100, 4, 202, 225,
       255, 102, 35, 112, 118, 247, 172, 227, 200, 153, 37, 61, 224, 227,
       106, 128, 36, 179, 37, 105, 254, 255, 216, 200, 218, 3, 31, 216,
       18, 244, 189, 175, 89, 71, 203, 26, 127, 205, 213, 254, 178, 71,
       255, 82, 122, 205, 175, 253, 191, 179, 39, 209, 182, 170, 4, 154,
       191, 145, 150, 232, 159, 182, 208, 179, 175, 200, 246, 133, 217,
       91, 130, 83, 62, 111, 78, 183, 152, 212, 143, 127, 85, 12, 61,
       132, 66, 188, 191, 55, 242, 238, 49, 214, 59, 255, 107, 249, 188,
       151, 72, 26, 183, 127, 96, 18, 19, 222, 235, 103, 141, 150, 21,
       66, 192, 83, 135, 255, 249, 50, 156, 112, 169, 189, 80, 95, 243,
       159, 180, 29, 31, 249, 66, 155, 165, 130, 228, 28, 190, 111, 146,
       2, 219, 219, 117, 121, 234, 192, 202, 131, 44, 119, 122, 69, 112,
       11, 111, 48, 112, 164, 126, 232, 83, 5, 133, 16, 30, 220, 7, 106,
       192, 176, 237, 14, 102, 141, 37, 164, 103, 187, 70, 161, 169, 190,
       48, 27, 213, 149, 170, 207, 94, 29, 52, 84, 168, 202, 86, 132,
       153, 75, 130, 153, 182, 110, 90, 247, 46, 93, 159, 105, 91, 4,
       203, 142, 73, 184, 181, 247, 48, 204, 105, 178, 226, 249, 22, 100,
       181, 55, 192, 98, 7, 87, 124, 24, 195, 88, 243, 97, 205, 190, 127,
       224, 136, 128, 1, 57, 187, 52, 241, 229, 87, 55, 216, 119, 17,
       226, 240, 222, 25, 61, 20, 177, 95, 189, 149, 173, 185, 126, 85,
       206, 91, 223, 153, 176, 127, 236, 82, 168, 10, 184, 178, 152, 225,
       253, 176, 71, 191, 95, 118, 17, 172, 158, 102, 204, 167, 59, 179,
       17, 22, 220, 50, 243, 15, 86, 30, 107, 146, 68, 143, 223, 181, 68,
       103, 93, 68, 75, 239, 248, 117, 226, 242, 218, 83, 109, 149, 245,
       121, 228, 54, 238, 233, 246, 125, 14, 54, 170, 229, 4, 111, 184,
       112, 160, 93, 100, 105, 229, 38, 30, 254, 24, 97, 226, 31, 194,
       223, 29, 219, 171, 54, 85, 221, 239, 201, 244, 245, 136, 231, 233,
       239, 149, 103, 247, 27, 113, 8, 180, 188, 115, 185, 249, 49, 203,
       126, 63, 45, 24, 142, 247, 74, 108, 129, 26, 234, 16, 54, 124,
       123, 151, 207, 215, 85, 103, 146, 72, 141, 166, 40, 142, 213, 220,
       124, 171, 233, 190, 90, 179, 112, 216, 245, 99, 176, 13, 91, 106,
       2, 60, 50, 110, 78, 223, 76, 158, 255, 108, 148, 232, 81, 160,
       244, 55, 233, 68, 218, 70, 79, 248, 18, 238, 188, 239, 81, 103,
       207, 19, 127, 221, 85, 238, 249, 83, 253, 106, 121, 143, 175, 188,
       165, 243, 102, 241, 21, 69, 121, 71, 118, 75, 111, 252, 100, 172,
       126, 10, 83, 67, 153, 48, 62, 204, 6, 106, 193, 176, 45, 46, 101,
       141, 37, 4, 101, 186, 70, 241, 188, 79, 91, 254, 211, 225, 95,
       244, 20, 6, 253, 179, 121, 239, 43, 81, 127, 251, 135, 242, 122,
       171, 40, 47, 123, 231, 164, 9, 243, 243, 236, 226, 92, 13, 186,
       172, 180, 150, 94, 180, 173, 140, 218, 1, 223, 251, 35, 192, 246,
       239, 189, 227, 76, 147, 168, 140, 250, 245, 175, 133, 32, 179,
       173, 67, 10, 77, 150, 159, 191, 187, 190, 103, 143, 8, 222, 2,
       172, 250, 39, 196, 230, 115, 255, 1, 70, 169, 67, 253, 166, 214,
       94, 147, 22, 221, 41, 141, 9, 157, 46, 31, 145, 150, 109, 247,
       117, 69, 110, 4, 185, 230, 50, 100, 232, 106, 34, 140, 247, 216,
       51, 255, 239, 255, 22, 0, 74, 84, 233, 254, 82, 46, 151, 244, 234,
       224, 56, 198, 169, 158, 250, 225, 44, 239, 101, 91, 167, 251, 239,
       208, 0, 203, 130, 232, 145, 178, 94, 139, 128, 81, 39, 235, 190,
       6, 100, 238, 122, 50, 95, 248, 21, 14, 245, 247, 105, 111, 187,
       209, 126, 217, 135, 230, 172, 134, 110, 175, 114, 231, 232, 141,
       55, 255, 110, 209, 189, 181, 237, 102, 156, 87, 206, 252, 80, 250,
       189, 206, 83, 124, 191, 163, 93, 196, 84, 239, 237, 227, 125, 142,
       251, 207, 229, 188, 125, 251, 122, 252, 211, 221, 78, 47, 18, 134,
       190, 180, 164, 66, 230, 199, 97, 79, 51, 65, 118, 101, 125, 231,
       237, 141, 21, 175, 242, 239, 138, 145, 45, 183, 105, 26, 187, 20,
       97, 245, 119, 191, 216, 55, 17, 227, 127, 255, 59, 61, 20, 160,
       223, 191, 149, 133, 185, 190, 117, 142, 79, 223, 184, 194, 111,
       204, 90, 249, 61, 95, 106, 229, 118, 58, 111, 112, 117, 232, 127,
       230, 91, 233, 183, 240, 126, 236, 22, 238, 205, 176, 45, 142, 246,
       237, 163, 132, 111, 255, 122, 129, 7, 21, 183, 213, 164, 118, 164,
       175, 92, 251, 91, 82, 192, 60, 180, 239, 221, 78, 186, 13, 181,
       248, 117, 194, 13, 126, 254, 198, 197, 124, 241, 245, 13, 177,
       217, 35, 250, 43, 41, 159, 62, 241, 41, 245, 213, 38, 202, 56, 23,
       15, 74, 20, 19, 88, 109, 23, 76, 143, 53, 228, 144, 194, 129, 241,
       130, 166, 18, 154, 237, 249, 184, 71, 190, 23, 80, 177, 172, 138,
       114, 201, 163, 43, 139, 149, 50, 124, 2, 243, 12, 22, 90, 235,
       148, 76, 141, 206, 84, 107, 94, 52, 50, 219, 182, 224, 172, 164,
       82, 171, 37, 138, 167, 81, 162, 125, 109, 66, 68, 217, 132, 44,
       242, 163, 111, 177, 37, 59, 15, 131, 7, 1, 162, 139, 189, 189,
       176, 2, 238, 81, 91, 5, 140, 136, 126, 236, 139, 3, 219, 21, 150,
       41, 54, 209, 12, 28, 10, 67, 220, 79, 89, 198, 223, 130, 208, 129,
       111, 56, 248, 200, 107, 55, 177, 31, 142, 10, 223, 219, 235, 133,
       238, 151, 6, 119, 204, 208, 156, 152, 219, 119, 181, 165, 107,
       132, 213, 69, 193, 69, 50, 10, 111, 56, 48, 224, 91, 206, 81, 37,
       153, 165, 54, 204, 53, 238, 225, 208, 189, 78, 180, 40, 237, 132,
       109, 243, 3, 112, 254, 88, 189, 112, 75, 69, 149, 200, 171, 254,
       177, 31, 92, 222, 77, 27, 141, 245, 253, 227, 233, 71, 250, 80,
       81, 10, 223, 190, 89, 117, 6, 115, 40, 189, 49, 90, 221, 213, 19,
       196, 159, 61, 172, 8, 174, 213, 108, 148, 217, 58, 195, 82, 19,
       58, 122, 119, 47, 84, 21, 127, 210, 7, 214, 235, 175, 184, 147,
       82, 237, 221, 48, 199, 251, 251, 32, 28, 44, 208, 76, 189, 145,
       122, 242, 16, 55, 79, 154, 243, 15, 92, 21, 111, 138, 68, 219,
       159, 102, 51, 217, 129, 234, 43, 186, 24, 43, 243, 39, 237, 196,
       163, 201, 30, 54, 85, 109, 118, 17, 83, 201, 64, 94, 148, 77, 246,
       140, 243, 11, 145, 30, 21, 191, 183, 178, 224, 49, 71, 170, 253,
       11, 181, 236, 254, 74, 26, 167, 115, 253, 145, 19, 73, 170, 114,
       201, 39, 126, 195, 128, 71, 167, 243, 170, 172, 144, 155, 221,
       253, 176, 207, 31, 23, 64, 19, 172, 216, 110, 204, 217, 59, 163,
       17, 54, 126, 90, 247, 15, 86, 159, 107, 146, 76, 157, 142, 123,
       99, 132, 166, 9, 31, 146, 172, 2, 160, 162, 207, 202, 104, 75,
       210, 220, 197, 236, 118, 204, 67, 205, 136, 184, 50, 205, 182, 10,
