%YAML:1.0
---
descriptors: !!opencv-matrix
   rows: 335
   cols: 32
   dt: u
   data: [ 221, 113, 191, 246, 232, 76, 95, 144, 163, 222, 167, 8, 183,
       215, 73, 122, 164, 213, 125, 78, 75, 71, 250, 32, 215, 185, 100,
       48, 40, 243, 98, 122, 9, 209, 115, 75, 244, 204, 239, 53, 237, 77,
       127, 96, 219, 213, 188, 116, 119, 58, 6, 24, 211, 184, 60, 117,
       111, 188, 54, 64, 246, 138, 198, 241, 79, 247, 196, 163, 180, 26,
       110, 191, 59, 115, 154, 247, 207, 106, 218, 211, 119, 199, 125,
       255, 255, 88, 205, 247, 174, 127, 239, 228, 174, 214, 219, 93, 88,
       172, 155, 246, 53, 232, 80, 7, 169, 149, 174, 9, 191, 191, 64,
       114, 130, 191, 253, 17, 26, 233, 194, 129, 219, 245, 16, 121, 162,
       130, 135, 10, 120, 61, 249, 69, 207, 78, 117, 255, 67, 254, 60,
       40, 30, 61, 69, 47, 43, 212, 241, 40, 193, 122, 176, 8, 119, 138,
       85, 54, 99, 248, 70, 251, 241, 252, 187, 120, 88, 205, 81, 219,
       251, 90, 160, 28, 54, 223, 72, 48, 161, 179, 94, 16, 107, 111,
       178, 83, 251, 157, 55, 122, 88, 0, 67, 59, 92, 121, 27, 190, 27,
       204, 179, 80, 172, 12, 203, 0, 188, 215, 33, 64, 166, 57, 91, 67,
       65, 1, 146, 109, 209, 161, 43, 10, 0, 35, 39, 243, 144, 14, 31,
       188, 128, 164, 29, 103, 180, 7, 194, 145, 183, 167, 32, 89, 228,
       59, 9, 132, 58, 141, 18, 47, 209, 227, 218, 8, 144, 80, 165, 58,
       24, 53, 19, 232, 19, 239, 83, 83, 169, 8, 233, 8, 222, 247, 33,
       112, 178, 185, 93, 32, 25, 131, 56, 31, 241, 196, 33, 58, 112, 66,
       39, 51, 217, 60, 238, 117, 227, 118, 127, 183, 113, 206, 86, 183,
       57, 63, 147, 239, 55, 126, 181, 140, 240, 220, 181, 170, 111, 239,
       246, 129, 167, 244, 239, 249, 120, 64, 189, 244, 12, 76, 85, 20,
       226, 254, 167, 8, 243, 183, 65, 123, 192, 212, 125, 74, 105, 71,
       243, 1, 211, 239, 113, 53, 160, 56, 86, 106, 214, 253, 58, 170,
       27, 209, 147, 200, 175, 132, 172, 171, 108, 222, 103, 2, 238, 249,
       235, 243, 70, 7, 186, 247, 251, 85, 15, 123, 21, 23, 39, 90, 123,
       126, 245, 93, 123, 254, 89, 182, 251, 236, 60, 173, 42, 191, 215,
       246, 135, 247, 253, 93, 143, 72, 247, 255, 79, 127, 81, 187, 46,
       180, 78, 127, 53, 4, 67, 9, 84, 43, 226, 64, 116, 33, 235, 146,
       195, 0, 149, 72, 120, 140, 2, 60, 56, 178, 69, 14, 20, 174, 2, 68,
       229, 235, 114, 128, 111, 63, 96, 92, 59, 253, 154, 250, 239, 252,
       188, 237, 170, 252, 215, 182, 135, 113, 255, 71, 151, 107, 246,
       253, 26, 89, 1, 191, 95, 173, 78, 85, 0, 141, 20, 137, 149, 163,
       174, 39, 14, 1, 90, 2, 164, 42, 32, 64, 234, 42, 2, 0, 82, 184,
       65, 221, 45, 52, 154, 65, 20, 10, 177, 138, 86, 25, 10, 190, 27,
       228, 18, 80, 164, 132, 206, 167, 109, 247, 35, 80, 244, 243, 233,
       195, 12, 139, 146, 104, 209, 229, 138, 11, 40, 35, 45, 90, 95, 73,
       66, 76, 48, 146, 78, 32, 37, 192, 110, 161, 105, 66, 183, 244,
       114, 237, 188, 238, 76, 144, 37, 236, 242, 253, 166, 129, 62, 183,
       42, 12, 203, 90, 175, 29, 40, 84, 29, 55, 173, 94, 214, 181, 188,
       55, 131, 127, 198, 116, 253, 140, 229, 205, 183, 201, 227, 123,
       126, 146, 14, 244, 165, 127, 96, 107, 120, 232, 42, 201, 19, 6,
       142, 28, 188, 169, 183, 159, 65, 82, 198, 59, 205, 64, 66, 11,
       194, 49, 227, 193, 32, 185, 16, 152, 7, 27, 56, 153, 59, 234, 241,
       205, 91, 113, 173, 76, 125, 9, 63, 159, 32, 16, 166, 187, 213, 66,
       88, 171, 18, 189, 243, 221, 32, 211, 114, 2, 134, 243, 92, 187,
       85, 179, 185, 141, 122, 176, 175, 124, 187, 109, 239, 95, 136,
       146, 166, 243, 207, 80, 14, 8, 200, 253, 254, 221, 39, 243, 202,
       134, 71, 27, 187, 71, 82, 76, 118, 27, 206, 121, 89, 98, 249, 206,
       123, 72, 183, 181, 94, 168, 86, 111, 237, 166, 68, 158, 50, 120,
       1, 184, 95, 191, 90, 133, 17, 135, 67, 204, 182, 162, 106, 123,
       84, 1, 203, 198, 113, 227, 184, 228, 126, 174, 10, 172, 185, 155,
       20, 223, 184, 174, 131, 64, 63, 138, 248, 32, 153, 133, 116, 43,
       180, 203, 246, 45, 109, 64, 247, 32, 255, 88, 186, 101, 26, 2, 94,
       105, 255, 168, 77, 29, 168, 248, 0, 66, 94, 138, 233, 4, 179, 143,
       98, 158, 87, 147, 190, 230, 220, 64, 88, 231, 41, 200, 182, 228,
       110, 43, 147, 197, 231, 171, 38, 255, 48, 44, 138, 203, 93, 14,
       121, 220, 101, 232, 209, 70, 84, 76, 67, 152, 115, 184, 32, 72,
       82, 211, 77, 54, 89, 204, 32, 92, 75, 114, 248, 0, 63, 188, 133,
       108, 194, 178, 66, 224, 193, 140, 159, 190, 160, 236, 49, 39, 188,
       91, 106, 17, 246, 179, 32, 80, 161, 35, 104, 5, 50, 205, 19, 103,
       217, 182, 122, 66, 192, 64, 161, 10, 221, 125, 159, 181, 164, 14,
       103, 54, 184, 170, 42, 12, 247, 179, 65, 83, 160, 102, 104, 92,
       97, 221, 145, 42, 233, 231, 101, 16, 136, 112, 67, 58, 208, 172,
       159, 184, 170, 224, 29, 103, 190, 31, 128, 177, 181, 167, 96, 91,
       199, 179, 109, 144, 58, 79, 194, 51, 249, 163, 254, 217, 144, 64,
       167, 123, 252, 109, 153, 103, 153, 47, 71, 184, 19, 166, 173, 8,
       215, 115, 73, 17, 145, 76, 104, 106, 104, 112, 217, 62, 237, 223,
       5, 52, 112, 251, 194, 34, 80, 185, 62, 252, 146, 204, 53, 103,
       172, 21, 234, 33, 62, 191, 32, 81, 162, 63, 121, 0, 82, 201, 146,
       109, 241, 167, 94, 67, 32, 80, 167, 42, 81, 153, 191, 110, 131,
       204, 53, 119, 172, 1, 106, 0, 54, 183, 32, 114, 166, 123, 123, 72,
       80, 153, 50, 109, 241, 169, 86, 2, 96, 18, 167, 107, 194, 190,
       151, 88, 171, 169, 180, 230, 255, 27, 186, 116, 172, 178, 100,
       223, 167, 115, 238, 16, 51, 109, 130, 115, 188, 50, 86, 250, 200,
       80, 171, 15, 47, 169, 228, 31, 207, 219, 230, 232, 207, 181, 172,
       11, 106, 232, 86, 134, 120, 238, 234, 95, 94, 107, 255, 241, 31,
       90, 197, 127, 247, 46, 218, 204, 45, 70, 125, 69, 116, 10, 231,
       184, 117, 236, 118, 230, 243, 65, 149, 117, 122, 204, 38, 106,
       193, 240, 101, 78, 110, 175, 37, 132, 103, 186, 68, 225, 135, 50,
       189, 248, 236, 109, 189, 217, 159, 251, 21, 119, 156, 255, 239,
       43, 255, 25, 127, 61, 211, 71, 234, 192, 86, 25, 255, 174, 156,
       248, 37, 243, 222, 196, 146, 186, 171, 44, 22, 136, 191, 83, 131,
       93, 207, 226, 107, 204, 179, 67, 237, 118, 6, 69, 155, 179, 186,
       247, 79, 127, 154, 119, 137, 23, 122, 239, 170, 126, 253, 84, 215,
       239, 185, 143, 254, 9, 106, 237, 118, 22, 220, 247, 229, 1, 204,
       203, 162, 175, 123, 247, 220, 155, 66, 54, 254, 79, 56, 105, 93,
       236, 105, 207, 87, 108, 227, 168, 184, 8, 191, 31, 1, 48, 136,
       177, 221, 96, 72, 34, 80, 157, 243, 221, 33, 61, 82, 178, 66, 170,
       139, 255, 66, 187, 106, 144, 174, 244, 173, 80, 211, 199, 173,
       202, 250, 195, 110, 235, 223, 199, 231, 15, 142, 245, 188, 80,
       142, 232, 61, 151, 187, 157, 59, 35, 96, 41, 118, 27, 232, 88, 85,
       172, 211, 239, 75, 136, 150, 132, 126, 140, 135, 237, 140, 178,
       101, 156, 20, 100, 163, 161, 119, 142, 122, 197, 82, 133, 22, 134,
       147, 98, 176, 105, 52, 1, 203, 19, 72, 178, 40, 196, 120, 151,
       171, 161, 28, 155, 145, 198, 17, 38, 154, 71, 33, 6, 173, 6, 161,
       48, 115, 73, 117, 79, 235, 91, 93, 105, 116, 82, 24, 21, 180, 188,
       120, 156, 18, 8, 161, 182, 117, 222, 5, 30, 16, 96, 87, 136, 98,
       164, 205, 215, 108, 239, 238, 25, 255, 189, 239, 238, 191, 254,
       253, 239, 222, 114, 111, 247, 127, 235, 227, 39, 238, 243, 246,
       253, 175, 252, 63, 250, 201, 249, 39, 238, 64, 155, 85, 151, 170,
       232, 95, 97, 89, 199, 232, 232, 191, 164, 221, 43, 146, 183, 231,
       188, 92, 255, 44, 30, 143, 231, 93, 14, 121, 156, 193, 57, 185,
       173, 180, 78, 80, 31, 123, 232, 226, 8, 151, 62, 81, 112, 128,
       143, 124, 25, 77, 56, 241, 18, 255, 253, 54, 28, 224, 160, 67, 74,
       71, 254, 168, 146, 94, 173, 137, 198, 202, 251, 152, 94, 164, 140,
       215, 46, 175, 105, 91, 149, 131, 103, 238, 243, 157, 20, 159, 190,
       221, 85, 23, 253, 218, 223, 94, 190, 34, 201, 55, 230, 185, 14,
