%YAML:1.0
---
descriptors: !!opencv-matrix
   rows: 301
   cols: 32
   dt: u
   data: [ 73, 152, 211, 205, 100, 18, 104, 58, 118, 200, 82, 228, 177,
       162, 144, 244, 118, 236, 62, 172, 129, 218, 231, 79, 140, 239,
       227, 132, 46, 161, 97, 185, 12, 21, 17, 199, 222, 75, 166, 248,
       28, 32, 251, 98, 212, 115, 137, 164, 126, 218, 74, 235, 97, 178,
       89, 239, 60, 132, 174, 0, 89, 122, 33, 161, 57, 207, 106, 236,
       244, 151, 207, 247, 213, 200, 254, 230, 115, 232, 183, 96, 126,
       234, 30, 239, 237, 187, 36, 191, 250, 239, 167, 192, 61, 154, 248,
       205, 161, 220, 205, 245, 164, 47, 237, 159, 31, 59, 176, 246, 151,
       57, 208, 43, 111, 194, 30, 8, 171, 252, 103, 227, 196, 139, 254,
       180, 253, 216, 209, 185, 0, 249, 151, 93, 83, 205, 49, 71, 108,
       65, 104, 0, 190, 151, 4, 180, 162, 59, 66, 72, 3, 184, 50, 121, 5,
       184, 16, 2, 64, 2, 39, 170, 10, 157, 152, 205, 223, 215, 189, 103,
       31, 231, 94, 135, 172, 191, 38, 64, 223, 63, 179, 129, 80, 154,
       241, 223, 103, 119, 154, 11, 30, 108, 189, 219, 66, 155, 69, 159,
       42, 130, 175, 189, 61, 91, 147, 231, 237, 103, 152, 196, 7, 147,
       253, 227, 243, 8, 75, 253, 172, 54, 255, 198, 14, 134, 149, 49,
       185, 149, 102, 234, 151, 150, 94, 125, 5, 64, 222, 2, 123, 127,
       58, 225, 126, 182, 159, 238, 252, 187, 49, 157, 251, 233, 162,
       208, 55, 142, 248, 88, 164, 248, 186, 90, 195, 221, 178, 194, 251,
       11, 96, 24, 172, 218, 101, 24, 169, 123, 162, 16, 54, 254, 154,
       243, 15, 190, 22, 107, 208, 1, 111, 143, 32, 152, 129, 217, 124,
       167, 160, 79, 30, 59, 80, 82, 180, 184, 49, 8, 217, 59, 19, 17,
       51, 126, 83, 159, 13, 22, 155, 102, 156, 8, 16, 170, 40, 171, 34,
       88, 221, 157, 224, 103, 251, 21, 100, 25, 42, 136, 118, 148, 201,
       170, 194, 28, 94, 43, 82, 21, 31, 217, 16, 121, 83, 12, 218, 142,
       190, 236, 114, 94, 117, 209, 210, 224, 225, 4, 252, 10, 42, 216,
       37, 180, 248, 184, 130, 98, 74, 167, 170, 239, 115, 124, 130, 27,
       83, 31, 126, 142, 143, 221, 255, 210, 171, 116, 191, 250, 172, 90,
       31, 114, 92, 246, 173, 239, 167, 83, 255, 226, 241, 69, 58, 234,
       59, 127, 111, 142, 135, 115, 165, 117, 1, 189, 123, 71, 246, 15,
       231, 253, 124, 104, 122, 100, 247, 53, 128, 48, 54, 94, 22, 106,
       209, 184, 33, 111, 108, 156, 36, 128, 108, 138, 195, 185, 248,
       201, 126, 230, 156, 18, 207, 253, 66, 184, 150, 102, 81, 41, 176,
       67, 120, 198, 53, 239, 233, 251, 173, 189, 122, 235, 231, 180,
       111, 186, 240, 9, 32, 248, 149, 249, 105, 233, 97, 206, 142, 17,
       40, 64, 180, 215, 104, 122, 192, 27, 123, 88, 3, 9, 83, 113, 5,
       16, 154, 118, 16, 17, 231, 170, 186, 161, 176, 232, 253, 217, 212,
       207, 91, 53, 28, 27, 174, 156, 94, 36, 153, 155, 151, 81, 126,
       106, 226, 179, 251, 213, 20, 127, 87, 12, 222, 206, 207, 239, 161,
       147, 236, 188, 111, 149, 187, 123, 31, 213, 220, 239, 223, 206,
       135, 79, 125, 95, 247, 84, 234, 226, 110, 125, 126, 232, 142, 215,
       147, 213, 29, 120, 247, 229, 50, 30, 47, 86, 45, 224, 254, 230,
       191, 22, 193, 174, 38, 125, 220, 218, 129, 241, 165, 232, 184,
       201, 47, 128, 239, 243, 35, 125, 181, 230, 196, 231, 140, 41, 237,
       157, 91, 179, 189, 90, 219, 105, 221, 47, 123, 206, 102, 187, 235,
       116, 239, 147, 238, 202, 231, 52, 247, 250, 209, 168, 32, 217, 19,
       76, 48, 207, 102, 241, 108, 40, 122, 104, 86, 17, 160, 180, 158,
       52, 102, 106, 209, 187, 33, 12, 49, 188, 37, 66, 64, 170, 198, 33,
       162, 221, 118, 218, 213, 197, 252, 231, 221, 1, 242, 18, 40, 156,
       52, 1, 236, 187, 147, 193, 250, 190, 18, 255, 39, 122, 150, 66,
       81, 8, 226, 138, 26, 72, 234, 237, 6, 18, 125, 87, 52, 234, 214,
       130, 57, 175, 177, 104, 126, 237, 63, 200, 200, 223, 165, 200,
       242, 239, 254, 128, 39, 244, 48, 137, 3, 223, 78, 157, 114, 130,
       186, 230, 60, 65, 82, 231, 44, 138, 54, 192, 246, 107, 147, 213,
       247, 152, 6, 255, 36, 38, 186, 195, 29, 4, 185, 223, 9, 155, 120,
       251, 124, 213, 251, 248, 95, 92, 212, 230, 253, 223, 190, 96, 223,
       155, 159, 236, 231, 42, 111, 253, 254, 223, 171, 252, 95, 142, 37,
       241, 56, 1, 98, 77, 213, 19, 111, 121, 81, 0, 125, 2, 91, 221,
       176, 244, 122, 188, 150, 234, 216, 178, 52, 142, 119, 237, 161, 0,
       119, 170, 246, 160, 60, 1, 114, 232, 246, 130, 78, 117, 101, 4,
       127, 15, 91, 11, 58, 80, 126, 141, 23, 251, 216, 186, 65, 140,
       246, 237, 166, 193, 119, 138, 244, 128, 37, 156, 107, 219, 116,
       163, 235, 208, 86, 73, 93, 246, 81, 195, 184, 100, 127, 104, 18,
       222, 179, 180, 46, 183, 78, 15, 163, 196, 189, 139, 112, 177, 248,
       211, 106, 94, 108, 86, 127, 117, 241, 78, 246, 42, 123, 237, 190,
       113, 126, 244, 183, 234, 232, 179, 166, 175, 114, 235, 228, 137,
       119, 186, 246, 251, 21, 158, 31, 217, 150, 183, 179, 154, 94, 89,
       90, 86, 244, 90, 32, 96, 247, 51, 62, 157, 179, 157, 59, 255, 169,
       159, 58, 66, 152, 9, 161, 39, 165, 123, 235, 222, 236, 129, 175,
       245, 214, 202, 116, 110, 48, 221, 245, 37, 126, 106, 19, 207, 225,
       126, 174, 234, 116, 8, 231, 168, 93, 250, 114, 185, 2, 217, 18,
       155, 93, 213, 190, 230, 31, 5, 72, 3, 172, 254, 38, 196, 216, 123,
       147, 65, 70, 56, 90, 253, 45, 20, 158, 107, 18, 30, 189, 222, 130,
       207, 2, 158, 73, 128, 173, 239, 156, 6, 200, 135, 164, 234, 50,
       64, 200, 107, 171, 197, 102, 15, 194, 255, 112, 54, 222, 139, 28,
       84, 184, 218, 39, 76, 98, 75, 117, 151, 227, 112, 85, 64, 125, 2,
       104, 200, 191, 164, 88, 40, 18, 106, 199, 178, 124, 191, 39, 28,
       3, 2, 87, 175, 112, 228, 56, 149, 102, 232, 189, 183, 91, 121, 69,
       77, 255, 6, 91, 105, 186, 225, 92, 130, 159, 232, 184, 171, 121,
       157, 251, 253, 160, 221, 63, 142, 240, 81, 171, 215, 124, 203,
       124, 215, 255, 253, 95, 124, 245, 246, 253, 223, 190, 97, 223,
       153, 191, 239, 227, 39, 111, 223, 118, 219, 171, 188, 23, 159,
       245, 249, 2, 205, 24, 153, 213, 199, 190, 175, 30, 5, 74, 19, 164,
       234, 44, 64, 209, 11, 19, 129, 86, 152, 81, 255, 45, 54, 158, 67,
       16, 24, 181, 142, 162, 149, 61, 91, 221, 205, 212, 237, 95, 81,
       113, 20, 170, 93, 60, 1, 217, 26, 19, 48, 251, 58, 91, 213, 47,
       218, 150, 78, 81, 8, 244, 218, 248, 248, 25, 250, 11, 205, 85,
       197, 171, 22, 160, 24, 174, 223, 96, 18, 137, 185, 237, 2, 74, 39,
       218, 179, 211, 209, 84, 63, 80, 16, 134, 42, 35, 239, 34, 63, 245,
       137, 191, 229, 94, 6, 88, 135, 168, 200, 55, 4, 216, 107, 131, 71,
       198, 186, 110, 255, 36, 20, 143, 171, 85, 62, 87, 206, 122, 84,
       112, 239, 37, 87, 94, 180, 85, 110, 254, 11, 75, 31, 63, 112, 254,
       213, 189, 234, 236, 55, 125, 255, 179, 255, 208, 147, 119, 159,
       204, 95, 3, 148, 7, 137, 53, 246, 42, 142, 62, 73, 74, 114, 220,
       30, 188, 224, 247, 1, 26, 181, 183, 156, 53, 223, 140, 54, 154,
       198, 156, 7, 53, 117, 177, 73, 127, 254, 44, 196, 77, 119, 212,
       66, 246, 2, 49, 223, 51, 97, 76, 178, 63, 200, 233, 175, 54, 239,
       241, 235, 242, 8, 53, 152, 116, 122, 5, 83, 90, 173, 96, 15, 234,
       120, 44, 0, 125, 68, 85, 83, 169, 0, 126, 9, 18, 238, 192, 176,
       24, 92, 68, 169, 34, 4, 121, 179, 107, 129, 31, 77, 11, 190, 149,
       214, 110, 226, 180, 194, 203, 199, 117, 254, 51, 192, 240, 107,
       59, 207, 109, 153, 28, 239, 177, 111, 142, 128, 60, 119, 57, 72,
       49, 220, 23, 190, 21, 135, 207, 119, 29, 75, 250, 86, 179, 156,
       52, 64, 248, 170, 63, 1, 233, 175, 83, 255, 241, 254, 158, 16, 89,
       24, 240, 24, 250, 94, 222, 253, 116, 166, 106, 86, 245, 138, 242,
       102, 57, 43, 181, 91, 110, 231, 63, 200, 169, 219, 1, 238, 242,
       239, 254, 128, 165, 241, 112, 41, 2, 143, 2, 203, 243, 193, 190,
       231, 31, 5, 72, 163, 168, 174, 36, 196, 255, 59, 131, 128, 86,
       154, 0, 255, 46, 52, 158, 203, 20, 6, 173, 142, 156, 149, 126,
