%YAML:1.0
---
descriptors: !!opencv-matrix
   rows: 406
   cols: 32
   dt: u
   data: [ 119, 125, 51, 160, 87, 214, 159, 194, 25, 196, 144, 143, 15,
       158, 49, 161, 238, 249, 149, 227, 205, 35, 52, 252, 177, 212, 139,
       190, 37, 61, 39, 118, 0, 130, 69, 141, 60, 75, 161, 57, 6, 172,
       211, 230, 193, 68, 128, 192, 90, 128, 110, 172, 1, 176, 101, 29,
       140, 6, 235, 148, 52, 168, 85, 233, 106, 38, 104, 205, 125, 250,
       201, 51, 13, 173, 221, 170, 168, 13, 150, 132, 74, 164, 223, 189,
       184, 42, 97, 206, 94, 125, 186, 145, 87, 140, 94, 233, 2, 220, 18,
       159, 245, 213, 182, 231, 31, 15, 88, 3, 172, 222, 38, 196, 217,
       123, 131, 67, 86, 152, 91, 255, 45, 22, 158, 75, 18, 12, 189, 207,
       34, 201, 177, 202, 236, 193, 181, 239, 139, 117, 184, 43, 20, 157,
       100, 34, 203, 19, 91, 1, 82, 43, 234, 209, 127, 28, 22, 127, 149,
       26, 215, 235, 41, 219, 116, 251, 124, 213, 251, 248, 95, 89, 244,
       230, 253, 223, 186, 101, 127, 139, 159, 204, 243, 58, 111, 253,
       126, 223, 171, 236, 31, 140, 113, 253, 207, 221, 255, 90, 171,
       116, 191, 188, 172, 26, 63, 112, 92, 246, 173, 239, 167, 83, 190,
       242, 241, 69, 58, 226, 43, 251, 111, 134, 146, 115, 165, 55, 67,
       58, 218, 196, 114, 2, 232, 82, 42, 137, 114, 230, 28, 130, 148,
       120, 38, 173, 118, 220, 129, 178, 133, 68, 20, 168, 43, 172, 77,
       161, 43, 177, 173, 232, 228, 65, 196, 30, 207, 156, 83, 242, 148,
       14, 211, 104, 223, 175, 89, 204, 48, 127, 232, 246, 253, 160, 46,
       90, 197, 20, 239, 255, 210, 164, 10, 188, 35, 253, 119, 194, 185,
       103, 61, 13, 94, 179, 172, 191, 36, 64, 238, 63, 151, 129, 114,
       154, 160, 207, 247, 117, 158, 131, 7, 68, 183, 251, 163, 114, 82,
       64, 69, 63, 225, 86, 119, 174, 180, 126, 2, 128, 231, 189, 105,
       140, 130, 56, 172, 255, 36, 222, 30, 24, 17, 38, 203, 153, 106,
       173, 0, 57, 159, 125, 83, 206, 49, 71, 236, 1, 108, 0, 190, 151,
       0, 56, 162, 59, 66, 64, 3, 216, 50, 109, 197, 186, 18, 3, 192, 0,
       39, 170, 16, 77, 95, 237, 22, 107, 199, 72, 68, 38, 234, 138, 247,
       1, 161, 96, 122, 136, 10, 42, 73, 177, 117, 28, 165, 166, 0, 17,
       117, 251, 68, 40, 250, 145, 119, 168, 157, 198, 95, 121, 69, 68,
       243, 7, 75, 95, 58, 197, 254, 151, 191, 231, 252, 171, 113, 157,
       187, 250, 130, 87, 55, 142, 244, 87, 4, 208, 114, 168, 109, 5,
       184, 201, 110, 25, 177, 18, 204, 222, 104, 64, 251, 153, 206, 176,
       66, 39, 27, 209, 21, 208, 139, 110, 21, 24, 161, 146, 2, 197, 18,
       155, 213, 199, 190, 167, 28, 5, 90, 3, 236, 50, 42, 68, 217, 43,
       147, 161, 114, 152, 65, 255, 45, 54, 154, 67, 20, 8, 189, 14, 34,
       152, 137, 185, 92, 195, 145, 79, 22, 19, 80, 51, 180, 189, 48, 72,
       217, 24, 51, 17, 50, 254, 83, 159, 205, 22, 155, 76, 148, 8, 53,
       162, 5, 189, 123, 71, 246, 15, 231, 240, 109, 104, 122, 108, 247,
       125, 149, 52, 182, 126, 86, 106, 209, 184, 121, 127, 44, 156, 37,
       192, 76, 171, 195, 177, 33, 166, 251, 125, 100, 170, 105, 87, 120,
       143, 125, 116, 147, 163, 144, 120, 123, 46, 6, 12, 177, 252, 36,
       66, 70, 191, 114, 192, 200, 224, 226, 161, 230, 57, 210, 132, 109,
       125, 184, 64, 137, 140, 242, 11, 44, 252, 119, 11, 238, 245, 255,
       113, 4, 227, 178, 200, 21, 88, 143, 187, 197, 127, 117, 222, 3,
       219, 78, 157, 82, 146, 186, 102, 60, 65, 82, 231, 45, 138, 54, 64,
       102, 43, 179, 213, 231, 152, 6, 255, 36, 38, 186, 195, 61, 4, 57,
       221, 58, 177, 176, 232, 189, 217, 148, 207, 91, 53, 184, 59, 174,
       188, 78, 132, 153, 155, 131, 17, 30, 43, 250, 243, 187, 213, 28,
       127, 211, 28, 199, 206, 34, 205, 49, 139, 85, 199, 182, 238, 78,
       1, 88, 3, 168, 108, 52, 132, 217, 43, 131, 97, 194, 184, 88, 255,
       45, 28, 142, 67, 85, 30, 245, 138, 74, 185, 50, 186, 255, 221,
       114, 202, 239, 49, 108, 10, 174, 218, 102, 244, 162, 59, 170, 83,
       70, 26, 186, 245, 191, 213, 6, 107, 18, 15, 13, 15, 141, 74, 7,
       249, 180, 179, 106, 152, 94, 75, 83, 246, 255, 64, 185, 232, 115,
       1, 30, 28, 167, 164, 45, 255, 136, 191, 58, 196, 156, 153, 113,
       33, 137, 150, 61, 249, 188, 191, 185, 255, 94, 123, 84, 116, 158,
       191, 160, 97, 215, 27, 31, 29, 179, 253, 99, 215, 238, 223, 63,
       246, 146, 136, 133, 249, 134, 80, 179, 187, 181, 229, 177, 65, 31,
       79, 81, 51, 140, 222, 109, 204, 217, 57, 147, 17, 35, 212, 122,
       210, 141, 86, 154, 67, 144, 13, 181, 247, 250, 208, 29, 184, 9,
       193, 21, 237, 171, 82, 160, 41, 142, 223, 108, 59, 200, 177, 253,
       66, 74, 71, 218, 241, 153, 211, 95, 127, 80, 16, 167, 26, 186, 81,
       116, 235, 61, 223, 88, 85, 13, 108, 182, 59, 75, 31, 182, 197,
       238, 144, 223, 248, 172, 189, 113, 157, 179, 219, 144, 211, 55,
       143, 220, 95, 52, 78, 203, 222, 78, 162, 71, 80, 148, 134, 239,
       134, 113, 227, 161, 84, 88, 236, 35, 106, 104, 134, 234, 42, 115,
       174, 224, 8, 49, 251, 116, 160, 120, 252, 104, 225, 53, 206, 91,
       151, 101, 228, 190, 7, 187, 31, 83, 80, 104, 237, 221, 153, 138,
       154, 241, 236, 255, 221, 175, 145, 39, 152, 118, 91, 10, 157, 154,
       189, 27, 198, 60, 111, 31, 65, 76, 131, 188, 255, 34, 64, 247, 59,
       187, 132, 66, 136, 18, 223, 231, 247, 30, 11, 154, 108, 169, 219,
       81, 129, 126, 36, 162, 16, 124, 39, 233, 189, 58, 97, 109, 170,
       206, 80, 179, 7, 44, 8, 212, 217, 135, 69, 250, 255, 119, 197, 44,
       130, 233, 15, 177, 221, 110, 254, 28, 192, 205, 119, 196, 64, 220,
       6, 49, 155, 50, 97, 72, 162, 30, 204, 235, 171, 54, 189, 240, 233,
       190, 8, 61, 152, 240, 122, 167, 242, 109, 83, 172, 221, 93, 189,
       223, 126, 20, 244, 242, 92, 223, 41, 157, 18, 252, 124, 255, 116,
       111, 55, 78, 27, 245, 213, 220, 144, 220, 127, 40, 233, 2, 24, 93,
       157, 192, 103, 251, 21, 228, 25, 162, 136, 22, 148, 136, 170, 66,
       76, 94, 58, 210, 21, 31, 217, 16, 121, 83, 12, 222, 142, 128, 129,
       31, 235, 180, 131, 175, 117, 12, 1, 90, 66, 245, 75, 40, 65, 254,
       35, 7, 248, 83, 184, 17, 221, 236, 131, 170, 64, 20, 138, 177,
       184, 219, 86, 127, 252, 110, 182, 255, 88, 189, 78, 214, 246, 125,
       207, 183, 101, 254, 253, 63, 239, 225, 135, 38, 207, 242, 249,
       170, 138, 63, 181, 41, 253, 96, 133, 184, 234, 253, 237, 80, 207,
       95, 121, 169, 24, 142, 255, 108, 80, 209, 155, 131, 16, 18, 42,
       218, 211, 255, 213, 20, 127, 144, 74, 196, 10, 57, 78, 231, 252,
       6, 2, 79, 255, 245, 194, 246, 198, 123, 239, 177, 82, 126, 236,
       61, 172, 233, 199, 39, 139, 242, 239, 229, 136, 55, 248, 112, 120,
       91, 90, 234, 237, 102, 18, 125, 119, 52, 194, 214, 230, 57, 167,
       176, 96, 126, 236, 63, 206, 193, 222, 165, 200, 246, 239, 254,
       128, 47, 180, 177, 249, 145, 217, 27, 239, 54, 130, 111, 53, 36,
       0, 82, 98, 245, 51, 160, 97, 114, 43, 63, 234, 89, 152, 5, 61,
       224, 161, 234, 192, 52, 130, 161, 40, 229, 241, 237, 67, 172, 75,
       207, 156, 71, 252, 149, 174, 211, 93, 223, 47, 94, 196, 126, 110,
       203, 116, 237, 32, 124, 136, 229, 180, 109, 187, 208, 113, 157,
       115, 39, 185, 51, 220, 112, 88, 183, 92, 87, 181, 175, 215, 171,
       253, 244, 168, 191, 84, 175, 208, 54, 145, 199, 241, 42, 139, 58,
       132, 60, 247, 45, 85, 106, 72, 84, 151, 227, 121, 69, 76, 253, 6,
       82, 205, 190, 164, 92, 168, 2, 106, 201, 178, 60, 159, 115, 13,
       33, 0, 119, 138, 116, 228, 41, 174, 25, 97, 116, 191, 227, 55,
       126, 233, 126, 76, 151, 33, 144, 48, 157, 14, 70, 44, 147, 248,
       97, 31, 108, 223, 33, 100, 200, 136, 67, 169, 161, 206, 205, 247,
       172, 175, 237, 151, 158, 187, 176, 214, 183, 41, 208, 43, 79, 66,
       14, 29, 185, 236, 71, 227, 204, 155, 254, 144, 253, 216, 209, 168,
       207, 252, 245, 218, 252, 226, 223, 153, 159, 115, 145, 86, 221,
       234, 252, 73, 95, 199, 63, 255, 179, 71, 235, 247, 186, 223, 175,
       252, 156, 241, 161, 113, 50, 102, 194, 160, 87, 161, 186, 67, 23,
