%YAML:1.0
---
descriptors: !!opencv-matrix
   rows: 243
   cols: 32
   dt: u
   data: [ 109, 106, 150, 116, 165, 60, 68, 146, 235, 186, 166, 88, 207,
       161, 211, 190, 129, 70, 108, 30, 9, 225, 195, 0, 155, 255, 85, 61,
       202, 245, 74, 4, 94, 29, 150, 182, 3, 226, 62, 162, 164, 132, 202,
       135, 109, 247, 35, 210, 166, 247, 233, 195, 64, 217, 154, 232,
       177, 231, 207, 131, 168, 119, 45, 90, 89, 161, 140, 55, 153, 78,
       105, 53, 230, 241, 134, 4, 243, 39, 10, 75, 4, 70, 104, 12, 25,
       201, 243, 13, 205, 235, 112, 80, 138, 128, 139, 120, 40, 189, 188,
       244, 237, 157, 84, 215, 171, 255, 188, 13, 159, 191, 66, 154, 141,
       182, 221, 28, 220, 105, 208, 176, 239, 223, 117, 51, 202, 92, 206,
       219, 13, 131, 101, 81, 228, 154, 229, 152, 127, 112, 126, 226,
       243, 104, 156, 228, 123, 142, 54, 94, 203, 176, 109, 253, 46, 250,
       167, 132, 111, 248, 80, 164, 197, 76, 191, 119, 36, 110, 103, 184,
       252, 230, 167, 16, 215, 113, 16, 123, 129, 68, 120, 42, 40, 244,
       123, 42, 205, 175, 101, 20, 64, 249, 85, 98, 177, 199, 107, 236,
       22, 2, 79, 117, 116, 70, 246, 134, 115, 15, 178, 113, 126, 168,
       23, 238, 232, 183, 53, 15, 242, 233, 162, 128, 117, 178, 230, 248,
       222, 26, 151, 180, 43, 98, 57, 0, 188, 158, 147, 183, 237, 238,
       33, 75, 166, 245, 237, 163, 32, 197, 138, 202, 145, 227, 123, 147,
       32, 113, 37, 91, 177, 220, 229, 79, 86, 91, 199, 252, 85, 234,
       254, 254, 115, 40, 156, 228, 121, 206, 54, 237, 173, 242, 109,
       175, 62, 238, 165, 192, 239, 187, 240, 244, 67, 150, 239, 189, 34,
       34, 45, 51, 188, 91, 91, 245, 253, 54, 144, 99, 39, 71, 125, 173,
       181, 216, 39, 77, 196, 38, 250, 192, 44, 224, 161, 113, 44, 189,
       156, 99, 173, 29, 86, 249, 115, 185, 189, 13, 223, 123, 74, 146,
       153, 194, 204, 62, 94, 99, 219, 177, 239, 223, 101, 125, 202, 235,
       202, 131, 16, 128, 51, 120, 27, 236, 81, 71, 239, 25, 252, 16, 62,
       151, 32, 124, 161, 27, 70, 24, 18, 43, 34, 85, 219, 220, 16, 75,
       242, 0, 231, 43, 33, 0, 119, 73, 4, 158, 105, 16, 117, 0, 246, 64,
       219, 3, 148, 244, 56, 140, 110, 168, 137, 176, 241, 0, 135, 250,
       2, 4, 99, 136, 66, 160, 84, 112, 26, 168, 58, 203, 18, 72, 174, 0,
       177, 41, 158, 222, 41, 80, 254, 185, 207, 99, 4, 3, 146, 92, 241,
       209, 43, 63, 16, 51, 47, 19, 66, 186, 148, 147, 185, 237, 176,
       143, 174, 253, 130, 125, 172, 246, 74, 206, 193, 99, 234, 17, 23,
       79, 219, 241, 140, 18, 95, 123, 136, 68, 141, 95, 84, 252, 155,
       182, 184, 236, 87, 158, 170, 169, 171, 9, 183, 215, 72, 50, 145,
       127, 109, 19, 10, 73, 152, 42, 233, 135, 53, 116, 128, 83, 131,
       35, 82, 49, 26, 232, 27, 193, 17, 72, 175, 4, 165, 40, 46, 223,
       98, 16, 230, 177, 205, 96, 10, 3, 146, 209, 211, 209, 10, 59, 16,
       3, 39, 19, 220, 120, 237, 172, 11, 122, 95, 216, 35, 118, 148,
       169, 223, 23, 203, 59, 38, 213, 253, 226, 108, 69, 237, 34, 211,
       193, 105, 181, 39, 247, 14, 115, 96, 32, 189, 101, 60, 76, 65, 24,
       98, 172, 162, 8, 215, 53, 64, 114, 144, 212, 108, 40, 8, 240, 241,
       0, 205, 251, 101, 52, 192, 104, 86, 98, 237, 100, 189, 119, 164,
       63, 103, 182, 121, 234, 54, 88, 211, 125, 213, 187, 145, 102, 124,
       46, 233, 244, 249, 42, 239, 219, 101, 52, 66, 249, 86, 105, 229,
       229, 173, 235, 172, 55, 207, 152, 83, 187, 189, 24, 211, 109, 93,
       43, 221, 196, 125, 127, 186, 102, 251, 19, 239, 155, 199, 124,
       208, 251, 214, 32, 45, 20, 124, 103, 52, 47, 123, 48, 125, 233,
       127, 24, 215, 119, 154, 112, 150, 52, 118, 44, 177, 176, 121, 14,
       199, 255, 33, 68, 194, 163, 66, 225, 27, 158, 248, 223, 179, 186,
       94, 215, 127, 7, 94, 166, 239, 99, 166, 252, 55, 235, 172, 156,
       182, 152, 45, 255, 170, 255, 22, 195, 191, 198, 137, 77, 172, 132,
       141, 251, 141, 37, 205, 189, 22, 147, 225, 80, 243, 99, 88, 75,
       217, 194, 106, 186, 59, 102, 91, 35, 205, 251, 215, 88, 208, 91,
       240, 160, 173, 207, 244, 87, 252, 27, 238, 190, 95, 254, 126, 222,
       235, 104, 159, 167, 31, 78, 126, 111, 228, 248, 109, 255, 46, 91,
       101, 148, 255, 253, 217, 205, 32, 164, 89, 107, 112, 175, 97, 59,
       40, 5, 111, 24, 181, 3, 8, 16, 10, 26, 67, 8, 18, 184, 81, 71, 71,
       189, 48, 64, 64, 136, 198, 186, 101, 79, 109, 69, 244, 15, 207,
       184, 65, 234, 186, 238, 211, 104, 149, 35, 94, 196, 124, 238, 233,
       242, 109, 12, 102, 42, 229, 148, 109, 251, 80, 37, 244, 81, 61,
       100, 40, 76, 71, 184, 160, 184, 163, 72, 87, 55, 73, 115, 0, 212,
       125, 106, 73, 67, 251, 8, 241, 169, 101, 60, 32, 179, 70, 51, 46,
       171, 232, 88, 205, 81, 212, 207, 83, 253, 180, 143, 11, 236, 214,
       169, 89, 202, 247, 145, 223, 122, 238, 145, 127, 73, 245, 253,
       255, 252, 222, 214, 214, 14, 174, 190, 170, 50, 29, 74, 174, 150,
       143, 181, 237, 238, 99, 91, 231, 103, 237, 167, 44, 69, 171, 104,
       210, 227, 255, 159, 132, 117, 53, 94, 150, 30, 14, 190, 46, 162,
       186, 98, 157, 78, 211, 247, 236, 238, 54, 67, 238, 33, 191, 135,
       100, 133, 6, 239, 144, 50, 234, 131, 29, 109, 57, 215, 17, 207,
       75, 239, 148, 139, 102, 254, 84, 0, 250, 194, 115, 97, 176, 96,
       122, 234, 6, 238, 105, 184, 77, 63, 180, 174, 166, 0, 61, 218,
       240, 40, 147, 223, 78, 189, 18, 130, 44, 183, 180, 0, 66, 247,
       101, 35, 178, 67, 102, 103, 43, 229, 228, 221, 5, 239, 100, 35,
       254, 128, 61, 144, 169, 25, 248, 168, 248, 112, 141, 249, 81, 83,
       242, 183, 165, 24, 19, 153, 64, 58, 137, 178, 196, 24, 58, 111,
       202, 16, 91, 201, 113, 121, 227, 200, 206, 34, 236, 180, 189, 97,
       161, 111, 113, 31, 123, 251, 39, 24, 214, 53, 72, 59, 145, 20,
       108, 56, 49, 116, 241, 0, 207, 219, 117, 116, 192, 96, 199, 51,
       112, 40, 254, 114, 8, 233, 81, 86, 226, 23, 164, 24, 51, 209, 64,
       59, 33, 178, 108, 24, 10, 111, 162, 32, 211, 171, 112, 57, 224,
       193, 70, 42, 103, 172, 248, 88, 223, 101, 153, 203, 203, 247, 189,
       155, 0, 253, 87, 62, 15, 211, 123, 29, 178, 107, 254, 210, 95, 30,
       221, 126, 215, 108, 86, 230, 145, 76, 127, 237, 36, 14, 79, 116,
       228, 74, 242, 5, 247, 11, 49, 83, 110, 225, 93, 238, 232, 167, 81,
       12, 241, 235, 226, 128, 56, 242, 96, 120, 228, 236, 191, 123, 136,
       237, 65, 130, 254, 19, 226, 24, 247, 247, 0, 123, 201, 118, 104,
       24, 58, 239, 251, 51, 237, 187, 84, 80, 192, 73, 198, 34, 121,
       185, 147, 244, 241, 221, 116, 87, 171, 205, 36, 13, 190, 191, 66,
       146, 132, 59, 221, 16, 95, 105, 178, 161, 251, 221, 20, 59, 202,
       4, 206, 91, 64, 155, 19, 248, 251, 224, 17, 119, 174, 29, 176,
       112, 44, 147, 32, 80, 167, 187, 207, 144, 18, 43, 2, 85, 217, 144,
       50, 235, 208, 0, 167, 171, 92, 177, 188, 186, 171, 109, 17, 152,
       170, 121, 137, 61, 223, 127, 74, 90, 167, 83, 253, 83, 22, 65,
       219, 241, 219, 213, 127, 127, 152, 67, 133, 83, 20, 249, 187, 106,
       18, 79, 83, 248, 38, 161, 233, 8, 119, 215, 9, 16, 178, 217, 69,
       114, 74, 179, 57, 61, 249, 141, 37, 52, 96, 34, 103, 122, 67, 172,
       146, 148, 252, 161, 191, 231, 138, 174, 24, 10, 172, 235, 240, 2,
       239, 99, 75, 137, 112, 75, 138, 238, 60, 150, 207, 170, 132, 248,
       163, 137, 89, 188, 183, 184, 169, 252, 80, 55, 175, 91, 234, 29,
       190, 191, 2, 251, 165, 51, 253, 0, 151, 73, 178, 193, 219, 251,
       122, 74, 138, 68, 167, 123, 254, 126, 233, 68, 74, 120, 95, 212,
       51, 238, 150, 171, 91, 191, 211, 59, 54, 245, 253, 226, 236, 87,
       173, 234, 243, 65, 225, 181, 39, 245, 54, 123, 125, 173, 210, 87,
       213, 62, 110, 237, 123, 166, 237, 14, 107, 98, 31, 245, 121, 206,
       32, 174, 252, 218, 188, 238, 63, 255, 199, 37, 227, 246, 234, 204,
       112, 232, 150, 188, 141, 137, 116, 231, 239, 179, 168, 11, 174,
       187, 68, 218, 233, 179, 234, 0, 90, 107, 210, 241, 145, 214, 87,
       123, 241, 88, 203, 10, 190, 253, 230, 19, 223, 123, 246, 239, 23,
