%YAML:1.0
---
descriptors: !!opencv-matrix
   rows: 354
   cols: 32
   dt: u
   data: [ 2, 251, 59, 155, 242, 133, 190, 231, 30, 13, 120, 231, 172,
       140, 100, 0, 191, 59, 3, 145, 82, 184, 26, 245, 45, 20, 30, 234,
       85, 10, 167, 155, 234, 244, 33, 26, 125, 217, 209, 143, 219, 87,
       181, 61, 234, 220, 30, 20, 201, 2, 203, 21, 190, 47, 250, 183, 31,
       86, 16, 123, 87, 12, 214, 119, 197, 74, 47, 77, 80, 6, 107, 176,
       96, 8, 102, 68, 81, 67, 145, 117, 116, 228, 124, 238, 225, 148,
       177, 76, 117, 42, 225, 128, 34, 179, 98, 33, 96, 249, 123, 112,
       121, 205, 241, 215, 235, 93, 176, 9, 62, 159, 70, 16, 174, 187,
       87, 80, 2, 107, 178, 113, 127, 217, 20, 122, 193, 16, 199, 251,
       197, 173, 219, 254, 252, 41, 255, 248, 222, 226, 189, 222, 253,
       235, 249, 35, 187, 227, 94, 111, 243, 103, 62, 255, 124, 159, 47,
       252, 156, 251, 67, 161, 101, 105, 181, 101, 188, 15, 71, 152, 90,
       168, 34, 72, 215, 49, 81, 57, 144, 124, 120, 106, 9, 240, 249, 60,
       229, 154, 69, 52, 192, 187, 66, 32, 225, 149, 63, 101, 48, 78,
       185, 51, 40, 73, 94, 236, 215, 61, 144, 51, 150, 21, 125, 45, 177,
       184, 225, 13, 237, 187, 96, 208, 76, 160, 3, 113, 40, 220, 190,
       250, 125, 247, 249, 222, 31, 79, 92, 19, 189, 223, 34, 72, 221,
       59, 183, 129, 46, 190, 114, 255, 215, 255, 186, 75, 146, 77, 124,
       219, 88, 113, 59, 186, 27, 196, 51, 64, 172, 196, 227, 0, 190,
       215, 33, 80, 166, 57, 123, 67, 67, 129, 178, 13, 209, 225, 10, 10,
       0, 35, 39, 242, 41, 165, 105, 65, 212, 31, 239, 63, 101, 97, 238,
       72, 83, 33, 28, 180, 88, 142, 18, 172, 217, 184, 117, 14, 111,
       205, 132, 68, 227, 138, 210, 160, 216, 176, 150, 24, 75, 252, 80,
       67, 243, 87, 164, 29, 46, 151, 66, 254, 163, 163, 232, 16, 62, 79,
       178, 211, 211, 245, 80, 123, 226, 4, 47, 95, 39, 61, 115, 80, 253,
       247, 243, 210, 223, 201, 252, 78, 24, 252, 245, 36, 221, 186, 23,
       28, 179, 187, 48, 254, 63, 28, 133, 234, 219, 207, 112, 247, 106,
       62, 105, 112, 105, 253, 144, 95, 139, 255, 188, 109, 10, 157, 215,
       62, 141, 178, 215, 21, 143, 111, 242, 146, 95, 93, 17, 255, 211,
       140, 86, 255, 24, 223, 59, 190, 27, 196, 23, 246, 134, 12, 220,
       33, 36, 215, 33, 80, 204, 187, 141, 192, 74, 11, 98, 125, 241,
       165, 46, 139, 16, 18, 36, 107, 9, 157, 51, 69, 37, 204, 117, 55,
       105, 76, 110, 0, 190, 53, 4, 53, 160, 58, 64, 8, 81, 184, 48, 205,
       231, 248, 16, 64, 66, 136, 199, 234, 6, 171, 214, 154, 219, 209,
       190, 236, 191, 21, 244, 163, 108, 226, 110, 221, 255, 251, 163,
       210, 86, 75, 138, 245, 30, 50, 223, 235, 147, 22, 175, 143, 199,
       236, 217, 252, 252, 41, 255, 254, 187, 226, 188, 200, 189, 235,
       245, 35, 159, 227, 95, 233, 163, 75, 170, 255, 124, 223, 111, 188,
       220, 241, 67, 169, 91, 73, 230, 157, 83, 144, 172, 101, 173, 64,
       214, 166, 172, 142, 183, 246, 102, 229, 255, 204, 197, 153, 135,
       237, 182, 118, 154, 131, 47, 148, 171, 28, 56, 124, 186, 254, 93,
       244, 83, 70, 179, 199, 237, 9, 42, 253, 103, 24, 217, 254, 131,
       16, 10, 251, 178, 226, 211, 245, 150, 43, 211, 94, 110, 250, 153,
       156, 55, 189, 45, 95, 116, 103, 253, 90, 147, 80, 191, 188, 48,
       171, 201, 35, 255, 13, 253, 109, 115, 207, 139, 219, 122, 152, 30,
       108, 113, 95, 51, 175, 102, 21, 182, 147, 190, 231, 92, 204, 90,
       167, 233, 44, 150, 161, 59, 35, 159, 165, 228, 168, 101, 255, 42,
       79, 190, 131, 109, 76, 121, 223, 58, 227, 104, 43, 63, 27, 211,
       252, 71, 116, 149, 175, 75, 77, 90, 16, 30, 200, 207, 103, 206,
       99, 109, 189, 250, 73, 5, 61, 119, 190, 94, 202, 159, 28, 251,
       117, 242, 118, 127, 183, 113, 202, 86, 182, 121, 63, 151, 125, 55,
       126, 149, 174, 245, 220, 181, 170, 103, 239, 101, 128, 167, 244,
       230, 125, 165, 101, 123, 71, 212, 79, 231, 248, 112, 226, 109, 0,
       83, 117, 29, 52, 89, 220, 18, 106, 113, 178, 121, 46, 109, 174, 5,
       4, 195, 251, 194, 160, 205, 52, 149, 101, 160, 46, 97, 17, 121,
       170, 115, 92, 223, 51, 73, 123, 149, 84, 124, 62, 177, 244, 217,
       2, 205, 250, 101, 68, 200, 243, 67, 35, 199, 190, 239, 21, 162,
       62, 173, 183, 186, 255, 22, 244, 189, 38, 214, 43, 39, 103, 126,
       29, 165, 220, 183, 106, 44, 42, 127, 132, 204, 244, 129, 253, 184,
       149, 119, 236, 181, 71, 94, 117, 101, 8, 250, 2, 107, 59, 36, 212,
       248, 150, 156, 226, 217, 187, 17, 159, 179, 249, 130, 18, 119,
       170, 244, 43, 194, 255, 151, 28, 234, 232, 54, 231, 191, 26, 74,
       245, 172, 182, 37, 215, 167, 119, 110, 128, 115, 77, 130, 123, 60,
       50, 94, 138, 136, 113, 163, 31, 28, 80, 63, 254, 2, 194, 49, 64,
       182, 4, 195, 163, 125, 215, 33, 72, 118, 61, 173, 194, 0, 129, 2,
       92, 209, 227, 42, 3, 32, 35, 37, 115, 101, 160, 249, 68, 84, 15,
       67, 152, 115, 165, 36, 8, 19, 243, 65, 52, 89, 204, 0, 120, 42,
       82, 248, 10, 95, 140, 165, 44, 194, 161, 66, 162, 41, 176, 59,
       113, 21, 190, 232, 19, 124, 65, 98, 84, 187, 24, 20, 248, 144, 44,
       80, 29, 183, 188, 117, 15, 135, 255, 18, 64, 200, 8, 75, 156, 66,
       160, 186, 186, 201, 228, 176, 67, 138, 23, 1, 17, 140, 254, 106,
       91, 193, 27, 235, 17, 22, 75, 146, 209, 95, 16, 90, 107, 144, 76,
       175, 194, 2, 141, 16, 153, 253, 161, 184, 103, 30, 33, 73, 19,
       172, 186, 100, 196, 217, 27, 131, 145, 22, 26, 90, 215, 13, 20,
       154, 111, 144, 76, 173, 134, 130, 168, 152, 186, 203, 209, 184,
       205, 158, 21, 65, 19, 172, 222, 106, 9, 235, 59, 131, 145, 22, 94,
       154, 241, 95, 17, 222, 107, 16, 6, 175, 142, 71, 3, 197, 155, 170,
       50, 174, 152, 175, 89, 91, 213, 221, 102, 221, 239, 103, 71, 127,
       255, 151, 208, 111, 240, 140, 58, 239, 196, 156, 215, 177, 245,
       85, 11, 249, 237, 180, 42, 75, 24, 113, 200, 254, 196, 211, 99,
       145, 122, 118, 236, 124, 254, 169, 242, 229, 40, 214, 239, 227,
       132, 172, 227, 98, 113, 41, 160, 177, 69, 85, 222, 97, 39, 112,
       233, 102, 24, 187, 17, 84, 180, 24, 46, 80, 24, 57, 248, 241, 14,
       79, 223, 21, 96, 66, 4, 66, 170, 252, 89, 85, 70, 105, 92, 70,
       184, 161, 248, 167, 104, 91, 87, 137, 247, 4, 212, 252, 106, 73,
       67, 250, 40, 179, 249, 69, 28, 106, 179, 10, 49, 37, 105, 1, 77,
       93, 159, 198, 176, 67, 232, 104, 76, 211, 32, 21, 180, 152, 108,
       64, 110, 205, 50, 253, 60, 39, 92, 5, 52, 90, 187, 90, 132, 25,
       157, 235, 237, 149, 166, 109, 119, 52, 224, 94, 6, 61, 179, 48,
       96, 106, 175, 59, 140, 217, 152, 181, 204, 255, 239, 222, 0, 167,
       200, 161, 232, 24, 141, 46, 253, 133, 166, 108, 103, 84, 130, 222,
       2, 185, 163, 48, 96, 233, 174, 58, 136, 73, 154, 19, 204, 255,
       255, 222, 0, 26, 72, 241, 170, 231, 226, 100, 8, 77, 31, 86, 200,
       203, 118, 176, 143, 74, 204, 95, 159, 217, 193, 254, 119, 142,
       103, 238, 209, 58, 88, 69, 255, 223, 191, 90, 214, 247, 104, 198,
       164, 109, 31, 74, 192, 121, 250, 178, 78, 75, 10, 87, 159, 232,
       229, 254, 247, 141, 231, 217, 224, 147, 218, 199, 55, 237, 189,
       122, 4, 98, 219, 110, 90, 123, 221, 186, 214, 175, 93, 188, 175,
       108, 220, 55, 48, 238, 179, 255, 213, 199, 43, 62, 253, 127, 22,
       158, 251, 87, 158, 95, 223, 78, 154, 150, 159, 235, 240, 189, 142,
       190, 95, 66, 177, 236, 246, 106, 206, 231, 119, 251, 145, 50, 73,
       170, 243, 13, 54, 95, 203, 146, 84, 165, 207, 59, 235, 96, 26, 93,
       153, 218, 224, 203, 92, 181, 173, 42, 200, 247, 148, 136, 171,
       196, 71, 206, 43, 110, 253, 50, 93, 9, 187, 87, 31, 94, 207, 255,
       204, 165, 255, 45, 254, 198, 190, 223, 250, 146, 122, 250, 124,
       149, 239, 201, 118, 124, 75, 237, 101, 235, 191, 141, 251, 255,
       146, 18, 125, 85, 109, 194, 254, 134, 154, 203, 225, 184, 206,
       158, 151, 152, 187, 236, 214, 106, 78, 239, 123, 251, 145, 54, 79,
       138, 243, 156, 18, 223, 255, 148, 76, 173, 207, 65, 185, 189, 39,
