%YAML:1.0
---
descriptors: !!opencv-matrix
   rows: 201
   cols: 32
   dt: u
   data: [ 152, 172, 255, 122, 168, 236, 81, 223, 246, 31, 165, 24, 63,
       243, 106, 59, 163, 146, 108, 24, 50, 111, 186, 51, 219, 235, 48,
       73, 242, 192, 230, 107, 33, 118, 191, 69, 100, 63, 229, 120, 89,
       190, 127, 72, 211, 121, 157, 63, 156, 92, 70, 42, 225, 244, 112,
       136, 39, 219, 117, 36, 66, 251, 86, 165, 72, 52, 190, 117, 160,
       111, 117, 23, 233, 203, 126, 24, 150, 55, 10, 59, 165, 54, 125,
       24, 145, 252, 177, 0, 199, 251, 116, 0, 192, 208, 199, 99, 173,
       119, 60, 103, 48, 14, 127, 184, 124, 140, 119, 76, 223, 67, 155,
       17, 182, 84, 68, 110, 224, 176, 9, 14, 231, 187, 33, 132, 72, 179,
       66, 177, 221, 213, 254, 87, 179, 126, 127, 159, 48, 215, 175, 176,
       91, 119, 139, 251, 119, 214, 252, 190, 189, 213, 189, 226, 255,
       239, 119, 133, 174, 245, 175, 115, 185, 78, 106, 12, 110, 147,
       206, 112, 213, 74, 220, 239, 115, 200, 183, 160, 126, 232, 22,
       239, 237, 167, 6, 191, 50, 77, 169, 136, 125, 191, 120, 157, 236,
       174, 252, 113, 168, 110, 89, 154, 115, 223, 182, 25, 159, 103, 67,
       27, 149, 71, 109, 124, 58, 100, 227, 2, 207, 251, 101, 85, 194,
       241, 206, 67, 1, 143, 78, 249, 180, 169, 105, 55, 252, 81, 122,
       246, 183, 43, 178, 97, 107, 34, 14, 29, 179, 184, 100, 215, 238,
       190, 50, 192, 220, 200, 209, 168, 49, 143, 111, 249, 150, 170,
       105, 55, 116, 65, 250, 246, 147, 33, 176, 97, 111, 134, 63, 140,
       185, 184, 101, 151, 236, 238, 178, 192, 189, 200, 240, 104, 214,
       117, 150, 142, 155, 98, 54, 239, 191, 130, 169, 50, 76, 246, 41,
       80, 251, 223, 251, 162, 96, 71, 154, 250, 185, 182, 15, 59, 17,
       115, 175, 147, 190, 253, 244, 115, 175, 125, 119, 222, 127, 255,
       61, 31, 14, 61, 95, 59, 167, 223, 253, 87, 238, 124, 249, 226,
       239, 223, 85, 247, 239, 255, 214, 87, 109, 237, 105, 77, 220, 87,
       239, 255, 66, 232, 188, 2, 81, 237, 212, 32, 120, 206, 91, 252,
       155, 43, 253, 125, 127, 45, 165, 236, 167, 242, 242, 224, 78, 148,
       118, 250, 189, 246, 154, 131, 191, 85, 159, 17, 76, 127, 62, 236,
       199, 19, 189, 181, 182, 141, 57, 255, 171, 127, 154, 195, 150, 5,
       237, 87, 112, 193, 89, 239, 60, 14, 78, 188, 34, 40, 187, 72, 243,
       115, 8, 210, 208, 212, 125, 106, 73, 34, 217, 47, 241, 237, 165,
       156, 104, 187, 82, 40, 95, 113, 131, 160, 17, 6, 58, 68, 160, 192,
       138, 135, 29, 134, 114, 208, 246, 205, 217, 245, 205, 139, 148,
       192, 184, 101, 142, 76, 44, 166, 57, 80, 3, 177, 228, 213, 111,
       31, 169, 123, 123, 241, 84, 142, 40, 60, 214, 175, 63, 77, 119,
       173, 149, 124, 183, 201, 30, 90, 223, 174, 71, 164, 219, 253, 33,
       49, 127, 103, 100, 95, 224, 56, 124, 72, 251, 76, 211, 24, 28,
       112, 216, 140, 126, 110, 221, 176, 113, 12, 199, 235, 96, 4, 73,
       138, 90, 160, 245, 55, 233, 230, 218, 6, 79, 248, 16, 238, 189,
       238, 81, 103, 209, 50, 127, 220, 21, 238, 233, 210, 237, 78, 121,
       140, 175, 188, 37, 243, 102, 241, 100, 65, 31, 103, 52, 74, 103,
       136, 52, 0, 227, 72, 215, 115, 9, 82, 208, 212, 108, 106, 72, 240,
       201, 44, 229, 162, 102, 16, 64, 59, 66, 34, 165, 52, 111, 103,
       100, 46, 107, 112, 116, 234, 119, 232, 83, 85, 153, 49, 62, 252,
       22, 106, 233, 180, 117, 14, 71, 171, 97, 128, 109, 235, 82, 177,
       239, 101, 236, 231, 116, 42, 255, 184, 121, 232, 223, 155, 223,
       109, 153, 33, 254, 205, 95, 239, 169, 242, 201, 238, 246, 255,
       239, 148, 204, 251, 91, 209, 37, 71, 80, 71, 244, 26, 110, 184,
       125, 136, 123, 100, 211, 99, 157, 244, 54, 204, 6, 110, 225, 176,
       73, 46, 46, 254, 37, 4, 74, 243, 202, 161, 215, 237, 97, 78, 150,
       149, 239, 252, 69, 224, 156, 206, 121, 204, 188, 36, 54, 224, 91,
       239, 209, 9, 188, 253, 57, 8, 143, 252, 63, 182, 241, 124, 252,
       38, 104, 107, 174, 123, 215, 121, 86, 46, 189, 187, 203, 77, 154,
       177, 95, 148, 207, 42, 168, 103, 237, 18, 215, 225, 225, 189, 247,
       206, 246, 227, 44, 224, 30, 192, 205, 207, 145, 237, 198, 177,
       165, 24, 150, 209, 104, 2, 137, 0, 74, 24, 82, 103, 154, 20, 217,
       129, 5, 125, 216, 8, 203, 130, 168, 252, 238, 186, 94, 201, 177,
       226, 182, 87, 244, 187, 177, 220, 114, 3, 235, 251, 243, 145, 38,
       127, 250, 55, 95, 67, 186, 105, 85, 8, 127, 250, 155, 222, 212,
       251, 178, 155, 60, 159, 63, 27, 86, 246, 253, 67, 168, 237, 55,
       123, 190, 24, 243, 220, 77, 255, 174, 251, 118, 192, 190, 212,
       137, 45, 255, 92, 118, 254, 143, 118, 94, 170, 153, 162, 234, 27,
       126, 126, 39, 115, 255, 247, 253, 227, 108, 103, 219, 255, 243,
       250, 75, 27, 57, 121, 40, 22, 72, 168, 191, 122, 168, 237, 81, 7,
       250, 95, 176, 24, 191, 179, 192, 59, 131, 51, 108, 24, 27, 109,
       162, 49, 217, 251, 114, 123, 192, 0, 135, 107, 92, 176, 254, 178,
       139, 204, 81, 217, 171, 157, 165, 29, 31, 215, 74, 27, 183, 215,
       237, 80, 30, 67, 186, 32, 219, 227, 55, 127, 162, 131, 175, 83,
       104, 173, 249, 85, 244, 237, 243, 23, 83, 163, 110, 24, 178, 185,
       84, 96, 81, 126, 32, 24, 18, 120, 243, 19, 79, 191, 21, 121, 194,
       200, 212, 42, 59, 173, 225, 73, 213, 215, 207, 255, 87, 225, 72,
       2, 187, 248, 212, 180, 89, 234, 16, 189, 155, 186, 125, 159, 173,
       92, 135, 108, 183, 198, 242, 236, 31, 173, 99, 162, 149, 215, 206,
       237, 69, 64, 202, 194, 107, 108, 188, 164, 120, 235, 21, 239, 223,
       186, 60, 189, 185, 76, 143, 64, 39, 158, 240, 108, 10, 170, 180,
       153, 233, 237, 185, 207, 190, 61, 68, 17, 172, 166, 98, 76, 197,
       27, 235, 16, 54, 89, 226, 213, 77, 22, 90, 239, 146, 4, 133, 207,
       189, 156, 157, 255, 149, 199, 87, 239, 86, 251, 134, 18, 118, 117,
       41, 97, 249, 242, 42, 34, 121, 249, 121, 63, 249, 199, 247, 85,
       176, 120, 244, 58, 141, 65, 253, 255, 204, 11, 109, 220, 103, 176,
       247, 210, 217, 231, 217, 123, 110, 204, 110, 238, 201, 242, 239,
       208, 78, 232, 231, 132, 55, 243, 226, 176, 253, 203, 71, 79, 226,
       10, 111, 189, 117, 224, 243, 226, 83, 103, 153, 245, 126, 228, 62,
       238, 249, 146, 109, 47, 180, 170, 229, 132, 111, 187, 240, 49,
       100, 32, 157, 101, 9, 107, 67, 8, 98, 160, 163, 8, 210, 19, 64,
       50, 144, 84, 104, 58, 9, 114, 249, 8, 207, 153, 5, 52, 64, 35, 70,
       34, 96, 160, 153, 96, 9, 77, 65, 143, 98, 181, 164, 8, 151, 51,
       72, 58, 129, 148, 104, 24, 10, 107, 234, 16, 203, 217, 21, 61,
       192, 8, 70, 42, 7, 204, 194, 154, 213, 182, 190, 197, 29, 71, 199,
       147, 204, 254, 58, 76, 127, 239, 187, 179, 55, 147, 57, 246, 63,
       118, 158, 71, 151, 95, 185, 212, 244, 197, 236, 230, 252, 3, 79,
       248, 82, 226, 223, 74, 83, 97, 152, 50, 89, 196, 125, 239, 233,
       243, 205, 62, 248, 175, 229, 148, 109, 251, 216, 32, 3, 177, 226,
       85, 103, 86, 248, 101, 123, 249, 85, 130, 40, 156, 214, 174, 46,
       173, 183, 205, 213, 250, 165, 193, 31, 122, 218, 227, 71, 132,
       243, 253, 217, 223, 71, 199, 214, 18, 110, 188, 101, 192, 254,
       230, 121, 99, 188, 245, 126, 230, 62, 238, 249, 184, 109, 255, 62,
       234, 167, 128, 47, 242, 248, 44, 49, 47, 106, 1, 84, 191, 234, 87,
       116, 97, 122, 70, 179, 8, 151, 32, 124, 170, 22, 189, 173, 184,
       85, 14, 116, 12, 162, 128, 237, 200, 88, 140, 248, 224, 58, 42,
       108, 221, 83, 88, 115, 76, 113, 25, 63, 223, 74, 80, 144, 137,
       213, 86, 78, 39, 170, 19, 243, 217, 32, 121, 98, 130, 70, 67, 234,
       226, 238, 152, 109, 217, 248, 206, 255, 85, 180, 157, 175, 204,
       126, 155, 203, 131, 239, 85, 102, 111, 230, 241, 94, 89, 22, 125,
       86, 156, 223, 222, 248, 180, 254, 122, 186, 233, 81, 221, 242, 23,
       165, 56, 127, 251, 72, 26, 163, 146, 236, 16, 58, 111, 154, 51,
       219, 239, 116, 125, 224, 194, 230, 43, 208, 164, 189, 250, 136,
       109, 85, 159, 166, 23, 165, 24, 183, 247, 72, 91, 5, 146, 109, 24,
