%YAML:1.0
---
descriptors: !!opencv-matrix
   rows: 208
   cols: 32
   dt: u
   data: [ 44, 115, 184, 101, 244, 79, 87, 152, 43, 236, 191, 13, 223,
       125, 75, 18, 156, 220, 245, 126, 200, 112, 249, 40, 239, 221, 37,
       181, 202, 251, 78, 211, 171, 174, 102, 27, 245, 191, 238, 239,
       127, 231, 108, 151, 235, 232, 150, 133, 59, 234, 194, 61, 238,
       252, 125, 255, 62, 94, 215, 100, 119, 204, 250, 204, 219, 83, 228,
       69, 35, 26, 125, 53, 105, 206, 22, 230, 105, 14, 151, 255, 38,
       229, 253, 239, 229, 212, 165, 200, 54, 123, 238, 131, 47, 244, 88,
       93, 165, 129, 113, 67, 244, 79, 231, 49, 116, 96, 119, 0, 211, 17,
       140, 52, 56, 156, 70, 122, 249, 176, 125, 30, 109, 168, 33, 68,
       97, 139, 198, 160, 49, 3, 106, 45, 84, 11, 195, 120, 116, 228,
       223, 198, 83, 1, 178, 0, 120, 140, 6, 237, 136, 178, 101, 30, 244,
       45, 160, 132, 101, 138, 112, 224, 254, 252, 59, 160, 189, 205, 87,
       204, 191, 237, 180, 25, 14, 223, 74, 16, 189, 213, 221, 115, 111,
       15, 184, 183, 251, 213, 13, 255, 66, 30, 198, 123, 191, 71, 96,
       12, 118, 27, 206, 105, 93, 224, 249, 206, 107, 104, 183, 181, 62,
       233, 22, 111, 237, 182, 77, 159, 50, 92, 1, 180, 127, 191, 74,
       132, 123, 254, 229, 92, 59, 220, 93, 190, 251, 252, 190, 173, 42,
       63, 214, 246, 135, 247, 253, 221, 207, 72, 247, 253, 123, 127,
       213, 191, 174, 244, 78, 127, 2, 189, 50, 185, 179, 193, 188, 103,
       30, 77, 88, 179, 172, 158, 32, 64, 231, 59, 151, 129, 118, 156, 2,
       223, 161, 119, 186, 195, 20, 4, 173, 219, 181, 85, 125, 69, 86,
       91, 199, 248, 87, 234, 254, 106, 83, 60, 157, 36, 121, 252, 118,
       106, 233, 242, 109, 158, 126, 174, 229, 212, 103, 187, 84, 245,
       242, 50, 26, 184, 43, 209, 16, 72, 171, 21, 161, 185, 14, 222,
       104, 83, 238, 177, 207, 160, 14, 7, 138, 209, 209, 209, 11, 63,
       16, 0, 47, 3, 216, 113, 55, 232, 41, 205, 21, 111, 175, 116, 160,
       8, 190, 151, 64, 51, 200, 183, 93, 64, 75, 75, 242, 93, 241, 176,
       15, 58, 18, 16, 135, 122, 111, 191, 228, 92, 127, 221, 154, 186,
       203, 252, 188, 237, 106, 252, 215, 182, 143, 115, 253, 71, 135,
       107, 254, 253, 26, 93, 1, 187, 95, 173, 94, 255, 45, 245, 1, 73,
       221, 31, 198, 185, 87, 224, 169, 76, 210, 88, 92, 164, 217, 72,
       82, 110, 223, 98, 121, 31, 47, 156, 133, 124, 91, 42, 218, 164,
       90, 98, 119, 204, 122, 83, 184, 76, 167, 132, 212, 163, 77, 207,
       167, 212, 126, 189, 239, 160, 68, 135, 167, 220, 210, 117, 139,
       187, 55, 150, 39, 239, 159, 60, 239, 85, 242, 254, 127, 247, 113,
       234, 86, 182, 25, 63, 151, 117, 55, 126, 149, 174, 241, 220, 181,
       238, 111, 111, 117, 128, 167, 245, 231, 253, 81, 156, 159, 190, 0,
       236, 49, 39, 188, 91, 106, 17, 254, 179, 34, 82, 161, 35, 106, 5,
       48, 137, 18, 119, 217, 167, 122, 66, 208, 0, 161, 75, 80, 153,
       191, 110, 131, 204, 55, 119, 172, 1, 110, 0, 62, 183, 32, 112,
       166, 51, 123, 76, 82, 153, 50, 101, 241, 173, 22, 2, 96, 18, 167,
       106, 7, 127, 231, 219, 230, 195, 175, 208, 94, 222, 89, 230, 241,
       236, 181, 41, 110, 107, 22, 207, 195, 240, 45, 249, 44, 10, 175,
       128, 253, 251, 113, 245, 130, 217, 24, 155, 77, 197, 180, 238, 31,
       21, 64, 3, 164, 222, 38, 73, 200, 123, 131, 65, 70, 92, 82, 245,
       7, 16, 222, 107, 16, 24, 157, 206, 180, 102, 107, 97, 68, 111, 71,
       120, 113, 174, 117, 76, 83, 65, 153, 57, 249, 188, 4, 106, 233,
       182, 41, 14, 241, 203, 97, 4, 97, 243, 118, 241, 62, 97, 98, 140,
       95, 211, 138, 104, 23, 196, 213, 171, 75, 204, 183, 132, 122, 184,
       147, 227, 76, 179, 127, 158, 50, 117, 137, 187, 119, 175, 126,
       246, 76, 129, 156, 165, 176, 14, 124, 187, 36, 138, 190, 9, 223,
       99, 10, 82, 146, 197, 108, 44, 60, 240, 209, 10, 238, 247, 101,
       21, 168, 224, 139, 3, 254, 252, 236, 22, 137, 120, 85, 188, 243,
       255, 167, 157, 74, 236, 95, 223, 129, 198, 236, 134, 188, 71, 255,
       160, 219, 115, 85, 63, 171, 245, 222, 86, 45, 162, 16, 97, 125,
       31, 82, 152, 115, 184, 189, 77, 207, 73, 90, 144, 153, 200, 204,
       46, 14, 98, 219, 155, 239, 221, 37, 61, 74, 175, 74, 131, 219,
       114, 224, 53, 103, 88, 252, 23, 57, 238, 22, 255, 41, 14, 215,
       187, 174, 237, 245, 149, 237, 212, 165, 202, 86, 91, 255, 131,
       175, 244, 127, 223, 19, 221, 99, 158, 23, 209, 191, 231, 132, 68,
       88, 167, 40, 140, 54, 64, 104, 43, 147, 197, 199, 169, 54, 253,
       48, 36, 138, 203, 61, 12, 185, 222, 33, 160, 145, 127, 28, 139,
       162, 39, 126, 161, 99, 72, 246, 241, 0, 48, 144, 62, 106, 8, 1,
       184, 195, 61, 141, 174, 49, 48, 80, 8, 195, 170, 123, 59, 101, 76,
       59, 253, 152, 222, 239, 204, 188, 173, 42, 188, 215, 180, 134,
       249, 253, 69, 135, 43, 246, 253, 26, 93, 9, 187, 95, 181, 79, 223,
       237, 203, 127, 97, 100, 14, 111, 180, 97, 248, 118, 100, 147, 3,
       144, 115, 68, 204, 118, 126, 233, 252, 229, 12, 238, 249, 229,
       196, 106, 176, 82, 169, 250, 252, 59, 240, 127, 239, 87, 238, 187,
       238, 188, 27, 62, 223, 33, 49, 191, 247, 223, 99, 107, 71, 184,
       255, 243, 215, 13, 191, 66, 93, 39, 123, 242, 237, 56, 58, 157,
       201, 82, 231, 239, 21, 168, 9, 38, 152, 102, 16, 161, 251, 201,
       81, 94, 107, 154, 53, 251, 209, 20, 123, 80, 8, 191, 78, 86, 133,
       82, 136, 178, 98, 58, 105, 189, 1, 203, 147, 205, 226, 44, 196,
       118, 149, 187, 179, 60, 131, 157, 198, 152, 180, 138, 77, 132,
       135, 173, 4, 208, 217, 94, 254, 34, 192, 61, 229, 164, 8, 114,
       161, 117, 215, 40, 80, 54, 251, 125, 192, 72, 153, 130, 109, 240,
       161, 110, 137, 32, 18, 167, 11, 214, 30, 86, 183, 50, 138, 190,
       96, 189, 174, 83, 247, 77, 174, 167, 199, 39, 117, 239, 163, 100,
       221, 140, 206, 186, 98, 107, 131, 101, 231, 47, 135, 76, 243, 90,
       226, 57, 157, 122, 240, 173, 136, 190, 109, 255, 223, 169, 144,
       182, 241, 207, 114, 130, 33, 10, 253, 255, 221, 39, 251, 74, 147,
       79, 147, 246, 230, 234, 132, 229, 114, 236, 237, 177, 247, 151,
       179, 72, 238, 255, 143, 123, 207, 183, 183, 252, 215, 172, 194,
       58, 91, 223, 167, 167, 245, 254, 212, 82, 149, 82, 167, 178, 74,
       120, 109, 61, 53, 235, 177, 207, 54, 140, 212, 182, 159, 207, 161,
       90, 153, 25, 199, 144, 246, 26, 71, 4, 134, 175, 14, 93, 41, 150,
       101, 137, 30, 6, 171, 38, 162, 174, 8, 223, 113, 65, 150, 17, 68,
       232, 72, 89, 241, 195, 2, 189, 247, 69, 20, 234, 117, 139, 32,
       161, 40, 127, 81, 68, 238, 97, 23, 127, 31, 246, 16, 243, 147, 20,
       121, 121, 174, 110, 8, 43, 252, 243, 33, 199, 251, 240, 0, 193,
       200, 70, 168, 165, 30, 167, 93, 172, 63, 230, 210, 125, 234, 251,
       112, 211, 60, 149, 175, 221, 230, 126, 43, 173, 245, 109, 138,
       166, 254, 246, 148, 207, 249, 88, 53, 166, 186, 189, 82, 235, 245,
       188, 223, 155, 251, 53, 255, 60, 252, 239, 191, 143, 219, 247,
       149, 183, 127, 170, 241, 31, 91, 125, 239, 223, 124, 143, 255, 2,
       159, 3, 170, 180, 166, 42, 255, 28, 9, 90, 231, 229, 226, 40, 64,
       255, 59, 15, 177, 58, 152, 8, 255, 168, 246, 170, 194, 152, 74,
       177, 153, 99, 32, 84, 129, 109, 153, 248, 66, 107, 113, 240, 201,
       142, 10, 214, 190, 234, 133, 254, 29, 135, 59, 197, 209, 22, 120,
       82, 235, 79, 12, 75, 141, 254, 253, 255, 116, 179, 246, 191, 243,
       185, 206, 254, 183, 120, 191, 183, 51, 183, 255, 149, 231, 240,
       221, 52, 238, 123, 123, 205, 131, 103, 245, 230, 127, 86, 251,
       144, 168, 155, 193, 16, 204, 143, 181, 128, 235, 12, 199, 105,
       210, 247, 209, 237, 208, 74, 67, 139, 209, 184, 212, 143, 127, 24,
       18, 47, 11, 217, 14, 158, 60, 41, 122, 68, 50, 249, 94, 166, 28,
       255, 35, 130, 251, 129, 230, 236, 14, 45, 77, 231, 40, 210, 243,
       116, 17, 226, 244, 74, 64, 53, 191, 113, 69, 246, 11, 239, 255,
       109, 234, 126, 238, 81, 113, 149, 52, 62, 198, 86, 110, 193, 178,
       109, 78, 60, 12, 37, 132, 111, 250, 194, 189, 15, 182, 60, 177,
