%YAML:1.0
---
descriptors: !!opencv-matrix
   rows: 221
   cols: 32
   dt: u
   data: [ 93, 81, 254, 103, 36, 86, 127, 184, 96, 192, 255, 2, 91, 123,
       155, 114, 120, 212, 253, 234, 200, 209, 185, 168, 243, 235, 231,
       4, 39, 179, 118, 34, 70, 185, 16, 218, 61, 157, 178, 200, 239, 49,
       137, 8, 236, 218, 108, 196, 162, 59, 234, 82, 22, 41, 26, 245,
       175, 24, 7, 123, 18, 14, 9, 15, 214, 18, 150, 182, 43, 98, 61, 1,
       188, 158, 147, 179, 237, 231, 35, 75, 230, 245, 237, 167, 32, 197,
       139, 202, 208, 226, 123, 131, 160, 117, 37, 115, 39, 105, 163,
       219, 204, 209, 175, 192, 222, 210, 80, 74, 160, 216, 245, 47, 72,
       104, 19, 203, 195, 114, 254, 240, 37, 24, 207, 168, 29, 125, 113,
       228, 224, 207, 188, 159, 189, 151, 23, 167, 94, 47, 206, 23, 226,
       32, 38, 64, 193, 102, 170, 1, 124, 126, 65, 191, 235, 247, 214,
       19, 144, 92, 220, 31, 40, 248, 177, 58, 217, 205, 19, 198, 219,
       61, 40, 8, 174, 209, 104, 52, 129, 58, 194, 16, 82, 42, 250, 115,
       107, 84, 21, 127, 210, 22, 199, 235, 84, 13, 158, 172, 180, 198,
       127, 178, 228, 140, 222, 1, 247, 243, 35, 80, 230, 231, 61, 194,
       12, 153, 139, 110, 250, 231, 175, 193, 160, 179, 173, 3, 44, 103,
       72, 97, 112, 11, 111, 184, 49, 164, 126, 228, 83, 101, 137, 16,
       94, 220, 135, 234, 200, 178, 109, 14, 102, 141, 33, 132, 103, 187,
       70, 160, 122, 116, 244, 179, 143, 125, 252, 140, 31, 254, 180, 11,
       235, 124, 95, 143, 191, 223, 255, 241, 46, 116, 251, 179, 143,
       222, 223, 187, 231, 95, 93, 222, 87, 93, 237, 167, 166, 38, 110,
       159, 80, 243, 27, 215, 213, 44, 209, 107, 119, 199, 61, 239, 253,
       80, 221, 234, 238, 111, 255, 132, 173, 243, 209, 80, 62, 121, 115,
       232, 127, 221, 147, 72, 203, 68, 188, 42, 46, 221, 45, 164, 158,
       185, 215, 113, 10, 35, 120, 189, 147, 213, 9, 59, 119, 47, 6, 231,
       171, 190, 16, 27, 89, 181, 170, 222, 222, 123, 96, 92, 168, 218,
       118, 141, 137, 75, 130, 145, 167, 110, 90, 247, 13, 30, 158, 106,
       91, 68, 202, 142, 246, 101, 234, 230, 253, 64, 223, 236, 201, 166,
       185, 11, 106, 253, 93, 18, 152, 245, 253, 227, 104, 99, 170, 234,
       243, 252, 133, 63, 103, 255, 214, 98, 44, 181, 176, 234, 221, 253,
       82, 203, 7, 53, 45, 25, 14, 253, 106, 24, 217, 155, 147, 16, 30,
       58, 88, 145, 255, 221, 21, 127, 242, 78, 220, 210, 84, 253, 91,
       229, 242, 198, 127, 240, 57, 44, 127, 160, 93, 215, 160, 80, 54,
       253, 23, 186, 64, 146, 184, 78, 255, 173, 47, 132, 36, 178, 167,
       225, 2, 159, 14, 187, 9, 132, 61, 231, 190, 29, 72, 149, 172, 135,
       34, 64, 229, 43, 187, 133, 70, 217, 18, 245, 228, 50, 158, 139,
       24, 84, 177, 219, 25, 111, 99, 237, 118, 143, 239, 121, 60, 224,
       88, 230, 221, 79, 145, 32, 126, 57, 23, 239, 225, 176, 69, 95,
       100, 140, 171, 132, 109, 178, 115, 177, 106, 248, 144, 242, 233,
       192, 152, 142, 171, 177, 176, 169, 172, 191, 68, 218, 203, 215,
       251, 208, 82, 75, 218, 241, 95, 215, 222, 255, 134, 20, 175, 154,
       170, 217, 118, 91, 197, 213, 252, 247, 221, 7, 246, 19, 40, 221,
       62, 193, 200, 186, 147, 192, 246, 174, 82, 255, 39, 122, 210, 75,
       83, 140, 252, 206, 140, 78, 124, 127, 181, 187, 127, 182, 119,
       166, 110, 16, 251, 115, 131, 100, 23, 126, 174, 10, 184, 244, 105,
       191, 239, 223, 37, 1, 242, 255, 76, 106, 47, 253, 166, 164, 253,
       255, 254, 223, 135, 253, 156, 47, 222, 188, 114, 162, 237, 229,
       255, 53, 206, 99, 234, 149, 255, 85, 173, 183, 211, 126, 156, 215,
       65, 48, 123, 225, 114, 236, 185, 87, 42, 57, 126, 24, 189, 31, 0,
       120, 166, 159, 55, 145, 19, 154, 177, 85, 85, 169, 58, 232, 205,
       0, 35, 171, 129, 162, 104, 217, 196, 185, 224, 83, 238, 17, 112,
       214, 185, 136, 244, 43, 106, 43, 6, 157, 150, 60, 102, 209, 70,
       25, 50, 105, 213, 200, 217, 136, 144, 2, 110, 185, 6, 169, 233,
       87, 4, 85, 82, 183, 179, 137, 242, 72, 104, 138, 63, 157, 26, 188,
       71, 145, 196, 193, 186, 192, 61, 136, 213, 192, 248, 234, 61, 113,
       40, 207, 81, 190, 59, 127, 182, 57, 159, 7, 192, 19, 133, 212,
       109, 76, 104, 111, 227, 23, 219, 219, 117, 245, 98, 144, 70, 107,
       21, 95, 93, 101, 98, 14, 63, 184, 124, 234, 123, 228, 247, 99,
       137, 81, 54, 93, 6, 110, 225, 176, 29, 95, 228, 175, 103, 132,
       108, 243, 3, 177, 40, 200, 116, 91, 77, 221, 215, 238, 197, 93,
       116, 3, 42, 29, 54, 165, 200, 18, 210, 67, 198, 46, 118, 189, 103,
       91, 80, 91, 87, 156, 222, 206, 190, 204, 80, 90, 91, 217, 82, 232,
       159, 22, 228, 137, 42, 219, 37, 213, 91, 184, 135, 98, 110, 39,
       74, 255, 19, 216, 1, 63, 115, 143, 78, 134, 24, 177, 27, 238, 155,
       204, 86, 105, 169, 9, 233, 13, 62, 219, 40, 16, 176, 155, 221, 66,
       95, 11, 26, 117, 243, 245, 2, 107, 120, 2, 163, 19, 220, 77, 124,
       229, 53, 82, 94, 184, 225, 160, 190, 34, 219, 95, 153, 242, 114,
       212, 253, 234, 232, 133, 233, 142, 243, 233, 167, 149, 39, 179,
       110, 34, 34, 235, 99, 158, 253, 201, 183, 229, 30, 68, 88, 171,
       168, 236, 119, 4, 216, 107, 131, 71, 198, 58, 110, 253, 52, 20,
       143, 171, 85, 30, 215, 254, 194, 248, 253, 187, 127, 205, 249,
       237, 187, 213, 176, 155, 254, 223, 94, 19, 191, 217, 255, 85, 66,
       111, 219, 245, 221, 210, 95, 255, 69, 12, 135, 251, 56, 133, 102,
       233, 181, 163, 74, 127, 69, 25, 219, 3, 75, 41, 56, 65, 120, 131,
       31, 225, 190, 169, 69, 157, 250, 249, 170, 213, 55, 138, 248, 2,
       31, 157, 2, 190, 148, 182, 110, 55, 116, 200, 202, 199, 241, 234,
       176, 192, 120, 238, 22, 141, 189, 154, 20, 175, 168, 47, 174, 192,
       45, 230, 184, 156, 215, 81, 207, 36, 42, 2, 94, 52, 169, 192, 130,
       199, 93, 111, 17, 91, 38, 229, 125, 231, 205, 133, 149, 72, 242,
       170, 238, 148, 44, 179, 33, 88, 114, 3, 50, 174, 45, 205, 90, 105,
       237, 12, 241, 9, 239, 218, 56, 208, 216, 161, 223, 99, 76, 35, 90,
       157, 179, 249, 131, 187, 82, 38, 102, 7, 44, 52, 184, 67, 221,
       253, 210, 218, 79, 191, 173, 24, 154, 253, 111, 188, 217, 26, 211,
       24, 18, 35, 120, 178, 79, 221, 17, 127, 211, 75, 78, 246, 30, 44,
       230, 247, 21, 246, 122, 210, 181, 132, 214, 3, 109, 191, 51, 207,
       238, 247, 191, 211, 172, 217, 17, 236, 159, 255, 218, 131, 167,
       245, 60, 78, 74, 24, 151, 254, 171, 228, 56, 3, 143, 27, 130, 81,
       172, 191, 97, 203, 229, 115, 189, 129, 18, 73, 130, 225, 211, 243,
       90, 139, 146, 65, 41, 11, 86, 155, 234, 162, 154, 80, 158, 236,
       166, 253, 158, 175, 101, 238, 235, 66, 119, 195, 253, 247, 222, 3,
       174, 112, 250, 69, 175, 255, 189, 247, 189, 87, 252, 189, 248,
       126, 221, 118, 86, 235, 83, 162, 185, 10, 123, 125, 29, 49, 217,
       254, 181, 99, 120, 99, 248, 175, 251, 239, 197, 63, 99, 123, 214,
       34, 168, 149, 52, 91, 221, 221, 212, 127, 95, 29, 245, 17, 202,
       93, 62, 201, 201, 18, 179, 56, 254, 42, 91, 149, 47, 219, 212,
       127, 211, 12, 220, 210, 184, 249, 58, 126, 27, 219, 22, 244, 197,
       140, 236, 40, 123, 221, 32, 176, 152, 248, 204, 98, 76, 171, 34,
       61, 251, 225, 37, 27, 99, 26, 238, 11, 173, 109, 230, 85, 197,
       127, 231, 246, 241, 226, 108, 26, 26, 60, 23, 191, 41, 238, 210,
       106, 229, 252, 52, 170, 119, 91, 69, 36, 235, 253, 218, 252, 10,
       221, 42, 175, 149, 199, 191, 239, 29, 69, 94, 7, 236, 126, 62, 64,
       221, 3, 147, 225, 118, 152, 121, 255, 111, 119, 142, 67, 22, 30,
       189, 94, 58, 208, 182, 255, 13, 213, 220, 39, 149, 7, 246, 19,
       171, 253, 54, 196, 216, 187, 191, 1, 108, 174, 83, 191, 163, 254,
       222, 27, 83, 28, 252, 206, 78, 189, 179, 178, 179, 224, 63, 151,
       187, 253, 27, 181, 252, 255, 72, 66, 167, 127, 253, 145, 19, 89,
       170, 242, 249, 118, 62, 235, 134, 87, 167, 115, 252, 251, 61, 54,
       187, 217, 22, 253, 203, 172, 176, 105, 110, 253, 97, 147, 134,
       115, 236, 67, 228, 107, 138, 189, 187, 209, 5, 59, 66, 62, 143,
