%YAML:1.0
---
descriptors: !!opencv-matrix
   rows: 282
   cols: 32
   dt: u
   data: [ 104, 181, 114, 227, 245, 223, 118, 189, 47, 37, 255, 9, 239,
       127, 10, 144, 219, 159, 239, 48, 30, 186, 89, 157, 255, 223, 21,
       87, 226, 206, 206, 194, 109, 113, 209, 71, 244, 31, 102, 184, 97,
       232, 127, 108, 210, 113, 221, 180, 28, 204, 118, 110, 201, 178,
       237, 136, 46, 156, 37, 36, 107, 251, 82, 165, 1, 134, 107, 249,
       180, 169, 233, 23, 124, 17, 126, 214, 191, 9, 176, 104, 107, 10,
       6, 157, 179, 184, 100, 214, 206, 221, 178, 64, 252, 200, 241, 168,
       29, 89, 91, 239, 50, 15, 95, 248, 45, 232, 255, 70, 127, 95, 41,
       112, 254, 249, 93, 234, 201, 147, 25, 188, 243, 253, 35, 128, 58,
       179, 35, 51, 87, 249, 27, 234, 59, 198, 95, 248, 237, 232, 218,
       70, 255, 215, 41, 112, 246, 253, 127, 234, 75, 131, 185, 253, 241,
       252, 11, 158, 40, 19, 33, 59, 6, 217, 191, 255, 173, 197, 55, 231,
       158, 93, 207, 0, 252, 247, 33, 96, 237, 123, 123, 210, 19, 201,
       59, 253, 237, 183, 15, 3, 144, 123, 165, 243, 5, 52, 219, 161,
       162, 42, 107, 90, 58, 227, 59, 247, 213, 166, 193, 10, 55, 77, 38,
       182, 149, 208, 141, 66, 76, 143, 33, 228, 172, 227, 1, 209, 17,
       133, 79, 236, 22, 2, 111, 117, 100, 0, 203, 194, 81, 99, 176, 97,
       122, 230, 26, 238, 121, 147, 5, 12, 240, 173, 162, 0, 53, 226,
       240, 40, 230, 253, 169, 111, 252, 109, 223, 188, 27, 250, 189, 57,
       242, 125, 95, 50, 157, 219, 117, 99, 234, 98, 235, 59, 103, 159,
       101, 188, 84, 251, 214, 243, 2, 204, 18, 155, 85, 213, 178, 198,
       30, 5, 88, 3, 172, 216, 38, 196, 217, 59, 131, 81, 38, 188, 90,
       255, 37, 22, 154, 75, 16, 13, 189, 142, 131, 188, 147, 185, 250,
       172, 168, 87, 190, 27, 82, 116, 156, 151, 96, 107, 167, 59, 123,
       145, 115, 93, 146, 83, 173, 160, 190, 234, 136, 64, 163, 177, 44,
       103, 113, 77, 112, 74, 239, 48, 121, 0, 126, 224, 217, 37, 133,
       52, 30, 92, 6, 106, 224, 176, 229, 78, 102, 188, 32, 132, 103,
       179, 70, 165, 34, 32, 211, 140, 109, 237, 178, 74, 11, 169, 249,
       11, 4, 216, 100, 0, 217, 185, 2, 1, 2, 50, 202, 211, 21, 20, 11,
       47, 81, 11, 87, 134, 98, 48, 115, 136, 77, 109, 240, 64, 121, 47,
       241, 11, 10, 152, 68, 24, 248, 157, 102, 145, 14, 55, 210, 194,
       23, 60, 16, 47, 65, 11, 118, 134, 125, 117, 179, 103, 100, 63,
       231, 248, 105, 234, 123, 76, 94, 121, 221, 178, 180, 196, 124,
       110, 209, 176, 249, 138, 255, 253, 37, 52, 74, 251, 82, 49, 185,
       186, 158, 50, 169, 189, 80, 215, 251, 123, 180, 29, 47, 251, 66,
       187, 165, 163, 252, 20, 190, 111, 154, 177, 219, 219, 117, 123,
       234, 196, 202, 139, 94, 85, 122, 236, 203, 244, 28, 255, 233, 206,
       188, 39, 104, 254, 63, 114, 255, 243, 149, 161, 204, 3, 182, 203,
       243, 121, 143, 139, 47, 244, 47, 95, 172, 119, 28, 103, 112, 15,
       127, 184, 60, 174, 127, 109, 223, 99, 137, 16, 150, 85, 69, 110,
       224, 176, 73, 14, 230, 255, 37, 148, 72, 179, 74, 145, 23, 10, 86,
       241, 66, 130, 40, 83, 188, 49, 67, 210, 157, 130, 160, 105, 38,
       45, 42, 152, 18, 220, 135, 192, 212, 168, 250, 192, 172, 129, 33,
       161, 180, 196, 238, 127, 222, 79, 247, 236, 86, 166, 247, 27, 83,
       109, 31, 65, 121, 254, 99, 227, 104, 246, 251, 62, 127, 175, 229,
       5, 245, 251, 118, 226, 29, 14, 86, 79, 180, 182, 70, 55, 117, 139,
       239, 84, 107, 98, 183, 244, 115, 230, 44, 44, 188, 189, 13, 127,
       170, 254, 53, 64, 186, 242, 232, 5, 93, 84, 57, 103, 244, 30, 103,
       152, 121, 234, 119, 68, 95, 57, 153, 116, 180, 204, 52, 126, 193,
       180, 249, 238, 247, 255, 37, 132, 234, 179, 66, 113, 92, 87, 95,
       231, 50, 74, 63, 184, 44, 236, 127, 229, 223, 119, 137, 80, 54,
       213, 45, 106, 65, 144, 169, 110, 245, 231, 39, 132, 36, 243, 37,
       113, 102, 141, 174, 158, 221, 228, 182, 231, 154, 135, 121, 3,
       236, 236, 62, 66, 217, 123, 163, 3, 20, 122, 202, 239, 63, 54,
       222, 11, 149, 127, 189, 222, 246, 119, 232, 194, 218, 70, 95, 220,
       50, 236, 189, 175, 81, 231, 207, 90, 55, 205, 85, 254, 106, 67,
       191, 106, 250, 141, 175, 188, 189, 243, 166, 113, 145, 14, 223,
       245, 22, 162, 106, 115, 116, 131, 99, 210, 81, 227, 176, 96, 114,
       236, 42, 140, 48, 157, 5, 110, 176, 174, 146, 64, 173, 160, 97, 0,
       29, 250, 158, 254, 168, 220, 119, 248, 191, 223, 117, 108, 255,
       247, 203, 59, 183, 123, 236, 210, 171, 201, 170, 125, 203, 247,
       119, 170, 170, 243, 15, 251, 39, 164, 237, 223, 221, 191, 238,
       175, 218, 243, 81, 19, 241, 252, 94, 43, 27, 110, 51, 45, 167,
       252, 255, 191, 111, 127, 223, 44, 221, 108, 81, 238, 82, 147, 127,
       252, 18, 194, 57, 81, 174, 64, 87, 230, 93, 215, 168, 96, 118,
       189, 191, 128, 209, 193, 38, 213, 208, 227, 106, 202, 53, 130,
       165, 49, 253, 123, 233, 103, 218, 6, 79, 216, 18, 232, 188, 207,
       81, 39, 209, 50, 126, 220, 85, 254, 201, 210, 253, 42, 125, 141,
       175, 180, 45, 242, 70, 249, 33, 164, 120, 59, 125, 145, 209, 167,
       126, 69, 124, 61, 160, 72, 94, 0, 139, 42, 66, 21, 182, 42, 103,
       119, 110, 95, 22, 107, 84, 4, 247, 206, 198, 189, 182, 154, 203,
       245, 182, 238, 190, 87, 201, 23, 204, 254, 47, 207, 231, 115, 251,
       211, 52, 79, 26, 243, 59, 54, 95, 123, 152, 119, 175, 222, 188,
       237, 231, 95, 221, 95, 238, 253, 87, 178, 254, 3, 123, 125, 157,
       231, 121, 254, 183, 250, 248, 246, 251, 174, 111, 239, 197, 4,
       231, 254, 242, 234, 166, 100, 160, 147, 213, 229, 180, 207, 94,
       247, 73, 19, 140, 220, 127, 12, 217, 11, 147, 17, 54, 118, 90,
       242, 13, 22, 159, 111, 209, 93, 157, 194, 88, 43, 252, 100, 168,
       110, 85, 159, 227, 253, 188, 9, 159, 55, 67, 26, 165, 214, 109,
       28, 152, 41, 227, 0, 219, 255, 117, 181, 194, 240, 78, 83, 228,
       169, 151, 122, 172, 201, 77, 192, 251, 31, 181, 24, 255, 227, 200,
       63, 131, 227, 108, 90, 58, 103, 234, 113, 217, 219, 119, 56, 194,
       193, 199, 33, 51, 121, 67, 142, 207, 83, 174, 101, 45, 66, 209,
       170, 8, 158, 180, 165, 106, 159, 219, 227, 125, 139, 52, 232, 48,
       52, 158, 155, 13, 62, 187, 220, 36, 220, 255, 94, 82, 195, 147,
       232, 87, 144, 116, 162, 113, 247, 45, 117, 123, 249, 2, 176, 99,
       242, 58, 125, 121, 174, 71, 111, 243, 160, 100, 186, 92, 81, 239,
       167, 18, 70, 127, 184, 36, 232, 223, 131, 87, 127, 57, 112, 118,
       213, 125, 239, 201, 145, 153, 12, 243, 239, 239, 132, 36, 243, 36,
       115, 246, 150, 239, 190, 172, 106, 215, 43, 189, 206, 251, 183,
       87, 127, 46, 91, 255, 247, 125, 35, 248, 231, 91, 207, 241, 183,
       255, 151, 84, 123, 244, 115, 92, 85, 206, 166, 4, 6, 94, 184, 32,
       174, 223, 2, 87, 127, 27, 82, 242, 213, 253, 235, 72, 209, 153,
       136, 243, 239, 239, 149, 36, 243, 60, 2, 158, 189, 122, 228, 245,
       212, 253, 247, 169, 206, 252, 15, 110, 253, 63, 150, 191, 179,
       215, 165, 227, 163, 50, 235, 243, 93, 142, 139, 71, 246, 127, 255,
       161, 220, 184, 220, 125, 253, 176, 206, 223, 95, 92, 15, 190, 188,
       119, 104, 205, 107, 178, 65, 167, 110, 122, 243, 103, 31, 94, 59,
       216, 92, 93, 223, 44, 181, 112, 233, 245, 255, 122, 251, 55, 45,
       255, 9, 91, 255, 90, 144, 123, 158, 199, 56, 30, 186, 121, 151,
       127, 221, 37, 101, 231, 207, 238, 211, 109, 119, 83, 71, 242, 26,
       103, 248, 105, 232, 123, 238, 91, 117, 141, 180, 54, 220, 70, 106,
       193, 176, 173, 236, 54, 188, 37, 132, 111, 243, 98, 181, 39, 111,
       64, 7, 246, 27, 238, 248, 91, 232, 125, 206, 64, 232, 223, 180,
       62, 236, 18, 127, 197, 50, 204, 252, 62, 12, 165, 164, 127, 255,
       90, 149, 245, 213, 236, 166, 140, 39, 95, 248, 81, 234, 159, 11,
       83, 125, 27, 35, 93, 196, 125, 239, 236, 99, 237, 174, 251, 143,
       229, 188, 101, 251, 116, 83, 93, 85, 251, 110, 213, 94, 119, 248,
       113, 202, 255, 8, 127, 121, 61, 112, 246, 213, 124, 106, 233, 167,
