%YAML:1.0
---
descriptors: !!opencv-matrix
   rows: 257
   cols: 32
   dt: u
   data: [ 171, 172, 144, 91, 89, 181, 170, 207, 94, 59, 112, 92, 168,
       232, 118, 165, 153, 107, 130, 137, 166, 106, 90, 255, 47, 94, 159,
       121, 219, 64, 203, 142, 42, 243, 126, 253, 109, 213, 221, 127,
       141, 77, 253, 189, 174, 223, 190, 180, 206, 155, 255, 133, 198,
       171, 115, 213, 215, 249, 58, 139, 94, 140, 175, 255, 24, 27, 63,
       45, 34, 2, 79, 118, 100, 4, 206, 160, 255, 103, 33, 240, 54, 247,
       173, 227, 200, 153, 37, 45, 225, 227, 106, 128, 36, 179, 39, 105,
       20, 245, 90, 231, 240, 74, 127, 253, 48, 172, 126, 32, 117, 55,
       139, 16, 126, 253, 23, 234, 88, 152, 40, 110, 255, 173, 167, 132,
       33, 179, 166, 171, 253, 73, 223, 100, 56, 78, 79, 16, 32, 234,
       175, 8, 83, 87, 129, 114, 16, 244, 124, 106, 73, 149, 249, 42,
       242, 173, 165, 144, 107, 251, 64, 48, 84, 188, 185, 83, 242, 111,
       163, 207, 58, 253, 42, 40, 86, 60, 69, 58, 183, 95, 97, 17, 51,
       123, 185, 98, 61, 6, 53, 118, 193, 96, 135, 251, 43, 223, 120,
       250, 237, 245, 255, 247, 143, 95, 253, 55, 8, 191, 190, 228, 237,
       211, 159, 195, 222, 43, 122, 247, 119, 253, 178, 223, 95, 95, 236,
       223, 146, 174, 238, 185, 218, 160, 61, 231, 182, 23, 214, 247,
       173, 167, 226, 73, 111, 255, 239, 149, 50, 219, 134, 247, 254, 99,
       254, 203, 165, 196, 165, 217, 169, 219, 120, 109, 116, 7, 255,
       248, 84, 110, 116, 102, 49, 41, 187, 32, 126, 88, 23, 234, 225,
       178, 40, 63, 70, 143, 96, 164, 125, 185, 122, 249, 2, 141, 20,
       189, 173, 187, 190, 239, 143, 4, 218, 3, 237, 110, 55, 196, 226,
       99, 239, 71, 86, 169, 83, 253, 168, 246, 94, 19, 148, 93, 173, 79,
       92, 77, 154, 172, 180, 210, 94, 181, 36, 140, 218, 1, 223, 239,
       43, 208, 242, 253, 173, 226, 76, 147, 137, 142, 251, 229, 175,
       137, 34, 179, 172, 3, 243, 253, 81, 224, 187, 133, 95, 246, 27,
       232, 176, 106, 15, 159, 68, 116, 223, 221, 149, 242, 219, 15, 224,
       182, 187, 221, 175, 254, 51, 12, 130, 127, 246, 64, 212, 133, 77,
       76, 120, 72, 41, 188, 179, 11, 142, 14, 79, 90, 232, 213, 255,
       243, 12, 35, 195, 192, 149, 184, 207, 63, 165, 63, 110, 83, 59,
       215, 98, 8, 125, 23, 150, 108, 77, 68, 252, 207, 10, 8, 182, 132,
       220, 129, 214, 103, 204, 171, 84, 223, 50, 92, 138, 155, 95, 30,
       251, 220, 210, 149, 27, 184, 155, 228, 17, 103, 189, 85, 206, 179,
       172, 183, 32, 65, 231, 51, 187, 129, 51, 11, 50, 245, 249, 243,
       26, 75, 16, 4, 165, 122, 181, 167, 229, 69, 212, 102, 239, 187,
       112, 227, 251, 210, 81, 109, 156, 115, 125, 206, 53, 189, 249,
       250, 237, 142, 108, 46, 231, 196, 165, 224, 242, 224, 185, 76,
       253, 93, 36, 63, 229, 30, 117, 190, 118, 18, 211, 57, 149, 43,
       121, 236, 126, 46, 232, 244, 101, 14, 70, 239, 117, 4, 231, 248,
       80, 232, 3, 233, 175, 159, 157, 211, 190, 239, 222, 229, 202, 131,
       224, 236, 54, 192, 217, 111, 251, 197, 212, 219, 255, 253, 47, 47,
       223, 67, 133, 126, 189, 222, 188, 104, 250, 218, 204, 151, 199,
       208, 214, 130, 245, 2, 83, 201, 253, 40, 88, 232, 6, 90, 232, 247,
       126, 184, 115, 137, 229, 41, 119, 251, 120, 160, 181, 85, 237, 77,
       172, 71, 207, 152, 70, 254, 181, 2, 83, 117, 253, 43, 89, 212, 60,
       250, 233, 231, 125, 56, 121, 139, 229, 148, 245, 251, 116, 113,
       183, 135, 194, 140, 244, 51, 206, 251, 85, 226, 218, 239, 81, 104,
       191, 228, 123, 198, 23, 239, 253, 167, 77, 190, 56, 14, 165, 148,
       255, 254, 248, 148, 71, 158, 175, 183, 130, 228, 173, 151, 190,
       215, 67, 215, 237, 38, 90, 111, 39, 103, 123, 149, 181, 216, 191,
       224, 140, 50, 222, 192, 172, 85, 161, 92, 89, 141, 123, 69, 85,
       238, 239, 39, 101, 69, 238, 2, 115, 61, 20, 116, 120, 182, 94,
       168, 88, 184, 117, 111, 119, 237, 130, 0, 99, 194, 230, 104, 120,
       141, 86, 236, 29, 6, 86, 113, 165, 0, 250, 3, 99, 185, 50, 81,
       120, 230, 14, 226, 124, 171, 1, 141, 243, 235, 160, 1, 103, 174,
       244, 10, 49, 141, 113, 65, 212, 203, 231, 247, 101, 40, 126, 98,
       51, 21, 148, 52, 120, 186, 6, 120, 219, 186, 101, 44, 125, 140,
       164, 64, 103, 138, 214, 168, 151, 220, 175, 151, 134, 118, 173,
       231, 124, 215, 71, 151, 249, 46, 182, 111, 103, 71, 59, 159, 181,
       220, 61, 226, 13, 42, 222, 192, 173, 85, 177, 252, 104, 61, 182,
       254, 205, 118, 220, 182, 193, 206, 236, 5, 233, 191, 119, 126,
       204, 246, 249, 192, 205, 235, 242, 170, 127, 255, 214, 25, 131,
       253, 118, 218, 239, 184, 144, 82, 229, 189, 176, 135, 251, 219,
       37, 92, 140, 216, 78, 190, 133, 106, 226, 16, 183, 110, 154, 241,
       15, 26, 85, 110, 202, 76, 219, 159, 252, 75, 251, 102, 98, 90, 87,
       16, 97, 224, 191, 104, 91, 87, 193, 55, 50, 244, 116, 122, 200,
       211, 236, 40, 243, 233, 37, 157, 99, 187, 78, 35, 244, 105, 232,
       74, 252, 89, 87, 200, 83, 236, 181, 42, 19, 217, 215, 30, 24, 200,
       87, 122, 216, 98, 200, 58, 122, 221, 165, 191, 255, 187, 90, 131,
       215, 91, 222, 46, 10, 2, 94, 48, 161, 192, 135, 199, 111, 111, 51,
       83, 38, 245, 109, 230, 204, 131, 21, 108, 242, 226, 207, 145, 47,
       179, 42, 18, 92, 189, 177, 99, 147, 239, 163, 182, 42, 237, 174,
       40, 127, 117, 74, 182, 55, 255, 245, 83, 19, 248, 233, 108, 237,
       199, 53, 100, 195, 71, 135, 249, 101, 32, 249, 21, 64, 123, 113,
       10, 114, 247, 167, 25, 131, 40, 71, 90, 57, 204, 96, 188, 28, 118,
       229, 66, 94, 143, 81, 39, 225, 225, 70, 198, 96, 164, 181, 115,
       157, 235, 49, 171, 187, 63, 43, 25, 206, 253, 76, 27, 129, 31,
       233, 17, 50, 120, 203, 55, 205, 246, 85, 119, 192, 72, 199, 98,
       161, 68, 252, 93, 36, 43, 225, 26, 119, 182, 118, 16, 243, 41,
       149, 107, 123, 236, 110, 8, 168, 244, 101, 10, 70, 175, 112, 0,
       225, 248, 68, 168, 129, 142, 247, 95, 244, 159, 237, 255, 94, 75,
       122, 84, 248, 104, 188, 164, 127, 42, 54, 28, 243, 188, 103, 255,
       44, 62, 54, 192, 223, 216, 225, 189, 41, 137, 47, 127, 253, 213,
       117, 231, 255, 93, 110, 17, 162, 255, 62, 116, 201, 42, 51, 12,
       94, 250, 114, 181, 111, 255, 150, 75, 82, 12, 244, 238, 169, 190,
       164, 59, 221, 189, 176, 223, 222, 63, 116, 93, 168, 216, 126, 137,
       141, 11, 130, 149, 182, 124, 90, 245, 15, 91, 223, 111, 218, 76,
       219, 158, 61, 253, 242, 224, 245, 147, 254, 211, 87, 196, 254,
       175, 27, 237, 247, 192, 127, 248, 151, 254, 218, 187, 136, 174,
       122, 205, 167, 236, 239, 255, 248, 145, 9, 158, 111, 219, 150,
       219, 233, 55, 93, 73, 126, 246, 153, 12, 182, 96, 111, 130, 22,
       157, 247, 188, 101, 247, 110, 111, 182, 192, 255, 140, 241, 253,
       105, 81, 184, 254, 125, 92, 212, 61, 75, 73, 229, 12, 250, 253,
       30, 114, 216, 246, 253, 8, 143, 107, 243, 129, 247, 255, 212, 56,
       90, 30, 210, 90, 163, 199, 103, 95, 69, 151, 239, 236, 85, 6, 124,
       66, 96, 97, 188, 164, 120, 120, 18, 234, 192, 176, 110, 253, 37,
       26, 194, 2, 87, 254, 244, 172, 202, 212, 50, 154, 125, 221, 188,
       239, 159, 23, 184, 27, 172, 222, 46, 197, 235, 155, 131, 1, 102,
       47, 26, 215, 55, 16, 159, 123, 22, 28, 173, 222, 241, 143, 111,
       252, 174, 130, 79, 121, 214, 66, 220, 230, 115, 235, 184, 97, 126,
       162, 62, 174, 249, 3, 46, 159, 242, 170, 231, 152, 61, 234, 240,
       121, 223, 83, 10, 166, 0, 22, 78, 120, 32, 206, 223, 199, 91, 103,
       187, 80, 124, 197, 253, 238, 204, 131, 157, 46, 242, 231, 239,
       132, 41, 247, 42, 80, 230, 168, 228, 18, 93, 241, 144, 194, 219,
       87, 181, 27, 8, 236, 94, 14, 201, 195, 227, 21, 182, 111, 234,
       243, 31, 30, 217, 123, 215, 13, 222, 198, 237, 244, 53, 122, 157,
       253, 22, 232, 215, 123, 173, 28, 82, 249, 111, 52, 153, 64, 232,
       98, 127, 103, 122, 55, 187, 223, 5, 127, 218, 127, 218, 86, 143,
       93, 123, 242, 244, 220, 255, 246, 253, 206, 254, 247, 125, 255,
       183, 96, 239, 247, 223, 207, 245, 191, 60, 238, 127, 93, 174, 131,
