%YAML:1.0
---
descriptors: !!opencv-matrix
   rows: 302
   cols: 32
   dt: u
   data: [ 194, 198, 4, 249, 44, 160, 232, 26, 159, 19, 211, 242, 129,
       155, 184, 75, 75, 28, 63, 129, 10, 212, 195, 213, 132, 241, 186,
       200, 20, 9, 48, 161, 57, 221, 71, 254, 158, 133, 207, 247, 212,
       64, 220, 70, 113, 233, 184, 97, 78, 226, 63, 206, 235, 43, 62,
       191, 240, 235, 238, 216, 61, 154, 240, 57, 87, 232, 226, 142, 91,
       213, 122, 248, 63, 230, 220, 143, 104, 230, 255, 244, 127, 239,
       255, 206, 142, 23, 175, 255, 190, 94, 143, 175, 182, 247, 59, 221,
       52, 220, 251, 94, 210, 195, 151, 232, 87, 146, 116, 162, 113, 247,
       173, 101, 123, 248, 2, 248, 107, 242, 170, 255, 121, 174, 135, 45,
       243, 248, 36, 178, 45, 231, 149, 23, 245, 31, 230, 184, 255, 162,
       123, 76, 254, 104, 25, 167, 145, 106, 74, 111, 165, 240, 89, 47,
       44, 30, 69, 36, 202, 251, 91, 133, 167, 228, 237, 223, 188, 63,
       239, 175, 94, 243, 80, 18, 241, 252, 127, 33, 91, 110, 51, 61,
       167, 252, 255, 191, 111, 127, 207, 108, 149, 252, 81, 228, 92,
       149, 61, 232, 171, 96, 21, 173, 169, 89, 173, 56, 222, 55, 104,
       123, 195, 145, 237, 48, 27, 3, 250, 85, 211, 241, 78, 95, 248, 66,
       167, 115, 125, 177, 251, 230, 229, 79, 231, 248, 105, 232, 63, 8,
       94, 121, 93, 50, 178, 68, 126, 111, 209, 241, 185, 232, 247, 221,
       5, 22, 73, 251, 83, 113, 86, 114, 250, 196, 106, 42, 186, 208,
       170, 182, 55, 238, 71, 195, 205, 30, 54, 253, 109, 122, 128, 115,
       142, 64, 22, 180, 107, 174, 205, 243, 7, 181, 92, 71, 218, 38,
       162, 27, 126, 208, 161, 166, 191, 171, 79, 199, 235, 211, 54, 245,
       253, 98, 204, 7, 140, 72, 242, 193, 37, 191, 103, 247, 15, 3, 244,
       119, 233, 101, 218, 6, 207, 216, 18, 236, 188, 238, 81, 103, 193,
       50, 126, 221, 85, 254, 233, 82, 253, 10, 251, 141, 175, 180, 37,
       242, 38, 241, 34, 164, 147, 138, 125, 133, 178, 200, 30, 160, 121,
       75, 164, 218, 105, 132, 217, 57, 2, 16, 6, 50, 90, 219, 61, 20,
       143, 46, 209, 10, 33, 134, 98, 48, 114, 204, 77, 77, 240, 72, 121,
       46, 249, 11, 10, 152, 68, 24, 248, 157, 230, 3, 12, 55, 210, 210,
       21, 60, 17, 59, 69, 11, 118, 134, 12, 119, 28, 103, 48, 14, 127,
       184, 61, 172, 127, 100, 223, 99, 139, 17, 148, 84, 71, 110, 224,
       176, 73, 46, 231, 251, 101, 132, 66, 179, 79, 161, 228, 253, 189,
       231, 236, 111, 223, 184, 26, 251, 189, 56, 247, 125, 216, 51, 159,
       95, 117, 107, 227, 96, 235, 51, 237, 155, 109, 188, 68, 251, 215,
       251, 44, 103, 115, 69, 116, 91, 167, 48, 116, 164, 126, 224, 219,
       53, 133, 52, 58, 216, 6, 106, 225, 176, 109, 78, 102, 158, 37,
       128, 103, 187, 70, 165, 12, 190, 158, 254, 169, 220, 87, 252, 191,
       222, 116, 108, 255, 247, 203, 63, 55, 123, 236, 194, 227, 73, 186,
       109, 203, 247, 119, 168, 34, 242, 15, 123, 234, 224, 162, 158, 93,
       221, 176, 108, 223, 73, 148, 27, 46, 221, 56, 197, 216, 168, 219,
       77, 98, 111, 26, 223, 19, 82, 155, 59, 82, 28, 125, 255, 149, 207,
       215, 245, 228, 34, 111, 255, 212, 154, 218, 246, 81, 99, 185, 107,
       127, 230, 62, 238, 249, 215, 13, 238, 184, 170, 247, 132, 173,
       251, 240, 33, 210, 205, 255, 127, 142, 126, 95, 183, 59, 231, 254,
       145, 219, 47, 22, 90, 103, 215, 125, 143, 232, 205, 181, 234, 231,
       255, 214, 145, 164, 240, 228, 122, 246, 119, 232, 194, 218, 70,
       79, 221, 50, 252, 188, 175, 81, 199, 207, 18, 55, 205, 85, 254,
       232, 67, 186, 106, 120, 141, 175, 188, 189, 243, 167, 241, 190,
       122, 218, 222, 115, 177, 250, 216, 27, 230, 116, 239, 109, 207,
       239, 220, 127, 249, 166, 214, 166, 246, 170, 251, 182, 247, 7,
       171, 127, 191, 47, 213, 180, 229, 238, 127, 220, 111, 247, 254,
       118, 166, 255, 27, 83, 237, 31, 97, 121, 238, 98, 242, 168, 246,
       253, 46, 127, 143, 231, 37, 229, 251, 118, 194, 23, 10, 86, 209,
       2, 130, 40, 66, 252, 1, 66, 210, 29, 194, 176, 72, 102, 45, 42,
       156, 2, 220, 5, 228, 212, 168, 138, 64, 164, 129, 33, 160, 17, 14,
       219, 189, 22, 162, 106, 99, 116, 1, 99, 210, 117, 227, 176, 64,
       114, 237, 42, 140, 177, 157, 21, 78, 180, 174, 154, 64, 173, 160,
       33, 0, 121, 131, 102, 236, 84, 130, 106, 112, 101, 0, 255, 231,
       75, 43, 176, 208, 126, 132, 63, 236, 156, 187, 5, 141, 122, 233,
       162, 192, 103, 142, 120, 1, 185, 4, 119, 93, 68, 114, 237, 123,
       85, 234, 118, 210, 81, 63, 181, 109, 123, 254, 54, 168, 169, 244,
       37, 207, 53, 238, 243, 132, 103, 248, 244, 176, 47, 156, 237, 215,
       244, 251, 191, 186, 218, 214, 20, 182, 253, 252, 255, 43, 31, 110,
       51, 63, 245, 248, 126, 191, 110, 31, 255, 228, 221, 252, 221, 212,
       1, 14, 233, 241, 20, 169, 233, 19, 116, 3, 126, 214, 147, 9, 144,
       104, 107, 138, 6, 157, 179, 188, 69, 214, 206, 207, 178, 192, 253,
       200, 240, 168, 225, 160, 189, 250, 168, 237, 121, 207, 251, 59,
       180, 24, 191, 211, 200, 63, 135, 135, 108, 28, 59, 111, 234, 81,
       217, 250, 113, 124, 192, 192, 195, 33, 30, 207, 98, 26, 251, 179,
       158, 232, 87, 198, 221, 167, 73, 232, 183, 196, 127, 233, 130,
       255, 254, 151, 46, 255, 58, 103, 143, 207, 247, 247, 189, 196, 61,
       85, 115, 71, 246, 79, 103, 248, 109, 232, 127, 234, 91, 117, 141,
       180, 54, 252, 70, 106, 193, 176, 61, 46, 54, 172, 37, 132, 111,
       251, 66, 49, 194, 95, 31, 188, 58, 205, 52, 38, 156, 72, 98, 229,
       36, 174, 37, 65, 230, 51, 171, 64, 225, 137, 18, 125, 177, 178,
       90, 18, 24, 24, 5, 27, 229, 239, 142, 23, 229, 191, 230, 190, 255,
       186, 255, 92, 230, 104, 223, 182, 185, 230, 110, 111, 246, 244,
       75, 127, 62, 63, 69, 20, 202, 255, 218, 133, 141, 28, 215, 85,
       242, 146, 107, 178, 125, 202, 118, 116, 88, 114, 164, 245, 55,
       100, 38, 106, 177, 220, 53, 110, 46, 174, 99, 194, 174, 161, 107,
       181, 158, 221, 23, 251, 178, 227, 63, 150, 190, 83, 91, 242, 253,
       247, 168, 193, 55, 123, 63, 210, 115, 216, 43, 127, 237, 166, 63,
       194, 180, 211, 165, 57, 249, 178, 190, 50, 169, 189, 80, 223, 243,
       95, 165, 29, 63, 251, 74, 155, 165, 131, 229, 20, 190, 111, 154,
       51, 219, 219, 113, 125, 234, 196, 202, 67, 87, 112, 203, 165, 98,
       2, 187, 216, 40, 226, 82, 199, 93, 175, 217, 122, 118, 205, 123,
       239, 133, 211, 181, 64, 20, 44, 239, 132, 173, 243, 35, 208, 78,
       171, 146, 178, 163, 184, 60, 135, 187, 179, 15, 48, 172, 179, 74,
       158, 167, 95, 249, 17, 18, 88, 138, 226, 142, 119, 94, 227, 130,
       213, 139, 45, 107, 123, 59, 242, 237, 221, 255, 84, 141, 204, 254,
       47, 188, 159, 247, 38, 238, 251, 223, 211, 197, 171, 178, 232,
       119, 89, 190, 187, 14, 159, 255, 255, 167, 184, 36, 59, 173, 189,
       144, 202, 223, 127, 112, 21, 172, 200, 127, 13, 153, 43, 6, 21,
       166, 124, 74, 181, 12, 90, 219, 251, 216, 76, 91, 223, 78, 139,
       165, 187, 237, 37, 248, 214, 175, 89, 152, 65, 172, 175, 121, 74,
       205, 67, 127, 213, 146, 11, 218, 240, 143, 85, 222, 174, 150, 119,
       181, 249, 206, 62, 140, 187, 186, 160, 56, 146, 191, 31, 84, 245,
       172, 235, 231, 75, 199, 59, 175, 149, 182, 76, 202, 243, 206, 119,
       250, 203, 158, 69, 45, 147, 60, 99, 88, 108, 91, 67, 86, 104, 19,
       164, 252, 171, 75, 202, 75, 16, 248, 221, 198, 226, 76, 115, 203,
       30, 242, 197, 1, 59, 115, 59, 110, 130, 140, 253, 221, 243, 152,
       79, 103, 156, 50, 187, 63, 24, 223, 119, 73, 43, 53, 223, 125,
       122, 121, 240, 249, 34, 239, 199, 103, 116, 162, 251, 133, 50,
       141, 103, 92, 101, 32, 14, 127, 186, 61, 174, 118, 69, 223, 99,
       139, 17, 148, 68, 101, 110, 225, 180, 65, 46, 230, 251, 101, 132,
       74, 177, 75, 145, 3, 161, 216, 211, 209, 185, 124, 135, 123, 181,
       44, 152, 140, 10, 70, 58, 131, 95, 226, 24, 22, 88, 250, 242, 79,
       221, 20, 103, 130, 64, 143, 142, 46, 191, 24, 91, 253, 157, 22,
       244, 155, 57, 61, 56, 174, 221, 206, 180, 135, 123, 215, 82, 215,
