%YAML:1.0
---
descriptors: !!opencv-matrix
   rows: 321
   cols: 32
   dt: u
   data: [ 109, 29, 215, 87, 246, 206, 39, 176, 120, 226, 111, 100, 117,
       115, 129, 245, 50, 100, 112, 106, 225, 216, 185, 46, 45, 174, 101,
       0, 42, 251, 83, 177, 166, 198, 224, 159, 252, 19, 239, 169, 23,
       190, 221, 231, 225, 104, 159, 197, 93, 224, 255, 239, 238, 86,
       109, 255, 62, 22, 239, 189, 151, 255, 124, 196, 252, 36, 40, 224,
       188, 57, 204, 91, 93, 186, 157, 186, 159, 8, 221, 41, 219, 152,
       95, 57, 184, 99, 225, 200, 246, 217, 171, 188, 212, 216, 209, 1,
       194, 188, 63, 248, 203, 237, 189, 230, 186, 91, 24, 93, 188, 190,
       116, 59, 167, 27, 91, 1, 179, 111, 146, 119, 221, 26, 94, 234,
       204, 64, 167, 123, 37, 246, 216, 7, 112, 62, 238, 184, 120, 234,
       123, 84, 211, 122, 159, 240, 151, 76, 116, 46, 229, 244, 221, 111,
       38, 255, 39, 132, 201, 243, 203, 149, 176, 151, 111, 191, 164,
       239, 85, 57, 181, 222, 243, 55, 115, 125, 62, 89, 221, 246, 61,
       163, 249, 252, 91, 159, 235, 251, 241, 211, 112, 106, 116, 115,
       181, 85, 237, 74, 236, 7, 207, 216, 86, 254, 181, 70, 81, 121,
       189, 47, 93, 208, 22, 234, 233, 103, 125, 42, 121, 10, 229, 132,
       253, 251, 112, 241, 240, 224, 241, 56, 203, 233, 71, 79, 119, 39,
       224, 152, 7, 129, 80, 124, 123, 158, 98, 17, 26, 62, 199, 18, 213,
       132, 17, 57, 114, 200, 134, 40, 108, 181, 218, 251, 245, 255, 122,
       155, 63, 29, 255, 9, 207, 255, 74, 216, 219, 191, 239, 18, 30,
       178, 219, 247, 207, 255, 37, 85, 226, 207, 207, 82, 222, 113, 114,
       99, 231, 94, 126, 192, 109, 78, 247, 7, 74, 222, 47, 157, 254,
       217, 223, 226, 236, 151, 184, 202, 183, 249, 131, 135, 227, 247,
       110, 87, 38, 168, 146, 138, 125, 205, 178, 200, 30, 162, 121, 11,
       164, 216, 105, 4, 217, 249, 130, 17, 6, 50, 218, 243, 29, 20, 143,
       47, 81, 42, 87, 134, 52, 220, 251, 94, 210, 195, 151, 232, 87,
       130, 116, 162, 113, 247, 173, 101, 123, 250, 2, 178, 121, 250, 56,
       127, 123, 174, 71, 45, 243, 248, 228, 178, 47, 111, 226, 14, 109,
       31, 207, 252, 81, 204, 254, 77, 98, 232, 151, 20, 216, 236, 102,
       111, 236, 242, 237, 232, 54, 126, 229, 152, 79, 255, 122, 205,
       169, 188, 32, 59, 125, 149, 146, 207, 94, 127, 53, 61, 160, 200,
       214, 141, 217, 43, 130, 149, 174, 126, 218, 247, 78, 93, 151, 106,
       91, 4, 202, 223, 241, 69, 95, 108, 20, 71, 71, 104, 84, 192, 235,
       2, 115, 241, 32, 113, 88, 244, 58, 106, 105, 179, 85, 31, 241,
       171, 65, 16, 120, 171, 96, 32, 103, 97, 192, 64, 237, 75, 203,
       200, 75, 233, 181, 41, 24, 153, 95, 28, 152, 205, 87, 219, 19, 99,
       200, 208, 30, 92, 165, 255, 223, 255, 82, 131, 2, 253, 159, 187,
       253, 229, 183, 231, 158, 89, 92, 3, 252, 255, 33, 65, 237, 123,
       187, 194, 18, 216, 59, 253, 109, 151, 95, 99, 144, 91, 165, 251,
       12, 244, 153, 227, 184, 75, 111, 157, 63, 179, 29, 152, 223, 119,
       73, 26, 23, 223, 79, 122, 115, 116, 249, 162, 239, 215, 37, 116,
       178, 250, 133, 48, 71, 54, 219, 165, 226, 42, 106, 26, 58, 227,
       59, 247, 213, 167, 197, 10, 55, 77, 38, 52, 21, 208, 141, 66, 12,
       14, 113, 228, 172, 225, 3, 209, 49, 134, 111, 233, 22, 162, 105,
       23, 84, 67, 222, 214, 17, 35, 176, 96, 105, 134, 30, 156, 185,
       156, 101, 150, 220, 175, 178, 192, 189, 200, 240, 56, 175, 156,
       236, 151, 246, 251, 191, 170, 218, 211, 84, 182, 249, 124, 191,
       43, 31, 106, 51, 63, 247, 252, 126, 191, 110, 31, 207, 100, 253,
       253, 209, 212, 246, 119, 232, 194, 218, 70, 95, 221, 50, 252, 188,
       175, 81, 199, 207, 26, 55, 205, 85, 254, 234, 67, 186, 122, 120,
       141, 175, 188, 181, 243, 167, 241, 190, 84, 108, 227, 237, 127,
       246, 192, 93, 110, 247, 63, 78, 29, 31, 29, 254, 157, 255, 115,
       188, 183, 113, 242, 215, 217, 0, 243, 119, 95, 94, 215, 39, 165,
       234, 64, 213, 86, 237, 101, 123, 225, 223, 18, 72, 248, 254, 164,
       121, 140, 179, 185, 216, 243, 188, 194, 59, 28, 143, 111, 199,
       190, 254, 230, 222, 89, 50, 139, 173, 212, 126, 192, 173, 78, 223,
       3, 238, 222, 103, 228, 246, 253, 255, 227, 78, 147, 187, 224, 179,
       241, 138, 139, 54, 63, 61, 87, 46, 29, 176, 94, 221, 253, 150,
       202, 223, 138, 253, 10, 104, 249, 117, 108, 201, 122, 162, 83, 22,
       99, 218, 251, 87, 94, 3, 59, 219, 111, 92, 134, 36, 125, 173, 111,
       172, 79, 215, 184, 95, 234, 253, 105, 242, 253, 157, 48, 220, 222,
       119, 107, 203, 98, 235, 59, 103, 189, 37, 184, 80, 123, 214, 243,
       56, 241, 90, 105, 113, 95, 114, 240, 101, 72, 252, 9, 159, 31, 10,
       144, 190, 153, 196, 98, 77, 178, 17, 5, 247, 205, 32, 5, 99, 146,
       78, 147, 141, 222, 109, 75, 116, 183, 239, 242, 84, 110, 125, 230,
       121, 109, 190, 32, 63, 42, 23, 238, 225, 176, 44, 255, 102, 15,
       163, 196, 127, 211, 80, 241, 189, 92, 127, 76, 84, 23, 199, 120,
       85, 194, 247, 78, 115, 89, 189, 37, 120, 236, 22, 110, 233, 183,
       117, 15, 115, 175, 33, 0, 127, 250, 112, 252, 185, 84, 123, 77,
       70, 119, 231, 122, 85, 194, 255, 86, 115, 93, 188, 101, 120, 236,
       6, 170, 233, 182, 117, 143, 117, 234, 227, 0, 127, 232, 112, 180,
       253, 149, 108, 167, 142, 23, 95, 255, 64, 234, 159, 207, 83, 61,
       147, 35, 127, 198, 125, 239, 237, 243, 125, 174, 251, 15, 237,
       148, 45, 250, 208, 83, 116, 127, 233, 231, 218, 6, 79, 184, 18,
       236, 188, 238, 81, 39, 195, 18, 95, 223, 85, 254, 201, 82, 253,
       42, 253, 141, 173, 188, 45, 242, 70, 249, 82, 249, 16, 151, 13,
       204, 176, 133, 175, 53, 130, 2, 172, 30, 64, 66, 232, 179, 251,
       209, 74, 105, 211, 241, 157, 144, 158, 59, 1, 14, 53, 14, 246, 34,
       226, 20, 75, 240, 217, 64, 235, 213, 165, 155, 8, 206, 119, 31,
       170, 165, 235, 213, 14, 67, 182, 192, 91, 112, 218, 187, 199, 101,
       110, 86, 186, 52, 125, 236, 125, 103, 153, 104, 31, 236, 245, 63,
       76, 223, 38, 1, 222, 157, 255, 163, 32, 103, 123, 223, 215, 83,
       139, 191, 21, 15, 55, 243, 244, 150, 63, 191, 174, 106, 87, 185,
       188, 254, 251, 247, 215, 125, 42, 91, 247, 215, 125, 35, 249, 229,
       89, 31, 241, 231, 255, 148, 20, 123, 245, 115, 228, 96, 157, 114,
       172, 205, 77, 196, 251, 154, 181, 24, 223, 211, 201, 63, 131, 227,
       108, 90, 42, 103, 234, 115, 217, 219, 119, 120, 194, 145, 199, 33,
       95, 77, 106, 166, 34, 70, 127, 248, 53, 204, 223, 135, 93, 239,
       59, 112, 118, 229, 61, 239, 204, 147, 189, 110, 243, 111, 239,
       133, 36, 183, 60, 82, 190, 189, 123, 228, 229, 212, 255, 243, 169,
       206, 252, 174, 60, 255, 191, 54, 254, 251, 215, 161, 197, 167, 50,
       235, 115, 93, 174, 139, 79, 244, 127, 255, 253, 201, 155, 237,
       164, 6, 71, 181, 84, 138, 246, 64, 211, 1, 176, 240, 216, 68, 12,
       110, 121, 191, 113, 170, 242, 239, 166, 20, 42, 186, 248, 32, 12,
       253, 157, 227, 184, 79, 111, 188, 59, 187, 63, 8, 223, 119, 73,
       50, 55, 222, 125, 122, 115, 112, 249, 34, 239, 223, 101, 116, 162,
       251, 135, 48, 241, 143, 79, 254, 172, 128, 79, 249, 213, 2, 217,
       230, 113, 235, 176, 97, 94, 226, 63, 174, 249, 11, 110, 191, 240,
       239, 238, 152, 61, 234, 240, 40, 14, 249, 176, 234, 237, 133, 126,
       212, 175, 25, 156, 1, 172, 255, 121, 94, 196, 115, 255, 221, 130,
       11, 218, 241, 223, 93, 222, 190, 146, 87, 145, 139, 16, 223, 92,
       237, 50, 139, 54, 183, 143, 32, 90, 231, 191, 63, 161, 64, 102,
       51, 142, 64, 230, 152, 69, 255, 230, 230, 48, 146, 60, 152, 5, 25,
       1, 143, 111, 249, 180, 168, 105, 55, 252, 81, 126, 244, 189, 35,
       176, 97, 99, 34, 62, 140, 179, 184, 100, 215, 204, 255, 178, 192,
       188, 200, 209, 40, 189, 85, 237, 79, 172, 7, 207, 248, 86, 234,
       188, 102, 83, 117, 253, 39, 92, 196, 52, 238, 233, 242, 125, 42,
       121, 138, 231, 180, 125, 251, 240, 241, 61, 89, 91, 239, 51, 6,
       94, 248, 37, 232, 255, 70, 95, 95, 33, 240, 254, 253, 157, 234,
