%YAML:1.0
---
descriptors: !!opencv-matrix
   rows: 211
   cols: 32
   dt: u
   data: [ 2, 151, 19, 139, 182, 231, 162, 111, 78, 65, 89, 102, 164,
       232, 60, 196, 253, 11, 130, 177, 147, 184, 25, 223, 44, 20, 142,
       70, 157, 74, 177, 148, 222, 70, 103, 188, 42, 114, 59, 234, 181,
       142, 214, 179, 73, 239, 167, 93, 127, 245, 239, 162, 40, 199, 39,
       222, 210, 231, 251, 223, 55, 245, 36, 119, 8, 222, 25, 187, 57,
       201, 23, 207, 158, 79, 88, 39, 174, 199, 99, 64, 215, 59, 135, 20,
       66, 12, 74, 191, 237, 215, 63, 187, 16, 28, 5, 235, 205, 221, 215,
       215, 240, 156, 110, 179, 249, 130, 111, 68, 253, 114, 149, 247,
       166, 102, 60, 78, 225, 252, 124, 239, 38, 254, 103, 128, 14, 242,
       201, 37, 216, 88, 159, 180, 42, 202, 54, 34, 172, 154, 162, 49,
       191, 247, 33, 219, 166, 245, 237, 66, 104, 197, 131, 105, 209,
       227, 110, 147, 32, 113, 37, 43, 173, 72, 125, 71, 84, 79, 99, 16,
       117, 168, 247, 8, 243, 17, 145, 57, 88, 236, 118, 106, 41, 180,
       121, 62, 199, 255, 33, 0, 99, 171, 70, 162, 202, 158, 142, 184,
       235, 161, 61, 231, 189, 23, 86, 183, 172, 135, 34, 65, 231, 59,
       171, 133, 114, 159, 2, 243, 124, 119, 158, 139, 18, 85, 173, 219,
       94, 112, 182, 86, 203, 116, 60, 206, 171, 255, 39, 24, 12, 191,
       79, 190, 165, 95, 249, 16, 151, 71, 186, 96, 27, 209, 95, 175,
       138, 117, 175, 215, 37, 175, 215, 69, 244, 10, 102, 175, 124, 130,
       122, 64, 243, 98, 149, 112, 59, 206, 38, 42, 233, 240, 205, 14,
       44, 174, 37, 4, 232, 250, 66, 168, 82, 185, 159, 248, 171, 193,
       17, 207, 171, 21, 164, 169, 172, 247, 96, 90, 230, 179, 239, 144,
       18, 75, 146, 241, 219, 211, 95, 123, 144, 0, 167, 123, 108, 32,
       189, 103, 141, 108, 65, 8, 106, 243, 37, 24, 214, 55, 73, 123,
       145, 84, 120, 56, 27, 100, 249, 0, 207, 251, 81, 52, 192, 99, 70,
       98, 38, 167, 122, 219, 188, 170, 223, 27, 31, 53, 123, 144, 93,
       239, 156, 88, 151, 159, 55, 157, 146, 249, 139, 247, 106, 62, 159,
       220, 197, 202, 215, 33, 44, 123, 184, 97, 237, 31, 94, 154, 43,
       252, 188, 13, 159, 61, 67, 26, 141, 204, 245, 94, 140, 122, 209,
       152, 239, 223, 37, 53, 202, 249, 78, 211, 203, 190, 150, 94, 224,
       158, 124, 183, 191, 155, 119, 116, 252, 242, 172, 255, 151, 111,
       126, 46, 245, 221, 138, 239, 46, 250, 119, 134, 10, 224, 139, 13,
       146, 30, 14, 188, 46, 160, 186, 98, 157, 78, 210, 231, 172, 206,
       55, 65, 238, 97, 191, 199, 228, 141, 6, 255, 16, 50, 218, 139, 29,
       13, 61, 223, 116, 114, 235, 5, 0, 79, 235, 88, 32, 204, 246, 141,
       19, 5, 147, 18, 60, 196, 85, 111, 200, 176, 181, 8, 85, 40, 96,
       132, 101, 181, 86, 112, 248, 173, 150, 184, 141, 233, 80, 199,
       183, 181, 160, 25, 14, 187, 96, 155, 201, 247, 236, 16, 62, 107,
       194, 148, 155, 210, 85, 127, 211, 76, 238, 14, 143, 214, 123, 234,
       246, 32, 255, 248, 93, 66, 93, 246, 249, 237, 189, 97, 23, 91, 23,
       239, 243, 52, 46, 255, 102, 255, 174, 140, 191, 251, 65, 241, 61,
       207, 107, 238, 212, 151, 107, 242, 84, 76, 127, 66, 115, 233, 178,
       96, 120, 234, 22, 254, 169, 186, 44, 191, 118, 239, 167, 128, 247,
       155, 244, 224, 37, 103, 93, 103, 180, 15, 71, 188, 100, 168, 187,
       76, 211, 65, 153, 48, 24, 196, 76, 110, 233, 176, 77, 46, 228,
       140, 37, 20, 104, 187, 82, 33, 130, 235, 163, 191, 213, 196, 175,
       230, 20, 15, 80, 19, 32, 157, 48, 68, 248, 122, 19, 195, 106, 190,
       34, 235, 97, 54, 158, 139, 5, 28, 180, 234, 104, 160, 184, 112,
       217, 237, 81, 135, 243, 53, 172, 24, 150, 145, 72, 26, 129, 26,
       200, 16, 26, 106, 210, 51, 207, 213, 20, 127, 208, 72, 198, 42,
       129, 75, 10, 157, 164, 144, 108, 71, 254, 140, 74, 7, 172, 194,
       179, 73, 224, 43, 34, 157, 70, 216, 2, 200, 68, 49, 254, 1, 24,
       248, 57, 136, 45, 189, 161, 191, 253, 109, 115, 250, 183, 203, 95,
       119, 243, 245, 138, 103, 125, 254, 95, 46, 179, 216, 251, 175,
       253, 238, 247, 228, 162, 239, 214, 243, 147, 84, 239, 151, 134,
       102, 173, 118, 116, 199, 90, 215, 113, 46, 183, 107, 103, 199, 59,
       175, 181, 221, 53, 234, 148, 34, 218, 128, 173, 113, 177, 252, 3,
       157, 19, 171, 151, 167, 58, 115, 28, 1, 75, 199, 228, 226, 40, 64,
       245, 43, 10, 53, 183, 152, 25, 255, 169, 182, 138, 66, 152, 74,
       177, 28, 128, 45, 23, 181, 199, 233, 44, 231, 172, 182, 74, 147,
       141, 162, 97, 195, 107, 59, 170, 160, 112, 24, 134, 194, 173, 192,
       207, 45, 160, 120, 165, 130, 93, 254, 253, 182, 230, 235, 247,
       222, 255, 223, 189, 62, 255, 254, 235, 120, 123, 239, 110, 147,
       175, 103, 110, 243, 220, 135, 255, 185, 253, 91, 229, 115, 120,
       164, 25, 248, 152, 233, 85, 71, 55, 7, 236, 24, 183, 151, 64, 80,
       81, 187, 73, 144, 26, 14, 242, 19, 217, 245, 16, 121, 176, 64,
       166, 42, 99, 159, 102, 6, 250, 178, 190, 239, 173, 84, 254, 231,
       104, 238, 174, 213, 254, 247, 183, 231, 252, 91, 46, 253, 62, 56,
       207, 207, 15, 199, 168, 93, 173, 104, 117, 71, 36, 75, 103, 144,
       101, 224, 231, 8, 243, 17, 141, 61, 88, 252, 110, 106, 73, 180,
       121, 40, 199, 248, 97, 16, 98, 187, 86, 168, 124, 93, 123, 110,
       48, 207, 87, 246, 100, 76, 126, 45, 119, 221, 35, 112, 246, 248,
       93, 98, 201, 177, 56, 63, 243, 237, 36, 144, 96, 115, 70, 123,
       116, 121, 185, 230, 42, 77, 19, 144, 162, 248, 147, 109, 247, 255,
       73, 18, 134, 245, 125, 67, 9, 67, 218, 40, 209, 193, 109, 186, 40,
       51, 7, 115, 116, 97, 25, 109, 9, 79, 87, 232, 50, 160, 161, 8,
       215, 87, 73, 48, 152, 220, 88, 106, 72, 98, 219, 31, 241, 141, 5,
       60, 112, 51, 66, 34, 240, 236, 191, 123, 136, 236, 69, 135, 254,
       19, 162, 24, 247, 243, 0, 121, 201, 54, 104, 24, 42, 173, 251, 51,
       201, 251, 84, 16, 192, 72, 198, 42, 207, 86, 117, 39, 42, 94, 63,
       184, 41, 238, 23, 237, 223, 70, 139, 127, 22, 85, 125, 110, 229,
       84, 253, 74, 230, 251, 103, 132, 46, 247, 3, 117, 240, 164, 189,
       120, 136, 237, 81, 79, 250, 59, 160, 24, 183, 247, 64, 59, 129,
       178, 76, 24, 58, 79, 250, 51, 219, 219, 81, 120, 208, 64, 198, 42,
       120, 184, 249, 112, 169, 236, 81, 19, 163, 19, 172, 56, 31, 183,
       64, 186, 135, 191, 253, 16, 27, 75, 178, 18, 219, 237, 48, 122,
       234, 192, 134, 50, 89, 223, 69, 175, 50, 2, 79, 188, 36, 72, 202,
       231, 119, 35, 144, 85, 118, 196, 61, 238, 201, 137, 77, 45, 240,
       229, 170, 128, 44, 179, 48, 57, 39, 51, 163, 64, 244, 158, 171,
       217, 126, 201, 121, 68, 16, 212, 253, 36, 252, 110, 18, 92, 147,
       184, 184, 66, 61, 60, 39, 100, 201, 139, 243, 245, 199, 158, 135,
       183, 130, 34, 44, 150, 60, 247, 11, 247, 205, 38, 82, 203, 39, 71,
       121, 149, 181, 220, 157, 226, 140, 38, 222, 192, 172, 85, 161, 93,
       182, 52, 170, 30, 93, 247, 211, 72, 215, 79, 237, 27, 96, 252,
       127, 8, 217, 186, 147, 131, 46, 39, 58, 155, 83, 7, 129, 59, 209,
       111, 126, 214, 86, 6, 98, 174, 186, 34, 30, 234, 53, 134, 203,
       163, 73, 239, 173, 80, 127, 215, 173, 167, 8, 131, 77, 222, 178,
       230, 139, 149, 181, 247, 36, 100, 57, 87, 237, 101, 118, 91, 199,
       124, 87, 234, 246, 238, 83, 120, 149, 37, 127, 238, 118, 175, 233,
       242, 109, 142, 60, 239, 229, 148, 111, 250, 80, 245, 224, 221, 61,
       126, 232, 141, 23, 172, 136, 24, 160, 72, 246, 119, 4, 83, 132,
       115, 108, 66, 104, 107, 219, 61, 161, 186, 100, 26, 80, 25, 132,
       43, 77, 157, 211, 222, 241, 158, 126, 179, 249, 202, 127, 68, 124,
       242, 172, 244, 183, 119, 54, 42, 245, 157, 186, 207, 50, 254, 103,
       138, 10, 242, 233, 37, 215, 12, 239, 148, 2, 118, 175, 34, 176,
       194, 199, 146, 213, 102, 177, 107, 119, 229, 56, 175, 161, 213,
       181, 78, 209, 42, 203, 0, 165, 241, 49, 100, 254, 95, 238, 182,
       174, 34, 222, 172, 185, 150, 158, 255, 74, 105, 159, 19, 191, 231,
       253, 231, 252, 231, 136, 234, 122, 107, 237, 151, 173, 247, 254,
