%YAML:1.0
---
descriptors: !!opencv-matrix
   rows: 284
   cols: 32
   dt: u
   data: [ 1, 42, 82, 119, 48, 175, 98, 48, 52, 160, 99, 72, 211, 67,
       129, 148, 56, 172, 70, 12, 41, 180, 73, 46, 132, 142, 33, 0, 104,
       131, 66, 160, 192, 125, 159, 245, 160, 14, 101, 55, 184, 170, 34,
       28, 183, 163, 65, 83, 165, 102, 104, 28, 97, 252, 144, 10, 237,
       226, 85, 0, 136, 112, 131, 58, 16, 153, 63, 126, 139, 204, 53,
       103, 172, 65, 236, 33, 62, 183, 34, 114, 166, 51, 123, 128, 82,
       137, 50, 117, 243, 173, 30, 67, 112, 66, 167, 123, 37, 184, 148,
       81, 253, 221, 144, 138, 219, 249, 32, 72, 138, 184, 85, 191, 137,
       78, 98, 80, 151, 106, 254, 240, 15, 90, 85, 127, 203, 108, 75,
       140, 86, 161, 62, 248, 139, 241, 19, 105, 171, 20, 173, 169, 14,
       222, 46, 80, 162, 177, 207, 194, 30, 11, 170, 245, 219, 209, 75,
       123, 80, 7, 175, 70, 100, 105, 149, 109, 188, 15, 71, 56, 83, 168,
       32, 72, 215, 51, 1, 57, 145, 124, 120, 106, 9, 240, 249, 60, 229,
       158, 69, 52, 208, 251, 66, 32, 212, 120, 59, 186, 10, 237, 19,
       192, 190, 70, 224, 41, 191, 223, 99, 88, 183, 185, 77, 195, 10, 7,
       186, 123, 209, 197, 11, 59, 16, 19, 39, 115, 73, 180, 51, 77, 81,
       254, 99, 55, 233, 9, 110, 8, 190, 55, 4, 180, 160, 54, 64, 8, 25,
       184, 48, 143, 167, 252, 0, 66, 66, 130, 198, 188, 165, 172, 165,
       83, 213, 255, 230, 191, 86, 251, 120, 88, 242, 120, 221, 173, 217,
       106, 82, 58, 243, 252, 121, 63, 45, 158, 213, 36, 201, 121, 210,
       172, 92, 121, 63, 186, 11, 196, 177, 64, 172, 192, 227, 33, 252,
       215, 33, 64, 162, 57, 121, 67, 0, 129, 146, 92, 209, 161, 11, 11,
       0, 34, 39, 178, 161, 216, 239, 87, 244, 158, 239, 151, 126, 107,
       114, 246, 241, 112, 148, 41, 127, 110, 54, 172, 225, 252, 125,
       111, 4, 46, 178, 128, 109, 216, 208, 249, 29, 248, 221, 243, 46,
       15, 115, 144, 111, 240, 54, 204, 223, 9, 193, 59, 166, 213, 124,
       94, 137, 248, 249, 168, 207, 219, 117, 116, 236, 171, 65, 41, 163,
       48, 45, 65, 32, 79, 153, 16, 4, 104, 246, 108, 146, 29, 148, 41,
       140, 16, 87, 127, 137, 182, 113, 28, 71, 217, 168, 210, 69, 137,
       86, 241, 159, 111, 2, 170, 51, 146, 62, 97, 180, 64, 193, 231,
       237, 206, 59, 209, 254, 169, 159, 231, 237, 151, 14, 222, 176, 97,
       170, 137, 44, 54, 59, 149, 101, 16, 185, 107, 69, 110, 99, 24,
       117, 74, 227, 8, 211, 81, 89, 120, 216, 140, 124, 58, 11, 176,
       249, 2, 197, 188, 129, 4, 200, 107, 66, 50, 197, 229, 21, 65, 180,
       31, 70, 191, 108, 240, 170, 76, 215, 112, 152, 181, 146, 70, 72,
       110, 253, 232, 125, 62, 170, 216, 5, 86, 104, 242, 203, 4, 216,
       28, 149, 253, 139, 102, 21, 23, 180, 147, 232, 16, 159, 55, 0, 91,
       207, 181, 123, 128, 57, 207, 83, 66, 193, 162, 82, 30, 240, 112,
       167, 50, 28, 68, 119, 253, 173, 114, 103, 216, 213, 78, 214, 34,
       89, 247, 187, 237, 122, 244, 174, 234, 41, 181, 35, 222, 243, 243,
       227, 129, 182, 253, 52, 97, 45, 21, 105, 109, 116, 127, 107, 48,
       101, 100, 255, 12, 211, 45, 155, 48, 92, 132, 87, 238, 153, 178,
       117, 14, 103, 253, 161, 20, 127, 227, 86, 240, 126, 103, 224, 6,
       201, 112, 86, 140, 99, 228, 173, 141, 106, 236, 94, 150, 241, 198,
       232, 199, 156, 99, 255, 232, 59, 124, 69, 63, 227, 119, 254, 86,
       165, 229, 241, 87, 213, 79, 103, 252, 115, 170, 101, 24, 82, 113,
       92, 52, 89, 206, 2, 122, 121, 246, 248, 46, 109, 158, 69, 36, 227,
       251, 194, 160, 198, 180, 188, 147, 172, 92, 188, 155, 171, 255,
       159, 29, 206, 254, 94, 74, 197, 87, 253, 17, 215, 73, 235, 194,
       175, 151, 223, 247, 136, 74, 157, 87, 248, 252, 122, 122, 249,
       205, 86, 247, 187, 30, 180, 25, 46, 223, 96, 149, 173, 187, 223,
       16, 110, 111, 154, 255, 251, 221, 20, 123, 98, 140, 206, 27, 130,
       156, 162, 155, 85, 245, 187, 66, 30, 71, 77, 19, 172, 252, 54,
       228, 219, 59, 147, 19, 55, 184, 122, 255, 15, 86, 154, 107, 150,
       77, 61, 254, 65, 57, 191, 117, 160, 204, 117, 55, 232, 201, 110,
       8, 182, 189, 18, 50, 128, 39, 121, 13, 213, 248, 178, 108, 231,
       191, 116, 2, 64, 64, 135, 107, 79, 75, 71, 76, 112, 22, 107, 48,
       237, 136, 250, 192, 72, 66, 149, 245, 118, 228, 124, 238, 193,
       145, 165, 236, 52, 122, 163, 128, 2, 183, 34, 37, 81, 57, 187,
       228, 172, 76, 84, 7, 234, 128, 170, 8, 151, 188, 17, 122, 128,
       151, 124, 1, 13, 41, 179, 0, 241, 253, 62, 28, 192, 112, 71, 42,
       121, 119, 156, 164, 170, 126, 93, 63, 33, 250, 190, 76, 95, 119,
       75, 115, 183, 221, 253, 164, 237, 67, 241, 8, 243, 235, 109, 189,
       42, 240, 10, 83, 43, 48, 115, 77, 69, 223, 160, 72, 95, 105, 112,
       82, 8, 144, 180, 172, 120, 8, 18, 8, 131, 246, 116, 220, 22, 30,
       16, 34, 91, 12, 114, 165, 37, 176, 181, 117, 17, 142, 97, 184,
       123, 177, 98, 0, 210, 115, 13, 123, 145, 108, 112, 56, 41, 216,
       219, 29, 207, 190, 85, 68, 200, 32, 66, 170, 74, 131, 38, 152, 61,
       146, 184, 103, 141, 13, 222, 167, 172, 138, 54, 196, 236, 35, 171,
       129, 214, 171, 3, 221, 190, 55, 154, 195, 31, 12, 189, 159, 58,
       173, 246, 218, 203, 241, 156, 199, 219, 83, 184, 179, 40, 254,
       118, 175, 235, 179, 243, 145, 62, 75, 134, 243, 59, 87, 222, 235,
       151, 84, 175, 142, 32, 136, 254, 83, 244, 175, 107, 151, 127, 39,
       102, 16, 211, 33, 20, 120, 113, 174, 110, 24, 178, 248, 113, 63,
       79, 191, 52, 64, 194, 200, 194, 40, 33, 48, 115, 73, 116, 111,
       235, 83, 85, 107, 118, 82, 16, 21, 148, 52, 126, 156, 22, 152,
       161, 190, 117, 206, 101, 62, 176, 192, 247, 136, 114, 189, 88, 52,
       233, 100, 152, 126, 87, 63, 99, 238, 190, 173, 219, 253, 211, 50,
       55, 212, 253, 44, 141, 33, 255, 26, 251, 239, 37, 189, 103, 246,
       78, 123, 88, 32, 155, 184, 41, 200, 80, 1, 166, 25, 195, 40, 151,
       215, 104, 248, 192, 181, 253, 145, 10, 67, 194, 0, 211, 225, 186,
       59, 160, 2, 47, 34, 224, 249, 59, 248, 89, 205, 81, 246, 171, 93,
       160, 9, 62, 159, 68, 49, 140, 179, 91, 80, 66, 107, 50, 125, 251,
       153, 20, 123, 64, 16, 134, 250, 249, 236, 105, 109, 93, 95, 67,
       172, 67, 160, 172, 8, 19, 21, 81, 48, 88, 252, 112, 120, 72, 62,
       249, 30, 255, 237, 133, 117, 99, 154, 86, 106, 7, 140, 251, 246,
       244, 235, 235, 251, 30, 243, 124, 242, 253, 239, 241, 57, 255,
       123, 55, 29, 179, 218, 46, 255, 204, 159, 255, 236, 220, 233, 1,
       185, 80, 234, 63, 184, 43, 201, 17, 198, 174, 53, 130, 41, 175,
       158, 96, 194, 167, 49, 233, 65, 2, 77, 162, 49, 217, 209, 90, 59,
       16, 8, 5, 43, 252, 80, 213, 118, 105, 76, 85, 57, 177, 250, 167,
       24, 94, 87, 9, 255, 0, 212, 236, 74, 105, 71, 251, 64, 211, 250,
       85, 31, 98, 177, 134, 114, 199, 113, 133, 131, 139, 39, 140, 152,
       143, 251, 131, 247, 212, 118, 73, 239, 207, 71, 122, 215, 151, 65,
       95, 240, 140, 18, 207, 254, 156, 119, 161, 85, 9, 48, 12, 53, 53,
       191, 248, 51, 125, 105, 247, 84, 251, 24, 18, 160, 156, 165, 220,
       13, 189, 188, 85, 143, 198, 255, 50, 81, 200, 140, 91, 28, 111,
       59, 110, 92, 123, 245, 89, 18, 237, 204, 252, 173, 40, 158, 151,
       188, 134, 59, 255, 20, 149, 11, 246, 252, 7, 93, 17, 251, 222,
       165, 78, 215, 69, 187, 117, 227, 56, 137, 123, 184, 175, 248, 185,
       236, 255, 87, 136, 118, 166, 241, 94, 124, 139, 43, 107, 253, 188,
       220, 39, 242, 74, 131, 3, 117, 171, 98, 102, 13, 109, 147, 168,
       77, 207, 240, 208, 246, 8, 136, 246, 167, 110, 45, 234, 141, 197,
       231, 231, 209, 22, 56, 155, 175, 95, 140, 121, 156, 3, 117, 233,
       33, 246, 31, 188, 55, 108, 232, 90, 236, 189, 60, 213, 32, 22, 47,
       87, 61, 197, 248, 117, 78, 44, 29, 61, 224, 204, 220, 145, 253,
       33, 197, 101, 65, 85, 79, 111, 180, 100, 64, 110, 8, 147, 49, 28,
       52, 72, 130, 82, 108, 89, 184, 113, 29, 45, 188, 128, 68, 75, 154,
       210, 232, 37, 72, 233, 79, 84, 79, 207, 16, 84, 226, 230, 2, 243,
