%YAML:1.0
---
descriptors: !!opencv-matrix
   rows: 383
   cols: 32
   dt: u
   data: [ 171, 148, 252, 69, 102, 55, 249, 59, 80, 234, 86, 254, 121,
       61, 150, 33, 63, 157, 55, 173, 161, 254, 101, 142, 78, 111, 249,
       132, 111, 236, 80, 249, 40, 39, 74, 103, 112, 11, 111, 48, 49, 12,
       126, 236, 211, 3, 128, 16, 30, 220, 135, 106, 192, 176, 193, 14,
       102, 237, 32, 128, 103, 178, 70, 161, 249, 178, 28, 122, 169, 188,
       80, 218, 227, 27, 165, 93, 63, 219, 74, 91, 165, 135, 236, 28,
       190, 79, 154, 17, 219, 233, 113, 125, 234, 192, 106, 3, 222, 4,
       167, 241, 141, 118, 124, 7, 189, 247, 135, 19, 205, 175, 92, 203,
       225, 87, 249, 189, 60, 213, 177, 194, 223, 251, 223, 69, 130, 228,
       253, 66, 109, 225, 237, 103, 124, 90, 75, 184, 67, 177, 118, 8,
       211, 25, 217, 114, 88, 220, 125, 122, 136, 240, 237, 8, 79, 235,
       229, 20, 231, 170, 80, 32, 171, 174, 144, 91, 81, 181, 170, 222,
       94, 59, 112, 92, 168, 200, 118, 132, 141, 11, 130, 137, 166, 110,
       94, 247, 47, 95, 159, 121, 91, 68, 203, 142, 126, 86, 18, 172, 15,
       63, 30, 72, 185, 134, 192, 139, 78, 238, 35, 217, 254, 185, 221,
       99, 44, 135, 0, 204, 211, 243, 74, 31, 178, 125, 63, 66, 215, 100,
       18, 188, 31, 189, 154, 72, 159, 6, 129, 139, 238, 200, 53, 197,
       178, 57, 203, 103, 38, 7, 154, 223, 145, 112, 11, 59, 20, 63, 41,
       6, 66, 50, 216, 83, 234, 41, 184, 11, 126, 185, 57, 253, 160, 42,
       205, 90, 183, 27, 110, 148, 150, 120, 143, 80, 28, 30, 127, 234,
       220, 64, 129, 31, 75, 126, 135, 85, 180, 158, 228, 183, 124, 170,
       90, 100, 186, 50, 133, 239, 129, 102, 60, 8, 225, 216, 225, 238,
       44, 62, 254, 144, 8, 88, 217, 45, 173, 132, 252, 253, 246, 19,
       253, 251, 83, 178, 124, 146, 89, 105, 191, 165, 63, 253, 23, 175,
       224, 244, 45, 222, 126, 79, 239, 164, 247, 252, 121, 161, 60, 170,
       84, 187, 255, 155, 218, 234, 95, 188, 152, 107, 175, 232, 112,
       128, 251, 121, 198, 81, 110, 126, 75, 191, 152, 215, 143, 127,
       119, 44, 29, 135, 76, 176, 188, 83, 169, 249, 48, 139, 190, 63,
       103, 56, 142, 247, 72, 236, 161, 27, 234, 16, 50, 124, 107, 247,
       207, 215, 87, 111, 210, 73, 141, 35, 43, 114, 114, 88, 125, 157,
       120, 87, 237, 76, 244, 12, 42, 222, 182, 181, 236, 184, 222, 8,
       198, 235, 50, 213, 23, 89, 16, 139, 67, 142, 70, 255, 104, 224,
       124, 97, 112, 203, 113, 16, 33, 13, 102, 8, 147, 23, 8, 18, 2,
       156, 68, 88, 10, 240, 241, 12, 71, 205, 32, 80, 226, 130, 70, 35,
       34, 168, 138, 105, 25, 205, 192, 207, 135, 25, 104, 1, 162, 189,
       120, 0, 201, 10, 19, 17, 30, 42, 82, 51, 201, 156, 154, 111, 208,
       8, 246, 138, 106, 17, 174, 222, 13, 84, 88, 148, 177, 77, 198, 0,
       248, 255, 31, 254, 216, 246, 249, 200, 136, 203, 243, 233, 211,
       255, 218, 25, 130, 149, 126, 122, 104, 61, 166, 254, 13, 116, 220,
       54, 209, 206, 254, 1, 233, 255, 23, 114, 200, 246, 249, 200, 172,
       235, 242, 170, 115, 255, 214, 25, 130, 124, 124, 90, 44, 255, 210,
       73, 249, 249, 55, 206, 239, 3, 108, 40, 191, 241, 73, 52, 187,
       122, 194, 0, 18, 48, 250, 51, 111, 151, 5, 107, 210, 251, 199,
       131, 206, 95, 106, 246, 245, 252, 255, 244, 169, 236, 222, 167,
       253, 159, 183, 102, 238, 247, 159, 199, 213, 187, 60, 234, 247,
       125, 174, 131, 15, 247, 255, 251, 152, 27, 63, 45, 34, 130, 15,
       117, 100, 4, 206, 161, 255, 39, 33, 112, 118, 247, 173, 227, 200,
       153, 37, 45, 225, 227, 106, 128, 36, 162, 39, 105, 100, 188, 177,
       67, 250, 79, 7, 239, 26, 253, 40, 8, 86, 61, 69, 48, 183, 95, 81,
       49, 19, 120, 185, 62, 189, 134, 53, 116, 208, 106, 135, 249, 181,
       85, 237, 77, 172, 71, 207, 216, 70, 238, 183, 2, 83, 117, 189,
       107, 127, 212, 60, 250, 233, 231, 125, 58, 107, 139, 229, 148,
       245, 251, 116, 161, 64, 252, 158, 119, 195, 236, 51, 134, 243,
       191, 47, 185, 234, 214, 74, 62, 183, 255, 232, 18, 30, 220, 250,
       99, 207, 212, 21, 99, 224, 83, 135, 223, 206, 238, 10, 184, 232,
       232, 124, 135, 187, 23, 70, 189, 173, 199, 75, 223, 35, 127, 233,
       212, 114, 85, 138, 115, 254, 243, 95, 237, 146, 208, 175, 112,
       194, 214, 50, 152, 111, 217, 188, 238, 143, 12, 216, 43, 172, 206,
       110, 198, 162, 35, 171, 97, 70, 47, 10, 211, 55, 84, 27, 187, 22,
       28, 173, 223, 90, 172, 219, 248, 235, 225, 181, 198, 191, 23, 244,
       179, 44, 183, 224, 90, 111, 251, 239, 144, 50, 79, 162, 243, 218,
       167, 126, 203, 165, 80, 167, 171, 244, 4, 142, 166, 12, 111, 81,
       40, 150, 162, 135, 25, 215, 241, 107, 91, 16, 196, 121, 34, 56,
       69, 155, 30, 209, 163, 65, 57, 56, 107, 16, 2, 2, 223, 22, 189,
       175, 189, 190, 230, 143, 8, 218, 103, 173, 122, 35, 192, 230, 115,
       255, 65, 70, 169, 83, 253, 164, 246, 94, 147, 28, 93, 41, 159, 92,
       45, 26, 228, 180, 134, 127, 240, 32, 140, 255, 1, 87, 195, 33, 80,
       254, 253, 29, 234, 88, 147, 136, 14, 243, 229, 167, 133, 32, 179,
       166, 3, 73, 85, 81, 238, 96, 78, 111, 52, 53, 106, 127, 108, 87,
       55, 128, 116, 118, 220, 54, 238, 201, 144, 249, 43, 247, 172, 32,
       132, 58, 243, 164, 113, 33, 206, 103, 95, 244, 155, 239, 247, 93,
       75, 122, 228, 241, 104, 181, 164, 127, 106, 22, 12, 227, 184, 101,
       255, 44, 30, 54, 192, 223, 216, 208, 189, 43, 115, 62, 253, 125,
       221, 249, 127, 207, 237, 212, 47, 188, 222, 214, 36, 206, 187,
       247, 133, 199, 250, 243, 221, 231, 217, 250, 171, 6, 156, 143,
       255, 9, 140, 108, 67, 180, 155, 233, 55, 93, 65, 126, 178, 153, 8,
       182, 228, 107, 138, 22, 153, 183, 188, 101, 247, 46, 127, 182, 64,
       255, 140, 249, 236, 124, 49, 251, 230, 176, 76, 83, 17, 34, 237,
       175, 9, 151, 183, 67, 18, 22, 252, 253, 88, 26, 26, 240, 0, 207,
       237, 32, 121, 160, 163, 70, 115, 232, 89, 127, 101, 116, 78, 111,
       53, 113, 164, 126, 8, 243, 53, 16, 17, 122, 254, 119, 106, 65,
       248, 241, 76, 103, 233, 102, 0, 103, 178, 198, 248, 29, 151, 90,
       168, 178, 167, 59, 250, 20, 69, 111, 167, 95, 103, 170, 64, 86,
       58, 135, 124, 48, 146, 56, 31, 106, 239, 32, 197, 182, 203, 44,
       209, 114, 78, 110, 30, 95, 187, 182, 98, 200, 70, 234, 143, 99,
       104, 55, 83, 106, 228, 226, 103, 228, 175, 46, 189, 114, 35, 200,
       27, 117, 63, 126, 222, 120, 141, 120, 111, 178, 74, 95, 53, 1,
       128, 127, 138, 123, 93, 148, 48, 54, 246, 85, 110, 72, 160, 116,
       44, 99, 237, 36, 17, 103, 250, 198, 42, 88, 141, 127, 229, 84,
       206, 127, 51, 37, 68, 110, 1, 255, 55, 0, 80, 114, 246, 127, 168,
       88, 184, 49, 109, 247, 237, 2, 0, 33, 194, 230, 106, 78, 249, 148,
       155, 233, 196, 62, 174, 142, 157, 10, 33, 236, 246, 104, 70, 135,
       119, 251, 81, 18, 73, 155, 241, 45, 54, 95, 239, 146, 86, 141,
       143, 126, 64, 146, 128, 77, 28, 120, 64, 41, 184, 183, 11, 10, 10,
       79, 223, 236, 149, 238, 242, 12, 115, 209, 192, 157, 59, 219, 63,
       131, 63, 106, 130, 138, 160, 80, 147, 109, 153, 184, 65, 174, 29,
       53, 26, 172, 218, 78, 15, 171, 25, 223, 17, 50, 108, 74, 211, 13,
       16, 26, 235, 214, 12, 77, 142, 54, 204, 197, 193, 222, 171, 226,
       194, 71, 49, 186, 66, 50, 56, 85, 146, 105, 198, 2, 152, 11, 184,
       73, 249, 61, 134, 133, 100, 241, 91, 80, 168, 87, 22, 81, 69, 50,
       10, 170, 56, 60, 224, 91, 230, 221, 39, 137, 228, 54, 84, 52, 110,
       161, 144, 29, 78, 164, 46, 43, 132, 111, 178, 9, 53, 209, 205, 78,
       45, 18, 134, 190, 244, 164, 192, 166, 199, 97, 207, 50, 65, 126,
       103, 125, 231, 236, 141, 149, 175, 242, 239, 142, 145, 45, 183,
       105, 26, 177, 76, 237, 93, 36, 63, 101, 58, 117, 238, 118, 18,
       211, 49, 149, 111, 121, 228, 126, 46, 233, 244, 101, 10, 70, 174,
       113, 4, 103, 248, 80, 104, 88, 81, 254, 69, 50, 6, 187, 116, 108,
       36, 246, 162, 221, 151, 161, 114, 54, 213, 127, 232, 192, 153,
       177, 76, 119, 169, 38, 132, 33, 178, 37, 33, 139, 120, 210, 20,
