%YAML:1.0
---
descriptors: !!opencv-matrix
   rows: 306
   cols: 32
   dt: u
   data: [ 110, 181, 244, 233, 253, 255, 122, 155, 47, 61, 255, 9, 202,
       255, 94, 156, 219, 159, 239, 56, 30, 114, 219, 215, 207, 255, 5,
       87, 226, 207, 206, 71, 249, 205, 79, 254, 12, 144, 78, 247, 212,
       64, 220, 194, 113, 194, 184, 97, 72, 226, 46, 206, 235, 171, 46,
       191, 242, 235, 230, 24, 61, 154, 240, 8, 126, 122, 58, 194, 117,
       159, 187, 84, 169, 169, 183, 47, 28, 159, 84, 180, 174, 189, 223,
       211, 129, 191, 184, 224, 87, 93, 170, 242, 71, 23, 79, 243, 172,
       119, 28, 103, 48, 31, 126, 184, 61, 172, 127, 108, 223, 99, 137,
       145, 148, 84, 229, 106, 232, 176, 73, 14, 231, 219, 33, 132, 74,
       179, 78, 145, 232, 177, 252, 213, 221, 206, 247, 189, 255, 248,
       190, 2, 248, 245, 94, 118, 120, 254, 123, 120, 210, 107, 251, 253,
       127, 59, 71, 92, 83, 170, 212, 170, 62, 121, 115, 82, 227, 221,
       255, 212, 169, 108, 52, 47, 90, 223, 125, 184, 190, 249, 215, 83,
       199, 177, 56, 224, 119, 89, 5, 243, 103, 183, 198, 247, 31, 236,
       226, 143, 83, 179, 126, 234, 63, 225, 222, 135, 104, 238, 191,
       244, 127, 239, 223, 207, 134, 155, 188, 255, 58, 92, 143, 167,
       191, 247, 122, 220, 246, 119, 232, 66, 218, 6, 79, 221, 58, 252,
       189, 175, 89, 199, 207, 18, 55, 205, 85, 254, 234, 67, 185, 122,
       120, 141, 175, 188, 189, 243, 167, 241, 118, 115, 216, 174, 27,
       83, 22, 72, 131, 180, 173, 173, 111, 197, 75, 214, 83, 213, 237,
       227, 78, 67, 218, 185, 186, 245, 13, 63, 50, 55, 46, 87, 106, 59,
       240, 205, 205, 93, 252, 79, 111, 236, 252, 14, 138, 190, 215, 188,
       255, 151, 255, 152, 204, 59, 247, 210, 159, 95, 215, 191, 71, 238,
       110, 223, 225, 160, 191, 114, 40, 173, 121, 87, 251, 27, 181, 24,
       191, 243, 200, 63, 167, 187, 108, 12, 59, 111, 170, 67, 217, 218,
       112, 90, 192, 192, 195, 41, 69, 189, 147, 87, 151, 13, 119, 185,
       252, 194, 227, 76, 246, 113, 9, 119, 177, 98, 122, 122, 113, 112,
       185, 111, 189, 190, 69, 6, 200, 114, 195, 178, 49, 15, 75, 238,
       22, 131, 79, 113, 196, 0, 219, 230, 115, 225, 176, 96, 122, 170,
       14, 238, 217, 187, 12, 63, 240, 172, 162, 128, 61, 170, 112, 160,
       17, 134, 109, 249, 22, 170, 105, 55, 116, 65, 94, 214, 145, 33,
       176, 104, 105, 138, 31, 156, 179, 184, 101, 215, 206, 175, 178,
       192, 189, 200, 240, 40, 141, 158, 215, 85, 241, 158, 103, 178,
       125, 74, 102, 116, 88, 51, 183, 245, 55, 100, 38, 104, 177, 220,
       53, 110, 46, 62, 65, 66, 234, 165, 106, 229, 182, 61, 252, 244,
       207, 111, 252, 202, 155, 190, 184, 27, 78, 254, 71, 27, 253, 215,
       255, 211, 60, 119, 219, 226, 223, 219, 199, 183, 229, 125, 198,
       215, 172, 236, 247, 95, 189, 31, 247, 252, 87, 186, 246, 18, 243,
       249, 157, 47, 89, 206, 126, 122, 248, 246, 251, 170, 111, 255,
       213, 24, 199, 254, 240, 174, 34, 44, 210, 138, 93, 181, 178, 72,
       94, 128, 121, 11, 36, 216, 125, 132, 217, 57, 130, 19, 6, 178, 90,
       255, 45, 20, 139, 43, 209, 47, 127, 134, 58, 148, 61, 234, 43, 96,
       17, 105, 137, 91, 173, 56, 222, 87, 40, 115, 211, 147, 213, 162,
       123, 7, 122, 213, 211, 243, 90, 127, 16, 3, 167, 115, 141, 210,
       28, 219, 57, 159, 67, 188, 215, 61, 167, 20, 222, 83, 234, 244,
       85, 128, 238, 90, 75, 197, 105, 245, 238, 155, 53, 84, 58, 158,
       136, 105, 12, 181, 17, 243, 248, 237, 161, 239, 30, 51, 40, 88,
       148, 247, 72, 168, 137, 27, 66, 24, 19, 120, 123, 55, 141, 132,
       63, 108, 208, 72, 135, 176, 189, 117, 237, 228, 142, 87, 222, 248,
       64, 250, 189, 138, 83, 124, 191, 163, 93, 214, 220, 235, 237, 99,
       127, 142, 251, 203, 239, 181, 117, 251, 125, 245, 109, 97, 249,
       103, 236, 15, 207, 24, 75, 232, 189, 76, 211, 73, 221, 60, 157,
       196, 126, 127, 201, 50, 249, 168, 175, 220, 165, 52, 203, 251, 82,
       177, 121, 183, 232, 101, 82, 38, 79, 58, 48, 168, 254, 238, 83,
       39, 208, 54, 126, 252, 85, 238, 233, 218, 253, 14, 252, 173, 173,
       176, 47, 243, 66, 177, 122, 52, 228, 229, 45, 127, 93, 55, 175,
       254, 191, 63, 143, 63, 210, 247, 205, 188, 255, 40, 156, 251, 241,
       220, 223, 251, 211, 183, 38, 236, 220, 95, 191, 23, 99, 78, 118,
       179, 238, 120, 212, 202, 249, 230, 83, 200, 189, 164, 126, 168,
       22, 239, 173, 179, 44, 158, 50, 108, 163, 136, 127, 175, 120, 149,
       237, 180, 172, 76, 253, 95, 215, 185, 83, 206, 253, 13, 235, 108,
       31, 182, 217, 230, 238, 46, 253, 98, 255, 143, 239, 127, 229, 191,
       219, 254, 94, 247, 211, 56, 147, 216, 139, 221, 80, 71, 255, 23,
       160, 26, 46, 158, 102, 255, 167, 147, 204, 144, 47, 79, 178, 243,
       155, 208, 26, 123, 161, 4, 175, 95, 200, 248, 158, 126, 43, 208,
       53, 101, 251, 146, 102, 48, 188, 222, 68, 123, 166, 117, 248, 66,
       65, 109, 178, 97, 215, 243, 86, 11, 74, 48, 175, 191, 92, 113,
       218, 231, 98, 14, 127, 24, 32, 172, 119, 32, 87, 87, 203, 90, 54,
       221, 125, 122, 64, 208, 217, 8, 231, 237, 37, 132, 160, 243, 34,
       99, 172, 180, 252, 229, 116, 79, 127, 251, 53, 238, 126, 39, 91,
       119, 147, 48, 127, 220, 183, 40, 225, 240, 121, 14, 111, 239, 37,
       133, 103, 232, 78, 211, 121, 13, 237, 167, 62, 11, 206, 56, 84,
       226, 155, 74, 83, 57, 152, 162, 89, 228, 125, 109, 233, 243, 77,
       46, 254, 239, 229, 148, 237, 170, 82, 32, 45, 57, 186, 241, 237,
       253, 241, 65, 239, 241, 37, 31, 158, 153, 87, 174, 161, 40, 91,
       31, 21, 115, 184, 208, 223, 89, 5, 118, 202, 13, 91, 214, 3, 159,
       109, 79, 116, 181, 239, 190, 84, 104, 94, 230, 177, 45, 158, 36,
       63, 74, 23, 236, 227, 184, 101, 127, 102, 15, 186, 128, 127, 192,
       81, 249, 194, 172, 150, 154, 201, 253, 180, 207, 159, 55, 136, 25,
       172, 246, 110, 159, 201, 115, 235, 17, 54, 79, 154, 243, 189, 86,
       95, 123, 146, 92, 143, 206, 138, 30, 206, 187, 170, 160, 56, 23,
       191, 31, 84, 245, 172, 207, 231, 73, 199, 59, 175, 149, 182, 204,
       67, 225, 198, 115, 250, 139, 158, 212, 173, 219, 179, 140, 238,
       85, 132, 219, 190, 166, 124, 226, 86, 183, 49, 44, 150, 43, 47,
       102, 49, 197, 188, 252, 101, 46, 110, 46, 253, 129, 197, 253, 210,
       220, 118, 119, 200, 174, 27, 91, 22, 72, 3, 236, 157, 173, 79,
       140, 207, 82, 215, 221, 237, 231, 204, 67, 239, 152, 178, 117,
       173, 191, 52, 63, 14, 87, 158, 30, 118, 187, 179, 183, 154, 234,
       29, 198, 255, 183, 79, 110, 191, 205, 255, 243, 143, 247, 172,
       247, 45, 255, 186, 247, 75, 215, 247, 253, 45, 87, 60, 119, 82,
       110, 91, 83, 23, 104, 19, 236, 249, 173, 78, 223, 11, 16, 218,
       221, 199, 226, 76, 99, 250, 158, 243, 213, 33, 191, 115, 55, 38,
       211, 109, 103, 225, 71, 244, 30, 111, 184, 127, 234, 127, 204,
       211, 97, 157, 244, 94, 204, 54, 110, 193, 176, 237, 110, 46, 62,
       165, 132, 111, 255, 82, 245, 110, 188, 240, 193, 253, 255, 250,
       218, 127, 173, 254, 9, 139, 189, 86, 52, 251, 220, 239, 16, 158,
       58, 251, 242, 159, 252, 5, 127, 231, 239, 78, 215, 246, 150, 126,
       190, 175, 122, 22, 107, 189, 214, 255, 191, 78, 126, 46, 215, 247,
       247, 253, 35, 252, 231, 11, 255, 179, 246, 75, 151, 39, 111, 173,
       87, 129, 212, 173, 255, 141, 15, 196, 191, 94, 115, 82, 94, 247,
       121, 120, 96, 219, 10, 59, 13, 243, 188, 91, 151, 237, 31, 213,
       116, 92, 8, 209, 58, 104, 254, 188, 113, 168, 111, 85, 158, 107,
       255, 180, 9, 159, 63, 67, 27, 133, 84, 109, 28, 154, 104, 243, 0,
       207, 251, 117, 53, 194, 240, 70, 99, 148, 114, 219, 99, 50, 43,
       171, 216, 112, 160, 115, 238, 213, 129, 201, 32, 54, 93, 70, 122,
       131, 176, 141, 42, 236, 132, 39, 228, 237, 179, 3, 177, 246, 53,
       190, 182, 236, 108, 213, 207, 187, 190, 186, 59, 86, 255, 71, 27,
       237, 247, 127, 146, 60, 103, 218, 202, 251, 151, 255, 191, 193,
       121, 230, 219, 130, 200, 16, 155, 213, 213, 176, 206, 30, 23, 64,
