%YAML:1.0
---
descriptors: !!opencv-matrix
   rows: 243
   cols: 32
   dt: u
   data: [ 135, 247, 229, 95, 254, 23, 175, 189, 223, 250, 85, 246, 92,
       236, 255, 47, 55, 79, 55, 111, 245, 96, 47, 255, 44, 26, 109, 172,
       127, 255, 129, 245, 41, 184, 36, 89, 77, 253, 192, 75, 207, 249,
       188, 76, 170, 152, 86, 172, 201, 168, 242, 25, 159, 106, 127, 209,
       15, 91, 209, 63, 219, 12, 90, 142, 60, 15, 14, 167, 20, 171, 66,
       240, 68, 160, 250, 66, 115, 33, 33, 65, 104, 230, 14, 122, 44,
       187, 73, 60, 248, 133, 163, 81, 249, 43, 120, 136, 211, 188, 205,
       181, 154, 105, 176, 134, 186, 243, 130, 255, 183, 190, 70, 11,
       167, 103, 104, 21, 167, 77, 215, 2, 156, 34, 95, 118, 140, 96,
       129, 94, 200, 127, 159, 245, 180, 14, 101, 55, 184, 168, 42, 76,
       247, 35, 64, 19, 128, 100, 104, 88, 97, 220, 145, 10, 233, 130,
       69, 16, 136, 112, 195, 58, 131, 22, 14, 156, 46, 178, 188, 99,
       156, 94, 211, 247, 76, 234, 183, 201, 236, 33, 187, 167, 164, 133,
       6, 204, 0, 34, 235, 131, 29, 100, 57, 213, 98, 192, 113, 236, 108,
       141, 94, 236, 143, 2, 120, 11, 110, 219, 37, 80, 223, 249, 55, 98,
       64, 39, 26, 211, 55, 222, 3, 62, 20, 187, 64, 170, 32, 165, 17,
       73, 221, 143, 66, 105, 101, 32, 232, 72, 211, 17, 0, 180, 88, 156,
       66, 120, 88, 186, 81, 30, 45, 188, 1, 80, 83, 138, 194, 160, 101,
       108, 153, 101, 152, 47, 71, 154, 18, 170, 34, 72, 215, 51, 1, 57,
       144, 124, 108, 106, 104, 240, 217, 30, 229, 158, 101, 52, 208,
       249, 194, 34, 39, 108, 234, 207, 118, 180, 255, 84, 120, 194, 124,
       130, 121, 252, 191, 32, 126, 233, 23, 143, 135, 178, 182, 235,
       103, 45, 175, 136, 197, 251, 115, 228, 107, 80, 107, 204, 108, 86,
       223, 124, 91, 202, 124, 170, 88, 255, 183, 244, 94, 252, 183, 238,
       193, 6, 174, 251, 55, 127, 254, 142, 23, 191, 244, 253, 205, 220,
       214, 95, 118, 30, 110, 190, 127, 170, 118, 244, 249, 114, 156,
       245, 119, 198, 62, 46, 231, 244, 109, 255, 46, 255, 247, 132, 46,
       240, 232, 13, 157, 74, 218, 153, 182, 146, 106, 194, 126, 135,
       118, 198, 13, 194, 167, 200, 119, 233, 46, 220, 166, 149, 5, 254,
       58, 175, 171, 192, 189, 177, 41, 5, 97, 57, 189, 37, 172, 206,
       125, 55, 234, 232, 46, 9, 182, 61, 19, 50, 128, 102, 121, 13, 193,
       248, 241, 8, 237, 191, 116, 16, 72, 96, 211, 122, 214, 18, 158,
       180, 139, 106, 61, 3, 184, 159, 147, 183, 205, 231, 43, 75, 166,
       53, 237, 177, 48, 197, 131, 192, 145, 226, 122, 131, 160, 96, 165,
       83, 188, 223, 108, 119, 7, 95, 247, 252, 117, 78, 247, 167, 123,
       92, 158, 33, 124, 240, 206, 227, 236, 180, 125, 175, 247, 203,
       228, 147, 119, 190, 124, 215, 147, 94, 71, 189, 18, 134, 110, 182,
       180, 66, 66, 215, 53, 6, 49, 195, 102, 231, 57, 239, 229, 221, 21,
       239, 180, 34, 222, 0, 45, 180, 185, 24, 45, 38, 156, 97, 237, 63,
       86, 187, 123, 186, 188, 77, 223, 123, 67, 155, 153, 194, 236, 56,
       188, 98, 91, 158, 207, 223, 101, 61, 202, 233, 202, 131, 8, 129,
       27, 104, 83, 205, 97, 119, 228, 17, 108, 0, 55, 147, 32, 112, 34,
       186, 2, 72, 83, 186, 34, 117, 215, 193, 16, 73, 114, 130, 231,
       170, 165, 189, 33, 73, 253, 159, 198, 177, 87, 232, 121, 76, 210,
       24, 20, 164, 217, 44, 82, 110, 253, 58, 120, 31, 47, 156, 5, 116,
       91, 42, 210, 164, 57, 117, 33, 225, 49, 175, 79, 58, 49, 104, 72,
       72, 222, 87, 1, 180, 20, 184, 21, 108, 201, 146, 113, 31, 225,
       220, 1, 32, 42, 210, 2, 120, 13, 52, 187, 69, 112, 126, 227, 24,
       121, 234, 127, 108, 218, 119, 141, 184, 150, 92, 84, 122, 177,
       176, 249, 74, 71, 255, 33, 132, 202, 227, 67, 177, 187, 103, 96,
       14, 126, 27, 206, 104, 89, 96, 249, 206, 107, 72, 151, 180, 58,
       233, 84, 111, 236, 162, 76, 223, 50, 92, 1, 188, 127, 191, 90,
       140, 57, 189, 56, 238, 240, 175, 87, 246, 49, 103, 108, 13, 63,
       59, 2, 16, 159, 234, 7, 76, 126, 186, 112, 63, 243, 205, 52, 41,
       106, 217, 206, 219, 88, 140, 174, 223, 140, 114, 237, 135, 246,
       23, 198, 2, 241, 118, 19, 107, 97, 118, 123, 136, 16, 216, 175,
       97, 197, 47, 255, 1, 165, 112, 167, 42, 68, 1, 191, 101, 36, 78,
       99, 16, 100, 44, 226, 8, 215, 51, 1, 114, 144, 196, 108, 106, 9,
       240, 241, 8, 197, 235, 100, 20, 64, 171, 70, 98, 217, 168, 157,
       240, 136, 237, 65, 135, 246, 243, 162, 24, 183, 215, 64, 123, 129,
       254, 124, 24, 59, 77, 219, 48, 217, 211, 85, 120, 160, 64, 134,
       42, 141, 159, 149, 251, 180, 143, 110, 189, 55, 115, 71, 84, 223,
       243, 152, 229, 93, 254, 62, 254, 187, 252, 89, 255, 172, 254, 199,
       68, 154, 169, 224, 176, 101, 232, 209, 69, 84, 78, 99, 152, 115,
       160, 33, 72, 114, 211, 205, 52, 88, 204, 32, 222, 75, 114, 248, 8,
       31, 152, 133, 108, 67, 178, 66, 236, 0, 136, 143, 185, 17, 174,
       96, 39, 188, 23, 98, 17, 182, 167, 32, 72, 129, 35, 105, 28, 50,
       189, 19, 55, 205, 182, 82, 64, 192, 0, 129, 74, 194, 133, 191,
       250, 249, 224, 177, 231, 187, 31, 49, 48, 158, 254, 108, 123, 163,
       19, 127, 16, 54, 79, 170, 119, 249, 178, 126, 111, 208, 64, 167,
       227, 2, 159, 2, 170, 180, 163, 50, 103, 29, 13, 90, 231, 228, 234,
       34, 64, 221, 43, 15, 53, 150, 153, 1, 255, 168, 118, 138, 194,
       156, 78, 185, 31, 120, 160, 126, 80, 136, 249, 81, 215, 226, 21,
       164, 24, 51, 151, 66, 59, 33, 146, 76, 24, 26, 107, 162, 49, 219,
       169, 116, 121, 226, 128, 198, 42, 116, 97, 25, 105, 24, 79, 67,
       104, 34, 160, 169, 8, 215, 19, 9, 112, 144, 148, 88, 106, 9, 2,
       217, 30, 245, 140, 1, 60, 96, 51, 66, 34, 96, 236, 191, 123, 136,
       239, 103, 134, 254, 27, 170, 24, 247, 247, 0, 122, 129, 118, 104,
       24, 43, 233, 251, 51, 233, 190, 84, 16, 192, 80, 199, 42, 32, 45,
       16, 73, 89, 159, 66, 107, 87, 40, 232, 72, 226, 209, 4, 148, 216,
       40, 66, 120, 11, 170, 88, 63, 47, 156, 1, 121, 90, 10, 74, 138,
       199, 158, 205, 183, 162, 160, 47, 150, 190, 215, 75, 247, 237,
       102, 219, 75, 39, 103, 121, 151, 183, 220, 191, 226, 140, 38, 255,
       192, 172, 245, 161, 84, 61, 217, 110, 111, 103, 95, 215, 252, 69,
       110, 247, 175, 123, 93, 190, 101, 126, 212, 183, 111, 200, 182,
       125, 191, 119, 123, 101, 135, 119, 191, 244, 123, 223, 95, 99, 68,
       243, 114, 190, 247, 185, 238, 187, 230, 73, 126, 181, 183, 54,
       247, 221, 231, 241, 195, 172, 238, 58, 126, 143, 130, 111, 247,
       167, 117, 173, 220, 51, 79, 116, 219, 230, 224, 221, 106, 123,
       104, 210, 216, 180, 164, 152, 108, 86, 106, 225, 189, 40, 63, 38,
       158, 37, 22, 90, 58, 210, 165, 65, 144, 159, 117, 232, 110, 125,
       191, 250, 219, 114, 92, 247, 243, 72, 123, 165, 87, 108, 8, 145,
       120, 187, 1, 205, 187, 117, 4, 200, 96, 195, 123, 79, 75, 239, 69,
       242, 18, 175, 54, 100, 232, 94, 230, 241, 39, 147, 98, 54, 228,
       61, 239, 193, 216, 165, 104, 110, 47, 239, 128, 173, 242, 48, 121,
       136, 237, 151, 255, 165, 232, 39, 230, 254, 27, 120, 16, 190, 243,
       41, 236, 161, 123, 38, 88, 34, 248, 10, 99, 237, 247, 118, 11,
       210, 81, 167, 171, 44, 255, 51, 70, 112, 203, 55, 240, 249, 172,
       125, 104, 94, 213, 164, 52, 182, 124, 70, 106, 192, 177, 40, 63,
       121, 156, 37, 242, 66, 178, 199, 161, 90, 169, 191, 248, 43, 193,
       57, 207, 175, 21, 180, 169, 172, 215, 96, 90, 239, 179, 239, 144,
       18, 75, 162, 241, 217, 241, 95, 123, 144, 0, 167, 123, 90, 170,
       178, 200, 107, 65, 185, 202, 175, 28, 180, 171, 12, 231, 32, 84,
       239, 147, 239, 128, 2, 11, 162, 241, 217, 176, 15, 187, 19, 36,
       39, 227, 236, 52, 249, 103, 112, 78, 107, 56, 57, 174, 119, 8,
       223, 119, 137, 114, 54, 220, 124, 106, 161, 240, 249, 10, 215,
       255, 97, 132, 66, 243, 70, 113, 253, 231, 224, 78, 221, 31, 66,
       141, 83, 165, 237, 25, 67, 104, 94, 244, 217, 206, 128, 124, 254,
       126, 253, 191, 58, 253, 5, 125, 243, 254, 218, 76, 221, 86, 133,
