%YAML:1.0
---
descriptors: !!opencv-matrix
   rows: 224
   cols: 32
   dt: u
   data: [ 255, 92, 246, 228, 61, 118, 90, 218, 181, 202, 254, 39, 75,
       255, 39, 255, 126, 244, 253, 248, 173, 195, 179, 206, 179, 255,
       231, 131, 175, 245, 120, 95, 7, 28, 138, 158, 212, 166, 106, 119,
       180, 203, 219, 215, 113, 250, 50, 192, 249, 175, 23, 157, 189,
       155, 20, 238, 58, 47, 190, 192, 141, 70, 184, 20, 58, 92, 242,
       189, 5, 215, 223, 102, 29, 238, 254, 3, 170, 188, 55, 228, 252,
       253, 183, 129, 108, 189, 49, 238, 243, 255, 222, 19, 87, 124, 124,
       223, 158, 126, 231, 229, 55, 118, 122, 214, 53, 238, 214, 134, 57,
       47, 147, 203, 110, 252, 221, 248, 173, 213, 177, 234, 243, 239,
       254, 129, 167, 245, 60, 90, 44, 180, 176, 235, 221, 253, 82, 219,
       95, 61, 109, 24, 30, 255, 110, 188, 217, 154, 147, 24, 18, 50,
       122, 146, 79, 221, 21, 127, 210, 79, 198, 210, 87, 133, 188, 187,
       187, 124, 124, 143, 63, 119, 131, 25, 207, 126, 94, 123, 247, 199,
       255, 181, 190, 67, 255, 241, 221, 119, 95, 223, 148, 84, 165, 86,
       98, 250, 255, 250, 124, 201, 249, 237, 187, 29, 176, 189, 238,
       255, 78, 17, 175, 251, 239, 16, 242, 111, 154, 255, 255, 223, 87,
       238, 196, 4, 231, 251, 214, 18, 150, 182, 43, 98, 61, 1, 173, 158,
       211, 183, 237, 231, 35, 75, 230, 245, 237, 135, 40, 197, 139, 202,
       208, 227, 234, 131, 128, 102, 37, 83, 146, 94, 14, 158, 46, 162,
       190, 98, 156, 78, 211, 247, 236, 238, 55, 75, 238, 33, 191, 135,
       228, 133, 6, 237, 192, 34, 234, 131, 29, 101, 61, 215, 128, 130,
       78, 185, 6, 169, 105, 23, 132, 21, 86, 247, 177, 139, 242, 75,
       104, 170, 63, 157, 26, 188, 71, 209, 196, 225, 186, 192, 60, 136,
       176, 200, 178, 23, 107, 220, 118, 194, 248, 119, 213, 68, 243,
       247, 51, 157, 164, 101, 110, 186, 23, 128, 233, 191, 36, 207, 114,
       168, 178, 128, 53, 136, 116, 255, 3, 205, 10, 190, 145, 150, 110,
       230, 190, 2, 78, 129, 253, 246, 51, 112, 213, 123, 27, 206, 110,
       137, 18, 255, 225, 127, 158, 136, 20, 81, 168, 8, 34, 233, 21,
       217, 77, 205, 228, 239, 142, 17, 232, 64, 180, 151, 96, 110, 201,
       18, 83, 8, 67, 41, 82, 81, 5, 28, 210, 126, 16, 24, 243, 170, 255,
       125, 233, 100, 221, 87, 95, 252, 17, 226, 148, 138, 89, 61, 151,
       49, 29, 220, 213, 239, 233, 199, 125, 142, 123, 207, 237, 188, 47,
       247, 82, 250, 37, 235, 83, 103, 244, 11, 238, 253, 124, 97, 122,
       206, 247, 104, 156, 160, 62, 108, 22, 111, 145, 184, 45, 125, 44,
       142, 37, 192, 237, 186, 211, 185, 65, 48, 251, 225, 114, 236, 185,
       83, 58, 105, 118, 84, 189, 159, 0, 120, 166, 159, 55, 145, 147,
       218, 177, 68, 85, 169, 58, 232, 141, 0, 35, 187, 11, 128, 98, 219,
       119, 144, 121, 120, 141, 69, 85, 163, 120, 215, 190, 228, 126, 40,
       147, 238, 199, 144, 46, 253, 70, 125, 138, 10, 22, 142, 112, 244,
       110, 234, 160, 210, 105, 193, 154, 196, 171, 125, 177, 169, 172,
       207, 69, 18, 143, 219, 253, 211, 74, 75, 202, 245, 223, 20, 159,
       251, 23, 22, 23, 219, 207, 239, 225, 147, 172, 44, 111, 151, 185,
       247, 31, 221, 205, 45, 223, 79, 7, 71, 125, 223, 245, 92, 253,
       226, 238, 126, 222, 228, 134, 245, 145, 124, 124, 53, 249, 230,
       189, 94, 215, 57, 81, 166, 191, 10, 123, 125, 29, 3, 152, 214,
       253, 98, 104, 99, 249, 142, 251, 255, 197, 63, 103, 254, 86, 42,
       129, 170, 78, 185, 228, 185, 232, 83, 238, 17, 112, 247, 189, 136,
       244, 171, 43, 43, 6, 29, 151, 60, 6, 209, 68, 25, 122, 104, 221,
       136, 249, 140, 197, 114, 221, 165, 234, 42, 121, 25, 58, 243, 33,
       253, 215, 167, 203, 90, 183, 77, 100, 22, 21, 84, 207, 64, 140,
       162, 117, 228, 172, 233, 3, 209, 136, 250, 63, 51, 41, 141, 113,
       210, 191, 254, 180, 29, 190, 155, 67, 25, 135, 41, 79, 70, 102,
       77, 82, 117, 199, 217, 112, 123, 64, 17, 7, 203, 65, 26, 219, 253,
       116, 18, 104, 18, 116, 232, 86, 228, 177, 130, 144, 120, 102, 172,
       62, 140, 133, 222, 229, 76, 140, 175, 242, 128, 44, 161, 105, 189,
       62, 120, 48, 234, 63, 217, 155, 200, 143, 1, 188, 42, 174, 221,
       101, 164, 190, 185, 223, 193, 10, 35, 250, 253, 211, 212, 11, 187,
       87, 47, 7, 183, 40, 249, 177, 58, 221, 205, 19, 198, 251, 61, 44,
       24, 142, 145, 96, 20, 129, 26, 195, 16, 82, 42, 250, 243, 235, 84,
       21, 127, 210, 22, 214, 251, 24, 149, 26, 238, 211, 212, 118, 113,
       169, 9, 109, 0, 62, 255, 40, 16, 182, 187, 149, 64, 82, 43, 18,
       69, 243, 253, 2, 75, 122, 2, 175, 155, 32, 195, 74, 67, 96, 11,
       107, 224, 44, 4, 121, 168, 65, 3, 189, 17, 126, 136, 70, 238, 64,
       178, 72, 93, 84, 136, 226, 132, 113, 155, 98, 160, 24, 52, 54,
       184, 11, 237, 49, 67, 191, 87, 99, 17, 188, 214, 35, 89, 167, 57,
       251, 17, 34, 197, 18, 210, 209, 210, 90, 11, 152, 65, 39, 83, 250,
       28, 246, 244, 117, 246, 122, 198, 189, 206, 214, 3, 106, 62, 55,
       223, 236, 247, 191, 211, 44, 223, 49, 238, 187, 254, 222, 131,
       167, 253, 124, 95, 30, 53, 244, 163, 173, 125, 220, 143, 15, 255,
       28, 43, 238, 124, 95, 142, 255, 219, 255, 49, 94, 112, 251, 241,
       191, 215, 223, 247, 183, 94, 221, 95, 82, 185, 48, 170, 29, 157,
       82, 232, 239, 28, 185, 79, 174, 218, 103, 84, 164, 177, 206, 67,
       142, 43, 154, 253, 187, 208, 3, 59, 24, 15, 15, 31, 177, 16, 106,
       44, 78, 51, 192, 120, 68, 66, 245, 207, 67, 8, 191, 1, 120, 132,
       94, 47, 141, 167, 85, 140, 80, 105, 162, 152, 125, 174, 120, 212,
       58, 212, 182, 191, 5, 215, 221, 55, 149, 79, 214, 19, 239, 253,
       58, 196, 204, 251, 191, 1, 104, 175, 115, 171, 163, 254, 214, 11,
       82, 156, 244, 94, 185, 253, 120, 110, 86, 221, 95, 252, 87, 104,
       124, 10, 59, 157, 83, 48, 62, 153, 151, 203, 202, 62, 120, 63,
       115, 205, 32, 169, 119, 155, 74, 235, 19, 88, 175, 151, 134, 118,
       173, 231, 124, 211, 82, 151, 205, 46, 182, 107, 97, 71, 59, 143,
       149, 217, 53, 224, 132, 34, 222, 132, 173, 85, 177, 92, 106, 184,
       224, 182, 125, 221, 218, 112, 131, 237, 148, 169, 191, 253, 210,
       164, 206, 176, 223, 29, 136, 43, 242, 254, 223, 93, 189, 249, 134,
       172, 94, 251, 122, 3, 50, 174, 45, 141, 90, 112, 141, 12, 241, 73,
       111, 219, 38, 208, 216, 161, 221, 98, 76, 35, 90, 157, 147, 217,
       3, 59, 82, 46, 78, 71, 40, 197, 116, 89, 77, 221, 213, 239, 205,
       85, 244, 3, 170, 29, 62, 165, 200, 18, 211, 73, 214, 47, 118, 181,
       103, 91, 80, 123, 87, 140, 222, 238, 199, 237, 232, 151, 228, 168,
       238, 167, 58, 211, 27, 147, 253, 237, 93, 75, 163, 111, 57, 95,
       242, 92, 142, 226, 47, 62, 207, 232, 132, 253, 209, 100, 7, 121,
       237, 71, 238, 55, 191, 252, 78, 240, 94, 230, 88, 124, 151, 111,
       55, 87, 51, 239, 193, 208, 127, 252, 108, 42, 239, 132, 159, 255,
       177, 253, 109, 119, 120, 105, 108, 29, 95, 25, 97, 78, 253, 108,
       219, 73, 154, 49, 220, 136, 70, 110, 207, 34, 121, 149, 230, 221,
       160, 172, 126, 179, 250, 209, 129, 138, 78, 185, 36, 168, 105, 23,
       142, 93, 86, 247, 189, 131, 242, 73, 103, 42, 63, 156, 146, 156,
       71, 209, 196, 241, 250, 192, 188, 136, 241, 217, 9, 90, 153, 245,
       52, 150, 104, 23, 116, 73, 114, 100, 177, 130, 144, 248, 68, 44,
       54, 156, 141, 156, 229, 5, 134, 253, 178, 192, 8, 128, 105, 185,
       44, 48, 248, 83, 237, 125, 243, 218, 91, 255, 61, 24, 26, 253, 79,
       190, 153, 88, 210, 24, 18, 118, 250, 162, 79, 221, 21, 127, 211,
       123, 78, 246, 122, 58, 106, 204, 117, 223, 219, 112, 27, 236, 253,
       175, 58, 141, 182, 148, 124, 188, 151, 237, 137, 58, 112, 221, 83,
       93, 169, 179, 87, 143, 94, 245, 139, 63, 83, 253, 114, 155, 174,
       115, 61, 160, 92, 230, 189, 135, 144, 165, 62, 57, 150, 172, 225,
       156, 37, 223, 164, 222, 43, 128, 46, 164, 43, 189, 59, 159, 38,
       186, 189, 151, 150, 231, 207, 13, 216, 167, 172, 104, 62, 64, 220,
       43, 151, 85, 182, 169, 20, 253, 170, 84, 142, 211, 93, 12, 185,
