%YAML:1.0
---
descriptors: !!opencv-matrix
   rows: 161
   cols: 32
   dt: u
   data: [ 118, 99, 140, 135, 28, 30, 70, 56, 3, 168, 147, 79, 194, 104,
       205, 194, 221, 196, 236, 118, 76, 99, 201, 8, 186, 163, 229, 183,
       105, 59, 24, 3, 123, 123, 126, 255, 109, 253, 253, 86, 237, 204,
       254, 167, 173, 157, 183, 230, 238, 255, 255, 197, 205, 187, 242,
       232, 247, 249, 186, 131, 15, 223, 253, 255, 25, 140, 106, 65, 180,
       155, 233, 87, 93, 65, 118, 246, 153, 12, 182, 100, 111, 138, 22,
       157, 191, 188, 101, 246, 46, 79, 178, 192, 255, 140, 248, 253,
       170, 172, 48, 155, 221, 245, 179, 207, 31, 23, 68, 18, 172, 216,
       38, 204, 217, 59, 147, 17, 54, 62, 122, 247, 45, 86, 158, 107,
       146, 76, 189, 206, 171, 172, 16, 90, 217, 149, 138, 207, 94, 11,
       120, 92, 168, 200, 118, 164, 153, 43, 2, 153, 183, 46, 90, 255,
       47, 92, 159, 121, 219, 0, 203, 142, 64, 188, 155, 119, 210, 238,
       51, 150, 115, 239, 171, 185, 246, 151, 72, 58, 183, 255, 108, 16,
       27, 222, 249, 98, 141, 134, 21, 98, 224, 67, 135, 255, 230, 205,
       232, 215, 205, 120, 110, 167, 153, 55, 31, 147, 225, 111, 95, 107,
       73, 230, 57, 223, 124, 84, 254, 226, 47, 127, 223, 165, 167, 255,
       220, 84, 108, 181, 88, 97, 240, 111, 91, 188, 33, 173, 63, 9, 223,
       59, 74, 18, 151, 213, 221, 122, 24, 114, 217, 4, 207, 221, 37,
       117, 226, 162, 70, 195, 70, 249, 180, 179, 185, 196, 190, 167,
       143, 157, 2, 17, 236, 254, 104, 74, 135, 87, 251, 209, 82, 73,
       155, 225, 173, 119, 95, 203, 132, 20, 173, 203, 120, 129, 102,
       236, 85, 82, 126, 117, 101, 0, 254, 3, 107, 59, 48, 241, 122, 166,
       159, 235, 220, 187, 1, 205, 243, 233, 194, 129, 39, 174, 252, 10,
       181, 68, 103, 77, 68, 107, 207, 250, 85, 162, 250, 218, 83, 109,
       157, 125, 121, 228, 54, 174, 233, 246, 109, 14, 53, 174, 229, 4,
       101, 249, 112, 32, 52, 143, 111, 254, 158, 129, 79, 241, 214, 4,
       221, 198, 113, 233, 176, 65, 127, 226, 63, 239, 248, 43, 46, 191,
       248, 239, 239, 216, 61, 170, 112, 120, 53, 105, 235, 218, 204,
       135, 239, 216, 214, 192, 212, 66, 81, 216, 253, 45, 120, 232, 22,
       235, 201, 243, 62, 176, 113, 8, 231, 172, 53, 187, 112, 228, 93,
       100, 104, 229, 38, 90, 127, 56, 97, 230, 159, 130, 219, 13, 155,
       163, 54, 213, 221, 239, 200, 244, 229, 136, 231, 233, 231, 149,
       39, 247, 86, 96, 33, 222, 115, 95, 244, 155, 239, 246, 93, 74,
       120, 102, 241, 100, 181, 36, 95, 122, 6, 108, 227, 184, 101, 255,
       44, 30, 36, 128, 95, 216, 208, 189, 247, 123, 108, 5, 234, 19,
       158, 248, 65, 238, 180, 239, 65, 76, 215, 19, 62, 229, 213, 231,
       204, 83, 109, 252, 50, 9, 237, 183, 109, 183, 90, 221, 188, 207,
       75, 254, 210, 225, 95, 244, 20, 6, 253, 179, 121, 239, 41, 81,
       127, 251, 135, 226, 122, 175, 8, 47, 115, 229, 164, 137, 115, 243,
       228, 234, 151, 87, 67, 5, 18, 14, 174, 56, 60, 224, 123, 231, 93,
       39, 157, 196, 54, 213, 108, 238, 225, 144, 29, 78, 52, 46, 47,
       132, 109, 183, 1, 49, 155, 73, 135, 174, 9, 70, 78, 228, 160, 208,
       194, 199, 126, 254, 51, 195, 232, 229, 125, 231, 77, 201, 23, 104,
       240, 35, 238, 144, 45, 54, 186, 88, 207, 148, 133, 151, 231, 124,
       188, 143, 255, 251, 27, 86, 204, 58, 221, 239, 167, 71, 250, 149,
       183, 220, 223, 226, 14, 118, 223, 199, 142, 117, 153, 21, 138,
       184, 178, 155, 241, 253, 176, 71, 191, 95, 102, 21, 172, 158, 102,
       204, 165, 59, 179, 17, 22, 220, 146, 243, 15, 86, 26, 107, 154,
       68, 175, 223, 64, 172, 179, 80, 219, 232, 49, 71, 235, 145, 40, 8,
       190, 183, 68, 182, 129, 63, 224, 16, 19, 107, 162, 65, 29, 180,
       20, 123, 194, 64, 135, 170, 57, 149, 123, 105, 180, 91, 198, 125,
       68, 104, 250, 98, 83, 56, 180, 160, 122, 142, 22, 121, 221, 186,
       101, 30, 186, 237, 37, 80, 125, 138, 248, 141, 184, 32, 225, 88,
       203, 233, 65, 79, 83, 167, 96, 24, 2, 213, 100, 189, 57, 186, 195,
       16, 50, 126, 254, 19, 27, 6, 81, 127, 243, 204, 198, 238, 247,
       119, 233, 230, 218, 6, 79, 248, 18, 238, 188, 239, 81, 103, 223,
       19, 127, 204, 85, 238, 233, 83, 253, 42, 120, 136, 237, 188, 173,
       243, 118, 241, 49, 207, 41, 79, 52, 223, 94, 190, 87, 76, 252, 71,
       34, 12, 190, 96, 216, 10, 14, 76, 238, 168, 97, 191, 163, 222, 48,
       19, 50, 156, 212, 109, 58, 133, 100, 233, 149, 183, 218, 119, 69,
       1, 250, 2, 75, 57, 52, 192, 250, 131, 159, 177, 154, 186, 65, 221,
       187, 253, 138, 195, 183, 142, 244, 14, 44, 39, 105, 69, 112, 11,
       239, 56, 56, 164, 126, 204, 211, 37, 148, 16, 30, 92, 6, 110, 192,
       176, 245, 78, 102, 191, 161, 4, 103, 187, 70, 176, 253, 180, 190,
       122, 168, 188, 81, 219, 243, 95, 181, 29, 31, 251, 74, 27, 165,
       134, 237, 28, 62, 111, 154, 19, 219, 235, 113, 125, 234, 192, 202,
       67, 108, 97, 248, 69, 92, 79, 227, 184, 67, 164, 174, 10, 83, 17,
       213, 102, 88, 212, 120, 122, 201, 48, 253, 28, 127, 168, 129, 52,
       103, 171, 80, 32, 130, 164, 16, 155, 237, 249, 176, 15, 191, 83,
       81, 27, 172, 218, 106, 233, 171, 27, 219, 145, 54, 108, 82, 211,
       15, 18, 90, 107, 150, 76, 133, 206, 144, 157, 30, 185, 151, 198,
       185, 103, 180, 5, 206, 19, 53, 191, 32, 65, 232, 187, 155, 128,
       120, 153, 17, 223, 253, 231, 154, 67, 48, 8, 181, 90, 61, 93, 115,
       79, 116, 78, 239, 184, 92, 232, 122, 70, 211, 113, 153, 224, 122,
       204, 22, 110, 193, 176, 125, 46, 36, 172, 33, 132, 109, 187, 80,
       169, 170, 172, 144, 154, 205, 245, 176, 207, 159, 55, 192, 17,
       172, 252, 110, 141, 201, 59, 179, 17, 54, 110, 122, 241, 31, 82,
       223, 123, 146, 76, 253, 206, 7, 36, 162, 136, 53, 189, 178, 66,
       238, 69, 25, 5, 140, 136, 127, 68, 203, 9, 219, 21, 134, 33, 22,
       208, 140, 20, 138, 111, 220, 79, 25, 214, 49, 205, 107, 238, 84,
       151, 78, 240, 213, 0, 254, 2, 115, 201, 49, 96, 120, 234, 23, 234,
       233, 187, 52, 191, 243, 239, 130, 0, 53, 155, 112, 168, 20, 221,
       123, 231, 112, 206, 111, 244, 116, 172, 254, 32, 83, 87, 160, 48,
       126, 252, 23, 234, 201, 176, 56, 110, 245, 173, 167, 128, 101,
       178, 230, 233, 94, 191, 140, 180, 138, 114, 20, 175, 146, 159,
       138, 183, 199, 39, 67, 11, 207, 87, 237, 145, 62, 75, 195, 2, 218,
       231, 255, 223, 161, 112, 167, 83, 10, 188, 178, 153, 211, 245,
       176, 71, 191, 5, 74, 17, 172, 222, 38, 196, 163, 59, 179, 145, 54,
       157, 50, 215, 15, 54, 26, 75, 146, 68, 173, 207, 127, 99, 132,
       166, 41, 31, 22, 40, 2, 164, 131, 237, 202, 96, 75, 210, 221, 196,
       236, 118, 204, 67, 205, 138, 248, 182, 77, 183, 10, 63, 24, 5, 60,
       105, 232, 102, 109, 89, 70, 216, 83, 172, 180, 42, 19, 217, 221,
       28, 152, 200, 87, 126, 136, 99, 236, 184, 126, 217, 37, 63, 255,
       187, 90, 167, 60, 39, 64, 173, 89, 27, 74, 104, 67, 164, 252, 200,
       203, 97, 73, 148, 88, 204, 199, 226, 72, 50, 205, 154, 246, 213,
       137, 61, 119, 47, 14, 130, 252, 80, 253, 101, 172, 103, 79, 184,
       86, 254, 183, 74, 83, 125, 217, 43, 93, 212, 124, 250, 233, 103,
       253, 42, 127, 138, 229, 180, 247, 251, 84, 113, 94, 91, 254, 46,
       10, 2, 94, 48, 161, 192, 135, 143, 111, 111, 51, 87, 54, 245, 109,
       231, 204, 131, 21, 108, 242, 226, 207, 144, 47, 178, 42, 18, 100,
       48, 223, 161, 234, 43, 186, 24, 171, 242, 35, 237, 196, 135, 73,
       30, 38, 85, 105, 86, 17, 83, 155, 64, 84, 144, 77, 62, 140, 251,
       11, 145, 107, 57, 114, 76, 109, 157, 242, 69, 233, 8, 252, 12, 42,
       218, 180, 244, 238, 185, 214, 72, 134, 43, 178, 217, 23, 121, 0,
       42, 75, 134, 106, 143, 156, 140, 191, 246, 157, 111, 207, 234,
       222, 178, 139, 26, 247, 121, 49, 35, 145, 87, 125, 43, 120, 237,
       43, 62, 249, 239, 207, 21, 197, 121, 149, 34, 169, 174, 180, 187,
       237, 189, 176, 206, 206, 63, 52, 29, 172, 200, 90, 143, 137, 107,
       227, 21, 182, 108, 202, 245, 79, 83, 95, 127, 210, 12, 219, 203,
