%YAML:1.0
---
descriptors: !!opencv-matrix
   rows: 227
   cols: 32
   dt: u
   data: [ 101, 224, 209, 68, 76, 76, 71, 152, 115, 172, 37, 72, 83, 243,
       205, 190, 89, 204, 32, 94, 75, 114, 250, 0, 31, 188, 133, 108,
       227, 178, 66, 224, 37, 199, 206, 69, 228, 11, 102, 174, 116, 130,
       106, 192, 211, 99, 153, 80, 27, 238, 34, 46, 97, 240, 77, 46, 44,
       174, 39, 4, 229, 250, 194, 168, 80, 185, 63, 126, 130, 204, 53,
       103, 172, 17, 106, 1, 54, 183, 32, 112, 166, 59, 121, 0, 82, 153,
       146, 125, 241, 175, 82, 2, 32, 2, 167, 43, 92, 243, 186, 102, 242,
       143, 55, 113, 163, 172, 47, 45, 86, 215, 106, 16, 180, 253, 205,
       114, 80, 211, 136, 14, 251, 229, 37, 247, 96, 162, 134, 35, 65,
       169, 189, 37, 40, 206, 109, 55, 232, 233, 46, 9, 182, 57, 18, 50,
       128, 38, 125, 13, 149, 184, 241, 14, 237, 190, 20, 16, 72, 64,
       195, 122, 200, 112, 153, 248, 43, 236, 17, 158, 59, 19, 96, 24,
       190, 215, 73, 120, 151, 251, 116, 16, 35, 70, 242, 99, 209, 247,
       86, 42, 218, 81, 7, 59, 116, 113, 25, 238, 8, 79, 83, 104, 50,
       224, 173, 8, 215, 119, 9, 80, 216, 208, 89, 106, 73, 3, 91, 24,
       241, 143, 5, 60, 112, 51, 70, 50, 135, 247, 237, 79, 250, 55, 175,
       189, 95, 250, 61, 254, 89, 108, 159, 39, 23, 79, 118, 238, 241,
       112, 239, 254, 44, 58, 101, 180, 255, 255, 193, 245, 237, 85, 49,
       71, 237, 127, 71, 189, 117, 106, 239, 24, 210, 113, 157, 180, 153,
       70, 104, 42, 105, 180, 249, 46, 39, 254, 69, 20, 74, 123, 210, 50,
       44, 222, 109, 103, 100, 75, 247, 188, 69, 206, 254, 175, 243, 77,
       179, 32, 120, 240, 127, 235, 200, 176, 111, 252, 103, 255, 229,
       133, 119, 254, 84, 123, 217, 143, 214, 69, 182, 62, 108, 182, 125,
       170, 254, 86, 91, 34, 151, 245, 103, 230, 110, 140, 189, 248, 101,
       206, 62, 239, 225, 132, 175, 224, 72, 13, 56, 79, 122, 254, 246,
       211, 83, 245, 85, 4, 252, 34, 123, 237, 161, 112, 126, 250, 134,
       184, 106, 186, 40, 191, 243, 239, 37, 9, 247, 154, 228, 171, 90,
       185, 158, 248, 139, 193, 49, 207, 175, 21, 164, 41, 44, 255, 98,
       91, 239, 179, 239, 144, 18, 75, 178, 241, 219, 211, 94, 123, 144,
       0, 167, 123, 147, 92, 71, 189, 22, 134, 110, 182, 180, 66, 66,
       215, 53, 6, 49, 195, 102, 229, 57, 239, 229, 221, 21, 239, 176,
       234, 206, 0, 61, 180, 49, 88, 108, 255, 184, 101, 228, 95, 86,
       154, 43, 236, 190, 77, 159, 61, 67, 18, 149, 220, 245, 126, 204,
       120, 241, 40, 239, 223, 37, 53, 202, 251, 78, 211, 136, 128, 133,
       179, 116, 109, 233, 63, 62, 115, 66, 84, 181, 39, 24, 65, 217, 14,
       51, 13, 51, 252, 81, 23, 205, 215, 218, 64, 16, 136, 209, 184, 36,
       160, 189, 177, 84, 239, 233, 9, 126, 113, 99, 29, 214, 12, 88, 24,
       185, 13, 115, 29, 19, 244, 219, 84, 77, 184, 18, 68, 192, 8, 215,
       176, 92, 84, 187, 230, 2, 102, 127, 112, 49, 234, 123, 98, 92,
       247, 97, 114, 182, 253, 53, 226, 65, 209, 184, 106, 243, 175, 45,
       130, 160, 243, 39, 115, 50, 110, 234, 191, 86, 192, 191, 68, 16,
       70, 89, 131, 49, 204, 55, 32, 126, 107, 147, 199, 198, 190, 166,
       235, 117, 37, 190, 137, 101, 127, 119, 250, 228, 64, 189, 103,
       172, 110, 103, 184, 116, 162, 35, 8, 215, 113, 9, 123, 145, 84,
       104, 106, 40, 240, 249, 42, 237, 187, 101, 16, 192, 251, 87, 34,
       67, 151, 94, 76, 250, 146, 190, 238, 169, 92, 254, 231, 72, 238,
       174, 247, 246, 231, 166, 230, 244, 91, 46, 253, 58, 57, 230, 207,
       47, 134, 168, 93, 201, 142, 212, 93, 104, 62, 104, 58, 127, 191,
       118, 212, 139, 34, 150, 255, 39, 204, 110, 44, 244, 252, 103, 87,
       14, 251, 115, 196, 78, 228, 203, 5, 222, 125, 235, 96, 178, 106,
       127, 240, 49, 238, 31, 185, 95, 127, 91, 63, 55, 253, 125, 243,
       248, 213, 189, 106, 251, 207, 109, 196, 167, 247, 167, 115, 172,
       255, 122, 122, 116, 205, 87, 240, 144, 12, 116, 56, 127, 221, 43,
       49, 26, 248, 151, 114, 98, 38, 42, 63, 107, 201, 37, 233, 115,
       155, 78, 235, 53, 148, 233, 79, 214, 123, 199, 248, 87, 234, 255,
       122, 115, 124, 156, 36, 121, 238, 54, 239, 169, 242, 109, 190, 62,
       174, 165, 148, 231, 235, 208, 229, 101, 185, 191, 119, 137, 142,
       101, 177, 250, 177, 103, 0, 210, 243, 64, 122, 129, 102, 120, 10,
       19, 216, 251, 49, 79, 187, 85, 68, 200, 34, 194, 162, 242, 174,
       150, 184, 137, 169, 80, 198, 179, 179, 160, 57, 46, 168, 97, 159,
       201, 179, 236, 16, 62, 107, 194, 176, 153, 210, 85, 123, 218, 76,
       46, 14, 84, 96, 61, 101, 0, 78, 67, 56, 100, 160, 227, 8, 215, 19,
       0, 112, 144, 148, 104, 106, 72, 176, 217, 12, 229, 171, 96, 20,
       96, 42, 70, 34, 143, 205, 237, 211, 212, 23, 239, 249, 94, 242,
       53, 82, 89, 105, 253, 47, 123, 202, 51, 255, 241, 244, 63, 255,
       111, 10, 239, 196, 223, 249, 240, 228, 135, 239, 229, 93, 238, 23,
       175, 190, 95, 250, 20, 214, 216, 108, 221, 47, 55, 71, 115, 239,
       241, 100, 191, 254, 44, 26, 207, 172, 223, 253, 209, 245, 55, 222,
       97, 199, 102, 15, 239, 249, 69, 234, 255, 238, 115, 93, 156, 36,
       126, 208, 55, 235, 201, 178, 109, 253, 54, 94, 165, 134, 111, 190,
       244, 125, 61, 183, 109, 103, 244, 31, 119, 248, 101, 204, 247,
       103, 115, 125, 158, 49, 124, 192, 87, 230, 253, 188, 121, 173,
       111, 203, 39, 132, 105, 171, 246, 243, 77, 181, 149, 115, 233,
       111, 101, 255, 170, 251, 105, 24, 222, 243, 72, 255, 145, 94, 104,
       58, 49, 210, 251, 114, 173, 219, 85, 102, 202, 114, 131, 179, 104,
       121, 184, 101, 245, 223, 119, 150, 43, 236, 62, 77, 159, 63, 67,
       16, 132, 126, 253, 92, 205, 184, 241, 40, 239, 221, 37, 177, 202,
       184, 78, 219, 123, 219, 97, 199, 231, 210, 111, 189, 69, 104, 87,
       230, 107, 93, 156, 228, 124, 236, 183, 239, 217, 190, 109, 255,
       54, 110, 229, 198, 47, 175, 240, 117, 217, 91, 78, 167, 38, 22,
       111, 181, 33, 236, 215, 198, 91, 35, 155, 83, 118, 196, 125, 238,
       236, 213, 157, 108, 242, 235, 230, 132, 47, 182, 250, 73, 252, 23,
       117, 119, 162, 122, 87, 184, 121, 246, 55, 188, 91, 117, 143, 191,
       55, 214, 236, 98, 245, 245, 237, 46, 102, 235, 101, 147, 103, 247,
       206, 117, 151, 92, 239, 151, 134, 114, 175, 230, 116, 87, 95, 151,
       121, 44, 191, 107, 99, 199, 59, 159, 181, 220, 61, 226, 84, 43,
       254, 128, 173, 245, 241, 124, 23, 52, 130, 163, 180, 38, 234, 89,
       47, 249, 155, 119, 209, 40, 219, 10, 249, 204, 127, 191, 157, 242,
       205, 192, 156, 28, 171, 244, 173, 111, 121, 151, 255, 107, 226,
       132, 229, 50, 238, 192, 209, 206, 212, 151, 9, 136, 247, 207, 120,
       236, 167, 239, 252, 231, 166, 224, 18, 121, 203, 141, 39, 253,
       124, 196, 199, 142, 207, 183, 162, 160, 47, 134, 190, 215, 75,
       247, 253, 102, 219, 107, 39, 103, 61, 151, 183, 220, 191, 227,
       140, 38, 254, 192, 172, 245, 161, 85, 131, 178, 229, 81, 230, 186,
       237, 215, 127, 123, 114, 246, 217, 224, 156, 236, 127, 78, 126,
       156, 179, 252, 239, 243, 14, 58, 246, 192, 239, 204, 208, 181,
       108, 191, 156, 97, 253, 63, 82, 250, 107, 188, 188, 13, 159, 57,
       67, 146, 137, 196, 204, 126, 12, 114, 217, 58, 239, 223, 37, 53,
       202, 249, 74, 3, 161, 160, 109, 81, 68, 223, 97, 18, 117, 113,
       242, 24, 211, 9, 20, 112, 121, 204, 110, 24, 139, 252, 241, 0, 15,
       186, 144, 68, 193, 136, 82, 168, 84, 32, 26, 184, 42, 193, 25, 72,
       174, 52, 129, 169, 159, 199, 34, 81, 254, 189, 239, 161, 12, 67,
       138, 28, 209, 227, 107, 59, 16, 2, 39, 83, 249, 121, 53, 111, 77,
       205, 71, 236, 239, 104, 100, 8, 50, 145, 69, 180, 136, 120, 74,
       74, 75, 49, 243, 61, 247, 217, 0, 58, 82, 26, 66, 170, 8, 60, 153,
       120, 243, 237, 81, 27, 59, 139, 108, 56, 190, 183, 65, 56, 147,
       155, 20, 24, 51, 190, 242, 59, 207, 221, 16, 106, 218, 64, 7, 187,
       90, 168, 191, 248, 43, 193, 57, 206, 175, 21, 180, 169, 172, 215,
       98, 90, 238, 179, 239, 144, 26, 75, 162, 209, 217, 241, 91, 251,
