%YAML:1.0
---
descriptors: !!opencv-matrix
   rows: 226
   cols: 32
   dt: u
   data: [ 94, 24, 166, 246, 133, 246, 122, 114, 189, 198, 198, 3, 109,
       255, 49, 235, 228, 247, 191, 223, 180, 201, 179, 238, 219, 127,
       218, 131, 166, 229, 61, 86, 40, 124, 191, 119, 96, 110, 125, 54,
       48, 222, 118, 24, 179, 37, 129, 59, 135, 118, 125, 10, 97, 252,
       113, 40, 199, 171, 116, 129, 194, 240, 70, 121, 21, 245, 122, 103,
       114, 14, 127, 252, 56, 104, 126, 228, 117, 119, 138, 112, 54, 93,
       23, 234, 208, 152, 41, 127, 127, 173, 39, 128, 105, 178, 227, 185,
       18, 186, 147, 186, 59, 193, 152, 230, 175, 29, 160, 161, 172, 214,
       32, 208, 239, 179, 207, 128, 18, 11, 138, 245, 153, 182, 26, 123,
       144, 0, 39, 155, 61, 114, 249, 161, 62, 167, 219, 216, 70, 253,
       185, 111, 83, 89, 121, 8, 95, 200, 23, 117, 138, 35, 93, 144, 217,
       205, 165, 252, 245, 155, 84, 227, 135, 247, 237, 95, 234, 55, 191,
       191, 94, 242, 94, 246, 88, 124, 159, 111, 63, 95, 55, 239, 241,
       244, 253, 126, 110, 42, 109, 166, 253, 255, 145, 245, 47, 237,
       227, 84, 213, 214, 238, 238, 214, 193, 90, 199, 120, 252, 191, 32,
       249, 238, 51, 141, 199, 248, 190, 255, 126, 14, 143, 228, 223,
       124, 240, 220, 64, 32, 154, 249, 52, 228, 105, 23, 118, 17, 67,
       16, 181, 19, 0, 104, 192, 47, 46, 144, 26, 216, 243, 65, 197, 229,
       186, 65, 128, 0, 165, 138, 135, 207, 215, 179, 166, 168, 174, 180,
       252, 18, 91, 246, 253, 234, 185, 75, 103, 99, 63, 223, 243, 213,
       14, 227, 172, 186, 238, 192, 156, 243, 161, 41, 254, 16, 114, 232,
       77, 103, 211, 64, 233, 140, 240, 11, 10, 221, 39, 17, 248, 177,
       207, 226, 72, 39, 16, 204, 211, 248, 130, 27, 115, 39, 102, 194,
       46, 255, 181, 219, 253, 213, 210, 185, 223, 89, 93, 71, 236, 253,
       124, 132, 221, 106, 179, 87, 198, 104, 218, 241, 47, 94, 197, 235,
       210, 111, 92, 223, 80, 73, 71, 76, 18, 143, 175, 38, 172, 128, 74,
       202, 243, 101, 48, 100, 54, 240, 91, 108, 65, 137, 21, 63, 177,
       166, 10, 0, 108, 186, 33, 56, 249, 112, 255, 103, 13, 76, 85, 61,
       80, 202, 183, 94, 123, 89, 89, 59, 188, 212, 125, 106, 233, 230,
       251, 2, 243, 235, 117, 56, 107, 186, 192, 107, 137, 122, 155, 49,
       176, 174, 120, 150, 126, 73, 118, 84, 189, 146, 147, 120, 166, 43,
       22, 156, 167, 156, 4, 114, 198, 189, 50, 192, 136, 144, 11, 153,
       10, 221, 34, 139, 213, 215, 190, 239, 13, 65, 92, 3, 236, 124, 62,
       196, 217, 3, 147, 225, 82, 152, 25, 255, 45, 116, 142, 71, 22, 30,
       189, 206, 175, 189, 237, 87, 220, 55, 79, 191, 83, 234, 125, 222,
       81, 125, 159, 51, 29, 198, 117, 238, 249, 210, 253, 62, 111, 15,
       229, 164, 239, 243, 210, 241, 139, 152, 27, 251, 49, 228, 57, 83,
       190, 25, 85, 16, 188, 223, 32, 105, 167, 59, 159, 17, 51, 156, 50,
       245, 203, 247, 58, 202, 144, 0, 161, 187, 114, 74, 212, 93, 46,
       134, 196, 7, 175, 128, 226, 69, 32, 137, 133, 214, 200, 38, 107,
       28, 72, 201, 195, 120, 36, 58, 214, 18, 81, 16, 120, 12, 7, 183,
       229, 27, 150, 183, 172, 205, 94, 115, 91, 246, 233, 236, 220, 172,
       127, 10, 178, 159, 151, 248, 111, 245, 12, 10, 255, 196, 253, 78,
       249, 149, 90, 70, 142, 181, 130, 34, 188, 135, 184, 215, 218, 247,
       141, 46, 66, 75, 231, 71, 253, 149, 52, 221, 135, 224, 220, 35,
       254, 193, 140, 84, 169, 91, 185, 254, 120, 104, 118, 5, 255, 252,
       80, 106, 116, 106, 57, 29, 186, 49, 62, 216, 23, 234, 234, 62, 56,
       63, 119, 205, 33, 173, 119, 154, 106, 235, 222, 123, 187, 240,
       235, 216, 21, 67, 171, 157, 166, 56, 46, 223, 100, 126, 162, 247,
       237, 82, 90, 111, 162, 224, 251, 241, 86, 123, 130, 32, 167, 99,
       242, 65, 26, 168, 77, 213, 90, 76, 141, 12, 152, 11, 46, 222, 39,
       208, 200, 177, 207, 99, 76, 7, 210, 216, 145, 240, 138, 59, 48,
       31, 60, 78, 37, 52, 248, 67, 125, 125, 211, 218, 75, 255, 189, 8,
       154, 252, 79, 174, 153, 88, 210, 24, 131, 98, 248, 226, 15, 221,
       21, 63, 195, 123, 70, 246, 237, 124, 253, 119, 244, 126, 71, 178,
       82, 234, 86, 24, 211, 57, 209, 99, 17, 118, 117, 106, 249, 252,
       249, 46, 111, 255, 229, 20, 230, 249, 208, 33, 60, 123, 50, 170,
       53, 157, 82, 248, 205, 12, 185, 78, 47, 88, 33, 144, 188, 185,
       206, 98, 143, 43, 24, 189, 179, 221, 3, 186, 122, 15, 71, 31, 137,
       170, 74, 185, 100, 169, 225, 83, 236, 85, 116, 247, 157, 136, 242,
       107, 106, 43, 6, 157, 151, 60, 102, 209, 68, 25, 50, 224, 220,
       136, 105, 216, 124, 93, 211, 100, 209, 110, 103, 216, 97, 0, 238,
       64, 91, 247, 141, 242, 112, 220, 100, 106, 9, 177, 184, 42, 243,
       239, 39, 4, 227, 243, 102, 160, 42, 242, 97, 74, 124, 149, 74,
       124, 71, 104, 253, 239, 107, 77, 156, 180, 94, 152, 151, 238, 203,
       182, 127, 159, 102, 92, 160, 248, 127, 142, 126, 253, 126, 60,
       249, 254, 107, 121, 81, 74, 155, 254, 180, 171, 46, 159, 103, 191,
       175, 177, 215, 18, 42, 71, 162, 250, 211, 211, 80, 187, 115, 77,
       14, 127, 45, 183, 121, 105, 116, 31, 103, 184, 69, 108, 117, 108,
       211, 25, 218, 49, 94, 8, 86, 110, 203, 48, 237, 21, 102, 217, 33,
       244, 126, 171, 210, 241, 219, 92, 7, 189, 3, 22, 110, 182, 181,
       194, 194, 215, 109, 102, 51, 223, 102, 229, 57, 207, 237, 221, 23,
       239, 179, 234, 222, 0, 47, 245, 41, 92, 10, 217, 54, 156, 75, 212,
       188, 230, 189, 0, 204, 131, 172, 222, 39, 196, 230, 123, 187, 193,
       70, 139, 18, 237, 55, 115, 218, 139, 18, 20, 45, 158, 242, 84, 90,
       172, 109, 71, 87, 76, 137, 12, 176, 11, 42, 222, 39, 81, 216, 177,
       207, 98, 76, 39, 80, 220, 243, 249, 130, 59, 17, 62, 110, 90, 82,
       157, 63, 104, 147, 230, 51, 230, 172, 65, 78, 2, 28, 183, 36, 112,
       163, 51, 25, 160, 17, 137, 50, 125, 249, 175, 10, 75, 177, 3, 165,
       123, 26, 159, 20, 255, 191, 173, 182, 182, 142, 8, 218, 98, 254,
       255, 33, 64, 238, 115, 191, 67, 195, 169, 75, 253, 237, 246, 46,
       146, 24, 90, 129, 59, 242, 18, 123, 236, 106, 98, 25, 73, 165,
       140, 244, 171, 13, 151, 161, 121, 126, 181, 143, 160, 8, 135, 36,
       200, 208, 161, 170, 155, 53, 160, 39, 59, 55, 224, 105, 201, 126,
       95, 235, 120, 15, 232, 125, 138, 17, 28, 214, 52, 126, 156, 23,
       254, 207, 50, 109, 221, 62, 28, 161, 244, 117, 139, 94, 245, 169,
       223, 123, 77, 100, 3, 239, 254, 84, 100, 124, 230, 17, 5, 188, 37,
       126, 8, 18, 106, 225, 184, 37, 221, 100, 10, 227, 132, 119, 152,
       116, 233, 106, 253, 184, 219, 253, 157, 190, 238, 223, 57, 29, 43,
       236, 248, 86, 132, 199, 123, 179, 87, 198, 104, 202, 243, 46, 95,
       159, 251, 158, 31, 217, 159, 106, 24, 182, 254, 77, 244, 250, 166,
       249, 134, 226, 1, 232, 190, 55, 222, 200, 247, 251, 192, 12, 235,
       210, 232, 147, 254, 210, 11, 130, 125, 116, 94, 18, 170, 23, 187,
       122, 192, 57, 232, 174, 21, 193, 163, 236, 198, 104, 212, 231, 59,
       235, 128, 2, 75, 171, 245, 157, 164, 154, 203, 20, 6, 37, 251,
       188, 99, 233, 224, 188, 3, 207, 217, 86, 170, 149, 234, 83, 205,
       249, 32, 126, 216, 23, 255, 203, 55, 77, 154, 240, 201, 165, 188,
       117, 250, 112, 177, 90, 88, 166, 214, 85, 212, 120, 146, 169, 140,
       198, 3, 41, 255, 55, 254, 236, 247, 249, 216, 142, 203, 178, 233,
       155, 255, 218, 11, 130, 149, 116, 94, 172, 145, 60, 235, 173, 221,
       209, 185, 206, 125, 189, 20, 222, 93, 122, 228, 201, 18, 251, 25,
       154, 41, 123, 149, 207, 217, 7, 127, 210, 10, 221, 242, 88, 221,
       26, 254, 180, 134, 95, 180, 53, 136, 219, 98, 255, 255, 160, 112,
       244, 255, 61, 195, 216, 155, 200, 175, 251, 229, 174, 136, 32,
       178, 160, 35, 87, 253, 191, 158, 250, 150, 31, 185, 251, 250, 142,
       109, 124, 254, 194, 243, 183, 231, 125, 237, 229, 67, 170, 255,
       186, 63, 111, 190, 140, 118, 35, 87, 43, 76, 98, 159, 85, 223,
       182, 230, 95, 64, 92, 7, 168, 220, 183, 228, 216, 107, 146, 71,
       199, 184, 126, 255, 38, 94, 138, 11, 95, 31, 121, 220, 86, 205,
