%YAML:1.0
---
descriptors: !!opencv-matrix
   rows: 304
   cols: 32
   dt: u
   data: [ 236, 38, 188, 113, 168, 111, 119, 184, 123, 255, 183, 25, 223,
       109, 74, 27, 157, 199, 237, 62, 60, 116, 233, 34, 207, 219, 117,
       117, 194, 233, 206, 67, 57, 188, 154, 58, 233, 189, 80, 215, 183,
       95, 180, 29, 63, 219, 66, 155, 165, 131, 237, 20, 190, 111, 18,
       179, 219, 219, 112, 121, 218, 196, 202, 139, 190, 57, 148, 209,
       207, 127, 222, 203, 27, 190, 189, 27, 206, 254, 79, 143, 253, 221,
       255, 179, 60, 119, 219, 226, 159, 218, 79, 247, 195, 125, 141,
       151, 102, 180, 240, 233, 253, 127, 122, 155, 127, 61, 191, 25, 74,
       255, 222, 28, 159, 159, 239, 56, 158, 122, 251, 215, 31, 223, 5,
       127, 242, 207, 206, 87, 63, 121, 106, 64, 195, 222, 255, 212, 169,
       76, 52, 175, 75, 223, 127, 60, 190, 249, 215, 118, 198, 177, 52,
       224, 115, 217, 133, 231, 103, 183, 238, 215, 9, 143, 127, 249,
       180, 169, 233, 183, 236, 81, 126, 246, 189, 43, 176, 96, 99, 43,
       14, 29, 179, 184, 36, 215, 206, 223, 50, 192, 156, 200, 225, 169,
       49, 143, 111, 233, 22, 170, 97, 55, 116, 65, 254, 246, 19, 33,
       176, 96, 105, 134, 30, 28, 185, 184, 101, 159, 222, 239, 178, 192,
       253, 200, 240, 40, 166, 56, 251, 220, 109, 86, 176, 80, 213, 216,
       247, 227, 0, 220, 103, 235, 252, 124, 166, 83, 157, 247, 182, 192,
       23, 88, 227, 139, 65, 41, 124, 215, 182, 188, 158, 186, 201, 237,
       84, 206, 187, 159, 160, 25, 15, 183, 96, 155, 201, 247, 239, 16,
       58, 79, 154, 226, 187, 211, 84, 127, 208, 89, 174, 218, 242, 204,
       150, 190, 169, 230, 22, 198, 191, 159, 200, 25, 142, 254, 34, 91,
       225, 243, 239, 17, 60, 79, 154, 226, 185, 242, 94, 91, 144, 92,
       175, 79, 205, 182, 188, 247, 172, 62, 124, 159, 251, 251, 62, 112,
       223, 59, 218, 123, 133, 71, 253, 29, 180, 252, 235, 226, 207, 255,
       119, 215, 130, 240, 201, 109, 248, 184, 179, 90, 203, 249, 1, 207,
       51, 111, 225, 58, 58, 181, 68, 189, 121, 186, 226, 16, 59, 126,
       250, 179, 29, 196, 81, 122, 251, 76, 134, 255, 32, 20, 254, 69,
       118, 79, 233, 123, 118, 238, 118, 38, 81, 61, 150, 33, 127, 220,
       54, 40, 160, 252, 117, 94, 79, 47, 243, 132, 103, 168, 84, 241,
       49, 143, 75, 234, 52, 131, 207, 117, 214, 72, 248, 230, 113, 195,
       176, 96, 124, 170, 22, 204, 219, 187, 36, 159, 240, 172, 163, 136,
       61, 138, 240, 169, 218, 189, 58, 186, 189, 221, 82, 67, 175, 92,
       189, 9, 174, 222, 102, 148, 133, 187, 237, 17, 94, 111, 154, 243,
       187, 213, 3, 123, 82, 12, 143, 95, 254, 253, 244, 243, 173, 127,
       222, 182, 27, 243, 62, 155, 207, 189, 87, 191, 143, 223, 245, 83,
       252, 124, 249, 162, 171, 219, 85, 247, 199, 253, 222, 215, 217,
       133, 254, 127, 163, 126, 93, 159, 123, 223, 239, 148, 251, 47,
       158, 123, 55, 215, 253, 14, 252, 221, 253, 226, 227, 255, 118,
       145, 162, 244, 229, 121, 156, 126, 242, 255, 55, 179, 254, 216,
       23, 238, 124, 167, 107, 207, 171, 132, 127, 249, 134, 194, 238,
       182, 45, 191, 178, 231, 167, 161, 127, 191, 45, 221, 130, 200, 18,
       153, 93, 213, 176, 207, 31, 21, 64, 19, 172, 158, 38, 204, 201,
       59, 131, 17, 102, 60, 82, 247, 13, 22, 154, 107, 18, 28, 189, 142,
       13, 17, 245, 69, 172, 111, 229, 17, 236, 251, 63, 84, 216, 53,
       221, 174, 12, 20, 122, 24, 145, 176, 115, 64, 69, 137, 102, 4,
       194, 251, 193, 241, 56, 185, 56, 105, 121, 95, 83, 112, 33, 12,
       252, 9, 95, 31, 2, 144, 156, 153, 213, 96, 12, 162, 81, 13, 243,
       249, 32, 21, 99, 170, 110, 131, 75, 169, 228, 85, 253, 92, 189,
       123, 251, 248, 20, 142, 232, 252, 214, 167, 175, 103, 243, 173,
       181, 88, 190, 205, 31, 94, 223, 175, 199, 164, 95, 252, 189, 213,
       108, 166, 142, 87, 222, 248, 80, 234, 157, 10, 83, 124, 155, 35,
       95, 197, 124, 231, 237, 99, 127, 174, 250, 203, 239, 189, 125,
       251, 124, 85, 122, 161, 252, 204, 223, 218, 251, 233, 191, 148,
       190, 130, 250, 247, 246, 84, 122, 254, 191, 248, 90, 107, 235,
       221, 127, 57, 135, 253, 87, 166, 245, 114, 74, 185, 189, 178, 169,
       253, 21, 159, 171, 219, 140, 25, 190, 255, 66, 250, 133, 115, 249,
       17, 23, 73, 250, 241, 255, 215, 93, 127, 138, 68, 143, 95, 121,
       69, 204, 231, 28, 11, 78, 40, 84, 226, 222, 10, 115, 41, 152, 34,
       120, 196, 125, 239, 41, 242, 77, 174, 254, 239, 229, 16, 109, 171,
       88, 0, 35, 181, 98, 207, 245, 215, 254, 127, 95, 77, 252, 135,
       105, 252, 190, 36, 254, 171, 151, 133, 222, 186, 124, 255, 127,
       92, 142, 195, 119, 142, 246, 222, 38, 96, 210, 200, 197, 39, 226,
       72, 83, 3, 121, 10, 2, 137, 117, 20, 249, 136, 2, 18, 8, 182, 208,
       194, 23, 28, 144, 46, 247, 219, 114, 134, 217, 176, 177, 120, 233,
       236, 81, 223, 171, 91, 180, 92, 159, 215, 66, 58, 133, 135, 92,
       28, 159, 111, 186, 19, 219, 251, 116, 126, 202, 192, 131, 115,
       254, 22, 118, 190, 239, 122, 86, 106, 185, 198, 251, 191, 78, 127,
       46, 215, 247, 247, 253, 35, 252, 231, 9, 239, 179, 255, 67, 151,
       55, 253, 238, 87, 125, 180, 156, 178, 169, 255, 84, 139, 187, 251,
       164, 56, 223, 246, 75, 187, 129, 215, 252, 16, 63, 67, 219, 176,
       219, 211, 93, 127, 138, 117, 138, 23, 246, 61, 190, 178, 237, 125,
       220, 207, 155, 190, 188, 59, 78, 254, 71, 155, 253, 223, 255, 146,
       60, 119, 219, 226, 187, 223, 215, 255, 192, 125, 206, 135, 205,
       103, 28, 103, 48, 14, 127, 184, 60, 206, 127, 69, 223, 107, 155,
       17, 182, 69, 77, 110, 224, 240, 9, 78, 231, 251, 101, 132, 72,
       243, 75, 145, 117, 196, 236, 174, 140, 7, 79, 248, 80, 234, 157,
       75, 83, 125, 155, 34, 93, 196, 125, 239, 232, 99, 237, 46, 251,
       47, 229, 188, 101, 251, 116, 99, 94, 229, 224, 150, 155, 16, 30,
       168, 187, 176, 137, 139, 236, 254, 79, 242, 183, 215, 249, 247,
       78, 67, 158, 243, 187, 86, 79, 191, 132, 119, 39, 70, 56, 237, 28,
       175, 188, 199, 159, 237, 30, 128, 220, 2, 247, 251, 56, 64, 216,
       251, 31, 241, 122, 171, 91, 191, 249, 197, 175, 121, 21, 26, 177,
       138, 92, 245, 252, 119, 171, 94, 95, 188, 115, 127, 247, 32, 91,
       127, 158, 255, 183, 215, 253, 238, 250, 217, 187, 225, 255, 255,
       119, 213, 166, 247, 237, 115, 102, 188, 240, 65, 245, 255, 242,
       218, 127, 237, 254, 27, 10, 189, 215, 56, 251, 254, 247, 16, 158,
       58, 243, 214, 31, 222, 21, 127, 231, 237, 70, 87, 81, 10, 223,
       245, 18, 138, 104, 83, 126, 161, 83, 210, 221, 163, 144, 120, 114,
       173, 62, 140, 48, 221, 5, 204, 220, 238, 250, 64, 36, 128, 33, 32,
       126, 119, 114, 110, 251, 67, 23, 248, 155, 236, 185, 173, 78, 255,
       111, 20, 158, 221, 199, 98, 108, 99, 218, 222, 251, 215, 5, 191,
       115, 119, 14, 211, 17, 12, 199, 245, 22, 170, 106, 99, 124, 129,
       98, 210, 113, 163, 176, 97, 114, 237, 46, 172, 176, 221, 5, 78,
       188, 174, 251, 64, 173, 160, 97, 32, 108, 174, 188, 113, 172, 111,
       81, 186, 123, 255, 182, 25, 159, 61, 66, 27, 141, 214, 237, 60,
       56, 108, 227, 0, 207, 219, 117, 117, 194, 249, 206, 115, 247, 119,
       237, 230, 250, 6, 79, 248, 18, 238, 189, 238, 81, 103, 221, 51,
       127, 220, 85, 238, 233, 83, 237, 10, 121, 136, 239, 188, 37, 243,
       118, 241, 157, 183, 93, 35, 50, 139, 59, 56, 60, 249, 23, 245,
       223, 87, 200, 1, 54, 29, 93, 118, 243, 212, 109, 30, 236, 201, 43,
       196, 108, 131, 1, 113, 240, 141, 111, 254, 156, 128, 79, 255, 212,
       2, 216, 66, 113, 227, 176, 97, 65, 226, 63, 202, 235, 139, 46,
       191, 240, 238, 238, 152, 53, 250, 240, 40, 130, 224, 16, 155, 205,
       221, 176, 207, 159, 53, 64, 27, 172, 158, 110, 141, 201, 27, 131,
       17, 86, 122, 82, 241, 13, 16, 94, 111, 146, 12, 141, 142, 110,
       188, 236, 119, 253, 223, 222, 249, 155, 254, 180, 41, 235, 253,
       223, 183, 159, 116, 255, 45, 188, 96, 250, 191, 127, 95, 69, 191,
       214, 252, 94, 247, 205, 21, 177, 69, 140, 63, 231, 25, 108, 234,
