%YAML:1.0
---
descriptors: !!opencv-matrix
   rows: 145
   cols: 32
   dt: u
   data: [ 92, 77, 26, 174, 180, 214, 126, 240, 164, 136, 250, 1, 223,
       227, 35, 208, 242, 237, 189, 226, 76, 147, 136, 46, 251, 229, 175,
       201, 32, 179, 174, 3, 171, 188, 0, 91, 217, 245, 170, 207, 90,
       123, 40, 92, 168, 218, 118, 164, 217, 107, 2, 153, 183, 110, 90,
       127, 45, 28, 159, 107, 219, 1, 202, 142, 105, 84, 189, 254, 45,
       124, 221, 63, 219, 203, 237, 5, 250, 255, 30, 122, 220, 246, 251,
       8, 173, 107, 251, 139, 119, 255, 214, 25, 210, 124, 220, 122, 138,
       140, 48, 219, 213, 229, 178, 239, 31, 7, 76, 19, 172, 222, 44,
       196, 217, 59, 131, 17, 50, 60, 91, 247, 111, 87, 158, 107, 146,
       12, 181, 138, 88, 149, 123, 237, 116, 206, 127, 55, 37, 12, 126,
       3, 255, 55, 0, 80, 118, 255, 63, 168, 88, 152, 17, 109, 247, 239,
       34, 128, 32, 194, 228, 123, 68, 58, 155, 247, 248, 108, 123, 144,
       170, 157, 47, 37, 213, 247, 73, 90, 135, 95, 125, 94, 18, 64, 186,
       96, 207, 173, 50, 168, 128, 243, 39, 243, 181, 68, 71, 125, 68,
       75, 103, 121, 117, 162, 242, 90, 115, 101, 181, 49, 121, 228, 38,
       46, 105, 246, 101, 14, 119, 170, 229, 4, 101, 248, 118, 160, 202,
       212, 114, 156, 127, 253, 190, 110, 155, 78, 80, 59, 236, 222, 62,
       197, 243, 185, 151, 33, 98, 39, 58, 223, 51, 20, 10, 175, 22, 92,
       37, 223, 171, 20, 252, 117, 118, 55, 249, 51, 17, 227, 127, 255,
       57, 61, 150, 173, 95, 191, 183, 141, 185, 254, 117, 143, 79, 111,
       240, 194, 111, 204, 90, 249, 137, 142, 17, 253, 188, 139, 109, 63,
       94, 170, 112, 80, 183, 163, 176, 69, 147, 106, 6, 44, 33, 124, 0,
       31, 236, 158, 55, 44, 216, 232, 193, 169, 46, 133, 24, 186, 217,
       237, 150, 232, 159, 20, 189, 11, 236, 255, 107, 0, 217, 249, 203,
       99, 70, 3, 90, 253, 127, 87, 15, 63, 18, 127, 15, 130, 120, 133,
       118, 236, 213, 86, 126, 119, 101, 4, 254, 2, 107, 43, 50, 209,
       120, 182, 159, 234, 92, 187, 1, 141, 243, 233, 226, 129, 39, 174,
       252, 74, 131, 174, 238, 157, 246, 178, 188, 247, 191, 223, 94,
       247, 173, 170, 182, 73, 103, 239, 191, 149, 182, 216, 135, 243,
       126, 103, 254, 129, 175, 212, 185, 221, 32, 173, 146, 186, 253,
       165, 148, 199, 158, 1, 72, 0, 164, 179, 96, 96, 201, 59, 18, 16,
       18, 42, 82, 179, 233, 148, 30, 106, 144, 72, 145, 170, 189, 93,
       253, 101, 172, 79, 199, 184, 68, 254, 182, 66, 211, 125, 153, 43,
       88, 212, 124, 106, 233, 229, 125, 28, 235, 139, 229, 20, 245, 251,
       84, 113, 95, 82, 206, 36, 42, 2, 94, 52, 169, 192, 130, 229, 95,
       111, 23, 218, 54, 229, 253, 230, 205, 5, 149, 72, 242, 162, 235,
       152, 46, 183, 43, 25, 146, 142, 239, 188, 186, 162, 189, 231, 182,
       151, 222, 179, 109, 239, 162, 75, 111, 255, 175, 148, 48, 223,
       167, 238, 248, 167, 254, 201, 165, 244, 165, 233, 57, 151, 115,
       105, 182, 91, 198, 245, 68, 96, 250, 226, 115, 28, 180, 160, 122,
       222, 14, 106, 221, 185, 101, 44, 186, 237, 36, 80, 109, 138, 248,
       45, 68, 112, 251, 229, 104, 108, 123, 158, 170, 204, 46, 5, 149,
       247, 201, 90, 23, 92, 125, 124, 3, 1, 178, 64, 197, 189, 39, 172,
       160, 243, 7, 241, 44, 176, 188, 211, 253, 253, 177, 200, 207, 61,
       181, 56, 142, 212, 74, 46, 137, 27, 234, 16, 22, 107, 250, 209,
       223, 209, 17, 127, 210, 11, 143, 167, 130, 166, 16, 147, 237, 249,
       184, 71, 191, 23, 49, 177, 172, 206, 110, 141, 171, 59, 203, 17,
       54, 108, 66, 211, 13, 18, 90, 107, 150, 76, 141, 206, 36, 103,
       105, 69, 112, 11, 235, 56, 61, 164, 126, 204, 211, 7, 149, 52, 62,
       220, 6, 106, 160, 176, 101, 78, 102, 188, 37, 4, 71, 179, 70, 176,
       103, 242, 132, 37, 137, 22, 70, 168, 3, 178, 138, 229, 192, 98,
       195, 222, 93, 196, 232, 247, 205, 64, 207, 128, 172, 54, 205, 182,
       234, 127, 26, 148, 129, 26, 151, 85, 53, 30, 32, 50, 252, 129, 98,
       84, 240, 50, 132, 239, 36, 110, 32, 76, 181, 252, 23, 108, 12, 58,
       82, 0, 74, 165, 123, 140, 186, 15, 98, 168, 253, 211, 222, 105,
       21, 68, 221, 171, 42, 204, 54, 4, 216, 169, 135, 165, 126, 43, 68,
       223, 114, 85, 137, 249, 119, 142, 214, 214, 172, 221, 162, 183,
       133, 109, 183, 134, 20, 38, 203, 19, 242, 253, 107, 74, 249, 250,
       51, 67, 120, 180, 88, 162, 229, 38, 207, 1, 131, 127, 212, 210,
       55, 190, 236, 61, 138, 19, 156, 190, 151, 246, 144, 231, 224, 104,
       151, 11, 207, 99, 235, 165, 236, 201, 79, 40, 8, 2, 223, 151, 253,
       244, 28, 221, 6, 200, 156, 147, 233, 212, 188, 166, 159, 149, 6,
       17, 236, 254, 111, 207, 135, 83, 187, 209, 54, 73, 155, 241, 47,
       51, 95, 207, 148, 85, 141, 143, 49, 143, 111, 254, 190, 129, 79,
       249, 215, 8, 221, 226, 115, 233, 184, 97, 126, 178, 62, 170, 249,
       43, 46, 159, 242, 235, 231, 152, 53, 234, 240, 41, 61, 105, 234,
       220, 196, 151, 207, 241, 214, 132, 244, 2, 83, 201, 247, 37, 88,
       248, 22, 234, 201, 243, 126, 136, 115, 137, 229, 40, 119, 250,
       116, 160, 16, 141, 46, 189, 148, 198, 121, 103, 180, 5, 202, 3,
       53, 175, 34, 64, 232, 187, 11, 128, 56, 153, 17, 95, 249, 231,
       154, 65, 48, 8, 181, 122, 189, 68, 83, 44, 86, 207, 98, 112, 117,
       192, 99, 70, 83, 209, 57, 177, 120, 232, 18, 238, 237, 182, 20,
       14, 55, 169, 33, 0, 107, 179, 98, 128, 111, 159, 56, 250, 253,
       221, 255, 241, 223, 127, 180, 47, 222, 253, 63, 244, 255, 147,
       223, 133, 255, 43, 122, 247, 255, 255, 174, 255, 222, 76, 45, 215,
       176, 4, 127, 125, 86, 75, 97, 120, 117, 166, 246, 18, 115, 35, 32,
       89, 122, 236, 38, 106, 120, 254, 33, 14, 213, 170, 113, 0, 97,
       168, 102, 224, 214, 184, 153, 184, 139, 245, 25, 207, 171, 245,
       128, 153, 143, 246, 74, 159, 199, 223, 253, 145, 58, 79, 251, 145,
       153, 209, 223, 127, 144, 4, 167, 118, 255, 36, 97, 77, 29, 23,
       203, 56, 69, 224, 141, 10, 217, 88, 157, 180, 88, 140, 88, 239,
       201, 39, 253, 223, 177, 92, 131, 60, 55, 174, 82, 100, 8, 157, 58,
       122, 177, 204, 55, 247, 238, 13, 108, 0, 188, 191, 32, 112, 165,
       123, 159, 72, 210, 41, 50, 119, 235, 253, 54, 74, 82, 64, 167,
       171, 57, 79, 111, 94, 84, 150, 239, 112, 245, 192, 254, 70, 115,
       225, 183, 112, 120, 236, 22, 238, 233, 187, 44, 63, 114, 239, 163,
       0, 127, 187, 112, 232, 161, 143, 225, 95, 244, 187, 239, 255, 93,
       75, 122, 246, 251, 104, 180, 164, 95, 106, 22, 44, 241, 184, 101,
       255, 44, 126, 180, 128, 95, 216, 208, 189, 10, 188, 178, 154, 211,
       253, 176, 71, 191, 79, 68, 17, 172, 158, 38, 204, 167, 59, 147,
       17, 22, 221, 50, 243, 15, 86, 26, 75, 146, 68, 173, 223, 146, 142,
       206, 190, 154, 162, 61, 239, 150, 134, 218, 247, 105, 231, 163,
       73, 127, 255, 175, 132, 120, 207, 38, 255, 248, 103, 254, 137,
       181, 244, 165, 249, 253, 117, 233, 228, 218, 70, 79, 216, 18, 236,
       188, 239, 81, 119, 219, 19, 127, 204, 21, 254, 233, 67, 253, 10,
       251, 137, 175, 188, 189, 243, 118, 241, 160, 106, 110, 205, 78, 3,
       233, 92, 70, 164, 94, 135, 81, 137, 182, 68, 120, 172, 51, 207,
       192, 246, 231, 144, 70, 41, 227, 129, 37, 154, 244, 232, 195, 160,
       238, 149, 46, 178, 185, 11, 254, 211, 7, 147, 221, 254, 210, 107,
       39, 39, 123, 157, 182, 204, 167, 193, 207, 43, 219, 197, 164, 228,
       53, 108, 82, 176, 188, 122, 139, 237, 25, 207, 171, 55, 132, 24,
       254, 222, 72, 122, 163, 211, 253, 145, 26, 79, 250, 113, 217, 146,
       95, 127, 128, 64, 167, 122, 131, 176, 189, 179, 176, 173, 185,
       151, 62, 123, 82, 116, 189, 190, 208, 105, 135, 11, 127, 29, 183,
       220, 51, 117, 205, 219, 126, 192, 136, 128, 129, 249, 156, 132,
       191, 246, 157, 103, 207, 238, 222, 178, 138, 26, 247, 105, 56, 35,
       153, 71, 121, 43, 120, 237, 11, 190, 249, 239, 207, 21, 197, 120,
       213, 34, 170, 170, 106, 154, 111, 241, 187, 202, 158, 6, 88, 179,
       168, 204, 119, 8, 203, 43, 131, 5, 6, 46, 46, 251, 70, 85, 154,
