%YAML:1.0
---
descriptors: !!opencv-matrix
   rows: 173
   cols: 32
   dt: u
   data: [ 217, 143, 70, 85, 180, 30, 108, 179, 127, 170, 118, 84, 203,
       34, 151, 247, 103, 236, 108, 236, 245, 252, 101, 222, 46, 251,
       231, 132, 47, 224, 72, 5, 199, 247, 245, 31, 250, 55, 175, 189,
       95, 250, 25, 254, 220, 108, 159, 167, 23, 71, 126, 111, 245, 96,
       239, 255, 46, 58, 109, 190, 223, 255, 129, 245, 55, 140, 106, 222,
       150, 131, 203, 243, 214, 64, 223, 194, 113, 234, 176, 96, 123,
       170, 31, 140, 187, 155, 44, 255, 122, 175, 174, 192, 189, 202,
       240, 168, 210, 18, 158, 180, 162, 34, 61, 1, 188, 158, 211, 183,
       205, 231, 43, 75, 230, 245, 237, 165, 32, 197, 131, 200, 208, 162,
       122, 131, 160, 96, 45, 83, 116, 81, 25, 238, 24, 79, 83, 104, 38,
       96, 233, 8, 215, 215, 9, 80, 216, 152, 74, 106, 73, 2, 90, 28,
       241, 129, 1, 60, 112, 35, 38, 50, 41, 104, 53, 93, 13, 207, 67,
       128, 119, 232, 228, 8, 178, 145, 5, 61, 216, 252, 120, 74, 9, 246,
       251, 61, 71, 217, 1, 48, 66, 57, 86, 170, 200, 120, 147, 248, 99,
       236, 17, 222, 187, 27, 96, 24, 190, 215, 105, 121, 151, 123, 125,
       16, 35, 71, 178, 99, 217, 209, 82, 10, 192, 81, 39, 59, 3, 139,
       199, 135, 50, 130, 175, 183, 172, 200, 90, 231, 245, 38, 146, 70,
       38, 103, 126, 204, 213, 152, 167, 109, 44, 38, 238, 128, 44, 166,
       33, 253, 104, 170, 146, 114, 217, 141, 98, 71, 187, 137, 104, 76,
       38, 227, 64, 148, 145, 42, 194, 16, 26, 59, 154, 51, 153, 212, 21,
       123, 202, 2, 202, 130, 89, 12, 28, 61, 160, 26, 68, 182, 244, 18,
       166, 88, 215, 35, 129, 219, 131, 230, 108, 42, 105, 229, 19, 44,
       192, 243, 118, 20, 42, 240, 74, 8, 222, 245, 227, 99, 179, 107,
       31, 240, 51, 254, 159, 185, 95, 127, 75, 55, 55, 213, 125, 243,
       249, 213, 189, 226, 251, 205, 109, 246, 167, 247, 135, 115, 86,
       112, 26, 186, 171, 201, 16, 72, 190, 20, 161, 57, 158, 214, 98,
       80, 246, 185, 239, 17, 94, 67, 138, 81, 209, 209, 11, 123, 16, 35,
       175, 19, 71, 54, 183, 71, 114, 110, 163, 144, 107, 249, 63, 108,
       92, 183, 205, 54, 167, 93, 86, 126, 145, 240, 185, 104, 45, 28,
       37, 166, 202, 243, 67, 241, 201, 142, 246, 93, 104, 59, 124, 59,
       127, 190, 118, 244, 139, 42, 150, 255, 151, 77, 110, 172, 244,
       252, 103, 83, 6, 251, 119, 132, 78, 228, 203, 69, 41, 40, 53, 89,
       77, 223, 192, 11, 207, 249, 232, 72, 138, 152, 84, 165, 200, 184,
       122, 8, 159, 122, 115, 145, 15, 88, 209, 59, 91, 12, 218, 164,
       199, 222, 15, 151, 162, 38, 175, 182, 60, 82, 66, 244, 245, 102,
       152, 99, 119, 71, 56, 175, 229, 212, 189, 111, 164, 34, 254, 192,
       12, 241, 33, 125, 44, 255, 184, 101, 245, 95, 86, 186, 43, 236,
       190, 77, 159, 61, 67, 18, 141, 220, 213, 110, 204, 120, 241, 40,
       239, 223, 37, 53, 74, 249, 78, 211, 211, 92, 71, 189, 2, 6, 110,
       182, 180, 194, 66, 215, 117, 6, 49, 195, 102, 229, 56, 239, 237,
       221, 21, 239, 160, 226, 206, 0, 45, 181, 57, 92, 60, 93, 122, 238,
       246, 203, 83, 250, 85, 9, 124, 34, 115, 253, 161, 112, 122, 250,
       134, 48, 122, 186, 104, 191, 243, 239, 37, 9, 243, 219, 100, 171,
       240, 170, 150, 184, 141, 169, 80, 199, 247, 181, 160, 25, 6, 176,
       96, 159, 201, 178, 238, 16, 62, 107, 194, 53, 153, 146, 87, 127,
       192, 72, 238, 14, 101, 90, 108, 13, 4, 122, 99, 24, 96, 206, 118,
       12, 195, 0, 147, 26, 16, 228, 108, 110, 141, 180, 181, 8, 198, 59,
       96, 5, 105, 255, 90, 116, 37, 177, 49, 75, 245, 223, 199, 105, 95,
       232, 113, 72, 210, 80, 156, 180, 152, 44, 70, 106, 89, 176, 121,
       28, 39, 156, 5, 116, 90, 42, 210, 164, 40, 175, 16, 73, 217, 159,
       66, 238, 119, 37, 104, 76, 162, 193, 12, 148, 152, 170, 194, 120,
       26, 186, 88, 63, 174, 212, 5, 113, 218, 10, 202, 138, 72, 184,
       148, 186, 169, 173, 16, 135, 174, 27, 128, 61, 174, 179, 96, 91,
       129, 51, 237, 0, 26, 79, 218, 113, 217, 243, 94, 123, 152, 64,
       171, 11, 216, 176, 190, 118, 168, 204, 85, 51, 243, 187, 164, 24,
       55, 243, 64, 27, 163, 246, 108, 0, 122, 111, 146, 33, 219, 235,
       117, 120, 104, 64, 198, 59, 46, 181, 232, 82, 217, 245, 223, 221,
       19, 253, 189, 159, 10, 253, 95, 60, 157, 219, 215, 151, 158, 114,
       250, 178, 123, 93, 149, 255, 247, 223, 222, 215, 199, 239, 229,
       93, 174, 55, 175, 190, 95, 250, 16, 214, 216, 108, 215, 239, 55,
       71, 123, 239, 245, 68, 191, 254, 44, 58, 79, 172, 31, 253, 209,
       245, 61, 219, 99, 71, 228, 91, 230, 245, 69, 234, 255, 110, 123,
       93, 188, 228, 126, 244, 182, 235, 201, 182, 109, 174, 54, 127,
       165, 134, 127, 190, 240, 125, 151, 204, 239, 151, 134, 114, 175,
       166, 124, 87, 95, 150, 249, 110, 159, 107, 99, 231, 59, 159, 181,
       212, 45, 234, 108, 47, 254, 128, 173, 243, 241, 124, 73, 191, 184,
       245, 180, 142, 125, 55, 41, 233, 126, 77, 191, 63, 2, 82, 134, 55,
       125, 8, 213, 216, 209, 8, 239, 255, 116, 129, 72, 192, 203, 91,
       199, 190, 207, 183, 162, 160, 47, 134, 190, 215, 75, 247, 253,
       102, 219, 75, 39, 103, 125, 151, 183, 220, 159, 227, 140, 54, 255,
       192, 172, 247, 161, 85, 200, 173, 156, 245, 168, 46, 117, 55, 186,
       159, 166, 25, 159, 51, 2, 91, 135, 166, 108, 12, 60, 200, 211, 2,
       207, 251, 116, 17, 168, 224, 138, 11, 172, 235, 152, 101, 253, 31,
       86, 186, 123, 188, 188, 13, 223, 121, 74, 144, 153, 204, 205, 110,
       108, 112, 217, 58, 239, 221, 37, 125, 202, 185, 202, 131, 211,
       249, 17, 162, 59, 205, 26, 172, 171, 120, 128, 205, 175, 150, 64,
       246, 134, 197, 253, 85, 79, 79, 218, 247, 185, 212, 15, 254, 8, 6,
       11, 95, 90, 169, 191, 248, 59, 193, 25, 206, 175, 21, 180, 169,
       172, 223, 98, 82, 238, 177, 239, 208, 26, 75, 162, 209, 219, 241,
       155, 251, 16, 0, 39, 123, 19, 149, 2, 168, 151, 167, 162, 239, 30,
       65, 202, 135, 244, 232, 40, 64, 253, 43, 10, 53, 147, 185, 29,
       255, 169, 20, 138, 66, 156, 74, 177, 28, 201, 12, 236, 127, 160,
       118, 127, 191, 116, 214, 78, 144, 249, 119, 147, 107, 119, 118,
       57, 174, 161, 208, 253, 47, 231, 235, 255, 4, 166, 241, 165, 120,
       65, 189, 187, 117, 52, 236, 113, 55, 232, 73, 106, 24, 182, 189,
       16, 112, 128, 55, 120, 9, 49, 184, 240, 111, 237, 188, 48, 80, 64,
       0, 199, 106, 61, 162, 184, 48, 173, 189, 65, 207, 235, 253, 188,
       13, 143, 200, 94, 24, 137, 130, 76, 29, 158, 107, 218, 19, 155,
       221, 21, 127, 210, 78, 218, 70, 88, 235, 210, 178, 33, 136, 88,
       69, 169, 21, 163, 137, 111, 203, 104, 146, 162, 179, 237, 68, 78,
       139, 130, 161, 210, 241, 16, 91, 98, 134, 143, 10, 217, 142, 156,
       52, 160, 90, 68, 55, 229, 30, 166, 28, 247, 35, 130, 123, 129,
       230, 236, 46, 124, 205, 103, 45, 210, 227, 116, 17, 96, 240, 206,
       72, 37, 166, 68, 69, 212, 11, 102, 171, 118, 162, 106, 192, 243,
       96, 129, 81, 121, 204, 98, 46, 104, 240, 77, 30, 44, 174, 103, 4,
       233, 248, 66, 160, 125, 56, 238, 37, 68, 122, 115, 80, 104, 196,
       111, 13, 83, 41, 19, 58, 34, 100, 228, 110, 132, 176, 181, 8, 87,
       105, 96, 1, 237, 239, 94, 82, 112, 33, 29, 101, 16, 78, 103, 32,
       100, 0, 235, 8, 215, 19, 0, 112, 144, 212, 104, 106, 72, 176, 209,
       12, 229, 173, 0, 20, 96, 163, 70, 34, 221, 23, 94, 47, 178, 58,
       127, 184, 53, 166, 127, 245, 79, 103, 139, 213, 54, 213, 140, 230,
       253, 148, 45, 46, 234, 227, 101, 132, 46, 247, 168, 81, 216, 199,
       110, 230, 164, 2, 79, 181, 165, 140, 215, 231, 115, 39, 186, 83,
       118, 228, 125, 238, 232, 145, 165, 45, 242, 235, 230, 128, 39,
       178, 244, 105, 240, 186, 151, 144, 137, 169, 0, 71, 191, 147, 162,
       125, 166, 162, 96, 223, 201, 162, 106, 16, 62, 111, 194, 113, 152,
       146, 86, 123, 200, 72, 3, 14, 207, 244, 189, 87, 141, 118, 220,
       159, 251, 251, 37, 28, 216, 124, 93, 191, 133, 86, 249, 62, 181,
       101, 251, 162, 47, 219, 85, 62, 194, 117, 218, 118, 201, 28, 214,
