%YAML:1.0
---
descriptors: !!opencv-matrix
   rows: 192
   cols: 32
   dt: u
   data: [ 19, 11, 239, 5, 162, 82, 175, 53, 100, 194, 94, 230, 113, 38,
       151, 102, 54, 103, 63, 239, 193, 216, 37, 108, 36, 46, 239, 128,
       173, 242, 177, 252, 65, 45, 173, 37, 168, 206, 109, 55, 172, 232,
       170, 13, 183, 61, 16, 50, 132, 38, 125, 13, 145, 184, 241, 14,
       237, 189, 36, 16, 72, 160, 195, 120, 65, 160, 189, 125, 28, 15,
       193, 56, 118, 241, 163, 8, 243, 249, 20, 98, 153, 196, 120, 108,
       137, 224, 251, 29, 207, 187, 81, 84, 200, 169, 64, 32, 44, 251,
       184, 97, 237, 15, 86, 154, 99, 253, 188, 77, 159, 61, 67, 154,
       157, 220, 253, 126, 142, 122, 217, 48, 239, 221, 37, 53, 202, 249,
       206, 211, 239, 91, 99, 206, 239, 22, 79, 248, 21, 234, 215, 239,
       72, 172, 191, 229, 94, 196, 183, 238, 233, 151, 101, 238, 50, 123,
       236, 154, 63, 191, 248, 117, 146, 30, 46, 188, 46, 160, 186, 98,
       157, 78, 210, 231, 172, 206, 55, 65, 238, 99, 191, 199, 228, 141,
       6, 255, 128, 114, 250, 139, 29, 13, 61, 223, 191, 207, 104, 46,
       87, 27, 206, 232, 85, 110, 125, 143, 107, 104, 183, 145, 58, 232,
       198, 239, 236, 178, 12, 191, 114, 77, 33, 181, 119, 191, 90, 196,
       205, 151, 86, 87, 244, 158, 110, 177, 253, 234, 127, 84, 219, 242,
       190, 247, 51, 230, 124, 110, 245, 244, 189, 78, 38, 255, 103, 132,
       42, 242, 201, 5, 218, 94, 159, 188, 42, 224, 62, 34, 172, 142,
       210, 179, 237, 191, 33, 195, 230, 117, 237, 195, 104, 205, 2, 234,
       209, 227, 106, 147, 32, 113, 37, 27, 61, 207, 106, 238, 84, 151,
       75, 240, 85, 64, 125, 198, 115, 233, 179, 112, 124, 234, 23, 238,
       169, 186, 60, 191, 122, 239, 161, 128, 191, 187, 112, 240, 248,
       172, 150, 184, 141, 233, 80, 231, 163, 181, 160, 25, 15, 185, 96,
       155, 233, 179, 236, 16, 62, 107, 194, 181, 155, 211, 85, 127, 243,
       76, 238, 10, 232, 160, 185, 113, 141, 233, 81, 7, 243, 55, 164,
       24, 182, 49, 72, 58, 129, 26, 104, 24, 58, 110, 242, 19, 207, 221,
       20, 123, 192, 64, 198, 42, 181, 77, 225, 71, 214, 91, 199, 120,
       87, 235, 255, 110, 83, 56, 156, 36, 121, 238, 118, 237, 233, 242,
       109, 190, 62, 238, 229, 208, 111, 187, 82, 228, 3, 204, 107, 95,
       86, 194, 235, 242, 86, 65, 126, 230, 112, 229, 180, 100, 127, 106,
       18, 206, 225, 188, 45, 255, 108, 46, 166, 128, 93, 187, 112, 253,
       108, 166, 152, 96, 237, 31, 82, 152, 123, 184, 188, 77, 223, 123,
       75, 146, 153, 196, 236, 126, 14, 98, 219, 16, 235, 223, 37, 125,
       202, 235, 74, 3, 133, 79, 81, 101, 244, 10, 111, 184, 124, 170,
       122, 96, 215, 99, 153, 112, 19, 204, 6, 106, 105, 176, 73, 46,
       228, 174, 37, 4, 104, 243, 194, 161, 45, 249, 33, 75, 221, 95,
       198, 185, 71, 224, 185, 76, 210, 88, 148, 164, 152, 200, 82, 110,
       219, 50, 121, 29, 47, 156, 5, 116, 91, 58, 218, 180, 71, 185, 149,
       147, 171, 204, 176, 142, 174, 249, 130, 229, 236, 246, 74, 78,
       199, 87, 232, 85, 23, 73, 219, 241, 140, 54, 95, 126, 136, 68,
       133, 95, 232, 188, 57, 250, 41, 237, 81, 11, 186, 31, 160, 24,
       183, 215, 64, 25, 129, 59, 109, 16, 58, 77, 242, 19, 217, 211, 83,
       121, 144, 64, 7, 58, 69, 76, 191, 119, 164, 78, 103, 176, 252,
       162, 162, 8, 215, 53, 17, 123, 129, 100, 121, 106, 104, 228, 249,
       42, 229, 187, 101, 16, 64, 251, 214, 98, 94, 177, 48, 136, 123,
       209, 144, 200, 207, 188, 149, 171, 14, 218, 237, 214, 106, 145,
       207, 209, 78, 3, 206, 208, 154, 80, 11, 255, 23, 6, 47, 135, 116,
       49, 153, 238, 24, 79, 83, 72, 34, 160, 237, 8, 215, 119, 9, 16,
       216, 216, 73, 106, 9, 3, 91, 24, 211, 205, 1, 60, 240, 51, 70, 50,
       18, 232, 163, 222, 213, 192, 239, 230, 21, 15, 82, 2, 48, 157, 49,
       100, 249, 251, 19, 203, 74, 191, 42, 235, 49, 62, 158, 129, 7, 31,
       180, 234, 45, 107, 217, 101, 244, 14, 111, 60, 120, 168, 126, 76,
       255, 115, 129, 48, 20, 108, 6, 110, 193, 240, 201, 44, 110, 253,
       37, 128, 74, 242, 194, 161, 247, 65, 106, 206, 207, 23, 222, 236,
       93, 162, 85, 138, 105, 236, 181, 228, 122, 232, 51, 238, 212, 55,
       62, 254, 55, 127, 141, 173, 55, 191, 248, 164, 147, 92, 239, 159,
       134, 98, 173, 102, 116, 71, 83, 150, 81, 44, 182, 107, 107, 199,
       59, 143, 181, 220, 53, 234, 4, 46, 250, 128, 173, 121, 177, 252,
       88, 32, 154, 168, 42, 73, 17, 72, 172, 4, 228, 41, 191, 215, 35,
       88, 230, 149, 239, 194, 8, 3, 194, 80, 209, 227, 106, 57, 16, 48,
       39, 131, 107, 151, 102, 12, 251, 178, 190, 246, 141, 196, 254,
       231, 72, 238, 175, 213, 126, 247, 183, 231, 244, 155, 44, 236, 58,
       120, 207, 202, 63, 247, 168, 221, 214, 247, 107, 96, 178, 75, 127,
       248, 49, 228, 191, 169, 91, 111, 219, 49, 55, 213, 93, 247, 232,
       209, 173, 126, 251, 143, 173, 245, 101, 247, 135, 115, 199, 238,
       133, 179, 162, 160, 60, 150, 190, 247, 11, 247, 237, 38, 75, 75,
       39, 103, 249, 151, 182, 220, 143, 226, 140, 102, 222, 194, 172,
       85, 161, 93, 205, 52, 209, 71, 96, 110, 99, 24, 121, 234, 127,
       120, 223, 119, 201, 190, 182, 92, 124, 58, 161, 244, 249, 74, 135,
       255, 97, 132, 202, 227, 67, 49, 89, 173, 156, 244, 168, 12, 116,
       55, 174, 155, 174, 9, 191, 51, 2, 83, 135, 167, 108, 8, 124, 73,
       211, 0, 251, 243, 118, 17, 40, 224, 139, 11, 213, 12, 239, 148, 2,
       102, 47, 34, 240, 194, 198, 146, 117, 102, 49, 107, 119, 228, 56,
       175, 161, 213, 53, 74, 209, 43, 203, 0, 165, 241, 49, 96, 92, 251,
       58, 118, 242, 142, 127, 240, 185, 172, 127, 173, 95, 199, 98, 16,
       182, 253, 205, 118, 208, 131, 136, 108, 250, 197, 37, 233, 72,
       179, 175, 147, 217, 134, 28, 52, 168, 62, 68, 55, 228, 30, 166,
       28, 215, 35, 130, 219, 131, 230, 236, 42, 125, 237, 131, 12, 194,
       243, 112, 17, 232, 224, 202, 1, 169, 105, 55, 103, 13, 79, 71,
       244, 101, 232, 230, 8, 243, 17, 21, 53, 216, 252, 106, 106, 73,
       178, 121, 57, 103, 217, 65, 16, 67, 187, 70, 168, 57, 168, 152,
       98, 141, 189, 82, 218, 75, 185, 172, 12, 142, 216, 78, 180, 153,
       202, 76, 28, 143, 43, 218, 179, 155, 221, 21, 62, 218, 78, 74, 14,
       101, 160, 168, 34, 173, 189, 66, 206, 235, 125, 172, 13, 134, 200,
       94, 156, 153, 130, 76, 29, 158, 107, 250, 49, 155, 221, 21, 127,
       216, 78, 218, 70, 207, 87, 101, 39, 42, 26, 47, 184, 41, 238, 151,
       228, 223, 70, 155, 255, 22, 213, 125, 110, 229, 84, 237, 74, 166,
       123, 111, 148, 46, 247, 3, 117, 112, 1, 25, 101, 48, 78, 67, 48,
       100, 128, 235, 8, 215, 23, 1, 112, 144, 244, 108, 106, 72, 176,
       209, 12, 229, 175, 32, 16, 96, 170, 70, 34, 237, 118, 149, 23,
       233, 126, 118, 152, 235, 254, 53, 125, 206, 119, 207, 159, 135,
       212, 228, 114, 165, 102, 234, 96, 134, 210, 101, 190, 202, 247,
       78, 215, 169, 148, 53, 125, 225, 79, 117, 115, 125, 90, 102, 24,
       94, 119, 0, 49, 149, 51, 118, 42, 113, 252, 51, 31, 239, 219, 112,
       0, 82, 224, 198, 243, 104, 108, 181, 117, 205, 237, 87, 134, 235,
       190, 110, 8, 178, 177, 69, 62, 137, 126, 96, 88, 8, 124, 242, 32,
       71, 222, 84, 59, 194, 121, 70, 170, 162, 248, 44, 90, 109, 197,
       211, 226, 223, 86, 164, 25, 50, 220, 103, 57, 201, 249, 243, 67,
       46, 111, 122, 55, 91, 27, 81, 59, 80, 25, 94, 222, 47, 181, 168,
       19, 253, 245, 151, 223, 83, 255, 125, 61, 64, 253, 222, 44, 157,
       74, 19, 30, 191, 122, 254, 178, 110, 95, 149, 239, 223, 223, 214,
       247, 152, 21, 55, 236, 155, 198, 95, 125, 149, 132, 207, 2, 92,
       247, 40, 85, 112, 179, 27, 168, 121, 131, 49, 207, 241, 238, 207,
       4, 50, 242, 165, 114, 100, 31, 158, 190, 232, 140, 23, 184, 138,
       142, 168, 72, 246, 243, 33, 82, 196, 119, 108, 74, 96, 67, 202,
       43, 241, 182, 103, 58, 144, 122, 3, 35, 45, 206, 107, 223, 84,
       151, 239, 242, 86, 68, 127, 198, 113, 233, 177, 96, 125, 234, 18,
       222, 227, 186, 108, 255, 102, 47, 166, 128, 119, 155, 112, 248,
