%YAML:1.0
---
descriptors: !!opencv-matrix
   rows: 282
   cols: 32
   dt: u
   data: [ 236, 102, 188, 117, 168, 46, 87, 186, 250, 190, 180, 25, 223,
       115, 11, 27, 183, 68, 109, 110, 172, 103, 163, 34, 195, 251, 101,
       21, 192, 241, 78, 99, 94, 105, 106, 232, 201, 80, 93, 223, 161,
       196, 140, 135, 41, 206, 127, 119, 118, 243, 157, 225, 206, 3, 182,
       193, 243, 241, 207, 143, 54, 244, 174, 94, 110, 181, 240, 233,
       253, 255, 122, 155, 111, 61, 255, 25, 203, 255, 94, 156, 219, 159,
       239, 56, 30, 114, 251, 215, 143, 255, 5, 87, 226, 207, 206, 71,
       185, 207, 79, 190, 158, 128, 79, 255, 212, 64, 216, 230, 113, 233,
       184, 97, 74, 194, 62, 207, 235, 171, 14, 191, 240, 235, 174, 200,
       61, 154, 240, 8, 107, 177, 173, 86, 253, 244, 185, 235, 203, 249,
       21, 10, 248, 252, 94, 167, 201, 87, 243, 141, 151, 107, 190, 229,
       31, 95, 223, 239, 199, 100, 255, 254, 63, 236, 226, 142, 209, 211,
       110, 252, 55, 225, 222, 135, 104, 238, 255, 244, 127, 239, 159,
       207, 134, 155, 172, 255, 58, 28, 143, 175, 183, 247, 122, 220,
       180, 196, 236, 95, 214, 63, 239, 252, 119, 166, 247, 154, 243,
       105, 30, 117, 121, 202, 6, 234, 184, 254, 127, 191, 111, 207, 215,
       37, 245, 251, 254, 228, 53, 23, 99, 72, 118, 51, 238, 120, 85,
       202, 249, 230, 83, 200, 189, 164, 126, 168, 22, 235, 237, 179, 44,
       158, 48, 76, 163, 136, 127, 175, 112, 181, 1, 142, 109, 249, 150,
       168, 105, 23, 124, 65, 94, 214, 179, 35, 184, 96, 99, 130, 31,
       156, 179, 184, 101, 247, 204, 239, 186, 192, 189, 200, 241, 40,
       246, 220, 158, 186, 169, 239, 22, 238, 191, 31, 160, 25, 78, 183,
       96, 219, 201, 215, 237, 16, 122, 79, 90, 50, 185, 215, 95, 127,
       208, 88, 175, 11, 181, 85, 239, 78, 236, 71, 207, 216, 86, 254,
       253, 70, 81, 124, 189, 39, 93, 192, 22, 251, 233, 99, 127, 58, 49,
       10, 229, 156, 245, 251, 240, 245, 190, 254, 194, 207, 51, 179,
       186, 216, 31, 230, 252, 167, 107, 206, 247, 148, 127, 233, 135,
       198, 175, 182, 124, 255, 186, 252, 139, 167, 127, 191, 47, 221,
       78, 165, 216, 193, 205, 125, 124, 143, 59, 183, 44, 24, 139, 35,
       94, 190, 35, 159, 226, 24, 22, 90, 243, 208, 31, 213, 21, 125,
       162, 192, 207, 142, 130, 200, 18, 155, 85, 213, 176, 199, 31, 21,
       64, 19, 172, 158, 38, 196, 201, 59, 131, 17, 38, 156, 82, 247, 45,
       54, 154, 75, 16, 28, 173, 206, 122, 177, 250, 232, 246, 93, 254,
       207, 63, 236, 252, 46, 43, 190, 247, 144, 254, 223, 247, 212, 207,
       58, 249, 210, 191, 205, 167, 173, 117, 234, 110, 217, 185, 176,
       158, 58, 169, 189, 80, 215, 227, 91, 165, 25, 63, 251, 74, 187,
       161, 163, 220, 20, 190, 111, 26, 51, 219, 219, 84, 121, 250, 196,
       202, 139, 118, 115, 216, 140, 27, 83, 22, 232, 131, 188, 172, 173,
       78, 231, 79, 214, 82, 213, 236, 227, 76, 67, 203, 159, 186, 117,
       13, 191, 50, 54, 47, 95, 38, 44, 146, 154, 85, 183, 178, 72, 94,
       0, 121, 11, 32, 216, 125, 132, 217, 43, 130, 17, 6, 182, 90, 255,
       53, 28, 139, 43, 85, 47, 125, 134, 122, 103, 64, 167, 21, 11, 66,
       40, 53, 172, 203, 233, 107, 3, 10, 212, 120, 204, 205, 98, 76,
       146, 201, 142, 244, 244, 129, 145, 34, 190, 94, 2, 238, 189, 252,
       243, 237, 123, 223, 191, 59, 247, 63, 155, 79, 189, 86, 59, 143,
       223, 253, 83, 244, 125, 249, 226, 239, 223, 85, 247, 199, 253,
       223, 215, 219, 244, 252, 119, 163, 62, 127, 151, 51, 215, 239,
       149, 239, 47, 14, 250, 39, 215, 253, 142, 244, 205, 253, 226, 251,
       255, 86, 145, 162, 245, 173, 121, 219, 225, 6, 136, 61, 212, 94,
       236, 175, 84, 244, 35, 14, 222, 46, 213, 236, 249, 223, 231, 78,
       11, 178, 245, 187, 240, 142, 127, 22, 30, 189, 70, 84, 185, 185,
       164, 138, 98, 23, 239, 34, 229, 136, 175, 87, 119, 75, 18, 55,
       215, 109, 163, 88, 11, 233, 17, 249, 199, 239, 189, 164, 114, 167,
       123, 130, 204, 62, 158, 93, 197, 185, 239, 159, 23, 208, 19, 172,
       223, 34, 65, 205, 59, 187, 1, 98, 13, 82, 247, 189, 50, 158, 75,
       16, 24, 165, 218, 101, 113, 249, 99, 236, 47, 207, 152, 75, 232,
       191, 76, 211, 121, 221, 60, 221, 196, 118, 126, 137, 50, 249, 176,
       239, 220, 165, 116, 218, 251, 82, 33, 172, 237, 246, 95, 189, 31,
       246, 253, 87, 186, 246, 16, 115, 249, 28, 39, 89, 78, 102, 90,
       248, 254, 251, 178, 111, 255, 197, 80, 203, 250, 250, 166, 173,
       21, 117, 69, 165, 63, 237, 57, 101, 250, 127, 64, 219, 60, 157,
       175, 12, 20, 118, 42, 161, 244, 117, 140, 7, 219, 97, 4, 107, 255,
       64, 181, 57, 69, 237, 231, 28, 75, 206, 60, 84, 227, 155, 74, 83,
       57, 24, 162, 121, 228, 125, 237, 185, 243, 77, 46, 252, 175, 229,
       84, 229, 187, 82, 32, 121, 247, 232, 103, 82, 6, 79, 58, 48, 170,
       254, 206, 241, 103, 152, 50, 94, 252, 85, 238, 233, 218, 253, 14,
       252, 173, 175, 176, 47, 243, 66, 177, 189, 245, 109, 229, 158, 87,
       222, 248, 64, 230, 189, 14, 83, 124, 159, 35, 93, 196, 124, 239,
       237, 227, 125, 142, 250, 203, 239, 53, 109, 250, 120, 244, 126,
       249, 58, 174, 189, 213, 150, 229, 143, 140, 188, 11, 108, 223, 38,
       64, 220, 249, 219, 67, 94, 43, 250, 253, 251, 245, 143, 123, 83,
       62, 191, 211, 44, 148, 252, 69, 244, 79, 255, 251, 116, 238, 118,
       38, 81, 117, 155, 32, 127, 220, 119, 42, 224, 240, 125, 78, 111,
       175, 229, 132, 231, 232, 116, 241, 1, 40, 95, 177, 6, 138, 104,
       82, 236, 160, 99, 66, 157, 131, 32, 72, 98, 45, 110, 24, 0, 213,
       5, 192, 212, 160, 50, 0, 32, 128, 1, 160, 149, 114, 251, 99, 50,
       11, 171, 216, 62, 224, 115, 230, 213, 7, 201, 0, 54, 93, 71, 126,
       131, 180, 141, 10, 204, 141, 39, 228, 237, 163, 3, 177, 108, 188,
       240, 65, 245, 253, 250, 218, 127, 173, 254, 9, 139, 189, 86, 176,
       255, 222, 231, 16, 158, 58, 251, 246, 31, 221, 5, 111, 231, 237,
       110, 215, 42, 170, 164, 51, 173, 169, 169, 199, 251, 55, 0, 153,
       175, 232, 94, 13, 139, 107, 195, 21, 54, 120, 206, 181, 204, 82,
       95, 115, 214, 204, 215, 206, 1, 159, 63, 248, 176, 165, 185, 119,
       252, 25, 88, 116, 188, 187, 160, 97, 231, 51, 23, 28, 179, 9, 34,
       215, 233, 220, 58, 202, 152, 0, 161, 169, 53, 87, 229, 206, 172,
       71, 207, 253, 86, 234, 152, 66, 83, 124, 253, 99, 93, 198, 54,
       239, 233, 99, 109, 58, 56, 14, 231, 188, 125, 251, 240, 241, 220,
       188, 158, 190, 137, 253, 20, 239, 190, 191, 168, 25, 238, 247,
       107, 219, 229, 247, 239, 18, 62, 79, 138, 51, 249, 247, 95, 127,
       144, 113, 175, 75, 71, 168, 216, 83, 226, 189, 176, 139, 251, 147,
       37, 24, 172, 200, 206, 59, 135, 107, 98, 29, 182, 124, 142, 113,
       14, 27, 85, 111, 200, 192, 203, 133, 254, 150, 118, 190, 175, 123,
       22, 106, 189, 198, 255, 191, 79, 126, 46, 221, 255, 247, 253, 35,
       252, 229, 29, 255, 179, 246, 67, 151, 55, 237, 173, 87, 244, 61,
       190, 240, 204, 111, 255, 207, 187, 191, 184, 59, 86, 255, 71, 11,
       237, 223, 127, 147, 56, 127, 219, 226, 251, 159, 127, 255, 193,
       121, 199, 211, 108, 62, 188, 117, 172, 111, 85, 154, 99, 255, 182,
       9, 159, 63, 67, 27, 133, 212, 237, 28, 24, 105, 243, 0, 203, 219,
       117, 53, 194, 248, 206, 115, 131, 151, 109, 199, 116, 51, 239,
       190, 84, 107, 94, 230, 241, 44, 190, 101, 127, 138, 23, 173, 227,
       184, 101, 255, 100, 14, 250, 196, 125, 200, 113, 253, 195, 94,
       143, 190, 60, 164, 75, 190, 20, 202, 218, 231, 245, 247, 177, 112,
       213, 102, 61, 205, 171, 203, 195, 239, 224, 191, 190, 128, 156,
       208, 112, 57, 179, 76, 239, 21, 36, 250, 188, 162, 124, 226, 82,
       147, 177, 44, 151, 43, 109, 102, 113, 77, 164, 252, 101, 46, 110,
       46, 255, 129, 197, 253, 82, 212, 102, 188, 252, 119, 252, 223,
       247, 249, 251, 254, 180, 41, 239, 253, 223, 55, 183, 119, 253, 23,
       182, 115, 250, 191, 255, 95, 69, 183, 199, 254, 94, 247, 73, 179,
       252, 126, 41, 220, 89, 184, 175, 220, 180, 172, 255, 215, 202,
