%YAML:1.0
---
descriptors: !!opencv-matrix
   rows: 251
   cols: 32
   dt: u
   data: [ 4, 173, 27, 251, 242, 201, 115, 198, 30, 1, 108, 48, 150, 247,
       104, 96, 123, 122, 3, 80, 51, 152, 40, 55, 237, 132, 6, 103, 176,
       27, 133, 162, 201, 252, 189, 117, 188, 110, 117, 63, 82, 235, 94,
       16, 243, 61, 208, 107, 21, 118, 125, 8, 233, 252, 241, 43, 111,
       239, 245, 0, 230, 248, 212, 105, 46, 170, 250, 178, 250, 129, 187,
       200, 158, 133, 124, 171, 172, 238, 107, 0, 255, 123, 131, 209, 86,
       91, 138, 242, 252, 197, 47, 239, 212, 122, 47, 139, 122, 54, 106,
       64, 103, 25, 250, 82, 113, 46, 254, 175, 11, 141, 151, 176, 254,
       156, 215, 133, 206, 182, 229, 194, 54, 125, 32, 171, 103, 222,
       126, 223, 214, 252, 154, 178, 155, 229, 30, 238, 191, 191, 136,
       57, 236, 222, 78, 19, 165, 223, 253, 147, 110, 79, 154, 247, 185,
       214, 223, 255, 128, 85, 167, 95, 128, 0, 191, 117, 164, 110, 101,
       51, 124, 179, 98, 80, 247, 113, 16, 123, 129, 118, 121, 42, 48,
       248, 83, 12, 197, 171, 119, 0, 192, 248, 197, 34, 14, 206, 172,
       183, 140, 239, 111, 167, 158, 255, 6, 17, 212, 111, 90, 75, 197,
       103, 49, 31, 180, 216, 91, 162, 239, 151, 255, 229, 128, 121, 149,
       202, 9, 177, 156, 32, 209, 141, 82, 31, 171, 73, 168, 77, 190, 58,
       2, 16, 132, 131, 93, 21, 159, 11, 16, 23, 233, 213, 30, 66, 8, 4,
       139, 95, 19, 18, 167, 157, 71, 54, 172, 71, 204, 210, 218, 199,
       72, 234, 191, 235, 252, 37, 187, 165, 149, 209, 53, 200, 148, 34,
       218, 130, 141, 124, 57, 220, 194, 252, 149, 17, 171, 252, 188,
       135, 187, 255, 162, 221, 140, 174, 70, 223, 135, 103, 233, 21, 55,
       77, 211, 243, 175, 54, 95, 255, 136, 84, 131, 95, 167, 89, 109,
       30, 109, 213, 215, 120, 143, 124, 244, 15, 114, 92, 39, 51, 204,
       240, 247, 102, 207, 35, 122, 189, 55, 24, 65, 59, 89, 63, 86, 215,
       62, 114, 243, 209, 199, 119, 177, 93, 87, 253, 242, 242, 24, 220,
       238, 237, 253, 157, 166, 145, 207, 246, 231, 192, 31, 0, 247, 238,
       227, 28, 180, 247, 107, 112, 209, 238, 109, 60, 252, 92, 171, 187,
       125, 92, 88, 251, 221, 190, 222, 221, 55, 8, 129, 114, 218, 192,
       23, 221, 112, 174, 203, 250, 74, 129, 82, 145, 25, 248, 155, 229,
       17, 143, 175, 17, 137, 33, 172, 222, 104, 104, 231, 19, 249, 145,
       19, 9, 59, 209, 217, 213, 30, 127, 144, 2, 165, 82, 210, 191, 148,
       186, 155, 165, 18, 206, 191, 31, 169, 61, 174, 234, 100, 220, 129,
       251, 236, 17, 62, 79, 138, 247, 153, 214, 30, 123, 208, 69, 175,
       15, 161, 110, 125, 69, 100, 31, 229, 114, 88, 250, 126, 88, 211,
       56, 149, 47, 24, 116, 70, 42, 225, 244, 101, 12, 39, 219, 101,
       148, 69, 248, 86, 165, 67, 181, 139, 165, 165, 28, 236, 55, 170,
       249, 30, 77, 254, 188, 90, 231, 133, 79, 125, 61, 151, 200, 243,
       196, 169, 121, 175, 248, 140, 12, 155, 93, 219, 22, 135, 181, 139,
       52, 24, 3, 187, 211, 131, 215, 204, 170, 72, 207, 167, 71, 249,
       149, 181, 77, 151, 194, 152, 114, 223, 154, 142, 100, 161, 85,
       215, 76, 199, 190, 2, 102, 15, 162, 184, 194, 195, 134, 117, 102,
       51, 107, 103, 229, 57, 239, 237, 213, 63, 238, 145, 42, 202, 0,
       45, 245, 49, 116, 6, 81, 150, 139, 238, 131, 190, 204, 174, 154,
       251, 35, 204, 234, 41, 73, 254, 121, 235, 231, 80, 145, 10, 240,
       52, 48, 207, 138, 149, 123, 161, 147, 198, 237, 83, 162, 254, 45,
       255, 248, 253, 58, 187, 10, 157, 155, 121, 81, 111, 195, 95, 251,
       98, 39, 152, 231, 253, 156, 174, 252, 69, 91, 163, 169, 248, 189,
       245, 80, 171, 249, 85, 87, 227, 191, 164, 56, 42, 181, 64, 191, 3,
       182, 236, 24, 58, 111, 226, 16, 219, 218, 85, 123, 227, 192, 198,
       107, 201, 184, 181, 88, 233, 253, 176, 199, 235, 123, 36, 24, 190,
       188, 70, 191, 129, 51, 250, 16, 151, 111, 250, 241, 31, 217, 84,
       107, 202, 68, 207, 190, 87, 233, 97, 196, 190, 21, 175, 253, 203,
       224, 152, 206, 249, 236, 253, 164, 54, 197, 127, 239, 215, 1, 191,
       253, 56, 24, 143, 252, 31, 182, 209, 116, 71, 252, 149, 144, 169,
       237, 21, 143, 187, 255, 130, 153, 254, 246, 73, 111, 135, 119,
       232, 17, 55, 77, 250, 243, 185, 22, 95, 122, 144, 117, 135, 125,
       10, 142, 18, 187, 213, 167, 186, 231, 30, 13, 89, 23, 172, 235,
       34, 192, 221, 43, 131, 149, 54, 152, 88, 255, 239, 247, 154, 67,
       144, 78, 185, 138, 124, 33, 250, 102, 188, 76, 119, 81, 233, 141,
       191, 8, 87, 243, 67, 50, 160, 246, 108, 88, 24, 97, 186, 0, 251,
       253, 37, 25, 226, 226, 198, 34, 53, 164, 70, 69, 212, 27, 231,
       235, 125, 166, 126, 10, 195, 96, 159, 52, 121, 206, 34, 174, 120,
       178, 109, 78, 60, 174, 5, 4, 101, 250, 82, 164, 10, 170, 176, 155,
       251, 241, 176, 207, 190, 29, 212, 177, 172, 238, 110, 204, 207,
       27, 235, 145, 54, 75, 226, 243, 15, 87, 30, 235, 146, 4, 175, 207,
       217, 184, 158, 244, 168, 172, 93, 23, 187, 155, 166, 25, 191, 179,
       66, 90, 167, 182, 108, 24, 58, 79, 147, 1, 219, 251, 116, 25, 202,
       192, 138, 11, 23, 9, 239, 135, 150, 82, 173, 68, 100, 213, 215,
       130, 81, 60, 182, 111, 104, 198, 59, 221, 157, 249, 53, 232, 29,
       47, 222, 128, 165, 127, 253, 124, 189, 31, 233, 237, 182, 59, 207,
       254, 85, 234, 254, 254, 115, 104, 148, 224, 127, 238, 118, 237,
       185, 254, 109, 174, 62, 239, 165, 212, 237, 184, 208, 253, 206,
       191, 147, 158, 253, 253, 190, 231, 138, 218, 25, 125, 172, 254,
       233, 199, 239, 123, 211, 7, 119, 79, 138, 243, 45, 84, 79, 171,
       154, 126, 171, 143, 87, 251, 135, 163, 18, 6, 42, 148, 174, 229,
       138, 199, 141, 6, 82, 194, 38, 197, 121, 213, 149, 153, 149, 224,
       156, 100, 142, 192, 172, 135, 169, 92, 86, 190, 149, 154, 185,
       229, 22, 206, 191, 31, 161, 253, 174, 230, 110, 92, 197, 251, 232,
       87, 55, 79, 218, 243, 152, 22, 95, 123, 152, 69, 167, 95, 195,
       164, 167, 149, 139, 100, 169, 7, 186, 243, 139, 144, 140, 182, 94,
       111, 167, 87, 121, 157, 183, 77, 183, 195, 141, 54, 223, 90, 140,
       68, 129, 116, 33, 199, 115, 89, 244, 157, 239, 245, 125, 73, 120,
       68, 184, 65, 188, 164, 94, 42, 6, 124, 211, 184, 116, 223, 44, 28,
       38, 64, 95, 138, 194, 173, 120, 61, 232, 180, 141, 108, 93, 23,
       162, 246, 142, 143, 183, 173, 83, 18, 207, 255, 253, 5, 204, 107,
       211, 162, 219, 225, 253, 57, 229, 252, 94, 90, 175, 134, 68, 139,
       252, 55, 206, 187, 22, 87, 221, 247, 201, 98, 158, 196, 93, 202,
       179, 175, 190, 94, 111, 247, 110, 111, 235, 204, 191, 239, 248,
       212, 216, 30, 253, 119, 172, 106, 71, 186, 249, 190, 191, 188,
       251, 117, 205, 127, 7, 86, 108, 42, 249, 225, 235, 34, 199, 251,
       117, 16, 198, 249, 199, 113, 76, 117, 61, 103, 48, 78, 127, 56,
       56, 168, 127, 108, 222, 119, 129, 48, 150, 93, 93, 106, 193, 176,
       249, 76, 231, 249, 33, 128, 72, 179, 3, 51, 73, 65, 209, 69, 101,
       30, 102, 56, 121, 168, 118, 0, 202, 35, 157, 246, 80, 196, 108,
       106, 65, 240, 225, 204, 39, 250, 64, 4, 98, 178, 72, 36, 47, 96,
       112, 69, 101, 31, 234, 0, 105, 224, 126, 76, 202, 8, 151, 180,
       150, 197, 118, 110, 133, 240, 165, 204, 6, 88, 3, 134, 78, 166,
       75, 69, 124, 104, 233, 229, 140, 122, 71, 156, 67, 178, 190, 8,
       211, 125, 209, 126, 89, 204, 125, 251, 9, 114, 237, 130, 251, 255,
       229, 61, 231, 251, 86, 96, 216, 92, 189, 247, 46, 78, 181, 63, 52,
       186, 151, 114, 255, 55, 128, 107, 103, 87, 125, 42, 233, 229, 203,
       41, 229, 171, 127, 16, 11, 248, 129, 59, 94, 233, 182, 190, 171,
       209, 22, 230, 255, 223, 212, 41, 110, 250, 47, 223, 179, 235, 255,
       99, 126, 75, 42, 253, 186, 215, 95, 187, 144, 119, 175, 79, 28,
       176, 28, 113, 133, 207, 112, 203, 118, 177, 38, 24, 83, 145, 72,
       9, 57, 12, 106, 24, 26, 120, 25, 20, 223, 203, 53, 101, 248, 8,
       200, 130, 55, 119, 183, 207, 253, 23, 158, 248, 31, 232, 217, 239,
       72, 189, 189, 4, 222, 221, 247, 231, 237, 179, 65, 254, 62, 126,
