%YAML:1.0
---
descriptors: !!opencv-matrix
   rows: 168
   cols: 32
   dt: u
   data: [ 84, 112, 91, 105, 106, 79, 115, 88, 37, 40, 230, 40, 159, 151,
       137, 112, 114, 156, 110, 106, 9, 145, 241, 72, 215, 253, 34, 6,
       34, 179, 38, 51, 118, 137, 183, 222, 203, 82, 158, 229, 191, 53,
       231, 27, 72, 190, 44, 95, 233, 215, 251, 210, 112, 75, 187, 224,
       59, 58, 222, 91, 147, 118, 229, 110, 236, 166, 188, 113, 168, 109,
       119, 154, 115, 255, 182, 25, 223, 99, 74, 27, 149, 198, 109, 62,
       50, 100, 227, 34, 207, 251, 101, 21, 194, 241, 206, 195, 166, 229,
       148, 156, 221, 7, 190, 236, 159, 178, 137, 11, 236, 248, 109, 135,
       217, 95, 195, 99, 96, 115, 154, 223, 61, 22, 207, 63, 144, 127,
       149, 134, 216, 182, 188, 32, 138, 109, 17, 31, 179, 183, 165, 153,
       15, 175, 74, 27, 167, 151, 237, 16, 54, 125, 187, 18, 219, 199,
       85, 117, 224, 193, 135, 83, 1, 143, 111, 249, 180, 168, 109, 55,
       116, 81, 94, 246, 179, 33, 176, 97, 99, 162, 62, 140, 187, 184,
       101, 183, 238, 239, 178, 192, 61, 200, 208, 41, 1, 143, 127, 249,
       180, 169, 233, 183, 253, 17, 126, 244, 191, 43, 176, 97, 103, 34,
       6, 28, 179, 184, 36, 213, 238, 223, 50, 192, 220, 136, 193, 41,
       191, 253, 241, 115, 167, 127, 118, 182, 123, 250, 62, 30, 78, 61,
       93, 175, 167, 223, 253, 94, 249, 244, 249, 226, 63, 222, 85, 246,
       231, 254, 214, 119, 31, 193, 230, 179, 227, 51, 190, 207, 63, 115,
       82, 151, 12, 174, 127, 237, 247, 207, 183, 151, 150, 216, 13, 240,
       190, 94, 222, 198, 191, 85, 177, 220, 181, 213, 236, 166, 158, 23,
       223, 248, 83, 234, 157, 143, 83, 124, 155, 35, 125, 196, 93, 239,
       237, 227, 109, 174, 248, 15, 237, 149, 237, 251, 88, 81, 72, 168,
       185, 125, 173, 253, 117, 55, 86, 167, 110, 24, 187, 185, 80, 104,
       145, 62, 249, 24, 154, 248, 243, 3, 79, 239, 117, 89, 194, 200,
       212, 42, 181, 132, 205, 251, 156, 35, 203, 250, 214, 249, 219,
       210, 211, 99, 184, 96, 89, 202, 63, 188, 187, 235, 111, 190, 184,
       206, 175, 212, 181, 233, 240, 32, 244, 119, 249, 102, 234, 70,
       207, 249, 18, 238, 189, 238, 81, 103, 205, 55, 127, 221, 21, 254,
       233, 67, 189, 74, 121, 136, 175, 172, 37, 243, 167, 241, 200, 188,
       190, 250, 75, 241, 48, 70, 190, 23, 102, 49, 173, 255, 98, 91,
       227, 51, 251, 144, 54, 77, 146, 243, 95, 247, 82, 75, 146, 68, 45,
       219, 3, 214, 109, 75, 116, 189, 171, 190, 94, 105, 92, 230, 241,
       108, 190, 36, 63, 10, 23, 172, 163, 60, 109, 127, 110, 14, 186,
       228, 93, 154, 81, 253, 214, 252, 150, 158, 139, 244, 150, 228,
       191, 147, 168, 19, 108, 254, 97, 66, 231, 251, 251, 210, 98, 79,
       154, 243, 187, 182, 95, 59, 146, 87, 167, 159, 42, 232, 236, 155,
       237, 217, 176, 206, 143, 117, 212, 187, 168, 236, 118, 206, 203,
       251, 251, 81, 6, 107, 238, 241, 15, 87, 222, 251, 215, 28, 221,
       222, 165, 20, 127, 101, 100, 46, 107, 16, 116, 202, 119, 64, 83,
       119, 153, 121, 62, 252, 86, 106, 169, 180, 117, 10, 71, 171, 97,
       132, 109, 243, 98, 177, 94, 182, 149, 178, 171, 189, 20, 205, 187,
       243, 137, 253, 78, 230, 72, 158, 151, 87, 232, 22, 55, 67, 154,
       243, 152, 214, 93, 127, 154, 71, 139, 31, 215, 255, 254, 255, 174,
       55, 222, 191, 31, 250, 127, 247, 205, 239, 222, 162, 183, 255,
       245, 199, 245, 252, 175, 234, 170, 255, 175, 183, 47, 247, 205,
       93, 162, 223, 99, 76, 83, 228, 43, 214, 51, 5, 108, 210, 56, 167,
       164, 84, 124, 250, 19, 136, 226, 154, 160, 255, 53, 60, 130, 136,
       51, 210, 38, 249, 189, 224, 205, 255, 188, 43, 74, 152, 87, 177,
       211, 210, 211, 73, 217, 107, 89, 196, 126, 248, 43, 244, 79, 190,
       220, 207, 255, 244, 181, 169, 80, 32, 183, 117, 214, 214, 237, 63,
       246, 204, 251, 186, 189, 58, 78, 248, 223, 191, 187, 207, 246, 51,
       125, 231, 138, 234, 186, 94, 85, 191, 207, 127, 234, 135, 33, 51,
       255, 69, 100, 31, 231, 48, 104, 174, 126, 76, 211, 56, 213, 35,
       156, 92, 70, 106, 225, 240, 241, 10, 111, 159, 101, 48, 200, 250,
       86, 161, 120, 172, 188, 122, 139, 237, 84, 143, 171, 23, 172, 25,
       175, 247, 66, 18, 131, 83, 233, 16, 58, 75, 218, 51, 251, 215, 84,
       123, 242, 80, 143, 10, 208, 112, 189, 126, 8, 100, 77, 24, 160,
       218, 167, 24, 243, 119, 9, 123, 68, 213, 125, 234, 105, 71, 251,
       1, 209, 235, 112, 24, 32, 243, 38, 122, 196, 52, 189, 243, 136,
       100, 113, 27, 186, 255, 39, 28, 222, 119, 73, 59, 133, 23, 125,
       152, 51, 69, 187, 66, 207, 219, 119, 102, 136, 97, 135, 115, 232,
       41, 190, 115, 141, 253, 84, 7, 219, 183, 167, 24, 170, 185, 74,
       155, 201, 118, 232, 24, 58, 109, 210, 162, 207, 219, 84, 115, 194,
       88, 220, 10, 94, 152, 245, 119, 241, 94, 127, 184, 51, 254, 247,
       160, 91, 127, 159, 255, 119, 212, 253, 250, 249, 208, 237, 160,
       127, 255, 247, 135, 166, 247, 230, 119, 237, 99, 60, 103, 48, 14,
       127, 184, 57, 172, 119, 69, 215, 99, 139, 17, 150, 68, 69, 110,
       224, 176, 233, 14, 231, 251, 37, 132, 72, 179, 66, 241, 245, 101,
       237, 70, 250, 6, 79, 248, 18, 162, 189, 226, 81, 103, 217, 55,
       127, 220, 21, 238, 233, 67, 237, 106, 120, 138, 239, 188, 45, 243,
       98, 176, 117, 197, 233, 230, 252, 7, 79, 248, 16, 234, 159, 235,
       115, 117, 153, 114, 93, 196, 125, 239, 232, 243, 205, 46, 249,
       175, 229, 180, 37, 251, 112, 32, 17, 92, 127, 77, 54, 143, 175,
       246, 236, 0, 126, 2, 253, 17, 181, 100, 54, 120, 6, 106, 193, 184,
       48, 109, 101, 175, 34, 0, 101, 146, 97, 169, 218, 165, 176, 248,
       153, 245, 21, 239, 183, 23, 140, 153, 174, 183, 98, 84, 193, 27,
       233, 144, 58, 75, 242, 215, 251, 215, 30, 123, 146, 68, 175, 110,
       249, 149, 126, 105, 52, 222, 123, 53, 101, 108, 254, 0, 91, 63,
       146, 113, 118, 182, 92, 104, 249, 184, 49, 29, 251, 233, 36, 64,
       107, 130, 236, 123, 101, 123, 216, 103, 104, 47, 83, 216, 99, 172,
       169, 13, 83, 123, 75, 18, 148, 204, 100, 126, 140, 50, 249, 40,
       207, 140, 37, 52, 232, 243, 66, 131, 8, 172, 186, 91, 245, 252,
       115, 83, 126, 5, 108, 0, 190, 189, 96, 112, 177, 58, 147, 24, 18,
       184, 178, 115, 223, 173, 18, 105, 194, 74, 199, 170, 96, 172, 185,
       85, 205, 237, 225, 7, 83, 163, 110, 24, 178, 177, 84, 44, 89, 254,
       50, 24, 26, 126, 242, 147, 79, 190, 21, 105, 194, 72, 212, 42, 2,
       170, 190, 185, 169, 189, 57, 199, 190, 31, 68, 21, 172, 166, 98,
       73, 229, 59, 235, 16, 50, 89, 34, 241, 205, 119, 94, 235, 144, 4,
       133, 235, 171, 235, 246, 26, 109, 157, 184, 238, 239, 61, 180, 29,
       172, 200, 246, 150, 175, 99, 230, 85, 198, 111, 238, 241, 30, 88,
       87, 235, 82, 12, 203, 205, 218, 210, 120, 189, 42, 0, 63, 223,
       173, 31, 212, 243, 173, 207, 170, 83, 102, 19, 207, 194, 226, 5,
       199, 241, 246, 225, 58, 187, 54, 148, 167, 249, 129, 159, 31, 248,
       188, 133, 125, 119, 252, 89, 122, 116, 180, 187, 160, 97, 167, 51,
       62, 12, 243, 41, 2, 119, 233, 186, 118, 200, 24, 128, 161, 57,
       222, 48, 189, 119, 136, 110, 25, 24, 186, 250, 167, 124, 222, 119,
       73, 59, 133, 85, 125, 58, 169, 69, 251, 0, 203, 251, 117, 182,
       128, 241, 7, 115, 116, 100, 148, 36, 40, 15, 70, 40, 43, 162, 162,
       9, 199, 35, 1, 19, 144, 197, 108, 99, 104, 99, 203, 28, 177, 242,
       69, 58, 64, 115, 3, 2, 165, 103, 88, 69, 116, 15, 239, 248, 124,
       170, 125, 100, 83, 97, 141, 52, 62, 220, 6, 106, 224, 176, 77, 78,
       102, 142, 37, 4, 107, 243, 66, 161, 67, 113, 49, 35, 53, 94, 115,
       16, 105, 72, 111, 76, 222, 28, 22, 52, 148, 5, 92, 111, 197, 176,
       49, 140, 165, 124, 0, 2, 72, 6, 19, 87, 233, 48, 124, 69, 47, 127,
       209, 27, 107, 252, 244, 45, 159, 157, 215, 182, 150, 156, 253, 60,
       135, 36, 247, 153, 199, 217, 33, 191, 111, 140, 94, 247, 201, 52,
       125, 69, 41, 127, 121, 27, 239, 236, 127, 188, 159, 151, 194, 246,
       54, 157, 254, 168, 161, 20, 241, 218, 199, 217, 35, 189, 42, 132,
