%YAML:1.0
---
descriptors: !!opencv-matrix
   rows: 267
   cols: 32
   dt: u
   data: [ 26, 188, 107, 189, 117, 208, 249, 103, 61, 65, 94, 179, 185,
       191, 116, 96, 234, 191, 151, 129, 114, 158, 241, 199, 239, 245,
       154, 195, 5, 4, 183, 250, 229, 44, 229, 197, 172, 46, 235, 186,
       86, 251, 146, 92, 209, 52, 209, 239, 81, 68, 124, 127, 185, 84,
       253, 58, 13, 58, 229, 244, 142, 237, 80, 116, 66, 153, 16, 218,
       63, 221, 50, 129, 239, 17, 129, 0, 174, 218, 100, 196, 226, 51,
       234, 80, 86, 9, 154, 245, 155, 180, 15, 123, 18, 14, 9, 14, 209,
       200, 31, 237, 34, 6, 111, 52, 164, 10, 194, 66, 245, 51, 160, 67,
       102, 117, 61, 234, 105, 141, 1, 109, 225, 169, 234, 128, 52, 176,
       33, 41, 73, 158, 74, 37, 180, 174, 122, 55, 33, 141, 126, 205,
       223, 43, 18, 80, 23, 166, 77, 60, 188, 184, 145, 14, 238, 253, 32,
       192, 232, 226, 202, 19, 170, 221, 48, 254, 93, 213, 213, 239, 159,
       5, 252, 3, 46, 221, 50, 4, 204, 187, 147, 65, 106, 43, 114, 191,
       115, 213, 154, 27, 83, 28, 124, 254, 65, 122, 90, 132, 98, 10,
       233, 88, 42, 168, 115, 238, 29, 130, 148, 88, 54, 141, 38, 236,
       129, 246, 132, 68, 20, 40, 107, 172, 109, 161, 43, 129, 9, 150,
       21, 223, 17, 159, 49, 63, 29, 31, 75, 84, 238, 51, 40, 197, 197,
       18, 170, 32, 114, 152, 113, 157, 135, 242, 82, 66, 26, 8, 169, 15,
       177, 205, 110, 254, 60, 196, 205, 247, 212, 72, 212, 6, 49, 223,
       178, 97, 76, 170, 30, 204, 235, 171, 54, 255, 240, 169, 178, 136,
       61, 152, 240, 248, 130, 138, 30, 187, 160, 160, 57, 87, 190, 31,
       84, 212, 188, 135, 240, 73, 231, 59, 63, 156, 18, 93, 2, 241, 200,
       145, 250, 200, 152, 192, 161, 57, 114, 74, 156, 190, 73, 229, 153,
       76, 139, 63, 160, 11, 46, 206, 103, 90, 232, 177, 239, 129, 10,
       71, 194, 209, 211, 208, 218, 59, 144, 124, 39, 74, 0, 221, 112,
       203, 215, 211, 182, 231, 21, 4, 88, 135, 168, 12, 60, 196, 216,
       26, 130, 97, 82, 184, 113, 253, 47, 80, 134, 71, 87, 14, 181, 158,
       186, 236, 114, 90, 85, 213, 210, 224, 209, 6, 244, 10, 42, 216,
       54, 181, 248, 248, 130, 106, 238, 167, 60, 255, 51, 124, 128, 11,
       83, 31, 126, 174, 223, 188, 159, 150, 155, 86, 22, 184, 251, 250,
       145, 124, 92, 252, 111, 227, 183, 119, 252, 115, 245, 67, 154,
       255, 187, 55, 111, 190, 142, 119, 169, 23, 162, 248, 186, 90, 65,
       221, 178, 198, 255, 31, 112, 17, 172, 222, 103, 24, 173, 123, 162,
       80, 54, 126, 186, 243, 31, 62, 22, 107, 208, 25, 47, 143, 162,
       136, 153, 153, 92, 131, 128, 79, 30, 43, 80, 82, 180, 184, 49, 72,
       217, 59, 51, 17, 50, 254, 67, 155, 141, 22, 187, 110, 149, 8, 17,
       139, 135, 16, 3, 187, 55, 182, 42, 0, 61, 75, 67, 247, 204, 222,
       50, 232, 247, 41, 159, 149, 183, 148, 21, 223, 134, 118, 154, 194,
       156, 5, 57, 21, 56, 177, 176, 226, 253, 249, 212, 207, 91, 61, 61,
       59, 14, 189, 90, 132, 153, 155, 135, 17, 30, 122, 218, 145, 255,
       213, 21, 127, 211, 78, 222, 195, 29, 120, 215, 229, 50, 31, 63,
       86, 44, 232, 58, 238, 191, 22, 193, 174, 38, 253, 222, 82, 129,
       241, 181, 232, 180, 193, 39, 144, 239, 243, 3, 249, 38, 181, 176,
       234, 221, 253, 80, 75, 31, 117, 105, 25, 142, 253, 110, 28, 217,
       155, 147, 16, 26, 58, 120, 145, 191, 220, 17, 127, 210, 78, 212,
       214, 175, 210, 44, 89, 173, 221, 221, 191, 223, 126, 20, 244, 250,
       77, 223, 45, 93, 2, 252, 60, 255, 108, 127, 181, 79, 91, 245, 215,
       94, 156, 220, 125, 186, 209, 118, 225, 53, 223, 88, 117, 5, 45,
       183, 59, 75, 31, 54, 181, 254, 145, 159, 104, 172, 181, 113, 157,
       243, 219, 129, 215, 55, 158, 220, 91, 219, 115, 250, 64, 155, 84,
       28, 221, 187, 213, 180, 191, 77, 254, 111, 55, 55, 217, 221, 240,
       238, 71, 190, 194, 251, 89, 7, 255, 231, 244, 175, 95, 1, 223,
       123, 103, 242, 143, 255, 245, 124, 104, 122, 96, 247, 63, 132, 48,
       54, 93, 22, 106, 177, 184, 45, 111, 237, 190, 38, 196, 100, 130,
       195, 185, 56, 191, 232, 237, 148, 130, 74, 254, 87, 201, 218, 102,
       43, 235, 176, 64, 121, 234, 21, 208, 155, 154, 201, 191, 186, 253,
       167, 202, 191, 186, 240, 29, 81, 159, 123, 231, 242, 166, 127,
       247, 40, 104, 126, 230, 85, 183, 160, 80, 54, 255, 31, 248, 209,
       153, 176, 110, 255, 173, 46, 128, 44, 210, 163, 185, 253, 223,
       127, 228, 172, 2, 207, 253, 194, 178, 150, 102, 83, 169, 176, 227,
       126, 196, 61, 235, 233, 123, 173, 61, 248, 235, 231, 180, 109,
       186, 248, 57, 137, 190, 189, 243, 236, 143, 189, 247, 222, 187,
       85, 116, 188, 123, 160, 43, 207, 59, 55, 13, 241, 252, 107, 215,
       206, 155, 127, 194, 24, 136, 129, 171, 10, 217, 18, 159, 221, 213,
       190, 231, 31, 5, 88, 3, 172, 254, 38, 196, 232, 123, 147, 193, 86,
       152, 82, 245, 45, 52, 158, 75, 18, 14, 189, 206, 57, 207, 106,
       236, 244, 147, 239, 247, 213, 76, 254, 199, 115, 233, 183, 64,
       126, 234, 23, 239, 236, 171, 36, 191, 250, 239, 167, 136, 53, 190,
       240, 201, 178, 75, 102, 156, 91, 208, 186, 198, 159, 4, 222, 167,
       40, 206, 55, 196, 238, 251, 147, 197, 134, 139, 38, 253, 50, 52,
       138, 139, 23, 21, 60, 223, 10, 141, 178, 187, 245, 252, 176, 103,
       191, 13, 122, 17, 172, 252, 38, 192, 225, 59, 163, 17, 22, 184,
       18, 247, 141, 119, 26, 67, 208, 12, 173, 206, 53, 176, 105, 235,
       124, 197, 203, 216, 86, 113, 149, 26, 211, 93, 252, 32, 95, 136,
       23, 125, 155, 34, 127, 149, 79, 205, 169, 252, 253, 139, 80, 241,
       154, 76, 31, 188, 13, 199, 25, 34, 148, 18, 210, 18, 189, 63, 33,
       75, 232, 49, 187, 161, 104, 133, 19, 159, 193, 243, 218, 19, 16,
       40, 53, 26, 57, 255, 120, 235, 244, 130, 79, 255, 87, 233, 220,
       102, 59, 143, 182, 64, 124, 234, 23, 216, 219, 154, 105, 191, 190,
       237, 165, 224, 55, 138, 240, 217, 23, 77, 3, 190, 150, 210, 110,
       226, 244, 192, 202, 67, 117, 254, 49, 224, 112, 235, 59, 207, 237,
       155, 60, 239, 177, 110, 142, 128, 61, 119, 48, 76, 26, 120, 230,
       245, 55, 182, 122, 214, 181, 200, 214, 131, 41, 159, 145, 127,
       102, 255, 189, 222, 168, 217, 165, 232, 247, 251, 190, 128, 167,
       245, 52, 91, 44, 180, 240, 67, 221, 253, 114, 218, 79, 251, 45,
       28, 14, 253, 111, 60, 153, 26, 147, 24, 23, 58, 122, 242, 79, 221,
       21, 127, 210, 79, 198, 214, 89, 155, 187, 252, 181, 132, 94, 183,
       166, 200, 218, 70, 255, 247, 32, 112, 228, 255, 61, 198, 221, 138,
       243, 173, 243, 237, 174, 136, 42, 114, 161, 59, 1, 122, 92, 161,
       96, 166, 169, 86, 44, 104, 126, 228, 157, 2, 129, 104, 46, 45, 54,
       156, 129, 152, 196, 64, 68, 168, 58, 192, 13, 144, 43, 153, 90,
       185, 16, 170, 95, 221, 82, 232, 111, 5, 233, 11, 46, 218, 103,
       148, 162, 187, 134, 83, 14, 58, 154, 245, 187, 212, 3, 107, 50,
       15, 47, 15, 2, 197, 24, 153, 213, 199, 182, 175, 30, 5, 90, 19,
       228, 56, 44, 68, 217, 11, 3, 1, 86, 184, 81, 255, 45, 54, 158, 67,
       16, 8, 189, 142, 129, 154, 159, 187, 180, 165, 56, 87, 222, 91,
       82, 118, 188, 202, 160, 104, 231, 43, 62, 29, 179, 189, 35, 247,
       204, 223, 58, 194, 152, 8, 169, 57, 242, 49, 250, 132, 109, 125,
       250, 64, 137, 140, 181, 11, 46, 216, 119, 138, 250, 241, 223, 243,
       12, 231, 210, 200, 145, 24, 139, 59, 5, 111, 127, 134, 89, 26,
       241, 117, 52, 190, 105, 18, 117, 233, 118, 116, 155, 23, 144, 240,
       118, 44, 52, 140, 185, 156, 229, 14, 134, 239, 178, 192, 174, 160,
       96, 49, 56, 249, 120, 234, 95, 209, 90, 220, 3, 36, 188, 10, 63,
       221, 113, 176, 190, 185, 215, 195, 78, 34, 88, 189, 243, 221, 1,
       57, 119, 155, 78, 155, 57, 151, 111, 232, 244, 183, 90, 255, 85,
       76, 254, 230, 91, 239, 190, 97, 94, 130, 191, 232, 184, 187, 37,
       157, 122, 239, 162, 196, 63, 138, 240, 113, 134, 90, 34, 158, 103,
       176, 186, 66, 159, 70, 80, 167, 172, 206, 55, 72, 238, 105, 179,
       199, 230, 158, 22, 251, 148, 54, 138, 139, 29, 61, 61, 222, 110,
