%YAML:1.0
---
descriptors: !!opencv-matrix
   rows: 240
   cols: 32
   dt: u
   data: [ 85, 93, 237, 167, 164, 58, 238, 183, 112, 226, 31, 214, 209,
       56, 147, 107, 99, 230, 61, 239, 253, 248, 125, 238, 230, 111, 255,
       132, 173, 251, 209, 89, 99, 10, 86, 29, 42, 146, 160, 134, 174,
       136, 242, 228, 164, 131, 133, 214, 72, 102, 108, 76, 1, 237, 195,
       108, 4, 42, 186, 146, 73, 148, 122, 13, 58, 56, 48, 236, 63, 217,
       147, 72, 139, 141, 188, 42, 46, 221, 45, 164, 158, 185, 215, 193,
       10, 35, 122, 253, 211, 212, 9, 187, 87, 15, 15, 183, 71, 133, 236,
       185, 249, 126, 124, 175, 127, 119, 179, 155, 204, 110, 94, 251,
       247, 199, 255, 181, 182, 67, 255, 241, 189, 127, 223, 95, 148,
       116, 173, 86, 70, 185, 16, 218, 61, 157, 178, 201, 239, 56, 137,
       13, 174, 218, 111, 196, 162, 51, 234, 82, 6, 41, 154, 245, 159,
       152, 3, 123, 26, 15, 9, 15, 207, 168, 164, 210, 137, 61, 90, 144,
       171, 186, 135, 24, 220, 247, 89, 191, 133, 84, 249, 94, 152, 69,
       187, 160, 159, 219, 201, 246, 130, 111, 24, 36, 188, 92, 214, 252,
       61, 118, 82, 222, 149, 206, 254, 7, 107, 255, 51, 223, 248, 244,
       189, 224, 44, 231, 179, 138, 179, 255, 199, 11, 183, 253, 124, 95,
       181, 68, 149, 255, 188, 3, 79, 248, 86, 170, 113, 88, 215, 97,
       153, 33, 81, 76, 36, 110, 121, 246, 73, 62, 232, 174, 101, 116,
       24, 185, 208, 160, 44, 180, 176, 226, 221, 253, 82, 219, 31, 63,
       45, 25, 14, 223, 106, 156, 153, 154, 131, 16, 22, 50, 250, 146,
       223, 221, 17, 127, 242, 79, 206, 194, 13, 255, 115, 237, 118, 15,
       239, 248, 124, 160, 88, 230, 253, 77, 145, 160, 62, 61, 23, 239,
       225, 176, 69, 95, 228, 141, 171, 132, 109, 186, 19, 177, 3, 17,
       127, 223, 118, 148, 251, 120, 205, 69, 85, 162, 112, 222, 190,
       100, 126, 57, 19, 238, 135, 128, 46, 221, 6, 56, 138, 202, 20,
       138, 116, 245, 214, 18, 158, 180, 34, 98, 61, 1, 185, 158, 211,
       183, 205, 231, 35, 75, 230, 245, 237, 133, 32, 197, 131, 202, 145,
       226, 123, 131, 160, 96, 37, 115, 29, 71, 84, 205, 54, 27, 78, 56,
       69, 160, 255, 230, 123, 99, 185, 228, 118, 228, 30, 238, 233, 144,
       77, 191, 166, 239, 163, 148, 63, 187, 88, 37, 173, 37, 147, 131,
       213, 251, 98, 201, 122, 161, 111, 28, 199, 225, 73, 204, 121, 110,
       106, 58, 49, 240, 220, 2, 172, 135, 7, 116, 234, 251, 202, 160,
       53, 182, 136, 139, 220, 47, 66, 207, 86, 191, 233, 94, 66, 96, 78,
       152, 89, 202, 34, 176, 63, 114, 223, 87, 188, 6, 135, 108, 249,
       107, 250, 132, 191, 109, 233, 102, 255, 87, 95, 248, 17, 234, 157,
       139, 91, 125, 223, 52, 31, 221, 213, 239, 233, 87, 108, 174, 123,
       223, 173, 181, 39, 247, 86, 247, 44, 103, 88, 71, 112, 11, 111,
       176, 48, 132, 127, 236, 211, 71, 139, 16, 30, 220, 7, 234, 224,
       176, 205, 110, 102, 173, 37, 0, 102, 187, 70, 160, 92, 95, 126,
       126, 146, 162, 47, 248, 180, 142, 202, 231, 117, 239, 41, 80, 118,
       245, 47, 227, 160, 145, 13, 110, 240, 167, 47, 128, 101, 243, 37,
       17, 21, 207, 127, 247, 182, 130, 239, 245, 52, 202, 91, 230, 245,
       99, 176, 96, 119, 239, 63, 239, 217, 153, 45, 125, 252, 175, 239,
       192, 45, 242, 161, 121, 153, 223, 70, 189, 18, 150, 110, 182, 181,
       66, 66, 215, 125, 43, 50, 195, 102, 231, 185, 231, 229, 221, 21,
       175, 230, 235, 222, 0, 63, 148, 185, 24, 219, 216, 47, 237, 20,
       151, 73, 48, 116, 72, 214, 70, 247, 154, 178, 113, 244, 173, 61,
       205, 203, 149, 53, 221, 209, 233, 170, 128, 12, 0, 57, 121, 176,
       10, 108, 185, 6, 137, 233, 87, 6, 125, 82, 247, 177, 9, 242, 72,
       104, 170, 47, 149, 154, 188, 71, 144, 196, 1, 186, 192, 53, 136,
       144, 203, 2, 188, 150, 155, 249, 229, 180, 199, 158, 27, 88, 49,
       172, 254, 96, 8, 205, 59, 179, 17, 51, 88, 18, 243, 45, 22, 30,
       235, 152, 76, 129, 155, 106, 188, 224, 182, 125, 221, 218, 114,
       143, 236, 156, 169, 174, 253, 210, 164, 207, 48, 223, 29, 140, 43,
       242, 254, 239, 93, 173, 251, 214, 172, 94, 251, 25, 71, 87, 197,
       54, 27, 110, 56, 101, 160, 250, 198, 219, 99, 145, 245, 126, 196,
       30, 238, 237, 176, 69, 221, 166, 236, 161, 132, 47, 187, 72, 36,
       60, 183, 44, 155, 155, 83, 151, 236, 22, 127, 197, 167, 74, 100,
       170, 197, 93, 202, 202, 39, 127, 235, 125, 189, 249, 7, 31, 119,
       211, 14, 188, 245, 45, 52, 184, 67, 253, 253, 243, 218, 79, 255,
       189, 24, 154, 253, 111, 60, 217, 26, 210, 24, 146, 50, 120, 178,
       79, 221, 17, 127, 211, 75, 78, 246, 118, 145, 174, 180, 141, 127,
       124, 203, 127, 255, 187, 11, 206, 254, 95, 123, 249, 199, 255,
       177, 156, 67, 251, 208, 157, 127, 207, 87, 144, 126, 252, 70, 42,
       208, 182, 255, 13, 213, 220, 39, 149, 15, 246, 19, 235, 252, 54,
       196, 200, 187, 191, 1, 108, 175, 83, 191, 163, 255, 218, 27, 83,
       28, 252, 94, 197, 207, 247, 246, 172, 74, 239, 188, 248, 250, 18,
       242, 253, 125, 217, 107, 183, 119, 125, 107, 241, 229, 175, 234,
       232, 250, 239, 132, 196, 243, 129, 97, 252, 237, 233, 254, 213,
       74, 87, 236, 81, 162, 173, 10, 115, 125, 21, 49, 89, 254, 209, 99,
       120, 226, 216, 175, 251, 239, 197, 57, 103, 251, 214, 34, 10, 221,
       32, 143, 149, 151, 190, 239, 29, 65, 94, 7, 236, 126, 58, 192,
       221, 11, 147, 229, 246, 152, 121, 255, 47, 119, 142, 71, 22, 14,
       185, 222, 210, 240, 252, 187, 239, 205, 249, 237, 187, 245, 176,
       155, 239, 207, 94, 27, 191, 209, 255, 85, 82, 111, 219, 245, 223,
       219, 95, 255, 69, 4, 167, 219, 111, 99, 128, 165, 9, 31, 14, 168,
       3, 224, 137, 205, 198, 96, 91, 150, 221, 205, 232, 247, 205, 82,
       221, 158, 188, 116, 141, 182, 11, 63, 26, 148, 169, 184, 20, 59,
       61, 189, 144, 206, 223, 91, 112, 21, 236, 216, 46, 141, 137, 43,
       194, 21, 167, 109, 26, 181, 15, 91, 95, 123, 90, 12, 201, 158,
       248, 133, 86, 234, 157, 130, 78, 253, 69, 16, 219, 3, 75, 43, 56,
       65, 120, 134, 31, 229, 124, 169, 81, 221, 187, 249, 162, 84, 55,
       138, 248, 8, 27, 141, 2, 190, 148, 182, 110, 55, 52, 192, 202,
       199, 249, 234, 178, 224, 120, 47, 23, 173, 253, 154, 20, 239, 168,
       110, 174, 192, 174, 230, 184, 148, 47, 253, 237, 87, 234, 23, 191,
       189, 94, 242, 94, 230, 88, 124, 159, 111, 127, 95, 51, 239, 193,
       208, 253, 252, 110, 46, 237, 132, 175, 255, 145, 245, 53, 198,
       145, 69, 180, 46, 70, 184, 84, 170, 251, 104, 83, 97, 137, 244,
       81, 204, 12, 46, 233, 176, 73, 30, 188, 174, 37, 20, 184, 251, 64,
       33, 9, 77, 83, 229, 54, 15, 239, 119, 52, 224, 122, 230, 221, 3,
       145, 164, 126, 45, 23, 236, 225, 184, 37, 222, 164, 236, 170, 128,
       111, 178, 163, 185, 13, 28, 215, 87, 34, 142, 101, 48, 124, 218,
       99, 116, 212, 115, 128, 255, 51, 116, 36, 10, 161, 220, 189, 108,
       12, 42, 99, 64, 10, 163, 97, 181, 221, 79, 78, 111, 134, 14, 111,
       189, 112, 192, 118, 70, 115, 99, 145, 113, 118, 228, 60, 238, 233,
       176, 77, 44, 118, 235, 229, 128, 47, 178, 242, 9, 3, 201, 10, 187,
       19, 132, 60, 198, 190, 73, 78, 135, 172, 195, 50, 64, 229, 43,
       179, 197, 102, 152, 26, 255, 228, 39, 190, 128, 56, 20, 169, 218,
       53, 250, 136, 27, 221, 159, 163, 192, 94, 253, 245, 47, 66, 224,
       70, 156, 121, 236, 194, 118, 31, 242, 236, 52, 60, 6, 135, 119,
       209, 47, 222, 196, 44, 118, 65, 71, 80, 11, 239, 184, 53, 132,
       126, 196, 211, 71, 157, 20, 126, 220, 6, 238, 232, 176, 125, 110,
       102, 175, 165, 132, 103, 187, 70, 240, 71, 187, 133, 179, 162,
       160, 60, 150, 191, 213, 3, 231, 237, 102, 203, 79, 167, 103, 249,
       151, 150, 216, 159, 225, 140, 114, 223, 194, 172, 245, 137, 93,
       162, 243, 152, 89, 205, 93, 212, 223, 27, 81, 228, 28, 34, 156,
       78, 60, 205, 26, 194, 16, 223, 126, 251, 179, 63, 212, 148, 127,
       219, 24, 222, 222, 78, 189, 179, 178, 179, 224, 63, 215, 187, 93,
       27, 181, 236, 255, 72, 16, 167, 123, 253, 145, 19, 89, 154, 247,
