%YAML:1.0
---
descriptors: !!opencv-matrix
   rows: 156
   cols: 32
   dt: u
   data: [ 126, 233, 151, 186, 137, 205, 20, 236, 139, 21, 128, 9, 238,
       246, 104, 218, 192, 241, 233, 83, 30, 75, 218, 177, 185, 210, 95,
       123, 144, 31, 135, 78, 221, 131, 219, 227, 246, 42, 107, 248, 127,
       249, 247, 242, 91, 239, 248, 120, 127, 207, 63, 222, 187, 211,
       173, 255, 222, 239, 171, 196, 165, 235, 113, 177, 238, 249, 96,
       70, 253, 95, 246, 236, 121, 96, 244, 10, 106, 92, 31, 181, 252,
       245, 215, 99, 224, 179, 221, 253, 55, 89, 135, 55, 71, 63, 90,
       174, 203, 209, 253, 255, 236, 221, 253, 253, 127, 123, 119, 250,
       253, 255, 252, 245, 127, 223, 191, 140, 243, 126, 239, 211, 127,
       251, 255, 236, 23, 156, 197, 241, 207, 19, 125, 247, 172, 29, 125,
       61, 255, 251, 183, 254, 251, 111, 222, 175, 46, 215, 255, 190,
       249, 119, 239, 222, 254, 219, 247, 180, 207, 188, 233, 113, 201,
       214, 255, 254, 110, 157, 125, 31, 255, 91, 247, 254, 255, 223,
       190, 105, 215, 147, 255, 13, 227, 118, 107, 211, 246, 251, 118,
       136, 94, 220, 225, 121, 237, 126, 177, 101, 37, 30, 103, 184, 105,
       234, 59, 76, 218, 49, 209, 183, 148, 68, 108, 110, 233, 244, 249,
       10, 229, 251, 101, 52, 74, 255, 66, 33, 190, 97, 98, 161, 117,
       223, 254, 204, 63, 236, 250, 11, 74, 76, 87, 20, 254, 253, 223,
       247, 12, 179, 233, 222, 191, 220, 135, 183, 101, 255, 78, 206, 42,
       174, 240, 26, 127, 249, 176, 71, 155, 255, 120, 187, 44, 172, 102,
       141, 143, 59, 227, 17, 54, 126, 226, 243, 31, 86, 24, 251, 215,
       76, 31, 223, 95, 126, 255, 225, 118, 59, 251, 218, 47, 251, 95,
       239, 93, 207, 209, 43, 255, 253, 127, 191, 131, 116, 173, 232,
       246, 221, 175, 164, 175, 247, 49, 241, 212, 67, 125, 229, 40, 78,
       93, 56, 228, 190, 179, 121, 215, 55, 25, 91, 38, 213, 125, 106,
       232, 229, 97, 8, 225, 235, 101, 148, 100, 177, 68, 99, 143, 191,
       239, 245, 184, 62, 255, 211, 189, 249, 183, 244, 219, 63, 150,
       167, 206, 215, 255, 206, 185, 233, 233, 237, 230, 219, 239, 196,
       206, 229, 227, 241, 179, 5, 239, 245, 198, 47, 237, 127, 125, 234,
       250, 210, 91, 43, 148, 123, 127, 231, 127, 173, 185, 242, 101,
       202, 246, 238, 247, 132, 237, 248, 241, 224, 116, 255, 252, 230,
       168, 15, 95, 252, 163, 190, 188, 173, 87, 119, 75, 19, 63, 212,
       125, 106, 72, 67, 235, 40, 251, 137, 101, 189, 34, 243, 134, 115,
       149, 85, 123, 167, 54, 74, 239, 56, 116, 224, 123, 70, 213, 119,
       153, 96, 54, 205, 52, 239, 233, 176, 125, 14, 229, 172, 171, 132,
       37, 179, 37, 241, 10, 157, 59, 255, 215, 193, 191, 231, 31, 69,
       92, 163, 188, 255, 34, 96, 255, 123, 147, 129, 115, 152, 58, 255,
       111, 247, 158, 203, 150, 88, 181, 250, 197, 81, 153, 231, 52, 14,
       110, 152, 54, 40, 83, 100, 215, 115, 201, 96, 22, 92, 60, 234,
       137, 144, 217, 0, 164, 164, 171, 164, 44, 179, 17, 33, 247, 87,
       232, 135, 246, 19, 159, 188, 81, 238, 159, 239, 73, 108, 159, 32,
       127, 197, 245, 231, 237, 178, 237, 238, 122, 111, 173, 150, 109,
       255, 222, 85, 82, 174, 180, 146, 137, 185, 20, 143, 235, 55, 140,
       9, 174, 232, 78, 159, 129, 83, 233, 17, 30, 75, 138, 241, 155, 82,
       95, 127, 130, 84, 143, 14, 170, 185, 62, 137, 125, 249, 176, 71,
       207, 81, 220, 27, 172, 216, 102, 198, 200, 43, 219, 81, 22, 43,
       82, 245, 207, 81, 138, 123, 154, 12, 153, 207, 181, 127, 108, 71,
       140, 15, 207, 248, 4, 172, 189, 206, 83, 97, 157, 3, 28, 196, 85,
       110, 232, 163, 125, 44, 232, 201, 229, 180, 109, 251, 210, 240,
       53, 207, 66, 15, 244, 147, 198, 255, 85, 99, 250, 198, 115, 232,
       190, 228, 121, 238, 22, 111, 253, 187, 13, 191, 58, 46, 167, 128,
       255, 254, 248, 140, 119, 117, 233, 71, 252, 87, 206, 248, 65, 234,
       188, 78, 83, 125, 159, 54, 92, 196, 87, 238, 237, 178, 253, 174,
       126, 15, 165, 180, 111, 255, 90, 245, 100, 229, 132, 158, 220,
       131, 38, 232, 18, 179, 225, 10, 113, 225, 105, 81, 89, 238, 34,
       122, 98, 66, 202, 63, 124, 135, 231, 108, 177, 106, 50, 128, 245,
       66, 77, 110, 78, 1, 71, 248, 70, 2, 241, 202, 83, 193, 185, 107,
       88, 204, 38, 110, 201, 103, 207, 25, 208, 169, 225, 60, 125, 187,
       112, 160, 11, 126, 255, 244, 110, 189, 251, 210, 255, 254, 254,
       255, 189, 191, 247, 42, 175, 255, 255, 205, 161, 239, 182, 242,
       214, 223, 123, 168, 207, 253, 101, 249, 206, 58, 178, 145, 235,
       248, 185, 67, 191, 151, 87, 177, 172, 190, 103, 75, 167, 59, 251,
       17, 54, 85, 162, 226, 15, 19, 90, 43, 134, 85, 47, 199, 10, 143,
       42, 187, 247, 209, 191, 231, 31, 77, 92, 163, 172, 237, 50, 0,
       255, 123, 147, 133, 118, 186, 42, 255, 239, 87, 158, 235, 215, 78,
       189, 219, 207, 187, 125, 250, 252, 157, 249, 217, 191, 253, 182,
       254, 189, 223, 215, 47, 238, 179, 255, 221, 179, 107, 235, 244,
       222, 217, 175, 254, 214, 141, 229, 241, 29, 196, 77, 239, 52, 102,
       107, 248, 116, 74, 219, 66, 81, 119, 184, 96, 121, 192, 62, 238,
       185, 146, 61, 63, 241, 175, 163, 196, 61, 187, 112, 112, 116, 255,
       121, 70, 252, 95, 71, 248, 81, 174, 186, 106, 83, 125, 157, 50,
       63, 212, 102, 106, 233, 114, 233, 46, 127, 143, 37, 52, 101, 251,
       70, 97, 14, 182, 186, 147, 243, 247, 185, 222, 155, 255, 29, 255,
       220, 254, 206, 172, 183, 95, 247, 149, 167, 212, 170, 242, 78, 95,
       63, 231, 142, 212, 7, 247, 238, 246, 174, 22, 105, 116, 189, 251,
       59, 255, 87, 253, 92, 220, 222, 159, 151, 93, 255, 23, 231, 87,
       171, 194, 94, 127, 127, 207, 143, 245, 191, 119, 10, 190, 162,
       147, 239, 241, 184, 199, 59, 127, 88, 191, 172, 172, 94, 140, 191,
       75, 179, 149, 182, 94, 134, 243, 14, 86, 158, 235, 135, 68, 191,
       223, 177, 82, 107, 76, 52, 83, 203, 120, 86, 232, 246, 238, 115,
       204, 180, 32, 92, 172, 87, 237, 233, 167, 101, 31, 114, 239, 161,
       148, 125, 168, 116, 113, 31, 123, 237, 193, 254, 91, 255, 216, 59,
       250, 148, 239, 89, 110, 223, 42, 63, 221, 127, 255, 199, 65, 175,
       240, 126, 79, 239, 188, 175, 247, 211, 245, 26, 143, 226, 190,
       214, 210, 238, 230, 55, 133, 218, 163, 97, 238, 182, 192, 123,
       255, 135, 199, 78, 155, 13, 255, 122, 103, 191, 193, 55, 222, 188,
       220, 53, 143, 226, 159, 244, 147, 238, 248, 87, 192, 251, 198,
       113, 232, 190, 228, 123, 234, 22, 239, 207, 186, 13, 255, 62, 46,
       175, 192, 127, 175, 120, 141, 235, 191, 255, 245, 236, 156, 248,
       214, 189, 251, 246, 244, 191, 191, 151, 191, 207, 247, 255, 220,
       185, 125, 227, 238, 222, 251, 254, 208, 142, 245, 115, 121, 170,
       156, 62, 154, 237, 217, 176, 103, 141, 82, 132, 19, 172, 218, 102,
       79, 201, 35, 219, 83, 118, 111, 82, 247, 127, 81, 218, 123, 26,
       12, 189, 206, 170, 191, 51, 218, 255, 245, 176, 199, 139, 29, 176,
       58, 172, 204, 100, 135, 239, 59, 195, 145, 54, 111, 162, 247, 63,
       80, 14, 123, 215, 12, 167, 239, 174, 237, 116, 198, 125, 223, 254,
       232, 93, 108, 244, 11, 234, 92, 22, 165, 248, 245, 215, 227, 236,
       247, 121, 255, 55, 89, 199, 51, 87, 63, 126, 198, 170, 120, 52,
       159, 77, 87, 190, 232, 159, 246, 244, 11, 236, 220, 127, 133, 249,
       249, 251, 227, 102, 103, 123, 255, 63, 82, 207, 63, 23, 63, 125,
       222, 6, 204, 18, 220, 245, 231, 183, 230, 159, 134, 90, 2, 172,
       249, 37, 68, 249, 123, 163, 211, 34, 187, 18, 255, 61, 54, 158,
       75, 146, 125, 53, 174, 75, 178, 253, 247, 62, 189, 249, 57, 239,
       121, 183, 238, 255, 255, 222, 118, 167, 179, 255, 157, 167, 104,
       255, 223, 206, 223, 187, 242, 142, 132, 67, 125, 120, 233, 58,
       170, 29, 201, 82, 232, 131, 132, 172, 9, 47, 221, 98, 16, 216,
       249, 205, 115, 78, 43, 218, 189, 251, 213, 1, 123, 115, 15, 78,
       74, 9, 183, 253, 251, 252, 155, 253, 125, 127, 123, 255, 246, 223,
       255, 158, 96, 127, 159, 127, 188, 243, 240, 239, 215, 238, 255,
       183, 228, 254, 206, 195, 241, 10, 159, 211, 202, 245, 211, 238,
