%YAML:1.0
---
descriptors: !!opencv-matrix
   rows: 81
   cols: 32
   dt: u
   data: [ 42, 177, 112, 154, 125, 213, 178, 196, 31, 93, 125, 27, 44,
       220, 126, 132, 217, 155, 147, 81, 22, 58, 122, 245, 31, 92, 154,
       107, 215, 15, 254, 222, 135, 122, 235, 213, 230, 20, 253, 83, 91,
       238, 116, 247, 25, 140, 215, 40, 63, 205, 23, 143, 229, 246, 180,
       226, 86, 95, 255, 162, 111, 252, 247, 221, 204, 36, 188, 225, 164,
       46, 121, 31, 58, 183, 7, 17, 159, 55, 74, 91, 167, 23, 121, 20,
       54, 92, 177, 66, 207, 219, 95, 101, 128, 192, 169, 66, 245, 2,
       235, 228, 134, 38, 105, 85, 212, 194, 215, 214, 81, 227, 184, 107,
       124, 132, 62, 188, 185, 151, 36, 200, 208, 171, 235, 196, 173,
       234, 240, 32, 181, 70, 68, 140, 14, 19, 206, 120, 23, 226, 145,
       239, 67, 108, 151, 197, 88, 196, 174, 239, 237, 39, 77, 158, 178,
       98, 233, 180, 125, 255, 120, 84, 90, 137, 2, 190, 25, 224, 58,
       230, 172, 21, 202, 3, 172, 154, 32, 194, 224, 115, 249, 193, 30,
       9, 146, 245, 209, 49, 154, 75, 16, 5, 189, 10, 49, 67, 106, 44,
       84, 19, 198, 104, 68, 36, 250, 2, 67, 8, 183, 96, 120, 140, 6,
       107, 204, 179, 37, 12, 114, 109, 160, 21, 117, 186, 124, 132, 173,
       122, 168, 1, 101, 63, 67, 144, 83, 238, 54, 13, 219, 12, 211, 190,
       157, 108, 228, 126, 141, 116, 253, 170, 79, 223, 101, 53, 202,
       255, 94, 253, 90, 141, 118, 239, 179, 178, 122, 167, 173, 0, 78,
       163, 109, 127, 160, 244, 102, 183, 189, 224, 60, 153, 1, 253, 250,
       255, 138, 195, 54, 198, 169, 26, 2, 120, 63, 216, 111, 197, 185,
       198, 159, 89, 208, 39, 172, 222, 119, 73, 238, 59, 191, 209, 199,
       111, 178, 241, 23, 24, 218, 171, 29, 29, 37, 255, 31, 76, 235,
       193, 246, 167, 235, 214, 22, 195, 86, 210, 25, 143, 181, 104, 127,
       169, 23, 157, 163, 183, 37, 218, 124, 207, 191, 132, 181, 217,
       240, 176, 131, 216, 51, 91, 117, 213, 169, 214, 95, 73, 114, 84,
       172, 210, 180, 100, 247, 43, 18, 73, 163, 188, 50, 247, 5, 30, 18,
       130, 91, 28, 97, 253, 57, 142, 62, 184, 127, 180, 89, 115, 224,
       93, 252, 21, 47, 171, 34, 81, 231, 163, 135, 5, 158, 11, 34, 39,
       219, 207, 112, 73, 178, 132, 102, 203, 218, 174, 160, 176, 139,
       225, 25, 239, 155, 63, 128, 187, 44, 175, 98, 11, 165, 151, 253,
       149, 62, 79, 130, 243, 219, 211, 159, 255, 182, 4, 191, 75, 72,
       41, 251, 108, 244, 200, 99, 5, 105, 9, 124, 32, 183, 149, 128, 48,
       50, 62, 68, 88, 18, 184, 160, 9, 239, 253, 32, 73, 194, 130, 199,
       171, 2, 133, 25, 171, 148, 167, 170, 107, 12, 9, 91, 71, 132, 40,
       56, 64, 216, 11, 3, 117, 18, 184, 89, 253, 172, 148, 138, 68, 20,
       10, 177, 130, 104, 173, 184, 252, 189, 221, 81, 11, 219, 29, 172,
       8, 178, 249, 67, 50, 201, 58, 249, 16, 26, 106, 242, 19, 203, 221,
       20, 123, 210, 72, 94, 42, 47, 161, 117, 16, 205, 249, 208, 107,
       223, 249, 177, 25, 10, 156, 78, 185, 137, 147, 218, 17, 55, 107,
       126, 212, 27, 90, 81, 127, 211, 12, 198, 70, 165, 114, 169, 99,
       36, 95, 95, 148, 90, 254, 54, 13, 211, 29, 215, 58, 157, 108, 85,
       127, 173, 244, 241, 42, 79, 221, 101, 180, 192, 251, 86, 251, 173,
       108, 169, 225, 44, 47, 219, 152, 82, 190, 180, 9, 211, 29, 87, 58,
       157, 252, 85, 127, 168, 116, 233, 58, 207, 143, 173, 244, 196,
       251, 86, 99, 9, 78, 211, 121, 176, 186, 107, 150, 126, 75, 126,
       100, 247, 3, 177, 116, 55, 110, 12, 92, 139, 184, 37, 63, 230,
       255, 50, 192, 154, 209, 105, 41, 244, 123, 188, 180, 140, 75, 85,
       69, 146, 174, 176, 43, 98, 141, 67, 27, 232, 245, 236, 98, 72,
       103, 232, 40, 241, 129, 229, 51, 65, 120, 214, 250, 89, 142, 237,
       243, 166, 32, 105, 23, 100, 115, 94, 242, 57, 43, 208, 107, 111,
       134, 62, 156, 187, 152, 101, 225, 220, 235, 254, 192, 173, 192,
       240, 41, 39, 41, 35, 137, 221, 181, 170, 66, 205, 33, 218, 11,
       128, 136, 116, 36, 200, 170, 91, 221, 150, 171, 85, 244, 29, 24,
       138, 122, 213, 13, 113, 132, 82, 129, 2, 136, 159, 128, 142, 105,
       142, 0, 201, 131, 132, 202, 52, 64, 240, 185, 59, 227, 86, 11, 14,
       221, 177, 52, 138, 223, 21, 10, 177, 6, 153, 168, 58, 56, 172,
       241, 88, 71, 254, 85, 4, 53, 175, 142, 242, 121, 195, 171, 140,
       21, 158, 111, 38, 49, 218, 209, 58, 105, 144, 4, 175, 94, 27, 18,
       121, 225, 118, 220, 233, 81, 109, 73, 246, 102, 159, 31, 214, 224,
       110, 129, 159, 145, 139, 184, 97, 192, 214, 217, 170, 192, 47,
       136, 125, 249, 253, 190, 239, 255, 252, 55, 79, 250, 87, 238, 252,
       254, 123, 237, 187, 100, 127, 238, 127, 174, 249, 247, 255, 191,
       250, 239, 231, 188, 191, 255, 240, 241, 127, 114, 123, 237, 125,
       95, 251, 120, 109, 236, 246, 110, 219, 30, 151, 244, 254, 141,
       255, 231, 201, 179, 241, 204, 247, 253, 163, 150, 111, 174, 126,
       245, 104, 109, 248, 101, 168, 78, 125, 175, 115, 162, 62, 8, 151,
       51, 65, 50, 1, 150, 124, 56, 104, 104, 177, 10, 235, 255, 101, 21,
       192, 240, 198, 42, 2, 9, 18, 155, 77, 169, 160, 65, 172, 17, 75,
       3, 164, 218, 96, 194, 232, 43, 10, 129, 6, 185, 2, 241, 21, 20,
       154, 11, 144, 74, 45, 142, 181, 68, 101, 205, 14, 3, 207, 120, 86,
       242, 148, 234, 83, 40, 213, 39, 89, 196, 62, 239, 233, 102, 109,
       158, 16, 10, 225, 180, 125, 249, 80, 36, 187, 70, 76, 37, 12, 19,
       206, 120, 84, 226, 146, 207, 83, 40, 147, 161, 24, 228, 126, 239,
       237, 247, 69, 28, 178, 75, 233, 180, 45, 188, 90, 84, 177, 2, 110,
       45, 20, 2, 193, 112, 68, 4, 246, 199, 67, 8, 183, 65, 120, 140, 6,
       110, 204, 179, 69, 12, 80, 169, 162, 16, 121, 170, 120, 192, 180,
       64, 107, 172, 20, 194, 195, 96, 196, 196, 211, 163, 67, 201, 185,
       64, 88, 172, 7, 227, 73, 163, 36, 140, 240, 33, 160, 25, 117, 171,
       116, 242, 221, 217, 126, 108, 162, 18, 54, 49, 233, 0, 231, 160,
       95, 127, 166, 115, 102, 245, 252, 226, 244, 145, 173, 237, 242,
       235, 99, 131, 39, 179, 175, 103, 203, 152, 247, 250, 168, 132,
       108, 215, 159, 91, 16, 116, 189, 227, 240, 107, 135, 35, 63, 156,
       179, 77, 146, 243, 202, 219, 126, 232, 158, 192, 161, 57, 232,
       173, 61, 122, 253, 205, 85, 143, 211, 61, 164, 24, 178, 85, 64,
       55, 201, 146, 114, 24, 122, 106, 242, 183, 239, 216, 20, 123, 210,
       8, 214, 106, 88, 158, 46, 184, 61, 232, 89, 71, 225, 95, 196, 57,
       175, 141, 50, 88, 161, 187, 221, 17, 62, 47, 50, 55, 211, 247, 58,
       105, 150, 4, 182, 123, 184, 137, 235, 252, 97, 220, 93, 87, 161,
       93, 52, 153, 47, 143, 34, 19, 160, 179, 213, 4, 90, 143, 34, 129,
       211, 209, 116, 137, 98, 204, 230, 251, 58, 149, 123, 232, 242, 67,
       25, 111, 21, 65, 248, 178, 13, 63, 32, 112, 254, 155, 151, 160,
       89, 155, 32, 222, 211, 229, 138, 207, 53, 0, 166, 115, 210, 79,
       78, 190, 154, 160, 31, 246, 148, 6, 202, 135, 97, 231, 59, 65,
       127, 227, 185, 199, 106, 135, 14, 239, 240, 39, 222, 137, 189,
       247, 60, 88, 139, 219, 46, 191, 54, 151, 190, 247, 29, 76, 86,
       231, 236, 200, 178, 64, 254, 43, 191, 197, 246, 153, 31, 255, 230,
       119, 254, 194, 28, 140, 185, 223, 106, 16, 114, 216, 109, 209,
       249, 83, 203, 93, 180, 183, 172, 158, 246, 110, 238, 177, 223,
       145, 135, 47, 242, 209, 215, 89, 186, 251, 22, 12, 101, 255, 104,
       173, 252, 117, 188, 106, 117, 39, 115, 175, 190, 56, 183, 51, 64,
       48, 11, 182, 108, 8, 120, 249, 193, 10, 223, 255, 52, 17, 224,
       192, 198, 42, 48, 0, 92, 105, 10, 9, 17, 64, 100, 16, 226, 34, 18,
       27, 4, 80, 106, 156, 106, 0, 8, 176, 65, 0, 212, 160, 2, 67, 97,
       8, 108, 130, 19, 164, 148, 149, 62, 35, 168, 39, 204, 243, 138,
       243, 237, 34, 128, 207, 99, 103, 106, 133, 53, 201, 69, 204, 140,
       18, 91, 82, 140, 164, 137, 140, 146, 157, 255, 252, 203, 228, 29,
       214, 150, 210, 192, 178, 52, 247, 32, 107, 111, 243, 59, 144, 59,
       79, 50, 127, 217, 130, 223, 74, 181, 65, 165, 123, 91, 134, 68,
