%YAML:1.0
---
descriptors: !!opencv-matrix
   rows: 216
   cols: 32
   dt: u
   data: [ 43, 91, 98, 74, 245, 159, 250, 92, 107, 105, 253, 238, 10,
       152, 183, 244, 254, 168, 150, 220, 199, 187, 36, 223, 54, 125, 2,
       235, 95, 159, 250, 141, 9, 152, 179, 249, 125, 157, 185, 215, 223,
       29, 112, 86, 188, 221, 244, 228, 207, 59, 54, 9, 131, 184, 114,
       245, 15, 222, 58, 234, 94, 8, 161, 185, 185, 123, 123, 97, 116,
       139, 103, 112, 96, 4, 126, 236, 19, 1, 149, 48, 126, 252, 6, 126,
       201, 186, 100, 14, 100, 141, 32, 192, 111, 139, 70, 177, 21, 142,
       134, 151, 148, 139, 38, 232, 214, 179, 67, 2, 96, 224, 41, 75,
       121, 238, 34, 114, 100, 208, 15, 127, 188, 6, 207, 68, 144, 122,
       49, 132, 53, 69, 99, 140, 20, 3, 199, 120, 84, 192, 219, 78, 83,
       232, 177, 96, 120, 236, 22, 111, 205, 179, 5, 14, 176, 46, 161,
       16, 125, 187, 112, 128, 23, 91, 106, 206, 18, 6, 110, 240, 60,
       140, 218, 199, 85, 234, 181, 64, 126, 237, 31, 239, 200, 145, 28,
       110, 240, 44, 175, 128, 45, 179, 49, 17, 100, 140, 130, 158, 222,
       131, 134, 235, 22, 162, 192, 90, 97, 224, 105, 73, 121, 238, 34,
       170, 96, 111, 142, 63, 60, 38, 223, 108, 177, 120, 49, 128, 249,
       95, 95, 228, 54, 6, 127, 180, 36, 136, 246, 102, 83, 35, 161, 81,
       118, 196, 61, 238, 232, 147, 17, 44, 242, 233, 100, 132, 44, 178,
       224, 41, 120, 85, 107, 236, 86, 66, 95, 124, 4, 228, 223, 163, 81,
       223, 48, 64, 126, 245, 31, 226, 72, 147, 49, 14, 243, 237, 170,
       128, 53, 187, 244, 115, 236, 97, 189, 101, 40, 77, 101, 248, 224,
       186, 180, 72, 215, 229, 209, 59, 128, 196, 108, 106, 201, 99, 211,
       32, 231, 217, 101, 60, 98, 185, 70, 177, 198, 180, 156, 178, 137,
       253, 20, 143, 190, 251, 129, 25, 142, 250, 74, 219, 129, 19, 233,
       17, 54, 77, 218, 192, 201, 211, 95, 127, 152, 64, 141, 23, 189,
       229, 254, 127, 254, 123, 222, 253, 87, 230, 255, 155, 99, 237, 27,
       65, 95, 206, 103, 110, 252, 246, 255, 175, 122, 239, 101, 85, 231,
       251, 242, 192, 181, 221, 121, 102, 180, 111, 79, 252, 84, 234,
       251, 106, 83, 117, 153, 32, 31, 214, 94, 107, 249, 178, 125, 46,
       248, 207, 37, 20, 109, 251, 192, 33, 66, 32, 54, 140, 111, 131,
       184, 72, 239, 160, 210, 11, 204, 216, 117, 78, 238, 61, 123, 165,
       132, 99, 135, 208, 21, 56, 11, 63, 20, 12, 49, 134, 236, 255, 214,
       127, 221, 163, 214, 238, 215, 183, 235, 29, 194, 233, 77, 203,
       217, 126, 234, 98, 122, 111, 219, 63, 47, 246, 69, 127, 217, 251,
       252, 130, 157, 158, 255, 215, 214, 226, 239, 254, 254, 251, 95,
       246, 253, 255, 188, 105, 127, 239, 55, 138, 179, 220, 47, 255,
       222, 175, 255, 196, 173, 235, 165, 249, 165, 222, 205, 215, 244,
       38, 111, 191, 22, 234, 90, 246, 113, 99, 157, 113, 117, 110, 51,
       174, 241, 220, 125, 63, 44, 46, 255, 196, 141, 251, 208, 177, 123,
       111, 230, 68, 139, 89, 86, 230, 195, 230, 172, 141, 42, 236, 87,
       151, 136, 230, 237, 102, 204, 75, 230, 168, 179, 89, 69, 59, 103,
       254, 94, 78, 102, 169, 158, 94, 153, 157, 148, 237, 255, 179, 160,
       9, 238, 250, 110, 31, 201, 103, 234, 17, 22, 75, 202, 241, 57, 50,
       95, 123, 208, 52, 203, 14, 8, 140, 59, 251, 85, 237, 241, 103, 94,
       69, 108, 18, 188, 159, 50, 96, 217, 59, 19, 8, 51, 184, 112, 255,
       103, 255, 18, 65, 83, 8, 245, 234, 251, 216, 118, 239, 125, 95,
       251, 212, 93, 111, 246, 183, 95, 159, 182, 244, 254, 221, 191,
       223, 237, 255, 117, 238, 247, 255, 190, 211, 23, 159, 253, 255,
       63, 27, 114, 202, 119, 151, 254, 208, 77, 72, 255, 102, 104, 153,
       191, 244, 254, 184, 151, 222, 203, 178, 44, 248, 54, 92, 134, 131,
       127, 159, 104, 189, 142, 217, 182, 155, 237, 245, 188, 207, 159,
       95, 84, 55, 236, 254, 127, 205, 255, 123, 179, 209, 183, 250, 122,
       241, 31, 122, 222, 235, 159, 93, 173, 223, 177, 229, 95, 108, 24,
       143, 71, 253, 100, 160, 242, 74, 115, 65, 152, 49, 120, 176, 76,
       106, 249, 171, 109, 29, 251, 201, 37, 80, 113, 138, 230, 40, 75,
       190, 252, 247, 188, 156, 125, 182, 255, 127, 30, 245, 189, 191,
       214, 119, 167, 115, 253, 29, 231, 88, 239, 247, 238, 255, 254,
       226, 142, 212, 7, 125, 116, 196, 129, 190, 220, 3, 6, 232, 22,
       162, 232, 202, 115, 225, 41, 64, 89, 234, 34, 106, 104, 99, 206,
       63, 252, 167, 231, 124, 177, 122, 112, 128, 68, 160, 132, 159, 27,
       130, 32, 168, 190, 180, 227, 5, 228, 226, 73, 82, 113, 109, 104,
       240, 2, 192, 219, 125, 12, 34, 207, 68, 136, 34, 33, 2, 48, 83,
       107, 172, 54, 195, 219, 116, 132, 68, 222, 167, 83, 205, 50, 64,
       126, 241, 31, 231, 152, 179, 100, 159, 243, 237, 170, 145, 53,
       155, 244, 114, 204, 242, 188, 245, 40, 72, 61, 25, 186, 191, 167,
       185, 223, 183, 72, 91, 167, 21, 109, 2, 0, 68, 203, 64, 223, 243,
       119, 253, 128, 32, 7, 115, 112, 160, 199, 156, 94, 3, 194, 107,
       86, 163, 242, 90, 115, 232, 16, 1, 121, 236, 106, 169, 40, 255,
       207, 95, 56, 38, 221, 92, 229, 40, 114, 8, 100, 236, 132, 158,
       221, 129, 38, 232, 26, 179, 96, 10, 100, 224, 109, 89, 217, 234,
       34, 83, 118, 90, 202, 127, 60, 6, 223, 109, 144, 120, 18, 138,
       155, 23, 255, 245, 230, 58, 237, 127, 125, 239, 255, 246, 95, 43,
       148, 249, 127, 135, 63, 173, 185, 252, 101, 206, 182, 255, 254,
       128, 167, 248, 229, 241, 11, 190, 255, 255, 254, 141, 233, 155,
       191, 251, 95, 230, 253, 239, 144, 102, 111, 107, 127, 29, 147,
       216, 239, 245, 222, 255, 255, 224, 191, 138, 129, 249, 130, 49,
       182, 149, 103, 209, 184, 71, 189, 157, 82, 179, 172, 158, 103, 75,
       230, 59, 187, 145, 102, 221, 2, 201, 21, 18, 222, 131, 4, 76, 45,
       223, 21, 239, 204, 55, 176, 170, 110, 148, 54, 11, 255, 245, 243,
       99, 155, 88, 127, 238, 125, 222, 250, 212, 205, 35, 236, 239, 231,
       128, 172, 243, 216, 17, 244, 109, 217, 230, 184, 98, 79, 220, 162,
       168, 173, 8, 87, 227, 201, 18, 18, 206, 76, 106, 74, 67, 136, 42,
       243, 201, 37, 60, 32, 243, 230, 161, 181, 220, 239, 95, 224, 47,
       231, 190, 54, 250, 126, 114, 115, 245, 141, 113, 125, 126, 54,
       170, 249, 252, 107, 63, 111, 175, 117, 196, 225, 243, 228, 241,
       55, 77, 66, 204, 223, 243, 78, 238, 21, 128, 204, 2, 65, 225, 53,
       228, 120, 234, 18, 238, 72, 187, 124, 254, 63, 14, 133, 25, 55,
       255, 120, 164, 79, 188, 182, 159, 121, 223, 178, 234, 255, 250,
       214, 25, 236, 252, 118, 231, 253, 127, 251, 67, 167, 255, 219,
       255, 159, 119, 95, 127, 90, 61, 41, 215, 81, 32, 134, 156, 78,
       131, 160, 72, 238, 176, 194, 2, 68, 194, 113, 66, 120, 109, 106,
       225, 4, 227, 143, 221, 28, 34, 139, 12, 1, 42, 49, 132, 48, 32,
       135, 156, 92, 139, 192, 104, 22, 160, 226, 10, 83, 225, 32, 0, 89,
       236, 106, 40, 8, 243, 203, 29, 24, 130, 69, 52, 97, 40, 112, 32,
       82, 32, 18, 168, 78, 3, 168, 72, 172, 160, 210, 202, 12, 136, 52,
       64, 122, 141, 123, 225, 4, 163, 135, 216, 148, 32, 11, 56, 37, 10,
       57, 132, 4, 136, 134, 159, 217, 139, 32, 232, 182, 147, 66, 2,
       228, 226, 105, 75, 113, 110, 34, 16, 50, 216, 139, 125, 13, 38,
       87, 68, 144, 104, 33, 8, 32, 164, 135, 156, 92, 131, 160, 234, 22,
       178, 64, 10, 96, 224, 32, 9, 121, 236, 34, 184, 32, 250, 143, 31,
       28, 38, 215, 108, 145, 40, 112, 136, 36, 168, 132, 159, 221, 139,
       160, 232, 154, 177, 96, 8, 228, 224, 105, 19, 217, 110, 98, 81,
       98, 82, 218, 125, 13, 34, 79, 111, 144, 40, 19, 138, 111, 191,
       253, 247, 238, 46, 255, 246, 255, 251, 190, 174, 191, 47, 215,
       107, 111, 215, 127, 223, 219, 123, 239, 224, 190, 255, 255, 244,
       175, 249, 243, 121, 91, 184, 244, 245, 60, 152, 249, 178, 239,
       253, 182, 239, 191, 255, 214, 118, 167, 243, 253, 157, 135, 104,
       231, 241, 222, 255, 255, 178, 174, 132, 83, 125, 12, 158, 171,
       254, 244, 163, 239, 248, 31, 202, 93, 246, 255, 237, 179, 96, 255,
