%YAML:1.0
---
descriptors: !!opencv-matrix
   rows: 154
   cols: 32
   dt: u
   data: [ 61, 201, 78, 232, 52, 135, 235, 244, 69, 1, 250, 198, 19, 137,
       177, 64, 120, 204, 30, 206, 202, 187, 13, 181, 242, 237, 166, 68,
       61, 155, 120, 136, 43, 252, 98, 30, 95, 213, 186, 224, 95, 68,
       121, 139, 104, 220, 55, 164, 222, 41, 147, 231, 198, 182, 126,
       255, 55, 92, 137, 171, 87, 15, 94, 222, 8, 185, 187, 105, 252,
       205, 251, 87, 239, 77, 124, 40, 191, 239, 240, 48, 166, 59, 87,
       28, 146, 58, 178, 113, 111, 221, 38, 232, 210, 138, 199, 249, 189,
       81, 107, 237, 102, 86, 127, 248, 101, 200, 246, 162, 89, 127, 183,
       113, 126, 252, 55, 238, 201, 179, 61, 140, 115, 233, 227, 128, 39,
       179, 116, 241, 159, 81, 107, 69, 102, 86, 239, 248, 97, 202, 247,
       230, 89, 127, 191, 102, 126, 236, 23, 238, 201, 183, 189, 200,
       118, 105, 231, 132, 111, 179, 114, 245, 159, 91, 99, 135, 102, 18,
       238, 240, 97, 200, 215, 230, 73, 108, 191, 167, 62, 236, 151, 239,
       205, 179, 173, 236, 54, 120, 231, 132, 111, 191, 122, 245, 47,
       177, 121, 235, 237, 61, 248, 29, 79, 121, 61, 63, 220, 93, 222,
       44, 159, 27, 223, 53, 151, 96, 251, 209, 207, 93, 159, 254, 158,
       142, 153, 247, 138, 221, 50, 185, 245, 213, 190, 231, 31, 13, 88,
       19, 172, 158, 46, 196, 249, 27, 147, 209, 118, 152, 18, 247, 47,
       85, 158, 195, 146, 12, 189, 207, 126, 56, 243, 229, 101, 126, 251,
       80, 233, 234, 183, 42, 93, 191, 213, 62, 239, 245, 255, 251, 129,
       247, 160, 232, 215, 255, 235, 130, 199, 247, 103, 247, 139, 219,
       103, 216, 127, 149, 190, 247, 157, 72, 208, 231, 172, 222, 54,
       229, 238, 187, 151, 199, 231, 175, 50, 253, 55, 88, 138, 202, 31,
       12, 177, 255, 223, 90, 255, 116, 35, 126, 127, 18, 169, 206, 118,
       237, 127, 183, 195, 255, 38, 245, 253, 238, 129, 213, 176, 232,
       211, 251, 100, 131, 46, 245, 47, 123, 155, 16, 99, 68, 119, 23,
       248, 120, 117, 236, 214, 238, 89, 76, 158, 164, 126, 157, 215,
       173, 165, 150, 53, 206, 87, 123, 171, 132, 103, 164, 119, 245,
       155, 18, 238, 133, 114, 91, 184, 121, 29, 226, 86, 255, 93, 94,
       191, 229, 54, 157, 159, 173, 165, 213, 53, 206, 214, 111, 235,
       149, 47, 172, 9, 213, 32, 156, 57, 88, 125, 237, 145, 238, 222,
       93, 160, 25, 166, 156, 38, 8, 201, 26, 195, 17, 54, 46, 82, 183,
       77, 22, 16, 123, 208, 12, 212, 202, 213, 85, 110, 175, 54, 46,
       254, 232, 62, 194, 219, 135, 245, 122, 27, 66, 254, 197, 125, 231,
       236, 241, 29, 127, 244, 239, 235, 132, 45, 115, 169, 83, 1, 195,
       81, 169, 54, 139, 111, 188, 78, 32, 90, 226, 181, 3, 184, 64, 114,
       10, 14, 108, 67, 152, 69, 61, 164, 132, 42, 128, 60, 154, 129,
       168, 5, 41, 155, 241, 244, 172, 233, 19, 126, 137, 91, 64, 149,
       179, 208, 104, 119, 47, 54, 28, 147, 248, 131, 64, 204, 173, 191,
       224, 136, 194, 161, 161, 44, 20, 252, 93, 68, 126, 241, 26, 84,
       178, 127, 18, 211, 125, 31, 107, 73, 222, 50, 42, 168, 244, 113,
       40, 71, 171, 113, 1, 227, 233, 124, 162, 129, 174, 31, 241, 240,
       139, 105, 39, 252, 18, 98, 80, 181, 131, 128, 91, 35, 42, 74, 24,
       114, 220, 129, 95, 236, 130, 118, 64, 0, 128, 131, 168, 70, 17,
       189, 215, 140, 102, 173, 27, 238, 255, 15, 0, 244, 182, 221, 110,
       69, 86, 122, 9, 145, 193, 251, 192, 5, 62, 223, 4, 128, 115, 149,
       245, 149, 141, 91, 103, 18, 138, 98, 232, 116, 0, 99, 66, 211, 99,
       41, 240, 114, 236, 40, 250, 105, 144, 13, 46, 168, 239, 3, 68,
       104, 163, 104, 32, 52, 32, 19, 153, 95, 169, 160, 74, 190, 33,
       235, 26, 130, 194, 45, 88, 120, 168, 74, 144, 10, 51, 67, 86, 149,
       132, 3, 123, 241, 73, 99, 130, 116, 96, 19, 184, 75, 129, 68, 200,
       39, 18, 160, 10, 38, 210, 105, 220, 249, 136, 106, 130, 74, 39,
       194, 81, 145, 132, 147, 63, 33, 25, 34, 6, 83, 201, 135, 174, 11,
       86, 190, 172, 175, 80, 202, 131, 105, 254, 63, 226, 230, 197, 253,
       231, 205, 1, 159, 249, 178, 111, 203, 151, 61, 119, 57, 94, 215,
       41, 143, 182, 138, 76, 190, 0, 168, 192, 131, 135, 253, 238, 83,
       74, 166, 101, 121, 247, 5, 193, 223, 104, 152, 227, 111, 152, 172,
       119, 35, 80, 43, 141, 98, 73, 245, 215, 191, 103, 77, 77, 124, 2,
       40, 8, 182, 36, 122, 42, 147, 253, 214, 186, 36, 253, 111, 28,
       134, 227, 87, 142, 245, 253, 177, 7, 67, 237, 22, 6, 111, 121, 53,
       132, 210, 198, 115, 99, 176, 85, 126, 172, 31, 238, 233, 146, 37,
       14, 244, 174, 163, 128, 39, 170, 112, 96, 5, 125, 183, 83, 135,
       110, 167, 200, 122, 251, 43, 88, 222, 245, 73, 191, 177, 94, 120,
       122, 51, 241, 185, 98, 173, 158, 69, 70, 192, 115, 199, 161, 64,
       221, 23, 94, 169, 102, 22, 191, 253, 90, 226, 64, 252, 119, 45,
       251, 135, 119, 124, 42, 97, 193, 57, 109, 163, 250, 86, 2, 24,
       112, 165, 57, 3, 56, 31, 249, 108, 141, 185, 83, 142, 25, 80, 80,
       188, 159, 96, 105, 198, 59, 151, 17, 147, 28, 50, 209, 197, 217,
       58, 234, 152, 8, 1, 187, 56, 235, 88, 238, 53, 155, 82, 230, 39,
       37, 236, 8, 175, 3, 2, 180, 122, 234, 206, 72, 78, 186, 113, 189,
       251, 213, 0, 19, 114, 154, 238, 12, 34, 124, 162, 156, 119, 212,
       188, 103, 157, 199, 92, 163, 44, 188, 54, 32, 206, 59, 147, 5,
       196, 187, 48, 239, 39, 52, 158, 139, 7, 92, 61, 223, 124, 73, 234,
       236, 116, 144, 79, 84, 197, 128, 222, 2, 113, 227, 179, 96, 120,
       232, 63, 234, 136, 147, 38, 232, 114, 237, 162, 136, 39, 187, 112,
       32, 53, 102, 87, 69, 102, 122, 238, 120, 113, 226, 254, 234, 83,
       48, 157, 183, 126, 220, 100, 234, 237, 246, 229, 14, 52, 234, 101,
       132, 111, 243, 106, 165, 130, 57, 18, 152, 109, 245, 184, 67, 142,
       76, 88, 39, 172, 158, 103, 132, 238, 59, 147, 129, 70, 59, 146,
       211, 5, 20, 26, 171, 24, 76, 47, 223, 37, 188, 225, 163, 244, 235,
       235, 154, 95, 101, 127, 166, 147, 60, 220, 36, 95, 74, 22, 29,
       159, 184, 125, 247, 44, 94, 183, 228, 244, 206, 80, 253, 94, 57,
       63, 174, 61, 215, 90, 104, 167, 196, 215, 11, 111, 223, 35, 240,
       254, 249, 253, 227, 12, 131, 186, 189, 211, 225, 139, 59, 50, 39,
       47, 82, 58, 107, 98, 174, 109, 217, 94, 102, 135, 76, 252, 175,
       43, 204, 183, 148, 174, 171, 215, 69, 206, 43, 38, 189, 50, 93,
       144, 187, 119, 142, 126, 223, 10, 253, 50, 155, 213, 213, 182,
       230, 31, 37, 88, 3, 172, 220, 102, 132, 221, 123, 147, 81, 86, 58,
       24, 255, 47, 84, 159, 107, 87, 30, 189, 222, 23, 29, 99, 159, 244,
       150, 110, 114, 116, 200, 91, 198, 113, 254, 177, 228, 126, 238,
       22, 239, 237, 154, 60, 239, 56, 46, 174, 128, 61, 135, 112, 253,
       249, 18, 112, 108, 125, 31, 89, 88, 69, 172, 245, 10, 91, 25, 182,
       116, 94, 156, 127, 104, 136, 183, 113, 140, 87, 249, 33, 20, 119,
       174, 116, 35, 191, 89, 106, 78, 102, 86, 239, 248, 69, 200, 246,
       6, 89, 253, 183, 100, 126, 236, 23, 238, 201, 179, 188, 236, 115,
       41, 167, 136, 111, 191, 120, 245, 131, 188, 186, 249, 217, 165,
       184, 207, 31, 83, 100, 23, 172, 250, 119, 72, 245, 43, 51, 149,
       182, 220, 19, 243, 79, 94, 158, 98, 154, 92, 169, 222, 183, 4,
       110, 228, 28, 83, 232, 104, 212, 130, 242, 2, 81, 216, 125, 225,
       250, 189, 63, 161, 236, 231, 7, 206, 155, 207, 171, 141, 101, 40,
       120, 130, 147, 20, 108, 229, 38, 127, 248, 91, 125, 226, 214, 179,
       153, 14, 150, 104, 254, 157, 159, 173, 173, 220, 53, 206, 150,
       111, 250, 133, 45, 172, 57, 221, 155, 91, 98, 94, 51, 146, 254,
       112, 181, 196, 214, 231, 105, 206, 183, 245, 118, 237, 151, 239,
       228, 157, 36, 239, 50, 105, 175, 129, 47, 182, 45, 93, 161, 127,
       181, 69, 180, 95, 229, 222, 125, 168, 114, 112, 186, 53, 133, 183,
       142, 92, 92, 104, 225, 252, 97, 172, 47, 216, 101, 150, 66, 184,
       199, 189, 44, 86, 253, 127, 108, 47, 245, 186, 71, 190, 117, 108,
       90, 121, 9, 27, 141, 84, 103, 42, 232, 246, 123, 29, 71, 219, 113,
