%YAML:1.0
---
descriptors: !!opencv-matrix
   rows: 70
   cols: 32
   dt: u
   data: [ 253, 180, 157, 122, 169, 237, 81, 221, 251, 91, 165, 28, 127,
       255, 72, 27, 165, 179, 236, 26, 59, 71, 186, 49, 219, 219, 116,
       122, 234, 65, 195, 27, 60, 185, 56, 122, 249, 205, 87, 249, 171,
       57, 165, 8, 63, 255, 72, 16, 148, 187, 221, 82, 26, 43, 26, 189,
       251, 221, 1, 127, 226, 2, 134, 19, 118, 65, 2, 136, 93, 79, 254,
       98, 173, 32, 234, 11, 140, 142, 39, 84, 248, 145, 219, 231, 76,
       163, 16, 204, 183, 148, 138, 31, 17, 61, 43, 198, 169, 58, 226,
       81, 228, 155, 233, 87, 119, 71, 116, 150, 41, 141, 182, 61, 63,
       42, 146, 28, 183, 252, 118, 234, 70, 91, 80, 65, 239, 140, 90,
       220, 56, 32, 10, 169, 77, 73, 225, 64, 100, 36, 230, 3, 155, 9, 2,
       0, 104, 156, 202, 241, 8, 179, 81, 0, 213, 225, 130, 1, 99, 10,
       126, 130, 47, 181, 248, 65, 221, 255, 208, 202, 91, 245, 173, 29,
       10, 184, 94, 191, 153, 138, 194, 28, 159, 122, 126, 148, 79, 93,
       17, 119, 203, 77, 90, 214, 56, 0, 68, 233, 5, 219, 97, 16, 53, 53,
       102, 2, 91, 19, 2, 124, 120, 156, 170, 152, 10, 176, 113, 129,
       199, 233, 144, 1, 35, 136, 116, 34, 109, 122, 168, 97, 37, 127,
       83, 144, 67, 254, 182, 13, 195, 12, 87, 186, 153, 228, 228, 126,
       141, 116, 249, 168, 79, 217, 5, 53, 202, 253, 94, 84, 9, 0, 124,
       65, 1, 222, 105, 16, 101, 85, 102, 130, 153, 19, 150, 236, 98, 28,
       58, 216, 143, 176, 119, 192, 71, 233, 146, 0, 103, 128, 108, 164,
       66, 141, 134, 190, 153, 228, 58, 230, 174, 21, 202, 19, 172, 251,
       40, 194, 225, 115, 235, 129, 18, 9, 154, 247, 153, 54, 218, 75, 0,
       69, 189, 10, 26, 149, 58, 186, 243, 196, 27, 233, 173, 5, 109,
       161, 78, 255, 42, 80, 182, 187, 135, 226, 80, 155, 58, 223, 251,
       245, 10, 79, 16, 6, 167, 115, 48, 149, 191, 252, 197, 102, 85,
       239, 81, 31, 230, 18, 82, 189, 44, 91, 233, 214, 163, 16, 56, 251,
       19, 160, 123, 251, 84, 71, 241, 88, 246, 170, 242, 228, 150, 184,
       141, 197, 222, 238, 159, 55, 160, 27, 42, 254, 124, 83, 233, 227,
       123, 211, 110, 111, 154, 243, 187, 218, 223, 123, 209, 92, 230,
       78, 122, 121, 169, 164, 27, 84, 95, 31, 3, 224, 138, 139, 255,
       191, 65, 242, 197, 253, 253, 209, 73, 75, 249, 136, 251, 229, 141,
       189, 36, 120, 20, 122, 176, 201, 79, 188, 14, 128, 141, 245, 132,
       0, 212, 130, 49, 131, 176, 97, 104, 162, 26, 205, 105, 143, 38,
       189, 240, 161, 170, 128, 53, 152, 240, 40, 29, 81, 106, 101, 102,
       90, 127, 120, 97, 232, 246, 162, 89, 29, 159, 32, 62, 220, 21,
       238, 201, 176, 165, 204, 119, 233, 167, 133, 103, 183, 118, 241,
       17, 135, 75, 237, 146, 2, 78, 56, 36, 0, 218, 198, 81, 99, 176,
       96, 118, 198, 28, 238, 217, 152, 5, 13, 248, 172, 170, 196, 45,
       162, 48, 33, 34, 77, 18, 154, 93, 201, 180, 70, 237, 5, 106, 3,
       172, 154, 36, 196, 232, 59, 203, 193, 70, 187, 18, 233, 53, 52,
       154, 43, 80, 28, 175, 142, 50, 77, 18, 156, 29, 213, 212, 102,
       141, 5, 232, 11, 46, 154, 39, 212, 232, 187, 203, 129, 76, 43, 80,
       236, 177, 20, 154, 27, 17, 28, 111, 142, 52, 65, 91, 236, 84, 71,
       79, 104, 17, 132, 232, 11, 83, 185, 45, 80, 120, 220, 3, 234, 72,
       179, 16, 14, 115, 172, 128, 12, 113, 59, 118, 162, 33, 172, 251,
       89, 116, 171, 249, 71, 127, 67, 122, 2, 48, 140, 180, 57, 171, 42,
       18, 28, 150, 252, 52, 124, 79, 30, 80, 64, 205, 200, 102, 222,
       245, 109, 190, 110, 205, 47, 214, 236, 90, 162, 169, 26, 82, 248,
       92, 59, 249, 214, 98, 99, 124, 103, 218, 46, 59, 139, 85, 62, 73,
       123, 250, 2, 229, 114, 169, 103, 36, 95, 85, 20, 104, 238, 54, 13,
       243, 29, 215, 58, 156, 100, 125, 126, 205, 244, 240, 8, 103, 201,
       101, 176, 192, 187, 86, 123, 1, 90, 83, 73, 52, 170, 107, 150,
       126, 65, 106, 228, 247, 3, 177, 120, 54, 46, 44, 92, 131, 184, 37,
       61, 164, 190, 48, 64, 152, 144, 97, 57, 20, 141, 122, 248, 210,
       196, 123, 226, 191, 5, 108, 3, 125, 255, 40, 80, 178, 187, 19,
       208, 18, 43, 26, 127, 123, 165, 2, 73, 113, 131, 167, 162, 24,
       132, 188, 228, 172, 67, 157, 111, 142, 190, 156, 50, 255, 43, 34,
       3, 163, 119, 125, 33, 56, 73, 43, 138, 217, 199, 127, 149, 144,
       104, 165, 43, 204, 164, 191, 113, 228, 232, 113, 23, 249, 155,
       119, 48, 159, 159, 192, 59, 163, 30, 109, 24, 50, 252, 162, 2,
       207, 251, 116, 73, 192, 192, 199, 35, 56, 234, 121, 106, 120, 205,
       82, 216, 227, 44, 180, 72, 63, 211, 65, 144, 156, 153, 197, 88,
       10, 47, 106, 61, 219, 217, 33, 125, 98, 131, 70, 171, 208, 166,
       157, 177, 170, 104, 53, 135, 186, 63, 2, 48, 150, 55, 64, 91, 163,
       23, 125, 17, 50, 93, 131, 64, 201, 130, 126, 119, 128, 64, 133,
       43, 32, 73, 26, 188, 93, 197, 84, 103, 141, 5, 232, 9, 166, 152,
       34, 80, 200, 187, 203, 1, 76, 171, 82, 45, 243, 181, 18, 27, 80,
       24, 190, 10, 112, 33, 90, 72, 93, 7, 112, 64, 229, 32, 231, 10,
       18, 145, 37, 116, 248, 148, 106, 104, 8, 163, 209, 140, 83, 233,
       128, 31, 115, 10, 104, 130, 244, 237, 158, 126, 204, 43, 215, 237,
       218, 182, 169, 26, 86, 248, 75, 25, 249, 230, 98, 67, 120, 231,
       218, 42, 249, 142, 69, 63, 193, 123, 242, 2, 236, 96, 254, 226,
       36, 43, 81, 20, 249, 166, 54, 8, 223, 217, 89, 27, 155, 116, 125,
       123, 40, 245, 232, 138, 205, 217, 101, 49, 198, 251, 86, 107, 64,
       253, 25, 242, 185, 201, 21, 166, 186, 61, 136, 56, 182, 151, 64,
       18, 129, 91, 121, 80, 66, 73, 202, 55, 249, 149, 30, 123, 0, 16,
       135, 43, 72, 166, 157, 115, 172, 236, 112, 23, 251, 31, 55, 48,
       159, 51, 72, 27, 129, 23, 109, 24, 50, 109, 131, 0, 207, 243, 116,
       65, 192, 192, 199, 35, 87, 6, 199, 228, 166, 34, 237, 87, 212,
       131, 219, 246, 81, 163, 185, 107, 126, 164, 63, 188, 185, 211, 37,
       192, 208, 238, 250, 196, 173, 232, 240, 33, 3, 219, 51, 153, 101,
       213, 184, 214, 159, 93, 84, 103, 172, 158, 182, 100, 238, 59, 183,
       197, 199, 184, 50, 245, 71, 120, 186, 138, 30, 12, 41, 223, 25,
       83, 107, 229, 38, 90, 253, 116, 97, 236, 126, 230, 89, 31, 151,
       97, 126, 220, 149, 238, 205, 176, 37, 204, 118, 233, 226, 128,
       103, 182, 118, 121, 58, 83, 106, 237, 54, 22, 125, 115, 101, 76,
       246, 231, 27, 15, 182, 85, 126, 181, 151, 236, 201, 186, 101, 204,
       246, 249, 162, 129, 47, 172, 116, 121, 155, 82, 115, 225, 102, 28,
       249, 86, 109, 76, 246, 231, 159, 31, 246, 230, 110, 145, 159, 141,
       141, 183, 101, 192, 214, 217, 170, 128, 39, 140, 117, 241, 252,
       226, 148, 114, 169, 45, 86, 217, 227, 187, 177, 88, 95, 251, 73,
       27, 177, 215, 108, 122, 58, 103, 202, 49, 251, 203, 101, 125, 226,
       243, 194, 3, 214, 220, 140, 151, 155, 114, 148, 175, 150, 182,
       134, 183, 109, 102, 11, 207, 101, 87, 249, 163, 124, 197, 223,
       188, 184, 99, 223, 151, 190, 117, 189, 94, 196, 48, 157, 242, 139,
       228, 17, 24, 186, 179, 33, 24, 220, 247, 73, 91, 145, 17, 121,
       178, 51, 69, 154, 82, 203, 147, 67, 127, 128, 97, 7, 50, 102, 235,
       132, 158, 62, 81, 130, 168, 158, 188, 145, 235, 228, 232, 203,
       198, 91, 66, 238, 83, 70, 99, 207, 177, 168, 50, 111, 255, 85, 63,
       29, 69, 70, 249, 158, 190, 153, 192, 19, 168, 139, 157, 129, 1,
       228, 246, 107, 82, 193, 115, 232, 211, 78, 75, 218, 113, 169, 146,
       223, 123, 144, 19, 37, 78, 48, 32, 82, 105, 15, 73, 113, 64, 101,
       36, 226, 34, 2, 25, 44, 80, 232, 156, 106, 32, 8, 179, 193, 0, 84,
       168, 0, 22, 113, 10, 100, 130, 27, 36, 132, 181, 31, 50, 168, 106,
       26, 161, 130, 151, 205, 42, 18, 203, 163, 103, 232, 165, 52, 207,
       85, 220, 152, 231, 219, 83, 173, 44, 11, 140, 84, 115, 30, 188,
       27, 193, 18, 104, 134, 180, 137, 173, 230, 199, 107, 66, 177, 117,
       233, 99, 78, 67, 154, 29, 241, 229, 11, 63, 16, 51, 45, 18, 120,
       191, 152, 244, 120, 140, 80, 55, 163, 169, 172, 41, 175, 147, 64,
