%YAML:1.0
---
descriptors: !!opencv-matrix
   rows: 173
   cols: 32
   dt: u
   data: [ 39, 125, 162, 158, 213, 135, 166, 224, 255, 196, 250, 71, 100,
       232, 55, 196, 248, 235, 2, 199, 196, 179, 156, 255, 52, 60, 7, 10,
       221, 127, 114, 196, 235, 242, 127, 222, 108, 213, 253, 253, 191,
       95, 244, 252, 252, 223, 158, 121, 207, 155, 255, 141, 227, 79,
       234, 211, 118, 123, 254, 186, 30, 148, 235, 249, 10, 175, 42, 187,
       247, 241, 191, 231, 31, 69, 92, 163, 172, 237, 54, 0, 255, 107,
       131, 149, 118, 186, 42, 255, 239, 87, 30, 235, 215, 94, 189, 219,
       207, 187, 255, 242, 254, 221, 253, 249, 191, 125, 151, 254, 221,
       255, 254, 231, 47, 215, 255, 157, 179, 121, 175, 245, 222, 219,
       255, 236, 191, 141, 197, 113, 111, 254, 252, 253, 126, 62, 253,
       158, 123, 251, 124, 247, 221, 191, 215, 122, 255, 221, 191, 29,
       167, 126, 255, 243, 222, 255, 255, 164, 191, 253, 91, 249, 61, 66,
       109, 238, 76, 3, 199, 248, 71, 18, 245, 202, 83, 201, 185, 99, 88,
       200, 38, 110, 201, 39, 111, 157, 242, 235, 225, 60, 127, 187, 112,
       160, 203, 147, 125, 245, 172, 95, 253, 61, 127, 251, 183, 254,
       251, 255, 222, 171, 110, 215, 255, 174, 249, 118, 239, 214, 254,
       219, 247, 180, 79, 172, 229, 113, 143, 191, 239, 245, 188, 31,
       255, 179, 189, 253, 247, 244, 219, 63, 150, 167, 206, 215, 255,
       238, 185, 249, 97, 229, 238, 251, 239, 196, 206, 229, 231, 241,
       174, 233, 54, 143, 77, 83, 190, 233, 159, 244, 213, 11, 108, 220,
       118, 133, 250, 217, 243, 227, 100, 119, 122, 255, 63, 80, 207,
       191, 87, 63, 157, 214, 237, 110, 177, 69, 33, 30, 103, 184, 105,
       234, 55, 76, 222, 33, 209, 183, 148, 68, 236, 110, 225, 244, 233,
       40, 229, 251, 101, 52, 74, 255, 66, 49, 107, 30, 255, 253, 116,
       62, 121, 182, 123, 234, 126, 230, 255, 239, 149, 114, 127, 254,
       63, 12, 161, 248, 245, 235, 246, 255, 243, 176, 167, 253, 83, 249,
       10, 141, 83, 74, 177, 171, 238, 255, 127, 1, 120, 192, 169, 171,
       52, 132, 26, 106, 23, 140, 82, 185, 29, 255, 98, 220, 6, 64, 254,
       214, 227, 136, 54, 79, 99, 140, 86, 211, 206, 96, 133, 196, 223,
       163, 97, 204, 183, 64, 126, 252, 151, 231, 204, 147, 36, 142, 114,
       100, 171, 137, 55, 191, 116, 212, 131, 85, 119, 191, 34, 206, 109,
       53, 172, 194, 91, 66, 253, 246, 177, 97, 118, 55, 63, 239, 225,
       153, 53, 205, 229, 170, 250, 128, 36, 146, 37, 121, 15, 118, 233,
       211, 246, 52, 255, 216, 123, 251, 29, 246, 89, 111, 223, 47, 63,
       207, 119, 255, 167, 84, 239, 226, 126, 95, 239, 236, 175, 247,
       115, 245, 191, 54, 235, 227, 244, 54, 235, 216, 87, 235, 255, 246,
       89, 127, 221, 104, 127, 223, 55, 255, 187, 242, 237, 226, 94, 207,
       175, 196, 167, 251, 116, 241, 203, 242, 253, 255, 174, 157, 253,
       29, 127, 91, 119, 244, 255, 223, 158, 105, 223, 147, 255, 141,
       235, 116, 111, 211, 230, 251, 118, 142, 94, 220, 161, 113, 125,
       125, 97, 69, 220, 95, 79, 248, 65, 234, 188, 106, 83, 125, 149,
       182, 88, 212, 85, 234, 233, 50, 253, 142, 255, 253, 229, 188, 103,
       255, 86, 117, 124, 125, 253, 102, 174, 79, 87, 248, 65, 174, 188,
       42, 91, 119, 77, 55, 30, 212, 109, 106, 72, 99, 251, 40, 251, 217,
       101, 188, 99, 251, 70, 115, 221, 147, 251, 227, 246, 127, 107,
       248, 127, 237, 247, 214, 91, 239, 221, 120, 127, 207, 63, 254,
       185, 243, 173, 222, 223, 239, 175, 196, 167, 235, 117, 241, 89,
       146, 187, 254, 53, 252, 89, 19, 235, 73, 91, 92, 191, 158, 64,
       240, 230, 191, 253, 17, 155, 24, 178, 197, 219, 253, 58, 202, 8,
       2, 33, 123, 252, 183, 252, 166, 186, 102, 95, 184, 51, 238, 191,
       173, 119, 119, 11, 82, 119, 215, 125, 238, 120, 67, 201, 62, 251,
       239, 229, 181, 166, 242, 230, 83, 79, 251, 252, 247, 172, 10, 255,
       190, 255, 255, 182, 246, 221, 47, 215, 107, 111, 215, 127, 219,
       251, 107, 239, 241, 254, 251, 255, 244, 175, 249, 243, 57, 155,
       21, 247, 245, 230, 42, 237, 127, 125, 227, 251, 246, 223, 63, 156,
       251, 127, 215, 63, 173, 249, 252, 101, 206, 190, 255, 254, 196,
       231, 248, 225, 241, 95, 124, 254, 229, 118, 122, 251, 210, 47,
       242, 95, 167, 157, 159, 215, 34, 63, 253, 255, 191, 129, 244, 173,
       232, 214, 125, 175, 166, 175, 247, 51, 245, 142, 48, 251, 243,
       229, 253, 249, 210, 127, 255, 245, 59, 158, 157, 95, 41, 191, 153,
       247, 17, 162, 118, 186, 194, 95, 89, 127, 239, 199, 221, 103, 243,
       6, 205, 146, 190, 245, 231, 191, 230, 158, 7, 90, 19, 236, 255,
       39, 64, 217, 123, 147, 195, 50, 186, 26, 255, 109, 54, 159, 75,
       148, 121, 181, 218, 75, 190, 253, 215, 62, 156, 251, 178, 239,
       127, 30, 228, 252, 255, 222, 102, 135, 119, 255, 29, 247, 88, 255,
       247, 206, 255, 63, 226, 142, 134, 7, 127, 194, 52, 182, 189, 105,
       255, 176, 74, 191, 247, 195, 25, 204, 222, 102, 207, 239, 61, 235,
       145, 38, 199, 219, 211, 149, 114, 91, 127, 16, 77, 45, 214, 189,
       115, 76, 195, 172, 15, 207, 248, 4, 228, 189, 207, 83, 65, 159,
       19, 28, 192, 87, 110, 201, 163, 93, 60, 226, 201, 229, 180, 127,
       251, 82, 240, 218, 90, 254, 252, 38, 90, 93, 52, 253, 94, 246,
       183, 239, 191, 55, 123, 230, 245, 253, 231, 232, 229, 167, 234,
       210, 251, 250, 147, 39, 180, 37, 95, 4, 205, 134, 151, 144, 139,
       38, 168, 190, 179, 67, 2, 228, 226, 105, 79, 113, 110, 34, 122,
       96, 208, 27, 127, 44, 38, 207, 68, 128, 122, 17, 32, 10, 221, 43,
       255, 247, 193, 191, 231, 31, 69, 92, 163, 188, 255, 34, 96, 255,
       123, 147, 193, 115, 154, 58, 255, 111, 119, 158, 203, 23, 12, 181,
       250, 89, 149, 95, 231, 178, 6, 63, 57, 56, 73, 91, 246, 253, 103,
       168, 99, 118, 87, 61, 174, 241, 145, 185, 239, 224, 239, 238, 128,
       44, 194, 161, 113, 247, 215, 105, 133, 254, 23, 223, 253, 81, 238,
       159, 239, 89, 108, 159, 34, 127, 197, 85, 239, 237, 179, 253, 206,
       126, 79, 175, 180, 109, 254, 240, 213, 36, 233, 134, 158, 216,
       131, 166, 232, 150, 176, 97, 2, 224, 224, 105, 195, 89, 110, 34,
       114, 34, 210, 202, 61, 44, 38, 71, 109, 144, 42, 33, 128, 53, 65,
       107, 44, 84, 11, 195, 120, 84, 192, 251, 78, 83, 200, 183, 96,
       120, 168, 22, 111, 205, 179, 53, 28, 48, 44, 33, 28, 125, 170,
       112, 132, 205, 253, 189, 54, 168, 205, 167, 188, 186, 254, 132,
       12, 244, 212, 67, 59, 133, 124, 121, 91, 227, 71, 250, 57, 237,
       147, 111, 60, 72, 113, 135, 251, 177, 82, 107, 76, 52, 75, 195,
       120, 86, 236, 246, 238, 115, 77, 150, 32, 92, 164, 86, 108, 233,
       183, 101, 31, 114, 239, 161, 148, 125, 170, 118, 113, 26, 143,
       226, 158, 214, 146, 238, 230, 23, 5, 222, 163, 105, 236, 183, 192,
       123, 238, 167, 199, 142, 187, 45, 255, 122, 103, 191, 129, 183,
       223, 252, 204, 90, 240, 150, 186, 27, 205, 48, 204, 191, 29, 96,
       25, 46, 222, 42, 152, 164, 27, 251, 17, 6, 79, 18, 245, 147, 247,
       26, 75, 18, 5, 47, 91, 138, 182, 162, 144, 239, 244, 184, 79, 27,
       255, 80, 183, 172, 174, 94, 142, 175, 75, 179, 149, 182, 94, 150,
       195, 31, 86, 222, 239, 135, 68, 191, 223, 142, 56, 190, 219, 195,
       188, 185, 67, 191, 151, 68, 19, 140, 238, 103, 207, 231, 123, 171,
       145, 50, 220, 178, 226, 79, 87, 94, 107, 130, 69, 165, 246, 89,
       135, 239, 247, 230, 58, 236, 255, 127, 243, 255, 246, 221, 47,
       156, 123, 127, 199, 127, 189, 241, 251, 237, 226, 254, 239, 246,
       196, 229, 250, 225, 168, 138, 171, 179, 72, 235, 249, 178, 199,
       171, 13, 184, 185, 172, 206, 100, 150, 175, 59, 203, 145, 22, 43,
       162, 243, 31, 85, 14, 123, 210, 68, 175, 207, 6, 140, 179, 220,
       213, 231, 186, 226, 158, 1, 90, 2, 172, 255, 49, 192, 249, 123,
       179, 209, 50, 250, 18, 255, 45, 54, 159, 75, 148, 121, 53, 170,
       91, 190, 124, 255, 60, 157, 217, 51, 239, 248, 180, 239, 255, 255,
       215, 54, 175, 179, 255, 141, 143, 104, 238, 223, 222, 223, 175,
