%YAML:1.0
---
descriptors: !!opencv-matrix
   rows: 104
   cols: 32
   dt: u
   data: [ 47, 146, 185, 221, 53, 223, 153, 248, 31, 223, 244, 39, 250,
       254, 239, 237, 221, 57, 151, 52, 175, 242, 114, 221, 75, 95, 247,
       215, 218, 44, 109, 255, 7, 86, 235, 129, 244, 183, 187, 222, 31,
       235, 92, 246, 29, 204, 253, 44, 255, 57, 23, 157, 163, 180, 44,
       218, 126, 95, 191, 228, 149, 221, 113, 245, 61, 150, 236, 253,
       125, 87, 89, 123, 87, 206, 244, 134, 107, 111, 182, 229, 95, 128,
       158, 172, 173, 106, 119, 159, 223, 223, 231, 253, 255, 172, 76,
       241, 11, 155, 247, 177, 226, 144, 189, 21, 173, 89, 94, 231, 189,
       46, 230, 230, 102, 59, 183, 221, 151, 152, 38, 225, 238, 93, 190,
       192, 175, 134, 169, 253, 15, 148, 41, 219, 245, 181, 235, 218, 31,
       65, 77, 22, 153, 254, 126, 108, 253, 11, 19, 157, 147, 152, 60,
       211, 79, 93, 154, 228, 159, 207, 117, 244, 45, 97, 41, 202, 205,
       85, 199, 204, 199, 112, 165, 14, 18, 152, 125, 47, 200, 200, 83,
       223, 201, 39, 122, 176, 115, 89, 129, 60, 91, 27, 208, 228, 4,
       225, 142, 159, 88, 131, 162, 232, 142, 176, 67, 0, 228, 192, 105,
       70, 249, 100, 106, 82, 2, 193, 154, 125, 13, 34, 79, 107, 16, 43,
       53, 134, 3, 0, 105, 129, 70, 137, 232, 66, 237, 17, 144, 195, 141,
       10, 116, 106, 110, 145, 95, 133, 134, 43, 68, 192, 148, 16, 154,
       40, 117, 136, 33, 140, 198, 101, 6, 138, 206, 3, 174, 76, 238, 34,
       201, 10, 132, 136, 125, 65, 234, 141, 107, 227, 112, 51, 211, 242,
       52, 32, 139, 40, 149, 91, 179, 130, 192, 38, 134, 157, 9, 171, 32,
       74, 190, 179, 66, 80, 228, 194, 96, 201, 113, 44, 106, 16, 34,
       213, 131, 31, 132, 34, 219, 45, 16, 32, 9, 130, 2, 168, 150, 185,
       169, 225, 184, 71, 190, 29, 64, 145, 172, 134, 96, 200, 231, 59,
       171, 145, 18, 92, 131, 81, 141, 16, 90, 235, 144, 0, 173, 155,
       212, 207, 140, 190, 150, 34, 78, 237, 26, 146, 153, 211, 127, 226,
       41, 81, 115, 231, 44, 246, 120, 71, 10, 255, 248, 135, 239, 92,
       176, 115, 161, 0, 217, 142, 237, 225, 166, 34, 105, 151, 124, 115,
       210, 246, 57, 43, 208, 107, 111, 135, 63, 157, 187, 220, 37, 227,
       222, 235, 254, 192, 173, 192, 241, 121, 17, 23, 107, 239, 52, 15,
       107, 56, 52, 104, 255, 68, 211, 71, 152, 112, 122, 140, 126, 110,
       201, 176, 121, 14, 229, 237, 162, 128, 104, 170, 64, 113, 56, 157,
       122, 126, 83, 243, 19, 112, 21, 64, 109, 162, 121, 255, 33, 240,
       122, 187, 147, 226, 57, 154, 56, 127, 115, 229, 160, 75, 127, 163,
       44, 186, 252, 112, 253, 227, 45, 95, 87, 152, 67, 254, 181, 24,
       219, 93, 75, 59, 157, 212, 253, 122, 233, 102, 249, 128, 195, 219,
       101, 61, 226, 251, 70, 115, 1, 216, 123, 91, 100, 205, 233, 148,
       127, 93, 118, 0, 176, 215, 189, 108, 78, 56, 18, 74, 195, 180, 50,
       113, 71, 24, 50, 0, 87, 153, 69, 249, 18, 143, 87, 220, 194, 192,
       189, 231, 180, 23, 88, 179, 45, 166, 32, 65, 111, 187, 163, 129,
       112, 203, 6, 237, 48, 34, 222, 139, 53, 84, 165, 187, 2, 149, 150,
       156, 195, 172, 180, 103, 236, 27, 106, 17, 172, 178, 36, 70, 165,
       35, 106, 0, 80, 201, 18, 197, 5, 54, 90, 2, 0, 64, 169, 143, 48,
       65, 122, 108, 84, 119, 87, 72, 69, 132, 253, 10, 19, 28, 181, 48,
       216, 184, 6, 106, 136, 179, 112, 12, 179, 237, 32, 29, 113, 59,
       102, 100, 27, 93, 106, 237, 54, 82, 255, 53, 101, 68, 254, 162,
       123, 63, 182, 96, 126, 252, 151, 238, 201, 184, 53, 204, 247, 237,
       162, 128, 39, 190, 116, 249, 166, 56, 255, 154, 239, 245, 185, 67,
       159, 223, 245, 191, 44, 222, 118, 11, 239, 179, 211, 145, 182,
       111, 50, 240, 95, 19, 222, 251, 215, 76, 183, 247, 226, 176, 231,
       216, 239, 245, 184, 207, 143, 125, 148, 191, 44, 158, 126, 203,
       239, 147, 255, 145, 151, 111, 178, 209, 27, 24, 218, 255, 151, 12,
       181, 95, 9, 186, 183, 249, 236, 173, 185, 215, 127, 123, 86, 116,
       188, 183, 224, 236, 231, 59, 63, 28, 147, 220, 227, 243, 204, 223,
       126, 226, 154, 200, 161, 185, 155, 23, 117, 225, 242, 90, 63, 60,
       61, 234, 86, 247, 221, 47, 158, 117, 54, 149, 23, 238, 245, 144,
       117, 206, 166, 250, 174, 196, 47, 166, 129, 245, 9, 34, 222, 185,
       108, 141, 233, 91, 238, 17, 116, 86, 189, 139, 242, 203, 106, 41,
       126, 157, 3, 120, 198, 209, 84, 209, 250, 232, 30, 136, 105, 169,
       59, 26, 99, 205, 117, 215, 251, 80, 29, 204, 246, 230, 10, 158,
       183, 244, 254, 189, 151, 236, 141, 179, 117, 206, 150, 252, 171,
       130, 63, 174, 118, 245, 173, 166, 173, 201, 140, 55, 205, 191, 83,
       250, 149, 222, 211, 41, 223, 43, 93, 198, 23, 175, 187, 102, 125,
       159, 111, 219, 245, 188, 223, 253, 208, 224, 245, 38, 229, 5, 140,
       59, 204, 24, 82, 226, 147, 253, 211, 40, 215, 191, 89, 196, 124,
       175, 173, 246, 237, 26, 140, 10, 229, 180, 237, 253, 90, 84, 68,
       225, 22, 158, 89, 129, 162, 200, 142, 144, 193, 1, 228, 192, 105,
       66, 208, 109, 106, 99, 66, 67, 154, 125, 61, 32, 15, 62, 16, 59,
       41, 130, 177, 64, 111, 229, 20, 66, 227, 96, 100, 160, 243, 2, 83,
       9, 177, 97, 120, 132, 14, 234, 104, 183, 37, 140, 212, 169, 162,
       1, 101, 171, 112, 32, 130, 184, 150, 185, 105, 229, 184, 71, 158,
       29, 80, 19, 172, 151, 96, 201, 239, 59, 163, 145, 18, 92, 18, 241,
       141, 16, 218, 235, 144, 8, 173, 155, 139, 159, 253, 251, 166, 164,
       237, 151, 223, 91, 20, 246, 189, 235, 240, 107, 39, 35, 63, 157,
       179, 72, 166, 241, 206, 219, 254, 200, 158, 192, 129, 105, 20,
       112, 59, 239, 60, 79, 115, 88, 116, 236, 255, 2, 215, 87, 9, 96,
       126, 220, 110, 234, 137, 176, 249, 14, 245, 237, 35, 4, 96, 187,
       37, 243, 207, 50, 252, 119, 41, 124, 121, 154, 251, 255, 23, 245,
       221, 255, 223, 63, 135, 85, 253, 22, 165, 69, 251, 224, 79, 251,
       113, 174, 142, 245, 14, 247, 252, 112, 253, 99, 173, 95, 87, 152,
       67, 254, 181, 12, 223, 93, 91, 59, 156, 212, 253, 122, 233, 102,
       249, 128, 215, 217, 101, 60, 226, 187, 86, 115, 50, 131, 107, 232,
       162, 66, 29, 103, 5, 13, 220, 179, 13, 47, 160, 80, 110, 147, 135,
       161, 88, 155, 36, 213, 242, 225, 250, 195, 53, 132, 166, 123, 253,
       207, 239, 254, 190, 34, 79, 255, 151, 202, 252, 214, 115, 235,
       187, 99, 127, 230, 63, 238, 249, 99, 174, 191, 250, 239, 231, 156,
       191, 250, 240, 113, 2, 133, 24, 137, 149, 167, 178, 234, 12, 1,
       75, 3, 148, 57, 60, 64, 217, 27, 19, 49, 18, 184, 89, 221, 45, 20,
       130, 70, 152, 11, 49, 130, 58, 112, 102, 205, 109, 95, 249, 72,
       47, 228, 246, 11, 142, 159, 38, 68, 250, 189, 255, 224, 12, 179,
       243, 216, 151, 49, 139, 59, 23, 14, 125, 214, 58, 83, 114, 140,
       125, 87, 218, 104, 13, 204, 252, 47, 74, 222, 38, 212, 252, 189,
       207, 227, 76, 179, 105, 221, 177, 252, 139, 159, 87, 46, 126, 215,
       203, 58, 249, 113, 35, 220, 89, 16, 57, 93, 22, 253, 159, 31, 214,
       252, 135, 49, 221, 28, 135, 20, 36, 194, 199, 249, 48, 130, 38,
       133, 7, 119, 11, 162, 151, 185, 108, 184, 185, 87, 190, 93, 87,
       246, 189, 199, 242, 207, 239, 43, 255, 157, 147, 220, 162, 193,
       222, 251, 250, 232, 150, 140, 173, 249, 107, 22, 121, 120, 125,
       253, 217, 51, 201, 110, 188, 253, 58, 61, 182, 164, 206, 179, 149,
       5, 189, 42, 96, 207, 67, 89, 240, 187, 95, 204, 220, 127, 23, 84,
       107, 197, 230, 94, 239, 124, 125, 234, 126, 230, 93, 62, 158, 116,
       62, 205, 23, 239, 209, 180, 53, 206, 118, 47, 170, 132, 47, 242,
       227, 245, 221, 87, 106, 229, 118, 82, 255, 120, 117, 238, 119,
       166, 89, 31, 158, 96, 126, 156, 183, 234, 200, 180, 101, 206, 119,
       239, 162, 133, 39, 182, 245, 241, 59, 19, 102, 237, 119, 19, 250,
       121, 53, 236, 255, 231, 75, 13, 183, 196, 254, 157, 191, 231, 237,
       179, 33, 206, 178, 255, 170, 134, 127, 174, 124, 215, 193, 2, 206,
       37, 36, 42, 96, 19, 116, 6, 118, 212, 147, 33, 147, 91, 106, 164,
       108, 44, 172, 188, 69, 8, 198, 235, 242, 0, 236, 232, 88, 0, 145,
