%YAML:1.0
---
descriptors: !!opencv-matrix
   rows: 207
   cols: 32
   dt: u
   data: [ 109, 189, 144, 187, 189, 188, 116, 159, 95, 201, 108, 20, 190,
       241, 66, 244, 193, 110, 56, 20, 183, 120, 243, 162, 239, 255, 20,
       122, 218, 76, 201, 79, 50, 79, 110, 172, 54, 195, 223, 124, 197,
       68, 222, 167, 83, 205, 58, 64, 126, 229, 159, 231, 220, 163, 37,
       172, 243, 237, 170, 129, 101, 155, 244, 82, 9, 154, 55, 217, 112,
       157, 249, 247, 95, 29, 112, 84, 188, 255, 228, 228, 207, 59, 38,
       136, 131, 184, 115, 245, 15, 222, 50, 234, 82, 136, 161, 253, 17,
       207, 95, 172, 158, 130, 78, 245, 197, 0, 250, 70, 87, 3, 32, 97,
       122, 228, 14, 234, 93, 187, 65, 172, 178, 224, 166, 80, 56, 187,
       168, 8, 43, 95, 114, 202, 125, 155, 234, 222, 91, 73, 252, 238,
       10, 216, 183, 244, 254, 172, 150, 80, 135, 187, 164, 255, 54, 124,
       131, 235, 95, 159, 250, 133, 63, 27, 115, 203, 119, 151, 254, 81,
       111, 200, 255, 102, 104, 223, 189, 244, 126, 185, 151, 218, 207,
       186, 44, 252, 55, 92, 134, 130, 127, 158, 120, 189, 21, 140, 142,
       183, 150, 11, 166, 232, 86, 178, 66, 66, 119, 224, 105, 65, 57,
       238, 34, 115, 36, 241, 15, 127, 188, 38, 79, 4, 161, 104, 49, 128,
       145, 76, 127, 253, 38, 6, 77, 52, 212, 194, 214, 70, 243, 3, 177,
       97, 114, 100, 60, 238, 233, 149, 53, 63, 224, 235, 226, 144, 60,
       184, 97, 40, 80, 160, 214, 189, 30, 11, 168, 104, 94, 176, 82, 66,
       101, 232, 112, 64, 51, 109, 106, 97, 4, 241, 143, 221, 28, 34, 79,
       12, 45, 40, 121, 128, 84, 95, 91, 230, 114, 134, 111, 240, 36,
       136, 90, 230, 117, 227, 161, 80, 118, 253, 47, 235, 193, 147, 12,
       108, 180, 36, 171, 128, 45, 243, 33, 49, 53, 69, 99, 12, 86, 3,
       199, 120, 84, 224, 251, 194, 83, 72, 181, 100, 122, 236, 22, 239,
       201, 179, 69, 30, 112, 44, 33, 20, 125, 187, 112, 132, 20, 85,
       111, 229, 20, 74, 79, 56, 100, 230, 219, 194, 211, 117, 185, 98,
       114, 212, 29, 234, 201, 177, 125, 14, 225, 175, 227, 132, 37, 243,
       117, 112, 198, 148, 156, 179, 169, 124, 20, 143, 191, 123, 131,
       29, 142, 250, 74, 219, 133, 19, 236, 17, 55, 77, 219, 210, 201,
       211, 95, 127, 136, 68, 137, 19, 109, 249, 185, 99, 189, 221, 87,
       156, 235, 233, 60, 44, 190, 221, 74, 50, 132, 114, 124, 88, 211,
       40, 250, 49, 239, 221, 37, 126, 218, 27, 195, 123, 25, 207, 51,
       255, 22, 159, 255, 250, 95, 76, 124, 198, 127, 237, 179, 228, 118,
       251, 22, 78, 227, 184, 63, 255, 247, 239, 34, 0, 115, 158, 1, 233,
       56, 29, 123, 238, 213, 247, 191, 114, 196, 76, 254, 2, 121, 255,
       32, 96, 252, 123, 151, 226, 25, 187, 58, 191, 251, 239, 170, 73,
       59, 107, 117, 243, 88, 56, 188, 249, 201, 206, 81, 215, 162, 60,
       164, 28, 159, 151, 2, 91, 135, 183, 93, 24, 58, 106, 112, 49, 219,
       201, 118, 56, 224, 96, 175, 123, 4, 140, 134, 151, 213, 139, 166,
       232, 158, 179, 66, 2, 228, 226, 41, 205, 249, 110, 34, 82, 50,
       216, 11, 127, 45, 6, 223, 71, 144, 122, 49, 136, 86, 188, 149,
       186, 139, 244, 20, 239, 154, 23, 128, 25, 172, 246, 96, 207, 193,
       115, 233, 145, 54, 79, 154, 241, 153, 86, 95, 123, 144, 84, 175,
       14, 158, 237, 231, 191, 252, 235, 239, 237, 191, 231, 222, 179,
       105, 237, 184, 192, 123, 254, 255, 243, 113, 251, 111, 255, 126,
       103, 175, 197, 239, 255, 245, 250, 66, 174, 164, 26, 137, 233,
       149, 239, 222, 55, 128, 25, 236, 232, 78, 15, 137, 99, 235, 17,
       54, 111, 202, 241, 153, 18, 95, 123, 208, 93, 151, 78, 2, 160,
       150, 159, 95, 139, 160, 232, 158, 176, 67, 2, 228, 232, 108, 194,
       177, 109, 106, 209, 2, 241, 139, 253, 13, 50, 207, 78, 21, 42, 17,
       130, 169, 103, 121, 71, 116, 11, 103, 244, 112, 36, 124, 238, 115,
       5, 153, 48, 126, 216, 6, 106, 201, 178, 109, 46, 101, 140, 32, 0,
       101, 186, 70, 169, 66, 32, 23, 141, 77, 143, 160, 72, 175, 160,
       194, 73, 196, 217, 100, 66, 200, 61, 107, 97, 2, 227, 211, 208,
       21, 48, 11, 58, 16, 10, 33, 130, 105, 135, 161, 53, 181, 63, 116,
       159, 127, 127, 62, 93, 238, 41, 27, 186, 145, 78, 124, 29, 182,
       120, 243, 51, 207, 255, 113, 52, 210, 221, 211, 77, 196, 240, 188,
       241, 170, 72, 125, 57, 190, 190, 167, 185, 223, 183, 74, 91, 167,
       149, 109, 130, 112, 68, 235, 64, 221, 227, 127, 205, 32, 161, 39,
       115, 74, 144, 188, 252, 41, 109, 17, 14, 171, 63, 181, 57, 142,
       191, 74, 91, 133, 23, 237, 1, 2, 71, 211, 209, 215, 243, 122, 191,
       144, 73, 5, 83, 11, 238, 176, 157, 87, 157, 180, 71, 223, 71, 108,
       23, 172, 136, 38, 196, 199, 43, 130, 5, 230, 184, 114, 223, 39,
       30, 22, 43, 82, 92, 141, 205, 70, 168, 148, 159, 73, 130, 160,
       168, 190, 145, 67, 2, 228, 226, 12, 198, 225, 103, 106, 192, 34,
       88, 219, 125, 13, 50, 207, 67, 128, 34, 41, 132, 197, 91, 29, 191,
       34, 142, 57, 16, 60, 200, 83, 230, 245, 87, 129, 73, 166, 49, 63,
       194, 129, 144, 27, 104, 196, 162, 106, 128, 28, 51, 1, 51, 133,
       220, 205, 87, 196, 46, 238, 191, 94, 243, 98, 86, 240, 114, 189,
       123, 49, 110, 50, 14, 177, 220, 127, 107, 44, 46, 245, 4, 137,
       249, 209, 188, 149, 207, 141, 167, 190, 42, 79, 189, 18, 170, 11,
       244, 247, 99, 153, 66, 23, 70, 60, 110, 249, 212, 77, 62, 232,
       166, 239, 148, 188, 243, 145, 49, 2, 184, 26, 153, 111, 161, 184,
       199, 158, 29, 80, 183, 172, 142, 102, 72, 239, 59, 35, 145, 22,
       92, 18, 241, 13, 16, 218, 235, 144, 8, 173, 155, 116, 140, 130,
       156, 222, 3, 6, 235, 22, 130, 224, 90, 113, 226, 105, 81, 121,
       238, 34, 170, 104, 107, 142, 63, 56, 38, 199, 108, 185, 104, 112,
       136, 3, 219, 106, 184, 118, 135, 191, 115, 156, 72, 216, 231, 180,
       220, 182, 32, 238, 185, 23, 199, 193, 187, 2, 255, 116, 28, 174,
       200, 93, 138, 241, 249, 70, 249, 157, 147, 201, 204, 53, 166, 190,
       185, 2, 25, 228, 242, 76, 91, 129, 127, 106, 81, 18, 73, 219, 113,
       13, 22, 95, 107, 128, 112, 133, 142, 94, 107, 231, 230, 188, 83,
       79, 220, 199, 232, 158, 234, 123, 205, 213, 166, 126, 244, 253,
       250, 201, 225, 173, 168, 242, 205, 175, 177, 47, 191, 116, 57,
       151, 221, 239, 222, 244, 167, 239, 253, 118, 162, 95, 114, 113,
       242, 188, 49, 127, 255, 55, 235, 249, 212, 63, 127, 125, 46, 239,
       128, 37, 243, 240, 164, 77, 22, 223, 101, 160, 46, 121, 17, 40,
       235, 47, 100, 223, 51, 192, 122, 55, 213, 124, 60, 153, 208, 241,
       64, 206, 239, 103, 196, 168, 226, 131, 49, 55, 236, 131, 156, 221,
       229, 207, 238, 150, 130, 200, 2, 112, 242, 55, 100, 217, 235, 18,
       223, 110, 15, 58, 255, 57, 14, 143, 41, 145, 125, 160, 142, 77,
       36, 189, 97, 164, 46, 117, 159, 107, 251, 190, 72, 159, 57, 217,
       58, 135, 198, 124, 60, 153, 248, 241, 0, 207, 223, 117, 244, 202,
       209, 195, 97, 52, 164, 199, 188, 30, 3, 194, 104, 86, 160, 242,
       74, 115, 224, 0, 0, 121, 236, 106, 40, 40, 227, 207, 31, 184, 166,
       229, 84, 97, 40, 114, 0, 63, 157, 147, 223, 253, 119, 238, 255,
       23, 234, 253, 66, 222, 247, 185, 228, 127, 254, 254, 42, 121, 243,
       91, 254, 191, 255, 199, 182, 255, 255, 232, 181, 68, 162, 199,
       157, 24, 130, 104, 168, 190, 176, 67, 66, 225, 226, 73, 66, 81,
       237, 106, 176, 2, 208, 203, 93, 140, 162, 207, 76, 160, 34, 33, 0,
       139, 158, 54, 158, 125, 191, 190, 230, 159, 78, 220, 55, 236, 254,
       54, 196, 255, 251, 191, 135, 230, 175, 42, 255, 191, 126, 142,
       139, 22, 78, 45, 223, 145, 129, 31, 233, 22, 135, 171, 121, 92, 8,
       209, 70, 245, 88, 184, 33, 122, 43, 23, 233, 243, 185, 53, 29,
       236, 137, 170, 192, 93, 10, 177, 160, 39, 112, 250, 192, 117, 93,
       123, 91, 75, 77, 124, 174, 26, 221, 255, 60, 191, 152, 151, 28,
       142, 54, 180, 195, 87, 93, 129, 175, 231, 158, 94, 247, 5, 140,
       149, 23, 208, 143, 39, 184, 62, 179, 66, 64, 244, 99, 137, 237,
       17, 110, 34, 122, 51, 216, 123, 127, 45, 38, 87, 68, 136, 122,
