%YAML:1.0
---
descriptors: !!opencv-matrix
   rows: 81
   cols: 32
   dt: u
   data: [ 216, 180, 189, 122, 171, 236, 81, 223, 243, 91, 173, 20, 62,
       255, 72, 123, 167, 147, 253, 24, 59, 79, 186, 115, 219, 251, 116,
       104, 250, 65, 231, 59, 178, 76, 34, 172, 29, 95, 208, 66, 221,
       132, 224, 11, 10, 156, 55, 244, 232, 161, 219, 225, 12, 175, 18,
       206, 179, 156, 138, 63, 81, 45, 126, 134, 182, 240, 169, 186, 207,
       65, 157, 200, 146, 246, 129, 187, 12, 223, 111, 11, 203, 217, 179,
       211, 66, 71, 222, 240, 89, 0, 223, 63, 181, 61, 55, 242, 18, 69,
       66, 128, 93, 78, 250, 96, 45, 32, 235, 11, 140, 142, 63, 192, 248,
       149, 219, 227, 76, 179, 16, 204, 181, 208, 138, 19, 21, 46, 41,
       198, 135, 242, 155, 250, 96, 133, 57, 208, 190, 25, 81, 116, 188,
       211, 104, 104, 231, 59, 55, 90, 131, 84, 10, 241, 69, 152, 122,
       234, 152, 17, 161, 161, 180, 65, 91, 237, 116, 75, 231, 112, 80,
       32, 121, 74, 83, 25, 57, 16, 120, 156, 6, 234, 105, 178, 81, 14,
       117, 172, 162, 4, 117, 187, 118, 160, 218, 225, 171, 176, 153,
       192, 29, 143, 179, 181, 132, 185, 141, 223, 106, 26, 145, 155,
       249, 177, 122, 75, 138, 145, 251, 209, 159, 255, 128, 80, 167, 90,
       63, 181, 248, 1, 189, 255, 210, 202, 79, 245, 173, 29, 10, 152,
       94, 189, 137, 138, 194, 28, 159, 120, 124, 148, 27, 89, 17, 119,
       203, 13, 218, 198, 17, 64, 125, 73, 5, 223, 105, 16, 117, 65, 103,
       2, 155, 19, 150, 236, 122, 172, 42, 216, 143, 176, 117, 192, 71,
       249, 130, 0, 103, 128, 100, 164, 116, 61, 253, 228, 141, 67, 86,
       109, 67, 234, 186, 10, 83, 61, 65, 51, 200, 246, 109, 98, 73, 99,
       233, 136, 243, 201, 229, 63, 97, 122, 86, 42, 39, 43, 233, 65,
       213, 191, 234, 210, 71, 241, 124, 79, 0, 40, 215, 36, 108, 110,
       18, 220, 135, 178, 245, 224, 111, 28, 129, 32, 239, 237, 114, 212,
       66, 141, 2, 190, 153, 228, 58, 166, 174, 17, 202, 19, 172, 251,
       32, 194, 224, 115, 251, 193, 18, 9, 154, 231, 149, 116, 154, 75,
       2, 5, 189, 10, 26, 145, 51, 170, 179, 196, 27, 233, 173, 4, 237,
       167, 76, 223, 42, 80, 246, 185, 151, 226, 88, 11, 58, 223, 251,
       213, 10, 207, 17, 6, 167, 115, 124, 173, 190, 248, 141, 245, 84,
       198, 131, 31, 172, 9, 42, 249, 99, 154, 201, 242, 233, 0, 42, 107,
       194, 177, 219, 215, 197, 123, 210, 124, 94, 66, 82, 249, 56, 178,
       155, 197, 19, 166, 170, 113, 140, 9, 188, 158, 66, 50, 133, 219,
       249, 209, 79, 75, 250, 117, 249, 149, 158, 123, 128, 17, 135, 90,
       92, 248, 185, 224, 155, 84, 91, 158, 3, 176, 140, 10, 29, 159, 65,
       242, 197, 221, 253, 241, 11, 75, 250, 240, 251, 197, 143, 127,
       176, 48, 39, 122, 89, 140, 42, 56, 116, 249, 81, 35, 247, 69, 70,
       157, 191, 140, 50, 80, 163, 171, 204, 21, 190, 15, 36, 63, 218,
       231, 48, 73, 176, 132, 222, 82, 40, 79, 106, 37, 112, 207, 117,
       117, 37, 204, 126, 141, 35, 15, 131, 16, 8, 170, 199, 108, 72,
       184, 96, 8, 103, 193, 36, 145, 99, 154, 198, 219, 152, 54, 255,
       245, 54, 106, 105, 127, 119, 175, 246, 242, 243, 37, 144, 104,
       127, 254, 126, 136, 168, 252, 229, 159, 222, 239, 243, 128, 229,
       232, 100, 105, 74, 249, 190, 220, 123, 209, 176, 231, 175, 85,
       172, 33, 172, 159, 102, 198, 226, 51, 251, 209, 86, 11, 178, 253,
       251, 241, 30, 91, 18, 4, 175, 223, 253, 81, 235, 229, 103, 86,
       127, 120, 97, 232, 254, 130, 91, 29, 149, 98, 126, 220, 149, 238,
       200, 182, 181, 136, 119, 233, 167, 133, 111, 183, 126, 243, 27,
       18, 121, 225, 102, 220, 233, 80, 109, 92, 247, 102, 157, 30, 214,
       108, 110, 137, 159, 141, 137, 48, 117, 192, 215, 217, 170, 192,
       47, 140, 125, 241, 215, 205, 249, 246, 182, 32, 222, 172, 91, 146,
       57, 147, 239, 107, 29, 3, 183, 243, 21, 255, 248, 100, 28, 239,
       170, 222, 207, 214, 245, 243, 195, 5, 60, 169, 57, 106, 249, 205,
       83, 249, 239, 41, 189, 8, 63, 219, 64, 144, 156, 187, 87, 88, 26,
       43, 106, 61, 251, 221, 37, 125, 242, 139, 198, 171, 208, 164, 157,
       225, 128, 108, 113, 15, 58, 187, 34, 24, 151, 55, 72, 91, 167, 23,
       125, 16, 50, 92, 145, 66, 207, 219, 94, 116, 128, 64, 135, 34, 2,
       77, 18, 154, 93, 201, 180, 70, 237, 4, 234, 3, 172, 154, 37, 196,
       232, 43, 139, 193, 70, 185, 18, 233, 53, 52, 154, 11, 19, 28, 47,
       142, 135, 107, 18, 186, 236, 169, 190, 196, 174, 16, 25, 224, 156,
       195, 249, 203, 230, 75, 19, 223, 83, 0, 138, 241, 164, 144, 110,
       168, 156, 211, 161, 129, 48, 48, 59, 201, 77, 93, 112, 80, 101,
       32, 230, 2, 19, 19, 32, 116, 104, 152, 74, 232, 8, 179, 241, 128,
       87, 233, 128, 3, 51, 10, 116, 162, 241, 253, 190, 118, 221, 47,
       214, 236, 115, 171, 169, 26, 82, 248, 20, 59, 249, 246, 96, 67,
       60, 239, 216, 46, 59, 171, 85, 58, 73, 91, 250, 6, 17, 16, 124,
       73, 4, 159, 224, 16, 117, 80, 102, 2, 147, 25, 20, 104, 120, 136,
       40, 152, 143, 176, 117, 64, 199, 168, 130, 0, 101, 128, 96, 166,
       1, 75, 147, 121, 52, 143, 106, 150, 126, 73, 122, 100, 183, 3,
       177, 120, 246, 42, 36, 92, 131, 184, 37, 92, 172, 190, 54, 64,
       152, 146, 97, 25, 57, 37, 12, 165, 6, 15, 71, 123, 68, 162, 78,
       14, 243, 33, 83, 3, 120, 236, 34, 106, 76, 240, 217, 10, 253, 137,
       229, 32, 41, 250, 88, 138, 33, 41, 235, 81, 213, 175, 224, 198,
       255, 129, 120, 2, 48, 184, 53, 48, 168, 106, 18, 89, 146, 184, 22,
       104, 15, 8, 16, 64, 193, 41, 82, 142, 135, 240, 147, 250, 233,
       165, 57, 216, 142, 25, 81, 84, 156, 211, 105, 111, 231, 25, 23,
       82, 19, 69, 138, 241, 141, 152, 122, 238, 152, 17, 161, 163, 82,
       173, 26, 186, 153, 228, 50, 228, 190, 17, 201, 1, 164, 243, 40,
       80, 225, 251, 43, 210, 22, 11, 154, 247, 187, 181, 154, 75, 144,
       3, 45, 10, 22, 141, 122, 248, 219, 196, 26, 226, 191, 0, 108, 131,
       125, 215, 40, 80, 246, 185, 147, 242, 18, 11, 26, 127, 251, 229,
       10, 75, 48, 3, 47, 162, 104, 161, 184, 120, 189, 233, 81, 11, 211,
       29, 172, 24, 182, 189, 66, 58, 201, 18, 233, 16, 26, 106, 226, 17,
       203, 215, 20, 59, 210, 72, 78, 106, 172, 36, 253, 115, 228, 106,
       113, 3, 249, 27, 119, 56, 159, 23, 129, 59, 3, 22, 102, 24, 48,
       252, 161, 2, 207, 251, 112, 65, 192, 193, 198, 162, 185, 78, 78,
       252, 14, 128, 75, 114, 212, 2, 210, 194, 51, 193, 177, 75, 106,
       224, 46, 206, 232, 167, 6, 171, 210, 235, 234, 136, 61, 249, 112,
       40, 42, 184, 162, 152, 207, 245, 185, 71, 139, 87, 20, 187, 44,
       156, 118, 139, 239, 59, 179, 145, 22, 111, 178, 209, 95, 81, 218,
       235, 151, 12, 189, 223, 11, 27, 18, 154, 101, 149, 184, 86, 159,
       76, 84, 102, 172, 222, 162, 228, 238, 59, 151, 197, 199, 152, 34,
       241, 87, 121, 186, 138, 30, 12, 41, 223, 123, 48, 99, 200, 125,
       95, 251, 88, 141, 108, 245, 47, 26, 159, 162, 228, 236, 157, 223,
       228, 141, 35, 241, 208, 215, 249, 170, 191, 87, 143, 126, 247, 11,
       58, 126, 233, 111, 221, 249, 83, 175, 125, 246, 103, 188, 159,
       214, 234, 238, 189, 255, 148, 135, 189, 243, 208, 215, 249, 186,
       131, 31, 140, 117, 251, 50, 77, 26, 188, 29, 205, 148, 103, 141,
       5, 232, 9, 166, 152, 36, 80, 200, 187, 203, 1, 78, 43, 82, 229,
       177, 149, 26, 59, 80, 24, 190, 138, 32, 73, 59, 124, 93, 197, 85,
       103, 215, 0, 232, 8, 50, 253, 37, 16, 216, 186, 3, 0, 10, 42, 82,
       31, 115, 156, 0, 58, 81, 8, 102, 170, 61, 52, 184, 96, 61, 173,
       209, 210, 198, 189, 188, 41, 159, 217, 91, 10, 137, 193, 93, 17,
       142, 99, 82, 128, 219, 205, 33, 253, 235, 93, 82, 67, 20, 104,
       147, 163, 6, 105, 112, 68, 171, 166, 2, 143, 167, 137, 65, 10,
       163, 109, 109, 87, 0, 245, 153, 136, 153, 208, 79, 51, 160, 123,
       7, 138, 222, 155, 126, 236, 162, 18, 94, 49, 173, 0, 246, 227, 77,
       191, 164, 115, 102, 245, 189, 226, 252, 137, 7, 253, 242, 241, 98,
       195, 55, 167, 45, 23, 76, 37, 185, 240, 250, 104, 81, 11, 187,
