%YAML:1.0
---
descriptors: !!opencv-matrix
   rows: 76
   cols: 32
   dt: u
   data: [ 15, 86, 234, 209, 246, 183, 187, 218, 31, 239, 92, 183, 25,
       220, 255, 44, 255, 9, 151, 157, 167, 180, 44, 214, 78, 93, 191,
       228, 159, 223, 117, 213, 61, 150, 252, 188, 125, 87, 89, 123, 23,
       238, 180, 175, 107, 103, 250, 229, 127, 128, 159, 172, 173, 107,
       119, 159, 219, 223, 231, 253, 191, 172, 76, 119, 175, 191, 226,
       152, 247, 213, 191, 211, 27, 79, 92, 183, 40, 252, 255, 164, 255,
       187, 151, 149, 247, 50, 62, 243, 127, 93, 175, 239, 159, 222, 127,
       247, 45, 192, 41, 250, 77, 197, 193, 200, 199, 113, 165, 10, 18,
       217, 124, 104, 201, 136, 18, 221, 11, 35, 122, 145, 83, 217, 145,
       124, 217, 11, 112, 224, 49, 67, 78, 109, 20, 10, 71, 96, 100, 36,
       247, 2, 83, 1, 177, 113, 120, 132, 14, 234, 72, 179, 101, 12, 240,
       233, 224, 1, 101, 187, 112, 32, 49, 65, 79, 229, 20, 66, 235, 96,
       100, 128, 247, 2, 83, 9, 177, 96, 120, 132, 30, 238, 73, 179, 37,
       140, 240, 233, 162, 4, 101, 171, 112, 32, 52, 225, 134, 158, 88,
       131, 166, 236, 150, 176, 193, 66, 96, 194, 105, 66, 120, 108, 98,
       226, 67, 195, 139, 61, 56, 34, 207, 44, 25, 59, 48, 128, 0, 0, 73,
       225, 68, 137, 232, 67, 173, 17, 242, 194, 143, 11, 208, 74, 106,
       129, 78, 156, 2, 58, 68, 192, 148, 216, 146, 96, 117, 136, 97,
       136, 36, 140, 192, 179, 244, 10, 238, 224, 61, 3, 250, 139, 237,
       107, 25, 80, 123, 195, 79, 155, 56, 250, 76, 234, 188, 158, 222,
       68, 229, 250, 243, 128, 217, 142, 237, 225, 166, 34, 105, 87, 116,
       123, 214, 246, 25, 43, 144, 107, 111, 134, 63, 156, 185, 156, 37,
       224, 220, 235, 254, 192, 173, 192, 240, 121, 47, 39, 67, 78, 117,
       159, 234, 120, 93, 104, 125, 206, 72, 192, 188, 244, 126, 232,
       146, 110, 213, 178, 109, 254, 54, 62, 129, 234, 95, 143, 122, 165,
       50, 149, 123, 232, 19, 227, 17, 107, 141, 68, 237, 34, 30, 191,
       40, 113, 254, 187, 149, 160, 57, 139, 48, 220, 211, 229, 138, 75,
       59, 0, 166, 242, 1, 217, 115, 91, 100, 205, 233, 148, 127, 93,
       118, 0, 176, 149, 188, 109, 110, 56, 18, 72, 195, 184, 54, 241,
       69, 24, 50, 0, 87, 152, 85, 173, 167, 165, 96, 1, 213, 151, 174,
       235, 94, 226, 120, 70, 128, 104, 182, 164, 217, 43, 18, 189, 247,
       184, 92, 223, 46, 30, 143, 230, 221, 44, 121, 140, 137, 138, 155,
       250, 176, 172, 57, 151, 190, 91, 86, 84, 156, 211, 168, 120, 167,
       59, 63, 24, 179, 141, 34, 247, 205, 255, 58, 192, 152, 129, 161,
       33, 159, 255, 239, 255, 254, 139, 239, 252, 55, 234, 214, 247,
       113, 231, 185, 97, 127, 239, 127, 238, 233, 215, 239, 255, 254,
       239, 239, 132, 173, 249, 112, 241, 203, 26, 57, 177, 35, 212, 25,
       18, 41, 95, 22, 245, 157, 31, 194, 236, 135, 49, 157, 13, 135, 28,
       52, 225, 206, 217, 122, 194, 142, 132, 13, 117, 137, 188, 183,
       249, 236, 189, 185, 247, 222, 91, 84, 116, 188, 179, 224, 237,
       231, 43, 55, 28, 179, 220, 226, 243, 206, 219, 254, 232, 154, 200,
       161, 233, 25, 18, 106, 129, 79, 217, 233, 87, 45, 109, 246, 167,
       191, 15, 146, 234, 106, 136, 206, 140, 135, 187, 245, 193, 215,
       209, 186, 209, 111, 140, 125, 251, 181, 230, 237, 193, 236, 51,
       207, 152, 83, 242, 149, 238, 83, 105, 221, 47, 89, 204, 86, 254,
       249, 102, 109, 154, 126, 203, 229, 252, 255, 251, 80, 224, 240,
       66, 78, 101, 4, 10, 97, 112, 100, 166, 246, 202, 67, 1, 145, 81,
       120, 132, 110, 174, 104, 182, 69, 12, 212, 171, 224, 1, 101, 168,
       116, 0, 192, 225, 143, 31, 24, 167, 162, 236, 182, 176, 75, 0,
       240, 224, 104, 64, 81, 108, 106, 82, 66, 212, 155, 61, 77, 34, 71,
       108, 16, 43, 33, 128, 2, 186, 150, 185, 41, 233, 56, 71, 190, 29,
       64, 49, 172, 151, 96, 201, 231, 59, 170, 16, 18, 92, 2, 81, 141,
       16, 26, 107, 144, 0, 173, 155, 130, 184, 146, 185, 107, 229, 184,
       71, 30, 29, 80, 55, 172, 151, 96, 201, 239, 59, 163, 145, 18, 92,
       18, 241, 141, 16, 218, 235, 144, 12, 45, 155, 203, 158, 255, 250,
       164, 160, 189, 151, 159, 91, 20, 244, 189, 175, 240, 107, 135, 35,
       63, 157, 179, 76, 166, 243, 206, 219, 254, 232, 158, 192, 129,
       121, 207, 112, 253, 246, 110, 124, 249, 154, 251, 251, 183, 254,
       221, 255, 221, 59, 167, 213, 125, 151, 161, 103, 250, 226, 223,
       251, 255, 190, 143, 245, 67, 115, 2, 132, 48, 201, 213, 167, 179,
       74, 14, 33, 74, 2, 132, 16, 44, 68, 217, 26, 19, 49, 18, 184, 89,
       223, 45, 20, 138, 70, 148, 75, 49, 174, 59, 51, 122, 141, 109, 31,
       248, 88, 47, 236, 254, 47, 206, 158, 38, 228, 254, 157, 255, 228,
       140, 179, 243, 220, 215, 125, 139, 191, 87, 14, 111, 215, 255, 50,
       253, 114, 161, 116, 25, 159, 195, 223, 53, 253, 27, 253, 222, 190,
       135, 83, 245, 21, 159, 68, 186, 162, 75, 219, 116, 187, 206, 212,
       142, 119, 137, 186, 179, 249, 236, 253, 185, 215, 223, 91, 84,
       116, 188, 183, 224, 237, 231, 59, 55, 28, 179, 252, 162, 241, 207,
       219, 126, 234, 154, 140, 161, 253, 11, 186, 222, 185, 108, 153,
       249, 87, 239, 93, 86, 246, 173, 139, 242, 239, 111, 41, 174, 156,
       151, 220, 166, 241, 142, 217, 250, 233, 150, 140, 41, 221, 23, 84,
       107, 197, 118, 126, 239, 120, 125, 234, 127, 230, 89, 62, 159,
       116, 62, 205, 23, 239, 129, 180, 37, 206, 118, 47, 170, 132, 47,
       243, 99, 245, 29, 86, 106, 229, 118, 86, 255, 120, 117, 238, 127,
       166, 89, 31, 191, 96, 126, 156, 183, 238, 204, 180, 165, 206, 118,
       239, 162, 133, 39, 183, 125, 241, 59, 87, 118, 173, 118, 83, 251,
       120, 61, 76, 255, 231, 75, 141, 191, 244, 254, 157, 191, 231, 205,
       179, 37, 206, 178, 255, 162, 135, 127, 175, 120, 213, 193, 2, 92,
       229, 36, 42, 105, 19, 108, 6, 118, 84, 147, 3, 144, 75, 98, 132,
       46, 140, 160, 188, 69, 64, 196, 251, 114, 0, 109, 128, 105, 8,
       139, 156, 183, 250, 168, 164, 57, 215, 159, 91, 16, 116, 60, 255,
       224, 107, 231, 115, 63, 156, 179, 79, 50, 243, 219, 218, 126, 234,
       154, 192, 161, 57, 125, 113, 125, 101, 168, 78, 95, 184, 97, 232,
       189, 108, 95, 127, 203, 51, 158, 212, 125, 110, 201, 114, 249, 8,
       247, 249, 101, 180, 106, 179, 66, 115, 242, 203, 107, 254, 34,
       192, 29, 103, 33, 13, 212, 179, 41, 15, 162, 65, 110, 147, 143,
       129, 122, 11, 100, 245, 242, 161, 186, 209, 53, 132, 165, 105,
       137, 255, 239, 253, 254, 251, 239, 247, 127, 234, 254, 246, 249,
       253, 146, 97, 111, 254, 127, 141, 233, 248, 231, 255, 254, 239,
       247, 128, 111, 248, 240, 249, 6, 97, 144, 155, 77, 213, 176, 200,
       143, 176, 81, 3, 140, 218, 111, 143, 200, 9, 147, 83, 70, 114,
       218, 208, 5, 16, 203, 47, 18, 15, 25, 134, 11, 186, 54, 248, 111,
       181, 185, 87, 139, 89, 84, 119, 188, 223, 118, 175, 239, 59, 247,
       145, 147, 107, 178, 241, 87, 89, 250, 234, 159, 12, 43, 251, 23,
       23, 67, 141, 246, 55, 238, 120, 53, 232, 91, 230, 89, 46, 191,
       228, 126, 205, 23, 175, 149, 144, 45, 222, 60, 46, 175, 196, 191,
       239, 177, 213, 11, 150, 120, 241, 118, 253, 249, 51, 89, 77, 60,
       255, 191, 61, 150, 164, 135, 179, 149, 13, 151, 56, 116, 199, 70,
       221, 56, 194, 239, 140, 221, 117, 59, 86, 98, 237, 119, 23, 254,
       112, 53, 108, 255, 167, 75, 141, 183, 244, 254, 157, 183, 231,
       205, 179, 37, 206, 246, 255, 170, 135, 47, 191, 120, 213, 225, 46,
       167, 21, 164, 62, 101, 23, 249, 251, 54, 92, 151, 40, 212, 63,
       129, 102, 124, 29, 181, 252, 225, 2, 140, 58, 116, 192, 200, 204,
       210, 109, 193, 156, 151, 81, 161, 188, 113, 23, 253, 91, 98, 84,
       190, 178, 100, 255, 167, 39, 108, 28, 183, 237, 178, 98, 141, 250,
       118, 66, 200, 64, 227, 45, 17, 205, 107, 207, 212, 214, 239, 244,
       116, 68, 222, 2, 113, 125, 183, 100, 120, 238, 22, 239, 233, 187,
       61, 239, 113, 47, 167, 128, 53, 187, 244, 232, 34, 253, 35, 186,
       223, 193, 183, 230, 158, 85, 88, 187, 172, 254, 100, 0, 235, 123,
