%YAML:1.0
---
descriptors: !!opencv-matrix
   rows: 64
   cols: 32
   dt: u
   data: [ 134, 235, 31, 250, 236, 169, 188, 196, 174, 25, 17, 80, 188,
       211, 104, 75, 198, 11, 23, 90, 2, 5, 138, 241, 132, 144, 122, 234,
       148, 211, 161, 161, 144, 72, 18, 154, 86, 139, 162, 66, 188, 0,
       66, 82, 36, 130, 33, 200, 34, 43, 34, 72, 32, 189, 4, 110, 20, 38,
       26, 64, 0, 9, 33, 136, 54, 64, 34, 136, 13, 79, 254, 96, 45, 164,
       235, 11, 204, 206, 61, 196, 248, 133, 219, 231, 76, 163, 16, 204,
       177, 148, 138, 31, 1, 47, 35, 198, 135, 240, 147, 250, 233, 133,
       184, 216, 190, 89, 81, 118, 188, 215, 104, 104, 231, 27, 55, 87,
       147, 68, 26, 241, 141, 152, 122, 238, 152, 17, 161, 163, 24, 0,
       78, 225, 5, 91, 97, 16, 37, 37, 103, 2, 155, 19, 3, 76, 104, 140,
       171, 136, 8, 176, 113, 128, 199, 233, 128, 1, 35, 138, 116, 226,
       47, 53, 248, 65, 221, 255, 210, 202, 91, 245, 173, 29, 10, 184,
       95, 188, 153, 138, 210, 20, 191, 122, 124, 214, 75, 93, 17, 119,
       203, 77, 90, 214, 166, 181, 40, 26, 221, 221, 208, 107, 95, 113,
       177, 29, 138, 28, 126, 1, 217, 130, 211, 53, 190, 106, 90, 215,
       95, 89, 17, 127, 221, 12, 218, 214, 109, 122, 169, 97, 37, 127,
       83, 144, 67, 238, 54, 13, 211, 13, 87, 186, 141, 100, 228, 126,
       141, 244, 253, 136, 79, 219, 101, 53, 202, 253, 94, 215, 248, 45,
       255, 100, 141, 66, 86, 127, 65, 238, 190, 42, 83, 61, 65, 19, 200,
       246, 237, 98, 72, 99, 201, 136, 243, 225, 229, 63, 97, 122, 86,
       42, 82, 141, 134, 190, 153, 228, 50, 166, 188, 21, 202, 17, 172,
       187, 32, 194, 224, 243, 233, 129, 26, 137, 146, 231, 209, 245,
       154, 75, 0, 0, 189, 10, 114, 249, 56, 250, 25, 197, 23, 226, 158,
       52, 132, 9, 190, 222, 67, 16, 133, 251, 217, 195, 74, 75, 250, 63,
       249, 213, 153, 59, 16, 19, 7, 122, 122, 121, 169, 164, 27, 70, 29,
       31, 2, 228, 142, 139, 183, 159, 67, 82, 196, 253, 253, 241, 73,
       91, 249, 136, 251, 225, 141, 185, 36, 56, 22, 122, 62, 87, 98,
       204, 95, 22, 206, 120, 21, 192, 207, 198, 65, 206, 55, 100, 124,
       252, 147, 239, 201, 147, 61, 207, 51, 108, 139, 8, 63, 191, 116,
       180, 24, 158, 255, 245, 54, 106, 107, 123, 127, 235, 254, 242,
       251, 181, 144, 112, 127, 254, 127, 24, 185, 254, 229, 158, 222,
       239, 247, 196, 229, 232, 84, 105, 74, 213, 188, 243, 173, 120,
       188, 143, 158, 251, 158, 19, 220, 255, 78, 202, 193, 87, 251, 16,
       22, 73, 211, 224, 111, 119, 223, 215, 134, 92, 157, 82, 11, 250,
       22, 185, 111, 149, 184, 214, 158, 89, 86, 102, 188, 222, 242, 228,
       238, 59, 183, 205, 199, 218, 2, 245, 29, 121, 186, 234, 30, 12,
       41, 157, 29, 81, 234, 101, 38, 86, 255, 120, 97, 232, 246, 162,
       91, 29, 159, 34, 62, 212, 149, 238, 200, 180, 181, 200, 119, 237,
       167, 133, 111, 183, 126, 113, 214, 205, 245, 246, 182, 162, 222,
       168, 89, 146, 57, 18, 239, 123, 29, 17, 183, 243, 21, 243, 248,
       96, 12, 239, 170, 222, 207, 196, 245, 243, 211, 33, 221, 184, 191,
       122, 169, 236, 85, 154, 171, 91, 165, 24, 31, 247, 72, 123, 165,
       87, 125, 90, 51, 71, 186, 49, 219, 251, 113, 92, 194, 81, 227, 99,
       60, 169, 185, 122, 249, 205, 82, 249, 227, 9, 189, 8, 63, 255, 64,
       144, 156, 187, 213, 88, 26, 43, 106, 53, 251, 221, 37, 121, 242,
       139, 198, 163, 132, 235, 18, 186, 236, 169, 238, 196, 140, 22, 25,
       64, 141, 195, 233, 75, 227, 75, 2, 218, 82, 0, 138, 241, 164, 144,
       110, 44, 20, 219, 161, 129, 34, 73, 18, 158, 77, 205, 180, 70,
       173, 5, 234, 3, 172, 154, 37, 196, 232, 59, 202, 193, 70, 187, 18,
       237, 53, 48, 154, 43, 64, 28, 63, 142, 35, 40, 251, 89, 100, 187,
       248, 66, 127, 83, 122, 2, 48, 140, 180, 57, 235, 42, 18, 28, 134,
       252, 52, 120, 79, 30, 80, 64, 197, 200, 102, 222, 56, 81, 59, 201,
       77, 95, 112, 80, 101, 32, 231, 2, 19, 23, 32, 116, 104, 156, 234,
       234, 8, 179, 241, 128, 87, 233, 128, 3, 35, 11, 116, 162, 145, 80,
       125, 65, 4, 222, 96, 16, 117, 113, 102, 2, 147, 25, 20, 120, 120,
       140, 40, 216, 143, 180, 117, 64, 199, 233, 144, 0, 97, 129, 100,
       38, 252, 122, 152, 165, 140, 75, 85, 69, 146, 174, 180, 11, 215,
       13, 67, 27, 168, 244, 236, 114, 104, 119, 232, 8, 245, 193, 229,
       53, 97, 120, 214, 106, 33, 41, 239, 81, 213, 175, 224, 198, 255,
       192, 120, 2, 48, 152, 117, 32, 168, 106, 18, 92, 150, 184, 54,
       104, 47, 28, 18, 66, 193, 89, 82, 174, 22, 133, 122, 248, 218,
       228, 123, 226, 191, 5, 108, 131, 61, 223, 40, 80, 246, 187, 147,
       210, 18, 3, 26, 127, 123, 229, 2, 75, 49, 3, 39, 162, 116, 236,
       158, 184, 141, 213, 84, 231, 135, 31, 160, 9, 166, 251, 98, 26,
       201, 243, 233, 16, 94, 47, 226, 179, 187, 215, 85, 123, 208, 24,
       254, 78, 20, 140, 158, 244, 172, 107, 92, 239, 142, 182, 184, 2,
       255, 123, 96, 3, 163, 83, 111, 35, 112, 73, 11, 26, 219, 199, 127,
       21, 180, 120, 5, 42, 216, 136, 107, 184, 52, 201, 113, 7, 180, 69,
       198, 153, 183, 141, 50, 88, 226, 171, 221, 21, 62, 143, 52, 55,
       211, 231, 48, 73, 180, 128, 54, 90, 185, 78, 79, 254, 14, 160, 74,
       82, 212, 2, 210, 198, 115, 195, 177, 107, 104, 224, 61, 206, 233,
       135, 6, 171, 210, 235, 250, 152, 61, 249, 112, 40, 253, 232, 189,
       122, 169, 237, 87, 220, 227, 27, 165, 24, 95, 243, 72, 58, 161,
       215, 124, 90, 58, 103, 138, 51, 251, 203, 117, 124, 226, 243, 194,
       35, 60, 170, 49, 106, 121, 205, 82, 216, 227, 45, 184, 72, 63,
       219, 65, 144, 152, 249, 197, 88, 26, 43, 234, 53, 219, 221, 33,
       121, 226, 131, 70, 171, 34, 77, 26, 156, 25, 205, 148, 103, 143,
       5, 168, 9, 166, 152, 38, 80, 200, 59, 203, 1, 78, 43, 82, 245,
       177, 181, 26, 59, 80, 24, 175, 14, 32, 73, 27, 124, 93, 197, 85,
       103, 215, 0, 232, 9, 50, 253, 33, 16, 216, 186, 3, 0, 74, 42, 82,
       31, 113, 156, 0, 59, 80, 24, 118, 170, 20, 104, 145, 179, 7, 107,
       112, 196, 175, 182, 2, 13, 135, 203, 65, 10, 163, 109, 109, 86, 0,
       245, 153, 136, 137, 208, 7, 55, 160, 123, 7, 74, 20, 141, 26, 236,
       18, 194, 126, 234, 36, 0, 232, 1, 53, 243, 32, 80, 178, 249, 3,
       224, 90, 155, 16, 125, 241, 165, 42, 73, 113, 35, 163, 130, 64,
       237, 25, 242, 57, 201, 23, 166, 186, 61, 136, 57, 182, 151, 64,
       16, 129, 123, 121, 82, 66, 73, 202, 55, 233, 149, 30, 123, 0, 17,
       135, 43, 85, 6, 199, 236, 166, 34, 109, 81, 213, 130, 219, 246,
       81, 227, 185, 107, 126, 164, 61, 172, 185, 131, 4, 136, 208, 234,
       235, 136, 173, 234, 112, 33, 60, 170, 89, 106, 120, 143, 82, 248,
       103, 40, 249, 72, 127, 203, 1, 144, 152, 184, 198, 114, 10, 58,
       72, 63, 223, 221, 33, 121, 114, 139, 78, 161, 70, 249, 156, 186,
       185, 196, 18, 172, 139, 157, 137, 5, 228, 246, 106, 82, 197, 115,
       232, 211, 78, 75, 154, 113, 169, 148, 159, 123, 144, 3, 165, 94,
       120, 191, 218, 244, 59, 140, 88, 55, 179, 172, 142, 121, 191, 155,
       64, 83, 198, 255, 237, 0, 122, 203, 210, 47, 211, 225, 181, 185,
       32, 128, 142, 11, 76, 179, 149, 243, 169, 44, 116, 151, 175, 31,
       171, 72, 206, 179, 72, 219, 165, 87, 237, 16, 18, 73, 155, 97,
       141, 247, 116, 86, 194, 82, 131, 35, 184, 61, 126, 116, 224, 205,
       125, 119, 181, 14, 118, 25, 59, 191, 32, 17, 40, 178, 215, 8, 120,
       141, 48, 15, 243, 203, 112, 145, 98, 200, 198, 251, 113, 71, 207,
       224, 164, 34, 109, 215, 116, 67, 222, 246, 17, 35, 176, 106, 126,
       198, 62, 188, 153, 219, 37, 130, 248, 175, 254, 196, 173, 248,
       240, 41, 3, 218, 59, 217, 100, 213, 184, 214, 159, 93, 80, 103,
       188, 158, 182, 96, 238, 59, 55, 197, 135, 184, 50, 245, 7, 56,
       186, 138, 28, 12, 33, 223, 25, 83, 107, 229, 54, 94, 125, 55, 97,
       236, 126, 230, 57, 31, 151, 96, 126, 156, 149, 236, 201, 176, 37,
       204, 118, 233, 162, 128, 103, 180, 116, 121, 252, 227, 156, 96,
       168, 15, 86, 216, 227, 186, 161, 105, 79, 227, 73, 155, 177, 196,
