%YAML:1.0
---
descriptors: !!opencv-matrix
   rows: 51
   cols: 32
   dt: u
   data: [ 50, 41, 34, 168, 93, 79, 208, 78, 221, 4, 232, 11, 10, 152,
       55, 20, 232, 137, 219, 193, 8, 43, 18, 207, 177, 220, 138, 63, 81,
       44, 118, 198, 48, 65, 123, 228, 84, 14, 235, 80, 80, 0, 250, 74,
       83, 9, 53, 16, 248, 157, 7, 226, 136, 178, 16, 14, 117, 140, 160,
       4, 117, 187, 114, 130, 66, 128, 166, 158, 75, 176, 184, 138, 174,
       3, 66, 131, 237, 234, 56, 74, 227, 115, 123, 133, 6, 133, 142,
       243, 5, 54, 218, 201, 20, 36, 33, 6, 39, 52, 248, 64, 221, 255,
       210, 202, 91, 245, 173, 29, 10, 248, 95, 60, 153, 138, 210, 28,
       159, 114, 254, 146, 91, 93, 21, 127, 203, 77, 90, 214, 112, 61,
       253, 100, 141, 71, 86, 127, 193, 234, 190, 42, 83, 61, 69, 51,
       216, 246, 109, 98, 93, 99, 217, 8, 243, 201, 229, 63, 105, 122,
       214, 26, 171, 197, 37, 159, 21, 151, 174, 237, 92, 80, 80, 70,
       232, 88, 188, 229, 216, 2, 146, 239, 231, 172, 125, 255, 36, 26,
       142, 66, 95, 28, 249, 156, 134, 48, 155, 186, 236, 165, 185, 208,
       142, 25, 81, 112, 188, 219, 104, 105, 231, 59, 55, 83, 19, 68, 10,
       241, 197, 152, 122, 234, 152, 83, 161, 163, 94, 149, 58, 186, 187,
       192, 27, 105, 191, 5, 233, 161, 76, 255, 42, 80, 183, 187, 151,
       163, 90, 11, 26, 223, 251, 245, 10, 107, 16, 6, 167, 83, 152, 205,
       87, 233, 20, 75, 79, 180, 37, 48, 242, 66, 243, 19, 160, 245, 122,
       180, 12, 234, 105, 176, 113, 189, 241, 232, 160, 16, 54, 187, 116,
       40, 104, 237, 184, 248, 141, 245, 84, 199, 195, 25, 172, 9, 170,
       253, 99, 154, 201, 178, 233, 16, 26, 107, 210, 145, 251, 223, 213,
       123, 210, 124, 222, 10, 82, 249, 57, 242, 155, 197, 19, 166, 171,
       117, 136, 25, 182, 158, 66, 18, 129, 219, 249, 209, 74, 75, 250,
       119, 249, 213, 159, 123, 0, 17, 135, 122, 153, 201, 71, 188, 14,
       128, 13, 247, 148, 0, 194, 194, 49, 130, 160, 97, 72, 162, 10,
       200, 105, 143, 36, 157, 240, 162, 254, 0, 61, 152, 240, 40, 68,
       173, 156, 191, 159, 192, 178, 170, 190, 149, 136, 3, 236, 250, 74,
       66, 241, 123, 235, 145, 22, 73, 203, 253, 253, 39, 143, 127, 128,
       98, 157, 138, 57, 48, 94, 133, 77, 95, 249, 80, 47, 236, 247, 38,
       158, 158, 162, 238, 106, 141, 238, 168, 13, 179, 241, 208, 215,
       241, 170, 145, 31, 14, 125, 211, 9, 50, 127, 169, 111, 223, 249,
       82, 239, 124, 246, 102, 156, 158, 162, 236, 110, 189, 254, 132,
       135, 253, 247, 209, 215, 121, 186, 195, 31, 12, 125, 255, 62, 114,
       251, 229, 23, 70, 95, 216, 97, 236, 247, 46, 91, 95, 95, 26, 122,
       213, 149, 243, 137, 243, 185, 200, 179, 217, 167, 135, 239, 251,
       118, 115, 93, 240, 191, 114, 169, 173, 115, 218, 235, 219, 37, 24,
       126, 255, 74, 58, 165, 83, 236, 90, 147, 99, 186, 33, 219, 219,
       117, 122, 234, 209, 227, 115, 196, 32, 157, 225, 128, 110, 121,
       11, 58, 179, 35, 24, 151, 51, 72, 123, 161, 23, 121, 56, 50, 92,
       145, 64, 207, 155, 87, 100, 128, 64, 135, 34, 2, 41, 18, 154, 77,
       201, 162, 198, 172, 0, 104, 3, 172, 154, 37, 192, 232, 43, 3, 195,
       70, 185, 18, 225, 53, 16, 154, 11, 16, 31, 45, 138, 48, 73, 26,
       168, 93, 207, 86, 98, 133, 4, 232, 11, 22, 155, 32, 80, 248, 185,
       75, 225, 76, 171, 16, 76, 243, 165, 130, 31, 113, 43, 102, 2, 82,
       4, 218, 168, 74, 160, 26, 74, 175, 3, 72, 131, 13, 206, 98, 80,
       247, 185, 179, 133, 6, 27, 146, 211, 145, 165, 154, 47, 176, 66,
       35, 194, 135, 237, 16, 154, 236, 169, 174, 132, 136, 18, 25, 192,
       157, 194, 249, 66, 239, 67, 10, 91, 82, 0, 14, 225, 36, 144, 142,
       172, 156, 219, 161, 128, 244, 115, 168, 182, 204, 77, 85, 201,
       146, 190, 161, 43, 18, 157, 75, 27, 232, 221, 101, 99, 72, 99,
       202, 0, 209, 129, 229, 61, 97, 123, 214, 242, 81, 23, 89, 79, 48,
       30, 70, 60, 101, 72, 255, 68, 83, 114, 156, 244, 20, 196, 76, 110,
       157, 176, 109, 47, 162, 190, 36, 148, 104, 179, 104, 5, 229, 122,
       169, 101, 36, 79, 95, 20, 66, 238, 54, 13, 243, 29, 215, 58, 156,
       100, 85, 127, 204, 244, 241, 8, 103, 137, 101, 176, 192, 187, 86,
       123, 252, 98, 184, 229, 76, 75, 197, 69, 192, 174, 180, 11, 243,
       13, 67, 27, 184, 244, 229, 99, 72, 246, 232, 8, 245, 193, 229, 49,
       97, 58, 214, 234, 35, 105, 231, 81, 85, 175, 224, 198, 239, 192,
       122, 66, 176, 184, 53, 32, 232, 106, 18, 92, 134, 184, 22, 104,
       47, 28, 150, 2, 201, 120, 82, 142, 104, 160, 184, 121, 45, 109,
       81, 11, 75, 61, 44, 24, 182, 61, 74, 50, 137, 26, 233, 16, 26,
       106, 243, 19, 207, 213, 16, 127, 208, 72, 78, 106, 82, 253, 184,
       242, 25, 205, 19, 166, 186, 29, 136, 9, 182, 215, 64, 18, 129,
       123, 253, 209, 74, 75, 218, 55, 249, 213, 31, 123, 0, 16, 135, 58,
       185, 76, 79, 252, 12, 160, 75, 114, 213, 2, 214, 66, 51, 227, 177,
       105, 104, 224, 62, 206, 233, 135, 38, 171, 210, 235, 234, 24, 63,
       249, 112, 40, 138, 184, 179, 187, 79, 213, 187, 194, 159, 77, 84,
       19, 172, 223, 102, 140, 239, 59, 147, 145, 2, 62, 58, 243, 71, 85,
       154, 235, 87, 12, 37, 219, 148, 38, 156, 179, 190, 171, 32, 138,
       126, 245, 3, 185, 134, 64, 75, 11, 163, 3, 106, 21, 54, 225, 79,
       80, 140, 2, 31, 117, 132, 73, 9, 68, 249, 96, 255, 103, 36, 79,
       119, 21, 121, 238, 55, 57, 126, 93, 217, 59, 182, 116, 117, 111,
       224, 244, 160, 10, 227, 153, 101, 48, 102, 186, 214, 107, 20, 205,
       26, 232, 208, 193, 58, 230, 182, 0, 104, 1, 53, 211, 33, 80, 248,
       185, 3, 192, 18, 139, 2, 127, 249, 165, 171, 105, 16, 50, 39, 130,
       76, 255, 24, 190, 25, 193, 19, 168, 174, 156, 137, 41, 180, 215,
       105, 82, 129, 123, 233, 83, 66, 75, 138, 61, 233, 213, 15, 59, 16,
       19, 7, 11, 248, 17, 115, 229, 37, 82, 126, 113, 101, 0, 246, 34,
       91, 31, 52, 113, 254, 148, 191, 234, 249, 187, 49, 205, 243, 249,
       226, 193, 55, 170, 116, 35, 3, 26, 58, 153, 101, 149, 184, 86,
       223, 77, 84, 39, 172, 222, 183, 108, 238, 59, 183, 213, 135, 152,
       34, 241, 6, 120, 154, 139, 30, 140, 41, 223, 252, 225, 190, 114,
       168, 9, 87, 220, 226, 155, 181, 24, 127, 243, 73, 27, 179, 214,
       108, 122, 106, 99, 138, 33, 251, 201, 37, 125, 224, 243, 206, 35,
       236, 239, 216, 39, 250, 43, 183, 236, 242, 166, 249, 170, 215, 96,
       203, 2, 59, 199, 98, 99, 116, 118, 206, 42, 124, 135, 103, 61,
       237, 251, 139, 130, 38, 224, 56, 58, 93, 173, 208, 200, 219, 21,
       161, 25, 166, 216, 76, 24, 137, 155, 195, 17, 30, 38, 218, 183,
       157, 84, 25, 123, 208, 9, 222, 134, 204, 6, 189, 243, 168, 44,
       125, 155, 191, 63, 51, 112, 222, 35, 104, 91, 133, 23, 109, 26,
       48, 69, 11, 98, 207, 251, 119, 149, 144, 209, 167, 35, 81, 3, 199,
       224, 228, 34, 109, 215, 113, 131, 210, 246, 17, 35, 184, 110, 127,
       196, 62, 188, 153, 251, 165, 192, 248, 238, 246, 196, 173, 216,
       240, 41, 131, 26, 59, 219, 109, 213, 184, 86, 159, 88, 80, 71,
       172, 158, 54, 105, 238, 59, 55, 213, 135, 188, 50, 241, 7, 56,
       186, 138, 28, 12, 37, 223, 10, 184, 186, 248, 239, 245, 184, 87,
       139, 95, 28, 63, 172, 158, 102, 14, 239, 59, 151, 145, 150, 107,
       178, 241, 95, 93, 154, 235, 146, 76, 173, 255, 180, 239, 216, 7,
       218, 43, 39, 236, 178, 166, 232, 171, 103, 97, 75, 3, 59, 198, 66,
       226, 112, 119, 204, 106, 124, 6, 101, 45, 225, 251, 166, 194, 245,
       255, 140, 7, 140, 54, 134, 188, 82, 242, 203, 207, 193, 104, 223,
       83, 93, 206, 232, 231, 236, 82, 223, 42, 168, 103, 239, 29, 13,
       127, 248, 20, 231, 254, 140, 158, 186, 51, 22, 175, 30, 191, 153,
       255, 199, 104, 207, 75, 213, 199, 236, 55, 190, 79, 207, 59, 168,
       38, 125, 191, 156, 253, 152, 85, 76, 182, 148, 251, 169, 60, 116,
       159, 175, 27, 171, 84, 206, 243, 72, 223, 133, 71, 236, 28, 18,
       73, 155, 97, 143, 243, 86, 94, 138, 84, 171, 3, 229, 255, 172, 63,
       152, 47, 15, 191, 22, 254, 137, 221, 211, 104, 91, 75, 213, 70,
