%YAML:1.0
---
descriptors: !!opencv-matrix
   rows: 155
   cols: 32
   dt: u
   data: [ 42, 175, 34, 186, 255, 209, 190, 231, 159, 77, 92, 163, 172,
       236, 50, 128, 255, 123, 151, 197, 6, 186, 42, 255, 255, 87, 159,
       235, 87, 14, 189, 219, 14, 181, 176, 153, 253, 253, 184, 75, 31,
       31, 125, 17, 140, 190, 110, 140, 207, 27, 147, 17, 22, 122, 210,
       210, 15, 85, 30, 239, 210, 76, 141, 215, 19, 29, 67, 159, 54, 214,
       238, 113, 28, 200, 91, 199, 121, 254, 176, 228, 126, 235, 23, 207,
       229, 152, 28, 239, 52, 46, 170, 128, 61, 142, 57, 221, 121, 80,
       235, 71, 102, 82, 255, 116, 97, 202, 118, 230, 121, 31, 151, 178,
       126, 252, 183, 238, 205, 182, 181, 200, 118, 237, 230, 128, 111,
       182, 106, 249, 106, 240, 116, 80, 239, 217, 149, 239, 203, 127,
       60, 189, 46, 156, 78, 159, 143, 19, 231, 17, 214, 111, 250, 213,
       95, 83, 84, 255, 215, 12, 207, 223, 206, 51, 234, 144, 235, 112,
       56, 3, 171, 223, 151, 191, 76, 238, 215, 159, 167, 183, 253, 149,
       180, 67, 174, 194, 26, 113, 223, 239, 134, 101, 191, 87, 129, 207,
       85, 195, 182, 186, 238, 183, 124, 3, 123, 82, 251, 8, 148, 228,
       43, 194, 6, 74, 243, 188, 109, 239, 36, 142, 54, 64, 109, 219,
       193, 172, 60, 20, 124, 125, 6, 118, 213, 50, 80, 146, 255, 18, 83,
       61, 23, 43, 91, 254, 19, 170, 40, 246, 113, 140, 71, 171, 80, 1,
       231, 233, 108, 162, 81, 159, 31, 101, 176, 14, 71, 183, 100, 168,
       234, 68, 247, 51, 128, 112, 54, 102, 108, 104, 217, 153, 17, 47,
       233, 239, 36, 16, 40, 162, 193, 41, 21, 13, 83, 71, 20, 10, 98,
       176, 116, 160, 107, 66, 115, 97, 145, 244, 50, 236, 8, 110, 41,
       176, 13, 46, 164, 174, 1, 0, 106, 179, 64, 32, 135, 88, 19, 251,
       97, 132, 184, 80, 191, 24, 113, 98, 172, 218, 37, 233, 238, 57,
       55, 211, 7, 214, 130, 240, 135, 248, 218, 138, 16, 17, 35, 143,
       254, 80, 102, 132, 77, 84, 217, 72, 137, 252, 151, 143, 72, 205,
       63, 151, 238, 197, 255, 231, 204, 103, 182, 200, 83, 121, 201,
       191, 103, 63, 126, 86, 0, 105, 10, 133, 212, 138, 238, 198, 116,
       32, 66, 130, 177, 130, 49, 64, 120, 236, 2, 206, 64, 148, 197, 46,
       52, 164, 142, 0, 48, 184, 249, 136, 223, 90, 123, 230, 110, 28,
       191, 112, 137, 234, 181, 111, 28, 157, 183, 167, 166, 117, 215,
       103, 197, 39, 168, 200, 114, 89, 43, 190, 71, 183, 123, 247, 3,
       135, 39, 137, 149, 226, 184, 103, 28, 69, 90, 147, 172, 46, 50,
       192, 239, 3, 147, 149, 182, 153, 5, 223, 61, 52, 154, 195, 149,
       76, 189, 222, 240, 232, 22, 156, 88, 139, 34, 236, 54, 162, 226,
       10, 230, 131, 0, 80, 120, 228, 106, 226, 106, 71, 195, 127, 180,
       166, 151, 24, 81, 24, 35, 136, 218, 249, 154, 170, 57, 221, 18,
       232, 175, 53, 164, 9, 174, 223, 110, 210, 224, 241, 233, 81, 78,
       11, 154, 241, 155, 213, 15, 123, 18, 7, 47, 78, 57, 34, 106, 169,
       54, 11, 232, 89, 70, 224, 215, 231, 19, 8, 178, 32, 126, 136, 23,
       189, 143, 176, 69, 156, 84, 77, 170, 196, 125, 140, 120, 213, 116,
       228, 151, 154, 95, 169, 98, 204, 183, 19, 235, 26, 102, 227, 104,
       94, 121, 196, 106, 144, 42, 103, 203, 115, 157, 166, 211, 123,
       161, 11, 38, 138, 14, 178, 188, 251, 237, 237, 185, 223, 31, 127,
       21, 25, 140, 191, 74, 10, 135, 27, 251, 17, 18, 88, 251, 241, 207,
       211, 95, 111, 146, 76, 133, 211, 202, 60, 246, 212, 235, 116, 188,
       3, 187, 222, 182, 57, 236, 190, 71, 219, 167, 119, 253, 131, 36,
       71, 147, 192, 151, 123, 95, 155, 142, 116, 175, 95, 218, 220, 118,
       156, 111, 122, 124, 39, 185, 86, 182, 51, 108, 62, 38, 223, 227,
       247, 255, 163, 101, 69, 163, 239, 151, 123, 218, 147, 14, 116,
       173, 95, 10, 157, 50, 223, 255, 213, 188, 239, 159, 79, 92, 51,
       172, 254, 38, 196, 231, 59, 179, 129, 118, 152, 50, 255, 47, 87,
       30, 139, 150, 76, 173, 223, 129, 188, 21, 81, 179, 191, 98, 183,
       125, 43, 106, 84, 190, 51, 128, 245, 183, 27, 20, 184, 179, 220,
       81, 127, 175, 222, 54, 64, 170, 192, 201, 45, 248, 176, 252, 112,
       171, 253, 80, 87, 235, 95, 180, 57, 62, 153, 70, 63, 175, 179,
       253, 16, 30, 111, 178, 209, 219, 217, 80, 123, 235, 132, 206, 91,
       185, 3, 71, 205, 52, 2, 111, 112, 53, 164, 246, 198, 115, 35, 176,
       85, 124, 172, 31, 238, 233, 146, 101, 140, 244, 238, 227, 128, 39,
       170, 112, 240, 4, 61, 191, 83, 134, 106, 167, 202, 122, 243, 47,
       24, 210, 245, 77, 47, 57, 94, 98, 114, 49, 240, 185, 98, 45, 142,
       69, 100, 193, 115, 231, 162, 8, 45, 147, 245, 84, 134, 168, 119,
       52, 136, 90, 198, 149, 135, 33, 192, 126, 57, 19, 185, 65, 152,
       16, 78, 188, 167, 190, 128, 41, 32, 33, 185, 48, 169, 138, 218,
       221, 129, 196, 107, 19, 1, 225, 11, 34, 233, 124, 16, 249, 170,
       35, 128, 90, 59, 202, 83, 29, 6, 149, 43, 81, 8, 118, 138, 47,
       183, 113, 67, 247, 63, 234, 216, 95, 113, 125, 126, 72, 89, 220,
       164, 95, 138, 150, 58, 147, 50, 109, 215, 14, 28, 129, 230, 255,
       143, 216, 165, 189, 13, 74, 173, 52, 11, 71, 120, 116, 232, 250,
       102, 115, 73, 187, 96, 122, 172, 94, 111, 237, 179, 69, 30, 240,
       237, 161, 144, 125, 170, 112, 25, 10, 157, 63, 244, 115, 214, 185,
       119, 189, 205, 126, 39, 188, 191, 38, 96, 230, 63, 183, 129, 209,
       155, 50, 237, 119, 125, 186, 138, 30, 68, 37, 251, 244, 228, 132,
       182, 217, 15, 70, 232, 27, 179, 169, 25, 102, 226, 73, 146, 153,
       206, 98, 118, 110, 103, 218, 63, 185, 150, 77, 125, 192, 123, 90,
       2, 180, 166, 244, 237, 221, 47, 204, 203, 91, 178, 248, 27, 67,
       233, 29, 20, 221, 220, 39, 33, 168, 246, 203, 159, 121, 190, 133,
       53, 119, 248, 90, 128, 243, 81, 107, 76, 102, 22, 239, 120, 97,
       200, 255, 230, 121, 252, 182, 100, 126, 236, 23, 239, 201, 178,
       181, 206, 118, 44, 162, 128, 111, 183, 114, 245, 154, 95, 102, 28,
       51, 210, 191, 116, 189, 76, 86, 231, 41, 142, 167, 197, 102, 253,
       151, 231, 228, 157, 36, 237, 50, 97, 170, 131, 39, 149, 45, 221,
       206, 58, 254, 180, 239, 228, 185, 82, 187, 223, 84, 183, 172, 191,
       119, 75, 239, 127, 183, 145, 162, 87, 130, 224, 87, 121, 250, 171,
       132, 117, 39, 219, 10, 176, 177, 210, 239, 253, 189, 127, 143,
       123, 29, 63, 156, 156, 126, 46, 175, 27, 223, 21, 151, 121, 186,
       209, 95, 93, 127, 255, 214, 76, 135, 247, 165, 77, 101, 71, 4, 15,
       231, 180, 116, 98, 235, 12, 243, 32, 156, 53, 120, 230, 106, 110,
       233, 180, 125, 46, 37, 170, 68, 0, 105, 251, 208, 56, 206, 182,
       226, 144, 235, 112, 184, 71, 187, 247, 23, 191, 12, 238, 222, 159,
       167, 143, 255, 149, 182, 79, 174, 192, 30, 81, 223, 239, 135, 68,
       191, 215, 44, 17, 254, 245, 133, 102, 213, 7, 85, 147, 255, 17,
       211, 57, 9, 75, 201, 214, 51, 128, 56, 250, 83, 136, 71, 251, 84,
       1, 239, 248, 228, 162, 88, 247, 156, 32, 185, 109, 16, 143, 43,
       61, 172, 57, 143, 179, 74, 26, 135, 23, 237, 16, 18, 73, 147, 17,
       251, 215, 53, 127, 192, 64, 143, 11, 119, 48, 217, 32, 213, 111,
       195, 136, 59, 243, 177, 24, 222, 124, 93, 58, 187, 197, 84, 51,
       25, 118, 217, 64, 157, 150, 65, 116, 201, 107, 67, 50, 209, 89,
       159, 116, 10, 78, 69, 49, 160, 210, 163, 88, 247, 119, 1, 123, 34,
       244, 108, 106, 105, 69, 179, 13, 241, 171, 101, 16, 40, 176, 6,
       56, 130, 216, 17, 217, 109, 197, 185, 196, 159, 28, 80, 102, 188,
       159, 101, 77, 206, 57, 191, 195, 67, 92, 114, 241, 133, 16, 218,
       170, 16, 25, 37, 187, 43, 59, 225, 64, 109, 221, 241, 87, 239,
       109, 60, 173, 170, 157, 214, 172, 30, 50, 215, 29, 151, 56, 54,
       145, 71, 93, 48, 187, 215, 142, 222, 255, 95, 23, 107, 110, 179,
       86, 31, 184, 41, 76, 95, 229, 93, 54, 135, 244, 182, 213, 149,
       238, 233, 144, 173, 236, 227, 251, 170, 134, 46, 183, 39, 113,
       142, 106, 122, 192, 102, 157, 251, 80, 173, 216, 117, 66, 157,
       143, 247, 42, 238, 57, 95, 95, 194, 55, 170, 192, 87, 89, 170,
