%YAML:1.0
---
descriptors: !!opencv-matrix
   rows: 197
   cols: 32
   dt: u
   data: [ 29, 252, 255, 108, 187, 126, 255, 218, 235, 95, 254, 52, 94,
       255, 142, 183, 167, 85, 221, 46, 247, 229, 187, 225, 227, 255, 97,
       134, 75, 245, 239, 247, 82, 249, 41, 56, 42, 201, 25, 108, 175,
       92, 128, 40, 182, 150, 150, 52, 160, 177, 125, 193, 202, 11, 166,
       117, 145, 48, 154, 250, 16, 4, 39, 111, 190, 121, 114, 207, 125,
       223, 254, 236, 105, 236, 188, 11, 106, 253, 31, 148, 252, 255,
       223, 99, 204, 163, 249, 253, 63, 120, 7, 59, 71, 63, 110, 223, 73,
       0, 121, 173, 52, 138, 104, 22, 111, 233, 118, 100, 191, 139, 208,
       112, 230, 173, 60, 29, 135, 152, 161, 223, 206, 253, 50, 192, 28,
       128, 9, 9, 10, 176, 48, 209, 253, 253, 177, 75, 31, 61, 85, 26,
       140, 157, 106, 40, 255, 27, 187, 16, 50, 124, 123, 215, 207, 215,
       27, 111, 146, 8, 149, 147, 238, 62, 178, 82, 251, 249, 58, 202,
       187, 191, 169, 185, 12, 254, 79, 186, 183, 223, 223, 147, 54, 71,
       170, 242, 31, 22, 27, 255, 130, 101, 47, 215, 189, 73, 113, 69,
       84, 27, 230, 112, 85, 160, 250, 66, 115, 104, 149, 165, 120, 236,
       2, 238, 205, 178, 117, 174, 52, 172, 129, 0, 127, 187, 120, 164,
       3, 24, 67, 187, 118, 247, 170, 82, 30, 73, 91, 199, 252, 222, 180,
       224, 254, 43, 23, 157, 151, 152, 60, 255, 6, 60, 186, 192, 156,
       142, 57, 221, 176, 70, 92, 229, 194, 98, 127, 71, 17, 34, 250,
       179, 17, 15, 1, 27, 127, 151, 167, 160, 56, 150, 65, 203, 247,
       231, 186, 133, 37, 249, 228, 130, 127, 112, 241, 100, 99, 92, 125,
       16, 105, 250, 54, 239, 91, 31, 223, 191, 62, 213, 245, 238, 201,
       118, 245, 200, 87, 217, 229, 166, 111, 247, 102, 117, 40, 149,
       106, 203, 87, 243, 251, 89, 86, 69, 125, 163, 121, 221, 190, 64,
       127, 58, 147, 184, 146, 184, 56, 223, 127, 15, 162, 193, 247, 138,
       244, 243, 252, 81, 118, 228, 21, 86, 90, 112, 101, 164, 255, 3,
       75, 31, 51, 208, 122, 148, 253, 234, 236, 179, 17, 142, 243, 239,
       163, 23, 39, 175, 124, 66, 194, 170, 148, 186, 169, 189, 148, 207,
       158, 31, 128, 25, 174, 226, 66, 159, 129, 115, 233, 17, 54, 79,
       202, 115, 137, 210, 95, 123, 144, 84, 139, 15, 225, 203, 253, 71,
       96, 30, 110, 180, 233, 238, 162, 72, 243, 34, 150, 115, 128, 230,
       108, 110, 237, 244, 229, 40, 38, 186, 100, 16, 64, 242, 194, 12,
       21, 221, 203, 247, 148, 199, 239, 247, 54, 234, 91, 66, 253, 243,
       177, 96, 123, 255, 55, 138, 211, 184, 57, 255, 237, 175, 175, 128,
       173, 250, 241, 168, 221, 110, 239, 230, 62, 19, 78, 216, 85, 234,
       151, 238, 91, 75, 217, 43, 126, 228, 127, 254, 169, 215, 173, 136,
       242, 203, 231, 148, 175, 251, 112, 113, 118, 197, 4, 174, 156, 11,
       70, 236, 157, 162, 163, 11, 70, 98, 40, 81, 248, 197, 106, 99,
       104, 195, 73, 63, 176, 162, 207, 23, 48, 59, 176, 2, 68, 33, 132,
       175, 200, 32, 38, 168, 164, 162, 203, 200, 213, 98, 9, 91, 104,
       196, 106, 238, 96, 71, 207, 42, 148, 162, 239, 28, 0, 115, 35,
       128, 93, 22, 111, 237, 118, 182, 107, 123, 101, 200, 255, 230,
       121, 110, 191, 112, 126, 165, 63, 172, 189, 147, 37, 223, 246,
       239, 163, 132, 61, 227, 96, 117, 239, 51, 62, 118, 173, 125, 89,
       28, 223, 255, 55, 60, 254, 253, 223, 175, 151, 23, 255, 63, 165,
       245, 187, 130, 223, 219, 117, 187, 206, 220, 220, 125, 77, 75, 17,
       103, 52, 14, 103, 180, 124, 232, 98, 76, 211, 1, 145, 240, 144,
       100, 108, 110, 233, 176, 109, 46, 228, 255, 37, 4, 74, 179, 66,
       41, 107, 221, 110, 222, 253, 213, 222, 239, 215, 72, 220, 130,
       104, 252, 182, 228, 220, 242, 159, 195, 254, 139, 126, 255, 59,
       123, 142, 219, 31, 30, 252, 94, 5, 227, 213, 99, 228, 137, 98,
       156, 118, 177, 107, 64, 215, 195, 200, 192, 115, 14, 34, 90, 83,
       240, 79, 17, 140, 128, 39, 100, 176, 139, 192, 160, 21, 75, 75,
       255, 86, 130, 239, 240, 116, 130, 242, 194, 249, 227, 177, 112,
       122, 236, 46, 238, 105, 182, 77, 239, 116, 174, 235, 8, 61, 187,
       99, 160, 74, 190, 166, 157, 171, 176, 188, 167, 190, 215, 206,
       181, 172, 166, 18, 207, 167, 103, 233, 149, 54, 201, 135, 239,
       172, 54, 94, 203, 132, 84, 173, 95, 4, 204, 150, 138, 222, 162,
       162, 200, 150, 129, 203, 67, 196, 226, 41, 64, 121, 104, 42, 243,
       2, 147, 27, 255, 60, 36, 143, 78, 152, 123, 49, 130, 43, 205, 99,
       73, 85, 215, 239, 103, 93, 64, 124, 2, 57, 156, 52, 164, 120, 170,
       18, 237, 235, 186, 52, 255, 53, 28, 138, 0, 95, 12, 122, 236, 82,
       176, 50, 184, 11, 221, 49, 69, 173, 85, 129, 9, 44, 222, 110, 94,
       162, 51, 219, 17, 6, 11, 178, 209, 145, 208, 26, 123, 16, 4, 39,
       127, 222, 120, 191, 244, 9, 108, 93, 6, 169, 226, 166, 9, 62, 191,
       69, 123, 160, 245, 253, 195, 41, 199, 179, 232, 211, 251, 223, 19,
       128, 117, 39, 122, 59, 205, 35, 141, 21, 215, 239, 254, 85, 76,
       222, 6, 104, 72, 182, 228, 120, 232, 150, 239, 237, 187, 61, 255,
       179, 92, 143, 128, 55, 158, 112, 236, 150, 68, 86, 171, 159, 227,
       254, 237, 173, 16, 251, 131, 77, 126, 45, 87, 255, 209, 95, 243,
       60, 131, 9, 253, 185, 242, 207, 199, 181, 115, 165, 6, 255, 115,
       98, 4, 115, 18, 254, 112, 65, 228, 127, 239, 73, 108, 151, 180,
       62, 228, 148, 238, 205, 146, 173, 206, 54, 125, 165, 135, 111,
       191, 122, 213, 222, 80, 126, 245, 46, 78, 93, 48, 249, 254, 182,
       179, 95, 31, 151, 123, 238, 213, 253, 235, 232, 229, 229, 200,
       211, 251, 235, 149, 39, 181, 116, 115, 40, 157, 123, 110, 245,
       207, 119, 247, 68, 72, 127, 6, 123, 125, 34, 80, 252, 242, 151,
       106, 217, 186, 56, 63, 127, 237, 36, 64, 115, 138, 230, 219, 10,
       143, 163, 187, 247, 225, 191, 231, 31, 69, 92, 163, 172, 237, 51,
       0, 255, 123, 147, 149, 50, 154, 42, 255, 239, 87, 159, 171, 151,
       94, 181, 251, 123, 113, 234, 68, 103, 86, 127, 112, 97, 232, 254,
       238, 89, 29, 151, 182, 126, 212, 183, 238, 205, 50, 181, 200, 86,
       121, 225, 133, 111, 182, 122, 245, 52, 70, 215, 243, 210, 98, 239,
       199, 21, 55, 242, 178, 17, 39, 0, 89, 121, 215, 7, 162, 56, 218,
       65, 234, 245, 166, 254, 133, 229, 217, 228, 170, 44, 6, 236, 95,
       100, 106, 229, 58, 69, 126, 255, 185, 211, 45, 159, 75, 9, 196,
       103, 46, 168, 244, 109, 8, 70, 187, 112, 149, 119, 249, 84, 226,
       187, 91, 98, 20, 115, 210, 191, 112, 177, 204, 214, 167, 105, 204,
       183, 165, 126, 237, 151, 231, 228, 159, 36, 238, 58, 123, 143,
       131, 39, 181, 126, 221, 157, 217, 125, 229, 162, 94, 127, 180, 44,
       244, 86, 166, 221, 55, 146, 99, 38, 215, 61, 254, 241, 216, 53,
       236, 239, 235, 238, 196, 38, 177, 133, 121, 249, 118, 239, 229,
       46, 6, 109, 92, 117, 234, 150, 238, 83, 73, 153, 107, 126, 228,
       125, 188, 233, 247, 165, 136, 242, 203, 231, 148, 47, 248, 112,
       121, 20, 159, 219, 255, 180, 194, 103, 241, 52, 136, 219, 98, 115,
       247, 161, 96, 127, 254, 46, 234, 73, 187, 41, 47, 248, 175, 167,
       128, 165, 251, 240, 185, 218, 28, 246, 212, 51, 242, 121, 115,
       253, 206, 126, 39, 44, 254, 167, 255, 230, 111, 191, 140, 164,
       221, 166, 206, 211, 255, 122, 131, 167, 228, 45, 223, 111, 251,
       252, 243, 188, 153, 255, 252, 255, 253, 179, 230, 253, 234, 221,
       107, 255, 207, 127, 211, 247, 121, 239, 241, 254, 223, 255, 244,
       140, 251, 211, 241, 57, 213, 231, 247, 238, 46, 237, 255, 125,
       251, 250, 246, 89, 63, 156, 251, 127, 199, 127, 173, 249, 251,
       237, 226, 254, 239, 254, 196, 239, 248, 227, 249, 40, 175, 114,
       248, 119, 209, 242, 103, 253, 5, 124, 34, 44, 153, 36, 212, 106,
       59, 131, 136, 66, 187, 0, 255, 119, 221, 146, 75, 119, 140, 239,
       171, 10, 141, 190, 157, 213, 209, 182, 230, 159, 5, 78, 3, 172,
       254, 38, 64, 233, 123, 163, 209, 54, 218, 18, 255, 111, 119, 222,
       75, 146, 93, 173, 206, 145, 239, 95, 239, 118, 139, 235, 244, 124,
       136, 123, 198, 253, 195, 176, 96, 126, 235, 22, 238, 227, 144, 13,
