%YAML:1.0
---
descriptors: !!opencv-matrix
   rows: 183
   cols: 32
   dt: u
   data: [ 9, 156, 57, 251, 85, 205, 241, 247, 94, 77, 124, 18, 188, 157,
       50, 96, 249, 59, 19, 8, 51, 188, 112, 255, 103, 191, 18, 64, 80,
       8, 229, 250, 56, 29, 123, 254, 95, 247, 251, 242, 213, 76, 252, 2,
       121, 255, 35, 96, 252, 123, 151, 226, 9, 187, 58, 191, 251, 239,
       3, 75, 59, 43, 101, 251, 17, 155, 74, 234, 54, 135, 106, 245, 7,
       77, 254, 231, 113, 195, 162, 64, 126, 168, 31, 220, 222, 155, 60,
       255, 250, 173, 167, 192, 61, 138, 224, 89, 125, 66, 237, 77, 108,
       3, 207, 88, 67, 226, 181, 238, 83, 65, 157, 118, 88, 196, 110,
       110, 201, 39, 237, 24, 118, 169, 225, 188, 127, 251, 112, 32, 48,
       161, 206, 188, 94, 3, 198, 104, 86, 162, 242, 202, 115, 224, 48,
       1, 89, 236, 106, 233, 40, 227, 79, 31, 248, 134, 229, 20, 101, 40,
       112, 0, 49, 69, 107, 44, 92, 3, 199, 120, 84, 192, 251, 66, 83,
       72, 177, 96, 120, 236, 22, 239, 205, 179, 69, 14, 112, 174, 33, 0,
       125, 187, 112, 128, 196, 178, 188, 245, 40, 72, 57, 27, 170, 191,
       167, 185, 223, 183, 74, 91, 167, 149, 109, 2, 96, 68, 235, 80,
       223, 243, 123, 253, 128, 32, 7, 51, 244, 140, 131, 158, 222, 3,
       38, 235, 22, 162, 200, 218, 113, 224, 41, 65, 121, 234, 34, 170,
       121, 79, 14, 63, 60, 134, 199, 108, 177, 120, 48, 128, 114, 32,
       103, 153, 110, 139, 232, 75, 55, 49, 210, 219, 64, 137, 20, 73,
       122, 140, 123, 157, 138, 218, 199, 208, 22, 42, 219, 224, 37, 136,
       112, 140, 4, 140, 135, 151, 213, 203, 166, 224, 190, 147, 66, 2,
       228, 224, 41, 207, 57, 110, 34, 82, 112, 248, 10, 109, 45, 6, 95,
       67, 128, 122, 37, 142, 2, 32, 150, 157, 79, 139, 168, 72, 190,
       176, 67, 2, 236, 232, 116, 66, 179, 109, 107, 1, 2, 241, 139, 221,
       13, 50, 75, 15, 4, 42, 17, 134, 34, 32, 102, 205, 76, 11, 104, 72,
       7, 160, 208, 3, 64, 137, 84, 64, 216, 140, 123, 205, 10, 243, 195,
       208, 23, 56, 137, 51, 53, 136, 112, 142, 5, 141, 149, 151, 200,
       143, 167, 172, 222, 187, 67, 64, 244, 112, 137, 239, 17, 102, 106,
       90, 49, 216, 123, 125, 45, 22, 95, 64, 136, 122, 129, 172, 17,
       207, 94, 172, 158, 130, 78, 245, 229, 128, 250, 70, 215, 67, 160,
       96, 122, 229, 14, 234, 93, 139, 65, 172, 176, 228, 166, 80, 56,
       187, 168, 9, 63, 27, 114, 203, 247, 151, 254, 209, 109, 72, 255,
       102, 106, 153, 181, 244, 126, 185, 150, 222, 207, 186, 44, 248,
       55, 92, 134, 130, 127, 158, 104, 189, 71, 190, 150, 30, 170, 185,
       52, 239, 254, 187, 130, 237, 228, 250, 204, 123, 231, 247, 238,
       147, 182, 75, 206, 117, 156, 50, 95, 251, 216, 113, 163, 23, 189,
       115, 123, 97, 116, 11, 103, 112, 96, 132, 126, 236, 19, 1, 149,
       52, 126, 220, 6, 122, 201, 178, 100, 12, 102, 141, 36, 192, 103,
       138, 70, 161, 138, 156, 182, 158, 125, 247, 190, 227, 159, 78,
       254, 23, 236, 254, 54, 196, 255, 251, 191, 133, 182, 175, 90, 255,
       63, 126, 158, 139, 31, 76, 41, 223, 120, 105, 236, 100, 13, 217,
       84, 71, 195, 164, 164, 9, 35, 153, 85, 50, 168, 240, 117, 80, 78,
       107, 146, 8, 251, 201, 20, 59, 103, 24, 86, 10, 66, 172, 165, 154,
       141, 233, 148, 199, 158, 183, 128, 25, 174, 252, 78, 143, 129,
       115, 235, 17, 58, 107, 202, 241, 153, 18, 223, 123, 144, 92, 149,
       78, 86, 172, 149, 186, 137, 241, 20, 239, 154, 183, 136, 8, 236,
       246, 104, 223, 193, 115, 233, 145, 54, 75, 218, 243, 185, 86, 223,
       123, 144, 84, 135, 14, 217, 76, 95, 237, 44, 14, 79, 54, 244, 226,
       246, 70, 115, 35, 177, 115, 98, 228, 124, 238, 233, 181, 117, 47,
       242, 235, 226, 16, 45, 249, 112, 40, 120, 188, 154, 240, 97, 236,
       81, 119, 185, 91, 164, 25, 62, 191, 2, 24, 133, 179, 245, 0, 62,
       79, 146, 3, 211, 255, 112, 91, 74, 0, 206, 155, 252, 237, 255,
       111, 254, 115, 222, 253, 87, 166, 255, 155, 99, 237, 31, 64, 91,
       206, 103, 110, 120, 247, 255, 191, 122, 239, 101, 93, 231, 251,
       244, 66, 109, 249, 185, 99, 185, 221, 23, 157, 235, 249, 60, 76,
       190, 93, 66, 50, 132, 115, 252, 80, 147, 40, 250, 49, 239, 221,
       37, 126, 218, 19, 131, 59, 21, 85, 111, 231, 22, 66, 111, 56, 116,
       224, 219, 66, 209, 119, 185, 96, 122, 244, 60, 235, 201, 144, 61,
       12, 241, 175, 235, 132, 37, 243, 53, 112, 85, 91, 75, 167, 82, 6,
       111, 112, 52, 232, 91, 199, 85, 103, 177, 64, 118, 237, 63, 239,
       193, 145, 25, 76, 244, 172, 171, 132, 45, 179, 33, 49, 77, 54,
       223, 101, 162, 46, 121, 19, 41, 235, 47, 236, 223, 55, 192, 122,
       55, 85, 125, 190, 145, 208, 177, 64, 206, 255, 103, 196, 168, 225,
       131, 49, 27, 126, 104, 229, 117, 86, 127, 118, 121, 238, 246, 167,
       91, 61, 150, 164, 126, 221, 149, 173, 173, 252, 245, 206, 255,
       255, 191, 133, 47, 180, 126, 251, 68, 162, 133, 159, 24, 130, 32,
       168, 190, 176, 67, 66, 228, 226, 73, 194, 113, 108, 106, 240, 3,
       208, 207, 125, 140, 34, 207, 100, 184, 34, 1, 0, 4, 140, 142, 151,
       214, 139, 166, 235, 54, 147, 66, 2, 228, 224, 41, 73, 57, 106, 34,
       48, 50, 248, 11, 127, 172, 6, 95, 64, 161, 120, 33, 136, 15, 187,
       255, 251, 254, 169, 185, 216, 191, 89, 93, 230, 252, 239, 250,
       104, 239, 59, 127, 29, 147, 203, 234, 245, 220, 127, 187, 232,
       158, 138, 33, 241, 198, 248, 158, 153, 239, 76, 188, 200, 175, 31,
       178, 27, 140, 222, 71, 203, 175, 85, 255, 65, 86, 79, 146, 241,
       149, 50, 219, 255, 0, 61, 47, 83, 66, 169, 148, 159, 77, 129, 168,
       168, 174, 176, 195, 3, 228, 234, 76, 194, 225, 103, 106, 145, 6,
       65, 219, 253, 13, 50, 207, 11, 0, 34, 9, 6, 203, 218, 111, 190,
       62, 150, 159, 180, 153, 204, 214, 231, 125, 79, 182, 231, 78, 101,
       253, 239, 229, 207, 36, 239, 114, 123, 238, 128, 46, 181, 57, 125,
       85, 160, 135, 157, 30, 11, 34, 232, 54, 176, 66, 194, 112, 224,
       105, 64, 121, 236, 42, 248, 0, 209, 143, 29, 156, 38, 199, 12,
       161, 42, 49, 32, 53, 67, 98, 172, 84, 2, 206, 120, 84, 192, 251,
       199, 83, 200, 191, 192, 120, 236, 22, 239, 201, 179, 5, 142, 48,
       109, 162, 132, 125, 191, 120, 192, 52, 132, 135, 156, 220, 131,
       132, 235, 22, 162, 192, 90, 97, 224, 32, 73, 121, 110, 34, 40, 32,
       219, 11, 31, 56, 134, 215, 108, 177, 40, 48, 136, 64, 160, 135,
       157, 88, 139, 32, 72, 190, 177, 66, 0, 228, 194, 96, 194, 113,
       108, 106, 144, 2, 217, 139, 93, 12, 34, 223, 108, 0, 32, 1, 136,
       48, 32, 199, 157, 94, 131, 224, 75, 22, 161, 66, 90, 97, 224, 48,
       201, 121, 172, 34, 137, 8, 250, 195, 157, 28, 34, 219, 100, 53, 8,
       112, 136, 222, 20, 164, 183, 171, 112, 156, 138, 191, 215, 131,
       179, 204, 126, 15, 207, 135, 87, 249, 147, 36, 69, 155, 224, 137,
       114, 223, 151, 134, 117, 61, 87, 2, 32, 87, 137, 78, 131, 168, 64,
       238, 49, 210, 130, 172, 138, 116, 74, 110, 157, 123, 145, 2, 187,
       199, 209, 20, 32, 154, 64, 5, 8, 33, 136, 98, 32, 71, 217, 78,
       139, 232, 67, 110, 49, 210, 194, 161, 136, 84, 73, 106, 140, 123,
       157, 2, 218, 199, 209, 20, 40, 218, 32, 37, 8, 112, 136, 4, 168,
       134, 159, 89, 139, 160, 232, 190, 145, 66, 2, 228, 226, 40, 195,
       249, 110, 34, 80, 34, 240, 155, 125, 13, 34, 79, 71, 128, 42, 33,
       130, 36, 136, 148, 158, 217, 203, 166, 232, 158, 179, 64, 9, 228,
       226, 105, 89, 217, 110, 34, 80, 34, 82, 218, 61, 45, 38, 79, 111,
       144, 106, 1, 130, 32, 160, 150, 156, 93, 131, 160, 72, 158, 176,
       192, 10, 100, 192, 100, 66, 217, 236, 106, 81, 2, 115, 219, 221,
       29, 50, 207, 63, 16, 42, 80, 130, 98, 32, 70, 200, 77, 3, 232, 72,
       143, 160, 192, 11, 0, 138, 116, 64, 232, 141, 123, 225, 0, 195,
       211, 208, 21, 56, 139, 59, 21, 10, 112, 134, 82, 32, 34, 200, 75,
       3, 184, 72, 173, 32, 242, 139, 136, 138, 52, 68, 238, 157, 123,
       225, 12, 131, 199, 208, 21, 56, 138, 59, 21, 10, 35, 134, 218, 56,
       18, 248, 11, 252, 16, 70, 171, 83, 162, 25, 174, 159, 99, 217,
