%YAML:1.0
---
descriptors: !!opencv-matrix
   rows: 202
   cols: 32
   dt: u
   data: [ 55, 75, 106, 232, 118, 210, 251, 116, 69, 76, 214, 167, 17,
       140, 183, 96, 126, 168, 23, 239, 204, 187, 36, 140, 114, 109, 170,
       197, 117, 186, 116, 213, 72, 237, 27, 250, 93, 197, 87, 230, 183,
       36, 200, 10, 60, 247, 96, 208, 249, 250, 202, 195, 74, 75, 154,
       255, 249, 213, 143, 107, 2, 19, 54, 10, 253, 67, 109, 108, 108, 3,
       199, 120, 71, 162, 181, 202, 83, 73, 189, 99, 90, 196, 110, 110,
       201, 39, 109, 28, 112, 233, 225, 60, 127, 187, 112, 32, 100, 196,
       132, 158, 222, 131, 134, 232, 18, 178, 224, 10, 96, 227, 41, 65,
       89, 236, 34, 226, 42, 83, 74, 63, 56, 38, 207, 44, 145, 122, 112,
       128, 4, 140, 150, 159, 149, 139, 166, 169, 158, 147, 66, 2, 228,
       226, 41, 73, 113, 110, 34, 16, 50, 216, 11, 127, 173, 38, 223, 68,
       144, 120, 49, 138, 100, 172, 130, 158, 220, 131, 134, 235, 18,
       162, 192, 26, 96, 224, 104, 25, 121, 238, 34, 170, 32, 251, 138,
       63, 60, 6, 223, 108, 145, 104, 112, 136, 2, 160, 150, 157, 31,
       131, 160, 232, 158, 176, 66, 2, 228, 232, 112, 66, 187, 109, 106,
       145, 2, 249, 139, 221, 13, 34, 207, 76, 21, 40, 49, 130, 109, 176,
       245, 243, 237, 45, 73, 152, 43, 255, 189, 92, 223, 123, 92, 30,
       221, 203, 127, 156, 155, 102, 251, 208, 223, 216, 211, 124, 154,
       203, 210, 240, 212, 48, 188, 241, 42, 72, 121, 24, 174, 190, 167,
       185, 223, 23, 75, 91, 167, 213, 109, 2, 120, 69, 227, 64, 223,
       227, 119, 221, 160, 161, 7, 115, 176, 81, 107, 237, 118, 70, 111,
       116, 20, 200, 215, 226, 81, 23, 176, 96, 126, 253, 23, 234, 233,
       147, 53, 12, 113, 169, 170, 128, 37, 179, 116, 113, 187, 23, 255,
       245, 230, 42, 237, 127, 125, 235, 251, 247, 91, 47, 148, 91, 127,
       199, 127, 172, 185, 252, 101, 206, 246, 251, 246, 132, 239, 248,
       233, 209, 11, 216, 179, 251, 253, 141, 185, 215, 31, 29, 120, 84,
       188, 255, 116, 228, 207, 59, 55, 25, 147, 56, 114, 245, 45, 222,
       190, 234, 210, 8, 165, 185, 253, 95, 127, 102, 44, 15, 79, 248,
       225, 236, 182, 78, 83, 249, 49, 123, 92, 228, 125, 110, 200, 243,
       249, 168, 243, 235, 229, 148, 107, 251, 82, 98, 59, 91, 98, 78,
       117, 155, 250, 76, 111, 76, 252, 238, 8, 152, 182, 244, 254, 169,
       150, 196, 148, 187, 36, 221, 54, 125, 2, 235, 95, 159, 250, 197,
       41, 237, 19, 82, 213, 213, 103, 230, 115, 105, 236, 12, 42, 179,
       102, 148, 217, 234, 194, 94, 79, 251, 186, 255, 59, 220, 151, 106,
       74, 22, 250, 254, 63, 155, 114, 202, 119, 149, 122, 208, 77, 72,
       255, 102, 104, 223, 191, 244, 126, 184, 151, 218, 203, 178, 44,
       224, 22, 92, 130, 131, 127, 143, 104, 189, 15, 48, 242, 255, 234,
       161, 185, 88, 191, 217, 85, 231, 125, 255, 252, 104, 255, 249,
       255, 151, 130, 83, 142, 209, 94, 95, 255, 238, 159, 175, 33, 241,
       70, 186, 150, 158, 122, 217, 160, 232, 190, 153, 176, 232, 228,
       230, 232, 251, 239, 249, 238, 144, 23, 75, 206, 241, 156, 22, 255,
       251, 152, 44, 47, 157, 42, 223, 110, 142, 255, 151, 159, 254, 31,
       108, 220, 231, 104, 172, 183, 68, 223, 211, 159, 231, 230, 59, 45,
       255, 122, 87, 190, 183, 31, 95, 124, 223, 54, 169, 182, 174, 77,
       133, 144, 232, 207, 181, 160, 11, 110, 200, 110, 154, 200, 241,
       235, 81, 94, 107, 138, 241, 153, 82, 79, 127, 209, 46, 63, 198,
       57, 157, 127, 238, 116, 246, 223, 242, 212, 200, 254, 2, 115, 247,
       32, 96, 124, 250, 151, 234, 217, 187, 48, 191, 251, 237, 163, 73,
       59, 171, 100, 251, 102, 169, 182, 26, 201, 153, 148, 207, 203, 21,
       168, 9, 174, 248, 102, 31, 137, 99, 235, 81, 30, 107, 202, 241,
       185, 22, 95, 123, 208, 95, 143, 78, 114, 233, 151, 186, 139, 193,
       28, 237, 143, 21, 128, 9, 238, 246, 104, 159, 201, 251, 251, 81,
       90, 75, 218, 241, 185, 246, 223, 123, 144, 62, 183, 78, 236, 239,
       150, 127, 221, 167, 166, 255, 214, 183, 232, 25, 227, 233, 109,
       75, 217, 126, 234, 18, 122, 107, 219, 179, 47, 254, 213, 127, 218,
       251, 252, 130, 11, 110, 183, 212, 85, 157, 250, 114, 237, 208,
       110, 70, 188, 173, 117, 167, 166, 105, 115, 79, 193, 255, 178,
       232, 55, 89, 78, 8, 67, 61, 123, 236, 61, 125, 125, 99, 142, 79,
       71, 248, 68, 232, 189, 74, 83, 85, 201, 51, 28, 208, 92, 106, 201,
       163, 121, 44, 243, 201, 101, 52, 97, 251, 194, 33, 189, 239, 254,
       103, 190, 107, 222, 252, 87, 230, 255, 139, 67, 237, 95, 0, 95,
       238, 119, 126, 252, 242, 253, 190, 126, 239, 101, 21, 231, 251,
       212, 72, 20, 93, 127, 207, 84, 194, 239, 248, 84, 196, 219, 130,
       113, 212, 189, 96, 122, 252, 22, 235, 201, 179, 61, 108, 117, 175,
       171, 128, 53, 187, 116, 240, 126, 105, 51, 236, 41, 213, 222, 72,
       143, 236, 181, 11, 110, 222, 39, 150, 252, 245, 239, 226, 72, 3,
       234, 217, 179, 241, 143, 63, 83, 63, 38, 246, 205, 98, 189, 245,
       109, 13, 117, 216, 234, 190, 52, 72, 159, 209, 73, 59, 140, 68,
       110, 94, 193, 102, 242, 0, 199, 219, 117, 60, 66, 185, 67, 163,
       149, 205, 239, 222, 212, 39, 111, 252, 114, 202, 95, 90, 113, 243,
       185, 49, 127, 254, 53, 235, 233, 215, 47, 111, 249, 47, 239, 132,
       173, 243, 240, 161, 3, 159, 235, 95, 244, 191, 239, 255, 127, 67,
       126, 228, 249, 231, 182, 96, 127, 110, 23, 140, 211, 184, 45, 255,
       110, 63, 182, 200, 222, 250, 225, 249, 254, 177, 118, 206, 253,
       95, 254, 121, 73, 108, 181, 15, 74, 92, 30, 183, 254, 215, 223,
       231, 220, 35, 123, 221, 55, 120, 143, 191, 87, 142, 254, 215, 68,
       168, 151, 159, 217, 130, 32, 169, 190, 145, 66, 0, 228, 226, 72,
       195, 241, 111, 106, 144, 34, 208, 203, 125, 13, 34, 207, 68, 128,
       32, 33, 10, 112, 164, 135, 156, 92, 3, 198, 235, 86, 163, 224, 90,
       98, 224, 0, 1, 89, 238, 106, 168, 40, 239, 207, 31, 184, 38, 221,
       92, 197, 40, 82, 8, 79, 190, 253, 247, 172, 189, 125, 182, 255,
       255, 158, 253, 191, 255, 215, 127, 167, 243, 253, 29, 247, 72,
       239, 243, 238, 223, 255, 250, 134, 244, 199, 125, 58, 223, 122,
       238, 55, 87, 95, 248, 5, 204, 254, 167, 75, 253, 34, 64, 254, 253,
       159, 227, 200, 179, 33, 188, 243, 253, 166, 147, 55, 190, 116,
       251, 90, 124, 150, 176, 11, 220, 20, 231, 187, 146, 166, 25, 174,
       191, 98, 208, 163, 51, 249, 0, 46, 73, 146, 249, 243, 243, 94, 59,
       138, 84, 175, 26, 171, 249, 118, 254, 237, 221, 254, 252, 137,
       220, 244, 171, 238, 253, 23, 167, 238, 243, 223, 231, 236, 123,
       250, 253, 63, 89, 207, 191, 87, 190, 255, 223, 174, 249, 118, 223,
       237, 221, 254, 236, 223, 254, 244, 143, 108, 222, 119, 141, 254,
       251, 255, 199, 230, 119, 122, 249, 183, 219, 207, 187, 23, 191,
       253, 223, 8, 132, 58, 249, 85, 245, 177, 111, 30, 5, 76, 19, 60,
       157, 42, 96, 249, 59, 147, 16, 18, 184, 50, 215, 79, 223, 18, 67,
       211, 8, 253, 234, 53, 65, 99, 12, 84, 3, 199, 120, 84, 192, 251,
       74, 83, 200, 177, 96, 120, 172, 22, 111, 201, 179, 5, 30, 48, 44,
       161, 16, 125, 187, 112, 192, 20, 67, 123, 237, 52, 66, 111, 120,
       116, 196, 251, 2, 211, 103, 185, 64, 122, 252, 13, 234, 232, 177,
       41, 14, 225, 175, 163, 132, 37, 187, 116, 243, 45, 120, 185, 101,
       45, 13, 119, 210, 107, 234, 60, 72, 159, 145, 81, 58, 137, 76,
       110, 94, 201, 118, 243, 0, 199, 221, 37, 60, 202, 249, 66, 163,
       233, 105, 157, 101, 40, 77, 69, 156, 226, 186, 182, 8, 147, 129,
       209, 59, 128, 204, 108, 106, 73, 100, 227, 0, 199, 217, 101, 60,
       106, 184, 66, 176, 188, 173, 110, 125, 30, 15, 204, 251, 86, 162,
       242, 203, 115, 233, 93, 0, 95, 238, 119, 56, 249, 242, 215, 158,
       127, 239, 101, 20, 239, 232, 80, 146, 74, 185, 157, 178, 137, 253,
       20, 143, 175, 53, 136, 9, 174, 246, 64, 218, 129, 83, 233, 17, 22,
       75, 218, 241, 153, 213, 95, 127, 144, 82, 143, 10, 245, 223, 205,
       245, 244, 38, 111, 191, 16, 234, 90, 246, 113, 99, 153, 112, 125,
