%YAML:1.0
---
descriptors: !!opencv-matrix
   rows: 59
   cols: 32
   dt: u
   data: [ 255, 221, 240, 246, 183, 180, 222, 188, 89, 210, 57, 178, 255,
       127, 93, 51, 151, 243, 21, 247, 254, 96, 60, 239, 171, 223, 207,
       198, 247, 247, 211, 7, 89, 180, 191, 122, 171, 172, 81, 215, 235,
       91, 165, 28, 62, 251, 72, 123, 165, 19, 236, 16, 51, 111, 186, 49,
       219, 251, 112, 106, 202, 64, 227, 43, 56, 185, 56, 234, 249, 237,
       83, 248, 163, 29, 173, 9, 63, 247, 72, 16, 149, 155, 213, 18, 26,
       11, 90, 181, 219, 221, 33, 127, 226, 67, 6, 219, 22, 65, 90, 138,
       79, 95, 254, 72, 45, 4, 233, 139, 142, 14, 47, 196, 250, 149, 219,
       227, 76, 163, 81, 200, 183, 84, 138, 27, 21, 58, 47, 198, 52, 81,
       123, 232, 116, 67, 207, 80, 0, 36, 248, 11, 83, 156, 45, 80, 250,
       157, 7, 226, 72, 178, 16, 12, 245, 141, 160, 4, 101, 187, 118,
       194, 70, 128, 182, 158, 47, 176, 184, 138, 174, 18, 75, 131, 237,
       206, 56, 234, 231, 115, 59, 157, 6, 5, 142, 243, 135, 118, 202,
       203, 20, 39, 33, 6, 45, 60, 248, 64, 93, 125, 82, 202, 91, 245,
       173, 29, 10, 184, 87, 62, 153, 202, 192, 28, 143, 114, 252, 130,
       27, 93, 21, 63, 203, 109, 78, 214, 237, 122, 170, 101, 101, 127,
       83, 148, 99, 254, 54, 12, 147, 13, 215, 190, 137, 108, 228, 126,
       141, 244, 245, 136, 79, 217, 101, 53, 202, 253, 94, 253, 244, 121,
       189, 100, 205, 67, 87, 109, 195, 190, 184, 43, 67, 61, 65, 19,
       200, 246, 100, 98, 72, 99, 233, 136, 243, 193, 101, 63, 97, 122,
       86, 123, 38, 104, 230, 73, 92, 35, 234, 202, 87, 179, 120, 139, 0,
       201, 117, 44, 89, 200, 19, 159, 130, 250, 78, 249, 15, 28, 133,
       46, 213, 253, 114, 132, 243, 180, 209, 196, 90, 2, 143, 123, 24,
       162, 152, 250, 81, 55, 148, 54, 63, 213, 87, 175, 241, 79, 205,
       206, 60, 14, 175, 188, 37, 226, 35, 177, 135, 176, 155, 251, 236,
       165, 57, 208, 190, 25, 81, 112, 156, 211, 232, 105, 231, 59, 22,
       24, 147, 92, 10, 241, 197, 152, 122, 234, 152, 1, 161, 161, 82,
       137, 130, 190, 155, 228, 58, 166, 190, 21, 202, 19, 172, 251, 32,
       194, 225, 115, 251, 193, 18, 9, 138, 231, 153, 118, 154, 75, 0, 7,
       173, 10, 104, 173, 182, 248, 141, 245, 84, 207, 131, 29, 172, 9,
       42, 249, 99, 154, 201, 178, 233, 16, 14, 107, 242, 145, 251, 215,
       197, 123, 210, 124, 126, 66, 66, 249, 56, 242, 155, 197, 19, 166,
       138, 113, 136, 9, 188, 158, 66, 114, 135, 123, 249, 208, 74, 75,
       250, 119, 249, 213, 31, 123, 16, 16, 135, 90, 185, 200, 106, 252,
       70, 129, 207, 246, 212, 0, 240, 226, 51, 137, 180, 33, 110, 232,
       23, 207, 233, 47, 6, 191, 112, 73, 186, 136, 125, 153, 112, 184,
       145, 193, 15, 156, 22, 129, 141, 245, 148, 0, 208, 194, 49, 128,
       176, 97, 104, 42, 10, 201, 99, 169, 36, 157, 224, 161, 174, 64,
       52, 8, 177, 168, 11, 250, 22, 185, 101, 149, 185, 214, 158, 89,
       86, 102, 188, 222, 226, 236, 238, 59, 183, 205, 199, 216, 34, 245,
       20, 91, 186, 234, 30, 12, 41, 155, 89, 81, 106, 101, 38, 82, 127,
       112, 97, 224, 246, 162, 91, 29, 151, 96, 126, 212, 149, 238, 201,
       176, 181, 204, 119, 237, 167, 133, 39, 183, 126, 113, 27, 18, 249,
       225, 102, 92, 233, 80, 109, 92, 246, 230, 157, 14, 214, 238, 110,
       129, 159, 197, 141, 178, 101, 192, 214, 217, 234, 128, 47, 140,
       125, 245, 92, 184, 191, 122, 139, 236, 83, 222, 227, 91, 172, 28,
       62, 255, 72, 58, 167, 211, 253, 90, 19, 67, 186, 49, 219, 219,
       117, 126, 234, 81, 227, 51, 50, 76, 26, 172, 29, 215, 208, 102,
       141, 132, 232, 9, 2, 152, 39, 148, 200, 177, 203, 1, 12, 43, 82,
       156, 179, 213, 146, 59, 81, 60, 126, 14, 52, 1, 26, 172, 92, 71,
       87, 106, 133, 4, 232, 11, 22, 254, 39, 80, 248, 189, 75, 227, 76,
       163, 16, 76, 243, 165, 130, 29, 113, 43, 118, 66, 5, 107, 23, 186,
       236, 169, 175, 196, 142, 18, 17, 64, 157, 195, 249, 75, 199, 107,
       23, 94, 66, 1, 138, 240, 132, 152, 110, 168, 156, 219, 161, 161,
       56, 49, 59, 233, 77, 93, 112, 80, 101, 32, 231, 2, 19, 151, 41,
       100, 104, 156, 234, 202, 72, 179, 241, 128, 87, 233, 128, 3, 51,
       10, 116, 162, 9, 94, 83, 105, 52, 186, 106, 150, 118, 65, 106,
       228, 211, 3, 177, 248, 86, 46, 44, 92, 131, 184, 37, 62, 164, 191,
       50, 64, 154, 145, 73, 25, 57, 37, 12, 165, 134, 15, 103, 123, 68,
       162, 78, 2, 211, 33, 83, 3, 120, 238, 34, 234, 72, 240, 217, 10,
       253, 137, 229, 36, 41, 250, 88, 138, 33, 41, 231, 81, 213, 175,
       224, 198, 255, 192, 120, 2, 48, 184, 117, 40, 40, 106, 18, 88,
       150, 184, 54, 104, 15, 28, 18, 64, 193, 89, 82, 174, 22, 133, 122,
       248, 219, 225, 91, 226, 191, 4, 108, 131, 93, 223, 40, 80, 246,
       185, 147, 242, 18, 3, 26, 127, 123, 197, 10, 75, 49, 131, 39, 162,
       104, 161, 184, 120, 189, 249, 81, 11, 195, 29, 172, 24, 182, 189,
       66, 50, 201, 18, 233, 16, 26, 106, 227, 17, 203, 221, 16, 127,
       210, 72, 78, 74, 122, 189, 169, 180, 31, 68, 89, 55, 3, 224, 142,
       43, 183, 191, 64, 114, 196, 255, 253, 129, 88, 90, 240, 173, 251,
       229, 185, 185, 36, 32, 22, 123, 40, 11, 107, 117, 32, 204, 125,
       115, 164, 76, 126, 157, 55, 135, 2, 16, 172, 186, 199, 4, 88, 184,
       32, 13, 227, 225, 32, 129, 98, 136, 230, 251, 24, 30, 251, 229,
       118, 170, 107, 87, 119, 239, 254, 230, 243, 165, 144, 112, 127,
       190, 62, 156, 152, 190, 229, 159, 222, 239, 178, 192, 229, 136,
       244, 121, 56, 174, 121, 106, 121, 221, 82, 216, 103, 40, 244, 72,
       63, 219, 65, 176, 152, 184, 199, 120, 26, 43, 104, 61, 219, 201,
       33, 121, 114, 131, 70, 171, 2, 73, 18, 158, 85, 193, 162, 103,
       173, 0, 232, 3, 172, 218, 37, 196, 232, 43, 139, 129, 6, 171, 18,
       237, 53, 20, 154, 11, 17, 10, 45, 142, 22, 104, 147, 163, 6, 107,
       96, 68, 171, 166, 2, 207, 167, 139, 65, 10, 163, 109, 109, 87, 0,
       245, 153, 72, 153, 212, 79, 51, 168, 123, 7, 218, 64, 253, 25,
       250, 57, 201, 23, 166, 174, 61, 136, 41, 190, 215, 65, 16, 129,
       123, 121, 82, 66, 75, 202, 55, 249, 149, 31, 123, 16, 19, 7, 43,
       200, 166, 191, 115, 168, 236, 113, 55, 251, 27, 51, 120, 158, 51,
       72, 27, 163, 18, 108, 8, 34, 237, 163, 65, 207, 251, 112, 65, 192,
       192, 199, 171, 93, 6, 199, 252, 142, 34, 108, 81, 193, 194, 219,
       246, 81, 227, 185, 111, 126, 164, 62, 174, 185, 195, 132, 200,
       146, 238, 227, 136, 175, 227, 240, 32, 111, 67, 192, 7, 196, 18,
       111, 184, 115, 226, 75, 198, 65, 96, 159, 223, 89, 204, 56, 238,
       201, 208, 205, 168, 44, 42, 197, 4, 47, 247, 208, 4, 189, 79, 69,
       7, 133, 15, 71, 188, 85, 226, 203, 70, 83, 97, 27, 103, 89, 196,
       32, 239, 237, 240, 93, 172, 44, 42, 197, 20, 111, 251, 208, 4, 76,
       179, 149, 243, 137, 172, 53, 159, 175, 31, 41, 68, 238, 243, 72,
       218, 133, 83, 232, 16, 18, 73, 155, 113, 141, 246, 86, 78, 194,
       82, 163, 35, 81, 3, 207, 196, 134, 34, 109, 215, 113, 195, 218,
       246, 81, 163, 184, 106, 127, 196, 62, 188, 153, 243, 165, 192,
       248, 174, 246, 196, 173, 240, 240, 41, 3, 154, 51, 217, 109, 213,
       184, 214, 159, 73, 80, 103, 188, 158, 183, 96, 238, 59, 55, 213,
       135, 184, 50, 245, 7, 56, 186, 138, 24, 12, 37, 223, 10, 184, 186,
       216, 239, 245, 185, 87, 143, 93, 92, 63, 172, 159, 102, 44, 239,
       59, 151, 145, 151, 43, 178, 241, 95, 93, 154, 235, 154, 76, 173,
       255, 3, 128, 172, 156, 53, 22, 152, 40, 91, 217, 21, 199, 228,
       168, 118, 77, 220, 37, 55, 69, 132, 200, 14, 221, 74, 83, 219,
       255, 28, 44, 89, 87, 119, 14, 196, 151, 172, 58, 172, 174, 135,
       246, 154, 247, 193, 104, 151, 207, 67, 198, 253, 167, 172, 193,
       207, 170, 142, 118, 221, 151, 174, 255, 216, 84, 86, 179, 196,
       147, 170, 112, 158, 141, 170, 247, 155, 183, 204, 238, 207, 14,
       127, 215, 253, 145, 30, 67, 239, 224, 184, 70, 255, 255, 165, 119,
       173, 87, 230, 253, 151, 94, 217, 249, 134, 238, 159, 187, 169, 24,
