%YAML:1.0
---
descriptors: !!opencv-matrix
   rows: 115
   cols: 32
   dt: u
   data: [ 182, 77, 198, 228, 199, 34, 102, 226, 245, 130, 250, 2, 11,
       170, 53, 219, 104, 228, 23, 243, 60, 179, 4, 234, 179, 234, 206,
       7, 167, 121, 112, 134, 106, 153, 166, 218, 221, 245, 153, 207,
       139, 93, 148, 63, 108, 220, 62, 175, 205, 179, 251, 145, 182, 75,
       58, 245, 91, 115, 218, 219, 151, 12, 191, 223, 17, 29, 67, 174,
       84, 214, 111, 112, 244, 200, 219, 66, 113, 246, 176, 224, 120,
       236, 22, 239, 201, 155, 52, 47, 177, 47, 170, 128, 45, 162, 112,
       245, 2, 170, 186, 153, 241, 249, 177, 7, 62, 21, 78, 49, 172, 158,
       102, 88, 163, 59, 163, 17, 18, 152, 3, 211, 77, 22, 26, 67, 144,
       4, 165, 143, 9, 141, 26, 93, 17, 157, 96, 119, 253, 0, 108, 0,
       174, 147, 34, 244, 224, 42, 10, 8, 71, 184, 16, 95, 166, 253, 16,
       2, 26, 128, 105, 12, 187, 214, 107, 236, 54, 150, 219, 116, 69,
       72, 246, 230, 57, 31, 182, 101, 126, 185, 151, 239, 233, 183, 37,
       223, 242, 249, 170, 128, 63, 142, 116, 249, 10, 185, 146, 153,
       243, 245, 184, 199, 31, 29, 88, 179, 172, 158, 102, 204, 255, 59,
       147, 145, 22, 24, 18, 243, 15, 85, 154, 235, 146, 12, 173, 223,
       187, 215, 107, 201, 119, 213, 251, 112, 77, 76, 252, 230, 57, 156,
       182, 164, 254, 185, 151, 239, 207, 182, 52, 223, 119, 217, 170,
       235, 127, 142, 124, 253, 3, 159, 96, 155, 247, 149, 186, 119, 95,
       69, 88, 167, 172, 142, 182, 100, 254, 59, 147, 149, 215, 56, 52,
       247, 46, 28, 154, 234, 31, 4, 173, 221, 3, 138, 7, 157, 82, 134,
       168, 71, 63, 73, 66, 199, 164, 138, 52, 196, 230, 45, 59, 133,
       135, 152, 21, 221, 132, 54, 154, 194, 28, 4, 57, 221, 2, 201, 10,
       140, 124, 208, 190, 101, 164, 4, 222, 131, 172, 143, 48, 64, 110,
       187, 219, 193, 64, 139, 32, 253, 176, 32, 142, 139, 21, 18, 181,
       248, 57, 79, 91, 236, 54, 142, 79, 119, 36, 132, 250, 6, 51, 43,
       33, 80, 126, 229, 21, 234, 72, 185, 16, 14, 240, 173, 36, 0, 117,
       186, 224, 169, 50, 153, 86, 253, 71, 134, 248, 103, 45, 12, 242,
       3, 40, 10, 52, 81, 238, 189, 183, 129, 92, 186, 1, 205, 151, 234,
       250, 131, 45, 12, 224, 155, 3, 43, 206, 177, 246, 175, 236, 214,
       126, 232, 90, 231, 181, 8, 145, 8, 110, 110, 23, 221, 150, 248,
       133, 224, 60, 8, 190, 192, 173, 217, 209, 141, 63, 191, 107, 91,
       247, 253, 251, 216, 127, 76, 124, 167, 122, 252, 191, 180, 253,
       251, 151, 246, 159, 178, 126, 255, 127, 125, 39, 198, 251, 239,
       110, 247, 119, 11, 110, 8, 212, 130, 107, 65, 229, 196, 206, 135,
       1, 75, 179, 93, 104, 160, 19, 255, 156, 146, 68, 76, 118, 41, 138,
       193, 237, 167, 250, 68, 50, 108, 238, 93, 116, 246, 184, 71, 186,
       79, 218, 151, 49, 172, 183, 107, 239, 255, 17, 133, 166, 222, 164,
       235, 99, 43, 190, 129, 133, 80, 253, 222, 162, 77, 2, 140, 101,
       181, 190, 198, 12, 8, 88, 3, 172, 184, 55, 192, 216, 107, 147, 65,
       6, 58, 146, 251, 53, 52, 138, 171, 29, 94, 57, 142, 164, 207, 203,
       158, 252, 33, 239, 237, 158, 134, 184, 210, 229, 226, 121, 193,
       123, 195, 42, 235, 113, 99, 78, 251, 188, 134, 239, 44, 149, 123,
       241, 0, 72, 49, 216, 254, 234, 96, 95, 158, 27, 175, 68, 40, 188,
       55, 73, 90, 23, 95, 53, 72, 0, 82, 211, 226, 69, 182, 124, 168,
       182, 241, 5, 43, 2, 149, 16, 137, 245, 243, 178, 35, 12, 1, 90,
       35, 140, 60, 36, 196, 222, 27, 147, 49, 22, 184, 65, 221, 45, 20,
       138, 71, 20, 14, 189, 135, 198, 150, 8, 187, 226, 164, 56, 135,
       62, 23, 95, 151, 205, 106, 26, 88, 231, 139, 191, 149, 150, 28,
       223, 215, 76, 39, 254, 205, 156, 70, 169, 83, 153, 68, 108, 103,
       22, 215, 91, 56, 117, 100, 215, 130, 123, 77, 158, 97, 126, 180,
       159, 239, 232, 181, 61, 221, 243, 235, 163, 129, 55, 135, 124,
       120, 164, 133, 127, 91, 244, 235, 233, 181, 125, 15, 119, 16, 208,
       69, 188, 101, 91, 10, 2, 56, 243, 188, 37, 95, 79, 62, 50, 68, 87,
       138, 228, 224, 133, 204, 214, 223, 212, 34, 239, 238, 30, 147,
       234, 18, 101, 98, 57, 193, 123, 199, 42, 187, 120, 199, 79, 255,
       188, 174, 207, 4, 149, 123, 241, 8, 157, 91, 189, 184, 172, 7,
       159, 221, 158, 250, 144, 111, 223, 255, 113, 75, 255, 213, 127,
       119, 233, 103, 27, 154, 249, 203, 239, 188, 156, 120, 177, 147,
       119, 71, 107, 132, 102, 2, 237, 115, 32, 202, 90, 231, 89, 236,
       183, 35, 126, 237, 55, 173, 197, 147, 164, 204, 116, 42, 239, 140,
       45, 180, 114, 241, 57, 149, 107, 233, 246, 247, 251, 114, 69, 64,
       223, 166, 91, 61, 182, 96, 126, 186, 23, 253, 153, 184, 53, 221,
       126, 205, 170, 192, 127, 138, 112, 241, 21, 64, 75, 226, 150, 131,
       107, 80, 20, 192, 215, 230, 81, 195, 185, 96, 126, 168, 31, 254,
       201, 151, 45, 206, 240, 143, 175, 128, 173, 251, 48, 176, 181, 18,
       203, 221, 102, 50, 232, 80, 117, 194, 247, 246, 25, 139, 245, 237,
       126, 172, 55, 158, 137, 247, 166, 192, 22, 233, 250, 128, 191,
       169, 120, 177, 31, 34, 227, 193, 102, 187, 232, 89, 63, 117, 83,
       247, 73, 206, 252, 236, 127, 141, 55, 157, 150, 181, 37, 208, 30,
       76, 187, 197, 167, 141, 113, 213, 58, 152, 32, 12, 93, 215, 144,
       111, 149, 104, 228, 11, 34, 156, 38, 180, 204, 184, 211, 1, 205,
       171, 114, 159, 51, 127, 16, 59, 91, 12, 94, 222, 27, 156, 123,
       233, 54, 255, 251, 115, 61, 73, 95, 98, 61, 159, 176, 96, 118, 41,
       23, 137, 147, 184, 33, 223, 223, 239, 58, 192, 180, 138, 241, 225,
       111, 243, 245, 64, 234, 120, 189, 155, 171, 127, 60, 253, 12, 62,
       207, 190, 135, 87, 245, 23, 151, 67, 174, 224, 30, 91, 125, 255,
       206, 245, 143, 87, 51, 218, 107, 220, 118, 129, 235, 208, 86, 72,
       116, 230, 49, 205, 181, 96, 126, 168, 23, 207, 227, 191, 38, 255,
       112, 13, 170, 136, 125, 153, 112, 249, 146, 219, 70, 156, 38, 129,
       172, 244, 156, 8, 82, 231, 45, 138, 176, 65, 110, 105, 55, 197,
       198, 189, 6, 253, 48, 32, 186, 136, 61, 156, 57, 137, 145, 92,
       119, 85, 54, 142, 109, 55, 124, 74, 94, 242, 125, 55, 176, 101,
       118, 62, 29, 172, 225, 156, 37, 79, 228, 46, 250, 128, 38, 240,
       177, 121, 42, 177, 248, 91, 221, 253, 251, 207, 75, 125, 61, 10,
       168, 221, 94, 36, 137, 27, 147, 209, 23, 42, 250, 241, 47, 93,
       157, 111, 211, 15, 214, 254, 146, 203, 110, 188, 46, 128, 188,
       100, 172, 8, 210, 163, 53, 142, 176, 65, 110, 41, 31, 195, 72,
       139, 2, 237, 242, 225, 234, 137, 52, 16, 53, 137, 23, 143, 64,
       153, 222, 145, 238, 99, 172, 64, 89, 199, 137, 234, 50, 193, 107,
       171, 27, 175, 244, 24, 78, 223, 60, 12, 139, 232, 189, 228, 185,
       132, 35, 127, 90, 156, 122, 177, 154, 214, 205, 72, 248, 239, 60,
       222, 183, 176, 222, 59, 214, 229, 135, 3, 6, 253, 50, 28, 170,
       154, 29, 214, 43, 157, 58, 185, 160, 174, 63, 215, 147, 232, 143,
       238, 156, 171, 44, 188, 39, 0, 205, 115, 223, 195, 204, 43, 122,
       255, 27, 87, 155, 191, 87, 46, 55, 223, 7, 220, 155, 153, 247,
       181, 190, 214, 94, 91, 88, 118, 156, 158, 231, 232, 231, 91, 146,
       17, 135, 148, 48, 243, 4, 30, 30, 194, 156, 93, 169, 215, 3, 230,
       39, 135, 198, 50, 174, 230, 232, 118, 154, 131, 204, 44, 189, 47,
       127, 79, 83, 231, 196, 245, 44, 237, 36, 18, 222, 132, 5, 119,
       183, 204, 14, 126, 234, 131, 246, 227, 191, 214, 30, 238, 92, 167,
       76, 239, 231, 12, 127, 123, 151, 215, 130, 178, 40, 250, 110, 5,
       175, 167, 151, 255, 53, 219, 247, 78, 236, 41, 188, 55, 75, 154,
       83, 239, 188, 255, 83, 44, 215, 56, 95, 196, 93, 189, 189, 102,
       109, 190, 250, 223, 165, 244, 255, 253, 90, 85, 60, 109, 211, 228,
       85, 102, 94, 216, 17, 128, 248, 2, 123, 217, 53, 16, 124, 220, 23,
       226, 73, 179, 25, 136, 179, 205, 167, 52, 103, 251, 114, 138, 202,
       60, 246, 212, 255, 127, 190, 107, 159, 238, 247, 187, 172, 254,
       55, 175, 239, 255, 255, 163, 165, 127, 187, 239, 191, 95, 223,
       171, 134, 109, 173, 215, 60, 81, 110, 236, 20, 87, 79, 120, 69,
