%YAML:1.0
---
descriptors: !!opencv-matrix
   rows: 82
   cols: 32
   dt: u
   data: [ 8, 141, 18, 185, 213, 239, 176, 167, 30, 5, 74, 19, 173, 191,
       34, 192, 225, 59, 131, 17, 118, 152, 17, 191, 237, 231, 62, 65,
       146, 12, 149, 202, 119, 95, 111, 70, 242, 18, 191, 112, 169, 198,
       251, 239, 73, 238, 183, 51, 126, 245, 215, 231, 229, 243, 172,
       206, 62, 46, 175, 134, 109, 183, 55, 213, 57, 151, 107, 233, 246,
       183, 251, 113, 69, 104, 254, 230, 89, 29, 182, 96, 126, 186, 23,
       252, 153, 186, 53, 157, 122, 205, 162, 196, 127, 142, 120, 241,
       78, 56, 249, 225, 239, 124, 249, 208, 105, 254, 183, 186, 223, 63,
       213, 62, 175, 213, 255, 147, 145, 119, 249, 224, 223, 223, 123,
       239, 199, 229, 103, 247, 34, 175, 98, 137, 246, 147, 170, 255, 23,
       69, 248, 231, 41, 204, 182, 148, 127, 139, 151, 149, 214, 186, 76,
       255, 62, 12, 167, 237, 127, 142, 254, 221, 254, 88, 255, 228, 110,
       122, 121, 80, 41, 238, 182, 171, 127, 63, 213, 127, 238, 245, 253,
       239, 168, 71, 241, 200, 215, 251, 235, 147, 167, 245, 102, 123,
       11, 152, 190, 189, 139, 228, 57, 87, 175, 95, 78, 1, 188, 191, 98,
       90, 231, 59, 187, 144, 18, 217, 146, 209, 207, 255, 94, 203, 152,
       64, 169, 219, 40, 173, 98, 9, 81, 219, 113, 231, 127, 69, 108, 9,
       162, 132, 38, 16, 200, 10, 202, 0, 94, 184, 114, 31, 63, 84, 20,
       95, 82, 12, 214, 222, 16, 158, 106, 249, 20, 187, 234, 115, 63, 9,
       94, 246, 177, 169, 176, 96, 127, 170, 23, 24, 178, 184, 37, 223,
       238, 207, 179, 192, 189, 136, 249, 185, 56, 216, 98, 221, 69, 214,
       192, 118, 85, 76, 246, 7, 35, 156, 54, 228, 88, 184, 134, 225,
       204, 187, 116, 157, 51, 111, 146, 19, 115, 12, 124, 222, 217, 82,
       253, 101, 34, 94, 125, 20, 33, 206, 118, 228, 255, 23, 131, 123,
       38, 212, 253, 238, 225, 212, 165, 8, 226, 235, 100, 128, 46, 240,
       15, 121, 11, 159, 96, 155, 243, 149, 187, 119, 31, 69, 92, 167,
       172, 206, 182, 96, 254, 59, 151, 149, 215, 56, 118, 255, 110, 21,
       154, 235, 31, 142, 173, 221, 19, 16, 99, 129, 86, 134, 234, 80,
       20, 192, 90, 199, 25, 142, 181, 192, 126, 169, 23, 237, 133, 146,
       20, 202, 22, 12, 170, 132, 61, 142, 57, 212, 34, 221, 34, 174, 93,
       213, 214, 228, 135, 68, 216, 139, 40, 236, 54, 128, 216, 251, 147,
       199, 78, 43, 90, 255, 59, 20, 141, 59, 85, 30, 118, 222, 34, 157,
       176, 179, 213, 189, 244, 231, 127, 13, 106, 19, 168, 184, 124,
       128, 249, 155, 130, 145, 22, 186, 80, 247, 61, 28, 30, 107, 209,
       76, 221, 158, 138, 178, 146, 153, 231, 177, 184, 71, 31, 27, 82,
       247, 140, 142, 102, 204, 231, 59, 179, 149, 54, 220, 131, 211, 14,
       87, 218, 195, 158, 76, 169, 159, 19, 43, 206, 177, 150, 142, 236,
       214, 126, 232, 90, 199, 149, 40, 147, 8, 110, 238, 23, 221, 214,
       248, 5, 224, 172, 40, 190, 192, 173, 157, 209, 141, 250, 57, 170,
       172, 95, 68, 83, 120, 22, 204, 213, 167, 112, 253, 99, 64, 252,
       249, 183, 211, 140, 75, 59, 170, 91, 39, 171, 137, 37, 47, 52, 91,
       170, 253, 34, 152, 223, 215, 150, 238, 159, 126, 152, 175, 40,
       252, 103, 1, 157, 91, 211, 227, 231, 111, 58, 255, 115, 20, 141,
       191, 87, 124, 159, 223, 63, 191, 235, 123, 244, 253, 251, 216,
       127, 76, 252, 231, 123, 252, 191, 48, 255, 251, 151, 247, 175, 50,
       124, 255, 126, 221, 167, 230, 223, 255, 102, 245, 10, 188, 154,
       185, 211, 239, 176, 239, 62, 111, 76, 17, 188, 191, 98, 64, 183,
       63, 179, 17, 54, 220, 145, 247, 79, 55, 31, 99, 144, 64, 133, 219,
       3, 180, 146, 152, 211, 245, 184, 75, 31, 67, 121, 23, 140, 190,
       110, 204, 221, 27, 147, 149, 23, 186, 18, 211, 31, 20, 154, 111,
       154, 76, 169, 214, 46, 104, 161, 144, 207, 117, 156, 206, 27, 254,
       24, 139, 12, 188, 119, 142, 157, 91, 179, 147, 148, 114, 170, 242,
       31, 22, 223, 175, 215, 125, 151, 247, 122, 57, 182, 188, 141, 213,
       16, 77, 135, 93, 132, 11, 46, 255, 99, 218, 200, 179, 251, 17, 30,
       75, 146, 177, 211, 241, 219, 123, 146, 14, 62, 90, 134, 122, 184,
       152, 231, 225, 191, 202, 155, 222, 84, 183, 140, 207, 103, 12,
       239, 121, 135, 211, 98, 118, 138, 242, 76, 20, 223, 239, 151, 125,
       39, 243, 72, 248, 156, 243, 169, 221, 84, 191, 175, 63, 164, 25,
       174, 191, 66, 219, 135, 83, 253, 16, 86, 77, 211, 177, 207, 243,
       126, 123, 146, 68, 143, 11, 78, 190, 100, 129, 223, 247, 185, 183,
       11, 253, 156, 191, 12, 63, 86, 132, 175, 151, 215, 149, 178, 90,
       241, 213, 95, 95, 159, 231, 135, 4, 143, 255, 57, 121, 234, 109,
       70, 114, 239, 89, 97, 194, 127, 130, 121, 125, 151, 50, 62, 236,
       53, 238, 137, 240, 181, 200, 119, 237, 225, 128, 103, 242, 118,
       224, 156, 95, 156, 184, 172, 7, 223, 253, 158, 186, 152, 239, 223,
       251, 249, 75, 255, 211, 127, 247, 232, 99, 11, 152, 248, 203, 239,
       188, 28, 120, 177, 1, 25, 29, 75, 174, 20, 214, 111, 112, 116, 72,
       223, 70, 113, 246, 178, 96, 124, 237, 22, 239, 237, 147, 52, 31,
       240, 239, 170, 128, 45, 163, 112, 244, 61, 70, 75, 235, 22, 130,
       107, 80, 84, 192, 223, 226, 81, 195, 185, 96, 122, 168, 31, 254,
       139, 151, 44, 206, 242, 205, 175, 128, 191, 187, 120, 176, 40,
       176, 32, 73, 89, 223, 112, 103, 31, 109, 96, 25, 162, 156, 38,
       212, 136, 24, 194, 0, 86, 186, 114, 29, 15, 21, 16, 123, 82, 12,
       94, 222, 14, 121, 163, 146, 239, 243, 190, 207, 27, 239, 88, 163,
       140, 252, 117, 140, 159, 123, 147, 211, 23, 122, 186, 226, 47, 86,
       159, 175, 151, 127, 151, 223, 131, 152, 154, 185, 117, 167, 184,
       83, 63, 73, 83, 83, 188, 158, 36, 104, 237, 59, 183, 149, 183,
       190, 17, 223, 143, 255, 154, 194, 152, 8, 41, 147, 6, 126, 186,
       131, 246, 227, 191, 214, 30, 238, 92, 167, 140, 207, 231, 12, 127,
       123, 151, 151, 134, 178, 40, 250, 108, 20, 175, 167, 151, 127, 53,
       211, 6, 126, 242, 219, 242, 241, 187, 214, 31, 79, 92, 178, 140,
       151, 231, 108, 119, 123, 151, 208, 131, 156, 40, 242, 6, 22, 58,
       194, 150, 221, 37, 253, 255, 126, 236, 97, 188, 51, 78, 158, 83,
       226, 180, 255, 83, 44, 215, 60, 95, 196, 53, 188, 189, 102, 101,
       154, 170, 223, 165, 244, 255, 253, 90, 85, 20, 172, 134, 150, 221,
       67, 231, 232, 94, 150, 194, 2, 226, 226, 105, 73, 121, 238, 42,
       178, 121, 247, 95, 254, 189, 134, 223, 5, 241, 120, 121, 128, 26,
       189, 242, 148, 243, 208, 188, 231, 249, 196, 126, 163, 44, 190,
       230, 164, 175, 123, 130, 129, 84, 251, 132, 239, 58, 20, 30, 203,
       103, 4, 175, 143, 23, 105, 235, 197, 20, 23, 235, 88, 70, 224,
       222, 194, 113, 204, 245, 100, 126, 236, 23, 255, 201, 179, 45,
       204, 120, 12, 175, 128, 165, 187, 112, 116, 130, 85, 182, 151,
       245, 190, 188, 103, 191, 239, 83, 55, 204, 190, 38, 203, 239, 63,
       255, 37, 245, 223, 185, 222, 191, 118, 223, 195, 142, 124, 173,
       215, 2, 149, 32, 139, 213, 247, 186, 43, 13, 37, 91, 3, 204, 60,
       62, 68, 221, 19, 147, 177, 22, 152, 89, 221, 45, 20, 138, 199,
       148, 14, 189, 214, 124, 65, 110, 236, 20, 83, 123, 120, 69, 36,
       255, 2, 91, 89, 188, 112, 120, 132, 191, 234, 200, 179, 45, 157,
       115, 239, 161, 133, 119, 159, 116, 98, 58, 157, 178, 252, 245,
       244, 177, 87, 181, 79, 222, 39, 44, 190, 38, 196, 236, 187, 151,
       129, 158, 187, 178, 195, 211, 125, 154, 139, 131, 68, 190, 255,
       61, 65, 106, 225, 52, 83, 239, 120, 68, 236, 252, 2, 17, 29, 179,
       32, 122, 140, 23, 235, 201, 179, 36, 156, 115, 205, 171, 164, 119,
       186, 118, 224, 30, 31, 98, 132, 118, 130, 171, 112, 69, 196, 219,
       231, 89, 205, 181, 64, 126, 237, 23, 239, 192, 179, 12, 204, 112,
       44, 171, 132, 47, 175, 112, 241, 2, 139, 86, 153, 101, 220, 252,
       119, 173, 85, 114, 67, 172, 158, 54, 73, 238, 59, 183, 129, 214,
       184, 2, 209, 133, 56, 218, 75, 20, 12, 237, 207, 2, 152, 38, 152,
       79, 213, 184, 70, 143, 85, 208, 167, 44, 158, 118, 206, 238, 59,
