%YAML:1.0
---
descriptors: !!opencv-matrix
   rows: 165
   cols: 32
   dt: u
   data: [ 236, 134, 129, 164, 220, 13, 206, 235, 146, 162, 184, 74, 231,
       104, 121, 131, 221, 199, 74, 35, 120, 99, 218, 159, 189, 214, 143,
       60, 209, 120, 88, 32, 250, 184, 254, 120, 235, 249, 80, 71, 235,
       91, 180, 56, 46, 158, 70, 63, 175, 179, 244, 145, 30, 111, 146,
       209, 155, 241, 80, 107, 203, 4, 238, 31, 144, 141, 70, 255, 222,
       130, 234, 109, 86, 1, 218, 146, 113, 227, 48, 65, 120, 174, 34,
       248, 58, 187, 15, 223, 56, 166, 175, 64, 53, 138, 240, 136, 16,
       13, 22, 254, 29, 227, 146, 99, 149, 0, 219, 2, 230, 250, 32, 192,
       216, 187, 142, 160, 56, 171, 66, 159, 179, 245, 138, 75, 20, 74,
       60, 134, 78, 178, 230, 16, 235, 112, 188, 7, 187, 255, 149, 189,
       140, 254, 206, 159, 167, 23, 255, 145, 150, 91, 174, 192, 30, 83,
       223, 239, 134, 68, 175, 215, 15, 120, 211, 251, 98, 196, 184, 80,
       191, 88, 114, 96, 188, 223, 101, 217, 230, 57, 63, 210, 71, 213,
       130, 224, 135, 249, 122, 139, 14, 145, 43, 131, 127, 91, 111, 228,
       102, 94, 127, 48, 41, 238, 246, 230, 91, 31, 151, 247, 126, 245,
       189, 238, 201, 150, 245, 200, 247, 251, 226, 128, 39, 183, 116,
       117, 177, 207, 109, 71, 148, 190, 230, 55, 116, 194, 123, 82, 243,
       8, 148, 225, 121, 198, 6, 106, 249, 188, 109, 175, 44, 234, 166,
       64, 109, 219, 208, 172, 39, 114, 234, 192, 118, 23, 235, 208, 95,
       236, 125, 174, 89, 204, 247, 44, 126, 236, 23, 255, 129, 178, 44,
       200, 94, 13, 167, 172, 239, 191, 120, 245, 7, 153, 99, 155, 118,
       230, 171, 208, 92, 73, 89, 230, 124, 220, 188, 228, 254, 41, 23,
       223, 151, 186, 60, 255, 21, 44, 170, 194, 149, 143, 53, 245, 192,
       104, 2, 156, 72, 131, 32, 76, 52, 2, 226, 136, 164, 131, 1, 89,
       120, 168, 106, 202, 66, 135, 195, 89, 148, 162, 154, 8, 16, 80,
       33, 8, 240, 161, 0, 138, 12, 129, 0, 109, 142, 48, 129, 11, 166,
       194, 104, 81, 88, 136, 106, 99, 90, 79, 203, 85, 184, 0, 139, 125,
       16, 10, 178, 10, 4, 0, 23, 169, 214, 42, 160, 65, 108, 33, 99, 18,
       213, 34, 0, 75, 106, 12, 106, 56, 16, 176, 197, 4, 20, 162, 99,
       68, 192, 41, 227, 160, 222, 60, 246, 116, 171, 124, 28, 7, 187,
       223, 182, 189, 110, 191, 71, 255, 167, 247, 253, 145, 172, 71,
       163, 194, 147, 123, 95, 187, 130, 116, 175, 95, 126, 87, 110, 134,
       109, 86, 223, 112, 169, 204, 157, 143, 72, 207, 63, 23, 238, 229,
       221, 231, 204, 3, 186, 204, 115, 121, 203, 155, 15, 183, 118, 87,
       196, 98, 156, 179, 72, 41, 96, 136, 238, 179, 99, 80, 215, 131,
       73, 75, 3, 204, 106, 26, 0, 84, 207, 16, 204, 162, 119, 4, 136,
       113, 1, 0, 168, 153, 59, 186, 93, 205, 177, 199, 222, 29, 96, 24,
       180, 153, 32, 64, 201, 59, 3, 17, 35, 42, 82, 63, 101, 151, 18,
       41, 80, 8, 245, 170, 10, 221, 120, 255, 115, 217, 55, 239, 31, 79,
       92, 162, 188, 255, 38, 96, 247, 123, 151, 64, 98, 136, 42, 255,
       231, 247, 62, 139, 22, 88, 165, 251, 147, 141, 95, 155, 210, 130,
       173, 103, 60, 0, 219, 194, 125, 130, 176, 97, 127, 175, 59, 173,
       112, 157, 5, 223, 60, 34, 154, 192, 37, 0, 161, 168, 13, 95, 235,
       165, 242, 38, 175, 151, 60, 235, 94, 231, 149, 39, 145, 96, 55,
       95, 63, 188, 145, 152, 181, 106, 108, 175, 190, 196, 173, 240,
       161, 249, 143, 158, 237, 87, 230, 126, 189, 183, 121, 127, 87,
       244, 221, 60, 158, 173, 55, 95, 183, 157, 181, 252, 109, 226, 110,
       127, 126, 198, 207, 212, 217, 253, 17, 73, 66, 5, 128, 138, 110,
       39, 118, 160, 74, 194, 225, 130, 16, 196, 120, 236, 34, 204, 76,
       152, 197, 15, 164, 166, 135, 0, 41, 186, 248, 140, 143, 158, 229,
       179, 178, 38, 189, 191, 61, 255, 86, 245, 253, 46, 134, 107, 199,
       87, 149, 149, 241, 220, 109, 238, 236, 122, 254, 198, 142, 244,
       165, 125, 25, 1, 110, 173, 22, 10, 111, 121, 117, 64, 214, 230,
       115, 97, 187, 97, 122, 140, 30, 237, 233, 176, 69, 141, 244, 235,
       226, 132, 61, 168, 112, 1, 116, 169, 154, 186, 205, 169, 68, 207,
       86, 51, 224, 27, 2, 232, 96, 24, 249, 138, 106, 17, 30, 107, 202,
       51, 153, 6, 215, 127, 209, 72, 250, 2, 53, 174, 203, 235, 212,
       162, 107, 219, 118, 3, 251, 194, 83, 227, 184, 80, 121, 238, 6,
       190, 155, 179, 141, 126, 252, 174, 163, 68, 237, 203, 242, 160,
       56, 221, 122, 111, 245, 207, 86, 247, 5, 8, 252, 11, 123, 253, 34,
       16, 252, 250, 151, 106, 76, 187, 24, 63, 107, 237, 36, 1, 123,
       186, 238, 155, 42, 141, 107, 186, 119, 211, 187, 231, 159, 69, 92,
       163, 108, 237, 54, 64, 251, 187, 151, 129, 50, 187, 42, 255, 127,
       119, 139, 203, 23, 142, 189, 250, 42, 175, 35, 190, 247, 209, 187,
       231, 159, 77, 92, 163, 236, 237, 50, 192, 255, 123, 151, 197, 22,
       186, 42, 255, 255, 87, 142, 235, 87, 14, 189, 219, 3, 157, 99,
       159, 116, 214, 234, 118, 116, 73, 90, 230, 113, 254, 176, 224,
       126, 234, 22, 207, 191, 152, 37, 255, 36, 46, 170, 128, 61, 134,
       112, 221, 186, 95, 98, 148, 119, 210, 190, 244, 153, 204, 214,
       231, 105, 236, 183, 165, 110, 229, 151, 231, 228, 155, 36, 239,
       58, 124, 142, 131, 39, 183, 126, 223, 155, 94, 98, 13, 115, 146,
       238, 112, 117, 198, 86, 231, 105, 202, 183, 213, 118, 236, 134,
       238, 229, 149, 37, 238, 50, 107, 162, 129, 47, 183, 105, 93, 40,
       20, 223, 245, 204, 99, 85, 71, 21, 179, 250, 50, 83, 57, 41, 75,
       91, 215, 39, 160, 56, 242, 81, 136, 85, 255, 244, 1, 249, 248,
       228, 178, 12, 3, 188, 87, 172, 126, 253, 27, 206, 223, 127, 0,
       210, 109, 223, 110, 65, 86, 111, 12, 144, 240, 107, 128, 71, 63,
       115, 5, 210, 251, 84, 227, 78, 58, 250, 146, 239, 244, 184, 67,
       187, 223, 29, 183, 140, 254, 87, 10, 167, 127, 247, 149, 150, 91,
       178, 192, 95, 83, 223, 235, 135, 101, 175, 215, 130, 217, 49, 217,
       108, 197, 189, 220, 31, 29, 80, 34, 188, 159, 124, 73, 198, 27,
       63, 65, 66, 28, 114, 241, 133, 16, 218, 174, 20, 24, 165, 251, 2,
       217, 60, 188, 109, 205, 189, 238, 207, 124, 20, 15, 172, 156, 119,
       3, 238, 91, 183, 67, 198, 43, 90, 241, 119, 80, 218, 187, 20, 29,
       21, 223, 170, 179, 120, 88, 255, 221, 145, 207, 203, 125, 180,
       191, 12, 156, 94, 151, 143, 155, 215, 17, 246, 111, 250, 213, 63,
       81, 28, 255, 215, 12, 207, 223, 110, 88, 99, 238, 109, 212, 158,
       112, 137, 200, 156, 167, 40, 223, 119, 3, 206, 241, 215, 231, 192,
       3, 242, 232, 115, 121, 202, 171, 23, 63, 55, 251, 126, 94, 107,
       238, 125, 214, 219, 112, 137, 204, 157, 175, 104, 207, 55, 86,
       204, 245, 221, 231, 236, 135, 240, 236, 115, 121, 139, 155, 7,
       183, 118, 119, 117, 252, 203, 111, 180, 139, 103, 252, 118, 170,
       250, 102, 115, 113, 152, 112, 123, 238, 124, 106, 233, 191, 77,
       63, 248, 175, 165, 144, 109, 251, 240, 57, 149, 204, 107, 255, 52,
       139, 111, 252, 118, 106, 242, 70, 243, 211, 185, 97, 123, 236, 54,
       238, 235, 244, 109, 63, 244, 175, 167, 132, 61, 187, 113, 185, 33,
       177, 242, 77, 84, 159, 226, 88, 66, 224, 248, 74, 115, 216, 223,
       160, 216, 168, 18, 121, 143, 178, 252, 29, 14, 93, 1, 44, 77, 170,
       122, 132, 21, 14, 219, 239, 54, 171, 107, 216, 118, 130, 251, 230,
       115, 227, 185, 96, 127, 236, 46, 190, 137, 176, 77, 110, 252, 174,
       163, 128, 189, 235, 112, 161, 81, 221, 29, 109, 16, 142, 71, 181,
       228, 8, 170, 68, 247, 51, 0, 113, 16, 246, 108, 104, 121, 137, 81,
       61, 233, 233, 36, 80, 40, 130, 194, 40, 210, 236, 142, 62, 137,
       241, 20, 175, 186, 183, 128, 25, 230, 234, 66, 91, 129, 103, 233,
       17, 110, 79, 154, 51, 187, 115, 93, 59, 128, 116, 143, 94, 116,
       39, 64, 170, 124, 139, 66, 72, 9, 161, 185, 233, 135, 64, 137, 17,
       218, 137, 78, 241, 46, 35, 76, 94, 188, 148, 43, 255, 212, 11, 74,
       133, 240, 231, 0, 138, 10, 201, 4, 104, 12, 54, 129, 235, 134,
       194, 136, 81, 104, 136, 78, 98, 120, 7, 207, 93, 180, 0, 235, 125,
