%YAML:1.0
---
descriptors: !!opencv-matrix
   rows: 231
   cols: 32
   dt: u
   data: [ 127, 120, 243, 228, 103, 86, 125, 80, 105, 234, 246, 171, 91,
       31, 215, 191, 110, 213, 245, 239, 201, 118, 181, 200, 215, 251,
       231, 134, 111, 245, 102, 117, 217, 19, 85, 101, 34, 94, 105, 48,
       33, 72, 119, 228, 255, 23, 131, 245, 54, 181, 252, 238, 225, 148,
       101, 206, 198, 250, 98, 128, 46, 166, 3, 125, 237, 156, 240, 114,
       181, 125, 215, 177, 121, 79, 61, 60, 219, 125, 159, 189, 159, 82,
       213, 46, 189, 100, 120, 174, 107, 223, 101, 247, 198, 239, 206,
       119, 194, 188, 148, 154, 137, 189, 144, 143, 158, 155, 128, 25,
       174, 242, 64, 143, 129, 115, 233, 17, 54, 77, 202, 115, 137, 82,
       95, 123, 152, 68, 139, 142, 42, 14, 234, 158, 247, 243, 191, 103,
       95, 207, 92, 167, 104, 232, 54, 64, 255, 107, 131, 133, 166, 190,
       38, 255, 118, 95, 159, 139, 215, 126, 253, 207, 32, 169, 120, 125,
       48, 141, 81, 55, 236, 8, 114, 8, 183, 129, 0, 16, 130, 170, 68,
       72, 66, 168, 64, 29, 230, 217, 32, 112, 96, 136, 70, 41, 74, 191,
       166, 159, 139, 176, 188, 167, 190, 151, 206, 181, 172, 166, 166,
       207, 231, 103, 235, 149, 118, 201, 135, 255, 44, 119, 222, 131,
       132, 84, 173, 95, 162, 191, 84, 218, 233, 157, 94, 239, 143, 59,
       60, 190, 44, 98, 238, 149, 207, 211, 194, 194, 118, 75, 74, 247,
       62, 82, 221, 251, 26, 94, 202, 159, 190, 121, 112, 207, 253, 223,
       214, 224, 109, 236, 248, 11, 106, 124, 23, 148, 252, 255, 215, 99,
       236, 179, 89, 253, 55, 88, 135, 51, 71, 63, 94, 223, 174, 249, 20,
       138, 253, 87, 190, 232, 158, 188, 241, 15, 236, 222, 103, 133,
       220, 89, 243, 227, 102, 119, 90, 253, 63, 81, 143, 63, 23, 63, 61,
       215, 184, 100, 104, 108, 124, 75, 215, 120, 22, 102, 181, 187,
       115, 93, 187, 1, 88, 152, 215, 106, 104, 39, 73, 31, 114, 137,
       161, 189, 119, 184, 86, 250, 222, 30, 254, 156, 11, 54, 188, 66,
       181, 150, 215, 179, 72, 254, 39, 203, 231, 245, 251, 167, 164,
       199, 135, 200, 19, 99, 218, 131, 167, 117, 45, 87, 235, 242, 255,
       254, 105, 213, 93, 127, 191, 91, 244, 245, 253, 223, 206, 127,
       207, 187, 255, 132, 239, 79, 234, 243, 199, 251, 254, 171, 54,
       148, 166, 255, 161, 108, 27, 172, 88, 15, 135, 104, 150, 34, 160,
       72, 247, 129, 33, 17, 88, 0, 74, 106, 97, 39, 82, 63, 181, 128,
       65, 56, 88, 57, 18, 160, 109, 75, 21, 101, 36, 14, 103, 176, 105,
       234, 102, 76, 211, 1, 145, 245, 16, 100, 108, 110, 233, 240, 109,
       44, 102, 251, 101, 20, 74, 179, 82, 41, 221, 253, 189, 105, 187,
       254, 151, 186, 239, 125, 188, 52, 158, 63, 134, 247, 239, 87, 254,
       210, 179, 105, 123, 245, 239, 251, 103, 215, 219, 117, 167, 119,
       31, 189, 246, 109, 189, 62, 250, 250, 235, 121, 127, 48, 223, 127,
       158, 183, 167, 87, 253, 44, 182, 225, 187, 229, 227, 251, 97, 215,
       198, 229, 195, 247, 78, 150, 239, 188, 236, 104, 249, 59, 169, 93,
       191, 165, 223, 109, 26, 90, 239, 215, 253, 181, 153, 107, 163,
       245, 216, 119, 250, 201, 237, 37, 183, 115, 180, 127, 120, 97,
       116, 43, 242, 200, 127, 168, 242, 43, 75, 88, 21, 144, 250, 205,
       71, 99, 168, 178, 73, 254, 54, 221, 35, 54, 117, 187, 90, 131,
       142, 151, 108, 237, 62, 121, 187, 186, 24, 124, 93, 191, 221, 125,
       159, 97, 63, 95, 255, 167, 164, 240, 239, 215, 238, 123, 235, 239,
       119, 237, 31, 243, 218, 221, 63, 253, 13, 212, 85, 166, 173, 22,
       198, 19, 174, 63, 32, 71, 226, 247, 253, 193, 104, 205, 49, 237,
       243, 243, 218, 19, 38, 20, 181, 110, 60, 165, 12, 175, 92, 75,
       247, 121, 23, 164, 253, 10, 247, 233, 40, 0, 121, 216, 6, 234,
       106, 178, 75, 191, 253, 135, 163, 60, 119, 171, 52, 130, 174, 48,
       241, 113, 237, 253, 177, 74, 251, 253, 53, 59, 140, 156, 95, 43,
       175, 25, 247, 17, 146, 118, 242, 192, 95, 89, 91, 111, 199, 13,
       87, 247, 79, 190, 253, 215, 188, 157, 255, 182, 255, 95, 30, 237,
       253, 127, 214, 119, 167, 115, 255, 29, 246, 72, 239, 247, 238,
       223, 127, 234, 134, 214, 199, 125, 6, 141, 146, 154, 221, 247,
       182, 230, 159, 7, 92, 19, 236, 254, 38, 204, 217, 123, 163, 209,
       54, 250, 90, 255, 47, 54, 158, 75, 146, 93, 173, 198, 113, 151,
       111, 101, 48, 106, 97, 63, 96, 233, 127, 232, 83, 37, 152, 50, 54,
       148, 124, 40, 153, 184, 229, 14, 246, 175, 32, 212, 237, 226, 198,
       113, 49, 69, 106, 77, 84, 31, 226, 120, 85, 96, 255, 66, 83, 8,
       191, 36, 120, 140, 22, 238, 205, 179, 53, 142, 50, 108, 160, 4,
       127, 170, 120, 132, 249, 157, 29, 236, 189, 143, 87, 51, 229, 232,
       174, 12, 255, 57, 32, 115, 128, 231, 92, 106, 121, 169, 81, 189,
       251, 249, 68, 18, 58, 42, 192, 58, 16, 141, 251, 255, 148, 226,
       239, 251, 86, 7, 251, 2, 113, 237, 56, 64, 121, 251, 23, 139, 250,
       250, 9, 255, 253, 175, 191, 128, 181, 235, 245, 250, 82, 184, 63,
       186, 75, 221, 49, 71, 175, 85, 68, 9, 172, 222, 102, 94, 160, 59,
       251, 17, 6, 11, 178, 241, 145, 209, 26, 107, 0, 4, 39, 127, 79,
       254, 240, 251, 190, 157, 254, 252, 191, 243, 149, 78, 221, 239,
       94, 41, 191, 243, 127, 223, 179, 75, 251, 243, 254, 223, 127, 254,
       150, 247, 131, 65, 39, 126, 18, 158, 211, 179, 182, 230, 94, 128,
       120, 98, 172, 242, 37, 196, 223, 123, 130, 211, 6, 154, 10, 255,
       60, 22, 15, 43, 211, 127, 43, 143, 150, 198, 22, 187, 155, 10,
       126, 237, 191, 59, 179, 19, 110, 122, 45, 197, 255, 197, 79, 177,
       110, 197, 25, 255, 185, 182, 207, 215, 177, 50, 165, 14, 66, 184,
       183, 179, 41, 204, 49, 7, 175, 249, 2, 8, 190, 150, 64, 126, 132,
       63, 253, 17, 3, 88, 242, 209, 141, 241, 26, 114, 8, 4, 7, 127,
       214, 145, 255, 242, 190, 159, 188, 249, 159, 123, 147, 243, 220,
       255, 188, 97, 183, 87, 255, 21, 242, 125, 43, 247, 251, 250, 223,
       246, 22, 140, 129, 87, 111, 220, 102, 225, 255, 154, 250, 251, 41,
       244, 127, 175, 73, 77, 151, 241, 63, 245, 183, 183, 180, 48, 189,
       254, 126, 125, 175, 197, 231, 183, 126, 215, 123, 242, 251, 252,
       61, 221, 91, 121, 159, 204, 180, 237, 255, 253, 255, 182, 222,
       181, 253, 101, 205, 35, 234, 157, 251, 253, 37, 187, 126, 172, 78,
       127, 41, 221, 50, 221, 53, 223, 247, 119, 85, 12, 252, 2, 186,
       153, 178, 36, 200, 58, 150, 8, 237, 186, 112, 159, 231, 221, 146,
       1, 83, 12, 124, 174, 0, 153, 26, 108, 32, 141, 114, 115, 236, 8,
       106, 76, 183, 145, 32, 16, 150, 51, 70, 0, 64, 169, 0, 29, 225,
       252, 48, 8, 88, 2, 67, 11, 162, 209, 191, 191, 237, 197, 189, 231,
       159, 95, 84, 23, 172, 190, 108, 75, 204, 123, 179, 129, 114, 74,
       242, 241, 103, 115, 222, 171, 16, 92, 173, 219, 21, 77, 125, 119,
       182, 106, 103, 164, 116, 1, 123, 50, 211, 49, 137, 121, 42, 102,
       108, 74, 57, 184, 109, 44, 237, 170, 116, 64, 225, 219, 192, 35,
       79, 189, 177, 49, 241, 254, 126, 135, 59, 249, 42, 77, 142, 190,
       64, 158, 167, 95, 245, 17, 159, 90, 216, 226, 173, 214, 31, 247,
       202, 84, 143, 95, 173, 70, 119, 87, 116, 91, 231, 32, 237, 182,
       119, 50, 211, 64, 181, 47, 106, 228, 70, 106, 233, 244, 109, 76,
       36, 170, 97, 4, 103, 187, 84, 228, 170, 153, 188, 154, 205, 255,
       149, 207, 143, 61, 188, 31, 238, 127, 38, 15, 200, 51, 219, 81,
       18, 235, 122, 253, 219, 83, 94, 83, 146, 92, 221, 219, 73, 18, 59,
       235, 52, 172, 123, 16, 105, 73, 127, 100, 191, 147, 144, 112, 198,
       175, 124, 28, 131, 152, 225, 117, 198, 253, 50, 192, 8, 131, 67,
       121, 13, 19, 123, 107, 48, 173, 123, 16, 173, 73, 127, 100, 223,
       211, 188, 116, 182, 59, 22, 94, 147, 176, 40, 245, 102, 249, 34,
       192, 90, 131, 227, 177, 209, 217, 93, 101, 34, 14, 79, 180, 224,
       136, 162, 104, 247, 51, 128, 115, 38, 244, 124, 106, 233, 129,
       213, 45, 224, 170, 100, 144, 40, 178, 66, 41, 7, 135, 226, 129,
       246, 34, 238, 151, 60, 239, 90, 247, 137, 46, 214, 76, 127, 79,
