%YAML:1.0
---
descriptors: !!opencv-matrix
   rows: 74
   cols: 32
   dt: u
   data: [ 47, 158, 232, 91, 243, 223, 191, 248, 63, 111, 116, 237, 122,
       125, 159, 245, 191, 219, 151, 127, 247, 248, 125, 255, 111, 95,
       117, 199, 223, 254, 204, 247, 121, 150, 252, 220, 93, 86, 89, 123,
       211, 206, 180, 14, 123, 236, 191, 247, 93, 160, 174, 172, 237, 99,
       118, 223, 91, 255, 229, 189, 251, 172, 108, 95, 143, 124, 227,
       193, 244, 231, 187, 222, 95, 235, 84, 246, 29, 204, 119, 40, 255,
       57, 151, 145, 163, 180, 60, 210, 95, 95, 191, 164, 159, 221, 117,
       241, 43, 144, 188, 157, 117, 215, 185, 120, 31, 221, 116, 39, 248,
       222, 238, 237, 221, 41, 183, 52, 135, 240, 114, 221, 79, 95, 251,
       199, 219, 44, 109, 215, 74, 178, 240, 218, 125, 245, 153, 89, 139,
       125, 181, 63, 204, 223, 126, 46, 159, 17, 215, 145, 150, 71, 186,
       209, 91, 93, 27, 255, 150, 14, 7, 215, 16, 34, 143, 28, 72, 131,
       33, 107, 54, 161, 66, 66, 113, 225, 32, 73, 113, 108, 34, 40, 0,
       217, 135, 13, 216, 163, 119, 0, 33, 40, 96, 168, 49, 65, 110, 173,
       22, 66, 227, 96, 100, 64, 247, 2, 83, 9, 179, 96, 120, 132, 30,
       239, 76, 179, 5, 140, 240, 233, 162, 4, 101, 171, 112, 0, 209,
       142, 237, 225, 166, 34, 105, 23, 100, 123, 214, 246, 57, 43, 208,
       107, 111, 134, 63, 156, 187, 220, 37, 226, 222, 235, 254, 192,
       173, 192, 240, 121, 0, 28, 123, 94, 82, 229, 179, 242, 212, 69,
       124, 2, 124, 245, 39, 96, 126, 58, 19, 136, 2, 185, 58, 127, 115,
       175, 2, 10, 113, 3, 101, 251, 1, 216, 123, 91, 100, 205, 233, 148,
       126, 28, 116, 0, 176, 147, 181, 109, 66, 56, 18, 74, 195, 184, 54,
       113, 69, 24, 114, 8, 87, 153, 101, 173, 253, 223, 239, 254, 190,
       39, 79, 248, 215, 234, 221, 246, 123, 239, 185, 97, 127, 230, 63,
       174, 249, 71, 62, 191, 250, 239, 239, 252, 191, 250, 240, 113,
       174, 121, 51, 218, 111, 213, 184, 66, 143, 92, 212, 39, 44, 222,
       119, 175, 238, 57, 211, 211, 135, 43, 178, 240, 23, 89, 138, 187,
       31, 13, 55, 223, 137, 48, 207, 157, 108, 249, 233, 87, 190, 95,
       246, 182, 189, 135, 210, 239, 107, 43, 238, 136, 51, 252, 247,
       195, 214, 219, 250, 160, 158, 136, 229, 249, 173, 38, 237, 237,
       236, 63, 205, 154, 87, 250, 157, 222, 211, 41, 219, 43, 93, 196,
       23, 175, 185, 102, 109, 154, 78, 219, 245, 188, 191, 249, 208,
       224, 203, 158, 249, 251, 166, 164, 109, 151, 251, 91, 20, 246,
       189, 235, 240, 107, 39, 35, 63, 156, 179, 76, 182, 243, 206, 219,
       254, 200, 156, 192, 129, 121, 252, 112, 253, 102, 173, 95, 87,
       152, 67, 254, 181, 12, 223, 93, 75, 59, 156, 212, 253, 122, 201,
       102, 249, 128, 211, 217, 101, 60, 106, 251, 70, 115, 2, 133, 8,
       137, 213, 167, 163, 43, 14, 1, 75, 3, 148, 48, 36, 64, 216, 10,
       19, 49, 18, 184, 81, 221, 109, 20, 138, 70, 144, 10, 49, 162, 139,
       178, 253, 248, 236, 169, 248, 83, 207, 91, 48, 214, 188, 142, 244,
       43, 239, 139, 95, 157, 179, 108, 242, 209, 206, 153, 250, 232,
       156, 200, 129, 153, 223, 50, 248, 98, 35, 116, 25, 24, 107, 255,
       21, 191, 221, 93, 223, 191, 183, 85, 253, 255, 151, 68, 191, 192,
       219, 89, 105, 191, 174, 231, 15, 119, 50, 32, 70, 141, 77, 11,
       248, 72, 47, 164, 242, 139, 14, 138, 38, 64, 234, 173, 239, 225,
       12, 179, 195, 216, 148, 48, 139, 27, 85, 14, 121, 198, 223, 150,
       252, 118, 161, 116, 93, 147, 251, 95, 21, 189, 91, 125, 222, 191,
       135, 87, 181, 21, 189, 68, 186, 226, 203, 251, 117, 219, 206, 228,
       142, 119, 145, 2, 92, 229, 6, 42, 105, 18, 108, 6, 119, 86, 155,
       11, 144, 73, 98, 132, 46, 172, 160, 180, 69, 202, 196, 171, 242,
       0, 109, 136, 121, 0, 203, 156, 183, 250, 184, 228, 61, 215, 159,
       91, 16, 118, 60, 255, 224, 107, 167, 115, 63, 156, 163, 79, 58,
       243, 251, 222, 126, 234, 154, 208, 161, 121, 121, 158, 239, 252,
       62, 3, 79, 123, 87, 234, 246, 254, 115, 249, 176, 113, 127, 236,
       126, 172, 169, 255, 255, 159, 250, 239, 245, 212, 175, 232, 112,
       57, 134, 96, 144, 153, 69, 133, 184, 72, 30, 51, 81, 19, 140, 154,
       109, 13, 217, 25, 147, 211, 70, 244, 90, 208, 5, 16, 219, 47, 20,
       29, 25, 134, 175, 106, 106, 158, 111, 145, 184, 64, 201, 222, 245,
       191, 40, 204, 119, 191, 238, 169, 179, 199, 196, 119, 166, 192,
       22, 89, 202, 171, 87, 61, 126, 199, 207, 48, 249, 226, 239, 116,
       249, 89, 171, 253, 181, 191, 220, 95, 223, 42, 167, 145, 223, 183,
       151, 101, 172, 192, 219, 89, 235, 254, 143, 135, 97, 119, 11, 159,
       248, 243, 246, 184, 255, 151, 47, 79, 30, 231, 189, 63, 214, 100,
       39, 115, 159, 141, 147, 24, 44, 227, 110, 93, 190, 192, 175, 212,
       133, 249, 225, 46, 167, 85, 164, 42, 237, 23, 248, 235, 86, 252,
       147, 40, 149, 47, 128, 38, 124, 29, 177, 252, 229, 10, 132, 58,
       112, 144, 204, 232, 210, 109, 131, 220, 151, 218, 131, 228, 53,
       87, 189, 27, 6, 82, 188, 183, 32, 111, 229, 51, 58, 144, 51, 77,
       50, 227, 153, 186, 90, 202, 154, 64, 161, 63, 135, 184, 152, 218,
       235, 165, 189, 207, 158, 155, 9, 18, 188, 222, 104, 10, 231, 123,
       19, 145, 19, 79, 154, 243, 217, 153, 95, 110, 152, 89, 161, 147,
       131, 197, 49, 67, 245, 221, 166, 229, 237, 72, 185, 66, 168, 28,
       188, 164, 232, 130, 218, 107, 215, 56, 116, 255, 62, 28, 134, 98,
       95, 14, 241, 172, 58, 139, 98, 237, 55, 210, 254, 117, 109, 68,
       126, 163, 123, 15, 182, 96, 126, 189, 151, 234, 204, 184, 37, 205,
       247, 233, 162, 129, 103, 174, 244, 91, 207, 50, 255, 226, 238,
       113, 249, 89, 171, 255, 181, 190, 156, 223, 254, 47, 239, 17, 223,
       179, 151, 71, 170, 192, 94, 89, 171, 255, 135, 135, 239, 243, 233,
       46, 174, 119, 164, 63, 237, 23, 248, 251, 54, 92, 150, 41, 208,
       43, 129, 102, 126, 28, 177, 252, 225, 34, 79, 155, 117, 240, 202,
       248, 216, 41, 201, 188, 191, 87, 133, 188, 245, 151, 248, 219, 39,
       92, 254, 185, 64, 43, 161, 102, 120, 30, 179, 253, 186, 98, 79,
       251, 84, 66, 202, 82, 195, 43, 222, 220, 223, 218, 139, 240, 31,
       192, 150, 19, 133, 178, 124, 247, 105, 123, 103, 115, 187, 210,
       51, 71, 58, 243, 91, 131, 206, 203, 178, 83, 37, 50, 19, 205, 99,
       207, 212, 214, 239, 246, 116, 64, 222, 66, 113, 254, 180, 100,
       120, 238, 23, 239, 233, 187, 61, 239, 57, 46, 175, 192, 37, 179,
       244, 236, 147, 95, 74, 159, 210, 150, 170, 246, 181, 65, 90, 215,
       109, 206, 182, 192, 126, 239, 151, 221, 165, 153, 28, 255, 50, 46,
       190, 192, 45, 150, 169, 157, 150, 221, 239, 255, 250, 195, 63,
       238, 22, 198, 206, 179, 245, 247, 33, 64, 123, 251, 187, 195, 121,
       222, 123, 63, 253, 167, 255, 129, 181, 251, 180, 250, 214, 157,
       211, 148, 242, 234, 55, 231, 188, 175, 90, 178, 44, 182, 165, 101,
       163, 127, 46, 18, 113, 221, 160, 110, 184, 166, 127, 130, 164,
       113, 165, 239, 246, 221, 207, 190, 138, 97, 31, 237, 150, 214,
       140, 179, 97, 231, 235, 67, 123, 247, 187, 227, 122, 71, 174, 187,
       248, 231, 207, 189, 181, 255, 188, 82, 16, 28, 126, 95, 82, 227,
       179, 218, 150, 1, 124, 34, 112, 247, 37, 96, 127, 59, 147, 136,
       34, 171, 58, 127, 99, 175, 2, 3, 241, 131, 37, 186, 76, 58, 186,
       51, 201, 124, 113, 154, 179, 255, 61, 28, 143, 231, 203, 190, 7,
       110, 236, 24, 151, 68, 250, 162, 207, 215, 119, 175, 234, 245, 15,
       247, 131, 74, 14, 186, 36, 164, 104, 210, 190, 72, 82, 197, 189,
       195, 179, 73, 230, 43, 63, 95, 135, 205, 6, 241, 192, 121, 250,
       136, 28, 149, 57, 89, 131, 21, 167, 207, 52, 86, 175, 57, 92, 78,
       95, 70, 240, 124, 181, 101, 92, 106, 62, 239, 225, 176, 117, 238,
       37, 58, 234, 130, 21, 251, 117, 253, 159, 87, 230, 175, 182, 54,
       254, 248, 95, 234, 223, 247, 89, 104, 191, 192, 127, 205, 191,
       239, 229, 180, 29, 238, 254, 111, 175, 132, 191, 255, 120, 213,
       143, 213, 161, 151, 229, 119, 238, 157, 95, 251, 91, 86, 200, 124,
