%YAML:1.0
---
descriptors: !!opencv-matrix
   rows: 204
   cols: 32
   dt: u
   data: [ 216, 74, 158, 182, 42, 104, 20, 151, 178, 63, 135, 185, 103,
       251, 67, 90, 167, 245, 237, 3, 12, 69, 138, 3, 210, 231, 113, 155,
       160, 112, 141, 11, 10, 157, 34, 186, 221, 213, 190, 231, 159, 77,
       92, 19, 172, 238, 54, 196, 205, 59, 147, 149, 246, 11, 58, 255,
       63, 117, 158, 203, 150, 12, 189, 222, 42, 143, 106, 186, 247, 243,
       191, 231, 159, 77, 92, 163, 108, 237, 54, 64, 255, 107, 135, 149,
       182, 187, 42, 255, 127, 87, 142, 203, 215, 78, 245, 219, 3, 157,
       99, 159, 116, 150, 234, 55, 124, 73, 90, 230, 249, 254, 176, 228,
       118, 43, 22, 141, 149, 152, 37, 255, 44, 46, 170, 192, 30, 134,
       49, 253, 3, 25, 67, 155, 118, 183, 170, 112, 30, 73, 91, 199, 252,
       222, 180, 228, 118, 43, 23, 157, 151, 152, 52, 255, 36, 62, 186,
       192, 156, 143, 57, 221, 127, 82, 245, 228, 111, 92, 93, 16, 169,
       222, 182, 175, 127, 31, 151, 255, 230, 213, 253, 238, 205, 71,
       243, 192, 211, 251, 238, 155, 39, 247, 102, 127, 78, 58, 186, 181,
       227, 42, 185, 66, 186, 191, 95, 179, 204, 175, 227, 74, 167, 127,
       167, 145, 16, 209, 130, 194, 222, 119, 255, 135, 134, 101, 45,
       195, 254, 81, 118, 172, 21, 86, 90, 112, 37, 132, 255, 3, 75, 31,
       35, 214, 248, 149, 253, 227, 76, 167, 17, 142, 147, 249, 131, 23,
       39, 175, 124, 70, 237, 3, 1, 5, 101, 30, 102, 56, 97, 232, 63, 76,
       211, 97, 153, 183, 24, 68, 124, 110, 201, 176, 205, 12, 38, 248,
       97, 20, 74, 239, 82, 37, 189, 65, 113, 69, 244, 75, 231, 96, 117,
       228, 121, 18, 83, 65, 149, 164, 122, 232, 2, 238, 105, 176, 109,
       14, 36, 204, 5, 4, 103, 187, 70, 228, 176, 68, 108, 93, 124, 75,
       199, 120, 85, 102, 247, 186, 83, 5, 158, 33, 88, 136, 71, 106,
       104, 246, 101, 31, 103, 139, 224, 177, 119, 185, 86, 242, 180, 4,
       122, 229, 198, 99, 93, 99, 21, 34, 243, 179, 83, 45, 41, 9, 123,
       151, 135, 163, 40, 247, 65, 142, 115, 231, 240, 133, 101, 248,
       228, 130, 133, 70, 117, 95, 100, 47, 237, 186, 93, 30, 119, 80,
       211, 1, 189, 111, 73, 68, 30, 46, 225, 244, 109, 204, 4, 186, 114,
       4, 95, 249, 80, 165, 202, 188, 156, 186, 169, 249, 20, 135, 190,
       63, 128, 57, 174, 250, 66, 155, 129, 115, 233, 17, 54, 79, 202,
       51, 137, 211, 93, 123, 144, 68, 143, 11, 85, 7, 145, 101, 176, 46,
       99, 50, 100, 169, 106, 68, 215, 33, 129, 112, 16, 78, 108, 60,
       153, 176, 1, 12, 236, 174, 37, 84, 232, 227, 64, 33, 42, 112, 80,
       138, 109, 253, 216, 77, 139, 61, 177, 11, 140, 158, 118, 140, 202,
       145, 223, 81, 6, 43, 218, 209, 23, 88, 154, 127, 87, 15, 223, 199,
       92, 252, 245, 77, 11, 114, 151, 138, 234, 122, 172, 48, 155, 54,
       133, 250, 67, 213, 236, 194, 105, 101, 253, 104, 231, 239, 103,
       23, 227, 113, 39, 35, 126, 189, 230, 151, 245, 94, 254, 236, 63,
       255, 246, 47, 110, 126, 31, 223, 251, 207, 255, 243, 249, 251,
       249, 237, 191, 191, 207, 215, 239, 127, 255, 223, 254, 94, 182,
       180, 41, 124, 92, 18, 185, 254, 182, 61, 239, 63, 3, 223, 231,
       245, 253, 7, 44, 71, 195, 194, 211, 243, 220, 155, 162, 117, 46,
       91, 182, 69, 4, 174, 28, 11, 70, 236, 29, 34, 169, 11, 198, 98,
       41, 81, 248, 129, 74, 99, 104, 163, 73, 30, 176, 130, 203, 23, 49,
       59, 48, 2, 198, 254, 249, 251, 252, 141, 255, 252, 191, 255, 181,
       247, 253, 239, 220, 75, 239, 211, 127, 211, 179, 111, 235, 243,
       254, 223, 255, 254, 149, 211, 215, 241, 39, 114, 234, 65, 102, 49,
       235, 216, 91, 236, 125, 174, 25, 204, 247, 44, 126, 205, 23, 255,
       133, 178, 172, 192, 30, 12, 171, 236, 213, 255, 114, 245, 24, 24,
       23, 124, 3, 200, 48, 103, 236, 4, 234, 8, 46, 145, 32, 16, 162,
       178, 202, 0, 0, 185, 16, 109, 145, 227, 80, 3, 97, 0, 103, 138,
       110, 182, 176, 210, 237, 253, 180, 207, 187, 191, 61, 57, 12, 191,
       78, 158, 143, 31, 227, 16, 22, 126, 250, 210, 31, 87, 85, 255,
       194, 76, 207, 215, 255, 191, 126, 236, 61, 221, 95, 249, 143, 222,
       188, 173, 255, 253, 255, 54, 223, 249, 253, 37, 239, 35, 250, 223,
       251, 221, 37, 191, 94, 254, 94, 127, 20, 141, 6, 154, 220, 162,
       170, 232, 214, 1, 219, 66, 96, 226, 40, 65, 120, 106, 42, 242, 58,
       155, 11, 253, 56, 38, 138, 64, 148, 75, 176, 128, 14, 180, 176,
       155, 253, 253, 177, 207, 31, 63, 125, 57, 140, 252, 110, 140, 223,
       27, 243, 17, 54, 124, 90, 211, 79, 87, 31, 111, 210, 76, 143, 215,
       5, 161, 145, 163, 236, 169, 162, 136, 238, 177, 43, 82, 149, 131,
       201, 26, 107, 72, 106, 90, 19, 112, 205, 80, 12, 128, 47, 100,
       192, 203, 129, 160, 67, 190, 134, 157, 155, 176, 188, 39, 190, 87,
       138, 181, 172, 162, 70, 239, 167, 103, 232, 133, 118, 205, 166,
       243, 172, 54, 94, 219, 136, 68, 169, 95, 47, 113, 117, 103, 163,
       95, 87, 184, 121, 238, 55, 172, 95, 125, 223, 191, 150, 92, 245,
       110, 229, 240, 253, 138, 111, 219, 101, 183, 239, 255, 206, 119,
       2, 149, 60, 155, 253, 253, 185, 111, 31, 29, 94, 17, 172, 190, 46,
       192, 221, 27, 179, 17, 54, 152, 115, 247, 175, 119, 158, 67, 146,
       76, 165, 223, 75, 159, 175, 92, 185, 118, 31, 191, 115, 255, 94,
       228, 120, 252, 150, 246, 149, 119, 189, 189, 181, 73, 191, 255,
       43, 127, 253, 206, 134, 230, 164, 125, 52, 13, 131, 154, 150, 163,
       162, 200, 86, 1, 217, 66, 113, 232, 169, 64, 121, 234, 2, 250, 59,
       179, 15, 191, 56, 134, 163, 72, 189, 123, 112, 128, 104, 174, 148,
       58, 185, 169, 84, 143, 155, 55, 160, 25, 174, 227, 64, 155, 129,
       107, 232, 16, 62, 106, 202, 55, 138, 214, 85, 123, 210, 92, 138,
       10, 43, 253, 34, 154, 221, 213, 158, 239, 151, 77, 220, 135, 40,
       220, 54, 164, 253, 171, 147, 213, 255, 171, 62, 255, 59, 95, 159,
       235, 31, 14, 252, 222, 74, 182, 248, 145, 251, 249, 184, 143, 59,
       245, 28, 189, 140, 190, 78, 26, 167, 95, 247, 21, 182, 94, 134,
       243, 94, 85, 63, 239, 134, 68, 143, 223, 200, 240, 126, 127, 105,
       212, 61, 191, 182, 95, 85, 181, 189, 215, 10, 217, 7, 59, 255,
       140, 163, 92, 250, 23, 103, 235, 126, 201, 46, 148, 175, 251, 185,
       35, 239, 229, 166, 11, 109, 121, 117, 234, 215, 238, 115, 105,
       153, 35, 62, 228, 125, 238, 249, 241, 37, 136, 242, 203, 229, 144,
       45, 250, 240, 113, 60, 36, 218, 112, 249, 233, 89, 83, 162, 189,
       189, 185, 31, 247, 74, 26, 175, 187, 197, 144, 26, 67, 130, 0,
       219, 197, 53, 253, 227, 192, 166, 211, 126, 253, 102, 200, 141,
       117, 222, 222, 203, 222, 188, 15, 42, 252, 119, 183, 205, 211,
       215, 215, 206, 43, 186, 240, 59, 88, 205, 191, 87, 127, 254, 95,
       116, 77, 87, 167, 20, 10, 98, 236, 109, 0, 170, 2, 195, 67, 9, 80,
       120, 197, 106, 226, 8, 179, 89, 124, 177, 164, 131, 84, 113, 59,
       96, 2, 22, 127, 229, 133, 138, 99, 159, 206, 142, 182, 152, 231,
       213, 62, 193, 75, 111, 85, 255, 227, 192, 65, 207, 224, 164, 6,
       239, 182, 149, 123, 53, 243, 209, 91, 95, 101, 42, 14, 79, 48,
       160, 130, 162, 96, 247, 19, 129, 115, 38, 244, 124, 106, 105, 197,
       161, 44, 225, 170, 100, 144, 40, 177, 3, 57, 118, 69, 244, 231,
       180, 34, 78, 168, 121, 162, 251, 131, 79, 107, 29, 87, 242, 213,
       61, 239, 104, 240, 201, 238, 178, 250, 207, 134, 37, 243, 114, 2,
       118, 109, 117, 103, 160, 46, 94, 184, 121, 170, 123, 232, 79, 127,
       157, 119, 183, 213, 117, 234, 232, 208, 141, 238, 239, 250, 197,
       134, 103, 243, 70, 37, 159, 94, 66, 5, 115, 146, 106, 112, 125,
       74, 119, 230, 73, 66, 191, 245, 54, 228, 150, 238, 229, 149, 45,
       206, 54, 111, 163, 128, 47, 183, 104, 85, 110, 62, 182, 148, 233,
       124, 60, 135, 187, 255, 180, 61, 140, 191, 71, 159, 167, 247, 253,
       21, 52, 79, 210, 194, 31, 114, 95, 255, 130, 100, 143, 215, 181,
       77, 79, 99, 148, 110, 102, 167, 116, 67, 235, 16, 211, 49, 24,
       112, 121, 198, 74, 126, 121, 188, 121, 46, 173, 170, 4, 80, 105,
