%YAML:1.0
---
descriptors: !!opencv-matrix
   rows: 150
   cols: 32
   dt: u
   data: [ 91, 148, 127, 225, 242, 166, 57, 119, 63, 107, 87, 246, 93,
       55, 168, 112, 119, 151, 63, 188, 179, 157, 37, 223, 220, 239, 58,
       196, 191, 128, 161, 49, 129, 207, 241, 195, 148, 190, 230, 151,
       124, 129, 123, 82, 251, 9, 148, 228, 121, 206, 6, 26, 243, 188,
       125, 239, 45, 174, 54, 68, 225, 219, 209, 168, 184, 252, 120, 108,
       91, 71, 86, 248, 19, 46, 180, 31, 115, 95, 41, 17, 253, 217, 71,
       226, 110, 7, 88, 31, 243, 201, 33, 63, 113, 56, 102, 139, 206,
       176, 180, 145, 237, 253, 184, 203, 155, 255, 53, 25, 140, 190, 78,
       143, 175, 23, 243, 17, 54, 126, 250, 208, 15, 83, 95, 239, 202,
       77, 143, 215, 127, 120, 243, 100, 103, 92, 127, 16, 105, 234, 118,
       238, 123, 31, 151, 190, 126, 253, 181, 238, 201, 246, 245, 200,
       87, 251, 231, 128, 103, 247, 102, 121, 5, 128, 151, 129, 214, 42,
       161, 193, 228, 49, 227, 82, 213, 34, 8, 234, 107, 12, 106, 56, 16,
       176, 197, 68, 12, 162, 210, 68, 224, 9, 193, 160, 250, 184, 254,
       120, 107, 249, 216, 71, 251, 91, 244, 56, 46, 158, 102, 187, 239,
       187, 247, 144, 62, 127, 194, 209, 155, 219, 82, 123, 211, 68, 239,
       143, 42, 189, 162, 154, 221, 213, 184, 207, 155, 93, 252, 11, 40,
       220, 118, 128, 201, 187, 147, 149, 158, 107, 242, 247, 127, 85,
       158, 235, 215, 12, 254, 222, 44, 101, 249, 114, 193, 105, 119,
       202, 115, 183, 61, 24, 83, 247, 77, 58, 57, 222, 196, 82, 26, 114,
       168, 34, 127, 205, 101, 109, 227, 243, 230, 162, 52, 233, 242,
       234, 77, 79, 98, 200, 103, 161, 225, 10, 75, 251, 125, 16, 248,
       220, 115, 242, 88, 243, 155, 160, 219, 248, 199, 111, 227, 59,
       114, 130, 234, 178, 244, 16, 235, 120, 48, 143, 187, 255, 52, 189,
       12, 190, 206, 159, 167, 159, 255, 145, 182, 79, 230, 209, 30, 83,
       95, 239, 134, 68, 143, 223, 110, 91, 103, 238, 107, 212, 190, 112,
       137, 204, 157, 167, 44, 223, 119, 135, 238, 241, 215, 199, 197, 3,
       178, 232, 115, 121, 202, 171, 23, 55, 47, 223, 203, 190, 134, 150,
       187, 184, 28, 167, 191, 223, 130, 253, 172, 230, 66, 223, 167,
       103, 252, 149, 55, 77, 131, 225, 184, 114, 95, 251, 138, 68, 171,
       93, 81, 157, 29, 101, 48, 46, 71, 191, 100, 40, 170, 68, 247, 51,
       128, 112, 20, 230, 108, 40, 217, 168, 81, 47, 233, 174, 36, 16,
       104, 226, 192, 41, 194, 252, 156, 62, 137, 249, 20, 175, 186, 23,
       132, 25, 238, 246, 74, 91, 129, 115, 232, 17, 38, 79, 202, 51,
       217, 211, 95, 123, 144, 84, 143, 75, 42, 253, 98, 202, 237, 117,
       214, 223, 203, 222, 188, 15, 42, 156, 127, 167, 201, 211, 215, 67,
       206, 107, 186, 240, 51, 89, 196, 191, 83, 94, 254, 223, 196, 98,
       142, 55, 8, 10, 36, 0, 38, 178, 67, 84, 215, 67, 73, 91, 97, 196,
       106, 90, 64, 212, 219, 0, 196, 162, 119, 0, 168, 51, 1, 0, 71,
       191, 161, 83, 245, 157, 255, 191, 123, 237, 28, 110, 104, 252,
       222, 164, 189, 122, 119, 221, 215, 120, 186, 243, 63, 30, 173,
       234, 207, 38, 210, 255, 45, 55, 211, 69, 243, 123, 106, 80, 107,
       232, 125, 236, 74, 97, 219, 180, 54, 204, 196, 62, 145, 178, 172,
       202, 62, 93, 33, 166, 239, 231, 74, 181, 144, 133, 71, 219, 212,
       163, 234, 107, 86, 1, 219, 82, 113, 195, 48, 64, 120, 174, 42,
       184, 56, 187, 15, 255, 56, 174, 138, 64, 181, 136, 240, 168, 211,
       141, 30, 159, 194, 130, 172, 103, 188, 2, 211, 18, 124, 226, 52,
       65, 114, 175, 122, 173, 116, 221, 7, 221, 52, 34, 218, 64, 1, 0,
       161, 136, 209, 77, 95, 229, 50, 10, 79, 48, 36, 128, 234, 224,
       119, 51, 128, 115, 54, 244, 108, 234, 105, 145, 17, 45, 240, 170,
       99, 0, 40, 179, 33, 41, 138, 189, 58, 186, 245, 213, 185, 231,
       159, 93, 92, 50, 188, 223, 98, 68, 239, 59, 151, 145, 114, 153,
       50, 247, 127, 87, 158, 235, 22, 12, 165, 251, 42, 141, 107, 190,
       247, 211, 187, 231, 159, 69, 92, 163, 172, 237, 54, 64, 251, 59,
       151, 129, 50, 186, 42, 255, 127, 119, 143, 203, 151, 142, 189,
       250, 10, 175, 35, 191, 247, 241, 190, 231, 159, 69, 92, 163, 236,
       237, 54, 192, 251, 123, 151, 133, 22, 186, 42, 255, 255, 87, 142,
       235, 215, 78, 181, 250, 3, 157, 99, 159, 116, 214, 234, 114, 124,
       73, 90, 198, 249, 252, 180, 228, 126, 170, 22, 205, 151, 152, 37,
       255, 36, 46, 170, 192, 61, 135, 113, 253, 167, 123, 227, 134, 86,
       83, 175, 208, 217, 192, 209, 231, 56, 204, 247, 164, 126, 233, 23,
       231, 197, 183, 188, 234, 52, 28, 143, 170, 117, 191, 113, 213,
       179, 95, 98, 198, 119, 146, 254, 112, 137, 204, 220, 231, 104,
       236, 183, 134, 126, 237, 151, 231, 236, 159, 164, 238, 50, 120,
       143, 131, 111, 191, 126, 221, 159, 94, 102, 28, 115, 146, 175,
       112, 125, 196, 86, 231, 105, 204, 183, 245, 118, 236, 134, 238,
       229, 149, 36, 239, 54, 107, 162, 131, 111, 181, 105, 93, 164, 84,
       111, 83, 100, 75, 229, 184, 253, 246, 119, 184, 211, 85, 151, 63,
       73, 240, 79, 42, 104, 244, 125, 62, 71, 155, 113, 21, 119, 185,
       86, 242, 40, 133, 255, 245, 228, 106, 221, 167, 21, 187, 250, 179,
       83, 61, 40, 75, 201, 215, 39, 161, 56, 250, 65, 160, 239, 255,
       244, 133, 225, 249, 228, 138, 6, 176, 190, 209, 239, 253, 185, 67,
       171, 255, 29, 191, 140, 191, 78, 10, 175, 27, 247, 17, 146, 88,
       186, 192, 95, 83, 223, 239, 134, 69, 135, 247, 159, 221, 102, 245,
       183, 214, 127, 182, 61, 228, 86, 131, 189, 63, 51, 225, 166, 247,
       157, 223, 252, 216, 53, 236, 251, 251, 239, 193, 38, 180, 173,
       123, 3, 217, 181, 217, 108, 133, 189, 220, 143, 89, 80, 102, 188,
       158, 188, 109, 238, 27, 63, 201, 195, 24, 99, 241, 133, 56, 218,
       170, 28, 24, 33, 189, 107, 93, 103, 236, 125, 212, 222, 240, 137,
       72, 156, 239, 60, 159, 55, 226, 238, 241, 223, 231, 205, 11, 242,
       253, 55, 121, 170, 187, 31, 191, 63, 223, 126, 95, 106, 236, 51,
       214, 95, 112, 9, 204, 254, 231, 105, 15, 183, 244, 222, 241, 149,
       231, 233, 139, 116, 238, 115, 253, 170, 147, 63, 183, 126, 127,
       89, 133, 127, 101, 22, 34, 105, 119, 121, 65, 126, 214, 93, 163,
       184, 113, 54, 143, 60, 172, 177, 153, 181, 77, 254, 239, 50, 196,
       111, 192, 163, 248, 127, 95, 123, 228, 118, 24, 255, 112, 233,
       204, 190, 238, 61, 159, 183, 38, 174, 241, 87, 111, 225, 163, 36,
       238, 114, 221, 35, 170, 103, 191, 103, 241, 244, 166, 140, 52,
       139, 123, 22, 175, 178, 183, 138, 153, 199, 232, 74, 155, 185,
       199, 232, 35, 124, 71, 207, 35, 184, 199, 93, 119, 225, 117, 158,
       70, 50, 253, 106, 10, 87, 209, 151, 228, 17, 68, 248, 175, 33,
       204, 54, 16, 122, 184, 147, 227, 238, 58, 116, 255, 119, 4, 140,
       235, 119, 30, 118, 222, 5, 162, 153, 225, 176, 174, 97, 18, 110,
       41, 123, 64, 151, 147, 192, 88, 21, 14, 38, 24, 19, 152, 193, 16,
       204, 175, 51, 68, 136, 194, 3, 161, 21, 222, 75, 127, 52, 139, 79,
       252, 118, 234, 250, 102, 115, 97, 185, 96, 127, 238, 62, 238, 235,
       245, 125, 63, 252, 239, 165, 128, 61, 187, 112, 57, 38, 143, 8,
       171, 157, 167, 202, 191, 22, 53, 217, 199, 193, 106, 58, 64, 221,
       10, 27, 253, 158, 10, 89, 183, 172, 20, 143, 244, 148, 15, 216,
       64, 52, 103, 64, 170, 116, 139, 194, 72, 57, 160, 241, 233, 135,
       72, 141, 17, 218, 137, 70, 115, 110, 178, 76, 30, 176, 212, 35,
       183, 85, 11, 74, 132, 170, 249, 226, 26, 207, 209, 180, 198, 159,
       117, 148, 187, 40, 156, 119, 140, 171, 251, 211, 209, 70, 111, 62,
       241, 55, 81, 220, 59, 215, 29, 223, 222, 57, 151, 95, 237, 52, 2,
       71, 121, 69, 72, 251, 231, 115, 105, 184, 65, 126, 167, 14, 227,
       253, 161, 69, 29, 242, 233, 162, 144, 61, 170, 240, 19, 170, 189,
       40, 216, 125, 213, 153, 207, 159, 93, 244, 27, 168, 220, 118, 33,
       205, 187, 211, 145, 182, 111, 114, 247, 95, 93, 158, 251, 87, 12,
       255, 223, 74, 186, 134, 152, 235, 185, 56, 199, 175, 95, 140, 189,
