%YAML:1.0
---
descriptors: !!opencv-matrix
   rows: 50
   cols: 32
   dt: u
   data: [ 178, 9, 34, 136, 29, 71, 208, 70, 141, 4, 232, 11, 10, 156,
       55, 144, 232, 129, 219, 193, 12, 43, 16, 204, 177, 220, 154, 59,
       17, 60, 119, 78, 66, 128, 166, 158, 43, 160, 184, 170, 175, 19,
       74, 147, 236, 238, 60, 110, 243, 127, 59, 141, 2, 133, 142, 247,
       135, 126, 218, 203, 22, 167, 57, 4, 167, 181, 121, 2, 221, 253,
       208, 202, 91, 245, 165, 29, 10, 248, 94, 189, 153, 138, 210, 21,
       191, 107, 124, 150, 27, 89, 21, 127, 219, 77, 222, 214, 24, 0, 78,
       233, 13, 218, 97, 16, 39, 21, 111, 2, 27, 19, 18, 84, 120, 156,
       171, 152, 10, 184, 115, 128, 199, 233, 128, 65, 39, 138, 124, 162,
       38, 40, 226, 73, 92, 167, 202, 74, 83, 177, 120, 74, 0, 136, 117,
       8, 217, 136, 19, 189, 138, 250, 74, 156, 13, 28, 133, 44, 213,
       217, 82, 132, 66, 141, 6, 190, 25, 164, 186, 230, 172, 17, 203, 3,
       172, 251, 32, 64, 224, 35, 251, 195, 22, 9, 154, 247, 147, 116,
       154, 75, 18, 7, 49, 10, 122, 121, 233, 164, 27, 78, 92, 7, 35,
       228, 138, 143, 191, 159, 66, 146, 196, 255, 253, 129, 72, 90, 240,
       136, 243, 225, 141, 187, 36, 44, 22, 122, 17, 143, 75, 237, 178,
       2, 79, 56, 36, 0, 219, 230, 81, 35, 184, 96, 118, 198, 28, 238,
       217, 152, 5, 29, 248, 236, 170, 196, 61, 162, 32, 49, 218, 166,
       185, 184, 155, 65, 25, 207, 155, 55, 128, 185, 12, 143, 106, 19,
       229, 155, 217, 145, 106, 79, 130, 149, 219, 209, 159, 255, 146, 4,
       167, 90, 120, 112, 58, 201, 77, 93, 114, 88, 69, 32, 238, 10, 18,
       149, 32, 100, 104, 148, 202, 248, 8, 35, 241, 128, 87, 233, 128,
       59, 115, 11, 116, 162, 5, 90, 211, 89, 52, 174, 106, 150, 126, 8,
       122, 100, 183, 3, 177, 252, 55, 46, 44, 28, 131, 184, 5, 124, 172,
       190, 54, 64, 152, 208, 105, 25, 116, 232, 30, 184, 141, 197, 84,
       238, 131, 31, 160, 9, 38, 219, 98, 90, 201, 242, 235, 80, 94, 111,
       194, 177, 251, 215, 213, 123, 80, 24, 254, 2, 232, 169, 188, 248,
       189, 237, 85, 143, 131, 29, 172, 25, 182, 249, 66, 26, 201, 50,
       233, 16, 26, 107, 210, 49, 235, 221, 20, 123, 210, 72, 222, 42,
       92, 133, 156, 236, 172, 75, 93, 239, 142, 190, 156, 34, 223, 99,
       97, 75, 163, 83, 237, 32, 80, 73, 11, 146, 217, 215, 127, 29, 144,
       120, 165, 42, 72, 33, 251, 101, 244, 200, 99, 1, 104, 1, 127, 40,
       147, 149, 200, 48, 18, 30, 68, 88, 18, 56, 160, 0, 239, 253, 36,
       73, 194, 138, 198, 35, 60, 172, 57, 106, 121, 237, 82, 250, 103,
       40, 184, 72, 63, 219, 72, 176, 157, 218, 198, 122, 10, 58, 106,
       61, 223, 221, 33, 125, 98, 139, 70, 171, 192, 174, 156, 179, 170,
       233, 53, 134, 190, 23, 0, 25, 180, 179, 64, 75, 163, 115, 105, 17,
       50, 76, 138, 115, 205, 131, 126, 123, 128, 80, 133, 43, 224, 173,
       61, 90, 253, 205, 81, 143, 83, 25, 36, 24, 178, 117, 72, 61, 201,
       146, 114, 24, 122, 110, 242, 183, 79, 218, 84, 123, 210, 8, 214,
       42, 88, 143, 152, 180, 42, 5, 92, 47, 6, 189, 154, 43, 111, 163,
       64, 82, 231, 247, 237, 16, 88, 75, 203, 2, 219, 225, 127, 185,
       160, 224, 173, 11, 170, 184, 98, 216, 95, 245, 153, 71, 139, 93,
       180, 63, 40, 156, 118, 172, 237, 187, 151, 145, 151, 47, 50, 241,
       91, 89, 154, 251, 215, 12, 255, 223, 59, 22, 122, 237, 39, 222,
       249, 115, 109, 76, 254, 231, 59, 15, 182, 240, 238, 181, 151, 165,
       205, 186, 37, 205, 214, 253, 186, 131, 127, 140, 124, 127, 75, 48,
       250, 217, 109, 217, 249, 83, 239, 93, 244, 158, 157, 142, 214,
       239, 239, 161, 255, 157, 151, 125, 242, 209, 95, 217, 250, 235,
       142, 140, 111, 253, 252, 231, 156, 114, 169, 13, 84, 223, 243,
       187, 180, 88, 95, 251, 73, 27, 129, 215, 237, 26, 122, 103, 202,
       50, 251, 203, 117, 61, 226, 240, 234, 11, 70, 249, 142, 154, 169,
       192, 18, 168, 138, 149, 137, 37, 228, 246, 106, 66, 193, 123, 232,
       211, 78, 75, 202, 113, 184, 18, 223, 251, 144, 19, 45, 94, 99,
       176, 148, 156, 13, 221, 0, 136, 203, 176, 160, 72, 234, 208, 108,
       182, 201, 248, 232, 82, 79, 99, 218, 149, 137, 240, 5, 63, 90, 47,
       88, 6, 12, 227, 89, 99, 240, 138, 102, 181, 104, 8, 125, 224, 151,
       67, 136, 16, 18, 24, 68, 122, 82, 184, 136, 46, 238, 253, 36, 65,
       66, 146, 206, 161, 118, 202, 196, 151, 170, 58, 12, 174, 183, 246,
       142, 243, 195, 108, 159, 207, 71, 198, 253, 166, 44, 197, 207,
       162, 154, 102, 221, 151, 175, 253, 156, 84, 86, 251, 144, 186,
       186, 193, 22, 172, 138, 125, 152, 171, 238, 254, 74, 2, 183, 211,
       237, 83, 70, 75, 207, 179, 184, 68, 47, 255, 52, 31, 149, 95, 77,
       163, 209, 161, 242, 43, 41, 27, 62, 161, 74, 232, 149, 35, 192,
       208, 55, 13, 6, 60, 147, 152, 133, 20, 204, 135, 39, 100, 172,
       224, 129, 33, 47, 225, 237, 7, 108, 23, 239, 184, 67, 246, 149,
       12, 216, 104, 223, 175, 24, 68, 115, 239, 197, 112, 125, 232, 70,
       27, 197, 180, 15, 247, 90, 228, 83, 132, 133, 181, 136, 42, 168,
       35, 236, 243, 130, 208, 237, 34, 16, 238, 99, 71, 120, 173, 61,
       205, 71, 135, 140, 246, 219, 80, 140, 36, 137, 4, 240, 187, 18,
       180, 41, 140, 84, 55, 187, 171, 178, 125, 175, 211, 64, 211, 132,
       255, 108, 0, 123, 75, 210, 175, 184, 240, 63, 186, 8, 64, 139, 27,
       184, 189, 30, 244, 225, 173, 124, 119, 181, 27, 246, 89, 63, 251,
       32, 19, 173, 179, 213, 0, 120, 207, 18, 39, 211, 211, 112, 153,
       98, 192, 198, 139, 27, 155, 114, 248, 175, 212, 217, 87, 207, 93,
       20, 183, 44, 159, 246, 238, 230, 179, 151, 149, 151, 11, 50, 241,
       219, 89, 186, 235, 31, 132, 189, 95, 118, 11, 236, 55, 140, 122,
       142, 172, 18, 247, 130, 143, 195, 108, 95, 202, 89, 199, 249, 135,
       157, 65, 239, 162, 156, 103, 223, 149, 173, 255, 220, 84, 78, 231,
       165, 163, 184, 2, 142, 140, 2, 245, 155, 239, 201, 110, 223, 10,
       31, 199, 253, 247, 222, 73, 237, 162, 188, 86, 143, 253, 133, 247,
       151, 84, 79, 227, 164, 163, 172, 27, 202, 156, 34, 252, 147, 237,
       207, 12, 218, 2, 159, 197, 253, 215, 204, 80, 205, 176, 204, 85,
       175, 245, 196, 183, 30, 93, 119, 35, 232, 39, 180, 26, 78, 128,
       104, 228, 139, 237, 195, 104, 222, 210, 86, 197, 237, 231, 156,
       208, 205, 40, 166, 117, 173, 149, 37, 247, 218, 84, 217, 191, 147,
       182, 185, 140, 4, 55, 186, 251, 130, 92, 190, 242, 64, 247, 133,
       103, 124, 12, 243, 77, 146, 103, 185, 176, 62, 58, 8, 64, 131, 13,
       52, 231, 89, 99, 210, 75, 103, 185, 96, 132, 239, 170, 67, 65,
       139, 16, 122, 220, 66, 250, 88, 178, 109, 46, 110, 133, 37, 69,
       101, 187, 198, 226, 152, 188, 22, 186, 201, 172, 80, 243, 185, 27,
       233, 93, 63, 251, 32, 91, 165, 179, 213, 0, 59, 75, 26, 183, 155,
       243, 88, 74, 184, 64, 162, 27, 213, 156, 188, 188, 174, 112, 20,
       175, 218, 222, 150, 61, 247, 252, 211, 107, 193, 103, 252, 33,
       237, 79, 227, 3, 218, 227, 125, 159, 140, 124, 157, 95, 71, 249,
       213, 91, 202, 80, 170, 168, 170, 81, 136, 230, 105, 230, 205, 246,
       55, 215, 248, 242, 199, 67, 175, 241, 62, 34, 79, 254, 157, 183,
       43, 29, 66, 178, 133, 220, 104, 84, 137, 25, 139, 217, 132, 236,
       168, 231, 212, 191, 69, 49, 251, 156, 131, 75, 239, 209, 12, 50,
       223, 190, 146, 164, 39, 253, 247, 21, 237, 85, 142, 112, 149, 143,
       211, 247, 150, 58, 66, 60, 215, 111, 203, 214, 252, 17, 188, 103,
       239, 130, 186, 42, 245, 159, 165, 120, 212, 111, 79, 99, 161, 167,
       45, 31, 74, 152, 35, 228, 131, 205, 207, 76, 89, 130, 148, 197,
       253, 255, 205, 80, 205, 160, 172, 80, 141, 180, 14, 183, 18, 84,
       127, 97, 169, 167, 148, 30, 206, 184, 0, 224, 139, 207, 211, 108,
       91, 226, 92, 196, 253, 231, 221, 240, 221, 168, 253, 101, 175,
       148, 45, 63, 214, 80, 193, 189, 23, 158, 137, 172, 37, 183, 255,
       27, 139, 88, 190, 242, 64, 255, 165, 127, 120, 12, 179, 77, 187,
       231, 153, 178, 90, 90, 10, 68, 131, 45, 119, 241, 72, 163, 24, 23,
