%YAML:1.0
---
descriptors: !!opencv-matrix
   rows: 58
   cols: 32
   dt: u
   data: [ 75, 157, 117, 222, 253, 85, 255, 255, 237, 78, 28, 44, 252,
       126, 182, 247, 167, 99, 223, 175, 245, 11, 60, 255, 119, 62, 238,
       170, 30, 246, 237, 253, 19, 201, 63, 252, 28, 196, 9, 111, 238,
       73, 192, 2, 52, 222, 40, 96, 224, 179, 63, 201, 67, 11, 34, 117,
       241, 168, 58, 200, 16, 0, 33, 106, 18, 26, 111, 189, 2, 226, 185,
       71, 172, 69, 70, 147, 61, 143, 34, 106, 102, 181, 187, 129, 16,
       157, 37, 76, 213, 163, 250, 193, 37, 128, 37, 120, 221, 96, 220,
       181, 139, 122, 53, 152, 122, 182, 39, 156, 207, 35, 75, 223, 51,
       68, 232, 42, 36, 84, 255, 2, 214, 227, 87, 53, 162, 241, 13, 64,
       40, 173, 49, 105, 221, 207, 195, 239, 22, 101, 104, 11, 27, 157,
       80, 16, 153, 154, 19, 25, 90, 58, 120, 31, 125, 205, 5, 108, 243,
       10, 214, 234, 58, 189, 18, 136, 243, 241, 18, 71, 171, 13, 248,
       169, 46, 159, 102, 148, 238, 187, 135, 144, 30, 11, 130, 213, 187,
       212, 18, 123, 146, 6, 175, 207, 184, 141, 100, 247, 215, 250, 254,
       167, 53, 7, 126, 179, 43, 63, 54, 148, 107, 155, 151, 128, 122,
       184, 69, 175, 239, 237, 150, 131, 103, 220, 252, 138, 26, 223,
       102, 95, 23, 210, 110, 247, 245, 70, 78, 135, 105, 111, 182, 229,
       104, 234, 153, 164, 237, 152, 53, 175, 35, 107, 214, 129, 55, 220,
       252, 222, 11, 15, 6, 191, 50, 146, 173, 119, 164, 132, 94, 166,
       237, 98, 179, 199, 102, 103, 58, 236, 100, 137, 37, 237, 230, 227,
       238, 128, 38, 228, 41, 237, 10, 220, 180, 222, 255, 213, 159, 239,
       159, 95, 157, 59, 108, 254, 46, 133, 151, 91, 179, 3, 246, 79,
       122, 255, 123, 95, 94, 187, 22, 94, 141, 223, 249, 251, 104, 108,
       46, 25, 95, 248, 65, 236, 181, 175, 59, 93, 214, 51, 30, 208, 213,
       111, 200, 35, 236, 29, 242, 201, 37, 189, 119, 190, 86, 115, 255,
       251, 104, 102, 174, 24, 222, 185, 235, 248, 189, 175, 75, 156,
       215, 178, 166, 213, 253, 247, 205, 107, 237, 160, 186, 217, 173,
       255, 111, 166, 90, 93, 95, 27, 246, 68, 226, 26, 253, 49, 233,
       248, 55, 237, 109, 111, 215, 183, 38, 245, 253, 237, 129, 249,
       167, 200, 126, 122, 111, 128, 111, 166, 75, 117, 31, 156, 97, 201,
       126, 243, 251, 250, 31, 76, 220, 230, 185, 237, 182, 164, 127,
       187, 151, 239, 203, 170, 102, 255, 182, 93, 171, 170, 127, 239,
       53, 245, 223, 31, 103, 252, 103, 22, 239, 241, 241, 202, 214, 246,
       121, 239, 181, 231, 126, 231, 191, 239, 233, 215, 180, 202, 114,
       107, 238, 128, 47, 244, 241, 241, 27, 221, 115, 222, 254, 215,
       255, 242, 31, 72, 222, 230, 121, 255, 182, 228, 126, 251, 159,
       207, 207, 171, 127, 255, 54, 125, 175, 136, 63, 222, 121, 253,
       187, 219, 126, 252, 110, 211, 253, 117, 213, 76, 244, 230, 121,
       221, 182, 97, 126, 177, 151, 227, 236, 187, 36, 157, 114, 201,
       235, 136, 55, 188, 116, 217, 7, 248, 155, 250, 236, 165, 189, 212,
       174, 27, 17, 80, 188, 211, 232, 107, 167, 27, 23, 91, 19, 5, 154,
       241, 132, 152, 122, 170, 156, 83, 161, 161, 153, 74, 71, 220, 14,
       128, 111, 246, 212, 2, 194, 198, 49, 162, 161, 225, 104, 226, 46,
       202, 233, 143, 6, 175, 176, 162, 250, 8, 61, 184, 56, 40, 60, 87,
       110, 232, 21, 210, 67, 112, 229, 140, 255, 98, 67, 211, 185, 112,
       120, 180, 143, 234, 136, 179, 33, 142, 243, 237, 162, 197, 35,
       171, 124, 35, 11, 174, 144, 213, 126, 19, 185, 127, 90, 163, 148,
       90, 189, 35, 160, 166, 239, 103, 95, 172, 49, 95, 96, 207, 188,
       223, 255, 248, 142, 168, 171, 169, 138, 184, 179, 249, 245, 237,
       185, 215, 31, 89, 84, 21, 188, 159, 96, 108, 239, 59, 179, 17, 51,
       124, 50, 247, 79, 87, 26, 235, 158, 12, 165, 251, 183, 255, 215,
       146, 254, 33, 158, 253, 154, 154, 153, 250, 124, 254, 233, 35,
       255, 115, 151, 227, 243, 71, 138, 235, 56, 14, 239, 190, 189, 123,
       161, 179, 15, 183, 240, 163, 245, 63, 190, 223, 79, 249, 29, 231,
       140, 254, 255, 164, 247, 91, 159, 21, 150, 248, 239, 224, 174, 92,
       143, 231, 142, 239, 137, 215, 75, 221, 102, 222, 239, 92, 189,
       255, 233, 94, 92, 166, 232, 252, 182, 231, 238, 115, 183, 237,
       245, 122, 182, 237, 55, 123, 222, 171, 31, 244, 255, 253, 98, 255,
       250, 196, 254, 82, 191, 255, 139, 201, 188, 239, 60, 188, 246, 2,
       238, 247, 215, 241, 215, 43, 160, 206, 126, 116, 175, 255, 207,
       62, 247, 223, 75, 219, 118, 206, 63, 148, 90, 180, 207, 77, 254,
       231, 104, 206, 182, 244, 230, 165, 253, 197, 199, 169, 183, 253,
       50, 125, 128, 219, 31, 134, 104, 93, 186, 253, 106, 68, 55, 210,
       223, 117, 121, 236, 188, 175, 42, 156, 214, 48, 182, 191, 149,
       209, 239, 155, 164, 255, 58, 93, 173, 243, 111, 134, 254, 127, 31,
       255, 111, 67, 182, 147, 222, 245, 119, 237, 94, 230, 89, 77, 212,
       32, 63, 187, 21, 253, 223, 184, 45, 255, 42, 223, 167, 196, 111,
       134, 240, 253, 245, 89, 94, 110, 12, 133, 67, 48, 196, 0, 227, 78,
       115, 82, 161, 113, 80, 160, 44, 110, 205, 35, 30, 61, 80, 168, 97,
       24, 56, 171, 64, 0, 19, 136, 174, 191, 50, 166, 184, 39, 173, 89,
       194, 151, 252, 238, 54, 75, 231, 39, 61, 149, 54, 205, 3, 237,
       130, 122, 218, 194, 140, 4, 161, 94, 223, 91, 109, 125, 42, 50,
       93, 184, 181, 222, 198, 229, 255, 127, 135, 127, 198, 117, 253,
       110, 237, 197, 231, 40, 226, 251, 97, 154, 46, 245, 36, 117, 67,
       158, 134, 157, 234, 180, 169, 39, 191, 95, 78, 247, 236, 162, 182,
       207, 231, 39, 234, 141, 149, 205, 39, 243, 12, 54, 218, 194, 156,
       68, 185, 221, 45, 180, 224, 91, 213, 253, 225, 222, 87, 125, 125,
       61, 131, 109, 202, 172, 89, 10, 130, 28, 191, 122, 127, 51, 79,
       223, 53, 109, 251, 205, 222, 214, 41, 168, 153, 81, 237, 141, 193,
       207, 74, 185, 52, 72, 178, 153, 212, 186, 137, 26, 82, 24, 19,
       122, 202, 80, 13, 25, 53, 108, 217, 8, 90, 169, 186, 143, 102, 30,
       5, 210, 206, 47, 213, 70, 230, 135, 107, 104, 190, 197, 120, 226,
       43, 239, 236, 233, 39, 253, 34, 122, 210, 1, 119, 252, 124, 76,
       219, 11, 230, 157, 34, 18, 108, 37, 245, 196, 198, 135, 105, 234,
       182, 199, 118, 229, 45, 204, 236, 217, 39, 204, 130, 123, 202,
       129, 38, 164, 109, 76, 218, 25, 230, 20, 3, 90, 125, 49, 233, 196,
       70, 165, 105, 230, 55, 247, 34, 245, 233, 198, 196, 217, 183, 232,
       243, 99, 70, 1, 38, 166, 45, 94, 155, 94, 226, 212, 103, 82, 252,
       119, 185, 202, 214, 246, 41, 191, 183, 239, 127, 253, 183, 175,
       237, 223, 164, 202, 50, 127, 254, 131, 47, 244, 249, 253, 124, 87,
       79, 236, 52, 22, 82, 112, 69, 76, 255, 103, 75, 47, 175, 209, 252,
       148, 142, 226, 205, 179, 49, 140, 242, 225, 162, 134, 59, 175,
       124, 83, 138, 184, 179, 187, 111, 245, 185, 198, 159, 95, 84, 51,
       172, 223, 118, 13, 239, 59, 147, 145, 2, 126, 50, 243, 79, 85,
       154, 235, 214, 12, 53, 251, 131, 170, 148, 213, 124, 147, 184,
       119, 222, 161, 212, 86, 172, 34, 178, 44, 239, 39, 95, 136, 180,
       223, 100, 207, 30, 222, 250, 224, 142, 136, 41, 141, 86, 171, 132,
       151, 156, 136, 38, 161, 190, 21, 155, 247, 236, 98, 200, 198, 113,
       235, 238, 215, 82, 80, 207, 241, 188, 22, 207, 98, 140, 103, 153,
       20, 43, 219, 100, 200, 125, 159, 219, 244, 143, 125, 158, 175, 44,
       29, 182, 164, 142, 177, 223, 85, 198, 169, 97, 253, 127, 93, 169,
       211, 87, 142, 221, 127, 91, 30, 150, 213, 167, 50, 125, 55, 253,
       143, 94, 54, 236, 162, 178, 238, 167, 103, 189, 137, 197, 221,
       163, 226, 130, 119, 222, 131, 174, 244, 185, 13, 90, 18, 86, 148,
       98, 56, 60, 115, 169, 30, 118, 246, 44, 55, 162, 223, 38, 181,
       238, 160, 112, 159, 130, 205, 150, 243, 114, 139, 34, 164, 175,
       133, 72, 18, 214, 69, 98, 88, 181, 99, 233, 38, 119, 44, 142, 58,
       134, 159, 162, 53, 230, 0, 84, 249, 160, 192, 22, 251, 82, 19, 66,
       160, 79, 135, 10, 190, 186, 235, 123, 252, 187, 250, 47, 93, 127,
