%YAML:1.0
---
descriptors: !!opencv-matrix
   rows: 84
   cols: 32
   dt: u
   data: [ 6, 84, 226, 129, 246, 183, 187, 218, 95, 235, 92, 182, 24,
       204, 247, 108, 255, 41, 23, 149, 131, 180, 44, 210, 28, 30, 191,
       166, 149, 221, 117, 245, 49, 160, 142, 28, 90, 3, 0, 107, 22, 163,
       192, 66, 115, 224, 160, 65, 121, 108, 34, 40, 41, 207, 143, 31,
       120, 167, 245, 124, 241, 40, 112, 168, 180, 65, 79, 109, 4, 74,
       71, 96, 100, 164, 242, 2, 83, 1, 177, 113, 120, 196, 46, 234, 104,
       179, 101, 12, 240, 169, 224, 1, 101, 187, 116, 32, 66, 0, 73, 233,
       78, 137, 168, 67, 172, 17, 210, 194, 145, 138, 84, 74, 106, 137,
       123, 157, 2, 62, 199, 64, 20, 40, 154, 0, 53, 8, 33, 136, 5, 224,
       135, 159, 88, 131, 163, 168, 182, 176, 67, 0, 244, 226, 105, 66,
       113, 108, 106, 98, 3, 193, 139, 61, 12, 34, 79, 12, 0, 43, 33,
       160, 67, 0, 97, 193, 108, 137, 232, 67, 173, 17, 176, 235, 157,
       138, 244, 107, 106, 129, 95, 157, 134, 46, 70, 192, 22, 24, 154,
       40, 20, 136, 97, 140, 32, 0, 64, 129, 68, 9, 232, 64, 45, 0, 178,
       2, 130, 10, 5, 90, 106, 129, 78, 137, 8, 35, 64, 192, 148, 152,
       154, 19, 69, 8, 115, 140, 53, 140, 208, 199, 244, 138, 238, 228,
       111, 129, 250, 130, 251, 107, 156, 116, 123, 203, 31, 188, 10,
       186, 77, 239, 254, 222, 135, 68, 231, 250, 240, 168, 182, 197,
       208, 179, 246, 40, 238, 228, 61, 19, 179, 19, 206, 107, 28, 65,
       123, 211, 79, 243, 48, 103, 72, 238, 188, 154, 207, 84, 197, 121,
       243, 128, 38, 109, 71, 203, 206, 11, 174, 232, 172, 34, 219, 2,
       128, 136, 61, 64, 104, 143, 107, 195, 80, 147, 65, 242, 52, 44,
       138, 16, 149, 91, 240, 128, 130, 236, 151, 157, 252, 141, 172,
       231, 190, 19, 120, 82, 172, 178, 96, 67, 235, 123, 106, 129, 98,
       92, 130, 247, 44, 22, 94, 170, 20, 88, 161, 140, 130, 184, 150,
       185, 105, 229, 184, 71, 158, 29, 80, 183, 172, 150, 98, 73, 231,
       59, 179, 145, 18, 92, 18, 209, 141, 16, 218, 235, 144, 12, 165,
       219, 217, 142, 237, 225, 166, 32, 105, 151, 117, 115, 214, 246,
       25, 47, 208, 107, 103, 134, 63, 157, 177, 220, 37, 226, 222, 235,
       254, 192, 173, 192, 240, 121, 19, 209, 10, 254, 52, 133, 204, 247,
       4, 0, 216, 66, 181, 157, 176, 96, 76, 186, 23, 201, 203, 170, 18,
       189, 161, 164, 186, 136, 60, 154, 184, 57, 58, 149, 123, 232, 211,
       99, 17, 107, 5, 65, 236, 179, 13, 191, 34, 113, 254, 155, 151,
       160, 57, 139, 48, 220, 211, 231, 138, 207, 55, 4, 166, 242, 137,
       216, 187, 251, 180, 172, 121, 151, 254, 89, 82, 116, 188, 219,
       240, 104, 167, 43, 63, 28, 179, 140, 50, 241, 204, 251, 58, 192,
       152, 129, 225, 113, 93, 190, 239, 255, 254, 91, 239, 254, 119,
       234, 222, 238, 251, 237, 208, 96, 127, 238, 126, 143, 253, 250,
       239, 255, 254, 239, 247, 128, 239, 250, 240, 249, 253, 156, 239,
       255, 190, 35, 79, 254, 87, 234, 222, 246, 115, 237, 187, 97, 127,
       238, 63, 175, 249, 251, 111, 191, 250, 239, 229, 212, 191, 251,
       240, 113, 2, 149, 24, 169, 151, 227, 178, 171, 12, 1, 90, 3, 196,
       57, 44, 64, 216, 19, 3, 49, 22, 184, 89, 221, 47, 52, 130, 71, 20,
       10, 181, 130, 207, 30, 237, 119, 163, 116, 29, 147, 49, 222, 23,
       245, 221, 61, 211, 239, 135, 118, 181, 14, 165, 84, 188, 162, 75,
       123, 117, 135, 174, 245, 141, 119, 11, 22, 121, 65, 37, 126, 185,
       19, 73, 110, 22, 229, 156, 61, 150, 165, 134, 19, 149, 13, 149,
       184, 52, 194, 70, 95, 48, 131, 206, 204, 29, 119, 139, 170, 222,
       249, 108, 153, 233, 87, 255, 23, 84, 246, 173, 195, 242, 239, 239,
       43, 63, 152, 179, 220, 34, 209, 206, 219, 251, 232, 150, 136, 41,
       169, 7, 86, 115, 197, 102, 30, 239, 56, 57, 234, 119, 230, 221,
       14, 159, 244, 54, 205, 23, 239, 229, 180, 53, 202, 38, 46, 42,
       132, 111, 183, 67, 245, 95, 83, 106, 229, 102, 90, 255, 56, 125,
       204, 87, 162, 89, 31, 159, 96, 126, 157, 63, 239, 193, 144, 165,
       206, 119, 237, 170, 133, 39, 183, 117, 241, 59, 87, 103, 237, 117,
       87, 250, 120, 85, 76, 255, 231, 75, 30, 191, 245, 254, 141, 151,
       231, 237, 179, 53, 206, 178, 255, 163, 134, 127, 175, 120, 213,
       173, 166, 173, 201, 236, 63, 205, 191, 83, 250, 149, 222, 211, 41,
       223, 43, 93, 198, 23, 46, 187, 102, 125, 155, 111, 91, 245, 188,
       223, 253, 208, 240, 176, 2, 111, 229, 20, 66, 225, 96, 100, 132,
       242, 2, 83, 1, 177, 97, 120, 132, 14, 234, 72, 183, 37, 12, 212,
       233, 162, 1, 101, 170, 116, 32, 2, 133, 210, 141, 126, 11, 238,
       236, 159, 144, 184, 10, 238, 234, 52, 64, 251, 193, 79, 227, 96,
       99, 74, 255, 189, 158, 207, 62, 85, 123, 115, 138, 2, 176, 150,
       185, 41, 229, 56, 71, 190, 29, 64, 17, 172, 150, 96, 201, 231, 59,
       171, 144, 18, 92, 2, 81, 141, 16, 26, 107, 144, 0, 173, 155, 203,
       154, 253, 249, 166, 164, 109, 151, 255, 91, 20, 246, 189, 235,
       240, 107, 103, 35, 63, 156, 179, 76, 166, 227, 206, 219, 254, 200,
       174, 192, 193, 121, 253, 112, 253, 227, 45, 95, 87, 152, 67, 254,
       181, 12, 219, 93, 75, 59, 157, 212, 253, 122, 201, 102, 249, 136,
       199, 219, 101, 52, 234, 187, 70, 115, 6, 133, 16, 201, 213, 231,
       178, 202, 14, 1, 74, 3, 196, 56, 44, 64, 217, 27, 19, 177, 18,
       184, 89, 221, 45, 20, 138, 71, 148, 75, 49, 130, 223, 22, 249,
       116, 161, 116, 93, 178, 251, 223, 22, 253, 91, 125, 214, 191, 135,
       119, 181, 23, 189, 68, 186, 162, 203, 219, 125, 143, 174, 245,
       140, 119, 255, 182, 253, 114, 169, 244, 25, 158, 211, 223, 53,
       253, 27, 125, 222, 191, 135, 83, 149, 21, 191, 78, 186, 179, 75,
       219, 117, 255, 238, 196, 222, 127, 170, 184, 182, 248, 111, 229,
       184, 87, 143, 89, 212, 119, 188, 159, 118, 139, 239, 59, 183, 145,
       147, 127, 146, 241, 95, 89, 250, 234, 159, 12, 191, 251, 151, 86,
       66, 141, 118, 19, 174, 88, 31, 234, 91, 231, 93, 110, 191, 196,
       127, 205, 151, 239, 229, 148, 13, 222, 52, 46, 175, 132, 191, 255,
       57, 213, 137, 186, 147, 217, 236, 189, 185, 215, 223, 91, 84, 116,
       188, 179, 224, 237, 231, 59, 54, 28, 179, 252, 226, 241, 207, 219,
       126, 234, 154, 136, 169, 237, 181, 110, 237, 65, 204, 59, 207,
       152, 82, 242, 180, 238, 83, 41, 213, 47, 91, 196, 118, 254, 233,
       118, 109, 154, 94, 10, 229, 180, 253, 249, 80, 228, 129, 2, 92,
       229, 36, 42, 105, 18, 100, 6, 118, 86, 131, 1, 144, 75, 106, 132,
       46, 140, 168, 188, 69, 72, 196, 235, 242, 0, 109, 128, 104, 8,
       130, 176, 146, 187, 99, 229, 56, 66, 158, 29, 81, 51, 172, 215,
       96, 201, 239, 59, 163, 144, 18, 220, 18, 241, 141, 16, 218, 235,
       144, 8, 45, 147, 139, 156, 183, 250, 168, 164, 61, 215, 159, 91,
       16, 116, 188, 255, 240, 107, 231, 115, 63, 24, 179, 79, 50, 243,
       219, 218, 126, 234, 154, 208, 161, 57, 34, 239, 106, 154, 223,
       209, 191, 230, 158, 85, 88, 171, 40, 204, 118, 0, 235, 235, 131,
       199, 118, 122, 46, 255, 127, 22, 159, 235, 85, 93, 191, 222, 177,
       77, 77, 236, 28, 64, 195, 254, 132, 0, 208, 2, 49, 21, 49, 97, 72,
       240, 63, 235, 73, 35, 51, 189, 241, 169, 170, 24, 53, 185, 112,
       40, 1, 28, 122, 94, 82, 229, 179, 242, 92, 65, 124, 6, 112, 241,
       39, 100, 127, 58, 18, 8, 163, 184, 50, 127, 119, 175, 2, 10, 123,
       131, 97, 187, 3, 209, 113, 75, 101, 221, 165, 229, 237, 88, 122,
       66, 168, 156, 244, 228, 106, 56, 18, 202, 195, 56, 118, 213, 37,
       24, 6, 74, 87, 30, 245, 236, 9, 255, 238, 253, 246, 139, 239, 246,
       127, 234, 126, 230, 249, 175, 177, 97, 127, 254, 127, 205, 225,
       248, 103, 255, 254, 239, 119, 128, 111, 249, 240, 249, 134, 96,
       144, 153, 69, 213, 176, 72, 31, 163, 65, 19, 140, 216, 125, 140,
       217, 25, 147, 145, 38, 244, 90, 210, 5, 22, 155, 111, 148, 29, 21,
       134, 27, 86, 106, 197, 118, 18, 255, 116, 61, 238, 94, 230, 89,
       47, 158, 100, 126, 221, 23, 239, 193, 148, 37, 206, 118, 109, 170,
       132, 47, 178, 117, 241, 11, 16, 121, 225, 102, 86, 249, 16, 9,
