%YAML:1.0
---
descriptors: !!opencv-matrix
   rows: 167
   cols: 32
   dt: u
   data: [ 10, 148, 114, 233, 119, 163, 184, 83, 127, 33, 127, 114, 188,
       223, 168, 96, 255, 59, 151, 129, 146, 184, 0, 223, 78, 95, 58,
       194, 247, 130, 161, 131, 3, 151, 96, 153, 242, 145, 184, 119, 95,
       69, 88, 231, 172, 206, 182, 96, 230, 59, 151, 149, 215, 24, 102,
       213, 44, 20, 186, 234, 28, 132, 141, 221, 18, 219, 98, 172, 118,
       128, 190, 101, 172, 72, 216, 231, 44, 142, 182, 192, 110, 163,
       159, 229, 196, 139, 4, 239, 176, 36, 174, 138, 21, 150, 185, 217,
       2, 136, 6, 185, 35, 229, 57, 7, 190, 29, 66, 149, 172, 134, 96,
       72, 231, 59, 187, 149, 18, 220, 147, 209, 197, 48, 218, 195, 144,
       4, 165, 219, 25, 75, 70, 156, 54, 130, 236, 116, 148, 72, 82, 230,
       57, 136, 180, 96, 110, 234, 54, 205, 193, 184, 6, 253, 48, 42,
       182, 128, 61, 152, 49, 153, 32, 133, 59, 243, 213, 173, 240, 103,
       127, 9, 122, 24, 146, 185, 116, 64, 249, 139, 19, 17, 150, 186,
       16, 247, 63, 95, 146, 66, 208, 72, 240, 138, 3, 0, 97, 193, 108,
       137, 232, 67, 236, 17, 176, 227, 157, 138, 244, 75, 106, 33, 91,
       157, 2, 58, 70, 192, 4, 24, 154, 40, 20, 136, 97, 128, 19, 107,
       198, 165, 150, 139, 236, 198, 14, 224, 90, 199, 133, 136, 209, 0,
       110, 238, 55, 221, 214, 248, 197, 224, 172, 0, 174, 192, 173, 220,
       145, 132, 151, 15, 64, 187, 222, 177, 234, 243, 188, 64, 152, 215,
       173, 106, 183, 193, 111, 163, 31, 191, 182, 11, 76, 255, 60, 13,
       175, 232, 189, 197, 185, 148, 76, 93, 154, 238, 244, 228, 95, 178,
       40, 142, 92, 32, 255, 243, 41, 80, 214, 123, 21, 66, 16, 130, 154,
       47, 241, 253, 46, 136, 176, 243, 165, 35, 34, 253, 34, 152, 251,
       213, 150, 238, 159, 254, 152, 47, 44, 252, 102, 129, 221, 91, 211,
       99, 246, 107, 26, 255, 59, 87, 221, 191, 87, 124, 182, 223, 198,
       188, 190, 179, 141, 100, 180, 135, 186, 159, 130, 17, 204, 186,
       78, 75, 193, 87, 235, 17, 54, 237, 219, 226, 45, 50, 95, 71, 128,
       84, 173, 78, 14, 126, 250, 152, 239, 227, 155, 206, 159, 175, 28,
       167, 12, 223, 103, 12, 251, 121, 151, 215, 6, 39, 10, 242, 90, 21,
       175, 239, 151, 127, 53, 211, 41, 134, 5, 181, 149, 47, 77, 63, 22,
       169, 78, 68, 183, 35, 16, 225, 73, 14, 30, 24, 57, 216, 81, 28,
       237, 223, 183, 16, 154, 200, 208, 40, 83, 159, 74, 135, 178, 130,
       58, 55, 44, 97, 91, 231, 61, 38, 160, 64, 102, 55, 191, 132, 145,
       153, 5, 239, 188, 36, 190, 192, 44, 130, 161, 25, 40, 203, 232,
       67, 228, 219, 253, 53, 70, 228, 94, 163, 225, 173, 246, 0, 26, 42,
       163, 13, 192, 184, 111, 157, 110, 15, 181, 161, 119, 190, 220,
       248, 19, 137, 111, 134, 150, 130, 236, 119, 36, 192, 91, 194, 57,
       46, 176, 96, 110, 163, 31, 141, 217, 153, 37, 205, 48, 46, 254,
       128, 45, 146, 177, 120, 40, 148, 123, 120, 244, 207, 127, 255,
       124, 11, 124, 16, 93, 91, 40, 112, 191, 26, 23, 42, 114, 188, 48,
       119, 111, 207, 48, 68, 82, 128, 228, 163, 57, 65, 123, 77, 116,
       71, 239, 112, 84, 0, 126, 2, 83, 25, 176, 32, 120, 156, 6, 234,
       233, 178, 53, 14, 119, 175, 160, 4, 119, 155, 248, 160, 10, 133,
       18, 169, 247, 227, 58, 35, 28, 5, 74, 131, 204, 63, 32, 192, 214,
       59, 147, 177, 22, 152, 17, 221, 47, 244, 138, 195, 150, 14, 181,
       131, 47, 81, 120, 229, 103, 94, 251, 56, 1, 236, 117, 167, 89, 29,
       151, 164, 158, 21, 151, 111, 197, 176, 101, 140, 71, 217, 32, 134,
       103, 175, 92, 247, 24, 134, 122, 233, 54, 191, 248, 115, 126, 1,
       95, 82, 189, 139, 176, 96, 114, 41, 23, 152, 146, 184, 5, 223,
       207, 239, 58, 193, 182, 138, 113, 129, 111, 51, 241, 18, 235, 124,
       189, 156, 171, 127, 53, 253, 140, 254, 223, 62, 135, 83, 247, 87,
       151, 66, 250, 240, 94, 89, 127, 255, 206, 213, 143, 215, 3, 133,
       105, 171, 244, 145, 184, 119, 94, 65, 88, 195, 185, 14, 62, 96,
       126, 11, 147, 149, 151, 152, 37, 245, 108, 29, 186, 192, 149, 142,
       177, 220, 18, 133, 10, 172, 148, 130, 232, 111, 20, 1, 219, 66,
       89, 251, 56, 64, 122, 175, 23, 185, 18, 155, 5, 221, 248, 109,
       170, 192, 61, 138, 177, 128, 147, 28, 127, 85, 50, 234, 61, 55,
       124, 202, 94, 240, 253, 55, 144, 101, 38, 119, 61, 141, 225, 220,
       53, 78, 229, 46, 250, 128, 36, 240, 37, 121, 43, 177, 232, 75,
       221, 253, 187, 207, 75, 121, 61, 10, 152, 221, 94, 36, 153, 27,
       211, 217, 151, 58, 250, 241, 111, 93, 29, 127, 211, 15, 223, 246,
       34, 133, 193, 203, 244, 167, 224, 107, 94, 1, 121, 66, 208, 105,
       60, 192, 89, 170, 19, 153, 27, 186, 65, 150, 13, 188, 186, 192,
       213, 74, 240, 160, 155, 219, 71, 157, 54, 144, 236, 116, 148, 72,
       82, 230, 57, 138, 176, 229, 110, 232, 62, 205, 203, 189, 6, 253,
       48, 41, 186, 128, 61, 152, 48, 25, 19, 75, 74, 172, 126, 128, 190,
       117, 164, 8, 216, 231, 53, 142, 176, 65, 110, 161, 31, 231, 205,
       139, 6, 237, 176, 225, 174, 136, 61, 144, 177, 153, 220, 73, 83,
       228, 38, 10, 111, 112, 165, 170, 242, 34, 31, 3, 161, 91, 38, 244,
       76, 234, 105, 181, 0, 40, 240, 232, 99, 128, 99, 177, 39, 41, 141,
       204, 95, 243, 52, 142, 235, 48, 116, 192, 83, 70, 213, 64, 177,
       97, 54, 44, 30, 47, 161, 180, 61, 31, 236, 175, 39, 196, 108, 170,
       17, 33, 73, 56, 123, 88, 87, 245, 177, 82, 110, 80, 76, 2, 60,
       151, 247, 120, 98, 56, 19, 217, 131, 24, 182, 125, 87, 9, 10, 40,
       190, 1, 53, 250, 50, 184, 40, 188, 63, 215, 146, 234, 30, 238,
       152, 171, 108, 252, 38, 128, 221, 115, 223, 65, 76, 43, 91, 255,
       147, 87, 155, 187, 21, 110, 61, 223, 6, 121, 170, 150, 239, 213,
       190, 197, 159, 233, 88, 171, 172, 252, 119, 0, 223, 123, 179, 209,
       84, 91, 154, 226, 59, 20, 159, 171, 157, 126, 159, 223, 34, 38,
       232, 137, 253, 49, 240, 79, 95, 213, 124, 135, 8, 169, 119, 141,
       75, 10, 131, 29, 6, 122, 70, 208, 14, 25, 149, 47, 223, 204, 126,
       222, 7, 92, 179, 219, 242, 177, 191, 198, 30, 11, 88, 50, 188,
       158, 229, 104, 231, 59, 147, 17, 131, 156, 32, 243, 36, 22, 62,
       194, 148, 89, 161, 191, 30, 127, 234, 130, 246, 227, 158, 214, 14,
       228, 28, 231, 108, 239, 231, 8, 127, 123, 151, 215, 134, 179, 44,
       250, 122, 5, 175, 163, 183, 255, 53, 211, 151, 93, 6, 155, 157,
       199, 166, 67, 220, 130, 209, 22, 164, 218, 55, 73, 232, 34, 27,
       211, 116, 237, 18, 238, 161, 208, 206, 3, 20, 57, 185, 134, 217,
       157, 21, 247, 191, 219, 68, 39, 125, 107, 38, 58, 254, 49, 128,
       231, 162, 102, 110, 8, 121, 248, 113, 189, 175, 250, 84, 18, 58,
       72, 208, 46, 19, 159, 74, 158, 146, 130, 58, 115, 172, 65, 91,
       231, 125, 230, 160, 64, 102, 187, 151, 199, 209, 153, 12, 253,
       184, 44, 170, 192, 45, 131, 161, 17, 2, 181, 161, 65, 215, 253,
       163, 106, 78, 101, 89, 142, 240, 252, 92, 36, 61, 154, 51, 145,
       147, 58, 125, 247, 29, 20, 139, 230, 213, 79, 149, 247, 31, 142,
       136, 187, 178, 160, 106, 183, 58, 5, 93, 215, 141, 235, 218, 64,
       119, 11, 23, 157, 150, 152, 204, 215, 236, 101, 190, 196, 188,
       198, 185, 208, 255, 110, 104, 200, 140, 39, 206, 222, 83, 242,
       176, 223, 19, 72, 117, 58, 89, 192, 95, 255, 174, 39, 77, 154,
       242, 79, 165, 188, 253, 253, 114, 80, 2, 133, 2, 129, 145, 231,
       178, 99, 14, 5, 74, 1, 172, 54, 34, 68, 209, 27, 131, 49, 22, 152,
       17, 223, 173, 20, 138, 67, 144, 70, 45, 14, 15, 22, 98, 129, 118,
       19, 186, 88, 61, 236, 91, 231, 77, 78, 190, 196, 118, 29, 151,
       165, 165, 144, 5, 206, 54, 46, 171, 196, 47, 174, 41, 213, 218,
       18, 113, 248, 47, 148, 217, 80, 139, 89, 148, 245, 29, 159, 246,
       110, 230, 17, 157, 145, 135, 15, 162, 209, 211, 217, 186, 138, 22,
       132, 37, 87, 164, 77, 128, 151, 213, 34, 6, 175, 20, 131, 139, 18,
       64, 98, 105, 73, 89, 198, 2, 226, 120, 94, 73, 238, 60, 134, 223,
       5, 144, 123, 184, 8, 14, 34, 226, 136, 69, 243, 248, 64, 111, 192,
