%YAML:1.0
---
descriptors: !!opencv-matrix
   rows: 188
   cols: 32
   dt: u
   data: [ 109, 111, 161, 69, 52, 30, 70, 184, 97, 232, 63, 204, 211, 33,
       217, 183, 28, 68, 100, 110, 201, 240, 205, 40, 174, 249, 101, 52,
       74, 191, 74, 53, 1, 93, 131, 191, 28, 133, 175, 118, 142, 192,
       200, 71, 189, 250, 49, 192, 196, 107, 59, 205, 195, 137, 18, 253,
       181, 62, 158, 8, 24, 121, 49, 136, 77, 73, 71, 103, 176, 14, 111,
       53, 124, 224, 107, 196, 243, 35, 145, 112, 50, 100, 108, 110, 201,
       152, 61, 46, 228, 255, 36, 0, 74, 178, 192, 56, 52, 111, 221, 103,
       178, 42, 103, 188, 54, 170, 250, 96, 243, 99, 137, 16, 127, 254,
       108, 106, 105, 244, 201, 46, 236, 174, 101, 4, 97, 243, 66, 169,
       5, 205, 134, 151, 148, 155, 38, 232, 214, 178, 71, 2, 224, 224,
       169, 109, 121, 110, 34, 106, 96, 208, 63, 63, 45, 38, 71, 4, 144,
       122, 49, 172, 66, 32, 7, 169, 110, 11, 168, 104, 172, 32, 194,
       195, 204, 136, 53, 192, 242, 13, 123, 101, 64, 147, 135, 220, 148,
       48, 11, 26, 12, 14, 49, 128, 126, 101, 230, 198, 205, 86, 206,
       192, 65, 230, 143, 139, 67, 108, 95, 142, 88, 244, 241, 227, 76,
       227, 253, 232, 59, 106, 205, 53, 231, 127, 126, 212, 63, 247, 232,
       70, 211, 95, 87, 252, 3, 228, 61, 175, 91, 125, 219, 180, 62, 220,
       213, 127, 205, 50, 253, 156, 127, 77, 37, 245, 111, 255, 222, 117,
       63, 91, 114, 202, 119, 149, 106, 240, 69, 72, 247, 102, 105, 223,
       255, 244, 126, 232, 151, 238, 205, 179, 44, 232, 54, 93, 130, 139,
       127, 175, 120, 253, 212, 190, 220, 247, 182, 42, 255, 255, 63,
       179, 251, 255, 255, 111, 152, 75, 127, 215, 127, 178, 120, 253,
       201, 238, 252, 175, 255, 212, 229, 249, 241, 1, 138, 137, 22, 187,
       221, 217, 176, 103, 223, 81, 64, 19, 172, 216, 38, 233, 200, 43,
       187, 17, 54, 123, 82, 245, 7, 83, 26, 107, 18, 12, 153, 142, 138,
       170, 0, 187, 211, 129, 184, 207, 30, 17, 88, 243, 172, 203, 98,
       128, 251, 43, 147, 149, 22, 30, 10, 243, 46, 21, 158, 235, 152,
       12, 171, 139, 21, 69, 91, 175, 22, 66, 239, 56, 52, 224, 123, 198,
       213, 119, 185, 96, 118, 205, 53, 239, 193, 144, 61, 14, 244, 175,
       171, 132, 45, 179, 33, 240, 71, 255, 236, 243, 236, 60, 254, 183,
       255, 251, 190, 254, 217, 47, 212, 111, 239, 215, 127, 159, 243,
       122, 239, 225, 190, 223, 255, 252, 142, 221, 251, 153, 159, 22,
       245, 247, 230, 42, 253, 127, 125, 243, 255, 246, 221, 47, 156,
       123, 127, 215, 63, 189, 177, 252, 45, 194, 254, 255, 254, 196,
       175, 244, 229, 241, 237, 98, 185, 245, 237, 13, 117, 216, 203,
       250, 52, 72, 159, 209, 73, 59, 137, 68, 110, 94, 193, 103, 250, 0,
       199, 217, 117, 60, 194, 249, 66, 163, 171, 205, 98, 159, 124, 147,
       238, 254, 87, 76, 220, 167, 169, 206, 182, 228, 122, 234, 183,
       207, 239, 190, 110, 255, 54, 125, 175, 169, 63, 156, 248, 221,
       253, 75, 127, 100, 44, 14, 79, 248, 225, 238, 182, 76, 83, 121,
       81, 91, 92, 228, 125, 110, 232, 227, 249, 136, 243, 251, 229, 52,
       99, 251, 82, 99, 253, 237, 252, 111, 190, 75, 223, 252, 23, 230,
       255, 139, 67, 237, 27, 80, 95, 206, 127, 110, 252, 243, 127, 63,
       122, 239, 69, 21, 247, 251, 196, 72, 171, 108, 126, 255, 108, 169,
       249, 254, 255, 218, 244, 156, 189, 207, 215, 59, 239, 235, 127,
       207, 227, 239, 230, 243, 86, 255, 250, 168, 79, 209, 99, 217, 181,
       125, 109, 99, 140, 15, 199, 248, 68, 224, 189, 78, 83, 81, 217,
       51, 28, 192, 93, 110, 201, 227, 125, 60, 243, 201, 101, 52, 109,
       251, 82, 241, 11, 155, 55, 249, 125, 149, 185, 247, 223, 29, 120,
       86, 188, 255, 116, 224, 207, 59, 55, 9, 147, 58, 114, 245, 47,
       223, 186, 234, 90, 8, 165, 185, 48, 89, 107, 236, 22, 195, 223,
       112, 132, 204, 220, 163, 115, 221, 176, 96, 126, 184, 23, 239,
       201, 179, 36, 29, 243, 173, 171, 128, 53, 187, 116, 243, 26, 94,
       122, 191, 118, 147, 191, 246, 156, 198, 254, 166, 109, 238, 183,
       224, 126, 249, 151, 227, 228, 151, 46, 255, 118, 239, 171, 137,
       55, 255, 125, 217, 67, 249, 91, 175, 124, 201, 251, 117, 239, 73,
       253, 234, 253, 222, 182, 96, 110, 175, 127, 193, 199, 43, 238,
       253, 254, 249, 175, 248, 28, 138, 161, 217, 100, 172, 130, 158,
       220, 131, 166, 235, 22, 162, 64, 90, 96, 226, 105, 89, 121, 238,
       34, 170, 96, 75, 154, 63, 60, 6, 223, 108, 152, 120, 48, 136, 104,
       237, 178, 26, 217, 221, 87, 230, 187, 93, 236, 8, 46, 245, 67, 52,
       201, 250, 242, 82, 78, 74, 250, 183, 251, 213, 21, 123, 66, 31,
       198, 238, 10, 173, 42, 187, 247, 241, 190, 231, 31, 71, 92, 163,
       172, 237, 34, 128, 239, 123, 147, 129, 86, 152, 42, 255, 239, 87,
       158, 235, 22, 92, 189, 218, 218, 124, 150, 180, 11, 220, 20, 71,
       185, 146, 166, 25, 174, 159, 103, 251, 162, 51, 249, 0, 101, 77,
       146, 224, 211, 243, 94, 43, 10, 84, 47, 26, 49, 103, 99, 73, 86,
       91, 231, 121, 85, 224, 120, 226, 83, 0, 148, 164, 126, 200, 6,
       106, 233, 178, 101, 222, 52, 12, 33, 0, 111, 186, 242, 165, 49,
       65, 99, 76, 84, 7, 227, 120, 84, 64, 251, 66, 83, 200, 181, 96,
       120, 172, 22, 239, 201, 179, 36, 28, 48, 44, 161, 4, 125, 171,
       112, 164, 109, 48, 241, 227, 237, 63, 73, 152, 11, 187, 181, 92,
       219, 111, 93, 186, 221, 196, 127, 62, 155, 102, 251, 208, 207,
       221, 197, 124, 211, 235, 82, 176, 2, 32, 118, 201, 78, 137, 168,
       64, 238, 49, 210, 130, 132, 136, 116, 74, 238, 157, 123, 145, 2,
       187, 199, 209, 20, 32, 154, 96, 69, 8, 49, 128, 60, 237, 82, 254,
       93, 205, 71, 232, 247, 196, 237, 8, 106, 243, 39, 148, 248, 232,
       2, 234, 73, 51, 26, 255, 119, 253, 133, 43, 115, 55, 110, 162,
       207, 250, 253, 248, 236, 137, 127, 248, 191, 222, 180, 236, 255,
       207, 223, 123, 255, 249, 255, 215, 226, 103, 234, 255, 222, 219,
       111, 250, 22, 189, 7, 225, 75, 191, 245, 253, 60, 189, 248, 59,
       239, 217, 188, 109, 188, 254, 214, 118, 135, 59, 255, 29, 151,
       105, 226, 223, 206, 223, 191, 250, 142, 132, 67, 127, 6, 253, 18,
       190, 211, 231, 182, 226, 159, 130, 120, 3, 108, 250, 37, 192, 255,
       123, 130, 210, 34, 186, 26, 255, 59, 246, 15, 11, 209, 127, 33,
       139, 200, 169, 127, 249, 236, 137, 236, 191, 255, 56, 182, 122,
       191, 203, 212, 115, 235, 231, 127, 216, 243, 111, 239, 245, 254,
       251, 255, 248, 20, 136, 193, 169, 129, 150, 239, 117, 20, 14, 225,
       59, 118, 235, 122, 116, 243, 56, 144, 97, 119, 174, 54, 45, 249,
       252, 245, 31, 76, 174, 247, 132, 237, 232, 80, 121, 122, 233, 50,
       170, 25, 217, 82, 232, 143, 4, 168, 9, 46, 218, 102, 150, 200,
       241, 237, 81, 78, 11, 202, 177, 155, 213, 13, 123, 82, 14, 14, 78,
       209, 91, 95, 172, 50, 194, 127, 52, 172, 72, 210, 231, 247, 94,
       161, 113, 118, 245, 60, 231, 237, 137, 5, 45, 240, 233, 234, 144,
       44, 178, 33, 25, 203, 51, 189, 250, 185, 253, 25, 95, 191, 93,
       189, 125, 190, 158, 230, 188, 135, 59, 255, 21, 151, 75, 250, 243,
       195, 221, 58, 250, 158, 196, 143, 127, 245, 223, 205, 245, 244,
       46, 111, 191, 112, 234, 90, 246, 115, 97, 153, 112, 117, 238, 53,
       172, 249, 212, 229, 14, 108, 175, 229, 132, 173, 248, 208, 121,
       53, 93, 105, 100, 140, 15, 71, 252, 68, 234, 190, 110, 83, 113,
       153, 35, 29, 196, 92, 110, 201, 163, 125, 46, 240, 141, 37, 148,
       109, 251, 208, 49, 90, 185, 157, 176, 137, 253, 20, 143, 171, 49,
       136, 9, 174, 190, 64, 218, 129, 83, 233, 17, 30, 75, 218, 241,
       153, 215, 95, 127, 128, 64, 143, 30, 175, 121, 116, 199, 125, 223,
       254, 240, 77, 228, 244, 15, 106, 92, 31, 165, 254, 241, 255, 227,
       237, 111, 121, 253, 63, 91, 199, 187, 87, 191, 94, 223, 117, 109,
       217, 102, 170, 6, 79, 188, 32, 168, 187, 104, 87, 243, 201, 114,
       118, 214, 124, 238, 73, 3, 233, 40, 249, 237, 101, 188, 40, 243,
       194, 33, 251, 114, 249, 100, 33, 92, 89, 24, 59, 254, 119, 188,
       159, 156, 214, 189, 150, 157, 245, 79, 205, 116, 178, 192, 194,
