%YAML:1.0
---
descriptors: !!opencv-matrix
   rows: 121
   cols: 32
   dt: u
   data: [ 10, 221, 50, 155, 245, 213, 182, 231, 31, 13, 88, 19, 172,
       158, 46, 196, 251, 27, 147, 17, 118, 152, 48, 247, 47, 85, 30, 67,
       18, 12, 189, 207, 249, 81, 111, 237, 102, 86, 111, 117, 101, 72,
       246, 230, 121, 63, 182, 117, 126, 244, 55, 238, 201, 146, 53, 204,
       118, 233, 226, 128, 47, 178, 116, 121, 206, 58, 247, 244, 239,
       116, 185, 82, 169, 222, 180, 179, 140, 191, 247, 111, 239, 245,
       255, 211, 164, 71, 162, 224, 95, 89, 255, 171, 135, 245, 39, 247,
       182, 32, 103, 205, 44, 67, 201, 89, 87, 140, 214, 2, 89, 217, 157,
       4, 122, 141, 55, 169, 200, 246, 231, 219, 19, 56, 139, 132, 103,
       172, 118, 160, 223, 54, 230, 150, 235, 112, 24, 17, 169, 223, 151,
       191, 76, 238, 215, 223, 167, 245, 253, 151, 180, 199, 166, 192,
       218, 115, 203, 159, 166, 229, 63, 87, 165, 161, 25, 131, 236, 237,
       145, 79, 138, 59, 57, 56, 158, 220, 72, 11, 143, 27, 83, 17, 83,
       98, 202, 81, 77, 24, 61, 126, 208, 74, 131, 163, 177, 143, 85, 71,
       20, 26, 230, 180, 116, 33, 251, 66, 243, 40, 148, 229, 104, 198,
       6, 104, 169, 184, 109, 45, 44, 239, 112, 64, 109, 138, 208, 172,
       81, 157, 31, 101, 48, 46, 71, 176, 100, 40, 234, 76, 247, 51, 128,
       114, 16, 230, 108, 106, 201, 161, 81, 45, 225, 237, 32, 16, 104,
       227, 64, 41, 60, 20, 126, 127, 7, 102, 213, 115, 85, 150, 255, 18,
       83, 57, 55, 41, 123, 254, 19, 42, 168, 246, 113, 142, 67, 235,
       112, 1, 103, 233, 96, 226, 39, 84, 103, 95, 108, 123, 229, 186,
       205, 210, 79, 210, 209, 116, 189, 111, 75, 84, 50, 42, 225, 244,
       127, 236, 5, 58, 215, 4, 86, 249, 85, 244, 5, 43, 155, 161, 180,
       132, 170, 19, 46, 137, 91, 224, 149, 163, 208, 96, 118, 47, 22,
       220, 147, 152, 133, 64, 236, 172, 174, 192, 140, 130, 161, 161,
       129, 171, 155, 249, 176, 140, 41, 23, 62, 9, 114, 80, 181, 163,
       192, 80, 54, 43, 46, 24, 50, 216, 3, 19, 236, 164, 50, 192, 152,
       128, 163, 169, 99, 179, 156, 188, 108, 149, 176, 216, 143, 216,
       176, 101, 252, 220, 239, 2, 220, 121, 255, 85, 199, 99, 218, 209,
       78, 121, 43, 190, 88, 46, 9, 215, 96, 169, 130, 152, 220, 129,
       196, 107, 18, 1, 225, 9, 34, 224, 100, 16, 217, 170, 34, 0, 90,
       43, 202, 19, 57, 4, 149, 59, 81, 8, 118, 138, 84, 228, 134, 155,
       95, 105, 98, 200, 182, 19, 227, 27, 70, 195, 73, 94, 121, 196,
       106, 146, 10, 103, 203, 115, 157, 166, 147, 95, 161, 27, 38, 130,
       164, 44, 29, 149, 94, 43, 162, 105, 124, 162, 99, 82, 213, 98, 0,
       75, 121, 44, 74, 42, 49, 244, 205, 78, 20, 2, 99, 36, 64, 105, 67,
       160, 51, 127, 98, 142, 86, 242, 190, 71, 13, 196, 218, 163, 41,
       236, 183, 164, 126, 187, 151, 149, 198, 186, 36, 237, 48, 36, 158,
       131, 229, 94, 189, 221, 3, 20, 18, 156, 103, 213, 184, 103, 28,
       143, 85, 51, 172, 190, 102, 132, 238, 59, 147, 129, 20, 62, 146,
       195, 23, 20, 26, 171, 19, 12, 41, 159, 57, 3, 71, 237, 84, 2, 107,
       120, 53, 132, 210, 198, 115, 3, 176, 65, 126, 172, 31, 236, 233,
       178, 101, 140, 244, 174, 163, 132, 47, 170, 112, 248, 75, 148,
       252, 245, 162, 58, 60, 182, 60, 123, 86, 240, 221, 63, 128, 251,
       167, 87, 189, 169, 181, 220, 101, 230, 198, 255, 126, 198, 174,
       240, 137, 25, 43, 181, 225, 129, 247, 243, 175, 143, 95, 231, 88,
       247, 136, 188, 222, 228, 95, 79, 179, 149, 151, 250, 253, 242, 44,
       30, 159, 230, 247, 76, 241, 221, 2, 220, 146, 159, 81, 213, 184,
       39, 31, 7, 70, 19, 172, 190, 38, 196, 209, 59, 147, 145, 118, 156,
       51, 223, 47, 118, 30, 67, 146, 12, 173, 206, 188, 34, 116, 237,
       93, 15, 193, 120, 195, 160, 240, 11, 75, 201, 125, 20, 216, 156,
       103, 41, 136, 119, 195, 157, 87, 248, 129, 63, 119, 168, 86, 130,
       55, 73, 234, 206, 84, 211, 239, 208, 85, 204, 124, 138, 113, 205,
       183, 36, 126, 232, 23, 239, 200, 179, 44, 232, 119, 13, 167, 136,
       117, 187, 116, 252, 186, 32, 99, 237, 45, 51, 232, 75, 85, 170,
       210, 18, 9, 141, 180, 237, 250, 141, 255, 169, 168, 183, 229, 218,
       23, 120, 154, 134, 119, 140, 116, 172, 155, 95, 98, 30, 115, 146,
       190, 112, 181, 68, 214, 247, 105, 206, 183, 213, 118, 173, 151,
       231, 229, 157, 36, 239, 50, 105, 170, 129, 111, 181, 45, 221, 134,
       58, 251, 241, 239, 228, 185, 82, 187, 158, 214, 179, 140, 191,
       117, 11, 239, 127, 255, 147, 144, 215, 162, 224, 95, 89, 251, 171,
       135, 101, 39, 243, 110, 178, 248, 80, 235, 253, 177, 91, 171, 255,
       189, 191, 14, 188, 78, 190, 175, 151, 247, 17, 150, 99, 186, 208,
       95, 93, 93, 255, 199, 76, 143, 215, 94, 54, 238, 146, 235, 112,
       184, 67, 169, 223, 151, 191, 76, 238, 214, 223, 167, 165, 253,
       149, 180, 71, 174, 192, 30, 115, 223, 239, 135, 229, 191, 215,
       102, 36, 217, 98, 244, 111, 202, 136, 123, 243, 177, 88, 222, 120,
       93, 27, 155, 213, 85, 51, 49, 102, 216, 66, 157, 158, 65, 118,
       205, 107, 67, 130, 71, 16, 165, 71, 173, 126, 173, 42, 204, 242,
       175, 0, 210, 116, 157, 238, 201, 86, 122, 10, 129, 97, 127, 192,
       133, 62, 219, 20, 196, 123, 85, 116, 95, 87, 107, 43, 114, 86,
       127, 176, 33, 76, 127, 229, 93, 22, 135, 240, 246, 221, 149, 230,
       201, 144, 161, 110, 227, 253, 174, 130, 42, 183, 39, 113, 104,
       122, 186, 80, 105, 220, 81, 87, 235, 93, 52, 45, 58, 158, 214,
       190, 133, 59, 213, 12, 135, 11, 178, 209, 67, 221, 48, 171, 194,
       4, 207, 255, 254, 88, 102, 142, 79, 84, 159, 96, 137, 222, 149,
       175, 72, 220, 55, 15, 238, 229, 215, 231, 204, 39, 186, 200, 83,
       121, 203, 187, 7, 63, 118, 215, 26, 134, 30, 184, 51, 166, 56, 99,
       189, 9, 91, 147, 237, 239, 32, 192, 247, 59, 159, 144, 54, 157, 1,
       207, 219, 247, 154, 195, 128, 0, 169, 3, 143, 106, 122, 224, 102,
       157, 249, 80, 173, 24, 117, 194, 157, 139, 245, 106, 238, 41, 31,
       79, 194, 55, 166, 192, 86, 89, 170, 168, 87, 187, 97, 161, 177,
       71, 71, 237, 86, 10, 111, 121, 117, 224, 243, 230, 83, 3, 144, 85,
       122, 140, 30, 238, 233, 180, 101, 14, 244, 234, 226, 128, 47, 170,
       112, 120, 201, 6, 69, 199, 162, 58, 110, 55, 125, 226, 123, 242,
       217, 38, 148, 109, 119, 214, 62, 174, 241, 148, 229, 206, 36, 174,
       250, 128, 175, 242, 225, 41, 57, 70, 199, 69, 66, 58, 110, 62,
       101, 226, 250, 226, 83, 34, 149, 246, 126, 212, 38, 234, 137, 180,
       101, 78, 54, 174, 227, 132, 111, 243, 98, 173, 42, 173, 115, 216,
       213, 241, 235, 79, 31, 5, 124, 10, 40, 205, 118, 20, 121, 187,
       131, 144, 26, 58, 114, 247, 31, 84, 145, 107, 247, 14, 246, 238,
       48, 89, 107, 206, 84, 212, 207, 116, 81, 4, 244, 2, 49, 223, 181,
       100, 120, 184, 23, 202, 202, 171, 52, 173, 115, 173, 162, 136, 55,
       154, 116, 248, 47, 182, 66, 11, 247, 179, 170, 200, 95, 105, 125,
       239, 72, 200, 255, 164, 255, 136, 146, 255, 151, 178, 12, 214, 30,
       28, 129, 239, 223, 79, 122, 133, 209, 82, 127, 236, 46, 10, 79,
       48, 96, 202, 246, 230, 247, 43, 147, 115, 118, 229, 61, 238, 233,
       149, 229, 10, 240, 235, 234, 144, 45, 179, 96, 113, 10, 157, 48,
       155, 255, 241, 184, 111, 31, 29, 92, 179, 172, 254, 38, 196, 255,
       59, 179, 129, 54, 216, 3, 247, 47, 87, 154, 203, 150, 76, 173,
       223, 15, 149, 131, 155, 245, 247, 174, 203, 95, 75, 89, 82, 204,
       252, 188, 236, 249, 11, 146, 145, 183, 152, 61, 211, 44, 22, 159,
       198, 150, 110, 177, 197, 134, 205, 180, 151, 149, 163, 190, 175,
       30, 151, 75, 19, 236, 106, 47, 73, 209, 123, 163, 34, 112, 220,
       27, 255, 111, 86, 223, 7, 148, 127, 149, 10, 79, 158, 245, 247,
       178, 58, 60, 183, 61, 91, 91, 240, 253, 46, 156, 239, 55, 87, 63,
       141, 177, 220, 109, 227, 142, 254, 254, 192, 174, 225, 129, 61,
       55, 89, 99, 222, 86, 215, 239, 208, 86, 196, 220, 130, 113, 220,
       183, 100, 126, 232, 23, 223, 137, 178, 62, 254, 53, 44, 175, 136,
