%YAML:1.0
---
descriptors: !!opencv-matrix
   rows: 204
   cols: 32
   dt: u
   data: [ 63, 155, 115, 202, 119, 151, 122, 208, 77, 72, 255, 110, 106,
       157, 189, 244, 254, 184, 150, 222, 203, 187, 44, 248, 54, 124,
       130, 131, 127, 143, 106, 189, 33, 123, 123, 69, 116, 139, 103,
       112, 116, 132, 126, 238, 83, 5, 148, 52, 126, 184, 6, 106, 201,
       178, 101, 44, 100, 140, 32, 0, 101, 139, 86, 233, 90, 189, 51,
       184, 139, 252, 16, 71, 171, 87, 168, 25, 174, 159, 98, 216, 163,
       179, 221, 0, 30, 75, 146, 241, 211, 241, 26, 123, 130, 68, 175,
       91, 109, 79, 69, 69, 36, 26, 103, 188, 101, 226, 110, 76, 211, 33,
       149, 245, 80, 196, 76, 110, 201, 176, 109, 12, 166, 250, 101, 20,
       106, 243, 82, 36, 100, 205, 132, 158, 220, 131, 38, 232, 22, 179,
       128, 10, 96, 226, 105, 65, 121, 238, 34, 122, 112, 67, 74, 63, 60,
       6, 199, 124, 144, 123, 56, 128, 238, 249, 118, 222, 237, 213, 190,
       233, 143, 252, 181, 11, 236, 221, 126, 135, 238, 243, 255, 227,
       246, 99, 250, 253, 63, 89, 207, 191, 87, 63, 255, 247, 25, 191,
       95, 37, 146, 142, 103, 182, 116, 168, 106, 228, 179, 35, 129, 112,
       38, 102, 108, 76, 241, 152, 69, 46, 228, 239, 52, 128, 104, 192,
       0, 41, 50, 32, 206, 141, 92, 3, 194, 104, 30, 176, 192, 74, 64,
       232, 117, 64, 89, 236, 107, 225, 10, 243, 203, 221, 28, 34, 205,
       52, 53, 42, 112, 128, 4, 140, 150, 151, 213, 139, 166, 232, 158,
       147, 66, 2, 228, 224, 41, 201, 121, 110, 34, 16, 34, 248, 11, 255,
       173, 38, 223, 70, 144, 120, 49, 138, 11, 106, 166, 212, 93, 157,
       238, 242, 233, 192, 118, 74, 189, 237, 119, 167, 172, 105, 123,
       79, 193, 255, 178, 232, 55, 89, 199, 40, 66, 189, 123, 172, 175,
       249, 112, 250, 237, 221, 254, 252, 31, 120, 244, 47, 236, 221,
       255, 165, 254, 251, 223, 199, 231, 119, 123, 255, 55, 89, 143,
       187, 95, 191, 121, 255, 49, 233, 74, 234, 116, 145, 75, 212, 23,
       12, 220, 102, 51, 201, 176, 64, 122, 168, 6, 222, 74, 186, 8, 191,
       242, 141, 162, 232, 61, 138, 120, 137, 40, 141, 59, 251, 85, 237,
       241, 103, 31, 69, 108, 18, 188, 191, 34, 96, 249, 59, 147, 0, 50,
       184, 48, 191, 103, 255, 18, 67, 83, 8, 229, 234, 56, 29, 127, 254,
       85, 247, 247, 114, 213, 204, 254, 2, 123, 255, 33, 96, 252, 251,
       151, 226, 105, 187, 58, 191, 243, 239, 163, 9, 51, 235, 100, 243,
       239, 254, 253, 247, 236, 122, 254, 191, 255, 251, 191, 246, 217,
       47, 214, 239, 239, 199, 255, 155, 247, 126, 239, 226, 190, 223,
       255, 228, 207, 253, 251, 221, 16, 85, 107, 236, 118, 66, 111, 124,
       4, 232, 215, 162, 81, 23, 176, 96, 126, 253, 23, 234, 201, 147,
       49, 12, 241, 169, 170, 128, 37, 179, 116, 115, 79, 250, 248, 254,
       252, 157, 127, 252, 191, 223, 181, 189, 238, 255, 223, 91, 223,
       115, 255, 199, 246, 107, 250, 255, 190, 223, 127, 250, 158, 253,
       135, 213, 249, 72, 255, 237, 36, 110, 111, 18, 116, 202, 246, 66,
       243, 51, 177, 123, 98, 228, 124, 238, 233, 181, 117, 42, 210, 235,
       226, 16, 45, 249, 112, 40, 11, 186, 247, 255, 254, 141, 235, 249,
       254, 89, 83, 102, 253, 250, 240, 98, 111, 111, 127, 29, 147, 216,
       239, 241, 220, 255, 255, 224, 156, 138, 129, 249, 79, 255, 253,
       243, 188, 253, 254, 181, 255, 123, 188, 237, 255, 254, 223, 191,
       135, 243, 255, 223, 215, 73, 234, 245, 254, 223, 255, 250, 142,
       247, 203, 119, 15, 187, 247, 251, 126, 249, 185, 248, 175, 89, 89,
       230, 252, 254, 252, 96, 239, 59, 127, 21, 131, 75, 234, 245, 222,
       93, 107, 234, 156, 138, 33, 241, 85, 81, 75, 167, 86, 70, 239,
       120, 52, 192, 91, 199, 81, 119, 25, 64, 118, 205, 55, 239, 225,
       144, 29, 14, 244, 172, 171, 132, 45, 179, 33, 241, 109, 176, 245,
       227, 237, 45, 89, 152, 43, 255, 189, 92, 223, 123, 93, 30, 221,
       223, 127, 156, 155, 98, 251, 208, 207, 216, 215, 124, 138, 203,
       66, 240, 141, 98, 189, 117, 45, 45, 113, 216, 235, 190, 52, 88,
       159, 193, 89, 58, 141, 76, 110, 94, 129, 102, 242, 0, 199, 219,
       117, 60, 194, 249, 67, 163, 252, 16, 253, 106, 44, 105, 83, 152,
       87, 59, 181, 56, 211, 127, 45, 123, 88, 212, 253, 114, 59, 103,
       251, 176, 211, 251, 97, 61, 243, 251, 68, 50, 14, 169, 151, 190,
       153, 193, 20, 237, 190, 179, 128, 9, 236, 246, 104, 155, 201, 115,
       235, 208, 30, 75, 218, 241, 185, 214, 223, 127, 144, 54, 175, 10,
       253, 85, 127, 228, 45, 15, 79, 248, 225, 172, 190, 76, 83, 249,
       49, 123, 220, 228, 125, 110, 232, 227, 249, 140, 243, 235, 229,
       20, 99, 251, 82, 99, 72, 253, 147, 186, 221, 204, 23, 167, 223,
       93, 236, 24, 190, 247, 98, 244, 193, 126, 232, 80, 82, 107, 250,
       183, 249, 247, 22, 123, 130, 28, 164, 106, 66, 174, 148, 154, 139,
       185, 20, 175, 251, 147, 132, 25, 174, 243, 68, 223, 129, 115, 232,
       17, 54, 75, 202, 241, 155, 18, 85, 127, 146, 84, 139, 14, 204, 50,
       188, 241, 40, 76, 57, 25, 170, 190, 183, 185, 159, 183, 66, 91,
       167, 21, 237, 2, 0, 69, 227, 64, 207, 243, 123, 253, 128, 32, 7,
       115, 181, 125, 125, 103, 158, 47, 199, 252, 68, 234, 189, 106, 83,
       117, 137, 34, 93, 214, 92, 106, 233, 163, 105, 46, 251, 141, 37,
       148, 105, 251, 194, 33, 117, 223, 73, 231, 148, 38, 79, 188, 0,
       234, 219, 70, 83, 115, 153, 114, 125, 206, 21, 238, 249, 146, 253,
       46, 250, 175, 165, 148, 189, 251, 208, 113, 107, 149, 177, 85,
       237, 125, 85, 159, 123, 123, 44, 24, 174, 53, 79, 190, 129, 78,
       248, 8, 183, 88, 243, 179, 143, 255, 85, 63, 146, 69, 222, 126,
       138, 169, 150, 157, 113, 214, 188, 71, 188, 31, 82, 19, 172, 142,
       52, 207, 238, 59, 179, 129, 102, 217, 19, 201, 21, 18, 218, 131,
       6, 68, 173, 223, 72, 184, 184, 248, 249, 236, 16, 3, 187, 159,
       101, 57, 174, 191, 66, 24, 133, 59, 229, 17, 18, 94, 210, 98, 207,
       213, 30, 107, 128, 64, 143, 147, 149, 221, 239, 94, 212, 39, 207,
       252, 118, 130, 223, 194, 113, 249, 189, 113, 127, 222, 55, 235,
       249, 215, 63, 127, 123, 47, 239, 196, 173, 243, 240, 33, 47, 126,
       118, 223, 109, 151, 254, 252, 223, 78, 244, 167, 236, 222, 183,
       236, 255, 253, 255, 199, 230, 247, 123, 255, 182, 254, 159, 187,
       23, 159, 109, 223, 70, 168, 150, 159, 89, 130, 168, 168, 190, 145,
       66, 0, 228, 226, 76, 66, 113, 111, 106, 144, 34, 216, 203, 125,
       12, 50, 207, 69, 128, 32, 41, 132, 48, 164, 135, 156, 156, 3, 198,
       235, 94, 163, 160, 90, 114, 224, 64, 1, 57, 238, 106, 41, 40, 239,
       207, 31, 184, 38, 93, 92, 193, 40, 98, 8, 62, 95, 122, 238, 183,
       87, 95, 248, 5, 204, 254, 167, 75, 253, 51, 64, 254, 253, 159,
       227, 204, 187, 33, 188, 243, 253, 166, 147, 119, 190, 124, 219,
       218, 60, 150, 180, 11, 252, 20, 103, 187, 146, 166, 25, 174, 191,
       34, 219, 163, 51, 253, 0, 44, 77, 146, 240, 211, 243, 90, 59, 10,
       84, 47, 26, 49, 103, 115, 77, 86, 11, 239, 124, 85, 224, 120, 226,
       115, 5, 156, 164, 126, 248, 6, 234, 233, 178, 101, 14, 52, 12, 33,
       0, 111, 186, 82, 173, 126, 113, 114, 238, 57, 221, 87, 232, 169,
       204, 181, 10, 78, 222, 47, 180, 248, 249, 223, 98, 76, 35, 250,
       221, 179, 209, 135, 63, 83, 62, 38, 119, 187, 249, 118, 249, 253,
       221, 254, 252, 223, 120, 244, 143, 110, 253, 22, 181, 254, 251,
       223, 231, 239, 123, 122, 253, 191, 217, 199, 191, 87, 190, 239,
       255, 36, 160, 142, 188, 90, 131, 34, 232, 22, 176, 64, 10, 101,
       226, 105, 65, 89, 108, 34, 112, 98, 210, 203, 29, 60, 38, 207, 45,
       49, 42, 56, 130, 49, 69, 107, 108, 92, 3, 195, 120, 84, 64, 251,
       66, 83, 72, 181, 96, 120, 172, 6, 239, 201, 179, 101, 30, 48, 172,
       33, 4, 125, 170, 112, 164, 8, 148, 58, 249, 85, 229, 177, 111, 30,
       5, 76, 18, 60, 159, 42, 96, 249, 59, 147, 16, 50, 184, 50, 215,
       79, 255, 18, 67, 211, 8, 245, 234, 114, 32, 19, 204, 74, 3, 168,
       72, 236, 32, 242, 138, 0, 138, 52, 64, 122, 157, 107, 225, 8, 163,
