%YAML:1.0
---
descriptors: !!opencv-matrix
   rows: 173
   cols: 32
   dt: u
   data: [ 181, 207, 205, 254, 142, 35, 78, 252, 215, 146, 185, 210, 115,
       224, 249, 99, 89, 226, 46, 238, 253, 99, 110, 170, 248, 206, 231,
       60, 181, 251, 240, 32, 47, 239, 98, 142, 85, 147, 202, 248, 87,
       196, 89, 207, 104, 204, 191, 164, 92, 168, 151, 239, 206, 178,
       108, 255, 54, 28, 139, 170, 95, 175, 120, 196, 29, 81, 235, 69,
       102, 86, 239, 248, 97, 202, 246, 230, 89, 93, 183, 102, 126, 236,
       23, 238, 201, 183, 189, 200, 118, 105, 167, 132, 111, 183, 114,
       241, 8, 187, 186, 105, 248, 173, 249, 215, 239, 13, 124, 12, 188,
       239, 226, 16, 166, 59, 87, 24, 146, 56, 178, 113, 111, 221, 54,
       232, 210, 130, 199, 249, 159, 123, 66, 135, 102, 18, 238, 240, 49,
       232, 223, 231, 73, 108, 183, 167, 62, 236, 151, 239, 205, 147,
       173, 236, 50, 121, 239, 128, 47, 191, 120, 213, 10, 221, 50, 155,
       215, 209, 190, 231, 31, 5, 94, 163, 172, 222, 38, 196, 251, 59,
       147, 209, 86, 152, 26, 255, 46, 118, 158, 67, 23, 30, 189, 206,
       15, 177, 113, 227, 253, 125, 248, 153, 79, 121, 61, 191, 220, 95,
       222, 44, 191, 27, 223, 53, 151, 96, 251, 209, 207, 89, 31, 254,
       158, 142, 129, 247, 94, 120, 243, 244, 103, 124, 251, 210, 233,
       222, 182, 163, 157, 191, 213, 62, 239, 245, 255, 211, 129, 247,
       164, 224, 223, 255, 239, 139, 199, 245, 39, 247, 38, 177, 57, 83,
       233, 237, 144, 73, 235, 249, 57, 125, 158, 220, 76, 27, 141, 27,
       197, 17, 146, 98, 218, 80, 15, 24, 21, 127, 192, 74, 198, 247, 40,
       240, 49, 249, 253, 205, 177, 207, 222, 57, 48, 25, 182, 157, 108,
       136, 137, 27, 195, 17, 19, 46, 82, 181, 77, 22, 16, 123, 216, 12,
       215, 251, 159, 150, 234, 197, 114, 27, 184, 123, 61, 194, 86, 231,
       93, 126, 191, 228, 119, 157, 159, 173, 165, 149, 37, 206, 222,
       127, 235, 135, 47, 172, 41, 213, 209, 143, 155, 117, 176, 142,
       107, 55, 118, 137, 98, 84, 247, 99, 128, 80, 50, 110, 44, 12, 177,
       216, 133, 47, 236, 174, 38, 64, 168, 160, 129, 40, 5, 163, 155,
       241, 244, 140, 104, 19, 126, 137, 91, 68, 149, 131, 208, 232, 119,
       46, 54, 156, 147, 152, 129, 64, 236, 173, 191, 192, 140, 130, 161,
       161, 1, 206, 23, 249, 36, 174, 101, 182, 124, 26, 114, 112, 183,
       51, 160, 105, 53, 42, 38, 10, 97, 252, 1, 63, 196, 174, 114, 0, 8,
       216, 65, 169, 148, 162, 134, 153, 76, 41, 160, 200, 238, 51, 128,
       83, 134, 128, 105, 75, 233, 136, 106, 17, 6, 103, 203, 81, 156, 0,
       91, 127, 209, 89, 41, 134, 129, 171, 27, 249, 240, 137, 41, 87,
       126, 17, 98, 112, 181, 131, 224, 81, 34, 58, 14, 88, 50, 220, 130,
       95, 236, 128, 50, 104, 0, 128, 161, 169, 43, 177, 228, 16, 233,
       249, 209, 87, 235, 125, 60, 141, 11, 172, 214, 174, 143, 34, 213,
       21, 151, 107, 54, 177, 75, 91, 80, 251, 199, 204, 206, 247, 45,
       249, 209, 69, 228, 95, 238, 244, 113, 234, 250, 104, 90, 124, 157,
       180, 223, 222, 22, 120, 201, 178, 113, 174, 46, 254, 37, 134, 207,
       251, 218, 181, 145, 131, 99, 173, 86, 2, 107, 121, 117, 132, 210,
       198, 115, 99, 176, 85, 122, 172, 31, 238, 233, 178, 5, 142, 244,
       238, 163, 132, 47, 170, 112, 112, 203, 80, 252, 181, 162, 10, 125,
       182, 57, 115, 86, 244, 221, 59, 138, 123, 39, 69, 127, 141, 181,
       220, 117, 224, 198, 235, 126, 132, 174, 244, 139, 89, 2, 157, 148,
       155, 255, 241, 188, 75, 31, 23, 89, 179, 172, 254, 38, 204, 239,
       59, 179, 145, 54, 152, 26, 247, 13, 22, 26, 203, 150, 76, 173,
       159, 130, 57, 18, 153, 97, 213, 188, 71, 175, 12, 92, 33, 172,
       154, 103, 132, 230, 59, 179, 1, 70, 152, 2, 211, 7, 20, 26, 139,
       18, 68, 45, 207, 49, 203, 106, 232, 22, 130, 231, 245, 197, 5,
       250, 70, 19, 137, 176, 64, 122, 200, 14, 207, 202, 187, 4, 181,
       250, 237, 174, 64, 61, 154, 240, 136, 50, 24, 246, 253, 87, 214,
       248, 98, 73, 204, 240, 131, 40, 30, 55, 197, 234, 169, 151, 209,
       132, 186, 16, 204, 7, 250, 218, 131, 87, 44, 119, 223, 130, 88,
       18, 251, 125, 196, 185, 66, 159, 29, 80, 51, 172, 223, 33, 72,
       197, 57, 187, 145, 34, 156, 18, 247, 141, 182, 154, 202, 144, 9,
       37, 187, 41, 249, 123, 110, 116, 199, 75, 116, 65, 76, 124, 40,
       51, 213, 177, 48, 92, 184, 22, 106, 201, 186, 112, 61, 103, 141,
       32, 136, 113, 155, 102, 249, 124, 73, 250, 238, 254, 208, 95, 80,
       197, 132, 254, 2, 113, 231, 183, 112, 122, 252, 55, 202, 152, 171,
       38, 232, 115, 237, 166, 137, 55, 187, 116, 115, 138, 221, 162,
       153, 213, 199, 188, 199, 31, 7, 82, 19, 140, 158, 38, 192, 255,
       59, 147, 145, 118, 156, 81, 215, 47, 54, 158, 195, 146, 92, 189,
       222, 33, 185, 105, 201, 252, 201, 235, 247, 79, 105, 124, 106,
       179, 221, 176, 36, 90, 58, 22, 88, 211, 184, 100, 189, 111, 28,
       166, 232, 119, 138, 210, 249, 217, 68, 87, 229, 38, 114, 236, 59,
       116, 226, 243, 246, 217, 26, 149, 99, 118, 149, 62, 170, 229, 148,
       37, 206, 166, 233, 234, 132, 47, 240, 41, 21, 90, 248, 247, 86,
       11, 82, 25, 160, 163, 240, 166, 8, 123, 247, 69, 242, 162, 245,
       248, 192, 73, 201, 187, 104, 155, 243, 197, 27, 34, 34, 38, 126,
       37, 188, 225, 209, 244, 235, 171, 155, 94, 227, 120, 246, 129,
       184, 212, 44, 91, 78, 54, 29, 151, 254, 253, 227, 12, 30, 183,
       228, 207, 204, 209, 253, 83, 73, 167, 142, 13, 86, 110, 232, 229,
       76, 202, 2, 98, 254, 63, 246, 248, 229, 125, 231, 205, 3, 175,
       233, 177, 126, 203, 150, 20, 55, 52, 108, 116, 96, 130, 153, 79,
       233, 96, 202, 47, 51, 234, 10, 166, 195, 73, 92, 121, 136, 106,
       146, 10, 55, 203, 81, 149, 132, 147, 63, 177, 89, 98, 130, 49, 39,
       75, 109, 22, 27, 194, 120, 116, 96, 250, 230, 243, 72, 153, 96,
       120, 172, 78, 232, 205, 186, 101, 31, 244, 237, 35, 16, 125, 170,
       120, 136, 54, 37, 196, 170, 157, 43, 194, 74, 79, 161, 169, 11,
       199, 40, 13, 16, 248, 143, 111, 49, 8, 179, 73, 156, 184, 246,
       139, 119, 245, 107, 82, 6, 19, 31, 67, 158, 116, 150, 234, 114,
       116, 200, 91, 231, 113, 238, 179, 224, 126, 234, 23, 207, 237,
       152, 45, 239, 60, 46, 174, 128, 45, 167, 120, 221, 57, 89, 107,
       205, 102, 86, 239, 112, 97, 200, 246, 162, 121, 125, 183, 100,
       126, 252, 183, 238, 201, 179, 53, 204, 119, 105, 226, 128, 103,
       190, 116, 249, 187, 0, 97, 205, 125, 19, 232, 91, 85, 236, 212,
       50, 9, 29, 180, 229, 122, 140, 23, 173, 169, 190, 101, 206, 22,
       122, 139, 142, 119, 172, 112, 229, 19, 4, 234, 229, 54, 54, 248,
       91, 124, 227, 222, 147, 29, 46, 182, 232, 255, 157, 159, 165, 173,
       157, 53, 206, 146, 111, 250, 132, 45, 192, 57, 221, 126, 49, 241,
       96, 251, 255, 177, 81, 171, 253, 61, 189, 14, 157, 206, 190, 167,
       157, 213, 17, 151, 113, 184, 208, 95, 93, 33, 247, 199, 111, 143,
       247, 91, 23, 124, 165, 178, 42, 188, 55, 60, 226, 90, 183, 157,
       62, 18, 65, 166, 151, 125, 161, 244, 152, 65, 78, 222, 239, 58,
       133, 44, 192, 169, 25, 94, 50, 234, 144, 227, 112, 184, 81, 171,
       223, 151, 191, 76, 238, 214, 222, 167, 181, 253, 149, 148, 195,
       166, 192, 30, 113, 203, 239, 167, 229, 175, 87, 102, 36, 249, 99,
       236, 105, 218, 200, 107, 179, 185, 25, 143, 57, 93, 26, 159, 213,
       85, 51, 185, 102, 216, 66, 159, 220, 1, 126, 205, 227, 67, 135,
       181, 79, 101, 71, 148, 30, 230, 180, 100, 66, 123, 70, 243, 96,
       157, 225, 120, 230, 10, 110, 233, 176, 125, 47, 37, 170, 70, 0,
       105, 219, 208, 172, 44, 86, 61, 127, 108, 47, 245, 190, 69, 62,
       125, 112, 218, 123, 13, 27, 141, 84, 71, 42, 168, 246, 121, 29,
       71, 219, 113, 20, 83, 251, 70, 163, 44, 25, 252, 125, 141, 110,
       245, 27, 197, 159, 255, 0, 218, 121, 29, 106, 73, 86, 123, 40,
       152, 240, 115, 0, 71, 191, 80, 4, 195, 233, 244, 162, 32, 177, 57,
       139, 237, 237, 149, 79, 142, 57, 57, 121, 158, 156, 76, 136, 141,
       27, 211, 17, 211, 106, 90, 145, 77, 17, 53, 126, 208, 72, 211,
