%YAML:1.0
---
descriptors: !!opencv-matrix
   rows: 149
   cols: 32
   dt: u
   data: [ 142, 188, 164, 153, 175, 118, 184, 206, 159, 223, 150, 23,
       140, 252, 119, 239, 239, 215, 255, 149, 182, 79, 243, 226, 15,
       115, 223, 215, 151, 125, 61, 215, 134, 148, 190, 218, 173, 245,
       188, 222, 159, 95, 212, 183, 236, 254, 63, 239, 239, 19, 191, 131,
       166, 101, 58, 247, 143, 91, 223, 155, 150, 93, 189, 215, 27, 164,
       18, 235, 54, 163, 184, 115, 126, 33, 123, 114, 188, 250, 176, 96,
       191, 59, 22, 153, 147, 184, 0, 223, 140, 206, 58, 194, 247, 130,
       161, 161, 59, 222, 106, 222, 116, 145, 235, 240, 87, 72, 124, 230,
       57, 204, 183, 96, 126, 168, 151, 205, 203, 190, 38, 255, 118, 77,
       170, 168, 127, 158, 112, 249, 3, 183, 104, 171, 214, 145, 184,
       119, 30, 65, 88, 231, 173, 142, 182, 96, 110, 27, 151, 149, 151,
       24, 116, 247, 108, 20, 154, 233, 189, 4, 189, 221, 3, 129, 1, 137,
       180, 195, 174, 37, 12, 64, 82, 66, 228, 10, 48, 192, 216, 2, 19,
       229, 87, 152, 17, 221, 44, 48, 138, 64, 20, 10, 177, 8, 10, 141,
       16, 169, 215, 227, 186, 171, 14, 5, 90, 131, 140, 63, 32, 196,
       215, 27, 147, 177, 18, 152, 81, 221, 45, 116, 138, 199, 150, 14,
       189, 138, 3, 31, 7, 157, 114, 130, 168, 103, 188, 193, 90, 231,
       164, 34, 180, 197, 230, 47, 59, 133, 165, 152, 21, 221, 12, 54,
       154, 130, 12, 4, 57, 221, 2, 152, 6, 185, 43, 228, 56, 71, 190,
       29, 64, 181, 172, 135, 98, 73, 231, 59, 187, 149, 18, 92, 18, 209,
       133, 48, 218, 235, 144, 4, 165, 219, 27, 91, 70, 189, 118, 146,
       188, 245, 142, 72, 82, 231, 45, 138, 177, 192, 110, 107, 183, 197,
       199, 152, 6, 253, 180, 98, 174, 130, 29, 156, 57, 157, 32, 149,
       58, 243, 213, 173, 244, 247, 127, 13, 110, 21, 144, 185, 116, 64,
       249, 138, 2, 29, 146, 186, 16, 247, 125, 157, 150, 66, 208, 72,
       248, 138, 16, 77, 123, 172, 182, 195, 94, 103, 165, 136, 248, 34,
       55, 191, 49, 80, 254, 187, 31, 225, 73, 139, 32, 111, 243, 173,
       174, 137, 53, 154, 167, 171, 177, 77, 91, 236, 22, 142, 79, 119,
       36, 128, 250, 2, 51, 59, 49, 80, 122, 228, 21, 234, 72, 187, 16,
       46, 241, 173, 164, 128, 109, 186, 96, 170, 132, 41, 155, 248, 212,
       239, 115, 193, 246, 128, 100, 8, 54, 211, 97, 56, 184, 42, 2, 88,
       50, 251, 26, 95, 123, 143, 5, 105, 240, 185, 101, 162, 61, 74,
       204, 96, 150, 51, 76, 218, 19, 246, 180, 255, 83, 108, 219, 191,
       127, 196, 180, 252, 173, 246, 109, 138, 250, 207, 229, 148, 255,
       253, 88, 84, 135, 143, 64, 171, 222, 177, 238, 243, 172, 66, 152,
       247, 173, 106, 183, 197, 111, 163, 31, 191, 182, 11, 76, 255, 60,
       76, 175, 232, 191, 197, 185, 148, 71, 134, 8, 187, 226, 164, 56,
       151, 62, 91, 91, 215, 205, 234, 250, 72, 247, 11, 183, 149, 150,
       24, 142, 215, 108, 55, 190, 204, 156, 70, 185, 81, 64, 121, 217,
       253, 234, 100, 93, 158, 27, 139, 84, 40, 244, 55, 65, 90, 22, 95,
       61, 72, 18, 74, 227, 224, 77, 167, 124, 184, 182, 241, 133, 123,
       56, 83, 115, 104, 242, 155, 182, 117, 229, 4, 124, 234, 11, 204,
       172, 180, 62, 153, 198, 243, 212, 179, 36, 156, 50, 193, 32, 227,
       119, 142, 175, 229, 23, 157, 62, 187, 159, 229, 177, 196, 204, 93,
       219, 23, 28, 156, 46, 105, 235, 27, 59, 209, 23, 187, 63, 244,
       221, 33, 26, 67, 221, 11, 169, 214, 38, 120, 160, 152, 239, 99,
       158, 206, 26, 255, 88, 175, 12, 188, 119, 8, 159, 91, 147, 151,
       22, 91, 154, 210, 25, 22, 159, 175, 149, 127, 183, 223, 11, 82,
       120, 229, 103, 86, 251, 24, 73, 204, 94, 167, 157, 31, 183, 96,
       254, 21, 151, 239, 133, 176, 37, 200, 70, 217, 170, 131, 38, 175,
       29, 243, 174, 36, 224, 183, 207, 113, 189, 200, 27, 247, 21, 187,
       200, 236, 95, 14, 155, 91, 243, 147, 54, 118, 238, 226, 95, 87,
       221, 175, 199, 127, 151, 214, 53, 128, 135, 28, 18, 135, 34, 123,
       22, 163, 194, 86, 115, 240, 160, 73, 121, 108, 40, 40, 41, 203,
       27, 31, 89, 166, 117, 76, 168, 40, 112, 24, 80, 32, 134, 29, 88,
       131, 97, 75, 54, 177, 66, 86, 81, 131, 32, 73, 112, 172, 98, 152,
       1, 216, 147, 21, 28, 162, 243, 68, 41, 0, 64, 136, 25, 140, 90,
       187, 22, 187, 234, 115, 124, 1, 95, 2, 61, 170, 176, 192, 114, 41,
       23, 24, 18, 184, 5, 223, 158, 239, 50, 65, 180, 138, 121, 128,
       111, 178, 240, 82, 235, 125, 188, 222, 171, 127, 53, 253, 12, 254,
       223, 191, 135, 83, 247, 21, 151, 66, 170, 240, 30, 88, 125, 255,
       206, 85, 143, 215, 18, 133, 82, 201, 18, 163, 184, 99, 60, 1, 91,
       146, 29, 239, 168, 64, 126, 187, 19, 184, 18, 153, 20, 223, 60,
       172, 154, 192, 189, 130, 161, 144, 176, 161, 143, 61, 90, 35, 1,
       238, 22, 176, 105, 72, 83, 225, 32, 105, 89, 108, 98, 56, 43, 210,
       203, 29, 77, 162, 117, 36, 48, 43, 2, 168, 2, 136, 134, 189, 17,
       226, 56, 39, 62, 19, 66, 17, 236, 38, 32, 73, 243, 63, 163, 128,
       50, 220, 1, 247, 13, 54, 218, 67, 144, 0, 165, 10, 3, 129, 32,
       139, 244, 145, 186, 119, 30, 65, 88, 211, 185, 14, 190, 96, 126,
       11, 151, 149, 215, 152, 36, 247, 108, 28, 186, 192, 157, 14, 177,
       220, 17, 135, 2, 140, 148, 130, 107, 127, 148, 5, 219, 70, 73,
       227, 184, 64, 122, 174, 31, 189, 154, 155, 4, 223, 184, 172, 170,
       192, 53, 138, 241, 32, 145, 28, 127, 117, 50, 226, 61, 55, 116,
       66, 94, 246, 253, 63, 177, 97, 38, 119, 61, 141, 225, 220, 53, 79,
       231, 174, 250, 128, 44, 240, 37, 121, 47, 177, 184, 75, 221, 245,
       251, 207, 75, 121, 61, 26, 24, 220, 94, 36, 153, 27, 19, 153, 151,
       58, 250, 241, 127, 28, 157, 127, 211, 79, 219, 230, 32, 133, 65,
       235, 244, 163, 232, 83, 86, 9, 121, 242, 209, 104, 188, 224, 89,
       42, 23, 153, 155, 186, 69, 150, 12, 188, 186, 196, 213, 202, 240,
       161, 147, 219, 70, 156, 38, 128, 172, 116, 148, 72, 210, 231, 45,
       202, 176, 193, 110, 169, 63, 197, 199, 141, 6, 253, 176, 96, 190,
       136, 61, 156, 57, 157, 34, 111, 106, 30, 95, 145, 190, 224, 223,
       68, 252, 175, 40, 204, 55, 84, 234, 235, 131, 199, 230, 43, 110,
       255, 54, 60, 139, 187, 85, 63, 126, 206, 25, 248, 59, 200, 87,
       244, 177, 210, 110, 80, 76, 2, 60, 151, 119, 96, 98, 56, 19, 93,
       131, 24, 182, 117, 85, 9, 138, 40, 52, 1, 53, 122, 50, 188, 43,
       156, 63, 199, 146, 226, 30, 234, 152, 175, 108, 189, 39, 0, 221,
       115, 223, 193, 137, 43, 89, 255, 145, 87, 155, 179, 85, 110, 53,
       219, 6, 121, 162, 182, 255, 193, 190, 197, 154, 237, 88, 171, 172,
       252, 119, 2, 221, 123, 147, 209, 80, 91, 154, 226, 57, 20, 159,
       171, 149, 126, 151, 219, 6, 220, 147, 219, 178, 161, 191, 198, 30,
       11, 90, 98, 188, 150, 161, 104, 231, 59, 151, 17, 35, 156, 32,
       243, 36, 22, 62, 194, 156, 89, 165, 187, 22, 127, 234, 130, 246,
       227, 159, 214, 14, 238, 24, 231, 108, 239, 227, 8, 127, 123, 151,
       215, 134, 179, 44, 250, 120, 5, 175, 163, 181, 127, 53, 211, 6,
       222, 83, 219, 50, 161, 187, 214, 62, 1, 90, 227, 157, 151, 161,
       64, 103, 59, 151, 144, 18, 156, 0, 247, 108, 132, 58, 194, 180,
       211, 37, 177, 3, 180, 161, 65, 87, 253, 163, 234, 94, 105, 91,
       254, 224, 252, 124, 36, 61, 219, 51, 145, 147, 58, 61, 247, 29,
       28, 139, 230, 213, 79, 21, 247, 14, 134, 200, 187, 242, 160, 187,
       183, 58, 7, 93, 247, 141, 227, 154, 80, 119, 11, 23, 157, 178,
       152, 140, 215, 236, 229, 190, 228, 188, 198, 171, 208, 137, 136,
       243, 209, 5, 189, 104, 151, 255, 83, 70, 18, 157, 139, 112, 232,
       99, 11, 18, 152, 183, 220, 54, 210, 79, 223, 146, 64, 150, 136,
       225, 168, 64, 128, 132, 149, 57, 174, 32, 35, 172, 35, 194, 17,
       230, 18, 0, 202, 193, 36, 232, 0, 28, 220, 65, 199, 141, 246, 218,
       83, 128, 12, 16, 14, 6, 132, 18, 137, 209, 247, 178, 66, 31, 13,
       75, 17, 140, 22, 34, 196, 209, 27, 131, 17, 22, 156, 81, 223, 45,
       22, 26, 71, 144, 78, 45, 134, 139, 18, 115, 216, 100, 164, 249,
       87, 139, 89, 49, 242, 156, 159, 244, 232, 239, 27, 151, 149, 147,
