%YAML:1.0
---
descriptors: !!opencv-matrix
   rows: 42
   cols: 32
   dt: u
   data: [ 243, 196, 237, 238, 220, 38, 143, 191, 16, 163, 152, 218, 121,
       63, 28, 32, 93, 215, 91, 173, 249, 47, 81, 239, 57, 46, 158, 184,
       77, 248, 242, 56, 106, 138, 230, 28, 173, 248, 240, 7, 251, 87,
       166, 149, 171, 172, 246, 222, 163, 34, 233, 21, 182, 109, 166,
       227, 14, 127, 86, 75, 199, 196, 222, 94, 38, 189, 17, 186, 248,
       137, 162, 239, 142, 33, 120, 107, 164, 219, 104, 128, 217, 187, 3,
       81, 19, 42, 74, 245, 189, 148, 15, 110, 152, 10, 129, 139, 198,
       172, 216, 190, 252, 161, 174, 142, 154, 179, 24, 218, 253, 234,
       88, 2, 179, 111, 123, 145, 50, 73, 142, 243, 172, 22, 159, 236,
       148, 112, 147, 136, 92, 177, 185, 97, 161, 95, 99, 144, 99, 253,
       191, 24, 91, 53, 200, 180, 57, 212, 253, 120, 25, 112, 169, 16,
       255, 221, 37, 116, 195, 131, 198, 115, 40, 187, 152, 91, 185, 253,
       82, 215, 103, 25, 236, 40, 174, 51, 192, 180, 137, 26, 194, 24,
       30, 58, 75, 49, 143, 213, 20, 123, 210, 10, 206, 143, 77, 79, 123,
       103, 52, 10, 111, 176, 97, 200, 126, 236, 243, 97, 145, 115, 18,
       228, 108, 110, 201, 176, 237, 44, 230, 249, 37, 128, 108, 187,
       194, 40, 241, 85, 93, 109, 42, 78, 71, 56, 112, 98, 98, 72, 247,
       55, 129, 115, 118, 212, 60, 106, 233, 144, 253, 9, 229, 171, 97,
       20, 48, 243, 64, 57, 197, 164, 221, 241, 236, 41, 233, 159, 254,
       179, 51, 88, 157, 169, 216, 11, 171, 143, 110, 24, 51, 124, 203,
       210, 204, 154, 127, 108, 204, 200, 131, 160, 120, 13, 125, 110,
       61, 252, 87, 50, 225, 12, 190, 8, 123, 113, 133, 118, 192, 246,
       108, 106, 104, 43, 106, 61, 243, 253, 96, 27, 82, 162, 70, 43,
       234, 188, 188, 88, 169, 253, 17, 135, 187, 95, 164, 61, 46, 191,
       70, 31, 133, 179, 237, 16, 62, 79, 242, 243, 219, 211, 84, 123,
       210, 68, 142, 95, 85, 165, 145, 225, 178, 46, 104, 31, 59, 161,
       107, 80, 223, 51, 200, 244, 183, 31, 60, 184, 51, 216, 145, 66,
       172, 254, 55, 70, 168, 192, 131, 33, 219, 187, 149, 249, 171, 181,
       24, 247, 191, 187, 148, 116, 188, 183, 96, 239, 231, 63, 255, 152,
       179, 73, 211, 240, 157, 219, 127, 250, 154, 64, 169, 185, 50, 22,
       107, 77, 83, 114, 239, 110, 4, 166, 252, 134, 1, 38, 182, 68, 121,
       172, 131, 160, 72, 154, 117, 94, 53, 46, 154, 129, 101, 112, 118,
       252, 221, 13, 199, 85, 176, 26, 101, 183, 119, 242, 230, 80, 211,
       33, 145, 253, 113, 230, 108, 60, 233, 252, 117, 14, 238, 234, 117,
       4, 234, 240, 192, 40, 212, 0, 223, 183, 78, 40, 105, 0, 185, 146,
       179, 90, 223, 235, 73, 91, 107, 229, 111, 138, 40, 71, 207, 194,
       212, 186, 251, 24, 165, 225, 99, 32, 98, 92, 251, 94, 91, 84, 157,
       100, 233, 78, 240, 175, 104, 252, 63, 54, 238, 243, 255, 193, 164,
       43, 178, 235, 51, 62, 26, 187, 69, 20, 103, 127, 205, 255, 26,
       174, 253, 208, 95, 252, 202, 76, 252, 4, 125, 195, 187, 244, 214,
       105, 158, 254, 227, 3, 58, 255, 250, 253, 47, 153, 30, 183, 175,
       241, 16, 27, 125, 161, 18, 203, 185, 55, 44, 5, 86, 135, 189, 15,
       2, 1, 38, 51, 31, 141, 128, 152, 49, 93, 197, 131, 186, 128, 37,
       0, 37, 123, 54, 36, 240, 227, 221, 127, 250, 200, 127, 181, 185,
       27, 206, 88, 93, 190, 187, 221, 223, 51, 28, 115, 217, 210, 159,
       220, 3, 119, 199, 111, 95, 134, 109, 53, 249, 65, 244, 126, 67,
       19, 97, 232, 62, 40, 147, 53, 209, 60, 27, 220, 84, 56, 153, 242,
       245, 10, 111, 221, 37, 68, 230, 242, 82, 33, 3, 146, 151, 221, 58,
       138, 184, 23, 190, 57, 210, 240, 188, 19, 128, 111, 230, 53, 126,
       8, 33, 220, 67, 197, 140, 178, 122, 210, 136, 136, 1, 169, 3, 2,
       159, 185, 82, 175, 185, 87, 190, 17, 66, 210, 189, 135, 48, 73,
       110, 57, 123, 157, 131, 220, 87, 213, 196, 50, 218, 192, 12, 136,
       33, 168, 72, 26, 249, 69, 114, 74, 105, 50, 121, 160, 102, 72,
       191, 55, 128, 118, 38, 252, 36, 8, 129, 184, 240, 74, 71, 253, 48,
       0, 98, 160, 71, 41, 187, 91, 30, 236, 43, 86, 157, 254, 149, 222,
       244, 38, 124, 127, 163, 247, 222, 245, 191, 238, 233, 207, 51,
       204, 242, 235, 239, 151, 59, 180, 44, 121, 221, 94, 63, 236, 43,
       86, 159, 250, 253, 222, 246, 38, 79, 239, 179, 255, 247, 229, 252,
       238, 237, 231, 51, 204, 242, 235, 111, 141, 79, 181, 45, 117, 93,
       50, 182, 229, 175, 126, 123, 216, 107, 239, 191, 46, 94, 127, 223,
       190, 183, 221, 253, 123, 133, 241, 169, 192, 222, 239, 107, 183,
       175, 247, 111, 117, 73, 188, 151, 245, 57, 237, 56, 39, 191, 59,
       170, 92, 190, 178, 64, 243, 135, 55, 124, 0, 51, 217, 210, 199,
       141, 255, 90, 114, 136, 64, 131, 15, 66, 152, 151, 251, 45, 236,
       56, 22, 191, 25, 147, 112, 188, 158, 0, 239, 230, 51, 255, 145,
       19, 205, 210, 241, 133, 242, 250, 203, 136, 0, 37, 59, 114, 96,
       114, 236, 109, 82, 94, 104, 9, 132, 243, 43, 11, 30, 23, 212, 250,
       157, 223, 227, 76, 183, 193, 204, 179, 248, 139, 151, 39, 63, 126,
       134, 131, 146, 151, 215, 48, 172, 57, 23, 188, 19, 67, 212, 188,
       183, 32, 111, 231, 55, 122, 8, 179, 220, 51, 231, 133, 190, 90,
       66, 138, 128, 129, 184, 252, 233, 104, 102, 60, 11, 87, 184, 83,
       172, 181, 9, 83, 73, 81, 16, 24, 204, 68, 106, 200, 50, 204, 62,
       251, 201, 37, 61, 103, 187, 90, 2, 66, 181, 151, 242, 185, 236,
       49, 103, 191, 27, 107, 16, 188, 182, 32, 246, 165, 51, 234, 0, 51,
       201, 146, 231, 153, 246, 90, 75, 8, 64, 133, 47, 120, 233, 216,
       103, 48, 30, 86, 188, 34, 169, 174, 9, 243, 97, 130, 18, 144, 228,
       108, 104, 76, 184, 201, 44, 251, 237, 37, 17, 96, 178, 202, 10,
       182, 1, 82, 224, 85, 79, 90, 72, 9, 164, 251, 11, 11, 26, 55, 212,
       250, 149, 151, 242, 12, 183, 81, 204, 147, 216, 130, 87, 119, 15,
       126, 134, 233, 207, 109, 101, 116, 10, 231, 180, 96, 160, 126,
       204, 243, 1, 144, 241, 122, 228, 70, 110, 201, 176, 101, 45, 102,
       233, 160, 128, 111, 186, 82, 168, 49, 207, 103, 109, 20, 10, 111,
       52, 117, 64, 250, 198, 115, 8, 148, 101, 122, 236, 22, 238, 237,
       176, 101, 159, 164, 174, 160, 0, 109, 186, 112, 44, 66, 181, 159,
       218, 155, 252, 49, 103, 254, 91, 79, 16, 188, 246, 44, 118, 167,
       51, 234, 0, 51, 201, 178, 247, 153, 182, 90, 75, 8, 64, 165, 63,
       15, 86, 107, 138, 118, 246, 186, 216, 93, 72, 95, 102, 88, 220,
       191, 224, 254, 249, 183, 247, 133, 183, 60, 239, 23, 63, 171, 206,
       63, 167, 121, 213, 158, 68, 96, 247, 231, 126, 126, 183, 113, 231,
       119, 147, 89, 63, 159, 237, 127, 223, 149, 174, 248, 244, 125,
       238, 103, 255, 246, 133, 231, 253, 252, 211, 249, 79, 106, 69, 84,
       26, 231, 52, 96, 228, 254, 170, 115, 1, 147, 53, 120, 228, 78,
       238, 233, 178, 101, 47, 118, 169, 160, 128, 103, 186, 90, 232,
       177, 237, 71, 79, 20, 27, 230, 253, 68, 224, 250, 78, 115, 88,
       180, 161, 120, 168, 86, 111, 237, 186, 125, 29, 54, 9, 165, 148,
       125, 170, 218, 156 ]
