%YAML:1.0
---
descriptors: !!opencv-matrix
   rows: 39
   cols: 32
   dt: u
   data: [ 38, 164, 240, 195, 253, 109, 176, 9, 95, 51, 57, 27, 206, 120,
       92, 136, 187, 27, 223, 17, 150, 120, 223, 210, 15, 28, 31, 127,
       212, 78, 199, 134, 41, 237, 26, 78, 241, 150, 102, 237, 253, 1,
       236, 0, 106, 242, 62, 112, 216, 110, 66, 106, 76, 171, 12, 127,
       115, 253, 6, 9, 82, 86, 234, 142, 53, 86, 111, 207, 100, 38, 239,
       120, 84, 202, 127, 102, 81, 105, 189, 109, 124, 236, 23, 238, 233,
       182, 45, 204, 86, 42, 225, 132, 111, 251, 112, 241, 133, 164, 221,
       241, 236, 169, 233, 91, 254, 179, 49, 90, 157, 163, 216, 43, 35,
       7, 110, 24, 51, 124, 207, 210, 204, 155, 119, 100, 220, 200, 131,
       161, 83, 190, 149, 217, 173, 165, 185, 215, 159, 187, 156, 116,
       156, 179, 228, 239, 167, 63, 127, 25, 179, 75, 130, 240, 157, 218,
       127, 250, 154, 64, 169, 169, 194, 170, 190, 26, 203, 244, 157,
       199, 251, 95, 180, 31, 44, 238, 102, 95, 231, 163, 239, 149, 150,
       79, 170, 243, 91, 123, 94, 251, 211, 68, 239, 79, 124, 117, 121,
       101, 180, 79, 71, 61, 112, 164, 254, 8, 211, 53, 129, 48, 26, 212,
       68, 106, 233, 176, 121, 14, 239, 239, 37, 20, 97, 250, 198, 96,
       45, 97, 19, 103, 116, 79, 99, 88, 104, 232, 123, 72, 223, 17, 25,
       176, 152, 76, 86, 110, 133, 176, 121, 12, 231, 253, 33, 36, 66,
       187, 66, 225, 77, 75, 127, 103, 164, 14, 111, 180, 108, 200, 126,
       100, 243, 97, 145, 114, 150, 100, 108, 110, 201, 176, 237, 40,
       230, 249, 101, 128, 74, 179, 67, 33, 45, 97, 89, 103, 116, 79,
       231, 112, 100, 232, 127, 72, 211, 81, 153, 48, 24, 76, 22, 110,
       201, 178, 105, 30, 231, 205, 33, 36, 104, 187, 82, 225, 249, 65,
       104, 108, 60, 31, 75, 56, 97, 232, 183, 8, 211, 13, 27, 240, 216,
       132, 124, 110, 205, 34, 253, 156, 211, 249, 161, 156, 115, 175,
       82, 96, 34, 162, 215, 157, 106, 137, 184, 75, 190, 17, 208, 243,
       188, 158, 132, 72, 238, 25, 127, 149, 130, 202, 67, 213, 156, 50,
       122, 138, 20, 8, 35, 185, 120, 94, 249, 109, 32, 46, 71, 27, 96,
       174, 238, 108, 243, 51, 129, 90, 86, 244, 108, 42, 137, 212, 241,
       10, 231, 239, 100, 16, 234, 243, 70, 33, 173, 96, 225, 65, 109,
       127, 107, 216, 83, 242, 53, 10, 90, 29, 221, 62, 25, 204, 83, 122,
       137, 118, 253, 146, 87, 89, 133, 52, 239, 255, 86, 244, 74, 16,
       23, 249, 45, 204, 120, 7, 191, 25, 210, 80, 191, 158, 64, 105,
       230, 53, 255, 145, 19, 205, 211, 209, 133, 243, 250, 211, 140, 0,
       5, 59, 225, 255, 136, 23, 221, 13, 68, 191, 82, 251, 172, 93, 178,
       33, 86, 51, 205, 74, 106, 28, 255, 110, 219, 63, 109, 30, 213,
       120, 200, 88, 218, 216, 245, 78, 220, 251, 138, 39, 92, 190, 86,
       242, 180, 246, 211, 51, 203, 91, 79, 199, 126, 174, 233, 70, 79,
       58, 238, 203, 247, 180, 189, 249, 200, 1, 100, 164, 241, 233, 253,
       107, 67, 136, 91, 113, 57, 26, 82, 21, 92, 52, 217, 156, 19, 58,
       27, 50, 233, 147, 93, 156, 129, 124, 209, 11, 214, 226, 198, 100,
       148, 21, 193, 62, 52, 175, 56, 178, 106, 16, 204, 34, 5, 223, 145,
       71, 224, 34, 52, 212, 217, 74, 37, 54, 87, 7, 194, 116, 139, 134,
       89, 153, 187, 250, 59, 221, 27, 17, 239, 77, 143, 68, 190, 222,
       98, 112, 198, 187, 125, 16, 207, 11, 250, 243, 251, 253, 46, 122,
       24, 2, 129, 123, 74, 248, 191, 184, 173, 221, 185, 214, 171, 89,
       156, 31, 188, 255, 96, 174, 237, 59, 251, 17, 19, 75, 178, 241,
       219, 81, 222, 251, 154, 12, 191, 251, 10, 113, 114, 233, 47, 93,
       250, 16, 45, 108, 127, 135, 141, 159, 54, 228, 166, 157, 223, 237,
       196, 177, 181, 192, 199, 253, 138, 131, 47, 134, 95, 215, 33, 203,
       123, 69, 52, 10, 111, 180, 109, 192, 126, 228, 243, 65, 148, 116,
       114, 236, 4, 110, 201, 184, 37, 109, 238, 188, 36, 128, 108, 178,
       112, 41, 61, 68, 105, 111, 116, 75, 75, 56, 80, 232, 245, 206, 83,
       69, 155, 113, 88, 204, 22, 238, 233, 182, 109, 30, 102, 233, 161,
       132, 127, 187, 82, 240, 194, 152, 151, 251, 49, 236, 185, 3, 190,
       27, 83, 112, 172, 151, 32, 78, 167, 51, 255, 17, 51, 77, 146, 231,
       133, 246, 122, 203, 136, 0, 5, 59, 3, 34, 213, 153, 122, 137, 185,
       79, 62, 17, 210, 242, 188, 2, 128, 77, 110, 25, 123, 157, 3, 216,
       71, 213, 132, 50, 218, 192, 28, 136, 1, 169, 67, 146, 151, 181,
       40, 174, 56, 51, 188, 59, 210, 112, 188, 178, 160, 239, 231, 55,
       126, 8, 49, 221, 195, 199, 140, 246, 122, 194, 136, 0, 33, 41, 38,
       53, 208, 128, 221, 111, 242, 72, 63, 189, 187, 27, 206, 28, 71,
       158, 249, 157, 223, 179, 20, 115, 217, 192, 157, 20, 143, 119,
       193, 111, 95, 198, 1, 207, 107, 77, 52, 138, 111, 52, 109, 64,
       126, 196, 243, 1, 148, 116, 114, 236, 22, 110, 201, 184, 101, 127,
       38, 188, 162, 128, 109, 154, 80, 44, 161, 233, 97, 71, 116, 79,
       231, 252, 85, 224, 116, 78, 115, 81, 149, 52, 88, 236, 22, 110,
       233, 178, 109, 63, 36, 8, 37, 164, 111, 186, 82, 232, 82, 149, 31,
       218, 155, 224, 177, 103, 191, 21, 201, 51, 172, 247, 40, 68, 231,
       51, 251, 129, 50, 11, 146, 247, 217, 182, 26, 75, 144, 68, 165,
       123, 190, 65, 114, 229, 69, 86, 218, 96, 9, 164, 251, 19, 75, 31,
       63, 212, 250, 157, 151, 226, 76, 183, 17, 206, 147, 249, 130, 147,
       103, 175, 124, 134, 126, 126, 236, 10, 191, 81, 223, 204, 203,
       246, 188, 171, 74, 236, 95, 30, 255, 213, 255, 247, 142, 103, 239,
       242, 123, 93, 141, 255, 215, 127, 126, 86, 105, 203, 79, 101, 116,
       26, 111, 180, 96, 128, 126, 236, 251, 1, 144, 241, 58, 228, 86,
       110, 201, 176, 101, 45, 102, 233, 32, 128, 110, 186, 90, 169, 160,
       235, 105, 71, 84, 75, 71, 252, 113, 164, 244, 8, 115, 65, 144, 49,
       24, 252, 70, 106, 233, 178, 109, 60, 111, 136, 37, 52, 103, 186,
       214, 232, 192, 125, 159, 244, 41, 221, 53, 103, 253, 203, 166, 24,
       190, 178, 34, 247, 160, 51, 106, 0, 103, 233, 178, 233, 177, 242,
       86, 27, 72, 80, 143, 47, 254, 121, 233, 100, 159, 83, 159, 204,
       155, 230, 180, 143, 74, 236, 95, 18, 255, 213, 221, 247, 236, 103,
       254, 250, 251, 85, 141, 191, 215, 63, 246, 126, 82, 132, 159, 218,
       27, 228, 49, 202, 191, 19, 135, 18, 140, 215, 104, 106, 225, 19,
       251, 144, 50, 77, 186, 243, 219, 247, 90, 95, 146, 1, 37, 98, 49,
       173, 65, 73, 84, 219, 226, 120, 84, 224, 248, 78, 115, 88, 156,
       164, 120, 136, 22, 109, 221, 186, 117, 31, 60, 12, 33, 80, 125,
       138, 90, 156 ]
