%YAML:1.0
---
descriptors: !!opencv-matrix
   rows: 23
   cols: 32
   dt: u
   data: [ 133, 164, 221, 241, 236, 41, 233, 91, 254, 179, 49, 90, 157,
       227, 216, 43, 35, 15, 110, 25, 51, 116, 207, 210, 204, 154, 119,
       116, 220, 200, 131, 161, 198, 172, 148, 147, 223, 168, 34, 136,
       190, 179, 131, 18, 236, 226, 73, 206, 225, 235, 106, 146, 54, 92,
       219, 243, 157, 22, 223, 107, 128, 65, 33, 14, 88, 184, 188, 122,
       169, 205, 17, 142, 171, 63, 164, 25, 174, 223, 66, 26, 135, 115,
       237, 16, 18, 79, 218, 49, 219, 211, 85, 123, 210, 0, 143, 107, 6,
       164, 16, 131, 221, 109, 176, 73, 31, 55, 185, 27, 204, 120, 72, 8,
       187, 155, 202, 177, 50, 114, 89, 214, 29, 22, 31, 127, 148, 10,
       133, 134, 54, 48, 214, 240, 107, 11, 152, 72, 175, 185, 176, 169,
       78, 159, 101, 159, 207, 157, 255, 21, 24, 227, 195, 208, 154, 218,
       91, 254, 196, 12, 35, 151, 122, 50, 240, 228, 79, 92, 248, 80,
       233, 204, 180, 47, 11, 159, 214, 22, 110, 133, 239, 144, 142, 35,
       242, 192, 87, 217, 162, 187, 111, 132, 126, 215, 209, 88, 159,
       118, 40, 108, 85, 156, 240, 218, 166, 24, 119, 247, 65, 123, 1,
       244, 124, 10, 105, 101, 187, 34, 209, 235, 113, 24, 104, 241, 66,
       34, 18, 48, 151, 161, 106, 139, 184, 66, 15, 176, 242, 235, 140,
       158, 68, 14, 238, 29, 127, 149, 2, 219, 67, 196, 156, 152, 91,
       246, 69, 8, 35, 137, 50, 33, 118, 225, 101, 206, 248, 72, 171,
       164, 251, 11, 143, 158, 84, 2, 234, 189, 247, 241, 10, 178, 210,
       208, 151, 216, 138, 231, 101, 15, 127, 134, 181, 105, 105, 111,
       116, 203, 103, 248, 113, 224, 117, 78, 115, 81, 149, 48, 90, 236,
       22, 110, 201, 178, 109, 62, 102, 141, 37, 32, 109, 187, 82, 224,
       202, 148, 151, 250, 57, 236, 57, 3, 191, 27, 195, 48, 172, 191,
       40, 72, 231, 51, 253, 17, 51, 77, 146, 247, 137, 247, 90, 203,
       128, 0, 165, 59, 201, 146, 149, 189, 58, 174, 48, 51, 190, 57,
       210, 112, 191, 50, 128, 203, 231, 55, 252, 0, 49, 204, 67, 215,
       140, 243, 122, 210, 136, 0, 1, 41, 124, 227, 224, 103, 61, 31, 82,
       184, 67, 172, 185, 137, 203, 73, 93, 144, 152, 204, 237, 114, 206,
       35, 201, 156, 186, 221, 165, 125, 103, 191, 90, 2, 133, 191, 63,
       248, 236, 141, 253, 223, 239, 90, 124, 84, 188, 251, 243, 51, 133,
       27, 95, 61, 243, 47, 186, 211, 111, 153, 111, 172, 216, 248, 171,
       185, 135, 168, 93, 241, 236, 169, 249, 211, 175, 57, 48, 126, 157,
       139, 240, 43, 167, 11, 127, 29, 147, 77, 130, 208, 204, 152, 123,
       236, 156, 137, 129, 161, 178, 32, 82, 161, 101, 79, 250, 64, 45,
       36, 243, 11, 142, 26, 84, 0, 234, 157, 223, 241, 8, 183, 81, 192,
       149, 216, 138, 199, 101, 11, 119, 130, 114, 64, 112, 233, 103, 74,
       250, 64, 45, 36, 243, 3, 143, 10, 55, 212, 238, 149, 159, 227, 76,
       50, 65, 192, 151, 248, 138, 131, 55, 143, 125, 6, 58, 0, 115, 225,
       102, 88, 249, 80, 45, 100, 182, 163, 15, 15, 148, 48, 238, 145,
       151, 173, 136, 176, 37, 192, 214, 217, 138, 194, 103, 140, 119,
       241, 82, 189, 23, 246, 147, 204, 53, 103, 189, 1, 106, 24, 174,
       183, 32, 245, 162, 51, 234, 0, 99, 201, 178, 231, 177, 246, 30,
       27, 0, 0, 135, 43, 178, 64, 98, 224, 101, 66, 90, 64, 41, 36, 251,
       3, 11, 27, 55, 208, 250, 149, 151, 226, 76, 183, 65, 206, 147,
       248, 130, 135, 103, 175, 124, 6, 230, 253, 191, 242, 239, 237,
       157, 213, 155, 123, 145, 127, 92, 221, 109, 43, 175, 243, 255, 87,
       243, 103, 186, 243, 115, 91, 127, 250, 220, 95, 151, 243, 177,
       141, 99, 73, 84, 219, 226, 121, 85, 96, 248, 70, 115, 80, 148,
       164, 120, 172, 22, 108, 233, 186, 117, 159, 46, 72, 33, 64, 127,
       142, 114, 188, 82, 253, 23, 222, 11, 192, 53, 103, 189, 7, 230,
       48, 172, 247, 32, 215, 162, 51, 234, 0, 98, 75, 178, 229, 177,
       178, 94, 11, 0, 0, 167, 59 ]
keypoints: !!opencv-matrix
   rows: 23
   cols: 2
   dt: d
   data: [ 2.0160000610351562e+02, 2.4480000305175781e+02,
       1.7520001220703125e+02, 174., 2.7504000854492188e+02,
       2.4624000549316406e+02, 1.3536000061035156e+02,
       2.3184001159667969e+02, 1.7568000793457031e+02,
       1.6704000854492188e+02, 1.7280000305175781e+02,
       1.6127999877929688e+02, 2.6956802368164062e+02,
       2.4019201660156250e+02, 1.7452801513671875e+02,
       1.6761601257324219e+02, 1.7003521728515625e+02,
       9.7459213256835938e+01, 1.4722561645507812e+02,
       1.6588803100585938e+02, 1.8869763183593750e+02,
       1.6588803100585938e+02, 1.8247682189941406e+02,
       1.7003521728515625e+02, 1.5552001953125000e+02,
       1.7210882568359375e+02, 3.2762884521484375e+02,
       2.3224322509765625e+02, 9.7044502258300781e+01,
       9.4556182861328125e+01, 1.6920579528808594e+02,
       9.7044502258300781e+01, 1.8413572692871094e+02,
       9.9532821655273438e+01, 3.1104006958007812e+02,
       1.0948610687255859e+02, 1.9906564331054688e+02,
       1.7418243408203125e+02, 1.8513105773925781e+02,
       9.8537498474121094e+01, 9.2565528869628906e+01,
       1.0450946807861328e+02, 1.4332727050781250e+02,
       1.6721514892578125e+02, 1.9707499694824219e+02,
       1.7318711853027344e+02 ]
