%YAML:1.0
---
descriptors: !!opencv-matrix
   rows: 89
   cols: 32
   dt: u
   data: [ 118, 68, 146, 134, 77, 110, 246, 200, 185, 166, 179, 27, 78,
       250, 77, 94, 249, 213, 237, 163, 44, 103, 153, 226, 149, 54, 203,
       31, 129, 127, 127, 134, 128, 222, 157, 187, 252, 173, 33, 159, 30,
       25, 80, 84, 180, 151, 104, 96, 205, 27, 50, 24, 51, 124, 98, 55,
       173, 151, 62, 232, 152, 8, 129, 185, 198, 233, 144, 158, 207, 129,
       238, 172, 155, 146, 17, 26, 236, 234, 92, 199, 179, 235, 127, 195,
       118, 68, 218, 251, 189, 18, 207, 251, 20, 51, 155, 6, 214, 236,
       148, 151, 213, 128, 174, 164, 187, 51, 131, 19, 228, 226, 77, 70,
       225, 235, 42, 147, 102, 92, 202, 243, 189, 22, 223, 99, 128, 112,
       171, 142, 56, 156, 61, 254, 21, 207, 83, 183, 150, 77, 238, 0,
       183, 119, 32, 112, 209, 50, 29, 8, 59, 141, 121, 63, 235, 239, 48,
       80, 18, 10, 196, 123, 244, 81, 14, 174, 40, 66, 71, 56, 160, 142,
       231, 40, 83, 247, 43, 83, 240, 244, 108, 226, 104, 199, 139, 12,
       241, 227, 230, 25, 32, 51, 102, 35, 77, 161, 209, 225, 240, 46,
       120, 31, 58, 179, 99, 80, 221, 51, 72, 250, 183, 31, 116, 24, 51,
       216, 145, 66, 205, 239, 119, 100, 136, 192, 131, 161, 242, 72,
       215, 244, 46, 10, 108, 52, 185, 146, 178, 154, 127, 43, 21, 91,
       98, 245, 125, 234, 104, 71, 195, 232, 243, 251, 198, 144, 37, 240,
       98, 8, 72, 252, 188, 122, 169, 253, 17, 142, 187, 63, 164, 25,
       174, 255, 66, 26, 129, 115, 233, 16, 34, 77, 218, 115, 203, 215,
       93, 123, 210, 68, 143, 11, 246, 72, 214, 158, 77, 78, 222, 232,
       185, 166, 242, 11, 106, 250, 45, 95, 249, 245, 239, 227, 108, 231,
       217, 234, 147, 186, 195, 27, 5, 127, 124, 6, 133, 160, 221, 241,
       236, 45, 249, 27, 239, 51, 49, 88, 157, 169, 220, 11, 171, 15,
       126, 29, 179, 116, 203, 210, 76, 154, 127, 244, 220, 200, 195,
       161, 82, 242, 158, 184, 42, 129, 25, 89, 167, 53, 198, 173, 239,
       199, 106, 91, 102, 181, 239, 129, 10, 79, 131, 81, 217, 227, 250,
       187, 48, 0, 37, 91, 242, 72, 223, 247, 108, 40, 236, 132, 185,
       146, 178, 26, 251, 107, 21, 91, 107, 229, 125, 234, 104, 71, 195,
       226, 214, 250, 242, 152, 37, 241, 98, 8, 142, 140, 132, 55, 193,
       126, 180, 175, 62, 183, 74, 17, 236, 126, 78, 207, 161, 87, 163,
       145, 54, 220, 155, 226, 45, 55, 95, 71, 194, 85, 137, 202, 41,
       140, 61, 123, 49, 239, 83, 190, 87, 11, 238, 16, 183, 23, 0, 116,
       213, 18, 29, 8, 43, 172, 97, 63, 235, 255, 52, 80, 18, 136, 196,
       107, 125, 117, 29, 109, 61, 15, 86, 186, 111, 168, 252, 72, 223,
       121, 1, 176, 220, 212, 92, 106, 233, 98, 89, 158, 251, 255, 37,
       60, 74, 57, 74, 35, 198, 236, 148, 151, 221, 128, 166, 169, 186,
       178, 131, 18, 236, 226, 77, 199, 241, 235, 106, 147, 102, 86, 202,
       251, 189, 54, 223, 107, 128, 112, 185, 14, 249, 125, 25, 101, 185,
       15, 84, 187, 63, 168, 188, 72, 159, 59, 1, 112, 156, 221, 92, 104,
       105, 122, 81, 30, 231, 223, 37, 52, 90, 248, 74, 35, 70, 0, 222,
       184, 170, 43, 152, 200, 158, 178, 177, 9, 207, 234, 45, 203, 151,
       117, 111, 113, 52, 235, 11, 252, 152, 243, 95, 127, 208, 41, 9, 3,
       88, 60, 59, 245, 112, 204, 121, 23, 57, 73, 118, 57, 191, 191, 0,
       16, 166, 191, 253, 1, 48, 221, 145, 143, 215, 247, 58, 131, 0, 0,
       7, 123, 27, 219, 123, 228, 82, 214, 63, 112, 45, 200, 94, 230,
       125, 223, 160, 240, 54, 125, 151, 231, 193, 153, 52, 237, 247,
       237, 170, 130, 47, 182, 37, 249, 101, 99, 56, 101, 52, 31, 115,
       56, 105, 236, 127, 8, 223, 18, 159, 52, 146, 204, 76, 106, 201,
       176, 105, 72, 197, 157, 33, 20, 64, 179, 67, 101, 178, 97, 117,
       225, 103, 8, 232, 64, 105, 128, 184, 10, 143, 11, 84, 18, 234,
       149, 87, 209, 74, 38, 197, 192, 151, 216, 138, 131, 101, 138, 115,
       142, 244, 66, 158, 46, 40, 6, 30, 56, 180, 170, 195, 205, 215,
       196, 41, 91, 212, 85, 109, 102, 204, 199, 203, 8, 240, 227, 109,
       156, 0, 179, 40, 1, 124, 111, 138, 52, 141, 139, 70, 230, 224,
       166, 234, 13, 35, 160, 3, 18, 72, 228, 232, 98, 76, 235, 198, 42,
       240, 199, 197, 57, 65, 123, 94, 10, 68, 160, 156, 97, 176, 43,
       120, 9, 110, 181, 43, 24, 223, 3, 200, 26, 151, 5, 108, 60, 18,
       80, 201, 68, 204, 219, 55, 117, 128, 130, 131, 1, 73, 185, 24,
       123, 57, 141, 16, 191, 31, 57, 32, 92, 190, 22, 72, 112, 133, 19,
       238, 0, 2, 40, 91, 51, 141, 213, 48, 122, 88, 8, 131, 27, 88, 184,
       188, 114, 169, 237, 17, 143, 187, 63, 164, 57, 174, 191, 66, 26,
       131, 83, 237, 16, 18, 73, 250, 49, 219, 211, 85, 123, 210, 64,
       135, 107, 100, 177, 56, 107, 153, 77, 81, 41, 10, 53, 165, 25,
       214, 23, 74, 24, 145, 26, 73, 48, 90, 104, 251, 21, 207, 213, 21,
       125, 208, 10, 198, 66, 112, 33, 22, 128, 77, 73, 224, 64, 111,
       176, 186, 10, 134, 130, 97, 80, 104, 129, 110, 209, 10, 35, 83,
       208, 149, 128, 138, 125, 89, 10, 123, 138, 66, 144, 29, 185, 45,
       204, 184, 19, 62, 57, 210, 113, 191, 31, 0, 72, 194, 49, 253, 145,
       18, 76, 211, 213, 197, 243, 186, 211, 156, 0, 5, 27, 90, 180, 51,
       250, 19, 236, 49, 103, 189, 29, 75, 17, 190, 191, 32, 80, 165, 59,
       253, 1, 50, 137, 18, 199, 211, 247, 26, 203, 0, 4, 167, 123, 125,
       99, 56, 101, 52, 31, 67, 56, 105, 172, 255, 8, 219, 64, 155, 52,
       24, 204, 76, 106, 201, 178, 237, 12, 245, 253, 33, 52, 66, 187,
       66, 37, 102, 227, 196, 137, 44, 11, 194, 136, 71, 184, 177, 207,
       194, 233, 77, 158, 217, 196, 110, 114, 78, 98, 203, 153, 142, 158,
       133, 126, 93, 187, 80, 4, 68, 224, 134, 159, 93, 139, 166, 232,
       190, 178, 128, 66, 236, 226, 105, 207, 113, 109, 234, 163, 98, 69,
       138, 253, 188, 6, 207, 47, 16, 112, 57, 132, 229, 227, 132, 33,
       141, 13, 70, 184, 255, 178, 161, 76, 243, 224, 89, 23, 145, 196,
       108, 126, 239, 103, 219, 48, 169, 218, 69, 124, 200, 123, 90, 4,
       62, 162, 98, 16, 203, 241, 16, 67, 227, 253, 181, 187, 10, 140,
       230, 156, 43, 168, 196, 144, 30, 107, 166, 196, 26, 81, 21, 255,
       231, 132, 238, 199, 41, 132, 57, 121, 180, 255, 65, 159, 87, 47,
       46, 56, 183, 53, 136, 116, 145, 26, 60, 24, 58, 168, 97, 63, 235,
       223, 52, 85, 210, 200, 196, 105, 70, 161, 16, 129, 221, 111, 240,
       73, 63, 53, 179, 27, 204, 88, 76, 8, 187, 157, 235, 177, 18, 114,
       217, 212, 157, 20, 15, 119, 132, 10, 133, 130, 244, 72, 223, 253,
       110, 40, 237, 132, 249, 146, 178, 90, 255, 235, 21, 91, 107, 229,
       111, 138, 32, 103, 195, 226, 212, 186, 250, 24, 165, 241, 99, 168,
       36, 177, 57, 97, 153, 111, 83, 153, 43, 189, 45, 24, 214, 23, 72,
       56, 145, 28, 65, 58, 26, 112, 249, 20, 205, 157, 1, 116, 208, 11,
       198, 98, 37, 112, 185, 65, 117, 111, 99, 152, 106, 248, 47, 72,
       210, 21, 93, 62, 153, 92, 80, 122, 129, 112, 249, 0, 77, 156, 5,
       52, 192, 123, 70, 240, 209, 88, 191, 116, 8, 76, 69, 180, 224,
       210, 166, 24, 119, 115, 1, 123, 33, 244, 124, 106, 105, 101, 179,
       41, 209, 171, 117, 24, 104, 240, 66, 42, 60, 40, 184, 241, 205,
       45, 241, 202, 214, 183, 173, 10, 18, 185, 65, 10, 185, 220, 107,
       24, 26, 115, 155, 160, 219, 207, 81, 127, 195, 107, 84, 162, 125,
       71, 64, 69, 52, 30, 78, 184, 97, 232, 190, 108, 83, 96, 157, 244,
       22, 196, 92, 110, 205, 176, 69, 14, 38, 238, 37, 148, 111, 243,
       90, 5, 5, 164, 217, 225, 236, 169, 233, 27, 110, 177, 187, 88,
       223, 227, 216, 40, 59, 143, 110, 28, 19, 120, 207, 210, 204, 157,
       63, 116, 220, 202, 195, 160, 72, 161, 25, 33, 176, 79, 104, 45,
       126, 113, 43, 28, 223, 3, 72, 16, 147, 7, 108, 56, 19, 88, 217,
       86, 237, 213, 55, 116, 200, 128, 131, 16, 114, 32, 118, 232, 111,
       10, 248, 8, 233, 32, 243, 3, 143, 138, 84, 218, 238, 157, 183,
       227, 140, 160, 131, 208, 151, 248, 138, 203, 101, 143, 121, 7, 50,
       96, 116, 233, 111, 10, 248, 72, 45, 160, 242, 2, 143, 15, 20, 214,
