%YAML:1.0
---
descriptors: !!opencv-matrix
   rows: 49
   cols: 32
   dt: u
   data: [ 125, 77, 199, 197, 212, 10, 111, 34, 117, 162, 238, 2, 115,
       35, 145, 119, 122, 236, 58, 238, 105, 248, 229, 238, 116, 174,
       198, 0, 103, 248, 112, 168, 2, 189, 17, 218, 248, 205, 178, 239,
       14, 9, 72, 64, 164, 243, 104, 64, 193, 59, 2, 0, 83, 24, 218, 117,
       45, 148, 30, 106, 24, 10, 161, 138, 77, 75, 127, 103, 36, 14, 111,
       180, 108, 168, 126, 100, 243, 97, 145, 114, 22, 228, 108, 110,
       201, 176, 237, 44, 230, 249, 37, 128, 74, 179, 66, 41, 81, 77,
       222, 213, 52, 138, 110, 38, 125, 128, 110, 2, 113, 35, 177, 112,
       114, 236, 46, 234, 104, 248, 5, 238, 230, 239, 230, 0, 103, 176,
       96, 168, 9, 11, 86, 69, 48, 31, 238, 54, 109, 136, 126, 64, 190,
       51, 148, 244, 38, 100, 118, 108, 193, 184, 1, 110, 38, 255, 38,
       128, 74, 160, 75, 173, 162, 253, 21, 186, 221, 199, 166, 237, 158,
       16, 160, 74, 180, 210, 40, 129, 220, 59, 66, 113, 115, 11, 90,
       191, 169, 208, 15, 126, 24, 10, 129, 136, 5, 164, 221, 241, 236,
       169, 233, 159, 110, 51, 49, 218, 157, 163, 216, 43, 35, 15, 110,
       28, 51, 124, 207, 210, 204, 154, 119, 116, 156, 200, 129, 161, 41,
       171, 152, 90, 217, 221, 86, 165, 255, 13, 236, 8, 162, 242, 6, 52,
       216, 234, 66, 80, 94, 42, 106, 61, 47, 221, 5, 123, 210, 2, 202,
       142, 50, 22, 107, 77, 67, 115, 173, 102, 36, 238, 250, 230, 0, 46,
       182, 100, 121, 189, 162, 161, 205, 186, 101, 206, 21, 38, 154,
       129, 101, 96, 36, 252, 116, 117, 120, 101, 180, 79, 87, 61, 96,
       164, 190, 8, 243, 53, 3, 48, 24, 212, 76, 106, 72, 176, 249, 14,
       231, 205, 37, 53, 97, 250, 70, 106, 126, 100, 242, 229, 69, 126,
       250, 200, 123, 166, 191, 11, 207, 59, 95, 190, 187, 221, 207, 243,
       12, 247, 249, 202, 159, 223, 71, 55, 231, 119, 111, 134, 77, 79,
       123, 103, 116, 10, 111, 180, 105, 200, 126, 108, 243, 97, 145,
       115, 18, 228, 76, 110, 201, 176, 237, 44, 230, 249, 37, 128, 110,
       179, 66, 105, 244, 64, 207, 190, 78, 40, 109, 72, 249, 178, 179,
       90, 255, 227, 1, 91, 107, 229, 110, 170, 104, 103, 207, 194, 212,
       162, 250, 24, 37, 121, 99, 32, 123, 32, 32, 224, 13, 157, 72, 80,
       239, 248, 181, 73, 139, 140, 86, 54, 204, 128, 127, 157, 142, 35,
       246, 144, 155, 217, 139, 124, 66, 142, 82, 116, 34, 178, 215, 157,
       106, 137, 185, 67, 190, 25, 210, 227, 188, 159, 164, 73, 238, 57,
       255, 133, 3, 218, 66, 213, 20, 50, 122, 194, 4, 12, 35, 185, 3,
       130, 151, 157, 56, 139, 184, 99, 158, 177, 242, 192, 190, 162,
       160, 207, 231, 37, 110, 8, 33, 235, 67, 221, 152, 178, 91, 82,
       152, 40, 33, 173, 120, 28, 249, 109, 34, 74, 69, 58, 112, 170,
       102, 104, 243, 55, 129, 122, 82, 244, 60, 42, 233, 212, 229, 10,
       197, 175, 96, 16, 34, 240, 70, 41, 109, 37, 251, 65, 244, 122, 99,
       19, 97, 232, 62, 72, 147, 53, 209, 52, 26, 220, 84, 56, 153, 242,
       245, 10, 111, 157, 37, 100, 226, 242, 66, 161, 129, 174, 199, 157,
       222, 131, 109, 255, 62, 163, 66, 246, 253, 227, 160, 65, 115, 111,
       42, 156, 51, 220, 7, 255, 108, 166, 255, 32, 172, 240, 161, 168,
       5, 179, 189, 121, 248, 173, 49, 155, 54, 121, 127, 116, 151, 151,
       200, 120, 133, 26, 54, 24, 147, 88, 251, 16, 77, 221, 53, 228,
       216, 192, 129, 177, 44, 164, 241, 233, 252, 107, 67, 136, 83, 113,
       57, 24, 210, 21, 88, 60, 217, 156, 19, 58, 27, 50, 233, 147, 77,
       156, 129, 124, 208, 203, 214, 226, 74, 248, 191, 186, 45, 245,
       185, 198, 143, 89, 148, 47, 188, 255, 96, 142, 231, 59, 251, 17,
       19, 75, 178, 241, 217, 209, 222, 251, 154, 4, 63, 251, 171, 58,
       195, 92, 117, 179, 232, 90, 119, 203, 112, 254, 40, 168, 149, 188,
       127, 238, 182, 156, 191, 254, 199, 250, 30, 126, 209, 202, 239,
       237, 122, 149, 1, 203, 123, 77, 52, 138, 111, 180, 109, 64, 126,
       196, 243, 65, 148, 116, 114, 108, 30, 238, 193, 184, 101, 239,
       102, 188, 38, 128, 110, 186, 64, 41, 3, 2, 215, 153, 122, 139,
       185, 83, 190, 17, 82, 210, 189, 135, 128, 105, 110, 57, 123, 157,
       3, 220, 71, 213, 196, 50, 218, 192, 12, 136, 1, 169, 193, 18, 151,
       149, 42, 138, 176, 51, 188, 59, 210, 112, 188, 50, 128, 239, 230,
       55, 110, 0, 49, 221, 195, 199, 140, 178, 122, 194, 138, 8, 1, 45,
       124, 225, 120, 102, 61, 31, 86, 184, 67, 168, 189, 8, 219, 73,
       217, 178, 152, 228, 236, 106, 204, 35, 233, 156, 251, 221, 37,
       125, 98, 187, 90, 2, 73, 188, 151, 181, 185, 237, 48, 39, 255, 43,
       170, 28, 190, 178, 64, 242, 131, 55, 124, 8, 51, 216, 211, 199,
       141, 255, 90, 82, 136, 64, 131, 11, 9, 145, 49, 113, 176, 143, 65,
       31, 54, 57, 126, 112, 159, 19, 192, 112, 149, 30, 52, 24, 155,
       216, 113, 21, 237, 223, 53, 196, 218, 128, 192, 57, 90, 248, 59,
       250, 11, 245, 153, 196, 143, 93, 132, 35, 172, 223, 98, 32, 231,
       51, 251, 209, 7, 11, 186, 241, 219, 213, 154, 251, 154, 15, 39,
       251, 54, 32, 112, 161, 103, 79, 250, 72, 105, 36, 177, 11, 142,
       30, 87, 148, 234, 157, 223, 227, 28, 51, 208, 208, 151, 216, 138,
       119, 117, 15, 111, 134, 114, 96, 114, 164, 71, 86, 90, 72, 45,
       132, 179, 11, 15, 31, 55, 212, 250, 149, 223, 227, 76, 163, 145,
       204, 179, 252, 131, 151, 39, 191, 126, 70, 10, 248, 187, 186, 79,
       209, 185, 196, 143, 85, 149, 171, 172, 223, 111, 142, 238, 59,
       251, 209, 2, 75, 186, 241, 91, 81, 154, 251, 151, 30, 55, 250, 30,
       81, 98, 225, 117, 86, 250, 112, 45, 104, 247, 131, 11, 31, 21,
       228, 126, 149, 151, 234, 205, 178, 81, 204, 247, 253, 130, 135,
       47, 167, 124, 215, 127, 227, 236, 10, 79, 17, 220, 73, 203, 84,
       181, 175, 106, 200, 254, 150, 254, 129, 238, 231, 206, 99, 238,
       209, 18, 89, 197, 191, 127, 190, 250, 197, 255, 230, 238, 26, 239,
       113, 222, 200, 219, 86, 181, 191, 74, 236, 255, 159, 191, 193,
       239, 247, 174, 103, 174, 243, 26, 91, 197, 255, 247, 255, 126, 86,
       105, 203, 111, 101, 100, 10, 111, 180, 96, 224, 118, 204, 243, 65,
       145, 51, 18, 228, 68, 110, 201, 176, 197, 44, 230, 233, 101, 0,
       108, 186, 82, 168, 41, 237, 99, 69, 84, 207, 231, 244, 117, 96,
       124, 78, 115, 81, 149, 52, 88, 236, 22, 110, 201, 178, 117, 61,
       36, 12, 37, 0, 111, 154, 82, 252, 195, 154, 151, 215, 32, 172, 57,
       23, 188, 27, 67, 84, 188, 183, 32, 111, 231, 55, 250, 0, 179, 221,
       179, 231, 141, 182, 90, 66, 138, 128, 129, 57, 66, 181, 151, 222,
       177, 236, 49, 39, 189, 91, 107, 16, 190, 178, 32, 246, 165, 51,
       254, 0, 51, 201, 178, 231, 153, 246, 26, 91, 0, 64, 135, 47, 112,
       211, 120, 101, 52, 15, 71, 49, 96, 172, 254, 40, 211, 17, 128, 48,
       28, 212, 76, 106, 200, 184, 97, 12, 231, 173, 33, 144, 97, 170,
       198, 41, 182, 1, 114, 160, 85, 71, 90, 64, 41, 36, 241, 11, 11,
       31, 55, 148, 250, 149, 151, 226, 12, 183, 81, 204, 147, 216, 130,
       23, 103, 175, 110, 134, 246, 64, 82, 228, 69, 86, 90, 104, 9, 164,
       251, 11, 75, 30, 39, 212, 248, 149, 159, 226, 76, 183, 81, 204,
       147, 248, 130, 23, 39, 47, 126, 6, 190, 71, 98, 229, 55, 114, 250,
       120, 101, 36, 255, 147, 75, 15, 63, 244, 126, 157, 151, 226, 236,
       182, 37, 206, 243, 253, 130, 135, 103, 239, 124, 198, 159, 20,
       104, 229, 231, 126, 127, 55, 113, 230, 119, 146, 89, 63, 159, 237,
       55, 214, 149, 174, 240, 180, 117, 206, 103, 239, 182, 133, 39,
       245, 220, 241, 254, 125, 237, 90, 207, 85, 159, 204, 139, 246,
       180, 143, 72, 236, 127, 27, 237, 213, 249, 247, 236, 103, 190,
       242, 123, 91, 205, 191, 215, 127, 246, 86, 180, 110, 109, 79, 92,
       11, 195, 248, 80, 164, 245, 10, 83, 65, 145, 49, 88, 220, 22, 106,
       232, 182, 109, 63, 103, 137, 161, 52, 117, 187, 86, 160, 66, 181,
       159, 218, 155, 224, 49, 103, 190, 21, 207, 48, 172, 247, 40, 86,
       167, 51, 235, 128, 50, 73, 178, 215, 217, 183, 90, 75, 18, 64,
