%YAML:1.0
---
descriptors: !!opencv-matrix
   rows: 9
   cols: 32
   dt: u
   data: [ 246, 72, 214, 142, 77, 78, 246, 236, 185, 166, 243, 11, 78,
       250, 45, 91, 249, 213, 239, 227, 108, 103, 219, 234, 145, 50, 195,
       31, 1, 123, 126, 14, 134, 165, 16, 131, 221, 109, 168, 105, 30,
       55, 185, 27, 204, 122, 72, 8, 187, 31, 106, 49, 50, 115, 91, 214,
       157, 22, 159, 119, 144, 74, 133, 130, 74, 188, 19, 182, 19, 236,
       49, 103, 189, 91, 74, 17, 190, 191, 32, 80, 167, 59, 255, 1, 50,
       137, 18, 199, 211, 247, 26, 75, 0, 68, 135, 59, 212, 120, 189,
       118, 40, 108, 81, 146, 226, 250, 166, 24, 247, 247, 65, 123, 3,
       244, 124, 10, 41, 103, 251, 32, 209, 171, 113, 24, 224, 241, 70,
       42, 5, 166, 217, 225, 236, 169, 233, 27, 110, 49, 185, 92, 157,
       163, 216, 40, 51, 15, 110, 28, 19, 120, 207, 211, 204, 157, 63,
       116, 220, 202, 195, 161, 194, 148, 151, 186, 57, 236, 56, 3, 191,
       27, 67, 16, 188, 183, 32, 74, 133, 51, 253, 17, 51, 77, 146, 231,
       137, 247, 26, 203, 128, 0, 165, 59, 82, 149, 19, 186, 155, 228,
       49, 103, 189, 21, 201, 17, 172, 255, 32, 64, 167, 59, 251, 129,
       50, 9, 18, 247, 209, 246, 26, 75, 16, 68, 165, 122, 165, 109, 105,
       77, 84, 75, 231, 248, 85, 224, 244, 74, 115, 81, 149, 53, 88, 236,
       22, 110, 233, 178, 101, 63, 102, 8, 37, 0, 127, 186, 82, 224, 180,
       239, 121, 101, 84, 75, 71, 248, 80, 164, 244, 10, 115, 65, 145,
       49, 24, 220, 71, 106, 232, 182, 109, 62, 119, 137, 37, 52, 117,
       187, 86, 162 ]
keypoints: !!opencv-matrix
   rows: 9
   cols: 2
   dt: d
   data: [ 1.2000000762939453e+02, 2.4000001525878906e+02,
       1.2096000671386719e+02, 2.3040000915527344e+02,
       1.8316801452636719e+02, 1.6588801574707031e+02,
       2.5747201538085938e+02, 2.4019201660156250e+02,
       1.8835202026367188e+02, 2.4537602233886719e+02,
       1.7625602722167969e+02, 1.6588803100585938e+02,
       1.8455043029785156e+02, 1.6588803100585938e+02,
       1.3436930847167969e+02, 1.6671748352050781e+02,
       1.4332727050781250e+02, 1.7020114135742188e+02 ]
