%YAML:1.0
---
descriptors: !!opencv-matrix
   rows: 12
   cols: 32
   dt: u
   data: [ 208, 249, 153, 234, 58, 205, 19, 164, 174, 105, 138, 9, 181,
       215, 72, 114, 166, 113, 125, 208, 67, 13, 186, 51, 249, 133, 47,
       121, 16, 2, 7, 59, 74, 168, 188, 122, 169, 253, 17, 175, 171, 63,
       164, 25, 174, 255, 66, 27, 129, 115, 233, 16, 18, 73, 218, 113,
       219, 211, 85, 123, 210, 68, 143, 10, 253, 71, 192, 71, 52, 30, 78,
       184, 117, 234, 251, 236, 83, 96, 157, 240, 22, 196, 108, 110, 237,
       176, 77, 46, 174, 239, 37, 148, 111, 243, 90, 5, 3, 162, 133, 153,
       252, 141, 168, 159, 30, 57, 80, 212, 189, 130, 248, 192, 199, 11,
       58, 28, 151, 88, 71, 247, 12, 22, 190, 236, 156, 136, 137, 153,
       105, 61, 24, 101, 184, 143, 84, 55, 123, 170, 174, 8, 159, 59, 0,
       48, 134, 191, 92, 8, 104, 250, 209, 30, 239, 223, 52, 48, 72, 200,
       202, 11, 50, 32, 86, 172, 43, 11, 152, 104, 143, 176, 240, 139,
       13, 142, 36, 144, 254, 157, 127, 33, 4, 131, 67, 220, 144, 240,
       75, 191, 21, 44, 43, 131, 3, 178, 145, 153, 252, 141, 168, 223,
       158, 121, 80, 84, 188, 130, 248, 172, 167, 11, 50, 29, 151, 88,
       27, 209, 12, 26, 62, 236, 152, 136, 137, 189, 203, 112, 123, 225,
       36, 21, 248, 16, 109, 104, 87, 199, 157, 31, 148, 96, 134, 157,
       223, 237, 133, 181, 181, 192, 198, 249, 170, 130, 47, 135, 115,
       213, 202, 144, 22, 178, 49, 236, 56, 2, 191, 25, 83, 49, 172, 159,
       32, 200, 135, 51, 255, 17, 51, 77, 146, 245, 133, 247, 122, 195,
       136, 0, 5, 27, 81, 18, 156, 181, 58, 138, 56, 3, 60, 33, 211, 112,
       175, 18, 128, 203, 230, 53, 236, 0, 12, 220, 193, 196, 132, 243,
       122, 211, 8, 8, 9, 9, 92, 40, 189, 116, 8, 108, 81, 18, 226, 182,
       167, 24, 119, 183, 65, 122, 1, 244, 108, 10, 8, 71, 179, 2, 209,
       239, 113, 57, 224, 241, 6, 42, 82, 148, 151, 186, 27, 228, 48, 67,
       191, 25, 139, 17, 172, 247, 104, 204, 165, 19, 251, 16, 50, 13,
       146, 247, 153, 246, 26, 75, 144, 0, 165, 51 ]
keypoints: !!opencv-matrix
   rows: 12
   cols: 2
   dt: d
   data: [ 335., 125., 2.0592001342773438e+02, 2.4048001098632812e+02,
       1.6127999877929688e+02, 2.3760000610351562e+02,
       3.2255999755859375e+02, 1.5552000427246094e+02,
       1.2960000610351562e+02, 1.6934400939941406e+02,
       1.0540801239013672e+02, 1.6416001892089844e+02,
       3.2140802001953125e+02, 1.5724801635742188e+02,
       2.8823043823242188e+02, 1.0782721710205078e+02,
       1.1819521331787109e+02, 1.6174082946777344e+02,
       1.1197441864013672e+02, 1.6588803100585938e+02,
       2.0113922119140625e+02, 2.3431683349609375e+02,
       1.1943939208984375e+02, 1.6174084472656250e+02 ]
