%YAML:1.0
---
descriptors: !!opencv-matrix
   rows: 19
   cols: 32
   dt: u
   data: [ 48, 157, 63, 234, 148, 231, 83, 246, 150, 72, 234, 1, 118,
       247, 32, 96, 216, 186, 27, 48, 27, 171, 56, 63, 249, 133, 39, 64,
       208, 74, 164, 122, 72, 172, 188, 122, 169, 249, 17, 143, 171, 63,
       164, 9, 174, 223, 66, 27, 131, 115, 237, 16, 18, 75, 202, 49, 219,
       211, 85, 123, 210, 64, 143, 11, 54, 32, 214, 168, 123, 3, 152, 72,
       143, 160, 240, 169, 78, 223, 45, 144, 222, 157, 255, 117, 12, 195,
       67, 216, 146, 216, 11, 191, 84, 46, 43, 131, 1, 12, 183, 125, 37,
       236, 97, 150, 127, 203, 98, 16, 179, 241, 145, 122, 193, 106, 54,
       8, 35, 252, 243, 43, 71, 254, 114, 0, 192, 249, 96, 232, 5, 161,
       185, 227, 252, 173, 249, 159, 111, 57, 57, 120, 159, 155, 216, 32,
       191, 27, 127, 25, 147, 120, 203, 211, 204, 220, 63, 244, 220, 202,
       129, 161, 88, 16, 28, 241, 53, 204, 120, 19, 61, 9, 242, 80, 191,
       27, 0, 88, 230, 181, 253, 129, 8, 220, 209, 197, 199, 243, 186,
       195, 160, 0, 5, 43, 50, 32, 86, 172, 107, 3, 152, 72, 143, 160,
       240, 139, 77, 202, 44, 144, 254, 157, 255, 241, 4, 131, 67, 216,
       144, 208, 11, 191, 21, 44, 43, 131, 120, 239, 156, 37, 184, 31,
       84, 159, 115, 190, 170, 9, 151, 32, 67, 146, 129, 196, 108, 60,
       108, 105, 193, 10, 255, 247, 101, 117, 192, 240, 90, 11, 72, 157,
       29, 253, 57, 205, 17, 191, 159, 89, 44, 24, 190, 183, 0, 113, 133,
       27, 204, 0, 35, 8, 243, 55, 231, 247, 16, 59, 24, 8, 135, 123,
       131, 178, 127, 248, 108, 165, 249, 83, 137, 91, 180, 254, 188,
       159, 244, 43, 239, 147, 95, 149, 179, 47, 162, 193, 86, 89, 122,
       250, 156, 204, 35, 249, 88, 189, 23, 254, 17, 205, 52, 103, 173,
       9, 106, 24, 190, 179, 32, 240, 160, 51, 234, 0, 83, 169, 146, 229,
       177, 245, 22, 11, 2, 0, 139, 11, 176, 61, 121, 69, 244, 79, 79,
       127, 113, 172, 252, 8, 51, 53, 145, 48, 94, 252, 22, 40, 233, 186,
       113, 14, 103, 141, 37, 48, 99, 232, 70, 233, 195, 65, 121, 226,
       102, 168, 249, 21, 233, 17, 177, 218, 191, 11, 212, 11, 238, 145,
       95, 221, 131, 36, 196, 224, 214, 216, 186, 184, 93, 137, 131, 169,
       181, 77, 125, 73, 244, 79, 207, 254, 84, 234, 244, 66, 83, 53,
       149, 37, 90, 196, 22, 110, 233, 182, 117, 30, 101, 138, 229, 132,
       119, 249, 80, 225, 255, 255, 122, 250, 171, 245, 223, 244, 217,
       94, 189, 255, 106, 253, 239, 54, 157, 243, 213, 247, 255, 39, 58,
       243, 251, 223, 173, 191, 223, 255, 254, 119, 11, 31, 197, 133, 52,
       54, 236, 55, 69, 234, 218, 230, 153, 40, 148, 231, 70, 102, 60,
       173, 237, 216, 117, 206, 172, 62, 255, 128, 46, 236, 88, 93, 1,
       152, 155, 249, 22, 229, 41, 206, 126, 81, 66, 82, 188, 151, 40,
       104, 115, 27, 50, 152, 51, 156, 19, 119, 205, 142, 26, 64, 152, 0,
       161, 168, 98, 176, 188, 186, 79, 105, 177, 206, 138, 23, 128, 59,
       164, 255, 106, 11, 201, 83, 235, 1, 2, 111, 218, 241, 93, 18, 94,
       59, 208, 89, 7, 202, 110, 9, 244, 92, 173, 61, 212, 11, 207, 151,
       173, 24, 202, 249, 71, 223, 201, 246, 232, 16, 28, 99, 210, 192,
       139, 123, 81, 59, 210, 109, 220, 6 ]
keypoints: !!opencv-matrix
   rows: 19
   cols: 2
   dt: d
   data: [ 3.4560000610351562e+02, 2.4624000549316406e+02,
       1.5984001159667969e+02, 2.3760000610351562e+02,
       5.7600002288818359e+01, 1.5984001159667969e+02,
       2.8655999755859375e+02, 1.5120001220703125e+02,
       8.4672004699707031e+01, 2.3846401977539062e+02,
       7.0848007202148438e+01, 1.5897601318359375e+02,
       5.7024005889892578e+01, 1.6070401000976562e+02,
       7.4649612426757812e+01, 1.7210882568359375e+02,
       1.8040322875976562e+02, 2.3431683349609375e+02,
       1.9160069274902344e+02, 1.0450946807861328e+02,
       8.2114578247070312e+01, 1.6671748352050781e+02,
       2.9561248779296875e+02, 9.5551513671875000e+01,
       2.2992083740234375e+02, 1.0450946807861328e+02,
       2.8964053344726562e+02, 1.0450946807861328e+02,
       1.4631326293945312e+02, 1.1346742248535156e+02,
       2.9859848022460938e+02, 1.1346742248535156e+02,
       2.7172460937500000e+02, 1.5527120971679688e+02,
       2.9561248779296875e+02, 1.6422915649414062e+02,
       2.9561248779296875e+02, 1.8513105773925781e+02 ]
