%YAML:1.0
---
descriptors: !!opencv-matrix
   rows: 69
   cols: 32
   dt: u
   data: [ 114, 180, 177, 212, 127, 86, 152, 255, 27, 123, 180, 59, 124,
       61, 30, 55, 157, 151, 213, 53, 191, 111, 249, 223, 27, 126, 89,
       254, 207, 12, 191, 127, 77, 75, 93, 103, 36, 14, 111, 180, 109,
       168, 126, 108, 247, 97, 145, 50, 22, 100, 108, 110, 201, 176, 237,
       40, 230, 249, 101, 144, 74, 179, 66, 41, 226, 184, 235, 240, 139,
       253, 145, 7, 187, 127, 150, 191, 186, 188, 70, 42, 205, 179, 253,
       145, 191, 111, 242, 227, 223, 119, 220, 251, 205, 76, 150, 95,
       201, 226, 150, 217, 168, 156, 45, 159, 255, 27, 52, 116, 188, 195,
       232, 239, 135, 91, 126, 24, 243, 109, 139, 241, 136, 250, 119,
       204, 154, 128, 139, 169, 196, 36, 223, 243, 238, 40, 233, 66, 251,
       179, 179, 88, 223, 235, 93, 27, 171, 197, 110, 29, 49, 101, 198,
       194, 220, 154, 127, 108, 197, 225, 67, 161, 85, 165, 145, 225,
       178, 46, 104, 31, 59, 161, 107, 80, 223, 51, 200, 252, 55, 31, 60,
       184, 51, 216, 145, 66, 172, 246, 55, 68, 168, 224, 163, 33, 6,
       165, 112, 195, 221, 127, 242, 201, 127, 181, 187, 27, 206, 120,
       94, 46, 187, 141, 223, 51, 22, 112, 217, 214, 159, 28, 11, 119,
       197, 79, 221, 134, 61, 97, 19, 97, 53, 79, 99, 24, 103, 232, 123,
       72, 223, 17, 25, 176, 144, 12, 92, 110, 205, 176, 121, 28, 167,
       221, 33, 20, 66, 171, 66, 161, 126, 100, 242, 231, 69, 126, 250,
       200, 123, 166, 191, 10, 207, 122, 95, 190, 187, 221, 253, 242, 12,
       247, 249, 202, 151, 223, 71, 55, 231, 119, 111, 134, 50, 6, 99,
       77, 67, 115, 173, 102, 37, 238, 250, 198, 33, 46, 180, 100, 120,
       191, 162, 161, 141, 186, 101, 206, 21, 38, 154, 129, 101, 96, 36,
       252, 41, 171, 152, 90, 217, 221, 87, 165, 255, 13, 236, 8, 226,
       242, 38, 52, 216, 234, 66, 88, 94, 42, 106, 61, 111, 255, 5, 107,
       210, 2, 202, 142, 110, 229, 237, 243, 184, 66, 95, 156, 131, 251,
       157, 169, 211, 231, 201, 74, 95, 215, 253, 242, 91, 67, 239, 176,
       238, 215, 239, 253, 151, 251, 132, 113, 1, 203, 127, 101, 116, 10,
       111, 180, 109, 200, 126, 100, 243, 99, 145, 116, 118, 100, 20,
       110, 193, 184, 45, 45, 230, 188, 36, 128, 110, 178, 98, 41, 16,
       11, 61, 225, 18, 207, 169, 55, 36, 45, 86, 130, 181, 7, 0, 97, 46,
       49, 31, 137, 200, 184, 33, 92, 197, 131, 186, 192, 101, 128, 37,
       121, 253, 82, 189, 101, 108, 38, 91, 156, 123, 187, 179, 120, 92,
       123, 221, 251, 181, 69, 125, 255, 169, 71, 203, 192, 222, 251,
       239, 132, 138, 243, 114, 33, 73, 79, 123, 103, 52, 10, 111, 188,
       105, 232, 126, 108, 243, 97, 153, 115, 18, 228, 108, 110, 201,
       176, 237, 44, 230, 249, 37, 128, 78, 178, 194, 104, 127, 79, 98,
       39, 23, 18, 94, 252, 97, 236, 222, 231, 75, 8, 147, 244, 126, 228,
       149, 239, 204, 147, 45, 174, 242, 109, 165, 133, 47, 190, 120, 93,
       124, 122, 221, 101, 9, 46, 87, 152, 35, 238, 190, 76, 127, 39, 65,
       158, 52, 212, 236, 106, 9, 82, 249, 8, 215, 247, 101, 52, 234,
       243, 6, 57, 115, 32, 32, 192, 13, 157, 72, 88, 239, 240, 180, 201,
       139, 140, 86, 54, 204, 129, 127, 157, 142, 35, 246, 208, 159, 216,
       139, 124, 66, 140, 82, 116, 34, 178, 215, 189, 106, 137, 184, 67,
       190, 25, 210, 227, 188, 159, 160, 73, 238, 57, 247, 133, 131, 218,
       66, 221, 28, 50, 250, 202, 4, 140, 35, 185, 108, 227, 52, 71, 173,
       31, 86, 184, 203, 184, 191, 8, 195, 105, 220, 151, 136, 196, 236,
       122, 200, 97, 233, 156, 235, 217, 101, 125, 66, 174, 90, 2, 40,
       177, 185, 75, 249, 93, 83, 223, 111, 117, 44, 45, 166, 157, 78,
       16, 137, 26, 194, 80, 151, 58, 251, 49, 111, 213, 20, 119, 218,
       14, 198, 255, 108, 249, 169, 231, 184, 75, 79, 188, 131, 248, 158,
       169, 211, 239, 217, 50, 221, 212, 253, 250, 91, 67, 235, 176, 239,
       221, 173, 253, 136, 187, 214, 113, 193, 170, 159, 176, 168, 173,
       96, 23, 238, 27, 162, 88, 182, 227, 64, 91, 129, 34, 110, 24, 51,
       109, 194, 113, 157, 146, 118, 120, 200, 64, 131, 41, 199, 201,
       111, 167, 34, 14, 239, 168, 40, 240, 131, 130, 221, 63, 25, 99,
       38, 213, 121, 239, 225, 209, 189, 108, 245, 42, 207, 20, 4, 179,
       3, 96, 253, 251, 105, 230, 60, 139, 79, 189, 18, 232, 180, 236,
       243, 215, 217, 48, 94, 252, 93, 250, 203, 90, 236, 62, 250, 205,
       165, 252, 44, 186, 210, 57, 109, 41, 141, 231, 172, 47, 78, 157,
       166, 249, 190, 236, 211, 103, 217, 122, 221, 86, 125, 94, 153, 65,
       203, 32, 238, 223, 229, 180, 136, 251, 192, 25, 89, 251, 187, 234,
       57, 141, 19, 21, 239, 109, 239, 76, 190, 223, 66, 112, 150, 59,
       124, 20, 143, 9, 250, 243, 251, 253, 46, 250, 152, 2, 131, 107,
       184, 153, 111, 181, 85, 203, 229, 55, 61, 65, 82, 199, 179, 45,
       54, 193, 104, 186, 151, 65, 233, 184, 84, 175, 167, 113, 154, 1,
       109, 28, 212, 250, 75, 185, 190, 243, 169, 221, 57, 150, 175, 89,
       150, 68, 188, 247, 98, 106, 197, 51, 255, 144, 151, 73, 178, 241,
       207, 223, 126, 250, 138, 0, 137, 127, 186, 95, 111, 245, 21, 202,
       237, 55, 181, 64, 210, 199, 179, 29, 20, 67, 104, 246, 191, 197,
       249, 188, 85, 174, 103, 235, 254, 129, 111, 140, 116, 250, 104,
       62, 249, 101, 114, 14, 105, 19, 121, 130, 110, 108, 155, 55, 128,
       246, 38, 252, 36, 8, 137, 248, 241, 10, 199, 237, 36, 0, 234, 224,
       70, 57, 41, 59, 225, 69, 117, 26, 97, 90, 121, 232, 118, 104, 26,
       48, 149, 182, 58, 204, 84, 40, 129, 250, 229, 200, 22, 60, 33,
       130, 111, 164, 82, 173, 194, 152, 151, 243, 41, 236, 57, 6, 191,
       27, 83, 112, 188, 151, 32, 239, 167, 51, 255, 17, 51, 77, 146,
       241, 133, 242, 122, 195, 136, 0, 133, 187, 3, 2, 215, 217, 122,
       139, 185, 19, 174, 17, 210, 240, 189, 134, 128, 77, 110, 57, 123,
       140, 3, 220, 71, 213, 132, 50, 218, 194, 12, 136, 33, 169, 193,
       18, 151, 221, 42, 138, 176, 51, 188, 59, 210, 112, 188, 178, 128,
       239, 230, 53, 110, 0, 49, 221, 193, 199, 140, 182, 122, 194, 138,
       128, 1, 45, 112, 49, 120, 101, 116, 79, 71, 61, 96, 172, 254, 8,
       211, 53, 128, 48, 28, 212, 76, 106, 200, 186, 113, 12, 239, 173,
       37, 20, 97, 186, 70, 43, 33, 91, 103, 79, 116, 139, 235, 112, 109,
       72, 126, 228, 243, 69, 181, 52, 94, 56, 22, 110, 193, 176, 101,
       93, 102, 158, 32, 128, 95, 138, 82, 249, 81, 187, 59, 250, 48,
       141, 91, 80, 127, 77, 125, 77, 191, 215, 98, 112, 180, 187, 21,
       92, 219, 26, 184, 63, 251, 237, 34, 232, 56, 130, 35, 123, 18,
       248, 59, 250, 11, 245, 153, 198, 143, 89, 132, 35, 172, 223, 98,
       40, 231, 51, 251, 209, 3, 11, 186, 241, 219, 85, 154, 251, 154, 7,
       37, 123, 54, 33, 112, 161, 103, 79, 250, 72, 41, 36, 177, 11, 14,
       26, 86, 148, 234, 157, 223, 227, 28, 179, 81, 208, 151, 216, 138,
       119, 117, 15, 127, 134, 10, 248, 175, 186, 79, 209, 185, 196, 143,
       85, 149, 171, 172, 223, 110, 142, 239, 59, 251, 209, 2, 75, 186,
       241, 95, 85, 158, 251, 151, 31, 55, 250, 107, 227, 236, 10, 79,
       17, 220, 233, 203, 116, 181, 175, 106, 200, 254, 190, 126, 128,
       238, 239, 206, 99, 238, 209, 22, 89, 193, 191, 127, 190, 250, 197,
       179, 91, 71, 15, 28, 23, 206, 252, 68, 224, 240, 198, 113, 72,
       181, 165, 92, 232, 22, 239, 237, 179, 125, 189, 50, 72, 165, 148,
       125, 191, 120, 156, 189, 4, 108, 101, 100, 55, 77, 89, 85, 234,
       247, 154, 83, 13, 155, 57, 88, 140, 23, 174, 168, 182, 101, 14,
       71, 203, 225, 133, 119, 251, 126, 224, 195, 150, 151, 215, 48,
       172, 57, 51, 188, 27, 67, 84, 188, 183, 32, 111, 167, 55, 250, 0,
       179, 220, 163, 231, 141, 182, 90, 66, 136, 0, 129, 57, 252, 233,
       120, 102, 124, 11, 87, 184, 67, 172, 181, 9, 83, 73, 83, 16, 24,
       220, 77, 122, 200, 50, 201, 62, 250, 205, 37, 125, 103, 187, 90,
       2, 176, 145, 121, 101, 52, 15, 71, 49, 100, 172, 254, 104, 211,
       17, 144, 48, 94, 212, 68, 106, 201, 184, 97, 14, 239, 173, 33, 16,
