%YAML:1.0
---
descriptors: !!opencv-matrix
   rows: 30
   cols: 32
   dt: u
   data: [ 104, 176, 56, 107, 137, 77, 81, 173, 2, 53, 173, 25, 214, 87,
       74, 16, 145, 19, 201, 48, 90, 98, 219, 21, 239, 213, 21, 127, 80,
       10, 198, 98, 242, 75, 71, 172, 12, 66, 71, 229, 229, 36, 178, 2,
       99, 42, 37, 87, 232, 244, 108, 227, 104, 227, 1, 172, 177, 226,
       198, 19, 33, 58, 244, 46, 88, 188, 188, 114, 169, 237, 17, 143,
       171, 63, 172, 57, 174, 183, 66, 26, 131, 83, 237, 16, 26, 73, 234,
       113, 219, 215, 85, 127, 194, 64, 135, 107, 5, 160, 221, 241, 236,
       169, 249, 27, 238, 51, 49, 88, 157, 169, 216, 42, 171, 11, 110,
       29, 19, 124, 203, 211, 204, 158, 127, 116, 220, 200, 195, 161,
       246, 72, 214, 158, 77, 70, 94, 232, 185, 134, 242, 11, 106, 250,
       37, 91, 248, 245, 239, 227, 108, 231, 219, 232, 147, 186, 195, 27,
       1, 123, 126, 14, 6, 164, 144, 131, 221, 111, 184, 73, 62, 183,
       177, 27, 204, 120, 76, 8, 187, 31, 107, 177, 50, 115, 217, 214,
       157, 22, 95, 119, 132, 75, 135, 130, 240, 72, 223, 254, 76, 8,
       109, 4, 185, 146, 242, 90, 251, 99, 5, 91, 107, 229, 110, 170,
       104, 71, 195, 226, 148, 186, 242, 24, 37, 241, 114, 8, 202, 16,
       157, 185, 41, 232, 120, 7, 191, 25, 211, 17, 191, 159, 0, 216,
       198, 51, 253, 145, 18, 76, 210, 209, 197, 243, 250, 219, 144, 0,
       37, 27, 90, 180, 55, 178, 19, 236, 49, 103, 189, 29, 75, 17, 190,
       191, 32, 80, 167, 59, 253, 17, 50, 137, 18, 199, 217, 247, 26,
       203, 128, 4, 165, 123, 105, 125, 28, 109, 189, 15, 84, 182, 127,
       168, 188, 8, 191, 57, 1, 48, 204, 252, 108, 72, 233, 186, 81, 158,
       231, 255, 37, 48, 74, 248, 74, 11, 70, 161, 144, 129, 221, 111,
       176, 73, 63, 53, 179, 26, 204, 120, 76, 8, 187, 157, 107, 177, 18,
       115, 217, 212, 157, 22, 143, 103, 128, 10, 133, 130, 244, 72, 223,
       253, 110, 40, 237, 4, 185, 146, 242, 90, 255, 227, 21, 91, 107,
       229, 110, 138, 33, 103, 199, 226, 212, 186, 250, 24, 165, 249,
       115, 160, 60, 40, 186, 241, 205, 45, 241, 202, 214, 179, 165, 26,
       22, 185, 105, 10, 185, 220, 107, 24, 26, 119, 154, 160, 219, 207,
       81, 127, 195, 121, 86, 162, 246, 72, 214, 188, 77, 70, 86, 224,
       185, 142, 242, 11, 110, 250, 37, 95, 232, 245, 239, 195, 76, 103,
       210, 232, 145, 178, 199, 27, 1, 125, 126, 14, 5, 164, 217, 227,
       236, 169, 233, 27, 110, 179, 57, 88, 157, 227, 216, 40, 187, 139,
       110, 29, 19, 120, 203, 208, 204, 159, 63, 252, 204, 202, 195, 161,
       74, 144, 151, 186, 57, 236, 56, 3, 191, 29, 195, 17, 172, 223, 40,
       200, 199, 51, 253, 17, 50, 77, 146, 247, 137, 247, 26, 203, 144,
       0, 165, 59, 82, 149, 51, 186, 155, 228, 49, 103, 191, 21, 201, 19,
       172, 255, 40, 64, 163, 59, 251, 145, 18, 11, 146, 247, 217, 118,
       26, 75, 144, 4, 165, 122, 189, 97, 105, 103, 116, 75, 67, 248,
       113, 224, 245, 72, 83, 65, 153, 48, 88, 204, 68, 106, 201, 178,
       109, 62, 246, 205, 33, 52, 101, 187, 86, 224, 73, 61, 19, 244, 49,
       205, 84, 39, 189, 41, 106, 24, 190, 179, 0, 240, 128, 55, 252, 0,
       97, 217, 146, 207, 227, 255, 22, 51, 74, 0, 131, 43, 120, 89, 59,
       110, 77, 68, 87, 116, 225, 140, 164, 8, 114, 249, 100, 115, 200,
       244, 121, 98, 72, 35, 178, 41, 243, 249, 68, 27, 67, 50, 102, 42,
       212, 78, 223, 191, 110, 40, 237, 26, 187, 146, 178, 90, 255, 171,
       209, 91, 107, 229, 127, 138, 41, 103, 199, 226, 212, 186, 254,
       152, 164, 249, 35, 40, 27, 16, 114, 225, 100, 8, 248, 80, 109, 96,
       242, 199, 159, 15, 148, 25, 238, 145, 87, 173, 201, 176, 21, 192,
       214, 217, 170, 128, 47, 132, 115, 145, 66, 148, 23, 186, 27, 228,
       49, 67, 191, 29, 203, 19, 172, 247, 104, 78, 229, 19, 251, 16, 50,
       73, 146, 247, 153, 246, 26, 91, 144, 4, 165, 115, 75, 146, 151,
       251, 49, 172, 56, 18, 190, 27, 67, 84, 188, 151, 40, 234, 135, 51,
       249, 16, 179, 205, 146, 247, 133, 247, 90, 66, 136, 1, 137, 59,
       82, 189, 23, 254, 19, 204, 52, 103, 189, 1, 234, 16, 174, 183, 32,
       245, 162, 51, 234, 0, 114, 137, 178, 229, 177, 242, 30, 27, 0, 0,
       167, 42, 177, 205, 101, 77, 84, 75, 199, 121, 85, 224, 248, 74,
       115, 84, 181, 165, 88, 168, 86, 110, 233, 178, 101, 159, 53, 8,
       37, 148, 119, 170, 82, 236, 180, 239, 120, 97, 92, 75, 83, 248,
       82, 164, 180, 11, 83, 65, 153, 17, 24, 220, 69, 106, 104, 54, 73,
       63, 247, 201, 37, 52, 117, 187, 86, 162, 104, 161, 88, 225, 112,
       139, 99, 51, 38, 37, 126, 8, 183, 131, 130, 112, 114, 172, 6, 24,
       26, 154, 241, 31, 207, 237, 32, 96, 32, 130, 70, 40, 177, 85, 101,
       77, 20, 91, 194, 120, 84, 232, 242, 102, 115, 28, 180, 165, 120,
       164, 22, 111, 237, 178, 117, 157, 54, 74, 161, 144, 125, 170, 80,
       189, 194, 167, 23, 222, 43, 192, 61, 103, 174, 23, 192, 177, 172,
       247, 32, 87, 231, 59, 235, 128, 98, 79, 162, 213, 177, 178, 94,
       139, 16, 0, 167, 251 ]
keypoints: !!opencv-matrix
   rows: 30
   cols: 2
   dt: d
   data: [ 2.0592001342773438e+02, 2.3472001647949219e+02,
       7.9200004577636719e+01, 1.4256001281738281e+02,
       2.4624000549316406e+02, 2.4336001586914062e+02,
       1.7280000305175781e+02, 2.4336001586914062e+02,
       1.0080000305175781e+02, 2.3904000854492188e+02,
       1.0224000549316406e+02, 2.3040000915527344e+02,
       1.7280000305175781e+02, 2.3472001647949219e+02,
       1.5897601318359375e+02, 1.6416001892089844e+02,
       1.6588801574707031e+02, 1.6416001892089844e+02,
       1.7280001831054688e+02, 1.7452801513671875e+02,
       1.0195201110839844e+02, 2.2982402038574219e+02,
       1.7280001831054688e+02, 2.3500802612304688e+02,
       6.5664009094238281e+01, 2.3846401977539062e+02,
       1.0022400665283203e+02, 2.4019201660156250e+02,
       1.7280001831054688e+02, 2.4364802551269531e+02,
       1.5966722106933594e+02, 1.6381442260742188e+02,
       1.6588803100585938e+02, 1.6381442260742188e+02,
       1.1819521331787109e+02, 1.6588803100585938e+02,
       1.7003521728515625e+02, 1.7210882568359375e+02,
       6.8428810119628906e+01, 2.3224322509765625e+02,
       1.7418241882324219e+02, 2.3431683349609375e+02,
       2.9113351440429688e+02, 1.0699778747558594e+02,
       1.5925251770019531e+02, 1.6422915649414062e+02,
       1.5178755187988281e+02, 1.6671748352050781e+02,
       1.6920579528808594e+02, 1.7169412231445312e+02,
       1.1943939208984375e+02, 1.6422915649414062e+02,
       1.2839733886718750e+02, 1.7020114135742188e+02,
       1.0749545288085938e+02, 1.7915908813476562e+02,
       1.1824500274658203e+02, 1.6482637023925781e+02,
       1.6840954589843750e+02, 1.7199273681640625e+02 ]
