%YAML:1.0
---
descriptors: !!opencv-matrix
   rows: 15
   cols: 32
   dt: u
   data: [ 246, 64, 214, 142, 77, 70, 86, 104, 185, 134, 163, 11, 78,
       250, 45, 223, 248, 213, 237, 227, 108, 71, 155, 200, 145, 178,
       207, 31, 1, 63, 118, 6, 122, 233, 110, 122, 239, 208, 221, 237,
       227, 85, 180, 171, 59, 220, 182, 48, 234, 179, 253, 197, 222, 15,
       174, 245, 251, 107, 254, 251, 103, 134, 254, 95, 27, 93, 123, 228,
       114, 150, 63, 112, 45, 192, 94, 230, 125, 159, 165, 112, 182, 125,
       151, 231, 193, 153, 48, 236, 247, 237, 42, 130, 47, 162, 33, 121,
       93, 96, 152, 167, 32, 42, 106, 24, 96, 162, 195, 0, 215, 99, 89,
       90, 114, 205, 108, 239, 8, 212, 205, 0, 196, 225, 107, 0, 164,
       243, 43, 0, 65, 166, 133, 37, 164, 14, 109, 191, 106, 187, 43, 92,
       215, 32, 216, 123, 147, 70, 108, 60, 208, 252, 197, 0, 172, 190,
       117, 84, 192, 224, 195, 0, 133, 164, 221, 241, 236, 169, 233, 91,
       254, 179, 49, 90, 157, 227, 216, 43, 35, 15, 110, 28, 51, 116,
       239, 210, 204, 147, 119, 100, 220, 200, 195, 160, 240, 72, 223,
       246, 78, 8, 109, 132, 249, 146, 178, 90, 127, 106, 21, 91, 106,
       229, 125, 234, 105, 71, 195, 226, 212, 170, 254, 152, 37, 241, 99,
       40, 209, 88, 159, 118, 8, 76, 69, 156, 240, 250, 166, 24, 119,
       115, 1, 123, 33, 244, 124, 106, 105, 101, 187, 32, 209, 171, 117,
       24, 104, 241, 66, 42, 4, 166, 151, 145, 222, 171, 160, 235, 190,
       179, 67, 210, 204, 226, 104, 77, 51, 76, 106, 184, 50, 209, 143,
       222, 28, 6, 127, 100, 128, 96, 163, 160, 18, 178, 215, 161, 106,
       139, 184, 66, 47, 177, 210, 235, 140, 158, 68, 12, 238, 157, 127,
       17, 2, 251, 67, 208, 156, 16, 27, 246, 197, 12, 35, 133, 194, 144,
       151, 186, 49, 228, 57, 3, 191, 31, 195, 16, 172, 191, 40, 74, 165,
       51, 253, 145, 51, 77, 146, 247, 201, 247, 26, 203, 128, 0, 165,
       59, 189, 105, 105, 103, 116, 75, 71, 120, 112, 224, 245, 72, 83,
       81, 147, 48, 88, 236, 22, 110, 201, 178, 109, 62, 119, 141, 37,
       32, 101, 187, 82, 224, 248, 89, 62, 126, 77, 68, 85, 112, 225,
       158, 166, 8, 114, 249, 37, 115, 200, 244, 121, 106, 72, 99, 178,
       41, 243, 249, 64, 27, 67, 50, 102, 42, 188, 4, 104, 109, 116, 99,
       75, 120, 85, 230, 253, 138, 83, 93, 187, 49, 88, 140, 23, 238,
       232, 182, 109, 30, 87, 233, 161, 181, 117, 187, 118, 224, 82, 149,
       30, 186, 155, 192, 57, 103, 190, 21, 204, 179, 172, 247, 42, 64,
       231, 51, 251, 129, 114, 11, 130, 215, 209, 54, 26, 203, 16, 68,
       165, 123 ]
keypoints: !!opencv-matrix
   rows: 15
   cols: 2
   dt: d
   data: [ 152., 241., 4.0800003051757812e+01, 9.7200004577636719e+01,
       1.1088000488281250e+02, 2.5344000244140625e+02,
       3.1824002075195312e+02, 2.5200001525878906e+02, 324.,
       2.5056001281738281e+02, 2.1744000244140625e+02,
       2.4480000305175781e+02, 2.1888000488281250e+02,
       2.3760000610351562e+02, 2.8339202880859375e+02,
       2.4019201660156250e+02, 1.8835202026367188e+02,
       1.7452801513671875e+02, 1.8835202026367188e+02,
       1.6761601257324219e+02, 2.0321282958984375e+02,
       1.6588803100585938e+02, 1.6381442260742188e+02,
       1.6796162414550781e+02, 1.1197441864013672e+02,
       2.3431683349609375e+02, 1.7667076110839844e+02,
       1.6422915649414062e+02, 2.1150724792480469e+02,
       1.6671748352050781e+02 ]
