%YAML:1.0
---
descriptors: !!opencv-matrix
   rows: 33
   cols: 32
   dt: u
   data: [ 202, 168, 188, 122, 137, 253, 17, 135, 187, 63, 164, 25, 174,
       255, 66, 27, 129, 115, 233, 16, 50, 77, 202, 113, 207, 211, 85,
       123, 210, 64, 143, 11, 70, 172, 148, 151, 149, 232, 166, 130, 187,
       179, 139, 19, 236, 226, 76, 198, 225, 235, 234, 145, 38, 88, 202,
       227, 189, 22, 159, 107, 128, 119, 191, 142, 104, 184, 188, 122,
       137, 221, 16, 143, 139, 63, 164, 57, 174, 255, 66, 27, 129, 115,
       233, 16, 18, 79, 218, 49, 219, 211, 93, 123, 210, 4, 143, 11, 198,
       173, 148, 159, 223, 136, 166, 168, 190, 144, 1, 19, 236, 226, 76,
       199, 241, 107, 106, 211, 54, 64, 138, 255, 172, 22, 143, 111, 128,
       115, 137, 134, 34, 160, 86, 168, 107, 3, 152, 104, 191, 160, 240,
       137, 78, 222, 44, 145, 222, 29, 255, 101, 68, 195, 2, 220, 154,
       218, 11, 191, 84, 12, 43, 135, 109, 99, 56, 103, 52, 31, 99, 56,
       109, 172, 255, 8, 223, 83, 137, 116, 18, 204, 108, 106, 200, 176,
       233, 12, 229, 189, 35, 52, 64, 179, 67, 33, 69, 176, 152, 163,
       160, 47, 121, 25, 58, 185, 55, 92, 223, 83, 72, 26, 151, 29, 77,
       50, 19, 80, 217, 80, 205, 209, 39, 116, 200, 131, 131, 19, 90,
       185, 188, 112, 169, 237, 17, 143, 171, 61, 172, 9, 174, 159, 66,
       26, 167, 147, 237, 16, 26, 75, 138, 113, 219, 209, 85, 123, 210,
       4, 143, 75, 5, 166, 217, 225, 252, 169, 233, 91, 110, 177, 187,
       90, 159, 139, 216, 40, 191, 11, 126, 25, 147, 120, 203, 210, 204,
       156, 63, 244, 220, 202, 193, 161, 72, 148, 25, 255, 57, 205, 17,
       191, 30, 121, 44, 24, 190, 23, 72, 112, 133, 27, 238, 0, 3, 8, 83,
       55, 231, 213, 48, 59, 88, 8, 135, 27, 45, 48, 185, 67, 221, 111,
       67, 152, 74, 249, 37, 8, 210, 21, 73, 58, 145, 92, 80, 122, 1,
       112, 249, 0, 79, 157, 5, 116, 192, 107, 70, 242, 220, 84, 27, 229,
       17, 78, 103, 64, 117, 162, 238, 10, 91, 19, 1, 112, 184, 213, 104,
       226, 105, 151, 177, 10, 243, 239, 3, 1, 97, 49, 102, 34, 70, 160,
       134, 158, 27, 137, 162, 232, 190, 144, 129, 3, 236, 226, 105, 199,
       241, 105, 234, 243, 102, 65, 138, 253, 188, 6, 207, 111, 128, 38,
       43, 134, 74, 188, 63, 246, 49, 236, 49, 55, 189, 9, 122, 49, 190,
       191, 32, 112, 132, 59, 221, 1, 51, 136, 18, 199, 207, 247, 26,
       203, 2, 64, 135, 59, 50, 32, 86, 172, 43, 3, 152, 72, 13, 160,
       240, 139, 15, 159, 36, 144, 254, 157, 255, 33, 12, 163, 67, 212,
       146, 216, 11, 191, 85, 40, 43, 131, 61, 99, 120, 103, 116, 31, 99,
       184, 101, 172, 255, 8, 223, 67, 155, 52, 26, 204, 76, 106, 201,
       178, 105, 12, 247, 253, 33, 20, 99, 171, 70, 161, 72, 249, 184,
       211, 187, 208, 183, 143, 234, 53, 174, 40, 188, 191, 68, 98, 131,
       87, 249, 208, 82, 105, 251, 241, 239, 157, 23, 127, 130, 16, 133,
       42, 100, 177, 57, 99, 153, 111, 81, 25, 58, 61, 45, 24, 214, 23,
       72, 56, 145, 20, 72, 58, 27, 112, 249, 20, 205, 156, 1, 116, 208,
       3, 198, 98, 116, 231, 132, 37, 172, 47, 70, 168, 99, 191, 171,
       121, 195, 96, 219, 159, 153, 198, 108, 127, 60, 97, 203, 32, 188,
       210, 101, 53, 192, 253, 218, 4, 90, 16, 60, 241, 37, 204, 120, 19,
       60, 57, 211, 17, 191, 31, 0, 73, 230, 53, 253, 145, 10, 220, 209,
       197, 199, 243, 250, 195, 128, 0, 5, 43, 74, 149, 19, 250, 155,
       228, 48, 103, 189, 25, 201, 17, 172, 255, 32, 80, 165, 59, 251, 1,
       18, 11, 18, 247, 209, 247, 26, 75, 16, 4, 165, 59, 108, 177, 17,
       99, 153, 111, 81, 41, 42, 57, 41, 24, 214, 87, 72, 48, 145, 20,
       72, 56, 19, 112, 249, 21, 205, 152, 1, 118, 208, 2, 198, 34, 188,
       241, 120, 104, 100, 79, 95, 248, 65, 30, 245, 10, 83, 93, 154, 48,
       124, 216, 20, 106, 203, 38, 121, 21, 83, 201, 97, 44, 115, 187,
       118, 243, 19, 2, 121, 225, 100, 8, 248, 16, 109, 1, 246, 194, 159,
       15, 148, 41, 238, 145, 87, 173, 137, 176, 69, 192, 134, 249, 186,
       128, 47, 140, 113, 129, 1, 136, 31, 155, 52, 205, 120, 199, 94,
       113, 66, 80, 188, 210, 104, 104, 163, 43, 50, 28, 51, 220, 18,
       119, 141, 158, 26, 102, 152, 8, 129, 173, 66, 146, 22, 187, 32,
       172, 56, 0, 174, 25, 83, 244, 173, 150, 40, 201, 199, 49, 255, 16,
       19, 204, 66, 241, 133, 243, 122, 194, 136, 1, 137, 17, 194, 189,
       23, 254, 19, 204, 52, 103, 173, 9, 106, 24, 190, 183, 32, 240,
       164, 51, 234, 0, 83, 137, 146, 229, 177, 241, 30, 11, 0, 0, 167,
       11, 255, 255, 122, 122, 171, 245, 222, 212, 217, 94, 157, 255,
       110, 253, 255, 52, 159, 243, 213, 87, 255, 7, 186, 243, 115, 93,
       172, 251, 223, 223, 254, 119, 9, 138, 78, 29, 16, 142, 105, 183,
       54, 1, 66, 208, 243, 32, 144, 208, 84, 238, 34, 140, 43, 216, 69,
       63, 4, 175, 242, 64, 56, 128, 248, 40, 1, 136, 19, 249, 22, 207,
       33, 207, 94, 81, 66, 18, 188, 211, 40, 104, 243, 43, 50, 24, 51,
       156, 19, 119, 141, 142, 18, 64, 16, 8, 161, 168, 203, 144, 150,
       250, 57, 188, 56, 130, 191, 27, 3, 20, 156, 214, 104, 236, 165,
       19, 249, 20, 55, 77, 146, 211, 137, 247, 90, 74, 152, 1, 41, 22,
       193, 189, 150, 54, 161, 156, 52, 55, 239, 201, 42, 92, 190, 178,
       70, 215, 165, 55, 232, 1, 247, 233, 146, 97, 173, 242, 86, 18, 72,
       0, 139, 31, 66, 177, 23, 222, 11, 192, 53, 103, 174, 23, 224, 177,
       172, 214, 40, 211, 227, 51, 235, 128, 82, 75, 162, 245, 177, 178,
       90, 11, 16, 0, 167, 123 ]
keypoints: !!opencv-matrix
   rows: 33
   cols: 2
   dt: d
   data: [ 1.9080000305175781e+02, 2.4000001525878906e+02,
       8.8800003051757812e+01, 1.6920001220703125e+02,
       1.9008000183105469e+02, 2.4048001098632812e+02,
       8.7840003967285156e+01, 1.6848001098632812e+02,
       8.9280006408691406e+01, 1.6272000122070312e+02,
       6.0480003356933594e+01, 1.6127999877929688e+02,
       2.1081602478027344e+02, 2.4192002868652344e+02,
       1.9008001708984375e+02, 2.4019201660156250e+02,
       1.1577600860595703e+02, 2.4019201660156250e+02,
       2.1254402160644531e+02, 2.3846401977539062e+02,
       1.4515200805664062e+02, 2.3328002929687500e+02,
       2.1945602416992188e+02, 2.3155201721191406e+02,
       8.8128005981445312e+01, 1.6934400939941406e+02,
       1.1232000732421875e+02, 1.6243202209472656e+02,
       8.9856010437011719e+01, 1.6243202209472656e+02,
       6.0480007171630859e+01, 1.6070401000976562e+02,
       3.3523202514648438e+02, 1.2268801116943359e+02,
       1.5379200744628906e+02, 2.3155201721191406e+02,
       1.0540801239013672e+02, 1.7798402404785156e+02,
       1.0195201110839844e+02, 1.6070401000976562e+02,
       1.1197441864013672e+02, 1.6174082946777344e+02,
       1.5552001953125000e+02, 2.3016963195800781e+02,
       3.1850503540039062e+02, 1.0450946807861328e+02,
       2.5878533935546875e+02, 1.0699778747558594e+02,
       3.0606344604492188e+02, 1.5676419067382812e+02,
       9.4556182861328125e+01, 1.6174084472656250e+02,
       1.1446274566650391e+02, 1.6920579528808594e+02,
       1.7318711853027344e+02, 1.1346742248535156e+02,
       2.9262652587890625e+02, 1.4631326293945312e+02,
       3.0457043457031250e+02, 1.5527120971679688e+02,
       9.5551513671875000e+01, 1.6124317932128906e+02,
       1.0450946807861328e+02, 1.7318711853027344e+02,
       1.1107863616943359e+02, 1.6840954589843750e+02 ]
