%YAML:1.0
---
descriptors: !!opencv-matrix
   rows: 56
   cols: 32
   dt: u
   data: [ 246, 100, 241, 229, 39, 42, 248, 0, 105, 162, 187, 139, 79,
       59, 93, 30, 190, 221, 125, 179, 140, 246, 197, 202, 151, 248, 207,
       163, 231, 245, 99, 6, 3, 61, 91, 229, 242, 158, 190, 119, 188, 72,
       122, 228, 189, 190, 161, 112, 166, 63, 31, 204, 193, 152, 52, 238,
       244, 253, 46, 128, 12, 144, 163, 185, 81, 77, 222, 213, 52, 138,
       110, 38, 125, 128, 110, 2, 121, 35, 177, 116, 114, 238, 46, 234,
       104, 248, 5, 238, 230, 239, 230, 0, 103, 240, 96, 168, 73, 75, 93,
       103, 36, 14, 111, 180, 108, 168, 126, 100, 251, 97, 145, 114, 22,
       228, 108, 110, 201, 176, 237, 44, 230, 249, 101, 128, 74, 179, 66,
       41, 77, 15, 151, 69, 164, 62, 103, 187, 121, 202, 126, 76, 223,
       96, 157, 254, 145, 70, 108, 46, 145, 240, 235, 35, 134, 255, 101,
       20, 202, 243, 67, 37, 9, 27, 86, 69, 48, 158, 238, 54, 109, 136,
       126, 100, 188, 51, 149, 244, 38, 100, 126, 108, 129, 184, 1, 108,
       38, 255, 34, 128, 74, 160, 75, 169, 157, 79, 71, 117, 176, 170,
       103, 155, 118, 162, 110, 212, 211, 99, 129, 125, 113, 238, 108,
       126, 41, 208, 109, 30, 228, 175, 229, 4, 170, 241, 192, 32, 132,
       253, 21, 186, 153, 135, 166, 236, 158, 16, 160, 74, 180, 210, 40,
       133, 220, 123, 74, 115, 115, 11, 90, 255, 168, 144, 15, 126, 24,
       26, 129, 136, 83, 174, 254, 26, 203, 245, 153, 199, 219, 95, 188,
       31, 44, 234, 102, 94, 229, 227, 235, 149, 150, 111, 174, 241, 27,
       95, 94, 251, 211, 68, 239, 79, 77, 79, 121, 103, 52, 10, 111, 180,
       104, 232, 126, 108, 243, 97, 153, 114, 18, 228, 108, 110, 201,
       176, 237, 44, 230, 249, 37, 128, 78, 187, 66, 41, 16, 49, 59, 161,
       86, 199, 185, 81, 236, 192, 121, 103, 213, 220, 49, 32, 254, 61,
       83, 177, 129, 178, 16, 76, 229, 140, 43, 132, 77, 34, 35, 147,
       205, 77, 215, 85, 176, 10, 101, 191, 117, 242, 230, 84, 211, 35,
       145, 253, 83, 102, 108, 60, 249, 252, 101, 14, 238, 251, 117, 84,
       234, 240, 194, 40, 128, 174, 215, 157, 222, 170, 47, 175, 190,
       131, 64, 210, 253, 227, 224, 65, 51, 111, 42, 154, 115, 220, 142,
       255, 172, 134, 191, 104, 172, 112, 161, 168, 50, 184, 183, 184,
       106, 143, 184, 67, 191, 59, 242, 251, 60, 191, 164, 25, 239, 189,
       255, 1, 50, 223, 66, 213, 156, 18, 95, 234, 196, 140, 35, 185, 41,
       171, 156, 91, 217, 221, 70, 165, 247, 13, 236, 8, 226, 240, 6, 48,
       216, 234, 66, 88, 30, 42, 106, 61, 111, 221, 5, 123, 210, 2, 206,
       134, 38, 37, 240, 193, 221, 127, 250, 73, 127, 181, 185, 27, 206,
       124, 93, 24, 187, 157, 223, 51, 52, 114, 217, 210, 159, 30, 135,
       119, 199, 111, 87, 198, 193, 166, 157, 176, 168, 173, 96, 151,
       238, 27, 162, 88, 182, 195, 64, 91, 129, 2, 110, 24, 51, 109, 194,
       81, 157, 146, 114, 120, 200, 64, 131, 33, 151, 207, 95, 252, 184,
       131, 79, 248, 157, 200, 240, 196, 125, 227, 185, 145, 254, 105,
       22, 238, 225, 195, 10, 253, 248, 155, 239, 140, 28, 243, 33, 161,
       129, 174, 199, 157, 218, 131, 111, 255, 62, 163, 66, 246, 253,
       227, 160, 65, 115, 111, 42, 152, 51, 221, 7, 255, 108, 166, 255,
       32, 172, 240, 161, 168, 65, 128, 151, 157, 58, 139, 152, 107, 158,
       177, 242, 64, 172, 178, 160, 207, 231, 37, 110, 8, 17, 203, 195,
       221, 152, 178, 91, 82, 152, 40, 33, 37, 2, 186, 223, 185, 98, 137,
       184, 67, 190, 25, 210, 227, 188, 159, 160, 73, 238, 185, 247, 129,
       3, 222, 66, 213, 28, 50, 250, 202, 132, 140, 35, 185, 124, 126,
       221, 101, 9, 46, 71, 152, 35, 174, 174, 76, 127, 39, 1, 30, 52,
       212, 236, 106, 9, 82, 217, 8, 215, 231, 97, 52, 234, 243, 6, 57,
       61, 97, 57, 101, 52, 31, 67, 48, 101, 232, 255, 72, 215, 81, 152,
       176, 144, 204, 76, 106, 201, 176, 105, 12, 227, 221, 33, 20, 96,
       171, 66, 97, 120, 88, 249, 109, 34, 74, 69, 58, 112, 170, 102,
       104, 243, 55, 129, 122, 114, 244, 124, 42, 105, 212, 225, 10, 197,
       175, 96, 16, 98, 240, 70, 41, 36, 164, 241, 233, 252, 107, 67,
       136, 19, 53, 57, 24, 214, 53, 72, 60, 217, 156, 7, 56, 27, 50,
       233, 23, 205, 148, 129, 124, 208, 75, 214, 226, 5, 179, 189, 121,
       248, 175, 97, 155, 54, 121, 126, 116, 151, 151, 200, 120, 133, 30,
       55, 24, 147, 216, 123, 17, 77, 205, 53, 228, 216, 192, 128, 177,
       193, 18, 151, 213, 42, 138, 177, 51, 188, 59, 210, 112, 188, 50,
       128, 111, 231, 55, 110, 0, 49, 221, 193, 197, 140, 178, 122, 194,
       138, 0, 1, 45, 3, 2, 215, 153, 82, 143, 185, 19, 190, 17, 66, 208,
       189, 135, 128, 73, 78, 57, 123, 157, 131, 220, 215, 213, 196, 50,
       218, 192, 12, 136, 33, 169, 61, 179, 249, 99, 240, 29, 91, 89, 67,
       233, 61, 236, 91, 93, 220, 48, 31, 152, 86, 126, 155, 50, 237, 18,
       254, 205, 37, 252, 251, 171, 194, 241, 9, 177, 49, 113, 176, 175,
       73, 31, 54, 57, 126, 112, 159, 23, 192, 112, 151, 30, 52, 24, 155,
       216, 113, 21, 205, 223, 53, 196, 210, 128, 128, 41, 198, 36, 148,
       23, 193, 126, 52, 175, 57, 183, 99, 17, 204, 114, 15, 159, 145,
       95, 224, 34, 52, 220, 217, 110, 45, 54, 85, 7, 194, 117, 143, 134,
       67, 185, 191, 242, 169, 157, 57, 151, 175, 89, 150, 116, 188, 247,
       98, 106, 197, 51, 255, 144, 151, 73, 178, 241, 203, 223, 126, 218,
       138, 0, 129, 123, 33, 91, 103, 77, 116, 139, 235, 112, 77, 72,
       127, 228, 115, 69, 181, 36, 94, 48, 22, 110, 193, 176, 101, 221,
       38, 30, 32, 128, 95, 170, 82, 253, 90, 185, 187, 250, 57, 213, 59,
       210, 175, 73, 142, 68, 188, 223, 96, 96, 231, 51, 255, 80, 23, 9,
       178, 243, 219, 213, 26, 91, 152, 1, 37, 123, 90, 248, 59, 250, 11,
       213, 153, 196, 143, 89, 132, 35, 172, 223, 98, 32, 231, 51, 251,
       209, 7, 11, 186, 241, 219, 213, 154, 251, 154, 15, 37, 123, 54,
       33, 112, 161, 103, 95, 250, 72, 41, 36, 185, 11, 142, 26, 87, 148,
       234, 157, 223, 243, 28, 51, 208, 208, 151, 216, 138, 119, 117, 15,
       111, 134, 114, 64, 82, 172, 79, 86, 90, 72, 41, 132, 177, 11, 15,
       30, 55, 212, 250, 149, 223, 227, 76, 163, 145, 204, 179, 248, 131,
       23, 39, 191, 126, 6, 30, 81, 99, 225, 119, 86, 250, 80, 109, 108,
       247, 3, 11, 31, 23, 228, 126, 149, 151, 234, 204, 178, 113, 204,
       183, 249, 130, 135, 39, 175, 116, 215, 255, 230, 238, 26, 239,
       121, 223, 200, 219, 87, 181, 191, 74, 236, 255, 159, 191, 193,
       235, 119, 174, 103, 190, 241, 26, 91, 197, 127, 247, 255, 126, 86,
       51, 107, 106, 69, 116, 26, 224, 87, 105, 232, 254, 100, 42, 8,
       151, 246, 170, 172, 84, 76, 197, 187, 165, 200, 54, 56, 32, 131,
       79, 164, 122, 141, 105, 75, 111, 101, 116, 10, 111, 188, 96, 224,
       118, 204, 243, 65, 145, 51, 26, 228, 70, 110, 193, 176, 229, 44,
       102, 233, 97, 0, 109, 186, 82, 184, 188, 102, 104, 108, 124, 11,
       75, 248, 81, 172, 245, 8, 83, 73, 155, 49, 88, 220, 85, 106, 232,
       54, 76, 29, 247, 201, 161, 181, 117, 171, 94, 162, 67, 150, 151,
       223, 48, 172, 57, 19, 188, 19, 71, 84, 188, 183, 32, 111, 231, 55,
       250, 0, 179, 221, 179, 231, 141, 182, 90, 66, 138, 128, 129, 57,
       252, 233, 104, 102, 60, 11, 86, 184, 67, 164, 181, 9, 83, 73, 81,
       16, 24, 204, 197, 106, 72, 50, 201, 62, 251, 201, 165, 61, 117,
       187, 90, 2, 18, 249, 59, 250, 27, 213, 27, 196, 159, 73, 197, 3,
       188, 223, 105, 96, 246, 59, 223, 209, 3, 3, 186, 243, 219, 213,
       154, 251, 24, 23, 37, 123, 135, 252, 191, 250, 109, 165, 185, 214,
       159, 91, 17, 114, 188, 255, 252, 43, 207, 123, 255, 147, 179, 79,
       186, 241, 29, 218, 250, 234, 152, 73, 161, 179, 182, 1, 82, 224,
       85, 71, 90, 72, 9, 164, 249, 11, 11, 27, 55, 148, 250, 149, 159,
       226, 12, 183, 81, 206, 147, 216, 130, 87, 103, 143, 126, 134, 182,
       64, 82, 228, 69, 82, 90, 104, 9, 164, 251, 11, 11, 30, 39, 212,
       250, 149, 151, 226, 76, 183, 81, 204, 147, 248, 130, 23, 39, 47,
       126, 6, 30, 241, 187, 186, 15, 209, 155, 205, 143, 85, 149, 171,
