%YAML:1.0
---
descriptors: !!opencv-matrix
   rows: 248
   cols: 32
   dt: u
   data: [ 67, 188, 236, 215, 140, 54, 173, 159, 95, 247, 91, 215, 208,
       108, 151, 107, 69, 103, 123, 181, 181, 252, 255, 202, 15, 62, 223,
       134, 141, 124, 145, 92, 197, 111, 27, 155, 234, 169, 47, 198, 172,
       7, 235, 212, 156, 2, 163, 209, 39, 3, 74, 206, 115, 13, 5, 98,
       180, 36, 58, 72, 152, 83, 171, 136, 35, 22, 247, 77, 126, 63, 192,
       127, 95, 233, 82, 238, 66, 104, 180, 165, 94, 236, 54, 45, 173,
       242, 109, 157, 28, 62, 85, 198, 95, 172, 88, 173, 216, 233, 83,
       226, 52, 141, 90, 244, 53, 136, 178, 73, 191, 147, 64, 145, 58,
       248, 78, 122, 106, 62, 192, 172, 251, 217, 37, 104, 106, 128, 66,
       10, 187, 233, 99, 93, 77, 211, 198, 236, 87, 88, 240, 74, 107,
       216, 188, 165, 216, 168, 150, 239, 207, 182, 110, 189, 1, 88, 199,
       175, 87, 28, 118, 228, 18, 222, 59, 187, 18, 195, 27, 199, 30, 76,
       216, 167, 53, 135, 35, 64, 239, 43, 3, 148, 66, 156, 49, 63, 244,
       166, 190, 128, 185, 26, 37, 91, 60, 81, 254, 103, 77, 79, 87, 248,
       69, 181, 127, 11, 91, 125, 41, 18, 216, 212, 163, 106, 8, 178, 27,
       28, 107, 207, 69, 5, 243, 187, 100, 162, 60, 98, 72, 37, 78, 27,
       86, 104, 19, 166, 253, 171, 67, 73, 139, 16, 120, 221, 199, 226,
       72, 182, 193, 26, 246, 199, 161, 57, 101, 187, 78, 130, 92, 74,
       254, 254, 82, 166, 123, 16, 48, 140, 102, 130, 125, 199, 163, 88,
       118, 245, 45, 248, 40, 149, 32, 110, 211, 239, 162, 129, 179, 177,
       37, 121, 67, 160, 43, 92, 26, 212, 168, 56, 188, 64, 70, 192, 252,
       211, 184, 96, 54, 57, 123, 172, 129, 9, 182, 93, 71, 45, 42, 200,
       28, 128, 43, 161, 113, 241, 105, 129, 214, 215, 79, 189, 83, 225,
       136, 78, 19, 22, 82, 112, 88, 140, 16, 253, 223, 26, 245, 20, 189,
       8, 135, 124, 60, 130, 146, 252, 67, 187, 144, 211, 241, 189, 48,
       151, 59, 185, 61, 124, 140, 182, 196, 188, 135, 31, 214, 24, 151,
       92, 154, 243, 14, 92, 20, 238, 138, 76, 139, 157, 252, 36, 252, 4,
       79, 120, 241, 74, 99, 246, 166, 155, 11, 140, 87, 30, 41, 204,
       224, 52, 44, 119, 244, 194, 91, 89, 21, 63, 227, 117, 110, 214,
       40, 191, 90, 122, 250, 137, 22, 247, 159, 12, 124, 237, 44, 203,
       38, 16, 214, 59, 135, 66, 82, 42, 10, 127, 110, 213, 36, 107, 90,
       146, 175, 155, 251, 174, 238, 101, 23, 82, 207, 59, 49, 230, 246,
       151, 115, 45, 150, 179, 121, 228, 253, 173, 173, 255, 245, 142,
       122, 111, 245, 148, 239, 228, 122, 92, 41, 235, 96, 13, 92, 155,
       167, 253, 68, 100, 126, 230, 161, 72, 150, 164, 122, 108, 234,
       111, 199, 184, 101, 61, 108, 37, 38, 1, 95, 158, 253, 220, 67,
       201, 169, 223, 187, 212, 191, 167, 238, 85, 78, 128, 252, 254,
       222, 230, 39, 107, 185, 207, 215, 8, 191, 241, 111, 63, 158, 203,
       150, 22, 173, 124, 60, 45, 123, 98, 84, 223, 103, 240, 97, 132,
       255, 8, 211, 241, 33, 176, 88, 240, 68, 106, 73, 178, 120, 44,
       231, 205, 33, 17, 97, 251, 70, 162, 108, 231, 138, 166, 237, 13,
       70, 232, 162, 190, 189, 13, 199, 225, 75, 19, 201, 192, 206, 114,
       76, 99, 202, 0, 251, 209, 229, 61, 192, 123, 78, 194, 87, 22, 191,
       255, 40, 38, 57, 26, 172, 250, 183, 118, 220, 127, 41, 107, 167,
       117, 125, 42, 161, 197, 187, 192, 195, 186, 122, 150, 136, 113,
       33, 51, 112, 175, 90, 108, 122, 128, 89, 115, 162, 4, 236, 173,
       55, 231, 2, 80, 102, 191, 77, 132, 74, 11, 130, 31, 242, 165, 32,
       153, 48, 128, 38, 27, 62, 221, 100, 111, 151, 19, 222, 252, 23,
       224, 220, 239, 107, 125, 182, 165, 63, 209, 183, 231, 236, 251,
       61, 191, 58, 79, 197, 151, 255, 191, 252, 223, 181, 53, 237, 229,
       218, 6, 79, 248, 18, 234, 188, 206, 81, 103, 209, 51, 127, 204,
       85, 238, 233, 210, 253, 10, 249, 139, 239, 180, 173, 242, 114,
       249, 24, 239, 90, 234, 178, 139, 91, 244, 36, 168, 248, 40, 191,
       243, 161, 16, 190, 251, 7, 240, 10, 154, 8, 60, 248, 205, 39, 96,
       112, 131, 35, 171, 84, 127, 147, 174, 153, 134, 166, 232, 190,
       136, 168, 101, 68, 226, 41, 212, 240, 101, 202, 227, 64, 67, 138,
       126, 176, 166, 15, 62, 152, 115, 43, 130, 66, 184, 145, 186, 137,
       237, 17, 203, 175, 85, 173, 24, 140, 214, 110, 62, 129, 187, 234,
       144, 22, 75, 250, 243, 155, 148, 27, 127, 146, 64, 167, 118, 219,
       124, 191, 86, 67, 116, 53, 54, 161, 206, 206, 12, 124, 182, 3,
       127, 164, 119, 249, 79, 193, 199, 178, 232, 115, 123, 92, 2, 42,
       116, 47, 127, 76, 17, 183, 245, 171, 108, 61, 31, 175, 219, 175,
       16, 220, 55, 72, 250, 167, 87, 253, 144, 17, 201, 147, 192, 205,
       247, 94, 86, 130, 112, 165, 51, 181, 109, 225, 69, 236, 95, 199,
       253, 67, 250, 188, 74, 83, 124, 213, 39, 88, 204, 86, 110, 201,
       99, 255, 8, 57, 136, 229, 188, 127, 251, 210, 244, 215, 30, 14,
       183, 42, 38, 27, 48, 188, 218, 195, 213, 245, 99, 3, 91, 166, 101,
       125, 231, 168, 197, 147, 110, 208, 162, 234, 128, 40, 33, 35, 19,
       103, 253, 161, 22, 201, 221, 22, 236, 155, 255, 169, 45, 226, 244,
       79, 182, 137, 223, 236, 86, 31, 107, 250, 51, 59, 85, 69, 127,
       208, 127, 198, 247, 56, 235, 90, 72, 84, 143, 102, 244, 97, 0,
       244, 78, 51, 3, 160, 21, 120, 184, 70, 234, 74, 186, 80, 61, 119,
       200, 32, 97, 107, 154, 106, 136, 13, 32, 233, 163, 114, 62, 43,
       144, 42, 225, 79, 134, 221, 7, 219, 58, 54, 93, 113, 223, 129,
       208, 253, 96, 204, 205, 43, 228, 164, 167, 3, 240, 245, 98, 204,
       101, 44, 14, 71, 56, 112, 174, 182, 76, 211, 1, 147, 91, 88, 196,
       108, 110, 232, 244, 205, 12, 196, 171, 229, 16, 104, 187, 90, 0,
       43, 48, 117, 252, 127, 247, 217, 31, 91, 253, 180, 191, 221, 189,
       150, 45, 159, 181, 183, 149, 181, 239, 55, 221, 75, 123, 251, 247,
       207, 140, 87, 251, 185, 193, 99, 73, 215, 215, 238, 125, 69, 64,
       126, 66, 89, 88, 188, 164, 122, 8, 22, 236, 221, 184, 53, 157, 46,
       205, 166, 196, 127, 142, 248, 172, 183, 109, 255, 86, 231, 251,
       246, 230, 249, 242, 127, 34, 120, 252, 183, 43, 171, 226, 18, 74,
       101, 253, 44, 234, 50, 10, 85, 3, 231, 255, 102, 206, 67, 233,
       168, 155, 151, 212, 191, 165, 234, 85, 76, 2, 188, 254, 94, 100,
       227, 123, 59, 223, 214, 24, 190, 247, 255, 45, 142, 235, 20, 6,
       183, 238, 120, 39, 74, 44, 120, 128, 88, 119, 32, 5, 236, 141, 55,
       131, 2, 16, 38, 191, 197, 132, 74, 26, 130, 29, 242, 225, 32, 169,
       40, 128, 174, 154, 184, 236, 126, 84, 11, 217, 149, 230, 232, 150,
       164, 24, 34, 220, 7, 59, 139, 112, 233, 98, 102, 103, 242, 41,
       115, 203, 85, 59, 67, 120, 206, 238, 202, 8, 36, 191, 109, 177,
       56, 2, 143, 29, 84, 149, 172, 202, 119, 79, 195, 43, 187, 21, 6,
       76, 194, 241, 14, 114, 218, 187, 30, 12, 25, 223, 56, 251, 172,
       101, 45, 63, 197, 254, 71, 254, 188, 13, 163, 44, 87, 146, 201,
       198, 253, 77, 140, 106, 115, 187, 195, 223, 245, 61, 81, 124, 94,
       90, 245, 37, 237, 229, 158, 6, 78, 56, 16, 170, 190, 74, 115, 51,
       209, 51, 89, 228, 93, 238, 232, 210, 237, 14, 255, 139, 229, 180,
       37, 250, 90, 160, 70, 250, 149, 27, 234, 141, 156, 158, 154, 255,
       17, 237, 172, 254, 204, 15, 135, 115, 235, 87, 199, 73, 250, 241,
       12, 16, 95, 254, 220, 87, 135, 221, 130, 158, 158, 187, 201, 165,
       60, 207, 190, 31, 64, 149, 172, 238, 34, 73, 229, 59, 171, 149,
       54, 92, 210, 247, 205, 83, 222, 235, 144, 68, 173, 218, 62, 71,
       231, 68, 114, 18, 111, 248, 49, 134, 255, 226, 73, 103, 159, 183,
       62, 252, 180, 234, 232, 242, 173, 206, 50, 235, 69, 132, 103, 247,
       102, 244, 79, 126, 225, 69, 226, 63, 188, 150, 59, 242, 62, 237,
       141, 44, 215, 190, 135, 237, 245, 238, 197, 116, 244, 200, 38, 95,
       77, 166, 206, 245, 11, 213, 24, 239, 83, 226, 178, 139, 79, 244,
       36, 128, 232, 232, 247, 67, 161, 80, 62, 251, 15, 250, 73, 155, 8,
       61, 248, 197, 39, 80, 40, 131, 35, 168, 62, 241, 37, 74, 137, 213,
