%YAML:1.0
---
descriptors: !!opencv-matrix
   rows: 170
   cols: 32
   dt: u
   data: [ 11, 93, 106, 201, 118, 215, 255, 181, 12, 72, 94, 134, 253,
       95, 179, 224, 126, 59, 151, 239, 193, 144, 53, 253, 103, 125, 170,
       128, 54, 222, 253, 249, 77, 155, 239, 247, 174, 154, 255, 184,
       231, 251, 214, 230, 249, 239, 217, 106, 103, 102, 127, 218, 243,
       217, 239, 241, 126, 235, 247, 132, 175, 247, 240, 217, 88, 133,
       13, 175, 148, 110, 103, 59, 116, 70, 203, 2, 215, 99, 8, 83, 113,
       198, 40, 168, 121, 152, 125, 15, 253, 231, 194, 68, 32, 98, 164,
       96, 82, 92, 54, 180, 103, 244, 183, 98, 173, 206, 94, 34, 172,
       158, 39, 102, 166, 123, 191, 67, 196, 141, 178, 237, 179, 245, 26,
       139, 6, 5, 45, 223, 6, 157, 190, 145, 174, 102, 185, 230, 191, 95,
       210, 19, 212, 190, 102, 75, 239, 95, 59, 145, 52, 217, 51, 224,
       221, 50, 222, 199, 132, 73, 181, 219, 234, 61, 58, 226, 211, 134,
       123, 113, 177, 172, 215, 30, 24, 159, 64, 21, 108, 191, 213, 152,
       120, 223, 176, 238, 251, 217, 142, 202, 43, 130, 38, 251, 173,
       255, 235, 238, 222, 41, 230, 252, 206, 218, 185, 246, 243, 225,
       249, 99, 125, 234, 78, 238, 249, 35, 206, 255, 254, 205, 167, 172,
       253, 251, 240, 177, 205, 233, 147, 112, 241, 142, 111, 161, 186,
       128, 34, 24, 94, 227, 96, 217, 145, 237, 106, 124, 113, 195, 152,
       74, 253, 190, 7, 76, 136, 32, 227, 48, 119, 207, 196, 134, 222,
       19, 198, 252, 65, 226, 156, 207, 115, 104, 191, 166, 121, 196, 82,
       239, 237, 99, 13, 174, 58, 14, 133, 188, 191, 255, 122, 140, 220,
       252, 181, 49, 171, 104, 55, 154, 242, 123, 18, 56, 223, 118, 200,
       127, 179, 87, 253, 243, 179, 68, 187, 55, 233, 227, 111, 198, 170,
       117, 135, 115, 152, 94, 62, 188, 44, 133, 159, 246, 156, 14, 214,
       55, 63, 173, 51, 1, 175, 113, 215, 135, 236, 175, 2, 191, 243,
       199, 122, 153, 84, 184, 45, 219, 90, 188, 189, 250, 137, 253, 17,
       207, 187, 23, 165, 25, 174, 255, 76, 59, 131, 147, 233, 16, 50,
       79, 250, 243, 219, 211, 90, 127, 146, 64, 167, 42, 250, 198, 186,
       254, 105, 97, 85, 203, 155, 54, 172, 25, 47, 207, 111, 82, 217,
       185, 229, 2, 72, 7, 170, 179, 211, 213, 216, 63, 18, 126, 38, 234,
       39, 76, 114, 79, 117, 211, 163, 96, 93, 68, 125, 2, 104, 220, 183,
       164, 88, 40, 146, 106, 135, 162, 108, 255, 38, 62, 3, 11, 87, 175,
       120, 228, 138, 137, 38, 159, 83, 148, 58, 230, 157, 0, 64, 131,
       172, 238, 53, 197, 238, 123, 147, 197, 38, 138, 18, 255, 39, 118,
       154, 139, 22, 4, 33, 222, 252, 188, 189, 184, 169, 100, 95, 202,
       179, 183, 164, 25, 95, 215, 74, 91, 197, 215, 253, 210, 58, 71,
       251, 177, 219, 219, 95, 126, 130, 117, 166, 115, 27, 51, 236, 229,
       53, 86, 89, 25, 1, 204, 86, 164, 121, 95, 223, 247, 86, 60, 181,
       188, 197, 208, 183, 136, 203, 249, 175, 129, 46, 164, 92, 117, 2,
       204, 6, 157, 89, 196, 184, 230, 159, 0, 64, 3, 172, 254, 53, 69,
       236, 123, 59, 193, 102, 137, 18, 255, 37, 54, 218, 11, 16, 20, 37,
       142, 98, 188, 237, 245, 92, 175, 240, 118, 59, 107, 242, 111, 242,
       61, 20, 34, 253, 247, 127, 1, 155, 250, 217, 255, 29, 62, 178,
       210, 205, 8, 86, 243, 2, 205, 0, 137, 213, 215, 190, 175, 14, 69,
       78, 3, 236, 58, 46, 196, 209, 11, 147, 129, 118, 152, 81, 255, 45,
       54, 158, 71, 18, 14, 189, 206, 191, 159, 255, 255, 244, 34, 207,
       255, 91, 234, 254, 254, 123, 105, 157, 33, 127, 239, 55, 175, 249,
       250, 109, 255, 250, 191, 239, 148, 237, 250, 242, 57, 237, 109,
       150, 120, 217, 158, 108, 123, 171, 144, 36, 8, 237, 195, 113, 183,
       225, 100, 234, 124, 113, 239, 154, 140, 61, 219, 71, 72, 202, 36,
       235, 160, 220, 30, 250, 252, 241, 238, 123, 82, 177, 134, 126,
       129, 63, 231, 35, 88, 118, 254, 133, 154, 56, 151, 176, 170, 211,
       255, 34, 129, 178, 241, 108, 115, 139, 207, 10, 189, 22, 146, 170,
       230, 60, 65, 90, 231, 173, 138, 51, 192, 102, 107, 147, 197, 231,
       152, 6, 255, 164, 103, 186, 128, 60, 20, 57, 93, 138, 95, 54, 156,
       75, 244, 190, 102, 189, 132, 222, 163, 172, 254, 39, 196, 230,
       251, 187, 195, 68, 139, 18, 235, 51, 113, 202, 139, 23, 85, 45,
       223, 142, 91, 38, 156, 199, 148, 190, 98, 157, 196, 202, 135, 44,
       238, 55, 196, 238, 107, 179, 199, 196, 155, 18, 236, 55, 112, 202,
       139, 31, 125, 53, 214, 70, 153, 191, 145, 236, 196, 169, 247, 190,
       125, 214, 18, 180, 183, 96, 74, 103, 87, 59, 145, 18, 217, 179,
       97, 221, 34, 254, 196, 128, 72, 165, 251, 163, 90, 234, 159, 102,
       144, 174, 244, 112, 66, 87, 247, 57, 236, 182, 169, 126, 237, 55,
       207, 229, 246, 174, 227, 52, 43, 250, 136, 109, 181, 251, 221,
       108, 117, 216, 231, 48, 79, 127, 144, 33, 160, 111, 9, 215, 55,
       11, 16, 148, 220, 93, 98, 8, 176, 249, 46, 231, 237, 37, 17, 224,
       179, 78, 114, 53, 13, 75, 186, 22, 163, 203, 98, 212, 65, 217,
       130, 113, 232, 49, 96, 120, 170, 19, 157, 11, 171, 92, 63, 113,
       175, 170, 72, 189, 139, 112, 160, 245, 190, 215, 254, 244, 47,
       207, 255, 123, 234, 250, 94, 127, 105, 156, 49, 223, 239, 119, 47,
       249, 254, 121, 255, 251, 255, 231, 148, 205, 248, 226, 57, 28,
       186, 150, 179, 162, 47, 52, 151, 122, 187, 51, 125, 159, 49, 64,
       26, 163, 95, 76, 17, 16, 252, 137, 32, 204, 231, 118, 245, 232,
       113, 139, 155, 148, 22, 222, 125, 168, 34, 94, 112, 165, 30, 183,
       117, 93, 251, 171, 91, 238, 245, 108, 226, 60, 197, 1, 106, 210,
       235, 98, 151, 161, 241, 164, 3, 195, 86, 111, 159, 122, 70, 169,
       25, 188, 74, 87, 244, 245, 198, 190, 103, 86, 117, 62, 47, 225,
       212, 255, 79, 4, 58, 106, 128, 12, 161, 33, 117, 68, 237, 190,
       190, 169, 240, 22, 167, 190, 155, 222, 96, 246, 246, 203, 106,
       193, 118, 253, 19, 122, 203, 202, 35, 249, 55, 255, 219, 128, 116,
       191, 47, 117, 188, 189, 247, 156, 110, 85, 191, 242, 247, 164, 16,
       247, 127, 90, 59, 201, 214, 125, 57, 59, 111, 251, 59, 235, 207,
       247, 84, 200, 104, 246, 114, 245, 172, 189, 247, 28, 110, 67, 184,
       116, 227, 163, 88, 215, 113, 8, 115, 209, 212, 104, 40, 57, 231,
       217, 14, 249, 230, 117, 20, 128, 233, 68, 34, 14, 228, 215, 146,
       199, 91, 252, 239, 187, 183, 177, 27, 206, 238, 124, 141, 251,
       215, 239, 51, 114, 111, 26, 245, 189, 210, 95, 127, 199, 124, 223,
       214, 60, 189, 100, 231, 181, 94, 251, 252, 113, 252, 253, 163,
       123, 127, 27, 49, 222, 219, 151, 254, 186, 250, 125, 172, 239,
       219, 167, 229, 247, 191, 118, 219, 7, 158, 156, 30, 250, 189, 183,
       254, 190, 27, 180, 253, 236, 226, 238, 31, 143, 67, 238, 20, 182,
       75, 74, 113, 108, 22, 119, 255, 216, 117, 139, 159, 208, 148, 189,
       117, 40, 108, 121, 55, 188, 91, 167, 24, 247, 55, 128, 122, 135,
       23, 125, 12, 57, 204, 243, 7, 207, 255, 114, 80, 72, 128, 195, 57,
       124, 33, 189, 165, 153, 79, 87, 40, 99, 164, 173, 9, 215, 63, 64,
       18, 145, 213, 105, 122, 12, 67, 217, 24, 251, 205, 69, 61, 32,
       115, 6, 66, 139, 89, 227, 149, 103, 210, 172, 103, 125, 192, 90,
       246, 168, 142, 182, 164, 110, 47, 179, 141, 229, 156, 52, 202, 38,
       126, 158, 130, 15, 148, 249, 253, 120, 252, 17, 250, 11, 201, 87,
       195, 187, 22, 173, 9, 175, 159, 64, 48, 129, 187, 197, 2, 74, 15,
       218, 179, 211, 213, 20, 59, 114, 80, 134, 186, 214, 190, 189, 112,
       170, 122, 21, 154, 51, 250, 132, 184, 159, 55, 195, 63, 7, 87,
       253, 179, 171, 76, 251, 50, 235, 243, 127, 255, 182, 241, 7, 123,
       37, 116, 241, 71, 96, 126, 234, 56, 120, 234, 121, 72, 243, 118,
       221, 182, 30, 252, 84, 106, 129, 242, 253, 40, 39, 252, 37, 32,
       75, 243, 66, 181, 38, 249, 180, 154, 125, 221, 144, 232, 143, 61,
       173, 9, 238, 220, 110, 150, 217, 27, 235, 83, 22, 99, 250, 245,
       159, 16, 79, 127, 82, 30, 141, 198, 94, 152, 246, 245, 3, 222,
       176, 115, 185, 236, 54, 39, 76, 191, 39, 188, 182, 53, 181, 1,
