%YAML:1.0
---
descriptors: !!opencv-matrix
   rows: 234
   cols: 32
   dt: u
   data: [ 95, 93, 246, 100, 163, 116, 60, 150, 171, 249, 14, 169, 13,
       191, 199, 126, 167, 247, 253, 148, 148, 89, 167, 224, 251, 253,
       111, 131, 166, 244, 39, 127, 168, 29, 121, 101, 244, 79, 111, 63,
       117, 230, 126, 8, 243, 53, 144, 48, 58, 222, 86, 40, 233, 248,
       241, 14, 111, 255, 37, 4, 99, 232, 70, 232, 60, 77, 122, 238, 212,
       146, 239, 252, 213, 128, 254, 2, 113, 233, 181, 96, 120, 236, 23,
       235, 200, 179, 44, 191, 115, 239, 167, 136, 119, 251, 248, 160,
       218, 142, 142, 188, 73, 212, 121, 119, 183, 95, 230, 21, 41, 167,
       34, 221, 205, 170, 163, 140, 46, 223, 178, 147, 219, 243, 218, 75,
       178, 196, 44, 222, 120, 61, 246, 84, 215, 251, 86, 99, 251, 165,
       174, 9, 42, 184, 71, 151, 169, 230, 192, 0, 44, 249, 180, 44, 27,
       95, 85, 51, 227, 108, 94, 79, 92, 182, 252, 109, 186, 122, 89,
       187, 51, 85, 70, 181, 223, 119, 138, 255, 55, 214, 253, 172, 183,
       64, 239, 71, 206, 239, 112, 197, 174, 165, 142, 115, 26, 250, 18,
       176, 99, 137, 116, 231, 173, 6, 94, 173, 46, 195, 34, 148, 163,
       43, 207, 1, 66, 13, 130, 215, 176, 215, 28, 203, 38, 20, 175, 139,
       219, 132, 238, 189, 29, 222, 121, 63, 191, 117, 134, 149, 171, 46,
       22, 253, 97, 164, 253, 156, 190, 205, 117, 223, 203, 255, 218,
       209, 178, 132, 93, 92, 150, 204, 150, 151, 133, 118, 190, 231, 63,
       23, 219, 19, 236, 46, 110, 206, 233, 215, 174, 145, 62, 253, 27,
       227, 189, 54, 222, 67, 132, 124, 189, 78, 60, 142, 97, 175, 52,
       171, 203, 56, 84, 46, 217, 195, 243, 69, 153, 0, 93, 168, 95, 47,
       200, 164, 77, 31, 224, 198, 161, 148, 117, 235, 84, 232, 138, 132,
       156, 187, 183, 251, 176, 143, 30, 123, 75, 51, 236, 56, 42, 200,
       211, 11, 179, 17, 54, 120, 75, 151, 142, 87, 95, 103, 156, 76,
       153, 143, 11, 141, 12, 185, 177, 212, 60, 175, 30, 91, 78, 17,
       172, 250, 34, 64, 193, 43, 187, 149, 126, 216, 83, 247, 239, 247,
       158, 203, 152, 68, 185, 26, 162, 162, 157, 155, 252, 169, 185,
       143, 30, 51, 49, 249, 148, 230, 72, 10, 207, 27, 107, 17, 50, 78,
       203, 211, 12, 22, 127, 252, 148, 72, 135, 145, 128, 9, 147, 181,
       212, 164, 168, 67, 190, 129, 66, 82, 188, 242, 96, 192, 248, 59,
       51, 145, 51, 216, 18, 66, 157, 132, 154, 0, 136, 64, 33, 168, 216,
       249, 19, 226, 25, 205, 83, 245, 59, 73, 160, 88, 190, 151, 64,
       244, 182, 217, 221, 88, 123, 15, 154, 247, 249, 208, 14, 122, 2,
       16, 135, 59, 229, 16, 252, 69, 172, 46, 237, 25, 78, 187, 183, 84,
       211, 53, 220, 111, 93, 84, 124, 60, 153, 116, 249, 0, 79, 187,
       119, 212, 204, 232, 208, 49, 129, 181, 19, 235, 116, 15, 235, 125,
       124, 72, 113, 84, 247, 81, 184, 33, 126, 24, 22, 41, 227, 180, 17,
       95, 228, 168, 34, 4, 88, 130, 99, 169, 72, 145, 151, 237, 169,
       110, 53, 159, 174, 25, 74, 32, 220, 55, 40, 206, 229, 87, 249,
       144, 19, 216, 19, 224, 205, 246, 94, 70, 130, 82, 165, 123, 70,
       145, 150, 138, 139, 244, 178, 200, 175, 81, 137, 51, 204, 254,
       110, 234, 231, 19, 251, 144, 22, 3, 27, 213, 155, 244, 10, 95,
       154, 7, 173, 22, 230, 162, 130, 154, 233, 177, 24, 200, 171, 63,
       129, 253, 140, 202, 110, 154, 157, 131, 235, 149, 22, 71, 142,
       209, 154, 16, 91, 255, 144, 69, 175, 6, 196, 161, 185, 3, 248,
       105, 169, 9, 106, 181, 33, 24, 215, 3, 216, 26, 19, 15, 74, 56,
       18, 116, 235, 66, 77, 144, 55, 100, 192, 195, 135, 224, 32, 168,
       29, 248, 93, 205, 64, 111, 223, 25, 224, 24, 166, 217, 32, 80,
       201, 187, 66, 16, 26, 42, 82, 55, 149, 222, 16, 59, 208, 8, 198,
       170, 103, 176, 128, 155, 207, 189, 168, 73, 143, 51, 129, 95, 196,
       194, 76, 142, 201, 131, 74, 148, 23, 110, 222, 211, 156, 20, 155,
       126, 216, 78, 139, 150, 40, 156, 24, 255, 61, 141, 82, 178, 86, 8,
       109, 4, 246, 113, 35, 64, 193, 122, 142, 10, 42, 168, 90, 63, 227,
       231, 32, 25, 88, 10, 72, 11, 249, 73, 23, 236, 13, 94, 71, 40,
       229, 8, 166, 8, 123, 113, 32, 243, 240, 244, 252, 106, 108, 171,
       49, 140, 243, 235, 192, 17, 50, 186, 116, 42, 56, 184, 26, 186,
       89, 197, 19, 226, 150, 141, 236, 1, 46, 215, 96, 16, 217, 59, 131,
       128, 26, 171, 154, 63, 217, 213, 27, 107, 82, 2, 39, 170, 63, 77,
       99, 222, 212, 150, 207, 242, 213, 192, 222, 2, 115, 232, 181, 100,
       120, 234, 23, 235, 233, 171, 62, 239, 115, 111, 175, 136, 55, 251,
       112, 236, 197, 93, 23, 191, 176, 134, 46, 180, 180, 72, 66, 244,
       213, 99, 129, 115, 118, 100, 124, 238, 225, 148, 9, 46, 236, 170,
       239, 128, 40, 179, 161, 49, 136, 172, 190, 249, 169, 237, 181,
       199, 255, 31, 172, 16, 190, 191, 64, 27, 163, 51, 235, 24, 50,
       109, 178, 243, 207, 255, 86, 123, 194, 64, 135, 235, 216, 129,
       239, 229, 17, 70, 127, 101, 101, 68, 238, 2, 115, 63, 48, 112,
       120, 246, 121, 232, 88, 153, 49, 45, 243, 235, 130, 1, 33, 162,
       230, 106, 106, 186, 244, 92, 41, 156, 24, 63, 59, 95, 166, 253,
       174, 46, 198, 159, 135, 23, 237, 5, 254, 78, 231, 193, 202, 115,
       80, 219, 70, 196, 142, 95, 206, 196, 16, 158, 253, 125, 182, 239,
       204, 150, 152, 27, 236, 242, 107, 199, 219, 67, 202, 34, 100, 5,
       90, 218, 191, 85, 207, 63, 150, 126, 157, 206, 195, 156, 175, 159,
       61, 236, 121, 39, 255, 95, 147, 21, 168, 46, 22, 91, 193, 167,
       127, 5, 182, 205, 115, 213, 143, 58, 218, 211, 128, 4, 87, 94,
       206, 45, 144, 142, 253, 113, 190, 235, 137, 174, 157, 27, 172,
       234, 99, 134, 207, 231, 219, 171, 52, 79, 154, 238, 61, 22, 207,
       191, 150, 103, 175, 199, 66, 178, 190, 218, 105, 188, 176, 83,
       235, 29, 125, 29, 172, 254, 110, 90, 167, 51, 251, 16, 150, 107,
       178, 225, 31, 56, 90, 235, 200, 64, 175, 223, 189, 237, 225, 70,
       220, 71, 199, 248, 66, 234, 184, 78, 83, 112, 209, 162, 89, 228,
       84, 110, 233, 103, 255, 46, 121, 143, 165, 188, 125, 187, 210,
       176, 26, 157, 12, 187, 181, 208, 22, 167, 30, 73, 202, 33, 174,
       250, 34, 192, 193, 43, 191, 145, 126, 136, 67, 191, 235, 247, 158,
       211, 144, 68, 185, 11, 2, 191, 35, 154, 253, 241, 178, 231, 95,
       13, 88, 34, 172, 248, 116, 164, 201, 59, 130, 17, 150, 186, 122,
       245, 45, 86, 158, 107, 86, 14, 181, 238, 240, 64, 78, 172, 8, 2,
       66, 104, 37, 132, 227, 131, 115, 67, 33, 83, 248, 196, 108, 230,
       72, 135, 65, 12, 145, 232, 225, 16, 32, 170, 96, 2, 249, 27, 226,
       228, 125, 83, 218, 113, 81, 236, 191, 46, 107, 108, 182, 228, 94,
       228, 150, 173, 253, 187, 101, 142, 186, 223, 135, 147, 111, 174,
       120, 245, 215, 142, 206, 183, 158, 50, 60, 239, 148, 214, 210,
       247, 67, 110, 179, 203, 127, 231, 253, 167, 252, 221, 15, 174,
       184, 99, 239, 149, 173, 252, 56, 89, 220, 112, 58, 250, 185, 245,
       90, 216, 191, 93, 181, 25, 95, 223, 107, 88, 181, 217, 157, 118,
       46, 7, 154, 241, 251, 217, 47, 255, 146, 23, 47, 67, 39, 7, 109,
       77, 244, 31, 239, 57, 89, 96, 125, 202, 89, 104, 156, 180, 62,
       140, 22, 174, 245, 176, 101, 206, 38, 46, 161, 196, 127, 170, 210,
       229, 196, 233, 190, 255, 173, 204, 116, 164, 255, 59, 166, 16,
       254, 251, 64, 91, 193, 118, 123, 90, 114, 105, 219, 177, 239, 251,
       87, 91, 66, 88, 199, 42, 240, 217, 63, 102, 21, 70, 103, 100, 33,
       128, 226, 0, 115, 23, 32, 112, 248, 244, 121, 226, 73, 155, 177,
       45, 241, 227, 194, 1, 97, 34, 102, 58, 246, 192, 150, 190, 93, 7,
       65, 232, 159, 148, 224, 27, 66, 226, 44, 83, 249, 197, 106, 225,
       40, 103, 219, 220, 185, 178, 207, 63, 17, 40, 116, 2, 252, 105,
       217, 229, 69, 78, 99, 0, 32, 160, 238, 10, 243, 55, 65, 178, 56,
       252, 112, 234, 9, 240, 249, 10, 213, 237, 1, 48, 97, 51, 70, 162,
       8, 188, 190, 249, 169, 237, 52, 199, 191, 31, 174, 16, 174, 187,
       64, 90, 161, 115, 235, 16, 50, 73, 146, 243, 239, 215, 86, 123,
       194, 80, 167, 139, 88, 169, 20, 190, 137, 143, 64, 105, 190, 57,
