%YAML:1.0
---
descriptors: !!opencv-matrix
   rows: 166
   cols: 32
   dt: u
   data: [ 1, 253, 123, 101, 112, 206, 107, 52, 101, 76, 126, 228, 243,
       23, 128, 112, 62, 172, 87, 110, 201, 184, 113, 63, 229, 173, 32,
       192, 104, 130, 70, 121, 8, 188, 145, 187, 241, 229, 181, 255, 30,
       19, 80, 242, 188, 191, 104, 168, 207, 27, 179, 145, 115, 92, 218,
       247, 109, 135, 254, 232, 156, 76, 165, 187, 61, 77, 123, 206, 84,
       151, 239, 244, 85, 128, 254, 2, 113, 249, 181, 96, 120, 248, 23,
       235, 232, 179, 60, 175, 115, 239, 167, 128, 119, 187, 112, 168,
       117, 101, 237, 102, 204, 71, 199, 248, 67, 250, 185, 74, 83, 120,
       221, 51, 89, 196, 84, 254, 233, 99, 255, 56, 59, 138, 229, 60,
       125, 251, 242, 244, 164, 64, 146, 184, 197, 230, 180, 68, 156,
       130, 208, 18, 196, 219, 97, 72, 216, 104, 34, 16, 32, 247, 146,
       194, 149, 182, 150, 11, 133, 121, 57, 130, 35, 173, 106, 158, 85,
       150, 234, 231, 221, 69, 76, 3, 40, 168, 54, 132, 232, 42, 19, 13,
       214, 186, 52, 255, 63, 127, 154, 73, 87, 140, 251, 204, 38, 221,
       145, 190, 221, 111, 182, 236, 158, 174, 185, 111, 236, 125, 41,
       67, 253, 211, 207, 98, 104, 103, 88, 254, 189, 134, 207, 190, 149,
       123, 245, 155, 136, 196, 149, 177, 160, 46, 44, 190, 190, 187, 82,
       80, 221, 51, 0, 203, 163, 87, 122, 8, 113, 220, 83, 82, 204, 131,
       127, 68, 136, 112, 129, 169, 207, 120, 191, 255, 109, 253, 125,
       220, 255, 218, 102, 16, 252, 255, 93, 123, 165, 105, 123, 94, 167,
       69, 187, 241, 207, 251, 223, 42, 146, 117, 99, 234, 53, 221, 75,
       79, 180, 27, 238, 253, 116, 224, 250, 230, 115, 108, 181, 224,
       126, 252, 22, 238, 233, 176, 109, 61, 166, 173, 167, 132, 109,
       186, 216, 173, 249, 73, 95, 236, 13, 94, 70, 48, 225, 192, 230, 8,
       123, 51, 3, 243, 224, 228, 252, 110, 109, 167, 113, 172, 243, 235,
       192, 16, 42, 187, 88, 26, 67, 160, 181, 147, 205, 253, 169, 143,
       78, 113, 33, 25, 156, 140, 94, 58, 133, 11, 122, 29, 151, 120,
       255, 209, 13, 24, 23, 124, 216, 76, 195, 214, 200, 137, 190, 251,
       173, 204, 117, 167, 255, 27, 38, 16, 190, 249, 96, 123, 193, 119,
       106, 88, 114, 105, 219, 177, 239, 251, 86, 91, 210, 88, 193, 10,
       242, 232, 184, 250, 139, 193, 80, 206, 187, 23, 164, 25, 46, 155,
       67, 27, 161, 219, 205, 82, 14, 79, 154, 177, 219, 209, 84, 123,
       146, 17, 46, 10, 177, 189, 43, 100, 176, 199, 111, 245, 116, 200,
       126, 96, 115, 247, 176, 48, 248, 238, 23, 232, 249, 154, 48, 47,
       249, 173, 174, 128, 73, 2, 226, 187, 189, 253, 26, 100, 180, 7,
       78, 252, 116, 168, 186, 108, 83, 243, 241, 48, 56, 236, 92, 234,
       233, 187, 25, 62, 250, 205, 165, 180, 107, 178, 122, 9, 116, 169,
       152, 186, 137, 232, 84, 143, 179, 151, 128, 25, 166, 243, 66, 90,
       193, 255, 233, 16, 26, 75, 202, 48, 219, 247, 85, 127, 176, 72,
       174, 10, 185, 45, 121, 101, 244, 79, 103, 55, 113, 166, 246, 8,
       243, 53, 149, 49, 26, 254, 68, 42, 233, 250, 113, 14, 111, 207,
       37, 0, 99, 232, 70, 232, 213, 82, 201, 165, 36, 14, 110, 56, 96,
       234, 211, 236, 211, 125, 145, 115, 118, 196, 124, 239, 237, 180,
       237, 10, 228, 235, 225, 148, 44, 243, 88, 17, 106, 176, 252, 80,
       75, 121, 177, 75, 235, 119, 165, 29, 14, 156, 70, 158, 163, 157,
       232, 16, 22, 109, 243, 16, 95, 83, 81, 127, 195, 76, 78, 87, 204,
       237, 2, 144, 205, 125, 182, 239, 236, 22, 168, 27, 172, 242, 107,
       199, 233, 83, 202, 162, 118, 7, 154, 234, 61, 20, 143, 63, 146,
       125, 173, 142, 234, 172, 144, 148, 253, 99, 158, 239, 27, 166,
       184, 26, 108, 58, 54, 150, 159, 247, 223, 161, 116, 111, 152, 239,
       185, 22, 223, 191, 215, 108, 175, 13, 142, 60, 130, 184, 205, 245,
       184, 218, 150, 155, 92, 82, 157, 255, 121, 173, 249, 91, 179, 145,
       51, 215, 146, 226, 205, 215, 223, 239, 143, 125, 189, 178, 202,
       165, 247, 212, 199, 244, 117, 103, 251, 139, 95, 18, 108, 251,
       124, 190, 163, 155, 179, 24, 50, 219, 178, 195, 63, 126, 86, 139,
       135, 68, 167, 239, 166, 132, 132, 154, 205, 181, 156, 239, 23, 55,
       193, 155, 72, 234, 126, 201, 217, 139, 163, 149, 62, 78, 91, 243,
       63, 87, 223, 111, 147, 92, 248, 134, 88, 106, 186, 110, 50, 141,
       59, 68, 174, 13, 109, 32, 124, 211, 169, 80, 182, 121, 47, 82, 2,
       145, 8, 121, 241, 237, 46, 128, 176, 147, 7, 43, 3, 91, 103, 204,
       52, 146, 103, 117, 229, 140, 218, 98, 96, 242, 181, 100, 94, 236,
       62, 235, 200, 155, 36, 236, 32, 124, 175, 130, 6, 182, 116, 109,
       244, 65, 95, 238, 18, 195, 67, 248, 133, 128, 226, 3, 115, 195,
       40, 80, 88, 240, 12, 98, 72, 179, 8, 29, 241, 160, 33, 16, 112,
       171, 100, 2, 214, 205, 150, 151, 205, 254, 190, 231, 190, 183,
       218, 19, 236, 238, 111, 207, 235, 247, 175, 147, 118, 221, 27,
       255, 189, 54, 223, 67, 132, 125, 189, 94, 33, 249, 26, 126, 116,
       135, 107, 117, 116, 8, 124, 68, 245, 211, 160, 48, 220, 58, 22,
       72, 211, 186, 82, 61, 109, 189, 162, 200, 72, 130, 242, 169, 72,
       189, 158, 250, 185, 237, 52, 199, 175, 31, 172, 17, 174, 187, 96,
       90, 161, 115, 235, 16, 50, 105, 155, 241, 255, 215, 86, 123, 210,
       80, 133, 11, 230, 221, 209, 158, 253, 39, 190, 236, 31, 170, 185,
       122, 228, 244, 41, 135, 253, 247, 239, 226, 97, 99, 201, 255, 61,
       150, 207, 190, 149, 123, 241, 129, 57, 205, 107, 222, 212, 215,
       207, 246, 213, 192, 252, 2, 115, 249, 181, 100, 88, 234, 22, 235,
       233, 171, 62, 191, 115, 47, 166, 136, 119, 251, 112, 236, 253, 79,
       117, 103, 36, 30, 207, 184, 100, 234, 242, 102, 211, 80, 145, 243,
       126, 212, 124, 110, 233, 180, 109, 44, 164, 235, 229, 148, 101,
       187, 80, 33, 68, 167, 189, 67, 232, 105, 169, 9, 106, 181, 57, 56,
       212, 35, 200, 26, 147, 31, 106, 56, 19, 112, 233, 80, 76, 152,
       117, 116, 192, 66, 135, 225, 182, 106, 250, 250, 41, 193, 210,
       192, 139, 158, 181, 57, 74, 223, 111, 27, 201, 241, 237, 211, 14,
       103, 202, 240, 219, 209, 69, 63, 209, 123, 110, 2, 248, 72, 247,
       228, 15, 90, 84, 64, 225, 146, 166, 26, 79, 26, 1, 255, 226, 244,
       236, 98, 108, 231, 183, 136, 147, 235, 70, 19, 103, 48, 102, 46,
       134, 160, 149, 147, 252, 169, 168, 139, 30, 49, 49, 217, 156, 194,
       72, 138, 139, 27, 106, 17, 51, 88, 219, 211, 140, 18, 31, 124,
       156, 72, 131, 144, 10, 140, 9, 187, 189, 241, 22, 231, 30, 75, 72,
       35, 172, 254, 34, 192, 201, 43, 187, 1, 30, 136, 66, 191, 235,
       215, 158, 203, 16, 76, 189, 203, 196, 33, 93, 235, 236, 8, 237,
       105, 172, 48, 243, 209, 213, 3, 92, 91, 106, 133, 111, 239, 112,
       86, 203, 64, 212, 168, 234, 68, 76, 131, 227, 160, 200, 126, 20,
       179, 56, 175, 60, 23, 63, 254, 146, 245, 175, 7, 195, 221, 135,
       63, 238, 20, 229, 92, 65, 94, 172, 210, 126, 178, 10, 212, 137,
       89, 128, 156, 29, 253, 110, 173, 169, 55, 158, 27, 80, 116, 180,
       147, 32, 107, 198, 59, 63, 1, 227, 12, 19, 115, 69, 162, 122, 136,
       24, 72, 129, 185, 63, 105, 163, 129, 221, 215, 235, 204, 15, 225,
       76, 10, 57, 220, 119, 164, 56, 233, 19, 221, 7, 50, 62, 248, 127,
       13, 143, 109, 247, 31, 27, 236, 6, 145, 159, 229, 169, 238, 53,
       31, 175, 185, 75, 112, 220, 119, 32, 206, 135, 119, 251, 16, 19,
       216, 27, 192, 141, 246, 95, 198, 130, 114, 133, 51, 247, 48, 185,
       240, 239, 125, 185, 218, 143, 255, 181, 62, 158, 191, 79, 42, 239,
       145, 255, 145, 151, 103, 250, 210, 223, 221, 219, 255, 157, 105,
       15, 243, 193, 73, 87, 237, 52, 14, 111, 53, 108, 0, 98, 64, 247,
       35, 144, 115, 114, 228, 124, 110, 225, 176, 69, 77, 228, 170, 98,
       0, 40, 178, 193, 40, 208, 74, 111, 156, 14, 74, 103, 164, 188,
       198, 198, 163, 118, 166, 35, 91, 98, 244, 104, 226, 104, 197, 39,
       106, 241, 162, 198, 17, 37, 57, 53, 106, 10, 60, 128, 187, 173,
       241, 184, 87, 23, 147, 92, 179, 140, 191, 83, 172, 201, 62, 179,
