%YAML:1.0
---
descriptors: !!opencv-matrix
   rows: 199
   cols: 32
   dt: u
   data: [ 88, 80, 247, 229, 51, 78, 113, 56, 57, 224, 103, 0, 95, 55, 0,
       125, 54, 84, 121, 104, 1, 208, 177, 76, 205, 170, 81, 4, 34, 161,
       7, 122, 199, 220, 175, 159, 186, 212, 191, 184, 190, 95, 86, 181,
       252, 238, 191, 111, 231, 103, 251, 207, 183, 69, 190, 243, 47, 59,
       239, 206, 158, 245, 161, 117, 63, 127, 236, 77, 23, 87, 223, 252,
       87, 238, 86, 163, 75, 109, 151, 37, 127, 220, 151, 239, 236, 246,
       109, 190, 127, 79, 229, 133, 103, 255, 124, 255, 141, 123, 237, 5,
       70, 91, 175, 244, 116, 230, 118, 166, 225, 108, 151, 164, 120, 76,
       226, 239, 229, 244, 101, 42, 100, 43, 231, 128, 111, 191, 124,
       252, 32, 160, 249, 81, 226, 237, 101, 207, 122, 35, 109, 24, 20,
       243, 72, 56, 179, 26, 34, 24, 19, 122, 186, 83, 77, 158, 21, 108,
       192, 64, 199, 162, 223, 220, 173, 254, 173, 119, 223, 184, 159,
       246, 151, 31, 223, 125, 59, 107, 221, 215, 255, 111, 233, 103,
       123, 170, 255, 123, 207, 190, 159, 255, 212, 114, 188, 70, 22,
       188, 76, 231, 233, 121, 148, 134, 241, 3, 87, 207, 41, 73, 216,
       184, 3, 34, 104, 183, 2, 156, 209, 227, 195, 9, 17, 168, 116, 162,
       218, 253, 168, 178, 187, 216, 155, 175, 187, 125, 148, 189, 174,
       158, 70, 2, 167, 223, 253, 213, 126, 79, 186, 243, 251, 81, 158,
       251, 4, 4, 143, 95, 165, 220, 61, 251, 140, 111, 95, 252, 223,
       122, 149, 82, 243, 255, 61, 105, 221, 210, 63, 110, 235, 39, 123,
       191, 227, 219, 215, 60, 144, 123, 208, 50, 221, 215, 125, 103,
       190, 91, 87, 184, 126, 238, 255, 236, 215, 124, 143, 96, 151, 213,
       236, 99, 237, 177, 237, 63, 234, 239, 101, 149, 116, 251, 205,
       113, 116, 83, 185, 102, 174, 15, 214, 152, 78, 168, 187, 105, 215,
       252, 205, 98, 214, 213, 125, 99, 201, 35, 203, 42, 249, 140, 37,
       188, 236, 251, 81, 33, 39, 237, 227, 86, 244, 39, 111, 252, 51,
       162, 125, 236, 112, 231, 221, 52, 93, 254, 19, 254, 243, 210, 252,
       238, 47, 28, 133, 172, 231, 243, 246, 244, 165, 112, 253, 65, 204,
       95, 203, 152, 82, 246, 181, 10, 83, 85, 221, 47, 89, 220, 114,
       122, 171, 118, 253, 48, 95, 139, 101, 60, 247, 187, 86, 160, 75,
       156, 197, 183, 116, 182, 106, 48, 116, 105, 83, 215, 241, 46, 154,
       228, 92, 174, 55, 141, 189, 220, 93, 175, 14, 111, 186, 192, 173,
       143, 56, 92, 246, 227, 40, 162, 61, 221, 74, 204, 3, 237, 156,
       139, 135, 140, 90, 144, 152, 128, 221, 117, 142, 11, 232, 182,
       187, 213, 169, 253, 38, 143, 94, 80, 228, 26, 225, 141, 69, 124,
       99, 18, 113, 107, 246, 255, 19, 54, 7, 125, 72, 222, 166, 198,
       169, 158, 245, 226, 23, 32, 242, 192, 168, 77, 116, 119, 60, 127,
       97, 71, 82, 95, 239, 240, 117, 172, 127, 198, 219, 100, 149, 180,
       124, 220, 6, 234, 233, 176, 109, 110, 101, 140, 161, 128, 103,
       187, 70, 180, 212, 93, 63, 171, 174, 224, 87, 148, 174, 92, 95,
       49, 151, 159, 43, 75, 230, 91, 61, 83, 90, 149, 171, 49, 227, 225,
       42, 193, 48, 83, 165, 115, 92, 87, 78, 174, 144, 6, 111, 56, 52,
       142, 223, 231, 81, 103, 187, 81, 116, 213, 45, 238, 232, 146, 45,
       14, 240, 167, 231, 132, 37, 243, 36, 112, 74, 72, 127, 123, 106,
       224, 41, 84, 236, 85, 71, 144, 189, 135, 48, 121, 102, 29, 123,
       217, 131, 153, 183, 97, 69, 249, 186, 192, 36, 129, 165, 248, 54,
       162, 233, 1, 207, 123, 241, 203, 27, 245, 4, 155, 2, 140, 94, 13,
       251, 138, 195, 21, 22, 122, 255, 210, 95, 20, 155, 119, 245, 76,
       215, 214, 212, 28, 188, 253, 139, 103, 29, 91, 154, 186, 132, 18,
       28, 63, 67, 123, 229, 181, 121, 144, 56, 79, 211, 218, 219, 203,
       91, 63, 176, 96, 37, 51, 245, 53, 237, 231, 222, 71, 79, 248, 16,
       234, 189, 238, 83, 55, 219, 51, 127, 204, 85, 238, 233, 210, 253,
       46, 125, 139, 237, 180, 45, 243, 118, 241, 165, 204, 189, 255,
       140, 45, 71, 188, 222, 186, 161, 24, 247, 121, 121, 107, 217, 210,
       59, 106, 104, 103, 91, 179, 237, 219, 213, 60, 144, 121, 208, 34,
       76, 17, 181, 253, 137, 102, 61, 31, 167, 251, 142, 80, 221, 55,
       72, 234, 197, 87, 249, 144, 25, 201, 211, 194, 207, 247, 222, 84,
       138, 112, 165, 51, 51, 105, 106, 128, 212, 135, 79, 205, 86, 228,
       140, 11, 17, 192, 115, 112, 88, 232, 27, 254, 204, 19, 124, 154,
       249, 13, 141, 61, 60, 250, 208, 76, 18, 170, 254, 182, 123, 224,
       25, 227, 191, 157, 254, 179, 108, 254, 110, 82, 239, 251, 239,
       144, 30, 203, 138, 255, 218, 247, 223, 203, 133, 36, 47, 75, 245,
       237, 209, 238, 246, 10, 110, 236, 83, 162, 105, 202, 115, 225,
       217, 16, 59, 206, 6, 122, 106, 50, 205, 47, 60, 172, 37, 44, 245,
       251, 210, 128, 167, 237, 197, 95, 223, 151, 174, 236, 219, 178,
       105, 2, 104, 232, 221, 165, 89, 106, 210, 254, 119, 250, 254, 255,
       47, 30, 199, 106, 199, 255, 218, 164, 37, 209, 229, 211, 244, 221,
       234, 148, 94, 89, 83, 86, 243, 88, 156, 236, 92, 106, 54, 95, 159,
       244, 125, 181, 4, 58, 176, 192, 76, 155, 208, 117, 129, 254, 121,
       83, 178, 155, 175, 254, 126, 123, 86, 246, 189, 20, 148, 37, 55,
       90, 22, 93, 227, 252, 45, 127, 44, 14, 54, 228, 93, 153, 129, 253,
       88, 112, 215, 84, 83, 78, 97, 104, 241, 128, 230, 8, 90, 243, 33,
       247, 48, 244, 104, 104, 32, 243, 144, 204, 27, 238, 69, 6, 99, 32,
       98, 34, 37, 165, 141, 179, 244, 175, 165, 159, 86, 251, 81, 92,
       215, 32, 216, 41, 89, 10, 18, 29, 183, 248, 125, 22, 44, 150, 255,
       100, 220, 216, 209, 244, 60, 103, 64, 238, 201, 67, 71, 248, 19,
       174, 253, 171, 75, 101, 203, 20, 88, 220, 199, 226, 72, 50, 201,
       190, 118, 214, 165, 189, 119, 255, 214, 131, 78, 247, 211, 210,
       243, 240, 58, 220, 187, 89, 89, 234, 108, 247, 236, 180, 55, 91,
       147, 210, 19, 90, 138, 247, 63, 84, 15, 234, 142, 215, 167, 181,
       94, 186, 230, 87, 51, 82, 59, 176, 177, 223, 215, 165, 105, 102,
       154, 247, 55, 119, 253, 238, 173, 193, 191, 237, 202, 231, 119,
       193, 175, 167, 47, 117, 253, 76, 87, 229, 36, 74, 111, 184, 117,
       226, 246, 66, 211, 99, 153, 117, 114, 196, 60, 238, 233, 180, 109,
       46, 228, 170, 101, 4, 47, 187, 112, 32, 248, 224, 189, 247, 137,
       122, 85, 35, 112, 179, 135, 24, 247, 23, 8, 123, 97, 246, 120, 10,
       120, 220, 241, 38, 215, 235, 212, 17, 34, 65, 198, 34, 32, 164,
       219, 83, 210, 235, 227, 207, 126, 43, 121, 18, 22, 241, 204, 60,
       57, 26, 2, 24, 51, 184, 168, 83, 13, 142, 55, 100, 193, 72, 195,
       160, 56, 10, 108, 237, 44, 123, 219, 250, 69, 14, 252, 131, 59,
       13, 179, 97, 78, 208, 151, 110, 204, 162, 111, 189, 211, 235, 224,
       145, 119, 191, 124, 250, 230, 227, 5, 136, 184, 193, 142, 237,
       143, 121, 144, 251, 196, 206, 108, 0, 221, 209, 95, 241, 127, 15,
       206, 119, 184, 16, 143, 254, 28, 24, 147, 148, 49, 91, 119, 204,
       38, 86, 231, 116, 68, 200, 242, 230, 115, 53, 165, 228, 126, 244,
       14, 106, 201, 187, 53, 173, 49, 168, 38, 128, 125, 186, 116, 57,
       220, 223, 62, 170, 170, 224, 95, 153, 164, 94, 94, 165, 223, 215,
       107, 91, 247, 219, 189, 243, 74, 20, 170, 48, 247, 225, 111, 141,
       180, 243, 165, 115, 139, 107, 237, 7, 79, 91, 175, 244, 86, 230,
       214, 166, 241, 12, 147, 165, 124, 76, 250, 239, 229, 252, 101,
       190, 102, 107, 231, 129, 119, 190, 28, 252, 87, 122, 174, 156, 43,
       118, 27, 216, 190, 254, 134, 229, 204, 246, 227, 125, 255, 85,
       255, 247, 173, 71, 191, 248, 152, 50, 207, 159, 136, 117, 47, 215,
       90, 168, 54, 184, 11, 241, 152, 71, 175, 85, 176, 187, 14, 222,
       38, 252, 235, 187, 205, 145, 30, 11, 134, 209, 145, 209, 90, 123,
       131, 4, 47, 78, 33, 231, 121, 101, 180, 31, 207, 191, 94, 105, 56,
       236, 243, 40, 220, 32, 159, 70, 22, 109, 239, 56, 109, 63, 172,
       158, 53, 244, 93, 218, 209, 125, 30, 22, 231, 199, 242, 34, 171,
       18, 45, 135, 91, 247, 73, 39, 213, 198, 119, 255, 55, 157, 144,
