%YAML:1.0
---
descriptors: !!opencv-matrix
   rows: 201
   cols: 32
   dt: u
   data: [ 72, 145, 183, 253, 139, 78, 53, 191, 174, 25, 74, 0, 252, 55,
       40, 206, 165, 87, 249, 16, 19, 201, 19, 197, 205, 247, 94, 70,
       130, 82, 165, 59, 51, 223, 74, 142, 22, 146, 14, 244, 164, 192,
       206, 231, 97, 226, 178, 229, 124, 238, 152, 231, 205, 139, 22,
       173, 176, 33, 138, 128, 61, 182, 56, 92, 129, 124, 19, 229, 52,
       111, 99, 50, 100, 202, 110, 64, 183, 17, 129, 180, 52, 56, 94,
       106, 233, 180, 49, 47, 165, 174, 32, 0, 106, 169, 66, 41, 150,
       140, 150, 151, 149, 102, 188, 231, 30, 31, 219, 19, 236, 254, 110,
       207, 233, 223, 175, 147, 126, 223, 11, 227, 189, 50, 223, 71, 148,
       124, 189, 142, 169, 29, 121, 101, 244, 79, 103, 63, 117, 174, 126,
       8, 211, 53, 145, 49, 26, 254, 38, 40, 233, 248, 241, 14, 239, 207,
       37, 4, 99, 232, 70, 248, 91, 133, 3, 191, 145, 252, 104, 39, 189,
       65, 75, 17, 237, 230, 56, 244, 32, 167, 249, 141, 125, 153, 144,
       239, 189, 245, 154, 1, 34, 70, 171, 108, 60, 77, 122, 238, 84,
       147, 206, 244, 213, 128, 254, 2, 115, 249, 181, 68, 120, 248, 23,
       235, 232, 179, 44, 191, 115, 239, 167, 8, 119, 187, 112, 168, 61,
       96, 163, 39, 69, 79, 237, 120, 118, 226, 67, 15, 83, 124, 91, 41,
       57, 204, 115, 239, 197, 240, 189, 16, 213, 75, 77, 4, 103, 255,
       83, 208, 252, 224, 249, 106, 252, 107, 67, 216, 82, 61, 181, 56,
       83, 221, 233, 56, 89, 216, 68, 122, 10, 103, 235, 51, 91, 205, 37,
       125, 241, 251, 214, 162, 53, 109, 225, 78, 204, 71, 199, 248, 67,
       250, 185, 10, 83, 116, 221, 54, 89, 204, 84, 250, 201, 99, 255,
       56, 59, 138, 229, 60, 253, 251, 242, 244, 214, 145, 146, 170, 27,
       196, 178, 201, 175, 21, 129, 18, 236, 222, 108, 198, 226, 19, 251,
       209, 22, 5, 154, 243, 153, 244, 10, 127, 16, 3, 173, 22, 24, 188,
       18, 232, 147, 199, 19, 199, 182, 5, 236, 3, 111, 215, 32, 80, 121,
       187, 129, 160, 10, 139, 24, 31, 249, 197, 139, 11, 115, 2, 167,
       170, 242, 77, 70, 238, 31, 82, 198, 104, 197, 164, 250, 162, 99,
       74, 181, 229, 120, 228, 236, 227, 108, 163, 13, 157, 176, 226,
       195, 23, 117, 62, 116, 14, 172, 54, 188, 117, 165, 47, 117, 51,
       239, 191, 54, 88, 223, 121, 81, 59, 141, 70, 102, 40, 176, 244,
       115, 24, 207, 219, 117, 53, 194, 248, 198, 163, 210, 42, 238, 181,
       2, 162, 104, 79, 190, 149, 210, 151, 237, 234, 242, 74, 99, 111,
       253, 157, 150, 221, 135, 229, 136, 99, 255, 129, 4, 4, 185, 74,
       247, 231, 205, 14, 206, 7, 207, 248, 130, 234, 185, 238, 83, 232,
       253, 35, 61, 198, 117, 239, 233, 99, 143, 58, 56, 12, 229, 188,
       125, 251, 242, 245, 54, 162, 144, 138, 201, 53, 24, 200, 11, 63,
       161, 31, 76, 234, 110, 26, 253, 129, 203, 181, 30, 71, 219, 208,
       155, 16, 155, 127, 145, 79, 46, 198, 24, 157, 83, 238, 146, 226,
       46, 246, 53, 0, 202, 162, 121, 247, 160, 228, 122, 255, 26, 226,
       73, 153, 29, 255, 184, 230, 142, 0, 47, 242, 160, 184, 130, 111,
       51, 152, 235, 225, 188, 71, 173, 15, 216, 179, 172, 158, 101, 206,
       230, 59, 235, 129, 86, 15, 130, 243, 177, 16, 26, 171, 20, 84,
       165, 255, 60, 43, 186, 118, 205, 141, 83, 232, 199, 172, 181, 10,
       111, 217, 91, 18, 168, 248, 239, 90, 88, 107, 202, 168, 91, 217,
       5, 123, 99, 171, 94, 163, 21, 207, 79, 175, 182, 2, 110, 249, 36,
       132, 219, 231, 113, 99, 184, 64, 126, 228, 31, 238, 200, 144, 45,
       109, 244, 172, 175, 128, 53, 179, 240, 97, 41, 63, 34, 96, 245,
       223, 241, 127, 105, 237, 60, 45, 146, 61, 214, 181, 137, 10, 215,
       61, 253, 250, 114, 158, 239, 217, 181, 239, 206, 140, 222, 255,
       222, 50, 238, 118, 75, 244, 17, 64, 171, 222, 183, 61, 42, 222,
       71, 158, 161, 181, 253, 144, 12, 71, 178, 192, 83, 113, 80, 187,
       227, 101, 110, 87, 130, 148, 94, 92, 19, 188, 48, 34, 189, 23,
       102, 148, 238, 235, 46, 213, 55, 51, 234, 0, 54, 233, 18, 231, 15,
       243, 82, 67, 74, 193, 233, 20, 198, 204, 150, 151, 237, 244, 190,
       231, 30, 191, 219, 19, 236, 254, 108, 207, 233, 255, 175, 147,
       118, 222, 203, 243, 189, 54, 223, 67, 148, 125, 189, 143, 206,
       141, 18, 140, 237, 116, 190, 238, 136, 150, 152, 27, 172, 246, 99,
       194, 235, 67, 202, 162, 118, 15, 154, 234, 63, 20, 143, 47, 146,
       124, 173, 206, 143, 124, 150, 248, 201, 52, 172, 218, 150, 155,
       84, 86, 221, 243, 233, 175, 221, 91, 182, 152, 51, 86, 170, 162,
       142, 215, 255, 238, 186, 117, 169, 161, 196, 232, 190, 255, 109,
       140, 116, 140, 255, 155, 166, 16, 254, 219, 89, 123, 201, 105,
       123, 74, 98, 101, 218, 241, 207, 219, 215, 42, 192, 113, 98, 42,
       8, 188, 161, 177, 223, 235, 172, 207, 30, 243, 88, 203, 157, 191,
       81, 136, 47, 31, 179, 145, 19, 90, 215, 208, 77, 199, 223, 237,
       159, 108, 151, 184, 70, 172, 196, 159, 239, 229, 126, 174, 191,
       191, 154, 19, 236, 254, 77, 207, 231, 255, 255, 147, 118, 72, 202,
       243, 189, 190, 223, 235, 148, 117, 173, 142, 240, 65, 94, 172, 26,
       2, 67, 104, 133, 4, 227, 131, 115, 67, 41, 81, 120, 228, 44, 230,
       108, 131, 1, 28, 241, 161, 160, 20, 49, 171, 96, 0, 85, 67, 78,
       167, 36, 10, 111, 184, 100, 224, 211, 198, 83, 97, 155, 97, 126,
       228, 60, 239, 201, 180, 77, 44, 244, 170, 229, 132, 45, 187, 112,
       17, 192, 173, 190, 251, 173, 205, 116, 167, 239, 29, 166, 24, 190,
       251, 96, 91, 129, 119, 235, 80, 114, 105, 218, 177, 239, 251, 87,
       123, 210, 88, 197, 42, 88, 221, 27, 102, 21, 198, 70, 244, 116,
       72, 234, 64, 114, 23, 32, 113, 248, 244, 89, 234, 105, 155, 49,
       47, 243, 173, 135, 64, 41, 2, 116, 58, 8, 188, 158, 249, 169, 237,
       52, 135, 191, 31, 174, 16, 174, 187, 64, 90, 161, 115, 235, 16,
       50, 73, 147, 243, 207, 215, 94, 91, 194, 80, 167, 139, 104, 113,
       61, 101, 32, 78, 117, 57, 105, 24, 54, 72, 215, 23, 0, 51, 148,
       21, 100, 106, 193, 160, 49, 12, 231, 251, 96, 4, 64, 178, 66, 35,
       129, 148, 85, 95, 100, 15, 232, 56, 124, 26, 115, 84, 223, 1, 184,
       237, 221, 4, 54, 46, 225, 244, 91, 95, 132, 250, 114, 4, 90, 169,
       105, 160, 112, 229, 121, 76, 93, 73, 195, 236, 83, 5, 172, 8, 179,
       221, 92, 48, 24, 218, 80, 120, 106, 42, 242, 31, 251, 157, 5, 61,
       113, 26, 214, 170, 32, 160, 24, 250, 93, 173, 64, 71, 222, 11, 97,
       24, 166, 211, 40, 16, 201, 58, 66, 0, 18, 46, 90, 23, 133, 148,
       18, 123, 80, 8, 135, 170, 246, 98, 186, 242, 73, 53, 90, 200, 139,
       191, 177, 153, 74, 207, 111, 154, 221, 209, 199, 115, 14, 103,
       138, 208, 155, 208, 69, 127, 209, 127, 110, 6, 8, 223, 56, 123,
       184, 141, 87, 190, 86, 61, 124, 8, 183, 49, 130, 64, 133, 90, 6,
       72, 178, 56, 107, 63, 237, 159, 52, 112, 80, 153, 129, 171, 197,
       6, 159, 183, 176, 46, 105, 18, 120, 139, 115, 112, 215, 99, 129,
       123, 55, 110, 124, 60, 185, 212, 193, 10, 132, 190, 114, 128, 136,
       225, 3, 33, 18, 93, 122, 221, 86, 210, 190, 102, 140, 132, 90, 2,
       36, 190, 55, 64, 234, 127, 19, 129, 69, 153, 48, 239, 55, 46, 158,
       3, 5, 120, 61, 142, 82, 148, 50, 186, 235, 225, 20, 111, 189, 15,
       145, 186, 172, 254, 40, 249, 255, 147, 223, 161, 126, 11, 2, 211,
       177, 214, 94, 251, 144, 84, 173, 15, 242, 75, 79, 141, 46, 10,
       239, 96, 236, 62, 178, 227, 67, 8, 180, 67, 106, 228, 110, 231,
       232, 231, 69, 204, 176, 34, 227, 145, 101, 184, 116, 5, 10, 140,
       12, 187, 189, 208, 84, 167, 62, 73, 202, 33, 190, 187, 34, 192,
       193, 43, 191, 145, 62, 136, 67, 191, 235, 247, 190, 91, 16, 68,
       185, 10, 72, 48, 190, 125, 171, 236, 245, 31, 238, 159, 182, 20,
       222, 189, 64, 59, 167, 118, 124, 24, 179, 105, 179, 64, 207, 251,
       118, 88, 202, 64, 199, 179, 237, 176, 189, 97, 173, 124, 241, 159,
       82, 187, 182, 28, 155, 57, 88, 107, 137, 86, 125, 24, 179, 100,
       243, 2, 79, 251, 117, 116, 202, 200, 208, 35, 215, 176, 185, 243,
