%YAML:1.0
---
descriptors: !!opencv-matrix
   rows: 134
   cols: 32
   dt: u
   data: [ 197, 34, 221, 247, 224, 44, 105, 25, 58, 179, 35, 92, 215,
       243, 201, 122, 55, 87, 125, 28, 145, 84, 155, 66, 207, 185, 115,
       100, 136, 227, 195, 161, 6, 164, 144, 147, 253, 77, 184, 235, 31,
       53, 57, 27, 204, 120, 94, 8, 187, 139, 219, 17, 54, 120, 75, 215,
       13, 22, 31, 127, 212, 76, 207, 134, 148, 54, 187, 161, 178, 106,
       187, 67, 60, 231, 91, 179, 213, 167, 65, 8, 55, 95, 17, 145, 49,
       216, 133, 66, 237, 134, 63, 196, 165, 225, 165, 241, 220, 189,
       185, 234, 169, 111, 95, 184, 59, 250, 189, 105, 223, 255, 73, 51,
       151, 223, 253, 114, 251, 67, 251, 178, 251, 219, 101, 254, 138,
       243, 134, 115, 198, 169, 240, 190, 175, 129, 190, 168, 155, 176,
       17, 155, 237, 234, 92, 199, 151, 127, 125, 211, 242, 69, 206, 255,
       173, 90, 207, 254, 20, 38, 19, 5, 174, 20, 246, 252, 187, 187,
       146, 234, 159, 130, 248, 185, 206, 249, 33, 201, 215, 123, 255,
       48, 52, 103, 90, 222, 203, 255, 67, 127, 214, 237, 9, 3, 114, 7,
       229, 238, 28, 3, 206, 40, 83, 163, 243, 202, 83, 104, 156, 17, 91,
       205, 53, 237, 232, 242, 77, 159, 186, 46, 253, 148, 101, 235, 114,
       0, 186, 210, 38, 188, 105, 87, 148, 125, 21, 126, 244, 189, 78,
       159, 46, 151, 253, 221, 247, 102, 236, 183, 227, 138, 243, 243,
       116, 187, 91, 60, 174, 211, 193, 92, 223, 221, 108, 108, 109, 150,
       253, 82, 230, 80, 244, 179, 181, 127, 97, 116, 106, 10, 225, 229,
       179, 235, 69, 186, 82, 0, 72, 240, 97, 40, 0, 158, 153, 187, 252,
       165, 33, 255, 30, 27, 88, 84, 180, 183, 32, 64, 205, 59, 55, 24,
       179, 124, 98, 183, 205, 151, 62, 232, 152, 72, 133, 185, 157, 95,
       255, 237, 246, 78, 127, 242, 61, 202, 126, 226, 125, 55, 177, 113,
       118, 124, 31, 110, 225, 144, 49, 238, 247, 239, 230, 128, 38, 243,
       101, 241, 250, 144, 104, 90, 95, 245, 145, 15, 155, 93, 181, 31,
       42, 28, 30, 188, 205, 147, 221, 145, 190, 47, 114, 247, 91, 127,
       152, 251, 215, 12, 222, 95, 64, 153, 191, 175, 168, 192, 181, 133,
       142, 29, 138, 49, 244, 191, 96, 74, 194, 119, 123, 81, 18, 73, 83,
       97, 237, 179, 126, 67, 144, 26, 165, 123, 134, 28, 174, 149, 193,
       38, 180, 135, 188, 247, 74, 21, 200, 62, 7, 75, 229, 71, 187, 149,
       180, 220, 19, 226, 79, 50, 223, 71, 136, 117, 177, 214, 177, 20,
       110, 252, 38, 34, 249, 120, 212, 66, 215, 246, 81, 237, 186, 105,
       126, 164, 55, 173, 173, 167, 36, 142, 82, 175, 226, 128, 61, 234,
       112, 209, 103, 32, 209, 65, 232, 106, 232, 136, 107, 243, 177,
       216, 222, 62, 93, 186, 187, 221, 125, 59, 1, 118, 201, 64, 157,
       152, 69, 182, 197, 241, 67, 165, 121, 159, 78, 110, 184, 58, 78,
       185, 224, 196, 174, 236, 123, 99, 147, 243, 54, 230, 252, 238,
       253, 137, 45, 47, 242, 239, 101, 144, 111, 226, 234, 81, 28, 93,
       255, 229, 151, 14, 127, 240, 173, 130, 126, 66, 125, 255, 49, 118,
       118, 245, 63, 234, 193, 145, 49, 236, 243, 255, 199, 0, 35, 243,
       101, 177, 129, 160, 157, 251, 252, 173, 173, 159, 30, 59, 85, 112,
       180, 35, 200, 104, 199, 26, 50, 28, 51, 88, 107, 151, 204, 151,
       126, 108, 152, 200, 129, 169, 107, 178, 253, 216, 125, 245, 153,
       95, 27, 125, 181, 127, 28, 28, 222, 41, 223, 23, 247, 17, 151,
       111, 123, 213, 91, 91, 250, 254, 159, 140, 151, 119, 116, 49, 11,
       180, 157, 198, 87, 96, 245, 200, 195, 5, 214, 241, 96, 81, 216,
       252, 104, 115, 120, 235, 144, 12, 249, 242, 199, 30, 64, 42, 114,
       34, 235, 130, 240, 88, 221, 181, 208, 207, 223, 95, 180, 25, 40,
       200, 62, 252, 201, 130, 202, 20, 182, 47, 98, 247, 27, 95, 144,
       123, 211, 12, 248, 79, 250, 72, 223, 246, 46, 10, 124, 180, 185,
       146, 178, 154, 127, 107, 21, 91, 102, 245, 125, 234, 104, 71, 195,
       234, 211, 251, 246, 144, 39, 241, 98, 8, 45, 1, 213, 109, 32, 11,
       105, 57, 45, 176, 99, 136, 223, 103, 17, 62, 206, 100, 104, 46,
       25, 240, 127, 8, 205, 250, 69, 20, 198, 163, 70, 176, 252, 133,
       121, 97, 149, 107, 87, 47, 113, 39, 175, 24, 83, 53, 8, 48, 25,
       150, 72, 56, 58, 184, 121, 30, 251, 239, 21, 85, 227, 202, 198,
       98, 38, 164, 144, 131, 221, 109, 184, 105, 30, 55, 49, 27, 204,
       106, 72, 8, 187, 27, 75, 49, 54, 124, 219, 214, 29, 22, 31, 119,
       148, 8, 135, 134, 121, 156, 57, 254, 25, 239, 83, 182, 150, 77,
       238, 0, 247, 119, 32, 112, 193, 50, 29, 8, 43, 137, 113, 63, 235,
       255, 48, 80, 18, 72, 196, 123, 13, 221, 17, 255, 53, 143, 86, 176,
       214, 8, 121, 68, 255, 113, 32, 224, 148, 122, 28, 74, 195, 168,
       89, 63, 227, 255, 33, 24, 90, 154, 65, 33, 61, 117, 49, 110, 189,
       111, 86, 248, 127, 232, 249, 72, 223, 125, 9, 176, 221, 213, 93,
       98, 137, 35, 89, 190, 251, 223, 37, 62, 218, 123, 66, 51, 214,
       236, 148, 147, 213, 128, 166, 165, 187, 51, 130, 19, 236, 226, 77,
       71, 225, 235, 42, 211, 102, 92, 203, 243, 189, 22, 223, 99, 128,
       112, 185, 14, 53, 199, 197, 158, 222, 3, 134, 232, 18, 179, 177,
       254, 210, 96, 201, 25, 89, 194, 14, 254, 123, 99, 79, 191, 184, 6,
       239, 124, 249, 123, 240, 128, 198, 233, 144, 158, 207, 129, 238,
       168, 155, 146, 17, 26, 236, 234, 92, 207, 179, 235, 123, 195, 118,
       68, 202, 255, 173, 18, 207, 251, 20, 32, 27, 6, 134, 4, 214, 252,
       251, 171, 154, 202, 159, 130, 249, 153, 206, 235, 37, 217, 151,
       123, 111, 49, 52, 99, 10, 222, 138, 254, 83, 127, 212, 105, 9,
       131, 120, 29, 119, 236, 151, 66, 70, 109, 197, 0, 234, 3, 99, 121,
       32, 193, 248, 246, 204, 227, 124, 171, 25, 172, 179, 225, 134, 19,
       51, 190, 244, 2, 118, 227, 229, 239, 28, 3, 206, 168, 87, 176,
       243, 202, 99, 105, 29, 8, 89, 204, 53, 227, 234, 242, 207, 157,
       170, 186, 229, 180, 125, 187, 208, 0, 68, 101, 28, 199, 48, 15,
       111, 56, 125, 172, 255, 8, 215, 115, 136, 116, 50, 212, 108, 106,
       73, 240, 233, 76, 245, 190, 35, 20, 0, 163, 71, 33, 142, 150, 148,
       215, 227, 58, 188, 135, 62, 183, 78, 176, 204, 35, 74, 207, 167,
       87, 162, 16, 48, 220, 67, 226, 44, 51, 94, 71, 138, 116, 141, 153,
       3, 191, 17, 155, 252, 141, 169, 255, 158, 89, 88, 245, 188, 163,
       240, 192, 199, 11, 51, 29, 243, 24, 66, 247, 44, 22, 62, 232, 156,
       136, 129, 185, 121, 143, 100, 108, 168, 26, 94, 189, 225, 236,
       190, 237, 107, 111, 150, 247, 6, 228, 253, 238, 221, 107, 237, 45,
       242, 251, 101, 152, 111, 182, 234, 85, 252, 82, 26, 172, 44, 2,
       87, 56, 96, 138, 231, 105, 87, 83, 139, 91, 244, 212, 109, 226,
       236, 199, 201, 8, 240, 227, 227, 157, 32, 179, 118, 3, 27, 89,
       123, 228, 82, 214, 63, 244, 173, 200, 94, 70, 61, 255, 161, 228,
       118, 253, 151, 206, 193, 153, 48, 236, 243, 237, 174, 128, 47,
       178, 37, 121, 1, 162, 17, 225, 236, 109, 169, 159, 94, 121, 25,
       120, 149, 20, 200, 32, 151, 27, 114, 24, 147, 120, 107, 17, 141,
       152, 63, 116, 208, 136, 129, 161, 174, 176, 236, 90, 141, 249, 81,
       219, 207, 119, 53, 157, 138, 220, 126, 191, 139, 138, 199, 20,
       158, 108, 254, 145, 75, 89, 81, 127, 214, 76, 220, 214, 8, 205,
       86, 252, 53, 132, 110, 166, 165, 0, 234, 0, 191, 115, 48, 244,
       200, 242, 59, 200, 72, 139, 82, 239, 227, 255, 150, 8, 26, 184,
       224, 42, 113, 79, 30, 124, 141, 140, 70, 166, 225, 2, 234, 0, 163,
       35, 5, 208, 200, 230, 104, 78, 76, 171, 211, 47, 163, 255, 212,
       25, 72, 120, 106, 10, 78, 188, 188, 122, 169, 253, 17, 142, 171,
       63, 164, 57, 174, 255, 66, 27, 129, 115, 237, 16, 18, 75, 218, 49,
       219, 209, 85, 123, 210, 64, 135, 11, 5, 160, 221, 241, 236, 169,
       233, 27, 254, 179, 49, 88, 157, 235, 220, 10, 171, 15, 110, 25,
       51, 124, 203, 208, 204, 154, 127, 116, 220, 200, 195, 161, 118,
       64, 214, 140, 77, 110, 246, 72, 169, 166, 242, 11, 78, 250, 103,
       94, 248, 245, 239, 227, 12, 231, 211, 200, 145, 178, 203, 31, 129,
