%YAML:1.0
---
descriptors: !!opencv-matrix
   rows: 198
   cols: 32
   dt: u
   data: [ 128, 118, 186, 31, 102, 249, 177, 66, 126, 111, 112, 57, 46,
       216, 239, 24, 179, 40, 198, 5, 166, 246, 34, 83, 84, 6, 49, 171,
       193, 93, 71, 207, 162, 34, 218, 93, 98, 115, 56, 90, 63, 7, 108,
       240, 41, 134, 229, 188, 127, 27, 134, 128, 6, 150, 32, 83, 22,
       151, 186, 171, 218, 193, 46, 157, 53, 57, 121, 79, 89, 110, 91,
       89, 97, 64, 237, 0, 114, 87, 13, 52, 88, 188, 81, 42, 25, 50, 121,
       31, 87, 172, 0, 24, 91, 35, 98, 178, 208, 177, 60, 186, 26, 197,
       17, 107, 170, 21, 161, 57, 55, 223, 42, 83, 171, 147, 77, 129, 90,
       15, 146, 21, 217, 129, 122, 121, 80, 0, 167, 122, 218, 210, 159,
       184, 171, 100, 29, 223, 175, 27, 144, 81, 156, 254, 104, 75, 167,
       83, 125, 17, 51, 77, 155, 211, 217, 243, 127, 222, 144, 80, 165,
       59, 122, 62, 188, 188, 171, 117, 152, 95, 155, 255, 144, 127, 12,
       190, 71, 11, 141, 55, 253, 17, 188, 79, 243, 192, 155, 219, 255,
       255, 144, 76, 167, 95, 237, 67, 93, 101, 36, 10, 111, 48, 97, 170,
       119, 104, 211, 33, 145, 115, 58, 228, 108, 110, 201, 176, 229, 8,
       230, 251, 97, 144, 110, 187, 66, 33, 51, 19, 106, 200, 52, 151,
       202, 81, 109, 76, 247, 238, 27, 14, 182, 116, 126, 161, 31, 237,
       205, 163, 116, 204, 146, 217, 170, 144, 127, 142, 120, 117, 41,
       73, 45, 101, 29, 15, 102, 190, 100, 160, 234, 72, 211, 49, 17, 50,
       88, 196, 104, 106, 73, 186, 81, 44, 231, 235, 5, 20, 105, 187, 82,
       40, 248, 41, 59, 108, 57, 204, 91, 83, 251, 136, 172, 8, 191, 151,
       64, 16, 144, 188, 77, 72, 75, 47, 176, 27, 243, 253, 32, 56, 66,
       128, 70, 42, 239, 48, 242, 224, 237, 47, 249, 91, 123, 246, 183,
       29, 158, 127, 85, 59, 191, 149, 223, 181, 177, 103, 249, 194, 223,
       223, 207, 118, 207, 229, 195, 86, 59, 16, 126, 225, 118, 222, 249,
       80, 109, 93, 247, 167, 159, 31, 182, 120, 238, 189, 151, 157, 138,
       176, 117, 197, 215, 249, 186, 129, 103, 140, 109, 243, 131, 179,
       29, 187, 236, 137, 188, 159, 158, 25, 80, 253, 180, 131, 200, 73,
       207, 11, 123, 21, 51, 88, 66, 241, 108, 18, 126, 232, 156, 200,
       129, 153, 120, 141, 62, 110, 185, 238, 87, 55, 225, 8, 174, 8,
       123, 119, 2, 115, 196, 246, 125, 106, 72, 11, 232, 45, 243, 235,
       96, 25, 98, 242, 238, 35, 222, 96, 229, 231, 39, 90, 126, 40, 121,
       162, 183, 139, 75, 63, 93, 95, 63, 213, 253, 234, 236, 246, 221,
       202, 215, 251, 199, 151, 39, 247, 102, 2, 88, 154, 159, 178, 139,
       204, 17, 131, 174, 21, 139, 25, 239, 183, 104, 82, 163, 183, 237,
       16, 26, 9, 147, 51, 217, 229, 50, 81, 160, 0, 165, 43, 88, 45, 27,
       108, 57, 204, 69, 119, 169, 8, 168, 8, 191, 147, 0, 113, 128, 186,
       76, 40, 74, 11, 128, 29, 243, 249, 32, 56, 64, 0, 102, 43, 189,
       70, 125, 101, 36, 15, 79, 56, 116, 234, 246, 64, 211, 113, 153,
       115, 28, 212, 108, 110, 233, 244, 105, 14, 231, 186, 101, 20, 67,
       187, 66, 33, 188, 67, 91, 228, 116, 19, 82, 120, 197, 160, 247,
       207, 83, 201, 169, 144, 94, 164, 134, 110, 77, 179, 0, 142, 114,
       237, 161, 21, 111, 187, 120, 144, 71, 50, 153, 18, 184, 45, 17,
       154, 42, 249, 157, 253, 148, 150, 207, 26, 135, 27, 108, 20, 147,
       69, 235, 112, 220, 20, 63, 254, 152, 209, 3, 85, 32, 57, 127, 69,
       116, 79, 239, 55, 125, 236, 118, 64, 147, 53, 148, 48, 10, 116,
       103, 104, 225, 248, 113, 110, 103, 190, 37, 0, 65, 168, 70, 249,
       63, 53, 65, 165, 114, 23, 106, 120, 53, 224, 91, 199, 89, 46, 145,
       240, 126, 141, 23, 175, 205, 146, 93, 204, 174, 111, 171, 132, 47,
       166, 58, 213, 137, 126, 107, 65, 116, 171, 233, 86, 116, 237, 126,
       246, 49, 45, 149, 9, 47, 42, 7, 156, 161, 252, 37, 142, 110, 207,
       180, 128, 239, 216, 80, 217, 5, 107, 130, 37, 148, 40, 103, 134,
       102, 161, 74, 128, 129, 161, 209, 10, 49, 110, 106, 92, 18, 248,
       135, 32, 236, 132, 167, 32, 172, 243, 211, 168, 0, 25, 121, 105,
       50, 206, 123, 150, 54, 77, 126, 32, 245, 23, 146, 112, 54, 63, 53,
       200, 178, 152, 49, 127, 231, 175, 50, 128, 100, 128, 69, 123, 101,
       176, 157, 250, 173, 109, 65, 72, 235, 63, 165, 24, 150, 214, 72,
       63, 201, 147, 108, 24, 27, 99, 251, 17, 153, 218, 83, 126, 208,
       73, 71, 101, 80, 148, 127, 175, 180, 78, 90, 51, 52, 141, 251, 67,
       215, 63, 0, 80, 255, 223, 61, 161, 56, 152, 81, 14, 251, 231, 190,
       193, 32, 168, 164, 99, 102, 161, 136, 11, 220, 105, 130, 200, 18,
       113, 129, 153, 192, 236, 93, 8, 217, 200, 227, 243, 31, 98, 223,
       17, 29, 22, 141, 125, 221, 107, 218, 150, 50, 33, 80, 233, 119,
       139, 202, 64, 111, 32, 249, 139, 15, 136, 21, 148, 250, 189, 87,
       225, 12, 178, 196, 222, 150, 252, 137, 51, 101, 174, 82, 132, 214,
       60, 250, 176, 219, 232, 49, 66, 187, 183, 41, 185, 12, 190, 67,
       25, 163, 63, 235, 17, 54, 85, 186, 82, 223, 215, 27, 127, 196, 69,
       7, 67, 252, 164, 253, 115, 147, 107, 81, 191, 118, 55, 231, 24,
       83, 55, 8, 120, 49, 158, 104, 56, 58, 252, 121, 23, 239, 207, 53,
       85, 227, 192, 196, 98, 244, 106, 190, 118, 77, 13, 85, 76, 227,
       190, 176, 24, 82, 217, 69, 27, 169, 244, 111, 106, 104, 103, 138,
       40, 115, 217, 69, 63, 195, 249, 70, 11, 248, 121, 123, 244, 27,
       205, 81, 119, 161, 4, 164, 41, 63, 159, 34, 81, 166, 179, 205, 0,
       106, 15, 48, 29, 243, 193, 48, 59, 98, 128, 39, 123, 32, 65, 120,
       79, 92, 207, 67, 116, 68, 164, 255, 10, 115, 17, 23, 48, 88, 188,
       2, 106, 200, 178, 121, 28, 103, 141, 32, 16, 119, 154, 94, 168,
       41, 251, 122, 76, 118, 157, 245, 117, 121, 76, 124, 40, 58, 156,
       150, 52, 190, 58, 150, 72, 198, 186, 36, 77, 118, 125, 36, 171,
       71, 154, 207, 239, 34, 176, 29, 155, 109, 237, 176, 207, 142, 57,
       33, 25, 180, 216, 104, 10, 201, 27, 107, 17, 18, 110, 218, 209,
       13, 16, 90, 127, 208, 8, 133, 162, 222, 27, 230, 20, 187, 178, 90,
       16, 177, 204, 215, 175, 75, 110, 151, 223, 38, 245, 253, 247, 188,
       195, 165, 204, 146, 243, 225, 147, 231, 247, 46, 87, 114, 185,
       189, 177, 143, 229, 153, 87, 138, 251, 144, 127, 188, 190, 68, 11,
       205, 55, 253, 145, 186, 75, 211, 160, 153, 211, 254, 250, 137, 76,
       133, 91, 90, 184, 149, 185, 139, 228, 29, 159, 143, 251, 144, 86,
       156, 183, 96, 203, 231, 87, 253, 145, 27, 79, 155, 241, 217, 243,
       127, 254, 152, 80, 161, 59, 92, 185, 145, 250, 139, 228, 17, 223,
       175, 153, 172, 72, 190, 247, 64, 254, 167, 255, 252, 16, 27, 75,
       154, 241, 153, 245, 31, 122, 170, 66, 171, 59, 102, 43, 233, 0,
       205, 121, 194, 200, 67, 240, 169, 137, 194, 232, 85, 158, 153,
       204, 106, 127, 142, 99, 207, 16, 31, 28, 197, 125, 209, 127, 94,
       198, 45, 176, 209, 131, 237, 63, 224, 89, 78, 249, 61, 94, 222,
       25, 216, 174, 187, 15, 222, 57, 147, 112, 249, 208, 13, 217, 55,
       116, 206, 207, 219, 177, 189, 77, 99, 67, 212, 95, 238, 241, 84,
       64, 123, 66, 211, 88, 157, 165, 120, 202, 22, 250, 253, 176, 125,
       174, 38, 8, 166, 4, 111, 219, 248, 164, 69, 53, 218, 225, 224, 46,
       120, 25, 58, 187, 111, 80, 213, 115, 73, 122, 55, 93, 125, 56, 16,
       208, 217, 64, 207, 169, 103, 100, 136, 227, 75, 131, 114, 197,
       108, 77, 14, 83, 85, 239, 85, 118, 174, 131, 67, 44, 54, 113, 121,
       132, 173, 230, 236, 179, 111, 157, 242, 235, 213, 21, 119, 188,
       124, 94, 124, 112, 248, 98, 45, 125, 82, 216, 67, 252, 181, 10,
       75, 89, 95, 63, 153, 208, 213, 114, 140, 103, 250, 144, 219, 217,
       65, 127, 231, 191, 86, 71, 244, 88, 14, 78, 12, 2, 134, 236, 244,
       130, 226, 78, 82, 224, 37, 83, 248, 228, 106, 98, 105, 231, 155,
       104, 176, 34, 71, 24, 73, 59, 120, 18, 44, 117, 120, 103, 240,
       207, 119, 249, 49, 172, 125, 0, 123, 127, 9, 17, 156, 250, 71,
       106, 104, 178, 88, 62, 111, 207, 37, 1, 99, 251, 206, 163, 203,
       87, 98, 108, 107, 91, 124, 57, 173, 78, 86, 173, 221, 29, 183,
