%YAML:1.0
---
descriptors: !!opencv-matrix
   rows: 213
   cols: 32
   dt: u
   data: [ 156, 91, 62, 171, 174, 224, 23, 148, 174, 93, 223, 49, 159,
       159, 107, 72, 230, 63, 189, 67, 90, 133, 171, 49, 225, 225, 170,
       211, 16, 91, 173, 115, 220, 119, 242, 102, 242, 26, 127, 248, 49,
       174, 255, 239, 75, 103, 139, 23, 54, 245, 133, 238, 232, 213, 172,
       138, 242, 235, 101, 133, 39, 247, 38, 115, 54, 222, 252, 214, 246,
       80, 158, 228, 89, 223, 245, 191, 111, 108, 159, 185, 255, 251,
       149, 211, 252, 250, 108, 239, 186, 95, 255, 211, 213, 254, 255,
       223, 35, 128, 160, 255, 253, 167, 216, 143, 95, 3, 65, 19, 224,
       249, 124, 104, 217, 106, 51, 29, 58, 124, 75, 243, 79, 126, 159,
       77, 144, 72, 208, 138, 116, 98, 8, 174, 74, 19, 86, 104, 19, 174,
       189, 175, 67, 105, 74, 144, 217, 205, 207, 226, 76, 50, 203, 18,
       250, 199, 37, 61, 113, 123, 46, 3, 202, 80, 127, 107, 74, 198, 41,
       20, 236, 117, 71, 20, 189, 143, 48, 104, 38, 21, 123, 201, 131,
       157, 181, 113, 69, 121, 186, 128, 36, 129, 165, 120, 44, 252, 179,
       90, 219, 201, 23, 204, 219, 61, 109, 40, 110, 213, 109, 148, 145,
       122, 195, 18, 67, 35, 250, 247, 63, 84, 5, 123, 210, 87, 6, 255,
       58, 23, 42, 172, 197, 127, 85, 111, 213, 142, 252, 47, 10, 189,
       39, 25, 248, 169, 199, 33, 60, 163, 0, 140, 243, 247, 80, 27, 243,
       125, 254, 215, 88, 81, 247, 229, 19, 78, 113, 24, 47, 225, 103, 0,
       95, 23, 1, 112, 54, 29, 121, 104, 1, 212, 177, 76, 213, 170, 65,
       4, 34, 131, 7, 122, 45, 119, 97, 71, 18, 15, 239, 48, 117, 228,
       127, 198, 211, 37, 157, 52, 94, 220, 6, 238, 201, 176, 125, 78,
       103, 206, 165, 128, 103, 187, 70, 240, 221, 68, 77, 231, 36, 10,
       111, 184, 117, 226, 119, 198, 211, 99, 153, 115, 114, 196, 60,
       238, 233, 180, 93, 14, 228, 235, 229, 4, 44, 251, 80, 32, 82, 253,
       150, 190, 155, 224, 22, 238, 187, 19, 168, 57, 174, 246, 100, 95,
       163, 243, 233, 209, 126, 75, 154, 243, 185, 246, 95, 123, 144, 81,
       167, 31, 182, 160, 225, 17, 205, 105, 241, 75, 27, 247, 129, 155,
       2, 236, 94, 10, 249, 159, 195, 21, 30, 118, 255, 210, 95, 20, 157,
       127, 213, 77, 214, 214, 137, 212, 63, 184, 172, 204, 125, 174,
       248, 95, 6, 17, 252, 255, 58, 91, 135, 83, 125, 103, 230, 69, 58,
       103, 225, 251, 126, 204, 16, 80, 167, 251, 45, 251, 124, 91, 236,
       159, 239, 188, 207, 120, 124, 76, 178, 81, 209, 62, 141, 74, 86,
       94, 195, 56, 123, 61, 111, 155, 101, 36, 90, 155, 74, 185, 55, 79,
       74, 174, 244, 130, 78, 240, 17, 202, 217, 239, 113, 234, 179, 80,
       126, 233, 23, 231, 237, 146, 12, 254, 242, 37, 175, 168, 60, 243,
       186, 209, 7, 255, 214, 31, 255, 155, 182, 236, 222, 234, 91, 238,
       232, 232, 191, 165, 191, 107, 242, 99, 229, 243, 15, 255, 62, 30,
       79, 239, 221, 127, 25, 149, 74, 14, 194, 154, 251, 240, 30, 231,
       157, 7, 216, 179, 172, 238, 166, 205, 231, 243, 207, 147, 118, 79,
       238, 255, 182, 118, 158, 219, 150, 84, 173, 207, 3, 164, 241, 147,
       231, 189, 188, 39, 91, 119, 25, 159, 141, 44, 94, 166, 167, 11,
       19, 29, 151, 248, 253, 194, 15, 94, 30, 102, 204, 206, 219, 220,
       253, 117, 237, 231, 222, 70, 79, 248, 16, 226, 188, 202, 81, 119,
       211, 51, 127, 204, 85, 238, 233, 215, 253, 14, 253, 139, 237, 180,
       37, 242, 114, 241, 116, 115, 185, 230, 188, 12, 71, 152, 74, 168,
       153, 108, 215, 249, 217, 112, 220, 220, 125, 115, 201, 34, 217,
       40, 248, 172, 167, 188, 204, 251, 80, 33, 215, 141, 231, 145, 143,
       102, 236, 139, 250, 179, 138, 18, 89, 34, 81, 107, 99, 199, 121,
       189, 48, 217, 191, 226, 13, 42, 223, 68, 165, 113, 161, 36, 53,
       97, 137, 171, 142, 39, 143, 216, 86, 177, 65, 74, 81, 242, 233,
       104, 93, 72, 2, 251, 139, 82, 79, 48, 24, 132, 175, 124, 189, 123,
       177, 160, 126, 227, 168, 162, 61, 217, 90, 204, 131, 237, 157,
       171, 135, 205, 91, 128, 156, 204, 221, 117, 142, 3, 236, 182, 251,
       213, 141, 253, 166, 143, 94, 116, 165, 220, 61, 251, 140, 175, 79,
       188, 222, 114, 167, 16, 243, 253, 61, 105, 221, 146, 58, 110, 235,
       39, 123, 191, 231, 219, 211, 124, 16, 91, 208, 34, 94, 204, 158,
       182, 169, 228, 30, 160, 172, 27, 139, 17, 253, 246, 40, 202, 161,
       115, 249, 195, 50, 197, 26, 231, 169, 247, 223, 82, 128, 115, 161,
       2, 114, 163, 40, 234, 40, 208, 26, 169, 139, 61, 149, 171, 169,
       206, 78, 64, 204, 153, 253, 211, 94, 11, 234, 209, 219, 81, 175,
       253, 20, 14, 158, 91, 208, 72, 31, 129, 4, 251, 97, 6, 108, 103,
       198, 22, 167, 1, 34, 77, 98, 132, 110, 8, 13, 188, 117, 84, 215,
       163, 82, 17, 34, 216, 69, 124, 164, 245, 123, 126, 252, 205, 183,
       252, 218, 77, 113, 25, 246, 220, 60, 49, 216, 123, 87, 99, 230,
       118, 250, 119, 119, 185, 102, 41, 81, 27, 247, 219, 246, 119, 232,
       132, 222, 7, 222, 204, 19, 174, 184, 143, 66, 232, 95, 2, 221,
       221, 87, 247, 236, 35, 200, 138, 186, 12, 141, 190, 253, 122, 114,
       142, 184, 78, 106, 254, 62, 147, 223, 248, 85, 6, 244, 167, 123,
       77, 187, 97, 94, 248, 151, 231, 236, 167, 108, 191, 243, 201, 160,
       153, 119, 189, 124, 218, 32, 160, 249, 80, 194, 237, 117, 207,
       122, 51, 108, 24, 20, 243, 72, 56, 179, 26, 34, 24, 19, 122, 154,
       83, 93, 142, 117, 108, 192, 64, 199, 162, 199, 248, 175, 159, 42,
       244, 191, 152, 190, 95, 68, 165, 252, 254, 191, 239, 215, 127,
       187, 207, 167, 69, 190, 243, 14, 59, 207, 142, 158, 245, 37, 245,
       191, 252, 100, 93, 151, 87, 223, 248, 87, 238, 86, 163, 73, 125,
       183, 165, 127, 216, 183, 239, 236, 246, 109, 191, 123, 79, 237,
       135, 247, 255, 124, 255, 136, 229, 73, 169, 244, 65, 237, 239, 62,
       27, 120, 210, 157, 46, 120, 32, 89, 155, 23, 177, 115, 62, 71, 87,
       109, 5, 190, 236, 220, 88, 231, 184, 7, 165, 249, 147, 215, 237,
       188, 141, 62, 113, 11, 27, 205, 108, 94, 32, 51, 11, 19, 29, 23,
       112, 189, 211, 45, 12, 31, 100, 237, 74, 129, 214, 229, 204, 189,
       251, 140, 45, 71, 188, 222, 58, 161, 24, 247, 249, 121, 107, 201,
       210, 58, 106, 106, 103, 91, 51, 237, 219, 215, 60, 144, 121, 208,
       42, 249, 28, 188, 189, 137, 245, 25, 71, 146, 243, 164, 25, 188,
       55, 66, 251, 205, 183, 251, 144, 57, 79, 243, 202, 219, 243, 218,
       51, 146, 64, 140, 122, 35, 88, 167, 191, 13, 207, 160, 38, 222,
       241, 66, 71, 240, 248, 53, 224, 201, 108, 51, 69, 237, 248, 119,
       189, 13, 46, 223, 48, 156, 28, 81, 234, 129, 254, 121, 83, 242,
       153, 175, 254, 126, 123, 86, 244, 188, 20, 148, 37, 39, 91, 22,
       91, 227, 252, 45, 127, 44, 30, 54, 230, 93, 153, 135, 253, 48, 91,
       119, 204, 38, 86, 231, 116, 68, 200, 242, 230, 115, 53, 165, 229,
       126, 244, 14, 106, 201, 187, 53, 173, 49, 232, 38, 128, 109, 186,
       116, 185, 253, 109, 117, 68, 236, 95, 207, 253, 65, 250, 184, 74,
       83, 60, 213, 167, 88, 196, 118, 110, 201, 99, 253, 136, 57, 24,
       229, 188, 119, 250, 82, 245, 9, 207, 41, 75, 188, 29, 207, 190,
       78, 104, 60, 76, 179, 40, 213, 32, 29, 66, 126, 78, 195, 40, 109,
       51, 108, 157, 39, 180, 92, 219, 209, 121, 252, 37, 237, 231, 78,
       6, 79, 56, 16, 162, 191, 74, 211, 55, 153, 179, 93, 244, 125, 238,
       248, 210, 237, 142, 255, 235, 229, 180, 39, 250, 90, 160, 80, 253,
       27, 254, 170, 140, 54, 246, 190, 10, 226, 64, 254, 243, 33, 80,
       167, 119, 124, 194, 66, 73, 154, 115, 249, 186, 86, 72, 0, 17, 33,
       43, 120, 123, 56, 104, 48, 142, 83, 80, 105, 12, 188, 12, 159,
       155, 2, 16, 164, 52, 76, 104, 194, 43, 176, 13, 243, 253, 32, 89,
       66, 130, 71, 35, 248, 4, 189, 247, 13, 126, 85, 33, 112, 183, 167,
       24, 86, 55, 8, 123, 192, 182, 104, 10, 120, 223, 241, 42, 211,
       227, 80, 17, 34, 73, 196, 42, 220, 91, 62, 186, 162, 228, 95, 157,
       166, 92, 222, 165, 223, 223, 43, 89, 246, 219, 189, 211, 206, 16,
       59, 48, 243, 225, 111, 205, 52, 243, 165, 83, 167, 191, 248, 82,
