%YAML:1.0
---
descriptors: !!opencv-matrix
   rows: 265
   cols: 32
   dt: u
   data: [ 187, 12, 239, 189, 66, 114, 189, 119, 21, 66, 214, 135, 57,
       47, 183, 111, 110, 187, 19, 141, 233, 159, 52, 202, 87, 107, 218,
       128, 63, 212, 48, 248, 73, 170, 140, 39, 28, 156, 66, 176, 226,
       245, 130, 205, 199, 136, 82, 210, 132, 69, 104, 85, 143, 73, 223,
       36, 200, 241, 15, 120, 136, 6, 27, 88, 17, 142, 77, 241, 182, 169,
       105, 151, 126, 81, 78, 214, 189, 3, 112, 104, 99, 138, 27, 156,
       147, 156, 53, 247, 204, 207, 154, 68, 189, 136, 209, 40, 12, 151,
       105, 105, 244, 183, 251, 216, 86, 77, 95, 230, 89, 223, 253, 96,
       127, 218, 23, 254, 147, 176, 61, 191, 111, 77, 163, 196, 191, 211,
       116, 241, 7, 183, 42, 138, 245, 245, 187, 200, 76, 77, 93, 7, 136,
       220, 127, 32, 220, 27, 147, 245, 150, 58, 126, 246, 95, 29, 138,
       239, 213, 15, 117, 247, 250, 3, 107, 172, 157, 7, 201, 71, 5, 101,
       198, 143, 3, 141, 50, 64, 76, 132, 171, 197, 24, 139, 113, 148,
       243, 101, 152, 89, 55, 12, 244, 106, 73, 89, 247, 76, 36, 142,
       239, 49, 237, 72, 118, 68, 223, 177, 177, 228, 38, 244, 62, 72,
       193, 184, 55, 232, 101, 190, 100, 128, 102, 185, 193, 37, 40, 120,
       120, 238, 100, 205, 95, 112, 18, 46, 116, 40, 51, 157, 3, 16, 94,
       184, 151, 202, 72, 182, 112, 57, 87, 201, 160, 169, 115, 155, 78,
       187, 1, 32, 31, 9, 92, 91, 160, 64, 76, 97, 210, 74, 128, 152,
       180, 34, 232, 140, 90, 177, 135, 178, 85, 192, 20, 24, 138, 34,
       77, 8, 121, 140, 189, 29, 111, 250, 148, 166, 75, 113, 213, 192,
       199, 22, 81, 235, 48, 97, 92, 162, 59, 190, 185, 139, 118, 158,
       219, 235, 138, 72, 63, 171, 240, 112, 159, 53, 111, 160, 149, 231,
       233, 87, 85, 193, 214, 147, 25, 189, 54, 41, 121, 139, 19, 189,
       185, 255, 53, 198, 91, 75, 143, 196, 175, 204, 240, 240, 129, 20,
       255, 93, 82, 103, 112, 90, 22, 203, 115, 87, 20, 159, 32, 105,
       253, 61, 55, 136, 33, 254, 19, 95, 87, 175, 114, 132, 121, 128,
       96, 187, 86, 162, 168, 174, 40, 65, 27, 168, 2, 252, 129, 173,
       195, 238, 91, 18, 213, 197, 109, 183, 140, 67, 239, 16, 216, 163,
       239, 253, 148, 34, 22, 82, 184, 201, 42, 252, 29, 213, 212, 103,
       215, 4, 196, 2, 48, 219, 54, 64, 72, 184, 171, 136, 74, 47, 50,
       159, 243, 233, 130, 57, 51, 8, 252, 138, 62, 114, 230, 169, 47,
       115, 184, 74, 143, 95, 223, 167, 140, 140, 55, 142, 238, 153, 255,
       149, 142, 163, 119, 192, 87, 85, 154, 183, 215, 93, 61, 215, 145,
       123, 207, 165, 2, 130, 47, 117, 52, 128, 82, 230, 117, 131, 177,
       64, 54, 109, 61, 239, 193, 208, 133, 76, 224, 162, 174, 128, 45,
       178, 161, 41, 71, 9, 172, 181, 140, 62, 140, 46, 134, 247, 142,
       141, 243, 108, 83, 42, 141, 199, 121, 165, 141, 65, 255, 40, 201,
       39, 223, 60, 140, 124, 25, 88, 101, 206, 172, 53, 140, 30, 205,
       190, 18, 247, 130, 157, 243, 108, 82, 2, 221, 198, 121, 133, 173,
       236, 255, 42, 204, 99, 253, 20, 140, 252, 88, 88, 105, 141, 185,
       248, 253, 189, 65, 31, 207, 105, 172, 92, 182, 153, 118, 112, 205,
       170, 126, 28, 159, 43, 242, 183, 255, 253, 145, 124, 26, 8, 210,
       114, 134, 121, 54, 138, 109, 197, 190, 200, 143, 180, 217, 3, 236,
       222, 111, 132, 250, 57, 187, 211, 70, 3, 90, 240, 53, 16, 143,
       187, 20, 62, 53, 198, 250, 249, 17, 178, 41, 221, 24, 228, 171,
       237, 144, 41, 174, 158, 70, 150, 196, 117, 253, 81, 79, 13, 242,
       242, 187, 213, 158, 251, 2, 28, 135, 95, 129, 136, 63, 185, 52,
       172, 41, 7, 126, 89, 90, 113, 180, 34, 176, 104, 195, 43, 62, 21,
       19, 152, 3, 85, 140, 186, 58, 64, 152, 200, 129, 169, 87, 243,
       172, 167, 142, 78, 30, 188, 2, 244, 143, 143, 215, 108, 91, 74,
       221, 197, 121, 247, 140, 65, 237, 40, 251, 67, 207, 245, 172, 127,
       20, 94, 245, 82, 239, 245, 38, 170, 105, 20, 240, 234, 86, 246,
       83, 231, 177, 123, 126, 228, 60, 188, 169, 212, 229, 10, 212, 171,
       231, 144, 173, 248, 80, 121, 81, 171, 136, 168, 184, 140, 92, 23,
       230, 45, 138, 77, 167, 168, 66, 80, 196, 167, 108, 85, 158, 43,
       214, 17, 240, 245, 40, 57, 136, 136, 138, 8, 6, 234, 162, 158, 79,
       192, 190, 204, 30, 87, 89, 163, 168, 238, 62, 64, 255, 123, 147,
       199, 70, 18, 142, 241, 52, 54, 158, 175, 21, 127, 189, 210, 131,
       177, 224, 213, 231, 189, 188, 103, 123, 243, 84, 215, 168, 60,
       212, 175, 175, 47, 179, 141, 149, 252, 247, 193, 15, 26, 222, 226,
       207, 132, 219, 223, 53, 158, 223, 254, 46, 130, 79, 249, 215, 74,
       212, 230, 113, 239, 185, 96, 127, 254, 63, 174, 233, 235, 46, 191,
       242, 239, 255, 136, 61, 248, 112, 121, 237, 123, 232, 196, 236,
       23, 237, 253, 82, 238, 148, 238, 209, 45, 211, 42, 95, 204, 55,
       239, 193, 118, 239, 10, 116, 11, 231, 188, 127, 250, 86, 249, 46,
       240, 210, 142, 125, 95, 182, 200, 27, 174, 253, 43, 206, 252, 111,
       132, 255, 221, 215, 227, 76, 55, 219, 242, 63, 92, 15, 175, 215,
       127, 111, 215, 42, 114, 106, 168, 110, 209, 184, 88, 140, 76, 220,
       175, 157, 140, 182, 128, 238, 137, 223, 197, 134, 35, 119, 208,
       86, 65, 170, 185, 93, 143, 61, 219, 13, 56, 247, 87, 98, 126, 107,
       16, 121, 234, 118, 100, 88, 55, 197, 62, 54, 124, 54, 90, 129,
       208, 177, 104, 15, 186, 101, 130, 202, 241, 66, 181, 73, 149, 182,
       54, 173, 47, 149, 119, 237, 191, 171, 29, 254, 186, 42, 27, 129,
       39, 238, 5, 180, 107, 58, 200, 249, 250, 86, 114, 218, 100, 195,
       75, 28, 221, 50, 187, 146, 201, 55, 252, 230, 88, 251, 163, 255,
       123, 10, 96, 127, 217, 78, 227, 110, 177, 79, 63, 252, 230, 47,
       197, 123, 186, 165, 19, 25, 89, 48, 239, 101, 221, 121, 118, 125,
       76, 126, 12, 191, 29, 131, 180, 190, 186, 151, 12, 201, 188, 48,
       187, 247, 253, 48, 160, 122, 156, 79, 249, 10, 143, 98, 154, 119,
       209, 174, 230, 159, 76, 92, 163, 232, 236, 183, 132, 235, 171,
       135, 199, 230, 170, 14, 255, 46, 87, 138, 171, 119, 142, 125, 205,
       61, 21, 96, 108, 55, 87, 90, 120, 69, 204, 253, 175, 75, 93, 183,
       180, 126, 168, 149, 238, 204, 178, 117, 156, 243, 253, 161, 135,
       119, 175, 126, 247, 143, 172, 45, 179, 149, 247, 237, 231, 117,
       87, 87, 19, 185, 28, 94, 41, 233, 219, 19, 159, 254, 252, 125,
       246, 111, 91, 222, 65, 199, 77, 245, 230, 191, 255, 230, 150, 246,
       114, 191, 252, 17, 219, 221, 247, 105, 252, 191, 173, 127, 251,
       151, 231, 247, 215, 174, 239, 58, 103, 239, 207, 175, 247, 191,
       213, 49, 73, 106, 254, 60, 199, 203, 112, 196, 68, 221, 2, 115,
       217, 177, 96, 88, 184, 22, 202, 201, 163, 126, 189, 243, 173, 162,
       24, 53, 155, 112, 168, 31, 94, 67, 173, 114, 166, 175, 112, 52,
       200, 90, 231, 117, 102, 179, 192, 118, 109, 23, 239, 229, 144, 53,
       46, 164, 38, 170, 128, 45, 247, 33, 241, 70, 248, 150, 159, 205,
       196, 188, 172, 158, 159, 3, 1, 236, 254, 108, 79, 167, 115, 59,
       67, 86, 73, 155, 241, 13, 50, 95, 79, 144, 55, 165, 142, 154, 12,
       110, 255, 71, 240, 252, 71, 181, 2, 94, 147, 57, 191, 55, 233,
       104, 171, 147, 141, 36, 156, 36, 234, 87, 107, 218, 129, 167, 212,
       124, 234, 14, 133, 134, 153, 151, 246, 188, 195, 158, 23, 199, 19,
       204, 254, 123, 72, 121, 31, 187, 145, 54, 209, 49, 192, 223, 119,
       159, 71, 151, 108, 189, 194, 2, 185, 226, 209, 247, 252, 188, 167,
       123, 67, 82, 151, 172, 188, 86, 172, 175, 59, 179, 145, 247, 248,
       244, 227, 47, 62, 158, 227, 207, 4, 219, 223, 56, 28, 149, 255,
       83, 102, 50, 118, 20, 107, 107, 118, 125, 55, 40, 248, 125, 191,
       178, 128, 57, 158, 89, 47, 205, 231, 186, 64, 187, 67, 168, 179,
       195, 179, 195, 197, 102, 16, 236, 127, 57, 104, 86, 246, 57, 174,
       212, 244, 62, 159, 55, 140, 193, 26, 165, 195, 54, 45, 186, 168,
       47, 164, 250, 189, 10, 177, 140, 161, 211, 211, 188, 79, 47, 241,
       78, 131, 172, 190, 114, 72, 231, 27, 187, 145, 82, 216, 19, 213,
