%YAML:1.0
---
descriptors: !!opencv-matrix
   rows: 214
   cols: 32
   dt: u
   data: [ 206, 237, 4, 138, 237, 249, 174, 132, 204, 86, 9, 1, 237, 226,
       123, 214, 203, 67, 74, 250, 86, 3, 222, 242, 165, 80, 143, 61,
       150, 127, 141, 206, 102, 172, 173, 19, 204, 236, 189, 199, 154,
       223, 24, 25, 180, 252, 86, 27, 139, 91, 123, 149, 54, 107, 242,
       227, 95, 26, 126, 235, 197, 64, 151, 218, 162, 189, 169, 16, 232,
       229, 189, 199, 154, 215, 48, 153, 164, 236, 86, 11, 143, 123, 115,
       149, 182, 107, 190, 241, 79, 18, 95, 239, 197, 72, 167, 219, 8,
       48, 191, 117, 168, 108, 117, 87, 254, 155, 166, 24, 222, 183, 64,
       59, 167, 86, 106, 8, 17, 225, 179, 64, 79, 187, 84, 0, 194, 240,
       199, 163, 191, 167, 224, 198, 156, 55, 206, 249, 83, 234, 157,
       207, 99, 108, 255, 167, 93, 198, 23, 239, 237, 99, 60, 174, 58,
       78, 197, 188, 255, 254, 120, 220, 3, 173, 35, 155, 213, 213, 170,
       231, 95, 73, 88, 3, 172, 252, 118, 164, 249, 43, 147, 149, 151,
       218, 46, 247, 45, 86, 158, 235, 150, 12, 185, 206, 243, 75, 70,
       204, 14, 82, 78, 237, 229, 132, 178, 163, 99, 72, 181, 215, 120,
       228, 108, 226, 108, 231, 77, 205, 178, 234, 199, 147, 101, 190,
       248, 4, 11, 141, 138, 185, 177, 183, 188, 167, 30, 91, 74, 21,
       172, 250, 50, 200, 193, 43, 187, 149, 62, 216, 83, 247, 175, 247,
       158, 195, 152, 68, 185, 30, 213, 79, 78, 167, 36, 10, 110, 184,
       116, 226, 215, 198, 115, 104, 155, 99, 126, 228, 60, 239, 237,
       180, 77, 46, 244, 235, 239, 132, 45, 187, 120, 17, 53, 207, 119,
       79, 180, 27, 239, 252, 100, 224, 250, 194, 243, 96, 157, 229, 126,
       236, 22, 238, 233, 178, 109, 47, 46, 237, 167, 132, 109, 187, 112,
       229, 0, 168, 25, 123, 248, 201, 177, 198, 186, 29, 100, 24, 181,
       215, 64, 16, 137, 59, 35, 16, 18, 106, 202, 53, 77, 131, 54, 105,
       208, 8, 135, 170, 9, 139, 29, 120, 60, 133, 66, 183, 214, 9, 234,
       68, 182, 193, 32, 80, 192, 34, 46, 92, 155, 169, 67, 61, 233, 185,
       34, 88, 24, 136, 96, 9, 61, 97, 233, 74, 204, 71, 71, 216, 67,
       242, 189, 10, 83, 117, 217, 62, 89, 204, 86, 122, 203, 99, 255,
       56, 123, 201, 165, 60, 247, 251, 114, 224, 213, 92, 87, 111, 32,
       6, 79, 176, 244, 202, 195, 84, 83, 55, 153, 119, 52, 212, 124,
       234, 233, 197, 57, 46, 225, 170, 224, 144, 40, 179, 96, 49, 109,
       176, 253, 97, 172, 60, 249, 159, 70, 187, 182, 84, 209, 61, 216,
       107, 77, 86, 127, 28, 146, 108, 243, 192, 79, 187, 118, 68, 206,
       216, 216, 59, 1, 49, 59, 239, 116, 205, 161, 125, 110, 73, 121,
       64, 181, 215, 32, 96, 244, 59, 18, 9, 195, 184, 51, 29, 229, 173,
       42, 8, 88, 2, 161, 185, 194, 111, 51, 218, 235, 224, 188, 71, 172,
       14, 216, 179, 172, 158, 37, 192, 230, 187, 203, 129, 114, 15, 130,
       243, 177, 52, 26, 139, 20, 84, 165, 139, 166, 221, 181, 174, 221,
       101, 191, 236, 158, 238, 153, 15, 236, 252, 123, 2, 253, 211, 95,
       99, 100, 103, 122, 254, 125, 22, 207, 190, 149, 123, 245, 211, 60,
       77, 122, 238, 214, 147, 239, 252, 213, 132, 254, 2, 115, 233, 181,
       192, 120, 236, 134, 234, 200, 179, 44, 190, 115, 239, 167, 9, 119,
       187, 124, 170, 150, 220, 150, 151, 213, 244, 126, 231, 63, 63,
       218, 19, 236, 62, 106, 207, 233, 215, 175, 147, 62, 221, 219, 227,
       189, 54, 223, 67, 132, 125, 189, 222, 216, 252, 49, 250, 57, 205,
       19, 188, 191, 73, 160, 88, 190, 215, 64, 244, 148, 249, 125, 80,
       107, 15, 250, 55, 249, 208, 14, 122, 26, 16, 7, 59, 205, 205, 191,
       251, 173, 204, 117, 183, 255, 27, 110, 16, 254, 251, 100, 91, 193,
       102, 123, 90, 114, 105, 251, 177, 239, 251, 86, 75, 146, 88, 208,
       42, 23, 95, 110, 175, 182, 2, 111, 248, 36, 132, 218, 231, 113,
       99, 187, 65, 126, 228, 31, 239, 232, 144, 13, 125, 244, 170, 175,
       128, 45, 179, 112, 121, 70, 169, 174, 147, 201, 240, 188, 135,
       171, 221, 158, 163, 140, 238, 78, 74, 233, 87, 235, 145, 22, 75,
       162, 224, 95, 119, 222, 203, 133, 70, 191, 198, 118, 137, 151,
       190, 205, 196, 102, 232, 183, 144, 226, 2, 98, 250, 45, 219, 233,
       231, 106, 210, 110, 99, 155, 249, 185, 178, 199, 27, 177, 41, 124,
       6, 86, 224, 215, 252, 79, 64, 232, 104, 255, 144, 227, 2, 205,
       235, 124, 91, 235, 133, 123, 161, 8, 67, 219, 208, 159, 250, 219,
       15, 37, 160, 107, 134, 128, 191, 185, 185, 244, 233, 189, 223, 30,
       223, 88, 51, 181, 255, 64, 8, 175, 123, 51, 17, 50, 92, 194, 51,
       237, 134, 63, 232, 148, 64, 151, 251, 75, 136, 182, 93, 145, 250,
       16, 7, 255, 27, 70, 16, 172, 186, 6, 252, 129, 55, 248, 153, 54,
       205, 179, 209, 139, 255, 90, 67, 130, 68, 205, 14, 155, 178, 255,
       121, 39, 63, 89, 123, 127, 122, 214, 247, 94, 221, 158, 45, 183,
       31, 253, 5, 175, 244, 227, 209, 195, 123, 121, 194, 79, 132, 118,
       247, 242, 74, 78, 156, 108, 10, 237, 32, 237, 158, 242, 230, 193,
       8, 181, 91, 106, 228, 110, 239, 236, 231, 197, 236, 52, 42, 235,
       144, 37, 184, 116, 5, 11, 148, 149, 185, 149, 255, 176, 143, 94,
       123, 74, 115, 238, 124, 44, 232, 209, 27, 170, 17, 55, 216, 75,
       151, 143, 119, 30, 87, 144, 76, 153, 15, 124, 32, 153, 100, 10,
       79, 81, 88, 98, 172, 164, 8, 23, 147, 65, 58, 8, 212, 68, 88, 8,
       99, 225, 16, 211, 129, 33, 57, 225, 170, 70, 34, 36, 166, 133,
       145, 157, 111, 160, 74, 134, 179, 137, 88, 134, 224, 72, 142, 201,
       12, 234, 16, 27, 99, 219, 18, 141, 22, 81, 125, 200, 107, 26, 130,
       248, 65, 126, 108, 13, 94, 86, 121, 225, 172, 166, 8, 123, 249,
       32, 211, 224, 244, 236, 98, 108, 163, 128, 140, 243, 235, 64, 19,
       98, 58, 108, 10, 160, 168, 25, 251, 125, 237, 209, 143, 222, 57,
       32, 24, 182, 153, 72, 48, 137, 26, 98, 0, 50, 110, 74, 55, 205,
       159, 16, 121, 80, 8, 198, 170, 68, 37, 241, 67, 248, 107, 169, 9,
       122, 181, 33, 24, 214, 35, 73, 58, 51, 29, 74, 56, 50, 112, 233,
       66, 77, 6, 63, 116, 192, 227, 199, 224, 241, 65, 78, 172, 8, 2,
       66, 104, 165, 128, 227, 11, 99, 66, 43, 83, 248, 196, 108, 230,
       76, 131, 1, 12, 177, 224, 192, 18, 48, 42, 104, 6, 193, 76, 31,
       245, 36, 10, 109, 52, 124, 18, 66, 208, 247, 3, 145, 107, 50, 100,
       108, 106, 105, 212, 69, 77, 196, 170, 122, 0, 12, 176, 1, 40, 137,
       159, 21, 59, 57, 141, 80, 55, 222, 89, 234, 68, 190, 17, 32, 241,
       196, 34, 110, 28, 227, 40, 83, 29, 237, 249, 48, 90, 90, 8, 64,
       41, 24, 61, 249, 119, 49, 237, 91, 18, 53, 69, 79, 1, 191, 63, 16,
       112, 134, 59, 157, 0, 154, 152, 113, 63, 195, 205, 48, 17, 162,
       195, 4, 115, 173, 148, 141, 127, 141, 111, 69, 175, 215, 243, 160,
       28, 214, 61, 90, 59, 201, 198, 108, 44, 57, 110, 123, 185, 207,
       219, 85, 62, 218, 120, 210, 114, 85, 77, 31, 229, 20, 78, 111,
       100, 100, 160, 234, 2, 87, 51, 33, 113, 112, 228, 120, 234, 73,
       177, 17, 12, 241, 169, 7, 0, 33, 179, 96, 40, 197, 232, 191, 254,
       109, 141, 124, 200, 255, 154, 166, 16, 246, 251, 93, 123, 193,
       105, 123, 90, 66, 101, 250, 241, 223, 219, 215, 46, 208, 113, 99,
       170, 87, 75, 71, 143, 54, 2, 111, 189, 36, 164, 210, 231, 113, 99,
       177, 81, 126, 228, 63, 238, 200, 144, 45, 109, 244, 170, 239, 132,
       45, 178, 112, 121, 124, 88, 255, 100, 9, 76, 87, 48, 225, 162,
       166, 8, 91, 179, 65, 50, 32, 244, 108, 106, 72, 103, 178, 8, 211,
       233, 65, 60, 98, 243, 70, 42, 214, 253, 148, 151, 205, 244, 62,
       199, 191, 183, 218, 19, 236, 254, 79, 207, 233, 255, 255, 147,
       118, 220, 219, 243, 189, 54, 223, 71, 133, 117, 189, 222, 220,
       240, 26, 186, 59, 189, 82, 216, 191, 29, 161, 25, 95, 222, 107,
       216, 183, 25, 204, 115, 62, 7, 154, 243, 217, 209, 43, 127, 152,
       19, 43, 83, 116, 45, 156, 245, 200, 41, 85, 143, 162, 183, 170, 8,
       183, 179, 65, 90, 65, 254, 105, 16, 10, 107, 203, 40, 237, 167,
       85, 61, 224, 251, 198, 42, 36, 236, 28, 227, 232, 15, 70, 188,
