%YAML:1.0
---
descriptors: !!opencv-matrix
   rows: 166
   cols: 32
   dt: u
   data: [ 122, 86, 170, 188, 79, 45, 85, 75, 145, 14, 189, 31, 110, 255,
       110, 27, 249, 209, 237, 163, 108, 39, 146, 131, 243, 245, 216, 59,
       115, 124, 252, 67, 109, 121, 241, 67, 242, 78, 71, 24, 115, 232,
       53, 72, 82, 23, 197, 52, 20, 252, 84, 122, 201, 118, 249, 42, 127,
       140, 37, 60, 227, 243, 70, 241, 14, 78, 102, 154, 111, 178, 190,
       98, 141, 196, 222, 167, 40, 206, 55, 197, 238, 185, 179, 199, 196,
       155, 6, 236, 50, 112, 202, 203, 23, 55, 61, 215, 73, 211, 61, 175,
       46, 86, 223, 188, 76, 126, 95, 166, 255, 125, 154, 162, 54, 85,
       181, 111, 193, 48, 47, 157, 230, 107, 107, 132, 127, 254, 5, 113,
       34, 160, 176, 158, 93, 221, 176, 236, 159, 31, 161, 9, 236, 252,
       110, 196, 217, 123, 235, 1, 38, 35, 122, 247, 31, 22, 90, 59, 82,
       14, 13, 206, 74, 92, 50, 180, 111, 220, 54, 98, 237, 206, 94, 35,
       172, 158, 39, 68, 166, 115, 255, 67, 196, 141, 178, 255, 179, 253,
       10, 139, 6, 5, 37, 223, 2, 205, 40, 153, 213, 197, 166, 231, 94,
       1, 72, 19, 160, 184, 124, 0, 217, 59, 19, 145, 82, 184, 82, 247,
       45, 20, 158, 107, 81, 88, 213, 138, 130, 205, 19, 153, 213, 197,
       188, 239, 30, 17, 74, 18, 164, 138, 52, 64, 209, 11, 51, 145, 114,
       152, 19, 247, 45, 54, 158, 67, 16, 72, 181, 142, 66, 152, 183,
       245, 234, 102, 189, 231, 190, 127, 194, 19, 212, 190, 100, 75,
       231, 87, 123, 145, 16, 217, 179, 224, 221, 50, 222, 198, 128, 64,
       165, 123, 177, 0, 219, 236, 4, 130, 226, 84, 212, 130, 210, 66,
       81, 203, 49, 104, 88, 172, 6, 169, 73, 183, 0, 138, 152, 174, 166,
       0, 37, 232, 112, 160, 203, 154, 239, 255, 238, 154, 173, 252, 254,
       251, 215, 246, 249, 239, 216, 107, 103, 111, 127, 140, 179, 221,
       239, 241, 94, 235, 255, 128, 191, 208, 241, 121, 165, 239, 235,
       238, 222, 43, 231, 252, 212, 234, 189, 254, 211, 233, 249, 35,
       121, 230, 95, 238, 241, 107, 108, 238, 126, 223, 231, 188, 253,
       251, 243, 177, 152, 94, 62, 188, 36, 135, 255, 246, 156, 14, 84,
       167, 63, 175, 51, 1, 175, 113, 151, 199, 228, 173, 2, 255, 243,
       199, 122, 137, 28, 184, 45, 219, 127, 76, 214, 158, 143, 122, 94,
       78, 121, 199, 255, 31, 206, 42, 39, 222, 251, 199, 238, 167, 44,
       231, 117, 234, 176, 247, 222, 27, 191, 125, 250, 78, 27, 93, 106,
       201, 118, 215, 255, 181, 76, 68, 94, 130, 249, 95, 183, 96, 126,
       57, 151, 239, 193, 144, 125, 253, 103, 109, 170, 129, 55, 190,
       253, 249, 27, 95, 198, 132, 215, 50, 188, 247, 173, 198, 222, 231,
       8, 170, 183, 134, 110, 229, 183, 237, 133, 153, 20, 206, 54, 94,
       207, 135, 175, 244, 57, 221, 114, 197, 121, 234, 175, 244, 93,
       206, 15, 83, 188, 10, 58, 255, 61, 112, 235, 211, 181, 193, 74,
       43, 122, 243, 243, 253, 156, 187, 119, 95, 84, 111, 221, 154, 157,
       247, 168, 172, 29, 159, 174, 219, 150, 116, 255, 119, 73, 123,
       167, 119, 125, 20, 139, 69, 235, 48, 203, 251, 127, 146, 136, 80,
       129, 59, 126, 47, 210, 166, 215, 126, 222, 206, 57, 199, 191, 31,
       78, 174, 103, 158, 251, 207, 239, 181, 60, 235, 145, 234, 191,
       118, 223, 87, 231, 127, 238, 70, 138, 218, 18, 159, 115, 192, 188,
       230, 30, 73, 80, 167, 172, 214, 34, 197, 230, 123, 179, 193, 102,
       156, 18, 255, 37, 50, 154, 139, 22, 20, 37, 223, 233, 214, 172,
       28, 137, 94, 21, 191, 130, 255, 148, 125, 218, 116, 194, 247, 69,
       198, 236, 32, 253, 78, 251, 23, 239, 99, 245, 253, 26, 36, 158,
       119, 120, 57, 226, 22, 201, 114, 87, 202, 115, 198, 236, 140, 107,
       164, 195, 158, 73, 238, 232, 218, 12, 75, 255, 170, 91, 215, 213,
       59, 227, 245, 110, 222, 125, 89, 18, 76, 137, 31, 70, 61, 229,
       168, 238, 76, 218, 209, 1, 244, 144, 228, 236, 106, 201, 163, 113,
       46, 179, 253, 5, 26, 122, 127, 202, 13, 154, 92, 158, 190, 55,
       132, 220, 86, 148, 78, 214, 55, 61, 191, 51, 72, 238, 241, 183,
       133, 44, 175, 18, 235, 243, 231, 250, 137, 61, 124, 41, 219, 122,
       188, 189, 250, 233, 237, 17, 207, 191, 23, 172, 24, 174, 255, 110,
       126, 193, 155, 235, 16, 18, 75, 242, 243, 219, 215, 90, 123, 146,
       64, 167, 234, 26, 184, 254, 245, 3, 222, 177, 115, 185, 252, 118,
       39, 76, 191, 39, 127, 182, 53, 181, 49, 212, 217, 48, 204, 219,
       251, 79, 199, 231, 36, 45, 127, 188, 30, 254, 237, 177, 106, 123,
       114, 49, 134, 127, 176, 91, 231, 163, 80, 119, 252, 133, 186, 56,
       208, 32, 138, 195, 239, 35, 129, 226, 225, 108, 115, 248, 14, 90,
       252, 17, 191, 95, 146, 181, 6, 238, 141, 47, 231, 35, 216, 118,
       254, 237, 202, 40, 151, 80, 191, 243, 231, 97, 145, 50, 245, 46,
       90, 134, 222, 149, 27, 234, 169, 182, 191, 158, 127, 90, 253, 236,
       233, 137, 9, 135, 99, 111, 23, 247, 124, 75, 55, 110, 86, 125,
       250, 222, 221, 137, 159, 46, 241, 180, 154, 125, 221, 144, 200,
       143, 29, 161, 9, 238, 220, 110, 130, 200, 27, 235, 67, 6, 99, 218,
       245, 159, 81, 75, 123, 82, 15, 141, 206, 43, 204, 32, 159, 21,
       215, 186, 238, 95, 68, 88, 3, 168, 220, 54, 228, 216, 123, 147,
       69, 198, 184, 125, 255, 39, 94, 154, 131, 87, 31, 125, 222, 181,
       255, 227, 255, 254, 43, 238, 252, 214, 234, 249, 254, 243, 225,
       249, 35, 125, 230, 94, 238, 249, 115, 205, 254, 254, 207, 231,
       172, 253, 251, 241, 161, 38, 45, 114, 131, 237, 233, 255, 65, 141,
       142, 189, 58, 142, 156, 80, 14, 234, 187, 215, 147, 80, 231, 194,
       226, 125, 16, 143, 235, 197, 75, 247, 131, 213, 142, 143, 151,
       230, 162, 175, 231, 62, 211, 218, 243, 116, 98, 232, 75, 127, 230,
       46, 158, 59, 221, 207, 227, 188, 38, 255, 192, 140, 121, 177, 136,
       246, 87, 250, 238, 117, 60, 94, 156, 153, 14, 190, 175, 111, 127,
       63, 91, 255, 215, 159, 226, 172, 35, 184, 234, 179, 252, 206, 159,
       255, 255, 73, 95, 220, 250, 148, 51, 171, 105, 176, 212, 234, 61,
       59, 125, 143, 184, 72, 154, 163, 79, 108, 81, 19, 253, 136, 32,
       220, 209, 118, 245, 232, 83, 143, 19, 2, 205, 14, 157, 81, 196,
       190, 230, 158, 2, 64, 3, 172, 254, 36, 64, 228, 123, 59, 193, 98,
       152, 18, 255, 37, 54, 218, 11, 16, 16, 37, 142, 27, 207, 10, 189,
       22, 146, 58, 230, 60, 65, 74, 231, 173, 138, 50, 192, 102, 107,
       155, 197, 231, 152, 5, 255, 160, 39, 186, 129, 60, 148, 57, 93,
       189, 189, 100, 227, 181, 22, 94, 252, 113, 200, 253, 131, 251, 63,
       155, 165, 126, 219, 149, 255, 252, 250, 93, 172, 235, 219, 166,
       229, 239, 191, 106, 219, 210, 93, 62, 156, 107, 244, 190, 102,
       173, 132, 218, 163, 44, 254, 39, 64, 230, 123, 187, 195, 68, 139,
       146, 239, 179, 112, 10, 139, 20, 85, 45, 159, 49, 13, 75, 174, 22,
       163, 203, 114, 212, 1, 219, 130, 113, 233, 49, 64, 120, 170, 18,
       173, 59, 187, 92, 63, 248, 175, 163, 64, 189, 203, 112, 168, 79,
       50, 237, 101, 61, 86, 89, 25, 33, 204, 86, 164, 249, 87, 211, 183,
       22, 60, 181, 188, 197, 192, 247, 136, 75, 249, 175, 128, 46, 164,
       126, 245, 120, 252, 153, 122, 27, 237, 87, 198, 187, 18, 173, 8,
       191, 223, 64, 56, 129, 185, 221, 2, 74, 7, 250, 179, 243, 213, 16,
       59, 114, 80, 134, 42, 7, 75, 38, 152, 69, 148, 190, 102, 157, 196,
       218, 135, 40, 238, 55, 204, 236, 107, 179, 199, 196, 147, 22, 236,
       54, 48, 202, 139, 31, 125, 61, 214, 162, 233, 32, 90, 93, 213,
       176, 238, 223, 81, 96, 11, 160, 152, 54, 32, 201, 43, 19, 65, 102,
       58, 122, 245, 45, 30, 154, 43, 81, 28, 247, 206, 62, 168, 108,
       114, 45, 153, 217, 232, 163, 149, 181, 171, 75, 221, 94, 4, 190,
       241, 213, 247, 94, 99, 42, 213, 219, 223, 193, 255, 103, 167, 94,
       215, 131, 77, 98, 133, 199, 146, 188, 103, 125, 224, 90, 199, 40,
       174, 247, 229, 110, 175, 179, 133, 229, 152, 53, 202, 62, 88, 222,
       130, 15, 132, 185, 220, 237, 244, 81, 71, 112, 78, 79, 184, 113,
       234, 99, 88, 123, 119, 140, 246, 22, 212, 124, 106, 233, 214, 249,
