%YAML:1.0
---
descriptors: !!opencv-matrix
   rows: 270
   cols: 32
   dt: u
   data: [ 90, 145, 58, 236, 219, 212, 57, 113, 166, 109, 223, 39, 92,
       159, 34, 114, 238, 181, 255, 145, 26, 155, 177, 213, 219, 225,
       170, 195, 33, 2, 173, 115, 90, 153, 190, 238, 251, 214, 184, 113,
       142, 77, 223, 35, 124, 191, 34, 194, 230, 183, 191, 129, 144, 155,
       179, 244, 219, 227, 234, 203, 151, 38, 45, 123, 244, 72, 12, 171,
       140, 173, 64, 140, 7, 57, 145, 27, 199, 2, 72, 73, 200, 130, 110,
       211, 30, 39, 75, 177, 145, 144, 155, 126, 16, 27, 152, 6, 117,
       105, 173, 165, 172, 79, 93, 159, 162, 246, 128, 13, 151, 44, 83,
       10, 129, 69, 121, 53, 205, 75, 243, 16, 233, 209, 239, 124, 136,
       112, 22, 82, 60, 69, 252, 101, 228, 31, 86, 54, 113, 171, 254, 24,
       19, 57, 20, 57, 152, 196, 68, 98, 252, 250, 113, 42, 231, 255,
       116, 21, 225, 249, 222, 138, 25, 113, 59, 229, 102, 207, 101, 119,
       120, 108, 126, 108, 63, 29, 128, 48, 182, 184, 23, 108, 193, 188,
       177, 31, 245, 205, 48, 160, 105, 154, 71, 249, 241, 168, 172, 181,
       12, 103, 201, 15, 130, 247, 130, 153, 211, 172, 82, 99, 73, 199,
       121, 157, 156, 79, 255, 0, 201, 43, 253, 60, 132, 104, 144, 66,
       57, 121, 113, 229, 116, 223, 75, 86, 69, 232, 126, 108, 191, 21,
       145, 180, 28, 188, 150, 108, 201, 184, 113, 159, 231, 221, 161,
       160, 106, 158, 82, 249, 88, 52, 187, 122, 171, 233, 145, 79, 251,
       95, 189, 57, 174, 223, 104, 58, 171, 155, 237, 17, 26, 107, 186,
       211, 219, 215, 30, 123, 211, 64, 167, 251, 47, 176, 213, 129, 236,
       63, 233, 216, 191, 241, 177, 254, 221, 70, 201, 190, 127, 209, 94,
       190, 145, 114, 252, 208, 28, 26, 239, 244, 206, 251, 139, 180, 73,
       68, 237, 165, 102, 74, 239, 56, 120, 194, 179, 106, 221, 126, 153,
       123, 122, 197, 126, 239, 225, 119, 237, 200, 213, 43, 239, 132,
       37, 250, 119, 96, 105, 189, 185, 248, 189, 253, 81, 111, 223, 121,
       172, 28, 190, 189, 96, 112, 129, 187, 127, 16, 27, 43, 242, 183,
       251, 221, 17, 123, 218, 72, 197, 122, 220, 149, 190, 166, 172, 78,
       95, 184, 160, 214, 143, 1, 215, 127, 27, 115, 119, 213, 125, 239,
       252, 193, 187, 8, 249, 227, 239, 21, 164, 243, 45, 82, 197, 174,
       12, 186, 136, 172, 76, 150, 190, 83, 129, 93, 183, 194, 82, 91,
       133, 227, 72, 31, 191, 69, 218, 51, 216, 243, 86, 120, 136, 65,
       139, 0, 61, 83, 110, 109, 117, 87, 95, 120, 69, 204, 255, 166, 91,
       109, 187, 244, 126, 172, 150, 238, 205, 178, 125, 156, 242, 233,
       161, 129, 127, 175, 124, 245, 56, 253, 60, 250, 121, 221, 87, 246,
       187, 93, 172, 9, 63, 191, 34, 16, 135, 243, 221, 64, 110, 107,
       122, 183, 251, 223, 20, 123, 114, 84, 142, 219, 14, 248, 178, 155,
       109, 213, 58, 232, 159, 252, 80, 3, 236, 222, 111, 204, 255, 121,
       179, 211, 6, 114, 90, 241, 143, 80, 207, 111, 22, 63, 61, 215, 59,
       83, 102, 100, 39, 86, 95, 120, 65, 204, 247, 175, 75, 77, 191,
       117, 126, 236, 149, 239, 204, 179, 52, 140, 243, 121, 229, 147,
       103, 190, 116, 247, 14, 164, 176, 155, 221, 241, 190, 207, 31, 55,
       77, 19, 236, 238, 127, 76, 251, 91, 147, 147, 118, 178, 75, 243,
       47, 86, 159, 111, 150, 95, 181, 198, 104, 184, 189, 113, 205, 253,
       209, 215, 243, 123, 180, 24, 146, 157, 64, 187, 205, 178, 255, 24,
       27, 111, 242, 49, 223, 219, 116, 251, 202, 8, 222, 251, 96, 104,
       189, 229, 105, 77, 81, 7, 3, 240, 164, 8, 150, 151, 67, 26, 128,
       188, 121, 24, 73, 78, 243, 16, 197, 185, 80, 120, 64, 32, 70, 106,
       17, 197, 91, 111, 52, 26, 238, 53, 100, 64, 250, 230, 243, 98,
       144, 112, 122, 236, 28, 238, 205, 176, 101, 45, 228, 173, 162,
       128, 109, 178, 232, 168, 87, 82, 127, 231, 6, 31, 123, 88, 77,
       228, 255, 206, 223, 93, 55, 96, 54, 213, 255, 111, 205, 177, 61,
       216, 243, 233, 43, 148, 60, 187, 81, 113, 3, 180, 157, 153, 252,
       173, 172, 223, 158, 57, 88, 86, 188, 186, 120, 96, 207, 27, 50,
       29, 147, 90, 90, 211, 173, 156, 190, 236, 152, 72, 129, 169, 222,
       30, 254, 241, 166, 106, 49, 19, 56, 190, 22, 119, 159, 63, 195,
       75, 167, 119, 189, 17, 48, 221, 129, 234, 218, 227, 127, 131, 164,
       97, 53, 27, 253, 244, 233, 68, 246, 19, 207, 248, 83, 234, 253,
       238, 123, 108, 150, 164, 95, 204, 86, 174, 237, 107, 237, 158, 58,
       79, 229, 180, 127, 255, 90, 213, 191, 23, 108, 5, 174, 19, 207,
       248, 81, 238, 159, 239, 73, 44, 151, 167, 127, 228, 252, 239, 253,
       243, 109, 142, 190, 75, 239, 180, 47, 254, 122, 213, 255, 114,
       236, 167, 170, 26, 222, 60, 83, 246, 159, 239, 235, 44, 223, 139,
       95, 229, 253, 231, 236, 68, 237, 138, 234, 243, 239, 151, 175,
       254, 25, 93, 43, 58, 241, 93, 125, 94, 232, 91, 91, 233, 116, 230,
       136, 28, 214, 183, 78, 156, 214, 156, 167, 122, 244, 205, 6, 125,
       146, 234, 95, 140, 126, 245, 126, 247, 160, 162, 169, 59, 94, 188,
       19, 191, 157, 189, 207, 46, 203, 154, 151, 197, 253, 243, 190, 70,
       207, 178, 250, 215, 173, 255, 174, 247, 158, 87, 179, 76, 103,
       157, 69, 214, 237, 103, 149, 66, 192, 151, 57, 174, 54, 229, 108,
       171, 19, 141, 237, 159, 52, 207, 49, 106, 218, 128, 63, 212, 176,
       252, 223, 95, 228, 159, 174, 18, 142, 249, 213, 246, 144, 247, 73,
       108, 191, 239, 127, 199, 252, 231, 237, 71, 47, 238, 184, 98, 239,
       150, 63, 253, 184, 85, 11, 182, 38, 152, 109, 215, 185, 123, 205,
       220, 212, 167, 173, 204, 182, 135, 239, 41, 223, 181, 228, 251,
       118, 220, 30, 91, 255, 203, 95, 12, 57, 223, 214, 20, 159, 245,
       138, 102, 189, 58, 188, 210, 131, 86, 221, 119, 41, 107, 231, 117,
       123, 171, 33, 197, 27, 200, 193, 163, 223, 132, 140, 113, 33, 176,
       151, 84, 102, 155, 47, 50, 190, 200, 157, 94, 145, 183, 72, 76,
       63, 207, 255, 193, 255, 247, 174, 231, 47, 245, 18, 58, 203, 223,
       151, 127, 61, 215, 151, 131, 207, 219, 148, 162, 239, 223, 54, 19,
       214, 214, 89, 171, 184, 104, 121, 143, 59, 157, 187, 221, 61, 230,
       250, 239, 158, 196, 173, 208, 241, 32, 151, 163, 239, 177, 134, 0,
       237, 219, 62, 115, 86, 214, 189, 239, 248, 105, 119, 139, 55, 157,
       243, 220, 47, 211, 220, 75, 255, 228, 189, 196, 177, 168, 13, 89,
       247, 93, 36, 206, 239, 49, 237, 72, 118, 64, 219, 181, 176, 100,
       38, 116, 126, 202, 209, 184, 55, 104, 101, 186, 98, 128, 102, 177,
       197, 117, 185, 50, 105, 232, 54, 11, 75, 112, 69, 224, 245, 238,
       115, 9, 177, 112, 126, 168, 23, 238, 201, 182, 100, 158, 210, 205,
       161, 176, 63, 171, 114, 33, 154, 50, 166, 189, 43, 80, 57, 89,
       181, 221, 214, 179, 173, 199, 99, 207, 102, 25, 239, 176, 46, 221,
       227, 200, 215, 225, 250, 131, 182, 164, 45, 219, 130, 86, 46, 159,
       102, 178, 189, 101, 188, 158, 87, 183, 236, 203, 42, 75, 255, 39,
       175, 167, 224, 213, 41, 255, 102, 51, 250, 131, 20, 84, 165, 219,
       6, 177, 121, 75, 244, 213, 187, 249, 78, 89, 117, 6, 144, 220,
       126, 32, 252, 25, 19, 211, 147, 58, 127, 213, 79, 25, 170, 238,
       221, 11, 245, 247, 45, 87, 113, 71, 114, 78, 103, 56, 105, 232,
       127, 108, 215, 21, 137, 52, 22, 92, 70, 106, 193, 176, 121, 12,
       103, 248, 33, 4, 98, 187, 70, 241, 124, 180, 185, 248, 169, 225,
       145, 75, 187, 87, 189, 56, 143, 255, 72, 58, 139, 155, 237, 16,
       26, 111, 250, 243, 219, 215, 90, 127, 242, 65, 167, 115, 88, 187,
       158, 252, 168, 140, 92, 159, 187, 31, 190, 93, 191, 227, 66, 90,
       167, 255, 109, 28, 122, 75, 139, 51, 251, 255, 117, 249, 72, 208,
       202, 11, 206, 222, 182, 151, 170, 180, 189, 183, 191, 255, 30,
       247, 236, 174, 230, 207, 167, 119, 175, 151, 183, 93, 171, 243,
       172, 83, 127, 198, 142, 117, 173, 93, 255, 102, 108, 69, 126, 27,
       222, 120, 81, 238, 255, 238, 83, 40, 158, 179, 127, 196, 220, 239,
       172, 246, 109, 142, 58, 111, 229, 181, 103, 255, 90, 197, 154, 12,
       102, 159, 133, 242, 236, 71, 188, 70, 94, 147, 41, 175, 55, 237,
