%YAML:1.0
---
descriptors: !!opencv-matrix
   rows: 279
   cols: 32
   dt: u
   data: [ 168, 184, 186, 250, 89, 197, 147, 195, 150, 13, 224, 25, 60,
       255, 96, 16, 217, 187, 131, 144, 2, 43, 154, 51, 89, 197, 154, 43,
       209, 0, 39, 170, 253, 80, 191, 126, 41, 14, 69, 56, 224, 186, 167,
       8, 123, 83, 129, 251, 0, 244, 124, 106, 104, 71, 251, 8, 243, 233,
       101, 24, 34, 179, 70, 41, 162, 156, 174, 124, 232, 164, 93, 255,
       191, 91, 208, 113, 184, 255, 116, 121, 205, 187, 61, 149, 186, 79,
       194, 241, 139, 122, 222, 202, 152, 84, 166, 127, 231, 160, 185,
       208, 205, 125, 232, 11, 251, 179, 161, 24, 142, 248, 92, 63, 171,
       133, 122, 25, 54, 101, 219, 210, 29, 30, 85, 126, 192, 105, 195,
       166, 255, 188, 231, 93, 221, 31, 206, 251, 87, 226, 246, 78, 123,
       252, 191, 229, 221, 238, 246, 175, 253, 243, 253, 159, 62, 127,
       197, 68, 239, 252, 120, 60, 109, 144, 189, 113, 237, 255, 113, 23,
       238, 59, 38, 24, 222, 59, 0, 59, 161, 86, 106, 24, 179, 232, 115,
       48, 79, 251, 117, 84, 194, 192, 195, 163, 87, 93, 90, 70, 146, 22,
       238, 240, 109, 160, 239, 70, 121, 250, 53, 224, 54, 229, 56, 234,
       205, 145, 157, 236, 50, 174, 143, 0, 109, 179, 41, 4, 207, 245,
       146, 206, 239, 53, 190, 239, 138, 186, 157, 42, 204, 254, 105,
       167, 239, 83, 219, 227, 84, 67, 138, 208, 61, 80, 207, 190, 22,
       127, 171, 135, 124, 112, 253, 100, 105, 78, 85, 24, 99, 182, 166,
       8, 87, 183, 73, 122, 48, 212, 108, 106, 72, 103, 241, 8, 211, 235,
       101, 61, 98, 243, 70, 34, 242, 176, 255, 216, 110, 252, 80, 23,
       235, 95, 178, 255, 34, 220, 22, 123, 239, 181, 253, 145, 174, 111,
       242, 211, 223, 122, 80, 219, 197, 12, 86, 95, 70, 177, 190, 178,
       203, 225, 177, 199, 174, 253, 159, 3, 132, 190, 102, 10, 169, 55,
       251, 17, 22, 201, 178, 224, 223, 23, 94, 251, 128, 66, 167, 215,
       169, 109, 121, 101, 244, 79, 111, 63, 117, 166, 126, 8, 211, 53,
       145, 48, 88, 220, 6, 104, 233, 184, 117, 14, 111, 207, 37, 4, 99,
       248, 70, 168, 61, 77, 170, 38, 197, 159, 231, 240, 228, 198, 238,
       13, 115, 232, 51, 166, 121, 232, 211, 111, 205, 179, 60, 42, 115,
       79, 69, 12, 235, 127, 122, 212, 92, 221, 63, 100, 16, 206, 71,
       176, 229, 136, 174, 72, 119, 119, 1, 115, 32, 244, 124, 106, 105,
       169, 49, 44, 249, 239, 37, 16, 98, 179, 68, 34, 246, 5, 87, 255,
       207, 130, 238, 236, 255, 150, 227, 18, 67, 234, 52, 83, 249, 237,
       42, 243, 122, 227, 219, 223, 189, 178, 207, 30, 49, 120, 240, 130,
       1, 223, 29, 249, 61, 141, 80, 183, 206, 25, 216, 64, 182, 211, 32,
       97, 192, 42, 14, 88, 138, 40, 67, 61, 233, 217, 50, 90, 24, 8, 64,
       11, 125, 239, 121, 231, 244, 10, 111, 248, 113, 160, 255, 206,
       115, 99, 153, 80, 122, 206, 68, 238, 200, 146, 205, 61, 254, 172,
       165, 128, 47, 187, 226, 160, 253, 90, 76, 183, 12, 14, 79, 52, 52,
       102, 215, 215, 211, 1, 146, 91, 100, 196, 125, 238, 232, 212, 221,
       34, 244, 235, 244, 144, 46, 187, 208, 80, 143, 248, 191, 255, 109,
       157, 125, 152, 255, 218, 39, 16, 253, 255, 93, 123, 197, 121, 123,
       206, 227, 69, 250, 241, 207, 219, 215, 40, 146, 245, 103, 250,
       214, 220, 150, 151, 165, 54, 188, 231, 63, 183, 218, 19, 236, 62,
       110, 207, 237, 215, 175, 147, 126, 255, 27, 227, 189, 50, 222, 67,
       133, 124, 189, 79, 245, 111, 204, 37, 138, 75, 70, 172, 80, 166,
       174, 136, 67, 96, 211, 19, 25, 228, 104, 110, 108, 240, 205, 14,
       248, 143, 69, 53, 101, 250, 90, 8, 200, 249, 181, 235, 153, 205,
       179, 141, 174, 125, 138, 17, 188, 183, 64, 66, 224, 83, 123, 81,
       82, 9, 251, 241, 253, 180, 14, 89, 144, 18, 133, 122, 122, 173,
       102, 69, 149, 223, 68, 103, 225, 167, 174, 25, 34, 41, 22, 150,
       137, 230, 224, 44, 124, 255, 241, 143, 59, 127, 85, 87, 99, 44,
       222, 78, 201, 176, 188, 65, 172, 124, 241, 159, 74, 187, 182, 20,
       208, 61, 220, 107, 69, 86, 125, 24, 179, 108, 243, 192, 79, 187,
       246, 212, 206, 200, 216, 59, 72, 153, 181, 255, 137, 78, 53, 191,
       46, 57, 10, 0, 252, 55, 0, 110, 129, 87, 121, 16, 19, 217, 91,
       245, 205, 246, 94, 68, 146, 82, 133, 59, 60, 77, 122, 238, 84,
       147, 199, 244, 213, 128, 254, 2, 115, 249, 181, 192, 120, 232, 6,
       106, 200, 179, 46, 191, 115, 239, 167, 9, 119, 251, 112, 138, 63,
       205, 99, 222, 212, 210, 207, 242, 213, 196, 220, 66, 115, 232,
       183, 100, 120, 234, 23, 207, 201, 171, 46, 175, 50, 110, 175, 136,
       55, 251, 112, 236, 88, 73, 255, 111, 2, 74, 111, 172, 161, 36,
       162, 1, 95, 111, 17, 82, 50, 245, 121, 234, 72, 129, 185, 105,
       241, 239, 207, 17, 33, 178, 71, 106, 200, 141, 189, 251, 173, 252,
       117, 183, 255, 57, 46, 16, 190, 253, 100, 75, 193, 102, 123, 92,
       114, 105, 251, 177, 239, 251, 87, 115, 210, 88, 209, 42, 63, 77,
       99, 222, 212, 146, 239, 244, 245, 192, 222, 194, 121, 236, 183,
       228, 120, 238, 23, 239, 237, 187, 44, 239, 58, 111, 175, 136, 47,
       255, 112, 228, 245, 117, 237, 110, 206, 71, 71, 248, 67, 242, 189,
       238, 83, 253, 249, 51, 126, 212, 125, 254, 201, 99, 191, 56, 251,
       201, 229, 188, 125, 251, 242, 177, 206, 229, 16, 154, 237, 249,
       190, 237, 136, 22, 188, 153, 237, 227, 107, 135, 203, 67, 202,
       170, 114, 7, 222, 226, 45, 213, 143, 61, 150, 126, 143, 166, 122,
       187, 102, 86, 181, 221, 80, 119, 251, 77, 246, 125, 42, 156, 6,
       148, 160, 166, 236, 16, 190, 235, 162, 181, 27, 127, 20, 91, 67,
       12, 222, 95, 232, 24, 23, 252, 9, 199, 17, 35, 196, 2, 226, 16,
       182, 147, 32, 245, 192, 52, 234, 0, 89, 175, 114, 29, 193, 243,
       82, 27, 26, 8, 36, 58, 98, 180, 251, 248, 108, 236, 185, 67, 186,
       83, 248, 253, 188, 158, 84, 120, 239, 183, 127, 17, 147, 47, 210,
       83, 85, 60, 58, 232, 205, 64, 103, 187, 10, 191, 145, 187, 181,
       249, 180, 175, 31, 91, 72, 115, 174, 188, 100, 228, 209, 27, 187,
       17, 54, 216, 115, 183, 173, 87, 158, 99, 146, 76, 157, 207, 52,
       232, 156, 123, 168, 173, 82, 206, 166, 59, 168, 72, 247, 83, 73,
       26, 137, 219, 100, 82, 10, 66, 75, 53, 203, 199, 53, 125, 192, 83,
       202, 10, 40, 16, 29, 97, 1, 77, 81, 16, 165, 24, 36, 24, 31, 19,
       0, 59, 132, 17, 124, 8, 1, 36, 49, 0, 195, 217, 96, 4, 66, 128,
       70, 35, 21, 207, 79, 239, 182, 27, 238, 248, 116, 192, 250, 230,
       243, 108, 189, 96, 126, 236, 22, 238, 237, 176, 109, 61, 172, 173,
       167, 132, 109, 187, 248, 177, 32, 168, 153, 249, 109, 237, 80, 15,
       222, 57, 160, 24, 182, 153, 64, 24, 137, 154, 74, 16, 26, 42, 66,
       49, 207, 149, 16, 127, 208, 8, 198, 170, 55, 162, 128, 128, 205,
       61, 80, 200, 27, 51, 161, 95, 70, 202, 79, 158, 249, 137, 234,
       183, 30, 103, 219, 208, 158, 20, 201, 127, 217, 79, 10, 134, 104,
       157, 24, 126, 57, 141, 86, 178, 214, 8, 236, 13, 246, 113, 34, 80,
       196, 114, 205, 74, 106, 40, 90, 63, 227, 255, 32, 25, 90, 139, 72,
       11, 248, 141, 62, 108, 13, 222, 86, 96, 229, 12, 174, 8, 107, 241,
       32, 211, 240, 244, 236, 98, 108, 35, 26, 61, 243, 251, 69, 27,
       114, 58, 76, 2, 73, 142, 151, 252, 250, 175, 185, 71, 190, 187,
       242, 122, 60, 251, 160, 200, 175, 183, 127, 17, 178, 253, 3, 207,
       93, 47, 63, 192, 193, 72, 169, 169, 214, 236, 150, 151, 165, 240,
       190, 199, 190, 159, 155, 19, 236, 250, 78, 207, 233, 255, 239,
       147, 54, 221, 203, 227, 189, 54, 223, 71, 133, 117, 189, 143, 124,
       33, 152, 100, 9, 79, 83, 88, 98, 164, 164, 8, 83, 49, 65, 58, 24,
       212, 100, 122, 8, 99, 251, 24, 219, 137, 97, 61, 98, 171, 70, 34,
       64, 177, 17, 68, 56, 205, 67, 184, 226, 184, 33, 104, 247, 211,
       200, 48, 17, 116, 108, 106, 75, 96, 250, 29, 233, 136, 37, 60, 64,
       162, 70, 35, 28, 174, 77, 163, 52, 194, 107, 178, 36, 169, 159,
       194, 247, 7, 144, 68, 103, 198, 93, 191, 139, 152, 73, 189, 232,
       197, 171, 196, 38, 131, 52, 105, 90, 20, 50, 186, 235, 241, 20,
