%YAML:1.0
---
descriptors: !!opencv-matrix
   rows: 107
   cols: 32
   dt: u
   data: [ 246, 64, 214, 140, 77, 70, 182, 232, 185, 134, 227, 11, 78,
       186, 37, 219, 249, 213, 239, 227, 104, 71, 219, 192, 145, 50, 203,
       31, 1, 127, 126, 6, 235, 148, 53, 80, 125, 188, 249, 55, 235, 123,
       119, 88, 152, 63, 20, 255, 165, 55, 247, 13, 177, 124, 241, 213,
       95, 59, 242, 194, 202, 132, 67, 127, 252, 117, 189, 238, 233, 79,
       87, 253, 51, 250, 181, 9, 223, 63, 73, 49, 157, 213, 221, 98, 107,
       99, 219, 59, 251, 223, 101, 61, 114, 251, 198, 123, 198, 172, 209,
       147, 252, 168, 234, 136, 187, 179, 17, 18, 236, 234, 93, 74, 179,
       107, 123, 211, 50, 68, 142, 243, 140, 22, 143, 236, 132, 97, 17,
       0, 118, 230, 229, 245, 156, 7, 206, 168, 83, 171, 176, 74, 67,
       104, 148, 24, 217, 204, 53, 237, 168, 246, 207, 159, 186, 30, 229,
       244, 237, 171, 82, 4, 101, 113, 145, 229, 36, 15, 71, 24, 125,
       234, 113, 72, 214, 18, 9, 116, 148, 213, 124, 110, 201, 178, 121,
       8, 165, 222, 103, 22, 64, 51, 67, 37, 120, 205, 103, 236, 151, 82,
       86, 236, 197, 192, 234, 3, 107, 121, 48, 229, 120, 228, 205, 227,
       108, 163, 25, 189, 243, 225, 135, 23, 55, 63, 252, 6, 133, 164,
       221, 241, 236, 41, 249, 27, 254, 51, 49, 88, 157, 233, 216, 11,
       131, 15, 110, 29, 51, 116, 203, 211, 12, 154, 127, 124, 220, 200,
       195, 161, 120, 113, 18, 236, 57, 198, 87, 96, 169, 140, 248, 41,
       111, 219, 35, 212, 218, 253, 205, 98, 76, 163, 128, 140, 179, 245,
       7, 31, 34, 54, 102, 11, 34, 175, 17, 154, 220, 201, 182, 239, 158,
       5, 72, 11, 164, 203, 108, 0, 235, 59, 3, 17, 82, 43, 26, 245, 189,
       20, 30, 107, 80, 8, 133, 170, 29, 103, 204, 71, 48, 26, 78, 184,
       119, 170, 127, 228, 83, 96, 153, 240, 54, 204, 36, 110, 237, 240,
       237, 62, 174, 239, 101, 132, 111, 243, 88, 5, 77, 48, 221, 241,
       226, 44, 56, 27, 58, 187, 35, 80, 221, 51, 72, 250, 183, 31, 125,
       24, 51, 220, 155, 64, 205, 143, 127, 100, 136, 224, 131, 161, 6,
       164, 16, 131, 221, 109, 184, 105, 14, 53, 57, 26, 204, 122, 72, 8,
       187, 11, 106, 49, 18, 112, 91, 214, 157, 22, 31, 119, 148, 10,
       133, 130, 214, 172, 132, 147, 213, 160, 34, 136, 190, 179, 131,
       18, 228, 226, 77, 78, 225, 239, 42, 146, 62, 92, 219, 243, 157, 6,
       223, 103, 128, 65, 57, 14, 124, 117, 153, 236, 169, 15, 87, 253,
       55, 170, 184, 72, 223, 127, 73, 48, 157, 221, 125, 98, 105, 98,
       219, 58, 251, 223, 101, 52, 90, 251, 194, 51, 130, 132, 214, 190,
       255, 169, 156, 239, 223, 19, 249, 25, 238, 234, 44, 201, 215, 59,
       110, 1, 38, 107, 10, 223, 170, 254, 86, 59, 212, 92, 137, 143,
       240, 205, 103, 236, 159, 66, 70, 237, 229, 4, 218, 3, 67, 56, 52,
       83, 120, 244, 237, 227, 108, 163, 5, 173, 179, 226, 199, 19, 39,
       190, 244, 14, 149, 231, 91, 234, 252, 161, 79, 216, 134, 152, 189,
       230, 85, 195, 249, 97, 119, 72, 23, 254, 202, 3, 42, 240, 248,
       137, 167, 236, 180, 243, 224, 161, 118, 96, 241, 229, 38, 10, 248,
       64, 105, 129, 178, 139, 15, 11, 85, 26, 174, 213, 93, 249, 136,
       224, 133, 192, 151, 248, 138, 135, 231, 161, 99, 14, 245, 237,
       200, 254, 252, 99, 78, 237, 211, 226, 188, 26, 115, 233, 249, 51,
       217, 226, 92, 250, 123, 99, 202, 186, 248, 158, 165, 60, 221, 251,
       218, 32, 21, 93, 127, 244, 246, 142, 126, 246, 189, 130, 122, 66,
       125, 255, 49, 112, 246, 247, 63, 234, 225, 153, 16, 238, 243, 191,
       206, 0, 9, 243, 225, 40, 92, 64, 204, 167, 4, 106, 111, 24, 32,
       134, 231, 129, 215, 35, 25, 91, 114, 196, 108, 238, 8, 212, 221,
       8, 212, 227, 227, 1, 36, 243, 98, 0, 250, 121, 82, 110, 121, 217,
       86, 113, 179, 140, 244, 41, 111, 219, 34, 212, 250, 249, 197, 66,
       76, 35, 74, 191, 243, 253, 4, 59, 115, 190, 110, 135, 90, 184,
       188, 114, 137, 253, 21, 142, 187, 63, 164, 25, 174, 247, 66, 26,
       129, 115, 237, 16, 10, 73, 250, 49, 219, 215, 85, 123, 210, 84,
       143, 107, 77, 178, 156, 161, 168, 15, 57, 31, 47, 57, 19, 124,
       222, 19, 72, 59, 151, 23, 124, 28, 146, 88, 203, 80, 205, 219,
       119, 246, 136, 128, 131, 3, 64, 152, 153, 254, 9, 237, 19, 143,
       143, 121, 40, 12, 190, 183, 64, 112, 133, 51, 250, 0, 19, 8, 91,
       51, 205, 247, 16, 123, 152, 8, 133, 59, 225, 185, 27, 124, 153,
       196, 19, 105, 228, 200, 224, 8, 246, 211, 96, 115, 216, 124, 104,
       112, 89, 235, 146, 44, 249, 240, 6, 91, 72, 2, 162, 58, 250, 184,
       167, 218, 143, 236, 177, 151, 187, 95, 146, 63, 190, 189, 102, 47,
       237, 179, 255, 145, 187, 111, 242, 227, 219, 114, 222, 250, 207,
       76, 182, 127, 60, 32, 188, 243, 205, 47, 241, 202, 95, 179, 165,
       26, 30, 249, 73, 58, 169, 216, 115, 16, 26, 119, 219, 176, 95,
       207, 81, 119, 211, 105, 74, 130, 240, 74, 223, 254, 78, 8, 109,
       164, 249, 146, 178, 90, 127, 107, 5, 91, 106, 229, 109, 234, 104,
       71, 195, 224, 148, 186, 254, 152, 37, 240, 98, 40, 93, 164, 147,
       225, 178, 46, 104, 31, 59, 185, 107, 80, 221, 51, 72, 252, 183,
       31, 60, 152, 51, 216, 129, 66, 173, 222, 55, 198, 170, 192, 163,
       161, 252, 48, 189, 97, 145, 111, 83, 24, 114, 187, 231, 24, 83,
       113, 73, 57, 17, 220, 100, 58, 57, 244, 249, 2, 203, 203, 97, 84,
       226, 107, 70, 35, 248, 121, 254, 116, 141, 84, 85, 245, 225, 150,
       166, 8, 82, 253, 5, 115, 232, 244, 121, 234, 104, 103, 178, 40,
       115, 251, 69, 27, 99, 48, 230, 106, 8, 140, 57, 123, 177, 239, 83,
       191, 87, 15, 174, 16, 183, 55, 0, 116, 149, 18, 28, 8, 58, 168,
       97, 63, 235, 255, 52, 80, 146, 200, 196, 107, 75, 48, 189, 37, 33,
       94, 57, 16, 40, 205, 86, 101, 220, 63, 130, 250, 164, 101, 253,
       156, 133, 216, 177, 64, 71, 107, 62, 128, 10, 36, 35, 123, 125,
       253, 157, 229, 184, 15, 84, 191, 59, 168, 168, 72, 159, 51, 65,
       176, 157, 223, 124, 104, 105, 122, 209, 30, 239, 255, 101, 52, 74,
       240, 202, 35, 196, 172, 133, 151, 221, 168, 162, 138, 190, 178, 0,
       18, 236, 226, 73, 79, 113, 111, 106, 146, 34, 84, 138, 251, 141,
       6, 223, 108, 128, 113, 17, 132, 100, 163, 196, 163, 236, 11, 198,
       168, 83, 185, 185, 207, 67, 105, 88, 134, 217, 196, 110, 114, 78,
       98, 203, 147, 46, 222, 133, 126, 237, 251, 88, 132, 69, 99, 58,
       103, 32, 14, 111, 56, 105, 172, 255, 8, 223, 51, 137, 116, 148,
       221, 108, 106, 201, 176, 249, 72, 165, 253, 35, 20, 0, 179, 71,
       37, 101, 99, 184, 69, 52, 31, 71, 56, 105, 232, 190, 8, 223, 18,
       155, 52, 144, 204, 76, 106, 201, 176, 241, 12, 229, 253, 37, 52,
       64, 179, 67, 101, 83, 18, 231, 133, 98, 26, 56, 72, 47, 208, 210,
       239, 14, 62, 135, 127, 238, 149, 255, 165, 140, 211, 231, 192,
       150, 114, 219, 151, 37, 172, 39, 95, 153, 132, 197, 83, 146, 107,
       97, 191, 118, 115, 111, 112, 211, 49, 136, 124, 83, 14, 44, 24,
       59, 220, 109, 23, 142, 206, 117, 68, 243, 192, 192, 36, 133, 164,
       149, 147, 236, 233, 169, 143, 30, 51, 25, 248, 157, 224, 200, 43,
       143, 11, 106, 24, 51, 124, 203, 211, 204, 150, 127, 252, 220, 200,
       129, 161, 242, 203, 71, 174, 14, 66, 79, 164, 229, 6, 178, 99, 99,
       10, 20, 83, 104, 244, 108, 227, 104, 231, 205, 237, 177, 162, 206,
       16, 37, 50, 116, 46, 151, 204, 132, 151, 149, 162, 71, 174, 19,
       151, 9, 18, 226, 114, 75, 15, 17, 226, 32, 242, 126, 220, 74, 239,
       169, 150, 221, 71, 160, 115, 144, 14, 77, 75, 255, 103, 164, 14,
       111, 52, 109, 232, 126, 100, 247, 33, 145, 115, 20, 100, 108, 110,
       193, 176, 225, 104, 230, 249, 101, 128, 74, 243, 67, 33, 132, 207,
       140, 247, 149, 170, 166, 174, 26, 147, 11, 16, 230, 96, 73, 143,
       17, 114, 160, 83, 114, 252, 24, 47, 168, 150, 223, 71, 196, 115,
       219, 40, 132, 4, 132, 181, 193, 110, 180, 143, 58, 179, 66, 17,
       196, 35, 10, 75, 129, 71, 162, 16, 52, 220, 19, 226, 47, 114, 86,
       71, 128, 116, 137, 134, 7, 204, 133, 183, 129, 174, 38, 174, 19,
