%YAML:1.0
---
descriptors: !!opencv-matrix
   rows: 218
   cols: 32
   dt: u
   data: [ 136, 1, 23, 187, 146, 134, 44, 19, 62, 3, 67, 82, 253, 147,
       32, 201, 113, 47, 34, 152, 115, 220, 17, 71, 173, 163, 58, 64,
       136, 0, 161, 168, 169, 61, 121, 101, 212, 79, 111, 63, 112, 174,
       126, 8, 211, 55, 145, 49, 24, 220, 68, 40, 233, 250, 241, 14, 239,
       239, 37, 4, 98, 232, 70, 168, 32, 77, 59, 252, 157, 199, 79, 231,
       212, 128, 232, 0, 247, 243, 33, 112, 216, 122, 26, 74, 72, 163,
       82, 63, 225, 191, 5, 8, 80, 122, 96, 170, 252, 80, 189, 100, 13,
       78, 87, 184, 225, 178, 167, 8, 87, 243, 73, 123, 176, 212, 108,
       106, 73, 103, 185, 8, 211, 235, 69, 52, 98, 187, 70, 34, 142, 105,
       18, 154, 237, 249, 190, 204, 207, 84, 29, 1, 140, 194, 123, 207,
       163, 75, 203, 94, 70, 65, 186, 240, 167, 16, 79, 47, 150, 95, 141,
       196, 166, 213, 176, 142, 253, 111, 190, 236, 158, 238, 185, 27,
       236, 252, 123, 3, 249, 211, 219, 227, 100, 99, 90, 254, 61, 22,
       207, 191, 149, 127, 245, 215, 214, 220, 150, 151, 149, 104, 190,
       231, 63, 23, 218, 19, 236, 62, 110, 207, 233, 215, 175, 147, 126,
       221, 155, 227, 189, 50, 222, 67, 128, 124, 181, 14, 152, 141, 71,
       233, 150, 130, 234, 229, 44, 0, 250, 67, 251, 10, 16, 65, 122,
       167, 78, 241, 125, 169, 69, 125, 240, 233, 170, 64, 109, 2, 233,
       10, 32, 164, 57, 251, 221, 237, 81, 175, 222, 59, 172, 24, 182,
       187, 72, 48, 137, 154, 67, 24, 58, 106, 218, 55, 207, 159, 20,
       125, 80, 72, 198, 170, 233, 46, 198, 69, 101, 62, 98, 50, 121,
       174, 111, 12, 74, 40, 151, 151, 160, 228, 196, 46, 172, 244, 161,
       14, 6, 127, 64, 17, 66, 236, 90, 12, 11, 140, 133, 153, 157, 245,
       176, 143, 31, 91, 74, 83, 172, 184, 44, 236, 209, 11, 179, 17, 55,
       216, 83, 247, 143, 119, 222, 67, 154, 76, 153, 142, 2, 166, 153,
       155, 252, 169, 169, 175, 30, 51, 17, 249, 148, 226, 72, 73, 207,
       27, 75, 17, 51, 76, 203, 215, 12, 22, 254, 252, 156, 72, 129, 152,
       243, 201, 71, 204, 14, 82, 78, 161, 229, 130, 178, 226, 99, 74,
       180, 247, 106, 229, 108, 230, 108, 231, 77, 205, 178, 234, 199,
       151, 37, 180, 248, 4, 144, 241, 27, 225, 66, 195, 169, 252, 62,
       49, 64, 226, 149, 151, 72, 33, 54, 25, 19, 209, 67, 216, 153, 85,
       205, 129, 63, 100, 45, 16, 167, 184, 98, 190, 236, 24, 232, 245,
       153, 207, 155, 223, 184, 189, 164, 238, 70, 27, 205, 115, 243, 20,
       150, 79, 242, 113, 95, 22, 223, 251, 144, 64, 230, 223, 210, 111,
       18, 248, 235, 224, 188, 71, 172, 6, 216, 179, 172, 158, 37, 200,
       230, 59, 203, 129, 114, 15, 130, 227, 177, 116, 26, 139, 20, 84,
       173, 143, 214, 145, 150, 138, 155, 244, 178, 200, 174, 21, 137,
       19, 204, 214, 110, 206, 231, 19, 251, 144, 22, 3, 154, 247, 153,
       180, 10, 95, 144, 3, 173, 23, 214, 204, 215, 255, 207, 138, 110,
       168, 255, 18, 234, 2, 109, 235, 61, 215, 243, 239, 107, 227, 104,
       243, 219, 253, 181, 242, 207, 7, 53, 121, 113, 130, 204, 233, 189,
       251, 173, 220, 117, 191, 255, 63, 38, 16, 254, 255, 120, 123, 193,
       118, 127, 90, 242, 105, 251, 177, 239, 251, 87, 83, 146, 88, 212,
       106, 8, 188, 190, 251, 169, 237, 181, 199, 255, 63, 174, 17, 190,
       187, 66, 27, 161, 115, 235, 16, 50, 105, 187, 243, 207, 223, 86,
       91, 194, 80, 135, 235, 213, 76, 78, 167, 36, 10, 111, 184, 116,
       226, 87, 198, 243, 105, 155, 115, 126, 228, 60, 239, 237, 180,
       205, 44, 244, 171, 231, 132, 45, 187, 120, 17, 74, 136, 182, 121,
       145, 250, 49, 7, 255, 27, 102, 16, 174, 154, 4, 252, 161, 55, 248,
       16, 22, 201, 51, 85, 203, 255, 16, 67, 194, 0, 141, 46, 5, 160,
       145, 193, 237, 41, 224, 75, 234, 177, 41, 24, 158, 144, 88, 26,
       169, 7, 74, 25, 18, 112, 218, 80, 141, 28, 21, 124, 192, 74, 131,
       162, 197, 176, 188, 65, 172, 46, 209, 157, 74, 251, 183, 28, 210,
       57, 220, 107, 205, 84, 125, 60, 155, 100, 249, 0, 207, 187, 119,
       244, 192, 200, 209, 35, 214, 236, 150, 151, 197, 224, 190, 231,
       190, 151, 219, 19, 236, 254, 78, 79, 249, 255, 175, 147, 54, 221,
       219, 227, 189, 54, 223, 71, 133, 125, 189, 142, 166, 223, 145,
       158, 253, 39, 159, 236, 158, 174, 185, 26, 236, 254, 105, 131,
       253, 243, 223, 227, 112, 99, 72, 255, 189, 22, 207, 62, 149, 127,
       181, 167, 153, 145, 57, 239, 16, 199, 65, 57, 116, 9, 109, 64,
       183, 23, 0, 96, 84, 56, 28, 8, 91, 184, 113, 31, 225, 237, 34, 0,
       112, 130, 161, 169, 248, 13, 126, 108, 61, 222, 86, 48, 225, 12,
       174, 8, 115, 115, 32, 83, 192, 244, 236, 106, 104, 171, 0, 13,
       243, 235, 97, 25, 114, 170, 108, 42, 11, 141, 15, 187, 181, 214,
       30, 167, 63, 65, 202, 1, 172, 250, 34, 192, 193, 43, 155, 149, 94,
       136, 83, 183, 171, 247, 158, 67, 152, 68, 185, 14, 64, 179, 145,
       84, 56, 76, 71, 188, 162, 184, 168, 104, 247, 247, 201, 118, 21,
       212, 108, 122, 75, 67, 250, 25, 233, 160, 37, 60, 64, 178, 6, 41,
       124, 49, 216, 96, 26, 79, 83, 88, 98, 172, 165, 8, 19, 19, 64, 50,
       16, 220, 68, 122, 8, 99, 251, 16, 91, 141, 33, 61, 97, 131, 70,
       34, 88, 93, 127, 108, 24, 206, 71, 52, 229, 128, 174, 8, 119, 55,
       1, 112, 32, 180, 108, 104, 105, 169, 113, 13, 243, 239, 32, 16,
       98, 178, 96, 42, 224, 225, 57, 103, 60, 77, 239, 188, 110, 184,
       182, 8, 243, 215, 88, 50, 24, 212, 127, 106, 72, 37, 251, 61, 251,
       137, 101, 60, 65, 186, 198, 42, 247, 125, 113, 100, 101, 93, 94,
       240, 1, 232, 188, 78, 59, 29, 213, 52, 142, 208, 85, 106, 205, 50,
       240, 170, 115, 221, 4, 186, 111, 187, 82, 253, 73, 61, 215, 65,
       226, 44, 48, 22, 105, 209, 110, 100, 190, 51, 193, 254, 166, 55,
       122, 24, 145, 248, 145, 64, 142, 248, 82, 66, 202, 192, 11, 41,
       209, 200, 87, 189, 40, 10, 109, 37, 172, 18, 194, 208, 247, 2,
       144, 99, 98, 101, 108, 239, 105, 244, 87, 125, 164, 162, 106, 0,
       44, 176, 161, 40, 68, 37, 209, 65, 232, 107, 233, 9, 122, 181, 41,
       24, 215, 6, 73, 58, 51, 29, 74, 58, 19, 112, 237, 64, 13, 0, 7,
       100, 192, 99, 71, 224, 72, 48, 29, 97, 32, 110, 81, 18, 104, 24,
       36, 8, 159, 23, 0, 27, 132, 21, 76, 8, 1, 100, 241, 0, 193, 249,
       112, 0, 64, 0, 67, 35, 48, 53, 19, 110, 56, 79, 71, 120, 33, 8,
       233, 8, 118, 183, 8, 48, 152, 92, 92, 106, 73, 131, 242, 44, 177,
       180, 32, 56, 66, 163, 6, 51, 45, 255, 185, 75, 240, 141, 207, 191,
       126, 233, 124, 76, 243, 231, 209, 176, 93, 110, 38, 92, 219, 56,
       249, 51, 109, 159, 37, 116, 218, 242, 194, 185, 11, 169, 35, 155,
       213, 213, 170, 231, 223, 77, 88, 3, 172, 252, 118, 164, 217, 43,
       147, 209, 22, 186, 58, 253, 45, 84, 158, 235, 22, 14, 181, 206, 0,
       176, 153, 123, 248, 201, 177, 207, 234, 61, 49, 56, 148, 151, 72,
       18, 137, 27, 66, 16, 18, 122, 250, 81, 77, 132, 54, 108, 208, 8,
       135, 171, 24, 207, 67, 239, 50, 194, 110, 244, 37, 128, 218, 226,
       121, 103, 177, 228, 118, 254, 14, 234, 73, 153, 13, 239, 180, 228,
       163, 129, 39, 178, 36, 57, 242, 73, 55, 188, 15, 64, 69, 36, 177,
       134, 194, 3, 98, 131, 33, 91, 224, 229, 105, 226, 104, 207, 161,
       238, 177, 162, 198, 19, 33, 49, 100, 106, 32, 13, 25, 253, 29,
       205, 71, 39, 214, 8, 104, 0, 183, 243, 32, 112, 216, 58, 2, 8,
       106, 170, 66, 63, 229, 191, 36, 24, 80, 88, 192, 170, 196, 232,
       191, 254, 109, 221, 125, 220, 255, 154, 100, 16, 246, 255, 93,
       123, 193, 121, 123, 74, 226, 101, 250, 241, 223, 219, 215, 44, 80,
       113, 103, 170, 96, 172, 156, 245, 248, 234, 87, 166, 162, 167,
       170, 8, 183, 243, 65, 82, 129, 246, 109, 0, 24, 43, 194, 41, 205,
       167, 117, 57, 224, 251, 198, 10, 213, 253, 91, 254, 150, 70, 78,
       252, 48, 130, 152, 210, 113, 247, 185, 113, 119, 255, 29, 234,
       249, 199, 188, 47, 184, 175, 175, 156, 45, 243, 162, 41, 101, 173,
       192, 69, 156, 46, 78, 175, 99, 163, 168, 8, 211, 33, 92, 150, 25,
