%YAML:1.0
---
descriptors: !!opencv-matrix
   rows: 234
   cols: 32
   dt: u
   data: [ 155, 165, 111, 177, 149, 247, 249, 247, 85, 243, 214, 147, 25,
       28, 118, 41, 109, 139, 19, 189, 191, 252, 53, 214, 95, 75, 222,
       196, 167, 204, 177, 222, 189, 29, 47, 250, 149, 167, 75, 113, 213,
       192, 199, 22, 113, 251, 49, 97, 216, 162, 27, 189, 57, 143, 114,
       158, 219, 235, 138, 72, 191, 9, 112, 114, 75, 94, 26, 244, 39,
       140, 63, 118, 173, 202, 94, 100, 188, 159, 167, 96, 166, 103, 127,
       65, 193, 141, 162, 254, 243, 255, 42, 138, 8, 1, 33, 123, 3, 255,
       35, 210, 116, 197, 190, 119, 157, 72, 217, 103, 60, 221, 180, 32,
       238, 59, 23, 151, 241, 171, 2, 255, 122, 30, 174, 202, 85, 10,
       181, 147, 48, 205, 31, 152, 157, 197, 142, 239, 214, 1, 200, 2,
       52, 234, 48, 64, 201, 162, 27, 201, 122, 11, 18, 255, 185, 182,
       158, 72, 16, 24, 240, 42, 25, 214, 61, 255, 46, 86, 159, 253, 92,
       126, 93, 167, 255, 125, 154, 167, 31, 85, 189, 111, 233, 96, 63,
       157, 227, 251, 107, 148, 127, 254, 181, 123, 152, 216, 62, 252,
       44, 195, 157, 244, 156, 14, 150, 51, 255, 29, 35, 1, 174, 49, 127,
       67, 232, 173, 3, 63, 243, 195, 122, 145, 84, 152, 37, 123, 5, 67,
       90, 235, 96, 15, 239, 120, 44, 10, 113, 228, 213, 99, 169, 25,
       126, 9, 7, 238, 128, 144, 8, 89, 68, 159, 115, 132, 217, 179, 225,
       161, 11, 242, 121, 233, 110, 33, 233, 222, 78, 81, 212, 230, 157,
       11, 249, 106, 110, 153, 95, 249, 131, 54, 231, 209, 84, 217, 186,
       172, 181, 152, 33, 233, 66, 156, 183, 215, 183, 102, 189, 231, 60,
       31, 218, 19, 204, 62, 100, 75, 239, 215, 59, 145, 54, 219, 49,
       226, 189, 54, 222, 70, 128, 89, 165, 251, 159, 255, 112, 65, 243,
       185, 61, 222, 59, 180, 60, 238, 13, 12, 199, 189, 39, 91, 198, 92,
       246, 120, 164, 246, 62, 217, 53, 239, 231, 212, 143, 253, 15, 12,
       255, 248, 230, 179, 222, 146, 219, 210, 124, 130, 157, 237, 245,
       42, 159, 249, 55, 255, 240, 224, 38, 234, 78, 223, 239, 204, 231,
       253, 81, 161, 66, 248, 145, 160, 41, 205, 24, 134, 171, 249, 144,
       9, 142, 150, 68, 246, 197, 117, 253, 80, 79, 13, 242, 242, 187,
       212, 159, 255, 2, 28, 135, 31, 0, 20, 229, 249, 52, 168, 104, 19,
       127, 17, 90, 212, 177, 43, 144, 72, 107, 11, 63, 28, 150, 152, 87,
       209, 133, 184, 186, 192, 156, 200, 81, 190, 220, 135, 110, 101,
       133, 30, 124, 57, 97, 164, 247, 18, 91, 43, 154, 211, 122, 196,
       253, 234, 248, 209, 189, 140, 115, 235, 227, 197, 39, 166, 238,
       34, 6, 140, 26, 219, 20, 183, 186, 226, 31, 5, 89, 2, 228, 232,
       55, 64, 249, 43, 19, 17, 38, 184, 26, 255, 47, 118, 138, 75, 149,
       11, 57, 142, 92, 57, 218, 229, 48, 110, 123, 16, 42, 173, 127, 32,
       223, 55, 195, 80, 182, 125, 125, 88, 18, 152, 177, 96, 203, 237,
       34, 192, 160, 163, 39, 35, 56, 120, 120, 238, 116, 197, 83, 208,
       83, 44, 244, 46, 59, 159, 35, 16, 94, 185, 151, 202, 202, 54, 120,
       187, 243, 205, 176, 41, 115, 155, 78, 155, 6, 156, 150, 151, 175,
       164, 190, 175, 158, 155, 91, 48, 236, 254, 104, 74, 151, 115, 187,
       17, 22, 72, 11, 243, 141, 22, 223, 207, 144, 114, 161, 15, 223,
       50, 142, 178, 169, 180, 56, 67, 185, 219, 131, 213, 140, 238, 66,
       219, 167, 39, 253, 149, 181, 207, 130, 194, 154, 115, 218, 203,
       136, 101, 171, 87, 24, 93, 30, 248, 224, 198, 127, 119, 176, 138,
       102, 0, 61, 23, 32, 81, 166, 49, 149, 234, 96, 137, 48, 108, 227,
       235, 114, 128, 0, 177, 167, 187, 149, 91, 63, 119, 0, 159, 238,
       48, 244, 128, 243, 64, 211, 204, 177, 97, 252, 245, 108, 227, 237,
       229, 127, 12, 225, 235, 103, 16, 64, 179, 105, 32, 46, 240, 242,
       143, 109, 95, 182, 200, 91, 172, 245, 43, 74, 220, 94, 148, 253,
       221, 247, 227, 204, 119, 216, 234, 63, 125, 7, 63, 87, 63, 111,
       215, 17, 132, 75, 225, 150, 167, 105, 87, 116, 97, 202, 150, 19,
       3, 48, 104, 109, 138, 27, 156, 155, 188, 53, 214, 221, 207, 154,
       68, 189, 200, 240, 40, 9, 89, 183, 85, 36, 14, 239, 177, 253, 106,
       118, 96, 223, 181, 177, 108, 38, 116, 126, 74, 193, 184, 53, 104,
       101, 190, 96, 128, 98, 185, 193, 33, 139, 161, 228, 85, 231, 188,
       252, 55, 123, 245, 84, 154, 136, 60, 214, 47, 47, 63, 179, 141,
       180, 120, 247, 197, 15, 122, 218, 235, 199, 132, 215, 253, 190,
       237, 110, 179, 197, 249, 119, 228, 149, 86, 85, 147, 163, 237,
       123, 11, 105, 218, 215, 211, 126, 118, 122, 162, 231, 193, 204,
       233, 117, 127, 246, 210, 252, 153, 25, 120, 203, 205, 86, 251,
       177, 18, 164, 25, 63, 159, 64, 17, 136, 147, 248, 82, 122, 47,
       210, 55, 251, 217, 4, 123, 114, 0, 134, 115, 122, 219, 122, 236,
       125, 209, 145, 199, 137, 77, 252, 43, 46, 157, 38, 144, 206, 147,
       215, 193, 222, 43, 224, 161, 251, 245, 188, 251, 87, 30, 190, 219,
       38, 105, 54, 138, 109, 213, 186, 200, 142, 188, 93, 11, 236, 218,
       111, 132, 248, 121, 179, 211, 70, 115, 90, 249, 63, 16, 143, 43,
       22, 62, 61, 207, 49, 22, 123, 236, 118, 43, 113, 123, 92, 232,
       124, 238, 87, 61, 183, 49, 254, 172, 22, 44, 161, 179, 32, 28,
       114, 137, 33, 180, 253, 232, 82, 241, 125, 86, 227, 192, 100, 110,
       107, 22, 37, 202, 126, 238, 19, 39, 177, 124, 124, 204, 55, 156,
       137, 178, 133, 130, 84, 172, 160, 128, 191, 251, 112, 57, 2, 217,
       138, 154, 203, 192, 190, 238, 142, 85, 88, 163, 172, 254, 100, 64,
       239, 123, 179, 195, 86, 26, 154, 241, 53, 52, 222, 235, 21, 119,
       189, 222, 10, 169, 224, 213, 231, 189, 188, 103, 95, 119, 86, 147,
       136, 60, 86, 172, 175, 31, 179, 141, 150, 248, 245, 195, 47, 126,
       222, 227, 199, 140, 223, 206, 14, 129, 182, 153, 213, 246, 188,
       195, 31, 23, 71, 19, 204, 254, 111, 204, 249, 31, 179, 145, 54,
       212, 59, 210, 15, 119, 158, 71, 150, 76, 189, 198, 70, 169, 144,
       154, 191, 132, 186, 172, 158, 153, 8, 0, 236, 246, 104, 66, 151,
       123, 59, 81, 18, 73, 155, 243, 45, 22, 31, 107, 144, 50, 161, 15,
       124, 37, 185, 230, 136, 111, 95, 31, 35, 246, 173, 9, 119, 247,
       73, 83, 145, 223, 121, 56, 73, 67, 251, 10, 251, 201, 69, 60, 160,
       114, 134, 98, 49, 201, 105, 255, 28, 205, 207, 244, 68, 68, 244,
       2, 51, 93, 177, 96, 72, 184, 22, 74, 203, 170, 127, 189, 245, 141,
       162, 24, 117, 155, 116, 232, 40, 189, 108, 231, 52, 205, 113, 61,
       160, 196, 252, 13, 115, 125, 18, 16, 8, 178, 117, 8, 88, 168, 243,
       13, 231, 207, 36, 17, 98, 138, 214, 250, 146, 205, 98, 158, 86,
       208, 188, 103, 181, 68, 91, 167, 41, 206, 166, 65, 106, 171, 131,
       197, 116, 155, 6, 239, 50, 32, 154, 131, 53, 30, 189, 206, 21, 16,
       156, 173, 50, 15, 120, 120, 44, 1, 97, 68, 223, 115, 41, 41, 54,
       25, 30, 40, 5, 144, 17, 92, 198, 207, 98, 4, 248, 162, 41, 129,
       216, 129, 124, 101, 163, 26, 124, 61, 97, 54, 183, 150, 73, 43,
       154, 251, 50, 134, 253, 170, 248, 212, 181, 196, 87, 235, 242,
       133, 39, 228, 238, 66, 135, 91, 67, 159, 114, 134, 174, 240, 60,
       200, 90, 231, 116, 198, 165, 192, 118, 107, 51, 207, 225, 148, 28,
       111, 36, 38, 170, 128, 29, 183, 33, 217, 143, 204, 36, 179, 197,
       245, 253, 167, 223, 87, 87, 19, 232, 124, 62, 41, 171, 99, 179,
       131, 246, 252, 62, 247, 111, 91, 223, 195, 215, 92, 213, 230, 15,
       184, 183, 155, 199, 180, 169, 156, 255, 89, 83, 86, 252, 210, 252,
       236, 167, 75, 58, 157, 147, 216, 186, 241, 13, 26, 223, 206, 154,
       87, 177, 165, 146, 204, 15, 220, 21, 134, 42, 230, 149, 0, 192,
       131, 56, 239, 53, 65, 236, 251, 27, 205, 104, 143, 18, 255, 177,
       46, 154, 8, 17, 1, 49, 218, 166, 221, 175, 187, 205, 237, 119,
       216, 149, 86, 65, 151, 243, 253, 121, 11, 249, 219, 51, 227, 123,
       246, 122, 160, 109, 194, 205, 47, 181, 123, 212, 242, 58, 112,
       228, 141, 111, 119, 152, 72, 143, 230, 212, 175, 140, 140, 119,
       142, 206, 185, 255, 133, 204, 167, 83, 208, 151, 85, 155, 187, 23,
