%YAML:1.0
---
descriptors: !!opencv-matrix
   rows: 94
   cols: 32
   dt: u
   data: [ 17, 158, 151, 123, 146, 170, 33, 151, 118, 115, 98, 240, 243,
       99, 136, 121, 55, 126, 44, 24, 179, 220, 45, 55, 140, 166, 116,
       64, 160, 192, 128, 41, 218, 72, 222, 244, 46, 10, 92, 48, 185,
       130, 182, 146, 127, 63, 5, 123, 102, 245, 125, 234, 104, 199, 129,
       232, 243, 235, 238, 144, 39, 177, 96, 41, 228, 134, 193, 174, 252,
       3, 198, 232, 82, 162, 185, 222, 209, 97, 249, 3, 89, 194, 74, 175,
       121, 103, 78, 190, 56, 134, 231, 60, 221, 250, 114, 160, 198, 233,
       144, 182, 253, 136, 238, 168, 187, 176, 17, 11, 236, 234, 92, 199,
       179, 107, 121, 211, 102, 64, 138, 243, 173, 16, 143, 239, 4, 38,
       27, 14, 193, 220, 223, 221, 108, 78, 101, 182, 253, 82, 246, 80,
       240, 51, 180, 127, 97, 244, 106, 138, 225, 229, 115, 225, 5, 186,
       210, 0, 88, 240, 97, 40, 238, 172, 188, 122, 169, 221, 20, 175,
       155, 31, 165, 25, 238, 249, 78, 19, 129, 115, 233, 18, 118, 111,
       202, 51, 235, 211, 85, 123, 210, 84, 143, 11, 244, 82, 30, 174,
       40, 2, 87, 120, 160, 142, 231, 40, 87, 211, 171, 91, 208, 244,
       108, 98, 104, 199, 139, 8, 240, 227, 231, 153, 32, 179, 46, 3,
       121, 31, 92, 110, 184, 26, 79, 57, 224, 200, 174, 236, 123, 99,
       130, 115, 54, 230, 108, 110, 249, 137, 61, 61, 242, 239, 97, 144,
       107, 162, 234, 121, 203, 82, 125, 237, 46, 22, 125, 56, 193, 202,
       87, 231, 221, 223, 150, 99, 6, 117, 253, 239, 225, 196, 167, 204,
       198, 251, 233, 136, 47, 166, 69, 113, 133, 160, 253, 241, 236, 45,
       249, 27, 255, 187, 49, 120, 159, 185, 220, 43, 175, 159, 126, 24,
       179, 116, 203, 208, 76, 218, 119, 244, 212, 200, 195, 161, 2, 153,
       189, 175, 172, 192, 181, 133, 142, 29, 138, 51, 180, 191, 96, 74,
       194, 119, 123, 81, 18, 9, 195, 97, 237, 55, 254, 211, 148, 10,
       165, 123, 38, 160, 212, 131, 237, 111, 184, 73, 63, 181, 49, 27,
       204, 120, 92, 8, 187, 155, 239, 49, 22, 112, 91, 208, 29, 22, 95,
       103, 213, 10, 199, 134, 120, 157, 63, 110, 25, 206, 87, 183, 197,
       76, 174, 0, 115, 119, 32, 112, 192, 178, 221, 104, 107, 139, 113,
       63, 235, 255, 32, 80, 18, 10, 100, 123, 120, 157, 119, 236, 151,
       70, 86, 237, 197, 12, 234, 35, 99, 121, 40, 193, 248, 246, 204,
       227, 124, 171, 25, 173, 179, 225, 135, 23, 51, 62, 244, 10, 28,
       93, 255, 229, 183, 14, 127, 244, 45, 200, 126, 66, 125, 255, 53,
       100, 118, 117, 63, 234, 193, 145, 49, 236, 243, 239, 239, 128, 39,
       243, 101, 249, 118, 36, 222, 180, 237, 57, 84, 202, 171, 179, 186,
       25, 206, 234, 71, 26, 235, 199, 111, 1, 44, 99, 203, 192, 158,
       246, 215, 63, 193, 125, 74, 6, 198, 237, 150, 147, 145, 136, 38,
       198, 59, 147, 130, 19, 228, 226, 76, 207, 225, 207, 234, 211, 114,
       221, 139, 227, 189, 54, 223, 67, 128, 124, 161, 142, 253, 245,
       153, 237, 189, 79, 86, 253, 63, 168, 184, 72, 223, 127, 73, 48,
       157, 221, 125, 106, 233, 98, 219, 158, 251, 223, 37, 60, 90, 123,
       194, 51, 4, 4, 214, 254, 191, 171, 152, 72, 159, 179, 241, 25,
       206, 235, 41, 203, 215, 117, 239, 51, 36, 99, 90, 252, 139, 251,
       75, 127, 212, 121, 9, 3, 190, 80, 246, 174, 105, 31, 28, 232, 189,
       90, 241, 185, 110, 223, 45, 155, 222, 221, 255, 103, 108, 199, 18,
       202, 147, 251, 77, 191, 86, 189, 42, 211, 85, 37, 19, 229, 52, 14,
       111, 56, 109, 172, 251, 72, 223, 51, 129, 116, 182, 213, 108, 106,
       73, 176, 169, 76, 165, 252, 35, 0, 0, 179, 71, 33, 101, 97, 57,
       229, 36, 15, 103, 56, 109, 168, 255, 72, 215, 50, 137, 116, 146,
       212, 108, 106, 193, 176, 233, 12, 229, 188, 39, 52, 64, 179, 67,
       33, 3, 183, 149, 185, 252, 141, 169, 191, 30, 121, 88, 213, 188,
       163, 248, 192, 199, 11, 51, 29, 179, 88, 83, 247, 44, 22, 62, 232,
       156, 136, 129, 185, 1, 143, 68, 153, 242, 153, 45, 191, 62, 83,
       94, 244, 177, 38, 154, 244, 71, 10, 38, 156, 183, 216, 103, 119,
       44, 38, 254, 224, 190, 192, 137, 189, 197, 40, 217, 65, 224, 106,
       232, 2, 235, 242, 50, 88, 156, 158, 85, 58, 171, 245, 90, 57, 1,
       116, 180, 64, 29, 24, 85, 52, 197, 113, 67, 160, 216, 254, 191,
       187, 56, 192, 19, 178, 142, 148, 138, 179, 247, 223, 96, 66, 198,
       119, 125, 83, 106, 13, 203, 51, 201, 229, 175, 217, 4, 3, 37, 123,
       50, 176, 45, 123, 173, 253, 217, 159, 143, 125, 180, 127, 26, 157,
       222, 121, 205, 155, 245, 17, 159, 58, 251, 241, 91, 89, 56, 255,
       223, 12, 214, 127, 5, 160, 25, 225, 236, 105, 168, 155, 78, 113,
       49, 88, 149, 20, 200, 40, 131, 27, 82, 25, 19, 124, 107, 16, 12,
       156, 61, 100, 212, 136, 131, 161, 77, 231, 148, 101, 157, 15, 70,
       152, 127, 178, 171, 72, 199, 96, 89, 178, 145, 196, 108, 126, 191,
       97, 219, 50, 173, 255, 69, 124, 200, 115, 203, 4, 198, 232, 148,
       151, 141, 136, 166, 168, 190, 146, 129, 2, 236, 226, 76, 199, 241,
       235, 106, 211, 102, 69, 154, 255, 189, 18, 207, 43, 0, 51, 41,
       134, 101, 32, 145, 176, 44, 173, 64, 130, 235, 57, 163, 88, 135,
       131, 65, 30, 201, 133, 108, 24, 10, 103, 202, 112, 144, 176, 19,
       60, 200, 9, 66, 32, 142, 140, 148, 151, 203, 254, 180, 167, 190,
       183, 74, 19, 236, 127, 76, 207, 161, 87, 163, 17, 50, 216, 155,
       226, 47, 55, 95, 71, 130, 85, 137, 138, 3, 178, 25, 153, 252, 141,
       169, 223, 30, 121, 84, 84, 189, 131, 248, 196, 135, 11, 51, 29,
       179, 88, 83, 247, 12, 30, 62, 224, 156, 136, 137, 249, 88, 184,
       188, 114, 169, 233, 17, 143, 171, 63, 164, 57, 174, 183, 66, 27,
       131, 83, 237, 16, 26, 73, 170, 49, 219, 211, 93, 127, 194, 80,
       135, 107, 4, 160, 221, 241, 236, 169, 233, 27, 254, 51, 49, 88,
       157, 171, 220, 10, 171, 143, 110, 25, 19, 124, 203, 211, 204, 158,
       127, 116, 212, 200, 195, 161, 72, 152, 25, 123, 57, 141, 16, 191,
       143, 57, 40, 8, 190, 55, 64, 80, 133, 19, 238, 0, 66, 40, 83, 55,
       237, 215, 16, 58, 80, 8, 131, 27, 101, 227, 196, 237, 204, 11,
       198, 168, 83, 176, 177, 239, 99, 104, 93, 18, 89, 204, 100, 114,
       78, 114, 207, 145, 44, 158, 229, 60, 253, 251, 88, 4, 48, 176,
       255, 117, 58, 203, 113, 99, 126, 61, 243, 32, 247, 55, 128, 112,
       178, 188, 110, 0, 11, 248, 99, 29, 221, 235, 113, 18, 224, 0, 71,
       43, 137, 164, 153, 251, 252, 169, 169, 159, 30, 59, 93, 112, 149,
       35, 200, 105, 211, 10, 54, 28, 51, 92, 107, 151, 204, 223, 126,
       124, 152, 200, 129, 169, 109, 99, 56, 101, 52, 31, 103, 56, 109,
       172, 255, 8, 223, 18, 137, 116, 144, 196, 76, 106, 192, 176, 233,
       12, 229, 189, 39, 52, 64, 179, 67, 33, 45, 116, 185, 97, 69, 111,
       67, 152, 122, 254, 45, 8, 210, 21, 65, 58, 153, 92, 64, 122, 9,
       116, 249, 2, 77, 157, 5, 52, 192, 123, 86, 114, 88, 60, 185, 245,
       117, 239, 113, 55, 57, 73, 126, 57, 191, 63, 0, 48, 167, 191, 253,
       0, 57, 216, 241, 142, 223, 255, 50, 131, 130, 192, 135, 123, 213,
       0, 221, 237, 15, 79, 74, 8, 111, 160, 39, 12, 215, 3, 16, 114, 58,
       196, 120, 110, 9, 180, 253, 74, 151, 255, 65, 20, 104, 43, 67, 34,
       212, 95, 142, 182, 162, 34, 78, 182, 176, 158, 202, 229, 101, 227,
       201, 91, 119, 247, 109, 227, 104, 213, 139, 42, 240, 231, 239,
       128, 160, 243, 161, 41, 101, 227, 132, 19, 141, 15, 70, 188, 234,
       179, 163, 92, 211, 96, 93, 154, 145, 70, 104, 127, 223, 97, 207,
       48, 173, 26, 69, 116, 200, 251, 218, 4, 218, 90, 173, 116, 99, 92,
       53, 150, 161, 222, 150, 181, 187, 63, 195, 127, 229, 244, 253,
       194, 229, 69, 178, 226, 215, 251, 246, 155, 170, 245, 45, 127,
       106, 249, 156, 56, 169, 221, 20, 135, 171, 61, 164, 41, 174, 223,
       66, 27, 135, 51, 233, 16, 86, 75, 210, 49, 219, 211, 93, 123, 210,
       20, 143, 27, 5, 167, 217, 225, 236, 169, 249, 27, 111, 49, 185,
       88, 159, 171, 216, 40, 187, 11, 110, 25, 19, 56, 201, 211, 204,
       156, 63, 252, 212, 202, 193, 161, 125, 71, 64, 69, 52, 30, 78,
