%YAML:1.0
---
descriptors: !!opencv-matrix
   rows: 310
   cols: 32
   dt: u
   data: [ 250, 185, 228, 117, 135, 90, 252, 55, 59, 191, 246, 155, 75,
       45, 86, 151, 55, 245, 253, 165, 252, 252, 245, 206, 191, 251, 205,
       215, 103, 164, 222, 87, 201, 251, 110, 113, 169, 218, 125, 55,
       255, 125, 102, 189, 159, 135, 214, 245, 39, 62, 253, 12, 244, 220,
       165, 85, 239, 251, 116, 197, 98, 132, 207, 125, 137, 251, 124,
       253, 110, 219, 127, 184, 163, 220, 21, 162, 249, 95, 155, 35, 38,
       113, 253, 238, 224, 64, 255, 157, 103, 235, 233, 173, 54, 166, 85,
       241, 0, 215, 117, 129, 114, 11, 181, 252, 30, 53, 58, 238, 237, 3,
       136, 5, 55, 25, 6, 96, 226, 48, 45, 85, 164, 128, 49, 230, 117,
       154, 133, 233, 122, 180, 177, 212, 127, 86, 152, 255, 27, 123,
       180, 59, 124, 61, 30, 55, 159, 215, 221, 37, 179, 111, 249, 207,
       27, 126, 93, 254, 207, 12, 191, 127, 111, 148, 254, 220, 253, 54,
       217, 123, 219, 187, 181, 56, 92, 255, 188, 63, 159, 85, 213, 57,
       176, 103, 56, 206, 219, 223, 127, 254, 214, 229, 67, 55, 118, 112,
       98, 160, 79, 93, 251, 200, 45, 236, 176, 143, 75, 78, 127, 28,
       122, 193, 95, 227, 73, 35, 117, 216, 151, 216, 139, 191, 119, 191,
       118, 118, 45, 29, 57, 127, 61, 207, 86, 51, 86, 72, 125, 72, 255,
       125, 33, 96, 132, 122, 30, 90, 203, 168, 91, 63, 231, 255, 32, 24,
       90, 11, 65, 43, 180, 207, 129, 54, 154, 96, 6, 236, 146, 194, 168,
       249, 103, 226, 105, 19, 147, 226, 0, 99, 121, 71, 14, 47, 184, 6,
       77, 124, 184, 123, 134, 16, 240, 72, 199, 182, 76, 2, 108, 228,
       177, 146, 178, 26, 123, 18, 5, 91, 106, 229, 108, 234, 104, 199,
       139, 232, 179, 234, 198, 24, 37, 176, 98, 40, 35, 164, 116, 203,
       253, 29, 244, 175, 95, 117, 61, 25, 142, 92, 94, 36, 219, 11, 255,
       29, 214, 120, 127, 215, 47, 92, 151, 127, 214, 140, 213, 199, 56,
       157, 57, 255, 176, 199, 87, 183, 22, 9, 238, 0, 183, 119, 32, 112,
       85, 58, 29, 88, 59, 137, 113, 63, 235, 239, 52, 80, 176, 136, 164,
       123, 73, 177, 149, 101, 49, 76, 112, 57, 104, 72, 35, 8, 254, 81,
       8, 50, 144, 20, 120, 104, 133, 32, 145, 13, 71, 253, 64, 22, 74,
       34, 67, 35, 104, 34, 244, 100, 109, 91, 249, 91, 235, 255, 116,
       189, 143, 141, 214, 159, 203, 37, 230, 12, 180, 127, 227, 216, 86,
       219, 114, 169, 82, 140, 79, 219, 9, 15, 85, 69, 116, 63, 238, 50,
       108, 136, 126, 68, 218, 49, 149, 180, 52, 68, 86, 108, 209, 184,
       1, 76, 108, 190, 97, 196, 74, 163, 67, 161, 242, 203, 102, 236,
       13, 19, 78, 97, 229, 4, 242, 3, 67, 104, 52, 199, 120, 228, 108,
       239, 108, 163, 5, 141, 179, 234, 194, 17, 119, 62, 244, 12, 252,
       120, 190, 242, 73, 109, 80, 200, 163, 178, 164, 25, 78, 221, 75,
       59, 169, 213, 233, 82, 12, 103, 154, 160, 219, 217, 69, 63, 225,
       121, 78, 2, 197, 246, 149, 179, 168, 45, 46, 188, 254, 187, 130,
       124, 255, 243, 201, 187, 151, 199, 124, 90, 235, 71, 203, 115,
       188, 214, 127, 126, 136, 115, 131, 1, 196, 140, 133, 151, 148,
       168, 38, 135, 62, 19, 74, 82, 228, 98, 73, 74, 97, 238, 42, 146,
       50, 220, 203, 227, 172, 38, 222, 64, 128, 123, 161, 8, 254, 61,
       149, 254, 173, 109, 94, 252, 59, 186, 176, 72, 223, 255, 65, 51,
       221, 223, 255, 67, 107, 99, 219, 177, 251, 219, 101, 190, 88, 251,
       66, 155, 198, 173, 209, 190, 254, 161, 62, 175, 187, 147, 0, 218,
       237, 235, 88, 66, 183, 123, 121, 145, 50, 72, 138, 243, 172, 150,
       159, 238, 132, 96, 131, 0, 188, 227, 212, 251, 141, 15, 70, 188,
       83, 186, 176, 90, 67, 105, 89, 155, 217, 198, 36, 122, 122, 118,
       91, 181, 171, 219, 229, 116, 123, 186, 208, 0, 11, 175, 98, 137,
       215, 177, 190, 231, 95, 65, 88, 231, 40, 168, 182, 164, 254, 43,
       146, 149, 150, 186, 4, 255, 46, 28, 158, 203, 223, 14, 249, 140,
       162, 140, 247, 252, 252, 171, 222, 238, 223, 19, 112, 88, 238,
       233, 36, 77, 211, 123, 111, 40, 34, 111, 10, 191, 170, 254, 87,
       62, 212, 233, 193, 141, 186, 182, 175, 58, 203, 255, 149, 255, 55,
       127, 244, 63, 106, 253, 110, 21, 253, 250, 231, 20, 126, 255, 251,
       163, 123, 227, 116, 247, 91, 76, 230, 219, 6, 36, 243, 225, 246,
       47, 248, 194, 107, 177, 187, 187, 143, 63, 85, 62, 191, 221, 93,
       177, 144, 240, 201, 194, 159, 220, 15, 246, 197, 229, 67, 135, 45,
       52, 145, 41, 53, 47, 98, 24, 127, 104, 123, 68, 215, 72, 17, 180,
       221, 8, 86, 60, 143, 176, 81, 158, 173, 220, 1, 16, 216, 239, 82,
       212, 246, 100, 243, 229, 103, 42, 248, 2, 121, 130, 186, 139, 79,
       63, 85, 62, 190, 221, 125, 155, 140, 246, 197, 202, 151, 252, 207,
       131, 231, 245, 99, 6, 67, 127, 91, 245, 50, 190, 190, 55, 61, 72,
       122, 228, 189, 159, 133, 240, 166, 63, 31, 140, 193, 152, 176,
       238, 166, 253, 42, 130, 12, 208, 35, 189, 61, 105, 72, 79, 196,
       31, 230, 232, 120, 160, 110, 72, 83, 72, 149, 176, 56, 236, 66,
       110, 221, 178, 253, 62, 54, 237, 5, 48, 105, 187, 90, 132, 198,
       133, 180, 213, 203, 122, 180, 143, 254, 183, 14, 16, 204, 56, 76,
       239, 163, 87, 235, 17, 54, 216, 179, 194, 13, 54, 95, 71, 130, 84,
       141, 134, 81, 77, 222, 213, 52, 138, 110, 38, 125, 128, 110, 2,
       121, 35, 177, 116, 114, 236, 46, 238, 96, 248, 5, 238, 230, 238,
       230, 0, 101, 242, 96, 168, 34, 253, 17, 186, 217, 201, 162, 207,
       30, 17, 72, 75, 164, 211, 104, 0, 217, 59, 3, 81, 19, 26, 74, 247,
       189, 148, 15, 110, 152, 10, 131, 139, 252, 73, 86, 236, 13, 86,
       94, 224, 177, 174, 246, 10, 75, 115, 35, 215, 248, 212, 237, 226,
       104, 199, 185, 140, 243, 251, 199, 21, 35, 191, 124, 2, 77, 49,
       152, 231, 240, 46, 120, 17, 58, 179, 99, 80, 221, 51, 73, 250,
       183, 95, 124, 56, 17, 208, 153, 66, 207, 173, 119, 100, 136, 227,
       139, 161, 66, 168, 81, 219, 106, 137, 232, 6, 239, 17, 224, 8,
       174, 138, 20, 84, 162, 187, 107, 1, 2, 104, 194, 245, 148, 56, 26,
       58, 68, 0, 3, 14, 120, 220, 61, 126, 57, 207, 83, 182, 86, 13,
       238, 0, 183, 119, 32, 112, 197, 114, 29, 88, 106, 137, 113, 63,
       235, 239, 52, 80, 50, 138, 68, 107, 236, 227, 100, 117, 173, 31,
       196, 185, 86, 186, 151, 88, 211, 105, 217, 231, 89, 68, 123, 106,
       232, 102, 219, 153, 111, 219, 229, 61, 83, 184, 88, 2, 178, 188,
       55, 184, 234, 175, 180, 247, 191, 123, 240, 249, 62, 255, 164, 25,
       237, 191, 255, 1, 186, 223, 74, 213, 219, 82, 95, 254, 193, 76,
       162, 243, 37, 5, 145, 33, 53, 79, 67, 17, 127, 104, 251, 76, 215,
       24, 17, 176, 152, 136, 92, 125, 143, 176, 113, 28, 165, 222, 33,
       16, 200, 139, 82, 101, 230, 32, 243, 225, 116, 74, 248, 0, 121,
       163, 178, 155, 143, 11, 85, 26, 171, 157, 95, 153, 56, 244, 193,
       192, 159, 220, 155, 183, 197, 161, 67, 132, 8, 164, 213, 155, 234,
       233, 168, 143, 30, 51, 1, 248, 221, 226, 200, 232, 3, 11, 106, 24,
       19, 92, 207, 211, 12, 150, 63, 124, 156, 200, 137, 128, 198, 169,
       149, 211, 201, 204, 36, 167, 190, 57, 2, 16, 228, 55, 72, 207,
       129, 87, 234, 210, 115, 88, 219, 97, 45, 50, 95, 71, 128, 80, 133,
       170, 73, 48, 81, 101, 98, 74, 49, 25, 105, 104, 50, 104, 158, 19,
       128, 54, 50, 20, 108, 32, 1, 48, 209, 65, 5, 248, 33, 6, 106, 160,
       67, 51, 107, 156, 92, 88, 219, 181, 16, 203, 207, 21, 172, 30, 40,
       218, 38, 246, 193, 162, 202, 16, 22, 47, 118, 255, 63, 127, 16,
       91, 155, 14, 232, 15, 51, 123, 122, 10, 100, 135, 255, 192, 233,
       204, 248, 47, 2, 220, 183, 48, 190, 233, 87, 71, 196, 163, 182,
       108, 83, 60, 38, 138, 77, 147, 103, 223, 154, 80, 116, 237, 46,
       82, 93, 56, 139, 242, 116, 163, 255, 223, 148, 55, 150, 245, 181,
       239, 200, 68, 183, 217, 195, 251, 233, 175, 55, 164, 69, 115, 178,
       6, 71, 73, 67, 114, 172, 110, 53, 38, 242, 146, 73, 46, 181, 245,
       122, 157, 130, 168, 105, 222, 101, 206, 55, 42, 203, 133, 103,
       244, 102, 236, 9, 11, 86, 69, 52, 159, 238, 54, 109, 136, 126,
