%YAML:1.0
---
descriptors: !!opencv-matrix
   rows: 202
   cols: 32
   dt: u
   data: [ 90, 233, 147, 170, 59, 193, 19, 200, 171, 5, 168, 41, 46, 223,
       96, 18, 234, 177, 205, 209, 74, 11, 138, 241, 155, 213, 11, 123,
       16, 7, 39, 114, 212, 122, 159, 117, 162, 11, 63, 176, 186, 190,
       163, 253, 207, 103, 193, 91, 55, 245, 109, 114, 104, 85, 137, 74,
       216, 194, 111, 180, 160, 241, 7, 51, 244, 127, 219, 166, 110, 65,
       183, 224, 136, 226, 185, 234, 119, 253, 97, 34, 122, 252, 203,
       227, 73, 163, 186, 234, 177, 132, 143, 59, 101, 251, 119, 242, 83,
       184, 186, 184, 11, 253, 144, 199, 235, 87, 160, 29, 46, 154, 102,
       62, 167, 179, 221, 17, 14, 111, 146, 209, 153, 208, 90, 123, 232,
       4, 171, 95, 240, 174, 115, 92, 82, 200, 81, 115, 179, 7, 236, 8,
       51, 135, 0, 84, 54, 186, 69, 8, 106, 15, 160, 95, 209, 172, 48,
       24, 114, 128, 38, 122, 195, 140, 165, 215, 205, 54, 168, 51, 94,
       247, 199, 86, 232, 44, 158, 239, 205, 103, 250, 141, 181, 253,
       255, 239, 15, 122, 219, 80, 207, 108, 241, 124, 44, 69, 91, 102,
       244, 79, 103, 112, 96, 132, 239, 8, 215, 81, 1, 48, 24, 240, 68,
       106, 73, 176, 112, 44, 231, 205, 32, 16, 96, 187, 70, 160, 254,
       96, 240, 4, 79, 122, 112, 75, 99, 246, 166, 155, 10, 140, 71, 158,
       41, 204, 224, 52, 44, 119, 245, 194, 31, 89, 85, 63, 227, 245,
       110, 198, 241, 70, 74, 236, 92, 3, 75, 120, 69, 132, 252, 2, 83,
       67, 179, 112, 120, 164, 6, 238, 72, 183, 101, 31, 242, 169, 161,
       16, 53, 186, 112, 32, 177, 67, 90, 236, 20, 143, 70, 121, 69, 168,
       254, 74, 115, 65, 177, 32, 120, 160, 78, 232, 73, 183, 65, 31,
       240, 205, 161, 16, 125, 170, 120, 32, 74, 170, 38, 156, 73, 148,
       25, 216, 143, 156, 196, 135, 172, 207, 99, 79, 204, 57, 235, 197,
       142, 75, 146, 245, 89, 113, 139, 187, 18, 5, 61, 218, 112, 116,
       123, 232, 124, 239, 83, 80, 69, 170, 253, 73, 51, 219, 37, 80,
       216, 184, 6, 42, 8, 55, 80, 159, 211, 221, 161, 62, 114, 139, 86,
       3, 87, 191, 139, 182, 188, 190, 30, 191, 184, 237, 154, 221, 239,
       108, 26, 194, 151, 231, 205, 117, 191, 73, 253, 175, 184, 247, 47,
       154, 140, 116, 157, 93, 28, 191, 158, 187, 250, 141, 86, 254, 54,
       157, 104, 101, 127, 235, 66, 144, 183, 235, 197, 84, 94, 216, 138,
       55, 238, 229, 55, 97, 240, 83, 171, 203, 48, 132, 106, 91, 21,
       234, 99, 35, 117, 5, 239, 18, 226, 81, 62, 84, 120, 170, 14, 128,
       58, 184, 97, 63, 247, 230, 146, 67, 115, 10, 244, 110, 60, 93, 82,
       236, 83, 226, 94, 112, 165, 132, 255, 162, 95, 223, 33, 112, 126,
       245, 159, 226, 12, 131, 16, 140, 243, 237, 163, 131, 39, 183, 38,
       67, 86, 121, 26, 254, 27, 128, 18, 96, 173, 132, 203, 7, 238, 210,
       33, 83, 242, 253, 237, 226, 72, 131, 154, 237, 240, 241, 11, 27,
       40, 51, 43, 18, 57, 253, 115, 100, 114, 31, 246, 248, 109, 104,
       254, 108, 127, 29, 150, 180, 190, 140, 214, 110, 193, 185, 53, 31,
       242, 253, 37, 146, 111, 134, 75, 249, 108, 99, 64, 229, 53, 15,
       102, 48, 45, 164, 235, 77, 203, 0, 19, 80, 144, 204, 205, 102, 76,
       144, 89, 8, 230, 253, 37, 20, 40, 251, 90, 2, 108, 249, 224, 30,
       201, 93, 23, 140, 195, 255, 173, 141, 66, 228, 79, 30, 25, 206,
       234, 82, 90, 99, 254, 48, 127, 20, 69, 63, 211, 127, 86, 254, 207,
       122, 241, 5, 104, 63, 139, 152, 43, 254, 53, 237, 204, 44, 223,
       190, 23, 93, 245, 127, 133, 84, 237, 194, 6, 94, 101, 182, 206,
       247, 3, 245, 101, 165, 232, 74, 204, 61, 226, 200, 82, 251, 253,
       24, 83, 248, 222, 58, 217, 202, 114, 127, 159, 114, 255, 51, 31,
       95, 229, 125, 217, 107, 90, 132, 252, 102, 238, 103, 36, 86, 111,
       184, 116, 174, 127, 0, 83, 99, 153, 115, 80, 220, 125, 234, 232,
       240, 233, 46, 103, 235, 229, 133, 34, 243, 118, 32, 197, 79, 27,
       155, 250, 169, 47, 199, 172, 7, 107, 212, 156, 34, 169, 217, 39,
       3, 74, 206, 115, 13, 4, 98, 180, 164, 62, 72, 152, 83, 171, 136,
       87, 12, 135, 158, 197, 116, 110, 142, 253, 195, 202, 18, 96, 242,
       61, 238, 121, 239, 58, 155, 61, 199, 191, 226, 153, 62, 222, 2,
       136, 113, 176, 36, 60, 6, 91, 109, 116, 171, 195, 88, 84, 0, 125,
       74, 115, 105, 177, 1, 88, 168, 6, 42, 168, 178, 76, 31, 86, 205,
       161, 32, 127, 235, 114, 160, 28, 239, 83, 162, 176, 203, 79, 244,
       37, 128, 234, 232, 247, 67, 161, 80, 114, 233, 78, 234, 73, 155,
       9, 61, 248, 192, 39, 80, 40, 147, 34, 32, 7, 235, 152, 82, 233,
       157, 182, 198, 251, 61, 53, 56, 174, 248, 206, 60, 135, 91, 214,
       82, 150, 120, 170, 243, 46, 92, 20, 107, 216, 219, 203, 143, 29,
       193, 127, 101, 36, 26, 238, 184, 100, 128, 243, 194, 211, 10, 152,
       96, 58, 196, 92, 238, 201, 176, 109, 12, 230, 233, 167, 148, 101,
       179, 97, 32, 41, 121, 18, 244, 117, 141, 80, 118, 169, 232, 104,
       13, 191, 155, 2, 16, 132, 187, 84, 64, 205, 58, 208, 188, 231,
       221, 16, 50, 74, 132, 67, 219, 78, 247, 211, 210, 243, 240, 62,
       220, 59, 153, 75, 234, 108, 247, 204, 244, 55, 91, 183, 210, 19,
       90, 138, 227, 63, 116, 15, 234, 142, 215, 167, 53, 91, 92, 191,
       86, 67, 124, 55, 182, 169, 206, 14, 12, 124, 183, 3, 255, 38, 247,
       249, 206, 193, 221, 178, 232, 115, 107, 84, 131, 43, 117, 39, 127,
       101, 230, 232, 41, 252, 47, 195, 152, 82, 250, 48, 109, 211, 120,
       223, 56, 217, 76, 118, 127, 174, 118, 239, 18, 108, 15, 229, 252,
       221, 123, 82, 195, 24, 174, 211, 91, 147, 249, 182, 199, 126, 3,
       106, 160, 173, 166, 4, 244, 39, 59, 202, 128, 66, 184, 71, 123,
       166, 229, 22, 3, 99, 210, 143, 172, 231, 14, 172, 55, 172, 62,
       204, 176, 208, 231, 151, 221, 211, 108, 151, 42, 157, 100, 248,
       47, 189, 244, 253, 10, 142, 127, 237, 20, 205, 254, 216, 84, 37,
       189, 16, 66, 253, 63, 194, 250, 91, 106, 169, 92, 210, 120, 92,
       181, 153, 142, 82, 111, 189, 58, 88, 63, 63, 220, 1, 118, 88, 107,
       90, 6, 108, 103, 10, 39, 52, 15, 86, 120, 33, 172, 239, 77, 67,
       97, 11, 16, 216, 196, 77, 110, 76, 179, 201, 12, 246, 245, 33, 53,
       96, 187, 90, 2, 58, 20, 231, 237, 29, 127, 160, 106, 86, 226, 210,
       194, 97, 108, 53, 233, 93, 220, 179, 161, 173, 244, 87, 159, 15,
       102, 193, 20, 95, 44, 80, 148, 67, 132, 165, 183, 141, 102, 237,
       39, 222, 243, 75, 19, 240, 124, 28, 111, 201, 103, 59, 141, 185,
       252, 255, 163, 5, 62, 223, 18, 133, 104, 209, 126, 210, 90, 14,
       190, 58, 6, 26, 48, 188, 202, 194, 245, 245, 39, 3, 75, 230, 229,
       125, 231, 40, 205, 147, 111, 208, 226, 250, 128, 40, 49, 35, 91,
       242, 249, 91, 234, 27, 193, 83, 72, 171, 4, 169, 41, 47, 223, 97,
       16, 250, 185, 221, 242, 74, 3, 138, 191, 243, 197, 11, 123, 112,
       3, 38, 114, 29, 32, 234, 229, 151, 58, 122, 16, 116, 161, 79, 130,
       217, 47, 89, 106, 51, 204, 57, 188, 156, 208, 189, 138, 207, 239,
       143, 69, 167, 231, 121, 32, 103, 253, 169, 22, 249, 125, 22, 175,
       155, 251, 169, 109, 226, 252, 69, 178, 133, 215, 252, 86, 255, 75,
       250, 51, 187, 93, 69, 255, 208, 127, 206, 127, 210, 36, 150, 188,
       137, 180, 20, 199, 253, 151, 194, 17, 142, 250, 100, 219, 193,
       247, 232, 16, 60, 207, 146, 226, 187, 242, 94, 91, 128, 84, 173,
       6, 53, 119, 97, 71, 84, 31, 239, 48, 116, 232, 251, 230, 211, 13,
       157, 36, 124, 220, 22, 238, 233, 176, 101, 142, 38, 206, 161, 128,
       111, 187, 82, 181, 53, 125, 91, 230, 214, 71, 166, 232, 144, 194,
       168, 202, 119, 255, 97, 32, 126, 253, 82, 227, 105, 163, 152, 110,
       241, 132, 15, 56, 45, 123, 51, 176, 118, 121, 19, 174, 43, 194,
       30, 104, 173, 192, 200, 229, 239, 211, 33, 208, 218, 245, 236,
       226, 77, 131, 210, 237, 176, 240, 139, 27, 58, 55, 42, 18, 72,
       254, 151, 180, 201, 236, 21, 55, 187, 191, 142, 25, 190, 183, 66,
       95, 129, 118, 105, 16, 34, 75, 242, 231, 249, 182, 92, 59, 130,
       84, 135, 107, 244, 99, 68, 69, 52, 10, 71, 57, 96, 164, 243, 224,
