%YAML:1.0
---
descriptors: !!opencv-matrix
   rows: 159
   cols: 32
   dt: u
   data: [ 101, 112, 21, 69, 228, 79, 71, 152, 105, 234, 247, 76, 214,
       20, 13, 183, 152, 196, 92, 110, 201, 176, 249, 72, 165, 152, 69,
       22, 72, 115, 66, 245, 162, 140, 150, 254, 189, 171, 150, 239, 223,
       131, 248, 88, 238, 249, 36, 197, 215, 123, 111, 35, 112, 239, 74,
       191, 170, 254, 87, 26, 214, 248, 193, 143, 134, 172, 244, 215,
       238, 168, 234, 168, 219, 179, 49, 18, 232, 233, 93, 11, 59, 103,
       115, 147, 178, 100, 143, 243, 14, 26, 207, 236, 197, 233, 81, 128,
       196, 141, 135, 147, 148, 160, 164, 135, 62, 19, 74, 18, 228, 226,
       72, 74, 97, 206, 42, 152, 50, 220, 155, 227, 173, 38, 222, 68,
       128, 112, 177, 8, 2, 251, 25, 186, 254, 201, 182, 239, 142, 21,
       88, 35, 164, 254, 96, 64, 207, 59, 3, 17, 2, 26, 74, 245, 61, 20,
       30, 107, 16, 26, 133, 203, 73, 183, 121, 105, 178, 254, 121, 55,
       126, 109, 206, 252, 159, 55, 146, 240, 55, 30, 221, 12, 179, 152,
       245, 87, 239, 253, 54, 252, 226, 196, 135, 253, 233, 152, 28, 190,
       41, 237, 21, 174, 158, 31, 160, 29, 190, 243, 34, 91, 129, 115,
       232, 0, 54, 77, 91, 53, 193, 243, 80, 59, 24, 72, 129, 27, 45, 93,
       57, 251, 189, 207, 83, 178, 94, 72, 125, 64, 247, 253, 33, 224,
       212, 122, 22, 90, 131, 168, 122, 63, 239, 255, 32, 88, 218, 27,
       81, 171, 93, 53, 91, 101, 179, 110, 50, 16, 104, 72, 111, 96, 94,
       19, 129, 112, 182, 85, 124, 114, 17, 144, 145, 76, 215, 233, 35,
       6, 104, 35, 3, 51, 157, 245, 104, 101, 54, 94, 235, 121, 96, 236,
       254, 134, 91, 13, 147, 48, 126, 156, 21, 236, 233, 176, 53, 142,
       254, 237, 165, 132, 103, 166, 126, 113, 58, 207, 103, 238, 29, 82,
       70, 236, 197, 4, 250, 3, 107, 105, 52, 197, 120, 228, 204, 227,
       108, 171, 5, 173, 179, 225, 130, 19, 119, 62, 244, 14, 15, 146,
       167, 219, 183, 231, 184, 73, 31, 79, 81, 119, 204, 220, 62, 104,
       223, 59, 191, 149, 150, 153, 43, 215, 15, 126, 155, 202, 150, 76,
       181, 215, 90, 183, 119, 115, 179, 254, 125, 55, 127, 109, 127,
       245, 159, 191, 150, 116, 167, 191, 253, 149, 179, 216, 181, 223,
       239, 253, 54, 194, 46, 196, 199, 127, 65, 177, 85, 97, 98, 72, 48,
       9, 107, 121, 114, 104, 159, 23, 200, 63, 34, 29, 228, 32, 3, 112,
       161, 65, 7, 248, 96, 6, 74, 128, 3, 179, 193, 244, 156, 213, 164,
       30, 100, 191, 123, 187, 2, 124, 215, 48, 216, 123, 23, 70, 124,
       44, 245, 220, 213, 2, 174, 186, 117, 212, 140, 240, 217, 1, 5, 13,
       222, 245, 212, 142, 110, 114, 252, 130, 106, 66, 125, 179, 177,
       113, 118, 125, 58, 106, 224, 153, 1, 238, 245, 175, 206, 0, 40,
       242, 97, 168, 34, 175, 17, 154, 220, 205, 182, 239, 15, 1, 104,
       75, 164, 255, 108, 0, 221, 155, 3, 17, 82, 11, 90, 245, 61, 20,
       30, 122, 144, 10, 133, 138, 129, 203, 19, 191, 24, 139, 38, 229,
       190, 0, 64, 80, 180, 211, 32, 65, 66, 59, 10, 72, 99, 137, 73,
       127, 172, 160, 14, 64, 24, 16, 161, 168, 61, 65, 105, 69, 54, 22,
       207, 56, 80, 226, 222, 166, 91, 109, 159, 32, 126, 196, 21, 239,
       137, 176, 101, 142, 114, 111, 161, 132, 103, 255, 112, 113, 246,
       72, 214, 142, 77, 70, 86, 232, 185, 142, 227, 11, 78, 254, 47,
       219, 248, 213, 239, 227, 108, 71, 219, 234, 145, 50, 203, 31, 1,
       127, 124, 70, 7, 78, 102, 223, 71, 182, 174, 244, 221, 74, 82,
       198, 104, 72, 183, 237, 127, 96, 50, 239, 229, 181, 46, 236, 4,
       58, 203, 130, 95, 255, 121, 156, 52, 176, 248, 243, 221, 109, 113,
       200, 91, 177, 37, 26, 26, 249, 77, 58, 185, 153, 115, 16, 26, 114,
       218, 144, 95, 217, 17, 127, 241, 105, 86, 130, 77, 75, 255, 103,
       36, 14, 111, 176, 108, 168, 119, 100, 247, 97, 145, 115, 22, 100,
       108, 110, 193, 240, 237, 40, 230, 251, 101, 144, 72, 243, 67, 33,
       240, 72, 223, 188, 78, 10, 109, 36, 249, 146, 178, 90, 127, 98, 5,
       91, 106, 229, 108, 234, 104, 199, 195, 232, 180, 170, 206, 16, 37,
       112, 99, 8, 77, 53, 153, 225, 224, 44, 120, 27, 58, 187, 43, 80,
       221, 51, 72, 122, 183, 31, 117, 24, 19, 208, 219, 66, 207, 137,
       127, 100, 136, 224, 139, 163, 6, 164, 20, 131, 221, 109, 176, 73,
       30, 55, 57, 27, 204, 120, 74, 8, 185, 155, 234, 49, 50, 122, 91,
       214, 29, 22, 31, 111, 144, 10, 157, 134, 196, 164, 133, 147, 222,
       160, 172, 175, 190, 147, 11, 18, 236, 226, 72, 66, 113, 107, 42,
       144, 50, 92, 219, 243, 173, 38, 159, 108, 128, 66, 177, 136, 124,
       189, 157, 228, 185, 45, 94, 191, 51, 184, 184, 104, 255, 123, 65,
       50, 149, 223, 125, 48, 107, 75, 219, 58, 251, 223, 37, 188, 136,
       240, 131, 3, 194, 164, 128, 158, 222, 161, 172, 143, 154, 179, 25,
       26, 236, 234, 88, 74, 147, 11, 123, 145, 50, 68, 206, 215, 172,
       22, 159, 252, 148, 64, 147, 128, 92, 187, 158, 226, 169, 140, 122,
       251, 171, 25, 255, 77, 127, 251, 74, 80, 181, 223, 253, 144, 154,
       91, 219, 33, 223, 255, 39, 236, 170, 130, 234, 19, 130, 141, 214,
       252, 253, 171, 148, 239, 223, 147, 240, 88, 238, 232, 36, 205,
       199, 123, 110, 1, 112, 239, 2, 255, 168, 250, 87, 26, 212, 104,
       129, 141, 101, 97, 53, 37, 108, 31, 103, 56, 105, 232, 127, 72,
       215, 48, 157, 54, 152, 196, 94, 110, 201, 178, 249, 12, 165, 252,
       69, 54, 64, 59, 66, 101, 78, 34, 215, 240, 104, 88, 233, 3, 169,
       172, 54, 236, 141, 138, 215, 159, 166, 5, 236, 153, 17, 233, 163,
       192, 140, 210, 123, 163, 134, 164, 47, 37, 199, 54, 151, 216, 236,
       37, 249, 219, 155, 187, 56, 116, 156, 251, 229, 238, 167, 83, 63,
       25, 179, 79, 138, 210, 153, 158, 127, 254, 158, 224, 161, 161, 51,
       123, 107, 14, 108, 197, 219, 64, 249, 204, 240, 15, 34, 204, 55,
       16, 190, 233, 87, 71, 204, 163, 190, 104, 83, 24, 5, 171, 69, 63,
       118, 215, 1, 164, 157, 187, 236, 233, 169, 143, 30, 51, 25, 184,
       181, 163, 200, 8, 203, 27, 106, 24, 19, 88, 75, 147, 204, 151, 63,
       124, 148, 200, 129, 169, 219, 83, 118, 236, 45, 22, 93, 56, 201,
       250, 86, 224, 223, 223, 182, 119, 134, 53, 253, 239, 205, 68, 167,
       221, 194, 251, 233, 142, 38, 164, 65, 117, 106, 178, 253, 248,
       124, 7, 153, 223, 27, 125, 181, 255, 140, 29, 190, 9, 159, 31,
       245, 21, 158, 107, 43, 213, 91, 91, 250, 254, 22, 140, 151, 115,
       242, 56, 171, 244, 155, 253, 145, 23, 155, 255, 150, 63, 186, 189,
       70, 43, 237, 183, 253, 145, 186, 79, 242, 226, 219, 118, 220, 251,
       239, 76, 150, 127, 78, 185, 146, 90, 203, 225, 16, 198, 191, 21,
       44, 41, 44, 215, 100, 156, 167, 123, 235, 16, 18, 75, 154, 241,
       219, 214, 31, 111, 210, 68, 175, 139, 109, 93, 23, 238, 61, 143,
       86, 176, 197, 136, 250, 64, 254, 121, 33, 240, 212, 112, 92, 106,
       73, 163, 88, 191, 227, 255, 37, 26, 90, 59, 64, 19, 197, 89, 21,
       94, 40, 77, 7, 184, 232, 218, 161, 72, 246, 240, 169, 119, 128,
       116, 124, 106, 97, 103, 250, 105, 177, 186, 101, 56, 88, 51, 3,
       33, 91, 18, 229, 205, 40, 28, 249, 24, 43, 217, 246, 197, 171, 39,
       215, 127, 110, 132, 255, 140, 141, 66, 231, 192, 215, 248, 218,
       128, 134, 172, 39, 125, 196, 164, 133, 155, 222, 160, 172, 171,
       190, 179, 9, 82, 228, 226, 72, 67, 113, 107, 106, 144, 50, 68,
       202, 215, 172, 6, 223, 108, 144, 64, 145, 128, 108, 230, 224, 99,
       189, 47, 194, 152, 71, 184, 191, 73, 195, 105, 89, 130, 89, 196,
       236, 122, 138, 98, 201, 154, 111, 223, 165, 125, 239, 255, 88, 2,
       0, 77, 158, 252, 85, 134, 110, 103, 252, 128, 234, 66, 189, 227,
       48, 192, 232, 226, 42, 200, 64, 139, 18, 237, 225, 255, 158, 8, 0,
       8, 105, 168, 74, 50, 151, 176, 109, 92, 121, 19, 169, 253, 54,
       252, 141, 134, 198, 191, 134, 141, 238, 157, 135, 92, 163, 192,
       142, 208, 90, 235, 142, 132, 47, 253, 118, 96, 240, 229, 7, 110,
       248, 72, 105, 160, 185, 11, 15, 11, 85, 150, 170, 157, 85, 177, 8,
       179, 213, 192, 147, 216, 139, 39, 103, 163, 75, 130, 125, 171,
