%YAML:1.0
---
descriptors: !!opencv-matrix
   rows: 210
   cols: 32
   dt: u
   data: [ 125, 125, 95, 101, 112, 14, 103, 184, 97, 168, 254, 104, 115,
       83, 129, 113, 126, 220, 108, 106, 105, 180, 249, 44, 245, 233,
       101, 20, 106, 179, 66, 49, 174, 227, 180, 219, 239, 201, 181, 205,
       223, 61, 53, 59, 140, 221, 238, 13, 171, 27, 135, 83, 22, 112, 42,
       241, 79, 80, 85, 255, 215, 29, 197, 231, 109, 179, 152, 103, 244,
       15, 86, 184, 35, 236, 61, 77, 223, 121, 75, 144, 148, 204, 213,
       126, 201, 48, 217, 24, 239, 221, 37, 53, 74, 187, 74, 83, 77, 127,
       156, 229, 160, 14, 127, 184, 40, 202, 254, 77, 223, 115, 11, 90,
       151, 197, 125, 110, 205, 208, 201, 44, 239, 255, 101, 5, 8, 243,
       10, 83, 35, 112, 174, 156, 29, 151, 144, 74, 223, 240, 214, 79,
       224, 248, 118, 160, 217, 44, 242, 37, 141, 243, 87, 157, 10, 27,
       201, 63, 93, 44, 88, 150, 68, 168, 155, 141, 94, 0, 42, 232, 106,
       129, 72, 130, 245, 227, 65, 66, 114, 108, 42, 248, 18, 75, 143,
       65, 140, 164, 143, 76, 160, 34, 35, 160, 37, 97, 115, 67, 84, 15,
       239, 48, 101, 160, 107, 72, 211, 89, 93, 164, 56, 140, 82, 238,
       201, 176, 125, 12, 45, 140, 5, 4, 107, 186, 82, 160, 101, 73, 19,
       77, 85, 22, 110, 176, 97, 32, 235, 64, 210, 18, 21, 244, 216, 204,
       16, 110, 201, 178, 249, 13, 39, 188, 131, 4, 74, 179, 114, 164,
       199, 238, 237, 183, 178, 176, 63, 134, 191, 211, 19, 247, 253,
       238, 219, 107, 39, 103, 61, 159, 183, 212, 191, 227, 172, 54, 255,
       192, 172, 245, 169, 85, 157, 204, 254, 223, 214, 55, 255, 252, 87,
       154, 125, 18, 89, 105, 189, 173, 127, 202, 23, 255, 225, 244, 44,
       254, 127, 79, 231, 164, 255, 255, 249, 161, 212, 179, 253, 246,
       170, 75, 29, 153, 158, 190, 183, 189, 215, 127, 203, 27, 167, 213,
       237, 98, 240, 69, 235, 2, 211, 195, 125, 189, 36, 248, 133, 115,
       220, 114, 189, 185, 170, 104, 25, 154, 190, 127, 147, 189, 223,
       231, 75, 91, 151, 87, 237, 16, 58, 69, 203, 51, 201, 227, 123,
       244, 180, 241, 7, 115, 1, 162, 253, 93, 52, 11, 233, 51, 126, 225,
       114, 240, 189, 42, 148, 112, 163, 45, 94, 13, 177, 248, 5, 78, 76,
       62, 50, 192, 204, 128, 97, 169, 184, 188, 159, 242, 232, 237, 81,
       87, 163, 19, 165, 24, 55, 183, 64, 59, 129, 146, 93, 24, 59, 111,
       122, 33, 219, 219, 80, 120, 224, 64, 198, 162, 64, 65, 59, 101, 4,
       79, 71, 48, 96, 32, 226, 8, 215, 17, 1, 112, 144, 212, 108, 106,
       72, 176, 209, 8, 229, 235, 100, 16, 64, 186, 70, 34, 2, 141, 51,
       137, 151, 227, 186, 239, 94, 65, 88, 131, 164, 236, 52, 0, 249,
       59, 147, 177, 23, 186, 25, 223, 61, 20, 143, 66, 221, 74, 185,
       156, 57, 175, 30, 240, 237, 157, 84, 119, 235, 63, 180, 88, 191,
       187, 64, 187, 141, 162, 108, 8, 156, 107, 66, 181, 219, 219, 117,
       120, 194, 136, 194, 139, 115, 159, 6, 126, 189, 151, 70, 191, 151,
       13, 186, 13, 106, 249, 46, 208, 221, 226, 237, 36, 254, 171, 90,
       191, 187, 255, 133, 218, 218, 94, 232, 30, 124, 32, 25, 108, 8,
       79, 83, 72, 38, 160, 161, 8, 215, 87, 9, 48, 216, 208, 88, 106, 9,
       34, 123, 24, 209, 137, 1, 56, 112, 51, 70, 34, 245, 85, 103, 135,
       76, 78, 239, 248, 125, 194, 187, 74, 222, 124, 153, 115, 122, 197,
       126, 235, 233, 243, 253, 236, 181, 34, 239, 16, 109, 123, 113, 48,
       170, 169, 235, 90, 109, 249, 249, 71, 222, 89, 117, 58, 56, 220,
       246, 56, 233, 170, 23, 29, 82, 107, 162, 241, 95, 25, 178, 233,
       85, 72, 254, 234, 65, 130, 73, 253, 116, 138, 104, 59, 127, 161,
       114, 192, 179, 131, 148, 113, 90, 172, 38, 8, 137, 252, 199, 92,
       204, 190, 242, 4, 252, 136, 64, 40, 11, 52, 180, 241, 253, 173,
       57, 15, 190, 153, 74, 16, 188, 187, 64, 104, 133, 59, 59, 25, 18,
       88, 19, 211, 77, 30, 90, 66, 152, 64, 129, 170, 188, 108, 254, 86,
       68, 107, 119, 216, 113, 130, 118, 24, 123, 113, 143, 63, 57, 252,
       70, 106, 96, 247, 56, 106, 83, 139, 101, 1, 99, 249, 78, 170, 2,
       157, 59, 155, 155, 197, 181, 231, 158, 85, 205, 19, 172, 223, 106,
       64, 225, 59, 155, 145, 83, 11, 186, 247, 239, 21, 158, 107, 144,
       12, 165, 250, 8, 115, 88, 229, 112, 15, 123, 16, 37, 168, 118, 96,
       151, 19, 129, 80, 118, 156, 127, 234, 72, 144, 193, 72, 196, 165,
       162, 128, 42, 163, 3, 163, 18, 221, 59, 250, 27, 197, 23, 239,
       140, 69, 204, 7, 172, 214, 32, 64, 248, 59, 139, 193, 75, 9, 50,
       253, 241, 229, 158, 75, 16, 26, 165, 250, 34, 164, 21, 248, 205,
       237, 180, 239, 159, 63, 160, 24, 172, 181, 104, 161, 201, 27, 202,
       16, 114, 110, 114, 245, 47, 146, 94, 127, 80, 72, 133, 234, 195,
       158, 140, 183, 140, 52, 188, 183, 248, 255, 214, 247, 229, 236,
       90, 235, 197, 103, 249, 133, 181, 220, 247, 227, 142, 51, 223,
       209, 140, 236, 153, 85, 97, 32, 215, 237, 108, 128, 232, 83, 234,
       145, 240, 224, 157, 139, 208, 90, 206, 165, 119, 141, 3, 58, 194,
       213, 84, 249, 250, 192, 12, 128, 99, 169, 2, 175, 6, 185, 235,
       177, 60, 199, 190, 31, 74, 181, 172, 174, 98, 192, 231, 59, 187,
       149, 22, 216, 2, 241, 46, 119, 158, 235, 148, 68, 173, 219, 2,
       143, 123, 181, 82, 130, 185, 103, 60, 71, 90, 247, 173, 47, 50,
       65, 46, 43, 23, 133, 240, 152, 36, 223, 76, 38, 122, 192, 101,
       196, 165, 233, 8, 97, 57, 109, 33, 79, 81, 88, 121, 140, 101, 8,
       223, 19, 1, 57, 144, 16, 76, 106, 0, 176, 48, 8, 199, 217, 96, 16,
       66, 177, 70, 163, 97, 185, 156, 56, 141, 189, 84, 207, 203, 113,
       168, 12, 174, 248, 86, 191, 137, 130, 106, 28, 31, 107, 218, 241,
       155, 219, 85, 126, 218, 76, 202, 14, 217, 234, 157, 184, 40, 236,
       89, 18, 175, 95, 150, 152, 191, 134, 194, 123, 167, 49, 108, 28,
       138, 77, 162, 81, 216, 241, 122, 248, 128, 128, 35, 105, 37, 64,
       127, 65, 5, 223, 105, 16, 125, 80, 118, 64, 243, 66, 21, 117, 248,
       140, 110, 106, 203, 176, 123, 64, 135, 248, 2, 0, 99, 139, 64,
       164, 43, 112, 230, 141, 125, 23, 232, 88, 87, 232, 90, 239, 72,
       248, 255, 164, 216, 172, 183, 45, 141, 242, 79, 157, 30, 62, 205,
       134, 31, 174, 120, 213, 246, 68, 132, 175, 29, 7, 70, 168, 23,
       186, 131, 11, 199, 114, 73, 64, 217, 196, 108, 227, 104, 71, 219,
       159, 177, 246, 207, 63, 16, 123, 24, 6, 15, 240, 159, 187, 237,
       245, 184, 202, 142, 251, 81, 56, 156, 218, 107, 171, 207, 91, 211,
       21, 23, 119, 138, 241, 15, 209, 95, 239, 208, 89, 171, 131, 44,
       99, 120, 101, 116, 15, 111, 184, 97, 236, 126, 12, 211, 69, 219,
       52, 28, 204, 70, 126, 200, 176, 241, 46, 111, 221, 37, 36, 74,
       187, 66, 241, 137, 154, 127, 91, 100, 142, 105, 51, 125, 65, 118,
       212, 191, 131, 180, 117, 102, 42, 38, 12, 163, 188, 118, 117, 78,
       251, 114, 64, 110, 136, 65, 185, 142, 217, 117, 217, 239, 249,
       180, 199, 207, 61, 24, 50, 140, 220, 236, 236, 203, 27, 191, 19,
       86, 61, 106, 241, 47, 81, 27, 255, 86, 93, 221, 231, 37, 95, 126,
       79, 246, 74, 239, 113, 68, 142, 127, 34, 83, 109, 181, 100, 126,
       254, 22, 170, 209, 184, 45, 76, 103, 175, 228, 128, 117, 250, 244,
       177, 214, 45, 150, 212, 141, 178, 52, 199, 253, 147, 194, 19, 76,
       178, 100, 203, 225, 247, 170, 16, 52, 203, 146, 192, 187, 178, 86,
       79, 128, 120, 173, 6, 82, 170, 159, 186, 235, 225, 25, 207, 191,
       31, 148, 169, 172, 247, 98, 91, 239, 243, 239, 144, 50, 75, 138,
       241, 217, 210, 223, 251, 144, 68, 167, 107, 189, 105, 249, 64,
       204, 79, 207, 220, 83, 254, 180, 10, 83, 93, 213, 47, 88, 220, 86,
       126, 201, 103, 253, 152, 119, 137, 229, 60, 119, 251, 118, 240, 3,
       141, 26, 187, 149, 183, 178, 231, 31, 9, 73, 71, 228, 250, 32, 64,
       221, 43, 3, 21, 22, 152, 24, 255, 173, 54, 154, 66, 144, 10, 185,
       138, 185, 30, 235, 245, 54, 27, 233, 123, 87, 235, 246, 254, 115,
       44, 147, 236, 126, 236, 54, 173, 169, 254, 101, 158, 222, 239,
       241, 144, 111, 168, 80, 237, 212, 222, 206, 181, 162, 2, 189, 245,
