%YAML:1.0
---
descriptors: !!opencv-matrix
   rows: 218
   cols: 32
   dt: u
   data: [ 161, 201, 107, 250, 60, 205, 203, 180, 196, 68, 244, 2, 179,
       217, 176, 96, 74, 56, 31, 74, 203, 170, 126, 189, 225, 185, 162,
       24, 52, 154, 116, 168, 229, 21, 173, 253, 172, 47, 199, 187, 82,
       123, 161, 25, 215, 125, 25, 59, 221, 86, 89, 47, 185, 102, 249,
       26, 229, 175, 245, 60, 208, 121, 210, 242, 7, 186, 183, 211, 229,
       172, 169, 151, 255, 89, 87, 84, 156, 246, 252, 109, 165, 11, 59,
       29, 147, 220, 187, 241, 13, 62, 158, 194, 132, 65, 241, 245, 154,
       214, 125, 235, 45, 95, 95, 252, 221, 74, 180, 231, 255, 95, 191,
       36, 191, 81, 159, 111, 227, 37, 59, 251, 227, 223, 117, 151, 127,
       254, 69, 123, 181, 0, 235, 241, 197, 100, 233, 71, 122, 51, 102,
       18, 25, 139, 92, 106, 105, 142, 18, 156, 27, 254, 176, 226, 87,
       207, 210, 97, 225, 72, 243, 162, 155, 148, 111, 177, 149, 247,
       232, 247, 29, 115, 214, 147, 25, 13, 54, 41, 111, 139, 19, 157,
       191, 220, 53, 215, 223, 75, 222, 196, 167, 204, 177, 218, 213,
       180, 173, 183, 140, 102, 205, 185, 242, 222, 133, 21, 215, 127,
       91, 43, 217, 199, 125, 191, 169, 103, 251, 47, 233, 239, 255, 84,
       200, 112, 38, 122, 11, 219, 2, 189, 119, 146, 186, 230, 61, 64,
       82, 231, 172, 142, 50, 192, 246, 107, 179, 197, 231, 152, 7, 255,
       38, 119, 154, 195, 28, 20, 57, 221, 17, 166, 233, 225, 150, 171,
       233, 215, 118, 113, 78, 214, 25, 11, 112, 104, 111, 138, 27, 157,
       147, 188, 53, 246, 222, 207, 146, 68, 189, 200, 240, 184, 66, 173,
       144, 155, 185, 164, 62, 135, 190, 153, 8, 1, 236, 246, 104, 198,
       135, 123, 187, 149, 18, 73, 154, 243, 44, 22, 31, 235, 148, 86,
       129, 15, 198, 156, 190, 151, 228, 102, 189, 231, 60, 87, 210, 19,
       212, 62, 46, 75, 239, 87, 59, 145, 50, 221, 27, 226, 157, 54, 222,
       70, 128, 88, 181, 122, 2, 12, 58, 219, 22, 179, 186, 226, 30, 1,
       95, 3, 116, 250, 53, 64, 219, 42, 19, 145, 34, 184, 90, 255, 47,
       39, 139, 67, 149, 11, 57, 138, 23, 126, 233, 137, 230, 3, 239,
       222, 86, 234, 92, 230, 17, 134, 247, 108, 127, 200, 23, 191, 203,
       22, 109, 210, 60, 12, 175, 172, 189, 242, 49, 245, 90, 248, 145,
       160, 41, 220, 16, 197, 171, 249, 144, 41, 142, 150, 66, 214, 197,
       117, 253, 80, 79, 79, 210, 162, 185, 213, 159, 255, 138, 28, 135,
       95, 152, 218, 62, 190, 44, 193, 157, 245, 156, 14, 214, 179, 255,
       157, 51, 1, 174, 49, 223, 67, 232, 173, 2, 63, 243, 195, 122, 145,
       84, 24, 45, 91, 161, 51, 233, 199, 236, 25, 239, 117, 90, 234, 85,
       238, 241, 45, 214, 32, 94, 110, 55, 143, 193, 254, 236, 42, 100,
       15, 255, 160, 13, 250, 208, 249, 180, 88, 255, 251, 195, 228, 52,
       214, 55, 91, 115, 82, 85, 31, 41, 121, 237, 187, 55, 146, 35, 214,
       89, 114, 71, 235, 114, 194, 249, 81, 160, 147, 146, 3, 106, 27,
       23, 159, 188, 103, 124, 69, 243, 151, 33, 136, 54, 128, 120, 171,
       195, 141, 212, 185, 4, 127, 119, 45, 26, 1, 101, 12, 251, 202,
       111, 30, 195, 193, 226, 50, 107, 146, 49, 234, 122, 230, 25, 39,
       213, 252, 127, 220, 55, 158, 129, 146, 245, 226, 30, 62, 178, 196,
       175, 243, 100, 245, 129, 8, 101, 81, 100, 251, 160, 6, 108, 81,
       114, 82, 145, 136, 212, 237, 106, 56, 42, 153, 151, 184, 103, 192,
       5, 56, 146, 64, 197, 8, 81, 172, 84, 57, 250, 101, 242, 110, 123,
       48, 40, 173, 126, 32, 223, 55, 195, 112, 54, 127, 117, 88, 144,
       152, 177, 0, 255, 237, 39, 128, 160, 227, 71, 113, 60, 61, 120,
       234, 85, 189, 82, 120, 67, 44, 253, 15, 63, 91, 35, 144, 254, 184,
       151, 122, 142, 58, 24, 189, 243, 205, 33, 121, 115, 139, 110, 131,
       47, 163, 164, 33, 237, 89, 204, 157, 71, 253, 17, 237, 203, 44,
       223, 174, 205, 3, 247, 149, 158, 56, 79, 208, 12, 86, 253, 245,
       223, 142, 222, 221, 46, 112, 242, 206, 109, 93, 246, 200, 91, 174,
       253, 11, 74, 220, 95, 132, 253, 221, 211, 227, 196, 55, 250, 234,
       55, 92, 7, 47, 71, 127, 126, 199, 39, 132, 173, 137, 172, 39, 205,
       187, 78, 123, 157, 71, 208, 121, 222, 43, 89, 0, 63, 45, 155, 96,
       223, 145, 76, 26, 237, 252, 157, 236, 208, 96, 46, 124, 178, 138,
       125, 255, 178, 200, 31, 173, 253, 11, 205, 220, 111, 132, 249,
       121, 131, 115, 6, 51, 122, 178, 191, 213, 143, 127, 211, 127, 127,
       215, 29, 133, 235, 227, 198, 106, 105, 148, 117, 65, 127, 146, 89,
       111, 152, 104, 122, 206, 55, 156, 153, 184, 37, 194, 78, 239, 182,
       192, 231, 194, 224, 224, 218, 18, 99, 140, 106, 54, 41, 91, 161,
       204, 214, 215, 25, 135, 246, 82, 110, 189, 255, 165, 137, 151,
       166, 194, 214, 113, 170, 136, 47, 132, 52, 249, 165, 43, 91, 211,
       236, 161, 239, 81, 200, 200, 217, 222, 157, 202, 220, 42, 238,
       169, 95, 31, 209, 246, 230, 224, 94, 152, 174, 200, 141, 203, 243,
       177, 146, 197, 98, 158, 86, 208, 188, 101, 181, 68, 90, 163, 105,
       206, 190, 68, 122, 171, 151, 229, 116, 155, 6, 207, 50, 36, 186,
       131, 53, 142, 189, 204, 88, 133, 85, 175, 134, 74, 111, 41, 52,
       38, 235, 18, 215, 99, 24, 83, 114, 198, 44, 170, 120, 176, 89, 15,
       244, 230, 226, 4, 37, 234, 244, 34, 150, 91, 106, 188, 197, 166,
       190, 70, 149, 196, 214, 135, 41, 239, 51, 72, 238, 235, 179, 199,
       196, 155, 22, 238, 115, 117, 202, 139, 31, 125, 53, 210, 0, 13,
       42, 187, 20, 227, 187, 98, 94, 1, 89, 3, 113, 200, 49, 64, 216,
       58, 19, 145, 34, 186, 88, 63, 101, 7, 170, 9, 149, 75, 49, 138,
       59, 50, 229, 229, 49, 86, 89, 27, 49, 236, 214, 164, 57, 31, 211,
       247, 150, 60, 181, 188, 205, 216, 241, 140, 203, 217, 173, 130,
       46, 164, 126, 125, 2, 204, 15, 190, 25, 132, 104, 230, 158, 0,
       192, 3, 188, 183, 48, 65, 232, 123, 59, 197, 106, 143, 18, 255,
       161, 182, 218, 8, 16, 16, 33, 138, 3, 253, 187, 186, 190, 165,
       155, 222, 142, 81, 28, 175, 188, 220, 245, 40, 143, 123, 147, 21,
       151, 43, 58, 247, 234, 85, 29, 250, 220, 223, 133, 255, 163, 182,
       233, 199, 102, 35, 239, 112, 80, 234, 93, 254, 241, 100, 222, 36,
       95, 238, 23, 143, 217, 190, 236, 234, 12, 14, 251, 160, 45, 235,
       82, 245, 23, 95, 233, 203, 182, 50, 207, 223, 70, 232, 221, 230,
       17, 4, 181, 96, 127, 136, 31, 189, 203, 146, 109, 30, 120, 13,
       175, 132, 189, 242, 112, 249, 129, 130, 123, 89, 52, 205, 233, 19,
       126, 13, 118, 80, 177, 129, 148, 104, 67, 40, 34, 24, 179, 188,
       101, 85, 77, 190, 50, 64, 208, 136, 197, 169, 64, 156, 190, 151,
       236, 228, 189, 231, 62, 55, 222, 19, 244, 247, 106, 74, 239, 95,
       59, 145, 50, 220, 251, 99, 221, 38, 255, 64, 132, 72, 165, 250,
       154, 191, 120, 65, 242, 155, 191, 255, 59, 164, 60, 175, 45, 44,
       215, 20, 55, 59, 199, 28, 246, 184, 36, 254, 126, 93, 53, 227,
       111, 212, 143, 221, 42, 172, 169, 184, 221, 229, 144, 231, 158,
       95, 216, 25, 160, 253, 118, 128, 201, 58, 211, 17, 58, 107, 218,
       183, 13, 87, 156, 123, 208, 76, 214, 250, 200, 116, 23, 183, 49,
       238, 105, 60, 57, 250, 67, 88, 255, 87, 9, 255, 181, 223, 253, 34,
       107, 212, 153, 125, 197, 243, 83, 0, 34, 23, 39, 96, 143, 204,
       108, 179, 197, 245, 253, 167, 223, 87, 87, 19, 232, 124, 62, 41,
       171, 99, 179, 131, 246, 252, 62, 247, 111, 91, 223, 195, 213, 92,
       213, 230, 80, 184, 191, 254, 139, 205, 21, 103, 187, 95, 164, 24,
       190, 191, 36, 120, 163, 51, 217, 16, 34, 79, 178, 99, 251, 247,
       94, 11, 192, 64, 167, 123, 148, 21, 62, 171, 188, 63, 146, 232,
       22, 172, 215, 19, 215, 94, 43, 193, 248, 221, 207, 115, 60, 177,
       89, 158, 251, 199, 175, 85, 48, 43, 61, 147, 247, 91, 255, 36,
       162, 74, 59, 48, 41, 236, 182, 237, 87, 38, 199, 55, 22, 245, 124,
       118, 141, 209, 181, 8, 152, 251, 103, 196, 236, 183, 34, 117, 242,
       48, 129, 164, 107, 73, 144, 107, 139, 248, 176, 191, 12, 156, 70,
       150, 237, 149, 223, 149, 77, 111, 226, 216, 27, 16, 25, 191, 79,
