%YAML:1.0
---
descriptors: !!opencv-matrix
   rows: 175
   cols: 32
   dt: u
   data: [ 152, 94, 62, 188, 44, 133, 156, 246, 148, 14, 214, 183, 63,
       253, 51, 1, 175, 177, 215, 135, 236, 175, 18, 191, 243, 199, 250,
       137, 85, 184, 45, 219, 119, 199, 192, 134, 222, 3, 198, 248, 81,
       226, 157, 239, 97, 104, 191, 134, 121, 196, 19, 239, 237, 35, 13,
       174, 58, 14, 133, 188, 191, 255, 120, 132, 188, 29, 250, 237, 224,
       98, 91, 88, 57, 142, 125, 32, 95, 119, 161, 90, 82, 252, 5, 122,
       48, 144, 168, 74, 195, 255, 35, 1, 178, 227, 100, 227, 122, 212,
       121, 234, 175, 113, 221, 238, 15, 118, 188, 43, 10, 125, 63, 112,
       239, 147, 191, 193, 78, 43, 42, 211, 179, 255, 148, 191, 247, 222,
       4, 111, 132, 150, 254, 81, 174, 42, 177, 183, 254, 63, 23, 244,
       196, 50, 238, 79, 135, 22, 239, 17, 176, 237, 15, 86, 76, 18, 127,
       198, 204, 160, 157, 181, 140, 220, 255, 123, 195, 236, 117, 214,
       182, 83, 103, 22, 28, 223, 105, 105, 175, 91, 51, 146, 35, 244,
       58, 114, 71, 139, 118, 71, 251, 209, 229, 243, 11, 93, 107, 141,
       54, 86, 175, 189, 12, 76, 94, 230, 253, 110, 183, 228, 118, 125,
       151, 239, 197, 144, 53, 237, 164, 45, 174, 128, 62, 190, 177, 253,
       7, 190, 167, 155, 245, 188, 169, 151, 255, 89, 83, 212, 188, 238,
       220, 108, 197, 11, 55, 157, 183, 220, 110, 243, 13, 62, 158, 194,
       158, 133, 177, 245, 92, 56, 186, 229, 34, 110, 123, 16, 40, 168,
       191, 32, 223, 55, 67, 114, 182, 117, 125, 122, 0, 144, 177, 64,
       203, 239, 39, 144, 160, 243, 7, 51, 73, 250, 239, 223, 110, 152,
       253, 156, 246, 223, 214, 230, 249, 239, 221, 98, 103, 127, 127,
       141, 131, 209, 175, 241, 110, 111, 191, 128, 175, 246, 113, 249,
       136, 73, 157, 233, 72, 193, 33, 210, 134, 24, 76, 96, 180, 151,
       97, 198, 72, 56, 59, 216, 3, 28, 67, 113, 69, 128, 170, 64, 18,
       137, 37, 169, 19, 95, 230, 132, 215, 22, 188, 247, 173, 224, 222,
       231, 8, 174, 183, 167, 110, 231, 183, 237, 197, 155, 20, 200, 62,
       89, 207, 135, 47, 244, 185, 221, 35, 13, 98, 95, 85, 213, 178,
       224, 94, 68, 108, 2, 40, 248, 55, 36, 216, 122, 146, 67, 182, 186,
       126, 255, 39, 28, 2, 43, 85, 15, 116, 206, 14, 95, 102, 154, 111,
       162, 191, 98, 173, 204, 218, 167, 44, 206, 55, 197, 238, 185, 183,
       199, 196, 139, 22, 236, 48, 48, 202, 203, 23, 55, 53, 211, 192,
       36, 217, 177, 194, 169, 172, 79, 62, 19, 250, 211, 157, 131, 64,
       88, 111, 155, 79, 145, 18, 30, 210, 194, 213, 148, 190, 172, 132,
       80, 163, 186, 30, 212, 120, 234, 37, 29, 254, 252, 29, 74, 182,
       167, 239, 93, 191, 4, 191, 209, 223, 110, 234, 37, 59, 243, 243,
       223, 37, 151, 127, 222, 68, 91, 70, 156, 191, 183, 170, 102, 189,
       167, 62, 223, 218, 51, 212, 190, 46, 75, 231, 87, 59, 145, 48,
       217, 147, 224, 221, 54, 222, 198, 128, 88, 165, 251, 197, 185,
       169, 89, 237, 172, 189, 155, 234, 127, 4, 28, 144, 187, 86, 58,
       129, 78, 121, 29, 146, 104, 250, 113, 79, 25, 255, 252, 144, 97,
       211, 227, 248, 252, 188, 182, 174, 29, 29, 254, 131, 247, 150, 63,
       255, 61, 66, 34, 143, 215, 253, 5, 189, 111, 251, 163, 251, 195,
       93, 51, 172, 120, 157, 91, 154, 92, 154, 190, 39, 181, 92, 86,
       149, 14, 220, 23, 63, 255, 35, 137, 237, 249, 183, 133, 44, 135,
       18, 187, 211, 231, 250, 137, 187, 124, 45, 91, 35, 204, 32, 159,
       21, 223, 170, 230, 94, 69, 88, 3, 168, 200, 55, 164, 217, 42, 147,
       71, 198, 184, 124, 191, 37, 30, 136, 35, 87, 15, 88, 206, 95, 50,
       228, 229, 63, 86, 89, 25, 49, 204, 84, 165, 121, 95, 211, 183,
       150, 52, 149, 188, 201, 192, 181, 136, 75, 219, 173, 129, 38, 164,
       126, 117, 2, 200, 14, 221, 81, 132, 62, 230, 159, 0, 64, 2, 172,
       254, 36, 65, 236, 123, 59, 192, 98, 136, 18, 255, 37, 54, 154, 11,
       16, 16, 33, 142, 141, 95, 157, 191, 186, 118, 135, 191, 26, 254,
       125, 245, 254, 118, 131, 223, 23, 119, 172, 103, 245, 232, 123,
       255, 236, 163, 111, 148, 223, 247, 141, 113, 66, 184, 149, 151,
       186, 204, 169, 175, 191, 249, 154, 80, 188, 247, 64, 118, 167,
       247, 127, 153, 83, 88, 187, 241, 157, 54, 223, 226, 128, 0, 167,
       121, 159, 89, 126, 237, 55, 86, 191, 180, 29, 204, 86, 163, 253,
       63, 183, 101, 118, 117, 159, 239, 228, 145, 53, 238, 119, 121,
       238, 129, 55, 189, 53, 127, 116, 236, 185, 160, 57, 79, 87, 168,
       59, 182, 168, 9, 199, 51, 65, 16, 153, 221, 109, 98, 106, 98, 219,
       61, 185, 211, 69, 62, 112, 59, 70, 98, 245, 180, 189, 251, 140,
       111, 85, 190, 148, 179, 165, 24, 215, 117, 73, 123, 193, 86, 121,
       58, 121, 101, 219, 34, 233, 235, 117, 124, 208, 121, 208, 50, 65,
       248, 191, 212, 141, 221, 113, 150, 234, 250, 134, 12, 150, 153,
       82, 59, 129, 118, 120, 25, 195, 109, 243, 0, 203, 251, 87, 122, 8,
       24, 83, 123, 3, 91, 10, 189, 50, 130, 62, 198, 190, 64, 90, 231,
       172, 138, 51, 64, 238, 107, 179, 197, 198, 152, 6, 253, 228, 39,
       186, 137, 28, 20, 57, 223, 53, 13, 107, 250, 22, 163, 203, 98,
       214, 1, 217, 2, 113, 233, 49, 96, 90, 170, 19, 153, 42, 187, 92,
       63, 241, 173, 170, 64, 181, 203, 112, 160, 124, 252, 17, 250, 11,
       205, 87, 195, 187, 22, 165, 9, 175, 223, 96, 49, 137, 185, 213, 2,
       74, 15, 250, 179, 243, 213, 21, 59, 114, 112, 134, 178, 221, 252,
       149, 177, 162, 122, 20, 158, 51, 115, 6, 56, 223, 119, 73, 255,
       167, 87, 253, 49, 127, 68, 187, 146, 171, 243, 127, 230, 174, 240,
       131, 115, 253, 12, 210, 164, 229, 38, 103, 96, 113, 134, 251, 71,
       75, 106, 39, 221, 248, 236, 166, 230, 40, 243, 145, 234, 176, 254,
       199, 2, 239, 255, 120, 4, 99, 176, 129, 144, 239, 85, 144, 79,
       139, 250, 144, 127, 12, 220, 78, 175, 205, 145, 211, 177, 199,
       103, 242, 209, 25, 88, 221, 254, 223, 108, 19, 215, 26, 28, 146,
       190, 31, 244, 88, 86, 149, 75, 220, 19, 47, 255, 35, 200, 237,
       251, 183, 129, 44, 143, 18, 234, 211, 247, 218, 139, 186, 124, 41,
       91, 2, 159, 238, 133, 67, 210, 184, 103, 173, 229, 94, 183, 44,
       174, 54, 66, 230, 183, 179, 133, 212, 153, 132, 206, 22, 117, 218,
       131, 5, 68, 45, 223, 119, 254, 142, 190, 30, 147, 158, 236, 146,
       174, 152, 239, 97, 232, 183, 128, 217, 111, 53, 231, 238, 207,
       142, 191, 184, 103, 175, 189, 29, 63, 121, 89, 158, 28, 214, 252,
       241, 182, 88, 82, 181, 142, 238, 21, 47, 231, 35, 221, 230, 251,
       151, 16, 56, 139, 16, 238, 219, 255, 82, 195, 178, 237, 108, 83,
       2, 29, 47, 156, 195, 196, 188, 103, 189, 198, 202, 135, 172, 238,
       55, 65, 236, 59, 187, 133, 68, 155, 18, 200, 53, 48, 206, 11, 21,
       116, 53, 222, 123, 49, 244, 229, 37, 22, 88, 59, 105, 236, 126,
       165, 11, 31, 214, 55, 150, 149, 181, 180, 204, 216, 241, 204, 195,
       219, 240, 147, 39, 164, 118, 127, 2, 77, 31, 188, 195, 132, 188,
       71, 172, 130, 202, 131, 188, 222, 33, 65, 228, 123, 187, 193, 64,
       155, 18, 236, 53, 48, 202, 10, 16, 112, 37, 154, 130, 197, 20,
       154, 93, 197, 156, 175, 158, 17, 200, 17, 172, 154, 44, 64, 201,
       27, 59, 128, 114, 11, 83, 247, 173, 54, 158, 107, 16, 8, 181, 138,
       67, 184, 149, 221, 120, 204, 41, 135, 190, 29, 74, 80, 180, 246,
       192, 118, 39, 127, 122, 152, 19, 88, 251, 119, 141, 182, 159, 236,
       0, 0, 135, 249, 33, 191, 153, 237, 126, 135, 170, 117, 6, 169,
       216, 98, 245, 59, 208, 32, 254, 255, 87, 253, 153, 154, 193, 253,
       252, 141, 175, 168, 45, 10, 179, 169, 39, 13, 34, 95, 85, 247,
       178, 64, 94, 64, 125, 2, 232, 216, 55, 164, 216, 42, 146, 3, 135,
       176, 60, 255, 39, 62, 3, 3, 87, 127, 121, 198, 61, 93, 107, 238,
       246, 195, 223, 245, 213, 72, 252, 226, 115, 253, 181, 96, 126,
       250, 23, 238, 233, 187, 108, 191, 114, 237, 167, 136, 127, 186,
       240, 241, 98, 176, 233, 225, 244, 173, 250, 19, 47, 73, 250, 239,
       250, 253, 20, 56, 255, 183, 127, 145, 155, 186, 211, 243, 93, 62,
