%YAML:1.0
---
descriptors: !!opencv-matrix
   rows: 231
   cols: 32
   dt: u
   data: [ 26, 191, 97, 165, 54, 67, 159, 251, 6, 236, 24, 231, 189, 45,
       144, 4, 94, 123, 159, 199, 211, 136, 73, 191, 236, 196, 175, 178,
       54, 238, 21, 249, 196, 61, 59, 74, 137, 228, 39, 3, 236, 87, 207,
       16, 156, 151, 107, 123, 32, 19, 123, 154, 19, 5, 184, 66, 213, 32,
       138, 8, 128, 67, 167, 98, 149, 148, 189, 255, 188, 118, 222, 189,
       30, 83, 219, 22, 247, 126, 56, 107, 223, 87, 63, 175, 189, 229,
       123, 191, 239, 251, 238, 20, 156, 123, 241, 114, 71, 115, 108,
       132, 234, 2, 191, 189, 40, 252, 150, 239, 213, 110, 219, 83, 54,
       197, 125, 231, 197, 67, 175, 72, 120, 32, 239, 188, 13, 182, 187,
       89, 118, 63, 18, 168, 187, 243, 22, 232, 191, 204, 248, 237, 76,
       238, 47, 212, 223, 249, 206, 243, 29, 3, 138, 254, 184, 212, 15,
       255, 152, 119, 47, 87, 169, 37, 57, 200, 237, 253, 149, 79, 207,
       248, 188, 8, 154, 156, 119, 38, 201, 56, 218, 24, 71, 43, 242,
       144, 223, 217, 5, 63, 82, 78, 79, 238, 45, 119, 225, 13, 76, 123,
       167, 250, 100, 230, 126, 231, 209, 108, 151, 164, 124, 76, 226,
       111, 197, 176, 245, 10, 36, 37, 231, 132, 111, 255, 92, 252, 129,
       188, 57, 113, 225, 237, 113, 23, 122, 91, 102, 28, 182, 17, 0, 56,
       133, 58, 92, 24, 19, 60, 243, 19, 199, 221, 48, 96, 200, 64, 195,
       186, 170, 186, 174, 58, 237, 253, 208, 71, 199, 95, 245, 29, 130,
       204, 118, 139, 205, 171, 231, 149, 158, 111, 242, 145, 211, 209,
       209, 123, 208, 12, 222, 222, 199, 70, 165, 135, 172, 58, 78, 168,
       233, 170, 155, 242, 239, 104, 221, 239, 231, 197, 125, 239, 172,
       69, 237, 234, 184, 126, 239, 148, 132, 247, 81, 13, 84, 201, 159,
       182, 140, 70, 95, 184, 162, 148, 139, 1, 247, 231, 73, 82, 115,
       247, 109, 242, 88, 65, 155, 98, 249, 231, 239, 92, 160, 115, 165,
       34, 216, 222, 150, 188, 58, 168, 7, 182, 182, 2, 198, 228, 255,
       243, 129, 212, 39, 102, 108, 72, 107, 205, 195, 63, 160, 231, 62,
       18, 42, 81, 9, 41, 132, 149, 127, 115, 164, 234, 113, 176, 172,
       93, 119, 245, 215, 29, 152, 89, 38, 22, 127, 75, 177, 176, 113,
       37, 197, 187, 114, 192, 76, 129, 213, 115, 5, 66, 205, 5, 132, 11,
       99, 136, 118, 32, 107, 194, 211, 97, 137, 64, 50, 68, 42, 126, 0,
       176, 79, 32, 228, 166, 37, 68, 232, 187, 65, 0, 177, 13, 12, 229,
       140, 23, 204, 103, 4, 162, 138, 2, 183, 50, 49, 227, 200, 38, 56,
       173, 109, 139, 81, 30, 185, 207, 207, 16, 25, 104, 185, 136, 60,
       166, 51, 178, 223, 235, 150, 199, 219, 255, 185, 58, 14, 156, 104,
       156, 187, 27, 206, 19, 50, 119, 8, 210, 249, 212, 21, 119, 211,
       79, 135, 163, 220, 223, 190, 190, 182, 108, 95, 180, 188, 78, 159,
       245, 255, 127, 171, 107, 247, 119, 157, 99, 253, 5, 41, 46, 251,
       231, 111, 145, 180, 115, 173, 83, 68, 209, 229, 87, 228, 204, 109,
       181, 237, 91, 115, 84, 211, 117, 152, 111, 64, 246, 127, 75, 209,
       180, 243, 97, 101, 58, 242, 192, 204, 145, 212, 113, 109, 105,
       165, 71, 28, 15, 195, 184, 66, 244, 161, 76, 210, 104, 219, 50,
       24, 196, 104, 123, 201, 114, 253, 56, 108, 158, 69, 52, 89, 59,
       82, 36, 86, 237, 168, 174, 188, 69, 95, 248, 54, 236, 140, 139,
       247, 239, 91, 64, 215, 223, 125, 247, 202, 67, 251, 63, 249, 229,
       175, 253, 52, 179, 55, 114, 0, 159, 181, 95, 246, 47, 163, 59, 95,
       178, 41, 66, 246, 253, 100, 102, 157, 122, 34, 48, 227, 120, 123,
       159, 13, 158, 69, 102, 80, 234, 69, 189, 212, 165, 143, 145, 138,
       34, 172, 143, 186, 179, 130, 147, 196, 34, 72, 75, 97, 71, 105,
       176, 48, 201, 151, 64, 29, 34, 223, 69, 128, 113, 161, 2, 76, 20,
       191, 245, 170, 102, 61, 27, 174, 223, 159, 119, 220, 255, 96, 107,
       231, 87, 127, 144, 17, 193, 179, 192, 223, 191, 127, 214, 136, 96,
       165, 115, 60, 4, 249, 229, 180, 111, 127, 152, 125, 166, 126, 8,
       255, 119, 9, 112, 55, 222, 22, 42, 73, 176, 121, 42, 231, 253, 33,
       20, 114, 251, 71, 226, 5, 221, 138, 158, 214, 167, 62, 220, 30,
       195, 79, 215, 116, 227, 59, 72, 117, 238, 59, 223, 183, 211, 31,
       127, 252, 39, 255, 77, 152, 251, 185, 24, 145, 100, 106, 249, 182,
       183, 255, 87, 60, 14, 222, 19, 61, 14, 182, 105, 127, 187, 31,
       175, 254, 183, 37, 222, 243, 207, 186, 128, 53, 217, 161, 225,
       252, 60, 121, 114, 133, 125, 215, 202, 89, 102, 181, 24, 62, 29,
       13, 61, 155, 210, 221, 42, 171, 103, 121, 255, 243, 223, 17, 63,
       115, 121, 70, 114, 56, 18, 42, 188, 109, 119, 85, 75, 149, 78,
       244, 45, 78, 236, 39, 25, 216, 185, 135, 33, 12, 163, 50, 156,
       211, 243, 64, 27, 83, 124, 254, 211, 203, 72, 130, 222, 205, 212,
       188, 103, 197, 18, 228, 16, 168, 218, 55, 254, 201, 235, 170, 134,
       94, 47, 178, 225, 19, 251, 218, 11, 26, 92, 169, 142, 48, 164,
       150, 168, 153, 79, 80, 111, 151, 163, 160, 25, 198, 233, 40, 149,
       217, 157, 202, 32, 60, 103, 90, 158, 153, 214, 81, 127, 248, 104,
       142, 2, 102, 237, 145, 132, 236, 33, 134, 204, 138, 162, 152, 107,
       84, 242, 73, 2, 219, 221, 106, 115, 64, 35, 202, 242, 184, 4, 143,
       62, 221, 123, 163, 162, 167, 229, 133, 158, 237, 125, 134, 236,
       222, 210, 249, 90, 240, 252, 125, 171, 217, 75, 122, 111, 119,
       103, 251, 51, 45, 30, 79, 62, 208, 127, 240, 164, 40, 188, 58,
       120, 121, 221, 113, 247, 175, 77, 124, 9, 190, 191, 34, 176, 133,
       59, 215, 0, 83, 59, 50, 253, 255, 223, 20, 107, 82, 0, 143, 219,
       224, 225, 188, 234, 141, 205, 81, 140, 142, 61, 169, 25, 150, 217,
       72, 18, 201, 18, 105, 81, 26, 107, 219, 53, 201, 153, 145, 124,
       80, 11, 212, 98, 4, 216, 191, 221, 228, 200, 229, 158, 174, 93,
       126, 96, 180, 247, 233, 122, 7, 90, 127, 88, 131, 164, 178, 97,
       69, 189, 118, 132, 196, 208, 197, 241, 12, 57, 255, 215, 244, 236,
       115, 148, 168, 93, 126, 32, 243, 119, 137, 122, 6, 118, 119, 88,
       147, 248, 115, 44, 79, 191, 116, 192, 194, 201, 70, 251, 204, 181,
       187, 202, 169, 240, 55, 97, 236, 87, 141, 48, 220, 247, 234, 242,
       97, 19, 219, 186, 50, 3, 186, 66, 217, 37, 170, 125, 146, 102,
       167, 114, 79, 255, 230, 30, 186, 18, 175, 188, 178, 158, 157, 231,
       233, 230, 255, 207, 127, 231, 175, 239, 230, 67, 142, 255, 40,
       102, 239, 140, 175, 247, 171, 85, 183, 70, 107, 110, 78, 31, 223,
       120, 81, 230, 245, 203, 91, 77, 191, 49, 62, 213, 87, 239, 232,
       167, 61, 14, 243, 233, 97, 156, 117, 187, 118, 96, 11, 125, 171,
       141, 95, 127, 167, 242, 84, 228, 222, 167, 144, 44, 151, 228, 124,
       236, 250, 237, 133, 186, 245, 202, 54, 37, 139, 132, 79, 253, 61,
       252, 87, 183, 23, 168, 186, 22, 30, 232, 175, 236, 153, 229, 76,
       246, 170, 209, 254, 213, 207, 231, 253, 3, 186, 252, 184, 48, 15,
       255, 24, 39, 47, 87, 71, 191, 134, 156, 184, 135, 79, 187, 159,
       252, 218, 237, 233, 226, 255, 212, 95, 239, 125, 239, 237, 211,
       223, 221, 168, 62, 239, 188, 30, 246, 57, 93, 246, 237, 145, 148,
       222, 1, 134, 238, 26, 162, 168, 10, 70, 226, 97, 16, 217, 207, 66,
       115, 120, 107, 200, 106, 185, 134, 15, 62, 209, 120, 131, 136,
       222, 32, 156, 180, 137, 100, 17, 3, 186, 183, 135, 25, 206, 231,
       67, 91, 129, 247, 233, 144, 60, 69, 219, 64, 219, 243, 95, 31,
       128, 97, 47, 66, 54, 142, 192, 187, 156, 163, 136, 203, 22, 39,
       201, 147, 65, 235, 56, 72, 89, 154, 3, 145, 58, 222, 79, 183, 29,
       6, 155, 101, 181, 73, 180, 130, 45, 87, 23, 71, 69, 62, 108, 248,
       117, 250, 115, 68, 91, 114, 157, 189, 60, 196, 54, 110, 229, 240,
       61, 44, 5, 234, 101, 4, 107, 251, 66, 165, 120, 188, 62, 120, 137,
       253, 80, 103, 255, 63, 164, 25, 187, 154, 70, 57, 137, 179, 236,
       0, 62, 111, 242, 55, 211, 223, 80, 123, 80, 8, 206, 10, 165, 44,
       146, 85, 197, 172, 224, 198, 123, 155, 96, 24, 28, 248, 117, 185,
       177, 110, 34, 24, 39, 118, 154, 98, 29, 186, 87, 46, 200, 113, 75,
