%YAML:1.0
---
descriptors: !!opencv-matrix
   rows: 105
   cols: 32
   dt: u
   data: [ 129, 164, 189, 251, 236, 45, 236, 159, 95, 59, 49, 120, 157,
       249, 220, 107, 207, 27, 127, 28, 178, 124, 203, 211, 206, 154,
       247, 244, 220, 200, 193, 169, 225, 158, 60, 89, 57, 205, 145, 190,
       222, 25, 48, 120, 174, 176, 6, 113, 133, 19, 238, 0, 166, 40, 67,
       119, 237, 158, 112, 59, 80, 8, 137, 15, 74, 145, 150, 158, 139,
       212, 176, 37, 175, 17, 75, 48, 236, 246, 44, 198, 166, 51, 251,
       144, 22, 9, 146, 245, 155, 240, 90, 75, 130, 6, 173, 31, 254, 72,
       255, 244, 46, 10, 125, 148, 185, 146, 182, 186, 95, 127, 133, 123,
       102, 245, 125, 238, 104, 199, 235, 200, 211, 251, 231, 148, 39,
       241, 98, 33, 134, 62, 239, 181, 226, 104, 185, 66, 184, 215, 90,
       179, 21, 174, 85, 11, 39, 127, 51, 145, 48, 221, 134, 66, 93, 38,
       126, 129, 197, 97, 39, 242, 214, 237, 150, 151, 149, 192, 166,
       132, 59, 51, 195, 19, 228, 226, 76, 78, 225, 207, 42, 211, 126,
       220, 203, 227, 189, 54, 222, 67, 128, 83, 185, 14, 124, 245, 185,
       238, 169, 79, 95, 188, 59, 250, 189, 12, 223, 127, 73, 50, 149,
       221, 253, 98, 203, 67, 251, 187, 251, 223, 101, 190, 114, 243,
       198, 115, 114, 71, 197, 212, 84, 2, 206, 168, 19, 162, 179, 202,
       81, 104, 157, 1, 91, 197, 117, 237, 169, 227, 77, 223, 56, 46,
       237, 148, 181, 235, 114, 0, 81, 101, 25, 239, 48, 15, 111, 188,
       125, 8, 122, 72, 247, 51, 129, 116, 178, 221, 108, 106, 73, 240,
       233, 110, 165, 254, 39, 16, 0, 178, 131, 41, 3, 175, 5, 185, 248,
       137, 173, 191, 30, 25, 88, 245, 181, 163, 240, 64, 79, 11, 55, 29,
       178, 88, 67, 247, 108, 22, 190, 232, 156, 136, 129, 153, 198, 148,
       156, 149, 203, 126, 165, 143, 254, 183, 11, 48, 204, 114, 78, 207,
       163, 71, 234, 145, 51, 220, 171, 194, 13, 54, 95, 71, 136, 112,
       129, 167, 63, 44, 242, 97, 119, 187, 250, 70, 105, 160, 122, 139,
       43, 189, 85, 60, 62, 251, 23, 157, 142, 178, 68, 234, 235, 221, 5,
       35, 231, 223, 82, 142, 198, 169, 16, 190, 223, 129, 238, 168, 187,
       176, 128, 10, 236, 234, 92, 199, 179, 235, 123, 211, 118, 70, 202,
       255, 189, 18, 207, 127, 20, 35, 27, 6, 54, 230, 196, 239, 28, 3,
       202, 168, 87, 176, 249, 202, 99, 105, 93, 2, 89, 204, 117, 243,
       234, 242, 207, 159, 168, 250, 197, 180, 125, 251, 80, 0, 144, 226,
       235, 161, 86, 66, 169, 196, 50, 197, 82, 179, 81, 143, 218, 64,
       123, 205, 1, 245, 66, 214, 165, 6, 124, 36, 191, 196, 165, 144,
       183, 232, 134, 4, 214, 254, 255, 171, 154, 200, 159, 130, 240, 9,
       207, 235, 37, 201, 147, 123, 111, 50, 52, 103, 10, 254, 139, 246,
       83, 127, 212, 105, 9, 131, 124, 245, 189, 228, 189, 15, 95, 184,
       59, 184, 188, 104, 223, 127, 73, 48, 149, 221, 125, 106, 201, 99,
       217, 26, 251, 223, 37, 188, 66, 241, 194, 51, 61, 117, 61, 238,
       61, 79, 86, 248, 111, 232, 249, 72, 223, 125, 9, 176, 220, 213,
       125, 98, 233, 35, 89, 190, 251, 223, 37, 62, 90, 59, 66, 51, 118,
       164, 218, 180, 237, 57, 88, 202, 187, 179, 186, 25, 143, 170, 71,
       26, 235, 207, 111, 17, 62, 99, 202, 194, 158, 246, 215, 63, 193,
       108, 74, 6, 48, 221, 119, 236, 21, 66, 86, 232, 197, 4, 234, 35,
       99, 121, 32, 69, 248, 246, 76, 227, 104, 171, 25, 173, 179, 224,
       131, 19, 115, 59, 244, 6, 129, 166, 157, 187, 236, 173, 169, 159,
       30, 59, 93, 112, 180, 167, 200, 104, 197, 26, 50, 28, 51, 124, 75,
       147, 204, 151, 126, 236, 152, 200, 129, 169, 92, 217, 157, 183, 8,
       70, 19, 168, 166, 189, 131, 33, 247, 119, 8, 90, 225, 119, 109,
       194, 88, 201, 171, 41, 201, 231, 255, 213, 160, 50, 37, 107, 1,
       207, 68, 217, 186, 153, 44, 191, 62, 17, 124, 244, 169, 162, 128,
       228, 71, 10, 38, 140, 247, 216, 71, 119, 44, 166, 190, 224, 62,
       128, 137, 157, 222, 177, 18, 186, 155, 212, 18, 73, 191, 29, 167,
       17, 238, 222, 110, 212, 182, 147, 237, 80, 54, 7, 154, 243, 155,
       245, 10, 123, 18, 7, 175, 7, 250, 72, 222, 254, 110, 10, 124, 48,
       185, 146, 178, 154, 127, 107, 21, 91, 106, 245, 125, 234, 104, 71,
       211, 232, 211, 251, 199, 144, 39, 241, 98, 8, 137, 160, 208, 187,
       139, 121, 52, 143, 86, 115, 68, 24, 141, 51, 74, 239, 3, 10, 234,
       24, 55, 92, 255, 147, 143, 195, 86, 101, 178, 220, 137, 142, 28,
       93, 255, 229, 23, 206, 127, 116, 173, 192, 126, 6, 125, 255, 49,
       100, 118, 117, 191, 234, 193, 145, 49, 236, 243, 239, 207, 128,
       39, 242, 37, 249, 26, 28, 50, 248, 243, 209, 148, 231, 185, 3,
       240, 59, 44, 190, 37, 189, 235, 187, 159, 129, 52, 171, 0, 234,
       179, 214, 94, 59, 146, 84, 175, 31, 6, 172, 180, 23, 209, 232, 62,
       167, 251, 151, 66, 17, 236, 106, 76, 79, 131, 119, 160, 19, 54,
       220, 219, 99, 45, 54, 93, 71, 128, 117, 133, 142, 198, 96, 219,
       69, 224, 106, 232, 66, 235, 242, 178, 88, 158, 190, 85, 58, 171,
       253, 124, 185, 1, 245, 132, 64, 157, 152, 87, 52, 197, 113, 75,
       160, 121, 223, 126, 108, 56, 26, 79, 61, 97, 204, 190, 172, 123,
       101, 146, 118, 54, 228, 236, 110, 217, 171, 237, 13, 242, 255, 36,
       144, 107, 166, 234, 117, 58, 160, 232, 88, 173, 249, 81, 203, 207,
       87, 164, 25, 42, 204, 126, 63, 195, 10, 175, 20, 30, 111, 254,
       209, 219, 89, 81, 127, 210, 76, 220, 86, 3, 178, 17, 153, 252,
       141, 169, 255, 158, 121, 92, 84, 188, 131, 248, 196, 135, 11, 51,
       29, 179, 88, 82, 247, 44, 30, 62, 236, 152, 136, 137, 185, 244,
       82, 218, 172, 104, 2, 87, 120, 32, 138, 227, 105, 87, 215, 9, 91,
       244, 212, 109, 226, 232, 199, 201, 8, 240, 227, 231, 157, 32, 179,
       118, 3, 73, 64, 189, 221, 109, 108, 177, 142, 250, 27, 118, 48,
       188, 183, 233, 107, 227, 87, 106, 8, 33, 69, 179, 225, 69, 187,
       122, 40, 144, 113, 101, 171, 68, 160, 157, 35, 160, 107, 120, 25,
       58, 177, 35, 25, 223, 3, 72, 26, 147, 13, 108, 48, 18, 80, 217,
       64, 205, 215, 63, 117, 128, 66, 135, 3, 120, 168, 188, 122, 169,
       253, 17, 142, 171, 63, 164, 25, 174, 255, 66, 27, 131, 115, 233,
       16, 50, 79, 218, 49, 219, 211, 85, 123, 210, 85, 143, 11, 72, 176,
       25, 59, 185, 141, 17, 143, 30, 61, 56, 57, 190, 31, 72, 16, 133,
       27, 238, 16, 2, 40, 75, 119, 205, 215, 52, 126, 80, 8, 135, 11,
       29, 71, 69, 71, 176, 42, 78, 184, 117, 170, 123, 228, 211, 97,
       153, 240, 22, 204, 36, 110, 169, 240, 109, 46, 234, 238, 101, 132,
       111, 243, 80, 1, 109, 99, 56, 69, 44, 31, 99, 56, 105, 232, 255,
       8, 223, 16, 151, 48, 152, 196, 76, 110, 201, 176, 237, 76, 199,
       153, 33, 52, 66, 171, 70, 33, 88, 60, 59, 244, 48, 237, 121, 119,
       185, 201, 246, 57, 191, 191, 2, 112, 167, 191, 253, 1, 56, 255,
       176, 143, 219, 255, 58, 146, 2, 128, 39, 123, 38, 49, 83, 92, 195,
       127, 100, 125, 57, 202, 101, 88, 94, 247, 160, 253, 54, 184, 210,
       40, 49, 18, 176, 95, 55, 158, 81, 42, 218, 240, 198, 181, 85, 99,
       58, 103, 48, 14, 111, 56, 109, 172, 255, 8, 223, 67, 136, 116, 18,
       220, 108, 106, 72, 176, 233, 76, 245, 253, 35, 20, 0, 179, 67, 33,
       121, 61, 153, 229, 184, 15, 92, 191, 59, 160, 170, 72, 159, 51,
       65, 48, 151, 93, 125, 56, 105, 91, 209, 30, 251, 223, 39, 52, 8,
       240, 11, 35, 53, 226, 196, 175, 204, 11, 70, 168, 23, 179, 185,
       238, 194, 96, 205, 18, 89, 204, 102, 114, 106, 98, 207, 147, 172,
       158, 229, 116, 253, 123, 80, 4, 125, 125, 25, 101, 184, 15, 84,
       187, 59, 168, 188, 72, 159, 59, 65, 48, 157, 221, 92, 104, 233,
       106, 209, 30, 227, 223, 37, 52, 72, 248, 74, 3, 149, 1, 205, 101,
       11, 111, 98, 40, 109, 160, 175, 10, 219, 51, 17, 114, 56, 196,
       104, 110, 25, 176, 253, 72, 159, 235, 65, 20, 225, 35, 66, 34, 40,
       177, 56, 107, 201, 77, 85, 173, 10, 53, 45, 25, 214, 63, 74, 16,
       153, 18, 193, 16, 90, 104, 91, 17, 239, 209, 21, 127, 208, 10,
       206, 98, 242, 72, 223, 255, 108, 40, 236, 0, 185, 146, 178, 90,
