%YAML:1.0
---
descriptors: !!opencv-matrix
   rows: 126
   cols: 32
   dt: u
   data: [ 73, 183, 248, 121, 186, 25, 61, 31, 126, 111, 206, 252, 157,
       183, 146, 244, 55, 30, 253, 156, 211, 73, 231, 83, 238, 127, 55,
       236, 46, 212, 139, 113, 95, 195, 233, 229, 54, 26, 126, 185, 97,
       224, 190, 203, 27, 79, 213, 116, 126, 212, 93, 252, 204, 33, 229,
       140, 255, 205, 165, 180, 103, 190, 84, 125, 196, 172, 148, 151,
       197, 232, 38, 131, 58, 179, 203, 18, 228, 226, 72, 74, 225, 206,
       42, 146, 50, 220, 219, 226, 157, 38, 223, 67, 128, 99, 185, 142,
       100, 142, 197, 158, 252, 3, 198, 232, 83, 179, 184, 202, 83, 104,
       221, 27, 89, 198, 70, 250, 120, 103, 73, 191, 184, 158, 229, 124,
       221, 250, 210, 0, 170, 204, 150, 252, 253, 171, 220, 238, 223,
       131, 248, 25, 238, 249, 37, 201, 195, 123, 111, 1, 116, 239, 66,
       191, 170, 254, 86, 27, 214, 252, 233, 137, 247, 229, 119, 220,
       254, 3, 222, 233, 91, 160, 208, 203, 93, 124, 20, 17, 62, 221, 53,
       231, 248, 247, 13, 223, 58, 42, 237, 150, 37, 166, 163, 1, 198,
       108, 244, 222, 46, 160, 186, 136, 154, 146, 16, 146, 236, 234, 93,
       10, 151, 119, 123, 211, 162, 101, 138, 243, 12, 62, 207, 190, 148,
       115, 1, 1, 120, 157, 63, 238, 153, 198, 87, 183, 132, 76, 174, 0,
       115, 119, 32, 112, 193, 178, 29, 104, 59, 139, 121, 63, 235, 239,
       164, 16, 176, 74, 228, 122, 246, 64, 214, 140, 77, 98, 182, 104,
       169, 134, 227, 11, 78, 250, 101, 223, 249, 213, 238, 227, 72, 103,
       219, 194, 145, 50, 203, 31, 1, 123, 126, 6, 25, 93, 255, 229, 246,
       78, 111, 182, 125, 202, 126, 226, 249, 63, 181, 101, 118, 253, 55,
       234, 225, 184, 37, 238, 230, 255, 230, 128, 47, 240, 225, 185,
       133, 164, 217, 177, 236, 43, 233, 27, 254, 179, 49, 88, 157, 235,
       216, 11, 43, 15, 110, 28, 51, 116, 207, 210, 204, 146, 119, 116,
       220, 201, 195, 160, 107, 18, 244, 83, 109, 156, 249, 17, 235, 121,
       119, 56, 152, 28, 214, 255, 134, 37, 183, 29, 151, 120, 226, 208,
       7, 59, 250, 194, 207, 132, 91, 237, 11, 95, 123, 229, 50, 222, 63,
       112, 45, 200, 94, 228, 189, 191, 163, 240, 182, 125, 159, 238,
       197, 152, 53, 238, 230, 253, 47, 130, 14, 162, 41, 121, 124, 105,
       82, 228, 121, 223, 86, 236, 169, 172, 184, 9, 79, 219, 35, 144,
       250, 253, 205, 98, 76, 35, 152, 172, 243, 221, 5, 63, 98, 55, 102,
       75, 74, 188, 188, 115, 137, 205, 17, 143, 187, 63, 164, 25, 174,
       183, 66, 27, 133, 83, 233, 16, 50, 77, 250, 115, 203, 211, 93,
       127, 210, 64, 143, 107, 13, 103, 198, 71, 58, 27, 110, 184, 118,
       170, 107, 228, 209, 227, 153, 244, 51, 108, 44, 110, 225, 208,
       239, 46, 38, 238, 101, 132, 46, 243, 72, 129, 208, 72, 223, 190,
       78, 10, 108, 164, 249, 146, 178, 90, 127, 34, 5, 91, 106, 229,
       108, 234, 105, 71, 195, 234, 180, 162, 254, 16, 45, 112, 99, 40,
       77, 52, 155, 225, 242, 46, 120, 27, 58, 179, 107, 80, 221, 51, 72,
       250, 183, 31, 124, 24, 19, 208, 153, 66, 207, 237, 119, 100, 136,
       224, 131, 33, 245, 237, 200, 234, 252, 33, 206, 204, 194, 218,
       184, 106, 83, 225, 249, 163, 89, 226, 94, 250, 123, 99, 202, 186,
       248, 136, 167, 60, 253, 251, 250, 0, 107, 120, 57, 250, 108, 141,
       216, 20, 43, 105, 149, 77, 190, 159, 144, 184, 206, 61, 127, 77,
       143, 79, 211, 241, 215, 121, 58, 250, 76, 133, 11, 153, 124, 253,
       25, 237, 185, 79, 86, 249, 55, 168, 184, 72, 255, 127, 64, 112,
       156, 255, 125, 98, 89, 115, 89, 62, 251, 223, 37, 52, 122, 232,
       194, 51, 54, 176, 183, 184, 249, 47, 152, 75, 159, 123, 241, 185,
       78, 191, 108, 29, 223, 157, 247, 21, 58, 91, 10, 208, 155, 94, 89,
       254, 210, 109, 163, 215, 101, 113, 25, 225, 52, 15, 99, 56, 109,
       232, 127, 72, 214, 82, 8, 116, 148, 197, 92, 110, 137, 176, 121,
       12, 165, 216, 35, 54, 64, 179, 67, 101, 250, 56, 163, 240, 139,
       252, 145, 87, 187, 127, 150, 63, 42, 189, 70, 46, 237, 183, 253,
       145, 186, 111, 242, 226, 219, 127, 216, 251, 227, 76, 150, 127,
       110, 50, 214, 245, 77, 88, 120, 16, 227, 149, 182, 15, 11, 139,
       87, 158, 42, 173, 239, 152, 12, 114, 210, 192, 87, 217, 195, 169,
       239, 164, 110, 210, 118, 32, 243, 229, 103, 10, 248, 64, 105, 161,
       178, 139, 15, 11, 85, 27, 174, 221, 125, 209, 8, 242, 197, 192,
       151, 216, 139, 130, 229, 161, 115, 14, 219, 80, 125, 236, 46, 22,
       93, 56, 137, 218, 84, 231, 253, 223, 151, 51, 150, 245, 181, 239,
       201, 196, 166, 217, 194, 251, 233, 142, 39, 164, 69, 115, 242, 71,
       103, 172, 157, 66, 70, 105, 229, 4, 242, 35, 99, 104, 52, 87, 248,
       244, 108, 227, 108, 163, 1, 141, 177, 226, 195, 19, 49, 58, 244,
       6, 1, 164, 157, 187, 252, 169, 169, 143, 30, 59, 88, 112, 181,
       227, 200, 104, 207, 26, 34, 24, 51, 88, 75, 19, 204, 151, 62, 108,
       152, 200, 129, 169, 85, 64, 216, 167, 6, 42, 110, 8, 96, 134, 195,
       128, 215, 99, 89, 90, 114, 197, 108, 238, 8, 212, 205, 8, 208,
       227, 102, 1, 164, 243, 41, 0, 27, 89, 123, 228, 114, 150, 63, 112,
       173, 200, 94, 66, 125, 159, 181, 112, 182, 253, 63, 239, 193, 153,
       48, 236, 243, 237, 170, 130, 47, 178, 33, 57, 247, 92, 253, 223,
       138, 98, 31, 158, 18, 242, 150, 254, 209, 119, 201, 111, 79, 215,
       125, 250, 169, 71, 255, 170, 201, 170, 255, 180, 189, 249, 128,
       113, 128, 233, 17, 187, 152, 141, 167, 237, 158, 17, 64, 80, 180,
       195, 104, 65, 201, 59, 75, 81, 114, 11, 90, 127, 173, 144, 14,
       120, 16, 8, 129, 168, 195, 46, 149, 248, 252, 181, 184, 79, 155,
       187, 176, 120, 188, 186, 228, 239, 135, 55, 127, 153, 179, 79,
       131, 210, 152, 218, 127, 250, 152, 192, 169, 173, 96, 156, 153,
       254, 25, 237, 18, 134, 143, 75, 168, 8, 190, 247, 96, 112, 197,
       51, 232, 16, 3, 11, 218, 51, 163, 245, 16, 59, 152, 74, 5, 59, 22,
       40, 146, 130, 205, 110, 178, 200, 187, 183, 179, 27, 206, 186, 75,
       10, 249, 213, 206, 243, 0, 247, 153, 226, 157, 22, 203, 111, 193,
       123, 47, 134, 224, 177, 155, 124, 153, 196, 17, 65, 234, 200, 224,
       8, 214, 215, 96, 115, 192, 126, 232, 112, 91, 107, 210, 8, 249,
       241, 6, 90, 72, 2, 226, 50, 218, 188, 174, 26, 237, 240, 221, 199,
       251, 87, 164, 189, 46, 204, 118, 95, 163, 187, 237, 21, 54, 111,
       178, 243, 219, 82, 94, 123, 214, 68, 231, 94, 254, 176, 125, 123,
       171, 253, 153, 155, 15, 125, 181, 63, 30, 157, 94, 124, 205, 155,
       245, 21, 159, 110, 251, 241, 87, 89, 24, 247, 219, 12, 214, 119,
       60, 32, 252, 241, 205, 111, 241, 202, 95, 179, 165, 26, 27, 249,
       77, 58, 169, 217, 115, 16, 18, 118, 219, 176, 95, 207, 81, 119,
       243, 105, 70, 162, 252, 180, 253, 97, 145, 111, 83, 25, 115, 163,
       167, 24, 83, 53, 72, 56, 25, 148, 104, 56, 57, 246, 121, 22, 219,
       207, 21, 87, 227, 107, 198, 34, 253, 125, 21, 110, 57, 15, 70,
       184, 111, 184, 160, 76, 223, 114, 73, 179, 149, 196, 108, 110,
       233, 99, 219, 61, 187, 251, 69, 62, 72, 51, 66, 3, 4, 164, 144,
       131, 221, 109, 176, 73, 46, 53, 155, 27, 204, 122, 72, 140, 249,
       155, 234, 176, 18, 114, 91, 210, 29, 22, 15, 103, 144, 75, 133,
       130, 73, 79, 127, 103, 36, 14, 111, 181, 109, 72, 126, 100, 255,
       99, 145, 114, 22, 100, 108, 110, 193, 176, 109, 44, 230, 255, 103,
       128, 74, 242, 67, 33, 83, 18, 229, 133, 102, 88, 112, 72, 43, 212,
       210, 239, 175, 30, 199, 126, 238, 157, 255, 133, 140, 242, 231,
       192, 150, 114, 218, 131, 167, 172, 52, 95, 54, 176, 214, 240, 105,
       11, 152, 72, 143, 185, 177, 169, 78, 159, 100, 158, 239, 157, 255,
       21, 26, 235, 67, 208, 154, 218, 91, 254, 212, 13, 35, 151, 61, 93,
       29, 237, 61, 15, 86, 186, 53, 168, 254, 76, 255, 57, 1, 177, 220,
       245, 124, 106, 105, 38, 89, 190, 231, 219, 37, 52, 90, 57, 66, 43,
       121, 253, 25, 109, 185, 15, 84, 191, 51, 168, 188, 72, 159, 51,
       64, 240, 140, 223, 124, 104, 121, 122, 209, 31, 239, 255, 37, 54,
