%YAML:1.0
---
descriptors: !!opencv-matrix
   rows: 213
   cols: 32
   dt: u
   data: [ 38, 253, 50, 154, 221, 205, 150, 239, 143, 177, 152, 11, 172,
       223, 104, 4, 217, 251, 203, 17, 82, 107, 218, 247, 185, 20, 31,
       127, 208, 10, 133, 138, 165, 65, 93, 101, 36, 14, 111, 184, 109,
       168, 114, 72, 215, 43, 137, 51, 150, 196, 108, 110, 233, 240, 65,
       12, 230, 250, 101, 4, 104, 178, 66, 33, 252, 112, 254, 116, 13,
       29, 84, 212, 227, 190, 166, 9, 95, 157, 75, 27, 169, 245, 245,
       114, 108, 103, 154, 128, 211, 219, 69, 63, 227, 121, 78, 2, 13,
       177, 20, 227, 253, 61, 161, 25, 78, 121, 61, 28, 222, 120, 218,
       172, 159, 11, 206, 56, 147, 120, 251, 212, 77, 219, 127, 124, 222,
       14, 153, 177, 120, 13, 62, 110, 56, 230, 87, 178, 225, 12, 191, 8,
       123, 119, 2, 115, 196, 246, 125, 106, 104, 43, 232, 45, 243, 235,
       96, 25, 98, 226, 110, 43, 32, 233, 107, 75, 116, 201, 231, 244,
       109, 76, 124, 168, 51, 197, 132, 52, 26, 104, 70, 78, 194, 184,
       98, 61, 103, 152, 36, 64, 67, 154, 70, 249, 68, 207, 197, 147,
       150, 168, 102, 143, 190, 147, 74, 210, 241, 226, 201, 74, 115,
       234, 42, 218, 115, 88, 207, 99, 172, 166, 247, 68, 168, 115, 161,
       0, 178, 228, 213, 255, 157, 47, 196, 175, 83, 187, 184, 26, 115,
       121, 92, 27, 217, 223, 37, 17, 58, 126, 219, 159, 169, 158, 213,
       118, 209, 120, 208, 10, 115, 213, 93, 230, 254, 34, 158, 254, 25,
       162, 146, 250, 125, 125, 156, 49, 63, 215, 117, 167, 185, 227, 73,
       238, 120, 46, 237, 150, 237, 242, 163, 33, 245, 112, 145, 177, 45,
       77, 65, 216, 123, 250, 176, 72, 215, 146, 65, 62, 137, 196, 108,
       90, 9, 103, 251, 0, 129, 218, 85, 54, 200, 57, 66, 37, 31, 55, 65,
       165, 114, 22, 74, 56, 49, 232, 91, 236, 217, 38, 145, 180, 54,
       205, 21, 239, 205, 146, 125, 206, 164, 124, 175, 132, 44, 231, 34,
       117, 250, 50, 172, 180, 143, 245, 144, 87, 155, 255, 146, 63, 42,
       188, 70, 11, 237, 183, 253, 145, 188, 111, 243, 194, 83, 87, 216,
       187, 203, 76, 158, 95, 60, 83, 214, 101, 85, 7, 114, 92, 101, 168,
       250, 111, 91, 25, 56, 146, 120, 133, 196, 225, 76, 179, 1, 136,
       242, 233, 160, 5, 239, 186, 250, 131, 248, 248, 18, 186, 57, 205,
       80, 100, 171, 44, 161, 9, 46, 223, 106, 145, 166, 185, 221, 66,
       110, 39, 26, 253, 147, 209, 18, 123, 82, 7, 15, 11, 57, 249, 122,
       68, 101, 221, 247, 115, 233, 204, 252, 8, 59, 152, 182, 180, 42,
       232, 212, 74, 205, 187, 180, 172, 115, 221, 4, 27, 107, 188, 74,
       204, 114, 188, 220, 90, 219, 253, 145, 199, 191, 23, 172, 153, 42,
       183, 102, 30, 233, 179, 227, 16, 50, 111, 114, 115, 91, 214, 80,
       123, 211, 77, 46, 218, 139, 251, 108, 127, 106, 221, 125, 184,
       171, 220, 21, 165, 253, 95, 159, 35, 38, 113, 253, 238, 192, 68,
       255, 157, 71, 251, 233, 173, 54, 167, 85, 241, 167, 140, 183, 254,
       252, 35, 70, 239, 223, 130, 242, 80, 198, 248, 52, 97, 219, 126,
       63, 47, 248, 239, 10, 190, 168, 190, 87, 30, 84, 248, 240, 141,
       145, 237, 13, 233, 156, 207, 79, 183, 70, 168, 132, 0, 147, 1, 16,
       32, 72, 32, 92, 120, 107, 173, 113, 31, 233, 137, 37, 84, 48, 136,
       212, 40, 123, 144, 181, 252, 117, 86, 216, 255, 27, 121, 181, 59,
       94, 61, 60, 53, 159, 151, 245, 33, 187, 111, 56, 215, 91, 127,
       221, 247, 198, 140, 246, 119, 49, 67, 75, 164, 100, 11, 67, 80,
       37, 224, 242, 111, 19, 1, 42, 16, 248, 140, 78, 100, 77, 179, 1,
       128, 146, 192, 1, 54, 105, 171, 114, 20, 209, 77, 94, 237, 214,
       10, 111, 103, 116, 130, 110, 2, 115, 163, 177, 113, 114, 238, 46,
       234, 104, 185, 5, 110, 244, 239, 230, 0, 101, 248, 224, 40, 34,
       189, 154, 248, 221, 141, 86, 207, 31, 161, 248, 75, 46, 251, 100,
       144, 217, 187, 131, 17, 90, 59, 90, 247, 191, 148, 21, 123, 208,
       74, 138, 138, 253, 64, 188, 111, 173, 30, 87, 25, 225, 170, 167,
       24, 91, 83, 89, 123, 208, 228, 124, 126, 104, 71, 248, 2, 211,
       251, 225, 29, 34, 179, 194, 34, 213, 215, 93, 67, 178, 139, 43,
       184, 108, 56, 59, 108, 211, 115, 152, 113, 55, 213, 124, 122, 241,
       176, 13, 31, 172, 138, 37, 212, 108, 130, 129, 33, 50, 121, 122,
       76, 115, 216, 246, 118, 233, 76, 124, 45, 42, 156, 166, 52, 174,
       250, 198, 64, 206, 187, 182, 237, 115, 253, 4, 139, 111, 145, 102,
       223, 67, 174, 190, 26, 219, 180, 184, 199, 251, 95, 180, 17, 40,
       234, 118, 223, 229, 99, 234, 20, 150, 107, 174, 241, 31, 126, 86,
       123, 211, 68, 235, 79, 117, 112, 181, 37, 45, 77, 69, 80, 235,
       250, 167, 8, 215, 150, 195, 62, 137, 196, 108, 74, 205, 103, 251,
       0, 145, 217, 101, 60, 64, 187, 66, 101, 1, 110, 111, 81, 84, 187,
       225, 87, 84, 171, 94, 98, 176, 41, 181, 41, 105, 42, 22, 153, 160,
       252, 37, 78, 108, 15, 246, 128, 197, 216, 81, 169, 197, 175, 197,
       151, 214, 168, 102, 191, 182, 147, 74, 214, 241, 226, 201, 66,
       113, 110, 42, 190, 115, 88, 142, 127, 172, 166, 167, 108, 184,
       242, 225, 8, 218, 186, 149, 184, 171, 164, 29, 223, 190, 187, 144,
       84, 156, 183, 96, 203, 231, 23, 255, 145, 179, 79, 219, 209, 217,
       211, 127, 254, 152, 64, 161, 59, 88, 184, 151, 254, 139, 229, 16,
       223, 175, 155, 166, 76, 254, 247, 65, 255, 167, 119, 252, 144,
       155, 75, 155, 241, 153, 243, 87, 122, 138, 81, 171, 59, 8, 25,
       127, 125, 112, 206, 113, 55, 124, 77, 118, 64, 60, 55, 0, 112,
       166, 118, 87, 72, 193, 184, 49, 108, 103, 175, 48, 128, 66, 128,
       103, 251, 60, 83, 83, 236, 85, 2, 66, 104, 5, 0, 227, 135, 67,
       139, 37, 208, 248, 140, 6, 98, 77, 179, 16, 136, 178, 237, 128,
       20, 59, 187, 112, 144, 141, 177, 16, 195, 253, 125, 241, 217, 111,
       253, 181, 94, 223, 24, 218, 174, 191, 6, 222, 60, 183, 112, 249,
       208, 223, 217, 35, 119, 206, 207, 219, 215, 65, 90, 149, 101, 40,
       14, 101, 62, 108, 170, 50, 76, 215, 51, 129, 59, 134, 68, 108,
       110, 193, 244, 193, 8, 197, 186, 97, 20, 72, 176, 67, 41, 57, 249,
       26, 104, 93, 157, 82, 221, 111, 41, 252, 76, 62, 219, 72, 176,
       248, 152, 84, 72, 143, 187, 242, 157, 251, 221, 1, 58, 122, 10,
       74, 139, 58, 173, 114, 232, 221, 221, 211, 71, 99, 45, 252, 11,
       43, 189, 54, 20, 249, 187, 215, 17, 158, 59, 240, 247, 123, 221,
       16, 107, 103, 142, 246, 206, 115, 144, 246, 232, 61, 87, 216, 89,
       91, 121, 181, 56, 94, 157, 124, 60, 151, 149, 181, 17, 146, 107,
       187, 213, 155, 250, 89, 214, 214, 140, 195, 119, 45, 21, 74, 75,
       212, 23, 238, 252, 84, 75, 255, 70, 83, 120, 190, 164, 88, 204,
       22, 111, 189, 178, 93, 174, 42, 111, 166, 132, 253, 251, 248, 132,
       50, 104, 82, 236, 87, 139, 200, 64, 109, 160, 240, 10, 43, 136,
       21, 148, 186, 185, 87, 193, 12, 186, 192, 216, 151, 252, 0, 59,
       103, 44, 66, 142, 66, 234, 84, 217, 44, 136, 104, 38, 175, 16,
       226, 193, 174, 138, 20, 80, 226, 173, 111, 5, 66, 8, 194, 245,
       148, 184, 154, 56, 4, 0, 67, 8, 82, 56, 188, 182, 11, 252, 16, 7,
       170, 183, 138, 25, 174, 188, 71, 27, 129, 119, 233, 17, 4, 79,
       210, 64, 157, 243, 95, 59, 128, 68, 15, 79, 250, 92, 118, 92, 43,
       218, 87, 182, 161, 206, 166, 169, 107, 159, 131, 247, 38, 244,
       253, 66, 108, 207, 163, 173, 243, 251, 64, 155, 35, 181, 46, 127,
       226, 162, 245, 216, 237, 249, 144, 207, 203, 63, 177, 56, 14, 157,
       76, 159, 139, 147, 195, 17, 18, 111, 202, 209, 31, 208, 80, 127,
       211, 76, 207, 143, 118, 212, 59, 254, 202, 69, 151, 237, 154, 22,
       168, 11, 84, 255, 104, 16, 253, 209, 113, 227, 90, 39, 154, 55,
       241, 166, 207, 127, 81, 50, 167, 162, 192, 50, 158, 112, 160, 44,
       56, 22, 162, 191, 162, 221, 143, 163, 64, 155, 133, 215, 236, 144,
       28, 205, 129, 64, 216, 211, 125, 105, 128, 65, 143, 27, 124, 50,
       152, 32, 41, 45, 82, 152, 163, 189, 173, 41, 199, 235, 75, 26,
       153, 213, 237, 82, 14, 99, 203, 16, 219, 197, 37, 61, 226, 115,
       14, 3, 251, 73, 126, 236, 45, 94, 95, 48, 37, 226, 246, 10, 95,
