%YAML:1.0
---
descriptors: !!opencv-matrix
   rows: 225
   cols: 32
   dt: u
   data: [ 243, 221, 105, 244, 254, 6, 158, 246, 16, 162, 154, 254, 121,
       127, 148, 33, 127, 247, 213, 163, 249, 239, 213, 239, 56, 46, 237,
       152, 109, 253, 178, 185, 227, 196, 105, 238, 220, 39, 143, 191,
       16, 163, 184, 218, 113, 63, 28, 32, 93, 215, 91, 173, 249, 47, 81,
       239, 61, 46, 159, 188, 77, 248, 210, 56, 182, 44, 229, 255, 157,
       39, 72, 152, 83, 178, 241, 90, 83, 121, 93, 26, 217, 204, 117,
       187, 186, 118, 219, 186, 139, 218, 213, 116, 255, 249, 80, 0, 198,
       172, 240, 190, 254, 161, 154, 142, 155, 179, 16, 155, 237, 238,
       92, 74, 151, 127, 125, 149, 178, 77, 142, 243, 140, 30, 223, 254,
       148, 117, 147, 5, 1, 221, 119, 77, 116, 174, 235, 54, 109, 72,
       126, 100, 152, 49, 148, 52, 54, 52, 118, 108, 193, 184, 49, 77,
       103, 190, 32, 128, 74, 224, 195, 185, 137, 182, 169, 155, 253, 61,
       233, 191, 94, 119, 37, 28, 157, 39, 218, 239, 13, 10, 202, 28,
       183, 124, 255, 147, 79, 223, 247, 108, 154, 204, 217, 244, 180,
       196, 149, 187, 205, 47, 70, 140, 83, 187, 177, 88, 67, 105, 77,
       27, 217, 204, 36, 114, 42, 102, 91, 178, 139, 222, 213, 124, 249,
       249, 210, 128, 2, 162, 17, 155, 236, 201, 172, 175, 30, 51, 17,
       249, 156, 66, 200, 137, 207, 27, 75, 17, 83, 92, 75, 209, 12, 18,
       126, 236, 156, 8, 129, 168, 122, 189, 20, 184, 57, 237, 80, 234,
       171, 61, 168, 9, 174, 159, 66, 147, 135, 147, 221, 17, 78, 75,
       210, 245, 155, 209, 19, 127, 82, 4, 15, 27, 120, 29, 62, 110, 9,
       70, 87, 48, 224, 136, 238, 8, 115, 247, 33, 115, 192, 246, 253,
       106, 104, 235, 186, 45, 243, 235, 96, 25, 98, 178, 102, 99, 24,
       204, 57, 121, 48, 207, 83, 182, 22, 9, 238, 0, 179, 87, 160, 112,
       213, 114, 29, 72, 106, 140, 97, 63, 235, 239, 48, 16, 16, 136, 68,
       107, 6, 173, 17, 186, 248, 201, 178, 238, 142, 25, 72, 107, 164,
       255, 104, 64, 217, 91, 107, 81, 18, 11, 202, 247, 61, 20, 31, 110,
       144, 10, 133, 171, 122, 56, 236, 53, 143, 125, 144, 23, 185, 255,
       150, 191, 42, 60, 86, 11, 237, 183, 253, 145, 188, 239, 243, 130,
       83, 119, 216, 179, 231, 76, 222, 95, 31, 64, 244, 245, 36, 62, 93,
       152, 123, 218, 54, 194, 255, 111, 157, 63, 183, 241, 53, 235, 169,
       244, 46, 217, 194, 219, 231, 134, 231, 245, 82, 37, 244, 72, 79,
       254, 78, 2, 76, 160, 249, 18, 178, 26, 123, 66, 5, 91, 106, 229,
       109, 226, 104, 199, 201, 232, 210, 234, 194, 16, 37, 177, 114, 10,
       69, 38, 216, 101, 224, 46, 104, 25, 122, 187, 127, 80, 213, 51,
       201, 122, 151, 77, 124, 60, 145, 212, 217, 66, 207, 173, 103, 36,
       136, 227, 75, 161, 62, 66, 91, 232, 71, 89, 232, 72, 45, 4, 180,
       10, 11, 75, 63, 157, 122, 137, 206, 233, 8, 35, 80, 204, 147, 217,
       139, 189, 119, 173, 126, 224, 77, 49, 16, 97, 53, 12, 112, 24,
       104, 72, 35, 76, 222, 81, 9, 48, 146, 4, 108, 104, 199, 160, 209,
       13, 199, 253, 32, 22, 74, 2, 67, 3, 245, 141, 77, 76, 205, 31, 70,
       180, 85, 160, 230, 72, 83, 112, 149, 245, 88, 228, 42, 110, 249,
       186, 117, 46, 55, 235, 197, 16, 123, 187, 216, 44, 89, 77, 199,
       213, 86, 10, 111, 38, 117, 130, 110, 2, 115, 51, 177, 117, 122,
       236, 50, 238, 233, 248, 101, 238, 118, 174, 198, 0, 39, 240, 112,
       40, 67, 127, 91, 229, 178, 190, 62, 182, 60, 72, 122, 228, 157,
       38, 132, 112, 54, 127, 94, 174, 197, 152, 133, 110, 166, 253, 46,
       128, 12, 240, 139, 25, 203, 253, 125, 255, 126, 148, 123, 56, 226,
       216, 20, 226, 253, 95, 155, 39, 38, 112, 253, 238, 225, 64, 190,
       221, 111, 251, 235, 128, 38, 166, 81, 241, 172, 31, 107, 97, 244,
       183, 227, 250, 86, 32, 254, 102, 83, 41, 177, 32, 89, 206, 2, 120,
       187, 186, 61, 62, 110, 207, 161, 100, 255, 201, 112, 160, 99, 178,
       242, 212, 117, 22, 152, 191, 91, 125, 181, 253, 110, 60, 158, 60,
       159, 151, 245, 53, 191, 107, 169, 215, 27, 126, 249, 222, 78, 140,
       219, 87, 132, 94, 124, 71, 34, 107, 187, 56, 60, 238, 87, 239,
       213, 117, 131, 41, 54, 125, 127, 99, 224, 212, 45, 94, 84, 35,
       107, 129, 100, 243, 7, 241, 155, 245, 114, 22, 83, 219, 178, 224,
       253, 192, 114, 26, 110, 216, 47, 165, 186, 235, 210, 99, 231, 247,
       28, 255, 58, 72, 5, 43, 111, 55, 43, 151, 8, 173, 147, 126, 145,
       235, 71, 239, 183, 3, 237, 0, 255, 243, 40, 148, 89, 58, 200, 40,
       90, 139, 26, 63, 233, 212, 4, 91, 210, 66, 166, 170, 249, 77, 94,
       78, 213, 31, 70, 237, 245, 160, 230, 8, 114, 112, 37, 245, 120,
       230, 10, 106, 109, 187, 49, 47, 59, 255, 4, 16, 115, 58, 216, 44,
       122, 233, 114, 72, 213, 221, 86, 198, 107, 4, 252, 11, 42, 221,
       118, 180, 248, 251, 199, 80, 78, 59, 178, 249, 59, 220, 4, 123,
       99, 158, 238, 222, 196, 172, 133, 147, 214, 168, 174, 143, 186,
       147, 10, 82, 252, 226, 73, 66, 113, 235, 42, 152, 50, 88, 202,
       243, 172, 6, 159, 108, 160, 112, 161, 136, 195, 170, 254, 26, 235,
       180, 184, 199, 251, 95, 180, 21, 40, 234, 118, 222, 231, 99, 238,
       148, 150, 79, 174, 243, 26, 127, 86, 251, 211, 68, 235, 79, 203,
       65, 117, 237, 47, 148, 121, 56, 237, 200, 87, 194, 249, 223, 148,
       167, 54, 117, 253, 238, 193, 68, 166, 221, 71, 249, 233, 136, 55,
       166, 65, 113, 1, 63, 111, 65, 212, 187, 225, 86, 84, 160, 94, 66,
       177, 57, 177, 40, 41, 42, 18, 153, 161, 184, 53, 110, 111, 15,
       180, 64, 239, 216, 80, 168, 172, 226, 212, 119, 237, 15, 68, 152,
       83, 186, 177, 89, 211, 105, 73, 11, 217, 196, 108, 114, 110, 102,
       219, 178, 79, 219, 117, 60, 251, 249, 208, 130, 194, 191, 151,
       248, 168, 164, 56, 223, 159, 187, 144, 116, 156, 179, 96, 203,
       167, 31, 127, 24, 179, 75, 131, 208, 153, 152, 127, 254, 152, 64,
       161, 187, 61, 5, 21, 37, 53, 79, 67, 184, 101, 232, 186, 72, 223,
       49, 25, 240, 144, 196, 92, 110, 173, 176, 121, 30, 163, 255, 37,
       20, 106, 187, 66, 97, 70, 172, 201, 188, 252, 161, 170, 142, 154,
       179, 16, 218, 253, 234, 88, 66, 51, 111, 123, 145, 50, 75, 142,
       251, 172, 22, 159, 236, 148, 112, 147, 128, 130, 140, 215, 254,
       252, 139, 156, 239, 223, 147, 240, 88, 238, 233, 44, 201, 215,
       123, 110, 33, 50, 111, 10, 255, 136, 186, 87, 122, 212, 168, 129,
       137, 57, 187, 26, 231, 181, 159, 90, 245, 111, 233, 254, 76, 255,
       250, 90, 176, 156, 239, 92, 92, 159, 187, 241, 189, 251, 221, 37,
       112, 202, 14, 202, 15, 38, 189, 17, 170, 252, 137, 162, 239, 142,
       33, 120, 107, 164, 219, 108, 128, 217, 187, 3, 81, 19, 43, 74,
       245, 189, 148, 15, 126, 152, 10, 129, 139, 15, 180, 112, 227, 253,
       61, 240, 217, 79, 113, 189, 27, 206, 92, 94, 44, 191, 139, 223,
       61, 150, 112, 249, 210, 223, 221, 19, 127, 198, 207, 209, 199, 77,
       53, 153, 225, 176, 46, 104, 27, 58, 187, 107, 80, 223, 51, 72,
       250, 183, 31, 52, 56, 19, 208, 153, 2, 206, 255, 55, 68, 168, 224,
       139, 161, 173, 211, 107, 206, 116, 131, 111, 248, 85, 72, 119,
       230, 81, 65, 184, 112, 126, 232, 22, 238, 233, 182, 44, 47, 114,
       45, 161, 128, 125, 187, 114, 241, 252, 73, 118, 236, 13, 86, 95,
       232, 169, 134, 230, 10, 95, 127, 33, 243, 120, 212, 253, 234, 104,
       199, 179, 236, 243, 251, 199, 29, 51, 191, 108, 34, 250, 188, 150,
       186, 201, 181, 84, 199, 187, 23, 172, 29, 46, 234, 98, 159, 129,
       171, 233, 17, 62, 75, 154, 243, 186, 83, 92, 123, 138, 68, 174,
       78, 31, 23, 231, 37, 162, 62, 62, 57, 61, 226, 95, 231, 221, 46,
       159, 236, 54, 77, 191, 175, 133, 144, 53, 202, 102, 239, 107, 132,
       175, 247, 41, 213, 41, 11, 204, 69, 172, 31, 238, 48, 69, 174,
       126, 76, 195, 32, 151, 164, 26, 100, 102, 110, 204, 176, 101, 30,
       38, 222, 101, 144, 111, 250, 90, 141, 126, 230, 237, 191, 152, 64,
       95, 188, 151, 255, 157, 227, 233, 239, 219, 66, 127, 215, 239,
       246, 234, 67, 239, 179, 238, 231, 239, 253, 183, 255, 180, 89, 50,
