%YAML:1.0
---
descriptors: !!opencv-matrix
   rows: 280
   cols: 32
   dt: u
   data: [ 45, 115, 225, 7, 222, 91, 167, 121, 118, 228, 223, 231, 209,
       108, 219, 164, 124, 76, 226, 239, 197, 178, 253, 10, 44, 37, 175,
       132, 111, 254, 93, 244, 222, 237, 190, 254, 155, 99, 55, 238, 191,
       150, 237, 187, 108, 255, 43, 89, 251, 251, 239, 226, 120, 79, 42,
       250, 251, 243, 95, 59, 179, 113, 167, 235, 61, 93, 115, 78, 118,
       90, 199, 248, 212, 200, 251, 102, 115, 213, 173, 228, 94, 252, 22,
       106, 201, 179, 60, 191, 50, 172, 37, 16, 127, 187, 96, 185, 100,
       31, 206, 95, 242, 170, 103, 48, 177, 198, 239, 228, 115, 243, 133,
       86, 54, 236, 108, 106, 33, 211, 172, 110, 98, 190, 37, 128, 170,
       247, 102, 113, 254, 239, 174, 190, 221, 183, 223, 238, 159, 23,
       221, 159, 108, 239, 59, 73, 253, 235, 203, 231, 124, 79, 90, 255,
       251, 87, 223, 187, 151, 127, 190, 202, 84, 229, 43, 170, 184, 199,
       95, 248, 34, 108, 137, 137, 119, 231, 122, 80, 214, 219, 93, 247,
       218, 3, 234, 63, 249, 197, 175, 252, 52, 179, 167, 115, 202, 170,
       244, 85, 171, 216, 176, 39, 235, 181, 22, 185, 172, 172, 214, 175,
       167, 55, 232, 17, 182, 125, 167, 197, 15, 83, 84, 115, 198, 4,
       143, 111, 214, 176, 188, 241, 141, 100, 157, 143, 138, 119, 7, 17,
       212, 191, 94, 107, 193, 87, 121, 17, 22, 93, 251, 128, 203, 251,
       223, 119, 144, 112, 149, 66, 173, 221, 101, 75, 172, 125, 239,
       184, 206, 218, 89, 64, 211, 248, 253, 231, 221, 106, 54, 127, 207,
       48, 127, 178, 44, 88, 167, 172, 223, 255, 208, 229, 118, 171, 40,
       160, 61, 157, 202, 200, 139, 236, 157, 143, 135, 204, 83, 132,
       216, 136, 221, 117, 158, 43, 232, 148, 186, 213, 137, 255, 148,
       15, 94, 68, 220, 188, 186, 242, 153, 229, 30, 187, 190, 19, 138,
       25, 253, 255, 104, 64, 165, 243, 121, 145, 58, 77, 154, 55, 249,
       199, 95, 121, 128, 98, 161, 26, 123, 71, 228, 79, 46, 22, 78, 185,
       33, 230, 254, 231, 65, 46, 159, 247, 126, 196, 189, 238, 205, 144,
       229, 168, 54, 233, 230, 128, 111, 247, 248, 84, 143, 239, 115, 95,
       221, 153, 166, 236, 253, 130, 251, 98, 232, 248, 189, 228, 123,
       238, 234, 234, 245, 182, 239, 254, 46, 126, 135, 10, 87, 255, 233,
       164, 84, 235, 158, 230, 184, 4, 95, 152, 162, 180, 135, 8, 215,
       227, 73, 82, 51, 213, 109, 250, 72, 65, 139, 40, 251, 231, 239,
       60, 32, 243, 39, 34, 76, 105, 47, 75, 203, 236, 47, 197, 236, 84,
       207, 0, 157, 215, 123, 123, 34, 19, 123, 219, 67, 1, 190, 96, 117,
       33, 10, 72, 0, 83, 167, 224, 143, 93, 199, 171, 164, 20, 110, 152,
       198, 90, 91, 199, 217, 222, 251, 233, 93, 202, 55, 255, 207, 144,
       31, 240, 166, 121, 239, 132, 30, 247, 184, 85, 249, 116, 153, 229,
       36, 111, 77, 63, 80, 234, 246, 120, 19, 55, 129, 120, 93, 148,
       124, 136, 233, 254, 241, 10, 215, 239, 53, 148, 34, 248, 70, 105,
       164, 248, 122, 104, 104, 77, 87, 216, 233, 30, 180, 8, 22, 213,
       107, 51, 201, 80, 79, 122, 66, 39, 178, 16, 123, 153, 37, 61, 82,
       185, 70, 226, 116, 91, 253, 71, 170, 106, 150, 156, 203, 188, 185,
       239, 66, 109, 205, 10, 95, 212, 108, 114, 140, 99, 235, 40, 250,
       166, 101, 183, 229, 251, 70, 119, 150, 188, 151, 177, 155, 224,
       176, 194, 190, 23, 8, 179, 140, 191, 96, 72, 231, 27, 235, 145,
       54, 77, 130, 114, 221, 132, 26, 111, 144, 65, 37, 131, 61, 176,
       248, 176, 93, 89, 211, 104, 91, 225, 165, 10, 30, 60, 78, 57, 153,
       153, 210, 51, 61, 107, 248, 200, 219, 223, 21, 127, 227, 40, 78,
       198, 71, 127, 76, 12, 234, 0, 159, 185, 168, 254, 158, 237, 205,
       238, 215, 83, 167, 69, 253, 231, 197, 67, 175, 72, 248, 48, 239,
       188, 12, 246, 47, 93, 241, 233, 148, 183, 148, 128, 102, 237, 115,
       49, 162, 2, 38, 216, 64, 196, 233, 206, 32, 209, 126, 126, 141,
       255, 184, 16, 143, 102, 1, 8, 250, 12, 62, 191, 190, 238, 175,
       119, 159, 249, 137, 204, 188, 43, 108, 253, 63, 135, 158, 247,
       245, 99, 225, 99, 10, 253, 122, 91, 237, 187, 79, 126, 95, 113,
       198, 13, 142, 149, 141, 38, 236, 134, 180, 150, 130, 19, 64, 234,
       113, 75, 233, 102, 107, 189, 52, 197, 147, 200, 9, 34, 223, 5,
       129, 113, 49, 6, 191, 83, 122, 110, 62, 31, 222, 120, 69, 200,
       245, 237, 115, 77, 191, 17, 30, 224, 85, 110, 237, 163, 108, 159,
       242, 217, 33, 156, 127, 191, 74, 85, 60, 110, 243, 232, 215, 231,
       83, 95, 23, 173, 206, 11, 15, 215, 97, 84, 113, 188, 167, 24, 10,
       147, 161, 146, 251, 237, 149, 255, 178, 90, 230, 227, 71, 189,
       165, 159, 186, 148, 187, 184, 174, 85, 79, 229, 252, 238, 222,
       231, 167, 115, 251, 215, 247, 73, 190, 241, 44, 58, 79, 202, 156,
       231, 161, 93, 179, 211, 65, 203, 86, 147, 142, 252, 84, 0, 209,
       238, 113, 204, 184, 160, 126, 153, 18, 235, 207, 186, 124, 191,
       60, 12, 175, 244, 125, 154, 144, 188, 252, 111, 253, 102, 203,
       125, 246, 204, 227, 182, 167, 26, 107, 253, 77, 54, 173, 214, 232,
       98, 104, 103, 171, 162, 123, 207, 5, 55, 227, 243, 230, 42, 170,
       234, 160, 203, 109, 149, 218, 72, 79, 13, 221, 26, 168, 200, 118,
       68, 216, 168, 55, 223, 206, 46, 202, 243, 87, 92, 138, 123, 23,
       143, 120, 142, 54, 237, 228, 253, 223, 3, 222, 234, 83, 178, 120,
       11, 99, 249, 85, 0, 91, 252, 21, 243, 234, 242, 219, 191, 123,
       222, 197, 39, 231, 251, 82, 130, 55, 71, 97, 7, 244, 127, 207,
       248, 65, 234, 89, 206, 83, 108, 157, 52, 92, 204, 21, 239, 237,
       178, 109, 174, 176, 92, 169, 132, 173, 255, 82, 245, 199, 225,
       167, 158, 186, 150, 191, 232, 190, 80, 65, 147, 252, 254, 190,
       103, 183, 125, 123, 239, 246, 69, 175, 253, 45, 58, 207, 206, 20,
       183, 161, 244, 215, 243, 55, 138, 106, 22, 31, 236, 190, 220, 193,
       231, 76, 198, 171, 241, 246, 85, 255, 231, 229, 71, 255, 220, 176,
       50, 207, 190, 24, 54, 47, 213, 47, 61, 239, 13, 223, 95, 175, 122,
       118, 228, 222, 167, 208, 172, 150, 164, 124, 76, 250, 239, 213,
       242, 245, 206, 118, 45, 175, 132, 103, 173, 124, 244, 25, 29, 119,
       107, 148, 254, 238, 51, 101, 192, 127, 66, 219, 113, 148, 228,
       120, 166, 30, 238, 153, 176, 125, 206, 39, 239, 166, 0, 239, 194,
       224, 36, 181, 69, 111, 46, 118, 75, 207, 120, 81, 236, 117, 207,
       115, 77, 191, 49, 30, 229, 85, 239, 237, 166, 108, 63, 242, 201,
       97, 184, 125, 187, 66, 241, 157, 212, 189, 255, 141, 110, 70, 184,
       214, 115, 139, 18, 215, 123, 57, 107, 217, 215, 59, 123, 57, 231,
       91, 186, 233, 235, 207, 20, 152, 123, 209, 50, 99, 183, 134, 140,
       60, 7, 206, 187, 91, 248, 218, 237, 214, 232, 147, 4, 157, 108,
       117, 45, 237, 211, 223, 207, 168, 62, 239, 180, 30, 236, 91, 29,
       141, 253, 225, 159, 188, 29, 238, 188, 222, 234, 24, 70, 251, 248,
       249, 226, 87, 74, 62, 111, 247, 96, 254, 187, 46, 95, 229, 172,
       222, 255, 216, 245, 73, 92, 248, 238, 102, 102, 127, 190, 98, 98,
       94, 38, 215, 183, 179, 112, 118, 253, 53, 202, 193, 18, 253, 250,
       197, 173, 162, 172, 60, 243, 32, 121, 222, 239, 191, 254, 155,
       227, 31, 238, 191, 158, 229, 187, 110, 255, 41, 91, 239, 243, 239,
       194, 120, 79, 170, 254, 251, 243, 95, 59, 147, 113, 167, 123, 204,
       191, 253, 84, 240, 110, 111, 187, 187, 222, 60, 96, 124, 119, 201,
       119, 55, 118, 55, 170, 241, 64, 186, 111, 111, 190, 101, 140, 130,
       240, 102, 241, 76, 158, 188, 244, 242, 70, 95, 187, 179, 222, 30,
       165, 119, 119, 163, 81, 55, 247, 61, 168, 232, 72, 186, 79, 255,
       175, 239, 140, 164, 240, 37, 123, 220, 157, 190, 188, 178, 36, 95,
       187, 188, 198, 158, 183, 255, 127, 43, 67, 247, 243, 189, 227,
       252, 69, 25, 47, 251, 231, 111, 157, 180, 240, 173, 83, 247, 4,
       237, 5, 165, 31, 231, 169, 122, 235, 23, 28, 211, 44, 223, 174,
       153, 100, 124, 45, 189, 244, 253, 142, 15, 127, 245, 148, 205,
       126, 218, 116, 199, 104, 233, 165, 66, 8, 175, 128, 40, 224, 70,
