%YAML:1.0
---
descriptors: !!opencv-matrix
   rows: 355
   cols: 32
   dt: u
   data: [ 87, 122, 208, 69, 226, 48, 236, 220, 123, 234, 118, 230, 57,
       42, 213, 252, 127, 221, 54, 158, 135, 246, 133, 226, 22, 15, 247,
       164, 239, 243, 107, 157, 40, 79, 18, 79, 117, 159, 226, 112, 117,
       12, 126, 108, 226, 193, 160, 148, 24, 168, 198, 32, 8, 176, 64,
       46, 38, 214, 1, 3, 82, 42, 78, 164, 37, 6, 105, 236, 124, 43, 75,
       123, 77, 234, 188, 236, 211, 45, 181, 112, 220, 160, 22, 44, 137,
       35, 96, 158, 118, 221, 161, 188, 30, 234, 82, 241, 85, 26, 187,
       235, 164, 104, 123, 50, 108, 75, 91, 228, 215, 111, 137, 104, 247,
       7, 61, 15, 153, 16, 235, 1, 198, 239, 42, 196, 172, 235, 1, 113,
       251, 18, 111, 173, 108, 18, 105, 91, 7, 104, 214, 231, 25, 143,
       176, 96, 126, 189, 63, 141, 137, 159, 231, 197, 214, 105, 250,
       128, 63, 132, 48, 249, 130, 187, 232, 213, 230, 184, 189, 55, 123,
       103, 84, 247, 169, 172, 212, 40, 47, 63, 55, 141, 178, 252, 228,
       199, 14, 63, 254, 224, 199, 132, 215, 205, 94, 19, 182, 238, 59,
       242, 184, 64, 142, 109, 223, 163, 108, 255, 38, 192, 238, 183,
       191, 145, 148, 139, 99, 212, 219, 245, 170, 219, 151, 15, 45, 83,
       151, 129, 206, 187, 149, 166, 236, 193, 54, 83, 194, 150, 89, 235,
       120, 72, 125, 142, 59, 157, 187, 209, 29, 242, 217, 47, 222, 68,
       188, 192, 240, 8, 24, 181, 187, 250, 191, 233, 145, 79, 251, 81,
       189, 56, 190, 255, 104, 40, 171, 187, 229, 17, 27, 107, 178, 211,
       219, 215, 22, 123, 243, 72, 135, 251, 46, 18, 238, 169, 63, 243,
       184, 74, 143, 93, 223, 167, 236, 204, 63, 204, 254, 145, 255, 145,
       142, 131, 115, 213, 23, 87, 154, 215, 151, 207, 61, 215, 114, 80,
       98, 204, 109, 87, 222, 104, 137, 236, 145, 175, 104, 220, 63, 133,
       254, 177, 223, 231, 236, 35, 52, 220, 51, 89, 139, 191, 85, 63,
       126, 215, 118, 241, 41, 166, 26, 69, 91, 184, 2, 228, 137, 137,
       119, 71, 74, 18, 94, 221, 89, 247, 202, 3, 253, 29, 249, 133, 173,
       124, 36, 163, 22, 114, 155, 173, 111, 161, 150, 151, 233, 247, 85,
       113, 214, 150, 25, 28, 86, 33, 111, 139, 23, 157, 191, 186, 53,
       247, 127, 79, 158, 196, 175, 140, 241, 236, 60, 120, 120, 238, 69,
       85, 83, 88, 87, 44, 245, 46, 59, 157, 35, 144, 94, 153, 151, 202,
       202, 54, 120, 187, 211, 205, 32, 57, 115, 187, 78, 155, 6, 172,
       176, 155, 221, 81, 190, 202, 31, 247, 77, 19, 140, 252, 126, 140,
       249, 91, 147, 147, 54, 126, 251, 243, 15, 86, 159, 111, 151, 125,
       189, 198, 50, 173, 170, 190, 221, 197, 199, 231, 150, 7, 204, 27,
       34, 237, 118, 0, 217, 170, 131, 5, 122, 43, 26, 191, 121, 6, 157,
       59, 81, 76, 246, 234, 107, 170, 240, 26, 237, 185, 240, 198, 219,
       55, 53, 185, 40, 232, 254, 156, 139, 43, 226, 21, 150, 106, 238,
       243, 30, 91, 85, 123, 215, 204, 223, 204, 51, 217, 59, 238, 29,
       150, 207, 244, 229, 72, 252, 68, 187, 143, 54, 49, 204, 227, 95,
       207, 201, 171, 112, 253, 243, 249, 134, 24, 73, 18, 99, 252, 125,
       83, 121, 70, 236, 93, 207, 248, 65, 248, 189, 110, 91, 124, 223,
       182, 94, 212, 180, 110, 205, 50, 239, 160, 51, 217, 229, 190, 127,
       255, 94, 117, 89, 176, 189, 120, 169, 236, 81, 83, 163, 89, 180,
       28, 31, 183, 64, 122, 165, 183, 125, 24, 19, 107, 178, 16, 219,
       235, 112, 104, 234, 192, 226, 227, 7, 145, 43, 171, 244, 197, 187,
       248, 94, 76, 93, 71, 152, 220, 124, 32, 252, 27, 23, 211, 151, 56,
       62, 247, 79, 28, 170, 238, 85, 15, 117, 247, 250, 249, 17, 176,
       169, 221, 28, 164, 171, 253, 176, 41, 142, 158, 70, 150, 196, 245,
       253, 81, 94, 79, 242, 176, 185, 209, 159, 255, 2, 28, 135, 95, 6,
       232, 182, 155, 109, 213, 184, 200, 142, 244, 85, 3, 236, 222, 111,
       0, 254, 121, 179, 211, 70, 114, 122, 240, 15, 16, 207, 111, 22,
       62, 61, 214, 109, 83, 120, 239, 46, 27, 251, 24, 12, 228, 215,
       207, 223, 95, 27, 224, 118, 221, 255, 111, 133, 177, 237, 136,
       215, 233, 171, 144, 62, 187, 89, 81, 137, 119, 112, 65, 243, 123,
       189, 223, 107, 250, 60, 250, 108, 28, 207, 180, 55, 31, 214, 48,
       231, 244, 164, 218, 46, 93, 53, 167, 231, 214, 143, 221, 155, 76,
       103, 157, 66, 54, 237, 71, 149, 66, 198, 147, 57, 175, 55, 109,
       108, 171, 19, 141, 41, 159, 52, 235, 83, 106, 218, 128, 55, 212,
       32, 248, 77, 166, 216, 109, 224, 46, 118, 184, 121, 14, 127, 61,
       223, 99, 138, 82, 183, 69, 108, 46, 60, 240, 137, 11, 230, 255,
       37, 133, 64, 227, 203, 67, 223, 119, 228, 165, 174, 18, 158, 40,
       18, 246, 151, 239, 235, 40, 223, 139, 223, 197, 253, 231, 236,
       231, 239, 138, 186, 227, 239, 151, 167, 255, 185, 85, 191, 215,
       100, 68, 254, 19, 207, 248, 81, 254, 189, 239, 73, 104, 151, 167,
       127, 196, 214, 239, 237, 227, 109, 206, 58, 75, 237, 180, 127,
       255, 122, 213, 11, 50, 188, 251, 100, 169, 249, 22, 174, 89, 127,
       244, 189, 155, 146, 106, 238, 43, 127, 157, 131, 152, 99, 241,
       198, 249, 186, 192, 204, 193, 161, 217, 137, 122, 123, 249, 110,
       169, 233, 86, 237, 88, 246, 230, 189, 139, 241, 107, 110, 41, 126,
       93, 131, 189, 230, 224, 214, 217, 186, 136, 30, 153, 81, 185, 223,
       252, 247, 86, 250, 54, 159, 62, 83, 234, 150, 250, 124, 254, 134,
       97, 87, 247, 252, 163, 173, 207, 255, 238, 250, 111, 255, 154,
       175, 228, 169, 79, 42, 219, 170, 188, 125, 193, 177, 247, 139, 93,
       220, 239, 172, 157, 166, 2, 204, 59, 255, 193, 194, 43, 226, 241,
       255, 117, 186, 187, 22, 28, 182, 251, 39, 133, 225, 75, 85, 115,
       138, 200, 94, 65, 121, 70, 104, 248, 191, 164, 216, 74, 18, 111,
       135, 178, 44, 189, 34, 28, 131, 46, 93, 95, 120, 140, 43, 50, 240,
       77, 125, 125, 184, 80, 75, 109, 116, 46, 136, 156, 223, 190, 206,
       12, 214, 76, 135, 50, 244, 209, 6, 121, 146, 251, 95, 143, 74,
       221, 159, 207, 198, 158, 143, 50, 158, 252, 157, 218, 145, 247,
       109, 232, 191, 207, 119, 195, 253, 231, 244, 199, 14, 234, 186,
       115, 207, 159, 191, 255, 185, 85, 3, 13, 98, 138, 148, 147, 162,
       232, 92, 64, 89, 70, 224, 72, 191, 161, 216, 35, 18, 103, 167,
       184, 44, 255, 44, 28, 138, 130, 93, 15, 121, 204, 87, 175, 186,
       166, 190, 54, 190, 250, 186, 250, 28, 71, 93, 233, 255, 98, 179,
       79, 93, 127, 247, 65, 138, 234, 250, 223, 47, 172, 140, 247, 251,
       225, 150, 92, 63, 223, 46, 70, 191, 240, 157, 210, 210, 215, 253,
       94, 53, 75, 231, 117, 127, 231, 233, 197, 59, 238, 193, 250, 219,
       146, 29, 49, 37, 123, 57, 125, 112, 101, 53, 223, 91, 86, 71, 236,
       126, 44, 187, 21, 147, 180, 92, 188, 150, 108, 201, 186, 113, 158,
       247, 221, 161, 177, 122, 159, 94, 121, 2, 216, 185, 255, 127, 197,
       187, 246, 31, 73, 84, 178, 188, 191, 36, 96, 231, 123, 183, 65,
       227, 152, 115, 255, 231, 119, 58, 130, 20, 28, 165, 251, 96, 120,
       189, 245, 109, 205, 81, 7, 35, 241, 164, 8, 182, 151, 64, 27, 128,
       60, 121, 24, 73, 222, 241, 0, 197, 153, 84, 51, 0, 0, 70, 234,
       240, 68, 127, 109, 78, 75, 229, 120, 116, 162, 242, 114, 211, 181,
       145, 107, 122, 92, 110, 106, 233, 247, 235, 8, 117, 235, 99, 0,
       101, 248, 116, 161, 140, 242, 117, 225, 41, 75, 89, 25, 37, 124,
       183, 44, 223, 23, 154, 191, 126, 149, 255, 255, 203, 22, 105, 208,
       213, 217, 171, 212, 102, 166, 39, 113, 98, 122, 96, 16, 79, 221,
       144, 66, 171, 125, 176, 63, 10, 156, 86, 155, 172, 145, 215, 17,
       142, 111, 242, 209, 23, 24, 88, 251, 197, 12, 94, 223, 253, 149,
       111, 232, 132, 150, 77, 113, 213, 64, 199, 22, 81, 207, 56, 97,
       120, 164, 59, 172, 249, 155, 52, 206, 243, 235, 198, 68, 63, 170,
       240, 112, 175, 163, 18, 143, 253, 209, 186, 109, 95, 73, 89, 230,
       236, 204, 190, 228, 222, 43, 134, 247, 215, 176, 110, 255, 46, 85,
       174, 203, 30, 14, 185, 205, 3, 28, 123, 245, 50, 174, 57, 23, 60,
       75, 94, 246, 189, 23, 160, 96, 167, 63, 23, 24, 179, 156, 49, 207,
