%YAML:1.0
---
descriptors: !!opencv-matrix
   rows: 137
   cols: 32
   dt: u
   data: [ 189, 241, 105, 101, 54, 94, 107, 121, 97, 236, 126, 134, 91,
       95, 155, 48, 62, 140, 149, 238, 201, 176, 53, 142, 242, 205, 165,
       132, 103, 166, 118, 121, 197, 6, 217, 229, 236, 44, 104, 26, 170,
       187, 111, 88, 213, 227, 201, 123, 103, 69, 125, 190, 177, 80, 219,
       66, 207, 187, 99, 44, 136, 225, 67, 33, 250, 56, 172, 244, 139,
       117, 153, 87, 155, 239, 150, 63, 46, 189, 87, 46, 237, 247, 253,
       17, 188, 111, 243, 130, 211, 95, 216, 187, 163, 108, 150, 127,
       178, 182, 160, 62, 251, 237, 148, 255, 31, 95, 252, 191, 42, 189,
       14, 20, 253, 155, 215, 20, 190, 239, 211, 215, 127, 87, 84, 251,
       211, 92, 166, 223, 166, 140, 150, 252, 253, 163, 222, 238, 223,
       131, 240, 81, 238, 249, 45, 201, 211, 123, 127, 35, 48, 239, 74,
       255, 170, 254, 87, 26, 148, 248, 241, 141, 198, 44, 244, 223, 238,
       168, 186, 138, 219, 146, 59, 146, 236, 234, 93, 11, 167, 119, 123,
       147, 178, 101, 142, 255, 12, 62, 207, 254, 197, 97, 65, 128, 194,
       164, 145, 190, 252, 161, 188, 175, 155, 179, 25, 152, 236, 234,
       92, 2, 151, 127, 123, 145, 114, 69, 138, 211, 172, 22, 223, 254,
       132, 64, 147, 0, 60, 85, 17, 238, 189, 111, 87, 252, 63, 170, 248,
       72, 223, 127, 9, 48, 221, 209, 93, 98, 41, 35, 91, 190, 251, 223,
       5, 62, 250, 251, 66, 51, 73, 240, 21, 115, 99, 217, 48, 133, 105,
       91, 98, 56, 190, 17, 8, 57, 130, 22, 120, 0, 67, 244, 179, 33, 71,
       249, 80, 66, 74, 16, 195, 59, 6, 164, 148, 131, 221, 109, 176,
       105, 14, 183, 57, 26, 204, 112, 72, 140, 187, 27, 202, 17, 50,
       120, 91, 214, 29, 22, 31, 119, 208, 72, 133, 134, 69, 239, 132,
       31, 250, 153, 174, 172, 246, 176, 79, 224, 245, 226, 219, 70, 51,
       110, 106, 206, 230, 81, 175, 123, 108, 38, 47, 44, 4, 243, 11,
       128, 11, 125, 123, 237, 50, 222, 58, 114, 45, 200, 94, 228, 189,
       159, 160, 96, 182, 61, 31, 239, 197, 152, 48, 239, 230, 253, 42,
       130, 14, 130, 33, 249, 124, 225, 18, 238, 57, 220, 86, 196, 171,
       12, 248, 9, 111, 223, 43, 212, 242, 249, 205, 98, 78, 3, 154, 253,
       243, 253, 5, 27, 98, 55, 39, 203, 128, 203, 19, 187, 146, 139, 39,
       239, 190, 1, 72, 80, 180, 147, 32, 80, 96, 59, 10, 64, 115, 152,
       75, 127, 172, 160, 14, 64, 24, 16, 161, 168, 193, 244, 156, 85,
       164, 30, 100, 191, 123, 187, 2, 92, 215, 48, 216, 123, 151, 70,
       124, 44, 245, 220, 213, 2, 174, 186, 117, 212, 136, 240, 217, 5,
       200, 152, 149, 190, 9, 205, 21, 163, 143, 90, 160, 25, 190, 247,
       32, 90, 129, 115, 233, 2, 67, 13, 218, 51, 193, 247, 88, 59, 16,
       8, 5, 123, 61, 103, 196, 71, 48, 26, 78, 184, 116, 168, 123, 228,
       83, 96, 157, 244, 54, 204, 36, 110, 237, 240, 205, 46, 172, 238,
       101, 132, 111, 179, 64, 37, 248, 217, 62, 124, 137, 86, 87, 253,
       225, 148, 166, 8, 123, 247, 34, 115, 232, 244, 253, 226, 104, 99,
       178, 45, 243, 233, 196, 25, 99, 50, 230, 122, 36, 176, 248, 251,
       205, 237, 208, 201, 91, 51, 37, 27, 94, 249, 76, 56, 217, 155, 83,
       18, 26, 114, 218, 145, 223, 223, 81, 127, 241, 75, 214, 130, 77,
       52, 155, 245, 224, 46, 120, 27, 58, 179, 107, 80, 221, 243, 73,
       250, 183, 95, 125, 184, 49, 208, 155, 66, 223, 239, 123, 4, 136,
       225, 3, 161, 6, 165, 16, 131, 221, 109, 176, 73, 30, 53, 177, 27,
       204, 120, 72, 140, 187, 155, 234, 177, 22, 122, 219, 212, 29, 22,
       31, 111, 144, 14, 141, 134, 246, 28, 237, 255, 174, 98, 159, 152,
       146, 246, 159, 178, 209, 127, 201, 107, 95, 214, 255, 178, 57, 71,
       239, 162, 74, 163, 255, 149, 181, 251, 180, 115, 196, 164, 149,
       151, 220, 168, 172, 175, 190, 147, 9, 18, 236, 226, 72, 66, 115,
       111, 42, 144, 50, 84, 218, 211, 173, 22, 159, 108, 128, 96, 129,
       128, 116, 166, 196, 227, 252, 15, 198, 168, 67, 187, 185, 203, 67,
       105, 93, 134, 217, 196, 100, 114, 94, 98, 203, 147, 46, 222, 197,
       127, 255, 250, 88, 130, 92, 187, 158, 250, 185, 172, 123, 218, 39,
       25, 254, 77, 127, 255, 74, 82, 165, 223, 253, 146, 154, 91, 219,
       177, 219, 255, 119, 205, 138, 195, 171, 19, 124, 61, 157, 228,
       185, 15, 86, 186, 51, 186, 184, 104, 223, 123, 65, 17, 149, 223,
       125, 48, 249, 67, 217, 62, 251, 223, 101, 188, 10, 241, 3, 35,
       199, 167, 215, 216, 236, 184, 232, 155, 255, 155, 56, 240, 156,
       227, 252, 239, 231, 27, 62, 24, 179, 77, 138, 211, 140, 248, 127,
       238, 222, 224, 161, 165, 50, 180, 183, 186, 233, 45, 156, 79, 31,
       123, 241, 185, 110, 255, 44, 29, 223, 155, 247, 21, 58, 75, 75,
       211, 187, 94, 92, 254, 210, 76, 162, 219, 118, 32, 241, 229, 38,
       10, 248, 64, 105, 129, 179, 139, 143, 43, 85, 27, 174, 213, 125,
       241, 8, 242, 197, 192, 150, 248, 203, 130, 229, 162, 99, 6, 242,
       79, 103, 172, 159, 66, 70, 101, 229, 132, 178, 3, 99, 40, 52, 87,
       248, 228, 109, 227, 108, 163, 5, 140, 179, 226, 195, 19, 37, 62,
       244, 14, 242, 56, 170, 116, 139, 252, 145, 23, 187, 127, 150, 63,
       170, 189, 70, 46, 237, 183, 253, 145, 190, 111, 242, 226, 211,
       119, 216, 251, 235, 76, 150, 127, 250, 235, 110, 58, 175, 208, 92,
       237, 227, 92, 180, 171, 43, 206, 190, 176, 238, 163, 253, 197,
       206, 15, 174, 213, 243, 105, 252, 251, 119, 134, 254, 95, 105, 2,
       118, 70, 109, 216, 121, 16, 233, 93, 119, 173, 143, 15, 150, 191,
       206, 165, 238, 78, 132, 115, 227, 225, 86, 121, 114, 131, 66, 135,
       79, 221, 27, 93, 123, 228, 82, 214, 191, 112, 45, 64, 90, 231, 61,
       159, 37, 96, 182, 125, 151, 231, 193, 153, 48, 236, 247, 237, 42,
       130, 45, 147, 37, 121, 116, 111, 206, 37, 148, 138, 70, 230, 228,
       166, 238, 137, 99, 224, 19, 82, 88, 230, 232, 110, 76, 179, 197,
       42, 240, 231, 197, 17, 97, 251, 254, 10, 93, 96, 156, 167, 32, 46,
       106, 24, 120, 162, 195, 64, 223, 35, 217, 218, 118, 205, 124, 239,
       8, 212, 205, 8, 196, 233, 107, 0, 172, 243, 43, 0, 65, 230, 156,
       37, 164, 46, 101, 191, 106, 187, 42, 92, 211, 32, 216, 123, 131,
       70, 108, 28, 208, 120, 213, 0, 236, 190, 117, 84, 200, 240, 211,
       8, 181, 239, 95, 248, 190, 33, 79, 252, 214, 146, 180, 210, 83,
       227, 249, 127, 127, 202, 14, 254, 235, 103, 46, 62, 248, 136, 229,
       60, 181, 249, 226, 160, 88, 180, 188, 112, 169, 109, 17, 143, 187,
       63, 164, 25, 142, 183, 74, 27, 131, 211, 237, 16, 26, 75, 251, 49,
       219, 211, 85, 127, 194, 80, 135, 107, 118, 88, 214, 140, 77, 102,
       182, 104, 185, 142, 243, 11, 78, 250, 39, 223, 248, 245, 239, 99,
       76, 103, 218, 200, 149, 54, 203, 27, 1, 127, 126, 134, 21, 181,
       145, 225, 178, 46, 108, 159, 59, 177, 106, 80, 159, 51, 72, 248,
       183, 31, 60, 24, 51, 216, 145, 66, 173, 254, 55, 70, 170, 192,
       131, 161, 96, 177, 56, 123, 137, 77, 81, 143, 2, 53, 165, 25, 150,
       23, 74, 16, 145, 27, 73, 0, 90, 74, 219, 21, 239, 209, 21, 125,
       80, 8, 142, 66, 6, 165, 22, 131, 221, 127, 176, 201, 46, 61, 155,
       27, 204, 252, 106, 136, 249, 157, 234, 51, 22, 115, 153, 212, 29,
       22, 11, 103, 192, 15, 141, 198, 120, 157, 61, 127, 185, 239, 83,
       183, 71, 13, 174, 0, 182, 119, 32, 116, 197, 50, 29, 24, 186, 137,
       121, 63, 235, 255, 52, 80, 146, 138, 196, 107, 9, 221, 25, 255,
       48, 205, 86, 178, 86, 8, 124, 68, 191, 113, 33, 224, 151, 122, 30,
       74, 227, 168, 91, 63, 231, 255, 37, 24, 90, 155, 9, 59, 190, 184,
       104, 90, 13, 253, 81, 219, 207, 125, 37, 157, 138, 220, 126, 191,
       137, 154, 213, 16, 159, 108, 254, 241, 139, 89, 17, 127, 242, 13,
       220, 87, 194, 184, 234, 26, 237, 240, 217, 199, 251, 87, 164, 189,
       46, 204, 118, 91, 227, 43, 235, 21, 54, 111, 186, 243, 91, 115,
       94, 123, 210, 68, 239, 94, 249, 253, 157, 229, 185, 15, 84, 191,
       59, 170, 188, 76, 159, 51, 65, 177, 157, 223, 124, 40, 233, 122,
       209, 30, 255, 223, 101, 52, 74, 248, 194, 43, 196, 164, 149, 155,
