%YAML:1.0
---
descriptors: !!opencv-matrix
   rows: 309
   cols: 32
   dt: u
   data: [ 14, 248, 176, 155, 109, 213, 186, 232, 31, 252, 85, 3, 236,
       222, 111, 141, 223, 121, 179, 211, 6, 92, 90, 241, 15, 86, 207,
       239, 150, 47, 61, 215, 254, 84, 98, 204, 111, 119, 254, 72, 137,
       238, 148, 171, 72, 220, 55, 171, 254, 245, 223, 231, 172, 39, 180,
       216, 51, 89, 203, 191, 87, 127, 126, 215, 96, 104, 189, 229, 105,
       77, 81, 7, 35, 240, 164, 8, 150, 151, 67, 58, 128, 188, 121, 8,
       73, 78, 243, 16, 199, 249, 80, 120, 64, 48, 70, 122, 0, 222, 91,
       241, 116, 206, 109, 23, 52, 77, 126, 4, 181, 7, 178, 81, 103, 138,
       23, 12, 82, 152, 65, 85, 231, 169, 182, 192, 36, 136, 228, 249,
       122, 251, 187, 236, 125, 193, 145, 246, 139, 93, 220, 43, 44, 157,
       166, 2, 204, 187, 247, 193, 202, 43, 226, 225, 115, 113, 186, 187,
       23, 28, 54, 251, 43, 137, 103, 79, 117, 219, 166, 233, 92, 64, 84,
       66, 232, 76, 190, 164, 218, 42, 146, 107, 215, 184, 108, 255, 36,
       29, 10, 192, 93, 15, 121, 252, 248, 52, 187, 122, 139, 225, 145,
       79, 187, 95, 173, 56, 47, 255, 72, 58, 171, 147, 237, 16, 58, 111,
       178, 211, 219, 215, 86, 59, 195, 64, 167, 251, 92, 87, 89, 109,
       50, 79, 119, 56, 36, 172, 127, 108, 215, 87, 137, 112, 54, 220,
       125, 106, 73, 144, 121, 14, 245, 237, 33, 148, 104, 179, 6, 115,
       131, 169, 249, 213, 230, 184, 189, 55, 91, 123, 84, 214, 189, 44,
       212, 43, 47, 63, 55, 141, 181, 248, 231, 195, 78, 127, 254, 224,
       207, 132, 211, 253, 234, 122, 188, 124, 105, 124, 157, 22, 139,
       254, 180, 61, 46, 189, 87, 191, 135, 245, 253, 5, 237, 111, 242,
       233, 83, 123, 125, 187, 79, 116, 31, 95, 151, 196, 207, 251, 150,
       162, 111, 215, 116, 3, 195, 150, 81, 163, 184, 104, 123, 207, 59,
       153, 187, 159, 21, 231, 248, 239, 158, 68, 173, 209, 240, 32, 14,
       172, 160, 155, 255, 243, 190, 207, 31, 119, 93, 19, 236, 254, 126,
       196, 251, 91, 147, 179, 54, 216, 107, 247, 47, 87, 143, 103, 150,
       95, 189, 198, 84, 161, 169, 166, 152, 103, 79, 153, 2, 229, 138,
       141, 215, 103, 91, 0, 21, 198, 121, 253, 27, 18, 251, 40, 253,
       165, 141, 60, 160, 243, 150, 112, 47, 188, 208, 90, 237, 189, 144,
       206, 219, 27, 124, 124, 42, 248, 230, 188, 157, 42, 130, 20, 151,
       111, 254, 243, 30, 92, 21, 123, 219, 76, 202, 133, 133, 71, 78,
       73, 36, 26, 110, 56, 124, 194, 119, 213, 219, 8, 159, 225, 118,
       12, 254, 110, 231, 180, 77, 206, 166, 251, 166, 132, 110, 255, 88,
       149, 77, 6, 60, 63, 160, 42, 126, 152, 124, 127, 119, 253, 215,
       107, 155, 90, 151, 71, 108, 62, 172, 212, 137, 62, 206, 255, 119,
       149, 136, 241, 75, 17, 152, 50, 166, 189, 59, 82, 57, 24, 165,
       207, 214, 179, 173, 207, 67, 203, 102, 249, 239, 177, 42, 205,
       163, 202, 199, 225, 254, 129, 166, 164, 45, 219, 191, 87, 108, 5,
       252, 51, 207, 248, 81, 238, 159, 239, 105, 44, 151, 167, 125, 228,
       252, 239, 253, 243, 109, 142, 62, 75, 239, 180, 111, 255, 122,
       213, 255, 119, 236, 167, 172, 58, 94, 56, 19, 246, 159, 253, 235,
       42, 223, 139, 223, 229, 253, 231, 236, 84, 205, 138, 174, 211,
       239, 149, 172, 254, 152, 85, 170, 137, 40, 216, 29, 213, 209, 99,
       151, 4, 196, 2, 40, 153, 116, 64, 200, 186, 163, 64, 90, 47, 82,
       191, 123, 249, 130, 123, 18, 8, 116, 170, 134, 189, 49, 155, 245,
       231, 190, 238, 31, 233, 88, 247, 228, 124, 61, 132, 255, 123, 151,
       243, 183, 184, 89, 255, 47, 86, 159, 194, 221, 79, 181, 159, 43,
       56, 241, 77, 127, 93, 235, 91, 91, 233, 116, 46, 8, 188, 214, 246,
       78, 220, 150, 152, 167, 126, 228, 203, 62, 125, 144, 170, 95, 172,
       94, 253, 187, 76, 103, 156, 67, 214, 189, 103, 149, 66, 196, 151,
       57, 142, 52, 197, 110, 185, 147, 141, 237, 159, 52, 206, 51, 107,
       218, 128, 55, 212, 177, 252, 4, 177, 105, 75, 244, 213, 187, 249,
       78, 93, 125, 6, 144, 220, 254, 32, 252, 25, 18, 211, 211, 58, 62,
       245, 79, 25, 170, 108, 85, 11, 245, 247, 159, 223, 231, 159, 142,
       22, 142, 249, 213, 242, 144, 247, 73, 108, 255, 239, 127, 199,
       252, 231, 237, 71, 63, 238, 184, 66, 207, 182, 63, 253, 184, 85,
       191, 79, 102, 218, 239, 19, 222, 216, 215, 222, 212, 179, 73, 204,
       255, 175, 95, 200, 151, 255, 238, 103, 46, 250, 59, 89, 207, 255,
       119, 255, 254, 199, 150, 158, 62, 155, 188, 150, 190, 187, 159,
       10, 154, 119, 228, 122, 52, 69, 255, 115, 31, 231, 244, 141, 73,
       255, 234, 62, 223, 211, 156, 41, 169, 31, 17, 207, 93, 109, 52,
       26, 238, 53, 96, 64, 250, 102, 243, 34, 148, 114, 126, 236, 28,
       238, 205, 176, 101, 45, 228, 173, 162, 128, 109, 178, 232, 168,
       11, 182, 38, 152, 109, 215, 185, 121, 205, 220, 212, 167, 141,
       236, 182, 133, 239, 41, 223, 181, 164, 235, 118, 220, 30, 91, 239,
       207, 95, 12, 121, 215, 159, 95, 103, 218, 238, 21, 174, 220, 213,
       90, 209, 214, 73, 204, 189, 239, 127, 195, 150, 239, 231, 103, 62,
       255, 48, 74, 239, 204, 255, 255, 241, 244, 43, 49, 102, 193, 101,
       151, 184, 81, 237, 89, 191, 230, 136, 28, 158, 164, 238, 145, 222,
       149, 159, 163, 117, 208, 22, 89, 154, 195, 79, 134, 123, 149, 100,
       59, 200, 37, 48, 74, 73, 56, 32, 164, 166, 173, 195, 71, 75, 27,
       24, 204, 109, 56, 8, 210, 209, 8, 204, 165, 225, 181, 172, 162,
       22, 114, 105, 189, 57, 248, 221, 221, 87, 127, 207, 105, 172, 12,
       190, 191, 100, 112, 201, 174, 94, 28, 155, 43, 250, 151, 255, 253,
       21, 126, 218, 72, 210, 122, 143, 183, 74, 186, 126, 145, 186, 120,
       31, 73, 93, 247, 237, 220, 186, 1, 254, 11, 150, 247, 246, 114,
       46, 255, 126, 69, 171, 235, 63, 143, 185, 215, 104, 176, 191, 112,
       233, 205, 81, 87, 171, 123, 180, 56, 190, 157, 68, 59, 205, 178,
       255, 16, 27, 111, 242, 17, 223, 217, 116, 123, 194, 8, 214, 251,
       87, 61, 157, 181, 172, 108, 144, 134, 250, 232, 138, 100, 244, 60,
       65, 106, 197, 119, 124, 81, 141, 201, 215, 42, 169, 182, 255, 18,
       140, 113, 1, 29, 180, 109, 4, 171, 141, 45, 70, 204, 7, 58, 147,
       27, 135, 8, 73, 73, 201, 130, 110, 83, 94, 39, 75, 176, 177, 208,
       153, 63, 176, 91, 152, 6, 242, 48, 116, 101, 39, 91, 208, 115, 9,
       238, 182, 63, 10, 29, 86, 147, 173, 157, 213, 1, 172, 255, 225,
       192, 147, 90, 80, 183, 71, 12, 94, 95, 90, 177, 122, 233, 219,
       212, 57, 113, 174, 109, 223, 55, 28, 223, 34, 112, 238, 183, 255,
       145, 91, 27, 177, 213, 223, 225, 170, 195, 33, 2, 167, 115, 237,
       38, 136, 167, 252, 46, 94, 152, 51, 190, 139, 205, 199, 105, 91,
       27, 149, 196, 109, 127, 172, 80, 201, 42, 254, 247, 101, 181, 128,
       247, 90, 67, 135, 240, 145, 152, 250, 221, 185, 216, 142, 216,
       176, 255, 220, 222, 235, 171, 255, 81, 223, 51, 183, 71, 250, 211,
       188, 16, 47, 254, 156, 124, 9, 215, 87, 91, 63, 231, 5, 31, 127,
       216, 109, 228, 255, 206, 223, 221, 63, 96, 190, 229, 255, 111,
       205, 177, 61, 248, 243, 249, 11, 16, 125, 187, 89, 112, 93, 121,
       187, 245, 52, 12, 103, 21, 122, 233, 34, 76, 247, 113, 65, 106,
       148, 100, 124, 92, 217, 248, 241, 40, 237, 255, 53, 16, 192, 184,
       81, 40, 138, 22, 62, 159, 99, 34, 61, 39, 189, 158, 95, 183, 236,
       99, 47, 79, 247, 39, 187, 167, 32, 213, 9, 206, 70, 51, 218, 131,
       142, 116, 41, 155, 46, 237, 49, 24, 217, 205, 150, 175, 222, 125,
       40, 25, 140, 252, 78, 144, 145, 27, 195, 17, 118, 104, 122, 247,
       45, 22, 29, 127, 208, 28, 199, 215, 49, 188, 149, 50, 233, 173,
       68, 207, 251, 243, 160, 92, 190, 176, 64, 159, 129, 131, 116, 21,
       63, 111, 218, 49, 152, 218, 85, 58, 200, 92, 194, 30, 120, 85, 92,
       100, 56, 14, 83, 48, 224, 168, 174, 8, 87, 49, 1, 115, 132, 148,
       108, 106, 72, 161, 113, 12, 227, 235, 32, 16, 98, 170, 72, 34, 60,
       204, 252, 103, 244, 95, 214, 182, 113, 59, 254, 25, 83, 57, 22,
       58, 217, 214, 196, 122, 188, 250, 81, 34, 239, 255, 116, 85, 193,
