%YAML:1.0
---
descriptors: !!opencv-matrix
   rows: 308
   cols: 32
   dt: u
   data: [ 25, 165, 123, 101, 180, 119, 235, 251, 116, 97, 126, 66, 211,
       49, 152, 164, 127, 142, 22, 184, 155, 184, 125, 79, 111, 207, 163,
       68, 239, 226, 224, 160, 71, 223, 167, 158, 186, 148, 191, 188,
       190, 84, 79, 229, 236, 238, 191, 103, 215, 115, 251, 215, 247, 65,
       190, 245, 44, 58, 207, 202, 158, 183, 161, 85, 202, 162, 246, 21,
       171, 120, 184, 39, 235, 247, 134, 185, 142, 172, 70, 175, 167, 55,
       233, 17, 150, 105, 167, 192, 159, 83, 93, 127, 198, 68, 143, 110,
       214, 247, 22, 186, 187, 208, 30, 232, 175, 220, 152, 237, 204,
       230, 43, 211, 214, 113, 238, 227, 103, 67, 138, 253, 184, 18, 79,
       255, 24, 55, 47, 87, 123, 79, 100, 77, 164, 30, 78, 189, 101, 226,
       94, 199, 115, 33, 151, 247, 126, 228, 61, 238, 205, 144, 237, 140,
       38, 107, 229, 128, 47, 182, 216, 124, 236, 164, 48, 250, 221, 125,
       208, 200, 27, 55, 185, 25, 207, 221, 74, 152, 217, 155, 207, 51,
       62, 103, 218, 147, 223, 213, 17, 127, 210, 79, 78, 130, 189, 87,
       122, 110, 54, 27, 223, 120, 69, 228, 253, 239, 83, 205, 190, 17,
       30, 244, 213, 111, 237, 163, 108, 141, 242, 249, 37, 152, 127,
       190, 90, 209, 247, 212, 237, 255, 172, 118, 222, 156, 31, 251,
       215, 215, 221, 125, 127, 107, 255, 223, 63, 255, 189, 215, 251,
       226, 255, 123, 255, 148, 157, 253, 249, 115, 245, 200, 140, 190,
       13, 4, 75, 168, 131, 148, 161, 15, 119, 203, 121, 83, 216, 229,
       125, 239, 74, 103, 218, 185, 217, 235, 207, 60, 57, 59, 82, 26,
       72, 27, 247, 231, 36, 62, 248, 20, 237, 189, 126, 230, 217, 47,
       149, 234, 38, 118, 253, 216, 145, 184, 165, 224, 78, 255, 242,
       192, 239, 135, 117, 57, 181, 84, 61, 255, 156, 102, 238, 184, 222,
       82, 203, 82, 215, 254, 57, 105, 221, 215, 58, 175, 169, 39, 123,
       191, 245, 239, 235, 20, 152, 123, 241, 178, 57, 32, 124, 101, 101,
       91, 208, 24, 67, 113, 117, 42, 91, 25, 158, 57, 154, 156, 53, 106,
       141, 246, 103, 149, 67, 217, 65, 103, 111, 139, 90, 135, 199, 91,
       236, 140, 234, 16, 189, 157, 170, 252, 158, 229, 221, 238, 211,
       75, 54, 69, 253, 247, 197, 67, 175, 64, 116, 33, 239, 173, 12,
       246, 187, 85, 61, 176, 248, 176, 85, 89, 211, 104, 89, 224, 181,
       10, 31, 60, 78, 57, 186, 153, 208, 115, 45, 107, 248, 140, 219,
       223, 21, 127, 237, 40, 94, 198, 199, 255, 136, 158, 252, 7, 238,
       252, 146, 202, 156, 199, 245, 234, 251, 70, 93, 195, 95, 239, 229,
       67, 28, 255, 124, 30, 239, 188, 156, 255, 185, 213, 79, 81, 135,
       186, 164, 214, 110, 152, 87, 88, 83, 198, 217, 220, 185, 237, 92,
       204, 54, 255, 207, 208, 63, 245, 160, 122, 239, 196, 30, 255, 240,
       85, 84, 201, 158, 190, 188, 68, 95, 173, 166, 148, 139, 1, 247,
       231, 105, 66, 213, 247, 109, 226, 88, 73, 155, 43, 249, 231, 239,
       93, 128, 51, 165, 2, 143, 239, 83, 95, 213, 251, 166, 236, 253,
       138, 250, 98, 232, 248, 189, 228, 123, 238, 234, 235, 245, 176,
       237, 255, 62, 126, 135, 6, 215, 127, 249, 133, 173, 253, 37, 75,
       172, 221, 239, 152, 206, 90, 121, 68, 211, 252, 253, 167, 221, 74,
       54, 127, 255, 48, 127, 179, 44, 88, 165, 228, 223, 251, 208, 165,
       86, 189, 41, 170, 188, 199, 95, 248, 50, 204, 141, 139, 247, 255,
       120, 112, 214, 251, 93, 243, 218, 11, 235, 61, 249, 197, 175, 253,
       52, 147, 183, 115, 216, 35, 253, 229, 62, 79, 93, 59, 84, 164,
       134, 10, 215, 55, 1, 35, 54, 148, 125, 40, 248, 217, 241, 14, 249,
       203, 101, 52, 36, 168, 5, 105, 233, 124, 249, 231, 32, 110, 77,
       22, 48, 234, 246, 88, 179, 55, 129, 120, 77, 190, 53, 136, 169,
       220, 241, 10, 199, 239, 240, 144, 160, 248, 70, 121, 206, 105, 43,
       74, 201, 224, 47, 196, 236, 84, 207, 0, 156, 215, 123, 123, 34,
       87, 123, 219, 83, 1, 190, 96, 117, 41, 14, 72, 0, 83, 167, 232,
       28, 156, 188, 247, 178, 230, 127, 186, 50, 223, 30, 49, 245, 119,
       75, 75, 247, 119, 61, 145, 178, 216, 187, 127, 237, 175, 255, 196,
       164, 240, 37, 123, 205, 24, 151, 85, 165, 190, 98, 16, 253, 192,
       99, 84, 220, 242, 133, 239, 32, 100, 104, 126, 145, 244, 155, 68,
       140, 186, 67, 70, 202, 37, 97, 36, 212, 223, 58, 187, 180, 100,
       95, 182, 60, 79, 223, 53, 247, 127, 43, 83, 247, 87, 29, 99, 248,
       133, 25, 42, 233, 231, 238, 129, 180, 243, 173, 91, 124, 244, 121,
       107, 44, 79, 83, 184, 67, 190, 189, 8, 83, 117, 221, 50, 93, 220,
       92, 122, 202, 38, 249, 24, 255, 201, 37, 124, 241, 187, 70, 115,
       162, 232, 160, 203, 109, 149, 218, 200, 79, 9, 221, 26, 168, 216,
       118, 228, 216, 169, 55, 223, 206, 46, 202, 243, 23, 92, 138, 123,
       22, 15, 120, 142, 161, 220, 61, 249, 44, 47, 77, 190, 158, 122,
       48, 124, 215, 55, 185, 123, 199, 64, 127, 46, 225, 116, 75, 55,
       196, 155, 113, 180, 24, 249, 65, 185, 61, 140, 204, 179, 149, 172,
       226, 160, 54, 83, 235, 23, 195, 120, 27, 136, 249, 202, 3, 158,
       63, 252, 88, 167, 174, 239, 151, 65, 233, 95, 216, 146, 116, 91,
       253, 71, 174, 90, 151, 188, 195, 236, 191, 170, 67, 109, 205, 46,
       30, 212, 108, 98, 200, 99, 239, 160, 243, 254, 69, 55, 229, 251,
       70, 119, 202, 156, 173, 219, 168, 233, 77, 167, 158, 63, 4, 176,
       181, 55, 192, 127, 65, 18, 189, 24, 115, 92, 251, 51, 237, 179,
       254, 241, 146, 208, 132, 122, 177, 203, 105, 79, 52, 139, 207,
       252, 4, 64, 244, 230, 115, 69, 188, 32, 126, 248, 23, 238, 203,
       182, 77, 61, 100, 136, 160, 176, 125, 154, 112, 184, 60, 143, 149,
       190, 205, 78, 231, 232, 139, 150, 169, 2, 239, 99, 41, 151, 249,
       243, 162, 226, 120, 97, 58, 253, 185, 210, 199, 15, 211, 123, 100,
       224, 4, 107, 153, 138, 206, 33, 167, 200, 142, 176, 153, 203, 212,
       226, 105, 10, 221, 89, 107, 247, 2, 67, 202, 112, 60, 4, 175, 60,
       144, 123, 163, 160, 48, 136, 234, 88, 21, 151, 211, 64, 214, 132,
       231, 3, 49, 200, 54, 64, 88, 168, 11, 29, 14, 171, 116, 159, 91,
       47, 131, 25, 245, 42, 116, 74, 214, 4, 142, 149, 140, 38, 172,
       138, 176, 183, 130, 19, 64, 34, 81, 75, 97, 71, 105, 189, 52, 197,
       151, 66, 29, 34, 223, 69, 161, 113, 177, 2, 41, 188, 59, 120, 121,
       253, 113, 247, 191, 95, 124, 13, 62, 159, 34, 144, 173, 187, 215,
       8, 211, 58, 50, 117, 255, 223, 52, 106, 90, 128, 206, 251, 69, 30,
       159, 253, 40, 174, 57, 26, 174, 26, 254, 84, 252, 215, 33, 107,
       231, 55, 127, 10, 131, 197, 51, 241, 199, 251, 122, 146, 152, 241,
       33, 59, 68, 236, 141, 183, 134, 42, 108, 166, 114, 179, 11, 18,
       213, 34, 81, 75, 35, 231, 104, 154, 48, 220, 159, 98, 13, 166,
       223, 68, 161, 113, 161, 8, 246, 237, 145, 150, 222, 1, 198, 234,
       27, 162, 168, 10, 70, 226, 105, 16, 217, 219, 66, 243, 122, 103,
       200, 122, 185, 150, 143, 62, 209, 123, 130, 128, 215, 115, 23,
       142, 107, 22, 28, 236, 190, 222, 209, 231, 108, 214, 171, 211,
       254, 213, 255, 231, 237, 71, 251, 220, 176, 50, 207, 190, 24, 55,
       47, 215, 133, 44, 147, 83, 199, 236, 160, 194, 122, 155, 96, 80,
       20, 243, 101, 60, 177, 127, 34, 24, 51, 254, 154, 98, 29, 190, 87,
       106, 193, 97, 99, 162, 44, 120, 252, 97, 109, 127, 83, 216, 67,
       190, 180, 10, 27, 29, 83, 58, 217, 216, 215, 90, 10, 102, 251,
       144, 95, 217, 101, 125, 243, 251, 70, 226, 173, 79, 79, 15, 228,
       26, 238, 248, 116, 218, 115, 229, 81, 104, 187, 177, 92, 100, 22,
       111, 229, 246, 13, 44, 102, 43, 229, 132, 77, 191, 122, 213, 189,
       69, 127, 110, 102, 11, 223, 56, 85, 226, 119, 239, 83, 77, 191,
       49, 30, 229, 21, 111, 237, 182, 108, 29, 98, 235, 97, 148, 125,
       187, 64, 81, 68, 132, 206, 255, 28, 172, 107, 184, 191, 23, 135,
       151, 243, 235, 56, 65, 125, 196, 107, 174, 58, 100, 91, 127, 207,
       175, 195, 77, 60, 171, 88, 18, 118, 173, 247, 103, 155, 111, 111,
       232, 63, 166, 234, 10, 75, 39, 13, 151, 59, 215, 236, 242, 120,
