%YAML:1.0
---
descriptors: !!opencv-matrix
   rows: 415
   cols: 32
   dt: u
   data: [ 130, 174, 30, 187, 201, 229, 57, 199, 190, 23, 68, 145, 172,
       231, 98, 73, 197, 59, 171, 145, 50, 76, 66, 243, 205, 51, 94, 107,
       144, 68, 173, 202, 198, 239, 143, 190, 186, 192, 159, 236, 158,
       23, 137, 179, 236, 238, 106, 67, 199, 115, 235, 211, 114, 75, 202,
       243, 185, 54, 207, 251, 148, 119, 165, 90, 53, 105, 201, 203, 206,
       35, 135, 216, 86, 177, 209, 234, 81, 243, 233, 40, 89, 216, 50,
       250, 11, 114, 79, 48, 92, 140, 229, 124, 189, 251, 112, 160, 99,
       188, 188, 16, 205, 253, 180, 199, 235, 243, 40, 29, 174, 184, 70,
       186, 137, 107, 234, 17, 183, 107, 146, 115, 31, 31, 85, 123, 201,
       92, 203, 158, 71, 220, 175, 159, 186, 244, 191, 187, 190, 87, 77,
       149, 252, 238, 190, 231, 199, 119, 251, 143, 183, 69, 190, 251,
       47, 63, 207, 202, 158, 231, 165, 117, 194, 251, 168, 183, 187,
       200, 159, 175, 171, 125, 148, 185, 172, 190, 70, 2, 167, 83, 253,
       209, 86, 77, 234, 243, 255, 85, 159, 251, 4, 4, 135, 123, 22, 156,
       254, 242, 211, 114, 55, 231, 61, 87, 254, 51, 46, 191, 38, 121,
       235, 219, 135, 144, 60, 219, 56, 230, 251, 215, 94, 67, 225, 112,
       175, 219, 87, 246, 6, 154, 187, 214, 31, 217, 190, 207, 135, 245,
       204, 214, 234, 220, 213, 53, 255, 183, 173, 71, 186, 214, 184, 54,
       223, 223, 154, 70, 173, 85, 106, 180, 56, 182, 127, 245, 153, 103,
       153, 239, 157, 63, 44, 127, 86, 134, 143, 51, 247, 129, 181, 107,
       210, 239, 25, 87, 90, 187, 95, 76, 15, 223, 15, 76, 163, 158, 197,
       180, 239, 196, 133, 198, 232, 6, 104, 250, 53, 236, 216, 106, 147,
       207, 136, 167, 58, 234, 49, 127, 142, 10, 211, 127, 112, 238, 213,
       66, 255, 245, 44, 106, 109, 56, 236, 218, 150, 96, 247, 47, 145,
       123, 166, 197, 124, 234, 233, 197, 167, 8, 194, 235, 235, 148, 44,
       241, 65, 41, 33, 173, 241, 91, 244, 237, 231, 223, 126, 43, 124,
       16, 178, 177, 92, 52, 25, 10, 18, 24, 19, 190, 112, 115, 109, 156,
       52, 96, 219, 216, 210, 168, 40, 173, 249, 120, 242, 233, 119, 223,
       122, 35, 124, 56, 53, 179, 72, 48, 187, 27, 6, 24, 18, 58, 232,
       115, 109, 143, 52, 108, 240, 192, 198, 171, 199, 94, 134, 191, 40,
       166, 8, 162, 158, 218, 195, 245, 229, 226, 35, 203, 197, 99, 255,
       135, 166, 205, 75, 189, 128, 115, 254, 152, 152, 117, 41, 25, 188,
       112, 248, 97, 77, 127, 83, 216, 82, 183, 181, 26, 91, 93, 95, 58,
       89, 216, 230, 122, 10, 102, 251, 18, 95, 205, 101, 125, 251, 251,
       78, 178, 69, 65, 254, 225, 166, 26, 108, 21, 111, 241, 7, 70, 157,
       43, 210, 234, 98, 70, 124, 220, 149, 248, 213, 192, 206, 249, 214,
       68, 174, 147, 233, 0, 72, 43, 56, 105, 240, 140, 123, 17, 107, 12,
       124, 8, 159, 131, 130, 80, 182, 60, 76, 88, 18, 184, 160, 64, 255,
       253, 32, 65, 66, 130, 198, 33, 189, 114, 226, 97, 5, 63, 249, 88,
       115, 238, 247, 159, 11, 12, 215, 172, 253, 141, 247, 189, 140,
       246, 245, 130, 215, 221, 193, 164, 239, 253, 90, 212, 67, 48, 107,
       109, 106, 198, 169, 86, 172, 65, 71, 212, 157, 159, 48, 104, 38,
       61, 123, 141, 129, 153, 180, 81, 7, 105, 186, 136, 12, 128, 35,
       249, 95, 167, 66, 135, 237, 61, 236, 240, 237, 250, 223, 199, 203,
       232, 222, 135, 188, 110, 238, 111, 213, 115, 142, 232, 182, 89,
       207, 171, 79, 255, 219, 148, 165, 220, 61, 251, 141, 253, 223,
       254, 223, 114, 253, 18, 222, 253, 57, 105, 221, 147, 59, 111, 235,
       39, 123, 183, 239, 219, 223, 62, 152, 121, 240, 242, 22, 122, 242,
       135, 86, 150, 186, 80, 59, 228, 91, 199, 109, 206, 87, 36, 62,
       253, 145, 183, 196, 211, 164, 202, 27, 77, 143, 162, 173, 183, 63,
       221, 87, 227, 204, 186, 138, 18, 30, 200, 186, 255, 129, 173, 205,
       238, 207, 154, 151, 69, 237, 247, 214, 67, 207, 82, 186, 119, 239,
       255, 156, 119, 47, 85, 179, 223, 11, 154, 92, 149, 174, 230, 220,
       64, 200, 198, 160, 192, 180, 229, 240, 107, 18, 207, 231, 11, 62,
       127, 176, 56, 138, 186, 28, 28, 57, 252, 124, 119, 200, 109, 53,
       15, 98, 184, 53, 172, 235, 77, 203, 33, 9, 144, 152, 204, 205, 98,
       140, 176, 73, 14, 238, 245, 37, 21, 106, 187, 90, 2, 95, 104, 98,
       76, 67, 22, 110, 64, 49, 70, 70, 135, 41, 206, 151, 244, 118, 237,
       177, 239, 141, 151, 181, 235, 22, 110, 138, 136, 47, 181, 122,
       116, 255, 96, 224, 108, 109, 23, 214, 72, 219, 226, 245, 15, 106,
       219, 119, 159, 216, 236, 117, 110, 205, 103, 218, 136, 19, 251,
       197, 63, 95, 63, 90, 142, 207, 239, 132, 151, 173, 30, 238, 168,
       210, 246, 139, 205, 200, 40, 214, 135, 133, 103, 250, 239, 181,
       76, 223, 234, 44, 87, 207, 182, 142, 119, 217, 84, 210, 122, 155,
       188, 34, 130, 29, 54, 180, 142, 210, 229, 165, 231, 129, 81, 182,
       245, 237, 193, 104, 205, 131, 42, 240, 231, 122, 145, 36, 240, 39,
       121, 174, 229, 76, 80, 205, 19, 197, 239, 67, 180, 164, 139, 64,
       200, 95, 191, 57, 202, 226, 241, 110, 115, 127, 28, 127, 3, 197,
       109, 111, 124, 222, 214, 77, 93, 119, 207, 252, 239, 111, 184,
       229, 72, 111, 64, 249, 119, 161, 247, 68, 116, 46, 106, 161, 144,
       121, 255, 45, 190, 167, 0, 58, 251, 100, 177, 93, 36, 232, 103,
       178, 58, 121, 27, 118, 227, 31, 146, 217, 47, 218, 236, 55, 94,
       189, 188, 145, 208, 253, 130, 206, 207, 255, 228, 167, 231, 129,
       112, 212, 115, 158, 183, 170, 14, 61, 57, 188, 190, 131, 253, 213,
       103, 193, 91, 39, 197, 109, 230, 240, 197, 153, 64, 216, 162, 111,
       148, 168, 241, 129, 17, 168, 6, 220, 81, 229, 123, 116, 71, 95,
       183, 100, 24, 43, 49, 101, 153, 201, 58, 194, 16, 46, 254, 67, 26,
       15, 219, 84, 55, 211, 88, 206, 138, 188, 142, 28, 57, 141, 123,
       212, 235, 84, 55, 240, 25, 131, 56, 34, 153, 201, 146, 198, 33,
       60, 239, 65, 63, 195, 247, 82, 87, 243, 121, 222, 130, 220, 119,
       215, 102, 210, 14, 127, 248, 49, 174, 247, 239, 75, 103, 137, 151,
       54, 213, 197, 238, 232, 215, 173, 138, 242, 239, 101, 132, 103,
       247, 38, 113, 182, 180, 225, 177, 205, 105, 240, 74, 27, 247, 185,
       155, 2, 252, 94, 13, 249, 157, 243, 17, 30, 118, 251, 144, 95, 80,
       217, 119, 197, 77, 214, 214, 92, 87, 78, 110, 50, 6, 79, 184, 52,
       142, 255, 229, 89, 103, 187, 81, 118, 244, 37, 238, 168, 146, 9,
       14, 248, 175, 165, 132, 103, 179, 36, 113, 221, 86, 141, 181, 162,
       46, 108, 186, 50, 250, 6, 213, 223, 55, 75, 219, 55, 69, 125, 175,
       165, 84, 157, 10, 204, 227, 127, 148, 170, 245, 139, 81, 131, 18,
       204, 151, 52, 166, 104, 51, 20, 233, 211, 215, 49, 40, 146, 72,
       124, 172, 55, 141, 189, 220, 85, 206, 68, 46, 250, 192, 173, 140,
       56, 93, 7, 247, 198, 15, 255, 27, 174, 232, 94, 224, 91, 230, 200,
       248, 223, 164, 255, 77, 242, 231, 229, 242, 223, 255, 62, 62, 79,
       134, 77, 127, 123, 149, 35, 233, 172, 157, 93, 213, 188, 239, 142,
       244, 132, 143, 160, 204, 119, 3, 201, 106, 123, 29, 6, 107, 250,
       177, 47, 30, 157, 123, 21, 28, 92, 222, 169, 44, 204, 71, 96, 127,
       236, 50, 100, 234, 119, 252, 243, 53, 147, 61, 46, 164, 86, 46,
       165, 180, 101, 28, 70, 139, 113, 176, 111, 249, 74, 153, 71, 240,
       233, 131, 18, 110, 107, 152, 58, 249, 23, 86, 213, 54, 216, 122,
       55, 141, 125, 191, 147, 80, 189, 80, 77, 45, 171, 228, 173, 163,
       147, 241, 254, 88, 181, 116, 107, 69, 149, 200, 138, 250, 176,
       105, 94, 255, 69, 187, 205, 245, 253, 227, 200, 103, 250, 128,
       209, 203, 233, 190, 81, 53, 6, 115, 171, 168, 44, 179, 173, 157,
       184, 134, 206, 61, 52, 21, 172, 200, 94, 139, 201, 43, 234, 21,
       22, 108, 90, 245, 79, 91, 30, 127, 210, 12, 219, 207, 236, 253,
       161, 94, 201, 125, 23, 140, 211, 255, 173, 29, 98, 244, 79, 62,
       25, 222, 234, 82, 186, 99, 254, 51, 127, 20, 69, 63, 211, 127,
       214, 246, 154, 14, 115, 77, 66, 178, 106, 114, 245, 134, 126, 226,
       105, 231, 165, 245, 126, 252, 134, 234, 225, 151, 36, 238, 22,
