%YAML:1.0
---
descriptors: !!opencv-matrix
   rows: 253
   cols: 32
   dt: u
   data: [ 1, 128, 254, 249, 100, 168, 232, 23, 254, 19, 114, 242, 149,
       139, 176, 104, 227, 9, 46, 25, 22, 188, 70, 81, 68, 188, 186, 64,
       220, 136, 129, 140, 0, 132, 103, 241, 68, 174, 224, 23, 124, 17,
       90, 210, 145, 139, 16, 72, 99, 14, 63, 28, 130, 188, 199, 65, 132,
       184, 178, 192, 164, 136, 81, 170, 10, 57, 248, 129, 61, 253, 185,
       70, 237, 85, 126, 21, 140, 31, 86, 10, 238, 11, 223, 145, 146,
       184, 112, 192, 197, 89, 26, 195, 199, 69, 167, 211, 103, 30, 195,
       67, 242, 54, 106, 146, 57, 235, 122, 230, 25, 39, 213, 252, 127,
       222, 22, 156, 129, 146, 229, 226, 30, 252, 178, 192, 175, 243, 98,
       189, 37, 53, 241, 71, 96, 126, 231, 48, 121, 234, 57, 76, 242,
       118, 205, 183, 28, 126, 84, 106, 193, 242, 253, 104, 39, 152, 37,
       32, 75, 243, 66, 189, 137, 255, 112, 65, 242, 153, 191, 159, 123,
       164, 60, 238, 44, 12, 199, 181, 39, 123, 198, 80, 230, 248, 165,
       254, 62, 89, 37, 163, 103, 212, 143, 253, 17, 6, 203, 227, 150,
       171, 105, 87, 118, 97, 74, 150, 19, 11, 48, 104, 111, 138, 27,
       157, 147, 188, 21, 214, 221, 207, 154, 68, 189, 200, 240, 184, 0,
       207, 63, 122, 176, 157, 174, 182, 254, 21, 106, 64, 253, 206, 96,
       96, 133, 123, 170, 67, 198, 40, 58, 119, 173, 213, 62, 73, 80, 19,
       165, 104, 2, 219, 10, 153, 51, 144, 184, 230, 188, 13, 90, 167,
       172, 142, 38, 64, 230, 43, 179, 197, 198, 152, 2, 253, 102, 49,
       154, 131, 28, 4, 41, 219, 220, 7, 110, 101, 132, 54, 111, 57, 96,
       164, 255, 2, 91, 43, 152, 115, 114, 196, 253, 234, 248, 209, 189,
       76, 247, 235, 227, 197, 39, 226, 238, 32, 49, 201, 120, 254, 28,
       193, 195, 244, 70, 4, 252, 2, 51, 217, 176, 96, 88, 184, 14, 74,
       203, 171, 110, 191, 243, 173, 162, 24, 117, 154, 116, 168, 124,
       124, 22, 254, 27, 205, 22, 226, 171, 18, 168, 9, 63, 223, 33, 17,
       167, 243, 205, 2, 74, 107, 154, 253, 243, 247, 22, 59, 122, 87,
       39, 27, 18, 114, 106, 137, 110, 209, 184, 80, 172, 76, 221, 167,
       141, 140, 247, 0, 238, 129, 223, 197, 142, 39, 166, 208, 214, 5,
       170, 137, 77, 143, 61, 211, 78, 57, 188, 112, 173, 108, 156, 135,
       171, 251, 174, 25, 158, 188, 87, 58, 131, 215, 253, 17, 21, 105,
       155, 224, 91, 94, 93, 127, 202, 117, 143, 31, 152, 218, 62, 254,
       46, 197, 157, 117, 148, 14, 214, 179, 247, 29, 51, 1, 174, 177,
       95, 227, 232, 173, 3, 63, 243, 203, 122, 145, 85, 24, 37, 91, 41,
       123, 233, 199, 238, 23, 239, 117, 82, 234, 85, 238, 177, 45, 211,
       40, 95, 110, 55, 207, 193, 118, 237, 10, 102, 15, 247, 168, 63,
       250, 208, 249, 149, 75, 63, 127, 56, 158, 238, 48, 236, 128, 243,
       64, 243, 204, 49, 99, 252, 113, 108, 227, 237, 161, 63, 12, 225,
       233, 47, 0, 96, 51, 73, 128, 70, 168, 191, 182, 110, 192, 177,
       232, 170, 157, 16, 35, 244, 254, 237, 43, 171, 123, 119, 81, 2,
       105, 138, 225, 92, 18, 255, 239, 132, 32, 55, 203, 15, 236, 176,
       147, 197, 113, 190, 207, 31, 243, 81, 19, 140, 252, 111, 140, 217,
       91, 147, 19, 118, 118, 75, 243, 47, 22, 223, 111, 151, 125, 153,
       198, 42, 114, 230, 169, 111, 115, 184, 66, 15, 255, 213, 191, 12,
       140, 119, 140, 238, 153, 247, 149, 132, 183, 103, 192, 87, 87,
       218, 187, 215, 93, 61, 215, 190, 253, 111, 179, 207, 249, 118,
       196, 149, 94, 85, 147, 3, 205, 91, 11, 233, 218, 151, 211, 126,
       214, 122, 160, 119, 193, 236, 225, 183, 93, 246, 242, 73, 30, 62,
       244, 36, 140, 123, 118, 237, 202, 86, 101, 188, 159, 179, 64, 166,
       99, 127, 79, 193, 141, 162, 255, 246, 255, 58, 138, 8, 33, 33, 91,
       48, 92, 223, 251, 83, 230, 112, 86, 55, 107, 115, 87, 93, 31, 40,
       121, 255, 191, 55, 144, 33, 158, 81, 55, 69, 238, 114, 194, 249,
       65, 160, 179, 63, 114, 207, 229, 179, 86, 89, 81, 32, 236, 190,
       207, 29, 7, 195, 150, 52, 253, 213, 188, 217, 215, 177, 136, 251,
       197, 173, 212, 162, 164, 142, 241, 46, 112, 242, 143, 109, 95,
       182, 200, 91, 174, 253, 11, 76, 220, 127, 148, 253, 221, 215, 227,
       68, 55, 250, 250, 61, 92, 7, 63, 87, 63, 103, 215, 80, 69, 217,
       231, 164, 10, 109, 13, 48, 130, 234, 2, 247, 35, 25, 90, 114, 198,
       44, 170, 72, 244, 193, 10, 244, 239, 246, 0, 164, 242, 224, 40,
       27, 147, 125, 237, 47, 87, 217, 123, 85, 110, 222, 231, 255, 61,
       186, 36, 190, 21, 189, 41, 205, 49, 113, 157, 211, 255, 107, 151,
       127, 172, 5, 119, 92, 249, 30, 190, 43, 221, 86, 229, 171, 208,
       168, 8, 46, 255, 35, 16, 162, 243, 205, 194, 75, 43, 154, 253,
       243, 241, 7, 59, 250, 50, 175, 91, 61, 94, 233, 107, 244, 35, 207,
       220, 87, 96, 252, 198, 83, 9, 177, 96, 127, 140, 23, 188, 139,
       178, 93, 154, 110, 205, 165, 68, 255, 250, 112, 176, 92, 165, 185,
       228, 140, 111, 95, 191, 19, 246, 172, 9, 247, 247, 80, 18, 145,
       247, 121, 58, 56, 75, 251, 10, 251, 207, 69, 61, 32, 248, 134,
       114, 134, 233, 176, 155, 205, 81, 182, 204, 31, 183, 64, 27, 140,
       248, 119, 142, 249, 91, 179, 211, 118, 126, 218, 242, 15, 22, 223,
       111, 151, 125, 157, 134, 58, 114, 226, 141, 47, 115, 152, 74, 143,
       239, 212, 175, 140, 140, 119, 142, 238, 145, 255, 129, 140, 167,
       119, 192, 147, 85, 154, 187, 215, 125, 61, 215, 82, 189, 191, 254,
       139, 196, 53, 103, 186, 87, 172, 25, 46, 255, 38, 80, 163, 51,
       251, 0, 50, 75, 178, 119, 251, 247, 94, 27, 0, 64, 167, 122, 7,
       184, 183, 219, 207, 180, 171, 156, 254, 89, 67, 86, 252, 242, 253,
       237, 247, 91, 59, 155, 147, 80, 186, 241, 13, 26, 159, 238, 158,
       87, 177, 167, 114, 248, 27, 162, 49, 221, 82, 192, 59, 8, 176, 41,
       175, 158, 64, 144, 182, 249, 221, 82, 78, 15, 144, 179, 147, 213,
       60, 251, 0, 31, 7, 95, 142, 204, 108, 243, 197, 245, 253, 167,
       223, 23, 87, 18, 232, 124, 30, 45, 233, 123, 147, 147, 246, 252,
       126, 247, 111, 91, 223, 67, 215, 93, 221, 230, 54, 233, 50, 140,
       125, 69, 158, 232, 137, 132, 185, 11, 108, 220, 127, 132, 248,
       217, 219, 227, 66, 35, 218, 253, 185, 20, 143, 191, 21, 63, 118,
       198, 7, 199, 32, 139, 21, 167, 186, 236, 14, 69, 89, 135, 232,
       204, 62, 68, 217, 11, 19, 119, 134, 176, 12, 253, 44, 20, 138,
       199, 29, 95, 249, 214, 205, 244, 95, 243, 96, 238, 124, 56, 161,
       210, 231, 25, 255, 87, 10, 27, 183, 199, 125, 226, 99, 212, 155,
       125, 199, 251, 113, 1, 32, 211, 174, 67, 66, 156, 191, 183, 236,
       102, 189, 231, 62, 63, 218, 19, 244, 183, 104, 74, 235, 95, 59,
       145, 50, 217, 219, 227, 253, 54, 254, 64, 128, 88, 165, 251, 101,
       89, 189, 117, 172, 111, 101, 158, 110, 251, 34, 8, 215, 61, 81,
       122, 133, 84, 121, 125, 153, 240, 123, 32, 237, 187, 117, 20, 192,
       121, 192, 98, 237, 180, 189, 247, 156, 110, 87, 184, 114, 251,
       167, 17, 215, 125, 88, 51, 217, 212, 121, 58, 41, 100, 251, 47,
       201, 187, 197, 84, 192, 105, 86, 114, 40, 185, 110, 103, 52, 79,
       85, 49, 32, 196, 254, 13, 243, 53, 2, 16, 8, 182, 125, 72, 72,
       184, 241, 13, 231, 217, 36, 17, 96, 170, 86, 123, 1, 157, 23, 249,
       146, 238, 177, 7, 190, 9, 74, 80, 188, 183, 32, 64, 165, 59, 19,
       24, 51, 152, 16, 87, 205, 166, 58, 64, 152, 0, 161, 171, 147, 204,
       15, 222, 19, 134, 174, 230, 189, 0, 192, 131, 61, 239, 53, 97,
       108, 251, 59, 205, 98, 143, 22, 255, 49, 174, 154, 8, 49, 0, 49,
       184, 1, 228, 120, 65, 176, 15, 105, 63, 46, 105, 63, 84, 211, 19,
       140, 48, 151, 12, 84, 60, 211, 184, 113, 23, 237, 156, 37, 196,
       200, 130, 195, 49, 33, 249, 121, 73, 100, 207, 239, 252, 71, 36,
       116, 66, 17, 5, 244, 36, 90, 24, 18, 74, 195, 182, 116, 221, 103,
       28, 33, 36, 119, 154, 118, 232, 35, 215, 113, 67, 116, 143, 239,
       117, 77, 104, 125, 106, 112, 21, 156, 52, 94, 176, 22, 234, 209,
       186, 124, 253, 61, 28, 164, 194, 103, 154, 214, 237, 80, 221, 31,
