%YAML:1.0
---
descriptors: !!opencv-matrix
   rows: 199
   cols: 32
   dt: u
   data: [ 85, 223, 187, 109, 182, 90, 87, 184, 118, 234, 222, 108, 215,
       121, 139, 112, 247, 212, 124, 99, 237, 176, 249, 14, 250, 239, 37,
       149, 108, 251, 93, 115, 138, 80, 127, 127, 10, 198, 41, 20, 236,
       69, 71, 20, 189, 159, 52, 104, 38, 21, 123, 201, 131, 157, 183,
       65, 69, 249, 186, 128, 44, 129, 165, 248, 214, 189, 151, 190, 155,
       225, 22, 238, 187, 147, 168, 57, 110, 254, 105, 23, 163, 243, 233,
       83, 114, 75, 154, 243, 185, 214, 95, 123, 176, 81, 167, 31, 62,
       156, 222, 182, 243, 208, 158, 231, 187, 23, 254, 179, 108, 254,
       38, 219, 235, 243, 135, 144, 62, 219, 8, 227, 186, 215, 222, 203,
       131, 116, 175, 159, 45, 40, 228, 69, 212, 47, 235, 24, 113, 224,
       111, 12, 211, 113, 19, 60, 24, 204, 112, 127, 137, 240, 125, 12,
       76, 158, 69, 68, 239, 235, 82, 240, 76, 253, 159, 234, 234, 100,
       127, 221, 167, 30, 108, 1, 221, 215, 107, 91, 231, 219, 31, 250,
       66, 0, 186, 112, 247, 137, 39, 44, 176, 243, 166, 115, 126, 227,
       168, 162, 60, 217, 90, 204, 139, 237, 157, 171, 135, 141, 219,
       130, 156, 221, 221, 117, 30, 11, 236, 180, 187, 213, 173, 255,
       132, 143, 94, 84, 199, 248, 239, 159, 186, 244, 187, 184, 190, 85,
       87, 181, 252, 254, 158, 110, 39, 119, 249, 223, 167, 76, 191, 243,
       15, 62, 223, 138, 134, 247, 161, 117, 7, 255, 214, 31, 255, 155,
       182, 232, 222, 234, 91, 238, 232, 232, 191, 164, 255, 111, 250,
       103, 229, 243, 79, 255, 62, 30, 79, 175, 223, 127, 25, 149, 165,
       239, 225, 71, 244, 7, 111, 248, 115, 234, 125, 236, 112, 231, 221,
       52, 93, 238, 19, 254, 243, 210, 252, 110, 108, 30, 165, 172, 103,
       243, 246, 240, 135, 181, 209, 3, 246, 187, 164, 109, 94, 113, 25,
       254, 204, 56, 220, 172, 183, 15, 210, 53, 183, 120, 207, 214, 44,
       28, 31, 230, 205, 78, 219, 149, 221, 68, 69, 239, 36, 10, 111,
       184, 117, 226, 119, 198, 211, 99, 153, 115, 122, 196, 60, 238,
       233, 244, 93, 46, 228, 235, 231, 4, 47, 179, 96, 32, 6, 166, 225,
       147, 231, 125, 252, 39, 27, 247, 27, 223, 141, 44, 94, 142, 7, 15,
       179, 21, 151, 124, 221, 194, 15, 94, 223, 101, 173, 206, 223, 212,
       215, 141, 231, 209, 143, 102, 108, 143, 250, 179, 138, 18, 93, 34,
       85, 107, 99, 199, 121, 189, 48, 217, 191, 226, 13, 42, 223, 68,
       165, 113, 161, 36, 88, 81, 247, 101, 50, 78, 113, 24, 59, 225,
       103, 8, 223, 23, 0, 124, 54, 29, 121, 104, 1, 208, 241, 76, 197,
       170, 65, 4, 34, 131, 7, 114, 210, 72, 18, 190, 15, 132, 90, 224,
       141, 0, 240, 143, 111, 203, 33, 69, 238, 225, 237, 194, 108, 47,
       138, 255, 179, 240, 10, 27, 59, 63, 41, 30, 87, 16, 239, 199, 2,
       98, 57, 17, 160, 230, 223, 166, 93, 119, 155, 106, 54, 181, 61,
       174, 145, 209, 189, 200, 210, 175, 235, 132, 173, 227, 37, 113,
       191, 220, 100, 95, 151, 119, 223, 248, 87, 238, 87, 163, 73, 125,
       183, 37, 127, 216, 183, 239, 236, 244, 109, 191, 107, 79, 237,
       135, 247, 255, 124, 247, 58, 22, 42, 44, 141, 119, 85, 111, 213,
       14, 244, 47, 10, 189, 39, 25, 248, 169, 197, 33, 60, 163, 18, 156,
       243, 247, 80, 27, 83, 125, 254, 215, 165, 220, 61, 251, 140, 175,
       79, 188, 222, 122, 231, 82, 243, 253, 61, 105, 221, 146, 63, 110,
       235, 39, 123, 191, 243, 219, 195, 60, 144, 123, 208, 34, 129, 212,
       63, 184, 168, 236, 61, 190, 252, 95, 2, 17, 252, 222, 42, 123,
       135, 83, 125, 103, 230, 69, 58, 117, 225, 251, 126, 207, 16, 80,
       167, 123, 184, 204, 108, 232, 30, 135, 223, 252, 212, 20, 244,
       138, 51, 77, 58, 65, 92, 152, 23, 235, 234, 175, 117, 29, 243,
       203, 225, 181, 119, 152, 116, 250, 222, 190, 238, 23, 179, 82, 94,
       49, 177, 206, 151, 181, 107, 110, 158, 247, 55, 231, 237, 175,
       173, 197, 175, 238, 202, 111, 125, 129, 175, 230, 46, 117, 137,
       122, 239, 133, 78, 91, 175, 240, 116, 230, 214, 166, 249, 76, 147,
       167, 124, 236, 250, 239, 229, 244, 101, 202, 118, 35, 239, 129,
       111, 188, 29, 252, 204, 89, 55, 123, 233, 212, 125, 212, 228, 93,
       70, 128, 29, 215, 59, 235, 230, 27, 255, 219, 195, 145, 59, 225,
       87, 233, 170, 192, 2, 149, 165, 241, 216, 97, 119, 197, 67, 74,
       113, 0, 45, 160, 111, 160, 93, 23, 0, 124, 50, 156, 121, 202, 65,
       144, 177, 204, 213, 184, 0, 2, 35, 147, 39, 114, 215, 126, 171,
       152, 43, 118, 59, 200, 190, 254, 199, 183, 204, 214, 235, 253,
       255, 93, 251, 247, 165, 71, 255, 250, 152, 34, 207, 191, 152, 117,
       47, 215, 173, 105, 241, 64, 236, 79, 199, 220, 71, 254, 180, 106,
       83, 85, 221, 47, 88, 220, 118, 122, 201, 103, 239, 144, 53, 152,
       101, 188, 119, 251, 84, 225, 37, 37, 141, 179, 228, 63, 165, 151,
       94, 251, 19, 220, 149, 44, 217, 41, 73, 10, 18, 29, 183, 248, 127,
       18, 12, 146, 255, 228, 220, 88, 209, 212, 124, 103, 88, 111, 248,
       11, 87, 248, 51, 172, 253, 169, 67, 65, 11, 20, 92, 220, 199, 98,
       72, 50, 201, 30, 118, 180, 37, 53, 99, 186, 78, 131, 39, 237, 229,
       95, 221, 147, 238, 236, 91, 146, 105, 138, 96, 224, 221, 180, 89,
       126, 18, 238, 115, 242, 254, 255, 47, 30, 197, 110, 199, 255, 210,
       164, 231, 220, 173, 254, 172, 127, 223, 184, 159, 250, 151, 26,
       247, 253, 123, 107, 221, 215, 127, 111, 249, 103, 251, 171, 251,
       251, 223, 60, 156, 121, 208, 114, 234, 44, 174, 180, 13, 248, 177,
       70, 156, 87, 198, 27, 174, 189, 34, 139, 169, 51, 251, 1, 62, 205,
       178, 163, 195, 243, 216, 83, 128, 76, 157, 122, 71, 30, 143, 191,
       168, 166, 14, 50, 188, 202, 219, 229, 244, 118, 179, 234, 213,
       103, 124, 175, 157, 133, 79, 47, 128, 54, 251, 146, 152, 119, 49,
       85, 212, 140, 140, 247, 132, 34, 236, 135, 242, 179, 138, 18, 209,
       35, 81, 75, 97, 231, 121, 152, 48, 220, 155, 226, 13, 162, 223,
       69, 161, 113, 245, 40, 37, 208, 101, 83, 52, 223, 227, 144, 94,
       121, 115, 86, 243, 92, 156, 108, 88, 106, 54, 95, 159, 244, 125,
       181, 5, 62, 176, 64, 77, 155, 208, 53, 125, 87, 70, 111, 114, 6,
       110, 184, 49, 234, 255, 231, 89, 103, 155, 85, 126, 204, 53, 238,
       233, 210, 9, 142, 246, 235, 231, 132, 47, 183, 104, 81, 22, 156,
       254, 182, 251, 224, 53, 231, 187, 23, 252, 179, 108, 255, 110, 82,
       235, 251, 239, 145, 62, 203, 10, 255, 219, 215, 95, 203, 161, 96,
       47, 203, 30, 31, 227, 69, 242, 50, 239, 114, 53, 132, 122, 230,
       73, 163, 181, 204, 126, 252, 135, 172, 145, 144, 37, 204, 54, 254,
       226, 192, 175, 247, 225, 181, 229, 204, 189, 255, 172, 45, 71,
       188, 222, 50, 161, 16, 247, 249, 57, 107, 201, 210, 59, 106, 106,
       103, 91, 51, 237, 251, 247, 60, 144, 121, 208, 42, 196, 189, 243,
       206, 235, 100, 127, 251, 169, 222, 188, 48, 92, 247, 233, 118,
       119, 82, 95, 170, 113, 7, 186, 234, 127, 156, 39, 174, 146, 242,
       230, 243, 48, 89, 119, 204, 54, 70, 231, 116, 68, 200, 242, 230,
       115, 37, 181, 101, 126, 244, 14, 106, 201, 187, 53, 173, 49, 168,
       102, 128, 109, 186, 116, 121, 116, 237, 136, 134, 220, 3, 134,
       204, 26, 162, 168, 11, 84, 224, 121, 0, 217, 203, 66, 247, 104,
       99, 216, 122, 185, 4, 143, 60, 149, 123, 211, 130, 100, 237, 224,
       207, 246, 10, 110, 184, 83, 162, 105, 138, 113, 225, 217, 116,
       123, 238, 51, 110, 112, 242, 205, 47, 126, 46, 5, 44, 231, 251,
       210, 160, 92, 125, 83, 94, 83, 192, 51, 228, 169, 128, 110, 32,
       124, 247, 33, 244, 50, 123, 200, 66, 1, 139, 154, 111, 179, 164,
       6, 11, 162, 179, 39, 43, 53, 118, 99, 69, 52, 31, 239, 48, 117,
       236, 126, 230, 211, 45, 149, 36, 124, 204, 6, 238, 233, 176, 117,
       174, 38, 238, 164, 128, 111, 187, 82, 244, 247, 55, 249, 128, 198,
       47, 229, 89, 90, 167, 185, 95, 68, 235, 126, 26, 251, 141, 7, 61,
       176, 114, 216, 194, 157, 12, 239, 124, 229, 106, 211, 227, 90,
       252, 40, 178, 59, 205, 155, 174, 187, 125, 148, 169, 172, 158, 66,
