%YAML:1.0
---
descriptors: !!opencv-matrix
   rows: 151
   cols: 32
   dt: u
   data: [ 212, 114, 156, 117, 170, 10, 21, 152, 186, 190, 35, 253, 207,
       39, 201, 91, 55, 85, 109, 114, 160, 85, 137, 18, 216, 162, 101,
       180, 160, 241, 7, 51, 92, 87, 127, 109, 82, 2, 111, 56, 52, 142,
       255, 230, 89, 103, 185, 81, 118, 213, 37, 234, 232, 147, 45, 78,
       112, 167, 39, 132, 103, 243, 36, 49, 57, 159, 106, 109, 116, 31,
       247, 120, 109, 108, 254, 236, 107, 13, 150, 52, 62, 204, 87, 111,
       205, 185, 37, 31, 246, 253, 37, 144, 111, 174, 74, 221, 36, 253,
       127, 67, 219, 79, 231, 252, 119, 166, 110, 8, 82, 53, 72, 52, 57,
       222, 106, 106, 113, 250, 249, 47, 127, 158, 69, 116, 195, 250,
       198, 168, 67, 169, 33, 155, 211, 212, 63, 167, 42, 81, 76, 135,
       188, 174, 114, 244, 231, 75, 187, 221, 215, 24, 190, 245, 189, 52,
       158, 234, 156, 6, 171, 124, 85, 22, 191, 245, 168, 46, 61, 26,
       236, 190, 187, 84, 220, 55, 1, 107, 167, 87, 125, 26, 177, 197,
       179, 64, 197, 187, 123, 144, 136, 97, 33, 51, 124, 51, 162, 30,
       201, 81, 148, 232, 195, 156, 229, 41, 66, 244, 111, 23, 216, 252,
       234, 98, 76, 99, 226, 48, 27, 48, 68, 59, 83, 63, 110, 230, 185,
       47, 74, 234, 84, 131, 195, 112, 84, 164, 253, 10, 115, 193, 177,
       1, 88, 170, 6, 234, 104, 178, 76, 61, 242, 201, 161, 57, 127, 139,
       120, 136, 187, 8, 167, 157, 23, 243, 160, 99, 95, 193, 194, 82,
       42, 188, 180, 237, 248, 60, 162, 1, 181, 254, 117, 159, 29, 126,
       24, 67, 215, 12, 116, 236, 67, 8, 43, 88, 26, 212, 170, 48, 254,
       72, 70, 64, 253, 211, 176, 96, 54, 57, 123, 141, 131, 9, 158, 93,
       71, 45, 170, 200, 28, 130, 35, 169, 252, 78, 254, 103, 52, 6, 127,
       184, 116, 174, 119, 0, 83, 107, 25, 115, 112, 228, 109, 234, 232,
       244, 233, 46, 103, 235, 229, 5, 99, 243, 118, 34, 60, 101, 123,
       102, 244, 95, 71, 113, 96, 164, 255, 8, 115, 81, 9, 48, 24, 240,
       68, 106, 73, 177, 56, 44, 231, 205, 37, 21, 98, 187, 70, 160, 240,
       174, 26, 120, 122, 128, 89, 182, 179, 5, 236, 185, 55, 199, 2, 80,
       55, 190, 109, 152, 122, 15, 130, 55, 217, 164, 48, 121, 48, 128,
       38, 123, 79, 114, 241, 5, 106, 63, 155, 152, 43, 255, 21, 253,
       204, 110, 223, 190, 23, 93, 245, 127, 135, 84, 237, 192, 14, 92,
       109, 182, 206, 247, 3, 245, 119, 49, 97, 161, 212, 6, 75, 89, 3,
       232, 201, 207, 17, 22, 85, 48, 124, 140, 19, 253, 159, 154, 220,
       156, 61, 12, 141, 236, 169, 134, 242, 244, 221, 150, 140, 165,
       162, 54, 44, 184, 50, 250, 7, 213, 221, 39, 219, 251, 55, 69, 125,
       175, 181, 212, 157, 74, 204, 227, 239, 132, 174, 245, 139, 81,
       228, 177, 232, 90, 217, 89, 87, 136, 211, 245, 165, 157, 66, 228,
       79, 30, 89, 206, 226, 82, 26, 98, 254, 49, 95, 20, 69, 125, 211,
       255, 214, 246, 17, 28, 106, 103, 18, 174, 107, 55, 116, 69, 111,
       214, 241, 7, 144, 112, 124, 174, 54, 140, 153, 156, 53, 47, 69,
       175, 186, 192, 45, 130, 112, 120, 60, 93, 115, 238, 119, 194, 91,
       112, 133, 132, 255, 162, 123, 223, 33, 112, 126, 253, 151, 226,
       72, 163, 40, 142, 243, 237, 163, 139, 55, 191, 116, 99, 131, 172,
       128, 155, 205, 245, 176, 198, 158, 91, 80, 91, 172, 248, 118, 141,
       201, 107, 179, 149, 55, 126, 90, 241, 13, 80, 222, 235, 154, 76,
       185, 143, 113, 57, 169, 100, 13, 101, 67, 26, 71, 233, 154, 76,
       146, 188, 85, 42, 216, 238, 61, 13, 141, 35, 241, 0, 209, 28, 129,
       60, 200, 123, 80, 126, 253, 87, 70, 237, 114, 6, 79, 56, 49, 206,
       255, 231, 91, 39, 155, 213, 124, 204, 53, 238, 232, 210, 73, 142,
       242, 235, 229, 132, 47, 247, 122, 113, 82, 122, 108, 191, 106,
       128, 25, 20, 43, 85, 87, 181, 173, 142, 198, 95, 38, 189, 253,
       213, 135, 222, 199, 225, 150, 48, 250, 195, 45, 133, 175, 93, 59,
       179, 42, 10, 222, 27, 167, 253, 68, 100, 221, 175, 122, 204, 190,
       164, 126, 138, 146, 239, 221, 187, 125, 223, 124, 5, 47, 252, 95,
       14, 189, 253, 37, 181, 49, 66, 253, 63, 194, 250, 91, 106, 169,
       92, 210, 120, 28, 181, 153, 14, 80, 111, 253, 58, 89, 63, 61, 92,
       1, 118, 88, 111, 90, 132, 124, 99, 14, 103, 52, 15, 86, 120, 37,
       172, 239, 77, 71, 65, 11, 16, 220, 196, 205, 102, 204, 177, 73,
       12, 246, 245, 33, 21, 98, 187, 90, 3, 25, 148, 106, 103, 22, 254,
       107, 50, 52, 65, 111, 86, 115, 115, 26, 112, 120, 174, 29, 172,
       185, 152, 53, 47, 231, 239, 162, 64, 43, 131, 112, 50, 118, 95,
       82, 174, 27, 130, 94, 104, 161, 132, 249, 239, 111, 227, 33, 208,
       254, 249, 141, 227, 72, 131, 202, 239, 178, 244, 11, 27, 61, 35,
       46, 18, 186, 22, 229, 173, 29, 115, 160, 75, 86, 226, 218, 211,
       195, 44, 21, 233, 89, 28, 187, 161, 173, 244, 117, 158, 6, 110,
       209, 21, 199, 236, 116, 212, 219, 92, 191, 86, 67, 84, 53, 54,
       169, 206, 70, 12, 124, 247, 23, 127, 164, 119, 253, 79, 193, 197,
       178, 234, 115, 123, 94, 130, 2, 116, 35, 127, 223, 253, 42, 182,
       172, 76, 191, 188, 168, 238, 159, 191, 255, 252, 218, 99, 167,
       119, 125, 231, 245, 77, 191, 238, 251, 127, 239, 253, 4, 119, 149,
       123, 33, 222, 77, 207, 92, 131, 227, 248, 68, 4, 252, 110, 112,
       65, 181, 37, 88, 168, 2, 106, 163, 178, 108, 61, 100, 14, 160, 48,
       125, 139, 112, 168, 103, 253, 177, 18, 249, 125, 22, 143, 139,
       255, 168, 45, 106, 252, 79, 178, 141, 215, 252, 86, 255, 75, 250,
       51, 59, 85, 21, 127, 208, 127, 206, 127, 67, 180, 165, 151, 13,
       46, 233, 35, 222, 243, 75, 23, 240, 124, 94, 111, 201, 102, 123,
       141, 181, 252, 255, 131, 13, 62, 223, 18, 141, 108, 209, 126, 17,
       74, 67, 19, 18, 142, 43, 16, 116, 73, 83, 246, 241, 6, 152, 105,
       118, 45, 54, 220, 163, 148, 37, 109, 4, 174, 186, 192, 173, 129,
       33, 241, 97, 251, 172, 101, 45, 31, 213, 63, 67, 254, 188, 13,
       179, 41, 86, 146, 201, 134, 237, 13, 204, 106, 241, 57, 199, 223,
       245, 53, 81, 88, 94, 90, 204, 145, 181, 241, 139, 108, 61, 23,
       174, 251, 174, 16, 220, 183, 72, 234, 167, 87, 249, 144, 19, 201,
       147, 194, 205, 247, 94, 70, 138, 80, 165, 51, 117, 125, 91, 230,
       222, 199, 158, 224, 144, 194, 232, 10, 119, 253, 33, 32, 124, 253,
       82, 227, 105, 227, 152, 110, 241, 134, 15, 56, 105, 123, 34, 186,
       169, 209, 113, 73, 118, 207, 239, 253, 77, 96, 116, 194, 57, 21,
       180, 36, 62, 24, 22, 120, 195, 184, 52, 157, 109, 200, 36, 228,
       119, 138, 199, 253, 210, 94, 14, 190, 58, 6, 27, 48, 188, 206,
       194, 245, 245, 39, 3, 91, 230, 229, 125, 199, 168, 205, 147, 110,
       240, 227, 234, 152, 40, 33, 35, 89, 99, 231, 236, 69, 108, 31,
       206, 184, 65, 168, 191, 78, 195, 40, 158, 182, 28, 196, 116, 110,
       205, 242, 237, 140, 38, 120, 197, 176, 111, 250, 90, 132, 251, 70,
       230, 87, 22, 122, 235, 52, 113, 231, 247, 159, 107, 40, 158, 181,
       59, 230, 253, 173, 189, 252, 245, 238, 126, 111, 241, 209, 239,
       165, 94, 116, 86, 188, 185, 216, 185, 253, 17, 203, 171, 95, 173,
       9, 142, 214, 70, 60, 129, 155, 237, 16, 27, 11, 250, 243, 153,
       148, 27, 127, 144, 70, 135, 119, 76, 103, 84, 103, 168, 11, 70,
       184, 48, 170, 234, 232, 247, 115, 137, 18, 18, 212, 108, 98, 104,
       208, 201, 14, 228, 231, 101, 53, 96, 242, 6, 35, 73, 95, 215, 231,
       36, 30, 238, 54, 237, 162, 62, 100, 239, 33, 145, 198, 6, 100,
       108, 110, 193, 169, 81, 232, 164, 255, 70, 16, 110, 254, 89, 41,
       198, 107, 97, 43, 202, 160, 63, 196, 169, 84, 107, 183, 45, 142,
       95, 90, 38, 155, 243, 215, 214, 18, 238, 242, 54, 96, 138, 234,
       37, 215, 167, 244, 6, 237, 251, 19, 197, 253, 255, 238, 223, 117,
       40, 25, 140, 236, 126, 136, 187, 75, 195, 87, 22, 120, 62, 243,
       47, 28, 29, 127, 197, 93, 215, 206, 77, 66, 117, 69, 36, 14, 107,
       24, 109, 174, 183, 68, 219, 67, 157, 127, 22, 196, 108, 110, 136,
       164, 237, 8, 196, 248, 99, 148, 66, 179, 66, 33, 51, 4, 197, 197,
