%YAML:1.0
---
descriptors: !!opencv-matrix
   rows: 178
   cols: 32
   dt: u
   data: [ 33, 92, 253, 69, 116, 111, 97, 22, 86, 234, 254, 78, 18, 55,
       129, 61, 77, 188, 22, 136, 137, 254, 241, 8, 69, 175, 241, 128,
       225, 248, 64, 249, 86, 253, 254, 188, 155, 209, 180, 234, 191,
       150, 176, 163, 108, 254, 101, 211, 163, 251, 239, 209, 102, 75,
       138, 253, 187, 227, 95, 171, 245, 112, 47, 139, 220, 255, 188,
       244, 178, 230, 95, 191, 178, 222, 30, 245, 255, 255, 75, 115, 151,
       255, 61, 161, 251, 204, 187, 63, 235, 231, 239, 213, 172, 240,
       165, 123, 222, 109, 247, 254, 171, 227, 23, 239, 191, 134, 188,
       187, 78, 255, 37, 127, 251, 247, 239, 162, 104, 71, 170, 254, 249,
       246, 79, 191, 179, 117, 167, 99, 173, 255, 161, 95, 252, 95, 238,
       184, 222, 234, 25, 70, 243, 252, 253, 165, 221, 102, 22, 111, 253,
       96, 126, 191, 44, 94, 231, 236, 222, 255, 208, 181, 86, 242, 146,
       168, 187, 129, 18, 200, 191, 140, 248, 237, 78, 222, 111, 208,
       223, 249, 206, 243, 12, 7, 138, 250, 184, 212, 15, 255, 152, 55,
       47, 215, 62, 118, 254, 228, 188, 102, 223, 191, 219, 175, 156,
       191, 78, 253, 254, 139, 159, 213, 245, 53, 185, 99, 155, 202, 122,
       223, 253, 255, 207, 252, 223, 83, 210, 238, 21, 185, 42, 201, 20,
       239, 190, 27, 130, 253, 166, 246, 64, 209, 167, 59, 109, 1, 111,
       77, 195, 115, 160, 226, 126, 186, 24, 80, 171, 27, 180, 77, 146,
       166, 141, 9, 198, 204, 12, 162, 170, 74, 70, 104, 9, 3, 248, 193,
       74, 99, 72, 35, 89, 104, 177, 128, 207, 55, 209, 123, 240, 2, 253,
       92, 247, 230, 36, 22, 79, 176, 113, 194, 246, 66, 123, 123, 145,
       123, 120, 228, 60, 234, 233, 247, 253, 234, 243, 235, 226, 0, 111,
       251, 112, 44, 45, 61, 125, 109, 220, 111, 69, 59, 80, 250, 252,
       74, 19, 55, 145, 59, 93, 222, 86, 58, 249, 242, 113, 12, 111, 171,
       101, 100, 241, 233, 230, 241, 228, 73, 24, 170, 204, 8, 102, 200,
       14, 32, 225, 74, 196, 66, 105, 88, 120, 204, 106, 250, 72, 3, 201,
       112, 180, 160, 143, 124, 144, 123, 240, 0, 188, 151, 244, 79, 253,
       123, 83, 186, 83, 45, 253, 58, 107, 113, 142, 183, 94, 218, 132,
       48, 186, 234, 105, 191, 107, 253, 37, 215, 247, 207, 84, 167, 94,
       232, 224, 225, 215, 52, 90, 206, 59, 177, 16, 27, 13, 27, 88, 168,
       51, 221, 93, 209, 30, 80, 133, 224, 255, 205, 159, 237, 167, 149,
       147, 2, 84, 204, 158, 183, 136, 102, 63, 172, 182, 151, 139, 1,
       247, 103, 73, 75, 245, 87, 109, 226, 120, 65, 155, 43, 233, 231,
       255, 21, 128, 115, 165, 2, 86, 246, 172, 174, 168, 71, 31, 184,
       182, 190, 141, 137, 213, 255, 91, 66, 151, 213, 125, 243, 74, 71,
       203, 55, 249, 231, 239, 253, 148, 115, 23, 115, 48, 72, 124, 126,
       8, 205, 83, 248, 199, 4, 173, 9, 115, 217, 43, 16, 216, 240, 75,
       98, 72, 35, 122, 61, 243, 169, 65, 57, 112, 43, 70, 170, 237, 113,
       125, 103, 172, 79, 71, 188, 64, 232, 181, 72, 211, 93, 217, 51,
       28, 212, 92, 106, 201, 114, 253, 8, 231, 137, 101, 52, 101, 251,
       86, 241, 60, 0, 222, 224, 69, 75, 80, 89, 85, 53, 231, 27, 75,
       185, 40, 222, 88, 156, 227, 56, 24, 243, 81, 128, 211, 243, 65,
       85, 227, 168, 126, 162, 5, 226, 93, 99, 160, 43, 107, 152, 118,
       18, 99, 192, 209, 67, 137, 72, 83, 72, 106, 250, 35, 212, 79, 61,
       228, 138, 231, 68, 168, 243, 99, 160, 208, 213, 29, 103, 8, 70,
       85, 184, 160, 208, 162, 64, 247, 119, 8, 115, 38, 244, 124, 106,
       105, 193, 153, 45, 225, 227, 98, 16, 40, 177, 39, 51, 65, 208,
       248, 239, 102, 76, 111, 188, 97, 74, 127, 134, 115, 119, 154, 112,
       118, 204, 53, 142, 201, 18, 253, 105, 246, 173, 230, 136, 60, 242,
       96, 121, 216, 116, 154, 231, 19, 14, 126, 55, 61, 162, 203, 223,
       255, 55, 0, 208, 182, 181, 253, 162, 232, 213, 145, 142, 243, 239,
       62, 16, 42, 226, 137, 26, 40, 57, 255, 87, 244, 238, 99, 16, 168,
       205, 127, 96, 243, 119, 137, 122, 6, 118, 127, 88, 147, 248, 115,
       44, 79, 191, 112, 192, 192, 139, 70, 251, 205, 164, 16, 177, 238,
       129, 169, 139, 142, 51, 20, 146, 157, 195, 216, 207, 39, 25, 123,
       189, 114, 69, 131, 215, 76, 193, 175, 236, 22, 128, 137, 160, 88,
       206, 46, 185, 60, 164, 89, 55, 36, 13, 210, 179, 159, 15, 50, 64,
       239, 145, 125, 149, 58, 141, 35, 7, 195, 231, 186, 192, 164, 128,
       53, 99, 45, 153, 252, 119, 233, 95, 117, 55, 97, 186, 119, 56,
       219, 61, 128, 187, 205, 246, 246, 42, 217, 248, 121, 140, 111,
       219, 117, 212, 227, 250, 198, 163, 33, 173, 117, 95, 213, 219,
       230, 167, 94, 131, 122, 66, 224, 96, 148, 164, 89, 106, 34, 8,
       243, 248, 127, 255, 45, 30, 23, 0, 87, 202, 209, 172, 73, 48, 185,
       97, 1, 108, 113, 31, 104, 123, 102, 28, 158, 19, 64, 56, 129, 30,
       88, 24, 19, 248, 241, 0, 199, 223, 80, 68, 200, 64, 195, 59, 54,
       140, 196, 155, 150, 227, 136, 202, 22, 51, 193, 147, 64, 227, 40,
       72, 121, 154, 35, 145, 58, 222, 77, 247, 153, 6, 155, 103, 181,
       73, 180, 130, 87, 255, 19, 136, 58, 115, 26, 232, 175, 204, 184,
       237, 76, 214, 163, 208, 254, 221, 207, 247, 141, 3, 154, 254, 184,
       52, 15, 255, 24, 55, 47, 87, 43, 121, 235, 29, 77, 223, 165, 119,
       244, 228, 222, 166, 176, 172, 150, 164, 108, 44, 250, 141, 197,
       190, 245, 202, 118, 47, 246, 128, 79, 188, 255, 252, 186, 176,
       234, 178, 205, 233, 80, 194, 23, 247, 244, 59, 51, 221, 98, 8,
       217, 187, 135, 145, 30, 255, 210, 177, 219, 193, 221, 123, 245,
       76, 124, 210, 213, 212, 181, 255, 141, 102, 77, 172, 222, 210,
       131, 18, 215, 119, 41, 107, 193, 87, 57, 171, 121, 197, 251, 163,
       201, 250, 223, 84, 144, 121, 181, 112, 182, 70, 106, 102, 78, 31,
       207, 120, 81, 166, 245, 142, 83, 13, 191, 51, 126, 196, 87, 239,
       232, 167, 125, 142, 243, 233, 225, 156, 117, 187, 118, 96, 203,
       152, 150, 18, 169, 157, 112, 150, 239, 63, 166, 29, 174, 162, 70,
       223, 129, 34, 234, 12, 166, 109, 210, 241, 159, 250, 86, 123, 90,
       4, 201, 30, 37, 86, 149, 103, 197, 46, 103, 56, 125, 250, 115, 68,
       95, 114, 137, 191, 60, 68, 54, 106, 225, 240, 121, 12, 5, 138,
       117, 4, 234, 243, 66, 181, 218, 176, 252, 52, 203, 113, 144, 239,
       235, 183, 128, 187, 12, 252, 78, 63, 143, 215, 249, 129, 62, 75,
       254, 209, 155, 83, 93, 127, 247, 36, 143, 86, 165, 127, 121, 65,
       244, 11, 239, 248, 89, 174, 244, 238, 83, 65, 149, 21, 94, 200,
       22, 106, 225, 242, 109, 92, 118, 139, 37, 180, 127, 251, 82, 225,
       126, 46, 228, 84, 137, 122, 89, 11, 163, 183, 134, 185, 203, 166,
       199, 223, 193, 214, 237, 144, 14, 77, 239, 128, 155, 243, 221,
       183, 167, 100, 94, 118, 4, 167, 19, 217, 186, 233, 48, 203, 158,
       25, 88, 114, 140, 210, 232, 204, 183, 27, 142, 16, 19, 41, 10,
       215, 140, 148, 39, 239, 152, 201, 169, 133, 164, 6, 24, 251, 221,
       45, 222, 95, 88, 59, 249, 94, 199, 233, 61, 9, 217, 10, 7, 43,
       188, 118, 88, 187, 247, 223, 247, 59, 217, 121, 218, 130, 244,
       237, 145, 132, 222, 1, 198, 238, 27, 162, 168, 10, 70, 226, 97,
       16, 217, 207, 66, 99, 120, 111, 200, 106, 184, 134, 15, 62, 209,
       120, 162, 136, 40, 249, 57, 73, 221, 207, 199, 244, 198, 36, 36,
       8, 178, 149, 100, 48, 136, 120, 66, 72, 90, 58, 112, 61, 111, 217,
       5, 120, 83, 154, 198, 234, 184, 200, 57, 126, 29, 205, 87, 248,
       199, 36, 229, 8, 115, 213, 13, 48, 216, 240, 66, 106, 106, 39,
       122, 61, 243, 249, 1, 56, 115, 187, 70, 106, 70, 250, 157, 242,
       232, 228, 125, 159, 187, 159, 0, 89, 252, 247, 72, 90, 135, 127,
       125, 16, 18, 73, 138, 113, 205, 182, 127, 238, 128, 112, 135, 107,
       57, 181, 120, 167, 52, 95, 86, 121, 109, 236, 255, 13, 219, 63,
       10, 16, 220, 205, 92, 102, 205, 178, 121, 30, 255, 253, 37, 21,
       105, 170, 74, 91, 116, 243, 216, 106, 186, 8, 146, 152, 138, 161,
       185, 235, 211, 237, 205, 18, 94, 213, 109, 115, 27, 35, 203, 32,
