%YAML:1.0
---
descriptors: !!opencv-matrix
   rows: 306
   cols: 32
   dt: u
   data: [ 0, 164, 149, 187, 248, 169, 168, 175, 30, 51, 1, 249, 180,
       227, 72, 72, 75, 27, 106, 16, 51, 76, 203, 87, 204, 150, 126, 124,
       152, 72, 129, 136, 246, 195, 70, 172, 15, 18, 78, 232, 229, 36,
       178, 162, 67, 74, 188, 215, 120, 228, 108, 227, 108, 163, 13, 237,
       176, 226, 195, 151, 117, 191, 116, 4, 11, 141, 136, 187, 177, 245,
       188, 167, 30, 91, 74, 17, 172, 250, 34, 200, 193, 43, 187, 149,
       62, 216, 83, 247, 174, 247, 158, 195, 152, 68, 185, 30, 219, 185,
       242, 112, 163, 208, 56, 183, 59, 232, 78, 165, 29, 183, 194, 253,
       166, 255, 253, 212, 214, 217, 166, 192, 218, 249, 63, 199, 166,
       164, 167, 127, 146, 154, 171, 28, 201, 245, 92, 87, 183, 95, 244,
       21, 43, 254, 38, 125, 237, 187, 255, 132, 190, 207, 50, 211, 219,
       250, 212, 139, 145, 68, 164, 95, 68, 36, 209, 65, 248, 41, 233, 8,
       58, 181, 33, 24, 214, 35, 77, 26, 179, 199, 72, 60, 50, 116, 233,
       66, 13, 158, 29, 116, 192, 99, 71, 224, 169, 93, 121, 69, 244, 79,
       103, 63, 117, 166, 126, 8, 211, 53, 149, 48, 88, 220, 22, 40, 233,
       184, 113, 14, 111, 207, 37, 4, 99, 248, 70, 248, 204, 205, 16,
       154, 205, 249, 190, 165, 204, 22, 188, 16, 236, 226, 107, 198,
       203, 67, 202, 114, 118, 5, 94, 226, 37, 148, 15, 57, 146, 123,
       141, 134, 140, 233, 150, 155, 237, 216, 108, 200, 239, 28, 89, 1,
       140, 194, 111, 207, 226, 75, 42, 90, 70, 80, 186, 241, 134, 80,
       79, 111, 146, 87, 173, 135, 245, 79, 78, 167, 36, 10, 111, 184,
       52, 226, 215, 199, 83, 97, 155, 81, 126, 228, 61, 238, 233, 148,
       221, 44, 244, 171, 229, 132, 45, 187, 112, 17, 201, 190, 157, 247,
       202, 5, 189, 255, 186, 186, 82, 122, 252, 123, 65, 139, 175, 255,
       127, 163, 241, 94, 203, 106, 125, 11, 255, 168, 13, 112, 163, 169,
       214, 156, 150, 151, 229, 118, 190, 231, 63, 191, 218, 51, 236, 62,
       110, 207, 233, 215, 175, 147, 126, 255, 75, 227, 189, 50, 222, 71,
       132, 125, 189, 79, 129, 177, 19, 239, 116, 143, 171, 125, 124, 72,
       113, 68, 183, 81, 56, 32, 188, 25, 22, 109, 243, 186, 17, 31, 229,
       140, 42, 8, 88, 2, 35, 185, 242, 180, 254, 88, 45, 248, 80, 83,
       235, 87, 190, 189, 42, 157, 214, 126, 235, 183, 253, 16, 142, 47,
       182, 211, 211, 126, 80, 219, 231, 204, 118, 95, 117, 127, 77, 100,
       154, 91, 78, 188, 1, 234, 184, 239, 83, 102, 135, 147, 94, 196,
       236, 230, 237, 67, 237, 46, 186, 195, 229, 181, 105, 250, 74, 93,
       216, 248, 49, 250, 27, 197, 19, 244, 190, 0, 128, 24, 191, 215,
       64, 244, 246, 249, 253, 82, 107, 15, 248, 255, 249, 212, 14, 122,
       18, 0, 39, 122, 232, 141, 189, 251, 173, 237, 117, 167, 255, 63,
       238, 16, 254, 185, 100, 91, 193, 102, 107, 28, 50, 120, 251, 177,
       239, 251, 86, 91, 210, 89, 208, 42, 194, 177, 18, 158, 27, 220,
       176, 69, 174, 1, 129, 16, 172, 222, 110, 66, 162, 51, 250, 17,
       102, 13, 146, 211, 145, 52, 26, 91, 0, 6, 171, 15, 207, 232, 175,
       255, 109, 156, 127, 156, 255, 159, 102, 16, 249, 255, 93, 123,
       197, 121, 123, 202, 227, 84, 251, 243, 207, 219, 223, 40, 2, 245,
       103, 234, 121, 172, 230, 68, 253, 219, 68, 103, 225, 167, 174, 9,
       98, 184, 22, 150, 137, 230, 224, 44, 60, 187, 240, 143, 63, 127,
       21, 83, 195, 44, 222, 78, 203, 150, 180, 61, 185, 22, 25, 63, 59,
       95, 166, 245, 239, 38, 134, 247, 135, 87, 252, 148, 255, 204, 243,
       71, 202, 251, 90, 214, 202, 228, 171, 85, 136, 220, 149, 179, 162,
       174, 41, 158, 62, 51, 66, 112, 221, 51, 9, 203, 103, 95, 59, 16,
       35, 220, 89, 115, 205, 163, 126, 68, 152, 80, 1, 169, 41, 144,
       189, 117, 173, 127, 245, 183, 255, 59, 54, 24, 219, 57, 16, 43,
       137, 70, 126, 8, 176, 252, 243, 160, 207, 251, 85, 112, 202, 232,
       194, 171, 63, 77, 107, 222, 212, 150, 207, 242, 213, 192, 222, 2,
       115, 232, 181, 100, 120, 234, 23, 239, 233, 171, 62, 239, 115,
       110, 175, 136, 55, 251, 112, 236, 194, 16, 188, 149, 79, 100, 184,
       66, 154, 183, 129, 19, 180, 191, 68, 75, 237, 55, 123, 129, 32,
       78, 210, 194, 5, 18, 218, 42, 128, 96, 37, 218, 10, 141, 145, 187,
       181, 249, 176, 143, 95, 83, 72, 115, 172, 184, 108, 232, 209, 11,
       179, 17, 55, 216, 67, 247, 143, 119, 158, 67, 150, 76, 153, 143,
       32, 172, 153, 250, 93, 237, 80, 207, 223, 29, 168, 24, 182, 251,
       64, 16, 201, 187, 66, 16, 58, 42, 82, 55, 207, 215, 16, 59, 208,
       72, 198, 170, 3, 164, 145, 155, 236, 233, 168, 143, 94, 115, 73,
       208, 164, 226, 204, 172, 75, 10, 34, 28, 23, 88, 95, 81, 12, 22,
       30, 110, 156, 200, 129, 188, 113, 77, 6, 172, 17, 6, 70, 104, 133,
       0, 234, 131, 71, 99, 35, 81, 248, 228, 12, 102, 108, 131, 17, 156,
       176, 225, 131, 18, 56, 46, 56, 0, 24, 169, 26, 250, 17, 197, 19,
       194, 150, 13, 109, 0, 191, 247, 97, 128, 153, 59, 130, 64, 2, 171,
       26, 63, 233, 213, 18, 43, 82, 10, 39, 171, 16, 205, 83, 239, 178,
       194, 46, 230, 52, 64, 218, 162, 121, 103, 160, 228, 122, 255, 159,
       224, 73, 153, 13, 255, 184, 230, 174, 129, 61, 242, 164, 56, 77,
       185, 215, 113, 162, 142, 61, 179, 104, 209, 98, 100, 159, 19, 192,
       59, 167, 119, 124, 16, 209, 248, 145, 96, 204, 250, 118, 68, 200,
       128, 131, 49, 146, 138, 238, 181, 22, 170, 40, 175, 190, 181, 194,
       151, 237, 234, 50, 75, 115, 101, 237, 181, 60, 221, 15, 221, 200,
       227, 255, 197, 37, 4, 189, 74, 122, 187, 226, 80, 149, 221, 80,
       87, 251, 77, 246, 125, 42, 156, 134, 156, 160, 170, 236, 20, 158,
       235, 162, 181, 27, 127, 16, 219, 227, 12, 222, 95, 75, 190, 180,
       20, 57, 188, 24, 55, 59, 87, 166, 157, 174, 46, 22, 222, 135, 151,
       253, 5, 190, 78, 243, 199, 139, 127, 80, 90, 202, 196, 138, 95,
       56, 77, 122, 238, 84, 147, 223, 244, 85, 128, 254, 2, 115, 233,
       181, 64, 120, 248, 23, 235, 232, 179, 44, 191, 114, 239, 167, 9,
       119, 186, 240, 138, 239, 221, 160, 158, 253, 7, 175, 252, 155,
       234, 185, 95, 234, 244, 105, 135, 221, 230, 94, 238, 241, 99, 216,
       255, 61, 94, 207, 190, 155, 127, 243, 181, 206, 173, 48, 142, 237,
       113, 190, 234, 233, 150, 24, 17, 172, 226, 99, 198, 203, 67, 202,
       34, 118, 15, 154, 242, 191, 84, 143, 47, 150, 127, 173, 207, 21,
       207, 79, 239, 54, 27, 238, 248, 116, 192, 251, 226, 243, 108, 188,
       224, 126, 252, 22, 238, 237, 176, 109, 61, 164, 173, 167, 132,
       109, 187, 120, 161, 214, 252, 150, 151, 237, 244, 190, 199, 191,
       191, 154, 51, 236, 254, 78, 207, 233, 247, 239, 147, 54, 217, 139,
       243, 189, 54, 223, 71, 133, 125, 189, 207, 96, 177, 81, 76, 24,
       79, 67, 184, 98, 184, 165, 8, 87, 211, 72, 52, 17, 212, 108, 106,
       75, 99, 187, 29, 233, 152, 37, 60, 64, 163, 70, 35, 56, 41, 88,
       100, 9, 79, 83, 88, 98, 164, 164, 8, 19, 17, 65, 50, 8, 208, 64,
       106, 8, 99, 243, 24, 211, 137, 1, 61, 99, 171, 70, 34, 117, 64,
       202, 167, 38, 10, 111, 184, 96, 226, 223, 199, 83, 97, 155, 115,
       118, 228, 60, 238, 205, 176, 205, 8, 244, 175, 229, 132, 45, 187,
       112, 17, 212, 84, 255, 101, 40, 110, 69, 56, 32, 242, 135, 80, 83,
       119, 137, 123, 55, 212, 125, 42, 105, 197, 249, 10, 209, 171, 101,
       20, 40, 241, 102, 49, 134, 165, 18, 206, 237, 113, 190, 239, 138,
       150, 61, 27, 204, 234, 111, 7, 175, 67, 219, 35, 116, 43, 154,
       250, 63, 20, 143, 63, 86, 254, 175, 207, 248, 65, 118, 108, 15,
       94, 84, 104, 225, 150, 166, 10, 75, 249, 33, 243, 224, 244, 236,
       98, 108, 103, 145, 140, 243, 235, 68, 31, 99, 57, 126, 10, 32,
       221, 56, 127, 56, 141, 87, 190, 86, 15, 108, 4, 182, 49, 2, 64,
       133, 122, 12, 74, 106, 40, 91, 63, 231, 159, 52, 56, 88, 216, 136,
       43, 118, 58, 253, 240, 239, 127, 185, 216, 171, 255, 181, 63, 222,
       223, 71, 58, 239, 213, 255, 145, 155, 103, 250, 208, 223, 219,
       239, 255, 141, 105, 39, 243, 72, 28, 23, 252, 9, 198, 21, 39, 228,
