%YAML:1.0
---
descriptors: !!opencv-matrix
   rows: 257
   cols: 32
   dt: u
   data: [ 66, 226, 38, 156, 121, 145, 184, 232, 143, 156, 216, 167, 104,
       206, 255, 195, 220, 105, 187, 229, 134, 67, 202, 221, 30, 112,
       139, 175, 23, 38, 60, 212, 0, 192, 222, 149, 62, 139, 233, 75,
       174, 177, 242, 162, 180, 130, 132, 9, 34, 165, 106, 24, 2, 253, 3,
       93, 220, 10, 59, 0, 20, 8, 65, 8, 9, 48, 149, 245, 112, 174, 169,
       19, 60, 41, 114, 116, 189, 19, 128, 248, 102, 61, 95, 137, 49,
       156, 65, 85, 196, 191, 250, 192, 136, 128, 43, 169, 128, 140, 23,
       181, 100, 171, 40, 55, 60, 131, 90, 208, 181, 163, 160, 192, 51,
       45, 50, 9, 49, 188, 17, 94, 12, 166, 122, 64, 140, 200, 1, 185, 9,
       130, 220, 149, 116, 27, 105, 51, 124, 163, 118, 94, 189, 35, 128,
       85, 39, 36, 110, 12, 49, 252, 69, 78, 204, 175, 114, 0, 30, 136,
       9, 137, 2, 157, 18, 171, 151, 167, 178, 239, 30, 1, 73, 7, 236,
       232, 40, 192, 217, 59, 130, 53, 22, 184, 88, 255, 173, 86, 138,
       66, 152, 78, 177, 150, 8, 158, 23, 189, 82, 166, 185, 119, 60, 11,
       90, 83, 188, 55, 32, 65, 231, 59, 19, 129, 49, 152, 49, 79, 205,
       166, 58, 64, 0, 64, 165, 235, 10, 210, 44, 187, 45, 149, 88, 143,
       159, 29, 213, 21, 238, 239, 46, 73, 193, 19, 175, 5, 30, 8, 107,
       245, 207, 243, 250, 211, 144, 12, 149, 91, 43, 157, 51, 75, 209,
       213, 167, 231, 78, 13, 104, 0, 40, 250, 44, 180, 217, 43, 146,
       152, 83, 186, 48, 247, 45, 28, 158, 106, 219, 14, 227, 254, 18,
       139, 206, 156, 60, 130, 72, 184, 151, 157, 214, 199, 105, 235,
       246, 65, 223, 237, 191, 213, 174, 210, 207, 221, 202, 114, 239,
       197, 29, 173, 56, 80, 43, 25, 135, 157, 21, 191, 224, 90, 223,
       225, 82, 70, 242, 216, 55, 172, 216, 108, 50, 93, 141, 248, 215,
       157, 14, 122, 217, 82, 79, 45, 88, 140, 198, 254, 141, 243, 146,
       196, 47, 148, 186, 155, 0, 198, 253, 103, 89, 75, 37, 115, 57,
       219, 227, 76, 187, 243, 173, 199, 207, 232, 160, 243, 5, 56, 88,
       16, 94, 236, 38, 66, 233, 112, 229, 2, 247, 34, 123, 91, 41, 88,
       122, 181, 239, 162, 72, 183, 1, 202, 211, 239, 227, 1, 103, 163,
       100, 34, 45, 115, 248, 103, 117, 31, 94, 152, 107, 232, 61, 77,
       223, 89, 75, 144, 156, 204, 213, 126, 205, 48, 217, 56, 239, 221,
       37, 53, 74, 187, 74, 211, 195, 158, 44, 183, 12, 52, 184, 55, 208,
       255, 218, 215, 225, 44, 158, 107, 205, 103, 252, 133, 181, 221,
       247, 235, 142, 51, 250, 209, 12, 236, 185, 93, 161, 165, 64, 77,
       208, 59, 110, 111, 113, 163, 108, 24, 35, 33, 148, 180, 89, 174,
       2, 172, 124, 186, 69, 14, 46, 174, 148, 32, 99, 200, 202, 140, 86,
       36, 158, 180, 141, 118, 84, 67, 249, 151, 239, 16, 78, 242, 110,
       127, 225, 247, 232, 48, 60, 195, 130, 192, 155, 243, 215, 79, 128,
       96, 237, 6, 80, 235, 95, 254, 34, 192, 61, 229, 160, 20, 194, 161,
       125, 223, 1, 82, 166, 247, 237, 193, 72, 153, 130, 109, 240, 227,
       238, 137, 36, 146, 167, 11, 191, 93, 237, 101, 215, 119, 255, 255,
       19, 226, 126, 203, 89, 125, 151, 32, 127, 253, 179, 239, 233, 246,
       125, 142, 127, 111, 237, 132, 111, 254, 210, 248, 45, 60, 241, 65,
       229, 61, 226, 154, 91, 235, 125, 104, 26, 56, 213, 188, 157, 204,
       118, 28, 149, 54, 237, 178, 14, 94, 53, 126, 203, 255, 90, 165,
       60, 112, 248, 96, 221, 127, 211, 216, 82, 247, 181, 26, 91, 93,
       95, 56, 89, 216, 215, 122, 42, 102, 251, 178, 95, 207, 37, 125,
       251, 251, 78, 210, 210, 168, 159, 186, 139, 225, 17, 207, 191, 31,
       160, 185, 172, 247, 96, 91, 239, 179, 239, 144, 58, 79, 138, 243,
       217, 242, 95, 123, 144, 68, 167, 107, 162, 177, 225, 217, 221, 93,
       132, 207, 95, 121, 240, 95, 170, 252, 124, 173, 217, 139, 162,
       113, 183, 106, 86, 209, 13, 22, 220, 127, 219, 28, 212, 158, 37,
       97, 125, 65, 100, 94, 99, 16, 117, 64, 243, 64, 211, 9, 21, 240,
       248, 140, 110, 106, 201, 176, 245, 8, 39, 253, 130, 0, 65, 187,
       82, 160, 88, 82, 88, 229, 114, 15, 123, 56, 36, 40, 127, 229, 223,
       19, 0, 80, 118, 157, 111, 234, 64, 144, 193, 12, 244, 229, 34,
       132, 40, 179, 41, 147, 149, 66, 101, 197, 4, 14, 235, 48, 100,
       138, 115, 66, 209, 3, 157, 239, 126, 196, 28, 238, 233, 148, 109,
       204, 164, 234, 234, 132, 37, 179, 113, 160, 138, 196, 20, 190, 9,
       229, 144, 236, 159, 23, 161, 17, 236, 219, 40, 133, 201, 51, 227,
       3, 98, 103, 90, 247, 129, 210, 90, 59, 82, 92, 13, 138, 77, 174,
       156, 183, 56, 172, 178, 152, 254, 187, 175, 112, 245, 242, 75,
       106, 135, 87, 104, 18, 166, 68, 203, 35, 204, 167, 127, 125, 128,
       99, 9, 3, 84, 29, 218, 239, 148, 78, 103, 81, 36, 140, 255, 2,
       115, 243, 161, 96, 122, 182, 46, 106, 24, 177, 57, 10, 241, 173,
       37, 0, 161, 251, 228, 33, 104, 185, 177, 227, 177, 237, 79, 159,
       3, 41, 172, 8, 179, 247, 65, 52, 221, 218, 53, 24, 27, 26, 248,
       179, 233, 220, 181, 60, 154, 219, 196, 58, 2, 184, 187, 216, 249,
       249, 49, 199, 175, 53, 132, 48, 172, 150, 98, 126, 225, 59, 235,
       16, 18, 77, 178, 241, 157, 145, 26, 123, 144, 64, 135, 238, 54,
       137, 6, 42, 88, 131, 138, 232, 198, 33, 202, 130, 65, 232, 56, 64,
       120, 228, 107, 243, 90, 27, 79, 61, 56, 4, 143, 124, 53, 27, 48,
       136, 91, 176, 239, 117, 19, 86, 105, 59, 119, 249, 70, 167, 113,
       61, 150, 103, 116, 252, 189, 172, 141, 216, 181, 12, 79, 107, 245,
       196, 47, 164, 116, 126, 99, 141, 6, 94, 189, 183, 86, 175, 151,
       13, 186, 13, 98, 251, 46, 208, 217, 226, 125, 6, 126, 171, 90,
       191, 187, 254, 133, 90, 90, 78, 232, 30, 232, 191, 145, 240, 235,
       249, 180, 79, 26, 191, 184, 59, 47, 190, 68, 155, 135, 127, 230,
       16, 54, 111, 226, 176, 95, 193, 117, 127, 211, 76, 135, 203, 90,
       123, 191, 250, 67, 244, 121, 214, 183, 21, 71, 129, 45, 223, 34,
       120, 230, 187, 191, 210, 6, 219, 178, 241, 211, 243, 218, 203, 34,
       151, 173, 202, 77, 94, 239, 181, 32, 62, 109, 178, 116, 214, 70,
       228, 245, 103, 155, 123, 55, 101, 125, 175, 225, 212, 181, 72,
       196, 47, 255, 132, 172, 240, 17, 121, 205, 142, 79, 57, 162, 217,
       41, 147, 164, 86, 78, 149, 173, 199, 219, 127, 39, 42, 106, 156,
       119, 148, 231, 81, 198, 233, 46, 192, 186, 196, 41, 244, 35, 120,
       44, 189, 93, 157, 248, 22, 207, 249, 220, 79, 160, 200, 86, 4,
       200, 40, 123, 29, 135, 106, 215, 145, 6, 88, 153, 58, 30, 12, 88,
       158, 202, 219, 60, 187, 169, 169, 81, 159, 159, 29, 94, 181, 172,
       223, 42, 88, 199, 27, 175, 17, 18, 92, 75, 241, 199, 243, 250,
       207, 22, 28, 132, 123, 242, 233, 2, 170, 29, 195, 130, 224, 134,
       160, 129, 11, 226, 192, 32, 65, 216, 168, 74, 243, 106, 15, 72,
       61, 185, 16, 139, 123, 16, 11, 48, 10, 60, 44, 214, 85, 201, 63,
       116, 82, 245, 150, 183, 25, 74, 105, 7, 159, 41, 246, 226, 50, 44,
       231, 19, 168, 83, 219, 85, 19, 227, 253, 110, 134, 242, 56, 239,
       119, 22, 66, 201, 52, 113, 233, 215, 147, 115, 45, 20, 121, 120,
       246, 53, 173, 169, 252, 181, 47, 219, 111, 241, 128, 101, 165,
       246, 122, 124, 43, 188, 32, 173, 77, 82, 129, 235, 253, 172, 13,
       135, 173, 83, 18, 128, 199, 109, 85, 158, 97, 250, 0, 219, 221,
       37, 125, 192, 43, 222, 66, 240, 64, 70, 172, 15, 2, 72, 104, 37,
       2, 225, 131, 99, 67, 41, 81, 120, 181, 11, 226, 104, 135, 85, 221,
       145, 226, 203, 24, 49, 43, 114, 130, 210, 122, 142, 188, 50, 2,
       29, 148, 180, 132, 194, 229, 175, 135, 1, 91, 38, 245, 109, 199,
       104, 205, 129, 104, 208, 227, 122, 128, 36, 177, 39, 121, 45, 107,
       120, 101, 116, 15, 127, 184, 97, 232, 126, 12, 147, 21, 211, 48,
       156, 204, 87, 126, 200, 176, 241, 60, 111, 221, 37, 53, 106, 185,
       74, 243, 58, 141, 226, 246, 85, 210, 219, 231, 115, 197, 254, 3,
       107, 126, 62, 244, 251, 255, 149, 17, 62, 186, 41, 239, 187, 223,
       135, 67, 231, 46, 246, 110, 130, 190, 130, 185, 251, 225, 188,
