%YAML:1.0
---
descriptors: !!opencv-matrix
   rows: 290
   cols: 32
   dt: u
   data: [ 97, 8, 67, 169, 108, 108, 224, 64, 233, 65, 225, 10, 146, 24,
       84, 42, 232, 128, 82, 77, 1, 58, 208, 192, 21, 56, 146, 104, 77,
       9, 82, 134, 41, 48, 5, 129, 77, 79, 225, 66, 70, 240, 194, 10,
       146, 144, 80, 169, 72, 140, 122, 9, 11, 242, 243, 16, 133, 8, 129,
       48, 24, 8, 80, 170, 244, 106, 173, 245, 136, 12, 77, 31, 34, 151,
       132, 29, 147, 37, 81, 27, 140, 212, 73, 156, 42, 70, 243, 0, 195,
       193, 117, 60, 128, 248, 166, 122, 72, 214, 49, 235, 178, 229, 59,
       191, 63, 93, 125, 116, 188, 151, 168, 116, 215, 27, 159, 144, 147,
       24, 123, 119, 237, 244, 58, 206, 154, 130, 165, 123, 23, 94, 233,
       201, 182, 50, 239, 222, 86, 72, 220, 230, 17, 213, 247, 100, 127,
       136, 23, 189, 139, 146, 109, 90, 124, 45, 175, 132, 189, 243, 112,
       241, 152, 94, 62, 188, 40, 197, 157, 246, 148, 14, 214, 179, 255,
       159, 51, 1, 174, 49, 255, 195, 236, 175, 2, 63, 243, 231, 122,
       153, 84, 152, 45, 91, 124, 49, 250, 232, 248, 102, 87, 17, 169,
       141, 253, 48, 95, 215, 203, 90, 82, 116, 141, 58, 24, 199, 224,
       10, 219, 253, 39, 93, 130, 227, 230, 99, 7, 184, 167, 155, 245,
       189, 169, 135, 255, 89, 83, 84, 156, 222, 220, 237, 229, 11, 62,
       157, 183, 216, 126, 241, 13, 58, 222, 194, 158, 69, 177, 245, 188,
       13, 110, 250, 156, 231, 75, 112, 149, 128, 215, 18, 113, 251, 49,
       105, 72, 162, 31, 218, 184, 171, 58, 190, 219, 235, 138, 72, 183,
       169, 116, 32, 89, 4, 105, 239, 148, 168, 109, 116, 125, 67, 253,
       86, 223, 107, 184, 104, 123, 171, 31, 173, 185, 144, 100, 207,
       214, 255, 186, 196, 183, 242, 240, 0, 27, 242, 247, 97, 35, 95,
       249, 220, 111, 252, 119, 229, 95, 223, 158, 60, 190, 93, 255, 215,
       199, 241, 191, 208, 223, 251, 103, 135, 103, 151, 103, 247, 84,
       180, 173, 183, 156, 102, 95, 190, 240, 222, 141, 21, 215, 127, 91,
       11, 217, 199, 125, 189, 169, 99, 251, 39, 233, 239, 255, 92, 192,
       97, 118, 114, 129, 0, 103, 81, 116, 251, 161, 3, 124, 117, 114,
       82, 145, 8, 148, 45, 104, 56, 34, 24, 147, 184, 101, 208, 5, 56,
       146, 64, 197, 136, 85, 172, 37, 23, 96, 204, 124, 63, 91, 89, 69,
       236, 189, 111, 83, 109, 191, 52, 220, 168, 23, 46, 157, 162, 104,
       158, 82, 221, 161, 180, 254, 239, 90, 209, 250, 18, 106, 140, 122,
       180, 57, 91, 161, 204, 214, 231, 9, 143, 179, 210, 110, 189, 191,
       165, 137, 151, 178, 206, 214, 113, 170, 136, 7, 132, 54, 249, 17,
       134, 207, 225, 182, 163, 105, 87, 118, 97, 206, 214, 19, 3, 48,
       104, 127, 138, 27, 156, 155, 156, 37, 150, 220, 207, 154, 68, 189,
       136, 240, 56, 3, 219, 10, 157, 51, 128, 184, 230, 60, 65, 82, 231,
       172, 138, 50, 64, 230, 107, 187, 213, 199, 152, 7, 255, 100, 54,
       154, 131, 28, 20, 57, 223, 46, 112, 242, 142, 109, 95, 246, 200,
       91, 174, 241, 43, 72, 220, 95, 132, 253, 221, 243, 227, 68, 118,
       219, 234, 23, 92, 7, 47, 71, 63, 126, 199, 54, 244, 26, 171, 124,
       255, 178, 200, 30, 173, 253, 11, 197, 220, 111, 128, 249, 89, 159,
       115, 6, 51, 123, 191, 187, 213, 175, 127, 213, 27, 125, 215, 66,
       173, 144, 147, 177, 160, 190, 143, 158, 27, 26, 17, 172, 254, 96,
       66, 135, 91, 187, 145, 18, 73, 139, 243, 45, 54, 31, 235, 148, 86,
       129, 11, 92, 57, 218, 101, 162, 110, 127, 49, 40, 172, 127, 32,
       223, 55, 195, 80, 54, 127, 117, 122, 16, 144, 177, 72, 235, 237,
       37, 128, 160, 227, 7, 115, 13, 120, 211, 69, 116, 30, 235, 20,
       123, 233, 122, 108, 56, 176, 213, 180, 22, 108, 22, 92, 131, 178,
       245, 234, 44, 60, 37, 160, 206, 183, 67, 189, 248, 153, 121, 250,
       203, 221, 87, 247, 177, 82, 165, 24, 63, 159, 96, 81, 200, 179,
       227, 66, 123, 47, 250, 183, 243, 193, 68, 123, 123, 32, 134, 50,
       129, 89, 31, 221, 120, 198, 119, 250, 254, 72, 100, 96, 116, 211,
       161, 81, 242, 104, 23, 72, 99, 133, 10, 127, 100, 186, 35, 136,
       24, 176, 107, 131, 103, 51, 215, 36, 226, 46, 63, 48, 169, 254,
       179, 253, 87, 102, 207, 31, 151, 197, 108, 102, 157, 211, 189, 8,
       152, 242, 101, 214, 204, 247, 162, 117, 221, 85, 45, 167, 52, 66,
       79, 48, 112, 226, 131, 144, 211, 46, 152, 99, 114, 68, 124, 239,
       233, 212, 253, 46, 224, 227, 239, 20, 36, 163, 116, 112, 18, 141,
       98, 158, 87, 146, 188, 103, 141, 68, 94, 135, 108, 171, 54, 196,
       226, 35, 155, 133, 84, 153, 16, 207, 50, 36, 154, 195, 55, 14,
       189, 94, 27, 95, 230, 132, 215, 18, 188, 119, 173, 198, 222, 231,
       9, 170, 183, 134, 110, 229, 183, 229, 132, 155, 36, 206, 50, 79,
       143, 130, 175, 244, 185, 221, 192, 34, 133, 177, 100, 169, 169, 3,
       172, 19, 82, 240, 157, 130, 208, 203, 98, 9, 127, 141, 1, 252,
       199, 192, 196, 144, 250, 128, 12, 0, 33, 168, 2, 205, 32, 136,
       149, 197, 142, 238, 196, 64, 88, 3, 40, 204, 56, 64, 88, 163, 19,
       199, 82, 40, 24, 253, 41, 4, 158, 73, 21, 24, 176, 202, 30, 95,
       110, 154, 69, 182, 190, 96, 149, 196, 222, 167, 104, 206, 55, 197,
       110, 171, 183, 199, 196, 155, 22, 236, 50, 115, 202, 203, 63, 63,
       125, 214, 1, 56, 92, 97, 96, 15, 121, 27, 42, 187, 52, 69, 151, 3,
       0, 25, 133, 0, 85, 60, 1, 60, 81, 28, 71, 155, 113, 228, 216, 128,
       67, 177, 24, 214, 125, 238, 47, 87, 223, 252, 85, 238, 221, 167,
       255, 125, 186, 39, 191, 87, 181, 111, 193, 96, 43, 173, 243, 223,
       127, 149, 118, 254, 5, 123, 194, 152, 183, 183, 166, 68, 189, 231,
       62, 255, 210, 19, 252, 62, 104, 74, 231, 215, 59, 145, 114, 221,
       187, 227, 157, 54, 222, 198, 128, 80, 165, 127, 75, 94, 63, 244,
       39, 196, 63, 118, 173, 202, 94, 102, 188, 159, 165, 98, 166, 119,
       255, 65, 193, 141, 162, 238, 243, 253, 42, 138, 4, 1, 37, 123, 2,
       197, 8, 152, 157, 197, 172, 231, 158, 17, 72, 18, 164, 170, 52,
       64, 201, 11, 59, 145, 114, 152, 82, 247, 45, 54, 158, 64, 16, 72,
       241, 10, 43, 239, 96, 31, 125, 145, 190, 234, 95, 4, 125, 231,
       232, 232, 183, 132, 95, 107, 151, 207, 230, 42, 78, 255, 46, 94,
       138, 171, 95, 134, 123, 205, 229, 92, 189, 245, 172, 111, 85, 190,
       50, 186, 162, 24, 215, 113, 1, 59, 145, 86, 125, 106, 56, 244, 89,
       56, 237, 235, 117, 52, 192, 121, 195, 34, 45, 87, 233, 99, 244,
       139, 239, 157, 87, 224, 127, 198, 83, 13, 217, 96, 95, 172, 23,
       158, 203, 178, 125, 154, 102, 205, 165, 52, 255, 218, 208, 185,
       35, 182, 233, 199, 100, 43, 239, 112, 88, 234, 93, 254, 241, 100,
       220, 36, 95, 238, 22, 143, 217, 242, 236, 170, 76, 14, 255, 160,
       13, 235, 80, 245, 79, 185, 235, 228, 118, 214, 187, 242, 155, 232,
       22, 227, 29, 189, 247, 34, 135, 125, 183, 93, 149, 219, 164, 224,
       74, 93, 173, 230, 134, 173, 49, 251, 154, 92, 158, 190, 43, 53,
       28, 86, 149, 14, 222, 55, 239, 255, 35, 202, 237, 241, 255, 129,
       44, 7, 18, 171, 211, 231, 250, 155, 50, 124, 45, 91, 23, 95, 109,
       203, 182, 51, 207, 157, 70, 232, 221, 230, 209, 6, 183, 100, 127,
       142, 31, 253, 139, 144, 109, 94, 236, 13, 175, 132, 189, 242, 177,
       253, 130, 205, 14, 188, 25, 132, 46, 230, 156, 0, 64, 3, 188, 238,
       48, 65, 232, 123, 59, 197, 98, 143, 18, 255, 161, 54, 218, 8, 16,
       16, 33, 138, 134, 191, 133, 59, 242, 173, 62, 191, 63, 95, 90,
       245, 236, 107, 152, 25, 167, 75, 103, 7, 247, 220, 11, 119, 44,
       86, 125, 194, 206, 213, 139, 219, 251, 50, 253, 245, 55, 86, 89,
       27, 17, 236, 214, 166, 59, 31, 215, 127, 150, 180, 181, 188, 237,
       206, 241, 136, 219, 219, 173, 147, 46, 164, 126, 127, 130, 94,
       149, 127, 170, 235, 182, 191, 158, 175, 120, 244, 225, 121, 132,
       203, 135, 119, 111, 2, 247, 204, 203, 63, 46, 246, 124, 211, 220,
       249, 133, 155, 154, 95, 127, 252, 98, 224, 191, 114, 189, 196,
       222, 163, 61, 255, 161, 65, 230, 251, 191, 195, 192, 139, 34, 235,
       243, 225, 218, 139, 5, 241, 37, 251, 24, 31, 84, 175, 178, 35, 23,
