%YAML:1.0
---
descriptors: !!opencv-matrix
   rows: 119
   cols: 32
   dt: u
   data: [ 29, 93, 255, 197, 246, 78, 111, 54, 121, 202, 126, 226, 249,
       55, 149, 119, 118, 252, 23, 234, 225, 144, 37, 238, 102, 255, 102,
       128, 47, 243, 97, 185, 2, 171, 24, 187, 94, 137, 178, 231, 142, 5,
       88, 3, 164, 170, 96, 64, 207, 59, 11, 65, 2, 10, 66, 245, 45, 20,
       26, 107, 16, 10, 165, 138, 74, 234, 188, 123, 169, 221, 21, 143,
       171, 63, 36, 57, 174, 255, 66, 27, 129, 115, 233, 16, 50, 76, 202,
       115, 207, 211, 85, 123, 210, 80, 143, 11, 250, 56, 238, 53, 143,
       124, 145, 22, 177, 239, 150, 191, 42, 60, 87, 15, 236, 247, 253,
       129, 188, 239, 243, 160, 211, 115, 216, 147, 231, 124, 86, 95,
       250, 72, 215, 252, 14, 2, 78, 53, 161, 130, 242, 10, 123, 107, 17,
       83, 106, 229, 125, 234, 104, 199, 145, 232, 243, 235, 230, 144,
       39, 176, 240, 40, 0, 158, 149, 187, 252, 165, 37, 191, 30, 27, 88,
       112, 180, 183, 160, 64, 205, 59, 38, 8, 51, 24, 66, 183, 173, 151,
       62, 232, 24, 72, 129, 185, 41, 157, 57, 255, 189, 157, 83, 182,
       222, 72, 125, 64, 255, 241, 49, 224, 212, 122, 22, 8, 163, 168,
       122, 63, 239, 255, 36, 24, 218, 10, 81, 171, 212, 200, 148, 151,
       133, 8, 166, 132, 62, 179, 179, 18, 196, 98, 72, 78, 233, 198, 42,
       211, 114, 252, 219, 226, 189, 38, 223, 67, 129, 123, 185, 2, 124,
       245, 189, 226, 169, 79, 95, 252, 59, 254, 188, 9, 223, 127, 72,
       17, 149, 215, 253, 98, 105, 99, 251, 191, 251, 219, 101, 188, 114,
       243, 198, 115, 170, 196, 214, 254, 253, 187, 156, 109, 223, 19,
       241, 25, 238, 249, 44, 205, 215, 27, 255, 32, 54, 103, 10, 151,
       170, 254, 87, 127, 214, 204, 169, 135, 21, 93, 255, 231, 214, 14,
       126, 244, 173, 130, 110, 66, 125, 255, 53, 115, 118, 245, 63, 234,
       193, 145, 16, 236, 247, 191, 71, 0, 35, 243, 225, 168, 154, 148,
       238, 227, 228, 38, 237, 87, 16, 75, 223, 118, 89, 43, 184, 75,
       111, 199, 55, 153, 185, 222, 1, 226, 218, 235, 254, 192, 173, 192,
       240, 49, 64, 185, 28, 249, 41, 205, 16, 190, 159, 57, 36, 92, 190,
       55, 72, 117, 133, 19, 238, 0, 35, 40, 83, 53, 143, 210, 84, 122,
       90, 8, 137, 59, 29, 111, 198, 103, 50, 26, 110, 184, 118, 168, 95,
       228, 211, 96, 153, 245, 54, 76, 44, 110, 233, 240, 109, 46, 46,
       239, 101, 132, 110, 179, 72, 1, 205, 32, 213, 241, 240, 46, 104,
       27, 58, 179, 99, 80, 223, 51, 72, 251, 183, 15, 124, 24, 51, 212,
       153, 66, 205, 255, 119, 68, 136, 224, 131, 161, 120, 156, 61, 110,
       25, 238, 83, 183, 197, 72, 174, 0, 243, 119, 32, 112, 193, 178,
       93, 40, 59, 137, 113, 63, 235, 239, 32, 80, 146, 74, 228, 107, 60,
       85, 21, 238, 189, 79, 86, 248, 63, 168, 249, 72, 223, 123, 9, 176,
       220, 213, 92, 98, 105, 35, 89, 190, 251, 223, 5, 62, 90, 59, 66,
       51, 214, 236, 148, 147, 213, 168, 34, 132, 186, 179, 130, 19, 228,
       226, 77, 94, 225, 207, 106, 211, 46, 92, 219, 243, 157, 22, 223,
       103, 128, 115, 43, 142, 181, 167, 196, 191, 204, 11, 198, 169, 19,
       179, 177, 254, 66, 104, 77, 27, 89, 206, 38, 50, 60, 114, 79, 179,
       168, 158, 197, 116, 221, 122, 218, 4, 124, 245, 185, 229, 233, 15,
       94, 250, 51, 170, 188, 72, 223, 127, 73, 48, 149, 223, 125, 106,
       105, 98, 217, 59, 251, 223, 101, 188, 90, 248, 198, 51, 198, 236,
       144, 151, 77, 169, 238, 140, 187, 178, 1, 26, 236, 234, 93, 207,
       179, 235, 123, 211, 102, 68, 218, 251, 189, 150, 207, 59, 4, 115,
       11, 6, 203, 83, 124, 237, 46, 22, 93, 57, 201, 232, 22, 230, 221,
       223, 150, 103, 6, 53, 253, 239, 197, 196, 166, 221, 198, 251, 233,
       140, 39, 164, 81, 121, 187, 194, 240, 90, 109, 245, 80, 206, 223,
       93, 180, 25, 42, 200, 254, 252, 193, 138, 174, 20, 174, 47, 110,
       243, 27, 95, 16, 123, 211, 140, 220, 79, 134, 4, 156, 213, 237,
       46, 180, 143, 30, 183, 78, 17, 204, 43, 76, 75, 129, 87, 163, 17,
       48, 252, 83, 66, 77, 51, 94, 71, 192, 112, 141, 130, 134, 140,
       173, 87, 148, 162, 142, 174, 26, 147, 9, 145, 241, 108, 93, 139,
       145, 115, 177, 243, 114, 92, 26, 63, 41, 23, 221, 69, 132, 115,
       213, 42, 116, 205, 119, 236, 159, 66, 86, 237, 197, 12, 250, 35,
       99, 124, 32, 65, 248, 244, 204, 227, 124, 171, 1, 172, 179, 227,
       134, 19, 51, 62, 244, 6, 189, 20, 255, 234, 230, 38, 235, 216, 85,
       75, 247, 246, 83, 45, 186, 107, 127, 214, 23, 191, 185, 183, 41,
       130, 210, 239, 250, 196, 181, 251, 244, 241, 116, 111, 200, 164,
       157, 67, 71, 200, 70, 164, 239, 11, 67, 225, 97, 16, 120, 204, 76,
       242, 88, 51, 205, 40, 249, 133, 165, 61, 241, 123, 212, 66, 27,
       89, 123, 228, 82, 214, 63, 112, 173, 200, 94, 230, 125, 223, 177,
       112, 54, 253, 159, 238, 193, 153, 48, 236, 243, 237, 174, 130, 47,
       178, 37, 113, 162, 233, 17, 186, 221, 141, 166, 237, 158, 21, 176,
       27, 164, 201, 104, 1, 201, 11, 67, 81, 114, 43, 90, 247, 189, 144,
       30, 122, 80, 8, 167, 170, 88, 172, 184, 112, 169, 237, 17, 143,
       171, 63, 172, 25, 174, 183, 74, 27, 167, 211, 237, 16, 26, 75,
       234, 49, 219, 211, 85, 127, 194, 80, 135, 107, 213, 76, 31, 127,
       0, 166, 103, 48, 180, 130, 239, 64, 247, 99, 161, 89, 112, 100,
       104, 46, 105, 149, 25, 46, 192, 167, 96, 0, 40, 243, 32, 32, 64,
       152, 152, 126, 57, 141, 18, 186, 143, 25, 40, 76, 190, 242, 64,
       112, 133, 115, 248, 0, 3, 8, 218, 51, 229, 245, 16, 58, 24, 8, 3,
       27, 133, 160, 221, 241, 236, 41, 233, 91, 238, 179, 49, 88, 159,
       227, 216, 43, 35, 15, 110, 24, 51, 116, 207, 208, 204, 154, 119,
       100, 220, 200, 195, 161, 60, 36, 252, 243, 205, 111, 241, 202, 95,
       179, 165, 26, 27, 249, 77, 42, 185, 217, 83, 24, 50, 114, 219,
       178, 95, 207, 81, 117, 243, 105, 86, 162, 233, 128, 133, 103, 124,
       10, 105, 45, 108, 177, 231, 20, 211, 35, 152, 127, 200, 4, 122,
       44, 41, 252, 113, 12, 204, 250, 210, 20, 74, 128, 210, 184, 36,
       177, 56, 99, 217, 109, 81, 169, 11, 53, 37, 25, 214, 87, 74, 24,
       145, 18, 73, 48, 26, 112, 249, 21, 207, 153, 17, 117, 208, 10,
       198, 98, 242, 72, 223, 246, 78, 8, 108, 4, 169, 146, 178, 90, 127,
       107, 21, 91, 107, 229, 125, 234, 104, 71, 195, 224, 150, 250, 254,
       152, 37, 241, 98, 40, 70, 44, 154, 130, 221, 110, 242, 72, 187,
       182, 187, 27, 204, 250, 77, 26, 251, 221, 203, 179, 48, 115, 217,
       194, 157, 22, 139, 111, 193, 99, 39, 130, 29, 164, 211, 241, 178,
       46, 60, 159, 58, 185, 98, 80, 157, 51, 72, 248, 183, 31, 52, 24,
       51, 216, 129, 66, 173, 254, 55, 196, 170, 192, 131, 161, 166, 165,
       16, 131, 221, 109, 184, 105, 30, 55, 185, 27, 204, 122, 72, 8,
       187, 155, 75, 49, 50, 115, 91, 214, 157, 20, 31, 119, 149, 74,
       133, 130, 134, 205, 140, 151, 133, 166, 102, 166, 19, 183, 8, 18,
       228, 114, 79, 15, 145, 99, 32, 210, 118, 220, 75, 235, 173, 22,
       221, 67, 128, 115, 144, 142, 178, 32, 113, 225, 39, 40, 248, 64,
       105, 160, 184, 139, 47, 11, 85, 18, 174, 149, 93, 217, 138, 36,
       197, 192, 151, 216, 138, 163, 103, 130, 99, 14, 90, 48, 188, 248,
       29, 196, 120, 27, 175, 153, 210, 67, 189, 159, 20, 107, 238, 177,
       255, 129, 142, 77, 211, 221, 203, 251, 250, 217, 52, 0, 117, 27,
       229, 231, 133, 23, 172, 13, 70, 184, 238, 250, 163, 76, 242, 224,
       89, 179, 153, 70, 104, 126, 239, 103, 219, 49, 172, 154, 69, 124,
       200, 251, 82, 4, 101, 99, 56, 71, 60, 31, 103, 152, 109, 172, 191,
       8, 223, 16, 159, 52, 144, 204, 76, 106, 201, 176, 249, 104, 231,
       157, 37, 52, 64, 179, 67, 37, 109, 231, 149, 103, 184, 13, 70,
       184, 123, 177, 168, 76, 223, 226, 73, 179, 145, 198, 108, 126,
       239, 99, 219, 55, 185, 255, 5, 124, 72, 243, 202, 4, 38, 32, 214,
       188, 105, 11, 152, 72, 159, 176, 240, 137, 206, 191, 101, 159,
       222, 93, 127, 53, 4, 195, 195, 200, 154, 218, 95, 187, 196, 45,
       35, 135, 253, 167, 239, 172, 142, 3, 78, 255, 82, 242, 153, 239,
