%YAML:1.0
---
descriptors: !!opencv-matrix
   rows: 93
   cols: 32
   dt: u
   data: [ 252, 72, 255, 244, 44, 10, 125, 148, 185, 146, 182, 186, 95,
       127, 133, 123, 230, 245, 125, 234, 232, 71, 235, 202, 211, 251,
       230, 148, 39, 241, 102, 33, 103, 81, 109, 71, 98, 90, 111, 188,
       105, 224, 119, 236, 219, 109, 159, 127, 54, 196, 116, 238, 193,
       240, 253, 76, 102, 58, 101, 132, 111, 183, 66, 117, 214, 237, 150,
       147, 149, 64, 38, 134, 59, 183, 202, 19, 172, 162, 68, 206, 225,
       207, 170, 209, 118, 88, 155, 227, 189, 54, 222, 67, 128, 92, 189,
       14, 181, 231, 201, 174, 204, 33, 206, 249, 198, 178, 185, 206,
       209, 227, 249, 3, 89, 194, 74, 234, 121, 35, 206, 186, 184, 132,
       231, 60, 253, 251, 240, 160, 70, 237, 144, 183, 223, 168, 174,
       168, 187, 147, 24, 3, 236, 234, 92, 198, 163, 107, 123, 209, 38,
       72, 138, 243, 173, 54, 223, 235, 132, 103, 9, 14, 119, 199, 237,
       230, 244, 34, 206, 168, 19, 162, 187, 202, 83, 105, 156, 16, 91,
       196, 117, 239, 168, 227, 205, 142, 56, 46, 237, 148, 229, 251, 82,
       0, 101, 33, 25, 225, 60, 15, 99, 56, 125, 168, 255, 72, 214, 83,
       136, 116, 146, 140, 94, 126, 1, 178, 105, 76, 173, 190, 35, 116,
       64, 163, 67, 33, 128, 42, 139, 165, 222, 34, 106, 194, 62, 163,
       74, 82, 181, 162, 97, 66, 99, 239, 42, 144, 18, 216, 131, 98, 156,
       164, 159, 32, 161, 97, 33, 136, 222, 177, 178, 186, 155, 212, 18,
       73, 190, 13, 135, 21, 236, 222, 106, 208, 180, 19, 233, 81, 22, 5,
       154, 243, 219, 245, 10, 91, 130, 7, 175, 83, 244, 80, 238, 214, 4,
       6, 237, 80, 209, 202, 215, 214, 81, 207, 189, 107, 126, 244, 62,
       234, 233, 183, 180, 136, 82, 235, 230, 128, 175, 251, 112, 48,
       125, 117, 17, 238, 61, 15, 86, 248, 127, 232, 249, 72, 223, 121,
       9, 176, 220, 213, 126, 106, 201, 99, 219, 190, 243, 255, 7, 60,
       90, 123, 67, 51, 9, 160, 17, 251, 236, 237, 161, 159, 30, 57, 17,
       120, 156, 21, 200, 173, 151, 27, 114, 24, 19, 120, 107, 145, 141,
       152, 117, 252, 210, 136, 133, 225, 244, 83, 94, 238, 40, 2, 86,
       184, 176, 142, 231, 40, 87, 243, 169, 91, 214, 212, 108, 98, 108,
       71, 171, 44, 242, 235, 229, 157, 32, 179, 102, 35, 64, 248, 29,
       121, 57, 205, 144, 174, 31, 59, 48, 56, 190, 28, 72, 32, 133, 19,
       238, 0, 66, 108, 83, 55, 141, 215, 16, 59, 80, 24, 133, 11, 133,
       180, 249, 241, 236, 45, 248, 27, 255, 59, 49, 120, 157, 249, 220,
       43, 175, 27, 127, 25, 179, 116, 203, 211, 78, 218, 127, 252, 212,
       200, 195, 161, 6, 161, 208, 147, 237, 109, 184, 201, 31, 49, 49,
       27, 140, 24, 92, 8, 187, 155, 251, 17, 22, 120, 219, 209, 29, 18,
       95, 127, 212, 8, 207, 134, 94, 92, 18, 184, 163, 241, 180, 71,
       189, 7, 128, 51, 172, 190, 35, 221, 227, 59, 207, 1, 52, 11, 0,
       250, 179, 215, 94, 59, 146, 84, 175, 7, 119, 65, 103, 68, 21, 86,
       111, 232, 101, 224, 238, 2, 83, 124, 31, 244, 120, 228, 120, 238,
       205, 179, 61, 204, 51, 108, 133, 20, 103, 183, 114, 116, 3, 189,
       170, 49, 242, 180, 190, 231, 122, 201, 78, 133, 189, 170, 118, 32,
       167, 111, 19, 149, 215, 152, 148, 115, 110, 13, 63, 225, 141, 80,
       171, 221, 253, 113, 151, 238, 189, 15, 70, 248, 109, 232, 179, 76,
       223, 251, 25, 243, 220, 196, 126, 106, 233, 99, 219, 172, 191,
       249, 71, 60, 74, 187, 74, 1, 56, 157, 51, 236, 149, 243, 82, 238,
       69, 12, 250, 2, 99, 121, 32, 224, 248, 190, 142, 226, 28, 187, 49,
       191, 251, 231, 130, 19, 115, 79, 244, 134, 193, 76, 159, 221, 108,
       108, 229, 22, 252, 82, 226, 80, 240, 176, 53, 123, 193, 228, 106,
       138, 225, 101, 243, 65, 21, 186, 82, 8, 88, 112, 97, 40, 3, 166,
       29, 153, 252, 141, 169, 191, 30, 57, 88, 244, 188, 163, 216, 192,
       207, 11, 51, 29, 179, 88, 67, 247, 44, 22, 62, 236, 156, 136, 137,
       185, 253, 61, 97, 108, 221, 111, 71, 250, 66, 226, 169, 10, 83,
       113, 89, 52, 89, 194, 88, 106, 185, 35, 127, 62, 249, 140, 5, 60,
       241, 235, 86, 96, 130, 185, 191, 169, 172, 192, 181, 133, 142, 29,
       154, 51, 148, 255, 106, 74, 192, 119, 107, 81, 18, 9, 203, 241,
       237, 53, 254, 223, 128, 26, 165, 123, 165, 252, 133, 83, 133, 31,
       71, 191, 83, 243, 160, 92, 210, 112, 89, 189, 153, 200, 80, 62,
       239, 118, 121, 63, 169, 158, 85, 116, 216, 120, 218, 36, 138, 236,
       148, 183, 193, 52, 180, 175, 122, 179, 74, 16, 236, 122, 66, 207,
       161, 87, 177, 145, 54, 216, 155, 227, 45, 118, 223, 71, 130, 116,
       141, 142, 179, 215, 200, 79, 150, 6, 206, 191, 113, 99, 250, 246,
       115, 40, 156, 112, 127, 198, 21, 173, 255, 250, 93, 47, 60, 46,
       180, 196, 109, 208, 250, 28, 221, 90, 173, 149, 35, 94, 53, 182,
       32, 94, 150, 229, 222, 55, 131, 255, 100, 212, 189, 238, 237, 192,
       241, 168, 247, 107, 102, 130, 10, 245, 45, 123, 25, 139, 145, 105,
       178, 131, 75, 25, 102, 109, 78, 228, 243, 99, 160, 112, 118, 46,
       44, 220, 155, 152, 101, 61, 224, 237, 34, 128, 186, 130, 32, 121,
       9, 134, 69, 25, 184, 153, 40, 191, 94, 81, 94, 244, 169, 34, 154,
       228, 87, 10, 38, 140, 183, 216, 103, 119, 44, 255, 254, 224, 62,
       140, 137, 253, 233, 64, 151, 127, 109, 108, 229, 22, 246, 91, 102,
       24, 178, 177, 65, 107, 201, 108, 106, 8, 33, 244, 243, 1, 69, 251,
       112, 0, 74, 120, 66, 168, 90, 184, 188, 114, 137, 233, 17, 143,
       171, 55, 164, 25, 174, 191, 66, 27, 135, 83, 233, 16, 18, 73, 202,
       113, 219, 211, 93, 123, 210, 64, 143, 75, 64, 248, 25, 251, 57,
       237, 16, 142, 143, 57, 40, 8, 190, 31, 72, 0, 133, 19, 238, 1, 2,
       40, 91, 51, 205, 213, 16, 58, 80, 8, 7, 27, 201, 24, 191, 221,
       109, 108, 185, 134, 250, 27, 118, 16, 188, 183, 105, 107, 227,
       119, 122, 8, 33, 69, 179, 225, 69, 187, 122, 8, 128, 113, 97, 171,
       101, 99, 56, 71, 52, 31, 103, 56, 109, 172, 255, 8, 223, 83, 137,
       112, 16, 204, 76, 106, 201, 176, 233, 92, 229, 189, 35, 52, 64,
       179, 67, 33, 34, 32, 86, 172, 107, 3, 152, 104, 159, 160, 240,
       169, 204, 222, 37, 145, 222, 29, 255, 101, 68, 195, 3, 220, 146,
       122, 75, 191, 20, 44, 43, 135, 118, 72, 214, 204, 77, 78, 214, 72,
       169, 166, 242, 11, 78, 186, 39, 94, 232, 245, 239, 227, 76, 103,
       211, 200, 145, 186, 202, 27, 1, 125, 127, 6, 240, 77, 103, 236,
       15, 66, 70, 169, 229, 0, 162, 2, 99, 123, 36, 83, 232, 212, 109,
       227, 108, 163, 1, 173, 179, 226, 197, 19, 33, 186, 244, 38, 198,
       173, 132, 159, 157, 136, 166, 232, 190, 146, 0, 3, 236, 226, 77,
       199, 241, 107, 106, 211, 98, 73, 138, 255, 189, 54, 207, 111, 128,
       50, 41, 6, 90, 242, 138, 185, 42, 129, 57, 90, 166, 53, 198, 175,
       175, 199, 106, 91, 102, 189, 239, 145, 14, 75, 195, 209, 220, 227,
       251, 253, 48, 128, 45, 83, 181, 29, 62, 107, 180, 31, 198, 252,
       68, 96, 251, 84, 211, 56, 51, 33, 200, 70, 92, 111, 253, 169, 117,
       60, 225, 233, 102, 20, 217, 91, 217, 128, 150, 94, 102, 87, 10, 3,
       191, 244, 189, 182, 215, 199, 73, 79, 181, 39, 62, 117, 219, 239,
       224, 213, 45, 238, 112, 10, 207, 148, 39, 183, 23, 245, 6, 161,
       16, 131, 205, 111, 184, 73, 47, 181, 185, 27, 204, 26, 76, 8, 187,
       159, 107, 17, 18, 115, 219, 208, 157, 16, 31, 119, 213, 10, 199,
       134, 93, 239, 148, 37, 157, 15, 70, 184, 251, 186, 170, 76, 199,
       224, 89, 186, 145, 70, 108, 126, 255, 97, 203, 50, 173, 223, 101,
       124, 200, 115, 75, 4, 219, 90, 127, 237, 44, 20, 93, 54, 233, 106,
       86, 245, 31, 63, 151, 127, 134, 245, 253, 207, 237, 149, 161, 224,
       210, 251, 248, 154, 14, 245, 96, 125, 68, 49, 152, 163, 160, 47,
       113, 25, 58, 177, 39, 92, 215, 19, 72, 26, 147, 157, 108, 56, 27,
       84, 217, 66, 205, 213, 39, 100, 136, 35, 131, 19, 219, 90, 175,
       244, 35, 92, 53, 183, 161, 94, 150, 245, 251, 63, 131, 255, 228,
       244, 189, 196, 229, 77, 243, 168, 215, 251, 246, 139, 42, 180,
       172, 127, 5, 167, 217, 225, 188, 169, 233, 27, 110, 49, 187, 88,
