%YAML:1.0
---
descriptors: !!opencv-matrix
   rows: 23
   cols: 32
   dt: u
   data: [ 34, 0, 80, 128, 100, 12, 248, 65, 169, 0, 176, 171, 140, 30,
       164, 84, 238, 145, 223, 161, 8, 35, 64, 192, 148, 152, 138, 146,
       69, 8, 115, 134, 6, 157, 150, 155, 185, 224, 190, 143, 174, 21,
       10, 129, 236, 246, 100, 206, 197, 119, 235, 145, 22, 201, 219,
       241, 45, 54, 222, 67, 144, 87, 173, 31, 149, 207, 206, 254, 190,
       35, 206, 252, 210, 162, 185, 246, 241, 226, 169, 33, 127, 230, 46,
       238, 241, 103, 45, 191, 184, 207, 231, 252, 181, 251, 224, 161,
       158, 210, 242, 147, 114, 155, 190, 248, 63, 63, 83, 247, 77, 238,
       174, 196, 55, 125, 167, 231, 230, 149, 12, 247, 62, 70, 47, 199,
       55, 255, 173, 213, 0, 32, 7, 141, 78, 131, 33, 72, 6, 176, 194,
       66, 20, 130, 32, 72, 96, 44, 106, 136, 2, 217, 195, 21, 20, 32,
       147, 36, 56, 8, 49, 136, 66, 141, 150, 159, 137, 236, 180, 143,
       174, 17, 74, 17, 236, 246, 14, 78, 129, 119, 235, 17, 20, 216,
       219, 97, 45, 54, 94, 67, 128, 116, 165, 14, 60, 157, 90, 238, 243,
       199, 86, 232, 133, 132, 253, 11, 107, 255, 41, 16, 254, 251, 151,
       226, 72, 171, 24, 191, 251, 253, 5, 27, 115, 187, 108, 131, 252,
       112, 189, 99, 45, 127, 81, 152, 115, 250, 181, 28, 223, 93, 75,
       59, 157, 212, 253, 122, 169, 102, 251, 130, 211, 219, 69, 60, 202,
       251, 70, 115, 139, 186, 179, 217, 101, 181, 185, 215, 127, 91, 84,
       116, 188, 159, 228, 237, 231, 59, 55, 29, 179, 220, 34, 243, 207,
       223, 62, 234, 154, 8, 161, 255, 107, 27, 112, 96, 165, 212, 217,
       19, 73, 77, 28, 173, 155, 29, 182, 164, 142, 51, 149, 13, 157, 42,
       116, 132, 67, 221, 56, 219, 222, 140, 92, 127, 31, 86, 194, 143,
       114, 147, 174, 216, 63, 238, 83, 231, 77, 238, 191, 196, 127, 253,
       135, 231, 229, 151, 13, 222, 54, 70, 175, 132, 63, 247, 41, 213,
       58, 83, 102, 165, 117, 87, 250, 120, 93, 76, 251, 231, 75, 30, 55,
       212, 254, 157, 151, 231, 204, 179, 17, 206, 178, 255, 138, 135,
       127, 175, 124, 215, 61, 93, 107, 238, 116, 86, 79, 252, 197, 204,
       254, 70, 83, 221, 185, 96, 124, 252, 23, 234, 201, 179, 60, 172,
       243, 237, 167, 132, 119, 187, 116, 241, 223, 82, 252, 246, 110,
       126, 253, 152, 249, 254, 183, 255, 223, 127, 223, 123, 239, 213,
       255, 239, 169, 103, 251, 192, 214, 251, 255, 156, 239, 253, 103,
       113, 34, 221, 58, 158, 213, 215, 190, 230, 31, 64, 88, 3, 236,
       252, 39, 64, 249, 123, 147, 195, 102, 186, 26, 255, 63, 55, 143,
       11, 21, 127, 189, 142, 31, 84, 99, 197, 118, 86, 239, 120, 117,
       232, 95, 230, 89, 190, 191, 100, 126, 205, 23, 239, 193, 178, 53,
       206, 55, 47, 171, 132, 39, 183, 119, 245, 23, 85, 99, 142, 244,
       150, 239, 248, 52, 200, 223, 199, 81, 238, 191, 100, 127, 236, 23,
       239, 237, 147, 61, 222, 56, 46, 175, 132, 45, 247, 112, 245, 56,
       221, 82, 174, 217, 207, 86, 236, 165, 0, 249, 9, 111, 251, 32,
       144, 250, 251, 134, 98, 78, 43, 24, 191, 187, 245, 5, 59, 115, 31,
       238, 138, 60, 93, 122, 238, 247, 215, 222, 252, 23, 4, 252, 131,
       123, 253, 57, 128, 126, 250, 151, 226, 74, 179, 24, 191, 123, 205,
       165, 129, 119, 255, 252, 147, 49, 223, 107, 254, 180, 131, 239,
       246, 86, 64, 218, 230, 113, 238, 176, 96, 126, 234, 23, 207, 251,
       187, 60, 255, 248, 174, 174, 192, 61, 155, 240, 248, 253, 113,
       253, 103, 44, 14, 87, 184, 97, 250, 181, 76, 223, 127, 75, 59,
       156, 213, 124, 106, 201, 114, 249, 8, 247, 249, 101, 180, 106,
       243, 66, 115, 125, 119, 125, 103, 168, 94, 87, 184, 105, 232, 191,
       108, 223, 127, 203, 51, 150, 212, 253, 106, 201, 226, 249, 40,
       231, 249, 101, 180, 106, 243, 66, 115, 3, 205, 35, 159, 213, 214,
       239, 230, 92, 64, 90, 66, 240, 252, 180, 228, 120, 106, 18, 207,
       231, 152, 60, 255, 45, 62, 142, 128, 23, 30, 244, 236 ]
keypoints: !!opencv-matrix
   rows: 23
   cols: 2
   dt: d
   data: [ 80., 77., 184., 77., 112., 100., 329., 249., 84., 72.,
       1.8120001220703125e+02, 7.3200004577636719e+01, 180., 84.,
       2.9280001831054688e+02, 1.4640000915527344e+02,
       1.6560000610351562e+02, 2.4720001220703125e+02,
       2.9280001831054688e+02, 2.4840000915527344e+02,
       3.2760000610351562e+02, 2.4840000915527344e+02, 312.,
       2.5680001831054688e+02, 3.3840002441406250e+02,
       2.5680001831054688e+02, 1.7568000793457031e+02,
       1.3824000549316406e+02, 3.3120001220703125e+02,
       1.5696000671386719e+02, 3.2112002563476562e+02,
       2.5056001281738281e+02, 3.3120001220703125e+02,
       2.5056001281738281e+02, 1.7798402404785156e+02,
       8.1216011047363281e+01, 1.8489601135253906e+02,
       8.6400009155273438e+01, 2.9030401611328125e+02,
       9.6768005371093750e+01, 2.9721603393554688e+02,
       1.4688002014160156e+02, 2.9859844970703125e+02,
       1.4722561645507812e+02, 1.7318711853027344e+02,
       9.2565528869628906e+01 ]
