%YAML:1.0
---
descriptors: !!opencv-matrix
   rows: 28
   cols: 32
   dt: u
   data: [ 11, 251, 227, 159, 197, 221, 175, 243, 223, 206, 92, 199, 168,
       236, 183, 164, 108, 106, 147, 71, 199, 188, 62, 235, 36, 30, 158,
       168, 95, 191, 89, 220, 138, 187, 50, 156, 239, 208, 188, 230, 29,
       140, 84, 167, 172, 190, 102, 197, 239, 123, 179, 193, 244, 91,
       130, 251, 62, 82, 222, 171, 23, 28, 173, 223, 82, 120, 154, 176,
       11, 205, 16, 71, 175, 149, 128, 9, 174, 159, 99, 90, 162, 51, 235,
       17, 6, 9, 146, 240, 217, 213, 30, 59, 128, 0, 175, 11, 64, 160,
       135, 157, 24, 139, 160, 8, 158, 176, 66, 66, 228, 194, 64, 66, 48,
       108, 106, 48, 3, 208, 139, 93, 12, 34, 75, 44, 8, 32, 1, 0, 61,
       73, 98, 206, 93, 150, 198, 96, 212, 128, 249, 2, 115, 200, 55,
       224, 88, 236, 2, 111, 204, 163, 94, 142, 49, 108, 131, 8, 119,
       187, 120, 132, 2, 168, 150, 153, 75, 161, 56, 71, 174, 21, 64, 17,
       172, 130, 96, 74, 231, 59, 235, 145, 18, 73, 146, 81, 141, 16, 26,
       107, 144, 0, 165, 138, 2, 178, 150, 184, 107, 193, 184, 71, 142,
       29, 64, 179, 172, 142, 96, 10, 239, 59, 139, 145, 18, 77, 2, 209,
       157, 16, 154, 235, 144, 8, 165, 155, 33, 91, 123, 77, 116, 206,
       239, 119, 109, 200, 126, 68, 179, 149, 181, 52, 46, 122, 22, 108,
       193, 184, 52, 109, 103, 188, 36, 128, 79, 152, 194, 249, 41, 48,
       59, 104, 85, 207, 81, 83, 101, 104, 96, 8, 22, 157, 0, 49, 216,
       188, 66, 56, 11, 186, 240, 28, 215, 201, 0, 96, 104, 8, 66, 186,
       162, 72, 22, 220, 77, 64, 190, 236, 141, 18, 208, 18, 44, 158, 53,
       75, 232, 241, 155, 227, 96, 103, 2, 235, 21, 48, 202, 27, 21, 57,
       53, 138, 155, 18, 111, 205, 118, 126, 249, 91, 109, 109, 223, 247,
       217, 29, 190, 236, 254, 157, 191, 189, 157, 180, 117, 196, 214,
       121, 186, 192, 175, 140, 253, 245, 31, 214, 226, 201, 246, 147,
       251, 222, 95, 207, 94, 230, 89, 206, 190, 228, 127, 169, 151, 189,
       215, 180, 37, 206, 126, 95, 175, 196, 191, 142, 249, 245, 177,
       219, 109, 237, 166, 139, 206, 55, 69, 104, 242, 230, 51, 13, 180,
       97, 110, 161, 21, 239, 253, 184, 101, 189, 178, 235, 228, 208,
       125, 136, 208, 89, 138, 120, 114, 248, 109, 221, 189, 80, 143, 94,
       84, 47, 172, 159, 55, 173, 174, 57, 223, 67, 199, 47, 50, 241,
       215, 89, 26, 171, 86, 157, 13, 255, 66, 128, 148, 147, 9, 236,
       176, 11, 174, 21, 3, 0, 172, 210, 76, 78, 129, 87, 235, 17, 18,
       73, 219, 65, 13, 48, 90, 75, 128, 4, 133, 6, 40, 73, 34, 190, 93,
       133, 198, 224, 213, 12, 252, 2, 34, 200, 55, 192, 200, 232, 2, 75,
       74, 171, 90, 189, 49, 60, 130, 25, 87, 63, 116, 138, 32, 34, 2,
       137, 73, 137, 160, 64, 164, 36, 226, 10, 128, 128, 32, 64, 104,
       140, 74, 192, 8, 179, 193, 64, 21, 32, 130, 25, 65, 8, 118, 130,
       142, 120, 186, 154, 107, 245, 184, 66, 159, 78, 85, 51, 44, 222,
       103, 204, 238, 57, 147, 131, 134, 7, 50, 243, 83, 81, 26, 171, 18,
       13, 45, 215, 142, 150, 119, 193, 229, 126, 249, 83, 61, 127, 87,
       183, 141, 31, 254, 237, 239, 31, 183, 157, 183, 156, 101, 192, 79,
       121, 250, 199, 135, 196, 253, 245, 34, 213, 48, 222, 125, 213,
       244, 239, 159, 21, 248, 27, 172, 188, 60, 196, 201, 155, 147, 1,
       86, 43, 90, 215, 55, 62, 154, 63, 23, 28, 221, 206, 70, 138, 132,
       150, 154, 130, 156, 169, 154, 151, 0, 167, 108, 238, 235, 207, 87,
       99, 161, 165, 38, 72, 14, 253, 8, 6, 223, 207, 148, 100, 61, 93,
       40, 219, 32, 220, 125, 157, 198, 238, 213, 12, 220, 3, 162, 200,
       53, 192, 200, 106, 130, 67, 202, 42, 82, 189, 35, 125, 144, 27,
       87, 29, 92, 202, 2, 160, 26, 185, 73, 197, 56, 67, 158, 21, 64,
       19, 172, 151, 98, 73, 233, 27, 163, 144, 18, 92, 18, 209, 133,
       144, 218, 107, 144, 8, 45, 138, 73, 89, 187, 254, 116, 160, 251,
       82, 139, 72, 124, 104, 253, 255, 249, 106, 214, 107, 55, 14, 129,
       34, 162, 233, 194, 253, 42, 168, 214, 251, 33, 249, 13, 89, 44,
       161, 180, 207, 169, 148, 198, 236, 30, 6, 149, 4, 243, 40, 64, 33,
       31, 93, 144, 184, 117, 20, 237, 132, 175, 100, 148, 27, 21, 234,
       157, 131, 109, 225, 166, 3, 111, 185, 6, 112, 23, 246, 81, 7, 184,
       97, 119, 132, 63, 239, 249, 16, 45, 213, 254, 203, 239, 228, 61,
       170, 208, 113, 175, 221, 96, 143, 245, 63, 230, 254, 93, 106, 93,
       95, 210, 120, 191, 164, 217, 74, 18, 111, 245, 180, 93, 190, 38,
       94, 5, 54, 95, 127, 216, 148, 225, 121, 233, 69, 52, 139, 77, 23,
       86, 234, 182, 110, 147, 8, 213, 112, 74, 164, 30, 12, 201, 188,
       101, 10, 36, 141, 180, 176, 125, 184, 208, 125 ]
keypoints: !!opencv-matrix
   rows: 28
   cols: 2
   dt: d
   data: [ 349., 57., 345., 59., 349., 76., 204., 79., 54., 80., 304.,
       84., 303., 87., 349., 90., 353., 104., 88., 110., 344., 114.,
       354., 133., 83., 151., 3.4320001220703125e+02,
       9.8400001525878906e+01, 3.0384002685546875e+02,
       7.6319999694824219e+01, 5.4720001220703125e+01,
       8.0639999389648438e+01, 2.8368002319335938e+02,
       8.3520004272460938e+01, 3.4416000366210938e+02,
       9.5040000915527344e+01, 3.4416000366210938e+02,
       1.1376000213623047e+02, 144., 1.7136000061035156e+02,
       1.0368000793457031e+02, 6.7392005920410156e+01,
       5.5296005249023438e+01, 8.1216011047363281e+01,
       3.0067202758789062e+02, 8.8128005981445312e+01,
       8.2944007873535156e+01, 1.5206401062011719e+02,
       1.0195201110839844e+02, 1.5206401062011719e+02,
       8.1216011047363281e+01, 1.6761601257324219e+02,
       3.0108679199218750e+02, 8.7091217041015625e+01,
       8.9579544067382812e+01, 1.0948610687255859e+02 ]
