%YAML:1.0
---
descriptors: !!opencv-matrix
   rows: 17
   cols: 32
   dt: u
   data: [ 34, 249, 107, 218, 252, 197, 190, 231, 143, 73, 152, 47, 4,
       220, 116, 36, 255, 187, 23, 149, 211, 43, 58, 245, 63, 92, 159,
       234, 93, 14, 247, 247, 1, 253, 27, 219, 244, 133, 174, 231, 30, 9,
       88, 66, 148, 218, 100, 32, 255, 59, 19, 145, 83, 184, 26, 119, 45,
       12, 191, 104, 28, 10, 161, 177, 53, 69, 98, 78, 93, 151, 198, 104,
       212, 128, 233, 10, 115, 200, 55, 100, 88, 232, 2, 110, 204, 163,
       110, 29, 50, 44, 129, 24, 113, 187, 120, 132, 32, 32, 86, 201, 78,
       11, 160, 72, 78, 32, 224, 2, 128, 129, 100, 74, 104, 141, 106,
       128, 0, 179, 193, 80, 20, 160, 146, 17, 21, 8, 99, 138, 52, 237,
       128, 18, 25, 129, 22, 232, 130, 176, 169, 9, 98, 240, 105, 18,
       153, 104, 192, 114, 74, 99, 138, 61, 57, 4, 5, 63, 80, 63, 14,
       138, 2, 168, 150, 185, 73, 237, 48, 71, 62, 21, 66, 17, 172, 151,
       96, 201, 229, 59, 163, 145, 18, 220, 19, 81, 141, 144, 26, 99,
       144, 0, 45, 138, 150, 112, 187, 176, 194, 101, 191, 200, 150, 250,
       144, 83, 84, 222, 105, 43, 255, 217, 19, 243, 67, 87, 186, 96, 81,
       0, 239, 174, 33, 121, 37, 243, 6, 142, 132, 151, 147, 128, 190,
       166, 154, 23, 19, 183, 236, 110, 43, 75, 247, 115, 161, 151, 118,
       72, 14, 239, 40, 6, 223, 199, 148, 117, 189, 79, 53, 73, 34, 190,
       93, 197, 198, 96, 213, 4, 249, 2, 99, 200, 55, 64, 200, 232, 2,
       79, 76, 163, 90, 189, 49, 108, 128, 25, 81, 59, 112, 202, 130,
       176, 146, 185, 3, 229, 56, 71, 30, 23, 64, 19, 172, 151, 96, 200,
       247, 59, 147, 145, 18, 220, 18, 211, 141, 146, 154, 107, 144, 8,
       173, 154, 34, 197, 20, 156, 125, 213, 188, 239, 143, 21, 216, 11,
       172, 216, 62, 192, 200, 155, 155, 1, 70, 43, 66, 215, 55, 52, 154,
       59, 21, 28, 157, 142, 32, 73, 32, 190, 93, 205, 198, 234, 213, 12,
       248, 11, 34, 217, 55, 64, 200, 234, 2, 67, 74, 43, 90, 189, 51,
       124, 128, 27, 87, 29, 116, 138, 149, 195, 109, 233, 164, 11, 111,
       189, 70, 113, 55, 246, 209, 67, 184, 97, 127, 132, 62, 238, 249,
       52, 109, 213, 236, 139, 231, 244, 61, 138, 208, 49, 83, 130, 132,
       156, 28, 2, 136, 43, 18, 181, 128, 207, 96, 232, 50, 141, 85, 101,
       177, 165, 164, 75, 143, 157, 8, 6, 221, 220, 156, 44, 24, 84, 46,
       147, 182, 129, 237, 30, 180, 157, 203, 189, 126, 101, 204, 172,
       238, 206, 205, 86, 162, 84, 148, 248, 163, 224, 46, 118, 84, 71,
       202, 222, 252, 221, 221, 28, 189, 255, 11, 46, 57, 19, 95, 234,
       85, 94, 62, 55, 33, 107, 166, 117, 61, 10, 161, 84, 121, 202, 215,
       235, 106, 146, 186, 97, 1, 115, 202, 180, 190, 240, 137, 116, 49,
       71, 191, 87, 198, 16, 28, 191, 110, 235, 161, 23, 185, 144, 51,
       205, 178, 194, 219, 243, 94, 71, 130, 68, 173, 114 ]
keypoints: !!opencv-matrix
   rows: 17
   cols: 2
   dt: d
   data: [ 156., 68., 155., 71., 105., 78., 330., 97.,
       1.0560000610351562e+02, 6.9600006103515625e+01,
       3.5160000610351562e+02, 9.9600006103515625e+01,
       1.5840000915527344e+02, 1.1400000762939453e+02,
       1.5696000671386719e+02, 7.0560005187988281e+01,
       1.0656000518798828e+02, 8.0639999389648438e+01,
       3.4992001342773438e+02, 1.0224000549316406e+02,
       1.9584001159667969e+02, 1.7568000793457031e+02,
       1.0713600921630859e+02, 8.1216011047363281e+01,
       1.3132801818847656e+02, 1.6934400939941406e+02,
       1.5759362792968750e+02, 7.0502410888671875e+01,
       1.8247682189941406e+02, 1.1612161254882812e+02,
       1.3188099670410156e+02, 1.6920579528808594e+02,
       1.3257772827148438e+02, 1.6840954589843750e+02 ]
