%YAML:1.0
---
descriptors: !!opencv-matrix
   rows: 117
   cols: 32
   dt: u
   data: [ 35, 219, 107, 184, 246, 135, 191, 115, 156, 72, 88, 231, 188,
       221, 180, 32, 238, 187, 23, 199, 209, 187, 34, 255, 117, 28, 170,
       200, 93, 8, 177, 243, 52, 164, 207, 188, 30, 3, 198, 233, 86, 162,
       242, 202, 115, 224, 184, 0, 123, 236, 110, 173, 40, 243, 143, 31,
       184, 166, 229, 52, 229, 168, 112, 0, 20, 140, 135, 151, 212, 139,
       166, 239, 30, 179, 66, 82, 96, 224, 41, 73, 121, 110, 34, 146,
       112, 248, 10, 63, 44, 6, 215, 68, 129, 120, 145, 136, 244, 141,
       203, 158, 222, 35, 70, 239, 214, 130, 200, 90, 113, 224, 169, 64,
       121, 238, 34, 170, 121, 103, 142, 63, 56, 166, 231, 60, 185, 250,
       240, 128, 129, 207, 87, 221, 116, 130, 239, 116, 28, 72, 90, 230,
       245, 195, 176, 100, 126, 41, 62, 238, 225, 152, 37, 255, 228, 174,
       170, 128, 52, 186, 33, 169, 61, 85, 107, 204, 116, 86, 239, 120,
       84, 200, 223, 34, 81, 221, 183, 96, 126, 252, 23, 234, 201, 179,
       53, 12, 115, 45, 162, 128, 63, 187, 116, 241, 70, 168, 148, 159,
       28, 130, 168, 171, 190, 177, 66, 64, 228, 226, 88, 75, 83, 111,
       106, 145, 34, 216, 207, 253, 12, 50, 223, 68, 148, 32, 1, 8, 2,
       168, 214, 157, 126, 139, 168, 235, 62, 177, 82, 130, 236, 232,
       116, 72, 179, 109, 123, 17, 2, 249, 143, 221, 28, 34, 95, 108, 21,
       40, 17, 136, 51, 170, 231, 157, 126, 43, 104, 75, 87, 177, 210,
       251, 83, 169, 148, 73, 126, 172, 127, 157, 136, 254, 199, 157,
       158, 42, 217, 192, 165, 136, 112, 136, 100, 140, 133, 158, 220,
       131, 134, 234, 22, 178, 224, 26, 96, 226, 105, 65, 121, 238, 34,
       58, 114, 107, 74, 63, 60, 6, 199, 108, 145, 120, 240, 128, 7, 136,
       135, 159, 13, 139, 160, 168, 158, 177, 67, 66, 228, 224, 108, 198,
       241, 111, 106, 65, 3, 80, 155, 249, 12, 50, 207, 106, 152, 42, 17,
       132, 2, 168, 150, 153, 203, 225, 176, 71, 175, 21, 64, 17, 172,
       206, 100, 74, 227, 59, 235, 145, 18, 77, 146, 241, 13, 16, 30,
       107, 144, 0, 167, 142, 249, 120, 188, 112, 40, 140, 81, 150, 187,
       218, 180, 28, 191, 215, 67, 123, 133, 245, 125, 88, 160, 109, 186,
       32, 219, 251, 117, 24, 74, 176, 67, 115, 2, 170, 18, 152, 235,
       129, 184, 199, 143, 29, 80, 179, 172, 142, 102, 12, 239, 59, 171,
       145, 22, 79, 130, 241, 31, 16, 154, 235, 144, 12, 165, 159, 251,
       121, 40, 248, 77, 157, 80, 214, 195, 60, 180, 12, 42, 153, 87,
       176, 200, 162, 85, 93, 206, 111, 210, 240, 243, 217, 145, 58, 75,
       28, 90, 142, 82, 139, 214, 148, 138, 162, 61, 71, 175, 21, 210,
       183, 44, 231, 162, 91, 103, 247, 239, 133, 48, 201, 2, 236, 216,
       34, 222, 195, 165, 68, 173, 91, 48, 5, 109, 101, 148, 74, 101, 59,
       116, 230, 254, 138, 211, 101, 145, 112, 123, 140, 125, 45, 233,
       240, 101, 14, 237, 174, 165, 4, 101, 232, 84, 104, 229, 99, 237,
       101, 172, 75, 111, 184, 96, 228, 246, 232, 211, 71, 217, 59, 94,
       220, 124, 234, 201, 112, 237, 40, 231, 137, 229, 180, 101, 243,
       86, 224, 74, 173, 189, 115, 169, 249, 21, 143, 171, 63, 44, 41,
       172, 63, 72, 187, 133, 83, 233, 144, 18, 72, 235, 241, 239, 215,
       93, 123, 210, 81, 135, 106, 94, 195, 173, 174, 11, 64, 31, 136,
       162, 55, 129, 187, 199, 103, 72, 91, 115, 213, 237, 226, 74, 67,
       235, 49, 217, 227, 207, 255, 180, 115, 53, 114, 16, 245, 30, 123,
       250, 219, 182, 239, 126, 249, 250, 40, 214, 220, 104, 32, 251, 95,
       238, 81, 87, 251, 235, 119, 253, 133, 39, 127, 192, 10, 141, 131,
       70, 53, 190, 94, 217, 116, 154, 75, 191, 157, 237, 137, 232, 238,
       79, 94, 221, 255, 235, 144, 26, 67, 251, 211, 31, 182, 139, 63,
       208, 99, 175, 118, 3, 156, 43, 217, 213, 197, 171, 231, 30, 73,
       76, 18, 184, 158, 52, 100, 233, 43, 19, 157, 51, 184, 50, 255, 45,
       30, 158, 106, 152, 8, 177, 254, 61, 107, 201, 199, 116, 31, 239,
       216, 90, 224, 125, 238, 91, 201, 223, 160, 126, 204, 22, 255, 201,
       178, 237, 232, 124, 141, 165, 164, 239, 191, 90, 177, 54, 93, 106,
       206, 222, 243, 223, 226, 197, 196, 254, 34, 96, 253, 183, 100,
       120, 250, 151, 226, 140, 171, 62, 255, 59, 63, 135, 203, 53, 251,
       124, 246, 40, 217, 57, 223, 125, 213, 147, 246, 222, 73, 116, 0,
       180, 221, 36, 100, 200, 58, 19, 72, 195, 170, 114, 191, 103, 63,
       146, 10, 82, 8, 213, 235, 160, 176, 189, 217, 253, 237, 177, 143,
       95, 123, 116, 56, 182, 181, 76, 44, 129, 26, 115, 16, 19, 124,
       243, 211, 77, 158, 22, 107, 210, 72, 215, 235, 252, 81, 87, 228,
       136, 78, 79, 184, 165, 184, 167, 72, 91, 119, 9, 115, 116, 212,
       125, 106, 105, 67, 121, 140, 243, 235, 229, 20, 34, 179, 100, 49,
       88, 29, 127, 237, 18, 66, 95, 56, 36, 192, 206, 162, 123, 119,
       161, 112, 118, 244, 61, 234, 73, 153, 49, 156, 243, 237, 162, 128,
       62, 162, 36, 58, 32, 221, 123, 126, 252, 204, 191, 242, 220, 76,
       120, 3, 241, 253, 52, 96, 220, 123, 51, 75, 194, 58, 58, 61, 117,
       173, 47, 136, 81, 123, 245, 251, 250, 204, 239, 190, 15, 4, 95,
       252, 147, 86, 212, 135, 111, 239, 34, 83, 231, 229, 189, 199, 104,
       71, 186, 187, 243, 235, 239, 153, 55, 255, 180, 122, 77, 238, 144,
       119, 184, 60, 110, 185, 246, 170, 94, 96, 255, 227, 217, 246, 23,
       110, 108, 46, 224, 208, 207, 47, 238, 255, 103, 128, 42, 242, 73,
       37, 252, 174, 252, 126, 186, 233, 23, 175, 59, 191, 188, 57, 111,
       225, 74, 19, 151, 243, 236, 16, 114, 111, 203, 63, 251, 199, 117,
       127, 240, 248, 134, 43, 82, 34, 34, 233, 104, 15, 184, 89, 173,
       40, 211, 235, 156, 135, 176, 114, 238, 157, 127, 189, 136, 147,
       193, 208, 212, 56, 170, 252, 4, 138, 35, 145, 100, 237, 159, 150,
       200, 205, 38, 174, 190, 187, 98, 25, 244, 242, 108, 91, 193, 127,
       34, 83, 114, 90, 218, 113, 45, 22, 95, 78, 144, 123, 133, 138, 66,
       32, 118, 140, 78, 131, 184, 72, 239, 160, 194, 131, 204, 200, 116,
       66, 230, 61, 123, 133, 4, 243, 135, 209, 20, 56, 11, 62, 21, 12,
       33, 132, 116, 185, 158, 186, 137, 205, 21, 236, 171, 53, 160, 9,
       102, 246, 106, 27, 200, 241, 232, 16, 26, 107, 218, 113, 153, 146,
       85, 127, 208, 26, 134, 42, 20, 142, 134, 151, 150, 139, 38, 235,
       54, 179, 66, 82, 97, 224, 41, 65, 121, 110, 34, 184, 48, 249, 15,
       63, 60, 38, 87, 68, 161, 104, 49, 136, 84, 80, 159, 173, 34, 70,
       59, 16, 172, 202, 67, 163, 213, 151, 41, 74, 246, 117, 61, 162, 1,
       149, 49, 10, 193, 167, 170, 132, 172, 51, 37, 115, 64, 160, 150,
       157, 74, 139, 168, 75, 190, 177, 66, 66, 228, 226, 96, 66, 113,
       109, 106, 144, 2, 217, 203, 93, 12, 34, 223, 108, 16, 32, 1, 136,
       4, 136, 134, 159, 220, 139, 160, 232, 182, 146, 66, 2, 224, 224,
       41, 75, 113, 110, 34, 16, 34, 208, 139, 125, 12, 34, 207, 68, 144,
       40, 57, 136, 36, 172, 133, 158, 218, 131, 38, 232, 18, 179, 96,
       10, 96, 224, 41, 65, 89, 108, 34, 48, 34, 90, 202, 63, 60, 6, 87,
       108, 177, 40, 32, 136, 7, 168, 150, 159, 217, 159, 166, 168, 254,
       179, 67, 64, 228, 226, 236, 230, 193, 102, 234, 83, 71, 216, 203,
       117, 12, 50, 79, 66, 152, 111, 9, 132, 68, 249, 159, 159, 216,
       205, 163, 232, 186, 185, 97, 0, 244, 242, 104, 82, 129, 127, 98,
       82, 115, 90, 154, 113, 77, 50, 95, 104, 144, 114, 7, 170, 71, 171,
       134, 159, 73, 128, 162, 168, 174, 180, 131, 69, 228, 226, 79, 198,
       193, 103, 234, 215, 6, 65, 203, 113, 28, 50, 207, 123, 24, 39, 41,
       140, 66, 33, 19, 140, 77, 139, 168, 72, 143, 128, 192, 75, 140,
       202, 53, 196, 240, 45, 123, 97, 4, 3, 218, 220, 149, 48, 139, 62,
       24, 15, 59, 134, 2, 170, 22, 153, 107, 193, 184, 199, 142, 21, 64,
       179, 172, 142, 100, 72, 239, 59, 43, 145, 18, 94, 2, 241, 13, 16,
       154, 107, 144, 8, 165, 139, 220, 84, 158, 181, 44, 110, 93, 16,
       180, 254, 135, 21, 215, 63, 11, 91, 103, 245, 125, 163, 40, 197,
       209, 8, 209, 227, 255, 149, 160, 241, 44, 82, 37, 115, 253, 97,
