%YAML:1.0
---
descriptors: !!opencv-matrix
   rows: 19
   cols: 32
   dt: u
   data: [ 11, 149, 43, 235, 245, 183, 251, 123, 31, 65, 77, 18, 185,
       223, 62, 96, 221, 27, 19, 141, 147, 152, 121, 247, 71, 125, 154,
       64, 22, 134, 241, 232, 41, 136, 41, 250, 93, 229, 193, 74, 214,
       121, 229, 26, 18, 153, 112, 104, 201, 138, 18, 24, 27, 47, 122,
       149, 83, 221, 144, 124, 210, 8, 208, 162, 237, 245, 57, 82, 205,
       125, 199, 180, 113, 123, 173, 24, 210, 121, 28, 55, 201, 194, 80,
       42, 249, 166, 249, 34, 99, 219, 68, 84, 202, 91, 210, 54, 16, 162,
       143, 189, 82, 139, 32, 232, 54, 177, 66, 66, 117, 224, 40, 65,
       121, 108, 34, 176, 35, 248, 143, 29, 92, 167, 119, 68, 49, 40, 33,
       136, 49, 128, 142, 28, 94, 131, 3, 107, 18, 163, 192, 10, 113,
       224, 32, 64, 89, 236, 34, 40, 41, 219, 158, 31, 88, 166, 245, 108,
       185, 40, 112, 168, 3, 2, 97, 193, 102, 152, 168, 66, 173, 1, 176,
       195, 140, 14, 244, 110, 110, 145, 95, 133, 134, 43, 100, 192, 150,
       24, 154, 168, 85, 140, 33, 140, 50, 0, 82, 129, 68, 8, 232, 64,
       45, 0, 178, 11, 142, 11, 52, 84, 234, 145, 15, 225, 8, 51, 64,
       192, 149, 152, 138, 18, 101, 8, 113, 130, 149, 55, 157, 229, 172,
       39, 95, 250, 8, 234, 156, 102, 93, 99, 209, 35, 255, 71, 22, 174,
       241, 115, 233, 202, 248, 141, 103, 188, 140, 250, 161, 177, 162,
       48, 171, 216, 109, 245, 152, 67, 139, 93, 148, 191, 12, 158, 118,
       43, 207, 57, 151, 145, 134, 111, 178, 209, 19, 80, 154, 251, 151,
       12, 53, 223, 27, 18, 122, 225, 38, 156, 249, 17, 105, 77, 86, 231,
       157, 31, 150, 224, 230, 177, 149, 157, 133, 184, 37, 192, 198,
       217, 186, 194, 39, 140, 93, 125, 16, 1, 78, 129, 69, 14, 232, 72,
       173, 144, 242, 3, 142, 10, 100, 82, 234, 141, 46, 192, 8, 179, 67,
       192, 149, 144, 202, 5, 37, 10, 105, 130, 32, 32, 134, 13, 73, 135,
       160, 72, 134, 176, 64, 0, 96, 192, 96, 66, 88, 44, 106, 96, 2,
       211, 131, 29, 21, 32, 3, 45, 16, 42, 33, 130, 177, 0, 111, 229, 4,
       66, 235, 96, 68, 0, 243, 2, 83, 8, 177, 97, 120, 132, 14, 234, 72,
       183, 5, 140, 212, 169, 162, 1, 101, 171, 116, 32, 173, 166, 173,
       97, 204, 47, 205, 154, 83, 250, 180, 92, 211, 41, 85, 43, 89, 196,
       86, 60, 185, 118, 121, 146, 79, 219, 229, 116, 218, 249, 80, 160,
       48, 32, 15, 13, 8, 131, 32, 75, 22, 161, 66, 66, 83, 128, 160, 72,
       88, 12, 34, 24, 8, 218, 67, 21, 208, 163, 241, 0, 97, 8, 112, 168,
       25, 149, 107, 237, 118, 86, 255, 117, 101, 68, 126, 130, 121, 63,
       182, 96, 126, 158, 151, 238, 217, 184, 53, 205, 119, 237, 170,
       128, 55, 170, 116, 249, 107, 16, 112, 224, 37, 20, 216, 16, 201,
       72, 53, 163, 15, 29, 246, 106, 198, 145, 149, 5, 140, 38, 32, 192,
       67, 217, 154, 218, 23, 140, 81, 87, 173, 188, 181, 243, 133, 239,
       85, 151, 91, 243, 38, 28, 150, 57, 84, 43, 129, 102, 112, 28, 49,
       124, 121, 178, 207, 223, 85, 114, 218, 120, 208, 58, 223, 207,
       130, 190, 175, 48, 30, 174, 137, 210, 154, 247, 237, 234, 123,
       195, 231, 231, 189, 231, 253, 71, 143, 235, 184, 119, 207, 191,
       156, 127, 185, 21 ]
keypoints: !!opencv-matrix
   rows: 19
   cols: 2
   dt: d
   data: [ 158., 65., 159., 69., 153., 71., 174., 76., 180., 76., 177.,
       83., 274., 88., 33., 194., 235., 245., 248., 246., 189., 249.,
       2.4720001220703125e+02, 8.0400001525878906e+01,
       1.5240000915527344e+02, 8.1600006103515625e+01,
       1.5840000915527344e+02, 6.7680000305175781e+01, 180.,
       7.6319999694824219e+01, 6.4800003051757812e+01,
       2.3472001647949219e+02, 2.0448001098632812e+02,
       2.4192001342773438e+02, 1.5759362792968750e+02,
       6.6355209350585938e+01, 1.5344642639160156e+02,
       8.2944015502929688e+01 ]
