%YAML:1.0
---
descriptors: !!opencv-matrix
   rows: 96
   cols: 32
   dt: u
   data: [ 158, 123, 246, 245, 103, 216, 125, 80, 175, 148, 118, 162, 41,
       159, 245, 254, 110, 249, 183, 203, 192, 184, 182, 224, 215, 249,
       198, 162, 38, 183, 231, 245, 2, 221, 178, 158, 211, 244, 190, 164,
       169, 85, 77, 1, 236, 254, 46, 214, 164, 123, 147, 195, 6, 137,
       186, 225, 47, 52, 158, 11, 130, 87, 175, 222, 34, 185, 107, 218,
       253, 197, 188, 103, 207, 89, 153, 123, 4, 220, 116, 36, 207, 59,
       23, 145, 211, 43, 50, 245, 63, 28, 159, 235, 93, 14, 247, 215, 10,
       211, 54, 156, 127, 212, 188, 239, 137, 93, 84, 35, 172, 190, 46,
       135, 238, 51, 179, 129, 118, 122, 162, 221, 63, 80, 222, 235, 7,
       12, 189, 223, 1, 199, 27, 153, 116, 135, 172, 231, 30, 25, 88, 66,
       180, 194, 32, 64, 255, 11, 19, 133, 211, 152, 10, 85, 44, 4, 174,
       192, 28, 10, 161, 169, 89, 91, 175, 61, 34, 68, 173, 55, 232, 206,
       226, 229, 253, 172, 147, 91, 102, 103, 109, 135, 193, 201, 183,
       72, 224, 35, 126, 128, 109, 244, 171, 89, 70, 128, 134, 183, 137,
       244, 152, 3, 174, 19, 131, 17, 204, 106, 10, 203, 129, 7, 233,
       149, 22, 73, 219, 192, 137, 114, 219, 87, 136, 4, 169, 22, 0, 32,
       143, 141, 78, 131, 160, 72, 22, 176, 66, 66, 116, 194, 96, 72,
       112, 44, 106, 144, 2, 217, 135, 29, 4, 34, 203, 44, 56, 40, 49,
       128, 82, 120, 154, 176, 11, 233, 48, 71, 174, 129, 138, 33, 172,
       151, 97, 72, 162, 51, 235, 17, 2, 9, 146, 224, 217, 213, 30, 27,
       128, 16, 45, 11, 72, 160, 189, 244, 169, 104, 81, 39, 170, 179,
       36, 24, 182, 183, 64, 59, 129, 87, 121, 0, 24, 72, 242, 1, 203,
       243, 85, 61, 128, 96, 135, 106, 50, 32, 70, 137, 78, 139, 232, 65,
       36, 49, 194, 2, 1, 136, 116, 8, 106, 141, 106, 137, 10, 187, 199,
       80, 20, 32, 154, 0, 101, 8, 112, 136, 2, 184, 6, 152, 107, 165,
       184, 71, 142, 29, 64, 183, 172, 134, 96, 9, 239, 59, 187, 149, 18,
       77, 18, 209, 157, 16, 218, 235, 144, 8, 165, 155, 112, 173, 58,
       224, 153, 205, 83, 99, 175, 37, 172, 9, 38, 159, 34, 16, 128, 187,
       73, 48, 90, 11, 112, 29, 251, 213, 1, 123, 112, 10, 198, 74, 96,
       105, 60, 252, 72, 205, 85, 108, 168, 52, 160, 9, 183, 159, 33, 83,
       200, 177, 75, 66, 74, 35, 210, 57, 245, 161, 82, 57, 80, 18, 39,
       42, 114, 169, 26, 232, 151, 221, 82, 103, 173, 5, 172, 11, 46,
       155, 38, 17, 170, 187, 223, 112, 30, 43, 0, 221, 251, 213, 0, 123,
       82, 14, 143, 74, 33, 249, 123, 69, 116, 206, 111, 119, 97, 200,
       126, 64, 51, 17, 144, 48, 126, 186, 22, 104, 193, 184, 116, 77,
       103, 172, 36, 0, 107, 144, 194, 169, 64, 157, 56, 248, 188, 236,
       17, 55, 46, 21, 10, 1, 183, 63, 32, 64, 199, 19, 61, 17, 18, 8,
       83, 213, 205, 245, 26, 91, 144, 64, 133, 75, 16, 185, 59, 186, 81,
       205, 177, 103, 172, 5, 72, 25, 190, 159, 32, 16, 160, 59, 83, 1,
       18, 25, 50, 125, 209, 133, 26, 107, 80, 0, 167, 250, 171, 230, 66,
       76, 93, 183, 202, 250, 87, 162, 232, 78, 112, 193, 181, 180, 92,
       168, 18, 172, 233, 182, 88, 159, 48, 28, 129, 44, 91, 188, 122,
       172, 191, 78, 98, 219, 245, 151, 223, 83, 85, 204, 246, 166, 43,
       200, 183, 228, 126, 170, 150, 222, 174, 191, 101, 255, 50, 127,
       166, 131, 183, 157, 120, 213, 41, 75, 81, 77, 124, 31, 206, 123,
       76, 0, 120, 68, 179, 0, 181, 228, 90, 40, 2, 108, 197, 58, 69, 29,
       38, 188, 32, 8, 91, 136, 104, 140, 174, 88, 183, 222, 79, 84, 179,
       64, 157, 150, 84, 18, 172, 222, 33, 239, 232, 121, 147, 195, 32,
       103, 178, 232, 21, 49, 202, 43, 19, 61, 37, 238, 37, 89, 121, 226,
       240, 6, 111, 56, 33, 136, 125, 72, 119, 23, 129, 48, 94, 248, 23,
       250, 217, 186, 121, 108, 103, 140, 36, 128, 106, 179, 98, 177, 95,
       155, 106, 192, 163, 214, 63, 242, 125, 78, 222, 167, 8, 182, 182,
       116, 119, 253, 159, 198, 221, 155, 36, 230, 178, 127, 175, 195,
       47, 247, 173, 117, 79, 21, 180, 155, 237, 255, 188, 142, 63, 91,
       95, 49, 204, 126, 47, 253, 215, 83, 191, 17, 182, 80, 123, 242,
       143, 126, 90, 199, 154, 85, 141, 87, 15, 185, 50, 90, 117, 221,
       182, 248, 255, 93, 124, 37, 236, 222, 254, 164, 183, 91, 151, 71,
       198, 40, 58, 247, 111, 93, 7, 239, 86, 134, 111, 255, 46, 191,
       230, 21, 227, 120, 181, 231, 187, 254, 60, 175, 108, 172, 199,
       143, 175, 127, 167, 1, 244, 120, 170, 226, 46, 87, 95, 175, 199,
       116, 143, 223, 223, 79, 226, 22, 231, 16, 172, 247, 249, 202, 214,
       255, 105, 140, 247, 255, 127, 239, 183, 207, 229, 87, 166, 226,
       54, 120, 206, 139, 47, 244, 249, 93, 95, 75, 231, 165, 22, 18,
       107, 16, 96, 192, 70, 199, 249, 6, 147, 230, 118, 237, 61, 255,
       205, 144, 165, 200, 244, 109, 170, 128, 46, 183, 56, 84, 66, 160,
       148, 159, 137, 236, 176, 15, 174, 21, 3, 17, 236, 242, 72, 206,
       129, 103, 232, 17, 22, 201, 147, 65, 13, 54, 94, 67, 128, 68, 133,
       110, 125, 70, 236, 68, 168, 122, 85, 191, 99, 254, 174, 173, 67,
       96, 223, 123, 17, 196, 236, 46, 236, 103, 237, 8, 242, 235, 117,
       21, 226, 244, 94, 95, 64, 187, 30, 177, 186, 137, 48, 39, 174,
       189, 130, 237, 166, 130, 64, 83, 164, 55, 237, 81, 82, 73, 130,
       49, 172, 128, 63, 251, 8, 0, 143, 27, 2, 160, 30, 153, 9, 193, 56,
       71, 174, 21, 64, 17, 172, 130, 96, 72, 227, 59, 170, 145, 18, 24,
       2, 81, 141, 16, 26, 107, 16, 0, 173, 138, 89, 201, 157, 37, 32,
       12, 100, 183, 36, 43, 74, 64, 183, 51, 0, 242, 0, 86, 108, 8, 73,
       216, 211, 1, 165, 167, 116, 16, 40, 240, 129, 40, 64, 233, 147,
       100, 48, 140, 101, 55, 41, 128, 106, 72, 183, 147, 64, 84, 0, 254,
       76, 72, 75, 152, 208, 13, 165, 188, 36, 8, 8, 144, 194, 40, 240,
       137, 58, 232, 152, 201, 87, 101, 172, 36, 168, 9, 55, 155, 32, 16,
       168, 179, 77, 64, 88, 43, 2, 61, 249, 129, 32, 121, 112, 10, 198,
       42, 170, 92, 115, 220, 109, 221, 253, 114, 141, 94, 244, 47, 172,
       159, 183, 165, 238, 57, 215, 199, 230, 47, 50, 253, 23, 89, 202,
       171, 86, 157, 85, 255, 111, 182, 233, 65, 230, 63, 251, 154, 91,
       255, 61, 94, 88, 61, 223, 56, 63, 207, 119, 63, 145, 114, 253,
       210, 95, 15, 53, 252, 239, 239, 218, 241, 204, 78, 190, 255, 40,
       98, 125, 184, 188, 30, 150, 48, 255, 103, 171, 75, 231, 85, 125,
       162, 96, 197, 35, 226, 192, 243, 122, 144, 16, 241, 37, 97, 78,
       35, 162, 128, 207, 118, 189, 65, 171, 183, 95, 147, 204, 238, 95,
       142, 255, 95, 179, 177, 16, 210, 190, 192, 29, 20, 223, 175, 135,
       103, 191, 230, 221, 222, 103, 93, 38, 18, 111, 184, 244, 202, 198,
       244, 209, 35, 153, 119, 86, 68, 124, 238, 233, 213, 173, 14, 226,
       235, 226, 132, 46, 245, 112, 121, 253, 83, 123, 108, 46, 27, 95,
       124, 209, 206, 181, 238, 91, 77, 179, 51, 62, 244, 93, 110, 233,
       39, 172, 10, 242, 235, 101, 156, 127, 187, 66, 113, 137, 126, 251,
       93, 54, 139, 175, 82, 86, 72, 92, 246, 177, 229, 177, 32, 126,
       104, 18, 204, 243, 188, 37, 63, 100, 15, 171, 160, 125, 169, 33,
       177, 11, 146, 52, 219, 225, 220, 189, 183, 191, 95, 84, 181, 172,
       190, 158, 237, 167, 27, 191, 133, 183, 92, 50, 247, 79, 123, 254,
       203, 158, 68, 141, 255, 31, 27, 106, 200, 87, 210, 251, 82, 165,
       204, 222, 167, 41, 222, 183, 228, 110, 185, 191, 199, 205, 155,
       54, 232, 119, 125, 138, 131, 63, 231, 124, 215, 59, 159, 106, 201,
       246, 179, 251, 222, 79, 205, 94, 231, 25, 159, 182, 228, 127, 139,
       151, 189, 143, 186, 37, 222, 126, 93, 175, 196, 191, 206, 120,
       253, 43, 31, 98, 216, 119, 151, 251, 114, 95, 204, 254, 231, 40,
       204, 183, 228, 254, 170, 151, 221, 198, 187, 100, 255, 118, 127,
       166, 131, 87, 141, 124, 223, 138, 124, 114, 216, 101, 244, 252,
       198, 191, 194, 242, 19, 44, 158, 119, 205, 239, 251, 155, 131,
       230, 231, 146, 226, 23, 120, 154, 139, 7, 85, 109, 222, 15, 186,
       112, 83, 119, 213, 187, 254, 127, 93, 116, 167, 140, 222, 254,
