%YAML:1.0
---
descriptors: !!opencv-matrix
   rows: 88
   cols: 32
   dt: u
   data: [ 46, 253, 180, 211, 141, 117, 191, 218, 143, 127, 156, 18, 204,
       255, 111, 239, 205, 91, 191, 211, 30, 80, 123, 240, 175, 83, 207,
       231, 150, 125, 188, 215, 11, 254, 186, 218, 115, 213, 183, 253,
       239, 77, 93, 37, 236, 222, 239, 164, 183, 123, 151, 71, 198, 32,
       42, 251, 103, 93, 6, 171, 82, 23, 173, 223, 219, 91, 70, 4, 171,
       16, 236, 245, 173, 218, 150, 230, 104, 142, 183, 247, 102, 229,
       254, 238, 229, 197, 39, 232, 50, 104, 238, 138, 63, 244, 168, 93,
       107, 168, 244, 84, 77, 90, 149, 39, 251, 254, 166, 8, 104, 108,
       214, 182, 129, 231, 232, 1, 196, 105, 175, 75, 15, 127, 85, 51,
       195, 100, 79, 78, 83, 91, 138, 167, 18, 2, 46, 53, 32, 192, 203,
       231, 237, 134, 154, 210, 102, 229, 253, 231, 221, 145, 133, 232,
       180, 33, 174, 128, 44, 183, 185, 93, 45, 237, 109, 105, 84, 175,
       67, 250, 85, 65, 116, 8, 19, 9, 144, 49, 88, 136, 6, 124, 59, 186,
       117, 31, 103, 205, 0, 68, 123, 137, 210, 160, 177, 104, 9, 105,
       28, 143, 66, 80, 70, 32, 226, 72, 179, 129, 81, 48, 216, 172, 104,
       94, 10, 182, 209, 17, 197, 201, 129, 48, 80, 139, 82, 8, 80, 120,
       146, 224, 155, 237, 48, 71, 175, 129, 138, 41, 174, 147, 97, 80,
       163, 51, 232, 16, 2, 9, 146, 114, 217, 212, 30, 91, 128, 2, 11,
       11, 104, 160, 189, 244, 41, 104, 81, 39, 162, 183, 37, 24, 182,
       183, 64, 59, 129, 87, 121, 0, 24, 72, 242, 17, 207, 243, 85, 61,
       128, 96, 134, 106, 34, 32, 71, 201, 78, 137, 232, 67, 37, 49, 242,
       130, 145, 136, 84, 74, 106, 140, 123, 153, 10, 186, 199, 64, 20,
       40, 146, 0, 101, 136, 112, 136, 2, 168, 23, 185, 106, 225, 56, 71,
       174, 21, 64, 177, 172, 150, 96, 74, 230, 59, 235, 144, 18, 9, 130,
       81, 133, 16, 26, 106, 144, 0, 165, 139, 112, 169, 56, 224, 156,
       205, 83, 101, 143, 52, 168, 9, 182, 159, 102, 17, 200, 187, 73,
       96, 90, 43, 112, 29, 251, 145, 1, 121, 16, 10, 198, 106, 176, 104,
       63, 252, 40, 205, 145, 68, 164, 150, 224, 9, 183, 159, 97, 91,
       200, 121, 107, 67, 8, 103, 194, 40, 209, 193, 242, 57, 80, 57, 39,
       170, 50, 169, 58, 232, 183, 221, 82, 103, 175, 5, 188, 11, 46,
       153, 38, 16, 170, 179, 223, 113, 30, 43, 16, 221, 251, 213, 0,
       123, 80, 14, 143, 74, 33, 141, 115, 77, 244, 142, 237, 119, 105,
       73, 126, 64, 185, 49, 148, 52, 62, 186, 22, 136, 211, 184, 116,
       77, 39, 188, 32, 64, 79, 128, 226, 172, 138, 121, 58, 248, 109,
       213, 184, 240, 175, 92, 116, 45, 172, 222, 119, 5, 134, 57, 215,
       67, 198, 15, 178, 245, 87, 89, 10, 235, 22, 5, 47, 223, 171, 217,
       115, 218, 109, 221, 251, 112, 205, 92, 180, 47, 172, 159, 182,
       165, 238, 185, 223, 207, 231, 47, 114, 253, 119, 89, 138, 187, 87,
       141, 85, 255, 150, 205, 198, 151, 149, 242, 126, 175, 63, 210, 91,
       18, 108, 234, 111, 213, 243, 239, 164, 227, 126, 220, 139, 255,
       184, 150, 223, 71, 173, 119, 233, 30, 33, 32, 57, 104, 116, 207,
       81, 67, 81, 104, 96, 8, 150, 25, 0, 49, 136, 188, 82, 24, 9, 186,
       112, 28, 215, 152, 16, 112, 96, 8, 82, 162, 253, 82, 123, 108, 40,
       31, 87, 124, 193, 206, 181, 108, 91, 213, 163, 51, 94, 244, 92,
       110, 233, 39, 110, 10, 242, 235, 101, 188, 127, 187, 98, 113, 1,
       187, 121, 95, 118, 137, 175, 250, 94, 40, 92, 230, 176, 240, 181,
       32, 63, 122, 18, 203, 163, 184, 110, 127, 100, 14, 43, 160, 93,
       217, 17, 185, 31, 190, 98, 128, 51, 218, 107, 242, 109, 108, 222,
       230, 12, 166, 183, 244, 119, 173, 142, 238, 213, 153, 164, 230,
       178, 93, 175, 199, 46, 167, 45, 117, 31, 27, 102, 193, 167, 210,
       127, 211, 101, 68, 127, 166, 73, 142, 183, 228, 118, 173, 190,
       222, 221, 153, 63, 200, 22, 253, 175, 193, 47, 151, 109, 85, 14,
       153, 176, 187, 245, 244, 254, 159, 63, 93, 125, 53, 140, 254, 126,
       252, 215, 91, 183, 83, 150, 56, 187, 243, 111, 127, 30, 207, 146,
       85, 173, 215, 139, 218, 32, 155, 103, 221, 186, 230, 31, 125, 84,
       247, 172, 172, 254, 164, 239, 91, 147, 199, 215, 188, 254, 247,
       46, 84, 158, 227, 95, 28, 153, 223, 106, 191, 246, 21, 235, 88,
       181, 231, 185, 254, 60, 191, 108, 60, 198, 135, 175, 119, 229, 35,
       244, 123, 162, 234, 62, 119, 95, 143, 199, 116, 143, 223, 91, 107,
       66, 165, 2, 18, 107, 176, 32, 192, 206, 199, 57, 134, 155, 114,
       118, 237, 125, 237, 205, 144, 165, 200, 244, 37, 170, 128, 46,
       180, 58, 92, 41, 9, 101, 73, 213, 207, 225, 23, 69, 32, 110, 0,
       19, 17, 21, 36, 72, 170, 2, 24, 218, 184, 117, 28, 111, 219, 144,
       64, 247, 136, 208, 168, 0, 32, 6, 141, 78, 131, 33, 72, 38, 176,
       66, 2, 145, 130, 64, 72, 96, 12, 106, 144, 2, 223, 215, 17, 20,
       32, 155, 32, 40, 0, 48, 128, 20, 20, 150, 161, 176, 174, 48, 3,
       172, 169, 203, 113, 214, 179, 32, 72, 241, 53, 109, 17, 24, 145,
       1, 6, 201, 166, 59, 84, 136, 66, 33, 3, 162, 248, 162, 154, 91,
       213, 152, 192, 159, 69, 196, 179, 44, 222, 103, 204, 236, 57, 179,
       209, 38, 79, 186, 243, 27, 20, 154, 235, 19, 13, 61, 222, 44, 177,
       184, 171, 254, 109, 147, 222, 11, 125, 61, 169, 158, 253, 75, 40,
       151, 91, 151, 81, 150, 48, 250, 49, 111, 85, 45, 239, 244, 91,
       151, 243, 138, 88, 115, 252, 109, 221, 189, 80, 141, 78, 84, 59,
       172, 159, 119, 173, 174, 57, 223, 67, 228, 45, 50, 243, 151, 89,
       90, 171, 86, 157, 85, 255, 239, 35, 224, 0, 235, 120, 156, 138,
       59, 247, 52, 191, 72, 108, 223, 190, 183, 213, 245, 53, 182, 70,
       239, 194, 30, 127, 77, 255, 231, 245, 222, 87, 111, 49, 233, 65,
       199, 127, 239, 155, 107, 247, 61, 76, 89, 61, 223, 190, 63, 207,
       117, 191, 145, 114, 253, 192, 95, 95, 101, 244, 239, 247, 218,
       241, 27, 31, 106, 192, 50, 210, 123, 242, 125, 204, 222, 231, 59,
       174, 183, 116, 126, 233, 151, 196, 141, 154, 36, 238, 250, 77,
       170, 139, 47, 167, 45, 253, 43, 27, 122, 217, 119, 151, 251, 82,
       93, 204, 254, 167, 42, 200, 183, 228, 254, 170, 151, 220, 206,
       185, 37, 255, 118, 127, 178, 131, 191, 140, 120, 223, 59, 151,
       106, 200, 246, 179, 251, 223, 79, 77, 254, 231, 57, 239, 182, 228,
       126, 138, 151, 189, 143, 186, 37, 255, 126, 93, 175, 196, 191,
       206, 248, 253, 14, 249, 224, 209, 253, 212, 252, 223, 59, 93, 116,
       179, 140, 255, 254, 252, 255, 91, 183, 21, 150, 120, 250, 226,
       111, 93, 159, 239, 215, 212, 255, 215, 10, 191, 246, 151, 99, 90,
       188, 99, 59, 239, 93, 167, 172, 174, 198, 134, 191, 127, 183, 129,
       196, 248, 166, 202, 30, 86, 95, 163, 199, 100, 47, 223, 3, 183,
       226, 150, 231, 16, 188, 99, 57, 198, 93, 183, 104, 238, 246, 167,
       255, 239, 151, 135, 228, 219, 164, 203, 54, 126, 223, 171, 47,
       244, 187, 221, 94, 105, 226, 196, 19, 210, 122, 68, 161, 196, 142,
       131, 73, 206, 119, 182, 56, 253, 209, 246, 76, 195, 180, 200, 59,
       109, 143, 139, 39, 183, 62, 94, 0, 32, 2, 129, 76, 137, 224, 66,
       236, 21, 242, 2, 145, 130, 112, 74, 104, 40, 106, 216, 2, 190,
       198, 64, 4, 160, 146, 0, 97, 8, 113, 128, 130, 168, 130, 185, 7,
       165, 56, 71, 30, 17, 64, 147, 172, 134, 96, 72, 245, 59, 147, 149,
       50, 156, 18, 211, 205, 22, 154, 227, 152, 12, 185, 218, 138, 92,
       50, 158, 107, 245, 190, 194, 157, 94, 84, 55, 172, 222, 103, 13,
       239, 121, 151, 195, 228, 7, 50, 243, 83, 81, 90, 171, 18, 125, 45,
       223, 14, 249, 243, 64, 231, 125, 175, 214, 43, 251, 60, 202, 28,
       189, 213, 174, 63, 127, 147, 93, 209, 122, 184, 226, 63, 28, 29,
       174, 199, 254, 199, 253, 86, 121, 234, 160, 226, 113, 158, 194,
       170, 253, 152, 171, 13, 190, 87, 26, 175, 255, 213, 215, 142, 83,
       138, 224, 251, 85, 175, 191, 229, 119, 175, 219, 95, 19, 237, 69,
       228, 118, 109, 23, 113, 234, 254, 100, 90, 61, 223, 126, 55, 214,
       125, 174, 201, 208, 229, 72, 86, 47, 245, 128, 175, 242, 242, 121,
