%YAML:1.0
---
descriptors: !!opencv-matrix
   rows: 13
   cols: 32
   dt: u
   data: [ 151, 121, 203, 188, 70, 128, 175, 80, 20, 192, 208, 198, 57,
       222, 177, 105, 126, 249, 19, 207, 201, 179, 150, 232, 16, 40, 170,
       136, 61, 185, 49, 176, 60, 253, 114, 238, 253, 86, 214, 252, 213,
       140, 253, 3, 75, 221, 63, 192, 248, 252, 143, 226, 76, 179, 216,
       174, 243, 253, 135, 31, 103, 191, 124, 211, 126, 1, 96, 225, 37,
       27, 122, 24, 41, 160, 183, 138, 219, 15, 157, 48, 62, 133, 85,
       238, 200, 144, 117, 204, 215, 217, 171, 149, 39, 167, 91, 37, 3,
       144, 251, 217, 244, 173, 249, 87, 95, 89, 120, 243, 156, 159, 180,
       104, 239, 27, 23, 157, 147, 56, 98, 211, 206, 28, 186, 234, 148,
       200, 225, 243, 138, 156, 183, 249, 253, 229, 185, 215, 30, 91, 94,
       87, 188, 191, 96, 237, 239, 59, 179, 145, 51, 92, 19, 243, 205,
       87, 222, 202, 158, 76, 181, 251, 61, 21, 107, 236, 84, 86, 239,
       121, 117, 236, 254, 2, 89, 255, 191, 96, 122, 236, 23, 235, 201,
       179, 60, 223, 115, 237, 167, 132, 39, 170, 116, 224, 2, 184, 187,
       217, 237, 229, 185, 87, 158, 89, 88, 119, 188, 159, 100, 72, 239,
       59, 147, 145, 147, 123, 18, 241, 77, 29, 186, 234, 152, 8, 161,
       251, 55, 31, 107, 255, 246, 179, 239, 115, 87, 192, 223, 230, 113,
       239, 180, 96, 126, 234, 23, 143, 187, 187, 45, 255, 126, 239, 166,
       192, 191, 234, 240, 241, 27, 20, 107, 193, 118, 118, 235, 119,
       117, 77, 94, 134, 89, 31, 182, 100, 126, 143, 23, 189, 153, 184,
       53, 206, 119, 47, 170, 192, 167, 142, 244, 253, 139, 158, 190,
       217, 253, 180, 121, 87, 255, 95, 84, 55, 172, 190, 230, 237, 231,
       59, 191, 148, 182, 92, 162, 211, 15, 127, 218, 235, 146, 68, 173,
       223, 56, 21, 122, 236, 119, 215, 86, 121, 213, 204, 254, 35, 123,
       253, 38, 208, 254, 252, 151, 98, 204, 179, 48, 159, 243, 237, 163,
       139, 119, 174, 124, 219, 49, 223, 107, 223, 246, 131, 239, 247,
       84, 72, 222, 230, 113, 239, 180, 100, 126, 234, 23, 207, 251, 186,
       44, 255, 124, 46, 166, 192, 61, 154, 240, 249, 15, 126, 249, 99,
       112, 127, 59, 152, 59, 238, 61, 237, 223, 95, 207, 58, 151, 93,
       213, 118, 133, 244, 233, 98, 78, 221, 37, 166, 206, 247, 15, 245 ]
keypoints: !!opencv-matrix
   rows: 13
   cols: 2
   dt: d
   data: [ 329., 36., 121., 244., 187., 244., 357., 255.,
       2.6880001831054688e+02, 1.9440000915527344e+02,
       1.2000000762939453e+02, 2.4000001525878906e+02,
       2.4960000610351562e+02, 2.4600001525878906e+02,
       1.3248001098632812e+02, 8.7840003967285156e+01,
       1.1520000457763672e+02, 2.3616000366210938e+02,
       2.6611203002929688e+02, 1.9526402282714844e+02,
       1.1750401306152344e+02, 2.4364802551269531e+02,
       1.3188099670410156e+02, 8.9579544067382812e+01,
       1.0699778747558594e+02, 1.3934594726562500e+02 ]
