%YAML:1.0
---
descriptors: !!opencv-matrix
   rows: 180
   cols: 32
   dt: u
   data: [ 19, 95, 67, 158, 116, 146, 238, 246, 116, 200, 218, 230, 113,
       234, 177, 224, 126, 234, 23, 239, 237, 154, 36, 255, 50, 46, 174,
       128, 45, 247, 120, 221, 163, 58, 230, 221, 124, 187, 232, 95, 223,
       137, 246, 246, 157, 175, 244, 237, 110, 45, 127, 13, 160, 255,
       199, 216, 158, 251, 251, 128, 158, 172, 113, 189, 31, 80, 235, 69,
       102, 86, 239, 248, 101, 234, 247, 166, 89, 95, 159, 228, 126, 220,
       23, 238, 201, 180, 61, 200, 118, 105, 167, 132, 111, 183, 104,
       241, 159, 91, 66, 135, 102, 26, 238, 240, 33, 232, 95, 231, 73,
       110, 191, 228, 62, 237, 151, 239, 197, 145, 173, 236, 54, 121,
       239, 132, 47, 183, 121, 213, 47, 177, 241, 235, 237, 125, 185, 25,
       79, 121, 61, 253, 220, 93, 222, 44, 159, 27, 223, 49, 151, 104,
       251, 209, 207, 93, 63, 254, 150, 142, 151, 247, 95, 120, 255, 229,
       101, 126, 251, 80, 169, 238, 183, 187, 93, 191, 215, 63, 175, 245,
       253, 255, 128, 247, 160, 200, 215, 251, 235, 130, 199, 245, 103,
       247, 223, 90, 254, 252, 39, 86, 127, 16, 169, 206, 214, 167, 125,
       159, 183, 127, 230, 245, 189, 231, 228, 199, 166, 232, 211, 251,
       238, 131, 39, 245, 117, 95, 253, 113, 127, 100, 42, 94, 79, 56,
       225, 226, 167, 136, 83, 103, 131, 115, 54, 228, 124, 110, 201, 67,
       253, 8, 243, 235, 101, 28, 98, 179, 66, 113, 157, 193, 206, 167,
       20, 54, 238, 232, 62, 192, 219, 135, 247, 106, 59, 194, 251, 197,
       63, 239, 110, 247, 29, 143, 252, 239, 239, 132, 45, 123, 121, 146,
       38, 176, 185, 83, 233, 125, 80, 25, 107, 249, 53, 61, 142, 157,
       78, 62, 133, 28, 237, 16, 150, 96, 251, 16, 143, 216, 21, 127,
       194, 13, 198, 215, 204, 164, 189, 115, 168, 105, 17, 11, 58, 183,
       37, 24, 215, 119, 72, 27, 147, 23, 105, 48, 50, 84, 235, 18, 205,
       195, 85, 117, 192, 64, 135, 98, 1, 195, 17, 169, 54, 139, 175,
       188, 78, 32, 88, 226, 181, 3, 184, 64, 118, 10, 14, 109, 67, 152,
       69, 125, 164, 132, 42, 192, 60, 138, 129, 169, 129, 206, 29, 117,
       48, 139, 105, 182, 116, 42, 98, 80, 247, 3, 128, 121, 19, 108, 46,
       46, 104, 252, 69, 63, 196, 174, 119, 64, 72, 144, 67, 40, 128,
       128, 142, 187, 140, 169, 160, 75, 190, 19, 227, 19, 166, 194, 104,
       75, 105, 42, 106, 17, 54, 207, 75, 81, 156, 34, 218, 89, 144, 8,
       185, 138, 149, 133, 74, 103, 148, 10, 102, 185, 116, 34, 99, 80,
       211, 97, 152, 112, 112, 204, 40, 110, 120, 180, 77, 47, 228, 175,
       37, 68, 104, 171, 216, 0, 177, 79, 71, 71, 148, 59, 230, 247, 84,
       98, 251, 210, 19, 40, 148, 225, 121, 206, 6, 111, 253, 188, 101,
       46, 52, 238, 52, 0, 109, 219, 248, 140, 149, 207, 117, 211, 180,
       58, 238, 183, 124, 83, 122, 82, 243, 40, 157, 225, 107, 206, 6,
       203, 253, 252, 109, 239, 44, 238, 246, 0, 237, 217, 216, 140, 43,
       58, 229, 17, 233, 253, 145, 22, 203, 253, 60, 173, 155, 188, 214,
       174, 15, 42, 213, 21, 151, 120, 246, 176, 79, 95, 117, 243, 207,
       207, 223, 247, 107, 58, 233, 84, 225, 252, 125, 23, 249, 95, 54,
       188, 57, 182, 214, 255, 7, 238, 244, 12, 231, 78, 182, 193, 71,
       123, 112, 169, 202, 212, 206, 127, 244, 227, 22, 168, 9, 65, 4,
       200, 167, 48, 160, 11, 6, 195, 105, 91, 248, 220, 106, 114, 74,
       71, 138, 48, 153, 160, 207, 127, 80, 25, 38, 2, 135, 88, 19, 186,
       117, 228, 184, 64, 191, 89, 115, 115, 156, 154, 38, 73, 230, 57,
       55, 145, 167, 252, 18, 245, 151, 250, 26, 194, 152, 5, 41, 135,
       153, 148, 18, 97, 176, 174, 98, 183, 125, 43, 110, 84, 223, 51,
       128, 241, 183, 30, 20, 56, 187, 156, 17, 95, 175, 255, 38, 68,
       234, 192, 233, 41, 170, 235, 42, 138, 127, 209, 186, 228, 139, 12,
       212, 171, 44, 204, 118, 0, 238, 249, 211, 215, 70, 43, 138, 241,
       63, 21, 143, 235, 23, 30, 63, 223, 130, 249, 170, 145, 245, 209,
       188, 231, 31, 79, 86, 51, 140, 188, 118, 96, 203, 59, 147, 145,
       230, 188, 112, 243, 47, 23, 158, 195, 148, 28, 189, 223, 5, 52,
       151, 115, 199, 110, 231, 194, 120, 250, 43, 88, 214, 241, 73, 59,
       177, 94, 114, 58, 49, 245, 185, 98, 13, 158, 85, 6, 200, 115, 195,
       163, 189, 116, 86, 4, 102, 10, 230, 248, 117, 226, 242, 110, 83,
       120, 185, 175, 58, 236, 94, 235, 237, 247, 13, 14, 48, 42, 101,
       132, 111, 251, 106, 133, 43, 93, 98, 28, 87, 208, 188, 103, 221,
       71, 94, 167, 40, 188, 182, 228, 238, 59, 147, 133, 196, 187, 180,
       239, 51, 60, 30, 139, 71, 92, 255, 223, 91, 67, 106, 172, 52, 2,
       239, 120, 69, 196, 222, 6, 121, 201, 191, 96, 122, 193, 31, 253,
       201, 163, 37, 204, 241, 109, 174, 136, 103, 190, 116, 105, 35, 24,
       122, 116, 101, 214, 248, 115, 137, 204, 118, 45, 56, 157, 182, 48,
       206, 185, 247, 129, 132, 187, 34, 221, 83, 121, 186, 139, 71, 132,
       126, 223, 120, 249, 58, 238, 57, 213, 82, 112, 171, 140, 172, 9,
       190, 223, 98, 208, 208, 249, 205, 82, 74, 11, 186, 189, 243, 245,
       1, 123, 18, 6, 46, 123, 34, 253, 184, 202, 253, 197, 223, 239, 27,
       13, 124, 42, 40, 253, 252, 180, 221, 251, 147, 67, 210, 42, 234,
       183, 63, 28, 141, 250, 87, 94, 222, 169, 58, 89, 82, 237, 117, 87,
       252, 64, 65, 8, 240, 34, 41, 30, 53, 245, 252, 152, 151, 224, 77,
       186, 32, 220, 55, 217, 130, 167, 119, 188, 116, 156, 84, 96, 255,
       245, 40, 108, 121, 16, 168, 190, 151, 144, 215, 255, 83, 91, 167,
       245, 125, 187, 136, 197, 243, 64, 209, 235, 123, 149, 164, 241,
       39, 115, 48, 159, 111, 233, 180, 199, 95, 253, 68, 76, 222, 3,
       115, 125, 50, 96, 120, 178, 31, 235, 248, 169, 37, 191, 251, 237,
       166, 208, 53, 138, 244, 123, 37, 188, 225, 163, 244, 243, 227,
       158, 87, 99, 120, 246, 145, 60, 222, 100, 95, 202, 22, 29, 159,
       186, 125, 179, 12, 94, 183, 100, 223, 206, 240, 252, 93, 196, 140,
       165, 168, 30, 78, 184, 46, 178, 139, 197, 223, 34, 91, 218, 183,
       197, 253, 103, 77, 65, 153, 10, 234, 239, 255, 148, 168, 115, 9,
       24, 116, 104, 147, 202, 95, 169, 98, 64, 239, 1, 235, 10, 98, 194,
       45, 220, 249, 168, 74, 144, 10, 39, 25, 243, 149, 164, 2, 123,
       241, 91, 98, 166, 122, 182, 146, 160, 197, 125, 250, 71, 63, 111,
       255, 47, 15, 174, 98, 212, 251, 159, 167, 145, 30, 186, 177, 226,
       157, 245, 158, 239, 231, 78, 239, 215, 49, 173, 111, 109, 54, 27,
       198, 248, 116, 224, 250, 230, 115, 104, 145, 32, 126, 228, 92,
       111, 205, 177, 109, 31, 184, 239, 37, 148, 125, 186, 90, 9, 57,
       107, 227, 222, 92, 149, 206, 210, 192, 200, 216, 78, 49, 232, 181,
       164, 72, 234, 22, 207, 207, 171, 230, 169, 48, 44, 168, 184, 111,
       255, 114, 237, 101, 176, 253, 101, 127, 91, 144, 168, 107, 240,
       33, 40, 222, 252, 68, 50, 147, 85, 120, 49, 7, 96, 251, 28, 207,
       223, 5, 126, 202, 34, 67, 246, 187, 2, 103, 69, 117, 55, 233, 123,
       117, 236, 246, 82, 25, 29, 150, 237, 126, 140, 23, 173, 168, 191,
       101, 206, 87, 123, 179, 132, 103, 172, 118, 229, 43, 186, 246,
       249, 108, 189, 248, 87, 191, 89, 244, 118, 188, 155, 180, 237,
       207, 187, 127, 157, 147, 254, 67, 209, 86, 123, 122, 202, 222,
       140, 235, 185, 159, 91, 98, 133, 114, 146, 174, 112, 53, 204, 86,
       231, 109, 202, 183, 196, 118, 237, 151, 239, 229, 149, 37, 238,
       50, 105, 47, 128, 47, 182, 41, 93, 78, 122, 254, 244, 102, 36,
       187, 82, 169, 206, 214, 163, 188, 191, 247, 75, 230, 253, 191,
       199, 128, 215, 130, 232, 87, 123, 250, 138, 133, 245, 39, 219,
       170, 216, 35, 216, 125, 197, 191, 246, 157, 74, 80, 119, 188, 223,
       52, 229, 238, 59, 147, 199, 227, 190, 50, 255, 53, 18, 154, 170,
       31, 28, 53, 251, 46, 223, 114, 202, 253, 195, 127, 253, 31, 44,
       252, 43, 76, 221, 171, 4, 126, 186, 135, 250, 82, 59, 40, 255,
       126, 20, 135, 239, 23, 158, 244, 231, 167, 123, 117, 85, 188, 95,
       175, 184, 188, 184, 182, 112, 216, 119, 133, 183, 206, 92, 94,
