%YAML:1.0
---
descriptors: !!opencv-matrix
   rows: 440
   cols: 32
   dt: u
   data: [ 250, 80, 98, 204, 109, 87, 222, 104, 137, 236, 181, 143, 106,
       220, 63, 133, 254, 181, 223, 231, 236, 35, 20, 220, 51, 89, 137,
       191, 95, 63, 126, 215, 14, 172, 176, 155, 221, 113, 190, 203, 31,
       151, 77, 19, 204, 254, 110, 132, 251, 91, 147, 147, 54, 88, 91,
       243, 47, 87, 159, 111, 150, 125, 189, 198, 142, 248, 178, 154,
       109, 213, 184, 200, 159, 252, 85, 3, 236, 222, 111, 229, 220, 121,
       179, 211, 70, 118, 250, 241, 31, 81, 207, 107, 22, 47, 61, 199,
       50, 173, 171, 188, 221, 195, 207, 103, 150, 134, 204, 131, 35,
       237, 50, 0, 120, 170, 131, 133, 90, 171, 62, 191, 241, 6, 159, 41,
       117, 110, 244, 234, 205, 116, 173, 183, 140, 15, 205, 152, 146,
       250, 130, 29, 243, 109, 89, 11, 145, 102, 121, 127, 233, 100, 251,
       32, 237, 43, 239, 52, 136, 125, 209, 114, 162, 173, 170, 186, 221,
       193, 151, 231, 150, 23, 204, 27, 32, 237, 114, 0, 201, 250, 147,
       129, 122, 75, 58, 179, 249, 22, 157, 123, 81, 76, 150, 250, 105,
       235, 27, 225, 116, 143, 107, 48, 98, 232, 119, 76, 183, 149, 208,
       48, 20, 172, 92, 94, 203, 176, 209, 29, 197, 201, 33, 224, 40,
       130, 82, 49, 19, 75, 87, 170, 82, 162, 187, 64, 140, 0, 121, 226,
       61, 202, 181, 64, 126, 185, 23, 221, 129, 171, 4, 254, 48, 44,
       170, 200, 245, 139, 33, 161, 159, 255, 227, 150, 246, 114, 191,
       244, 81, 206, 93, 246, 105, 236, 255, 165, 127, 251, 151, 227,
       245, 215, 172, 234, 58, 71, 239, 175, 175, 247, 191, 245, 250,
       249, 16, 160, 169, 221, 20, 244, 139, 248, 176, 45, 143, 158, 66,
       147, 204, 213, 253, 81, 95, 75, 210, 180, 187, 209, 15, 255, 10,
       12, 142, 95, 41, 62, 28, 111, 96, 15, 119, 24, 121, 10, 119, 72,
       223, 59, 1, 49, 180, 17, 100, 40, 161, 176, 25, 28, 231, 219, 100,
       16, 202, 242, 74, 131, 116, 60, 24, 170, 53, 189, 82, 88, 47, 12,
       185, 15, 47, 223, 43, 144, 252, 185, 197, 113, 14, 35, 24, 191,
       147, 221, 1, 59, 120, 11, 110, 19, 7, 177, 57, 75, 252, 213, 187,
       216, 78, 93, 125, 2, 144, 220, 255, 32, 220, 25, 23, 241, 151, 50,
       126, 244, 79, 25, 163, 239, 213, 11, 117, 247, 11, 50, 38, 185,
       109, 213, 184, 120, 140, 220, 214, 167, 173, 204, 54, 141, 238,
       41, 223, 181, 133, 235, 119, 220, 30, 83, 251, 203, 159, 12, 61,
       215, 243, 44, 172, 181, 12, 110, 205, 6, 150, 243, 130, 25, 243,
       44, 82, 107, 205, 231, 121, 157, 172, 77, 255, 32, 201, 107, 221,
       16, 0, 124, 144, 76, 56, 223, 19, 79, 49, 159, 103, 116, 255, 12,
       106, 108, 230, 193, 160, 148, 176, 42, 202, 104, 66, 185, 8, 63,
       161, 212, 1, 19, 82, 2, 70, 174, 134, 157, 12, 223, 188, 135, 190,
       169, 158, 10, 147, 115, 244, 122, 52, 97, 247, 115, 63, 227, 245,
       141, 73, 255, 174, 62, 255, 210, 156, 43, 177, 159, 154, 115, 182,
       253, 43, 80, 57, 24, 167, 221, 214, 183, 173, 151, 66, 207, 102,
       153, 239, 208, 42, 205, 227, 193, 215, 241, 218, 131, 54, 164, 45,
       115, 159, 86, 199, 159, 175, 50, 142, 216, 223, 210, 145, 247, 76,
       104, 191, 239, 127, 197, 251, 247, 229, 71, 47, 226, 56, 50, 207,
       151, 191, 253, 185, 213, 42, 18, 230, 137, 127, 119, 184, 202, 15,
       93, 220, 167, 232, 205, 63, 140, 254, 153, 255, 149, 134, 163,
       115, 213, 23, 87, 154, 151, 151, 79, 61, 223, 19, 166, 233, 241,
       194, 129, 188, 91, 62, 115, 90, 210, 189, 239, 252, 104, 119, 27,
       63, 157, 211, 92, 47, 209, 222, 75, 255, 196, 189, 196, 161, 168,
       155, 76, 103, 220, 75, 214, 173, 119, 148, 66, 196, 146, 57, 166,
       48, 97, 110, 177, 147, 172, 233, 143, 52, 207, 145, 107, 218, 128,
       63, 212, 161, 248, 19, 211, 99, 239, 52, 135, 235, 53, 4, 73, 219,
       102, 245, 151, 184, 96, 118, 172, 31, 136, 219, 153, 97, 159, 161,
       172, 170, 192, 60, 138, 240, 121, 222, 30, 221, 241, 166, 234, 52,
       19, 187, 243, 18, 118, 156, 63, 192, 203, 167, 119, 189, 17, 177,
       220, 129, 194, 142, 195, 127, 198, 174, 96, 141, 19, 225, 164,
       140, 186, 140, 60, 76, 175, 250, 83, 130, 29, 183, 232, 90, 91,
       193, 6, 104, 13, 255, 111, 214, 51, 153, 179, 86, 124, 136, 80,
       218, 92, 56, 93, 122, 238, 28, 215, 211, 116, 197, 4, 254, 2, 115,
       221, 178, 96, 88, 248, 31, 106, 200, 171, 126, 191, 243, 237, 163,
       25, 119, 154, 124, 106, 155, 79, 71, 188, 54, 146, 238, 119, 189,
       76, 90, 231, 45, 138, 179, 197, 102, 235, 142, 199, 229, 185, 4,
       239, 178, 226, 170, 128, 47, 188, 249, 221, 90, 27, 246, 234, 251,
       243, 184, 72, 143, 77, 223, 167, 236, 254, 39, 204, 238, 183, 191,
       129, 148, 155, 115, 252, 159, 115, 202, 219, 151, 15, 45, 87, 73,
       169, 174, 181, 28, 206, 73, 182, 162, 245, 134, 13, 183, 44, 82,
       75, 132, 100, 121, 93, 220, 233, 243, 40, 201, 99, 253, 16, 136,
       44, 144, 90, 165, 81, 113, 79, 116, 78, 99, 24, 113, 200, 127,
       108, 211, 117, 141, 52, 88, 220, 70, 106, 169, 176, 249, 12, 101,
       184, 32, 4, 75, 187, 70, 241, 10, 54, 123, 225, 42, 105, 181, 87,
       173, 78, 126, 247, 172, 31, 196, 10, 166, 59, 207, 1, 145, 189,
       161, 194, 198, 245, 58, 131, 239, 192, 135, 187, 105, 189, 57,
       248, 253, 189, 87, 119, 203, 105, 172, 12, 190, 191, 38, 112, 201,
       170, 91, 28, 155, 43, 240, 189, 255, 253, 149, 122, 154, 72, 210,
       122, 45, 6, 105, 236, 124, 43, 79, 91, 85, 234, 252, 236, 147, 41,
       181, 120, 220, 136, 22, 44, 137, 34, 96, 154, 86, 221, 161, 188,
       158, 248, 82, 241, 137, 18, 111, 201, 22, 155, 233, 87, 85, 105,
       118, 246, 153, 12, 180, 105, 110, 172, 55, 157, 151, 248, 101,
       221, 70, 107, 242, 192, 127, 136, 113, 253, 57, 146, 111, 253, 62,
       3, 201, 123, 85, 232, 214, 230, 115, 109, 180, 105, 126, 168, 55,
       173, 185, 251, 101, 157, 90, 111, 251, 148, 127, 168, 112, 241,
       88, 177, 58, 233, 91, 212, 185, 113, 160, 77, 255, 55, 28, 159,
       42, 240, 238, 189, 255, 145, 94, 155, 177, 197, 223, 233, 170,
       195, 35, 2, 175, 211, 11, 243, 57, 249, 108, 136, 189, 87, 172,
       89, 118, 244, 157, 139, 212, 115, 238, 25, 95, 205, 195, 30, 226,
       209, 230, 217, 186, 224, 92, 144, 161, 185, 80, 13, 91, 236, 52,
       226, 109, 119, 100, 200, 254, 34, 49, 179, 160, 96, 104, 183, 60,
       136, 73, 155, 33, 79, 243, 239, 178, 129, 37, 128, 228, 41, 181,
       158, 111, 254, 46, 19, 79, 249, 213, 74, 220, 230, 115, 233, 185,
       96, 127, 226, 62, 174, 233, 167, 47, 191, 242, 239, 231, 152, 61,
       250, 112, 121, 49, 205, 75, 111, 20, 26, 110, 53, 100, 64, 254,
       66, 115, 50, 148, 112, 122, 236, 44, 234, 217, 176, 101, 47, 166,
       239, 162, 0, 109, 186, 104, 168, 139, 155, 63, 251, 230, 205, 185,
       21, 239, 93, 87, 116, 188, 159, 224, 105, 230, 59, 63, 29, 147,
       184, 98, 241, 206, 249, 122, 194, 142, 136, 133, 241, 193, 68,
       253, 189, 100, 74, 237, 48, 248, 210, 242, 114, 253, 126, 145,
       123, 107, 229, 126, 171, 225, 118, 239, 200, 213, 58, 255, 136, 5,
       248, 117, 96, 225, 19, 107, 233, 110, 9, 233, 83, 205, 105, 246,
       254, 159, 143, 242, 123, 110, 140, 126, 76, 131, 55, 229, 208,
       214, 233, 170, 176, 61, 136, 81, 241, 0, 132, 149, 249, 36, 170,
       96, 3, 62, 19, 83, 80, 149, 147, 0, 72, 227, 27, 63, 144, 3, 156,
       67, 81, 132, 178, 58, 64, 148, 72, 65, 168, 134, 183, 17, 155,
       246, 167, 170, 252, 31, 169, 88, 114, 244, 125, 61, 0, 255, 91,
       23, 241, 179, 184, 73, 255, 45, 22, 175, 198, 221, 75, 177, 189,
       191, 199, 99, 218, 253, 177, 222, 216, 215, 92, 213, 179, 72, 204,
       255, 173, 223, 201, 151, 247, 254, 103, 110, 243, 59, 88, 143,
       239, 119, 255, 254, 199, 57, 103, 107, 226, 118, 139, 75, 240, 97,
       72, 252, 238, 83, 73, 153, 48, 126, 168, 22, 238, 201, 182, 100,
       63, 242, 205, 160, 160, 111, 187, 114, 249, 63, 246, 68, 68, 253,
       19, 207, 248, 81, 238, 189, 238, 73, 104, 151, 167, 93, 196, 214,
