%YAML:1.0
---
descriptors: !!opencv-matrix
   rows: 161
   cols: 32
   dt: u
   data: [ 191, 186, 251, 251, 246, 247, 251, 223, 87, 239, 214, 246,
       217, 221, 246, 108, 127, 251, 183, 157, 159, 190, 111, 242, 222,
       223, 191, 232, 191, 205, 244, 253, 252, 95, 58, 238, 172, 97, 87,
       255, 192, 142, 188, 42, 119, 249, 43, 35, 152, 243, 205, 99, 108,
       39, 42, 42, 243, 197, 101, 57, 113, 123, 238, 43, 9, 125, 112, 5,
       23, 30, 228, 55, 109, 224, 106, 76, 155, 56, 23, 48, 38, 164, 88,
       45, 229, 184, 117, 14, 38, 62, 4, 0, 109, 252, 91, 93, 97, 29, 26,
       69, 81, 22, 68, 55, 113, 224, 238, 68, 18, 50, 4, 116, 196, 166,
       112, 172, 237, 186, 241, 14, 35, 190, 20, 0, 75, 32, 98, 12, 213,
       92, 61, 253, 44, 43, 121, 186, 236, 186, 178, 112, 215, 19, 129,
       123, 199, 85, 124, 106, 233, 229, 107, 83, 196, 251, 115, 148, 28,
       249, 1, 33, 130, 12, 166, 158, 141, 246, 180, 35, 156, 150, 203,
       19, 224, 248, 52, 203, 201, 99, 235, 129, 52, 237, 19, 219, 5, 50,
       218, 19, 81, 108, 125, 6, 118, 237, 145, 132, 236, 3, 150, 238,
       11, 178, 184, 75, 84, 120, 69, 2, 219, 215, 107, 99, 104, 103,
       219, 234, 185, 22, 207, 62, 69, 122, 19, 138, 36, 237, 145, 170,
       220, 37, 142, 200, 142, 177, 184, 74, 84, 242, 105, 18, 217, 219,
       66, 243, 82, 3, 138, 242, 185, 132, 175, 60, 153, 123, 161, 162,
       194, 45, 166, 149, 143, 34, 172, 135, 190, 183, 138, 147, 172,
       170, 84, 74, 99, 103, 123, 149, 116, 221, 151, 226, 29, 38, 222,
       1, 132, 84, 177, 14, 71, 158, 166, 159, 170, 176, 186, 168, 190,
       83, 79, 245, 236, 238, 254, 231, 167, 115, 251, 151, 183, 73, 174,
       243, 44, 54, 95, 202, 158, 231, 169, 85, 45, 122, 237, 29, 94, 91,
       165, 210, 118, 238, 246, 231, 208, 172, 151, 172, 124, 108, 226,
       237, 229, 246, 245, 10, 116, 47, 231, 132, 111, 252, 126, 245,
       213, 212, 181, 255, 172, 102, 205, 189, 220, 82, 211, 22, 247,
       126, 57, 107, 199, 87, 63, 47, 249, 229, 123, 175, 225, 250, 254,
       20, 156, 121, 177, 113, 212, 204, 157, 183, 136, 68, 63, 168, 190,
       151, 131, 17, 245, 119, 73, 75, 231, 87, 105, 226, 120, 69, 155,
       103, 233, 163, 255, 21, 128, 115, 165, 34, 102, 236, 172, 215,
       141, 124, 183, 173, 222, 247, 143, 27, 234, 252, 95, 43, 217, 87,
       251, 115, 124, 101, 251, 226, 127, 63, 223, 63, 197, 127, 213, 86,
       40, 173, 121, 237, 116, 203, 103, 255, 111, 100, 252, 8, 179, 61,
       16, 48, 122, 154, 86, 104, 75, 186, 113, 63, 239, 221, 36, 33,
       112, 138, 198, 234, 149, 173, 236, 231, 252, 43, 110, 169, 126,
       162, 251, 130, 243, 233, 157, 98, 123, 207, 123, 239, 120, 240,
       221, 254, 238, 238, 199, 36, 237, 251, 240, 160, 61, 51, 216, 173,
       117, 31, 114, 152, 39, 232, 255, 77, 239, 123, 11, 144, 222, 205,
       206, 102, 141, 178, 89, 158, 247, 253, 37, 23, 107, 191, 74, 211,
       252, 101, 176, 228, 141, 127, 86, 236, 23, 182, 188, 11, 203, 57,
       89, 133, 217, 212, 205, 99, 108, 99, 73, 154, 243, 211, 197, 63,
       243, 127, 254, 2, 125, 119, 153, 164, 236, 29, 78, 248, 98, 238,
       188, 108, 223, 227, 209, 176, 158, 204, 78, 110, 201, 35, 232, 10,
       242, 221, 39, 188, 96, 251, 67, 225, 60, 1, 252, 103, 68, 127, 87,
       57, 113, 164, 231, 10, 83, 53, 10, 58, 88, 212, 124, 42, 24, 178,
       121, 8, 215, 235, 225, 21, 99, 235, 222, 226, 142, 191, 254, 245,
       255, 255, 253, 255, 191, 255, 222, 55, 172, 255, 119, 103, 255,
       255, 255, 145, 182, 249, 179, 255, 255, 223, 255, 231, 135, 124,
       253, 223, 118, 100, 80, 170, 221, 37, 86, 200, 139, 129, 233, 11,
       70, 202, 45, 80, 249, 221, 107, 243, 30, 39, 202, 240, 189, 176,
       135, 127, 209, 91, 230, 134, 21, 71, 253, 229, 180, 11, 239, 188,
       102, 168, 122, 224, 215, 111, 153, 112, 86, 93, 125, 239, 201,
       176, 77, 60, 236, 175, 239, 132, 36, 243, 65, 33, 60, 64, 126,
       108, 68, 110, 115, 120, 100, 132, 231, 8, 87, 213, 35, 80, 120,
       252, 79, 106, 8, 179, 57, 12, 243, 239, 33, 5, 99, 187, 102, 226,
       196, 52, 189, 245, 168, 108, 81, 138, 186, 255, 130, 24, 215, 247,
       73, 91, 129, 85, 125, 16, 59, 69, 243, 2, 201, 246, 125, 124, 128,
       113, 5, 114, 214, 239, 150, 158, 155, 208, 182, 230, 191, 151,
       232, 179, 108, 254, 101, 214, 231, 251, 239, 211, 118, 79, 138,
       247, 184, 246, 95, 203, 129, 116, 175, 15, 80, 189, 56, 184, 153,
       205, 85, 175, 174, 53, 172, 9, 182, 151, 98, 16, 193, 187, 75, 80,
       90, 11, 210, 53, 249, 149, 20, 121, 16, 0, 134, 74, 233, 55, 238,
       101, 32, 94, 125, 59, 97, 238, 190, 237, 251, 53, 218, 183, 20,
       196, 252, 110, 221, 240, 245, 136, 230, 249, 229, 145, 110, 244,
       222, 117, 18, 156, 59, 248, 211, 228, 49, 103, 190, 81, 76, 50,
       60, 183, 32, 112, 231, 59, 147, 144, 51, 11, 50, 215, 89, 166, 26,
       75, 177, 64, 165, 251, 11, 170, 240, 217, 237, 189, 248, 215, 127,
       27, 116, 93, 174, 136, 86, 140, 191, 11, 134, 29, 150, 126, 146,
       243, 14, 93, 22, 107, 223, 204, 219, 141, 50, 34, 224, 145, 197,
       249, 216, 67, 31, 239, 244, 191, 138, 204, 86, 140, 221, 139, 231,
       149, 30, 254, 230, 210, 158, 86, 157, 251, 199, 76, 222, 214, 58,
       239, 114, 152, 95, 209, 186, 230, 141, 12, 248, 139, 40, 200, 54,
       148, 236, 187, 195, 193, 78, 43, 2, 253, 51, 84, 138, 251, 87, 28,
       47, 143, 82, 181, 26, 190, 187, 205, 190, 239, 190, 9, 155, 32,
       252, 247, 40, 96, 182, 115, 125, 162, 82, 9, 138, 255, 249, 246,
       47, 250, 24, 66, 129, 59, 68, 172, 157, 126, 248, 237, 7, 154,
       186, 187, 33, 24, 254, 247, 73, 26, 151, 127, 108, 24, 51, 77,
       186, 115, 233, 150, 117, 124, 192, 113, 135, 35, 171, 254, 235,
       251, 238, 253, 253, 222, 127, 239, 246, 254, 155, 189, 215, 41,
       127, 223, 247, 157, 247, 254, 239, 227, 94, 255, 247, 236, 239,
       220, 247, 249, 83, 236, 135, 189, 26, 174, 47, 134, 191, 66, 202,
       197, 173, 226, 33, 212, 167, 235, 104, 197, 47, 201, 147, 127,
       161, 246, 30, 18, 152, 85, 35, 124, 79, 82, 189, 24, 10, 119, 187,
       216, 174, 95, 135, 245, 220, 246, 203, 107, 181, 85, 251, 247,
       179, 69, 187, 117, 217, 39, 123, 222, 154, 37, 45, 113, 84, 31,
       19, 38, 178, 171, 86, 33, 181, 160, 235, 237, 79, 226, 1, 208,
       182, 245, 236, 98, 29, 169, 9, 46, 184, 231, 37, 83, 104, 115,
       138, 17, 121, 91, 87, 229, 52, 22, 95, 181, 37, 76, 254, 231, 123,
       15, 167, 211, 246, 213, 237, 226, 201, 145, 49, 172, 242, 233,
       224, 144, 46, 182, 224, 89, 124, 127, 216, 110, 250, 9, 87, 221,
       19, 164, 109, 173, 115, 229, 203, 16, 28, 234, 68, 126, 74, 34,
       202, 59, 122, 205, 37, 61, 249, 250, 198, 211, 213, 237, 221, 183,
       130, 10, 47, 172, 58, 178, 2, 208, 213, 99, 89, 75, 51, 71, 104,
       254, 113, 220, 207, 59, 236, 162, 127, 68, 172, 243, 129, 32, 242,
       237, 209, 164, 206, 3, 198, 239, 27, 162, 168, 26, 70, 232, 69,
       18, 217, 255, 97, 35, 104, 111, 200, 106, 185, 150, 221, 62, 193,
       120, 210, 136, 8, 189, 187, 248, 251, 221, 49, 247, 191, 89, 108,
       0, 188, 191, 98, 112, 167, 123, 179, 16, 83, 105, 178, 247, 255,
       221, 22, 107, 154, 0, 167, 251, 87, 119, 146, 136, 186, 55, 154,
       200, 191, 204, 216, 237, 76, 246, 239, 244, 255, 89, 255, 245,
       133, 3, 175, 222, 184, 54, 143, 254, 152, 55, 43, 85, 43, 120,
       239, 29, 79, 223, 165, 87, 246, 238, 214, 167, 176, 188, 151, 36,
       108, 44, 250, 141, 197, 252, 245, 200, 102, 47, 247, 128, 111,
       252, 212, 253, 77, 212, 189, 183, 172, 111, 223, 188, 222, 243,
       155, 23, 223, 125, 89, 107, 221, 87, 127, 55, 191, 101, 123, 176,
       235, 251, 223, 84, 156, 123, 213, 114, 197, 212, 181, 255, 140,
       110, 77, 188, 254, 211, 131, 16, 215, 119, 9, 107, 197, 87, 59,
       43, 121, 69, 251, 163, 237, 250, 223, 20, 144, 121, 181, 114, 216,
       221, 31, 252, 42, 66, 85, 55, 164, 136, 130, 32, 247, 55, 32, 83,
