%YAML:1.0
---
descriptors: !!opencv-matrix
   rows: 284
   cols: 32
   dt: u
   data: [ 109, 55, 217, 225, 228, 46, 109, 25, 113, 235, 63, 124, 215,
       33, 217, 56, 21, 204, 84, 60, 153, 114, 233, 2, 238, 221, 37, 228,
       234, 242, 210, 49, 220, 119, 246, 100, 194, 74, 127, 248, 49, 174,
       127, 238, 75, 103, 137, 23, 54, 245, 132, 106, 232, 209, 173, 142,
       115, 227, 101, 132, 39, 247, 38, 49, 147, 83, 63, 169, 42, 239,
       185, 86, 174, 92, 223, 183, 157, 31, 34, 64, 230, 57, 191, 213,
       135, 157, 55, 85, 195, 193, 42, 194, 52, 3, 165, 251, 74, 253,
       145, 219, 251, 253, 55, 215, 187, 57, 105, 124, 44, 247, 76, 180,
       167, 123, 211, 16, 19, 88, 186, 247, 47, 212, 20, 234, 202, 22,
       135, 191, 182, 176, 225, 16, 207, 107, 177, 75, 27, 247, 129, 159,
       2, 236, 94, 10, 249, 157, 227, 17, 30, 119, 255, 210, 95, 22, 157,
       127, 197, 109, 214, 214, 212, 91, 63, 171, 170, 232, 23, 148, 174,
       92, 223, 53, 223, 159, 43, 73, 230, 23, 189, 83, 90, 133, 59, 49,
       225, 225, 42, 211, 20, 83, 165, 115, 71, 248, 239, 223, 170, 212,
       191, 184, 190, 87, 70, 165, 252, 238, 159, 110, 39, 119, 121, 207,
       231, 77, 191, 243, 110, 62, 223, 130, 142, 247, 33, 125, 249, 68,
       189, 247, 5, 78, 93, 55, 48, 230, 199, 24, 159, 55, 1, 123, 65,
       180, 121, 152, 105, 220, 241, 142, 205, 235, 212, 16, 34, 248, 4,
       122, 196, 253, 27, 226, 234, 228, 127, 253, 165, 30, 44, 0, 125,
       247, 105, 82, 119, 251, 95, 234, 114, 7, 186, 115, 255, 141, 39,
       172, 176, 242, 167, 243, 214, 253, 150, 190, 219, 225, 22, 238,
       191, 151, 168, 57, 110, 254, 109, 91, 227, 243, 235, 211, 118,
       111, 154, 243, 187, 214, 95, 123, 146, 117, 167, 31, 199, 83, 142,
       24, 234, 16, 188, 157, 171, 92, 150, 229, 76, 206, 223, 95, 182,
       69, 253, 215, 199, 67, 142, 80, 16, 48, 239, 207, 12, 245, 171,
       85, 214, 122, 150, 172, 43, 71, 22, 200, 191, 142, 176, 109, 76,
       222, 99, 219, 252, 217, 204, 227, 76, 71, 138, 248, 176, 240, 79,
       191, 24, 55, 47, 23, 118, 163, 40, 130, 29, 157, 202, 168, 139,
       61, 157, 207, 134, 140, 94, 134, 204, 136, 253, 93, 158, 43, 250,
       149, 155, 81, 137, 255, 22, 14, 94, 84, 188, 116, 248, 227, 205,
       127, 83, 216, 87, 245, 181, 26, 91, 93, 75, 56, 89, 216, 151, 122,
       42, 102, 251, 146, 219, 205, 37, 125, 243, 251, 76, 162, 165, 208,
       117, 95, 52, 255, 227, 144, 92, 73, 119, 84, 243, 88, 156, 44,
       217, 104, 54, 74, 187, 180, 125, 167, 5, 254, 176, 64, 206, 139,
       208, 245, 99, 233, 172, 159, 76, 157, 164, 143, 158, 253, 148, 15,
       160, 236, 214, 3, 201, 110, 123, 13, 198, 107, 255, 181, 46, 59,
       253, 187, 93, 28, 216, 223, 15, 180, 151, 94, 253, 253, 174, 235,
       223, 219, 113, 84, 248, 252, 252, 167, 221, 107, 210, 13, 183,
       111, 122, 255, 46, 94, 87, 234, 219, 108, 235, 149, 39, 255, 214,
       31, 255, 219, 182, 236, 223, 202, 88, 238, 232, 232, 191, 165,
       255, 107, 242, 99, 245, 243, 207, 255, 62, 30, 79, 235, 223, 127,
       185, 149, 79, 194, 199, 183, 116, 182, 106, 144, 116, 73, 83, 215,
       249, 78, 154, 236, 124, 238, 55, 223, 191, 212, 93, 231, 4, 111,
       186, 192, 175, 135, 184, 84, 125, 87, 249, 103, 190, 90, 87, 188,
       118, 234, 191, 232, 215, 124, 139, 96, 23, 212, 252, 99, 237, 113,
       237, 46, 250, 239, 37, 149, 101, 251, 221, 113, 31, 91, 124, 255,
       38, 242, 223, 184, 73, 84, 119, 134, 73, 77, 159, 15, 38, 213, 53,
       239, 193, 240, 63, 245, 66, 251, 192, 194, 111, 191, 88, 117, 165,
       220, 189, 251, 141, 127, 223, 184, 223, 122, 151, 22, 211, 253,
       61, 105, 217, 210, 63, 126, 251, 103, 123, 187, 235, 219, 207, 60,
       152, 123, 208, 50, 86, 191, 186, 190, 186, 192, 31, 188, 170, 101,
       25, 173, 252, 255, 234, 2, 183, 123, 253, 211, 18, 73, 170, 115,
       248, 37, 47, 255, 36, 71, 135, 123, 45, 121, 61, 122, 109, 207,
       247, 248, 193, 216, 125, 76, 122, 93, 41, 56, 220, 120, 18, 106,
       193, 162, 122, 61, 71, 223, 101, 44, 90, 187, 66, 243, 187, 125,
       110, 125, 31, 87, 223, 252, 87, 230, 86, 163, 89, 125, 183, 37,
       127, 248, 183, 239, 236, 246, 127, 191, 107, 79, 237, 135, 119,
       191, 116, 255, 214, 205, 158, 187, 136, 228, 94, 134, 190, 27,
       138, 17, 247, 255, 0, 75, 129, 115, 125, 211, 30, 201, 27, 39,
       233, 231, 254, 81, 128, 81, 161, 10, 37, 160, 209, 83, 197, 237,
       229, 207, 123, 179, 97, 24, 150, 241, 76, 60, 185, 26, 34, 24, 51,
       126, 250, 83, 13, 158, 85, 108, 200, 64, 195, 160, 116, 115, 185,
       226, 188, 7, 135, 152, 74, 232, 187, 104, 215, 253, 73, 98, 220,
       212, 125, 115, 219, 35, 201, 32, 249, 140, 175, 252, 204, 59, 84,
       33, 221, 70, 221, 231, 36, 42, 111, 56, 113, 234, 127, 228, 215,
       99, 153, 123, 118, 196, 60, 238, 169, 244, 205, 42, 196, 239, 97,
       132, 108, 251, 64, 33, 247, 109, 100, 94, 77, 21, 222, 232, 219,
       166, 185, 15, 106, 232, 63, 151, 216, 228, 253, 102, 236, 103,
       222, 255, 51, 122, 197, 59, 95, 127, 90, 22, 58, 22, 58, 172, 141,
       119, 85, 111, 213, 14, 244, 47, 10, 168, 39, 25, 248, 169, 197,
       33, 60, 163, 18, 140, 243, 247, 80, 27, 83, 125, 254, 214, 188,
       231, 172, 63, 157, 43, 198, 174, 86, 187, 253, 24, 227, 232, 91,
       43, 217, 202, 110, 59, 126, 116, 203, 55, 237, 207, 245, 125, 209,
       123, 216, 2, 54, 222, 252, 214, 230, 82, 158, 228, 91, 223, 181,
       191, 109, 108, 191, 137, 255, 251, 149, 135, 252, 235, 44, 239,
       186, 119, 255, 211, 213, 254, 191, 223, 75, 200, 245, 243, 54,
       216, 107, 164, 123, 19, 83, 16, 253, 118, 220, 246, 39, 95, 60,
       88, 179, 216, 191, 229, 143, 254, 254, 192, 166, 131, 129, 45, 82,
       176, 158, 144, 187, 209, 176, 71, 235, 81, 160, 57, 46, 218, 102,
       188, 175, 179, 204, 145, 31, 43, 150, 208, 153, 214, 30, 123, 192,
       4, 175, 14, 218, 251, 169, 178, 187, 205, 153, 175, 187, 125, 148,
       185, 174, 158, 70, 2, 167, 219, 253, 213, 126, 79, 170, 243, 251,
       209, 30, 255, 4, 4, 135, 123, 40, 189, 58, 127, 125, 253, 118,
       247, 239, 13, 124, 8, 190, 185, 38, 144, 141, 59, 199, 8, 210,
       186, 114, 253, 239, 223, 48, 11, 82, 202, 206, 139, 49, 91, 115,
       76, 102, 86, 214, 244, 196, 200, 250, 102, 115, 252, 165, 228, 94,
       244, 6, 106, 201, 187, 116, 173, 48, 172, 38, 2, 125, 186, 112,
       189, 154, 181, 109, 177, 186, 109, 185, 159, 30, 121, 22, 247,
       189, 31, 90, 11, 39, 19, 223, 181, 179, 76, 95, 245, 207, 83, 127,
       244, 180, 133, 133, 121, 199, 243, 226, 136, 234, 16, 189, 157,
       59, 220, 92, 229, 141, 206, 215, 95, 54, 77, 245, 215, 199, 83,
       174, 208, 84, 48, 239, 174, 14, 246, 187, 221, 53, 93, 19, 239,
       180, 239, 103, 50, 85, 200, 250, 66, 243, 113, 161, 100, 88, 190,
       62, 106, 105, 176, 121, 190, 165, 190, 37, 0, 56, 251, 112, 48,
       78, 247, 211, 210, 243, 176, 62, 197, 59, 49, 73, 250, 108, 247,
       204, 180, 183, 91, 179, 154, 19, 88, 138, 243, 62, 84, 31, 234,
       142, 215, 171, 181, 204, 121, 55, 123, 233, 212, 109, 212, 236,
       93, 87, 16, 157, 215, 187, 254, 34, 31, 255, 218, 67, 149, 179,
       224, 71, 233, 186, 192, 34, 151, 165, 243, 171, 243, 101, 15, 95,
       91, 167, 252, 84, 100, 215, 167, 241, 76, 154, 165, 124, 76, 250,
       239, 229, 180, 237, 205, 100, 35, 234, 132, 119, 190, 93, 252,
       185, 75, 73, 236, 52, 71, 75, 248, 68, 76, 212, 206, 51, 1, 179,
       96, 88, 232, 22, 110, 203, 38, 109, 61, 240, 201, 160, 184, 61,
       187, 112, 121, 82, 170, 168, 178, 175, 249, 184, 238, 155, 55,
       144, 171, 173, 172, 86, 10, 171, 195, 235, 149, 22, 105, 174, 241,
       218, 87, 223, 251, 149, 12, 157, 94, 71, 30, 142, 190, 168, 166,
       14, 178, 180, 74, 219, 245, 245, 230, 163, 72, 197, 103, 61, 135,
       173, 197, 75, 47, 128, 247, 251, 152, 152, 119, 41, 81, 247, 101,
       195, 164, 104, 2, 78, 216, 161, 202, 153, 239, 97, 202, 253, 18,
