%YAML:1.0
---
descriptors: !!opencv-matrix
   rows: 128
   cols: 32
   dt: u
   data: [ 73, 180, 185, 105, 186, 251, 57, 31, 62, 111, 238, 188, 157,
       55, 146, 120, 39, 30, 222, 12, 147, 8, 245, 87, 222, 255, 50, 236,
       162, 196, 135, 113, 166, 140, 150, 254, 253, 171, 214, 238, 223,
       131, 241, 88, 238, 249, 36, 205, 211, 123, 127, 35, 48, 103, 74,
       191, 186, 254, 87, 30, 214, 249, 225, 133, 118, 227, 228, 239,
       188, 35, 206, 184, 83, 184, 185, 74, 99, 105, 220, 2, 89, 206, 53,
       249, 138, 98, 207, 157, 42, 254, 197, 188, 255, 235, 80, 4, 94,
       32, 240, 229, 55, 58, 248, 80, 105, 162, 178, 139, 143, 63, 213,
       63, 191, 221, 93, 189, 172, 240, 133, 200, 223, 217, 143, 162,
       231, 245, 67, 135, 73, 176, 61, 99, 97, 88, 112, 140, 104, 89,
       103, 40, 190, 23, 72, 59, 130, 26, 104, 10, 67, 48, 243, 65, 71,
       249, 80, 3, 74, 2, 71, 187, 114, 144, 232, 26, 95, 213, 209, 31,
       27, 125, 181, 63, 42, 28, 30, 29, 221, 147, 253, 145, 190, 111,
       123, 215, 91, 127, 152, 251, 243, 12, 222, 95, 2, 251, 24, 187,
       254, 201, 182, 239, 142, 5, 88, 43, 164, 254, 98, 0, 207, 59, 3,
       17, 22, 26, 74, 245, 45, 20, 30, 107, 16, 26, 133, 139, 193, 246,
       204, 245, 172, 30, 100, 191, 123, 187, 2, 124, 215, 51, 200, 251,
       151, 70, 124, 44, 253, 220, 209, 2, 174, 219, 245, 212, 140, 248,
       216, 17, 242, 75, 103, 174, 13, 66, 70, 109, 229, 132, 178, 11,
       98, 106, 53, 87, 232, 228, 108, 227, 104, 163, 1, 172, 177, 226,
       206, 19, 33, 58, 244, 46, 14, 34, 208, 177, 109, 120, 104, 3, 235,
       189, 180, 172, 143, 138, 211, 159, 170, 173, 204, 153, 30, 224,
       167, 192, 142, 209, 63, 239, 230, 132, 15, 197, 91, 183, 250, 123,
       179, 254, 121, 55, 127, 105, 111, 181, 191, 191, 150, 112, 167,
       63, 253, 28, 147, 152, 245, 87, 239, 253, 54, 193, 174, 196, 143,
       123, 101, 113, 17, 165, 53, 15, 67, 56, 109, 104, 58, 72, 222, 18,
       1, 52, 148, 196, 94, 110, 201, 176, 121, 12, 165, 220, 1, 54, 64,
       51, 67, 101, 9, 164, 157, 187, 236, 233, 173, 143, 30, 51, 24,
       184, 180, 163, 200, 201, 203, 11, 106, 24, 51, 88, 75, 211, 204,
       151, 126, 124, 156, 200, 129, 168, 126, 233, 18, 234, 59, 220, 86,
       192, 171, 140, 168, 9, 79, 219, 43, 212, 178, 241, 205, 98, 76, 3,
       154, 248, 179, 253, 5, 59, 114, 55, 110, 67, 85, 82, 216, 167, 34,
       46, 107, 16, 56, 130, 195, 229, 215, 99, 201, 90, 118, 197, 125,
       102, 136, 212, 205, 0, 196, 227, 111, 132, 164, 243, 35, 1, 2,
       175, 17, 138, 220, 141, 178, 239, 14, 1, 104, 75, 164, 251, 108,
       0, 221, 155, 3, 17, 82, 26, 74, 245, 61, 20, 30, 106, 144, 10,
       135, 138, 129, 203, 23, 191, 58, 139, 38, 164, 190, 0, 66, 80,
       180, 211, 32, 69, 66, 59, 10, 64, 99, 137, 73, 127, 172, 160, 14,
       64, 24, 16, 161, 168, 202, 248, 188, 115, 137, 205, 21, 143, 187,
       63, 36, 25, 174, 247, 66, 26, 129, 83, 233, 16, 18, 77, 218, 51,
       207, 211, 93, 123, 210, 84, 143, 74, 133, 164, 221, 177, 236, 41,
       233, 91, 126, 179, 49, 90, 159, 227, 200, 42, 35, 14, 110, 24, 51,
       116, 207, 210, 204, 151, 119, 100, 220, 200, 195, 160, 52, 176,
       184, 243, 205, 109, 241, 202, 91, 179, 161, 27, 30, 249, 76, 59,
       185, 217, 115, 16, 26, 118, 218, 176, 95, 219, 81, 119, 241, 105,
       66, 130, 106, 178, 253, 248, 124, 71, 153, 219, 27, 125, 181, 255,
       140, 29, 190, 9, 159, 31, 245, 21, 158, 111, 43, 213, 91, 91, 251,
       254, 22, 140, 151, 115, 219, 81, 119, 236, 44, 22, 93, 56, 201,
       248, 86, 224, 223, 223, 150, 103, 134, 53, 253, 239, 205, 196,
       167, 221, 194, 251, 233, 142, 38, 164, 81, 117, 244, 72, 223, 182,
       78, 8, 109, 192, 249, 146, 178, 90, 127, 98, 5, 91, 106, 229, 108,
       234, 104, 71, 203, 234, 144, 170, 254, 24, 37, 113, 98, 40, 77,
       53, 155, 229, 226, 46, 120, 27, 58, 179, 107, 80, 221, 51, 73,
       218, 183, 95, 124, 56, 49, 212, 153, 66, 207, 239, 119, 68, 136,
       225, 131, 161, 6, 165, 16, 131, 221, 109, 176, 73, 62, 53, 59, 27,
       204, 120, 72, 8, 187, 155, 234, 177, 22, 122, 219, 212, 29, 22,
       95, 103, 128, 10, 141, 130, 248, 217, 126, 116, 9, 86, 85, 244,
       225, 150, 166, 8, 123, 255, 34, 115, 232, 244, 249, 226, 104, 103,
       186, 40, 243, 235, 197, 27, 99, 48, 238, 122, 125, 124, 145, 238,
       185, 15, 86, 248, 63, 170, 184, 76, 223, 115, 9, 16, 221, 221,
       124, 106, 105, 99, 89, 190, 251, 223, 5, 62, 202, 123, 66, 35, 8,
       156, 185, 251, 176, 239, 83, 159, 22, 11, 238, 16, 183, 55, 0, 96,
       213, 58, 29, 8, 58, 136, 113, 63, 235, 223, 52, 80, 146, 200, 132,
       107, 253, 125, 205, 230, 142, 83, 79, 252, 18, 226, 188, 206, 83,
       97, 219, 51, 125, 196, 124, 238, 233, 99, 253, 42, 248, 203, 229,
       188, 109, 251, 114, 112, 105, 34, 246, 87, 109, 216, 249, 16, 233,
       93, 119, 173, 142, 13, 150, 158, 142, 37, 231, 12, 148, 112, 226,
       224, 86, 121, 82, 131, 66, 135, 79, 255, 184, 233, 114, 78, 117,
       221, 86, 245, 115, 12, 124, 8, 43, 159, 38, 180, 120, 250, 135,
       72, 74, 58, 184, 191, 187, 221, 4, 43, 115, 158, 238, 238, 65,
       228, 156, 37, 172, 46, 109, 191, 106, 187, 42, 92, 151, 48, 216,
       58, 133, 70, 124, 28, 209, 120, 211, 96, 236, 190, 117, 20, 200,
       208, 195, 9, 0, 207, 158, 252, 21, 134, 110, 166, 244, 128, 234,
       64, 161, 227, 48, 192, 232, 226, 42, 204, 72, 139, 18, 237, 225,
       255, 22, 8, 0, 120, 105, 136, 64, 152, 153, 190, 9, 205, 18, 131,
       143, 75, 168, 8, 190, 247, 64, 112, 197, 123, 232, 0, 3, 15, 218,
       51, 225, 245, 16, 59, 144, 74, 135, 59, 230, 29, 237, 247, 170,
       98, 31, 152, 18, 243, 159, 242, 209, 119, 201, 107, 95, 214, 125,
       242, 185, 67, 239, 162, 206, 175, 255, 188, 189, 251, 164, 113,
       181, 239, 87, 216, 190, 35, 79, 250, 214, 146, 180, 242, 81, 227,
       249, 63, 127, 194, 94, 254, 251, 103, 46, 126, 248, 138, 231, 252,
       181, 249, 224, 161, 117, 71, 68, 71, 176, 30, 78, 184, 117, 170,
       127, 228, 83, 96, 157, 244, 22, 204, 44, 110, 201, 240, 109, 46,
       32, 238, 37, 132, 111, 243, 82, 37, 246, 88, 214, 172, 77, 70, 86,
       104, 185, 142, 242, 11, 78, 254, 39, 219, 248, 245, 239, 227, 76,
       231, 146, 200, 147, 50, 207, 31, 1, 127, 126, 6, 9, 14, 141, 119,
       36, 46, 105, 54, 125, 243, 102, 84, 187, 35, 144, 123, 33, 110,
       122, 140, 161, 216, 209, 104, 204, 191, 214, 0, 138, 192, 89, 56,
       195, 46, 151, 216, 252, 165, 185, 95, 191, 187, 48, 116, 156, 163,
       228, 255, 231, 63, 127, 28, 179, 79, 131, 210, 156, 154, 127, 238,
       154, 192, 169, 173, 6, 161, 18, 131, 221, 111, 176, 201, 62, 181,
       187, 27, 204, 248, 74, 140, 187, 157, 234, 49, 22, 115, 153, 212,
       157, 22, 11, 119, 193, 11, 141, 134, 226, 184, 175, 242, 207, 236,
       177, 23, 187, 91, 146, 127, 188, 189, 68, 11, 237, 179, 255, 145,
       187, 79, 210, 227, 223, 50, 218, 251, 141, 76, 151, 123, 196, 164,
       149, 147, 222, 168, 36, 171, 190, 147, 3, 82, 228, 226, 72, 67,
       113, 106, 106, 144, 114, 84, 202, 215, 172, 6, 223, 108, 128, 96,
       129, 128, 174, 184, 236, 91, 141, 253, 81, 218, 207, 117, 37, 157,
       138, 220, 126, 63, 139, 10, 135, 86, 158, 108, 254, 177, 203, 89,
       81, 127, 246, 13, 220, 214, 2, 140, 150, 188, 60, 139, 184, 230,
       159, 179, 242, 72, 174, 162, 36, 77, 207, 99, 110, 17, 48, 235,
       67, 252, 152, 246, 94, 90, 208, 72, 33, 141, 50, 176, 181, 185,
       104, 141, 184, 237, 31, 57, 240, 59, 12, 159, 108, 25, 255, 153,
       247, 5, 18, 91, 195, 209, 31, 26, 91, 254, 209, 12, 163, 147, 45,
       97, 17, 101, 117, 15, 103, 56, 109, 232, 123, 72, 223, 82, 25,
       176, 144, 196, 78, 110, 205, 176, 121, 12, 167, 221, 33, 36, 66,
       187, 66, 101, 66, 50, 212, 161, 108, 88, 249, 19, 171, 253, 52,
       237, 141, 142, 214, 158, 174, 141, 236, 149, 143, 120, 230, 192,
       142, 209, 250, 163, 142, 132, 111, 213, 50, 97, 117, 225, 38, 41,
