%YAML:1.0
---
descriptors: !!opencv-matrix
   rows: 214
   cols: 32
   dt: u
   data: [ 121, 13, 94, 253, 150, 10, 111, 39, 117, 2, 238, 2, 115, 35,
       177, 113, 122, 230, 42, 234, 104, 184, 5, 174, 246, 175, 194, 0,
       101, 248, 240, 40, 2, 189, 17, 218, 216, 173, 178, 238, 142, 25,
       104, 72, 180, 243, 108, 64, 209, 59, 11, 80, 19, 43, 218, 119,
       189, 20, 30, 106, 152, 74, 161, 138, 252, 112, 186, 96, 77, 45,
       80, 192, 187, 178, 162, 24, 78, 153, 69, 27, 169, 213, 252, 114,
       44, 103, 218, 130, 219, 219, 85, 63, 227, 121, 78, 2, 13, 177, 48,
       195, 253, 61, 241, 25, 79, 121, 61, 28, 206, 121, 202, 172, 159,
       10, 254, 60, 151, 112, 251, 212, 207, 223, 21, 126, 218, 142, 217,
       215, 135, 94, 126, 143, 114, 26, 187, 112, 60, 206, 87, 231, 237,
       70, 167, 17, 54, 125, 207, 230, 228, 149, 45, 78, 118, 35, 43,
       129, 45, 179, 47, 213, 196, 143, 149, 151, 150, 168, 102, 139,
       190, 147, 74, 210, 253, 227, 73, 74, 115, 106, 42, 154, 114, 88,
       143, 227, 172, 166, 239, 68, 160, 114, 129, 32, 198, 174, 213,
       190, 190, 160, 174, 175, 154, 146, 24, 210, 253, 235, 120, 66,
       147, 111, 125, 155, 50, 76, 142, 243, 172, 182, 207, 236, 148,
       113, 129, 41, 186, 186, 167, 60, 233, 223, 181, 247, 55, 255, 246,
       127, 122, 253, 38, 29, 253, 251, 231, 128, 254, 255, 123, 183,
       219, 227, 117, 183, 67, 76, 166, 251, 203, 81, 109, 77, 42, 31,
       187, 56, 172, 200, 21, 236, 253, 199, 147, 99, 22, 117, 127, 110,
       193, 1, 182, 93, 102, 41, 107, 184, 30, 166, 1, 113, 130, 162, 17,
       155, 236, 137, 168, 143, 30, 59, 17, 249, 148, 70, 200, 0, 143,
       27, 107, 17, 115, 92, 203, 215, 12, 18, 127, 254, 156, 136, 129,
       169, 33, 92, 127, 77, 116, 79, 107, 182, 125, 72, 126, 96, 23, 55,
       129, 52, 54, 124, 86, 104, 193, 184, 49, 76, 103, 190, 32, 128,
       74, 176, 67, 185, 194, 242, 191, 248, 168, 132, 61, 223, 190, 91,
       16, 117, 188, 215, 104, 107, 167, 83, 127, 16, 243, 77, 138, 245,
       217, 154, 127, 238, 152, 0, 161, 187, 16, 47, 219, 165, 18, 232,
       107, 6, 121, 141, 122, 70, 191, 171, 81, 16, 42, 239, 4, 217, 11,
       184, 128, 106, 156, 181, 190, 33, 229, 81, 47, 168, 201, 249, 125,
       255, 110, 158, 125, 184, 229, 216, 23, 226, 249, 95, 155, 99, 38,
       113, 125, 238, 197, 64, 191, 253, 71, 235, 233, 128, 38, 166, 81,
       241, 128, 138, 163, 249, 85, 167, 233, 71, 94, 7, 66, 19, 160,
       138, 52, 64, 233, 170, 35, 129, 54, 190, 19, 239, 77, 54, 154, 64,
       145, 8, 245, 138, 77, 99, 83, 97, 112, 14, 99, 184, 105, 168, 107,
       68, 223, 18, 137, 116, 182, 76, 76, 110, 193, 176, 185, 76, 164,
       252, 33, 4, 72, 179, 67, 33, 228, 36, 221, 241, 236, 40, 233, 91,
       250, 179, 179, 216, 157, 171, 221, 59, 43, 207, 110, 25, 48, 116,
       198, 194, 220, 154, 255, 108, 196, 240, 195, 161, 133, 164, 221,
       241, 236, 169, 169, 159, 254, 51, 48, 216, 157, 171, 216, 43, 175,
       11, 126, 25, 51, 124, 203, 210, 204, 154, 127, 116, 148, 200, 129,
       161, 252, 228, 212, 98, 41, 94, 84, 156, 35, 186, 167, 24, 91, 83,
       72, 127, 209, 212, 108, 122, 104, 71, 217, 2, 243, 219, 101, 55,
       34, 242, 194, 35, 178, 186, 183, 188, 232, 175, 176, 247, 55, 251,
       240, 249, 126, 255, 164, 25, 253, 187, 255, 1, 186, 223, 75, 241,
       154, 242, 95, 242, 193, 76, 166, 251, 124, 13, 62, 110, 57, 198,
       87, 51, 225, 12, 174, 8, 123, 119, 35, 119, 196, 246, 237, 106,
       72, 43, 234, 45, 243, 251, 96, 25, 98, 226, 102, 35, 172, 172,
       213, 243, 237, 47, 64, 154, 87, 187, 177, 88, 67, 121, 93, 11,
       217, 196, 100, 50, 42, 102, 219, 177, 15, 218, 213, 116, 243, 233,
       80, 130, 38, 189, 144, 250, 253, 137, 146, 207, 159, 41, 248, 107,
       44, 250, 108, 144, 217, 187, 131, 17, 18, 43, 90, 247, 189, 212,
       31, 126, 217, 10, 131, 138, 9, 89, 119, 77, 48, 206, 103, 55, 109,
       200, 118, 96, 188, 55, 129, 116, 38, 116, 118, 72, 129, 184, 49,
       108, 103, 190, 32, 128, 74, 128, 99, 185, 77, 49, 153, 225, 176,
       46, 104, 25, 58, 187, 107, 84, 223, 51, 72, 250, 183, 29, 116, 56,
       19, 208, 217, 2, 142, 239, 55, 68, 168, 224, 139, 129, 214, 0,
       223, 182, 14, 42, 109, 0, 185, 146, 179, 18, 95, 107, 21, 91, 98,
       229, 125, 234, 104, 71, 155, 192, 144, 234, 219, 20, 37, 241, 99,
       32, 57, 185, 186, 102, 53, 159, 82, 125, 107, 233, 254, 76, 255,
       250, 74, 48, 148, 207, 124, 76, 143, 187, 249, 189, 251, 221, 37,
       50, 74, 10, 74, 15, 114, 60, 189, 244, 239, 229, 153, 87, 139,
       251, 144, 127, 60, 191, 84, 43, 173, 55, 255, 145, 179, 79, 243,
       194, 217, 30, 255, 250, 137, 76, 133, 251, 60, 65, 87, 236, 85,
       70, 66, 72, 133, 128, 235, 3, 67, 137, 45, 80, 248, 132, 2, 226,
       77, 179, 16, 136, 179, 233, 128, 4, 51, 171, 112, 128, 253, 64,
       222, 236, 45, 94, 95, 120, 169, 162, 230, 10, 91, 55, 5, 255, 126,
       213, 252, 234, 105, 199, 241, 200, 211, 251, 199, 21, 35, 179,
       110, 48, 139, 186, 149, 184, 168, 164, 25, 223, 190, 187, 144,
       116, 156, 179, 96, 235, 231, 95, 127, 29, 179, 77, 139, 209, 217,
       219, 127, 254, 152, 64, 161, 185, 89, 250, 151, 254, 169, 188, 56,
       222, 191, 27, 150, 84, 252, 243, 64, 255, 167, 87, 124, 28, 163,
       73, 187, 245, 219, 255, 127, 218, 138, 80, 169, 57, 254, 96, 241,
       229, 103, 74, 120, 8, 105, 130, 179, 139, 79, 47, 93, 218, 182,
       213, 125, 161, 136, 244, 193, 192, 151, 254, 207, 135, 231, 244,
       71, 2, 55, 123, 122, 76, 118, 203, 247, 194, 233, 204, 248, 237,
       50, 220, 183, 48, 174, 233, 87, 67, 204, 187, 38, 232, 114, 28,
       36, 139, 69, 186, 118, 199, 0, 136, 39, 184, 85, 229, 224, 71,
       222, 17, 66, 19, 164, 138, 52, 200, 201, 42, 35, 145, 50, 254, 18,
       245, 5, 50, 154, 74, 144, 8, 241, 170, 253, 189, 20, 188, 173, 45,
       86, 251, 63, 154, 176, 120, 223, 250, 64, 51, 221, 243, 126, 35,
       121, 107, 219, 255, 185, 211, 111, 190, 88, 104, 131, 3, 25, 77,
       106, 197, 86, 18, 239, 118, 116, 192, 94, 2, 121, 41, 183, 96,
       122, 238, 23, 232, 232, 184, 53, 238, 119, 111, 162, 129, 39, 178,
       112, 168, 226, 160, 180, 208, 237, 233, 144, 207, 139, 63, 181,
       57, 142, 157, 76, 159, 137, 19, 227, 17, 18, 111, 202, 209, 31,
       209, 81, 127, 210, 76, 207, 131, 109, 79, 121, 103, 36, 10, 111,
       52, 97, 168, 255, 236, 243, 97, 147, 115, 18, 228, 108, 110, 201,
       176, 237, 44, 230, 249, 37, 128, 108, 187, 66, 40, 126, 235, 237,
       190, 56, 97, 91, 248, 151, 252, 157, 227, 233, 239, 219, 66, 93,
       223, 255, 246, 138, 67, 239, 253, 254, 247, 175, 253, 183, 255,
       36, 113, 228, 140, 214, 222, 252, 43, 206, 238, 223, 131, 112, 88,
       230, 232, 52, 65, 211, 111, 110, 41, 48, 111, 75, 255, 56, 190,
       87, 124, 212, 232, 209, 128, 252, 93, 23, 236, 29, 198, 86, 56,
       197, 200, 171, 72, 95, 253, 41, 243, 208, 244, 124, 98, 105, 163,
       90, 140, 179, 249, 65, 26, 122, 43, 100, 50, 50, 104, 80, 152, 95,
       137, 234, 66, 127, 160, 240, 11, 46, 136, 21, 20, 186, 169, 83,
       209, 14, 187, 192, 218, 149, 28, 136, 59, 101, 12, 82, 142, 204,
       106, 204, 101, 40, 11, 69, 152, 160, 182, 178, 233, 211, 1, 193,
       27, 2, 68, 108, 106, 104, 101, 205, 8, 228, 163, 101, 20, 100,
       249, 70, 32, 45, 148, 60, 105, 185, 111, 71, 186, 119, 123, 173,
       8, 211, 121, 28, 49, 221, 146, 76, 42, 187, 32, 121, 23, 235, 223,
       65, 116, 216, 225, 194, 48, 125, 28, 246, 68, 9, 126, 87, 18, 225,
       238, 174, 44, 74, 188, 135, 190, 164, 244, 236, 106, 141, 103,
       182, 232, 211, 251, 65, 59, 107, 245, 78, 87, 123, 92, 118, 84,
       43, 254, 87, 178, 225, 206, 174, 40, 106, 191, 135, 247, 38, 244,
       252, 74, 205, 143, 182, 233, 211, 251, 65, 155, 99, 245, 110, 127,
       35, 207, 98, 15, 119, 147, 174, 228, 77, 64, 88, 231, 40, 200,
       182, 164, 126, 43, 146, 237, 199, 186, 4, 255, 38, 28, 138, 195,
