%YAML:1.0
---
descriptors: !!opencv-matrix
   rows: 253
   cols: 32
   dt: u
   data: [ 114, 171, 40, 130, 45, 157, 218, 224, 139, 125, 157, 143, 142,
       141, 86, 134, 141, 204, 253, 87, 206, 75, 218, 181, 155, 81, 137,
       255, 6, 15, 95, 94, 53, 5, 110, 229, 20, 82, 219, 120, 192, 196,
       247, 2, 115, 125, 191, 35, 122, 228, 85, 238, 252, 227, 37, 12,
       67, 171, 225, 145, 101, 171, 116, 224, 122, 123, 234, 132, 102,
       18, 190, 120, 43, 228, 86, 167, 108, 188, 215, 18, 246, 125, 245,
       199, 196, 211, 165, 232, 114, 109, 239, 131, 39, 182, 127, 223,
       125, 77, 233, 228, 244, 15, 102, 184, 113, 170, 122, 73, 83, 113,
       145, 112, 80, 236, 53, 111, 232, 178, 201, 14, 255, 239, 37, 164,
       102, 251, 80, 35, 137, 189, 19, 87, 241, 142, 108, 55, 121, 1,
       111, 64, 191, 51, 0, 117, 128, 58, 18, 12, 113, 184, 16, 109, 167,
       184, 20, 0, 74, 194, 203, 168, 35, 104, 174, 157, 77, 217, 164,
       198, 222, 254, 212, 11, 160, 248, 247, 34, 201, 106, 123, 13, 230,
       107, 230, 187, 46, 31, 189, 187, 85, 28, 88, 206, 147, 22, 206,
       141, 116, 6, 104, 123, 22, 237, 210, 215, 33, 34, 182, 64, 124,
       172, 55, 141, 173, 222, 85, 206, 12, 46, 250, 196, 45, 164, 48,
       89, 7, 127, 214, 77, 126, 19, 174, 232, 126, 226, 122, 230, 200,
       248, 191, 164, 255, 109, 242, 231, 229, 242, 159, 222, 62, 62,
       199, 167, 77, 127, 121, 148, 67, 16, 111, 124, 26, 198, 169, 18,
       228, 73, 67, 68, 157, 159, 48, 96, 38, 53, 123, 169, 129, 137,
       182, 93, 7, 105, 186, 136, 44, 128, 33, 113, 33, 28, 109, 69, 52,
       127, 193, 55, 84, 225, 115, 82, 243, 60, 148, 36, 92, 46, 22, 9,
       185, 252, 117, 15, 13, 62, 176, 16, 77, 136, 80, 188, 116, 134,
       156, 252, 141, 104, 70, 175, 253, 23, 169, 48, 199, 120, 40, 203,
       201, 194, 108, 34, 126, 37, 75, 55, 177, 246, 82, 31, 240, 113,
       236, 6, 114, 151, 124, 193, 191, 55, 88, 123, 69, 165, 191, 159,
       75, 45, 22, 85, 255, 149, 255, 188, 188, 179, 117, 220, 155, 94,
       129, 247, 183, 236, 220, 70, 71, 48, 173, 131, 134, 38, 235, 216,
       34, 253, 147, 198, 81, 78, 217, 106, 61, 197, 127, 255, 145, 81,
       189, 64, 29, 12, 235, 228, 173, 179, 51, 240, 40, 173, 249, 123,
       242, 233, 119, 223, 114, 3, 124, 56, 54, 179, 64, 48, 59, 26, 6,
       24, 18, 186, 226, 115, 109, 141, 52, 104, 240, 194, 198, 171, 86,
       253, 222, 190, 155, 225, 22, 232, 191, 146, 169, 41, 110, 254,
       109, 80, 243, 243, 237, 194, 107, 67, 154, 255, 249, 214, 15, 59,
       144, 115, 39, 19, 0, 133, 58, 184, 243, 232, 177, 103, 158, 13,
       108, 49, 172, 191, 34, 64, 195, 59, 131, 1, 22, 138, 34, 215, 207,
       247, 26, 75, 144, 72, 173, 203, 125, 184, 147, 87, 213, 78, 103,
       240, 121, 162, 39, 8, 94, 119, 73, 191, 177, 116, 120, 106, 33,
       241, 185, 108, 191, 254, 69, 6, 194, 115, 70, 34, 87, 173, 239,
       209, 135, 98, 109, 143, 186, 179, 138, 18, 157, 42, 84, 106, 99,
       199, 121, 157, 50, 89, 191, 226, 13, 46, 223, 68, 165, 113, 161,
       36, 212, 240, 153, 238, 14, 6, 91, 216, 130, 176, 129, 10, 87,
       243, 105, 66, 245, 213, 109, 242, 72, 71, 155, 56, 217, 193, 239,
       60, 48, 115, 37, 34, 65, 19, 107, 79, 180, 14, 111, 49, 116, 72,
       127, 228, 243, 113, 156, 112, 54, 236, 60, 238, 209, 176, 37, 77,
       230, 169, 162, 128, 109, 178, 242, 49, 63, 213, 101, 75, 157, 87,
       195, 121, 23, 81, 237, 7, 114, 93, 62, 164, 88, 136, 19, 252, 59,
       163, 123, 157, 43, 111, 129, 86, 251, 14, 248, 246, 183, 96, 224,
       254, 29, 63, 90, 72, 147, 226, 177, 13, 106, 250, 95, 154, 216,
       236, 93, 102, 45, 103, 219, 154, 155, 222, 133, 63, 123, 63, 90,
       150, 69, 225, 236, 163, 164, 30, 108, 148, 107, 113, 54, 4, 157,
       43, 210, 122, 98, 70, 124, 220, 149, 216, 221, 224, 206, 249, 246,
       68, 172, 147, 232, 8, 253, 53, 237, 231, 222, 71, 79, 248, 16,
       226, 189, 206, 81, 119, 217, 51, 127, 206, 85, 254, 233, 215, 253,
       46, 253, 139, 239, 180, 37, 242, 114, 241, 241, 91, 119, 204, 38,
       66, 199, 244, 68, 202, 242, 230, 115, 148, 177, 225, 92, 244, 46,
       106, 233, 183, 117, 172, 176, 170, 230, 128, 109, 187, 116, 57,
       167, 220, 61, 251, 173, 245, 95, 254, 223, 122, 253, 18, 223, 253,
       61, 105, 217, 146, 63, 110, 251, 39, 123, 183, 231, 251, 215, 62,
       146, 121, 240, 226, 47, 164, 40, 91, 189, 181, 203, 152, 215, 90,
       157, 4, 210, 204, 255, 228, 217, 74, 93, 126, 191, 33, 123, 183,
       203, 223, 129, 124, 218, 255, 88, 116, 80, 73, 47, 188, 10, 224,
       90, 70, 228, 132, 198, 35, 61, 159, 33, 123, 98, 241, 189, 195,
       12, 131, 38, 104, 211, 225, 234, 137, 36, 113, 45, 106, 177, 12,
       15, 190, 92, 135, 138, 226, 220, 64, 64, 199, 117, 106, 183, 97,
       232, 227, 18, 231, 173, 158, 126, 63, 148, 34, 234, 8, 29, 9, 57,
       220, 221, 84, 175, 183, 162, 126, 44, 63, 50, 251, 131, 212, 223,
       54, 203, 251, 183, 87, 253, 173, 189, 213, 191, 0, 141, 227, 255,
       148, 168, 116, 131, 121, 132, 121, 127, 251, 234, 224, 119, 217,
       167, 92, 124, 33, 20, 215, 233, 91, 99, 218, 23, 218, 66, 18, 186,
       112, 103, 152, 103, 140, 50, 211, 166, 243, 68, 175, 154, 190,
       236, 72, 102, 173, 122, 150, 224, 8, 247, 226, 73, 91, 217, 203,
       44, 194, 90, 110, 202, 99, 248, 163, 119, 41, 128, 114, 230, 10,
       116, 143, 156, 190, 172, 40, 68, 175, 254, 55, 168, 29, 199, 32,
       0, 91, 201, 198, 108, 2, 62, 107, 203, 49, 249, 242, 119, 93, 208,
       121, 196, 2, 122, 235, 40, 160, 189, 221, 91, 230, 139, 237, 148,
       137, 143, 142, 82, 16, 204, 253, 221, 85, 94, 11, 224, 180, 251,
       213, 141, 255, 4, 30, 158, 90, 252, 40, 190, 120, 9, 205, 81, 66,
       163, 21, 164, 25, 23, 215, 98, 27, 128, 176, 205, 16, 26, 39, 178,
       16, 211, 193, 96, 61, 242, 0, 70, 98, 86, 245, 159, 190, 250, 193,
       55, 232, 174, 144, 169, 40, 124, 247, 41, 114, 178, 245, 235, 226,
       98, 67, 138, 125, 249, 182, 15, 63, 16, 115, 39, 163, 93, 183, 42,
       166, 164, 57, 254, 240, 48, 238, 223, 175, 203, 232, 218, 129,
       254, 239, 247, 231, 220, 242, 222, 168, 250, 193, 239, 169, 45,
       255, 122, 87, 79, 165, 238, 94, 171, 180, 190, 173, 190, 210, 79,
       129, 252, 254, 62, 98, 183, 119, 249, 143, 150, 65, 191, 243, 111,
       127, 207, 207, 150, 246, 165, 119, 101, 111, 245, 71, 116, 10,
       110, 248, 115, 160, 127, 234, 115, 97, 157, 116, 122, 236, 55,
       110, 96, 242, 205, 126, 126, 62, 101, 132, 103, 250, 82, 160, 55,
       38, 228, 79, 159, 51, 222, 120, 87, 230, 223, 179, 73, 125, 159,
       36, 127, 220, 183, 255, 188, 246, 111, 190, 127, 79, 205, 135,
       231, 239, 116, 214, 53, 119, 97, 71, 20, 31, 235, 184, 117, 232,
       255, 228, 211, 37, 149, 36, 92, 220, 6, 238, 233, 176, 125, 14,
       38, 222, 161, 132, 111, 187, 114, 180, 87, 60, 143, 183, 42, 166,
       56, 50, 172, 218, 131, 213, 213, 247, 3, 91, 167, 101, 125, 135,
       189, 197, 219, 104, 192, 163, 235, 144, 136, 99, 41, 83, 62, 249,
       33, 74, 139, 213, 150, 236, 134, 216, 137, 10, 232, 252, 76, 164,
       221, 83, 251, 115, 219, 35, 123, 177, 187, 86, 143, 255, 211, 127,
       183, 246, 142, 170, 164, 147, 173, 249, 176, 135, 143, 53, 148,
       185, 174, 141, 222, 143, 143, 83, 235, 21, 22, 109, 234, 241, 142,
       80, 95, 127, 214, 12, 159, 222, 119, 246, 138, 142, 187, 87, 31,
       205, 175, 109, 221, 239, 76, 246, 170, 212, 253, 159, 238, 181,
       159, 3, 251, 215, 184, 54, 143, 255, 152, 86, 175, 87, 30, 140,
       254, 178, 243, 226, 62, 231, 189, 7, 254, 179, 108, 255, 46, 89,
       235, 243, 151, 131, 124, 203, 8, 238, 250, 215, 254, 195, 133,
       112, 175, 139, 213, 233, 234, 227, 134, 12, 111, 148, 104, 177,
       174, 2, 147, 11, 82, 114, 98, 198, 124, 94, 222, 184, 221, 96,
       254, 233, 166, 68, 173, 147, 241, 8, 8, 88, 119, 123, 99, 212, 57,
       84, 236, 77, 71, 20, 189, 151, 184, 248, 38, 29, 251, 201, 131,
