%YAML:1.0
---
descriptors: !!opencv-matrix
   rows: 112
   cols: 32
   dt: u
   data: [ 128, 182, 157, 187, 252, 173, 173, 159, 30, 27, 80, 112, 180,
       183, 232, 64, 205, 27, 51, 24, 51, 88, 66, 247, 141, 151, 126,
       232, 152, 72, 129, 185, 118, 135, 229, 236, 60, 3, 206, 168, 83,
       171, 249, 202, 115, 105, 148, 17, 89, 205, 53, 237, 185, 246, 77,
       223, 186, 46, 253, 212, 93, 171, 82, 0, 124, 245, 185, 234, 185,
       79, 87, 252, 59, 250, 189, 9, 223, 127, 73, 17, 149, 223, 221, 98,
       107, 99, 219, 191, 251, 223, 37, 61, 122, 242, 134, 51, 2, 175,
       17, 154, 217, 201, 162, 239, 158, 5, 72, 75, 164, 195, 108, 16,
       232, 59, 3, 17, 82, 11, 18, 245, 189, 148, 30, 106, 144, 8, 165,
       170, 96, 152, 157, 254, 9, 205, 20, 162, 143, 90, 168, 8, 182,
       247, 32, 120, 193, 115, 234, 0, 3, 13, 218, 57, 195, 182, 80, 59,
       152, 88, 5, 59, 61, 71, 206, 71, 48, 26, 79, 184, 119, 168, 127,
       228, 83, 97, 157, 113, 54, 204, 36, 110, 233, 240, 237, 62, 170,
       238, 101, 132, 111, 243, 80, 1, 246, 72, 214, 140, 77, 70, 246,
       232, 185, 134, 242, 11, 78, 250, 37, 91, 248, 213, 239, 227, 108,
       103, 219, 234, 145, 50, 195, 31, 1, 127, 124, 6, 240, 72, 223,
       182, 78, 8, 108, 132, 249, 146, 178, 90, 91, 106, 5, 91, 106, 229,
       108, 234, 104, 71, 203, 234, 148, 170, 222, 24, 37, 113, 98, 8,
       77, 36, 211, 241, 226, 46, 104, 27, 58, 179, 99, 80, 221, 51, 73,
       250, 183, 31, 124, 24, 49, 212, 153, 66, 207, 239, 119, 68, 136,
       225, 131, 33, 107, 57, 57, 250, 105, 173, 216, 82, 171, 89, 181,
       93, 158, 159, 148, 185, 206, 187, 87, 29, 151, 75, 210, 245, 215,
       89, 56, 250, 200, 129, 10, 177, 4, 165, 16, 131, 221, 109, 172,
       105, 14, 49, 57, 26, 204, 114, 72, 136, 187, 139, 74, 49, 50, 116,
       91, 214, 157, 18, 31, 119, 144, 74, 133, 130, 214, 172, 148, 147,
       213, 160, 34, 128, 186, 179, 130, 18, 236, 226, 77, 206, 225, 239,
       42, 147, 46, 92, 219, 243, 157, 22, 223, 103, 128, 81, 49, 14,
       226, 196, 214, 254, 189, 171, 212, 239, 223, 19, 241, 25, 239,
       232, 44, 203, 211, 99, 111, 33, 38, 111, 138, 223, 170, 254, 86,
       27, 212, 88, 137, 143, 85, 97, 17, 231, 48, 14, 111, 184, 109,
       168, 127, 72, 223, 114, 137, 116, 182, 221, 108, 106, 73, 240,
       249, 108, 165, 252, 39, 20, 0, 179, 67, 37, 250, 56, 161, 244,
       139, 245, 153, 87, 147, 127, 150, 63, 46, 189, 70, 47, 237, 247,
       253, 129, 186, 79, 243, 226, 211, 127, 216, 187, 135, 76, 150,
       127, 101, 97, 57, 101, 52, 31, 103, 184, 105, 232, 63, 72, 214,
       82, 137, 116, 148, 196, 76, 106, 201, 176, 249, 76, 165, 152, 37,
       52, 64, 179, 67, 37, 120, 77, 103, 236, 149, 66, 86, 109, 69, 12,
       250, 3, 99, 125, 33, 193, 248, 246, 205, 227, 124, 171, 1, 172,
       179, 225, 134, 19, 51, 190, 244, 10, 116, 105, 202, 228, 157, 67,
       71, 232, 70, 164, 236, 11, 67, 225, 81, 16, 120, 236, 74, 242, 72,
       179, 205, 42, 249, 133, 133, 53, 241, 123, 118, 34, 90, 219, 16,
       172, 59, 157, 30, 109, 143, 12, 216, 175, 238, 222, 34, 212, 214,
       249, 253, 193, 94, 11, 218, 253, 177, 245, 15, 187, 24, 46, 13,
       31, 84, 64, 216, 167, 6, 106, 110, 8, 32, 166, 195, 0, 215, 99,
       89, 90, 114, 196, 108, 238, 8, 212, 221, 8, 215, 227, 231, 21,
       160, 243, 39, 0, 88, 188, 184, 122, 169, 237, 17, 143, 171, 55,
       172, 25, 174, 255, 66, 26, 129, 115, 233, 16, 18, 75, 202, 49,
       219, 209, 93, 123, 210, 64, 143, 107, 128, 204, 21, 187, 28, 133,
       167, 236, 158, 16, 193, 82, 180, 195, 40, 65, 201, 43, 10, 66, 98,
       141, 90, 127, 165, 130, 26, 120, 16, 24, 161, 168, 125, 244, 150,
       100, 29, 15, 83, 244, 246, 248, 162, 12, 214, 177, 104, 51, 153,
       76, 104, 126, 233, 227, 153, 12, 249, 222, 5, 126, 72, 58, 114,
       50, 120, 50, 120, 96, 31, 92, 249, 80, 233, 236, 181, 47, 11, 141,
       214, 22, 42, 133, 205, 176, 142, 33, 160, 192, 215, 217, 163, 187,
       103, 134, 126, 115, 48, 176, 255, 117, 42, 201, 113, 66, 110, 189,
       242, 40, 183, 181, 192, 114, 163, 188, 110, 16, 10, 250, 227, 1,
       221, 239, 113, 67, 224, 0, 70, 171, 246, 76, 146, 134, 77, 110,
       246, 200, 185, 166, 242, 11, 78, 250, 103, 90, 248, 245, 239, 227,
       40, 103, 153, 234, 145, 182, 203, 27, 129, 123, 127, 134, 60, 32,
       188, 243, 205, 111, 241, 202, 95, 179, 165, 26, 26, 185, 73, 58,
       169, 216, 115, 24, 26, 119, 219, 176, 95, 207, 81, 117, 243, 105,
       70, 162, 93, 164, 147, 225, 178, 46, 108, 159, 59, 187, 107, 80,
       221, 51, 72, 252, 183, 31, 60, 152, 51, 216, 129, 66, 172, 222,
       55, 68, 170, 192, 163, 161, 239, 123, 63, 250, 236, 189, 252, 212,
       171, 89, 188, 108, 188, 223, 217, 56, 142, 59, 87, 95, 151, 3,
       234, 241, 246, 217, 126, 250, 200, 211, 139, 145, 40, 140, 57,
       123, 177, 239, 83, 191, 87, 15, 174, 16, 190, 23, 32, 112, 213,
       58, 29, 8, 42, 168, 97, 63, 235, 255, 52, 80, 146, 200, 196, 107,
       13, 157, 25, 255, 60, 159, 86, 178, 214, 8, 127, 100, 255, 113,
       160, 224, 148, 122, 28, 74, 235, 168, 89, 63, 235, 255, 36, 80,
       90, 139, 201, 59, 73, 176, 185, 69, 3, 92, 57, 18, 168, 220, 62,
       69, 220, 159, 66, 178, 166, 85, 253, 12, 133, 72, 177, 64, 71,
       121, 42, 128, 74, 4, 3, 83, 134, 140, 133, 183, 129, 42, 54, 167,
       50, 51, 74, 17, 196, 50, 8, 203, 161, 79, 32, 146, 54, 220, 75,
       98, 47, 182, 94, 71, 128, 112, 129, 142, 164, 205, 148, 23, 197,
       42, 166, 166, 90, 179, 106, 16, 228, 97, 77, 139, 145, 110, 160,
       82, 114, 252, 91, 107, 44, 22, 85, 71, 200, 113, 201, 136, 198,
       36, 146, 130, 221, 110, 250, 72, 59, 183, 187, 27, 204, 122, 77,
       26, 187, 221, 207, 179, 48, 119, 217, 226, 157, 22, 11, 103, 193,
       99, 39, 130, 84, 44, 150, 179, 188, 169, 99, 130, 190, 183, 250,
       25, 215, 227, 67, 90, 203, 239, 111, 17, 58, 73, 203, 98, 221,
       246, 127, 116, 192, 105, 7, 34, 100, 177, 56, 107, 153, 77, 85,
       173, 2, 53, 45, 25, 214, 87, 74, 16, 145, 26, 73, 16, 90, 104,
       251, 21, 207, 149, 21, 125, 208, 10, 134, 98, 121, 189, 25, 237,
       184, 15, 84, 190, 55, 170, 188, 72, 159, 59, 1, 176, 157, 221,
       124, 104, 105, 122, 209, 30, 255, 223, 37, 52, 74, 248, 66, 35,
       198, 236, 132, 151, 157, 168, 162, 202, 190, 178, 0, 82, 236, 226,
       77, 207, 241, 111, 106, 147, 34, 68, 138, 255, 157, 22, 223, 110,
       128, 113, 1, 132, 38, 32, 214, 184, 107, 11, 152, 72, 159, 177,
       240, 137, 76, 191, 101, 159, 222, 93, 255, 21, 0, 195, 195, 200,
       152, 90, 95, 186, 196, 173, 35, 135, 115, 18, 230, 165, 98, 90,
       48, 66, 47, 80, 242, 239, 14, 30, 135, 126, 238, 149, 255, 133,
       140, 211, 231, 192, 150, 122, 91, 147, 101, 44, 39, 223, 135, 205,
       149, 183, 131, 174, 38, 174, 26, 179, 106, 17, 228, 98, 77, 139,
       145, 103, 32, 86, 118, 220, 91, 43, 47, 150, 85, 66, 128, 115,
       137, 138, 77, 178, 28, 161, 168, 47, 56, 29, 175, 185, 51, 124,
       222, 19, 200, 59, 135, 23, 125, 48, 147, 80, 217, 84, 205, 211,
       127, 246, 136, 0, 139, 1, 5, 164, 217, 225, 236, 169, 233, 27,
       110, 179, 57, 92, 157, 163, 216, 40, 187, 139, 110, 29, 19, 120,
       203, 208, 204, 159, 63, 252, 220, 202, 195, 161, 233, 240, 30,
       100, 29, 79, 19, 244, 238, 160, 166, 12, 214, 145, 97, 50, 144,
       116, 120, 98, 41, 231, 186, 14, 217, 219, 69, 30, 72, 59, 98, 58,
       232, 185, 27, 104, 9, 198, 23, 101, 237, 192, 234, 8, 182, 211,
       32, 113, 200, 124, 232, 98, 73, 175, 146, 14, 241, 241, 2, 91, 72,
       2, 38, 186, 247, 178, 125, 243, 172, 173, 217, 210, 207, 123, 181,
       253, 30, 157, 222, 59, 143, 155, 253, 21, 159, 54, 107, 208, 219,
       89, 185, 246, 221, 141, 17, 115, 125, 87, 64, 69, 52, 30, 79, 184,
       97, 232, 190, 108, 211, 96, 157, 116, 22, 196, 92, 110, 201, 176,
       229, 14, 38, 174, 37, 148, 111, 179, 82, 37, 212, 120, 191, 118,
       40, 108, 85, 156, 224, 250, 166, 24, 247, 247, 65, 123, 33, 244,
