%YAML:1.0
---
descriptors: !!opencv-matrix
   rows: 323
   cols: 32
   dt: u
   data: [ 66, 32, 107, 109, 122, 66, 41, 114, 172, 65, 67, 208, 157,
       159, 48, 96, 38, 61, 123, 173, 161, 157, 181, 77, 7, 125, 186,
       128, 44, 128, 33, 249, 84, 253, 159, 190, 154, 195, 23, 232, 191,
       128, 169, 40, 94, 247, 41, 112, 251, 249, 206, 226, 104, 35, 26,
       126, 241, 166, 7, 63, 48, 115, 39, 35, 131, 10, 46, 189, 44, 130,
       105, 3, 158, 220, 66, 181, 149, 198, 178, 72, 196, 45, 59, 141,
       148, 220, 6, 157, 204, 35, 251, 192, 20, 132, 49, 209, 195, 94,
       43, 172, 6, 164, 174, 182, 88, 74, 218, 231, 181, 172, 178, 64,
       86, 239, 61, 199, 205, 154, 196, 107, 180, 36, 190, 136, 28, 216,
       177, 217, 77, 214, 23, 222, 121, 254, 162, 184, 237, 74, 187, 108,
       236, 114, 173, 246, 215, 103, 238, 106, 165, 39, 125, 255, 188,
       126, 7, 26, 154, 183, 43, 53, 171, 123, 228, 151, 237, 31, 252,
       140, 79, 254, 214, 143, 232, 204, 215, 175, 134, 111, 254, 71,
       199, 240, 255, 224, 6, 89, 205, 179, 15, 127, 217, 221, 122, 128,
       239, 117, 21, 86, 89, 56, 113, 205, 70, 131, 115, 253, 150, 107,
       124, 252, 181, 169, 172, 216, 181, 140, 75, 239, 245, 129, 167,
       164, 116, 122, 202, 251, 168, 187, 59, 201, 155, 166, 171, 61,
       148, 189, 172, 143, 66, 2, 167, 115, 253, 213, 70, 77, 234, 243,
       255, 81, 159, 251, 4, 4, 135, 91, 31, 33, 228, 131, 222, 50, 234,
       200, 83, 245, 17, 130, 73, 104, 223, 174, 59, 205, 87, 255, 150,
       114, 173, 192, 28, 8, 175, 164, 167, 247, 123, 196, 253, 205, 7,
       236, 188, 22, 79, 252, 197, 192, 222, 2, 211, 101, 177, 231, 88,
       228, 28, 238, 233, 163, 109, 140, 179, 251, 199, 20, 54, 191, 240,
       100, 91, 184, 182, 186, 11, 205, 80, 71, 171, 87, 160, 29, 47,
       218, 38, 28, 167, 179, 221, 21, 30, 43, 18, 209, 147, 209, 90,
       123, 104, 4, 171, 95, 71, 253, 239, 31, 170, 244, 189, 183, 170,
       83, 95, 133, 252, 254, 158, 102, 167, 119, 249, 141, 215, 201,
       191, 225, 111, 63, 222, 138, 134, 246, 173, 125, 24, 180, 147,
       122, 243, 237, 81, 71, 127, 73, 104, 56, 190, 247, 64, 56, 155,
       187, 4, 16, 59, 58, 240, 115, 217, 214, 16, 106, 242, 64, 167,
       171, 54, 165, 225, 33, 205, 121, 240, 202, 31, 245, 185, 155, 2,
       236, 94, 13, 249, 138, 211, 21, 30, 114, 251, 144, 95, 80, 153,
       127, 247, 77, 214, 214, 33, 28, 237, 85, 52, 47, 233, 55, 84, 225,
       122, 86, 243, 56, 148, 96, 88, 46, 54, 45, 185, 184, 117, 14, 12,
       46, 178, 0, 77, 136, 80, 44, 228, 165, 232, 94, 221, 89, 83, 200,
       83, 245, 165, 153, 67, 237, 95, 83, 89, 206, 224, 118, 62, 98,
       254, 51, 127, 41, 5, 125, 243, 191, 222, 214, 63, 151, 100, 87,
       151, 19, 222, 249, 23, 230, 215, 191, 75, 125, 158, 37, 63, 217,
       151, 167, 188, 242, 125, 159, 123, 79, 197, 215, 247, 238, 252,
       247, 42, 181, 162, 182, 77, 209, 148, 103, 129, 208, 220, 171,
       168, 189, 102, 135, 204, 187, 243, 129, 93, 123, 210, 233, 23, 81,
       218, 171, 7, 78, 158, 222, 114, 183, 146, 174, 251, 6, 22, 111,
       171, 77, 249, 109, 108, 246, 42, 208, 253, 155, 206, 161, 93, 11,
       154, 223, 184, 180, 158, 255, 24, 70, 175, 223, 45, 167, 236, 11,
       212, 123, 163, 121, 86, 117, 127, 182, 209, 108, 158, 164, 95, 14,
       226, 61, 149, 240, 109, 6, 110, 47, 39, 68, 239, 238, 252, 244,
       39, 101, 102, 15, 223, 27, 174, 232, 94, 224, 248, 130, 72, 248,
       255, 164, 123, 77, 114, 239, 229, 243, 239, 210, 60, 94, 15, 38,
       87, 126, 123, 132, 36, 237, 69, 83, 156, 141, 70, 172, 199, 56,
       168, 77, 98, 97, 68, 23, 201, 194, 104, 90, 122, 104, 91, 61, 47,
       154, 133, 118, 89, 155, 208, 14, 60, 32, 248, 106, 77, 125, 82,
       216, 83, 255, 181, 27, 91, 93, 123, 152, 217, 216, 198, 122, 14,
       102, 219, 178, 219, 205, 37, 125, 243, 251, 78, 194, 175, 245, 55,
       90, 205, 245, 166, 204, 207, 88, 120, 70, 168, 220, 253, 172, 205,
       26, 146, 83, 215, 51, 62, 241, 37, 88, 6, 106, 219, 95, 225, 181,
       9, 120, 147, 87, 97, 237, 102, 150, 125, 234, 110, 76, 190, 179,
       33, 188, 145, 126, 114, 74, 1, 152, 48, 40, 133, 190, 84, 2, 202,
       115, 67, 186, 85, 1, 254, 165, 164, 62, 100, 23, 109, 161, 255, 6,
       211, 41, 27, 106, 114, 132, 110, 61, 156, 176, 213, 192, 198, 233,
       246, 68, 172, 251, 248, 0, 57, 28, 106, 237, 52, 30, 83, 120, 85,
       72, 246, 6, 91, 17, 179, 240, 88, 140, 158, 108, 169, 183, 117,
       142, 243, 239, 32, 4, 127, 175, 120, 113, 161, 76, 100, 69, 100,
       63, 237, 118, 100, 238, 54, 140, 51, 1, 151, 45, 46, 164, 102,
       110, 225, 180, 117, 126, 68, 10, 113, 176, 111, 249, 66, 253, 58,
       22, 42, 172, 141, 119, 212, 103, 245, 14, 244, 63, 10, 168, 39,
       25, 248, 137, 207, 35, 60, 171, 16, 206, 243, 119, 80, 27, 209,
       125, 254, 198, 79, 55, 134, 134, 109, 29, 230, 112, 169, 190, 189,
       205, 239, 232, 223, 135, 168, 230, 238, 111, 220, 99, 158, 232,
       190, 209, 199, 187, 78, 127, 219, 148, 146, 28, 122, 242, 243,
       115, 54, 231, 189, 67, 254, 187, 14, 191, 38, 89, 235, 155, 159,
       162, 124, 175, 0, 238, 243, 215, 86, 11, 163, 81, 175, 159, 134,
       50, 218, 136, 110, 39, 186, 200, 143, 55, 177, 223, 77, 206, 123,
       15, 255, 217, 99, 243, 130, 103, 154, 208, 30, 16, 203, 255, 213,
       235, 37, 133, 207, 220, 173, 255, 173, 118, 223, 250, 159, 250,
       151, 23, 221, 127, 123, 107, 221, 215, 191, 191, 249, 71, 251,
       242, 255, 251, 223, 158, 158, 245, 181, 115, 161, 76, 107, 76,
       116, 195, 239, 240, 84, 78, 124, 2, 113, 73, 181, 33, 120, 168,
       22, 238, 233, 182, 36, 63, 115, 8, 160, 128, 117, 187, 116, 232,
       246, 114, 228, 101, 69, 31, 220, 88, 97, 174, 182, 143, 74, 13,
       87, 155, 252, 213, 255, 247, 204, 247, 245, 200, 51, 90, 197, 182,
       103, 252, 94, 86, 34, 235, 40, 186, 93, 129, 187, 239, 142, 5, 92,
       175, 172, 141, 118, 4, 204, 43, 131, 197, 82, 43, 66, 245, 125,
       84, 154, 235, 87, 12, 183, 234, 170, 234, 172, 179, 237, 189, 145,
       135, 142, 63, 52, 149, 140, 141, 86, 15, 201, 43, 207, 21, 22,
       108, 202, 241, 79, 17, 127, 255, 214, 12, 223, 203, 165, 204, 61,
       251, 173, 103, 95, 190, 215, 123, 181, 18, 215, 255, 57, 105, 217,
       194, 63, 110, 251, 39, 123, 191, 239, 219, 199, 92, 152, 249, 208,
       98, 28, 132, 191, 244, 156, 111, 206, 234, 218, 242, 148, 26, 247,
       233, 57, 35, 185, 119, 121, 43, 160, 229, 175, 159, 235, 207, 85,
       85, 197, 121, 85, 160, 21, 98, 247, 237, 58, 11, 126, 248, 126,
       168, 251, 224, 215, 251, 141, 112, 247, 93, 127, 234, 140, 178,
       207, 94, 238, 239, 39, 132, 100, 179, 33, 131, 146, 69, 30, 159,
       133, 226, 44, 39, 172, 18, 203, 18, 229, 2, 32, 79, 99, 39, 42,
       162, 96, 205, 11, 239, 160, 178, 218, 1, 16, 81, 169, 10, 53, 97,
       201, 235, 206, 35, 70, 216, 22, 178, 217, 202, 83, 225, 217, 40,
       89, 216, 18, 250, 11, 114, 79, 16, 12, 142, 165, 60, 189, 251,
       112, 160, 87, 141, 238, 209, 135, 98, 109, 139, 242, 179, 143, 18,
       89, 50, 92, 107, 99, 199, 121, 189, 50, 217, 191, 224, 93, 46,
       223, 68, 165, 113, 165, 36, 96, 129, 173, 165, 141, 79, 197, 39,
       134, 232, 138, 10, 210, 61, 64, 2, 201, 118, 123, 9, 89, 121, 243,
       2, 237, 134, 213, 48, 193, 122, 212, 122, 253, 117, 237, 231, 222,
       71, 79, 248, 16, 234, 157, 207, 81, 55, 219, 51, 127, 204, 85,
       238, 233, 214, 253, 14, 253, 139, 239, 180, 37, 242, 82, 241, 93,
       28, 159, 255, 139, 238, 49, 19, 174, 218, 239, 84, 252, 119, 33,
       123, 231, 53, 253, 130, 161, 197, 27, 72, 197, 251, 122, 146, 136,
       97, 33, 51, 148, 208, 26, 251, 98, 228, 121, 144, 52, 29, 103, 17,
       183, 215, 42, 89, 226, 187, 55, 210, 26, 148, 26, 113, 215, 161,
       50, 65, 160, 1, 165, 67, 86, 233, 172, 247, 133, 2, 238, 134, 242,
       179, 138, 2, 193, 43, 81, 75, 97, 231, 121, 216, 16, 216, 155,
       224, 237, 174, 223, 69, 165, 113, 245, 42, 119, 228, 193, 198,
