%YAML:1.0
---
descriptors: !!opencv-matrix
   rows: 203
   cols: 32
   dt: u
   data: [ 210, 238, 149, 191, 42, 137, 20, 167, 190, 19, 226, 253, 175,
       243, 64, 209, 167, 123, 237, 5, 111, 205, 194, 51, 160, 243, 126,
       187, 56, 80, 139, 27, 58, 19, 46, 188, 109, 243, 213, 97, 133, 14,
       252, 41, 106, 253, 39, 25, 216, 185, 135, 35, 12, 163, 50, 157,
       211, 243, 64, 59, 115, 127, 126, 211, 124, 31, 154, 126, 152, 175,
       86, 50, 182, 170, 235, 105, 87, 227, 33, 80, 209, 244, 108, 114,
       24, 163, 217, 62, 250, 231, 37, 81, 232, 251, 74, 3, 71, 156, 165,
       159, 250, 176, 190, 168, 190, 83, 79, 229, 236, 238, 223, 230,
       167, 115, 251, 199, 151, 73, 174, 243, 46, 62, 79, 138, 158, 247,
       33, 85, 65, 48, 29, 97, 32, 46, 113, 27, 120, 251, 102, 92, 150,
       19, 72, 59, 180, 5, 92, 60, 177, 244, 241, 0, 199, 249, 112, 68,
       200, 128, 67, 35, 118, 114, 146, 184, 187, 194, 30, 200, 187, 204,
       248, 237, 76, 198, 111, 212, 223, 249, 238, 243, 77, 71, 138, 242,
       184, 52, 15, 255, 152, 55, 47, 87, 169, 123, 229, 13, 76, 91, 167,
       246, 116, 230, 246, 231, 209, 44, 151, 164, 124, 236, 226, 237,
       229, 178, 117, 14, 100, 39, 231, 132, 79, 188, 127, 252, 191, 186,
       251, 251, 238, 247, 251, 223, 87, 239, 215, 247, 89, 157, 246,
       104, 127, 219, 191, 157, 159, 255, 111, 242, 222, 223, 191, 224,
       183, 205, 244, 245, 165, 148, 189, 251, 188, 127, 254, 252, 94,
       251, 151, 22, 223, 124, 126, 107, 223, 211, 63, 63, 189, 118, 123,
       183, 239, 223, 255, 116, 157, 123, 209, 208, 197, 149, 189, 191,
       172, 102, 222, 185, 222, 83, 211, 86, 255, 126, 58, 107, 223, 83,
       63, 167, 255, 165, 123, 191, 227, 251, 254, 20, 156, 123, 177,
       112, 84, 198, 156, 183, 140, 102, 95, 172, 182, 151, 139, 17, 247,
       103, 73, 75, 209, 87, 109, 243, 122, 69, 219, 35, 233, 231, 255,
       85, 128, 115, 165, 2, 57, 53, 88, 175, 117, 95, 118, 57, 101, 232,
       255, 77, 223, 59, 2, 176, 220, 205, 222, 36, 221, 186, 89, 142,
       247, 253, 39, 23, 106, 174, 202, 215, 220, 255, 189, 180, 178,
       230, 95, 191, 58, 222, 30, 181, 255, 255, 75, 97, 151, 119, 189,
       161, 249, 216, 43, 63, 235, 231, 239, 197, 164, 112, 141, 123,
       248, 118, 121, 229, 42, 75, 93, 59, 16, 174, 182, 250, 23, 23,
       128, 49, 54, 181, 93, 40, 232, 220, 225, 30, 247, 203, 101, 180,
       36, 168, 6, 105, 43, 216, 119, 88, 93, 215, 208, 202, 223, 81,
       224, 23, 40, 220, 54, 236, 217, 153, 186, 209, 143, 167, 119, 213,
       87, 127, 146, 79, 223, 13, 116, 118, 170, 57, 53, 209, 205, 221,
       209, 79, 71, 252, 180, 10, 138, 156, 103, 44, 200, 56, 147, 16,
       79, 122, 115, 144, 15, 217, 151, 127, 83, 12, 84, 254, 56, 217,
       60, 126, 93, 205, 83, 252, 135, 5, 172, 8, 119, 215, 34, 16, 136,
       250, 67, 74, 74, 43, 122, 61, 251, 197, 5, 121, 112, 154, 70, 234,
       116, 109, 16, 174, 141, 41, 70, 204, 15, 34, 139, 11, 198, 200,
       105, 136, 249, 197, 106, 99, 74, 35, 73, 251, 177, 148, 141, 63,
       176, 123, 176, 2, 30, 115, 225, 171, 178, 67, 155, 221, 6, 77,
       217, 231, 157, 71, 233, 132, 126, 27, 159, 245, 195, 144, 109,
       216, 236, 196, 175, 212, 182, 158, 181, 241, 86, 238, 214, 222,
       219, 208, 190, 230, 191, 151, 240, 163, 108, 238, 101, 211, 239,
       251, 239, 209, 102, 75, 142, 255, 185, 166, 95, 203, 177, 116,
       175, 143, 75, 94, 211, 198, 98, 38, 111, 150, 41, 202, 126, 196,
       61, 167, 161, 118, 54, 252, 53, 142, 193, 146, 180, 200, 102, 188,
       114, 136, 46, 242, 99, 249, 186, 56, 170, 184, 201, 245, 208, 71,
       151, 255, 228, 31, 42, 204, 102, 138, 205, 171, 227, 149, 30, 127,
       242, 144, 219, 209, 213, 123, 219, 76, 254, 214, 210, 184, 246,
       86, 11, 217, 180, 231, 251, 247, 38, 187, 108, 252, 70, 143, 163,
       127, 233, 0, 54, 109, 190, 225, 27, 114, 85, 123, 199, 4, 143,
       127, 253, 97, 149, 132, 109, 82, 196, 108, 91, 240, 145, 74, 79,
       242, 208, 166, 122, 204, 124, 107, 77, 103, 239, 192, 153, 240,
       199, 60, 70, 58, 118, 36, 132, 151, 127, 113, 244, 234, 121, 146,
       252, 93, 118, 177, 223, 79, 42, 89, 166, 19, 15, 112, 179, 176,
       37, 101, 199, 187, 114, 193, 68, 129, 197, 243, 235, 248, 164, 55,
       105, 221, 20, 142, 139, 255, 132, 29, 174, 188, 70, 191, 129, 111,
       249, 5, 134, 78, 250, 177, 207, 89, 221, 251, 18, 76, 222, 223,
       217, 212, 93, 255, 46, 74, 109, 61, 108, 74, 214, 34, 255, 31,
       176, 97, 98, 145, 60, 234, 73, 172, 119, 29, 231, 235, 246, 128,
       60, 154, 229, 123, 41, 61, 56, 69, 21, 31, 229, 55, 113, 224, 110,
       8, 147, 56, 20, 52, 168, 164, 80, 44, 237, 184, 209, 14, 39, 190,
       4, 0, 73, 104, 202, 12, 102, 237, 145, 164, 236, 1, 134, 238, 138,
       178, 152, 107, 212, 242, 65, 10, 219, 209, 107, 227, 64, 67, 202,
       106, 188, 22, 207, 62, 153, 123, 163, 170, 109, 61, 251, 101, 84,
       46, 107, 18, 97, 192, 110, 76, 179, 231, 209, 122, 114, 236, 20,
       222, 137, 176, 180, 42, 199, 173, 33, 0, 237, 243, 98, 248, 186,
       36, 106, 249, 245, 167, 236, 71, 93, 10, 252, 19, 9, 139, 52, 73,
       249, 171, 23, 173, 186, 183, 0, 218, 114, 91, 186, 161, 31, 220,
       248, 130, 56, 213, 123, 237, 84, 79, 119, 125, 101, 236, 254, 34,
       83, 87, 136, 48, 120, 156, 6, 106, 89, 186, 121, 29, 247, 237, 37,
       68, 97, 170, 230, 243, 60, 0, 254, 228, 77, 127, 83, 88, 117, 166,
       231, 8, 83, 241, 43, 26, 88, 212, 235, 106, 24, 179, 113, 136,
       211, 239, 65, 21, 227, 235, 126, 34, 182, 132, 200, 155, 150, 227,
       202, 203, 22, 35, 209, 179, 65, 206, 188, 64, 123, 155, 3, 145,
       62, 158, 77, 223, 28, 6, 155, 197, 181, 200, 180, 128, 80, 142,
       42, 188, 44, 164, 89, 54, 60, 13, 218, 177, 183, 175, 16, 64, 231,
       183, 125, 133, 26, 137, 3, 7, 217, 231, 250, 193, 164, 128, 181,
       99, 87, 119, 147, 136, 186, 51, 26, 202, 191, 204, 152, 237, 204,
       214, 171, 208, 255, 93, 207, 247, 205, 3, 162, 254, 184, 52, 15,
       255, 152, 119, 47, 87, 171, 121, 239, 29, 79, 223, 165, 119, 244,
       230, 246, 167, 176, 188, 150, 164, 108, 44, 250, 141, 197, 188,
       245, 202, 118, 47, 246, 128, 111, 188, 253, 253, 79, 242, 188, 24,
       170, 85, 149, 156, 174, 127, 148, 181, 220, 246, 203, 74, 55, 85,
       255, 151, 131, 69, 175, 114, 220, 7, 127, 254, 154, 117, 37, 115,
       93, 213, 189, 191, 172, 102, 223, 184, 222, 243, 139, 19, 223,
       127, 89, 107, 221, 215, 125, 183, 255, 65, 251, 177, 235, 251,
       223, 84, 156, 123, 149, 114, 213, 212, 181, 255, 141, 110, 77,
       172, 222, 115, 131, 18, 215, 127, 57, 107, 209, 87, 57, 107, 121,
       101, 123, 183, 237, 250, 223, 84, 144, 121, 181, 114, 13, 255,
       165, 149, 252, 95, 238, 188, 94, 234, 90, 102, 251, 248, 189, 165,
       223, 110, 54, 111, 245, 240, 127, 191, 46, 95, 237, 212, 206, 253,
       217, 213, 76, 148, 187, 210, 153, 112, 49, 65, 188, 87, 143, 24,
       220, 246, 106, 122, 241, 147, 218, 176, 51, 7, 184, 66, 217, 39,
       158, 125, 128, 98, 167, 114, 37, 49, 255, 215, 180, 238, 227, 148,
       172, 201, 126, 100, 242, 117, 137, 102, 68, 118, 127, 88, 147,
       248, 113, 96, 77, 188, 176, 192, 196, 219, 68, 249, 25, 132, 158,
       188, 29, 60, 154, 106, 222, 5, 202, 3, 255, 250, 56, 194, 216, 99,
       121, 5, 62, 169, 211, 191, 193, 255, 218, 24, 24, 40, 57, 138, 48,
       201, 57, 124, 29, 205, 87, 252, 199, 36, 172, 8, 179, 215, 32, 16,
       136, 242, 66, 74, 74, 43, 122, 61, 243, 220, 1, 56, 80, 25, 70,
       234, 44, 191, 217, 108, 244, 139, 71, 243, 83, 172, 124, 104, 83,
       225, 129, 16, 89, 236, 6, 122, 56, 186, 200, 62, 126, 175, 37,
       120, 249, 235, 214, 160, 142, 172, 22, 178, 189, 251, 48, 227,
       175, 189, 189, 57, 142, 221, 100, 135, 137, 179, 206, 17, 50, 107,
       10, 212, 187, 209, 5, 119, 210, 13, 143, 39, 121, 80, 251, 239,
       70, 108, 103, 22, 97, 66, 126, 38, 115, 55, 131, 112, 114, 236,
