%YAML:1.0
---
descriptors: !!opencv-matrix
   rows: 89
   cols: 32
   dt: u
   data: [ 193, 216, 215, 223, 44, 78, 237, 52, 253, 90, 246, 80, 250,
       51, 180, 111, 96, 244, 126, 74, 225, 229, 115, 227, 21, 186, 210,
       0, 88, 184, 97, 44, 85, 101, 17, 231, 48, 14, 111, 184, 125, 168,
       123, 72, 223, 115, 137, 116, 183, 221, 124, 106, 73, 240, 233,
       254, 173, 254, 39, 20, 0, 179, 3, 33, 190, 82, 38, 172, 105, 87,
       22, 248, 53, 126, 244, 189, 74, 159, 39, 157, 253, 221, 247, 102,
       236, 183, 99, 140, 243, 243, 112, 159, 83, 61, 46, 211, 70, 229,
       244, 222, 191, 129, 186, 174, 223, 176, 24, 131, 236, 234, 93, 6,
       151, 119, 121, 211, 130, 97, 142, 253, 44, 62, 207, 255, 20, 55,
       17, 12, 124, 117, 189, 234, 169, 111, 87, 248, 59, 250, 188, 40,
       223, 127, 73, 48, 149, 221, 253, 114, 235, 67, 251, 186, 251, 223,
       37, 188, 90, 243, 6, 115, 194, 190, 222, 16, 250, 177, 188, 199,
       187, 191, 60, 253, 12, 174, 198, 27, 167, 187, 231, 144, 182, 94,
       134, 82, 30, 22, 127, 235, 141, 196, 175, 223, 6, 165, 148, 147,
       253, 109, 176, 239, 30, 55, 57, 27, 204, 42, 72, 8, 187, 139, 235,
       17, 54, 120, 219, 215, 13, 22, 31, 119, 148, 72, 133, 134, 248,
       72, 214, 244, 78, 10, 124, 180, 185, 146, 178, 154, 127, 43, 21,
       91, 110, 245, 125, 234, 104, 199, 211, 234, 243, 251, 246, 144,
       39, 241, 98, 8, 124, 53, 185, 228, 184, 47, 94, 184, 59, 186, 184,
       72, 223, 127, 73, 48, 151, 221, 125, 114, 169, 67, 219, 30, 251,
       223, 37, 60, 138, 241, 2, 51, 182, 22, 239, 222, 36, 98, 251, 80,
       148, 206, 215, 246, 81, 253, 191, 107, 126, 244, 63, 171, 168,
       167, 44, 202, 82, 43, 234, 128, 181, 251, 116, 113, 61, 117, 57,
       238, 61, 79, 86, 252, 111, 232, 248, 72, 223, 125, 9, 176, 220,
       221, 93, 106, 201, 35, 89, 190, 243, 253, 37, 62, 90, 59, 66, 51,
       246, 168, 218, 180, 253, 45, 88, 202, 187, 179, 186, 25, 143, 234,
       70, 26, 235, 207, 111, 17, 62, 107, 202, 194, 159, 249, 21, 63,
       193, 236, 74, 7, 20, 237, 47, 161, 146, 135, 63, 183, 38, 165,
       154, 135, 151, 39, 18, 0, 39, 199, 93, 253, 218, 153, 21, 61, 232,
       133, 175, 196, 164, 210, 161, 112, 193, 92, 159, 220, 108, 108,
       233, 150, 250, 91, 102, 16, 188, 242, 101, 107, 193, 118, 122, 8,
       161, 101, 243, 227, 5, 186, 82, 8, 200, 113, 97, 40, 222, 177, 50,
       186, 155, 212, 18, 200, 191, 29, 165, 25, 238, 223, 106, 212, 181,
       19, 237, 114, 62, 7, 186, 243, 155, 241, 10, 127, 146, 7, 175, 71,
       120, 221, 103, 236, 157, 70, 86, 125, 101, 128, 234, 3, 99, 121,
       48, 83, 248, 228, 109, 227, 124, 163, 17, 172, 179, 233, 134, 19,
       51, 190, 244, 14, 192, 249, 191, 171, 168, 192, 181, 133, 174,
       157, 130, 49, 180, 255, 96, 66, 192, 119, 123, 81, 18, 9, 179, 99,
       233, 165, 174, 219, 128, 2, 165, 123, 190, 112, 182, 188, 107, 23,
       156, 105, 159, 58, 240, 185, 78, 223, 36, 157, 223, 221, 247, 103,
       108, 199, 67, 218, 146, 122, 93, 187, 86, 188, 171, 215, 187, 138,
       240, 90, 29, 181, 80, 207, 223, 31, 164, 29, 42, 216, 62, 252,
       201, 162, 206, 20, 190, 47, 98, 243, 27, 95, 16, 123, 211, 12,
       252, 79, 1, 161, 17, 241, 236, 205, 160, 143, 30, 121, 17, 120,
       148, 20, 200, 160, 151, 27, 50, 25, 19, 120, 107, 21, 13, 152, 60,
       252, 208, 8, 133, 233, 118, 226, 197, 239, 28, 3, 78, 184, 87,
       176, 243, 202, 99, 105, 93, 8, 89, 204, 117, 243, 170, 242, 207,
       157, 170, 250, 197, 180, 125, 187, 80, 0, 9, 166, 153, 251, 188,
       173, 45, 159, 30, 27, 80, 112, 180, 247, 168, 104, 197, 26, 54,
       24, 51, 92, 99, 55, 205, 151, 62, 232, 152, 200, 129, 169, 206,
       188, 188, 58, 139, 253, 20, 138, 187, 63, 164, 25, 174, 255, 66,
       27, 131, 115, 233, 16, 50, 79, 202, 113, 203, 211, 93, 123, 210,
       69, 143, 11, 198, 34, 219, 69, 224, 106, 232, 66, 235, 242, 178,
       88, 158, 190, 85, 58, 171, 253, 92, 177, 1, 245, 132, 64, 157,
       152, 87, 52, 197, 113, 75, 160, 121, 203, 108, 108, 40, 30, 94,
       60, 225, 200, 190, 237, 123, 103, 146, 247, 22, 228, 252, 238,
       221, 43, 237, 13, 242, 251, 101, 152, 107, 182, 106, 81, 244, 82,
       154, 164, 40, 6, 86, 24, 32, 170, 227, 109, 83, 83, 137, 91, 244,
       212, 109, 226, 204, 215, 201, 8, 210, 227, 227, 149, 32, 243, 118,
       3, 5, 162, 217, 241, 236, 169, 233, 155, 238, 51, 49, 88, 157,
       235, 216, 42, 171, 11, 110, 25, 19, 124, 203, 211, 204, 158, 127,
       116, 212, 200, 193, 161, 118, 64, 150, 132, 77, 110, 242, 72, 169,
       166, 243, 11, 78, 250, 103, 94, 248, 213, 239, 227, 12, 231, 155,
       200, 145, 50, 203, 31, 193, 127, 111, 134, 6, 161, 148, 131, 237,
       107, 184, 73, 47, 181, 185, 27, 204, 26, 92, 8, 187, 159, 111, 49,
       18, 113, 217, 208, 157, 16, 31, 119, 212, 11, 135, 134, 125, 117,
       25, 237, 61, 15, 86, 254, 127, 168, 184, 72, 223, 123, 1, 176,
       220, 213, 92, 106, 201, 98, 81, 30, 243, 255, 37, 62, 74, 185, 74,
       3, 198, 236, 132, 159, 221, 128, 166, 232, 190, 178, 130, 18, 236,
       226, 76, 199, 241, 235, 106, 211, 102, 79, 155, 255, 189, 54, 223,
       107, 0, 48, 41, 14, 125, 61, 25, 101, 184, 15, 92, 187, 127, 168,
       188, 72, 159, 59, 65, 48, 156, 221, 93, 104, 217, 122, 81, 30,
       239, 221, 37, 52, 72, 248, 66, 35, 70, 0, 214, 188, 59, 43, 152,
       72, 159, 163, 240, 9, 207, 235, 37, 202, 215, 117, 111, 49, 36,
       227, 11, 220, 153, 247, 91, 59, 212, 121, 41, 131, 101, 99, 56,
       69, 52, 31, 119, 56, 105, 168, 255, 8, 223, 112, 159, 112, 16,
       196, 76, 106, 201, 176, 233, 76, 231, 189, 37, 52, 64, 178, 71,
       33, 73, 56, 189, 221, 109, 108, 161, 138, 250, 91, 118, 16, 188,
       183, 65, 106, 195, 126, 58, 24, 3, 84, 178, 224, 69, 187, 122, 40,
       192, 113, 37, 171, 11, 186, 17, 153, 252, 141, 168, 255, 30, 121,
       80, 212, 189, 130, 248, 196, 199, 11, 50, 29, 179, 24, 83, 247,
       12, 158, 62, 232, 24, 136, 137, 185, 104, 177, 56, 107, 217, 77,
       81, 141, 11, 53, 45, 25, 214, 23, 74, 16, 153, 26, 193, 48, 90,
       96, 251, 21, 239, 221, 21, 127, 80, 10, 206, 98, 76, 160, 157, 33,
       176, 107, 120, 9, 58, 177, 35, 25, 223, 3, 72, 26, 179, 29, 109,
       49, 18, 80, 217, 64, 205, 209, 63, 117, 128, 2, 135, 32, 216, 254,
       191, 187, 58, 192, 19, 174, 142, 148, 138, 163, 245, 215, 96, 66,
       198, 117, 109, 83, 66, 13, 139, 51, 201, 165, 47, 89, 20, 3, 37,
       123, 142, 141, 148, 151, 201, 126, 188, 175, 190, 183, 74, 17,
       236, 238, 78, 207, 161, 87, 163, 17, 50, 220, 155, 227, 45, 55,
       95, 71, 128, 116, 141, 138, 213, 9, 205, 101, 11, 95, 66, 40, 109,
       160, 167, 8, 219, 51, 17, 242, 56, 196, 104, 110, 25, 240, 253,
       72, 159, 233, 65, 20, 97, 35, 74, 34, 205, 246, 57, 251, 164, 45,
       94, 159, 121, 107, 181, 124, 159, 91, 152, 121, 149, 147, 93, 42,
       235, 36, 233, 243, 231, 223, 180, 188, 10, 208, 202, 33, 77, 231,
       148, 103, 189, 13, 70, 184, 111, 177, 171, 72, 215, 224, 88, 50,
       145, 198, 108, 126, 222, 97, 219, 51, 173, 254, 69, 124, 200, 115,
       203, 4, 5, 167, 217, 225, 252, 169, 233, 223, 110, 49, 57, 90,
       159, 163, 216, 32, 191, 11, 110, 25, 19, 56, 201, 211, 236, 157,
       63, 244, 220, 202, 193, 161, 88, 185, 188, 112, 169, 233, 21, 135,
       171, 61, 172, 41, 174, 183, 66, 26, 131, 147, 237, 16, 10, 75,
       218, 113, 219, 211, 93, 127, 194, 68, 135, 106, 72, 188, 25, 187,
       57, 141, 16, 159, 30, 57, 40, 24, 190, 23, 72, 80, 133, 27, 206,
       16, 34, 40, 83, 55, 231, 213, 48, 122, 80, 8, 131, 43, 125, 71,
       64, 69, 52, 30, 78, 186, 117, 232, 126, 228, 83, 96, 157, 244, 54,
       204, 44, 108, 201, 176, 101, 14, 38, 238, 37, 132, 111, 242, 88,
       37, 118, 76, 214, 156, 77, 102, 116, 74, 169, 134, 242, 11, 78,
       250, 39, 91, 232, 245, 239, 131, 76, 103, 210, 200, 149, 50, 203,
       27, 65, 125, 126, 134, 136, 59, 127, 115, 34, 202, 113, 16, 126,
