%YAML:1.0
---
descriptors: !!opencv-matrix
   rows: 260
   cols: 32
   dt: u
   data: [ 10, 2, 230, 188, 75, 183, 57, 24, 158, 148, 68, 135, 237, 238,
       115, 203, 87, 33, 187, 133, 134, 65, 214, 221, 78, 115, 203, 169,
       22, 173, 61, 212, 64, 238, 154, 59, 250, 173, 118, 246, 182, 31,
       124, 117, 55, 227, 98, 80, 231, 107, 231, 20, 38, 91, 138, 55,
       254, 167, 55, 233, 176, 208, 175, 203, 62, 160, 225, 1, 207, 120,
       241, 74, 27, 245, 161, 155, 2, 204, 94, 15, 249, 140, 211, 53, 30,
       118, 255, 144, 31, 80, 219, 119, 231, 77, 118, 246, 61, 76, 105,
       109, 116, 63, 67, 88, 117, 74, 125, 76, 115, 73, 183, 48, 88, 168,
       22, 174, 137, 182, 124, 31, 70, 205, 160, 4, 127, 171, 82, 224,
       58, 191, 123, 104, 114, 211, 91, 254, 101, 76, 252, 172, 27, 31,
       150, 48, 126, 153, 215, 232, 222, 187, 117, 95, 251, 253, 34, 197,
       99, 128, 102, 251, 249, 248, 123, 106, 52, 159, 83, 240, 113, 136,
       116, 8, 59, 209, 165, 48, 208, 168, 4, 106, 233, 182, 56, 62, 211,
       221, 33, 56, 114, 171, 66, 43, 139, 0, 247, 157, 62, 51, 152, 74,
       95, 224, 82, 226, 232, 56, 181, 172, 158, 61, 178, 13, 165, 254,
       101, 223, 10, 90, 89, 198, 95, 140, 57, 141, 66, 184, 187, 184,
       171, 233, 17, 207, 171, 95, 168, 57, 174, 151, 66, 30, 161, 27,
       233, 16, 18, 79, 178, 241, 153, 212, 26, 123, 128, 68, 167, 123,
       71, 160, 233, 129, 210, 44, 105, 153, 42, 121, 95, 158, 213, 102,
       218, 58, 51, 141, 127, 157, 147, 80, 189, 81, 13, 47, 185, 228,
       173, 194, 131, 112, 211, 221, 23, 158, 27, 132, 154, 160, 172, 72,
       202, 71, 236, 206, 35, 195, 230, 103, 250, 71, 103, 77, 155, 253,
       178, 50, 74, 154, 24, 55, 41, 95, 35, 35, 230, 157, 109, 179, 152,
       76, 143, 148, 216, 167, 104, 234, 246, 198, 220, 45, 187, 181,
       142, 195, 207, 221, 26, 115, 203, 143, 31, 46, 120, 215, 225, 245,
       49, 73, 77, 95, 198, 121, 79, 104, 169, 88, 210, 16, 28, 180, 152,
       0, 90, 42, 203, 39, 120, 23, 39, 216, 1, 62, 90, 42, 210, 164, 75,
       188, 145, 83, 241, 253, 54, 151, 59, 59, 61, 124, 140, 149, 196,
       180, 133, 91, 246, 24, 19, 120, 186, 243, 47, 92, 20, 234, 202,
       14, 139, 191, 8, 104, 106, 241, 77, 217, 225, 64, 228, 180, 164,
       138, 169, 131, 115, 79, 106, 40, 202, 218, 2, 119, 230, 208, 87,
       193, 210, 41, 54, 157, 85, 234, 126, 54, 236, 112, 171, 120, 88,
       2, 235, 255, 191, 189, 74, 252, 222, 186, 167, 213, 253, 151, 156,
       67, 175, 192, 218, 223, 113, 255, 231, 103, 78, 87, 72, 146, 179,
       254, 49, 236, 48, 19, 185, 73, 107, 84, 190, 255, 40, 120, 134,
       59, 189, 0, 147, 152, 178, 195, 199, 245, 26, 74, 138, 64, 133,
       115, 10, 158, 18, 187, 213, 167, 178, 199, 30, 13, 90, 23, 172,
       235, 34, 192, 221, 59, 131, 17, 54, 152, 73, 255, 111, 245, 154,
       67, 146, 78, 189, 203, 79, 122, 241, 5, 104, 63, 139, 152, 43,
       254, 53, 237, 156, 108, 223, 190, 23, 93, 244, 127, 133, 84, 237,
       192, 4, 94, 101, 182, 206, 245, 3, 245, 35, 130, 231, 157, 126,
       55, 128, 127, 95, 225, 90, 238, 96, 104, 180, 173, 95, 236, 178,
       45, 165, 250, 77, 157, 28, 30, 85, 246, 95, 172, 88, 141, 223,
       137, 239, 151, 134, 114, 239, 165, 116, 215, 87, 146, 217, 46,
       154, 107, 99, 231, 59, 223, 177, 216, 45, 226, 253, 43, 254, 193,
       165, 245, 181, 100, 100, 225, 224, 30, 205, 121, 71, 140, 211,
       247, 173, 141, 66, 228, 79, 30, 25, 206, 226, 122, 6, 98, 254, 48,
       127, 16, 69, 63, 211, 255, 214, 254, 212, 115, 189, 52, 162, 11,
       55, 184, 186, 190, 163, 249, 207, 231, 193, 91, 55, 245, 236, 98,
       96, 85, 137, 10, 248, 194, 103, 181, 32, 241, 7, 51, 44, 105, 123,
       97, 116, 219, 103, 48, 225, 164, 255, 8, 215, 81, 0, 176, 26, 244,
       68, 106, 73, 176, 120, 28, 231, 205, 37, 20, 98, 179, 70, 160,
       124, 68, 254, 101, 54, 74, 115, 216, 96, 170, 119, 8, 83, 53, 137,
       123, 58, 212, 108, 122, 40, 181, 169, 12, 247, 235, 101, 20, 227,
       187, 66, 35, 188, 108, 214, 87, 69, 127, 225, 218, 253, 190, 55,
       24, 122, 113, 135, 47, 57, 240, 226, 42, 32, 245, 59, 104, 87,
       219, 85, 1, 227, 249, 110, 162, 54, 135, 108, 27, 220, 99, 231,
       236, 86, 116, 253, 163, 96, 109, 190, 1, 121, 194, 195, 239, 42,
       163, 47, 125, 122, 14, 197, 69, 117, 191, 244, 242, 63, 92, 239,
       103, 215, 127, 255, 248, 21, 234, 127, 203, 89, 125, 29, 33, 61,
       252, 183, 239, 201, 240, 125, 172, 119, 111, 229, 132, 231, 255,
       82, 240, 142, 4, 158, 185, 141, 231, 176, 207, 158, 27, 194, 19,
       236, 218, 40, 203, 233, 27, 235, 145, 38, 197, 3, 226, 205, 22,
       222, 23, 144, 89, 185, 130, 252, 52, 95, 117, 42, 75, 85, 41, 168,
       186, 183, 56, 87, 51, 73, 59, 131, 84, 108, 34, 105, 213, 233, 8,
       221, 203, 97, 53, 96, 234, 70, 35, 199, 169, 239, 151, 186, 144,
       175, 168, 190, 209, 19, 215, 253, 238, 223, 107, 39, 103, 125,
       223, 183, 192, 175, 225, 172, 58, 239, 204, 172, 183, 137, 85, 13,
       49, 233, 33, 162, 58, 43, 16, 42, 225, 71, 228, 221, 6, 219, 58,
       54, 93, 112, 254, 147, 208, 253, 64, 204, 205, 43, 228, 172, 167,
       3, 241, 253, 71, 71, 101, 82, 6, 79, 56, 49, 174, 255, 199, 73,
       39, 147, 213, 124, 196, 37, 238, 232, 210, 193, 142, 246, 239,
       225, 132, 47, 247, 98, 113, 52, 29, 123, 103, 52, 203, 71, 48,
       101, 200, 254, 40, 115, 117, 129, 48, 120, 250, 4, 106, 73, 178,
       104, 46, 247, 141, 37, 17, 99, 187, 70, 43, 152, 249, 90, 234, 48,
       133, 91, 252, 37, 8, 244, 8, 63, 215, 32, 49, 246, 249, 4, 234,
       74, 11, 154, 189, 243, 217, 32, 249, 50, 146, 38, 43, 220, 66,
       254, 100, 3, 46, 115, 88, 33, 174, 247, 2, 95, 59, 9, 91, 54, 212,
       237, 250, 40, 245, 137, 72, 211, 235, 97, 5, 227, 163, 102, 35,
       169, 73, 127, 111, 100, 207, 115, 240, 69, 0, 116, 8, 115, 81,
       177, 49, 58, 248, 6, 106, 193, 178, 46, 61, 103, 137, 96, 8, 115,
       155, 98, 169, 39, 235, 248, 19, 237, 157, 178, 199, 123, 53, 61,
       56, 174, 184, 222, 60, 135, 75, 82, 87, 150, 120, 174, 243, 46,
       28, 20, 127, 218, 220, 203, 205, 79, 124, 225, 5, 226, 62, 188,
       150, 43, 242, 62, 204, 137, 44, 215, 191, 39, 229, 245, 207, 197,
       80, 245, 200, 38, 95, 93, 166, 239, 244, 11, 220, 114, 32, 110,
       108, 78, 192, 73, 8, 161, 21, 194, 1, 3, 139, 22, 90, 224, 165,
       125, 129, 8, 91, 131, 64, 209, 160, 218, 137, 37, 128, 118, 66,
       118, 179, 232, 32, 187, 121, 158, 201, 171, 125, 184, 189, 14,
       236, 222, 26, 167, 215, 253, 85, 158, 107, 174, 240, 186, 81, 45,
       255, 197, 85, 143, 87, 82, 233, 27, 170, 27, 193, 19, 72, 171, 4,
       169, 169, 46, 223, 96, 146, 234, 177, 205, 210, 74, 3, 138, 209,
       219, 245, 11, 123, 48, 3, 39, 107, 45, 76, 107, 111, 116, 175, 99,
       80, 69, 2, 125, 8, 115, 73, 177, 48, 88, 168, 22, 110, 137, 182,
       108, 62, 71, 207, 33, 0, 119, 187, 82, 160, 198, 150, 211, 90,
       243, 112, 62, 205, 59, 195, 105, 246, 76, 231, 236, 220, 55, 91,
       179, 144, 51, 87, 186, 226, 58, 54, 15, 238, 150, 247, 165, 245,
       252, 243, 120, 56, 186, 217, 87, 237, 211, 125, 180, 185, 15, 204,
       90, 19, 143, 147, 205, 117, 254, 111, 234, 55, 251, 193, 37, 253,
       117, 140, 206, 83, 167, 77, 247, 86, 230, 219, 247, 198, 217, 246,
       112, 171, 98, 252, 247, 63, 171, 234, 18, 67, 100, 255, 44, 234,
       50, 26, 69, 35, 229, 121, 246, 206, 53, 109, 27, 230, 202, 77,
       174, 224, 132, 194, 168, 202, 119, 247, 97, 32, 124, 249, 90, 226,
       105, 35, 158, 42, 177, 132, 15, 56, 9, 123, 35, 184, 51, 3, 198,
       173, 63, 147, 152, 72, 30, 164, 208, 231, 201, 234, 54, 192, 218,
       45, 187, 181, 142, 145, 79, 221, 136, 118, 203, 215, 29, 46, 121,
       223, 45, 124, 222, 103, 117, 63, 118, 22, 103, 235, 110, 68, 251,
       81, 5, 184, 153, 104, 50, 58, 135, 244, 113, 40, 103, 223, 21, 0,
       203, 251, 72, 137, 56, 54, 229, 165, 29, 115, 160, 106, 86, 226,
