%YAML:1.0
---
descriptors: !!opencv-matrix
   rows: 188
   cols: 32
   dt: u
   data: [ 216, 248, 49, 250, 27, 205, 19, 164, 190, 72, 128, 24, 191,
       215, 64, 112, 240, 241, 125, 82, 107, 15, 250, 55, 249, 228, 14,
       122, 18, 0, 7, 123, 214, 157, 150, 151, 165, 126, 188, 231, 63,
       55, 218, 19, 236, 62, 110, 206, 233, 215, 174, 145, 126, 253, 25,
       227, 189, 50, 222, 67, 132, 124, 189, 223, 237, 73, 29, 118, 108,
       76, 71, 188, 241, 186, 161, 72, 247, 241, 73, 123, 144, 244, 108,
       106, 105, 103, 250, 40, 243, 251, 101, 60, 66, 187, 66, 40, 108,
       52, 189, 97, 77, 110, 99, 152, 115, 243, 175, 24, 211, 127, 89,
       58, 153, 220, 113, 58, 41, 118, 249, 2, 207, 223, 197, 52, 194,
       243, 86, 242, 24, 238, 75, 163, 50, 66, 107, 190, 54, 101, 26,
       227, 149, 39, 216, 64, 55, 223, 29, 252, 75, 152, 13, 127, 232,
       199, 191, 196, 165, 147, 165, 121, 145, 140, 185, 125, 48, 203,
       67, 151, 86, 41, 238, 16, 179, 17, 160, 112, 81, 62, 12, 8, 43,
       184, 97, 63, 225, 174, 48, 16, 48, 136, 68, 104, 117, 237, 233,
       70, 204, 87, 199, 248, 66, 226, 172, 74, 83, 240, 221, 178, 89,
       196, 80, 122, 201, 99, 255, 58, 59, 143, 229, 60, 121, 251, 210,
       164, 130, 162, 149, 187, 252, 137, 168, 175, 30, 51, 17, 249, 140,
       34, 72, 137, 207, 27, 107, 21, 50, 92, 203, 215, 12, 22, 223, 252,
       148, 72, 129, 136, 211, 75, 70, 196, 14, 18, 78, 32, 229, 178,
       242, 226, 75, 42, 149, 247, 106, 228, 108, 239, 236, 231, 133,
       232, 178, 234, 231, 145, 37, 180, 120, 4, 16, 160, 154, 187, 136,
       237, 49, 79, 190, 19, 160, 17, 183, 183, 72, 26, 169, 27, 105, 16,
       18, 77, 210, 19, 201, 199, 26, 121, 128, 64, 135, 170, 134, 207,
       130, 155, 213, 180, 174, 239, 31, 19, 73, 215, 232, 234, 61, 205,
       221, 107, 147, 215, 118, 220, 10, 255, 44, 118, 222, 2, 159, 127,
       185, 140, 68, 37, 209, 67, 248, 107, 169, 137, 106, 177, 41, 24,
       215, 70, 73, 58, 51, 31, 74, 56, 19, 112, 237, 64, 13, 132, 7,
       100, 192, 99, 135, 224, 144, 165, 157, 185, 152, 171, 81, 7, 174,
       21, 138, 17, 183, 163, 0, 91, 163, 51, 109, 16, 58, 201, 83, 53,
       201, 195, 62, 81, 176, 0, 133, 10, 124, 58, 240, 82, 169, 124, 89,
       147, 163, 189, 181, 56, 11, 151, 203, 190, 7, 214, 213, 24, 26,
       67, 234, 160, 91, 223, 21, 255, 226, 231, 198, 97, 64, 25, 155,
       236, 232, 238, 115, 19, 162, 137, 234, 0, 55, 247, 33, 82, 224,
       255, 109, 0, 0, 139, 146, 9, 215, 165, 34, 8, 160, 98, 102, 43,
       141, 207, 21, 251, 180, 170, 111, 191, 254, 19, 75, 84, 245, 227,
       185, 227, 3, 106, 42, 202, 115, 220, 15, 119, 172, 166, 55, 64,
       152, 243, 129, 40, 81, 33, 251, 64, 176, 198, 91, 83, 123, 201,
       254, 0, 22, 151, 68, 48, 122, 188, 92, 88, 25, 187, 176, 74, 251,
       188, 38, 72, 192, 162, 231, 34, 150, 253, 150, 151, 149, 244, 190,
       231, 190, 159, 250, 19, 236, 254, 110, 207, 233, 247, 175, 147,
       126, 221, 155, 227, 189, 54, 223, 71, 133, 125, 189, 207, 221,
       216, 172, 183, 4, 12, 109, 144, 112, 86, 198, 87, 211, 97, 91, 91,
       101, 196, 125, 79, 232, 212, 219, 35, 196, 235, 228, 4, 44, 249,
       80, 80, 9, 155, 53, 121, 60, 141, 1, 31, 94, 89, 120, 68, 190, 17,
       160, 228, 197, 42, 46, 28, 147, 168, 99, 29, 141, 159, 50, 90, 90,
       8, 193, 41, 120, 93, 30, 110, 25, 214, 82, 48, 228, 0, 175, 0,
       115, 115, 33, 113, 208, 244, 252, 106, 73, 131, 25, 61, 243, 239,
       129, 17, 58, 43, 108, 50, 49, 141, 7, 171, 148, 166, 98, 231, 36,
       1, 234, 70, 115, 34, 32, 240, 120, 238, 10, 248, 59, 155, 81, 45,
       184, 164, 142, 64, 185, 74, 242, 140, 245, 253, 75, 110, 146, 70,
       78, 253, 48, 224, 153, 194, 115, 246, 185, 112, 126, 254, 92, 234,
       249, 131, 189, 47, 249, 173, 173, 188, 37, 243, 226, 57, 58, 171,
       230, 186, 95, 145, 250, 232, 239, 16, 177, 11, 111, 235, 124, 148,
       234, 235, 255, 211, 94, 107, 138, 245, 187, 244, 143, 107, 119,
       47, 122, 134, 212, 48, 189, 112, 168, 110, 81, 18, 186, 191, 167,
       56, 151, 55, 65, 59, 167, 213, 108, 48, 57, 101, 177, 0, 219, 203,
       117, 117, 192, 97, 7, 35, 253, 104, 151, 116, 13, 12, 70, 168,
       251, 178, 160, 8, 247, 209, 65, 187, 128, 244, 104, 106, 72, 103,
       218, 40, 211, 251, 69, 60, 66, 185, 66, 32, 155, 186, 247, 113,
       43, 253, 185, 218, 255, 123, 214, 255, 46, 221, 214, 63, 167, 63,
       253, 21, 191, 223, 163, 241, 219, 123, 121, 146, 207, 197, 55,
       255, 17, 148, 159, 241, 178, 46, 111, 151, 118, 171, 106, 84, 215,
       51, 128, 96, 55, 30, 28, 184, 187, 156, 17, 14, 233, 174, 55, 196,
       168, 224, 129, 33, 85, 28, 159, 237, 146, 166, 71, 51, 244, 138,
       234, 68, 247, 115, 33, 112, 117, 119, 28, 170, 185, 141, 49, 46,
       225, 174, 38, 0, 168, 243, 32, 33, 253, 112, 209, 97, 109, 127,
       67, 152, 83, 250, 181, 92, 219, 83, 201, 191, 93, 220, 84, 250,
       169, 118, 253, 18, 207, 217, 101, 124, 251, 251, 66, 177, 11, 169,
       3, 169, 213, 213, 186, 231, 14, 105, 88, 3, 172, 252, 114, 132,
       248, 43, 147, 213, 23, 154, 26, 245, 173, 84, 158, 235, 159, 14,
       185, 222, 41, 171, 25, 233, 252, 205, 67, 159, 86, 9, 92, 96, 183,
       149, 200, 96, 80, 26, 6, 88, 19, 56, 99, 55, 237, 141, 52, 120,
       16, 136, 212, 233, 247, 121, 123, 66, 109, 93, 95, 240, 161, 232,
       189, 8, 26, 221, 101, 55, 140, 240, 221, 110, 201, 35, 186, 168,
       243, 217, 5, 58, 75, 191, 86, 119, 241, 253, 233, 124, 156, 15,
       199, 190, 82, 226, 160, 78, 115, 120, 213, 33, 89, 236, 112, 111,
       237, 110, 255, 63, 185, 142, 229, 60, 121, 184, 210, 124, 27, 141,
       14, 187, 145, 246, 126, 167, 182, 73, 202, 5, 236, 250, 34, 192,
       209, 43, 187, 149, 31, 152, 27, 255, 169, 247, 158, 195, 152, 70,
       169, 26, 13, 253, 185, 67, 240, 175, 111, 191, 110, 233, 126, 68,
       247, 247, 201, 212, 21, 110, 54, 28, 211, 184, 249, 51, 111, 191,
       53, 68, 218, 242, 194, 249, 18, 255, 191, 180, 178, 210, 61, 231,
       190, 223, 90, 163, 173, 191, 98, 128, 167, 127, 167, 129, 83, 217,
       162, 253, 185, 231, 127, 139, 164, 112, 165, 251, 16, 207, 179,
       255, 214, 134, 175, 247, 126, 9, 90, 70, 124, 202, 48, 64, 247,
       107, 3, 205, 243, 152, 0, 255, 117, 174, 190, 128, 57, 16, 177,
       169, 24, 207, 91, 175, 114, 194, 175, 238, 52, 64, 90, 226, 121,
       102, 160, 96, 126, 255, 23, 227, 65, 152, 45, 127, 252, 166, 174,
       128, 61, 178, 165, 152, 206, 237, 162, 146, 253, 117, 190, 238,
       169, 158, 157, 27, 236, 254, 111, 135, 249, 243, 203, 227, 116, 7,
       218, 235, 191, 86, 207, 63, 146, 127, 191, 198, 112, 176, 191,
       120, 137, 236, 81, 79, 235, 153, 164, 24, 182, 243, 64, 58, 129,
       178, 108, 24, 27, 107, 242, 0, 219, 187, 84, 123, 192, 64, 231,
       34, 111, 120, 229, 67, 109, 63, 206, 152, 91, 250, 150, 76, 218,
       24, 223, 175, 221, 196, 252, 127, 141, 116, 253, 162, 14, 90, 197,
       182, 206, 255, 90, 117, 212, 223, 95, 245, 170, 74, 31, 180, 160,
       190, 134, 160, 247, 119, 128, 115, 38, 119, 125, 226, 121, 201,
       161, 45, 225, 163, 111, 144, 36, 177, 133, 57, 52, 165, 236, 33,
       220, 99, 198, 239, 70, 181, 168, 10, 67, 105, 92, 18, 121, 206,
       66, 248, 26, 186, 77, 61, 61, 132, 133, 117, 225, 122, 246, 130,
       114, 105, 249, 68, 207, 81, 215, 238, 67, 164, 172, 10, 34, 188,
       71, 54, 232, 250, 192, 66, 76, 43, 254, 168, 115, 76, 5, 59, 115,
       122, 86, 238, 40, 140, 145, 253, 125, 237, 225, 47, 94, 27, 104,
       24, 182, 51, 0, 96, 193, 26, 50, 8, 51, 40, 115, 55, 197, 255, 48,
       56, 80, 72, 193, 170, 39, 235, 165, 71, 237, 61, 71, 152, 203,
       249, 61, 76, 234, 105, 95, 190, 205, 66, 114, 94, 139, 98, 250,
       241, 15, 28, 197, 62, 219, 255, 82, 228, 90, 33, 116, 236, 15, 29,
       216, 72, 239, 160, 161, 10, 207, 203, 89, 134, 106, 165, 123, 203,
       72, 39, 215, 208, 211, 249, 139, 57, 119, 174, 115, 2, 89, 213,
