%YAML:1.0
---
descriptors: !!opencv-matrix
   rows: 251
   cols: 32
   dt: u
   data: [ 46, 178, 230, 137, 125, 119, 184, 202, 31, 93, 220, 167, 200,
       205, 62, 140, 223, 153, 223, 181, 134, 227, 123, 213, 23, 87, 155,
       223, 151, 79, 61, 215, 52, 23, 88, 234, 116, 239, 82, 120, 37, 12,
       125, 11, 119, 219, 34, 16, 248, 184, 7, 98, 30, 50, 88, 29, 243,
       205, 33, 105, 113, 139, 110, 147, 57, 106, 105, 230, 118, 27, 75,
       112, 65, 104, 245, 238, 51, 9, 177, 48, 122, 168, 21, 110, 201,
       178, 100, 156, 242, 201, 161, 176, 127, 171, 114, 161, 249, 38,
       105, 236, 60, 3, 203, 121, 97, 104, 245, 238, 27, 9, 144, 49, 126,
       136, 20, 237, 201, 167, 100, 158, 242, 201, 162, 188, 127, 170,
       114, 177, 87, 99, 218, 69, 230, 18, 172, 220, 123, 226, 118, 230,
       25, 10, 215, 254, 63, 205, 54, 223, 197, 118, 133, 192, 22, 13,
       119, 164, 239, 245, 107, 141, 79, 94, 193, 193, 224, 32, 107, 146,
       51, 234, 126, 228, 25, 39, 209, 252, 119, 252, 55, 158, 129, 18,
       229, 226, 14, 156, 183, 164, 174, 243, 96, 241, 6, 147, 59, 235,
       180, 197, 187, 249, 78, 77, 89, 70, 144, 220, 124, 32, 252, 25,
       23, 209, 211, 184, 127, 247, 77, 28, 170, 204, 93, 11, 245, 247,
       131, 169, 249, 213, 230, 152, 252, 55, 123, 99, 86, 214, 189, 172,
       212, 168, 175, 63, 55, 141, 183, 252, 230, 227, 14, 127, 254, 226,
       207, 132, 219, 205, 65, 233, 174, 53, 156, 206, 217, 166, 198,
       253, 138, 13, 183, 44, 82, 107, 128, 100, 121, 93, 156, 233, 243,
       40, 233, 111, 253, 16, 192, 57, 208, 90, 57, 222, 111, 252, 46,
       131, 79, 123, 85, 202, 214, 230, 115, 233, 185, 97, 127, 236, 62,
       175, 233, 235, 47, 159, 242, 239, 255, 152, 61, 232, 112, 57, 154,
       82, 166, 189, 43, 82, 57, 21, 165, 220, 214, 183, 141, 7, 34, 207,
       102, 61, 191, 193, 40, 221, 227, 193, 215, 241, 250, 193, 54, 164,
       45, 219, 158, 255, 235, 214, 246, 114, 175, 252, 49, 206, 221,
       247, 105, 236, 255, 165, 127, 250, 151, 239, 245, 119, 172, 239,
       58, 71, 175, 175, 167, 247, 255, 245, 11, 50, 38, 184, 125, 215,
       184, 104, 204, 204, 213, 167, 137, 204, 54, 161, 238, 169, 223,
       181, 134, 171, 119, 220, 30, 91, 186, 203, 95, 14, 125, 215, 159,
       222, 198, 158, 143, 50, 158, 252, 213, 218, 145, 247, 73, 104,
       191, 207, 127, 197, 252, 231, 237, 199, 15, 234, 186, 98, 207,
       159, 63, 255, 185, 85, 206, 252, 148, 151, 237, 244, 188, 174,
       191, 159, 11, 17, 236, 254, 106, 207, 135, 119, 187, 147, 118, 76,
       155, 243, 13, 22, 223, 203, 146, 116, 173, 143, 155, 76, 111, 221,
       71, 246, 237, 103, 149, 66, 198, 147, 57, 174, 52, 97, 108, 171,
       19, 141, 105, 159, 52, 202, 19, 43, 218, 0, 55, 212, 48, 248, 222,
       30, 246, 177, 166, 250, 176, 19, 249, 242, 22, 247, 157, 62, 195,
       107, 167, 247, 189, 145, 181, 220, 165, 202, 222, 227, 127, 194,
       174, 228, 173, 83, 134, 232, 182, 155, 109, 213, 184, 200, 143,
       252, 80, 7, 204, 206, 127, 2, 254, 105, 187, 215, 6, 115, 218,
       241, 31, 16, 203, 239, 21, 63, 61, 214, 253, 245, 233, 198, 254,
       19, 79, 248, 83, 234, 188, 238, 91, 108, 151, 164, 95, 196, 214,
       110, 237, 243, 237, 142, 58, 79, 165, 180, 239, 255, 90, 245, 17,
       201, 91, 111, 54, 10, 238, 53, 100, 64, 254, 70, 243, 32, 144,
       112, 122, 236, 20, 234, 205, 184, 117, 47, 228, 173, 162, 128,
       109, 178, 235, 168, 154, 95, 70, 188, 22, 210, 62, 119, 181, 64,
       222, 231, 41, 174, 162, 197, 110, 247, 174, 196, 237, 153, 4, 239,
       178, 227, 234, 131, 47, 156, 60, 95, 37, 70, 105, 232, 124, 43,
       75, 91, 69, 104, 252, 236, 19, 9, 181, 120, 220, 136, 23, 44, 137,
       51, 96, 158, 118, 221, 161, 180, 158, 234, 82, 177, 10, 126, 123,
       225, 114, 233, 185, 87, 173, 79, 126, 245, 173, 31, 196, 106, 38,
       59, 207, 145, 147, 184, 165, 192, 198, 213, 58, 131, 198, 208,
       135, 249, 89, 188, 185, 248, 157, 253, 81, 199, 223, 113, 172, 24,
       190, 189, 96, 56, 129, 187, 218, 16, 27, 43, 178, 243, 219, 221,
       17, 123, 218, 72, 133, 122, 88, 185, 150, 186, 139, 205, 16, 73,
       171, 17, 160, 8, 190, 243, 96, 156, 166, 179, 204, 16, 27, 75,
       154, 241, 219, 247, 83, 123, 218, 2, 175, 19, 43, 50, 240, 77,
       125, 221, 249, 80, 75, 109, 116, 46, 168, 156, 214, 244, 206, 172,
       214, 92, 135, 58, 228, 212, 22, 121, 146, 235, 95, 141, 90, 213,
       126, 247, 160, 162, 187, 57, 94, 168, 19, 189, 157, 189, 207, 110,
       202, 155, 151, 205, 237, 247, 190, 67, 207, 145, 186, 215, 175,
       255, 182, 119, 143, 87, 150, 92, 191, 213, 42, 102, 189, 56, 188,
       210, 147, 214, 220, 95, 53, 107, 231, 117, 121, 227, 225, 197, 27,
       234, 193, 186, 219, 128, 140, 113, 37, 179, 124, 85, 121, 109,
       114, 79, 119, 56, 37, 172, 127, 108, 215, 87, 137, 112, 22, 212,
       108, 106, 73, 176, 121, 14, 229, 174, 33, 148, 106, 179, 70, 51,
       108, 99, 136, 165, 44, 10, 79, 152, 35, 174, 143, 169, 195, 97,
       219, 18, 16, 196, 109, 110, 72, 208, 201, 8, 236, 245, 101, 181,
       36, 242, 86, 64, 190, 83, 230, 68, 53, 22, 222, 120, 65, 236, 247,
       175, 75, 77, 191, 246, 126, 212, 149, 239, 204, 179, 37, 200, 179,
       121, 193, 151, 103, 191, 124, 87, 46, 187, 228, 33, 239, 83, 184,
       24, 199, 253, 149, 239, 136, 61, 214, 142, 14, 199, 255, 213, 158,
       104, 207, 208, 14, 80, 205, 247, 255, 47, 30, 215, 230, 113, 96,
       142, 125, 85, 158, 232, 143, 204, 177, 11, 108, 220, 127, 3, 248,
       209, 223, 231, 102, 35, 218, 253, 55, 16, 143, 187, 21, 63, 119,
       214, 62, 81, 102, 236, 61, 87, 222, 120, 69, 204, 253, 143, 107,
       109, 55, 52, 254, 240, 213, 231, 204, 163, 117, 157, 179, 217,
       129, 155, 119, 191, 126, 87, 94, 19, 42, 168, 251, 241, 184, 89,
       7, 77, 223, 163, 205, 223, 42, 192, 254, 149, 191, 177, 158, 139,
       243, 213, 219, 245, 138, 219, 182, 15, 61, 83, 56, 180, 185, 248,
       251, 253, 81, 203, 187, 83, 189, 56, 158, 253, 72, 56, 171, 155,
       213, 17, 27, 111, 250, 211, 219, 215, 20, 127, 242, 64, 167, 242,
       242, 249, 26, 162, 41, 221, 26, 228, 43, 172, 176, 41, 175, 158,
       66, 148, 230, 249, 253, 83, 78, 11, 226, 181, 187, 209, 14, 251,
       0, 14, 15, 79, 8, 217, 30, 252, 36, 196, 125, 182, 173, 8, 116, 0,
       191, 55, 32, 80, 230, 51, 21, 72, 82, 136, 50, 125, 227, 255, 118,
       128, 48, 144, 173, 27, 32, 249, 123, 73, 100, 207, 239, 252, 70,
       36, 116, 14, 51, 149, 245, 48, 90, 152, 18, 106, 194, 178, 112,
       61, 119, 140, 33, 44, 119, 154, 118, 248, 55, 247, 232, 234, 238,
       1, 206, 216, 83, 74, 249, 239, 83, 200, 255, 32, 127, 200, 23,
       239, 203, 50, 76, 178, 116, 12, 173, 188, 125, 251, 242, 241, 58,
       255, 121, 172, 58, 193, 157, 119, 141, 76, 216, 239, 172, 159,
       164, 0, 206, 187, 223, 65, 203, 11, 224, 245, 240, 245, 186, 187,
       92, 28, 167, 251, 108, 231, 152, 103, 52, 15, 86, 184, 59, 172,
       62, 13, 223, 105, 74, 16, 156, 76, 229, 110, 204, 240, 201, 46,
       238, 221, 37, 53, 74, 186, 78, 211, 218, 114, 118, 220, 107, 84,
       120, 85, 53, 92, 215, 183, 12, 151, 162, 221, 126, 149, 191, 224,
       232, 215, 179, 192, 215, 121, 218, 135, 54, 132, 44, 119, 202,
       222, 182, 151, 227, 178, 190, 183, 191, 247, 30, 181, 236, 174,
       230, 207, 167, 119, 191, 151, 183, 93, 171, 227, 110, 87, 127,
       198, 134, 245, 173, 253, 253, 223, 233, 76, 246, 50, 207, 252, 83,
       238, 252, 239, 113, 105, 191, 101, 127, 230, 55, 239, 253, 114,
       237, 190, 126, 111, 229, 172, 255, 255, 242, 213, 184, 156, 60,
       216, 29, 213, 145, 103, 215, 14, 196, 18, 38, 153, 38, 65, 200,
       58, 138, 0, 122, 47, 114, 191, 211, 209, 146, 123, 18, 8, 252,
       170, 133, 142, 21, 159, 188, 7, 175, 171, 158, 154, 154, 118, 244,
       114, 168, 65, 119, 115, 122, 171, 113, 141, 75, 127, 44, 38, 239,
       212, 28, 40, 49, 1, 215, 94, 229, 151, 143, 50, 142, 136, 215,
