%YAML:1.0
---
descriptors: !!opencv-matrix
   rows: 137
   cols: 32
   dt: u
   data: [ 218, 184, 188, 250, 169, 253, 17, 207, 187, 31, 165, 25, 174,
       223, 110, 58, 201, 147, 239, 16, 58, 79, 250, 243, 219, 211, 90,
       127, 146, 64, 175, 51, 187, 126, 122, 184, 117, 151, 254, 230,
       221, 74, 112, 207, 45, 140, 55, 144, 174, 187, 151, 197, 231, 191,
       16, 255, 179, 223, 42, 171, 93, 20, 43, 223, 250, 28, 253, 92,
       255, 117, 145, 75, 219, 247, 180, 191, 14, 188, 103, 63, 199, 51,
       253, 1, 180, 111, 50, 218, 83, 123, 81, 191, 215, 108, 84, 95,
       188, 95, 127, 111, 50, 106, 103, 120, 117, 142, 255, 32, 115, 117,
       165, 112, 122, 248, 6, 106, 104, 180, 105, 14, 247, 239, 32, 0,
       115, 251, 102, 225, 248, 116, 113, 108, 45, 109, 83, 88, 67, 106,
       177, 8, 91, 93, 13, 49, 216, 145, 93, 34, 41, 39, 249, 159, 243,
       221, 1, 62, 115, 171, 102, 51, 176, 49, 21, 236, 79, 111, 81, 89,
       143, 232, 245, 10, 150, 151, 0, 126, 232, 156, 126, 40, 11, 39,
       243, 208, 213, 176, 3, 62, 82, 11, 5, 163, 122, 177, 234, 64, 75,
       117, 217, 95, 235, 109, 188, 175, 10, 188, 118, 52, 189, 147, 245,
       129, 158, 43, 182, 209, 91, 93, 129, 255, 195, 70, 254, 95, 161,
       61, 121, 101, 244, 78, 111, 55, 121, 232, 126, 8, 179, 51, 144,
       48, 30, 190, 84, 40, 249, 184, 241, 14, 231, 191, 36, 0, 74, 226,
       198, 185, 70, 188, 191, 191, 188, 199, 183, 236, 158, 191, 70, 21,
       244, 255, 107, 75, 209, 127, 123, 3, 114, 73, 251, 63, 239, 231,
       255, 123, 144, 112, 133, 251, 158, 188, 254, 190, 251, 243, 183,
       239, 158, 215, 95, 179, 108, 254, 235, 11, 191, 123, 235, 147,
       118, 233, 174, 255, 122, 71, 95, 239, 191, 125, 173, 211, 42, 172,
       148, 154, 125, 253, 146, 236, 159, 29, 169, 9, 238, 252, 110, 133,
       201, 83, 235, 3, 6, 107, 218, 245, 159, 22, 90, 123, 210, 79, 77,
       206, 173, 92, 250, 125, 228, 254, 127, 146, 121, 238, 126, 164,
       159, 191, 183, 120, 70, 253, 53, 78, 241, 188, 52, 234, 103, 255,
       97, 128, 102, 249, 68, 241, 9, 211, 61, 175, 46, 78, 255, 188, 76,
       126, 31, 166, 255, 124, 154, 35, 150, 85, 189, 111, 193, 112, 63,
       189, 228, 235, 111, 132, 94, 190, 133, 113, 189, 29, 122, 234,
       247, 124, 250, 242, 113, 205, 124, 171, 25, 63, 183, 240, 254,
       219, 151, 253, 180, 186, 180, 174, 127, 237, 166, 233, 231, 255,
       126, 251, 187, 220, 107, 95, 102, 16, 237, 116, 121, 66, 119, 246,
       121, 172, 182, 225, 126, 237, 55, 239, 229, 190, 174, 235, 54,
       107, 250, 128, 111, 190, 114, 253, 254, 80, 255, 232, 173, 23,
       223, 220, 143, 234, 148, 123, 94, 189, 245, 42, 207, 213, 253,
       247, 233, 39, 115, 194, 243, 223, 237, 190, 215, 189, 54, 115,
       164, 64, 146, 188, 77, 130, 132, 68, 148, 130, 208, 18, 196, 201,
       33, 72, 216, 232, 2, 48, 104, 167, 66, 138, 209, 166, 134, 9, 21,
       56, 48, 130, 10, 213, 32, 137, 213, 215, 190, 175, 29, 5, 90, 19,
       236, 110, 62, 196, 217, 27, 147, 161, 86, 184, 89, 255, 45, 52,
       142, 71, 22, 14, 189, 222, 200, 137, 189, 251, 173, 236, 117, 167,
       255, 59, 166, 16, 158, 185, 64, 91, 129, 87, 123, 88, 114, 105,
       251, 177, 239, 251, 86, 91, 210, 88, 197, 42, 172, 144, 189, 247,
       237, 124, 253, 159, 83, 251, 118, 17, 219, 61, 94, 107, 205, 86,
       183, 24, 187, 252, 251, 160, 79, 251, 244, 69, 203, 216, 212, 251,
       255, 191, 230, 156, 220, 55, 206, 251, 87, 226, 222, 222, 91, 232,
       191, 228, 93, 238, 54, 175, 253, 243, 253, 191, 122, 62, 197, 148,
       255, 252, 248, 85, 188, 116, 121, 109, 120, 79, 79, 56, 83, 232,
       245, 8, 83, 23, 137, 49, 92, 220, 87, 106, 233, 182, 121, 30, 231,
       201, 33, 180, 115, 187, 70, 241, 173, 253, 237, 101, 228, 126,
       239, 190, 115, 250, 126, 148, 217, 45, 159, 183, 91, 206, 53, 239,
       253, 240, 253, 170, 110, 111, 229, 132, 239, 247, 218, 244, 188,
       79, 126, 111, 179, 122, 87, 113, 117, 134, 255, 170, 123, 117,
       131, 117, 126, 244, 236, 106, 104, 183, 105, 14, 243, 239, 101, 1,
       99, 251, 110, 99, 143, 190, 197, 27, 234, 184, 188, 159, 190, 91,
       90, 245, 236, 230, 140, 157, 167, 107, 247, 149, 183, 92, 143,
       247, 110, 55, 127, 202, 142, 213, 139, 145, 206, 255, 151, 118,
       185, 98, 71, 191, 251, 191, 155, 125, 206, 251, 205, 146, 145, 87,
       237, 115, 251, 71, 138, 42, 168, 246, 125, 191, 138, 115, 158, 27,
       254, 237, 148, 98, 217, 123, 70, 238, 243, 190, 189, 88, 74, 225,
       93, 150, 145, 214, 237, 123, 121, 71, 155, 62, 185, 223, 101, 255,
       203, 119, 138, 35, 22, 174, 254, 189, 186, 195, 187, 234, 158,
       255, 214, 163, 109, 255, 171, 65, 63, 253, 255, 177, 54, 217, 15,
       223, 250, 231, 127, 231, 181, 168, 37, 211, 110, 248, 180, 186,
       61, 253, 146, 200, 143, 61, 173, 9, 238, 220, 110, 150, 137, 219,
       235, 83, 14, 35, 90, 245, 155, 212, 9, 127, 210, 31, 143, 70, 196,
       232, 190, 254, 109, 253, 113, 206, 255, 155, 165, 16, 252, 251,
       73, 123, 193, 115, 123, 26, 34, 101, 250, 241, 223, 251, 215, 59,
       208, 113, 83, 170, 200, 233, 190, 251, 141, 205, 116, 167, 255,
       63, 166, 24, 190, 187, 64, 91, 129, 119, 234, 80, 114, 105, 155,
       177, 239, 251, 86, 123, 210, 88, 197, 42, 108, 113, 57, 101, 48,
       78, 119, 184, 105, 168, 127, 8, 215, 23, 137, 16, 148, 84, 76,
       106, 65, 176, 249, 12, 231, 253, 37, 4, 64, 179, 70, 163, 17, 140,
       107, 218, 212, 166, 235, 247, 87, 73, 222, 70, 113, 239, 180, 96,
       121, 170, 22, 188, 155, 155, 44, 255, 126, 175, 170, 192, 181,
       202, 240, 248, 118, 250, 238, 22, 110, 88, 187, 240, 169, 222,
       183, 231, 108, 204, 183, 19, 174, 245, 255, 199, 196, 231, 174,
       232, 86, 115, 110, 131, 69, 183, 103, 223, 19, 223, 10, 189, 50,
       130, 186, 230, 62, 69, 90, 231, 172, 134, 50, 64, 102, 43, 179,
       197, 230, 152, 6, 255, 228, 38, 186, 129, 28, 20, 41, 89, 127,
       179, 61, 250, 239, 53, 153, 121, 139, 90, 181, 110, 92, 95, 92,
       42, 239, 147, 223, 177, 147, 35, 234, 209, 219, 89, 235, 254, 223,
       38, 35, 243, 248, 248, 25, 112, 203, 205, 85, 247, 51, 50, 164,
       24, 63, 159, 64, 49, 129, 187, 213, 66, 123, 111, 242, 51, 251,
       209, 84, 123, 114, 16, 134, 186, 188, 29, 112, 235, 245, 118, 250,
       252, 113, 220, 253, 163, 123, 63, 27, 241, 126, 223, 151, 255,
       188, 250, 125, 172, 239, 249, 230, 225, 247, 239, 126, 219, 126,
       92, 242, 230, 101, 125, 254, 132, 173, 46, 186, 11, 110, 127, 63,
       220, 255, 215, 255, 99, 44, 35, 89, 251, 183, 254, 194, 147, 247,
       255, 77, 79, 230, 53, 114, 130, 237, 125, 254, 65, 137, 132, 185,
       27, 140, 156, 86, 146, 234, 145, 223, 19, 84, 231, 216, 226, 189,
       16, 142, 235, 197, 15, 247, 199, 138, 220, 50, 159, 123, 208, 188,
       230, 191, 70, 94, 163, 172, 222, 39, 196, 230, 123, 179, 193, 102,
       156, 50, 255, 39, 119, 154, 139, 22, 20, 45, 223, 43, 220, 98, 31,
       85, 223, 178, 226, 95, 68, 92, 2, 168, 220, 183, 164, 216, 43,
       146, 71, 231, 190, 124, 255, 39, 94, 10, 35, 87, 31, 125, 220, 57,
       207, 107, 222, 148, 147, 207, 247, 213, 192, 220, 66, 113, 232,
       181, 96, 120, 234, 22, 206, 233, 171, 46, 191, 114, 239, 167, 136,
       55, 251, 240, 236, 165, 255, 201, 254, 220, 47, 230, 252, 222,
       170, 185, 94, 251, 105, 249, 163, 125, 198, 94, 111, 241, 99, 204,
       254, 62, 159, 231, 188, 253, 251, 210, 160, 158, 122, 224, 226,
       95, 245, 91, 220, 87, 254, 148, 167, 41, 159, 247, 172, 111, 217,
       159, 210, 175, 39, 62, 242, 219, 217, 175, 191, 183, 213, 44, 127,
       189, 95, 117, 69, 52, 15, 239, 184, 116, 234, 246, 100, 211, 81,
       149, 117, 94, 212, 124, 110, 233, 180, 109, 46, 100, 234, 97, 148,
       111, 187, 82, 97, 149, 95, 109, 231, 36, 30, 110, 56, 116, 234,
       115, 230, 211, 92, 145, 225, 126, 228, 62, 238, 237, 180, 109, 44,
       164, 171, 227, 132, 109, 187, 81, 49, 173, 118, 253, 101, 108, 47,
