%YAML:1.0
---
descriptors: !!opencv-matrix
   rows: 244
   cols: 32
   dt: u
   data: [ 73, 192, 214, 71, 17, 90, 227, 33, 228, 9, 239, 0, 114, 240,
       172, 246, 48, 228, 106, 8, 21, 185, 53, 77, 10, 174, 64, 64, 203,
       162, 224, 36, 128, 34, 133, 177, 100, 168, 168, 19, 46, 19, 82,
       241, 157, 131, 208, 203, 98, 11, 63, 157, 19, 220, 199, 192, 196,
       176, 250, 224, 12, 128, 129, 169, 24, 188, 63, 116, 49, 253, 117,
       119, 237, 77, 110, 24, 190, 191, 34, 49, 166, 51, 221, 0, 34, 233,
       50, 79, 243, 219, 22, 11, 66, 64, 135, 107, 180, 84, 255, 123,
       195, 228, 112, 214, 54, 91, 115, 83, 85, 31, 41, 120, 239, 187,
       55, 146, 51, 212, 89, 115, 71, 239, 114, 66, 249, 81, 228, 147,
       124, 17, 250, 236, 249, 110, 83, 25, 169, 140, 237, 48, 95, 215,
       35, 90, 114, 116, 173, 58, 16, 135, 168, 10, 211, 253, 37, 89,
       130, 227, 230, 99, 210, 152, 190, 151, 228, 68, 189, 231, 62, 63,
       210, 19, 244, 62, 110, 75, 231, 215, 59, 145, 50, 223, 59, 227,
       157, 54, 222, 198, 132, 88, 181, 127, 23, 94, 235, 201, 182, 54,
       239, 222, 86, 72, 220, 230, 17, 196, 183, 108, 127, 200, 31, 253,
       139, 147, 45, 219, 112, 44, 175, 204, 189, 243, 112, 245, 154, 94,
       62, 188, 46, 197, 157, 118, 148, 14, 214, 51, 127, 253, 35, 1,
       237, 177, 255, 131, 104, 167, 2, 187, 243, 231, 122, 153, 117,
       248, 45, 91, 21, 134, 107, 225, 150, 171, 105, 87, 100, 97, 78,
       150, 19, 9, 48, 104, 111, 138, 27, 156, 155, 184, 53, 214, 221,
       207, 146, 68, 189, 200, 240, 40, 161, 51, 233, 199, 228, 29, 239,
       117, 82, 234, 85, 238, 241, 45, 214, 32, 94, 110, 55, 143, 193,
       246, 236, 42, 100, 15, 255, 160, 45, 250, 209, 249, 131, 165, 12,
       154, 28, 133, 154, 233, 206, 240, 153, 74, 245, 200, 126, 32, 155,
       35, 122, 95, 231, 103, 94, 95, 108, 28, 43, 188, 92, 138, 25, 140,
       163, 3, 42, 63, 21, 159, 234, 103, 116, 69, 251, 151, 34, 137, 54,
       128, 120, 43, 195, 141, 212, 185, 20, 95, 119, 45, 26, 1, 69, 12,
       251, 202, 25, 211, 60, 237, 47, 86, 159, 249, 85, 110, 213, 167,
       255, 125, 154, 37, 158, 83, 181, 111, 201, 97, 111, 157, 243, 219,
       107, 149, 127, 254, 13, 123, 177, 83, 106, 108, 166, 3, 253, 125,
       116, 78, 244, 246, 83, 140, 190, 33, 126, 137, 23, 231, 249, 167,
       36, 10, 242, 233, 226, 140, 125, 184, 242, 241, 191, 29, 110, 250,
       157, 182, 203, 112, 213, 192, 199, 22, 113, 251, 50, 97, 76, 162,
       27, 189, 185, 131, 118, 158, 219, 235, 138, 72, 191, 169, 112,
       112, 8, 150, 49, 235, 178, 228, 57, 63, 63, 93, 95, 244, 188, 215,
       168, 112, 215, 27, 143, 144, 147, 152, 121, 87, 236, 244, 58, 198,
       154, 130, 165, 123, 129, 40, 101, 65, 100, 217, 160, 2, 76, 113,
       114, 82, 129, 136, 212, 237, 106, 40, 50, 25, 151, 184, 103, 192,
       4, 24, 146, 64, 213, 8, 81, 172, 190, 255, 35, 178, 205, 253, 119,
       197, 133, 94, 217, 187, 11, 125, 91, 11, 233, 219, 223, 195, 122,
       55, 232, 162, 247, 193, 236, 171, 179, 127, 180, 243, 72, 133,
       253, 229, 162, 10, 125, 55, 57, 130, 106, 128, 253, 51, 16, 83,
       54, 247, 125, 168, 208, 216, 145, 74, 228, 175, 118, 0, 36, 240,
       227, 40, 229, 68, 173, 111, 140, 111, 199, 63, 82, 123, 229, 24,
       215, 125, 25, 123, 217, 86, 93, 47, 184, 98, 249, 26, 229, 235,
       101, 60, 208, 121, 210, 242, 92, 57, 251, 101, 242, 110, 123, 18,
       40, 140, 126, 32, 255, 55, 193, 112, 54, 127, 53, 88, 145, 152,
       177, 40, 239, 237, 39, 128, 160, 227, 71, 123, 103, 122, 210, 65,
       226, 50, 170, 210, 123, 235, 126, 230, 25, 58, 253, 252, 127, 205,
       54, 156, 133, 182, 173, 226, 30, 15, 55, 134, 239, 243, 107, 157,
       35, 141, 107, 94, 93, 215, 178, 96, 94, 68, 124, 2, 32, 232, 55,
       32, 216, 122, 18, 75, 182, 170, 126, 255, 39, 28, 130, 43, 85, 47,
       116, 204, 111, 28, 225, 195, 226, 96, 107, 146, 43, 203, 123, 230,
       89, 55, 221, 252, 127, 158, 55, 158, 147, 146, 237, 226, 30, 60,
       162, 196, 175, 227, 102, 245, 104, 83, 58, 172, 60, 195, 83, 120,
       71, 236, 223, 235, 87, 253, 163, 32, 220, 244, 111, 99, 201, 163,
       105, 31, 248, 149, 37, 189, 84, 187, 84, 113, 3, 223, 10, 189, 55,
       146, 186, 230, 60, 65, 82, 231, 172, 202, 50, 192, 246, 107, 147,
       197, 231, 152, 7, 255, 36, 55, 154, 195, 28, 4, 57, 221, 53, 222,
       105, 233, 54, 35, 75, 218, 87, 105, 248, 238, 83, 125, 189, 48,
       127, 200, 22, 252, 139, 178, 109, 191, 250, 239, 161, 212, 253,
       235, 112, 241, 166, 46, 246, 240, 229, 250, 220, 135, 121, 183,
       178, 27, 142, 172, 86, 29, 171, 239, 231, 17, 60, 254, 192, 230,
       143, 222, 85, 83, 199, 109, 223, 135, 251, 115, 122, 204, 108, 21,
       253, 119, 45, 76, 244, 174, 30, 30, 182, 48, 110, 149, 223, 237,
       201, 47, 224, 192, 242, 249, 170, 187, 111, 148, 235, 253, 17,
       140, 45, 227, 151, 237, 105, 135, 102, 113, 74, 18, 147, 11, 112,
       104, 105, 138, 26, 157, 27, 184, 49, 246, 205, 140, 146, 68, 185,
       72, 241, 56, 54, 120, 122, 204, 109, 95, 246, 232, 91, 174, 248,
       43, 74, 220, 87, 144, 254, 253, 247, 227, 204, 55, 218, 218, 55,
       253, 167, 63, 87, 63, 126, 215, 77, 215, 113, 203, 242, 103, 63,
       157, 63, 89, 127, 244, 221, 87, 136, 116, 215, 27, 31, 190, 147,
       16, 121, 247, 239, 188, 46, 196, 150, 210, 133, 113, 130, 76, 130,
       159, 149, 131, 174, 199, 30, 134, 80, 2, 168, 202, 53, 64, 249,
       107, 19, 211, 98, 156, 10, 251, 36, 22, 158, 130, 20, 124, 177,
       136, 70, 173, 144, 159, 185, 132, 190, 167, 190, 149, 8, 0, 236,
       226, 104, 66, 167, 123, 59, 209, 18, 72, 138, 247, 45, 22, 31,
       235, 144, 82, 165, 11, 92, 31, 251, 225, 196, 108, 123, 146, 37,
       77, 90, 239, 87, 55, 49, 88, 119, 222, 63, 158, 136, 176, 33, 34,
       215, 173, 160, 192, 172, 251, 116, 83, 145, 82, 47, 237, 172, 7,
       221, 253, 116, 94, 246, 117, 147, 13, 186, 73, 220, 133, 95, 239,
       233, 166, 113, 2, 224, 235, 246, 148, 125, 184, 240, 89, 53, 22,
       234, 205, 116, 43, 75, 89, 93, 232, 253, 238, 83, 109, 191, 48,
       94, 172, 23, 44, 185, 179, 100, 30, 118, 239, 161, 148, 253, 235,
       90, 241, 16, 13, 27, 239, 20, 231, 163, 114, 20, 0, 73, 2, 245,
       254, 33, 96, 216, 59, 2, 96, 2, 168, 88, 63, 233, 167, 170, 64,
       180, 11, 53, 170, 33, 250, 121, 73, 116, 143, 235, 220, 87, 44,
       116, 2, 17, 21, 180, 52, 126, 152, 22, 104, 195, 182, 116, 93,
       103, 141, 33, 36, 119, 154, 118, 233, 33, 205, 105, 255, 124, 205,
       79, 180, 204, 68, 124, 2, 179, 209, 177, 96, 74, 184, 30, 74, 203,
       168, 118, 189, 231, 169, 162, 24, 117, 155, 84, 232, 64, 187, 17,
       192, 169, 201, 167, 99, 142, 33, 168, 72, 156, 179, 64, 134, 201,
       19, 202, 8, 83, 43, 208, 209, 185, 148, 15, 126, 16, 8, 133, 160,
       45, 87, 233, 99, 246, 139, 239, 21, 86, 226, 127, 198, 115, 13,
       217, 96, 95, 172, 23, 158, 201, 178, 125, 186, 102, 205, 165, 32,
       255, 250, 208, 185, 18, 133, 98, 158, 87, 210, 188, 101, 180, 68,
       91, 163, 104, 238, 190, 64, 122, 171, 147, 133, 116, 153, 4, 223,
       50, 36, 154, 131, 53, 14, 189, 206, 85, 142, 207, 247, 180, 170,
       111, 179, 188, 211, 87, 208, 245, 107, 153, 107, 103, 103, 61,
       158, 185, 216, 111, 111, 236, 239, 254, 192, 172, 241, 161, 105,
       101, 24, 189, 117, 172, 111, 117, 154, 254, 251, 42, 8, 215, 61,
       81, 58, 129, 86, 121, 56, 145, 240, 251, 40, 205, 171, 117, 20,
       192, 121, 64, 99, 92, 165, 185, 228, 157, 111, 95, 158, 162, 246,
       172, 9, 95, 247, 73, 90, 145, 215, 125, 92, 88, 67, 251, 16, 251,
       205, 101, 124, 176, 114, 134, 114, 218, 29, 127, 212, 243, 210,
       185, 99, 185, 238, 182, 163, 12, 191, 39, 127, 231, 245, 159, 145,
       113, 207, 36, 206, 251, 115, 255, 131, 39, 100, 39, 255, 35, 182,
       233, 199, 100, 43, 239, 48, 80, 234, 93, 254, 241, 100, 222, 36,
       95, 238, 23, 143, 217, 190, 236, 171, 12, 14, 251, 160, 13, 235,
