%YAML:1.0
---
descriptors: !!opencv-matrix
   rows: 236
   cols: 32
   dt: u
   data: [ 124, 103, 104, 103, 52, 11, 71, 56, 33, 172, 235, 41, 195, 73,
       11, 16, 216, 196, 205, 98, 76, 176, 201, 14, 246, 229, 161, 53,
       96, 59, 86, 2, 220, 119, 246, 100, 194, 26, 127, 120, 113, 174,
       127, 238, 91, 103, 137, 55, 54, 213, 132, 234, 232, 215, 173, 138,
       114, 227, 101, 132, 39, 247, 39, 49, 98, 131, 230, 156, 125, 147,
       248, 76, 159, 148, 216, 231, 104, 234, 246, 198, 220, 105, 187,
       181, 134, 195, 207, 221, 30, 114, 207, 171, 31, 46, 120, 215, 116,
       127, 91, 230, 238, 75, 182, 240, 200, 226, 185, 239, 114, 253,
       101, 2, 250, 252, 195, 227, 233, 167, 152, 234, 240, 132, 143, 63,
       109, 123, 118, 178, 57, 189, 122, 104, 114, 223, 243, 114, 101,
       108, 254, 172, 59, 29, 150, 48, 62, 157, 214, 232, 217, 187, 53,
       93, 243, 253, 33, 192, 111, 128, 106, 251, 205, 90, 135, 85, 245,
       190, 98, 178, 253, 144, 98, 84, 202, 242, 133, 254, 161, 100, 106,
       94, 165, 252, 147, 102, 44, 254, 71, 70, 202, 53, 91, 132, 92, 71,
       126, 236, 18, 2, 111, 56, 52, 142, 222, 230, 89, 103, 185, 81,
       118, 213, 45, 238, 232, 147, 37, 78, 112, 167, 163, 132, 39, 179,
       36, 113, 189, 112, 248, 97, 204, 103, 211, 216, 82, 246, 181, 30,
       83, 81, 91, 58, 93, 220, 118, 122, 171, 102, 251, 50, 95, 143,
       229, 60, 255, 251, 86, 178, 163, 96, 110, 141, 93, 83, 226, 72,
       87, 240, 214, 42, 64, 216, 214, 165, 88, 204, 250, 239, 205, 246,
       239, 223, 14, 58, 197, 159, 95, 190, 120, 196, 116, 98, 72, 236,
       76, 27, 86, 72, 3, 172, 189, 107, 67, 67, 202, 16, 88, 205, 229,
       226, 72, 50, 201, 18, 214, 197, 161, 189, 113, 59, 14, 131, 35,
       18, 231, 13, 126, 63, 224, 127, 87, 232, 90, 110, 66, 104, 180,
       172, 222, 172, 182, 45, 141, 250, 101, 157, 30, 30, 81, 198, 127,
       172, 120, 141, 83, 221, 23, 190, 27, 150, 158, 160, 140, 64, 202,
       199, 236, 238, 35, 195, 230, 103, 232, 198, 101, 201, 155, 253,
       176, 50, 74, 26, 24, 55, 41, 95, 72, 146, 179, 248, 33, 252, 48,
       19, 185, 89, 98, 84, 190, 255, 40, 248, 135, 59, 181, 0, 151, 156,
       178, 195, 199, 245, 26, 74, 154, 0, 37, 115, 173, 71, 107, 65,
       112, 159, 234, 56, 101, 72, 119, 224, 83, 29, 157, 176, 94, 156,
       22, 254, 129, 180, 109, 14, 102, 169, 160, 196, 103, 139, 66, 161,
       74, 189, 145, 91, 249, 253, 50, 134, 27, 57, 109, 120, 174, 213,
       76, 180, 135, 123, 211, 16, 19, 122, 250, 247, 47, 84, 20, 106,
       202, 95, 135, 191, 44, 69, 123, 111, 116, 207, 111, 176, 96, 4,
       127, 8, 211, 85, 1, 48, 26, 244, 68, 106, 73, 176, 120, 60, 231,
       237, 32, 4, 97, 179, 70, 224, 62, 160, 225, 1, 205, 121, 177, 74,
       27, 247, 169, 155, 10, 204, 94, 14, 249, 157, 195, 177, 30, 118,
       255, 208, 31, 80, 221, 119, 231, 77, 86, 214, 14, 134, 166, 155,
       203, 178, 173, 255, 30, 183, 87, 246, 200, 230, 254, 205, 127, 31,
       171, 149, 182, 221, 47, 211, 62, 7, 255, 197, 150, 220, 189, 228,
       126, 178, 236, 2, 171, 120, 88, 138, 235, 255, 191, 189, 74, 236,
       222, 158, 167, 215, 253, 149, 156, 67, 175, 192, 154, 255, 117,
       255, 231, 231, 206, 87, 45, 96, 109, 69, 84, 95, 231, 48, 117,
       232, 243, 72, 211, 24, 157, 176, 88, 204, 118, 106, 233, 242, 117,
       14, 39, 255, 129, 20, 73, 187, 82, 164, 188, 108, 246, 87, 69,
       127, 229, 194, 253, 190, 183, 24, 90, 113, 149, 47, 41, 240, 102,
       106, 40, 229, 43, 40, 87, 218, 85, 2, 195, 249, 102, 164, 6, 4,
       150, 185, 141, 167, 184, 71, 158, 27, 195, 19, 204, 234, 104, 203,
       233, 51, 43, 145, 54, 197, 19, 210, 141, 146, 222, 71, 152, 88,
       185, 130, 201, 31, 23, 55, 48, 142, 60, 55, 189, 202, 86, 245,
       255, 39, 130, 215, 134, 55, 76, 44, 229, 221, 1, 78, 164, 178,
       126, 130, 10, 244, 137, 89, 220, 64, 254, 101, 54, 78, 115, 88,
       104, 170, 119, 34, 91, 31, 169, 115, 50, 212, 76, 122, 32, 181,
       41, 14, 211, 235, 97, 4, 227, 171, 110, 35, 25, 17, 29, 225, 32,
       78, 120, 17, 37, 32, 74, 225, 159, 23, 1, 208, 246, 157, 45, 164,
       13, 152, 65, 0, 196, 225, 170, 128, 168, 160, 40, 19, 47, 93, 239,
       71, 198, 23, 255, 248, 22, 234, 95, 198, 89, 109, 159, 32, 127,
       252, 183, 239, 193, 240, 109, 168, 111, 111, 237, 132, 239, 255,
       80, 241, 215, 137, 239, 151, 134, 208, 175, 160, 254, 209, 87,
       146, 253, 110, 223, 107, 103, 103, 61, 223, 183, 216, 175, 225,
       172, 42, 239, 192, 173, 247, 185, 116, 161, 217, 115, 75, 116,
       143, 239, 253, 93, 72, 116, 66, 51, 81, 180, 36, 126, 40, 23, 110,
       243, 184, 52, 255, 34, 24, 36, 192, 127, 138, 242, 173, 173, 23,
       248, 127, 180, 191, 215, 187, 94, 203, 125, 124, 223, 249, 155,
       41, 23, 122, 22, 43, 177, 244, 124, 62, 110, 255, 117, 156, 222,
       249, 195, 225, 60, 237, 27, 234, 180, 203, 67, 240, 36, 160, 249,
       107, 119, 83, 33, 16, 250, 251, 6, 242, 72, 187, 8, 61, 248, 197,
       39, 96, 120, 187, 98, 131, 6, 137, 151, 185, 173, 231, 161, 143,
       174, 17, 202, 2, 204, 178, 32, 206, 225, 7, 106, 145, 18, 201, 83,
       245, 141, 178, 222, 70, 144, 72, 161, 34, 125, 71, 70, 109, 82, 6,
       79, 56, 49, 142, 255, 231, 89, 39, 147, 85, 124, 196, 53, 238,
       232, 146, 65, 142, 118, 239, 227, 132, 47, 247, 96, 113, 76, 17,
       191, 245, 171, 110, 61, 19, 174, 251, 143, 84, 220, 55, 73, 106,
       167, 87, 125, 144, 17, 193, 179, 194, 201, 255, 127, 22, 138, 96,
       165, 51, 71, 172, 165, 151, 141, 44, 173, 175, 94, 119, 202, 23,
       208, 124, 92, 111, 201, 71, 123, 157, 183, 252, 255, 163, 13, 126,
       218, 70, 140, 109, 209, 118, 60, 46, 254, 85, 169, 123, 244, 66,
       253, 182, 182, 56, 74, 121, 199, 31, 43, 118, 238, 58, 40, 229,
       35, 232, 86, 219, 81, 3, 195, 253, 110, 135, 223, 132, 140, 69,
       153, 62, 72, 59, 255, 243, 167, 20, 203, 34, 158, 255, 113, 198,
       252, 188, 189, 89, 125, 206, 154, 251, 215, 87, 138, 228, 201, 4,
       216, 249, 91, 234, 58, 141, 90, 252, 39, 8, 244, 40, 191, 215, 96,
       49, 182, 249, 68, 234, 74, 10, 154, 253, 243, 217, 32, 120, 50,
       146, 34, 43, 168, 161, 25, 235, 173, 77, 84, 173, 78, 57, 33, 24,
       215, 81, 72, 160, 153, 26, 202, 48, 91, 120, 123, 21, 205, 209,
       53, 125, 208, 10, 199, 170, 6, 247, 211, 74, 243, 96, 175, 222,
       59, 65, 105, 246, 76, 247, 236, 212, 55, 91, 147, 184, 179, 11,
       168, 243, 56, 20, 15, 238, 151, 247, 167, 245, 39, 235, 184, 83,
       233, 157, 182, 199, 251, 53, 61, 60, 174, 248, 222, 60, 135, 75,
       210, 87, 214, 120, 174, 243, 46, 28, 20, 107, 218, 222, 203, 205,
       99, 37, 250, 19, 197, 188, 241, 71, 251, 183, 47, 153, 8, 170, 86,
       30, 163, 175, 224, 149, 22, 248, 188, 192, 31, 28, 85, 99, 197,
       68, 207, 198, 130, 136, 142, 185, 203, 228, 188, 199, 190, 23, 64,
       145, 172, 174, 34, 73, 229, 59, 171, 145, 54, 222, 18, 243, 205,
       51, 222, 75, 144, 68, 173, 218, 37, 76, 107, 111, 116, 175, 67,
       80, 69, 34, 125, 8, 115, 89, 177, 48, 88, 168, 22, 46, 136, 182,
       108, 30, 70, 207, 33, 0, 119, 171, 82, 160, 74, 0, 38, 188, 79,
       181, 120, 10, 143, 149, 68, 135, 172, 202, 119, 74, 96, 41, 187,
       133, 6, 69, 151, 221, 31, 114, 219, 59, 62, 12, 25, 222, 52, 93,
       91, 103, 52, 203, 71, 176, 100, 8, 126, 40, 115, 117, 129, 48, 24,
       250, 4, 106, 73, 186, 104, 47, 247, 173, 36, 16, 97, 187, 70, 171,
       89, 29, 27, 105, 149, 255, 102, 211, 108, 32, 234, 72, 182, 49, 1,
       240, 176, 62, 90, 120, 17, 185, 81, 62, 185, 253, 4, 18, 218, 90,
       201, 42, 33, 96, 1, 73, 76, 141, 67, 72, 83, 32, 104, 8, 50, 209,
       21, 52, 89, 136, 98, 120, 10, 54, 202, 19, 69, 30, 17, 124, 81,
       154, 82, 168, 75, 124, 231, 85, 224, 62, 108, 182, 169, 226, 46,
       140, 153, 46, 215, 191, 7, 229, 241, 207, 197, 212, 244, 232, 38,
       122, 221, 160, 78, 244, 75, 124, 103, 253, 185, 18, 233, 93, 22,
