%YAML:1.0
---
descriptors: !!opencv-matrix
   rows: 254
   cols: 32
   dt: u
   data: [ 187, 178, 251, 249, 236, 127, 253, 223, 87, 239, 212, 255,
       249, 189, 250, 44, 127, 222, 183, 157, 191, 254, 127, 243, 222,
       223, 191, 236, 191, 204, 244, 253, 189, 121, 96, 37, 70, 15, 231,
       152, 97, 224, 162, 78, 147, 24, 83, 38, 62, 204, 114, 111, 205,
       240, 213, 8, 100, 72, 69, 52, 111, 189, 82, 212, 20, 30, 158, 125,
       186, 175, 178, 194, 190, 174, 238, 44, 183, 227, 33, 88, 131, 122,
       238, 82, 50, 169, 83, 63, 235, 167, 37, 81, 216, 121, 79, 3, 25,
       7, 122, 237, 52, 82, 79, 53, 100, 12, 222, 226, 83, 119, 178, 96,
       118, 244, 60, 234, 216, 145, 37, 14, 226, 237, 160, 133, 54, 186,
       244, 97, 169, 254, 232, 241, 237, 125, 253, 223, 127, 127, 244,
       254, 155, 189, 214, 45, 127, 222, 247, 157, 183, 254, 255, 243,
       94, 219, 247, 236, 239, 220, 254, 241, 116, 159, 62, 107, 188,
       170, 83, 169, 246, 45, 239, 32, 215, 241, 32, 96, 209, 116, 108,
       50, 56, 161, 89, 30, 233, 231, 39, 85, 240, 107, 196, 34, 10, 157,
       50, 152, 243, 244, 180, 103, 189, 77, 92, 19, 172, 190, 38, 196,
       231, 59, 147, 129, 118, 152, 50, 215, 47, 119, 30, 203, 18, 68,
       173, 223, 124, 120, 249, 100, 32, 108, 69, 144, 114, 250, 39, 8,
       87, 55, 193, 59, 55, 212, 124, 74, 73, 86, 250, 32, 209, 171, 101,
       60, 96, 243, 70, 49, 214, 12, 158, 158, 137, 102, 148, 130, 188,
       147, 130, 17, 228, 242, 37, 75, 193, 119, 104, 19, 48, 197, 155,
       98, 145, 178, 95, 27, 128, 113, 37, 6, 194, 62, 189, 23, 42, 219,
       189, 55, 190, 254, 23, 252, 252, 118, 192, 47, 7, 55, 253, 9, 225,
       204, 231, 90, 76, 18, 127, 144, 12, 224, 5, 121, 96, 241, 177,
       248, 253, 221, 84, 207, 203, 113, 168, 24, 174, 153, 76, 180, 137,
       154, 194, 17, 95, 42, 218, 241, 191, 28, 20, 127, 210, 12, 206,
       142, 199, 149, 173, 179, 172, 118, 254, 188, 159, 251, 151, 119,
       221, 125, 127, 107, 223, 215, 191, 183, 191, 69, 255, 242, 239,
       123, 255, 253, 156, 127, 189, 83, 148, 68, 157, 255, 137, 103,
       181, 175, 158, 55, 139, 17, 212, 119, 41, 75, 217, 83, 107, 2, 48,
       197, 91, 51, 193, 163, 95, 21, 144, 121, 165, 34, 138, 189, 246,
       221, 255, 254, 189, 119, 63, 239, 94, 55, 172, 190, 150, 228, 239,
       63, 191, 133, 244, 252, 243, 223, 159, 127, 222, 131, 135, 76,
       173, 223, 212, 196, 157, 183, 140, 102, 63, 172, 190, 151, 131,
       17, 245, 111, 73, 75, 243, 87, 105, 243, 122, 69, 219, 239, 233,
       227, 255, 85, 128, 115, 165, 98, 70, 237, 172, 215, 141, 124, 191,
       141, 222, 247, 143, 27, 200, 252, 95, 107, 217, 87, 251, 115, 254,
       97, 251, 226, 127, 127, 207, 63, 197, 123, 213, 86, 238, 191, 254,
       223, 253, 255, 255, 255, 191, 255, 252, 183, 108, 255, 255, 247,
       255, 255, 255, 150, 246, 95, 251, 255, 127, 255, 255, 239, 151,
       252, 239, 223, 88, 167, 121, 225, 188, 201, 117, 191, 111, 53,
       188, 9, 159, 191, 72, 80, 235, 159, 109, 24, 90, 43, 243, 85, 255,
       213, 55, 125, 224, 192, 199, 107, 61, 124, 216, 175, 53, 63, 114,
       152, 119, 104, 250, 77, 207, 123, 11, 144, 252, 205, 222, 102,
       141, 178, 217, 190, 183, 253, 35, 23, 106, 191, 74, 83, 206, 254,
       246, 252, 253, 255, 255, 255, 255, 223, 254, 63, 236, 255, 246,
       229, 255, 255, 255, 177, 246, 255, 251, 255, 255, 127, 255, 207,
       199, 244, 173, 119, 252, 97, 212, 228, 143, 91, 84, 236, 193, 242,
       164, 10, 75, 121, 75, 159, 72, 212, 236, 226, 76, 99, 223, 128,
       179, 209, 197, 63, 103, 127, 94, 6, 124, 149, 152, 102, 159, 70,
       87, 248, 80, 162, 175, 10, 95, 121, 11, 18, 217, 212, 200, 98,
       105, 227, 217, 14, 251, 239, 37, 55, 235, 123, 78, 18, 69, 249,
       189, 94, 168, 141, 55, 188, 254, 157, 36, 12, 244, 243, 201, 51,
       135, 114, 106, 90, 243, 104, 250, 49, 111, 154, 101, 122, 216,
       243, 195, 171, 48, 1, 207, 237, 84, 203, 224, 75, 102, 144, 230,
       2, 179, 129, 48, 88, 120, 168, 106, 8, 10, 184, 83, 29, 71, 169,
       146, 1, 113, 136, 96, 170, 90, 178, 177, 161, 171, 109, 57, 159,
       43, 127, 10, 189, 140, 63, 74, 26, 167, 23, 253, 21, 150, 88, 145,
       80, 223, 87, 125, 247, 130, 68, 135, 91, 241, 13, 205, 229, 180,
       42, 79, 59, 113, 162, 250, 192, 211, 33, 145, 241, 90, 198, 108,
       40, 105, 248, 197, 14, 228, 175, 229, 20, 108, 232, 80, 40, 124,
       177, 249, 96, 249, 221, 81, 13, 43, 189, 173, 25, 14, 159, 76,
       154, 129, 147, 205, 16, 26, 107, 250, 16, 251, 217, 21, 127, 194,
       6, 198, 99, 254, 112, 228, 182, 11, 93, 84, 140, 131, 183, 165,
       27, 74, 223, 79, 159, 137, 213, 237, 146, 110, 71, 219, 162, 155,
       211, 85, 63, 163, 125, 14, 70, 216, 153, 150, 252, 131, 216, 21,
       39, 185, 6, 230, 48, 174, 183, 34, 247, 162, 55, 248, 0, 113, 237,
       178, 233, 243, 251, 82, 3, 106, 4, 175, 62, 105, 191, 62, 101, 37,
       126, 117, 55, 105, 204, 126, 44, 187, 53, 146, 183, 132, 38, 252,
       12, 221, 248, 177, 141, 227, 249, 112, 129, 74, 228, 206, 125, 26,
       173, 26, 186, 29, 221, 144, 231, 142, 5, 204, 11, 174, 222, 102,
       192, 200, 59, 219, 65, 94, 11, 18, 253, 251, 85, 30, 123, 16, 12,
       173, 74, 223, 62, 254, 247, 191, 222, 255, 248, 255, 238, 246,
       167, 255, 254, 215, 246, 255, 245, 255, 215, 237, 247, 255, 234,
       255, 255, 111, 131, 239, 245, 109, 127, 213, 94, 105, 103, 52, 14,
       111, 184, 116, 234, 118, 228, 211, 85, 153, 113, 86, 220, 20, 238,
       233, 244, 109, 46, 229, 171, 37, 132, 108, 187, 80, 113, 124, 4,
       118, 231, 23, 10, 94, 56, 97, 162, 251, 11, 107, 107, 24, 82, 122,
       212, 253, 170, 184, 183, 217, 143, 243, 239, 193, 17, 103, 171,
       112, 2, 60, 88, 127, 229, 84, 78, 99, 88, 101, 132, 119, 2, 87,
       87, 35, 113, 122, 244, 95, 106, 72, 177, 49, 12, 245, 171, 33, 4,
       99, 187, 102, 226, 37, 88, 177, 95, 73, 229, 67, 220, 86, 65, 232,
       0, 178, 247, 41, 120, 88, 216, 50, 200, 11, 50, 251, 49, 69, 188,
       208, 40, 217, 83, 102, 186, 246, 149, 37, 206, 157, 109, 79, 191,
       17, 115, 169, 90, 210, 117, 28, 231, 217, 214, 60, 42, 249, 106,
       249, 191, 187, 250, 197, 124, 218, 248, 212, 60, 44, 1, 252, 101,
       100, 127, 119, 57, 116, 174, 247, 8, 211, 53, 154, 59, 88, 212,
       118, 42, 168, 176, 121, 8, 71, 235, 97, 21, 97, 235, 70, 226, 85,
       71, 220, 231, 188, 14, 78, 184, 96, 170, 187, 224, 215, 99, 153,
       98, 23, 197, 124, 110, 233, 225, 201, 46, 232, 175, 103, 148, 44,
       243, 67, 1, 231, 236, 161, 214, 205, 84, 207, 253, 81, 194, 161,
       26, 112, 238, 93, 126, 93, 250, 18, 234, 233, 103, 254, 234, 53,
       30, 223, 40, 5, 242, 246, 60, 133, 247, 239, 231, 188, 10, 111,
       185, 126, 226, 255, 230, 247, 111, 152, 115, 119, 254, 127, 174,
       225, 240, 237, 94, 238, 239, 231, 164, 108, 250, 224, 241, 53,
       205, 204, 247, 182, 11, 110, 232, 119, 162, 251, 162, 83, 105,
       153, 113, 123, 206, 127, 239, 120, 240, 207, 63, 252, 239, 231, 4,
       229, 251, 240, 32, 7, 124, 83, 146, 214, 243, 174, 222, 122, 226,
       56, 238, 89, 250, 253, 173, 63, 235, 18, 191, 165, 118, 60, 250,
       60, 14, 143, 174, 205, 119, 35, 148, 252, 101, 16, 172, 141, 127,
       86, 204, 7, 164, 189, 27, 207, 121, 75, 144, 216, 221, 205, 98,
       124, 35, 89, 158, 243, 209, 5, 63, 115, 127, 206, 2, 55, 205, 97,
       235, 244, 158, 239, 184, 109, 96, 122, 70, 251, 9, 148, 224, 126,
       140, 23, 239, 201, 184, 125, 191, 46, 253, 161, 192, 111, 139, 80,
       121, 35, 188, 247, 87, 226, 123, 254, 207, 91, 235, 58, 255, 104,
       236, 215, 190, 63, 255, 247, 6, 229, 246, 173, 234, 22, 30, 85,
       163, 239, 252, 202, 221, 161, 56, 155, 191, 76, 141, 165, 118,
       142, 250, 208, 95, 180, 217, 115, 43, 205, 105, 122, 13, 245, 127,
       210, 56, 205, 147, 95, 56, 88, 40, 27, 218, 205, 144, 71, 61, 201,
       54, 105, 187, 53, 87, 103, 85, 219, 103, 2, 223, 101, 198, 187,
