%YAML:1.0
---
descriptors: !!opencv-matrix
   rows: 204
   cols: 32
   dt: u
   data: [ 33, 44, 89, 171, 76, 160, 160, 15, 112, 1, 233, 82, 149, 131,
       64, 80, 88, 174, 34, 152, 50, 154, 199, 66, 148, 164, 186, 72, 16,
       202, 163, 128, 70, 173, 172, 247, 141, 125, 191, 173, 222, 247,
       159, 25, 224, 236, 95, 43, 217, 87, 249, 115, 246, 97, 251, 226,
       235, 127, 207, 127, 196, 123, 213, 86, 95, 232, 232, 160, 135, 25,
       94, 143, 43, 179, 0, 139, 189, 15, 91, 58, 39, 219, 253, 215, 94,
       86, 214, 225, 255, 201, 222, 249, 166, 149, 147, 66, 56, 181, 123,
       233, 244, 75, 119, 125, 101, 172, 253, 42, 83, 55, 8, 48, 120,
       156, 70, 112, 89, 186, 121, 28, 255, 205, 37, 101, 97, 170, 230,
       179, 187, 178, 251, 249, 238, 255, 255, 223, 87, 239, 214, 255,
       89, 253, 254, 44, 127, 219, 183, 157, 191, 254, 111, 242, 222,
       223, 191, 232, 255, 205, 244, 245, 86, 238, 150, 158, 219, 208,
       182, 230, 191, 151, 178, 163, 108, 254, 101, 211, 167, 243, 239,
       209, 118, 75, 138, 255, 184, 103, 95, 203, 129, 116, 175, 143, 48,
       201, 56, 254, 92, 205, 87, 236, 135, 4, 236, 8, 51, 247, 34, 16,
       200, 250, 67, 74, 74, 43, 122, 61, 243, 201, 1, 57, 112, 26, 70,
       234, 148, 132, 157, 191, 136, 103, 23, 173, 150, 23, 131, 17, 215,
       119, 40, 75, 209, 87, 105, 162, 56, 197, 91, 63, 225, 163, 95, 21,
       144, 123, 165, 34, 125, 97, 225, 174, 173, 93, 94, 248, 203, 248,
       184, 75, 75, 204, 125, 167, 216, 193, 252, 103, 205, 99, 218, 176,
       179, 217, 69, 63, 127, 127, 218, 150, 75, 70, 211, 204, 98, 6,
       111, 150, 41, 74, 126, 192, 61, 167, 181, 246, 118, 124, 53, 142,
       193, 150, 164, 203, 102, 188, 246, 136, 46, 242, 35, 185, 208,
       238, 156, 191, 42, 137, 52, 167, 190, 19, 224, 253, 173, 179, 64,
       209, 163, 59, 237, 4, 102, 77, 195, 51, 168, 195, 126, 171, 56,
       80, 139, 155, 220, 223, 186, 255, 182, 60, 126, 182, 188, 90, 158,
       247, 255, 127, 187, 107, 247, 83, 189, 247, 244, 193, 41, 175,
       234, 239, 239, 148, 180, 241, 165, 91, 214, 51, 146, 184, 251,
       192, 18, 200, 187, 204, 185, 237, 76, 246, 111, 212, 215, 249,
       238, 243, 29, 71, 138, 210, 184, 212, 15, 255, 152, 55, 47, 215,
       230, 170, 165, 145, 237, 93, 220, 175, 155, 255, 144, 185, 172,
       252, 95, 63, 197, 91, 253, 151, 214, 78, 235, 241, 143, 90, 223,
       191, 150, 116, 151, 79, 233, 160, 130, 88, 77, 188, 224, 198, 235,
       31, 116, 29, 170, 200, 86, 159, 233, 174, 226, 28, 30, 111, 218,
       209, 31, 249, 80, 107, 203, 76, 122, 158, 186, 186, 160, 147, 77,
       253, 208, 198, 23, 255, 244, 31, 42, 204, 86, 12, 205, 171, 231,
       148, 158, 254, 242, 177, 155, 217, 213, 123, 203, 76, 94, 222,
       150, 164, 224, 155, 150, 227, 202, 203, 22, 3, 219, 179, 65, 78,
       188, 76, 123, 155, 27, 145, 58, 158, 77, 255, 92, 6, 155, 69, 181,
       205, 180, 128, 73, 125, 85, 69, 85, 30, 228, 55, 105, 224, 110,
       12, 147, 56, 21, 48, 0, 164, 80, 72, 197, 184, 245, 12, 39, 184,
       4, 0, 74, 120, 74, 12, 33, 57, 253, 69, 212, 110, 233, 22, 71,
       233, 254, 66, 144, 55, 133, 126, 76, 214, 62, 152, 137, 248, 113,
       12, 77, 190, 240, 148, 233, 248, 64, 185, 216, 55, 184, 229, 50,
       15, 93, 113, 52, 174, 150, 107, 95, 35, 67, 19, 54, 253, 125, 172,
       232, 221, 193, 14, 250, 203, 109, 180, 32, 160, 1, 11, 67, 208,
       225, 87, 101, 76, 229, 21, 109, 75, 115, 116, 240, 61, 156, 254,
       68, 118, 127, 203, 209, 180, 241, 225, 37, 62, 242, 128, 78, 154,
       212, 245, 24, 141, 90, 247, 214, 206, 123, 244, 52, 165, 110, 3,
       95, 123, 40, 208, 51, 253, 145, 248, 40, 176, 25, 47, 255, 239, 7,
       1, 163, 178, 238, 130, 86, 12, 150, 149, 139, 102, 164, 134, 174,
       147, 138, 19, 196, 242, 109, 75, 225, 119, 105, 177, 52, 193, 147,
       66, 153, 54, 223, 87, 128, 113, 161, 6, 71, 188, 167, 159, 250,
       180, 186, 168, 190, 83, 79, 231, 252, 238, 223, 230, 167, 115,
       251, 215, 151, 73, 174, 243, 44, 62, 79, 202, 156, 247, 41, 85,
       151, 212, 189, 191, 188, 119, 254, 156, 222, 251, 155, 87, 223,
       124, 123, 107, 223, 215, 191, 183, 191, 101, 123, 243, 239, 223,
       255, 244, 157, 255, 217, 211, 203, 190, 180, 84, 173, 190, 176,
       183, 235, 255, 150, 28, 142, 60, 86, 175, 165, 119, 252, 21, 180,
       109, 179, 196, 159, 91, 85, 119, 194, 100, 207, 127, 67, 111, 65,
       143, 60, 10, 238, 184, 108, 96, 90, 196, 241, 102, 149, 228, 86,
       102, 94, 239, 133, 144, 253, 109, 36, 60, 170, 144, 12, 182, 25,
       85, 213, 74, 30, 165, 36, 14, 103, 48, 252, 142, 119, 85, 223,
       227, 147, 91, 182, 100, 110, 110, 224, 245, 9, 106, 228, 187, 99,
       0, 104, 243, 97, 1, 162, 251, 112, 91, 123, 137, 146, 236, 155,
       53, 48, 187, 46, 73, 12, 157, 143, 27, 195, 67, 114, 110, 90, 247,
       54, 18, 17, 127, 85, 25, 199, 155, 124, 15, 90, 124, 178, 139, 86,
       51, 53, 136, 234, 109, 119, 227, 33, 80, 147, 244, 108, 82, 24,
       187, 200, 46, 248, 231, 37, 89, 232, 227, 138, 3, 80, 158, 46,
       188, 44, 164, 89, 50, 60, 13, 218, 181, 183, 175, 0, 80, 230, 183,
       125, 133, 26, 152, 3, 7, 217, 231, 250, 193, 32, 128, 181, 67,
       242, 237, 209, 164, 222, 3, 198, 239, 27, 162, 168, 26, 102, 232,
       69, 16, 217, 255, 65, 35, 104, 107, 216, 106, 185, 150, 221, 62,
       193, 120, 194, 136, 73, 176, 153, 97, 65, 110, 113, 31, 104, 121,
       39, 28, 158, 19, 72, 58, 180, 21, 88, 56, 17, 240, 177, 64, 197,
       153, 82, 68, 200, 0, 195, 163, 87, 119, 27, 136, 186, 23, 30, 234,
       191, 204, 152, 237, 76, 214, 163, 208, 255, 221, 223, 245, 205, 3,
       178, 222, 184, 52, 143, 255, 152, 55, 47, 87, 229, 104, 158, 85,
       77, 189, 228, 199, 251, 179, 96, 28, 152, 184, 119, 63, 233, 108,
       98, 12, 228, 126, 146, 194, 23, 58, 87, 40, 200, 120, 203, 134,
       15, 223, 230, 159, 242, 150, 239, 188, 178, 151, 215, 231, 105,
       238, 191, 77, 127, 239, 191, 255, 246, 198, 142, 239, 126, 111,
       239, 140, 175, 247, 185, 213, 84, 165, 173, 166, 140, 79, 215,
       169, 238, 182, 139, 9, 215, 253, 89, 2, 145, 215, 125, 115, 90,
       99, 219, 56, 249, 247, 79, 61, 192, 122, 151, 66, 173, 221, 229,
       93, 252, 31, 206, 188, 95, 234, 88, 102, 219, 124, 189, 165, 31,
       102, 54, 111, 229, 240, 125, 191, 46, 95, 101, 148, 222, 253, 216,
       53, 125, 181, 120, 235, 60, 95, 82, 120, 101, 108, 255, 13, 223,
       95, 26, 48, 220, 205, 220, 102, 221, 178, 121, 30, 255, 253, 33,
       85, 104, 139, 202, 83, 88, 159, 190, 252, 176, 38, 93, 63, 50,
       234, 30, 109, 255, 127, 162, 113, 151, 247, 61, 165, 236, 75, 153,
       30, 251, 231, 255, 141, 172, 224, 165, 91, 13, 157, 189, 119, 176,
       110, 119, 183, 121, 95, 110, 52, 255, 55, 10, 127, 7, 86, 52, 26,
       177, 248, 121, 34, 239, 255, 116, 64, 234, 241, 135, 123, 161, 17,
       253, 87, 180, 238, 99, 20, 172, 233, 62, 96, 242, 53, 141, 102,
       70, 118, 127, 88, 145, 248, 113, 96, 79, 184, 176, 144, 196, 155,
       68, 249, 48, 201, 122, 252, 95, 201, 82, 230, 135, 4, 236, 11, 54,
       223, 35, 16, 232, 249, 195, 67, 74, 171, 18, 61, 243, 193, 0, 59,
       113, 25, 110, 138, 188, 0, 254, 100, 77, 79, 83, 89, 100, 164,
       231, 24, 83, 121, 43, 26, 88, 212, 105, 106, 24, 183, 241, 10,
       211, 239, 65, 21, 97, 171, 78, 34, 248, 36, 212, 236, 157, 79, 84,
       109, 81, 166, 165, 25, 75, 57, 8, 153, 216, 212, 233, 32, 56, 247,
       209, 138, 251, 215, 85, 53, 227, 108, 94, 10, 188, 36, 144, 236,
       157, 15, 86, 239, 23, 166, 168, 27, 75, 57, 97, 145, 217, 212,
       201, 34, 124, 103, 89, 158, 187, 215, 69, 63, 243, 124, 206, 2,
       34, 222, 116, 94, 238, 25, 148, 239, 207, 30, 176, 235, 110, 200,
       237, 139, 207, 83, 231, 3, 192, 111, 78, 249, 54, 18, 117, 191,
       85, 252, 205, 143, 69, 68, 27, 179, 196, 169, 98, 200, 126, 51,
       99, 82, 247, 194, 168, 72, 113, 76, 42, 122, 18, 176, 205, 51,
