%YAML:1.0
---
descriptors: !!opencv-matrix
   rows: 331
   cols: 32
   dt: u
   data: [ 124, 49, 186, 224, 249, 102, 81, 25, 161, 141, 231, 16, 95,
       247, 74, 90, 212, 157, 253, 56, 24, 199, 208, 130, 219, 239, 37,
       85, 162, 227, 174, 99, 3, 153, 177, 239, 52, 199, 170, 49, 30, 73,
       91, 102, 245, 223, 176, 224, 214, 59, 55, 129, 211, 152, 105, 223,
       236, 190, 171, 192, 28, 138, 49, 121, 58, 140, 255, 247, 235, 104,
       113, 143, 147, 151, 118, 51, 111, 191, 108, 91, 239, 215, 165,
       144, 58, 252, 43, 162, 203, 243, 84, 67, 227, 104, 228, 251, 7,
       94, 235, 201, 182, 54, 239, 218, 86, 75, 92, 230, 81, 196, 255,
       108, 127, 200, 23, 255, 131, 144, 45, 243, 108, 45, 175, 204, 189,
       243, 113, 245, 70, 168, 191, 182, 110, 192, 177, 232, 170, 157,
       16, 43, 244, 254, 237, 43, 163, 123, 119, 81, 2, 105, 170, 241,
       93, 18, 255, 239, 132, 34, 23, 203, 233, 62, 183, 85, 100, 14,
       101, 51, 248, 250, 114, 124, 179, 56, 148, 59, 132, 102, 108, 40,
       229, 252, 229, 13, 68, 186, 117, 144, 76, 232, 210, 9, 6, 228,
       176, 155, 197, 113, 182, 207, 31, 183, 73, 19, 204, 252, 111, 140,
       217, 91, 131, 19, 54, 244, 75, 242, 45, 22, 159, 111, 150, 95,
       157, 134, 1, 242, 113, 233, 110, 33, 233, 222, 78, 121, 208, 118,
       157, 11, 248, 42, 111, 137, 95, 173, 131, 54, 239, 209, 84, 217,
       187, 172, 21, 152, 161, 233, 216, 65, 223, 173, 6, 10, 109, 53,
       116, 130, 226, 3, 247, 51, 57, 91, 114, 197, 61, 235, 104, 180,
       81, 10, 245, 227, 230, 0, 36, 250, 160, 42, 152, 88, 62, 252, 44,
       77, 29, 116, 148, 14, 214, 59, 247, 189, 51, 11, 174, 113, 127,
       67, 232, 173, 3, 59, 243, 227, 122, 153, 116, 184, 37, 107, 42,
       114, 230, 137, 111, 115, 184, 74, 15, 239, 213, 175, 12, 140, 55,
       140, 254, 153, 215, 149, 132, 183, 119, 208, 23, 87, 219, 187,
       215, 29, 61, 215, 174, 205, 102, 187, 197, 249, 117, 196, 149, 86,
       85, 147, 35, 205, 123, 11, 105, 251, 151, 211, 126, 118, 122, 162,
       103, 193, 220, 169, 55, 93, 246, 210, 65, 28, 62, 244, 38, 140,
       127, 246, 173, 202, 94, 100, 188, 155, 161, 96, 166, 99, 127, 79,
       193, 173, 34, 255, 243, 255, 58, 138, 8, 1, 33, 59, 176, 92, 255,
       251, 82, 230, 48, 86, 22, 75, 115, 119, 85, 31, 40, 88, 237, 191,
       55, 144, 35, 222, 81, 119, 87, 239, 114, 194, 249, 65, 224, 179,
       17, 34, 70, 113, 20, 190, 105, 18, 116, 37, 238, 0, 211, 3, 145,
       124, 48, 172, 108, 156, 10, 144, 101, 5, 198, 235, 176, 64, 34,
       128, 88, 32, 10, 114, 106, 168, 110, 209, 184, 80, 140, 76, 222,
       167, 157, 140, 247, 8, 238, 145, 255, 213, 134, 167, 119, 208,
       214, 1, 170, 137, 29, 143, 61, 211, 5, 237, 19, 219, 244, 133,
       174, 119, 220, 128, 120, 98, 180, 218, 180, 32, 254, 59, 19, 91,
       242, 184, 2, 255, 44, 28, 46, 200, 92, 136, 225, 161, 53, 94, 233,
       233, 246, 39, 75, 218, 23, 105, 248, 230, 83, 93, 177, 56, 127,
       200, 23, 254, 139, 182, 109, 147, 82, 207, 165, 228, 253, 251,
       112, 241, 94, 57, 188, 116, 171, 124, 220, 135, 171, 251, 142, 9,
       30, 188, 87, 58, 167, 247, 253, 17, 21, 105, 147, 224, 219, 95,
       93, 255, 206, 116, 143, 31, 84, 120, 251, 101, 50, 76, 91, 16, 42,
       173, 127, 32, 159, 151, 193, 112, 54, 125, 85, 88, 139, 16, 176,
       32, 223, 237, 35, 224, 32, 163, 7, 113, 155, 164, 111, 177, 149,
       247, 233, 95, 21, 115, 214, 147, 25, 61, 118, 41, 111, 139, 19,
       189, 185, 221, 53, 198, 91, 75, 218, 196, 175, 204, 181, 240, 70,
       188, 148, 159, 187, 228, 190, 175, 158, 155, 27, 35, 236, 254,
       104, 74, 151, 119, 187, 145, 18, 73, 155, 243, 13, 54, 223, 239,
       144, 119, 165, 147, 54, 244, 186, 138, 125, 247, 178, 200, 30,
       173, 253, 11, 196, 220, 107, 128, 255, 249, 211, 115, 6, 51, 122,
       246, 191, 213, 143, 127, 213, 91, 189, 215, 46, 240, 242, 141,
       125, 95, 182, 200, 91, 174, 253, 43, 74, 220, 95, 132, 253, 221,
       215, 227, 204, 55, 219, 234, 63, 93, 7, 47, 199, 63, 126, 215, 17,
       28, 201, 225, 150, 175, 233, 23, 118, 81, 78, 150, 185, 11, 81,
       104, 111, 139, 18, 157, 147, 188, 53, 246, 205, 207, 146, 68, 173,
       200, 241, 184, 138, 161, 224, 213, 231, 124, 252, 119, 91, 239,
       116, 147, 40, 45, 214, 175, 47, 63, 183, 137, 180, 248, 229, 195,
       15, 122, 218, 227, 231, 196, 219, 207, 39, 216, 238, 222, 108,
       151, 223, 249, 215, 74, 212, 102, 113, 252, 191, 229, 95, 234,
       191, 47, 237, 235, 110, 191, 114, 127, 255, 152, 31, 252, 120,
       253, 137, 144, 119, 205, 125, 215, 249, 83, 77, 93, 214, 54, 152,
       28, 182, 228, 108, 148, 190, 137, 141, 188, 119, 197, 71, 123,
       242, 194, 87, 140, 244, 255, 184, 201, 114, 252, 93, 214, 212, 79,
       215, 4, 196, 3, 41, 219, 52, 192, 88, 184, 171, 128, 74, 47, 18,
       159, 243, 237, 131, 25, 51, 12, 252, 138, 93, 28, 123, 225, 166,
       44, 123, 18, 100, 74, 91, 70, 215, 63, 177, 104, 119, 133, 63, 7,
       157, 176, 53, 34, 213, 239, 32, 196, 172, 235, 17, 81, 37, 20,
       105, 205, 124, 63, 75, 88, 91, 234, 253, 110, 83, 109, 181, 48,
       94, 168, 23, 46, 169, 178, 104, 158, 118, 223, 161, 180, 253, 235,
       82, 245, 2, 223, 114, 157, 123, 144, 188, 103, 191, 29, 88, 231,
       172, 174, 164, 196, 167, 59, 171, 129, 230, 25, 6, 255, 54, 116,
       30, 139, 23, 20, 173, 221, 149, 67, 63, 117, 48, 159, 238, 48,
       252, 128, 243, 64, 211, 76, 185, 227, 156, 117, 108, 107, 237,
       229, 127, 12, 161, 235, 103, 20, 96, 59, 65, 32, 26, 22, 122, 224,
       114, 123, 185, 87, 45, 45, 252, 235, 15, 63, 134, 16, 46, 159,
       207, 129, 152, 187, 37, 206, 214, 213, 58, 147, 231, 196, 167,
       251, 111, 94, 195, 193, 230, 40, 107, 146, 59, 203, 126, 230, 25,
       39, 213, 252, 119, 222, 55, 156, 129, 144, 229, 226, 30, 60, 166,
       132, 174, 247, 96, 241, 57, 243, 107, 107, 116, 143, 111, 244, 69,
       104, 125, 110, 115, 69, 152, 48, 126, 168, 22, 238, 201, 182, 108,
       45, 118, 237, 160, 128, 111, 155, 114, 177, 40, 249, 120, 110,
       100, 205, 127, 240, 81, 108, 116, 42, 51, 157, 115, 48, 92, 248,
       151, 202, 200, 62, 120, 49, 71, 137, 224, 169, 119, 155, 78, 251,
       28, 5, 224, 235, 196, 34, 109, 117, 117, 3, 255, 18, 91, 107, 184,
       88, 123, 138, 23, 170, 24, 178, 13, 198, 214, 239, 226, 196, 183,
       235, 240, 160, 60, 27, 90, 110, 116, 143, 82, 113, 5, 12, 125, 15,
       115, 89, 50, 16, 248, 184, 7, 106, 88, 178, 24, 61, 243, 201, 32,
       105, 113, 139, 110, 131, 72, 133, 90, 177, 244, 204, 109, 23, 54,
       5, 127, 16, 183, 19, 10, 80, 83, 142, 46, 152, 122, 152, 209, 23,
       229, 173, 178, 64, 164, 136, 132, 42, 129, 0, 101, 81, 100, 217,
       224, 2, 108, 81, 114, 82, 145, 8, 148, 109, 104, 56, 42, 25, 131,
       188, 103, 208, 5, 56, 178, 64, 69, 8, 81, 172, 250, 248, 145, 176,
       41, 205, 24, 196, 171, 237, 144, 41, 142, 158, 68, 150, 197, 113,
       253, 81, 78, 15, 210, 242, 153, 212, 159, 251, 2, 30, 143, 95, 57,
       93, 112, 109, 117, 95, 95, 18, 69, 236, 252, 14, 59, 21, 151, 244,
       94, 188, 150, 108, 201, 186, 117, 190, 247, 221, 161, 177, 119,
       191, 92, 125, 220, 135, 110, 101, 130, 58, 109, 57, 96, 36, 255,
       2, 91, 51, 154, 115, 54, 212, 125, 238, 248, 209, 173, 76, 247,
       171, 227, 196, 39, 162, 230, 96, 82, 189, 181, 179, 179, 236, 126,
       231, 63, 121, 250, 83, 252, 126, 72, 210, 239, 215, 255, 145, 22,
       120, 155, 227, 253, 246, 223, 70, 128, 96, 163, 11, 6, 200, 226,
       158, 203, 192, 190, 230, 154, 87, 89, 163, 172, 238, 126, 136,
       255, 123, 179, 195, 82, 26, 142, 241, 53, 54, 222, 171, 21, 119,
       191, 214, 25, 123, 123, 237, 38, 159, 255, 112, 236, 104, 254,
       198, 191, 143, 54, 32, 46, 229, 95, 207, 197, 185, 37, 237, 247,
       233, 42, 128, 77, 179, 99, 249, 29, 51, 113, 193, 47, 89, 123, 88,
       109, 120, 183, 238, 223, 23, 217, 166, 62, 132, 222, 254, 217, 49,
