%YAML:1.0
---
descriptors: !!opencv-matrix
   rows: 269
   cols: 32
   dt: u
   data: [ 232, 104, 186, 245, 109, 200, 81, 7, 179, 189, 230, 25, 182,
       151, 67, 59, 128, 60, 121, 0, 10, 252, 226, 0, 199, 249, 80, 51,
       0, 8, 86, 106, 42, 114, 228, 137, 109, 119, 184, 72, 15, 93, 220,
       167, 204, 204, 63, 140, 222, 153, 215, 181, 134, 195, 123, 209,
       23, 87, 219, 159, 151, 79, 61, 215, 250, 249, 16, 176, 41, 221,
       88, 228, 171, 248, 176, 41, 143, 158, 66, 150, 204, 245, 253, 81,
       79, 79, 210, 176, 187, 209, 159, 255, 10, 28, 143, 95, 48, 19, 90,
       234, 52, 141, 82, 121, 37, 12, 253, 13, 115, 219, 42, 16, 220,
       184, 5, 98, 94, 35, 80, 31, 243, 205, 33, 57, 120, 170, 70, 19, 7,
       145, 43, 235, 244, 197, 187, 248, 78, 76, 93, 2, 144, 220, 124,
       96, 252, 25, 23, 209, 215, 58, 62, 245, 77, 28, 170, 238, 85, 11,
       245, 247, 154, 83, 246, 189, 43, 82, 121, 21, 165, 93, 214, 183,
       141, 151, 34, 207, 102, 157, 255, 192, 42, 221, 243, 192, 215,
       241, 186, 131, 38, 132, 44, 91, 126, 83, 98, 204, 125, 87, 223,
       104, 137, 236, 149, 171, 74, 220, 63, 3, 254, 245, 223, 231, 236,
       163, 52, 200, 179, 89, 139, 187, 55, 191, 126, 215, 11, 19, 38,
       168, 111, 215, 184, 72, 140, 93, 221, 167, 141, 140, 54, 136, 238,
       41, 255, 181, 132, 187, 119, 156, 214, 65, 234, 201, 31, 14, 61,
       211, 73, 217, 247, 76, 36, 206, 239, 181, 237, 72, 118, 96, 191,
       181, 176, 230, 38, 244, 62, 72, 209, 184, 55, 224, 101, 248, 102,
       128, 118, 185, 193, 125, 249, 34, 105, 233, 110, 41, 105, 80, 205,
       104, 246, 254, 159, 139, 180, 123, 110, 140, 94, 76, 161, 55, 229,
       208, 214, 233, 250, 184, 53, 137, 80, 225, 11, 155, 61, 249, 230,
       136, 249, 23, 111, 89, 87, 246, 188, 143, 208, 105, 230, 11, 63,
       28, 211, 156, 227, 209, 198, 249, 122, 192, 22, 136, 129, 241,
       139, 243, 123, 201, 108, 144, 237, 87, 237, 89, 246, 244, 189,
       139, 208, 98, 238, 169, 94, 141, 195, 30, 230, 209, 102, 249, 186,
       136, 78, 144, 227, 249, 39, 197, 96, 139, 84, 179, 162, 200, 70,
       65, 89, 71, 224, 216, 191, 160, 216, 74, 18, 119, 135, 178, 108,
       191, 36, 12, 139, 164, 93, 95, 120, 220, 37, 86, 105, 232, 116,
       43, 75, 91, 93, 106, 252, 108, 83, 41, 189, 56, 220, 136, 23, 44,
       153, 178, 96, 158, 118, 221, 161, 180, 158, 234, 82, 241, 24, 180,
       187, 250, 191, 253, 145, 71, 255, 83, 189, 56, 190, 191, 104, 40,
       171, 187, 207, 17, 27, 107, 178, 211, 219, 215, 22, 123, 211, 72,
       167, 123, 189, 21, 111, 232, 149, 198, 77, 113, 213, 64, 207, 22,
       81, 223, 56, 97, 120, 160, 59, 172, 249, 131, 48, 142, 251, 235,
       203, 64, 63, 170, 240, 112, 131, 185, 224, 213, 230, 152, 189, 55,
       123, 107, 84, 246, 185, 172, 212, 44, 175, 63, 55, 141, 247, 252,
       244, 231, 78, 62, 254, 224, 207, 132, 211, 223, 49, 222, 111, 252,
       46, 147, 205, 249, 215, 202, 214, 230, 113, 237, 185, 97, 127,
       228, 63, 173, 233, 227, 47, 159, 250, 239, 255, 152, 61, 168, 112,
       121, 179, 249, 59, 238, 29, 151, 239, 244, 229, 72, 252, 68, 187,
       143, 54, 49, 236, 227, 95, 207, 201, 171, 112, 253, 243, 249, 142,
       8, 73, 19, 227, 248, 1, 141, 77, 249, 182, 169, 105, 183, 108, 81,
       74, 150, 189, 35, 176, 97, 103, 35, 26, 156, 179, 184, 117, 245,
       204, 203, 146, 64, 189, 136, 193, 56, 134, 181, 147, 155, 244,
       167, 170, 236, 31, 169, 88, 115, 244, 248, 124, 1, 255, 91, 19,
       241, 51, 248, 73, 255, 44, 22, 159, 198, 221, 90, 177, 159, 184,
       141, 42, 216, 93, 197, 197, 99, 214, 12, 196, 2, 48, 153, 48, 97,
       200, 186, 27, 137, 106, 47, 50, 191, 115, 185, 130, 123, 19, 8,
       244, 170, 155, 181, 111, 161, 151, 23, 233, 119, 85, 97, 214, 23,
       25, 12, 118, 33, 111, 135, 19, 189, 189, 187, 53, 214, 123, 79,
       158, 196, 175, 140, 241, 244, 155, 223, 78, 188, 23, 146, 188,
       119, 181, 64, 222, 167, 41, 174, 50, 193, 238, 163, 159, 197, 237,
       153, 20, 239, 242, 111, 186, 129, 63, 28, 185, 95, 173, 113, 117,
       71, 116, 79, 231, 56, 113, 232, 119, 72, 211, 81, 157, 53, 88,
       220, 70, 106, 233, 176, 121, 14, 101, 184, 32, 4, 67, 187, 86,
       160, 114, 122, 100, 112, 79, 221, 144, 66, 171, 125, 176, 63, 42,
       156, 86, 155, 236, 177, 223, 17, 158, 111, 226, 241, 23, 88, 24,
       251, 87, 12, 94, 215, 185, 107, 107, 230, 118, 27, 75, 112, 85,
       96, 253, 234, 115, 9, 177, 48, 126, 168, 22, 238, 201, 178, 100,
       61, 242, 205, 160, 160, 127, 155, 114, 169, 89, 188, 59, 242, 157,
       237, 81, 71, 223, 121, 172, 28, 158, 249, 96, 56, 129, 187, 126,
       16, 27, 43, 178, 211, 219, 221, 17, 123, 218, 72, 197, 122, 131,
       209, 33, 141, 106, 69, 173, 125, 140, 118, 85, 194, 188, 150, 190,
       39, 110, 9, 18, 175, 197, 22, 182, 209, 53, 24, 206, 168, 21, 190,
       161, 252, 61, 21, 102, 108, 119, 87, 94, 120, 69, 204, 253, 174,
       91, 109, 183, 180, 126, 140, 149, 238, 204, 178, 117, 157, 243,
       237, 161, 133, 119, 175, 126, 245, 141, 176, 208, 177, 232, 173,
       169, 222, 174, 241, 48, 222, 157, 199, 200, 27, 111, 73, 94, 156,
       179, 112, 223, 208, 76, 155, 191, 244, 158, 217, 131, 177, 84, 92,
       251, 229, 34, 78, 127, 176, 56, 238, 126, 32, 247, 55, 129, 82,
       54, 253, 61, 106, 65, 144, 177, 106, 229, 175, 99, 128, 32, 243,
       5, 113, 153, 241, 58, 229, 101, 205, 125, 117, 124, 77, 118, 28,
       63, 23, 10, 176, 182, 26, 151, 44, 195, 190, 177, 223, 247, 237,
       50, 128, 98, 146, 231, 249, 193, 13, 255, 213, 110, 106, 237, 56,
       232, 214, 242, 114, 221, 62, 149, 107, 107, 247, 126, 171, 225,
       119, 239, 201, 213, 42, 235, 0, 69, 120, 117, 96, 44, 4, 254, 236,
       68, 98, 99, 90, 85, 3, 126, 18, 17, 179, 177, 120, 120, 156, 38,
       42, 24, 179, 49, 130, 87, 239, 242, 69, 247, 233, 116, 160, 57,
       92, 105, 229, 116, 95, 111, 18, 69, 236, 126, 238, 187, 21, 147,
       244, 94, 188, 150, 108, 201, 184, 117, 158, 230, 221, 160, 128,
       127, 186, 88, 249, 34, 173, 42, 186, 221, 225, 193, 103, 150, 13,
       217, 27, 34, 236, 54, 8, 201, 42, 131, 133, 58, 43, 10, 183, 89,
       87, 152, 123, 209, 76, 246, 234, 109, 181, 165, 167, 173, 79, 71,
       184, 179, 254, 139, 13, 223, 117, 83, 19, 145, 68, 125, 111, 237,
       64, 249, 12, 233, 250, 205, 52, 10, 126, 82, 114, 242, 58, 57,
       176, 111, 205, 176, 82, 137, 125, 176, 255, 42, 156, 70, 154, 174,
       177, 223, 17, 142, 47, 226, 241, 23, 88, 58, 251, 77, 12, 126,
       215, 242, 249, 26, 178, 33, 221, 82, 228, 41, 168, 176, 41, 175,
       158, 66, 176, 166, 249, 221, 83, 78, 15, 210, 165, 155, 209, 30,
       251, 0, 30, 15, 95, 102, 232, 238, 18, 207, 249, 244, 198, 203,
       119, 53, 155, 42, 232, 126, 159, 171, 227, 227, 23, 150, 107, 174,
       241, 31, 91, 85, 127, 215, 93, 223, 198, 141, 160, 196, 145, 236,
       45, 233, 218, 190, 243, 52, 222, 157, 147, 217, 175, 111, 75, 94,
       156, 179, 116, 223, 208, 76, 218, 255, 228, 142, 204, 131, 176,
       17, 209, 55, 207, 52, 198, 107, 53, 68, 73, 223, 102, 247, 87,
       184, 100, 92, 16, 30, 232, 203, 169, 113, 189, 161, 172, 162, 208,
       28, 138, 241, 57, 73, 217, 113, 69, 117, 152, 236, 53, 101, 73,
       126, 98, 43, 60, 148, 228, 126, 170, 182, 200, 201, 184, 101, 237,
       54, 120, 132, 130, 111, 158, 232, 45, 218, 114, 114, 216, 107, 80,
       120, 81, 61, 94, 215, 182, 12, 151, 166, 253, 110, 149, 191, 234,
       232, 87, 179, 192, 215, 121, 210, 131, 38, 132, 44, 119, 11, 155,
       190, 251, 224, 173, 185, 21, 175, 93, 119, 116, 188, 159, 226,
       107, 230, 59, 63, 157, 147, 216, 34, 241, 207, 217, 186, 202, 154,
       129, 161, 251, 54, 97, 50, 142, 109, 85, 158, 232, 143, 188, 177,
       11, 108, 222, 127, 1, 250, 209, 223, 227, 74, 99, 250, 253, 179,
       80, 143, 191, 87, 63, 119, 198, 139, 122, 63, 251, 108, 220, 185,
       148, 239, 89, 116, 100, 188, 159, 243, 107, 230, 59, 63, 204, 195,
