%YAML:1.0
---
descriptors: !!opencv-matrix
   rows: 120
   cols: 32
   dt: u
   data: [ 84, 153, 159, 247, 130, 234, 53, 167, 172, 27, 74, 33, 213,
       55, 8, 107, 231, 87, 105, 144, 16, 216, 179, 32, 205, 163, 126,
       69, 128, 83, 165, 51, 129, 207, 29, 249, 60, 141, 65, 191, 94, 25,
       112, 112, 183, 131, 160, 97, 195, 10, 14, 12, 98, 56, 67, 55, 238,
       152, 48, 104, 24, 136, 193, 169, 53, 133, 250, 239, 244, 11, 239,
       252, 86, 160, 255, 130, 83, 109, 153, 112, 126, 254, 23, 106, 217,
       178, 109, 63, 126, 173, 165, 196, 101, 251, 112, 161, 120, 172,
       253, 254, 203, 224, 81, 207, 163, 23, 236, 24, 45, 247, 64, 26,
       163, 155, 225, 144, 50, 79, 186, 115, 219, 231, 84, 123, 162, 64,
       166, 234, 220, 249, 153, 234, 26, 201, 19, 172, 174, 97, 128, 40,
       183, 215, 96, 114, 162, 113, 125, 80, 67, 13, 186, 51, 249, 129,
       47, 125, 16, 2, 7, 122, 221, 90, 237, 231, 38, 22, 110, 184, 100,
       234, 211, 230, 209, 110, 153, 235, 118, 196, 124, 239, 205, 212,
       237, 40, 134, 235, 239, 148, 45, 243, 81, 53, 36, 77, 62, 254,
       124, 139, 150, 104, 223, 134, 249, 8, 206, 249, 44, 113, 215, 113,
       127, 98, 96, 99, 74, 191, 243, 255, 71, 63, 80, 171, 165, 163,
       193, 88, 222, 212, 108, 4, 237, 54, 252, 138, 242, 70, 241, 226,
       181, 107, 98, 100, 110, 206, 225, 229, 151, 234, 20, 186, 242, 0,
       76, 241, 97, 40, 28, 135, 235, 161, 150, 98, 239, 223, 36, 197,
       218, 247, 85, 39, 184, 64, 127, 207, 29, 181, 88, 153, 5, 6, 248,
       231, 174, 197, 165, 218, 181, 112, 90, 185, 18, 176, 35, 200, 112,
       103, 169, 13, 250, 41, 175, 151, 64, 144, 166, 187, 205, 0, 30,
       203, 130, 225, 147, 245, 26, 131, 2, 4, 175, 31, 109, 119, 59,
       239, 44, 15, 127, 56, 109, 234, 191, 78, 215, 251, 57, 98, 220,
       212, 127, 110, 201, 163, 249, 206, 247, 249, 167, 180, 26, 187,
       80, 177, 148, 4, 31, 239, 48, 46, 111, 51, 44, 130, 111, 80, 247,
       67, 129, 211, 114, 52, 76, 42, 97, 149, 1, 14, 129, 231, 34, 0,
       32, 227, 33, 160, 8, 180, 56, 59, 185, 237, 144, 143, 30, 121, 57,
       57, 190, 28, 72, 0, 133, 27, 207, 1, 50, 104, 91, 23, 205, 213,
       20, 127, 80, 8, 135, 219, 254, 88, 255, 244, 44, 108, 125, 144,
       169, 222, 182, 63, 255, 127, 133, 123, 231, 245, 253, 226, 169,
       71, 243, 232, 215, 251, 251, 146, 165, 241, 102, 123, 77, 92, 159,
       221, 100, 36, 233, 18, 248, 202, 118, 84, 189, 179, 177, 107, 231,
       101, 42, 10, 161, 245, 146, 234, 69, 187, 250, 8, 200, 241, 105,
       184, 2, 178, 250, 26, 226, 160, 184, 71, 186, 93, 113, 181, 44,
       238, 110, 24, 167, 59, 163, 149, 150, 90, 170, 115, 94, 55, 58,
       235, 140, 4, 175, 223, 86, 237, 148, 183, 157, 200, 166, 199, 186,
       147, 139, 19, 236, 226, 72, 202, 225, 111, 234, 147, 102, 89, 139,
       227, 189, 54, 223, 99, 128, 126, 189, 142, 125, 117, 57, 238, 61,
       15, 215, 248, 127, 200, 253, 76, 223, 125, 13, 48, 220, 213, 95,
       106, 233, 35, 123, 159, 243, 255, 39, 188, 72, 123, 67, 51, 85,
       13, 95, 229, 146, 102, 111, 179, 36, 128, 206, 194, 85, 39, 145,
       97, 118, 247, 29, 252, 57, 153, 53, 108, 253, 175, 175, 192, 172,
       243, 161, 48, 125, 117, 185, 225, 184, 47, 95, 184, 59, 250, 188,
       108, 223, 127, 201, 50, 151, 221, 125, 122, 233, 67, 251, 186,
       251, 223, 37, 188, 136, 243, 66, 49, 91, 73, 239, 205, 29, 222,
       235, 68, 231, 228, 206, 2, 185, 31, 19, 102, 98, 228, 123, 204,
       192, 185, 53, 232, 247, 237, 130, 0, 39, 162, 117, 104, 131, 208,
       140, 187, 77, 189, 180, 207, 158, 115, 65, 23, 164, 218, 110, 203,
       201, 11, 187, 5, 118, 92, 91, 211, 7, 83, 222, 47, 152, 92, 153,
       158, 232, 172, 190, 120, 169, 253, 16, 207, 155, 31, 164, 25, 174,
       249, 98, 27, 129, 115, 233, 16, 50, 111, 202, 179, 219, 211, 85,
       123, 210, 76, 143, 10, 220, 144, 178, 186, 57, 244, 26, 200, 191,
       93, 149, 17, 206, 222, 106, 216, 181, 25, 253, 83, 30, 7, 186,
       243, 155, 245, 43, 255, 146, 7, 45, 83, 48, 12, 26, 170, 148, 227,
       67, 67, 150, 197, 239, 2, 114, 241, 34, 0, 89, 186, 2, 48, 27,
       187, 56, 31, 249, 165, 3, 1, 249, 74, 100, 250, 213, 83, 67, 199,
       98, 14, 111, 56, 33, 202, 87, 230, 209, 71, 153, 116, 118, 196,
       61, 238, 201, 148, 237, 78, 228, 174, 227, 132, 45, 179, 96, 49,
       249, 155, 126, 108, 40, 30, 87, 48, 225, 204, 182, 236, 115, 101,
       146, 115, 6, 230, 108, 110, 201, 99, 229, 45, 114, 233, 100, 152,
       107, 178, 106, 121, 212, 33, 189, 97, 137, 110, 97, 0, 235, 177,
       167, 24, 155, 55, 65, 58, 32, 213, 108, 152, 25, 113, 241, 0, 155,
       217, 5, 117, 224, 97, 71, 34, 221, 205, 95, 245, 128, 70, 109,
       181, 180, 242, 134, 80, 221, 55, 144, 243, 38, 245, 125, 238, 97,
       221, 49, 108, 255, 235, 239, 196, 34, 176, 161, 40, 183, 113, 253,
       67, 143, 87, 199, 220, 71, 242, 180, 10, 74, 92, 223, 175, 88,
       212, 254, 250, 205, 103, 255, 208, 51, 89, 197, 63, 119, 255, 126,
       228, 241, 29, 95, 236, 140, 110, 70, 52, 245, 200, 230, 64, 115,
       55, 33, 119, 64, 246, 108, 106, 105, 139, 113, 44, 179, 235, 96,
       16, 48, 249, 112, 56, 180, 113, 252, 74, 205, 93, 215, 216, 195,
       190, 181, 8, 74, 223, 237, 63, 60, 220, 198, 122, 201, 99, 186,
       176, 123, 217, 69, 63, 115, 251, 238, 183, 251, 52, 123, 136, 42,
       123, 29, 75, 57, 198, 165, 188, 159, 22, 175, 253, 182, 177, 221,
       44, 173, 7, 244, 222, 240, 221, 10, 62, 92, 244, 163, 116, 125,
       87, 62, 239, 189, 15, 95, 184, 109, 232, 255, 76, 223, 123, 25,
       113, 220, 196, 124, 110, 233, 163, 217, 172, 243, 251, 103, 188,
       72, 123, 66, 35, 48, 62, 154, 186, 248, 225, 151, 203, 150, 79,
       236, 49, 39, 231, 34, 16, 217, 58, 130, 0, 30, 175, 42, 55, 241,
       167, 51, 121, 208, 75, 166, 211, 48, 21, 63, 170, 148, 227, 83,
       127, 180, 77, 238, 32, 115, 247, 34, 64, 88, 186, 14, 112, 57,
       171, 49, 63, 249, 165, 38, 81, 240, 74, 228, 242, 125, 117, 60,
       237, 61, 15, 95, 186, 125, 170, 252, 76, 223, 123, 1, 48, 156,
       213, 92, 110, 233, 178, 81, 158, 243, 255, 37, 180, 90, 249, 66,
       51, 105, 61, 24, 229, 188, 15, 93, 191, 123, 170, 190, 76, 159,
       59, 65, 48, 151, 157, 124, 44, 233, 122, 209, 30, 239, 223, 37,
       52, 72, 240, 67, 41, 120, 49, 191, 232, 13, 213, 81, 64, 203, 93,
       165, 8, 30, 148, 98, 62, 200, 144, 248, 80, 27, 43, 242, 144, 219,
       209, 0, 123, 210, 14, 102, 114, 68, 8, 158, 252, 57, 139, 26, 104,
       159, 160, 240, 9, 239, 235, 33, 209, 210, 117, 110, 98, 32, 99,
       11, 221, 217, 247, 71, 63, 80, 42, 9, 130, 68, 50, 152, 35, 160,
       47, 121, 24, 58, 187, 179, 125, 223, 83, 73, 26, 183, 93, 93, 51,
       144, 212, 201, 64, 204, 213, 47, 228, 200, 227, 3, 3, 5, 176, 185,
       243, 236, 237, 249, 159, 207, 123, 61, 124, 158, 189, 216, 58,
       175, 27, 127, 25, 147, 120, 251, 209, 207, 223, 127, 254, 222,
       202, 135, 243, 244, 75, 78, 172, 12, 10, 79, 188, 160, 138, 242,
       207, 83, 107, 49, 83, 118, 229, 109, 231, 204, 3, 135, 44, 240,
       235, 237, 156, 61, 187, 96, 0, 68, 32, 219, 65, 242, 106, 171,
       192, 122, 179, 43, 24, 214, 167, 89, 186, 51, 93, 72, 58, 17, 241,
       169, 64, 157, 132, 15, 116, 196, 99, 7, 160, 125, 23, 69, 69, 180,
       30, 78, 56, 113, 234, 255, 108, 83, 97, 157, 112, 22, 196, 92,
       110, 233, 176, 109, 14, 110, 239, 37, 148, 111, 243, 82, 33, 136,
       169, 138, 187, 153, 132, 122, 131, 182, 149, 206, 21, 189, 227,
       98, 64, 193, 43, 43, 149, 62, 200, 82, 119, 235, 197, 142, 73,
       152, 0, 169, 26, 92, 5, 30, 237, 130, 46, 109, 63, 36, 134, 239,
       16, 215, 115, 41, 91, 115, 22, 76, 40, 56, 129, 17, 14, 225, 231,
       114, 16, 160, 240, 161, 32, 105, 91, 25, 105, 60, 77, 83, 184, 66,
       104, 60, 108, 183, 21, 129, 48, 148, 18, 84, 78, 203, 40, 121, 61,
       231, 157, 32, 176, 88, 155, 66, 121, 181, 197, 127, 239, 180, 11,
