%YAML:1.0
---
descriptors: !!opencv-matrix
   rows: 268
   cols: 32
   dt: u
   data: [ 250, 189, 230, 245, 151, 90, 120, 51, 51, 244, 246, 155, 75,
       63, 22, 119, 39, 245, 253, 161, 188, 248, 245, 206, 223, 251, 213,
       199, 103, 164, 254, 87, 201, 177, 252, 113, 169, 218, 124, 55,
       255, 127, 102, 189, 159, 183, 150, 245, 7, 63, 253, 12, 244, 220,
       229, 85, 231, 251, 116, 195, 98, 132, 207, 127, 67, 127, 91, 229,
       114, 158, 62, 50, 61, 232, 122, 228, 157, 159, 133, 240, 166, 125,
       95, 204, 193, 152, 181, 238, 166, 253, 43, 128, 12, 176, 35, 189,
       164, 164, 221, 177, 236, 41, 233, 155, 94, 51, 49, 90, 159, 225,
       216, 11, 35, 15, 110, 25, 51, 116, 207, 210, 76, 146, 119, 116,
       220, 200, 195, 161, 118, 114, 104, 160, 76, 73, 250, 216, 41, 252,
       176, 15, 71, 79, 95, 31, 120, 193, 95, 243, 76, 99, 241, 192, 215,
       216, 203, 191, 101, 59, 118, 215, 61, 105, 90, 71, 212, 31, 230,
       232, 120, 160, 111, 72, 83, 200, 151, 176, 56, 236, 66, 110, 205,
       178, 205, 62, 54, 237, 5, 49, 105, 187, 90, 132, 252, 65, 118,
       238, 13, 86, 94, 120, 177, 166, 231, 10, 91, 119, 41, 255, 112,
       212, 237, 234, 104, 199, 185, 204, 243, 235, 199, 21, 35, 191,
       124, 34, 69, 89, 28, 65, 177, 14, 51, 152, 108, 168, 111, 100,
       222, 19, 141, 112, 182, 85, 124, 122, 149, 176, 25, 76, 204, 185,
       35, 70, 200, 35, 67, 3, 92, 105, 19, 111, 19, 198, 111, 244, 37,
       40, 202, 0, 126, 83, 1, 112, 112, 247, 121, 234, 72, 147, 25, 109,
       241, 168, 6, 0, 35, 115, 38, 42, 6, 48, 249, 201, 76, 201, 232,
       72, 142, 121, 243, 91, 148, 222, 109, 122, 234, 153, 95, 144, 2,
       52, 219, 81, 149, 16, 171, 238, 149, 11, 37, 183, 69, 0, 249, 247,
       96, 46, 104, 16, 122, 187, 39, 80, 215, 35, 217, 122, 55, 196,
       125, 30, 161, 84, 201, 66, 199, 191, 115, 4, 136, 241, 67, 32, 39,
       164, 112, 195, 237, 125, 240, 9, 79, 113, 61, 25, 206, 121, 94,
       44, 155, 27, 255, 29, 150, 112, 255, 214, 143, 92, 21, 127, 214,
       206, 199, 198, 24, 157, 57, 251, 176, 239, 83, 183, 22, 9, 206,
       16, 183, 23, 32, 112, 213, 58, 29, 24, 59, 136, 113, 63, 235, 239,
       52, 80, 144, 200, 196, 123, 73, 48, 149, 101, 105, 76, 176, 41,
       233, 88, 34, 8, 190, 113, 64, 51, 128, 20, 120, 104, 5, 96, 179,
       9, 71, 249, 64, 10, 74, 32, 67, 35, 246, 53, 21, 236, 169, 109,
       94, 248, 59, 186, 176, 72, 255, 255, 65, 49, 157, 221, 221, 99,
       107, 103, 219, 155, 187, 219, 109, 190, 88, 249, 66, 19, 188, 193,
       196, 255, 205, 7, 70, 185, 83, 186, 176, 90, 67, 105, 92, 31, 217,
       204, 36, 106, 106, 102, 91, 183, 171, 219, 197, 116, 121, 186,
       208, 0, 166, 141, 215, 254, 252, 171, 94, 239, 223, 2, 112, 88,
       238, 233, 36, 69, 211, 123, 111, 42, 48, 107, 74, 191, 170, 254,
       87, 58, 212, 248, 193, 141, 162, 172, 245, 223, 238, 163, 252,
       175, 219, 179, 24, 242, 124, 234, 212, 11, 143, 119, 115, 133,
       176, 237, 143, 255, 46, 30, 255, 218, 133, 192, 147, 137, 185,
       224, 229, 253, 12, 7, 78, 156, 87, 186, 240, 82, 99, 105, 93, 107,
       217, 204, 53, 235, 232, 246, 219, 155, 131, 251, 197, 52, 127,
       249, 80, 8, 58, 190, 186, 126, 203, 255, 145, 222, 23, 127, 252,
       63, 106, 253, 110, 29, 253, 251, 231, 144, 190, 255, 251, 179, 91,
       247, 116, 179, 211, 76, 102, 219, 139, 187, 108, 255, 110, 219,
       123, 184, 163, 212, 21, 167, 249, 95, 155, 35, 38, 113, 253, 239,
       228, 64, 239, 189, 102, 203, 233, 173, 55, 166, 85, 241, 122, 180,
       177, 212, 127, 84, 152, 255, 27, 107, 180, 59, 124, 61, 30, 55,
       157, 215, 221, 133, 179, 111, 249, 207, 27, 126, 88, 254, 207, 12,
       183, 127, 250, 56, 238, 85, 139, 249, 145, 7, 177, 119, 150, 155,
       42, 188, 86, 42, 233, 183, 253, 145, 188, 239, 247, 130, 87, 119,
       216, 179, 231, 76, 222, 94, 178, 103, 99, 69, 82, 2, 235, 100, 53,
       4, 230, 178, 73, 7, 141, 245, 126, 221, 131, 250, 106, 150, 101,
       206, 54, 40, 139, 132, 103, 177, 102, 244, 69, 239, 134, 95, 250,
       152, 174, 188, 246, 176, 78, 228, 241, 226, 217, 230, 51, 110,
       106, 206, 195, 81, 143, 127, 44, 46, 111, 40, 12, 243, 9, 8, 81,
       77, 222, 213, 20, 142, 111, 50, 124, 128, 126, 66, 253, 35, 177,
       116, 114, 108, 62, 238, 192, 184, 5, 238, 230, 238, 231, 0, 39,
       243, 97, 168, 34, 191, 17, 186, 221, 205, 182, 239, 142, 17, 232,
       75, 164, 223, 108, 0, 217, 59, 3, 81, 83, 11, 74, 247, 189, 20,
       15, 126, 144, 10, 135, 139, 5, 111, 70, 71, 178, 10, 110, 184,
       118, 168, 111, 228, 241, 227, 153, 244, 54, 110, 110, 238, 193,
       208, 207, 62, 46, 174, 37, 132, 46, 243, 72, 161, 252, 81, 86,
       236, 13, 86, 94, 104, 177, 174, 231, 10, 75, 51, 43, 215, 248,
       212, 237, 226, 104, 199, 185, 140, 243, 243, 199, 31, 35, 63, 252,
       2, 242, 72, 223, 247, 14, 10, 109, 8, 249, 146, 179, 90, 255, 106,
       21, 91, 98, 229, 125, 234, 104, 71, 207, 232, 148, 250, 218, 16,
       37, 241, 99, 32, 77, 32, 153, 247, 242, 46, 104, 17, 58, 179, 99,
       80, 221, 115, 73, 250, 183, 95, 116, 60, 49, 208, 153, 66, 207,
       239, 119, 68, 136, 227, 203, 161, 50, 168, 112, 190, 77, 137, 248,
       70, 239, 33, 224, 11, 46, 136, 20, 20, 170, 171, 91, 129, 14, 59,
       194, 245, 151, 88, 24, 59, 71, 12, 67, 142, 196, 172, 135, 179,
       214, 168, 38, 143, 190, 147, 74, 82, 244, 226, 73, 74, 113, 234,
       42, 152, 114, 92, 202, 227, 172, 38, 159, 68, 160, 112, 161, 8,
       50, 188, 183, 184, 234, 175, 184, 199, 191, 123, 240, 249, 62,
       191, 36, 25, 237, 255, 255, 17, 190, 223, 194, 255, 153, 86, 95,
       250, 193, 76, 166, 243, 230, 32, 245, 225, 116, 74, 248, 8, 105,
       179, 178, 155, 143, 11, 93, 26, 175, 149, 95, 185, 56, 244, 193,
       192, 159, 220, 155, 167, 197, 161, 67, 128, 77, 75, 127, 103, 36,
       14, 111, 184, 109, 136, 126, 100, 251, 99, 145, 114, 22, 228, 108,
       110, 201, 176, 237, 44, 230, 249, 101, 128, 74, 179, 66, 41, 73,
       48, 81, 101, 110, 72, 113, 24, 105, 104, 50, 104, 158, 17, 192,
       54, 130, 21, 124, 40, 131, 32, 211, 65, 5, 184, 32, 46, 74, 34,
       67, 187, 107, 156, 92, 90, 91, 177, 16, 138, 207, 17, 172, 46,
       104, 250, 38, 247, 193, 178, 234, 16, 22, 43, 94, 253, 62, 123,
       64, 91, 155, 76, 104, 30, 218, 81, 124, 253, 110, 83, 93, 56, 139,
       242, 21, 167, 125, 223, 148, 51, 54, 181, 245, 239, 192, 68, 231,
       217, 199, 251, 233, 169, 55, 166, 85, 211, 9, 75, 86, 69, 52, 159,
       238, 118, 109, 8, 126, 96, 191, 33, 150, 180, 46, 38, 110, 76,
       128, 184, 37, 78, 38, 255, 34, 128, 74, 128, 75, 173, 110, 227,
       236, 247, 156, 80, 207, 188, 18, 191, 151, 235, 193, 239, 218, 74,
       95, 198, 253, 255, 218, 71, 239, 178, 238, 199, 239, 253, 167,
       255, 148, 112, 70, 21, 149, 21, 233, 110, 180, 15, 174, 187, 11,
       84, 204, 50, 76, 239, 133, 87, 234, 16, 17, 216, 211, 64, 13, 50,
       95, 70, 136, 112, 129, 150, 122, 105, 114, 76, 117, 221, 82, 100,
       105, 12, 252, 8, 42, 253, 54, 180, 248, 250, 198, 72, 78, 43, 242,
       253, 179, 221, 0, 59, 115, 158, 78, 142, 245, 237, 137, 250, 236,
       85, 198, 236, 194, 218, 185, 74, 83, 224, 249, 163, 217, 194, 94,
       250, 95, 99, 202, 179, 186, 153, 231, 60, 209, 251, 250, 132, 116,
       111, 92, 101, 138, 11, 7, 233, 32, 164, 170, 170, 83, 97, 129, 18,
       56, 212, 108, 98, 72, 179, 205, 12, 240, 161, 101, 53, 97, 122, 6,
       32, 121, 187, 154, 167, 49, 157, 90, 85, 107, 233, 251, 77, 255,
       251, 74, 176, 180, 239, 124, 92, 159, 187, 217, 45, 251, 253, 39,
       48, 202, 130, 75, 25, 57, 67, 107, 101, 54, 86, 107, 49, 101, 236,
       247, 134, 27, 13, 150, 100, 126, 164, 21, 238, 201, 176, 53, 140,
       119, 233, 160, 128, 103, 174, 116, 113, 71, 107, 27, 242, 184,
       132, 62, 112, 236, 200, 91, 100, 124, 211, 233, 98, 182, 105, 14,
       254, 87, 193, 170, 236, 250, 152, 47, 200, 8, 163, 161, 129, 10,
