%YAML:1.0
---
descriptors: !!opencv-matrix
   rows: 260
   cols: 32
   dt: u
   data: [ 196, 157, 185, 246, 242, 100, 127, 185, 177, 223, 62, 16, 117,
       119, 73, 83, 55, 243, 29, 234, 112, 65, 184, 111, 255, 191, 103,
       140, 162, 242, 167, 123, 192, 144, 45, 247, 164, 236, 109, 49,
       252, 95, 87, 21, 247, 93, 24, 123, 128, 18, 125, 11, 243, 240,
       115, 37, 231, 187, 242, 192, 4, 129, 213, 114, 175, 239, 215, 31,
       255, 187, 166, 236, 255, 202, 251, 98, 232, 232, 189, 229, 249,
       110, 234, 227, 245, 243, 76, 239, 62, 126, 199, 3, 223, 127, 249,
       141, 87, 251, 172, 154, 136, 20, 30, 136, 154, 254, 133, 167, 69,
       238, 223, 74, 149, 197, 253, 247, 222, 67, 239, 114, 186, 103,
       239, 255, 156, 119, 57, 84, 61, 201, 214, 179, 197, 252, 230, 196,
       123, 83, 243, 18, 106, 122, 77, 187, 249, 202, 162, 210, 127, 242,
       90, 224, 63, 255, 86, 7, 235, 123, 250, 134, 151, 84, 173, 255,
       141, 119, 222, 216, 95, 250, 151, 23, 223, 253, 127, 107, 253,
       215, 191, 111, 253, 103, 123, 242, 251, 91, 223, 188, 156, 251,
       216, 114, 212, 95, 62, 171, 174, 108, 95, 150, 172, 78, 223, 53,
       215, 127, 43, 65, 231, 87, 61, 67, 120, 133, 25, 50, 225, 231, 62,
       209, 180, 83, 165, 91, 84, 181, 43, 170, 188, 199, 95, 253, 182,
       204, 141, 171, 247, 215, 56, 112, 246, 251, 93, 243, 218, 11, 174,
       61, 249, 197, 175, 252, 52, 130, 183, 115, 62, 119, 97, 69, 83,
       15, 239, 120, 53, 230, 126, 198, 83, 37, 157, 164, 124, 220, 6,
       238, 233, 176, 125, 206, 101, 14, 165, 132, 111, 250, 118, 244,
       204, 73, 47, 122, 201, 228, 175, 196, 236, 85, 79, 0, 157, 151,
       59, 123, 98, 31, 123, 219, 83, 145, 190, 96, 101, 41, 154, 8, 4,
       83, 165, 248, 56, 75, 105, 238, 60, 193, 75, 248, 132, 12, 213,
       195, 115, 205, 51, 64, 94, 168, 31, 111, 202, 33, 79, 189, 243,
       233, 160, 153, 119, 187, 116, 121, 204, 249, 185, 243, 189, 237,
       83, 148, 202, 253, 47, 24, 182, 221, 88, 98, 129, 106, 121, 88,
       154, 109, 250, 179, 207, 221, 5, 121, 130, 11, 85, 98, 82, 56,
       186, 218, 139, 240, 152, 71, 170, 215, 168, 176, 172, 254, 102,
       250, 227, 187, 255, 145, 31, 75, 166, 224, 153, 48, 154, 251, 128,
       68, 175, 222, 199, 217, 231, 159, 170, 148, 191, 184, 190, 84, 71,
       229, 252, 238, 191, 103, 39, 115, 251, 207, 231, 73, 190, 245, 46,
       58, 207, 202, 22, 165, 33, 93, 84, 203, 158, 246, 156, 6, 95, 188,
       162, 148, 138, 2, 215, 227, 105, 66, 247, 213, 109, 242, 74, 65,
       139, 45, 249, 231, 239, 92, 32, 179, 37, 2, 191, 245, 236, 71,
       215, 87, 191, 248, 87, 228, 95, 166, 89, 125, 191, 165, 95, 220,
       183, 255, 237, 242, 125, 190, 111, 79, 237, 135, 119, 255, 180,
       245, 233, 124, 185, 231, 36, 110, 77, 54, 48, 238, 246, 88, 179,
       55, 1, 114, 77, 180, 125, 136, 233, 220, 241, 10, 199, 239, 240,
       144, 34, 248, 4, 123, 116, 39, 200, 164, 200, 27, 86, 248, 3, 172,
       253, 237, 195, 67, 203, 144, 92, 204, 196, 230, 76, 50, 201, 24,
       246, 197, 165, 61, 121, 251, 10, 130, 79, 208, 195, 187, 244, 150,
       110, 152, 55, 73, 83, 199, 217, 206, 187, 236, 118, 205, 53, 223,
       143, 212, 29, 229, 38, 111, 171, 196, 175, 151, 184, 85, 58, 22,
       46, 188, 109, 251, 85, 97, 149, 14, 244, 45, 110, 237, 39, 25,
       216, 185, 199, 35, 12, 163, 34, 157, 211, 243, 64, 59, 83, 125,
       54, 211, 215, 12, 142, 149, 141, 38, 236, 143, 176, 179, 130, 19,
       80, 34, 81, 75, 97, 199, 121, 157, 52, 221, 151, 194, 157, 42,
       223, 68, 165, 113, 185, 0, 70, 187, 179, 178, 234, 233, 185, 203,
       171, 253, 25, 233, 140, 254, 200, 154, 167, 87, 255, 17, 146, 75,
       138, 241, 156, 85, 63, 255, 132, 71, 135, 119, 4, 99, 137, 130,
       206, 37, 166, 200, 142, 178, 153, 203, 212, 226, 73, 10, 221, 73,
       107, 247, 66, 99, 202, 112, 60, 4, 175, 60, 144, 123, 147, 160,
       40, 188, 58, 122, 249, 253, 113, 247, 175, 77, 124, 13, 62, 255,
       38, 16, 205, 59, 215, 0, 18, 43, 50, 245, 255, 223, 16, 107, 82,
       64, 239, 219, 60, 117, 245, 107, 45, 111, 71, 184, 67, 234, 185,
       72, 219, 125, 25, 52, 93, 212, 85, 106, 201, 98, 249, 152, 239,
       222, 5, 60, 115, 251, 70, 115, 194, 186, 180, 19, 235, 221, 184,
       167, 251, 63, 22, 185, 172, 172, 86, 43, 167, 59, 237, 17, 150,
       124, 162, 241, 15, 83, 94, 251, 194, 4, 135, 207, 173, 116, 145,
       75, 212, 79, 99, 88, 118, 42, 96, 80, 211, 215, 41, 244, 89, 124,
       2, 58, 43, 180, 121, 31, 103, 175, 165, 4, 210, 251, 66, 160, 247,
       115, 7, 140, 107, 22, 31, 232, 156, 222, 146, 231, 76, 214, 171,
       215, 254, 213, 255, 231, 237, 71, 255, 222, 176, 50, 207, 191, 24,
       55, 47, 213, 175, 117, 47, 13, 223, 91, 175, 125, 68, 228, 222,
       167, 208, 108, 151, 165, 124, 204, 250, 239, 229, 243, 245, 204,
       124, 33, 175, 148, 79, 190, 61, 244, 37, 253, 121, 79, 252, 141,
       199, 188, 91, 104, 60, 76, 242, 117, 149, 52, 20, 66, 117, 78,
       195, 40, 249, 127, 111, 188, 37, 184, 91, 187, 66, 249, 189, 223,
       109, 111, 114, 155, 223, 184, 85, 68, 127, 231, 115, 77, 191, 1,
       62, 240, 135, 110, 233, 176, 109, 63, 102, 235, 33, 192, 127, 171,
       68, 241, 235, 203, 82, 86, 98, 16, 46, 180, 121, 74, 118, 254,
       121, 42, 148, 247, 118, 255, 182, 238, 245, 222, 166, 231, 54,
       250, 234, 136, 47, 181, 235, 141, 180, 76, 170, 254, 197, 167,
       199, 230, 84, 14, 241, 19, 48, 249, 55, 73, 217, 234, 7, 79, 104,
       175, 106, 187, 113, 14, 246, 9, 209, 121, 244, 234, 253, 212, 189,
       255, 157, 102, 94, 152, 214, 83, 195, 18, 215, 255, 57, 107, 217,
       215, 59, 191, 59, 229, 91, 186, 233, 239, 223, 84, 152, 123, 241,
       50, 107, 122, 211, 71, 98, 54, 238, 84, 123, 234, 121, 228, 121,
       226, 213, 246, 126, 236, 22, 206, 193, 146, 236, 234, 38, 252,
       166, 160, 239, 243, 99, 189, 116, 101, 241, 102, 190, 10, 78, 168,
       67, 160, 187, 234, 115, 121, 201, 50, 62, 215, 124, 98, 200, 51,
       205, 42, 185, 236, 37, 60, 101, 251, 194, 33, 173, 221, 101, 139,
       236, 189, 238, 188, 206, 90, 90, 70, 243, 248, 221, 230, 95, 74,
       54, 127, 247, 180, 127, 178, 46, 89, 37, 132, 222, 255, 216, 229,
       52, 165, 105, 234, 248, 199, 79, 249, 38, 224, 205, 72, 83, 247,
       56, 112, 94, 218, 95, 250, 91, 11, 123, 63, 249, 141, 173, 252,
       52, 163, 182, 160, 212, 216, 62, 126, 15, 70, 213, 224, 249, 22,
       167, 19, 94, 255, 46, 75, 232, 117, 105, 99, 96, 237, 58, 101,
       211, 251, 86, 23, 81, 49, 109, 2, 165, 81, 251, 78, 124, 143, 207,
       216, 192, 200, 189, 76, 242, 221, 253, 32, 92, 96, 87, 110, 193,
       35, 248, 42, 99, 28, 37, 184, 91, 187, 82, 241, 49, 213, 115, 206,
       118, 23, 198, 248, 69, 64, 251, 230, 115, 252, 188, 228, 126, 252,
       22, 106, 201, 179, 61, 173, 48, 172, 35, 128, 127, 186, 96, 181,
       254, 252, 191, 254, 203, 225, 23, 238, 187, 159, 172, 184, 110,
       247, 105, 123, 235, 243, 239, 194, 122, 79, 170, 251, 251, 243,
       95, 59, 146, 113, 167, 107, 125, 71, 70, 173, 242, 6, 78, 184, 49,
       202, 255, 231, 91, 103, 155, 213, 126, 196, 181, 238, 232, 210,
       73, 142, 242, 239, 229, 132, 47, 183, 40, 81, 152, 77, 62, 171,
       184, 166, 126, 174, 164, 6, 139, 17, 223, 26, 57, 64, 237, 19,
       125, 231, 122, 133, 89, 63, 225, 227, 170, 81, 16, 83, 161, 10,
       105, 244, 185, 227, 180, 77, 67, 158, 123, 249, 60, 72, 183, 21,
       216, 57, 145, 222, 92, 90, 219, 120, 249, 33, 239, 217, 53, 124,
       136, 219, 214, 57, 205, 84, 245, 231, 36, 46, 111, 152, 113, 234,
       127, 100, 211, 115, 153, 122, 118, 196, 60, 110, 169, 244, 253,
       42, 196, 174, 225, 132, 238, 251, 64, 49, 224, 97, 25, 254, 13,
       205, 65, 28, 182, 128, 225, 24, 183, 215, 80, 48, 216, 184, 120,
       74, 75, 103, 242, 63, 193, 185, 16, 56, 64, 0, 70, 170, 252, 121,
       105, 224, 213, 195, 95, 212, 19, 228, 140, 171, 19, 159, 67, 48,
       88, 253, 149, 210, 74, 18, 240, 186, 251, 205, 173, 253, 39, 155,
