%YAML:1.0
---
descriptors: !!opencv-matrix
   rows: 206
   cols: 32
   dt: u
   data: [ 225, 174, 183, 85, 36, 14, 101, 51, 248, 250, 114, 92, 242,
       56, 148, 59, 133, 102, 124, 44, 244, 252, 225, 13, 68, 186, 116,
       16, 72, 232, 210, 9, 61, 94, 125, 233, 116, 171, 75, 158, 87, 233,
       252, 238, 83, 29, 149, 56, 95, 140, 23, 188, 139, 178, 109, 158,
       234, 223, 161, 212, 255, 251, 80, 241, 130, 137, 6, 158, 19, 132,
       62, 230, 157, 4, 64, 131, 172, 238, 36, 197, 238, 123, 155, 197,
       98, 139, 18, 255, 45, 118, 154, 139, 22, 4, 33, 222, 226, 185, 35,
       218, 223, 221, 176, 231, 155, 89, 144, 59, 40, 156, 116, 228, 204,
       187, 211, 209, 247, 43, 250, 247, 63, 24, 158, 251, 87, 12, 215,
       127, 9, 51, 233, 199, 228, 25, 239, 53, 80, 234, 93, 238, 241,
       213, 222, 40, 93, 110, 54, 15, 193, 244, 236, 42, 70, 15, 245,
       160, 78, 250, 208, 249, 74, 92, 54, 244, 103, 196, 63, 98, 173,
       142, 94, 34, 188, 223, 37, 98, 166, 123, 191, 67, 68, 137, 178,
       253, 247, 253, 10, 139, 6, 1, 37, 203, 152, 94, 62, 188, 42, 133,
       156, 246, 148, 14, 212, 183, 61, 159, 51, 1, 239, 177, 215, 135,
       236, 175, 18, 191, 243, 199, 250, 153, 85, 24, 45, 219, 192, 32,
       131, 177, 202, 41, 168, 71, 44, 51, 242, 242, 157, 131, 64, 218,
       107, 157, 111, 145, 19, 158, 195, 64, 148, 160, 250, 132, 169, 64,
       163, 168, 23, 94, 225, 137, 178, 34, 239, 222, 118, 72, 220, 230,
       17, 134, 183, 108, 127, 201, 23, 189, 139, 18, 45, 210, 48, 12,
       175, 204, 189, 246, 177, 245, 252, 29, 250, 237, 224, 106, 91, 16,
       57, 142, 127, 32, 95, 247, 163, 88, 82, 252, 37, 122, 48, 149,
       168, 42, 195, 255, 35, 1, 178, 227, 102, 227, 223, 114, 139, 69,
       176, 86, 43, 81, 48, 232, 86, 228, 89, 215, 195, 182, 54, 124,
       245, 252, 209, 213, 177, 138, 106, 201, 175, 128, 10, 164, 43,
       241, 89, 147, 61, 239, 47, 86, 223, 184, 69, 110, 94, 38, 255,
       125, 154, 167, 30, 87, 181, 111, 201, 112, 127, 157, 211, 239,
       107, 132, 119, 254, 5, 121, 105, 165, 165, 141, 205, 39, 205, 63,
       74, 251, 156, 76, 209, 57, 90, 47, 201, 70, 123, 45, 145, 106,
       251, 145, 77, 27, 253, 188, 158, 236, 216, 64, 230, 142, 191, 154,
       172, 233, 149, 199, 222, 95, 200, 57, 230, 248, 110, 75, 193, 98,
       170, 17, 182, 111, 106, 115, 60, 22, 94, 123, 208, 89, 153, 79,
       73, 147, 233, 175, 108, 68, 107, 56, 8, 72, 95, 229, 245, 237,
       154, 226, 22, 68, 125, 111, 129, 0, 255, 73, 196, 41, 234, 136,
       28, 166, 21, 121, 30, 95, 102, 186, 79, 178, 190, 98, 173, 196,
       222, 167, 40, 206, 55, 197, 238, 185, 183, 199, 196, 155, 22, 236,
       114, 113, 202, 203, 55, 183, 53, 215, 39, 13, 106, 94, 85, 215,
       162, 96, 94, 68, 125, 2, 96, 248, 53, 36, 216, 122, 18, 75, 180,
       186, 126, 255, 39, 28, 3, 43, 85, 175, 116, 164, 70, 156, 191,
       147, 236, 102, 189, 231, 63, 95, 211, 19, 212, 182, 108, 79, 231,
       87, 59, 145, 50, 217, 187, 224, 221, 50, 222, 198, 128, 64, 165,
       127, 155, 95, 230, 132, 215, 23, 188, 119, 141, 228, 222, 231, 73,
       170, 183, 198, 110, 229, 183, 165, 228, 155, 4, 202, 54, 77, 143,
       131, 47, 244, 185, 221, 61, 95, 107, 238, 116, 131, 199, 240, 213,
       200, 253, 110, 123, 253, 181, 64, 126, 232, 22, 238, 201, 179, 42,
       191, 114, 237, 165, 136, 127, 187, 240, 209, 15, 186, 165, 155,
       241, 189, 169, 151, 255, 89, 83, 212, 188, 214, 220, 236, 197, 11,
       63, 157, 183, 220, 126, 245, 12, 62, 158, 198, 158, 196, 177, 253,
       248, 60, 188, 180, 142, 124, 85, 51, 3, 230, 158, 63, 255, 125,
       66, 34, 206, 247, 253, 5, 253, 107, 241, 139, 251, 227, 125, 59,
       44, 232, 158, 91, 110, 112, 242, 214, 109, 93, 246, 200, 107, 174,
       241, 11, 74, 220, 95, 158, 253, 221, 255, 67, 206, 119, 218, 226,
       23, 92, 7, 63, 199, 127, 126, 215, 146, 93, 58, 188, 75, 224, 190,
       102, 189, 4, 222, 163, 44, 255, 39, 64, 230, 123, 187, 195, 64,
       139, 130, 235, 243, 241, 202, 139, 21, 113, 45, 155, 142, 91, 34,
       156, 199, 150, 190, 102, 157, 196, 218, 135, 40, 238, 55, 65, 238,
       235, 179, 197, 204, 155, 22, 232, 50, 112, 202, 139, 31, 124, 61,
       214, 39, 150, 105, 215, 100, 57, 239, 176, 80, 234, 93, 254, 241,
       100, 220, 36, 95, 238, 54, 111, 241, 182, 236, 163, 76, 14, 251,
       160, 109, 235, 82, 245, 55, 238, 196, 158, 159, 147, 142, 238, 26,
       230, 152, 239, 104, 232, 255, 132, 217, 238, 177, 119, 238, 239,
       142, 191, 58, 94, 205, 191, 159, 127, 88, 92, 220, 30, 250, 252,
       241, 246, 91, 82, 177, 142, 254, 49, 31, 247, 35, 88, 247, 255,
       133, 58, 56, 147, 160, 202, 219, 255, 35, 193, 162, 229, 44, 99,
       64, 153, 191, 149, 172, 228, 173, 167, 62, 127, 214, 19, 180, 55,
       66, 75, 231, 87, 59, 145, 18, 216, 179, 225, 221, 34, 254, 196,
       128, 72, 165, 123, 135, 191, 213, 59, 242, 175, 174, 190, 190,
       123, 121, 245, 228, 234, 141, 157, 135, 75, 119, 22, 247, 220, 11,
       119, 44, 94, 125, 198, 219, 213, 139, 221, 68, 121, 251, 101, 242,
       110, 111, 16, 32, 140, 126, 96, 87, 55, 193, 112, 54, 252, 21,
       106, 129, 144, 177, 104, 117, 173, 38, 128, 36, 243, 103, 121, 3,
       223, 10, 189, 50, 128, 184, 230, 190, 5, 90, 167, 172, 143, 50,
       65, 230, 43, 179, 197, 230, 152, 2, 255, 228, 39, 186, 129, 28,
       20, 41, 217, 212, 180, 189, 245, 140, 110, 85, 187, 242, 246, 133,
       25, 215, 127, 72, 43, 201, 199, 125, 43, 57, 111, 251, 51, 201,
       207, 247, 124, 232, 104, 118, 114, 101, 24, 189, 117, 172, 79,
       101, 159, 110, 251, 34, 92, 215, 61, 65, 122, 129, 70, 125, 28,
       153, 248, 251, 8, 205, 171, 117, 52, 192, 120, 208, 123, 37, 53,
       209, 71, 96, 126, 230, 56, 104, 232, 121, 72, 243, 112, 221, 182,
       28, 78, 84, 106, 133, 240, 253, 40, 39, 220, 33, 32, 73, 243, 66,
       181, 2, 200, 22, 191, 19, 132, 190, 230, 158, 0, 66, 3, 172, 238,
       32, 64, 228, 123, 59, 193, 102, 137, 18, 255, 37, 182, 218, 11,
       16, 0, 33, 142, 140, 240, 251, 251, 194, 101, 55, 216, 54, 91,
       113, 115, 217, 247, 105, 89, 127, 219, 51, 146, 115, 212, 26, 98,
       77, 139, 247, 142, 249, 113, 164, 179, 76, 238, 174, 158, 189,
       178, 22, 239, 182, 155, 206, 113, 228, 244, 233, 109, 209, 118,
       255, 19, 126, 203, 203, 63, 249, 119, 255, 221, 128, 126, 189, 11,
       120, 180, 184, 244, 140, 108, 93, 59, 146, 231, 142, 27, 119, 191,
       82, 18, 133, 247, 125, 13, 56, 75, 243, 11, 251, 239, 117, 120,
       160, 232, 134, 114, 64, 185, 17, 192, 185, 77, 133, 99, 142, 49,
       160, 104, 142, 147, 192, 132, 140, 19, 202, 0, 83, 43, 208, 209,
       189, 212, 15, 62, 26, 8, 135, 176, 120, 252, 176, 254, 9, 233, 87,
       194, 187, 22, 173, 9, 47, 255, 104, 25, 201, 185, 133, 2, 74, 39,
       218, 177, 211, 213, 17, 63, 114, 115, 6, 226, 80, 189, 59, 242,
       145, 205, 53, 103, 249, 13, 108, 24, 190, 191, 98, 48, 162, 59,
       93, 16, 82, 235, 178, 97, 251, 253, 22, 11, 192, 0, 167, 122, 130,
       97, 191, 142, 110, 225, 177, 78, 138, 185, 89, 34, 156, 223, 228,
       34, 162, 125, 119, 83, 2, 69, 138, 209, 80, 0, 171, 239, 4, 19,
       183, 227, 28, 181, 62, 171, 188, 255, 146, 200, 30, 173, 223, 3,
       215, 222, 43, 192, 248, 27, 207, 115, 62, 179, 89, 62, 251, 199,
       175, 117, 144, 11, 61, 195, 221, 253, 157, 177, 162, 60, 52, 159,
       58, 242, 6, 117, 221, 119, 67, 219, 167, 87, 253, 27, 117, 68,
       155, 66, 254, 235, 111, 198, 170, 116, 139, 83, 61, 239, 225, 70,
       222, 19, 199, 248, 64, 226, 184, 238, 83, 104, 245, 166, 57, 196,
       70, 238, 233, 99, 45, 62, 56, 12, 165, 188, 127, 251, 114, 164,
       182, 221, 35, 178, 157, 109, 150, 230, 149, 94, 153, 159, 102,
       125, 41, 3, 237, 211, 223, 99, 253, 39, 120, 170, 249, 214, 206,
       58, 208, 127, 182, 210, 195, 214, 99, 173, 58, 10, 171, 56, 60,
       64, 83, 230, 253, 70, 178, 99, 118, 101, 62, 239, 229, 132, 255,
