%YAML:1.0
---
descriptors: !!opencv-matrix
   rows: 231
   cols: 32
   dt: u
   data: [ 8, 164, 26, 46, 176, 203, 55, 239, 182, 3, 104, 0, 151, 247,
       32, 112, 217, 59, 0, 0, 90, 159, 154, 63, 225, 213, 22, 109, 16,
       82, 167, 170, 246, 164, 229, 113, 157, 39, 202, 152, 83, 177, 243,
       90, 83, 105, 93, 25, 217, 220, 53, 187, 185, 246, 217, 158, 139,
       222, 197, 116, 253, 233, 80, 0, 198, 172, 184, 190, 252, 161, 158,
       143, 155, 178, 16, 153, 236, 238, 92, 10, 151, 127, 125, 149, 178,
       77, 142, 243, 172, 30, 223, 254, 148, 113, 131, 13, 77, 112, 56,
       65, 53, 14, 114, 24, 108, 72, 39, 76, 222, 81, 25, 112, 144, 4,
       76, 108, 195, 32, 209, 13, 199, 189, 33, 20, 74, 2, 75, 3, 196,
       173, 133, 147, 148, 168, 38, 134, 62, 19, 75, 18, 244, 98, 72, 74,
       97, 206, 42, 154, 50, 220, 203, 227, 172, 38, 222, 64, 128, 83,
       161, 8, 89, 13, 199, 221, 86, 10, 111, 35, 117, 130, 110, 2, 115,
       51, 177, 117, 122, 236, 50, 238, 104, 248, 37, 238, 116, 174, 198,
       0, 39, 248, 112, 40, 244, 64, 78, 254, 76, 2, 76, 32, 249, 178,
       179, 26, 123, 66, 13, 91, 104, 229, 108, 226, 104, 199, 201, 233,
       144, 234, 194, 16, 37, 49, 98, 0, 69, 81, 26, 97, 48, 14, 115,
       184, 108, 168, 111, 68, 222, 18, 141, 112, 182, 68, 108, 126, 193,
       176, 185, 76, 228, 185, 33, 68, 72, 163, 75, 33, 6, 173, 17, 186,
       248, 233, 178, 238, 142, 25, 184, 107, 164, 255, 104, 0, 217, 91,
       75, 81, 18, 11, 202, 247, 61, 20, 31, 126, 144, 74, 133, 171, 198,
       179, 151, 248, 248, 172, 57, 155, 175, 27, 57, 116, 156, 255, 232,
       90, 167, 19, 127, 16, 19, 73, 138, 211, 205, 186, 127, 238, 152,
       224, 161, 163, 192, 178, 151, 243, 180, 140, 237, 159, 254, 25,
       114, 116, 190, 243, 232, 127, 135, 107, 110, 24, 179, 237, 138,
       225, 141, 186, 118, 200, 136, 128, 131, 169, 2, 162, 145, 155,
       236, 233, 172, 143, 30, 51, 81, 249, 188, 226, 200, 200, 207, 27,
       107, 17, 19, 88, 203, 211, 12, 22, 126, 236, 156, 72, 129, 169,
       120, 93, 62, 110, 25, 70, 87, 48, 161, 8, 238, 8, 115, 247, 32,
       115, 196, 246, 125, 106, 104, 171, 186, 45, 243, 233, 96, 25, 98,
       226, 102, 107, 41, 93, 57, 255, 61, 221, 87, 51, 214, 72, 125, 64,
       183, 245, 33, 96, 221, 122, 22, 74, 235, 168, 122, 63, 231, 239,
       37, 24, 82, 26, 5, 187, 159, 118, 110, 39, 34, 26, 190, 56, 60,
       238, 87, 231, 77, 78, 147, 129, 54, 253, 245, 231, 229, 212, 173,
       206, 118, 107, 107, 128, 111, 247, 43, 209, 147, 117, 82, 22, 83,
       219, 178, 224, 253, 192, 114, 58, 110, 216, 47, 165, 186, 233,
       146, 115, 231, 243, 28, 255, 58, 72, 5, 11, 79, 55, 43, 151, 134,
       94, 126, 7, 34, 107, 191, 56, 60, 238, 87, 239, 213, 109, 131, 41,
       54, 117, 127, 99, 224, 212, 45, 78, 84, 35, 107, 129, 101, 243, 7,
       241, 35, 110, 235, 65, 86, 63, 169, 86, 94, 234, 126, 74, 48, 24,
       215, 44, 57, 40, 18, 157, 131, 252, 37, 202, 45, 14, 189, 160,
       229, 88, 81, 236, 166, 141, 215, 254, 252, 171, 222, 239, 223,
       130, 240, 80, 230, 233, 52, 65, 211, 107, 111, 42, 48, 235, 74,
       191, 168, 190, 87, 26, 212, 248, 241, 137, 253, 205, 77, 79, 204,
       31, 70, 176, 81, 226, 230, 72, 83, 112, 149, 245, 88, 228, 32,
       110, 253, 190, 125, 46, 55, 235, 197, 16, 123, 187, 218, 36, 203,
       249, 125, 255, 110, 212, 127, 56, 227, 216, 21, 162, 253, 95, 154,
       103, 38, 112, 253, 238, 193, 64, 254, 221, 103, 251, 235, 128, 38,
       166, 85, 241, 198, 4, 181, 149, 141, 108, 181, 15, 190, 183, 3,
       17, 204, 62, 76, 79, 161, 87, 235, 17, 48, 201, 211, 194, 13, 54,
       94, 71, 128, 116, 149, 102, 67, 127, 91, 229, 178, 142, 63, 55,
       60, 64, 122, 228, 189, 182, 128, 112, 54, 127, 31, 236, 197, 152,
       181, 110, 228, 253, 46, 128, 44, 176, 139, 185, 122, 169, 114, 72,
       213, 221, 82, 198, 107, 5, 252, 11, 42, 189, 118, 180, 248, 250,
       199, 80, 158, 59, 178, 253, 59, 221, 4, 123, 227, 158, 238, 222,
       81, 77, 222, 213, 116, 138, 111, 39, 124, 128, 126, 66, 121, 35,
       176, 116, 114, 238, 62, 202, 64, 248, 5, 238, 230, 175, 230, 0,
       37, 240, 225, 168, 6, 189, 17, 186, 251, 137, 162, 239, 142, 41,
       120, 106, 164, 251, 104, 128, 219, 59, 3, 81, 19, 58, 74, 245,
       188, 148, 15, 110, 216, 10, 129, 139, 249, 141, 94, 78, 213, 159,
       70, 228, 85, 160, 230, 8, 115, 120, 55, 245, 216, 230, 34, 110,
       125, 187, 81, 46, 55, 235, 68, 17, 115, 59, 216, 12, 244, 96, 250,
       116, 77, 15, 85, 216, 227, 190, 180, 24, 90, 217, 69, 27, 137,
       244, 103, 122, 8, 103, 186, 136, 83, 219, 69, 63, 195, 249, 70,
       162, 77, 52, 153, 225, 242, 46, 120, 27, 58, 187, 107, 80, 223,
       51, 72, 250, 183, 31, 116, 56, 51, 208, 217, 2, 207, 237, 55, 68,
       168, 224, 139, 161, 50, 41, 82, 220, 77, 153, 248, 66, 111, 0,
       240, 11, 46, 152, 21, 148, 170, 169, 83, 65, 14, 186, 194, 249,
       151, 120, 16, 59, 87, 12, 74, 142, 238, 176, 180, 242, 237, 233,
       144, 73, 139, 63, 181, 25, 14, 221, 76, 31, 137, 147, 203, 16, 18,
       103, 218, 209, 219, 209, 81, 127, 210, 76, 206, 3, 79, 177, 112,
       227, 253, 61, 240, 73, 79, 125, 61, 27, 206, 92, 94, 172, 159,
       155, 255, 61, 150, 112, 251, 212, 95, 88, 3, 119, 214, 143, 213,
       199, 152, 204, 57, 251, 48, 207, 83, 190, 86, 13, 230, 16, 183,
       87, 160, 112, 213, 50, 29, 72, 42, 140, 97, 63, 235, 175, 48, 80,
       50, 136, 196, 107, 23, 23, 103, 165, 54, 46, 254, 57, 61, 226, 91,
       231, 93, 46, 159, 36, 54, 197, 53, 239, 165, 208, 37, 206, 182,
       126, 235, 132, 45, 247, 43, 85, 29, 23, 238, 37, 178, 58, 190, 25,
       52, 238, 95, 231, 221, 47, 155, 192, 54, 93, 253, 231, 149, 144,
       101, 10, 230, 239, 109, 132, 239, 231, 9, 81, 55, 123, 122, 2,
       102, 143, 254, 64, 233, 204, 248, 111, 82, 220, 183, 48, 190, 233,
       87, 71, 132, 163, 46, 104, 115, 28, 35, 138, 69, 191, 119, 215,
       195, 170, 254, 26, 235, 180, 184, 199, 251, 95, 180, 21, 40, 234,
       118, 222, 231, 99, 238, 148, 182, 79, 174, 243, 26, 127, 86, 251,
       211, 68, 235, 79, 106, 50, 119, 192, 109, 93, 249, 82, 233, 93,
       246, 237, 138, 157, 150, 190, 238, 149, 255, 16, 133, 43, 246,
       192, 87, 121, 50, 171, 79, 140, 79, 255, 70, 172, 216, 190, 252,
       161, 174, 207, 154, 179, 16, 218, 253, 234, 89, 2, 147, 111, 123,
       145, 50, 77, 142, 243, 172, 22, 159, 236, 148, 112, 131, 136, 202,
       81, 124, 237, 46, 148, 121, 56, 169, 216, 86, 162, 249, 223, 149,
       39, 54, 53, 253, 238, 192, 68, 174, 221, 71, 251, 233, 140, 55,
       166, 69, 113, 141, 180, 165, 113, 237, 61, 105, 155, 118, 115, 5,
       85, 153, 167, 218, 111, 77, 14, 122, 28, 183, 124, 255, 145, 79,
       219, 215, 100, 154, 204, 213, 244, 1, 111, 235, 193, 212, 191,
       233, 87, 84, 224, 94, 66, 48, 48, 213, 44, 40, 42, 18, 153, 161,
       184, 53, 78, 109, 14, 190, 0, 229, 216, 81, 172, 97, 81, 21, 165,
       45, 78, 69, 56, 105, 104, 178, 76, 215, 56, 16, 119, 192, 196,
       124, 110, 205, 224, 241, 136, 165, 250, 65, 18, 72, 186, 66, 117,
       100, 170, 140, 49, 169, 169, 80, 138, 171, 189, 160, 25, 135, 168,
       66, 26, 137, 199, 236, 17, 30, 107, 203, 49, 216, 215, 93, 127,
       208, 77, 14, 66, 244, 65, 70, 140, 15, 2, 70, 173, 229, 22, 179,
       3, 66, 72, 62, 87, 104, 196, 110, 227, 108, 231, 77, 204, 177,
       170, 198, 23, 101, 62, 240, 6, 99, 176, 244, 232, 60, 22, 216, 25,
       91, 121, 49, 191, 206, 220, 222, 60, 151, 157, 181, 53, 150, 98,
       174, 213, 138, 250, 219, 254, 94, 132, 155, 85, 194, 191, 151,
       248, 184, 164, 57, 95, 143, 187, 48, 116, 156, 179, 224, 91, 167,
       31, 127, 24, 179, 75, 131, 208, 217, 152, 127, 238, 152, 192, 161,
       177, 125, 63, 149, 236, 173, 15, 94, 252, 63, 170, 248, 76, 223,
       251, 1, 179, 221, 223, 126, 106, 121, 99, 91, 250, 185, 223, 39,
       62, 88, 123, 131, 3, 201, 242, 150, 248, 168, 140, 53, 223, 255,
