%YAML:1.0
---
descriptors: !!opencv-matrix
   rows: 233
   cols: 32
   dt: u
   data: [ 36, 63, 230, 95, 240, 186, 167, 112, 244, 194, 127, 228, 227,
       244, 167, 52, 62, 108, 70, 106, 161, 176, 45, 110, 102, 190, 37,
       128, 203, 243, 103, 245, 61, 112, 59, 170, 69, 79, 85, 104, 17,
       240, 229, 11, 18, 221, 43, 57, 216, 152, 19, 118, 11, 243, 120,
       156, 211, 203, 65, 63, 251, 27, 118, 242, 38, 162, 233, 17, 207,
       123, 177, 203, 95, 247, 173, 155, 2, 44, 86, 10, 187, 142, 195,
       21, 22, 122, 255, 210, 95, 30, 145, 119, 229, 77, 214, 214, 204,
       249, 57, 242, 61, 221, 83, 156, 251, 237, 133, 24, 190, 215, 72,
       48, 145, 58, 93, 88, 155, 12, 250, 183, 233, 221, 5, 126, 128, 11,
       215, 115, 87, 172, 206, 145, 142, 38, 108, 143, 186, 179, 138, 19,
       209, 42, 81, 107, 99, 71, 121, 189, 52, 221, 159, 224, 13, 46,
       223, 68, 165, 113, 241, 0, 95, 36, 249, 99, 182, 58, 121, 27, 119,
       227, 31, 176, 219, 61, 222, 104, 55, 95, 61, 189, 185, 208, 237,
       202, 206, 255, 53, 228, 166, 231, 209, 113, 96, 249, 189, 247, 92,
       204, 97, 60, 226, 200, 160, 72, 242, 253, 80, 50, 136, 253, 121,
       72, 75, 106, 250, 61, 205, 156, 197, 120, 64, 10, 86, 58, 60, 52,
       248, 98, 253, 125, 82, 152, 67, 189, 189, 24, 91, 93, 93, 152,
       217, 145, 213, 50, 26, 98, 121, 146, 91, 221, 129, 125, 243, 235,
       94, 2, 27, 30, 191, 253, 40, 36, 61, 146, 172, 26, 158, 118, 188,
       191, 33, 107, 231, 115, 127, 138, 161, 197, 51, 225, 193, 251,
       122, 146, 24, 113, 33, 187, 46, 253, 177, 90, 219, 221, 22, 236,
       223, 61, 105, 40, 110, 213, 109, 148, 153, 122, 194, 82, 3, 42,
       122, 247, 63, 84, 5, 123, 210, 15, 6, 255, 86, 255, 170, 50, 186,
       192, 159, 172, 170, 93, 31, 173, 237, 239, 74, 2, 183, 83, 237,
       211, 146, 73, 170, 115, 248, 103, 175, 255, 164, 87, 135, 91, 111,
       122, 211, 199, 96, 46, 107, 20, 43, 226, 127, 236, 121, 247, 193,
       118, 54, 252, 53, 206, 129, 146, 184, 232, 102, 188, 165, 168,
       174, 243, 2, 249, 220, 119, 246, 86, 243, 26, 127, 240, 113, 170,
       127, 234, 91, 103, 169, 183, 54, 244, 133, 106, 232, 246, 45, 138,
       114, 235, 101, 132, 103, 247, 70, 49, 214, 242, 22, 190, 43, 85,
       20, 237, 175, 222, 177, 253, 76, 246, 42, 215, 206, 241, 238, 227,
       109, 71, 138, 208, 176, 50, 207, 191, 24, 54, 175, 87, 66, 142,
       244, 215, 48, 192, 107, 176, 191, 23, 31, 178, 253, 99, 156, 103,
       51, 119, 61, 138, 114, 88, 47, 255, 207, 254, 254, 129, 166, 194,
       5, 41, 82, 56, 186, 176, 11, 208, 144, 70, 235, 209, 160, 57, 46,
       222, 102, 252, 167, 185, 204, 145, 14, 79, 146, 241, 153, 208, 26,
       107, 200, 4, 47, 94, 82, 247, 43, 174, 184, 199, 95, 253, 38, 204,
       205, 139, 119, 223, 58, 112, 246, 155, 93, 229, 250, 11, 175, 31,
       249, 197, 175, 252, 52, 146, 183, 123, 49, 91, 115, 204, 118, 94,
       199, 244, 196, 200, 250, 102, 115, 181, 165, 228, 94, 252, 22,
       106, 201, 179, 116, 173, 48, 174, 38, 0, 125, 186, 112, 185, 58,
       204, 14, 190, 44, 139, 78, 236, 4, 2, 208, 167, 231, 200, 185, 65,
       126, 249, 23, 231, 106, 23, 78, 189, 176, 195, 234, 184, 60, 155,
       24, 152, 101, 161, 45, 99, 244, 79, 235, 184, 98, 248, 63, 72,
       211, 53, 216, 39, 24, 196, 84, 122, 153, 240, 253, 4, 109, 153,
       37, 244, 229, 171, 210, 224, 167, 207, 247, 95, 223, 219, 166,
       236, 223, 202, 123, 230, 104, 232, 189, 228, 121, 110, 226, 234,
       245, 243, 110, 255, 62, 62, 7, 7, 215, 127, 235, 165, 54, 12, 206,
       190, 213, 166, 215, 227, 215, 134, 249, 19, 97, 232, 55, 64, 217,
       226, 3, 23, 60, 167, 92, 174, 123, 15, 135, 73, 177, 123, 240,
       194, 92, 233, 158, 246, 168, 4, 95, 184, 162, 146, 138, 0, 247,
       227, 105, 82, 117, 245, 109, 250, 72, 65, 155, 40, 249, 231, 231,
       92, 32, 179, 37, 10, 213, 78, 71, 190, 58, 130, 10, 48, 212, 66,
       211, 231, 225, 194, 161, 197, 86, 229, 108, 238, 237, 135, 207,
       111, 176, 170, 170, 152, 61, 179, 41, 20, 124, 15, 94, 174, 2,
       162, 94, 112, 165, 134, 203, 225, 79, 227, 161, 89, 118, 245, 13,
       226, 8, 131, 6, 44, 208, 227, 234, 129, 36, 243, 42, 1, 37, 255,
       105, 66, 212, 135, 111, 252, 19, 232, 125, 206, 81, 199, 219, 52,
       60, 200, 23, 254, 202, 18, 40, 62, 127, 12, 165, 236, 63, 243,
       246, 240, 84, 9, 219, 102, 178, 66, 99, 192, 228, 128, 255, 2, 83,
       243, 161, 114, 122, 244, 44, 234, 8, 163, 41, 8, 240, 173, 35, 0,
       225, 179, 100, 32, 124, 117, 241, 111, 189, 79, 87, 152, 67, 236,
       189, 72, 91, 93, 217, 52, 28, 220, 93, 106, 201, 114, 249, 184,
       247, 221, 37, 52, 243, 251, 70, 115, 5, 52, 145, 203, 20, 102,
       235, 90, 118, 139, 249, 64, 209, 119, 169, 100, 89, 58, 18, 184,
       25, 188, 121, 62, 237, 172, 162, 0, 209, 227, 99, 160, 194, 186,
       182, 94, 217, 253, 176, 230, 251, 23, 0, 25, 172, 252, 102, 14,
       133, 123, 227, 1, 182, 111, 178, 247, 15, 86, 94, 107, 210, 68,
       143, 206, 30, 153, 167, 183, 129, 38, 109, 183, 55, 119, 194, 151,
       221, 39, 120, 75, 229, 215, 59, 157, 187, 217, 57, 224, 253, 246,
       222, 68, 138, 84, 165, 122, 81, 149, 87, 69, 148, 79, 103, 57,
       100, 96, 235, 66, 211, 113, 184, 100, 120, 134, 126, 106, 217,
       176, 117, 30, 53, 174, 37, 68, 107, 170, 240, 32, 112, 235, 105,
       225, 116, 26, 251, 16, 97, 228, 159, 174, 147, 13, 212, 48, 110,
       220, 93, 250, 218, 184, 237, 164, 254, 205, 163, 244, 39, 131, 86,
       48, 48, 134, 192, 155, 148, 163, 202, 207, 22, 39, 219, 215, 65,
       96, 184, 192, 89, 138, 2, 157, 58, 154, 77, 159, 60, 6, 191, 84,
       189, 200, 240, 128, 175, 49, 111, 13, 222, 91, 171, 252, 68, 228,
       214, 175, 208, 108, 151, 167, 124, 204, 250, 239, 229, 243, 245,
       204, 124, 41, 239, 148, 79, 189, 125, 244, 36, 164, 147, 83, 195,
       236, 160, 67, 122, 171, 97, 16, 20, 243, 100, 56, 177, 62, 2, 24,
       51, 254, 154, 98, 29, 142, 23, 110, 193, 97, 227, 162, 87, 94, 15,
       190, 40, 38, 14, 178, 132, 202, 219, 228, 245, 118, 177, 226, 213,
       101, 125, 175, 237, 129, 111, 47, 160, 38, 239, 144, 12, 119, 49,
       85, 3, 172, 183, 95, 125, 191, 170, 239, 222, 195, 112, 80, 252,
       252, 188, 165, 159, 107, 50, 9, 183, 248, 46, 255, 44, 62, 95, 74,
       214, 108, 201, 133, 56, 99, 112, 78, 123, 75, 87, 236, 19, 172,
       253, 169, 74, 229, 207, 20, 95, 220, 199, 98, 72, 50, 234, 159,
       118, 212, 5, 63, 115, 191, 102, 227, 148, 93, 62, 171, 168, 167,
       126, 150, 172, 12, 139, 17, 223, 31, 35, 72, 228, 147, 125, 215,
       88, 133, 91, 55, 225, 225, 174, 81, 16, 83, 165, 74, 78, 253, 211,
       210, 211, 244, 62, 220, 59, 209, 9, 250, 108, 247, 200, 244, 55,
       219, 179, 210, 19, 90, 154, 243, 63, 84, 31, 234, 174, 215, 167,
       53, 165, 212, 188, 251, 141, 47, 87, 184, 214, 50, 131, 26, 215,
       249, 121, 107, 217, 210, 59, 123, 123, 103, 91, 179, 233, 219,
       199, 60, 152, 123, 208, 2, 82, 184, 189, 178, 139, 196, 49, 207,
       171, 61, 132, 23, 172, 63, 66, 91, 167, 83, 249, 145, 18, 73, 187,
       241, 219, 150, 94, 127, 128, 0, 165, 123, 53, 105, 193, 69, 20, 6,
       206, 152, 65, 224, 250, 206, 83, 64, 213, 180, 120, 236, 20, 255,
       201, 178, 221, 40, 60, 12, 165, 148, 109, 187, 90, 52, 92, 88,
       251, 230, 36, 104, 95, 156, 100, 194, 223, 160, 247, 247, 185,
       114, 114, 245, 60, 106, 73, 176, 185, 41, 243, 239, 229, 129, 36,
       251, 36, 120, 233, 84, 249, 247, 33, 126, 85, 22, 112, 167, 231,
       24, 251, 55, 8, 121, 85, 254, 112, 8, 41, 212, 241, 42, 231, 239,
       80, 0, 162, 216, 198, 106, 221, 86, 253, 231, 36, 46, 107, 24,
       113, 234, 127, 228, 211, 99, 153, 122, 118, 196, 60, 238, 169,
       244, 237, 42, 196, 239, 99, 132, 238, 243, 64, 49, 173, 217, 101,
       219, 228, 157, 238, 156, 79, 88, 91, 70, 211, 88, 189, 237, 92,
       74, 54, 95, 223, 176, 127, 177, 38, 120, 229, 196, 127, 255, 208,
