%YAML:1.0
---
descriptors: !!opencv-matrix
   rows: 356
   cols: 32
   dt: u
   data: [ 7, 177, 42, 170, 245, 213, 187, 248, 76, 77, 93, 39, 152, 220,
       126, 96, 252, 27, 151, 245, 150, 58, 62, 246, 95, 29, 170, 239,
       213, 15, 117, 215, 162, 112, 252, 209, 75, 227, 185, 86, 22, 247,
       247, 146, 17, 159, 6, 105, 109, 188, 179, 144, 35, 220, 243, 214,
       87, 43, 250, 193, 183, 137, 180, 250, 130, 33, 224, 213, 199, 179,
       252, 103, 123, 231, 84, 146, 136, 44, 212, 43, 174, 63, 51, 141,
       176, 252, 229, 195, 14, 30, 218, 227, 231, 132, 215, 206, 11, 48,
       243, 225, 108, 165, 249, 86, 237, 73, 254, 116, 157, 15, 208, 106,
       238, 9, 95, 157, 131, 176, 241, 192, 199, 253, 186, 128, 206, 195,
       163, 249, 189, 52, 105, 108, 54, 3, 203, 120, 65, 192, 245, 238,
       83, 77, 176, 48, 126, 184, 21, 238, 201, 167, 100, 159, 242, 201,
       161, 188, 127, 170, 114, 241, 113, 222, 238, 254, 46, 130, 79,
       252, 215, 74, 212, 230, 113, 235, 187, 96, 127, 234, 62, 142, 233,
       235, 46, 191, 242, 239, 247, 136, 61, 248, 112, 121, 81, 235, 140,
       165, 12, 140, 88, 148, 230, 245, 130, 205, 151, 136, 82, 82, 132,
       237, 237, 85, 206, 105, 215, 32, 216, 225, 175, 121, 8, 2, 25, 88,
       134, 1, 150, 154, 149, 166, 190, 197, 92, 67, 195, 18, 204, 250,
       41, 72, 249, 78, 59, 147, 59, 213, 25, 230, 129, 182, 158, 70,
       148, 89, 176, 0, 17, 8, 95, 56, 66, 143, 120, 66, 188, 1, 98, 129,
       31, 159, 33, 89, 182, 189, 35, 4, 4, 189, 16, 20, 211, 235, 0, 65,
       97, 129, 43, 130, 57, 226, 107, 107, 116, 139, 75, 240, 65, 72,
       253, 206, 83, 77, 185, 48, 126, 168, 22, 238, 201, 178, 108, 61,
       246, 237, 160, 132, 111, 171, 82, 248, 190, 189, 47, 186, 155,
       245, 147, 214, 134, 89, 156, 111, 60, 220, 100, 32, 237, 59, 151,
       209, 179, 43, 58, 181, 123, 65, 185, 251, 217, 15, 53, 255, 17,
       142, 77, 225, 150, 175, 105, 22, 100, 113, 206, 150, 145, 35, 48,
       96, 111, 130, 26, 156, 155, 184, 53, 247, 205, 207, 146, 64, 189,
       200, 112, 40, 56, 122, 120, 232, 116, 143, 91, 216, 87, 44, 124,
       14, 51, 89, 187, 16, 124, 152, 23, 106, 202, 50, 120, 63, 119,
       205, 33, 173, 115, 155, 126, 187, 52, 31, 120, 106, 116, 173, 82,
       120, 69, 12, 125, 15, 115, 89, 51, 16, 252, 184, 7, 106, 142, 50,
       24, 61, 243, 205, 32, 33, 113, 139, 126, 147, 70, 249, 148, 159,
       169, 196, 188, 175, 159, 159, 18, 33, 236, 254, 105, 207, 135,
       119, 251, 211, 118, 73, 155, 241, 45, 50, 95, 235, 144, 117, 173,
       159, 92, 48, 254, 228, 162, 110, 91, 17, 33, 190, 183, 56, 223,
       55, 195, 91, 167, 213, 125, 50, 24, 83, 184, 0, 219, 233, 101,
       244, 162, 227, 14, 115, 247, 76, 172, 183, 140, 46, 205, 190, 22,
       247, 134, 157, 211, 108, 91, 107, 205, 231, 121, 181, 173, 205,
       255, 42, 201, 99, 253, 20, 140, 121, 24, 88, 14, 105, 238, 245,
       254, 146, 254, 146, 203, 194, 28, 130, 157, 237, 245, 42, 39, 113,
       55, 255, 208, 224, 166, 232, 111, 223, 175, 201, 231, 253, 89,
       129, 250, 252, 228, 92, 41, 220, 85, 182, 187, 222, 180, 189, 42,
       156, 71, 191, 133, 245, 253, 4, 236, 111, 242, 249, 211, 123, 84,
       187, 98, 52, 78, 95, 54, 81, 98, 236, 37, 87, 222, 120, 65, 204,
       253, 139, 107, 125, 63, 180, 254, 240, 215, 231, 204, 163, 52,
       204, 179, 124, 129, 155, 103, 191, 126, 87, 134, 105, 22, 138,
       109, 213, 186, 200, 143, 188, 81, 3, 236, 222, 111, 0, 248, 57,
       179, 211, 70, 83, 90, 240, 23, 16, 143, 43, 20, 63, 61, 198, 189,
       13, 47, 248, 157, 183, 75, 113, 213, 192, 207, 18, 115, 255, 48,
       97, 88, 162, 27, 190, 185, 163, 114, 222, 251, 235, 138, 72, 63,
       170, 112, 112, 155, 165, 111, 161, 213, 247, 233, 87, 85, 225,
       214, 19, 25, 8, 86, 41, 105, 143, 19, 157, 191, 251, 53, 198, 95,
       73, 158, 196, 175, 204, 240, 254, 134, 239, 191, 243, 230, 224,
       183, 231, 154, 31, 25, 50, 180, 254, 237, 43, 171, 123, 55, 3,
       114, 109, 170, 227, 108, 16, 255, 235, 132, 115, 151, 227, 111,
       94, 227, 193, 246, 48, 107, 18, 41, 203, 126, 230, 57, 39, 213,
       244, 119, 238, 55, 156, 129, 146, 229, 226, 30, 188, 166, 128,
       167, 243, 114, 245, 88, 120, 146, 190, 43, 229, 17, 71, 175, 18,
       168, 41, 46, 223, 33, 152, 227, 179, 205, 144, 10, 43, 154, 249,
       211, 247, 18, 59, 154, 70, 39, 27, 217, 22, 255, 245, 166, 42,
       105, 22, 248, 242, 22, 246, 151, 163, 241, 107, 103, 100, 61, 61,
       161, 213, 165, 138, 202, 235, 255, 128, 172, 248, 112, 57, 225,
       107, 140, 49, 140, 159, 84, 135, 62, 182, 162, 77, 135, 40, 67,
       27, 136, 164, 236, 4, 172, 239, 209, 56, 162, 211, 85, 49, 200,
       120, 90, 28, 87, 57, 172, 181, 156, 94, 201, 157, 130, 245, 134,
       141, 215, 44, 83, 107, 141, 229, 121, 213, 157, 73, 255, 32, 201,
       227, 223, 20, 136, 44, 152, 92, 129, 148, 191, 252, 122, 38, 112,
       123, 86, 219, 112, 118, 116, 247, 32, 105, 255, 57, 55, 168, 163,
       254, 27, 95, 95, 143, 115, 196, 249, 160, 97, 179, 58, 114, 230,
       137, 47, 115, 184, 74, 143, 111, 221, 167, 140, 204, 63, 140, 254,
       153, 223, 149, 142, 167, 119, 208, 19, 86, 154, 179, 215, 77, 61,
       215, 184, 201, 58, 252, 29, 213, 213, 103, 215, 4, 196, 2, 34,
       217, 34, 96, 200, 184, 170, 128, 74, 47, 50, 159, 243, 233, 130,
       123, 51, 8, 252, 170, 113, 178, 168, 164, 24, 5, 25, 24, 2, 244,
       128, 141, 247, 110, 91, 18, 156, 197, 125, 245, 140, 67, 247, 24,
       216, 129, 237, 189, 12, 160, 22, 82, 14, 172, 144, 155, 221, 81,
       190, 207, 31, 151, 73, 19, 204, 238, 110, 140, 217, 75, 147, 147,
       54, 124, 91, 243, 47, 22, 159, 111, 150, 95, 189, 198, 201, 234,
       55, 58, 45, 141, 245, 117, 254, 126, 177, 93, 174, 216, 90, 139,
       141, 33, 111, 21, 246, 109, 250, 243, 221, 219, 95, 122, 80, 12,
       199, 203, 119, 101, 173, 167, 12, 71, 143, 140, 6, 230, 138, 143,
       243, 108, 91, 66, 93, 199, 121, 231, 205, 65, 255, 40, 233, 103,
       239, 148, 45, 255, 24, 80, 199, 255, 172, 39, 172, 31, 207, 152,
       82, 246, 129, 141, 211, 108, 87, 43, 149, 69, 121, 247, 237, 64,
       255, 56, 239, 91, 205, 60, 136, 119, 150, 84, 101, 119, 12, 39,
       137, 31, 70, 184, 34, 254, 175, 77, 199, 104, 91, 155, 157, 196,
       108, 111, 237, 66, 221, 28, 190, 243, 77, 52, 72, 123, 218, 84,
       85, 231, 8, 167, 152, 14, 78, 189, 106, 100, 202, 141, 199, 104,
       26, 80, 212, 196, 108, 103, 204, 178, 221, 29, 248, 229, 175, 53,
       72, 190, 154, 92, 3, 147, 19, 239, 52, 135, 235, 49, 14, 73, 91,
       102, 245, 221, 176, 64, 254, 63, 31, 137, 209, 152, 97, 159, 165,
       172, 170, 192, 28, 138, 177, 113, 229, 115, 140, 167, 140, 31, 70,
       168, 122, 166, 163, 77, 199, 104, 27, 146, 216, 196, 232, 103, 76,
       118, 217, 24, 166, 211, 197, 53, 200, 123, 90, 16, 50, 1, 107,
       232, 92, 227, 89, 73, 133, 68, 205, 139, 83, 207, 32, 96, 88, 184,
       147, 161, 25, 131, 32, 156, 243, 133, 137, 185, 53, 170, 180, 114,
       242, 249, 147, 178, 41, 220, 144, 164, 171, 252, 176, 41, 174,
       158, 70, 150, 164, 117, 253, 81, 70, 79, 178, 224, 155, 208, 31,
       251, 2, 12, 7, 95, 10, 50, 46, 169, 111, 211, 184, 72, 132, 76,
       223, 167, 157, 140, 50, 130, 238, 9, 223, 197, 132, 163, 119, 148,
       214, 65, 170, 153, 23, 15, 61, 211, 25, 117, 112, 173, 54, 75,
       119, 254, 116, 226, 250, 42, 191, 57, 3, 32, 58, 223, 78, 97, 72,
       184, 85, 47, 244, 231, 54, 16, 111, 218, 1, 27, 173, 122, 233,
       200, 236, 85, 175, 216, 82, 250, 84, 238, 81, 220, 247, 40, 127,
       204, 55, 255, 193, 118, 238, 210, 126, 15, 239, 172, 159, 251,
       118, 245, 27, 50, 111, 173, 98, 162, 41, 87, 45, 74, 214, 231,
       185, 135, 243, 88, 110, 189, 191, 141, 137, 158, 231, 192, 214,
       105, 186, 128, 47, 132, 51, 249, 201, 147, 115, 233, 238, 157,
       233, 119, 237, 121, 126, 246, 157, 31, 240, 100, 102, 11, 127, 92,
       211, 185, 165, 208, 214, 249, 58, 192, 30, 136, 129, 241, 154,
