%YAML:1.0
---
descriptors: !!opencv-matrix
   rows: 256
   cols: 32
   dt: u
   data: [ 24, 60, 187, 120, 155, 237, 145, 71, 251, 83, 188, 24, 190,
       189, 100, 42, 171, 187, 253, 17, 59, 107, 178, 242, 219, 213, 22,
       123, 210, 64, 167, 250, 105, 157, 57, 248, 253, 189, 81, 119, 223,
       105, 172, 28, 158, 185, 116, 112, 201, 170, 122, 28, 155, 43, 114,
       179, 223, 221, 145, 122, 154, 8, 208, 114, 40, 249, 120, 111, 68,
       205, 127, 240, 82, 44, 116, 14, 51, 157, 83, 48, 92, 248, 23, 202,
       200, 54, 248, 49, 71, 201, 224, 172, 119, 155, 86, 235, 98, 219,
       186, 172, 127, 209, 144, 199, 139, 77, 156, 235, 174, 156, 38, 0,
       206, 147, 223, 65, 206, 43, 226, 161, 251, 245, 190, 187, 85, 14,
       190, 223, 37, 4, 105, 204, 116, 59, 79, 89, 89, 234, 189, 238, 83,
       105, 189, 48, 220, 168, 22, 44, 137, 178, 100, 158, 118, 157, 161,
       180, 253, 235, 82, 176, 131, 161, 224, 85, 231, 253, 188, 39, 123,
       125, 84, 155, 136, 60, 214, 47, 47, 63, 179, 141, 180, 252, 247,
       199, 15, 58, 218, 227, 199, 132, 215, 252, 113, 218, 239, 254, 46,
       146, 79, 249, 215, 74, 212, 230, 113, 238, 187, 100, 119, 238, 62,
       143, 233, 195, 46, 191, 242, 239, 255, 136, 61, 248, 120, 121,
       118, 179, 168, 165, 168, 73, 27, 168, 2, 244, 129, 173, 211, 238,
       91, 67, 149, 197, 125, 247, 204, 67, 239, 25, 200, 3, 239, 189,
       132, 59, 22, 82, 92, 60, 218, 228, 242, 108, 123, 18, 57, 174, 63,
       40, 31, 183, 195, 90, 183, 253, 93, 58, 48, 18, 176, 106, 255,
       237, 39, 172, 160, 243, 7, 115, 155, 181, 111, 161, 149, 247, 233,
       119, 85, 241, 214, 151, 25, 28, 118, 41, 109, 139, 19, 189, 191,
       255, 53, 198, 91, 75, 154, 196, 175, 140, 241, 252, 18, 207, 86,
       222, 87, 146, 180, 103, 221, 4, 94, 166, 40, 171, 182, 197, 106,
       170, 131, 204, 96, 187, 4, 237, 50, 46, 154, 131, 55, 156, 125,
       207, 1, 34, 23, 251, 96, 173, 185, 87, 126, 89, 83, 116, 188, 146,
       240, 105, 166, 59, 54, 29, 147, 188, 34, 209, 196, 152, 122, 194,
       156, 128, 33, 169, 144, 20, 191, 252, 114, 103, 112, 91, 23, 203,
       113, 119, 92, 191, 32, 121, 253, 61, 55, 160, 33, 254, 18, 95, 91,
       175, 115, 134, 249, 32, 32, 187, 14, 169, 176, 153, 205, 121, 182,
       207, 31, 183, 65, 19, 140, 232, 111, 140, 217, 91, 131, 19, 54,
       122, 219, 243, 13, 22, 223, 111, 215, 125, 157, 198, 119, 247,
       168, 166, 136, 20, 207, 141, 26, 254, 129, 141, 195, 108, 91, 75,
       213, 197, 121, 247, 253, 67, 255, 32, 233, 115, 239, 252, 136,
       119, 155, 84, 6, 190, 191, 182, 238, 192, 183, 233, 218, 158, 16,
       51, 236, 252, 237, 43, 163, 123, 119, 3, 114, 105, 170, 243, 124,
       22, 255, 239, 132, 112, 151, 195, 3, 147, 51, 239, 52, 135, 235,
       49, 14, 73, 91, 102, 245, 159, 176, 96, 222, 57, 63, 129, 209,
       152, 97, 159, 173, 172, 170, 192, 28, 138, 177, 57, 217, 225, 74,
       178, 48, 198, 91, 53, 51, 233, 167, 29, 247, 215, 74, 82, 176,
       239, 125, 220, 123, 222, 201, 40, 250, 233, 181, 193, 40, 130,
       170, 91, 218, 115, 118, 225, 51, 192, 57, 17, 165, 93, 215, 178,
       143, 151, 194, 199, 102, 157, 255, 208, 42, 145, 241, 192, 247,
       241, 10, 195, 34, 132, 45, 123, 7, 177, 42, 11, 253, 245, 187,
       200, 76, 77, 125, 6, 136, 220, 126, 32, 220, 27, 19, 209, 151, 58,
       126, 243, 79, 93, 138, 239, 213, 15, 117, 215, 122, 67, 43, 236,
       95, 67, 89, 79, 5, 37, 196, 139, 1, 143, 48, 64, 92, 157, 153,
       225, 88, 139, 224, 156, 243, 225, 154, 57, 53, 140, 180, 120, 149,
       99, 94, 37, 156, 79, 254, 248, 100, 232, 255, 98, 211, 88, 155,
       35, 124, 205, 92, 227, 205, 177, 77, 12, 232, 233, 39, 21, 105,
       187, 105, 0, 3, 95, 83, 218, 114, 163, 186, 80, 28, 1, 121, 230,
       121, 206, 165, 96, 126, 185, 23, 213, 145, 155, 4, 222, 116, 44,
       170, 202, 253, 139, 33, 145, 173, 122, 232, 196, 236, 23, 175,
       221, 82, 234, 212, 238, 209, 61, 215, 42, 127, 92, 55, 239, 193,
       118, 239, 210, 118, 15, 239, 172, 127, 250, 114, 241, 43, 114,
       104, 169, 110, 213, 184, 88, 12, 76, 221, 175, 153, 140, 183, 128,
       238, 137, 223, 197, 143, 35, 103, 209, 86, 73, 170, 185, 85, 142,
       127, 219, 150, 142, 54, 219, 182, 131, 158, 239, 30, 146, 218,
       243, 228, 122, 189, 101, 255, 123, 31, 183, 254, 201, 11, 255,
       168, 30, 223, 214, 148, 72, 161, 15, 28, 245, 54, 43, 58, 203, 23,
       252, 100, 96, 251, 163, 255, 219, 10, 97, 127, 221, 110, 227, 110,
       179, 77, 63, 248, 230, 47, 213, 111, 178, 165, 11, 185, 66, 97,
       108, 116, 23, 74, 121, 65, 72, 245, 206, 91, 9, 176, 49, 124, 168,
       21, 238, 233, 178, 100, 156, 242, 233, 160, 144, 127, 174, 114,
       241, 105, 181, 182, 62, 173, 143, 149, 127, 235, 255, 171, 29,
       254, 186, 10, 59, 129, 39, 126, 17, 246, 107, 186, 197, 217, 254,
       86, 114, 200, 68, 195, 75, 250, 249, 19, 178, 41, 221, 22, 228,
       171, 233, 176, 41, 142, 158, 70, 182, 196, 125, 253, 83, 79, 15,
       242, 242, 153, 212, 31, 251, 2, 28, 143, 95, 61, 21, 98, 108, 119,
       87, 95, 120, 69, 204, 252, 134, 91, 109, 183, 180, 126, 168, 151,
       238, 204, 178, 117, 156, 115, 237, 161, 129, 119, 175, 124, 245,
       108, 87, 81, 103, 48, 75, 103, 184, 53, 168, 127, 104, 215, 119,
       137, 116, 22, 220, 78, 106, 73, 144, 121, 46, 229, 172, 37, 20,
       98, 179, 70, 49, 86, 253, 255, 183, 179, 76, 255, 231, 63, 31,
       186, 3, 255, 126, 78, 82, 235, 223, 255, 211, 74, 217, 153, 227,
       253, 255, 159, 67, 129, 114, 231, 203, 219, 0, 79, 173, 106, 2,
       40, 95, 164, 200, 222, 231, 57, 135, 242, 82, 110, 173, 63, 141,
       201, 159, 131, 192, 214, 105, 186, 136, 47, 132, 51, 217, 25, 113,
       50, 239, 39, 221, 245, 119, 125, 76, 126, 8, 191, 31, 2, 180, 182,
       27, 151, 8, 195, 56, 176, 215, 247, 253, 50, 163, 99, 134, 239,
       251, 110, 240, 240, 198, 109, 95, 254, 200, 27, 238, 253, 43, 72,
       220, 95, 132, 255, 221, 215, 227, 196, 55, 249, 226, 55, 29, 135,
       191, 87, 63, 126, 215, 161, 1, 99, 138, 148, 145, 130, 232, 68,
       64, 81, 70, 112, 88, 191, 161, 88, 42, 18, 103, 199, 184, 44, 253,
       32, 8, 138, 2, 93, 15, 121, 220, 57, 125, 112, 101, 117, 223, 91,
       18, 69, 236, 254, 8, 171, 29, 147, 244, 94, 188, 148, 104, 205,
       186, 117, 158, 247, 221, 161, 177, 118, 158, 92, 125, 93, 79, 79,
       165, 22, 46, 110, 112, 96, 226, 218, 198, 123, 35, 145, 227, 118,
       228, 28, 238, 233, 145, 181, 46, 240, 233, 231, 128, 45, 243, 40,
       24, 149, 90, 223, 229, 34, 10, 111, 20, 52, 130, 82, 230, 125, 3,
       129, 89, 54, 253, 61, 238, 193, 212, 5, 108, 164, 170, 110, 128,
       44, 179, 33, 57, 154, 12, 110, 253, 7, 242, 237, 71, 181, 6, 198,
       146, 57, 175, 51, 105, 104, 171, 147, 137, 40, 157, 52, 234, 215,
       107, 218, 129, 55, 212, 60, 234, 1, 140, 93, 241, 151, 237, 105,
       135, 110, 81, 10, 18, 181, 35, 112, 96, 33, 43, 27, 156, 19, 24,
       55, 247, 237, 142, 154, 64, 184, 200, 145, 40, 54, 189, 47, 250,
       187, 229, 147, 244, 134, 89, 157, 47, 116, 220, 109, 33, 205, 123,
       147, 211, 187, 43, 58, 189, 251, 69, 13, 250, 221, 31, 181, 251,
       49, 146, 239, 252, 62, 3, 201, 127, 86, 104, 214, 230, 113, 237,
       178, 97, 126, 172, 63, 173, 201, 251, 39, 157, 210, 171, 251, 148,
       61, 168, 112, 121, 10, 185, 224, 211, 247, 220, 188, 167, 127, 79,
       82, 147, 172, 188, 84, 40, 175, 59, 147, 145, 242, 248, 244, 231,
       47, 62, 158, 195, 199, 4, 215, 207, 27, 51, 36, 171, 45, 125, 248,
       88, 77, 77, 223, 231, 175, 28, 27, 228, 206, 9, 255, 213, 142,
       176, 119, 144, 199, 89, 170, 131, 55, 15, 61, 223, 70, 185, 156,
       159, 139, 133, 188, 232, 158, 149, 65, 3, 236, 254, 106, 79, 183,
       123, 187, 211, 66, 73, 154, 241, 13, 18, 223, 111, 144, 35, 37,
       14, 6, 217, 168, 158, 207, 192, 190, 238, 142, 85, 88, 163, 44,
       254, 100, 64, 239, 123, 179, 195, 70, 26, 154, 241, 117, 36, 142,
