%YAML:1.0
---
descriptors: !!opencv-matrix
   rows: 278
   cols: 32
   dt: u
   data: [ 2, 193, 0, 137, 213, 131, 174, 173, 4, 0, 90, 2, 100, 26, 48,
       64, 216, 2, 19, 225, 82, 24, 1, 221, 45, 36, 142, 198, 20, 10,
       177, 10, 6, 252, 148, 151, 187, 228, 188, 175, 158, 155, 18, 18,
       236, 254, 104, 75, 167, 115, 187, 145, 50, 77, 155, 243, 13, 22,
       95, 239, 144, 117, 161, 19, 17, 142, 77, 227, 148, 169, 105, 23,
       102, 81, 74, 214, 177, 3, 48, 96, 111, 138, 27, 156, 155, 152, 21,
       246, 205, 207, 146, 68, 189, 136, 241, 40, 77, 89, 183, 68, 36,
       142, 111, 176, 237, 72, 114, 64, 222, 149, 177, 228, 38, 116, 62,
       75, 193, 185, 55, 232, 37, 56, 103, 128, 86, 186, 225, 101, 38,
       203, 162, 158, 75, 192, 190, 237, 155, 87, 89, 163, 104, 238, 126,
       132, 251, 123, 179, 195, 70, 18, 142, 241, 53, 52, 206, 171, 23,
       118, 191, 214, 56, 126, 120, 234, 116, 191, 83, 216, 67, 44, 124,
       15, 51, 89, 35, 16, 124, 152, 7, 106, 138, 50, 120, 191, 243, 205,
       33, 41, 115, 139, 110, 139, 128, 144, 223, 249, 36, 168, 104, 3,
       62, 17, 90, 245, 181, 131, 180, 73, 227, 11, 63, 16, 19, 216, 19,
       81, 132, 184, 122, 192, 156, 192, 65, 185, 61, 13, 234, 239, 196,
       42, 110, 81, 117, 3, 127, 146, 91, 43, 48, 88, 121, 138, 22, 138,
       152, 178, 13, 162, 214, 239, 226, 64, 183, 251, 240, 128, 38, 121,
       54, 138, 125, 197, 186, 200, 142, 148, 249, 11, 236, 222, 111, 2,
       252, 121, 243, 243, 70, 39, 218, 249, 63, 16, 143, 59, 20, 62, 53,
       222, 82, 221, 182, 144, 183, 102, 188, 231, 61, 55, 218, 19, 196,
       190, 46, 75, 239, 215, 63, 145, 60, 217, 49, 226, 185, 118, 222,
       71, 132, 88, 181, 95, 123, 249, 176, 116, 189, 204, 220, 135, 235,
       241, 174, 9, 62, 189, 87, 50, 131, 247, 253, 81, 15, 107, 146,
       225, 251, 252, 93, 123, 202, 116, 203, 30, 134, 145, 182, 155,
       213, 242, 188, 199, 189, 71, 199, 22, 204, 254, 46, 72, 253, 63,
       187, 145, 54, 208, 59, 198, 167, 247, 222, 71, 132, 93, 180, 86,
       14, 224, 176, 155, 197, 113, 182, 207, 31, 183, 77, 19, 140, 234,
       111, 140, 249, 91, 147, 19, 54, 116, 91, 243, 47, 86, 159, 111,
       150, 125, 189, 134, 6, 168, 191, 151, 236, 193, 185, 232, 154,
       159, 16, 35, 252, 255, 237, 43, 171, 123, 119, 17, 50, 73, 170,
       241, 77, 18, 255, 239, 132, 32, 23, 227, 2, 153, 51, 239, 52, 199,
       170, 49, 30, 73, 91, 102, 245, 221, 48, 224, 222, 59, 63, 129,
       211, 152, 113, 223, 173, 188, 170, 192, 28, 10, 149, 123, 39, 181,
       122, 11, 253, 245, 179, 200, 76, 77, 93, 39, 136, 220, 127, 32,
       220, 27, 146, 113, 150, 58, 126, 212, 79, 29, 138, 239, 213, 15,
       117, 215, 110, 112, 240, 198, 125, 125, 243, 216, 139, 237, 189,
       10, 8, 245, 79, 150, 88, 216, 211, 88, 2, 35, 248, 192, 127, 92,
       133, 63, 199, 255, 94, 246, 13, 126, 235, 201, 244, 53, 239, 218,
       86, 74, 92, 230, 145, 213, 249, 108, 127, 72, 23, 255, 131, 16,
       45, 242, 108, 13, 175, 172, 189, 251, 113, 241, 173, 123, 233,
       197, 238, 23, 237, 125, 82, 234, 20, 238, 145, 61, 215, 42, 95,
       76, 55, 239, 193, 118, 237, 10, 119, 15, 247, 172, 61, 250, 215,
       249, 22, 140, 50, 155, 180, 135, 158, 239, 31, 139, 216, 179, 236,
       234, 63, 68, 255, 91, 31, 177, 126, 141, 9, 255, 170, 150, 159,
       215, 148, 88, 49, 143, 245, 86, 255, 245, 38, 42, 109, 20, 208,
       202, 214, 246, 211, 167, 177, 107, 118, 228, 61, 188, 233, 212,
       228, 138, 246, 235, 231, 144, 172, 248, 80, 121, 89, 188, 59, 240,
       189, 253, 81, 87, 223, 121, 172, 28, 158, 185, 96, 104, 137, 171,
       127, 25, 27, 41, 242, 247, 219, 221, 17, 122, 218, 8, 208, 114,
       54, 81, 98, 206, 117, 87, 222, 120, 81, 204, 249, 139, 107, 93,
       63, 144, 254, 249, 151, 231, 204, 163, 124, 141, 51, 93, 129, 155,
       119, 191, 126, 87, 106, 219, 187, 172, 125, 209, 144, 199, 139,
       77, 220, 171, 174, 156, 38, 0, 206, 147, 247, 65, 202, 43, 226,
       161, 187, 245, 190, 219, 85, 14, 190, 255, 43, 114, 106, 169, 110,
       209, 185, 88, 140, 76, 213, 167, 137, 140, 247, 128, 238, 137,
       223, 197, 134, 39, 247, 208, 86, 65, 170, 169, 93, 142, 127, 219,
       39, 31, 106, 78, 85, 147, 255, 97, 95, 68, 125, 134, 104, 236,
       183, 36, 126, 106, 146, 110, 214, 186, 60, 255, 51, 60, 0, 11, 87,
       175, 116, 252, 172, 238, 108, 187, 197, 249, 253, 196, 181, 86,
       117, 147, 233, 205, 123, 11, 107, 234, 179, 215, 118, 116, 110,
       160, 103, 65, 214, 37, 247, 255, 244, 210, 37, 79, 75, 79, 80,
       156, 238, 48, 236, 128, 235, 64, 241, 230, 165, 240, 236, 122, 74,
       206, 197, 152, 250, 47, 39, 237, 166, 8, 64, 51, 127, 168, 93, 12,
       71, 37, 18, 102, 107, 48, 52, 226, 219, 198, 89, 39, 145, 244, 54,
       229, 124, 238, 169, 149, 37, 110, 176, 238, 171, 128, 175, 163,
       33, 113, 154, 178, 116, 101, 11, 91, 17, 121, 113, 245, 52, 191,
       111, 29, 142, 191, 54, 21, 196, 32, 165, 231, 53, 141, 91, 219,
       81, 183, 111, 132, 15, 255, 6, 191, 123, 219, 244, 137, 174, 119,
       156, 128, 120, 227, 180, 222, 176, 32, 238, 59, 19, 95, 210, 184,
       2, 255, 44, 28, 142, 72, 92, 136, 241, 161, 14, 129, 182, 153,
       213, 246, 184, 195, 159, 23, 70, 19, 204, 238, 111, 200, 249, 59,
       187, 145, 50, 241, 48, 194, 143, 119, 223, 71, 150, 108, 189, 198,
       10, 161, 166, 145, 215, 87, 188, 111, 63, 245, 78, 2, 140, 190,
       126, 200, 251, 31, 187, 145, 86, 217, 49, 209, 15, 87, 223, 199,
       134, 68, 189, 198, 10, 189, 224, 211, 247, 220, 188, 103, 127,
       127, 94, 147, 172, 60, 84, 164, 175, 59, 147, 149, 246, 248, 181,
       231, 47, 127, 158, 227, 199, 4, 223, 223, 134, 239, 128, 146, 202,
       165, 190, 207, 30, 39, 89, 215, 140, 238, 105, 13, 255, 91, 131,
       215, 114, 30, 138, 242, 60, 20, 159, 175, 148, 95, 165, 222, 28,
       21, 60, 171, 60, 95, 178, 232, 14, 188, 223, 3, 215, 94, 43, 193,
       254, 93, 223, 115, 28, 161, 89, 156, 251, 193, 171, 85, 48, 43,
       45, 19, 57, 201, 107, 254, 28, 199, 75, 240, 68, 68, 244, 2, 51,
       221, 177, 96, 72, 184, 23, 202, 203, 171, 126, 189, 243, 169, 162,
       24, 53, 155, 116, 168, 88, 121, 158, 254, 43, 205, 22, 228, 171,
       64, 172, 40, 47, 255, 35, 18, 162, 243, 237, 66, 11, 11, 154, 249,
       179, 245, 7, 59, 240, 19, 39, 27, 18, 23, 122, 224, 114, 55, 57,
       87, 45, 233, 254, 254, 29, 63, 166, 112, 110, 155, 151, 144, 145,
       186, 37, 194, 214, 197, 58, 130, 239, 192, 165, 249, 185, 125,
       107, 110, 116, 131, 79, 112, 84, 232, 116, 206, 115, 69, 177, 49,
       126, 232, 22, 238, 233, 182, 109, 63, 118, 137, 161, 160, 125,
       187, 114, 249, 161, 223, 107, 75, 118, 131, 239, 244, 85, 72, 124,
       238, 115, 1, 180, 53, 126, 168, 22, 238, 233, 186, 101, 63, 118,
       12, 164, 128, 127, 154, 114, 249, 146, 207, 102, 158, 86, 210,
       188, 103, 188, 4, 90, 167, 45, 174, 166, 65, 106, 171, 131, 197,
       116, 153, 6, 239, 50, 34, 154, 131, 53, 140, 189, 222, 1, 32, 125,
       65, 100, 201, 161, 1, 108, 81, 115, 66, 144, 12, 148, 43, 42, 24,
       74, 25, 131, 188, 119, 64, 5, 56, 50, 64, 77, 8, 81, 164, 155, 12,
       102, 223, 71, 240, 236, 71, 181, 70, 86, 147, 41, 175, 55, 237,
       104, 171, 147, 141, 36, 156, 36, 235, 87, 107, 218, 129, 183, 212,
       124, 232, 186, 76, 98, 252, 93, 209, 196, 103, 213, 6, 198, 18,
       41, 153, 52, 197, 72, 186, 155, 129, 110, 191, 18, 191, 51, 225,
       154, 19, 55, 28, 252, 138, 90, 243, 115, 168, 59, 208, 26, 237,
       171, 93, 185, 173, 47, 222, 110, 214, 182, 145, 253, 241, 206, 11,
       170, 197, 187, 241, 14, 255, 86, 6, 167, 127, 7, 95, 67, 191, 114,
       130, 175, 112, 52, 200, 90, 231, 117, 198, 177, 64, 118, 105, 19,
       231, 225, 144, 20, 110, 36, 38, 170, 128, 45, 179, 33, 209, 169,
       55, 233, 199, 230, 3, 239, 113, 82, 226, 93, 254, 241, 61, 214,
       32, 95, 238, 23, 143, 209, 246, 237, 234, 70, 13, 191, 160, 63,
