%YAML:1.0
---
descriptors: !!opencv-matrix
   rows: 222
   cols: 32
   dt: u
   data: [ 101, 81, 121, 111, 112, 78, 103, 56, 97, 168, 127, 104, 210,
       117, 137, 116, 220, 220, 100, 106, 201, 178, 249, 8, 101, 188, 33,
       20, 98, 187, 70, 179, 92, 115, 93, 227, 50, 79, 127, 184, 36, 236,
       247, 236, 215, 87, 137, 81, 54, 213, 125, 106, 65, 144, 121, 60,
       245, 161, 37, 148, 32, 179, 7, 113, 84, 213, 190, 167, 172, 66,
       127, 184, 176, 198, 143, 32, 215, 119, 27, 67, 119, 213, 125, 235,
       252, 193, 169, 42, 249, 239, 239, 149, 164, 243, 45, 83, 253, 183,
       110, 98, 171, 124, 85, 49, 225, 252, 191, 189, 91, 127, 206, 191,
       167, 214, 253, 54, 221, 75, 186, 132, 219, 217, 101, 255, 235,
       231, 206, 119, 183, 247, 108, 5, 190, 51, 207, 248, 80, 230, 189,
       239, 81, 104, 151, 167, 127, 196, 222, 239, 237, 227, 125, 142,
       58, 75, 237, 180, 111, 255, 122, 213, 151, 94, 229, 151, 142, 50,
       142, 252, 215, 242, 146, 247, 72, 108, 255, 239, 127, 197, 255,
       231, 229, 71, 47, 234, 56, 42, 239, 182, 191, 253, 185, 85, 191,
       235, 231, 202, 255, 17, 223, 220, 215, 92, 148, 171, 73, 220, 255,
       167, 127, 200, 151, 255, 238, 103, 46, 179, 122, 89, 175, 191,
       119, 255, 242, 231, 197, 176, 184, 17, 188, 45, 225, 159, 250,
       253, 134, 28, 214, 240, 214, 47, 129, 70, 120, 29, 179, 109, 255,
       82, 141, 24, 21, 116, 200, 40, 209, 108, 10, 216, 59, 255, 119,
       133, 187, 254, 31, 73, 86, 98, 188, 159, 32, 96, 231, 123, 183,
       193, 227, 152, 34, 253, 247, 255, 58, 138, 28, 24, 33, 251, 56,
       189, 58, 248, 121, 221, 85, 239, 191, 93, 172, 9, 63, 223, 34, 16,
       171, 187, 221, 0, 110, 43, 50, 191, 251, 223, 20, 59, 82, 4, 142,
       219, 95, 94, 228, 171, 175, 51, 158, 152, 31, 247, 150, 183, 205,
       108, 223, 207, 95, 197, 253, 183, 172, 71, 255, 242, 138, 95, 207,
       151, 191, 255, 29, 85, 77, 50, 152, 101, 168, 62, 85, 152, 107,
       187, 183, 92, 223, 51, 201, 58, 149, 196, 108, 126, 153, 80, 217,
       0, 207, 217, 101, 52, 202, 241, 202, 33, 77, 82, 157, 231, 32, 14,
       127, 57, 40, 170, 127, 108, 215, 115, 9, 114, 150, 85, 125, 110,
       193, 208, 217, 8, 199, 255, 99, 148, 8, 226, 67, 49, 206, 191,
       190, 147, 171, 248, 188, 135, 190, 255, 30, 181, 204, 191, 66, 78,
       167, 119, 235, 145, 54, 201, 155, 226, 79, 55, 95, 199, 130, 116,
       141, 95, 214, 151, 228, 155, 175, 50, 156, 136, 159, 119, 159,
       183, 204, 110, 94, 79, 247, 199, 253, 183, 182, 65, 255, 242, 154,
       50, 223, 223, 159, 119, 189, 87, 81, 41, 172, 53, 140, 78, 205,
       167, 134, 245, 130, 1, 179, 44, 83, 43, 192, 103, 121, 205, 156,
       232, 247, 40, 205, 99, 221, 16, 132, 120, 144, 90, 117, 173, 173,
       165, 140, 46, 79, 171, 18, 246, 138, 141, 211, 108, 91, 74, 221,
       199, 121, 167, 252, 72, 255, 10, 237, 47, 205, 116, 132, 120, 212,
       82, 232, 176, 187, 120, 237, 253, 113, 87, 171, 91, 180, 57, 186,
       157, 70, 59, 201, 50, 255, 16, 147, 111, 242, 17, 223, 217, 116,
       123, 194, 72, 214, 251, 72, 56, 57, 97, 1, 207, 81, 55, 104, 232,
       38, 8, 190, 23, 0, 49, 132, 55, 89, 8, 1, 108, 241, 4, 199, 219,
       80, 50, 66, 0, 70, 123, 113, 160, 172, 181, 140, 102, 205, 171,
       130, 247, 134, 25, 243, 108, 82, 106, 201, 199, 121, 157, 156, 79,
       255, 0, 201, 43, 255, 60, 132, 104, 144, 82, 88, 114, 191, 122,
       40, 204, 89, 20, 175, 95, 135, 181, 191, 199, 210, 123, 167, 181,
       125, 24, 139, 69, 187, 49, 211, 243, 122, 185, 2, 144, 39, 123,
       234, 120, 188, 84, 105, 252, 153, 146, 139, 222, 180, 189, 174,
       252, 87, 191, 135, 113, 253, 1, 165, 111, 242, 193, 83, 123, 93,
       187, 75, 116, 15, 95, 70, 242, 164, 159, 171, 48, 188, 143, 190,
       95, 151, 183, 236, 238, 206, 74, 167, 71, 255, 149, 182, 77, 239,
       227, 254, 54, 222, 223, 142, 84, 173, 95, 205, 50, 188, 241, 165,
       63, 121, 23, 111, 251, 55, 20, 158, 27, 74, 58, 133, 4, 236, 28,
       178, 244, 241, 194, 207, 219, 52, 117, 202, 128, 202, 3, 28, 4,
       158, 229, 32, 110, 119, 120, 52, 142, 239, 0, 223, 119, 43, 91,
       122, 213, 111, 234, 40, 147, 25, 10, 211, 231, 99, 5, 162, 243,
       39, 34, 176, 253, 56, 184, 252, 205, 87, 239, 159, 61, 152, 11,
       183, 158, 98, 16, 237, 251, 15, 65, 110, 43, 82, 63, 251, 149, 63,
       121, 16, 24, 143, 203, 189, 182, 77, 191, 180, 47, 79, 255, 86,
       254, 244, 254, 243, 103, 146, 49, 127, 206, 20, 174, 185, 254,
       125, 63, 248, 203, 247, 244, 60, 232, 242, 249, 221, 71, 76, 39,
       44, 10, 71, 176, 100, 162, 135, 232, 215, 97, 139, 115, 114, 196,
       108, 106, 105, 229, 205, 46, 228, 235, 103, 20, 44, 179, 88, 32,
       169, 18, 109, 69, 100, 154, 225, 19, 119, 97, 118, 246, 147, 9,
       148, 125, 124, 172, 102, 28, 169, 252, 101, 12, 70, 235, 242, 64,
       111, 136, 80, 248, 114, 50, 119, 33, 103, 221, 144, 83, 41, 125,
       246, 239, 14, 29, 150, 154, 238, 181, 255, 17, 142, 191, 225, 192,
       23, 81, 48, 211, 71, 140, 94, 95, 25, 103, 82, 12, 82, 155, 102,
       120, 117, 64, 106, 237, 111, 194, 162, 180, 50, 172, 194, 238,
       197, 147, 4, 95, 48, 100, 1, 0, 107, 166, 43, 156, 10, 159, 18,
       171, 151, 167, 186, 251, 31, 13, 90, 71, 236, 234, 40, 196, 221,
       43, 147, 181, 182, 152, 25, 255, 173, 246, 138, 66, 152, 78, 185,
       151, 49, 205, 75, 222, 180, 131, 235, 230, 86, 1, 218, 226, 113,
       227, 177, 96, 89, 234, 6, 200, 43, 186, 76, 255, 40, 174, 166,
       192, 189, 155, 240, 168, 9, 181, 17, 185, 252, 141, 173, 255, 222,
       57, 88, 86, 188, 179, 104, 224, 205, 11, 50, 29, 211, 120, 90,
       247, 236, 158, 191, 108, 152, 72, 129, 168, 241, 207, 127, 111,
       52, 10, 111, 188, 116, 64, 122, 196, 243, 99, 144, 113, 122, 228,
       60, 110, 233, 176, 109, 45, 230, 233, 162, 128, 125, 186, 192, 40,
       134, 212, 230, 215, 231, 50, 190, 175, 57, 83, 95, 183, 104, 126,
       190, 237, 255, 219, 179, 167, 244, 220, 45, 226, 46, 127, 222,
       199, 143, 245, 249, 221, 6, 140, 173, 183, 164, 106, 189, 167, 62,
       247, 82, 147, 220, 63, 80, 75, 167, 87, 63, 149, 48, 220, 107,
       226, 237, 55, 254, 196, 132, 81, 149, 107, 250, 178, 252, 92, 45,
       93, 85, 252, 211, 127, 180, 61, 42, 156, 78, 191, 141, 214, 253,
       64, 239, 111, 246, 179, 211, 121, 80, 191, 115, 141, 94, 95, 66,
       23, 255, 94, 138, 96, 188, 23, 189, 215, 250, 245, 72, 174, 102,
       74, 239, 119, 235, 144, 148, 201, 183, 98, 107, 54, 86, 203, 193,
       240, 165, 95, 236, 39, 172, 182, 172, 46, 95, 152, 51, 254, 143,
       93, 199, 101, 91, 27, 149, 198, 109, 126, 172, 68, 201, 42, 235,
       243, 101, 181, 160, 247, 222, 67, 160, 92, 23, 253, 77, 231, 165,
       246, 156, 26, 210, 82, 244, 211, 33, 107, 201, 112, 91, 107, 97,
       229, 18, 191, 197, 146, 219, 18, 24, 121, 49, 171, 56, 189, 58,
       250, 59, 205, 85, 103, 191, 93, 172, 9, 62, 191, 34, 16, 169, 187,
       221, 0, 126, 11, 50, 255, 251, 223, 20, 123, 82, 0, 134, 123, 88,
       32, 158, 184, 10, 233, 17, 75, 174, 23, 228, 57, 191, 151, 98, 91,
       231, 151, 239, 145, 10, 15, 194, 64, 209, 225, 122, 57, 144, 64,
       39, 139, 125, 69, 231, 199, 76, 74, 239, 248, 121, 202, 247, 106,
       223, 127, 153, 247, 122, 212, 126, 235, 233, 243, 237, 232, 245,
       43, 239, 20, 103, 251, 115, 161, 119, 98, 192, 131, 223, 31, 234,
       216, 47, 240, 191, 206, 204, 74, 223, 174, 127, 197, 94, 254, 205,
       115, 253, 224, 190, 24, 143, 244, 207, 255, 107, 148, 39, 104,
       230, 131, 221, 63, 238, 216, 231, 242, 215, 78, 200, 170, 223,
       254, 121, 204, 122, 254, 157, 211, 255, 224, 62, 28, 135, 252,
       175, 255, 250, 212, 69, 96, 157, 249, 136, 12, 105, 216, 174, 147,
       162, 80, 159, 195, 73, 90, 133, 5, 104, 158, 10, 69, 219, 80, 217,
       249, 95, 92, 136, 209, 35, 0, 116, 237, 136, 186, 188, 77, 71,
       168, 23, 183, 169, 9, 247, 99, 73, 83, 217, 194, 76, 114, 106, 98,
