%YAML:1.0
---
descriptors: !!opencv-matrix
   rows: 301
   cols: 32
   dt: u
   data: [ 145, 70, 101, 71, 38, 26, 239, 48, 100, 34, 243, 194, 243, 72,
       157, 225, 62, 196, 126, 238, 233, 180, 101, 15, 164, 234, 226,
       128, 117, 187, 80, 40, 210, 187, 26, 184, 75, 145, 184, 73, 174,
       53, 128, 171, 44, 134, 106, 209, 166, 25, 203, 209, 86, 15, 130,
       81, 152, 65, 26, 251, 16, 4, 47, 207, 2, 151, 18, 171, 215, 167,
       58, 255, 29, 13, 74, 71, 236, 226, 40, 192, 221, 43, 131, 176, 54,
       152, 25, 255, 173, 118, 138, 66, 152, 78, 181, 31, 19, 96, 255,
       77, 22, 15, 168, 78, 238, 129, 242, 227, 148, 152, 148, 40, 46,
       61, 127, 5, 129, 249, 5, 69, 4, 40, 114, 198, 109, 8, 97, 169,
       185, 86, 239, 117, 54, 59, 231, 63, 87, 235, 246, 254, 115, 40,
       148, 101, 122, 236, 54, 173, 169, 254, 101, 143, 60, 239, 245,
       208, 109, 168, 80, 237, 57, 175, 90, 96, 244, 47, 70, 103, 105,
       128, 108, 8, 23, 35, 128, 180, 184, 138, 64, 40, 24, 186, 80, 14,
       250, 221, 4, 60, 194, 218, 202, 168, 115, 221, 30, 126, 189, 151,
       86, 167, 151, 13, 186, 13, 106, 233, 46, 80, 221, 227, 237, 230,
       252, 171, 90, 191, 187, 254, 133, 91, 91, 90, 232, 26, 60, 112,
       248, 98, 221, 127, 211, 216, 70, 182, 181, 10, 91, 93, 91, 56, 93,
       216, 215, 122, 138, 102, 121, 18, 91, 205, 37, 125, 251, 251, 94,
       178, 8, 49, 57, 104, 160, 78, 85, 17, 100, 8, 118, 8, 30, 23, 0,
       48, 148, 18, 84, 40, 17, 96, 49, 0, 195, 201, 32, 0, 66, 128, 230,
       179, 40, 188, 186, 249, 253, 247, 208, 255, 86, 203, 252, 17, 190,
       249, 98, 128, 217, 42, 147, 24, 58, 110, 90, 183, 235, 223, 22,
       107, 218, 12, 254, 154, 45, 115, 184, 103, 245, 31, 119, 184, 107,
       232, 127, 76, 223, 123, 75, 16, 148, 76, 85, 126, 200, 176, 249,
       40, 239, 221, 37, 53, 74, 187, 74, 243, 24, 51, 30, 229, 50, 14,
       123, 112, 36, 168, 223, 231, 215, 19, 1, 80, 118, 157, 127, 234,
       72, 144, 209, 12, 244, 225, 170, 132, 40, 162, 41, 147, 175, 93,
       237, 87, 214, 31, 255, 189, 84, 226, 94, 158, 121, 125, 159, 33,
       127, 254, 179, 239, 229, 244, 125, 174, 111, 111, 237, 132, 111,
       255, 208, 248, 9, 221, 83, 79, 215, 142, 231, 119, 125, 72, 122,
       68, 126, 240, 180, 244, 118, 110, 18, 106, 209, 184, 20, 239, 37,
       60, 6, 2, 91, 146, 227, 173, 1, 34, 223, 169, 124, 130, 232, 75,
       234, 177, 242, 192, 157, 138, 144, 90, 234, 45, 126, 157, 2, 187,
       195, 213, 196, 248, 250, 0, 76, 128, 35, 128, 151, 28, 239, 151,
       134, 118, 237, 182, 124, 215, 95, 150, 249, 44, 150, 107, 99, 199,
       59, 159, 181, 220, 61, 226, 116, 47, 254, 128, 173, 245, 241, 124,
       232, 186, 209, 250, 255, 249, 144, 207, 154, 63, 240, 59, 47, 189,
       76, 186, 203, 59, 231, 16, 54, 127, 226, 179, 95, 199, 117, 123,
       211, 76, 206, 203, 51, 32, 253, 217, 122, 133, 184, 67, 107, 25,
       240, 226, 60, 158, 84, 89, 238, 189, 55, 133, 139, 218, 66, 209,
       28, 56, 250, 230, 93, 0, 99, 137, 18, 142, 127, 189, 114, 234,
       185, 103, 60, 69, 90, 243, 189, 47, 48, 64, 39, 59, 39, 133, 144,
       188, 5, 223, 76, 38, 122, 192, 229, 128, 165, 249, 117, 174, 180,
       48, 173, 189, 64, 223, 251, 255, 160, 13, 142, 248, 94, 191, 129,
       2, 108, 28, 190, 107, 250, 48, 155, 219, 85, 127, 202, 76, 219,
       78, 33, 207, 74, 205, 244, 155, 238, 119, 92, 72, 122, 230, 179,
       168, 180, 96, 222, 46, 22, 12, 205, 184, 100, 191, 38, 191, 178,
       128, 29, 154, 248, 141, 2, 189, 59, 186, 219, 229, 51, 199, 158,
       125, 77, 27, 172, 255, 106, 64, 229, 59, 155, 17, 18, 27, 186,
       247, 255, 85, 158, 107, 144, 12, 165, 251, 195, 158, 172, 151,
       172, 180, 184, 183, 214, 127, 214, 223, 225, 108, 158, 235, 205,
       231, 254, 133, 189, 252, 247, 231, 142, 51, 218, 209, 141, 204,
       153, 92, 151, 94, 229, 149, 206, 50, 142, 253, 215, 242, 146, 246,
       65, 104, 159, 239, 127, 196, 126, 239, 237, 231, 47, 202, 60, 74,
       239, 182, 191, 253, 184, 213, 185, 193, 95, 237, 52, 10, 111, 49,
       228, 76, 246, 196, 251, 3, 144, 113, 106, 164, 78, 110, 233, 173,
       101, 29, 228, 235, 96, 16, 110, 170, 64, 105, 170, 76, 22, 190,
       73, 225, 149, 106, 158, 22, 176, 19, 236, 251, 45, 137, 200, 51,
       195, 129, 106, 15, 90, 255, 209, 146, 219, 59, 81, 104, 39, 138,
       84, 171, 195, 173, 156, 2, 102, 171, 114, 128, 74, 194, 209, 227,
       200, 64, 112, 76, 32, 168, 81, 210, 199, 9, 172, 164, 167, 12,
       160, 226, 98, 160, 221, 85, 103, 199, 76, 78, 238, 248, 124, 194,
       255, 66, 223, 124, 185, 99, 122, 212, 126, 235, 233, 243, 125,
       238, 245, 43, 239, 20, 109, 251, 113, 48, 129, 130, 205, 237, 116,
       11, 233, 59, 60, 163, 114, 210, 183, 33, 144, 64, 115, 4, 126, 61,
       241, 184, 69, 31, 76, 174, 122, 132, 92, 168, 81, 40, 214, 208,
       252, 181, 34, 108, 57, 154, 190, 119, 23, 181, 223, 111, 75, 91,
       183, 85, 125, 135, 32, 69, 219, 0, 221, 227, 123, 213, 164, 241,
       7, 83, 215, 12, 175, 220, 3, 118, 173, 34, 248, 194, 199, 146,
       113, 230, 53, 111, 97, 229, 57, 175, 41, 199, 182, 202, 209, 42,
       219, 0, 165, 113, 49, 100, 121, 177, 148, 112, 141, 189, 80, 221,
       235, 185, 164, 12, 62, 248, 70, 191, 129, 131, 108, 24, 31, 107,
       218, 145, 155, 219, 85, 126, 218, 74, 203, 143, 161, 205, 0, 250,
       244, 133, 206, 231, 213, 16, 248, 66, 177, 73, 180, 33, 204, 170,
       18, 77, 242, 42, 66, 253, 108, 152, 158, 104, 93, 136, 240, 136,
       56, 160, 159, 240, 168, 237, 81, 214, 179, 147, 164, 24, 23, 183,
       64, 27, 161, 178, 117, 24, 59, 107, 146, 0, 219, 203, 116, 120,
       224, 64, 198, 170, 118, 133, 4, 174, 173, 15, 70, 232, 23, 186,
       137, 11, 199, 120, 72, 65, 217, 196, 108, 227, 110, 99, 91, 159,
       185, 214, 199, 63, 16, 123, 152, 6, 89, 144, 239, 125, 140, 46,
       177, 23, 164, 121, 246, 247, 211, 61, 50, 107, 109, 86, 255, 148,
       153, 249, 119, 133, 207, 235, 246, 208, 255, 232, 240, 115, 32,
       136, 104, 249, 20, 255, 97, 23, 71, 73, 254, 3, 179, 157, 146,
       120, 93, 186, 191, 152, 155, 184, 99, 49, 207, 239, 176, 209, 185,
       202, 252, 122, 120, 177, 255, 96, 11, 221, 81, 80, 163, 49, 173,
       40, 63, 191, 64, 178, 162, 177, 253, 80, 27, 43, 178, 17, 219,
       221, 65, 123, 234, 2, 70, 58, 81, 42, 191, 184, 40, 248, 89, 18,
       239, 95, 166, 184, 159, 135, 194, 123, 135, 53, 108, 28, 138, 77,
       163, 80, 210, 249, 114, 249, 128, 129, 7, 97, 217, 8, 156, 246,
       168, 60, 93, 51, 251, 155, 167, 80, 255, 51, 0, 219, 163, 231,
       108, 8, 57, 77, 147, 32, 211, 235, 116, 25, 170, 224, 235, 11,
       188, 108, 222, 119, 228, 107, 119, 208, 113, 178, 119, 24, 91,
       113, 9, 59, 59, 252, 70, 58, 32, 244, 9, 10, 87, 139, 101, 1, 227,
       249, 74, 162, 37, 33, 33, 71, 85, 30, 227, 56, 97, 128, 235, 72,
       243, 80, 29, 180, 88, 204, 82, 254, 201, 178, 241, 44, 47, 140,
       133, 0, 107, 163, 114, 164, 46, 243, 240, 219, 207, 237, 181, 204,
       223, 61, 116, 58, 76, 221, 110, 13, 187, 26, 135, 83, 82, 112, 42,
       241, 79, 80, 21, 239, 215, 29, 205, 199, 40, 170, 173, 113, 237,
       253, 65, 215, 103, 125, 246, 9, 179, 157, 82, 43, 201, 186, 238,
       28, 155, 250, 226, 49, 207, 217, 240, 249, 194, 8, 214, 251, 170,
       169, 235, 218, 109, 241, 249, 71, 255, 93, 117, 58, 56, 221, 254,
       184, 233, 170, 183, 152, 18, 107, 170, 241, 95, 25, 178, 233, 215,
       140, 254, 234, 193, 184, 188, 23, 172, 173, 161, 159, 234, 243,
       134, 28, 246, 240, 210, 42, 1, 70, 120, 29, 147, 109, 255, 48, 76,
       11, 117, 116, 136, 72, 217, 120, 32, 175, 8, 153, 236, 173, 96,
       39, 94, 61, 88, 17, 134, 129, 112, 9, 201, 42, 6, 28, 18, 120, 66,
       145, 141, 144, 53, 109, 208, 8, 217, 131, 72, 53, 57, 101, 112,
       78, 121, 59, 104, 168, 126, 72, 158, 23, 1, 48, 150, 29, 117, 40,
       193, 216, 241, 76, 199, 253, 37, 132, 72, 160, 71, 59, 200, 58,
