%YAML:1.0
---
descriptors: !!opencv-matrix
   rows: 190
   cols: 32
   dt: u
   data: [ 138, 79, 98, 223, 215, 176, 190, 199, 28, 7, 89, 247, 40, 234,
       189, 197, 255, 123, 147, 135, 246, 158, 12, 255, 38, 118, 158,
       139, 151, 93, 249, 142, 66, 187, 18, 158, 35, 220, 48, 39, 173, 9,
       138, 56, 172, 178, 32, 212, 166, 59, 236, 1, 82, 9, 130, 193, 181,
       180, 94, 27, 0, 0, 175, 15, 241, 69, 23, 172, 25, 66, 70, 104,
       133, 0, 235, 130, 71, 112, 32, 227, 248, 228, 108, 102, 109, 163,
       17, 140, 177, 240, 192, 18, 48, 42, 48, 36, 233, 65, 157, 246,
       108, 12, 71, 188, 241, 186, 166, 72, 247, 241, 73, 123, 148, 244,
       124, 106, 105, 103, 218, 40, 247, 251, 101, 60, 66, 187, 66, 40,
       45, 52, 189, 99, 77, 110, 99, 152, 115, 251, 175, 24, 210, 119,
       73, 58, 153, 220, 113, 58, 41, 246, 249, 2, 207, 223, 193, 52,
       202, 115, 86, 178, 120, 93, 62, 110, 25, 134, 87, 48, 196, 8, 238,
       4, 115, 115, 32, 112, 64, 246, 92, 106, 104, 137, 89, 63, 243,
       239, 33, 80, 58, 34, 104, 58, 54, 176, 121, 80, 234, 201, 208,
       107, 235, 57, 177, 120, 6, 156, 76, 24, 139, 147, 71, 17, 26, 111,
       202, 82, 25, 28, 21, 126, 193, 8, 199, 35, 11, 148, 132, 187, 173,
       245, 176, 143, 30, 91, 72, 23, 172, 248, 126, 201, 209, 11, 179,
       21, 55, 220, 83, 243, 142, 119, 218, 71, 154, 92, 153, 158, 53,
       109, 237, 78, 140, 71, 207, 216, 66, 240, 185, 78, 83, 120, 221,
       34, 89, 196, 88, 255, 201, 99, 255, 56, 59, 137, 165, 60, 253,
       251, 82, 160, 70, 145, 150, 138, 139, 244, 176, 73, 175, 81, 137,
       51, 236, 254, 46, 206, 230, 19, 251, 144, 23, 11, 27, 245, 155,
       52, 26, 79, 154, 7, 173, 87, 15, 140, 130, 187, 145, 183, 188,
       231, 62, 83, 74, 23, 172, 238, 54, 192, 249, 43, 179, 149, 55,
       216, 27, 247, 175, 87, 158, 195, 154, 68, 185, 214, 216, 248, 49,
       234, 27, 205, 27, 188, 190, 0, 128, 24, 191, 215, 64, 112, 134,
       241, 125, 210, 107, 15, 250, 55, 249, 225, 47, 120, 50, 0, 7, 122,
       150, 220, 150, 147, 213, 118, 190, 231, 63, 31, 218, 19, 236, 62,
       110, 206, 233, 215, 175, 145, 126, 221, 27, 227, 189, 54, 223, 67,
       130, 124, 189, 78, 118, 96, 215, 116, 74, 104, 104, 0, 233, 242,
       162, 8, 71, 175, 85, 27, 163, 229, 104, 146, 9, 103, 195, 64, 145,
       186, 85, 56, 225, 113, 70, 34, 89, 221, 127, 236, 28, 78, 87, 183,
       229, 8, 174, 64, 119, 55, 33, 115, 164, 182, 124, 104, 233, 169,
       49, 13, 243, 235, 100, 16, 42, 186, 96, 43, 23, 207, 107, 175,
       150, 2, 110, 248, 36, 132, 218, 231, 113, 99, 185, 64, 126, 236,
       63, 238, 200, 147, 45, 47, 240, 175, 175, 128, 53, 179, 112, 232,
       214, 220, 150, 151, 149, 244, 190, 231, 191, 151, 251, 19, 236,
       254, 110, 207, 233, 223, 175, 147, 54, 220, 219, 227, 189, 54,
       223, 71, 133, 125, 189, 143, 53, 205, 74, 175, 52, 10, 238, 248,
       68, 224, 222, 198, 115, 104, 187, 96, 122, 228, 30, 239, 205, 178,
       77, 45, 244, 47, 167, 132, 109, 187, 120, 20, 26, 141, 14, 187,
       177, 214, 92, 167, 55, 81, 202, 5, 236, 250, 34, 192, 193, 43,
       187, 149, 94, 136, 91, 247, 235, 247, 158, 195, 152, 4, 185, 26,
       11, 141, 145, 187, 151, 255, 176, 143, 94, 83, 74, 19, 172, 188,
       44, 236, 209, 27, 186, 17, 55, 216, 115, 247, 141, 119, 30, 67,
       148, 76, 157, 78, 129, 162, 29, 155, 252, 169, 169, 143, 30, 51,
       17, 248, 156, 98, 200, 137, 11, 11, 74, 29, 51, 92, 79, 215, 12,
       22, 127, 252, 156, 136, 129, 161, 11, 169, 10, 169, 221, 213, 186,
       199, 142, 105, 88, 135, 172, 206, 114, 128, 252, 43, 147, 197, 86,
       58, 26, 247, 175, 85, 158, 235, 29, 14, 185, 218, 116, 112, 211,
       64, 8, 76, 67, 24, 162, 172, 165, 8, 83, 215, 65, 22, 17, 124, 68,
       122, 9, 67, 186, 0, 249, 136, 37, 60, 64, 163, 6, 51, 80, 49, 251,
       68, 176, 198, 123, 83, 123, 137, 238, 0, 54, 183, 68, 48, 58, 188,
       92, 88, 25, 187, 176, 74, 251, 188, 34, 64, 192, 162, 231, 35, 36,
       178, 17, 208, 234, 233, 161, 75, 170, 57, 177, 120, 148, 156, 72,
       8, 139, 155, 66, 17, 19, 111, 202, 85, 29, 0, 63, 124, 193, 8,
       135, 161, 44, 180, 145, 49, 185, 237, 144, 11, 30, 187, 49, 57,
       158, 28, 72, 11, 133, 27, 206, 17, 50, 108, 219, 18, 205, 215, 17,
       127, 208, 72, 135, 3, 144, 158, 121, 123, 48, 143, 67, 191, 118,
       45, 230, 48, 179, 17, 128, 112, 17, 26, 12, 8, 42, 188, 97, 63,
       233, 175, 48, 16, 112, 136, 68, 41, 32, 205, 49, 127, 253, 205,
       69, 174, 94, 27, 104, 8, 183, 55, 0, 112, 193, 90, 50, 72, 67, 40,
       83, 63, 229, 190, 116, 56, 80, 88, 194, 170, 125, 112, 149, 101,
       69, 110, 99, 216, 107, 178, 163, 8, 214, 87, 73, 62, 185, 84, 120,
       122, 9, 242, 249, 8, 215, 223, 69, 54, 202, 115, 66, 178, 253,
       104, 151, 116, 77, 14, 70, 204, 251, 186, 160, 8, 247, 209, 65,
       59, 128, 108, 104, 106, 72, 103, 218, 40, 211, 251, 69, 60, 66,
       57, 66, 170, 64, 25, 159, 236, 232, 236, 115, 19, 162, 136, 234,
       0, 55, 247, 33, 82, 224, 255, 109, 0, 8, 139, 146, 9, 215, 165,
       34, 8, 160, 98, 38, 43, 118, 100, 209, 103, 66, 106, 98, 200, 107,
       242, 171, 24, 87, 62, 93, 58, 59, 221, 104, 242, 9, 118, 217, 66,
       157, 152, 69, 52, 225, 115, 70, 160, 144, 165, 157, 185, 152, 235,
       81, 7, 190, 21, 130, 17, 183, 163, 0, 91, 163, 51, 105, 16, 58,
       201, 83, 55, 201, 195, 30, 81, 176, 64, 133, 10, 109, 164, 165,
       75, 221, 127, 193, 153, 90, 119, 45, 28, 210, 100, 94, 62, 153,
       14, 122, 60, 187, 112, 251, 19, 79, 31, 69, 116, 210, 111, 214,
       244, 224, 48, 159, 112, 137, 236, 113, 83, 171, 147, 165, 24, 22,
       243, 64, 59, 161, 178, 104, 24, 59, 111, 178, 64, 219, 187, 84,
       89, 192, 64, 231, 162, 52, 97, 83, 68, 104, 79, 71, 120, 32, 168,
       232, 72, 83, 215, 137, 176, 144, 220, 68, 106, 73, 163, 176, 8,
       49, 172, 33, 60, 96, 178, 102, 33, 16, 141, 91, 239, 242, 194,
       175, 230, 52, 0, 90, 162, 113, 238, 165, 96, 122, 255, 23, 226,
       65, 153, 45, 255, 116, 167, 175, 129, 61, 210, 37, 152, 197, 102,
       222, 247, 100, 42, 104, 154, 57, 146, 98, 240, 247, 35, 201, 91,
       55, 68, 108, 14, 33, 212, 203, 98, 132, 250, 115, 4, 172, 241, 73,
       9, 33, 161, 25, 233, 124, 201, 65, 159, 94, 73, 88, 104, 183, 133,
       200, 96, 82, 10, 2, 24, 19, 56, 99, 23, 108, 140, 52, 124, 208,
       136, 212, 168, 211, 142, 198, 189, 158, 50, 172, 191, 252, 210,
       210, 247, 107, 104, 178, 199, 127, 198, 252, 165, 189, 253, 13,
       237, 184, 98, 255, 132, 173, 236, 249, 77, 125, 125, 89, 103, 172,
       15, 79, 248, 65, 162, 189, 78, 83, 115, 193, 51, 94, 212, 92, 234,
       201, 210, 249, 46, 250, 201, 229, 52, 107, 251, 66, 40, 61, 237,
       245, 96, 172, 79, 199, 252, 194, 250, 184, 10, 83, 113, 209, 162,
       89, 192, 94, 122, 75, 103, 251, 58, 121, 205, 37, 60, 255, 251,
       210, 160, 72, 197, 51, 126, 177, 204, 95, 167, 233, 68, 46, 9,
       191, 253, 58, 112, 150, 51, 249, 73, 67, 9, 178, 191, 227, 253,
       20, 91, 114, 22, 135, 122, 245, 237, 225, 84, 156, 15, 199, 190,
       82, 226, 176, 94, 115, 120, 213, 35, 89, 228, 92, 111, 233, 111,
       253, 63, 249, 142, 229, 60, 125, 184, 82, 40, 18, 255, 191, 188,
       178, 210, 61, 231, 190, 207, 90, 163, 173, 191, 34, 192, 167, 127,
       191, 129, 7, 217, 162, 239, 187, 103, 127, 139, 164, 116, 165,
       251, 49, 237, 131, 169, 213, 166, 166, 231, 118, 41, 234, 70, 51,
       226, 32, 212, 121, 174, 2, 184, 27, 187, 17, 47, 189, 164, 134,
       64, 217, 74, 240, 168, 60, 136, 189, 127, 141, 111, 65, 175, 215,
       51, 164, 24, 243, 121, 20, 58, 201, 230, 104, 24, 57, 110, 251,
       177, 207, 251, 85, 121, 210, 105, 210, 10, 18, 143, 251, 223, 86,
       166, 191, 230, 126, 75, 90, 87, 124, 250, 36, 64, 255, 107, 19,
       133, 178, 152, 0, 255, 125, 46, 190, 128, 145, 64, 165, 171, 181,
       253, 91, 238, 146, 70, 78, 252, 16, 160, 184, 234, 115, 247, 169,
