%YAML:1.0
---
descriptors: !!opencv-matrix
   rows: 141
   cols: 32
   dt: u
   data: [ 248, 52, 113, 104, 25, 109, 83, 88, 3, 232, 189, 8, 91, 93,
       73, 49, 216, 145, 95, 98, 75, 39, 249, 159, 243, 217, 1, 62, 123,
       171, 102, 115, 230, 188, 239, 176, 206, 224, 189, 71, 154, 215,
       80, 179, 188, 190, 116, 11, 235, 91, 243, 145, 51, 127, 146, 226,
       93, 6, 223, 235, 133, 76, 183, 243, 158, 243, 125, 106, 122, 193,
       187, 216, 174, 216, 53, 243, 93, 223, 232, 49, 54, 217, 127, 243,
       211, 5, 11, 118, 89, 137, 175, 236, 117, 131, 39, 243, 193, 112,
       182, 85, 36, 30, 229, 49, 105, 226, 39, 88, 242, 16, 214, 167, 0,
       100, 120, 106, 229, 252, 181, 9, 6, 250, 65, 32, 74, 160, 82, 172,
       161, 45, 121, 101, 116, 79, 111, 55, 121, 228, 126, 8, 243, 53,
       145, 48, 26, 254, 68, 40, 233, 184, 241, 14, 231, 255, 37, 0, 99,
       240, 70, 248, 253, 191, 206, 28, 221, 31, 206, 251, 87, 226, 254,
       78, 115, 232, 191, 165, 93, 238, 118, 47, 253, 242, 125, 159, 58,
       127, 197, 20, 223, 252, 120, 28, 255, 80, 63, 232, 173, 21, 159,
       220, 139, 250, 180, 127, 94, 191, 245, 58, 143, 213, 253, 247,
       137, 7, 187, 210, 243, 217, 237, 190, 223, 255, 34, 115, 41, 189,
       18, 87, 245, 159, 246, 247, 127, 232, 126, 76, 58, 184, 148, 180,
       184, 106, 18, 72, 213, 184, 60, 127, 46, 28, 5, 34, 75, 118, 203,
       141, 158, 253, 246, 182, 235, 227, 182, 238, 191, 215, 95, 179,
       108, 254, 111, 75, 183, 127, 187, 211, 118, 253, 142, 255, 122,
       103, 95, 143, 167, 127, 173, 223, 43, 221, 98, 31, 117, 223, 178,
       226, 95, 68, 92, 6, 232, 220, 183, 164, 216, 43, 146, 71, 199,
       184, 124, 255, 39, 94, 138, 131, 87, 15, 93, 220, 10, 149, 48,
       139, 213, 215, 190, 175, 29, 69, 94, 3, 236, 126, 62, 196, 221,
       27, 147, 161, 118, 152, 121, 255, 47, 119, 158, 195, 22, 14, 189,
       94, 214, 220, 150, 151, 165, 164, 188, 231, 62, 187, 218, 51, 236,
       122, 109, 203, 235, 247, 191, 147, 102, 221, 11, 231, 188, 50,
       223, 199, 132, 125, 177, 15, 8, 188, 188, 241, 169, 253, 245, 71,
       191, 59, 174, 24, 158, 187, 64, 58, 161, 115, 251, 24, 50, 109,
       179, 83, 207, 223, 86, 123, 210, 72, 143, 139, 141, 124, 190, 127,
       77, 253, 121, 216, 255, 219, 36, 16, 252, 255, 93, 123, 161, 101,
       123, 30, 166, 69, 186, 243, 79, 255, 223, 44, 146, 117, 103, 242,
       10, 188, 178, 235, 245, 183, 251, 223, 95, 13, 126, 2, 168, 251,
       126, 36, 249, 187, 151, 152, 18, 186, 56, 255, 127, 221, 159, 98,
       159, 78, 241, 250, 120, 112, 53, 236, 79, 239, 81, 88, 143, 240,
       165, 10, 158, 215, 64, 126, 104, 188, 123, 88, 11, 103, 243, 209,
       213, 176, 1, 62, 82, 11, 7, 227, 22, 143, 142, 191, 138, 194, 158,
       166, 158, 23, 195, 179, 229, 238, 34, 73, 213, 119, 171, 195, 52,
       201, 27, 63, 233, 167, 222, 81, 148, 123, 189, 90, 250, 216, 111,
       254, 47, 68, 93, 229, 169, 86, 182, 159, 106, 31, 54, 87, 238,
       213, 253, 230, 104, 103, 243, 237, 243, 251, 194, 155, 39, 188,
       244, 123, 252, 241, 249, 235, 184, 79, 87, 152, 51, 248, 181, 108,
       87, 87, 73, 50, 95, 220, 125, 250, 75, 66, 251, 26, 251, 205, 37,
       188, 186, 179, 70, 115, 221, 212, 188, 118, 40, 94, 95, 184, 228,
       62, 183, 24, 255, 123, 10, 91, 183, 196, 236, 106, 232, 101, 171,
       53, 243, 235, 101, 29, 98, 243, 206, 67, 238, 180, 249, 208, 237,
       253, 185, 91, 159, 123, 181, 63, 156, 188, 94, 187, 239, 147, 255,
       17, 179, 111, 250, 210, 223, 27, 159, 255, 223, 76, 223, 243, 26,
       188, 179, 177, 151, 251, 188, 215, 31, 195, 78, 179, 173, 191, 96,
       204, 127, 123, 179, 145, 51, 220, 19, 179, 173, 215, 158, 71, 174,
       92, 189, 186, 36, 91, 123, 101, 116, 206, 111, 180, 53, 104, 126,
       100, 87, 23, 145, 112, 118, 252, 23, 110, 193, 176, 113, 124, 245,
       173, 37, 128, 104, 186, 70, 241, 35, 190, 234, 92, 246, 177, 188,
       199, 127, 199, 92, 255, 40, 168, 246, 240, 239, 123, 179, 21, 151,
       122, 182, 243, 46, 31, 190, 235, 221, 212, 251, 157, 40, 95, 83,
       172, 118, 130, 22, 244, 29, 200, 250, 229, 239, 231, 161, 192, 94,
       125, 134, 102, 229, 187, 0, 174, 162, 244, 38, 130, 30, 191, 40,
       217, 167, 205, 128, 154, 221, 161, 142, 239, 23, 19, 200, 147,
       225, 234, 60, 197, 89, 203, 3, 199, 126, 78, 78, 183, 44, 86, 158,
       125, 149, 221, 184, 140, 125, 95, 106, 196, 213, 150, 111, 246,
       229, 196, 238, 134, 107, 238, 55, 212, 124, 230, 178, 238, 204,
       155, 52, 172, 123, 111, 135, 1, 11, 255, 252, 92, 196, 236, 190,
       254, 77, 237, 113, 206, 255, 155, 164, 24, 246, 251, 73, 123, 193,
       114, 123, 30, 34, 101, 250, 115, 223, 251, 215, 43, 192, 113, 115,
       170, 35, 175, 76, 95, 116, 149, 235, 119, 94, 136, 124, 96, 176,
       243, 180, 52, 78, 106, 18, 220, 146, 186, 102, 125, 46, 28, 182,
       136, 223, 128, 242, 173, 34, 237, 231, 91, 215, 227, 164, 239,
       222, 17, 232, 162, 32, 44, 52, 37, 121, 90, 3, 145, 50, 248, 70,
       253, 45, 22, 214, 3, 213, 88, 246, 174, 200, 233, 188, 251, 173,
       205, 116, 167, 255, 63, 166, 24, 190, 251, 96, 91, 129, 119, 107,
       82, 114, 109, 219, 177, 207, 251, 86, 123, 210, 88, 197, 11, 44,
       113, 57, 101, 32, 14, 119, 56, 109, 168, 127, 72, 223, 23, 9, 48,
       148, 84, 68, 106, 193, 176, 113, 12, 231, 253, 33, 4, 66, 187, 70,
       35, 214, 134, 142, 190, 158, 2, 30, 168, 148, 150, 194, 167, 231,
       104, 59, 67, 243, 231, 253, 167, 124, 193, 15, 47, 248, 99, 239,
       149, 172, 124, 57, 82, 187, 106, 235, 159, 102, 146, 239, 116, 81,
       74, 85, 247, 57, 236, 182, 32, 126, 237, 23, 207, 229, 246, 164,
       235, 118, 111, 254, 128, 111, 189, 115, 253, 63, 94, 234, 250,
       150, 163, 239, 214, 215, 202, 222, 230, 113, 207, 177, 96, 127,
       234, 31, 223, 235, 151, 44, 254, 248, 207, 175, 128, 189, 250,
       112, 185, 166, 95, 86, 94, 122, 154, 30, 176, 221, 200, 116, 239,
       238, 232, 165, 213, 86, 116, 206, 102, 229, 160, 78, 238, 38, 50,
       101, 154, 94, 191, 10, 21, 10, 188, 179, 185, 251, 229, 189, 199,
       30, 83, 88, 247, 189, 191, 96, 132, 175, 59, 179, 145, 51, 88, 18,
       247, 109, 87, 62, 232, 150, 76, 133, 187, 160, 0, 146, 190, 77,
       226, 146, 68, 156, 134, 209, 19, 196, 219, 33, 72, 216, 122, 130,
       16, 0, 183, 66, 202, 209, 182, 146, 11, 20, 122, 53, 130, 61, 77,
       107, 222, 212, 147, 207, 246, 213, 192, 222, 66, 115, 233, 181,
       96, 90, 234, 22, 202, 233, 171, 108, 191, 114, 239, 166, 136, 55,
       251, 240, 232, 149, 83, 125, 229, 52, 30, 238, 184, 116, 232, 242,
       230, 243, 86, 153, 97, 126, 196, 30, 238, 237, 176, 109, 12, 228,
       171, 163, 132, 109, 187, 113, 49, 52, 167, 158, 228, 188, 107,
       213, 235, 143, 182, 184, 43, 70, 249, 105, 3, 217, 114, 79, 32,
       88, 99, 2, 30, 249, 150, 69, 63, 208, 120, 214, 131, 47, 166, 164,
       157, 221, 151, 204, 251, 215, 247, 212, 79, 226, 232, 63, 165,
       221, 236, 115, 189, 254, 250, 95, 159, 46, 94, 221, 124, 223, 44,
       88, 204, 59, 179, 189, 248, 239, 21, 153, 121, 139, 91, 181, 127,
       28, 223, 76, 42, 239, 147, 255, 177, 211, 103, 242, 209, 219, 89,
       251, 254, 31, 12, 163, 243, 11, 168, 146, 219, 237, 245, 120, 199,
       87, 21, 92, 18, 173, 234, 234, 172, 235, 42, 162, 24, 22, 122,
       166, 243, 143, 221, 22, 107, 178, 204, 173, 206, 220, 149, 222,
       254, 186, 102, 95, 248, 178, 150, 189, 19, 83, 247, 107, 91, 127,
       214, 125, 250, 120, 67, 187, 110, 251, 171, 231, 28, 161, 243,
       230, 242, 100, 230, 249, 231, 100, 74, 255, 188, 56, 174, 243,
       233, 223, 111, 156, 18, 187, 205, 110, 98, 96, 246, 233, 234, 246,
       255, 111, 149, 69, 250, 199, 225, 164, 172, 156, 247, 148, 175,
       110, 171, 254, 187, 163, 24, 215, 123, 24, 91, 153, 103, 105, 26,
       58, 248, 219, 63, 205, 175, 247, 85, 192, 105, 208, 2, 156, 62,
       253, 227, 188, 123, 227, 152, 126, 236, 186, 234, 215, 109, 193,
