%YAML:1.0
---
descriptors: !!opencv-matrix
   rows: 188
   cols: 32
   dt: u
   data: [ 165, 227, 105, 79, 124, 79, 71, 184, 118, 104, 117, 72, 211,
       5, 153, 52, 28, 76, 86, 110, 233, 50, 105, 31, 103, 157, 33, 180,
       80, 187, 86, 241, 57, 2, 107, 229, 100, 2, 233, 113, 101, 32, 246,
       230, 27, 9, 180, 64, 122, 132, 23, 172, 153, 187, 37, 132, 210,
       233, 162, 196, 111, 136, 112, 192, 14, 77, 50, 158, 221, 246, 190,
       226, 159, 4, 78, 3, 236, 254, 39, 196, 216, 123, 139, 210, 38,
       155, 122, 255, 63, 118, 143, 11, 146, 127, 53, 198, 118, 234, 153,
       250, 8, 193, 27, 200, 186, 29, 161, 185, 214, 215, 104, 88, 205,
       249, 109, 210, 10, 71, 202, 115, 217, 134, 191, 255, 144, 3, 39,
       227, 7, 185, 161, 139, 213, 213, 174, 200, 95, 233, 88, 70, 168,
       248, 125, 164, 221, 75, 146, 215, 215, 184, 124, 243, 45, 92, 143,
       110, 223, 126, 217, 156, 18, 157, 183, 139, 252, 98, 189, 231, 61,
       127, 218, 51, 134, 190, 36, 66, 237, 215, 63, 145, 56, 219, 113,
       226, 189, 54, 222, 198, 128, 88, 181, 95, 5, 159, 31, 251, 180,
       167, 107, 51, 92, 73, 91, 70, 245, 243, 160, 96, 247, 43, 31, 28,
       179, 152, 9, 127, 237, 174, 170, 192, 152, 138, 161, 41, 23, 221,
       30, 74, 155, 135, 191, 228, 174, 17, 174, 5, 76, 243, 46, 68, 181,
       83, 43, 222, 82, 9, 26, 119, 249, 190, 15, 70, 216, 19, 161, 26,
       57, 37, 227, 232, 223, 119, 201, 75, 85, 129, 236, 130, 27, 173,
       55, 232, 120, 168, 19, 188, 26, 171, 52, 142, 219, 237, 130, 73,
       183, 205, 112, 224, 34, 176, 235, 153, 245, 243, 185, 71, 95, 69,
       88, 179, 8, 220, 126, 40, 255, 59, 147, 145, 150, 186, 52, 211,
       79, 93, 154, 231, 197, 76, 247, 222, 95, 186, 238, 103, 50, 18,
       123, 184, 119, 252, 87, 231, 89, 95, 159, 102, 54, 221, 253, 239,
       196, 212, 173, 236, 78, 251, 239, 132, 47, 167, 112, 117, 47, 182,
       242, 216, 121, 149, 152, 123, 219, 250, 156, 253, 44, 253, 247,
       164, 159, 49, 223, 53, 167, 103, 162, 223, 91, 95, 45, 190, 215,
       236, 31, 247, 126, 184, 163, 48, 233, 245, 144, 203, 139, 255,
       189, 61, 14, 253, 102, 30, 141, 155, 245, 21, 158, 107, 250, 208,
       27, 85, 29, 255, 211, 77, 150, 87, 236, 225, 120, 97, 252, 91, 79,
       184, 114, 172, 63, 168, 211, 9, 217, 48, 25, 220, 68, 122, 120,
       112, 233, 30, 238, 205, 37, 117, 102, 187, 94, 160, 147, 133, 110,
       224, 215, 54, 233, 103, 53, 101, 206, 146, 25, 175, 54, 229, 120,
       135, 27, 188, 57, 155, 53, 222, 219, 235, 138, 68, 47, 128, 232,
       240, 53, 78, 193, 7, 94, 27, 198, 248, 80, 226, 251, 206, 115,
       104, 157, 166, 121, 228, 70, 239, 237, 242, 237, 174, 60, 46, 229,
       52, 109, 251, 90, 132, 17, 213, 27, 237, 148, 198, 103, 183, 52,
       72, 74, 70, 215, 119, 32, 96, 118, 62, 28, 106, 121, 152, 49, 31,
       225, 175, 38, 64, 56, 162, 161, 57, 79, 180, 135, 48, 171, 112,
       60, 143, 187, 219, 178, 253, 140, 182, 196, 223, 167, 71, 253,
       149, 55, 79, 146, 192, 152, 114, 126, 254, 138, 85, 171, 87, 2,
       76, 7, 158, 25, 132, 42, 230, 150, 0, 64, 131, 56, 199, 49, 65,
       236, 123, 51, 205, 98, 141, 18, 255, 37, 62, 154, 8, 17, 4, 53,
       186, 21, 0, 94, 171, 50, 15, 122, 120, 44, 0, 103, 68, 87, 99, 43,
       81, 54, 9, 30, 110, 133, 144, 29, 92, 198, 207, 34, 4, 184, 162,
       105, 128, 118, 169, 232, 232, 223, 113, 219, 203, 3, 245, 156,
       139, 1, 173, 87, 14, 121, 223, 179, 241, 30, 107, 255, 242, 123,
       68, 141, 127, 181, 239, 246, 242, 94, 28, 246, 244, 211, 210, 177,
       115, 185, 204, 246, 39, 60, 191, 39, 87, 166, 247, 151, 145, 112,
       219, 48, 204, 219, 251, 79, 131, 175, 36, 37, 127, 95, 50, 255,
       229, 54, 18, 123, 24, 109, 236, 87, 231, 89, 95, 151, 120, 246,
       189, 181, 239, 141, 208, 237, 204, 198, 251, 235, 134, 47, 167,
       112, 85, 34, 233, 98, 156, 68, 129, 174, 100, 84, 2, 120, 2, 32,
       232, 52, 4, 120, 104, 19, 195, 192, 186, 150, 235, 52, 44, 138, 8,
       85, 58, 112, 140, 170, 92, 166, 158, 77, 84, 188, 228, 153, 94,
       80, 131, 172, 222, 55, 143, 238, 121, 179, 199, 228, 70, 150, 233,
       21, 112, 218, 139, 23, 117, 63, 222, 130, 200, 146, 159, 69, 215,
       188, 204, 31, 6, 84, 19, 172, 220, 62, 204, 216, 121, 147, 195,
       102, 180, 82, 243, 5, 22, 154, 3, 22, 28, 61, 206, 82, 253, 149,
       183, 245, 198, 238, 231, 63, 232, 250, 98, 252, 62, 0, 244, 235,
       255, 127, 193, 99, 251, 153, 255, 189, 246, 159, 66, 1, 82, 163,
       185, 124, 196, 156, 246, 137, 108, 85, 142, 162, 51, 167, 24, 215,
       243, 73, 122, 193, 214, 124, 10, 27, 71, 251, 33, 211, 227, 81,
       125, 160, 121, 134, 34, 185, 193, 71, 15, 148, 27, 230, 253, 85,
       96, 243, 70, 115, 88, 188, 225, 120, 132, 22, 239, 237, 178, 77,
       191, 54, 107, 165, 4, 125, 186, 248, 140, 181, 188, 189, 247, 140,
       110, 69, 186, 208, 211, 165, 24, 215, 117, 73, 59, 201, 214, 125,
       58, 57, 99, 251, 34, 233, 143, 245, 84, 192, 120, 214, 114, 85,
       64, 159, 108, 42, 102, 71, 90, 172, 200, 254, 64, 86, 179, 37, 66,
       240, 101, 125, 110, 9, 161, 3, 72, 209, 238, 99, 150, 104, 115,
       97, 33, 162, 180, 42, 56, 93, 245, 195, 106, 148, 69, 232, 157,
       178, 204, 60, 128, 216, 186, 195, 129, 59, 47, 114, 63, 49, 85,
       152, 121, 89, 12, 118, 250, 1, 137, 187, 122, 145, 141, 108, 159,
       119, 17, 106, 84, 182, 166, 112, 112, 129, 27, 42, 221, 211, 168,
       51, 117, 237, 182, 20, 72, 208, 80, 128, 56, 134, 177, 22, 186,
       219, 161, 180, 71, 142, 21, 129, 23, 140, 154, 106, 203, 233, 11,
       203, 145, 86, 75, 218, 240, 60, 16, 158, 123, 152, 76, 169, 142,
       128, 228, 95, 115, 98, 202, 127, 48, 168, 242, 103, 17, 119, 87,
       8, 19, 34, 100, 95, 110, 96, 212, 9, 109, 103, 171, 101, 0, 104,
       147, 194, 227, 0, 12, 26, 191, 84, 231, 187, 98, 30, 1, 88, 2,
       245, 251, 49, 64, 217, 43, 19, 145, 34, 168, 88, 63, 101, 167,
       170, 72, 148, 11, 49, 138, 130, 90, 131, 158, 83, 160, 58, 194,
       22, 79, 80, 231, 45, 206, 33, 200, 110, 123, 151, 213, 35, 142,
       18, 255, 1, 102, 186, 139, 21, 85, 37, 217, 3, 95, 10, 157, 22,
       144, 186, 86, 156, 64, 94, 231, 172, 202, 51, 192, 102, 107, 179,
       197, 231, 152, 6, 239, 102, 39, 186, 137, 29, 21, 57, 221, 110,
       56, 240, 82, 249, 253, 146, 222, 139, 255, 189, 61, 14, 253, 87,
       190, 143, 251, 213, 21, 158, 107, 250, 242, 91, 93, 29, 251, 215,
       95, 214, 223, 58, 173, 114, 122, 251, 241, 80, 103, 191, 21, 188,
       185, 46, 159, 102, 148, 175, 187, 197, 144, 30, 43, 34, 247, 251,
       213, 20, 123, 243, 4, 238, 207, 73, 59, 183, 117, 37, 14, 101, 55,
       104, 186, 114, 76, 255, 49, 144, 255, 132, 102, 108, 12, 209, 248,
       211, 9, 196, 251, 112, 0, 74, 232, 195, 41, 124, 101, 185, 100,
       141, 79, 87, 168, 50, 170, 172, 8, 83, 119, 73, 18, 217, 220, 109,
       106, 72, 99, 217, 10, 251, 207, 37, 61, 96, 115, 70, 34, 58, 173,
       20, 240, 157, 157, 84, 231, 143, 49, 168, 9, 174, 185, 100, 148,
       137, 163, 205, 16, 94, 43, 90, 181, 187, 221, 21, 127, 82, 14,
       202, 14, 143, 173, 233, 243, 213, 244, 235, 196, 255, 81, 93, 18,
       185, 205, 94, 172, 105, 235, 19, 221, 58, 248, 62, 231, 111, 93,
       158, 65, 167, 95, 249, 228, 34, 141, 50, 158, 93, 213, 182, 227,
       159, 5, 76, 3, 172, 254, 38, 68, 216, 59, 147, 131, 86, 186, 122,
       253, 55, 54, 142, 11, 18, 14, 181, 206, 104, 37, 249, 101, 84, 79,
       87, 56, 48, 228, 238, 8, 211, 55, 1, 48, 88, 220, 121, 106, 72,
       178, 241, 8, 231, 237, 5, 16, 96, 250, 70, 98, 2, 189, 183, 219,
       215, 231, 177, 239, 94, 185, 86, 50, 240, 253, 44, 109, 93, 95,
       51, 145, 179, 248, 123, 253, 77, 46, 223, 198, 135, 8, 165, 191,
       46, 56, 162, 159, 109, 116, 190, 74, 9, 70, 89, 131, 172, 254, 55,
       142, 220, 123, 179, 135, 132, 18, 218, 233, 7, 118, 218, 171, 151,
       127, 63, 214, 130, 208, 48, 159, 69, 213, 188, 236, 31, 23, 64,
