%YAML:1.0
---
descriptors: !!opencv-matrix
   rows: 84
   cols: 32
   dt: u
   data: [ 24, 240, 121, 161, 18, 75, 187, 238, 54, 117, 82, 163, 181,
       23, 72, 0, 51, 91, 19, 209, 99, 28, 13, 55, 237, 199, 63, 229, 37,
       17, 7, 250, 214, 236, 148, 183, 149, 96, 166, 134, 59, 147, 139,
       19, 228, 226, 76, 206, 225, 207, 170, 147, 62, 93, 155, 227, 189,
       54, 223, 71, 128, 117, 185, 14, 198, 236, 144, 182, 159, 168, 174,
       175, 187, 179, 8, 26, 236, 234, 93, 206, 179, 235, 121, 211, 102,
       76, 218, 243, 173, 86, 223, 123, 132, 118, 137, 14, 246, 231, 197,
       198, 246, 2, 206, 232, 27, 162, 243, 202, 83, 104, 29, 16, 123,
       197, 53, 239, 232, 231, 205, 254, 56, 46, 237, 148, 229, 251, 210,
       0, 241, 67, 71, 77, 76, 10, 231, 104, 229, 162, 246, 66, 98, 65,
       181, 119, 120, 228, 106, 234, 104, 231, 101, 76, 52, 42, 193, 16,
       119, 186, 112, 36, 21, 99, 205, 171, 142, 3, 79, 216, 86, 176,
       249, 198, 83, 193, 249, 105, 121, 200, 38, 254, 203, 98, 79, 48,
       248, 136, 229, 60, 189, 251, 240, 160, 82, 73, 23, 188, 27, 195,
       23, 96, 141, 128, 200, 11, 38, 242, 33, 84, 224, 249, 107, 97, 76,
       139, 18, 173, 177, 240, 79, 27, 48, 58, 37, 14, 34, 169, 208, 250,
       117, 201, 240, 196, 95, 33, 112, 11, 46, 152, 100, 0, 136, 185,
       130, 80, 22, 58, 66, 241, 31, 220, 17, 107, 209, 8, 78, 142, 92,
       153, 157, 247, 170, 78, 21, 191, 166, 189, 138, 33, 215, 55, 0,
       90, 133, 87, 109, 64, 88, 201, 75, 41, 233, 167, 127, 148, 160,
       114, 133, 123, 29, 175, 236, 167, 52, 166, 235, 240, 98, 232, 159,
       199, 249, 104, 211, 0, 125, 207, 93, 223, 142, 184, 141, 237, 236,
       77, 175, 196, 45, 135, 121, 137, 37, 255, 189, 95, 248, 143, 111,
       191, 126, 251, 126, 100, 240, 102, 145, 188, 213, 126, 102, 76,
       243, 216, 107, 59, 44, 190, 119, 196, 216, 240, 138, 189, 10, 162,
       132, 27, 219, 145, 168, 207, 54, 53, 67, 151, 205, 226, 74, 204,
       119, 11, 234, 148, 22, 88, 223, 85, 12, 6, 95, 109, 185, 4, 169,
       156, 241, 74, 71, 93, 78, 10, 229, 104, 244, 174, 242, 226, 83,
       32, 149, 127, 104, 228, 110, 234, 232, 247, 229, 8, 20, 42, 97,
       144, 101, 185, 118, 165, 69, 233, 25, 234, 60, 205, 67, 232, 239,
       168, 185, 8, 255, 211, 201, 116, 146, 224, 108, 74, 75, 35, 234,
       125, 185, 156, 7, 56, 64, 131, 67, 40, 98, 51, 23, 140, 75, 64,
       43, 104, 174, 156, 224, 204, 68, 194, 41, 211, 240, 213, 234, 226,
       64, 67, 146, 88, 145, 176, 203, 191, 24, 35, 39, 147, 164, 205,
       222, 254, 253, 11, 86, 232, 223, 130, 248, 9, 238, 233, 45, 65,
       211, 127, 107, 98, 96, 103, 10, 255, 251, 190, 71, 31, 80, 123,
       109, 130, 181, 239, 129, 158, 222, 35, 134, 232, 146, 130, 153,
       222, 83, 96, 233, 3, 89, 194, 74, 238, 121, 103, 78, 63, 56, 134,
       231, 124, 249, 123, 176, 128, 250, 90, 255, 244, 46, 76, 93, 20,
       169, 222, 182, 254, 127, 63, 133, 123, 102, 245, 125, 234, 233,
       71, 227, 232, 211, 251, 246, 144, 39, 241, 102, 121, 182, 231,
       197, 191, 158, 3, 206, 232, 83, 178, 251, 202, 67, 104, 29, 1, 89,
       237, 53, 251, 120, 242, 207, 159, 184, 174, 205, 116, 237, 123,
       242, 0, 253, 253, 237, 68, 205, 87, 71, 188, 65, 242, 172, 10,
       115, 121, 85, 183, 89, 230, 120, 106, 233, 107, 255, 42, 123, 203,
       197, 60, 107, 251, 210, 44, 1, 167, 17, 249, 124, 137, 104, 159,
       94, 25, 120, 96, 183, 129, 200, 96, 195, 10, 6, 28, 19, 56, 67,
       23, 140, 156, 48, 104, 24, 136, 193, 169, 252, 172, 132, 85, 197,
       98, 196, 175, 114, 183, 234, 26, 67, 41, 85, 155, 89, 206, 96,
       176, 60, 254, 219, 46, 127, 174, 213, 101, 225, 112, 246, 138,
       174, 148, 184, 243, 253, 253, 182, 230, 185, 31, 189, 27, 204,
       255, 79, 143, 233, 211, 207, 51, 54, 35, 250, 226, 127, 215, 158,
       127, 211, 125, 79, 206, 234, 184, 150, 58, 169, 249, 148, 207,
       155, 63, 164, 25, 174, 249, 110, 155, 137, 115, 235, 16, 62, 111,
       218, 177, 219, 243, 85, 123, 210, 76, 143, 10, 222, 90, 255, 244,
       110, 108, 125, 22, 169, 218, 182, 254, 255, 191, 197, 123, 231,
       245, 253, 138, 169, 71, 243, 192, 215, 251, 254, 152, 175, 241,
       39, 123, 213, 80, 157, 101, 3, 78, 110, 96, 109, 160, 239, 10, 95,
       51, 1, 50, 56, 197, 104, 234, 73, 180, 49, 78, 247, 235, 67, 4,
       105, 51, 99, 34, 94, 201, 228, 127, 207, 80, 124, 175, 243, 19,
       71, 18, 233, 251, 92, 223, 97, 215, 113, 202, 118, 220, 223, 225,
       111, 235, 223, 65, 167, 245, 254, 138, 114, 51, 27, 140, 75, 69,
       17, 88, 174, 204, 176, 108, 12, 134, 39, 210, 252, 149, 206, 224,
       141, 3, 242, 88, 145, 160, 171, 186, 25, 34, 47, 215, 100, 140,
       158, 188, 29, 11, 86, 232, 158, 130, 232, 9, 239, 235, 41, 81,
       211, 101, 106, 34, 96, 103, 90, 31, 249, 247, 71, 61, 80, 106, 9,
       2, 189, 74, 199, 85, 78, 58, 229, 82, 116, 166, 118, 230, 67, 33,
       149, 207, 126, 236, 102, 174, 168, 244, 229, 8, 68, 171, 243, 128,
       239, 249, 114, 225, 225, 165, 173, 101, 157, 79, 199, 191, 82,
       249, 172, 12, 242, 120, 92, 51, 153, 198, 120, 108, 249, 106, 251,
       31, 235, 159, 197, 124, 200, 122, 210, 40, 253, 237, 194, 78, 156,
       55, 79, 248, 211, 234, 189, 78, 115, 241, 255, 55, 29, 194, 84,
       238, 249, 99, 190, 58, 251, 207, 165, 188, 251, 251, 242, 36, 72,
       181, 25, 185, 57, 77, 80, 191, 30, 57, 56, 92, 190, 23, 72, 16,
       133, 27, 78, 1, 51, 56, 83, 23, 237, 215, 52, 124, 88, 8, 131, 43,
       220, 252, 58, 186, 57, 252, 91, 216, 191, 93, 181, 57, 223, 223,
       107, 89, 183, 217, 253, 114, 30, 7, 186, 179, 251, 241, 43, 127,
       144, 19, 47, 83, 125, 116, 56, 236, 61, 15, 87, 216, 79, 232, 253,
       76, 223, 89, 25, 48, 220, 220, 94, 110, 201, 34, 89, 190, 243,
       221, 37, 60, 90, 59, 66, 35, 27, 159, 82, 237, 51, 159, 56, 119,
       127, 1, 94, 38, 175, 51, 162, 228, 54, 59, 158, 8, 150, 152, 37,
       223, 170, 255, 18, 195, 62, 132, 137, 13, 15, 162, 4, 129, 203,
       51, 57, 73, 38, 61, 131, 183, 128, 134, 202, 72, 105, 15, 234,
       148, 22, 81, 239, 81, 92, 1, 191, 229, 176, 4, 167, 198, 6, 161,
       72, 131, 206, 41, 168, 201, 14, 53, 153, 159, 140, 10, 90, 10, 43,
       139, 74, 149, 18, 113, 207, 209, 156, 16, 155, 253, 220, 10, 137,
       144, 205, 74, 215, 220, 100, 44, 233, 18, 236, 146, 118, 68, 189,
       227, 181, 207, 102, 108, 42, 206, 129, 245, 150, 224, 84, 186,
       210, 8, 202, 241, 97, 168, 130, 187, 42, 178, 242, 129, 185, 199,
       158, 61, 221, 187, 140, 207, 122, 0, 175, 59, 151, 149, 18, 27,
       138, 215, 124, 21, 175, 237, 149, 10, 167, 243, 50, 32, 86, 172,
       123, 11, 152, 72, 175, 160, 240, 139, 78, 202, 36, 144, 250, 157,
       127, 97, 12, 195, 3, 220, 145, 176, 11, 63, 85, 8, 43, 130, 70,
       160, 134, 158, 93, 203, 162, 232, 190, 180, 128, 11, 236, 226,
       107, 198, 177, 109, 234, 177, 38, 65, 138, 253, 188, 6, 143, 63,
       0, 38, 47, 134, 251, 112, 59, 12, 40, 213, 25, 88, 174, 196, 173,
       173, 158, 214, 227, 50, 222, 177, 222, 228, 205, 7, 242, 93, 209,
       25, 43, 58, 80, 167, 47, 117, 106, 185, 148, 56, 169, 221, 16,
       207, 139, 29, 160, 41, 174, 251, 102, 26, 129, 115, 233, 80, 22,
       107, 210, 177, 219, 211, 85, 123, 210, 12, 143, 11, 1, 177, 249,
       225, 188, 237, 249, 159, 111, 121, 61, 124, 159, 157, 216, 32,
       183, 27, 127, 25, 147, 56, 251, 209, 207, 221, 55, 244, 220, 202,
       133, 241, 241, 229, 249, 117, 188, 75, 199, 173, 82, 232, 176, 56,
       114, 113, 216, 51, 25, 70, 124, 104, 121, 124, 233, 31, 253, 142,
       101, 52, 96, 56, 210, 43, 220, 84, 30, 228, 17, 70, 103, 96, 117,
       162, 231, 0, 91, 147, 33, 113, 248, 212, 104, 226, 105, 151, 145,
       14, 243, 235, 135, 3, 105, 51, 102, 34, 97, 33, 21, 160, 60, 13,
       64, 8, 233, 40, 178, 72, 135, 2, 5, 22, 200, 132, 108, 88, 8, 34,
       193, 0, 128, 184, 0, 58, 72, 137, 66, 36, 78, 163, 188, 193, 174,
