%YAML:1.0
---
descriptors: !!opencv-matrix
   rows: 319
   cols: 32
   dt: u
   data: [ 8, 188, 58, 123, 211, 205, 241, 215, 255, 25, 108, 16, 62,
       159, 100, 16, 167, 59, 211, 16, 50, 45, 50, 119, 127, 221, 22,
       107, 211, 0, 231, 171, 67, 120, 115, 69, 118, 154, 106, 48, 109,
       232, 118, 228, 185, 146, 149, 244, 54, 172, 94, 238, 197, 148,
       229, 223, 22, 253, 163, 128, 47, 132, 107, 189, 55, 238, 106, 5,
       116, 31, 234, 248, 103, 232, 254, 238, 83, 200, 214, 48, 126, 236,
       118, 239, 205, 180, 237, 255, 22, 44, 163, 164, 109, 179, 122,
       221, 250, 187, 122, 114, 249, 221, 90, 239, 171, 125, 188, 57, 46,
       223, 70, 180, 237, 187, 215, 144, 94, 11, 234, 243, 187, 221, 149,
       251, 67, 132, 238, 223, 232, 190, 255, 247, 236, 239, 255, 183,
       127, 91, 255, 120, 253, 255, 148, 120, 255, 255, 127, 136, 179,
       254, 251, 251, 223, 255, 119, 192, 198, 225, 199, 243, 69, 70,
       153, 229, 96, 14, 109, 158, 41, 170, 114, 96, 223, 51, 201, 254,
       22, 84, 108, 106, 64, 212, 193, 72, 196, 251, 103, 132, 2, 241, 3,
       41, 78, 187, 186, 242, 233, 248, 25, 199, 171, 221, 188, 57, 174,
       254, 206, 254, 199, 255, 253, 17, 150, 75, 234, 225, 154, 245, 31,
       251, 134, 68, 143, 95, 216, 2, 28, 185, 40, 232, 88, 31, 175, 89,
       131, 113, 255, 147, 202, 217, 195, 5, 253, 17, 14, 77, 195, 17,
       194, 241, 186, 213, 164, 128, 138, 75, 92, 184, 154, 120, 233,
       172, 81, 215, 187, 31, 164, 29, 159, 155, 66, 90, 165, 179, 236,
       20, 26, 111, 18, 49, 219, 255, 112, 121, 218, 192, 171, 19, 215,
       177, 254, 251, 172, 255, 252, 250, 255, 255, 247, 63, 223, 254,
       94, 107, 255, 255, 255, 199, 191, 231, 251, 243, 223, 251, 255,
       243, 253, 105, 239, 215, 113, 250, 255, 69, 118, 26, 107, 188,
       107, 232, 246, 102, 243, 26, 148, 244, 126, 236, 126, 232, 205,
       254, 229, 204, 30, 253, 167, 192, 111, 178, 106, 189, 126, 228,
       54, 250, 237, 245, 86, 204, 143, 183, 173, 9, 110, 254, 111, 223,
       217, 255, 234, 34, 110, 99, 218, 245, 155, 251, 87, 63, 210, 95,
       238, 198, 15, 156, 190, 155, 175, 182, 188, 247, 173, 95, 150,
       183, 236, 254, 54, 175, 167, 99, 255, 133, 181, 205, 59, 253, 142,
       123, 223, 211, 142, 244, 169, 223, 162, 30, 103, 157, 244, 135,
       252, 247, 157, 250, 210, 247, 232, 44, 53, 203, 239, 239, 191,
       245, 245, 223, 71, 238, 62, 58, 255, 130, 141, 252, 184, 157, 60,
       69, 122, 103, 84, 75, 103, 168, 100, 132, 111, 8, 211, 83, 9, 112,
       120, 220, 72, 106, 72, 178, 121, 12, 231, 173, 5, 21, 98, 187, 70,
       34, 222, 172, 190, 190, 137, 245, 20, 239, 159, 151, 132, 25, 206,
       255, 99, 219, 201, 243, 235, 3, 62, 79, 218, 243, 219, 243, 95,
       127, 146, 125, 143, 10, 88, 52, 221, 82, 170, 104, 17, 19, 178,
       27, 175, 56, 31, 183, 64, 251, 39, 150, 108, 16, 51, 75, 170, 66,
       219, 171, 113, 121, 224, 192, 134, 33, 13, 165, 145, 251, 252, 73,
       165, 175, 94, 49, 9, 24, 151, 99, 200, 160, 19, 10, 42, 24, 83,
       120, 107, 55, 172, 158, 55, 108, 208, 202, 129, 160, 252, 182,
       189, 122, 232, 108, 85, 159, 178, 191, 180, 61, 95, 247, 74, 91,
       5, 215, 237, 24, 58, 71, 251, 49, 219, 227, 117, 253, 170, 240,
       134, 115, 254, 252, 182, 254, 233, 86, 126, 238, 191, 159, 246,
       177, 108, 255, 239, 95, 255, 255, 255, 199, 232, 223, 203, 235,
       255, 251, 223, 139, 194, 245, 39, 251, 248, 157, 22, 254, 157,
       215, 86, 37, 149, 10, 162, 24, 127, 243, 32, 211, 192, 246, 236,
       98, 121, 239, 82, 191, 243, 243, 69, 91, 58, 40, 236, 18, 154,
       177, 124, 252, 111, 221, 249, 105, 191, 180, 181, 171, 237, 223,
       78, 51, 238, 185, 255, 81, 210, 111, 250, 221, 159, 249, 139, 251,
       119, 132, 103, 243, 23, 20, 106, 255, 22, 166, 251, 72, 20, 71,
       207, 147, 245, 255, 58, 104, 127, 251, 19, 175, 51, 151, 61, 111,
       199, 46, 139, 64, 189, 203, 53, 240, 48, 87, 2, 206, 85, 131, 226,
       120, 87, 8, 249, 102, 66, 201, 189, 192, 248, 168, 6, 226, 8, 179,
       8, 158, 114, 132, 163, 43, 121, 58, 126, 131, 198, 205, 182, 254,
       255, 187, 190, 239, 159, 147, 216, 185, 236, 254, 60, 73, 215,
       127, 255, 7, 246, 107, 203, 255, 190, 126, 95, 191, 148, 252, 169,
       143, 124, 190, 253, 126, 201, 233, 85, 222, 242, 191, 164, 24, 91,
       247, 72, 31, 9, 214, 228, 24, 58, 111, 250, 51, 219, 231, 117,
       125, 243, 240, 198, 235, 36, 124, 113, 67, 213, 95, 230, 152, 127,
       232, 251, 77, 202, 108, 13, 48, 249, 204, 102, 114, 158, 178, 253,
       122, 63, 158, 5, 71, 225, 115, 198, 246, 254, 125, 114, 238, 219,
       87, 254, 232, 61, 230, 252, 135, 107, 238, 31, 212, 254, 255, 215,
       231, 236, 163, 89, 238, 179, 255, 143, 159, 71, 119, 111, 215,
       102, 117, 124, 238, 254, 71, 95, 232, 31, 166, 249, 11, 92, 254,
       47, 80, 255, 253, 127, 227, 108, 3, 218, 255, 119, 190, 135, 63,
       17, 123, 102, 131, 17, 77, 99, 159, 214, 146, 111, 114, 116, 192,
       91, 194, 125, 234, 177, 96, 126, 239, 50, 207, 229, 153, 60, 238,
       181, 110, 170, 0, 61, 187, 33, 236, 118, 125, 98, 174, 221, 150,
       222, 236, 187, 206, 249, 15, 108, 254, 63, 212, 220, 255, 255,
       231, 238, 99, 218, 255, 191, 126, 143, 187, 83, 119, 254, 214, 47,
       4, 240, 79, 253, 59, 203, 64, 89, 228, 249, 174, 203, 104, 159,
       164, 218, 205, 246, 231, 156, 178, 109, 206, 52, 254, 139, 130,
       199, 47, 119, 228, 60, 163, 202, 43, 52, 139, 83, 200, 35, 5, 109,
       141, 67, 193, 90, 16, 26, 204, 68, 92, 30, 184, 201, 32, 234, 237,
       33, 77, 226, 139, 78, 194, 184, 95, 58, 126, 53, 151, 86, 80, 214,
       140, 230, 68, 242, 211, 34, 80, 212, 186, 12, 106, 234, 171, 80,
       63, 227, 255, 33, 17, 18, 155, 104, 3, 225, 188, 185, 221, 108,
       189, 233, 23, 95, 123, 244, 92, 179, 169, 212, 104, 205, 174, 126,
       28, 179, 124, 247, 147, 206, 191, 242, 240, 220, 200, 80, 189, 6,
       151, 183, 94, 251, 150, 190, 233, 255, 12, 249, 39, 108, 238, 44,
       196, 254, 121, 194, 131, 214, 163, 58, 223, 63, 118, 15, 139, 81,
       118, 175, 183, 236, 100, 183, 118, 139, 123, 53, 168, 253, 178,
       163, 24, 214, 117, 13, 191, 131, 208, 104, 98, 113, 229, 107, 42,
       171, 219, 69, 31, 194, 121, 199, 34, 30, 69, 23, 199, 181, 95,
       174, 232, 190, 168, 251, 74, 206, 245, 173, 228, 248, 252, 238,
       107, 97, 179, 57, 254, 177, 246, 15, 22, 66, 127, 5, 164, 205,
       229, 25, 161, 180, 14, 111, 189, 61, 168, 242, 100, 159, 83, 152,
       209, 214, 205, 93, 111, 249, 144, 201, 140, 228, 249, 175, 132, 8,
       146, 131, 33, 131, 156, 55, 159, 246, 238, 181, 247, 253, 218, 82,
       118, 252, 252, 180, 109, 255, 123, 55, 163, 241, 253, 58, 239, 45,
       58, 222, 194, 77, 125, 241, 253, 86, 169, 150, 254, 137, 237, 20,
       207, 191, 151, 160, 25, 206, 251, 105, 91, 129, 119, 235, 16, 58,
       75, 155, 177, 187, 247, 87, 127, 128, 112, 167, 2, 60, 105, 105,
       67, 209, 203, 71, 217, 50, 228, 237, 137, 51, 197, 75, 16, 120,
       216, 67, 122, 74, 178, 248, 62, 127, 141, 37, 61, 99, 155, 214,
       242, 126, 241, 152, 230, 217, 37, 94, 156, 3, 169, 141, 105, 87,
       247, 72, 18, 149, 223, 125, 16, 10, 67, 219, 32, 219, 197, 173,
       190, 168, 115, 138, 19, 88, 254, 123, 112, 99, 221, 115, 54, 161,
       76, 254, 108, 62, 151, 128, 180, 38, 191, 204, 0, 203, 203, 176,
       125, 243, 245, 32, 163, 98, 128, 6, 121, 52, 69, 58, 103, 209, 79,
       87, 236, 36, 132, 238, 8, 67, 115, 1, 16, 120, 252, 202, 98, 72,
       179, 121, 46, 247, 165, 5, 21, 99, 59, 230, 162, 60, 97, 56, 110,
       89, 91, 86, 232, 195, 180, 173, 8, 74, 209, 111, 150, 152, 208,
       192, 98, 72, 99, 202, 157, 251, 213, 5, 63, 83, 63, 78, 2, 240,
       220, 23, 252, 137, 102, 84, 231, 177, 154, 170, 24, 98, 183, 36,
       223, 233, 247, 236, 34, 105, 79, 147, 173, 177, 242, 212, 27, 98,
       120, 228, 14, 204, 108, 157, 119, 137, 125, 21, 175, 251, 218,
