%YAML:1.0
---
descriptors: !!opencv-matrix
   rows: 344
   cols: 32
   dt: u
   data: [ 240, 253, 221, 104, 136, 74, 71, 191, 98, 170, 172, 8, 23, 55,
       129, 115, 1, 214, 108, 106, 121, 107, 177, 58, 249, 175, 117, 124,
       224, 240, 230, 41, 214, 156, 159, 254, 169, 173, 77, 171, 191,
       154, 131, 88, 255, 243, 1, 123, 167, 247, 125, 139, 41, 77, 219,
       255, 217, 243, 95, 152, 136, 113, 35, 43, 124, 104, 253, 99, 138,
       75, 71, 216, 96, 178, 165, 8, 83, 117, 137, 58, 49, 212, 108, 122,
       73, 98, 251, 40, 251, 203, 101, 52, 225, 251, 70, 34, 109, 81, 49,
       71, 52, 91, 119, 184, 108, 232, 51, 104, 214, 85, 141, 176, 144,
       84, 76, 106, 65, 176, 121, 12, 37, 184, 33, 54, 72, 59, 66, 35, 5,
       125, 83, 78, 178, 78, 54, 248, 248, 200, 106, 96, 255, 247, 169,
       48, 54, 88, 68, 106, 65, 145, 56, 111, 165, 172, 37, 14, 72, 179,
       163, 177, 175, 252, 243, 215, 244, 31, 239, 255, 127, 235, 247,
       94, 250, 253, 220, 188, 191, 239, 119, 143, 241, 254, 255, 254,
       63, 30, 117, 232, 207, 252, 210, 245, 60, 163, 202, 35, 180, 139,
       91, 216, 35, 133, 111, 13, 71, 225, 90, 16, 16, 142, 68, 92, 30,
       184, 201, 10, 234, 221, 32, 69, 194, 131, 78, 194, 20, 39, 197, 1,
       134, 43, 231, 152, 118, 166, 106, 198, 195, 97, 153, 4, 121, 206,
       34, 126, 40, 240, 77, 10, 44, 166, 165, 4, 225, 251, 212, 160,
       212, 156, 255, 255, 252, 111, 127, 190, 63, 235, 250, 122, 223,
       255, 0, 123, 255, 247, 127, 170, 185, 254, 251, 255, 255, 255,
       119, 212, 225, 249, 196, 123, 78, 175, 213, 223, 218, 224, 43,
       170, 162, 149, 137, 162, 105, 231, 72, 86, 119, 211, 233, 210, 2,
       75, 235, 113, 111, 166, 207, 109, 167, 195, 37, 122, 158, 190,
       175, 255, 173, 111, 253, 255, 191, 255, 246, 55, 223, 191, 82, 75,
       237, 223, 255, 151, 248, 237, 251, 242, 255, 251, 255, 215, 162,
       220, 245, 123, 146, 79, 57, 75, 11, 61, 174, 196, 108, 34, 187,
       210, 171, 14, 157, 224, 108, 147, 202, 227, 207, 39, 117, 247,
       181, 229, 10, 17, 81, 91, 173, 164, 221, 96, 10, 179, 164, 232,
       112, 148, 190, 91, 151, 49, 151, 155, 74, 88, 227, 133, 125, 23,
       47, 133, 203, 50, 194, 241, 186, 209, 44, 81, 153, 67, 196, 244,
       157, 191, 188, 111, 127, 191, 190, 187, 155, 17, 247, 255, 73, 75,
       211, 127, 127, 163, 120, 197, 219, 123, 237, 183, 255, 52, 148,
       115, 133, 42, 237, 204, 181, 122, 141, 109, 198, 174, 92, 90, 106,
       8, 246, 120, 25, 171, 129, 82, 122, 91, 99, 229, 123, 43, 233,
       187, 69, 90, 210, 123, 80, 42, 204, 148, 28, 250, 233, 173, 88,
       223, 191, 31, 53, 29, 31, 227, 107, 91, 133, 19, 237, 20, 50, 71,
       154, 83, 219, 251, 112, 109, 218, 64, 235, 19, 112, 79, 198, 238,
       36, 2, 70, 172, 97, 130, 234, 35, 99, 106, 165, 86, 120, 228, 44,
       226, 76, 243, 137, 233, 176, 166, 194, 2, 45, 243, 120, 12, 89,
       201, 91, 239, 18, 70, 111, 116, 33, 192, 102, 130, 125, 71, 160,
       116, 118, 253, 28, 238, 65, 144, 181, 237, 244, 237, 170, 128, 38,
       178, 35, 56, 116, 107, 198, 102, 197, 2, 102, 192, 225, 164, 234,
       11, 67, 233, 69, 154, 248, 228, 104, 242, 76, 243, 129, 168, 178,
       230, 197, 3, 231, 115, 126, 2, 104, 223, 16, 247, 253, 141, 86,
       183, 203, 45, 186, 125, 162, 185, 4, 16, 200, 254, 206, 0, 88, 58,
       64, 183, 255, 223, 21, 115, 90, 8, 222, 27, 254, 253, 255, 94,
       187, 254, 151, 255, 155, 239, 188, 59, 106, 253, 15, 48, 191, 247,
       245, 51, 254, 231, 59, 255, 251, 127, 85, 215, 195, 127, 134, 87,
       36, 95, 18, 202, 245, 129, 246, 220, 87, 140, 248, 106, 98, 217,
       165, 128, 216, 250, 130, 98, 90, 179, 8, 191, 50, 148, 135, 107,
       83, 59, 126, 131, 32, 239, 34, 154, 117, 209, 230, 224, 87, 12,
       120, 34, 32, 216, 36, 100, 216, 106, 130, 195, 114, 186, 106, 255,
       38, 54, 146, 107, 83, 31, 244, 175, 44, 85, 57, 73, 125, 95, 71,
       60, 109, 104, 111, 40, 222, 21, 12, 180, 144, 28, 194, 106, 65,
       176, 113, 14, 103, 253, 1, 51, 82, 26, 198, 163, 61, 237, 228,
       159, 221, 223, 127, 248, 119, 198, 110, 134, 107, 231, 179, 244,
       123, 238, 174, 78, 229, 216, 127, 255, 255, 255, 199, 5, 187, 255,
       124, 252, 52, 67, 75, 239, 52, 15, 111, 248, 4, 164, 255, 198, 83,
       69, 185, 64, 126, 204, 14, 238, 200, 176, 45, 44, 244, 205, 165,
       132, 117, 187, 84, 224, 141, 215, 49, 239, 52, 15, 111, 184, 125,
       234, 127, 100, 223, 91, 152, 241, 254, 89, 94, 111, 233, 148, 73,
       254, 228, 217, 175, 132, 30, 178, 33, 49, 54, 221, 250, 238, 188,
       71, 255, 236, 61, 134, 251, 3, 222, 255, 63, 0, 251, 223, 95, 227,
       72, 163, 89, 238, 241, 158, 143, 14, 81, 115, 231, 195, 224, 34,
       148, 182, 108, 169, 192, 64, 91, 187, 177, 89, 162, 8, 76, 141,
       200, 160, 102, 1, 40, 118, 64, 146, 148, 146, 209, 59, 209, 9, 82,
       4, 93, 31, 89, 235, 180, 45, 111, 184, 125, 168, 251, 78, 223, 67,
       217, 112, 126, 207, 126, 110, 219, 48, 221, 234, 252, 253, 39, 4,
       124, 251, 65, 49, 68, 69, 51, 207, 253, 79, 231, 252, 191, 44,
       219, 74, 206, 247, 169, 196, 120, 212, 126, 106, 65, 177, 57, 254,
       181, 254, 15, 18, 18, 251, 213, 32, 2, 13, 50, 159, 221, 149, 190,
       102, 159, 5, 88, 3, 172, 238, 54, 196, 232, 123, 179, 193, 102,
       184, 18, 255, 37, 54, 154, 11, 16, 77, 61, 206, 248, 133, 23, 236,
       141, 66, 86, 101, 165, 16, 162, 3, 67, 115, 40, 211, 232, 246,
       232, 226, 120, 203, 17, 140, 243, 227, 192, 87, 50, 42, 244, 10,
       111, 7, 100, 79, 252, 59, 254, 96, 93, 236, 255, 239, 203, 40,
       159, 180, 94, 205, 247, 231, 188, 178, 109, 206, 54, 127, 167,
       147, 199, 255, 222, 197, 30, 239, 114, 207, 159, 19, 254, 237,
       125, 38, 254, 3, 206, 185, 62, 132, 122, 247, 255, 227, 108, 163,
       201, 254, 242, 222, 7, 155, 103, 118, 239, 134, 254, 69, 98, 158,
       221, 243, 254, 236, 223, 166, 248, 11, 108, 222, 55, 245, 248,
       255, 251, 227, 110, 99, 250, 255, 179, 118, 143, 59, 23, 127, 254,
       198, 13, 36, 28, 131, 212, 47, 227, 152, 94, 177, 9, 220, 213, 64,
       217, 40, 27, 76, 74, 126, 51, 112, 93, 22, 204, 141, 7, 116, 204,
       235, 89, 160, 173, 245, 53, 99, 133, 91, 215, 168, 121, 114, 47,
       24, 214, 117, 13, 181, 145, 84, 72, 106, 97, 244, 249, 34, 231,
       217, 69, 87, 194, 123, 199, 34, 190, 254, 239, 191, 159, 222, 183,
       248, 55, 222, 255, 183, 107, 252, 143, 197, 253, 238, 255, 119,
       239, 244, 255, 191, 255, 243, 231, 151, 175, 255, 254, 247, 99,
       103, 96, 79, 126, 59, 238, 120, 91, 234, 249, 239, 105, 104, 215,
       182, 126, 237, 231, 230, 236, 114, 207, 254, 62, 30, 161, 191,
       119, 255, 90, 133, 7, 110, 87, 187, 190, 163, 238, 232, 127, 162,
       251, 226, 237, 234, 221, 36, 127, 255, 110, 227, 166, 245, 207,
       243, 188, 182, 143, 4, 229, 243, 231, 132, 252, 93, 30, 238, 21,
       118, 86, 232, 245, 0, 234, 2, 115, 115, 33, 209, 248, 246, 204,
       226, 104, 139, 25, 175, 243, 231, 133, 17, 59, 123, 120, 10, 87,
       127, 223, 158, 250, 207, 111, 248, 63, 110, 249, 237, 78, 246,
       175, 244, 190, 251, 214, 231, 237, 18, 108, 254, 188, 18, 111,
       170, 153, 119, 39, 117, 88, 178, 61, 240, 40, 204, 89, 23, 162,
       93, 182, 253, 255, 151, 194, 91, 6, 149, 237, 16, 27, 73, 243, 17,
       219, 227, 112, 216, 42, 128, 134, 123, 22, 197, 26, 184, 222, 225,
       62, 233, 30, 36, 201, 3, 245, 255, 41, 64, 251, 123, 59, 243, 98,
       19, 26, 159, 249, 199, 143, 47, 20, 123, 37, 130, 237, 252, 213,
       247, 232, 47, 111, 190, 54, 170, 250, 88, 215, 243, 201, 123, 95,
       246, 110, 42, 121, 255, 251, 47, 253, 190, 119, 116, 232, 241,
       194, 33, 252, 180, 20, 122, 169, 237, 87, 233, 255, 250, 161, 8,
       255, 214, 75, 61, 153, 185, 204, 34, 46, 71, 122, 191, 249, 211,
       65, 63, 82, 99, 70, 2, 221, 101, 41, 107, 137, 29, 174, 196, 164,
       54, 163, 20, 147, 14, 29, 225, 233, 151, 238, 231, 238, 167, 249,
