%YAML:1.0
---
descriptors: !!opencv-matrix
   rows: 102
   cols: 32
   dt: u
   data: [ 211, 94, 94, 255, 50, 42, 62, 246, 189, 138, 214, 246, 253,
       103, 161, 111, 119, 119, 125, 174, 225, 221, 133, 239, 182, 226,
       122, 128, 44, 241, 41, 25, 147, 207, 79, 191, 20, 135, 239, 247,
       182, 72, 222, 214, 241, 239, 176, 228, 127, 239, 63, 237, 233,
       157, 13, 255, 180, 111, 174, 192, 61, 148, 177, 185, 60, 113, 217,
       234, 222, 97, 207, 216, 22, 11, 253, 170, 81, 223, 233, 56, 95,
       217, 23, 242, 27, 54, 106, 179, 113, 207, 175, 236, 181, 251, 246,
       241, 93, 223, 94, 191, 166, 54, 126, 188, 180, 90, 95, 198, 125,
       99, 187, 115, 119, 199, 61, 239, 229, 149, 31, 255, 242, 239, 239,
       132, 44, 243, 185, 25, 61, 253, 209, 235, 238, 99, 207, 216, 22,
       242, 253, 234, 89, 247, 233, 172, 95, 218, 22, 250, 91, 50, 110,
       179, 125, 142, 167, 44, 247, 251, 226, 177, 152, 157, 31, 243,
       160, 239, 117, 183, 190, 123, 250, 112, 215, 247, 8, 121, 183,
       127, 125, 24, 115, 216, 91, 63, 237, 239, 119, 196, 136, 80, 135,
       123, 221, 95, 254, 69, 54, 30, 127, 184, 117, 230, 246, 36, 123,
       123, 135, 116, 118, 244, 110, 106, 236, 244, 125, 174, 118, 255,
       101, 1, 111, 179, 106, 107, 28, 173, 133, 191, 157, 253, 70, 170,
       151, 225, 207, 2, 255, 247, 72, 224, 217, 250, 251, 218, 27, 218,
       251, 191, 239, 247, 143, 89, 178, 111, 156, 42, 44, 173, 171, 190,
       253, 237, 235, 202, 158, 193, 216, 11, 255, 237, 121, 0, 217, 235,
       123, 223, 27, 35, 218, 179, 253, 253, 175, 120, 148, 235, 119,
       242, 253, 112, 189, 118, 173, 94, 87, 152, 251, 254, 167, 24, 223,
       119, 73, 123, 145, 212, 108, 106, 105, 101, 251, 34, 251, 251,
       101, 21, 194, 251, 198, 114, 85, 115, 123, 229, 36, 6, 235, 88,
       100, 236, 151, 230, 81, 79, 251, 98, 126, 132, 127, 238, 137, 179,
       165, 76, 212, 169, 171, 132, 45, 171, 113, 113, 218, 63, 106, 164,
       50, 154, 30, 119, 57, 204, 222, 173, 175, 143, 2, 80, 182, 231,
       253, 197, 236, 219, 133, 239, 242, 229, 46, 131, 46, 182, 175, 91,
       94, 123, 238, 164, 171, 2, 63, 180, 171, 228, 158, 175, 237, 239,
       67, 210, 182, 245, 253, 247, 204, 193, 149, 232, 250, 229, 175,
       183, 166, 183, 47, 91, 107, 209, 236, 127, 105, 218, 20, 61, 178,
       202, 116, 185, 123, 245, 130, 183, 156, 118, 241, 102, 117, 202,
       250, 45, 111, 235, 117, 155, 67, 180, 206, 251, 161, 175, 73, 106,
       244, 175, 70, 255, 115, 233, 248, 92, 179, 105, 20, 48, 217, 202,
       22, 60, 251, 186, 88, 63, 127, 220, 165, 252, 249, 200, 210, 136,
       215, 26, 223, 255, 170, 42, 61, 51, 191, 155, 147, 244, 223, 247,
       129, 123, 167, 119, 125, 128, 177, 197, 175, 194, 204, 243, 127,
       130, 172, 224, 161, 49, 215, 14, 223, 255, 162, 38, 61, 187, 188,
       154, 211, 246, 253, 103, 129, 123, 103, 247, 125, 174, 177, 213,
       175, 110, 212, 170, 254, 128, 172, 241, 33, 49, 158, 223, 117,
       255, 183, 87, 86, 191, 151, 106, 159, 114, 123, 125, 172, 231,
       213, 214, 189, 98, 249, 205, 105, 191, 171, 255, 229, 215, 55,
       254, 220, 59, 177, 207, 78, 255, 188, 130, 79, 188, 212, 138, 214,
       86, 113, 98, 184, 97, 93, 230, 46, 238, 233, 255, 79, 63, 248,
       175, 231, 192, 61, 184, 240, 8, 43, 16, 40, 136, 125, 221, 185,
       73, 15, 77, 245, 47, 140, 157, 166, 204, 204, 153, 223, 1, 135,
       43, 98, 213, 87, 121, 186, 251, 23, 14, 93, 255, 222, 60, 182,
       182, 139, 116, 149, 218, 187, 254, 158, 191, 110, 254, 71, 15,
       175, 247, 253, 151, 190, 71, 187, 226, 219, 243, 95, 255, 171,
       117, 47, 87, 66, 252, 173, 186, 169, 237, 85, 167, 191, 127, 138,
       25, 190, 191, 66, 91, 129, 247, 127, 23, 127, 79, 250, 241, 253,
       243, 223, 255, 136, 80, 134, 91, 93, 213, 127, 238, 174, 6, 78,
       184, 116, 82, 219, 102, 83, 120, 185, 115, 115, 197, 124, 239,
       237, 227, 61, 47, 240, 239, 239, 20, 45, 243, 248, 1, 72, 140,
       164, 191, 141, 188, 208, 143, 223, 151, 142, 21, 238, 233, 90, 78,
       193, 102, 235, 17, 62, 109, 219, 243, 207, 119, 223, 91, 154, 76,
       249, 14, 254, 156, 172, 252, 173, 127, 156, 251, 159, 250, 150,
       63, 74, 252, 62, 111, 197, 119, 253, 33, 253, 79, 123, 183, 219,
       123, 253, 215, 151, 108, 220, 95, 75, 173, 166, 157, 221, 188,
       120, 47, 255, 181, 78, 17, 236, 251, 82, 87, 225, 47, 123, 157,
       54, 217, 219, 245, 223, 122, 223, 67, 130, 68, 185, 78, 174, 52,
       247, 87, 207, 127, 253, 93, 127, 187, 243, 122, 88, 252, 189, 43,
       191, 223, 230, 163, 164, 247, 191, 194, 23, 106, 87, 7, 247, 121,
       231, 183, 245, 84, 149, 71, 44, 95, 199, 56, 110, 250, 179, 108,
       222, 112, 141, 255, 177, 68, 124, 106, 225, 229, 249, 8, 165, 250,
       101, 150, 72, 123, 65, 37, 255, 156, 164, 252, 169, 116, 157, 187,
       155, 251, 156, 63, 251, 252, 94, 255, 205, 215, 253, 129, 236, 79,
       251, 147, 219, 255, 223, 191, 159, 116, 190, 127, 86, 181, 189,
       186, 189, 253, 92, 223, 255, 95, 153, 25, 239, 254, 74, 59, 135,
       83, 253, 17, 190, 105, 187, 243, 251, 211, 95, 255, 128, 86, 135,
       83, 248, 189, 252, 112, 219, 219, 85, 255, 179, 247, 188, 191, 11,
       189, 70, 147, 47, 223, 237, 16, 126, 107, 246, 183, 251, 199, 85,
       127, 231, 252, 198, 127, 204, 159, 191, 251, 178, 234, 63, 191,
       190, 219, 95, 244, 223, 247, 138, 121, 183, 127, 125, 18, 243,
       216, 123, 63, 237, 231, 127, 192, 160, 210, 167, 113, 55, 55, 239,
       39, 244, 123, 234, 24, 125, 232, 251, 231, 211, 108, 159, 48, 254,
       205, 127, 231, 141, 240, 125, 206, 206, 127, 171, 148, 237, 239,
       90, 213, 199, 182, 219, 247, 170, 44, 61, 159, 63, 235, 179, 244,
       221, 231, 200, 122, 183, 87, 125, 156, 177, 205, 191, 98, 204,
       182, 127, 212, 136, 224, 131, 57, 130, 191, 82, 221, 107, 157,
       189, 119, 191, 15, 254, 61, 172, 142, 166, 212, 238, 59, 238, 0,
       230, 15, 242, 247, 55, 252, 26, 187, 82, 140, 239, 255, 33, 174,
       209, 115, 244, 171, 98, 254, 123, 249, 120, 124, 178, 105, 212,
       53, 155, 206, 70, 28, 187, 250, 72, 63, 46, 158, 53, 228, 236,
       200, 210, 153, 105, 252, 156, 251, 157, 237, 87, 222, 150, 127,
       172, 8, 243, 243, 74, 50, 217, 202, 122, 24, 27, 107, 251, 51,
       255, 207, 149, 125, 146, 91, 222, 106, 250, 124, 44, 188, 61, 251,
       86, 226, 159, 238, 210, 57, 142, 220, 51, 65, 200, 237, 255, 97,
       108, 111, 211, 190, 242, 241, 139, 59, 20, 61, 28, 95, 220, 221,
       189, 119, 168, 78, 87, 188, 172, 250, 191, 40, 247, 119, 137, 115,
       167, 246, 108, 106, 105, 229, 251, 47, 251, 235, 101, 145, 96,
       243, 6, 115, 244, 161, 189, 242, 141, 109, 85, 141, 83, 251, 161,
       24, 214, 253, 72, 59, 217, 214, 125, 19, 123, 103, 219, 49, 217,
       155, 85, 125, 208, 120, 214, 34, 44, 237, 169, 250, 221, 237, 203,
       222, 134, 97, 172, 8, 247, 253, 89, 0, 217, 250, 91, 89, 11, 43,
       219, 177, 255, 221, 135, 121, 208, 91, 222, 170, 166, 28, 140,
       222, 205, 103, 197, 223, 23, 155, 165, 30, 82, 63, 45, 95, 201,
       194, 74, 138, 57, 103, 91, 250, 55, 30, 215, 62, 217, 121, 248,
       182, 92, 21, 191, 228, 172, 78, 87, 184, 224, 234, 174, 8, 223,
       55, 1, 115, 178, 214, 125, 106, 105, 227, 185, 44, 251, 235, 101,
       20, 32, 243, 102, 43, 125, 52, 188, 98, 189, 127, 83, 152, 107,
       253, 173, 8, 223, 125, 91, 58, 153, 212, 124, 122, 59, 99, 251,
       176, 251, 223, 69, 125, 226, 251, 70, 98, 246, 124, 110, 236, 205,
       102, 127, 250, 181, 254, 246, 31, 74, 239, 55, 95, 237, 220, 255,
       166, 104, 215, 211, 222, 247, 250, 195, 159, 59, 253, 118, 242,
       193, 70, 157, 183, 172, 42, 173, 190, 190, 187, 147, 112, 245, 35,
       137, 75, 231, 119, 126, 11, 33, 221, 203, 127, 196, 178, 127, 144,
       140, 209, 129, 169, 110, 148, 148, 159, 233, 125, 20, 143, 159,
       59, 139, 25, 236, 254, 78, 223, 197, 87, 251, 21, 54, 78, 219,
       243, 15, 118, 93, 127, 154, 124, 137, 30, 69, 167, 157, 247, 232,
