%YAML:1.0
---
descriptors: !!opencv-matrix
   rows: 133
   cols: 32
   dt: u
   data: [ 242, 221, 48, 158, 251, 212, 158, 231, 155, 30, 152, 59, 108,
       254, 36, 1, 237, 243, 149, 195, 126, 79, 10, 255, 187, 118, 223,
       251, 19, 124, 183, 79, 218, 148, 126, 255, 147, 240, 189, 47, 189,
       87, 87, 178, 109, 255, 142, 97, 115, 179, 191, 129, 118, 204, 38,
       239, 119, 231, 222, 139, 55, 196, 173, 123, 53, 71, 107, 46, 246,
       34, 239, 248, 84, 198, 251, 231, 83, 232, 191, 64, 126, 236, 6,
       239, 200, 179, 44, 46, 112, 46, 167, 132, 245, 251, 112, 225, 119,
       248, 48, 190, 61, 221, 154, 248, 143, 200, 145, 109, 254, 252, 47,
       96, 222, 113, 221, 99, 207, 35, 250, 255, 171, 252, 47, 187, 28,
       47, 21, 87, 135, 166, 171, 209, 228, 162, 173, 75, 126, 199, 87,
       18, 208, 226, 252, 108, 115, 47, 51, 157, 179, 212, 175, 194, 29,
       62, 223, 196, 132, 96, 181, 228, 1, 203, 19, 191, 116, 129, 111,
       119, 94, 0, 90, 198, 181, 194, 176, 96, 106, 42, 2, 206, 195, 184,
       70, 253, 164, 174, 186, 72, 28, 152, 177, 168, 13, 158, 7, 155,
       220, 175, 167, 250, 22, 170, 218, 246, 212, 225, 169, 65, 121,
       234, 46, 254, 177, 243, 79, 255, 252, 6, 239, 212, 221, 123, 177,
       177, 31, 7, 103, 199, 86, 18, 235, 120, 117, 224, 223, 198, 89,
       109, 189, 228, 126, 205, 55, 239, 249, 177, 45, 206, 118, 111,
       171, 132, 47, 163, 112, 241, 165, 64, 231, 79, 78, 27, 230, 232,
       124, 162, 242, 194, 211, 104, 157, 175, 122, 204, 114, 239, 229,
       246, 239, 250, 52, 42, 199, 4, 109, 187, 123, 132, 70, 176, 186,
       192, 235, 237, 57, 71, 171, 253, 155, 29, 12, 222, 78, 26, 167,
       151, 255, 145, 150, 75, 186, 192, 219, 20, 95, 255, 128, 68, 167,
       87, 44, 103, 186, 103, 181, 15, 119, 184, 124, 142, 127, 8, 95,
       121, 11, 16, 180, 68, 71, 110, 224, 240, 57, 46, 239, 223, 37, 5,
       66, 243, 78, 227, 31, 83, 82, 165, 98, 26, 186, 88, 45, 228, 83,
       231, 77, 206, 175, 220, 54, 205, 151, 231, 197, 145, 13, 200, 148,
       232, 43, 134, 47, 183, 41, 213, 25, 14, 70, 77, 22, 178, 78, 123,
       117, 2, 254, 70, 107, 32, 178, 228, 120, 238, 12, 174, 237, 185,
       37, 239, 178, 239, 128, 0, 111, 237, 120, 12, 72, 16, 182, 250,
       41, 204, 121, 16, 175, 29, 55, 24, 143, 151, 72, 95, 134, 53, 109,
       16, 2, 101, 250, 241, 199, 249, 82, 74, 130, 133, 7, 39, 113, 20,
       188, 166, 118, 6, 95, 121, 17, 239, 215, 63, 84, 61, 2, 16, 252,
       213, 117, 173, 169, 223, 217, 14, 251, 175, 253, 148, 41, 160, 50,
       91, 173, 60, 157, 127, 233, 111, 119, 220, 127, 90, 253, 92, 95,
       123, 9, 24, 181, 83, 102, 42, 161, 102, 59, 58, 255, 223, 101, 20,
       234, 243, 194, 179, 67, 176, 183, 122, 109, 253, 121, 82, 255, 95,
       113, 16, 174, 222, 108, 191, 165, 51, 127, 16, 151, 109, 178, 209,
       159, 218, 80, 90, 210, 4, 71, 239, 135, 104, 226, 150, 101, 214,
       232, 64, 185, 202, 83, 147, 8, 206, 119, 42, 236, 109, 51, 151,
       132, 215, 190, 194, 95, 62, 207, 201, 133, 39, 115, 214, 225, 204,
       213, 85, 236, 127, 196, 191, 123, 250, 58, 88, 210, 48, 212, 191,
       145, 70, 124, 42, 253, 124, 251, 59, 46, 254, 117, 118, 216, 112,
       202, 45, 6, 142, 142, 159, 208, 163, 174, 207, 30, 3, 88, 215,
       244, 226, 40, 64, 121, 107, 2, 156, 51, 216, 11, 127, 44, 6, 191,
       64, 152, 88, 161, 152, 158, 114, 234, 195, 79, 80, 241, 65, 115,
       245, 247, 182, 73, 142, 222, 174, 120, 220, 166, 146, 223, 247,
       183, 192, 31, 201, 135, 39, 39, 172, 252, 246, 34, 186, 226, 217,
       94, 165, 184, 75, 94, 149, 80, 215, 164, 136, 116, 8, 239, 59,
       179, 145, 178, 254, 210, 211, 29, 22, 154, 235, 157, 12, 119, 159,
       0, 178, 154, 139, 246, 169, 177, 79, 30, 37, 123, 231, 172, 203,
       104, 72, 255, 59, 163, 17, 18, 186, 8, 211, 220, 134, 62, 103,
       149, 10, 167, 139, 133, 73, 171, 40, 164, 6, 111, 220, 126, 210,
       66, 68, 211, 196, 121, 104, 119, 72, 56, 127, 231, 197, 63, 82,
       227, 63, 7, 68, 152, 243, 241, 112, 48, 166, 155, 235, 246, 235,
       178, 207, 94, 1, 120, 34, 181, 154, 104, 96, 251, 27, 7, 17, 18,
       186, 73, 23, 221, 133, 58, 103, 148, 10, 245, 171, 160, 228, 127,
       109, 116, 207, 103, 244, 125, 76, 118, 0, 243, 21, 152, 49, 26,
       152, 86, 106, 225, 188, 113, 31, 103, 155, 32, 0, 66, 154, 70,
       249, 199, 240, 183, 90, 109, 253, 112, 192, 239, 91, 49, 88, 142,
       223, 108, 191, 135, 17, 127, 16, 135, 103, 186, 241, 23, 24, 82,
       106, 210, 141, 71, 103, 149, 117, 107, 111, 202, 125, 182, 246,
       52, 226, 206, 215, 211, 124, 75, 99, 125, 218, 250, 226, 253, 183,
       253, 42, 119, 109, 166, 1, 237, 123, 252, 211, 148, 81, 189, 104,
       170, 71, 151, 217, 110, 178, 165, 2, 215, 83, 105, 107, 179, 85,
       120, 106, 65, 97, 59, 24, 241, 201, 103, 28, 88, 115, 225, 34,
       139, 58, 115, 201, 110, 184, 249, 23, 237, 73, 119, 246, 157, 159,
       212, 62, 110, 155, 95, 141, 147, 60, 230, 192, 70, 249, 58, 136,
       70, 128, 163, 169, 50, 221, 182, 254, 219, 230, 150, 238, 147,
       142, 216, 43, 108, 254, 37, 131, 253, 247, 181, 195, 108, 75, 26,
       255, 185, 118, 207, 187, 49, 124, 62, 27, 88, 15, 238, 37, 147,
       242, 126, 99, 229, 197, 238, 131, 107, 174, 182, 86, 114, 238,
       234, 172, 28, 153, 165, 142, 126, 239, 134, 65, 231, 228, 252, 94,
       142, 59, 111, 180, 66, 81, 190, 80, 185, 242, 87, 175, 29, 141,
       115, 11, 46, 253, 247, 199, 197, 246, 182, 224, 87, 73, 105, 168,
       103, 189, 39, 241, 87, 161, 2, 140, 204, 182, 174, 232, 62, 99,
       201, 199, 205, 238, 58, 192, 125, 239, 123, 239, 213, 19, 159,
       247, 180, 46, 143, 236, 28, 119, 187, 212, 58, 32, 2, 238, 91,
       135, 66, 104, 23, 0, 225, 10, 107, 203, 45, 208, 248, 185, 139,
       226, 72, 39, 88, 223, 179, 196, 139, 59, 113, 43, 110, 130, 202,
       142, 254, 255, 171, 240, 188, 175, 191, 23, 94, 179, 237, 239,
       174, 79, 231, 255, 191, 129, 54, 205, 175, 231, 111, 247, 222,
       203, 167, 212, 173, 239, 188, 94, 122, 229, 118, 90, 246, 240,
       253, 230, 126, 230, 79, 156, 183, 225, 126, 253, 151, 99, 229,
       181, 36, 238, 118, 233, 167, 135, 103, 255, 124, 213, 125, 127,
       120, 103, 246, 94, 95, 244, 97, 236, 190, 174, 123, 61, 147, 178,
       62, 212, 221, 238, 205, 187, 253, 172, 242, 205, 37, 177, 111,
       191, 94, 121, 105, 43, 212, 69, 116, 26, 104, 23, 112, 160, 102,
       72, 235, 33, 145, 183, 4, 230, 106, 28, 224, 248, 197, 14, 172,
       251, 119, 0, 98, 168, 74, 136, 37, 198, 198, 143, 252, 43, 170,
       204, 30, 160, 219, 226, 208, 226, 185, 96, 127, 206, 42, 190, 2,
       242, 77, 223, 60, 38, 143, 36, 149, 251, 113, 132, 67, 20, 157,
       190, 44, 44, 184, 30, 142, 27, 154, 88, 188, 191, 104, 74, 199,
       87, 127, 1, 131, 79, 195, 209, 213, 62, 122, 186, 152, 88, 1, 27,
       43, 179, 232, 89, 255, 209, 184, 223, 91, 125, 124, 191, 40, 156,
       222, 180, 207, 10, 151, 20, 151, 122, 230, 209, 46, 93, 180, 239,
       223, 140, 222, 223, 121, 35, 196, 5, 93, 90, 97, 33, 97, 229, 230,
       138, 171, 32, 82, 150, 104, 166, 234, 12, 12, 250, 229, 140, 222,
       243, 208, 49, 99, 142, 94, 204, 57, 141, 87, 207, 149, 150, 106,
       119, 117, 9, 254, 66, 123, 99, 180, 244, 120, 162, 14, 172, 187,
       155, 17, 223, 51, 190, 130, 64, 59, 202, 248, 44, 153, 6, 68, 55,
       21, 187, 99, 50, 117, 101, 71, 148, 235, 32, 146, 228, 88, 174,
       160, 12, 61, 188, 101, 175, 206, 239, 16, 65, 231, 141, 88, 108,
       32, 233, 24, 122, 89, 205, 82, 230, 135, 29, 172, 9, 38, 217, 102,
       16, 201, 123, 194, 80, 74, 43, 202, 53, 251, 209, 20, 123, 80, 24,
       78, 138, 16, 63, 90, 69, 178, 74, 53, 119, 40, 172, 126, 168, 55,
       55, 129, 16, 54, 118, 76, 40, 96, 185, 161, 14, 122, 173, 37, 144,
       109, 240, 71, 187, 143, 132, 117, 249, 195, 110, 121, 42, 61, 55,
       103, 146, 93, 63, 40, 121, 51, 23, 51, 48, 48, 252, 57, 215, 207,
