%YAML:1.0
---
descriptors: !!opencv-matrix
   rows: 231
   cols: 32
   dt: u
   data: [ 57, 141, 107, 250, 148, 163, 203, 247, 212, 65, 222, 66, 113,
       235, 176, 96, 121, 170, 31, 157, 155, 187, 44, 255, 248, 175, 174,
       128, 181, 218, 240, 168, 88, 157, 18, 248, 115, 252, 48, 103, 173,
       13, 124, 41, 175, 191, 34, 209, 166, 179, 253, 0, 18, 27, 18, 221,
       251, 249, 18, 75, 178, 4, 175, 139, 49, 135, 74, 204, 212, 131,
       230, 255, 84, 8, 254, 198, 83, 232, 180, 96, 120, 238, 6, 172,
       205, 187, 5, 31, 122, 175, 167, 128, 125, 218, 248, 136, 218, 235,
       2, 178, 27, 144, 26, 64, 171, 5, 128, 207, 45, 202, 98, 148, 166,
       165, 237, 199, 94, 11, 134, 245, 146, 240, 139, 251, 47, 6, 43, 6,
       120, 184, 58, 120, 75, 197, 83, 254, 163, 29, 236, 9, 62, 223, 34,
       16, 166, 147, 197, 64, 74, 11, 146, 53, 243, 253, 0, 59, 114, 0,
       103, 187, 9, 188, 31, 97, 113, 175, 121, 119, 109, 9, 110, 12,
       127, 115, 0, 48, 181, 43, 82, 44, 147, 184, 16, 61, 239, 223, 48,
       64, 234, 130, 194, 170, 45, 223, 99, 65, 116, 159, 238, 245, 85,
       104, 123, 230, 211, 72, 180, 164, 126, 168, 22, 111, 205, 184,
       109, 221, 46, 92, 37, 196, 127, 186, 208, 180, 167, 98, 129, 129,
       108, 29, 238, 156, 91, 242, 112, 204, 131, 64, 213, 174, 93, 76,
       50, 126, 199, 118, 221, 128, 12, 88, 197, 60, 206, 189, 90, 148,
       15, 159, 252, 87, 242, 212, 191, 188, 218, 223, 23, 181, 253, 253,
       218, 171, 151, 123, 181, 94, 179, 216, 191, 243, 111, 95, 125,
       196, 134, 247, 133, 125, 158, 207, 228, 243, 247, 126, 254, 183,
       57, 95, 126, 146, 89, 47, 156, 105, 39, 219, 149, 143, 184, 252,
       45, 238, 111, 223, 252, 193, 231, 213, 212, 91, 77, 72, 189, 231,
       32, 110, 123, 24, 120, 202, 126, 64, 247, 115, 137, 122, 150, 212,
       125, 46, 137, 212, 169, 42, 199, 255, 98, 128, 160, 243, 97, 33,
       172, 188, 61, 113, 137, 109, 21, 186, 27, 119, 36, 24, 158, 119,
       72, 57, 151, 19, 249, 48, 51, 108, 251, 55, 207, 219, 85, 127,
       210, 73, 135, 243, 130, 136, 150, 155, 59, 245, 184, 71, 159, 25,
       211, 55, 236, 222, 46, 204, 225, 59, 187, 149, 54, 205, 11, 247,
       140, 54, 218, 211, 154, 12, 169, 223, 104, 166, 189, 97, 171, 77,
       21, 15, 107, 63, 37, 24, 134, 55, 76, 31, 134, 22, 224, 0, 114,
       252, 225, 3, 71, 211, 80, 115, 194, 64, 199, 235, 68, 182, 185,
       65, 169, 107, 17, 137, 123, 183, 45, 56, 214, 53, 76, 58, 147, 22,
       104, 48, 50, 112, 251, 18, 207, 150, 21, 119, 192, 64, 199, 99,
       255, 245, 233, 98, 189, 127, 214, 175, 83, 234, 188, 27, 122, 125,
       95, 55, 217, 194, 85, 47, 253, 102, 249, 190, 251, 223, 213, 63,
       255, 126, 214, 126, 65, 81, 113, 197, 100, 78, 111, 48, 100, 192,
       115, 66, 209, 55, 145, 102, 118, 84, 30, 234, 193, 176, 117, 72,
       101, 172, 162, 128, 36, 179, 97, 161, 80, 84, 181, 228, 42, 6, 95,
       56, 161, 170, 158, 104, 117, 55, 129, 115, 6, 213, 125, 234, 233,
       65, 241, 15, 249, 170, 237, 144, 42, 162, 36, 121, 100, 181, 211,
       64, 211, 249, 98, 130, 123, 161, 40, 104, 26, 243, 196, 180, 51,
       254, 96, 24, 19, 58, 168, 82, 31, 156, 21, 110, 194, 194, 71, 161,
       2, 203, 6, 155, 19, 128, 60, 231, 190, 21, 72, 133, 172, 198, 34,
       68, 230, 59, 163, 133, 66, 152, 2, 253, 36, 48, 154, 139, 16, 20,
       173, 218, 129, 188, 21, 217, 232, 205, 33, 223, 182, 19, 66, 80,
       180, 150, 224, 233, 37, 26, 106, 24, 115, 220, 51, 51, 141, 130,
       62, 104, 144, 64, 133, 168, 108, 185, 187, 120, 171, 237, 17, 202,
       139, 149, 173, 57, 30, 255, 97, 58, 131, 113, 225, 16, 18, 99,
       186, 144, 203, 209, 21, 127, 210, 89, 134, 115, 88, 48, 83, 228,
       98, 74, 49, 72, 33, 132, 102, 168, 95, 215, 168, 84, 50, 157, 237,
       224, 0, 19, 160, 76, 209, 164, 33, 143, 34, 162, 39, 99, 4, 184,
       149, 210, 72, 201, 177, 192, 142, 177, 161, 72, 150, 151, 76, 10,
       136, 17, 106, 81, 19, 107, 154, 112, 157, 144, 91, 126, 192, 11,
       7, 162, 39, 34, 209, 65, 100, 43, 232, 88, 123, 162, 113, 90, 82,
       73, 213, 24, 59, 140, 22, 60, 129, 246, 205, 74, 28, 28, 33, 36,
       205, 235, 82, 128, 212, 120, 156, 248, 138, 69, 21, 200, 150, 182,
       165, 27, 215, 219, 75, 91, 203, 213, 109, 210, 42, 103, 219, 48,
       219, 195, 71, 63, 241, 49, 37, 2, 125, 116, 153, 167, 184, 79, 71,
       184, 114, 234, 169, 8, 215, 119, 73, 51, 145, 252, 124, 122, 105,
       82, 217, 58, 253, 197, 37, 52, 160, 115, 6, 35, 119, 163, 232, 1,
       172, 25, 142, 168, 75, 244, 148, 175, 129, 136, 222, 38, 89, 204,
       237, 255, 206, 67, 239, 144, 158, 16, 141, 255, 141, 175, 154, 68,
       53, 53, 105, 100, 244, 75, 207, 113, 64, 228, 253, 138, 83, 61,
       217, 48, 30, 222, 21, 106, 217, 178, 116, 14, 119, 205, 165, 176,
       101, 251, 214, 240, 55, 197, 229, 55, 141, 119, 143, 188, 86, 247,
       139, 151, 209, 108, 95, 42, 93, 71, 49, 255, 157, 96, 255, 162,
       105, 78, 223, 20, 253, 255, 240, 212, 126, 177, 141, 160, 57, 201,
       89, 200, 143, 189, 169, 9, 143, 159, 66, 24, 201, 145, 237, 81,
       26, 11, 90, 148, 155, 213, 139, 127, 144, 7, 6, 82, 61, 44, 188,
       240, 189, 173, 81, 202, 203, 185, 185, 24, 158, 185, 93, 56, 137,
       128, 93, 25, 26, 99, 90, 176, 219, 223, 17, 126, 210, 73, 82, 34,
       212, 201, 87, 239, 4, 10, 79, 185, 36, 0, 227, 2, 83, 115, 160,
       115, 112, 212, 56, 234, 105, 145, 105, 45, 241, 235, 192, 16, 48,
       187, 96, 32, 100, 183, 157, 119, 168, 110, 71, 153, 114, 191, 165,
       124, 215, 113, 201, 27, 145, 214, 108, 50, 57, 98, 251, 32, 172,
       167, 117, 124, 200, 115, 206, 33, 149, 21, 108, 169, 52, 171, 203,
       56, 84, 232, 218, 247, 247, 89, 147, 97, 94, 33, 31, 125, 169,
       176, 77, 31, 224, 141, 171, 148, 124, 234, 17, 81, 57, 235, 104,
       33, 60, 27, 74, 184, 67, 236, 188, 173, 3, 8, 214, 144, 88, 204,
       196, 109, 204, 58, 101, 61, 254, 205, 165, 181, 103, 190, 90, 197,
       62, 112, 188, 224, 29, 205, 80, 72, 203, 241, 181, 8, 30, 159,
       109, 58, 136, 145, 223, 80, 11, 99, 218, 208, 219, 217, 1, 127,
       202, 11, 71, 50, 248, 13, 82, 254, 149, 198, 86, 55, 21, 2, 207,
       3, 123, 99, 32, 208, 112, 166, 137, 44, 104, 154, 17, 175, 243,
       239, 128, 1, 50, 250, 248, 10, 56, 56, 243, 80, 168, 237, 65, 91,
       243, 156, 164, 40, 51, 151, 197, 62, 9, 184, 108, 24, 11, 107,
       226, 0, 91, 201, 49, 56, 227, 224, 70, 107, 72, 121, 58, 126, 81,
       204, 113, 119, 169, 12, 111, 12, 190, 151, 34, 16, 132, 59, 213,
       0, 66, 184, 48, 111, 227, 253, 48, 3, 66, 2, 143, 123, 88, 18, 90,
       164, 50, 138, 57, 51, 184, 172, 70, 161, 15, 135, 2, 80, 38, 181,
       237, 32, 0, 221, 129, 76, 210, 231, 58, 135, 36, 128, 15, 75, 68,
       144, 189, 81, 140, 110, 181, 159, 234, 243, 166, 20, 212, 55, 72,
       107, 193, 86, 104, 24, 19, 105, 243, 64, 205, 186, 87, 84, 192,
       64, 229, 114, 53, 217, 18, 174, 61, 151, 2, 248, 133, 72, 249,
       110, 114, 208, 169, 224, 220, 120, 22, 98, 205, 35, 90, 191, 176,
       254, 33, 154, 89, 59, 40, 149, 240, 64, 85, 229, 36, 14, 72, 48,
       33, 160, 243, 72, 211, 91, 25, 83, 114, 212, 125, 234, 105, 214,
       217, 204, 146, 250, 195, 16, 44, 163, 98, 0, 61, 71, 67, 109, 20,
       6, 230, 112, 68, 192, 250, 70, 83, 0, 177, 96, 120, 204, 6, 238,
       201, 178, 85, 142, 244, 172, 163, 0, 111, 187, 112, 160, 95, 7,
       246, 133, 146, 50, 61, 81, 57, 175, 95, 247, 77, 110, 203, 206,
       119, 221, 189, 181, 176, 208, 141, 194, 92, 103, 127, 196, 167,
       230, 169, 85, 83, 79, 86, 158, 18, 130, 46, 39, 237, 130, 106,
       199, 109, 42, 53, 213, 118, 231, 40, 231, 229, 153, 21, 236, 176,
       114, 78, 2, 45, 246, 169, 28, 49, 159, 75, 239, 150, 131, 239,
       255, 84, 64, 250, 230, 115, 96, 176, 96, 120, 174, 30, 238, 217,
       187, 37, 63, 240, 175, 166, 128, 61, 218, 240, 137, 220, 124, 159,
       119, 0, 110, 19, 148, 224, 170, 182, 72, 255, 247, 193, 59, 166,
