%YAML:1.0
---
descriptors: !!opencv-matrix
   rows: 208
   cols: 32
   dt: u
   data: [ 10, 18, 62, 185, 100, 236, 185, 66, 173, 93, 87, 151, 156,
       158, 22, 72, 238, 49, 223, 21, 134, 28, 114, 193, 197, 113, 154,
       195, 132, 13, 37, 219, 246, 236, 237, 255, 28, 103, 202, 168, 87,
       178, 250, 11, 115, 121, 93, 43, 217, 220, 53, 227, 170, 246, 219,
       191, 171, 254, 197, 55, 117, 251, 84, 42, 118, 114, 144, 160, 169,
       53, 16, 204, 171, 251, 160, 125, 142, 214, 201, 30, 223, 145, 204,
       17, 15, 71, 202, 208, 152, 212, 31, 254, 154, 85, 167, 23, 56, 77,
       119, 87, 6, 200, 103, 164, 101, 0, 103, 2, 115, 85, 17, 49, 104,
       242, 72, 74, 73, 176, 109, 45, 119, 235, 64, 1, 99, 187, 70, 168,
       56, 249, 19, 234, 91, 205, 83, 221, 175, 0, 104, 8, 62, 223, 97,
       144, 182, 187, 194, 64, 67, 43, 26, 189, 251, 221, 1, 58, 122, 2,
       39, 171, 168, 177, 56, 250, 189, 201, 145, 79, 142, 61, 45, 56,
       150, 221, 104, 0, 137, 27, 195, 16, 82, 42, 106, 21, 207, 209, 16,
       127, 80, 8, 135, 163, 147, 104, 167, 145, 85, 215, 173, 71, 86,
       226, 82, 18, 48, 220, 247, 44, 120, 169, 18, 157, 231, 245, 53,
       202, 53, 14, 159, 160, 133, 60, 209, 236, 144, 77, 70, 207, 6,
       130, 102, 101, 244, 0, 235, 146, 97, 131, 32, 64, 104, 172, 42,
       202, 104, 189, 5, 111, 180, 160, 130, 0, 33, 138, 240, 136, 203,
       112, 108, 245, 43, 216, 121, 24, 167, 220, 86, 165, 249, 223, 222,
       230, 54, 61, 181, 204, 194, 84, 191, 157, 71, 249, 161, 169, 38,
       166, 77, 113, 89, 140, 254, 245, 131, 126, 121, 39, 61, 7, 102,
       18, 29, 63, 18, 123, 35, 151, 123, 136, 48, 220, 49, 78, 223, 239,
       82, 65, 163, 224, 167, 98, 72, 191, 58, 76, 115, 220, 55, 119, 41,
       77, 126, 108, 62, 183, 130, 180, 166, 63, 197, 0, 147, 152, 176,
       93, 119, 245, 36, 131, 74, 194, 175, 251, 41, 191, 115, 69, 112,
       219, 227, 119, 105, 105, 126, 108, 190, 60, 148, 180, 150, 42, 86,
       8, 151, 184, 36, 95, 38, 28, 36, 162, 206, 194, 195, 237, 242,
       221, 46, 126, 10, 64, 151, 236, 168, 22, 129, 11, 118, 253, 44,
       83, 233, 245, 249, 227, 104, 15, 186, 63, 243, 163, 254, 31, 17,
       50, 182, 106, 142, 176, 184, 50, 233, 253, 144, 202, 223, 255, 49,
       125, 142, 220, 78, 152, 133, 27, 231, 17, 182, 110, 218, 211, 15,
       87, 53, 255, 216, 13, 143, 215, 110, 59, 254, 88, 237, 253, 208,
       80, 199, 61, 180, 41, 10, 157, 119, 156, 136, 176, 239, 80, 154,
       43, 98, 240, 83, 93, 17, 251, 211, 157, 222, 119, 29, 205, 103,
       39, 86, 142, 239, 228, 108, 64, 122, 71, 89, 40, 22, 1, 62, 229,
       82, 239, 197, 184, 53, 109, 117, 47, 110, 68, 109, 62, 99, 208, 0,
       51, 123, 67, 180, 143, 227, 117, 108, 45, 127, 96, 147, 21, 132,
       36, 108, 26, 6, 24, 211, 184, 97, 4, 109, 220, 34, 192, 65, 138,
       231, 233, 236, 239, 116, 90, 189, 219, 86, 136, 207, 180, 164, 10,
       74, 201, 111, 212, 219, 240, 202, 114, 62, 39, 122, 190, 59, 223,
       5, 123, 242, 191, 220, 6, 53, 133, 67, 67, 244, 30, 234, 240, 84,
       65, 251, 70, 83, 120, 189, 228, 122, 204, 22, 238, 221, 178, 125,
       238, 46, 108, 166, 196, 255, 234, 120, 164, 235, 214, 102, 5, 225,
       30, 236, 183, 233, 123, 246, 245, 232, 40, 158, 247, 39, 199, 252,
       237, 245, 253, 181, 239, 46, 123, 222, 196, 79, 164, 234, 93, 88,
       185, 186, 250, 139, 212, 55, 198, 169, 13, 238, 1, 46, 191, 34,
       210, 166, 115, 233, 64, 2, 11, 178, 225, 211, 245, 18, 75, 130,
       18, 175, 107, 31, 247, 67, 165, 242, 22, 110, 249, 53, 232, 91,
       230, 89, 110, 155, 180, 126, 205, 22, 239, 237, 146, 61, 206, 38,
       110, 175, 132, 47, 246, 170, 213, 129, 100, 174, 213, 84, 251,
       237, 71, 84, 175, 86, 18, 176, 24, 183, 45, 104, 42, 19, 153, 162,
       252, 37, 202, 101, 15, 190, 129, 229, 88, 245, 232, 238, 32, 230,
       82, 237, 250, 240, 65, 249, 223, 183, 25, 74, 204, 215, 159, 169,
       228, 238, 28, 28, 231, 166, 192, 27, 122, 85, 91, 199, 253, 222,
       70, 122, 49, 124, 237, 47, 255, 217, 25, 203, 252, 119, 175, 223,
       221, 214, 38, 150, 189, 245, 117, 159, 112, 183, 209, 195, 249,
       137, 239, 103, 143, 92, 119, 69, 52, 149, 49, 169, 46, 53, 27,
       254, 251, 43, 84, 222, 242, 64, 255, 133, 23, 104, 20, 177, 76,
       251, 66, 141, 190, 87, 86, 200, 96, 131, 55, 82, 143, 111, 140,
       118, 194, 232, 103, 36, 69, 218, 231, 97, 44, 180, 64, 110, 167,
       55, 133, 208, 187, 5, 205, 52, 38, 250, 129, 101, 134, 245, 248,
       124, 245, 153, 102, 152, 79, 71, 189, 162, 172, 172, 8, 247, 247,
       73, 82, 16, 246, 108, 106, 72, 3, 251, 61, 251, 229, 37, 60, 226,
       242, 134, 107, 98, 248, 146, 52, 235, 168, 52, 199, 187, 179, 96,
       121, 12, 178, 68, 30, 163, 255, 96, 16, 54, 95, 130, 98, 29, 182,
       85, 107, 192, 96, 139, 139, 105, 48, 42, 237, 104, 21, 25, 88,
       132, 104, 214, 169, 153, 151, 162, 118, 78, 60, 255, 108, 140,
       135, 229, 144, 214, 121, 170, 184, 22, 140, 54, 241, 119, 114,
       145, 160, 168, 45, 25, 206, 43, 251, 176, 253, 134, 150, 205, 30,
       143, 209, 76, 21, 143, 71, 219, 144, 152, 212, 29, 254, 216, 85,
       131, 29, 57, 134, 76, 169, 28, 27, 217, 107, 69, 37, 222, 131,
       131, 40, 146, 133, 123, 132, 206, 173, 60, 184, 101, 157, 238,
       195, 210, 85, 119, 140, 220, 196, 8, 180, 179, 233, 241, 237, 49,
       79, 63, 109, 104, 57, 158, 151, 104, 28, 179, 27, 199, 16, 18, 26,
       178, 215, 205, 212, 18, 111, 210, 64, 135, 251, 223, 118, 248,
       102, 106, 24, 94, 184, 185, 238, 183, 253, 95, 103, 207, 115, 55,
       213, 253, 238, 236, 71, 237, 234, 242, 249, 229, 189, 46, 183, 14,
       81, 2, 170, 134, 29, 17, 148, 56, 87, 188, 5, 66, 213, 173, 134,
       34, 204, 228, 59, 171, 128, 134, 220, 6, 101, 7, 114, 26, 73, 2,
       132, 45, 220, 161, 235, 105, 173, 124, 139, 207, 253, 86, 140,
       240, 231, 179, 201, 176, 0, 92, 106, 23, 111, 202, 186, 111, 63,
       228, 45, 165, 184, 117, 186, 210, 233, 13, 177, 24, 195, 253, 61,
       241, 153, 110, 121, 189, 94, 222, 88, 218, 168, 191, 155, 254, 57,
       147, 112, 249, 210, 221, 221, 43, 116, 206, 75, 137, 177, 198,
       114, 252, 34, 234, 40, 184, 152, 171, 253, 53, 253, 157, 206, 223,
       27, 167, 93, 253, 87, 134, 100, 206, 64, 206, 217, 111, 175, 196,
       245, 15, 209, 50, 36, 66, 109, 118, 139, 74, 64, 125, 160, 122,
       139, 75, 9, 20, 20, 58, 173, 23, 108, 8, 178, 69, 222, 182, 236,
       1, 0, 103, 175, 66, 128, 88, 140, 190, 253, 213, 254, 125, 103,
       245, 7, 238, 18, 11, 187, 34, 114, 225, 247, 233, 128, 24, 249,
       145, 230, 255, 239, 86, 65, 163, 64, 239, 42, 82, 215, 123, 236,
       58, 208, 31, 125, 170, 76, 221, 231, 124, 223, 170, 112, 246, 181,
       221, 163, 211, 11, 160, 93, 242, 37, 42, 159, 52, 130, 167, 115,
       78, 252, 59, 254, 58, 221, 187, 216, 175, 92, 125, 32, 252, 223,
       167, 112, 167, 123, 255, 210, 131, 1, 58, 255, 247, 253, 43, 171,
       22, 147, 7, 123, 124, 105, 174, 172, 14, 96, 159, 200, 130, 148,
       136, 171, 119, 239, 35, 75, 234, 213, 253, 227, 8, 67, 195, 40,
       209, 225, 235, 189, 165, 115, 55, 74, 0, 146, 113, 219, 190, 185,
       177, 223, 94, 29, 84, 246, 175, 136, 236, 108, 95, 26, 166, 17,
       178, 188, 103, 183, 12, 150, 50, 234, 214, 136, 213, 173, 223, 50,
       239, 101, 32, 62, 125, 24, 113, 238, 183, 238, 91, 63, 215, 191,
       62, 245, 245, 190, 169, 244, 229, 200, 222, 219, 229, 132, 231,
       247, 102, 117, 27, 179, 101, 9, 188, 151, 187, 121, 15, 252, 223,
       231, 201, 76, 158, 36, 222, 11, 255, 245, 159, 152, 111, 221, 14,
       93, 171, 198, 15, 142, 24, 213, 165, 237, 209, 227, 244, 41, 238,
       200, 90, 160, 121, 74, 181, 225, 249, 16, 123, 75, 2, 127, 2, 50,
       202, 114, 60, 156, 175, 44, 221, 251, 195, 160, 36, 45, 210, 192,
       221, 167, 150, 203, 199, 160, 232, 8, 10, 243, 101, 140, 249, 120,
       130, 112, 18, 35, 26, 218, 59, 156, 5, 111, 219, 123, 234, 130,
