%YAML:1.0
---
descriptors: !!opencv-matrix
   rows: 197
   cols: 32
   dt: u
   data: [ 88, 179, 185, 120, 40, 204, 81, 21, 162, 29, 182, 124, 159,
       151, 192, 90, 6, 148, 237, 16, 27, 75, 178, 17, 211, 225, 112,
       248, 34, 128, 134, 115, 37, 113, 49, 71, 52, 95, 119, 184, 106,
       232, 59, 104, 214, 85, 137, 176, 146, 84, 68, 106, 65, 176, 121,
       28, 37, 156, 33, 54, 66, 59, 70, 35, 34, 141, 2, 159, 125, 213,
       182, 230, 159, 9, 88, 3, 168, 216, 52, 196, 201, 107, 147, 193,
       102, 186, 82, 255, 37, 22, 154, 11, 19, 29, 185, 142, 39, 71, 230,
       207, 252, 59, 254, 104, 93, 236, 249, 239, 203, 104, 159, 164,
       222, 205, 247, 231, 204, 178, 109, 206, 54, 126, 167, 159, 103,
       255, 126, 197, 44, 125, 17, 69, 113, 79, 119, 250, 57, 232, 124,
       104, 158, 55, 129, 180, 134, 92, 76, 104, 65, 184, 225, 110, 239,
       221, 37, 134, 66, 177, 7, 179, 45, 117, 25, 71, 117, 95, 119, 184,
       111, 104, 111, 8, 222, 85, 13, 180, 144, 28, 198, 106, 65, 176,
       121, 30, 39, 221, 33, 54, 66, 59, 70, 163, 211, 190, 222, 184,
       234, 184, 88, 87, 187, 87, 224, 253, 175, 234, 2, 155, 167, 183,
       237, 21, 191, 79, 146, 55, 154, 243, 120, 251, 168, 196, 171, 91,
       207, 189, 245, 219, 253, 255, 255, 187, 127, 251, 246, 92, 250,
       125, 222, 117, 255, 255, 127, 156, 183, 254, 255, 243, 127, 254,
       119, 194, 207, 228, 226, 247, 92, 182, 154, 122, 233, 173, 84,
       223, 191, 31, 172, 29, 31, 251, 74, 91, 165, 27, 237, 16, 58, 107,
       154, 51, 219, 255, 116, 127, 218, 64, 239, 19, 224, 38, 149, 186,
       109, 41, 64, 74, 27, 179, 161, 121, 162, 8, 76, 157, 201, 160, 78,
       16, 44, 103, 74, 146, 156, 146, 209, 59, 208, 8, 90, 4, 184, 142,
       184, 123, 188, 189, 87, 159, 86, 15, 252, 16, 243, 81, 170, 80,
       213, 58, 44, 24, 58, 172, 75, 63, 235, 207, 53, 89, 242, 202, 200,
       43, 175, 175, 227, 219, 252, 191, 238, 255, 95, 234, 218, 254,
       217, 232, 252, 165, 127, 239, 55, 191, 245, 254, 77, 254, 62, 30,
       191, 228, 223, 252, 217, 141, 108, 65, 120, 99, 116, 75, 103, 40,
       96, 164, 231, 8, 211, 67, 137, 112, 26, 220, 72, 106, 72, 176,
       105, 14, 231, 169, 37, 21, 112, 187, 70, 34, 204, 66, 93, 231, 96,
       10, 111, 185, 97, 162, 99, 64, 215, 99, 137, 243, 18, 196, 108,
       106, 73, 212, 201, 8, 164, 251, 101, 4, 34, 178, 66, 32, 133, 237,
       195, 247, 244, 142, 239, 244, 124, 226, 122, 70, 209, 227, 57, 80,
       123, 110, 51, 238, 225, 208, 220, 239, 236, 174, 239, 4, 44, 251,
       211, 160, 213, 125, 83, 68, 178, 74, 55, 248, 120, 200, 106, 104,
       95, 87, 137, 48, 54, 220, 68, 106, 225, 176, 169, 110, 177, 172,
       37, 4, 104, 179, 35, 49, 205, 188, 247, 255, 252, 239, 127, 190,
       255, 251, 251, 120, 254, 255, 141, 123, 255, 247, 127, 26, 177,
       254, 251, 254, 255, 190, 119, 214, 203, 249, 195, 49, 62, 97, 122,
       108, 95, 91, 215, 200, 87, 36, 237, 11, 74, 141, 63, 148, 248,
       221, 235, 99, 76, 227, 249, 158, 243, 223, 5, 63, 103, 127, 118,
       230, 120, 58, 247, 120, 41, 221, 81, 83, 227, 29, 180, 56, 59,
       157, 196, 62, 132, 178, 236, 16, 139, 111, 178, 145, 211, 217,
       112, 123, 226, 128, 70, 123, 44, 33, 233, 99, 212, 75, 99, 217,
       50, 165, 109, 137, 147, 197, 73, 16, 88, 220, 66, 88, 26, 178,
       248, 58, 111, 141, 37, 101, 227, 155, 214, 242, 37, 89, 24, 94,
       93, 159, 70, 56, 206, 72, 109, 76, 246, 240, 29, 48, 144, 104, 80,
       110, 197, 32, 90, 61, 39, 156, 5, 56, 88, 59, 90, 134, 202, 189,
       183, 250, 253, 252, 248, 71, 255, 95, 184, 21, 174, 254, 116, 114,
       229, 51, 255, 17, 183, 111, 178, 215, 219, 255, 26, 123, 210, 76,
       231, 223, 118, 180, 136, 230, 153, 39, 87, 154, 19, 169, 141, 109,
       87, 247, 73, 18, 149, 223, 125, 144, 26, 67, 219, 42, 219, 215,
       189, 191, 168, 115, 138, 19, 246, 252, 190, 255, 238, 103, 189,
       223, 191, 255, 254, 51, 220, 255, 118, 107, 255, 255, 255, 145,
       188, 255, 251, 250, 255, 255, 127, 207, 132, 120, 167, 211, 129,
       142, 149, 55, 184, 47, 37, 191, 254, 187, 2, 80, 246, 115, 136,
       107, 129, 102, 110, 8, 113, 205, 75, 47, 172, 186, 119, 84, 152,
       120, 129, 41, 5, 229, 17, 131, 222, 73, 166, 173, 94, 113, 41, 24,
       212, 112, 72, 172, 25, 10, 74, 56, 83, 112, 93, 117, 45, 6, 23,
       116, 216, 26, 217, 160, 211, 244, 158, 184, 170, 172, 29, 7, 186,
       87, 194, 157, 183, 166, 2, 123, 167, 39, 125, 21, 191, 79, 182,
       87, 248, 227, 126, 218, 140, 80, 171, 93, 252, 21, 16, 124, 169,
       237, 87, 73, 255, 122, 169, 8, 95, 255, 11, 49, 153, 177, 204, 34,
       109, 3, 90, 159, 241, 218, 65, 63, 82, 115, 6, 2, 52, 77, 121, 69,
       83, 74, 103, 224, 100, 132, 238, 10, 83, 51, 1, 48, 120, 220, 66,
       226, 72, 178, 105, 46, 245, 165, 5, 21, 97, 51, 102, 162, 56, 255,
       26, 122, 245, 141, 84, 247, 223, 29, 252, 13, 46, 249, 96, 144,
       205, 250, 206, 80, 90, 43, 82, 183, 251, 221, 20, 123, 202, 136,
       218, 27, 40, 255, 80, 126, 253, 141, 86, 247, 91, 45, 252, 45,
       162, 169, 4, 148, 220, 250, 198, 64, 218, 58, 80, 183, 127, 220,
       20, 123, 91, 152, 218, 155, 32, 255, 112, 76, 253, 133, 214, 239,
       95, 36, 248, 175, 34, 233, 36, 20, 223, 250, 134, 66, 74, 58, 90,
       191, 54, 28, 21, 47, 95, 154, 254, 155, 20, 197, 158, 254, 218,
       194, 191, 232, 30, 134, 249, 3, 93, 227, 41, 64, 123, 121, 35,
       226, 114, 147, 11, 223, 249, 167, 175, 141, 17, 115, 165, 162, 69,
       207, 196, 223, 230, 43, 110, 252, 118, 162, 122, 230, 241, 98,
       153, 112, 127, 238, 46, 238, 229, 242, 207, 255, 60, 174, 231,
       132, 189, 251, 249, 136, 246, 109, 18, 158, 221, 251, 182, 236,
       191, 134, 254, 11, 110, 232, 47, 213, 249, 255, 235, 227, 108, 99,
       154, 255, 179, 86, 207, 59, 19, 127, 255, 78, 103, 103, 64, 71,
       124, 11, 110, 188, 123, 162, 251, 204, 195, 104, 221, 20, 94, 204,
       126, 110, 237, 242, 205, 222, 54, 30, 165, 180, 111, 191, 82, 133,
       130, 205, 30, 189, 217, 196, 180, 231, 158, 7, 74, 19, 172, 190,
       34, 64, 225, 123, 171, 129, 102, 216, 18, 255, 229, 55, 222, 11,
       16, 88, 173, 202, 22, 109, 186, 174, 157, 87, 94, 236, 63, 166,
       249, 11, 78, 254, 47, 193, 249, 255, 255, 227, 124, 231, 91, 254,
       179, 215, 207, 31, 245, 127, 175, 70, 221, 247, 80, 231, 52, 30,
       110, 184, 125, 234, 255, 76, 223, 67, 152, 244, 62, 204, 92, 110,
       233, 176, 221, 238, 166, 255, 39, 148, 110, 179, 202, 5, 93, 229,
       81, 231, 180, 30, 110, 184, 125, 232, 251, 68, 223, 115, 152, 244,
       246, 205, 126, 110, 249, 176, 217, 174, 239, 253, 39, 20, 42, 179,
       65, 33, 93, 253, 149, 231, 181, 15, 110, 184, 124, 161, 251, 64,
       223, 115, 9, 224, 251, 196, 126, 106, 9, 176, 89, 174, 237, 255,
       39, 20, 202, 187, 193, 32, 221, 80, 84, 247, 44, 14, 73, 56, 253,
       186, 183, 84, 223, 83, 153, 127, 38, 196, 124, 110, 233, 229, 125,
       140, 192, 251, 99, 148, 110, 185, 65, 49, 53, 77, 91, 175, 116,
       15, 239, 248, 100, 232, 251, 70, 83, 115, 153, 80, 122, 204, 22,
       238, 201, 178, 93, 44, 244, 237, 167, 132, 109, 179, 98, 160, 34,
       255, 114, 155, 255, 129, 182, 230, 222, 4, 120, 34, 228, 248, 45,
       132, 217, 122, 131, 67, 102, 186, 90, 255, 45, 22, 150, 43, 85,
       26, 244, 143, 0, 169, 31, 107, 92, 205, 99, 77, 230, 1, 106, 64,
       247, 243, 32, 96, 0, 58, 106, 88, 19, 184, 83, 61, 109, 173, 32,
       64, 208, 10, 225, 170, 192, 168, 159, 250, 200, 233, 48, 143, 170,
       51, 162, 24, 182, 243, 64, 91, 129, 63, 104, 16, 18, 79, 154, 49,
       221, 178, 85, 123, 144, 64, 135, 10, 111, 167, 196, 155, 239, 147,
       110, 239, 31, 255, 249, 183, 200, 170, 222, 222, 207, 239, 191,
       149, 156, 218, 207, 240, 62, 126, 255, 247, 191, 94, 248, 213,
       124, 165, 26, 254, 25, 193, 87, 232, 166, 4, 232, 8, 246, 243, 41,
       16, 216, 242, 201, 98, 74, 67, 154, 63, 241, 247, 1, 57, 16, 51,
