%YAML:1.0
---
descriptors: !!opencv-matrix
   rows: 136
   cols: 32
   dt: u
   data: [ 124, 177, 120, 232, 57, 219, 91, 216, 7, 36, 173, 169, 155,
       31, 74, 16, 220, 153, 205, 242, 10, 35, 120, 148, 219, 221, 129,
       125, 114, 139, 70, 82, 197, 253, 19, 68, 209, 79, 102, 248, 120,
       192, 106, 72, 86, 115, 9, 48, 178, 94, 80, 106, 97, 179, 185, 111,
       185, 156, 5, 70, 72, 115, 195, 179, 53, 113, 25, 103, 48, 79, 71,
       248, 110, 224, 43, 8, 82, 81, 9, 48, 144, 92, 64, 106, 65, 240,
       121, 60, 53, 140, 5, 54, 72, 59, 66, 34, 224, 168, 151, 254, 201,
       236, 113, 135, 187, 19, 166, 24, 182, 243, 96, 127, 225, 246, 104,
       24, 51, 79, 147, 113, 221, 186, 86, 122, 130, 64, 231, 42, 200,
       242, 122, 103, 96, 94, 127, 184, 113, 172, 119, 104, 95, 31, 136,
       48, 182, 221, 236, 106, 200, 213, 169, 76, 247, 249, 101, 133, 98,
       179, 70, 35, 44, 229, 96, 75, 125, 121, 210, 232, 87, 184, 189,
       42, 66, 120, 221, 180, 217, 200, 214, 114, 14, 114, 107, 183, 63,
       220, 165, 127, 215, 63, 86, 135, 157, 93, 85, 231, 180, 78, 111,
       184, 100, 232, 255, 66, 223, 119, 153, 225, 58, 244, 92, 106, 233,
       177, 57, 44, 229, 233, 39, 20, 107, 187, 193, 49, 38, 165, 32,
       218, 253, 213, 246, 232, 95, 25, 121, 11, 96, 248, 126, 132, 217,
       202, 147, 195, 86, 50, 74, 247, 63, 28, 151, 111, 211, 15, 254,
       142, 141, 85, 125, 175, 48, 79, 127, 184, 61, 234, 255, 109, 223,
       95, 155, 113, 254, 221, 95, 234, 233, 176, 105, 174, 231, 255, 39,
       132, 106, 179, 7, 115, 200, 20, 253, 229, 36, 46, 105, 19, 104,
       138, 118, 48, 151, 55, 129, 123, 102, 20, 61, 24, 161, 220, 225,
       74, 199, 185, 114, 128, 164, 224, 69, 41, 60, 164, 60, 240, 189,
       173, 80, 202, 203, 185, 173, 24, 142, 185, 77, 26, 137, 144, 93,
       24, 26, 99, 218, 148, 219, 219, 17, 127, 210, 73, 90, 34, 149, 85,
       109, 173, 54, 11, 79, 184, 4, 232, 219, 231, 215, 125, 145, 96,
       118, 68, 29, 111, 233, 160, 125, 31, 224, 237, 171, 148, 60, 187,
       17, 113, 211, 67, 198, 140, 158, 34, 108, 95, 31, 169, 146, 246,
       77, 170, 180, 72, 127, 133, 63, 189, 185, 135, 5, 222, 184, 46,
       191, 212, 189, 208, 161, 21, 53, 92, 19, 76, 93, 95, 198, 104, 64,
       232, 232, 8, 82, 112, 37, 176, 216, 76, 80, 106, 73, 163, 249, 12,
       51, 188, 1, 62, 89, 123, 82, 174, 128, 144, 191, 255, 195, 236,
       53, 215, 188, 31, 102, 16, 252, 191, 40, 123, 161, 115, 123, 0,
       54, 221, 50, 97, 71, 187, 86, 67, 192, 80, 165, 251, 6, 188, 145,
       250, 251, 237, 19, 194, 187, 29, 41, 9, 174, 255, 65, 18, 135,
       115, 217, 16, 18, 75, 154, 249, 187, 214, 29, 122, 144, 66, 7,
       251, 88, 65, 157, 229, 42, 74, 87, 57, 33, 162, 235, 40, 215, 51,
       1, 114, 18, 244, 108, 98, 73, 208, 193, 12, 245, 227, 97, 20, 32,
       178, 4, 35, 13, 104, 57, 97, 96, 79, 113, 144, 105, 232, 119, 8,
       159, 23, 65, 60, 150, 24, 86, 90, 65, 240, 248, 64, 199, 217, 97,
       36, 66, 163, 70, 178, 110, 172, 240, 94, 125, 221, 242, 232, 203,
       164, 61, 11, 234, 252, 86, 146, 171, 241, 255, 115, 246, 107, 222,
       251, 63, 93, 5, 59, 87, 46, 95, 207, 46, 237, 180, 179, 221, 221,
       182, 205, 143, 180, 184, 11, 238, 252, 95, 130, 249, 123, 235, 83,
       86, 122, 218, 241, 191, 209, 207, 123, 215, 127, 221, 198, 90,
       251, 30, 58, 169, 136, 20, 231, 171, 31, 172, 189, 175, 199, 66,
       16, 165, 179, 237, 128, 90, 75, 138, 55, 251, 215, 23, 123, 34,
       16, 175, 27, 192, 143, 188, 186, 237, 173, 49, 167, 207, 29, 142,
       23, 236, 233, 106, 75, 193, 35, 235, 21, 22, 105, 138, 241, 222,
       51, 222, 123, 144, 76, 157, 74, 67, 216, 170, 158, 205, 213, 190,
       230, 223, 79, 84, 146, 168, 236, 247, 108, 239, 123, 186, 195,
       198, 62, 182, 243, 55, 62, 158, 171, 148, 93, 189, 223, 162, 120,
       122, 254, 107, 213, 184, 72, 171, 90, 113, 11, 172, 222, 119, 59,
       172, 57, 211, 199, 166, 71, 186, 241, 23, 89, 202, 170, 81, 33,
       39, 223, 159, 189, 59, 150, 255, 249, 191, 226, 217, 238, 156, 59,
       172, 252, 54, 35, 175, 107, 215, 3, 244, 107, 174, 239, 251, 91,
       79, 187, 69, 125, 159, 199, 80, 153, 134, 92, 145, 198, 96, 7,
       183, 13, 226, 17, 40, 214, 36, 84, 240, 186, 168, 144, 58, 153,
       19, 127, 187, 166, 146, 67, 128, 0, 228, 30, 41, 117, 17, 110, 61,
       143, 198, 60, 203, 224, 104, 12, 246, 208, 49, 180, 144, 108, 80,
       106, 197, 35, 218, 61, 97, 188, 5, 58, 90, 58, 91, 174, 215, 222,
       125, 250, 202, 164, 127, 223, 63, 90, 244, 86, 61, 71, 13, 121,
       231, 147, 31, 142, 235, 6, 123, 247, 119, 186, 254, 204, 25, 209,
       163, 113, 61, 199, 72, 191, 252, 3, 206, 249, 86, 160, 217, 230,
       83, 224, 185, 96, 127, 200, 22, 255, 255, 178, 77, 159, 252, 175,
       175, 172, 189, 251, 248, 128, 2, 205, 22, 159, 221, 213, 190, 231,
       159, 7, 74, 3, 172, 250, 38, 192, 224, 123, 187, 193, 102, 154,
       26, 255, 37, 54, 158, 11, 16, 94, 173, 206, 63, 247, 226, 207,
       253, 31, 206, 252, 61, 170, 249, 231, 234, 106, 159, 212, 255,
       199, 223, 239, 237, 163, 205, 239, 190, 94, 143, 158, 111, 255,
       234, 133, 102, 253, 186, 253, 221, 207, 182, 226, 255, 162, 250,
       2, 172, 187, 37, 80, 235, 255, 251, 67, 96, 251, 144, 254, 255,
       183, 79, 19, 144, 120, 39, 138, 2, 45, 150, 190, 89, 196, 190,
       231, 189, 134, 250, 3, 172, 191, 39, 64, 234, 123, 235, 129, 100,
       155, 146, 239, 191, 118, 158, 11, 0, 84, 37, 202, 221, 117, 125,
       229, 52, 15, 111, 184, 125, 226, 254, 72, 223, 119, 153, 117, 118,
       220, 125, 106, 233, 176, 121, 238, 247, 251, 103, 4, 46, 179, 66,
       49, 221, 229, 121, 229, 180, 79, 111, 184, 61, 224, 254, 0, 223,
       127, 25, 112, 126, 221, 125, 111, 233, 176, 249, 174, 255, 253,
       167, 20, 34, 187, 195, 48, 38, 141, 48, 154, 253, 213, 178, 236,
       159, 29, 89, 19, 236, 248, 126, 196, 217, 91, 179, 195, 118, 34,
       90, 247, 47, 22, 154, 111, 83, 31, 189, 142, 205, 80, 181, 246,
       44, 108, 93, 152, 249, 250, 183, 88, 223, 119, 201, 251, 135, 213,
       124, 106, 225, 101, 251, 2, 131, 251, 115, 20, 202, 241, 65, 33,
       44, 114, 242, 71, 101, 91, 242, 216, 121, 166, 247, 40, 74, 25,
       157, 180, 186, 220, 198, 106, 200, 247, 169, 202, 23, 220, 1, 55,
       103, 191, 78, 167, 244, 69, 95, 236, 13, 66, 71, 104, 196, 128,
       227, 2, 83, 115, 41, 115, 120, 228, 40, 234, 104, 131, 57, 12,
       241, 171, 193, 16, 49, 187, 116, 32, 161, 233, 11, 169, 180, 143,
       238, 125, 100, 192, 66, 68, 177, 194, 144, 96, 92, 44, 18, 254,
       219, 152, 85, 63, 172, 168, 175, 64, 12, 138, 242, 168, 189, 148,
       237, 119, 197, 127, 213, 191, 83, 243, 55, 26, 91, 125, 94, 175,
       153, 198, 181, 57, 189, 252, 121, 130, 111, 223, 213, 119, 255,
       252, 216, 242, 15, 254, 167, 243, 180, 184, 254, 182, 253, 91, 82,
       245, 223, 252, 252, 175, 207, 107, 127, 31, 191, 248, 202, 230,
       174, 223, 255, 198, 142, 221, 209, 213, 115, 7, 196, 152, 236, 34,
       76, 31, 23, 131, 219, 246, 137, 170, 180, 221, 95, 143, 63, 157,
       253, 206, 207, 210, 188, 58, 223, 220, 191, 220, 240, 21, 64, 173,
       155, 65, 236, 237, 225, 135, 238, 161, 106, 8, 246, 241, 64, 34,
       161, 54, 122, 24, 19, 56, 211, 113, 77, 142, 55, 72, 192, 66, 195,
       170, 2, 171, 244, 219, 235, 145, 126, 246, 63, 59, 123, 227, 40,
       47, 204, 214, 111, 219, 183, 194, 214, 218, 207, 241, 62, 90, 222,
       131, 183, 215, 171, 157, 80, 65, 147, 229, 2, 74, 102, 32, 41,
       160, 107, 8, 215, 51, 72, 114, 54, 220, 104, 106, 72, 208, 209, 8,
       245, 160, 64, 20, 32, 178, 6, 32, 82, 181, 27, 248, 26, 197, 19,
       232, 170, 148, 169, 40, 244, 247, 104, 16, 179, 121, 89, 112, 83,
       75, 186, 93, 249, 132, 15, 126, 16, 2, 39, 115, 37, 96, 113, 65,
       100, 79, 99, 16, 125, 168, 118, 72, 154, 87, 197, 52, 144, 24, 86,
       74, 65, 240, 241, 64, 71, 152, 33, 0, 66, 179, 66, 161, 98, 235,
