%YAML:1.0
---
descriptors: !!opencv-matrix
   rows: 359
   cols: 32
   dt: u
   data: [ 189, 75, 75, 190, 22, 131, 194, 112, 213, 128, 243, 194, 115,
       201, 177, 193, 120, 232, 14, 239, 105, 163, 12, 174, 176, 233,
       163, 24, 125, 187, 112, 8, 222, 199, 166, 190, 155, 176, 30, 204,
       183, 150, 134, 179, 109, 239, 111, 223, 247, 243, 239, 243, 126,
       71, 138, 255, 186, 243, 223, 219, 178, 247, 173, 79, 88, 188, 191,
       250, 171, 236, 85, 199, 175, 19, 166, 49, 191, 183, 96, 91, 163,
       115, 253, 16, 18, 77, 146, 225, 219, 243, 84, 11, 170, 80, 167,
       91, 220, 111, 202, 182, 242, 130, 126, 243, 48, 134, 78, 167, 93,
       231, 35, 80, 54, 239, 167, 230, 100, 218, 132, 110, 246, 167, 238,
       129, 37, 243, 174, 91, 104, 241, 185, 106, 141, 205, 87, 157, 235,
       169, 172, 8, 191, 221, 88, 50, 216, 192, 125, 88, 154, 43, 250,
       177, 235, 221, 5, 120, 194, 10, 210, 162, 56, 169, 189, 234, 141,
       205, 87, 252, 199, 185, 172, 8, 247, 249, 64, 18, 200, 240, 125,
       88, 27, 43, 219, 177, 235, 221, 133, 122, 210, 10, 210, 42, 17,
       207, 110, 207, 182, 131, 239, 244, 84, 8, 222, 230, 113, 96, 180,
       100, 126, 238, 14, 238, 217, 185, 45, 127, 56, 46, 167, 192, 61,
       186, 240, 45, 138, 95, 231, 191, 165, 16, 109, 215, 181, 86, 194,
       53, 236, 186, 33, 107, 234, 115, 59, 193, 165, 141, 55, 235, 37,
       114, 222, 2, 150, 244, 164, 236, 64, 185, 17, 241, 9, 204, 81, 23,
       160, 177, 162, 8, 182, 147, 64, 123, 0, 118, 120, 8, 11, 105, 243,
       1, 193, 186, 80, 56, 64, 0, 135, 42, 191, 124, 119, 100, 100, 62,
       94, 118, 113, 202, 124, 238, 59, 29, 149, 189, 190, 217, 21, 238,
       237, 182, 36, 206, 114, 219, 100, 128, 111, 245, 98, 249, 65, 31,
       239, 69, 164, 62, 175, 55, 124, 206, 94, 228, 241, 36, 150, 102,
       39, 70, 124, 47, 225, 248, 37, 106, 100, 47, 127, 128, 206, 244,
       241, 125, 79, 63, 196, 161, 186, 50, 62, 159, 43, 245, 26, 237,
       205, 38, 195, 158, 55, 71, 253, 180, 149, 88, 205, 72, 172, 86,
       175, 246, 174, 246, 139, 93, 3, 53, 178, 146, 223, 253, 177, 79,
       255, 209, 77, 31, 188, 249, 110, 12, 179, 43, 179, 17, 55, 233,
       154, 195, 63, 30, 22, 106, 202, 76, 161, 222, 25, 191, 83, 43,
       179, 139, 59, 255, 46, 77, 120, 229, 237, 231, 162, 212, 55, 59,
       198, 148, 19, 152, 13, 125, 236, 230, 39, 192, 250, 135, 163, 217,
       160, 224, 88, 88, 77, 201, 241, 70, 122, 17, 100, 24, 146, 153,
       68, 56, 200, 152, 98, 16, 27, 62, 242, 17, 87, 137, 80, 121, 217,
       24, 214, 170, 43, 181, 96, 90, 221, 149, 221, 239, 31, 53, 237,
       29, 40, 235, 30, 148, 221, 138, 211, 12, 214, 10, 122, 215, 63,
       28, 148, 126, 90, 12, 210, 222, 50, 195, 105, 202, 116, 129, 206,
       237, 87, 1, 120, 227, 35, 201, 188, 64, 218, 138, 7, 237, 74, 58,
       76, 63, 52, 12, 160, 40, 117, 154, 240, 136, 172, 180, 252, 225,
       188, 127, 90, 152, 87, 255, 189, 57, 219, 125, 91, 58, 221, 220,
       255, 58, 190, 102, 123, 146, 207, 223, 165, 253, 247, 251, 220,
       211, 248, 39, 216, 100, 116, 15, 94, 59, 113, 174, 124, 88, 143,
       41, 145, 17, 154, 140, 69, 40, 232, 254, 193, 14, 246, 255, 37,
       181, 98, 232, 78, 9, 131, 202, 10, 185, 119, 129, 186, 198, 158,
       73, 82, 215, 172, 202, 51, 200, 238, 43, 179, 149, 54, 156, 6,
       255, 140, 54, 154, 203, 156, 12, 57, 223, 198, 248, 253, 186, 111,
       205, 249, 204, 251, 209, 176, 137, 255, 221, 92, 59, 191, 217,
       255, 209, 194, 111, 218, 245, 223, 91, 95, 123, 196, 132, 39, 251,
       42, 121, 34, 202, 77, 221, 240, 68, 207, 101, 240, 11, 170, 156,
       119, 44, 200, 184, 243, 81, 78, 51, 242, 241, 23, 80, 130, 59, 83,
       31, 86, 222, 146, 145, 59, 248, 178, 196, 180, 103, 158, 25, 80,
       114, 188, 159, 36, 64, 238, 59, 147, 129, 114, 171, 18, 215, 227,
       225, 58, 75, 80, 0, 173, 155, 9, 174, 16, 219, 249, 137, 32, 223,
       222, 57, 104, 112, 166, 211, 96, 132, 1, 58, 106, 24, 35, 120, 74,
       55, 172, 150, 55, 104, 218, 8, 129, 169, 77, 19, 223, 69, 164, 62,
       111, 24, 105, 202, 127, 100, 211, 115, 153, 250, 22, 68, 124, 110,
       149, 176, 189, 74, 230, 255, 101, 132, 202, 243, 74, 49, 60, 115,
       115, 231, 119, 91, 126, 120, 111, 236, 127, 110, 79, 199, 161,
       180, 62, 252, 198, 106, 193, 177, 61, 220, 255, 221, 37, 167, 127,
       191, 79, 245, 162, 168, 169, 154, 205, 241, 176, 199, 159, 87, 84,
       155, 168, 204, 118, 12, 201, 59, 147, 149, 22, 126, 254, 243, 95,
       80, 222, 107, 213, 12, 215, 222, 161, 73, 123, 95, 100, 207, 235,
       216, 94, 72, 118, 66, 48, 209, 181, 108, 90, 40, 2, 74, 131, 176,
       46, 121, 69, 24, 34, 0, 87, 187, 100, 233, 191, 93, 106, 234, 197,
       245, 223, 84, 85, 238, 244, 63, 43, 156, 183, 165, 236, 187, 151,
       231, 237, 183, 52, 250, 115, 217, 138, 171, 127, 221, 254, 255,
       117, 201, 156, 234, 77, 132, 203, 216, 239, 208, 237, 10, 219,
       219, 116, 114, 236, 165, 127, 216, 203, 35, 219, 208, 223, 249,
       139, 124, 25, 10, 98, 32, 237, 148, 229, 199, 229, 62, 79, 184,
       83, 250, 27, 94, 217, 124, 217, 191, 93, 198, 52, 47, 189, 246,
       253, 138, 47, 126, 229, 244, 142, 255, 208, 244, 48, 205, 81, 79,
       95, 91, 198, 228, 85, 160, 234, 10, 114, 80, 4, 180, 88, 252, 194,
       98, 72, 179, 109, 63, 49, 164, 1, 19, 115, 59, 86, 174, 110, 180,
       249, 154, 203, 112, 176, 203, 147, 83, 189, 186, 140, 254, 78, 62,
       107, 219, 226, 145, 55, 107, 238, 211, 95, 54, 219, 111, 211, 97,
       175, 215, 53, 199, 105, 237, 254, 11, 239, 248, 86, 234, 248, 238,
       83, 233, 249, 32, 127, 204, 54, 111, 233, 114, 109, 30, 252, 207,
       167, 180, 125, 251, 208, 177, 221, 117, 83, 100, 114, 74, 55, 232,
       249, 226, 123, 42, 95, 241, 173, 180, 50, 252, 68, 98, 97, 181,
       172, 78, 48, 174, 37, 7, 111, 115, 103, 163, 144, 89, 30, 245, 54,
       142, 48, 119, 252, 8, 98, 80, 183, 155, 33, 65, 166, 49, 78, 80,
       99, 141, 18, 47, 225, 235, 58, 1, 8, 24, 169, 11, 49, 71, 103, 77,
       20, 27, 238, 124, 92, 224, 250, 226, 211, 8, 181, 164, 122, 140,
       94, 111, 205, 176, 101, 158, 38, 76, 163, 148, 127, 190, 88, 172,
       117, 95, 87, 79, 0, 6, 111, 188, 112, 138, 107, 68, 115, 115, 137,
       115, 52, 228, 100, 110, 233, 240, 189, 44, 96, 170, 101, 0, 104,
       242, 98, 33, 19, 96, 198, 141, 77, 27, 168, 72, 111, 240, 210, 79,
       202, 200, 215, 238, 120, 172, 126, 245, 141, 243, 199, 216, 148,
       56, 203, 182, 79, 44, 121, 132, 73, 223, 189, 191, 189, 205, 93,
       191, 223, 125, 158, 29, 255, 254, 114, 98, 197, 103, 127, 5, 223,
       105, 243, 181, 239, 251, 254, 216, 26, 12, 149, 123, 47, 188, 185,
       121, 189, 253, 144, 218, 239, 121, 188, 92, 158, 154, 68, 186,
       205, 27, 253, 17, 159, 107, 250, 243, 139, 221, 27, 127, 216, 65,
       203, 215, 106, 176, 252, 249, 107, 141, 121, 87, 171, 59, 246,
       125, 58, 159, 68, 155, 236, 191, 255, 1, 139, 126, 210, 209, 87,
       251, 248, 250, 111, 140, 218, 155, 31, 15, 126, 175, 178, 139,
       191, 248, 189, 196, 255, 167, 205, 239, 171, 64, 118, 247, 255,
       230, 244, 145, 45, 254, 250, 231, 47, 192, 175, 247, 165, 209,
       186, 176, 240, 82, 105, 221, 89, 65, 187, 127, 165, 25, 10, 143,
       78, 159, 141, 155, 199, 22, 94, 103, 250, 209, 83, 217, 80, 59,
       115, 133, 206, 246, 54, 112, 123, 236, 95, 207, 219, 104, 173, 4,
       241, 11, 42, 223, 37, 16, 252, 185, 151, 226, 72, 163, 16, 221,
       83, 140, 139, 63, 117, 43, 102, 178, 9, 157, 63, 247, 48, 175,
       121, 55, 60, 235, 127, 84, 191, 55, 128, 113, 132, 54, 95, 8, 241,
       184, 113, 15, 207, 191, 48, 192, 74, 192, 195, 59, 220, 215, 127,
       239, 178, 74, 119, 189, 61, 228, 255, 167, 223, 255, 170, 81, 118,
       245, 239, 98, 248, 177, 173, 174, 250, 231, 39, 151, 38, 186, 165,
       115, 194, 63, 249, 149, 226, 42, 189, 55, 58, 238, 114, 255, 213,
       44, 214, 89, 55, 127, 39, 5, 161, 248, 167, 74, 124, 34, 127, 160,
