%YAML:1.0
---
descriptors: !!opencv-matrix
   rows: 202
   cols: 32
   dt: u
   data: [ 100, 232, 188, 49, 141, 205, 85, 175, 219, 183, 36, 24, 134,
       176, 64, 59, 129, 66, 104, 17, 122, 104, 219, 48, 205, 146, 85,
       127, 192, 88, 215, 46, 143, 221, 252, 243, 246, 250, 127, 191,
       127, 246, 126, 182, 249, 126, 158, 97, 127, 255, 255, 223, 247,
       252, 255, 247, 110, 251, 247, 196, 167, 246, 237, 253, 127, 221,
       244, 230, 255, 119, 254, 254, 119, 238, 190, 11, 217, 127, 223,
       100, 127, 215, 255, 238, 252, 123, 125, 255, 127, 255, 199, 157,
       231, 247, 228, 87, 156, 85, 45, 167, 180, 71, 175, 184, 20, 238,
       155, 71, 213, 125, 57, 96, 221, 81, 31, 227, 233, 144, 121, 190,
       233, 135, 175, 148, 60, 123, 21, 115, 209, 25, 63, 245, 36, 207,
       117, 182, 252, 136, 66, 32, 183, 51, 33, 97, 162, 55, 60, 64, 240,
       169, 49, 63, 225, 235, 114, 16, 32, 8, 5, 43, 66, 164, 134, 149,
       205, 224, 180, 199, 254, 155, 18, 83, 204, 248, 92, 143, 233, 103,
       235, 145, 54, 253, 130, 225, 13, 54, 223, 195, 193, 117, 189, 134,
       205, 127, 209, 95, 176, 62, 79, 188, 118, 238, 119, 100, 219, 226,
       155, 240, 23, 108, 36, 110, 227, 212, 45, 63, 226, 255, 37, 132,
       90, 247, 64, 117, 114, 163, 38, 138, 237, 31, 208, 205, 175, 61,
       153, 15, 142, 136, 126, 134, 201, 135, 239, 85, 158, 107, 203,
       245, 159, 52, 159, 255, 197, 14, 190, 207, 238, 22, 182, 222, 173,
       117, 219, 152, 155, 255, 191, 188, 236, 255, 223, 190, 223, 215,
       255, 211, 179, 103, 251, 226, 219, 247, 239, 255, 134, 127, 31,
       119, 101, 103, 105, 101, 116, 95, 254, 56, 105, 236, 123, 237,
       211, 44, 151, 48, 186, 76, 69, 111, 205, 240, 237, 12, 102, 125,
       37, 133, 76, 254, 86, 245, 149, 79, 71, 207, 124, 3, 239, 248, 86,
       224, 219, 198, 81, 232, 181, 96, 126, 236, 62, 238, 237, 247, 47,
       250, 52, 46, 231, 132, 61, 251, 112, 180, 193, 138, 255, 241, 172,
       169, 105, 150, 254, 243, 118, 244, 189, 163, 208, 107, 103, 103,
       126, 28, 179, 124, 231, 241, 204, 251, 254, 128, 140, 208, 193,
       57, 74, 188, 148, 218, 237, 252, 84, 207, 187, 187, 172, 24, 174,
       247, 76, 255, 227, 247, 238, 16, 19, 75, 218, 241, 191, 255, 87,
       123, 146, 84, 203, 47, 129, 206, 255, 255, 228, 170, 109, 23, 254,
       123, 118, 244, 189, 163, 144, 107, 103, 47, 126, 140, 179, 252,
       103, 197, 204, 251, 118, 192, 156, 200, 129, 169, 133, 106, 221,
       251, 108, 161, 233, 216, 127, 115, 115, 246, 221, 203, 217, 105,
       111, 141, 126, 158, 163, 116, 239, 242, 220, 219, 251, 204, 253,
       185, 97, 161, 133, 227, 77, 239, 236, 8, 237, 253, 236, 80, 243,
       230, 219, 203, 216, 99, 110, 229, 126, 239, 201, 114, 239, 225,
       244, 169, 239, 136, 109, 178, 224, 32, 181, 77, 111, 207, 108, 7,
       239, 248, 85, 226, 254, 70, 113, 105, 177, 100, 126, 236, 54, 238,
       233, 246, 125, 238, 118, 174, 167, 0, 109, 187, 112, 168, 61, 213,
       112, 75, 245, 31, 119, 185, 125, 192, 127, 12, 203, 83, 142, 244,
       86, 156, 204, 110, 249, 176, 121, 222, 231, 253, 5, 7, 122, 158,
       202, 39, 183, 230, 230, 31, 237, 50, 156, 234, 93, 214, 181, 183,
       202, 104, 31, 143, 249, 197, 223, 167, 236, 231, 111, 238, 190,
       90, 223, 159, 77, 125, 251, 214, 253, 59, 184, 118, 233, 92, 85,
       240, 169, 254, 181, 29, 159, 247, 75, 27, 132, 239, 109, 78, 200,
       99, 250, 32, 211, 249, 117, 58, 98, 245, 71, 115, 10, 189, 190,
       187, 255, 233, 183, 231, 159, 53, 92, 51, 172, 255, 98, 0, 235,
       123, 163, 16, 114, 88, 58, 247, 239, 215, 95, 107, 146, 92, 133,
       235, 159, 253, 254, 247, 183, 223, 255, 254, 127, 238, 118, 179,
       127, 125, 159, 108, 127, 255, 255, 207, 248, 252, 253, 255, 255,
       255, 255, 193, 231, 253, 221, 113, 126, 221, 246, 238, 253, 119,
       222, 238, 119, 170, 250, 11, 75, 249, 125, 196, 255, 223, 255,
       227, 248, 247, 217, 254, 191, 254, 199, 111, 247, 255, 224, 134,
       159, 253, 124, 255, 255, 127, 255, 254, 127, 238, 255, 183, 255,
       127, 159, 245, 127, 255, 255, 255, 173, 242, 125, 255, 255, 255,
       239, 197, 231, 255, 239, 245, 172, 114, 249, 115, 100, 93, 115,
       216, 115, 239, 117, 28, 31, 221, 91, 56, 157, 216, 134, 30, 139,
       118, 248, 130, 207, 221, 53, 45, 227, 249, 198, 243, 219, 223, 70,
       189, 18, 130, 110, 183, 181, 64, 82, 231, 109, 34, 179, 195, 102,
       231, 181, 197, 237, 157, 5, 239, 240, 227, 254, 128, 61, 180, 169,
       25, 126, 237, 230, 231, 253, 31, 254, 253, 127, 174, 191, 139,
       105, 255, 95, 196, 255, 247, 255, 227, 252, 227, 79, 255, 191,
       223, 199, 151, 39, 255, 252, 215, 222, 26, 151, 244, 11, 226, 55,
       98, 172, 158, 211, 179, 237, 239, 33, 75, 166, 245, 237, 130, 40,
       197, 130, 200, 145, 227, 106, 131, 32, 113, 37, 115, 70, 190, 135,
       151, 205, 228, 164, 206, 254, 31, 83, 119, 228, 234, 108, 203,
       169, 79, 106, 147, 55, 105, 155, 225, 12, 50, 223, 79, 137, 80,
       181, 143, 116, 233, 17, 161, 240, 139, 70, 237, 32, 160, 232, 73,
       23, 195, 64, 16, 216, 204, 69, 124, 90, 154, 192, 45, 252, 164,
       37, 116, 96, 130, 194, 130, 191, 245, 233, 71, 212, 87, 79, 249,
       83, 226, 157, 142, 89, 127, 223, 49, 31, 204, 21, 238, 233, 82,
       125, 254, 107, 15, 237, 164, 191, 247, 242, 240, 237, 252, 237,
       101, 236, 94, 111, 183, 82, 234, 22, 92, 211, 53, 145, 111, 85,
       228, 124, 63, 249, 252, 253, 170, 109, 63, 229, 148, 142, 248,
       208, 112, 128, 221, 255, 222, 26, 192, 179, 198, 190, 85, 76, 50,
       188, 215, 166, 101, 99, 123, 187, 208, 35, 205, 58, 119, 125, 161,
       30, 75, 144, 0, 165, 250, 69, 125, 145, 65, 241, 110, 55, 150,
       121, 234, 98, 76, 222, 49, 69, 189, 145, 124, 80, 122, 49, 240,
       217, 106, 45, 190, 5, 102, 202, 113, 67, 151, 96, 169, 156, 48,
       142, 201, 16, 207, 218, 179, 32, 56, 182, 241, 65, 26, 129, 126,
       106, 16, 2, 121, 202, 49, 217, 150, 85, 55, 208, 104, 7, 10, 252,
       245, 253, 231, 189, 94, 94, 189, 115, 238, 189, 45, 255, 127, 91,
       178, 223, 214, 253, 238, 252, 210, 249, 170, 251, 223, 229, 183,
       38, 247, 206, 119, 98, 249, 26, 170, 90, 193, 155, 236, 174, 36,
       184, 169, 180, 223, 98, 16, 222, 213, 223, 193, 74, 11, 202, 245,
       241, 181, 139, 191, 16, 3, 39, 218, 222, 245, 61, 178, 173, 221,
       94, 248, 187, 127, 181, 61, 207, 254, 74, 55, 191, 219, 253, 243,
       255, 67, 250, 247, 251, 211, 207, 255, 178, 95, 135, 119, 130, 90,
       142, 155, 13, 180, 184, 198, 31, 87, 68, 151, 172, 138, 55, 201,
       196, 43, 179, 213, 38, 220, 82, 243, 6, 51, 218, 131, 156, 21, 57,
       222, 244, 86, 247, 87, 74, 90, 23, 56, 185, 182, 167, 184, 111,
       39, 133, 127, 39, 244, 236, 98, 96, 213, 169, 106, 51, 242, 69,
       23, 99, 241, 71, 101, 40, 236, 188, 95, 185, 253, 149, 143, 206,
       51, 172, 24, 190, 245, 68, 63, 129, 114, 234, 24, 50, 105, 250,
       113, 79, 159, 85, 127, 210, 88, 207, 170, 143, 78, 66, 199, 124,
       26, 111, 240, 61, 162, 246, 242, 201, 99, 151, 245, 122, 236, 255,
       238, 233, 244, 109, 238, 182, 254, 231, 132, 47, 253, 120, 164, 8,
       164, 189, 81, 173, 121, 245, 143, 255, 63, 190, 24, 138, 57, 92,
       47, 137, 82, 238, 24, 50, 109, 235, 113, 207, 219, 85, 119, 195,
       88, 199, 174, 145, 217, 55, 125, 36, 222, 237, 244, 252, 88, 114,
       80, 191, 28, 180, 225, 230, 33, 14, 106, 225, 173, 49, 255, 161,
       250, 66, 0, 88, 152, 97, 173, 118, 227, 42, 168, 253, 29, 210,
       205, 143, 237, 152, 15, 142, 204, 126, 16, 216, 133, 239, 117,
       158, 35, 227, 208, 187, 85, 15, 127, 212, 14, 254, 199, 182, 38,
       236, 159, 207, 122, 252, 234, 223, 247, 147, 151, 204, 104, 95,
       11, 235, 199, 255, 167, 172, 231, 111, 226, 150, 50, 223, 151,
       205, 125, 255, 214, 162, 150, 21, 89, 234, 47, 21, 239, 159, 55,
       161, 188, 198, 102, 44, 63, 151, 19, 226, 32, 115, 111, 123, 87,
