%YAML:1.0
---
descriptors: !!opencv-matrix
   rows: 135
   cols: 32
   dt: u
   data: [ 245, 90, 239, 239, 44, 14, 79, 17, 196, 202, 215, 102, 243,
       55, 177, 107, 78, 228, 60, 206, 233, 245, 229, 10, 244, 171, 230,
       144, 45, 250, 80, 57, 35, 159, 107, 139, 244, 135, 175, 255, 23,
       76, 88, 231, 181, 76, 181, 32, 126, 187, 23, 253, 243, 184, 100,
       127, 172, 28, 175, 192, 29, 138, 177, 249, 122, 149, 112, 224,
       125, 245, 90, 115, 7, 173, 220, 11, 46, 159, 102, 68, 222, 191,
       151, 145, 30, 58, 209, 220, 191, 213, 128, 251, 54, 142, 28, 95,
       139, 80, 98, 89, 119, 151, 168, 88, 94, 72, 116, 86, 232, 200,
       182, 236, 126, 41, 146, 173, 167, 180, 52, 223, 6, 31, 147, 135,
       95, 141, 105, 213, 30, 2, 166, 177, 163, 54, 60, 199, 60, 31, 146,
       183, 141, 14, 107, 203, 231, 11, 175, 149, 86, 217, 1, 192, 130,
       211, 254, 199, 134, 84, 173, 95, 78, 49, 176, 210, 253, 221, 18,
       73, 31, 173, 5, 27, 142, 220, 111, 8, 145, 155, 155, 17, 22, 62,
       216, 210, 223, 149, 29, 127, 146, 13, 157, 66, 51, 195, 71, 204,
       22, 131, 205, 117, 7, 33, 211, 194, 113, 139, 176, 96, 126, 172,
       55, 137, 217, 155, 37, 157, 176, 46, 186, 192, 61, 138, 240, 41,
       169, 253, 51, 122, 83, 141, 115, 240, 251, 72, 104, 76, 62, 209,
       96, 180, 164, 56, 70, 74, 227, 47, 186, 127, 49, 220, 0, 42, 74,
       19, 67, 171, 14, 157, 16, 139, 245, 179, 178, 205, 30, 13, 89, 35,
       236, 124, 63, 64, 217, 27, 147, 241, 22, 176, 105, 253, 45, 22,
       143, 199, 148, 95, 181, 199, 43, 216, 232, 158, 110, 157, 191,
       212, 155, 79, 84, 231, 188, 220, 246, 96, 206, 107, 151, 71, 199,
       46, 174, 243, 102, 125, 58, 170, 95, 159, 151, 223, 195, 134, 164,
       21, 164, 14, 173, 63, 188, 119, 30, 213, 237, 42, 150, 71, 39, 7,
       121, 173, 245, 200, 23, 215, 172, 62, 223, 196, 142, 228, 217, 92,
       153, 145, 234, 248, 166, 146, 237, 81, 212, 75, 247, 246, 81, 215,
       186, 96, 126, 168, 30, 140, 217, 151, 36, 194, 210, 239, 186, 192,
       61, 136, 240, 225, 42, 253, 178, 155, 245, 245, 190, 206, 31, 77,
       124, 35, 172, 253, 126, 132, 255, 123, 147, 145, 22, 186, 56, 255,
       47, 85, 159, 235, 151, 94, 173, 223, 254, 98, 114, 110, 73, 85,
       214, 72, 129, 172, 181, 43, 10, 220, 111, 182, 220, 241, 207, 98,
       76, 39, 232, 184, 179, 209, 1, 59, 115, 63, 110, 199, 24, 53, 187,
       229, 162, 110, 125, 23, 60, 227, 110, 48, 159, 55, 65, 122, 54,
       31, 108, 136, 25, 216, 241, 64, 197, 199, 118, 0, 224, 224, 167,
       123, 86, 48, 145, 224, 139, 96, 17, 138, 171, 179, 138, 40, 158,
       183, 73, 254, 135, 215, 253, 144, 27, 67, 219, 64, 153, 246, 95,
       126, 136, 115, 39, 50, 173, 124, 249, 101, 100, 47, 79, 50, 81,
       234, 117, 8, 51, 57, 147, 57, 29, 236, 20, 110, 233, 246, 121, 42,
       71, 203, 101, 176, 107, 249, 82, 249, 222, 20, 190, 245, 169, 126,
       120, 10, 185, 222, 183, 49, 207, 62, 79, 219, 231, 213, 253, 51,
       164, 197, 187, 194, 131, 251, 123, 151, 130, 117, 45, 83, 86, 223,
       173, 181, 138, 102, 157, 142, 190, 215, 130, 183, 253, 110, 67,
       75, 167, 119, 249, 149, 180, 73, 187, 234, 233, 99, 255, 215, 140,
       113, 165, 91, 163, 172, 237, 95, 205, 189, 205, 183, 90, 247, 28,
       159, 241, 44, 94, 43, 205, 106, 51, 159, 191, 124, 127, 179, 47,
       91, 221, 112, 221, 220, 216, 220, 55, 197, 237, 78, 220, 119, 207,
       252, 66, 242, 189, 14, 83, 108, 223, 35, 89, 194, 83, 255, 253,
       99, 127, 168, 107, 15, 197, 60, 213, 255, 208, 244, 163, 184, 172,
       31, 77, 157, 232, 134, 94, 115, 64, 93, 160, 232, 86, 169, 201,
       106, 50, 93, 183, 120, 223, 177, 14, 95, 213, 120, 216, 12, 216,
       156, 88, 141, 126, 101, 114, 238, 113, 55, 173, 13, 126, 8, 63,
       63, 2, 113, 162, 183, 205, 8, 16, 184, 32, 13, 247, 237, 32, 65,
       98, 192, 71, 43, 75, 50, 114, 100, 97, 20, 88, 88, 33, 204, 214,
       173, 57, 159, 214, 182, 182, 189, 245, 141, 140, 195, 166, 205,
       83, 249, 104, 139, 38, 132, 38, 127, 245, 122, 241, 224, 124, 13,
       82, 80, 235, 232, 176, 104, 23, 153, 209, 58, 142, 240, 93, 94,
       139, 39, 192, 128, 219, 217, 33, 188, 200, 187, 82, 35, 253, 165,
       237, 229, 188, 74, 79, 187, 119, 226, 254, 198, 115, 105, 155,
       114, 123, 198, 124, 175, 253, 247, 239, 62, 250, 239, 229, 148,
       237, 250, 112, 80, 246, 116, 18, 172, 25, 237, 18, 72, 187, 172,
       169, 25, 110, 222, 105, 16, 248, 185, 203, 99, 110, 39, 154, 223,
       145, 212, 11, 63, 80, 47, 39, 134, 17, 207, 79, 237, 20, 10, 111,
       61, 100, 224, 250, 70, 115, 35, 176, 96, 122, 228, 28, 238, 201,
       177, 29, 13, 240, 173, 166, 128, 45, 178, 224, 40, 246, 249, 50,
       190, 25, 221, 18, 232, 175, 156, 160, 9, 238, 222, 103, 86, 192,
       121, 251, 83, 78, 7, 218, 255, 185, 212, 15, 59, 16, 47, 47, 95,
       122, 163, 56, 250, 201, 245, 221, 239, 143, 21, 188, 155, 44, 239,
       110, 16, 205, 155, 239, 145, 26, 75, 90, 213, 251, 213, 158, 251,
       147, 12, 164, 250, 188, 105, 122, 110, 27, 219, 86, 232, 193, 132,
       164, 11, 115, 221, 47, 49, 152, 249, 213, 98, 76, 35, 120, 61,
       243, 201, 5, 59, 113, 187, 78, 194, 88, 48, 188, 240, 10, 173, 25,
       18, 166, 123, 166, 93, 151, 151, 64, 122, 133, 151, 253, 16, 11,
       79, 211, 16, 219, 195, 121, 122, 168, 64, 3, 51, 11, 221, 122,
       219, 244, 215, 251, 247, 31, 73, 94, 38, 184, 223, 182, 96, 255,
       43, 151, 145, 179, 152, 56, 255, 111, 127, 190, 194, 150, 158,
       245, 249, 244, 96, 122, 238, 79, 65, 82, 200, 137, 128, 161, 11,
       119, 217, 41, 16, 218, 241, 91, 99, 76, 39, 10, 184, 243, 217, 1,
       63, 81, 59, 110, 130, 93, 146, 158, 181, 172, 46, 108, 186, 232,
       155, 34, 84, 223, 99, 3, 219, 197, 69, 108, 44, 189, 193, 155, 8,
       202, 251, 119, 20, 136, 224, 105, 1, 42, 253, 178, 219, 245, 215,
       190, 198, 95, 77, 92, 35, 172, 220, 118, 132, 255, 123, 147, 211,
       198, 186, 56, 255, 111, 95, 159, 235, 215, 30, 253, 223, 27, 151,
       121, 169, 242, 2, 189, 255, 56, 123, 92, 247, 29, 63, 182, 32, 39,
       159, 151, 165, 243, 24, 164, 215, 126, 111, 250, 230, 189, 132,
       163, 249, 83, 104, 165, 133, 12, 94, 237, 134, 234, 226, 130, 136,
       145, 28, 213, 238, 66, 100, 120, 207, 141, 69, 247, 224, 133, 62,
       223, 16, 140, 53, 17, 124, 81, 135, 205, 231, 150, 2, 105, 61,
       102, 241, 91, 230, 113, 35, 216, 98, 127, 134, 62, 157, 217, 248,
       141, 192, 220, 172, 175, 196, 173, 138, 241, 57, 51, 195, 99, 207,
       52, 130, 235, 53, 4, 1, 211, 198, 113, 193, 184, 100, 126, 168,
       31, 205, 219, 187, 37, 157, 176, 44, 170, 192, 53, 138, 240, 40,
       82, 154, 142, 179, 163, 132, 56, 135, 47, 93, 90, 167, 172, 46,
       71, 92, 231, 3, 191, 149, 22, 24, 3, 224, 156, 118, 158, 199, 140,
       84, 173, 95, 5, 161, 97, 168, 252, 181, 235, 216, 68, 72, 253, 70,
       145, 200, 253, 32, 92, 136, 23, 253, 159, 58, 108, 212, 126, 92,
       163, 236, 253, 143, 112, 245, 39, 113, 249, 66, 125, 93, 255, 216,
       203, 233, 188, 10, 24, 157, 221, 54, 220, 220, 83, 88, 130, 35,
       248, 224, 127, 221, 133, 62, 195, 251, 86, 247, 188, 102, 24, 160,
       172, 47, 82, 216, 18, 190, 189, 29, 195, 65, 75, 25, 217, 200, 68,
       118, 46, 102, 73, 18, 218, 197, 37, 125, 240, 251, 78, 67, 128,
       159, 79, 191, 44, 134, 175, 182, 156, 90, 90, 230, 245, 38, 176,
       67, 110, 119, 63, 231, 225, 153, 79, 125, 36, 42, 238, 128, 28,
       248, 48, 185, 184, 205, 99, 94, 29, 213, 214, 228, 209, 12, 180,
       11, 34, 253, 54, 53, 200, 242, 196, 67, 126, 43, 104, 191, 123,
       253, 132, 123, 115, 30, 214, 78, 170, 157, 32, 184, 93, 213, 176,
       103, 159, 12, 196, 27, 172, 158, 54, 193, 200, 59, 147, 129, 118,
       15, 18, 223, 191, 81, 154, 123, 18, 12, 61, 206, 37, 188, 233, 65,
       220, 127, 235, 154, 82, 239, 93, 92, 145, 101, 223, 44, 93, 76,
       51, 30, 155, 112, 253, 18, 79, 29, 165, 228, 205, 203, 86, 240,
