%YAML:1.0
---
descriptors: !!opencv-matrix
   rows: 153
   cols: 32
   dt: u
   data: [ 208, 73, 87, 237, 6, 10, 79, 33, 36, 32, 226, 2, 83, 35, 32,
       115, 112, 196, 56, 234, 104, 145, 97, 45, 241, 234, 194, 0, 37,
       186, 224, 32, 61, 148, 228, 119, 149, 95, 85, 191, 83, 243, 53,
       26, 91, 125, 94, 47, 153, 198, 53, 61, 253, 248, 121, 158, 107,
       223, 213, 119, 239, 252, 218, 118, 230, 177, 225, 18, 223, 253,
       146, 203, 155, 245, 185, 191, 10, 220, 127, 156, 157, 155, 211,
       81, 190, 107, 186, 243, 59, 84, 141, 255, 215, 76, 214, 246, 33,
       129, 115, 65, 84, 223, 227, 21, 125, 37, 126, 64, 211, 1, 148,
       244, 120, 190, 102, 88, 155, 184, 117, 47, 39, 190, 0, 64, 99,
       138, 198, 168, 9, 189, 31, 101, 240, 175, 127, 119, 45, 193, 110,
       8, 255, 55, 0, 49, 181, 55, 86, 44, 17, 184, 17, 29, 239, 223, 80,
       64, 74, 130, 195, 184, 240, 186, 28, 112, 232, 173, 81, 87, 235,
       29, 176, 24, 55, 147, 64, 59, 161, 179, 76, 16, 26, 111, 130, 16,
       219, 217, 112, 120, 224, 0, 199, 43, 210, 172, 59, 186, 155, 225,
       25, 227, 191, 21, 137, 185, 44, 223, 96, 18, 163, 123, 249, 145,
       50, 79, 138, 119, 217, 150, 31, 123, 16, 0, 167, 123, 205, 22,
       191, 247, 32, 44, 121, 16, 56, 250, 119, 116, 255, 247, 201, 123,
       183, 87, 125, 58, 161, 84, 187, 106, 199, 251, 115, 128, 128, 241,
       35, 115, 49, 77, 79, 206, 20, 135, 79, 112, 196, 0, 235, 134, 115,
       227, 48, 100, 90, 226, 26, 238, 105, 171, 124, 189, 113, 172, 130,
       8, 61, 170, 112, 32, 55, 191, 98, 138, 252, 159, 206, 248, 198,
       192, 216, 231, 99, 232, 191, 160, 94, 234, 22, 127, 222, 171, 28,
       189, 56, 12, 173, 248, 125, 191, 120, 132, 44, 117, 57, 231, 116,
       79, 87, 152, 33, 232, 127, 8, 215, 87, 9, 48, 144, 220, 85, 106,
       73, 240, 217, 10, 231, 221, 37, 52, 72, 187, 70, 179, 190, 193,
       103, 154, 191, 83, 158, 200, 159, 92, 145, 179, 73, 204, 63, 207,
       254, 217, 223, 247, 231, 231, 46, 245, 51, 73, 239, 207, 87, 255,
       189, 247, 215, 86, 229, 151, 142, 50, 143, 184, 218, 246, 159,
       230, 208, 108, 223, 111, 127, 196, 122, 175, 229, 87, 255, 202,
       60, 10, 255, 148, 189, 255, 113, 117, 66, 152, 191, 147, 169, 232,
       189, 135, 174, 255, 10, 177, 140, 182, 68, 78, 167, 119, 235, 145,
       18, 201, 163, 226, 141, 54, 94, 199, 128, 84, 133, 127, 66, 181,
       151, 240, 147, 228, 49, 135, 184, 25, 2, 80, 156, 183, 72, 94,
       231, 119, 121, 16, 51, 201, 146, 98, 201, 182, 94, 74, 128, 64,
       165, 59, 80, 144, 190, 252, 203, 228, 53, 207, 174, 19, 98, 18,
       124, 255, 42, 90, 167, 83, 123, 128, 18, 201, 146, 97, 121, 167,
       94, 75, 152, 80, 165, 155, 56, 249, 57, 120, 91, 205, 81, 246,
       167, 29, 172, 8, 62, 159, 64, 16, 169, 187, 71, 64, 74, 43, 82,
       117, 251, 221, 16, 123, 114, 0, 102, 171, 2, 222, 18, 155, 91,
       185, 188, 206, 159, 53, 88, 183, 172, 206, 46, 197, 255, 59, 163,
       128, 38, 216, 26, 247, 46, 86, 30, 239, 26, 92, 173, 159, 109, 99,
       184, 109, 96, 14, 123, 24, 104, 140, 119, 77, 87, 3, 11, 82, 180,
       68, 108, 110, 128, 112, 137, 0, 231, 233, 32, 5, 64, 179, 74, 67,
       49, 205, 15, 206, 28, 134, 78, 224, 196, 0, 234, 2, 115, 192, 49,
       96, 120, 170, 26, 238, 75, 171, 90, 61, 177, 172, 130, 8, 57, 42,
       112, 40, 172, 103, 148, 101, 125, 31, 86, 56, 123, 172, 245, 93,
       207, 105, 11, 144, 152, 196, 204, 110, 108, 246, 73, 190, 230,
       219, 37, 181, 74, 189, 74, 131, 87, 157, 67, 174, 246, 146, 238,
       246, 177, 200, 219, 231, 121, 238, 178, 224, 126, 231, 29, 239,
       253, 155, 44, 238, 176, 46, 175, 128, 45, 247, 56, 85, 123, 103,
       236, 71, 118, 19, 207, 120, 83, 239, 247, 174, 67, 108, 159, 180,
       122, 204, 244, 110, 172, 242, 237, 174, 126, 111, 229, 145, 103,
       191, 122, 197, 1, 159, 62, 124, 117, 188, 249, 51, 237, 73, 126,
       84, 190, 189, 52, 96, 164, 34, 23, 12, 145, 185, 32, 239, 71, 253,
       48, 194, 74, 200, 217, 185, 95, 213, 229, 199, 142, 114, 143, 184,
       82, 246, 159, 246, 216, 108, 223, 239, 95, 196, 125, 255, 233, 97,
       255, 234, 44, 46, 239, 180, 167, 255, 208, 116, 15, 221, 230, 215,
       247, 50, 190, 239, 123, 83, 87, 178, 104, 254, 254, 239, 183, 95,
       179, 147, 246, 216, 63, 227, 47, 126, 223, 199, 135, 215, 233,
       189, 182, 251, 227, 138, 239, 33, 159, 216, 155, 252, 185, 239,
       72, 205, 255, 12, 127, 203, 199, 247, 194, 99, 174, 240, 56, 20,
       143, 255, 247, 255, 246, 245, 101, 34, 217, 229, 228, 46, 104, 25,
       105, 171, 243, 88, 215, 35, 217, 122, 89, 196, 102, 58, 145, 242,
       201, 192, 140, 184, 231, 68, 200, 235, 82, 160, 134, 214, 63, 159,
       44, 34, 189, 104, 188, 94, 215, 183, 236, 103, 174, 75, 247, 67,
       235, 166, 96, 197, 43, 253, 64, 50, 250, 131, 16, 65, 37, 243, 70,
       187, 190, 147, 170, 192, 185, 167, 170, 159, 23, 181, 236, 230,
       202, 74, 167, 87, 235, 17, 18, 73, 139, 225, 93, 50, 126, 203,
       128, 84, 165, 123, 100, 113, 25, 103, 56, 79, 71, 184, 98, 168,
       173, 104, 215, 83, 201, 48, 144, 220, 76, 106, 73, 114, 233, 30,
       239, 221, 37, 52, 64, 179, 70, 35, 190, 70, 100, 218, 239, 51,
       206, 216, 85, 22, 117, 50, 73, 105, 189, 141, 127, 210, 151, 234,
       168, 231, 43, 191, 82, 219, 197, 133, 247, 255, 124, 160, 38, 141,
       26, 170, 212, 167, 146, 227, 22, 13, 73, 3, 116, 235, 32, 64, 217,
       58, 2, 48, 22, 186, 24, 191, 43, 134, 130, 67, 145, 74, 252, 134,
       157, 69, 61, 237, 52, 15, 75, 56, 116, 224, 155, 64, 215, 49, 25,
       97, 22, 132, 93, 111, 233, 160, 89, 30, 225, 143, 35, 20, 124,
       186, 81, 32, 37, 173, 97, 68, 213, 111, 199, 253, 83, 226, 108,
       72, 18, 241, 253, 52, 89, 202, 18, 126, 251, 50, 124, 26, 45, 156,
       5, 44, 219, 250, 210, 172, 82, 167, 158, 191, 26, 192, 61, 239,
       182, 149, 94, 163, 229, 231, 106, 66, 55, 255, 173, 129, 66, 73,
       139, 117, 248, 227, 255, 141, 36, 32, 165, 75, 248, 32, 145, 112,
       45, 221, 81, 67, 235, 113, 160, 24, 159, 155, 64, 187, 129, 128,
       124, 24, 31, 111, 242, 16, 219, 217, 80, 121, 226, 8, 70, 98, 120,
       89, 116, 110, 109, 221, 82, 48, 193, 12, 180, 41, 58, 223, 35,
       213, 206, 176, 237, 106, 72, 35, 114, 189, 211, 249, 96, 57, 114,
       175, 70, 75, 113, 77, 105, 165, 20, 2, 111, 48, 20, 226, 219, 198,
       243, 47, 145, 96, 124, 236, 29, 239, 237, 146, 117, 46, 244, 239,
       175, 128, 45, 251, 112, 80, 188, 230, 126, 82, 141, 219, 86, 232,
       225, 118, 165, 157, 75, 76, 31, 187, 153, 192, 204, 110, 236, 231,
       110, 181, 51, 219, 69, 87, 99, 159, 206, 214, 21, 71, 108, 33, 52,
       26, 111, 152, 108, 204, 254, 229, 215, 72, 155, 96, 214, 69, 124,
       127, 205, 176, 101, 12, 238, 235, 39, 148, 76, 185, 89, 81, 105,
       50, 172, 167, 44, 30, 95, 48, 35, 238, 151, 173, 215, 45, 219, 18,
       148, 197, 253, 103, 204, 208, 225, 8, 206, 243, 237, 145, 44, 255,
       30, 83, 121, 172, 155, 97, 20, 239, 99, 23, 114, 1, 238, 24, 243,
       241, 0, 48, 25, 174, 64, 24, 57, 184, 241, 63, 239, 175, 48, 81,
       200, 10, 194, 170, 55, 102, 236, 103, 30, 27, 222, 120, 80, 238,
       255, 239, 83, 108, 159, 163, 127, 196, 221, 239, 172, 243, 109,
       14, 250, 239, 229, 149, 101, 235, 94, 197, 124, 178, 168, 161,
       169, 95, 88, 152, 35, 252, 149, 189, 207, 47, 83, 154, 149, 213,
       253, 53, 156, 86, 233, 144, 207, 209, 173, 245, 162, 166, 30, 83,
       182, 119, 109, 175, 142, 19, 158, 233, 22, 246, 145, 231, 195, 76,
       155, 139, 223, 197, 255, 231, 236, 103, 111, 152, 184, 195, 239,
       181, 53, 127, 21, 81, 182, 247, 101, 187, 158, 7, 143, 216, 158,
       246, 144, 215, 79, 76, 125, 139, 127, 209, 223, 247, 234, 103,
       127, 158, 185, 195, 239, 190, 21, 255, 181, 245, 86, 178, 156,
       178, 184, 36, 25, 141, 171, 61, 147, 189, 205, 230, 74, 90, 151,
       87, 253, 149, 18, 67, 203, 225, 153, 242, 255, 255, 128, 71, 165,
