%YAML:1.0
---
descriptors: !!opencv-matrix
   rows: 113
   cols: 32
   dt: u
   data: [ 45, 121, 97, 69, 84, 95, 231, 48, 113, 224, 122, 72, 211, 48,
       149, 180, 24, 236, 86, 110, 201, 176, 253, 12, 37, 12, 37, 52,
       111, 187, 82, 244, 98, 190, 148, 178, 169, 189, 20, 135, 159, 63,
       136, 125, 174, 184, 64, 155, 133, 51, 236, 17, 30, 75, 218, 177,
       155, 210, 84, 123, 152, 76, 143, 31, 2, 29, 50, 158, 253, 215,
       182, 109, 159, 12, 89, 3, 236, 252, 39, 192, 252, 59, 131, 1, 102,
       186, 90, 255, 61, 54, 143, 11, 21, 110, 189, 214, 79, 48, 239,
       101, 54, 86, 121, 56, 103, 248, 87, 167, 217, 95, 159, 110, 54,
       221, 189, 255, 197, 208, 173, 204, 79, 251, 235, 196, 47, 166,
       112, 245, 82, 221, 190, 204, 251, 118, 63, 239, 189, 127, 206, 19,
       204, 190, 39, 107, 247, 215, 191, 209, 116, 219, 177, 226, 251,
       247, 222, 71, 128, 85, 165, 95, 27, 219, 226, 8, 83, 150, 58, 236,
       239, 69, 238, 135, 104, 206, 54, 244, 54, 169, 155, 212, 198, 137,
       52, 221, 27, 125, 3, 67, 63, 134, 45, 94, 193, 148, 23, 95, 33,
       188, 100, 55, 253, 91, 103, 84, 254, 51, 0, 255, 165, 38, 120, 8,
       177, 252, 179, 237, 135, 250, 80, 2, 74, 64, 171, 45, 225, 166,
       108, 69, 52, 26, 96, 55, 97, 166, 246, 252, 163, 33, 150, 55, 8,
       166, 108, 44, 188, 252, 229, 13, 166, 250, 240, 17, 110, 172, 90,
       12, 1, 48, 113, 211, 108, 157, 233, 52, 239, 123, 117, 84, 185,
       156, 212, 175, 111, 168, 126, 12, 177, 124, 254, 241, 14, 152,
       242, 232, 206, 137, 67, 253, 207, 114, 232, 67, 99, 95, 251, 152,
       107, 254, 53, 173, 223, 93, 223, 190, 151, 93, 245, 126, 197, 116,
       253, 192, 71, 93, 37, 181, 102, 183, 79, 245, 109, 107, 208, 69,
       176, 30, 110, 184, 113, 168, 126, 76, 219, 99, 139, 182, 16, 196,
       236, 110, 201, 240, 193, 14, 166, 255, 101, 20, 74, 177, 74, 1,
       220, 62, 158, 52, 170, 44, 88, 18, 177, 190, 167, 253, 79, 143,
       67, 91, 167, 245, 237, 146, 188, 71, 130, 34, 210, 227, 121, 185,
       160, 225, 47, 19, 118, 103, 232, 34, 206, 123, 215, 200, 67, 246,
       189, 171, 67, 108, 223, 26, 25, 204, 237, 119, 142, 99, 239, 56,
       122, 77, 133, 63, 247, 255, 94, 214, 62, 77, 114, 238, 119, 87,
       222, 252, 93, 162, 246, 10, 107, 125, 55, 149, 254, 253, 151, 227,
       236, 179, 25, 238, 243, 223, 135, 147, 103, 190, 126, 139, 244,
       125, 248, 97, 188, 43, 67, 152, 82, 177, 161, 120, 211, 121, 221,
       58, 89, 212, 108, 250, 58, 103, 217, 26, 252, 140, 165, 124, 140,
       251, 82, 34, 45, 105, 24, 69, 116, 30, 102, 184, 105, 168, 126,
       72, 219, 17, 149, 180, 152, 76, 84, 106, 201, 176, 65, 44, 38,
       253, 37, 132, 74, 185, 90, 161, 142, 118, 115, 115, 242, 167, 127,
       244, 53, 15, 117, 242, 125, 71, 172, 52, 63, 187, 23, 250, 179,
       148, 40, 238, 103, 222, 48, 192, 231, 147, 230, 241, 109, 151,
       100, 76, 93, 31, 67, 184, 87, 108, 188, 12, 194, 96, 159, 180, 88,
       196, 238, 108, 141, 34, 127, 159, 46, 127, 33, 253, 91, 175, 88,
       85, 67, 182, 145, 157, 186, 252, 57, 63, 186, 95, 13, 244, 188,
       246, 202, 116, 135, 59, 120, 29, 147, 8, 246, 83, 205, 54, 59,
       250, 152, 68, 135, 245, 58, 173, 16, 248, 157, 141, 84, 231, 159,
       49, 168, 25, 174, 184, 100, 148, 137, 187, 203, 17, 94, 43, 82,
       247, 187, 212, 21, 123, 82, 12, 198, 14, 122, 184, 189, 250, 171,
       253, 81, 207, 187, 91, 164, 56, 174, 223, 68, 186, 131, 155, 253,
       16, 26, 79, 242, 243, 155, 215, 90, 123, 210, 64, 135, 59, 17,
       157, 111, 235, 180, 199, 235, 119, 84, 73, 222, 98, 241, 29, 176,
       96, 124, 186, 23, 169, 251, 184, 53, 63, 249, 175, 170, 192, 125,
       138, 244, 249, 217, 89, 126, 229, 44, 70, 79, 176, 164, 202, 214,
       6, 243, 55, 147, 99, 100, 244, 125, 234, 233, 197, 113, 44, 241,
       235, 234, 144, 36, 179, 32, 121, 49, 143, 75, 253, 244, 163, 239,
       247, 87, 73, 222, 230, 113, 235, 176, 96, 125, 234, 22, 172, 187,
       187, 36, 255, 254, 239, 167, 192, 189, 218, 240, 185, 120, 181,
       61, 164, 57, 15, 87, 188, 51, 180, 168, 9, 255, 63, 64, 16, 153,
       213, 125, 98, 74, 98, 217, 29, 249, 219, 5, 62, 112, 58, 70, 106,
       83, 91, 223, 173, 34, 2, 15, 52, 165, 72, 218, 229, 247, 38, 163,
       102, 70, 101, 60, 111, 205, 129, 101, 168, 160, 255, 106, 128, 44,
       247, 33, 125, 86, 221, 191, 254, 187, 70, 191, 239, 191, 93, 222,
       51, 140, 190, 38, 66, 239, 215, 255, 209, 122, 203, 179, 226, 255,
       119, 222, 223, 128, 92, 165, 251, 61, 223, 107, 222, 180, 146,
       207, 244, 212, 200, 222, 230, 113, 228, 181, 100, 126, 234, 30,
       206, 233, 187, 44, 175, 114, 239, 166, 128, 55, 251, 240, 253,
       188, 123, 248, 96, 218, 7, 87, 216, 19, 172, 188, 8, 83, 39, 65,
       18, 61, 252, 68, 122, 72, 114, 217, 42, 251, 141, 37, 124, 227,
       251, 70, 163, 5, 121, 117, 211, 100, 253, 235, 212, 111, 121, 119,
       84, 153, 216, 220, 191, 110, 106, 94, 94, 147, 244, 255, 241, 7,
       152, 242, 224, 207, 155, 195, 245, 3, 122, 229, 155, 100, 157,
       232, 20, 127, 121, 83, 215, 185, 136, 254, 237, 110, 168, 63, 205,
       135, 252, 127, 241, 6, 24, 250, 224, 63, 143, 217, 221, 106, 185,
       242, 232, 255, 241, 218, 71, 91, 109, 252, 175, 46, 156, 118, 148,
       159, 187, 151, 145, 158, 58, 224, 243, 154, 93, 154, 251, 223,
       206, 143, 223, 92, 160, 142, 181, 17, 75, 97, 41, 54, 228, 198,
       12, 247, 227, 3, 81, 49, 172, 104, 168, 41, 208, 243, 31, 221,
       231, 65, 85, 168, 32, 40, 64, 105, 15, 88, 101, 176, 59, 69, 59,
       97, 166, 238, 44, 147, 35, 131, 80, 90, 134, 236, 44, 108, 184,
       229, 14, 238, 255, 37, 21, 98, 224, 74, 72, 65, 188, 173, 181,
       168, 109, 173, 191, 186, 251, 26, 24, 156, 54, 208, 107, 135, 71,
       124, 157, 179, 76, 255, 113, 141, 59, 127, 244, 128, 64, 129, 125,
       58, 42, 162, 28, 141, 244, 88, 207, 87, 207, 236, 23, 42, 172,
       119, 222, 201, 234, 175, 148, 158, 203, 226, 226, 27, 127, 212,
       123, 147, 93, 252, 78, 252, 239, 184, 126, 185, 95, 94, 184, 243,
       250, 189, 25, 235, 111, 27, 51, 221, 247, 236, 98, 236, 103, 235,
       191, 251, 255, 197, 61, 194, 247, 206, 19, 84, 229, 157, 210, 140,
       77, 71, 172, 186, 183, 136, 24, 246, 231, 72, 19, 145, 214, 105,
       122, 122, 67, 219, 49, 249, 146, 71, 125, 128, 114, 135, 34, 223,
       91, 127, 165, 50, 218, 63, 176, 173, 236, 86, 231, 125, 7, 131,
       213, 38, 245, 221, 230, 225, 157, 37, 108, 246, 227, 111, 130, 46,
       181, 13, 121, 93, 189, 182, 190, 171, 244, 55, 247, 254, 215, 237,
       21, 222, 250, 98, 75, 163, 123, 253, 19, 246, 233, 154, 227, 249,
       255, 95, 75, 202, 116, 163, 83, 95, 112, 240, 69, 99, 95, 127,
       216, 43, 238, 55, 175, 89, 95, 223, 190, 182, 221, 215, 239, 197,
       212, 189, 192, 119, 221, 69, 167, 103, 183, 95, 247, 130, 201, 22,
       155, 229, 193, 188, 198, 30, 6, 80, 19, 172, 214, 32, 73, 216, 59,
       179, 194, 98, 220, 82, 249, 5, 16, 222, 11, 16, 92, 181, 138, 35,
       53, 232, 75, 246, 177, 187, 158, 91, 97, 93, 234, 152, 252, 247,
       108, 95, 91, 183, 157, 150, 26, 236, 242, 78, 95, 191, 238, 159,
       207, 209, 253, 41, 111, 112, 69, 244, 27, 239, 63, 97, 172, 126,
       12, 147, 40, 151, 52, 90, 204, 70, 108, 204, 184, 101, 140, 102,
       253, 37, 4, 103, 252, 218, 204, 10, 180, 190, 159, 253, 255, 176,
       143, 63, 255, 79, 1, 204, 254, 6, 204, 179, 127, 179, 17, 22, 216,
       187, 253, 15, 119, 95, 71, 146, 79, 141, 215, 53, 159, 101, 204,
       220, 7, 207, 254, 87, 234, 248, 206, 115, 104, 189, 96, 93, 206,
       22, 238, 249, 51, 125, 191, 56, 174, 165, 180, 125, 250, 240, 180,
       28, 85, 95, 233, 242, 102, 127, 248, 60, 194, 126, 198, 221, 119,
       169, 80, 127, 209, 23, 234, 97, 144, 89, 126, 237, 143, 175, 196,
       174, 243, 99, 177, 85, 112, 185, 194, 173, 124, 119, 152, 107,
       187, 63, 72, 222, 119, 205, 254, 181, 84, 124, 122, 129, 113, 187,
