%YAML:1.0
---
descriptors: !!opencv-matrix
   rows: 148
   cols: 32
   dt: u
   data: [ 248, 117, 182, 242, 205, 253, 117, 206, 251, 247, 174, 24, 31,
       189, 99, 127, 129, 246, 251, 81, 50, 127, 250, 178, 255, 219, 85,
       127, 146, 93, 215, 107, 13, 244, 248, 251, 221, 253, 255, 220,
       215, 87, 117, 22, 249, 237, 123, 173, 127, 90, 218, 255, 163, 102,
       254, 243, 111, 223, 87, 108, 255, 223, 235, 240, 39, 108, 170, 16,
       223, 189, 179, 198, 203, 245, 28, 15, 140, 232, 87, 14, 169, 107,
       195, 21, 150, 107, 190, 224, 46, 92, 29, 123, 197, 125, 223, 198,
       43, 182, 114, 89, 115, 159, 252, 119, 125, 15, 124, 48, 40, 187,
       182, 180, 63, 59, 146, 136, 229, 186, 36, 223, 38, 95, 16, 195,
       71, 132, 234, 141, 25, 164, 145, 179, 181, 191, 104, 151, 119, 37,
       109, 16, 175, 163, 90, 156, 17, 10, 128, 28, 30, 216, 237, 179,
       207, 223, 22, 101, 162, 196, 219, 200, 75, 112, 239, 233, 40, 4,
       120, 30, 47, 89, 86, 229, 189, 143, 244, 98, 230, 29, 55, 221,
       131, 84, 151, 209, 198, 249, 186, 140, 30, 148, 41, 153, 167, 14,
       102, 155, 214, 179, 174, 71, 85, 199, 87, 215, 104, 104, 191, 173,
       127, 235, 147, 191, 180, 246, 13, 254, 54, 14, 223, 128, 223, 221,
       248, 196, 237, 124, 249, 71, 164, 126, 199, 152, 115, 238, 182,
       72, 211, 57, 215, 59, 157, 220, 116, 106, 169, 118, 249, 42, 239,
       251, 101, 52, 195, 251, 86, 97, 59, 23, 122, 76, 187, 127, 223,
       123, 93, 238, 252, 237, 206, 252, 191, 181, 158, 221, 215, 45,
       237, 167, 116, 158, 243, 255, 33, 190, 95, 253, 79, 247, 1, 220,
       31, 237, 180, 174, 107, 191, 124, 73, 122, 100, 246, 55, 128, 116,
       183, 118, 126, 57, 145, 184, 1, 127, 172, 190, 38, 192, 200, 130,
       161, 57, 56, 245, 51, 231, 49, 207, 89, 100, 45, 236, 254, 8, 255,
       31, 8, 48, 248, 189, 223, 0, 9, 155, 113, 140, 247, 221, 18, 19,
       98, 22, 70, 122, 189, 105, 104, 101, 236, 31, 223, 189, 83, 232,
       180, 13, 219, 13, 215, 48, 156, 204, 85, 127, 205, 114, 253, 184,
       239, 217, 165, 180, 111, 191, 210, 217, 213, 197, 157, 255, 172,
       38, 79, 188, 22, 178, 139, 82, 213, 115, 25, 107, 217, 215, 61,
       234, 105, 70, 89, 58, 233, 170, 239, 20, 152, 251, 176, 32, 19,
       190, 114, 93, 23, 215, 184, 99, 253, 79, 254, 55, 40, 188, 182,
       164, 239, 59, 150, 129, 150, 184, 38, 223, 7, 126, 18, 195, 71,
       140, 111, 223, 87, 217, 231, 129, 226, 82, 237, 253, 61, 249, 218,
       230, 88, 182, 220, 239, 55, 199, 63, 255, 213, 216, 173, 192, 60,
       10, 239, 196, 173, 244, 177, 125, 194, 254, 158, 190, 170, 225,
       25, 207, 174, 157, 184, 185, 172, 255, 98, 82, 199, 115, 239, 17,
       2, 79, 202, 115, 217, 177, 63, 255, 16, 65, 167, 219, 58, 111,
       162, 178, 157, 249, 146, 206, 143, 229, 152, 139, 174, 236, 87, 2,
       169, 107, 211, 21, 14, 107, 162, 170, 251, 85, 15, 59, 199, 94,
       95, 206, 5, 215, 77, 45, 224, 14, 175, 189, 56, 90, 119, 245, 213,
       103, 154, 49, 23, 87, 117, 111, 241, 208, 121, 61, 228, 171, 111,
       196, 72, 179, 131, 241, 79, 223, 239, 95, 244, 230, 127, 180, 119,
       95, 87, 244, 120, 255, 190, 125, 119, 126, 183, 222, 179, 248,
       127, 239, 111, 63, 247, 192, 167, 247, 244, 241, 191, 220, 238,
       255, 149, 255, 95, 172, 23, 67, 247, 19, 123, 125, 63, 121, 249,
       255, 181, 247, 190, 244, 123, 191, 235, 255, 157, 65, 243, 95,
       244, 114, 91, 166, 246, 33, 162, 58, 124, 183, 125, 247, 118, 229,
       207, 42, 158, 223, 55, 199, 253, 157, 180, 248, 165, 228, 158,
       251, 126, 198, 239, 196, 171, 77, 45, 121, 173, 103, 108, 95, 79,
       184, 67, 232, 55, 76, 219, 125, 223, 59, 156, 68, 116, 127, 201,
       240, 253, 40, 111, 219, 229, 180, 206, 191, 82, 241, 223, 6, 214,
       205, 178, 50, 108, 23, 125, 75, 246, 246, 221, 42, 150, 255, 118,
       197, 63, 188, 181, 220, 165, 206, 246, 238, 254, 196, 175, 244,
       169, 5, 198, 57, 183, 241, 139, 236, 53, 7, 191, 155, 130, 16,
       156, 183, 64, 74, 165, 119, 253, 16, 48, 73, 179, 226, 205, 242,
       94, 86, 128, 64, 165, 51, 238, 114, 176, 89, 169, 249, 81, 130,
       191, 63, 246, 56, 142, 151, 207, 223, 193, 144, 236, 16, 42, 103,
       227, 145, 151, 243, 112, 219, 130, 221, 204, 103, 168, 56, 27,
       184, 116, 207, 67, 80, 21, 204, 244, 12, 54, 149, 33, 16, 88, 184,
       7, 24, 105, 186, 80, 62, 213, 148, 48, 56, 114, 136, 22, 251, 126,
       157, 255, 254, 185, 223, 95, 253, 183, 29, 252, 41, 255, 255, 58,
       240, 223, 247, 253, 67, 254, 203, 250, 191, 251, 255, 69, 219,
       118, 166, 134, 123, 249, 30, 70, 205, 100, 50, 238, 123, 117, 98,
       254, 230, 123, 40, 183, 245, 126, 196, 62, 174, 173, 183, 37, 223,
       54, 238, 227, 132, 63, 249, 120, 132, 57, 221, 123, 110, 82, 151,
       119, 246, 100, 72, 124, 70, 59, 87, 33, 112, 126, 250, 22, 106,
       195, 58, 56, 63, 115, 237, 36, 8, 123, 146, 98, 187, 157, 19, 91,
       237, 50, 2, 107, 120, 45, 224, 127, 230, 93, 87, 161, 112, 54,
       253, 22, 234, 193, 145, 53, 76, 246, 233, 35, 132, 47, 163, 35,
       177, 60, 240, 56, 232, 93, 253, 80, 200, 143, 53, 180, 9, 14, 221,
       110, 136, 137, 153, 215, 81, 30, 39, 218, 208, 219, 217, 1, 127,
       243, 13, 78, 210, 90, 223, 186, 236, 190, 86, 127, 255, 189, 76,
       222, 167, 109, 239, 51, 80, 182, 103, 253, 230, 224, 139, 35, 239,
       243, 255, 46, 139, 55, 244, 167, 91, 11, 207, 114, 95, 247, 145,
       245, 247, 125, 69, 252, 6, 168, 232, 182, 36, 123, 170, 150, 141,
       230, 186, 38, 255, 110, 126, 22, 74, 71, 156, 249, 206, 61, 180,
       185, 235, 61, 245, 219, 216, 23, 105, 189, 10, 223, 255, 91, 40,
       217, 153, 87, 152, 155, 162, 250, 151, 203, 221, 185, 253, 251,
       11, 118, 243, 165, 228, 157, 247, 172, 47, 70, 184, 86, 178, 187,
       90, 211, 113, 89, 11, 217, 198, 110, 122, 40, 228, 219, 46, 233,
       138, 101, 52, 200, 251, 208, 0, 222, 61, 245, 85, 170, 106, 21,
       191, 185, 254, 158, 176, 88, 127, 141, 63, 35, 87, 253, 50, 112,
       197, 171, 234, 107, 74, 101, 151, 231, 244, 6, 123, 77, 217, 173,
       45, 32, 14, 63, 188, 46, 120, 102, 68, 221, 55, 51, 115, 180, 85,
       53, 111, 193, 144, 57, 29, 229, 235, 111, 132, 88, 178, 3, 113,
       47, 189, 247, 95, 215, 182, 175, 255, 127, 219, 119, 82, 120, 253,
       188, 239, 127, 110, 51, 154, 179, 252, 191, 239, 47, 62, 215, 194,
       199, 255, 243, 173, 217, 13, 198, 207, 230, 50, 238, 55, 117, 226,
       126, 214, 89, 34, 181, 247, 126, 238, 54, 142, 253, 156, 181, 238,
       54, 238, 194, 0, 47, 245, 232, 148, 172, 253, 237, 251, 221, 239,
       119, 220, 215, 123, 255, 19, 122, 253, 57, 105, 217, 250, 127, 91,
       187, 240, 123, 179, 111, 223, 197, 69, 243, 251, 212, 114, 232,
       253, 190, 250, 201, 125, 117, 239, 179, 191, 172, 24, 127, 255,
       78, 59, 201, 215, 251, 18, 114, 107, 250, 179, 127, 223, 85, 63,
       194, 120, 198, 234, 105, 109, 253, 101, 228, 94, 111, 189, 97,
       232, 126, 8, 251, 61, 147, 55, 24, 198, 116, 110, 201, 242, 249,
       44, 103, 255, 101, 16, 99, 250, 210, 104, 83, 171, 254, 179, 162,
       18, 120, 180, 105, 125, 246, 229, 207, 42, 214, 223, 39, 199, 125,
       221, 150, 216, 229, 228, 158, 255, 126, 198, 237, 130, 171, 77,
       67, 187, 97, 135, 246, 82, 239, 181, 127, 224, 95, 230, 249, 54,
       212, 100, 118, 239, 55, 223, 209, 216, 173, 236, 60, 12, 175, 196,
       37, 166, 181, 253, 52, 108, 233, 103, 236, 79, 71, 156, 83, 178,
       180, 10, 83, 125, 221, 59, 89, 204, 87, 122, 104, 114, 249, 184,
       255, 219, 229, 53, 231, 251, 86, 98, 167, 140, 231, 95, 212, 55,
       238, 239, 95, 131, 120, 82, 104, 232, 181, 173, 121, 106, 18, 190,
       245, 254, 45, 238, 46, 30, 215, 0, 215, 248, 243, 172, 161, 30,
       87, 89, 116, 207, 65, 113, 29, 72, 240, 124, 178, 23, 164, 117,
       220, 56, 22, 40, 169, 190, 112, 30, 37, 190, 33, 144, 88, 136, 70,
       245, 238, 181, 190, 126, 233, 125, 85, 239, 187, 191, 172, 25,
