%YAML:1.0
---
descriptors: !!opencv-matrix
   rows: 155
   cols: 32
   dt: u
   data: [ 205, 173, 236, 127, 153, 95, 110, 184, 247, 226, 111, 144,
       251, 245, 219, 245, 19, 126, 248, 238, 244, 208, 255, 191, 239,
       255, 101, 109, 246, 247, 220, 118, 49, 172, 107, 249, 214, 235,
       239, 246, 118, 75, 122, 194, 177, 188, 180, 32, 127, 234, 23, 143,
       255, 190, 101, 255, 44, 207, 190, 128, 117, 216, 242, 233, 73,
       190, 159, 119, 169, 236, 113, 55, 171, 91, 54, 92, 191, 183, 66,
       51, 165, 119, 124, 28, 183, 109, 178, 99, 207, 255, 116, 88, 74,
       192, 131, 123, 134, 188, 188, 179, 235, 237, 177, 207, 159, 183,
       12, 27, 172, 246, 111, 15, 171, 91, 235, 16, 50, 77, 154, 243,
       205, 147, 95, 123, 144, 93, 141, 246, 56, 89, 118, 236, 91, 87,
       86, 248, 5, 4, 228, 3, 127, 223, 43, 208, 254, 217, 151, 226, 76,
       35, 58, 253, 243, 237, 3, 47, 115, 55, 46, 219, 17, 135, 79, 251,
       180, 171, 105, 55, 126, 81, 123, 246, 243, 99, 176, 97, 127, 174,
       62, 140, 187, 184, 111, 63, 204, 239, 178, 192, 60, 136, 208, 161,
       126, 113, 254, 228, 141, 95, 214, 200, 203, 182, 190, 11, 74, 253,
       95, 26, 184, 213, 245, 99, 204, 99, 155, 192, 243, 217, 69, 55,
       103, 127, 94, 70, 220, 85, 61, 167, 188, 79, 95, 184, 132, 252,
       151, 19, 215, 127, 43, 75, 192, 213, 61, 98, 104, 193, 121, 172,
       225, 195, 239, 21, 48, 251, 21, 115, 197, 66, 223, 231, 238, 42,
       111, 216, 238, 242, 119, 230, 221, 227, 249, 107, 119, 205, 126,
       254, 161, 244, 173, 200, 220, 169, 103, 132, 188, 243, 33, 161,
       137, 212, 231, 253, 229, 182, 236, 55, 116, 75, 86, 86, 185, 43,
       176, 105, 103, 110, 51, 140, 241, 220, 55, 239, 103, 239, 254,
       128, 47, 212, 248, 152, 157, 4, 223, 253, 102, 43, 105, 122, 124,
       242, 247, 210, 255, 99, 185, 107, 119, 253, 127, 174, 161, 245,
       141, 206, 212, 171, 123, 132, 45, 233, 33, 177, 9, 76, 238, 223,
       6, 118, 255, 182, 84, 66, 94, 2, 249, 121, 183, 107, 114, 238, 55,
       235, 224, 240, 53, 237, 103, 43, 246, 128, 55, 241, 241, 104, 71,
       49, 135, 148, 137, 244, 172, 195, 175, 211, 139, 144, 204, 246,
       109, 238, 201, 103, 120, 149, 29, 75, 190, 192, 137, 118, 223, 94,
       138, 101, 163, 212, 144, 91, 62, 245, 52, 207, 49, 55, 252, 9, 82,
       0, 183, 183, 32, 97, 166, 51, 14, 73, 32, 185, 32, 63, 233, 233,
       62, 0, 0, 24, 133, 43, 146, 177, 187, 248, 146, 212, 181, 103,
       222, 13, 84, 50, 188, 159, 36, 32, 238, 59, 147, 129, 210, 171,
       50, 213, 227, 197, 58, 75, 85, 0, 165, 251, 37, 120, 159, 193,
       116, 207, 241, 150, 206, 184, 50, 72, 151, 25, 85, 43, 128, 116,
       58, 88, 163, 240, 17, 40, 237, 137, 37, 0, 200, 153, 80, 43, 253,
       36, 206, 180, 201, 110, 124, 75, 179, 243, 167, 153, 94, 167, 67,
       91, 33, 199, 233, 156, 52, 71, 155, 64, 91, 163, 85, 117, 162,
       228, 138, 82, 44, 186, 148, 122, 249, 205, 144, 222, 143, 185, 56,
       109, 238, 251, 100, 154, 129, 115, 239, 80, 18, 107, 218, 181, 15,
       211, 117, 127, 218, 44, 78, 139, 154, 22, 198, 181, 227, 50, 124,
       87, 53, 159, 250, 247, 13, 47, 40, 219, 255, 215, 167, 180, 56,
       223, 1, 194, 190, 243, 254, 199, 171, 116, 172, 155, 9, 159, 107,
       255, 180, 139, 239, 246, 124, 68, 126, 226, 241, 249, 178, 96,
       127, 251, 23, 201, 169, 184, 125, 255, 237, 207, 174, 128, 117,
       219, 116, 248, 29, 207, 111, 239, 182, 130, 111, 177, 116, 72,
       222, 98, 243, 119, 179, 96, 126, 230, 63, 239, 233, 184, 109, 175,
       226, 239, 167, 128, 55, 250, 240, 105, 115, 49, 0, 184, 57, 157,
       65, 9, 171, 232, 161, 173, 174, 214, 194, 148, 140, 161, 236, 69,
       15, 67, 242, 93, 144, 208, 9, 58, 8, 6, 10, 85, 96, 229, 205, 229,
       237, 111, 229, 239, 47, 183, 187, 25, 219, 45, 28, 19, 201, 198,
       111, 42, 120, 123, 203, 221, 255, 219, 215, 53, 65, 248, 214, 234,
       33, 239, 107, 239, 118, 139, 239, 249, 125, 64, 127, 230, 121, 75,
       156, 48, 126, 239, 86, 239, 227, 176, 109, 255, 118, 237, 39, 128,
       109, 138, 227, 185, 177, 239, 75, 231, 86, 11, 239, 253, 84, 224,
       254, 238, 115, 73, 145, 33, 126, 236, 22, 238, 233, 186, 109, 191,
       244, 207, 165, 128, 109, 186, 112, 169, 56, 2, 118, 232, 45, 111,
       88, 88, 173, 44, 189, 9, 143, 143, 33, 27, 206, 145, 205, 34, 8,
       35, 64, 128, 211, 249, 66, 63, 114, 143, 70, 83, 56, 235, 122,
       234, 116, 207, 91, 248, 33, 108, 252, 11, 115, 79, 51, 16, 122,
       184, 149, 110, 72, 178, 104, 61, 243, 201, 161, 161, 119, 171, 70,
       250, 146, 94, 14, 188, 42, 194, 187, 98, 156, 78, 210, 231, 44,
       142, 163, 65, 238, 99, 191, 199, 100, 143, 2, 237, 208, 34, 250,
       139, 20, 5, 53, 219, 2, 160, 158, 153, 117, 253, 248, 103, 63, 57,
       242, 19, 172, 58, 20, 72, 233, 171, 115, 145, 54, 250, 211, 197,
       29, 62, 218, 67, 144, 8, 249, 142, 120, 227, 56, 162, 53, 221, 90,
       252, 97, 44, 252, 11, 191, 207, 90, 16, 248, 201, 205, 119, 78,
       59, 200, 189, 251, 205, 167, 125, 98, 154, 110, 74, 126, 225, 178,
       170, 189, 157, 214, 205, 239, 173, 191, 11, 143, 250, 78, 208,
       248, 197, 237, 81, 30, 43, 250, 240, 187, 253, 15, 127, 194, 14,
       239, 71, 44, 187, 149, 90, 121, 141, 144, 200, 143, 189, 160, 109,
       238, 219, 76, 146, 135, 115, 234, 80, 7, 107, 218, 241, 14, 216,
       5, 123, 218, 15, 75, 155, 66, 163, 30, 152, 25, 201, 176, 111,
       175, 21, 160, 41, 172, 215, 98, 82, 197, 59, 235, 144, 82, 11,
       194, 213, 157, 144, 26, 123, 16, 0, 167, 138, 254, 125, 250, 230,
       141, 95, 215, 248, 193, 174, 188, 11, 74, 253, 87, 2, 152, 245,
       253, 99, 200, 99, 184, 138, 243, 221, 5, 63, 103, 126, 86, 67, 2,
       241, 22, 184, 121, 133, 184, 71, 143, 29, 144, 155, 172, 143, 102,
       81, 236, 59, 203, 133, 6, 11, 18, 213, 149, 16, 154, 251, 16, 12,
       173, 218, 236, 114, 93, 117, 40, 79, 101, 56, 48, 254, 55, 124,
       215, 23, 131, 59, 7, 212, 108, 106, 105, 244, 233, 12, 199, 251,
       101, 149, 98, 160, 78, 113, 43, 188, 114, 88, 205, 253, 208, 71,
       255, 85, 188, 25, 42, 188, 118, 60, 201, 187, 254, 17, 158, 107,
       246, 247, 91, 95, 16, 123, 211, 76, 222, 206, 107, 255, 117, 70,
       253, 124, 223, 190, 233, 238, 190, 76, 106, 125, 151, 182, 142,
       246, 212, 106, 201, 35, 248, 206, 55, 252, 5, 186, 67, 250, 86,
       125, 154, 143, 70, 187, 146, 242, 63, 247, 54, 71, 78, 183, 109,
       231, 162, 196, 119, 47, 163, 132, 118, 216, 39, 255, 250, 103,
       158, 193, 167, 196, 173, 220, 95, 169, 131, 184, 153, 212, 72,
       135, 174, 209, 128, 25, 159, 254, 80, 234, 193, 227, 248, 149, 31,
       75, 251, 128, 185, 213, 159, 91, 128, 100, 179, 70, 35, 223, 99,
       75, 118, 147, 174, 245, 78, 64, 120, 230, 32, 200, 180, 164, 94,
       42, 18, 205, 195, 186, 44, 253, 44, 28, 6, 170, 95, 154, 243, 189,
       1, 135, 95, 251, 180, 139, 105, 185, 126, 89, 127, 228, 247, 99,
       184, 96, 119, 7, 62, 44, 249, 184, 109, 61, 236, 239, 114, 192,
       28, 136, 193, 49, 67, 251, 255, 87, 170, 220, 61, 183, 175, 125,
       118, 228, 188, 183, 196, 126, 167, 63, 239, 16, 211, 89, 178, 225,
       238, 255, 126, 226, 138, 144, 143, 121, 82, 34, 46, 220, 92, 209,
       233, 73, 174, 188, 198, 10, 24, 203, 84, 82, 104, 189, 107, 153,
       66, 79, 147, 85, 217, 9, 171, 253, 5, 0, 63, 34, 45, 181, 112, 67,
       213, 63, 226, 184, 111, 104, 125, 76, 218, 88, 158, 180, 153, 10,
       86, 62, 151, 176, 125, 223, 47, 93, 1, 118, 202, 207, 90, 149,
       226, 32, 150, 185, 109, 237, 240, 71, 191, 63, 179, 56, 142, 156,
       68, 159, 238, 145, 239, 17, 26, 239, 195, 192, 149, 242, 82, 123,
       192, 13, 71, 15, 209, 219, 63, 255, 60, 142, 125, 61, 252, 73,
       246, 100, 247, 99, 152, 115, 230, 103, 124, 108, 233, 137, 35, 45,
       224, 235, 126, 128, 8, 144, 225, 57, 252, 113, 245, 101, 169, 94,
       94, 184, 51, 226, 162, 221, 219, 39, 73, 147, 22, 212, 253, 110,
