%YAML:1.0
---
descriptors: !!opencv-matrix
   rows: 154
   cols: 32
   dt: u
   data: [ 242, 221, 99, 78, 179, 196, 95, 255, 145, 76, 220, 103, 120,
       255, 190, 84, 220, 251, 149, 231, 248, 139, 162, 255, 115, 124,
       172, 154, 55, 246, 246, 127, 98, 169, 130, 184, 137, 173, 136, 99,
       175, 41, 160, 25, 166, 162, 32, 209, 200, 183, 235, 145, 24, 75,
       210, 240, 153, 178, 219, 123, 144, 72, 130, 6, 34, 189, 109, 64,
       223, 247, 144, 239, 143, 109, 188, 171, 136, 60, 22, 32, 205, 179,
       211, 177, 158, 43, 113, 159, 63, 95, 141, 255, 213, 12, 214, 126,
       46, 181, 110, 8, 223, 209, 151, 239, 139, 116, 188, 171, 72, 252,
       126, 145, 217, 147, 211, 241, 95, 43, 122, 245, 123, 19, 141, 127,
       95, 14, 222, 246, 251, 223, 254, 126, 178, 150, 94, 183, 217, 78,
       93, 245, 109, 255, 182, 113, 215, 127, 181, 231, 236, 207, 174,
       239, 98, 255, 236, 138, 30, 246, 166, 95, 183, 157, 53, 202, 255,
       245, 159, 232, 159, 73, 157, 43, 126, 124, 188, 37, 159, 211, 215,
       247, 251, 43, 122, 255, 59, 30, 45, 254, 95, 15, 150, 119, 209,
       123, 122, 229, 52, 12, 111, 53, 80, 72, 210, 102, 183, 19, 176,
       96, 126, 252, 21, 239, 233, 180, 192, 15, 240, 173, 170, 128, 44,
       186, 145, 57, 108, 52, 248, 225, 84, 110, 123, 82, 3, 165, 110,
       11, 19, 183, 67, 80, 109, 156, 51, 152, 24, 146, 208, 130, 87,
       173, 144, 100, 167, 203, 118, 242, 126, 113, 231, 166, 207, 112,
       158, 200, 131, 240, 153, 175, 72, 252, 95, 138, 121, 213, 243,
       243, 13, 99, 158, 224, 59, 80, 207, 255, 239, 127, 254, 214, 151,
       181, 113, 137, 247, 119, 170, 219, 93, 105, 248, 82, 24, 28, 190,
       172, 255, 139, 22, 189, 191, 186, 53, 222, 28, 30, 154, 198, 223,
       77, 233, 149, 24, 209, 247, 101, 71, 86, 245, 117, 101, 128, 118,
       2, 123, 61, 36, 194, 34, 214, 177, 200, 193, 185, 49, 169, 115,
       235, 84, 3, 103, 154, 229, 43, 139, 173, 110, 119, 182, 154, 254,
       55, 253, 202, 94, 230, 185, 61, 150, 37, 38, 111, 149, 141, 245,
       216, 36, 175, 102, 255, 252, 128, 47, 212, 137, 217, 0, 153, 159,
       255, 218, 196, 55, 255, 166, 17, 108, 0, 52, 247, 32, 112, 230,
       123, 122, 192, 83, 9, 59, 117, 111, 175, 22, 74, 249, 2, 165, 187,
       122, 189, 177, 186, 210, 225, 23, 231, 2, 37, 72, 171, 189, 247,
       96, 80, 247, 251, 183, 209, 90, 26, 250, 55, 253, 197, 191, 235,
       176, 66, 167, 122, 44, 111, 78, 237, 120, 11, 127, 248, 38, 164,
       126, 231, 81, 39, 129, 80, 126, 236, 103, 238, 72, 146, 201, 76,
       118, 175, 229, 132, 37, 179, 102, 211, 64, 187, 27, 168, 106, 141,
       51, 253, 174, 9, 234, 64, 148, 211, 96, 80, 166, 63, 110, 64, 18,
       11, 154, 113, 253, 164, 47, 40, 16, 2, 163, 139, 49, 255, 59, 170,
       116, 143, 110, 112, 121, 72, 120, 76, 55, 218, 176, 48, 252, 169,
       22, 111, 207, 191, 40, 127, 176, 156, 42, 168, 24, 2, 99, 233, 56,
       149, 126, 236, 251, 210, 23, 103, 153, 4, 252, 160, 94, 255, 34,
       113, 222, 187, 135, 224, 120, 139, 50, 223, 243, 247, 74, 75, 114,
       36, 174, 219, 191, 237, 116, 123, 183, 183, 222, 191, 93, 107, 89,
       215, 75, 104, 63, 161, 151, 67, 149, 247, 255, 188, 13, 255, 42,
       223, 141, 199, 255, 223, 216, 5, 21, 92, 51, 253, 54, 231, 171,
       210, 84, 74, 94, 102, 189, 55, 161, 108, 111, 123, 23, 139, 161,
       188, 49, 255, 193, 174, 186, 128, 188, 249, 49, 185, 203, 201,
       237, 85, 234, 90, 189, 191, 250, 250, 86, 162, 253, 55, 211, 107,
       39, 119, 255, 201, 225, 92, 239, 104, 110, 43, 255, 132, 167, 240,
       133, 121, 50, 13, 74, 140, 222, 161, 234, 238, 132, 4, 216, 130,
       32, 202, 49, 64, 120, 106, 27, 241, 10, 43, 22, 255, 48, 36, 138,
       72, 181, 137, 112, 8, 221, 5, 252, 229, 165, 118, 95, 56, 69, 244,
       151, 18, 219, 127, 27, 107, 246, 213, 61, 234, 168, 208, 121, 136,
       235, 203, 239, 149, 166, 251, 92, 98, 55, 47, 98, 154, 214, 178,
       234, 82, 93, 192, 217, 199, 57, 76, 183, 32, 126, 235, 23, 223,
       158, 186, 36, 238, 60, 12, 170, 192, 165, 207, 112, 212, 183, 133,
       98, 136, 213, 55, 234, 107, 29, 71, 211, 151, 76, 168, 62, 196,
       249, 137, 31, 189, 188, 191, 21, 222, 184, 95, 139, 198, 159, 12,
       249, 212, 138, 206, 224, 127, 167, 114, 255, 183, 25, 15, 94, 179,
       233, 111, 188, 197, 23, 127, 181, 162, 240, 220, 173, 239, 103,
       255, 220, 131, 55, 245, 212, 203, 143, 216, 119, 219, 165, 253,
       173, 148, 255, 91, 113, 84, 156, 220, 252, 237, 231, 27, 190, 94,
       215, 116, 62, 241, 7, 89, 126, 198, 86, 215, 197, 245, 221, 97,
       35, 175, 60, 75, 70, 120, 68, 224, 211, 98, 87, 88, 185, 225, 122,
       204, 94, 107, 237, 149, 125, 158, 176, 32, 175, 148, 60, 187, 112,
       36, 41, 133, 67, 201, 237, 140, 111, 255, 173, 17, 108, 2, 185,
       227, 104, 100, 108, 138, 10, 206, 211, 24, 218, 241, 111, 184,
       134, 104, 26, 202, 240, 160, 93, 229, 69, 173, 60, 31, 110, 169,
       108, 160, 219, 74, 219, 72, 152, 224, 250, 205, 110, 231, 205,
       240, 205, 141, 180, 235, 175, 4, 108, 42, 121, 4, 34, 235, 42,
       186, 124, 205, 251, 196, 143, 13, 92, 139, 164, 205, 114, 0, 200,
       107, 235, 85, 66, 43, 202, 179, 239, 85, 141, 251, 84, 14, 23,
       202, 118, 163, 199, 143, 122, 11, 190, 232, 191, 182, 243, 171,
       200, 238, 172, 86, 127, 221, 111, 230, 120, 211, 207, 253, 188,
       118, 207, 63, 21, 175, 39, 132, 39, 228, 166, 141, 76, 27, 182,
       232, 127, 162, 243, 74, 192, 232, 124, 96, 249, 205, 122, 167,
       228, 243, 207, 222, 188, 62, 207, 62, 77, 122, 121, 132, 130, 56,
       150, 157, 218, 193, 184, 103, 190, 163, 194, 179, 172, 183, 32,
       65, 239, 63, 251, 128, 98, 220, 194, 223, 29, 50, 222, 131, 20, 0,
       165, 154, 15, 169, 148, 155, 215, 179, 184, 239, 95, 209, 89, 231,
       236, 232, 62, 164, 223, 107, 162, 21, 151, 248, 79, 253, 12, 22,
       223, 67, 223, 78, 153, 158, 190, 98, 232, 186, 108, 73, 223, 200,
       22, 22, 213, 187, 65, 205, 251, 8, 91, 216, 163, 227, 106, 102,
       206, 179, 82, 1, 249, 189, 117, 253, 94, 226, 19, 141, 67, 173,
       148, 134, 110, 127, 116, 66, 202, 198, 113, 98, 48, 240, 124, 238,
       16, 175, 253, 155, 21, 47, 168, 46, 142, 64, 45, 162, 184, 92,
       155, 223, 126, 254, 182, 146, 222, 183, 249, 202, 126, 230, 125,
       252, 182, 161, 150, 123, 21, 227, 237, 232, 38, 239, 162, 255,
       110, 130, 79, 244, 249, 29, 153, 95, 98, 163, 166, 153, 238, 246,
       237, 200, 218, 238, 187, 8, 179, 165, 110, 226, 94, 207, 237, 175,
       100, 238, 182, 72, 38, 136, 111, 190, 249, 157, 3, 178, 140, 189,
       93, 167, 176, 111, 222, 249, 82, 23, 164, 168, 114, 65, 201, 47,
       59, 21, 183, 248, 87, 221, 12, 50, 218, 123, 156, 12, 153, 222,
       65, 168, 143, 189, 206, 43, 228, 238, 118, 179, 226, 90, 241, 232,
       80, 72, 121, 206, 106, 145, 38, 250, 207, 127, 28, 38, 215, 44,
       245, 120, 121, 136, 186, 215, 99, 76, 179, 214, 159, 255, 21, 72,
       220, 119, 120, 255, 180, 116, 221, 251, 149, 165, 249, 139, 32,
       223, 59, 126, 172, 218, 31, 148, 244, 127, 26, 235, 35, 170, 51,
       193, 31, 244, 14, 13, 216, 171, 173, 199, 32, 64, 246, 251, 151,
       211, 90, 26, 136, 189, 249, 196, 175, 249, 54, 31, 181, 123, 135,
       38, 236, 147, 236, 55, 237, 219, 94, 255, 85, 215, 137, 104, 223,
       11, 31, 75, 23, 191, 182, 244, 111, 210, 76, 27, 255, 164, 197,
       253, 219, 193, 34, 175, 174, 191, 244, 163, 182, 230, 150, 15, 80,
       39, 228, 233, 50, 0, 217, 106, 3, 5, 178, 248, 10, 191, 104, 39,
       191, 203, 213, 92, 181, 202, 25, 253, 19, 75, 147, 151, 118, 247,
       47, 9, 124, 64, 62, 211, 32, 180, 191, 122, 134, 88, 211, 185, 24,
       255, 171, 221, 4, 98, 123, 150, 235, 173, 23, 41, 119, 192, 180,
       151, 218, 73, 95, 233, 17, 98, 12, 28, 244, 165, 158, 59, 22, 125,
       151, 249, 45, 220, 26, 88, 137, 246, 223, 143, 89, 5, 129, 95, 99,
       151, 196, 156, 238, 244, 237, 194, 122, 198, 185, 204, 245, 228,
