%YAML:1.0
---
descriptors: !!opencv-matrix
   rows: 150
   cols: 32
   dt: u
   data: [ 185, 206, 238, 95, 81, 54, 207, 251, 118, 130, 239, 82, 114,
       99, 190, 241, 89, 254, 162, 138, 232, 246, 125, 111, 123, 47, 231,
       0, 99, 232, 104, 160, 172, 114, 252, 114, 237, 13, 85, 217, 227,
       254, 181, 29, 31, 221, 75, 27, 141, 212, 199, 94, 234, 118, 250,
       160, 95, 217, 117, 60, 194, 249, 198, 243, 209, 92, 239, 213, 36,
       22, 239, 55, 112, 202, 214, 246, 81, 39, 181, 99, 127, 244, 61,
       174, 233, 247, 165, 206, 242, 43, 231, 128, 45, 240, 112, 121,
       145, 89, 62, 245, 54, 143, 49, 55, 252, 9, 86, 0, 183, 147, 34,
       97, 166, 51, 30, 73, 160, 185, 48, 61, 233, 233, 58, 0, 0, 24, 37,
       43, 126, 103, 252, 228, 175, 89, 215, 232, 201, 182, 189, 43, 75,
       253, 95, 34, 186, 213, 253, 99, 204, 99, 235, 160, 251, 217, 69,
       183, 103, 255, 86, 71, 105, 47, 68, 85, 228, 31, 100, 55, 121,
       234, 118, 76, 171, 40, 215, 191, 9, 230, 228, 47, 204, 248, 197,
       104, 38, 123, 117, 145, 66, 244, 218, 141, 220, 80, 60, 183, 140,
       70, 93, 168, 148, 254, 135, 19, 215, 127, 43, 75, 193, 213, 61,
       99, 108, 69, 123, 160, 195, 227, 255, 149, 52, 57, 28, 82, 108,
       232, 188, 90, 201, 253, 144, 158, 142, 153, 60, 25, 190, 249, 64,
       154, 129, 114, 235, 24, 18, 107, 202, 49, 79, 219, 117, 123, 210,
       93, 207, 139, 86, 161, 238, 85, 154, 143, 185, 233, 190, 176, 199,
       11, 121, 239, 85, 104, 55, 125, 123, 189, 162, 209, 175, 93, 93,
       14, 207, 228, 165, 162, 7, 160, 246, 223, 155, 182, 216, 111, 23,
       252, 26, 234, 153, 125, 118, 116, 41, 144, 157, 247, 253, 99, 249,
       199, 153, 46, 249, 39, 109, 218, 200, 123, 131, 51, 71, 187, 143,
       18, 168, 220, 5, 172, 187, 253, 134, 236, 230, 230, 206, 95, 135,
       103, 236, 85, 151, 75, 254, 97, 152, 22, 95, 254, 136, 21, 171,
       125, 1, 207, 223, 247, 102, 139, 237, 119, 108, 66, 126, 230, 189,
       235, 144, 96, 110, 239, 62, 140, 193, 188, 39, 235, 244, 175, 254,
       128, 45, 218, 225, 169, 145, 143, 79, 255, 230, 136, 237, 119,
       124, 67, 122, 246, 185, 227, 144, 96, 110, 175, 62, 140, 243, 152,
       231, 239, 244, 235, 250, 128, 45, 128, 225, 169, 55, 229, 106,
       135, 116, 14, 239, 240, 125, 232, 251, 70, 243, 122, 159, 96, 126,
       229, 94, 239, 237, 179, 77, 239, 180, 62, 175, 128, 77, 251, 123,
       133, 233, 118, 156, 117, 40, 31, 77, 57, 48, 186, 54, 124, 223,
       23, 131, 59, 7, 84, 124, 42, 233, 244, 97, 10, 198, 219, 117, 149,
       106, 176, 74, 57, 138, 143, 70, 187, 210, 179, 61, 247, 62, 23,
       78, 247, 45, 231, 162, 197, 119, 43, 163, 148, 114, 216, 7, 247,
       124, 103, 190, 193, 54, 212, 173, 217, 254, 111, 251, 102, 151,
       91, 215, 249, 193, 174, 190, 43, 107, 253, 87, 50, 186, 244, 221,
       99, 232, 99, 168, 170, 123, 221, 197, 191, 103, 254, 86, 99, 114,
       49, 232, 172, 45, 107, 90, 72, 15, 228, 185, 169, 207, 45, 23, 18,
       200, 181, 253, 1, 12, 35, 211, 152, 147, 212, 201, 187, 85, 111,
       86, 90, 126, 36, 142, 20, 201, 108, 121, 75, 171, 247, 167, 25,
       72, 183, 71, 27, 161, 231, 249, 156, 56, 71, 146, 64, 219, 251,
       85, 117, 131, 101, 171, 194, 108, 187, 156, 122, 233, 221, 144,
       156, 175, 185, 176, 109, 174, 251, 68, 154, 135, 115, 235, 80, 22,
       105, 218, 113, 78, 211, 85, 123, 218, 2, 203, 155, 82, 160, 174,
       84, 28, 131, 233, 73, 174, 180, 198, 2, 96, 203, 84, 82, 104, 173,
       123, 153, 2, 207, 147, 93, 217, 11, 143, 61, 5, 0, 127, 34, 245,
       253, 155, 148, 250, 47, 23, 255, 18, 170, 156, 108, 84, 119, 137,
       48, 157, 86, 126, 38, 97, 195, 233, 62, 249, 39, 45, 182, 136,
       120, 163, 51, 222, 30, 151, 188, 11, 226, 57, 98, 189, 30, 211,
       179, 109, 239, 33, 75, 230, 245, 237, 131, 32, 197, 2, 234, 145,
       227, 106, 131, 32, 97, 37, 115, 33, 253, 123, 239, 214, 203, 231,
       253, 125, 0, 251, 10, 123, 89, 60, 48, 122, 219, 70, 234, 227,
       186, 61, 255, 127, 237, 39, 64, 109, 139, 226, 168, 213, 71, 223,
       231, 174, 11, 111, 248, 236, 242, 211, 230, 221, 227, 249, 107,
       55, 197, 126, 238, 225, 213, 175, 224, 252, 171, 111, 132, 173,
       243, 33, 33, 149, 111, 207, 239, 6, 2, 111, 248, 116, 194, 243,
       230, 89, 227, 177, 105, 126, 237, 62, 238, 233, 213, 47, 236, 244,
       171, 239, 132, 45, 243, 97, 160, 181, 79, 75, 239, 94, 3, 111,
       248, 86, 194, 218, 230, 115, 227, 177, 97, 122, 236, 54, 238, 233,
       242, 111, 191, 244, 175, 167, 140, 61, 251, 112, 168, 254, 85,
       229, 119, 143, 122, 214, 152, 179, 255, 191, 191, 91, 125, 95,
       219, 185, 215, 253, 231, 189, 225, 251, 162, 251, 239, 229, 151,
       231, 127, 214, 115, 146, 30, 14, 188, 42, 162, 187, 98, 140, 78,
       210, 167, 44, 142, 167, 67, 238, 225, 191, 199, 108, 143, 6, 237,
       208, 34, 234, 139, 21, 37, 61, 219, 31, 159, 251, 251, 182, 167,
       191, 119, 31, 201, 94, 231, 253, 255, 176, 68, 127, 59, 151, 157,
       179, 152, 76, 255, 238, 231, 175, 192, 191, 202, 177, 241, 87,
       249, 149, 146, 43, 220, 11, 136, 171, 241, 128, 141, 254, 198, 78,
       246, 135, 71, 252, 85, 199, 75, 254, 113, 153, 48, 29, 126, 8, 7,
       3, 124, 17, 223, 111, 255, 244, 139, 239, 246, 124, 100, 94, 66,
       241, 255, 177, 96, 126, 254, 63, 203, 201, 184, 117, 255, 229,
       175, 166, 128, 53, 250, 245, 168, 219, 28, 231, 215, 134, 102,
       109, 55, 112, 202, 90, 214, 249, 63, 145, 251, 119, 230, 61, 172,
       161, 220, 181, 238, 247, 111, 254, 128, 175, 240, 243, 121, 230,
       119, 49, 58, 252, 45, 197, 79, 27, 191, 177, 125, 230, 252, 92,
       29, 157, 139, 79, 55, 187, 102, 250, 91, 181, 26, 85, 254, 213,
       88, 198, 229, 98, 169, 236, 5, 109, 123, 196, 39, 105, 229, 190,
       169, 163, 44, 150, 22, 8, 230, 237, 5, 156, 184, 229, 140, 14,
       126, 212, 19, 231, 206, 222, 204, 58, 213, 105, 235, 190, 133, 95,
       253, 31, 73, 217, 227, 123, 253, 188, 224, 255, 155, 159, 165,
       251, 43, 107, 255, 250, 255, 174, 222, 53, 142, 240, 123, 1, 135,
       79, 251, 244, 170, 105, 191, 126, 81, 95, 246, 249, 227, 184, 97,
       127, 174, 62, 156, 187, 184, 111, 247, 204, 175, 178, 192, 188,
       138, 240, 161, 38, 189, 255, 242, 253, 237, 95, 198, 155, 93, 189,
       187, 174, 255, 110, 26, 207, 251, 255, 17, 62, 107, 186, 243, 251,
       215, 30, 251, 132, 95, 151, 219, 1, 143, 79, 239, 228, 138, 109,
       247, 108, 83, 126, 230, 241, 227, 152, 96, 126, 174, 54, 140, 219,
       152, 103, 245, 228, 239, 186, 192, 45, 130, 241, 185, 142, 30,
       150, 191, 173, 160, 180, 135, 191, 159, 154, 117, 236, 248, 111,
       207, 193, 115, 237, 3, 54, 205, 138, 227, 136, 114, 223, 131, 140,
       117, 189, 135, 104, 61, 125, 70, 253, 14, 95, 49, 233, 236, 191,
       12, 90, 61, 23, 54, 132, 244, 125, 110, 201, 43, 248, 204, 127,
       253, 69, 24, 67, 226, 70, 123, 53, 95, 111, 238, 244, 135, 239,
       117, 196, 200, 126, 102, 113, 245, 183, 100, 126, 228, 22, 239,
       201, 186, 52, 47, 112, 174, 175, 128, 61, 250, 112, 249, 67, 243,
       191, 95, 58, 204, 61, 247, 174, 93, 126, 229, 188, 246, 206, 114,
       167, 31, 127, 20, 195, 89, 178, 113, 237, 191, 126, 138, 8, 144,
       167, 249, 102, 180, 191, 186, 169, 237, 157, 207, 187, 91, 153,
       61, 158, 254, 72, 26, 143, 211, 255, 17, 59, 79, 218, 243, 217,
       247, 223, 255, 128, 89, 135, 115, 241, 190, 31, 69, 218, 47, 54,
       127, 48, 170, 218, 106, 86, 53, 129, 34, 125, 86, 94, 44, 232,
       155, 193, 14, 124, 174, 37, 148, 8, 248, 3, 169, 207, 158, 132,
       183, 162, 160, 60, 150, 190, 215, 83, 247, 237, 38, 66, 203, 39,
       103, 255, 149, 182, 220, 143, 226, 140, 103, 222, 195, 174, 213,
       169, 93, 252, 109, 251, 246, 245, 74, 87, 232, 81, 134, 189, 42,
       123, 253, 121, 49, 155, 246, 149, 98, 104, 227, 168, 174, 123,
       255, 69, 59, 103, 251, 86, 106, 82, 241, 19, 184, 123, 193, 16,
       103, 175, 29, 168, 41, 174, 158, 36, 16, 238, 179, 207, 128, 74,
