%YAML:1.0
---
descriptors: !!opencv-matrix
   rows: 117
   cols: 32
   dt: u
   data: [ 65, 210, 13, 41, 56, 10, 73, 60, 38, 96, 66, 228, 215, 3, 136,
       112, 22, 4, 124, 236, 203, 144, 197, 29, 204, 167, 43, 196, 56,
       130, 1, 25, 34, 162, 153, 187, 236, 169, 168, 143, 158, 17, 16,
       253, 164, 135, 200, 8, 207, 27, 107, 21, 18, 76, 194, 209, 12, 18,
       254, 248, 156, 136, 129, 185, 221, 89, 78, 167, 38, 2, 79, 188,
       100, 226, 214, 199, 115, 99, 155, 115, 126, 196, 61, 239, 233,
       215, 157, 174, 240, 235, 239, 132, 45, 179, 112, 24, 121, 91, 111,
       76, 50, 218, 119, 52, 229, 204, 254, 225, 123, 29, 151, 116, 62,
       228, 252, 110, 204, 163, 37, 12, 242, 255, 32, 131, 103, 182, 110,
       109, 129, 160, 189, 217, 236, 173, 105, 159, 94, 89, 112, 80, 182,
       129, 248, 104, 195, 10, 38, 28, 147, 124, 67, 49, 76, 152, 118,
       104, 144, 136, 209, 169, 180, 105, 185, 106, 205, 77, 71, 200,
       195, 190, 164, 8, 83, 213, 125, 59, 89, 208, 72, 122, 75, 103,
       250, 48, 249, 136, 69, 60, 241, 123, 214, 34, 66, 169, 18, 152,
       249, 205, 176, 207, 142, 29, 216, 9, 172, 214, 96, 68, 201, 59,
       235, 16, 18, 43, 18, 241, 157, 148, 30, 107, 144, 8, 165, 139,
       253, 239, 234, 78, 190, 53, 206, 252, 146, 202, 189, 207, 115,
       225, 255, 39, 31, 194, 84, 238, 249, 99, 46, 42, 58, 15, 101, 188,
       255, 255, 250, 49, 18, 146, 228, 47, 50, 138, 58, 174, 47, 1, 90,
       229, 100, 59, 140, 80, 246, 79, 61, 5, 134, 152, 69, 127, 14, 54,
       186, 194, 60, 130, 81, 31, 91, 141, 70, 192, 147, 22, 110, 183,
       165, 169, 190, 194, 73, 35, 180, 247, 98, 198, 252, 252, 121, 137,
       53, 236, 58, 126, 135, 196, 175, 214, 232, 60, 112, 9, 30, 172,
       12, 134, 64, 32, 165, 128, 162, 2, 119, 19, 33, 83, 104, 164, 108,
       226, 72, 139, 65, 204, 209, 162, 194, 17, 32, 42, 104, 10, 34,
       185, 16, 154, 125, 201, 176, 196, 143, 17, 112, 41, 174, 154, 100,
       16, 200, 187, 130, 80, 22, 42, 66, 245, 29, 20, 24, 107, 208, 8,
       7, 143, 0, 189, 191, 188, 251, 197, 52, 231, 254, 209, 104, 49,
       188, 190, 98, 50, 167, 123, 234, 145, 23, 75, 146, 119, 253, 183,
       94, 107, 88, 64, 175, 219, 104, 151, 110, 254, 232, 129, 253, 255,
       164, 21, 255, 173, 113, 239, 42, 19, 77, 243, 239, 176, 88, 75,
       74, 61, 123, 227, 246, 217, 81, 130, 230, 218, 200, 112, 57, 96,
       9, 77, 81, 22, 225, 58, 164, 8, 159, 23, 65, 59, 132, 21, 124, 8,
       1, 108, 178, 0, 195, 217, 112, 52, 98, 0, 71, 59, 221, 92, 222,
       117, 3, 30, 119, 146, 117, 178, 102, 8, 87, 51, 129, 127, 33, 244,
       108, 106, 105, 244, 177, 42, 199, 235, 101, 4, 106, 241, 72, 34,
       217, 223, 94, 239, 132, 14, 103, 181, 116, 38, 230, 22, 115, 99,
       162, 81, 112, 228, 44, 238, 104, 191, 49, 47, 246, 235, 228, 0,
       41, 184, 240, 8, 68, 54, 153, 33, 160, 47, 122, 24, 42, 187, 179,
       125, 223, 58, 201, 26, 183, 93, 93, 51, 146, 84, 201, 66, 204,
       209, 47, 228, 200, 99, 7, 19, 28, 65, 87, 231, 3, 78, 127, 224,
       45, 160, 106, 2, 95, 103, 9, 176, 50, 245, 234, 234, 65, 144, 21,
       236, 183, 239, 71, 1, 107, 179, 71, 186, 184, 132, 142, 254, 141,
       127, 197, 107, 85, 167, 237, 26, 67, 185, 54, 187, 217, 198, 106,
       168, 56, 239, 121, 142, 155, 255, 213, 21, 193, 104, 254, 34, 184,
       226, 235, 161, 52, 66, 239, 244, 16, 197, 210, 243, 193, 205, 248,
       64, 123, 204, 37, 253, 232, 254, 196, 134, 232, 231, 190, 196, 37,
       156, 244, 248, 241, 64, 71, 204, 14, 74, 229, 32, 237, 162, 243,
       66, 67, 8, 149, 127, 104, 196, 110, 234, 109, 231, 229, 200, 180,
       170, 194, 20, 101, 57, 112, 4, 139, 208, 140, 187, 13, 253, 176,
       143, 222, 115, 66, 19, 172, 248, 126, 201, 193, 11, 187, 1, 39,
       124, 219, 211, 7, 83, 222, 47, 156, 92, 153, 142, 53, 205, 123,
       207, 182, 15, 239, 248, 84, 164, 251, 66, 115, 97, 189, 224, 122,
       238, 22, 250, 217, 176, 109, 61, 47, 237, 167, 196, 117, 187, 244,
       224, 253, 201, 71, 239, 36, 2, 111, 188, 53, 224, 215, 198, 113,
       67, 153, 85, 126, 228, 61, 238, 233, 150, 93, 175, 244, 170, 239,
       132, 47, 179, 112, 120, 201, 126, 148, 181, 168, 47, 60, 55, 63,
       250, 146, 253, 159, 3, 195, 223, 135, 127, 110, 46, 237, 220, 201,
       90, 164, 210, 127, 176, 10, 240, 139, 29, 168, 180, 125, 103, 116,
       111, 103, 54, 117, 174, 118, 24, 243, 55, 128, 51, 123, 254, 102,
       40, 185, 252, 113, 46, 111, 239, 113, 0, 99, 232, 70, 233, 130,
       189, 54, 153, 237, 240, 188, 198, 143, 222, 92, 129, 172, 190,
       119, 67, 203, 123, 179, 209, 70, 24, 146, 241, 175, 80, 222, 171,
       22, 124, 45, 222, 14, 189, 50, 185, 237, 241, 190, 227, 175, 214,
       28, 131, 172, 254, 103, 3, 239, 123, 155, 210, 86, 9, 186, 242,
       175, 208, 143, 175, 150, 117, 165, 223, 178, 219, 106, 12, 118,
       145, 222, 245, 95, 64, 112, 231, 41, 140, 182, 113, 126, 235, 151,
       193, 230, 186, 4, 255, 54, 104, 170, 203, 117, 140, 254, 207, 27,
       155, 80, 201, 51, 155, 122, 55, 127, 37, 126, 166, 46, 18, 166,
       228, 54, 187, 158, 136, 214, 152, 37, 223, 174, 255, 16, 211, 62,
       132, 137, 13, 123, 81, 115, 46, 118, 66, 235, 112, 41, 200, 250,
       239, 125, 223, 181, 116, 62, 237, 85, 239, 201, 179, 164, 236,
       176, 248, 42, 136, 111, 183, 99, 249, 117, 64, 237, 103, 44, 94,
       71, 184, 68, 162, 251, 74, 83, 117, 153, 114, 88, 212, 108, 106,
       201, 182, 253, 40, 241, 239, 229, 20, 101, 251, 80, 32, 124, 26,
       127, 225, 254, 235, 115, 184, 102, 180, 127, 42, 83, 113, 129,
       121, 115, 244, 55, 122, 8, 240, 107, 28, 95, 203, 229, 69, 231,
       171, 84, 163, 100, 175, 133, 101, 213, 46, 70, 167, 99, 167, 170,
       8, 195, 33, 84, 18, 89, 238, 96, 24, 24, 216, 217, 46, 45, 230,
       149, 117, 225, 114, 214, 10, 76, 176, 185, 97, 250, 237, 49, 27,
       110, 249, 61, 120, 158, 181, 64, 56, 135, 29, 100, 16, 19, 120,
       251, 19, 205, 149, 53, 127, 200, 8, 135, 179, 184, 235, 156, 191,
       168, 131, 93, 189, 54, 158, 229, 185, 247, 99, 72, 16, 89, 251,
       109, 198, 120, 206, 75, 51, 224, 199, 253, 153, 32, 240, 166, 10,
       180, 205, 111, 111, 156, 75, 71, 248, 36, 164, 243, 74, 115, 115,
       137, 49, 120, 244, 78, 106, 105, 179, 121, 62, 249, 235, 37, 20,
       97, 187, 230, 224, 71, 191, 87, 193, 178, 194, 175, 183, 172, 249,
       26, 228, 212, 39, 200, 103, 39, 87, 123, 252, 211, 73, 185, 100,
       44, 0, 47, 196, 140, 194, 161, 57, 252, 28, 214, 87, 67, 254, 115,
       146, 241, 170, 102, 24, 91, 179, 69, 127, 33, 244, 108, 26, 33,
       244, 153, 42, 79, 255, 81, 7, 234, 241, 74, 2, 213, 66, 222, 164,
       46, 14, 78, 56, 56, 170, 243, 207, 215, 106, 145, 91, 246, 197,
       125, 239, 236, 215, 221, 8, 208, 235, 239, 148, 44, 243, 33, 17,
       3, 190, 138, 24, 242, 185, 58, 199, 58, 69, 76, 253, 164, 194,
       198, 88, 183, 43, 194, 149, 150, 26, 142, 115, 188, 20, 30, 235,
       152, 68, 139, 221, 185, 141, 94, 172, 146, 194, 87, 229, 52, 36,
       230, 178, 115, 119, 162, 113, 122, 182, 78, 234, 124, 155, 37, 63,
       242, 235, 231, 81, 117, 168, 164, 74, 117, 65, 79, 239, 36, 14,
       79, 184, 69, 226, 215, 66, 83, 65, 153, 112, 122, 196, 60, 238,
       201, 182, 93, 47, 244, 174, 229, 132, 45, 187, 112, 32, 172, 239,
       206, 159, 222, 51, 254, 236, 23, 134, 253, 187, 105, 234, 175, 69,
       121, 238, 238, 226, 124, 247, 79, 255, 254, 167, 239, 189, 183,
       255, 248, 141, 218, 80, 158, 190, 43, 96, 125, 6, 169, 30, 135,
       51, 220, 191, 43, 91, 227, 213, 253, 131, 100, 69, 131, 192, 211,
       243, 250, 131, 38, 113, 37, 67, 72, 189, 25, 185, 185, 205, 20,
       158, 30, 57, 40, 60, 190, 23, 72, 16, 133, 27, 255, 17, 67, 40,
       83, 55, 237, 213, 48, 123, 152, 88, 133, 59, 54, 203, 86, 187,
       205, 133, 226, 232, 87, 61, 241, 71, 106, 201, 46, 197, 249, 170,
       131, 195, 78, 179, 75, 245, 30, 210, 147, 107, 123, 15, 120, 142,
