%YAML:1.0
---
descriptors: !!opencv-matrix
   rows: 142
   cols: 32
   dt: u
   data: [ 9, 129, 51, 231, 20, 14, 111, 49, 117, 96, 103, 68, 215, 19,
       16, 116, 80, 140, 58, 110, 217, 184, 113, 13, 229, 188, 0, 64, 42,
       170, 224, 48, 193, 16, 189, 85, 41, 62, 109, 27, 123, 251, 55, 92,
       222, 55, 220, 63, 133, 4, 124, 12, 177, 116, 243, 64, 135, 187,
       115, 20, 202, 224, 195, 117, 173, 149, 237, 113, 236, 127, 205,
       159, 87, 251, 62, 92, 219, 45, 220, 171, 157, 70, 119, 60, 185,
       112, 123, 146, 111, 223, 245, 116, 218, 249, 208, 240, 190, 221,
       183, 254, 255, 229, 159, 239, 155, 215, 189, 27, 126, 255, 105,
       11, 255, 243, 151, 211, 122, 79, 122, 251, 249, 215, 223, 127,
       213, 127, 167, 242, 234, 248, 173, 184, 45, 193, 149, 206, 155,
       95, 148, 57, 174, 221, 70, 10, 137, 177, 255, 17, 78, 111, 242,
       179, 211, 211, 92, 59, 208, 28, 214, 90, 136, 245, 122, 96, 240,
       142, 119, 244, 61, 13, 118, 28, 31, 147, 10, 16, 182, 25, 71, 120,
       242, 188, 48, 47, 239, 217, 36, 68, 66, 144, 239, 171, 79, 151,
       109, 87, 170, 124, 61, 185, 168, 127, 15, 188, 220, 103, 159, 123,
       39, 87, 253, 62, 177, 64, 255, 117, 79, 59, 121, 213, 142, 231,
       143, 113, 133, 199, 236, 167, 180, 46, 239, 184, 116, 234, 127,
       214, 211, 105, 155, 97, 127, 206, 62, 239, 229, 244, 109, 238,
       238, 239, 231, 132, 173, 251, 241, 129, 66, 160, 147, 216, 125,
       237, 177, 71, 239, 25, 168, 16, 172, 146, 100, 252, 193, 59, 219,
       17, 18, 11, 146, 209, 157, 148, 26, 123, 144, 0, 165, 174, 77, 26,
       190, 247, 169, 124, 113, 18, 238, 47, 183, 48, 222, 55, 66, 122,
       135, 87, 236, 24, 144, 201, 243, 226, 207, 255, 114, 211, 130,
       193, 141, 99, 223, 90, 255, 102, 40, 70, 95, 188, 225, 202, 151,
       228, 125, 127, 159, 123, 54, 245, 125, 238, 233, 197, 191, 104,
       243, 251, 237, 128, 46, 243, 101, 121, 31, 222, 110, 3, 54, 155,
       190, 240, 205, 236, 31, 231, 73, 204, 182, 165, 63, 33, 215, 231,
       229, 181, 45, 221, 62, 75, 47, 230, 127, 158, 9, 213, 56, 221, 17,
       254, 219, 197, 87, 255, 23, 4, 232, 11, 127, 255, 40, 208, 255,
       251, 195, 226, 106, 11, 91, 191, 251, 207, 5, 122, 115, 126, 166,
       138, 88, 214, 126, 239, 34, 6, 125, 181, 36, 15, 223, 231, 125,
       191, 186, 65, 118, 149, 61, 163, 200, 149, 41, 205, 242, 239, 234,
       132, 53, 242, 165, 123, 75, 52, 188, 246, 105, 44, 152, 31, 171,
       219, 57, 125, 252, 255, 93, 154, 135, 51, 253, 5, 135, 71, 210,
       193, 87, 255, 88, 186, 200, 116, 11, 27, 92, 60, 173, 190, 58,
       118, 91, 58, 130, 206, 141, 173, 255, 255, 11, 50, 151, 247, 253,
       167, 189, 67, 186, 63, 219, 231, 169, 189, 164, 103, 7, 115, 31,
       66, 102, 70, 38, 147, 190, 240, 237, 226, 223, 231, 73, 204, 191,
       164, 62, 161, 215, 239, 197, 177, 44, 223, 50, 79, 203, 132, 111,
       191, 121, 213, 105, 52, 189, 117, 188, 127, 225, 31, 122, 251, 62,
       24, 211, 61, 93, 171, 133, 70, 122, 28, 177, 120, 241, 2, 79, 223,
       117, 116, 194, 232, 218, 104, 152, 244, 90, 112, 115, 222, 118,
       252, 57, 90, 116, 53, 63, 31, 10, 209, 183, 217, 213, 98, 99, 222,
       24, 63, 247, 235, 52, 69, 106, 144, 235, 155, 192, 177, 24, 251,
       48, 172, 113, 23, 56, 13, 105, 88, 183, 147, 0, 80, 132, 59, 5,
       16, 18, 152, 210, 51, 197, 245, 50, 72, 8, 0, 131, 43, 240, 244,
       25, 232, 11, 111, 81, 250, 115, 58, 168, 88, 62, 215, 72, 57, 189,
       155, 92, 34, 107, 103, 91, 23, 211, 219, 17, 126, 120, 65, 102,
       59, 189, 223, 109, 111, 180, 47, 103, 184, 116, 234, 255, 102,
       211, 105, 153, 113, 127, 206, 62, 238, 233, 176, 77, 46, 236, 239,
       229, 132, 125, 251, 208, 33, 202, 252, 51, 248, 187, 237, 181,
       231, 190, 83, 172, 24, 188, 183, 96, 168, 227, 51, 219, 16, 115,
       15, 50, 243, 251, 213, 30, 123, 146, 80, 167, 59, 64, 157, 189,
       250, 185, 237, 17, 186, 174, 81, 172, 16, 190, 247, 96, 114, 131,
       115, 121, 16, 19, 9, 250, 115, 201, 247, 26, 122, 144, 65, 5, 123,
       191, 214, 231, 255, 214, 127, 127, 252, 119, 238, 255, 243, 123,
       127, 159, 109, 127, 254, 255, 175, 236, 244, 109, 255, 255, 239,
       247, 133, 231, 255, 244, 255, 141, 215, 29, 45, 160, 14, 175, 189,
       56, 94, 115, 245, 215, 111, 136, 17, 151, 85, 85, 103, 241, 180,
       57, 15, 228, 235, 111, 132, 72, 242, 131, 113, 27, 218, 110, 166,
       6, 211, 254, 240, 141, 102, 159, 135, 93, 236, 191, 224, 126, 229,
       191, 231, 204, 177, 61, 223, 242, 79, 235, 133, 63, 191, 61, 85,
       141, 222, 239, 255, 238, 123, 255, 189, 127, 198, 127, 183, 253,
       239, 159, 229, 119, 239, 191, 175, 229, 244, 111, 254, 238, 255,
       231, 128, 167, 254, 237, 249, 255, 117, 228, 231, 173, 94, 95,
       184, 51, 254, 183, 47, 75, 127, 91, 191, 255, 213, 253, 247, 237,
       103, 251, 170, 251, 251, 237, 151, 239, 247, 94, 119, 246, 244,
       188, 182, 173, 125, 95, 248, 59, 255, 181, 63, 79, 254, 95, 59,
       191, 215, 253, 243, 190, 103, 251, 226, 251, 223, 207, 255, 207,
       127, 174, 87, 170, 238, 174, 187, 255, 209, 186, 199, 159, 87, 84,
       179, 172, 204, 55, 128, 203, 123, 147, 211, 102, 254, 106, 255,
       111, 87, 158, 235, 87, 29, 189, 222, 176, 110, 123, 235, 52, 239,
       91, 216, 52, 108, 252, 11, 51, 199, 235, 81, 126, 252, 79, 254,
       106, 183, 105, 63, 241, 237, 163, 60, 53, 155, 102, 249, 143, 167,
       236, 255, 214, 59, 239, 248, 127, 247, 127, 150, 217, 111, 158,
       101, 127, 206, 183, 238, 244, 240, 127, 255, 238, 255, 231, 133,
       175, 255, 252, 244, 194, 184, 159, 249, 173, 237, 184, 135, 174,
       19, 130, 16, 188, 191, 104, 75, 199, 51, 123, 17, 51, 77, 147,
       241, 205, 179, 90, 82, 144, 72, 129, 138, 221, 220, 63, 173, 35,
       78, 95, 254, 48, 98, 70, 4, 95, 55, 3, 49, 183, 85, 121, 110, 233,
       149, 57, 63, 243, 239, 79, 4, 106, 116, 163, 115, 93, 249, 249,
       99, 186, 92, 95, 153, 99, 125, 157, 44, 219, 93, 218, 50, 38, 212,
       253, 255, 219, 97, 251, 225, 255, 233, 45, 253, 103, 167, 199,
       115, 63, 0, 102, 68, 7, 55, 250, 96, 69, 194, 223, 131, 73, 204,
       183, 164, 126, 161, 147, 239, 141, 183, 53, 206, 19, 79, 139, 132,
       111, 183, 121, 244, 224, 241, 185, 250, 234, 77, 21, 157, 154,
       119, 5, 57, 183, 159, 72, 27, 135, 27, 253, 67, 83, 110, 250, 49,
       199, 211, 125, 61, 80, 24, 135, 123, 216, 248, 63, 254, 11, 196,
       21, 228, 160, 158, 166, 40, 63, 151, 1, 115, 224, 247, 237, 192,
       106, 111, 178, 41, 243, 227, 118, 27, 32, 16, 38, 107, 241, 180,
       29, 232, 219, 111, 85, 219, 59, 179, 160, 88, 22, 23, 72, 57, 181,
       159, 88, 32, 43, 103, 89, 29, 209, 219, 81, 62, 120, 112, 2, 35,
       125, 89, 31, 99, 157, 94, 71, 180, 100, 96, 239, 8, 211, 17, 9,
       112, 208, 196, 124, 106, 89, 177, 121, 44, 227, 233, 36, 80, 104,
       59, 192, 34, 101, 36, 173, 117, 204, 111, 201, 11, 82, 243, 167,
       24, 211, 57, 91, 58, 25, 230, 122, 28, 56, 118, 249, 2, 77, 159,
       245, 52, 193, 232, 82, 98, 182, 112, 191, 242, 111, 237, 80, 202,
       155, 179, 176, 24, 46, 223, 109, 59, 171, 153, 247, 16, 42, 103,
       154, 192, 219, 210, 85, 59, 210, 89, 7, 131, 254, 189, 254, 231,
       191, 126, 95, 188, 59, 238, 255, 31, 255, 127, 158, 119, 255, 223,
       253, 239, 249, 243, 249, 238, 251, 255, 239, 183, 103, 255, 198,
       115, 95, 17, 203, 174, 23, 6, 122, 208, 165, 64, 203, 131, 127,
       255, 57, 218, 118, 253, 61, 231, 13, 147, 153, 233, 243, 229, 138,
       4, 47, 243, 57, 24, 45, 93, 86, 222, 252, 159, 110, 240, 253, 136,
       255, 108, 222, 242, 185, 244, 254, 236, 126, 110, 229, 183, 120,
       238, 182, 255, 39, 136, 10, 251, 107, 165, 205, 93, 19, 222, 252,
       157, 110, 252, 253, 136, 254, 76, 254, 243, 169, 244, 254, 251,
       126, 106, 227, 163, 122, 239, 181, 255, 39, 154, 26, 251, 225, 57,
       9, 22, 245, 229, 54, 14, 235, 56, 125, 234, 115, 102, 219, 105,
