%YAML:1.0
---
descriptors: !!opencv-matrix
   rows: 357
   cols: 32
   dt: u
   data: [ 121, 168, 188, 50, 169, 172, 93, 159, 179, 243, 164, 25, 63,
       247, 74, 27, 135, 247, 253, 28, 58, 75, 218, 49, 219, 251, 85,
       125, 162, 212, 138, 90, 141, 188, 215, 243, 172, 238, 237, 159,
       254, 251, 246, 84, 253, 119, 144, 235, 107, 119, 126, 152, 179,
       252, 127, 243, 205, 235, 255, 196, 206, 241, 227, 184, 254, 39,
       230, 230, 253, 90, 222, 232, 187, 164, 187, 139, 75, 238, 31, 146,
       250, 245, 239, 227, 60, 227, 235, 206, 191, 255, 199, 159, 231,
       103, 110, 70, 40, 199, 120, 79, 116, 91, 119, 188, 125, 12, 246,
       40, 251, 95, 143, 117, 90, 220, 206, 106, 232, 176, 109, 255, 231,
       255, 36, 135, 118, 186, 198, 173, 37, 237, 49, 219, 93, 215, 199,
       248, 87, 112, 232, 10, 242, 240, 125, 228, 217, 216, 18, 122, 107,
       98, 122, 191, 173, 156, 135, 60, 18, 123, 80, 166, 88, 168, 255,
       112, 155, 216, 113, 231, 186, 149, 164, 56, 59, 183, 196, 155, 35,
       247, 236, 16, 50, 77, 162, 117, 91, 235, 116, 89, 227, 0, 231,
       235, 208, 184, 157, 184, 187, 205, 17, 151, 174, 25, 32, 24, 190,
       147, 64, 90, 165, 19, 125, 16, 18, 77, 146, 115, 217, 215, 90,
       122, 152, 0, 131, 43, 109, 113, 16, 69, 117, 31, 103, 184, 109,
       232, 110, 76, 222, 80, 5, 180, 144, 76, 84, 110, 197, 176, 121,
       12, 103, 253, 37, 4, 74, 63, 75, 149, 49, 197, 223, 28, 240, 66,
       231, 237, 54, 226, 242, 98, 118, 115, 160, 80, 123, 236, 54, 40,
       105, 250, 73, 94, 184, 174, 231, 4, 105, 112, 242, 169, 12, 121,
       17, 101, 113, 15, 119, 186, 41, 168, 98, 76, 158, 19, 1, 148, 148,
       84, 76, 104, 73, 184, 81, 110, 229, 252, 37, 4, 66, 49, 3, 35,
       173, 227, 96, 11, 95, 25, 147, 200, 82, 117, 245, 175, 107, 200,
       223, 16, 31, 200, 198, 103, 206, 114, 238, 179, 126, 77, 37, 253,
       119, 63, 90, 199, 9, 163, 131, 187, 173, 171, 64, 15, 215, 17,
       105, 1, 231, 194, 104, 204, 216, 42, 34, 16, 30, 184, 206, 177,
       140, 246, 17, 73, 242, 206, 200, 140, 19, 135, 106, 137, 244, 179,
       234, 115, 68, 77, 91, 231, 161, 8, 182, 64, 126, 138, 22, 189,
       150, 184, 5, 221, 46, 13, 170, 192, 253, 142, 248, 205, 208, 25,
       63, 244, 50, 204, 53, 54, 236, 142, 198, 34, 183, 183, 33, 99,
       166, 119, 125, 65, 112, 141, 50, 47, 241, 227, 114, 18, 32, 8, 37,
       123, 183, 237, 246, 255, 252, 15, 254, 252, 127, 162, 250, 218,
       255, 239, 29, 112, 255, 255, 127, 239, 232, 247, 207, 255, 190,
       254, 207, 180, 231, 255, 227, 129, 43, 177, 51, 203, 245, 199,
       191, 117, 15, 73, 124, 102, 60, 21, 164, 164, 220, 27, 23, 216,
       211, 186, 48, 221, 47, 28, 174, 234, 87, 138, 225, 189, 151, 185,
       238, 243, 238, 239, 253, 215, 127, 255, 119, 183, 243, 253, 223,
       121, 127, 238, 127, 223, 147, 248, 255, 243, 94, 123, 255, 128,
       237, 211, 247, 249, 205, 156, 213, 251, 174, 191, 237, 159, 254,
       251, 22, 86, 255, 243, 216, 239, 39, 102, 126, 28, 179, 237, 95,
       243, 204, 251, 119, 212, 174, 200, 137, 49, 104, 172, 185, 120,
       217, 109, 85, 143, 50, 255, 172, 25, 155, 191, 65, 26, 137, 159,
       104, 16, 58, 110, 243, 18, 251, 221, 21, 125, 208, 64, 198, 122,
       99, 239, 111, 187, 252, 216, 253, 167, 255, 127, 254, 61, 171,
       232, 214, 83, 207, 239, 239, 5, 222, 235, 239, 247, 238, 127, 246,
       251, 85, 220, 214, 207, 160, 190, 254, 185, 236, 167, 253, 247,
       190, 31, 246, 247, 189, 175, 198, 75, 239, 187, 111, 133, 186,
       255, 115, 211, 236, 155, 254, 192, 141, 208, 231, 249, 233, 190,
       252, 87, 172, 62, 73, 159, 127, 255, 246, 212, 235, 234, 222, 127,
       87, 238, 108, 28, 191, 252, 255, 227, 206, 251, 119, 208, 238,
       228, 218, 93, 201, 115, 28, 165, 36, 29, 124, 50, 41, 232, 250,
       109, 159, 58, 3, 147, 134, 197, 124, 101, 205, 112, 209, 0, 230,
       249, 96, 148, 104, 168, 74, 27, 31, 69, 66, 204, 214, 151, 238,
       248, 87, 192, 249, 198, 121, 234, 191, 228, 126, 233, 19, 238,
       239, 147, 30, 223, 58, 46, 143, 140, 63, 183, 104, 148, 215, 197,
       234, 238, 245, 23, 254, 233, 127, 174, 255, 31, 107, 232, 62, 16,
       255, 207, 223, 231, 236, 167, 153, 239, 250, 253, 143, 139, 125,
       119, 235, 214, 158, 189, 102, 151, 223, 210, 190, 225, 189, 198,
       251, 147, 236, 238, 62, 133, 239, 251, 223, 167, 116, 147, 88,
       238, 191, 118, 143, 131, 7, 119, 175, 214, 254, 221, 190, 150,
       255, 95, 118, 237, 191, 174, 247, 27, 110, 254, 39, 209, 255, 255,
       255, 99, 108, 119, 153, 255, 183, 183, 79, 63, 16, 124, 173, 87,
       252, 219, 85, 255, 235, 75, 86, 236, 175, 180, 177, 170, 79, 215,
       105, 211, 234, 253, 238, 98, 74, 67, 203, 249, 191, 225, 231, 63,
       50, 59, 166, 163, 29, 255, 187, 239, 158, 135, 183, 216, 126, 232,
       253, 70, 95, 251, 33, 32, 254, 255, 31, 243, 219, 179, 185, 255,
       251, 205, 47, 174, 121, 59, 163, 179, 142, 191, 254, 251, 254,
       251, 254, 83, 63, 191, 247, 179, 237, 191, 150, 73, 239, 255, 255,
       147, 182, 255, 235, 246, 254, 255, 254, 195, 134, 205, 165, 215,
       26, 110, 206, 183, 114, 195, 191, 230, 61, 166, 254, 227, 105,
       175, 131, 16, 126, 255, 231, 192, 96, 219, 133, 238, 118, 39, 191,
       129, 39, 240, 47, 137, 247, 205, 149, 140, 253, 127, 118, 234,
       223, 250, 248, 74, 206, 248, 125, 244, 249, 221, 250, 99, 247, 99,
       251, 255, 191, 126, 207, 63, 146, 125, 248, 6, 150, 237, 255, 255,
       254, 10, 254, 252, 127, 176, 250, 194, 223, 235, 29, 83, 126, 255,
       127, 251, 250, 242, 207, 254, 254, 249, 175, 196, 237, 251, 227,
       129, 192, 141, 23, 221, 200, 106, 37, 39, 244, 82, 74, 82, 181,
       51, 0, 243, 97, 182, 106, 168, 97, 220, 113, 111, 181, 162, 214,
       0, 40, 112, 225, 56, 188, 229, 58, 126, 213, 79, 87, 233, 83, 6,
       237, 24, 66, 241, 42, 16, 216, 218, 128, 98, 120, 55, 72, 63, 115,
       199, 5, 63, 83, 123, 238, 162, 93, 199, 59, 238, 52, 143, 111,
       252, 100, 232, 255, 102, 119, 195, 184, 112, 124, 232, 30, 110,
       201, 177, 41, 63, 250, 237, 37, 192, 120, 187, 208, 49, 57, 199,
       107, 239, 116, 138, 111, 252, 117, 104, 255, 100, 115, 195, 184,
       112, 92, 236, 30, 238, 201, 144, 105, 61, 244, 173, 167, 132, 63,
       187, 112, 33, 135, 188, 213, 215, 236, 119, 236, 255, 63, 243,
       254, 82, 248, 126, 141, 189, 255, 223, 126, 152, 179, 254, 123,
       234, 191, 158, 223, 196, 199, 240, 227, 188, 177, 167, 71, 91,
       214, 187, 238, 247, 116, 97, 123, 222, 115, 96, 156, 181, 122,
       174, 54, 172, 249, 248, 101, 63, 46, 142, 241, 192, 111, 138, 208,
       180, 172, 189, 184, 90, 217, 221, 23, 185, 91, 53, 45, 28, 234,
       253, 74, 148, 153, 122, 192, 82, 106, 106, 250, 55, 111, 213, 5,
       127, 82, 90, 206, 250, 14, 175, 198, 183, 252, 160, 239, 207, 191,
       159, 250, 231, 237, 238, 95, 2, 239, 239, 127, 213, 158, 251, 203,
       227, 252, 190, 255, 193, 197, 86, 231, 217, 49, 207, 206, 15, 198,
       27, 238, 127, 86, 226, 218, 230, 115, 104, 182, 224, 126, 238, 54,
       173, 237, 186, 77, 191, 52, 46, 245, 128, 125, 250, 248, 156, 115,
       56, 241, 116, 45, 221, 84, 87, 235, 107, 176, 125, 42, 156, 212,
       62, 137, 166, 125, 12, 143, 111, 242, 211, 19, 94, 80, 186, 75,
       76, 210, 95, 159, 237, 150, 255, 189, 159, 222, 236, 255, 152,
       246, 2, 238, 122, 14, 165, 249, 247, 238, 226, 111, 239, 91, 255,
       187, 223, 143, 95, 107, 23, 235, 142, 124, 32, 154, 102, 45, 77,
       83, 88, 226, 24, 189, 9, 127, 211, 74, 26, 144, 196, 108, 106, 74,
       35, 138, 49, 211, 205, 97, 57, 98, 155, 206, 66, 171, 188, 255,
       255, 253, 255, 255, 247, 127, 251, 254, 51, 255, 191, 148, 123,
       239, 255, 255, 135, 185, 254, 251, 239, 255, 255, 254, 130, 199,
       253, 231, 255, 157, 79, 119, 207, 116, 2, 111, 184, 101, 72, 255,
       230, 249, 99, 189, 229, 126, 236, 22, 238, 233, 144, 109, 237, 38,
       232, 163, 128, 127, 179, 96, 177, 24, 223, 94, 173, 50, 130, 60,
