%YAML:1.0
---
descriptors: !!opencv-matrix
   rows: 190
   cols: 32
   dt: u
   data: [ 64, 30, 31, 223, 34, 166, 47, 55, 180, 142, 74, 224, 245, 231,
       160, 96, 103, 127, 42, 138, 65, 153, 35, 110, 37, 166, 254, 128,
       0, 226, 37, 57, 53, 81, 27, 69, 85, 70, 102, 112, 116, 224, 231,
       6, 82, 16, 17, 112, 120, 204, 18, 234, 201, 178, 121, 14, 53, 172,
       135, 4, 105, 59, 112, 178, 60, 113, 120, 96, 29, 221, 83, 80, 195,
       160, 180, 8, 31, 153, 65, 48, 152, 153, 213, 90, 74, 35, 248, 128,
       251, 221, 5, 63, 99, 27, 70, 42, 64, 60, 249, 241, 176, 236, 121,
       23, 57, 143, 126, 48, 157, 55, 192, 122, 134, 63, 61, 24, 177,
       216, 177, 74, 207, 189, 54, 192, 128, 192, 135, 57, 221, 74, 125,
       231, 44, 14, 111, 184, 124, 234, 119, 68, 247, 83, 145, 123, 118,
       197, 124, 110, 233, 197, 169, 40, 228, 235, 231, 132, 44, 243, 65,
       49, 77, 51, 147, 225, 160, 46, 121, 17, 58, 187, 19, 84, 222, 51,
       73, 122, 151, 21, 124, 56, 17, 208, 217, 64, 205, 251, 127, 196,
       136, 224, 163, 33, 63, 233, 168, 88, 93, 213, 210, 202, 195, 241,
       172, 11, 42, 216, 118, 166, 201, 233, 210, 211, 14, 107, 210, 145,
       59, 93, 141, 123, 219, 44, 122, 134, 180, 100, 245, 82, 204, 111,
       71, 216, 83, 178, 181, 26, 82, 245, 217, 63, 89, 252, 83, 122,
       169, 103, 248, 186, 123, 142, 197, 60, 231, 251, 86, 160, 61, 85,
       91, 197, 54, 22, 238, 120, 100, 232, 255, 102, 83, 88, 189, 224,
       126, 196, 22, 238, 201, 176, 125, 204, 54, 237, 163, 132, 47, 187,
       120, 181, 53, 81, 113, 77, 68, 14, 71, 120, 101, 160, 235, 74, 83,
       81, 157, 244, 124, 212, 82, 106, 201, 178, 125, 12, 55, 172, 1,
       20, 107, 187, 98, 160, 77, 81, 149, 69, 0, 14, 103, 48, 97, 169,
       35, 76, 214, 51, 129, 246, 144, 84, 108, 104, 145, 208, 249, 8,
       173, 186, 101, 20, 202, 179, 66, 49, 104, 169, 184, 112, 169, 237,
       85, 135, 243, 189, 172, 24, 178, 181, 66, 26, 137, 50, 232, 16,
       26, 107, 194, 51, 203, 213, 20, 123, 194, 88, 198, 42, 96, 161,
       185, 112, 137, 109, 81, 39, 98, 53, 45, 24, 182, 23, 72, 58, 129,
       22, 72, 24, 26, 104, 242, 17, 203, 153, 16, 121, 64, 0, 198, 42,
       189, 20, 253, 115, 165, 127, 87, 187, 83, 251, 61, 30, 91, 125,
       95, 175, 153, 206, 21, 62, 249, 244, 121, 154, 111, 223, 213, 116,
       255, 253, 216, 114, 53, 34, 107, 237, 94, 11, 107, 120, 101, 160,
       241, 238, 83, 75, 177, 112, 122, 140, 94, 238, 137, 167, 101, 220,
       212, 233, 163, 156, 109, 171, 114, 160, 113, 203, 73, 239, 60, 11,
       74, 248, 39, 32, 242, 206, 243, 9, 156, 80, 110, 140, 110, 76,
       203, 59, 205, 181, 220, 233, 163, 252, 125, 139, 98, 168, 212,
       109, 151, 119, 146, 238, 70, 166, 244, 162, 170, 0, 247, 115, 1,
       115, 51, 247, 104, 106, 105, 201, 25, 46, 249, 230, 71, 16, 168,
       115, 33, 42, 65, 152, 151, 94, 137, 236, 97, 151, 235, 17, 162,
       24, 254, 243, 68, 127, 161, 118, 120, 24, 19, 77, 179, 97, 157,
       186, 86, 90, 130, 64, 195, 40, 120, 117, 232, 228, 77, 77, 87,
       120, 33, 228, 172, 8, 83, 183, 67, 18, 24, 220, 85, 106, 72, 3,
       248, 8, 243, 205, 165, 57, 97, 251, 86, 114, 92, 209, 213, 229,
       44, 74, 71, 184, 101, 178, 35, 40, 215, 119, 9, 115, 51, 212, 124,
       106, 73, 208, 217, 12, 205, 235, 101, 20, 40, 179, 68, 35, 124,
       113, 120, 96, 153, 197, 83, 216, 3, 164, 173, 9, 27, 159, 65, 16,
       216, 153, 221, 208, 10, 3, 216, 20, 251, 205, 133, 125, 243, 139,
       78, 34, 188, 6, 102, 229, 68, 18, 234, 120, 117, 162, 247, 66, 91,
       9, 61, 193, 122, 140, 23, 234, 168, 183, 21, 142, 82, 235, 195, 4,
       111, 171, 112, 130, 79, 121, 105, 65, 122, 216, 123, 16, 168, 236,
       31, 173, 253, 95, 211, 48, 22, 181, 221, 239, 195, 0, 244, 12,
       102, 73, 41, 176, 39, 167, 7, 113, 149, 85, 109, 173, 52, 11, 79,
       56, 68, 224, 219, 230, 247, 125, 145, 96, 54, 196, 93, 239, 233,
       176, 125, 31, 224, 173, 171, 148, 60, 187, 17, 113, 244, 229, 156,
       118, 157, 79, 86, 168, 147, 182, 161, 8, 198, 113, 73, 19, 145,
       212, 104, 114, 106, 103, 219, 63, 251, 210, 69, 127, 240, 123, 86,
       2, 123, 48, 176, 117, 33, 220, 88, 23, 123, 233, 84, 125, 62, 157,
       86, 61, 164, 189, 181, 5, 141, 218, 179, 193, 211, 91, 88, 170,
       74, 4, 22, 127, 162, 180, 173, 187, 141, 229, 216, 15, 159, 123,
       129, 25, 164, 255, 92, 73, 205, 27, 251, 145, 62, 79, 219, 147,
       143, 215, 154, 127, 144, 72, 156, 82, 241, 120, 27, 112, 40, 204,
       81, 18, 235, 24, 164, 24, 55, 147, 64, 123, 164, 181, 124, 8, 11,
       111, 178, 33, 211, 249, 112, 56, 96, 0, 67, 43, 59, 105, 96, 73,
       93, 91, 234, 66, 69, 96, 252, 138, 43, 12, 23, 164, 202, 136, 210,
       253, 207, 178, 117, 220, 55, 93, 131, 35, 103, 140, 122, 132, 20,
       245, 87, 119, 150, 139, 103, 236, 247, 182, 235, 6, 83, 113, 41,
       65, 113, 230, 106, 114, 105, 249, 27, 62, 60, 134, 85, 68, 233,
       115, 224, 10, 143, 223, 244, 118, 183, 214, 95, 188, 219, 223, 21,
       181, 125, 253, 223, 175, 151, 127, 181, 127, 247, 72, 46, 191,
       107, 223, 125, 199, 166, 247, 220, 119, 19, 141, 67, 223, 212,
       163, 239, 231, 20, 1, 218, 194, 113, 234, 176, 96, 123, 234, 19,
       140, 59, 152, 28, 255, 56, 46, 174, 192, 189, 202, 240, 168, 218,
       238, 188, 247, 157, 224, 85, 167, 255, 55, 142, 19, 175, 249, 64,
       71, 161, 119, 253, 129, 106, 205, 139, 255, 235, 243, 223, 115, 2,
       116, 149, 42, 104, 188, 189, 113, 169, 239, 21, 159, 27, 246, 36,
       40, 150, 53, 65, 59, 133, 95, 249, 16, 51, 110, 251, 19, 207, 219,
       85, 127, 210, 88, 70, 251, 10, 223, 216, 251, 182, 141, 190, 255,
       31, 15, 124, 247, 237, 235, 170, 64, 255, 123, 167, 86, 242, 184,
       75, 255, 238, 215, 63, 202, 158, 219, 137, 153, 200, 180, 189,
       103, 33, 110, 49, 57, 59, 239, 167, 124, 222, 119, 72, 51, 183,
       85, 125, 34, 49, 84, 249, 2, 207, 251, 97, 182, 72, 98, 7, 115,
       104, 183, 189, 121, 169, 237, 53, 143, 123, 31, 108, 56, 134, 55,
       10, 27, 129, 18, 236, 16, 50, 104, 227, 19, 207, 247, 80, 95, 194,
       64, 199, 107, 103, 253, 135, 154, 217, 245, 111, 238, 187, 252,
       232, 13, 110, 254, 119, 52, 205, 251, 123, 199, 175, 75, 186, 255,
       59, 30, 13, 42, 200, 119, 38, 254, 99, 253, 186, 158, 157, 213,
       87, 230, 223, 223, 140, 24, 190, 254, 102, 118, 193, 235, 251, 81,
       107, 75, 250, 247, 185, 254, 31, 123, 152, 92, 191, 126, 53, 93,
       127, 239, 158, 95, 79, 248, 101, 224, 255, 70, 83, 119, 185, 241,
       122, 196, 92, 234, 233, 177, 125, 60, 179, 233, 167, 20, 61, 187,
       240, 48, 114, 253, 43, 190, 29, 213, 87, 228, 191, 196, 204, 10,
       110, 254, 38, 244, 233, 251, 249, 195, 79, 75, 186, 255, 177, 246,
       143, 59, 16, 127, 182, 126, 213, 81, 93, 231, 180, 30, 78, 188,
       100, 224, 183, 196, 211, 115, 153, 115, 126, 196, 124, 238, 237,
       129, 125, 44, 178, 235, 231, 148, 44, 179, 232, 49, 93, 71, 68, 5,
       48, 26, 110, 56, 53, 162, 95, 228, 211, 34, 147, 244, 54, 196, 28,
       238, 236, 144, 109, 14, 166, 238, 165, 132, 39, 246, 8, 5, 1, 75,
       159, 159, 108, 137, 232, 196, 206, 16, 80, 198, 164, 194, 181, 72,
       234, 105, 42, 76, 71, 216, 70, 113, 132, 48, 250, 40, 28, 153, 33,
       140, 49, 2, 77, 229, 46, 11, 105, 88, 100, 160, 242, 230, 19, 1,
       144, 112, 122, 140, 110, 172, 137, 176, 197, 8, 212, 168, 162,
       148, 109, 136, 114, 160, 25, 119, 88, 39, 113, 31, 118, 120, 109,
       168, 123, 108, 207, 18, 147, 180, 182, 137, 204, 111, 205, 176,
       85, 142, 182, 221, 1, 22, 106, 38, 75, 133, 102, 235, 168, 251,
       56, 193, 155, 136, 134, 60, 149, 171, 225, 207, 203, 66, 207, 243,
       253, 211, 74, 74, 234, 245, 239, 1, 175, 249, 20, 155, 20, 122,
       86, 49, 59, 190, 138, 192, 31, 105, 170, 148, 136, 163, 244, 247,
       96, 82, 182, 121, 107, 209, 82, 75, 170, 121, 249, 128, 47, 185,
       176, 34, 167, 115, 118, 231, 232, 131, 188, 73, 155, 168, 138,
