%YAML:1.0
---
descriptors: !!opencv-matrix
   rows: 92
   cols: 32
   dt: u
   data: [ 48, 239, 90, 72, 21, 159, 242, 87, 253, 5, 252, 71, 34, 201,
       54, 4, 188, 42, 130, 104, 182, 171, 16, 255, 114, 253, 2, 75, 217,
       10, 251, 158, 111, 241, 225, 74, 237, 89, 223, 252, 75, 125, 253,
       173, 106, 253, 222, 180, 223, 218, 247, 94, 223, 42, 254, 241,
       126, 95, 21, 255, 247, 159, 198, 223, 215, 180, 153, 212, 138, 53,
       136, 175, 155, 179, 128, 218, 221, 190, 64, 171, 199, 223, 249,
       145, 187, 79, 219, 242, 153, 80, 159, 254, 141, 0, 187, 44, 37,
       119, 121, 103, 244, 79, 111, 184, 116, 234, 127, 68, 211, 113,
       153, 48, 30, 204, 84, 110, 233, 176, 121, 14, 230, 175, 37, 132,
       105, 251, 194, 241, 16, 205, 62, 252, 20, 203, 115, 102, 244, 128,
       238, 10, 247, 249, 48, 33, 168, 50, 74, 65, 104, 169, 19, 63, 241,
       207, 16, 1, 96, 8, 125, 10, 76, 115, 249, 101, 50, 10, 127, 56,
       104, 236, 127, 237, 223, 119, 201, 82, 54, 85, 125, 106, 193, 144,
       201, 8, 228, 173, 37, 132, 110, 179, 7, 113, 167, 115, 104, 14,
       124, 21, 202, 248, 81, 76, 213, 238, 97, 200, 191, 180, 90, 200,
       22, 238, 207, 38, 110, 255, 54, 77, 161, 173, 63, 191, 122, 245,
       93, 115, 253, 229, 162, 27, 95, 152, 43, 236, 31, 236, 223, 103,
       219, 190, 54, 213, 253, 126, 153, 208, 237, 136, 238, 211, 101,
       180, 166, 183, 6, 113, 7, 237, 247, 223, 220, 191, 174, 236, 127,
       194, 250, 66, 224, 248, 157, 224, 249, 239, 122, 195, 247, 243,
       207, 251, 60, 62, 143, 2, 205, 123, 249, 140, 40, 141, 98, 29,
       116, 219, 226, 39, 85, 69, 126, 171, 227, 40, 182, 196, 88, 174,
       130, 13, 60, 184, 101, 191, 46, 55, 144, 65, 119, 140, 220, 204,
       118, 238, 134, 158, 219, 19, 182, 236, 190, 183, 193, 139, 100,
       230, 43, 221, 249, 215, 235, 227, 124, 67, 202, 255, 185, 38, 223,
       127, 145, 127, 175, 198, 57, 95, 107, 109, 20, 79, 199, 121, 68,
       232, 254, 230, 115, 69, 176, 240, 124, 236, 20, 110, 201, 179,
       117, 28, 240, 237, 161, 144, 125, 186, 240, 241, 18, 15, 86, 237,
       50, 162, 184, 99, 173, 5, 250, 163, 173, 35, 36, 64, 238, 179,
       175, 128, 24, 137, 1, 221, 146, 247, 186, 195, 53, 128, 37, 11,
       80, 75, 159, 100, 10, 11, 5, 32, 236, 180, 170, 104, 231, 224, 33,
       83, 162, 245, 108, 98, 72, 225, 131, 8, 177, 162, 101, 17, 96,
       120, 7, 43, 191, 211, 105, 171, 118, 71, 207, 248, 84, 76, 209,
       239, 113, 76, 190, 32, 126, 200, 23, 239, 207, 54, 110, 191, 112,
       13, 171, 172, 125, 191, 118, 245, 16, 183, 115, 101, 50, 78, 107,
       125, 36, 44, 254, 96, 115, 7, 128, 48, 62, 156, 76, 232, 104, 152,
       97, 29, 229, 172, 32, 128, 97, 130, 70, 249, 40, 160, 226, 25, 85,
       251, 224, 15, 119, 117, 111, 137, 163, 140, 86, 148, 25, 170, 194,
       28, 30, 248, 215, 21, 15, 87, 16, 97, 230, 140, 222, 222, 253,
       113, 121, 65, 118, 91, 127, 184, 97, 228, 191, 172, 91, 85, 223,
       180, 62, 220, 212, 126, 201, 176, 237, 204, 126, 217, 37, 180,
       111, 191, 78, 117, 93, 115, 89, 101, 50, 90, 123, 56, 33, 236,
       119, 236, 223, 69, 219, 180, 54, 220, 220, 110, 193, 176, 233,
       204, 238, 221, 37, 132, 111, 183, 74, 113, 109, 137, 245, 193,
       165, 110, 67, 176, 101, 250, 118, 64, 211, 53, 145, 126, 89, 84,
       62, 106, 57, 176, 121, 174, 207, 254, 193, 84, 194, 171, 84, 96,
       6, 237, 134, 30, 217, 147, 182, 236, 222, 178, 193, 11, 228, 232,
       127, 143, 217, 111, 234, 99, 118, 107, 154, 191, 57, 22, 79, 127,
       208, 127, 185, 134, 230, 170, 214, 150, 13, 179, 132, 160, 219,
       179, 163, 218, 227, 232, 100, 143, 11, 119, 232, 129, 56, 237,
       143, 238, 136, 114, 79, 27, 197, 105, 205, 4, 5, 165, 147, 143,
       220, 27, 166, 236, 126, 162, 218, 74, 226, 232, 29, 96, 249, 207,
       106, 227, 215, 243, 207, 255, 60, 62, 143, 10, 205, 122, 121, 140,
       242, 188, 174, 48, 233, 173, 76, 199, 179, 123, 176, 221, 167,
       173, 80, 155, 141, 147, 253, 21, 63, 79, 210, 51, 155, 211, 124,
       249, 232, 76, 222, 218, 243, 164, 156, 180, 168, 161, 24, 15, 146,
       179, 128, 56, 212, 186, 66, 11, 201, 239, 124, 149, 62, 79, 203,
       210, 152, 146, 223, 253, 140, 64, 139, 14, 221, 172, 156, 184,
       153, 48, 24, 239, 242, 191, 132, 17, 204, 234, 90, 91, 35, 199,
       104, 157, 54, 79, 143, 115, 216, 3, 95, 125, 146, 100, 171, 10,
       54, 239, 202, 174, 208, 131, 110, 232, 23, 164, 232, 139, 97, 239,
       57, 80, 121, 255, 3, 230, 88, 155, 200, 255, 249, 228, 143, 105,
       53, 42, 54, 138, 93, 114, 218, 37, 34, 26, 111, 56, 32, 238, 71,
       236, 95, 7, 203, 54, 54, 204, 124, 110, 193, 208, 165, 72, 244,
       161, 37, 132, 42, 179, 11, 81, 35, 235, 99, 77, 118, 155, 238,
       228, 109, 8, 122, 226, 33, 136, 181, 164, 126, 234, 22, 237, 198,
       186, 36, 255, 54, 44, 166, 128, 119, 158, 122, 141, 38, 238, 130,
       159, 217, 3, 190, 232, 159, 183, 193, 131, 100, 234, 109, 92, 249,
       223, 235, 211, 54, 71, 203, 251, 188, 54, 207, 127, 144, 127, 47,
       134, 7, 7, 68, 133, 180, 2, 238, 57, 52, 232, 91, 231, 209, 98,
       153, 64, 126, 76, 54, 239, 229, 144, 77, 78, 172, 46, 175, 132,
       45, 226, 49, 149, 122, 177, 22, 52, 27, 221, 80, 105, 171, 173,
       161, 61, 111, 223, 66, 144, 166, 177, 205, 0, 28, 75, 146, 149,
       155, 209, 9, 123, 106, 4, 142, 83, 191, 98, 234, 172, 252, 27,
       222, 88, 87, 206, 245, 247, 75, 204, 191, 8, 222, 233, 151, 247,
       204, 182, 100, 138, 86, 77, 169, 171, 245, 191, 252, 197, 210,
       253, 41, 174, 18, 193, 31, 236, 51, 100, 152, 175, 63, 223, 74,
       16, 190, 219, 213, 227, 79, 11, 184, 191, 251, 193, 173, 173, 45,
       19, 39, 90, 11, 208, 123, 235, 117, 221, 251, 81, 109, 77, 125, 7,
       156, 159, 62, 96, 254, 57, 151, 145, 131, 179, 56, 213, 87, 93,
       170, 234, 23, 14, 101, 243, 23, 148, 51, 200, 55, 246, 171, 218,
       109, 93, 219, 82, 92, 158, 190, 100, 247, 19, 31, 185, 179, 151,
       61, 215, 153, 124, 138, 198, 150, 7, 53, 117, 14, 176, 182, 154,
       245, 245, 184, 73, 143, 29, 93, 51, 204, 222, 110, 76, 255, 25,
       179, 145, 22, 50, 42, 208, 15, 85, 155, 239, 150, 15, 173, 215,
       248, 236, 158, 184, 137, 165, 92, 231, 179, 23, 164, 29, 47, 175,
       98, 27, 201, 179, 237, 128, 126, 79, 146, 177, 219, 195, 92, 123,
       178, 84, 174, 74, 152, 94, 127, 253, 54, 242, 127, 54, 181, 206,
       94, 178, 127, 55, 161, 229, 102, 247, 189, 170, 233, 157, 37, 174,
       227, 239, 162, 129, 39, 240, 36, 121, 153, 28, 255, 245, 178, 226,
       61, 54, 180, 194, 70, 178, 253, 55, 161, 105, 39, 119, 61, 168,
       161, 221, 37, 78, 195, 227, 122, 128, 166, 240, 37, 121, 154, 159,
       190, 181, 178, 226, 61, 55, 180, 239, 78, 183, 221, 39, 162, 67,
       39, 55, 189, 161, 240, 221, 37, 206, 232, 231, 254, 193, 166, 228,
       165, 121, 33, 51, 81, 69, 114, 27, 35, 25, 104, 236, 126, 236,
       215, 0, 143, 52, 22, 12, 70, 104, 133, 176, 101, 8, 38, 136, 33,
       52, 99, 170, 71, 245, 205, 212, 157, 85, 168, 126, 117, 191, 248,
       251, 38, 124, 215, 55, 138, 123, 7, 86, 108, 44, 181, 92, 241, 6,
       239, 255, 117, 84, 202, 240, 139, 121, 128, 83, 117, 101, 32, 15,
       109, 55, 53, 44, 118, 236, 243, 7, 128, 17, 62, 148, 109, 104,
       104, 188, 113, 13, 229, 170, 96, 0, 97, 176, 70, 57, 86, 131, 3,
       162, 187, 225, 24, 205, 175, 93, 161, 191, 79, 206, 110, 156, 255,
       131, 207, 181, 30, 3, 10, 212, 152, 208, 158, 223, 176, 6, 175,
       87, 60, 225, 106, 98, 86, 75, 251, 232, 66, 224, 245, 11, 83, 221,
       95, 48, 58, 220, 83, 251, 204, 179, 188, 62, 123, 205, 133, 117,
       101, 187, 86, 194, 168, 108, 62, 126, 21, 205, 103, 34, 245, 134,
       102, 8, 179, 245, 49, 49, 136, 250, 96, 74, 104, 189, 114, 46,
       227, 251, 80, 1, 66, 121, 70, 170, 45, 21, 121, 69, 116, 15, 111,
       58, 116, 232, 126, 100, 211, 49, 145, 116, 62, 76, 22, 108, 233,
       176, 113, 14, 109, 255, 37, 132, 107, 232, 66, 177, 25, 91, 66,
