%YAML:1.0
---
descriptors: !!opencv-matrix
   rows: 118
   cols: 32
   dt: u
   data: [ 2, 233, 17, 186, 252, 193, 178, 204, 142, 29, 89, 107, 164,
       223, 104, 64, 219, 123, 3, 83, 82, 11, 74, 247, 61, 20, 159, 107,
       144, 26, 165, 139, 68, 4, 220, 231, 96, 46, 105, 16, 120, 178,
       111, 88, 215, 35, 201, 122, 55, 68, 125, 14, 128, 212, 217, 64,
       197, 191, 115, 4, 136, 243, 67, 32, 198, 228, 240, 190, 254, 161,
       190, 175, 154, 178, 16, 155, 237, 234, 92, 67, 151, 127, 121, 147,
       114, 77, 142, 243, 172, 22, 223, 252, 148, 112, 145, 8, 117, 185,
       147, 174, 173, 205, 71, 223, 235, 203, 232, 72, 190, 242, 64, 60,
       149, 235, 108, 24, 27, 43, 250, 51, 153, 222, 23, 122, 200, 82,
       195, 109, 2, 164, 156, 187, 250, 233, 184, 175, 158, 51, 25, 185,
       132, 162, 72, 8, 207, 27, 107, 17, 50, 72, 203, 215, 12, 22, 30,
       126, 148, 72, 129, 129, 117, 115, 249, 103, 116, 15, 107, 24, 96,
       172, 255, 76, 211, 97, 153, 48, 92, 220, 68, 110, 137, 178, 233,
       8, 245, 173, 33, 148, 105, 187, 86, 49, 17, 141, 222, 213, 180,
       138, 110, 39, 116, 130, 126, 66, 251, 35, 176, 100, 114, 238, 62,
       200, 112, 248, 5, 238, 230, 175, 230, 0, 167, 224, 233, 168, 133,
       180, 253, 241, 236, 173, 249, 31, 126, 123, 49, 252, 157, 183,
       216, 43, 167, 11, 126, 28, 179, 124, 235, 210, 204, 155, 127, 228,
       156, 200, 129, 241, 252, 65, 94, 236, 15, 94, 95, 184, 165, 228,
       247, 10, 91, 119, 43, 115, 118, 212, 125, 234, 105, 195, 121, 140,
       243, 235, 229, 149, 34, 187, 100, 114, 215, 66, 255, 244, 110, 8,
       109, 16, 249, 210, 183, 250, 223, 47, 149, 123, 103, 229, 125,
       238, 233, 71, 231, 194, 214, 251, 251, 152, 37, 241, 99, 113, 244,
       96, 190, 112, 77, 47, 81, 216, 227, 190, 180, 25, 26, 217, 69, 27,
       169, 212, 67, 90, 40, 103, 154, 128, 91, 217, 69, 63, 193, 121,
       66, 130, 87, 22, 103, 5, 50, 62, 107, 48, 125, 226, 75, 228, 89,
       110, 151, 245, 54, 173, 125, 175, 165, 208, 53, 206, 22, 126, 139,
       130, 47, 231, 67, 117, 124, 85, 55, 238, 29, 198, 86, 48, 197,
       200, 171, 64, 86, 249, 41, 243, 208, 244, 124, 98, 105, 163, 88,
       140, 179, 249, 1, 26, 122, 59, 100, 51, 111, 166, 169, 73, 253,
       253, 203, 155, 95, 125, 13, 29, 128, 205, 94, 108, 221, 10, 51,
       29, 158, 48, 251, 147, 79, 93, 145, 253, 214, 207, 214, 246, 196,
       236, 133, 151, 150, 160, 39, 143, 250, 147, 10, 82, 244, 226, 73,
       74, 113, 238, 42, 146, 114, 92, 203, 243, 172, 38, 255, 108, 160,
       112, 177, 8, 236, 233, 213, 243, 237, 15, 70, 189, 83, 187, 177,
       89, 195, 105, 92, 139, 217, 70, 110, 90, 122, 124, 219, 178, 47,
       219, 245, 124, 219, 249, 216, 138, 132, 141, 215, 254, 252, 171,
       150, 239, 223, 147, 120, 88, 238, 232, 44, 73, 211, 107, 106, 34,
       50, 111, 10, 255, 168, 190, 87, 126, 212, 121, 129, 137, 101, 229,
       169, 79, 141, 77, 71, 169, 99, 226, 237, 8, 243, 113, 31, 54, 24,
       206, 120, 110, 201, 98, 255, 43, 111, 254, 197, 60, 107, 250, 210,
       120, 128, 164, 157, 187, 218, 105, 33, 175, 62, 51, 73, 146, 213,
       99, 72, 73, 115, 11, 106, 144, 50, 88, 95, 87, 76, 6, 95, 101,
       176, 64, 133, 162, 109, 75, 93, 101, 36, 14, 111, 184, 109, 168,
       126, 76, 215, 1, 145, 114, 22, 100, 108, 110, 193, 176, 233, 40,
       230, 249, 101, 128, 74, 179, 66, 33, 121, 163, 154, 38, 245, 30,
       90, 221, 107, 233, 250, 76, 255, 235, 90, 240, 148, 207, 124, 92,
       159, 250, 248, 33, 219, 253, 37, 104, 202, 130, 202, 9, 9, 91, 87,
       69, 112, 143, 234, 54, 124, 136, 126, 68, 190, 49, 132, 180, 38,
       54, 118, 104, 193, 184, 17, 110, 36, 190, 34, 0, 74, 128, 67, 169,
       54, 188, 191, 63, 234, 173, 150, 239, 31, 251, 248, 185, 102, 255,
       76, 25, 221, 255, 247, 22, 58, 251, 203, 243, 63, 94, 85, 250,
       209, 253, 166, 219, 253, 119, 149, 238, 169, 15, 94, 248, 59, 170,
       185, 76, 223, 115, 9, 179, 220, 213, 124, 106, 233, 99, 219, 186,
       177, 251, 103, 190, 88, 251, 195, 1, 19, 217, 63, 237, 50, 134,
       63, 180, 44, 72, 94, 226, 253, 215, 161, 96, 182, 125, 63, 238,
       193, 153, 49, 237, 245, 237, 46, 130, 44, 178, 33, 57, 16, 143,
       158, 253, 149, 134, 110, 167, 244, 128, 234, 64, 163, 163, 48, 66,
       96, 230, 42, 200, 120, 185, 3, 111, 224, 239, 86, 1, 65, 240, 233,
       8, 36, 237, 17, 170, 217, 141, 166, 238, 30, 49, 168, 73, 165,
       210, 104, 128, 221, 91, 2, 81, 83, 42, 90, 53, 168, 212, 15, 126,
       216, 26, 131, 138, 1, 180, 157, 241, 236, 169, 185, 159, 254, 123,
       56, 124, 157, 183, 216, 42, 167, 11, 126, 28, 147, 120, 235, 211,
       204, 159, 127, 228, 156, 200, 129, 177, 23, 21, 111, 69, 178, 62,
       111, 49, 125, 224, 111, 148, 89, 62, 158, 116, 54, 141, 121, 173,
       177, 144, 53, 206, 151, 62, 139, 132, 173, 230, 227, 116, 132,
       140, 151, 158, 190, 43, 182, 239, 222, 179, 242, 80, 238, 226, 40,
       207, 211, 103, 106, 42, 48, 239, 75, 255, 184, 182, 87, 94, 216,
       120, 161, 161, 49, 249, 191, 106, 61, 143, 67, 220, 239, 41, 172,
       8, 247, 208, 16, 52, 144, 242, 92, 120, 139, 43, 120, 61, 185,
       252, 5, 122, 64, 3, 66, 45, 101, 253, 169, 79, 157, 63, 70, 172,
       83, 243, 173, 28, 210, 120, 92, 52, 217, 206, 120, 110, 63, 114,
       249, 55, 47, 222, 133, 116, 219, 123, 210, 116, 242, 67, 78, 140,
       15, 2, 68, 105, 197, 150, 179, 15, 98, 72, 54, 83, 232, 228, 108,
       227, 108, 231, 197, 205, 176, 162, 195, 19, 37, 56, 124, 6, 57,
       171, 58, 97, 52, 143, 91, 221, 103, 108, 255, 77, 159, 155, 82,
       48, 148, 140, 84, 92, 222, 187, 232, 21, 251, 253, 37, 228, 74,
       138, 202, 193, 69, 48, 159, 97, 176, 111, 107, 144, 96, 249, 59,
       76, 215, 55, 193, 58, 181, 85, 124, 62, 145, 208, 177, 64, 205,
       159, 37, 228, 200, 227, 163, 113, 33, 160, 156, 65, 237, 121, 96,
       223, 99, 63, 60, 24, 130, 48, 222, 62, 201, 74, 102, 24, 30, 122,
       235, 49, 14, 158, 84, 119, 218, 201, 218, 142, 44, 127, 152, 175,
       176, 162, 78, 208, 182, 41, 105, 101, 247, 227, 33, 80, 221, 255,
       5, 194, 10, 144, 72, 59, 228, 165, 39, 176, 152, 243, 2, 147, 41,
       189, 122, 72, 93, 221, 86, 119, 71, 77, 252, 9, 42, 157, 54, 180,
       216, 186, 146, 8, 222, 58, 114, 183, 119, 221, 16, 123, 115, 142,
       222, 206, 197, 60, 157, 55, 41, 47, 96, 146, 254, 250, 35, 92,
       222, 51, 65, 27, 133, 100, 108, 30, 169, 244, 219, 42, 141, 251,
       81, 22, 200, 97, 67, 3, 209, 88, 221, 237, 42, 14, 111, 56, 104,
       202, 67, 68, 245, 119, 145, 115, 118, 69, 124, 110, 225, 212, 241,
       43, 229, 171, 234, 128, 40, 243, 3, 48, 96, 171, 140, 33, 184,
       207, 17, 167, 166, 189, 136, 41, 151, 3, 66, 18, 129, 37, 109, 17,
       90, 74, 192, 20, 205, 213, 61, 125, 128, 0, 7, 75, 125, 116, 240,
       103, 101, 126, 251, 216, 107, 230, 191, 8, 207, 127, 95, 190, 191,
       221, 220, 250, 140, 246, 253, 202, 223, 221, 7, 55, 231, 247, 79,
       247, 137, 174, 199, 181, 222, 35, 111, 255, 54, 163, 74, 246, 253,
       226, 225, 65, 115, 110, 42, 188, 115, 220, 143, 255, 108, 134,
       255, 108, 172, 240, 161, 168, 240, 66, 206, 132, 78, 8, 228, 40,
       233, 182, 178, 143, 66, 40, 23, 91, 104, 196, 110, 227, 76, 103,
       199, 192, 148, 34, 202, 25, 37, 56, 126, 6, 57, 233, 57, 106, 52,
       159, 67, 252, 103, 40, 184, 72, 191, 81, 16, 176, 144, 232, 76,
       90, 203, 171, 120, 61, 251, 221, 37, 112, 98, 138, 66, 41, 248, 1,
       126, 108, 141, 20, 85, 117, 225, 156, 166, 8, 90, 255, 4, 51, 200,
       244, 253, 106, 248, 99, 178, 136, 243, 249, 68, 27, 67, 48, 230,
       34, 93, 37, 145, 225, 146, 46, 108, 31, 59, 163, 107, 80, 223, 50,
       200, 252, 119, 159, 44, 184, 57, 208, 209, 66, 140, 230, 23, 68,
       170, 226, 161, 36, 1, 207, 122, 93, 116, 154, 236, 55, 125, 13,
       126, 4, 171, 136, 182, 100, 34, 42, 6, 12, 198, 184, 37, 111, 38,
       254, 50, 0, 70, 136, 233, 76, 244, 106, 158, 118, 45, 137, 213,
