%YAML:1.0
---
descriptors: !!opencv-matrix
   rows: 261
   cols: 32
   dt: u
   data: [ 37, 103, 108, 71, 116, 27, 238, 96, 93, 164, 255, 202, 235,
       105, 157, 32, 90, 236, 70, 239, 204, 178, 237, 238, 118, 127, 130,
       17, 71, 251, 122, 132, 55, 101, 75, 167, 240, 2, 238, 252, 184,
       160, 250, 231, 221, 115, 153, 80, 126, 237, 87, 239, 97, 146, 200,
       254, 244, 175, 175, 132, 45, 243, 99, 136, 29, 71, 94, 231, 242,
       11, 111, 248, 52, 162, 127, 238, 223, 99, 137, 64, 62, 196, 110,
       110, 97, 177, 13, 110, 244, 139, 39, 132, 106, 251, 9, 32, 87,
       155, 134, 183, 130, 50, 188, 151, 60, 247, 10, 215, 141, 38, 82,
       203, 39, 71, 251, 149, 181, 217, 149, 224, 140, 99, 222, 196, 172,
       85, 169, 92, 82, 237, 19, 190, 91, 192, 156, 238, 191, 23, 200,
       163, 44, 238, 36, 210, 231, 251, 235, 193, 110, 75, 146, 247, 177,
       230, 154, 59, 17, 84, 175, 222, 37, 124, 218, 64, 250, 191, 242,
       210, 95, 234, 62, 110, 16, 154, 231, 56, 255, 217, 22, 184, 165,
       247, 52, 218, 30, 143, 37, 102, 217, 249, 72, 133, 53, 151, 40,
       171, 180, 46, 199, 249, 86, 77, 217, 87, 215, 104, 58, 64, 253,
       10, 23, 47, 222, 176, 93, 151, 224, 108, 170, 196, 125, 78, 241,
       195, 93, 71, 223, 215, 214, 142, 175, 244, 252, 128, 127, 198,
       253, 227, 185, 96, 118, 108, 42, 254, 193, 176, 59, 238, 125, 175,
       103, 0, 45, 187, 97, 160, 52, 221, 66, 169, 223, 131, 230, 232,
       22, 160, 217, 199, 113, 209, 97, 64, 121, 200, 43, 243, 106, 51,
       95, 159, 124, 134, 135, 60, 125, 123, 112, 146, 200, 60, 25, 93,
       17, 206, 48, 55, 57, 234, 102, 16, 190, 23, 0, 241, 145, 63, 88,
       8, 97, 220, 112, 127, 135, 255, 18, 2, 10, 64, 39, 59, 221, 114,
       122, 100, 130, 30, 117, 113, 121, 134, 119, 28, 95, 91, 8, 51,
       182, 189, 196, 106, 245, 247, 176, 14, 243, 233, 101, 4, 107, 162,
       231, 51, 8, 153, 16, 186, 121, 205, 18, 231, 191, 29, 97, 1, 174,
       219, 32, 208, 131, 59, 206, 16, 22, 11, 26, 247, 171, 247, 16,
       123, 90, 4, 175, 11, 84, 53, 189, 118, 184, 106, 87, 152, 235,
       186, 171, 40, 215, 247, 73, 91, 147, 214, 108, 114, 56, 99, 219,
       108, 251, 179, 101, 60, 192, 243, 198, 51, 227, 96, 244, 156, 109,
       60, 248, 6, 235, 123, 178, 93, 142, 136, 95, 255, 207, 197, 254,
       21, 167, 103, 198, 193, 22, 120, 210, 59, 206, 212, 218, 5, 94,
       38, 255, 244, 146, 226, 57, 67, 185, 135, 239, 179, 79, 231, 33,
       91, 55, 245, 237, 176, 48, 209, 160, 72, 219, 231, 91, 67, 160,
       225, 167, 115, 254, 48, 226, 122, 203, 253, 145, 66, 171, 87, 181,
       25, 42, 221, 127, 155, 169, 147, 215, 17, 30, 103, 178, 193, 83,
       89, 88, 251, 199, 77, 126, 214, 45, 237, 237, 69, 221, 55, 207,
       191, 83, 242, 60, 6, 89, 125, 215, 35, 29, 206, 49, 238, 249, 122,
       255, 191, 111, 79, 229, 36, 191, 245, 242, 248, 185, 199, 99, 109,
       118, 139, 111, 121, 84, 4, 124, 230, 115, 65, 176, 181, 126, 168,
       6, 238, 233, 178, 100, 31, 100, 205, 161, 128, 119, 170, 98, 233,
       47, 253, 237, 95, 202, 23, 207, 188, 83, 226, 124, 142, 89, 109,
       223, 35, 31, 222, 51, 238, 241, 210, 255, 190, 111, 75, 229, 180,
       111, 255, 208, 244, 237, 188, 189, 87, 252, 110, 117, 191, 82,
       251, 6, 24, 211, 121, 88, 107, 17, 118, 121, 24, 177, 252, 249,
       42, 111, 175, 245, 20, 194, 232, 212, 106, 250, 112, 254, 122, 75,
       244, 209, 72, 171, 95, 181, 25, 10, 221, 94, 187, 137, 145, 253,
       17, 142, 71, 178, 209, 83, 121, 88, 191, 199, 21, 126, 119, 88,
       184, 58, 242, 58, 224, 25, 67, 166, 29, 173, 49, 191, 247, 98, 80,
       167, 187, 221, 144, 26, 73, 162, 55, 219, 197, 58, 105, 160, 0,
       167, 115, 193, 176, 183, 90, 11, 204, 1, 15, 254, 91, 130, 24,
       190, 214, 72, 111, 165, 51, 122, 17, 35, 77, 187, 113, 153, 178,
       90, 58, 144, 64, 165, 125, 210, 204, 14, 254, 11, 192, 29, 230,
       180, 6, 194, 131, 108, 247, 33, 83, 224, 247, 233, 192, 104, 143,
       130, 239, 209, 231, 218, 139, 32, 16, 37, 42, 168, 52, 120, 101,
       116, 78, 121, 55, 113, 239, 118, 24, 147, 23, 146, 49, 24, 158,
       85, 40, 233, 188, 113, 14, 231, 255, 48, 0, 98, 144, 198, 251,
       221, 239, 125, 231, 234, 15, 127, 252, 55, 242, 254, 131, 255,
       111, 201, 83, 127, 223, 95, 238, 232, 246, 201, 125, 254, 235,
       103, 164, 101, 242, 43, 153, 211, 6, 195, 133, 150, 50, 110, 119,
       52, 226, 218, 199, 121, 110, 184, 228, 119, 239, 29, 175, 165,
       157, 61, 206, 184, 46, 175, 132, 45, 230, 185, 93, 215, 76, 135,
       190, 15, 102, 111, 162, 181, 210, 194, 22, 125, 102, 51, 239, 98,
       229, 56, 207, 109, 197, 55, 239, 145, 106, 218, 0, 45, 117, 33,
       124, 252, 119, 204, 101, 200, 15, 94, 185, 0, 166, 175, 205, 83,
       97, 1, 19, 28, 244, 225, 110, 248, 242, 217, 10, 118, 235, 69, 53,
       107, 251, 202, 144, 240, 168, 121, 120, 170, 232, 65, 31, 162, 31,
       162, 56, 55, 151, 192, 123, 39, 150, 109, 152, 58, 79, 162, 49,
       219, 225, 112, 120, 160, 128, 166, 107, 94, 175, 222, 240, 178,
       34, 61, 231, 185, 181, 135, 177, 141, 167, 64, 91, 39, 215, 237,
       148, 48, 217, 129, 100, 218, 227, 254, 197, 164, 193, 175, 51, 37,
       239, 48, 5, 116, 14, 102, 176, 120, 236, 123, 76, 210, 32, 151,
       20, 180, 76, 68, 110, 197, 240, 217, 46, 36, 60, 37, 132, 72, 179,
       91, 197, 56, 35, 80, 248, 13, 25, 80, 108, 195, 164, 160, 11, 10,
       153, 68, 159, 200, 144, 234, 96, 12, 99, 195, 148, 155, 209, 85,
       59, 115, 12, 94, 2, 177, 87, 111, 77, 38, 27, 79, 120, 85, 202,
       127, 230, 115, 36, 181, 101, 126, 228, 4, 110, 237, 180, 101, 14,
       226, 239, 96, 128, 127, 251, 112, 125, 76, 55, 157, 100, 184, 106,
       86, 152, 170, 186, 186, 232, 223, 119, 201, 91, 135, 213, 108,
       114, 41, 65, 201, 72, 252, 179, 103, 156, 136, 243, 3, 49, 252,
       85, 23, 252, 153, 102, 86, 234, 181, 138, 226, 8, 98, 123, 41,
       211, 208, 244, 232, 98, 109, 199, 17, 191, 179, 242, 69, 27, 58,
       121, 104, 18, 235, 46, 224, 144, 237, 188, 252, 71, 251, 95, 176,
       29, 168, 168, 87, 159, 207, 139, 223, 21, 182, 111, 214, 210, 30,
       30, 222, 187, 207, 212, 219, 223, 227, 152, 240, 208, 237, 188,
       252, 7, 251, 123, 178, 92, 142, 154, 86, 255, 231, 135, 254, 1,
       231, 111, 214, 194, 23, 122, 86, 63, 202, 92, 203, 141, 41, 29,
       250, 255, 213, 247, 242, 103, 87, 39, 126, 23, 105, 249, 54, 224,
       251, 171, 162, 1, 52, 186, 113, 191, 87, 255, 146, 3, 247, 204,
       236, 206, 219, 52, 85, 209, 41, 126, 72, 7, 237, 50, 166, 80, 174,
       18, 132, 255, 234, 151, 252, 40, 57, 205, 113, 192, 147, 248, 210,
       18, 66, 68, 65, 60, 33, 33, 249, 97, 116, 73, 235, 8, 106, 9, 120,
       104, 147, 137, 212, 48, 154, 12, 70, 72, 131, 176, 192, 0, 100,
       156, 34, 32, 65, 130, 67, 161, 188, 112, 51, 238, 61, 71, 211, 72,
       37, 136, 241, 11, 94, 223, 41, 16, 248, 185, 95, 227, 8, 167, 91,
       220, 209, 209, 171, 29, 81, 59, 38, 82, 92, 57, 154, 172, 59, 203,
       50, 224, 172, 164, 235, 40, 223, 243, 105, 208, 178, 253, 236, 98,
       8, 51, 152, 136, 211, 231, 3, 63, 162, 43, 15, 3, 189, 31, 83,
       235, 246, 167, 111, 112, 20, 74, 127, 230, 89, 3, 176, 49, 126,
       170, 22, 238, 241, 176, 117, 63, 100, 207, 160, 128, 127, 219,
       224, 177, 36, 45, 104, 205, 92, 75, 226, 232, 93, 160, 248, 11,
       227, 105, 29, 0, 88, 204, 66, 235, 200, 178, 213, 238, 119, 62,
       129, 41, 109, 187, 90, 130, 248, 190, 247, 82, 171, 249, 81, 211,
       243, 63, 165, 56, 42, 183, 68, 159, 35, 242, 236, 24, 58, 111,
       170, 51, 219, 219, 84, 123, 226, 192, 198, 35, 199, 232, 237, 151,
       162, 208, 47, 164, 190, 211, 19, 151, 253, 238, 222, 107, 39, 103,
       125, 223, 247, 220, 175, 227, 172, 42, 255, 192, 172, 183, 169,
       85, 29, 69, 27, 239, 22, 6, 175, 248, 124, 128, 95, 66, 93, 195,
       185, 100, 118, 109, 62, 238, 225, 177, 61, 206, 244, 239, 175, 4,
