%YAML:1.0
---
descriptors: !!opencv-matrix
   rows: 141
   cols: 32
   dt: u
   data: [ 216, 184, 183, 248, 137, 253, 81, 198, 171, 91, 164, 24, 191,
       223, 66, 59, 167, 179, 253, 16, 59, 79, 242, 177, 219, 211, 81,
       123, 154, 68, 167, 123, 220, 42, 191, 240, 170, 104, 81, 144, 178,
       191, 151, 185, 215, 231, 193, 91, 39, 245, 109, 18, 56, 197, 171,
       32, 216, 195, 117, 181, 160, 241, 5, 99, 252, 244, 121, 104, 25,
       109, 83, 200, 3, 240, 181, 9, 91, 221, 73, 51, 223, 213, 127, 114,
       75, 99, 251, 151, 251, 217, 1, 63, 113, 171, 102, 115, 208, 121,
       127, 116, 34, 74, 85, 181, 176, 158, 166, 57, 119, 87, 1, 83, 34,
       244, 109, 234, 104, 199, 161, 13, 243, 235, 100, 16, 96, 176, 230,
       123, 120, 249, 123, 101, 48, 202, 119, 180, 100, 76, 254, 45, 247,
       87, 130, 112, 94, 252, 93, 110, 201, 184, 241, 45, 231, 237, 32,
       128, 96, 154, 70, 123, 138, 219, 54, 222, 43, 208, 188, 230, 189,
       29, 84, 179, 172, 223, 34, 197, 230, 59, 179, 193, 66, 142, 2,
       255, 103, 115, 218, 139, 22, 20, 173, 219, 255, 255, 230, 143,
       212, 55, 78, 253, 87, 234, 222, 206, 123, 104, 159, 245, 127, 238,
       54, 239, 253, 242, 109, 190, 62, 111, 229, 148, 175, 255, 248, 85,
       38, 96, 18, 128, 205, 203, 176, 65, 142, 180, 145, 3, 140, 210,
       96, 94, 249, 189, 202, 176, 20, 247, 202, 208, 29, 16, 143, 127,
       209, 46, 37, 134, 164, 72, 154, 190, 77, 196, 148, 64, 156, 138,
       81, 19, 172, 216, 33, 72, 216, 121, 162, 67, 64, 166, 210, 138,
       149, 247, 134, 43, 21, 120, 61, 130, 142, 253, 254, 190, 251, 251,
       183, 238, 158, 215, 95, 179, 108, 252, 239, 43, 183, 123, 179,
       211, 119, 253, 175, 255, 126, 71, 95, 207, 141, 127, 173, 223, 55,
       87, 67, 142, 246, 6, 238, 252, 28, 64, 217, 231, 113, 200, 189,
       192, 126, 203, 23, 255, 131, 146, 12, 239, 60, 44, 175, 204, 157,
       187, 177, 145, 79, 177, 238, 101, 51, 22, 121, 56, 103, 220, 87,
       167, 249, 127, 158, 230, 54, 93, 253, 237, 133, 208, 191, 205, 79,
       123, 235, 133, 39, 166, 45, 245, 165, 172, 191, 247, 164, 175,
       110, 178, 119, 187, 243, 24, 251, 121, 25, 57, 153, 254, 117, 139,
       185, 254, 91, 231, 207, 255, 213, 64, 192, 233, 242, 40, 63, 83,
       32, 218, 237, 93, 85, 89, 135, 126, 149, 175, 11, 252, 239, 191,
       220, 152, 151, 102, 141, 67, 126, 144, 211, 217, 225, 191, 186,
       255, 92, 247, 239, 180, 118, 88, 233, 213, 152, 123, 219, 254,
       148, 185, 108, 253, 254, 181, 159, 49, 255, 37, 230, 71, 242, 223,
       91, 95, 77, 191, 87, 236, 30, 247, 206, 248, 191, 127, 73, 253,
       121, 216, 255, 219, 100, 16, 252, 255, 93, 123, 193, 123, 123,
       158, 162, 84, 250, 241, 79, 251, 215, 44, 130, 117, 103, 234, 225,
       167, 79, 5, 52, 158, 234, 48, 104, 225, 171, 77, 243, 8, 150, 240,
       80, 36, 104, 109, 175, 248, 245, 13, 172, 41, 163, 80, 76, 130,
       90, 76, 245, 95, 78, 175, 46, 2, 79, 248, 4, 226, 211, 231, 83,
       105, 187, 67, 126, 228, 61, 239, 237, 151, 93, 174, 240, 43, 239,
       148, 45, 191, 56, 81, 194, 243, 179, 146, 255, 157, 176, 204, 203,
       189, 16, 127, 172, 216, 253, 143, 175, 91, 207, 81, 198, 111, 138,
       240, 60, 16, 31, 239, 197, 28, 147, 143, 70, 43, 147, 146, 255,
       249, 188, 71, 139, 181, 153, 251, 140, 136, 245, 142, 139, 43,
       234, 17, 22, 107, 198, 224, 28, 84, 30, 251, 212, 79, 135, 141,
       123, 222, 103, 78, 102, 18, 239, 116, 121, 72, 119, 230, 121, 232,
       182, 113, 126, 237, 55, 239, 229, 246, 172, 237, 118, 107, 234,
       136, 111, 182, 243, 245, 19, 95, 74, 189, 18, 128, 186, 230, 180,
       69, 90, 231, 45, 143, 51, 64, 102, 43, 147, 197, 230, 153, 6, 255,
       96, 39, 186, 128, 61, 20, 57, 89, 48, 240, 189, 253, 110, 239, 17,
       88, 207, 241, 245, 10, 246, 215, 96, 122, 250, 252, 122, 24, 3,
       103, 251, 221, 221, 178, 67, 126, 80, 40, 5, 163, 124, 121, 253,
       231, 172, 79, 95, 184, 35, 234, 158, 108, 215, 119, 65, 50, 23,
       212, 125, 106, 73, 67, 249, 58, 251, 207, 229, 180, 170, 251, 6,
       115, 55, 98, 85, 225, 110, 11, 250, 88, 31, 32, 243, 202, 94, 9,
       157, 137, 190, 221, 119, 111, 129, 242, 201, 208, 148, 152, 43,
       148, 93, 187, 83, 129, 1, 4, 214, 85, 197, 63, 230, 183, 125, 163,
       110, 24, 211, 97, 20, 60, 57, 238, 66, 44, 56, 248, 121, 110, 39,
       158, 85, 0, 201, 248, 194, 160, 110, 176, 189, 208, 239, 253, 185,
       219, 143, 251, 181, 58, 156, 156, 94, 171, 175, 147, 255, 17, 183,
       111, 250, 208, 223, 27, 223, 255, 205, 77, 223, 247, 191, 19, 233,
       236, 237, 125, 95, 121, 129, 252, 189, 237, 91, 125, 247, 183,
       206, 208, 215, 111, 221, 35, 110, 144, 243, 217, 101, 190, 31,
       255, 92, 241, 96, 187, 142, 190, 169, 205, 84, 197, 171, 25, 168,
       41, 166, 251, 72, 90, 201, 243, 237, 81, 30, 75, 218, 49, 185,
       247, 220, 123, 200, 18, 158, 11, 158, 122, 232, 226, 77, 245, 91,
       220, 195, 254, 180, 167, 41, 159, 127, 172, 239, 217, 159, 210,
       142, 39, 254, 242, 219, 221, 135, 191, 183, 151, 108, 95, 104, 91,
       123, 101, 52, 79, 111, 48, 116, 236, 118, 108, 247, 21, 145, 112,
       118, 252, 95, 106, 201, 176, 113, 15, 229, 173, 32, 128, 104, 179,
       70, 121, 10, 151, 48, 139, 245, 151, 190, 191, 31, 77, 94, 118,
       204, 124, 62, 196, 221, 27, 151, 33, 246, 184, 105, 255, 47, 22,
       190, 198, 22, 12, 189, 223, 23, 77, 103, 222, 245, 146, 239, 242,
       221, 194, 219, 198, 104, 236, 181, 228, 122, 234, 23, 207, 229,
       187, 46, 255, 48, 62, 142, 138, 15, 255, 113, 252, 183, 143, 239,
       127, 244, 58, 239, 184, 127, 226, 251, 86, 123, 105, 157, 113,
       251, 207, 119, 107, 185, 240, 109, 255, 126, 255, 231, 132, 239,
       251, 208, 33, 200, 233, 190, 251, 205, 205, 116, 167, 255, 61,
       166, 24, 190, 249, 64, 91, 129, 119, 107, 82, 114, 109, 155, 177,
       239, 251, 86, 123, 210, 88, 197, 42, 22, 79, 111, 239, 54, 2, 111,
       248, 36, 140, 219, 231, 97, 103, 177, 65, 126, 228, 15, 238, 232,
       147, 45, 172, 240, 237, 175, 128, 37, 187, 52, 105, 17, 95, 110,
       175, 54, 2, 238, 248, 68, 200, 223, 231, 115, 72, 179, 96, 126,
       236, 30, 239, 237, 176, 77, 173, 244, 45, 175, 128, 125, 187, 120,
       145, 181, 95, 109, 71, 52, 26, 238, 248, 84, 232, 251, 230, 115,
       76, 157, 229, 126, 236, 22, 238, 233, 178, 109, 63, 54, 237, 167,
       132, 125, 187, 80, 181, 181, 84, 109, 71, 44, 111, 207, 56, 68,
       238, 183, 238, 83, 101, 157, 47, 126, 212, 126, 238, 233, 180,
       125, 30, 68, 138, 225, 148, 127, 251, 84, 241, 107, 52, 116, 252,
       111, 245, 152, 123, 219, 239, 156, 185, 140, 252, 214, 188, 159,
       49, 255, 37, 148, 107, 246, 223, 219, 95, 89, 191, 87, 204, 159,
       223, 219, 112, 228, 101, 55, 86, 120, 24, 127, 236, 86, 179, 201,
       31, 150, 239, 182, 157, 253, 237, 204, 212, 181, 205, 199, 251,
       251, 199, 39, 164, 124, 127, 220, 62, 158, 52, 170, 40, 89, 18,
       160, 182, 166, 157, 159, 167, 67, 27, 167, 245, 237, 145, 40, 79,
       146, 0, 209, 227, 123, 121, 168, 112, 15, 82, 124, 177, 81, 232,
       61, 111, 83, 248, 3, 248, 177, 8, 219, 95, 73, 177, 217, 149, 92,
       98, 107, 98, 251, 156, 249, 217, 1, 62, 91, 171, 70, 51, 19, 93,
       91, 239, 23, 134, 191, 246, 52, 8, 94, 70, 124, 243, 33, 96, 126,
       255, 23, 234, 225, 153, 17, 239, 241, 174, 170, 130, 45, 50, 33,
       187, 120, 187, 156, 186, 169, 189, 84, 135, 207, 29, 168, 41, 174,
       249, 74, 218, 129, 115, 236, 16, 30, 43, 218, 177, 219, 215, 116,
       123, 144, 74, 143, 27, 62, 112, 232, 234, 169, 84, 92, 220, 135,
       223, 181, 183, 10, 222, 255, 238, 205, 145, 159, 209, 207, 39,
       122, 208, 219, 221, 190, 255, 255, 159, 252, 87, 164, 172, 156,
       247, 140, 239, 74, 170, 254, 179, 227, 24, 247, 233, 89, 59, 201,
       238, 104, 26, 58, 254, 219, 35, 207, 175, 245, 81, 192, 105, 82,
       2, 126, 101, 108, 38, 91, 75, 215, 232, 67, 228, 169, 171, 67,
