%YAML:1.0
---
descriptors: !!opencv-matrix
   rows: 59
   cols: 32
   dt: u
   data: [ 135, 206, 231, 159, 236, 242, 173, 238, 94, 211, 82, 242, 232,
       236, 182, 237, 127, 111, 59, 159, 183, 220, 111, 255, 44, 50, 223,
       192, 151, 245, 181, 252, 61, 253, 112, 10, 157, 159, 198, 232, 77,
       224, 185, 78, 154, 216, 255, 180, 216, 136, 94, 111, 207, 35, 92,
       253, 178, 88, 5, 126, 95, 31, 218, 148, 31, 79, 98, 143, 86, 146,
       238, 112, 21, 140, 95, 199, 105, 106, 183, 196, 126, 237, 23, 239,
       204, 145, 13, 254, 50, 108, 171, 128, 63, 175, 121, 197, 33, 67,
       123, 101, 116, 10, 107, 60, 113, 232, 126, 204, 243, 65, 145, 116,
       126, 236, 22, 238, 201, 176, 109, 14, 102, 188, 33, 132, 109, 179,
       66, 185, 42, 163, 96, 138, 221, 193, 250, 237, 31, 5, 108, 139,
       40, 207, 46, 20, 216, 139, 131, 144, 86, 58, 66, 245, 63, 84, 146,
       107, 83, 14, 254, 206, 95, 123, 224, 2, 239, 54, 254, 152, 43,
       245, 157, 175, 72, 108, 223, 190, 183, 197, 253, 247, 158, 65,
       173, 224, 62, 94, 141, 255, 175, 247, 251, 85, 2, 156, 26, 217,
       147, 227, 50, 103, 30, 67, 78, 178, 188, 54, 34, 96, 243, 59, 155,
       144, 55, 152, 49, 255, 207, 151, 154, 67, 152, 72, 173, 26, 11,
       143, 38, 171, 183, 147, 186, 239, 78, 73, 89, 167, 168, 232, 62,
       64, 254, 43, 147, 149, 182, 184, 13, 255, 108, 28, 138, 195, 157,
       14, 249, 223, 10, 173, 18, 139, 85, 229, 178, 238, 30, 5, 88, 3,
       172, 218, 34, 192, 216, 59, 131, 17, 22, 58, 88, 255, 45, 20, 138,
       107, 18, 14, 45, 138, 62, 177, 240, 67, 243, 249, 63, 220, 11,
       109, 61, 175, 78, 253, 206, 180, 55, 219, 151, 83, 151, 16, 188,
       243, 127, 93, 45, 239, 247, 215, 143, 247, 130, 32, 86, 157, 127,
       171, 248, 75, 63, 165, 242, 27, 174, 138, 22, 72, 238, 141, 255,
       129, 0, 255, 195, 213, 148, 58, 218, 227, 69, 12, 41, 143, 95, 83,
       193, 165, 54, 18, 238, 24, 36, 232, 219, 231, 89, 10, 155, 192,
       126, 205, 30, 239, 141, 146, 69, 200, 180, 109, 171, 132, 45, 183,
       56, 21, 59, 18, 96, 193, 117, 30, 216, 16, 105, 76, 182, 163, 11,
       30, 150, 180, 238, 153, 151, 237, 140, 178, 100, 196, 215, 217,
       130, 131, 103, 142, 124, 87, 195, 16, 112, 192, 101, 188, 248, 82,
       201, 89, 180, 59, 140, 31, 182, 63, 238, 145, 159, 149, 134, 47,
       32, 192, 151, 88, 154, 187, 22, 140, 75, 223, 62, 29, 127, 224,
       183, 235, 243, 230, 77, 224, 62, 14, 30, 57, 37, 32, 170, 187, 19,
       81, 49, 185, 48, 190, 251, 221, 1, 115, 239, 13, 81, 162, 31, 124,
       225, 161, 199, 108, 173, 218, 50, 242, 16, 199, 157, 45, 81, 143,
       63, 77, 181, 239, 129, 84, 157, 192, 133, 74, 239, 164, 239, 245,
       19, 241, 58, 16, 96, 224, 103, 90, 248, 64, 9, 0, 180, 139, 15,
       31, 20, 20, 238, 145, 151, 225, 136, 178, 80, 192, 151, 217, 138,
       131, 103, 142, 118, 135, 25, 159, 107, 220, 22, 134, 107, 115, 85,
       73, 223, 246, 121, 239, 176, 96, 124, 186, 22, 168, 185, 187, 36,
       223, 250, 239, 170, 192, 63, 138, 240, 177, 17, 133, 65, 237, 22,
       195, 200, 111, 85, 1, 200, 130, 49, 10, 48, 224, 106, 139, 18,
       140, 27, 154, 85, 223, 181, 236, 154, 64, 61, 136, 96, 136, 25,
       133, 122, 236, 22, 134, 232, 127, 117, 1, 222, 134, 61, 11, 48,
       64, 122, 171, 19, 172, 186, 171, 21, 223, 211, 237, 154, 8, 63,
       136, 97, 168, 38, 172, 16, 138, 85, 229, 178, 202, 14, 5, 120, 11,
       172, 216, 102, 132, 217, 57, 131, 81, 6, 58, 88, 255, 13, 20, 139,
       107, 209, 15, 93, 134, 10, 156, 34, 155, 85, 247, 186, 230, 31,
       79, 94, 19, 172, 254, 38, 196, 217, 59, 147, 1, 38, 156, 115, 255,
       47, 119, 154, 67, 146, 13, 61, 222, 127, 123, 224, 4, 247, 86,
       222, 220, 35, 236, 156, 175, 73, 46, 223, 180, 190, 221, 245, 247,
       156, 18, 173, 200, 58, 93, 141, 175, 167, 247, 254, 87, 2, 201,
       22, 153, 86, 139, 188, 231, 61, 0, 82, 3, 44, 131, 32, 65, 226,
       43, 3, 192, 64, 152, 0, 253, 45, 32, 158, 66, 20, 8, 161, 138,
       130, 205, 50, 140, 221, 211, 190, 103, 204, 0, 250, 2, 172, 138,
       52, 100, 232, 187, 202, 193, 68, 171, 0, 221, 53, 48, 138, 75, 85,
       8, 169, 142, 242, 77, 70, 188, 77, 67, 94, 101, 177, 130, 240, 11,
       106, 207, 37, 21, 248, 245, 207, 226, 104, 167, 16, 238, 179, 122,
       198, 27, 99, 252, 230, 14, 61, 81, 67, 77, 84, 31, 230, 248, 85,
       224, 250, 70, 115, 88, 189, 244, 120, 236, 22, 238, 205, 178, 125,
       15, 54, 172, 165, 4, 127, 187, 120, 180, 194, 32, 86, 153, 109,
       217, 248, 68, 47, 125, 247, 26, 172, 138, 86, 77, 238, 157, 255,
       145, 2, 254, 227, 209, 150, 48, 218, 195, 6, 13, 169, 205, 221,
       90, 255, 229, 36, 110, 123, 16, 112, 238, 247, 102, 211, 55, 147,
       123, 126, 244, 61, 234, 169, 180, 245, 42, 215, 235, 227, 128,
       109, 251, 100, 113, 2, 140, 14, 233, 240, 227, 59, 199, 14, 73,
       90, 162, 181, 54, 32, 96, 201, 51, 27, 144, 19, 156, 33, 255, 111,
       135, 190, 195, 148, 74, 181, 27, 203, 188, 134, 155, 203, 240,
       188, 207, 191, 211, 192, 215, 236, 254, 99, 207, 231, 239, 251,
       149, 55, 95, 158, 243, 156, 114, 223, 203, 158, 84, 171, 222, 58,
       1, 112, 225, 87, 22, 120, 80, 1, 36, 247, 2, 11, 31, 48, 20, 126,
       157, 151, 224, 12, 178, 17, 204, 147, 217, 130, 135, 103, 142,
       124, 130, 189, 84, 107, 229, 244, 6, 239, 240, 85, 234, 127, 230,
       91, 61, 185, 96, 126, 220, 55, 238, 233, 176, 53, 138, 102, 239,
       164, 132, 111, 251, 112, 241, 174, 181, 227, 218, 237, 241, 191,
       207, 159, 95, 188, 179, 40, 252, 126, 141, 239, 187, 147, 147,
       246, 47, 58, 243, 127, 87, 159, 251, 151, 93, 245, 255, 127, 147,
       239, 1, 214, 30, 235, 249, 83, 229, 158, 207, 89, 44, 223, 38,
       127, 196, 181, 189, 157, 240, 189, 204, 62, 79, 173, 228, 239,
       174, 216, 212, 162, 177, 57, 154, 204, 197, 181, 237, 94, 52, 113,
       27, 144, 156, 124, 1, 217, 27, 19, 115, 114, 62, 90, 87, 125, 8,
       174, 108, 85, 8, 247, 138, 6, 169, 155, 179, 182, 133, 187, 200,
       174, 145, 25, 2, 220, 195, 104, 72, 183, 89, 59, 219, 18, 16, 138,
       240, 205, 148, 143, 236, 132, 3, 129, 163, 194, 77, 6, 156, 77,
       128, 252, 103, 189, 2, 218, 2, 44, 170, 48, 65, 232, 167, 23, 161,
       104, 159, 0, 207, 53, 50, 218, 10, 20, 120, 177, 142, 98, 77, 70,
       156, 205, 6, 252, 103, 169, 130, 248, 11, 40, 186, 37, 151, 232,
       231, 195, 162, 64, 171, 18, 204, 55, 58, 214, 11, 65, 124, 230,
       142, 6, 72, 146, 142, 205, 229, 178, 200, 142, 4, 89, 3, 236, 250,
       103, 204, 216, 123, 163, 67, 6, 34, 90, 240, 21, 20, 139, 43, 144,
       127, 45, 134, 177, 85, 79, 77, 20, 31, 206, 120, 84, 232, 242, 70,
       115, 72, 181, 225, 124, 236, 94, 239, 237, 179, 117, 12, 50, 233,
       165, 148, 109, 186, 120, 149, 147, 6, 106, 173, 118, 34, 235, 112,
       84, 204, 219, 231, 81, 74, 191, 64, 126, 173, 23, 173, 172, 149,
       5, 206, 116, 47, 170, 128, 61, 174, 120, 193, 134, 159, 46, 187,
       182, 179, 186, 231, 94, 93, 87, 183, 228, 72, 58, 65, 255, 35,
       159, 245, 246, 252, 13, 255, 238, 67, 190, 195, 157, 12, 185, 219,
       78, 157, 238, 254, 255, 244, 158, 255, 159, 223, 156, 167, 108,
       255, 126, 98, 239, 243, 191, 211, 247, 75, 58, 247, 123, 95, 143,
       235, 159, 119, 173, 95, 220, 193, 22, 238, 133, 86, 94, 49, 165,
       4, 207, 3, 75, 119, 42, 213, 114, 148, 189, 234, 92, 131, 25, 140,
       243, 251, 198, 7, 50, 182, 172, 2, 151, 193, 239, 234, 150, 2,
       175, 249, 188, 81, 215, 214, 93, 239, 248, 96, 119, 213, 63, 255,
       241, 193, 60, 196, 248, 107, 175, 204, 173, 162, 161, 241, 35, 72,
       174, 159, 68, 100, 185, 70, 90, 199, 88, 3, 176, 252, 55, 42, 216,
       107, 51, 133, 132, 242, 246, 105, 69, 47, 254, 129, 197, 120, 117,
       222, 34, 187, 98, 74, 119, 217, 187, 103, 63, 77, 124, 175, 40,
       140, 182, 4, 190, 187, 151, 21, 150, 186, 36, 247, 62, 84, 8, 235,
       87, 142, 183, 223, 43, 185, 226, 77, 119, 212, 186, 199, 107, 77,
