%YAML:1.0
---
descriptors: !!opencv-matrix
   rows: 116
   cols: 32
   dt: u
   data: [ 156, 85, 115, 163, 150, 43, 103, 240, 117, 38, 219, 118, 87,
       81, 185, 68, 123, 202, 31, 254, 120, 176, 125, 42, 244, 197, 38,
       4, 231, 251, 160, 225, 2, 254, 174, 183, 150, 143, 181, 167, 30,
       25, 82, 114, 244, 252, 88, 64, 253, 123, 187, 81, 114, 252, 75,
       119, 173, 38, 255, 194, 197, 88, 145, 171, 101, 244, 209, 68, 84,
       76, 67, 156, 115, 163, 36, 8, 19, 243, 65, 54, 25, 204, 16, 56,
       41, 82, 248, 10, 109, 140, 133, 44, 202, 242, 66, 168, 65, 61, 45,
       37, 160, 15, 125, 55, 40, 238, 46, 77, 183, 45, 146, 19, 132, 102,
       125, 45, 193, 248, 241, 12, 237, 186, 117, 16, 72, 224, 195, 89,
       165, 183, 105, 65, 244, 15, 235, 249, 86, 232, 61, 204, 211, 12,
       221, 37, 31, 28, 86, 60, 235, 246, 125, 30, 44, 28, 165, 244, 77,
       170, 82, 245, 252, 113, 252, 231, 237, 95, 95, 248, 33, 188, 183,
       44, 91, 127, 75, 51, 30, 244, 245, 106, 233, 114, 249, 168, 255,
       201, 101, 181, 107, 251, 206, 243, 152, 188, 191, 252, 3, 252,
       113, 71, 191, 91, 102, 16, 63, 191, 32, 123, 161, 59, 252, 16, 51,
       253, 178, 163, 203, 247, 86, 67, 234, 64, 167, 59, 93, 132, 149,
       247, 173, 110, 69, 189, 38, 187, 171, 64, 215, 113, 9, 78, 1, 70,
       108, 42, 25, 225, 89, 44, 201, 254, 117, 20, 234, 251, 193, 32,
       128, 142, 31, 191, 48, 174, 121, 39, 188, 19, 106, 21, 247, 35,
       32, 73, 165, 35, 106, 5, 51, 188, 19, 127, 205, 182, 82, 64, 200,
       0, 161, 24, 196, 127, 151, 245, 164, 14, 101, 55, 248, 170, 34,
       76, 247, 35, 65, 91, 132, 102, 108, 106, 233, 248, 209, 42, 237,
       247, 101, 16, 136, 240, 199, 57, 229, 108, 153, 101, 56, 47, 71,
       186, 19, 170, 40, 88, 215, 51, 65, 50, 149, 84, 124, 106, 41, 116,
       217, 62, 237, 223, 37, 52, 80, 251, 66, 32, 64, 188, 63, 252, 144,
       236, 49, 55, 188, 11, 74, 16, 180, 183, 0, 115, 167, 63, 125, 8,
       114, 201, 147, 111, 249, 175, 50, 74, 0, 64, 167, 107, 163, 124,
       108, 231, 93, 31, 231, 124, 75, 234, 244, 14, 242, 56, 23, 33,
       216, 236, 119, 111, 237, 118, 249, 191, 119, 95, 193, 56, 93, 63,
       82, 206, 77, 81, 125, 103, 52, 74, 71, 176, 117, 232, 247, 32,
       211, 117, 155, 115, 82, 212, 124, 106, 233, 240, 121, 44, 237,
       175, 229, 20, 108, 187, 80, 113, 85, 165, 120, 66, 182, 127, 79,
       189, 119, 37, 79, 8, 83, 55, 216, 112, 55, 222, 21, 248, 218, 154,
       249, 54, 251, 205, 165, 229, 164, 195, 198, 96, 2, 157, 191, 251,
       219, 199, 187, 214, 158, 89, 80, 38, 188, 223, 33, 64, 239, 59,
       19, 209, 51, 156, 58, 255, 109, 134, 186, 194, 152, 9, 37, 251,
       126, 233, 74, 186, 29, 153, 90, 232, 171, 20, 141, 139, 239, 202,
       123, 144, 251, 233, 207, 231, 78, 3, 206, 245, 186, 241, 139, 63,
       62, 63, 58, 6, 60, 113, 120, 111, 104, 75, 87, 248, 49, 164, 253,
       40, 83, 95, 11, 48, 88, 221, 69, 226, 72, 178, 89, 28, 243, 205,
       33, 53, 105, 179, 102, 146, 153, 244, 95, 97, 115, 30, 118, 184,
       61, 10, 118, 108, 223, 23, 9, 177, 182, 157, 212, 106, 97, 148,
       25, 46, 231, 235, 32, 6, 106, 179, 43, 59, 45, 37, 233, 71, 244,
       79, 231, 152, 82, 234, 189, 74, 211, 117, 221, 48, 89, 204, 86,
       126, 185, 242, 253, 10, 111, 141, 165, 52, 239, 251, 82, 240, 31,
       23, 90, 190, 150, 146, 190, 232, 124, 200, 223, 231, 77, 234, 191,
       97, 254, 237, 190, 247, 231, 177, 15, 207, 186, 239, 175, 131, 61,
       127, 41, 135, 80, 253, 31, 246, 178, 192, 63, 231, 176, 11, 194,
       177, 125, 247, 8, 81, 55, 247, 253, 131, 106, 217, 139, 111, 240,
       167, 126, 129, 36, 80, 167, 11, 216, 125, 159, 166, 162, 74, 55,
       166, 160, 226, 170, 40, 255, 55, 193, 82, 35, 247, 108, 114, 97,
       205, 129, 42, 248, 231, 101, 18, 168, 243, 39, 59, 101, 169, 192,
       71, 221, 28, 230, 172, 107, 225, 168, 76, 66, 232, 220, 182, 216,
       198, 96, 92, 221, 122, 222, 96, 46, 60, 5, 60, 203, 254, 218, 132,
       205, 84, 125, 229, 52, 78, 107, 56, 125, 232, 87, 96, 223, 87,
       145, 101, 86, 84, 125, 106, 233, 148, 105, 78, 229, 184, 35, 132,
       38, 179, 69, 113, 77, 84, 113, 69, 96, 126, 107, 58, 125, 234,
       127, 76, 219, 87, 157, 245, 55, 204, 126, 46, 225, 148, 253, 204,
       135, 254, 33, 132, 10, 243, 64, 117, 133, 83, 213, 85, 224, 30,
       236, 61, 125, 251, 114, 116, 218, 62, 140, 255, 150, 70, 102, 124,
       245, 252, 113, 194, 46, 250, 118, 198, 202, 176, 203, 149, 216,
       120, 31, 124, 9, 205, 81, 22, 160, 134, 166, 8, 191, 147, 1, 83,
       160, 240, 73, 72, 104, 171, 178, 40, 209, 233, 80, 56, 98, 144,
       70, 42, 96, 177, 184, 64, 236, 237, 65, 7, 235, 37, 172, 8, 50,
       177, 68, 50, 200, 146, 106, 24, 26, 43, 242, 17, 219, 156, 0, 120,
       192, 72, 194, 42, 249, 201, 68, 236, 13, 30, 68, 32, 225, 180,
       174, 9, 107, 105, 19, 211, 200, 228, 236, 110, 76, 99, 211, 137,
       243, 249, 193, 25, 99, 190, 122, 74, 197, 34, 219, 101, 240, 14,
       99, 16, 121, 170, 115, 88, 215, 19, 65, 24, 182, 76, 68, 126, 49,
       244, 201, 10, 207, 239, 37, 4, 224, 163, 67, 161, 184, 233, 56,
       105, 21, 207, 67, 156, 86, 37, 230, 24, 243, 81, 2, 16, 216, 168,
       76, 124, 122, 184, 81, 63, 235, 207, 165, 81, 114, 136, 220, 42,
       120, 165, 136, 186, 157, 221, 84, 207, 195, 53, 172, 25, 171, 232,
       74, 146, 201, 139, 236, 17, 94, 107, 218, 179, 187, 213, 149, 127,
       210, 76, 218, 14, 18, 143, 123, 250, 179, 242, 27, 231, 191, 5,
       238, 163, 47, 191, 38, 80, 231, 187, 173, 144, 26, 137, 34, 255,
       251, 247, 30, 83, 179, 64, 165, 107, 47, 249, 249, 195, 242, 205,
       187, 220, 11, 237, 125, 239, 189, 220, 222, 36, 158, 89, 23, 93,
       215, 58, 252, 245, 110, 29, 45, 238, 223, 142, 131, 245, 122, 237,
       10, 186, 25, 193, 86, 238, 131, 21, 172, 11, 47, 203, 98, 16, 233,
       235, 205, 211, 94, 11, 218, 181, 251, 213, 141, 127, 51, 31, 190,
       74, 165, 118, 60, 109, 45, 63, 68, 27, 91, 234, 249, 93, 195, 24,
       23, 185, 220, 172, 76, 46, 173, 38, 81, 158, 135, 219, 65, 58,
       218, 249, 90, 133, 43, 56, 36, 8, 77, 189, 208, 75, 207, 240, 161,
       76, 170, 152, 86, 166, 200, 168, 250, 13, 159, 107, 223, 209, 23,
       88, 145, 63, 91, 12, 88, 134, 246, 126, 237, 198, 232, 82, 79,
       188, 49, 254, 190, 168, 115, 119, 139, 55, 93, 212, 253, 234, 233,
       214, 237, 42, 243, 227, 229, 149, 39, 247, 118, 125, 151, 121, 86,
       37, 103, 31, 190, 252, 249, 234, 147, 206, 204, 104, 149, 163,
       190, 229, 214, 231, 229, 245, 29, 252, 182, 90, 79, 182, 77, 63,
       139, 149, 72, 36, 243, 64, 242, 104, 97, 18, 41, 175, 46, 56, 31,
       183, 193, 62, 35, 62, 68, 24, 17, 248, 160, 64, 93, 220, 53, 32,
       226, 193, 7, 235, 88, 121, 190, 118, 19, 204, 53, 103, 232, 132,
       110, 1, 62, 255, 33, 50, 162, 119, 105, 65, 64, 233, 178, 109,
       243, 227, 94, 3, 96, 48, 167, 107, 212, 123, 158, 53, 162, 14,
       127, 176, 176, 174, 130, 253, 213, 103, 193, 91, 54, 245, 109,
       230, 232, 197, 139, 106, 248, 162, 111, 128, 40, 241, 37, 17, 228,
       225, 236, 30, 205, 89, 87, 140, 211, 245, 165, 25, 66, 229, 79,
       91, 89, 204, 234, 114, 62, 102, 255, 49, 95, 3, 69, 61, 243, 255,
       222, 214, 67, 151, 35, 141, 176, 166, 171, 183, 44, 73, 90, 68,
       244, 54, 152, 100, 212, 15, 63, 173, 147, 152, 241, 127, 173, 60,
       170, 196, 8, 130, 177, 125, 82, 227, 18, 110, 90, 131, 46, 109,
       164, 0, 74, 193, 101, 203, 48, 80, 178, 47, 123, 225, 82, 153,
       135, 127, 48, 164, 14, 72, 4, 130, 163, 136, 156, 195, 126, 173,
       54, 10, 127, 248, 60, 172, 95, 167, 95, 235, 170, 64, 118, 205,
       63, 230, 200, 145, 9, 78, 240, 237, 175, 132, 37, 179, 37, 211,
       21, 31, 62, 188, 182, 130, 126, 248, 118, 204, 219, 167, 245, 234,
       51, 64, 126, 233, 62, 231, 204, 179, 15, 253, 250, 231, 175, 137,
       61, 187, 41, 147, 252, 97, 252, 227, 169, 95, 95, 152, 51, 254,
