%YAML:1.0
---
descriptors: !!opencv-matrix
   rows: 213
   cols: 32
   dt: u
   data: [ 213, 90, 252, 231, 36, 78, 111, 184, 112, 206, 246, 166, 211,
       119, 155, 115, 118, 244, 125, 238, 232, 212, 253, 40, 247, 235,
       231, 132, 45, 179, 100, 113, 130, 74, 135, 188, 66, 132, 172, 98,
       188, 6, 66, 215, 172, 199, 33, 72, 228, 123, 43, 199, 66, 141, 2,
       107, 5, 38, 250, 136, 17, 1, 37, 184, 207, 144, 189, 241, 173,
       124, 181, 159, 251, 251, 22, 54, 220, 59, 74, 107, 163, 87, 253,
       17, 51, 77, 251, 192, 207, 219, 127, 247, 138, 112, 129, 51, 211,
       247, 142, 167, 170, 38, 62, 238, 55, 218, 218, 247, 64, 234, 79,
       83, 189, 207, 125, 247, 254, 211, 139, 226, 186, 36, 255, 134,
       173, 119, 162, 159, 29, 12, 103, 218, 23, 182, 107, 82, 245, 192,
       207, 134, 121, 227, 55, 228, 124, 168, 26, 156, 187, 131, 54, 254,
       91, 237, 138, 72, 191, 207, 112, 116, 57, 36, 170, 236, 93, 245,
       203, 74, 215, 0, 204, 2, 49, 201, 57, 96, 248, 168, 18, 189, 10,
       163, 50, 155, 211, 205, 131, 25, 179, 106, 112, 162, 251, 247,
       204, 132, 219, 22, 124, 255, 51, 255, 222, 247, 201, 98, 202, 87,
       125, 199, 255, 164, 255, 91, 213, 207, 254, 103, 223, 239, 175,
       84, 171, 223, 169, 184, 53, 241, 236, 143, 173, 119, 172, 59, 112,
       122, 156, 29, 144, 129, 111, 25, 87, 25, 211, 254, 66, 213, 109,
       26, 126, 192, 69, 136, 195, 185, 112, 99, 104, 108, 54, 75, 87,
       120, 5, 164, 230, 169, 71, 13, 0, 20, 30, 148, 69, 98, 72, 178,
       65, 28, 242, 180, 1, 51, 103, 190, 86, 75, 40, 165, 33, 163, 124,
       201, 227, 101, 142, 97, 121, 233, 179, 141, 80, 128, 200, 42, 195,
       85, 83, 58, 76, 189, 109, 17, 40, 104, 85, 14, 215, 248, 6, 185,
       166, 131, 199, 64, 188, 205, 175, 125, 82, 131, 140, 190, 126, 75,
       255, 75, 179, 211, 214, 218, 27, 224, 31, 16, 222, 199, 149, 6,
       181, 206, 2, 110, 162, 159, 87, 160, 190, 198, 30, 7, 88, 135,
       104, 238, 63, 0, 255, 107, 147, 135, 134, 146, 14, 235, 36, 52,
       154, 139, 149, 95, 53, 206, 2, 193, 16, 201, 151, 131, 156, 165,
       4, 1, 82, 2, 36, 9, 48, 64, 72, 18, 19, 225, 82, 24, 1, 149, 43,
       32, 142, 199, 20, 8, 180, 10, 220, 94, 220, 116, 170, 10, 23, 184,
       178, 190, 182, 185, 215, 115, 203, 91, 23, 84, 236, 98, 104, 69,
       203, 34, 250, 163, 101, 159, 160, 241, 14, 35, 10, 204, 50, 155,
       117, 247, 186, 226, 95, 5, 88, 3, 236, 204, 49, 196, 217, 59, 147,
       145, 6, 186, 120, 255, 175, 86, 139, 139, 151, 95, 53, 222, 53,
       75, 103, 74, 84, 147, 199, 113, 197, 64, 245, 66, 113, 72, 180,
       165, 88, 40, 2, 234, 217, 169, 44, 157, 50, 42, 162, 0, 119, 170,
       240, 164, 26, 147, 70, 232, 138, 130, 60, 113, 132, 4, 219, 231,
       13, 199, 232, 64, 118, 185, 191, 165, 209, 155, 6, 212, 210, 97,
       170, 206, 63, 134, 165, 209, 50, 203, 106, 154, 78, 145, 207, 231,
       135, 68, 208, 207, 33, 136, 182, 0, 110, 170, 135, 207, 206, 43,
       6, 189, 50, 8, 188, 185, 117, 156, 252, 205, 10, 192, 18, 137,
       245, 151, 188, 71, 29, 15, 95, 19, 140, 154, 34, 196, 253, 57,
       131, 129, 82, 188, 0, 215, 37, 86, 154, 71, 22, 12, 189, 135, 252,
       62, 252, 65, 168, 123, 81, 91, 115, 191, 180, 56, 27, 49, 195, 63,
       9, 212, 236, 56, 56, 110, 227, 18, 218, 207, 117, 253, 227, 233,
       70, 35, 67, 33, 228, 197, 199, 148, 184, 69, 75, 125, 85, 131, 8,
       12, 214, 174, 174, 31, 243, 157, 212, 248, 183, 192, 31, 24, 218,
       227, 71, 4, 223, 222, 6, 177, 162, 129, 197, 192, 184, 193, 175,
       213, 211, 3, 204, 222, 126, 66, 250, 25, 187, 209, 82, 147, 154,
       192, 29, 16, 143, 199, 5, 38, 53, 194, 206, 190, 180, 243, 171,
       248, 181, 151, 191, 191, 22, 177, 172, 190, 197, 235, 167, 87,
       255, 17, 50, 93, 171, 243, 206, 211, 127, 231, 134, 84, 141, 123,
       10, 133, 128, 143, 213, 146, 174, 173, 15, 5, 73, 19, 236, 232,
       60, 196, 217, 43, 147, 161, 86, 56, 72, 255, 44, 52, 143, 71, 22,
       78, 185, 134, 169, 216, 41, 218, 77, 213, 193, 236, 195, 80, 164,
       10, 178, 217, 120, 161, 201, 10, 18, 79, 75, 46, 250, 181, 79,
       217, 208, 124, 91, 24, 80, 186, 131, 22, 111, 9, 116, 179, 169,
       127, 84, 75, 211, 246, 144, 28, 182, 96, 110, 33, 22, 173, 181,
       189, 37, 223, 36, 46, 186, 192, 221, 140, 241, 213, 27, 45, 103,
       131, 151, 183, 233, 71, 21, 225, 223, 147, 25, 47, 86, 172, 105,
       139, 19, 157, 187, 152, 53, 230, 95, 77, 154, 192, 167, 205, 176,
       248, 215, 62, 213, 5, 170, 42, 30, 154, 59, 250, 186, 253, 207,
       38, 197, 223, 135, 197, 236, 53, 173, 68, 197, 202, 140, 242, 111,
       150, 140, 245, 3, 85, 191, 190, 227, 150, 246, 114, 190, 255, 27,
       202, 216, 247, 104, 252, 191, 165, 127, 255, 183, 167, 245, 199,
       174, 239, 62, 118, 255, 143, 143, 119, 190, 221, 213, 190, 140,
       190, 140, 60, 92, 186, 254, 247, 130, 221, 199, 232, 90, 75, 197,
       199, 108, 23, 191, 103, 223, 51, 216, 227, 255, 125, 136, 249,
       153, 84, 85, 170, 156, 170, 172, 60, 92, 158, 238, 191, 139, 77,
       247, 234, 83, 218, 133, 199, 108, 21, 158, 1, 219, 113, 218, 247,
       255, 125, 136, 115, 139, 2, 198, 182, 119, 246, 99, 92, 125, 48,
       185, 222, 55, 249, 108, 207, 220, 159, 167, 215, 245, 231, 243,
       213, 138, 227, 91, 121, 109, 130, 7, 133, 135, 113, 33, 139, 102,
       138, 148, 145, 134, 233, 196, 64, 89, 70, 225, 72, 191, 225, 88,
       34, 18, 111, 223, 168, 110, 189, 34, 8, 138, 64, 93, 15, 120, 204,
       253, 157, 238, 70, 246, 54, 207, 252, 81, 234, 254, 238, 91, 105,
       159, 101, 127, 198, 54, 238, 253, 243, 109, 190, 126, 47, 229,
       148, 111, 255, 216, 85, 55, 81, 235, 170, 230, 69, 223, 220, 23,
       78, 221, 239, 83, 205, 255, 40, 126, 200, 23, 231, 203, 50, 46,
       179, 114, 93, 173, 172, 119, 255, 246, 241, 66, 154, 138, 147,
       226, 128, 56, 135, 47, 93, 74, 231, 172, 46, 71, 88, 231, 131,
       191, 149, 150, 24, 3, 245, 156, 54, 158, 195, 156, 84, 169, 91,
       182, 207, 107, 79, 246, 66, 239, 248, 20, 134, 95, 163, 81, 109,
       191, 64, 127, 220, 183, 238, 224, 144, 45, 254, 126, 47, 175, 133,
       181, 251, 244, 241, 213, 132, 173, 191, 136, 103, 157, 174, 150,
       247, 131, 151, 211, 108, 26, 75, 205, 199, 121, 167, 189, 69, 255,
       35, 201, 99, 223, 20, 173, 121, 149, 82, 81, 131, 207, 229, 62,
       34, 235, 59, 230, 169, 155, 230, 81, 35, 248, 98, 127, 134, 63,
       188, 153, 153, 173, 202, 220, 172, 171, 196, 173, 170, 113, 33,
       41, 248, 28, 209, 108, 157, 172, 119, 46, 57, 116, 122, 188, 19,
       144, 164, 111, 48, 118, 24, 211, 188, 67, 213, 12, 31, 58, 224,
       78, 136, 139, 169, 2, 216, 240, 202, 119, 213, 190, 204, 91, 101,
       120, 131, 44, 220, 127, 164, 191, 121, 147, 195, 198, 50, 30, 243,
       53, 28, 142, 171, 85, 30, 127, 223, 3, 221, 183, 223, 223, 230,
       183, 190, 222, 153, 94, 34, 240, 253, 172, 103, 117, 127, 51, 218,
       163, 248, 59, 255, 109, 62, 223, 130, 147, 114, 165, 191, 129, 76,
       187, 81, 244, 175, 237, 87, 125, 11, 118, 80, 176, 147, 181, 108,
       173, 42, 2, 24, 227, 188, 48, 106, 101, 158, 54, 0, 74, 208, 225,
       169, 107, 164, 228, 80, 221, 185, 224, 199, 235, 247, 173, 158,
       10, 168, 94, 191, 41, 134, 226, 21, 182, 126, 228, 210, 30, 90,
       21, 127, 239, 204, 218, 196, 136, 184, 186, 90, 228, 221, 117, 87,
       252, 75, 116, 16, 190, 215, 34, 56, 181, 42, 7, 24, 226, 188, 50,
       115, 71, 189, 48, 8, 194, 136, 239, 235, 58, 140, 14, 254, 93,
       224, 98, 230, 151, 15, 222, 2, 32, 251, 49, 64, 233, 234, 171,
       129, 58, 143, 2, 255, 243, 231, 154, 11, 145, 9, 124, 138, 92,
       132, 156, 247, 9, 108, 87, 136, 171, 51, 143, 24, 215, 243, 72,
       123, 145, 214, 121, 138, 9, 69, 219, 33, 211, 255, 83, 28, 168,
       115, 128, 34, 124, 249, 57, 96, 219, 71, 83, 248, 51, 253, 164, 9,
       95, 215, 72, 144, 149, 213, 253, 242, 26, 67, 251, 23, 251, 221,
