%YAML:1.0
---
descriptors: !!opencv-matrix
   rows: 85
   cols: 32
   dt: u
   data: [ 245, 105, 233, 66, 142, 3, 206, 216, 67, 242, 177, 238, 83,
       77, 217, 59, 94, 212, 125, 255, 201, 103, 255, 56, 122, 72, 229,
       188, 125, 251, 114, 112, 38, 165, 20, 131, 223, 125, 180, 233, 94,
       53, 57, 27, 204, 120, 74, 140, 187, 11, 194, 17, 54, 120, 91, 215,
       13, 20, 31, 103, 148, 14, 141, 134, 196, 173, 133, 147, 148, 168,
       38, 135, 254, 147, 75, 82, 228, 226, 73, 78, 97, 238, 42, 154, 50,
       92, 219, 227, 172, 38, 223, 68, 128, 114, 161, 4, 200, 164, 156,
       187, 203, 237, 49, 15, 62, 51, 69, 24, 212, 243, 72, 73, 49, 27,
       106, 24, 50, 92, 219, 83, 77, 135, 95, 109, 144, 64, 133, 162,
       242, 207, 102, 174, 29, 82, 70, 232, 229, 4, 218, 3, 107, 104, 50,
       215, 248, 228, 237, 227, 108, 163, 13, 173, 179, 226, 195, 19, 39,
       62, 124, 78, 85, 249, 159, 186, 188, 205, 67, 216, 239, 248, 168,
       72, 254, 210, 73, 54, 128, 113, 108, 90, 203, 107, 250, 49, 185,
       220, 7, 122, 80, 19, 67, 109, 164, 204, 150, 254, 252, 43, 214,
       238, 223, 131, 248, 80, 238, 233, 37, 193, 211, 111, 106, 3, 112,
       239, 75, 255, 184, 190, 87, 90, 212, 249, 225, 128, 226, 184, 238,
       122, 141, 249, 176, 199, 187, 87, 148, 157, 170, 188, 118, 26,
       201, 179, 255, 17, 190, 111, 246, 227, 91, 119, 220, 219, 199, 76,
       222, 94, 198, 165, 145, 158, 252, 169, 174, 137, 154, 179, 9, 26,
       204, 234, 88, 11, 147, 111, 123, 187, 114, 69, 138, 243, 172, 22,
       143, 124, 132, 99, 147, 128, 34, 239, 17, 186, 222, 133, 182, 239,
       159, 1, 120, 75, 164, 219, 108, 0, 250, 59, 3, 81, 82, 11, 10,
       245, 61, 20, 158, 106, 144, 10, 165, 138, 215, 39, 197, 133, 172,
       46, 104, 41, 57, 183, 131, 223, 195, 32, 222, 91, 51, 132, 109,
       62, 188, 213, 205, 128, 142, 250, 229, 212, 164, 237, 216, 68, 61,
       85, 21, 238, 45, 79, 86, 248, 61, 170, 185, 72, 223, 81, 9, 181,
       220, 213, 92, 106, 105, 34, 89, 190, 179, 219, 69, 62, 90, 187,
       66, 51, 104, 24, 151, 190, 9, 237, 16, 2, 143, 83, 160, 25, 230,
       247, 98, 222, 193, 115, 234, 0, 15, 79, 218, 179, 193, 246, 89,
       59, 146, 106, 13, 26, 93, 103, 198, 71, 48, 11, 110, 184, 118,
       170, 111, 228, 209, 99, 153, 116, 55, 108, 44, 238, 225, 208, 205,
       46, 110, 239, 101, 132, 46, 243, 64, 33, 120, 133, 125, 97, 153,
       107, 87, 175, 97, 39, 175, 24, 211, 53, 8, 50, 17, 150, 72, 56,
       56, 40, 249, 31, 235, 239, 21, 85, 227, 202, 198, 34, 249, 74,
       207, 252, 76, 10, 109, 52, 225, 242, 182, 90, 123, 35, 145, 123,
       104, 228, 110, 234, 233, 103, 231, 200, 212, 171, 246, 24, 37,
       184, 112, 40, 246, 80, 214, 174, 77, 70, 86, 232, 185, 142, 227,
       11, 78, 254, 47, 223, 248, 213, 237, 227, 108, 71, 155, 202, 147,
       178, 207, 31, 1, 63, 124, 70, 221, 64, 202, 167, 6, 10, 79, 152,
       32, 166, 199, 131, 215, 99, 27, 90, 114, 196, 108, 239, 72, 215,
       221, 8, 208, 227, 231, 20, 36, 243, 42, 96, 1, 141, 22, 220, 117,
       134, 238, 119, 172, 128, 234, 66, 189, 243, 48, 240, 232, 247, 59,
       200, 80, 139, 18, 239, 249, 254, 206, 8, 8, 32, 233, 168, 220, 52,
       191, 116, 170, 104, 81, 19, 178, 191, 167, 56, 215, 247, 65, 123,
       167, 215, 109, 16, 56, 71, 178, 2, 219, 227, 117, 125, 160, 225,
       166, 115, 90, 188, 188, 122, 169, 249, 20, 143, 171, 63, 172, 57,
       174, 255, 66, 27, 135, 83, 237, 16, 26, 75, 202, 49, 219, 211, 93,
       123, 210, 84, 143, 75, 13, 164, 189, 243, 236, 169, 233, 159, 78,
       123, 63, 220, 157, 227, 216, 42, 39, 11, 126, 28, 147, 124, 239,
       211, 206, 223, 119, 228, 220, 200, 129, 177, 98, 152, 145, 190, 9,
       205, 18, 130, 143, 75, 172, 8, 174, 215, 96, 244, 193, 59, 232,
       16, 7, 15, 218, 179, 131, 245, 16, 59, 154, 8, 15, 31, 93, 37,
       147, 225, 178, 46, 108, 27, 59, 187, 75, 80, 221, 51, 72, 250, 55,
       31, 52, 184, 51, 208, 153, 66, 141, 238, 63, 68, 170, 224, 163,
       161, 120, 141, 61, 126, 185, 207, 83, 183, 71, 13, 174, 8, 183,
       119, 0, 112, 193, 242, 93, 8, 58, 169, 105, 63, 235, 255, 52, 80,
       242, 138, 196, 107, 109, 93, 23, 238, 61, 143, 86, 176, 197, 136,
       235, 68, 254, 115, 33, 240, 212, 112, 92, 106, 201, 161, 89, 63,
       163, 255, 37, 18, 90, 59, 64, 19, 189, 117, 28, 109, 173, 31, 86,
       184, 119, 170, 180, 76, 223, 123, 9, 179, 220, 212, 108, 106, 233,
       230, 89, 186, 243, 219, 101, 54, 106, 251, 74, 3, 196, 173, 133,
       147, 220, 168, 38, 169, 254, 147, 9, 82, 228, 226, 72, 195, 113,
       106, 106, 146, 114, 68, 202, 255, 172, 6, 143, 108, 128, 99, 129,
       128, 108, 235, 212, 119, 204, 13, 198, 191, 83, 187, 187, 205,
       195, 105, 92, 134, 217, 198, 108, 82, 30, 104, 203, 178, 46, 222,
       213, 126, 235, 250, 216, 0, 54, 176, 215, 184, 120, 11, 152, 232,
       63, 177, 240, 169, 78, 255, 108, 31, 255, 157, 247, 53, 26, 243,
       201, 212, 154, 222, 93, 254, 213, 172, 34, 147, 117, 249, 51, 234,
       61, 141, 67, 248, 239, 232, 189, 8, 255, 210, 73, 52, 144, 225,
       76, 90, 203, 35, 250, 61, 185, 220, 39, 58, 80, 147, 67, 109, 52,
       111, 142, 37, 141, 190, 70, 164, 244, 166, 234, 77, 227, 224, 19,
       155, 88, 228, 232, 98, 108, 243, 205, 44, 162, 231, 69, 17, 105,
       255, 90, 4, 77, 75, 191, 101, 36, 14, 111, 48, 109, 232, 126, 68,
       219, 99, 145, 114, 150, 100, 108, 110, 193, 176, 225, 104, 231,
       251, 101, 128, 74, 243, 66, 33, 181, 172, 253, 81, 182, 250, 229,
       151, 119, 59, 246, 114, 243, 25, 149, 121, 59, 190, 108, 24, 251,
       252, 229, 63, 199, 234, 116, 64, 225, 216, 196, 41, 220, 72, 202,
       165, 4, 74, 79, 144, 96, 166, 199, 1, 215, 3, 19, 90, 112, 196,
       108, 238, 72, 215, 221, 8, 241, 227, 231, 21, 32, 243, 102, 98,
       160, 237, 21, 187, 157, 141, 134, 236, 158, 17, 160, 88, 230, 67,
       40, 129, 201, 67, 74, 115, 123, 75, 90, 61, 169, 144, 15, 124, 24,
       24, 129, 136, 88, 185, 188, 114, 169, 253, 21, 143, 171, 61, 172,
       41, 175, 191, 66, 26, 135, 211, 237, 16, 26, 75, 218, 49, 219,
       215, 93, 127, 194, 68, 143, 75, 29, 71, 84, 69, 176, 30, 110, 57,
       117, 162, 126, 228, 211, 98, 153, 244, 118, 204, 36, 110, 201,
       176, 101, 14, 230, 239, 37, 132, 110, 242, 72, 1, 81, 245, 145,
       193, 178, 14, 111, 190, 63, 33, 42, 80, 159, 51, 200, 116, 55, 87,
       92, 184, 83, 152, 145, 103, 173, 182, 31, 68, 168, 144, 129, 41,
       221, 72, 255, 245, 110, 40, 237, 18, 251, 154, 182, 122, 255, 171,
       209, 123, 111, 229, 127, 138, 161, 103, 231, 224, 214, 251, 254,
       152, 164, 249, 99, 41, 46, 53, 154, 129, 221, 127, 179, 73, 30,
       189, 189, 27, 204, 156, 78, 142, 249, 157, 203, 51, 20, 115, 249,
       210, 29, 22, 15, 119, 193, 47, 223, 198, 8, 141, 57, 121, 180,
       207, 81, 159, 86, 61, 102, 16, 183, 21, 136, 112, 17, 26, 44, 24,
       58, 184, 97, 55, 239, 223, 52, 85, 242, 136, 196, 41, 193, 168,
       159, 248, 44, 173, 96, 18, 238, 27, 162, 88, 150, 211, 64, 91,
       129, 34, 110, 24, 51, 111, 210, 81, 157, 186, 114, 120, 200, 64,
       67, 33, 140, 166, 150, 157, 223, 139, 38, 233, 254, 179, 64, 114,
       204, 226, 232, 197, 49, 108, 234, 56, 114, 81, 142, 223, 44, 6,
       175, 108, 146, 96, 139, 128, 102, 171, 196, 71, 61, 141, 194, 152,
       75, 185, 177, 77, 195, 233, 92, 6, 217, 196, 108, 86, 206, 106,
       203, 189, 174, 220, 133, 126, 207, 175, 90, 12, 74, 157, 51, 182,
       177, 204, 53, 103, 189, 77, 74, 17, 174, 191, 32, 80, 164, 59,
       219, 1, 115, 153, 18, 199, 225, 247, 26, 3, 2, 68, 133, 123, 121,
       235, 121, 106, 116, 157, 71, 252, 99, 232, 252, 72, 51, 209, 208,
       176, 152, 232, 68, 106, 207, 58, 232, 61, 251, 221, 37, 120, 98,
       154, 66, 105, 59, 123, 175, 238, 27, 119, 95, 252, 19, 237, 220,
       255, 75, 189, 178, 61, 60, 222, 181, 194, 157, 219, 189, 189, 251,
       251, 253, 243, 63, 191, 180, 127, 88, 32, 208, 176, 40, 41, 80, 7,
