%YAML:1.0
---
descriptors: !!opencv-matrix
   rows: 301
   cols: 32
   dt: u
   data: [ 9, 213, 17, 233, 181, 207, 71, 191, 86, 105, 44, 80, 182, 21,
       8, 100, 209, 26, 28, 8, 123, 168, 113, 63, 237, 223, 52, 116, 18,
       24, 196, 43, 212, 182, 189, 242, 168, 108, 85, 191, 178, 191, 183,
       253, 247, 247, 200, 91, 7, 214, 109, 18, 58, 71, 235, 51, 217,
       227, 117, 252, 160, 241, 134, 115, 252, 180, 183, 114, 137, 109,
       81, 152, 243, 183, 165, 24, 215, 245, 73, 59, 129, 214, 108, 18,
       58, 103, 186, 34, 217, 219, 85, 125, 194, 113, 199, 98, 87, 154,
       134, 183, 162, 48, 60, 150, 189, 219, 83, 247, 237, 102, 154, 75,
       39, 103, 61, 151, 149, 216, 15, 224, 140, 114, 254, 194, 172, 245,
       169, 93, 216, 252, 157, 116, 136, 236, 87, 183, 178, 114, 174, 24,
       151, 55, 0, 123, 129, 246, 108, 8, 121, 79, 243, 51, 251, 235,
       116, 24, 128, 113, 134, 58, 56, 156, 56, 255, 60, 143, 83, 178,
       214, 13, 236, 0, 247, 243, 33, 112, 208, 58, 12, 72, 42, 136, 120,
       63, 227, 239, 32, 16, 16, 139, 64, 43, 239, 191, 245, 254, 237,
       253, 249, 218, 255, 94, 252, 61, 252, 255, 254, 254, 255, 251,
       255, 21, 167, 103, 250, 243, 223, 127, 107, 190, 150, 237, 71,
       247, 190, 245, 55, 254, 253, 102, 231, 232, 125, 142, 243, 83, 74,
       254, 45, 157, 249, 255, 255, 227, 233, 231, 91, 254, 185, 250,
       135, 14, 211, 125, 231, 231, 246, 117, 147, 142, 223, 238, 119,
       232, 191, 166, 233, 27, 124, 254, 45, 81, 251, 253, 107, 98, 98,
       103, 218, 255, 249, 62, 7, 62, 144, 123, 103, 195, 35, 141, 3,
       222, 245, 195, 230, 230, 213, 8, 216, 98, 112, 248, 180, 96, 120,
       234, 18, 239, 74, 187, 10, 255, 50, 62, 134, 1, 21, 90, 240, 142,
       125, 133, 11, 236, 220, 135, 78, 249, 23, 168, 217, 2, 115, 251,
       121, 96, 89, 249, 55, 235, 127, 18, 91, 159, 251, 231, 175, 188,
       60, 234, 56, 0, 149, 20, 235, 255, 22, 230, 187, 88, 28, 71, 71,
       151, 117, 255, 58, 96, 127, 185, 19, 175, 51, 150, 60, 127, 213,
       174, 139, 0, 189, 203, 53, 240, 216, 187, 27, 112, 178, 205, 81,
       151, 183, 29, 246, 120, 31, 151, 192, 121, 39, 190, 204, 24, 123,
       77, 178, 49, 249, 225, 52, 232, 34, 128, 166, 123, 88, 188, 151,
       250, 251, 237, 80, 231, 191, 19, 168, 24, 190, 191, 96, 16, 163,
       187, 205, 16, 58, 43, 18, 247, 219, 215, 22, 123, 210, 64, 135,
       171, 155, 182, 236, 253, 127, 95, 249, 123, 127, 252, 245, 183,
       107, 253, 150, 231, 255, 221, 255, 173, 175, 119, 255, 221, 222,
       251, 231, 191, 127, 172, 125, 215, 71, 249, 229, 140, 43, 23, 170,
       248, 143, 248, 144, 207, 72, 204, 215, 166, 174, 101, 251, 239,
       197, 65, 191, 209, 30, 24, 207, 190, 31, 190, 57, 213, 206, 60,
       151, 181, 171, 252, 52, 151, 191, 115, 162, 21, 252, 255, 65, 219,
       167, 215, 255, 144, 55, 205, 91, 226, 207, 243, 94, 19, 138, 85,
       141, 91, 41, 79, 113, 69, 52, 27, 111, 48, 109, 8, 254, 232, 243,
       1, 149, 52, 90, 204, 78, 110, 201, 176, 101, 45, 102, 253, 32,
       144, 102, 187, 82, 168, 146, 254, 254, 251, 172, 255, 253, 254,
       191, 127, 246, 183, 223, 191, 54, 107, 239, 223, 255, 129, 175,
       255, 251, 243, 223, 251, 254, 211, 156, 216, 53, 251, 78, 188,
       150, 243, 169, 237, 60, 175, 191, 159, 174, 49, 236, 255, 76, 219,
       167, 119, 255, 16, 114, 77, 155, 242, 235, 211, 87, 223, 130, 84,
       173, 19, 190, 119, 99, 235, 238, 123, 255, 216, 109, 238, 253,
       239, 75, 157, 159, 191, 254, 223, 223, 231, 233, 183, 237, 234,
       118, 249, 230, 151, 111, 255, 246, 247, 19, 30, 231, 151, 166, 50,
       172, 55, 60, 211, 91, 247, 237, 42, 182, 107, 103, 231, 63, 143,
       181, 220, 53, 234, 144, 34, 254, 128, 172, 245, 177, 92, 173, 222,
       233, 255, 228, 47, 111, 254, 55, 226, 124, 239, 241, 231, 209, 81,
       127, 255, 55, 239, 233, 214, 239, 251, 244, 171, 231, 168, 61,
       251, 114, 249, 216, 147, 31, 179, 172, 233, 80, 151, 191, 49, 130,
       121, 175, 223, 106, 249, 195, 147, 253, 17, 62, 77, 203, 181, 202,
       209, 127, 95, 182, 140, 156, 75, 89, 108, 157, 190, 41, 236, 88,
       14, 171, 91, 176, 89, 191, 215, 3, 219, 193, 167, 253, 132, 14,
       79, 194, 49, 211, 251, 114, 153, 130, 84, 42, 75, 2, 158, 150,
       189, 183, 235, 180, 103, 191, 11, 90, 115, 236, 254, 32, 192, 231,
       63, 255, 1, 119, 217, 3, 255, 189, 118, 94, 131, 152, 76, 173,
       159, 48, 143, 107, 206, 244, 131, 231, 251, 85, 0, 248, 98, 96,
       249, 177, 96, 120, 170, 2, 235, 202, 187, 8, 191, 112, 172, 135,
       1, 117, 58, 116, 170, 254, 109, 98, 174, 221, 19, 254, 236, 61,
       198, 249, 23, 75, 234, 63, 212, 250, 207, 255, 231, 108, 167, 91,
       254, 179, 254, 143, 31, 71, 119, 254, 198, 18, 13, 250, 191, 214,
       194, 127, 230, 189, 133, 90, 131, 44, 239, 38, 64, 246, 239, 23,
       197, 48, 155, 0, 239, 255, 38, 158, 131, 181, 88, 165, 202, 17,
       87, 119, 221, 118, 150, 174, 125, 124, 200, 123, 98, 93, 254, 188,
       228, 126, 121, 6, 235, 225, 179, 46, 207, 48, 174, 47, 134, 85,
       50, 225, 165, 201, 65, 93, 237, 32, 10, 109, 61, 41, 170, 98, 104,
       215, 115, 137, 123, 22, 212, 124, 106, 97, 212, 193, 8, 228, 235,
       101, 4, 34, 176, 66, 41, 44, 124, 184, 227, 245, 29, 115, 218, 91,
       175, 61, 8, 187, 221, 91, 50, 157, 216, 215, 26, 138, 246, 248,
       170, 239, 221, 37, 61, 194, 251, 70, 227, 187, 48, 254, 253, 127,
       223, 249, 91, 127, 253, 246, 191, 123, 255, 182, 252, 127, 253,
       255, 188, 159, 254, 255, 221, 95, 251, 247, 231, 255, 172, 108,
       247, 157, 28, 146, 190, 177, 175, 86, 154, 151, 139, 235, 84, 247,
       243, 33, 216, 213, 107, 12, 18, 60, 133, 90, 62, 171, 247, 53, 18,
       186, 121, 8, 3, 220, 188, 191, 254, 169, 253, 150, 238, 191, 187,
       188, 56, 254, 255, 108, 90, 163, 119, 237, 18, 50, 107, 154, 243,
       251, 255, 95, 127, 210, 80, 135, 27, 240, 156, 23, 252, 137, 102,
       84, 231, 181, 26, 162, 16, 98, 183, 32, 247, 201, 246, 236, 34,
       121, 207, 147, 175, 177, 242, 212, 19, 32, 120, 228, 14, 184, 78,
       30, 126, 61, 134, 86, 56, 213, 138, 226, 85, 98, 243, 33, 81, 208,
       224, 76, 106, 108, 133, 73, 63, 226, 255, 33, 17, 24, 184, 104, 3,
       124, 97, 120, 103, 29, 91, 86, 168, 97, 164, 237, 9, 67, 73, 9,
       144, 88, 220, 192, 98, 72, 178, 201, 12, 247, 193, 5, 21, 99, 187,
       94, 130, 13, 229, 149, 227, 252, 105, 99, 172, 94, 49, 40, 88,
       215, 99, 200, 164, 19, 74, 98, 90, 19, 112, 111, 55, 172, 143, 55,
       100, 208, 219, 129, 160, 121, 63, 123, 100, 125, 253, 83, 114,
       235, 108, 188, 40, 58, 181, 134, 180, 148, 190, 196, 8, 141, 59,
       240, 191, 211, 221, 33, 51, 99, 207, 78, 127, 236, 178, 188, 122,
       169, 108, 85, 191, 178, 255, 164, 61, 223, 247, 74, 27, 5, 214,
       237, 16, 59, 71, 251, 51, 203, 227, 117, 252, 130, 240, 134, 115,
       189, 223, 199, 255, 182, 11, 111, 253, 84, 96, 115, 230, 83, 97,
       185, 97, 127, 206, 62, 110, 249, 240, 109, 191, 252, 239, 231,
       196, 191, 250, 240, 33, 53, 61, 255, 255, 246, 35, 239, 254, 54,
       194, 254, 198, 241, 231, 145, 33, 127, 254, 22, 238, 153, 242,
       125, 120, 108, 239, 231, 128, 237, 251, 226, 176, 216, 243, 255,
       80, 170, 202, 53, 119, 186, 191, 167, 184, 79, 183, 196, 147, 39,
       53, 236, 48, 112, 207, 168, 70, 123, 195, 101, 103, 98, 144, 167,
       227, 60, 97, 106, 97, 208, 203, 87, 253, 48, 4, 237, 141, 19, 69,
       11, 16, 120, 220, 67, 114, 74, 178, 248, 46, 127, 133, 37, 53, 99,
       155, 214, 242, 124, 190, 253, 122, 169, 253, 85, 222, 179, 191,
       180, 60, 127, 247, 73, 31, 13, 242, 236, 24, 59, 107, 250, 51,
       219, 215, 117, 63, 226, 208, 198, 123, 252, 52, 252, 107, 168,
       111, 87, 153, 119, 123, 181, 24, 83, 63, 8, 59, 217, 212, 236, 50,
       57, 102, 121, 18, 211, 235, 101, 61, 248, 243, 198, 18, 216, 210,
       20, 186, 173, 157, 92, 191, 175, 55, 130, 29, 175, 203, 72, 219,
