%YAML:1.0
---
descriptors: !!opencv-matrix
   rows: 203
   cols: 32
   dt: u
   data: [ 232, 88, 188, 126, 9, 204, 87, 164, 210, 30, 164, 24, 242,
       215, 35, 91, 192, 240, 232, 66, 104, 79, 250, 51, 195, 243, 84,
       59, 80, 57, 70, 106, 248, 212, 61, 126, 9, 109, 85, 172, 150, 55,
       165, 24, 246, 119, 8, 127, 129, 82, 104, 42, 107, 69, 123, 61,
       227, 227, 81, 95, 82, 91, 196, 58, 220, 254, 94, 126, 40, 216, 82,
       208, 251, 30, 181, 120, 239, 211, 201, 219, 179, 247, 236, 66, 46,
       103, 138, 35, 210, 225, 113, 187, 96, 147, 39, 3, 141, 111, 208,
       103, 160, 26, 111, 184, 126, 162, 126, 228, 223, 99, 153, 228, 55,
       78, 38, 110, 225, 208, 205, 46, 236, 239, 103, 132, 174, 243, 137,
       161, 124, 190, 156, 122, 169, 237, 85, 223, 178, 95, 164, 61, 63,
       247, 74, 27, 133, 247, 237, 16, 58, 75, 250, 51, 251, 231, 117,
       121, 234, 208, 134, 123, 37, 224, 168, 40, 109, 157, 210, 200, 74,
       72, 252, 13, 242, 200, 31, 16, 216, 233, 66, 87, 142, 34, 222, 51,
       86, 61, 1, 61, 89, 47, 90, 134, 8, 75, 24, 251, 60, 141, 83, 148,
       198, 4, 76, 0, 183, 195, 163, 64, 66, 42, 2, 76, 2, 184, 66, 61,
       230, 253, 34, 9, 16, 155, 8, 168, 45, 231, 64, 67, 52, 155, 78,
       189, 87, 168, 255, 236, 203, 65, 154, 180, 92, 204, 206, 126, 237,
       176, 77, 159, 174, 222, 165, 212, 110, 142, 218, 5, 13, 39, 17,
       97, 244, 15, 107, 152, 120, 168, 120, 76, 159, 83, 137, 176, 158,
       76, 70, 126, 179, 176, 201, 78, 108, 253, 39, 164, 202, 243, 67,
       161, 77, 117, 17, 69, 48, 14, 102, 184, 105, 232, 111, 76, 222,
       115, 137, 244, 150, 92, 92, 106, 193, 144, 249, 76, 167, 188, 37,
       4, 74, 179, 67, 49, 60, 113, 73, 33, 17, 203, 86, 205, 55, 228,
       232, 141, 27, 205, 73, 144, 24, 200, 197, 114, 74, 178, 217, 46,
       243, 197, 5, 53, 99, 158, 206, 218, 124, 125, 233, 100, 157, 94,
       223, 184, 81, 230, 190, 10, 75, 125, 95, 39, 217, 244, 253, 235,
       236, 99, 253, 174, 123, 223, 197, 61, 231, 255, 86, 98, 188, 101,
       120, 110, 93, 91, 86, 104, 65, 164, 237, 11, 67, 89, 9, 144, 120,
       220, 192, 98, 104, 35, 201, 30, 243, 205, 1, 63, 115, 59, 126,
       130, 6, 157, 158, 154, 253, 229, 190, 232, 190, 28, 249, 3, 236,
       254, 47, 64, 249, 123, 171, 195, 6, 35, 26, 255, 45, 54, 143, 11,
       16, 95, 45, 206, 60, 97, 16, 46, 25, 89, 86, 104, 131, 164, 169,
       9, 106, 201, 107, 148, 152, 248, 192, 98, 78, 35, 218, 157, 187,
       209, 5, 63, 83, 63, 78, 6, 225, 79, 127, 103, 52, 142, 111, 52,
       125, 8, 118, 108, 247, 35, 144, 116, 54, 100, 108, 110, 233, 184,
       33, 110, 230, 191, 32, 128, 74, 178, 66, 41, 126, 117, 105, 66,
       141, 85, 223, 248, 3, 244, 157, 139, 75, 92, 95, 54, 220, 213,
       221, 247, 204, 3, 255, 144, 123, 89, 141, 191, 119, 255, 86, 118,
       208, 169, 191, 250, 152, 237, 81, 215, 166, 53, 172, 25, 183, 151,
       66, 82, 129, 183, 109, 16, 10, 11, 242, 51, 217, 225, 48, 121,
       176, 0, 134, 106, 12, 245, 23, 167, 177, 206, 111, 244, 181, 162,
       251, 64, 255, 243, 9, 68, 122, 253, 127, 234, 105, 208, 216, 254,
       229, 182, 175, 4, 34, 243, 167, 162, 89, 188, 183, 250, 169, 237,
       121, 223, 191, 91, 186, 20, 191, 255, 64, 251, 167, 179, 255, 149,
       51, 77, 219, 243, 219, 255, 127, 250, 218, 192, 163, 59, 128, 172,
       159, 153, 204, 175, 164, 71, 190, 59, 82, 82, 180, 178, 96, 75,
       233, 59, 106, 145, 50, 253, 19, 99, 29, 6, 94, 64, 136, 72, 161,
       168, 77, 199, 212, 77, 176, 30, 110, 188, 125, 170, 118, 100, 207,
       98, 159, 253, 55, 70, 108, 110, 228, 240, 109, 78, 174, 255, 101,
       132, 202, 246, 233, 5, 89, 189, 223, 247, 189, 253, 125, 151, 191,
       243, 190, 28, 255, 247, 66, 246, 167, 239, 124, 28, 147, 233, 243,
       243, 191, 255, 87, 114, 202, 204, 139, 89, 212, 158, 191, 223,
       174, 233, 181, 143, 190, 247, 214, 186, 254, 247, 200, 107, 239,
       247, 239, 16, 51, 125, 235, 243, 221, 243, 95, 115, 148, 88, 133,
       123, 130, 173, 159, 185, 198, 234, 173, 103, 190, 27, 82, 115,
       180, 186, 96, 72, 235, 43, 3, 149, 50, 220, 2, 115, 76, 38, 254,
       192, 145, 64, 167, 139, 84, 116, 189, 231, 172, 78, 157, 188, 174,
       250, 146, 68, 215, 127, 73, 107, 199, 85, 125, 123, 233, 197, 251,
       40, 237, 171, 255, 212, 136, 115, 135, 243, 208, 92, 63, 244, 34,
       200, 54, 39, 172, 138, 162, 32, 191, 191, 33, 67, 166, 117, 237,
       66, 104, 141, 18, 45, 243, 227, 122, 17, 32, 49, 165, 27, 230,
       253, 188, 191, 207, 201, 182, 239, 159, 247, 150, 59, 238, 252,
       79, 75, 219, 215, 251, 19, 114, 79, 219, 243, 191, 86, 223, 127,
       148, 124, 149, 94, 216, 189, 123, 112, 169, 253, 81, 151, 247, 93,
       190, 56, 63, 183, 194, 244, 167, 190, 252, 24, 27, 75, 178, 179,
       219, 249, 48, 251, 162, 192, 142, 123, 38, 227, 105, 10, 254, 201,
       151, 232, 75, 245, 185, 171, 64, 204, 94, 0, 155, 201, 195, 119,
       214, 99, 238, 245, 126, 20, 5, 255, 85, 31, 214, 214, 219, 22,
       255, 245, 167, 127, 127, 62, 117, 207, 214, 127, 255, 124, 146,
       105, 191, 247, 255, 173, 189, 252, 117, 238, 223, 255, 117, 130,
       239, 253, 165, 127, 60, 81, 120, 103, 176, 79, 87, 57, 37, 172,
       255, 13, 83, 109, 11, 16, 28, 212, 237, 106, 88, 176, 121, 12,
       231, 253, 37, 21, 98, 186, 206, 83, 56, 177, 57, 120, 205, 253,
       209, 219, 235, 121, 188, 8, 30, 157, 70, 48, 137, 155, 215, 16,
       31, 43, 250, 145, 219, 221, 17, 127, 219, 12, 206, 242, 60, 181,
       16, 224, 157, 173, 82, 203, 203, 185, 184, 13, 14, 153, 96, 148,
       137, 155, 93, 16, 30, 107, 218, 212, 155, 220, 21, 127, 202, 10,
       202, 2, 130, 172, 150, 152, 251, 224, 176, 199, 191, 23, 128, 49,
       172, 190, 102, 223, 227, 59, 235, 145, 54, 77, 130, 243, 157, 54,
       94, 107, 128, 68, 175, 206, 21, 31, 123, 229, 182, 2, 111, 241,
       101, 200, 254, 230, 93, 103, 176, 112, 126, 245, 30, 238, 201,
       145, 37, 238, 240, 172, 174, 128, 45, 163, 161, 113, 90, 37, 42,
       172, 219, 35, 63, 111, 173, 132, 205, 135, 76, 231, 35, 80, 254,
       255, 251, 167, 24, 3, 186, 220, 243, 117, 139, 63, 150, 119, 167,
       210, 50, 135, 106, 137, 244, 163, 234, 83, 20, 13, 219, 231, 1,
       44, 182, 64, 127, 138, 23, 189, 158, 186, 5, 222, 124, 4, 170,
       197, 181, 207, 116, 193, 12, 169, 156, 187, 252, 169, 98, 131,
       134, 1, 105, 9, 167, 225, 98, 192, 67, 42, 226, 28, 22, 40, 74,
       49, 206, 197, 5, 121, 242, 202, 201, 130, 248, 75, 91, 108, 41,
       200, 86, 165, 129, 140, 160, 41, 103, 247, 33, 210, 208, 244, 237,
       98, 72, 43, 202, 63, 243, 231, 100, 27, 50, 58, 102, 42, 169, 255,
       185, 83, 245, 93, 245, 191, 91, 123, 60, 56, 158, 52, 206, 55,
       133, 90, 194, 24, 243, 124, 249, 51, 111, 31, 53, 102, 194, 200,
       198, 255, 13, 206, 86, 231, 180, 27, 110, 187, 116, 162, 126, 192,
       247, 99, 153, 229, 115, 108, 46, 46, 105, 240, 77, 14, 236, 255,
       103, 4, 46, 250, 201, 160, 45, 113, 48, 69, 117, 31, 103, 184,
       109, 232, 118, 76, 222, 16, 159, 180, 148, 76, 84, 110, 197, 176,
       121, 12, 38, 253, 37, 20, 74, 191, 74, 133, 38, 252, 148, 154,
       221, 221, 182, 236, 159, 115, 136, 9, 236, 254, 111, 130, 217, 91,
       251, 83, 102, 99, 218, 243, 61, 22, 15, 127, 24, 94, 13, 158, 28,
       197, 23, 191, 181, 206, 103, 248, 180, 140, 91, 3, 255, 247, 41,
       64, 242, 121, 47, 226, 96, 145, 10, 239, 245, 166, 175, 8, 50,
       251, 165, 163, 129, 174, 155, 185, 220, 169, 165, 231, 62, 51,
       234, 82, 181, 163, 192, 73, 107, 111, 106, 152, 51, 252, 195, 115,
       188, 166, 126, 64, 200, 88, 161, 168, 34, 125, 112, 206, 93, 93,
       214, 236, 219, 166, 184, 11, 110, 252, 63, 148, 216, 249, 243, 99,
       76, 103, 218, 255, 55, 30, 5, 63, 87, 63, 94, 222, 89, 181, 155,
       248, 189, 253, 125, 191, 191, 121, 190, 28, 191, 255, 66, 116,
       167, 191, 124, 28, 63, 107, 242, 211, 255, 255, 22, 122, 202, 204,
