%YAML:1.0
---
descriptors: !!opencv-matrix
   rows: 147
   cols: 32
   dt: u
   data: [ 213, 217, 102, 166, 6, 6, 111, 188, 117, 196, 210, 199, 113,
       99, 187, 83, 126, 228, 61, 239, 233, 151, 157, 238, 240, 170, 239,
       132, 45, 179, 240, 120, 1, 128, 61, 217, 108, 169, 105, 159, 94,
       25, 80, 80, 182, 129, 248, 105, 195, 10, 38, 28, 147, 124, 99, 49,
       204, 154, 114, 104, 16, 136, 209, 169, 169, 188, 253, 69, 116,
       111, 103, 54, 116, 230, 126, 24, 243, 53, 144, 49, 89, 254, 102,
       40, 185, 252, 113, 46, 111, 239, 113, 0, 103, 232, 70, 232, 36,
       134, 166, 93, 173, 126, 228, 207, 255, 159, 251, 113, 194, 104,
       156, 159, 233, 70, 110, 26, 190, 253, 75, 98, 45, 190, 119, 199,
       195, 121, 238, 135, 34, 184, 16, 152, 121, 201, 144, 196, 158, 25,
       240, 41, 174, 214, 96, 0, 203, 57, 130, 16, 22, 43, 66, 245, 157,
       148, 26, 123, 144, 8, 39, 143, 0, 189, 159, 188, 251, 196, 52,
       231, 190, 219, 72, 49, 188, 255, 66, 50, 167, 123, 234, 145, 119,
       73, 146, 119, 253, 183, 95, 107, 136, 64, 175, 219, 161, 170, 135,
       221, 205, 183, 232, 223, 86, 177, 242, 86, 224, 232, 116, 173,
       217, 206, 34, 156, 159, 254, 119, 241, 31, 58, 211, 64, 219, 136,
       248, 140, 25, 155, 144, 217, 179, 157, 57, 223, 31, 45, 92, 102,
       175, 19, 162, 228, 55, 26, 134, 24, 147, 152, 35, 215, 174, 223,
       54, 230, 62, 140, 137, 173, 254, 37, 236, 34, 143, 99, 81, 201, 3,
       246, 133, 187, 67, 125, 91, 11, 25, 212, 253, 183, 56, 103, 235,
       144, 219, 195, 205, 255, 167, 111, 214, 114, 248, 201, 94, 125,
       133, 10, 103, 165, 116, 38, 230, 26, 99, 97, 2, 83, 120, 228, 104,
       106, 104, 247, 17, 47, 242, 235, 197, 17, 97, 56, 252, 10, 108,
       112, 187, 118, 105, 124, 115, 216, 243, 254, 37, 12, 90, 247, 73,
       62, 149, 252, 213, 122, 137, 119, 186, 40, 87, 217, 69, 46, 234,
       115, 70, 243, 48, 141, 30, 234, 148, 163, 70, 231, 164, 4, 238, 2,
       99, 97, 32, 64, 120, 162, 10, 104, 120, 171, 17, 61, 248, 165, 6,
       81, 121, 74, 232, 10, 232, 120, 61, 127, 13, 205, 81, 24, 227, 16,
       164, 8, 182, 81, 1, 51, 128, 48, 64, 10, 107, 102, 250, 25, 199,
       217, 1, 56, 66, 32, 70, 162, 219, 186, 247, 121, 171, 183, 152,
       95, 255, 91, 214, 255, 46, 189, 214, 63, 175, 151, 253, 149, 191,
       239, 163, 209, 219, 123, 125, 214, 207, 196, 167, 127, 43, 113,
       112, 100, 109, 31, 219, 120, 105, 236, 117, 169, 91, 93, 158, 52,
       158, 156, 215, 110, 204, 50, 236, 220, 119, 221, 33, 183, 103,
       183, 70, 247, 10, 186, 8, 187, 223, 189, 184, 207, 30, 117, 80,
       151, 173, 206, 106, 136, 191, 27, 179, 149, 22, 122, 26, 247, 223,
       69, 31, 239, 157, 12, 157, 218, 209, 64, 71, 205, 14, 10, 108, 40,
       233, 162, 178, 66, 67, 42, 149, 127, 106, 196, 108, 235, 237, 231,
       197, 200, 180, 170, 194, 16, 45, 185, 112, 4, 131, 148, 148, 187,
       45, 121, 176, 142, 222, 115, 64, 51, 172, 184, 110, 235, 193, 27,
       186, 1, 39, 116, 203, 211, 4, 87, 90, 47, 148, 92, 153, 143, 14,
       172, 142, 185, 145, 166, 56, 3, 54, 159, 75, 21, 140, 235, 98, 72,
       241, 43, 187, 149, 62, 216, 19, 118, 207, 215, 158, 65, 152, 68,
       169, 18, 29, 65, 221, 229, 67, 94, 126, 168, 45, 160, 111, 0, 95,
       51, 9, 240, 50, 213, 250, 106, 65, 144, 125, 204, 183, 239, 71, 5,
       107, 179, 67, 162, 34, 183, 162, 149, 71, 61, 188, 103, 24, 23,
       88, 159, 172, 168, 86, 131, 174, 59, 163, 5, 212, 248, 214, 225,
       6, 17, 90, 107, 77, 76, 155, 158, 56, 175, 26, 171, 176, 162, 38,
       231, 52, 33, 234, 98, 39, 227, 160, 196, 120, 174, 138, 240, 26,
       155, 1, 63, 184, 229, 166, 65, 241, 74, 168, 136, 253, 239, 106,
       238, 238, 49, 79, 252, 195, 210, 157, 238, 81, 233, 251, 35, 31,
       194, 85, 238, 253, 35, 174, 186, 122, 77, 229, 188, 127, 251, 250,
       65, 52, 205, 115, 207, 212, 207, 239, 252, 116, 164, 255, 66, 115,
       97, 189, 164, 122, 238, 23, 250, 201, 178, 125, 61, 63, 236, 167,
       192, 119, 251, 244, 224, 228, 205, 198, 158, 223, 107, 230, 236,
       31, 166, 249, 26, 235, 104, 41, 1, 249, 230, 110, 226, 120, 231,
       73, 255, 189, 198, 207, 93, 181, 123, 241, 128, 17, 205, 86, 206,
       242, 210, 110, 246, 37, 64, 254, 226, 121, 98, 160, 244, 118, 247,
       30, 234, 85, 153, 45, 127, 58, 174, 38, 192, 63, 179, 169, 60,
       215, 203, 71, 207, 210, 6, 111, 252, 37, 4, 219, 198, 113, 99,
       176, 213, 126, 228, 63, 238, 233, 145, 45, 237, 178, 170, 175,
       128, 39, 179, 240, 121, 130, 56, 186, 156, 219, 228, 185, 71, 187,
       93, 196, 53, 172, 190, 102, 26, 164, 59, 243, 145, 22, 79, 178,
       195, 95, 48, 218, 171, 128, 68, 39, 223, 75, 143, 70, 196, 213,
       210, 108, 183, 165, 104, 222, 66, 104, 34, 180, 245, 98, 230, 190,
       236, 241, 153, 37, 253, 62, 56, 134, 195, 47, 134, 248, 44, 235,
       170, 101, 85, 108, 30, 233, 50, 233, 250, 54, 253, 153, 12, 150,
       191, 134, 37, 125, 13, 229, 76, 231, 207, 6, 90, 248, 144, 78,
       164, 91, 93, 178, 219, 106, 204, 118, 129, 158, 253, 93, 68, 112,
       239, 45, 140, 182, 112, 254, 251, 151, 65, 230, 187, 4, 255, 62,
       36, 174, 139, 125, 140, 254, 223, 8, 140, 138, 187, 177, 167, 122,
       167, 54, 29, 79, 21, 157, 243, 98, 88, 209, 43, 187, 148, 30, 216,
       27, 119, 235, 247, 191, 65, 152, 0, 169, 18, 27, 143, 122, 73, 51,
       155, 120, 55, 127, 37, 126, 166, 46, 2, 166, 244, 54, 171, 142,
       148, 214, 152, 37, 223, 62, 127, 16, 195, 62, 132, 137, 13, 1,
       162, 149, 251, 108, 173, 41, 18, 94, 57, 113, 116, 188, 131, 200,
       104, 135, 10, 46, 28, 147, 60, 75, 81, 204, 158, 50, 100, 152,
       136, 1, 161, 57, 71, 37, 173, 28, 15, 79, 188, 196, 172, 218, 79,
       211, 97, 177, 1, 92, 228, 79, 111, 232, 161, 97, 28, 224, 232,
       165, 148, 116, 251, 208, 104, 131, 162, 72, 155, 236, 169, 169,
       143, 142, 49, 17, 222, 157, 194, 216, 139, 11, 11, 106, 29, 19,
       88, 207, 209, 12, 16, 255, 252, 156, 136, 137, 128, 11, 176, 149,
       187, 173, 249, 176, 142, 94, 115, 66, 51, 172, 188, 107, 232, 211,
       91, 162, 17, 55, 92, 75, 179, 141, 87, 94, 99, 144, 77, 157, 143,
       118, 96, 211, 20, 75, 104, 64, 64, 115, 242, 160, 72, 10, 150, 69,
       191, 185, 221, 96, 194, 9, 119, 210, 64, 149, 178, 85, 42, 225,
       113, 102, 14, 197, 74, 223, 197, 108, 10, 237, 0, 232, 178, 242,
       242, 219, 162, 149, 123, 98, 229, 110, 238, 225, 117, 165, 192,
       20, 58, 242, 128, 13, 241, 97, 36, 10, 169, 138, 186, 221, 213,
       184, 207, 158, 121, 89, 135, 172, 222, 122, 128, 189, 43, 179,
       149, 22, 122, 154, 241, 223, 85, 159, 239, 157, 14, 187, 218, 103,
       161, 193, 72, 75, 93, 104, 200, 43, 241, 125, 10, 8, 142, 94, 188,
       62, 141, 246, 252, 7, 50, 254, 208, 31, 28, 1, 110, 243, 175, 98,
       244, 125, 97, 229, 227, 164, 94, 75, 25, 96, 236, 179, 74, 211,
       76, 217, 251, 90, 212, 124, 187, 217, 242, 253, 0, 173, 233, 229,
       212, 229, 171, 214, 96, 1, 162, 17, 249, 252, 233, 33, 143, 94,
       61, 48, 24, 151, 7, 200, 40, 3, 26, 102, 24, 19, 120, 107, 21,
       141, 156, 49, 100, 208, 136, 133, 225, 240, 143, 94, 190, 152,
       194, 71, 229, 244, 100, 230, 50, 99, 99, 162, 81, 120, 166, 106,
       226, 124, 219, 33, 61, 242, 227, 198, 81, 112, 168, 172, 72, 213,
       82, 222, 228, 42, 14, 94, 152, 40, 170, 243, 205, 87, 107, 153,
       91, 246, 197, 125, 238, 204, 215, 221, 10, 210, 235, 239, 148, 44,
       243, 99, 17, 208, 78, 222, 125, 4, 106, 103, 166, 113, 134, 230,
       18, 99, 99, 131, 91, 115, 228, 108, 170, 108, 244, 229, 42, 212,
       235, 247, 1, 97, 241, 102, 74, 249, 237, 229, 101, 172, 95, 71,
       190, 80, 234, 188, 72, 115, 113, 209, 51, 88, 230, 124, 106, 233,
       106, 249, 46, 251, 207, 101, 60, 111, 250, 82, 40, 245, 118, 73,
       4, 30, 35, 79, 250, 17, 226, 188, 238, 83, 101, 219, 180, 127,
       196, 76, 238, 233, 39, 237, 14, 248, 143, 165, 188, 111, 251, 114,
