%YAML:1.0
---
descriptors: !!opencv-matrix
   rows: 306
   cols: 32
   dt: u
   data: [ 220, 228, 183, 126, 139, 77, 53, 172, 243, 22, 163, 24, 223,
       117, 12, 191, 131, 212, 232, 98, 41, 101, 187, 37, 187, 251, 69,
       31, 67, 121, 199, 34, 120, 232, 151, 90, 9, 201, 17, 198, 171, 17,
       160, 8, 62, 215, 100, 254, 129, 243, 202, 80, 11, 11, 170, 113,
       155, 209, 21, 123, 82, 16, 38, 170, 8, 188, 58, 122, 243, 205,
       241, 247, 255, 25, 124, 24, 62, 155, 100, 16, 167, 59, 194, 24,
       114, 57, 50, 119, 127, 221, 20, 107, 210, 8, 227, 171, 73, 248,
       29, 251, 104, 205, 121, 16, 235, 89, 181, 120, 158, 151, 72, 59,
       134, 25, 127, 24, 147, 111, 242, 241, 199, 249, 114, 122, 202,
       129, 131, 179, 44, 99, 216, 107, 116, 139, 115, 200, 35, 133, 109,
       141, 131, 201, 91, 16, 26, 200, 196, 124, 26, 176, 200, 10, 238,
       205, 37, 109, 227, 131, 78, 194, 250, 254, 114, 250, 121, 213, 90,
       255, 171, 93, 180, 57, 42, 223, 102, 180, 237, 187, 215, 144, 78,
       15, 250, 247, 123, 221, 144, 251, 83, 132, 238, 223, 118, 245, 94,
       238, 253, 71, 86, 232, 159, 166, 249, 43, 94, 254, 47, 80, 251,
       255, 63, 227, 108, 3, 218, 254, 51, 182, 135, 63, 16, 123, 238,
       19, 232, 182, 255, 247, 248, 239, 125, 191, 63, 255, 255, 124,
       255, 255, 200, 120, 255, 255, 127, 152, 179, 254, 251, 247, 255,
       255, 119, 192, 134, 192, 167, 249, 237, 113, 49, 103, 53, 95, 87,
       184, 104, 232, 103, 72, 214, 85, 137, 48, 144, 84, 84, 106, 65,
       176, 121, 12, 229, 153, 33, 54, 66, 59, 66, 35, 69, 125, 17, 71,
       114, 94, 54, 184, 104, 232, 107, 96, 222, 115, 129, 48, 178, 93,
       68, 106, 65, 176, 249, 110, 165, 188, 37, 6, 72, 179, 67, 177, 21,
       4, 106, 255, 86, 166, 251, 104, 28, 71, 79, 147, 117, 255, 62, 96,
       127, 187, 19, 175, 48, 148, 60, 110, 199, 174, 138, 64, 189, 203,
       53, 240, 248, 184, 158, 120, 41, 173, 80, 87, 191, 31, 164, 29,
       159, 147, 66, 88, 135, 51, 237, 20, 58, 111, 146, 51, 219, 255,
       112, 121, 202, 192, 171, 19, 135, 158, 39, 151, 252, 190, 252,
       247, 157, 250, 210, 247, 232, 108, 181, 203, 239, 231, 255, 181,
       181, 253, 5, 238, 62, 58, 255, 194, 141, 252, 249, 221, 254, 127,
       242, 174, 251, 22, 222, 232, 61, 174, 249, 135, 73, 254, 31, 212,
       254, 253, 223, 230, 236, 163, 73, 238, 179, 255, 143, 159, 71,
       119, 111, 199, 17, 77, 107, 222, 22, 134, 239, 246, 84, 0, 222, 2,
       113, 235, 48, 96, 120, 234, 23, 238, 41, 185, 60, 255, 251, 175,
       142, 64, 61, 187, 112, 168, 103, 4, 241, 79, 125, 59, 203, 72,
       121, 164, 253, 170, 202, 104, 159, 180, 218, 205, 70, 110, 140,
       178, 109, 206, 54, 254, 130, 19, 213, 127, 66, 196, 239, 103, 101,
       207, 252, 30, 239, 248, 127, 224, 255, 198, 217, 102, 159, 244,
       126, 206, 54, 254, 237, 242, 239, 254, 44, 254, 175, 140, 47, 255,
       242, 244, 129, 176, 189, 81, 124, 189, 105, 23, 255, 123, 119, 92,
       190, 177, 212, 61, 141, 46, 126, 28, 179, 124, 115, 87, 206, 158,
       114, 112, 216, 136, 211, 189, 248, 157, 22, 252, 157, 198, 86,
       175, 149, 10, 162, 25, 123, 247, 32, 211, 200, 246, 236, 98, 121,
       207, 83, 159, 251, 243, 69, 91, 58, 40, 236, 10, 124, 69, 120,
       103, 84, 75, 103, 168, 100, 164, 239, 8, 211, 97, 9, 80, 56, 220,
       72, 106, 72, 176, 121, 14, 231, 165, 4, 21, 112, 187, 70, 34, 75,
       154, 166, 150, 169, 189, 184, 151, 175, 127, 158, 245, 236, 238,
       246, 207, 167, 103, 255, 5, 148, 73, 187, 241, 158, 127, 223, 211,
       134, 228, 141, 95, 184, 79, 58, 254, 52, 135, 86, 116, 214, 12,
       230, 68, 246, 209, 35, 80, 212, 58, 12, 74, 106, 169, 74, 63, 227,
       255, 32, 17, 18, 154, 104, 35, 140, 14, 152, 251, 188, 173, 82,
       146, 86, 143, 125, 16, 183, 227, 163, 72, 209, 106, 38, 30, 58,
       252, 74, 59, 206, 223, 53, 89, 146, 201, 72, 137, 254, 254, 254,
       255, 239, 118, 253, 254, 191, 222, 254, 167, 110, 255, 103, 223,
       239, 255, 255, 135, 236, 255, 251, 235, 255, 251, 223, 131, 231,
       117, 110, 255, 97, 248, 249, 69, 118, 26, 234, 184, 107, 232, 246,
       102, 123, 26, 150, 244, 126, 204, 118, 248, 205, 190, 229, 207,
       62, 253, 167, 196, 111, 160, 122, 237, 87, 164, 239, 255, 172, 14,
       110, 233, 191, 178, 251, 66, 255, 251, 29, 99, 255, 245, 127, 175,
       232, 241, 219, 222, 189, 190, 207, 84, 172, 234, 97, 0, 97, 250,
       123, 69, 118, 154, 233, 116, 125, 232, 118, 230, 177, 26, 148,
       112, 126, 188, 54, 136, 197, 188, 229, 205, 22, 172, 178, 192,
       109, 136, 98, 189, 44, 97, 124, 103, 21, 91, 70, 40, 97, 164, 239,
       8, 203, 73, 25, 20, 88, 212, 192, 106, 72, 178, 73, 140, 103, 249,
       5, 21, 103, 187, 94, 2, 120, 180, 180, 122, 249, 109, 85, 205,
       243, 123, 168, 24, 111, 251, 74, 190, 153, 219, 236, 16, 62, 99,
       218, 179, 251, 223, 85, 127, 250, 84, 198, 14, 89, 184, 145, 184,
       169, 237, 80, 23, 187, 91, 160, 89, 190, 151, 64, 218, 165, 51,
       253, 16, 30, 79, 146, 241, 219, 255, 114, 251, 146, 68, 171, 75,
       120, 188, 154, 250, 189, 173, 80, 83, 251, 25, 189, 29, 62, 185,
       64, 152, 165, 186, 236, 24, 26, 107, 146, 179, 219, 221, 48, 122,
       202, 200, 202, 27, 120, 29, 22, 110, 25, 199, 86, 33, 133, 0, 170,
       9, 114, 247, 32, 211, 192, 246, 232, 98, 109, 171, 82, 61, 243,
       243, 64, 91, 58, 42, 108, 26, 83, 188, 142, 184, 170, 172, 29, 23,
       186, 211, 130, 189, 183, 166, 130, 91, 167, 167, 253, 133, 191,
       75, 182, 81, 216, 227, 126, 218, 140, 208, 171, 89, 60, 49, 105,
       67, 212, 75, 103, 217, 50, 164, 237, 8, 19, 197, 73, 16, 120, 218,
       66, 122, 74, 178, 248, 46, 111, 133, 5, 37, 99, 187, 198, 242,
       120, 221, 60, 126, 56, 201, 87, 190, 132, 0, 174, 40, 247, 119, 1,
       115, 0, 242, 236, 74, 106, 9, 91, 61, 227, 163, 36, 25, 48, 155,
       4, 58, 120, 184, 27, 120, 9, 217, 17, 195, 235, 88, 164, 8, 190,
       215, 69, 190, 129, 179, 238, 16, 11, 47, 178, 49, 219, 217, 17,
       123, 82, 0, 78, 58, 39, 189, 19, 154, 221, 229, 186, 232, 158,
       240, 201, 15, 236, 250, 111, 64, 217, 107, 59, 199, 38, 67, 90,
       255, 61, 22, 143, 62, 24, 127, 49, 198, 6, 175, 22, 190, 249, 133,
       190, 233, 190, 0, 217, 131, 236, 238, 40, 64, 255, 123, 235, 195,
       118, 35, 26, 255, 189, 182, 15, 11, 80, 99, 165, 146, 6, 173, 1,
       155, 221, 197, 174, 236, 190, 89, 73, 65, 236, 238, 124, 192, 209,
       107, 51, 87, 99, 90, 154, 247, 45, 54, 159, 110, 152, 87, 179,
       154, 236, 176, 252, 119, 168, 60, 93, 155, 51, 191, 167, 185, 223,
       119, 203, 91, 135, 214, 253, 28, 58, 70, 251, 49, 207, 251, 117,
       252, 162, 244, 134, 113, 120, 188, 253, 120, 169, 125, 81, 223,
       243, 191, 180, 60, 123, 247, 194, 63, 13, 214, 236, 24, 187, 111,
       251, 51, 219, 255, 117, 127, 226, 240, 198, 123, 171, 26, 125,
       249, 109, 222, 249, 82, 61, 108, 246, 246, 159, 31, 150, 253, 238,
       181, 255, 29, 189, 190, 97, 198, 215, 251, 122, 195, 79, 140, 127,
       251, 121, 73, 110, 229, 52, 22, 111, 52, 101, 136, 222, 64, 211,
       99, 145, 97, 88, 228, 61, 234, 200, 176, 113, 140, 231, 249, 167,
       128, 38, 186, 112, 40, 66, 187, 174, 183, 232, 172, 184, 159, 170,
       249, 90, 245, 172, 238, 214, 90, 231, 127, 127, 149, 150, 88, 139,
       225, 94, 52, 255, 234, 140, 64, 135, 155, 55, 180, 247, 237, 108,
       15, 108, 123, 127, 170, 250, 235, 255, 255, 212, 240, 255, 189,
       127, 175, 201, 246, 207, 222, 158, 254, 103, 174, 127, 172, 82,
       181, 7, 156, 143, 151, 228, 174, 172, 183, 188, 218, 82, 86, 244,
       252, 181, 107, 247, 103, 55, 143, 177, 252, 27, 231, 13, 58, 255,
       128, 140, 120, 177, 249, 196, 180, 188, 255, 172, 47, 125, 159,
       62, 187, 222, 58, 247, 255, 24, 106, 255, 223, 127, 137, 184, 126,
       219, 255, 221, 255, 255, 212, 164, 233, 161, 35, 63, 76, 225, 47,
       93, 123, 194, 200, 93, 228, 249, 139, 74, 108, 159, 164, 250, 205,
