%YAML:1.0
---
descriptors: !!opencv-matrix
   rows: 162
   cols: 32
   dt: u
   data: [ 68, 20, 249, 231, 100, 46, 105, 24, 120, 186, 111, 92, 215,
       51, 201, 122, 55, 212, 125, 62, 161, 80, 153, 66, 197, 191, 115,
       4, 136, 227, 67, 33, 196, 141, 135, 147, 148, 168, 38, 134, 62,
       19, 74, 82, 244, 98, 72, 74, 97, 206, 42, 208, 50, 220, 203, 227,
       173, 38, 222, 64, 128, 121, 161, 8, 198, 173, 152, 190, 252, 160,
       174, 175, 186, 147, 24, 154, 252, 234, 121, 66, 179, 107, 123,
       145, 98, 77, 138, 243, 172, 22, 159, 236, 148, 113, 129, 8, 113,
       249, 151, 254, 237, 205, 69, 220, 239, 249, 168, 72, 246, 242, 65,
       254, 129, 227, 108, 88, 27, 107, 250, 49, 153, 218, 87, 122, 200,
       82, 195, 109, 130, 164, 149, 155, 236, 169, 184, 143, 158, 51, 17,
       249, 132, 162, 72, 11, 143, 27, 107, 17, 50, 76, 203, 215, 12, 22,
       95, 254, 156, 72, 131, 131, 2, 251, 25, 186, 248, 201, 182, 239,
       142, 21, 72, 99, 164, 222, 104, 64, 203, 59, 3, 17, 66, 26, 74,
       113, 45, 20, 30, 107, 16, 26, 165, 139, 164, 141, 150, 254, 252,
       171, 214, 238, 223, 131, 240, 80, 230, 233, 37, 73, 211, 107, 110,
       35, 48, 239, 74, 191, 168, 254, 87, 26, 212, 249, 209, 137, 38,
       181, 112, 139, 253, 109, 176, 171, 15, 49, 57, 27, 206, 124, 92,
       132, 155, 27, 223, 17, 22, 120, 91, 215, 15, 28, 31, 127, 212, 14,
       223, 151, 134, 156, 165, 215, 225, 118, 189, 167, 62, 251, 66, 48,
       236, 62, 76, 111, 133, 87, 179, 145, 54, 220, 107, 226, 45, 54,
       254, 199, 128, 81, 133, 239, 1, 15, 254, 245, 244, 142, 110, 119,
       252, 128, 110, 66, 253, 179, 176, 96, 118, 126, 58, 234, 240, 152,
       144, 238, 101, 190, 206, 0, 4, 242, 225, 168, 253, 117, 21, 238,
       169, 15, 86, 248, 59, 170, 177, 76, 223, 123, 9, 179, 220, 213,
       125, 106, 105, 99, 89, 184, 243, 219, 101, 180, 90, 251, 66, 35,
       34, 255, 17, 138, 220, 197, 182, 239, 142, 1, 104, 75, 164, 219,
       108, 0, 219, 187, 3, 81, 82, 11, 74, 245, 61, 148, 158, 106, 144,
       10, 135, 138, 141, 164, 157, 241, 236, 173, 185, 159, 222, 123,
       53, 92, 158, 185, 216, 43, 135, 27, 126, 29, 179, 124, 235, 211,
       204, 155, 127, 246, 220, 200, 129, 161, 124, 105, 114, 108, 85,
       221, 82, 224, 225, 4, 237, 8, 43, 223, 19, 148, 248, 232, 197, 74,
       72, 171, 250, 173, 243, 253, 0, 27, 99, 183, 78, 166, 241, 72,
       223, 246, 78, 8, 109, 20, 249, 146, 178, 90, 123, 235, 213, 123,
       107, 229, 125, 234, 233, 71, 231, 226, 212, 235, 254, 152, 45,
       241, 98, 40, 146, 62, 119, 93, 27, 210, 169, 230, 125, 182, 242,
       146, 65, 14, 5, 61, 105, 181, 202, 161, 104, 255, 117, 222, 181,
       162, 218, 7, 97, 112, 39, 172, 44, 175, 212, 243, 221, 47, 70,
       191, 87, 185, 56, 77, 195, 105, 93, 131, 217, 198, 100, 114, 62,
       104, 203, 177, 175, 223, 197, 124, 251, 251, 216, 130, 77, 37,
       153, 231, 240, 46, 104, 25, 58, 187, 107, 80, 221, 115, 73, 250,
       183, 95, 124, 56, 49, 208, 153, 66, 207, 175, 119, 100, 136, 227,
       131, 161, 9, 75, 70, 5, 52, 155, 237, 103, 124, 133, 126, 128,
       175, 0, 182, 196, 114, 38, 42, 12, 85, 184, 37, 206, 172, 255, 22,
       1, 68, 140, 249, 12, 242, 67, 103, 174, 15, 18, 78, 104, 229, 132,
       146, 195, 99, 106, 53, 215, 248, 229, 109, 231, 108, 227, 13, 205,
       176, 234, 203, 19, 37, 62, 116, 4, 181, 114, 225, 10, 138, 3, 79,
       216, 83, 242, 181, 238, 83, 76, 253, 59, 127, 204, 93, 255, 203,
       103, 255, 48, 250, 8, 229, 188, 255, 191, 114, 112, 208, 184, 190,
       184, 170, 237, 17, 67, 186, 63, 132, 25, 151, 151, 66, 91, 167,
       51, 237, 17, 58, 79, 146, 51, 217, 195, 123, 121, 144, 65, 143,
       67, 6, 220, 181, 23, 131, 228, 190, 174, 154, 255, 74, 49, 236,
       254, 77, 43, 181, 127, 177, 211, 118, 216, 187, 243, 45, 22, 95,
       195, 128, 119, 133, 255, 77, 103, 68, 103, 176, 27, 111, 184, 118,
       168, 111, 228, 211, 99, 153, 244, 54, 76, 108, 238, 233, 208, 237,
       62, 108, 238, 101, 132, 110, 179, 72, 33, 125, 115, 152, 101, 60,
       15, 75, 24, 96, 232, 255, 108, 211, 3, 139, 16, 28, 204, 76, 110,
       137, 178, 233, 8, 231, 237, 33, 180, 105, 179, 66, 49, 253, 229,
       224, 110, 222, 39, 79, 249, 192, 170, 189, 74, 83, 225, 249, 54,
       25, 198, 92, 110, 248, 99, 172, 46, 250, 207, 229, 188, 55, 243,
       242, 32, 41, 253, 122, 104, 85, 221, 87, 247, 99, 77, 124, 8, 43,
       157, 182, 180, 88, 186, 150, 8, 78, 58, 240, 183, 119, 221, 4,
       107, 115, 158, 222, 238, 85, 82, 249, 167, 34, 46, 107, 24, 96,
       166, 211, 197, 215, 99, 89, 90, 118, 197, 125, 239, 136, 212, 221,
       8, 196, 235, 103, 132, 164, 243, 33, 65, 132, 237, 17, 186, 221,
       133, 166, 236, 158, 17, 232, 91, 180, 210, 104, 129, 220, 91, 2,
       83, 115, 11, 90, 255, 173, 144, 143, 120, 24, 27, 131, 138, 88,
       188, 188, 114, 169, 253, 21, 143, 187, 63, 172, 25, 174, 183, 66,
       27, 133, 211, 237, 16, 58, 73, 218, 49, 219, 215, 93, 127, 194,
       68, 143, 75, 104, 24, 155, 190, 137, 205, 18, 2, 159, 7, 160, 25,
       174, 247, 96, 88, 193, 115, 233, 0, 30, 15, 250, 179, 209, 247,
       24, 123, 144, 40, 13, 82, 29, 103, 68, 71, 48, 26, 110, 184, 116,
       168, 127, 228, 211, 99, 153, 244, 54, 76, 36, 110, 201, 176, 237,
       14, 166, 238, 37, 132, 110, 243, 72, 5, 244, 237, 200, 236, 236,
       97, 70, 239, 210, 146, 188, 10, 115, 225, 249, 51, 89, 194, 78,
       250, 123, 99, 202, 58, 248, 143, 229, 61, 253, 250, 250, 0, 241,
       76, 239, 253, 108, 40, 237, 16, 249, 146, 182, 210, 251, 235, 145,
       123, 107, 229, 125, 138, 169, 71, 231, 226, 212, 187, 250, 152,
       37, 241, 115, 40, 38, 181, 240, 227, 247, 127, 250, 201, 123, 189,
       185, 27, 206, 124, 94, 14, 187, 157, 223, 51, 150, 112, 217, 208,
       159, 220, 5, 119, 197, 111, 223, 199, 152, 205, 57, 123, 177, 207,
       83, 191, 87, 13, 172, 16, 183, 23, 0, 112, 149, 50, 29, 24, 122,
       172, 97, 63, 235, 255, 52, 80, 50, 136, 196, 107, 253, 127, 20,
       229, 169, 31, 94, 186, 59, 170, 184, 76, 223, 115, 1, 179, 156,
       197, 124, 108, 233, 98, 193, 62, 243, 219, 101, 60, 74, 249, 74,
       1, 108, 235, 196, 115, 157, 15, 70, 189, 199, 185, 184, 77, 195,
       105, 92, 135, 201, 70, 110, 122, 62, 104, 203, 180, 111, 219, 197,
       124, 250, 251, 216, 0, 132, 140, 151, 156, 188, 43, 182, 238, 222,
       179, 242, 80, 238, 226, 33, 207, 211, 103, 106, 42, 48, 235, 11,
       255, 184, 182, 87, 94, 216, 120, 161, 129, 66, 184, 175, 154, 237,
       232, 177, 199, 187, 87, 176, 185, 44, 236, 118, 10, 235, 51, 251,
       17, 22, 111, 186, 243, 91, 54, 94, 123, 212, 68, 247, 222, 90, 48,
       116, 236, 45, 246, 216, 24, 203, 204, 117, 147, 143, 159, 86, 46,
       134, 189, 245, 129, 142, 36, 183, 209, 195, 249, 152, 171, 119,
       133, 93, 79, 97, 249, 187, 106, 117, 141, 99, 216, 107, 109, 104,
       8, 183, 208, 80, 52, 144, 232, 100, 94, 203, 58, 250, 49, 189,
       252, 5, 122, 64, 3, 66, 173, 105, 249, 17, 106, 121, 221, 83, 220,
       235, 73, 168, 8, 191, 211, 64, 112, 128, 241, 108, 90, 79, 43,
       186, 49, 187, 221, 37, 122, 66, 19, 194, 41, 242, 33, 112, 225,
       102, 8, 248, 0, 233, 144, 177, 139, 15, 11, 84, 19, 174, 149, 93,
       217, 138, 96, 196, 192, 150, 216, 138, 171, 103, 128, 75, 6, 6,
       160, 213, 145, 238, 105, 169, 11, 14, 49, 177, 186, 156, 130, 72,
       10, 43, 139, 106, 145, 19, 118, 207, 208, 140, 18, 95, 124, 148,
       72, 131, 128, 109, 75, 189, 101, 36, 14, 111, 176, 109, 232, 126,
       68, 219, 35, 145, 114, 150, 100, 108, 110, 193, 176, 225, 40, 230,
       249, 101, 128, 74, 179, 66, 33, 221, 127, 21, 229, 184, 15, 92,
       191, 59, 170, 168, 76, 159, 51, 65, 147, 151, 197, 108, 108, 233,
       90, 209, 30, 250, 223, 37, 52, 10, 240, 138, 1, 1, 164, 149, 27,
       219, 89, 33, 175, 62, 115, 65, 16, 212, 114, 200, 236, 49, 14,
       106, 28, 51, 88, 111, 23, 13, 38, 94, 100, 176, 64, 129, 238, 151,
