%YAML:1.0
---
descriptors: !!opencv-matrix
   rows: 99
   cols: 32
   dt: u
   data: [ 49, 143, 74, 237, 214, 131, 107, 255, 116, 0, 254, 198, 83,
       224, 182, 96, 122, 238, 14, 236, 189, 187, 37, 30, 120, 175, 166,
       192, 125, 138, 240, 136, 65, 48, 253, 101, 36, 110, 105, 19, 104,
       170, 118, 112, 159, 55, 145, 122, 102, 20, 61, 8, 129, 216, 225,
       72, 199, 249, 178, 128, 196, 224, 71, 41, 221, 69, 87, 236, 150,
       66, 79, 56, 36, 0, 202, 66, 83, 55, 161, 113, 114, 212, 60, 234,
       105, 145, 49, 12, 241, 234, 226, 20, 36, 179, 96, 32, 197, 113,
       21, 69, 1, 78, 102, 48, 104, 160, 34, 72, 222, 19, 129, 115, 146,
       84, 104, 106, 193, 208, 177, 12, 167, 184, 5, 0, 72, 50, 67, 49,
       88, 35, 90, 228, 114, 72, 49, 81, 33, 172, 102, 169, 63, 151, 192,
       80, 54, 157, 237, 48, 0, 145, 161, 72, 209, 165, 33, 137, 32, 160,
       39, 107, 7, 50, 49, 197, 96, 31, 107, 24, 41, 232, 125, 76, 222,
       23, 149, 180, 150, 197, 95, 110, 129, 208, 241, 200, 135, 216, 33,
       162, 10, 183, 67, 117, 211, 91, 196, 165, 10, 22, 140, 60, 136,
       240, 130, 207, 237, 46, 215, 199, 38, 229, 253, 231, 205, 73, 215,
       200, 176, 96, 207, 146, 45, 180, 25, 92, 150, 94, 172, 183, 136,
       102, 159, 166, 158, 254, 146, 151, 213, 110, 115, 75, 197, 103,
       121, 199, 237, 205, 127, 106, 233, 35, 255, 149, 156, 117, 181,
       94, 88, 176, 245, 116, 40, 76, 65, 57, 162, 189, 166, 8, 55, 151,
       64, 115, 2, 148, 108, 24, 9, 75, 242, 5, 217, 235, 113, 124, 96,
       160, 6, 41, 15, 158, 244, 119, 183, 214, 95, 188, 91, 223, 21,
       181, 253, 125, 255, 175, 151, 123, 181, 95, 246, 216, 46, 191,
       107, 223, 125, 199, 182, 247, 213, 127, 44, 116, 57, 227, 52, 79,
       87, 152, 55, 232, 127, 8, 215, 119, 9, 16, 144, 92, 85, 106, 41,
       240, 121, 62, 239, 221, 37, 52, 192, 187, 70, 178, 39, 38, 209,
       65, 116, 43, 232, 72, 91, 162, 113, 90, 80, 9, 221, 24, 123, 140,
       6, 60, 128, 246, 205, 194, 28, 28, 33, 36, 205, 235, 82, 128, 240,
       56, 189, 248, 8, 205, 81, 87, 227, 31, 164, 24, 23, 147, 64, 59,
       133, 146, 108, 24, 10, 111, 178, 16, 211, 201, 112, 56, 224, 0,
       198, 43, 107, 50, 106, 108, 96, 20, 120, 88, 43, 76, 244, 237, 57,
       159, 214, 48, 150, 157, 245, 141, 143, 3, 182, 193, 83, 121, 32,
       143, 70, 132, 38, 247, 17, 143, 74, 254, 150, 131, 239, 247, 22,
       1, 220, 198, 113, 227, 176, 64, 127, 234, 23, 204, 186, 152, 12,
       255, 248, 167, 174, 192, 61, 202, 176, 169, 84, 173, 201, 243, 20,
       200, 106, 160, 42, 48, 139, 34, 247, 82, 217, 115, 99, 231, 125,
       219, 14, 80, 205, 117, 252, 161, 175, 161, 36, 163, 55, 0, 61,
       101, 121, 96, 212, 71, 71, 216, 66, 168, 236, 8, 19, 149, 81, 48,
       88, 216, 22, 250, 75, 50, 120, 62, 123, 141, 37, 60, 113, 187, 66,
       168, 199, 225, 160, 182, 203, 4, 142, 136, 155, 241, 136, 159,
       220, 239, 89, 206, 213, 215, 249, 215, 155, 67, 223, 242, 185, 54,
       207, 252, 140, 119, 185, 114, 101, 69, 189, 101, 21, 95, 67, 184,
       101, 160, 239, 8, 211, 113, 25, 118, 216, 212, 120, 106, 72, 240,
       249, 8, 231, 253, 5, 20, 98, 187, 82, 32, 108, 37, 61, 111, 25,
       79, 71, 40, 116, 168, 169, 8, 211, 51, 1, 48, 152, 212, 104, 106,
       73, 162, 249, 12, 229, 251, 5, 60, 64, 59, 70, 34, 184, 132, 86,
       223, 85, 246, 70, 49, 21, 3, 111, 18, 123, 99, 40, 213, 81, 174,
       162, 42, 120, 152, 121, 191, 103, 239, 208, 1, 58, 206, 232, 34,
       2, 201, 10, 153, 21, 133, 56, 239, 30, 1, 72, 23, 164, 194, 42,
       64, 217, 43, 3, 133, 102, 152, 82, 247, 45, 22, 158, 107, 24, 8,
       185, 142, 221, 86, 212, 69, 178, 62, 110, 17, 121, 226, 191, 244,
       75, 34, 159, 255, 55, 196, 252, 190, 181, 212, 45, 202, 166, 255,
       101, 134, 238, 247, 200, 21, 252, 91, 118, 238, 109, 212, 80, 112,
       225, 140, 247, 41, 107, 223, 163, 215, 204, 180, 239, 106, 200,
       35, 242, 140, 83, 249, 224, 155, 115, 175, 110, 83, 15, 184, 252,
       127, 187, 214, 95, 184, 155, 255, 87, 165, 253, 253, 223, 39, 151,
       127, 181, 127, 230, 208, 191, 189, 107, 255, 109, 207, 182, 166,
       13, 119, 41, 140, 27, 105, 245, 239, 123, 119, 109, 1, 110, 8,
       127, 51, 16, 48, 177, 50, 114, 12, 19, 184, 49, 63, 239, 223, 48,
       64, 234, 194, 194, 170, 47, 52, 196, 81, 229, 63, 168, 218, 91,
       251, 53, 126, 136, 248, 223, 175, 159, 76, 210, 29, 167, 244, 254,
       192, 14, 90, 223, 230, 207, 253, 91, 149, 82, 153, 18, 186, 35,
       196, 24, 103, 169, 13, 224, 41, 174, 158, 32, 208, 166, 187, 143,
       129, 86, 11, 130, 209, 145, 244, 26, 203, 16, 6, 175, 15, 120,
       249, 59, 120, 91, 205, 81, 246, 163, 29, 172, 8, 62, 151, 64, 16,
       167, 187, 69, 80, 74, 43, 178, 117, 251, 253, 16, 126, 114, 0, 38,
       171, 76, 138, 157, 181, 168, 44, 73, 158, 170, 27, 170, 121, 247,
       115, 8, 90, 135, 215, 109, 0, 10, 73, 195, 1, 200, 247, 122, 84,
       136, 96, 3, 9, 223, 89, 119, 228, 39, 86, 127, 49, 161, 202, 215,
       166, 127, 127, 179, 247, 38, 245, 253, 238, 233, 213, 180, 236,
       242, 235, 239, 128, 38, 183, 35, 113, 218, 86, 191, 190, 43, 86,
       61, 62, 188, 94, 214, 119, 108, 126, 47, 203, 231, 115, 253, 135,
       229, 197, 51, 239, 177, 115, 254, 131, 24, 116, 45, 95, 78, 62,
       190, 53, 163, 126, 63, 18, 185, 254, 14, 181, 76, 182, 67, 223,
       167, 119, 253, 131, 33, 213, 179, 234, 215, 115, 95, 131, 138,
       117, 45, 115, 189, 68, 124, 243, 229, 63, 71, 218, 81, 182, 53,
       24, 83, 57, 91, 57, 217, 202, 21, 62, 168, 246, 121, 186, 195,
       219, 213, 52, 243, 249, 82, 226, 205, 180, 189, 97, 176, 110, 117,
       159, 59, 251, 62, 28, 223, 119, 72, 59, 149, 23, 125, 56, 179,
       112, 249, 2, 239, 223, 117, 100, 200, 224, 199, 51, 84, 203, 141,
       247, 164, 74, 103, 176, 38, 156, 227, 229, 243, 103, 201, 66, 65,
       230, 108, 86, 72, 240, 235, 33, 237, 163, 231, 85, 160, 187, 100,
       96, 87, 114, 90, 5, 50, 26, 50, 32, 109, 136, 247, 236, 199, 26,
       150, 48, 182, 133, 76, 239, 196, 179, 133, 76, 178, 57, 35, 131,
       76, 163, 43, 5, 124, 120, 254, 112, 125, 253, 209, 216, 227, 241,
       180, 8, 27, 221, 83, 59, 169, 244, 221, 25, 138, 99, 186, 160,
       219, 219, 21, 63, 227, 223, 86, 99, 210, 142, 206, 188, 58, 34,
       30, 190, 52, 167, 150, 247, 237, 111, 162, 83, 119, 199, 237, 165,
       172, 205, 13, 15, 248, 231, 255, 149, 36, 228, 45, 27, 205, 69,
       53, 237, 52, 15, 79, 56, 117, 170, 139, 72, 215, 49, 16, 97, 16,
       196, 92, 110, 233, 160, 121, 30, 229, 254, 161, 20, 106, 170, 80,
       32, 92, 9, 236, 165, 142, 26, 244, 171, 196, 182, 138, 11, 223,
       40, 81, 138, 163, 69, 249, 33, 204, 249, 213, 136, 236, 231, 79,
       21, 229, 120, 93, 10, 100, 229, 149, 99, 168, 15, 86, 168, 115,
       186, 169, 104, 198, 113, 73, 18, 149, 212, 108, 114, 74, 96, 203,
       50, 174, 222, 69, 126, 192, 243, 66, 1, 3, 200, 52, 91, 13, 213,
       161, 204, 207, 29, 132, 0, 160, 208, 108, 236, 201, 18, 234, 88,
       3, 41, 122, 245, 15, 88, 146, 123, 18, 31, 197, 46, 100, 113, 25,
       103, 56, 79, 87, 184, 122, 168, 171, 104, 215, 115, 201, 48, 150,
       92, 108, 106, 73, 240, 249, 30, 229, 223, 37, 52, 64, 179, 70, 35,
       192, 196, 28, 187, 169, 237, 85, 175, 158, 27, 128, 25, 183, 183,
       8, 88, 193, 19, 125, 1, 122, 77, 211, 55, 233, 247, 126, 121, 144,
       88, 132, 42, 216, 56, 153, 240, 42, 232, 81, 71, 162, 17, 160, 56,
       191, 151, 64, 90, 131, 179, 109, 16, 11, 79, 146, 17, 217, 193,
       50, 120, 160, 64, 7, 42, 243, 78, 120, 76, 60, 219, 79, 60, 69,
       78, 252, 234, 35, 29, 183, 116, 94, 176, 30, 106, 232, 167, 101,
       191, 50, 253, 32, 155, 119, 155, 92, 109, 79, 176, 244, 253, 63,
       214, 89, 184, 219, 252, 86, 161, 237, 255, 222, 38, 150, 125, 181,
       253, 134, 192, 191, 221, 75, 251, 237, 239, 54, 166, 69, 87, 41,
       172, 123, 97, 148, 239, 99, 87, 118, 1, 238, 24, 51, 177, 0, 48,
