%YAML:1.0
---
descriptors: !!opencv-matrix
   rows: 188
   cols: 32
   dt: u
   data: [ 152, 124, 110, 123, 189, 255, 243, 87, 127, 111, 125, 23, 187,
       157, 54, 160, 233, 43, 247, 19, 175, 188, 121, 191, 231, 223, 146,
       97, 87, 206, 221, 218, 2, 154, 10, 157, 82, 161, 56, 198, 190, 13,
       66, 183, 172, 195, 34, 72, 231, 43, 179, 149, 54, 156, 2, 255, 4,
       54, 154, 203, 152, 4, 41, 219, 126, 221, 48, 248, 157, 87, 94,
       255, 31, 165, 140, 11, 239, 127, 62, 84, 223, 211, 223, 99, 124,
       11, 121, 255, 251, 223, 141, 127, 150, 252, 140, 78, 170, 156,
       166, 154, 205, 245, 176, 231, 159, 95, 245, 191, 104, 252, 54, 15,
       205, 187, 243, 17, 182, 111, 186, 247, 95, 51, 222, 251, 215, 76,
       255, 223, 17, 223, 106, 75, 22, 134, 235, 240, 84, 136, 222, 230,
       113, 65, 188, 100, 126, 236, 22, 254, 139, 184, 45, 127, 124, 44,
       167, 192, 61, 139, 112, 173, 211, 54, 122, 93, 250, 246, 191, 123,
       125, 202, 254, 182, 120, 254, 150, 229, 127, 63, 190, 172, 229,
       180, 183, 207, 54, 111, 163, 138, 111, 228, 237, 253, 29, 229,
       170, 240, 213, 134, 237, 229, 180, 133, 198, 23, 81, 203, 122, 65,
       249, 236, 19, 189, 92, 211, 176, 132, 123, 239, 159, 76, 137, 24,
       240, 210, 51, 239, 98, 143, 212, 191, 238, 255, 87, 164, 216, 239,
       99, 232, 182, 132, 121, 234, 19, 239, 222, 186, 12, 191, 60, 14,
       133, 224, 125, 254, 216, 204, 37, 141, 83, 75, 246, 219, 238, 241,
       125, 200, 123, 66, 121, 250, 180, 228, 126, 122, 22, 106, 197,
       186, 44, 255, 62, 190, 39, 128, 127, 234, 233, 173, 57, 192, 199,
       221, 4, 18, 236, 28, 94, 51, 114, 86, 113, 90, 188, 239, 121, 236,
       54, 143, 233, 244, 71, 197, 4, 170, 242, 4, 125, 184, 112, 164,
       254, 245, 246, 94, 207, 251, 150, 207, 251, 246, 189, 56, 78, 220,
       110, 191, 187, 255, 254, 115, 126, 103, 186, 243, 251, 251, 69,
       127, 67, 127, 239, 199, 49, 103, 65, 69, 84, 27, 234, 125, 85,
       224, 251, 206, 83, 8, 148, 164, 120, 140, 86, 237, 205, 178, 69,
       222, 52, 12, 161, 4, 111, 174, 120, 140, 39, 238, 172, 19, 252,
       187, 190, 166, 219, 191, 48, 185, 168, 232, 214, 11, 137, 111,
       251, 21, 246, 109, 206, 242, 110, 30, 221, 255, 196, 220, 218,
       206, 150, 221, 159, 251, 131, 224, 63, 175, 190, 83, 75, 18, 245,
       247, 40, 107, 241, 83, 171, 130, 115, 200, 59, 115, 233, 167, 254,
       65, 176, 80, 165, 58, 67, 21, 231, 21, 164, 62, 237, 55, 124, 251,
       90, 244, 241, 108, 156, 239, 23, 103, 124, 173, 181, 248, 245,
       202, 140, 62, 255, 128, 140, 228, 145, 125, 57, 157, 33, 124, 29,
       207, 67, 207, 87, 41, 236, 8, 178, 213, 49, 36, 217, 42, 18, 12,
       43, 42, 122, 63, 235, 221, 1, 56, 82, 8, 80, 170, 54, 255, 217,
       225, 150, 111, 79, 218, 123, 111, 185, 78, 91, 106, 95, 144, 251,
       207, 68, 243, 171, 50, 249, 250, 185, 158, 167, 180, 253, 123,
       222, 113, 8, 255, 211, 107, 179, 155, 51, 215, 46, 13, 121, 229,
       239, 199, 168, 144, 62, 58, 198, 20, 18, 184, 72, 61, 236, 197,
       37, 64, 250, 138, 175, 185, 79, 191, 103, 7, 178, 10, 111, 189,
       41, 232, 75, 236, 249, 102, 152, 118, 54, 103, 125, 255, 209, 216,
       237, 109, 236, 60, 175, 196, 46, 166, 147, 125, 81, 126, 159, 181,
       2, 110, 33, 23, 172, 255, 134, 52, 255, 54, 130, 90, 32, 231, 108,
       128, 41, 205, 177, 104, 217, 163, 127, 16, 160, 96, 167, 121, 238,
       166, 188, 190, 169, 241, 28, 143, 159, 159, 180, 185, 204, 239,
       206, 219, 207, 243, 239, 144, 62, 79, 202, 242, 238, 243, 255,
       251, 150, 244, 143, 83, 155, 156, 254, 95, 250, 118, 189, 247,
       124, 207, 222, 182, 217, 190, 182, 105, 255, 255, 63, 133, 181,
       248, 117, 238, 127, 111, 254, 193, 237, 240, 237, 255, 166, 172,
       238, 24, 207, 245, 180, 207, 223, 87, 228, 27, 104, 236, 126, 141,
       249, 235, 163, 149, 54, 111, 62, 247, 31, 94, 223, 123, 211, 92,
       254, 214, 39, 6, 81, 65, 244, 58, 234, 83, 125, 98, 251, 86, 153,
       8, 149, 244, 122, 140, 22, 172, 181, 182, 101, 206, 54, 124, 162,
       196, 239, 239, 122, 132, 2, 154, 10, 187, 18, 129, 58, 71, 30, 65,
       66, 247, 180, 194, 34, 64, 231, 43, 51, 149, 54, 156, 18, 127,
       228, 38, 186, 192, 28, 0, 41, 155, 102, 166, 236, 86, 141, 120,
       245, 143, 235, 255, 191, 25, 202, 236, 94, 27, 129, 198, 237, 17,
       190, 97, 239, 225, 95, 126, 213, 127, 194, 117, 214, 70, 36, 41,
       171, 250, 221, 196, 207, 67, 132, 132, 205, 1, 176, 205, 48, 66,
       200, 42, 59, 159, 90, 106, 250, 172, 109, 189, 142, 104, 144, 40,
       244, 242, 213, 78, 140, 183, 44, 58, 236, 50, 172, 250, 147, 213,
       215, 42, 147, 235, 199, 101, 125, 175, 237, 197, 69, 40, 132, 235,
       250, 144, 12, 241, 25, 25, 49, 37, 71, 69, 84, 91, 234, 105, 84,
       224, 251, 202, 83, 8, 148, 160, 120, 140, 86, 111, 237, 178, 101,
       28, 54, 12, 161, 20, 109, 170, 122, 132, 95, 179, 145, 163, 169,
       28, 94, 157, 171, 233, 139, 77, 223, 246, 74, 210, 133, 71, 253,
       21, 159, 9, 219, 160, 169, 245, 63, 254, 136, 6, 139, 85, 21, 221,
       25, 239, 180, 143, 231, 248, 86, 168, 91, 70, 215, 81, 177, 96,
       89, 124, 22, 123, 59, 176, 89, 63, 236, 142, 39, 68, 188, 187,
       209, 161, 143, 188, 214, 215, 239, 182, 172, 251, 123, 242, 119,
       242, 88, 250, 213, 239, 127, 255, 182, 174, 229, 221, 189, 239,
       62, 122, 223, 134, 143, 245, 235, 149, 15, 254, 232, 67, 226, 53,
       127, 188, 58, 95, 29, 231, 221, 127, 223, 168, 55, 91, 181, 255,
       130, 64, 175, 241, 111, 79, 239, 172, 183, 247, 171, 241, 137,
       156, 22, 93, 49, 254, 48, 39, 253, 27, 102, 16, 174, 179, 32, 245,
       161, 51, 232, 0, 51, 221, 19, 215, 131, 254, 82, 67, 2, 4, 169,
       47, 79, 183, 244, 157, 235, 63, 188, 223, 255, 251, 212, 255, 204,
       250, 222, 207, 167, 247, 255, 149, 180, 107, 207, 240, 190, 127,
       95, 254, 223, 116, 139, 223, 51, 143, 106, 159, 212, 179, 238,
       231, 22, 5, 90, 199, 97, 232, 54, 64, 126, 234, 19, 205, 150, 186,
       12, 255, 60, 46, 142, 193, 117, 206, 248, 204, 118, 237, 250, 90,
       235, 123, 182, 239, 251, 158, 188, 43, 78, 252, 111, 49, 187, 215,
       239, 163, 118, 99, 170, 251, 187, 247, 87, 255, 199, 119, 175,
       199, 19, 205, 111, 94, 159, 210, 134, 231, 212, 192, 220, 198, 96,
       236, 182, 228, 120, 98, 162, 239, 245, 171, 62, 255, 58, 46, 135,
       11, 95, 126, 184, 60, 156, 223, 31, 87, 139, 127, 167, 250, 188,
       254, 183, 148, 215, 101, 170, 199, 97, 86, 236, 106, 121, 229, 57,
       46, 249, 227, 103, 148, 202, 121, 141, 115, 180, 13, 72, 190, 212,
       42, 206, 238, 89, 130, 248, 90, 83, 98, 57, 9, 121, 235, 6, 243,
       56, 114, 200, 238, 188, 134, 135, 12, 181, 123, 240, 128, 95, 181,
       103, 79, 178, 218, 111, 189, 105, 228, 206, 228, 253, 102, 154,
       244, 54, 231, 125, 237, 209, 153, 189, 93, 236, 60, 175, 208, 46,
       166, 147, 117, 150, 30, 23, 154, 190, 255, 134, 247, 221, 254, 82,
       126, 230, 168, 163, 141, 255, 239, 238, 51, 189, 251, 47, 254,
       184, 18, 127, 242, 220, 73, 141, 93, 247, 241, 58, 30, 13, 157,
       214, 248, 251, 92, 181, 12, 110, 216, 111, 182, 188, 232, 238,
       102, 207, 99, 250, 241, 179, 217, 3, 59, 91, 119, 235, 215, 11,
       242, 179, 187, 109, 221, 188, 215, 158, 123, 80, 118, 188, 190,
       124, 168, 239, 27, 183, 1, 151, 124, 58, 241, 157, 86, 126, 238,
       158, 12, 129, 255, 143, 252, 124, 255, 250, 176, 63, 190, 186,
       194, 94, 180, 253, 247, 219, 114, 23, 127, 125, 126, 227, 196,
       239, 175, 110, 109, 45, 136, 38, 247, 3, 249, 41, 160, 0, 155,
       125, 157, 193, 189, 206, 121, 53, 92, 178, 64, 94, 164, 137, 10,
       82, 29, 147, 104, 250, 181, 13, 24, 149, 124, 90, 14, 218, 164, 3,
       198, 206, 191, 240, 171, 108, 191, 63, 83, 94, 213, 245, 227, 186,
       88, 119, 138, 55, 140, 142, 218, 207, 215, 206, 127, 190, 196,
       188, 208, 184, 153, 2, 148, 179, 219, 117, 252, 185, 7, 127, 95,
