%YAML:1.0
---
descriptors: !!opencv-matrix
   rows: 364
   cols: 32
   dt: u
   data: [ 1, 151, 17, 249, 180, 175, 101, 159, 86, 43, 126, 80, 247, 51,
       136, 100, 21, 26, 12, 24, 179, 56, 97, 55, 173, 142, 52, 116, 144,
       216, 129, 41, 198, 254, 183, 254, 232, 239, 159, 254, 159, 223,
       91, 255, 236, 255, 61, 73, 183, 127, 255, 131, 227, 109, 154, 255,
       186, 126, 127, 174, 158, 255, 133, 123, 22, 151, 223, 205, 242, 2,
       191, 253, 62, 140, 254, 230, 88, 243, 172, 68, 127, 223, 47, 250,
       240, 147, 43, 206, 124, 174, 175, 198, 125, 242, 165, 177, 172,
       221, 151, 75, 131, 91, 183, 168, 125, 82, 239, 24, 222, 116, 13,
       183, 153, 82, 106, 98, 97, 229, 59, 32, 167, 219, 68, 23, 194,
       123, 199, 38, 120, 157, 22, 108, 29, 135, 82, 103, 133, 8, 170,
       76, 98, 249, 32, 208, 216, 180, 204, 96, 61, 171, 81, 31, 179,
       254, 0, 90, 122, 42, 104, 26, 39, 20, 247, 79, 228, 123, 239, 40,
       93, 230, 251, 46, 202, 120, 159, 52, 222, 205, 118, 238, 205, 178,
       125, 206, 38, 126, 199, 146, 207, 255, 82, 212, 254, 221, 238, 94,
       139, 247, 87, 190, 23, 254, 255, 191, 74, 255, 47, 253, 221, 254,
       253, 226, 252, 231, 251, 191, 251, 255, 213, 151, 243, 127, 252,
       119, 172, 96, 126, 96, 37, 27, 82, 104, 97, 2, 247, 40, 75, 73,
       153, 145, 216, 128, 196, 106, 104, 54, 201, 136, 70, 217, 96, 21,
       67, 187, 90, 130, 34, 141, 134, 159, 245, 213, 182, 199, 158, 11,
       88, 18, 168, 248, 38, 196, 201, 107, 147, 65, 114, 186, 82, 255,
       37, 22, 158, 11, 18, 92, 181, 142, 90, 254, 166, 255, 173, 253,
       252, 255, 255, 255, 246, 55, 232, 255, 126, 79, 253, 255, 255,
       133, 190, 107, 219, 255, 255, 127, 223, 251, 215, 116, 238, 95,
       222, 168, 188, 191, 207, 120, 28, 207, 187, 183, 132, 27, 110,
       254, 70, 91, 227, 255, 249, 21, 62, 79, 203, 227, 223, 243, 223,
       123, 128, 116, 175, 202, 234, 188, 254, 247, 233, 248, 124, 135,
       187, 127, 180, 189, 172, 255, 70, 27, 199, 119, 255, 145, 54, 79,
       218, 243, 207, 251, 223, 251, 134, 116, 143, 219, 177, 239, 99,
       206, 116, 195, 79, 252, 105, 64, 248, 207, 51, 202, 188, 49, 122,
       232, 86, 238, 237, 179, 76, 255, 50, 152, 167, 0, 61, 154, 118,
       184, 236, 235, 99, 35, 124, 202, 235, 184, 116, 224, 114, 228,
       243, 193, 217, 213, 90, 108, 46, 127, 235, 254, 205, 175, 108,
       249, 167, 200, 78, 139, 114, 184, 69, 125, 83, 71, 242, 218, 54,
       176, 248, 200, 107, 96, 254, 211, 137, 48, 50, 125, 84, 106, 65,
       144, 248, 110, 167, 188, 37, 2, 72, 179, 3, 177, 44, 163, 200, 43,
       180, 139, 83, 216, 35, 5, 109, 141, 71, 225, 91, 16, 24, 200, 69,
       92, 30, 184, 201, 50, 234, 221, 33, 69, 226, 135, 78, 194, 165,
       117, 17, 103, 116, 95, 118, 184, 108, 232, 123, 104, 214, 80, 137,
       48, 146, 92, 68, 106, 65, 176, 121, 46, 37, 156, 33, 54, 72, 59,
       75, 167, 76, 66, 217, 231, 96, 10, 111, 24, 105, 170, 102, 64,
       215, 99, 137, 126, 18, 68, 108, 106, 64, 212, 193, 8, 230, 255,
       99, 4, 2, 243, 67, 33, 168, 157, 61, 77, 119, 219, 119, 184, 109,
       104, 102, 8, 254, 85, 4, 180, 144, 120, 198, 98, 65, 176, 121, 63,
       103, 255, 33, 51, 82, 27, 71, 171, 117, 93, 220, 111, 252, 14, 79,
       184, 112, 232, 251, 68, 115, 112, 153, 115, 88, 196, 60, 106, 237,
       178, 253, 46, 252, 174, 229, 20, 125, 251, 240, 0, 112, 232, 253,
       97, 136, 75, 71, 150, 98, 178, 160, 8, 19, 53, 193, 59, 33, 212,
       108, 90, 43, 110, 227, 48, 185, 203, 101, 60, 225, 241, 70, 32,
       133, 220, 185, 253, 180, 47, 239, 186, 86, 235, 94, 82, 243, 249,
       153, 100, 93, 110, 62, 41, 235, 248, 89, 191, 173, 255, 167, 196,
       220, 248, 208, 169, 166, 255, 255, 222, 254, 247, 159, 254, 159,
       222, 212, 191, 108, 255, 191, 121, 215, 127, 255, 231, 245, 207,
       235, 255, 59, 126, 255, 186, 159, 247, 167, 223, 134, 172, 254,
       254, 253, 239, 254, 238, 255, 183, 240, 27, 236, 250, 108, 27,
       187, 127, 127, 19, 54, 239, 154, 255, 191, 223, 95, 111, 212, 121,
       255, 131, 88, 184, 190, 254, 41, 205, 89, 226, 191, 158, 150, 9,
       191, 255, 115, 91, 229, 247, 253, 195, 26, 75, 250, 177, 219, 251,
       251, 57, 144, 33, 39, 90, 6, 188, 188, 179, 169, 237, 184, 207,
       190, 191, 190, 25, 190, 255, 70, 27, 175, 115, 239, 17, 54, 105,
       251, 241, 207, 215, 127, 119, 208, 72, 135, 219, 23, 229, 215,
       175, 158, 51, 190, 232, 127, 194, 251, 130, 207, 234, 11, 132,
       255, 207, 234, 243, 101, 227, 207, 230, 190, 246, 7, 31, 239, 247,
       171, 132, 23, 21, 11, 236, 182, 167, 79, 248, 22, 194, 219, 198,
       215, 254, 185, 96, 127, 249, 31, 255, 175, 147, 127, 159, 241,
       239, 175, 172, 188, 123, 177, 48, 95, 91, 239, 71, 2, 22, 111,
       176, 33, 206, 246, 231, 121, 110, 151, 246, 118, 245, 253, 238,
       205, 209, 165, 232, 118, 107, 239, 128, 47, 247, 38, 125, 52, 151,
       18, 222, 117, 129, 246, 232, 87, 12, 249, 106, 98, 249, 44, 128,
       248, 250, 130, 66, 74, 179, 10, 191, 122, 148, 131, 43, 81, 43,
       254, 131, 32, 143, 34, 158, 117, 193, 166, 228, 86, 14, 120, 34,
       32, 249, 36, 228, 217, 122, 130, 195, 66, 186, 10, 255, 37, 22,
       150, 43, 83, 26, 116, 171, 118, 93, 90, 174, 248, 79, 118, 232,
       191, 174, 249, 9, 118, 254, 47, 80, 254, 255, 127, 226, 108, 227,
       217, 254, 255, 190, 7, 59, 17, 115, 102, 75, 205, 111, 122, 227,
       52, 10, 111, 176, 61, 172, 255, 160, 223, 7, 147, 113, 94, 205,
       253, 127, 232, 148, 233, 238, 228, 253, 175, 129, 38, 147, 143,
       105, 12, 101, 19, 199, 189, 79, 231, 248, 31, 168, 251, 74, 206,
       241, 185, 196, 120, 220, 239, 106, 73, 177, 121, 255, 181, 220,
       135, 54, 83, 255, 213, 36, 198, 148, 158, 181, 205, 111, 229, 235,
       191, 191, 91, 23, 204, 233, 98, 203, 185, 111, 235, 17, 48, 253,
       155, 194, 93, 54, 223, 71, 137, 104, 253, 210, 40, 189, 80, 242,
       125, 157, 80, 119, 207, 41, 252, 29, 34, 169, 68, 144, 204, 186,
       198, 0, 90, 58, 82, 181, 87, 221, 16, 115, 91, 200, 222, 155, 252,
       201, 93, 254, 168, 200, 86, 176, 132, 144, 230, 40, 247, 247, 32,
       83, 64, 242, 236, 98, 104, 107, 74, 61, 243, 227, 101, 25, 114,
       187, 76, 35, 44, 177, 233, 67, 209, 73, 99, 216, 50, 228, 237,
       136, 19, 197, 73, 20, 88, 218, 194, 218, 90, 178, 248, 58, 127,
       133, 37, 45, 99, 187, 198, 242, 96, 176, 189, 117, 120, 111, 185,
       123, 126, 179, 242, 88, 188, 191, 68, 59, 175, 29, 123, 24, 147,
       252, 211, 85, 77, 159, 115, 112, 200, 8, 67, 169, 32, 251, 112,
       72, 253, 135, 212, 239, 95, 36, 248, 142, 34, 137, 36, 148, 220,
       186, 134, 64, 202, 58, 90, 191, 62, 156, 148, 63, 95, 152, 254,
       155, 215, 105, 235, 196, 86, 30, 171, 208, 41, 224, 22, 138, 93,
       206, 215, 34, 54, 253, 85, 255, 193, 211, 172, 234, 123, 9, 47,
       164, 165, 179, 35, 225, 126, 112, 184, 230, 233, 7, 87, 152, 3,
       169, 141, 41, 87, 183, 75, 26, 149, 223, 253, 146, 24, 66, 219,
       48, 219, 199, 53, 254, 170, 115, 150, 51, 211, 246, 158, 184, 170,
       217, 29, 71, 190, 83, 128, 189, 183, 166, 194, 89, 167, 163, 92,
       149, 255, 79, 54, 83, 184, 243, 126, 218, 140, 192, 171, 93, 207,
       124, 245, 223, 234, 239, 127, 158, 63, 251, 247, 120, 255, 255,
       205, 125, 255, 255, 127, 154, 179, 254, 251, 226, 127, 254, 119,
       130, 206, 241, 231, 241, 32, 251, 82, 216, 127, 133, 150, 238, 95,
       4, 112, 175, 32, 200, 37, 132, 223, 122, 130, 97, 66, 58, 90, 191,
       63, 20, 7, 107, 93, 24, 126, 155, 117, 207, 69, 109, 180, 46, 79,
       190, 117, 170, 250, 76, 243, 97, 153, 116, 89, 230, 60, 110, 233,
       176, 93, 175, 172, 254, 165, 20, 110, 248, 208, 36, 9, 173, 149,
       253, 180, 175, 109, 59, 94, 169, 218, 68, 243, 49, 144, 97, 89,
       46, 62, 44, 155, 248, 81, 29, 236, 190, 117, 68, 218, 232, 208,
       40, 212, 252, 191, 247, 172, 111, 127, 254, 63, 251, 242, 113,
       255, 255, 0, 123, 255, 223, 127, 143, 249, 221, 251, 255, 255,
