%YAML:1.0
---
descriptors: !!opencv-matrix
   rows: 89
   cols: 32
   dt: u
   data: [ 9, 249, 123, 237, 112, 207, 127, 247, 63, 73, 126, 228, 189,
       191, 144, 112, 246, 123, 23, 204, 195, 152, 36, 255, 230, 253, 46,
       128, 30, 146, 163, 249, 53, 83, 99, 206, 92, 199, 71, 248, 197,
       200, 253, 102, 83, 213, 185, 100, 92, 232, 22, 238, 201, 163, 46,
       189, 113, 172, 163, 156, 63, 187, 112, 241, 210, 188, 150, 184,
       137, 237, 16, 103, 191, 23, 168, 25, 174, 190, 98, 31, 225, 51,
       203, 16, 50, 111, 146, 243, 153, 214, 94, 123, 146, 68, 143, 30,
       191, 13, 102, 239, 119, 178, 250, 120, 85, 64, 95, 130, 121, 127,
       181, 225, 126, 241, 23, 239, 172, 176, 109, 255, 118, 235, 171,
       129, 55, 239, 120, 195, 175, 90, 106, 94, 102, 247, 219, 208, 85,
       206, 244, 175, 57, 221, 183, 168, 222, 248, 151, 79, 173, 166,
       102, 186, 98, 125, 160, 136, 119, 189, 124, 253, 14, 18, 50, 158,
       79, 240, 180, 65, 141, 14, 249, 163, 140, 222, 47, 207, 238, 57,
       139, 35, 4, 167, 2, 192, 23, 48, 74, 139, 23, 111, 45, 135, 210,
       151, 222, 69, 242, 10, 61, 125, 57, 62, 119, 255, 77, 39, 170, 83,
       55, 221, 173, 162, 112, 213, 141, 74, 246, 227, 103, 133, 55, 240,
       135, 225, 127, 104, 208, 84, 11, 54, 74, 154, 115, 162, 166, 8,
       74, 178, 197, 254, 17, 244, 236, 90, 13, 71, 227, 234, 146, 255,
       5, 62, 170, 245, 74, 36, 10, 157, 50, 139, 85, 213, 178, 231, 30,
       77, 92, 3, 172, 156, 38, 196, 217, 59, 147, 17, 22, 186, 112, 255,
       47, 85, 26, 107, 18, 14, 189, 219, 120, 181, 20, 68, 157, 88, 69,
       57, 225, 180, 175, 12, 106, 99, 10, 214, 64, 134, 232, 40, 91, 43,
       251, 157, 187, 241, 5, 63, 106, 230, 238, 46, 218, 199, 62, 252,
       155, 68, 31, 253, 21, 30, 132, 147, 125, 127, 42, 81, 247, 147,
       29, 226, 122, 15, 59, 255, 243, 171, 238, 157, 49, 48, 164, 91,
       47, 28, 114, 254, 119, 243, 219, 82, 29, 74, 220, 163, 249, 221,
       183, 100, 94, 249, 151, 239, 164, 167, 44, 255, 67, 223, 171, 131,
       119, 239, 116, 241, 186, 94, 118, 255, 119, 179, 250, 242, 93,
       130, 244, 163, 105, 93, 181, 101, 126, 249, 151, 235, 160, 180,
       36, 254, 86, 255, 162, 130, 119, 189, 116, 139, 6, 148, 118, 193,
       231, 38, 188, 103, 29, 115, 219, 179, 92, 62, 60, 73, 255, 151,
       151, 165, 176, 243, 17, 196, 23, 62, 218, 199, 165, 204, 181, 211,
       43, 90, 235, 220, 100, 118, 233, 82, 213, 206, 86, 231, 56, 236,
       183, 235, 254, 236, 183, 199, 133, 242, 102, 232, 22, 59, 234,
       138, 79, 253, 116, 253, 56, 219, 123, 76, 118, 79, 199, 120, 69,
       236, 252, 238, 115, 205, 182, 48, 124, 236, 6, 106, 201, 179, 101,
       28, 114, 237, 33, 144, 123, 186, 102, 241, 38, 59, 105, 163, 180,
       243, 136, 18, 22, 224, 217, 231, 147, 12, 209, 232, 222, 63, 151,
       149, 159, 176, 69, 136, 204, 197, 171, 240, 157, 203, 20, 209, 83,
       19, 101, 195, 71, 191, 184, 21, 79, 121, 19, 70, 76, 12, 158, 236,
       166, 7, 186, 5, 135, 177, 61, 213, 23, 123, 218, 210, 87, 14, 185,
       85, 34, 175, 134, 152, 255, 177, 188, 231, 159, 31, 152, 191, 172,
       234, 102, 128, 239, 59, 235, 149, 54, 75, 2, 247, 156, 22, 222,
       251, 148, 76, 189, 207, 205, 123, 253, 228, 172, 56, 124, 150,
       233, 242, 182, 236, 159, 15, 213, 123, 166, 229, 125, 90, 193, 69,
       225, 192, 246, 249, 103, 180, 134, 241, 195, 41, 41, 135, 97, 251,
       117, 249, 233, 119, 30, 101, 93, 130, 169, 12, 186, 228, 78, 138,
       151, 29, 155, 56, 108, 183, 140, 221, 186, 224, 55, 142, 216, 232,
       85, 216, 61, 177, 46, 75, 20, 168, 238, 114, 130, 0, 215, 120, 8,
       107, 163, 5, 120, 35, 97, 101, 89, 21, 137, 139, 71, 86, 92, 40,
       1, 34, 47, 205, 64, 222, 95, 147, 206, 248, 215, 192, 120, 198,
       105, 232, 189, 228, 122, 232, 22, 239, 199, 34, 78, 255, 54, 12,
       165, 184, 127, 191, 88, 132, 51, 235, 226, 139, 246, 145, 174,
       245, 86, 65, 88, 231, 41, 204, 246, 32, 126, 235, 23, 221, 214,
       186, 44, 251, 60, 12, 174, 232, 125, 158, 243, 220, 175, 223, 200,
       178, 215, 189, 126, 191, 155, 218, 29, 255, 111, 121, 251, 133,
       63, 227, 151, 103, 247, 108, 30, 255, 254, 87, 109, 255, 190, 255,
       153, 213, 156, 223, 251, 182, 182, 232, 119, 246, 245, 207, 95,
       51, 118, 253, 107, 97, 115, 250, 21, 115, 251, 244, 40, 111, 251,
       7, 117, 193, 164, 251, 252, 123, 190, 8, 116, 253, 47, 243, 216,
       26, 205, 150, 242, 131, 239, 111, 55, 203, 238, 241, 191, 227,
       168, 228, 103, 252, 151, 251, 202, 147, 183, 237, 116, 199, 43,
       82, 235, 77, 108, 84, 253, 119, 73, 78, 253, 231, 185, 188, 182,
       102, 206, 108, 183, 143, 197, 182, 230, 201, 102, 125, 242, 136,
       95, 254, 244, 253, 169, 159, 59, 218, 229, 223, 247, 51, 221, 78,
       95, 118, 152, 189, 182, 229, 204, 34, 190, 110, 241, 169, 48, 255,
       111, 27, 224, 210, 90, 140, 220, 117, 168, 159, 125, 218, 239,
       209, 151, 189, 77, 94, 125, 102, 248, 61, 166, 229, 78, 18, 191,
       74, 241, 46, 123, 255, 103, 123, 112, 203, 95, 158, 252, 123, 67,
       19, 184, 139, 228, 188, 176, 5, 79, 105, 91, 122, 204, 56, 188,
       232, 182, 7, 190, 1, 149, 48, 141, 209, 22, 125, 58, 131, 221, 78,
       217, 5, 15, 131, 50, 162, 245, 185, 186, 97, 205, 92, 31, 231,
       204, 232, 254, 133, 182, 3, 151, 127, 214, 169, 46, 212, 126, 89,
       47, 207, 70, 142, 189, 197, 91, 90, 161, 207, 33, 20, 79, 16, 35,
       202, 222, 196, 187, 150, 213, 238, 196, 254, 188, 206, 201, 6,
       241, 171, 131, 253, 186, 136, 2, 247, 32, 125, 24, 216, 124, 191,
       46, 200, 183, 176, 204, 90, 86, 35, 255, 93, 163, 107, 35, 114,
       191, 67, 69, 60, 47, 181, 198, 227, 114, 131, 54, 185, 29, 219,
       129, 220, 23, 189, 52, 198, 41, 86, 20, 75, 82, 86, 180, 23, 160,
       101, 118, 42, 30, 200, 99, 156, 49, 127, 164, 166, 186, 128, 24,
       152, 49, 57, 57, 240, 104, 235, 85, 247, 235, 220, 86, 117, 253,
       22, 25, 29, 58, 160, 125, 136, 150, 252, 155, 178, 125, 151, 223,
       205, 186, 116, 63, 139, 252, 240, 255, 94, 105, 232, 175, 118, 95,
       254, 85, 238, 150, 247, 91, 29, 179, 239, 127, 212, 159, 238, 237,
       103, 117, 142, 243, 255, 231, 158, 63, 253, 252, 119, 218, 184,
       182, 184, 139, 245, 144, 71, 143, 87, 128, 155, 172, 158, 102, 79,
       193, 51, 251, 145, 62, 79, 146, 209, 153, 211, 218, 123, 146, 76,
       173, 94, 6, 122, 166, 180, 75, 224, 185, 198, 154, 223, 82, 167,
       172, 238, 119, 10, 239, 117, 179, 149, 132, 213, 166, 224, 92, 22,
       222, 139, 141, 117, 53, 223, 59, 255, 107, 237, 118, 219, 127,
       119, 55, 77, 126, 230, 59, 157, 182, 100, 126, 187, 151, 141, 207,
       186, 36, 223, 254, 253, 190, 162, 63, 156, 246, 253, 78, 8, 244,
       253, 175, 184, 250, 2, 141, 130, 250, 131, 141, 46, 55, 202, 238,
       245, 191, 145, 144, 164, 67, 200, 135, 255, 218, 219, 151, 175,
       93, 3, 171, 93, 244, 223, 45, 156, 253, 23, 205, 94, 244, 183,
       185, 61, 182, 231, 206, 117, 191, 15, 229, 164, 118, 233, 103,
       121, 226, 147, 94, 252, 213, 255, 207, 151, 125, 218, 180, 253,
       211, 188, 93, 93, 31, 118, 250, 124, 190, 237, 215, 18, 190, 60,
       183, 40, 111, 255, 46, 91, 116, 210, 222, 207, 209, 125, 172, 254,
       249, 93, 186, 123, 151, 155, 90, 127, 125, 244, 152, 116, 199, 38,
       31, 92, 134, 18, 163, 112, 253, 179, 108, 156, 37, 182, 223, 249,
       199, 245, 76, 26, 243, 238, 47, 232, 55, 146, 199, 78, 158, 163,
       254, 253, 163, 102, 38, 241, 239, 67, 193, 33, 46, 241, 195, 118,
       33, 155, 54, 255, 5, 115, 78, 51, 247, 254, 237, 96, 53, 81, 137,
       206, 93, 41, 108, 247, 43, 31, 182, 115, 183, 33, 16, 67, 162,
       200, 71, 118, 115, 171, 134, 246, 55, 211, 136, 43, 235, 229, 246,
       112, 235, 210, 18, 228, 118, 231, 49, 174, 215, 42, 46, 95, 23,
       220, 151, 250, 165, 168, 78, 141, 175, 161, 165, 233, 124, 249,
       157, 82, 111, 235, 182, 4, 239, 220, 84, 77, 214, 230, 121, 79,
