%YAML:1.0
---
descriptors: !!opencv-matrix
   rows: 205
   cols: 32
   dt: u
   data: [ 171, 208, 98, 81, 245, 223, 160, 71, 94, 73, 118, 18, 8, 28,
       182, 172, 121, 24, 146, 25, 247, 188, 117, 214, 47, 94, 150, 67,
       215, 140, 253, 244, 189, 205, 103, 79, 20, 27, 230, 252, 84, 96,
       243, 66, 83, 72, 188, 165, 120, 196, 22, 107, 237, 179, 109, 191,
       52, 201, 165, 132, 125, 187, 248, 164, 2, 92, 146, 155, 85, 247,
       186, 206, 31, 69, 92, 3, 172, 222, 39, 196, 217, 59, 131, 145, 6,
       156, 81, 255, 39, 118, 154, 3, 150, 95, 61, 222, 137, 177, 183,
       54, 189, 143, 181, 117, 250, 61, 35, 93, 254, 216, 42, 23, 128,
       41, 79, 5, 242, 237, 186, 223, 233, 218, 94, 114, 66, 4, 131, 203,
       156, 73, 110, 101, 69, 31, 110, 112, 101, 134, 247, 2, 123, 25,
       145, 243, 122, 244, 223, 234, 232, 181, 53, 236, 119, 233, 224,
       129, 103, 179, 124, 32, 29, 245, 50, 33, 154, 75, 53, 253, 103,
       224, 222, 170, 223, 121, 203, 32, 59, 223, 110, 241, 221, 187,
       197, 14, 252, 132, 39, 68, 239, 178, 161, 3, 139, 191, 107, 179,
       246, 179, 233, 119, 53, 209, 94, 215, 153, 13, 214, 32, 111, 171,
       19, 157, 187, 184, 116, 230, 78, 77, 158, 192, 175, 132, 241, 248,
       45, 98, 201, 97, 236, 47, 75, 152, 67, 248, 189, 76, 211, 73, 217,
       42, 93, 196, 86, 126, 137, 50, 105, 144, 207, 221, 165, 52, 251,
       251, 80, 161, 39, 185, 136, 139, 220, 149, 250, 216, 78, 233, 89,
       71, 176, 232, 126, 0, 221, 107, 23, 223, 151, 58, 222, 243, 46,
       29, 175, 238, 157, 143, 89, 157, 1, 190, 187, 251, 48, 237, 187,
       219, 94, 75, 124, 68, 180, 255, 97, 32, 191, 59, 22, 28, 131, 184,
       58, 123, 229, 156, 50, 160, 216, 73, 3, 187, 173, 241, 24, 110,
       120, 13, 83, 152, 106, 8, 61, 76, 255, 211, 73, 48, 148, 72, 68,
       106, 203, 38, 122, 23, 231, 221, 33, 60, 90, 179, 66, 161, 176, 0,
       195, 217, 22, 163, 233, 87, 84, 35, 210, 210, 17, 1, 176, 104,
       121, 140, 27, 152, 59, 188, 37, 150, 84, 46, 186, 64, 181, 136,
       240, 160, 29, 135, 111, 208, 150, 178, 105, 115, 245, 193, 207,
       198, 89, 227, 62, 229, 119, 165, 27, 188, 177, 145, 52, 222, 218,
       239, 139, 68, 191, 225, 113, 116, 225, 47, 229, 69, 36, 15, 77,
       55, 112, 234, 186, 108, 243, 40, 148, 51, 90, 230, 124, 110, 252,
       248, 229, 12, 228, 42, 101, 144, 109, 248, 210, 73, 168, 53, 122,
       71, 240, 142, 107, 113, 49, 140, 119, 12, 49, 135, 192, 21, 52,
       254, 71, 254, 112, 218, 177, 110, 111, 184, 165, 192, 106, 130,
       226, 248, 89, 17, 218, 174, 182, 74, 82, 17, 114, 193, 207, 99,
       247, 115, 3, 112, 114, 231, 61, 65, 29, 152, 193, 42, 250, 229,
       46, 1, 172, 226, 185, 11, 190, 126, 110, 190, 250, 130, 187, 66,
       165, 204, 222, 231, 41, 206, 183, 65, 110, 249, 151, 215, 236,
       143, 38, 236, 114, 97, 170, 139, 37, 151, 53, 219, 65, 77, 223,
       175, 164, 42, 111, 4, 108, 130, 75, 128, 247, 35, 145, 91, 98,
       103, 60, 78, 72, 208, 205, 42, 228, 239, 126, 0, 36, 243, 33, 40,
       90, 185, 191, 118, 171, 80, 53, 135, 171, 159, 134, 49, 46, 255,
       70, 90, 163, 119, 253, 17, 86, 73, 163, 224, 187, 247, 94, 219,
       130, 84, 165, 111, 9, 223, 125, 239, 54, 31, 251, 248, 77, 72, 92,
       230, 253, 125, 186, 164, 62, 208, 183, 239, 209, 184, 45, 157,
       238, 255, 227, 132, 127, 174, 93, 241, 184, 77, 82, 174, 61, 194,
       82, 232, 165, 4, 250, 3, 107, 210, 35, 213, 248, 189, 142, 226,
       108, 179, 17, 189, 179, 249, 130, 19, 49, 159, 124, 78, 91, 31,
       190, 244, 245, 158, 127, 118, 189, 202, 118, 101, 62, 191, 167,
       112, 167, 127, 183, 77, 241, 185, 32, 232, 251, 255, 126, 130,
       202, 253, 33, 123, 51, 141, 42, 94, 87, 213, 218, 230, 223, 64,
       220, 2, 48, 232, 55, 32, 120, 250, 18, 77, 38, 171, 62, 255, 115,
       12, 130, 41, 117, 15, 120, 206, 1, 151, 27, 237, 180, 143, 111,
       55, 92, 72, 91, 102, 215, 99, 176, 96, 84, 42, 30, 44, 241, 152,
       65, 31, 236, 174, 162, 192, 24, 138, 241, 49, 182, 104, 198, 166,
       69, 127, 82, 64, 49, 166, 243, 11, 75, 28, 7, 155, 248, 253, 228,
       35, 44, 247, 153, 200, 147, 242, 193, 19, 97, 63, 126, 198, 116,
       117, 57, 45, 185, 79, 87, 156, 35, 188, 169, 9, 215, 63, 73, 16,
       153, 221, 93, 114, 10, 98, 217, 25, 251, 221, 5, 62, 208, 251, 70,
       98, 146, 13, 111, 188, 26, 194, 59, 246, 180, 64, 194, 195, 61,
       231, 49, 65, 110, 251, 147, 197, 225, 143, 22, 255, 241, 46, 154,
       136, 61, 129, 33, 248, 231, 253, 172, 7, 141, 21, 207, 172, 26,
       255, 132, 29, 193, 236, 95, 107, 197, 71, 249, 255, 255, 67, 255,
       178, 171, 123, 207, 126, 152, 125, 218, 84, 207, 40, 228, 97, 165,
       122, 248, 154, 127, 247, 54, 145, 139, 13, 215, 111, 207, 28, 127,
       29, 190, 124, 245, 210, 79, 219, 211, 229, 230, 205, 88, 199, 215,
       212, 172, 55, 138, 23, 159, 168, 150, 246, 131, 151, 209, 108, 95,
       11, 29, 199, 121, 167, 253, 69, 255, 27, 234, 35, 207, 180, 141,
       117, 153, 82, 34, 173, 1, 184, 157, 229, 192, 231, 22, 17, 200,
       18, 180, 185, 112, 72, 201, 26, 27, 153, 26, 42, 83, 183, 173,
       150, 158, 122, 144, 8, 240, 138, 126, 221, 239, 86, 147, 214, 214,
       166, 243, 196, 238, 167, 107, 252, 55, 244, 253, 254, 237, 208,
       205, 201, 52, 173, 59, 119, 133, 211, 239, 119, 254, 94, 170, 29,
       58, 159, 213, 215, 190, 99, 95, 64, 93, 19, 236, 252, 50, 224,
       250, 59, 147, 129, 118, 186, 122, 255, 247, 119, 138, 11, 23, 110,
       189, 214, 86, 247, 168, 166, 168, 37, 31, 188, 146, 246, 137, 189,
       215, 238, 91, 26, 149, 199, 237, 247, 236, 67, 255, 50, 232, 7,
       237, 189, 148, 115, 151, 90, 116, 175, 136, 182, 184, 45, 86, 188,
       50, 174, 141, 141, 231, 96, 75, 18, 221, 238, 109, 103, 44, 67,
       203, 47, 250, 231, 109, 189, 0, 251, 158, 83, 157, 75, 44, 47, 24,
       15, 79, 56, 116, 192, 247, 193, 243, 105, 19, 97, 92, 244, 76,
       235, 237, 160, 77, 45, 240, 161, 231, 16, 105, 187, 32, 0, 135,
       141, 167, 91, 229, 184, 166, 167, 254, 19, 114, 80, 232, 104, 188,
       239, 235, 90, 34, 91, 179, 252, 47, 227, 45, 62, 86, 66, 215, 93,
       209, 172, 199, 252, 183, 223, 253, 150, 173, 137, 222, 219, 17,
       82, 236, 252, 252, 230, 247, 127, 58, 27, 247, 101, 190, 243, 45,
       58, 79, 238, 150, 116, 177, 229, 84, 227, 136, 166, 8, 13, 94, 13,
       226, 229, 139, 141, 199, 200, 90, 82, 192, 197, 108, 85, 158, 11,
       207, 0, 248, 229, 45, 125, 12, 138, 154, 80, 116, 35, 200, 172,
       184, 8, 83, 152, 35, 165, 173, 141, 199, 107, 75, 80, 88, 198, 76,
       247, 12, 35, 205, 16, 240, 229, 33, 61, 249, 187, 78, 2, 2, 156,
       26, 159, 84, 231, 178, 226, 30, 1, 90, 3, 244, 252, 37, 64, 217,
       59, 3, 17, 34, 184, 24, 127, 111, 38, 170, 67, 148, 75, 53, 154,
       101, 181, 179, 136, 252, 3, 69, 123, 119, 237, 251, 108, 211, 241,
       208, 148, 91, 172, 222, 185, 123, 251, 205, 78, 190, 84, 37, 126,
       239, 170, 162, 97, 14, 104, 170, 159, 77, 244, 186, 64, 25, 206,
       85, 131, 172, 204, 119, 141, 253, 121, 147, 135, 198, 214, 254,
       226, 7, 85, 218, 171, 7, 127, 63, 214, 10, 157, 48, 191, 149, 215,
       186, 169, 31, 78, 87, 23, 236, 108, 58, 192, 221, 51, 187, 131,
       246, 184, 89, 255, 111, 119, 155, 195, 30, 14, 61, 95, 26, 13,
       106, 254, 213, 210, 127, 99, 189, 132, 207, 2, 121, 255, 54, 96,
       250, 255, 187, 194, 120, 155, 50, 239, 243, 255, 142, 11, 55, 102,
       180, 226, 124, 128, 156, 246, 137, 108, 85, 136, 162, 51, 167, 24,
       211, 243, 72, 122, 193, 214, 121, 74, 24, 67, 251, 33, 219, 235,
       209, 125, 160, 115, 194, 34, 183, 47, 75, 230, 100, 42, 235, 112,
       9, 192, 251, 238, 123, 141, 245, 59, 110, 229, 87, 239, 169, 231,
       36, 234, 208, 153, 170, 152, 109, 235, 114, 177, 65, 16, 189, 101,
       32, 110, 241, 50, 108, 73, 126, 64, 222, 55, 138, 122, 135, 86,
       124, 12, 129, 224, 177, 77, 199, 191, 114, 192, 72, 160, 67, 113,
