%YAML:1.0
---
descriptors: !!opencv-matrix
   rows: 126
   cols: 32
   dt: u
   data: [ 252, 180, 121, 232, 57, 109, 83, 216, 3, 104, 181, 8, 123,
       221, 77, 50, 220, 149, 125, 98, 10, 103, 251, 151, 219, 221, 1,
       63, 113, 43, 102, 115, 173, 125, 121, 101, 180, 79, 111, 188, 113,
       230, 126, 8, 211, 53, 145, 48, 26, 220, 84, 106, 233, 176, 249,
       14, 239, 223, 37, 4, 99, 251, 70, 240, 253, 221, 226, 78, 221, 55,
       206, 252, 87, 226, 253, 78, 115, 232, 255, 229, 93, 230, 50, 111,
       253, 99, 255, 190, 58, 79, 197, 60, 255, 255, 248, 148, 79, 145,
       238, 101, 114, 86, 121, 57, 101, 220, 87, 167, 217, 95, 158, 231,
       54, 29, 255, 236, 133, 208, 181, 205, 79, 123, 235, 196, 39, 166,
       37, 241, 2, 182, 233, 145, 242, 233, 185, 207, 62, 119, 24, 187,
       28, 142, 206, 8, 191, 27, 211, 145, 118, 94, 166, 119, 124, 6, 63,
       231, 197, 68, 135, 219, 2, 157, 156, 191, 138, 225, 189, 167, 158,
       23, 74, 179, 180, 190, 34, 75, 199, 115, 187, 129, 54, 72, 75,
       253, 205, 167, 222, 131, 144, 88, 133, 219, 232, 137, 189, 251,
       173, 205, 117, 167, 255, 59, 38, 24, 190, 185, 64, 91, 193, 102,
       106, 88, 114, 105, 251, 177, 239, 251, 84, 91, 210, 88, 193, 42,
       252, 91, 22, 172, 109, 66, 86, 248, 145, 136, 242, 109, 66, 249,
       165, 211, 220, 228, 238, 98, 236, 35, 138, 173, 50, 242, 101, 155,
       90, 63, 254, 19, 123, 222, 111, 78, 118, 16, 239, 116, 121, 72,
       127, 230, 121, 104, 190, 113, 126, 229, 55, 239, 229, 182, 47,
       237, 118, 107, 234, 128, 111, 182, 242, 253, 181, 95, 111, 79, 54,
       82, 238, 252, 84, 232, 250, 230, 115, 108, 189, 228, 126, 236, 22,
       238, 237, 179, 125, 175, 54, 237, 167, 132, 109, 187, 120, 181,
       18, 34, 246, 239, 44, 2, 232, 72, 111, 53, 243, 194, 77, 203, 220,
       202, 238, 141, 127, 157, 138, 247, 199, 208, 130, 248, 170, 129,
       37, 130, 99, 129, 3, 159, 19, 252, 246, 134, 175, 215, 188, 9, 90,
       98, 124, 223, 176, 96, 254, 127, 55, 141, 241, 153, 0, 255, 61,
       46, 190, 128, 29, 0, 161, 185, 55, 112, 117, 235, 38, 11, 250,
       216, 13, 56, 243, 226, 223, 29, 221, 139, 254, 221, 119, 119, 137,
       176, 73, 192, 6, 248, 107, 134, 77, 187, 115, 129, 233, 127, 57,
       68, 112, 222, 27, 242, 248, 236, 180, 237, 30, 22, 147, 177, 134,
       116, 220, 108, 237, 15, 176, 46, 243, 253, 37, 190, 74, 181, 79,
       125, 138, 219, 50, 159, 107, 208, 188, 230, 191, 93, 84, 179, 172,
       222, 38, 197, 230, 59, 179, 193, 70, 158, 34, 253, 39, 113, 218,
       139, 22, 20, 173, 223, 45, 125, 81, 77, 117, 95, 199, 248, 67,
       232, 108, 72, 114, 209, 133, 180, 24, 124, 82, 106, 65, 178, 120,
       62, 39, 156, 5, 54, 90, 187, 82, 164, 86, 244, 255, 246, 242, 98,
       63, 248, 27, 247, 21, 179, 125, 247, 107, 91, 119, 223, 181, 243,
       178, 87, 155, 251, 251, 7, 239, 238, 167, 247, 165, 115, 37, 80,
       121, 69, 36, 78, 239, 56, 101, 232, 127, 68, 211, 21, 157, 116,
       94, 212, 22, 106, 201, 176, 125, 12, 101, 188, 163, 132, 78, 187,
       84, 241, 124, 116, 113, 104, 61, 111, 87, 88, 115, 234, 181, 8,
       219, 93, 73, 177, 217, 157, 93, 106, 41, 99, 249, 157, 243, 217,
       1, 62, 91, 187, 70, 115, 118, 100, 232, 38, 203, 91, 87, 232, 83,
       246, 173, 171, 67, 108, 95, 19, 185, 212, 233, 119, 76, 99, 255,
       56, 123, 71, 69, 63, 103, 255, 214, 86, 88, 91, 123, 103, 48, 78,
       111, 48, 36, 236, 126, 44, 247, 87, 1, 112, 54, 252, 93, 106, 201,
       176, 113, 44, 229, 237, 33, 128, 96, 179, 70, 113, 172, 123, 248,
       191, 238, 137, 182, 244, 218, 134, 112, 239, 173, 200, 199, 9,
       206, 123, 135, 67, 192, 106, 206, 249, 100, 1, 111, 170, 93, 249,
       159, 153, 22, 188, 254, 190, 186, 243, 183, 239, 158, 247, 222,
       179, 117, 255, 107, 75, 183, 127, 255, 147, 118, 201, 175, 255,
       250, 231, 127, 239, 181, 123, 173, 219, 107, 180, 244, 252, 127,
       245, 216, 91, 219, 255, 156, 187, 172, 252, 214, 172, 159, 51,
       255, 165, 182, 107, 246, 211, 219, 95, 91, 191, 215, 196, 15, 223,
       141, 120, 191, 255, 77, 253, 121, 218, 255, 187, 164, 16, 252,
       255, 89, 123, 193, 101, 123, 26, 162, 69, 250, 241, 207, 251, 215,
       62, 210, 113, 99, 162, 226, 91, 87, 172, 232, 66, 86, 252, 177,
       204, 242, 237, 66, 236, 165, 213, 222, 229, 166, 98, 237, 187,
       130, 236, 48, 50, 101, 154, 94, 191, 98, 221, 72, 173, 158, 249,
       153, 237, 53, 135, 175, 31, 174, 16, 174, 191, 64, 26, 161, 115,
       235, 16, 50, 105, 147, 115, 239, 223, 86, 91, 194, 80, 135, 43,
       18, 43, 46, 175, 14, 18, 186, 104, 190, 164, 211, 167, 229, 200,
       50, 66, 250, 109, 239, 199, 68, 209, 143, 216, 144, 99, 171, 129,
       45, 14, 57, 198, 44, 117, 57, 101, 116, 78, 119, 56, 105, 168,
       126, 72, 223, 19, 9, 16, 148, 84, 68, 106, 65, 176, 113, 14, 231,
       253, 33, 4, 64, 179, 70, 163, 164, 149, 29, 227, 156, 111, 85,
       187, 94, 115, 45, 24, 215, 113, 72, 49, 153, 18, 90, 56, 59, 120,
       89, 23, 239, 159, 85, 117, 208, 74, 196, 162, 62, 240, 233, 226,
       173, 84, 93, 221, 135, 254, 181, 183, 10, 158, 255, 238, 205, 209,
       191, 215, 207, 103, 251, 192, 219, 221, 182, 255, 251, 158, 252,
       95, 125, 23, 237, 228, 236, 127, 223, 122, 129, 236, 189, 239, 91,
       125, 243, 182, 78, 212, 247, 110, 157, 35, 124, 136, 243, 217,
       225, 189, 255, 255, 92, 243, 135, 96, 85, 235, 110, 11, 234, 200,
       29, 160, 115, 194, 221, 202, 157, 168, 126, 205, 126, 251, 5, 244,
       77, 192, 132, 186, 43, 132, 77, 187, 105, 133, 61, 77, 122, 238,
       84, 147, 238, 248, 85, 128, 252, 2, 115, 233, 183, 96, 120, 232,
       23, 234, 200, 179, 44, 191, 114, 239, 167, 137, 119, 187, 120,
       130, 43, 76, 114, 31, 85, 223, 178, 226, 95, 68, 92, 2, 168, 220,
       183, 164, 217, 107, 146, 67, 199, 188, 126, 255, 38, 94, 138, 11,
       95, 31, 121, 204, 33, 205, 107, 222, 212, 131, 239, 242, 213, 128,
       254, 66, 113, 237, 181, 100, 88, 250, 22, 234, 233, 171, 110, 191,
       115, 46, 166, 136, 119, 251, 116, 168, 19, 221, 91, 239, 87, 134,
       191, 246, 60, 8, 94, 70, 124, 251, 32, 96, 118, 255, 23, 233, 225,
       153, 16, 255, 245, 175, 174, 130, 45, 50, 161, 187, 191, 175, 237,
       87, 246, 58, 239, 254, 127, 226, 254, 214, 123, 105, 157, 114,
       123, 206, 127, 255, 249, 240, 239, 254, 126, 127, 231, 132, 239,
       255, 208, 96, 22, 79, 103, 175, 54, 2, 111, 248, 36, 140, 218,
       231, 97, 71, 177, 64, 126, 228, 15, 239, 200, 145, 45, 237, 240,
       172, 175, 128, 37, 183, 116, 97, 245, 94, 78, 167, 38, 6, 111,
       184, 52, 238, 211, 231, 83, 97, 155, 83, 126, 228, 61, 239, 233,
       150, 205, 46, 244, 42, 239, 132, 45, 187, 112, 81, 117, 253, 233,
       230, 212, 79, 71, 252, 50, 224, 255, 8, 115, 117, 89, 48, 92, 220,
       125, 234, 201, 50, 249, 47, 253, 173, 37, 52, 101, 187, 214, 114,
       125, 103, 72, 69, 129, 27, 70, 184, 97, 166, 174, 172, 203, 97,
       155, 149, 56, 196, 236, 110, 204, 242, 237, 12, 246, 235, 101, 21,
       99, 181, 202, 68, 222, 57, 114, 84, 43, 217, 180, 64, 169, 246,
       52, 171, 14, 158, 231, 191, 162, 125, 221, 67, 196, 81, 182, 224,
       83, 89, 75, 171, 103, 117, 47, 215, 36, 37, 132, 23, 221, 127,
       196, 127, 87, 191, 187, 73, 226, 104, 87, 159, 153, 238, 230, 32,
       60, 242, 73, 28, 47, 18, 245, 177, 195, 124, 222, 151, 111, 48,
       249, 211, 237, 253, 185, 91, 139, 247, 181, 30, 156, 190, 79, 190,
       175, 147, 255, 145, 151, 103, 250, 208, 223, 219, 223, 127, 207,
       77, 223, 243, 248, 112, 53, 204, 13, 109, 195, 89, 207, 248, 169,
       72, 254, 215, 77, 182, 217, 148, 126, 42, 75, 99, 251, 159, 209,
       248, 1, 62, 91, 43, 71, 178, 134, 104, 18, 155, 5, 197, 180, 64,
       158, 2, 81, 19, 172, 218, 97, 201, 248, 43, 163, 195, 66, 254, 26,
       241, 5, 16, 154, 11, 16, 29, 53, 134, 207, 215, 245, 5, 186, 62,
       111, 184, 63, 251, 23, 245, 223, 102, 159, 247, 23, 69, 125, 255,
