%YAML:1.0
---
descriptors: !!opencv-matrix
   rows: 327
   cols: 32
   dt: u
   data: [ 52, 39, 106, 234, 213, 135, 226, 89, 87, 136, 249, 98, 97,
       201, 184, 0, 120, 168, 6, 250, 10, 179, 8, 158, 123, 140, 163,
       169, 117, 10, 118, 130, 56, 188, 26, 120, 217, 253, 148, 207, 223,
       26, 160, 24, 174, 254, 100, 177, 201, 187, 206, 16, 63, 107, 122,
       255, 187, 213, 23, 59, 209, 72, 207, 142, 88, 176, 154, 122, 41,
       172, 81, 27, 187, 31, 181, 29, 159, 147, 72, 90, 167, 149, 237,
       24, 10, 79, 146, 0, 219, 251, 116, 108, 202, 128, 235, 19, 70,
       154, 183, 151, 173, 46, 173, 183, 237, 250, 83, 86, 236, 126, 20,
       239, 231, 103, 127, 15, 177, 249, 187, 224, 13, 126, 223, 130,
       134, 125, 181, 125, 184, 190, 58, 248, 61, 141, 80, 115, 251, 29,
       60, 28, 174, 185, 64, 17, 161, 179, 204, 24, 122, 105, 146, 151,
       219, 217, 16, 123, 66, 8, 207, 43, 49, 11, 239, 77, 246, 27, 239,
       255, 119, 232, 254, 234, 115, 40, 151, 100, 126, 238, 102, 173,
       220, 250, 101, 206, 126, 111, 101, 128, 231, 188, 250, 237, 70,
       189, 18, 154, 153, 193, 18, 239, 175, 1, 232, 41, 166, 242, 36,
       212, 209, 59, 202, 17, 30, 11, 202, 125, 185, 180, 14, 123, 144,
       6, 167, 6, 9, 155, 214, 221, 118, 154, 105, 55, 61, 97, 118, 230,
       251, 39, 132, 116, 126, 190, 62, 136, 145, 248, 101, 205, 78, 255,
       114, 128, 175, 136, 224, 185, 208, 180, 255, 255, 172, 239, 125,
       190, 191, 255, 247, 63, 223, 255, 26, 75, 255, 255, 127, 15, 185,
       249, 251, 242, 223, 251, 255, 208, 172, 249, 133, 123, 190, 127,
       114, 90, 253, 253, 223, 218, 219, 14, 189, 24, 106, 255, 63, 189,
       253, 242, 215, 202, 254, 35, 122, 255, 115, 223, 5, 187, 243, 255,
       238, 247, 221, 101, 150, 174, 137, 31, 22, 232, 182, 170, 139, 41,
       215, 246, 11, 119, 245, 213, 236, 102, 108, 67, 235, 30, 249, 231,
       79, 63, 144, 119, 39, 98, 251, 252, 255, 252, 237, 255, 253, 222,
       255, 255, 246, 54, 220, 254, 223, 123, 255, 255, 255, 3, 175, 119,
       251, 243, 255, 251, 255, 247, 69, 121, 255, 127, 0, 203, 61, 187,
       108, 143, 177, 222, 206, 61, 80, 35, 181, 217, 40, 64, 207, 27,
       47, 65, 66, 186, 107, 181, 197, 145, 123, 164, 20, 8, 21, 235, 9,
       142, 127, 245, 52, 171, 104, 55, 53, 75, 126, 244, 191, 39, 144,
       68, 119, 175, 63, 12, 185, 216, 101, 223, 206, 255, 242, 192, 174,
       200, 225, 121, 140, 14, 152, 251, 188, 173, 82, 146, 86, 139, 109,
       16, 183, 227, 161, 72, 81, 106, 46, 30, 58, 252, 75, 63, 206, 255,
       53, 89, 146, 201, 200, 137, 57, 205, 3, 174, 21, 199, 78, 224,
       213, 8, 218, 2, 115, 248, 48, 224, 120, 234, 30, 239, 72, 171, 8,
       191, 179, 239, 163, 136, 49, 10, 240, 162, 63, 0, 224, 78, 125,
       58, 218, 72, 73, 196, 253, 143, 203, 104, 159, 176, 218, 205, 247,
       231, 140, 178, 117, 232, 54, 127, 138, 147, 247, 127, 122, 198,
       151, 109, 111, 167, 54, 27, 254, 240, 125, 224, 218, 226, 253,
       126, 157, 32, 126, 205, 127, 239, 229, 177, 173, 238, 182, 110,
       175, 132, 109, 247, 49, 244, 252, 182, 157, 122, 168, 108, 85,
       191, 178, 191, 167, 124, 119, 247, 200, 91, 5, 214, 109, 26, 58,
       71, 251, 51, 217, 163, 117, 252, 160, 240, 134, 115, 26, 189, 18,
       250, 251, 237, 16, 199, 191, 17, 40, 24, 190, 191, 96, 88, 167,
       187, 221, 16, 18, 75, 146, 247, 219, 213, 22, 123, 146, 64, 167,
       155, 38, 236, 168, 154, 95, 105, 150, 232, 158, 150, 153, 11, 228,
       252, 127, 2, 249, 91, 251, 115, 102, 99, 218, 243, 57, 20, 143,
       127, 85, 127, 63, 207, 22, 213, 191, 252, 255, 199, 246, 233, 255,
       8, 249, 34, 92, 250, 44, 96, 250, 249, 7, 227, 96, 179, 26, 223,
       185, 254, 15, 6, 81, 50, 229, 163, 124, 172, 255, 126, 137, 237,
       85, 223, 242, 183, 164, 24, 123, 247, 73, 27, 9, 246, 236, 24, 58,
       111, 250, 50, 219, 207, 117, 121, 227, 240, 198, 106, 9, 166, 35,
       187, 52, 175, 233, 55, 124, 75, 83, 84, 191, 43, 144, 105, 221,
       171, 31, 157, 187, 252, 97, 253, 205, 255, 186, 192, 138, 136,
       241, 249, 236, 61, 49, 69, 125, 223, 87, 56, 107, 40, 108, 8, 218,
       117, 4, 180, 144, 60, 196, 106, 65, 50, 241, 62, 103, 217, 1, 51,
       66, 43, 70, 163, 88, 251, 17, 112, 168, 205, 85, 215, 187, 57,
       252, 104, 191, 151, 0, 116, 37, 190, 76, 8, 91, 91, 178, 51, 243,
       213, 49, 184, 98, 128, 134, 59, 52, 77, 25, 229, 85, 78, 103, 232,
       52, 132, 239, 10, 87, 119, 1, 16, 120, 252, 74, 98, 72, 178, 121,
       14, 241, 167, 5, 5, 97, 59, 102, 162, 143, 243, 246, 143, 127, 22,
       255, 121, 127, 252, 247, 246, 205, 206, 218, 229, 127, 197, 254,
       255, 229, 246, 239, 220, 190, 123, 239, 199, 14, 166, 171, 213,
       203, 210, 238, 183, 127, 91, 249, 252, 191, 252, 214, 175, 207,
       238, 255, 239, 255, 205, 255, 228, 229, 247, 191, 221, 222, 123,
       255, 175, 47, 190, 125, 223, 45, 113, 49, 71, 33, 95, 119, 56,
       104, 232, 107, 104, 214, 85, 141, 176, 144, 84, 68, 106, 65, 240,
       121, 8, 39, 249, 33, 54, 66, 51, 66, 163, 60, 29, 62, 236, 29,
       134, 83, 51, 196, 136, 238, 0, 246, 243, 32, 112, 208, 50, 12, 40,
       42, 139, 80, 63, 227, 239, 32, 17, 26, 10, 96, 34, 9, 157, 57,
       121, 176, 175, 67, 190, 86, 45, 110, 64, 247, 51, 136, 116, 21,
       26, 12, 24, 187, 152, 113, 63, 237, 207, 52, 84, 178, 216, 128,
       41, 197, 248, 157, 250, 172, 157, 121, 212, 239, 89, 181, 124,
       158, 155, 204, 59, 134, 27, 126, 88, 131, 101, 242, 241, 214, 217,
       114, 250, 218, 145, 131, 49, 139, 122, 106, 193, 102, 159, 232,
       116, 125, 72, 118, 230, 185, 10, 150, 180, 46, 169, 23, 207, 197,
       190, 101, 223, 22, 89, 186, 128, 111, 132, 123, 141, 118, 117,
       114, 206, 223, 71, 87, 237, 159, 166, 233, 11, 94, 255, 47, 80,
       248, 253, 123, 98, 108, 35, 218, 255, 245, 190, 7, 63, 17, 123,
       230, 194, 87, 217, 182, 158, 171, 213, 184, 143, 175, 217, 150,
       183, 236, 254, 78, 110, 167, 119, 255, 149, 149, 73, 191, 241,
       159, 114, 95, 219, 142, 116, 173, 95, 254, 239, 32, 142, 221, 179,
       158, 238, 159, 174, 248, 11, 108, 234, 63, 212, 249, 255, 239,
       227, 108, 35, 202, 255, 183, 116, 143, 191, 23, 127, 254, 70, 58,
       182, 238, 253, 125, 247, 248, 126, 255, 223, 254, 183, 106, 254,
       54, 252, 253, 255, 255, 165, 191, 255, 251, 255, 151, 127, 219,
       143, 255, 93, 254, 223, 13, 96, 127, 253, 252, 158, 239, 249, 254,
       226, 246, 6, 253, 207, 187, 112, 127, 237, 127, 239, 193, 245,
       191, 221, 127, 255, 239, 132, 23, 178, 227, 241, 16, 77, 106, 239,
       22, 134, 111, 112, 116, 0, 255, 134, 113, 235, 50, 96, 126, 238,
       7, 238, 232, 155, 60, 47, 243, 175, 162, 0, 61, 178, 112, 40, 184,
       252, 56, 96, 125, 223, 82, 252, 95, 173, 180, 24, 63, 221, 82,
       176, 157, 152, 215, 88, 234, 118, 120, 191, 251, 221, 37, 125, 98,
       140, 78, 235, 190, 187, 254, 252, 239, 247, 253, 255, 191, 253,
       246, 183, 108, 255, 167, 90, 255, 255, 255, 133, 190, 243, 235,
       251, 223, 251, 239, 183, 215, 252, 191, 243, 126, 255, 104, 251,
       235, 253, 95, 245, 63, 95, 255, 191, 107, 127, 142, 117, 255, 219,
       255, 134, 238, 23, 251, 243, 247, 255, 166, 151, 55, 214, 222,
       247, 92, 13, 18, 165, 157, 45, 127, 234, 108, 160, 250, 11, 223,
       251, 75, 80, 242, 207, 111, 98, 12, 177, 217, 162, 253, 237, 167,
       21, 40, 123, 73, 2, 252, 199, 199, 191, 133, 2, 102, 232, 86, 162,
       203, 66, 67, 225, 57, 69, 121, 236, 42, 238, 104, 243, 13, 191,
       248, 230, 199, 4, 55, 255, 112, 160, 248, 204, 23, 252, 141, 102,
       84, 231, 181, 154, 170, 25, 98, 55, 32, 219, 201, 246, 237, 34,
       104, 207, 17, 175, 179, 242, 212, 19, 50, 120, 244, 10, 60, 161,
       105, 75, 212, 203, 103, 221, 50, 4, 237, 8, 51, 197, 75, 16, 120,
       218, 66, 122, 90, 178, 248, 63, 127, 141, 37, 101, 99, 155, 198,
       242, 126, 177, 152, 230, 153, 39, 83, 156, 3, 169, 141, 41, 87,
