%YAML:1.0
---
descriptors: !!opencv-matrix
   rows: 212
   cols: 32
   dt: u
   data: [ 51, 121, 107, 76, 66, 22, 127, 84, 41, 196, 248, 143, 57, 14,
       7, 48, 62, 253, 87, 230, 205, 147, 180, 72, 119, 44, 42, 128, 109,
       179, 39, 220, 173, 113, 24, 110, 121, 29, 83, 184, 238, 8, 173,
       76, 254, 209, 11, 48, 148, 80, 76, 106, 203, 38, 122, 31, 227,
       221, 33, 56, 90, 187, 66, 163, 88, 178, 184, 180, 44, 77, 85, 63,
       130, 231, 150, 47, 247, 189, 66, 2, 141, 215, 253, 1, 220, 107,
       217, 0, 219, 225, 253, 59, 44, 104, 28, 91, 49, 205, 47, 184, 157,
       197, 206, 231, 214, 81, 200, 2, 49, 168, 48, 96, 233, 162, 27,
       205, 123, 43, 114, 255, 249, 46, 158, 72, 25, 24, 240, 42, 254,
       114, 228, 190, 45, 118, 92, 152, 155, 250, 151, 61, 78, 255, 95,
       127, 133, 213, 253, 39, 236, 71, 251, 224, 211, 123, 217, 191, 38,
       253, 20, 87, 67, 219, 69, 143, 54, 130, 239, 189, 14, 73, 91, 231,
       245, 111, 152, 68, 118, 99, 63, 207, 193, 8, 79, 255, 36, 38, 171,
       128, 60, 174, 145, 89, 189, 205, 119, 79, 20, 91, 230, 252, 84,
       96, 251, 66, 83, 72, 188, 165, 120, 236, 22, 235, 237, 176, 109,
       63, 54, 207, 37, 4, 127, 187, 120, 164, 48, 93, 82, 172, 53, 199,
       82, 240, 5, 8, 250, 35, 99, 223, 35, 209, 248, 188, 140, 98, 76,
       179, 17, 189, 177, 240, 128, 27, 51, 155, 124, 31, 86, 157, 151,
       130, 181, 66, 190, 231, 61, 5, 218, 3, 206, 62, 44, 65, 249, 215,
       15, 242, 124, 187, 25, 230, 187, 246, 222, 87, 130, 127, 165, 30,
       31, 23, 111, 224, 150, 163, 105, 115, 245, 65, 207, 134, 89, 239,
       56, 97, 126, 161, 27, 188, 185, 145, 52, 222, 218, 207, 139, 68,
       191, 161, 49, 112, 57, 36, 235, 236, 31, 119, 201, 75, 215, 129,
       236, 2, 51, 169, 51, 104, 120, 168, 18, 189, 10, 171, 52, 142,
       211, 237, 130, 57, 183, 73, 112, 234, 27, 175, 107, 161, 182, 179,
       233, 87, 53, 97, 222, 183, 153, 15, 214, 32, 111, 139, 23, 157,
       187, 184, 117, 230, 94, 77, 158, 192, 175, 196, 241, 248, 201, 57,
       21, 145, 173, 142, 100, 23, 110, 170, 2, 76, 158, 0, 17, 223, 128,
       38, 106, 13, 97, 104, 209, 72, 172, 178, 86, 16, 136, 68, 211, 28,
       7, 240, 183, 159, 255, 180, 175, 141, 222, 219, 91, 82, 236, 254,
       252, 238, 183, 111, 50, 157, 151, 116, 187, 243, 13, 62, 223, 206,
       148, 119, 177, 229, 203, 54, 135, 20, 203, 52, 56, 23, 185, 243,
       131, 221, 140, 182, 68, 223, 167, 7, 249, 148, 181, 79, 147, 66,
       150, 50, 90, 58, 138, 68, 171, 94, 39, 249, 136, 146, 236, 149,
       254, 252, 79, 249, 92, 79, 160, 232, 126, 32, 221, 75, 23, 215,
       215, 58, 206, 241, 46, 29, 191, 239, 221, 159, 217, 157, 157, 75,
       94, 39, 22, 202, 126, 240, 228, 192, 243, 226, 243, 88, 147, 97,
       62, 245, 92, 227, 237, 161, 77, 44, 240, 225, 103, 17, 109, 187,
       41, 1, 137, 240, 182, 190, 181, 143, 181, 117, 255, 63, 227, 29,
       254, 216, 42, 19, 161, 43, 74, 5, 242, 253, 27, 223, 249, 250, 86,
       82, 90, 12, 195, 235, 138, 141, 52, 159, 245, 211, 190, 239, 31,
       14, 94, 19, 236, 124, 62, 197, 217, 123, 147, 195, 114, 56, 105,
       255, 47, 118, 158, 195, 22, 12, 181, 223, 43, 241, 120, 97, 118,
       75, 249, 255, 127, 105, 124, 184, 159, 29, 158, 48, 190, 155, 87,
       161, 215, 184, 101, 215, 110, 221, 52, 229, 111, 144, 203, 155,
       10, 141, 54, 222, 29, 147, 190, 227, 159, 0, 204, 3, 236, 251, 52,
       196, 250, 123, 155, 195, 114, 171, 90, 255, 243, 119, 138, 11, 22,
       110, 61, 138, 190, 237, 116, 231, 183, 198, 222, 178, 233, 176,
       186, 130, 239, 127, 21, 131, 239, 247, 213, 243, 236, 233, 93,
       239, 171, 251, 143, 83, 103, 183, 95, 138, 53, 23, 111, 234, 182,
       163, 75, 113, 196, 64, 219, 230, 83, 225, 176, 96, 126, 162, 31,
       188, 185, 163, 36, 156, 216, 173, 170, 192, 189, 170, 112, 49, 10,
       92, 176, 223, 85, 215, 186, 206, 31, 7, 92, 3, 172, 220, 55, 76,
       217, 123, 147, 211, 6, 180, 88, 251, 7, 86, 154, 3, 151, 95, 61,
       206, 252, 17, 118, 111, 69, 70, 126, 113, 101, 142, 243, 3, 75,
       91, 55, 223, 248, 164, 239, 226, 232, 183, 17, 136, 147, 251, 194,
       3, 99, 187, 110, 130, 19, 120, 59, 164, 5, 205, 81, 80, 41, 232,
       4, 12, 190, 22, 2, 48, 160, 41, 93, 13, 129, 146, 48, 13, 145,
       221, 11, 50, 8, 0, 19, 251, 71, 1, 172, 191, 140, 55, 140, 168,
       134, 246, 139, 141, 241, 108, 95, 42, 141, 199, 121, 167, 141, 65,
       255, 24, 200, 43, 223, 60, 141, 126, 25, 92, 101, 89, 189, 229,
       172, 79, 117, 158, 78, 250, 58, 9, 215, 61, 81, 122, 133, 84, 125,
       124, 153, 248, 251, 32, 237, 187, 101, 20, 192, 249, 208, 115, 82,
       184, 190, 250, 11, 252, 49, 71, 191, 23, 164, 24, 190, 191, 100,
       121, 163, 51, 249, 16, 34, 79, 178, 245, 219, 243, 94, 91, 64, 64,
       167, 91, 244, 103, 12, 37, 184, 31, 78, 184, 34, 164, 168, 205,
       195, 106, 91, 19, 152, 204, 76, 102, 108, 66, 217, 58, 226, 193,
       101, 53, 72, 121, 90, 2, 171, 145, 114, 89, 213, 215, 176, 69, 95,
       77, 119, 18, 8, 28, 182, 236, 248, 24, 146, 17, 214, 184, 53, 213,
       15, 94, 18, 71, 87, 12, 253, 215, 231, 190, 172, 21, 141, 30, 76,
       187, 195, 246, 142, 221, 195, 108, 223, 175, 69, 198, 248, 173,
       253, 69, 255, 154, 142, 91, 207, 245, 142, 108, 88, 84, 190, 180,
       182, 80, 201, 249, 176, 203, 155, 127, 5, 25, 14, 189, 106, 175,
       169, 26, 235, 16, 54, 111, 186, 144, 223, 211, 81, 127, 210, 77,
       143, 246, 116, 231, 136, 166, 168, 47, 94, 188, 18, 190, 141, 205,
       199, 104, 91, 82, 213, 198, 109, 103, 236, 67, 203, 42, 250, 167,
       237, 189, 128, 123, 158, 82, 86, 247, 168, 166, 168, 45, 31, 188,
       138, 254, 137, 253, 195, 236, 91, 74, 149, 197, 237, 247, 236, 71,
       239, 34, 248, 39, 237, 189, 148, 123, 150, 82, 157, 79, 44, 47,
       28, 14, 79, 248, 100, 192, 251, 194, 243, 111, 17, 97, 92, 244,
       76, 235, 237, 161, 77, 45, 240, 225, 167, 16, 121, 243, 96, 0,
       118, 57, 233, 200, 223, 97, 222, 202, 19, 245, 152, 139, 1, 173,
       117, 10, 121, 223, 179, 209, 26, 75, 253, 178, 123, 68, 141, 255,
       181, 125, 246, 114, 85, 61, 187, 8, 152, 163, 67, 91, 119, 225,
       255, 108, 211, 241, 209, 148, 89, 238, 78, 185, 58, 251, 221, 78,
       186, 84, 5, 126, 232, 226, 166, 96, 147, 141, 15, 254, 26, 132,
       47, 246, 180, 2, 194, 135, 61, 231, 49, 65, 108, 251, 19, 205,
       235, 143, 22, 255, 241, 174, 158, 8, 57, 145, 33, 184, 144, 179,
       63, 186, 141, 143, 81, 121, 255, 93, 161, 93, 206, 217, 40, 159,
       161, 1, 109, 29, 250, 237, 27, 85, 153, 210, 87, 94, 80, 0, 167,
       99, 83, 92, 63, 188, 102, 128, 190, 118, 237, 192, 90, 102, 60,
       218, 161, 96, 166, 123, 191, 67, 193, 137, 162, 239, 240, 253, 42,
       138, 12, 49, 33, 171, 244, 55, 90, 239, 86, 238, 115, 152, 49,
       192, 239, 19, 119, 211, 10, 81, 118, 206, 93, 122, 58, 210, 153,
       47, 249, 173, 32, 65, 34, 179, 230, 3, 154, 151, 114, 136, 219,
       210, 190, 97, 173, 68, 221, 167, 76, 222, 46, 213, 254, 177, 159,
       226, 212, 139, 48, 206, 179, 113, 138, 207, 23, 38, 173, 215, 3,
       94, 10, 157, 123, 128, 188, 198, 156, 78, 90, 167, 172, 143, 55,
       64, 238, 107, 147, 197, 198, 158, 6, 239, 36, 52, 154, 139, 28,
       20, 57, 219, 69, 205, 221, 175, 164, 72, 111, 164, 108, 6, 95,
       128, 247, 99, 153, 82, 114, 230, 44, 74, 88, 144, 237, 41, 228,
       167, 238, 128, 36, 243, 133, 104, 0, 156, 58, 187, 20, 231, 187,
       194, 30, 5, 90, 3, 180, 250, 35, 64, 217, 59, 19, 145, 38, 152,
       88, 127, 109, 39, 186, 64, 144, 11, 53, 202, 124, 160, 156, 118,
       137, 108, 85, 138, 227, 51, 171, 24, 211, 243, 72, 122, 193, 214,
       120, 2, 26, 67, 251, 33, 219, 255, 209, 63, 128, 113, 130, 34,
       193, 144, 191, 119, 40, 236, 121, 55, 190, 91, 191, 17, 191, 55,
       0, 123, 135, 55, 125, 12, 179, 233, 179, 67, 203, 251, 114, 82,
       200, 64, 131, 123, 3, 205, 27, 159, 92, 132, 236, 111, 188, 3,
