%YAML:1.0
---
descriptors: !!opencv-matrix
   rows: 137
   cols: 32
   dt: u
   data: [ 133, 164, 217, 243, 236, 41, 185, 27, 254, 51, 49, 252, 159,
       233, 216, 43, 171, 11, 110, 24, 179, 116, 203, 211, 76, 155, 119,
       124, 220, 200, 193, 161, 242, 72, 207, 244, 14, 10, 109, 184, 185,
       146, 178, 218, 95, 107, 21, 123, 98, 229, 125, 238, 105, 71, 207,
       232, 242, 250, 239, 148, 37, 177, 98, 40, 210, 111, 67, 77, 82,
       146, 175, 196, 53, 132, 250, 178, 105, 38, 132, 244, 126, 253,
       147, 232, 33, 154, 229, 238, 54, 44, 143, 128, 103, 150, 167, 244,
       126, 94, 174, 62, 73, 78, 87, 208, 49, 238, 246, 47, 106, 255, 47,
       90, 253, 252, 231, 194, 108, 247, 249, 170, 115, 247, 229, 155,
       107, 126, 110, 219, 250, 184, 238, 113, 139, 249, 208, 135, 171,
       87, 134, 159, 170, 172, 86, 14, 201, 179, 249, 145, 158, 111, 246,
       227, 95, 119, 220, 219, 231, 76, 222, 94, 75, 170, 246, 26, 237,
       188, 252, 199, 235, 95, 52, 21, 40, 232, 246, 222, 161, 99, 238,
       20, 150, 111, 174, 243, 26, 127, 86, 203, 211, 196, 235, 79, 123,
       48, 244, 108, 45, 87, 216, 25, 91, 252, 53, 173, 79, 157, 150,
       188, 150, 61, 181, 29, 158, 106, 179, 221, 67, 249, 113, 255, 86,
       172, 95, 119, 75, 112, 244, 229, 47, 210, 88, 24, 171, 252, 22,
       165, 237, 223, 214, 182, 150, 61, 181, 173, 198, 68, 191, 221,
       194, 249, 233, 167, 38, 164, 76, 119, 180, 233, 229, 127, 157, 7,
       72, 188, 83, 184, 251, 90, 67, 105, 93, 6, 217, 206, 53, 251, 234,
       246, 219, 189, 15, 250, 197, 116, 127, 187, 208, 0, 24, 109, 155,
       110, 17, 70, 87, 196, 164, 136, 238, 0, 118, 247, 33, 112, 240,
       127, 89, 226, 73, 131, 184, 42, 241, 229, 14, 9, 0, 114, 167, 42,
       200, 252, 188, 115, 233, 253, 21, 142, 202, 119, 36, 25, 190, 61,
       79, 59, 135, 83, 249, 81, 102, 108, 251, 49, 111, 219, 85, 127,
       210, 89, 143, 91, 162, 196, 214, 254, 252, 171, 220, 111, 223, 19,
       121, 80, 198, 233, 60, 201, 211, 10, 43, 44, 50, 103, 74, 151,
       174, 254, 87, 94, 212, 218, 209, 133, 192, 164, 31, 61, 152, 239,
       39, 207, 182, 179, 202, 16, 212, 243, 64, 99, 1, 126, 106, 40,
       115, 205, 219, 19, 237, 32, 23, 60, 128, 80, 133, 170, 35, 203,
       238, 23, 244, 159, 252, 231, 223, 228, 102, 143, 98, 232, 183, 57,
       216, 238, 34, 94, 228, 250, 126, 252, 62, 27, 85, 1, 221, 252,
       216, 140, 77, 75, 123, 101, 36, 14, 111, 180, 109, 168, 126, 100,
       211, 33, 145, 112, 22, 228, 108, 110, 201, 176, 229, 40, 230, 249,
       37, 128, 74, 187, 66, 41, 38, 177, 112, 195, 239, 127, 248, 201,
       79, 117, 185, 27, 206, 124, 94, 168, 191, 145, 255, 49, 150, 112,
       219, 208, 159, 94, 9, 247, 198, 79, 223, 215, 205, 106, 156, 53,
       40, 15, 100, 158, 126, 186, 50, 125, 215, 35, 193, 27, 133, 68,
       108, 62, 232, 244, 203, 40, 204, 251, 117, 20, 200, 249, 75, 1,
       121, 243, 154, 231, 48, 158, 94, 253, 107, 169, 254, 77, 255, 187,
       74, 240, 156, 207, 116, 108, 207, 186, 217, 53, 251, 253, 37, 228,
       74, 130, 202, 139, 9, 203, 18, 77, 52, 159, 239, 183, 124, 8, 126,
       100, 190, 49, 180, 164, 38, 38, 126, 76, 193, 184, 1, 111, 44,
       191, 38, 128, 74, 128, 235, 169, 153, 77, 108, 113, 214, 187, 239,
       182, 84, 162, 126, 130, 57, 41, 177, 97, 43, 234, 23, 252, 176,
       184, 37, 190, 111, 207, 181, 193, 247, 217, 80, 168, 73, 49, 57,
       69, 55, 76, 113, 24, 105, 232, 54, 72, 222, 17, 200, 50, 178, 20,
       124, 104, 193, 32, 241, 8, 71, 184, 33, 22, 74, 34, 67, 35, 118,
       122, 188, 164, 138, 104, 20, 143, 170, 254, 128, 173, 151, 190,
       67, 27, 133, 213, 237, 49, 76, 71, 195, 0, 249, 195, 109, 191,
       160, 112, 23, 83, 212, 236, 133, 151, 148, 160, 38, 128, 186, 179,
       130, 82, 228, 226, 73, 79, 225, 238, 42, 210, 99, 92, 139, 227,
       188, 38, 223, 0, 136, 115, 33, 8, 236, 238, 196, 119, 189, 47, 70,
       158, 87, 187, 187, 93, 195, 105, 89, 139, 201, 198, 108, 26, 126,
       108, 219, 178, 111, 219, 229, 125, 235, 248, 208, 128, 226, 184,
       238, 250, 139, 253, 176, 135, 187, 87, 150, 191, 170, 188, 86, 10,
       205, 179, 255, 145, 190, 111, 242, 227, 95, 119, 222, 251, 197,
       76, 151, 95, 55, 123, 106, 12, 116, 182, 186, 80, 104, 204, 248,
       239, 120, 204, 183, 48, 190, 237, 87, 231, 132, 163, 52, 204, 118,
       60, 34, 138, 77, 247, 107, 215, 58, 48, 244, 229, 39, 254, 216,
       24, 235, 244, 52, 131, 111, 223, 85, 178, 190, 189, 181, 245, 142,
       112, 182, 217, 131, 217, 139, 167, 103, 166, 79, 87, 182, 124,
       183, 190, 105, 39, 158, 200, 27, 234, 240, 185, 110, 191, 45, 31,
       223, 253, 247, 38, 40, 199, 203, 234, 211, 122, 77, 186, 194, 253,
       38, 219, 200, 222, 92, 254, 234, 193, 21, 254, 182, 30, 116, 43,
       29, 179, 224, 89, 231, 251, 103, 194, 118, 79, 203, 119, 94, 231,
       119, 173, 113, 241, 167, 139, 246, 121, 233, 6, 223, 67, 151, 204,
       19, 228, 184, 175, 66, 236, 87, 18, 89, 223, 211, 243, 173, 99,
       253, 186, 123, 4, 141, 63, 245, 127, 86, 254, 125, 245, 145, 234,
       169, 15, 86, 252, 59, 186, 185, 76, 223, 115, 73, 176, 157, 221,
       92, 106, 107, 99, 219, 187, 185, 215, 37, 252, 218, 123, 130, 3,
       238, 135, 237, 179, 172, 99, 159, 169, 22, 255, 151, 179, 209,
       111, 203, 75, 95, 215, 255, 243, 58, 71, 239, 178, 234, 87, 255,
       253, 181, 255, 180, 115, 74, 184, 178, 152, 233, 253, 176, 71,
       191, 29, 132, 25, 172, 158, 102, 220, 227, 59, 235, 17, 22, 75,
       178, 243, 159, 84, 26, 123, 146, 68, 175, 207, 237, 98, 233, 101,
       52, 11, 75, 152, 123, 232, 183, 236, 211, 73, 209, 58, 24, 204,
       108, 126, 137, 244, 233, 42, 206, 221, 165, 180, 206, 187, 82,
       113, 74, 186, 54, 88, 113, 212, 184, 215, 191, 93, 118, 53, 172,
       222, 38, 253, 167, 59, 255, 17, 150, 203, 178, 245, 95, 123, 58,
       203, 66, 4, 175, 255, 54, 125, 237, 5, 223, 75, 151, 239, 3, 224,
       184, 171, 98, 60, 85, 18, 121, 255, 211, 243, 201, 251, 213, 172,
       121, 2, 141, 179, 101, 124, 214, 250, 9, 139, 82, 77, 52, 155,
       233, 55, 125, 5, 126, 4, 171, 32, 182, 164, 42, 46, 6, 76, 212,
       184, 37, 255, 38, 255, 50, 65, 70, 140, 235, 13, 89, 186, 158,
       254, 169, 189, 29, 223, 239, 27, 158, 116, 190, 242, 226, 250,
       167, 51, 252, 28, 131, 73, 171, 241, 155, 255, 127, 154, 152, 64,
       169, 41, 207, 111, 27, 174, 252, 128, 255, 236, 168, 128, 89, 192,
       252, 195, 185, 192, 214, 107, 31, 255, 99, 3, 138, 239, 248, 189,
       175, 136, 28, 211, 171, 169, 6, 109, 91, 254, 176, 129, 95, 228,
       189, 130, 120, 224, 125, 235, 189, 17, 182, 243, 21, 251, 98, 129,
       14, 239, 168, 222, 47, 138, 12, 211, 227, 137, 18, 22, 47, 141,
       66, 82, 173, 103, 100, 238, 218, 230, 32, 46, 180, 96, 124, 191,
       170, 161, 205, 187, 37, 94, 21, 38, 250, 129, 109, 32, 37, 255,
       26, 32, 116, 237, 47, 123, 216, 24, 235, 228, 125, 139, 15, 159,
       87, 190, 166, 157, 245, 245, 140, 176, 183, 208, 131, 249, 137,
       171, 103, 135, 79, 87, 122, 96, 116, 236, 47, 82, 216, 24, 235,
       228, 126, 131, 11, 143, 86, 182, 166, 189, 181, 225, 204, 180,
       182, 208, 131, 249, 139, 171, 39, 135, 94, 87, 20, 95, 155, 175,
       48, 162, 14, 178, 54, 106, 90, 229, 247, 230, 161, 80, 215, 255,
       45, 199, 201, 144, 200, 59, 224, 231, 175, 164, 24, 115, 3, 17,
       33, 49, 123, 45, 86, 134, 184, 113, 108, 200, 112, 71, 221, 156,
       53, 32, 254, 45, 19, 165, 133, 178, 20, 204, 117, 45, 170, 128,
       77, 34, 35, 211, 42, 169, 228, 31, 221, 221, 231, 231, 207, 69,
       184, 15, 171, 40, 86, 6, 200, 226, 234, 85, 158, 42, 247, 181, 63,
       124, 148, 123, 211, 14, 246, 206, 125, 255, 20, 237, 185, 15, 86,
       190, 59, 170, 184, 76, 223, 115, 65, 176, 157, 197, 124, 104, 233,
       115, 209, 62, 251, 223, 101, 52, 218, 249, 74, 3, 108, 171, 132,
       115, 173, 15, 196, 189, 215, 185, 179, 77, 195, 233, 93, 143, 201,
