%YAML:1.0
---
descriptors: !!opencv-matrix
   rows: 235
   cols: 32
   dt: u
   data: [ 98, 174, 238, 58, 172, 249, 249, 207, 255, 95, 188, 61, 170,
       236, 222, 26, 203, 171, 239, 149, 190, 111, 238, 243, 222, 223,
       119, 251, 214, 196, 231, 207, 98, 175, 239, 186, 252, 233, 249,
       207, 191, 95, 188, 189, 175, 236, 222, 10, 171, 163, 255, 21, 190,
       107, 238, 243, 222, 87, 126, 249, 213, 204, 215, 123, 45, 103, 56,
       5, 117, 30, 231, 56, 109, 236, 126, 76, 222, 40, 151, 148, 180,
       76, 70, 110, 196, 176, 105, 12, 102, 125, 37, 4, 74, 191, 90, 205,
       57, 121, 251, 230, 215, 141, 247, 246, 106, 232, 250, 78, 63, 251,
       97, 112, 254, 255, 119, 74, 203, 187, 250, 243, 255, 205, 39, 42,
       121, 59, 99, 187, 143, 180, 222, 187, 104, 177, 184, 123, 190, 83,
       245, 245, 221, 250, 222, 235, 239, 11, 255, 151, 183, 222, 223,
       211, 78, 223, 250, 205, 159, 197, 235, 145, 61, 255, 123, 239,
       244, 143, 239, 216, 102, 232, 125, 70, 119, 217, 177, 48, 252,
       236, 23, 127, 203, 178, 105, 126, 255, 205, 167, 164, 121, 187,
       98, 177, 124, 184, 252, 122, 169, 141, 93, 222, 179, 87, 164, 137,
       127, 247, 74, 27, 135, 243, 253, 92, 26, 75, 218, 49, 219, 235,
       117, 121, 242, 212, 142, 122, 226, 157, 119, 222, 253, 214, 119,
       231, 253, 13, 248, 26, 108, 254, 36, 245, 250, 255, 174, 128, 120,
       203, 178, 239, 55, 62, 154, 27, 19, 12, 230, 239, 31, 189, 144,
       219, 255, 221, 54, 239, 191, 185, 252, 66, 236, 243, 197, 246,
       227, 127, 234, 90, 19, 123, 219, 247, 191, 255, 7, 99, 154, 127,
       203, 143, 172, 54, 60, 92, 221, 237, 215, 122, 219, 22, 108, 24,
       230, 241, 37, 17, 153, 122, 194, 34, 50, 102, 250, 31, 103, 211,
       69, 59, 210, 121, 198, 227, 91, 133, 199, 151, 131, 114, 172, 37,
       188, 218, 211, 247, 109, 110, 186, 219, 55, 231, 253, 167, 53,
       209, 13, 237, 30, 34, 250, 192, 175, 230, 169, 221, 167, 166, 199,
       215, 228, 58, 236, 255, 127, 179, 255, 86, 200, 106, 156, 189,
       123, 206, 126, 156, 177, 254, 111, 242, 30, 190, 215, 132, 207,
       244, 234, 164, 54, 157, 82, 223, 253, 231, 254, 225, 191, 140,
       251, 7, 236, 255, 38, 20, 239, 247, 255, 131, 60, 227, 88, 255,
       191, 254, 143, 131, 195, 119, 239, 211, 237, 44, 149, 49, 173,
       109, 84, 131, 251, 250, 34, 25, 158, 57, 65, 187, 137, 102, 104,
       28, 61, 116, 251, 34, 143, 219, 85, 54, 194, 125, 210, 66, 41,
       109, 97, 71, 92, 95, 230, 56, 83, 224, 184, 74, 243, 120, 85, 176,
       88, 236, 114, 111, 237, 242, 253, 190, 39, 158, 129, 56, 111, 187,
       90, 164, 6, 141, 182, 158, 209, 253, 190, 224, 191, 6, 95, 3, 236,
       254, 39, 196, 231, 123, 187, 195, 102, 153, 58, 255, 63, 54, 143,
       131, 18, 127, 45, 214, 88, 184, 247, 80, 171, 216, 53, 231, 179,
       63, 166, 56, 46, 183, 64, 191, 35, 246, 236, 0, 114, 109, 162,
       117, 91, 243, 85, 115, 227, 0, 135, 171, 199, 56, 183, 69, 99,
       126, 179, 48, 121, 200, 99, 124, 220, 124, 148, 178, 182, 117,
       240, 35, 177, 244, 181, 77, 7, 123, 65, 130, 73, 35, 7, 247, 134,
       148, 150, 187, 251, 233, 176, 201, 158, 63, 81, 51, 204, 254, 106,
       72, 243, 27, 163, 16, 50, 92, 10, 215, 13, 22, 91, 239, 144, 78,
       133, 195, 173, 243, 96, 11, 127, 25, 146, 204, 86, 100, 117, 175,
       107, 200, 223, 0, 91, 200, 130, 247, 206, 50, 222, 179, 126, 77,
       37, 127, 127, 31, 90, 198, 38, 159, 150, 151, 237, 224, 164, 231,
       190, 159, 122, 117, 228, 248, 108, 143, 201, 103, 162, 17, 55,
       249, 139, 225, 44, 50, 222, 67, 201, 88, 253, 159, 17, 135, 104,
       171, 148, 155, 234, 115, 78, 73, 94, 231, 153, 40, 182, 64, 126,
       138, 22, 157, 150, 184, 69, 221, 110, 77, 170, 192, 125, 142, 249,
       213, 106, 253, 239, 186, 252, 200, 253, 231, 175, 85, 188, 187,
       175, 239, 118, 82, 207, 187, 255, 17, 123, 75, 242, 247, 255, 247,
       158, 251, 151, 156, 214, 251, 28, 221, 248, 239, 184, 95, 95, 188,
       54, 236, 190, 163, 251, 127, 27, 112, 126, 215, 253, 238, 220, 1,
       249, 60, 235, 239, 229, 181, 245, 243, 204, 83, 126, 99, 232, 6,
       141, 25, 79, 216, 65, 244, 189, 143, 67, 76, 223, 151, 88, 196,
       204, 110, 204, 98, 236, 136, 242, 89, 133, 61, 119, 255, 94, 84,
       30, 205, 246, 158, 215, 243, 190, 232, 191, 4, 89, 163, 108, 250,
       191, 196, 251, 107, 179, 195, 102, 147, 14, 255, 58, 103, 143,
       139, 55, 119, 45, 199, 232, 83, 88, 165, 44, 13, 120, 50, 41, 168,
       190, 109, 215, 27, 3, 18, 142, 197, 253, 100, 204, 32, 209, 8,
       230, 249, 32, 145, 104, 168, 74, 27, 144, 157, 63, 244, 54, 207,
       53, 54, 252, 204, 118, 32, 183, 191, 32, 97, 162, 51, 92, 72, 96,
       169, 48, 47, 233, 227, 50, 18, 32, 24, 37, 107, 61, 77, 69, 103,
       128, 15, 79, 185, 52, 170, 255, 76, 211, 51, 145, 180, 28, 196,
       124, 238, 233, 208, 73, 46, 228, 207, 229, 148, 43, 243, 194, 33,
       36, 100, 252, 69, 228, 111, 229, 18, 196, 250, 62, 24, 210, 37,
       213, 47, 13, 80, 66, 46, 225, 244, 105, 8, 71, 154, 117, 52, 203,
       249, 66, 177, 81, 213, 29, 97, 48, 142, 67, 57, 228, 168, 171, 68,
       215, 19, 8, 115, 4, 84, 92, 122, 75, 129, 81, 12, 225, 169, 33,
       80, 104, 130, 195, 49, 195, 190, 255, 27, 172, 253, 249, 159, 255,
       255, 182, 253, 191, 236, 214, 123, 167, 231, 255, 29, 183, 109,
       255, 243, 222, 123, 119, 252, 220, 204, 213, 93, 60, 184, 186,
       242, 125, 253, 83, 218, 235, 253, 189, 13, 30, 221, 106, 58, 173,
       155, 215, 28, 138, 47, 122, 179, 219, 221, 21, 123, 210, 10, 71,
       251, 203, 184, 255, 217, 172, 253, 125, 151, 255, 223, 182, 212,
       191, 174, 214, 127, 231, 227, 126, 28, 183, 109, 247, 241, 206,
       219, 247, 216, 174, 196, 193, 93, 255, 214, 124, 110, 185, 126,
       95, 188, 225, 238, 191, 253, 123, 127, 159, 247, 55, 246, 253,
       174, 173, 133, 125, 175, 251, 255, 101, 149, 239, 247, 238, 125,
       137, 188, 255, 221, 172, 250, 125, 183, 255, 219, 118, 48, 191,
       191, 214, 111, 103, 47, 126, 140, 183, 252, 231, 209, 206, 251,
       118, 192, 190, 220, 229, 253, 212, 212, 189, 118, 136, 109, 21,
       168, 242, 59, 167, 56, 87, 119, 200, 123, 129, 212, 108, 66, 57,
       69, 187, 51, 217, 227, 117, 116, 240, 113, 134, 51, 233, 127, 17,
       101, 113, 158, 100, 182, 57, 168, 102, 76, 158, 19, 1, 148, 164,
       172, 68, 76, 65, 152, 145, 78, 167, 253, 4, 2, 74, 176, 74, 41,
       136, 142, 255, 255, 164, 248, 125, 55, 127, 223, 119, 176, 191,
       167, 146, 109, 103, 62, 63, 152, 178, 220, 103, 211, 207, 251,
       246, 193, 166, 192, 229, 253, 166, 227, 105, 10, 254, 73, 135,
       232, 90, 116, 181, 171, 66, 204, 222, 4, 27, 200, 195, 119, 86,
       103, 238, 245, 60, 0, 13, 255, 85, 63, 214, 246, 29, 56, 213, 229,
       32, 75, 43, 154, 118, 240, 114, 224, 151, 51, 129, 106, 19, 124,
       52, 234, 9, 216, 221, 12, 204, 226, 103, 164, 46, 177, 3, 177, 49,
       253, 123, 237, 246, 205, 119, 246, 38, 104, 252, 110, 191, 255,
       97, 112, 255, 251, 22, 192, 203, 186, 240, 255, 253, 205, 174,
       168, 125, 90, 35, 187, 173, 149, 253, 69, 164, 47, 199, 184, 86,
       250, 62, 82, 211, 49, 157, 43, 93, 212, 116, 106, 249, 244, 125,
       14, 111, 143, 101, 4, 237, 251, 64, 49, 141, 164, 254, 187, 108,
       185, 249, 218, 62, 23, 117, 151, 221, 235, 250, 73, 127, 201, 255,
       157, 182, 118, 239, 243, 222, 223, 251, 237, 190, 197, 43, 192,
       237, 180, 237, 101, 172, 78, 111, 185, 82, 251, 23, 84, 211, 52,
       217, 107, 17, 84, 124, 43, 249, 244, 253, 10, 109, 175, 229, 148,
       237, 249, 208, 113, 191, 92, 237, 79, 218, 87, 159, 252, 19, 230,
       245, 174, 91, 117, 159, 165, 31, 220, 181, 238, 237, 246, 125, 62,
       123, 15, 101, 180, 127, 255, 222, 245, 143, 104, 206, 251, 79,
       157, 232, 204, 255, 178, 244, 18, 205, 202, 127, 255, 107, 237,
       255, 219, 167, 103, 222, 242, 159, 251, 223, 57, 191, 189, 123,
       132, 68, 176, 185, 80, 172, 221, 241, 151, 234, 253, 134, 24, 150,
