%YAML:1.0
---
descriptors: !!opencv-matrix
   rows: 227
   cols: 32
   dt: u
   data: [ 207, 188, 183, 250, 232, 237, 121, 159, 190, 91, 178, 120,
       189, 247, 192, 251, 135, 243, 127, 157, 179, 77, 219, 243, 221,
       219, 127, 232, 138, 192, 163, 185, 73, 189, 151, 251, 189, 173,
       124, 223, 191, 91, 188, 124, 191, 247, 232, 190, 167, 115, 255,
       24, 179, 105, 219, 243, 223, 223, 119, 254, 218, 204, 139, 185,
       144, 172, 255, 243, 172, 235, 237, 215, 254, 123, 178, 114, 249,
       255, 220, 43, 107, 243, 127, 152, 187, 237, 107, 115, 221, 154,
       247, 196, 197, 208, 229, 249, 205, 156, 221, 255, 172, 236, 109,
       159, 254, 251, 150, 80, 255, 247, 208, 235, 103, 119, 127, 25,
       179, 237, 255, 243, 205, 235, 255, 208, 142, 216, 145, 57, 107,
       191, 220, 219, 252, 189, 116, 191, 223, 123, 254, 124, 238, 243,
       198, 254, 199, 122, 254, 24, 183, 107, 251, 243, 174, 223, 52,
       250, 218, 220, 200, 29, 80, 152, 29, 250, 43, 204, 81, 183, 175,
       27, 160, 24, 190, 147, 64, 90, 133, 51, 125, 16, 18, 13, 146, 115,
       217, 247, 82, 122, 152, 0, 131, 43, 99, 255, 254, 94, 252, 157,
       93, 183, 223, 125, 190, 124, 170, 232, 214, 244, 205, 238, 238,
       28, 223, 107, 238, 247, 190, 255, 117, 251, 218, 220, 250, 205,
       99, 255, 126, 222, 253, 157, 255, 246, 239, 76, 254, 47, 42, 234,
       214, 48, 237, 235, 238, 199, 206, 59, 238, 255, 126, 127, 183,
       187, 95, 159, 234, 79, 208, 93, 62, 244, 34, 206, 53, 54, 236,
       138, 230, 32, 183, 151, 32, 99, 166, 119, 108, 66, 96, 141, 50,
       47, 241, 227, 122, 19, 32, 56, 37, 59, 34, 255, 235, 182, 252,
       201, 191, 238, 31, 239, 220, 175, 237, 237, 254, 0, 223, 255, 247,
       215, 203, 123, 239, 247, 124, 87, 255, 169, 85, 254, 247, 249,
       172, 189, 184, 122, 217, 217, 87, 184, 90, 55, 45, 8, 234, 241,
       79, 16, 153, 122, 192, 66, 106, 98, 250, 51, 111, 215, 5, 63, 82,
       91, 78, 115, 45, 113, 48, 69, 117, 31, 230, 184, 105, 232, 127,
       76, 222, 88, 31, 180, 144, 76, 84, 110, 197, 176, 249, 140, 39,
       221, 5, 54, 74, 63, 74, 149, 29, 223, 31, 238, 54, 135, 123, 248,
       124, 200, 223, 102, 127, 211, 177, 96, 254, 107, 30, 126, 235,
       169, 41, 63, 249, 237, 47, 128, 56, 187, 33, 41, 77, 117, 80, 69,
       112, 30, 118, 184, 105, 232, 110, 76, 222, 18, 141, 244, 182, 76,
       108, 106, 197, 176, 249, 12, 38, 253, 37, 4, 74, 51, 75, 37, 214,
       244, 181, 146, 203, 249, 182, 200, 191, 243, 137, 58, 204, 254,
       109, 255, 243, 223, 251, 243, 51, 71, 219, 243, 189, 22, 79, 127,
       144, 127, 135, 39, 5, 71, 13, 97, 52, 143, 103, 184, 100, 40, 122,
       76, 211, 65, 153, 48, 16, 4, 76, 110, 201, 176, 73, 31, 228, 173,
       33, 20, 72, 155, 82, 33, 167, 165, 212, 223, 237, 119, 236, 255,
       61, 251, 254, 82, 218, 122, 141, 189, 217, 223, 126, 170, 189,
       238, 89, 238, 191, 190, 215, 150, 202, 249, 234, 133, 189, 118,
       233, 70, 219, 87, 31, 248, 19, 238, 189, 175, 91, 101, 155, 180,
       31, 220, 213, 238, 237, 118, 125, 190, 123, 79, 165, 181, 111,
       255, 94, 117, 235, 79, 102, 79, 117, 31, 126, 189, 125, 104, 246,
       205, 235, 73, 159, 245, 62, 204, 255, 110, 237, 176, 93, 255, 166,
       251, 4, 151, 111, 190, 218, 29, 253, 84, 93, 103, 32, 110, 79,
       184, 100, 234, 183, 76, 211, 119, 137, 243, 84, 212, 124, 234,
       233, 244, 121, 12, 233, 203, 101, 20, 106, 243, 64, 113, 1, 249,
       62, 125, 157, 223, 245, 119, 234, 116, 110, 12, 182, 184, 18, 48,
       161, 46, 120, 8, 199, 249, 179, 29, 239, 191, 20, 50, 72, 8, 199,
       202, 149, 134, 146, 154, 176, 43, 70, 139, 94, 139, 227, 116, 199,
       224, 169, 220, 211, 78, 44, 60, 56, 149, 13, 14, 168, 182, 53, 84,
       144, 232, 168, 4, 34, 176, 20, 155, 221, 237, 176, 75, 159, 53,
       49, 25, 140, 156, 110, 14, 201, 27, 227, 17, 22, 107, 90, 247, 13,
       20, 27, 127, 208, 12, 207, 198, 2, 188, 19, 152, 93, 212, 176,
       103, 175, 1, 200, 17, 172, 254, 36, 214, 232, 59, 251, 129, 38,
       203, 146, 247, 181, 54, 154, 11, 24, 4, 175, 158, 20, 239, 26,
       186, 154, 225, 63, 200, 22, 20, 220, 163, 109, 239, 107, 64, 127,
       217, 167, 243, 98, 67, 10, 243, 249, 133, 47, 239, 53, 251, 37,
       131, 205, 113, 145, 229, 49, 14, 103, 191, 41, 168, 98, 76, 222,
       83, 9, 148, 148, 93, 108, 106, 65, 176, 209, 104, 229, 248, 7, 4,
       74, 49, 131, 33, 236, 96, 165, 103, 40, 78, 79, 184, 48, 250, 133,
       88, 215, 119, 89, 123, 21, 212, 125, 122, 233, 70, 249, 8, 197,
       250, 101, 60, 128, 179, 86, 112, 207, 191, 128, 23, 178, 154, 62,
       189, 62, 246, 71, 253, 204, 102, 142, 221, 55, 79, 238, 167, 247,
       220, 255, 239, 172, 54, 79, 198, 142, 246, 139, 85, 198, 237, 135,
       159, 137, 67, 159, 236, 159, 182, 137, 187, 196, 231, 77, 79, 201,
       247, 251, 195, 98, 71, 203, 251, 185, 50, 207, 191, 132, 127, 151,
       242, 95, 109, 254, 159, 31, 191, 254, 232, 127, 132, 255, 6, 238,
       122, 31, 100, 249, 231, 238, 227, 174, 227, 127, 255, 255, 255,
       135, 19, 107, 127, 105, 78, 128, 61, 30, 189, 212, 143, 181, 102,
       188, 142, 210, 19, 189, 187, 32, 65, 226, 123, 107, 193, 96, 189,
       18, 238, 245, 163, 122, 1, 0, 9, 165, 138, 45, 115, 120, 5, 117,
       31, 231, 184, 105, 236, 126, 76, 223, 0, 151, 180, 180, 76, 68,
       110, 197, 176, 125, 12, 103, 253, 37, 4, 74, 191, 91, 213, 49,
       135, 106, 169, 180, 171, 235, 115, 68, 101, 222, 199, 19, 40, 178,
       64, 124, 138, 23, 253, 158, 184, 69, 28, 252, 13, 162, 196, 253,
       138, 248, 192, 246, 102, 229, 230, 173, 91, 222, 236, 187, 166,
       177, 171, 203, 238, 93, 159, 255, 213, 255, 227, 108, 103, 235,
       202, 191, 214, 207, 191, 199, 247, 102, 118, 221, 79, 119, 239,
       116, 2, 111, 248, 117, 200, 255, 100, 115, 99, 185, 117, 118, 236,
       62, 238, 233, 147, 169, 44, 244, 232, 167, 128, 46, 179, 224, 33,
       75, 188, 159, 243, 168, 252, 121, 155, 191, 251, 190, 20, 191,
       247, 210, 254, 135, 111, 252, 152, 187, 73, 251, 243, 206, 255,
       127, 250, 138, 196, 171, 61, 165, 44, 149, 49, 173, 109, 85, 195,
       251, 242, 32, 24, 22, 184, 67, 59, 137, 102, 96, 16, 61, 117, 250,
       34, 153, 218, 85, 54, 194, 125, 86, 70, 203, 156, 206, 189, 174,
       185, 252, 119, 191, 83, 246, 247, 189, 174, 246, 235, 111, 163,
       255, 141, 183, 124, 71, 211, 254, 219, 254, 136, 189, 192, 169,
       93, 168, 158, 254, 189, 238, 170, 125, 222, 190, 151, 246, 183,
       189, 167, 226, 91, 111, 255, 239, 148, 178, 255, 247, 227, 220,
       171, 126, 192, 189, 216, 165, 249, 88, 186, 247, 84, 11, 217, 49,
       246, 179, 21, 172, 40, 47, 183, 64, 55, 167, 242, 237, 0, 18, 107,
       162, 117, 219, 211, 85, 107, 99, 128, 39, 107, 106, 239, 107, 152,
       252, 217, 255, 247, 95, 79, 252, 239, 43, 236, 182, 16, 223, 234,
       247, 205, 206, 58, 230, 255, 126, 95, 182, 169, 87, 156, 246, 221,
       254, 123, 222, 254, 45, 5, 220, 220, 171, 156, 180, 43, 239, 205,
       73, 155, 236, 213, 239, 227, 72, 99, 203, 224, 243, 241, 207, 63,
       83, 191, 166, 170, 139, 164, 231, 219, 229, 189, 237, 119, 127,
       83, 87, 82, 189, 175, 116, 237, 111, 47, 59, 157, 179, 252, 247,
       215, 143, 122, 222, 96, 150, 204, 241, 236, 252, 104, 222, 251,
       108, 249, 112, 72, 255, 187, 247, 58, 220, 219, 105, 123, 235,
       221, 238, 146, 50, 119, 203, 242, 223, 247, 243, 127, 145, 57,
       111, 131, 237, 244, 237, 69, 236, 78, 111, 191, 82, 250, 22, 84,
       211, 53, 217, 111, 81, 68, 124, 47, 233, 244, 253, 10, 109, 63,
       229, 148, 174, 248, 208, 112, 205, 164, 185, 219, 77, 237, 249,
       74, 255, 59, 247, 18, 220, 251, 92, 127, 107, 131, 127, 152, 58,
       126, 251, 243, 223, 191, 218, 76, 219, 65, 225, 162, 15, 22, 38,
       189, 6, 54, 172, 113, 188, 70, 211, 215, 77, 234, 51, 235, 238,
       37, 187, 167, 165, 215, 6, 204, 144, 99, 250, 129, 29, 116, 57,
       213, 233, 111, 90, 69, 113, 158, 100, 183, 121, 168, 118, 76, 142,
