%YAML:1.0
---
descriptors: !!opencv-matrix
   rows: 191
   cols: 32
   dt: u
   data: [ 74, 190, 151, 179, 232, 233, 189, 223, 190, 63, 154, 177, 172,
       247, 200, 75, 239, 211, 239, 145, 50, 75, 203, 241, 252, 210, 255,
       239, 134, 80, 167, 187, 17, 135, 106, 169, 148, 159, 238, 55, 68,
       65, 94, 199, 179, 8, 182, 64, 120, 170, 22, 237, 223, 184, 85,
       157, 110, 45, 162, 192, 125, 142, 248, 156, 28, 85, 173, 239, 180,
       70, 223, 184, 20, 238, 159, 3, 213, 127, 59, 96, 93, 85, 63, 227,
       233, 129, 121, 174, 233, 239, 175, 148, 180, 123, 53, 83, 126,
       103, 104, 6, 237, 91, 87, 120, 65, 236, 189, 175, 67, 108, 223,
       150, 92, 196, 196, 102, 204, 34, 236, 136, 242, 89, 133, 189, 119,
       255, 94, 212, 0, 225, 148, 217, 221, 137, 160, 239, 206, 49, 32,
       88, 180, 146, 104, 128, 129, 27, 106, 16, 83, 41, 90, 117, 45,
       144, 23, 126, 88, 8, 137, 139, 9, 190, 159, 251, 172, 173, 73,
       223, 255, 91, 180, 84, 191, 243, 208, 123, 199, 163, 126, 28, 187,
       109, 234, 243, 207, 223, 119, 248, 216, 192, 227, 57, 5, 123, 251,
       207, 244, 138, 239, 216, 127, 232, 127, 230, 217, 79, 157, 36, 94,
       108, 22, 254, 193, 176, 237, 254, 110, 190, 175, 132, 79, 187, 83,
       241, 69, 49, 189, 69, 140, 111, 229, 22, 206, 251, 62, 8, 210, 53,
       213, 46, 9, 86, 106, 30, 129, 225, 249, 0, 77, 154, 85, 20, 195,
       249, 65, 50, 181, 134, 207, 255, 116, 43, 235, 218, 86, 171, 251,
       222, 115, 227, 249, 105, 121, 236, 54, 140, 185, 246, 237, 186,
       220, 175, 243, 228, 189, 233, 112, 160, 88, 156, 31, 250, 59, 224,
       49, 103, 190, 25, 236, 48, 188, 215, 32, 113, 227, 59, 234, 0, 35,
       9, 34, 117, 209, 179, 82, 27, 16, 64, 39, 43, 43, 199, 97, 207,
       92, 27, 238, 253, 87, 96, 249, 207, 243, 72, 158, 212, 92, 204,
       55, 239, 239, 186, 125, 191, 62, 127, 135, 228, 125, 158, 218,
       220, 134, 253, 150, 187, 239, 205, 182, 231, 159, 183, 80, 19,
       172, 254, 102, 137, 235, 123, 163, 83, 118, 89, 26, 243, 47, 18,
       95, 111, 144, 93, 141, 203, 145, 157, 63, 245, 54, 207, 113, 54,
       236, 200, 102, 0, 183, 183, 34, 97, 166, 51, 92, 72, 160, 169, 49,
       47, 233, 233, 50, 80, 0, 8, 5, 107, 7, 157, 215, 223, 211, 182,
       174, 232, 255, 64, 123, 198, 108, 226, 173, 228, 255, 107, 178,
       206, 231, 147, 62, 255, 46, 62, 143, 138, 31, 119, 41, 181, 7,
       143, 62, 158, 247, 185, 190, 224, 252, 76, 91, 167, 236, 232, 55,
       64, 231, 107, 170, 199, 230, 185, 14, 255, 126, 54, 15, 139, 29,
       127, 41, 199, 181, 84, 253, 69, 164, 111, 199, 184, 80, 250, 63,
       94, 211, 117, 157, 47, 93, 212, 20, 106, 249, 244, 125, 10, 107,
       143, 101, 20, 253, 251, 208, 113, 33, 238, 67, 105, 80, 171, 99,
       23, 102, 3, 106, 200, 179, 129, 144, 144, 89, 168, 78, 28, 202,
       184, 69, 23, 164, 157, 48, 64, 225, 136, 210, 136, 2, 207, 26,
       155, 245, 211, 183, 231, 30, 13, 92, 34, 172, 243, 162, 68, 251,
       59, 130, 129, 118, 152, 96, 255, 110, 247, 158, 195, 22, 88, 189,
       207, 168, 188, 188, 91, 249, 253, 183, 191, 91, 55, 37, 24, 190,
       117, 79, 61, 135, 90, 194, 26, 34, 124, 122, 55, 111, 219, 85,
       120, 82, 217, 199, 186, 135, 54, 230, 151, 236, 63, 236, 219, 255,
       251, 243, 246, 249, 106, 159, 175, 111, 199, 126, 143, 181, 246,
       127, 243, 6, 58, 255, 132, 207, 245, 235, 149, 252, 243, 184, 118,
       169, 92, 85, 248, 171, 254, 181, 29, 159, 255, 74, 27, 132, 221,
       253, 78, 200, 99, 250, 1, 211, 249, 117, 63, 98, 244, 198, 115,
       220, 85, 60, 183, 172, 71, 93, 184, 148, 254, 151, 19, 215, 125,
       43, 75, 192, 85, 61, 99, 104, 197, 123, 172, 225, 195, 239, 21,
       52, 121, 21, 82, 141, 230, 213, 23, 176, 186, 111, 188, 126, 194,
       111, 148, 251, 230, 155, 253, 23, 110, 36, 110, 231, 212, 127, 63,
       110, 239, 101, 0, 126, 243, 192, 116, 213, 184, 185, 64, 188, 221,
       145, 144, 235, 244, 166, 24, 150, 148, 212, 38, 161, 116, 120, 25,
       163, 105, 187, 0, 201, 152, 5, 126, 196, 8, 87, 102, 121, 4, 53,
       69, 41, 94, 229, 50, 232, 66, 162, 64, 251, 52, 132, 247, 128, 86,
       120, 42, 161, 233, 177, 13, 1, 250, 82, 16, 67, 160, 67, 44, 116,
       166, 189, 126, 170, 104, 21, 138, 162, 63, 165, 56, 71, 247, 201,
       91, 3, 214, 236, 2, 26, 71, 235, 17, 219, 227, 117, 191, 240, 113,
       198, 99, 87, 189, 229, 151, 203, 222, 63, 185, 191, 247, 198, 135,
       249, 238, 30, 119, 55, 239, 123, 255, 245, 208, 255, 253, 191, 58,
       207, 230, 174, 166, 167, 84, 60, 112, 184, 242, 101, 253, 81, 218,
       115, 239, 116, 28, 63, 221, 75, 56, 157, 152, 133, 24, 138, 54,
       250, 162, 219, 221, 21, 59, 226, 217, 70, 243, 120, 233, 152, 114,
       169, 136, 81, 159, 163, 61, 164, 24, 51, 243, 74, 18, 137, 210,
       237, 216, 90, 75, 202, 49, 251, 201, 181, 125, 162, 144, 206, 42,
       247, 163, 236, 6, 164, 90, 206, 189, 81, 254, 223, 173, 67, 108,
       223, 151, 24, 206, 228, 111, 221, 243, 239, 168, 50, 115, 229,
       149, 111, 255, 222, 92, 182, 253, 236, 255, 191, 159, 254, 223,
       127, 171, 255, 179, 207, 125, 156, 116, 255, 255, 255, 219, 250,
       252, 253, 255, 255, 255, 143, 195, 231, 245, 214, 247, 116, 232,
       188, 48, 173, 205, 85, 231, 251, 183, 32, 24, 134, 176, 64, 62,
       161, 115, 104, 16, 82, 105, 154, 48, 217, 146, 85, 127, 192, 88,
       199, 46, 189, 98, 200, 7, 164, 27, 102, 152, 119, 174, 55, 204,
       195, 64, 223, 156, 19, 108, 236, 110, 236, 244, 205, 42, 162, 223,
       101, 53, 102, 255, 90, 4, 82, 171, 254, 124, 11, 233, 17, 198,
       171, 149, 160, 41, 46, 247, 68, 26, 167, 243, 237, 64, 10, 75,
       130, 113, 155, 211, 80, 123, 97, 1, 39, 43, 140, 114, 245, 69, 98,
       120, 184, 18, 105, 194, 116, 248, 143, 62, 197, 191, 6, 93, 196,
       18, 133, 244, 229, 64, 6, 241, 80, 3, 227, 241, 79, 165, 156, 223,
       253, 103, 176, 126, 127, 184, 116, 238, 127, 164, 243, 119, 155,
       113, 23, 246, 125, 110, 249, 208, 125, 47, 239, 239, 101, 133,
       230, 243, 196, 115, 37, 115, 105, 101, 116, 14, 255, 56, 109, 236,
       123, 77, 215, 44, 151, 48, 180, 76, 85, 111, 197, 176, 109, 12,
       102, 125, 37, 132, 76, 190, 87, 213, 252, 113, 252, 226, 237, 93,
       94, 220, 19, 250, 181, 42, 95, 95, 75, 59, 223, 221, 253, 114,
       207, 103, 251, 176, 251, 217, 101, 191, 251, 251, 78, 211, 41,
       172, 189, 83, 141, 125, 181, 143, 219, 63, 44, 24, 186, 49, 92,
       47, 129, 82, 122, 24, 50, 109, 251, 115, 79, 155, 85, 117, 194,
       217, 199, 236, 44, 188, 188, 91, 201, 253, 181, 143, 222, 63, 44,
       24, 254, 245, 78, 191, 133, 114, 234, 24, 51, 104, 250, 49, 79,
       159, 85, 123, 210, 88, 199, 250, 42, 109, 97, 239, 125, 79, 215,
       252, 91, 224, 252, 11, 122, 93, 29, 36, 216, 204, 119, 111, 201,
       114, 255, 255, 119, 94, 129, 56, 87, 191, 86, 234, 6, 133, 14,
       191, 181, 218, 254, 224, 189, 132, 255, 163, 236, 239, 47, 192,
       254, 249, 223, 194, 112, 145, 10, 239, 191, 247, 143, 131, 4, 119,
       45, 243, 243, 249, 42, 138, 125, 157, 242, 200, 239, 252, 180, 13,
       174, 216, 118, 80, 200, 169, 255, 87, 206, 47, 219, 241, 155, 89,
       11, 123, 89, 14, 122, 206, 181, 36, 236, 31, 206, 47, 236, 250,
       86, 243, 243, 86, 115, 104, 159, 43, 123, 206, 118, 191, 175, 246,
       95, 191, 28, 43, 247, 132, 237, 253, 250, 132, 88, 139, 23, 126,
       11, 240, 17, 39, 191, 21, 230, 48, 44, 247, 32, 221, 167, 51, 232,
       128, 18, 73, 162, 245, 147, 243, 82, 11, 50, 4, 167, 43, 237, 252,
       237, 101, 236, 110, 79, 191, 82, 250, 30, 24, 211, 60, 217, 35,
       89, 70, 124, 63, 249, 244, 253, 10, 109, 47, 229, 20, 236, 249,
       208, 112, 199, 180, 236, 151, 236, 57, 236, 159, 254, 243, 243,
       247, 217, 234, 223, 43, 239, 71, 126, 157, 183, 124, 255, 226, 12,
       27, 255, 196, 205, 252, 251, 213, 236, 82, 222, 180, 42, 42, 21,
       20, 177, 222, 246, 253, 255, 183, 131, 91, 70, 117, 253, 102, 105,
