%YAML:1.0
---
descriptors: !!opencv-matrix
   rows: 139
   cols: 32
   dt: u
   data: [ 148, 177, 122, 72, 222, 197, 247, 253, 250, 13, 124, 26, 60,
       223, 110, 48, 178, 219, 83, 120, 114, 43, 186, 87, 123, 141, 38,
       107, 113, 0, 231, 171, 244, 112, 254, 112, 77, 109, 80, 204, 227,
       178, 164, 24, 31, 157, 67, 27, 169, 245, 253, 82, 44, 103, 154,
       160, 219, 219, 85, 63, 225, 121, 78, 2, 171, 180, 128, 142, 205,
       53, 156, 239, 140, 95, 152, 159, 172, 232, 126, 134, 201, 67, 219,
       165, 118, 15, 210, 227, 60, 84, 158, 187, 158, 92, 155, 222, 234,
       188, 238, 22, 221, 249, 176, 135, 187, 87, 166, 189, 170, 172, 86,
       159, 139, 179, 251, 17, 190, 111, 246, 227, 79, 87, 220, 123, 199,
       76, 222, 222, 24, 161, 186, 118, 245, 221, 118, 197, 250, 141,
       111, 9, 255, 249, 106, 144, 176, 122, 224, 80, 22, 184, 154, 33,
       239, 221, 20, 105, 194, 10, 207, 138, 210, 248, 50, 168, 59, 205,
       18, 96, 171, 12, 168, 41, 174, 222, 102, 16, 162, 185, 223, 65,
       74, 15, 146, 247, 147, 212, 10, 123, 16, 6, 39, 91, 246, 236, 237,
       255, 156, 103, 206, 175, 83, 179, 184, 26, 115, 121, 84, 11, 217,
       222, 53, 17, 58, 126, 219, 191, 251, 190, 213, 117, 245, 248, 208,
       42, 32, 92, 127, 77, 116, 78, 105, 54, 125, 12, 126, 96, 19, 55,
       128, 112, 54, 60, 102, 40, 129, 184, 177, 76, 103, 191, 32, 128,
       66, 160, 70, 249, 197, 143, 205, 147, 150, 168, 102, 140, 182,
       147, 74, 210, 241, 226, 201, 74, 115, 74, 42, 222, 51, 216, 207,
       99, 172, 166, 247, 68, 168, 243, 225, 0, 120, 205, 116, 109, 29,
       207, 82, 188, 71, 164, 172, 9, 83, 45, 16, 81, 200, 244, 205, 122,
       124, 42, 89, 189, 251, 223, 133, 117, 115, 186, 212, 10, 241, 205,
       74, 237, 212, 138, 111, 231, 116, 130, 238, 2, 51, 33, 176, 113,
       120, 238, 34, 234, 104, 189, 5, 47, 244, 239, 134, 0, 101, 248,
       240, 40, 244, 75, 70, 94, 13, 14, 199, 232, 228, 182, 226, 78, 98,
       96, 61, 215, 120, 228, 106, 234, 104, 231, 15, 109, 48, 34, 199,
       20, 97, 58, 112, 4, 32, 237, 250, 248, 221, 133, 214, 239, 155,
       160, 120, 11, 34, 251, 101, 16, 217, 251, 135, 80, 74, 58, 138,
       191, 127, 223, 149, 107, 113, 26, 102, 138, 221, 208, 127, 71, 32,
       94, 111, 188, 96, 234, 247, 212, 219, 86, 159, 115, 54, 196, 124,
       238, 233, 212, 189, 78, 102, 171, 231, 132, 109, 178, 227, 113,
       77, 49, 152, 229, 224, 46, 120, 25, 58, 187, 107, 80, 213, 115,
       73, 122, 183, 93, 117, 60, 17, 208, 217, 64, 207, 237, 103, 68,
       136, 227, 203, 129, 13, 177, 16, 193, 253, 125, 225, 25, 79, 121,
       61, 92, 159, 24, 90, 172, 155, 11, 94, 57, 147, 112, 251, 212,
       205, 221, 15, 116, 222, 10, 217, 177, 179, 87, 99, 79, 118, 2,
       239, 112, 84, 200, 87, 230, 113, 76, 181, 100, 126, 232, 22, 239,
       225, 180, 45, 206, 52, 40, 170, 128, 127, 191, 112, 253, 57, 249,
       59, 104, 125, 221, 115, 221, 107, 105, 124, 8, 62, 215, 74, 48,
       180, 56, 86, 72, 155, 59, 242, 17, 255, 221, 37, 110, 106, 10,
       194, 251, 213, 120, 247, 70, 38, 78, 71, 16, 224, 202, 243, 104,
       115, 85, 129, 127, 54, 244, 124, 106, 201, 245, 185, 8, 209, 170,
       97, 128, 105, 243, 98, 33, 197, 239, 205, 179, 148, 168, 110, 190,
       254, 147, 11, 214, 241, 226, 233, 66, 115, 110, 42, 254, 115, 68,
       142, 127, 172, 166, 175, 108, 188, 243, 129, 8, 197, 239, 219,
       182, 252, 33, 174, 174, 218, 178, 25, 210, 253, 234, 249, 66, 19,
       111, 122, 255, 115, 69, 143, 251, 172, 54, 239, 252, 140, 243,
       129, 40, 228, 164, 213, 247, 237, 111, 68, 187, 83, 179, 177, 24,
       67, 249, 76, 11, 153, 198, 100, 18, 58, 100, 219, 147, 15, 218,
       213, 127, 225, 104, 212, 130, 105, 167, 101, 45, 108, 11, 205, 57,
       66, 180, 249, 239, 195, 40, 158, 19, 90, 134, 102, 239, 220, 122,
       237, 29, 116, 72, 225, 188, 117, 174, 214, 192, 245, 75, 70, 204,
       12, 18, 70, 40, 229, 150, 178, 66, 99, 72, 61, 247, 120, 228, 110,
       234, 104, 231, 77, 205, 178, 170, 195, 16, 101, 186, 112, 4, 118,
       32, 241, 225, 230, 40, 248, 67, 105, 177, 178, 155, 15, 11, 85,
       26, 170, 157, 87, 145, 10, 114, 197, 192, 159, 216, 155, 163, 229,
       224, 83, 134, 162, 176, 144, 184, 125, 237, 176, 79, 159, 31, 32,
       57, 174, 153, 108, 24, 201, 27, 131, 17, 50, 110, 66, 211, 15,
       215, 18, 123, 208, 8, 135, 139, 29, 77, 107, 197, 118, 18, 239,
       50, 116, 224, 94, 194, 89, 45, 147, 100, 126, 252, 55, 238, 225,
       152, 37, 238, 102, 111, 167, 128, 39, 245, 112, 232, 99, 135, 108,
       73, 244, 190, 104, 55, 109, 73, 126, 84, 217, 42, 158, 113, 197,
       134, 30, 60, 181, 184, 101, 221, 110, 63, 178, 196, 156, 132, 216,
       77, 117, 104, 189, 50, 40, 77, 69, 132, 235, 255, 166, 8, 247,
       214, 65, 63, 137, 244, 108, 90, 11, 103, 250, 32, 153, 218, 85,
       58, 192, 115, 70, 109, 164, 140, 215, 254, 252, 35, 150, 238, 223,
       162, 241, 88, 246, 233, 45, 73, 223, 127, 42, 43, 112, 239, 11,
       255, 184, 190, 87, 126, 220, 249, 225, 161, 88, 184, 191, 254,
       171, 228, 17, 223, 175, 155, 166, 0, 190, 247, 97, 123, 167, 119,
       253, 24, 19, 73, 187, 241, 219, 251, 127, 218, 130, 81, 165, 123,
       201, 251, 59, 94, 50, 220, 39, 53, 188, 76, 198, 100, 188, 215,
       130, 245, 38, 58, 220, 106, 227, 137, 176, 125, 241, 41, 36, 152,
       10, 144, 135, 121, 1, 191, 59, 185, 242, 169, 49, 87, 190, 73,
       120, 245, 190, 159, 160, 112, 167, 59, 31, 17, 146, 152, 0, 119,
       204, 149, 58, 226, 220, 192, 163, 155, 244, 81, 95, 236, 44, 78,
       87, 56, 161, 234, 243, 110, 91, 119, 173, 115, 254, 213, 124, 98,
       105, 195, 249, 204, 177, 250, 231, 22, 56, 187, 98, 49, 161, 71,
       93, 101, 52, 10, 110, 57, 116, 168, 122, 96, 211, 33, 145, 81,
       126, 132, 78, 106, 105, 176, 65, 12, 228, 168, 161, 132, 109, 186,
       64, 168, 114, 212, 175, 254, 11, 96, 151, 238, 130, 22, 136, 171,
       117, 253, 41, 19, 253, 213, 249, 227, 104, 71, 154, 57, 241, 227,
       207, 63, 117, 115, 55, 250, 57, 251, 122, 100, 247, 157, 247, 246,
       233, 76, 126, 47, 42, 157, 183, 48, 190, 186, 215, 64, 196, 186,
       164, 175, 119, 253, 36, 139, 103, 156, 118, 223, 34, 185, 122, 90,
       253, 141, 208, 111, 83, 13, 252, 27, 51, 189, 116, 16, 217, 186,
       151, 0, 26, 58, 210, 183, 127, 221, 144, 123, 87, 136, 254, 170,
       133, 106, 218, 93, 36, 59, 105, 16, 125, 142, 119, 100, 131, 193,
       151, 61, 54, 40, 6, 78, 132, 244, 165, 64, 134, 248, 96, 128, 106,
       243, 74, 133, 101, 75, 125, 101, 36, 10, 111, 48, 105, 232, 118,
       108, 243, 33, 145, 51, 18, 228, 108, 110, 201, 176, 229, 8, 230,
       185, 101, 0, 78, 187, 66, 41, 48, 239, 218, 232, 244, 141, 246,
       239, 26, 137, 248, 75, 39, 251, 96, 16, 217, 187, 7, 0, 74, 58,
       202, 63, 250, 197, 53, 121, 81, 10, 234, 138, 146, 60, 19, 184,
       123, 237, 17, 67, 169, 12, 160, 25, 46, 158, 33, 25, 170, 185,
       223, 1, 42, 15, 18, 221, 147, 208, 26, 59, 16, 0, 39, 155, 10,
       180, 242, 218, 115, 240, 184, 66, 191, 77, 223, 183, 44, 254, 238,
       204, 247, 59, 147, 144, 150, 217, 34, 231, 26, 118, 26, 195, 134,
       5, 173, 215, 90, 184, 189, 250, 139, 197, 29, 151, 143, 119, 132,
       19, 188, 255, 98, 74, 199, 243, 255, 145, 26, 79, 250, 241, 219,
       211, 222, 123, 146, 8, 133, 123, 189, 204, 206, 227, 212, 34, 238,
       198, 117, 67, 250, 147, 75, 43, 59, 212, 105, 198, 6, 159, 60,
       190, 77, 162, 250, 207, 150, 64, 239, 249, 248, 200, 241, 66, 198,
       196, 79, 10, 236, 40, 233, 166, 242, 74, 203, 42, 21, 223, 106,
       197, 108, 235, 236, 231, 215, 200, 148, 186, 195, 16, 37, 57, 112,
       4, 125, 249, 105, 238, 60, 29, 75, 248, 71, 232, 188, 72, 251,
       205, 217, 48, 220, 232, 93, 110, 201, 35, 250, 189, 251, 221, 165,
       188, 118, 191, 82, 121, 50, 253, 107, 154, 219, 213, 145, 239,
       155, 93, 188, 191, 40, 156, 102, 16, 237, 187, 211, 209, 222, 43,
