%YAML:1.0
---
descriptors: !!opencv-matrix
   rows: 194
   cols: 32
   dt: u
   data: [ 63, 36, 226, 232, 31, 247, 200, 74, 85, 193, 204, 2, 57, 237,
       53, 236, 120, 168, 147, 189, 26, 163, 54, 138, 147, 205, 130, 9,
       183, 237, 120, 130, 27, 54, 235, 161, 182, 179, 233, 87, 53, 225,
       222, 247, 25, 46, 214, 40, 111, 155, 23, 157, 147, 152, 37, 198,
       94, 77, 154, 196, 175, 196, 177, 244, 51, 159, 107, 235, 244, 131,
       235, 119, 84, 73, 255, 230, 113, 9, 180, 32, 124, 171, 23, 185,
       187, 184, 37, 255, 126, 77, 174, 192, 253, 138, 240, 233, 145,
       223, 111, 237, 22, 2, 79, 125, 84, 74, 218, 230, 115, 35, 176, 97,
       126, 228, 61, 238, 233, 187, 37, 31, 240, 175, 230, 128, 61, 186,
       240, 57, 7, 153, 161, 203, 149, 215, 166, 217, 95, 97, 88, 70,
       200, 220, 125, 164, 217, 106, 18, 221, 151, 176, 124, 255, 45, 92,
       143, 102, 223, 95, 241, 244, 108, 53, 24, 103, 224, 79, 87, 188,
       49, 234, 254, 9, 223, 127, 10, 16, 145, 220, 253, 106, 89, 240,
       217, 10, 239, 255, 101, 21, 106, 250, 206, 83, 61, 229, 67, 65,
       212, 223, 230, 252, 84, 224, 250, 66, 83, 72, 156, 164, 122, 200,
       22, 106, 253, 178, 125, 191, 62, 204, 165, 68, 111, 187, 216, 180,
       106, 185, 186, 116, 185, 220, 84, 135, 251, 241, 170, 8, 62, 188,
       71, 50, 135, 247, 253, 81, 31, 107, 146, 225, 251, 221, 29, 123,
       200, 52, 15, 31, 88, 128, 156, 247, 9, 108, 85, 130, 163, 179,
       135, 24, 255, 119, 72, 95, 129, 214, 249, 138, 41, 69, 219, 161,
       195, 247, 223, 17, 130, 113, 137, 42, 82, 186, 158, 184, 155, 173,
       24, 135, 191, 21, 134, 149, 174, 231, 34, 88, 167, 179, 237, 149,
       62, 77, 131, 119, 219, 247, 94, 83, 144, 0, 173, 90, 125, 117,
       184, 167, 169, 95, 87, 184, 51, 230, 173, 13, 223, 127, 75, 50,
       149, 221, 253, 114, 76, 66, 249, 26, 255, 215, 5, 61, 162, 243,
       134, 66, 171, 180, 246, 216, 121, 213, 152, 251, 219, 251, 156,
       185, 44, 253, 247, 166, 159, 57, 247, 53, 182, 79, 186, 219, 27,
       95, 29, 255, 214, 108, 15, 223, 99, 205, 70, 206, 215, 151, 238,
       231, 237, 65, 238, 6, 104, 170, 54, 245, 108, 227, 146, 204, 213,
       187, 53, 253, 63, 56, 134, 67, 27, 94, 248, 12, 94, 190, 148, 240,
       235, 173, 92, 207, 171, 191, 168, 189, 14, 227, 74, 159, 167, 211,
       237, 144, 58, 75, 146, 241, 155, 210, 93, 127, 170, 84, 142, 27,
       98, 191, 250, 232, 255, 229, 219, 95, 15, 45, 156, 43, 140, 191,
       118, 0, 159, 155, 183, 145, 146, 43, 178, 211, 251, 220, 15, 255,
       215, 206, 135, 91, 122, 187, 156, 56, 171, 169, 20, 199, 171, 191,
       168, 173, 46, 175, 66, 27, 135, 243, 237, 17, 30, 75, 194, 17,
       218, 211, 93, 123, 250, 84, 143, 27, 60, 64, 111, 236, 20, 195,
       75, 120, 197, 128, 253, 2, 83, 201, 177, 96, 120, 168, 7, 234,
       200, 163, 36, 156, 211, 237, 161, 152, 119, 171, 116, 162, 86,
       221, 247, 167, 177, 78, 119, 228, 63, 123, 251, 2, 126, 63, 76,
       114, 239, 215, 255, 210, 107, 251, 185, 235, 249, 246, 223, 71,
       224, 115, 231, 123, 58, 253, 48, 184, 253, 221, 84, 231, 207, 53,
       172, 9, 46, 185, 102, 148, 137, 187, 207, 1, 94, 43, 82, 245, 187,
       213, 21, 123, 82, 12, 206, 78, 17, 143, 203, 251, 214, 163, 239,
       215, 94, 67, 250, 230, 113, 234, 176, 96, 127, 234, 22, 157, 191,
       186, 44, 255, 124, 207, 183, 224, 253, 218, 241, 185, 87, 244,
       181, 210, 13, 124, 73, 136, 235, 250, 135, 24, 222, 118, 93, 111,
       161, 197, 124, 191, 171, 69, 187, 240, 153, 218, 219, 126, 138,
       119, 1, 116, 124, 111, 106, 44, 204, 91, 87, 109, 97, 198, 236,
       173, 99, 236, 179, 16, 88, 228, 228, 103, 204, 35, 238, 58, 242,
       229, 37, 61, 117, 255, 94, 86, 36, 190, 148, 90, 169, 233, 148,
       239, 223, 31, 168, 60, 230, 224, 108, 15, 139, 115, 234, 16, 50,
       107, 218, 113, 169, 150, 85, 123, 216, 89, 143, 159, 112, 158, 58,
       126, 58, 233, 19, 39, 187, 15, 230, 56, 39, 247, 0, 80, 131, 247,
       236, 0, 58, 107, 226, 47, 243, 247, 48, 91, 96, 0, 198, 43, 237,
       113, 17, 99, 53, 31, 86, 152, 111, 232, 57, 76, 223, 91, 73, 176,
       148, 92, 220, 126, 205, 176, 216, 170, 239, 221, 37, 52, 74, 191,
       74, 3, 228, 188, 153, 99, 188, 107, 195, 152, 114, 184, 160, 120,
       211, 115, 73, 59, 217, 84, 108, 115, 58, 102, 217, 50, 236, 137,
       165, 124, 200, 171, 82, 34, 42, 171, 82, 184, 219, 209, 28, 231,
       175, 21, 184, 169, 44, 142, 102, 148, 175, 187, 195, 144, 86, 11,
       2, 245, 187, 212, 30, 123, 83, 4, 175, 143, 193, 145, 23, 95, 65,
       222, 116, 55, 249, 90, 103, 80, 254, 177, 4, 255, 160, 54, 120, 8,
       241, 252, 179, 205, 7, 250, 80, 2, 74, 64, 235, 47, 162, 180, 180,
       250, 253, 165, 152, 143, 27, 91, 145, 57, 172, 125, 92, 153, 215,
       27, 247, 21, 178, 111, 202, 215, 11, 30, 92, 254, 146, 68, 155,
       91, 92, 160, 156, 246, 137, 108, 85, 136, 162, 51, 175, 24, 211,
       243, 72, 122, 193, 214, 120, 10, 26, 67, 251, 33, 219, 251, 85,
       61, 160, 115, 130, 34, 37, 164, 145, 187, 237, 45, 208, 75, 95,
       59, 169, 28, 150, 248, 108, 58, 201, 11, 91, 29, 59, 98, 90, 211,
       143, 222, 147, 126, 216, 73, 208, 130, 84, 205, 89, 239, 180, 74,
       111, 188, 100, 5, 123, 0, 247, 99, 153, 80, 115, 198, 44, 234, 24,
       144, 205, 47, 236, 167, 230, 68, 36, 243, 129, 32, 253, 37, 233,
       231, 238, 11, 79, 249, 64, 232, 189, 206, 83, 105, 217, 35, 94,
       196, 20, 235, 201, 242, 237, 8, 252, 201, 229, 180, 101, 251, 80,
       241, 221, 91, 111, 237, 4, 78, 79, 176, 228, 202, 214, 70, 247,
       39, 147, 107, 102, 228, 125, 238, 233, 197, 101, 44, 241, 235,
       226, 144, 45, 241, 112, 121, 71, 180, 135, 17, 171, 108, 61, 135,
       187, 251, 146, 253, 156, 182, 206, 191, 167, 87, 125, 149, 55, 73,
       178, 224, 140, 82, 127, 246, 138, 68, 131, 119, 118, 169, 233,
       200, 223, 97, 154, 202, 19, 245, 184, 139, 0, 236, 125, 14, 121,
       223, 179, 209, 30, 67, 255, 242, 59, 68, 141, 255, 181, 109, 244,
       118, 14, 157, 50, 159, 253, 215, 190, 99, 158, 76, 89, 35, 236,
       252, 54, 64, 222, 59, 147, 131, 230, 186, 90, 255, 39, 54, 142,
       139, 22, 78, 189, 223, 79, 57, 102, 101, 38, 50, 123, 24, 101,
       232, 95, 231, 217, 95, 159, 102, 54, 189, 255, 239, 133, 208, 173,
       204, 70, 249, 171, 132, 47, 167, 113, 245, 53, 252, 61, 123, 184,
       255, 210, 232, 174, 189, 177, 52, 247, 94, 12, 171, 219, 91, 125,
       118, 63, 205, 123, 63, 171, 207, 255, 246, 208, 3, 199, 243, 107,
       176, 242, 118, 127, 205, 81, 101, 235, 197, 164, 9, 62, 217, 78,
       54, 162, 187, 253, 17, 6, 107, 146, 209, 219, 252, 16, 59, 74, 4,
       67, 95, 43, 52, 246, 220, 125, 247, 152, 91, 219, 251, 157, 191,
       44, 189, 246, 172, 143, 63, 247, 21, 182, 111, 178, 223, 27, 95,
       91, 251, 223, 76, 47, 223, 116, 245, 61, 227, 168, 79, 87, 168,
       43, 180, 161, 9, 215, 87, 73, 19, 153, 213, 125, 98, 74, 98, 217,
       53, 251, 219, 5, 62, 80, 59, 6, 98, 143, 120, 163, 158, 101, 116,
       190, 64, 25, 202, 81, 135, 168, 220, 119, 140, 220, 121, 147, 199,
       132, 246, 254, 226, 23, 120, 218, 139, 7, 127, 127, 247, 198, 220,
       180, 242, 173, 125, 156, 140, 159, 127, 147, 187, 204, 254, 95,
       15, 167, 215, 255, 211, 246, 71, 155, 240, 155, 90, 223, 255, 150,
       125, 141, 87, 22, 221, 191, 190, 191, 66, 191, 230, 189, 220, 222,
       35, 110, 191, 97, 82, 239, 223, 191, 211, 104, 219, 57, 239, 249,
       247, 206, 199, 0, 126, 165, 123, 194, 132, 180, 155, 237, 108,
       188, 142, 191, 51, 19, 17, 140, 190, 124, 207, 231, 87, 255, 145,
       54, 101, 155, 243, 133, 50, 218, 239, 150, 85, 173, 199, 65, 48,
       191, 117, 164, 46, 245, 23, 238, 235, 62, 92, 246, 61, 209, 42,
       133, 118, 124, 12, 145, 233, 243, 0, 207, 191, 117, 16, 200, 232,
       209, 123, 43, 164, 172, 88, 141, 249, 208, 207, 95, 23, 228, 25,
       170, 248, 126, 173, 201, 10, 162, 24, 62, 110, 98, 179, 11, 94,
