%YAML:1.0
---
descriptors: !!opencv-matrix
   rows: 343
   cols: 32
   dt: u
   data: [ 44, 99, 216, 35, 52, 137, 122, 216, 103, 133, 109, 9, 139,
       203, 91, 16, 26, 204, 196, 92, 30, 176, 201, 10, 238, 221, 33, 77,
       226, 131, 74, 130, 224, 252, 189, 115, 169, 105, 87, 142, 123, 59,
       40, 56, 246, 53, 8, 58, 129, 86, 108, 90, 51, 108, 235, 51, 239,
       223, 85, 115, 192, 89, 198, 43, 218, 190, 177, 190, 57, 252, 94,
       190, 187, 239, 157, 125, 238, 255, 66, 211, 167, 247, 253, 5, 255,
       79, 218, 255, 187, 255, 95, 187, 130, 244, 15, 91, 216, 154, 255,
       255, 172, 207, 253, 252, 191, 254, 247, 183, 255, 255, 210, 107,
       239, 247, 127, 159, 251, 255, 251, 241, 255, 251, 255, 208, 132,
       249, 165, 115, 237, 243, 61, 218, 236, 173, 245, 221, 239, 90,
       184, 108, 190, 217, 237, 123, 135, 67, 126, 94, 195, 39, 234, 241,
       230, 153, 103, 254, 92, 219, 195, 161, 212, 187, 191, 255, 188,
       239, 125, 255, 62, 254, 246, 183, 255, 255, 131, 107, 255, 247,
       127, 133, 184, 221, 107, 255, 223, 251, 255, 148, 132, 248, 165,
       251, 57, 141, 3, 174, 21, 199, 78, 229, 213, 8, 219, 2, 115, 233,
       48, 96, 120, 234, 30, 238, 72, 171, 8, 191, 243, 239, 167, 129,
       49, 42, 112, 138, 118, 157, 189, 158, 221, 103, 87, 239, 159, 167,
       232, 27, 124, 254, 45, 80, 249, 255, 123, 161, 118, 91, 216, 255,
       255, 190, 215, 62, 144, 122, 228, 74, 24, 184, 147, 248, 235, 237,
       80, 199, 187, 19, 168, 24, 190, 191, 96, 16, 163, 187, 237, 0, 26,
       43, 146, 243, 219, 215, 22, 123, 210, 64, 135, 139, 126, 164, 246,
       250, 223, 246, 216, 235, 63, 151, 253, 19, 74, 254, 62, 221, 251,
       223, 255, 145, 62, 239, 75, 247, 159, 254, 223, 79, 199, 68, 239,
       198, 40, 117, 125, 77, 109, 95, 87, 120, 121, 42, 108, 8, 122, 53,
       4, 181, 144, 30, 196, 106, 65, 178, 241, 30, 103, 255, 96, 51, 66,
       186, 78, 161, 212, 67, 93, 231, 36, 10, 111, 184, 117, 162, 227,
       64, 215, 67, 137, 243, 114, 196, 108, 106, 104, 212, 73, 12, 229,
       235, 101, 4, 32, 179, 64, 32, 21, 71, 127, 223, 246, 131, 175,
       109, 252, 0, 123, 226, 253, 234, 189, 96, 126, 121, 6, 239, 225,
       179, 46, 207, 52, 174, 47, 128, 69, 178, 161, 160, 5, 69, 95, 191,
       246, 139, 239, 245, 252, 192, 91, 227, 253, 249, 57, 64, 114, 111,
       63, 79, 225, 177, 14, 238, 244, 175, 175, 0, 44, 250, 241, 128,
       104, 123, 136, 252, 237, 173, 68, 87, 219, 186, 184, 76, 162, 185,
       85, 80, 201, 170, 111, 0, 8, 43, 210, 153, 247, 249, 213, 59, 90,
       120, 94, 11, 56, 29, 58, 254, 156, 231, 87, 55, 212, 0, 238, 0,
       247, 243, 32, 96, 80, 114, 8, 40, 59, 169, 88, 63, 235, 231, 36,
       81, 186, 90, 228, 58, 220, 96, 190, 114, 168, 172, 89, 16, 171,
       157, 183, 29, 159, 215, 75, 90, 167, 149, 109, 28, 10, 69, 154, 0,
       219, 249, 48, 204, 200, 129, 34, 51, 252, 252, 252, 122, 137, 233,
       87, 222, 243, 183, 172, 24, 91, 245, 73, 31, 17, 214, 236, 26, 58,
       111, 250, 51, 251, 207, 117, 125, 226, 241, 198, 98, 220, 182,
       157, 122, 168, 108, 85, 159, 178, 191, 167, 60, 87, 247, 73, 91,
       5, 214, 237, 26, 58, 71, 235, 51, 217, 163, 117, 189, 160, 241,
       134, 115, 248, 172, 125, 122, 205, 237, 212, 207, 251, 115, 176,
       24, 190, 216, 12, 57, 137, 147, 110, 17, 63, 111, 210, 179, 219,
       155, 80, 123, 211, 72, 222, 6, 188, 250, 242, 118, 125, 255, 83,
       240, 115, 205, 247, 61, 106, 255, 134, 60, 223, 254, 231, 66, 168,
       239, 250, 238, 91, 255, 113, 219, 195, 135, 230, 251, 88, 248,
       147, 94, 137, 201, 21, 199, 187, 17, 160, 24, 62, 247, 64, 244,
       129, 179, 232, 16, 27, 75, 186, 115, 187, 215, 21, 123, 210, 64,
       134, 42, 4, 72, 143, 255, 60, 226, 77, 188, 214, 11, 211, 114,
       247, 243, 176, 105, 88, 238, 63, 202, 41, 213, 75, 189, 193, 171,
       250, 128, 180, 185, 240, 33, 244, 112, 221, 98, 8, 75, 71, 152,
       96, 178, 162, 8, 83, 87, 201, 59, 17, 212, 108, 122, 41, 102, 249,
       40, 241, 171, 101, 20, 225, 179, 70, 32, 125, 233, 254, 158, 255,
       223, 127, 188, 239, 245, 191, 10, 222, 253, 123, 246, 119, 245,
       254, 107, 198, 227, 255, 249, 251, 123, 71, 125, 22, 190, 15, 238,
       61, 229, 192, 71, 157, 59, 70, 184, 87, 162, 237, 138, 195, 97,
       155, 164, 89, 206, 194, 254, 127, 178, 93, 191, 174, 215, 133,
       117, 255, 255, 218, 132, 251, 120, 110, 238, 45, 95, 219, 248,
       175, 236, 183, 165, 222, 222, 135, 182, 254, 133, 255, 126, 203,
       71, 251, 223, 155, 251, 139, 247, 70, 38, 127, 117, 101, 101, 213,
       71, 244, 47, 111, 168, 123, 166, 107, 72, 219, 97, 93, 27, 147,
       196, 102, 110, 32, 240, 239, 122, 110, 190, 69, 4, 192, 251, 66,
       128, 194, 183, 158, 178, 168, 224, 20, 143, 190, 63, 138, 57, 134,
       178, 74, 91, 129, 87, 237, 145, 62, 75, 139, 115, 185, 55, 255,
       255, 128, 80, 167, 15, 198, 253, 247, 254, 250, 39, 190, 239, 159,
       170, 217, 187, 252, 255, 109, 66, 183, 119, 255, 231, 240, 207,
       139, 255, 190, 126, 95, 250, 148, 247, 129, 155, 220, 236, 158,
       190, 184, 239, 22, 232, 190, 182, 161, 25, 255, 246, 43, 19, 223,
       113, 232, 99, 110, 71, 218, 63, 185, 227, 79, 59, 208, 115, 175,
       18, 13, 194, 179, 251, 52, 189, 106, 144, 63, 91, 87, 214, 255,
       199, 184, 233, 119, 139, 31, 28, 179, 212, 42, 247, 207, 255, 186,
       192, 158, 137, 161, 177, 69, 117, 89, 71, 114, 78, 118, 184, 105,
       232, 111, 96, 222, 83, 137, 48, 178, 92, 84, 106, 65, 176, 249,
       78, 167, 189, 37, 6, 72, 179, 67, 49, 108, 236, 182, 122, 137,
       254, 212, 238, 247, 151, 174, 25, 234, 251, 110, 219, 201, 119,
       235, 16, 126, 107, 218, 161, 251, 251, 87, 95, 195, 84, 239, 10,
       106, 246, 247, 252, 237, 245, 253, 255, 191, 254, 252, 191, 236,
       255, 239, 255, 255, 255, 255, 133, 227, 87, 235, 219, 255, 255,
       255, 191, 151, 124, 183, 247, 238, 190, 190, 254, 253, 183, 254,
       251, 159, 255, 252, 63, 108, 254, 254, 231, 255, 255, 255, 165,
       165, 127, 235, 255, 127, 123, 239, 190, 223, 108, 111, 215, 11,
       234, 106, 147, 118, 157, 251, 20, 125, 77, 87, 215, 173, 138, 214,
       236, 118, 171, 23, 223, 150, 156, 228, 245, 86, 125, 186, 192, 47,
       135, 251, 221, 151, 20, 123, 255, 22, 230, 187, 112, 28, 71, 79,
       150, 117, 255, 58, 104, 127, 187, 19, 191, 177, 148, 60, 239, 215,
       174, 154, 64, 189, 203, 53, 240, 25, 205, 106, 238, 22, 134, 111,
       244, 117, 128, 254, 130, 115, 227, 48, 96, 124, 238, 22, 234, 233,
       187, 60, 175, 115, 239, 166, 0, 55, 226, 112, 40, 25, 141, 107,
       223, 86, 146, 111, 247, 116, 192, 94, 230, 121, 226, 180, 228,
       119, 238, 22, 140, 225, 152, 45, 239, 118, 47, 162, 128, 47, 242,
       113, 237, 23, 231, 211, 143, 254, 2, 238, 248, 125, 224, 251, 226,
       223, 232, 157, 180, 126, 205, 126, 239, 249, 243, 205, 238, 188,
       190, 175, 132, 109, 243, 235, 165, 254, 174, 180, 158, 221, 182,
       208, 202, 219, 191, 241, 27, 72, 250, 47, 221, 249, 255, 235, 145,
       62, 111, 218, 250, 31, 118, 215, 127, 147, 125, 254, 6, 210, 165,
       190, 182, 157, 235, 214, 239, 191, 191, 186, 27, 238, 254, 46, 9,
       249, 255, 239, 161, 124, 203, 10, 255, 187, 150, 223, 63, 193,
       104, 173, 78, 48, 143, 42, 238, 21, 195, 199, 108, 85, 12, 249,
       98, 113, 250, 180, 96, 120, 232, 22, 234, 10, 187, 40, 255, 185,
       172, 167, 137, 117, 42, 240, 162, 134, 157, 254, 223, 247, 230,
       191, 231, 191, 223, 126, 51, 124, 254, 62, 107, 255, 123, 183,
       161, 180, 249, 59, 255, 127, 62, 223, 195, 149, 113, 165, 255, 52,
       167, 2, 234, 213, 135, 226, 248, 87, 137, 248, 110, 98, 233, 184,
       64, 120, 232, 6, 234, 26, 179, 8, 191, 123, 140, 167, 105, 249,
       43, 242, 130, 199, 189, 223, 227, 234, 13, 61, 255, 174, 250, 57,
       230, 157, 247, 193, 123, 39, 87, 127, 250, 211, 73, 191, 208, 252,
       136, 111, 172, 172, 242, 163, 185, 252, 182, 253, 122, 169, 125,
