%YAML:1.0
---
descriptors: !!opencv-matrix
   rows: 164
   cols: 32
   dt: u
   data: [ 2, 133, 16, 143, 213, 215, 182, 39, 29, 7, 75, 3, 236, 58, 38,
       196, 209, 27, 147, 3, 84, 152, 89, 221, 37, 54, 218, 67, 22, 78,
       189, 142, 10, 209, 122, 91, 87, 213, 180, 205, 127, 13, 119, 2,
       104, 216, 190, 100, 250, 25, 147, 153, 198, 184, 63, 213, 111, 93,
       150, 67, 87, 14, 253, 142, 213, 70, 239, 245, 44, 42, 77, 148,
       240, 250, 150, 246, 215, 43, 209, 107, 71, 228, 61, 189, 169, 212,
       229, 136, 198, 235, 239, 148, 172, 248, 112, 121, 244, 124, 152,
       116, 168, 110, 69, 158, 178, 190, 166, 8, 215, 183, 65, 91, 129,
       244, 109, 24, 40, 69, 241, 0, 217, 235, 117, 60, 160, 240, 70, 58,
       22, 94, 150, 177, 179, 182, 60, 135, 189, 31, 146, 183, 140, 14,
       15, 207, 231, 3, 221, 149, 182, 221, 1, 244, 168, 114, 222, 195,
       140, 84, 169, 95, 57, 13, 107, 101, 212, 238, 103, 55, 117, 232,
       126, 0, 115, 53, 144, 48, 121, 238, 52, 40, 41, 184, 113, 46, 111,
       239, 165, 0, 99, 200, 208, 106, 87, 219, 140, 182, 170, 16, 30,
       136, 178, 247, 153, 173, 197, 238, 219, 74, 151, 71, 237, 247,
       222, 67, 239, 50, 186, 71, 239, 189, 148, 247, 63, 85, 41, 93,
       115, 69, 116, 95, 231, 116, 117, 104, 250, 96, 243, 21, 149, 180,
       126, 252, 86, 106, 233, 176, 117, 47, 39, 236, 32, 128, 103, 186,
       66, 253, 132, 220, 190, 91, 244, 230, 191, 247, 92, 27, 125, 16,
       124, 115, 173, 109, 247, 114, 18, 10, 243, 252, 58, 127, 111, 62,
       118, 4, 211, 241, 225, 169, 27, 145, 234, 248, 164, 146, 253, 81,
       213, 79, 215, 182, 25, 223, 186, 96, 126, 168, 23, 140, 217, 151,
       36, 192, 210, 239, 186, 196, 63, 136, 240, 241, 9, 11, 21, 239,
       36, 143, 106, 48, 108, 8, 95, 100, 247, 67, 145, 117, 22, 36, 126,
       110, 193, 144, 73, 61, 132, 250, 97, 128, 10, 171, 65, 33, 52, 92,
       106, 254, 84, 198, 207, 112, 213, 206, 253, 2, 115, 249, 181, 96,
       88, 248, 22, 234, 200, 163, 126, 142, 115, 175, 162, 152, 53, 251,
       116, 160, 252, 231, 252, 96, 169, 123, 84, 191, 115, 191, 180,
       120, 75, 115, 203, 155, 17, 214, 236, 58, 56, 99, 203, 18, 251,
       223, 117, 245, 226, 241, 206, 35, 49, 31, 31, 46, 48, 206, 71,
       117, 228, 236, 254, 101, 119, 99, 162, 81, 124, 230, 78, 98, 233,
       185, 49, 46, 176, 165, 36, 128, 104, 42, 230, 123, 2, 169, 189,
       217, 221, 229, 245, 207, 222, 89, 72, 16, 188, 179, 96, 104, 201,
       43, 51, 152, 19, 122, 242, 241, 109, 30, 222, 107, 144, 72, 165,
       234, 212, 88, 126, 239, 46, 78, 95, 184, 32, 238, 246, 39, 119,
       119, 27, 83, 118, 245, 125, 234, 232, 197, 249, 44, 241, 235, 231,
       148, 36, 179, 100, 115, 168, 181, 99, 43, 125, 233, 163, 96, 158,
       97, 185, 249, 179, 205, 60, 144, 154, 186, 219, 113, 179, 43, 92,
       191, 125, 85, 10, 121, 79, 15, 223, 242, 181, 99, 250, 74, 228,
       217, 223, 216, 91, 92, 117, 12, 11, 203, 255, 60, 251, 136, 6,
       122, 206, 54, 42, 242, 122, 217, 5, 47, 247, 219, 230, 197, 186,
       153, 40, 184, 93, 213, 145, 99, 159, 12, 196, 19, 172, 159, 50,
       193, 200, 59, 147, 129, 114, 15, 82, 255, 251, 113, 138, 107, 18,
       12, 189, 250, 170, 181, 114, 193, 117, 255, 122, 118, 29, 109,
       124, 31, 40, 29, 54, 212, 252, 186, 151, 144, 62, 186, 112, 223,
       63, 93, 128, 227, 55, 141, 94, 223, 186, 28, 38, 189, 67, 246,
       189, 103, 149, 70, 198, 151, 40, 63, 50, 201, 238, 187, 147, 133,
       104, 159, 48, 203, 151, 115, 218, 131, 55, 84, 53, 250, 129, 159,
       79, 255, 102, 130, 175, 244, 156, 74, 82, 230, 245, 118, 180, 97,
       110, 103, 55, 239, 225, 156, 79, 61, 36, 170, 254, 128, 28, 250,
       49, 185, 131, 18, 103, 153, 117, 247, 185, 91, 223, 79, 213, 247,
       200, 220, 183, 109, 254, 41, 159, 165, 167, 165, 37, 223, 4, 62,
       186, 135, 95, 12, 121, 213, 27, 36, 170, 168, 85, 118, 201, 79,
       23, 199, 206, 19, 25, 141, 118, 172, 249, 141, 19, 157, 143, 151,
       53, 194, 83, 77, 154, 4, 143, 76, 248, 210, 159, 255, 230, 150,
       247, 240, 190, 231, 153, 211, 220, 247, 104, 254, 191, 175, 255,
       251, 151, 215, 245, 223, 174, 239, 58, 86, 222, 195, 143, 117,
       187, 223, 125, 69, 97, 102, 236, 83, 206, 248, 65, 232, 125, 74,
       91, 120, 223, 182, 94, 204, 52, 234, 205, 50, 236, 170, 62, 221,
       229, 172, 111, 255, 216, 197, 81, 135, 205, 229, 182, 34, 233, 59,
       102, 161, 155, 230, 89, 35, 216, 98, 119, 134, 63, 189, 145, 216,
       141, 192, 220, 172, 175, 132, 173, 226, 113, 33, 184, 176, 154,
       248, 67, 221, 112, 87, 55, 15, 100, 25, 62, 159, 98, 152, 191,
       187, 147, 16, 22, 190, 18, 83, 95, 207, 16, 107, 243, 0, 231, 219,
       247, 172, 172, 53, 140, 63, 204, 190, 146, 243, 134, 29, 243, 108,
       83, 43, 141, 102, 121, 157, 189, 205, 255, 42, 201, 99, 221, 20,
       136, 108, 24, 92, 87, 255, 168, 166, 184, 69, 31, 152, 18, 254,
       137, 141, 215, 238, 91, 82, 149, 69, 125, 247, 204, 67, 255, 50,
       233, 199, 239, 189, 148, 243, 151, 82, 14, 248, 176, 153, 221,
       213, 178, 202, 31, 49, 72, 3, 140, 218, 127, 140, 217, 73, 147,
       211, 22, 50, 90, 243, 13, 20, 143, 111, 147, 127, 185, 134, 45, 5,
       21, 103, 229, 14, 103, 48, 109, 170, 123, 64, 223, 49, 9, 183,
       144, 68, 70, 110, 225, 176, 89, 12, 231, 255, 101, 0, 74, 226, 66,
       161, 27, 151, 107, 165, 246, 16, 189, 247, 24, 123, 92, 247, 29,
       47, 182, 33, 111, 159, 151, 165, 241, 24, 164, 215, 118, 109, 250,
       228, 61, 196, 163, 249, 108, 255, 213, 96, 248, 63, 86, 191, 107,
       251, 186, 109, 78, 59, 197, 146, 135, 199, 236, 48, 221, 110, 201,
       250, 190, 223, 117, 247, 202, 246, 202, 23, 118, 81, 164, 164,
       139, 117, 158, 206, 139, 189, 152, 171, 72, 254, 111, 158, 221,
       215, 253, 241, 12, 67, 218, 192, 187, 214, 205, 191, 145, 127, 62,
       86, 104, 102, 8, 165, 40, 31, 68, 59, 36, 164, 174, 141, 131, 10,
       19, 80, 216, 133, 236, 36, 76, 186, 81, 12, 230, 215, 177, 53, 88,
       170, 74, 24, 70, 16, 146, 154, 203, 245, 182, 200, 142, 31, 137,
       1, 204, 254, 111, 222, 231, 83, 235, 211, 22, 3, 26, 240, 145, 22,
       91, 47, 146, 119, 45, 135, 67, 244, 183, 221, 95, 246, 185, 191,
       223, 251, 90, 114, 252, 254, 252, 110, 245, 127, 58, 153, 163,
       105, 187, 223, 45, 62, 223, 174, 147, 112, 37, 125, 27, 143, 78,
       254, 180, 162, 110, 243, 213, 8, 222, 98, 113, 235, 176, 96, 120,
       234, 63, 203, 187, 155, 6, 239, 250, 239, 170, 200, 63, 203, 248,
       9, 241, 172, 157, 117, 168, 110, 77, 55, 187, 243, 166, 24, 243,
       55, 80, 59, 135, 246, 124, 12, 57, 237, 243, 2, 195, 251, 117, 16,
       200, 240, 202, 24, 10, 220, 50, 155, 117, 215, 186, 238, 95, 77,
       92, 7, 172, 220, 54, 196, 255, 123, 147, 209, 134, 184, 122, 255,
       47, 86, 158, 195, 151, 31, 189, 223, 249, 4, 157, 245, 29, 110,
       85, 58, 114, 243, 166, 24, 119, 113, 1, 115, 217, 214, 120, 40,
       57, 203, 249, 13, 251, 235, 85, 21, 128, 104, 86, 42, 38, 177, 57,
       202, 253, 205, 211, 205, 203, 113, 169, 24, 150, 216, 108, 48,
       217, 27, 91, 17, 83, 43, 218, 215, 253, 156, 7, 127, 208, 10, 215,
       162, 228, 112, 94, 103, 42, 78, 127, 184, 173, 242, 167, 17, 87,
       87, 11, 91, 54, 212, 125, 234, 104, 197, 91, 109, 231, 171, 97, 5,
       99, 179, 238, 195, 206, 158, 182, 215, 163, 242, 188, 167, 191,
       191, 22, 181, 236, 174, 102, 207, 167, 119, 187, 145, 54, 221,
       187, 227, 175, 119, 95, 199, 134, 85, 173, 95, 10, 193, 144, 153,
       213, 245, 176, 142, 31, 53, 66, 3, 140, 190, 110, 204, 209, 27,
       179, 17, 22, 88, 83, 209, 15, 86, 158, 111, 146, 92, 157, 206,
       154, 12, 6, 157, 131, 240, 188, 71, 189, 7, 70, 147, 172, 191, 55,
       205, 233, 43, 147, 133, 52, 220, 0, 238, 135, 115, 218, 131, 150,
       84, 189, 206, 1, 22, 126, 253, 116, 231, 185, 119, 92, 111, 94,
       247, 209, 60, 182, 105, 239, 55, 55, 161, 177, 184, 117, 93, 69,
