%YAML:1.0
---
descriptors: !!opencv-matrix
   rows: 126
   cols: 32
   dt: u
   data: [ 2, 132, 34, 152, 87, 240, 184, 99, 157, 69, 91, 147, 44, 158,
       54, 196, 238, 59, 147, 129, 54, 155, 50, 215, 23, 116, 154, 203,
       23, 4, 165, 222, 49, 65, 107, 236, 86, 130, 203, 112, 196, 64,
       249, 198, 51, 137, 180, 96, 122, 168, 23, 239, 201, 179, 36, 157,
       208, 173, 162, 136, 125, 139, 112, 160, 214, 231, 198, 190, 187,
       18, 62, 236, 191, 150, 215, 183, 76, 239, 47, 95, 247, 215, 239,
       231, 116, 199, 143, 254, 186, 118, 207, 223, 183, 247, 173, 87,
       28, 79, 123, 119, 246, 202, 111, 244, 117, 134, 126, 2, 113, 247,
       177, 112, 122, 252, 6, 202, 96, 178, 40, 110, 119, 239, 167, 0,
       103, 243, 230, 226, 94, 93, 18, 174, 183, 150, 126, 228, 53, 136,
       218, 103, 111, 234, 41, 208, 242, 237, 191, 227, 76, 131, 26, 238,
       178, 247, 175, 139, 56, 55, 40, 7, 87, 95, 23, 142, 189, 134, 174,
       236, 172, 64, 219, 66, 236, 250, 37, 228, 246, 233, 62, 227, 77,
       131, 11, 255, 176, 54, 143, 138, 28, 63, 41, 5, 156, 221, 28, 170,
       156, 199, 95, 248, 20, 38, 219, 3, 215, 119, 40, 65, 121, 211, 63,
       227, 120, 45, 91, 191, 251, 199, 175, 84, 53, 171, 180, 18, 108,
       221, 115, 222, 102, 70, 111, 252, 23, 10, 255, 66, 121, 247, 184,
       245, 127, 254, 55, 234, 121, 18, 123, 255, 117, 174, 227, 140, 55,
       251, 228, 33, 221, 163, 89, 231, 178, 11, 123, 248, 55, 160, 243,
       236, 223, 75, 152, 48, 54, 253, 93, 254, 203, 176, 141, 31, 254,
       205, 39, 164, 110, 163, 163, 33, 207, 222, 103, 223, 251, 118,
       174, 250, 63, 202, 222, 246, 104, 247, 173, 245, 127, 255, 191,
       174, 225, 215, 255, 255, 63, 126, 143, 142, 31, 245, 37, 245, 17,
       223, 106, 79, 54, 130, 235, 244, 116, 8, 254, 230, 113, 65, 180,
       96, 126, 236, 22, 238, 201, 184, 45, 63, 126, 47, 167, 192, 125,
       139, 120, 169, 33, 5, 81, 77, 86, 27, 234, 113, 125, 96, 255, 78,
       91, 8, 156, 164, 122, 140, 22, 173, 205, 178, 101, 206, 54, 60,
       162, 128, 111, 142, 218, 140, 2, 138, 10, 157, 50, 129, 56, 198,
       62, 5, 66, 183, 172, 195, 34, 64, 231, 43, 147, 149, 38, 156, 2,
       255, 44, 54, 154, 203, 152, 4, 41, 219, 10, 156, 59, 251, 55, 231,
       187, 198, 31, 77, 95, 51, 188, 223, 40, 96, 247, 59, 147, 145, 51,
       156, 56, 255, 207, 247, 154, 195, 146, 11, 165, 251, 156, 93, 31,
       238, 19, 194, 55, 96, 180, 130, 235, 32, 126, 247, 41, 81, 114,
       121, 9, 98, 97, 135, 58, 111, 241, 231, 71, 11, 48, 51, 39, 50,
       32, 160, 88, 88, 77, 201, 225, 70, 214, 57, 228, 24, 50, 153, 68,
       56, 200, 186, 66, 16, 27, 62, 114, 17, 87, 141, 16, 123, 217, 8,
       214, 170, 220, 125, 190, 166, 155, 66, 22, 255, 186, 242, 142,
       171, 95, 255, 65, 66, 183, 215, 253, 243, 105, 65, 155, 234, 251,
       199, 111, 191, 172, 115, 173, 27, 12, 223, 83, 107, 179, 139, 51,
       223, 46, 13, 121, 229, 239, 199, 160, 144, 126, 59, 198, 16, 18,
       184, 105, 61, 236, 197, 39, 64, 250, 130, 167, 185, 193, 193, 199,
       205, 76, 13, 236, 93, 238, 56, 242, 66, 155, 129, 116, 230, 104,
       36, 122, 72, 193, 177, 211, 145, 5, 248, 226, 12, 88, 186, 209,
       168, 49, 221, 82, 78, 244, 151, 238, 253, 117, 64, 120, 102, 113,
       250, 190, 228, 126, 234, 22, 238, 215, 186, 28, 255, 62, 172, 167,
       64, 127, 154, 234, 156, 158, 114, 158, 188, 171, 97, 149, 79, 191,
       159, 176, 57, 78, 255, 104, 27, 239, 243, 239, 129, 56, 103, 162,
       192, 251, 211, 95, 187, 192, 116, 167, 115, 183, 95, 255, 231,
       230, 42, 95, 247, 89, 198, 124, 239, 63, 45, 151, 27, 46, 247, 21,
       231, 233, 242, 36, 234, 226, 218, 101, 130, 109, 250, 226, 249,
       212, 85, 95, 236, 18, 66, 63, 104, 53, 130, 234, 162, 95, 247,
       169, 113, 114, 245, 189, 226, 105, 135, 33, 78, 241, 166, 103,
       141, 33, 243, 38, 115, 171, 28, 103, 221, 253, 247, 173, 127, 31,
       234, 90, 246, 216, 246, 181, 237, 127, 127, 191, 172, 177, 222,
       245, 223, 55, 62, 223, 134, 151, 252, 245, 253, 178, 71, 110, 172,
       22, 3, 79, 125, 20, 166, 219, 167, 65, 239, 51, 65, 126, 141, 31,
       167, 236, 151, 5, 142, 240, 231, 170, 133, 53, 254, 52, 72, 38,
       77, 19, 157, 220, 195, 175, 236, 158, 160, 200, 2, 244, 245, 61,
       4, 120, 120, 27, 235, 65, 179, 58, 255, 53, 22, 143, 44, 85, 58,
       181, 232, 21, 189, 183, 251, 157, 237, 225, 239, 255, 25, 187, 16,
       254, 249, 92, 34, 233, 199, 126, 153, 59, 235, 219, 229, 217, 250,
       87, 90, 201, 74, 243, 186, 34, 173, 122, 92, 221, 197, 247, 231,
       251, 132, 232, 9, 48, 252, 54, 16, 201, 251, 83, 193, 80, 43, 114,
       255, 127, 28, 135, 41, 81, 106, 246, 202, 15, 244, 232, 67, 234,
       53, 191, 156, 58, 91, 29, 231, 221, 127, 223, 168, 55, 91, 181,
       255, 130, 64, 191, 241, 110, 79, 239, 236, 191, 247, 171, 241, 85,
       235, 89, 229, 48, 11, 110, 184, 101, 168, 243, 236, 215, 67, 144,
       112, 126, 236, 95, 238, 201, 182, 73, 29, 236, 248, 165, 132, 108,
       163, 98, 49, 1, 83, 93, 109, 100, 15, 107, 184, 109, 168, 122,
       108, 215, 83, 137, 48, 54, 212, 86, 110, 193, 176, 73, 12, 196,
       172, 33, 132, 72, 187, 66, 177, 120, 48, 186, 244, 139, 228, 81,
       71, 163, 183, 164, 24, 30, 183, 66, 91, 161, 183, 233, 144, 26,
       79, 242, 0, 219, 227, 82, 59, 160, 64, 175, 106, 122, 171, 182,
       184, 235, 221, 16, 199, 175, 21, 132, 185, 172, 175, 102, 159,
       167, 179, 235, 17, 22, 75, 130, 241, 155, 209, 94, 123, 146, 4,
       143, 79, 36, 33, 23, 235, 125, 141, 225, 121, 237, 152, 235, 64,
       246, 209, 52, 102, 200, 32, 106, 56, 19, 33, 91, 221, 45, 184, 3,
       24, 80, 42, 112, 160, 179, 207, 102, 143, 118, 147, 238, 252, 84,
       200, 218, 231, 97, 72, 182, 196, 126, 232, 23, 239, 236, 179, 77,
       191, 56, 108, 175, 128, 127, 190, 120, 221, 133, 161, 253, 255,
       124, 47, 233, 121, 126, 224, 247, 70, 223, 235, 153, 105, 127,
       205, 126, 172, 169, 242, 255, 221, 221, 251, 227, 68, 236, 160,
       99, 160, 110, 174, 172, 159, 168, 123, 60, 143, 191, 191, 157,
       185, 204, 238, 207, 219, 199, 127, 255, 17, 52, 89, 203, 242, 238,
       243, 255, 247, 150, 244, 143, 209, 122, 142, 229, 191, 188, 154,
       239, 175, 30, 103, 210, 183, 233, 108, 150, 194, 75, 231, 253,
       133, 188, 248, 231, 191, 238, 111, 254, 209, 165, 172, 212, 94,
       118, 253, 250, 222, 235, 123, 182, 238, 255, 206, 252, 43, 78,
       252, 111, 48, 187, 223, 239, 67, 86, 107, 170, 251, 251, 247, 87,
       63, 197, 123, 239, 199, 96, 37, 83, 65, 116, 203, 65, 3, 97, 33,
       110, 8, 50, 17, 0, 52, 24, 158, 64, 24, 26, 186, 208, 13, 103,
       188, 0, 112, 98, 136, 66, 170, 222, 125, 209, 230, 155, 82, 30,
       188, 51, 226, 142, 171, 95, 127, 65, 178, 55, 245, 253, 243, 109,
       71, 137, 174, 251, 199, 45, 189, 39, 247, 45, 91, 197, 86, 255,
       69, 52, 30, 111, 56, 125, 202, 119, 100, 215, 112, 155, 113, 22,
       68, 124, 110, 229, 180, 237, 14, 230, 255, 99, 132, 76, 179, 67,
       53, 1, 143, 109, 229, 52, 10, 111, 186, 126, 226, 250, 228, 223,
       35, 144, 112, 119, 239, 126, 172, 185, 152, 101, 94, 236, 255,
       163, 196, 108, 160, 97, 177, 164, 116, 252, 99, 172, 111, 95, 152,
       82, 254, 189, 12, 211, 125, 219, 59, 93, 220, 95, 122, 232, 118,
       249, 26, 239, 203, 229, 244, 245, 251, 86, 115, 2, 240, 253, 249,
       111, 205, 249, 204, 175, 122, 176, 11, 190, 223, 93, 42, 239, 217,
       127, 145, 66, 103, 251, 209, 221, 219, 95, 63, 69, 28, 103, 235,
       188, 72, 103, 238, 20, 7, 79, 120, 132, 132, 215, 198, 115, 199,
       177, 68, 120, 224, 31, 238, 201, 167, 61, 172, 241, 235, 163, 144,
       55, 187, 116, 112, 130, 200, 187, 251, 213, 197, 185, 199, 30, 83,
       68, 18, 188, 223, 97, 104, 217, 59, 147, 145, 99, 156, 58, 243,
       79, 151, 158, 107, 144, 8, 181, 250, 170, 168, 170, 189, 71, 197,
       185, 67, 30, 71, 84, 19, 172, 156, 118, 8, 249, 59, 147, 145, 70,
