%YAML:1.0
---
descriptors: !!opencv-matrix
   rows: 156
   cols: 32
   dt: u
   data: [ 97, 57, 233, 101, 244, 75, 107, 31, 115, 225, 124, 204, 147,
       189, 209, 48, 26, 254, 22, 120, 155, 186, 244, 10, 108, 141, 165,
       160, 237, 170, 210, 184, 9, 77, 83, 71, 116, 154, 110, 52, 109,
       128, 123, 64, 255, 99, 148, 244, 54, 108, 6, 110, 193, 176, 37,
       110, 38, 188, 36, 0, 78, 178, 67, 173, 65, 143, 27, 255, 48, 128,
       111, 181, 44, 4, 79, 32, 255, 99, 136, 80, 118, 103, 44, 78, 64,
       152, 169, 127, 228, 191, 42, 0, 16, 131, 161, 41, 241, 166, 108,
       85, 52, 27, 100, 55, 97, 166, 182, 188, 163, 40, 150, 55, 74, 230,
       108, 44, 252, 252, 229, 12, 166, 250, 209, 17, 103, 168, 90, 76,
       235, 148, 164, 251, 125, 45, 216, 175, 27, 59, 177, 57, 236, 121,
       28, 153, 221, 147, 119, 5, 178, 110, 75, 215, 15, 30, 250, 254,
       84, 76, 218, 11, 80, 135, 76, 171, 148, 202, 97, 63, 116, 5, 207,
       17, 243, 35, 10, 64, 113, 134, 44, 168, 58, 184, 117, 31, 237,
       167, 178, 65, 176, 130, 229, 106, 99, 156, 167, 158, 221, 244,
       222, 103, 153, 79, 232, 29, 56, 252, 54, 120, 201, 179, 251, 133,
       191, 175, 114, 239, 127, 62, 158, 91, 217, 76, 244, 94, 1, 178,
       245, 87, 108, 189, 233, 48, 111, 123, 117, 212, 187, 136, 212,
       167, 111, 40, 118, 28, 145, 252, 255, 224, 14, 216, 114, 232, 78,
       137, 67, 189, 83, 140, 238, 216, 213, 214, 254, 239, 239, 69, 238,
       7, 104, 238, 62, 116, 249, 227, 155, 157, 159, 139, 52, 255, 59,
       62, 158, 75, 155, 84, 248, 94, 98, 185, 176, 232, 255, 245, 154,
       207, 11, 109, 184, 47, 140, 190, 86, 132, 223, 147, 255, 149, 150,
       11, 210, 243, 27, 92, 158, 251, 157, 78, 139, 223, 84, 173, 140,
       183, 146, 43, 39, 168, 62, 162, 202, 136, 215, 98, 9, 208, 51,
       239, 104, 99, 120, 208, 205, 62, 172, 167, 79, 84, 160, 123, 9, 0,
       51, 157, 107, 235, 244, 215, 235, 119, 84, 73, 254, 70, 49, 152,
       180, 32, 120, 186, 23, 185, 187, 186, 53, 255, 127, 13, 170, 192,
       125, 138, 240, 249, 98, 190, 148, 186, 173, 189, 20, 135, 143, 63,
       136, 125, 174, 184, 96, 155, 197, 179, 238, 17, 30, 75, 218, 177,
       155, 215, 92, 123, 152, 92, 158, 31, 222, 54, 158, 48, 171, 60,
       24, 19, 186, 183, 163, 221, 143, 238, 75, 155, 167, 151, 237, 22,
       190, 71, 146, 66, 147, 243, 91, 191, 200, 117, 143, 19, 195, 190,
       149, 157, 170, 45, 173, 191, 190, 123, 2, 253, 212, 102, 222, 79,
       135, 71, 120, 5, 247, 76, 255, 83, 140, 50, 95, 254, 152, 64, 129,
       125, 79, 176, 228, 101, 50, 22, 123, 56, 103, 232, 87, 231, 249,
       95, 158, 230, 54, 93, 253, 255, 197, 208, 173, 204, 78, 251, 235,
       132, 47, 167, 121, 245, 104, 117, 88, 101, 48, 79, 87, 56, 33,
       232, 254, 41, 223, 63, 2, 16, 144, 212, 221, 98, 73, 176, 209, 14,
       231, 255, 36, 17, 104, 186, 78, 19, 62, 12, 114, 238, 247, 31,
       222, 252, 93, 170, 254, 10, 79, 121, 55, 197, 255, 245, 151, 235,
       248, 179, 61, 238, 251, 255, 207, 144, 119, 255, 120, 131, 175,
       181, 246, 248, 253, 245, 152, 123, 219, 254, 156, 189, 44, 253,
       247, 167, 159, 59, 255, 53, 182, 107, 186, 223, 27, 95, 79, 255,
       158, 108, 11, 223, 57, 141, 107, 255, 244, 167, 239, 247, 85, 75,
       222, 198, 113, 235, 176, 96, 127, 234, 22, 140, 187, 187, 109,
       255, 254, 239, 166, 192, 191, 218, 240, 185, 117, 112, 60, 170,
       41, 79, 83, 200, 63, 252, 161, 13, 223, 127, 75, 18, 153, 213,
       125, 99, 46, 99, 219, 29, 217, 215, 69, 63, 80, 55, 7, 67, 216, 0,
       157, 247, 9, 108, 85, 3, 191, 179, 135, 24, 247, 119, 73, 207, 1,
       246, 249, 138, 41, 69, 219, 160, 199, 243, 222, 16, 130, 113, 129,
       58, 61, 93, 107, 222, 180, 135, 207, 244, 213, 200, 223, 34, 115,
       245, 181, 100, 124, 250, 30, 234, 233, 171, 44, 175, 115, 175,
       166, 136, 55, 187, 112, 249, 95, 222, 255, 247, 230, 106, 239,
       254, 127, 250, 190, 246, 223, 127, 149, 107, 127, 247, 127, 175,
       233, 249, 109, 254, 254, 255, 255, 148, 175, 249, 225, 113, 124,
       250, 188, 234, 169, 100, 95, 218, 163, 254, 156, 45, 95, 255, 67,
       90, 197, 213, 253, 242, 142, 67, 250, 176, 251, 195, 239, 255,
       176, 115, 46, 83, 96, 185, 189, 249, 44, 205, 83, 184, 238, 249,
       56, 108, 182, 213, 192, 50, 132, 112, 125, 88, 131, 40, 251, 53,
       205, 189, 37, 250, 72, 10, 71, 59, 196, 187, 189, 243, 162, 204,
       57, 149, 170, 121, 55, 124, 191, 159, 192, 114, 167, 87, 125, 80,
       147, 88, 171, 113, 207, 217, 55, 230, 200, 130, 135, 123, 109,
       103, 140, 37, 176, 26, 70, 188, 116, 170, 238, 104, 211, 99, 139,
       246, 80, 196, 236, 106, 105, 208, 225, 14, 236, 247, 101, 20, 106,
       242, 74, 0, 252, 245, 236, 118, 139, 116, 87, 188, 115, 246, 173,
       15, 75, 124, 95, 59, 177, 214, 237, 99, 236, 103, 255, 170, 123,
       99, 69, 63, 227, 119, 222, 86, 26, 154, 63, 251, 10, 247, 184,
       236, 206, 49, 241, 82, 233, 204, 60, 169, 237, 19, 234, 179, 151,
       237, 63, 253, 155, 207, 219, 85, 81, 11, 173, 164, 161, 86, 125,
       69, 116, 15, 239, 52, 117, 232, 118, 236, 147, 7, 148, 53, 94,
       156, 86, 110, 233, 188, 101, 14, 100, 154, 33, 132, 102, 184, 66,
       185, 209, 94, 111, 237, 6, 42, 111, 122, 116, 34, 210, 230, 115,
       35, 177, 67, 126, 228, 62, 174, 233, 189, 5, 15, 240, 171, 226,
       128, 61, 248, 112, 57, 78, 169, 105, 218, 250, 248, 187, 168, 191,
       196, 93, 168, 253, 246, 223, 124, 55, 123, 255, 211, 147, 2, 238,
       247, 92, 22, 43, 235, 150, 231, 7, 245, 134, 221, 244, 187, 255,
       236, 254, 167, 191, 95, 121, 51, 236, 254, 94, 65, 239, 251, 183,
       147, 114, 124, 74, 247, 45, 223, 223, 207, 149, 95, 245, 219, 27,
       167, 240, 155, 191, 249, 112, 207, 95, 117, 93, 179, 14, 236, 238,
       196, 51, 10, 166, 28, 22, 56, 46, 243, 254, 221, 21, 103, 182,
       206, 141, 207, 245, 101, 173, 110, 140, 70, 71, 200, 114, 242,
       161, 88, 83, 120, 89, 123, 209, 196, 124, 115, 232, 103, 251, 42,
       249, 170, 101, 60, 160, 241, 118, 34, 196, 4, 157, 247, 137, 109,
       38, 141, 158, 179, 143, 25, 214, 247, 73, 11, 129, 86, 105, 18,
       56, 69, 219, 34, 205, 150, 85, 21, 128, 123, 133, 34, 43, 126,
       247, 95, 105, 223, 190, 80, 149, 238, 86, 228, 249, 252, 149, 174,
       142, 125, 247, 78, 133, 215, 245, 170, 39, 127, 105, 130, 79, 255,
       38, 253, 189, 117, 121, 103, 116, 79, 111, 56, 112, 236, 247, 40,
       211, 85, 217, 49, 30, 220, 86, 106, 233, 246, 253, 30, 111, 137,
       37, 180, 103, 187, 70, 241, 165, 105, 97, 71, 116, 91, 231, 48,
       121, 224, 102, 200, 211, 85, 149, 53, 26, 236, 66, 106, 233, 240,
       117, 46, 44, 152, 5, 48, 103, 187, 86, 236, 50, 167, 112, 90, 217,
       213, 152, 239, 187, 21, 184, 25, 42, 142, 110, 148, 205, 155, 199,
       144, 30, 43, 194, 247, 59, 212, 30, 123, 211, 4, 239, 142, 92,
       197, 108, 235, 148, 43, 99, 188, 54, 21, 255, 181, 211, 103, 138,
       80, 115, 134, 46, 248, 26, 144, 109, 55, 236, 167, 162, 68, 180,
       131, 196, 98, 46, 177, 245, 217, 175, 249, 80, 207, 79, 117, 44,
       43, 10, 252, 110, 44, 131, 26, 187, 17, 22, 104, 123, 209, 79, 94,
       85, 127, 214, 76, 212, 214, 58, 173, 16, 186, 157, 205, 212, 231,
       143, 49, 168, 9, 174, 184, 100, 149, 137, 187, 203, 17, 94, 43,
       90, 245, 187, 208, 21, 127, 82, 12, 198, 142, 117, 87, 105, 231,
       116, 59, 207, 184, 65, 234, 251, 238, 115, 109, 153, 162, 94, 196,
       84, 111, 233, 178, 237, 46, 126, 175, 165, 180, 109, 251, 82, 113,
       220, 88, 111, 253, 36, 78, 95, 48, 244, 206, 214, 2, 243, 55, 19,
       107, 96, 244, 125, 234, 232, 197, 113, 40, 241, 235, 226, 144, 36,
       249, 116, 123, 124, 229, 185, 167, 153, 79, 95, 168, 99, 164, 170,
       9, 255, 127, 64, 18, 145, 213, 125, 114, 76, 66, 217, 8, 251, 217,
       5, 60, 34, 50, 6, 98, 229, 20, 189, 117, 172, 47, 117, 158, 206,
       251, 182, 92, 215, 61, 81, 123, 133, 102, 126, 28, 185, 244, 251,
