%YAML:1.0
---
descriptors: !!opencv-matrix
   rows: 337
   cols: 32
   dt: u
   data: [ 213, 235, 74, 232, 116, 159, 110, 248, 101, 136, 212, 104,
       243, 67, 152, 117, 126, 236, 94, 238, 233, 151, 40, 253, 182, 248,
       163, 160, 46, 130, 122, 33, 237, 234, 87, 71, 116, 138, 99, 188,
       126, 168, 243, 100, 251, 66, 156, 240, 208, 236, 110, 126, 205,
       244, 237, 46, 108, 249, 167, 196, 10, 178, 112, 9, 21, 155, 223,
       237, 178, 43, 111, 254, 52, 232, 122, 230, 221, 103, 145, 228,
       118, 127, 63, 236, 145, 208, 5, 125, 172, 239, 111, 132, 173, 243,
       161, 177, 181, 207, 207, 239, 180, 2, 79, 188, 85, 192, 250, 198,
       243, 97, 185, 100, 95, 238, 60, 238, 249, 178, 109, 46, 232, 239,
       167, 148, 173, 251, 240, 48, 225, 180, 253, 81, 104, 47, 249, 59,
       251, 243, 182, 24, 254, 183, 68, 63, 167, 158, 126, 28, 179, 125,
       243, 83, 95, 191, 85, 118, 202, 192, 66, 171, 60, 227, 216, 43,
       52, 137, 115, 220, 43, 5, 109, 137, 151, 201, 91, 16, 26, 72, 68,
       92, 26, 184, 201, 50, 238, 221, 37, 109, 200, 131, 74, 194, 188,
       20, 30, 104, 41, 255, 82, 104, 191, 8, 161, 24, 95, 222, 44, 49,
       216, 177, 204, 98, 45, 35, 122, 28, 211, 219, 65, 63, 80, 34, 110,
       6, 220, 160, 28, 250, 41, 172, 89, 26, 187, 31, 53, 29, 31, 195,
       74, 91, 167, 153, 237, 28, 58, 71, 154, 49, 219, 217, 112, 253,
       218, 129, 11, 19, 56, 183, 26, 252, 189, 173, 80, 119, 233, 13,
       248, 93, 174, 185, 4, 24, 141, 178, 204, 0, 26, 107, 210, 151,
       211, 223, 16, 123, 202, 200, 206, 27, 248, 85, 22, 108, 29, 134,
       82, 120, 197, 136, 234, 68, 83, 115, 41, 208, 216, 180, 204, 98,
       108, 131, 17, 30, 243, 239, 128, 82, 58, 59, 120, 2, 96, 59, 16,
       252, 237, 141, 84, 119, 207, 169, 184, 77, 162, 169, 68, 144, 200,
       190, 206, 0, 88, 43, 80, 154, 182, 212, 21, 59, 88, 72, 222, 27,
       162, 140, 230, 220, 223, 243, 254, 231, 159, 135, 204, 19, 40,
       234, 52, 197, 105, 251, 147, 129, 118, 207, 82, 255, 63, 54, 159,
       43, 147, 124, 188, 174, 32, 127, 64, 232, 237, 3, 198, 222, 87,
       168, 248, 108, 130, 153, 53, 144, 216, 232, 6, 240, 72, 43, 67,
       158, 118, 252, 134, 63, 91, 56, 126, 139, 63, 71, 90, 142, 223,
       23, 239, 252, 101, 132, 253, 15, 73, 107, 191, 84, 126, 237, 23,
       238, 204, 178, 93, 238, 118, 93, 135, 140, 111, 183, 234, 196,
       172, 236, 21, 91, 147, 91, 150, 172, 125, 114, 111, 24, 222, 116,
       13, 181, 145, 82, 106, 106, 97, 228, 121, 63, 167, 219, 69, 23,
       66, 123, 199, 38, 2, 141, 14, 159, 125, 197, 167, 230, 158, 9, 88,
       2, 160, 248, 38, 64, 201, 107, 19, 193, 98, 170, 66, 255, 37, 22,
       158, 11, 16, 25, 181, 142, 6, 236, 254, 255, 253, 251, 254, 238,
       255, 51, 240, 17, 236, 250, 124, 75, 187, 127, 255, 3, 54, 105,
       154, 247, 175, 254, 95, 47, 148, 121, 207, 134, 32, 42, 104, 45,
       124, 171, 208, 79, 94, 47, 120, 57, 162, 136, 150, 16, 137, 42,
       198, 1, 158, 190, 199, 31, 68, 22, 48, 59, 85, 12, 222, 207, 54,
       117, 122, 206, 252, 99, 119, 236, 61, 174, 249, 35, 90, 127, 47,
       80, 251, 223, 95, 226, 104, 163, 89, 238, 247, 158, 135, 159, 1,
       115, 230, 131, 176, 190, 222, 112, 170, 169, 81, 87, 178, 31, 180,
       189, 55, 163, 130, 27, 47, 179, 109, 16, 58, 111, 130, 35, 218,
       131, 112, 249, 225, 192, 206, 155, 56, 156, 28, 255, 152, 239, 83,
       183, 214, 9, 236, 64, 247, 115, 32, 112, 209, 50, 12, 8, 58, 169,
       89, 63, 227, 239, 32, 88, 186, 202, 200, 59, 128, 158, 184, 223,
       255, 169, 183, 207, 94, 31, 116, 50, 172, 237, 165, 76, 255, 123,
       134, 0, 34, 124, 42, 255, 69, 150, 54, 139, 146, 89, 5, 171, 100,
       69, 122, 101, 84, 75, 103, 168, 100, 132, 239, 8, 211, 67, 9, 112,
       50, 220, 72, 106, 72, 176, 121, 14, 231, 173, 5, 21, 112, 187, 70,
       34, 173, 121, 57, 69, 125, 95, 215, 176, 111, 104, 62, 8, 254,
       116, 5, 180, 152, 124, 196, 106, 65, 176, 121, 62, 103, 221, 33,
       51, 66, 58, 79, 175, 19, 109, 119, 191, 158, 71, 175, 228, 125,
       106, 250, 194, 253, 110, 149, 36, 126, 255, 126, 235, 237, 179,
       205, 255, 181, 190, 239, 128, 101, 243, 235, 173, 118, 188, 190,
       178, 233, 232, 88, 207, 171, 255, 176, 57, 174, 255, 71, 27, 135,
       247, 253, 17, 30, 79, 202, 225, 219, 247, 95, 251, 130, 68, 143,
       91, 31, 69, 19, 207, 221, 95, 238, 248, 13, 168, 219, 74, 206,
       241, 61, 228, 120, 220, 254, 107, 73, 177, 121, 254, 181, 252,
       143, 54, 18, 127, 213, 36, 125, 69, 20, 207, 221, 95, 78, 236,
       109, 232, 223, 74, 203, 114, 157, 244, 248, 212, 254, 234, 205,
       147, 205, 236, 183, 255, 143, 54, 26, 191, 216, 132, 182, 119, 82,
       174, 253, 55, 254, 232, 63, 206, 249, 143, 79, 238, 63, 212, 255,
       197, 255, 231, 108, 163, 219, 254, 179, 247, 143, 159, 95, 127,
       239, 215, 31, 122, 235, 135, 198, 114, 239, 80, 49, 230, 215, 167,
       89, 110, 215, 47, 126, 237, 181, 239, 173, 212, 189, 202, 86, 79,
       239, 129, 175, 247, 126, 244, 249, 52, 50, 172, 45, 79, 213, 73,
       255, 106, 160, 8, 222, 248, 43, 61, 152, 145, 206, 35, 45, 39,
       210, 218, 209, 178, 67, 58, 90, 108, 67, 14, 137, 4, 87, 125, 52,
       174, 97, 51, 116, 11, 115, 80, 243, 39, 128, 229, 102, 62, 46,
       168, 177, 188, 101, 14, 196, 175, 114, 0, 96, 128, 97, 169, 157,
       117, 25, 227, 180, 74, 127, 188, 61, 104, 127, 36, 223, 91, 152,
       209, 214, 93, 93, 111, 233, 144, 201, 188, 230, 217, 47, 132, 14,
       179, 137, 49, 101, 106, 91, 101, 118, 26, 106, 184, 125, 168, 118,
       228, 227, 67, 145, 244, 86, 236, 102, 110, 193, 180, 197, 15, 182,
       253, 35, 132, 110, 179, 90, 165, 209, 182, 158, 188, 170, 173, 21,
       119, 186, 95, 160, 189, 191, 166, 130, 27, 167, 179, 236, 5, 63,
       75, 18, 23, 248, 195, 127, 154, 136, 80, 139, 91, 162, 141, 14,
       157, 223, 163, 164, 231, 156, 150, 66, 19, 32, 168, 52, 73, 233,
       107, 35, 129, 112, 223, 18, 239, 45, 50, 222, 3, 17, 88, 244, 142,
       2, 77, 19, 158, 85, 198, 46, 99, 189, 0, 74, 3, 172, 227, 33, 196,
       232, 123, 51, 192, 99, 155, 18, 239, 165, 54, 158, 2, 16, 81, 37,
       168, 134, 77, 22, 221, 211, 150, 190, 99, 253, 128, 106, 66, 172,
       242, 37, 229, 234, 123, 162, 194, 101, 217, 18, 238, 181, 246,
       142, 3, 2, 112, 169, 142, 41, 185, 59, 69, 117, 95, 119, 242, 125,
       108, 118, 40, 190, 52, 134, 180, 182, 124, 198, 98, 197, 184, 113,
       63, 103, 221, 33, 51, 74, 32, 79, 255, 56, 180, 178, 250, 253,
       173, 80, 87, 251, 29, 253, 29, 46, 249, 40, 152, 173, 186, 198,
       24, 26, 43, 18, 147, 219, 255, 16, 123, 218, 200, 202, 155, 60,
       80, 52, 120, 105, 223, 83, 72, 239, 234, 161, 8, 79, 217, 34, 181,
       152, 177, 236, 98, 9, 39, 90, 156, 211, 211, 65, 59, 123, 47, 70,
       6, 29, 199, 103, 173, 246, 130, 111, 249, 86, 192, 217, 230, 81,
       227, 185, 224, 127, 236, 23, 239, 251, 147, 13, 159, 184, 238,
       175, 196, 191, 186, 176, 129, 96, 176, 255, 85, 108, 237, 249, 91,
       251, 249, 178, 24, 158, 147, 68, 59, 163, 149, 126, 24, 51, 127,
       243, 81, 95, 186, 83, 124, 192, 128, 67, 163, 37, 229, 17, 131,
       220, 107, 166, 173, 94, 113, 41, 24, 213, 112, 72, 164, 19, 74,
       74, 122, 83, 48, 93, 53, 44, 6, 23, 116, 220, 91, 201, 160, 114,
       168, 149, 190, 139, 233, 16, 207, 159, 19, 168, 120, 238, 240, 76,
       158, 129, 51, 236, 17, 63, 107, 202, 51, 153, 214, 93, 122, 208,
       76, 131, 14, 108, 97, 120, 103, 5, 91, 86, 168, 97, 164, 239, 8,
       203, 9, 25, 148, 88, 212, 192, 106, 72, 178, 201, 140, 231, 249,
       5, 21, 103, 187, 94, 2, 248, 156, 23, 252, 137, 98, 84, 167, 149,
       26, 162, 57, 66, 191, 32, 211, 193, 247, 236, 32, 121, 79, 83,
       143, 179, 242, 84, 27, 18, 120, 236, 26, 167, 122, 133, 161, 236,
       47, 70, 150, 43, 242, 34, 205, 135, 4, 67, 158, 141, 68, 68, 119,
       173, 116, 217, 40, 140, 210, 77, 54, 200, 125, 90, 220, 120, 163,
