%YAML:1.0
---
descriptors: !!opencv-matrix
   rows: 460
   cols: 32
   dt: u
   data: [ 245, 199, 215, 151, 214, 14, 175, 252, 120, 162, 250, 206,
       115, 96, 57, 129, 63, 247, 102, 99, 249, 241, 13, 47, 60, 38, 101,
       20, 205, 122, 219, 160, 249, 113, 186, 246, 233, 28, 85, 84, 235,
       222, 164, 29, 191, 187, 66, 27, 164, 255, 253, 70, 200, 111, 178,
       160, 211, 249, 84, 59, 106, 116, 78, 251, 187, 236, 230, 247, 181,
       62, 126, 254, 21, 162, 247, 146, 107, 61, 148, 101, 127, 214, 63,
       175, 236, 252, 93, 174, 191, 255, 215, 215, 39, 252, 248, 14, 33,
       169, 16, 216, 221, 141, 176, 239, 207, 49, 168, 24, 174, 152, 100,
       36, 137, 19, 106, 16, 86, 43, 90, 245, 157, 152, 19, 126, 80, 8,
       195, 142, 77, 167, 112, 235, 180, 158, 111, 189, 47, 76, 127, 196,
       223, 67, 154, 212, 118, 142, 93, 126, 219, 152, 121, 223, 238,
       253, 39, 196, 62, 134, 192, 113, 24, 223, 94, 173, 50, 130, 188,
       119, 148, 13, 90, 231, 109, 39, 162, 65, 102, 55, 175, 133, 224,
       153, 5, 223, 116, 167, 254, 129, 53, 200, 173, 137, 140, 121, 145,
       229, 113, 15, 103, 178, 41, 168, 98, 76, 159, 19, 1, 148, 132, 69,
       76, 104, 65, 184, 209, 42, 229, 220, 37, 20, 66, 177, 67, 35, 37,
       113, 104, 11, 124, 27, 146, 232, 83, 224, 253, 173, 99, 200, 223,
       180, 88, 200, 134, 103, 206, 50, 207, 59, 46, 93, 37, 191, 95,
       190, 90, 133, 121, 29, 81, 68, 212, 14, 71, 57, 113, 170, 238, 76,
       82, 49, 132, 244, 16, 228, 116, 110, 57, 178, 249, 14, 63, 174,
       37, 16, 235, 234, 210, 36, 166, 190, 151, 151, 237, 224, 180, 199,
       219, 159, 114, 117, 228, 248, 108, 143, 201, 103, 234, 17, 54,
       253, 138, 226, 12, 50, 95, 67, 201, 92, 253, 159, 209, 157, 63,
       244, 52, 207, 113, 54, 252, 200, 38, 0, 183, 183, 33, 97, 166, 55,
       124, 72, 241, 169, 48, 63, 233, 235, 98, 80, 32, 8, 5, 107, 56,
       187, 74, 107, 144, 13, 86, 253, 50, 136, 236, 237, 179, 211, 72,
       16, 124, 216, 213, 98, 90, 154, 216, 41, 235, 229, 37, 113, 105,
       170, 202, 10, 148, 85, 169, 167, 180, 70, 175, 184, 20, 238, 91,
       39, 213, 127, 41, 96, 243, 77, 63, 227, 232, 144, 121, 174, 233,
       143, 239, 132, 180, 123, 53, 243, 145, 203, 56, 45, 164, 141, 231,
       254, 108, 8, 112, 108, 51, 24, 147, 17, 32, 202, 70, 110, 199, 56,
       7, 61, 244, 168, 32, 48, 121, 24, 83, 137, 126, 119, 104, 6, 45,
       91, 95, 248, 65, 236, 189, 175, 67, 108, 223, 150, 92, 196, 205,
       110, 204, 35, 236, 168, 242, 89, 133, 189, 111, 255, 94, 84, 233,
       91, 24, 165, 36, 12, 120, 55, 41, 8, 126, 125, 159, 11, 18, 146,
       134, 5, 236, 13, 220, 56, 145, 2, 230, 253, 50, 149, 72, 160, 203,
       27, 173, 44, 133, 49, 173, 107, 68, 130, 187, 243, 34, 25, 150,
       57, 65, 187, 137, 70, 104, 20, 47, 117, 251, 32, 143, 219, 85, 55,
       194, 125, 86, 74, 97, 28, 101, 69, 112, 90, 235, 184, 121, 32, 98,
       196, 115, 52, 133, 247, 18, 84, 116, 110, 161, 240, 117, 46, 39,
       254, 96, 0, 75, 179, 66, 188, 73, 197, 247, 164, 146, 70, 109,
       183, 53, 245, 202, 129, 215, 55, 40, 118, 87, 214, 57, 60, 121,
       155, 53, 12, 249, 230, 86, 68, 162, 252, 164, 120, 8, 150, 151,
       252, 219, 233, 161, 103, 158, 7, 248, 56, 174, 247, 32, 128, 175,
       59, 234, 17, 50, 235, 130, 95, 93, 167, 114, 121, 208, 72, 135,
       169, 124, 36, 90, 106, 45, 237, 83, 64, 162, 139, 189, 25, 119,
       209, 74, 18, 153, 226, 108, 90, 10, 39, 218, 51, 211, 205, 33, 25,
       224, 195, 78, 2, 219, 142, 199, 151, 178, 18, 46, 53, 189, 211,
       67, 247, 109, 46, 146, 223, 39, 103, 251, 231, 181, 221, 13, 237,
       30, 34, 218, 192, 175, 167, 169, 93, 82, 182, 40, 171, 252, 169,
       184, 255, 122, 61, 25, 127, 141, 26, 90, 0, 179, 155, 95, 145,
       150, 24, 157, 87, 220, 71, 190, 237, 157, 6, 159, 131, 126, 113,
       232, 2, 205, 85, 222, 200, 135, 244, 181, 143, 74, 204, 95, 26,
       220, 209, 251, 247, 206, 99, 255, 144, 91, 89, 141, 191, 215, 255,
       94, 86, 15, 244, 108, 243, 165, 222, 253, 189, 127, 255, 87, 183,
       251, 125, 159, 237, 55, 110, 255, 143, 227, 244, 125, 255, 238,
       255, 247, 129, 239, 214, 221, 249, 236, 91, 92, 126, 42, 8, 23,
       48, 169, 6, 39, 232, 247, 119, 129, 119, 70, 116, 236, 98, 96, 4,
       203, 45, 224, 243, 96, 26, 50, 178, 6, 33, 253, 71, 205, 239, 252,
       62, 110, 184, 119, 234, 251, 230, 211, 106, 217, 240, 127, 204,
       62, 238, 237, 242, 237, 222, 188, 175, 231, 132, 189, 251, 120,
       165, 168, 132, 158, 188, 203, 173, 21, 111, 190, 23, 228, 25, 198,
       247, 34, 27, 133, 123, 235, 0, 120, 79, 82, 18, 217, 163, 84, 59,
       240, 88, 142, 139, 194, 188, 251, 52, 226, 192, 181, 103, 186,
       214, 98, 177, 60, 183, 96, 82, 163, 127, 227, 128, 112, 223, 162,
       98, 117, 162, 122, 203, 1, 32, 167, 251, 29, 181, 233, 239, 254,
       95, 255, 189, 126, 239, 127, 175, 221, 127, 158, 48, 55, 111, 247,
       127, 244, 248, 237, 254, 111, 239, 175, 229, 231, 230, 215, 241,
       172, 188, 184, 91, 249, 253, 23, 186, 59, 55, 45, 28, 190, 117,
       79, 181, 133, 90, 192, 10, 34, 124, 250, 55, 111, 223, 21, 127,
       82, 217, 71, 251, 172, 53, 60, 92, 221, 253, 215, 63, 218, 182,
       108, 28, 250, 245, 7, 29, 153, 122, 194, 34, 50, 102, 250, 31,
       103, 215, 85, 59, 210, 121, 198, 242, 181, 79, 205, 199, 60, 11,
       239, 240, 84, 234, 254, 230, 243, 97, 149, 230, 126, 228, 126,
       238, 233, 240, 109, 174, 190, 207, 231, 144, 125, 251, 112, 41,
       119, 84, 185, 239, 15, 111, 87, 72, 61, 226, 253, 10, 223, 127, 9,
       120, 250, 221, 127, 98, 9, 182, 249, 138, 211, 255, 75, 62, 178,
       123, 98, 227, 134, 189, 151, 155, 251, 237, 178, 201, 158, 63, 89,
       51, 204, 254, 104, 73, 251, 59, 163, 18, 50, 89, 26, 243, 141, 16,
       27, 111, 144, 79, 133, 227, 252, 81, 181, 230, 41, 70, 94, 184,
       171, 186, 177, 233, 223, 127, 73, 243, 214, 213, 253, 99, 233,
       103, 219, 138, 241, 251, 103, 190, 42, 183, 35, 51, 246, 116, 126,
       229, 11, 91, 23, 232, 63, 226, 247, 42, 95, 251, 41, 121, 250,
       245, 255, 99, 104, 247, 249, 222, 247, 211, 75, 63, 49, 59, 7,
       163, 153, 190, 27, 217, 183, 183, 241, 87, 95, 15, 116, 86, 62,
       153, 230, 41, 253, 42, 6, 28, 182, 248, 48, 255, 207, 223, 54, 34,
       251, 200, 232, 143, 37, 100, 252, 69, 108, 111, 229, 18, 200, 234,
       62, 24, 82, 53, 223, 63, 13, 68, 122, 46, 225, 228, 115, 8, 69,
       154, 117, 16, 203, 249, 66, 177, 251, 167, 52, 58, 189, 189, 208,
       111, 223, 127, 185, 29, 174, 232, 126, 156, 205, 139, 239, 5, 190,
       107, 106, 247, 155, 94, 26, 123, 210, 76, 207, 79, 98, 143, 38,
       186, 253, 157, 216, 103, 223, 31, 184, 31, 174, 232, 62, 212, 205,
       163, 239, 5, 254, 43, 98, 247, 147, 118, 26, 123, 83, 76, 252, 79,
       8, 157, 55, 219, 253, 239, 178, 231, 94, 57, 251, 26, 238, 252,
       44, 228, 249, 147, 234, 17, 51, 187, 123, 247, 61, 22, 31, 95,
       211, 72, 245, 167, 50, 125, 42, 188, 189, 249, 156, 231, 157, 134,
       248, 171, 174, 190, 39, 16, 234, 251, 255, 129, 108, 203, 194,
       238, 179, 247, 222, 155, 197, 92, 46, 222, 1, 201, 81, 201, 244,
       219, 174, 119, 93, 73, 120, 66, 185, 10, 180, 164, 94, 27, 22,
       108, 211, 184, 52, 221, 46, 220, 34, 192, 95, 138, 225, 173, 51,
       135, 106, 169, 148, 159, 230, 119, 68, 73, 122, 199, 51, 8, 182,
       96, 124, 138, 22, 173, 223, 184, 69, 157, 62, 109, 162, 192, 125,
       142, 248, 156, 64, 109, 63, 119, 17, 200, 181, 103, 252, 7, 110,
       0, 182, 190, 7, 48, 128, 51, 232, 0, 100, 249, 32, 126, 235, 247,
       22, 3, 64, 80, 167, 78, 14, 205, 144, 218, 221, 213, 190, 232,
       159, 21, 76, 3, 236, 255, 111, 192, 217, 91, 179, 210, 66, 18,
       218, 243, 127, 85, 143, 111, 146, 95, 189, 194, 92, 85, 23, 168,
       159, 79, 55, 252, 191, 166, 169, 11, 222, 247, 41, 80, 251, 245,
       107, 99, 96, 35, 88, 254, 249, 246, 79, 62, 144, 121, 167, 99, 95,
