%YAML:1.0
---
descriptors: !!opencv-matrix
   rows: 154
   cols: 32
   dt: u
   data: [ 133, 249, 255, 91, 229, 189, 230, 216, 126, 82, 119, 84, 219,
       216, 253, 169, 185, 74, 18, 95, 231, 244, 63, 112, 7, 89, 71, 4,
       89, 251, 217, 148, 120, 184, 185, 240, 249, 237, 81, 71, 239, 89,
       164, 24, 190, 159, 64, 58, 129, 179, 221, 16, 27, 111, 242, 241,
       219, 223, 18, 123, 194, 64, 135, 123, 236, 56, 188, 124, 105, 253,
       80, 202, 211, 191, 164, 56, 22, 253, 65, 63, 137, 124, 234, 16,
       42, 103, 250, 16, 95, 219, 81, 63, 210, 121, 70, 227, 210, 184,
       151, 248, 171, 200, 20, 199, 191, 147, 162, 56, 174, 150, 96, 223,
       163, 179, 238, 16, 16, 79, 146, 242, 153, 240, 94, 123, 128, 0,
       167, 47, 122, 121, 250, 232, 203, 193, 93, 71, 35, 229, 164, 171,
       30, 159, 67, 24, 234, 191, 235, 208, 10, 11, 178, 80, 251, 193,
       22, 59, 225, 16, 166, 122, 196, 214, 253, 247, 236, 110, 254, 188,
       222, 250, 179, 247, 215, 125, 219, 107, 255, 215, 127, 119, 172,
       229, 235, 35, 239, 235, 239, 148, 164, 251, 149, 211, 40, 232,
       200, 105, 84, 189, 66, 222, 83, 33, 236, 9, 51, 137, 86, 16, 217,
       138, 66, 28, 10, 186, 80, 19, 111, 221, 132, 121, 219, 218, 218,
       138, 88, 94, 187, 180, 3, 202, 55, 230, 172, 134, 78, 33, 47, 183,
       35, 82, 166, 117, 233, 66, 64, 157, 162, 106, 241, 231, 79, 3, 32,
       112, 37, 107, 177, 93, 83, 79, 116, 79, 103, 116, 117, 168, 126,
       98, 115, 53, 160, 116, 126, 252, 22, 106, 233, 186, 113, 47, 117,
       174, 36, 128, 99, 186, 102, 185, 82, 36, 246, 242, 139, 232, 17,
       7, 235, 151, 142, 184, 175, 182, 193, 127, 163, 247, 253, 145, 26,
       73, 163, 192, 153, 242, 94, 219, 164, 64, 167, 111, 86, 31, 238,
       38, 168, 34, 94, 50, 165, 140, 155, 229, 115, 111, 131, 82, 166,
       231, 109, 230, 156, 201, 131, 44, 218, 239, 239, 145, 44, 227, 36,
       83, 216, 239, 159, 254, 50, 192, 63, 183, 176, 9, 218, 177, 253,
       247, 0, 82, 38, 247, 253, 193, 104, 205, 131, 111, 241, 231, 126,
       129, 36, 18, 167, 43, 88, 156, 123, 126, 50, 200, 55, 231, 180,
       78, 230, 161, 127, 247, 32, 81, 54, 251, 237, 130, 106, 137, 162,
       127, 241, 231, 54, 137, 96, 208, 167, 123, 243, 29, 103, 84, 235,
       84, 189, 119, 169, 214, 158, 191, 40, 190, 150, 183, 174, 247,
       247, 135, 229, 79, 182, 200, 55, 122, 222, 139, 7, 244, 183, 127,
       1, 185, 191, 53, 160, 238, 117, 55, 108, 232, 110, 77, 183, 53,
       16, 50, 132, 46, 125, 13, 209, 248, 241, 13, 229, 175, 116, 0, 72,
       192, 195, 121, 211, 83, 127, 237, 34, 6, 95, 188, 101, 200, 214,
       228, 253, 127, 145, 99, 54, 117, 125, 239, 233, 197, 165, 76, 226,
       235, 238, 144, 44, 178, 33, 113, 213, 244, 149, 247, 160, 46, 70,
       191, 55, 187, 151, 120, 215, 115, 137, 255, 23, 214, 124, 42, 57,
       197, 217, 106, 169, 246, 117, 148, 138, 241, 136, 49, 243, 33,
       174, 189, 14, 135, 89, 75, 22, 244, 214, 151, 103, 201, 50, 65,
       216, 236, 127, 5, 142, 215, 207, 157, 208, 43, 235, 253, 60, 44,
       120, 210, 212, 94, 255, 116, 170, 34, 61, 150, 180, 142, 198, 229,
       237, 39, 129, 91, 102, 245, 109, 246, 232, 197, 167, 104, 240,
       163, 238, 128, 160, 241, 37, 123, 157, 207, 165, 247, 180, 46,
       231, 252, 124, 202, 127, 86, 94, 97, 153, 97, 247, 78, 46, 110,
       241, 244, 57, 174, 253, 239, 119, 4, 170, 251, 241, 161, 222, 98,
       222, 181, 170, 10, 60, 1, 188, 190, 151, 245, 205, 131, 202, 91,
       167, 213, 237, 182, 116, 197, 143, 66, 218, 227, 127, 215, 164,
       164, 175, 19, 189, 221, 89, 99, 178, 98, 111, 248, 116, 226, 255,
       242, 81, 119, 137, 113, 127, 223, 30, 234, 121, 150, 109, 110,
       254, 207, 167, 132, 173, 243, 160, 176, 189, 95, 104, 167, 180,
       47, 231, 244, 116, 238, 222, 231, 243, 41, 147, 64, 125, 238, 30,
       239, 232, 180, 77, 42, 244, 237, 167, 128, 109, 251, 240, 217,
       222, 6, 198, 183, 162, 2, 60, 41, 184, 190, 211, 247, 205, 110,
       154, 219, 55, 197, 237, 167, 180, 213, 141, 202, 152, 34, 239,
       135, 164, 228, 169, 69, 220, 244, 212, 119, 171, 105, 17, 175,
       187, 183, 167, 185, 207, 115, 72, 155, 163, 85, 237, 16, 48, 69,
       203, 2, 221, 195, 85, 127, 226, 112, 135, 3, 252, 36, 254, 246,
       139, 96, 89, 72, 179, 151, 173, 25, 79, 231, 75, 91, 233, 215,
       237, 144, 58, 67, 250, 34, 219, 227, 223, 125, 161, 97, 38, 98,
       82, 234, 146, 216, 171, 128, 60, 199, 175, 3, 202, 161, 172, 130,
       96, 196, 167, 251, 235, 144, 82, 11, 130, 243, 152, 180, 30, 203,
       144, 80, 175, 15, 120, 239, 47, 186, 157, 205, 151, 237, 134, 28,
       140, 9, 230, 253, 106, 3, 201, 243, 237, 81, 90, 107, 122, 53,
       251, 209, 5, 123, 80, 94, 148, 106, 172, 121, 97, 219, 236, 123,
       239, 220, 95, 244, 113, 142, 219, 205, 253, 45, 123, 200, 34, 127,
       195, 114, 127, 176, 45, 90, 5, 116, 247, 251, 85, 240, 122, 203,
       110, 158, 27, 210, 142, 236, 132, 132, 206, 131, 97, 238, 51, 66,
       120, 229, 235, 231, 76, 195, 143, 237, 243, 39, 207, 25, 55, 62,
       60, 74, 83, 75, 83, 101, 18, 142, 46, 36, 44, 128, 202, 230, 117,
       82, 129, 240, 54, 245, 125, 239, 201, 145, 133, 108, 176, 172, 43,
       144, 45, 50, 33, 9, 124, 40, 188, 120, 41, 233, 81, 138, 251, 63,
       188, 56, 182, 181, 65, 58, 129, 210, 108, 24, 26, 107, 234, 49,
       219, 223, 112, 59, 194, 73, 70, 43, 211, 90, 255, 244, 40, 6, 93,
       150, 56, 234, 146, 116, 181, 31, 145, 123, 166, 245, 125, 227,
       233, 197, 241, 104, 211, 235, 250, 144, 12, 241, 35, 57, 189, 220,
       239, 255, 239, 255, 254, 221, 127, 227, 255, 146, 255, 127, 157,
       104, 127, 255, 191, 159, 171, 244, 127, 255, 255, 255, 247, 192,
       247, 255, 244, 249, 155, 180, 127, 255, 246, 190, 255, 254, 127,
       123, 126, 246, 253, 127, 158, 237, 127, 223, 255, 191, 251, 252,
       125, 255, 254, 255, 247, 132, 239, 221, 241, 241, 77, 184, 152,
       246, 109, 44, 123, 154, 171, 115, 37, 29, 157, 251, 90, 26, 135,
       77, 113, 143, 147, 114, 154, 241, 71, 221, 75, 44, 200, 99, 75,
       146, 93, 191, 121, 97, 242, 127, 75, 186, 115, 233, 124, 236, 83,
       87, 202, 112, 55, 220, 20, 126, 191, 24, 125, 62, 254, 205, 37,
       228, 184, 163, 2, 113, 88, 241, 248, 103, 61, 92, 223, 157, 163,
       93, 189, 40, 219, 221, 218, 50, 174, 213, 253, 218, 218, 107, 251,
       161, 251, 233, 37, 253, 103, 150, 199, 115, 223, 255, 253, 247,
       190, 126, 127, 182, 61, 238, 255, 245, 255, 127, 158, 99, 247, 87,
       253, 231, 253, 213, 233, 239, 254, 255, 111, 147, 174, 251, 141,
       115, 2, 220, 62, 251, 27, 199, 186, 198, 159, 81, 68, 51, 188,
       223, 38, 65, 239, 59, 155, 209, 55, 141, 26, 253, 111, 18, 158,
       195, 152, 9, 165, 219, 116, 0, 159, 176, 173, 111, 80, 199, 191,
       179, 162, 25, 135, 179, 69, 91, 201, 151, 108, 16, 58, 107, 211,
       208, 153, 210, 86, 119, 192, 65, 199, 10, 0, 183, 25, 119, 112,
       172, 113, 55, 40, 13, 123, 77, 183, 19, 0, 16, 132, 59, 7, 8, 18,
       184, 16, 5, 197, 249, 48, 64, 72, 128, 195, 139, 244, 247, 189,
       230, 172, 79, 95, 152, 58, 254, 189, 13, 215, 127, 75, 50, 151,
       213, 125, 123, 234, 71, 251, 51, 249, 223, 47, 252, 128, 243, 135,
       115, 101, 244, 157, 118, 184, 79, 86, 184, 186, 248, 171, 72, 246,
       247, 77, 114, 145, 245, 124, 122, 73, 67, 251, 122, 251, 191, 101,
       60, 200, 115, 74, 49, 45, 199, 65, 223, 116, 23, 238, 248, 86,
       136, 125, 198, 113, 230, 189, 244, 125, 200, 6, 238, 235, 146,
       111, 255, 62, 175, 167, 172, 55, 187, 120, 180, 44, 176, 184, 240,
       237, 237, 209, 203, 203, 241, 173, 25, 158, 159, 110, 58, 201,
       155, 219, 17, 18, 99, 250, 208, 219, 221, 23, 127, 210, 73, 199,
       226, 244, 236, 231, 255, 221, 15, 254, 252, 127, 163, 243, 83,
       251, 127, 28, 73, 249, 255, 127, 226, 250, 247, 89, 255, 255, 254,
       215, 22, 231, 251, 246, 162, 248, 121, 90, 236, 91, 87, 82, 200,
