%YAML:1.0
---
descriptors: !!opencv-matrix
   rows: 251
   cols: 32
   dt: u
   data: [ 156, 93, 26, 254, 112, 198, 87, 112, 181, 140, 255, 1, 127,
       223, 35, 80, 252, 253, 71, 106, 104, 131, 24, 110, 243, 237, 32,
       9, 96, 179, 110, 227, 5, 61, 57, 97, 52, 143, 106, 56, 110, 232,
       122, 96, 151, 217, 209, 48, 214, 109, 94, 123, 193, 176, 249, 62,
       228, 221, 35, 32, 72, 187, 67, 161, 220, 191, 248, 102, 186, 43,
       87, 253, 50, 174, 190, 173, 119, 227, 203, 82, 55, 247, 237, 114,
       120, 99, 203, 42, 250, 231, 37, 189, 224, 243, 134, 123, 41, 199,
       5, 175, 188, 141, 77, 191, 20, 95, 216, 213, 243, 37, 56, 65, 205,
       2, 63, 12, 251, 8, 89, 191, 237, 255, 182, 208, 26, 222, 208, 121,
       189, 245, 249, 99, 244, 111, 119, 191, 119, 171, 126, 88, 219,
       117, 216, 48, 221, 222, 21, 120, 251, 186, 249, 55, 239, 223, 53,
       100, 226, 218, 210, 169, 189, 78, 111, 254, 6, 51, 203, 248, 84,
       2, 243, 246, 115, 201, 185, 233, 123, 228, 6, 238, 237, 183, 45,
       191, 210, 235, 227, 132, 127, 185, 112, 128, 190, 110, 229, 58,
       109, 249, 215, 200, 215, 223, 185, 59, 107, 204, 127, 154, 249,
       235, 247, 215, 174, 103, 106, 179, 155, 87, 141, 187, 247, 95,
       118, 214, 87, 25, 198, 149, 143, 54, 44, 175, 63, 251, 90, 215,
       77, 46, 215, 207, 103, 199, 189, 149, 181, 216, 159, 194, 28, 38,
       255, 132, 173, 228, 185, 93, 13, 191, 211, 43, 178, 139, 55, 209,
       62, 77, 121, 229, 255, 230, 162, 144, 223, 107, 134, 20, 22, 152,
       40, 63, 236, 199, 39, 192, 218, 198, 163, 217, 39, 177, 17, 137,
       221, 13, 136, 175, 91, 121, 177, 92, 144, 24, 92, 164, 205, 11,
       114, 29, 151, 106, 223, 149, 13, 28, 157, 124, 221, 8, 210, 132,
       60, 223, 90, 171, 180, 203, 50, 245, 68, 73, 126, 228, 255, 117,
       160, 192, 94, 58, 142, 80, 219, 184, 73, 61, 232, 231, 36, 64,
       254, 138, 220, 57, 28, 205, 167, 191, 159, 199, 39, 236, 22, 194,
       203, 3, 121, 247, 121, 100, 121, 255, 59, 211, 104, 203, 251, 191,
       253, 231, 207, 24, 183, 127, 180, 106, 173, 112, 119, 77, 111, 95,
       242, 88, 95, 226, 244, 58, 74, 221, 149, 189, 218, 252, 230, 106,
       237, 246, 127, 222, 23, 251, 65, 55, 127, 189, 78, 247, 210, 214,
       127, 190, 66, 192, 189, 117, 188, 70, 210, 247, 109, 231, 162, 83,
       102, 247, 175, 225, 224, 141, 38, 111, 240, 163, 250, 137, 37,
       132, 37, 123, 175, 236, 40, 187, 253, 133, 222, 236, 94, 47, 217,
       91, 252, 248, 63, 32, 217, 235, 23, 207, 254, 62, 74, 191, 237,
       95, 191, 252, 213, 127, 216, 202, 153, 159, 78, 223, 180, 190,
       106, 55, 244, 65, 223, 214, 243, 98, 176, 224, 117, 166, 62, 172,
       189, 153, 53, 239, 170, 239, 186, 192, 175, 141, 249, 52, 95, 191,
       106, 43, 178, 170, 63, 189, 104, 200, 91, 229, 253, 104, 155, 112,
       54, 111, 93, 127, 211, 152, 189, 125, 232, 44, 47, 192, 44, 215,
       147, 121, 147, 205, 110, 158, 222, 131, 190, 228, 159, 68, 218,
       151, 104, 206, 190, 64, 126, 255, 183, 231, 228, 157, 46, 255, 62,
       44, 143, 192, 5, 30, 177, 221, 202, 141, 182, 186, 169, 252, 124,
       167, 255, 95, 142, 25, 174, 254, 110, 255, 163, 99, 253, 19, 118,
       79, 170, 247, 187, 247, 94, 75, 146, 84, 175, 79, 184, 221, 26,
       254, 122, 196, 95, 242, 149, 12, 253, 1, 63, 223, 35, 80, 198,
       251, 31, 194, 104, 143, 90, 47, 243, 237, 50, 155, 50, 147, 44,
       203, 248, 84, 189, 119, 44, 78, 69, 61, 249, 186, 167, 24, 247,
       115, 73, 91, 129, 116, 108, 42, 105, 101, 251, 42, 195, 251, 117,
       20, 64, 248, 70, 42, 143, 253, 179, 187, 199, 165, 191, 253, 94,
       218, 89, 246, 221, 254, 125, 164, 255, 91, 19, 215, 243, 240, 62,
       243, 61, 76, 175, 230, 157, 127, 177, 245, 222, 92, 126, 191, 34,
       110, 62, 242, 189, 222, 214, 179, 255, 127, 163, 91, 247, 245,
       255, 35, 96, 213, 11, 238, 247, 227, 127, 131, 36, 241, 37, 83,
       103, 246, 233, 70, 254, 83, 239, 239, 123, 230, 188, 191, 72, 108,
       223, 53, 127, 198, 247, 175, 245, 119, 237, 206, 62, 30, 239, 190,
       239, 246, 254, 245, 125, 7, 236, 102, 252, 55, 207, 184, 83, 238,
       191, 143, 67, 109, 159, 54, 93, 198, 127, 238, 252, 115, 237, 142,
       127, 127, 229, 180, 231, 255, 214, 101, 8, 185, 56, 51, 185, 221,
       53, 231, 254, 125, 44, 12, 174, 146, 66, 16, 129, 59, 194, 16, 86,
       120, 178, 117, 237, 213, 20, 123, 80, 0, 135, 203, 220, 28, 254,
       247, 172, 110, 127, 146, 189, 218, 255, 49, 223, 127, 9, 91, 247,
       247, 253, 34, 40, 213, 251, 106, 215, 255, 119, 149, 160, 241, 5,
       115, 214, 191, 28, 94, 219, 165, 20, 111, 186, 189, 169, 61, 108,
       250, 68, 19, 165, 179, 233, 128, 50, 75, 154, 93, 57, 2, 73, 63,
       209, 64, 143, 147, 146, 222, 127, 191, 50, 194, 190, 238, 189, 70,
       210, 247, 237, 222, 33, 65, 246, 255, 255, 227, 224, 221, 9, 255,
       176, 243, 111, 131, 37, 181, 37, 91, 26, 111, 82, 26, 50, 131, 50,
       230, 181, 12, 250, 163, 45, 135, 163, 196, 122, 249, 135, 192, 74,
       155, 4, 127, 178, 196, 34, 131, 119, 151, 46, 203, 18, 158, 43,
       188, 147, 166, 59, 247, 180, 133, 202, 199, 41, 167, 48, 64, 101,
       187, 155, 133, 184, 157, 52, 239, 249, 39, 158, 192, 161, 196,
       165, 120, 74, 253, 166, 182, 169, 237, 124, 166, 187, 247, 138,
       25, 238, 254, 71, 27, 137, 255, 253, 19, 46, 75, 218, 225, 189,
       243, 95, 51, 128, 85, 151, 94, 27, 157, 46, 188, 149, 166, 111,
       119, 148, 77, 206, 135, 48, 231, 50, 64, 237, 171, 27, 141, 187,
       143, 16, 239, 249, 111, 158, 192, 153, 76, 176, 122, 255, 61, 236,
       118, 137, 124, 93, 191, 243, 254, 174, 13, 235, 255, 87, 127, 201,
       230, 253, 140, 172, 75, 255, 170, 251, 255, 197, 187, 171, 244,
       222, 86, 87, 215, 103, 15, 178, 14, 79, 189, 173, 232, 158, 228,
       253, 103, 152, 245, 54, 230, 93, 239, 241, 137, 29, 93, 248, 40,
       45, 212, 46, 178, 147, 121, 90, 178, 130, 165, 147, 54, 186, 127,
       58, 237, 27, 247, 13, 174, 194, 218, 55, 207, 253, 149, 150, 217,
       157, 194, 152, 103, 191, 228, 175, 230, 43, 93, 251, 212, 236,
       119, 173, 126, 84, 191, 215, 255, 142, 49, 251, 125, 94, 127, 197,
       118, 253, 34, 236, 111, 251, 170, 235, 251, 85, 55, 230, 252, 220,
       95, 222, 244, 180, 250, 143, 213, 158, 204, 159, 183, 149, 27,
       239, 254, 106, 143, 207, 211, 253, 211, 126, 79, 250, 243, 187,
       215, 223, 255, 146, 93, 141, 95, 124, 237, 133, 255, 157, 215, 79,
       172, 22, 176, 207, 2, 251, 247, 9, 224, 217, 254, 251, 203, 107,
       218, 123, 191, 251, 231, 207, 81, 50, 62, 52, 42, 223, 127, 206,
       167, 170, 26, 94, 188, 187, 238, 159, 237, 207, 111, 219, 82, 183,
       197, 253, 231, 237, 197, 141, 170, 250, 247, 111, 150, 46, 247,
       139, 83, 27, 156, 15, 188, 145, 166, 107, 119, 181, 13, 206, 151,
       56, 167, 48, 64, 237, 187, 155, 141, 57, 155, 49, 255, 249, 111,
       154, 192, 155, 68, 160, 120, 55, 175, 90, 170, 244, 143, 222, 232,
       93, 8, 248, 43, 83, 232, 63, 16, 254, 235, 6, 247, 158, 179, 8,
       254, 248, 156, 135, 124, 85, 59, 242, 194, 164, 255, 175, 246,
       252, 135, 71, 253, 214, 250, 208, 109, 246, 241, 188, 35, 221,
       126, 127, 126, 249, 255, 139, 63, 233, 154, 229, 180, 72, 250,
       242, 187, 221, 6, 231, 247, 174, 34, 108, 153, 116, 243, 83, 246,
       217, 99, 153, 107, 127, 199, 61, 191, 185, 212, 237, 194, 206,
       234, 255, 196, 175, 241, 241, 33, 32, 148, 57, 89, 149, 255, 179,
       231, 94, 45, 248, 16, 162, 188, 44, 128, 217, 27, 130, 17, 58,
       186, 112, 183, 47, 215, 20, 119, 209, 72, 197, 238, 173, 180, 249,
       113, 244, 47, 109, 255, 119, 171, 127, 120, 219, 113, 216, 53, 95,
       222, 54, 56, 187, 254, 233, 6, 111, 223, 53, 228, 239, 248, 210,
       161, 105, 113, 190, 44, 123, 94, 51, 124, 187, 204, 100, 173, 127,
       245, 3, 22, 150, 124, 241, 102, 133, 194, 186, 45, 119, 247, 101,
       139, 106, 183, 15, 211, 188, 231, 249, 251, 222, 35, 207, 220, 22,
