%YAML:1.0
---
descriptors: !!opencv-matrix
   rows: 85
   cols: 32
   dt: u
   data: [ 192, 32, 189, 80, 104, 237, 169, 35, 170, 191, 48, 56, 148,
       151, 192, 59, 135, 59, 83, 25, 49, 108, 162, 64, 13, 26, 123, 104,
       64, 0, 7, 232, 246, 64, 214, 142, 77, 70, 86, 232, 185, 134, 227,
       11, 78, 250, 45, 223, 248, 245, 237, 227, 104, 71, 154, 202, 145,
       178, 207, 31, 1, 123, 126, 6, 172, 65, 86, 254, 253, 153, 30, 236,
       223, 128, 112, 9, 238, 249, 33, 209, 150, 123, 239, 98, 102, 107,
       10, 191, 171, 251, 69, 59, 86, 191, 9, 11, 43, 146, 253, 244, 52,
       94, 217, 56, 251, 216, 54, 229, 255, 127, 214, 51, 191, 241, 181,
       189, 139, 232, 58, 205, 203, 219, 231, 134, 79, 164, 70, 125, 75,
       114, 125, 109, 42, 214, 89, 24, 139, 220, 86, 229, 253, 223, 214,
       118, 150, 61, 181, 140, 135, 196, 183, 221, 67, 249, 169, 142, 62,
       132, 69, 119, 74, 174, 174, 93, 185, 248, 185, 7, 190, 23, 78,
       177, 172, 165, 150, 110, 37, 54, 235, 24, 54, 216, 167, 119, 79,
       55, 94, 193, 130, 68, 141, 250, 140, 14, 215, 95, 228, 46, 237,
       183, 188, 18, 118, 240, 249, 45, 157, 111, 47, 86, 51, 46, 177,
       244, 37, 110, 6, 58, 118, 128, 231, 248, 225, 185, 107, 50, 127,
       228, 44, 119, 217, 27, 75, 249, 119, 253, 31, 157, 150, 56, 134,
       157, 181, 5, 133, 252, 179, 208, 195, 249, 57, 178, 79, 132, 87,
       127, 220, 64, 206, 167, 6, 74, 111, 24, 32, 166, 199, 131, 215,
       99, 27, 91, 114, 196, 108, 238, 104, 215, 221, 8, 209, 227, 239,
       5, 36, 243, 47, 96, 98, 152, 156, 254, 137, 205, 20, 131, 143, 91,
       164, 9, 190, 247, 64, 94, 129, 51, 234, 0, 87, 11, 218, 179, 139,
       247, 84, 123, 154, 8, 141, 27, 245, 64, 223, 244, 78, 8, 109, 20,
       233, 178, 178, 90, 91, 43, 149, 123, 107, 197, 125, 234, 105, 71,
       231, 192, 210, 235, 246, 156, 37, 241, 98, 32, 70, 173, 150, 151,
       149, 36, 166, 199, 58, 147, 139, 19, 228, 226, 72, 78, 225, 78,
       42, 147, 118, 216, 219, 227, 189, 54, 159, 71, 128, 115, 169, 142,
       181, 207, 132, 158, 156, 11, 198, 232, 18, 187, 185, 222, 195, 96,
       201, 159, 89, 202, 6, 126, 123, 102, 79, 63, 184, 150, 229, 124,
       217, 123, 218, 132, 124, 244, 29, 234, 169, 111, 86, 248, 47, 186,
       177, 72, 223, 223, 73, 121, 157, 213, 125, 106, 41, 71, 219, 60,
       219, 219, 101, 124, 74, 123, 66, 51, 70, 173, 128, 190, 223, 169,
       46, 174, 155, 178, 8, 10, 236, 234, 88, 134, 179, 235, 123, 147,
       86, 72, 154, 251, 173, 22, 143, 251, 148, 115, 139, 6, 54, 231,
       196, 255, 188, 3, 78, 184, 87, 186, 249, 74, 99, 105, 93, 3, 217,
       204, 117, 251, 234, 242, 207, 191, 170, 254, 197, 180, 125, 251,
       216, 0, 139, 162, 0, 187, 252, 137, 168, 143, 30, 49, 80, 245,
       173, 131, 200, 200, 79, 11, 107, 29, 18, 92, 207, 209, 204, 144,
       190, 236, 156, 140, 137, 153, 235, 48, 127, 232, 46, 247, 217, 18,
       75, 105, 119, 253, 31, 159, 149, 56, 134, 157, 245, 69, 147, 183,
       179, 208, 195, 249, 58, 146, 79, 133, 7, 117, 66, 143, 174, 93,
       153, 232, 185, 39, 190, 21, 78, 177, 172, 173, 70, 74, 165, 63,
       235, 16, 18, 216, 163, 117, 79, 55, 94, 203, 130, 68, 149, 218,
       133, 12, 215, 223, 160, 46, 109, 183, 61, 147, 106, 20, 221, 115,
       33, 95, 167, 103, 51, 44, 49, 252, 19, 106, 13, 186, 86, 4, 192,
       240, 225, 168, 209, 87, 189, 36, 168, 124, 85, 191, 97, 254, 174,
       172, 87, 103, 203, 59, 23, 198, 108, 46, 236, 71, 231, 0, 243,
       251, 117, 63, 96, 240, 198, 95, 13, 164, 157, 243, 236, 169, 249,
       159, 238, 123, 61, 92, 157, 235, 216, 42, 175, 11, 126, 29, 147,
       120, 235, 209, 204, 159, 127, 228, 220, 200, 129, 161, 101, 1,
       207, 69, 13, 14, 105, 49, 109, 161, 239, 28, 211, 35, 24, 242, 88,
       132, 106, 172, 153, 227, 241, 68, 135, 187, 195, 20, 72, 34, 194,
       32, 247, 96, 255, 245, 110, 40, 233, 18, 251, 178, 178, 218, 223,
       171, 213, 123, 99, 197, 125, 138, 161, 103, 231, 224, 212, 251,
       251, 152, 165, 241, 99, 161, 70, 165, 24, 129, 221, 111, 176, 73,
       63, 181, 187, 27, 204, 120, 78, 8, 187, 157, 235, 177, 22, 114,
       217, 214, 29, 22, 15, 103, 197, 75, 141, 134, 125, 112, 29, 224,
       169, 15, 86, 186, 171, 186, 172, 76, 223, 243, 65, 250, 149, 213,
       124, 106, 73, 67, 210, 60, 251, 255, 101, 60, 74, 241, 74, 35,
       196, 200, 30, 190, 42, 11, 158, 232, 158, 130, 240, 9, 239, 234,
       41, 195, 147, 101, 110, 99, 100, 103, 11, 127, 176, 243, 79, 63,
       80, 58, 9, 10, 101, 235, 56, 70, 60, 157, 67, 184, 235, 168, 175,
       8, 255, 210, 201, 52, 144, 236, 108, 106, 203, 35, 251, 61, 233,
       220, 5, 60, 64, 179, 67, 45, 196, 67, 41, 165, 224, 78, 175, 181,
       48, 238, 83, 105, 213, 79, 89, 9, 222, 125, 53, 231, 224, 212,
       233, 42, 229, 162, 239, 160, 4, 112, 7, 251, 125, 235, 113, 102,
       52, 157, 67, 248, 97, 104, 252, 72, 255, 65, 152, 176, 152, 232,
       76, 106, 205, 50, 104, 63, 243, 221, 37, 56, 98, 187, 70, 105, 50,
       32, 86, 172, 123, 11, 152, 104, 141, 160, 240, 139, 78, 142, 36,
       145, 254, 149, 95, 33, 0, 131, 65, 220, 144, 240, 75, 191, 85, 44,
       35, 135, 72, 61, 151, 244, 169, 204, 20, 39, 173, 203, 202, 25,
       190, 191, 32, 210, 132, 51, 253, 0, 81, 201, 146, 207, 193, 247,
       90, 27, 2, 64, 135, 59, 80, 0, 158, 173, 40, 11, 24, 107, 30, 162,
       226, 8, 247, 226, 33, 203, 214, 5, 108, 32, 40, 231, 195, 8, 208,
       231, 107, 25, 16, 40, 41, 8, 102, 235, 196, 195, 188, 15, 194,
       168, 71, 184, 185, 205, 194, 105, 93, 6, 221, 196, 108, 118, 78,
       96, 203, 177, 174, 154, 197, 126, 219, 187, 88, 28, 132, 173, 134,
       151, 153, 219, 166, 232, 190, 184, 129, 34, 236, 226, 104, 199,
       241, 106, 234, 242, 118, 65, 138, 255, 188, 2, 207, 111, 0, 34,
       43, 134, 105, 121, 156, 100, 169, 143, 84, 182, 235, 168, 172, 12,
       159, 179, 65, 178, 133, 180, 108, 12, 73, 107, 210, 24, 251, 251,
       37, 60, 202, 248, 74, 11, 204, 38, 156, 183, 168, 43, 69, 186,
       190, 182, 134, 28, 215, 99, 67, 91, 67, 70, 108, 15, 40, 197, 219,
       34, 204, 243, 127, 16, 136, 241, 3, 32, 101, 160, 132, 54, 173,
       45, 70, 136, 251, 187, 161, 93, 230, 232, 89, 155, 145, 198, 108,
       63, 174, 103, 219, 49, 153, 218, 85, 124, 200, 127, 218, 4, 75,
       48, 235, 37, 96, 84, 57, 16, 168, 204, 22, 37, 156, 158, 194, 122,
       134, 85, 253, 133, 129, 88, 179, 64, 71, 121, 170, 130, 12, 132,
       7, 123, 6, 165, 18, 131, 215, 111, 179, 201, 63, 189, 187, 27,
       206, 252, 78, 14, 187, 157, 207, 179, 18, 115, 153, 210, 157, 22,
       11, 119, 197, 111, 223, 198, 253, 52, 173, 109, 141, 46, 67, 25,
       96, 169, 239, 28, 211, 51, 16, 114, 248, 228, 104, 46, 185, 231,
       241, 2, 213, 233, 195, 112, 72, 107, 210, 98, 169, 125, 27, 122,
       89, 205, 23, 113, 221, 10, 232, 12, 254, 211, 32, 17, 216, 57,
       202, 98, 105, 43, 82, 63, 233, 209, 0, 122, 90, 10, 34, 171, 72,
       176, 24, 233, 105, 77, 81, 159, 27, 57, 52, 92, 158, 31, 72, 16,
       133, 27, 247, 16, 19, 120, 211, 17, 207, 221, 52, 126, 88, 8, 131,
       27, 92, 90, 206, 165, 4, 110, 67, 16, 96, 226, 163, 69, 215, 35,
       81, 90, 112, 196, 108, 234, 9, 212, 217, 8, 197, 227, 227, 20,
       168, 243, 102, 18, 66, 188, 146, 152, 249, 253, 16, 71, 191, 21,
       136, 25, 172, 190, 102, 220, 227, 59, 235, 17, 22, 11, 146, 243,
       157, 20, 26, 123, 146, 68, 175, 79, 66, 189, 146, 152, 217, 245,
       184, 199, 143, 21, 136, 27, 172, 190, 102, 204, 229, 59, 235, 145,
       22, 11, 210, 243, 157, 20, 158, 123, 146, 76, 173, 222, 195, 32,
       119, 224, 108, 141, 249, 81, 233, 81, 177, 94, 157, 139, 252, 42,
       174, 129, 95, 157, 147, 35, 178, 208, 150, 216, 186, 248, 12, 136,
       131, 161, 70, 185, 19, 136, 9, 79, 49, 104, 172, 4, 195, 9, 204,
       214, 111, 220, 224, 149, 235, 32, 0, 3, 179, 208, 145, 48, 75, 63,
       144, 38, 39, 118, 6, 237, 132, 95, 154, 130, 142, 168, 154, 179,
