%YAML:1.0
---
descriptors: !!opencv-matrix
   rows: 158
   cols: 32
   dt: u
   data: [ 60, 113, 120, 226, 125, 221, 87, 80, 195, 168, 181, 8, 31,
       153, 69, 176, 152, 152, 221, 114, 202, 35, 240, 128, 243, 221, 5,
       63, 99, 155, 70, 163, 168, 40, 58, 113, 116, 235, 65, 2, 113, 61,
       246, 56, 18, 17, 130, 59, 200, 188, 68, 8, 40, 254, 225, 34, 199,
       153, 48, 241, 194, 9, 70, 235, 193, 180, 159, 240, 241, 44, 49,
       151, 186, 187, 2, 84, 156, 179, 72, 123, 167, 95, 124, 24, 51, 92,
       147, 66, 221, 186, 119, 206, 136, 64, 163, 35, 208, 193, 95, 237,
       6, 2, 79, 57, 36, 0, 226, 2, 83, 35, 32, 115, 114, 196, 40, 234,
       104, 147, 1, 13, 241, 170, 192, 16, 37, 186, 244, 32, 61, 148,
       252, 87, 181, 90, 87, 191, 81, 231, 182, 58, 91, 124, 154, 189,
       25, 198, 148, 40, 253, 248, 125, 142, 107, 207, 117, 85, 231, 252,
       222, 125, 61, 149, 236, 119, 213, 127, 86, 187, 83, 251, 55, 26,
       91, 125, 94, 171, 153, 206, 53, 60, 185, 240, 121, 138, 111, 223,
       85, 117, 231, 236, 216, 114, 49, 7, 106, 173, 84, 130, 239, 126,
       116, 36, 250, 199, 83, 104, 178, 96, 120, 238, 6, 237, 172, 186,
       5, 30, 248, 175, 162, 192, 125, 170, 112, 136, 240, 184, 24, 114,
       138, 141, 81, 222, 170, 61, 164, 29, 55, 147, 64, 27, 163, 147,
       77, 16, 26, 111, 154, 49, 219, 201, 52, 124, 232, 0, 130, 139,
       121, 102, 225, 71, 87, 26, 79, 120, 81, 234, 255, 238, 123, 40,
       158, 180, 121, 228, 244, 174, 173, 190, 237, 142, 62, 111, 165,
       148, 111, 239, 90, 116, 44, 117, 61, 103, 180, 79, 119, 56, 61,
       232, 119, 8, 215, 23, 9, 48, 152, 84, 85, 106, 105, 176, 121, 44,
       231, 219, 37, 20, 64, 187, 198, 179, 205, 30, 185, 246, 168, 44,
       89, 26, 186, 219, 55, 84, 215, 243, 65, 123, 135, 119, 125, 26,
       161, 69, 187, 42, 195, 251, 115, 136, 136, 241, 99, 115, 100, 64,
       149, 101, 45, 78, 71, 48, 101, 162, 175, 8, 211, 49, 17, 246, 24,
       84, 120, 106, 72, 240, 89, 142, 231, 255, 69, 20, 98, 186, 80, 34,
       124, 233, 120, 98, 25, 205, 83, 216, 7, 160, 172, 8, 27, 159, 73,
       16, 88, 152, 193, 250, 74, 35, 88, 52, 251, 205, 5, 125, 115, 155,
       70, 34, 9, 150, 58, 119, 116, 188, 233, 51, 237, 73, 126, 116,
       187, 169, 180, 100, 132, 42, 22, 12, 179, 184, 32, 175, 70, 255,
       48, 192, 74, 136, 209, 185, 16, 208, 191, 190, 194, 224, 53, 199,
       188, 23, 98, 51, 116, 255, 40, 91, 163, 83, 59, 128, 50, 201, 19,
       97, 217, 167, 94, 67, 160, 80, 165, 154, 66, 244, 151, 240, 147,
       196, 49, 135, 171, 27, 10, 16, 156, 183, 96, 90, 167, 119, 121,
       16, 19, 77, 146, 99, 217, 182, 94, 74, 128, 80, 165, 59, 134, 4,
       175, 149, 199, 98, 189, 11, 184, 247, 75, 147, 204, 62, 31, 75,
       247, 87, 251, 177, 52, 212, 51, 192, 79, 51, 223, 135, 133, 116,
       181, 210, 214, 178, 180, 154, 171, 96, 188, 141, 187, 31, 147,
       191, 204, 238, 78, 207, 247, 87, 237, 149, 22, 77, 139, 225, 152,
       114, 223, 255, 132, 71, 173, 87, 249, 32, 19, 184, 41, 237, 80,
       86, 235, 91, 160, 24, 31, 155, 64, 187, 129, 129, 108, 28, 15,
       111, 146, 144, 155, 217, 80, 122, 194, 4, 66, 74, 194, 154, 182,
       147, 169, 234, 189, 167, 174, 255, 2, 177, 140, 182, 70, 78, 167,
       119, 251, 17, 50, 205, 131, 226, 13, 50, 94, 195, 128, 84, 165,
       95, 67, 58, 215, 21, 42, 26, 184, 23, 171, 224, 26, 237, 204, 46,
       197, 206, 38, 103, 237, 21, 133, 200, 213, 192, 142, 114, 95, 146,
       204, 228, 11, 93, 49, 141, 67, 190, 150, 163, 78, 247, 212, 64,
       218, 198, 113, 226, 160, 96, 120, 234, 30, 204, 155, 139, 12, 255,
       184, 174, 170, 192, 61, 138, 240, 8, 172, 68, 253, 119, 229, 127,
       93, 218, 81, 178, 125, 26, 83, 109, 25, 59, 25, 204, 19, 46, 40,
       244, 121, 138, 71, 203, 85, 37, 243, 249, 82, 194, 56, 184, 57,
       124, 91, 205, 81, 246, 239, 20, 172, 8, 62, 151, 32, 16, 169, 187,
       67, 64, 10, 43, 50, 117, 243, 221, 16, 62, 115, 0, 102, 171, 88,
       184, 28, 178, 42, 233, 17, 203, 170, 115, 160, 57, 191, 215, 66,
       27, 163, 179, 76, 16, 11, 79, 154, 49, 217, 193, 123, 121, 232, 0,
       7, 27, 49, 205, 11, 206, 31, 199, 75, 96, 196, 64, 234, 2, 115,
       193, 48, 96, 120, 170, 10, 78, 75, 171, 126, 61, 177, 172, 128,
       24, 57, 11, 112, 168, 63, 175, 106, 10, 244, 147, 206, 248, 214,
       192, 221, 239, 99, 200, 191, 160, 94, 234, 22, 255, 206, 163, 76,
       191, 58, 77, 173, 184, 125, 191, 88, 148, 95, 68, 229, 199, 142,
       114, 143, 184, 82, 246, 159, 238, 216, 108, 221, 111, 95, 196,
       125, 255, 169, 101, 239, 234, 44, 46, 239, 180, 167, 255, 80, 117,
       15, 213, 230, 215, 247, 54, 190, 175, 63, 83, 87, 178, 104, 254,
       252, 239, 247, 95, 179, 183, 182, 216, 63, 227, 47, 126, 223, 199,
       135, 245, 249, 189, 6, 141, 175, 179, 197, 98, 189, 135, 62, 247,
       74, 147, 140, 46, 90, 75, 227, 87, 59, 149, 52, 216, 177, 224, 77,
       51, 222, 199, 132, 84, 181, 234, 50, 141, 26, 170, 212, 167, 146,
       227, 150, 9, 73, 3, 100, 235, 40, 64, 217, 59, 2, 17, 62, 170, 88,
       191, 171, 183, 131, 75, 144, 10, 184, 134, 221, 69, 45, 171, 60,
       15, 79, 56, 100, 234, 159, 64, 215, 81, 25, 97, 20, 4, 93, 111,
       233, 165, 89, 30, 225, 175, 33, 84, 124, 139, 16, 32, 173, 181,
       113, 72, 213, 111, 199, 249, 83, 234, 108, 72, 50, 241, 253, 52,
       89, 234, 18, 122, 251, 50, 120, 26, 47, 156, 5, 44, 219, 250, 82,
       172, 217, 54, 172, 167, 44, 58, 94, 48, 35, 238, 151, 173, 199,
       44, 219, 218, 214, 197, 253, 71, 204, 244, 229, 160, 206, 243,
       237, 145, 44, 255, 28, 83, 190, 231, 108, 238, 190, 83, 222, 233,
       222, 254, 153, 163, 73, 236, 255, 163, 255, 205, 223, 231, 236,
       103, 111, 158, 186, 201, 239, 191, 117, 126, 126, 199, 249, 133,
       83, 236, 85, 6, 70, 111, 21, 2, 235, 19, 107, 107, 56, 213, 248,
       134, 4, 172, 109, 187, 1, 143, 178, 254, 196, 2, 51, 236, 240, 12,
       101, 34, 205, 225, 228, 46, 233, 25, 104, 187, 115, 80, 215, 35,
       216, 126, 89, 140, 118, 184, 145, 244, 205, 194, 12, 184, 231,
       228, 200, 227, 211, 160, 249, 96, 159, 48, 41, 237, 81, 66, 227,
       83, 160, 24, 31, 155, 64, 187, 129, 160, 124, 24, 15, 111, 242,
       16, 211, 217, 80, 57, 98, 0, 70, 106, 70, 182, 190, 147, 171, 160,
       189, 143, 174, 159, 147, 181, 236, 246, 78, 75, 167, 87, 253, 145,
       18, 73, 139, 225, 157, 50, 94, 251, 128, 84, 165, 127, 147, 133,
       43, 175, 149, 150, 111, 237, 84, 65, 203, 22, 113, 118, 56, 224,
       120, 238, 18, 205, 255, 152, 57, 191, 185, 109, 142, 64, 60, 74,
       176, 120, 92, 134, 157, 181, 168, 40, 68, 155, 174, 19, 170, 89,
       215, 35, 8, 91, 131, 151, 109, 16, 10, 68, 195, 1, 196, 247, 126,
       84, 160, 96, 129, 2, 129, 162, 205, 145, 198, 57, 232, 207, 94,
       49, 114, 214, 129, 0, 220, 13, 123, 10, 34, 157, 151, 252, 77,
       209, 12, 8, 223, 100, 245, 200, 209, 140, 120, 88, 116, 110, 109,
       221, 83, 48, 197, 12, 180, 41, 59, 223, 35, 213, 206, 176, 253,
       98, 72, 35, 114, 189, 243, 249, 96, 27, 114, 191, 68, 75, 80, 17,
       158, 236, 138, 67, 21, 79, 142, 139, 138, 58, 214, 182, 32, 106,
       208, 213, 108, 32, 29, 11, 83, 16, 241, 166, 127, 95, 184, 120,
       165, 19, 117, 13, 105, 231, 20, 6, 79, 48, 116, 226, 219, 198,
       115, 39, 145, 112, 92, 236, 63, 239, 233, 146, 253, 14, 252, 238,
       175, 128, 45, 251, 112, 112, 162, 240, 60, 185, 236, 141, 180,
       206, 143, 59, 16, 93, 148, 216, 108, 11, 201, 27, 127, 1, 118,
       126, 90, 241, 173, 18, 223, 126, 92, 24, 145, 159, 216, 176, 155,
       176, 170, 236, 17, 19, 174, 19, 162, 125, 159, 151, 64, 91, 167,
       51, 108, 16, 27, 79, 146, 17, 217, 193, 114, 120, 136, 64, 7, 51,
       93, 71, 108, 37, 52, 26, 239, 184, 108, 108, 247, 229, 211, 44,
       155, 99, 214, 196, 125, 127, 237, 240, 109, 12, 230, 235, 227,
       149, 109, 177, 89, 81, 61, 119, 108, 103, 30, 27, 222, 56, 80,
       238, 191, 239, 67, 40, 159, 163, 255, 196, 221, 239, 172, 243,
