%YAML:1.0
---
descriptors: !!opencv-matrix
   rows: 159
   cols: 32
   dt: u
   data: [ 1, 218, 153, 251, 60, 173, 1, 158, 94, 11, 84, 80, 183, 17,
       128, 104, 213, 90, 38, 24, 163, 60, 99, 55, 197, 143, 50, 32, 144,
       216, 129, 169, 188, 97, 84, 224, 77, 75, 82, 72, 67, 176, 161, 9,
       203, 25, 76, 144, 217, 164, 207, 114, 76, 99, 203, 152, 154, 208,
       197, 63, 115, 31, 94, 2, 208, 168, 87, 120, 10, 224, 1, 23, 162,
       19, 160, 24, 55, 183, 64, 123, 39, 182, 108, 136, 27, 79, 162, 17,
       211, 226, 112, 57, 160, 192, 38, 42, 108, 1, 120, 101, 116, 75,
       119, 33, 104, 164, 110, 8, 211, 1, 131, 112, 18, 156, 76, 106, 72,
       176, 97, 12, 231, 249, 36, 21, 114, 170, 70, 34, 211, 223, 111,
       141, 18, 134, 171, 188, 124, 192, 90, 230, 113, 102, 146, 96, 118,
       101, 60, 237, 225, 152, 181, 111, 60, 46, 238, 192, 44, 162, 49,
       125, 8, 153, 18, 58, 121, 173, 80, 227, 175, 29, 105, 25, 174,
       219, 34, 144, 128, 59, 200, 0, 22, 43, 26, 183, 131, 245, 16, 123,
       82, 12, 47, 139, 233, 188, 180, 251, 237, 189, 85, 191, 223, 127,
       60, 93, 190, 189, 86, 127, 197, 66, 127, 28, 246, 108, 251, 183,
       111, 223, 116, 250, 146, 92, 208, 251, 120, 170, 254, 122, 138,
       233, 81, 87, 162, 31, 164, 24, 51, 135, 64, 27, 41, 178, 109, 24,
       26, 111, 162, 49, 219, 203, 112, 121, 227, 192, 198, 106, 124, 33,
       59, 101, 17, 79, 83, 96, 100, 4, 231, 8, 83, 23, 9, 48, 120, 156,
       72, 98, 72, 178, 97, 12, 245, 165, 0, 17, 97, 42, 102, 34, 5, 127,
       49, 7, 116, 30, 103, 56, 108, 236, 123, 76, 210, 96, 157, 148,
       148, 76, 70, 110, 197, 176, 121, 46, 36, 60, 37, 4, 72, 179, 91,
       213, 40, 97, 120, 101, 61, 91, 87, 32, 97, 164, 238, 8, 203, 9,
       21, 52, 88, 148, 196, 106, 72, 178, 225, 140, 231, 249, 0, 21, 99,
       170, 94, 34, 84, 26, 158, 253, 172, 42, 48, 6, 252, 159, 242, 112,
       198, 185, 160, 91, 227, 119, 238, 17, 48, 253, 3, 32, 220, 243,
       114, 83, 192, 105, 197, 3, 77, 61, 145, 229, 176, 46, 114, 19, 41,
       137, 43, 116, 158, 51, 65, 250, 135, 125, 124, 24, 17, 216, 153,
       66, 205, 253, 39, 226, 136, 97, 163, 51, 112, 225, 184, 68, 29,
       91, 87, 232, 67, 180, 173, 8, 66, 217, 71, 22, 152, 208, 192, 98,
       74, 99, 235, 153, 251, 221, 5, 63, 83, 59, 78, 38, 244, 77, 23,
       252, 141, 66, 70, 238, 177, 146, 226, 27, 66, 251, 33, 211, 200,
       244, 236, 226, 108, 231, 147, 174, 179, 242, 197, 31, 51, 121,
       244, 2, 108, 60, 184, 237, 237, 108, 83, 26, 51, 175, 237, 25,
       215, 247, 75, 90, 209, 222, 125, 26, 8, 86, 251, 34, 215, 255,
       113, 61, 162, 251, 70, 115, 77, 135, 28, 101, 177, 30, 102, 57,
       105, 168, 127, 76, 223, 48, 142, 243, 180, 68, 108, 110, 245, 176,
       201, 12, 230, 249, 101, 4, 74, 162, 203, 5, 10, 253, 190, 186,
       219, 213, 60, 230, 182, 85, 204, 131, 172, 254, 98, 96, 229, 123,
       187, 209, 102, 75, 154, 247, 249, 103, 158, 107, 176, 84, 173,
       222, 120, 21, 22, 236, 29, 230, 82, 111, 197, 0, 170, 8, 99, 243,
       32, 209, 216, 244, 200, 96, 44, 171, 17, 159, 187, 246, 128, 83,
       58, 42, 232, 10, 159, 189, 254, 255, 255, 63, 191, 255, 191, 250,
       246, 247, 125, 255, 191, 103, 255, 255, 255, 167, 253, 251, 187,
       255, 255, 255, 255, 182, 143, 252, 175, 223, 124, 97, 22, 168,
       141, 95, 86, 200, 7, 180, 161, 9, 79, 217, 104, 153, 217, 221,
       239, 98, 92, 99, 91, 144, 155, 211, 69, 127, 210, 63, 238, 2, 124,
       59, 253, 100, 41, 221, 81, 88, 227, 252, 181, 40, 127, 215, 193,
       54, 166, 180, 236, 72, 203, 99, 242, 17, 211, 249, 97, 59, 98,
       162, 70, 115, 200, 169, 151, 117, 137, 204, 53, 167, 249, 153, 34,
       24, 190, 183, 4, 187, 164, 119, 232, 64, 113, 233, 162, 109, 143,
       243, 84, 67, 194, 65, 135, 43, 248, 156, 28, 254, 169, 239, 84,
       191, 150, 26, 166, 56, 247, 119, 40, 219, 193, 114, 236, 34, 121,
       77, 91, 61, 235, 227, 117, 89, 178, 232, 140, 59, 237, 7, 108, 37,
       244, 26, 110, 56, 105, 236, 126, 109, 195, 33, 151, 19, 18, 196,
       108, 110, 253, 240, 197, 12, 110, 249, 37, 4, 74, 167, 90, 69,
       252, 229, 223, 96, 170, 74, 71, 251, 242, 178, 164, 8, 83, 247,
       201, 59, 51, 212, 108, 122, 121, 67, 162, 16, 249, 235, 101, 124,
       224, 241, 198, 32, 5, 165, 17, 163, 212, 107, 226, 137, 110, 225,
       43, 8, 213, 114, 216, 164, 51, 12, 10, 58, 19, 48, 93, 22, 140,
       132, 3, 100, 248, 203, 201, 128, 240, 157, 23, 172, 9, 70, 70, 98,
       161, 18, 162, 90, 98, 50, 32, 83, 232, 246, 104, 226, 121, 239,
       145, 15, 177, 226, 192, 27, 41, 32, 96, 10, 61, 37, 38, 11, 147,
       159, 162, 200, 86, 224, 75, 7, 67, 64, 27, 132, 120, 8, 226, 119,
       142, 176, 125, 30, 60, 70, 5, 69, 235, 15, 120, 214, 91, 180, 129,
       178, 153, 188, 68, 143, 171, 251, 136, 93, 175, 242, 72, 154, 129,
       199, 236, 21, 31, 75, 218, 51, 184, 213, 29, 126, 168, 84, 138,
       30, 240, 76, 135, 156, 9, 102, 69, 230, 185, 182, 234, 26, 38,
       166, 33, 95, 233, 246, 104, 130, 104, 207, 145, 106, 177, 162,
       214, 27, 1, 120, 230, 106, 133, 225, 17, 147, 204, 75, 230, 237,
       94, 113, 33, 26, 215, 112, 72, 172, 57, 202, 66, 122, 51, 114, 95,
       52, 189, 132, 7, 124, 217, 25, 203, 164, 248, 172, 183, 58, 233,
       237, 80, 198, 179, 31, 160, 29, 47, 235, 64, 155, 161, 227, 237,
       20, 62, 111, 154, 51, 219, 211, 84, 121, 226, 69, 198, 74, 254,
       188, 133, 182, 169, 249, 80, 135, 179, 251, 128, 249, 183, 183,
       64, 155, 129, 247, 253, 17, 63, 79, 202, 162, 155, 211, 221, 251,
       128, 72, 158, 26, 232, 213, 61, 93, 25, 205, 85, 191, 125, 49, 46,
       24, 246, 51, 8, 117, 129, 22, 104, 40, 99, 40, 113, 63, 239, 186,
       84, 86, 82, 24, 196, 58, 100, 245, 177, 92, 93, 221, 87, 184, 219,
       236, 61, 8, 206, 252, 77, 52, 145, 120, 196, 114, 71, 98, 250,
       159, 107, 221, 5, 63, 82, 59, 70, 231, 64, 243, 147, 224, 176, 76,
       53, 190, 42, 57, 10, 112, 188, 151, 200, 118, 133, 95, 237, 80,
       67, 89, 177, 117, 237, 180, 62, 230, 128, 16, 135, 123, 61, 97,
       51, 76, 125, 95, 83, 104, 83, 224, 237, 8, 82, 221, 47, 180, 152,
       92, 192, 106, 77, 35, 250, 158, 115, 221, 1, 63, 82, 43, 94, 230,
       68, 126, 55, 119, 96, 238, 55, 176, 169, 174, 127, 236, 222, 247,
       129, 18, 150, 117, 205, 66, 64, 209, 168, 108, 230, 182, 97, 130,
       66, 243, 7, 243, 87, 151, 79, 135, 162, 18, 111, 184, 53, 232, 95,
       231, 89, 102, 154, 228, 118, 197, 61, 239, 221, 144, 109, 238,
       190, 111, 235, 196, 47, 167, 185, 85, 37, 101, 65, 7, 244, 31,
       239, 188, 124, 232, 123, 141, 211, 108, 159, 180, 24, 204, 84,
       111, 205, 176, 109, 46, 36, 60, 37, 132, 78, 255, 82, 220, 220,
       126, 28, 51, 42, 91, 21, 176, 248, 254, 183, 253, 215, 76, 195,
       27, 135, 117, 236, 114, 236, 229, 239, 46, 202, 211, 117, 215, 76,
       177, 15, 83, 108, 112, 249, 92, 108, 108, 97, 154, 115, 239, 116,
       8, 211, 247, 201, 126, 89, 220, 117, 26, 11, 118, 250, 34, 87,
       255, 49, 44, 194, 249, 70, 241, 97, 250, 251, 76, 228, 157, 255,
       215, 123, 239, 124, 40, 58, 253, 213, 60, 223, 254, 118, 8, 195,
       58, 238, 227, 127, 191, 53, 168, 199, 250, 198, 237, 250, 6, 230,
       193, 239, 123, 248, 71, 61, 55, 182, 187, 143, 46, 86, 207, 235,
       151, 239, 145, 60, 255, 193, 194, 159, 243, 222, 215, 231, 76,
       175, 78, 251, 6, 230, 129, 199, 59, 248, 71, 61, 39, 247, 159, 14,
       41, 54, 223, 126, 135, 207, 181, 180, 183, 69, 194, 150, 122, 218,
       215, 167, 204, 251, 198, 118, 114, 74, 174, 127, 67, 90, 104, 45,
       140, 241, 175, 78, 207, 43, 80, 254, 157, 207, 231, 72, 167, 24,
       222, 241, 245, 139, 191, 21, 47, 55, 211, 43, 0, 98, 188, 95, 147,
       184, 67, 143, 68, 208, 135, 173, 200, 55, 132, 238, 169, 147, 133,
       132, 175, 86, 220, 20, 113, 154, 43, 63, 12, 59, 204, 9, 151, 215,
       181, 178, 42, 45, 183, 60, 215, 94, 244, 221, 38, 162, 243, 55,
