%YAML:1.0
---
descriptors: !!opencv-matrix
   rows: 223
   cols: 32
   dt: u
   data: [ 8, 140, 122, 103, 52, 238, 99, 53, 116, 13, 127, 16, 243, 49,
       128, 112, 19, 46, 4, 40, 56, 188, 105, 47, 239, 239, 48, 64, 224,
       130, 198, 41, 173, 115, 57, 110, 125, 13, 83, 184, 118, 76, 181,
       76, 246, 81, 11, 48, 156, 72, 76, 110, 203, 38, 123, 31, 227, 221,
       33, 60, 82, 187, 66, 227, 241, 128, 107, 229, 4, 10, 104, 112,
       101, 33, 243, 246, 19, 9, 148, 66, 104, 132, 55, 141, 153, 188,
       69, 196, 214, 233, 178, 192, 45, 136, 112, 0, 65, 158, 15, 101,
       52, 62, 96, 51, 237, 73, 126, 100, 247, 49, 144, 118, 4, 36, 124,
       44, 177, 184, 229, 15, 166, 254, 98, 192, 200, 160, 91, 37, 114,
       139, 224, 12, 219, 213, 216, 71, 75, 101, 172, 143, 40, 172, 86,
       148, 172, 171, 227, 133, 158, 43, 246, 209, 59, 124, 152, 59, 215,
       12, 254, 222, 1, 70, 74, 123, 112, 175, 239, 112, 60, 14, 117,
       229, 181, 67, 171, 17, 126, 43, 23, 174, 224, 144, 8, 125, 228,
       141, 162, 160, 120, 211, 43, 129, 99, 71, 98, 140, 100, 146, 174,
       96, 121, 64, 218, 131, 72, 236, 54, 33, 254, 237, 179, 231, 196,
       179, 166, 204, 54, 56, 202, 137, 69, 166, 126, 220, 9, 151, 125,
       171, 54, 206, 175, 189, 76, 108, 93, 230, 221, 124, 190, 32, 63,
       67, 23, 239, 209, 184, 61, 253, 108, 47, 47, 196, 93, 142, 149,
       241, 29, 23, 111, 224, 214, 178, 105, 115, 245, 193, 207, 214, 89,
       231, 180, 229, 127, 165, 27, 188, 185, 147, 52, 222, 218, 239,
       139, 64, 191, 161, 113, 112, 2, 204, 27, 219, 22, 231, 186, 226,
       30, 1, 88, 2, 244, 236, 49, 192, 219, 59, 131, 17, 3, 184, 24,
       255, 109, 54, 139, 64, 157, 11, 49, 178, 57, 37, 235, 232, 95,
       115, 201, 75, 87, 133, 236, 130, 27, 173, 51, 108, 122, 170, 18,
       188, 26, 187, 117, 142, 219, 237, 130, 9, 247, 200, 112, 224, 34,
       176, 235, 209, 247, 247, 185, 71, 95, 69, 88, 179, 8, 220, 126,
       40, 255, 59, 147, 145, 151, 186, 180, 195, 79, 29, 154, 239, 197,
       76, 247, 214, 147, 141, 79, 222, 50, 128, 43, 246, 180, 1, 80,
       194, 61, 231, 177, 97, 110, 251, 155, 204, 227, 139, 38, 255, 240,
       38, 154, 136, 52, 149, 33, 184, 130, 91, 74, 157, 107, 144, 188,
       198, 157, 12, 80, 167, 172, 142, 55, 196, 230, 107, 179, 197, 198,
       158, 134, 235, 38, 52, 154, 139, 29, 20, 57, 223, 130, 157, 16,
       155, 245, 215, 190, 175, 29, 7, 94, 19, 236, 126, 46, 196, 215,
       83, 155, 227, 118, 152, 89, 255, 47, 54, 158, 195, 22, 76, 189,
       95, 163, 145, 98, 89, 245, 223, 160, 71, 93, 77, 119, 18, 8, 28,
       182, 172, 124, 26, 146, 25, 247, 188, 117, 214, 47, 94, 150, 67,
       215, 140, 252, 237, 86, 149, 122, 202, 187, 210, 187, 97, 173, 72,
       221, 162, 76, 254, 166, 116, 254, 179, 159, 162, 85, 139, 32, 223,
       243, 180, 10, 203, 23, 38, 167, 215, 1, 31, 27, 251, 180, 175,
       107, 19, 92, 73, 90, 102, 247, 241, 177, 96, 215, 42, 30, 28, 179,
       184, 105, 127, 236, 174, 34, 192, 156, 202, 113, 169, 2, 161, 144,
       137, 253, 169, 184, 207, 30, 53, 121, 26, 140, 187, 96, 204, 235,
       11, 203, 17, 18, 88, 91, 209, 29, 20, 159, 239, 150, 8, 133, 135,
       101, 231, 144, 67, 253, 63, 70, 152, 123, 248, 173, 76, 194, 120,
       223, 190, 145, 68, 236, 126, 157, 112, 221, 50, 46, 94, 69, 126,
       202, 255, 202, 4, 7, 187, 136, 131, 213, 149, 170, 200, 95, 233,
       89, 70, 168, 248, 127, 164, 221, 75, 146, 215, 215, 58, 222, 243,
       46, 93, 143, 111, 221, 30, 89, 148, 86, 221, 247, 167, 213, 78,
       118, 231, 61, 121, 250, 67, 110, 62, 96, 82, 235, 215, 191, 211,
       94, 251, 25, 239, 253, 246, 206, 67, 33, 86, 166, 91, 22, 157,
       182, 130, 213, 66, 182, 231, 61, 21, 218, 35, 12, 62, 38, 80, 237,
       215, 47, 209, 124, 187, 49, 230, 185, 182, 222, 71, 128, 92, 165,
       94, 52, 156, 173, 183, 156, 102, 223, 191, 242, 215, 167, 21, 211,
       111, 91, 43, 217, 215, 121, 187, 191, 235, 251, 43, 233, 239, 255,
       84, 192, 112, 246, 210, 126, 112, 164, 182, 141, 120, 84, 140,
       195, 247, 135, 187, 79, 252, 91, 223, 193, 214, 253, 51, 76, 71,
       251, 160, 219, 243, 221, 63, 166, 127, 220, 86, 132, 156, 122, 91,
       240, 231, 183, 246, 92, 31, 124, 16, 124, 115, 175, 109, 127, 90,
       2, 42, 242, 188, 56, 127, 111, 30, 118, 64, 211, 241, 229, 171,
       218, 208, 116, 240, 47, 29, 92, 182, 189, 123, 147, 59, 206, 31,
       46, 123, 231, 149, 253, 35, 252, 109, 123, 213, 147, 251, 88, 215,
       22, 141, 133, 87, 92, 179, 179, 178, 169, 204, 95, 252, 171, 157,
       173, 29, 238, 247, 74, 30, 181, 215, 237, 19, 90, 67, 186, 161,
       249, 241, 31, 126, 130, 6, 167, 99, 10, 88, 178, 159, 21, 215,
       186, 206, 31, 71, 92, 19, 172, 222, 39, 76, 217, 57, 131, 193, 38,
       180, 112, 255, 7, 118, 154, 3, 22, 28, 61, 222, 4, 195, 191, 123,
       144, 157, 238, 189, 254, 21, 107, 196, 255, 238, 120, 224, 245,
       91, 42, 210, 215, 232, 58, 117, 173, 215, 15, 76, 208, 146, 165,
       32, 138, 88, 162, 190, 77, 84, 190, 200, 154, 70, 84, 131, 172,
       222, 115, 175, 204, 121, 179, 199, 228, 86, 222, 227, 23, 113,
       218, 171, 23, 125, 63, 222, 53, 39, 225, 71, 222, 51, 199, 248,
       64, 226, 249, 238, 83, 104, 157, 167, 89, 204, 6, 239, 233, 242,
       237, 174, 60, 14, 229, 52, 109, 251, 80, 164, 53, 7, 111, 232,
       182, 163, 203, 113, 212, 192, 219, 230, 83, 233, 176, 96, 126,
       162, 31, 189, 185, 163, 36, 156, 218, 237, 170, 200, 189, 235,
       112, 49, 92, 148, 190, 247, 169, 124, 21, 51, 172, 27, 143, 16,
       254, 119, 10, 107, 161, 119, 253, 10, 112, 65, 187, 1, 195, 251,
       126, 19, 130, 96, 141, 35, 2, 77, 207, 157, 86, 170, 238, 102,
       253, 130, 250, 195, 164, 170, 53, 65, 106, 231, 14, 193, 97, 187,
       4, 238, 180, 54, 218, 0, 45, 120, 113, 140, 143, 191, 110, 179,
       244, 145, 235, 181, 191, 81, 23, 183, 253, 206, 254, 33, 47, 59,
       19, 159, 243, 184, 62, 247, 110, 91, 158, 192, 31, 134, 145, 244,
       138, 104, 244, 241, 47, 249, 248, 22, 255, 183, 54, 147, 173, 15,
       213, 143, 167, 177, 253, 153, 166, 124, 231, 224, 15, 219, 215,
       227, 231, 149, 79, 143, 198, 57, 146, 154, 219, 165, 180, 71, 142,
       21, 137, 31, 172, 154, 103, 206, 201, 59, 203, 17, 22, 75, 210,
       240, 61, 16, 158, 123, 144, 76, 143, 142, 71, 180, 135, 17, 171,
       248, 60, 135, 187, 91, 177, 253, 140, 246, 204, 159, 167, 71, 253,
       20, 55, 77, 186, 96, 140, 114, 126, 250, 138, 84, 163, 215, 38,
       71, 106, 207, 246, 99, 255, 248, 20, 174, 95, 227, 81, 109, 191,
       64, 127, 76, 23, 238, 224, 144, 109, 254, 110, 47, 175, 133, 53,
       251, 244, 225, 124, 103, 224, 39, 201, 75, 87, 152, 115, 254, 189,
       169, 75, 109, 223, 26, 25, 204, 236, 118, 204, 114, 237, 42, 126,
       77, 101, 189, 227, 255, 86, 82, 213, 81, 47, 110, 40, 26, 207, 56,
       236, 142, 243, 100, 243, 202, 185, 235, 146, 101, 124, 110, 201,
       165, 47, 46, 160, 235, 107, 144, 88, 51, 97, 113, 118, 169, 233,
       232, 223, 81, 223, 203, 3, 245, 156, 139, 1, 173, 87, 6, 121, 223,
       179, 241, 26, 107, 255, 242, 123, 68, 141, 127, 245, 237, 246,
       242, 14, 141, 50, 223, 213, 215, 190, 99, 31, 0, 79, 2, 236, 254,
       37, 228, 248, 59, 147, 129, 102, 154, 58, 255, 63, 118, 143, 11,
       18, 78, 181, 206, 4, 175, 144, 187, 216, 237, 111, 223, 119, 89,
       187, 16, 210, 225, 88, 238, 93, 218, 238, 217, 155, 122, 203, 99,
       237, 20, 23, 124, 218, 219, 160, 4, 31, 51, 127, 101, 38, 54, 123,
       24, 111, 232, 95, 231, 121, 95, 151, 124, 182, 189, 181, 239, 141,
       208, 165, 205, 70, 251, 235, 134, 47, 167, 112, 117, 131, 13, 106,
       133, 230, 146, 188, 119, 125, 224, 82, 199, 41, 170, 182, 161,
       110, 175, 183, 133, 197, 152, 5, 200, 54, 25, 254, 130, 45, 132,
       185, 221, 50, 143, 91, 252, 114, 227, 95, 99, 149, 4, 252, 163,
       33, 239, 164, 81, 126, 187, 135, 160, 120, 139, 6, 223, 114, 165,
