%YAML:1.0
---
descriptors: !!opencv-matrix
   rows: 104
   cols: 32
   dt: u
   data: [ 3, 200, 10, 153, 16, 130, 58, 70, 62, 65, 66, 199, 180, 194,
       39, 72, 244, 43, 51, 149, 38, 156, 6, 255, 196, 38, 154, 195, 156,
       0, 57, 154, 93, 151, 75, 175, 18, 22, 78, 248, 36, 64, 223, 199,
       123, 111, 154, 208, 126, 197, 29, 239, 221, 147, 29, 173, 242,
       237, 171, 132, 47, 167, 40, 80, 27, 219, 67, 43, 178, 134, 107,
       253, 37, 72, 106, 229, 253, 103, 162, 84, 118, 171, 31, 236, 221,
       152, 45, 93, 232, 180, 47, 196, 58, 134, 163, 253, 172, 120, 61,
       97, 32, 111, 81, 24, 121, 122, 55, 24, 151, 31, 1, 59, 133, 157,
       85, 106, 169, 116, 121, 18, 199, 219, 113, 52, 104, 161, 70, 51,
       224, 161, 145, 100, 221, 4, 69, 141, 34, 184, 160, 8, 211, 113,
       81, 50, 152, 222, 113, 120, 91, 106, 219, 0, 237, 152, 133, 60,
       192, 48, 210, 42, 215, 96, 229, 83, 171, 243, 90, 136, 127, 245,
       231, 181, 75, 78, 223, 254, 55, 204, 236, 222, 143, 212, 255, 240,
       10, 122, 69, 71, 174, 151, 108, 84, 118, 255, 250, 90, 234, 249,
       182, 204, 251, 143, 253, 171, 110, 254, 109, 184, 187, 215, 231,
       82, 86, 99, 170, 243, 59, 247, 39, 239, 225, 83, 167, 199, 90,
       102, 206, 246, 74, 240, 57, 198, 183, 23, 198, 179, 109, 231, 235,
       91, 103, 255, 235, 144, 2, 197, 170, 225, 215, 227, 255, 137, 166,
       208, 39, 250, 146, 205, 74, 156, 147, 146, 62, 231, 182, 65, 198,
       151, 41, 226, 50, 208, 120, 171, 139, 197, 126, 155, 22, 255, 186,
       39, 158, 75, 61, 4, 184, 30, 33, 164, 125, 69, 85, 109, 97, 54,
       105, 65, 110, 8, 178, 17, 20, 52, 0, 14, 82, 8, 3, 184, 241, 13,
       71, 184, 16, 64, 74, 136, 66, 168, 8, 141, 147, 251, 149, 197, 67,
       199, 86, 1, 64, 0, 190, 215, 32, 224, 201, 58, 155, 81, 59, 168,
       82, 191, 169, 247, 158, 75, 146, 8, 244, 170, 245, 52, 123, 197,
       214, 70, 107, 120, 113, 234, 247, 86, 83, 23, 145, 123, 122, 220,
       21, 250, 249, 246, 241, 78, 223, 171, 231, 132, 173, 161, 114,
       241, 165, 204, 87, 93, 244, 207, 239, 247, 85, 162, 112, 82, 112,
       97, 180, 164, 123, 122, 18, 170, 241, 188, 36, 254, 44, 30, 21,
       64, 87, 248, 192, 168, 253, 239, 224, 14, 189, 83, 70, 236, 115,
       228, 237, 136, 107, 96, 223, 149, 122, 238, 140, 110, 108, 227,
       237, 255, 186, 95, 5, 57, 119, 247, 254, 76, 251, 214, 244, 92,
       247, 58, 94, 191, 123, 78, 126, 191, 107, 105, 159, 213, 55, 199,
       181, 44, 238, 246, 13, 223, 114, 255, 69, 135, 127, 252, 202, 95,
       13, 222, 179, 179, 242, 189, 183, 247, 60, 95, 126, 247, 253, 125,
       138, 137, 255, 91, 215, 21, 243, 248, 106, 183, 110, 207, 126,
       192, 206, 220, 135, 249, 88, 186, 147, 112, 49, 232, 81, 23, 174,
       13, 174, 40, 190, 147, 0, 86, 160, 54, 108, 24, 18, 41, 130, 1,
       209, 245, 48, 91, 194, 0, 7, 43, 93, 179, 156, 240, 169, 12, 92,
       29, 171, 189, 149, 93, 222, 247, 74, 90, 133, 23, 253, 16, 30, 67,
       219, 0, 203, 251, 127, 255, 138, 34, 139, 67, 191, 31, 253, 255,
       230, 118, 95, 113, 25, 206, 125, 118, 127, 63, 143, 55, 238, 247,
       149, 195, 249, 250, 57, 234, 179, 255, 124, 130, 239, 246, 226,
       255, 127, 252, 220, 154, 171, 221, 84, 204, 191, 219, 132, 45,
       110, 243, 79, 218, 135, 235, 253, 86, 63, 79, 218, 243, 186, 223,
       95, 251, 154, 116, 170, 95, 215, 24, 60, 226, 173, 191, 90, 144,
       239, 248, 167, 77, 223, 159, 87, 123, 135, 181, 125, 223, 141, 69,
       219, 240, 195, 217, 75, 118, 152, 179, 11, 18, 93, 217, 175, 173,
       128, 14, 127, 252, 58, 122, 102, 4, 223, 55, 26, 115, 181, 85,
       113, 110, 193, 209, 57, 61, 225, 239, 111, 4, 120, 51, 131, 115,
       91, 58, 212, 68, 235, 30, 124, 55, 107, 174, 190, 172, 108, 34,
       199, 158, 39, 231, 236, 140, 197, 89, 167, 200, 154, 255, 85, 179,
       239, 244, 11, 13, 97, 125, 57, 119, 221, 237, 71, 134, 235, 234,
       168, 8, 178, 184, 85, 48, 136, 238, 120, 75, 79, 122, 242, 59,
       229, 188, 20, 58, 88, 89, 210, 14, 50, 173, 33, 152, 157, 229,
       199, 239, 22, 69, 200, 19, 34, 236, 118, 4, 217, 138, 3, 153, 58,
       42, 122, 247, 185, 22, 159, 121, 209, 76, 244, 238, 111, 176, 185,
       113, 169, 93, 17, 156, 27, 255, 20, 61, 222, 125, 207, 186, 149,
       87, 245, 53, 159, 68, 251, 163, 203, 95, 125, 191, 194, 244, 142,
       119, 139, 158, 254, 95, 239, 50, 254, 190, 127, 223, 118, 183,
       233, 44, 150, 237, 71, 78, 191, 31, 244, 252, 111, 239, 110, 127,
       118, 131, 231, 245, 252, 223, 93, 179, 156, 160, 168, 12, 92, 25,
       171, 189, 189, 109, 223, 247, 74, 90, 135, 5, 253, 28, 158, 73,
       235, 0, 219, 249, 103, 255, 128, 162, 139, 67, 141, 158, 252, 223,
       247, 252, 124, 183, 55, 91, 94, 246, 249, 117, 167, 239, 103, 122,
       191, 12, 179, 216, 123, 255, 78, 255, 117, 131, 190, 236, 72, 253,
       137, 158, 181, 191, 177, 253, 125, 255, 55, 95, 126, 245, 255,
       255, 219, 237, 63, 91, 183, 28, 243, 252, 43, 191, 239, 223, 119,
       196, 254, 228, 5, 249, 126, 113, 229, 34, 203, 95, 127, 216, 167,
       244, 171, 143, 74, 221, 95, 255, 251, 221, 255, 247, 207, 67, 191,
       208, 59, 89, 205, 191, 111, 119, 126, 214, 85, 141, 15, 175, 146,
       134, 111, 176, 164, 64, 203, 198, 213, 103, 184, 96, 118, 101, 62,
       239, 145, 145, 61, 45, 228, 167, 234, 192, 44, 163, 33, 112, 85,
       189, 154, 82, 189, 253, 178, 231, 239, 233, 186, 8, 246, 248, 68,
       34, 161, 127, 108, 81, 23, 233, 154, 96, 187, 156, 5, 115, 200,
       106, 137, 15, 129, 34, 151, 177, 100, 171, 169, 19, 62, 51, 82,
       242, 157, 130, 208, 107, 107, 15, 42, 25, 51, 220, 199, 209, 68,
       163, 250, 192, 132, 72, 33, 169, 229, 54, 237, 101, 164, 46, 105,
       25, 121, 238, 119, 252, 211, 45, 155, 58, 30, 68, 124, 62, 185,
       244, 229, 8, 198, 187, 101, 148, 204, 234, 82, 113, 222, 52, 245,
       85, 171, 122, 21, 175, 185, 250, 142, 48, 222, 119, 205, 191, 55,
       87, 253, 34, 241, 197, 183, 74, 171, 122, 117, 150, 198, 116, 7,
       123, 220, 189, 188, 254, 173, 125, 87, 188, 247, 190, 175, 24,
       254, 251, 73, 251, 209, 246, 253, 106, 122, 99, 251, 179, 235,
       255, 69, 63, 130, 123, 206, 2, 161, 164, 53, 113, 93, 111, 225, 7,
       116, 115, 227, 24, 146, 25, 24, 41, 137, 4, 74, 56, 43, 244, 113,
       23, 69, 158, 16, 116, 192, 72, 210, 162, 125, 180, 26, 234, 121,
       253, 82, 232, 127, 74, 237, 12, 126, 222, 110, 244, 221, 251, 222,
       34, 79, 39, 250, 251, 179, 221, 3, 59, 90, 83, 47, 23, 57, 221,
       123, 110, 83, 197, 83, 240, 101, 64, 253, 14, 63, 223, 33, 112,
       254, 251, 148, 226, 203, 187, 56, 63, 243, 205, 32, 42, 123, 35,
       34, 251, 108, 160, 241, 97, 236, 107, 99, 152, 107, 181, 61, 24,
       215, 21, 72, 58, 27, 92, 102, 58, 19, 112, 233, 2, 205, 158, 37,
       116, 194, 235, 198, 226, 10, 218, 2, 186, 105, 197, 156, 239, 142,
       13, 72, 133, 172, 199, 34, 64, 205, 59, 163, 133, 70, 10, 82, 245,
       97, 119, 158, 235, 16, 12, 173, 219, 33, 200, 34, 155, 93, 213,
       164, 230, 94, 69, 72, 2, 162, 216, 54, 228, 201, 42, 130, 9, 79,
       186, 118, 181, 5, 22, 154, 107, 80, 28, 124, 174, 70, 180, 172,
       179, 189, 237, 184, 139, 142, 127, 137, 179, 140, 158, 74, 74,
       131, 23, 251, 21, 22, 77, 219, 210, 141, 20, 159, 255, 148, 77,
       149, 83, 82, 171, 98, 200, 155, 130, 185, 103, 175, 5, 254, 131,
       40, 135, 38, 84, 236, 191, 207, 212, 26, 139, 128, 221, 251, 244,
       142, 235, 19, 4, 167, 234, 11, 154, 244, 223, 103, 157, 120, 189,
       191, 89, 119, 230, 233, 255, 182, 239, 103, 122, 191, 28, 135,
       216, 255, 253, 78, 123, 215, 199, 190, 142, 73, 221, 11, 184, 231,
       247, 113, 223, 120, 252, 183, 251, 87, 85, 253, 255, 120, 175,
       255, 123, 183, 156, 179, 88, 59, 245, 15, 223, 215, 228, 254, 143,
       164, 253, 37, 120, 153, 243, 236, 125, 195, 216, 91, 251, 53, 28,
       147, 221, 79, 56, 153, 200, 70, 90, 31, 118, 250, 48, 143, 221,
