%YAML:1.0
---
descriptors: !!opencv-matrix
   rows: 100
   cols: 32
   dt: u
   data: [ 70, 173, 128, 183, 221, 168, 174, 175, 187, 179, 9, 27, 236,
       234, 92, 199, 163, 107, 121, 147, 38, 72, 202, 243, 173, 22, 223,
       239, 132, 115, 139, 14, 119, 199, 229, 198, 212, 3, 206, 168, 83,
       162, 185, 202, 115, 104, 156, 48, 89, 196, 117, 239, 233, 227, 77,
       190, 56, 46, 229, 148, 109, 251, 210, 0, 213, 72, 87, 197, 6, 26,
       110, 32, 237, 162, 178, 66, 75, 10, 149, 255, 106, 228, 108, 234,
       233, 245, 101, 204, 182, 186, 195, 20, 101, 185, 112, 36, 188,
       228, 188, 106, 141, 109, 83, 200, 215, 22, 165, 24, 83, 209, 105,
       59, 89, 208, 232, 122, 42, 103, 250, 50, 219, 203, 65, 125, 243,
       123, 86, 34, 40, 184, 208, 241, 253, 233, 240, 207, 27, 189, 120,
       9, 14, 157, 68, 152, 137, 27, 130, 16, 22, 58, 210, 241, 31, 221,
       21, 107, 211, 76, 206, 143, 128, 248, 27, 120, 121, 237, 57, 87,
       191, 27, 96, 16, 188, 151, 96, 48, 197, 59, 74, 16, 115, 15, 178,
       87, 221, 221, 26, 106, 16, 0, 163, 187, 18, 193, 6, 190, 25, 134,
       16, 101, 141, 4, 194, 3, 230, 210, 38, 196, 232, 163, 43, 197, 76,
       137, 18, 237, 161, 246, 154, 3, 16, 14, 185, 14, 56, 249, 184, 97,
       245, 201, 176, 205, 94, 37, 112, 11, 191, 153, 100, 128, 154, 27,
       131, 80, 22, 58, 210, 177, 207, 205, 53, 107, 209, 8, 207, 139,
       37, 78, 153, 91, 224, 63, 239, 183, 124, 107, 126, 124, 211, 34,
       157, 57, 93, 78, 38, 46, 177, 240, 109, 58, 100, 190, 116, 20,
       216, 241, 202, 181, 128, 160, 185, 81, 232, 237, 169, 19, 170,
       191, 48, 56, 148, 151, 192, 59, 135, 59, 82, 25, 18, 92, 162, 64,
       77, 152, 127, 236, 192, 64, 135, 233, 220, 148, 58, 250, 51, 244,
       83, 216, 185, 93, 245, 25, 95, 223, 42, 89, 183, 155, 157, 115,
       62, 71, 58, 183, 219, 249, 42, 95, 146, 3, 47, 83, 129, 180, 189,
       243, 236, 237, 249, 159, 223, 123, 53, 124, 158, 189, 220, 43,
       135, 27, 127, 25, 179, 124, 251, 209, 207, 219, 119, 246, 220,
       200, 129, 177, 64, 153, 157, 254, 41, 205, 22, 166, 142, 25, 40,
       76, 190, 247, 0, 80, 133, 115, 236, 64, 18, 40, 218, 49, 229, 247,
       88, 58, 80, 9, 133, 11, 246, 64, 214, 172, 77, 70, 94, 232, 185,
       134, 243, 11, 74, 250, 45, 223, 248, 245, 237, 227, 108, 231, 155,
       202, 147, 242, 207, 31, 37, 63, 124, 6, 6, 165, 20, 131, 253, 105,
       184, 105, 30, 49, 185, 27, 204, 122, 72, 8, 187, 31, 107, 49, 22,
       112, 91, 214, 157, 22, 31, 119, 148, 74, 133, 130, 253, 53, 21,
       238, 173, 79, 86, 248, 111, 248, 177, 72, 223, 127, 9, 179, 221,
       213, 124, 122, 233, 99, 251, 180, 251, 219, 69, 62, 218, 123, 66,
       51, 198, 173, 150, 151, 149, 224, 166, 199, 59, 151, 138, 19, 228,
       226, 76, 207, 225, 79, 234, 211, 118, 89, 139, 227, 189, 54, 223,
       67, 128, 125, 181, 14, 100, 77, 158, 254, 189, 139, 86, 232, 223,
       128, 233, 9, 207, 233, 45, 82, 211, 103, 107, 98, 100, 227, 202,
       255, 171, 246, 71, 31, 208, 123, 137, 130, 62, 184, 182, 172, 121,
       15, 146, 232, 159, 232, 240, 169, 110, 255, 45, 148, 223, 221,
       247, 103, 76, 131, 74, 221, 187, 118, 13, 191, 82, 46, 38, 211,
       92, 219, 157, 247, 168, 78, 21, 188, 164, 189, 130, 33, 247, 55,
       8, 91, 132, 87, 109, 64, 88, 201, 233, 45, 233, 163, 127, 149,
       160, 51, 133, 123, 197, 74, 223, 213, 100, 42, 237, 16, 232, 178,
       242, 226, 217, 168, 181, 251, 98, 228, 110, 234, 225, 245, 165,
       232, 20, 58, 227, 128, 77, 241, 97, 36, 189, 74, 199, 85, 78, 58,
       229, 80, 116, 162, 118, 230, 83, 33, 149, 239, 122, 236, 102, 238,
       169, 244, 229, 8, 68, 171, 227, 128, 111, 249, 114, 161, 9, 162,
       196, 155, 218, 185, 41, 159, 54, 53, 69, 214, 237, 2, 202, 204,
       119, 10, 170, 156, 23, 88, 239, 85, 12, 39, 190, 228, 190, 132,
       137, 252, 253, 237, 189, 100, 141, 79, 71, 188, 66, 242, 172, 8,
       115, 113, 81, 50, 25, 230, 120, 110, 249, 107, 251, 42, 251, 143,
       69, 60, 89, 250, 210, 40, 58, 216, 190, 176, 39, 217, 16, 230,
       171, 157, 180, 43, 46, 159, 102, 18, 171, 241, 183, 81, 76, 239,
       18, 224, 219, 211, 86, 115, 99, 12, 47, 79, 220, 49, 178, 102, 83,
       14, 115, 17, 161, 172, 235, 8, 95, 147, 65, 18, 176, 253, 109, 98,
       8, 19, 152, 8, 209, 229, 1, 36, 96, 34, 7, 34, 9, 157, 159, 245,
       227, 46, 53, 183, 62, 211, 74, 16, 252, 55, 0, 123, 167, 127, 51,
       24, 49, 216, 19, 111, 237, 191, 86, 66, 128, 112, 163, 171, 84,
       121, 152, 118, 136, 76, 71, 54, 162, 166, 174, 12, 183, 55, 193,
       26, 0, 246, 108, 74, 73, 74, 243, 40, 179, 231, 117, 57, 232, 243,
       142, 56, 37, 12, 200, 85, 192, 59, 109, 167, 126, 163, 106, 24,
       211, 32, 21, 56, 25, 110, 34, 12, 112, 248, 109, 58, 101, 158,
       213, 0, 192, 241, 202, 128, 52, 37, 237, 69, 214, 107, 198, 175,
       86, 163, 235, 138, 83, 41, 17, 0, 25, 206, 66, 174, 24, 176, 77,
       63, 101, 15, 165, 53, 245, 251, 208, 160, 94, 59, 165, 164, 202,
       50, 29, 3, 168, 244, 139, 239, 205, 174, 215, 203, 230, 229, 253,
       231, 221, 91, 229, 192, 180, 96, 239, 190, 44, 103, 149, 85, 18,
       175, 35, 41, 179, 169, 11, 199, 175, 13, 136, 229, 174, 238, 36,
       20, 167, 43, 77, 149, 30, 137, 4, 255, 168, 84, 30, 210, 208, 70,
       167, 95, 244, 82, 158, 164, 44, 14, 87, 152, 32, 170, 243, 225,
       87, 83, 137, 91, 246, 213, 109, 226, 200, 215, 201, 8, 240, 227,
       231, 148, 32, 179, 34, 3, 72, 157, 153, 190, 185, 205, 23, 158,
       142, 25, 40, 8, 190, 183, 64, 80, 133, 123, 238, 64, 66, 42, 218,
       51, 229, 213, 48, 122, 80, 8, 7, 11, 214, 88, 255, 244, 110, 40,
       125, 22, 187, 218, 182, 250, 223, 191, 213, 123, 231, 245, 125,
       142, 169, 71, 227, 192, 214, 251, 255, 152, 165, 241, 35, 113, 70,
       165, 16, 131, 221, 111, 176, 73, 63, 177, 187, 27, 204, 120, 72,
       8, 187, 159, 107, 179, 50, 114, 217, 214, 157, 22, 15, 103, 128,
       75, 135, 130, 175, 255, 62, 250, 236, 141, 255, 149, 169, 90, 252,
       92, 188, 223, 31, 56, 143, 107, 87, 79, 195, 39, 250, 227, 103,
       185, 110, 152, 72, 219, 203, 185, 165, 199, 196, 159, 220, 3, 198,
       188, 18, 179, 185, 238, 211, 96, 217, 3, 89, 206, 38, 255, 107,
       98, 207, 191, 188, 6, 229, 252, 221, 123, 208, 128, 109, 125, 157,
       229, 172, 15, 92, 190, 59, 162, 170, 72, 159, 51, 65, 179, 151,
       85, 124, 120, 105, 218, 209, 26, 239, 223, 101, 52, 72, 240, 75,
       33, 68, 129, 158, 190, 60, 11, 82, 232, 158, 160, 225, 9, 207,
       235, 41, 82, 210, 101, 110, 98, 36, 227, 139, 62, 185, 247, 103,
       61, 80, 43, 9, 2, 42, 160, 86, 172, 59, 3, 152, 104, 143, 160,
       240, 137, 238, 223, 44, 144, 222, 189, 255, 101, 12, 131, 26, 221,
       155, 246, 11, 191, 84, 46, 43, 131, 85, 235, 153, 230, 40, 141,
       79, 188, 239, 172, 191, 72, 223, 227, 200, 118, 146, 245, 108,
       106, 73, 35, 235, 112, 185, 253, 39, 124, 0, 179, 67, 33, 88, 16,
       60, 229, 20, 14, 120, 59, 124, 168, 242, 34, 159, 27, 0, 80, 252,
       149, 125, 161, 168, 242, 65, 204, 215, 239, 251, 133, 33, 32, 97,
       43, 181, 79, 105, 103, 118, 10, 239, 112, 85, 232, 254, 230, 115,
       1, 149, 97, 126, 236, 22, 238, 233, 178, 101, 46, 118, 169, 161,
       128, 127, 187, 80, 169, 69, 227, 186, 70, 60, 15, 67, 152, 235,
       168, 175, 72, 223, 210, 201, 116, 144, 196, 108, 106, 201, 35,
       235, 120, 249, 189, 39, 60, 64, 163, 67, 33, 205, 74, 215, 213,
       100, 44, 233, 18, 232, 146, 118, 86, 253, 163, 241, 239, 102, 108,
       106, 206, 129, 245, 166, 224, 84, 187, 250, 0, 206, 241, 97, 160,
       3, 162, 68, 155, 200, 185, 168, 143, 14, 53, 85, 220, 141, 2, 202,
       204, 79, 11, 234, 156, 19, 92, 79, 209, 12, 17, 191, 236, 156,
       136, 137, 148, 53, 62, 227, 69, 20, 47, 75, 90, 85, 226, 251, 222,
       83, 97, 149, 188, 93, 228, 84, 174, 169, 246, 125, 14, 24, 14,
       161, 148, 239, 251, 82, 116, 225, 181, 157, 119, 189, 79, 71, 191,
