%YAML:1.0
---
descriptors: !!opencv-matrix
   rows: 205
   cols: 32
   dt: u
   data: [ 210, 142, 148, 190, 171, 169, 20, 39, 158, 19, 200, 189, 238,
       226, 32, 219, 199, 51, 233, 1, 54, 77, 194, 119, 184, 246, 94,
       123, 144, 76, 137, 7, 118, 227, 106, 174, 95, 151, 158, 232, 143,
       164, 249, 143, 76, 238, 62, 80, 252, 245, 239, 231, 204, 35, 200,
       252, 187, 116, 143, 63, 21, 63, 190, 214, 217, 85, 21, 101, 163,
       30, 70, 61, 105, 168, 103, 76, 222, 51, 136, 247, 54, 84, 108,
       106, 249, 240, 209, 12, 163, 250, 68, 22, 106, 178, 203, 37, 101,
       236, 189, 101, 40, 47, 79, 184, 26, 186, 173, 8, 215, 117, 89, 51,
       149, 85, 125, 110, 233, 100, 249, 63, 237, 155, 101, 60, 80, 251,
       66, 32, 228, 127, 157, 229, 172, 42, 71, 158, 112, 166, 170, 104,
       211, 35, 193, 91, 89, 212, 108, 122, 40, 240, 193, 10, 236, 167,
       101, 52, 128, 249, 86, 33, 128, 138, 255, 117, 16, 238, 177, 23,
       244, 23, 226, 144, 183, 45, 16, 75, 111, 54, 106, 17, 50, 252,
       117, 15, 205, 227, 114, 65, 224, 136, 69, 42, 221, 184, 148, 176,
       139, 184, 80, 143, 179, 243, 130, 125, 143, 178, 67, 219, 167,
       199, 236, 145, 63, 79, 202, 32, 154, 227, 125, 127, 168, 116, 171,
       11, 254, 47, 165, 182, 141, 109, 64, 47, 147, 247, 129, 153, 167,
       237, 89, 155, 137, 231, 253, 149, 62, 75, 206, 160, 217, 211, 221,
       121, 166, 108, 150, 82, 237, 120, 145, 84, 105, 239, 67, 146, 115,
       226, 34, 8, 158, 177, 65, 190, 129, 124, 96, 90, 9, 124, 240, 34,
       77, 220, 5, 52, 202, 49, 66, 50, 254, 255, 233, 122, 155, 245, 23,
       220, 147, 127, 189, 191, 74, 252, 78, 190, 141, 219, 213, 211,
       190, 107, 186, 243, 59, 93, 21, 255, 243, 87, 222, 215, 96, 65,
       120, 69, 116, 75, 99, 40, 117, 132, 102, 8, 211, 1, 1, 112, 18,
       212, 72, 106, 72, 176, 97, 12, 231, 169, 0, 21, 96, 170, 70, 42,
       77, 117, 17, 69, 81, 94, 54, 170, 121, 104, 106, 0, 218, 119, 12,
       244, 144, 93, 124, 106, 97, 144, 241, 94, 39, 254, 33, 6, 74, 113,
       131, 49, 44, 100, 53, 71, 83, 91, 183, 160, 109, 162, 107, 40,
       214, 85, 13, 180, 144, 92, 64, 106, 65, 180, 105, 14, 37, 156, 1,
       54, 67, 59, 70, 160, 124, 181, 186, 226, 217, 110, 87, 91, 35,
       173, 175, 25, 87, 255, 74, 16, 217, 159, 229, 16, 26, 154, 249, 2,
       251, 215, 53, 125, 160, 194, 238, 114, 108, 52, 184, 247, 173,
       108, 81, 27, 179, 191, 175, 25, 215, 255, 75, 90, 193, 214, 253,
       16, 26, 103, 219, 2, 207, 255, 245, 61, 162, 233, 86, 98, 109,
       124, 251, 84, 237, 125, 119, 222, 235, 235, 60, 108, 26, 253, 215,
       62, 159, 214, 118, 78, 129, 103, 250, 226, 95, 158, 117, 190, 202,
       251, 66, 255, 218, 20, 250, 160, 199, 123, 52, 71, 125, 119, 182,
       59, 14, 190, 102, 123, 235, 151, 255, 145, 60, 127, 145, 194, 219,
       243, 94, 115, 173, 76, 175, 31, 5, 111, 1, 7, 116, 30, 239, 184,
       125, 236, 123, 77, 223, 40, 159, 148, 180, 76, 68, 111, 197, 176,
       109, 46, 36, 60, 37, 132, 74, 191, 83, 213, 248, 170, 247, 120,
       11, 233, 81, 86, 162, 23, 164, 56, 63, 151, 0, 159, 39, 182, 237,
       24, 58, 79, 162, 49, 217, 225, 112, 120, 226, 192, 134, 107, 26,
       253, 183, 254, 155, 208, 63, 226, 183, 20, 206, 128, 172, 246, 33,
       116, 227, 251, 171, 194, 106, 203, 58, 255, 177, 231, 158, 11, 50,
       17, 37, 254, 17, 153, 63, 108, 27, 204, 53, 119, 172, 77, 110, 1,
       62, 183, 34, 112, 166, 51, 121, 8, 82, 137, 50, 111, 243, 237, 22,
       10, 64, 2, 167, 123, 56, 97, 104, 101, 13, 91, 209, 32, 65, 164,
       239, 8, 139, 25, 21, 180, 88, 156, 193, 106, 8, 178, 101, 140, 71,
       217, 0, 21, 103, 170, 94, 162, 108, 109, 153, 101, 184, 47, 71,
       184, 82, 186, 37, 72, 215, 115, 65, 27, 145, 92, 124, 106, 40,
       112, 217, 57, 237, 155, 101, 52, 208, 251, 66, 32, 201, 104, 59,
       250, 36, 140, 107, 16, 125, 76, 119, 12, 191, 131, 19, 120, 210,
       169, 76, 94, 139, 188, 176, 226, 195, 253, 50, 8, 74, 131, 67,
       104, 228, 109, 157, 245, 164, 14, 103, 151, 56, 186, 34, 12, 215,
       35, 65, 91, 133, 102, 104, 94, 121, 252, 209, 42, 237, 163, 117,
       16, 136, 248, 194, 56, 181, 112, 59, 238, 93, 95, 210, 104, 109,
       200, 245, 10, 94, 218, 45, 180, 248, 136, 78, 106, 205, 39, 248,
       220, 179, 248, 3, 62, 88, 59, 106, 134, 64, 140, 31, 185, 128,
       172, 105, 39, 188, 23, 98, 17, 183, 35, 32, 91, 161, 39, 105, 12,
       48, 252, 19, 119, 205, 182, 82, 64, 192, 0, 133, 10, 84, 113, 149,
       103, 12, 15, 135, 8, 106, 160, 171, 76, 215, 113, 73, 2, 144, 84,
       104, 99, 73, 241, 217, 40, 233, 172, 101, 20, 72, 123, 67, 34,
       207, 38, 231, 212, 231, 50, 188, 65, 185, 211, 87, 243, 73, 174,
       252, 239, 127, 221, 183, 175, 244, 215, 172, 194, 22, 91, 219,
       135, 135, 229, 251, 149, 121, 164, 152, 100, 80, 109, 83, 26, 114,
       161, 173, 8, 19, 147, 66, 48, 25, 220, 80, 24, 14, 94, 240, 10,
       219, 141, 37, 61, 160, 162, 74, 34, 92, 225, 145, 231, 156, 15,
       67, 56, 98, 160, 139, 72, 215, 113, 72, 96, 16, 68, 108, 122, 89,
       112, 217, 8, 237, 236, 37, 52, 232, 43, 81, 32, 252, 137, 23, 126,
       137, 66, 84, 96, 161, 16, 162, 9, 99, 251, 32, 211, 200, 244, 232,
       98, 125, 107, 146, 172, 179, 242, 193, 27, 58, 59, 100, 2, 206,
       218, 189, 190, 42, 101, 21, 186, 159, 126, 150, 253, 254, 253,
       235, 75, 135, 83, 253, 7, 225, 69, 123, 177, 193, 211, 127, 190,
       22, 125, 5, 123, 220, 86, 190, 62, 40, 125, 21, 178, 222, 127,
       183, 253, 206, 252, 139, 75, 133, 119, 236, 39, 173, 101, 107, 50,
       192, 243, 121, 151, 200, 125, 5, 87, 133, 225, 17, 147, 220, 105,
       166, 204, 126, 241, 33, 26, 214, 112, 72, 44, 57, 202, 98, 122,
       51, 114, 93, 54, 189, 134, 71, 116, 217, 27, 195, 160, 37, 101,
       99, 7, 244, 90, 239, 188, 125, 224, 123, 141, 211, 108, 159, 180,
       24, 204, 84, 111, 205, 176, 125, 46, 38, 62, 165, 148, 78, 255,
       82, 220, 254, 186, 133, 182, 173, 237, 80, 167, 187, 187, 128,
       249, 135, 244, 64, 155, 129, 247, 253, 17, 59, 79, 202, 162, 153,
       211, 93, 255, 128, 108, 150, 115, 120, 186, 255, 72, 43, 221, 81,
       88, 227, 28, 180, 44, 59, 151, 193, 54, 38, 180, 236, 72, 139, 99,
       242, 17, 211, 249, 96, 187, 99, 131, 70, 123, 108, 120, 185, 252,
       108, 108, 81, 154, 35, 175, 108, 8, 215, 247, 73, 90, 81, 220,
       125, 26, 8, 114, 251, 32, 215, 255, 113, 60, 194, 251, 70, 115,
       240, 77, 151, 148, 199, 106, 101, 167, 184, 166, 234, 11, 6, 163,
       33, 91, 105, 246, 104, 130, 104, 255, 208, 106, 177, 166, 214, 17,
       129, 120, 244, 106, 121, 189, 145, 178, 153, 189, 80, 142, 163,
       249, 168, 93, 175, 242, 73, 154, 129, 207, 236, 21, 31, 75, 218,
       49, 155, 213, 29, 122, 138, 85, 138, 26, 208, 95, 159, 254, 130,
       66, 52, 39, 180, 138, 202, 224, 253, 243, 33, 83, 38, 119, 108,
       194, 96, 205, 131, 107, 241, 231, 126, 3, 32, 112, 165, 43, 81,
       149, 29, 97, 146, 207, 67, 191, 102, 49, 175, 24, 215, 55, 136,
       112, 17, 22, 76, 56, 59, 41, 121, 31, 233, 143, 53, 84, 240, 138,
       132, 57, 60, 101, 254, 100, 13, 79, 85, 120, 97, 164, 238, 8, 83,
       209, 11, 18, 88, 148, 205, 104, 72, 163, 209, 8, 243, 233, 37, 29,
       99, 250, 110, 162, 208, 158, 174, 55, 170, 234, 16, 19, 174, 91,
       146, 245, 247, 254, 144, 107, 167, 119, 253, 1, 189, 205, 195, 53,
       192, 227, 122, 209, 140, 64, 141, 27, 68, 127, 51, 87, 112, 238,
       55, 48, 169, 172, 123, 108, 222, 119, 133, 52, 150, 117, 196, 98,
       129, 176, 232, 78, 103, 180, 33, 134, 66, 243, 7, 241, 36, 241,
       177, 88, 93, 221, 215, 184, 219, 236, 61, 8, 198, 220, 77, 52,
       153, 120, 196, 82, 199, 98, 250, 151, 111, 220, 5, 63, 82, 59, 70,
       231, 64, 251, 155, 225, 176, 76, 53, 182, 42, 61, 46, 112, 156,
       183, 200, 86, 133, 87, 237, 80, 83, 89, 177, 101, 237, 244, 62,
       230, 130, 16, 135, 123, 137, 170, 222, 179, 236, 189, 248, 215,
