%YAML:1.0
---
descriptors: !!opencv-matrix
   rows: 364
   cols: 32
   dt: u
   data: [ 10, 92, 175, 245, 117, 204, 121, 54, 189, 202, 70, 0, 188,
       191, 33, 97, 224, 59, 187, 0, 33, 157, 48, 238, 231, 247, 222, 1,
       24, 24, 85, 186, 190, 204, 124, 250, 135, 193, 94, 231, 31, 23,
       240, 19, 110, 255, 40, 65, 249, 219, 181, 131, 122, 94, 26, 247,
       251, 247, 223, 119, 53, 88, 180, 10, 143, 221, 1, 138, 229, 215,
       174, 237, 92, 106, 25, 86, 204, 88, 188, 165, 223, 3, 146, 99,
       245, 43, 60, 255, 46, 95, 143, 238, 95, 14, 249, 133, 47, 183,
       120, 227, 253, 127, 253, 121, 127, 127, 191, 191, 207, 125, 94,
       45, 191, 159, 255, 53, 190, 120, 123, 214, 255, 95, 173, 247, 199,
       206, 214, 247, 158, 153, 255, 118, 163, 71, 31, 233, 63, 242, 247,
       58, 95, 255, 44, 59, 183, 247, 245, 243, 249, 213, 59, 234, 219,
       251, 77, 199, 167, 225, 165, 115, 250, 244, 253, 119, 11, 94, 85,
       191, 127, 127, 103, 53, 122, 125, 206, 125, 183, 94, 189, 32, 235,
       212, 127, 19, 79, 251, 85, 134, 106, 92, 212, 127, 30, 29, 239,
       127, 155, 118, 27, 218, 55, 220, 206, 161, 121, 255, 147, 110, 93,
       127, 181, 244, 168, 83, 239, 170, 219, 231, 239, 139, 167, 247,
       38, 255, 248, 186, 180, 52, 109, 249, 81, 55, 227, 63, 180, 57,
       42, 189, 194, 159, 201, 182, 237, 0, 62, 111, 226, 131, 219, 241,
       112, 251, 226, 76, 86, 107, 122, 238, 67, 160, 86, 66, 107, 246,
       45, 69, 146, 163, 9, 15, 220, 84, 110, 221, 31, 253, 72, 159, 101,
       230, 186, 204, 174, 196, 39, 151, 55, 120, 60, 73, 126, 204, 13,
       215, 223, 104, 143, 132, 188, 10, 126, 253, 55, 162, 120, 249,
       255, 234, 72, 35, 122, 217, 243, 237, 137, 61, 115, 47, 124, 226,
       241, 166, 204, 181, 116, 10, 105, 123, 54, 165, 214, 254, 83, 99,
       144, 88, 127, 204, 110, 172, 40, 222, 205, 30, 252, 174, 245, 148,
       173, 168, 80, 8, 202, 58, 55, 248, 105, 229, 56, 71, 175, 29, 208,
       177, 172, 207, 100, 222, 238, 187, 239, 144, 22, 79, 162, 241,
       215, 240, 154, 251, 18, 4, 167, 255, 193, 194, 78, 189, 108, 9,
       236, 35, 205, 82, 210, 83, 253, 72, 54, 227, 106, 37, 126, 111,
       229, 189, 71, 221, 148, 58, 242, 192, 92, 168, 121, 12, 47, 18,
       33, 35, 65, 127, 75, 208, 55, 254, 53, 197, 75, 70, 251, 189, 221,
       24, 150, 103, 173, 144, 125, 156, 143, 81, 201, 230, 186, 167, 22,
       245, 16, 221, 59, 190, 119, 197, 183, 231, 78, 76, 124, 39, 60,
       220, 34, 96, 234, 123, 19, 67, 71, 171, 50, 255, 97, 165, 14, 11,
       81, 26, 165, 251, 10, 189, 177, 185, 219, 205, 185, 203, 62, 117,
       72, 155, 188, 191, 64, 8, 175, 27, 179, 145, 146, 90, 146, 243,
       93, 21, 30, 110, 212, 68, 135, 250, 242, 75, 14, 188, 13, 129, 94,
       230, 141, 12, 200, 171, 47, 239, 35, 81, 192, 227, 175, 199, 76,
       11, 2, 189, 242, 243, 202, 155, 20, 61, 60, 75, 189, 80, 243, 88,
       20, 135, 227, 80, 215, 65, 119, 86, 91, 221, 189, 108, 126, 172,
       2, 62, 161, 181, 60, 202, 65, 174, 147, 4, 255, 186, 112, 244, 27,
       28, 110, 231, 167, 118, 252, 83, 109, 254, 255, 35, 105, 62, 183,
       232, 239, 159, 151, 163, 172, 179, 61, 223, 151, 223, 235, 135,
       167, 239, 124, 223, 207, 50, 247, 196, 100, 60, 232, 16, 233, 218,
       178, 252, 223, 42, 213, 255, 230, 213, 126, 223, 133, 103, 229,
       192, 150, 120, 234, 130, 143, 245, 99, 61, 246, 109, 154, 158,
       219, 99, 182, 236, 188, 174, 249, 185, 204, 246, 41, 217, 255,
       223, 235, 227, 124, 195, 203, 254, 189, 54, 79, 191, 128, 115,
       175, 151, 77, 82, 247, 205, 108, 60, 233, 16, 233, 218, 242, 238,
       217, 44, 149, 239, 110, 196, 126, 142, 129, 246, 229, 192, 22,
       120, 242, 136, 207, 245, 97, 189, 45, 90, 119, 69, 36, 10, 239,
       48, 100, 234, 242, 228, 243, 5, 149, 116, 126, 228, 126, 110, 201,
       180, 101, 12, 36, 238, 98, 128, 109, 187, 80, 113, 207, 150, 196,
       19, 235, 56, 188, 158, 63, 127, 55, 245, 205, 38, 206, 222, 39,
       87, 239, 150, 182, 84, 207, 242, 30, 119, 223, 231, 174, 213, 139,
       85, 61, 80, 123, 108, 93, 95, 83, 112, 101, 192, 229, 8, 91, 219,
       43, 48, 216, 188, 84, 106, 73, 163, 112, 140, 243, 249, 0, 29,
       106, 43, 114, 242, 85, 145, 25, 234, 184, 237, 91, 200, 239, 25,
       185, 8, 222, 219, 73, 120, 179, 147, 110, 24, 19, 35, 74, 117,
       217, 221, 50, 126, 216, 3, 131, 35, 207, 250, 149, 181, 170, 43,
       188, 191, 186, 243, 18, 255, 220, 46, 193, 171, 167, 87, 255, 5,
       229, 77, 151, 194, 140, 18, 127, 182, 140, 244, 11, 221, 101, 6,
       78, 65, 52, 46, 107, 50, 124, 9, 123, 84, 211, 32, 159, 113, 80,
       4, 108, 60, 189, 176, 101, 14, 76, 255, 96, 196, 200, 235, 80, 5,
       198, 48, 154, 178, 236, 228, 176, 194, 30, 159, 240, 19, 148, 158,
       107, 75, 233, 251, 163, 145, 54, 94, 146, 224, 221, 209, 254, 107,
       129, 73, 47, 202, 129, 99, 72, 109, 36, 155, 100, 188, 116, 32,
       118, 192, 179, 193, 145, 37, 26, 8, 70, 110, 200, 180, 103, 21,
       164, 216, 96, 4, 110, 154, 90, 136, 56, 89, 59, 238, 125, 205, 83,
       112, 196, 64, 229, 8, 63, 221, 33, 112, 152, 248, 214, 66, 73, 43,
       122, 61, 243, 237, 32, 57, 114, 27, 70, 250, 56, 249, 57, 106,
       248, 205, 87, 255, 162, 89, 188, 8, 63, 223, 96, 48, 137, 155,
       199, 80, 91, 43, 122, 53, 251, 197, 48, 121, 112, 2, 134, 187,
       185, 210, 108, 28, 111, 155, 181, 255, 84, 254, 214, 175, 107,
       236, 178, 37, 93, 236, 254, 111, 236, 254, 111, 189, 118, 75, 117,
       149, 119, 188, 188, 223, 252, 204, 188, 248, 141, 102, 85, 206,
       214, 150, 164, 18, 82, 253, 99, 107, 201, 82, 235, 58, 42, 103,
       251, 178, 219, 251, 215, 127, 146, 121, 116, 98, 186, 72, 105,
       126, 93, 207, 219, 116, 197, 196, 244, 10, 115, 221, 55, 52, 216,
       176, 223, 205, 201, 47, 116, 190, 115, 223, 128, 25, 119, 138, 84,
       234, 195, 76, 239, 213, 194, 86, 173, 119, 56, 242, 86, 214, 249,
       38, 151, 111, 39, 127, 51, 173, 225, 221, 181, 206, 125, 42, 255,
       128, 13, 240, 163, 252, 50, 215, 113, 171, 213, 133, 252, 239, 79,
       13, 120, 67, 174, 92, 60, 132, 238, 155, 151, 193, 250, 184, 16,
       253, 173, 152, 142, 227, 117, 12, 245, 175, 210, 203, 4, 190, 41,
       193, 30, 166, 143, 20, 130, 171, 172, 238, 34, 65, 192, 227, 235,
       69, 78, 11, 2, 253, 176, 50, 218, 187, 20, 28, 181, 90, 195, 65,
       84, 177, 166, 155, 254, 61, 221, 192, 146, 210, 159, 24, 180, 225,
       238, 225, 62, 239, 253, 45, 71, 255, 190, 90, 202, 196, 28, 137,
       185, 13, 248, 69, 108, 109, 21, 91, 87, 248, 117, 230, 230, 140,
       107, 101, 11, 213, 122, 236, 238, 110, 108, 182, 125, 143, 247,
       251, 69, 17, 99, 190, 78, 94, 149, 106, 195, 243, 134, 131, 109,
       82, 84, 130, 82, 242, 177, 131, 241, 105, 122, 232, 23, 222, 235,
       244, 7, 232, 196, 138, 254, 128, 181, 249, 112, 168, 120, 235, 24,
       186, 59, 137, 82, 234, 143, 8, 168, 205, 175, 195, 32, 208, 198,
       251, 207, 67, 78, 11, 74, 63, 176, 245, 9, 59, 56, 11, 10, 27, 43,
       243, 80, 168, 247, 221, 159, 253, 31, 101, 252, 142, 12, 201, 250,
       132, 222, 139, 147, 93, 87, 58, 120, 213, 126, 93, 13, 127, 95,
       142, 159, 221, 11, 159, 114, 172, 54, 146, 62, 55, 125, 76, 90,
       231, 237, 174, 182, 192, 118, 59, 151, 37, 245, 152, 69, 223, 164,
       116, 170, 130, 62, 134, 177, 93, 34, 249, 120, 202, 119, 213, 158,
       239, 27, 77, 248, 43, 40, 156, 126, 32, 220, 155, 151, 209, 86,
       42, 96, 247, 63, 28, 158, 251, 85, 12, 223, 223, 27, 32, 115, 233,
       107, 141, 249, 83, 45, 49, 242, 66, 189, 139, 52, 66, 110, 189,
       127, 157, 139, 187, 213, 192, 151, 248, 154, 168, 119, 136, 33,
       169, 189, 116, 209, 101, 224, 79, 103, 253, 113, 226, 116, 72,
       115, 81, 201, 63, 59, 204, 86, 110, 105, 246, 249, 10, 119, 202,
       101, 36, 107, 250, 194, 248, 102, 62, 192, 129, 250, 59, 152, 83,
       27, 174, 185, 255, 72, 46, 214, 155, 223, 189, 223, 181, 188, 90,
