%YAML:1.0
---
descriptors: !!opencv-matrix
   rows: 138
   cols: 32
   dt: u
   data: [ 124, 116, 155, 227, 177, 108, 83, 216, 55, 174, 239, 9, 223,
       119, 75, 84, 241, 220, 253, 58, 8, 145, 249, 130, 255, 253, 135,
       21, 162, 247, 6, 115, 21, 86, 251, 237, 54, 82, 238, 248, 124,
       202, 219, 230, 95, 126, 189, 224, 119, 221, 62, 170, 229, 181, 45,
       206, 250, 239, 39, 132, 61, 179, 33, 49, 106, 249, 252, 118, 43,
       220, 219, 212, 171, 221, 180, 9, 189, 221, 95, 50, 134, 121, 253,
       81, 194, 107, 250, 161, 91, 217, 36, 187, 103, 151, 79, 251, 236,
       56, 188, 124, 233, 127, 208, 90, 215, 255, 228, 56, 146, 253, 67,
       63, 201, 254, 234, 16, 42, 119, 251, 16, 95, 219, 81, 63, 210,
       109, 86, 226, 125, 21, 78, 167, 182, 14, 111, 184, 96, 232, 223,
       230, 115, 121, 155, 114, 126, 228, 124, 111, 221, 177, 157, 46,
       244, 239, 231, 144, 45, 251, 88, 17, 206, 122, 227, 148, 227, 84,
       189, 214, 185, 218, 16, 255, 28, 190, 215, 175, 175, 253, 183,
       199, 229, 87, 182, 224, 87, 123, 255, 170, 15, 245, 55, 255, 72,
       188, 187, 248, 249, 237, 81, 71, 191, 91, 172, 24, 190, 159, 98,
       58, 167, 187, 255, 16, 19, 111, 178, 243, 219, 213, 18, 123, 210,
       64, 135, 123, 44, 123, 249, 227, 52, 107, 115, 152, 32, 172, 63,
       41, 215, 23, 73, 24, 22, 212, 77, 122, 8, 176, 201, 40, 237, 205,
       37, 181, 228, 187, 70, 115, 53, 95, 103, 205, 52, 135, 111, 248,
       21, 194, 251, 198, 121, 231, 189, 228, 127, 252, 22, 238, 233,
       183, 57, 223, 123, 238, 167, 132, 119, 179, 100, 240, 124, 40,
       189, 122, 173, 237, 85, 139, 251, 63, 172, 24, 182, 181, 65, 59,
       129, 146, 108, 8, 26, 109, 251, 49, 211, 223, 80, 57, 192, 89,
       198, 106, 179, 151, 98, 135, 214, 27, 230, 119, 101, 111, 223,
       255, 131, 40, 150, 68, 127, 206, 78, 175, 252, 187, 69, 206, 54,
       108, 166, 208, 111, 238, 248, 197, 63, 240, 97, 67, 165, 95, 214,
       105, 83, 234, 177, 72, 74, 92, 220, 180, 157, 140, 212, 47, 205,
       46, 253, 159, 187, 94, 5, 254, 111, 174, 218, 213, 208, 204, 191,
       180, 11, 204, 55, 226, 172, 142, 198, 1, 191, 183, 34, 82, 166,
       117, 233, 64, 96, 141, 162, 110, 241, 227, 126, 3, 32, 48, 37,
       107, 164, 94, 126, 95, 100, 142, 239, 50, 252, 142, 119, 116, 243,
       227, 181, 91, 38, 112, 103, 106, 224, 245, 58, 111, 102, 187, 112,
       129, 76, 249, 70, 185, 90, 162, 254, 240, 137, 160, 89, 207, 163,
       183, 165, 153, 143, 199, 74, 90, 227, 151, 237, 148, 26, 79, 235,
       209, 219, 215, 95, 125, 162, 64, 167, 98, 92, 125, 159, 228, 162,
       74, 119, 182, 232, 170, 170, 40, 247, 51, 65, 82, 35, 244, 108,
       122, 65, 217, 145, 40, 249, 199, 101, 50, 168, 114, 7, 43, 124,
       121, 81, 236, 91, 83, 90, 232, 35, 160, 252, 40, 79, 159, 1, 180,
       216, 221, 221, 226, 73, 3, 209, 156, 179, 213, 129, 63, 115, 183,
       46, 178, 77, 17, 149, 71, 173, 46, 70, 56, 103, 163, 175, 68, 211,
       97, 137, 206, 17, 68, 108, 106, 25, 240, 217, 14, 143, 254, 69,
       20, 234, 251, 200, 48, 179, 96, 174, 189, 30, 167, 216, 74, 150,
       244, 210, 159, 101, 200, 115, 72, 217, 236, 123, 21, 142, 215,
       207, 157, 216, 107, 255, 189, 60, 44, 120, 210, 189, 71, 101, 103,
       180, 14, 103, 180, 117, 106, 255, 198, 211, 97, 153, 113, 120,
       206, 126, 110, 237, 180, 125, 46, 228, 238, 100, 132, 111, 251,
       242, 49, 224, 120, 181, 92, 107, 237, 176, 94, 207, 187, 180, 120,
       166, 189, 197, 63, 129, 116, 107, 24, 2, 111, 226, 16, 95, 26,
       117, 187, 210, 120, 70, 171, 125, 65, 239, 102, 132, 94, 78, 248,
       96, 224, 251, 74, 83, 120, 185, 114, 126, 228, 124, 111, 205, 179,
       189, 8, 242, 239, 101, 20, 109, 251, 80, 32, 84, 52, 189, 227,
       168, 108, 25, 155, 50, 251, 11, 29, 215, 63, 72, 26, 151, 87, 125,
       51, 59, 84, 185, 2, 201, 199, 125, 244, 136, 99, 135, 115, 118,
       255, 248, 226, 188, 95, 94, 184, 59, 254, 189, 45, 223, 127, 91,
       50, 223, 223, 253, 243, 236, 71, 251, 182, 251, 223, 237, 255,
       164, 243, 158, 83, 240, 248, 190, 190, 13, 205, 21, 236, 150, 23,
       132, 25, 231, 253, 107, 75, 201, 243, 237, 67, 106, 79, 250, 49,
       219, 211, 93, 59, 16, 61, 21, 90, 83, 91, 87, 37, 18, 142, 46, 36,
       44, 168, 202, 230, 117, 82, 16, 80, 54, 245, 125, 231, 193, 209,
       5, 109, 176, 38, 43, 144, 45, 50, 33, 25, 124, 225, 232, 46, 201,
       121, 87, 136, 83, 246, 141, 137, 67, 236, 75, 90, 81, 204, 232,
       114, 14, 99, 255, 51, 251, 103, 69, 61, 243, 127, 94, 86, 152, 20,
       255, 180, 130, 98, 21, 87, 52, 143, 242, 51, 87, 55, 33, 91, 123,
       149, 125, 161, 56, 215, 33, 10, 209, 227, 122, 132, 225, 112, 164,
       243, 224, 172, 158, 112, 236, 237, 113, 215, 251, 23, 164, 24, 54,
       147, 64, 27, 129, 178, 106, 8, 58, 111, 210, 3, 215, 155, 80, 123,
       66, 200, 194, 42, 216, 168, 158, 184, 1, 236, 81, 3, 164, 23, 167,
       25, 191, 147, 66, 91, 161, 179, 105, 144, 26, 77, 146, 1, 209,
       225, 82, 89, 160, 64, 175, 10, 188, 232, 206, 255, 220, 203, 239,
       204, 127, 183, 243, 18, 251, 107, 31, 217, 121, 238, 110, 218, 58,
       246, 221, 239, 190, 235, 215, 81, 229, 251, 248, 128, 252, 173,
       212, 255, 223, 82, 111, 249, 55, 167, 255, 18, 123, 107, 30, 213,
       123, 206, 238, 168, 57, 250, 253, 255, 191, 239, 207, 149, 231,
       238, 254, 232, 40, 245, 121, 239, 125, 79, 247, 252, 75, 104, 245,
       10, 114, 93, 28, 48, 216, 220, 87, 107, 193, 178, 249, 191, 119,
       29, 37, 48, 87, 186, 214, 250, 92, 212, 62, 174, 62, 79, 95, 248,
       190, 238, 189, 9, 223, 255, 43, 17, 255, 209, 221, 99, 104, 103,
       123, 62, 241, 199, 47, 189, 16, 123, 39, 115, 155, 116, 244, 255,
       182, 30, 127, 191, 63, 226, 254, 182, 223, 127, 150, 101, 127,
       255, 191, 239, 233, 252, 109, 255, 230, 255, 191, 128, 47, 252,
       249, 121, 11, 120, 227, 148, 231, 84, 188, 87, 57, 194, 88, 167,
       44, 190, 87, 174, 175, 255, 179, 133, 193, 222, 182, 224, 55, 92,
       222, 170, 15, 116, 183, 255, 108, 169, 185, 122, 237, 237, 85,
       135, 219, 63, 125, 56, 190, 241, 64, 58, 137, 250, 230, 24, 26,
       106, 234, 51, 223, 223, 117, 123, 194, 72, 214, 35, 152, 205, 123,
       175, 186, 67, 31, 239, 52, 230, 218, 163, 117, 55, 161, 65, 127,
       223, 159, 227, 105, 159, 205, 46, 240, 231, 190, 133, 37, 243,
       165, 251, 197, 86, 239, 71, 48, 78, 111, 176, 112, 202, 83, 228,
       209, 119, 153, 115, 22, 116, 21, 110, 225, 208, 61, 46, 44, 174,
       101, 132, 44, 243, 3, 113, 173, 229, 229, 203, 252, 123, 239, 216,
       95, 244, 125, 78, 219, 200, 255, 237, 123, 74, 115, 127, 231, 242,
       127, 242, 62, 89, 7, 100, 255, 255, 213, 244, 215, 94, 143, 183,
       162, 38, 46, 176, 176, 250, 131, 245, 213, 103, 81, 91, 183, 229,
       125, 247, 169, 213, 137, 98, 216, 162, 239, 132, 168, 243, 33, 17,
       32, 179, 25, 103, 112, 141, 113, 55, 40, 13, 106, 13, 183, 19, 0,
       16, 132, 58, 6, 8, 82, 184, 80, 5, 199, 189, 48, 64, 72, 130, 195,
       155, 5, 28, 159, 127, 172, 46, 125, 50, 236, 218, 235, 69, 247,
       239, 33, 91, 133, 102, 107, 46, 161, 229, 19, 40, 195, 187, 113,
       0, 200, 241, 99, 210, 2, 220, 63, 219, 95, 231, 185, 230, 158, 81,
       204, 39, 244, 223, 38, 73, 239, 59, 187, 211, 103, 201, 59, 253,
       111, 50, 222, 211, 28, 89, 53, 218, 207, 38, 198, 181, 163, 58,
       172, 30, 57, 255, 19, 245, 205, 38, 219, 207, 55, 69, 253, 167,
       244, 212, 133, 202, 132, 114, 127, 134, 166, 244, 137, 85, 173,
       101, 241, 199, 238, 123, 239, 248, 111, 166, 253, 42, 219, 123,
       223, 54, 63, 221, 118, 234, 209, 242, 237, 234, 126, 221, 39, 44,
       231, 251, 195, 228, 56, 172, 184, 105, 148, 175, 67, 219, 86, 47,
       172, 9, 147, 41, 2, 16, 217, 170, 76, 60, 58, 190, 89, 63, 235,
       207, 53, 117, 209, 74, 222, 130, 60, 177, 184, 226, 221, 237, 81,
       203, 203, 113, 173, 8, 158, 159, 108, 58, 201, 155, 223, 17, 26,
