%YAML:1.0
---
descriptors: !!opencv-matrix
   rows: 65
   cols: 32
   dt: u
   data: [ 1, 170, 27, 249, 108, 129, 233, 87, 238, 17, 80, 64, 189, 131,
       240, 98, 230, 43, 6, 28, 3, 24, 130, 241, 196, 157, 58, 104, 20,
       128, 33, 169, 162, 104, 38, 156, 77, 157, 180, 68, 205, 86, 208,
       11, 172, 152, 55, 143, 200, 41, 211, 71, 228, 103, 210, 233, 21,
       16, 218, 43, 83, 29, 123, 206, 157, 19, 78, 74, 180, 159, 234,
       113, 84, 72, 211, 70, 83, 72, 190, 161, 124, 168, 22, 255, 253,
       177, 61, 222, 58, 73, 171, 192, 125, 142, 248, 149, 134, 24, 187,
       219, 86, 231, 187, 64, 30, 14, 81, 19, 244, 220, 53, 104, 222, 57,
       19, 83, 38, 182, 122, 255, 71, 14, 170, 137, 21, 41, 53, 211, 23,
       134, 107, 225, 182, 35, 233, 91, 30, 105, 94, 246, 25, 15, 184,
       104, 127, 139, 23, 189, 147, 144, 37, 214, 94, 13, 186, 196, 189,
       200, 241, 241, 174, 221, 112, 155, 245, 211, 182, 239, 95, 75,
       120, 51, 104, 124, 62, 133, 217, 123, 151, 99, 118, 186, 40, 255,
       47, 95, 159, 227, 87, 30, 245, 207, 182, 107, 235, 182, 70, 192,
       175, 196, 144, 198, 212, 163, 105, 237, 247, 11, 122, 235, 183,
       199, 108, 243, 166, 224, 80, 97, 238, 137, 37, 253, 55, 248, 146,
       91, 123, 238, 114, 128, 191, 116, 173, 76, 116, 231, 125, 207,
       167, 16, 126, 185, 151, 226, 192, 135, 38, 205, 114, 225, 170,
       138, 53, 178, 39, 249, 42, 220, 114, 91, 117, 223, 122, 246, 125,
       5, 116, 0, 42, 157, 182, 180, 190, 186, 135, 8, 166, 188, 48, 255,
       39, 223, 16, 67, 115, 132, 110, 207, 154, 159, 158, 185, 147, 162,
       60, 39, 190, 7, 206, 181, 237, 231, 34, 80, 247, 39, 237, 148, 54,
       201, 1, 95, 234, 231, 30, 211, 144, 68, 173, 19, 10, 141, 4, 155,
       213, 183, 182, 239, 30, 15, 94, 19, 236, 54, 46, 197, 213, 27,
       147, 33, 118, 152, 73, 255, 45, 118, 158, 67, 150, 76, 185, 142,
       2, 129, 20, 155, 197, 209, 188, 175, 14, 21, 90, 3, 236, 190, 46,
       196, 193, 19, 179, 129, 86, 152, 67, 245, 45, 54, 218, 67, 144,
       14, 189, 142, 50, 1, 66, 161, 69, 2, 104, 64, 97, 32, 242, 2, 11,
       10, 53, 208, 248, 141, 6, 225, 12, 178, 17, 200, 147, 200, 130, 5,
       229, 138, 120, 142, 40, 121, 120, 101, 109, 93, 119, 84, 193, 188,
       52, 8, 59, 157, 83, 179, 140, 120, 215, 106, 200, 112, 242, 168,
       103, 217, 101, 57, 99, 186, 90, 203, 3, 123, 232, 85, 230, 57,
       189, 215, 58, 238, 28, 239, 57, 172, 215, 42, 175, 127, 183, 213,
       197, 120, 164, 224, 78, 95, 255, 163, 205, 244, 87, 253, 162, 65,
       42, 158, 77, 213, 252, 101, 157, 14, 240, 27, 172, 222, 39, 143,
       200, 185, 179, 195, 100, 103, 210, 216, 55, 16, 222, 43, 17, 56,
       188, 142, 132, 24, 187, 249, 20, 231, 171, 80, 22, 78, 81, 82,
       213, 223, 33, 72, 220, 57, 19, 147, 34, 182, 114, 58, 197, 166,
       170, 0, 144, 43, 53, 242, 42, 219, 52, 153, 245, 215, 182, 239,
       95, 13, 116, 35, 236, 252, 54, 132, 223, 59, 131, 17, 246, 186,
       122, 255, 47, 87, 159, 231, 215, 12, 221, 207, 170, 216, 114, 91,
       117, 221, 248, 214, 127, 13, 116, 19, 40, 157, 54, 228, 186, 56,
       147, 8, 198, 188, 48, 255, 7, 126, 18, 3, 87, 132, 108, 207, 34,
       141, 114, 159, 85, 147, 178, 101, 92, 165, 121, 3, 232, 104, 52,
       132, 217, 59, 130, 1, 244, 184, 8, 223, 45, 30, 26, 67, 87, 14,
       213, 142, 166, 73, 86, 142, 77, 149, 218, 64, 137, 132, 241, 11,
       40, 200, 55, 151, 200, 225, 195, 227, 100, 39, 82, 232, 17, 56,
       202, 59, 87, 63, 120, 134, 56, 1, 114, 229, 85, 70, 82, 112, 69,
       160, 243, 3, 11, 25, 52, 80, 120, 156, 135, 226, 12, 179, 17, 140,
       115, 237, 128, 7, 103, 174, 116, 130, 60, 64, 114, 236, 13, 82,
       146, 72, 196, 132, 243, 3, 74, 201, 45, 192, 216, 180, 170, 98,
       12, 167, 16, 140, 83, 233, 2, 31, 87, 47, 108, 130, 188, 60, 114,
       113, 149, 255, 210, 86, 85, 225, 126, 18, 27, 61, 87, 164, 185,
       59, 151, 49, 187, 184, 49, 190, 107, 221, 5, 67, 239, 205, 84,
       218, 107, 92, 226, 94, 201, 116, 220, 134, 169, 198, 206, 133,
       104, 254, 23, 254, 197, 247, 249, 133, 204, 75, 246, 234, 19, 127,
       222, 139, 143, 118, 126, 94, 23, 57, 225, 161, 182, 107, 239, 222,
       14, 243, 24, 230, 157, 61, 209, 174, 63, 77, 23, 221, 147, 216,
       237, 224, 172, 12, 191, 228, 175, 247, 147, 241, 2, 203, 16, 159,
       87, 137, 146, 230, 30, 12, 88, 35, 164, 136, 39, 196, 200, 107,
       130, 65, 70, 168, 66, 191, 36, 54, 26, 11, 20, 29, 61, 142, 17, 6,
       75, 168, 20, 162, 235, 83, 68, 1, 219, 226, 81, 200, 184, 96, 120,
       168, 30, 189, 153, 179, 5, 158, 184, 46, 170, 192, 189, 138, 112,
       32, 59, 79, 108, 172, 62, 163, 203, 222, 87, 76, 220, 231, 35,
       200, 179, 0, 126, 200, 23, 253, 174, 35, 69, 189, 240, 77, 169,
       152, 253, 253, 112, 201, 20, 12, 19, 235, 20, 231, 107, 80, 20,
       137, 91, 82, 215, 215, 33, 64, 121, 56, 31, 58, 25, 148, 25, 14,
       201, 166, 171, 64, 176, 235, 37, 160, 10, 200, 182, 157, 125, 210,
       188, 175, 143, 92, 86, 35, 236, 222, 54, 199, 203, 49, 191, 193,
       70, 205, 99, 253, 39, 115, 223, 195, 22, 12, 189, 95, 3, 249, 121,
       187, 254, 137, 191, 255, 158, 81, 16, 243, 189, 223, 244, 32, 143,
       59, 151, 213, 210, 8, 110, 247, 110, 29, 62, 234, 149, 142, 131,
       249, 186, 105, 235, 188, 110, 64, 205, 110, 16, 196, 212, 163, 41,
       173, 179, 3, 122, 252, 179, 225, 105, 203, 166, 200, 80, 97, 238,
       137, 37, 180, 54, 250, 39, 109, 224, 72, 221, 241, 178, 206, 78,
       69, 248, 2, 8, 156, 247, 164, 216, 25, 211, 241, 134, 35, 102,
       209, 63, 28, 139, 111, 215, 94, 127, 198, 10, 137, 0, 155, 85,
       213, 176, 37, 15, 5, 91, 3, 236, 250, 38, 196, 208, 59, 179, 81,
       22, 152, 27, 245, 15, 118, 154, 67, 22, 14, 61, 206, 10, 129, 50,
       155, 85, 211, 178, 105, 31, 1, 81, 3, 236, 220, 62, 196, 216, 59,
       147, 81, 22, 184, 27, 253, 13, 22, 154, 67, 87, 15, 189, 142, 67,
       137, 80, 218, 254, 128, 156, 15, 139, 1, 24, 194, 188, 202, 252,
       0, 167, 51, 31, 153, 18, 9, 2, 243, 56, 28, 158, 234, 28, 128,
       161, 9, 52, 1, 64, 129, 85, 8, 226, 96, 9, 0, 179, 2, 2, 10, 37,
       16, 104, 129, 6, 227, 8, 178, 64, 204, 148, 144, 130, 17, 101, 43,
       112, 2, 2, 25, 232, 235, 180, 253, 250, 150, 95, 1, 124, 2, 185,
       255, 55, 0, 190, 187, 151, 216, 130, 184, 18, 251, 39, 221, 184,
       129, 183, 219, 92, 138, 16, 117, 158, 187, 156, 231, 84, 7, 148,
       131, 194, 1, 183, 90, 41, 72, 217, 51, 11, 17, 46, 129, 83, 10,
       225, 199, 190, 17, 144, 88, 172, 10, 0, 143, 27, 159, 118, 129,
       130, 231, 30, 8, 88, 227, 180, 136, 161, 64, 202, 59, 6, 65, 70,
       152, 66, 63, 36, 38, 58, 136, 20, 8, 49, 139, 189, 31, 110, 171,
       54, 187, 234, 80, 85, 232, 222, 231, 115, 40, 183, 97, 110, 162,
       22, 255, 173, 187, 85, 174, 126, 75, 162, 128, 253, 191, 120, 157,
       218, 25, 34, 168, 179, 212, 94, 69, 53, 205, 222, 163, 45, 158,
       35, 192, 254, 187, 159, 213, 30, 154, 48, 202, 187, 245, 138, 139,
       166, 6, 173, 95, 10, 188, 40, 202, 93, 245, 186, 78, 143, 5, 76,
       3, 172, 222, 102, 196, 221, 59, 147, 17, 6, 58, 114, 247, 23, 85,
       154, 107, 146, 14, 125, 222, 161, 148, 227, 85, 116, 255, 235, 55,
       81, 99, 118, 90, 114, 60, 148, 36, 89, 174, 22, 44, 189, 190, 117,
       207, 47, 46, 176, 64, 229, 136, 208, 252, 28, 221, 83, 193, 145,
       143, 111, 243, 63, 40, 106, 64, 27, 131, 100, 244, 55, 188, 20,
       184, 91, 152, 56, 222, 171, 220, 7, 100, 179, 178, 225, 160, 152,
       4, 127, 242, 150, 219, 49, 101, 236, 132, 199, 162, 111, 31, 41,
       105, 98, 51, 139, 49, 112, 249, 37, 204, 251, 195, 94, 67, 164, 8,
       37, 106, 5, 92, 87, 193, 180, 230, 106, 210, 21, 138, 90, 66, 17,
       147, 161, 236, 121, 248, 30, 216, 9, 148, 17, 238, 173, 142, 167,
       196, 174, 187, 96, 33, 74, 27, 182, 141, 61, 148, 184, 7, 143, 13,
       218, 7, 236, 154, 38, 196, 198, 55, 235, 1, 6, 137, 83, 221, 166,
