%YAML:1.0
---
descriptors: !!opencv-matrix
   rows: 359
   cols: 32
   dt: u
   data: [ 116, 99, 82, 101, 53, 11, 66, 40, 97, 160, 163, 9, 195, 73,
       29, 144, 216, 196, 68, 98, 76, 178, 73, 140, 166, 216, 1, 21, 103,
       187, 94, 2, 189, 36, 150, 254, 189, 127, 174, 235, 220, 138, 251,
       82, 207, 248, 61, 169, 249, 123, 238, 35, 189, 231, 91, 238, 185,
       255, 255, 11, 201, 125, 251, 128, 140, 14, 152, 191, 168, 169, 84,
       146, 150, 10, 101, 81, 247, 227, 161, 201, 131, 106, 46, 14, 34,
       252, 74, 59, 198, 215, 116, 57, 154, 217, 73, 136, 191, 125, 178,
       126, 153, 221, 214, 232, 251, 206, 253, 24, 110, 250, 111, 180,
       249, 249, 206, 98, 110, 103, 186, 255, 187, 255, 7, 59, 211, 119,
       239, 198, 221, 101, 42, 234, 141, 127, 94, 214, 52, 38, 239, 25,
       215, 63, 19, 88, 217, 207, 125, 239, 61, 147, 249, 58, 243, 237,
       142, 113, 216, 123, 168, 82, 59, 182, 255, 253, 173, 255, 121,
       127, 191, 255, 254, 119, 254, 255, 246, 118, 255, 247, 255, 133,
       189, 233, 251, 221, 223, 255, 255, 219, 158, 236, 247, 127, 165,
       60, 149, 161, 141, 47, 64, 138, 59, 243, 33, 93, 134, 32, 65, 159,
       129, 64, 106, 95, 63, 116, 217, 50, 141, 146, 81, 118, 200, 105,
       83, 20, 10, 189, 159, 156, 255, 241, 177, 231, 187, 213, 180, 50,
       172, 190, 38, 173, 235, 115, 234, 16, 55, 235, 34, 255, 255, 215,
       94, 123, 195, 68, 175, 223, 118, 177, 129, 162, 155, 71, 22, 233,
       131, 241, 136, 75, 78, 246, 72, 150, 241, 215, 249, 241, 27, 75,
       219, 184, 185, 212, 143, 126, 168, 38, 135, 58, 244, 182, 188,
       122, 168, 236, 85, 159, 178, 191, 181, 61, 119, 247, 74, 27, 5,
       214, 109, 16, 58, 71, 250, 51, 219, 163, 117, 252, 168, 208, 134,
       115, 124, 97, 72, 42, 208, 201, 87, 205, 34, 5, 237, 137, 3, 193,
       74, 16, 56, 136, 192, 118, 78, 50, 204, 27, 254, 229, 5, 109, 97,
       154, 206, 194, 248, 157, 23, 252, 25, 230, 86, 183, 149, 10, 226,
       80, 118, 115, 32, 209, 208, 246, 236, 98, 105, 207, 81, 191, 179,
       243, 68, 18, 58, 104, 232, 26, 88, 184, 25, 112, 169, 204, 81,
       151, 167, 29, 182, 120, 191, 151, 192, 244, 7, 190, 236, 16, 27,
       73, 243, 49, 219, 225, 52, 248, 162, 128, 134, 59, 248, 170, 254,
       120, 170, 168, 81, 210, 162, 23, 164, 185, 55, 167, 66, 27, 39,
       242, 109, 80, 26, 79, 130, 49, 219, 195, 112, 121, 224, 193, 134,
       107, 252, 73, 61, 126, 41, 76, 87, 176, 209, 30, 165, 9, 115, 245,
       33, 83, 192, 244, 236, 66, 104, 103, 234, 59, 243, 243, 101, 59,
       114, 186, 206, 42, 93, 125, 63, 231, 57, 79, 95, 188, 41, 234,
       254, 76, 255, 127, 27, 51, 180, 117, 125, 110, 233, 225, 249, 236,
       247, 255, 101, 144, 10, 179, 66, 123, 8, 139, 56, 255, 52, 141,
       67, 182, 86, 13, 100, 0, 183, 195, 160, 64, 65, 42, 36, 76, 106,
       152, 75, 63, 239, 191, 48, 24, 16, 137, 0, 41, 174, 220, 23, 158,
       253, 239, 39, 234, 159, 174, 249, 123, 76, 247, 45, 213, 255, 255,
       239, 99, 97, 119, 88, 255, 53, 62, 7, 62, 146, 127, 103, 225, 0,
       140, 59, 219, 209, 235, 177, 103, 60, 13, 126, 18, 172, 183, 38,
       100, 233, 59, 131, 144, 50, 184, 48, 255, 109, 182, 18, 67, 208,
       72, 165, 234, 17, 79, 74, 174, 150, 130, 239, 119, 52, 136, 218,
       230, 113, 227, 176, 64, 126, 234, 31, 238, 233, 155, 12, 111, 240,
       175, 174, 128, 61, 234, 240, 168, 126, 156, 246, 255, 239, 126,
       126, 250, 63, 222, 246, 163, 107, 255, 207, 127, 255, 255, 191,
       34, 236, 242, 251, 235, 255, 255, 231, 143, 231, 253, 116, 215,
       82, 185, 150, 178, 171, 233, 48, 199, 187, 23, 160, 57, 142, 190,
       100, 223, 163, 59, 255, 17, 54, 75, 146, 241, 155, 210, 94, 123,
       128, 84, 175, 159, 206, 220, 182, 159, 137, 246, 60, 175, 191, 95,
       203, 23, 236, 254, 46, 203, 229, 247, 251, 151, 52, 207, 251, 247,
       191, 119, 223, 75, 146, 116, 173, 94, 15, 191, 246, 223, 255, 159,
       254, 249, 127, 255, 119, 247, 237, 254, 158, 228, 255, 255, 255,
       181, 183, 252, 239, 255, 46, 127, 255, 198, 143, 172, 233, 213,
       126, 241, 225, 86, 223, 221, 151, 237, 155, 253, 185, 175, 104,
       252, 79, 54, 189, 255, 243, 83, 203, 99, 250, 248, 123, 84, 13,
       191, 207, 95, 214, 255, 57, 79, 67, 238, 180, 131, 238, 119, 212,
       64, 218, 230, 113, 242, 176, 96, 120, 234, 22, 238, 201, 187, 44,
       191, 176, 237, 167, 136, 61, 138, 240, 168, 3, 151, 104, 129, 214,
       183, 234, 115, 76, 73, 95, 199, 153, 8, 182, 96, 126, 138, 22,
       253, 151, 184, 69, 223, 110, 12, 170, 192, 253, 142, 249, 141,
       210, 2, 142, 180, 34, 34, 189, 65, 172, 158, 215, 183, 77, 231,
       43, 75, 38, 181, 237, 165, 48, 213, 131, 200, 208, 162, 122, 135,
       164, 100, 37, 83, 49, 159, 111, 207, 246, 147, 239, 253, 84, 64,
       222, 230, 113, 117, 184, 100, 126, 234, 22, 238, 251, 154, 61,
       189, 122, 111, 174, 192, 63, 139, 240, 253, 254, 125, 248, 228,
       157, 79, 215, 249, 81, 166, 188, 11, 75, 253, 87, 3, 216, 245,
       221, 99, 104, 99, 248, 170, 251, 221, 197, 63, 103, 127, 86, 98,
       172, 124, 252, 116, 233, 111, 85, 223, 179, 250, 188, 24, 31, 119,
       65, 59, 141, 218, 215, 56, 43, 102, 250, 24, 223, 203, 117, 61,
       242, 240, 206, 251, 175, 191, 255, 255, 252, 59, 255, 252, 127,
       123, 252, 246, 253, 255, 157, 97, 255, 207, 127, 239, 243, 119,
       111, 255, 254, 223, 239, 172, 223, 251, 243, 241, 124, 65, 88,
       101, 21, 75, 86, 44, 37, 164, 239, 9, 195, 3, 11, 208, 88, 204,
       232, 106, 72, 178, 89, 12, 231, 229, 5, 21, 115, 186, 78, 2, 191,
       228, 233, 100, 221, 87, 95, 249, 19, 234, 148, 154, 89, 125, 223,
       49, 93, 220, 213, 236, 237, 86, 125, 142, 123, 79, 229, 181, 55,
       252, 86, 242, 35, 50, 237, 85, 102, 87, 137, 59, 18, 230, 118,
       238, 81, 124, 159, 45, 95, 156, 182, 44, 237, 246, 247, 12, 78,
       42, 241, 180, 111, 172, 92, 253, 156, 180, 215, 191, 254, 11, 111,
       249, 62, 178, 243, 242, 223, 231, 216, 67, 127, 221, 127, 187, 57,
       213, 203, 250, 252, 239, 175, 228, 189, 251, 163, 161, 47, 254,
       255, 255, 252, 31, 255, 255, 127, 251, 252, 127, 254, 253, 222,
       52, 255, 223, 255, 189, 227, 255, 251, 255, 255, 223, 239, 254,
       207, 252, 210, 245, 205, 22, 238, 87, 166, 58, 121, 57, 112, 219,
       95, 244, 249, 111, 154, 239, 55, 70, 253, 174, 165, 212, 175, 206,
       78, 107, 255, 132, 175, 230, 235, 113, 56, 177, 121, 104, 169,
       217, 81, 197, 227, 125, 188, 40, 27, 157, 70, 180, 138, 155, 196,
       80, 26, 43, 186, 17, 219, 217, 0, 127, 99, 130, 206, 115, 52, 61,
       190, 254, 140, 111, 87, 247, 244, 239, 237, 25, 247, 249, 11, 59,
       217, 250, 127, 3, 120, 227, 122, 42, 249, 207, 117, 57, 216, 123,
       214, 114, 63, 190, 231, 255, 253, 255, 255, 251, 191, 255, 247,
       119, 106, 253, 254, 255, 255, 255, 255, 183, 175, 119, 251, 255,
       31, 126, 247, 246, 199, 236, 118, 247, 124, 117, 120, 103, 180,
       15, 127, 184, 33, 4, 239, 12, 255, 87, 11, 16, 30, 220, 85, 106,
       72, 176, 89, 47, 231, 233, 37, 5, 98, 179, 70, 242, 202, 188, 188,
       250, 137, 240, 185, 142, 191, 23, 166, 17, 172, 255, 102, 75, 193,
       119, 235, 144, 50, 77, 187, 243, 95, 243, 94, 91, 146, 68, 165,
       122, 248, 186, 222, 56, 170, 168, 80, 211, 163, 31, 164, 189, 15,
       163, 66, 27, 167, 183, 237, 144, 30, 79, 130, 49, 218, 227, 117,
       249, 160, 192, 174, 3, 37, 113, 17, 71, 112, 31, 102, 56, 104,
       232, 111, 76, 214, 80, 137, 180, 144, 92, 84, 106, 193, 176, 121,
       12, 37, 188, 33, 4, 74, 51, 67, 181, 149, 14, 150, 190, 184, 175,
       66, 138, 213, 139, 235, 116, 199, 226, 161, 208, 213, 102, 44, 60,
       60, 133, 73, 63, 170, 254, 53, 82, 154, 235, 200, 1, 8, 174, 156,
       251, 172, 169, 80, 155, 86, 23, 108, 1, 183, 225, 66, 72, 3, 106,
       34, 28, 18, 120, 75, 49, 206, 199, 117, 105, 242, 201, 201, 136,
       43, 220, 191, 253, 249, 223, 117, 247, 191, 255, 228, 29, 174,
