%YAML:1.0
---
descriptors: !!opencv-matrix
   rows: 123
   cols: 32
   dt: u
   data: [ 227, 123, 94, 124, 108, 14, 254, 52, 168, 194, 242, 205, 120,
       205, 21, 19, 174, 245, 109, 231, 197, 231, 146, 109, 118, 57, 104,
       152, 77, 179, 106, 25, 32, 168, 26, 152, 249, 205, 176, 199, 158,
       29, 184, 8, 172, 214, 96, 28, 201, 59, 194, 16, 18, 43, 10, 245,
       29, 20, 30, 123, 144, 8, 167, 139, 221, 73, 78, 167, 38, 2, 79,
       184, 112, 226, 215, 199, 115, 99, 155, 83, 118, 196, 125, 239,
       233, 213, 221, 174, 240, 235, 239, 132, 45, 179, 112, 16, 246,
       227, 235, 176, 198, 66, 173, 229, 48, 197, 210, 179, 65, 207, 122,
       66, 123, 205, 35, 245, 120, 214, 164, 194, 124, 36, 191, 205, 165,
       180, 245, 242, 241, 65, 71, 204, 15, 18, 70, 96, 229, 162, 178, 2,
       67, 8, 53, 247, 104, 228, 108, 234, 108, 231, 101, 204, 179, 234,
       195, 20, 101, 58, 120, 4, 1, 160, 189, 217, 172, 169, 104, 159,
       94, 25, 112, 80, 182, 129, 216, 104, 195, 10, 38, 28, 147, 120,
       67, 49, 204, 158, 48, 104, 208, 136, 193, 169, 153, 157, 94, 171,
       176, 211, 87, 245, 36, 68, 238, 166, 115, 119, 162, 112, 126, 182,
       14, 104, 125, 187, 53, 61, 250, 229, 166, 81, 125, 154, 168, 88,
       7, 168, 163, 147, 197, 244, 168, 199, 222, 211, 81, 18, 140, 252,
       116, 172, 217, 107, 51, 145, 183, 254, 190, 194, 13, 22, 159, 107,
       134, 76, 181, 230, 32, 8, 95, 205, 68, 138, 161, 112, 100, 0, 118,
       130, 113, 3, 160, 64, 104, 60, 34, 168, 64, 178, 65, 12, 84, 175,
       226, 0, 101, 168, 116, 160, 244, 67, 126, 236, 46, 10, 94, 184,
       165, 134, 231, 162, 83, 99, 169, 83, 118, 244, 125, 234, 104, 197,
       45, 12, 242, 235, 229, 149, 53, 179, 100, 33, 164, 134, 134, 31,
       237, 127, 228, 223, 246, 31, 251, 124, 194, 104, 158, 159, 217,
       198, 238, 26, 58, 253, 107, 34, 44, 190, 119, 213, 195, 121, 254,
       167, 125, 151, 225, 77, 26, 22, 75, 185, 103, 200, 254, 228, 123,
       119, 159, 244, 84, 196, 253, 236, 137, 128, 253, 15, 110, 239,
       165, 148, 111, 166, 120, 113, 73, 3, 73, 13, 48, 26, 105, 27, 100,
       96, 78, 196, 151, 3, 146, 240, 54, 132, 124, 172, 201, 144, 101,
       29, 196, 173, 33, 132, 46, 128, 8, 48, 92, 20, 21, 247, 178, 110,
       29, 59, 53, 178, 131, 240, 255, 119, 137, 255, 23, 118, 252, 42,
       121, 193, 89, 172, 224, 242, 87, 16, 170, 241, 133, 49, 120, 157,
       30, 110, 25, 134, 86, 55, 164, 8, 174, 76, 115, 115, 32, 80, 192,
       246, 236, 106, 40, 139, 89, 61, 227, 239, 33, 24, 58, 162, 232,
       26, 57, 175, 74, 171, 176, 242, 38, 255, 36, 69, 238, 162, 119,
       103, 162, 96, 126, 190, 142, 252, 27, 153, 45, 191, 250, 229, 166,
       65, 181, 202, 172, 248, 0, 143, 57, 251, 60, 173, 1, 191, 94, 61,
       92, 48, 183, 117, 136, 96, 213, 26, 54, 8, 50, 56, 107, 55, 205,
       158, 48, 248, 16, 200, 133, 233, 34, 169, 80, 186, 125, 201, 144,
       196, 139, 17, 112, 9, 46, 152, 100, 16, 200, 185, 130, 80, 22, 42,
       82, 241, 157, 148, 16, 123, 208, 10, 6, 143, 8, 189, 159, 188,
       251, 205, 53, 231, 190, 217, 72, 49, 188, 247, 98, 18, 167, 123,
       235, 145, 19, 91, 146, 119, 253, 183, 95, 107, 136, 64, 167, 219,
       246, 32, 213, 97, 198, 106, 224, 74, 107, 242, 162, 24, 150, 30,
       85, 59, 43, 221, 120, 177, 9, 118, 209, 64, 157, 144, 85, 52, 225,
       113, 67, 160, 172, 207, 198, 190, 222, 59, 238, 252, 23, 174, 253,
       255, 233, 233, 187, 69, 121, 238, 166, 239, 240, 247, 77, 255,
       126, 231, 239, 253, 191, 255, 248, 145, 124, 124, 245, 115, 105,
       126, 115, 144, 251, 255, 37, 28, 95, 223, 73, 30, 163, 125, 237,
       82, 35, 101, 186, 34, 207, 223, 69, 63, 226, 243, 70, 243, 117,
       236, 192, 101, 220, 42, 78, 175, 115, 179, 168, 24, 67, 34, 92,
       50, 89, 206, 64, 186, 124, 94, 205, 34, 47, 238, 133, 117, 225,
       243, 218, 4, 236, 248, 61, 123, 13, 77, 81, 152, 235, 58, 164, 24,
       182, 23, 64, 59, 128, 80, 64, 74, 11, 100, 250, 49, 199, 217, 65,
       60, 66, 8, 70, 162, 25, 93, 31, 237, 52, 199, 75, 50, 4, 72, 206,
       66, 247, 23, 161, 96, 118, 176, 28, 232, 73, 153, 81, 31, 225,
       239, 162, 144, 56, 171, 32, 57, 2, 162, 84, 187, 236, 169, 168,
       143, 14, 49, 49, 249, 141, 130, 72, 139, 207, 27, 234, 21, 18, 72,
       207, 209, 12, 16, 223, 252, 156, 136, 137, 136, 245, 109, 229,
       196, 204, 71, 207, 252, 65, 226, 168, 78, 83, 113, 85, 50, 89,
       228, 112, 238, 233, 99, 253, 170, 57, 142, 197, 60, 125, 251, 210,
       112, 117, 253, 133, 100, 157, 111, 71, 255, 211, 250, 168, 74,
       115, 113, 81, 51, 89, 198, 80, 110, 249, 107, 251, 46, 121, 142,
       197, 60, 217, 250, 210, 40, 221, 143, 87, 207, 178, 10, 111, 184,
       37, 160, 255, 226, 121, 103, 161, 245, 118, 244, 62, 238, 249,
       153, 45, 237, 182, 232, 103, 128, 39, 179, 32, 49, 220, 233, 189,
       182, 143, 64, 87, 237, 130, 150, 128, 11, 119, 253, 73, 3, 185,
       243, 105, 227, 104, 103, 138, 42, 249, 195, 79, 57, 97, 59, 167,
       106, 2, 175, 182, 158, 237, 241, 188, 230, 143, 222, 92, 163, 172,
       174, 119, 75, 227, 107, 187, 195, 70, 88, 162, 241, 174, 80, 223,
       171, 22, 125, 37, 223, 178, 219, 106, 140, 118, 145, 218, 237, 95,
       64, 112, 231, 41, 140, 182, 81, 126, 171, 151, 69, 230, 186, 68,
       255, 54, 104, 174, 203, 119, 140, 254, 207, 27, 159, 88, 207, 51,
       155, 90, 55, 127, 37, 126, 166, 46, 50, 166, 228, 38, 187, 158, 0,
       214, 153, 37, 223, 174, 255, 16, 211, 62, 132, 137, 13, 123, 23,
       97, 77, 61, 94, 91, 57, 97, 232, 190, 108, 83, 61, 150, 246, 84,
       212, 253, 236, 205, 184, 245, 143, 59, 252, 129, 150, 111, 166,
       90, 125, 160, 165, 120, 72, 244, 205, 211, 79, 90, 45, 180, 26,
       18, 153, 126, 17, 153, 154, 6, 56, 122, 63, 224, 23, 123, 137, 32,
       125, 81, 136, 214, 163, 100, 175, 192, 81, 213, 46, 102, 167, 114,
       167, 106, 8, 227, 33, 84, 26, 25, 238, 96, 152, 28, 216, 217, 42,
       47, 254, 149, 69, 193, 112, 222, 138, 1, 237, 152, 77, 240, 157,
       239, 183, 110, 161, 110, 200, 179, 226, 212, 48, 21, 110, 74, 28,
       211, 184, 253, 63, 108, 188, 21, 112, 208, 210, 203, 140, 217, 92,
       255, 253, 38, 74, 103, 180, 113, 198, 246, 183, 115, 119, 131,
       123, 118, 228, 44, 234, 232, 244, 229, 42, 246, 235, 230, 0, 39,
       240, 100, 122, 118, 96, 211, 6, 75, 104, 64, 64, 235, 242, 161,
       72, 10, 178, 69, 190, 168, 252, 96, 210, 9, 118, 210, 64, 149,
       144, 69, 42, 227, 119, 102, 14, 213, 66, 222, 166, 34, 14, 78, 24,
       40, 174, 243, 205, 87, 43, 25, 91, 118, 197, 125, 238, 200, 215,
       205, 8, 208, 235, 239, 148, 36, 243, 99, 1, 249, 205, 110, 239,
       178, 66, 95, 181, 117, 68, 230, 179, 115, 71, 162, 113, 122, 244,
       61, 234, 104, 159, 101, 47, 242, 235, 230, 0, 53, 184, 228, 122,
       4, 170, 177, 113, 226, 169, 169, 131, 186, 191, 50, 56, 148, 131,
       192, 10, 39, 27, 79, 24, 18, 92, 226, 80, 77, 134, 63, 228, 196,
       192, 135, 225, 40, 189, 25, 185, 57, 205, 16, 190, 30, 57, 40, 57,
       190, 61, 72, 16, 133, 91, 207, 65, 35, 40, 83, 55, 237, 215, 16,
       123, 80, 24, 133, 59, 221, 68, 90, 229, 19, 94, 102, 232, 117,
       160, 231, 2, 91, 19, 1, 113, 56, 213, 104, 234, 105, 181, 153, 78,
       247, 233, 7, 5, 107, 51, 106, 34, 125, 64, 253, 103, 44, 42, 71,
       184, 100, 162, 251, 202, 83, 101, 153, 242, 122, 212, 108, 106,
       201, 178, 237, 40, 245, 239, 101, 20, 101, 251, 84, 32, 68, 113,
       185, 101, 176, 78, 115, 24, 104, 168, 111, 72, 87, 87, 137, 114,
       182, 84, 108, 122, 17, 208, 185, 8, 231, 249, 37, 4, 192, 179, 71,
       51, 222, 30, 172, 180, 170, 112, 24, 138, 171, 223, 147, 187, 204,
       255, 75, 203, 167, 215, 253, 147, 36, 71, 139, 224, 218, 115, 251,
       191, 164, 101, 13, 83, 222, 80, 158, 252, 43, 104, 125, 16, 169,
       22, 135, 49, 79, 183, 43, 91, 226, 245, 253, 130, 96, 69, 147,
       192, 211, 243, 250, 155, 34, 241, 37, 99, 15, 168, 163, 147, 205,
