%YAML:1.0
---
descriptors: !!opencv-matrix
   rows: 126
   cols: 32
   dt: u
   data: [ 188, 224, 253, 106, 141, 109, 67, 200, 82, 55, 165, 26, 83,
       221, 121, 59, 89, 208, 108, 122, 42, 103, 251, 49, 219, 139, 229,
       125, 243, 187, 86, 34, 68, 93, 123, 101, 116, 78, 111, 184, 53,
       232, 126, 100, 211, 23, 145, 112, 126, 252, 93, 110, 201, 176,
       121, 46, 229, 173, 37, 132, 96, 187, 70, 121, 241, 65, 70, 205,
       15, 26, 230, 32, 237, 162, 242, 66, 67, 8, 181, 119, 104, 228,
       108, 234, 236, 229, 69, 204, 176, 234, 194, 16, 101, 184, 112, 12,
       245, 125, 229, 110, 140, 79, 199, 248, 66, 242, 173, 10, 83, 245,
       89, 51, 89, 196, 88, 122, 233, 99, 255, 56, 249, 136, 197, 60,
       113, 251, 210, 224, 255, 91, 71, 239, 38, 6, 111, 252, 37, 172,
       210, 231, 113, 99, 177, 213, 126, 228, 61, 238, 201, 147, 45, 237,
       240, 170, 239, 128, 47, 179, 112, 121, 29, 43, 146, 245, 149, 182,
       104, 19, 119, 137, 94, 70, 143, 178, 227, 236, 118, 191, 188, 152,
       159, 216, 165, 202, 138, 255, 158, 195, 170, 228, 169, 5, 169, 60,
       253, 101, 116, 111, 103, 55, 116, 230, 126, 24, 243, 53, 144, 49,
       91, 254, 102, 40, 185, 252, 113, 14, 111, 239, 101, 0, 99, 232,
       70, 232, 26, 185, 19, 225, 179, 151, 184, 247, 62, 49, 78, 194,
       157, 151, 64, 164, 55, 31, 147, 145, 83, 216, 17, 213, 237, 213,
       159, 228, 174, 132, 171, 185, 245, 89, 78, 175, 36, 2, 79, 184,
       68, 226, 215, 198, 115, 81, 155, 97, 126, 228, 60, 239, 237, 182,
       221, 44, 244, 171, 231, 132, 45, 187, 120, 17, 13, 133, 88, 129,
       246, 235, 171, 227, 78, 33, 61, 154, 157, 2, 250, 164, 59, 10, 74,
       60, 115, 56, 12, 215, 108, 133, 43, 117, 158, 136, 201, 160, 1,
       162, 149, 185, 108, 137, 168, 159, 94, 57, 80, 80, 182, 130, 216,
       232, 195, 10, 106, 28, 147, 124, 71, 81, 140, 144, 50, 108, 152,
       136, 129, 169, 0, 176, 19, 153, 73, 205, 176, 75, 142, 57, 105,
       11, 132, 210, 104, 64, 201, 27, 194, 16, 18, 11, 10, 209, 13, 148,
       27, 111, 144, 8, 133, 131, 0, 189, 191, 188, 219, 196, 53, 231,
       190, 221, 72, 49, 188, 255, 64, 18, 167, 127, 235, 145, 119, 75,
       146, 127, 253, 183, 95, 107, 192, 64, 167, 219, 0, 162, 212, 155,
       250, 169, 168, 143, 30, 49, 65, 219, 157, 194, 72, 200, 79, 27,
       106, 148, 51, 92, 207, 209, 12, 18, 254, 108, 156, 136, 137, 136,
       196, 232, 190, 254, 12, 205, 116, 204, 255, 154, 164, 16, 246,
       251, 125, 123, 193, 107, 123, 74, 98, 101, 250, 113, 255, 219, 87,
       63, 208, 113, 103, 138, 196, 233, 190, 251, 173, 205, 116, 167,
       255, 191, 166, 16, 238, 251, 68, 91, 129, 119, 107, 82, 114, 105,
       218, 241, 239, 251, 87, 123, 208, 88, 197, 10, 45, 255, 185, 79,
       248, 159, 79, 190, 102, 233, 124, 76, 243, 103, 217, 176, 221,
       126, 102, 94, 219, 184, 249, 63, 111, 191, 37, 244, 218, 242, 194,
       185, 134, 44, 140, 187, 185, 181, 56, 135, 30, 155, 68, 21, 172,
       250, 99, 72, 193, 43, 179, 149, 54, 220, 211, 242, 206, 215, 158,
       203, 152, 68, 185, 154, 72, 189, 158, 251, 185, 237, 52, 135, 175,
       31, 170, 17, 174, 251, 64, 90, 161, 115, 235, 16, 50, 73, 155,
       243, 239, 215, 86, 123, 146, 80, 143, 11, 139, 168, 130, 179, 205,
       245, 184, 199, 30, 123, 80, 27, 172, 220, 126, 136, 185, 43, 211,
       149, 54, 126, 138, 247, 13, 87, 159, 235, 223, 12, 187, 222, 0,
       184, 17, 187, 57, 205, 149, 174, 158, 25, 40, 41, 190, 189, 64,
       64, 133, 91, 238, 65, 2, 40, 90, 55, 237, 215, 20, 59, 80, 9, 133,
       27, 61, 117, 121, 109, 124, 79, 87, 184, 67, 232, 189, 76, 211,
       21, 217, 48, 92, 220, 84, 106, 201, 114, 121, 28, 231, 205, 37,
       52, 123, 187, 66, 177, 21, 73, 221, 229, 3, 79, 110, 40, 45, 160,
       110, 130, 223, 35, 17, 246, 50, 213, 122, 234, 65, 144, 21, 76,
       167, 239, 71, 4, 106, 179, 3, 160, 68, 51, 156, 99, 160, 47, 56,
       25, 58, 187, 59, 121, 223, 26, 201, 26, 183, 93, 77, 50, 146, 80,
       201, 64, 204, 209, 47, 246, 200, 99, 135, 131, 168, 174, 154, 186,
       249, 169, 144, 199, 158, 15, 224, 57, 166, 209, 96, 24, 217, 59,
       130, 16, 50, 47, 202, 51, 201, 215, 21, 123, 208, 72, 143, 138,
       22, 174, 190, 191, 186, 19, 190, 234, 190, 182, 150, 163, 237,
       238, 43, 67, 183, 119, 253, 179, 124, 193, 15, 223, 234, 231, 239,
       213, 164, 112, 45, 67, 250, 89, 127, 252, 47, 94, 93, 100, 169,
       206, 182, 155, 127, 127, 38, 243, 238, 245, 253, 227, 105, 103,
       243, 233, 243, 251, 202, 155, 103, 60, 246, 123, 103, 176, 168,
       128, 205, 253, 146, 216, 95, 125, 189, 61, 134, 220, 78, 60, 157,
       136, 226, 21, 159, 50, 250, 146, 31, 20, 17, 127, 216, 15, 154,
       215, 53, 48, 241, 99, 224, 110, 115, 72, 123, 251, 49, 56, 94,
       127, 77, 58, 179, 221, 85, 58, 17, 114, 249, 64, 223, 216, 97,
       118, 192, 99, 71, 243, 36, 134, 134, 93, 173, 123, 228, 223, 255,
       31, 251, 121, 194, 96, 142, 159, 201, 70, 238, 26, 190, 249, 75,
       34, 46, 190, 119, 215, 194, 121, 238, 135, 244, 66, 94, 238, 42,
       2, 94, 184, 161, 130, 243, 233, 87, 67, 137, 91, 118, 213, 125,
       226, 108, 71, 141, 10, 242, 235, 231, 157, 36, 179, 110, 1, 155,
       190, 255, 113, 175, 189, 217, 210, 127, 123, 214, 247, 62, 189,
       214, 47, 175, 255, 253, 21, 191, 248, 227, 225, 203, 123, 125,
       194, 207, 196, 118, 255, 40, 185, 185, 127, 185, 205, 148, 191,
       94, 89, 40, 8, 190, 189, 76, 32, 133, 91, 250, 64, 83, 40, 250,
       53, 239, 221, 20, 122, 88, 88, 199, 187, 9, 150, 98, 129, 247,
       219, 115, 119, 94, 109, 126, 182, 137, 38, 178, 228, 59, 10, 142,
       40, 247, 184, 37, 151, 238, 197, 35, 229, 54, 140, 205, 213, 107,
       155, 91, 140, 100, 84, 125, 116, 41, 76, 246, 231, 56, 150, 166,
       244, 238, 181, 182, 205, 221, 186, 165, 225, 20, 121, 250, 130,
       15, 142, 126, 253, 41, 89, 123, 69, 116, 142, 111, 176, 101, 232,
       126, 68, 243, 23, 149, 116, 124, 252, 86, 110, 201, 176, 113, 44,
       103, 188, 32, 128, 107, 187, 66, 185, 194, 48, 182, 16, 235, 84,
       185, 71, 171, 221, 180, 61, 172, 190, 71, 26, 167, 115, 251, 145,
       146, 79, 178, 64, 91, 80, 95, 171, 194, 100, 167, 255, 6, 162,
       196, 147, 204, 169, 168, 203, 14, 49, 17, 222, 157, 130, 200, 138,
       107, 11, 106, 149, 19, 92, 207, 209, 12, 16, 191, 236, 156, 8,
       137, 128, 83, 207, 71, 206, 114, 18, 110, 252, 37, 8, 254, 230,
       105, 103, 181, 245, 126, 228, 14, 238, 233, 155, 13, 237, 50, 236,
       175, 128, 55, 178, 104, 45, 196, 249, 158, 254, 136, 205, 52, 237,
       254, 187, 160, 25, 246, 251, 105, 91, 161, 115, 107, 66, 114, 111,
       154, 113, 249, 179, 87, 123, 24, 48, 135, 11, 45, 81, 113, 69,
       116, 30, 239, 56, 101, 232, 123, 70, 211, 88, 157, 228, 94, 204,
       86, 110, 201, 176, 125, 12, 36, 252, 33, 132, 111, 187, 80, 181,
       41, 237, 216, 79, 240, 159, 238, 191, 110, 161, 108, 200, 179,
       224, 208, 48, 29, 110, 74, 92, 195, 184, 237, 61, 108, 157, 5,
       116, 216, 210, 194, 168, 68, 189, 158, 187, 169, 237, 52, 167,
       175, 89, 168, 17, 188, 255, 64, 91, 163, 115, 235, 80, 119, 73,
       155, 113, 173, 243, 95, 123, 136, 80, 143, 27, 195, 158, 158, 191,
       168, 172, 56, 23, 190, 83, 2, 85, 253, 186, 18, 123, 135, 103,
       125, 133, 183, 205, 211, 67, 140, 242, 90, 194, 140, 192, 137, 29,
       72, 253, 187, 189, 251, 192, 55, 231, 62, 193, 78, 32, 188, 183,
       64, 112, 183, 127, 187, 129, 83, 152, 179, 127, 253, 247, 31, 75,
       128, 2, 165, 123, 216, 48, 27, 100, 9, 76, 81, 85, 41, 17, 36, 24,
       159, 23, 0, 58, 164, 21, 72, 8, 1, 77, 177, 2, 211, 233, 80, 16,
       106, 0, 7, 42, 160, 249, 16, 168, 109, 201, 144, 196, 139, 16,
       184, 41, 46, 218, 101, 16, 202, 185, 2, 81, 70, 47, 194, 241, 29,
       144, 2, 123, 81, 11, 79, 139, 123, 247, 240, 70, 247, 92, 223,
       253, 65, 236, 60, 170, 107, 125, 158, 182, 62, 214, 148, 106, 253,
       59, 172, 143, 122, 93, 69, 191, 103, 254, 222, 253, 64, 0, 151,
