%YAML:1.0
---
descriptors: !!opencv-matrix
   rows: 141
   cols: 32
   dt: u
   data: [ 60, 113, 112, 226, 93, 221, 82, 88, 203, 168, 181, 8, 31, 217,
       77, 146, 136, 145, 213, 82, 74, 35, 218, 144, 251, 217, 5, 63, 99,
       27, 66, 163, 200, 24, 253, 237, 32, 46, 105, 19, 120, 142, 118,
       96, 183, 55, 129, 123, 70, 52, 61, 40, 161, 156, 225, 72, 199,
       251, 114, 128, 224, 224, 70, 41, 109, 96, 29, 227, 41, 79, 71,
       184, 103, 168, 165, 8, 215, 119, 73, 48, 145, 212, 76, 106, 73,
       82, 249, 24, 237, 219, 101, 52, 66, 179, 70, 34, 53, 69, 95, 77,
       4, 15, 71, 120, 100, 162, 227, 74, 83, 33, 29, 113, 120, 196, 66,
       106, 105, 182, 117, 14, 119, 171, 65, 4, 105, 187, 114, 160, 172,
       117, 27, 231, 52, 79, 119, 184, 61, 232, 119, 8, 215, 87, 9, 17,
       144, 92, 85, 106, 105, 244, 89, 14, 231, 217, 37, 20, 72, 187, 70,
       50, 56, 185, 58, 120, 91, 205, 81, 246, 167, 29, 236, 8, 62, 151,
       0, 48, 163, 155, 197, 72, 74, 43, 50, 53, 251, 205, 16, 127, 98,
       0, 230, 235, 223, 114, 236, 167, 174, 26, 158, 56, 0, 254, 151,
       175, 239, 60, 219, 139, 255, 229, 253, 231, 236, 69, 239, 168,
       210, 227, 239, 151, 165, 254, 29, 71, 9, 159, 122, 119, 116, 188,
       233, 55, 237, 77, 126, 116, 187, 45, 182, 96, 142, 42, 22, 12,
       177, 184, 96, 175, 70, 255, 48, 192, 78, 200, 210, 249, 247, 86,
       229, 213, 142, 50, 143, 184, 82, 246, 159, 246, 80, 108, 223, 111,
       127, 196, 123, 175, 229, 231, 239, 200, 44, 42, 239, 148, 191,
       255, 112, 245, 237, 108, 61, 105, 173, 47, 71, 184, 105, 250, 173,
       92, 214, 113, 28, 51, 217, 68, 88, 110, 249, 103, 249, 62, 231,
       219, 69, 60, 90, 251, 210, 32, 180, 109, 120, 90, 222, 173, 215,
       192, 218, 134, 44, 11, 51, 201, 119, 1, 168, 251, 2, 86, 98, 39,
       26, 62, 115, 137, 5, 57, 89, 123, 74, 154, 190, 233, 103, 154,
       255, 209, 190, 200, 157, 80, 213, 179, 73, 220, 63, 173, 254, 217,
       151, 247, 255, 199, 46, 243, 51, 105, 175, 207, 55, 191, 189, 214,
       201, 180, 155, 241, 161, 100, 49, 159, 58, 187, 2, 92, 156, 183,
       72, 123, 167, 95, 120, 144, 51, 92, 147, 98, 205, 147, 87, 110,
       136, 64, 131, 59, 121, 160, 151, 56, 45, 205, 65, 70, 235, 81,
       160, 24, 63, 159, 66, 187, 137, 162, 92, 28, 31, 111, 114, 145,
       147, 217, 80, 120, 210, 12, 66, 74, 51, 79, 79, 174, 22, 146, 110,
       112, 228, 192, 203, 198, 113, 226, 48, 240, 124, 226, 26, 239,
       205, 139, 28, 125, 176, 44, 138, 0, 61, 162, 120, 12, 83, 31, 74,
       190, 178, 182, 46, 246, 181, 202, 218, 231, 105, 234, 179, 208,
       119, 239, 181, 207, 189, 153, 20, 238, 186, 39, 174, 128, 45, 244,
       57, 29, 60, 109, 121, 100, 116, 75, 71, 250, 80, 164, 124, 10, 19,
       49, 145, 48, 24, 200, 22, 106, 72, 186, 100, 46, 119, 141, 37, 36,
       103, 251, 86, 160, 121, 180, 245, 119, 149, 90, 85, 63, 83, 239,
       55, 58, 123, 125, 158, 53, 25, 214, 180, 56, 189, 248, 109, 142,
       107, 255, 85, 87, 231, 236, 214, 111, 49, 135, 106, 173, 22, 10,
       239, 117, 100, 96, 250, 230, 83, 33, 176, 96, 122, 238, 14, 239,
       249, 184, 69, 15, 248, 173, 162, 132, 125, 170, 240, 8, 189, 12,
       252, 245, 229, 127, 77, 218, 81, 178, 60, 24, 91, 41, 83, 59, 217,
       202, 21, 62, 40, 246, 121, 154, 203, 219, 213, 53, 243, 253, 82,
       226, 125, 105, 45, 108, 13, 95, 79, 172, 99, 240, 164, 8, 211,
       105, 17, 58, 152, 196, 92, 110, 73, 98, 121, 60, 255, 223, 69, 52,
       210, 59, 82, 32, 41, 173, 155, 101, 244, 238, 99, 55, 108, 1, 110,
       8, 251, 51, 0, 48, 176, 102, 122, 12, 17, 184, 49, 47, 239, 237,
       36, 64, 200, 130, 194, 170, 123, 103, 238, 78, 118, 19, 207, 125,
       83, 238, 255, 238, 67, 108, 158, 181, 127, 204, 214, 238, 236,
       243, 109, 142, 58, 111, 229, 149, 103, 174, 250, 197, 80, 178,
       155, 248, 40, 173, 81, 87, 170, 27, 160, 93, 151, 147, 64, 27,
       167, 147, 108, 16, 26, 79, 130, 17, 217, 193, 114, 120, 200, 64,
       135, 3, 100, 100, 25, 103, 40, 79, 71, 184, 103, 168, 175, 104,
       215, 115, 201, 112, 144, 212, 76, 106, 72, 242, 201, 24, 231, 221,
       37, 52, 64, 243, 70, 35, 204, 188, 61, 113, 178, 111, 81, 186, 58,
       123, 52, 28, 222, 119, 72, 59, 149, 85, 125, 56, 179, 100, 249,
       23, 207, 219, 101, 116, 200, 225, 199, 115, 108, 33, 57, 109, 29,
       79, 71, 40, 116, 160, 225, 8, 211, 19, 8, 176, 152, 220, 104, 106,
       73, 178, 249, 12, 229, 249, 5, 20, 64, 43, 70, 34, 223, 86, 236,
       165, 46, 26, 222, 184, 96, 230, 151, 175, 195, 108, 159, 3, 95,
       197, 253, 231, 236, 229, 237, 136, 226, 235, 239, 145, 45, 255,
       29, 81, 117, 33, 24, 101, 5, 95, 66, 24, 101, 160, 238, 8, 211,
       49, 81, 116, 216, 212, 120, 106, 73, 242, 241, 10, 167, 253, 1,
       20, 98, 171, 90, 36, 165, 173, 121, 64, 212, 79, 199, 253, 83,
       232, 108, 10, 19, 241, 245, 52, 89, 202, 2, 122, 235, 50, 120, 62,
       125, 140, 5, 44, 113, 251, 210, 168, 86, 178, 180, 168, 171, 96,
       28, 137, 171, 127, 145, 189, 207, 110, 74, 206, 215, 215, 253,
       181, 158, 79, 203, 208, 152, 243, 207, 255, 132, 101, 165, 87,
       120, 89, 124, 110, 125, 217, 83, 48, 197, 12, 180, 40, 58, 31, 39,
       117, 72, 176, 237, 106, 72, 43, 98, 189, 243, 249, 32, 27, 114,
       175, 70, 107, 60, 78, 236, 229, 142, 59, 254, 174, 86, 242, 158,
       3, 211, 104, 85, 43, 123, 196, 249, 235, 236, 241, 125, 136, 239,
       203, 239, 21, 237, 249, 221, 2, 223, 86, 222, 69, 178, 62, 110,
       49, 121, 234, 63, 244, 75, 34, 159, 255, 55, 196, 252, 60, 181,
       212, 189, 202, 174, 255, 101, 198, 238, 247, 202, 21, 209, 207,
       125, 165, 38, 10, 111, 53, 100, 192, 242, 230, 247, 35, 144, 99,
       118, 228, 124, 238, 233, 176, 69, 12, 244, 235, 230, 128, 45, 178,
       224, 41, 21, 71, 108, 37, 52, 26, 110, 56, 124, 204, 254, 229,
       211, 104, 159, 96, 86, 196, 124, 111, 237, 176, 101, 12, 230, 235,
       231, 148, 108, 185, 89, 81, 248, 201, 86, 237, 135, 10, 71, 165,
       101, 4, 230, 2, 83, 35, 48, 87, 120, 196, 40, 234, 104, 147, 17,
       45, 241, 235, 196, 1, 35, 186, 244, 40, 61, 231, 236, 71, 86, 26,
       238, 248, 113, 228, 255, 238, 67, 108, 158, 179, 126, 196, 221,
       239, 236, 242, 109, 174, 126, 111, 229, 149, 101, 187, 94, 197,
       93, 50, 172, 165, 172, 30, 94, 24, 58, 238, 151, 173, 215, 44,
       219, 90, 150, 197, 253, 103, 204, 208, 237, 8, 206, 243, 237, 149,
       172, 255, 30, 83, 44, 72, 252, 117, 205, 111, 229, 158, 198, 183,
       38, 10, 211, 57, 81, 42, 9, 68, 114, 8, 8, 240, 243, 0, 79, 207,
       213, 21, 227, 249, 84, 234, 255, 118, 229, 197, 173, 58, 143, 188,
       90, 250, 159, 238, 217, 124, 223, 239, 95, 196, 253, 255, 169,
       101, 239, 202, 190, 123, 239, 180, 135, 255, 84, 117, 199, 166,
       236, 211, 207, 48, 188, 173, 95, 159, 215, 178, 72, 254, 223, 239,
       247, 215, 191, 147, 182, 101, 175, 227, 62, 127, 223, 207, 135,
       247, 249, 5, 33, 129, 127, 105, 116, 207, 225, 115, 116, 104, 250,
       72, 211, 24, 20, 32, 216, 140, 102, 56, 219, 184, 113, 29, 197,
       239, 35, 64, 73, 136, 82, 160, 104, 189, 60, 97, 176, 78, 117,
       183, 104, 136, 110, 8, 191, 51, 0, 48, 164, 94, 124, 72, 80, 184,
       177, 13, 239, 255, 36, 20, 64, 242, 194, 171, 184, 129, 84, 109,
       29, 75, 70, 56, 37, 32, 243, 8, 195, 17, 8, 145, 88, 196, 76, 106,
       104, 176, 65, 12, 231, 251, 97, 21, 99, 170, 70, 2, 33, 239, 72,
       11, 124, 155, 198, 170, 71, 37, 188, 169, 227, 104, 159, 16, 89,
       202, 78, 110, 206, 42, 109, 63, 46, 29, 37, 125, 117, 155, 90, 76,
       134, 205, 173, 183, 164, 232, 189, 167, 190, 183, 74, 19, 236, 47,
       91, 75, 163, 87, 59, 145, 50, 216, 171, 227, 237, 54, 222, 197,
       132, 81, 149, 234, 83, 31, 71, 134, 182, 210, 110, 114, 176, 200,
       219, 231, 113, 254, 177, 224, 126, 231, 29, 239, 253, 155, 44,
       238, 176, 46, 175, 128, 45, 246, 48, 85, 154, 153, 114, 218, 219,
