%YAML:1.0
---
descriptors: !!opencv-matrix
   rows: 138
   cols: 32
   dt: u
   data: [ 18, 34, 103, 233, 106, 201, 185, 87, 39, 61, 246, 227, 168,
       143, 196, 74, 238, 157, 239, 144, 138, 159, 225, 209, 214, 240,
       186, 211, 55, 140, 36, 249, 70, 254, 190, 190, 187, 169, 159, 239,
       190, 151, 148, 169, 236, 238, 41, 91, 215, 123, 239, 51, 118, 75,
       234, 253, 249, 183, 95, 251, 144, 113, 143, 91, 42, 167, 96, 25,
       213, 251, 244, 111, 31, 117, 125, 187, 138, 44, 86, 132, 153, 154,
       131, 21, 118, 56, 101, 151, 47, 87, 28, 231, 215, 76, 222, 222,
       107, 50, 106, 168, 108, 29, 248, 81, 237, 121, 246, 237, 155, 152,
       150, 104, 206, 133, 222, 5, 140, 35, 199, 192, 214, 121, 178, 250,
       94, 140, 122, 213, 106, 50, 240, 68, 109, 121, 80, 91, 131, 191,
       180, 56, 10, 189, 198, 158, 201, 180, 205, 16, 30, 111, 194, 128,
       219, 217, 53, 187, 210, 236, 94, 139, 118, 51, 185, 170, 184, 173,
       95, 200, 239, 61, 185, 72, 207, 254, 77, 56, 149, 211, 108, 83,
       158, 35, 234, 240, 155, 223, 39, 254, 208, 83, 135, 103, 9, 128,
       104, 81, 68, 155, 225, 83, 116, 17, 118, 194, 155, 8, 150, 236,
       120, 140, 162, 25, 143, 188, 101, 21, 4, 41, 178, 64, 111, 136,
       88, 172, 110, 178, 252, 248, 235, 121, 84, 139, 139, 191, 188,
       169, 142, 255, 207, 158, 143, 219, 236, 16, 30, 99, 234, 145, 222,
       209, 101, 255, 214, 252, 78, 71, 83, 159, 103, 141, 182, 194, 173,
       55, 237, 72, 218, 230, 248, 182, 180, 100, 102, 39, 63, 141, 209,
       153, 37, 223, 180, 62, 186, 128, 21, 4, 181, 125, 94, 242, 228,
       19, 235, 57, 188, 142, 187, 191, 151, 191, 204, 174, 207, 223,
       167, 215, 239, 151, 182, 87, 175, 240, 30, 87, 223, 247, 167, 117,
       143, 87, 211, 76, 231, 213, 66, 86, 173, 55, 185, 250, 86, 214,
       249, 166, 151, 111, 39, 111, 125, 141, 225, 221, 165, 206, 29, 58,
       255, 128, 39, 244, 51, 253, 7, 183, 179, 219, 240, 165, 191, 217,
       191, 91, 121, 116, 252, 254, 236, 108, 215, 91, 55, 158, 147, 88,
       186, 247, 44, 30, 63, 234, 154, 195, 163, 181, 91, 34, 110, 169,
       46, 139, 105, 83, 55, 61, 214, 239, 235, 137, 210, 72, 126, 141,
       127, 157, 138, 218, 199, 208, 214, 233, 187, 128, 47, 140, 112,
       217, 151, 236, 158, 191, 170, 251, 182, 234, 254, 243, 222, 179,
       229, 248, 127, 106, 251, 127, 238, 83, 38, 239, 143, 59, 248, 231,
       127, 191, 221, 123, 169, 135, 233, 233, 189, 119, 157, 221, 229,
       174, 251, 241, 38, 24, 242, 249, 84, 183, 129, 110, 120, 92, 103,
       252, 251, 53, 239, 219, 85, 112, 74, 9, 218, 46, 94, 185, 151,
       250, 139, 240, 52, 199, 175, 17, 236, 32, 44, 255, 96, 255, 163,
       115, 233, 144, 18, 75, 154, 225, 155, 243, 94, 75, 130, 86, 175,
       58, 184, 77, 120, 254, 101, 217, 87, 247, 85, 6, 252, 3, 51, 233,
       35, 81, 88, 250, 135, 66, 104, 174, 66, 191, 115, 239, 228, 25,
       115, 248, 124, 170, 19, 159, 35, 159, 178, 192, 175, 39, 45, 73,
       90, 230, 172, 38, 182, 100, 102, 35, 63, 141, 215, 152, 37, 255,
       180, 52, 154, 194, 28, 4, 177, 125, 193, 214, 85, 85, 54, 14, 239,
       53, 124, 98, 118, 212, 217, 35, 148, 247, 55, 68, 126, 108, 241,
       252, 117, 79, 44, 250, 114, 192, 111, 160, 195, 45, 233, 246, 249,
       65, 180, 15, 109, 159, 127, 121, 62, 124, 211, 37, 220, 56, 31,
       68, 124, 60, 187, 244, 225, 2, 238, 157, 53, 212, 202, 200, 210,
       113, 198, 135, 156, 190, 254, 35, 158, 234, 154, 35, 153, 155,
       236, 106, 59, 138, 219, 67, 203, 167, 52, 71, 10, 251, 184, 54,
       207, 191, 156, 127, 27, 130, 34, 191, 104, 17, 245, 251, 184, 35,
       63, 101, 94, 181, 136, 44, 86, 0, 155, 27, 131, 21, 54, 184, 69,
       215, 14, 87, 156, 227, 213, 76, 222, 214, 74, 153, 166, 154, 121,
       149, 185, 239, 159, 21, 212, 183, 236, 247, 102, 196, 231, 59,
       251, 133, 18, 75, 250, 245, 29, 114, 222, 235, 18, 4, 173, 255,
       65, 90, 214, 189, 100, 28, 120, 16, 235, 88, 118, 236, 191, 138,
       151, 219, 166, 45, 126, 76, 135, 244, 135, 192, 134, 249, 98, 128,
       14, 181, 75, 21, 7, 247, 18, 187, 188, 157, 190, 253, 158, 91, 91,
       247, 236, 234, 254, 192, 247, 107, 191, 23, 231, 212, 14, 247,
       172, 95, 191, 202, 156, 158, 169, 141, 114, 50, 251, 64, 43, 252,
       81, 18, 233, 220, 180, 237, 10, 150, 199, 62, 166, 181, 236, 20,
       141, 75, 182, 64, 211, 56, 48, 186, 66, 132, 70, 119, 238, 184,
       246, 210, 239, 253, 248, 97, 187, 127, 49, 155, 140, 252, 86, 143,
       175, 147, 247, 145, 182, 111, 154, 244, 31, 26, 219, 239, 215, 5,
       223, 215, 102, 50, 49, 80, 106, 141, 176, 81, 171, 249, 48, 237,
       28, 156, 196, 58, 134, 53, 215, 21, 131, 99, 226, 80, 28, 16, 113,
       254, 205, 12, 71, 245, 129, 107, 73, 127, 36, 139, 109, 61, 124,
       34, 114, 84, 179, 0, 144, 113, 18, 40, 78, 110, 236, 244, 109, 59,
       228, 217, 96, 0, 68, 152, 194, 168, 40, 241, 112, 74, 213, 221,
       247, 253, 91, 77, 124, 15, 43, 204, 126, 180, 184, 138, 130, 88,
       214, 58, 62, 245, 111, 221, 4, 111, 83, 142, 238, 222, 77, 78, 31,
       109, 52, 46, 107, 18, 108, 138, 122, 76, 211, 0, 145, 120, 209,
       100, 108, 62, 129, 180, 101, 46, 196, 255, 32, 128, 216, 251, 80,
       33, 140, 213, 30, 254, 185, 205, 94, 248, 191, 10, 253, 25, 255,
       255, 40, 80, 215, 251, 239, 98, 126, 195, 218, 255, 235, 255, 39,
       251, 82, 243, 207, 147, 161, 60, 247, 77, 87, 91, 225, 107, 95,
       226, 120, 98, 120, 112, 157, 164, 59, 60, 2, 40, 225, 240, 101,
       222, 13, 30, 69, 38, 95, 172, 82, 173, 81, 89, 31, 172, 56, 142,
       3, 102, 188, 72, 194, 69, 183, 130, 33, 80, 196, 47, 108, 69, 73,
       139, 81, 60, 177, 161, 58, 24, 24, 8, 33, 57, 209, 18, 15, 37, 16,
       14, 99, 48, 52, 234, 195, 84, 215, 50, 129, 113, 112, 228, 108,
       234, 41, 212, 241, 14, 241, 227, 98, 0, 40, 48, 35, 48, 74, 253,
       17, 250, 27, 193, 187, 238, 174, 21, 136, 0, 188, 215, 104, 96,
       235, 59, 203, 208, 66, 15, 122, 247, 253, 212, 27, 123, 18, 2,
       165, 186, 120, 101, 200, 100, 240, 10, 95, 191, 50, 174, 238, 173,
       19, 231, 67, 80, 25, 222, 69, 44, 104, 82, 209, 14, 255, 237, 37,
       173, 32, 240, 198, 114, 66, 177, 59, 26, 250, 233, 177, 77, 174,
       93, 77, 56, 148, 214, 232, 104, 150, 59, 243, 17, 18, 11, 162, 85,
       77, 36, 58, 233, 144, 2, 167, 243, 223, 80, 52, 115, 41, 127, 88,
       152, 237, 254, 151, 177, 206, 93, 223, 239, 135, 85, 253, 119,
       236, 197, 251, 224, 195, 251, 89, 151, 6, 245, 13, 87, 77, 184,
       153, 112, 153, 252, 81, 202, 235, 177, 164, 8, 158, 211, 64, 122,
       129, 94, 104, 24, 19, 107, 250, 48, 219, 221, 21, 126, 202, 1, 67,
       34, 184, 93, 110, 101, 13, 95, 87, 124, 117, 238, 246, 15, 123,
       61, 2, 49, 120, 244, 253, 106, 237, 183, 241, 174, 247, 235, 101,
       17, 99, 190, 94, 91, 110, 178, 252, 184, 239, 249, 144, 203, 139,
       125, 188, 187, 46, 221, 78, 154, 175, 219, 255, 17, 22, 99, 234,
       241, 95, 81, 23, 255, 215, 76, 143, 215, 135, 237, 134, 183, 151,
       162, 190, 239, 222, 243, 219, 215, 225, 232, 126, 203, 233, 79,
       58, 215, 230, 252, 79, 247, 44, 38, 223, 69, 141, 127, 185, 142,
       91, 18, 74, 169, 91, 211, 105, 83, 36, 77, 214, 135, 169, 6, 146,
       196, 120, 172, 191, 140, 143, 146, 117, 192, 214, 101, 170, 129,
       47, 132, 108, 220, 165, 205, 67, 75, 212, 35, 230, 252, 84, 34,
       121, 82, 81, 96, 189, 164, 89, 74, 2, 110, 113, 178, 109, 46, 44,
       14, 165, 68, 255, 251, 242, 164, 127, 158, 255, 254, 190, 86, 159,
       250, 219, 202, 220, 231, 124, 255, 191, 97, 223, 247, 149, 167,
       237, 67, 58, 239, 251, 127, 239, 158, 159, 246, 121, 127, 63, 149,
       115, 238, 255, 71, 223, 251, 159, 238, 188, 171, 124, 253, 255,
       32, 159, 211, 215, 163, 240, 99, 42, 255, 123, 95, 173, 254, 215,
       254, 85, 243, 47, 181, 112, 75, 247, 255, 251, 91, 79, 109, 125,
       175, 9, 221, 222, 164, 159, 27, 151, 29, 150, 186, 124, 215, 111,
