%YAML:1.0
---
descriptors: !!opencv-matrix
   rows: 58
   cols: 32
   dt: u
   data: [ 23, 15, 74, 190, 150, 162, 234, 114, 212, 64, 219, 230, 121,
       235, 176, 96, 126, 235, 31, 238, 185, 155, 4, 239, 242, 239, 170,
       192, 61, 203, 112, 0, 123, 123, 98, 4, 115, 148, 187, 112, 169,
       204, 252, 175, 40, 206, 247, 148, 254, 169, 151, 199, 204, 11,
       180, 205, 50, 93, 138, 171, 47, 134, 126, 95, 189, 87, 107, 229,
       244, 6, 255, 16, 81, 204, 127, 230, 91, 63, 159, 96, 126, 220, 21,
       238, 233, 176, 37, 142, 118, 205, 166, 128, 111, 251, 112, 113,
       49, 141, 99, 168, 213, 227, 226, 103, 84, 65, 234, 2, 51, 184, 52,
       96, 120, 170, 18, 189, 31, 187, 52, 159, 57, 44, 130, 64, 181,
       138, 240, 140, 25, 159, 106, 254, 182, 151, 111, 115, 85, 204,
       254, 230, 121, 239, 182, 96, 127, 170, 31, 172, 233, 187, 44, 255,
       250, 239, 167, 128, 63, 234, 240, 249, 27, 137, 106, 236, 86, 130,
       235, 118, 124, 65, 94, 130, 61, 141, 178, 96, 126, 187, 23, 141,
       131, 185, 52, 255, 242, 237, 170, 128, 53, 136, 49, 232, 2, 137,
       51, 137, 92, 196, 176, 101, 140, 4, 88, 67, 164, 158, 36, 64, 232,
       59, 3, 193, 82, 154, 2, 213, 37, 48, 138, 75, 20, 10, 181, 142, 2,
       140, 48, 139, 85, 245, 178, 230, 14, 5, 88, 3, 172, 222, 38, 64,
       217, 59, 147, 145, 22, 186, 80, 255, 45, 20, 154, 107, 16, 14,
       189, 142, 91, 27, 229, 37, 35, 94, 47, 59, 105, 234, 94, 228, 253,
       54, 146, 230, 54, 101, 252, 111, 197, 216, 181, 200, 164, 127,
       111, 128, 46, 246, 9, 117, 6, 178, 188, 186, 249, 229, 184, 207,
       158, 31, 25, 53, 140, 254, 104, 8, 135, 27, 179, 17, 146, 72, 26,
       211, 13, 23, 95, 239, 144, 70, 133, 211, 130, 72, 22, 155, 77,
       229, 178, 72, 158, 2, 81, 3, 236, 218, 41, 205, 217, 41, 163, 3,
       38, 52, 26, 255, 5, 18, 155, 43, 16, 15, 57, 142, 61, 87, 67, 79,
       116, 31, 238, 248, 101, 232, 251, 206, 115, 64, 157, 180, 124,
       236, 22, 238, 201, 178, 125, 14, 54, 172, 165, 132, 111, 187, 114,
       181, 31, 79, 98, 143, 86, 146, 238, 112, 21, 132, 223, 231, 105,
       106, 183, 196, 126, 236, 23, 239, 204, 147, 13, 254, 54, 108, 171,
       128, 63, 191, 120, 197, 11, 159, 46, 171, 181, 179, 186, 231, 76,
       105, 88, 167, 136, 104, 62, 96, 250, 43, 147, 229, 247, 184, 13,
       253, 44, 29, 138, 195, 29, 14, 217, 151, 131, 156, 26, 217, 19,
       167, 48, 247, 62, 11, 70, 22, 188, 182, 34, 96, 247, 59, 155, 144,
       54, 156, 17, 247, 143, 182, 26, 66, 152, 0, 169, 15, 16, 133, 66,
       233, 85, 131, 232, 111, 21, 1, 200, 2, 41, 11, 48, 64, 120, 139,
       19, 168, 26, 155, 21, 223, 179, 237, 154, 65, 61, 10, 104, 138,
       145, 14, 107, 238, 38, 162, 235, 114, 244, 2, 219, 230, 57, 139,
       176, 97, 110, 169, 23, 143, 225, 159, 36, 239, 208, 169, 186, 128,
       61, 129, 97, 169, 63, 151, 229, 65, 246, 59, 239, 191, 67, 247,
       60, 238, 75, 44, 223, 166, 63, 198, 150, 63, 181, 112, 109, 218,
       62, 79, 229, 244, 239, 254, 216, 245, 34, 232, 24, 155, 85, 197,
       178, 206, 30, 5, 120, 3, 172, 156, 102, 128, 217, 25, 147, 17, 6,
       190, 90, 247, 13, 21, 154, 107, 85, 14, 61, 202, 90, 159, 102,
       158, 171, 80, 188, 39, 169, 222, 158, 167, 108, 110, 54, 67, 230,
       119, 253, 161, 212, 9, 179, 237, 115, 113, 206, 139, 7, 118, 173,
       95, 145, 74, 79, 252, 70, 130, 237, 114, 244, 2, 86, 214, 57, 139,
       176, 105, 110, 164, 55, 172, 233, 181, 4, 206, 82, 171, 242, 128,
       45, 168, 112, 168, 38, 172, 48, 138, 85, 245, 178, 66, 78, 5, 121,
       11, 172, 216, 118, 132, 216, 57, 131, 17, 6, 50, 88, 253, 29, 20,
       11, 107, 215, 15, 95, 134, 42, 185, 224, 64, 249, 217, 208, 71,
       75, 237, 60, 173, 42, 156, 86, 180, 141, 186, 199, 17, 158, 58,
       244, 208, 31, 93, 21, 251, 215, 12, 222, 223, 38, 32, 226, 74, 85,
       247, 242, 64, 75, 33, 121, 11, 8, 216, 127, 164, 216, 168, 130,
       51, 134, 50, 28, 208, 23, 28, 129, 111, 215, 111, 126, 134, 10,
       156, 50, 155, 85, 245, 186, 198, 31, 77, 92, 19, 172, 222, 38,
       196, 249, 59, 147, 145, 38, 156, 115, 255, 47, 118, 154, 67, 146,
       13, 61, 222, 91, 25, 247, 69, 35, 90, 125, 55, 105, 224, 94, 230,
       169, 62, 150, 246, 38, 245, 253, 204, 197, 152, 165, 200, 166,
       125, 70, 130, 46, 166, 9, 125, 6, 176, 153, 179, 178, 229, 185,
       141, 190, 25, 25, 48, 220, 255, 104, 72, 151, 27, 59, 17, 18, 72,
       26, 211, 205, 150, 63, 198, 148, 66, 129, 147, 186, 77, 70, 236,
       69, 18, 94, 119, 177, 134, 244, 11, 107, 59, 35, 23, 248, 229,
       199, 226, 108, 175, 0, 206, 179, 250, 196, 3, 103, 252, 238, 14,
       221, 16, 253, 231, 36, 126, 123, 24, 97, 234, 247, 230, 219, 127,
       155, 123, 126, 212, 189, 254, 169, 244, 253, 136, 199, 235, 227,
       132, 175, 227, 124, 113, 0, 142, 15, 233, 176, 227, 59, 39, 28,
       13, 74, 130, 212, 39, 32, 96, 193, 51, 11, 16, 50, 152, 33, 29,
       237, 135, 170, 193, 144, 72, 149, 56, 6, 143, 42, 139, 183, 163,
       187, 198, 31, 77, 88, 167, 172, 236, 50, 192, 255, 43, 147, 149,
       150, 152, 12, 255, 174, 84, 143, 195, 149, 79, 181, 223, 79, 157,
       255, 186, 223, 244, 190, 247, 159, 95, 156, 151, 124, 254, 126,
       225, 231, 243, 191, 211, 247, 75, 58, 243, 123, 95, 222, 203, 159,
       87, 173, 95, 170, 190, 226, 218, 237, 241, 191, 207, 159, 87, 188,
       179, 44, 252, 126, 13, 239, 251, 147, 147, 182, 47, 58, 243, 127,
       85, 159, 251, 151, 93, 244, 246, 66, 90, 175, 150, 202, 68, 188,
       199, 138, 222, 146, 167, 172, 142, 119, 11, 239, 113, 251, 199,
       196, 79, 146, 224, 85, 50, 222, 139, 5, 116, 181, 219, 91, 41, 98,
       68, 55, 214, 120, 51, 105, 224, 222, 130, 41, 158, 150, 244, 54,
       173, 189, 205, 205, 152, 165, 204, 178, 125, 130, 131, 39, 134,
       122, 93, 43, 249, 227, 68, 243, 212, 190, 247, 123, 196, 124, 166,
       40, 252, 246, 180, 62, 235, 147, 221, 199, 186, 180, 235, 62, 28,
       143, 235, 199, 134, 107, 253, 194, 77, 6, 156, 69, 128, 164, 103,
       189, 2, 210, 2, 172, 130, 36, 85, 232, 175, 6, 131, 108, 159, 0,
       207, 180, 50, 218, 10, 16, 120, 177, 142, 167, 108, 232, 152, 76,
       161, 174, 202, 18, 162, 80, 139, 16, 204, 113, 8, 89, 105, 19,
       231, 224, 54, 218, 186, 20, 6, 207, 172, 149, 121, 80, 152, 34,
       77, 70, 156, 77, 19, 244, 103, 169, 130, 248, 11, 40, 168, 37, 23,
       232, 231, 194, 160, 68, 187, 18, 200, 55, 58, 214, 11, 65, 124,
       106, 142, 6, 73, 146, 142, 205, 245, 182, 200, 143, 132, 88, 3,
       140, 250, 103, 204, 216, 107, 179, 211, 6, 19, 218, 224, 55, 52,
       143, 43, 146, 127, 61, 134, 44, 85, 104, 239, 119, 82, 255, 188,
       20, 78, 126, 163, 89, 125, 59, 32, 94, 220, 151, 234, 224, 176,
       121, 174, 103, 111, 164, 133, 119, 255, 244, 243, 14, 157, 238,
       254, 255, 244, 158, 255, 159, 223, 156, 167, 108, 254, 126, 98,
       255, 243, 191, 211, 255, 75, 58, 255, 123, 95, 143, 239, 159, 119,
       189, 95, 46, 253, 246, 218, 253, 245, 191, 239, 159, 87, 188, 147,
       172, 252, 126, 4, 239, 123, 147, 147, 54, 43, 58, 243, 63, 87,
       159, 235, 151, 93, 181, 254, 20, 7, 107, 234, 172, 227, 207, 217,
       212, 74, 221, 114, 81, 203, 185, 105, 88, 168, 23, 235, 249, 163,
       42, 150, 241, 201, 171, 204, 21, 251, 244, 160, 55, 41, 235, 128,
       148, 150, 235, 81, 3, 232, 150, 199, 89, 140, 247, 96, 126, 173,
       181, 253, 157, 219, 181, 204, 122, 77, 175, 196, 173, 174, 48,
       116, 31, 195, 111, 234, 150, 6, 47, 241, 188, 81, 95, 214, 93,
       239, 184, 98, 118, 213, 63, 255, 243, 145, 60, 198, 248, 239, 175,
       196, 173, 162, 161, 49, 49, 13, 79, 236, 30, 131, 75, 112, 132,
       64, 218, 230, 115, 193, 177, 96, 122, 226, 30, 238, 233, 171, 4,
       189, 240, 173, 170, 136, 61, 171, 112, 56, 34, 179, 106, 10, 118,
       217, 187, 103, 59, 77, 125, 175, 40, 140, 182, 16, 190, 187, 151,
       149, 150, 186, 36, 255, 126, 20, 8, 235, 87, 142, 255, 223, 70,
