%YAML:1.0
---
descriptors: !!opencv-matrix
   rows: 106
   cols: 32
   dt: u
   data: [ 25, 12, 223, 253, 214, 42, 111, 39, 117, 2, 110, 2, 115, 51,
       177, 97, 123, 238, 50, 170, 121, 184, 5, 239, 246, 175, 210, 0,
       103, 248, 240, 40, 247, 90, 239, 252, 44, 2, 77, 176, 249, 218,
       178, 126, 91, 27, 149, 123, 102, 229, 125, 238, 233, 71, 231, 232,
       146, 235, 226, 152, 37, 177, 98, 113, 193, 90, 222, 119, 34, 10,
       111, 176, 160, 202, 242, 228, 247, 99, 129, 91, 6, 100, 108, 78,
       201, 212, 199, 104, 224, 170, 102, 128, 44, 242, 99, 57, 198, 229,
       152, 190, 252, 160, 174, 175, 186, 147, 25, 152, 252, 234, 120,
       66, 179, 107, 121, 145, 50, 77, 138, 243, 172, 22, 223, 236, 148,
       114, 129, 0, 196, 173, 148, 151, 150, 168, 166, 135, 190, 147, 10,
       82, 252, 226, 73, 74, 97, 111, 42, 145, 50, 92, 139, 227, 172, 38,
       223, 68, 160, 114, 161, 8, 240, 33, 42, 92, 196, 68, 229, 113,
       112, 142, 101, 18, 80, 243, 124, 127, 120, 174, 50, 168, 112, 254,
       178, 66, 85, 40, 198, 13, 65, 96, 246, 162, 3, 189, 91, 225, 178,
       142, 190, 247, 188, 73, 90, 228, 189, 182, 160, 112, 166, 63, 95,
       204, 211, 152, 164, 127, 236, 253, 46, 192, 12, 192, 163, 185, 59,
       105, 114, 76, 85, 221, 86, 246, 105, 4, 236, 9, 42, 221, 55, 180,
       248, 250, 198, 74, 78, 187, 178, 253, 179, 221, 0, 59, 99, 158,
       78, 222, 1, 180, 189, 241, 236, 173, 185, 159, 158, 123, 57, 124,
       156, 173, 216, 43, 135, 11, 127, 29, 179, 124, 235, 211, 76, 155,
       127, 244, 156, 200, 193, 241, 253, 65, 94, 236, 15, 94, 95, 184,
       177, 166, 231, 10, 91, 119, 43, 243, 114, 212, 253, 234, 104, 199,
       251, 136, 243, 235, 229, 29, 35, 187, 110, 98, 245, 90, 255, 246,
       110, 40, 109, 16, 249, 154, 183, 250, 223, 239, 213, 123, 111,
       229, 125, 142, 233, 71, 239, 194, 212, 251, 251, 152, 37, 241, 99,
       97, 252, 98, 190, 116, 77, 13, 85, 208, 227, 190, 181, 25, 90,
       217, 69, 27, 137, 244, 101, 114, 104, 103, 138, 0, 83, 219, 69,
       63, 195, 121, 70, 3, 136, 201, 57, 249, 48, 205, 81, 190, 22, 13,
       84, 48, 183, 23, 128, 112, 85, 26, 61, 24, 106, 156, 97, 63, 235,
       143, 48, 208, 18, 136, 132, 107, 111, 121, 247, 4, 105, 124, 87,
       210, 233, 238, 190, 13, 42, 172, 215, 182, 166, 228, 236, 110,
       205, 99, 182, 232, 115, 121, 69, 59, 67, 247, 78, 95, 172, 233,
       212, 115, 237, 15, 70, 157, 87, 187, 178, 88, 195, 105, 73, 11,
       201, 198, 108, 122, 127, 108, 219, 178, 111, 219, 117, 116, 251,
       249, 208, 130, 164, 140, 215, 254, 252, 171, 158, 239, 223, 147,
       248, 88, 238, 232, 37, 73, 211, 123, 106, 34, 48, 111, 10, 255,
       168, 190, 87, 126, 212, 249, 129, 137, 47, 167, 40, 73, 253, 189,
       203, 155, 95, 125, 13, 29, 128, 204, 94, 76, 221, 10, 51, 29, 158,
       24, 255, 147, 79, 93, 145, 252, 146, 207, 214, 214, 49, 253, 147,
       106, 189, 205, 67, 220, 239, 73, 184, 72, 191, 242, 0, 52, 145,
       235, 76, 88, 223, 43, 120, 63, 185, 220, 5, 122, 200, 2, 194, 237,
       203, 48, 240, 112, 105, 157, 248, 19, 235, 89, 52, 185, 159, 159,
       214, 62, 134, 17, 221, 21, 134, 108, 162, 192, 199, 217, 48, 234,
       70, 132, 71, 255, 126, 230, 237, 191, 172, 82, 95, 188, 23, 255,
       151, 247, 105, 239, 218, 75, 93, 215, 239, 247, 250, 71, 239, 179,
       254, 231, 255, 253, 183, 255, 244, 81, 247, 201, 102, 204, 13, 2,
       70, 232, 197, 4, 178, 6, 99, 72, 60, 71, 120, 228, 110, 231, 108,
       231, 93, 205, 176, 42, 195, 22, 125, 58, 112, 12, 9, 89, 83, 69,
       52, 143, 234, 54, 124, 8, 122, 68, 254, 49, 149, 164, 54, 102,
       126, 108, 129, 184, 17, 110, 36, 190, 34, 128, 74, 160, 67, 169,
       205, 75, 89, 101, 36, 14, 111, 188, 108, 168, 126, 100, 243, 33,
       145, 114, 150, 100, 108, 110, 201, 176, 225, 40, 230, 253, 101,
       128, 74, 179, 67, 41, 8, 173, 147, 122, 153, 237, 87, 207, 239, 1,
       41, 0, 190, 243, 32, 180, 209, 58, 218, 24, 59, 169, 26, 255, 233,
       212, 21, 122, 210, 82, 167, 42, 77, 113, 49, 69, 52, 14, 99, 56,
       105, 232, 119, 76, 222, 81, 153, 52, 182, 4, 76, 110, 193, 176,
       185, 76, 229, 184, 33, 4, 74, 163, 67, 33, 16, 216, 89, 255, 202,
       193, 23, 254, 54, 62, 112, 34, 21, 179, 96, 89, 107, 219, 39, 194,
       98, 126, 203, 115, 93, 166, 119, 47, 113, 241, 167, 171, 69, 48,
       155, 97, 160, 110, 99, 16, 96, 232, 43, 76, 214, 55, 201, 58, 181,
       84, 124, 126, 153, 240, 241, 72, 205, 158, 101, 100, 200, 227, 35,
       113, 33, 160, 152, 65, 237, 121, 96, 159, 107, 63, 52, 24, 130,
       48, 206, 190, 137, 78, 102, 24, 30, 122, 227, 17, 142, 223, 84,
       127, 210, 200, 218, 143, 125, 116, 250, 100, 35, 126, 123, 216,
       105, 230, 191, 8, 95, 95, 95, 190, 63, 221, 252, 250, 140, 247,
       253, 202, 211, 221, 71, 55, 227, 247, 110, 247, 93, 53, 145, 225,
       178, 46, 108, 27, 59, 163, 107, 80, 223, 51, 200, 248, 183, 31,
       60, 56, 51, 208, 153, 66, 172, 238, 63, 68, 170, 224, 131, 33, 47,
       161, 240, 195, 253, 127, 242, 73, 111, 245, 189, 27, 206, 28, 94,
       188, 187, 140, 223, 63, 150, 114, 253, 208, 159, 93, 7, 119, 199,
       207, 223, 246, 87, 21, 111, 69, 242, 126, 255, 113, 125, 192, 239,
       144, 89, 62, 159, 124, 54, 165, 89, 173, 177, 145, 53, 78, 247,
       47, 139, 0, 165, 230, 227, 116, 132, 239, 137, 183, 214, 168, 39,
       191, 182, 147, 75, 246, 245, 226, 201, 64, 113, 106, 42, 154, 115,
       92, 142, 127, 236, 134, 175, 108, 168, 113, 161, 168, 9, 139, 18,
       85, 52, 159, 234, 54, 124, 9, 126, 96, 190, 17, 132, 228, 46, 46,
       46, 76, 193, 184, 5, 111, 38, 253, 50, 128, 74, 128, 233, 45, 236,
       233, 148, 115, 173, 15, 196, 189, 214, 184, 182, 76, 211, 249, 80,
       139, 137, 70, 108, 90, 250, 109, 219, 176, 111, 219, 101, 125, 74,
       184, 216, 10, 132, 140, 151, 158, 252, 171, 174, 239, 222, 179,
       240, 88, 238, 226, 40, 73, 211, 111, 106, 18, 50, 239, 11, 255,
       184, 182, 87, 116, 208, 120, 161, 128, 6, 160, 212, 145, 236, 105,
       168, 11, 30, 49, 49, 250, 141, 130, 200, 139, 43, 11, 234, 145,
       19, 124, 207, 209, 140, 18, 95, 124, 156, 8, 137, 128, 194, 96,
       121, 225, 100, 136, 248, 3, 233, 147, 49, 153, 142, 11, 84, 59,
       174, 145, 95, 25, 130, 108, 194, 192, 134, 216, 146, 171, 69, 128,
       67, 143, 41, 189, 106, 72, 221, 221, 215, 119, 87, 77, 124, 8, 42,
       157, 54, 180, 89, 186, 146, 12, 222, 58, 118, 183, 127, 93, 16,
       107, 115, 142, 254, 238, 27, 149, 119, 222, 83, 149, 61, 109, 189,
       65, 79, 130, 124, 255, 40, 229, 54, 59, 155, 141, 115, 139, 54,
       223, 179, 124, 26, 138, 62, 6, 161, 127, 254, 150, 221, 251, 170,
       98, 94, 185, 23, 115, 145, 246, 89, 119, 137, 251, 95, 211, 253,
       162, 187, 70, 79, 243, 218, 227, 255, 252, 191, 243, 168, 19, 94,
       106, 247, 84, 11, 114, 25, 66, 255, 142, 182, 160, 107, 174, 197,
       191, 167, 245, 236, 146, 8, 229, 163, 232, 147, 247, 87, 3, 227,
       241, 39, 109, 235, 124, 234, 92, 105, 220, 247, 246, 233, 206,
       188, 13, 42, 188, 151, 182, 166, 247, 255, 69, 229, 43, 182, 235,
       51, 61, 0, 187, 67, 244, 110, 127, 197, 108, 157, 53, 40, 47, 64,
       146, 254, 250, 162, 92, 214, 49, 81, 155, 133, 100, 108, 30, 165,
       244, 219, 42, 205, 251, 85, 20, 200, 113, 75, 9, 125, 111, 148,
       236, 173, 31, 94, 190, 127, 170, 184, 104, 223, 115, 137, 179,
       221, 197, 108, 108, 233, 99, 193, 154, 251, 251, 103, 188, 90,
       248, 202, 1, 176, 237, 28, 171, 156, 143, 198, 236, 134, 48, 160,
       64, 183, 75, 32, 129, 200, 163, 74, 113, 111, 43, 91, 61, 232,
       129, 15, 124, 88, 24, 137, 138, 197, 0, 255, 247, 110, 40, 233,
       18, 251, 147, 179, 242, 221, 235, 217, 123, 99, 229, 127, 158,
       160, 101, 207, 194, 212, 187, 251, 156, 133, 225, 99, 161, 228,
       107, 158, 118, 45, 73, 213, 65, 203, 158, 177, 24, 163, 201, 69,
       27, 136, 240, 236, 66, 72, 103, 202, 160, 211, 217, 69, 59, 64,
