%YAML:1.0
---
descriptors: !!opencv-matrix
   rows: 78
   cols: 32
   dt: u
   data: [ 4, 164, 20, 131, 221, 109, 176, 105, 30, 51, 57, 26, 204, 240,
       72, 8, 185, 27, 226, 16, 54, 120, 91, 214, 29, 22, 95, 119, 144,
       10, 133, 134, 240, 72, 207, 246, 12, 10, 109, 32, 233, 178, 178,
       90, 123, 107, 149, 91, 106, 229, 108, 234, 104, 199, 199, 232,
       240, 170, 238, 16, 37, 185, 112, 32, 246, 80, 214, 140, 77, 102,
       86, 72, 185, 134, 227, 11, 78, 254, 111, 95, 249, 213, 239, 227,
       72, 71, 219, 202, 145, 50, 203, 31, 1, 127, 126, 2, 202, 170, 230,
       30, 237, 248, 248, 199, 235, 87, 38, 149, 170, 236, 246, 222, 163,
       98, 238, 28, 182, 109, 166, 227, 26, 127, 86, 75, 198, 196, 238,
       94, 59, 210, 244, 245, 55, 158, 217, 184, 123, 221, 52, 167, 111,
       111, 158, 183, 191, 241, 181, 221, 142, 240, 46, 205, 203, 219,
       231, 199, 231, 166, 79, 127, 75, 114, 124, 237, 47, 150, 89, 24,
       139, 220, 84, 165, 253, 223, 214, 246, 150, 61, 181, 236, 199, 84,
       183, 221, 195, 249, 169, 175, 62, 166, 77, 119, 246, 238, 228,
       255, 188, 7, 206, 184, 87, 186, 251, 74, 99, 105, 93, 67, 217,
       206, 117, 235, 234, 242, 203, 191, 46, 254, 197, 180, 125, 251,
       80, 4, 174, 217, 118, 174, 121, 135, 30, 232, 157, 192, 241, 169,
       110, 255, 45, 145, 222, 113, 223, 103, 108, 195, 26, 189, 187,
       251, 77, 155, 86, 174, 42, 219, 70, 237, 148, 190, 223, 137, 190,
       172, 155, 144, 9, 10, 236, 234, 89, 194, 179, 251, 123, 211, 114,
       65, 154, 253, 189, 20, 143, 251, 148, 115, 131, 6, 250, 184, 226,
       82, 139, 252, 144, 151, 187, 95, 150, 191, 170, 188, 70, 191, 237,
       179, 253, 145, 190, 111, 242, 227, 219, 115, 220, 251, 231, 76,
       158, 95, 196, 237, 148, 151, 149, 128, 38, 165, 250, 49, 131, 18,
       228, 226, 72, 71, 225, 78, 106, 211, 114, 216, 219, 227, 189, 54,
       159, 99, 128, 82, 161, 142, 124, 181, 149, 234, 141, 111, 86, 248,
       43, 56, 185, 88, 223, 115, 8, 179, 221, 213, 124, 122, 59, 99,
       219, 181, 251, 219, 69, 126, 218, 123, 194, 51, 147, 4, 119, 93,
       6, 51, 164, 99, 220, 2, 243, 114, 72, 184, 181, 173, 255, 63, 26,
       163, 181, 245, 37, 221, 52, 42, 218, 2, 85, 121, 225, 164, 27,
       114, 116, 237, 47, 182, 89, 24, 235, 220, 116, 167, 79, 223, 215,
       182, 134, 189, 181, 237, 142, 228, 183, 209, 195, 249, 161, 143,
       103, 135, 79, 119, 90, 179, 118, 123, 187, 222, 121, 55, 239, 109,
       118, 180, 175, 159, 150, 244, 166, 191, 253, 28, 215, 217, 181,
       213, 255, 249, 54, 195, 110, 132, 207, 95, 229, 166, 236, 53, 172,
       42, 108, 41, 121, 183, 163, 217, 199, 32, 222, 91, 19, 132, 108,
       60, 244, 244, 197, 0, 204, 186, 117, 212, 132, 232, 208, 64, 74,
       174, 174, 93, 153, 248, 177, 39, 190, 85, 78, 177, 236, 228, 2,
       111, 165, 55, 235, 17, 54, 216, 163, 117, 79, 119, 94, 195, 130,
       68, 133, 126, 219, 112, 116, 232, 47, 55, 216, 30, 239, 108, 124,
       135, 15, 159, 215, 190, 166, 157, 245, 237, 140, 36, 183, 208,
       195, 249, 136, 175, 119, 149, 71, 119, 74, 184, 146, 152, 153,
       253, 176, 71, 175, 29, 140, 25, 172, 182, 102, 222, 227, 51, 235,
       16, 22, 75, 146, 243, 159, 20, 26, 123, 146, 68, 173, 79, 13, 162,
       217, 243, 236, 169, 249, 27, 238, 51, 61, 216, 157, 227, 216, 42,
       171, 11, 126, 29, 147, 120, 235, 209, 204, 223, 127, 252, 212,
       200, 193, 161, 104, 153, 152, 254, 9, 205, 18, 150, 155, 73, 36,
       12, 190, 247, 64, 120, 133, 123, 253, 16, 3, 10, 218, 179, 199,
       245, 20, 59, 154, 8, 15, 59, 6, 181, 18, 129, 221, 111, 176, 73,
       31, 61, 187, 27, 204, 220, 74, 8, 187, 157, 251, 177, 50, 115,
       153, 214, 29, 20, 11, 103, 197, 15, 149, 130, 196, 237, 132, 151,
       157, 136, 38, 237, 190, 152, 3, 18, 228, 226, 72, 199, 113, 106,
       106, 210, 98, 73, 139, 255, 188, 2, 207, 111, 0, 51, 169, 134,
       100, 239, 196, 243, 236, 15, 70, 188, 87, 187, 185, 221, 67, 104,
       92, 143, 217, 198, 110, 118, 126, 96, 203, 177, 46, 218, 197, 126,
       249, 251, 216, 148, 50, 0, 86, 188, 107, 3, 152, 104, 29, 162,
       240, 169, 110, 223, 44, 21, 222, 181, 255, 103, 104, 195, 67, 221,
       146, 250, 75, 158, 84, 44, 35, 131, 117, 233, 57, 110, 60, 157,
       67, 248, 239, 232, 173, 8, 254, 208, 89, 52, 152, 108, 76, 106,
       203, 35, 250, 61, 177, 220, 5, 62, 64, 43, 67, 101, 165, 239, 193,
       218, 220, 165, 207, 253, 83, 150, 184, 94, 96, 105, 61, 13, 121,
       234, 2, 238, 251, 103, 126, 255, 57, 14, 199, 108, 245, 251, 242,
       160, 61, 91, 107, 237, 118, 10, 111, 48, 101, 200, 254, 230, 115,
       67, 145, 112, 126, 236, 22, 238, 201, 176, 101, 44, 246, 233, 162,
       128, 109, 187, 112, 185, 98, 33, 241, 224, 108, 8, 248, 1, 233,
       145, 177, 139, 141, 139, 92, 26, 174, 149, 95, 217, 154, 34, 130,
       192, 150, 248, 138, 171, 103, 130, 99, 6, 189, 22, 109, 101, 52,
       11, 75, 56, 85, 234, 247, 238, 83, 33, 153, 49, 94, 196, 124, 238,
       233, 178, 109, 14, 246, 235, 225, 148, 111, 171, 82, 113, 106, 1,
       196, 132, 117, 74, 232, 73, 43, 144, 176, 35, 142, 26, 68, 156,
       122, 161, 142, 145, 10, 107, 68, 205, 156, 88, 219, 215, 71, 44,
       118, 132, 125, 235, 121, 98, 52, 157, 67, 252, 99, 108, 188, 8,
       255, 192, 152, 48, 152, 236, 76, 106, 203, 35, 248, 61, 243, 221,
       37, 56, 96, 155, 70, 41, 50, 0, 86, 172, 106, 3, 152, 104, 13,
       160, 242, 139, 78, 158, 36, 209, 254, 149, 127, 33, 8, 243, 67,
       220, 144, 248, 75, 159, 85, 40, 35, 135, 90, 61, 183, 244, 145,
       204, 53, 103, 189, 73, 202, 25, 190, 191, 32, 80, 164, 51, 253, 1,
       123, 217, 146, 199, 209, 247, 30, 3, 2, 68, 167, 123, 80, 0, 158,
       173, 56, 10, 24, 75, 60, 162, 226, 16, 223, 34, 33, 203, 215, 5,
       110, 48, 56, 209, 193, 10, 152, 247, 123, 22, 128, 40, 41, 1, 102,
       235, 132, 67, 141, 13, 198, 168, 203, 184, 177, 77, 194, 233, 92,
       134, 217, 196, 108, 86, 78, 97, 203, 177, 175, 156, 197, 126, 218,
       187, 88, 20, 233, 61, 158, 244, 169, 159, 92, 55, 187, 170, 170,
       12, 159, 179, 65, 243, 135, 183, 108, 8, 105, 75, 210, 10, 235,
       255, 117, 56, 74, 224, 138, 11, 79, 164, 185, 251, 164, 44, 111,
       158, 123, 27, 60, 28, 255, 111, 220, 122, 183, 211, 95, 156, 179,
       100, 251, 243, 239, 223, 214, 44, 154, 208, 195, 48, 233, 212,
       174, 229, 141, 62, 105, 23, 100, 55, 239, 28, 211, 35, 26, 122,
       217, 196, 106, 46, 153, 246, 241, 2, 199, 255, 210, 84, 72, 74,
       218, 114, 77, 176, 152, 225, 176, 47, 89, 25, 43, 249, 55, 124,
       223, 23, 72, 26, 151, 21, 93, 48, 147, 80, 217, 64, 207, 221, 37,
       244, 200, 131, 131, 51, 76, 160, 137, 37, 164, 106, 101, 45, 98,
       243, 171, 152, 211, 37, 216, 122, 17, 132, 108, 29, 25, 240, 237,
       2, 237, 247, 117, 85, 200, 234, 214, 112, 93, 96, 156, 165, 36,
       106, 75, 16, 96, 166, 135, 0, 215, 35, 81, 90, 114, 196, 108, 238,
       8, 212, 217, 8, 198, 237, 227, 21, 164, 243, 3, 0, 208, 89, 31,
       189, 12, 79, 70, 52, 244, 226, 226, 5, 243, 17, 35, 67, 72, 228,
       108, 98, 109, 189, 81, 44, 241, 227, 99, 17, 104, 57, 116, 26,
       250, 92, 120, 225, 39, 94, 254, 5, 233, 34, 183, 19, 143, 31, 22,
       211, 238, 149, 159, 227, 220, 180, 81, 192, 183, 249, 138, 131,
       39, 159, 221, 7, 164, 141, 156, 182, 209, 232, 70, 166, 122, 147,
       41, 24, 230, 98, 73, 155, 25, 227, 0, 83, 122, 122, 26, 111, 169,
       134, 85, 69, 200, 115, 202, 10, 132, 205, 148, 151, 149, 164, 134,
       166, 26, 151, 9, 22, 228, 98, 9, 9, 81, 99, 0, 83, 114, 216, 24,
       111, 169, 6, 95, 69, 136, 123, 169, 138, 166, 205, 149, 19, 193,
       106, 6, 167, 57, 55, 106, 17, 198, 32, 12, 223, 129, 79, 160, 19,
       48, 216, 75, 98, 44, 22, 92, 71, 192, 113, 132, 14, 6, 12, 156,
       151, 203, 40, 180, 3, 190, 159, 27, 49, 204, 98, 75, 75, 129, 87,
       238, 1, 48, 69, 75, 224, 13, 50, 127, 147, 128, 117, 141, 131, 41,
