%YAML:1.0
---
descriptors: !!opencv-matrix
   rows: 179
   cols: 32
   dt: u
   data: [ 210, 12, 158, 190, 155, 173, 20, 79, 159, 147, 200, 29, 166,
       234, 34, 219, 193, 35, 235, 17, 62, 79, 210, 243, 184, 246, 94,
       123, 152, 76, 137, 22, 125, 5, 114, 228, 148, 98, 239, 115, 101,
       128, 255, 130, 91, 247, 184, 112, 126, 253, 31, 168, 152, 147, 52,
       204, 243, 237, 170, 132, 39, 226, 240, 32, 44, 96, 120, 97, 53,
       91, 82, 0, 97, 6, 255, 8, 219, 9, 153, 16, 88, 148, 196, 42, 104,
       178, 193, 14, 103, 249, 32, 17, 67, 250, 94, 162, 108, 65, 120,
       105, 100, 75, 99, 32, 104, 38, 102, 8, 211, 1, 129, 113, 18, 220,
       68, 106, 72, 176, 97, 12, 231, 185, 32, 21, 114, 171, 70, 34, 208,
       168, 91, 120, 202, 200, 1, 23, 162, 21, 160, 56, 55, 151, 64, 124,
       37, 178, 236, 24, 27, 75, 162, 17, 219, 161, 112, 121, 160, 128,
       166, 58, 76, 117, 81, 73, 211, 78, 54, 170, 121, 72, 110, 32, 158,
       119, 136, 244, 144, 93, 68, 104, 113, 144, 241, 126, 39, 252, 37,
       6, 74, 49, 135, 51, 89, 190, 58, 106, 245, 174, 123, 87, 121, 73,
       125, 124, 191, 155, 160, 48, 151, 59, 20, 28, 187, 190, 176, 31,
       235, 253, 48, 104, 202, 130, 195, 57, 184, 186, 255, 114, 171,
       233, 81, 83, 240, 23, 165, 56, 27, 213, 0, 59, 3, 178, 108, 24,
       58, 111, 162, 35, 217, 195, 112, 121, 226, 200, 198, 99, 17, 159,
       107, 174, 180, 135, 143, 255, 84, 76, 219, 231, 243, 109, 190, 64,
       94, 34, 63, 110, 217, 184, 47, 191, 250, 239, 166, 192, 60, 138,
       244, 121, 195, 186, 252, 25, 234, 188, 57, 155, 254, 87, 6, 117,
       188, 242, 198, 123, 39, 39, 122, 28, 183, 77, 166, 81, 78, 59,
       113, 236, 136, 196, 75, 85, 172, 125, 21, 85, 131, 91, 53, 37,
       121, 242, 39, 24, 214, 53, 5, 189, 147, 124, 104, 106, 113, 244,
       249, 30, 47, 219, 69, 55, 66, 48, 199, 35, 229, 100, 189, 239, 40,
       47, 79, 184, 18, 186, 169, 24, 247, 119, 89, 50, 157, 85, 125,
       110, 42, 102, 251, 27, 205, 223, 101, 60, 80, 251, 2, 32, 73, 172,
       187, 245, 112, 236, 105, 55, 57, 73, 78, 24, 191, 183, 144, 113,
       129, 46, 125, 28, 51, 216, 160, 111, 205, 255, 186, 200, 128, 192,
       147, 121, 235, 247, 173, 113, 237, 189, 124, 191, 27, 123, 60, 93,
       159, 189, 222, 255, 133, 30, 255, 29, 247, 124, 235, 151, 239,
       223, 117, 246, 218, 220, 219, 255, 112, 165, 186, 224, 184, 110,
       84, 239, 42, 191, 174, 9, 151, 63, 74, 88, 241, 215, 237, 48, 94,
       123, 209, 4, 251, 215, 87, 117, 128, 64, 175, 74, 168, 188, 253,
       243, 238, 233, 253, 199, 127, 87, 244, 59, 189, 255, 80, 123, 235,
       187, 223, 145, 50, 126, 251, 243, 223, 203, 254, 233, 229, 200,
       247, 250, 189, 126, 237, 229, 44, 63, 73, 22, 81, 235, 190, 254,
       83, 45, 213, 59, 79, 212, 125, 158, 169, 246, 229, 138, 150, 223,
       245, 148, 239, 249, 82, 121, 240, 175, 158, 184, 184, 162, 20,
       231, 191, 23, 234, 17, 166, 170, 96, 91, 201, 247, 237, 16, 126,
       203, 130, 39, 185, 247, 94, 95, 128, 80, 174, 10, 254, 253, 239,
       90, 155, 245, 87, 204, 155, 247, 141, 159, 74, 252, 127, 191, 153,
       211, 213, 83, 190, 99, 186, 243, 59, 83, 197, 255, 247, 119, 254,
       86, 50, 4, 98, 200, 85, 99, 234, 79, 93, 3, 249, 3, 8, 152, 60, 8,
       248, 139, 19, 161, 20, 179, 16, 204, 55, 28, 146, 43, 213, 78,
       246, 142, 60, 33, 120, 69, 21, 91, 87, 32, 65, 36, 238, 8, 203,
       17, 7, 20, 88, 148, 192, 106, 72, 178, 241, 140, 103, 253, 0, 55,
       99, 187, 94, 162, 249, 168, 158, 58, 169, 173, 80, 222, 243, 31,
       164, 29, 63, 203, 66, 27, 131, 163, 108, 28, 62, 111, 218, 55,
       219, 203, 116, 121, 234, 5, 202, 74, 240, 73, 23, 124, 9, 66, 84,
       97, 177, 18, 226, 9, 66, 251, 32, 211, 200, 244, 232, 98, 109,
       227, 146, 140, 179, 242, 64, 27, 50, 48, 110, 2, 248, 156, 31,
       254, 185, 235, 86, 183, 148, 26, 166, 48, 247, 119, 32, 115, 193,
       242, 236, 34, 121, 77, 91, 63, 227, 227, 101, 27, 50, 232, 140,
       58, 77, 121, 121, 71, 36, 94, 255, 48, 104, 236, 62, 4, 185, 29,
       211, 51, 38, 116, 85, 78, 225, 248, 181, 108, 103, 201, 99, 128,
       102, 179, 71, 249, 37, 127, 9, 7, 116, 14, 231, 184, 105, 236,
       127, 77, 211, 104, 151, 52, 148, 76, 68, 111, 197, 176, 249, 46,
       36, 63, 37, 132, 72, 255, 82, 213, 120, 5, 66, 236, 157, 230, 126,
       119, 133, 4, 206, 3, 73, 251, 32, 196, 248, 182, 155, 232, 24,
       139, 16, 204, 243, 237, 130, 9, 51, 238, 244, 130, 3, 125, 89, 71,
       50, 78, 107, 54, 121, 104, 126, 228, 189, 54, 151, 116, 166, 31,
       84, 206, 225, 152, 117, 127, 165, 188, 58, 128, 12, 131, 3, 253,
       60, 49, 59, 101, 19, 79, 83, 96, 36, 132, 231, 8, 82, 23, 9, 16,
       120, 156, 200, 98, 72, 179, 113, 12, 241, 133, 0, 23, 99, 35, 102,
       34, 1, 189, 63, 108, 17, 238, 49, 119, 173, 77, 110, 0, 190, 183,
       32, 112, 166, 51, 127, 12, 19, 137, 50, 71, 243, 255, 16, 66, 64,
       64, 167, 251, 146, 157, 19, 190, 123, 205, 22, 239, 187, 9, 233,
       57, 238, 242, 40, 149, 130, 59, 204, 0, 118, 11, 26, 255, 177,
       246, 0, 91, 80, 6, 175, 23, 73, 172, 58, 122, 241, 172, 123, 80,
       121, 77, 125, 28, 191, 211, 34, 48, 151, 170, 20, 30, 187, 188,
       184, 63, 239, 253, 48, 104, 202, 131, 194, 123, 128, 136, 62, 249,
       17, 174, 121, 23, 188, 21, 98, 21, 183, 7, 0, 72, 161, 55, 105,
       20, 50, 237, 19, 23, 197, 247, 82, 64, 192, 0, 133, 58, 95, 172,
       145, 178, 153, 252, 80, 134, 163, 241, 168, 93, 143, 178, 64, 218,
       133, 231, 236, 149, 31, 75, 218, 48, 154, 213, 29, 126, 170, 85,
       138, 10, 108, 105, 185, 101, 188, 47, 79, 152, 82, 170, 45, 72,
       211, 113, 89, 57, 25, 92, 112, 106, 8, 112, 249, 25, 237, 158,
       101, 60, 80, 251, 66, 32, 50, 249, 42, 188, 61, 157, 222, 226,
       175, 140, 248, 13, 174, 141, 51, 148, 204, 233, 255, 71, 76, 43,
       18, 253, 179, 212, 143, 187, 82, 29, 62, 95, 101, 73, 189, 101,
       108, 79, 79, 188, 78, 168, 58, 72, 215, 53, 17, 50, 136, 116, 126,
       110, 201, 56, 113, 56, 101, 190, 37, 52, 208, 187, 66, 169, 109,
       225, 33, 167, 84, 15, 79, 188, 114, 224, 73, 72, 215, 81, 88, 112,
       80, 204, 92, 127, 201, 16, 249, 62, 237, 172, 165, 116, 32, 179,
       82, 32, 112, 181, 186, 224, 208, 110, 85, 231, 35, 173, 174, 9,
       215, 183, 74, 16, 217, 159, 109, 16, 26, 187, 209, 5, 251, 149,
       21, 125, 224, 66, 230, 106, 129, 188, 255, 251, 236, 237, 233,
       215, 254, 83, 118, 18, 185, 255, 244, 107, 111, 186, 63, 152, 179,
       252, 123, 243, 207, 207, 246, 64, 245, 200, 241, 248, 120, 179,
       243, 100, 43, 221, 81, 80, 227, 60, 180, 40, 63, 215, 196, 54,
       166, 180, 236, 72, 139, 107, 178, 17, 219, 249, 32, 187, 98, 130,
       70, 127, 88, 185, 255, 102, 43, 220, 89, 56, 163, 29, 167, 168,
       127, 215, 200, 118, 166, 244, 253, 72, 26, 75, 171, 33, 219, 253,
       97, 216, 34, 134, 6, 123, 200, 185, 159, 84, 201, 205, 53, 103,
       249, 16, 102, 24, 190, 183, 4, 187, 164, 119, 232, 64, 113, 253,
       178, 99, 159, 243, 84, 3, 66, 0, 135, 42, 44, 199, 56, 127, 188,
       175, 87, 190, 87, 15, 253, 32, 243, 97, 171, 80, 81, 122, 12, 58,
       42, 161, 107, 63, 235, 255, 53, 25, 242, 219, 204, 41, 237, 99,
       112, 69, 100, 30, 102, 61, 121, 238, 119, 76, 74, 96, 158, 183,
       148, 196, 100, 110, 236, 246, 237, 14, 38, 251, 101, 4, 74, 178,
       202, 5, 252, 228, 253, 98, 138, 107, 71, 220, 115, 54, 165, 40,
       83, 119, 201, 59, 51, 212, 108, 122, 43, 103, 235, 49, 251, 203,
       101, 60, 227, 243, 70, 41, 248, 232, 255, 112, 43, 249, 81, 214,
       227, 23, 164, 56, 43, 151, 192, 191, 35, 242, 236, 88, 10, 111,
       162, 49, 219, 203, 80, 123, 227, 209, 78, 106, 5, 36, 145, 131,
       212, 107, 226, 136, 126, 225, 43, 26, 215, 112, 73, 168, 57, 76,
       74, 58, 19, 48, 221, 114, 12, 132, 3, 116, 200, 107, 75, 128, 224,
       121, 187, 101, 116, 207, 103, 180, 238, 168, 42, 72, 182, 145, 1,
       50, 128, 116, 122, 74, 193, 184, 241, 42, 229, 188, 37, 48, 64,
