%YAML:1.0
---
descriptors: !!opencv-matrix
   rows: 134
   cols: 32
   dt: u
   data: [ 84, 122, 211, 101, 34, 10, 38, 16, 41, 168, 35, 237, 79, 227,
       193, 146, 54, 253, 236, 114, 64, 209, 137, 72, 184, 164, 37, 132,
       106, 179, 3, 17, 218, 123, 214, 53, 43, 26, 52, 55, 171, 242, 182,
       237, 207, 46, 67, 159, 167, 117, 237, 1, 196, 85, 131, 192, 150,
       243, 95, 151, 106, 244, 11, 31, 110, 176, 180, 218, 253, 249, 208,
       200, 219, 93, 181, 57, 174, 220, 110, 159, 201, 27, 247, 17, 54,
       111, 250, 241, 95, 91, 87, 123, 211, 13, 254, 215, 170, 188, 188,
       250, 253, 213, 184, 231, 159, 127, 205, 25, 172, 254, 102, 128,
       201, 59, 251, 21, 119, 110, 122, 247, 207, 223, 222, 123, 216, 72,
       141, 218, 214, 251, 160, 190, 187, 201, 158, 224, 175, 117, 152,
       173, 172, 254, 67, 2, 166, 115, 221, 211, 87, 9, 154, 243, 184,
       85, 15, 251, 28, 23, 143, 95, 67, 154, 239, 20, 43, 108, 25, 54,
       169, 223, 182, 253, 126, 63, 134, 123, 167, 247, 253, 5, 181, 77,
       183, 96, 91, 58, 112, 146, 74, 228, 7, 127, 138, 221, 166, 159,
       249, 165, 189, 239, 159, 23, 72, 149, 172, 238, 46, 73, 197, 107,
       187, 133, 114, 206, 90, 247, 109, 54, 222, 203, 152, 84, 165, 218,
       40, 157, 58, 255, 189, 253, 127, 245, 191, 9, 125, 9, 255, 255,
       40, 144, 159, 123, 255, 10, 106, 184, 122, 191, 239, 255, 52, 25,
       82, 218, 198, 187, 129, 234, 88, 121, 52, 143, 111, 157, 127, 8,
       118, 84, 247, 65, 144, 112, 16, 44, 108, 78, 235, 180, 73, 63,
       166, 255, 48, 192, 72, 144, 195, 41, 101, 14, 30, 109, 52, 190,
       99, 50, 109, 136, 122, 76, 211, 32, 149, 112, 212, 36, 108, 44,
       149, 176, 97, 46, 198, 255, 32, 192, 200, 139, 64, 1, 81, 27, 31,
       188, 56, 139, 1, 111, 188, 72, 202, 237, 182, 194, 32, 64, 212,
       41, 106, 37, 41, 11, 66, 29, 144, 162, 58, 56, 24, 8, 33, 25, 104,
       165, 57, 218, 153, 237, 17, 207, 235, 81, 172, 24, 190, 247, 72,
       247, 129, 27, 88, 16, 19, 75, 250, 85, 251, 249, 22, 127, 146, 64,
       135, 42, 109, 53, 188, 115, 141, 127, 69, 143, 123, 243, 45, 28,
       210, 121, 91, 187, 153, 70, 120, 24, 61, 112, 251, 0, 207, 223,
       85, 54, 202, 120, 218, 130, 93, 9, 151, 111, 36, 46, 98, 16, 228,
       8, 234, 64, 243, 163, 177, 112, 104, 228, 108, 74, 9, 161, 131,
       41, 133, 252, 34, 0, 88, 163, 96, 40, 93, 103, 39, 175, 149, 91,
       111, 172, 120, 198, 203, 73, 223, 108, 27, 113, 242, 205, 124,
       111, 236, 144, 237, 46, 237, 231, 111, 21, 36, 119, 215, 64, 220,
       103, 133, 231, 21, 14, 198, 184, 119, 166, 131, 66, 195, 105, 25,
       199, 24, 84, 105, 99, 232, 244, 221, 170, 173, 242, 143, 16, 103,
       63, 85, 0, 38, 24, 234, 190, 87, 211, 187, 64, 157, 68, 85, 163,
       108, 206, 54, 64, 254, 185, 147, 133, 180, 183, 50, 206, 87, 119,
       139, 203, 149, 47, 53, 214, 162, 221, 125, 93, 236, 201, 181, 255,
       221, 31, 124, 50, 106, 61, 164, 101, 107, 50, 34, 8, 224, 56, 99,
       255, 103, 58, 86, 3, 87, 216, 196, 235, 10, 185, 114, 152, 253,
       221, 188, 239, 143, 93, 252, 167, 172, 222, 118, 164, 239, 59,
       215, 149, 214, 43, 50, 245, 127, 93, 158, 235, 86, 12, 165, 223,
       253, 235, 2, 30, 205, 31, 198, 237, 243, 174, 160, 12, 98, 224,
       31, 151, 152, 238, 96, 107, 92, 107, 202, 63, 56, 42, 69, 57, 67,
       63, 218, 140, 206, 250, 166, 176, 235, 176, 188, 194, 187, 191,
       146, 191, 12, 238, 103, 159, 231, 253, 235, 151, 52, 87, 138, 224,
       30, 83, 223, 239, 135, 117, 175, 215, 210, 58, 247, 88, 43, 220,
       81, 87, 235, 93, 164, 253, 42, 134, 198, 95, 166, 179, 236, 16,
       143, 79, 182, 113, 147, 248, 80, 187, 106, 132, 38, 127, 46, 176,
       188, 251, 239, 249, 144, 200, 139, 125, 181, 59, 174, 221, 79, 11,
       139, 91, 255, 17, 22, 103, 234, 241, 95, 217, 95, 255, 215, 93,
       207, 211, 226, 186, 243, 80, 106, 221, 144, 82, 171, 249, 176,
       253, 62, 156, 198, 187, 134, 183, 255, 21, 135, 111, 162, 65, 31,
       16, 121, 250, 205, 12, 87, 255, 77, 78, 31, 105, 52, 174, 107, 18,
       108, 10, 122, 68, 247, 1, 145, 112, 149, 36, 110, 60, 129, 180,
       97, 46, 198, 255, 32, 0, 216, 211, 80, 33, 217, 6, 143, 37, 16,
       42, 101, 51, 100, 66, 110, 84, 243, 35, 128, 115, 98, 102, 108,
       40, 41, 156, 245, 14, 228, 231, 114, 0, 40, 224, 65, 40, 4, 178,
       170, 59, 202, 225, 49, 93, 54, 53, 71, 177, 5, 135, 106, 72, 121,
       26, 163, 144, 18, 158, 175, 49, 95, 69, 186, 105, 144, 129, 167,
       227, 205, 120, 157, 116, 169, 44, 81, 150, 251, 187, 166, 92, 222,
       177, 65, 122, 129, 102, 108, 24, 161, 101, 251, 34, 203, 251, 85,
       62, 200, 113, 67, 35, 56, 76, 124, 101, 5, 90, 119, 48, 117, 230,
       246, 10, 123, 7, 19, 81, 122, 228, 238, 106, 108, 182, 113, 174,
       247, 235, 97, 17, 99, 187, 78, 122, 174, 106, 232, 190, 108, 217,
       222, 72, 22, 206, 213, 171, 97, 205, 247, 8, 90, 232, 151, 199,
       206, 54, 110, 179, 86, 69, 169, 185, 117, 255, 124, 211, 221, 13,
       91, 254, 116, 132, 107, 17, 117, 136, 118, 64, 179, 131, 177, 113,
       96, 232, 4, 234, 41, 190, 16, 110, 242, 249, 162, 0, 120, 163, 96,
       32, 40, 172, 172, 48, 237, 169, 84, 199, 187, 123, 176, 93, 159,
       173, 80, 27, 137, 131, 125, 21, 31, 107, 202, 49, 219, 211, 117,
       253, 194, 204, 218, 219, 92, 71, 37, 167, 149, 15, 110, 184, 101,
       160, 202, 73, 207, 97, 25, 244, 48, 196, 109, 111, 200, 144, 221,
       174, 229, 247, 71, 21, 38, 119, 215, 162, 216, 166, 160, 144, 169,
       49, 92, 239, 211, 183, 132, 57, 204, 227, 90, 223, 67, 198, 236,
       157, 62, 79, 207, 211, 216, 82, 87, 127, 146, 100, 171, 14, 237,
       36, 197, 71, 152, 38, 175, 152, 114, 226, 169, 212, 209, 96, 217,
       127, 89, 68, 72, 190, 185, 228, 253, 14, 108, 14, 167, 20, 203,
       243, 98, 176, 146, 34, 78, 165, 66, 2, 105, 80, 36, 36, 210, 231,
       193, 3, 144, 64, 126, 140, 111, 204, 136, 146, 197, 64, 212, 161,
       170, 128, 45, 128, 48, 216, 223, 38, 132, 182, 137, 32, 13, 138,
       226, 183, 133, 25, 204, 226, 90, 95, 65, 231, 104, 159, 60, 71,
       207, 224, 216, 50, 223, 57, 130, 117, 171, 6, 21, 51, 89, 65, 114,
       27, 35, 56, 104, 236, 127, 236, 215, 4, 138, 20, 54, 140, 68, 110,
       129, 176, 109, 28, 36, 137, 33, 52, 107, 171, 67, 245, 93, 115,
       74, 5, 50, 26, 122, 24, 32, 232, 79, 236, 221, 7, 139, 242, 54,
       196, 252, 254, 133, 208, 165, 76, 246, 237, 33, 132, 42, 167, 11,
       81, 227, 186, 119, 24, 107, 220, 177, 87, 171, 89, 48, 253, 60,
       158, 70, 59, 166, 179, 255, 20, 167, 111, 178, 113, 23, 56, 114,
       170, 73, 4, 103, 127, 195, 186, 179, 84, 106, 140, 185, 87, 170,
       219, 80, 124, 188, 191, 212, 47, 167, 127, 119, 157, 131, 94, 130,
       225, 29, 56, 126, 234, 204, 128, 3, 249, 137, 66, 81, 125, 36,
       143, 103, 53, 125, 42, 118, 84, 247, 65, 144, 112, 144, 44, 110,
       78, 225, 180, 97, 31, 228, 255, 48, 0, 72, 208, 195, 41, 109, 78,
       3, 65, 180, 174, 107, 146, 109, 201, 126, 68, 211, 33, 145, 244,
       209, 110, 14, 60, 153, 176, 101, 46, 174, 252, 36, 192, 202, 243,
       80, 33, 217, 13, 191, 117, 160, 110, 101, 55, 233, 218, 166, 16,
       255, 35, 128, 123, 160, 102, 108, 12, 241, 201, 163, 108, 195,
       251, 118, 0, 64, 240, 231, 104, 4, 178, 127, 123, 210, 227, 49,
       223, 54, 53, 71, 177, 81, 199, 104, 72, 119, 26, 35, 144, 18, 152,
       47, 55, 79, 197, 178, 197, 176, 129, 164, 243, 124, 161, 29, 96,
       185, 221, 17, 73, 235, 113, 173, 8, 158, 147, 68, 50, 128, 145,
       92, 80, 27, 107, 250, 85, 219, 217, 17, 127, 210, 2, 199, 34, 59,
       75, 34, 142, 117, 149, 154, 100, 205, 76, 240, 15, 42, 136, 55,
       228, 236, 169, 158, 197, 204, 171, 118, 237, 178, 124, 138, 27,
       95, 30, 121, 79, 9, 217, 23, 123, 59, 205, 51, 182, 175, 89, 78,
       68, 190, 215, 32, 116, 164, 51, 124, 92, 195, 137, 51, 117, 237,
       182, 18, 66, 26, 6, 33, 123, 116, 103, 76, 229, 149, 15, 70, 187,
