%YAML:1.0
---
descriptors: !!opencv-matrix
   rows: 158
   cols: 32
   dt: u
   data: [ 57, 173, 107, 249, 214, 199, 239, 247, 116, 74, 250, 194, 49,
       61, 176, 96, 127, 234, 23, 175, 251, 186, 101, 191, 236, 207, 166,
       192, 117, 200, 242, 233, 46, 186, 149, 122, 249, 205, 80, 218,
       171, 189, 48, 109, 238, 251, 76, 158, 133, 115, 239, 80, 23, 107,
       202, 177, 14, 210, 85, 126, 218, 37, 75, 155, 93, 36, 143, 180,
       201, 124, 124, 67, 163, 243, 135, 25, 94, 183, 74, 219, 161, 199,
       248, 148, 61, 69, 147, 64, 219, 227, 93, 85, 162, 100, 170, 66,
       145, 89, 62, 245, 52, 143, 117, 54, 252, 8, 114, 32, 183, 51, 33,
       97, 166, 55, 60, 65, 224, 169, 17, 45, 233, 235, 114, 80, 0, 24,
       5, 43, 114, 172, 100, 85, 117, 123, 96, 39, 113, 231, 230, 169,
       163, 44, 150, 151, 11, 166, 204, 12, 60, 252, 229, 140, 14, 126,
       80, 19, 103, 204, 94, 222, 53, 239, 105, 231, 118, 139, 239, 244,
       84, 224, 254, 238, 243, 73, 145, 32, 126, 236, 86, 239, 233, 186,
       109, 191, 124, 205, 165, 224, 109, 186, 112, 185, 252, 108, 122,
       238, 49, 219, 90, 120, 33, 164, 181, 169, 123, 207, 35, 80, 222,
       184, 221, 226, 76, 39, 200, 159, 243, 217, 161, 185, 119, 175,
       110, 67, 91, 233, 176, 162, 61, 157, 90, 205, 235, 173, 184, 13,
       175, 202, 90, 144, 250, 197, 237, 213, 222, 43, 219, 177, 250,
       221, 143, 255, 66, 6, 239, 74, 172, 116, 93, 117, 48, 79, 71, 184,
       48, 254, 54, 184, 211, 7, 201, 27, 19, 220, 68, 106, 105, 244,
       249, 10, 231, 203, 101, 180, 96, 177, 70, 241, 95, 41, 135, 188,
       137, 244, 140, 131, 174, 209, 139, 16, 222, 246, 93, 238, 193, 99,
       120, 157, 29, 65, 251, 192, 153, 222, 223, 90, 128, 101, 179, 100,
       29, 223, 87, 231, 178, 10, 111, 176, 60, 232, 90, 228, 253, 119,
       129, 224, 54, 125, 61, 238, 225, 144, 41, 108, 228, 239, 47, 128,
       46, 179, 33, 121, 109, 127, 249, 103, 164, 30, 127, 181, 105, 170,
       126, 108, 251, 45, 145, 55, 150, 110, 108, 110, 200, 240, 233,
       168, 231, 249, 101, 128, 98, 243, 194, 249, 2, 177, 187, 248, 178,
       192, 181, 71, 158, 13, 92, 51, 188, 159, 36, 32, 238, 59, 147,
       129, 83, 171, 50, 213, 227, 213, 26, 139, 85, 0, 165, 251, 12, 30,
       171, 191, 246, 163, 191, 83, 30, 79, 95, 247, 253, 255, 161, 64,
       255, 123, 23, 21, 179, 152, 42, 255, 236, 167, 171, 136, 156, 235,
       181, 243, 10, 16, 178, 253, 129, 245, 177, 202, 158, 63, 200, 51,
       172, 190, 105, 202, 167, 95, 187, 145, 18, 93, 178, 241, 137, 247,
       90, 47, 144, 77, 37, 255, 193, 163, 199, 145, 236, 41, 236, 223,
       254, 243, 242, 222, 159, 168, 220, 235, 111, 206, 126, 157, 183,
       120, 207, 209, 28, 42, 127, 252, 157, 204, 219, 141, 119, 221,
       119, 206, 223, 95, 126, 232, 127, 230, 255, 10, 74, 254, 175, 244,
       127, 220, 254, 234, 253, 179, 121, 254, 191, 62, 7, 55, 119, 255,
       252, 119, 126, 97, 236, 100, 141, 95, 214, 200, 195, 252, 188, 11,
       75, 221, 95, 58, 184, 212, 253, 115, 204, 99, 251, 128, 115, 89,
       197, 55, 103, 255, 94, 70, 134, 188, 188, 178, 169, 237, 177, 207,
       159, 183, 4, 25, 236, 254, 111, 107, 227, 91, 251, 17, 50, 73, 59,
       243, 157, 146, 95, 127, 144, 93, 133, 255, 129, 147, 63, 251, 188,
       142, 109, 191, 254, 89, 247, 116, 247, 115, 184, 97, 231, 39, 126,
       44, 243, 169, 43, 61, 232, 251, 114, 208, 24, 136, 161, 57, 54,
       98, 98, 164, 22, 27, 234, 120, 181, 164, 215, 239, 75, 204, 191,
       132, 126, 237, 223, 239, 204, 179, 12, 204, 146, 101, 169, 149,
       103, 175, 126, 197, 209, 148, 247, 254, 164, 230, 101, 55, 117,
       66, 211, 82, 246, 119, 36, 111, 243, 246, 63, 136, 233, 222, 113,
       239, 177, 190, 254, 2, 20, 104, 244, 107, 95, 115, 123, 206, 58,
       86, 187, 120, 47, 232, 151, 239, 221, 206, 159, 112, 54, 221, 255,
       239, 205, 3, 191, 221, 210, 93, 171, 188, 14, 167, 35, 113, 28,
       89, 118, 238, 75, 86, 86, 120, 165, 196, 229, 7, 79, 223, 43, 209,
       254, 209, 223, 226, 76, 35, 26, 221, 243, 235, 67, 15, 115, 55,
       47, 211, 214, 26, 151, 180, 11, 98, 61, 67, 173, 158, 211, 179,
       77, 167, 33, 79, 166, 245, 237, 131, 32, 197, 130, 200, 145, 226,
       107, 131, 32, 97, 37, 115, 122, 56, 224, 69, 11, 251, 208, 7, 35,
       229, 186, 171, 43, 44, 22, 156, 136, 182, 237, 1, 28, 171, 247,
       133, 151, 126, 16, 211, 231, 14, 214, 94, 33, 207, 123, 239, 118,
       139, 239, 253, 125, 64, 127, 238, 251, 73, 156, 32, 126, 235, 86,
       239, 225, 186, 109, 255, 118, 237, 39, 128, 109, 138, 243, 185,
       224, 52, 17, 184, 236, 109, 133, 15, 154, 251, 176, 88, 182, 244,
       73, 169, 157, 155, 78, 49, 59, 102, 242, 83, 181, 146, 127, 120,
       216, 88, 135, 177, 172, 118, 125, 117, 32, 95, 113, 56, 49, 254,
       55, 120, 219, 23, 131, 59, 7, 84, 237, 42, 105, 244, 105, 12, 199,
       219, 113, 149, 98, 241, 78, 115, 149, 75, 207, 229, 70, 2, 111,
       248, 52, 194, 215, 230, 89, 227, 177, 107, 126, 237, 63, 238, 225,
       213, 45, 232, 244, 235, 239, 132, 45, 243, 33, 177, 96, 229, 109,
       231, 236, 107, 239, 239, 111, 51, 187, 154, 219, 45, 28, 51, 107,
       214, 110, 42, 105, 122, 91, 253, 255, 251, 247, 52, 101, 250, 214,
       168, 201, 188, 191, 246, 169, 172, 113, 151, 187, 91, 62, 28, 190,
       255, 66, 59, 165, 119, 125, 28, 179, 105, 178, 243, 219, 251, 116,
       74, 202, 64, 199, 123, 66, 161, 22, 184, 105, 197, 184, 71, 143,
       29, 128, 27, 172, 159, 102, 64, 232, 59, 203, 145, 22, 11, 146,
       213, 157, 80, 154, 123, 16, 12, 175, 218, 240, 192, 29, 127, 8,
       76, 69, 189, 166, 62, 167, 24, 247, 87, 8, 91, 193, 148, 125, 46,
       105, 69, 251, 17, 195, 235, 112, 21, 16, 16, 196, 122, 94, 161,
       142, 176, 137, 124, 116, 199, 163, 181, 174, 25, 12, 183, 74, 218,
       161, 199, 249, 144, 30, 75, 147, 64, 219, 247, 213, 127, 130, 68,
       174, 66, 34, 32, 150, 249, 125, 237, 232, 71, 63, 17, 242, 18,
       140, 154, 84, 72, 201, 155, 107, 145, 18, 254, 211, 192, 13, 254,
       154, 67, 144, 9, 229, 130, 104, 249, 213, 122, 121, 217, 146, 200,
       171, 145, 160, 41, 174, 223, 71, 146, 134, 113, 234, 80, 71, 107,
       218, 113, 14, 209, 5, 123, 82, 135, 75, 154, 25, 255, 122, 251,
       244, 159, 239, 247, 126, 9, 124, 6, 187, 251, 184, 112, 127, 250,
       23, 8, 251, 184, 52, 255, 239, 223, 190, 192, 95, 216, 249, 184,
       124, 225, 104, 170, 53, 221, 90, 252, 99, 44, 180, 9, 191, 203,
       90, 208, 248, 205, 205, 119, 94, 43, 200, 189, 251, 213, 47, 125,
       98, 30, 110, 74, 94, 161, 178, 166, 189, 157, 86, 205, 239, 173,
       187, 11, 207, 250, 78, 208, 242, 199, 238, 81, 30, 43, 187, 176,
       187, 245, 15, 127, 130, 15, 173, 71, 115, 33, 17, 168, 41, 205,
       67, 72, 171, 96, 168, 141, 174, 214, 67, 148, 214, 161, 204, 102,
       15, 3, 242, 157, 144, 208, 1, 58, 24, 6, 2, 84, 191, 118, 102,
       190, 253, 15, 254, 252, 29, 238, 243, 223, 238, 126, 31, 3, 255,
       205, 223, 231, 236, 231, 89, 238, 241, 82, 207, 158, 69, 125, 114,
       211, 2, 160, 158, 241, 85, 173, 232, 71, 63, 49, 115, 18, 188,
       187, 80, 72, 235, 175, 51, 145, 50, 220, 211, 215, 29, 190, 154,
       64, 144, 8, 225, 138, 219, 201, 238, 223, 78, 86, 239, 176, 196,
       64, 94, 2, 249, 253, 181, 102, 102, 228, 63, 207, 192, 188, 175,
       235, 103, 47, 238, 128, 55, 247, 117, 232, 154, 143, 78, 191, 146,
       210, 63, 231, 55, 71, 78, 183, 105, 230, 162, 68, 119, 175, 183,
       148, 124, 153, 37, 255, 250, 103, 158, 195, 167, 196, 173, 93,
       107, 184, 178, 90, 221, 253, 248, 71, 251, 93, 188, 25, 42, 188,
       118, 188, 233, 187, 251, 17, 150, 107, 178, 247, 27, 95, 18, 123,
       211, 68, 238, 222, 114, 112, 37, 168, 13, 79, 86, 236, 11, 230,
       176, 169, 207, 93, 77, 24, 217, 213, 253, 99, 72, 99, 219, 189,
       177, 210, 203, 191, 117, 63, 23, 90, 90, 34, 46, 204, 77, 215,
       249, 107, 174, 172, 198, 6, 24, 139, 118, 82, 104, 173, 239, 137,
