%YAML:1.0
---
descriptors: !!opencv-matrix
   rows: 253
   cols: 32
   dt: u
   data: [ 254, 124, 238, 188, 203, 84, 150, 254, 145, 218, 148, 63, 72,
       252, 111, 139, 237, 213, 243, 227, 229, 103, 154, 194, 115, 91,
       207, 191, 207, 117, 190, 215, 102, 181, 109, 8, 223, 211, 151,
       239, 139, 116, 184, 143, 72, 124, 62, 16, 221, 147, 219, 241, 95,
       43, 122, 221, 59, 23, 141, 255, 221, 14, 214, 214, 253, 95, 106,
       160, 244, 155, 230, 246, 101, 232, 190, 239, 27, 8, 179, 225, 110,
       224, 94, 255, 237, 187, 4, 238, 250, 73, 166, 208, 111, 189, 120,
       29, 7, 191, 150, 155, 247, 179, 178, 239, 95, 217, 120, 230, 232,
       104, 191, 161, 223, 123, 130, 17, 183, 248, 12, 255, 44, 30, 159,
       67, 223, 78, 249, 157, 137, 151, 62, 28, 178, 214, 181, 127, 246,
       77, 86, 245, 60, 246, 162, 228, 119, 59, 182, 156, 247, 153, 38,
       95, 122, 103, 54, 195, 26, 196, 173, 255, 3, 142, 166, 189, 212,
       175, 188, 103, 222, 135, 90, 215, 160, 168, 22, 1, 233, 43, 43, 5,
       166, 248, 87, 239, 108, 62, 222, 67, 197, 76, 241, 206, 223, 96,
       10, 174, 8, 7, 78, 120, 36, 232, 195, 199, 209, 66, 58, 81, 124,
       237, 95, 239, 237, 151, 93, 30, 240, 161, 175, 148, 44, 183, 56,
       16, 49, 11, 70, 252, 92, 163, 202, 250, 197, 0, 216, 66, 49, 232,
       177, 96, 92, 234, 22, 204, 138, 171, 70, 189, 16, 174, 170, 72,
       53, 139, 112, 168, 255, 159, 118, 254, 188, 150, 222, 189, 217,
       74, 221, 255, 110, 253, 62, 241, 215, 243, 181, 103, 253, 47, 26,
       255, 178, 127, 204, 218, 31, 255, 249, 95, 251, 223, 254, 126,
       178, 146, 95, 183, 185, 78, 95, 245, 109, 255, 182, 113, 215, 127,
       181, 167, 236, 206, 174, 239, 98, 255, 236, 139, 38, 246, 238, 95,
       7, 165, 174, 191, 221, 31, 190, 232, 254, 242, 219, 79, 200, 232,
       63, 226, 253, 239, 250, 231, 245, 243, 223, 255, 60, 62, 207, 63,
       221, 127, 249, 148, 52, 9, 99, 251, 244, 227, 226, 81, 84, 64,
       253, 2, 49, 201, 181, 64, 120, 170, 23, 91, 155, 186, 120, 188,
       94, 44, 162, 64, 253, 171, 112, 144, 119, 113, 163, 206, 219, 84,
       158, 248, 137, 200, 153, 111, 88, 252, 109, 166, 252, 213, 223,
       243, 221, 3, 186, 232, 59, 76, 143, 190, 175, 119, 187, 247, 149,
       76, 109, 229, 52, 38, 239, 184, 84, 226, 215, 66, 209, 13, 185,
       105, 127, 212, 30, 255, 169, 180, 61, 142, 103, 143, 175, 132,
       173, 251, 112, 160, 186, 206, 106, 174, 88, 22, 206, 119, 21, 6,
       222, 135, 41, 47, 54, 81, 124, 151, 143, 231, 236, 143, 101, 239,
       242, 101, 174, 145, 55, 254, 188, 218, 58, 131, 34, 204, 163, 67,
       30, 101, 13, 12, 244, 171, 10, 7, 32, 85, 126, 147, 135, 226, 88,
       155, 0, 205, 178, 176, 234, 211, 23, 14, 166, 91, 15, 24, 154,
       187, 161, 188, 56, 18, 191, 89, 95, 85, 156, 202, 59, 220, 163,
       43, 191, 29, 151, 144, 26, 240, 198, 121, 122, 203, 154, 213, 169,
       23, 3, 149, 34, 136, 245, 63, 234, 123, 93, 97, 223, 87, 156, 152,
       62, 37, 254, 11, 26, 173, 181, 187, 21, 223, 58, 92, 138, 70, 95,
       142, 249, 148, 186, 135, 66, 172, 50, 82, 94, 111, 21, 14, 221,
       243, 105, 46, 186, 209, 126, 187, 159, 165, 252, 159, 100, 223,
       178, 231, 234, 129, 55, 230, 172, 93, 42, 223, 230, 216, 253, 243,
       252, 239, 31, 78, 222, 163, 40, 61, 183, 236, 239, 179, 151, 149,
       134, 171, 103, 221, 59, 94, 223, 199, 183, 252, 252, 223, 56, 157,
       120, 126, 211, 247, 114, 115, 5, 64, 125, 2, 125, 255, 34, 208,
       126, 187, 147, 160, 29, 170, 56, 31, 83, 237, 34, 73, 123, 162,
       100, 210, 48, 195, 6, 173, 93, 139, 230, 109, 5, 36, 251, 7, 98,
       192, 42, 192, 248, 161, 42, 227, 76, 179, 1, 221, 176, 164, 134,
       3, 121, 58, 248, 138, 44, 103, 110, 237, 120, 11, 127, 248, 39,
       164, 127, 239, 83, 103, 137, 80, 126, 204, 103, 238, 72, 146, 201,
       12, 126, 175, 165, 132, 101, 179, 102, 211, 65, 217, 159, 126, 90,
       196, 51, 247, 238, 17, 110, 4, 116, 255, 32, 114, 230, 123, 122,
       72, 67, 9, 186, 113, 111, 173, 6, 74, 88, 2, 161, 171, 70, 239,
       134, 223, 251, 3, 191, 236, 190, 182, 218, 163, 236, 230, 41, 82,
       255, 255, 239, 226, 96, 211, 203, 255, 189, 54, 207, 175, 17, 118,
       39, 227, 161, 133, 103, 75, 221, 157, 162, 101, 68, 97, 251, 82,
       128, 8, 188, 164, 232, 2, 66, 121, 151, 186, 85, 245, 60, 24, 130,
       64, 93, 14, 248, 132, 33, 111, 75, 174, 116, 143, 110, 116, 57,
       72, 120, 77, 55, 202, 176, 48, 216, 168, 22, 111, 207, 190, 4, 63,
       240, 156, 172, 168, 60, 154, 242, 217, 179, 177, 113, 64, 255,
       199, 155, 121, 31, 233, 181, 122, 24, 29, 220, 165, 188, 27, 87,
       57, 187, 43, 56, 222, 59, 28, 173, 246, 223, 14, 214, 245, 187,
       213, 117, 203, 183, 215, 222, 255, 95, 72, 88, 242, 120, 92, 188,
       164, 223, 27, 151, 161, 255, 184, 121, 255, 42, 95, 172, 214, 95,
       140, 216, 29, 3, 143, 34, 138, 247, 153, 190, 229, 93, 65, 216,
       143, 172, 8, 54, 4, 254, 139, 139, 213, 247, 171, 85, 255, 190,
       84, 142, 219, 95, 14, 185, 222, 56, 149, 126, 236, 251, 210, 22,
       103, 149, 12, 252, 35, 95, 255, 34, 241, 254, 187, 151, 224, 124,
       139, 32, 159, 243, 243, 66, 203, 115, 164, 174, 219, 50, 205, 214,
       254, 155, 19, 94, 231, 29, 19, 234, 155, 111, 171, 36, 215, 235,
       215, 171, 194, 124, 235, 10, 239, 187, 246, 222, 91, 115, 124,
       174, 14, 98, 168, 150, 184, 137, 165, 88, 71, 159, 57, 160, 25,
       134, 162, 32, 91, 201, 183, 75, 0, 60, 75, 210, 240, 153, 242,
       222, 123, 144, 72, 166, 130, 126, 85, 111, 170, 207, 65, 151, 248,
       131, 246, 188, 143, 83, 253, 127, 3, 121, 209, 243, 227, 233, 99,
       126, 188, 115, 67, 205, 63, 119, 127, 118, 242, 69, 10, 158, 187,
       168, 164, 122, 154, 190, 91, 27, 85, 213, 243, 235, 72, 247, 3,
       127, 28, 147, 129, 11, 112, 200, 190, 42, 196, 152, 211, 33, 1,
       21, 28, 187, 255, 54, 231, 171, 82, 28, 202, 94, 98, 181, 63, 177,
       104, 111, 123, 23, 139, 161, 188, 113, 191, 193, 174, 170, 128,
       188, 251, 49, 177, 82, 41, 159, 252, 90, 193, 176, 79, 174, 145,
       226, 170, 45, 158, 96, 122, 166, 189, 234, 128, 6, 75, 130, 85,
       217, 162, 123, 43, 65, 0, 39, 139, 122, 189, 41, 232, 223, 247,
       151, 239, 143, 237, 188, 43, 90, 124, 102, 32, 221, 147, 215, 177,
       155, 43, 121, 223, 123, 95, 141, 255, 213, 78, 222, 123, 26, 253,
       19, 234, 179, 193, 31, 229, 39, 72, 216, 162, 173, 215, 224, 212,
       118, 251, 159, 210, 75, 139, 8, 253, 249, 212, 175, 251, 50, 151,
       165, 59, 49, 13, 66, 204, 92, 161, 202, 234, 196, 0, 216, 2, 33,
       202, 49, 96, 88, 170, 18, 204, 26, 171, 70, 189, 50, 172, 138, 8,
       53, 137, 112, 136, 15, 155, 182, 155, 255, 177, 184, 235, 207,
       209, 89, 167, 236, 232, 126, 132, 207, 43, 162, 21, 150, 248, 79,
       245, 14, 86, 143, 67, 223, 78, 185, 159, 190, 78, 106, 232, 226,
       115, 222, 254, 17, 46, 252, 251, 11, 47, 167, 241, 126, 213, 135,
       226, 236, 151, 36, 174, 242, 231, 238, 149, 119, 249, 174, 225,
       201, 203, 237, 93, 238, 82, 253, 182, 246, 254, 86, 162, 249, 47,
       147, 107, 39, 116, 191, 204, 224, 220, 239, 232, 110, 107, 255,
       133, 39, 244, 213, 121, 250, 219, 22, 252, 33, 202, 116, 119, 173,
       8, 242, 105, 175, 155, 36, 215, 232, 247, 237, 64, 104, 185, 0,
       237, 179, 242, 230, 131, 74, 52, 239, 15, 23, 61, 227, 155, 244,
       182, 235, 82, 85, 192, 94, 199, 57, 44, 183, 36, 108, 235, 151,
       221, 159, 154, 52, 238, 62, 12, 174, 192, 175, 223, 112, 252, 126,
       124, 172, 172, 207, 118, 156, 255, 139, 250, 156, 111, 12, 60, 71,
       138, 237, 215, 243, 163, 229, 79, 218, 202, 63, 87, 223, 191, 143,
       124, 191, 223, 7, 126, 142, 187, 164, 172, 124, 150, 191, 91, 95,
       245, 236, 203, 127, 72, 231, 107, 63, 23, 135, 212, 26, 240, 198,
       91, 218, 202, 156, 215, 169, 147, 232, 168, 181, 120, 141, 237,
       65, 135, 222, 23, 164, 24, 178, 181, 64, 59, 201, 26, 120, 24, 58,
