%YAML:1.0
---
descriptors: !!opencv-matrix
   rows: 163
   cols: 32
   dt: u
   data: [ 190, 4, 238, 69, 197, 114, 237, 87, 117, 39, 118, 18, 89, 57,
       188, 239, 122, 148, 151, 168, 184, 244, 53, 192, 87, 235, 246,
       197, 231, 252, 252, 166, 133, 195, 29, 251, 180, 143, 99, 153,
       126, 25, 115, 84, 215, 83, 168, 97, 87, 8, 14, 124, 179, 156, 73,
       53, 236, 138, 35, 196, 24, 139, 129, 161, 196, 143, 133, 151, 214,
       168, 166, 135, 62, 19, 74, 210, 225, 226, 73, 74, 121, 234, 42,
       144, 50, 248, 207, 227, 172, 38, 223, 68, 161, 123, 177, 0, 166,
       140, 246, 254, 252, 171, 214, 239, 223, 131, 248, 25, 230, 249,
       52, 73, 211, 123, 127, 33, 50, 111, 74, 191, 170, 254, 87, 58,
       212, 248, 209, 143, 182, 173, 229, 255, 157, 7, 74, 184, 87, 176,
       251, 10, 115, 121, 93, 34, 217, 222, 117, 123, 250, 242, 219, 191,
       43, 250, 197, 118, 119, 187, 208, 34, 31, 127, 65, 165, 214, 22,
       110, 248, 49, 232, 88, 198, 89, 102, 155, 244, 126, 205, 21, 239,
       237, 146, 125, 206, 188, 109, 175, 164, 47, 247, 58, 213, 13, 177,
       145, 227, 253, 61, 225, 25, 78, 121, 61, 92, 220, 88, 200, 172,
       159, 10, 126, 24, 147, 120, 251, 212, 205, 221, 55, 124, 154, 10,
       137, 161, 75, 242, 253, 244, 98, 214, 89, 24, 171, 220, 20, 229,
       253, 223, 214, 114, 150, 125, 181, 213, 199, 68, 186, 221, 203,
       251, 233, 175, 46, 166, 5, 115, 237, 67, 93, 101, 36, 10, 111,
       184, 109, 170, 118, 108, 211, 97, 153, 51, 58, 196, 108, 110, 201,
       176, 109, 44, 230, 251, 97, 148, 74, 187, 66, 33, 132, 164, 221,
       241, 236, 109, 249, 27, 191, 59, 49, 24, 159, 253, 88, 43, 175,
       31, 127, 25, 51, 116, 219, 210, 205, 219, 127, 244, 212, 72, 131,
       147, 13, 77, 123, 111, 112, 142, 111, 48, 237, 192, 111, 4, 243,
       247, 185, 112, 54, 108, 86, 110, 193, 176, 56, 108, 103, 253, 35,
       0, 74, 243, 67, 176, 65, 241, 27, 227, 50, 13, 115, 180, 104, 104,
       58, 108, 190, 19, 137, 48, 182, 29, 92, 106, 195, 176, 17, 117,
       229, 156, 34, 226, 72, 147, 3, 57, 5, 179, 155, 227, 236, 173,
       174, 216, 14, 185, 121, 108, 149, 211, 233, 32, 255, 91, 86, 91,
       3, 50, 202, 112, 140, 156, 47, 236, 216, 219, 67, 161, 41, 187,
       122, 78, 246, 221, 247, 117, 125, 76, 124, 44, 58, 156, 182, 52,
       46, 42, 150, 73, 214, 186, 36, 77, 119, 125, 32, 203, 103, 142,
       199, 239, 221, 114, 125, 99, 34, 94, 127, 156, 120, 250, 54, 236,
       223, 86, 203, 59, 55, 213, 76, 234, 225, 244, 173, 106, 228, 203,
       101, 132, 108, 179, 3, 121, 108, 58, 186, 112, 224, 172, 51, 144,
       170, 175, 47, 45, 30, 247, 65, 26, 135, 125, 101, 16, 18, 65, 186,
       32, 219, 213, 33, 127, 192, 99, 7, 243, 58, 40, 98, 237, 87, 155,
       90, 64, 51, 160, 224, 139, 43, 137, 21, 148, 250, 185, 215, 192,
       14, 190, 212, 222, 147, 252, 0, 51, 103, 143, 74, 134, 177, 68,
       125, 79, 68, 15, 231, 112, 68, 166, 245, 2, 83, 17, 148, 37, 88,
       180, 2, 234, 233, 182, 125, 28, 101, 138, 64, 16, 119, 171, 84,
       168, 185, 99, 168, 45, 44, 15, 207, 125, 86, 174, 240, 237, 243,
       41, 154, 0, 92, 12, 7, 47, 232, 190, 197, 27, 228, 239, 191, 184,
       125, 186, 210, 201, 4, 203, 17, 169, 146, 139, 47, 248, 30, 36, 8,
       200, 151, 67, 73, 4, 19, 216, 10, 122, 82, 24, 77, 55, 236, 132,
       47, 116, 180, 187, 133, 160, 57, 249, 58, 110, 125, 157, 83, 221,
       111, 40, 252, 76, 63, 217, 104, 176, 180, 120, 86, 72, 203, 187,
       56, 61, 243, 221, 37, 56, 74, 138, 74, 171, 125, 247, 148, 234,
       172, 15, 94, 248, 191, 186, 185, 104, 223, 243, 201, 179, 221,
       215, 126, 98, 121, 99, 203, 247, 184, 219, 111, 188, 88, 123, 139,
       129, 88, 184, 157, 250, 169, 228, 29, 159, 175, 27, 152, 84, 190,
       183, 96, 90, 229, 87, 253, 17, 19, 75, 155, 241, 217, 243, 127,
       254, 152, 80, 161, 59, 118, 239, 106, 130, 246, 210, 239, 228,
       161, 196, 219, 163, 65, 206, 190, 80, 126, 237, 31, 247, 204, 131,
       172, 236, 122, 32, 175, 205, 37, 183, 182, 196, 194, 167, 213,
       158, 254, 161, 174, 175, 190, 179, 8, 208, 237, 226, 120, 67, 19,
       111, 123, 189, 50, 77, 142, 255, 172, 22, 159, 236, 156, 112, 147,
       136, 16, 106, 235, 165, 52, 2, 239, 87, 52, 206, 210, 231, 177, 5,
       145, 0, 126, 236, 23, 205, 200, 156, 69, 10, 224, 6, 190, 128, 37,
       248, 180, 233, 92, 249, 188, 180, 170, 76, 87, 157, 162, 254, 130,
       41, 87, 247, 75, 91, 151, 215, 237, 115, 104, 67, 218, 32, 249,
       227, 101, 61, 160, 113, 134, 83, 178, 190, 167, 184, 232, 175,
       180, 247, 55, 251, 242, 255, 106, 255, 228, 29, 237, 251, 255,
       149, 190, 255, 67, 243, 187, 246, 95, 242, 193, 92, 166, 223, 127,
       112, 228, 69, 13, 124, 84, 156, 225, 254, 174, 8, 74, 60, 223,
       191, 200, 196, 236, 104, 140, 99, 247, 128, 151, 249, 68, 55, 227,
       255, 94, 126, 113, 184, 181, 58, 105, 205, 65, 204, 235, 121, 160,
       8, 246, 246, 204, 54, 137, 227, 108, 24, 155, 107, 250, 49, 153,
       222, 87, 122, 192, 2, 70, 109, 246, 89, 95, 236, 44, 78, 95, 184,
       165, 232, 243, 10, 95, 127, 45, 115, 254, 213, 125, 226, 105, 199,
       123, 204, 243, 250, 199, 150, 56, 187, 96, 49, 19, 77, 99, 158,
       20, 214, 239, 117, 117, 192, 219, 194, 113, 252, 182, 228, 120,
       236, 62, 239, 237, 147, 61, 238, 49, 46, 143, 128, 45, 246, 240,
       116, 168, 249, 121, 201, 116, 207, 115, 112, 86, 32, 116, 8, 51,
       23, 128, 48, 10, 24, 22, 88, 67, 190, 113, 63, 103, 141, 32, 112,
       83, 137, 70, 171, 218, 95, 110, 124, 59, 210, 95, 33, 181, 196,
       230, 175, 111, 110, 135, 87, 38, 245, 253, 227, 108, 207, 167,
       236, 242, 99, 64, 147, 103, 165, 46, 87, 11, 130, 4, 27, 89, 149,
       168, 29, 190, 29, 197, 85, 168, 198, 42, 196, 204, 11, 234, 140,
       150, 74, 83, 85, 5, 48, 218, 104, 18, 4, 169, 222, 120, 49, 217,
       100, 24, 78, 67, 59, 34, 173, 174, 8, 55, 55, 0, 18, 0, 180, 108,
       40, 8, 11, 241, 29, 251, 229, 33, 60, 96, 130, 70, 107, 69, 185,
       57, 83, 248, 237, 185, 154, 46, 121, 157, 252, 148, 22, 203, 56,
       135, 31, 94, 28, 147, 72, 251, 112, 76, 25, 63, 252, 152, 193, 3,
       113, 124, 235, 104, 238, 61, 209, 90, 248, 7, 236, 188, 171, 107,
       205, 155, 144, 220, 248, 223, 226, 78, 35, 202, 189, 242, 221,
       165, 189, 119, 191, 94, 82, 114, 52, 226, 68, 109, 124, 112, 93,
       233, 238, 191, 45, 74, 188, 95, 182, 169, 148, 253, 32, 141, 103,
       248, 194, 19, 121, 65, 63, 227, 126, 94, 95, 246, 74, 110, 20,
       106, 194, 61, 33, 185, 206, 247, 169, 97, 206, 151, 91, 38, 245,
       253, 135, 236, 199, 231, 76, 82, 50, 234, 139, 37, 176, 38, 87,
       157, 123, 18, 254, 35, 148, 63, 113, 253, 136, 213, 102, 60, 211,
       163, 229, 228, 105, 62, 222, 196, 203, 162, 236, 243, 233, 46,
       202, 10, 51, 169, 5, 2, 13, 127, 241, 182, 171, 238, 167, 253,
       130, 122, 194, 171, 169, 53, 65, 163, 99, 23, 9, 240, 184, 4, 238,
       42, 222, 84, 64, 109, 216, 209, 8, 194, 185, 175, 186, 173, 216,
       185, 199, 171, 85, 176, 189, 172, 236, 118, 11, 171, 51, 251, 17,
       54, 107, 186, 241, 219, 83, 94, 123, 213, 4, 183, 222, 99, 19,
       119, 232, 44, 31, 217, 25, 75, 121, 113, 126, 158, 157, 180, 56,
       134, 157, 53, 13, 147, 170, 35, 209, 130, 248, 58, 242, 94, 142,
       195, 53, 91, 112, 121, 232, 46, 87, 89, 24, 169, 104, 117, 237,
       157, 159, 214, 114, 134, 157, 245, 239, 193, 148, 167, 208, 195,
       249, 168, 170, 39, 151, 71, 113, 8, 254, 16, 235, 49, 139, 30,
       246, 143, 40, 120, 97, 175, 155, 32, 192, 207, 123, 135, 194, 74,
       184, 72, 255, 239, 213, 46, 163, 82, 18, 143, 139, 112, 209, 147,
       236, 11, 68, 23, 237, 131, 0, 168, 10, 86, 247, 105, 82, 248, 213,
       125, 226, 73, 3, 154, 9, 241, 164, 143, 63, 48, 114, 166, 42, 96,
       140, 122, 101, 52, 238, 115, 55, 113, 15, 126, 8, 243, 55, 130,
       16, 19, 246, 77, 40, 24, 184, 113, 47, 231, 255, 32, 64, 194, 130,
