%YAML:1.0
---
descriptors: !!opencv-matrix
   rows: 223
   cols: 32
   dt: u
   data: [ 32, 160, 88, 88, 77, 201, 209, 71, 94, 49, 100, 24, 50, 153,
       68, 56, 200, 186, 98, 16, 27, 62, 114, 21, 85, 141, 16, 123, 217,
       8, 214, 170, 33, 141, 83, 75, 246, 223, 238, 245, 125, 72, 123,
       66, 121, 234, 180, 244, 126, 122, 22, 234, 213, 186, 44, 255, 62,
       188, 39, 192, 127, 186, 235, 173, 250, 243, 254, 252, 235, 65,
       188, 239, 169, 159, 180, 187, 78, 255, 108, 27, 239, 243, 239,
       129, 120, 235, 130, 192, 251, 243, 95, 155, 195, 116, 167, 243, 9,
       159, 83, 43, 179, 171, 35, 255, 46, 77, 120, 237, 239, 231, 160,
       148, 23, 59, 206, 52, 18, 152, 77, 63, 236, 199, 37, 192, 250,
       199, 131, 217, 4, 77, 251, 87, 246, 202, 111, 240, 116, 160, 127,
       34, 83, 245, 177, 112, 122, 252, 22, 234, 96, 178, 44, 110, 119,
       175, 167, 0, 103, 243, 230, 224, 35, 7, 65, 205, 116, 27, 234,
       113, 93, 104, 251, 70, 219, 8, 156, 244, 122, 140, 22, 45, 205,
       178, 69, 206, 38, 124, 162, 128, 79, 142, 88, 172, 156, 93, 31,
       254, 19, 195, 55, 232, 188, 130, 107, 34, 126, 247, 33, 81, 178,
       249, 155, 98, 96, 131, 58, 111, 241, 167, 75, 11, 48, 115, 39,
       178, 146, 114, 151, 244, 171, 235, 21, 206, 191, 191, 178, 57,
       206, 255, 97, 11, 171, 247, 238, 1, 56, 109, 27, 240, 217, 210,
       95, 183, 208, 121, 133, 59, 67, 21, 231, 5, 164, 94, 173, 55, 120,
       235, 94, 230, 241, 36, 150, 238, 55, 102, 60, 45, 241, 248, 165,
       74, 36, 46, 255, 128, 204, 252, 209, 125, 118, 247, 99, 14, 219,
       245, 158, 217, 139, 92, 157, 239, 104, 252, 63, 4, 158, 209, 213,
       247, 158, 3, 190, 243, 51, 28, 141, 191, 215, 119, 182, 87, 2,
       154, 10, 157, 114, 129, 56, 198, 190, 5, 66, 167, 172, 199, 34,
       64, 230, 43, 163, 213, 38, 152, 2, 255, 76, 54, 154, 203, 24, 4,
       45, 219, 45, 161, 129, 83, 253, 205, 225, 139, 154, 185, 37, 24,
       150, 209, 88, 60, 137, 10, 114, 28, 19, 120, 250, 49, 77, 152, 21,
       124, 194, 8, 210, 160, 155, 201, 2, 186, 147, 130, 62, 231, 182,
       65, 198, 135, 40, 194, 50, 192, 248, 171, 187, 213, 126, 139, 6,
       255, 186, 103, 158, 203, 63, 4, 184, 30, 17, 169, 191, 242, 221,
       173, 232, 255, 239, 25, 251, 30, 254, 233, 92, 34, 233, 207, 106,
       157, 147, 235, 155, 247, 221, 254, 87, 72, 201, 2, 227, 170, 185,
       64, 117, 109, 100, 78, 105, 16, 100, 224, 118, 66, 179, 19, 144,
       115, 106, 164, 30, 232, 169, 176, 117, 12, 198, 233, 226, 0, 109,
       168, 64, 160, 213, 35, 121, 225, 50, 11, 106, 88, 119, 232, 243,
       236, 215, 11, 209, 48, 54, 205, 87, 254, 203, 176, 141, 94, 252,
       204, 35, 164, 108, 179, 35, 33, 108, 221, 83, 222, 212, 70, 111,
       252, 23, 14, 255, 66, 121, 247, 168, 213, 127, 254, 55, 234, 121,
       18, 57, 255, 117, 174, 227, 140, 55, 251, 228, 160, 230, 252, 188,
       214, 253, 253, 212, 207, 219, 191, 160, 25, 254, 253, 85, 27, 137,
       115, 251, 17, 114, 111, 250, 179, 191, 223, 85, 123, 208, 120,
       215, 154, 49, 73, 107, 236, 84, 131, 203, 112, 69, 0, 240, 70, 51,
       201, 177, 96, 120, 168, 23, 235, 201, 179, 4, 157, 240, 233, 162,
       136, 125, 139, 112, 168, 58, 42, 166, 176, 137, 253, 80, 71, 171,
       31, 164, 153, 46, 143, 98, 159, 173, 179, 205, 16, 30, 75, 130,
       208, 219, 209, 92, 123, 210, 68, 142, 202, 178, 71, 110, 172, 94,
       67, 223, 104, 21, 132, 223, 163, 65, 239, 183, 64, 122, 189, 135,
       163, 108, 183, 5, 142, 242, 231, 171, 129, 117, 254, 52, 211, 28,
       205, 29, 170, 140, 199, 95, 248, 20, 38, 219, 3, 215, 119, 32, 64,
       121, 247, 63, 227, 120, 35, 91, 63, 249, 199, 175, 84, 52, 187,
       180, 82, 45, 9, 132, 158, 205, 245, 214, 67, 199, 74, 237, 8, 242,
       249, 55, 190, 200, 34, 114, 10, 13, 35, 90, 187, 67, 127, 64, 59,
       218, 111, 90, 134, 67, 96, 231, 229, 108, 16, 232, 28, 238, 209,
       82, 196, 185, 142, 213, 234, 110, 77, 127, 205, 135, 212, 215,
       193, 6, 248, 250, 168, 12, 179, 97, 188, 133, 171, 251, 255, 244,
       11, 239, 248, 126, 248, 118, 246, 253, 235, 216, 113, 127, 207,
       126, 238, 177, 248, 239, 253, 252, 235, 103, 164, 237, 161, 99,
       177, 37, 192, 87, 221, 68, 79, 229, 49, 117, 50, 114, 66, 211,
       225, 188, 111, 120, 236, 38, 202, 249, 244, 71, 213, 5, 186, 241,
       64, 125, 168, 240, 160, 82, 139, 237, 191, 154, 242, 156, 167, 6,
       229, 222, 163, 225, 108, 150, 194, 110, 247, 253, 197, 156, 217,
       231, 189, 238, 103, 255, 209, 181, 196, 180, 94, 26, 56, 184, 255,
       63, 255, 152, 102, 63, 101, 183, 19, 191, 31, 18, 160, 174, 63,
       255, 5, 158, 233, 121, 253, 203, 223, 26, 83, 214, 15, 143, 219,
       36, 41, 71, 235, 220, 207, 225, 209, 231, 24, 251, 64, 243, 201,
       57, 35, 200, 178, 78, 88, 11, 243, 91, 93, 109, 152, 165, 64, 225,
       138, 114, 160, 35, 165, 194, 73, 213, 179, 162, 79, 95, 193, 120,
       198, 40, 232, 182, 164, 120, 42, 146, 157, 151, 186, 68, 255, 46,
       92, 129, 227, 223, 207, 250, 132, 20, 177, 122, 81, 183, 219, 112,
       81, 255, 101, 119, 157, 139, 236, 94, 40, 50, 44, 206, 16, 148,
       185, 188, 214, 203, 221, 1, 103, 239, 143, 207, 214, 222, 125,
       159, 166, 154, 66, 22, 253, 178, 226, 142, 171, 95, 255, 65, 66,
       55, 245, 253, 243, 109, 65, 155, 234, 251, 199, 111, 159, 173,
       114, 173, 27, 178, 207, 107, 222, 30, 193, 79, 228, 156, 68, 248,
       231, 51, 206, 180, 65, 254, 232, 23, 198, 202, 171, 46, 61, 112,
       8, 162, 152, 53, 154, 116, 235, 34, 237, 122, 76, 220, 71, 254,
       236, 89, 4, 252, 11, 112, 253, 54, 16, 248, 251, 19, 227, 68, 187,
       58, 255, 119, 28, 133, 47, 85, 186, 254, 206, 34, 101, 123, 222,
       92, 195, 183, 236, 222, 228, 232, 11, 112, 220, 61, 32, 248, 121,
       19, 227, 96, 179, 58, 255, 117, 28, 143, 44, 85, 58, 247, 234,
       137, 157, 27, 250, 147, 244, 191, 231, 254, 23, 109, 16, 189, 214,
       44, 225, 163, 59, 130, 202, 119, 141, 58, 247, 161, 249, 10, 74,
       16, 1, 173, 244, 87, 77, 23, 158, 21, 135, 174, 232, 173, 64, 202,
       66, 236, 250, 37, 228, 244, 97, 58, 227, 77, 131, 27, 255, 176,
       54, 139, 10, 24, 63, 41, 20, 183, 6, 98, 193, 246, 59, 234, 99,
       125, 98, 251, 246, 75, 40, 158, 228, 122, 140, 22, 175, 189, 182,
       69, 206, 54, 126, 130, 196, 111, 239, 248, 132, 216, 92, 159, 180,
       34, 202, 53, 247, 188, 138, 70, 32, 188, 183, 35, 83, 166, 119,
       252, 64, 97, 221, 176, 110, 241, 247, 126, 130, 42, 112, 167, 59,
       222, 94, 190, 255, 175, 124, 149, 150, 191, 223, 150, 53, 239,
       253, 3, 239, 135, 119, 253, 19, 236, 101, 251, 163, 195, 243, 127,
       155, 130, 117, 141, 127, 2, 154, 10, 185, 18, 135, 58, 103, 62, 5,
       66, 231, 180, 194, 34, 64, 247, 43, 51, 149, 34, 156, 19, 127,
       228, 38, 186, 192, 156, 0, 41, 155, 67, 187, 69, 7, 186, 143, 46,
       189, 171, 248, 18, 237, 237, 38, 194, 151, 6, 103, 253, 245, 197,
       88, 253, 124, 172, 16, 237, 246, 12, 166, 139, 93, 51, 37, 99, 69,
       92, 27, 234, 105, 86, 224, 251, 202, 65, 136, 180, 164, 122, 140,
       82, 111, 237, 179, 109, 158, 54, 76, 129, 52, 127, 174, 122, 132,
       73, 191, 239, 87, 182, 90, 191, 53, 120, 205, 95, 228, 249, 116,
       150, 103, 38, 102, 252, 77, 241, 248, 173, 108, 110, 47, 111, 128,
       70, 230, 215, 125, 79, 191, 103, 15, 178, 154, 111, 189, 41, 236,
       207, 228, 252, 103, 154, 244, 54, 231, 125, 236, 241, 153, 173,
       93, 238, 60, 47, 212, 46, 166, 131, 117, 15, 254, 232, 67, 234,
       52, 191, 188, 58, 127, 28, 230, 221, 126, 223, 172, 55, 91, 181,
       255, 199, 80, 191, 241, 111, 79, 111, 236, 191, 215, 43, 245, 110,
       20, 188, 182, 169, 108, 156, 139, 155, 255, 179, 57, 206, 254, 79,
       91, 199, 119, 253, 19, 180, 71, 219, 224, 219, 251, 127, 159, 128,
       117, 133, 83, 236, 112, 188, 103, 160, 47, 127, 24, 123, 170, 55,
       76, 223, 115, 73, 27, 151, 84, 125, 122, 184, 244, 217, 10, 207,
