%YAML:1.0
---
descriptors: !!opencv-matrix
   rows: 197
   cols: 32
   dt: u
   data: [ 45, 181, 176, 227, 253, 125, 241, 25, 79, 125, 61, 60, 206,
       121, 202, 172, 159, 10, 238, 56, 150, 120, 251, 210, 207, 221, 21,
       119, 218, 206, 201, 199, 212, 140, 150, 147, 132, 32, 38, 135, 62,
       51, 203, 83, 196, 34, 73, 74, 225, 207, 42, 147, 62, 220, 201,
       226, 188, 38, 222, 70, 128, 81, 161, 10, 198, 172, 240, 190, 254,
       161, 186, 136, 155, 178, 25, 155, 237, 234, 93, 75, 151, 127, 121,
       215, 178, 69, 142, 243, 140, 22, 207, 254, 132, 99, 19, 4, 162,
       12, 183, 254, 252, 171, 148, 239, 223, 131, 248, 56, 238, 249, 36,
       77, 215, 123, 111, 0, 48, 111, 2, 191, 170, 254, 86, 122, 208,
       249, 161, 143, 65, 113, 57, 73, 52, 15, 99, 56, 104, 72, 119, 76,
       214, 81, 153, 48, 144, 12, 84, 104, 193, 176, 113, 12, 199, 185,
       33, 0, 72, 162, 67, 33, 47, 145, 195, 67, 214, 22, 238, 176, 113,
       75, 123, 214, 89, 34, 188, 244, 127, 206, 22, 254, 189, 178, 61,
       226, 62, 126, 230, 196, 239, 247, 248, 181, 80, 199, 76, 63, 48,
       138, 78, 61, 52, 1, 195, 245, 247, 99, 136, 81, 87, 134, 108, 44,
       248, 136, 77, 63, 232, 231, 52, 208, 56, 130, 128, 9, 109, 79, 89,
       101, 52, 10, 111, 184, 108, 136, 126, 104, 243, 67, 145, 112, 50,
       196, 76, 110, 201, 176, 109, 46, 230, 253, 37, 128, 104, 179, 66,
       41, 145, 108, 233, 209, 86, 251, 233, 214, 94, 227, 94, 130, 177,
       4, 215, 45, 63, 42, 18, 156, 163, 252, 53, 126, 109, 15, 181, 160,
       229, 216, 81, 232, 123, 50, 244, 228, 63, 95, 216, 25, 91, 253,
       53, 173, 79, 156, 150, 60, 150, 53, 181, 21, 140, 235, 182, 220,
       203, 251, 81, 255, 71, 140, 94, 87, 91, 114, 244, 228, 39, 210,
       88, 24, 171, 252, 54, 165, 237, 223, 214, 246, 150, 189, 181, 236,
       134, 196, 175, 221, 202, 251, 233, 135, 38, 164, 78, 117, 35, 183,
       113, 75, 245, 191, 162, 123, 95, 105, 121, 100, 136, 152, 252,
       164, 223, 10, 134, 25, 151, 186, 108, 213, 46, 92, 34, 230, 223,
       14, 203, 165, 164, 164, 221, 243, 236, 169, 249, 219, 158, 51, 49,
       216, 159, 233, 216, 43, 135, 11, 127, 25, 179, 116, 203, 210, 76,
       154, 127, 252, 220, 200, 195, 161, 78, 170, 164, 27, 153, 189, 40,
       155, 174, 61, 133, 85, 132, 238, 90, 206, 197, 6, 251, 29, 150,
       72, 203, 113, 13, 51, 219, 252, 146, 5, 159, 84, 130, 184, 186,
       154, 91, 245, 184, 67, 191, 95, 85, 55, 172, 158, 102, 12, 175,
       59, 147, 145, 22, 205, 146, 211, 15, 85, 154, 235, 144, 68, 175,
       223, 222, 134, 237, 187, 170, 115, 158, 173, 22, 127, 153, 179,
       205, 110, 200, 75, 95, 211, 255, 179, 59, 70, 111, 243, 236, 199,
       255, 253, 181, 255, 181, 115, 189, 223, 107, 111, 151, 222, 103,
       245, 68, 76, 254, 6, 115, 101, 186, 229, 120, 238, 134, 238, 237,
       186, 125, 191, 119, 233, 164, 1, 123, 190, 252, 252, 255, 88, 254,
       228, 107, 94, 95, 56, 41, 230, 183, 10, 91, 119, 15, 255, 254,
       245, 253, 234, 73, 215, 249, 202, 211, 251, 231, 149, 35, 183,
       110, 113, 97, 180, 25, 97, 188, 79, 81, 191, 78, 184, 44, 104,
       150, 49, 192, 48, 131, 28, 108, 16, 19, 56, 249, 18, 205, 157, 37,
       118, 216, 40, 66, 43, 240, 72, 223, 246, 78, 8, 109, 140, 249,
       146, 178, 154, 127, 107, 29, 91, 107, 197, 125, 238, 104, 71, 207,
       224, 212, 250, 254, 152, 37, 241, 99, 32, 50, 40, 114, 92, 119,
       153, 240, 66, 127, 0, 240, 138, 42, 216, 20, 52, 186, 185, 87, 65,
       14, 190, 198, 217, 150, 252, 0, 59, 103, 140, 66, 142, 1, 217,
       127, 69, 52, 79, 239, 55, 125, 200, 122, 64, 186, 55, 148, 52,
       174, 118, 118, 76, 193, 184, 49, 111, 103, 190, 52, 0, 75, 168,
       67, 185, 119, 67, 234, 14, 220, 18, 207, 88, 69, 140, 247, 199,
       65, 232, 191, 66, 94, 236, 38, 255, 220, 163, 239, 168, 58, 41,
       165, 152, 245, 191, 248, 197, 155, 190, 149, 248, 168, 164, 29,
       255, 174, 27, 144, 116, 188, 183, 96, 235, 167, 83, 127, 25, 243,
       77, 155, 243, 217, 219, 127, 254, 152, 64, 161, 187, 119, 103,
       106, 138, 246, 18, 78, 232, 65, 196, 221, 167, 67, 202, 191, 84,
       122, 236, 149, 255, 204, 131, 172, 238, 186, 108, 175, 205, 39,
       183, 254, 196, 41, 77, 149, 253, 181, 159, 70, 183, 95, 161, 110,
       68, 191, 49, 33, 228, 193, 106, 10, 28, 83, 184, 81, 190, 173,
       222, 21, 16, 218, 220, 217, 40, 137, 76, 108, 81, 215, 187, 232,
       182, 84, 162, 126, 130, 185, 41, 177, 41, 35, 42, 23, 156, 164,
       248, 37, 190, 111, 207, 52, 193, 247, 220, 81, 168, 127, 124, 254,
       68, 43, 127, 87, 208, 225, 238, 190, 13, 74, 252, 215, 191, 142,
       244, 252, 110, 141, 103, 255, 168, 211, 121, 65, 63, 227, 255, 78,
       87, 250, 124, 118, 84, 43, 222, 87, 182, 225, 206, 230, 45, 42,
       223, 7, 247, 166, 244, 253, 74, 204, 199, 178, 237, 115, 251, 69,
       19, 99, 181, 78, 127, 41, 227, 120, 105, 240, 157, 127, 223, 115,
       41, 124, 76, 59, 131, 218, 16, 30, 10, 6, 92, 210, 58, 96, 31,
       111, 205, 36, 232, 250, 144, 202, 169, 227, 156, 222, 90, 219,
       181, 184, 199, 251, 23, 172, 31, 40, 250, 102, 254, 231, 235, 226,
       144, 182, 79, 190, 243, 30, 126, 87, 107, 155, 68, 232, 207, 98,
       32, 244, 196, 37, 122, 216, 24, 123, 212, 53, 131, 233, 223, 86,
       58, 190, 181, 181, 209, 142, 96, 166, 221, 139, 248, 203, 151, 71,
       165, 70, 87, 235, 49, 116, 236, 45, 127, 216, 25, 75, 248, 53,
       169, 15, 157, 214, 44, 134, 157, 245, 61, 158, 100, 179, 208, 67,
       249, 1, 255, 103, 135, 86, 87, 90, 96, 116, 236, 47, 210, 88, 24,
       235, 228, 119, 131, 79, 207, 214, 118, 134, 189, 181, 237, 204,
       196, 183, 209, 195, 249, 137, 135, 39, 135, 92, 87, 196, 174, 133,
       147, 150, 168, 39, 129, 62, 147, 75, 82, 228, 226, 72, 74, 113,
       238, 42, 146, 50, 220, 203, 99, 172, 38, 191, 68, 136, 99, 161, 0,
       176, 173, 92, 120, 250, 195, 149, 239, 30, 30, 240, 51, 30, 59,
       36, 17, 171, 219, 71, 80, 114, 111, 3, 119, 121, 139, 119, 111,
       113, 0, 231, 171, 236, 236, 212, 119, 237, 47, 68, 158, 83, 187,
       178, 88, 211, 105, 73, 139, 217, 198, 110, 16, 125, 124, 219, 178,
       111, 219, 117, 116, 235, 248, 208, 130, 51, 123, 122, 68, 118,
       219, 242, 66, 237, 204, 252, 175, 42, 220, 183, 48, 174, 249, 215,
       67, 204, 171, 36, 236, 114, 92, 32, 139, 101, 179, 110, 223, 198,
       36, 144, 190, 222, 161, 170, 138, 186, 178, 25, 218, 236, 234, 81,
       11, 51, 111, 123, 243, 50, 69, 142, 251, 140, 22, 207, 252, 132,
       97, 19, 128, 55, 93, 117, 69, 173, 95, 135, 165, 108, 232, 187,
       68, 203, 52, 149, 167, 138, 100, 124, 110, 201, 161, 125, 172,
       169, 222, 71, 22, 79, 255, 211, 244, 47, 183, 113, 75, 245, 255,
       163, 219, 95, 41, 121, 110, 8, 212, 236, 164, 29, 26, 130, 24,
       147, 186, 120, 213, 47, 28, 1, 110, 211, 142, 198, 181, 83, 133,
       107, 203, 212, 86, 239, 253, 116, 69, 95, 18, 121, 126, 190, 100,
       121, 142, 31, 175, 251, 152, 61, 223, 125, 47, 186, 196, 55, 134,
       245, 100, 109, 229, 41, 79, 157, 127, 79, 184, 82, 226, 173, 12,
       211, 97, 27, 52, 89, 196, 120, 110, 41, 98, 249, 63, 111, 207,
       197, 116, 123, 251, 82, 112, 18, 79, 98, 156, 114, 146, 174, 246,
       165, 4, 218, 231, 41, 142, 183, 196, 126, 249, 135, 199, 196, 155,
       4, 239, 48, 36, 170, 129, 53, 182, 45, 221, 78, 243, 245, 191,
       186, 64, 30, 172, 135, 249, 153, 235, 201, 247, 200, 114, 95, 215,
       255, 242, 91, 66, 207, 241, 238, 247, 239, 253, 151, 247, 164, 51,
       94, 214, 213, 251, 170, 99, 30, 189, 23, 123, 153, 242, 221, 119,
       200, 235, 95, 215, 255, 147, 59, 67, 207, 241, 174, 247, 255, 255,
       159, 243, 172, 19, 2, 149, 46, 185, 210, 225, 185, 103, 158, 85,
       72, 179, 172, 190, 34, 64, 231, 59, 147, 145, 54, 137, 18, 215,
       205, 7, 154, 195, 149, 64, 165, 218, 126, 235, 233, 171, 172, 203,
       95, 172, 135, 252, 156, 169, 195, 207, 219, 18, 220, 221, 253,
