%YAML:1.0
---
descriptors: !!opencv-matrix
   rows: 168
   cols: 32
   dt: u
   data: [ 217, 173, 158, 58, 185, 189, 80, 215, 227, 25, 164, 29, 143,
       187, 66, 155, 165, 167, 236, 28, 62, 111, 154, 55, 218, 251, 20,
       95, 234, 68, 202, 11, 220, 162, 140, 182, 169, 44, 92, 205, 178,
       187, 129, 221, 207, 227, 74, 155, 165, 199, 237, 23, 62, 71, 138,
       0, 218, 227, 125, 253, 168, 116, 139, 3, 126, 101, 180, 250, 205,
       237, 86, 200, 131, 182, 189, 11, 79, 249, 107, 130, 153, 241, 239,
       115, 78, 99, 218, 187, 251, 215, 69, 63, 243, 127, 94, 130, 164,
       116, 53, 71, 3, 91, 183, 40, 105, 226, 35, 40, 214, 85, 133, 181,
       178, 88, 64, 98, 97, 180, 185, 62, 37, 154, 1, 54, 65, 51, 71,
       161, 173, 85, 41, 207, 29, 95, 199, 184, 87, 224, 237, 14, 210,
       253, 61, 100, 216, 236, 18, 110, 201, 162, 121, 190, 103, 253,
       133, 60, 83, 187, 84, 244, 108, 60, 249, 70, 249, 124, 83, 218,
       235, 239, 189, 12, 94, 247, 79, 62, 181, 214, 238, 26, 155, 99,
       250, 226, 95, 255, 85, 127, 235, 243, 70, 119, 108, 1, 122, 109,
       100, 75, 103, 40, 100, 132, 102, 8, 147, 17, 1, 113, 50, 152, 72,
       106, 72, 176, 33, 12, 231, 185, 0, 17, 114, 186, 70, 34, 242, 192,
       150, 186, 137, 196, 20, 204, 191, 23, 225, 25, 238, 250, 46, 93,
       217, 179, 235, 19, 46, 71, 90, 227, 153, 242, 94, 27, 208, 29,
       175, 6, 11, 140, 2, 155, 149, 182, 170, 231, 62, 79, 90, 215, 172,
       202, 54, 196, 253, 43, 147, 149, 55, 152, 22, 255, 44, 118, 154,
       195, 158, 76, 185, 158, 86, 141, 148, 186, 137, 253, 22, 200, 143,
       55, 169, 25, 238, 254, 111, 223, 129, 219, 237, 83, 30, 67, 218,
       241, 153, 208, 95, 127, 144, 95, 143, 6, 72, 60, 159, 85, 241,
       238, 53, 7, 249, 219, 110, 40, 190, 55, 0, 247, 129, 119, 72, 0,
       49, 216, 177, 77, 167, 255, 84, 3, 194, 80, 135, 59, 248, 28, 29,
       254, 185, 235, 87, 55, 148, 2, 166, 56, 247, 119, 33, 113, 65,
       114, 236, 34, 120, 237, 91, 63, 227, 227, 112, 89, 50, 232, 140,
       58, 109, 39, 28, 101, 244, 30, 102, 56, 105, 172, 127, 76, 207,
       33, 155, 151, 148, 68, 108, 110, 244, 240, 201, 12, 238, 249, 101,
       4, 74, 179, 202, 1, 248, 170, 247, 88, 139, 232, 65, 214, 162, 23,
       164, 56, 63, 183, 64, 219, 39, 182, 236, 24, 58, 79, 162, 49, 209,
       227, 116, 120, 226, 209, 134, 107, 211, 176, 175, 184, 42, 172,
       25, 71, 170, 85, 128, 189, 183, 150, 194, 123, 167, 51, 93, 21,
       191, 79, 182, 17, 216, 131, 122, 248, 128, 0, 167, 91, 56, 51, 58,
       97, 19, 79, 83, 96, 37, 12, 231, 8, 82, 23, 9, 16, 120, 152, 200,
       98, 72, 179, 113, 12, 241, 133, 0, 23, 98, 42, 102, 34, 188, 16,
       49, 236, 31, 67, 147, 104, 37, 128, 241, 11, 94, 95, 41, 0, 248,
       185, 223, 227, 72, 167, 81, 222, 209, 208, 139, 31, 113, 43, 38,
       50, 5, 127, 33, 7, 116, 30, 102, 176, 125, 232, 123, 76, 215, 32,
       149, 148, 180, 76, 100, 111, 197, 176, 121, 46, 38, 60, 37, 132,
       74, 183, 90, 213, 109, 56, 243, 68, 245, 61, 251, 222, 107, 235,
       124, 108, 58, 253, 221, 180, 159, 222, 214, 92, 151, 58, 248, 226,
       31, 95, 53, 254, 207, 255, 66, 253, 220, 81, 61, 247, 172, 79, 77,
       184, 165, 254, 183, 8, 247, 117, 137, 83, 4, 244, 125, 106, 104,
       229, 123, 60, 225, 251, 101, 16, 98, 187, 68, 115, 108, 80, 249,
       118, 108, 108, 71, 152, 51, 174, 183, 24, 211, 247, 201, 94, 17,
       252, 125, 10, 72, 118, 249, 2, 215, 255, 113, 60, 162, 251, 70,
       115, 124, 37, 250, 108, 29, 127, 210, 121, 209, 164, 189, 11, 91,
       253, 59, 144, 216, 212, 205, 35, 12, 227, 216, 142, 243, 205, 37,
       61, 103, 239, 94, 66, 94, 237, 148, 186, 137, 253, 86, 200, 143,
       52, 169, 9, 239, 254, 107, 155, 129, 243, 233, 83, 30, 67, 218,
       177, 251, 209, 77, 127, 146, 127, 15, 2, 9, 239, 112, 69, 117, 30,
       102, 54, 121, 232, 126, 76, 174, 24, 150, 180, 150, 76, 68, 108,
       229, 188, 181, 110, 38, 94, 37, 2, 74, 182, 75, 141, 44, 116, 250,
       76, 245, 215, 246, 125, 86, 128, 125, 38, 80, 249, 189, 0, 88,
       248, 131, 202, 192, 178, 24, 222, 119, 13, 167, 41, 95, 250, 254,
       147, 218, 12, 245, 241, 171, 107, 185, 71, 61, 115, 242, 178, 143,
       55, 128, 239, 107, 151, 255, 145, 57, 237, 69, 226, 157, 210, 222,
       195, 166, 204, 165, 191, 120, 187, 125, 100, 43, 221, 81, 112,
       227, 188, 180, 44, 31, 215, 192, 54, 166, 180, 236, 88, 203, 99,
       178, 21, 219, 249, 33, 251, 98, 130, 70, 123, 242, 6, 106, 165,
       236, 47, 252, 87, 121, 47, 246, 31, 138, 40, 54, 91, 252, 133, 79,
       165, 188, 183, 69, 194, 215, 59, 242, 157, 197, 252, 254, 198,
       120, 121, 255, 102, 43, 204, 89, 16, 163, 61, 166, 168, 127, 215,
       195, 86, 166, 245, 253, 88, 74, 75, 234, 33, 219, 249, 37, 152,
       34, 134, 6, 121, 179, 20, 54, 164, 205, 62, 220, 75, 125, 234,
       246, 31, 10, 26, 63, 249, 248, 133, 222, 164, 189, 183, 81, 206,
       151, 123, 194, 23, 203, 108, 122, 134, 10, 185, 23, 158, 91, 213,
       178, 224, 190, 244, 192, 6, 108, 246, 97, 196, 238, 121, 251, 195,
       67, 75, 58, 253, 153, 86, 15, 43, 26, 55, 39, 255, 252, 253, 221,
       96, 170, 75, 71, 255, 115, 186, 164, 56, 19, 55, 192, 51, 35, 212,
       108, 104, 105, 111, 161, 18, 249, 203, 101, 60, 97, 240, 198, 33,
       41, 248, 251, 68, 244, 157, 255, 222, 123, 225, 124, 76, 59, 252,
       215, 176, 31, 234, 54, 29, 199, 58, 254, 227, 127, 29, 53, 40,
       207, 218, 202, 253, 255, 20, 19, 204, 79, 119, 208, 73, 125, 10,
       247, 90, 78, 18, 45, 245, 248, 149, 222, 162, 45, 167, 81, 206,
       147, 249, 2, 31, 91, 110, 106, 39, 240, 162, 252, 122, 136, 169,
       81, 215, 162, 23, 165, 153, 55, 231, 74, 27, 5, 178, 109, 24, 26,
       79, 202, 49, 219, 163, 112, 121, 224, 192, 134, 122, 1, 166, 239,
       125, 122, 139, 169, 127, 246, 123, 112, 244, 241, 233, 216, 34,
       31, 100, 122, 44, 163, 241, 199, 31, 110, 207, 113, 132, 237, 224,
       195, 169, 45, 97, 49, 76, 93, 91, 211, 104, 83, 228, 237, 8, 94,
       221, 47, 180, 152, 88, 192, 106, 77, 35, 250, 158, 115, 221, 1,
       63, 82, 47, 94, 230, 133, 225, 1, 131, 220, 105, 167, 205, 126,
       241, 33, 26, 214, 112, 72, 173, 57, 78, 106, 122, 51, 112, 221,
       52, 45, 134, 71, 116, 216, 75, 195, 160, 213, 87, 189, 111, 40,
       14, 87, 184, 96, 248, 167, 68, 215, 113, 9, 123, 148, 84, 108,
       106, 233, 101, 251, 13, 225, 171, 101, 20, 72, 243, 67, 33, 248,
       17, 23, 254, 25, 66, 86, 104, 161, 144, 162, 8, 98, 243, 32, 211,
       200, 244, 232, 98, 125, 227, 18, 173, 179, 243, 192, 27, 106, 42,
       108, 2, 198, 237, 149, 83, 153, 244, 8, 143, 186, 187, 128, 56,
       144, 246, 204, 255, 197, 86, 232, 144, 59, 77, 235, 114, 141, 146,
       223, 127, 144, 80, 135, 52, 64, 243, 155, 224, 176, 76, 53, 190,
       170, 61, 14, 112, 156, 151, 192, 86, 133, 87, 237, 80, 83, 89,
       177, 101, 237, 180, 62, 230, 128, 16, 165, 123, 44, 241, 49, 122,
       93, 221, 215, 184, 219, 236, 61, 8, 250, 221, 77, 52, 145, 122,
       196, 66, 199, 98, 250, 191, 111, 221, 5, 127, 82, 59, 70, 231, 3,
       157, 35, 219, 213, 213, 175, 230, 94, 69, 88, 2, 172, 248, 181,
       228, 217, 123, 18, 83, 231, 184, 126, 255, 45, 22, 159, 66, 159,
       93, 53, 252, 248, 188, 157, 180, 169, 104, 80, 135, 179, 187, 130,
       249, 183, 191, 64, 155, 129, 215, 253, 17, 63, 79, 219, 32, 155,
       227, 125, 187, 160, 104, 158, 59, 245, 69, 141, 101, 4, 110, 71,
       188, 112, 234, 171, 72, 211, 97, 25, 51, 88, 68, 108, 110, 41,
       240, 249, 14, 237, 171, 229, 20, 96, 243, 82, 32, 253, 75, 69,
       101, 134, 18, 79, 184, 117, 242, 246, 202, 83, 97, 153, 255, 122,
       196, 124, 238, 233, 246, 109, 44, 246, 235, 229, 148, 111, 243,
       112, 32, 234, 182, 172, 187, 173, 125, 149, 159, 218, 127, 148,
       189, 238, 60, 74, 11, 205, 83, 237, 21, 190, 111, 235, 179, 207,
       83, 124, 255, 218, 77, 156, 95, 91, 188, 246, 255, 255, 255, 252,
