%YAML:1.0
---
descriptors: !!opencv-matrix
   rows: 158
   cols: 32
   dt: u
   data: [ 191, 255, 237, 71, 250, 87, 159, 252, 18, 250, 245, 239, 81,
       124, 159, 37, 95, 222, 183, 238, 237, 246, 125, 62, 122, 11, 229,
       180, 111, 255, 212, 245, 77, 176, 151, 240, 233, 44, 48, 23, 170,
       187, 3, 92, 156, 179, 72, 251, 167, 31, 124, 24, 19, 92, 147, 64,
       221, 241, 127, 238, 136, 64, 163, 51, 192, 10, 216, 245, 52, 46,
       121, 23, 56, 143, 118, 48, 191, 51, 130, 90, 134, 63, 61, 28, 48,
       156, 161, 74, 198, 187, 114, 128, 128, 192, 225, 41, 189, 148,
       252, 119, 229, 127, 213, 187, 83, 251, 63, 26, 91, 61, 94, 47,
       153, 78, 53, 62, 185, 248, 121, 130, 111, 223, 85, 117, 255, 252,
       216, 242, 253, 163, 208, 82, 249, 153, 82, 216, 243, 53, 181, 184,
       107, 200, 223, 183, 26, 232, 196, 90, 174, 103, 238, 179, 58, 217,
       5, 59, 227, 159, 202, 68, 184, 188, 57, 120, 249, 237, 85, 127,
       247, 191, 172, 24, 63, 191, 64, 48, 137, 187, 213, 16, 58, 79,
       114, 31, 251, 223, 53, 125, 224, 64, 198, 251, 60, 97, 121, 96,
       220, 207, 87, 220, 70, 160, 172, 8, 19, 21, 81, 48, 88, 216, 2,
       122, 74, 50, 120, 62, 123, 205, 5, 124, 241, 155, 70, 162, 77, 67,
       12, 45, 32, 10, 127, 56, 100, 204, 23, 101, 215, 99, 155, 83, 146,
       196, 108, 110, 140, 208, 141, 28, 230, 227, 103, 149, 8, 179, 75,
       1, 2, 154, 178, 219, 91, 189, 177, 207, 159, 21, 64, 179, 172,
       198, 44, 205, 247, 27, 162, 0, 2, 120, 58, 247, 5, 22, 90, 99, 18,
       24, 133, 175, 122, 233, 34, 154, 29, 205, 86, 236, 143, 181, 132,
       9, 174, 218, 122, 20, 161, 235, 235, 87, 94, 75, 154, 245, 249,
       80, 29, 127, 26, 30, 155, 78, 221, 22, 174, 39, 164, 26, 94, 184,
       96, 238, 151, 237, 215, 104, 155, 83, 146, 196, 237, 103, 236,
       240, 205, 13, 230, 227, 225, 149, 108, 227, 90, 81, 125, 236, 225,
       70, 223, 19, 207, 248, 83, 234, 252, 238, 123, 104, 150, 180, 127,
       196, 214, 174, 237, 254, 237, 174, 58, 79, 165, 180, 111, 255, 90,
       93, 55, 255, 74, 138, 254, 147, 198, 252, 198, 224, 248, 231, 99,
       200, 191, 160, 126, 234, 22, 111, 207, 179, 12, 189, 56, 76, 173,
       184, 125, 191, 216, 149, 183, 229, 232, 14, 254, 115, 222, 233,
       211, 254, 188, 171, 73, 236, 255, 163, 127, 202, 151, 255, 252,
       35, 174, 186, 58, 73, 175, 189, 245, 255, 254, 213, 168, 233, 122,
       105, 240, 143, 127, 85, 114, 5, 116, 28, 51, 1, 18, 16, 148, 170,
       6, 92, 178, 184, 145, 55, 111, 141, 36, 64, 232, 128, 194, 168,
       48, 184, 90, 122, 106, 205, 80, 210, 175, 16, 165, 13, 63, 159,
       67, 16, 167, 179, 221, 0, 14, 107, 26, 49, 219, 201, 16, 59, 120,
       0, 11, 155, 216, 190, 153, 246, 184, 108, 81, 159, 186, 191, 183,
       25, 223, 183, 65, 90, 135, 215, 109, 16, 58, 77, 203, 2, 219, 247,
       117, 220, 160, 224, 7, 107, 45, 76, 253, 117, 237, 127, 245, 154,
       80, 178, 62, 26, 83, 61, 81, 43, 9, 198, 51, 62, 40, 244, 121, 8,
       79, 203, 117, 53, 227, 249, 80, 226, 45, 177, 252, 119, 237, 95,
       245, 185, 83, 253, 55, 10, 219, 61, 94, 47, 129, 94, 241, 24, 147,
       120, 251, 144, 79, 223, 85, 101, 239, 236, 220, 242, 216, 176,
       153, 242, 40, 236, 17, 18, 170, 25, 160, 24, 183, 151, 64, 123,
       133, 179, 124, 16, 27, 79, 178, 17, 217, 193, 114, 120, 128, 0, 7,
       43, 108, 118, 121, 231, 32, 75, 119, 184, 41, 172, 47, 40, 223,
       119, 9, 50, 150, 84, 109, 98, 64, 208, 249, 40, 231, 219, 37, 20,
       96, 243, 71, 99, 147, 86, 167, 149, 134, 54, 172, 87, 60, 199, 82,
       215, 73, 46, 182, 239, 103, 7, 59, 165, 181, 221, 53, 202, 148,
       98, 218, 130, 173, 116, 185, 220, 21, 71, 110, 37, 52, 26, 238,
       48, 116, 236, 246, 229, 211, 40, 151, 96, 86, 68, 124, 239, 237,
       240, 101, 12, 230, 239, 38, 144, 108, 186, 89, 85, 47, 172, 193,
       95, 213, 61, 230, 250, 91, 251, 120, 92, 98, 104, 221, 189, 89,
       202, 18, 62, 191, 126, 252, 251, 46, 30, 213, 108, 223, 252, 218,
       156, 245, 71, 108, 37, 60, 27, 222, 56, 80, 238, 158, 175, 211,
       108, 151, 35, 126, 196, 253, 239, 237, 241, 109, 14, 238, 235,
       239, 145, 109, 255, 90, 85, 117, 239, 237, 71, 246, 83, 206, 248,
       82, 238, 254, 175, 115, 108, 158, 178, 123, 204, 213, 239, 236,
       243, 237, 174, 122, 111, 229, 181, 101, 251, 94, 197, 44, 98, 248,
       114, 109, 121, 81, 200, 211, 190, 180, 24, 19, 153, 73, 26, 137,
       216, 198, 26, 42, 103, 202, 2, 219, 221, 53, 61, 227, 249, 94,
       162, 203, 4, 238, 87, 118, 50, 233, 23, 248, 215, 95, 146, 249,
       111, 150, 107, 39, 118, 255, 141, 176, 220, 167, 67, 79, 107, 254,
       129, 167, 228, 249, 232, 94, 244, 214, 218, 155, 212, 54, 204,
       187, 19, 133, 2, 108, 246, 108, 246, 179, 211, 248, 210, 7, 67,
       187, 241, 59, 213, 23, 111, 170, 22, 169, 62, 29, 28, 111, 101,
       146, 62, 107, 50, 116, 242, 79, 198, 209, 38, 147, 105, 119, 68,
       56, 238, 161, 208, 117, 12, 69, 235, 235, 4, 172, 225, 113, 112,
       81, 184, 146, 48, 136, 173, 0, 70, 235, 25, 160, 92, 182, 178, 68,
       62, 161, 163, 108, 24, 159, 107, 146, 96, 152, 152, 82, 122, 200,
       64, 11, 13, 74, 188, 151, 242, 163, 228, 49, 215, 169, 25, 74, 21,
       188, 151, 96, 122, 167, 123, 61, 16, 19, 201, 146, 229, 153, 240,
       94, 74, 138, 64, 165, 59, 21, 111, 23, 207, 158, 131, 239, 232,
       254, 130, 251, 66, 221, 242, 137, 96, 122, 237, 106, 234, 97, 227,
       207, 122, 180, 14, 239, 4, 65, 243, 35, 160, 182, 243, 69, 138,
       159, 131, 158, 200, 159, 92, 145, 247, 79, 204, 255, 143, 127, 89,
       207, 247, 42, 103, 14, 183, 184, 80, 143, 255, 151, 191, 181, 245,
       90, 18, 134, 181, 131, 34, 60, 23, 60, 255, 82, 247, 141, 39, 66,
       203, 39, 71, 237, 149, 20, 217, 133, 192, 216, 99, 254, 195, 174,
       116, 173, 91, 152, 178, 244, 91, 163, 187, 117, 31, 54, 31, 103,
       176, 251, 231, 138, 220, 55, 26, 173, 24, 26, 220, 107, 21, 206,
       235, 116, 197, 178, 196, 204, 225, 240, 5, 31, 236, 29, 70, 71,
       104, 196, 0, 238, 2, 83, 115, 32, 81, 120, 228, 40, 234, 120, 163,
       17, 29, 241, 235, 192, 17, 48, 58, 116, 34, 124, 180, 189, 114,
       137, 109, 81, 155, 246, 247, 173, 25, 214, 189, 72, 59, 129, 86,
       105, 16, 58, 101, 251, 18, 203, 219, 85, 125, 192, 105, 198, 98,
       108, 180, 156, 240, 137, 109, 85, 159, 179, 191, 173, 24, 214,
       243, 74, 58, 129, 214, 105, 24, 58, 102, 251, 19, 219, 223, 85,
       125, 208, 72, 206, 2, 54, 109, 83, 238, 157, 83, 206, 232, 125,
       130, 249, 3, 202, 234, 13, 197, 248, 229, 238, 227, 108, 227, 219,
       238, 177, 246, 143, 31, 65, 119, 111, 134, 182, 101, 204, 175,
       221, 7, 255, 232, 63, 166, 249, 3, 202, 123, 15, 85, 249, 205,
       223, 226, 108, 231, 89, 254, 191, 246, 207, 63, 145, 119, 119,
       194, 120, 169, 184, 122, 217, 221, 87, 207, 211, 21, 172, 9, 51,
       251, 66, 18, 201, 250, 201, 80, 30, 107, 218, 49, 251, 221, 21,
       121, 210, 88, 206, 138, 190, 111, 108, 237, 174, 19, 222, 232,
       150, 190, 145, 163, 75, 76, 223, 139, 255, 213, 223, 231, 236,
       103, 111, 154, 186, 203, 239, 181, 117, 127, 116, 195, 245, 149,
       76, 72, 221, 23, 70, 168, 87, 160, 174, 14, 66, 112, 31, 245, 89,
       196, 106, 122, 253, 99, 93, 30, 59, 47, 133, 127, 249, 186, 216,
       4, 215, 76, 239, 151, 150, 114, 239, 182, 116, 87, 95, 146, 241,
       108, 155, 107, 107, 230, 59, 143, 181, 220, 45, 234, 124, 47, 254,
       128, 165, 245, 245, 116, 39, 170, 236, 19, 236, 191, 236, 166,
       218, 251, 116, 93, 192, 40, 214, 171, 201, 110, 114, 31, 182, 254,
       220, 51, 14, 31, 245, 228, 221, 125, 218, 140, 199, 234, 207, 183,
       178, 128, 47, 140, 190, 211, 19, 247, 253, 238, 219, 107, 39, 101,
       125, 223, 167, 196, 175, 225, 172, 38, 255, 192, 172, 183, 169,
       85, 2, 202, 146, 155, 115, 177, 186, 198, 30, 13, 88, 183, 172,
       202, 166, 68, 255, 43, 131, 133, 38, 152, 10, 247, 44, 22, 155,
