%YAML:1.0
---
descriptors: !!opencv-matrix
   rows: 214
   cols: 32
   dt: u
   data: [ 189, 111, 107, 207, 116, 139, 107, 248, 85, 232, 253, 230, 83,
       65, 185, 116, 94, 236, 22, 238, 235, 178, 109, 191, 126, 141, 165,
       132, 127, 187, 112, 177, 210, 160, 174, 176, 11, 121, 88, 79, 187,
       55, 132, 26, 15, 146, 82, 186, 161, 151, 253, 145, 62, 79, 166,
       113, 155, 99, 219, 59, 161, 64, 175, 38, 121, 251, 59, 227, 228,
       143, 119, 246, 110, 232, 254, 78, 63, 219, 97, 112, 254, 239, 119,
       94, 195, 187, 187, 243, 255, 205, 39, 40, 104, 27, 195, 187, 95,
       239, 42, 174, 61, 157, 118, 232, 255, 172, 190, 15, 238, 232, 126,
       80, 251, 237, 238, 231, 238, 43, 239, 255, 254, 253, 7, 63, 86,
       63, 104, 78, 137, 158, 252, 253, 174, 188, 125, 190, 255, 215, 86,
       86, 191, 162, 246, 111, 103, 110, 126, 28, 183, 252, 183, 211,
       142, 251, 119, 192, 190, 252, 201, 221, 90, 185, 151, 190, 203,
       201, 54, 255, 191, 187, 90, 122, 236, 247, 224, 206, 111, 255,
       239, 0, 19, 123, 155, 243, 189, 246, 95, 234, 183, 92, 165, 171,
       143, 190, 254, 217, 172, 185, 125, 159, 255, 223, 182, 245, 171,
       234, 222, 127, 207, 227, 238, 156, 190, 109, 239, 241, 206, 219,
       247, 193, 206, 212, 237, 93, 135, 166, 231, 87, 236, 123, 236,
       255, 127, 243, 247, 210, 200, 110, 156, 189, 127, 206, 118, 140,
       181, 254, 111, 243, 31, 62, 215, 196, 207, 248, 234, 180, 229, 44,
       149, 49, 173, 237, 69, 131, 251, 251, 32, 24, 158, 49, 65, 191,
       129, 98, 104, 16, 53, 116, 251, 34, 141, 218, 85, 118, 192, 121,
       199, 98, 172, 189, 56, 91, 217, 253, 23, 186, 91, 55, 45, 28, 254,
       245, 75, 21, 149, 122, 192, 2, 98, 124, 122, 191, 111, 219, 69,
       59, 82, 89, 198, 250, 88, 184, 247, 112, 11, 217, 49, 230, 163,
       23, 166, 40, 43, 191, 68, 183, 35, 242, 236, 0, 18, 109, 162, 53,
       219, 211, 85, 123, 227, 0, 7, 43, 73, 209, 85, 107, 116, 159, 126,
       189, 125, 72, 118, 76, 255, 89, 157, 244, 54, 172, 126, 110, 229,
       176, 121, 255, 231, 253, 37, 4, 74, 154, 202, 13, 3, 221, 99, 223,
       116, 199, 239, 246, 85, 72, 94, 102, 48, 247, 180, 100, 126, 250,
       23, 204, 195, 152, 53, 255, 36, 62, 174, 192, 63, 154, 240, 253,
       92, 221, 248, 238, 188, 94, 95, 189, 23, 236, 189, 169, 223, 127,
       27, 112, 86, 213, 253, 230, 200, 65, 249, 188, 251, 239, 229, 189,
       118, 186, 204, 83, 45, 243, 104, 11, 95, 25, 146, 200, 87, 100,
       245, 175, 99, 200, 223, 128, 90, 200, 134, 247, 206, 50, 206, 183,
       110, 77, 37, 191, 127, 63, 90, 197, 45, 103, 40, 5, 116, 31, 231,
       184, 109, 236, 126, 76, 203, 40, 159, 148, 180, 76, 68, 111, 196,
       176, 109, 12, 102, 125, 37, 132, 78, 191, 90, 197, 69, 176, 185,
       16, 172, 205, 225, 135, 234, 249, 134, 8, 150, 144, 214, 46, 129,
       92, 120, 25, 131, 105, 255, 68, 153, 24, 21, 126, 192, 8, 87, 101,
       253, 85, 253, 71, 164, 78, 71, 156, 97, 236, 183, 108, 83, 21,
       217, 119, 22, 212, 124, 250, 233, 180, 253, 42, 251, 233, 37, 20,
       238, 243, 82, 113, 126, 115, 232, 10, 205, 85, 223, 200, 135, 244,
       181, 143, 74, 204, 95, 25, 220, 209, 255, 247, 206, 99, 255, 144,
       91, 89, 141, 191, 215, 191, 94, 86, 144, 157, 63, 244, 54, 207,
       53, 54, 252, 72, 86, 2, 183, 191, 32, 97, 162, 51, 28, 73, 97,
       169, 48, 47, 233, 227, 50, 2, 32, 24, 37, 107, 134, 182, 178, 155,
       239, 235, 176, 201, 30, 63, 89, 179, 204, 252, 238, 8, 191, 27,
       167, 49, 54, 84, 10, 210, 28, 22, 127, 239, 148, 78, 157, 195,
       169, 136, 53, 117, 5, 239, 97, 35, 127, 243, 103, 16, 218, 49, 16,
       253, 217, 14, 120, 8, 41, 252, 249, 31, 207, 251, 81, 4, 74, 8,
       82, 42, 105, 18, 88, 165, 36, 13, 120, 50, 169, 8, 126, 109, 159,
       43, 2, 146, 142, 196, 236, 100, 76, 112, 209, 4, 230, 249, 96,
       145, 74, 168, 74, 19, 125, 99, 104, 6, 173, 95, 94, 248, 65, 244,
       189, 143, 67, 76, 223, 151, 88, 196, 196, 102, 204, 98, 236, 136,
       178, 89, 197, 61, 119, 255, 94, 84, 38, 34, 166, 158, 123, 211,
       186, 104, 159, 164, 211, 163, 204, 206, 106, 67, 254, 253, 235,
       227, 4, 67, 203, 220, 158, 18, 207, 191, 20, 46, 45, 214, 97, 253,
       123, 236, 244, 205, 127, 247, 63, 67, 252, 110, 191, 255, 96, 48,
       223, 251, 23, 193, 203, 58, 242, 255, 255, 221, 182, 168, 125,
       154, 226, 187, 48, 227, 88, 99, 82, 143, 86, 252, 36, 168, 232,
       105, 19, 83, 10, 16, 28, 200, 70, 106, 88, 186, 73, 61, 254, 141,
       37, 117, 105, 154, 202, 131, 72, 152, 23, 250, 11, 224, 49, 167,
       174, 17, 136, 48, 188, 247, 96, 82, 163, 51, 233, 144, 19, 73,
       146, 117, 217, 179, 90, 123, 144, 64, 167, 58, 199, 190, 239, 185,
       172, 249, 249, 159, 255, 255, 180, 253, 175, 236, 246, 91, 199,
       99, 255, 21, 183, 109, 238, 243, 222, 91, 127, 255, 220, 204, 199,
       213, 74, 190, 239, 184, 172, 233, 249, 219, 191, 95, 152, 181,
       175, 239, 214, 90, 207, 59, 255, 17, 187, 107, 234, 243, 222, 247,
       255, 251, 148, 196, 119, 123, 195, 186, 239, 217, 172, 189, 253,
       150, 255, 223, 182, 213, 191, 174, 214, 123, 231, 227, 127, 28,
       183, 109, 247, 243, 222, 91, 247, 216, 206, 196, 197, 125, 41,
       255, 91, 237, 246, 141, 119, 246, 118, 105, 252, 78, 183, 251, 80,
       112, 255, 251, 22, 76, 203, 186, 240, 123, 253, 205, 38, 168, 121,
       218, 227, 187, 61, 239, 107, 237, 116, 143, 239, 240, 117, 104,
       254, 102, 115, 65, 177, 48, 124, 234, 22, 110, 233, 186, 105, 189,
       244, 137, 167, 128, 127, 187, 112, 185, 255, 105, 100, 222, 205,
       21, 236, 205, 255, 144, 181, 10, 251, 218, 93, 187, 234, 235, 255,
       235, 205, 99, 223, 240, 183, 217, 207, 61, 95, 124, 234, 132, 172,
       188, 189, 91, 201, 253, 181, 159, 218, 55, 44, 24, 254, 245, 69,
       63, 133, 114, 226, 16, 179, 108, 250, 115, 111, 159, 85, 122, 210,
       88, 199, 242, 189, 95, 109, 207, 52, 15, 111, 248, 85, 232, 247,
       230, 211, 65, 157, 117, 124, 228, 94, 238, 233, 181, 109, 191,
       230, 171, 229, 148, 127, 187, 112, 177, 146, 157, 150, 190, 189,
       206, 254, 103, 61, 74, 250, 19, 238, 250, 54, 199, 248, 231, 255,
       129, 125, 251, 209, 239, 177, 246, 222, 131, 73, 100, 235, 143,
       87, 252, 228, 151, 195, 159, 191, 184, 63, 247, 70, 143, 237, 230,
       206, 117, 55, 111, 249, 255, 245, 216, 255, 255, 190, 118, 79,
       102, 174, 246, 143, 84, 254, 70, 235, 236, 45, 91, 94, 236, 61,
       134, 255, 137, 203, 239, 25, 80, 250, 253, 239, 227, 104, 183,
       233, 202, 247, 255, 239, 159, 103, 247, 102, 226, 109, 149, 85,
       67, 209, 111, 66, 184, 101, 240, 43, 92, 218, 112, 200, 183, 17,
       196, 108, 122, 189, 112, 125, 30, 109, 158, 5, 116, 234, 235, 202,
       37, 208, 13, 126, 118, 130, 136, 181, 103, 188, 134, 242, 177,
       103, 238, 38, 19, 162, 51, 109, 1, 116, 239, 34, 46, 241, 163,
       122, 27, 97, 96, 167, 75, 244, 132, 189, 126, 138, 104, 21, 168,
       162, 63, 165, 56, 87, 119, 73, 123, 1, 214, 108, 2, 58, 71, 235,
       17, 217, 227, 117, 125, 240, 113, 135, 99, 202, 189, 219, 248,
       249, 201, 125, 247, 191, 89, 188, 188, 191, 255, 96, 112, 239,
       187, 255, 17, 123, 75, 242, 215, 255, 215, 190, 251, 156, 72, 135,
       59, 131, 188, 255, 221, 172, 254, 125, 183, 255, 219, 246, 213,
       187, 190, 214, 123, 231, 175, 126, 28, 183, 252, 247, 211, 207,
       123, 118, 192, 142, 220, 193, 253, 56, 172, 158, 62, 203, 235, 20,
       239, 179, 55, 229, 153, 110, 231, 34, 27, 7, 251, 235, 0, 116, 79,
       218, 50, 251, 199, 85, 123, 242, 112, 142, 218, 189, 124, 237, 71,
       210, 87, 223, 188, 83, 230, 245, 174, 91, 125, 159, 53, 95, 220,
       149, 238, 237, 246, 125, 190, 123, 79, 101, 181, 127, 255, 222,
       241, 254, 117, 105, 102, 219, 87, 95, 248, 19, 226, 157, 139, 89,
       125, 95, 52, 157, 221, 213, 239, 233, 7, 124, 190, 123, 221, 141,
       191, 55, 247, 86, 118, 245, 70, 111, 79, 108, 11, 111, 56, 117,
