%YAML:1.0
---
descriptors: !!opencv-matrix
   rows: 161
   cols: 32
   dt: u
   data: [ 44, 103, 148, 103, 253, 15, 86, 220, 127, 172, 124, 72, 207,
       105, 17, 144, 152, 192, 204, 106, 140, 114, 73, 186, 231, 223,
       101, 53, 202, 255, 74, 131, 120, 249, 58, 120, 219, 205, 81, 254,
       163, 29, 172, 25, 62, 147, 64, 16, 167, 155, 197, 16, 74, 43, 146,
       53, 251, 221, 48, 127, 98, 0, 166, 139, 60, 113, 48, 226, 29, 221,
       82, 72, 203, 161, 181, 8, 30, 217, 77, 54, 136, 153, 213, 81, 10,
       35, 218, 144, 251, 217, 5, 127, 227, 27, 70, 130, 193, 180, 151,
       241, 225, 44, 48, 159, 58, 187, 2, 84, 156, 179, 72, 123, 165, 95,
       124, 24, 51, 92, 147, 66, 205, 243, 127, 238, 136, 64, 163, 59,
       255, 230, 232, 199, 86, 18, 207, 120, 81, 238, 255, 238, 123, 108,
       150, 164, 125, 196, 22, 238, 237, 247, 237, 174, 58, 111, 165,
       180, 111, 255, 122, 85, 192, 20, 253, 229, 36, 46, 105, 19, 120,
       174, 118, 64, 183, 51, 129, 123, 70, 180, 61, 40, 161, 156, 241,
       74, 199, 251, 114, 128, 224, 224, 70, 41, 108, 180, 185, 99, 208,
       237, 115, 248, 58, 121, 45, 24, 222, 119, 72, 48, 149, 95, 85, 90,
       19, 80, 249, 118, 207, 223, 53, 116, 200, 131, 135, 243, 240, 186,
       158, 120, 232, 173, 81, 87, 171, 31, 176, 25, 151, 155, 64, 27,
       165, 179, 76, 16, 26, 111, 130, 17, 219, 217, 116, 122, 192, 0,
       199, 3, 238, 171, 168, 155, 45, 157, 217, 152, 142, 61, 149, 141,
       170, 204, 94, 3, 205, 98, 255, 29, 206, 106, 206, 181, 206, 89,
       189, 249, 22, 142, 92, 78, 9, 158, 58, 117, 116, 188, 233, 55,
       237, 77, 126, 116, 187, 41, 182, 100, 134, 42, 22, 12, 177, 184,
       32, 175, 78, 255, 50, 192, 78, 200, 208, 249, 158, 192, 103, 154,
       183, 83, 186, 232, 157, 94, 211, 179, 77, 222, 63, 207, 255, 209,
       223, 247, 238, 199, 46, 247, 179, 122, 207, 215, 23, 63, 181, 245,
       87, 68, 237, 85, 142, 50, 173, 154, 82, 242, 159, 246, 80, 108,
       223, 111, 127, 196, 122, 191, 173, 116, 255, 200, 28, 42, 255,
       148, 189, 255, 240, 244, 134, 4, 174, 149, 199, 118, 189, 3, 189,
       247, 199, 147, 200, 62, 63, 75, 239, 87, 187, 165, 52, 212, 113,
       192, 79, 50, 223, 135, 133, 101, 181, 214, 44, 113, 25, 231, 116,
       79, 87, 56, 61, 168, 119, 9, 87, 87, 9, 16, 144, 92, 85, 106, 73,
       240, 89, 46, 231, 221, 33, 52, 72, 187, 70, 178, 60, 241, 25, 226,
       57, 205, 83, 200, 143, 49, 161, 9, 159, 159, 72, 16, 200, 145,
       237, 80, 26, 35, 122, 148, 219, 209, 1, 127, 210, 139, 70, 98, 60,
       109, 121, 100, 116, 75, 199, 250, 64, 164, 124, 10, 19, 57, 149,
       48, 90, 200, 23, 106, 200, 178, 100, 14, 119, 141, 37, 36, 103,
       251, 86, 160, 173, 76, 252, 245, 229, 63, 77, 154, 81, 178, 124,
       26, 91, 41, 17, 59, 221, 204, 23, 46, 168, 246, 121, 138, 79, 219,
       213, 52, 227, 249, 82, 162, 49, 15, 74, 237, 20, 11, 239, 125,
       116, 96, 250, 198, 115, 40, 178, 96, 122, 206, 22, 238, 205, 185,
       69, 15, 240, 175, 166, 128, 125, 170, 112, 136, 41, 172, 27, 101,
       80, 239, 99, 183, 100, 3, 110, 8, 247, 49, 16, 48, 177, 38, 98,
       28, 17, 184, 49, 63, 111, 175, 32, 64, 200, 194, 194, 170, 88,
       184, 155, 176, 168, 173, 17, 87, 170, 27, 160, 93, 183, 147, 64,
       91, 167, 179, 76, 16, 26, 79, 146, 49, 217, 193, 118, 120, 200,
       64, 131, 11, 61, 109, 121, 104, 220, 79, 71, 220, 66, 168, 188, 8,
       19, 209, 81, 48, 88, 200, 6, 122, 75, 50, 120, 58, 123, 205, 37,
       60, 113, 251, 70, 170, 193, 184, 158, 16, 138, 172, 33, 23, 254,
       91, 162, 92, 182, 210, 192, 127, 163, 23, 104, 24, 51, 77, 146,
       81, 152, 186, 87, 122, 200, 64, 139, 21, 59, 79, 239, 70, 118, 19,
       207, 120, 83, 238, 246, 174, 99, 108, 158, 164, 123, 236, 182,
       238, 236, 242, 237, 174, 122, 111, 229, 149, 103, 175, 122, 197,
       48, 141, 26, 170, 149, 183, 146, 235, 159, 1, 201, 3, 100, 232,
       40, 64, 217, 58, 2, 17, 30, 170, 88, 191, 171, 150, 130, 75, 145,
       74, 184, 134, 94, 86, 236, 167, 174, 123, 222, 152, 7, 246, 151,
       175, 207, 46, 219, 203, 223, 197, 253, 167, 236, 69, 239, 130,
       242, 211, 239, 181, 173, 255, 29, 83, 134, 140, 174, 183, 231,
       106, 189, 167, 60, 183, 90, 147, 140, 46, 86, 75, 227, 71, 179,
       149, 52, 216, 33, 226, 77, 51, 222, 199, 132, 92, 149, 202, 239,
       69, 229, 199, 142, 114, 175, 184, 82, 242, 151, 214, 217, 108,
       215, 239, 95, 196, 126, 255, 169, 101, 239, 202, 76, 46, 239, 180,
       167, 255, 80, 116, 49, 205, 43, 142, 29, 199, 194, 230, 198, 64,
       200, 66, 50, 208, 53, 224, 200, 170, 26, 201, 207, 171, 50, 61,
       49, 44, 130, 8, 25, 11, 112, 172, 182, 251, 99, 154, 254, 193,
       191, 216, 159, 28, 209, 255, 76, 205, 255, 132, 127, 217, 135,
       247, 2, 99, 46, 245, 184, 16, 175, 255, 247, 191, 181, 245, 100,
       101, 29, 103, 56, 79, 71, 56, 106, 168, 173, 72, 215, 83, 73, 48,
       144, 84, 76, 106, 73, 112, 201, 28, 231, 157, 37, 52, 64, 179, 70,
       35, 26, 157, 59, 254, 219, 240, 49, 103, 189, 65, 236, 50, 60,
       255, 38, 117, 230, 187, 147, 128, 87, 11, 50, 245, 147, 245, 26,
       75, 59, 0, 167, 254, 72, 28, 158, 245, 160, 236, 121, 23, 168,
       139, 126, 80, 191, 55, 0, 90, 166, 55, 125, 24, 16, 152, 176, 72,
       199, 255, 114, 128, 128, 192, 199, 59, 216, 201, 79, 239, 134, 10,
       79, 37, 100, 0, 226, 2, 115, 99, 48, 115, 112, 228, 40, 234, 104,
       145, 69, 45, 241, 235, 198, 0, 33, 186, 244, 32, 208, 152, 157,
       191, 138, 96, 21, 142, 54, 23, 192, 177, 245, 119, 40, 91, 99,
       211, 61, 128, 26, 206, 75, 33, 201, 163, 126, 77, 177, 80, 165,
       122, 121, 180, 229, 117, 149, 90, 85, 191, 83, 247, 54, 58, 91,
       125, 158, 181, 25, 198, 181, 57, 189, 248, 125, 142, 107, 127, 85,
       87, 231, 236, 220, 126, 77, 124, 189, 243, 176, 110, 115, 148, 58,
       233, 54, 84, 223, 119, 65, 122, 149, 125, 125, 90, 177, 212, 249,
       98, 207, 255, 103, 196, 136, 243, 163, 51, 45, 189, 236, 117, 229,
       127, 241, 187, 83, 251, 87, 22, 91, 61, 94, 47, 145, 70, 49, 28,
       177, 248, 251, 128, 79, 223, 85, 68, 239, 237, 208, 242, 37, 71,
       69, 78, 93, 31, 70, 120, 71, 200, 249, 76, 227, 97, 157, 180, 88,
       232, 78, 110, 233, 162, 79, 61, 34, 126, 1, 24, 91, 191, 122, 164,
       86, 178, 180, 168, 171, 96, 29, 139, 171, 255, 153, 189, 207, 238,
       78, 206, 199, 215, 253, 181, 158, 71, 235, 210, 152, 243, 207,
       255, 132, 101, 165, 87, 101, 40, 233, 77, 220, 13, 227, 136, 66,
       160, 224, 8, 211, 56, 85, 114, 217, 204, 106, 122, 12, 114, 253,
       8, 125, 172, 197, 52, 193, 107, 82, 130, 149, 69, 44, 169, 52, 15,
       75, 56, 116, 106, 154, 64, 215, 121, 16, 97, 20, 132, 93, 239,
       233, 160, 89, 31, 225, 143, 163, 84, 120, 186, 81, 32, 248, 77,
       120, 76, 61, 217, 67, 188, 197, 12, 188, 40, 51, 21, 167, 116, 72,
       176, 204, 106, 72, 43, 97, 189, 243, 249, 32, 25, 115, 155, 84,
       107, 123, 47, 200, 132, 205, 61, 238, 106, 128, 166, 172, 143, 98,
       40, 87, 146, 77, 230, 227, 239, 252, 107, 220, 46, 126, 5, 141,
       61, 73, 126, 90, 220, 72, 169, 145, 180, 184, 44, 104, 159, 171,
       25, 10, 121, 191, 179, 64, 90, 135, 215, 109, 17, 27, 73, 131, 67,
       204, 245, 126, 220, 136, 224, 131, 1, 223, 86, 212, 71, 178, 62,
       110, 17, 121, 235, 63, 244, 75, 98, 159, 255, 55, 196, 252, 188,
       181, 212, 237, 202, 174, 255, 101, 134, 174, 247, 200, 85, 40,
       188, 19, 250, 89, 205, 49, 247, 187, 17, 232, 8, 190, 151, 96, 16,
       133, 59, 66, 0, 3, 91, 210, 119, 213, 148, 18, 42, 24, 0, 39, 187,
       149, 71, 110, 39, 52, 26, 239, 56, 124, 236, 255, 229, 211, 104,
       155, 98, 126, 196, 125, 111, 237, 240, 109, 14, 230, 239, 231,
       149, 109, 251, 89, 81, 108, 115, 56, 97, 32, 15, 119, 152, 40,
       172, 52, 13, 215, 3, 75, 18, 148, 68, 77, 126, 200, 96, 249, 8,
       231, 249, 37, 21, 64, 177, 78, 115, 93, 115, 172, 167, 44, 30, 94,
