%YAML:1.0
---
descriptors: !!opencv-matrix
   rows: 348
   cols: 32
   dt: u
   data: [ 92, 190, 156, 246, 168, 108, 93, 159, 178, 255, 164, 157, 255,
       247, 74, 91, 135, 215, 253, 20, 58, 79, 250, 35, 251, 231, 117,
       252, 170, 240, 134, 123, 140, 14, 150, 191, 184, 171, 68, 130,
       158, 155, 67, 81, 231, 227, 41, 201, 211, 107, 46, 30, 54, 196,
       74, 63, 138, 243, 117, 24, 154, 249, 9, 128, 73, 185, 155, 116,
       153, 221, 117, 55, 235, 193, 38, 8, 190, 183, 64, 240, 128, 54,
       248, 24, 83, 9, 178, 19, 207, 223, 20, 91, 202, 0, 203, 58, 252,
       180, 190, 114, 137, 236, 85, 207, 179, 191, 165, 24, 94, 247, 72,
       27, 161, 246, 236, 16, 58, 103, 186, 34, 219, 227, 85, 127, 194,
       80, 199, 34, 248, 73, 63, 254, 13, 66, 87, 108, 165, 134, 166, 8,
       99, 243, 33, 83, 200, 244, 237, 98, 72, 135, 42, 45, 243, 227,
       196, 25, 50, 58, 116, 42, 120, 221, 29, 108, 184, 205, 87, 191,
       196, 60, 172, 8, 247, 55, 0, 115, 64, 18, 108, 104, 123, 41, 115,
       61, 233, 225, 100, 89, 48, 152, 196, 42, 8, 203, 24, 255, 60, 141,
       19, 182, 198, 12, 76, 0, 183, 193, 161, 64, 192, 106, 2, 72, 66,
       168, 66, 61, 229, 165, 50, 8, 16, 154, 1, 169, 141, 173, 145, 123,
       180, 207, 71, 184, 86, 121, 120, 112, 215, 115, 200, 228, 21, 74,
       38, 94, 251, 120, 107, 55, 172, 223, 53, 116, 152, 155, 192, 33,
       77, 117, 17, 69, 112, 14, 118, 184, 109, 232, 111, 68, 222, 115,
       137, 244, 182, 92, 92, 106, 193, 144, 217, 76, 165, 252, 37, 6,
       74, 179, 3, 49, 10, 189, 182, 217, 251, 249, 180, 231, 191, 85,
       108, 57, 172, 190, 102, 228, 163, 59, 251, 17, 54, 88, 50, 247,
       63, 86, 94, 107, 146, 76, 141, 222, 170, 223, 54, 154, 95, 213,
       190, 230, 159, 21, 220, 131, 44, 252, 38, 132, 239, 251, 131, 193,
       102, 43, 18, 255, 63, 87, 158, 123, 87, 28, 189, 223, 202, 157,
       182, 220, 253, 213, 180, 231, 159, 85, 108, 17, 172, 254, 38, 229,
       201, 123, 251, 1, 118, 79, 242, 247, 63, 127, 158, 75, 18, 92,
       237, 222, 2, 252, 190, 245, 253, 255, 191, 230, 159, 254, 254, 35,
       172, 254, 55, 33, 239, 255, 255, 199, 228, 249, 42, 254, 127, 95,
       223, 147, 199, 125, 239, 223, 210, 172, 150, 184, 205, 228, 252,
       239, 191, 19, 250, 27, 44, 250, 100, 91, 233, 243, 111, 145, 62,
       95, 146, 243, 157, 190, 222, 123, 209, 88, 227, 142, 216, 186, 27,
       248, 43, 220, 81, 23, 165, 93, 182, 56, 191, 151, 192, 245, 166,
       183, 253, 0, 91, 77, 178, 49, 211, 241, 114, 155, 34, 128, 167,
       123, 216, 172, 255, 243, 168, 233, 125, 207, 191, 247, 178, 144,
       191, 255, 66, 59, 175, 247, 127, 145, 58, 109, 235, 243, 223, 255,
       119, 247, 198, 192, 167, 105, 89, 141, 253, 247, 189, 249, 85,
       175, 255, 247, 190, 24, 255, 247, 66, 242, 163, 255, 254, 24, 59,
       233, 251, 183, 255, 223, 85, 119, 198, 88, 133, 123, 109, 253, 61,
       239, 189, 223, 79, 191, 239, 232, 254, 12, 255, 255, 86, 246, 217,
       230, 252, 110, 95, 107, 251, 175, 255, 255, 135, 48, 74, 250, 238,
       120, 146, 78, 78, 188, 43, 128, 190, 98, 141, 14, 210, 167, 45,
       143, 182, 67, 238, 227, 191, 199, 108, 143, 2, 253, 146, 115, 250,
       139, 53, 37, 61, 223, 131, 172, 138, 153, 210, 224, 172, 71, 62,
       91, 90, 179, 172, 162, 38, 73, 235, 43, 51, 149, 54, 222, 134,
       227, 28, 54, 254, 195, 133, 64, 171, 207, 88, 94, 159, 244, 2,
       226, 54, 98, 164, 142, 210, 163, 45, 239, 33, 203, 230, 245, 237,
       195, 64, 197, 2, 232, 211, 227, 106, 147, 32, 113, 37, 91, 238,
       175, 244, 86, 237, 217, 252, 239, 251, 247, 189, 26, 238, 238, 95,
       191, 171, 215, 238, 147, 246, 111, 239, 243, 191, 255, 87, 63,
       199, 116, 239, 238, 166, 252, 164, 187, 141, 251, 182, 238, 159,
       243, 152, 19, 236, 252, 94, 107, 201, 75, 251, 83, 54, 77, 251,
       243, 173, 86, 223, 127, 148, 125, 149, 214, 215, 198, 239, 31, 34,
       18, 175, 189, 56, 214, 87, 246, 253, 102, 154, 127, 55, 199, 125,
       175, 225, 212, 173, 107, 100, 43, 254, 128, 37, 243, 177, 109,
       190, 149, 215, 159, 223, 99, 190, 239, 31, 163, 240, 187, 104,
       254, 172, 221, 123, 255, 163, 163, 112, 255, 77, 254, 60, 118,
       223, 151, 183, 125, 229, 167, 55, 39, 238, 159, 253, 47, 238, 255,
       125, 143, 251, 95, 206, 106, 31, 25, 253, 207, 119, 175, 252, 243,
       91, 238, 191, 254, 223, 142, 193, 127, 234, 197, 124, 125, 233,
       102, 157, 86, 223, 184, 81, 230, 190, 10, 91, 125, 85, 35, 217,
       246, 253, 235, 232, 99, 249, 174, 123, 255, 197, 61, 231, 255, 86,
       98, 66, 157, 190, 158, 253, 221, 182, 230, 190, 29, 219, 9, 172,
       252, 38, 192, 233, 123, 235, 67, 70, 185, 26, 247, 61, 54, 94, 11,
       16, 95, 173, 207, 254, 117, 233, 102, 221, 87, 95, 248, 65, 230,
       157, 139, 91, 125, 95, 54, 29, 212, 213, 239, 236, 71, 253, 170,
       123, 93, 133, 191, 103, 255, 86, 118, 86, 177, 149, 194, 155, 69,
       6, 169, 139, 177, 137, 74, 212, 247, 73, 38, 5, 215, 121, 241, 27,
       75, 219, 240, 185, 148, 143, 126, 136, 35, 131, 50, 239, 252, 253,
       247, 253, 127, 255, 252, 127, 251, 255, 58, 255, 255, 221, 59,
       255, 255, 255, 219, 249, 255, 251, 251, 255, 255, 255, 182, 199,
       247, 231, 251, 19, 95, 79, 238, 54, 131, 111, 112, 117, 192, 218,
       230, 115, 235, 176, 96, 126, 236, 31, 238, 233, 179, 45, 253, 240,
       236, 175, 128, 61, 186, 113, 177, 167, 117, 83, 205, 253, 62, 238,
       248, 61, 170, 254, 80, 200, 115, 157, 244, 90, 220, 254, 234, 233,
       135, 121, 206, 183, 254, 135, 150, 79, 247, 106, 164, 34, 104, 96,
       238, 77, 85, 214, 232, 155, 180, 176, 11, 106, 221, 119, 148, 216,
       249, 243, 99, 78, 99, 218, 255, 51, 94, 129, 63, 87, 63, 126, 206,
       92, 93, 151, 239, 93, 79, 103, 248, 63, 162, 218, 74, 223, 245,
       41, 68, 114, 220, 110, 106, 105, 176, 153, 190, 245, 246, 7, 20,
       50, 251, 5, 32, 218, 156, 246, 222, 239, 235, 127, 238, 191, 191,
       255, 59, 236, 255, 46, 223, 247, 255, 255, 146, 50, 251, 171, 255,
       255, 246, 223, 203, 147, 125, 229, 123, 120, 213, 114, 109, 213,
       95, 86, 253, 101, 36, 238, 8, 75, 17, 14, 244, 248, 156, 204, 106,
       76, 179, 121, 159, 243, 249, 4, 23, 99, 190, 206, 70, 239, 252,
       255, 247, 253, 127, 255, 254, 127, 251, 254, 26, 223, 255, 93, 63,
       255, 223, 127, 251, 187, 255, 251, 250, 255, 223, 255, 252, 135,
       249, 247, 251, 252, 52, 189, 250, 60, 109, 81, 216, 179, 255, 180,
       25, 87, 255, 75, 27, 137, 209, 117, 16, 58, 71, 250, 50, 219, 203,
       117, 125, 240, 121, 70, 83, 147, 54, 237, 245, 188, 63, 255, 63,
       125, 234, 246, 247, 251, 125, 150, 37, 255, 247, 127, 175, 233,
       252, 249, 207, 238, 255, 247, 150, 111, 240, 227, 121, 124, 101,
       80, 102, 25, 11, 86, 40, 35, 164, 171, 9, 67, 67, 9, 208, 88, 204,
       232, 98, 76, 51, 201, 30, 179, 229, 5, 53, 99, 63, 78, 2, 255,
       189, 255, 239, 252, 127, 255, 248, 191, 232, 253, 251, 220, 255,
       189, 114, 255, 255, 255, 247, 177, 235, 251, 255, 255, 255, 239,
       254, 159, 255, 231, 243, 105, 251, 80, 69, 113, 31, 102, 176, 107,
       168, 254, 108, 142, 19, 129, 180, 150, 236, 204, 110, 73, 186,
       193, 111, 182, 253, 37, 178, 74, 180, 74, 45, 38, 233, 233, 2,
       223, 201, 151, 236, 155, 245, 185, 171, 64, 204, 95, 0, 155, 201,
       195, 119, 86, 99, 238, 117, 127, 20, 13, 255, 213, 31, 214, 214,
       222, 189, 255, 247, 239, 254, 255, 246, 191, 255, 255, 187, 255,
       255, 150, 115, 231, 247, 255, 195, 240, 251, 187, 239, 255, 255,
       255, 195, 167, 255, 245, 115, 223, 254, 119, 254, 237, 31, 255,
       252, 191, 234, 254, 127, 126, 255, 191, 247, 255, 247, 255, 239,
       225, 119, 187, 255, 255, 255, 231, 190, 31, 255, 225, 127, 60,
       109, 124, 237, 141, 95, 87, 188, 69, 166, 252, 10, 91, 61, 19, 49,
       88, 212, 223, 106, 104, 242, 121, 140, 247, 251, 197, 53, 115,
       250, 118, 162, 206, 221, 254, 247, 239, 107, 255, 239, 191, 190,
