%YAML:1.0
---
descriptors: !!opencv-matrix
   rows: 147
   cols: 32
   dt: u
   data: [ 186, 13, 110, 252, 75, 210, 189, 115, 149, 70, 245, 147, 57,
       239, 54, 85, 110, 177, 151, 165, 248, 143, 50, 223, 115, 235, 202,
       137, 55, 164, 164, 243, 30, 38, 234, 160, 86, 178, 233, 90, 151,
       198, 220, 135, 25, 207, 243, 140, 127, 185, 147, 189, 139, 135,
       52, 202, 82, 79, 155, 137, 175, 237, 57, 240, 139, 80, 98, 25, 39,
       151, 184, 88, 95, 76, 85, 55, 168, 200, 182, 236, 254, 41, 146,
       189, 167, 180, 54, 223, 6, 91, 139, 135, 95, 12, 121, 213, 21,
       135, 207, 229, 134, 34, 236, 219, 100, 179, 219, 230, 81, 42, 249,
       98, 127, 198, 63, 189, 153, 241, 13, 194, 220, 174, 239, 132, 173,
       234, 112, 32, 219, 149, 107, 168, 214, 34, 185, 251, 41, 115, 92,
       247, 93, 190, 190, 97, 63, 151, 151, 165, 177, 27, 164, 215, 126,
       109, 250, 230, 189, 196, 163, 241, 6, 143, 10, 139, 146, 162, 58,
       166, 12, 5, 75, 199, 204, 98, 58, 64, 215, 3, 147, 181, 22, 152,
       9, 255, 44, 38, 154, 195, 156, 87, 169, 90, 120, 40, 154, 252, 89,
       197, 209, 102, 179, 141, 180, 10, 46, 191, 32, 26, 232, 177, 207,
       128, 40, 107, 130, 79, 217, 151, 82, 59, 193, 32, 102, 170, 3,
       159, 11, 139, 244, 135, 175, 119, 28, 232, 88, 230, 180, 76, 176,
       97, 94, 43, 23, 245, 241, 184, 97, 125, 108, 16, 175, 224, 20, 10,
       177, 217, 49, 207, 74, 197, 240, 18, 110, 253, 52, 168, 254, 230,
       81, 98, 181, 112, 126, 236, 6, 234, 205, 146, 69, 14, 54, 174,
       167, 132, 45, 242, 122, 157, 252, 84, 238, 230, 100, 82, 126, 248,
       113, 230, 247, 22, 75, 107, 63, 91, 251, 196, 189, 226, 236, 247,
       189, 206, 242, 235, 231, 133, 111, 255, 114, 211, 79, 183, 245,
       66, 233, 120, 23, 153, 235, 251, 191, 124, 206, 246, 207, 191,
       135, 87, 252, 18, 159, 99, 235, 224, 158, 217, 103, 254, 206, 247,
       139, 117, 240, 96, 30, 252, 9, 205, 84, 77, 233, 18, 160, 8, 198,
       211, 40, 155, 152, 185, 236, 98, 72, 7, 210, 16, 177, 241, 69, 59,
       80, 50, 143, 2, 38, 174, 153, 91, 248, 244, 170, 206, 186, 25,
       240, 208, 161, 230, 204, 186, 221, 91, 130, 144, 183, 74, 234,
       115, 47, 221, 191, 237, 208, 81, 238, 173, 141, 95, 27, 255, 52,
       15, 111, 48, 252, 10, 115, 68, 255, 81, 145, 97, 182, 100, 94,
       110, 225, 180, 25, 15, 229, 249, 33, 128, 72, 162, 65, 33, 118,
       249, 150, 186, 25, 213, 22, 236, 175, 21, 137, 9, 174, 254, 103,
       214, 193, 251, 233, 83, 78, 75, 218, 253, 185, 212, 15, 123, 16,
       31, 47, 94, 41, 233, 19, 104, 121, 207, 67, 104, 99, 72, 228, 40,
       246, 209, 160, 180, 24, 40, 84, 120, 11, 179, 232, 29, 249, 220,
       33, 56, 82, 130, 66, 162, 77, 84, 23, 109, 32, 46, 103, 58, 125,
       202, 127, 68, 223, 83, 137, 245, 182, 116, 124, 42, 193, 180, 17,
       72, 197, 250, 97, 0, 74, 227, 65, 49, 90, 181, 57, 248, 139, 249,
       17, 75, 187, 85, 173, 56, 190, 255, 104, 120, 163, 155, 255, 16,
       27, 75, 250, 213, 219, 213, 26, 127, 210, 64, 167, 51, 222, 28,
       190, 241, 162, 250, 49, 23, 187, 247, 150, 51, 156, 63, 66, 107,
       167, 247, 253, 17, 176, 221, 177, 194, 223, 243, 127, 195, 166,
       224, 165, 83, 2, 141, 0, 153, 213, 245, 186, 171, 31, 7, 74, 19,
       140, 186, 54, 196, 217, 27, 179, 145, 54, 152, 89, 247, 45, 52,
       154, 71, 150, 77, 189, 134, 42, 116, 114, 193, 117, 247, 123, 87,
       29, 109, 125, 23, 40, 31, 38, 149, 248, 186, 147, 24, 182, 186,
       112, 223, 55, 93, 128, 227, 151, 140, 222, 223, 154, 12, 102, 157,
       71, 246, 188, 71, 157, 70, 198, 147, 40, 46, 54, 201, 236, 187,
       147, 133, 44, 159, 16, 203, 151, 115, 218, 131, 23, 92, 60, 222,
       186, 157, 32, 184, 93, 213, 208, 99, 157, 12, 196, 27, 44, 156,
       54, 193, 200, 187, 147, 129, 126, 15, 82, 223, 179, 81, 154, 123,
       18, 12, 188, 206, 170, 200, 170, 254, 77, 213, 211, 200, 151, 70,
       213, 2, 58, 220, 55, 168, 217, 40, 147, 11, 78, 39, 106, 179, 83,
       223, 155, 59, 83, 46, 124, 238, 27, 36, 226, 169, 87, 54, 248, 71,
       21, 193, 222, 151, 9, 143, 118, 172, 127, 157, 147, 189, 152, 151,
       53, 202, 91, 77, 154, 196, 167, 204, 56, 208, 250, 188, 180, 248,
       137, 244, 88, 7, 159, 95, 132, 25, 191, 191, 98, 219, 205, 179,
       253, 145, 62, 79, 210, 179, 203, 247, 222, 123, 146, 76, 172, 90,
       218, 189, 182, 182, 171, 244, 28, 231, 171, 23, 160, 25, 174, 190,
       98, 223, 167, 247, 253, 129, 126, 79, 146, 225, 155, 242, 94, 123,
       130, 68, 175, 94, 245, 114, 237, 103, 36, 111, 75, 152, 65, 238,
       183, 206, 211, 93, 219, 59, 92, 212, 125, 255, 169, 246, 249, 8,
       215, 203, 229, 148, 101, 187, 86, 113, 245, 123, 248, 228, 44, 15,
       95, 248, 64, 234, 180, 45, 87, 125, 147, 51, 158, 252, 125, 111,
       201, 231, 249, 40, 243, 169, 101, 188, 109, 187, 86, 115, 66, 154,
       174, 147, 226, 148, 56, 135, 45, 93, 78, 167, 172, 46, 7, 88, 231,
       7, 191, 149, 150, 25, 51, 228, 222, 55, 158, 195, 140, 84, 173,
       95, 247, 254, 140, 181, 136, 61, 76, 158, 186, 255, 130, 93, 231,
       232, 83, 155, 205, 230, 236, 31, 175, 79, 223, 50, 154, 243, 253,
       124, 136, 125, 26, 84, 39, 113, 241, 70, 244, 29, 207, 220, 75,
       232, 189, 74, 26, 216, 221, 180, 220, 216, 22, 74, 205, 50, 236,
       224, 55, 28, 165, 190, 79, 251, 210, 165, 39, 37, 97, 138, 252,
       161, 235, 216, 78, 73, 217, 70, 145, 200, 253, 32, 122, 8, 23,
       253, 151, 50, 124, 244, 60, 28, 170, 236, 221, 143, 112, 245, 129,
       0, 195, 65, 52, 14, 104, 16, 125, 160, 98, 68, 211, 129, 149, 124,
       24, 172, 6, 124, 137, 176, 21, 8, 134, 184, 1, 0, 72, 161, 82, 32,
       51, 209, 67, 207, 20, 135, 239, 117, 4, 73, 211, 198, 241, 71,
       184, 100, 92, 168, 31, 205, 201, 153, 101, 157, 160, 44, 170, 192,
       61, 138, 240, 120, 215, 240, 172, 55, 140, 7, 141, 173, 150, 247,
       131, 149, 209, 108, 95, 75, 205, 199, 121, 159, 253, 71, 255, 55,
       201, 42, 223, 116, 141, 117, 145, 86, 10, 204, 50, 219, 245, 211,
       190, 230, 95, 13, 94, 2, 172, 254, 54, 96, 223, 123, 151, 129,
       166, 152, 105, 255, 47, 127, 158, 195, 150, 94, 189, 223, 10, 253,
       50, 155, 245, 215, 190, 230, 31, 13, 124, 35, 172, 221, 39, 132,
       255, 123, 147, 83, 198, 186, 90, 255, 47, 93, 143, 235, 215, 95,
       253, 219, 119, 190, 172, 183, 140, 46, 222, 184, 18, 246, 143,
       141, 211, 108, 91, 42, 221, 199, 121, 231, 172, 65, 255, 40, 235,
       71, 205, 53, 140, 127, 156, 84, 81, 178, 158, 176, 40, 28, 120,
       19, 238, 27, 130, 77, 151, 130, 66, 219, 164, 133, 108, 12, 132,
       77, 147, 0, 216, 251, 115, 92, 136, 0, 11, 8, 6, 248, 162, 137,
       207, 245, 178, 206, 14, 245, 72, 3, 140, 254, 110, 0, 249, 89,
       147, 209, 22, 58, 26, 242, 13, 20, 143, 111, 145, 127, 53, 214, 6,
       129, 146, 155, 195, 225, 188, 205, 31, 23, 73, 131, 204, 214, 108,
       204, 245, 27, 179, 145, 22, 144, 10, 241, 13, 22, 158, 111, 144,
       87, 165, 150, 225, 8, 172, 53, 140, 62, 204, 46, 150, 247, 134,
       157, 243, 108, 82, 75, 205, 231, 121, 133, 173, 77, 255, 40, 204,
       99, 253, 17, 140, 125, 216, 88, 87, 33, 172, 165, 140, 38, 159,
       184, 6, 245, 143, 143, 241, 108, 91, 66, 28, 199, 121, 213, 157,
       65, 255, 0, 201, 39, 207, 20, 141, 111, 57, 80, 215, 122, 173,
       165, 136, 5, 29, 139, 10, 246, 128, 141, 211, 172, 87, 11, 133,
       69, 125, 181, 204, 67, 247, 0, 233, 67, 239, 189, 140, 116, 151,
       80, 87, 255, 172, 167, 172, 5, 95, 184, 2, 246, 137, 141, 211,
       236, 91, 10, 221, 197, 125, 247, 206, 67, 255, 48, 232, 71, 239,
       189, 156, 119, 158, 82, 190, 117, 119, 75, 242, 7, 239, 248, 61,
       142, 124, 166, 89, 87, 173, 21, 127, 217, 23, 254, 225, 144, 57,
       254, 109, 158, 167, 132, 119, 243, 230, 241, 220, 84, 190, 182,
       40, 126, 90, 152, 186, 246, 131, 25, 223, 255, 75, 91, 183, 213,
       125, 99, 44, 69, 187, 34, 211, 227, 107, 21, 160, 115, 15, 82,
