%YAML:1.0
---
descriptors: !!opencv-matrix
   rows: 157
   cols: 32
   dt: u
   data: [ 74, 249, 31, 252, 43, 200, 61, 230, 190, 95, 70, 177, 188,
       183, 32, 113, 167, 123, 255, 128, 66, 217, 178, 117, 237, 243,
       126, 139, 0, 80, 167, 123, 168, 205, 124, 254, 236, 201, 87, 255,
       85, 14, 124, 42, 51, 125, 163, 65, 72, 250, 135, 106, 96, 58, 98,
       191, 119, 235, 116, 9, 119, 216, 212, 171, 43, 190, 242, 155, 245,
       181, 184, 87, 95, 75, 124, 245, 172, 174, 254, 172, 159, 43, 151,
       149, 182, 190, 4, 247, 14, 95, 58, 235, 223, 196, 203, 221, 94,
       250, 246, 82, 235, 56, 188, 136, 187, 191, 147, 191, 76, 174, 79,
       223, 167, 215, 239, 147, 22, 87, 139, 240, 158, 83, 223, 247, 167,
       117, 143, 87, 42, 168, 188, 251, 253, 221, 184, 231, 159, 63, 213,
       25, 172, 255, 118, 65, 201, 59, 251, 145, 54, 110, 250, 247, 207,
       223, 222, 123, 208, 8, 141, 218, 88, 188, 150, 242, 131, 252, 52,
       199, 171, 25, 46, 0, 46, 247, 98, 251, 163, 115, 249, 16, 23, 201,
       178, 225, 155, 243, 94, 75, 130, 68, 175, 27, 57, 121, 123, 102,
       117, 220, 211, 116, 193, 204, 188, 10, 59, 221, 215, 160, 168,
       248, 212, 74, 201, 171, 178, 173, 115, 205, 37, 57, 99, 26, 102,
       251, 61, 89, 107, 102, 84, 223, 251, 112, 68, 232, 95, 14, 83,
       156, 183, 32, 184, 236, 86, 111, 205, 177, 52, 60, 115, 13, 33,
       48, 109, 187, 90, 242, 87, 49, 43, 232, 21, 196, 91, 88, 169, 72,
       213, 11, 95, 223, 58, 112, 252, 185, 93, 237, 201, 131, 50, 204,
       211, 217, 138, 202, 33, 34, 35, 98, 120, 50, 243, 112, 41, 253,
       81, 16, 235, 93, 182, 109, 14, 150, 198, 158, 135, 128, 204, 16,
       143, 97, 162, 144, 147, 208, 48, 187, 226, 132, 70, 119, 37, 229,
       253, 47, 212, 11, 103, 252, 119, 162, 127, 74, 115, 97, 153, 80,
       121, 206, 98, 234, 232, 242, 205, 46, 124, 174, 101, 4, 109, 251,
       242, 160, 42, 34, 107, 249, 106, 217, 185, 83, 173, 125, 246, 235,
       137, 15, 130, 127, 110, 185, 223, 144, 142, 154, 229, 192, 214,
       241, 186, 233, 55, 140, 39, 241, 89, 32, 56, 225, 2, 205, 249, 80,
       172, 100, 166, 8, 157, 159, 18, 48, 166, 53, 95, 236, 192, 9, 176,
       208, 213, 217, 10, 48, 32, 130, 7, 106, 41, 50, 106, 185, 108,
       157, 232, 83, 237, 121, 246, 231, 185, 152, 214, 106, 110, 136,
       94, 141, 135, 189, 199, 192, 214, 121, 178, 160, 95, 140, 121,
       221, 233, 233, 180, 119, 221, 221, 229, 175, 251, 241, 38, 24,
       242, 249, 80, 190, 137, 110, 120, 24, 87, 124, 251, 49, 207, 219,
       85, 114, 202, 8, 218, 142, 86, 238, 134, 190, 203, 34, 62, 238,
       190, 150, 203, 215, 108, 230, 41, 211, 247, 239, 235, 231, 112,
       199, 138, 255, 184, 38, 207, 205, 128, 119, 165, 2, 209, 22, 139,
       37, 16, 46, 99, 48, 52, 138, 226, 84, 215, 34, 129, 80, 48, 196,
       108, 42, 41, 148, 209, 14, 228, 231, 34, 0, 40, 112, 35, 32, 101,
       78, 79, 109, 52, 190, 107, 18, 124, 170, 122, 68, 211, 0, 145,
       120, 80, 164, 110, 60, 141, 180, 101, 62, 196, 255, 32, 128, 200,
       155, 80, 5, 249, 141, 107, 103, 212, 14, 111, 125, 112, 226, 255,
       30, 115, 33, 144, 49, 120, 238, 84, 238, 249, 250, 253, 47, 247,
       235, 229, 0, 105, 250, 242, 184, 96, 187, 60, 235, 189, 141, 211,
       187, 207, 61, 173, 28, 215, 153, 64, 0, 141, 18, 110, 10, 154,
       105, 91, 53, 203, 223, 17, 126, 88, 11, 198, 51, 3, 157, 122, 153,
       245, 157, 181, 231, 94, 77, 126, 7, 172, 184, 54, 64, 239, 43,
       146, 5, 214, 184, 52, 247, 110, 28, 30, 194, 93, 12, 217, 223, 74,
       139, 166, 158, 121, 149, 189, 239, 159, 23, 212, 149, 236, 231,
       46, 196, 239, 123, 251, 133, 50, 75, 250, 247, 61, 119, 222, 235,
       146, 4, 165, 254, 125, 115, 177, 96, 248, 15, 79, 221, 107, 232,
       188, 76, 223, 243, 201, 52, 150, 220, 92, 120, 155, 50, 249, 208,
       249, 220, 37, 124, 218, 251, 194, 33, 240, 174, 188, 90, 170, 189,
       5, 207, 254, 191, 164, 60, 166, 224, 206, 95, 193, 102, 108, 28,
       58, 111, 235, 51, 154, 251, 117, 123, 208, 88, 231, 101, 1, 162,
       97, 81, 100, 154, 232, 19, 118, 33, 114, 194, 179, 8, 148, 237,
       122, 172, 38, 28, 143, 248, 101, 81, 4, 170, 242, 64, 109, 136,
       80, 172, 57, 249, 121, 110, 116, 221, 215, 252, 64, 76, 124, 8,
       59, 157, 2, 48, 154, 251, 84, 74, 207, 170, 176, 45, 115, 205, 36,
       40, 97, 154, 70, 251, 124, 241, 57, 238, 61, 205, 83, 152, 205, 8,
       233, 12, 247, 219, 41, 112, 216, 152, 93, 106, 75, 35, 250, 189,
       211, 249, 130, 56, 24, 11, 86, 50, 61, 81, 107, 232, 85, 70, 91,
       120, 33, 204, 253, 2, 91, 223, 57, 48, 252, 184, 21, 238, 201,
       163, 112, 140, 243, 221, 162, 8, 51, 163, 118, 226, 120, 49, 51,
       224, 5, 205, 105, 80, 233, 8, 166, 12, 159, 211, 88, 244, 248,
       165, 89, 232, 9, 147, 240, 204, 209, 217, 139, 48, 10, 2, 103, 50,
       71, 103, 105, 167, 48, 75, 78, 184, 45, 160, 207, 201, 199, 103,
       25, 180, 18, 196, 125, 111, 200, 144, 205, 46, 167, 245, 5, 21,
       36, 247, 26, 36, 221, 164, 144, 184, 139, 160, 92, 239, 242, 183,
       133, 17, 76, 227, 90, 223, 51, 199, 104, 189, 118, 71, 143, 215,
       250, 23, 23, 125, 178, 84, 171, 10, 77, 71, 33, 167, 181, 15, 111,
       184, 125, 160, 74, 73, 207, 96, 25, 240, 18, 77, 92, 111, 204,
       176, 29, 174, 229, 247, 15, 4, 6, 119, 151, 224, 41, 34, 106, 169,
       108, 153, 233, 81, 239, 117, 214, 207, 155, 136, 214, 74, 78, 140,
       127, 157, 142, 171, 247, 208, 214, 121, 178, 248, 94, 140, 120,
       196, 93, 56, 152, 112, 137, 252, 81, 146, 235, 243, 166, 28, 158,
       243, 65, 58, 129, 118, 104, 24, 19, 109, 250, 32, 219, 255, 85,
       126, 202, 65, 67, 34, 74, 249, 187, 254, 35, 196, 63, 246, 191,
       77, 94, 161, 188, 247, 34, 80, 167, 123, 191, 192, 66, 137, 170,
       247, 249, 247, 62, 203, 18, 18, 165, 123, 149, 207, 135, 31, 156,
       51, 174, 236, 86, 162, 91, 82, 209, 232, 189, 229, 121, 110, 42,
       235, 239, 240, 79, 63, 44, 38, 239, 4, 253, 123, 248, 132, 46,
       176, 252, 250, 239, 249, 144, 203, 139, 125, 188, 59, 174, 221,
       79, 58, 171, 219, 255, 17, 22, 103, 234, 241, 95, 217, 23, 255,
       215, 93, 207, 199, 206, 250, 134, 144, 203, 180, 188, 194, 187,
       183, 146, 255, 12, 238, 119, 223, 231, 255, 251, 215, 22, 87, 154,
       224, 30, 82, 223, 239, 143, 117, 171, 215, 201, 56, 187, 249, 36,
       236, 121, 18, 43, 201, 118, 16, 190, 147, 65, 122, 166, 61, 29,
       24, 131, 244, 176, 64, 199, 185, 50, 40, 136, 128, 35, 43, 130,
       142, 108, 185, 182, 171, 189, 55, 28, 23, 90, 183, 237, 47, 178,
       73, 103, 35, 63, 133, 50, 156, 5, 223, 204, 231, 250, 193, 180,
       200, 181, 219, 121, 67, 114, 108, 54, 26, 79, 112, 97, 12, 188,
       238, 123, 7, 183, 116, 126, 244, 12, 238, 201, 35, 36, 141, 242,
       237, 34, 184, 119, 178, 102, 57, 131, 182, 241, 219, 244, 188,
       234, 23, 127, 73, 120, 244, 189, 170, 244, 228, 255, 11, 22, 157,
       179, 60, 164, 211, 12, 28, 186, 232, 156, 196, 195, 189, 181, 239,
       69, 79, 212, 11, 71, 252, 86, 162, 105, 78, 83, 97, 157, 52, 89,
       206, 2, 110, 105, 242, 77, 63, 44, 142, 165, 36, 251, 251, 210,
       160, 168, 159, 124, 221, 236, 201, 245, 255, 149, 22, 116, 50, 58,
       61, 38, 65, 79, 250, 163, 8, 96, 254, 98, 255, 103, 59, 116, 1,
       87, 216, 196, 251, 105, 160, 115, 65, 244, 191, 97, 51, 121, 169,
       127, 88, 155, 17, 208, 180, 25, 14, 118, 24, 145, 248, 241, 4, 79,
       221, 49, 68, 74, 128, 194, 176, 43, 227, 97, 74, 124, 159, 206,
       252, 77, 72, 249, 204, 243, 200, 156, 180, 92, 200, 86, 111, 207,
       50, 108, 189, 52, 92, 165, 252, 95, 159, 218, 252, 74, 223, 191,
       253, 176, 194, 61, 183, 189, 15, 94, 176, 189, 183, 160, 114, 199,
       119, 61, 128, 112, 220, 163, 239, 237, 247, 254, 193, 132, 208,
       165, 107, 0, 179, 59, 26, 218, 225, 177, 77, 174, 93, 69, 49, 148,
       215, 106, 72, 87, 27, 235, 17, 18, 11, 170, 81, 93, 37, 58, 237,
