%YAML:1.0
---
descriptors: !!opencv-matrix
   rows: 121
   cols: 32
   dt: u
   data: [ 13, 176, 57, 99, 97, 77, 225, 16, 43, 89, 101, 8, 159, 215,
       72, 53, 156, 24, 86, 90, 3, 112, 250, 64, 71, 217, 64, 100, 74,
       130, 71, 242, 61, 253, 56, 120, 217, 205, 87, 255, 231, 93, 236,
       12, 62, 247, 74, 48, 181, 155, 85, 72, 75, 43, 50, 55, 251, 253,
       37, 124, 122, 16, 226, 243, 90, 241, 26, 50, 57, 141, 84, 231,
       171, 29, 172, 157, 175, 199, 74, 16, 165, 187, 205, 16, 74, 75,
       154, 53, 251, 213, 23, 127, 88, 16, 175, 155, 64, 184, 183, 88,
       169, 236, 33, 7, 235, 17, 162, 24, 190, 247, 68, 126, 163, 55,
       120, 24, 19, 77, 178, 113, 153, 186, 82, 122, 194, 64, 135, 170,
       162, 164, 173, 251, 137, 245, 88, 15, 159, 91, 129, 25, 164, 223,
       92, 73, 205, 155, 251, 145, 62, 79, 219, 213, 143, 211, 218, 127,
       144, 72, 172, 90, 220, 244, 153, 167, 168, 79, 87, 156, 114, 250,
       170, 56, 215, 119, 73, 122, 145, 212, 108, 114, 105, 68, 249, 34,
       237, 245, 101, 124, 128, 114, 134, 35, 189, 244, 225, 119, 149,
       127, 86, 191, 83, 251, 188, 26, 91, 125, 95, 181, 217, 198, 149,
       45, 253, 126, 121, 191, 235, 223, 213, 119, 247, 252, 222, 238,
       205, 180, 151, 241, 240, 46, 124, 19, 59, 187, 35, 84, 222, 51,
       200, 251, 149, 31, 124, 56, 179, 212, 217, 64, 141, 251, 119, 70,
       136, 96, 163, 33, 192, 173, 159, 89, 200, 237, 33, 19, 190, 59, 2,
       80, 148, 183, 192, 239, 1, 58, 106, 24, 51, 77, 178, 83, 13, 2,
       123, 104, 128, 64, 135, 160, 60, 44, 176, 240, 253, 173, 80, 202,
       203, 185, 173, 24, 14, 217, 65, 26, 137, 192, 69, 24, 26, 103,
       218, 144, 219, 221, 21, 127, 194, 73, 94, 2, 0, 217, 190, 255,
       195, 204, 53, 231, 188, 19, 98, 16, 124, 255, 32, 122, 163, 119,
       123, 16, 18, 217, 146, 97, 201, 163, 94, 67, 200, 80, 165, 155,
       64, 48, 249, 229, 164, 46, 105, 23, 104, 169, 118, 48, 159, 51,
       128, 122, 38, 52, 125, 24, 145, 220, 225, 72, 207, 191, 50, 128,
       128, 192, 195, 41, 53, 93, 27, 78, 13, 95, 70, 232, 68, 234, 238,
       8, 82, 48, 37, 48, 216, 76, 80, 106, 73, 179, 121, 46, 177, 190,
       5, 18, 72, 59, 114, 166, 112, 169, 152, 56, 9, 137, 80, 207, 3,
       53, 164, 9, 39, 153, 66, 18, 137, 146, 205, 0, 14, 107, 203, 49,
       219, 209, 17, 63, 112, 8, 78, 10, 69, 81, 149, 71, 48, 14, 67,
       152, 106, 169, 43, 68, 246, 115, 9, 246, 20, 84, 124, 72, 129,
       128, 217, 40, 165, 172, 37, 20, 40, 179, 67, 33, 21, 207, 255,
       207, 182, 130, 175, 252, 126, 132, 122, 231, 125, 235, 189, 64,
       127, 239, 38, 239, 224, 177, 15, 255, 248, 174, 39, 132, 101, 243,
       161, 169, 37, 84, 253, 199, 244, 62, 127, 184, 125, 170, 255, 72,
       219, 115, 157, 116, 126, 212, 126, 106, 233, 180, 249, 238, 231,
       255, 97, 148, 102, 251, 66, 33, 1, 185, 35, 133, 212, 6, 111, 53,
       118, 232, 74, 68, 241, 51, 144, 100, 92, 110, 50, 205, 217, 152,
       241, 9, 45, 44, 175, 128, 8, 162, 242, 248, 53, 85, 115, 77, 20,
       79, 103, 120, 68, 224, 255, 66, 83, 21, 153, 240, 124, 220, 22,
       106, 201, 178, 117, 12, 55, 237, 33, 16, 121, 187, 96, 176, 116,
       100, 189, 103, 29, 95, 71, 56, 119, 160, 175, 8, 211, 113, 25,
       118, 88, 212, 120, 106, 8, 242, 249, 46, 247, 255, 69, 16, 98,
       251, 86, 34, 45, 148, 252, 119, 165, 127, 245, 187, 83, 251, 55,
       26, 219, 125, 94, 47, 153, 78, 177, 28, 185, 248, 251, 128, 79,
       223, 85, 101, 239, 236, 216, 242, 173, 4, 253, 115, 229, 127, 117,
       154, 85, 242, 117, 24, 91, 125, 91, 59, 217, 206, 23, 62, 168,
       246, 121, 186, 79, 203, 117, 36, 243, 249, 80, 226, 37, 101, 113,
       72, 212, 79, 71, 248, 83, 224, 109, 8, 19, 209, 253, 52, 88, 216,
       18, 122, 203, 50, 120, 30, 127, 140, 5, 44, 115, 251, 114, 232,
       118, 227, 233, 160, 138, 67, 159, 168, 2, 244, 136, 171, 193, 236,
       95, 10, 219, 197, 249, 247, 78, 67, 239, 16, 248, 4, 143, 255,
       165, 127, 150, 82, 244, 77, 31, 236, 157, 66, 71, 104, 196, 128,
       234, 2, 83, 115, 33, 113, 120, 228, 40, 234, 120, 131, 25, 12,
       241, 169, 197, 16, 49, 59, 116, 34, 189, 156, 237, 85, 149, 126,
       85, 191, 83, 255, 118, 26, 91, 125, 158, 175, 17, 206, 180, 56,
       189, 252, 125, 142, 107, 239, 117, 69, 231, 236, 220, 126, 136,
       228, 183, 91, 161, 249, 37, 151, 54, 31, 102, 48, 185, 183, 200,
       253, 3, 26, 168, 24, 50, 220, 163, 51, 239, 235, 116, 64, 178,
       192, 133, 233, 96, 161, 57, 96, 217, 237, 81, 7, 96, 53, 173, 24,
       22, 23, 72, 58, 129, 158, 64, 0, 26, 122, 240, 5, 199, 141, 16,
       117, 192, 0, 198, 34, 45, 85, 49, 108, 61, 143, 71, 188, 221, 200,
       104, 76, 246, 240, 49, 180, 144, 104, 88, 110, 193, 160, 122, 31,
       161, 254, 5, 58, 90, 58, 82, 14, 197, 113, 17, 69, 49, 14, 102,
       184, 104, 168, 43, 72, 214, 19, 9, 119, 148, 92, 92, 106, 65, 144,
       217, 12, 229, 184, 37, 4, 72, 51, 67, 49, 130, 223, 250, 219, 254,
       169, 183, 222, 31, 15, 124, 247, 236, 235, 166, 64, 255, 123, 135,
       16, 50, 188, 10, 255, 110, 183, 62, 171, 150, 216, 141, 155, 200,
       180, 189, 101, 41, 110, 17, 57, 59, 255, 47, 60, 222, 119, 72, 51,
       149, 21, 253, 48, 49, 116, 249, 2, 207, 211, 101, 182, 194, 98,
       135, 115, 41, 109, 105, 65, 116, 75, 111, 249, 64, 236, 124, 10,
       51, 69, 153, 48, 88, 200, 22, 106, 200, 178, 100, 14, 103, 141,
       165, 32, 103, 250, 86, 232, 53, 223, 77, 239, 180, 15, 239, 248,
       100, 232, 255, 230, 211, 119, 153, 224, 126, 222, 30, 234, 201,
       176, 109, 62, 232, 205, 167, 132, 125, 243, 224, 177, 53, 197, 65,
       238, 220, 3, 206, 248, 86, 224, 217, 206, 81, 224, 185, 224, 93,
       204, 22, 238, 249, 178, 109, 158, 188, 142, 175, 172, 189, 251,
       240, 176, 54, 125, 47, 190, 157, 213, 87, 228, 191, 196, 237, 10,
       126, 254, 39, 52, 248, 243, 219, 195, 107, 3, 58, 255, 177, 182,
       143, 59, 24, 119, 118, 118, 116, 96, 157, 101, 12, 79, 67, 8, 96,
       34, 163, 8, 83, 17, 9, 27, 216, 212, 104, 106, 8, 183, 217, 8,
       211, 169, 65, 52, 64, 59, 70, 34, 80, 29, 250, 69, 50, 2, 111, 53,
       36, 140, 110, 164, 113, 231, 163, 112, 118, 118, 60, 238, 200,
       144, 161, 14, 99, 175, 166, 128, 33, 242, 36, 121, 212, 77, 150,
       118, 137, 206, 70, 160, 164, 130, 163, 8, 247, 243, 1, 243, 0,
       246, 104, 234, 105, 193, 155, 44, 185, 162, 69, 17, 0, 115, 42,
       42, 49, 2, 71, 225, 38, 10, 105, 89, 100, 32, 242, 230, 19, 1,
       144, 120, 122, 140, 110, 172, 137, 176, 197, 8, 212, 168, 162,
       148, 109, 136, 114, 161, 80, 64, 209, 229, 34, 74, 101, 24, 41,
       162, 99, 104, 215, 55, 73, 122, 50, 92, 108, 106, 1, 208, 193, 0,
       197, 160, 65, 20, 32, 179, 6, 33, 228, 245, 157, 119, 185, 77, 86,
       184, 243, 186, 161, 76, 198, 241, 77, 31, 145, 214, 108, 114, 122,
       99, 219, 51, 235, 210, 69, 127, 192, 123, 198, 55, 41, 172, 63,
       105, 181, 239, 115, 119, 109, 65, 110, 8, 255, 63, 0, 48, 185,
       179, 119, 24, 27, 184, 49, 31, 239, 223, 16, 64, 226, 130, 194,
       250, 61, 65, 67, 76, 92, 31, 207, 120, 69, 192, 251, 76, 83, 64,
       189, 244, 88, 236, 94, 110, 201, 163, 125, 28, 48, 172, 1, 28,
       123, 187, 112, 4, 49, 0, 67, 237, 86, 43, 105, 88, 101, 160, 242,
       226, 19, 3, 177, 112, 122, 164, 94, 170, 137, 183, 69, 12, 212,
       232, 162, 128, 109, 171, 114, 160, 2, 16, 171, 232, 176, 102, 57,
       95, 174, 93, 222, 247, 156, 159, 251, 104, 247, 27, 31, 181, 147,
       139, 49, 208, 217, 93, 186, 198, 156, 196, 53, 251, 58, 105, 106,
       252, 93, 223, 208, 102, 209, 196, 252, 11, 42, 152, 55, 36, 232,
       170, 211, 193, 76, 187, 84, 236, 243, 93, 144, 19, 119, 12, 94,
       206, 79, 252, 244, 119, 191, 214, 94, 184, 219, 223, 86, 165, 253,
       255, 223, 239, 151, 127, 181, 127, 230, 192, 190, 253, 107, 255,
       109, 199, 174, 182, 77, 119, 157, 85, 45, 173, 52, 15, 79, 56,
       116, 232, 219, 228, 215, 121, 153, 97, 22, 212, 93, 111, 233, 176,
