%YAML:1.0
---
descriptors: !!opencv-matrix
   rows: 130
   cols: 32
   dt: u
   data: [ 50, 141, 22, 186, 157, 195, 150, 107, 159, 4, 216, 3, 108,
       252, 38, 65, 216, 179, 139, 225, 126, 171, 10, 253, 185, 214, 139,
       83, 17, 14, 189, 142, 75, 79, 106, 188, 110, 144, 253, 230, 141,
       6, 220, 167, 173, 170, 183, 194, 110, 227, 159, 205, 230, 139, 6,
       239, 114, 127, 250, 137, 23, 212, 185, 141, 131, 133, 34, 136,
       245, 63, 234, 107, 93, 97, 207, 19, 92, 56, 62, 101, 254, 139, 27,
       173, 180, 187, 21, 223, 186, 30, 138, 70, 31, 14, 249, 132, 15,
       228, 170, 153, 230, 127, 189, 223, 30, 239, 92, 146, 157, 246,
       251, 44, 127, 91, 23, 157, 163, 246, 126, 210, 79, 15, 255, 236,
       151, 252, 181, 241, 41, 159, 127, 101, 180, 174, 119, 55, 108,
       204, 126, 68, 187, 55, 129, 112, 6, 54, 95, 40, 209, 184, 113, 15,
       239, 239, 36, 0, 106, 250, 192, 121, 18, 134, 198, 156, 16, 2, 74,
       106, 150, 134, 194, 199, 97, 226, 59, 193, 123, 236, 42, 172, 40,
       207, 6, 79, 24, 166, 223, 12, 173, 96, 56, 8, 47, 158, 214, 90,
       229, 181, 126, 214, 251, 95, 252, 60, 42, 248, 247, 190, 237, 234,
       246, 156, 191, 107, 62, 227, 26, 95, 212, 203, 203, 212, 250, 159,
       190, 233, 230, 155, 199, 217, 182, 193, 151, 214, 204, 131, 107,
       204, 111, 133, 121, 235, 139, 211, 78, 227, 126, 185, 63, 81, 143,
       7, 119, 126, 190, 222, 52, 12, 202, 190, 20, 162, 202, 66, 148,
       128, 217, 163, 113, 235, 177, 64, 88, 170, 19, 156, 24, 163, 6,
       236, 216, 164, 170, 8, 181, 235, 112, 128, 11, 61, 251, 243, 245,
       236, 249, 83, 191, 209, 127, 214, 189, 191, 80, 40, 239, 187, 183,
       145, 147, 216, 242, 225, 205, 223, 190, 232, 173, 73, 163, 251,
       181, 77, 99, 193, 212, 187, 226, 208, 101, 192, 182, 202, 19, 8,
       181, 245, 104, 224, 78, 219, 189, 179, 100, 238, 180, 12, 162, 16,
       239, 185, 122, 164, 66, 172, 190, 252, 27, 225, 176, 71, 174, 21,
       170, 49, 172, 190, 100, 26, 163, 51, 235, 145, 54, 77, 130, 119,
       221, 179, 26, 107, 128, 0, 175, 139, 114, 95, 235, 124, 50, 196,
       31, 246, 177, 76, 220, 231, 56, 191, 183, 112, 204, 255, 149, 199,
       201, 139, 178, 235, 115, 125, 172, 154, 39, 244, 118, 127, 23, 38,
       234, 128, 86, 50, 169, 82, 106, 225, 223, 215, 89, 142, 255, 40,
       127, 141, 23, 189, 150, 147, 164, 194, 90, 77, 186, 196, 173, 198,
       115, 212, 131, 26, 198, 185, 52, 170, 104, 18, 191, 81, 82, 245,
       189, 11, 150, 88, 230, 43, 63, 28, 179, 156, 69, 245, 132, 62,
       186, 192, 140, 133, 81, 25, 1, 211, 103, 79, 252, 155, 237, 254,
       127, 65, 254, 230, 249, 104, 188, 228, 126, 206, 126, 236, 209,
       185, 111, 253, 60, 62, 246, 192, 127, 154, 241, 189, 53, 109, 195,
       67, 214, 59, 226, 216, 65, 224, 121, 202, 83, 8, 157, 180, 120,
       204, 18, 254, 141, 178, 109, 234, 62, 12, 133, 4, 239, 255, 122,
       164, 130, 188, 150, 154, 143, 237, 176, 71, 254, 19, 194, 25, 174,
       248, 32, 73, 163, 35, 106, 1, 52, 233, 146, 247, 157, 50, 90, 91,
       192, 72, 129, 142, 73, 26, 126, 255, 46, 186, 121, 48, 253, 90,
       119, 228, 255, 123, 147, 123, 54, 101, 126, 47, 133, 244, 207,
       237, 198, 251, 115, 128, 110, 161, 73, 25, 66, 163, 134, 137, 217,
       39, 190, 79, 174, 37, 234, 131, 140, 166, 96, 210, 236, 223, 235,
       209, 22, 155, 195, 240, 189, 52, 158, 123, 144, 86, 175, 206, 29,
       149, 239, 239, 182, 110, 111, 253, 117, 203, 223, 246, 83, 119,
       186, 112, 127, 230, 63, 188, 185, 145, 61, 206, 254, 175, 167,
       196, 191, 250, 244, 113, 3, 143, 67, 155, 150, 182, 174, 103, 62,
       65, 91, 215, 236, 236, 180, 228, 127, 43, 19, 157, 183, 152, 5,
       223, 44, 46, 190, 192, 157, 68, 185, 213, 1, 201, 15, 255, 36,
       140, 108, 150, 126, 17, 66, 64, 183, 131, 48, 73, 98, 42, 62, 76,
       67, 184, 6, 113, 164, 168, 178, 0, 24, 152, 241, 168, 182, 75,
       106, 30, 77, 209, 207, 224, 209, 70, 245, 139, 99, 204, 55, 9, 88,
       232, 163, 103, 204, 39, 238, 185, 114, 41, 193, 185, 117, 191,
       118, 206, 61, 237, 123, 235, 188, 223, 238, 245, 109, 96, 251, 66,
       243, 92, 157, 224, 120, 238, 126, 123, 223, 184, 125, 246, 190,
       253, 166, 64, 111, 219, 248, 172, 62, 110, 98, 174, 85, 159, 90,
       232, 133, 4, 249, 143, 107, 201, 55, 144, 216, 169, 135, 103, 204,
       39, 12, 191, 178, 221, 129, 187, 119, 191, 126, 206, 114, 231, 18,
       136, 219, 225, 30, 111, 175, 37, 168, 9, 14, 238, 40, 80, 248,
       219, 203, 241, 30, 43, 192, 220, 185, 180, 143, 127, 145, 94, 167,
       142, 82, 230, 251, 190, 122, 192, 185, 103, 191, 29, 220, 179, 45,
       239, 170, 82, 110, 147, 207, 129, 34, 75, 166, 193, 242, 231, 254,
       139, 181, 212, 167, 251, 33, 175, 235, 73, 212, 171, 239, 223, 86,
       99, 126, 246, 51, 33, 180, 100, 127, 174, 22, 188, 187, 184, 101,
       31, 108, 142, 183, 192, 237, 200, 240, 184, 5, 81, 127, 77, 124,
       11, 231, 120, 108, 160, 255, 34, 208, 217, 157, 96, 122, 92, 122,
       106, 193, 176, 125, 76, 118, 45, 39, 4, 77, 187, 113, 160, 143,
       240, 235, 209, 230, 247, 237, 223, 94, 227, 92, 210, 157, 255,
       248, 172, 127, 27, 23, 157, 179, 246, 63, 210, 111, 15, 191, 164,
       183, 252, 181, 241, 139, 143, 2, 189, 211, 178, 186, 119, 52, 71,
       94, 247, 237, 226, 178, 196, 119, 107, 179, 133, 182, 152, 7, 239,
       108, 103, 186, 193, 190, 196, 185, 221, 115, 143, 106, 14, 87, 18,
       238, 228, 121, 4, 254, 135, 104, 232, 182, 68, 120, 239, 163, 231,
       252, 187, 140, 239, 50, 46, 143, 195, 101, 166, 122, 204, 135,
       132, 227, 155, 210, 183, 169, 207, 31, 75, 80, 214, 252, 230, 254,
       236, 127, 43, 50, 157, 183, 156, 63, 247, 44, 30, 159, 196, 157,
       220, 161, 253, 71, 99, 35, 143, 92, 19, 235, 104, 102, 224, 219,
       198, 209, 194, 189, 228, 120, 237, 122, 239, 205, 147, 237, 220,
       180, 44, 139, 140, 29, 183, 48, 228, 5, 97, 238, 207, 92, 15, 239,
       248, 70, 164, 223, 70, 208, 225, 191, 100, 120, 108, 58, 238, 137,
       176, 127, 28, 109, 46, 167, 4, 29, 187, 112, 160, 251, 255, 198,
       156, 127, 146, 126, 254, 183, 232, 222, 231, 105, 234, 247, 212,
       127, 239, 255, 231, 237, 223, 207, 254, 190, 127, 175, 163, 47,
       245, 58, 221, 2, 129, 20, 157, 253, 151, 188, 45, 15, 17, 75, 3,
       236, 254, 60, 197, 220, 51, 179, 225, 86, 152, 83, 221, 47, 50,
       202, 67, 22, 14, 177, 14, 162, 89, 106, 190, 111, 193, 183, 236,
       138, 84, 208, 171, 32, 236, 119, 3, 200, 251, 243, 195, 68, 43,
       238, 185, 113, 48, 202, 187, 85, 63, 118, 218, 72, 157, 126, 253,
       177, 222, 124, 55, 237, 72, 126, 36, 255, 191, 162, 241, 166, 55,
       253, 64, 81, 185, 48, 237, 231, 251, 102, 131, 74, 160, 205, 123,
       154, 149, 122, 252, 243, 246, 58, 119, 61, 77, 127, 179, 109, 127,
       46, 81, 246, 179, 151, 160, 116, 159, 32, 223, 179, 239, 42, 195,
       51, 132, 173, 223, 10, 141, 62, 186, 151, 236, 177, 103, 189, 29,
       94, 19, 44, 187, 34, 64, 161, 35, 11, 1, 50, 153, 2, 253, 255,
       119, 26, 195, 146, 68, 173, 235, 131, 89, 83, 220, 78, 149, 174,
       230, 223, 74, 80, 70, 40, 184, 181, 229, 238, 123, 22, 203, 227,
       187, 54, 255, 48, 58, 218, 138, 29, 217, 49, 173, 212, 221, 127,
       248, 175, 194, 23, 229, 140, 48, 146, 51, 87, 255, 32, 99, 226,
       119, 189, 99, 120, 73, 58, 180, 251, 225, 207, 87, 52, 56, 181,
       35, 221, 213, 119, 239, 214, 78, 111, 252, 117, 232, 255, 86, 91,
       119, 184, 117, 127, 220, 63, 250, 185, 183, 61, 206, 255, 238,
       167, 196, 175, 186, 240, 113, 2, 166, 134, 141, 216, 11, 174, 236,
       62, 161, 234, 195, 196, 226, 8, 64, 253, 223, 107, 164, 32, 211,
       203, 223, 188, 54, 143, 6, 129, 122, 161, 140, 193, 148, 63, 189,
       131, 236, 49, 55, 252, 91, 71, 16, 252, 182, 32, 107, 165, 55,
       122, 9, 177, 221, 50, 71, 197, 186, 90, 66, 8, 64, 161, 251, 143,
       255, 120, 242, 180, 179, 222, 182, 93, 107, 93, 245, 127, 120, 63,
