%YAML:1.0
---
descriptors: !!opencv-matrix
   rows: 101
   cols: 32
   dt: u
   data: [ 164, 100, 49, 71, 81, 75, 119, 168, 125, 34, 107, 8, 214, 85,
       13, 181, 145, 92, 64, 106, 97, 180, 121, 62, 103, 158, 1, 54, 66,
       51, 70, 162, 90, 57, 155, 250, 11, 253, 16, 71, 171, 65, 172, 8,
       62, 223, 97, 176, 166, 187, 218, 16, 11, 11, 50, 241, 155, 213,
       22, 123, 218, 66, 47, 58, 77, 125, 17, 65, 241, 78, 119, 174, 121,
       200, 110, 40, 158, 23, 129, 181, 144, 92, 84, 122, 65, 216, 241,
       108, 167, 157, 37, 6, 74, 49, 135, 179, 108, 99, 56, 101, 53, 30,
       83, 48, 105, 140, 119, 8, 219, 25, 25, 48, 152, 20, 68, 106, 200,
       176, 225, 12, 103, 249, 32, 17, 66, 171, 70, 35, 97, 127, 140, 37,
       168, 15, 125, 183, 41, 254, 190, 205, 151, 45, 19, 26, 133, 100,
       108, 45, 205, 248, 241, 12, 238, 223, 117, 180, 72, 248, 202, 217,
       68, 0, 189, 103, 140, 47, 231, 168, 78, 178, 171, 64, 211, 57, 89,
       10, 89, 70, 104, 42, 9, 240, 219, 8, 205, 174, 103, 20, 192, 123,
       81, 42, 57, 156, 18, 234, 149, 135, 86, 123, 213, 139, 235, 68,
       71, 243, 40, 208, 217, 228, 12, 50, 124, 167, 25, 190, 187, 255,
       5, 18, 186, 90, 232, 11, 61, 77, 96, 77, 92, 27, 198, 248, 85,
       224, 253, 74, 83, 120, 149, 164, 88, 204, 22, 106, 205, 178, 109,
       190, 54, 76, 37, 60, 127, 187, 90, 132, 120, 29, 30, 238, 157,
       231, 86, 110, 133, 0, 174, 8, 115, 243, 32, 208, 216, 242, 200,
       98, 104, 171, 88, 61, 251, 231, 5, 83, 58, 106, 124, 10, 228, 123,
       157, 229, 172, 42, 71, 151, 96, 174, 170, 104, 215, 51, 193, 91,
       73, 244, 108, 122, 40, 240, 201, 42, 236, 167, 101, 52, 160, 249,
       214, 41, 215, 97, 107, 165, 66, 78, 111, 32, 41, 224, 78, 138, 93,
       6, 19, 116, 54, 205, 89, 239, 197, 144, 245, 74, 181, 108, 143, 4,
       36, 182, 3, 116, 129, 18, 191, 93, 52, 95, 225, 59, 126, 235, 118,
       116, 243, 120, 133, 99, 149, 60, 110, 40, 253, 252, 113, 15, 207,
       255, 117, 68, 200, 168, 72, 61, 121, 79, 66, 236, 214, 18, 111,
       247, 96, 6, 254, 6, 99, 1, 187, 212, 120, 206, 14, 238, 108, 179,
       165, 174, 242, 237, 166, 4, 47, 242, 248, 8, 88, 177, 185, 230,
       184, 76, 83, 159, 162, 173, 143, 9, 247, 215, 72, 82, 129, 215,
       109, 16, 26, 73, 251, 33, 249, 165, 37, 124, 160, 2, 135, 106, 53,
       71, 97, 76, 92, 91, 199, 248, 85, 192, 249, 106, 83, 72, 189, 164,
       88, 200, 70, 106, 201, 35, 111, 30, 48, 172, 33, 28, 119, 187, 80,
       180, 212, 176, 189, 242, 168, 108, 89, 154, 166, 255, 139, 25,
       215, 247, 73, 90, 133, 213, 125, 17, 27, 69, 251, 50, 217, 227,
       127, 124, 128, 97, 5, 115, 104, 98, 120, 101, 52, 11, 115, 48,
       104, 12, 110, 8, 211, 3, 128, 112, 16, 220, 108, 106, 72, 176,
       225, 12, 231, 253, 32, 17, 98, 187, 70, 32, 205, 229, 49, 225, 53,
       15, 75, 188, 114, 168, 74, 72, 215, 81, 88, 244, 16, 92, 125, 123,
       107, 176, 217, 62, 237, 252, 37, 116, 10, 147, 19, 32, 244, 36,
       255, 114, 172, 233, 87, 216, 242, 190, 165, 24, 83, 245, 73, 59,
       17, 240, 108, 106, 56, 103, 234, 34, 219, 203, 101, 60, 224, 251,
       198, 35, 124, 176, 188, 112, 169, 109, 81, 27, 163, 183, 165, 24,
       23, 151, 66, 30, 129, 150, 109, 24, 26, 79, 243, 0, 219, 209, 21,
       125, 194, 192, 198, 98, 223, 83, 110, 4, 195, 18, 254, 125, 233,
       230, 183, 239, 73, 14, 159, 247, 54, 197, 253, 239, 229, 209, 173,
       200, 54, 105, 239, 135, 111, 246, 123, 93, 64, 125, 21, 85, 240,
       202, 55, 178, 41, 168, 122, 104, 190, 23, 129, 245, 134, 127, 76,
       66, 97, 216, 225, 108, 167, 184, 100, 130, 66, 177, 7, 185, 240,
       170, 249, 82, 10, 233, 65, 87, 162, 23, 165, 56, 51, 151, 64, 27,
       35, 178, 100, 24, 26, 111, 234, 17, 209, 192, 112, 120, 224, 128,
       198, 106, 44, 116, 177, 71, 97, 95, 119, 184, 125, 234, 59, 104,
       222, 117, 141, 180, 145, 92, 68, 106, 97, 176, 105, 30, 37, 158,
       97, 54, 66, 115, 71, 163, 147, 101, 43, 165, 19, 78, 111, 96, 49,
       224, 239, 2, 89, 22, 19, 52, 48, 237, 89, 238, 104, 145, 53, 78,
       181, 232, 143, 4, 33, 182, 38, 228, 208, 49, 27, 236, 26, 193, 17,
       72, 172, 4, 141, 168, 151, 214, 32, 112, 246, 185, 205, 224, 72,
       3, 162, 28, 209, 165, 42, 185, 48, 34, 39, 35, 62, 141, 23, 254,
       93, 215, 214, 226, 199, 0, 233, 2, 106, 248, 53, 228, 248, 235,
       147, 195, 78, 171, 26, 255, 179, 254, 130, 11, 115, 15, 116, 142,
       212, 245, 95, 98, 136, 72, 71, 173, 178, 19, 161, 24, 87, 247, 72,
       51, 51, 214, 108, 106, 123, 71, 186, 55, 249, 163, 101, 124, 96,
       243, 134, 32, 18, 161, 107, 190, 27, 193, 185, 79, 174, 5, 194,
       163, 45, 143, 34, 0, 110, 179, 203, 129, 2, 11, 167, 253, 209,
       101, 154, 155, 53, 4, 39, 122, 21, 199, 68, 11, 20, 155, 226, 168,
       116, 96, 107, 198, 195, 64, 154, 228, 120, 136, 34, 126, 253, 184,
       109, 63, 44, 206, 3, 68, 127, 138, 216, 132, 165, 92, 119, 95, 68,
       111, 99, 114, 85, 66, 117, 24, 115, 85, 141, 61, 89, 248, 18, 42,
       41, 182, 113, 62, 69, 142, 113, 0, 115, 249, 70, 224, 65, 140,
       159, 191, 160, 172, 113, 39, 188, 27, 106, 17, 246, 179, 32, 82,
       161, 39, 105, 4, 48, 169, 19, 103, 201, 182, 114, 64, 192, 64,
       161, 26, 53, 247, 96, 10, 254, 31, 198, 248, 71, 112, 185, 239,
       115, 232, 191, 132, 95, 200, 86, 111, 207, 35, 95, 63, 58, 12, 37,
       252, 127, 191, 88, 213, 16, 153, 63, 126, 19, 204, 55, 103, 172,
       65, 110, 0, 190, 183, 32, 112, 162, 51, 123, 64, 82, 153, 50, 101,
       243, 173, 18, 2, 112, 0, 167, 251, 244, 164, 156, 114, 137, 237,
       65, 11, 178, 179, 173, 24, 211, 247, 72, 59, 217, 214, 104, 146,
       59, 70, 218, 50, 219, 147, 81, 125, 192, 65, 194, 2, 228, 124,
       159, 245, 164, 14, 103, 182, 186, 170, 34, 76, 215, 35, 65, 91,
       149, 100, 108, 124, 105, 252, 209, 42, 237, 150, 101, 20, 200,
       240, 67, 56, 89, 133, 82, 238, 54, 18, 238, 119, 69, 128, 222,
       226, 253, 35, 176, 228, 118, 231, 30, 236, 241, 185, 5, 207, 182,
       237, 174, 128, 63, 234, 249, 8, 88, 249, 247, 102, 42, 220, 89,
       16, 163, 53, 166, 40, 127, 215, 192, 118, 166, 245, 253, 72, 74,
       75, 171, 165, 219, 249, 1, 154, 34, 134, 38, 105, 40, 141, 50,
       254, 93, 213, 210, 230, 215, 1, 236, 3, 170, 249, 55, 192, 217,
       234, 155, 194, 110, 171, 90, 191, 51, 255, 146, 27, 19, 15, 124,
       138, 220, 125, 159, 166, 178, 106, 55, 166, 176, 162, 170, 40,
       255, 55, 65, 114, 35, 247, 108, 98, 96, 213, 137, 42, 249, 199,
       101, 17, 32, 243, 7, 43, 32, 165, 59, 122, 241, 253, 115, 215,
       251, 9, 109, 24, 62, 219, 104, 48, 177, 154, 6, 24, 18, 43, 186,
       115, 123, 221, 48, 107, 210, 66, 230, 235, 252, 52, 29, 101, 56,
       75, 67, 184, 248, 186, 167, 56, 215, 115, 9, 27, 147, 84, 108,
       106, 121, 245, 217, 12, 205, 235, 101, 54, 232, 41, 70, 35, 62,
       231, 96, 174, 126, 27, 206, 236, 23, 228, 220, 171, 99, 236, 255,
       4, 91, 200, 135, 111, 238, 35, 111, 191, 58, 79, 165, 189, 119,
       191, 92, 205, 63, 231, 96, 130, 254, 155, 206, 252, 23, 188, 153,
       239, 67, 236, 254, 132, 63, 202, 71, 255, 222, 35, 79, 191, 58,
       68, 173, 253, 247, 255, 218, 197, 140, 172, 253, 119, 180, 174,
       111, 159, 118, 35, 246, 80, 243, 99, 152, 88, 123, 238, 110, 152,
       59, 252, 217, 63, 239, 239, 183, 64, 224, 216, 224, 40, 165, 181,
       81, 73, 241, 239, 103, 253, 123, 105, 108, 72, 90, 119, 140, 180,
       24, 26, 86, 120, 179, 186, 120, 29, 47, 216, 37, 116, 218, 193,
       194, 181, 48, 13, 106, 222, 85, 214, 127, 114, 213, 4, 206, 2,
       121, 239, 54, 96, 120, 250, 19, 202, 234, 187, 48, 255, 243, 175,
       138, 9, 55, 138, 124, 234, 226, 52, 151, 156, 249, 253, 144, 79,
       191, 251, 160, 24, 238, 254, 100, 255, 201, 255, 238, 16, 63, 79,
       219, 211, 153, 18, 95, 123, 152, 64, 175, 159, 215, 70, 142, 165,
       160, 54, 109, 184, 49, 250, 135, 213, 213, 99, 219, 123, 55, 196,
