%YAML:1.0
---
descriptors: !!opencv-matrix
   rows: 340
   cols: 32
   dt: u
   data: [ 206, 253, 180, 151, 237, 241, 190, 134, 255, 247, 167, 25,
       236, 254, 87, 223, 195, 247, 255, 211, 54, 79, 251, 247, 191, 115,
       223, 123, 150, 85, 175, 94, 15, 183, 98, 155, 244, 157, 238, 217,
       159, 204, 93, 231, 235, 204, 254, 196, 127, 170, 151, 95, 215, 48,
       206, 243, 110, 93, 175, 236, 30, 142, 217, 213, 59, 146, 224, 91,
       87, 63, 248, 124, 87, 235, 247, 247, 90, 61, 150, 253, 253, 158,
       151, 151, 191, 254, 125, 255, 95, 95, 177, 198, 255, 143, 120,
       223, 42, 134, 98, 216, 244, 51, 254, 255, 25, 111, 116, 255, 72,
       108, 190, 132, 255, 143, 151, 173, 180, 191, 36, 223, 58, 95, 255,
       205, 215, 236, 255, 213, 92, 77, 24, 163, 132, 111, 86, 160, 20,
       130, 255, 3, 215, 115, 11, 64, 249, 209, 159, 227, 104, 180, 89,
       46, 243, 231, 174, 21, 48, 123, 189, 2, 134, 172, 228, 94, 205,
       242, 182, 239, 223, 147, 193, 18, 104, 248, 61, 239, 249, 251,
       179, 131, 54, 71, 14, 251, 59, 26, 223, 43, 151, 117, 252, 134,
       199, 15, 99, 30, 151, 242, 174, 247, 253, 79, 219, 215, 233, 234,
       183, 237, 243, 111, 123, 175, 245, 205, 180, 238, 54, 126, 222,
       138, 175, 117, 249, 220, 138, 172, 158, 181, 141, 230, 60, 135,
       182, 159, 134, 17, 140, 187, 98, 203, 225, 119, 251, 129, 48, 205,
       131, 224, 207, 211, 222, 67, 130, 85, 173, 138, 191, 255, 116,
       147, 139, 53, 22, 144, 229, 126, 159, 127, 72, 115, 207, 143, 127,
       223, 255, 254, 237, 215, 249, 226, 247, 233, 101, 150, 171, 127,
       170, 215, 1, 138, 159, 249, 176, 172, 105, 23, 254, 89, 90, 84,
       189, 163, 176, 104, 231, 43, 62, 28, 179, 216, 34, 247, 204, 191,
       58, 192, 152, 192, 161, 169, 252, 119, 88, 166, 143, 95, 94, 188,
       1, 234, 191, 43, 95, 125, 75, 146, 220, 213, 253, 231, 205, 3,
       233, 142, 187, 229, 237, 191, 35, 127, 158, 115, 61, 253, 74, 170,
       149, 159, 86, 220, 21, 8, 180, 10, 199, 89, 25, 52, 92, 144, 223,
       251, 106, 163, 104, 191, 185, 215, 141, 214, 119, 27, 154, 1, 116,
       225, 153, 97, 72, 77, 71, 136, 98, 168, 168, 8, 247, 83, 72, 50,
       152, 212, 72, 122, 72, 114, 216, 56, 237, 204, 5, 52, 96, 51, 70,
       162, 183, 69, 99, 67, 213, 31, 230, 245, 85, 224, 251, 78, 83, 56,
       188, 165, 120, 132, 94, 239, 253, 179, 117, 142, 54, 30, 134, 84,
       95, 191, 248, 132, 222, 96, 176, 218, 169, 84, 28, 204, 219, 188,
       149, 56, 206, 206, 207, 255, 229, 221, 253, 83, 110, 71, 235, 240,
       155, 209, 111, 191, 154, 117, 47, 23, 80, 172, 149, 117, 17, 76,
       101, 7, 104, 177, 226, 24, 183, 51, 0, 51, 129, 118, 104, 8, 121,
       124, 211, 8, 229, 170, 80, 16, 64, 32, 195, 42, 46, 180, 184, 186,
       75, 245, 48, 202, 159, 95, 253, 31, 12, 254, 110, 152, 255, 153,
       215, 149, 54, 103, 90, 211, 31, 87, 91, 127, 219, 77, 47, 215,
       190, 29, 118, 254, 219, 240, 30, 105, 149, 6, 253, 179, 109, 255,
       46, 81, 126, 243, 151, 194, 124, 7, 14, 255, 178, 231, 203, 139,
       55, 119, 172, 214, 193, 143, 31, 255, 48, 172, 57, 55, 252, 89,
       122, 116, 188, 147, 160, 97, 167, 51, 126, 12, 179, 141, 35, 247,
       196, 191, 50, 192, 8, 128, 129, 41, 98, 41, 80, 24, 89, 153, 80,
       72, 171, 144, 160, 9, 174, 194, 101, 148, 136, 169, 234, 80, 6,
       99, 218, 217, 159, 208, 1, 59, 82, 12, 79, 134, 43, 225, 112, 90,
       93, 221, 84, 207, 95, 121, 61, 24, 10, 221, 222, 180, 153, 138,
       210, 0, 223, 58, 122, 151, 63, 93, 21, 127, 115, 28, 222, 238,
       133, 111, 127, 247, 228, 11, 239, 116, 124, 234, 119, 230, 255,
       105, 145, 57, 126, 109, 118, 111, 225, 244, 239, 238, 228, 251,
       231, 128, 109, 251, 67, 177, 191, 181, 98, 75, 159, 15, 199, 237,
       14, 136, 125, 226, 122, 252, 124, 244, 93, 218, 151, 99, 251, 56,
       14, 255, 41, 13, 165, 172, 125, 126, 120, 185, 127, 167, 149, 183,
       186, 243, 30, 174, 87, 255, 219, 27, 110, 98, 138, 132, 185, 239,
       236, 158, 62, 218, 235, 191, 254, 206, 221, 115, 163, 223, 134,
       76, 33, 189, 168, 254, 221, 253, 219, 255, 94, 239, 189, 9, 243,
       252, 94, 32, 221, 251, 115, 23, 158, 43, 250, 191, 255, 223, 159,
       125, 209, 75, 222, 210, 50, 88, 122, 238, 7, 199, 94, 104, 141,
       14, 248, 3, 111, 222, 39, 17, 252, 249, 151, 227, 104, 163, 24,
       253, 179, 240, 138, 155, 113, 63, 102, 219, 17, 223, 79, 79, 182,
       130, 239, 244, 84, 72, 222, 230, 113, 96, 180, 100, 126, 238, 30,
       238, 217, 187, 45, 127, 120, 44, 167, 192, 61, 186, 248, 61, 185,
       84, 115, 108, 100, 26, 95, 126, 113, 202, 124, 234, 59, 29, 149,
       183, 62, 220, 21, 238, 233, 182, 36, 142, 242, 249, 100, 128, 111,
       244, 114, 169, 120, 252, 188, 250, 169, 237, 95, 190, 191, 191,
       188, 25, 239, 255, 66, 90, 229, 255, 253, 210, 122, 79, 219, 243,
       251, 247, 87, 123, 162, 85, 134, 91, 130, 177, 58, 248, 178, 196,
       180, 103, 158, 13, 92, 50, 188, 159, 36, 0, 238, 59, 147, 129, 82,
       43, 50, 213, 227, 181, 26, 75, 81, 0, 165, 187, 129, 50, 245, 217,
       116, 136, 233, 82, 127, 105, 247, 246, 153, 3, 148, 108, 110, 44,
       126, 156, 131, 188, 229, 197, 70, 56, 242, 192, 79, 136, 97, 189,
       144, 91, 30, 245, 54, 143, 53, 55, 252, 9, 102, 0, 183, 155, 32,
       65, 166, 51, 78, 0, 32, 169, 17, 29, 233, 137, 54, 0, 72, 8, 129,
       11, 169, 60, 63, 112, 97, 237, 113, 118, 249, 91, 100, 28, 62,
       155, 0, 25, 165, 59, 70, 8, 33, 252, 48, 95, 199, 219, 112, 0, 74,
       192, 66, 251, 50, 252, 106, 138, 93, 211, 210, 224, 149, 68, 240,
       175, 106, 206, 39, 81, 216, 249, 135, 227, 110, 39, 92, 253, 178,
       16, 139, 187, 21, 63, 62, 222, 193, 111, 95, 245, 224, 168, 109,
       55, 237, 219, 118, 116, 190, 163, 144, 123, 166, 39, 126, 12, 225,
       252, 226, 206, 228, 251, 114, 128, 72, 208, 195, 41, 254, 125,
       250, 230, 141, 93, 215, 216, 195, 230, 188, 11, 75, 253, 95, 38,
       152, 252, 221, 115, 200, 99, 250, 170, 123, 221, 133, 63, 103,
       255, 86, 102, 75, 189, 190, 187, 169, 253, 89, 7, 239, 95, 174,
       17, 190, 182, 66, 250, 207, 179, 254, 148, 159, 73, 115, 247, 223,
       223, 90, 91, 130, 68, 173, 127, 61, 221, 107, 173, 52, 199, 223,
       252, 68, 108, 220, 231, 115, 95, 179, 96, 124, 236, 31, 239, 203,
       179, 121, 189, 240, 237, 175, 148, 61, 187, 116, 241, 8, 92, 19,
       255, 118, 227, 179, 242, 30, 78, 90, 231, 253, 247, 161, 96, 255,
       123, 23, 3, 163, 188, 106, 255, 100, 166, 186, 128, 156, 91, 53,
       251, 222, 60, 190, 178, 173, 253, 212, 203, 191, 255, 159, 57,
       239, 254, 75, 203, 239, 247, 253, 21, 62, 103, 203, 162, 219, 247,
       127, 219, 194, 109, 143, 83, 206, 246, 182, 154, 235, 253, 156,
       236, 191, 126, 181, 57, 206, 254, 111, 159, 207, 245, 255, 131,
       116, 71, 234, 243, 159, 219, 95, 251, 146, 117, 143, 215, 64, 165,
       211, 163, 246, 168, 168, 135, 46, 49, 74, 192, 149, 162, 216, 64,
       99, 14, 106, 157, 18, 152, 199, 81, 172, 164, 158, 68, 132, 194,
       177, 136, 250, 45, 32, 186, 25, 221, 66, 104, 163, 4, 173, 9, 47,
       210, 3, 52, 216, 169, 73, 227, 14, 7, 90, 159, 177, 213, 137, 59,
       50, 7, 14, 38, 162, 170, 170, 154, 207, 241, 184, 199, 159, 87,
       80, 155, 168, 204, 118, 136, 201, 59, 147, 149, 150, 126, 238,
       241, 31, 16, 158, 107, 213, 12, 215, 222, 31, 159, 238, 151, 182,
       118, 63, 181, 56, 255, 95, 182, 253, 118, 154, 111, 119, 223, 183,
       159, 183, 216, 45, 239, 254, 47, 255, 196, 134, 246, 191, 253, 46,
       98, 165, 242, 109, 125, 220, 202, 155, 190, 181, 25, 74, 205, 93,
       159, 141, 217, 245, 23, 12, 103, 202, 128, 147, 219, 213, 191,
       195, 253, 94, 215, 107, 188, 183, 84, 223, 251, 182, 231, 253,
       171, 250, 122, 172, 188, 36, 167, 171, 127, 234, 1, 181, 251, 180,
       238, 63, 118, 30, 3, 195, 124, 235, 143, 152, 20, 191, 124, 203,
       237, 117, 87, 185, 91, 36, 24, 62, 191, 32, 59, 163, 51, 219, 0,
