%YAML:1.0
---
descriptors: !!opencv-matrix
   rows: 121
   cols: 32
   dt: u
   data: [ 80, 122, 26, 228, 50, 137, 83, 82, 168, 132, 160, 104, 183,
       147, 0, 16, 162, 48, 76, 64, 74, 15, 144, 45, 241, 133, 32, 56,
       96, 128, 7, 43, 104, 121, 179, 172, 125, 197, 55, 71, 236, 200,
       90, 43, 180, 150, 98, 230, 200, 127, 191, 65, 197, 155, 178, 200,
       241, 245, 174, 138, 8, 30, 245, 255, 190, 127, 72, 154, 223, 129,
       143, 234, 31, 142, 252, 171, 172, 204, 87, 0, 127, 251, 135, 211,
       106, 42, 106, 251, 61, 5, 175, 187, 245, 123, 23, 235, 3, 90, 10,
       155, 18, 130, 184, 70, 62, 65, 66, 231, 180, 130, 38, 72, 230, 43,
       51, 213, 38, 156, 3, 255, 4, 54, 154, 194, 28, 5, 41, 218, 220,
       29, 62, 173, 30, 67, 18, 56, 212, 232, 151, 171, 87, 126, 3, 99,
       112, 245, 253, 227, 173, 197, 93, 46, 249, 227, 235, 149, 44, 59,
       61, 19, 93, 103, 212, 71, 251, 22, 78, 248, 99, 172, 189, 76, 73,
       98, 223, 246, 118, 196, 108, 254, 196, 99, 237, 110, 62, 204, 39,
       60, 43, 247, 107, 5, 184, 121, 123, 238, 93, 196, 219, 112, 33,
       68, 245, 3, 59, 223, 34, 16, 248, 185, 151, 234, 75, 167, 240,
       175, 243, 237, 128, 57, 103, 139, 118, 250, 190, 214, 104, 111,
       250, 51, 159, 191, 22, 110, 157, 183, 249, 110, 158, 113, 95, 219,
       159, 167, 254, 6, 111, 63, 102, 143, 191, 189, 53, 241, 175, 219,
       189, 127, 86, 103, 211, 142, 126, 244, 49, 168, 126, 106, 123, 83,
       129, 181, 124, 252, 23, 234, 233, 210, 201, 172, 118, 233, 165,
       128, 107, 243, 202, 137, 75, 48, 151, 188, 107, 116, 152, 95, 171,
       219, 177, 125, 188, 254, 76, 186, 135, 51, 253, 1, 135, 75, 146,
       192, 147, 123, 90, 186, 200, 68, 171, 27, 92, 51, 156, 242, 168,
       44, 92, 25, 170, 189, 181, 93, 223, 119, 74, 90, 135, 23, 253, 20,
       26, 65, 203, 0, 203, 251, 127, 253, 130, 226, 139, 67, 49, 141,
       106, 138, 212, 145, 238, 239, 86, 4, 252, 135, 97, 232, 54, 64,
       122, 234, 2, 205, 214, 171, 30, 255, 120, 44, 142, 72, 117, 222,
       248, 204, 41, 153, 16, 187, 157, 221, 85, 223, 223, 17, 228, 16,
       190, 147, 34, 228, 201, 42, 186, 88, 91, 40, 82, 181, 237, 213,
       22, 123, 26, 8, 200, 138, 229, 54, 236, 197, 172, 47, 223, 25, 82,
       238, 149, 239, 211, 109, 223, 43, 94, 236, 127, 63, 173, 244, 237,
       10, 238, 139, 229, 180, 204, 251, 86, 81, 147, 207, 6, 155, 157,
       151, 134, 238, 221, 17, 218, 87, 234, 104, 54, 165, 249, 35, 138,
       103, 254, 169, 95, 255, 42, 94, 218, 83, 93, 12, 249, 140, 110,
       174, 188, 114, 185, 189, 93, 238, 187, 63, 165, 29, 238, 237, 78,
       31, 141, 243, 237, 23, 58, 107, 250, 247, 251, 215, 85, 127, 210,
       85, 143, 126, 136, 171, 146, 248, 169, 205, 116, 199, 175, 27,
       176, 49, 174, 187, 96, 26, 161, 51, 207, 144, 18, 15, 2, 243, 219,
       215, 54, 123, 210, 80, 167, 43, 244, 116, 127, 225, 198, 106, 111,
       121, 112, 226, 247, 50, 83, 23, 137, 123, 123, 220, 21, 186, 57,
       246, 185, 78, 223, 171, 231, 68, 173, 225, 102, 242, 39, 191, 232,
       3, 247, 177, 186, 207, 26, 229, 25, 183, 168, 172, 222, 160, 223,
       75, 147, 149, 150, 184, 252, 243, 46, 28, 159, 227, 221, 76, 219,
       212, 57, 93, 123, 238, 83, 196, 87, 244, 101, 64, 236, 4, 63, 223,
       33, 112, 246, 251, 149, 226, 75, 43, 56, 191, 243, 237, 7, 10,
       123, 50, 35, 251, 71, 210, 235, 129, 226, 66, 175, 189, 62, 255,
       86, 246, 93, 118, 222, 100, 55, 77, 55, 255, 211, 220, 173, 227,
       60, 14, 175, 196, 165, 182, 181, 245, 72, 177, 155, 186, 19, 204,
       49, 7, 174, 1, 201, 0, 190, 211, 40, 80, 160, 59, 73, 0, 82, 9,
       146, 87, 225, 181, 26, 74, 24, 2, 167, 58, 99, 48, 152, 172, 108,
       44, 216, 29, 43, 89, 49, 93, 157, 223, 90, 26, 150, 29, 117, 21,
       151, 70, 210, 193, 215, 253, 26, 126, 216, 67, 139, 19, 156, 159,
       111, 239, 182, 207, 95, 188, 20, 78, 223, 167, 243, 125, 58, 97,
       118, 242, 29, 231, 248, 152, 61, 63, 235, 239, 173, 209, 53, 251,
       180, 115, 70, 176, 164, 147, 237, 233, 185, 11, 143, 127, 11, 183,
       140, 190, 74, 206, 163, 11, 251, 21, 22, 76, 219, 211, 13, 22,
       159, 239, 140, 76, 157, 215, 33, 141, 75, 78, 112, 135, 239, 119,
       92, 192, 248, 206, 49, 174, 180, 48, 222, 171, 18, 172, 225, 186,
       116, 127, 52, 12, 166, 40, 93, 202, 226, 248, 77, 209, 173, 45,
       161, 14, 111, 189, 58, 122, 70, 68, 221, 119, 26, 115, 149, 85,
       113, 111, 193, 208, 57, 29, 229, 171, 111, 132, 90, 243, 131, 113,
       254, 245, 162, 62, 219, 213, 150, 237, 147, 222, 133, 143, 106,
       252, 79, 153, 253, 251, 209, 243, 110, 67, 250, 191, 251, 71, 221,
       191, 227, 126, 190, 94, 35, 173, 154, 218, 221, 189, 238, 231,
       223, 33, 108, 8, 176, 248, 118, 164, 217, 106, 18, 28, 22, 58, 90,
       255, 47, 28, 149, 121, 211, 90, 218, 140, 41, 181, 24, 219, 253,
       189, 81, 255, 207, 61, 45, 28, 174, 209, 106, 132, 201, 10, 202,
       24, 18, 56, 122, 149, 175, 221, 20, 127, 210, 74, 204, 238, 93,
       51, 152, 224, 168, 12, 92, 25, 171, 189, 189, 109, 223, 215, 74,
       90, 135, 21, 253, 20, 158, 73, 219, 0, 219, 253, 39, 253, 128,
       162, 139, 67, 154, 156, 181, 255, 243, 221, 124, 255, 63, 218,
       124, 245, 239, 255, 233, 189, 191, 219, 183, 4, 235, 124, 59, 255,
       175, 223, 85, 198, 254, 236, 4, 255, 2, 159, 102, 95, 210, 130,
       175, 227, 188, 134, 122, 166, 224, 230, 164, 68, 111, 123, 43,
       206, 208, 249, 38, 237, 60, 62, 206, 130, 69, 96, 37, 253, 220,
       44, 26, 250, 159, 173, 86, 98, 253, 10, 185, 72, 190, 219, 96,
       209, 225, 251, 78, 106, 122, 47, 138, 255, 187, 249, 34, 123, 80,
       75, 99, 35, 197, 50, 237, 101, 164, 30, 105, 25, 121, 238, 119,
       244, 211, 45, 159, 59, 22, 68, 124, 62, 181, 244, 229, 10, 206,
       251, 101, 132, 204, 234, 83, 113, 1, 145, 153, 239, 176, 175, 35,
       55, 62, 41, 90, 100, 247, 115, 136, 96, 181, 63, 124, 24, 19, 152,
       81, 61, 236, 166, 58, 192, 136, 2, 129, 57, 45, 36, 49, 113, 85,
       111, 225, 19, 116, 99, 227, 24, 146, 25, 28, 41, 217, 4, 74, 56,
       41, 244, 113, 6, 71, 158, 16, 84, 200, 73, 210, 162, 131, 141, 85,
       89, 149, 251, 166, 231, 95, 66, 248, 82, 170, 120, 181, 165, 201,
       42, 130, 136, 247, 188, 103, 255, 44, 94, 150, 2, 95, 92, 217,
       172, 188, 237, 228, 14, 157, 91, 70, 237, 83, 244, 236, 139, 107,
       232, 94, 149, 121, 206, 160, 230, 124, 242, 255, 189, 186, 227,
       197, 61, 119, 254, 254, 220, 45, 165, 173, 123, 141, 109, 71, 141,
       86, 115, 173, 24, 211, 121, 90, 42, 217, 74, 120, 90, 31, 112,
       123, 49, 239, 223, 213, 117, 208, 91, 208, 2, 229, 116, 184, 234,
       205, 44, 127, 153, 251, 114, 37, 29, 221, 219, 91, 26, 149, 237,
       113, 223, 147, 118, 218, 210, 87, 249, 1, 124, 216, 243, 195, 210,
       221, 193, 238, 237, 18, 66, 111, 184, 100, 64, 199, 130, 83, 103,
       186, 114, 118, 196, 61, 238, 201, 145, 189, 15, 241, 239, 227,
       132, 38, 179, 112, 96, 205, 18, 255, 101, 36, 46, 107, 16, 125,
       234, 119, 100, 223, 35, 147, 123, 214, 101, 60, 110, 177, 180,
       229, 72, 198, 251, 99, 132, 72, 227, 65, 113, 216, 28, 181, 255,
       141, 237, 213, 134, 95, 127, 238, 18, 190, 183, 65, 109, 201, 254,
       123, 8, 59, 124, 251, 243, 227, 254, 214, 18, 146, 93, 213, 122,
       41, 133, 115, 110, 86, 207, 239, 117, 92, 64, 105, 2, 249, 119,
       56, 112, 122, 42, 19, 44, 81, 186, 116, 15, 117, 173, 10, 8, 101,
       202, 103, 232, 97, 188, 57, 127, 125, 205, 83, 166, 127, 107, 112,
       8, 182, 56, 4, 48, 129, 42, 92, 24, 223, 56, 241, 63, 239, 222,
       20, 50, 200, 8, 82, 63, 72, 185, 155, 242, 163, 216, 49, 214, 175,
       29, 54, 56, 158, 151, 192, 252, 166, 27, 236, 80, 19, 89, 162,
       113, 219, 213, 118, 231, 130, 128, 135, 59, 131, 197, 44, 186,
       188, 187, 156, 175, 30, 119, 91, 159, 244, 108, 58, 1, 159, 3,
       187, 53, 246, 108, 79, 191, 232, 23, 255, 221, 156, 12, 153, 91,
