%YAML:1.0
---
descriptors: !!opencv-matrix
   rows: 169
   cols: 32
   dt: u
   data: [ 161, 151, 15, 164, 12, 143, 175, 116, 140, 196, 234, 199, 243,
       204, 38, 0, 252, 33, 107, 102, 212, 169, 18, 61, 113, 0, 79, 80,
       73, 10, 197, 90, 13, 99, 33, 175, 48, 30, 127, 184, 61, 76, 67,
       193, 223, 70, 155, 52, 148, 73, 92, 111, 204, 144, 109, 44, 228,
       208, 45, 148, 2, 191, 7, 85, 184, 142, 165, 186, 217, 253, 72,
       223, 187, 95, 160, 157, 175, 238, 82, 155, 137, 131, 205, 21, 190,
       111, 122, 179, 143, 211, 84, 88, 248, 204, 214, 90, 129, 235, 24,
       121, 36, 155, 109, 189, 126, 8, 118, 112, 183, 195, 144, 49, 18,
       40, 78, 78, 195, 180, 101, 61, 198, 249, 32, 128, 72, 144, 67,
       137, 40, 157, 62, 254, 189, 253, 126, 244, 191, 9, 125, 9, 255,
       255, 40, 144, 151, 123, 255, 10, 34, 169, 26, 191, 239, 255, 48,
       25, 82, 210, 206, 155, 129, 132, 127, 249, 52, 166, 107, 123, 118,
       73, 83, 86, 209, 195, 184, 97, 119, 40, 30, 188, 179, 156, 21, 95,
       204, 174, 186, 196, 28, 128, 33, 168, 34, 165, 194, 219, 215, 241,
       162, 239, 30, 5, 104, 131, 168, 248, 108, 132, 249, 59, 130, 144,
       22, 58, 30, 247, 45, 20, 158, 107, 211, 78, 175, 142, 208, 70, 27,
       165, 2, 10, 101, 51, 60, 130, 226, 84, 215, 35, 1, 89, 48, 196,
       108, 40, 105, 148, 65, 78, 244, 167, 114, 0, 40, 32, 3, 40, 94,
       250, 246, 114, 235, 57, 60, 138, 187, 191, 179, 187, 76, 174, 77,
       223, 167, 213, 239, 147, 22, 87, 139, 224, 158, 83, 95, 247, 167,
       117, 175, 23, 238, 242, 245, 244, 235, 121, 85, 154, 139, 190,
       180, 169, 142, 255, 207, 191, 135, 85, 237, 18, 78, 71, 234, 144,
       223, 209, 69, 191, 182, 252, 14, 103, 60, 2, 90, 184, 107, 249,
       80, 65, 165, 13, 241, 185, 79, 207, 34, 152, 190, 185, 197, 0, 28,
       131, 2, 20, 210, 209, 32, 219, 114, 132, 46, 211, 110, 176, 176,
       90, 237, 245, 209, 202, 219, 221, 180, 57, 10, 220, 110, 188, 201,
       139, 247, 16, 30, 103, 250, 241, 91, 91, 85, 127, 211, 13, 238,
       215, 34, 172, 188, 251, 253, 253, 184, 231, 159, 31, 149, 25, 172,
       255, 118, 136, 201, 59, 251, 21, 54, 110, 122, 247, 143, 223, 222,
       123, 208, 12, 141, 202, 43, 182, 232, 89, 246, 185, 184, 87, 123,
       77, 124, 191, 136, 140, 214, 136, 191, 11, 151, 149, 150, 190, 36,
       211, 14, 93, 186, 235, 215, 196, 207, 213, 18, 164, 251, 161, 118,
       227, 187, 67, 30, 229, 93, 179, 21, 159, 104, 32, 127, 27, 151,
       145, 18, 190, 36, 214, 221, 5, 186, 231, 181, 136, 53, 235, 221,
       76, 63, 253, 52, 238, 91, 144, 119, 74, 182, 112, 255, 83, 145,
       112, 151, 116, 125, 10, 171, 133, 41, 63, 227, 255, 51, 144, 42,
       145, 69, 35, 211, 164, 152, 172, 155, 37, 88, 47, 147, 179, 129,
       26, 133, 170, 88, 3, 133, 223, 125, 149, 62, 79, 219, 150, 152,
       209, 159, 125, 132, 0, 170, 6, 167, 221, 117, 207, 244, 3, 238,
       253, 92, 74, 251, 230, 121, 127, 188, 240, 254, 87, 55, 238, 225,
       179, 77, 255, 54, 238, 167, 148, 93, 186, 192, 185, 109, 176, 188,
       119, 141, 93, 197, 143, 123, 251, 38, 24, 210, 121, 91, 191, 129,
       70, 120, 24, 55, 120, 251, 32, 207, 223, 85, 118, 202, 120, 218,
       14, 53, 96, 227, 206, 76, 49, 207, 216, 66, 210, 153, 206, 83,
       232, 253, 42, 89, 192, 95, 239, 139, 99, 239, 161, 144, 207, 231,
       188, 253, 251, 114, 240, 163, 190, 248, 91, 245, 177, 176, 195,
       95, 95, 116, 127, 40, 156, 254, 173, 223, 59, 150, 17, 183, 126,
       38, 243, 14, 31, 186, 235, 223, 76, 255, 215, 153, 148, 31, 253,
       22, 230, 105, 123, 116, 67, 103, 82, 85, 51, 32, 97, 115, 7, 26,
       168, 57, 157, 49, 31, 249, 235, 178, 68, 56, 0, 161, 40, 144, 180,
       123, 241, 22, 227, 187, 67, 22, 37, 91, 178, 21, 31, 40, 32, 123,
       155, 23, 176, 58, 189, 33, 223, 217, 135, 186, 197, 181, 136, 53,
       162, 206, 250, 198, 144, 203, 180, 188, 194, 187, 191, 146, 255,
       12, 238, 103, 223, 167, 253, 235, 151, 54, 87, 138, 224, 30, 82,
       223, 231, 143, 117, 171, 215, 195, 56, 150, 148, 107, 60, 188, 71,
       187, 243, 146, 253, 172, 174, 70, 159, 167, 183, 255, 133, 149,
       93, 150, 192, 150, 114, 94, 131, 206, 228, 139, 95, 46, 168, 188,
       250, 253, 237, 241, 207, 159, 29, 181, 25, 172, 223, 106, 8, 201,
       27, 251, 17, 18, 111, 250, 245, 223, 215, 158, 123, 146, 13, 213,
       234, 130, 152, 42, 190, 79, 241, 184, 194, 159, 94, 80, 163, 44,
       156, 55, 8, 238, 59, 147, 193, 6, 15, 50, 243, 19, 85, 218, 171,
       21, 13, 53, 223, 110, 248, 244, 82, 249, 253, 255, 200, 187, 255,
       245, 188, 104, 247, 207, 60, 127, 222, 243, 222, 178, 103, 250,
       247, 31, 30, 133, 254, 219, 255, 238, 245, 78, 175, 164, 31, 185,
       189, 190, 172, 190, 183, 15, 133, 236, 230, 223, 207, 135, 99,
       235, 87, 182, 73, 174, 115, 108, 54, 95, 251, 144, 87, 141, 92,
       10, 141, 166, 155, 249, 165, 189, 239, 159, 23, 204, 151, 172,
       230, 46, 196, 207, 123, 187, 133, 50, 75, 250, 247, 45, 118, 222,
       203, 150, 68, 165, 254, 109, 14, 79, 109, 52, 174, 99, 18, 108,
       136, 126, 76, 211, 33, 145, 112, 208, 100, 108, 60, 137, 176, 97,
       46, 196, 255, 32, 128, 200, 251, 80, 33, 209, 30, 31, 191, 16,
       142, 33, 54, 52, 72, 194, 84, 183, 22, 160, 97, 64, 38, 106, 12,
       41, 153, 113, 44, 213, 163, 58, 16, 8, 8, 33, 57, 205, 120, 157,
       118, 169, 44, 81, 158, 251, 187, 166, 92, 222, 177, 75, 122, 129,
       70, 108, 24, 163, 101, 187, 34, 203, 255, 85, 126, 200, 113, 67,
       43, 241, 174, 190, 90, 170, 189, 20, 207, 246, 31, 181, 60, 230,
       226, 206, 91, 201, 226, 108, 12, 186, 111, 235, 35, 155, 203, 119,
       123, 240, 72, 230, 111, 234, 94, 148, 183, 141, 43, 180, 143, 159,
       183, 162, 57, 238, 57, 65, 203, 201, 119, 235, 17, 60, 252, 203,
       170, 143, 211, 87, 51, 130, 124, 156, 10, 51, 173, 9, 57, 159,
       197, 147, 231, 142, 65, 168, 3, 50, 92, 6, 32, 248, 163, 91, 53,
       30, 43, 114, 93, 121, 46, 10, 90, 209, 8, 227, 202, 40, 201, 91,
       237, 84, 198, 107, 182, 84, 0, 126, 66, 179, 51, 176, 112, 120,
       186, 6, 200, 9, 186, 17, 191, 119, 173, 162, 0, 49, 152, 96, 40,
       114, 172, 140, 184, 168, 173, 76, 207, 183, 27, 184, 185, 183,
       173, 80, 27, 141, 147, 125, 21, 63, 79, 74, 49, 154, 211, 244,
       248, 216, 76, 218, 26, 76, 71, 32, 167, 181, 14, 110, 184, 101,
       160, 202, 77, 207, 97, 25, 180, 18, 204, 77, 111, 200, 144, 221,
       172, 165, 245, 7, 4, 38, 247, 215, 160, 217, 238, 132, 182, 169,
       49, 92, 175, 119, 183, 132, 57, 204, 227, 82, 215, 67, 198, 232,
       157, 46, 79, 207, 242, 216, 83, 87, 125, 146, 4, 171, 14, 243,
       166, 140, 181, 168, 161, 12, 143, 154, 187, 146, 122, 181, 154,
       218, 43, 201, 207, 124, 145, 62, 79, 195, 39, 204, 179, 255, 249,
       140, 64, 154, 13, 131, 205, 255, 254, 252, 195, 191, 239, 158,
       202, 216, 226, 244, 255, 244, 96, 255, 127, 63, 207, 97, 79, 170,
       251, 252, 62, 239, 168, 28, 248, 177, 169, 117, 199, 200, 174,
       140, 7, 79, 252, 83, 210, 185, 206, 83, 233, 249, 34, 89, 192, 52,
       239, 201, 99, 158, 186, 240, 207, 229, 188, 125, 251, 240, 16,
       142, 28, 43, 190, 85, 199, 187, 66, 159, 68, 85, 131, 252, 223,
       55, 64, 254, 59, 147, 199, 38, 159, 58, 255, 119, 119, 138, 11,
       23, 47, 53, 242, 120, 177, 61, 120, 153, 217, 81, 111, 235, 81,
       173, 8, 190, 183, 12, 177, 201, 147, 88, 0, 27, 43, 250, 85, 219,
       217, 82, 127, 218, 0, 199, 42, 10, 249, 115, 217, 253, 221, 189,
       239, 143, 93, 124, 167, 188, 222, 118, 224, 239, 59, 215, 133,
       211, 58, 114, 245, 127, 29, 158, 235, 30, 12, 165, 251, 181, 205,
       93, 239, 180, 2, 206, 189, 92, 106, 251, 226, 85, 122, 188, 224,
       255, 215, 63, 238, 225, 177, 77, 63, 48, 239, 231, 148, 93, 251,
       233, 161, 137, 222, 31, 254, 236, 165, 191, 255, 158, 31, 88, 114,
       253, 243, 168, 97, 239, 123, 63, 11, 226, 13, 42, 255, 244, 255,
