%YAML:1.0
---
descriptors: !!opencv-matrix
   rows: 114
   cols: 32
   dt: u
   data: [ 84, 185, 61, 250, 168, 204, 17, 233, 166, 61, 161, 8, 151,
       215, 64, 115, 128, 151, 109, 80, 26, 75, 250, 17, 217, 225, 123,
       125, 144, 0, 135, 114, 41, 174, 50, 93, 116, 187, 96, 119, 127,
       13, 126, 88, 171, 160, 150, 148, 179, 42, 70, 12, 182, 184, 101,
       127, 46, 222, 48, 64, 194, 200, 202, 141, 220, 34, 156, 182, 137,
       108, 89, 138, 179, 183, 143, 25, 223, 247, 75, 90, 129, 247, 237,
       144, 8, 71, 219, 2, 219, 227, 89, 25, 160, 113, 46, 82, 222, 87,
       122, 228, 118, 18, 190, 120, 41, 164, 127, 231, 77, 79, 191, 192,
       54, 245, 151, 231, 196, 181, 13, 206, 246, 233, 235, 132, 47, 183,
       41, 145, 37, 61, 139, 55, 156, 63, 198, 254, 116, 234, 250, 76,
       243, 120, 89, 160, 217, 238, 80, 63, 253, 254, 253, 46, 168, 207,
       37, 68, 201, 251, 250, 156, 154, 175, 46, 180, 178, 178, 60, 247,
       180, 134, 202, 167, 45, 174, 34, 193, 183, 247, 205, 165, 124,
       201, 5, 79, 250, 231, 47, 195, 37, 116, 173, 91, 15, 182, 242,
       201, 247, 221, 249, 83, 111, 77, 125, 166, 156, 159, 254, 228,
       255, 9, 151, 157, 151, 186, 52, 213, 95, 93, 34, 236, 223, 134,
       239, 245, 33, 134, 204, 5, 20, 11, 225, 43, 118, 162, 106, 64,
       243, 32, 144, 208, 121, 140, 98, 44, 41, 248, 69, 15, 44, 46, 117,
       4, 105, 168, 90, 136, 95, 4, 111, 71, 87, 22, 235, 120, 117, 226,
       207, 130, 89, 108, 60, 228, 122, 204, 59, 239, 249, 240, 189, 206,
       23, 111, 139, 4, 47, 167, 112, 52, 11, 113, 126, 169, 109, 159,
       248, 81, 237, 121, 214, 103, 190, 156, 54, 224, 238, 189, 255, 69,
       135, 187, 87, 209, 214, 121, 138, 131, 79, 12, 57, 159, 180, 223,
       196, 79, 154, 2, 207, 253, 20, 166, 252, 230, 113, 99, 157, 84,
       127, 198, 5, 238, 248, 146, 77, 63, 124, 174, 231, 148, 53, 243,
       230, 177, 55, 114, 226, 136, 229, 27, 214, 92, 79, 111, 221, 255,
       10, 136, 191, 140, 223, 137, 135, 53, 156, 183, 100, 194, 146, 92,
       16, 191, 247, 255, 248, 197, 109, 71, 68, 69, 160, 26, 79, 184,
       97, 162, 190, 236, 67, 98, 157, 247, 22, 196, 108, 238, 204, 242,
       109, 12, 54, 233, 229, 148, 111, 247, 74, 4, 53, 7, 212, 197, 40,
       42, 76, 43, 60, 162, 234, 192, 87, 99, 129, 83, 122, 196, 108, 44,
       104, 240, 69, 76, 188, 162, 71, 4, 64, 232, 33, 32, 189, 89, 106,
       77, 100, 67, 199, 248, 84, 232, 244, 102, 82, 121, 183, 48, 88,
       232, 23, 106, 233, 182, 109, 190, 114, 233, 165, 148, 127, 187,
       88, 243, 31, 82, 82, 163, 114, 27, 58, 216, 45, 236, 119, 231, 93,
       198, 139, 220, 54, 205, 230, 254, 133, 149, 13, 200, 150, 225, 43,
       132, 47, 183, 43, 213, 93, 156, 142, 190, 188, 22, 78, 250, 22,
       234, 150, 198, 113, 238, 187, 97, 127, 247, 61, 175, 253, 203,
       191, 191, 250, 239, 239, 220, 189, 240, 57, 89, 120, 41, 58, 104,
       253, 205, 87, 214, 227, 13, 236, 8, 63, 159, 3, 48, 160, 250, 196,
       72, 10, 43, 178, 61, 251, 237, 32, 57, 226, 145, 78, 234, 190, 48,
       247, 193, 207, 86, 177, 73, 213, 254, 247, 178, 8, 220, 255, 175,
       252, 157, 166, 179, 205, 247, 167, 192, 31, 88, 199, 175, 71, 44,
       116, 247, 103, 177, 225, 71, 244, 94, 79, 189, 99, 224, 125, 200,
       123, 93, 221, 180, 62, 206, 85, 255, 219, 146, 252, 204, 63, 124,
       133, 228, 103, 182, 214, 228, 92, 176, 158, 242, 170, 96, 27, 232,
       179, 21, 165, 185, 95, 223, 106, 90, 247, 215, 253, 146, 30, 67,
       154, 160, 219, 231, 127, 127, 160, 131, 175, 83, 206, 111, 119,
       195, 231, 62, 239, 229, 233, 182, 191, 158, 201, 42, 156, 255, 47,
       199, 223, 255, 241, 119, 172, 228, 55, 123, 206, 193, 167, 215,
       255, 229, 33, 110, 255, 87, 100, 31, 231, 254, 89, 250, 124, 72,
       243, 121, 149, 47, 156, 94, 86, 106, 225, 244, 105, 46, 39, 223,
       117, 128, 65, 251, 82, 237, 182, 255, 174, 54, 172, 87, 222, 253,
       138, 254, 156, 45, 115, 236, 94, 51, 157, 227, 213, 231, 252, 111,
       58, 63, 251, 79, 237, 253, 197, 111, 222, 219, 108, 32, 189, 99,
       13, 111, 65, 13, 66, 190, 173, 8, 210, 113, 73, 58, 217, 148, 104,
       56, 10, 98, 251, 16, 203, 223, 69, 53, 208, 106, 70, 34, 229, 56,
       61, 103, 5, 111, 67, 152, 100, 234, 163, 72, 210, 113, 25, 59,
       152, 196, 120, 106, 169, 246, 121, 56, 197, 155, 65, 52, 200, 123,
       82, 32, 1, 189, 155, 245, 240, 173, 96, 55, 127, 41, 106, 88, 190,
       179, 64, 112, 181, 62, 54, 24, 19, 184, 145, 87, 173, 190, 48, 64,
       200, 64, 131, 169, 56, 233, 80, 56, 89, 221, 86, 238, 135, 4, 172,
       9, 47, 217, 98, 144, 136, 187, 199, 64, 78, 43, 90, 189, 251, 213,
       5, 59, 115, 30, 78, 138, 237, 88, 141, 101, 4, 14, 111, 152, 100,
       234, 242, 68, 211, 81, 145, 123, 88, 228, 92, 110, 233, 180, 93,
       40, 229, 168, 225, 20, 73, 251, 80, 32, 94, 165, 144, 176, 185,
       248, 80, 143, 171, 189, 136, 57, 142, 191, 74, 154, 129, 159, 237,
       17, 30, 75, 202, 178, 155, 213, 31, 127, 130, 68, 143, 10, 122,
       169, 16, 184, 153, 221, 84, 239, 171, 61, 168, 9, 46, 223, 74,
       144, 129, 155, 205, 17, 94, 11, 218, 181, 187, 213, 21, 123, 50,
       4, 142, 10, 125, 220, 174, 190, 156, 38, 94, 190, 86, 234, 215,
       94, 113, 255, 58, 97, 93, 239, 61, 175, 189, 223, 191, 191, 251,
       239, 255, 212, 172, 249, 184, 80, 216, 181, 190, 50, 203, 232, 17,
       255, 178, 181, 36, 57, 191, 255, 74, 19, 167, 215, 233, 144, 62,
       75, 154, 19, 217, 195, 117, 111, 224, 64, 167, 26, 32, 187, 154,
       248, 57, 197, 17, 200, 142, 29, 164, 37, 164, 215, 96, 88, 192,
       59, 195, 16, 18, 11, 178, 17, 203, 129, 26, 127, 144, 8, 39, 235,
       228, 253, 241, 85, 179, 239, 167, 183, 250, 166, 42, 24, 246, 181,
       197, 52, 179, 126, 96, 10, 97, 252, 184, 43, 45, 190, 85, 54, 194,
       112, 199, 235, 122, 49, 22, 184, 155, 233, 80, 67, 171, 37, 169,
       189, 15, 158, 10, 152, 166, 179, 237, 16, 30, 75, 146, 148, 145,
       209, 24, 123, 186, 4, 175, 87, 54, 66, 234, 172, 252, 27, 218, 72,
       31, 142, 213, 255, 75, 204, 191, 8, 223, 169, 151, 55, 140, 183,
       100, 130, 146, 85, 169, 191, 245, 255, 92, 197, 23, 150, 51, 137,
       215, 118, 171, 218, 109, 93, 223, 86, 92, 62, 190, 100, 245, 3,
       31, 189, 183, 155, 61, 215, 25, 124, 138, 198, 151, 7, 53, 245,
       34, 45, 122, 94, 93, 223, 214, 224, 219, 6, 229, 8, 98, 216, 55,
       52, 216, 248, 194, 66, 78, 163, 58, 255, 51, 30, 5, 59, 67, 14,
       126, 174, 62, 98, 226, 168, 125, 191, 219, 72, 31, 207, 221, 143,
       14, 204, 127, 156, 220, 169, 151, 21, 140, 166, 102, 194, 147, 85,
       137, 191, 215, 127, 30, 199, 10, 186, 62, 187, 109, 157, 184, 71,
       143, 93, 212, 23, 172, 158, 102, 200, 236, 59, 191, 149, 150, 152,
       115, 241, 207, 217, 218, 99, 152, 12, 141, 223, 92, 113, 153, 230,
       139, 68, 23, 216, 163, 188, 141, 40, 95, 215, 73, 114, 180, 213,
       253, 98, 74, 67, 186, 48, 241, 193, 45, 63, 32, 115, 6, 115, 244,
       102, 252, 242, 232, 41, 83, 200, 3, 190, 181, 25, 67, 79, 75, 27,
       25, 208, 101, 50, 42, 102, 235, 18, 223, 195, 101, 61, 241, 251,
       70, 226, 207, 156, 172, 183, 149, 254, 118, 174, 30, 247, 7, 17,
       238, 253, 91, 75, 145, 103, 185, 87, 118, 220, 27, 175, 239, 87,
       223, 87, 138, 127, 153, 90, 10, 176, 176, 155, 237, 221, 176, 199,
       175, 89, 245, 31, 172, 158, 126, 174, 233, 27, 219, 17, 23, 110,
       250, 241, 15, 89, 218, 107, 218, 12, 143, 222, 9, 211, 119, 89,
       116, 159, 233, 247, 127, 93, 118, 228, 185, 156, 180, 228, 126,
       58, 22, 12, 195, 184, 39, 213, 38, 248, 54, 192, 95, 156, 225,
       253, 16, 127, 254, 101, 178, 75, 181, 247, 40, 174, 126, 234, 55,
       53, 129, 16, 38, 118, 77, 32, 96, 185, 129, 14, 250, 167, 37, 145,
       101, 240, 199, 171, 56, 181, 121, 66, 209, 205, 215, 239, 91, 61,
       45, 24, 10, 221, 76, 52, 153, 154, 198, 16, 90, 58, 122, 23, 123,
       221, 21, 127, 211, 10, 198, 234, 9, 158, 74, 137, 214, 250, 171,
