%YAML:1.0
---
descriptors: !!opencv-matrix
   rows: 107
   cols: 32
   dt: u
   data: [ 217, 1, 237, 197, 38, 114, 239, 24, 118, 226, 86, 214, 241,
       38, 211, 110, 54, 76, 61, 239, 161, 212, 173, 74, 196, 47, 235,
       132, 175, 241, 49, 113, 11, 241, 123, 237, 112, 135, 127, 247, 47,
       73, 124, 228, 189, 191, 144, 112, 182, 59, 23, 204, 211, 152, 53,
       255, 238, 253, 46, 192, 30, 130, 163, 249, 193, 143, 22, 220, 189,
       156, 68, 55, 253, 31, 166, 84, 190, 226, 32, 101, 128, 34, 78, 12,
       246, 45, 50, 87, 171, 249, 16, 88, 90, 136, 201, 5, 73, 141, 255,
       237, 180, 142, 111, 183, 111, 129, 126, 2, 249, 43, 144, 112, 123,
       239, 62, 136, 219, 184, 245, 207, 239, 239, 182, 64, 174, 242,
       225, 40, 61, 205, 67, 206, 94, 131, 79, 248, 215, 0, 249, 194,
       115, 193, 189, 228, 122, 232, 22, 234, 201, 35, 46, 191, 50, 172,
       167, 156, 63, 187, 112, 160, 158, 13, 98, 255, 119, 242, 250, 112,
       85, 198, 223, 130, 121, 111, 181, 225, 126, 249, 151, 239, 232,
       144, 44, 239, 87, 235, 235, 129, 55, 239, 116, 209, 31, 29, 123,
       207, 54, 182, 251, 112, 85, 206, 223, 166, 125, 127, 179, 228,
       126, 56, 151, 175, 241, 145, 45, 239, 210, 127, 171, 128, 55, 231,
       117, 241, 47, 94, 106, 254, 117, 247, 187, 80, 85, 76, 125, 167,
       57, 221, 183, 164, 126, 248, 151, 239, 167, 182, 44, 191, 87, 93,
       163, 171, 95, 175, 124, 243, 175, 90, 107, 93, 100, 246, 251, 80,
       85, 206, 84, 230, 57, 220, 183, 236, 94, 120, 151, 79, 165, 182,
       100, 234, 70, 127, 170, 128, 95, 253, 116, 245, 183, 150, 98, 1,
       247, 58, 248, 95, 121, 103, 255, 183, 73, 12, 190, 93, 127, 141,
       151, 181, 188, 182, 37, 198, 26, 94, 138, 199, 239, 204, 238, 213,
       43, 169, 64, 168, 93, 149, 90, 239, 71, 33, 252, 11, 42, 152, 126,
       148, 200, 139, 146, 213, 94, 42, 90, 247, 62, 93, 144, 123, 91,
       14, 218, 142, 109, 212, 24, 252, 9, 77, 87, 184, 87, 122, 180, 12,
       247, 123, 74, 121, 213, 209, 124, 35, 239, 102, 219, 19, 223, 223,
       117, 60, 120, 40, 8, 26, 157, 13, 104, 225, 246, 82, 239, 184,
       117, 224, 94, 130, 89, 47, 147, 97, 126, 204, 23, 254, 241, 176,
       45, 238, 111, 73, 167, 196, 39, 179, 116, 241, 227, 114, 233, 188,
       78, 65, 157, 220, 154, 254, 144, 255, 52, 220, 107, 27, 254, 217,
       23, 231, 231, 71, 246, 211, 80, 0, 239, 191, 61, 56, 55, 223, 189,
       112, 252, 107, 236, 91, 207, 152, 66, 186, 181, 10, 211, 93, 219,
       59, 89, 220, 119, 122, 232, 118, 253, 56, 127, 203, 229, 188, 247,
       187, 86, 176, 203, 217, 135, 154, 203, 148, 188, 247, 159, 89, 82,
       215, 44, 254, 62, 238, 231, 99, 179, 157, 215, 220, 22, 227, 30,
       126, 222, 202, 159, 20, 185, 221, 2, 217, 51, 253, 116, 194, 57,
       101, 30, 9, 82, 67, 180, 154, 48, 64, 254, 57, 51, 193, 66, 152,
       0, 221, 37, 52, 154, 2, 20, 8, 181, 139, 141, 253, 19, 178, 247,
       249, 190, 244, 205, 114, 25, 239, 239, 252, 251, 166, 159, 99,
       222, 115, 247, 37, 60, 163, 168, 85, 15, 190, 222, 127, 137, 213,
       210, 188, 150, 184, 187, 233, 144, 231, 191, 23, 168, 57, 174,
       190, 102, 91, 227, 59, 235, 17, 54, 79, 146, 247, 153, 215, 94,
       123, 144, 68, 167, 90, 14, 20, 118, 200, 231, 99, 188, 107, 157,
       35, 91, 179, 76, 255, 60, 77, 255, 23, 151, 161, 176, 243, 0, 196,
       87, 63, 218, 199, 151, 108, 169, 147, 221, 100, 236, 247, 182, 62,
       123, 48, 113, 234, 23, 146, 219, 111, 154, 235, 55, 116, 253, 190,
       249, 212, 237, 206, 239, 239, 231, 197, 167, 247, 216, 113, 128,
       208, 19, 189, 116, 134, 171, 118, 60, 9, 82, 114, 180, 131, 32,
       64, 126, 57, 2, 193, 99, 156, 1, 223, 164, 164, 186, 192, 28, 8,
       49, 185, 126, 2, 224, 138, 179, 112, 90, 137, 27, 7, 149, 179, 73,
       238, 254, 220, 127, 155, 141, 149, 158, 3, 172, 211, 210, 117,
       154, 255, 183, 207, 172, 85, 67, 4, 189, 220, 172, 102, 157, 143,
       94, 31, 30, 50, 244, 60, 253, 106, 195, 83, 61, 153, 178, 105, 47,
       227, 233, 62, 254, 156, 148, 80, 181, 107, 38, 141, 112, 232, 253,
       19, 254, 235, 9, 0, 184, 10, 205, 106, 52, 212, 255, 137, 151,
       163, 216, 43, 72, 221, 190, 220, 139, 252, 23, 174, 241, 133, 3,
       147, 137, 147, 228, 221, 169, 181, 30, 127, 87, 247, 140, 36, 250,
       204, 39, 10, 7, 29, 151, 216, 125, 241, 12, 22, 250, 224, 156,
       206, 157, 253, 251, 148, 104, 105, 118, 22, 219, 59, 23, 104, 95,
       182, 89, 31, 182, 228, 127, 157, 181, 172, 217, 158, 101, 159,
       110, 253, 171, 197, 55, 174, 248, 117, 62, 69, 250, 230, 247, 18,
       254, 117, 93, 132, 255, 131, 107, 109, 191, 100, 126, 235, 151,
       235, 236, 178, 36, 202, 243, 253, 166, 129, 103, 254, 252, 207,
       27, 19, 119, 195, 23, 183, 168, 81, 79, 113, 159, 70, 72, 12, 188,
       236, 174, 23, 186, 157, 135, 177, 61, 213, 23, 91, 218, 86, 71,
       142, 249, 117, 47, 199, 233, 9, 252, 25, 207, 191, 75, 253, 60,
       239, 73, 108, 222, 167, 95, 194, 22, 127, 247, 106, 111, 176, 46,
       89, 229, 252, 255, 254, 216, 245, 58, 76, 118, 255, 119, 179, 250,
       242, 85, 194, 244, 163, 57, 93, 181, 97, 126, 249, 151, 239, 172,
       180, 100, 253, 86, 255, 170, 129, 119, 189, 120, 203, 43, 90, 234,
       92, 100, 118, 249, 86, 89, 206, 118, 102, 56, 172, 183, 111, 124,
       108, 182, 237, 133, 242, 182, 200, 22, 59, 242, 139, 79, 253, 124,
       253, 6, 168, 149, 179, 162, 168, 185, 131, 62, 55, 83, 19, 140,
       51, 72, 74, 167, 27, 43, 145, 18, 216, 139, 224, 141, 22, 94, 70,
       132, 65, 165, 162, 255, 118, 107, 224, 174, 118, 223, 218, 81,
       206, 148, 246, 89, 93, 251, 237, 127, 212, 159, 255, 237, 103,
       245, 174, 242, 75, 239, 220, 47, 253, 252, 113, 46, 173, 48, 138,
       85, 245, 178, 72, 95, 5, 121, 11, 172, 204, 54, 132, 216, 59, 131,
       81, 6, 58, 88, 253, 31, 20, 139, 107, 215, 15, 95, 198, 63, 92,
       114, 255, 119, 247, 250, 208, 93, 194, 92, 163, 121, 93, 183, 108,
       126, 249, 151, 237, 164, 176, 116, 254, 71, 255, 170, 129, 247,
       255, 124, 219, 190, 8, 118, 253, 111, 246, 248, 48, 205, 146, 246,
       131, 201, 111, 181, 107, 238, 241, 191, 235, 184, 231, 103, 236,
       151, 251, 203, 139, 183, 173, 116, 199, 43, 82, 235, 77, 100, 116,
       189, 87, 73, 206, 94, 231, 185, 188, 183, 110, 206, 108, 183, 141,
       133, 182, 231, 200, 102, 125, 250, 136, 79, 254, 116, 253, 255,
       126, 238, 225, 175, 86, 221, 215, 85, 254, 150, 247, 27, 61, 247,
       239, 239, 212, 159, 167, 237, 255, 245, 138, 119, 223, 255, 183,
       175, 252, 252, 127, 233, 85, 113, 205, 205, 13, 109, 21, 25, 224,
       100, 92, 26, 19, 21, 213, 116, 164, 59, 110, 224, 20, 240, 218,
       119, 249, 133, 56, 58, 188, 208, 32, 136, 217, 60, 191, 46, 201,
       181, 182, 204, 122, 22, 35, 252, 29, 34, 107, 34, 83, 127, 67,
       225, 125, 35, 181, 69, 163, 122, 195, 124, 25, 21, 219, 253, 95,
       109, 232, 175, 118, 93, 255, 85, 238, 150, 247, 91, 61, 179, 239,
       127, 212, 159, 238, 237, 231, 117, 142, 243, 235, 231, 148, 63,
       253, 252, 113, 123, 163, 237, 1, 214, 27, 233, 191, 83, 241, 54,
       239, 81, 44, 214, 38, 63, 196, 55, 189, 253, 120, 229, 220, 62,
       79, 165, 228, 239, 172, 216, 253, 195, 91, 106, 130, 228, 183,
       250, 22, 79, 105, 223, 95, 8, 136, 246, 104, 238, 141, 63, 223,
       148, 191, 29, 240, 94, 89, 186, 193, 13, 159, 249, 21, 239, 148,
       167, 149, 165, 126, 180, 183, 25, 255, 26, 119, 204, 60, 94, 207,
       225, 70, 187, 21, 180, 253, 185, 226, 175, 122, 95, 71, 138, 124,
       213, 87, 157, 223, 49, 183, 182, 62, 254, 247, 93, 107, 91, 118,
       127, 56, 155, 169, 191, 207, 150, 103, 253, 252, 45, 175, 188,
       111, 126, 128, 237, 223, 153, 93, 156, 221, 187, 183, 182, 232,
       119, 183, 117, 223, 95, 51, 118, 253, 107, 99, 179, 251, 53, 83,
       250, 252, 40, 107, 233, 167, 117, 193, 164, 251, 252, 91, 143,
       255, 204, 178, 215, 189, 126, 183, 155, 218, 29, 255, 239, 121,
