%YAML:1.0
---
descriptors: !!opencv-matrix
   rows: 131
   cols: 32
   dt: u
   data: [ 1, 170, 155, 233, 108, 169, 169, 23, 174, 3, 122, 208, 149,
       131, 208, 104, 103, 41, 86, 29, 147, 60, 199, 82, 12, 140, 58,
       228, 140, 136, 3, 169, 9, 207, 86, 69, 116, 31, 239, 182, 108, 10,
       126, 64, 255, 33, 145, 164, 58, 96, 86, 110, 225, 184, 5, 127, 36,
       31, 98, 192, 78, 168, 75, 169, 133, 164, 157, 243, 236, 169, 169,
       155, 94, 51, 49, 88, 159, 225, 216, 43, 175, 11, 110, 25, 51, 124,
       203, 211, 204, 155, 119, 100, 220, 200, 129, 161, 62, 240, 244,
       245, 55, 220, 216, 184, 123, 221, 52, 167, 111, 127, 95, 158, 191,
       249, 181, 149, 142, 112, 62, 205, 203, 219, 207, 199, 231, 164,
       79, 87, 59, 48, 124, 108, 47, 215, 88, 24, 75, 252, 119, 173, 31,
       157, 182, 188, 150, 29, 181, 5, 142, 250, 51, 157, 67, 251, 49,
       247, 86, 141, 92, 119, 38, 161, 244, 131, 237, 109, 184, 73, 79,
       181, 57, 27, 206, 60, 92, 142, 187, 27, 223, 17, 18, 120, 219,
       208, 141, 28, 93, 127, 212, 78, 207, 134, 198, 129, 150, 159, 137,
       38, 164, 199, 188, 19, 194, 82, 134, 178, 96, 79, 233, 71, 42, 81,
       56, 251, 131, 226, 189, 50, 222, 71, 128, 120, 161, 14, 198, 173,
       132, 182, 159, 136, 238, 165, 187, 144, 17, 139, 237, 234, 93, 71,
       163, 99, 121, 211, 98, 72, 158, 253, 173, 82, 207, 239, 4, 55, 19,
       14, 164, 13, 150, 250, 252, 171, 146, 200, 223, 147, 249, 25, 206,
       249, 101, 201, 215, 121, 111, 114, 48, 103, 10, 190, 138, 222, 65,
       126, 208, 235, 1, 131, 77, 176, 189, 101, 37, 92, 113, 56, 232,
       217, 38, 8, 222, 115, 73, 58, 128, 84, 120, 24, 1, 96, 179, 0, 79,
       251, 69, 78, 202, 34, 67, 51, 238, 252, 188, 122, 233, 253, 22,
       142, 203, 119, 32, 57, 190, 252, 71, 59, 135, 115, 249, 83, 118,
       110, 250, 49, 111, 219, 85, 59, 210, 93, 143, 95, 195, 152, 151,
       181, 139, 236, 48, 39, 190, 251, 130, 117, 236, 246, 66, 203, 135,
       119, 248, 21, 55, 77, 211, 97, 141, 50, 95, 82, 128, 76, 129, 95,
       3, 72, 46, 58, 77, 183, 184, 96, 206, 84, 88, 15, 236, 200, 55, 9,
       168, 35, 219, 71, 166, 43, 30, 253, 82, 83, 202, 11, 93, 31, 121,
       206, 228, 12, 150, 250, 189, 43, 146, 202, 223, 146, 185, 88, 206,
       233, 109, 223, 211, 127, 110, 50, 48, 103, 74, 254, 136, 222, 67,
       126, 212, 107, 1, 133, 194, 233, 4, 190, 207, 201, 238, 172, 187,
       144, 1, 27, 236, 234, 88, 67, 179, 235, 121, 227, 114, 68, 154,
       255, 189, 18, 207, 187, 4, 51, 147, 134, 253, 245, 149, 228, 168,
       15, 94, 184, 59, 186, 171, 104, 223, 115, 73, 51, 151, 213, 125,
       99, 233, 67, 219, 50, 249, 251, 103, 62, 8, 243, 131, 1, 196, 233,
       150, 151, 133, 0, 38, 228, 58, 147, 130, 82, 228, 178, 72, 79,
       225, 78, 42, 210, 106, 221, 139, 227, 189, 50, 223, 66, 136, 120,
       161, 142, 125, 116, 149, 234, 189, 111, 82, 216, 59, 186, 177, 72,
       223, 115, 73, 190, 221, 213, 124, 122, 41, 99, 91, 182, 187, 219,
       69, 126, 218, 123, 66, 51, 75, 54, 239, 5, 34, 62, 56, 54, 40,
       207, 94, 229, 253, 46, 130, 210, 166, 71, 253, 133, 133, 216, 165,
       104, 70, 119, 122, 128, 138, 228, 43, 89, 74, 112, 116, 237, 47,
       211, 88, 28, 171, 236, 116, 163, 13, 159, 214, 182, 134, 189, 181,
       237, 198, 84, 167, 209, 195, 249, 169, 175, 39, 134, 94, 95, 125,
       177, 154, 231, 176, 14, 90, 249, 43, 169, 255, 77, 255, 251, 74,
       80, 156, 207, 124, 108, 223, 186, 217, 37, 251, 253, 37, 100, 74,
       130, 202, 139, 85, 82, 249, 165, 34, 46, 107, 24, 120, 170, 211,
       229, 215, 35, 201, 90, 118, 197, 125, 231, 136, 212, 197, 8, 212,
       225, 111, 132, 172, 243, 35, 65, 240, 72, 207, 244, 14, 74, 109,
       32, 185, 178, 178, 90, 91, 99, 133, 91, 106, 229, 108, 234, 105,
       71, 203, 200, 208, 235, 255, 16, 37, 241, 118, 32, 26, 48, 124,
       229, 39, 254, 216, 24, 235, 252, 52, 163, 111, 223, 86, 22, 190,
       189, 181, 213, 142, 112, 182, 221, 195, 217, 137, 167, 103, 164,
       79, 87, 228, 205, 136, 250, 172, 97, 198, 204, 195, 18, 185, 74,
       243, 224, 249, 162, 217, 194, 74, 250, 127, 39, 206, 162, 184,
       156, 135, 125, 221, 251, 250, 128, 185, 70, 107, 110, 116, 7, 75,
       120, 81, 232, 117, 230, 115, 73, 191, 49, 126, 172, 23, 238, 233,
       182, 44, 158, 114, 205, 160, 128, 111, 187, 114, 249, 201, 174,
       150, 248, 172, 140, 252, 191, 190, 27, 50, 112, 175, 242, 232,
       239, 135, 91, 110, 25, 243, 109, 138, 241, 136, 251, 127, 204,
       136, 64, 171, 9, 98, 32, 241, 229, 100, 8, 248, 0, 105, 145, 50,
       203, 173, 11, 85, 58, 174, 157, 95, 157, 138, 240, 193, 192, 142,
       216, 154, 130, 197, 160, 67, 140, 195, 190, 151, 248, 252, 172,
       184, 223, 191, 155, 56, 116, 156, 255, 228, 222, 135, 27, 127,
       145, 179, 77, 138, 211, 140, 218, 127, 238, 152, 64, 161, 169, 74,
       249, 62, 244, 97, 220, 189, 247, 175, 93, 246, 53, 172, 223, 182,
       116, 167, 63, 255, 129, 199, 217, 178, 241, 247, 123, 62, 195, 66,
       132, 175, 127, 69, 226, 141, 37, 172, 46, 109, 191, 106, 183, 171,
       88, 215, 32, 216, 122, 147, 6, 124, 60, 220, 252, 197, 2, 204,
       190, 117, 84, 196, 240, 209, 0, 57, 235, 26, 98, 52, 143, 91, 249,
       103, 172, 255, 77, 23, 139, 2, 80, 156, 236, 68, 126, 218, 186,
       201, 47, 251, 253, 37, 244, 98, 162, 234, 193, 226, 184, 171, 248,
       205, 237, 177, 199, 187, 95, 144, 157, 174, 252, 118, 11, 205,
       179, 255, 17, 158, 111, 178, 243, 155, 50, 222, 251, 221, 76, 151,
       95, 104, 152, 145, 190, 9, 205, 18, 134, 159, 65, 164, 25, 190,
       215, 96, 220, 197, 59, 233, 16, 3, 11, 218, 179, 209, 245, 16, 59,
       26, 8, 7, 59, 121, 248, 30, 37, 29, 15, 67, 252, 86, 248, 160, 76,
       242, 145, 17, 0, 216, 76, 104, 110, 171, 103, 217, 29, 209, 219,
       1, 60, 88, 27, 82, 26, 26, 49, 116, 233, 45, 95, 217, 24, 79, 172,
       117, 171, 15, 157, 214, 36, 134, 157, 245, 233, 152, 32, 183, 208,
       195, 249, 128, 255, 119, 135, 85, 119, 26, 112, 116, 233, 47, 119,
       216, 24, 139, 228, 116, 163, 15, 159, 87, 30, 166, 189, 245, 197,
       140, 176, 183, 208, 195, 249, 136, 171, 119, 135, 78, 95, 90, 112,
       124, 237, 47, 86, 88, 24, 235, 228, 119, 163, 15, 143, 86, 150,
       166, 189, 181, 199, 204, 180, 166, 208, 131, 249, 139, 171, 39,
       134, 94, 95, 246, 88, 214, 140, 109, 86, 86, 232, 185, 142, 242,
       11, 78, 254, 39, 223, 248, 213, 239, 227, 76, 231, 155, 234, 147,
       242, 207, 31, 1, 127, 110, 87, 6, 181, 16, 131, 221, 111, 178,
       201, 47, 253, 187, 27, 206, 220, 74, 138, 187, 157, 239, 51, 22,
       115, 217, 214, 157, 20, 11, 119, 193, 15, 141, 214, 75, 56, 175,
       53, 35, 22, 57, 18, 169, 220, 86, 229, 253, 62, 214, 114, 166, 87,
       253, 157, 133, 216, 181, 64, 79, 123, 126, 130, 202, 164, 43, 127,
       196, 232, 133, 151, 140, 136, 38, 168, 190, 154, 3, 82, 228, 226,
       73, 199, 113, 108, 106, 194, 99, 69, 139, 251, 188, 6, 207, 46, 0,
       51, 177, 36, 125, 125, 157, 237, 169, 15, 86, 158, 63, 170, 184,
       76, 159, 59, 65, 178, 157, 213, 124, 98, 73, 118, 209, 154, 243,
       219, 101, 54, 90, 121, 202, 51, 108, 171, 196, 115, 189, 47, 198,
       157, 211, 185, 179, 77, 195, 233, 89, 139, 217, 198, 236, 86, 31,
       98, 203, 176, 47, 223, 213, 124, 203, 255, 216, 2, 70, 36, 150,
       186, 186, 43, 152, 200, 159, 162, 176, 88, 207, 234, 109, 219,
       215, 87, 110, 48, 48, 99, 219, 218, 152, 214, 95, 126, 208, 105,
       9, 5, 121, 121, 19, 238, 121, 143, 67, 248, 235, 232, 168, 72,
       255, 210, 67, 52, 144, 229, 108, 106, 205, 35, 248, 60, 185, 221,
       5, 58, 66, 51, 66, 45, 88, 61, 63, 229, 179, 239, 116, 119, 57,
       234, 250, 109, 191, 63, 0, 17, 166, 183, 253, 1, 121, 217, 145,
       142, 251, 247, 54, 146, 40, 64, 135, 59, 242, 96, 241, 229, 39, 8,
       248, 0, 105, 144, 178, 138, 143, 11, 84, 18, 170, 149, 93, 217,
       202, 52, 213, 192, 151, 216, 138, 130, 103, 130, 99, 14, 114, 192,
