%YAML:1.0
---
descriptors: !!opencv-matrix
   rows: 374
   cols: 32
   dt: u
   data: [ 125, 180, 190, 250, 157, 189, 84, 251, 251, 191, 164, 13, 78,
       249, 110, 91, 185, 195, 124, 20, 126, 103, 186, 243, 219, 219, 69,
       127, 210, 109, 234, 71, 10, 222, 103, 189, 51, 150, 61, 247, 188,
       7, 234, 53, 236, 230, 32, 240, 239, 119, 250, 129, 228, 141, 54,
       79, 43, 119, 158, 2, 6, 212, 245, 200, 45, 1, 166, 158, 205, 245,
       197, 65, 213, 194, 237, 17, 242, 249, 55, 142, 216, 32, 50, 28,
       25, 163, 82, 138, 3, 63, 193, 24, 219, 127, 248, 150, 49, 67, 75,
       236, 22, 2, 107, 112, 68, 128, 251, 230, 115, 195, 177, 97, 120,
       172, 22, 238, 201, 179, 20, 12, 208, 168, 162, 0, 61, 171, 112,
       168, 140, 190, 207, 101, 180, 106, 106, 51, 60, 162, 110, 80, 215,
       119, 0, 240, 251, 102, 127, 40, 60, 220, 81, 78, 239, 239, 163,
       81, 226, 224, 94, 66, 191, 5, 170, 220, 213, 54, 236, 71, 148,
       199, 198, 23, 81, 232, 62, 205, 120, 236, 51, 189, 185, 183, 22,
       130, 59, 127, 222, 68, 219, 108, 248, 180, 115, 124, 255, 86, 62,
       38, 222, 150, 123, 171, 250, 107, 114, 61, 21, 48, 223, 255, 125,
       209, 233, 235, 211, 234, 59, 62, 221, 146, 237, 114, 122, 27, 122,
       184, 183, 190, 43, 193, 30, 233, 155, 150, 133, 171, 111, 255,
       105, 215, 239, 243, 255, 3, 106, 79, 218, 187, 155, 215, 223, 187,
       18, 124, 47, 122, 222, 188, 158, 254, 171, 245, 22, 202, 255, 147,
       172, 24, 238, 251, 99, 254, 135, 251, 252, 18, 46, 71, 154, 242,
       155, 211, 71, 63, 218, 113, 47, 7, 126, 164, 236, 150, 143, 121,
       84, 143, 195, 247, 141, 27, 203, 236, 95, 191, 169, 198, 236, 144,
       30, 107, 255, 160, 155, 219, 213, 63, 167, 126, 222, 78, 54, 191,
       217, 225, 150, 111, 79, 218, 59, 111, 185, 110, 91, 110, 95, 16,
       121, 207, 6, 242, 27, 50, 233, 242, 189, 156, 167, 244, 253, 123,
       214, 112, 77, 245, 149, 174, 233, 61, 86, 216, 235, 216, 185, 108,
       238, 242, 73, 182, 151, 215, 236, 99, 155, 99, 250, 241, 185, 241,
       7, 62, 146, 119, 139, 55, 2, 218, 10, 157, 18, 129, 58, 198, 62,
       77, 66, 183, 164, 130, 34, 64, 231, 43, 147, 149, 38, 156, 2, 255,
       44, 54, 154, 195, 152, 4, 185, 223, 95, 183, 225, 90, 187, 117,
       158, 216, 147, 94, 157, 237, 105, 252, 255, 60, 151, 219, 213,
       231, 206, 3, 190, 243, 123, 95, 141, 255, 183, 247, 134, 119, 246,
       30, 180, 94, 169, 125, 148, 171, 159, 222, 181, 61, 78, 252, 103,
       43, 133, 115, 253, 51, 228, 101, 250, 224, 27, 90, 93, 191, 210,
       125, 21, 87, 145, 80, 95, 205, 116, 74, 105, 56, 101, 96, 119, 82,
       147, 17, 144, 119, 126, 140, 22, 168, 169, 180, 117, 77, 70, 169,
       226, 132, 109, 168, 96, 185, 62, 205, 118, 218, 245, 220, 222,
       224, 201, 87, 188, 3, 110, 104, 63, 132, 251, 227, 135, 83, 86,
       169, 58, 239, 59, 255, 79, 75, 215, 127, 253, 94, 65, 193, 119,
       221, 108, 13, 237, 61, 237, 56, 242, 66, 217, 201, 188, 111, 106,
       164, 127, 72, 193, 113, 231, 209, 5, 186, 243, 4, 30, 168, 209,
       160, 148, 205, 31, 171, 156, 143, 198, 232, 20, 32, 155, 67, 215,
       120, 56, 65, 249, 243, 63, 99, 125, 185, 89, 191, 249, 199, 239,
       84, 124, 43, 177, 2, 29, 255, 83, 43, 179, 171, 43, 223, 46, 77,
       107, 229, 239, 231, 160, 148, 22, 43, 198, 212, 19, 152, 77, 61,
       236, 199, 39, 192, 250, 199, 131, 217, 95, 191, 97, 43, 178, 170,
       111, 189, 41, 200, 75, 237, 253, 102, 146, 116, 54, 111, 125, 238,
       147, 152, 205, 127, 236, 60, 175, 196, 46, 135, 131, 81, 218, 252,
       174, 176, 185, 209, 92, 231, 179, 213, 132, 185, 175, 159, 66,
       147, 129, 251, 253, 145, 126, 75, 130, 183, 251, 209, 156, 251,
       130, 4, 174, 90, 186, 102, 122, 248, 203, 235, 181, 107, 185, 134,
       241, 27, 78, 207, 39, 25, 249, 185, 207, 163, 104, 103, 130, 222,
       243, 243, 75, 63, 65, 116, 231, 226, 248, 205, 75, 238, 84, 6, 79,
       188, 21, 2, 223, 83, 113, 243, 56, 80, 121, 238, 55, 234, 104, 18,
       201, 255, 247, 174, 227, 140, 54, 251, 240, 34, 60, 111, 123, 119,
       246, 202, 111, 240, 117, 134, 126, 34, 83, 245, 177, 112, 122,
       252, 6, 234, 96, 178, 41, 110, 119, 175, 165, 0, 101, 243, 230,
       224, 150, 228, 27, 240, 27, 235, 147, 72, 191, 166, 179, 59, 238,
       223, 105, 1, 185, 185, 207, 35, 106, 231, 138, 223, 209, 210, 11,
       59, 64, 41, 7, 162, 17, 37, 63, 245, 213, 47, 237, 255, 124, 67,
       251, 30, 159, 169, 20, 41, 253, 207, 74, 175, 241, 251, 184, 206,
       245, 255, 86, 76, 201, 80, 227, 168, 207, 221, 101, 223, 251, 214,
       111, 188, 63, 24, 125, 226, 89, 247, 173, 244, 119, 255, 55, 238,
       227, 146, 255, 255, 55, 62, 203, 142, 55, 247, 164, 245, 129, 79,
       77, 241, 140, 47, 239, 223, 95, 162, 226, 214, 215, 33, 17, 105,
       47, 198, 106, 46, 241, 245, 93, 254, 247, 223, 215, 20, 188, 216,
       209, 168, 17, 207, 106, 203, 118, 131, 235, 244, 84, 8, 222, 230,
       113, 96, 188, 100, 126, 232, 22, 254, 200, 184, 45, 127, 124, 46,
       167, 192, 61, 154, 112, 173, 93, 179, 121, 231, 178, 11, 127, 249,
       116, 200, 255, 236, 255, 115, 201, 112, 54, 223, 95, 254, 203,
       176, 173, 63, 254, 205, 39, 132, 44, 179, 35, 33, 37, 91, 105,
       111, 100, 47, 235, 152, 101, 202, 255, 100, 211, 97, 157, 52, 92,
       196, 118, 110, 137, 176, 105, 12, 70, 255, 225, 132, 79, 251, 82,
       241, 32, 253, 59, 175, 212, 199, 175, 252, 30, 236, 120, 3, 116,
       221, 57, 0, 125, 123, 19, 235, 98, 178, 56, 255, 117, 4, 175, 172,
       21, 58, 181, 251, 72, 44, 159, 117, 16, 76, 97, 39, 240, 144, 226,
       8, 183, 179, 64, 123, 160, 54, 104, 8, 57, 104, 145, 0, 201, 235,
       116, 16, 64, 32, 67, 42, 56, 96, 29, 112, 8, 77, 65, 40, 230, 176,
       160, 8, 247, 211, 73, 17, 145, 176, 76, 106, 72, 115, 88, 28, 201,
       139, 97, 48, 96, 58, 70, 42, 45, 160, 129, 83, 253, 205, 225, 136,
       154, 185, 37, 24, 150, 209, 88, 62, 137, 74, 114, 28, 19, 120,
       250, 49, 77, 153, 21, 124, 194, 8, 210, 162, 37, 141, 83, 79, 246,
       219, 238, 241, 125, 72, 123, 230, 121, 234, 188, 180, 126, 250,
       22, 238, 213, 186, 44, 255, 62, 172, 39, 128, 111, 234, 235, 189,
       223, 252, 82, 94, 251, 52, 190, 250, 253, 202, 248, 246, 124, 254,
       175, 253, 247, 251, 254, 162, 231, 199, 158, 239, 50, 126, 95,
       142, 207, 117, 43, 157, 104, 169, 185, 97, 17, 204, 99, 23, 98, 9,
       110, 8, 179, 51, 64, 48, 16, 190, 64, 72, 27, 56, 241, 25, 239,
       189, 0, 64, 194, 2, 70, 42, 57, 13, 33, 108, 29, 199, 67, 111, 85,
       72, 236, 10, 114, 81, 48, 100, 216, 170, 2, 60, 59, 171, 113, 31,
       243, 207, 128, 24, 122, 10, 80, 58, 4, 188, 156, 251, 141, 237,
       215, 190, 158, 251, 141, 0, 246, 250, 88, 32, 217, 115, 123, 27,
       91, 104, 91, 51, 237, 223, 159, 125, 152, 91, 152, 2, 5, 41, 87,
       235, 252, 143, 233, 113, 237, 24, 187, 64, 243, 201, 57, 35, 200,
       32, 78, 120, 147, 225, 27, 221, 111, 216, 195, 80, 194, 170, 112,
       160, 36, 253, 227, 214, 213, 243, 198, 252, 83, 229, 125, 206, 97,
       205, 254, 36, 26, 110, 66, 90, 245, 231, 61, 191, 63, 222, 133,
       123, 103, 159, 214, 214, 59, 239, 98, 143, 214, 159, 238, 247, 86,
       228, 88, 239, 99, 232, 182, 132, 127, 234, 23, 79, 220, 186, 76,
       191, 60, 14, 165, 224, 127, 254, 216, 204, 67, 96, 231, 197, 108,
       8, 232, 28, 238, 209, 82, 196, 185, 202, 213, 234, 106, 237, 127,
       205, 131, 80, 199, 192, 4, 248, 250, 136, 12, 177, 113, 172, 98,
       230, 174, 254, 237, 45, 207, 238, 187, 159, 184, 9, 234, 239, 126,
       19, 217, 198, 111, 15, 10, 99, 218, 241, 251, 255, 215, 61, 209,
       127, 246, 202, 116, 169, 159, 254, 156, 201, 223, 201, 159, 180,
       179, 170, 255, 255, 97, 75, 121, 255, 255, 210, 106, 99, 235, 249,
       253, 215, 207, 125, 149, 250, 181, 32, 91, 142, 236, 23, 154, 211,
       158, 175, 22, 247, 158, 183, 233, 108, 150, 194, 111, 231, 253,
       133, 190, 93, 239, 191, 254, 103, 255, 209, 165, 132, 156, 92, 9,
