%YAML:1.0
---
descriptors: !!opencv-matrix
   rows: 217
   cols: 32
   dt: u
   data: [ 107, 178, 250, 250, 236, 189, 249, 87, 27, 93, 116, 254, 188,
       222, 246, 168, 255, 171, 215, 157, 151, 126, 242, 209, 94, 221,
       191, 235, 223, 140, 235, 217, 120, 160, 152, 112, 137, 169, 80,
       207, 162, 53, 172, 25, 23, 131, 66, 26, 129, 147, 237, 16, 30, 75,
       202, 17, 219, 193, 53, 125, 240, 0, 142, 2, 222, 20, 190, 244, 41,
       126, 88, 16, 185, 222, 151, 17, 223, 127, 11, 251, 167, 117, 253,
       163, 164, 197, 187, 194, 147, 251, 123, 147, 134, 241, 45, 83, 49,
       207, 107, 175, 148, 2, 239, 254, 116, 128, 250, 198, 115, 99, 176,
       96, 120, 206, 14, 239, 232, 185, 13, 47, 248, 175, 167, 196, 45,
       250, 112, 136, 82, 129, 236, 165, 242, 72, 57, 13, 42, 21, 86,
       179, 253, 55, 74, 90, 227, 151, 63, 148, 18, 88, 225, 65, 223,
       231, 254, 197, 164, 0, 167, 251, 35, 51, 14, 9, 15, 149, 184, 73,
       206, 104, 252, 198, 169, 136, 246, 166, 236, 9, 234, 133, 133,
       163, 247, 208, 22, 89, 10, 187, 93, 12, 107, 213, 175, 98, 193,
       145, 197, 31, 238, 216, 31, 242, 64, 204, 195, 64, 221, 172, 93,
       204, 50, 126, 175, 118, 221, 144, 12, 94, 197, 36, 206, 189, 90,
       148, 75, 49, 122, 100, 98, 84, 121, 88, 41, 200, 87, 173, 57, 223,
       222, 52, 22, 189, 245, 236, 128, 147, 166, 201, 83, 249, 33, 136,
       102, 166, 38, 113, 40, 176, 61, 97, 233, 105, 17, 159, 107, 253,
       36, 24, 150, 21, 64, 26, 129, 18, 225, 16, 18, 104, 243, 17, 207,
       209, 21, 127, 210, 72, 198, 251, 129, 138, 91, 249, 22, 131, 43,
       87, 22, 1, 82, 214, 181, 147, 160, 72, 126, 59, 50, 152, 179, 156,
       69, 31, 68, 142, 186, 192, 60, 136, 33, 169, 83, 159, 22, 151, 19,
       190, 56, 39, 237, 9, 74, 68, 172, 50, 6, 247, 166, 183, 124, 133,
       245, 152, 16, 237, 148, 54, 90, 194, 8, 68, 171, 13, 204, 52, 157,
       67, 129, 110, 51, 24, 106, 191, 39, 24, 222, 119, 72, 59, 145, 20,
       108, 50, 49, 116, 249, 0, 207, 219, 97, 103, 192, 99, 71, 35, 96,
       48, 153, 80, 108, 237, 160, 2, 234, 185, 176, 88, 182, 152, 68,
       27, 137, 181, 106, 17, 131, 107, 210, 64, 29, 24, 83, 122, 201, 9,
       83, 179, 209, 81, 29, 101, 40, 78, 71, 48, 96, 232, 162, 72, 215,
       19, 1, 115, 4, 212, 108, 106, 73, 192, 209, 12, 163, 168, 101, 16,
       104, 179, 66, 48, 60, 26, 59, 122, 58, 237, 147, 80, 142, 12, 117,
       57, 126, 221, 33, 40, 164, 57, 213, 19, 146, 39, 58, 63, 211, 241,
       40, 251, 209, 3, 7, 243, 241, 73, 239, 247, 4, 14, 79, 49, 68,
       170, 215, 70, 243, 33, 177, 99, 72, 228, 61, 207, 233, 252, 101,
       40, 228, 171, 238, 144, 45, 184, 80, 56, 120, 233, 48, 78, 93,
       221, 214, 236, 195, 16, 172, 8, 42, 248, 86, 182, 136, 242, 208,
       72, 78, 43, 250, 189, 59, 217, 4, 59, 83, 30, 222, 46, 35, 159,
       65, 137, 246, 131, 191, 255, 13, 104, 88, 102, 180, 120, 176, 96,
       223, 59, 23, 241, 243, 184, 73, 255, 44, 20, 175, 194, 29, 138,
       177, 153, 122, 180, 80, 168, 117, 247, 90, 115, 7, 237, 221, 11,
       47, 31, 114, 212, 92, 188, 151, 145, 30, 26, 81, 158, 255, 213,
       128, 251, 54, 142, 60, 91, 74, 251, 144, 122, 59, 153, 18, 188,
       171, 57, 136, 237, 172, 215, 76, 146, 135, 83, 237, 82, 70, 75,
       202, 241, 238, 213, 61, 255, 26, 7, 15, 27, 154, 157, 127, 252,
       82, 210, 185, 99, 157, 8, 240, 162, 57, 254, 36, 97, 238, 179,
       151, 192, 176, 171, 50, 255, 83, 235, 234, 202, 117, 128, 37, 171,
       86, 57, 145, 224, 154, 96, 11, 138, 171, 177, 137, 168, 156, 183,
       73, 94, 135, 215, 125, 144, 27, 67, 250, 192, 153, 148, 143, 254,
       128, 99, 7, 114, 92, 183, 153, 33, 242, 75, 53, 157, 58, 185, 45,
       249, 159, 23, 200, 26, 55, 159, 205, 48, 19, 88, 201, 2, 239, 197,
       53, 247, 160, 192, 135, 51, 65, 177, 145, 65, 130, 92, 181, 47,
       106, 121, 10, 68, 156, 22, 204, 118, 167, 23, 122, 24, 147, 89,
       177, 64, 61, 28, 31, 102, 136, 0, 131, 125, 67, 243, 165, 1, 228,
       157, 173, 159, 110, 121, 22, 76, 176, 4, 222, 38, 133, 78, 122,
       93, 147, 120, 247, 113, 12, 28, 62, 228, 204, 156, 209, 253, 139,
       80, 114, 25, 119, 183, 168, 72, 95, 72, 85, 6, 232, 216, 182, 236,
       254, 41, 182, 205, 135, 180, 54, 221, 6, 29, 139, 131, 95, 12,
       105, 213, 75, 58, 243, 228, 230, 156, 253, 87, 169, 202, 182, 254,
       189, 143, 150, 190, 166, 231, 95, 141, 209, 239, 160, 234, 214,
       249, 58, 138, 207, 196, 227, 249, 40, 165, 49, 67, 253, 217, 197,
       173, 95, 57, 41, 56, 210, 17, 204, 180, 153, 26, 66, 56, 123, 120,
       121, 23, 45, 220, 21, 118, 82, 10, 198, 162, 25, 211, 234, 252,
       38, 130, 109, 81, 244, 67, 215, 246, 89, 195, 186, 104, 126, 168,
       30, 140, 203, 151, 36, 192, 210, 239, 186, 132, 61, 138, 241, 177,
       55, 197, 237, 15, 156, 119, 207, 173, 86, 247, 141, 135, 81, 108,
       223, 34, 89, 198, 113, 255, 221, 98, 125, 170, 105, 15, 205, 20,
       253, 255, 208, 84, 88, 184, 26, 124, 75, 197, 82, 250, 175, 12,
       228, 13, 62, 223, 32, 16, 166, 187, 213, 64, 66, 43, 18, 117, 211,
       253, 0, 11, 98, 0, 47, 155, 60, 148, 123, 234, 135, 114, 177, 73,
       68, 85, 239, 19, 83, 221, 46, 104, 249, 153, 131, 49, 30, 179, 57,
       144, 83, 229, 2, 71, 245, 74, 244, 114, 39, 235, 104, 9, 126, 19,
       206, 172, 71, 52, 164, 142, 227, 72, 158, 148, 90, 192, 66, 239,
       206, 42, 95, 125, 46, 9, 133, 124, 125, 190, 90, 140, 6, 141, 49,
       139, 245, 163, 190, 205, 30, 13, 89, 3, 236, 110, 61, 64, 217, 27,
       147, 241, 18, 152, 73, 253, 45, 20, 143, 199, 148, 95, 181, 194,
       219, 91, 197, 133, 11, 30, 140, 55, 169, 242, 130, 207, 239, 40,
       87, 207, 102, 229, 249, 231, 205, 193, 215, 136, 176, 112, 207,
       146, 44, 180, 153, 92, 214, 220, 173, 189, 138, 100, 157, 174,
       158, 214, 130, 183, 245, 110, 83, 75, 199, 119, 249, 151, 244, 77,
       251, 122, 233, 3, 255, 213, 156, 113, 165, 90, 215, 83, 236, 166,
       138, 20, 159, 184, 134, 244, 135, 135, 193, 238, 95, 75, 78, 197,
       249, 231, 204, 65, 255, 224, 243, 97, 207, 156, 45, 191, 21, 80,
       87, 131, 199, 197, 134, 34, 109, 155, 230, 177, 154, 230, 81, 98,
       217, 106, 107, 198, 63, 189, 155, 217, 141, 194, 188, 174, 239,
       196, 173, 242, 241, 32, 169, 187, 120, 101, 116, 142, 99, 55, 113,
       45, 126, 12, 179, 19, 128, 48, 22, 190, 6, 72, 217, 184, 224, 15,
       103, 173, 32, 128, 98, 128, 66, 249, 86, 113, 18, 140, 27, 79, 90,
       104, 175, 164, 161, 11, 206, 222, 47, 16, 248, 185, 203, 227, 76,
       35, 154, 220, 145, 176, 11, 63, 81, 38, 47, 22, 75, 186, 251, 250,
       237, 189, 249, 87, 171, 219, 117, 252, 188, 222, 246, 190, 239,
       59, 255, 29, 151, 79, 234, 241, 30, 89, 191, 234, 222, 204, 139,
       221, 130, 181, 121, 235, 250, 73, 95, 189, 43, 117, 29, 189, 221,
       63, 204, 49, 55, 27, 85, 238, 242, 8, 108, 213, 239, 201, 45, 253,
       52, 130, 135, 251, 16, 141, 67, 190, 148, 131, 239, 247, 150, 0,
       216, 66, 49, 235, 49, 64, 121, 234, 6, 201, 91, 187, 8, 255, 248,
       230, 166, 128, 60, 218, 176, 168, 95, 46, 232, 103, 182, 56, 250,
       146, 121, 239, 31, 231, 221, 46, 215, 42, 55, 199, 253, 159, 149,
       64, 237, 234, 222, 111, 191, 149, 167, 247, 91, 85, 216, 24, 254,
       228, 38, 106, 49, 22, 109, 162, 150, 34, 63, 187, 97, 107, 166,
       119, 189, 17, 33, 221, 177, 200, 219, 235, 126, 130, 164, 224, 37,
       43, 129, 223, 95, 155, 246, 131, 175, 247, 28, 232, 90, 230, 245,
       101, 176, 97, 126, 122, 23, 239, 225, 184, 109, 127, 108, 8, 239,
       128, 28, 154, 177, 249, 154, 204, 142, 252, 3, 198, 188, 103, 157,
       7, 198, 147, 12, 175, 38, 195, 238, 177, 147, 132, 96, 159, 16,
       205, 83, 115, 218, 131, 23, 84, 173, 218, 138, 137, 2, 152, 93,
       213, 176, 99, 159, 4, 68, 3, 172, 156, 114, 196, 200, 43, 155,
       193, 86, 46, 114, 223, 183, 81, 138, 107, 18, 12, 189, 206, 17,
       207, 79, 231, 20, 10, 111, 184, 100, 224, 250, 70, 243, 97, 145,
