%YAML:1.0
---
descriptors: !!opencv-matrix
   rows: 185
   cols: 32
   dt: u
   data: [ 33, 141, 123, 89, 244, 223, 227, 23, 117, 65, 246, 82, 243,
       41, 148, 240, 88, 174, 102, 56, 185, 184, 117, 127, 39, 190, 50,
       64, 97, 136, 208, 160, 30, 113, 115, 238, 63, 71, 248, 72, 109,
       204, 241, 39, 91, 223, 47, 128, 254, 157, 223, 227, 141, 163, 57,
       204, 147, 217, 139, 15, 107, 39, 103, 211, 53, 105, 249, 96, 220,
       71, 71, 221, 66, 164, 172, 8, 19, 209, 65, 48, 88, 216, 2, 122,
       75, 50, 248, 24, 127, 141, 5, 60, 115, 187, 198, 160, 178, 140,
       238, 188, 223, 226, 222, 231, 159, 135, 216, 147, 37, 239, 54, 64,
       251, 255, 163, 129, 56, 207, 130, 239, 243, 247, 218, 75, 53, 120,
       180, 202, 32, 253, 121, 106, 213, 205, 87, 255, 87, 101, 108, 8,
       51, 221, 76, 48, 25, 154, 19, 24, 74, 58, 120, 55, 127, 157, 21,
       125, 211, 154, 198, 250, 124, 69, 57, 111, 93, 79, 71, 228, 116,
       32, 231, 8, 211, 17, 9, 48, 216, 220, 106, 106, 104, 179, 249, 46,
       245, 239, 0, 48, 80, 187, 70, 162, 110, 181, 180, 210, 173, 125,
       157, 159, 155, 255, 29, 29, 206, 188, 94, 175, 133, 87, 253, 21,
       182, 97, 251, 144, 91, 95, 93, 255, 146, 125, 222, 119, 86, 187,
       235, 71, 178, 90, 190, 149, 43, 229, 30, 237, 205, 238, 215, 54,
       182, 247, 253, 213, 149, 216, 189, 224, 254, 124, 47, 199, 173,
       166, 135, 95, 191, 255, 237, 69, 238, 23, 159, 253, 82, 238, 124,
       238, 89, 124, 159, 37, 31, 222, 183, 110, 245, 246, 125, 190, 107,
       11, 101, 180, 111, 255, 220, 245, 244, 69, 71, 236, 141, 66, 71,
       97, 132, 128, 227, 2, 83, 115, 41, 115, 112, 244, 40, 234, 104,
       131, 49, 12, 241, 170, 192, 16, 49, 186, 116, 32, 210, 189, 59,
       186, 26, 229, 19, 235, 190, 212, 136, 25, 116, 247, 96, 80, 167,
       59, 91, 1, 50, 11, 26, 127, 249, 148, 11, 123, 144, 0, 167, 115,
       162, 105, 82, 218, 93, 213, 246, 234, 159, 140, 120, 11, 40, 220,
       101, 132, 216, 187, 131, 193, 70, 59, 26, 255, 63, 28, 151, 43,
       81, 28, 126, 142, 0, 109, 154, 188, 253, 196, 182, 230, 236, 132,
       218, 3, 172, 187, 33, 64, 234, 107, 107, 197, 68, 187, 146, 238,
       119, 52, 30, 11, 0, 81, 41, 138, 126, 115, 122, 174, 63, 91, 219,
       232, 45, 196, 253, 171, 79, 222, 63, 20, 254, 217, 223, 227, 76,
       35, 235, 252, 243, 249, 15, 159, 119, 63, 38, 231, 71, 219, 135,
       179, 162, 160, 62, 134, 191, 215, 74, 247, 237, 102, 219, 111, 39,
       103, 121, 151, 151, 216, 191, 224, 172, 118, 222, 194, 172, 247,
       169, 92, 237, 36, 253, 85, 228, 110, 101, 186, 83, 187, 55, 24,
       211, 113, 221, 111, 1, 70, 124, 24, 177, 252, 251, 2, 79, 187,
       117, 4, 194, 233, 80, 33, 61, 173, 106, 14, 244, 147, 206, 248,
       87, 64, 252, 238, 99, 200, 182, 160, 94, 234, 22, 111, 207, 178,
       76, 191, 50, 77, 165, 168, 127, 255, 248, 149, 23, 12, 239, 151,
       134, 114, 173, 166, 124, 215, 91, 150, 249, 44, 182, 107, 99, 199,
       59, 159, 181, 216, 61, 226, 44, 46, 222, 128, 173, 117, 241, 124,
       62, 113, 51, 238, 121, 95, 155, 232, 175, 172, 177, 10, 222, 222,
       45, 112, 220, 253, 255, 99, 74, 35, 250, 221, 147, 240, 139, 63,
       17, 47, 38, 230, 26, 178, 123, 1, 114, 219, 57, 115, 57, 76, 116,
       237, 47, 14, 134, 20, 182, 185, 199, 36, 229, 154, 36, 221, 214,
       213, 34, 195, 110, 132, 15, 221, 18, 139, 239, 255, 242, 226, 189,
       231, 191, 21, 82, 163, 105, 175, 52, 73, 239, 255, 63, 149, 16,
       217, 33, 253, 95, 107, 222, 193, 165, 208, 165, 234, 124, 234,
       133, 58, 185, 233, 84, 199, 175, 21, 168, 25, 143, 203, 91, 154,
       163, 202, 236, 20, 30, 109, 138, 50, 218, 213, 21, 125, 226, 213,
       198, 74, 111, 103, 98, 173, 221, 27, 254, 251, 47, 164, 124, 143,
       73, 234, 63, 208, 122, 140, 167, 167, 196, 51, 196, 222, 118, 127,
       135, 171, 127, 254, 250, 198, 48, 157, 26, 186, 156, 183, 210,
       227, 150, 9, 205, 7, 112, 249, 32, 64, 217, 170, 2, 20, 62, 171,
       90, 191, 251, 151, 130, 91, 152, 74, 248, 154, 229, 101, 53, 103,
       225, 91, 103, 37, 121, 226, 99, 24, 214, 53, 5, 176, 146, 116, 64,
       106, 113, 244, 249, 46, 37, 254, 69, 18, 64, 51, 199, 34, 86, 181,
       133, 211, 139, 225, 12, 175, 138, 243, 137, 154, 212, 246, 72,
       191, 65, 247, 249, 145, 57, 75, 219, 244, 185, 18, 223, 126, 136,
       64, 151, 54, 2, 205, 18, 187, 221, 197, 180, 231, 158, 21, 72, 19,
       172, 222, 98, 192, 201, 59, 163, 1, 86, 26, 82, 247, 173, 22, 158,
       107, 16, 28, 181, 206, 126, 101, 118, 110, 221, 123, 222, 232, 93,
       166, 237, 9, 75, 169, 63, 148, 218, 221, 251, 99, 108, 163, 217,
       254, 179, 255, 5, 59, 119, 127, 110, 134, 78, 243, 166, 142, 89,
       151, 190, 232, 175, 180, 231, 143, 200, 238, 63, 210, 254, 253,
       251, 231, 198, 19, 222, 253, 242, 117, 143, 191, 23, 55, 47, 214,
       194, 176, 190, 186, 41, 237, 49, 71, 191, 31, 164, 25, 172, 159,
       66, 91, 129, 59, 235, 17, 54, 79, 242, 243, 223, 179, 90, 123,
       144, 0, 39, 90, 32, 181, 249, 83, 249, 237, 225, 223, 122, 185,
       108, 24, 18, 181, 76, 60, 157, 26, 82, 24, 179, 122, 250, 86, 79,
       156, 21, 108, 195, 200, 198, 168, 19, 154, 74, 191, 18, 134, 42,
       113, 54, 64, 82, 231, 77, 226, 162, 64, 118, 237, 183, 140, 165,
       153, 21, 255, 52, 102, 187, 128, 45, 132, 41, 145, 188, 112, 152,
       114, 233, 237, 81, 216, 191, 191, 165, 24, 31, 159, 73, 59, 141,
       145, 205, 16, 58, 103, 122, 16, 219, 219, 81, 127, 210, 73, 70,
       163, 53, 110, 75, 207, 54, 15, 106, 216, 52, 232, 219, 230, 115,
       69, 185, 96, 126, 236, 30, 238, 233, 181, 77, 63, 244, 175, 161,
       128, 109, 187, 112, 185, 192, 252, 63, 124, 10, 238, 117, 182,
       252, 215, 166, 24, 182, 183, 1, 59, 163, 118, 120, 8, 33, 109,
       178, 109, 199, 187, 85, 18, 192, 112, 135, 123, 252, 252, 189,
       115, 205, 111, 87, 138, 114, 123, 173, 24, 215, 121, 73, 59, 153,
       214, 124, 58, 58, 102, 249, 51, 239, 207, 101, 125, 240, 121, 198,
       34, 66, 188, 151, 242, 161, 196, 61, 246, 169, 27, 74, 80, 188,
       151, 96, 123, 165, 115, 61, 16, 83, 201, 146, 229, 169, 242, 94,
       74, 128, 0, 165, 59, 124, 32, 59, 254, 77, 205, 83, 72, 130, 132,
       165, 9, 119, 223, 43, 16, 216, 248, 201, 98, 8, 35, 250, 29, 211,
       193, 1, 61, 112, 43, 86, 98, 44, 96, 248, 114, 108, 73, 85, 216,
       210, 190, 181, 8, 19, 153, 89, 58, 9, 208, 68, 26, 104, 103, 234,
       2, 67, 205, 117, 61, 195, 249, 86, 170, 233, 240, 60, 112, 169,
       156, 81, 159, 235, 25, 180, 92, 191, 19, 64, 251, 133, 19, 204,
       24, 211, 110, 242, 49, 203, 249, 52, 120, 202, 128, 194, 59, 185,
       188, 253, 119, 183, 122, 117, 191, 115, 255, 118, 50, 107, 125,
       222, 46, 1, 222, 181, 24, 190, 252, 175, 175, 79, 235, 117, 69,
       231, 236, 212, 111, 220, 224, 153, 250, 205, 236, 85, 201, 175,
       19, 167, 26, 223, 219, 104, 91, 225, 147, 123, 26, 26, 71, 218,
       241, 223, 249, 87, 125, 176, 91, 239, 2, 77, 232, 187, 250, 233,
       237, 123, 216, 175, 19, 165, 16, 188, 223, 89, 122, 231, 91, 123,
       94, 19, 101, 154, 241, 223, 217, 82, 108, 218, 147, 163, 186, 34,
       173, 18, 218, 125, 209, 180, 239, 158, 5, 104, 11, 168, 216, 102,
       132, 217, 59, 131, 1, 70, 58, 74, 247, 63, 28, 159, 43, 83, 12,
       255, 142, 1, 150, 43, 215, 52, 188, 233, 51, 237, 77, 94, 244,
       183, 173, 182, 100, 134, 42, 23, 13, 147, 184, 36, 175, 70, 255,
       178, 192, 70, 200, 209, 125, 236, 56, 189, 119, 172, 111, 117,
       155, 126, 250, 38, 24, 214, 117, 65, 59, 129, 118, 121, 10, 113,
       244, 251, 34, 207, 139, 117, 49, 192, 121, 198, 114, 5, 87, 139,
       7, 240, 14, 110, 188, 116, 234, 91, 228, 213, 34, 155, 96, 55, 76,
       30, 110, 245, 144, 93, 14, 108, 46, 47, 132, 172, 243, 137, 145,
       36, 140, 26, 250, 156, 165, 211, 195, 150, 9, 201, 3, 176, 217,
       32, 64, 201, 42, 11, 16, 58, 170, 90, 63, 105, 142, 182, 72, 144,
