%YAML:1.0
---
descriptors: !!opencv-matrix
   rows: 150
   cols: 32
   dt: u
   data: [ 207, 191, 55, 202, 235, 117, 190, 249, 139, 218, 189, 238,
       220, 254, 237, 167, 175, 83, 215, 227, 247, 3, 186, 242, 63, 88,
       111, 190, 94, 119, 167, 247, 26, 182, 227, 177, 242, 227, 185,
       255, 62, 115, 90, 243, 157, 175, 200, 128, 55, 95, 151, 149, 179,
       220, 5, 215, 236, 199, 191, 228, 166, 196, 167, 249, 34, 255, 124,
       222, 238, 217, 150, 255, 201, 214, 56, 235, 174, 124, 199, 167,
       142, 115, 231, 67, 196, 106, 238, 233, 54, 16, 101, 187, 116, 254,
       223, 223, 200, 169, 188, 251, 173, 220, 117, 167, 255, 59, 166,
       16, 190, 249, 96, 123, 193, 118, 123, 88, 114, 105, 251, 177, 239,
       251, 87, 123, 210, 88, 213, 42, 72, 172, 190, 249, 169, 237, 53,
       199, 191, 31, 174, 17, 190, 191, 64, 26, 131, 115, 239, 16, 50,
       109, 146, 115, 207, 223, 86, 123, 194, 80, 135, 43, 19, 159, 107,
       255, 246, 162, 239, 247, 87, 75, 222, 230, 121, 235, 180, 96, 127,
       234, 23, 173, 249, 187, 36, 255, 254, 239, 190, 192, 63, 202, 240,
       185, 10, 190, 142, 185, 153, 165, 184, 199, 190, 23, 66, 21, 172,
       174, 98, 73, 205, 59, 171, 149, 54, 220, 83, 115, 207, 215, 158,
       75, 144, 64, 173, 218, 240, 67, 70, 76, 78, 19, 198, 104, 197,
       164, 242, 78, 98, 64, 189, 215, 120, 228, 106, 234, 108, 163, 77,
       92, 48, 42, 193, 21, 121, 58, 120, 140, 253, 109, 237, 70, 140,
       87, 79, 248, 67, 242, 189, 74, 83, 117, 221, 55, 88, 196, 92, 110,
       233, 99, 253, 56, 251, 201, 229, 60, 119, 251, 82, 96, 250, 184,
       183, 250, 169, 245, 80, 199, 187, 95, 164, 57, 46, 255, 100, 159,
       235, 179, 253, 16, 62, 79, 178, 241, 155, 211, 88, 123, 147, 68,
       166, 91, 159, 83, 98, 133, 87, 22, 254, 252, 57, 226, 70, 215, 73,
       14, 159, 228, 126, 205, 147, 239, 229, 148, 61, 238, 54, 121, 143,
       6, 47, 183, 89, 212, 252, 241, 113, 105, 57, 79, 83, 184, 83, 248,
       181, 8, 219, 95, 73, 177, 221, 220, 221, 234, 73, 98, 249, 156,
       251, 217, 33, 60, 115, 171, 70, 51, 237, 205, 255, 222, 244, 42,
       207, 220, 91, 226, 255, 94, 123, 104, 157, 48, 123, 239, 102, 251,
       249, 227, 253, 254, 124, 63, 231, 148, 205, 251, 226, 160, 163,
       59, 227, 149, 199, 29, 188, 103, 91, 226, 80, 223, 168, 140, 214,
       175, 238, 43, 179, 69, 197, 254, 182, 192, 22, 24, 222, 170, 79,
       92, 219, 220, 12, 20, 149, 247, 168, 46, 37, 155, 174, 59, 11, 64,
       220, 55, 9, 107, 135, 87, 127, 24, 17, 193, 91, 64, 205, 183, 127,
       132, 136, 99, 129, 35, 45, 255, 235, 254, 222, 59, 231, 252, 222,
       226, 253, 254, 241, 225, 248, 35, 121, 194, 94, 238, 185, 99, 110,
       190, 254, 207, 231, 172, 255, 251, 240, 240, 66, 177, 189, 161,
       169, 236, 183, 143, 174, 237, 139, 17, 156, 191, 72, 66, 132, 87,
       121, 17, 19, 9, 251, 67, 201, 180, 63, 86, 128, 66, 133, 123, 47,
       190, 134, 158, 221, 151, 238, 250, 215, 250, 214, 94, 88, 232, 63,
       247, 93, 238, 122, 175, 253, 243, 255, 191, 62, 127, 197, 116,
       143, 252, 120, 148, 53, 205, 115, 79, 244, 27, 239, 252, 117, 224,
       250, 194, 115, 104, 189, 228, 126, 236, 22, 238, 233, 178, 109,
       175, 38, 236, 165, 132, 103, 187, 116, 229, 36, 172, 172, 247,
       156, 239, 104, 170, 118, 179, 235, 24, 243, 251, 89, 59, 217, 238,
       125, 152, 58, 248, 219, 39, 207, 235, 247, 85, 193, 233, 82, 0,
       124, 249, 249, 231, 184, 79, 87, 152, 35, 232, 173, 76, 215, 119,
       73, 18, 95, 213, 125, 122, 73, 66, 249, 58, 251, 205, 37, 60, 168,
       243, 70, 51, 17, 189, 27, 255, 18, 135, 167, 247, 118, 73, 74, 68,
       183, 243, 32, 96, 117, 59, 18, 8, 227, 184, 24, 63, 233, 174, 54,
       0, 120, 2, 33, 185, 197, 38, 159, 181, 164, 46, 96, 18, 58, 187,
       115, 112, 215, 51, 193, 91, 135, 95, 124, 26, 33, 212, 193, 0,
       196, 251, 115, 128, 128, 225, 3, 33, 210, 45, 58, 184, 235, 225,
       181, 71, 143, 6, 156, 59, 172, 159, 102, 64, 235, 59, 219, 145,
       118, 15, 130, 243, 243, 81, 26, 251, 20, 93, 173, 195, 144, 141,
       110, 233, 22, 139, 79, 101, 100, 32, 234, 2, 119, 43, 48, 65, 120,
       162, 93, 235, 104, 185, 17, 29, 241, 161, 130, 17, 97, 138, 224,
       10, 194, 184, 155, 186, 27, 205, 49, 71, 175, 21, 169, 25, 174,
       223, 96, 82, 160, 51, 235, 17, 18, 13, 146, 243, 217, 245, 26,
       123, 144, 0, 7, 123, 190, 176, 253, 240, 255, 253, 185, 218, 143,
       253, 181, 62, 158, 222, 78, 170, 175, 147, 223, 145, 183, 99, 250,
       208, 223, 217, 155, 255, 223, 77, 223, 243, 45, 81, 99, 69, 116,
       78, 239, 48, 100, 232, 127, 228, 211, 85, 149, 100, 94, 204, 22,
       238, 201, 176, 125, 140, 36, 188, 163, 132, 111, 187, 80, 177,
       218, 176, 182, 186, 169, 253, 80, 207, 171, 91, 160, 24, 190, 223,
       72, 191, 167, 147, 253, 16, 63, 79, 186, 241, 155, 211, 90, 123,
       154, 68, 167, 27, 35, 34, 107, 66, 114, 203, 169, 81, 232, 224,
       119, 236, 112, 140, 149, 52, 62, 44, 82, 189, 193, 251, 164, 76,
       28, 14, 186, 128, 205, 130, 99, 252, 196, 104, 190, 255, 44, 237,
       116, 204, 239, 155, 166, 24, 246, 217, 89, 122, 201, 112, 123, 26,
       2, 103, 219, 113, 207, 223, 215, 57, 192, 113, 71, 170, 192, 169,
       190, 250, 173, 205, 116, 167, 239, 63, 166, 24, 174, 251, 64, 91,
       129, 119, 106, 82, 114, 105, 218, 241, 255, 251, 87, 123, 80, 88,
       205, 10, 72, 189, 158, 250, 153, 237, 52, 135, 175, 31, 174, 17,
       172, 187, 64, 90, 161, 115, 235, 16, 50, 105, 155, 243, 251, 215,
       22, 123, 146, 80, 143, 11, 252, 104, 255, 100, 73, 110, 87, 24,
       241, 162, 167, 8, 83, 247, 65, 123, 49, 212, 108, 106, 104, 103,
       185, 8, 211, 235, 69, 61, 99, 241, 70, 34, 23, 77, 99, 222, 212,
       150, 239, 244, 213, 192, 222, 198, 113, 236, 181, 100, 126, 238,
       23, 239, 233, 187, 60, 239, 48, 46, 175, 128, 47, 255, 240, 252,
       99, 164, 102, 132, 93, 53, 184, 103, 201, 87, 217, 159, 44, 168,
       126, 134, 237, 167, 243, 165, 180, 47, 150, 207, 63, 116, 218,
       235, 207, 76, 251, 222, 173, 191, 233, 255, 222, 39, 231, 252, 86,
       235, 253, 222, 249, 229, 185, 32, 125, 206, 94, 238, 241, 103,
       127, 254, 126, 207, 231, 188, 253, 251, 241, 177, 253, 7, 229, 71,
       164, 42, 207, 24, 84, 166, 243, 226, 211, 96, 157, 111, 90, 212,
       60, 234, 169, 178, 109, 136, 148, 234, 227, 148, 231, 251, 116,
       100, 61, 71, 101, 173, 188, 47, 207, 125, 68, 174, 218, 199, 211,
       97, 185, 0, 92, 160, 15, 47, 216, 160, 69, 29, 224, 110, 161, 144,
       119, 254, 208, 96, 250, 244, 50, 168, 155, 211, 20, 239, 187, 133,
       168, 57, 142, 222, 102, 212, 255, 249, 237, 177, 124, 79, 138,
       222, 187, 214, 31, 127, 146, 84, 175, 95, 189, 113, 89, 101, 44,
       95, 86, 56, 83, 232, 181, 76, 219, 95, 89, 176, 220, 156, 92, 106,
       233, 102, 249, 30, 231, 217, 33, 60, 123, 187, 66, 50, 253, 52,
       17, 232, 61, 125, 66, 88, 75, 104, 161, 72, 254, 216, 77, 181,
       152, 144, 126, 106, 11, 103, 251, 159, 179, 217, 1, 62, 90, 43,
       74, 54, 20, 134, 254, 189, 186, 19, 30, 235, 54, 174, 158, 163,
       103, 238, 139, 67, 183, 247, 237, 163, 124, 201, 143, 31, 250,
       231, 111, 213, 164, 96, 45, 83, 116, 236, 145, 106, 137, 109, 87,
       200, 35, 182, 173, 8, 86, 247, 73, 94, 145, 220, 104, 122, 10, 99,
       250, 48, 249, 212, 5, 127, 210, 123, 198, 34, 208, 72, 95, 189,
       14, 10, 108, 37, 164, 18, 130, 18, 247, 3, 16, 75, 98, 229, 106,
       234, 104, 229, 67, 45, 245, 163, 98, 0, 32, 48, 33, 8, 18, 157,
       83, 207, 242, 194, 63, 230, 53, 64, 250, 162, 121, 246, 164, 100,
       122, 255, 146, 226, 121, 155, 61, 255, 56, 166, 142, 67, 61, 130,
       165, 188, 48, 167, 26, 168, 28, 163, 130, 79, 134, 13, 232, 3, 54,
       209, 32, 80, 248, 186, 8, 49, 26, 171, 0, 31, 185, 164, 162, 83,
       209, 10, 246, 138, 244, 125, 127, 110, 142, 102, 79, 248, 176,
       182, 181, 2, 115, 119, 169, 115, 126, 244, 125, 234, 105, 195,
