%YAML:1.0
---
descriptors: !!opencv-matrix
   rows: 243
   cols: 32
   dt: u
   data: [ 45, 65, 165, 103, 173, 79, 71, 184, 117, 226, 239, 8, 211, 53,
       17, 54, 88, 196, 125, 110, 8, 240, 121, 14, 231, 255, 69, 20, 194,
       251, 86, 98, 192, 184, 151, 222, 201, 236, 97, 167, 187, 27, 162,
       16, 246, 243, 64, 127, 225, 118, 104, 24, 51, 77, 187, 113, 221,
       186, 86, 90, 202, 64, 230, 42, 60, 209, 121, 232, 121, 201, 82,
       248, 7, 36, 173, 41, 27, 159, 72, 16, 216, 153, 199, 240, 10, 35,
       120, 149, 251, 221, 129, 125, 115, 139, 70, 210, 94, 6, 254, 180,
       58, 66, 31, 40, 23, 174, 135, 171, 69, 103, 2, 80, 55, 213, 237,
       227, 40, 193, 137, 14, 248, 167, 109, 149, 36, 35, 37, 83, 77,
       115, 17, 37, 97, 15, 102, 56, 105, 168, 104, 76, 206, 18, 1, 180,
       182, 77, 76, 110, 197, 240, 24, 202, 164, 220, 7, 6, 74, 54, 75,
       133, 189, 212, 249, 226, 133, 127, 86, 191, 83, 123, 189, 26, 91,
       125, 93, 61, 217, 202, 21, 59, 253, 118, 121, 146, 235, 223, 213,
       119, 251, 252, 218, 114, 189, 52, 57, 226, 253, 63, 87, 216, 83,
       106, 181, 28, 91, 89, 127, 57, 217, 136, 21, 62, 189, 38, 120,
       150, 243, 217, 129, 126, 251, 235, 82, 146, 244, 105, 157, 120,
       140, 77, 85, 200, 166, 182, 165, 9, 86, 211, 73, 27, 169, 212,
       105, 114, 74, 103, 219, 48, 219, 131, 69, 63, 240, 59, 230, 66,
       77, 53, 155, 227, 240, 46, 120, 17, 41, 185, 43, 116, 222, 51, 72,
       250, 151, 21, 124, 56, 17, 208, 217, 64, 205, 249, 63, 230, 136,
       98, 163, 33, 189, 220, 249, 118, 149, 126, 199, 191, 81, 239, 190,
       26, 91, 125, 223, 191, 25, 214, 148, 42, 253, 254, 253, 174, 251,
       207, 117, 53, 231, 252, 222, 108, 193, 188, 159, 153, 232, 237,
       33, 67, 190, 19, 128, 88, 148, 182, 192, 251, 133, 51, 106, 16,
       51, 77, 242, 115, 141, 22, 90, 120, 128, 65, 135, 164, 236, 122,
       121, 103, 116, 79, 115, 24, 105, 172, 119, 40, 255, 113, 137, 51,
       150, 92, 76, 106, 168, 176, 233, 40, 199, 249, 97, 17, 98, 187,
       70, 35, 44, 100, 97, 105, 125, 127, 67, 25, 83, 172, 253, 40, 82,
       89, 156, 180, 217, 156, 86, 40, 152, 178, 233, 150, 103, 221, 161,
       247, 211, 238, 86, 167, 221, 209, 127, 231, 160, 22, 79, 184, 100,
       232, 183, 96, 215, 83, 153, 243, 118, 212, 124, 234, 233, 129,
       125, 44, 226, 235, 231, 148, 46, 179, 224, 49, 29, 213, 85, 239,
       180, 78, 79, 184, 100, 224, 251, 96, 211, 119, 137, 241, 126, 212,
       28, 234, 233, 144, 125, 44, 233, 233, 167, 20, 58, 187, 192, 49,
       28, 77, 219, 231, 182, 75, 111, 248, 22, 160, 255, 202, 215, 247,
       169, 96, 126, 220, 31, 234, 73, 176, 57, 62, 245, 205, 167, 132,
       181, 251, 100, 224, 34, 173, 34, 154, 93, 213, 198, 236, 215, 24,
       121, 10, 96, 248, 61, 132, 217, 234, 130, 195, 110, 50, 74, 255,
       57, 86, 139, 111, 83, 30, 126, 142, 95, 125, 171, 222, 159, 214,
       223, 236, 250, 198, 204, 10, 254, 246, 51, 100, 120, 255, 251,
       239, 105, 195, 186, 234, 243, 47, 143, 57, 11, 119, 55, 122, 80,
       153, 134, 222, 145, 230, 16, 7, 55, 13, 194, 49, 98, 246, 38, 80,
       209, 186, 169, 16, 62, 137, 19, 63, 171, 182, 146, 67, 144, 4,
       244, 94, 124, 116, 252, 97, 175, 111, 86, 217, 3, 186, 177, 169,
       79, 29, 89, 155, 63, 213, 205, 114, 76, 97, 153, 128, 251, 201,
       101, 53, 231, 255, 206, 19, 34, 205, 2, 159, 85, 215, 190, 230,
       31, 5, 88, 3, 104, 234, 54, 196, 216, 107, 147, 195, 102, 186, 26,
       255, 39, 54, 158, 3, 19, 95, 252, 142, 23, 199, 94, 158, 210, 131,
       239, 252, 60, 134, 254, 231, 125, 227, 185, 64, 127, 235, 7, 238,
       224, 179, 15, 255, 120, 47, 47, 128, 245, 243, 161, 169, 10, 205,
       54, 223, 221, 213, 190, 230, 159, 5, 92, 3, 168, 238, 54, 196,
       232, 123, 163, 195, 102, 184, 26, 255, 39, 118, 158, 11, 83, 92,
       173, 206, 37, 85, 249, 71, 252, 30, 207, 184, 125, 234, 255, 76,
       219, 121, 157, 52, 222, 220, 118, 234, 249, 242, 125, 206, 111,
       254, 167, 148, 199, 251, 210, 165, 216, 168, 149, 249, 137, 173,
       65, 151, 175, 59, 162, 80, 190, 243, 64, 223, 129, 50, 104, 24,
       58, 77, 211, 49, 201, 210, 86, 88, 194, 64, 131, 42, 100, 5, 205,
       77, 204, 47, 78, 168, 23, 178, 239, 10, 83, 113, 13, 59, 89, 196,
       122, 234, 56, 114, 219, 24, 63, 171, 197, 60, 241, 251, 210, 32,
       42, 52, 106, 236, 125, 119, 251, 104, 9, 238, 157, 139, 235, 252,
       55, 176, 220, 181, 223, 167, 140, 35, 252, 159, 243, 221, 171,
       191, 87, 238, 126, 223, 101, 5, 237, 69, 204, 78, 79, 184, 87,
       178, 255, 8, 211, 125, 93, 122, 89, 196, 127, 110, 249, 242, 253,
       10, 63, 187, 197, 20, 228, 251, 80, 32, 88, 17, 157, 229, 42, 74,
       87, 56, 37, 162, 107, 40, 215, 51, 1, 115, 50, 244, 108, 98, 73,
       80, 217, 12, 213, 227, 97, 20, 32, 163, 4, 35, 1, 20, 127, 237,
       52, 166, 121, 55, 44, 73, 95, 68, 213, 179, 168, 96, 246, 61, 63,
       172, 145, 152, 177, 77, 194, 191, 34, 192, 168, 130, 225, 17, 162,
       160, 173, 251, 137, 245, 216, 47, 143, 127, 129, 25, 164, 255, 92,
       235, 205, 19, 251, 145, 62, 75, 251, 209, 207, 211, 218, 127, 144,
       72, 148, 210, 82, 249, 59, 250, 24, 192, 191, 228, 170, 17, 233,
       9, 245, 223, 40, 80, 201, 251, 123, 195, 74, 11, 154, 53, 249,
       229, 138, 121, 16, 3, 167, 186, 244, 32, 157, 103, 12, 110, 64, 8,
       32, 34, 163, 8, 83, 19, 9, 27, 216, 212, 104, 106, 8, 118, 209, 8,
       211, 233, 64, 52, 96, 123, 66, 34, 240, 160, 159, 240, 168, 109,
       65, 7, 170, 51, 160, 24, 151, 147, 72, 27, 129, 149, 105, 24, 58,
       111, 210, 0, 201, 155, 80, 124, 192, 64, 199, 42, 122, 233, 184,
       108, 93, 213, 208, 238, 195, 160, 172, 10, 42, 152, 103, 182, 201,
       252, 232, 80, 78, 107, 242, 185, 187, 221, 21, 63, 83, 60, 126,
       14, 149, 85, 105, 173, 182, 143, 239, 120, 20, 232, 91, 231, 247,
       77, 147, 64, 126, 105, 31, 111, 225, 176, 77, 31, 228, 141, 175,
       132, 125, 171, 17, 241, 174, 50, 234, 88, 111, 220, 177, 65, 201,
       222, 245, 191, 8, 220, 118, 15, 238, 185, 135, 33, 180, 103, 182,
       192, 87, 89, 64, 171, 215, 44, 118, 215, 228, 228, 157, 122, 200,
       109, 71, 232, 210, 182, 161, 24, 82, 225, 73, 27, 209, 198, 104,
       114, 122, 103, 250, 63, 249, 130, 69, 125, 208, 123, 198, 2, 237,
       77, 103, 92, 221, 214, 94, 113, 209, 198, 247, 27, 75, 125, 53,
       247, 122, 244, 215, 234, 236, 247, 61, 206, 123, 235, 197, 0, 119,
       188, 244, 194, 5, 97, 49, 65, 100, 77, 99, 16, 105, 232, 118, 72,
       146, 23, 197, 52, 152, 92, 86, 106, 1, 240, 225, 64, 71, 152, 32,
       36, 66, 131, 66, 163, 92, 97, 23, 254, 25, 198, 66, 104, 164, 128,
       139, 0, 247, 215, 41, 80, 240, 245, 105, 226, 74, 193, 27, 45,
       241, 231, 11, 17, 0, 51, 37, 34, 192, 168, 159, 85, 200, 236, 161,
       135, 250, 179, 34, 24, 246, 243, 64, 59, 33, 118, 106, 24, 51,
       237, 147, 99, 77, 170, 87, 96, 192, 96, 195, 170, 122, 233, 184,
       60, 95, 221, 212, 111, 203, 181, 172, 9, 46, 153, 102, 18, 137,
       187, 193, 1, 78, 107, 242, 159, 251, 213, 21, 59, 115, 12, 206,
       206, 138, 159, 210, 159, 242, 187, 186, 255, 31, 13, 82, 247, 236,
       226, 166, 196, 247, 123, 167, 17, 182, 152, 15, 255, 46, 118, 62,
       195, 150, 220, 173, 159, 90, 253, 10, 186, 25, 141, 94, 230, 183,
       81, 172, 141, 175, 231, 74, 144, 165, 235, 237, 196, 78, 75, 154,
       55, 250, 245, 31, 187, 42, 21, 171, 26, 224, 176, 189, 251, 140,
       237, 88, 143, 158, 19, 129, 25, 151, 255, 72, 75, 201, 27, 123,
       145, 62, 78, 219, 19, 207, 243, 222, 125, 144, 72, 132, 26, 29,
       199, 75, 175, 214, 2, 239, 248, 20, 136, 251, 198, 121, 227, 185,
       64, 126, 238, 23, 238, 232, 147, 13, 223, 124, 175, 175, 132, 53,
       243, 241, 128, 53, 199, 64, 239, 252, 3, 206, 248, 86, 226, 217,
       230, 83, 224, 185, 96, 95, 204, 22, 238, 255, 178, 77, 159, 188,
       206, 167, 172, 125, 251, 248, 129, 148, 109, 255, 255, 157, 107,
