%YAML:1.0
---
descriptors: !!opencv-matrix
   rows: 283
   cols: 32
   dt: u
   data: [ 116, 166, 188, 126, 139, 104, 21, 139, 162, 63, 165, 57, 103,
       231, 75, 91, 1, 214, 237, 0, 58, 71, 234, 33, 219, 227, 117, 61,
       242, 113, 134, 99, 133, 166, 205, 251, 108, 169, 233, 218, 126,
       83, 115, 246, 221, 203, 216, 107, 107, 137, 126, 156, 179, 116,
       239, 242, 220, 155, 251, 204, 237, 129, 97, 160, 149, 235, 77,
       239, 236, 9, 237, 253, 236, 208, 243, 230, 219, 201, 216, 59, 106,
       229, 126, 238, 201, 99, 207, 225, 212, 137, 239, 136, 109, 179,
       225, 32, 85, 71, 95, 239, 254, 41, 239, 248, 237, 176, 251, 238,
       127, 227, 249, 115, 126, 207, 126, 238, 193, 179, 143, 253, 252,
       169, 175, 172, 61, 251, 225, 160, 209, 76, 155, 245, 212, 143,
       231, 215, 126, 170, 250, 78, 127, 171, 113, 112, 122, 238, 110,
       220, 225, 251, 17, 234, 253, 143, 119, 0, 105, 248, 97, 169, 48,
       213, 126, 238, 253, 79, 247, 237, 93, 44, 253, 11, 114, 93, 46,
       80, 248, 222, 87, 98, 122, 187, 89, 191, 127, 191, 132, 123, 113,
       26, 246, 234, 100, 228, 188, 49, 173, 205, 85, 175, 223, 183, 36,
       24, 134, 176, 72, 63, 129, 82, 104, 16, 114, 108, 219, 48, 141,
       210, 85, 127, 192, 88, 198, 46, 72, 164, 149, 178, 169, 233, 189,
       207, 191, 191, 178, 177, 143, 247, 72, 75, 203, 211, 239, 145, 58,
       79, 202, 243, 221, 214, 95, 255, 130, 84, 167, 187, 231, 106, 202,
       148, 70, 56, 122, 82, 187, 166, 70, 205, 39, 129, 87, 26, 39, 236,
       229, 95, 164, 215, 134, 42, 86, 15, 97, 169, 172, 245, 90, 193,
       117, 43, 153, 164, 168, 32, 78, 139, 226, 161, 137, 73, 71, 226,
       73, 18, 146, 199, 108, 85, 31, 67, 207, 32, 152, 228, 13, 60, 128,
       115, 131, 4, 194, 181, 189, 242, 173, 205, 85, 175, 191, 255, 151,
       57, 238, 252, 94, 127, 165, 215, 255, 17, 250, 109, 251, 243, 255,
       218, 95, 255, 144, 68, 215, 127, 206, 114, 188, 214, 173, 124,
       191, 156, 187, 255, 183, 190, 221, 255, 207, 127, 231, 215, 255,
       82, 163, 69, 251, 240, 211, 251, 255, 191, 134, 255, 141, 119,
       208, 109, 126, 118, 34, 137, 183, 98, 184, 158, 178, 177, 39, 174,
       163, 27, 166, 119, 236, 66, 108, 237, 160, 108, 240, 227, 126,
       155, 97, 113, 39, 75, 168, 172, 188, 91, 217, 253, 181, 159, 154,
       63, 45, 24, 190, 117, 78, 59, 135, 90, 227, 12, 50, 124, 250, 55,
       111, 223, 85, 125, 210, 217, 199, 186, 129, 134, 223, 251, 100,
       168, 105, 27, 126, 83, 123, 246, 157, 227, 248, 107, 103, 15, 62,
       156, 179, 252, 239, 211, 204, 191, 122, 192, 156, 201, 161, 177,
       129, 135, 223, 243, 228, 169, 233, 23, 126, 83, 115, 244, 189,
       163, 208, 105, 231, 43, 126, 156, 179, 220, 103, 243, 204, 251,
       250, 192, 140, 192, 225, 169, 9, 255, 191, 253, 252, 140, 253,
       246, 191, 89, 254, 68, 188, 243, 146, 48, 205, 99, 127, 76, 211,
       249, 227, 245, 239, 191, 54, 192, 74, 144, 227, 249, 50, 141, 47,
       187, 221, 233, 185, 231, 158, 53, 218, 147, 227, 239, 40, 65, 233,
       183, 235, 145, 58, 187, 83, 247, 253, 38, 154, 121, 209, 72, 180,
       122, 0, 185, 51, 117, 242, 201, 177, 103, 254, 64, 120, 32, 180,
       181, 32, 32, 162, 59, 35, 65, 17, 184, 146, 127, 109, 164, 58, 74,
       65, 0, 167, 187, 246, 204, 195, 126, 176, 96, 102, 232, 57, 202,
       106, 113, 114, 251, 109, 81, 241, 202, 53, 98, 121, 215, 138, 106,
       56, 190, 199, 14, 201, 115, 240, 18, 204, 60, 149, 177, 169, 236,
       49, 19, 187, 159, 162, 29, 156, 55, 64, 91, 135, 87, 105, 16, 50,
       77, 211, 66, 205, 243, 94, 114, 136, 64, 135, 115, 210, 231, 191,
       118, 147, 192, 53, 101, 184, 7, 235, 49, 100, 254, 44, 83, 160,
       51, 105, 128, 98, 203, 186, 15, 241, 167, 126, 11, 64, 66, 167,
       106, 45, 213, 113, 75, 181, 159, 127, 185, 125, 40, 127, 76, 203,
       83, 140, 244, 214, 140, 204, 106, 249, 176, 121, 223, 167, 253, 5,
       70, 90, 150, 194, 37, 206, 212, 254, 119, 41, 124, 249, 156, 191,
       255, 183, 177, 233, 255, 95, 123, 231, 87, 255, 147, 160, 69, 251,
       226, 207, 251, 95, 151, 199, 245, 37, 87, 69, 90, 245, 207, 52,
       14, 239, 176, 127, 234, 127, 100, 251, 229, 149, 100, 95, 108,
       126, 78, 193, 240, 237, 238, 230, 190, 39, 144, 78, 187, 85, 241,
       105, 103, 104, 5, 116, 90, 239, 56, 105, 236, 127, 237, 211, 45,
       151, 48, 18, 76, 68, 111, 197, 176, 237, 12, 102, 127, 37, 149,
       110, 190, 94, 241, 254, 159, 246, 255, 255, 115, 254, 252, 125,
       231, 247, 187, 75, 127, 190, 245, 255, 215, 255, 231, 252, 251,
       109, 238, 254, 255, 255, 211, 231, 253, 239, 215, 124, 246, 245,
       230, 173, 126, 95, 184, 49, 238, 191, 175, 255, 127, 139, 243,
       247, 215, 253, 39, 236, 99, 249, 174, 251, 235, 229, 191, 99, 247,
       70, 115, 86, 52, 144, 195, 146, 44, 43, 140, 42, 245, 15, 149,
       220, 39, 79, 94, 55, 95, 105, 156, 2, 80, 185, 98, 221, 4, 31,
       100, 136, 83, 7, 120, 66, 188, 213, 219, 169, 253, 116, 239, 191,
       51, 172, 24, 174, 243, 68, 255, 163, 250, 238, 24, 51, 105, 250,
       241, 159, 222, 87, 127, 146, 84, 135, 174, 201, 170, 223, 249,
       172, 169, 237, 150, 239, 91, 182, 244, 189, 163, 208, 107, 231,
       99, 126, 28, 179, 77, 103, 209, 204, 219, 254, 192, 140, 208, 129,
       41, 255, 125, 246, 223, 253, 127, 255, 236, 223, 238, 255, 14,
       106, 252, 127, 231, 251, 223, 255, 243, 255, 243, 251, 250, 191,
       254, 143, 147, 151, 127, 221, 95, 177, 69, 75, 229, 22, 35, 78,
       120, 86, 224, 250, 206, 115, 97, 144, 112, 121, 236, 52, 238, 233,
       246, 109, 30, 184, 175, 165, 144, 45, 171, 80, 48, 61, 116, 184,
       114, 125, 189, 81, 91, 123, 239, 181, 29, 47, 221, 75, 24, 157,
       153, 196, 28, 142, 103, 250, 130, 219, 221, 21, 63, 194, 93, 70,
       243, 10, 189, 158, 187, 255, 205, 183, 231, 159, 61, 76, 51, 172,
       255, 98, 64, 235, 123, 163, 83, 114, 88, 26, 243, 237, 215, 95,
       107, 144, 92, 133, 203, 82, 170, 30, 181, 34, 194, 57, 99, 172,
       132, 194, 161, 141, 135, 160, 192, 38, 53, 237, 128, 16, 157, 161,
       76, 144, 227, 59, 131, 32, 32, 37, 107, 194, 190, 149, 151, 188,
       196, 164, 135, 190, 255, 130, 117, 228, 242, 66, 79, 225, 103,
       106, 145, 115, 205, 139, 225, 172, 50, 223, 194, 136, 80, 189, 95,
       137, 248, 21, 27, 75, 221, 48, 207, 223, 113, 96, 112, 174, 208,
       228, 229, 131, 42, 226, 0, 71, 60, 122, 177, 142, 208, 16, 107,
       90, 12, 137, 141, 146, 14, 78, 188, 46, 162, 186, 98, 141, 78,
       210, 231, 100, 206, 183, 67, 238, 161, 191, 199, 100, 141, 6, 237,
       144, 34, 234, 131, 29, 37, 57, 223, 222, 26, 151, 252, 3, 226, 61,
       98, 172, 14, 211, 179, 109, 239, 33, 75, 166, 245, 237, 131, 40,
       197, 2, 232, 145, 227, 106, 131, 32, 113, 37, 83, 237, 188, 237,
       85, 188, 78, 111, 191, 82, 250, 22, 92, 211, 53, 209, 111, 5, 68,
       124, 47, 241, 252, 253, 42, 109, 63, 229, 148, 174, 248, 208, 113,
       252, 94, 245, 71, 106, 90, 23, 184, 185, 182, 38, 184, 79, 103,
       133, 127, 55, 244, 236, 98, 96, 117, 173, 104, 55, 242, 69, 23,
       99, 241, 71, 37, 40, 173, 188, 91, 233, 253, 181, 143, 154, 31,
       44, 24, 190, 245, 78, 63, 133, 114, 234, 24, 50, 105, 250, 49,
       111, 159, 85, 123, 210, 88, 199, 186, 87, 180, 237, 23, 154, 223,
       191, 185, 63, 246, 194, 143, 217, 238, 94, 61, 55, 245, 123, 189,
       183, 208, 255, 85, 255, 14, 207, 198, 165, 166, 167, 119, 174,
       174, 132, 189, 153, 57, 70, 235, 151, 150, 232, 157, 231, 224,
       107, 215, 217, 106, 234, 36, 126, 103, 78, 187, 168, 214, 69, 63,
       250, 124, 8, 140, 124, 179, 220, 62, 170, 40, 84, 159, 163, 191,
       189, 189, 15, 231, 74, 90, 135, 215, 237, 20, 30, 75, 203, 32,
       218, 247, 117, 255, 170, 100, 142, 83, 208, 110, 190, 62, 42, 160,
       157, 118, 164, 158, 182, 181, 231, 235, 163, 27, 175, 243, 237,
       129, 108, 239, 130, 104, 208, 227, 126, 153, 97, 112, 47, 75, 236,
       231, 204, 39, 236, 26, 102, 172, 240, 166, 110, 169, 227, 225,
