%YAML:1.0
---
descriptors: !!opencv-matrix
   rows: 104
   cols: 32
   dt: u
   data: [ 242, 75, 103, 174, 15, 82, 78, 228, 229, 164, 146, 2, 107,
       104, 53, 231, 120, 228, 253, 231, 108, 163, 45, 173, 179, 234,
       199, 19, 39, 190, 244, 76, 89, 185, 151, 250, 233, 205, 69, 223,
       239, 89, 168, 72, 190, 246, 64, 254, 165, 243, 108, 24, 27, 107,
       186, 241, 153, 250, 85, 122, 218, 80, 195, 45, 181, 141, 213, 255,
       156, 7, 70, 173, 83, 179, 185, 90, 67, 105, 89, 139, 217, 198, 36,
       122, 58, 122, 91, 191, 171, 218, 197, 116, 249, 251, 208, 128,
       194, 172, 155, 190, 252, 160, 190, 175, 186, 146, 24, 152, 236,
       234, 120, 66, 147, 123, 121, 147, 50, 77, 138, 243, 172, 54, 223,
       236, 132, 113, 131, 0, 196, 172, 133, 147, 148, 168, 38, 134, 62,
       147, 74, 82, 244, 226, 73, 74, 97, 238, 42, 144, 50, 92, 203, 227,
       172, 38, 223, 64, 160, 115, 161, 8, 150, 101, 119, 77, 83, 82,
       170, 104, 125, 0, 226, 146, 72, 86, 141, 181, 126, 157, 194, 226,
       99, 215, 53, 223, 49, 168, 11, 3, 103, 48, 39, 164, 2, 233, 25,
       187, 248, 193, 178, 206, 142, 13, 88, 99, 164, 223, 104, 64, 203,
       59, 35, 65, 66, 26, 74, 245, 173, 20, 30, 107, 16, 26, 165, 139,
       189, 97, 233, 106, 142, 67, 79, 216, 82, 242, 181, 202, 83, 69,
       217, 59, 121, 204, 117, 254, 203, 103, 239, 48, 242, 201, 229,
       188, 247, 251, 114, 32, 1, 13, 222, 197, 244, 14, 110, 55, 253,
       128, 126, 66, 253, 35, 176, 102, 114, 110, 62, 232, 240, 216, 133,
       238, 230, 238, 102, 128, 39, 242, 225, 168, 2, 255, 17, 170, 216,
       193, 182, 239, 14, 1, 104, 75, 164, 210, 108, 0, 217, 59, 3, 81,
       82, 26, 74, 245, 61, 148, 15, 110, 152, 10, 163, 139, 234, 188,
       188, 122, 139, 253, 21, 175, 187, 63, 164, 57, 174, 255, 66, 27,
       131, 115, 233, 18, 54, 79, 218, 51, 251, 211, 93, 123, 210, 84,
       143, 11, 141, 164, 253, 241, 236, 169, 233, 27, 254, 115, 49, 252,
       157, 161, 216, 43, 163, 11, 126, 28, 179, 124, 239, 211, 204, 155,
       119, 228, 220, 200, 193, 161, 77, 111, 85, 103, 50, 15, 111, 184,
       118, 168, 79, 228, 209, 99, 153, 228, 54, 76, 62, 238, 225, 208,
       205, 46, 44, 174, 39, 132, 46, 179, 97, 161, 252, 81, 118, 236,
       13, 86, 95, 184, 181, 142, 247, 10, 75, 119, 43, 247, 112, 212,
       253, 234, 104, 199, 59, 140, 243, 251, 197, 23, 34, 191, 124, 114,
       241, 72, 223, 244, 78, 8, 109, 48, 249, 146, 178, 218, 127, 43,
       149, 123, 99, 229, 125, 234, 233, 71, 231, 226, 208, 235, 250,
       152, 45, 241, 98, 40, 77, 37, 153, 231, 240, 46, 104, 25, 58, 179,
       107, 80, 221, 115, 73, 250, 183, 95, 124, 60, 17, 208, 153, 66,
       207, 237, 103, 68, 136, 227, 203, 161, 46, 181, 240, 227, 253,
       127, 240, 9, 127, 245, 189, 25, 206, 92, 94, 172, 191, 153, 223,
       49, 150, 112, 253, 210, 15, 92, 5, 119, 199, 79, 223, 214, 108,
       175, 212, 243, 189, 47, 70, 191, 87, 185, 187, 73, 195, 105, 92,
       131, 217, 70, 108, 122, 58, 104, 219, 177, 47, 223, 197, 116, 251,
       251, 208, 2, 164, 140, 150, 254, 252, 43, 198, 239, 223, 131, 249,
       80, 230, 232, 60, 73, 219, 79, 106, 35, 112, 239, 75, 255, 184,
       190, 87, 94, 212, 249, 241, 136, 52, 254, 216, 126, 74, 129, 55,
       222, 50, 14, 124, 168, 49, 247, 225, 24, 127, 219, 38, 130, 66,
       62, 202, 115, 85, 167, 119, 173, 113, 243, 38, 139, 41, 253, 122,
       104, 85, 221, 86, 119, 99, 69, 124, 8, 43, 157, 182, 180, 88, 186,
       150, 8, 206, 58, 240, 183, 119, 221, 4, 43, 115, 158, 222, 238,
       19, 217, 59, 228, 50, 134, 191, 247, 172, 8, 94, 66, 189, 223, 32,
       96, 166, 125, 63, 239, 193, 153, 48, 237, 241, 237, 174, 130, 12,
       146, 161, 185, 0, 143, 158, 253, 149, 134, 110, 39, 252, 128, 234,
       66, 161, 227, 48, 192, 96, 238, 42, 204, 80, 153, 2, 237, 227,
       255, 134, 0, 0, 176, 233, 136, 189, 214, 124, 248, 174, 39, 95,
       216, 86, 26, 181, 246, 81, 83, 233, 123, 127, 209, 94, 254, 235,
       103, 79, 63, 250, 203, 231, 252, 189, 241, 160, 49, 245, 237, 137,
       250, 236, 97, 70, 237, 194, 210, 168, 72, 211, 225, 121, 51, 217,
       226, 78, 122, 127, 99, 218, 58, 248, 217, 229, 61, 216, 250, 250,
       0, 57, 163, 26, 33, 112, 143, 91, 221, 35, 173, 255, 77, 159, 131,
       74, 16, 180, 141, 100, 92, 222, 187, 137, 21, 251, 253, 37, 228,
       106, 130, 202, 65, 137, 143, 66, 13, 52, 219, 232, 39, 124, 69,
       126, 144, 171, 32, 182, 228, 106, 46, 38, 13, 236, 188, 37, 143,
       164, 255, 18, 1, 110, 140, 253, 76, 166, 237, 17, 186, 153, 133,
       134, 236, 158, 17, 232, 72, 164, 210, 104, 128, 221, 91, 2, 83,
       115, 11, 90, 253, 169, 148, 15, 126, 24, 27, 131, 136, 197, 36,
       255, 241, 236, 40, 233, 82, 250, 243, 51, 208, 157, 235, 209, 59,
       47, 103, 126, 156, 179, 101, 238, 194, 220, 155, 123, 172, 204,
       225, 67, 161, 93, 37, 147, 225, 178, 46, 108, 25, 58, 171, 75, 80,
       223, 115, 72, 250, 55, 29, 60, 184, 17, 208, 153, 194, 141, 238,
       127, 68, 168, 224, 161, 161, 77, 75, 121, 101, 164, 14, 111, 180,
       109, 232, 126, 68, 255, 33, 145, 114, 150, 100, 108, 110, 193,
       176, 225, 44, 230, 249, 37, 128, 74, 179, 67, 41, 67, 37, 111,
       197, 182, 14, 239, 57, 56, 226, 139, 206, 213, 46, 156, 51, 62,
       197, 89, 173, 245, 208, 245, 78, 244, 46, 207, 20, 109, 226, 147,
       240, 56, 220, 61, 127, 57, 207, 83, 190, 87, 13, 174, 0, 191, 119,
       32, 112, 69, 50, 29, 72, 106, 172, 113, 63, 235, 255, 48, 80, 50,
       136, 196, 107, 132, 166, 133, 151, 214, 168, 38, 175, 182, 147,
       72, 82, 245, 226, 72, 66, 113, 106, 42, 144, 51, 92, 142, 123,
       172, 6, 191, 108, 160, 112, 161, 168, 93, 113, 115, 69, 54, 30,
       99, 48, 105, 232, 119, 108, 94, 17, 157, 182, 50, 68, 124, 106,
       193, 176, 177, 72, 246, 184, 33, 4, 106, 163, 67, 37, 77, 181,
       181, 97, 160, 111, 109, 189, 42, 251, 63, 88, 223, 55, 216, 58,
       183, 85, 125, 60, 211, 80, 185, 80, 237, 223, 101, 244, 194, 226,
       131, 113, 50, 168, 215, 253, 122, 139, 184, 234, 31, 187, 240,
       235, 46, 191, 36, 25, 239, 185, 119, 20, 58, 251, 67, 253, 28,
       190, 94, 242, 209, 8, 35, 139, 57, 249, 179, 106, 117, 141, 67,
       220, 107, 73, 248, 8, 191, 210, 72, 48, 144, 233, 68, 90, 203, 58,
       248, 49, 185, 221, 5, 122, 64, 3, 66, 236, 6, 160, 221, 155, 238,
       105, 168, 73, 30, 49, 49, 186, 156, 194, 72, 138, 11, 27, 106, 17,
       19, 76, 203, 209, 140, 18, 95, 125, 148, 8, 139, 128, 197, 106,
       156, 53, 40, 47, 64, 150, 127, 186, 162, 92, 183, 35, 65, 27, 133,
       100, 108, 30, 169, 252, 211, 42, 205, 251, 85, 20, 200, 241, 75,
       9, 74, 251, 30, 56, 49, 200, 121, 39, 175, 93, 102, 21, 172, 142,
       38, 208, 166, 63, 255, 1, 83, 153, 146, 117, 181, 177, 26, 203, 8,
       4, 175, 91, 108, 243, 237, 247, 168, 82, 79, 157, 18, 255, 151,
       163, 209, 103, 203, 107, 93, 214, 253, 242, 153, 66, 239, 160,
       238, 231, 239, 253, 167, 251, 180, 113, 101, 166, 236, 227, 172,
       43, 79, 152, 18, 186, 189, 236, 211, 97, 217, 59, 93, 196, 127,
       254, 187, 98, 205, 16, 206, 159, 229, 244, 221, 251, 90, 32, 19,
       217, 58, 252, 50, 134, 62, 246, 172, 8, 202, 66, 189, 223, 48, 96,
       230, 249, 31, 207, 193, 139, 16, 253, 241, 237, 174, 136, 8, 178,
       33, 41, 33, 189, 123, 73, 245, 253, 227, 119, 95, 77, 124, 8, 50,
       253, 182, 52, 217, 170, 146, 28, 146, 186, 118, 55, 79, 93, 16,
       105, 211, 202, 214, 254, 176, 201, 29, 186, 156, 135, 134, 236,
       158, 16, 160, 72, 247, 82, 41, 129, 200, 243, 74, 115, 107, 79,
       90, 61, 169, 130, 79, 124, 24, 24, 9, 136, 81, 186, 156, 219, 169,
       158, 61, 183, 239, 123, 182, 84, 254, 242, 230, 110, 167, 55, 126,
       28, 215, 73, 171, 245, 207, 251, 127, 218, 154, 0, 169, 79, 88,
       176, 188, 112, 169, 237, 85, 143, 163, 61, 172, 25, 143, 183, 74,
       26, 167, 151, 237, 16, 26, 75, 186, 49, 219, 215, 117, 127, 226,
