%YAML:1.0
---
descriptors: !!opencv-matrix
   rows: 77
   cols: 32
   dt: u
   data: [ 142, 158, 164, 83, 227, 118, 189, 183, 62, 63, 70, 149, 204,
       47, 78, 79, 167, 71, 179, 148, 178, 220, 123, 226, 111, 55, 222,
       199, 130, 85, 141, 255, 246, 207, 229, 214, 148, 6, 206, 168, 19,
       162, 251, 202, 83, 105, 29, 17, 91, 199, 117, 239, 248, 226, 77,
       255, 56, 46, 237, 148, 109, 251, 242, 0, 117, 127, 77, 238, 142,
       7, 71, 252, 195, 230, 189, 238, 83, 233, 249, 7, 125, 196, 76,
       238, 201, 99, 142, 56, 186, 136, 229, 188, 125, 251, 242, 81, 6,
       161, 20, 147, 253, 237, 176, 73, 30, 53, 49, 27, 140, 16, 72, 8,
       187, 27, 234, 17, 18, 120, 91, 213, 13, 16, 31, 119, 144, 10, 133,
       134, 252, 127, 236, 102, 142, 67, 71, 252, 67, 242, 189, 234, 83,
       124, 217, 51, 121, 212, 125, 226, 205, 99, 175, 56, 248, 201, 229,
       60, 117, 251, 246, 112, 226, 152, 156, 187, 41, 205, 16, 174, 143,
       63, 160, 29, 174, 183, 70, 95, 133, 19, 239, 0, 6, 104, 210, 177,
       135, 211, 80, 59, 90, 12, 141, 95, 246, 64, 214, 142, 77, 70, 86,
       104, 169, 142, 227, 11, 78, 254, 47, 223, 248, 245, 237, 227, 108,
       71, 154, 202, 145, 178, 207, 31, 1, 127, 126, 6, 198, 236, 148,
       151, 213, 168, 38, 196, 186, 179, 139, 19, 228, 226, 72, 94, 225,
       239, 106, 211, 102, 92, 219, 227, 189, 22, 223, 99, 128, 115, 187,
       142, 228, 133, 214, 254, 189, 43, 86, 237, 223, 19, 249, 25, 207,
       233, 44, 203, 211, 103, 106, 34, 116, 103, 74, 223, 170, 246, 87,
       31, 212, 122, 233, 130, 190, 52, 182, 172, 249, 39, 150, 200, 29,
       170, 240, 169, 110, 255, 45, 159, 223, 221, 247, 54, 44, 247, 203,
       202, 147, 254, 69, 190, 211, 127, 34, 211, 253, 223, 235, 102,
       158, 39, 78, 254, 83, 226, 189, 206, 115, 109, 189, 50, 93, 198,
       68, 238, 249, 103, 60, 62, 122, 207, 229, 60, 255, 251, 242, 16,
       137, 182, 189, 243, 236, 173, 249, 159, 95, 123, 53, 124, 158,
       185, 216, 41, 135, 27, 127, 29, 179, 124, 235, 211, 206, 155, 119,
       244, 220, 200, 129, 177, 128, 160, 157, 155, 248, 233, 177, 143,
       158, 51, 33, 184, 148, 242, 72, 72, 203, 27, 106, 16, 51, 78, 203,
       215, 12, 150, 95, 126, 144, 72, 129, 130, 66, 188, 146, 184, 169,
       253, 16, 71, 191, 23, 168, 25, 174, 190, 102, 222, 227, 59, 235,
       17, 22, 75, 146, 243, 153, 214, 26, 123, 146, 68, 175, 78, 125,
       113, 24, 225, 61, 31, 86, 184, 103, 168, 189, 76, 223, 89, 9, 176,
       220, 212, 92, 106, 201, 34, 89, 188, 243, 221, 37, 52, 90, 187,
       74, 3, 125, 127, 24, 101, 184, 15, 86, 186, 51, 168, 188, 76, 223,
       115, 65, 240, 156, 221, 92, 104, 201, 114, 209, 56, 247, 221, 37,
       52, 74, 241, 74, 35, 102, 239, 196, 191, 220, 11, 198, 172, 23,
       187, 177, 239, 195, 104, 77, 150, 217, 198, 108, 86, 122, 106,
       207, 177, 44, 222, 197, 118, 253, 123, 216, 4, 196, 132, 150, 172,
       188, 43, 70, 237, 158, 179, 225, 25, 207, 234, 40, 219, 211, 71,
       106, 34, 116, 103, 203, 159, 184, 247, 71, 125, 208, 120, 137,
       130, 38, 32, 214, 172, 123, 3, 152, 72, 143, 162, 240, 137, 206,
       255, 45, 159, 222, 125, 255, 53, 12, 195, 146, 200, 153, 254, 79,
       191, 214, 46, 43, 131, 215, 72, 255, 244, 110, 40, 125, 18, 171,
       210, 182, 218, 255, 175, 213, 123, 103, 245, 125, 142, 169, 71,
       231, 224, 214, 251, 254, 152, 173, 241, 99, 41, 109, 99, 56, 78,
       60, 157, 67, 216, 235, 232, 189, 8, 222, 208, 219, 52, 144, 232,
       76, 106, 139, 35, 234, 29, 241, 153, 33, 60, 64, 163, 67, 37, 2,
       162, 64, 155, 236, 137, 168, 143, 142, 53, 17, 253, 141, 130, 218,
       140, 79, 11, 75, 157, 18, 92, 79, 209, 12, 16, 190, 252, 156, 140,
       153, 152, 11, 162, 68, 27, 218, 147, 40, 207, 54, 117, 71, 183,
       201, 3, 202, 204, 115, 15, 187, 156, 22, 88, 79, 85, 78, 35, 191,
       229, 191, 132, 169, 212, 5, 164, 157, 27, 219, 109, 33, 139, 62,
       55, 65, 16, 212, 242, 72, 105, 49, 14, 106, 24, 50, 92, 251, 87,
       205, 134, 87, 103, 176, 64, 133, 162, 157, 103, 204, 101, 176, 10,
       111, 184, 116, 170, 126, 228, 211, 99, 153, 241, 54, 204, 36, 110,
       233, 240, 237, 46, 238, 239, 101, 132, 110, 243, 72, 33, 252, 83,
       78, 236, 12, 70, 71, 184, 32, 174, 247, 42, 83, 87, 41, 83, 120,
       212, 125, 234, 104, 199, 137, 8, 241, 227, 231, 148, 33, 179, 118,
       115, 244, 97, 204, 98, 142, 3, 70, 200, 67, 178, 161, 138, 83, 73,
       89, 27, 123, 196, 108, 250, 72, 103, 207, 56, 250, 136, 229, 60,
       245, 251, 114, 0, 122, 185, 156, 122, 169, 253, 20, 207, 171, 61,
       172, 9, 174, 255, 66, 26, 135, 243, 237, 16, 30, 75, 218, 49, 219,
       215, 93, 123, 210, 84, 143, 11, 9, 176, 249, 225, 252, 173, 249,
       31, 110, 121, 61, 124, 159, 185, 216, 40, 167, 27, 127, 29, 147,
       120, 235, 209, 206, 221, 63, 244, 220, 202, 129, 241, 168, 61, 27,
       184, 25, 141, 83, 112, 157, 136, 224, 12, 182, 211, 32, 81, 204,
       57, 72, 114, 120, 171, 82, 63, 233, 241, 0, 122, 88, 8, 34, 163,
       220, 60, 189, 118, 168, 104, 81, 26, 242, 191, 167, 56, 215, 247,
       65, 123, 131, 247, 109, 18, 40, 71, 251, 34, 211, 227, 113, 57,
       224, 113, 6, 35, 205, 72, 255, 244, 108, 40, 105, 18, 251, 210,
       182, 120, 253, 171, 209, 123, 231, 245, 127, 142, 161, 103, 226,
       226, 214, 251, 250, 136, 141, 241, 99, 41, 70, 165, 26, 131, 205,
       111, 177, 73, 63, 191, 187, 27, 206, 252, 78, 8, 187, 159, 239,
       179, 54, 115, 25, 214, 157, 22, 11, 119, 193, 107, 141, 198, 204,
       102, 156, 179, 172, 45, 109, 142, 190, 51, 178, 29, 223, 227, 11,
       91, 227, 199, 111, 31, 42, 101, 203, 50, 192, 243, 127, 52, 136,
       121, 3, 1, 105, 125, 88, 101, 184, 15, 84, 183, 123, 168, 172, 76,
       159, 51, 1, 48, 132, 172, 76, 40, 205, 250, 209, 26, 231, 221, 37,
       52, 74, 248, 74, 11, 68, 236, 134, 159, 93, 170, 166, 232, 190,
       190, 65, 34, 236, 226, 107, 207, 241, 109, 234, 226, 102, 65, 138,
       255, 188, 38, 207, 47, 128, 119, 45, 134, 102, 235, 196, 195, 252,
       143, 194, 184, 67, 185, 187, 237, 226, 232, 92, 134, 217, 196,
       110, 86, 78, 98, 203, 177, 62, 30, 133, 126, 217, 191, 88, 29, 80,
       128, 158, 172, 40, 11, 16, 105, 62, 177, 226, 8, 215, 98, 32, 195,
       211, 5, 110, 33, 56, 227, 67, 28, 152, 231, 123, 85, 144, 40, 41,
       0, 2, 32, 150, 172, 59, 11, 152, 72, 143, 160, 240, 9, 204, 202,
       37, 155, 218, 29, 127, 49, 4, 195, 211, 200, 153, 178, 75, 63,
       144, 40, 35, 134, 242, 67, 78, 172, 14, 66, 68, 104, 225, 134,
       146, 171, 66, 42, 55, 83, 232, 229, 109, 227, 108, 231, 199, 204,
       176, 162, 202, 19, 37, 56, 116, 6, 183, 204, 110, 156, 14, 3, 207,
       236, 87, 226, 208, 155, 113, 232, 191, 33, 127, 237, 17, 239, 236,
       199, 13, 63, 48, 14, 205, 180, 61, 184, 112, 12, 116, 111, 201,
       100, 222, 3, 70, 253, 64, 170, 184, 110, 83, 97, 193, 146, 56,
       196, 76, 106, 105, 115, 201, 14, 248, 143, 229, 52, 105, 250, 210,
       41, 181, 141, 201, 126, 252, 35, 71, 239, 210, 162, 168, 88, 115,
       225, 249, 19, 25, 230, 0, 110, 121, 103, 138, 63, 56, 142, 229,
       60, 249, 250, 210, 168, 70, 169, 148, 31, 9, 153, 48, 168, 190,
       177, 65, 0, 236, 243, 72, 102, 145, 127, 232, 82, 70, 64, 219,
       121, 15, 114, 77, 107, 146, 38, 9, 134, 185, 235, 105, 99, 116,
       203, 71, 252, 113, 96, 124, 104, 51, 81, 154, 48, 88, 232, 6, 122,
       203, 186, 108, 63, 126, 205, 37, 96, 101, 154, 210, 232, 74, 149,
       23, 254, 49, 236, 56, 39, 188, 27, 75, 16, 172, 183, 40, 196, 165,
       51, 251, 0, 51, 137, 18, 231, 141, 246, 26, 75, 2, 64, 165, 59,
       18, 32, 158, 165, 42, 11, 184, 73, 44, 165, 210, 138, 143, 130, 0,
       136, 238, 21, 238, 145, 0, 219, 65, 196, 148, 225, 122, 19, 0, 8,
       41, 137, 89, 0, 156, 165, 56, 26, 48, 35, 126, 165, 194, 16, 159,
       2, 2, 203, 230, 5, 108, 8, 44, 221, 193, 28, 156, 247, 122, 81, 0,
       8, 9, 9, 118, 235, 192, 163, 61, 137, 194, 168, 15, 188, 185, 205,
