%YAML:1.0
---
descriptors: !!opencv-matrix
   rows: 95
   cols: 32
   dt: u
   data: [ 81, 169, 149, 250, 168, 173, 69, 159, 239, 27, 185, 88, 191,
       243, 200, 126, 133, 119, 108, 24, 27, 75, 251, 113, 185, 250, 87,
       122, 144, 82, 131, 45, 2, 180, 149, 155, 248, 233, 176, 207, 158,
       51, 57, 185, 156, 243, 72, 9, 203, 27, 75, 17, 50, 78, 75, 215,
       12, 22, 94, 126, 152, 72, 129, 155, 4, 156, 181, 147, 225, 106,
       181, 167, 126, 255, 74, 49, 236, 60, 72, 75, 135, 87, 34, 17, 55,
       216, 43, 99, 45, 54, 126, 198, 128, 81, 133, 223, 208, 248, 191,
       184, 42, 233, 21, 195, 190, 63, 132, 57, 151, 151, 66, 91, 163,
       49, 237, 1, 106, 71, 162, 51, 209, 195, 123, 121, 128, 80, 135,
       67, 61, 38, 109, 233, 188, 35, 75, 216, 87, 115, 189, 222, 83, 77,
       249, 120, 93, 216, 95, 254, 187, 34, 127, 182, 218, 207, 161, 252,
       255, 251, 112, 112, 124, 105, 83, 110, 121, 220, 86, 240, 161,
       132, 236, 9, 95, 255, 3, 208, 184, 249, 205, 74, 72, 163, 186, 44,
       243, 253, 5, 25, 98, 183, 110, 66, 242, 205, 102, 174, 31, 82, 86,
       232, 229, 132, 154, 3, 107, 104, 60, 215, 248, 229, 237, 227, 108,
       163, 13, 173, 179, 226, 199, 19, 39, 62, 124, 78, 34, 237, 18,
       186, 220, 133, 182, 239, 158, 5, 72, 11, 164, 235, 96, 0, 205, 59,
       3, 17, 82, 27, 10, 247, 61, 20, 30, 106, 144, 10, 165, 138, 182,
       180, 183, 184, 249, 39, 150, 233, 31, 251, 241, 185, 78, 255, 108,
       29, 223, 223, 247, 55, 56, 231, 75, 146, 155, 94, 77, 254, 211,
       109, 166, 211, 198, 108, 176, 222, 62, 161, 142, 136, 154, 178,
       25, 154, 236, 234, 93, 11, 147, 125, 123, 243, 34, 69, 142, 251,
       173, 22, 207, 188, 148, 115, 3, 0, 160, 140, 150, 190, 189, 171,
       212, 239, 223, 147, 248, 24, 238, 232, 44, 207, 211, 107, 106, 1,
       116, 239, 10, 255, 168, 246, 86, 27, 208, 120, 137, 140, 53, 198,
       196, 191, 140, 35, 70, 175, 19, 179, 185, 255, 67, 96, 76, 155,
       89, 206, 38, 50, 60, 110, 79, 179, 168, 150, 213, 116, 217, 123,
       216, 4, 13, 103, 70, 71, 178, 27, 110, 184, 118, 170, 111, 228,
       209, 99, 153, 117, 55, 108, 110, 110, 225, 208, 237, 62, 108, 175,
       37, 132, 46, 243, 192, 161, 13, 93, 17, 255, 61, 223, 86, 176,
       214, 72, 121, 68, 255, 241, 33, 224, 212, 122, 28, 106, 235, 168,
       120, 63, 227, 255, 33, 24, 90, 59, 64, 51, 246, 80, 150, 142, 77,
       86, 86, 104, 185, 142, 227, 11, 78, 254, 47, 223, 248, 245, 237,
       227, 108, 71, 154, 202, 145, 178, 207, 31, 1, 127, 126, 6, 6, 161,
       144, 131, 221, 127, 176, 73, 62, 181, 57, 27, 204, 120, 74, 140,
       185, 31, 234, 49, 54, 114, 219, 208, 29, 22, 31, 119, 144, 78,
       141, 134, 77, 53, 153, 225, 240, 46, 120, 27, 58, 185, 43, 80,
       221, 51, 72, 122, 183, 31, 117, 56, 17, 208, 217, 66, 205, 143,
       127, 100, 136, 225, 131, 161, 241, 72, 223, 244, 78, 8, 109, 52,
       233, 146, 182, 250, 95, 43, 149, 123, 106, 229, 125, 234, 233, 71,
       231, 192, 212, 235, 254, 152, 37, 241, 98, 32, 246, 37, 204, 165,
       140, 106, 72, 41, 56, 179, 131, 153, 195, 38, 93, 91, 51, 196,
       105, 62, 60, 209, 221, 128, 152, 226, 205, 85, 165, 225, 216, 4,
       93, 181, 145, 225, 178, 46, 44, 31, 58, 185, 107, 80, 221, 51, 72,
       254, 183, 31, 60, 56, 51, 216, 145, 66, 141, 238, 55, 68, 170,
       224, 131, 161, 196, 172, 132, 151, 221, 168, 34, 136, 190, 146,
       11, 18, 228, 226, 73, 75, 113, 106, 42, 210, 50, 84, 202, 251, 45,
       6, 207, 108, 128, 115, 33, 130, 125, 125, 24, 101, 184, 15, 86,
       186, 51, 170, 188, 76, 159, 51, 1, 176, 156, 220, 92, 104, 233,
       242, 209, 30, 231, 223, 37, 52, 106, 249, 74, 35, 100, 175, 196,
       243, 236, 11, 70, 191, 23, 187, 187, 253, 67, 105, 76, 142, 217,
       198, 108, 86, 94, 120, 203, 178, 46, 222, 213, 118, 251, 251, 216,
       156, 54, 176, 214, 248, 121, 11, 152, 232, 31, 177, 240, 169, 78,
       255, 108, 31, 223, 157, 255, 53, 24, 227, 75, 208, 152, 218, 95,
       254, 213, 44, 35, 147, 117, 233, 57, 106, 60, 157, 67, 248, 235,
       168, 173, 8, 255, 210, 77, 52, 144, 224, 76, 90, 203, 35, 250, 49,
       185, 220, 7, 62, 64, 19, 67, 45, 242, 67, 102, 172, 15, 66, 70,
       104, 229, 36, 178, 131, 99, 106, 53, 87, 232, 229, 237, 227, 108,
       227, 5, 205, 177, 226, 203, 19, 37, 62, 116, 14, 29, 103, 196, 71,
       176, 26, 111, 184, 116, 170, 127, 228, 83, 97, 153, 116, 54, 76,
       36, 110, 233, 240, 237, 46, 230, 239, 101, 132, 110, 243, 64, 33,
       5, 160, 149, 27, 219, 105, 32, 139, 62, 51, 65, 24, 212, 242, 72,
       109, 49, 10, 106, 24, 51, 88, 251, 81, 141, 134, 87, 110, 176, 64,
       129, 162, 96, 152, 144, 254, 9, 205, 18, 130, 159, 73, 160, 25,
       190, 247, 64, 88, 197, 59, 233, 0, 7, 11, 218, 179, 131, 245, 16,
       59, 154, 8, 15, 27, 118, 52, 146, 132, 221, 126, 178, 200, 171,
       174, 187, 27, 206, 190, 79, 158, 249, 221, 239, 243, 4, 243, 153,
       192, 157, 20, 203, 63, 193, 119, 111, 198, 162, 173, 17, 186, 221,
       133, 134, 239, 158, 17, 168, 91, 164, 194, 104, 0, 201, 27, 3, 81,
       114, 11, 90, 245, 169, 148, 30, 123, 144, 8, 131, 138, 220, 64,
       202, 167, 4, 74, 111, 24, 32, 166, 199, 131, 215, 3, 27, 91, 114,
       197, 109, 238, 72, 214, 221, 8, 241, 227, 231, 5, 36, 179, 42, 96,
       110, 188, 188, 122, 169, 253, 20, 143, 187, 63, 165, 57, 174, 255,
       66, 27, 135, 115, 233, 16, 54, 79, 202, 49, 219, 211, 93, 123,
       210, 84, 143, 11, 168, 105, 115, 110, 85, 221, 71, 244, 115, 72,
       124, 8, 59, 149, 49, 180, 88, 250, 150, 72, 75, 186, 112, 191,
       119, 221, 4, 41, 115, 159, 94, 170, 189, 76, 237, 119, 20, 238,
       67, 180, 117, 99, 246, 90, 115, 49, 152, 120, 121, 238, 124, 140,
       185, 244, 117, 47, 239, 239, 48, 80, 235, 153, 210, 96, 27, 89,
       122, 236, 82, 134, 126, 116, 173, 8, 222, 2, 61, 223, 52, 112,
       230, 249, 23, 195, 193, 153, 48, 237, 243, 237, 170, 128, 41, 178,
       33, 59, 136, 204, 21, 187, 29, 133, 134, 236, 158, 18, 128, 80,
       230, 195, 40, 129, 201, 99, 74, 99, 107, 79, 90, 63, 169, 146,
       223, 120, 16, 25, 161, 168, 90, 169, 188, 58, 169, 249, 20, 143,
       171, 61, 172, 9, 174, 255, 66, 26, 135, 211, 237, 16, 26, 75, 202,
       49, 219, 211, 93, 123, 210, 84, 143, 75, 13, 182, 185, 241, 236,
       233, 249, 27, 110, 121, 63, 124, 157, 163, 216, 40, 167, 11, 126,
       28, 147, 120, 235, 211, 206, 223, 63, 228, 222, 202, 129, 177,
       188, 56, 156, 241, 205, 173, 240, 202, 199, 179, 161, 26, 14, 219,
       97, 26, 169, 216, 107, 16, 26, 119, 27, 146, 219, 221, 17, 119,
       211, 105, 74, 130, 220, 56, 191, 118, 40, 108, 81, 18, 162, 191,
       167, 24, 119, 247, 73, 59, 163, 247, 108, 2, 40, 71, 187, 32, 211,
       227, 113, 57, 224, 113, 6, 35, 229, 144, 207, 229, 141, 46, 97,
       17, 109, 51, 167, 28, 211, 51, 24, 122, 73, 196, 106, 42, 57, 231,
       209, 66, 199, 251, 195, 84, 168, 33, 210, 50, 124, 180, 249, 97,
       147, 111, 83, 25, 115, 163, 167, 24, 83, 53, 72, 56, 57, 148, 108,
       48, 57, 240, 121, 14, 219, 207, 21, 87, 225, 99, 198, 34, 6, 177,
       154, 131, 221, 127, 177, 201, 30, 189, 189, 27, 204, 158, 78, 8,
       185, 157, 235, 51, 22, 115, 185, 212, 29, 16, 15, 119, 193, 15,
       223, 198, 120, 133, 185, 121, 180, 223, 83, 159, 87, 45, 46, 24,
       183, 53, 136, 112, 145, 26, 108, 24, 58, 40, 97, 63, 235, 223, 52,
       81, 210, 136, 196, 105, 101, 93, 21, 110, 57, 143, 86, 56, 237, 8,
       187, 104, 254, 115, 161, 240, 150, 115, 92, 106, 73, 33, 91, 61,
       161, 250, 37, 26, 90, 187, 1, 33, 65, 170, 155, 184, 40, 173, 64,
       18, 238, 27, 160, 88, 182, 147, 64, 91, 129, 34, 110, 24, 11, 111,
       194, 81, 153, 144, 114, 120, 200, 0, 3, 41, 204, 172, 134, 159,
       221, 171, 38, 200, 190, 186, 65, 114, 236, 226, 105, 205, 113,
       110, 234, 178, 50, 81, 138, 255, 28, 6, 207, 111, 144, 99, 43,
       134, 102, 235, 196, 71, 188, 141, 194, 156, 71, 189, 179, 205,
