%YAML:1.0
---
descriptors: !!opencv-matrix
   rows: 173
   cols: 32
   dt: u
   data: [ 55, 38, 234, 131, 86, 178, 170, 81, 164, 205, 91, 231, 73,
       238, 246, 0, 126, 41, 151, 189, 148, 147, 12, 192, 10, 13, 171,
       193, 175, 231, 123, 213, 160, 76, 126, 93, 116, 207, 111, 176,
       124, 14, 118, 0, 179, 5, 147, 49, 24, 104, 87, 110, 104, 188, 49,
       63, 103, 187, 96, 0, 66, 185, 70, 248, 17, 142, 67, 189, 116, 162,
       235, 118, 116, 64, 122, 199, 113, 232, 180, 96, 124, 175, 38, 237,
       171, 184, 5, 127, 116, 46, 170, 64, 125, 136, 112, 136, 37, 192,
       103, 79, 78, 27, 166, 232, 108, 98, 243, 194, 224, 72, 156, 231,
       122, 76, 114, 239, 197, 182, 239, 253, 36, 42, 199, 4, 93, 186,
       122, 132, 167, 178, 174, 185, 188, 150, 184, 121, 158, 121, 215,
       247, 213, 238, 190, 64, 223, 61, 55, 61, 179, 215, 107, 151, 202,
       239, 187, 212, 156, 10, 177, 209, 11, 159, 2, 191, 242, 162, 46,
       247, 190, 15, 90, 247, 109, 226, 186, 192, 119, 235, 183, 141,
       178, 152, 12, 255, 252, 39, 190, 192, 60, 212, 169, 153, 33, 60,
       179, 85, 229, 47, 229, 19, 89, 174, 126, 72, 186, 209, 213, 47,
       57, 90, 86, 42, 225, 240, 176, 168, 103, 216, 85, 32, 66, 250,
       214, 165, 2, 34, 143, 155, 108, 169, 168, 67, 142, 17, 81, 210,
       148, 136, 124, 11, 235, 11, 123, 17, 18, 101, 130, 209, 4, 16,
       250, 232, 156, 73, 145, 128, 135, 132, 234, 219, 212, 178, 169,
       219, 126, 67, 95, 22, 208, 226, 190, 108, 115, 46, 51, 157, 179,
       212, 47, 198, 76, 46, 190, 196, 157, 192, 177, 228, 231, 96, 79,
       146, 108, 137, 224, 0, 175, 17, 179, 93, 150, 136, 92, 27, 234, 1,
       106, 215, 71, 39, 194, 113, 20, 24, 82, 106, 77, 25, 83, 132, 127,
       121, 225, 103, 163, 30, 79, 152, 33, 236, 183, 238, 79, 119, 219,
       254, 54, 196, 253, 238, 137, 82, 253, 232, 219, 255, 229, 180,
       239, 247, 74, 117, 13, 87, 60, 103, 244, 14, 127, 184, 60, 172,
       127, 32, 223, 115, 43, 112, 246, 85, 55, 106, 96, 144, 41, 110,
       239, 223, 39, 132, 80, 243, 99, 163, 87, 127, 115, 230, 44, 156,
       94, 176, 173, 200, 159, 233, 254, 255, 223, 114, 214, 245, 125,
       111, 204, 3, 170, 234, 243, 252, 47, 158, 6, 247, 51, 87, 21, 199,
       235, 166, 246, 66, 239, 248, 118, 228, 219, 231, 81, 234, 255, 96,
       123, 204, 23, 255, 205, 179, 44, 238, 120, 46, 175, 196, 165, 251,
       244, 224, 198, 174, 164, 158, 137, 245, 150, 238, 223, 151, 137,
       25, 236, 232, 127, 207, 217, 103, 235, 147, 62, 107, 203, 243,
       185, 50, 223, 63, 210, 125, 173, 134, 150, 103, 66, 163, 202, 41,
       238, 213, 172, 4, 219, 247, 129, 131, 217, 66, 110, 139, 79, 222,
       194, 149, 69, 226, 244, 128, 170, 128, 37, 219, 161, 160, 255, 55,
       115, 78, 113, 31, 94, 248, 57, 232, 189, 237, 91, 127, 175, 53,
       190, 248, 213, 110, 236, 51, 44, 206, 243, 221, 37, 190, 103, 255,
       70, 247, 95, 251, 120, 254, 63, 221, 155, 184, 220, 204, 149, 230,
       255, 126, 191, 100, 214, 113, 223, 111, 231, 35, 111, 255, 234,
       255, 47, 187, 62, 191, 13, 125, 93, 85, 15, 167, 162, 6, 111, 181,
       164, 200, 206, 230, 215, 119, 185, 98, 118, 100, 125, 238, 201,
       145, 45, 44, 240, 237, 239, 132, 46, 242, 161, 113, 129, 224, 23,
       153, 74, 137, 168, 71, 62, 17, 98, 82, 180, 131, 96, 73, 98, 43,
       34, 24, 19, 252, 131, 81, 4, 160, 122, 64, 24, 0, 163, 168, 60,
       18, 127, 101, 117, 126, 107, 120, 117, 236, 119, 230, 91, 71, 187,
       181, 126, 252, 148, 106, 137, 176, 41, 140, 86, 255, 33, 133, 111,
       175, 110, 245, 139, 182, 146, 155, 243, 185, 184, 207, 63, 115,
       115, 247, 140, 238, 108, 205, 191, 11, 163, 148, 55, 222, 142,
       211, 30, 86, 95, 230, 203, 68, 171, 157, 133, 44, 66, 147, 206,
       169, 174, 198, 236, 19, 251, 210, 133, 168, 93, 107, 107, 203, 74,
       155, 118, 189, 77, 226, 180, 36, 158, 64, 253, 89, 249, 132, 1,
       10, 142, 153, 36, 171, 96, 2, 126, 49, 66, 80, 183, 3, 128, 72,
       66, 46, 42, 28, 3, 188, 71, 17, 132, 166, 50, 64, 136, 136, 1,
       136, 7, 140, 201, 223, 244, 187, 238, 57, 30, 195, 89, 210, 245,
       238, 188, 224, 215, 107, 23, 47, 183, 88, 74, 255, 46, 31, 239,
       232, 156, 235, 153, 129, 218, 156, 255, 252, 227, 240, 181, 103,
       189, 87, 94, 178, 189, 255, 162, 233, 103, 51, 191, 128, 112, 205,
       38, 239, 119, 231, 126, 139, 55, 212, 165, 123, 133, 143, 221,
       103, 244, 14, 231, 185, 116, 160, 123, 100, 209, 97, 152, 96, 122,
       78, 38, 110, 241, 248, 77, 46, 44, 174, 103, 68, 109, 187, 193,
       160, 193, 61, 21, 101, 52, 142, 233, 23, 125, 169, 122, 80, 191,
       25, 16, 48, 134, 55, 127, 25, 193, 248, 209, 74, 173, 188, 62,
       128, 204, 128, 211, 41, 40, 233, 24, 250, 89, 213, 16, 238, 223,
       21, 160, 9, 174, 219, 100, 16, 201, 59, 194, 64, 78, 107, 90, 245,
       251, 209, 20, 123, 82, 8, 142, 138, 36, 253, 121, 71, 240, 79,
       111, 248, 114, 172, 127, 76, 211, 119, 201, 48, 31, 220, 70, 122,
       233, 176, 249, 62, 111, 143, 37, 228, 225, 179, 198, 177, 15, 191,
       107, 1, 242, 251, 191, 247, 43, 236, 28, 239, 9, 236, 215, 164,
       63, 111, 213, 247, 213, 216, 172, 236, 46, 77, 173, 230, 239, 247,
       159, 221, 53, 199, 107, 238, 150, 2, 239, 248, 84, 196, 235, 198,
       83, 225, 185, 64, 122, 236, 2, 254, 200, 179, 61, 14, 248, 175,
       167, 4, 245, 251, 112, 224, 1, 14, 19, 249, 48, 174, 99, 19, 124,
       9, 74, 84, 183, 35, 160, 104, 50, 46, 14, 28, 147, 152, 1, 31,
       140, 174, 50, 64, 136, 128, 161, 41, 87, 82, 113, 239, 62, 27, 26,
       184, 77, 200, 145, 231, 255, 94, 189, 100, 118, 241, 223, 99, 204,
       33, 109, 255, 242, 252, 43, 158, 54, 175, 5, 87, 31, 133, 106,
       227, 150, 243, 251, 248, 78, 101, 93, 130, 217, 77, 190, 96, 126,
       155, 23, 253, 146, 184, 109, 255, 239, 205, 171, 229, 181, 139,
       117, 232, 40, 189, 251, 113, 214, 239, 245, 247, 118, 165, 126,
       18, 17, 181, 80, 48, 127, 142, 50, 24, 146, 250, 241, 71, 127,
       143, 52, 100, 227, 200, 226, 234, 7, 28, 135, 151, 148, 166, 174,
       199, 60, 194, 75, 215, 212, 246, 55, 109, 245, 111, 18, 191, 181,
       212, 61, 202, 45, 62, 223, 2, 140, 116, 177, 84, 99, 243, 245,
       220, 121, 149, 216, 29, 203, 121, 180, 104, 172, 222, 212, 190,
       134, 57, 247, 81, 135, 107, 226, 209, 11, 90, 91, 251, 86, 166,
       11, 143, 63, 18, 126, 103, 116, 30, 123, 120, 97, 232, 127, 166,
       91, 95, 191, 53, 126, 188, 151, 238, 141, 178, 45, 140, 82, 251,
       33, 134, 103, 175, 102, 245, 61, 124, 168, 162, 61, 47, 211, 218,
       79, 165, 156, 15, 215, 217, 83, 8, 153, 232, 91, 61, 142, 35, 120,
       184, 219, 93, 1, 60, 212, 127, 80, 66, 217, 151, 109, 111, 166,
       82, 125, 185, 117, 127, 87, 246, 217, 127, 154, 99, 119, 86, 61,
       174, 241, 212, 125, 215, 102, 235, 250, 196, 63, 230, 208, 113,
       195, 144, 189, 219, 168, 244, 185, 31, 254, 91, 135, 116, 220,
       118, 206, 111, 199, 23, 123, 153, 179, 76, 243, 213, 77, 58, 122,
       198, 152, 64, 165, 119, 201, 47, 148, 85, 245, 158, 96, 55, 120,
       169, 118, 88, 191, 33, 128, 181, 4, 38, 110, 12, 169, 252, 197,
       142, 172, 255, 117, 0, 74, 140, 202, 136, 15, 114, 233, 81, 102,
       59, 169, 210, 126, 247, 87, 246, 152, 8, 215, 170, 63, 76, 23,
       159, 163, 244, 189, 194, 70, 15, 191, 132, 143, 245, 89, 245, 33,
       165, 241, 75, 213, 221, 228, 239, 79, 17, 120, 10, 162, 56, 188,
       164, 217, 26, 18, 9, 215, 186, 118, 213, 47, 94, 22, 106, 213, 74,
       215, 172, 19, 15, 198, 141, 210, 162, 175, 103, 172, 128, 218,
       226, 113, 162, 164, 192, 126, 191, 42, 128, 17, 153, 5, 79, 52,
       36, 170, 128, 37, 226, 169, 136, 29, 15, 193, 39, 180, 58, 110,
       184, 116, 160, 79, 228, 243, 97, 153, 244, 82, 206, 36, 238, 201,
       144, 77, 46, 164, 239, 165, 132, 175, 243, 88, 32, 17, 148, 23,
       173, 190, 39, 138, 123, 156, 57, 219, 114, 215, 120, 172, 97, 215,
       69, 93, 33, 185, 201, 9, 159, 168, 239, 111, 212, 20, 170, 145,
