%YAML:1.0
---
descriptors: !!opencv-matrix
   rows: 214
   cols: 32
   dt: u
   data: [ 128, 101, 19, 171, 62, 169, 111, 88, 134, 32, 217, 194, 247,
       193, 41, 64, 90, 41, 74, 107, 98, 39, 202, 223, 244, 128, 163, 60,
       52, 155, 49, 160, 161, 213, 127, 69, 116, 79, 231, 180, 125, 108,
       118, 8, 243, 21, 156, 53, 26, 24, 86, 106, 225, 180, 113, 31, 103,
       155, 32, 0, 75, 152, 70, 249, 141, 82, 147, 154, 180, 150, 106,
       216, 254, 80, 66, 84, 221, 214, 249, 248, 183, 73, 50, 95, 167,
       197, 58, 242, 10, 31, 47, 204, 158, 151, 41, 85, 71, 233, 159,
       198, 44, 140, 174, 128, 238, 152, 155, 64, 244, 250, 253, 66, 198,
       117, 126, 79, 193, 225, 202, 224, 156, 56, 111, 220, 12, 51, 33,
       41, 86, 35, 210, 202, 219, 115, 58, 200, 175, 177, 169, 170, 76,
       214, 109, 220, 126, 221, 235, 242, 18, 3, 138, 240, 27, 4, 139,
       239, 181, 99, 39, 166, 165, 66, 199, 69, 78, 27, 238, 232, 124,
       162, 242, 194, 209, 104, 157, 175, 122, 236, 114, 239, 229, 244,
       237, 202, 54, 42, 199, 4, 109, 186, 121, 132, 157, 22, 226, 255,
       244, 163, 224, 91, 87, 138, 119, 119, 73, 233, 49, 72, 125, 174,
       38, 158, 188, 244, 11, 138, 70, 239, 247, 4, 247, 233, 112, 129,
       116, 239, 236, 165, 206, 75, 95, 176, 161, 252, 157, 171, 67, 77,
       91, 18, 88, 196, 205, 239, 78, 82, 236, 1, 242, 131, 165, 181, 37,
       251, 158, 194, 150, 199, 235, 134, 214, 66, 239, 232, 118, 226,
       219, 231, 81, 238, 255, 64, 123, 205, 51, 255, 253, 243, 141, 234,
       56, 46, 175, 196, 165, 243, 245, 208, 113, 182, 184, 164, 122, 6,
       95, 123, 17, 234, 153, 127, 84, 127, 2, 18, 191, 213, 85, 175,
       233, 207, 137, 78, 121, 175, 109, 148, 41, 226, 34, 91, 195, 176,
       183, 250, 105, 253, 113, 82, 239, 95, 181, 16, 142, 223, 108, 127,
       165, 17, 127, 16, 147, 109, 186, 209, 159, 218, 82, 106, 210, 5,
       39, 231, 51, 180, 191, 252, 58, 23, 154, 120, 95, 233, 145, 74,
       126, 124, 52, 161, 191, 253, 181, 161, 173, 219, 57, 159, 187,
       223, 253, 214, 1, 41, 43, 55, 247, 118, 114, 76, 116, 31, 94, 120,
       57, 232, 177, 239, 74, 255, 191, 49, 190, 185, 95, 102, 236, 39,
       136, 222, 51, 188, 1, 190, 87, 174, 66, 215, 3, 172, 155, 153,
       214, 163, 168, 207, 30, 3, 88, 215, 244, 226, 40, 72, 123, 107,
       34, 149, 50, 248, 11, 127, 108, 6, 191, 72, 152, 72, 161, 136,
       135, 164, 171, 209, 228, 162, 173, 75, 126, 195, 95, 18, 208, 226,
       252, 108, 115, 63, 51, 157, 179, 212, 175, 194, 28, 46, 223, 196,
       132, 64, 181, 228, 191, 18, 126, 77, 119, 94, 89, 121, 89, 204,
       117, 230, 75, 95, 191, 52, 126, 188, 149, 40, 233, 182, 101, 142,
       211, 251, 225, 135, 111, 174, 102, 245, 218, 148, 254, 223, 131,
       240, 189, 47, 189, 87, 69, 178, 253, 255, 174, 109, 99, 179, 187,
       129, 51, 204, 55, 223, 87, 231, 94, 139, 183, 68, 173, 123, 138,
       199, 2, 190, 211, 134, 47, 247, 190, 7, 79, 215, 237, 231, 186,
       196, 119, 43, 163, 133, 114, 152, 14, 255, 44, 103, 190, 192, 63,
       148, 169, 153, 5, 158, 153, 159, 180, 175, 190, 187, 158, 203, 89,
       119, 245, 252, 188, 224, 215, 123, 191, 7, 181, 120, 10, 63, 172,
       175, 239, 176, 156, 107, 145, 145, 127, 115, 244, 229, 175, 30,
       85, 88, 99, 236, 182, 110, 75, 25, 203, 191, 62, 196, 252, 250,
       205, 243, 249, 136, 178, 249, 69, 183, 111, 182, 94, 87, 246, 221,
       48, 190, 155, 196, 158, 239, 155, 143, 152, 59, 46, 252, 37, 17,
       237, 243, 149, 195, 122, 79, 10, 255, 251, 54, 221, 251, 81, 124,
       183, 127, 25, 143, 70, 77, 20, 50, 102, 119, 117, 2, 254, 70, 107,
       33, 178, 228, 122, 238, 12, 172, 237, 184, 5, 143, 178, 239, 160,
       0, 111, 172, 120, 12, 115, 94, 119, 68, 118, 75, 191, 246, 169,
       234, 62, 239, 60, 60, 183, 54, 38, 245, 87, 109, 225, 185, 36,
       238, 50, 30, 105, 178, 79, 189, 87, 125, 54, 33, 66, 204, 91, 3,
       190, 105, 6, 128, 233, 139, 73, 195, 41, 84, 120, 189, 203, 226,
       72, 131, 206, 223, 241, 164, 139, 61, 49, 42, 46, 130, 34, 168,
       155, 154, 237, 225, 177, 207, 30, 9, 240, 50, 188, 191, 96, 104,
       217, 27, 51, 145, 18, 58, 98, 243, 93, 20, 158, 107, 208, 8, 245,
       235, 7, 104, 234, 146, 71, 182, 184, 80, 169, 194, 87, 151, 72,
       222, 119, 42, 255, 61, 147, 159, 132, 215, 190, 194, 95, 93, 139,
       139, 133, 38, 59, 214, 63, 242, 120, 239, 122, 91, 187, 248, 15,
       228, 53, 175, 111, 221, 206, 4, 54, 125, 255, 103, 198, 49, 173,
       253, 94, 93, 33, 191, 119, 175, 13, 213, 66, 151, 11, 154, 216,
       228, 37, 183, 22, 77, 72, 245, 52, 166, 170, 208, 213, 27, 162,
       128, 83, 26, 50, 119, 60, 38, 190, 202, 24, 64, 164, 125, 199,
       213, 6, 175, 190, 18, 174, 45, 190, 97, 67, 247, 204, 234, 154,
       193, 242, 79, 123, 239, 245, 208, 223, 247, 164, 114, 239, 198,
       28, 87, 185, 213, 136, 248, 155, 249, 97, 229, 121, 222, 191, 89,
       100, 16, 189, 151, 96, 120, 231, 185, 46, 144, 3, 158, 178, 113,
       197, 249, 50, 104, 18, 17, 39, 187, 31, 6, 103, 199, 86, 22, 235,
       248, 117, 224, 95, 198, 89, 108, 157, 228, 126, 205, 63, 239, 249,
       145, 61, 206, 86, 110, 171, 132, 47, 167, 113, 117, 50, 66, 126,
       109, 116, 30, 216, 120, 89, 168, 115, 227, 91, 93, 188, 49, 254,
       189, 23, 228, 236, 182, 37, 204, 210, 255, 97, 134, 101, 170, 98,
       151, 161, 158, 255, 85, 228, 63, 231, 250, 93, 234, 118, 80, 210,
       121, 148, 35, 157, 118, 118, 42, 241, 252, 113, 46, 7, 159, 117,
       132, 65, 249, 211, 229, 114, 1, 18, 12, 29, 195, 146, 104, 205, 0,
       169, 9, 78, 216, 46, 212, 216, 229, 234, 99, 76, 35, 154, 221,
       177, 52, 11, 59, 82, 46, 63, 6, 220, 184, 30, 250, 235, 64, 25,
       248, 179, 23, 165, 185, 93, 215, 74, 91, 231, 211, 221, 178, 58,
       71, 154, 21, 219, 195, 207, 127, 162, 131, 174, 83, 2, 178, 154,
       187, 246, 171, 177, 71, 30, 37, 121, 231, 172, 235, 104, 72, 255,
       59, 163, 17, 18, 186, 8, 211, 92, 132, 62, 103, 144, 74, 167, 155,
       126, 120, 168, 190, 138, 71, 95, 216, 130, 246, 132, 139, 95, 239,
       99, 75, 239, 221, 253, 211, 72, 71, 219, 176, 251, 193, 239, 189,
       180, 251, 188, 82, 31, 82, 99, 129, 114, 54, 235, 88, 45, 224, 87,
       230, 89, 206, 191, 236, 118, 173, 23, 255, 133, 149, 45, 204, 22,
       108, 171, 132, 175, 183, 33, 245, 44, 101, 61, 111, 180, 78, 119,
       184, 117, 140, 127, 9, 223, 119, 11, 16, 152, 68, 101, 106, 104,
       176, 121, 46, 231, 255, 37, 5, 66, 243, 78, 99, 205, 188, 157,
       122, 233, 45, 119, 216, 251, 91, 245, 92, 223, 247, 8, 57, 181,
       87, 124, 78, 179, 103, 186, 51, 255, 251, 116, 20, 234, 243, 195,
       243, 252, 127, 236, 165, 204, 75, 95, 176, 2, 228, 156, 175, 19,
       77, 83, 18, 108, 212, 205, 231, 204, 210, 224, 8, 255, 193, 165,
       181, 37, 255, 86, 210, 156, 151, 254, 12, 155, 82, 23, 251, 119,
       230, 238, 167, 107, 228, 11, 246, 113, 198, 232, 166, 253, 211,
       61, 14, 251, 103, 69, 23, 227, 116, 46, 86, 1, 201, 5, 189, 116,
       129, 109, 118, 86, 64, 80, 198, 181, 195, 176, 96, 74, 42, 6, 204,
       195, 184, 70, 253, 228, 184, 178, 8, 28, 152, 49, 168, 121, 119,
       104, 101, 62, 95, 94, 252, 97, 236, 190, 108, 27, 45, 210, 48, 62,
       196, 220, 110, 201, 186, 229, 14, 246, 205, 37, 181, 111, 186,
       222, 121, 25, 15, 70, 237, 150, 186, 106, 55, 117, 5, 94, 198,
       235, 35, 178, 228, 114, 174, 46, 140, 148, 152, 37, 142, 238, 239,
       166, 193, 39, 196, 249, 140, 161, 54, 121, 69, 116, 15, 233, 51,
       116, 233, 118, 84, 179, 49, 148, 48, 30, 44, 22, 12, 177, 248,
       117, 14, 76, 142, 48, 128, 77, 128, 66, 185, 216, 7, 84, 37, 31,
       90, 97, 43, 116, 166, 238, 10, 107, 32, 2, 213, 114, 196, 232, 40,
       40, 248, 197, 14, 156, 231, 81, 21, 35, 100, 78, 8, 105, 53, 249,
       101, 180, 78, 103, 59, 114, 234, 126, 108, 211, 53, 209, 112, 23,
       220, 124, 44, 233, 186, 241, 14, 239, 239, 37, 180, 232, 240, 70,
