%YAML:1.0
---
descriptors: !!opencv-matrix
   rows: 114
   cols: 32
   dt: u
   data: [ 100, 196, 190, 254, 253, 139, 86, 236, 223, 134, 233, 25, 238,
       249, 44, 81, 211, 122, 107, 34, 96, 231, 74, 191, 235, 255, 87,
       27, 86, 250, 237, 139, 85, 74, 221, 167, 38, 66, 111, 184, 96,
       234, 211, 198, 213, 111, 153, 122, 118, 197, 124, 239, 205, 213,
       173, 42, 208, 239, 239, 132, 44, 243, 121, 17, 115, 71, 237, 198,
       92, 2, 206, 236, 83, 162, 187, 203, 83, 104, 157, 33, 93, 196,
       117, 239, 168, 227, 77, 190, 56, 46, 229, 148, 109, 251, 210, 32,
       241, 73, 71, 196, 12, 18, 102, 104, 229, 130, 242, 66, 67, 32,
       181, 247, 106, 228, 108, 234, 237, 231, 37, 204, 178, 170, 195,
       20, 111, 186, 120, 4, 253, 108, 237, 98, 140, 87, 71, 216, 211,
       242, 165, 10, 83, 117, 89, 63, 89, 212, 120, 122, 233, 103, 255,
       58, 249, 203, 197, 60, 243, 251, 86, 96, 213, 203, 110, 175, 54,
       2, 79, 188, 100, 224, 215, 199, 113, 107, 155, 97, 126, 229, 125,
       239, 237, 145, 13, 109, 240, 171, 239, 128, 45, 179, 176, 25, 138,
       185, 178, 156, 67, 213, 184, 103, 191, 69, 68, 51, 44, 222, 102,
       132, 166, 59, 179, 129, 86, 219, 178, 241, 83, 85, 26, 171, 3, 4,
       175, 223, 114, 105, 19, 172, 75, 192, 7, 100, 169, 132, 192, 10,
       38, 210, 33, 86, 224, 249, 106, 97, 72, 11, 130, 125, 177, 52, 79,
       58, 16, 58, 37, 46, 240, 73, 122, 76, 88, 141, 214, 228, 209, 136,
       244, 8, 35, 219, 39, 16, 200, 248, 6, 64, 72, 43, 82, 63, 115,
       253, 4, 59, 121, 184, 110, 10, 37, 181, 58, 26, 223, 181, 178, 89,
       95, 81, 109, 30, 60, 216, 46, 48, 255, 139, 18, 51, 182, 50, 26,
       119, 31, 29, 18, 106, 89, 11, 235, 135, 91, 201, 129, 186, 157,
       208, 86, 134, 142, 73, 136, 3, 174, 250, 99, 224, 192, 235, 189,
       81, 30, 11, 202, 179, 185, 245, 142, 123, 144, 95, 189, 78, 252,
       238, 192, 85, 213, 58, 78, 175, 114, 178, 162, 24, 67, 33, 81, 59,
       89, 238, 96, 184, 60, 220, 205, 46, 111, 239, 213, 117, 227, 241,
       218, 128, 196, 160, 253, 67, 168, 105, 225, 137, 122, 179, 37, 24,
       211, 55, 204, 63, 147, 20, 104, 56, 19, 116, 251, 81, 77, 154, 85,
       116, 192, 224, 199, 32, 85, 70, 235, 231, 36, 66, 111, 184, 112,
       226, 223, 194, 83, 97, 153, 112, 126, 228, 60, 239, 201, 182, 237,
       42, 244, 175, 231, 132, 45, 179, 112, 49, 149, 205, 127, 239, 52,
       14, 207, 248, 84, 224, 243, 70, 115, 73, 185, 97, 126, 228, 62,
       238, 233, 181, 125, 46, 241, 235, 231, 148, 101, 187, 240, 97,
       254, 90, 255, 244, 46, 74, 93, 176, 169, 218, 182, 254, 95, 127,
       133, 123, 102, 245, 125, 234, 233, 71, 227, 232, 210, 251, 230,
       152, 47, 241, 102, 113, 70, 236, 148, 151, 213, 160, 166, 134, 59,
       51, 139, 19, 228, 226, 76, 206, 225, 79, 170, 147, 118, 220, 203,
       227, 188, 54, 223, 99, 128, 119, 189, 142, 245, 74, 207, 93, 78,
       10, 229, 112, 116, 162, 243, 238, 83, 160, 149, 107, 122, 228,
       110, 238, 233, 247, 231, 8, 84, 42, 225, 132, 109, 249, 114, 161,
       62, 56, 182, 190, 121, 23, 154, 232, 159, 168, 241, 169, 110, 255,
       37, 144, 222, 253, 247, 103, 44, 195, 202, 248, 251, 95, 13, 187,
       210, 46, 42, 211, 245, 74, 79, 213, 108, 10, 236, 32, 236, 162,
       242, 226, 211, 40, 149, 123, 106, 228, 110, 234, 237, 245, 229,
       200, 20, 42, 226, 144, 109, 185, 113, 36, 2, 162, 196, 155, 232,
       169, 168, 143, 30, 49, 17, 253, 141, 134, 200, 200, 79, 27, 106,
       156, 19, 88, 207, 209, 12, 18, 191, 252, 156, 136, 137, 152, 245,
       253, 173, 100, 141, 95, 71, 191, 66, 242, 172, 8, 115, 113, 81,
       51, 89, 198, 120, 110, 249, 107, 251, 42, 251, 207, 69, 60, 217,
       250, 210, 104, 25, 76, 255, 125, 21, 206, 75, 16, 116, 192, 198,
       0, 243, 95, 49, 97, 112, 252, 57, 234, 201, 145, 49, 61, 227, 239,
       130, 16, 50, 179, 117, 106, 0, 178, 49, 249, 236, 237, 161, 159,
       30, 63, 16, 120, 148, 149, 200, 40, 135, 26, 54, 24, 19, 120, 106,
       17, 205, 158, 49, 236, 208, 72, 133, 233, 196, 164, 155, 241, 160,
       42, 100, 7, 62, 179, 67, 80, 215, 163, 72, 202, 51, 30, 104, 24,
       51, 220, 129, 66, 205, 231, 127, 68, 128, 224, 129, 160, 112, 157,
       31, 238, 148, 70, 71, 253, 52, 8, 206, 64, 119, 119, 32, 241, 248,
       246, 61, 106, 121, 155, 49, 45, 241, 227, 230, 16, 32, 42, 164,
       58, 80, 201, 22, 190, 13, 196, 84, 33, 173, 16, 130, 1, 230, 210,
       32, 83, 200, 229, 108, 98, 72, 171, 83, 237, 177, 242, 194, 27,
       16, 42, 48, 10, 92, 150, 21, 245, 162, 106, 61, 187, 52, 242, 139,
       240, 223, 119, 136, 123, 23, 87, 125, 34, 121, 196, 121, 12, 233,
       226, 127, 20, 168, 240, 133, 49, 125, 55, 108, 100, 222, 39, 79,
       248, 66, 224, 189, 206, 83, 97, 219, 51, 95, 196, 92, 254, 201,
       99, 253, 28, 248, 137, 165, 188, 125, 251, 114, 112, 6, 254, 161,
       27, 121, 217, 147, 150, 191, 125, 25, 233, 172, 246, 196, 52, 135,
       123, 247, 147, 147, 8, 234, 119, 45, 20, 61, 251, 210, 6, 135,
       247, 139, 189, 49, 218, 237, 53, 190, 254, 143, 90, 28, 87, 172,
       254, 127, 231, 239, 83, 159, 231, 231, 14, 186, 243, 47, 88, 223,
       174, 158, 126, 177, 255, 107, 157, 214, 201, 181, 182, 82, 55,
       237, 5, 238, 36, 170, 50, 166, 244, 193, 182, 158, 152, 159, 137,
       113, 207, 170, 255, 150, 83, 154, 196, 248, 13, 40, 60, 59, 72,
       85, 237, 209, 66, 87, 73, 252, 8, 50, 153, 36, 48, 200, 186, 66,
       0, 11, 186, 112, 63, 87, 188, 16, 59, 211, 73, 86, 170, 27, 159,
       82, 217, 51, 159, 120, 55, 127, 1, 94, 102, 174, 147, 166, 228,
       118, 59, 158, 8, 182, 152, 53, 223, 138, 255, 18, 195, 62, 132,
       169, 13, 88, 56, 27, 178, 145, 237, 116, 71, 189, 143, 160, 9,
       174, 158, 97, 89, 161, 59, 201, 0, 54, 107, 16, 253, 179, 211, 18,
       59, 192, 80, 135, 75, 36, 224, 64, 193, 92, 139, 225, 72, 79, 49,
       176, 10, 2, 129, 92, 20, 120, 136, 66, 120, 2, 50, 68, 212, 28, 8,
       129, 116, 113, 11, 82, 128, 88, 40, 152, 37, 58, 73, 17, 0, 106,
       160, 162, 41, 159, 19, 64, 18, 34, 117, 204, 81, 16, 73, 129, 8,
       216, 197, 61, 57, 96, 32, 15, 11, 184, 236, 120, 249, 119, 217,
       178, 71, 94, 46, 112, 27, 191, 153, 102, 1, 155, 59, 135, 17, 102,
       62, 64, 183, 239, 201, 48, 105, 117, 8, 207, 139, 58, 152, 246,
       246, 99, 209, 16, 194, 139, 157, 180, 43, 46, 191, 102, 26, 235,
       241, 183, 208, 14, 203, 34, 225, 155, 211, 90, 123, 19, 13, 47,
       79, 189, 95, 107, 77, 118, 11, 239, 240, 117, 232, 246, 238, 115,
       65, 149, 49, 126, 236, 86, 238, 233, 178, 101, 46, 118, 169, 161,
       128, 111, 187, 112, 185, 32, 238, 140, 117, 213, 234, 100, 167,
       114, 163, 170, 24, 195, 33, 84, 24, 89, 238, 96, 152, 124, 252,
       201, 62, 47, 134, 213, 117, 225, 120, 222, 138, 1, 239, 152, 69,
       240, 157, 238, 183, 110, 161, 110, 200, 179, 225, 212, 112, 31,
       110, 34, 28, 211, 184, 253, 115, 108, 62, 21, 96, 208, 242, 201,
       168, 9, 162, 132, 27, 218, 59, 41, 207, 54, 117, 71, 150, 193, 6,
       202, 236, 113, 143, 170, 156, 23, 88, 111, 85, 12, 3, 255, 228,
       185, 132, 137, 212, 124, 183, 157, 106, 184, 109, 71, 152, 6, 155,
       173, 124, 87, 119, 201, 54, 21, 82, 108, 122, 27, 67, 251, 62,
       184, 135, 101, 124, 216, 115, 138, 49, 18, 159, 21, 160, 187, 235,
       18, 167, 175, 41, 154, 233, 175, 62, 128, 148, 167, 179, 221, 145,
       31, 9, 1, 191, 184, 212, 45, 243, 190, 70, 133, 63, 68, 179, 153,
       161, 160, 47, 121, 25, 58, 185, 59, 124, 223, 19, 72, 26, 183, 29,
       125, 49, 18, 80, 217, 80, 205, 215, 47, 244, 200, 2, 131, 3, 1,
       176, 189, 243, 236, 237, 249, 159, 207, 123, 61, 124, 156, 189,
       220, 42, 167, 27, 127, 25, 147, 120, 251, 209, 207, 223, 55, 246,
       220, 202, 133, 179, 34, 32, 150, 172, 121, 3, 152, 72, 143, 160,
       240, 169, 110, 223, 45, 144, 222, 61, 255, 37, 12, 195, 195, 220,
       154, 250, 11, 187, 84, 46, 43, 131, 4, 128, 150, 236, 60, 11, 146,
