%YAML:1.0
---
descriptors: !!opencv-matrix
   rows: 162
   cols: 32
   dt: u
   data: [ 66, 220, 246, 220, 247, 240, 186, 230, 157, 77, 254, 35, 104,
       254, 54, 100, 239, 243, 183, 129, 148, 171, 34, 255, 51, 126, 218,
       203, 151, 92, 173, 95, 255, 151, 126, 254, 190, 23, 222, 187, 95,
       74, 213, 247, 124, 253, 190, 225, 215, 255, 181, 37, 189, 207, 59,
       255, 251, 127, 205, 222, 159, 172, 184, 113, 50, 181, 37, 192,
       223, 247, 155, 111, 31, 233, 184, 59, 88, 60, 54, 32, 221, 179,
       223, 177, 187, 43, 121, 222, 123, 95, 157, 255, 215, 78, 182, 127,
       55, 137, 228, 155, 135, 211, 232, 225, 23, 113, 144, 135, 233, 44,
       62, 173, 109, 131, 147, 213, 223, 184, 127, 244, 15, 74, 222, 192,
       191, 140, 208, 252, 62, 3, 226, 170, 253, 82, 214, 73, 129, 13,
       249, 59, 66, 237, 126, 146, 216, 204, 135, 115, 28, 163, 200, 128,
       187, 117, 133, 223, 247, 63, 254, 99, 15, 191, 148, 155, 247, 179,
       178, 207, 94, 81, 120, 247, 232, 232, 126, 173, 223, 107, 130, 21,
       183, 248, 78, 253, 44, 30, 159, 71, 223, 94, 249, 159, 63, 52,
       245, 122, 61, 247, 218, 218, 95, 235, 253, 189, 122, 125, 191,
       173, 159, 251, 149, 53, 175, 241, 121, 159, 123, 95, 173, 182,
       223, 111, 82, 119, 43, 213, 117, 202, 245, 151, 222, 253, 93, 104,
       120, 234, 88, 92, 188, 164, 159, 155, 151, 225, 247, 186, 57, 255,
       42, 95, 173, 214, 87, 142, 216, 21, 25, 187, 14, 47, 157, 223,
       103, 241, 118, 108, 255, 39, 235, 4, 138, 228, 120, 174, 234, 206,
       93, 184, 125, 61, 247, 229, 163, 65, 107, 143, 252, 254, 147, 149,
       34, 136, 181, 63, 234, 123, 93, 104, 223, 23, 220, 152, 190, 101,
       254, 139, 31, 173, 245, 185, 21, 223, 184, 92, 138, 194, 31, 14,
       249, 221, 29, 84, 109, 229, 180, 54, 239, 56, 84, 226, 95, 66, 81,
       125, 185, 105, 127, 220, 30, 255, 173, 148, 61, 142, 239, 143,
       175, 132, 173, 251, 112, 96, 226, 44, 150, 184, 201, 173, 12, 67,
       191, 19, 224, 25, 166, 162, 32, 91, 201, 51, 75, 0, 58, 79, 210,
       241, 157, 178, 222, 59, 144, 72, 139, 138, 5, 157, 61, 237, 188,
       231, 95, 178, 142, 126, 78, 2, 151, 47, 49, 97, 197, 115, 59, 47,
       185, 152, 121, 190, 231, 255, 139, 84, 144, 233, 149, 112, 151,
       181, 114, 201, 247, 119, 186, 219, 93, 105, 221, 82, 24, 24, 190,
       164, 255, 139, 22, 185, 183, 187, 53, 223, 60, 30, 26, 198, 221,
       77, 249, 149, 93, 113, 15, 175, 60, 31, 206, 40, 126, 224, 211,
       66, 195, 104, 153, 225, 252, 205, 126, 231, 205, 240, 221, 140,
       182, 235, 239, 20, 108, 59, 121, 20, 209, 219, 59, 164, 116, 14,
       111, 117, 88, 72, 82, 78, 183, 25, 176, 97, 126, 175, 21, 111,
       233, 190, 144, 15, 240, 168, 170, 128, 44, 186, 176, 57, 217, 73,
       111, 69, 162, 90, 111, 55, 104, 192, 70, 128, 251, 55, 147, 115,
       38, 244, 125, 238, 233, 152, 53, 108, 231, 171, 230, 128, 36, 176,
       243, 104, 47, 252, 209, 195, 253, 117, 170, 222, 75, 249, 121,
       102, 152, 182, 253, 228, 223, 92, 22, 28, 135, 50, 252, 210, 46,
       28, 167, 238, 159, 255, 209, 245, 39, 169, 0, 130, 189, 221, 210,
       233, 207, 193, 185, 74, 142, 88, 126, 164, 217, 131, 142, 81, 223,
       43, 92, 247, 190, 84, 143, 127, 223, 14, 217, 6, 220, 221, 62,
       252, 143, 198, 87, 229, 140, 48, 135, 18, 87, 255, 32, 99, 226,
       119, 57, 98, 120, 9, 56, 188, 251, 235, 207, 87, 180, 122, 149,
       34, 141, 223, 119, 251, 236, 252, 230, 180, 236, 90, 123, 118,
       253, 252, 253, 235, 239, 91, 206, 91, 247, 116, 62, 243, 46, 217,
       103, 204, 223, 255, 233, 149, 28, 29, 115, 255, 182, 231, 191,
       115, 20, 203, 223, 98, 253, 247, 161, 100, 127, 59, 31, 138, 185,
       184, 121, 238, 237, 239, 170, 192, 190, 235, 181, 177, 50, 135, 2,
       184, 155, 211, 30, 111, 157, 13, 216, 171, 44, 238, 38, 208, 254,
       187, 159, 245, 126, 11, 2, 255, 187, 84, 154, 251, 22, 14, 173,
       79, 191, 133, 34, 168, 181, 183, 235, 107, 29, 71, 215, 151, 77,
       168, 62, 69, 249, 138, 31, 189, 188, 191, 21, 222, 184, 95, 139,
       198, 159, 13, 249, 212, 46, 36, 243, 195, 213, 109, 235, 86, 17,
       167, 237, 26, 8, 149, 109, 156, 121, 190, 147, 152, 35, 178, 240,
       202, 23, 92, 146, 42, 195, 223, 118, 234, 131, 205, 86, 154, 246,
       139, 238, 237, 95, 176, 235, 211, 228, 200, 52, 64, 251, 227, 59,
       231, 118, 233, 15, 255, 188, 30, 143, 70, 21, 155, 241, 12, 107,
       157, 94, 94, 203, 240, 60, 167, 249, 81, 238, 130, 120, 122, 36,
       247, 99, 247, 178, 128, 21, 26, 183, 253, 55, 63, 210, 75, 159,
       228, 170, 30, 161, 141, 113, 139, 245, 157, 230, 229, 77, 64, 249,
       66, 168, 72, 188, 165, 233, 138, 206, 251, 247, 186, 92, 247, 62,
       93, 6, 68, 95, 14, 248, 132, 114, 45, 134, 191, 202, 171, 172,
       239, 182, 179, 202, 155, 225, 227, 97, 91, 105, 239, 106, 144, 40,
       219, 207, 122, 188, 162, 223, 56, 177, 120, 163, 136, 11, 111,
       106, 171, 246, 180, 239, 215, 5, 205, 92, 231, 41, 236, 183, 0,
       126, 235, 151, 221, 151, 152, 102, 238, 110, 77, 174, 128, 175,
       223, 248, 221, 124, 91, 240, 78, 223, 89, 215, 216, 67, 4, 253,
       171, 107, 253, 239, 52, 126, 216, 151, 98, 138, 35, 170, 185, 115,
       237, 5, 191, 247, 255, 86, 227, 138, 206, 116, 255, 231, 114, 254,
       183, 117, 95, 94, 178, 233, 111, 158, 237, 55, 127, 149, 163, 244,
       220, 109, 255, 102, 235, 254, 129, 55, 244, 205, 89, 157, 99, 115,
       109, 54, 11, 239, 248, 116, 160, 243, 226, 211, 76, 153, 33, 126,
       220, 78, 235, 233, 183, 109, 30, 180, 232, 35, 20, 101, 187, 100,
       32, 44, 141, 49, 201, 221, 237, 111, 255, 237, 17, 124, 18, 152,
       119, 32, 116, 109, 154, 74, 168, 243, 58, 114, 215, 111, 188, 134,
       108, 178, 200, 244, 168, 50, 134, 79, 172, 176, 82, 78, 127, 53,
       7, 223, 147, 105, 238, 58, 81, 127, 159, 159, 165, 252, 159, 36,
       223, 178, 247, 218, 129, 53, 228, 172, 84, 252, 140, 190, 122,
       157, 245, 81, 195, 215, 23, 165, 24, 42, 241, 34, 27, 201, 242,
       235, 16, 58, 111, 154, 55, 251, 251, 80, 123, 211, 73, 238, 130,
       162, 160, 70, 153, 74, 129, 168, 73, 54, 50, 226, 219, 224, 194,
       0, 219, 105, 175, 106, 145, 42, 223, 215, 87, 28, 34, 219, 108,
       49, 8, 42, 136, 221, 5, 124, 229, 181, 118, 95, 56, 69, 254, 151,
       18, 219, 63, 27, 107, 246, 213, 61, 250, 184, 240, 121, 140, 239,
       203, 239, 149, 166, 251, 92, 98, 171, 149, 117, 218, 189, 213,
       220, 255, 95, 121, 29, 250, 108, 220, 190, 165, 159, 27, 151, 17,
       247, 169, 63, 247, 187, 95, 31, 255, 95, 140, 217, 87, 90, 207,
       109, 255, 183, 210, 255, 189, 55, 14, 95, 163, 105, 111, 158, 224,
       118, 255, 191, 234, 244, 24, 175, 255, 103, 239, 174, 129, 55,
       182, 252, 123, 6, 157, 169, 147, 146, 226, 187, 169, 62, 117, 75,
       162, 244, 118, 10, 96, 115, 95, 51, 147, 19, 152, 61, 119, 13, 38,
       159, 70, 148, 98, 37, 254, 211, 78, 74, 191, 104, 168, 110, 246,
       172, 6, 214, 199, 169, 234, 179, 67, 110, 227, 95, 239, 228, 151,
       198, 235, 246, 109, 174, 136, 45, 253, 120, 217, 114, 113, 18,
       170, 25, 197, 18, 72, 175, 12, 169, 9, 46, 211, 105, 80, 216, 185,
       207, 82, 74, 3, 154, 217, 145, 212, 11, 59, 16, 2, 38, 10, 11,
       194, 95, 188, 108, 128, 248, 254, 143, 89, 80, 231, 189, 143, 176,
       64, 238, 41, 63, 141, 195, 43, 2, 221, 212, 249, 250, 136, 29,
       152, 33, 153, 15, 183, 114, 235, 181, 215, 250, 253, 93, 233, 92,
       231, 201, 92, 190, 164, 158, 11, 151, 253, 247, 184, 61, 255, 42,
       95, 175, 199, 255, 142, 217, 213, 14, 149, 127, 236, 182, 226, 95,
       119, 141, 201, 222, 34, 221, 247, 32, 96, 94, 115, 159, 40, 113,
       153, 48, 206, 235, 255, 174, 193, 182, 234, 165, 115, 130, 222,
       185, 253, 110, 228, 183, 246, 158, 74, 88, 102, 188, 191, 161, 97,
       207, 123, 183, 65, 227, 156, 98, 255, 229, 182, 58, 170, 28, 88,
       37, 187, 30, 62, 250, 212, 119, 242, 187, 82, 185, 206, 94, 167,
