%YAML:1.0
---
descriptors: !!opencv-matrix
   rows: 123
   cols: 32
   dt: u
   data: [ 176, 249, 121, 74, 92, 205, 67, 84, 119, 36, 245, 8, 51, 213,
       192, 52, 56, 184, 86, 90, 75, 63, 240, 59, 115, 140, 32, 120, 115,
       139, 70, 226, 172, 236, 188, 113, 233, 111, 117, 190, 247, 191,
       38, 24, 95, 59, 73, 27, 161, 86, 100, 58, 32, 116, 59, 54, 207,
       219, 117, 101, 226, 241, 206, 162, 36, 116, 49, 69, 81, 107, 103,
       168, 124, 162, 107, 8, 210, 117, 13, 52, 145, 92, 66, 42, 97, 180,
       121, 14, 37, 158, 5, 54, 192, 123, 70, 162, 37, 65, 121, 69, 84,
       15, 71, 120, 68, 160, 255, 72, 83, 65, 157, 52, 88, 220, 6, 106,
       201, 178, 121, 12, 103, 172, 33, 52, 123, 187, 82, 160, 5, 207,
       29, 231, 180, 14, 111, 188, 60, 170, 123, 100, 213, 99, 153, 96,
       119, 76, 62, 110, 225, 240, 77, 46, 236, 174, 111, 132, 140, 251,
       129, 161, 60, 13, 90, 238, 84, 199, 207, 112, 132, 0, 237, 2, 115,
       251, 49, 64, 120, 234, 19, 234, 8, 187, 24, 255, 241, 173, 131, 8,
       53, 235, 112, 162, 97, 127, 140, 37, 40, 46, 117, 55, 41, 254,
       190, 77, 183, 45, 19, 27, 133, 38, 124, 44, 205, 248, 241, 12,
       230, 255, 117, 16, 72, 252, 74, 217, 17, 189, 63, 124, 19, 238,
       53, 119, 173, 77, 108, 13, 62, 183, 34, 48, 164, 59, 89, 12, 19,
       155, 50, 93, 243, 255, 82, 2, 72, 64, 167, 251, 225, 45, 237, 37,
       180, 126, 109, 59, 120, 234, 158, 93, 179, 40, 83, 115, 129, 230,
       125, 45, 253, 216, 245, 14, 239, 255, 253, 148, 236, 228, 210, 88,
       9, 135, 65, 67, 20, 155, 226, 173, 116, 32, 123, 192, 195, 64,
       156, 164, 58, 8, 2, 124, 253, 184, 109, 31, 44, 206, 33, 68, 111,
       138, 216, 164, 192, 172, 187, 244, 52, 236, 121, 51, 248, 11, 86,
       16, 183, 183, 144, 115, 163, 46, 125, 12, 50, 217, 162, 103, 207,
       189, 50, 200, 128, 192, 151, 107, 230, 174, 162, 148, 255, 163,
       158, 227, 155, 166, 156, 191, 12, 174, 119, 6, 239, 231, 211, 165,
       116, 75, 128, 206, 58, 86, 207, 191, 151, 108, 63, 223, 236, 59,
       157, 229, 172, 42, 71, 150, 114, 190, 162, 104, 215, 35, 193, 91,
       193, 116, 108, 122, 56, 248, 201, 42, 237, 231, 101, 20, 128, 249,
       214, 33, 220, 116, 157, 246, 168, 108, 85, 154, 179, 182, 175, 25,
       215, 183, 73, 91, 129, 212, 109, 26, 40, 69, 251, 34, 217, 167,
       117, 60, 160, 241, 6, 114, 41, 79, 81, 77, 116, 95, 198, 188, 85,
       104, 120, 72, 211, 64, 149, 180, 88, 204, 6, 106, 201, 178, 117,
       15, 39, 188, 33, 4, 91, 187, 82, 164, 69, 188, 156, 186, 172, 237,
       25, 139, 142, 89, 152, 109, 182, 218, 107, 90, 135, 35, 127, 21,
       6, 43, 202, 49, 201, 153, 43, 184, 152, 72, 3, 19, 212, 241, 223,
       98, 138, 72, 71, 141, 178, 19, 161, 24, 87, 247, 72, 59, 51, 214,
       104, 122, 123, 67, 186, 49, 251, 171, 69, 124, 224, 243, 134, 34,
       240, 56, 157, 112, 10, 232, 65, 87, 162, 151, 160, 24, 55, 183,
       64, 59, 5, 176, 108, 152, 59, 79, 178, 16, 217, 129, 116, 120,
       224, 192, 6, 41, 41, 249, 59, 122, 211, 221, 118, 215, 187, 65,
       108, 8, 62, 223, 104, 48, 162, 187, 146, 64, 86, 43, 178, 247,
       243, 221, 20, 107, 114, 18, 174, 139, 36, 52, 181, 71, 49, 111,
       103, 184, 110, 170, 59, 104, 214, 117, 141, 182, 145, 84, 76, 106,
       33, 240, 105, 30, 37, 158, 33, 54, 194, 123, 70, 163, 196, 127,
       81, 117, 96, 206, 55, 178, 57, 172, 114, 104, 190, 55, 129, 117,
       134, 125, 236, 66, 97, 216, 225, 108, 229, 178, 101, 130, 2, 177,
       7, 49, 80, 153, 127, 126, 146, 200, 53, 103, 172, 85, 236, 33, 62,
       247, 34, 112, 162, 179, 123, 192, 82, 139, 50, 117, 243, 165, 58,
       75, 112, 2, 167, 123, 65, 57, 191, 53, 161, 220, 181, 39, 232,
       234, 78, 8, 190, 188, 2, 122, 128, 55, 121, 1, 68, 249, 178, 108,
       231, 191, 94, 3, 64, 80, 135, 107, 66, 152, 16, 186, 27, 225, 16,
       202, 143, 17, 161, 41, 174, 210, 96, 216, 199, 59, 200, 17, 30,
       11, 90, 53, 153, 212, 27, 123, 144, 5, 15, 15, 208, 125, 159, 181,
       133, 14, 117, 55, 184, 138, 34, 4, 246, 179, 65, 90, 161, 102,
       104, 28, 97, 253, 144, 42, 233, 231, 87, 0, 136, 112, 131, 58,
       129, 150, 25, 235, 176, 175, 65, 159, 86, 57, 107, 80, 215, 19,
       200, 96, 21, 30, 12, 24, 179, 152, 105, 23, 237, 143, 53, 116,
       144, 200, 129, 33, 48, 140, 58, 222, 85, 199, 199, 230, 87, 5,
       236, 2, 50, 241, 37, 116, 89, 234, 18, 202, 10, 186, 120, 191,
       241, 191, 130, 8, 81, 27, 116, 170, 165, 144, 169, 251, 156, 239,
       75, 152, 87, 115, 133, 22, 211, 89, 121, 104, 217, 136, 26, 29,
       187, 36, 121, 147, 207, 31, 145, 116, 152, 137, 80, 96, 169, 253,
       115, 74, 84, 223, 103, 244, 113, 104, 112, 88, 51, 85, 181, 181,
       88, 184, 22, 106, 233, 190, 120, 63, 55, 136, 36, 96, 115, 152,
       198, 168, 3, 47, 138, 148, 110, 131, 188, 103, 141, 238, 88, 167,
       44, 168, 118, 2, 239, 111, 147, 133, 244, 219, 132, 206, 60, 20,
       207, 171, 13, 108, 57, 223, 154, 172, 150, 179, 229, 237, 252,
       231, 191, 51, 242, 19, 174, 251, 68, 155, 235, 187, 223, 145, 50,
       127, 154, 243, 157, 215, 223, 99, 195, 72, 239, 138, 199, 183,
       153, 177, 172, 60, 188, 151, 235, 243, 162, 212, 133, 174, 94,
       123, 231, 95, 110, 145, 183, 105, 247, 192, 143, 241, 222, 119,
       136, 192, 139, 28, 182, 152, 150, 186, 175, 109, 212, 198, 159,
       63, 176, 27, 174, 190, 111, 159, 235, 211, 239, 17, 62, 111, 91,
       242, 153, 210, 95, 115, 209, 93, 175, 143, 83, 97, 99, 165, 67,
       78, 111, 97, 33, 228, 207, 10, 89, 22, 19, 52, 48, 237, 89, 239,
       76, 147, 181, 78, 177, 236, 143, 4, 33, 54, 39, 228, 172, 140,
       252, 247, 180, 170, 111, 187, 118, 163, 118, 146, 243, 99, 152,
       105, 123, 206, 63, 152, 186, 252, 109, 63, 239, 235, 247, 68, 229,
       200, 212, 160, 93, 225, 158, 102, 137, 15, 71, 168, 228, 178, 171,
       8, 215, 241, 73, 131, 16, 196, 104, 110, 73, 97, 219, 32, 185,
       175, 69, 52, 72, 123, 139, 32, 244, 36, 245, 114, 138, 105, 87,
       152, 114, 190, 161, 56, 211, 117, 73, 27, 25, 208, 108, 106, 40,
       103, 235, 58, 217, 138, 101, 60, 224, 243, 70, 35, 26, 11, 150,
       185, 35, 210, 186, 66, 172, 196, 90, 167, 173, 238, 39, 196, 230,
       107, 191, 197, 4, 153, 2, 236, 128, 245, 138, 131, 132, 37, 41,
       223, 252, 52, 29, 101, 168, 107, 85, 41, 48, 186, 167, 56, 215,
       115, 73, 59, 147, 84, 108, 42, 105, 69, 233, 10, 205, 235, 101,
       53, 96, 248, 70, 35, 236, 164, 188, 113, 137, 109, 69, 143, 242,
       63, 169, 24, 211, 243, 72, 59, 153, 222, 108, 18, 58, 110, 203,
       51, 233, 135, 117, 125, 192, 80, 198, 2, 41, 181, 83, 65, 241,
       239, 99, 127, 57, 33, 111, 76, 159, 51, 8, 244, 50, 26, 66, 56,
       19, 184, 177, 79, 47, 220, 0, 68, 202, 194, 195, 176, 117, 21, 22,
       174, 153, 167, 70, 172, 197, 136, 170, 76, 102, 242, 45, 208, 212,
       231, 108, 98, 13, 163, 25, 63, 185, 246, 5, 26, 88, 123, 104, 15,
       161, 185, 85, 73, 244, 223, 102, 255, 113, 72, 116, 92, 50, 81,
       132, 181, 24, 26, 82, 120, 243, 186, 112, 95, 47, 152, 5, 100, 91,
       136, 194, 189, 66, 175, 23, 121, 218, 225, 56, 111, 166, 17, 74,
       209, 37, 187, 96, 192, 227, 31, 123, 144, 22, 153, 131, 23, 30,
       228, 26, 207, 176, 192, 161, 138, 223, 115, 234, 5, 102, 90, 253,
       89, 121, 230, 86, 175, 89, 46, 215, 59, 62, 205, 181, 231, 229,
       214, 165, 200, 118, 107, 239, 135, 111, 244, 127, 221, 160, 165,
       59, 90, 244, 237, 243, 231, 250, 25, 125, 24, 54, 241, 108, 48,
       185, 26, 82, 24, 50, 186, 58, 55, 111, 157, 48, 105, 209, 66, 198,
       170, 53, 109, 43, 118, 93, 198, 71, 96, 240, 192, 235, 0, 114,
       247, 49, 176, 216, 236, 80, 234, 76, 131, 34, 46, 243, 189, 129,
       9, 1, 35, 118, 226, 3, 174, 10, 151, 118, 163, 184, 103, 156, 198,
       75, 215, 244, 234, 50, 0, 126, 43, 19, 133, 148, 152, 6, 238, 124,
       4, 218, 128, 12, 110, 57, 219, 136, 172, 254, 243, 228, 171, 109,
       151, 126, 179, 118, 18, 189, 235, 208, 107, 111, 111, 127, 152,
