%YAML:1.0
---
descriptors: !!opencv-matrix
   rows: 171
   cols: 32
   dt: u
   data: [ 88, 184, 145, 248, 171, 205, 80, 199, 187, 27, 32, 24, 190,
       155, 64, 27, 163, 155, 253, 16, 51, 79, 146, 113, 219, 219, 86,
       123, 218, 0, 139, 11, 216, 185, 27, 120, 41, 221, 81, 23, 166, 29,
       182, 120, 191, 151, 192, 244, 38, 183, 237, 0, 11, 73, 179, 49,
       211, 225, 48, 184, 34, 128, 167, 59, 124, 101, 88, 103, 25, 11,
       86, 104, 37, 164, 239, 9, 67, 99, 11, 80, 120, 220, 200, 98, 72,
       179, 73, 14, 243, 197, 1, 53, 99, 43, 78, 2, 13, 198, 17, 251,
       180, 207, 71, 184, 86, 59, 117, 112, 247, 113, 136, 100, 21, 90,
       14, 90, 251, 52, 105, 55, 237, 223, 53, 116, 146, 219, 192, 33,
       124, 97, 80, 101, 45, 11, 70, 40, 97, 160, 227, 9, 195, 9, 21,
       144, 88, 196, 196, 98, 72, 178, 201, 140, 162, 216, 1, 21, 103,
       187, 86, 2, 239, 223, 254, 247, 252, 255, 255, 255, 191, 255, 246,
       255, 255, 255, 255, 123, 255, 255, 255, 159, 247, 247, 234, 243,
       254, 255, 255, 214, 223, 253, 239, 249, 188, 116, 56, 250, 249,
       237, 81, 222, 51, 127, 165, 29, 31, 223, 75, 57, 157, 155, 85, 48,
       58, 103, 122, 51, 219, 219, 53, 125, 250, 217, 198, 210, 109, 113,
       17, 71, 117, 95, 102, 56, 104, 232, 111, 76, 214, 80, 13, 180,
       144, 92, 84, 106, 193, 176, 249, 12, 37, 188, 33, 22, 74, 51, 67,
       183, 118, 177, 145, 166, 155, 71, 18, 202, 139, 185, 136, 111, 78,
       254, 72, 150, 149, 223, 253, 145, 27, 75, 219, 176, 185, 212, 143,
       254, 168, 39, 23, 55, 244, 182, 188, 122, 232, 236, 85, 159, 179,
       127, 165, 61, 118, 247, 74, 27, 133, 215, 109, 16, 58, 79, 250,
       51, 251, 163, 117, 252, 168, 208, 134, 115, 138, 172, 150, 152,
       221, 253, 176, 71, 158, 31, 254, 19, 172, 190, 38, 206, 233, 59,
       235, 145, 54, 239, 3, 243, 157, 22, 90, 75, 144, 76, 173, 206,
       151, 78, 14, 190, 38, 146, 190, 98, 156, 206, 211, 231, 108, 238,
       178, 65, 238, 161, 191, 135, 236, 135, 6, 237, 208, 35, 234, 129,
       29, 37, 57, 213, 86, 26, 151, 180, 3, 98, 61, 65, 173, 158, 211,
       163, 205, 239, 33, 74, 166, 245, 237, 163, 0, 193, 131, 200, 209,
       227, 106, 131, 164, 102, 37, 115, 47, 252, 247, 223, 253, 255,
       255, 206, 255, 255, 254, 62, 238, 254, 47, 191, 255, 255, 255, 19,
       183, 251, 251, 251, 191, 126, 223, 247, 195, 125, 223, 247, 40,
       133, 125, 231, 117, 95, 95, 48, 93, 172, 255, 8, 251, 61, 28, 48,
       216, 214, 223, 106, 216, 176, 121, 172, 231, 255, 164, 17, 98,
       235, 86, 106, 175, 191, 255, 255, 252, 191, 255, 254, 127, 251,
       252, 254, 255, 255, 191, 97, 255, 255, 127, 127, 179, 249, 111,
       255, 254, 255, 239, 164, 223, 255, 209, 241, 56, 177, 121, 104,
       201, 253, 209, 83, 227, 117, 189, 8, 30, 221, 70, 52, 170, 186,
       212, 16, 27, 43, 186, 145, 219, 217, 0, 127, 227, 130, 198, 242,
       89, 240, 152, 161, 211, 30, 114, 93, 59, 169, 227, 77, 95, 59, 72,
       144, 183, 157, 252, 48, 21, 209, 145, 2, 251, 253, 21, 71, 234,
       18, 139, 19, 254, 125, 248, 230, 141, 87, 215, 249, 65, 166, 189,
       11, 75, 125, 87, 18, 217, 245, 253, 99, 104, 99, 248, 170, 251,
       221, 197, 63, 103, 255, 214, 98, 252, 60, 252, 116, 232, 109, 85,
       250, 179, 254, 180, 25, 95, 255, 67, 59, 141, 214, 245, 42, 105,
       70, 250, 58, 219, 203, 117, 61, 234, 241, 70, 115, 191, 20, 237,
       77, 122, 87, 153, 121, 18, 230, 244, 190, 91, 116, 159, 37, 31,
       220, 149, 172, 237, 246, 117, 30, 95, 15, 101, 180, 127, 172, 84,
       245, 59, 226, 106, 69, 117, 91, 209, 238, 97, 228, 244, 173, 43,
       12, 151, 52, 90, 200, 198, 108, 204, 186, 117, 157, 126, 217, 5,
       55, 103, 172, 78, 222, 87, 154, 134, 183, 130, 34, 56, 134, 47,
       215, 91, 231, 237, 46, 210, 78, 103, 103, 63, 149, 149, 216, 159,
       224, 140, 98, 222, 194, 172, 215, 169, 93, 120, 241, 253, 102, 84,
       94, 87, 188, 67, 237, 118, 10, 115, 125, 29, 50, 24, 220, 181,
       104, 200, 250, 251, 45, 123, 239, 229, 49, 103, 186, 86, 106, 220,
       239, 126, 86, 171, 249, 23, 247, 186, 54, 172, 184, 47, 231, 128,
       151, 39, 251, 236, 74, 98, 79, 170, 127, 251, 203, 117, 57, 99,
       240, 167, 235, 207, 38, 236, 71, 174, 58, 235, 24, 126, 215, 215,
       246, 217, 99, 158, 123, 55, 198, 125, 191, 160, 212, 239, 66, 78,
       43, 239, 132, 167, 227, 243, 97, 210, 186, 150, 154, 203, 225,
       184, 71, 175, 29, 128, 177, 172, 158, 102, 222, 231, 59, 235, 145,
       22, 79, 130, 241, 153, 16, 30, 251, 128, 68, 175, 223, 113, 60,
       113, 80, 61, 253, 82, 80, 251, 105, 189, 104, 58, 156, 134, 52,
       134, 190, 84, 0, 143, 41, 250, 179, 211, 220, 49, 123, 203, 136,
       70, 191, 13, 233, 149, 123, 188, 75, 103, 152, 86, 113, 100, 72,
       215, 81, 201, 236, 19, 74, 34, 90, 115, 112, 111, 55, 236, 223,
       37, 100, 152, 154, 193, 160, 188, 101, 58, 78, 93, 75, 87, 232,
       82, 164, 237, 8, 82, 241, 45, 52, 153, 120, 192, 106, 106, 35,
       232, 31, 115, 221, 1, 63, 83, 59, 86, 162, 112, 156, 23, 252, 137,
       102, 84, 167, 149, 90, 162, 80, 118, 54, 32, 255, 193, 183, 104,
       32, 121, 207, 19, 29, 177, 242, 84, 18, 24, 104, 164, 30, 120,
       157, 28, 126, 57, 201, 86, 54, 132, 16, 174, 40, 243, 119, 32,
       115, 192, 242, 236, 98, 88, 43, 90, 61, 243, 227, 96, 27, 114, 42,
       76, 58, 124, 186, 253, 122, 233, 205, 85, 254, 179, 255, 164, 60,
       123, 247, 74, 31, 13, 242, 228, 24, 59, 107, 250, 49, 219, 223,
       117, 121, 226, 208, 198, 251, 232, 89, 60, 126, 40, 205, 87, 164,
       192, 30, 164, 8, 242, 215, 33, 115, 192, 116, 232, 66, 104, 111,
       242, 59, 227, 179, 84, 59, 80, 57, 70, 42, 77, 113, 81, 69, 112,
       30, 118, 184, 108, 232, 107, 68, 222, 114, 137, 244, 182, 76, 92,
       106, 193, 176, 25, 76, 164, 188, 37, 6, 74, 179, 75, 53, 132, 172,
       253, 255, 238, 171, 253, 254, 255, 179, 247, 18, 223, 235, 217,
       43, 47, 239, 127, 154, 179, 252, 251, 242, 207, 251, 119, 68, 229,
       241, 227, 161, 67, 190, 183, 249, 188, 174, 237, 159, 191, 123,
       186, 116, 255, 238, 148, 126, 231, 231, 127, 156, 179, 201, 231,
       215, 174, 254, 255, 212, 140, 192, 129, 125, 10, 143, 182, 254,
       219, 241, 188, 231, 159, 23, 204, 147, 172, 254, 38, 197, 239, 59,
       171, 129, 54, 107, 34, 247, 191, 119, 94, 107, 146, 76, 173, 206,
       95, 133, 142, 190, 173, 63, 86, 238, 239, 191, 223, 15, 78, 234,
       58, 79, 249, 230, 238, 167, 220, 235, 11, 236, 250, 247, 215, 23,
       138, 255, 168, 70, 138, 157, 182, 254, 223, 249, 181, 231, 255,
       87, 76, 17, 172, 255, 38, 99, 227, 123, 187, 1, 54, 235, 50, 255,
       255, 247, 94, 11, 146, 92, 173, 222, 147, 143, 83, 223, 214, 146,
       174, 119, 124, 66, 82, 246, 125, 234, 176, 224, 118, 107, 54, 203,
       245, 157, 36, 239, 52, 46, 174, 128, 45, 160, 161, 165, 242, 253,
       62, 188, 253, 221, 86, 231, 159, 142, 164, 25, 46, 254, 38, 21,
       201, 243, 239, 67, 110, 111, 178, 255, 187, 223, 21, 59, 82, 125,
       174, 78, 175, 254, 244, 254, 255, 159, 222, 252, 159, 251, 244,
       255, 236, 238, 191, 245, 255, 255, 255, 245, 167, 111, 235, 255,
       190, 126, 255, 254, 159, 253, 43, 221, 1, 181, 49, 79, 17, 78, 53,
       61, 121, 73, 105, 0, 222, 87, 12, 48, 148, 31, 80, 40, 195, 48,
       249, 85, 101, 190, 2, 6, 72, 2, 199, 179, 44, 245, 124, 103, 117,
       79, 87, 176, 69, 36, 255, 8, 219, 125, 24, 48, 216, 212, 207, 106,
       200, 176, 121, 173, 231, 255, 5, 81, 98, 187, 214, 162, 60, 63,
       176, 224, 181, 189, 82, 214, 107, 173, 188, 13, 47, 153, 67, 154,
       153, 254, 205, 24, 138, 107, 208, 170, 251, 221, 5, 51, 226, 94,
       74, 11, 120, 61, 123, 96, 89, 253, 83, 210, 227, 101, 188, 8, 59,
       157, 70, 52, 136, 186, 213, 24, 11, 43, 242, 177, 123, 221, 1,
       123, 227, 131, 70, 242, 89, 240, 90, 161, 19, 94, 114, 221, 49,
       97, 162, 47, 95, 27, 10, 176, 182, 157, 220, 240, 77, 211, 145,
