%YAML:1.0
---
descriptors: !!opencv-matrix
   rows: 127
   cols: 32
   dt: u
   data: [ 74, 235, 164, 186, 185, 209, 30, 239, 143, 189, 156, 171, 172,
       238, 103, 198, 197, 115, 255, 211, 94, 75, 202, 241, 187, 215,
       159, 251, 146, 30, 159, 95, 60, 77, 87, 110, 19, 195, 70, 248,
       133, 128, 232, 66, 111, 83, 33, 149, 120, 240, 134, 234, 73, 163,
       24, 61, 177, 192, 5, 26, 115, 179, 98, 162, 131, 238, 175, 213,
       134, 2, 173, 55, 126, 247, 86, 146, 176, 38, 210, 39, 47, 110, 51,
       141, 225, 220, 165, 74, 109, 14, 255, 128, 133, 240, 181, 236,
       201, 118, 120, 161, 228, 62, 252, 87, 125, 107, 190, 125, 159, 10,
       150, 120, 239, 135, 94, 173, 253, 191, 85, 194, 246, 253, 50, 128,
       206, 208, 235, 29, 56, 173, 184, 248, 217, 213, 86, 239, 23, 189,
       252, 26, 43, 187, 64, 16, 249, 223, 231, 144, 58, 123, 195, 183,
       127, 207, 181, 111, 243, 8, 230, 138, 3, 236, 99, 159, 84, 151,
       174, 239, 95, 64, 88, 198, 177, 236, 180, 228, 127, 235, 19, 157,
       231, 186, 60, 255, 45, 62, 158, 130, 29, 30, 49, 252, 27, 205, 3,
       190, 211, 134, 110, 230, 54, 67, 74, 199, 125, 226, 50, 192, 119,
       235, 19, 205, 119, 152, 28, 255, 188, 38, 143, 64, 188, 86, 185,
       24, 45, 97, 111, 229, 116, 15, 234, 152, 118, 168, 127, 66, 219,
       73, 153, 96, 126, 204, 118, 238, 129, 240, 205, 140, 103, 237,
       165, 4, 111, 187, 96, 160, 7, 97, 111, 79, 110, 19, 239, 120, 118,
       224, 95, 226, 209, 226, 156, 96, 126, 204, 59, 239, 193, 208, 239,
       92, 116, 43, 235, 132, 45, 162, 113, 228, 61, 133, 238, 111, 118,
       18, 239, 56, 86, 160, 119, 130, 83, 105, 152, 225, 123, 204, 54,
       238, 233, 240, 109, 143, 110, 239, 229, 4, 111, 171, 120, 160,
       143, 92, 183, 187, 169, 247, 188, 214, 191, 91, 18, 84, 236, 222,
       37, 239, 231, 35, 255, 21, 231, 197, 59, 242, 143, 122, 95, 198,
       154, 85, 169, 223, 138, 182, 210, 251, 247, 185, 176, 207, 191,
       31, 113, 183, 172, 250, 110, 137, 239, 27, 163, 17, 50, 124, 10,
       211, 94, 83, 94, 239, 222, 76, 175, 155, 222, 79, 106, 187, 234,
       160, 191, 215, 189, 15, 223, 183, 141, 47, 35, 89, 111, 211, 207,
       135, 248, 31, 97, 226, 246, 213, 190, 137, 183, 213, 165, 251, 97,
       110, 148, 229, 116, 46, 100, 31, 122, 170, 114, 104, 215, 51, 129,
       186, 61, 68, 108, 44, 160, 248, 193, 14, 172, 174, 119, 148, 200,
       232, 67, 169, 2, 150, 20, 155, 171, 177, 48, 142, 191, 91, 1, 245,
       140, 110, 174, 205, 199, 19, 239, 17, 55, 77, 91, 247, 140, 82,
       90, 223, 154, 68, 169, 23, 47, 63, 66, 197, 246, 62, 190, 115, 44,
       136, 218, 230, 185, 60, 148, 160, 254, 223, 95, 229, 157, 184,
       197, 204, 164, 237, 174, 130, 77, 254, 154, 133, 47, 60, 248, 67,
       117, 61, 250, 218, 91, 249, 61, 9, 155, 248, 95, 170, 159, 75,
       210, 29, 135, 112, 220, 176, 78, 93, 5, 119, 207, 255, 75, 150,
       27, 159, 66, 188, 210, 182, 110, 254, 60, 67, 218, 199, 121, 238,
       182, 192, 127, 235, 183, 173, 191, 153, 21, 255, 56, 47, 174, 128,
       191, 212, 185, 92, 37, 110, 253, 85, 228, 63, 229, 55, 89, 254,
       126, 88, 243, 40, 149, 47, 141, 126, 70, 42, 225, 244, 237, 10, 7,
       158, 117, 176, 65, 248, 82, 173, 135, 164, 170, 217, 228, 183,
       169, 91, 30, 219, 93, 146, 220, 238, 254, 104, 127, 43, 51, 157,
       178, 220, 175, 210, 92, 14, 255, 196, 149, 236, 177, 224, 9, 141,
       42, 185, 149, 189, 230, 231, 87, 71, 92, 18, 175, 232, 178, 228,
       89, 42, 130, 13, 246, 184, 38, 191, 174, 87, 158, 73, 22, 220,
       248, 204, 147, 142, 206, 185, 210, 162, 47, 223, 54, 35, 90, 247,
       113, 227, 176, 64, 127, 174, 55, 157, 251, 220, 13, 127, 188, 46,
       191, 192, 189, 208, 176, 144, 138, 149, 117, 125, 241, 244, 61,
       191, 31, 95, 92, 177, 237, 255, 188, 229, 215, 59, 181, 141, 242,
       156, 59, 223, 47, 255, 222, 202, 22, 196, 165, 255, 7, 169, 128,
       179, 229, 153, 186, 132, 110, 81, 91, 71, 172, 216, 94, 104, 235,
       11, 51, 87, 150, 184, 79, 241, 12, 28, 158, 194, 221, 31, 217,
       142, 17, 157, 79, 189, 214, 135, 238, 247, 86, 200, 218, 70, 113,
       248, 180, 96, 127, 238, 54, 141, 255, 187, 7, 127, 60, 46, 39, 64,
       125, 168, 240, 141, 237, 39, 120, 227, 228, 58, 236, 29, 125, 107,
       255, 124, 223, 43, 154, 121, 127, 135, 94, 173, 253, 182, 69, 194,
       246, 255, 182, 192, 206, 210, 235, 145, 184, 7, 226, 60, 197, 15,
       84, 119, 85, 134, 125, 23, 107, 105, 62, 17, 217, 174, 135, 36,
       124, 254, 80, 138, 115, 255, 84, 3, 243, 252, 244, 202, 9, 188,
       238, 87, 183, 190, 253, 55, 253, 199, 94, 22, 249, 59, 146, 39,
       39, 102, 243, 141, 228, 220, 55, 239, 110, 111, 254, 129, 175,
       212, 153, 200, 98, 183, 129, 152, 217, 229, 136, 79, 31, 13, 217,
       119, 132, 174, 108, 204, 217, 155, 175, 145, 30, 11, 194, 215,
       152, 20, 154, 255, 152, 76, 172, 151, 199, 148, 237, 155, 234,
       242, 185, 170, 62, 115, 95, 182, 220, 102, 222, 109, 39, 23, 187,
       157, 183, 92, 47, 247, 12, 54, 250, 196, 156, 197, 165, 245, 32,
       233, 105, 91, 220, 201, 231, 230, 6, 5, 124, 9, 48, 205, 116, 16,
       72, 122, 3, 88, 66, 58, 74, 53, 111, 12, 52, 105, 81, 155, 214,
       202, 10, 182, 210, 187, 243, 185, 184, 207, 63, 19, 113, 247, 140,
       238, 108, 200, 255, 27, 163, 149, 55, 124, 10, 211, 14, 86, 95,
       231, 153, 68, 169, 155, 99, 191, 225, 145, 238, 189, 188, 199, 59,
       127, 80, 255, 172, 172, 214, 159, 175, 155, 247, 149, 183, 126,
       246, 243, 30, 26, 94, 239, 221, 68, 159, 223, 1, 201, 91, 185,
       116, 131, 111, 246, 94, 64, 88, 70, 181, 194, 177, 96, 250, 43,
       38, 204, 195, 184, 6, 253, 164, 190, 58, 0, 28, 137, 33, 169, 98,
       186, 224, 26, 239, 253, 188, 87, 155, 95, 112, 253, 172, 172, 118,
       156, 143, 59, 247, 21, 150, 122, 230, 243, 30, 94, 94, 235, 223,
       76, 207, 223, 5, 186, 159, 30, 155, 221, 51, 248, 190, 223, 4,
       229, 228, 246, 235, 197, 149, 106, 234, 86, 119, 73, 186, 63, 168,
       7, 127, 223, 152, 38, 45, 125, 201, 46, 148, 69, 244, 31, 96, 55,
       123, 161, 110, 88, 139, 33, 209, 183, 3, 38, 110, 60, 160, 248,
       197, 14, 172, 223, 117, 68, 202, 236, 74, 12, 125, 111, 228, 69,
       180, 27, 79, 191, 65, 166, 190, 170, 67, 32, 151, 180, 26, 196,
       76, 238, 204, 187, 101, 14, 114, 207, 165, 21, 103, 254, 90, 76,
       194, 223, 162, 222, 251, 180, 157, 247, 189, 15, 220, 247, 44,
       239, 62, 84, 239, 251, 183, 133, 242, 207, 162, 239, 59, 118, 158,
       139, 151, 212, 165, 255, 10, 190, 178, 219, 247, 169, 177, 199,
       63, 39, 126, 179, 172, 233, 110, 76, 255, 59, 163, 17, 18, 248,
       202, 247, 13, 22, 30, 67, 150, 76, 133, 171, 15, 54, 169, 145,
       250, 189, 185, 27, 30, 127, 29, 253, 156, 230, 238, 236, 151, 27,
       191, 29, 151, 24, 239, 210, 12, 31, 59, 254, 150, 205, 137, 245,
       79, 134, 233, 155, 186, 240, 185, 155, 62, 119, 95, 178, 220, 110,
       222, 236, 55, 31, 187, 157, 147, 24, 239, 215, 78, 47, 187, 229,
       150, 199, 13, 117, 38, 182, 144, 184, 249, 225, 16, 207, 31, 125,
       89, 253, 140, 174, 110, 220, 223, 27, 135, 17, 31, 26, 202, 215,
       140, 212, 186, 255, 152, 79, 174, 215, 161, 174, 253, 85, 100, 14,
       237, 55, 121, 190, 118, 92, 243, 33, 148, 59, 30, 102, 100, 46,
       241, 248, 225, 12, 102, 186, 117, 128, 73, 240, 194, 185, 37, 58,
       189, 85, 172, 15, 229, 51, 206, 191, 54, 76, 242, 56, 213, 43,
       141, 100, 126, 42, 129, 244, 243, 8, 79, 155, 117, 16, 200, 248,
       81, 169, 184, 182, 174, 189, 188, 119, 145, 127, 222, 255, 158,
       61, 243, 124, 30, 43, 205, 119, 253, 37, 188, 239, 123, 159, 203,
       239, 255, 215, 205, 104, 255, 219, 142, 164, 244, 243, 53, 255,
       249, 154, 31, 183, 85, 19, 141, 253, 95, 13, 151, 59, 179, 29,
       178, 116, 123, 210, 79, 223, 217, 231, 214, 205, 85, 226, 8, 165,
       184, 25, 181, 249, 244, 239, 95, 85, 92, 19, 170, 168, 62, 164,
