%YAML:1.0
---
descriptors: !!opencv-matrix
   rows: 377
   cols: 32
   dt: u
   data: [ 124, 111, 104, 234, 61, 217, 90, 120, 37, 4, 245, 169, 107,
       79, 35, 16, 94, 184, 157, 226, 74, 3, 104, 191, 243, 221, 161,
       185, 119, 167, 70, 82, 248, 113, 122, 232, 45, 111, 80, 72, 237,
       36, 185, 10, 158, 155, 32, 16, 234, 149, 79, 97, 8, 39, 208, 208,
       211, 249, 2, 63, 113, 11, 86, 2, 149, 198, 223, 247, 126, 130,
       106, 112, 52, 226, 243, 246, 253, 227, 169, 99, 127, 237, 62, 174,
       225, 212, 77, 206, 252, 175, 239, 132, 45, 162, 33, 177, 55, 247,
       8, 226, 157, 159, 147, 216, 131, 41, 189, 104, 151, 217, 72, 36,
       93, 152, 95, 123, 42, 35, 120, 191, 251, 213, 139, 254, 239, 27,
       155, 165, 91, 235, 170, 34, 189, 157, 94, 205, 235, 109, 188, 13,
       175, 200, 94, 144, 250, 193, 237, 213, 222, 43, 222, 177, 250,
       221, 135, 127, 70, 134, 239, 78, 197, 38, 215, 213, 108, 42, 105,
       122, 127, 186, 242, 246, 255, 227, 221, 127, 115, 236, 110, 172,
       161, 213, 175, 218, 28, 170, 115, 132, 172, 225, 99, 161, 125,
       216, 83, 204, 126, 22, 107, 120, 101, 200, 255, 70, 89, 147, 181,
       244, 126, 196, 54, 238, 201, 147, 189, 204, 22, 236, 163, 140, 63,
       163, 96, 53, 119, 177, 180, 11, 173, 156, 244, 141, 235, 253, 187,
       13, 202, 250, 94, 254, 200, 71, 238, 85, 158, 105, 255, 224, 190,
       125, 143, 127, 202, 22, 203, 70, 79, 20, 150, 214, 237, 61, 116,
       202, 175, 187, 191, 10, 206, 242, 239, 254, 225, 214, 238, 10, 21,
       97, 187, 240, 159, 254, 87, 23, 138, 127, 201, 5, 30, 116, 151,
       183, 143, 119, 244, 254, 175, 155, 191, 66, 206, 127, 9, 143, 239,
       215, 255, 170, 9, 199, 91, 232, 149, 211, 95, 22, 227, 127, 171,
       179, 37, 166, 196, 213, 108, 57, 232, 91, 255, 187, 251, 122, 217,
       232, 220, 235, 107, 164, 126, 188, 181, 118, 207, 208, 156, 26,
       115, 236, 205, 232, 99, 132, 129, 28, 189, 125, 36, 46, 245, 18,
       252, 138, 118, 80, 183, 49, 145, 123, 132, 52, 126, 8, 161, 252,
       49, 10, 199, 251, 112, 0, 72, 248, 65, 41, 53, 239, 73, 239, 126,
       139, 239, 252, 84, 224, 252, 238, 243, 73, 145, 32, 126, 236, 22,
       238, 201, 186, 109, 191, 252, 207, 165, 160, 125, 186, 112, 185,
       33, 239, 107, 231, 244, 139, 239, 117, 125, 192, 127, 238, 251,
       73, 148, 48, 126, 234, 86, 239, 193, 186, 109, 255, 110, 221, 37,
       192, 109, 138, 210, 185, 115, 49, 17, 184, 41, 141, 67, 72, 171,
       232, 137, 237, 230, 214, 67, 148, 196, 161, 236, 69, 79, 3, 218,
       145, 144, 212, 9, 62, 8, 6, 42, 85, 74, 188, 52, 223, 159, 253,
       180, 167, 191, 255, 157, 63, 172, 252, 86, 165, 167, 179, 255,
       129, 247, 105, 250, 247, 175, 86, 159, 251, 30, 76, 159, 95, 191,
       191, 109, 83, 223, 95, 119, 217, 199, 126, 253, 126, 251, 124,
       143, 119, 125, 218, 214, 242, 238, 182, 109, 191, 255, 201, 167,
       167, 179, 255, 214, 247, 207, 95, 241, 91, 254, 61, 191, 156, 127,
       122, 95, 230, 217, 252, 223, 109, 55, 91, 255, 115, 246, 116, 239,
       251, 111, 127, 39, 164, 215, 247, 245, 117, 213, 22, 214, 245,
       102, 42, 105, 248, 126, 178, 242, 246, 255, 227, 233, 75, 119,
       237, 110, 44, 161, 244, 157, 218, 212, 170, 231, 132, 45, 225, 97,
       169, 33, 135, 219, 231, 118, 11, 239, 51, 68, 233, 123, 230, 243,
       97, 152, 96, 126, 238, 54, 46, 209, 184, 109, 47, 108, 172, 163,
       192, 109, 170, 208, 185, 214, 252, 182, 240, 179, 188, 63, 166,
       249, 150, 6, 148, 143, 202, 71, 95, 167, 253, 236, 83, 224, 221,
       182, 234, 185, 242, 95, 74, 172, 113, 39, 53, 44, 187, 149, 122,
       249, 205, 242, 136, 139, 61, 32, 109, 238, 251, 76, 150, 133, 123,
       234, 80, 23, 107, 202, 177, 14, 210, 85, 126, 218, 15, 203, 155,
       247, 92, 45, 145, 13, 255, 177, 128, 222, 254, 135, 27, 150, 29,
       119, 107, 129, 32, 123, 63, 97, 101, 121, 148, 139, 219, 81, 119,
       16, 61, 85, 114, 217, 234, 83, 113, 50, 142, 109, 181, 60, 185,
       102, 212, 157, 131, 208, 49, 39, 77, 108, 220, 227, 220, 133, 102,
       236, 203, 62, 196, 42, 144, 163, 41, 182, 119, 106, 166, 190, 107,
       254, 236, 61, 206, 251, 187, 110, 236, 31, 1, 254, 221, 207, 227,
       236, 247, 13, 238, 179, 22, 143, 159, 101, 127, 127, 215, 119,
       238, 104, 14, 221, 23, 190, 232, 91, 238, 253, 143, 72, 236, 31,
       212, 253, 205, 239, 231, 236, 35, 207, 255, 178, 62, 135, 191, 85,
       127, 254, 215, 156, 22, 222, 252, 234, 98, 60, 83, 180, 142, 247,
       179, 77, 239, 33, 219, 127, 181, 167, 160, 48, 215, 2, 74, 83,
       227, 250, 129, 163, 241, 36, 195, 29, 247, 19, 231, 189, 127, 239,
       248, 125, 200, 255, 66, 238, 119, 137, 180, 254, 206, 222, 234,
       233, 243, 121, 238, 179, 255, 7, 22, 67, 255, 99, 245, 109, 244,
       243, 239, 253, 78, 239, 248, 63, 238, 253, 8, 222, 247, 41, 244,
       223, 221, 255, 106, 121, 163, 249, 255, 253, 255, 143, 92, 82,
       127, 102, 225, 83, 233, 165, 190, 137, 92, 13, 143, 171, 245, 134,
       152, 207, 182, 94, 110, 163, 199, 120, 221, 91, 73, 191, 241, 185,
       118, 223, 126, 132, 52, 133, 108, 42, 173, 54, 26, 185, 249, 156,
       239, 223, 95, 253, 185, 174, 238, 62, 164, 207, 59, 223, 1, 182,
       43, 106, 247, 187, 95, 30, 255, 214, 78, 175, 247, 70, 172, 236,
       83, 155, 137, 190, 174, 254, 179, 4, 136, 253, 237, 92, 47, 7, 95,
       121, 155, 178, 72, 222, 241, 111, 30, 95, 125, 132, 208, 135, 44,
       66, 163, 30, 184, 217, 205, 56, 111, 175, 29, 160, 153, 172, 199,
       98, 82, 197, 59, 235, 144, 82, 75, 210, 213, 221, 17, 30, 123, 16,
       4, 167, 90, 220, 167, 221, 225, 180, 106, 107, 171, 63, 161, 250,
       152, 223, 39, 72, 80, 251, 221, 109, 56, 57, 248, 201, 206, 255,
       255, 7, 85, 224, 224, 199, 48, 240, 165, 93, 225, 244, 75, 111,
       191, 59, 177, 251, 184, 219, 127, 140, 49, 123, 223, 110, 56, 121,
       254, 233, 223, 254, 223, 37, 116, 101, 136, 198, 176, 131, 30,
       255, 219, 98, 171, 184, 82, 62, 83, 115, 247, 249, 141, 156, 109,
       111, 59, 63, 157, 163, 244, 103, 227, 70, 42, 122, 194, 237, 201,
       33, 181, 110, 97, 104, 64, 237, 85, 222, 136, 15, 244, 181, 143,
       10, 204, 95, 56, 220, 153, 223, 247, 206, 35, 255, 144, 91, 89,
       141, 191, 215, 191, 86, 86, 61, 205, 107, 237, 150, 199, 207, 254,
       84, 74, 254, 194, 243, 109, 179, 96, 127, 235, 31, 239, 233, 184,
       109, 191, 234, 207, 175, 132, 127, 251, 224, 241, 221, 69, 79,
       239, 182, 7, 79, 184, 37, 226, 254, 198, 123, 111, 187, 115, 126,
       228, 124, 238, 233, 163, 61, 174, 242, 235, 229, 144, 63, 251,
       240, 113, 61, 123, 91, 110, 82, 143, 87, 120, 5, 192, 253, 79,
       115, 215, 35, 16, 124, 184, 23, 238, 201, 179, 88, 62, 243, 237,
       33, 57, 123, 187, 106, 211, 225, 108, 89, 101, 52, 79, 99, 54,
       113, 160, 98, 24, 151, 17, 80, 16, 128, 12, 76, 104, 105, 252,
       209, 46, 231, 221, 52, 0, 64, 144, 194, 40, 61, 149, 105, 203,
       246, 59, 250, 249, 86, 97, 221, 246, 83, 124, 190, 228, 127, 154,
       150, 190, 191, 186, 125, 151, 254, 207, 179, 244, 191, 143, 216,
       245, 189, 152, 230, 95, 85, 158, 226, 248, 118, 145, 238, 0, 115,
       113, 157, 116, 121, 238, 34, 88, 234, 254, 125, 47, 95, 239, 197,
       65, 227, 170, 122, 170, 128, 12, 158, 244, 137, 226, 53, 39, 188,
       159, 142, 17, 212, 183, 98, 11, 201, 55, 121, 128, 56, 205, 3,
       194, 195, 151, 223, 19, 128, 112, 165, 42, 121, 21, 220, 164, 61,
       30, 95, 49, 33, 238, 191, 13, 223, 59, 3, 83, 134, 197, 253, 38,
       236, 2, 249, 142, 251, 255, 101, 156, 34, 246, 202, 67, 67, 36,
       130, 152, 184, 161, 184, 67, 174, 99, 137, 177, 140, 182, 102,
       216, 199, 39, 255, 149, 22, 11, 195, 210, 156, 52, 154, 251, 148,
       68, 163, 199, 60, 80, 116, 238, 91, 71, 18, 120, 7, 68, 229, 39,
       95, 255, 43, 208, 254, 209, 183, 226, 72, 35, 27, 221, 243, 239,
       67, 63, 115, 55, 46, 211, 2, 177, 187, 248, 178, 196, 181, 119,
