%YAML:1.0
---
descriptors: !!opencv-matrix
   rows: 186
   cols: 32
   dt: u
   data: [ 165, 53, 241, 67, 240, 95, 227, 216, 123, 232, 57, 104, 90,
       21, 197, 180, 29, 92, 84, 122, 225, 246, 249, 74, 47, 156, 37,
       164, 203, 179, 66, 181, 66, 176, 181, 211, 115, 204, 56, 39, 191,
       121, 59, 81, 236, 255, 76, 82, 167, 187, 127, 145, 2, 88, 155,
       241, 159, 150, 159, 234, 128, 4, 167, 27, 6, 77, 50, 158, 221,
       213, 182, 227, 159, 4, 200, 3, 236, 254, 39, 196, 200, 59, 155,
       195, 102, 155, 90, 255, 55, 54, 142, 11, 18, 30, 61, 206, 70, 156,
       191, 185, 160, 102, 177, 227, 191, 223, 210, 51, 212, 190, 36, 75,
       231, 95, 59, 145, 48, 217, 51, 224, 221, 54, 222, 70, 144, 72,
       165, 243, 29, 213, 122, 227, 38, 95, 127, 253, 21, 74, 127, 162,
       123, 93, 186, 33, 126, 210, 151, 238, 232, 176, 45, 191, 231, 207,
       229, 133, 119, 254, 252, 249, 2, 205, 48, 217, 157, 197, 166, 239,
       94, 17, 72, 18, 164, 184, 116, 32, 217, 59, 19, 17, 114, 56, 18,
       247, 45, 22, 158, 107, 81, 28, 209, 142, 82, 92, 50, 180, 99, 228,
       62, 98, 237, 138, 90, 34, 44, 154, 37, 64, 166, 115, 255, 67, 64,
       137, 146, 239, 179, 244, 10, 139, 4, 49, 37, 15, 116, 0, 188, 41,
       204, 109, 84, 15, 107, 63, 48, 25, 151, 56, 67, 26, 137, 135, 108,
       16, 28, 102, 195, 16, 221, 203, 113, 125, 240, 65, 198, 131, 220,
       50, 190, 180, 42, 41, 17, 83, 178, 191, 149, 253, 143, 235, 194,
       27, 167, 245, 237, 17, 172, 69, 138, 2, 218, 195, 125, 253, 160,
       225, 15, 67, 165, 67, 113, 69, 116, 26, 238, 184, 117, 160, 114,
       224, 243, 73, 149, 161, 58, 204, 38, 110, 233, 180, 109, 14, 38,
       175, 37, 4, 109, 187, 82, 168, 0, 157, 27, 251, 146, 231, 171,
       115, 30, 73, 74, 70, 245, 247, 32, 96, 246, 59, 27, 145, 51, 152,
       17, 63, 237, 166, 170, 64, 152, 10, 165, 179, 114, 190, 156, 186,
       169, 169, 84, 143, 155, 31, 168, 125, 166, 187, 2, 91, 193, 179,
       237, 1, 62, 75, 202, 49, 219, 243, 92, 123, 144, 76, 158, 11, 181,
       70, 64, 143, 86, 2, 206, 248, 84, 226, 215, 206, 81, 97, 159, 68,
       122, 236, 22, 239, 237, 182, 77, 174, 116, 46, 165, 148, 61, 255,
       120, 132, 50, 233, 16, 184, 253, 157, 212, 239, 143, 49, 168, 25,
       142, 184, 108, 148, 201, 139, 202, 1, 94, 43, 90, 183, 187, 212,
       21, 127, 82, 12, 218, 134, 58, 239, 114, 122, 251, 145, 92, 231,
       175, 29, 188, 185, 42, 143, 38, 20, 239, 187, 199, 128, 94, 11, 2,
       247, 123, 221, 20, 251, 115, 132, 238, 223, 254, 89, 251, 252,
       239, 196, 159, 195, 139, 22, 180, 179, 12, 254, 55, 106, 206, 179,
       191, 195, 66, 39, 170, 211, 115, 53, 207, 155, 149, 125, 165, 243,
       27, 95, 206, 132, 215, 18, 188, 119, 173, 192, 222, 231, 8, 170,
       183, 166, 110, 165, 183, 173, 196, 153, 4, 202, 54, 92, 143, 135,
       175, 244, 185, 221, 130, 216, 22, 159, 43, 192, 188, 230, 190, 5,
       80, 163, 172, 158, 38, 65, 230, 59, 179, 193, 70, 156, 18, 241,
       37, 48, 218, 139, 20, 20, 45, 159, 60, 190, 148, 58, 169, 185, 20,
       207, 251, 31, 177, 57, 175, 248, 72, 155, 131, 83, 236, 17, 54,
       111, 218, 49, 219, 211, 84, 127, 194, 85, 143, 3, 120, 190, 156,
       186, 169, 185, 20, 7, 159, 59, 161, 57, 174, 185, 66, 155, 193,
       178, 237, 17, 62, 79, 90, 177, 219, 211, 84, 123, 146, 76, 156,
       15, 237, 41, 67, 69, 240, 142, 111, 49, 56, 128, 106, 64, 243,
       227, 85, 80, 124, 252, 98, 254, 121, 154, 144, 76, 45, 184, 165,
       8, 201, 162, 66, 168, 45, 125, 123, 103, 116, 78, 111, 48, 105,
       236, 127, 108, 211, 87, 145, 48, 22, 252, 84, 106, 201, 176, 249,
       44, 103, 253, 33, 132, 98, 179, 70, 241, 11, 93, 107, 207, 118,
       214, 255, 180, 28, 76, 94, 166, 253, 95, 183, 228, 118, 59, 151,
       239, 229, 144, 53, 239, 102, 125, 174, 128, 22, 190, 181, 253,
       244, 110, 94, 54, 42, 40, 93, 18, 176, 158, 182, 249, 119, 135,
       131, 91, 166, 245, 109, 162, 172, 71, 131, 40, 208, 163, 112, 153,
       96, 241, 38, 75, 65, 144, 189, 117, 40, 14, 253, 51, 236, 218, 54,
       84, 247, 53, 144, 59, 132, 86, 124, 44, 161, 233, 177, 77, 199,
       187, 114, 0, 72, 160, 67, 249, 58, 173, 16, 176, 221, 189, 84,
       231, 159, 177, 168, 25, 14, 169, 68, 148, 137, 171, 199, 16, 62,
       43, 90, 183, 187, 213, 21, 127, 210, 12, 194, 142, 101, 24, 189,
       245, 172, 111, 101, 159, 110, 251, 34, 92, 215, 61, 65, 123, 133,
       70, 125, 30, 153, 240, 251, 8, 207, 171, 117, 52, 192, 121, 80,
       115, 19, 79, 14, 188, 22, 128, 174, 230, 148, 64, 218, 199, 61,
       138, 51, 64, 110, 107, 19, 197, 231, 153, 6, 239, 240, 39, 186,
       128, 61, 20, 57, 220, 48, 13, 74, 254, 148, 227, 203, 98, 212, 1,
       218, 130, 113, 233, 49, 64, 88, 170, 18, 137, 26, 171, 92, 63,
       249, 167, 162, 72, 181, 75, 112, 138, 106, 187, 234, 0, 255, 217,
       177, 71, 203, 101, 188, 171, 40, 188, 102, 18, 206, 179, 227, 17,
       150, 43, 230, 209, 94, 21, 154, 251, 199, 12, 223, 223, 162, 49,
       164, 156, 77, 117, 152, 107, 203, 74, 176, 27, 40, 188, 54, 143,
       136, 147, 211, 1, 182, 111, 82, 219, 23, 90, 216, 187, 85, 76, 95,
       207, 43, 52, 246, 248, 253, 117, 152, 91, 219, 255, 157, 189, 140,
       255, 246, 46, 143, 27, 255, 21, 182, 107, 242, 215, 26, 95, 91,
       255, 158, 204, 131, 215, 94, 28, 118, 244, 243, 210, 180, 227,
       185, 232, 246, 163, 76, 191, 39, 253, 231, 245, 159, 177, 116,
       219, 48, 204, 251, 115, 79, 131, 39, 116, 37, 223, 35, 237, 32,
       26, 93, 213, 176, 239, 222, 81, 72, 10, 160, 152, 118, 32, 201,
       59, 19, 65, 70, 42, 114, 245, 61, 16, 154, 107, 81, 28, 213, 206,
       134, 73, 38, 156, 197, 132, 190, 98, 156, 196, 202, 135, 44, 238,
       55, 65, 252, 105, 179, 199, 196, 155, 18, 236, 53, 48, 202, 139,
       29, 61, 53, 214, 29, 217, 109, 199, 54, 90, 235, 184, 68, 96, 95,
       230, 217, 125, 146, 96, 126, 212, 63, 239, 193, 184, 61, 253, 238,
       109, 171, 196, 55, 171, 113, 241, 210, 93, 22, 156, 67, 224, 190,
       98, 189, 128, 218, 162, 44, 190, 33, 68, 230, 123, 175, 195, 96,
       139, 146, 239, 177, 48, 26, 139, 4, 113, 37, 155, 2, 73, 15, 157,
       89, 132, 46, 230, 158, 0, 66, 131, 172, 198, 33, 64, 236, 123, 59,
       199, 96, 137, 18, 255, 37, 54, 218, 10, 16, 21, 33, 154, 183, 66,
       102, 141, 78, 18, 238, 232, 20, 166, 210, 199, 97, 72, 151, 203,
       120, 236, 59, 239, 236, 214, 205, 136, 22, 106, 235, 132, 37, 191,
       120, 196, 27, 49, 252, 229, 38, 22, 120, 25, 111, 232, 87, 162,
       73, 95, 158, 228, 246, 157, 189, 239, 140, 208, 237, 204, 70, 249,
       171, 135, 39, 166, 120, 85, 34, 141, 50, 158, 221, 213, 178, 227,
       159, 29, 72, 3, 172, 250, 38, 196, 201, 59, 163, 1, 86, 42, 122,
       253, 45, 54, 154, 43, 18, 76, 61, 206, 66, 184, 145, 177, 123,
       236, 169, 143, 191, 89, 186, 80, 172, 214, 76, 244, 167, 187, 127,
       145, 19, 89, 187, 245, 157, 150, 155, 234, 0, 0, 167, 177, 70,
       152, 191, 145, 246, 228, 169, 198, 190, 21, 210, 19, 148, 183, 98,
       74, 239, 95, 59, 145, 18, 221, 179, 225, 221, 38, 254, 196, 128,
       9, 165, 251, 181, 103, 97, 71, 94, 11, 199, 248, 86, 224, 185,
       238, 83, 96, 157, 52, 90, 204, 6, 238, 201, 50, 109, 62, 48, 204,
       165, 52, 117, 251, 82, 224, 24, 221, 27, 237, 50, 198, 111, 183,
       52, 64, 202, 98, 247, 119, 32, 96, 118, 62, 29, 232, 121, 152, 17,
       31, 225, 230, 174, 4, 48, 162, 165, 56, 228, 124, 25, 97, 188,
       111, 71, 184, 114, 186, 162, 88, 215, 17, 65, 27, 145, 84, 108,
       122, 105, 116, 217, 46, 237, 131, 101, 116, 200, 185, 83, 48, 31,
       93, 118, 239, 55, 214, 254, 244, 205, 78, 86, 163, 109, 94, 183,
       228, 246, 113, 159, 231, 196, 149, 61, 239, 119, 127, 142, 131,
       55, 191, 125, 255, 214, 94, 140, 188, 168, 50, 94, 218, 177, 158,
       154, 119, 76, 123, 193, 223, 231, 215, 253, 242, 56, 71, 139, 226,
       154, 243, 239, 223, 170, 241, 47, 19, 124, 113, 56, 165, 185, 79,
