%YAML:1.0
---
descriptors: !!opencv-matrix
   rows: 377
   cols: 32
   dt: u
   data: [ 223, 221, 222, 183, 173, 31, 126, 255, 247, 191, 222, 23, 78,
       235, 58, 223, 251, 199, 238, 238, 252, 221, 29, 238, 254, 247,
       215, 23, 174, 252, 184, 14, 92, 144, 157, 247, 168, 110, 85, 159,
       166, 251, 131, 16, 215, 119, 73, 123, 133, 214, 109, 42, 57, 65,
       251, 32, 201, 227, 119, 20, 160, 113, 133, 114, 212, 182, 189,
       229, 168, 110, 95, 187, 108, 238, 190, 125, 215, 126, 26, 114,
       199, 215, 125, 163, 253, 197, 249, 34, 251, 239, 111, 149, 40,
       243, 198, 115, 60, 97, 66, 102, 13, 11, 66, 224, 97, 160, 163, 11,
       67, 9, 5, 144, 216, 196, 192, 98, 76, 162, 201, 140, 179, 208,
       133, 63, 99, 59, 94, 2, 11, 221, 82, 139, 254, 147, 170, 244, 205,
       64, 88, 230, 237, 250, 180, 228, 126, 107, 151, 255, 151, 185, 12,
       255, 46, 124, 174, 200, 63, 159, 185, 189, 190, 252, 247, 223,
       253, 254, 254, 238, 255, 255, 246, 18, 238, 254, 5, 191, 251, 247,
       238, 18, 59, 249, 251, 255, 191, 186, 223, 87, 195, 125, 223, 119,
       30, 188, 247, 255, 191, 254, 253, 234, 191, 191, 254, 50, 238,
       255, 85, 255, 235, 255, 255, 131, 186, 249, 251, 241, 191, 250,
       223, 179, 231, 117, 231, 167, 88, 184, 155, 120, 171, 221, 81, 23,
       183, 95, 182, 120, 191, 151, 192, 252, 39, 158, 236, 24, 27, 77,
       179, 49, 219, 241, 116, 249, 162, 128, 142, 123, 254, 189, 255,
       246, 253, 110, 255, 255, 187, 191, 255, 26, 255, 255, 126, 115,
       255, 255, 255, 163, 248, 235, 187, 239, 251, 255, 255, 255, 199,
       248, 231, 243, 120, 157, 60, 126, 153, 205, 87, 183, 196, 0, 172,
       8, 243, 117, 33, 115, 192, 242, 236, 98, 104, 43, 123, 61, 227,
       225, 100, 25, 50, 154, 76, 58, 73, 80, 157, 101, 32, 46, 101, 22,
       40, 154, 38, 64, 158, 51, 65, 122, 132, 84, 108, 8, 1, 212, 211,
       0, 199, 251, 116, 0, 138, 240, 3, 43, 84, 176, 189, 247, 168, 108,
       81, 155, 162, 189, 143, 24, 215, 247, 72, 90, 129, 87, 109, 16,
       26, 73, 251, 1, 201, 163, 117, 92, 128, 66, 133, 122, 252, 32,
       183, 118, 137, 237, 85, 143, 186, 191, 166, 24, 254, 247, 73, 59,
       129, 246, 232, 16, 104, 101, 186, 34, 217, 243, 85, 57, 192, 112,
       198, 98, 216, 184, 152, 250, 57, 205, 80, 199, 171, 17, 160, 24,
       190, 155, 64, 26, 135, 179, 204, 16, 27, 111, 146, 177, 219, 209,
       20, 123, 216, 0, 139, 11, 117, 134, 22, 174, 180, 166, 66, 236,
       117, 10, 251, 69, 66, 98, 44, 212, 209, 230, 76, 46, 60, 167, 9,
       62, 184, 254, 37, 86, 216, 59, 232, 5, 236, 245, 255, 246, 253,
       110, 255, 255, 255, 255, 252, 26, 253, 255, 95, 127, 251, 223,
       127, 251, 115, 123, 251, 251, 127, 255, 223, 172, 199, 251, 231,
       234, 8, 239, 24, 191, 124, 137, 118, 167, 150, 20, 104, 1, 175,
       195, 97, 192, 195, 106, 130, 78, 70, 58, 74, 61, 230, 213, 53, 41,
       82, 154, 9, 138, 140, 84, 211, 229, 176, 103, 239, 248, 53, 162,
       251, 64, 223, 115, 25, 228, 126, 221, 127, 234, 105, 182, 249,
       206, 229, 254, 175, 132, 99, 243, 39, 160, 199, 50, 215, 23, 170,
       40, 184, 16, 187, 243, 147, 253, 236, 230, 204, 159, 39, 103, 108,
       23, 183, 69, 207, 226, 140, 50, 95, 242, 204, 231, 3, 85, 244,
       109, 221, 183, 220, 43, 230, 235, 62, 162, 250, 90, 119, 107, 13,
       81, 251, 231, 110, 234, 121, 242, 73, 126, 188, 174, 231, 20, 229,
       123, 242, 160, 122, 104, 112, 110, 77, 95, 214, 236, 91, 228, 188,
       11, 106, 221, 31, 180, 216, 253, 247, 99, 204, 99, 218, 189, 51,
       217, 1, 59, 115, 63, 94, 198, 22, 237, 58, 223, 125, 214, 190,
       224, 189, 140, 251, 3, 232, 254, 39, 0, 232, 247, 223, 195, 108,
       163, 88, 238, 191, 126, 143, 155, 65, 118, 111, 198, 199, 38, 238,
       23, 226, 58, 47, 56, 56, 215, 87, 246, 253, 102, 159, 127, 55,
       103, 125, 175, 177, 212, 175, 106, 76, 43, 111, 128, 172, 243, 3,
       117, 66, 157, 54, 158, 253, 221, 182, 230, 191, 13, 218, 9, 172,
       254, 38, 196, 225, 123, 235, 67, 118, 187, 26, 255, 55, 54, 30,
       11, 18, 93, 173, 79, 110, 252, 176, 154, 217, 221, 182, 238, 159,
       55, 168, 25, 172, 254, 110, 214, 201, 91, 235, 83, 118, 75, 218,
       243, 63, 22, 31, 127, 146, 95, 143, 214, 124, 190, 252, 122, 201,
       237, 87, 223, 178, 63, 180, 60, 127, 247, 75, 27, 5, 242, 236, 26,
       58, 111, 250, 51, 251, 199, 117, 125, 234, 209, 198, 123, 224,
       217, 61, 126, 13, 205, 87, 164, 208, 30, 164, 8, 242, 247, 33,
       115, 192, 242, 104, 66, 104, 111, 122, 61, 227, 179, 84, 59, 16,
       57, 68, 42, 244, 217, 52, 250, 237, 141, 86, 253, 207, 184, 176,
       72, 238, 219, 5, 83, 216, 245, 111, 98, 74, 99, 219, 253, 183,
       248, 199, 122, 16, 58, 240, 11, 197, 188, 9, 137, 184, 111, 7,
       186, 126, 123, 139, 84, 214, 54, 216, 240, 81, 70, 126, 127, 255,
       6, 253, 23, 172, 54, 47, 252, 152, 113, 147, 81, 62, 190, 242,
       238, 251, 233, 182, 238, 175, 5, 184, 43, 110, 253, 111, 20, 255,
       243, 223, 3, 150, 43, 152, 251, 251, 221, 7, 63, 231, 119, 167,
       211, 197, 237, 93, 231, 228, 11, 111, 188, 116, 162, 123, 66, 215,
       99, 217, 113, 115, 76, 46, 110, 97, 212, 205, 46, 236, 170, 231,
       36, 44, 251, 193, 160, 104, 237, 189, 255, 189, 217, 85, 175, 255,
       125, 188, 8, 255, 255, 74, 242, 203, 238, 236, 8, 91, 107, 235,
       183, 239, 255, 55, 125, 210, 220, 198, 107, 73, 177, 159, 124,
       153, 220, 117, 187, 235, 80, 164, 40, 190, 211, 0, 240, 128, 50,
       232, 16, 83, 73, 242, 93, 239, 217, 5, 59, 74, 0, 203, 58, 153,
       172, 254, 253, 238, 171, 252, 119, 63, 179, 242, 146, 189, 171,
       84, 91, 239, 175, 127, 149, 242, 255, 195, 211, 222, 251, 254,
       224, 229, 192, 227, 137, 141, 14, 146, 187, 172, 175, 66, 146,
       214, 139, 99, 81, 231, 227, 41, 201, 209, 106, 44, 30, 62, 196,
       74, 30, 138, 255, 53, 88, 154, 249, 8, 1, 124, 71, 88, 103, 19,
       11, 86, 232, 53, 164, 235, 11, 67, 99, 11, 208, 120, 220, 200, 98,
       12, 178, 73, 14, 243, 197, 1, 53, 115, 59, 78, 2, 84, 188, 189,
       246, 136, 108, 85, 191, 178, 183, 166, 25, 215, 119, 73, 91, 129,
       214, 109, 18, 120, 75, 251, 32, 217, 227, 117, 124, 160, 240, 134,
       122, 124, 125, 237, 102, 149, 86, 223, 188, 81, 230, 190, 10, 123,
       125, 29, 34, 25, 246, 253, 106, 232, 234, 249, 174, 251, 239, 229,
       25, 231, 251, 86, 106, 239, 253, 245, 254, 253, 127, 255, 254,
       127, 250, 189, 30, 253, 255, 223, 191, 255, 231, 127, 255, 243,
       107, 251, 255, 255, 223, 255, 252, 223, 251, 243, 249, 194, 172,
       150, 154, 251, 225, 184, 199, 191, 23, 136, 49, 172, 190, 102,
       223, 163, 59, 235, 145, 54, 79, 130, 243, 157, 18, 94, 235, 128,
       68, 175, 143, 142, 190, 238, 251, 255, 147, 254, 254, 191, 31,
       244, 183, 237, 239, 126, 193, 255, 255, 255, 135, 238, 253, 203,
       247, 254, 255, 223, 239, 183, 252, 237, 223, 92, 90, 151, 244, 11,
       226, 55, 98, 172, 142, 178, 163, 111, 255, 33, 203, 166, 245, 237,
       194, 72, 197, 130, 104, 209, 227, 106, 131, 32, 113, 37, 51, 124,
       124, 252, 240, 236, 109, 93, 218, 179, 255, 180, 25, 83, 255, 75,
       27, 137, 213, 85, 16, 42, 103, 250, 50, 211, 207, 117, 61, 240,
       249, 70, 115, 191, 245, 105, 102, 219, 87, 95, 248, 17, 226, 157,
       139, 89, 125, 95, 52, 95, 221, 213, 239, 237, 6, 124, 158, 123,
       221, 141, 191, 55, 255, 86, 246, 220, 118, 214, 50, 42, 56, 82,
       88, 251, 159, 177, 253, 207, 211, 202, 155, 183, 213, 236, 50,
       174, 103, 138, 50, 154, 243, 113, 255, 202, 103, 143, 3, 51, 151,
       106, 137, 244, 155, 234, 113, 68, 97, 91, 231, 19, 8, 190, 224,
       126, 138, 22, 125, 223, 184, 69, 157, 60, 77, 162, 192, 125, 142,
       248, 148, 54, 249, 105, 10, 223, 201, 151, 236, 155, 244, 184,
       171, 66, 236, 94, 16, 153, 219, 211, 115, 94, 99, 254, 247, 121,
       20, 141, 127, 85, 31, 214, 222, 234, 99, 166, 158, 125, 131, 186,
       236, 159, 164, 212, 143, 236, 232, 127, 66, 217, 239, 251, 247,
