%YAML:1.0
---
descriptors: !!opencv-matrix
   rows: 319
   cols: 32
   dt: u
   data: [ 104, 188, 188, 222, 233, 249, 21, 143, 159, 63, 164, 57, 174,
       253, 67, 27, 129, 115, 235, 16, 50, 111, 218, 241, 223, 215, 85,
       59, 210, 88, 140, 75, 140, 30, 154, 254, 188, 167, 86, 146, 150,
       139, 231, 84, 247, 243, 33, 200, 213, 120, 14, 26, 42, 244, 74,
       63, 195, 239, 53, 16, 154, 249, 40, 3, 110, 233, 190, 250, 205,
       213, 212, 204, 247, 157, 150, 11, 104, 249, 122, 202, 233, 211,
       251, 209, 94, 107, 139, 241, 251, 87, 223, 95, 195, 94, 252, 10,
       212, 182, 189, 250, 168, 108, 85, 191, 179, 191, 183, 252, 215,
       247, 200, 91, 7, 214, 109, 18, 58, 79, 235, 51, 249, 163, 117,
       220, 160, 241, 134, 115, 228, 188, 158, 154, 223, 239, 113, 202,
       63, 191, 225, 27, 92, 254, 111, 88, 253, 255, 107, 17, 50, 127,
       219, 243, 93, 62, 87, 126, 144, 73, 231, 131, 42, 180, 183, 219,
       253, 239, 249, 235, 127, 31, 251, 16, 206, 254, 60, 204, 249, 159,
       255, 145, 178, 235, 91, 247, 157, 254, 91, 78, 211, 68, 231, 162,
       255, 113, 253, 173, 45, 126, 91, 88, 235, 244, 245, 173, 127, 253,
       127, 254, 254, 253, 253, 103, 141, 99, 255, 217, 211, 121, 67, 55,
       22, 175, 7, 247, 164, 98, 5, 129, 108, 9, 224, 72, 78, 186, 177,
       104, 194, 0, 201, 25, 136, 128, 78, 46, 8, 103, 73, 80, 148, 144,
       225, 52, 80, 43, 82, 128, 52, 99, 80, 103, 44, 11, 70, 40, 97,
       168, 179, 73, 195, 9, 29, 144, 216, 132, 68, 98, 76, 178, 73, 136,
       166, 216, 1, 53, 66, 187, 90, 2, 124, 97, 88, 103, 85, 75, 86,
       168, 37, 164, 239, 9, 67, 67, 11, 80, 82, 204, 232, 98, 72, 178,
       201, 62, 247, 197, 5, 53, 98, 187, 78, 2, 239, 190, 254, 222, 237,
       223, 253, 254, 191, 255, 244, 127, 220, 254, 246, 255, 239, 255,
       255, 31, 247, 127, 251, 243, 223, 251, 255, 239, 222, 253, 239,
       255, 202, 118, 247, 252, 237, 247, 253, 223, 191, 255, 254, 63,
       236, 255, 247, 255, 255, 255, 255, 161, 183, 227, 234, 251, 255,
       255, 255, 187, 134, 244, 167, 255, 120, 183, 190, 242, 165, 189,
       113, 83, 233, 31, 191, 88, 159, 251, 72, 27, 173, 146, 204, 24,
       186, 235, 146, 128, 219, 219, 116, 123, 194, 200, 206, 35, 57,
       194, 238, 95, 116, 187, 235, 84, 87, 109, 247, 242, 99, 104, 158,
       108, 127, 238, 55, 141, 152, 186, 109, 239, 94, 111, 242, 192,
       231, 143, 248, 229, 109, 79, 78, 143, 252, 63, 238, 248, 126, 160,
       255, 207, 81, 224, 187, 112, 126, 206, 62, 239, 228, 211, 205,
       254, 124, 47, 175, 188, 60, 255, 89, 132, 124, 109, 26, 167, 17,
       75, 87, 224, 52, 164, 239, 9, 71, 99, 3, 16, 120, 252, 201, 98,
       72, 179, 217, 46, 243, 165, 5, 17, 97, 59, 206, 2, 44, 113, 25,
       71, 53, 79, 99, 40, 104, 232, 111, 8, 214, 85, 9, 48, 144, 92, 68,
       106, 65, 176, 249, 14, 101, 156, 37, 22, 64, 59, 70, 163, 225,
       190, 185, 254, 252, 45, 247, 123, 239, 250, 185, 124, 190, 249,
       196, 51, 143, 67, 94, 46, 241, 111, 234, 223, 252, 223, 119, 188,
       216, 234, 67, 57, 244, 112, 217, 99, 136, 107, 67, 200, 98, 50,
       165, 8, 83, 117, 73, 58, 49, 212, 76, 122, 11, 99, 249, 34, 249,
       233, 37, 124, 224, 243, 70, 34, 45, 101, 241, 71, 244, 11, 231,
       168, 124, 164, 123, 8, 211, 104, 157, 176, 154, 76, 98, 110, 228,
       240, 237, 46, 108, 159, 37, 4, 70, 251, 66, 128, 154, 189, 23,
       250, 251, 233, 16, 231, 191, 17, 168, 57, 46, 191, 96, 17, 163,
       179, 205, 16, 58, 107, 18, 245, 219, 211, 86, 123, 210, 64, 167,
       155, 44, 229, 64, 39, 221, 27, 198, 184, 87, 162, 253, 138, 203,
       105, 27, 132, 89, 204, 194, 111, 121, 178, 93, 158, 174, 215, 133,
       53, 127, 255, 218, 176, 57, 141, 67, 174, 21, 194, 78, 229, 213,
       8, 218, 66, 115, 251, 176, 96, 120, 234, 30, 238, 76, 171, 40,
       191, 242, 239, 167, 128, 49, 26, 112, 10, 117, 65, 233, 69, 86,
       26, 103, 248, 97, 160, 255, 202, 83, 97, 157, 52, 120, 204, 38,
       238, 201, 178, 237, 8, 118, 173, 165, 4, 103, 251, 114, 164, 38,
       231, 100, 143, 254, 2, 175, 232, 59, 132, 253, 231, 201, 230, 159,
       196, 122, 207, 238, 239, 232, 242, 237, 254, 180, 54, 143, 132,
       85, 247, 231, 228, 4, 71, 23, 220, 246, 131, 191, 237, 252, 128,
       122, 226, 253, 238, 172, 96, 254, 121, 38, 226, 97, 177, 42, 223,
       188, 182, 47, 8, 84, 50, 165, 161, 21, 205, 82, 186, 190, 131,
       110, 232, 86, 1, 73, 194, 253, 226, 185, 96, 119, 235, 62, 239,
       231, 18, 15, 255, 248, 174, 175, 108, 60, 187, 33, 0, 80, 233,
       157, 123, 184, 201, 21, 143, 166, 61, 238, 40, 183, 183, 1, 112,
       130, 50, 108, 80, 26, 9, 227, 53, 225, 161, 52, 25, 240, 16, 135,
       43, 39, 23, 227, 111, 253, 63, 202, 88, 125, 236, 251, 239, 203,
       108, 159, 176, 222, 205, 247, 103, 157, 178, 125, 206, 54, 126,
       162, 146, 207, 239, 86, 213, 126, 171, 190, 218, 173, 209, 150,
       237, 207, 189, 183, 57, 106, 249, 110, 202, 201, 126, 239, 82, 30,
       107, 202, 177, 251, 251, 87, 127, 210, 127, 252, 131, 25, 141,
       158, 255, 189, 95, 230, 239, 63, 171, 222, 74, 239, 240, 32, 228,
       249, 255, 238, 161, 125, 251, 25, 255, 191, 247, 223, 19, 142,
       126, 185, 12, 49, 143, 42, 236, 20, 195, 207, 253, 85, 8, 252, 98,
       113, 219, 180, 96, 120, 170, 22, 235, 202, 187, 40, 255, 248, 172,
       167, 129, 117, 10, 240, 162, 25, 205, 107, 222, 22, 134, 111, 118,
       116, 0, 222, 134, 113, 227, 176, 100, 126, 234, 22, 238, 233, 153,
       61, 255, 243, 175, 174, 0, 63, 178, 112, 40, 150, 22, 107, 187,
       86, 230, 187, 88, 28, 71, 71, 183, 85, 223, 191, 72, 127, 185, 19,
       183, 163, 150, 62, 238, 87, 47, 155, 64, 189, 233, 53, 240, 44,
       101, 96, 103, 221, 27, 230, 232, 125, 160, 127, 8, 203, 105, 27,
       148, 121, 204, 226, 111, 96, 242, 221, 174, 111, 223, 5, 37, 111,
       255, 90, 128, 165, 132, 207, 255, 172, 35, 79, 187, 22, 218, 219,
       86, 243, 99, 184, 97, 95, 230, 63, 174, 249, 244, 75, 191, 236,
       171, 239, 148, 60, 250, 240, 57, 173, 113, 17, 69, 48, 95, 119,
       56, 121, 232, 111, 104, 214, 85, 137, 52, 146, 92, 68, 106, 97,
       244, 249, 14, 37, 220, 33, 54, 74, 179, 67, 161, 60, 105, 104, 99,
       212, 203, 71, 216, 48, 228, 237, 137, 19, 197, 75, 16, 88, 200,
       67, 122, 90, 178, 248, 46, 127, 141, 37, 117, 99, 155, 214, 242,
       77, 113, 81, 71, 114, 78, 119, 184, 120, 232, 107, 104, 223, 83,
       137, 112, 50, 93, 76, 106, 65, 176, 249, 76, 165, 188, 37, 4, 72,
       179, 67, 49, 88, 53, 159, 114, 136, 108, 85, 23, 179, 187, 175,
       24, 31, 183, 72, 123, 163, 214, 108, 16, 57, 73, 187, 0, 219, 235,
       117, 56, 224, 80, 134, 51, 210, 185, 19, 250, 11, 233, 17, 231,
       191, 23, 160, 57, 174, 255, 96, 81, 167, 179, 239, 16, 58, 75, 18,
       247, 155, 211, 90, 123, 208, 0, 167, 59, 251, 84, 123, 252, 253,
       127, 95, 127, 61, 230, 180, 25, 127, 255, 55, 241, 255, 247, 223,
       46, 109, 39, 240, 222, 243, 223, 131, 59, 118, 253, 238, 116, 216,
       184, 155, 120, 9, 253, 17, 210, 239, 25, 164, 24, 190, 247, 64,
       250, 129, 179, 236, 16, 11, 75, 242, 113, 219, 211, 80, 123, 194,
       0, 15, 43, 88, 62, 27, 112, 59, 221, 81, 22, 183, 12, 188, 108,
       63, 151, 192, 180, 38, 191, 204, 16, 11, 75, 178, 63, 243, 229,
       48, 186, 34, 128, 6, 123, 110, 233, 190, 250, 237, 209, 150, 204,
       143, 181, 191, 57, 238, 249, 110, 194, 201, 119, 235, 82, 78, 111,
       202, 243, 251, 247, 87, 127, 210, 30, 190, 138, 13, 205, 17, 251,
       188, 201, 103, 188, 94, 113, 73, 80, 247, 115, 200, 228, 83, 74,
       34, 90, 115, 56, 111, 55, 172, 158, 53, 108, 144, 219, 129, 168,
       225, 221, 61, 111, 61, 205, 71, 190, 71, 41, 174, 8, 178, 53, 0,
       113, 192, 114, 76, 104, 107, 40, 113, 63, 235, 254, 4, 18, 80, 24,
       196, 43, 204, 182, 189, 246, 168, 108, 93, 191, 51, 255, 167, 189,
       223, 247, 202, 91, 7, 215, 253, 24, 187, 74, 251, 33, 239, 251,
       117, 252, 130, 240, 134, 115, 252, 186, 253, 122, 233, 253, 85,
