%YAML:1.0
---
descriptors: !!opencv-matrix
   rows: 181
   cols: 32
   dt: u
   data: [ 190, 44, 238, 254, 171, 102, 89, 136, 51, 150, 199, 179, 105,
       255, 63, 91, 215, 255, 189, 243, 168, 197, 171, 234, 203, 251,
       223, 135, 167, 245, 36, 99, 8, 189, 179, 185, 253, 229, 181, 215,
       222, 27, 88, 81, 188, 249, 96, 168, 201, 59, 179, 17, 50, 250,
       210, 179, 109, 215, 158, 107, 208, 76, 183, 171, 189, 124, 105,
       99, 212, 111, 79, 220, 86, 226, 188, 14, 83, 93, 217, 40, 57, 204,
       87, 255, 169, 182, 253, 62, 127, 13, 165, 244, 253, 251, 82, 240,
       242, 203, 14, 190, 13, 193, 30, 230, 141, 4, 200, 139, 47, 239,
       35, 81, 192, 227, 175, 199, 76, 11, 66, 189, 242, 243, 202, 155,
       20, 61, 61, 74, 147, 76, 239, 213, 198, 86, 173, 119, 56, 238, 86,
       147, 120, 46, 183, 111, 39, 111, 51, 172, 225, 220, 181, 206, 127,
       42, 255, 128, 37, 244, 165, 252, 246, 239, 186, 158, 250, 99, 190,
       236, 60, 166, 251, 187, 76, 238, 43, 81, 255, 223, 203, 227, 124,
       215, 201, 238, 189, 54, 207, 191, 129, 115, 175, 134, 27, 50, 111,
       169, 127, 95, 249, 83, 103, 125, 214, 175, 155, 156, 246, 36, 238,
       156, 255, 149, 143, 251, 247, 208, 215, 89, 179, 163, 103, 140,
       116, 255, 26, 18, 103, 233, 107, 93, 185, 82, 165, 125, 214, 231,
       153, 159, 178, 107, 110, 149, 255, 132, 143, 155, 247, 209, 215,
       97, 186, 139, 47, 140, 37, 255, 222, 210, 198, 211, 235, 56, 188,
       142, 59, 63, 23, 255, 205, 174, 206, 223, 167, 215, 255, 150, 180,
       84, 143, 226, 30, 119, 223, 231, 175, 245, 175, 85, 203, 58, 213,
       149, 170, 59, 188, 23, 187, 242, 18, 255, 172, 46, 194, 139, 167,
       119, 253, 5, 197, 77, 215, 192, 158, 115, 127, 179, 238, 244, 139,
       93, 233, 50, 105, 169, 77, 253, 225, 19, 109, 100, 231, 29, 159,
       28, 18, 254, 76, 132, 219, 29, 141, 38, 245, 192, 215, 121, 146,
       120, 94, 140, 95, 244, 69, 112, 153, 240, 52, 172, 121, 16, 187,
       217, 48, 116, 159, 147, 193, 122, 135, 29, 93, 28, 131, 68, 178,
       192, 207, 253, 50, 236, 136, 129, 35, 49, 125, 112, 19, 236, 29,
       94, 66, 64, 33, 192, 236, 12, 219, 151, 9, 244, 216, 156, 92, 238,
       73, 163, 112, 140, 147, 249, 128, 30, 106, 35, 106, 54, 122, 50,
       188, 124, 109, 93, 81, 91, 163, 191, 180, 57, 14, 189, 192, 159,
       143, 182, 237, 16, 24, 107, 226, 144, 219, 217, 117, 187, 210,
       204, 94, 235, 27, 50, 238, 205, 46, 87, 121, 90, 55, 249, 214,
       246, 89, 229, 214, 237, 126, 220, 255, 140, 137, 218, 231, 149,
       158, 107, 251, 128, 175, 172, 124, 253, 213, 207, 206, 166, 164,
       43, 111, 188, 150, 182, 159, 238, 87, 227, 251, 83, 55, 198, 60,
       254, 248, 81, 140, 42, 248, 139, 229, 180, 44, 251, 216, 1, 160,
       249, 41, 186, 92, 205, 167, 236, 158, 8, 112, 107, 180, 221, 32,
       0, 200, 59, 19, 67, 99, 43, 90, 63, 117, 4, 170, 184, 85, 26, 23,
       187, 8, 92, 47, 253, 101, 204, 125, 54, 189, 194, 110, 0, 191,
       191, 33, 96, 192, 63, 187, 0, 193, 152, 50, 238, 231, 255, 82, 0,
       26, 88, 85, 250, 26, 93, 122, 188, 83, 208, 181, 102, 189, 6, 94,
       163, 44, 254, 167, 64, 102, 187, 191, 193, 102, 153, 38, 239, 242,
       103, 58, 139, 55, 84, 37, 207, 59, 213, 113, 202, 247, 215, 222,
       253, 31, 77, 252, 11, 42, 221, 62, 164, 222, 155, 151, 65, 222,
       58, 120, 255, 123, 93, 140, 251, 87, 14, 244, 255, 233, 46, 229,
       199, 108, 59, 234, 50, 120, 238, 154, 239, 227, 40, 215, 167, 30,
       102, 127, 111, 165, 240, 229, 171, 6, 123, 233, 144, 79, 253, 88,
       125, 35, 207, 98, 156, 215, 147, 230, 231, 93, 5, 250, 7, 32, 234,
       182, 196, 248, 234, 10, 140, 230, 171, 36, 255, 50, 62, 150, 3,
       21, 92, 248, 76, 184, 77, 108, 109, 21, 91, 87, 184, 117, 228,
       230, 15, 75, 101, 19, 149, 120, 236, 238, 106, 108, 190, 125, 175,
       247, 235, 37, 21, 99, 190, 94, 82, 77, 160, 157, 81, 153, 252, 97,
       139, 235, 113, 175, 24, 222, 241, 76, 186, 129, 70, 120, 24, 19,
       105, 251, 83, 207, 255, 21, 126, 202, 64, 203, 34, 48, 91, 24,
       190, 59, 137, 82, 104, 143, 8, 232, 237, 103, 194, 35, 80, 198,
       187, 206, 67, 78, 11, 74, 61, 176, 245, 9, 59, 56, 58, 9, 27, 215,
       9, 22, 164, 134, 11, 104, 48, 101, 160, 210, 71, 239, 41, 51, 77,
       106, 167, 127, 231, 236, 177, 5, 206, 154, 242, 202, 195, 44, 169,
       57, 14, 184, 246, 183, 157, 109, 219, 181, 239, 255, 255, 246, 58,
       238, 246, 166, 119, 249, 255, 238, 32, 122, 255, 235, 223, 189,
       54, 255, 55, 67, 124, 229, 247, 7, 144, 104, 201, 252, 245, 250,
       216, 95, 89, 217, 246, 153, 222, 252, 96, 95, 27, 23, 189, 151,
       34, 127, 215, 14, 28, 171, 236, 157, 139, 249, 149, 42, 168, 189,
       250, 237, 221, 217, 231, 159, 127, 180, 25, 174, 189, 118, 168,
       201, 59, 251, 21, 62, 111, 250, 243, 207, 223, 222, 123, 210, 12,
       140, 254, 18, 162, 108, 169, 250, 137, 185, 221, 47, 61, 151, 247,
       205, 142, 222, 74, 111, 139, 239, 148, 146, 83, 207, 209, 222, 65,
       187, 245, 181, 140, 173, 209, 206, 186, 198, 145, 227, 56, 188,
       223, 187, 247, 18, 247, 140, 238, 223, 223, 167, 223, 255, 149,
       182, 85, 143, 210, 30, 86, 223, 231, 175, 244, 139, 151, 189, 91,
       101, 101, 54, 26, 239, 48, 100, 232, 242, 230, 243, 5, 149, 227,
       126, 228, 94, 110, 233, 180, 101, 12, 164, 235, 98, 128, 109, 187,
       80, 241, 202, 187, 23, 218, 233, 245, 184, 79, 175, 29, 216, 177,
       172, 222, 100, 221, 239, 187, 255, 145, 18, 79, 250, 241, 151,
       113, 154, 235, 18, 4, 175, 255, 61, 108, 109, 227, 220, 103, 79,
       248, 70, 224, 188, 10, 83, 85, 217, 48, 89, 204, 23, 250, 185,
       178, 121, 62, 249, 141, 165, 116, 247, 251, 80, 224, 0, 221, 19,
       191, 246, 205, 183, 230, 207, 9, 120, 34, 182, 217, 32, 100, 234,
       123, 22, 67, 66, 184, 8, 253, 229, 148, 6, 106, 80, 26, 161, 171,
       174, 92, 148, 183, 141, 63, 180, 135, 159, 183, 34, 21, 238, 121,
       67, 203, 205, 119, 235, 19, 44, 244, 219, 170, 143, 211, 87, 51,
       130, 124, 140, 10, 254, 204, 148, 190, 5, 98, 86, 140, 155, 22,
       129, 19, 110, 235, 41, 75, 249, 243, 173, 195, 106, 71, 26, 251,
       241, 242, 223, 23, 177, 121, 189, 2, 66, 157, 21, 185, 187, 229,
       189, 167, 142, 125, 138, 55, 236, 182, 98, 203, 197, 23, 251, 145,
       51, 73, 19, 245, 169, 50, 222, 219, 144, 68, 165, 127, 56, 92,
       108, 101, 77, 95, 87, 248, 117, 238, 254, 15, 123, 93, 23, 49,
       120, 252, 255, 98, 237, 182, 121, 174, 247, 239, 101, 145, 99,
       190, 94, 91, 77, 184, 152, 112, 153, 253, 81, 138, 239, 177, 174,
       8, 158, 211, 64, 122, 129, 78, 104, 24, 23, 107, 251, 48, 219,
       221, 21, 126, 200, 1, 67, 34, 12, 213, 158, 254, 253, 237, 94,
       248, 191, 14, 253, 9, 255, 255, 43, 80, 213, 251, 255, 98, 110,
       227, 154, 255, 251, 255, 39, 187, 210, 243, 238, 131, 61, 17, 59,
       108, 93, 95, 83, 120, 97, 200, 237, 8, 95, 223, 3, 48, 216, 172,
       84, 106, 77, 163, 112, 140, 243, 253, 0, 30, 74, 43, 66, 242, 109,
       78, 159, 97, 180, 46, 107, 146, 108, 138, 122, 68, 211, 0, 145,
       120, 81, 100, 44, 62, 164, 180, 101, 14, 196, 191, 33, 132, 200,
       251, 80, 1, 56, 249, 59, 106, 249, 205, 87, 253, 162, 73, 236, 8,
       63, 223, 72, 48, 174, 187, 213, 80, 91, 43, 82, 53, 251, 205, 36,
       121, 120, 18, 134, 187, 102, 184, 254, 210, 239, 253, 248, 195,
       187, 191, 49, 155, 140, 252, 95, 11, 175, 187, 247, 145, 182, 111,
       218, 240, 31, 91, 223, 235, 197, 5, 95, 215, 129, 111, 77, 93, 36,
       11, 109, 53, 124, 34, 114, 212, 179, 0, 145, 49, 18, 40, 78, 110,
       236, 244, 101, 25, 230, 153, 96, 0, 100, 184, 194, 136, 67, 48,
       175, 52, 107, 12, 185, 16, 169, 218, 50, 237, 220, 191, 84, 59,
       166, 117, 125, 133, 129, 71, 147, 192, 85, 59, 124, 138, 72, 36,
       3, 115, 79, 114, 243, 197, 110, 56, 232, 16, 233, 218, 178, 230,
       255, 186, 213, 254, 238, 197, 126, 157, 133, 99, 231, 192, 150,
