%YAML:1.0
---
descriptors: !!opencv-matrix
   rows: 86
   cols: 32
   dt: u
   data: [ 128, 164, 157, 187, 234, 233, 177, 143, 158, 51, 9, 185, 148,
       178, 72, 11, 195, 27, 106, 16, 51, 76, 219, 83, 140, 22, 95, 110,
       152, 72, 129, 130, 54, 239, 229, 239, 156, 35, 206, 175, 83, 186,
       249, 74, 99, 105, 92, 2, 89, 206, 53, 235, 216, 242, 207, 191, 42,
       254, 197, 180, 245, 251, 240, 12, 198, 229, 145, 190, 252, 160,
       172, 173, 154, 179, 9, 152, 236, 234, 88, 66, 147, 107, 121, 155,
       50, 69, 138, 243, 172, 22, 223, 252, 132, 114, 147, 0, 196, 172,
       149, 147, 148, 168, 238, 141, 250, 147, 11, 18, 236, 226, 73, 74,
       113, 107, 42, 152, 114, 92, 202, 227, 173, 166, 223, 108, 128,
       114, 161, 8, 164, 205, 22, 254, 252, 171, 150, 239, 223, 3, 249,
       88, 238, 233, 36, 193, 211, 107, 110, 34, 112, 111, 74, 191, 168,
       254, 87, 122, 212, 249, 193, 137, 196, 36, 217, 229, 228, 44, 105,
       25, 58, 187, 99, 88, 213, 115, 201, 123, 23, 79, 125, 60, 177,
       212, 219, 66, 205, 191, 115, 100, 136, 225, 67, 33, 2, 187, 26,
       186, 254, 193, 180, 231, 142, 5, 88, 35, 164, 254, 96, 64, 203,
       59, 3, 1, 70, 26, 66, 245, 61, 20, 158, 107, 16, 26, 165, 139,
       246, 80, 214, 174, 77, 70, 86, 232, 185, 142, 227, 11, 78, 254,
       47, 223, 248, 245, 237, 227, 108, 71, 155, 202, 145, 178, 207, 31,
       0, 63, 124, 70, 245, 66, 255, 244, 110, 8, 109, 148, 249, 146,
       178, 218, 123, 107, 149, 123, 99, 245, 125, 234, 233, 71, 231,
       224, 210, 235, 246, 152, 37, 241, 98, 32, 6, 181, 16, 131, 221,
       125, 176, 73, 30, 55, 185, 27, 204, 124, 74, 140, 187, 27, 234,
       49, 22, 114, 123, 214, 29, 22, 31, 127, 144, 78, 157, 198, 52,
       142, 196, 191, 220, 35, 198, 175, 83, 187, 185, 79, 67, 104, 77,
       150, 217, 198, 36, 48, 58, 106, 75, 179, 168, 222, 213, 126, 249,
       251, 216, 132, 113, 249, 159, 186, 61, 205, 67, 252, 235, 121,
       184, 72, 254, 210, 72, 54, 132, 227, 108, 94, 203, 107, 250, 113,
       185, 220, 5, 122, 64, 3, 195, 109, 242, 205, 102, 174, 31, 82, 86,
       232, 229, 132, 146, 3, 107, 104, 62, 211, 248, 229, 237, 227, 108,
       163, 13, 173, 179, 226, 199, 19, 39, 62, 124, 78, 60, 105, 114,
       110, 113, 223, 86, 112, 225, 128, 237, 8, 79, 223, 11, 148, 184,
       248, 213, 106, 72, 163, 58, 140, 243, 253, 1, 25, 98, 191, 110,
       162, 189, 117, 17, 238, 189, 79, 86, 248, 55, 170, 185, 76, 223,
       115, 9, 176, 220, 221, 92, 106, 105, 39, 89, 190, 243, 223, 37,
       62, 74, 123, 66, 51, 141, 164, 221, 241, 236, 233, 233, 27, 254,
       115, 55, 248, 157, 169, 216, 43, 171, 11, 126, 24, 179, 124, 235,
       210, 204, 219, 119, 228, 220, 200, 193, 161, 56, 233, 114, 78,
       213, 221, 71, 246, 115, 77, 124, 8, 59, 149, 167, 180, 88, 250,
       134, 72, 75, 58, 112, 191, 115, 253, 4, 41, 115, 158, 126, 234, 1,
       141, 22, 252, 245, 134, 238, 119, 173, 128, 234, 66, 188, 243, 48,
       240, 224, 247, 59, 200, 80, 139, 18, 237, 249, 254, 142, 8, 8, 32,
       169, 168, 90, 188, 188, 114, 169, 253, 21, 143, 171, 63, 164, 57,
       174, 255, 74, 27, 135, 83, 237, 16, 58, 75, 218, 49, 219, 211, 93,
       123, 210, 85, 143, 75, 226, 184, 239, 250, 205, 248, 176, 199,
       187, 83, 144, 159, 168, 252, 118, 139, 175, 179, 251, 17, 183,
       111, 146, 243, 219, 115, 222, 251, 221, 76, 191, 94, 98, 152, 145,
       190, 9, 205, 18, 2, 143, 75, 160, 9, 174, 247, 96, 212, 193, 59,
       233, 0, 3, 15, 218, 179, 129, 244, 16, 59, 146, 10, 7, 59, 29,
       103, 204, 71, 48, 26, 111, 184, 116, 170, 127, 228, 83, 96, 153,
       116, 54, 76, 36, 110, 233, 240, 237, 46, 166, 175, 37, 132, 110,
       243, 72, 37, 112, 53, 19, 232, 25, 228, 82, 66, 161, 193, 236, 8,
       22, 211, 100, 20, 216, 187, 200, 48, 27, 171, 144, 142, 187, 241,
       2, 123, 200, 66, 98, 58, 93, 53, 145, 225, 178, 46, 108, 31, 58,
       171, 107, 80, 223, 51, 72, 254, 183, 31, 60, 56, 19, 208, 145, 66,
       141, 238, 55, 68, 170, 224, 131, 33, 125, 93, 23, 110, 61, 207,
       86, 56, 197, 136, 235, 76, 254, 115, 41, 241, 208, 112, 92, 106,
       201, 163, 88, 189, 179, 248, 37, 26, 90, 187, 96, 51, 75, 176,
       175, 53, 33, 118, 57, 23, 169, 93, 86, 149, 253, 62, 150, 254,
       165, 119, 253, 157, 149, 200, 179, 192, 15, 123, 250, 194, 138, 4,
       175, 125, 189, 117, 28, 109, 189, 31, 86, 184, 127, 170, 188, 76,
       223, 115, 9, 177, 220, 212, 76, 106, 237, 226, 89, 190, 243, 219,
       101, 52, 106, 251, 74, 3, 54, 176, 215, 184, 120, 11, 152, 233,
       31, 49, 241, 169, 78, 255, 108, 31, 223, 157, 247, 53, 26, 115,
       203, 213, 154, 218, 93, 254, 213, 172, 34, 147, 114, 97, 112, 224,
       110, 8, 248, 65, 233, 160, 185, 139, 143, 139, 84, 18, 174, 145,
       93, 217, 138, 33, 134, 192, 150, 216, 138, 187, 103, 130, 83, 134,
       77, 75, 95, 101, 32, 14, 111, 52, 109, 168, 126, 68, 255, 33, 145,
       115, 180, 100, 108, 110, 193, 176, 225, 108, 230, 251, 101, 128,
       74, 243, 67, 33, 92, 72, 202, 165, 4, 74, 79, 16, 96, 166, 231, 0,
       215, 3, 19, 90, 112, 196, 108, 238, 72, 214, 217, 8, 209, 235,
       231, 20, 32, 243, 98, 32, 160, 237, 21, 187, 153, 141, 134, 237,
       158, 17, 160, 88, 166, 66, 40, 129, 201, 67, 74, 115, 123, 75, 90,
       61, 169, 144, 15, 124, 24, 24, 137, 136, 65, 162, 153, 33, 164,
       14, 109, 45, 122, 191, 163, 24, 223, 32, 88, 90, 145, 134, 108,
       28, 24, 84, 201, 2, 204, 255, 119, 84, 128, 226, 211, 0, 29, 71,
       76, 69, 48, 30, 111, 56, 117, 170, 126, 228, 211, 98, 145, 244,
       118, 204, 36, 110, 201, 176, 101, 14, 230, 238, 37, 132, 110, 242,
       72, 37, 224, 61, 26, 120, 89, 229, 18, 99, 137, 200, 232, 28, 182,
       215, 36, 49, 200, 59, 218, 80, 43, 43, 82, 63, 235, 249, 0, 122,
       88, 10, 42, 27, 81, 245, 145, 225, 178, 14, 47, 191, 63, 161, 42,
       80, 157, 51, 200, 116, 55, 95, 76, 152, 115, 216, 145, 102, 172,
       166, 30, 68, 168, 144, 161, 41, 221, 76, 255, 253, 110, 40, 237,
       146, 251, 210, 182, 254, 255, 175, 209, 123, 111, 229, 127, 142,
       161, 103, 231, 226, 212, 251, 250, 152, 165, 241, 99, 57, 118, 48,
       250, 134, 125, 126, 242, 200, 187, 174, 185, 11, 78, 254, 79, 158,
       249, 221, 239, 243, 12, 231, 184, 202, 153, 148, 143, 63, 193,
       119, 111, 215, 46, 49, 154, 131, 221, 127, 179, 73, 62, 189, 189,
       27, 204, 252, 79, 142, 249, 157, 235, 51, 20, 243, 249, 210, 29,
       20, 15, 127, 193, 111, 143, 198, 8, 161, 57, 121, 180, 201, 65,
       159, 118, 53, 102, 16, 183, 23, 200, 112, 19, 26, 44, 24, 50, 248,
       97, 23, 239, 223, 52, 116, 210, 136, 196, 41, 105, 127, 28, 101,
       184, 31, 92, 55, 123, 170, 188, 76, 159, 51, 3, 177, 134, 164, 76,
       44, 236, 250, 209, 30, 239, 223, 101, 52, 72, 240, 74, 9, 140,
       166, 151, 157, 223, 171, 38, 235, 190, 179, 75, 114, 204, 227,
       232, 197, 51, 76, 234, 184, 50, 81, 143, 223, 60, 6, 47, 108, 178,
       96, 161, 160, 89, 187, 184, 96, 185, 156, 71, 157, 239, 45, 174,
       12, 191, 179, 200, 112, 148, 215, 108, 88, 155, 9, 251, 49, 249,
       253, 39, 124, 192, 210, 135, 41, 74, 16, 151, 181, 21, 142, 184,
       35, 188, 169, 210, 80, 189, 186, 0, 192, 226, 53, 255, 129, 33,
       221, 145, 207, 141, 247, 250, 194, 140, 0, 33, 43, 50, 176, 149,
       161, 122, 11, 184, 74, 15, 49, 242, 235, 140, 30, 68, 9, 238, 157,
       127, 17, 10, 251, 65, 213, 156, 26, 91, 246, 85, 8, 35, 171, 121,
       235, 121, 106, 116, 157, 67, 252, 99, 104, 252, 72, 51, 201, 208,
       176, 152, 232, 68, 126, 207, 58, 232, 61, 255, 221, 37, 120, 96,
       155, 70, 105, 4, 160, 157, 145, 203, 233, 161, 203, 174, 53, 177,
       154, 156, 150, 72, 10, 43, 145, 106, 16, 18, 117, 235, 208, 157,
       0, 91, 125, 208, 9, 133, 162, 27, 217, 58, 252, 18, 134, 190, 116,
       172, 8, 218, 2, 61, 223, 48, 96, 230, 249, 31, 207, 193, 153, 16,
       237, 243, 237, 170, 128, 9, 18, 33, 41, 59, 123, 175, 206, 61,
