%YAML:1.0
---
descriptors: !!opencv-matrix
   rows: 114
   cols: 32
   dt: u
   data: [ 30, 207, 103, 175, 178, 130, 111, 252, 36, 140, 218, 231, 97,
       99, 184, 64, 126, 230, 31, 239, 216, 153, 45, 253, 248, 172, 175,
       192, 39, 183, 180, 105, 253, 97, 237, 98, 140, 71, 71, 216, 66,
       246, 165, 10, 83, 85, 89, 59, 89, 196, 120, 122, 233, 103, 255,
       56, 251, 137, 229, 60, 117, 251, 118, 96, 2, 162, 156, 187, 250,
       169, 184, 143, 30, 53, 17, 185, 140, 134, 72, 8, 207, 27, 235, 21,
       18, 76, 203, 213, 12, 18, 222, 253, 148, 8, 141, 153, 138, 186, 8,
       185, 255, 185, 184, 207, 30, 55, 80, 183, 172, 142, 98, 136, 175,
       27, 163, 21, 54, 94, 146, 243, 13, 87, 30, 235, 148, 12, 157, 219,
       66, 189, 191, 188, 219, 228, 180, 239, 190, 217, 72, 17, 188, 255,
       66, 34, 167, 115, 251, 145, 55, 75, 146, 119, 253, 55, 95, 107,
       128, 64, 175, 219, 152, 141, 23, 169, 148, 131, 103, 245, 52, 0,
       234, 98, 115, 115, 32, 65, 120, 182, 14, 232, 57, 185, 1, 61, 248,
       229, 166, 80, 97, 138, 240, 40, 9, 166, 49, 249, 252, 77, 33, 191,
       94, 61, 56, 56, 183, 5, 200, 32, 151, 26, 38, 24, 19, 120, 107,
       23, 205, 158, 53, 116, 80, 136, 133, 233, 234, 188, 150, 124, 233,
       249, 20, 207, 155, 159, 164, 57, 46, 249, 102, 155, 129, 123, 233,
       17, 54, 111, 138, 179, 219, 243, 85, 127, 210, 76, 143, 143, 79,
       134, 236, 145, 133, 50, 188, 159, 94, 247, 30, 151, 200, 40, 222,
       206, 83, 70, 187, 157, 182, 216, 231, 194, 78, 63, 222, 197, 143,
       220, 249, 92, 243, 64, 198, 196, 15, 18, 76, 32, 97, 166, 242, 10,
       75, 40, 149, 247, 104, 196, 108, 239, 108, 231, 133, 200, 178,
       234, 198, 21, 37, 60, 120, 4, 253, 109, 229, 100, 141, 71, 71,
       253, 65, 226, 168, 10, 83, 113, 81, 183, 89, 230, 92, 110, 233,
       99, 255, 42, 185, 201, 229, 60, 123, 251, 210, 96, 26, 175, 65,
       225, 179, 235, 43, 191, 55, 97, 218, 227, 173, 39, 128, 196, 55,
       123, 157, 148, 27, 152, 5, 255, 168, 214, 143, 208, 182, 196, 133,
       121, 245, 205, 227, 86, 156, 103, 207, 252, 210, 202, 185, 94,
       115, 244, 253, 55, 25, 198, 84, 239, 249, 99, 62, 63, 57, 14, 229,
       188, 253, 243, 210, 116, 2, 170, 19, 217, 249, 197, 176, 207, 142,
       29, 72, 33, 172, 210, 96, 64, 193, 59, 106, 16, 18, 43, 2, 209,
       13, 148, 26, 107, 144, 8, 165, 171, 245, 92, 141, 181, 4, 44, 106,
       144, 112, 82, 206, 94, 243, 121, 27, 106, 89, 198, 124, 239, 173,
       244, 221, 35, 197, 175, 225, 20, 173, 251, 88, 16, 245, 91, 67,
       143, 102, 6, 111, 248, 48, 174, 210, 231, 113, 99, 153, 85, 126,
       228, 61, 238, 200, 151, 173, 46, 240, 174, 231, 132, 45, 179, 240,
       113, 53, 221, 123, 207, 214, 95, 239, 252, 100, 224, 250, 66, 115,
       117, 189, 228, 126, 238, 22, 234, 217, 184, 61, 253, 63, 237, 167,
       132, 125, 251, 240, 248, 17, 221, 82, 207, 146, 155, 62, 247, 117,
       1, 110, 230, 125, 210, 160, 228, 119, 255, 26, 248, 103, 153, 29,
       255, 186, 174, 6, 66, 63, 146, 169, 12, 247, 207, 71, 207, 118, 6,
       110, 252, 36, 136, 218, 230, 113, 99, 177, 213, 126, 228, 63, 238,
       233, 147, 45, 253, 52, 170, 175, 128, 37, 179, 112, 105, 0, 168,
       142, 185, 176, 165, 56, 7, 54, 29, 70, 21, 188, 211, 98, 72, 193,
       43, 179, 149, 62, 220, 83, 119, 207, 215, 254, 65, 152, 64, 169,
       146, 2, 128, 156, 187, 143, 249, 176, 143, 222, 115, 67, 51, 140,
       248, 106, 203, 163, 27, 187, 17, 22, 92, 139, 209, 143, 83, 91,
       103, 148, 92, 157, 143, 53, 221, 127, 111, 150, 95, 239, 248, 100,
       224, 251, 66, 115, 117, 189, 96, 122, 252, 30, 234, 233, 176, 125,
       61, 191, 173, 167, 4, 117, 186, 112, 168, 1, 144, 149, 219, 44,
       173, 33, 27, 94, 59, 81, 112, 180, 147, 192, 104, 199, 59, 46, 28,
       147, 124, 67, 113, 205, 154, 114, 96, 152, 8, 1, 169, 120, 29, 30,
       110, 153, 182, 86, 55, 132, 8, 174, 4, 123, 115, 32, 240, 192,
       246, 220, 96, 57, 137, 89, 63, 243, 239, 32, 89, 186, 234, 232,
       18, 74, 189, 155, 189, 249, 229, 49, 231, 190, 73, 76, 1, 188,
       247, 66, 32, 133, 59, 251, 145, 19, 90, 242, 247, 237, 55, 30,
       106, 144, 64, 167, 251, 70, 144, 164, 147, 141, 112, 153, 11, 27,
       255, 159, 183, 204, 252, 222, 78, 225, 95, 189, 149, 159, 88, 239,
       194, 157, 54, 223, 207, 140, 108, 181, 87, 68, 38, 187, 97, 232,
       40, 171, 2, 42, 183, 41, 136, 149, 227, 193, 26, 51, 71, 104, 156,
       16, 80, 170, 98, 77, 134, 63, 108, 192, 227, 7, 224, 245, 120,
       147, 100, 69, 78, 64, 64, 97, 226, 162, 8, 18, 154, 69, 190, 168,
       245, 120, 242, 73, 247, 145, 72, 145, 176, 197, 54, 233, 113, 98,
       150, 0, 162, 53, 251, 60, 233, 97, 159, 94, 61, 116, 24, 183, 5,
       200, 36, 19, 26, 38, 24, 18, 60, 107, 23, 205, 158, 49, 116, 80,
       136, 133, 232, 68, 113, 155, 101, 32, 78, 115, 16, 40, 168, 111,
       104, 223, 55, 137, 114, 22, 84, 108, 106, 1, 144, 177, 8, 197,
       189, 33, 0, 0, 243, 7, 49, 120, 75, 22, 252, 45, 210, 150, 98,
       196, 12, 246, 35, 106, 249, 37, 195, 200, 244, 239, 226, 12, 171,
       130, 140, 83, 243, 194, 27, 83, 63, 124, 3, 36, 150, 134, 31, 169,
       123, 228, 159, 254, 191, 251, 125, 194, 124, 142, 159, 201, 70,
       238, 51, 188, 237, 203, 34, 44, 50, 117, 215, 200, 125, 222, 215,
       233, 230, 204, 33, 173, 59, 84, 143, 115, 179, 182, 252, 203, 40,
       222, 187, 153, 198, 236, 53, 255, 116, 205, 147, 174, 223, 245,
       245, 206, 220, 218, 4, 82, 169, 145, 190, 41, 201, 79, 167, 171,
       127, 136, 104, 174, 230, 64, 150, 131, 243, 253, 3, 75, 75, 234,
       241, 185, 214, 95, 186, 16, 84, 135, 125, 108, 176, 61, 99, 45,
       77, 81, 152, 106, 56, 39, 8, 150, 23, 72, 58, 129, 20, 76, 26, 3,
       100, 249, 16, 199, 217, 113, 54, 64, 11, 70, 35, 26, 135, 70, 200,
       57, 211, 106, 103, 175, 77, 158, 194, 44, 70, 182, 228, 38, 163,
       223, 156, 82, 137, 37, 221, 186, 92, 154, 211, 22, 132, 189, 108,
       70, 176, 164, 147, 173, 112, 185, 143, 27, 247, 143, 151, 204,
       252, 94, 78, 197, 95, 185, 149, 154, 88, 255, 194, 141, 118, 223,
       111, 132, 109, 181, 118, 1, 173, 168, 65, 144, 159, 239, 167, 126,
       33, 172, 8, 179, 224, 84, 48, 25, 106, 90, 28, 82, 184, 252, 127,
       237, 28, 151, 112, 192, 194, 194, 172, 91, 217, 112, 76, 19, 154,
       90, 39, 93, 4, 238, 166, 43, 26, 166, 244, 118, 179, 158, 128,
       206, 152, 53, 255, 178, 253, 16, 83, 63, 140, 9, 95, 25, 207, 70,
       206, 114, 146, 110, 240, 100, 0, 250, 226, 121, 98, 181, 240, 126,
       245, 22, 234, 237, 155, 13, 255, 48, 174, 174, 128, 61, 179, 40,
       12, 244, 98, 219, 101, 98, 10, 111, 216, 97, 170, 183, 232, 83,
       67, 217, 27, 62, 212, 109, 234, 201, 246, 201, 8, 212, 201, 101,
       164, 101, 179, 66, 161, 90, 29, 190, 254, 177, 224, 189, 67, 188,
       15, 78, 49, 44, 239, 39, 74, 163, 115, 171, 1, 50, 9, 146, 235,
       211, 55, 90, 11, 144, 101, 173, 91, 182, 237, 246, 159, 221, 79,
       238, 236, 95, 242, 251, 10, 78, 248, 61, 197, 251, 239, 255, 243,
       121, 243, 91, 254, 189, 62, 207, 23, 207, 127, 249, 134, 77, 46,
       222, 117, 36, 58, 106, 154, 120, 130, 110, 192, 255, 99, 129, 123,
       119, 103, 108, 58, 33, 212, 141, 42, 198, 255, 115, 0, 136, 241,
       107, 1, 124, 75, 79, 236, 44, 2, 79, 176, 160, 172, 250, 239, 83,
       35, 145, 83, 118, 228, 109, 238, 200, 147, 129, 44, 240, 233, 231,
       144, 45, 179, 114, 1, 26, 190, 17, 161, 179, 187, 50, 191, 191,
       41, 26, 252, 175, 30, 128, 144, 151, 19, 220, 17, 183, 137, 9,
       191, 170, 215, 61, 246, 186, 4, 139, 31, 233, 121, 214, 92, 201,
       20, 84, 116, 225, 154, 160, 76, 74, 249, 4, 215, 200, 228, 232,
       106, 109, 103, 146, 224, 19, 250, 69, 26, 75, 52, 106, 14, 117,
       109, 236, 228, 174, 83, 71, 188, 65, 238, 188, 42, 83, 113, 211,
       51, 90, 196, 124, 238, 73, 99, 237, 40, 250, 201, 229, 189, 37,
       250, 216, 105, 216, 204, 78, 255, 6, 26, 100, 165, 116, 18, 230,
