%YAML:1.0
---
descriptors: !!opencv-matrix
   rows: 182
   cols: 32
   dt: u
   data: [ 127, 81, 241, 70, 237, 92, 79, 184, 65, 234, 181, 110, 75,
       116, 221, 190, 94, 220, 180, 234, 201, 114, 238, 160, 50, 218,
       197, 190, 111, 255, 82, 117, 31, 46, 235, 186, 116, 162, 235, 80,
       149, 203, 221, 231, 89, 204, 247, 8, 125, 169, 23, 157, 143, 151,
       36, 202, 80, 77, 171, 128, 165, 239, 49, 245, 183, 253, 227, 150,
       247, 240, 190, 247, 185, 219, 217, 247, 124, 254, 255, 175, 255,
       251, 151, 151, 245, 223, 188, 238, 56, 6, 255, 203, 175, 119, 191,
       215, 185, 143, 79, 254, 158, 128, 207, 243, 214, 2, 217, 231, 113,
       233, 176, 65, 127, 226, 63, 15, 250, 43, 14, 191, 240, 239, 175,
       152, 53, 234, 240, 41, 202, 241, 176, 145, 191, 212, 188, 135,
       174, 157, 30, 18, 140, 186, 94, 198, 167, 71, 249, 209, 86, 72,
       187, 226, 175, 116, 158, 239, 134, 20, 141, 79, 120, 181, 59, 250,
       155, 237, 81, 107, 175, 81, 173, 24, 190, 255, 104, 48, 163, 179,
       220, 16, 27, 43, 50, 215, 219, 213, 16, 123, 218, 0, 167, 59, 128,
       0, 179, 153, 69, 103, 177, 66, 92, 23, 83, 18, 132, 136, 113, 73,
       232, 25, 131, 17, 6, 246, 49, 192, 5, 16, 210, 7, 213, 25, 53,
       230, 48, 140, 14, 158, 29, 245, 194, 230, 214, 13, 204, 18, 34,
       234, 48, 64, 201, 234, 170, 193, 46, 175, 2, 191, 249, 247, 154,
       27, 17, 88, 124, 138, 246, 231, 204, 167, 158, 50, 78, 175, 51,
       254, 159, 255, 195, 108, 218, 130, 93, 199, 237, 247, 253, 65,
       207, 186, 168, 87, 237, 245, 172, 119, 158, 93, 58, 14, 110, 250,
       52, 161, 203, 82, 149, 0, 220, 162, 49, 235, 177, 64, 74, 170, 31,
       217, 170, 171, 102, 252, 210, 237, 170, 136, 181, 203, 112, 169,
       165, 78, 237, 81, 206, 50, 207, 152, 82, 242, 149, 246, 81, 109,
       223, 175, 95, 196, 54, 254, 185, 118, 111, 154, 78, 11, 229, 180,
       255, 249, 248, 244, 46, 116, 242, 204, 245, 247, 255, 74, 95, 12,
       125, 43, 40, 253, 127, 4, 255, 249, 147, 131, 192, 178, 156, 219,
       55, 124, 129, 171, 87, 255, 126, 243, 18, 147, 79, 168, 202, 130,
       61, 117, 164, 84, 211, 247, 13, 135, 168, 64, 110, 157, 191, 165,
       219, 155, 39, 209, 240, 33, 170, 199, 61, 134, 165, 241, 109, 39,
       66, 101, 116, 10, 107, 112, 105, 136, 255, 228, 217, 67, 152, 48,
       126, 172, 84, 238, 217, 178, 4, 76, 164, 249, 163, 128, 110, 162,
       122, 161, 30, 12, 123, 252, 18, 162, 123, 67, 189, 135, 71, 146,
       93, 207, 32, 80, 119, 189, 59, 152, 48, 153, 60, 206, 251, 239,
       139, 64, 167, 160, 33, 128, 6, 143, 0, 139, 146, 162, 42, 134, 14,
       5, 75, 231, 196, 102, 42, 64, 245, 75, 131, 149, 18, 152, 9, 255,
       44, 38, 154, 196, 148, 87, 161, 88, 29, 28, 111, 250, 54, 178,
       107, 82, 245, 201, 223, 230, 121, 207, 183, 228, 111, 171, 31,
       156, 175, 159, 36, 238, 218, 239, 186, 192, 191, 199, 105, 125,
       246, 116, 18, 172, 25, 205, 82, 72, 171, 140, 169, 9, 78, 222,
       111, 212, 248, 177, 205, 99, 78, 39, 154, 223, 177, 212, 11, 59,
       80, 39, 111, 70, 213, 90, 254, 231, 38, 78, 95, 188, 112, 238,
       246, 167, 83, 127, 147, 123, 118, 245, 125, 238, 232, 213, 237,
       40, 243, 235, 101, 148, 37, 243, 100, 123, 253, 52, 244, 98, 169,
       63, 84, 154, 115, 251, 180, 24, 79, 123, 75, 187, 153, 214, 236,
       58, 62, 103, 235, 162, 219, 251, 117, 127, 226, 245, 202, 39, 109,
       189, 177, 103, 181, 78, 103, 188, 123, 232, 46, 76, 246, 241, 80,
       182, 145, 102, 125, 110, 193, 248, 249, 46, 239, 190, 37, 116, 74,
       122, 210, 106, 41, 123, 1, 77, 117, 15, 99, 56, 117, 232, 106, 76,
       242, 69, 148, 180, 152, 44, 70, 110, 201, 184, 113, 28, 47, 252,
       1, 48, 74, 174, 82, 248, 157, 93, 110, 229, 22, 22, 239, 248, 117,
       238, 222, 34, 89, 61, 183, 97, 126, 212, 31, 238, 232, 177, 45,
       206, 119, 239, 167, 132, 39, 243, 116, 113, 253, 221, 232, 70,
       254, 50, 223, 252, 81, 238, 255, 239, 91, 104, 159, 52, 127, 198,
       54, 238, 253, 114, 237, 174, 126, 111, 165, 188, 111, 255, 248,
       85, 55, 113, 233, 170, 244, 67, 206, 216, 83, 72, 217, 207, 83,
       204, 255, 32, 126, 201, 23, 255, 207, 35, 76, 242, 114, 13, 173,
       172, 253, 255, 242, 213, 83, 167, 202, 229, 190, 34, 234, 59, 102,
       161, 155, 230, 89, 163, 208, 98, 127, 134, 127, 189, 155, 153,
       141, 206, 156, 172, 171, 196, 173, 131, 113, 33, 46, 248, 146,
       136, 93, 213, 178, 206, 143, 189, 76, 3, 140, 216, 98, 132, 249,
       89, 179, 211, 70, 58, 154, 241, 31, 84, 143, 111, 147, 127, 61,
       134, 119, 189, 172, 183, 188, 55, 95, 140, 18, 246, 137, 141, 211,
       236, 91, 74, 213, 199, 121, 215, 173, 67, 255, 50, 233, 79, 239,
       188, 140, 119, 218, 80, 27, 149, 106, 173, 214, 4, 189, 247, 25,
       123, 92, 247, 29, 47, 178, 32, 111, 159, 151, 133, 241, 24, 164,
       215, 126, 109, 190, 228, 63, 196, 171, 249, 145, 194, 107, 217,
       22, 155, 232, 215, 86, 65, 86, 246, 147, 8, 182, 96, 111, 138, 22,
       157, 255, 188, 101, 215, 110, 79, 182, 196, 125, 140, 240, 140,
       113, 183, 12, 181, 60, 31, 72, 59, 54, 182, 162, 77, 135, 40, 19,
       147, 220, 132, 204, 36, 237, 252, 209, 28, 134, 195, 225, 53, 72,
       104, 90, 24, 85, 49, 172, 39, 140, 14, 157, 57, 6, 245, 143, 141,
       211, 108, 91, 106, 212, 69, 121, 231, 157, 65, 255, 0, 201, 103,
       207, 60, 140, 62, 153, 80, 242, 249, 54, 250, 233, 217, 84, 230,
       171, 21, 160, 57, 174, 255, 102, 159, 171, 243, 205, 208, 126, 47,
       218, 245, 187, 211, 94, 123, 210, 21, 175, 94, 198, 108, 179, 182,
       239, 104, 183, 231, 185, 155, 25, 59, 140, 190, 69, 15, 163, 83,
       91, 3, 52, 109, 138, 226, 61, 22, 222, 175, 133, 113, 215, 199,
       59, 36, 227, 192, 23, 118, 233, 79, 21, 193, 206, 18, 25, 143, 55,
       172, 120, 140, 19, 157, 27, 187, 53, 206, 91, 77, 154, 64, 175,
       76, 112, 248, 10, 161, 100, 209, 230, 217, 184, 119, 107, 113, 84,
       147, 169, 12, 214, 43, 46, 63, 51, 157, 214, 252, 247, 209, 78,
       121, 218, 225, 7, 132, 215, 221, 241, 79, 79, 103, 48, 6, 111, 52,
       100, 224, 250, 196, 83, 35, 145, 113, 124, 228, 4, 238, 233, 176,
       93, 12, 244, 169, 167, 132, 109, 178, 114, 24, 85, 115, 136, 39,
       24, 14, 27, 156, 34, 228, 143, 141, 215, 68, 90, 82, 84, 196, 109,
       85, 222, 11, 223, 0, 248, 229, 173, 125, 44, 186, 24, 80, 186,
       204, 34, 188, 29, 213, 213, 103, 149, 66, 196, 19, 40, 156, 50,
       97, 200, 170, 155, 129, 126, 143, 50, 159, 243, 97, 154, 59, 55,
       12, 252, 218, 155, 12, 102, 189, 129, 240, 236, 71, 189, 70, 86,
       147, 169, 46, 51, 233, 111, 171, 159, 133, 52, 220, 36, 234, 166,
       107, 218, 129, 167, 212, 57, 204, 6, 141, 0, 143, 213, 211, 190,
       163, 30, 5, 91, 19, 236, 250, 58, 196, 217, 11, 147, 129, 118,
       152, 89, 247, 45, 52, 142, 195, 22, 78, 189, 134, 206, 190, 180,
       243, 170, 248, 61, 183, 191, 191, 22, 181, 236, 191, 194, 207,
       167, 87, 255, 17, 178, 93, 171, 243, 206, 211, 127, 231, 134, 212,
       133, 91, 223, 127, 252, 246, 168, 84, 94, 180, 233, 222, 150, 161,
       255, 255, 223, 243, 134, 247, 253, 199, 253, 73, 174, 232, 250,
       249, 111, 155, 134, 247, 171, 93, 222, 189, 182, 254, 171, 221,
       20, 239, 187, 155, 164, 56, 254, 254, 70, 83, 163, 243, 253, 16,
       123, 111, 154, 243, 155, 215, 87, 123, 218, 68, 143, 27, 34, 253,
       50, 235, 117, 247, 178, 202, 31, 73, 121, 3, 236, 220, 53, 32,
       253, 123, 147, 19, 134, 186, 120, 255, 47, 92, 143, 107, 213, 95,
       117, 159, 252, 120, 252, 100, 46, 127, 86, 216, 130, 254, 181, 45,
       87, 253, 79, 59, 157, 212, 253, 102, 172, 103, 249, 24, 243, 201,
       101, 191, 241, 123, 94, 83, 157, 207, 17, 203, 190, 119, 175, 252,
       84, 238, 93, 38, 221, 99, 171, 164, 127, 74, 22, 238, 241, 179,
       108, 190, 238, 207, 175, 164, 54, 251, 161, 229, 245, 73, 111,
       101, 4, 14, 111, 176, 96, 232, 242, 72, 83, 17, 145, 115, 120,
