%YAML:1.0
---
descriptors: !!opencv-matrix
   rows: 105
   cols: 32
   dt: u
   data: [ 202, 172, 158, 190, 201, 233, 20, 230, 191, 23, 172, 25, 174,
       251, 102, 219, 193, 243, 235, 1, 102, 79, 202, 243, 251, 243, 94,
       59, 146, 85, 175, 10, 158, 13, 98, 239, 119, 242, 250, 112, 29,
       68, 95, 130, 105, 111, 183, 225, 126, 177, 151, 239, 176, 176, 45,
       255, 86, 255, 171, 129, 55, 239, 124, 211, 15, 29, 122, 238, 118,
       182, 251, 112, 85, 204, 223, 166, 121, 127, 183, 100, 126, 185,
       151, 238, 177, 155, 44, 255, 82, 255, 170, 128, 55, 175, 52, 241,
       53, 69, 99, 206, 92, 22, 207, 248, 197, 64, 249, 66, 115, 209,
       189, 228, 120, 232, 18, 234, 201, 163, 62, 191, 51, 172, 131, 28,
       127, 187, 112, 164, 47, 28, 114, 238, 117, 179, 218, 80, 93, 200,
       124, 163, 57, 221, 183, 36, 222, 249, 151, 239, 164, 167, 124,
       255, 66, 221, 171, 187, 119, 175, 80, 245, 159, 30, 107, 217, 116,
       246, 187, 80, 21, 206, 87, 246, 88, 220, 183, 108, 254, 249, 151,
       255, 161, 148, 52, 238, 86, 47, 171, 194, 191, 173, 116, 245, 175,
       90, 235, 93, 117, 247, 251, 80, 85, 206, 116, 167, 57, 220, 183,
       236, 254, 248, 151, 207, 165, 182, 52, 234, 71, 127, 160, 131,
       127, 253, 124, 247, 175, 28, 118, 254, 118, 183, 218, 112, 221,
       232, 85, 179, 76, 253, 181, 41, 222, 57, 151, 35, 164, 183, 40,
       206, 19, 122, 139, 179, 87, 237, 80, 215, 175, 8, 234, 85, 198,
       54, 233, 82, 81, 206, 118, 130, 25, 188, 247, 238, 126, 236, 150,
       222, 165, 246, 180, 234, 22, 43, 226, 128, 239, 253, 120, 245, 0,
       151, 57, 205, 52, 231, 177, 59, 84, 204, 94, 39, 241, 125, 166,
       64, 92, 58, 3, 40, 129, 184, 113, 31, 111, 141, 163, 64, 93, 168,
       84, 251, 201, 135, 22, 92, 189, 156, 68, 55, 253, 31, 166, 84,
       238, 227, 42, 119, 129, 34, 110, 46, 254, 237, 50, 63, 163, 251,
       84, 26, 26, 136, 192, 12, 14, 153, 22, 186, 127, 213, 187, 232,
       159, 29, 29, 3, 204, 223, 106, 196, 151, 27, 155, 209, 22, 9, 58,
       245, 75, 215, 139, 239, 22, 15, 13, 211, 92, 179, 147, 166, 146,
       64, 54, 141, 242, 225, 138, 227, 207, 254, 73, 226, 183, 87, 236,
       17, 151, 89, 141, 130, 184, 229, 47, 119, 172, 54, 141, 83, 158,
       12, 102, 253, 119, 242, 250, 114, 29, 198, 247, 146, 105, 111,
       183, 101, 126, 245, 151, 170, 188, 240, 45, 236, 87, 251, 235,
       129, 183, 237, 124, 211, 62, 76, 116, 255, 119, 179, 250, 208, 93,
       198, 116, 131, 105, 77, 183, 169, 254, 249, 151, 207, 172, 182,
       100, 254, 71, 223, 186, 129, 119, 191, 93, 223, 137, 28, 174, 181,
       164, 110, 245, 183, 84, 251, 90, 21, 149, 61, 50, 107, 201, 102,
       19, 13, 189, 252, 49, 170, 229, 255, 246, 0, 136, 249, 240, 219,
       107, 90, 239, 204, 108, 84, 255, 60, 65, 78, 212, 230, 185, 28,
       183, 231, 78, 100, 182, 111, 197, 166, 119, 233, 102, 123, 234,
       136, 95, 188, 112, 253, 131, 182, 96, 147, 247, 185, 188, 247, 27,
       119, 62, 183, 8, 46, 222, 29, 175, 139, 151, 149, 182, 124, 61,
       246, 62, 30, 158, 231, 223, 196, 203, 221, 57, 93, 99, 76, 85,
       215, 231, 120, 85, 64, 252, 70, 115, 216, 181, 228, 88, 236, 18,
       239, 205, 179, 52, 159, 51, 108, 130, 0, 127, 170, 112, 244, 190,
       69, 114, 230, 119, 82, 255, 117, 93, 132, 127, 131, 107, 111, 191,
       96, 126, 235, 23, 235, 232, 178, 44, 234, 115, 253, 174, 128, 103,
       254, 244, 203, 253, 86, 107, 236, 62, 86, 219, 120, 212, 78, 213,
       246, 89, 221, 187, 225, 126, 212, 191, 238, 237, 39, 53, 158, 242,
       233, 163, 220, 63, 173, 124, 113, 125, 109, 233, 69, 236, 15, 207,
       252, 67, 236, 190, 74, 83, 109, 213, 38, 94, 212, 126, 106, 201,
       242, 237, 8, 119, 201, 229, 180, 119, 251, 86, 225, 150, 12, 118,
       253, 111, 98, 248, 97, 157, 134, 243, 147, 205, 111, 54, 75, 238,
       245, 191, 163, 188, 245, 3, 204, 151, 250, 203, 195, 55, 173, 117,
       195, 61, 96, 252, 107, 252, 63, 207, 216, 87, 168, 245, 10, 83,
       73, 221, 56, 93, 220, 22, 250, 138, 54, 109, 58, 123, 205, 165,
       244, 247, 187, 80, 161, 6, 145, 214, 129, 231, 34, 188, 111, 140,
       49, 91, 179, 204, 191, 44, 75, 255, 31, 183, 161, 16, 209, 16,
       196, 29, 54, 219, 198, 133, 104, 161, 147, 10, 159, 150, 153, 243,
       242, 52, 167, 31, 31, 94, 179, 236, 247, 160, 204, 247, 59, 163,
       144, 54, 216, 3, 247, 174, 247, 158, 195, 146, 76, 173, 143, 143,
       223, 202, 178, 247, 189, 254, 183, 25, 251, 31, 255, 239, 124, 91,
       161, 191, 227, 151, 119, 247, 252, 28, 238, 190, 95, 111, 227,
       239, 255, 153, 213, 43, 207, 96, 159, 125, 145, 206, 252, 87, 76,
       220, 199, 225, 232, 182, 196, 72, 234, 22, 207, 206, 42, 78, 191,
       46, 124, 135, 184, 31, 159, 216, 204, 67, 189, 225, 194, 247, 49,
       255, 255, 27, 243, 29, 254, 40, 126, 222, 166, 63, 219, 151, 189,
       247, 90, 236, 243, 62, 28, 159, 238, 135, 198, 251, 253, 54, 129,
       226, 201, 196, 32, 236, 221, 95, 17, 119, 18, 8, 137, 253, 72,
       123, 139, 55, 216, 154, 178, 79, 194, 30, 28, 150, 198, 247, 219,
       240, 140, 184, 69, 98, 231, 117, 94, 126, 244, 85, 140, 127, 2,
       123, 41, 191, 65, 122, 239, 151, 234, 236, 186, 45, 174, 119, 237,
       164, 129, 103, 254, 116, 203, 87, 55, 205, 165, 170, 14, 47, 185,
       168, 240, 27, 231, 221, 102, 139, 82, 54, 69, 125, 231, 209, 80,
       255, 72, 228, 32, 111, 132, 172, 243, 131, 241, 63, 27, 224, 161,
       230, 41, 127, 145, 19, 239, 95, 167, 79, 109, 215, 14, 63, 204,
       183, 222, 152, 144, 173, 194, 94, 92, 173, 166, 175, 255, 212,
       209, 62, 197, 115, 231, 55, 82, 254, 121, 85, 132, 255, 131, 107,
       109, 188, 97, 126, 249, 23, 235, 232, 178, 37, 207, 243, 239, 167,
       129, 103, 254, 116, 227, 32, 77, 2, 222, 221, 133, 166, 230, 222,
       2, 88, 2, 96, 232, 53, 224, 217, 106, 2, 67, 235, 171, 90, 191,
       49, 62, 135, 10, 85, 91, 112, 140, 62, 12, 116, 253, 127, 243,
       250, 90, 205, 132, 244, 131, 107, 77, 53, 203, 110, 241, 159, 251,
       172, 224, 87, 252, 215, 251, 202, 147, 247, 253, 117, 131, 7, 165,
       98, 131, 215, 49, 188, 231, 121, 119, 90, 151, 40, 46, 254, 32,
       127, 139, 147, 181, 183, 154, 44, 230, 62, 28, 159, 231, 141, 196,
       251, 221, 247, 79, 228, 33, 174, 50, 95, 146, 71, 254, 154, 231,
       131, 40, 215, 75, 207, 196, 45, 255, 156, 240, 237, 128, 198, 105,
       229, 148, 165, 253, 84, 71, 200, 63, 249, 109, 242, 106, 123, 27,
       114, 172, 126, 234, 157, 7, 193, 112, 54, 127, 166, 112, 192, 152,
       229, 26, 110, 229, 37, 165, 100, 226, 7, 233, 157, 77, 110, 197,
       134, 82, 239, 246, 116, 226, 222, 130, 89, 45, 183, 97, 126, 228,
       63, 238, 225, 185, 53, 238, 119, 15, 231, 132, 39, 251, 116, 232,
       255, 94, 110, 224, 237, 118, 221, 222, 85, 254, 150, 247, 25, 29,
       247, 239, 239, 213, 159, 231, 237, 103, 229, 130, 115, 219, 255,
       151, 191, 253, 252, 119, 2, 187, 146, 139, 244, 145, 182, 221, 31,
       13, 88, 231, 172, 248, 166, 196, 222, 123, 135, 81, 150, 186, 74,
       253, 44, 20, 175, 235, 156, 14, 189, 143, 2, 145, 150, 145, 215,
       194, 184, 197, 142, 49, 83, 178, 204, 191, 40, 74, 255, 29, 179,
       177, 18, 217, 8, 193, 29, 50, 222, 199, 133, 14, 161, 147, 205,
       159, 127, 90, 173, 245, 215, 180, 221, 94, 183, 118, 250, 253,
       191, 109, 197, 114, 190, 74, 177, 41, 58, 247, 107, 123, 116, 219,
       222, 255, 252, 127, 38, 165, 226, 203, 196, 34, 238, 223, 95, 35,
       125, 18, 8, 169, 253, 72, 123, 202, 23, 186, 146, 178, 136, 194,
       62, 12, 135, 236, 247, 251, 240, 128, 167, 243, 228, 67, 123, 147,
       250, 220, 59, 113, 117, 239, 73, 76, 222, 188, 62, 205, 247, 223,
       215, 84, 239, 241, 30, 88, 141, 230, 111, 151, 202, 213, 175, 246,
       65, 1, 123, 25, 62, 184, 169, 246, 52, 237, 203, 68, 207, 183, 22,
       72, 214, 110, 231, 84, 238, 218, 38, 88, 37, 190, 127, 191, 75,
       213, 62, 124, 98, 184, 23, 241, 210, 198, 149, 69, 220, 143, 43,
