%YAML:1.0
---
descriptors: !!opencv-matrix
   rows: 137
   cols: 32
   dt: u
   data: [ 152, 180, 62, 112, 96, 237, 117, 246, 253, 31, 118, 24, 30,
       191, 10, 25, 165, 19, 71, 8, 98, 237, 50, 55, 219, 219, 116, 77,
       66, 216, 239, 187, 41, 110, 114, 4, 117, 157, 228, 118, 233, 204,
       124, 77, 42, 200, 54, 20, 152, 40, 70, 109, 196, 186, 166, 77, 54,
       56, 32, 8, 67, 62, 106, 205, 209, 249, 191, 190, 10, 192, 181,
       103, 236, 192, 70, 32, 191, 214, 34, 98, 162, 119, 120, 65, 64,
       205, 162, 105, 241, 161, 126, 1, 32, 16, 167, 107, 223, 154, 124,
       105, 40, 191, 90, 184, 239, 120, 151, 229, 223, 31, 151, 123, 135,
       21, 253, 118, 175, 69, 127, 213, 203, 219, 105, 246, 30, 167, 11,
       23, 94, 176, 146, 187, 173, 189, 92, 207, 175, 251, 187, 77, 207,
       250, 74, 218, 227, 199, 255, 21, 31, 105, 219, 243, 154, 247, 95,
       223, 138, 126, 169, 23, 64, 185, 155, 240, 32, 205, 113, 23, 59,
       9, 106, 8, 183, 147, 64, 80, 164, 59, 101, 0, 82, 184, 146, 1,
       197, 253, 50, 2, 64, 0, 199, 43, 223, 188, 151, 191, 173, 124,
       212, 207, 239, 251, 179, 93, 206, 250, 111, 207, 237, 199, 238,
       23, 63, 103, 219, 240, 152, 243, 95, 63, 202, 125, 171, 151, 130,
       78, 183, 158, 79, 224, 189, 71, 156, 134, 194, 50, 228, 255, 33,
       75, 235, 115, 43, 163, 96, 231, 2, 235, 241, 50, 218, 11, 0, 121,
       165, 170, 223, 244, 151, 190, 169, 127, 188, 239, 255, 250, 177,
       124, 238, 254, 237, 255, 239, 71, 238, 51, 101, 103, 187, 242,
       153, 242, 95, 190, 218, 125, 171, 157, 60, 13, 99, 206, 214, 199,
       239, 240, 149, 128, 234, 130, 121, 231, 189, 100, 126, 250, 19,
       238, 249, 179, 60, 255, 123, 236, 135, 0, 55, 251, 100, 224, 53,
       77, 107, 65, 86, 3, 239, 250, 85, 224, 122, 198, 83, 97, 181, 100,
       127, 204, 22, 238, 201, 178, 125, 30, 60, 14, 165, 4, 125, 251,
       112, 176, 253, 119, 88, 103, 160, 31, 95, 184, 33, 174, 191, 44,
       219, 115, 203, 19, 30, 220, 236, 106, 204, 210, 233, 40, 254, 201,
       101, 181, 98, 243, 74, 67, 212, 92, 156, 183, 168, 111, 93, 158,
       182, 182, 130, 21, 215, 55, 3, 75, 197, 117, 109, 19, 104, 197,
       91, 10, 193, 195, 255, 21, 128, 120, 13, 90, 222, 180, 189, 242,
       139, 124, 89, 91, 187, 255, 181, 25, 94, 191, 78, 59, 173, 151,
       253, 145, 62, 71, 187, 194, 219, 219, 93, 255, 225, 100, 143, 115,
       133, 151, 93, 109, 240, 14, 191, 185, 60, 122, 115, 245, 213, 111,
       140, 81, 23, 87, 85, 110, 241, 144, 89, 63, 108, 171, 111, 196,
       92, 177, 131, 241, 96, 252, 148, 254, 173, 237, 86, 238, 223, 19,
       168, 25, 230, 249, 105, 91, 201, 74, 106, 2, 126, 111, 218, 179,
       251, 247, 85, 59, 208, 89, 222, 139, 64, 177, 26, 250, 17, 204,
       17, 87, 190, 9, 105, 24, 190, 147, 40, 80, 148, 59, 9, 0, 82, 137,
       16, 119, 209, 181, 26, 74, 24, 2, 167, 59, 189, 207, 101, 7, 180,
       58, 110, 176, 117, 234, 250, 230, 99, 105, 149, 212, 127, 228, 46,
       238, 233, 176, 109, 174, 190, 110, 167, 132, 239, 255, 80, 101,
       208, 52, 63, 248, 154, 237, 81, 75, 187, 95, 177, 57, 54, 223, 40,
       25, 177, 187, 77, 32, 58, 103, 50, 31, 209, 195, 112, 123, 240,
       64, 103, 115, 67, 176, 184, 172, 108, 44, 216, 25, 171, 91, 53,
       93, 221, 255, 90, 26, 151, 21, 125, 37, 151, 70, 219, 193, 215,
       253, 91, 62, 216, 99, 139, 83, 40, 182, 154, 178, 205, 245, 177,
       199, 182, 127, 173, 29, 136, 248, 106, 136, 201, 139, 226, 145,
       55, 127, 250, 19, 95, 199, 159, 111, 203, 68, 255, 210, 246, 120,
       187, 242, 111, 249, 144, 66, 155, 183, 176, 59, 14, 159, 101, 58,
       171, 185, 223, 17, 46, 103, 146, 226, 219, 213, 95, 59, 211, 89,
       7, 171, 61, 120, 185, 230, 110, 13, 159, 216, 138, 234, 189, 106,
       94, 223, 73, 42, 157, 249, 215, 98, 201, 39, 250, 162, 119, 221,
       37, 190, 67, 251, 3, 243, 218, 126, 98, 60, 43, 240, 59, 242, 169,
       70, 222, 173, 45, 142, 151, 85, 230, 187, 221, 199, 238, 15, 166,
       255, 210, 120, 138, 187, 39, 197, 47, 95, 82, 235, 238, 148, 78,
       64, 185, 238, 171, 149, 210, 163, 44, 238, 119, 66, 238, 245, 63,
       193, 64, 203, 162, 225, 221, 50, 222, 139, 5, 48, 53, 251, 184,
       251, 126, 235, 116, 155, 118, 252, 117, 44, 244, 107, 123, 75, 10,
       145, 126, 240, 199, 234, 108, 188, 73, 191, 239, 203, 37, 81, 119,
       155, 206, 139, 40, 235, 34, 30, 124, 217, 228, 101, 233, 204, 117,
       9, 162, 200, 150, 148, 136, 40, 198, 13, 198, 190, 230, 15, 38,
       93, 36, 41, 71, 142, 222, 220, 146, 221, 94, 190, 54, 193, 188,
       103, 148, 4, 218, 163, 45, 155, 162, 65, 98, 179, 159, 193, 114,
       139, 6, 255, 240, 35, 186, 203, 53, 12, 181, 75, 246, 244, 190,
       158, 255, 247, 159, 232, 159, 238, 157, 63, 124, 254, 47, 1, 255,
       255, 255, 227, 254, 103, 250, 255, 251, 55, 207, 191, 221, 127,
       63, 211, 34, 205, 18, 154, 93, 215, 214, 231, 159, 4, 216, 3, 44,
       216, 52, 196, 216, 187, 147, 209, 78, 171, 90, 255, 187, 52, 142,
       75, 21, 30, 252, 142, 248, 108, 83, 236, 27, 215, 82, 106, 179,
       160, 164, 8, 63, 159, 33, 177, 234, 249, 204, 224, 108, 47, 18,
       158, 179, 217, 1, 63, 115, 36, 110, 10, 124, 188, 156, 254, 169,
       237, 84, 207, 179, 159, 172, 25, 239, 255, 106, 155, 201, 243,
       237, 16, 58, 75, 218, 177, 219, 211, 85, 59, 242, 116, 206, 26,
       162, 169, 42, 28, 116, 217, 228, 99, 185, 68, 116, 153, 162, 204,
       182, 4, 136, 42, 211, 1, 118, 190, 230, 63, 38, 116, 0, 41, 68,
       140, 223, 222, 61, 189, 219, 171, 245, 159, 122, 222, 51, 233,
       120, 79, 63, 251, 74, 208, 255, 207, 151, 20, 95, 186, 216, 191,
       254, 205, 37, 237, 170, 142, 234, 155, 53, 77, 66, 254, 220, 7,
       230, 236, 85, 34, 249, 26, 99, 233, 61, 25, 121, 202, 2, 107, 120,
       179, 88, 190, 53, 238, 71, 40, 245, 251, 242, 128, 53, 205, 230,
       223, 212, 2, 238, 248, 85, 147, 251, 2, 113, 105, 189, 113, 123,
       202, 55, 255, 234, 242, 77, 239, 126, 111, 199, 68, 247, 251, 112,
       128, 147, 3, 204, 213, 52, 154, 104, 59, 127, 232, 254, 230, 227,
       104, 151, 237, 126, 236, 46, 236, 141, 244, 231, 204, 142, 122,
       231, 129, 47, 172, 120, 5, 93, 217, 189, 45, 162, 14, 31, 188, 56,
       122, 102, 196, 95, 55, 11, 115, 183, 85, 117, 110, 225, 208, 57,
       61, 245, 239, 111, 132, 120, 179, 131, 113, 2, 188, 186, 156, 127,
       209, 176, 103, 159, 15, 244, 51, 172, 250, 38, 137, 235, 59, 147,
       129, 54, 111, 18, 255, 31, 23, 222, 107, 153, 12, 45, 159, 87,
       233, 205, 183, 58, 128, 63, 248, 175, 240, 147, 231, 253, 110,
       217, 114, 246, 247, 127, 207, 195, 81, 203, 253, 188, 188, 175,
       164, 45, 179, 35, 241, 252, 89, 59, 238, 4, 70, 87, 248, 224, 200,
       238, 2, 119, 247, 33, 112, 240, 245, 125, 106, 73, 163, 184, 41,
       243, 237, 39, 16, 97, 179, 102, 115, 25, 65, 30, 232, 23, 198,
       234, 64, 196, 128, 202, 2, 81, 203, 48, 64, 120, 172, 59, 248, 8,
       163, 18, 140, 243, 239, 130, 65, 49, 10, 120, 130, 206, 223, 174,
       190, 169, 112, 63, 168, 191, 214, 135, 149, 237, 238, 111, 75,
       167, 71, 253, 231, 244, 69, 191, 224, 171, 115, 207, 151, 134,
       119, 173, 87, 56, 109, 90, 124, 91, 219, 80, 103, 227, 132, 172,
       9, 63, 155, 35, 49, 200, 187, 196, 0, 76, 43, 82, 29, 211, 195,
       16, 59, 113, 0, 110, 138, 252, 48, 191, 114, 137, 111, 83, 216,
       226, 250, 167, 8, 215, 215, 73, 59, 177, 244, 124, 122, 41, 103,
       251, 32, 219, 203, 69, 125, 224, 35, 70, 98, 238, 253, 252, 214,
       239, 85, 190, 236, 155, 255, 156, 187, 108, 254, 94, 175, 255,
       247, 255, 211, 246, 79, 251, 242, 127, 95, 223, 255, 135, 127,
       191, 223, 23, 225, 238, 215, 86, 146, 239, 248, 255, 208, 247,
       198, 121, 238, 255, 102, 127, 237, 63, 239, 199, 241, 175, 253,
       126, 47, 175, 132, 103, 191, 113, 244, 80, 176, 61, 248, 138, 101,
       17, 95, 50, 31, 160, 57, 151, 55, 72, 25, 167, 147, 77, 16, 26,
