%YAML:1.0
---
descriptors: !!opencv-matrix
   rows: 180
   cols: 32
   dt: u
   data: [ 202, 157, 189, 59, 173, 253, 245, 143, 255, 127, 134, 21, 174,
       188, 86, 107, 193, 23, 253, 17, 182, 105, 251, 243, 207, 243, 94,
       91, 210, 76, 221, 94, 210, 94, 87, 191, 50, 162, 175, 252, 188,
       42, 210, 243, 253, 231, 169, 65, 119, 247, 255, 231, 97, 213, 9,
       255, 244, 227, 235, 128, 60, 241, 33, 185, 154, 223, 111, 191, 52,
       131, 175, 244, 182, 66, 218, 247, 245, 239, 184, 64, 126, 111, 63,
       239, 225, 149, 15, 255, 244, 38, 175, 192, 61, 151, 177, 185, 230,
       127, 221, 30, 250, 201, 143, 148, 186, 204, 188, 237, 112, 231,
       199, 151, 6, 119, 232, 70, 99, 107, 235, 107, 44, 48, 101, 184,
       65, 179, 70, 121, 158, 94, 255, 191, 170, 106, 189, 242, 188, 218,
       210, 247, 253, 127, 137, 91, 231, 247, 255, 131, 113, 197, 11,
       236, 221, 227, 127, 131, 164, 241, 37, 123, 145, 223, 79, 255,
       182, 131, 110, 245, 20, 131, 218, 230, 241, 227, 176, 225, 126,
       238, 63, 238, 249, 216, 77, 191, 232, 239, 239, 192, 61, 186, 176,
       57, 135, 8, 238, 25, 111, 250, 168, 130, 239, 87, 86, 183, 200,
       220, 183, 239, 99, 68, 250, 223, 135, 252, 167, 241, 6, 58, 218,
       195, 143, 133, 121, 212, 220, 20, 159, 247, 169, 110, 85, 159,
       191, 187, 183, 120, 223, 247, 73, 251, 167, 215, 252, 16, 57, 77,
       155, 34, 219, 243, 117, 214, 202, 113, 135, 51, 90, 16, 166, 148,
       11, 100, 57, 66, 191, 243, 131, 147, 236, 190, 112, 238, 167, 245,
       249, 145, 144, 77, 147, 192, 153, 54, 222, 147, 134, 100, 53, 94,
       140, 157, 53, 235, 149, 119, 231, 191, 86, 249, 95, 82, 217, 117,
       176, 228, 89, 90, 179, 122, 113, 184, 121, 191, 111, 207, 167,
       196, 178, 254, 212, 243, 199, 58, 138, 154, 41, 180, 184, 9, 174,
       87, 149, 149, 140, 202, 223, 206, 167, 5, 238, 21, 134, 69, 190,
       209, 138, 48, 219, 255, 140, 4, 41, 85, 37, 253, 185, 107, 253,
       141, 71, 253, 239, 232, 184, 76, 243, 249, 92, 48, 216, 226, 126,
       92, 219, 43, 218, 59, 191, 220, 5, 124, 88, 122, 210, 142, 74,
       252, 175, 182, 189, 252, 125, 166, 187, 87, 142, 29, 174, 255, 86,
       91, 133, 231, 253, 21, 42, 75, 250, 227, 239, 243, 223, 123, 130,
       84, 151, 122, 94, 123, 206, 182, 170, 66, 94, 180, 171, 236, 158,
       173, 255, 239, 67, 82, 167, 245, 253, 215, 140, 193, 139, 232,
       250, 231, 239, 147, 164, 247, 47, 91, 127, 51, 105, 227, 118, 23,
       91, 120, 33, 224, 159, 231, 95, 79, 155, 112, 126, 141, 21, 239,
       205, 146, 61, 156, 210, 205, 171, 164, 47, 167, 58, 81, 41, 144,
       49, 88, 125, 157, 208, 91, 95, 93, 181, 40, 42, 217, 244, 188,
       156, 0, 87, 17, 134, 47, 106, 213, 23, 92, 17, 126, 82, 140, 84,
       143, 42, 187, 120, 155, 93, 221, 155, 255, 143, 93, 252, 38, 168,
       236, 254, 164, 201, 138, 134, 129, 207, 42, 122, 183, 103, 85,
       186, 251, 31, 14, 92, 255, 108, 120, 191, 119, 169, 78, 119, 216,
       43, 222, 39, 12, 94, 119, 75, 58, 181, 84, 125, 106, 193, 101,
       187, 32, 215, 255, 101, 4, 202, 243, 198, 115, 236, 52, 177, 243,
       173, 111, 83, 152, 59, 186, 167, 24, 223, 55, 65, 187, 149, 253,
       125, 58, 57, 116, 249, 170, 207, 223, 85, 124, 130, 243, 66, 34,
       28, 141, 149, 191, 157, 231, 7, 171, 22, 195, 202, 2, 255, 247,
       40, 225, 89, 254, 187, 219, 59, 201, 123, 191, 233, 231, 223, 16,
       182, 127, 180, 122, 28, 25, 187, 239, 51, 246, 91, 16, 39, 141,
       255, 96, 127, 119, 128, 112, 246, 191, 157, 208, 154, 152, 49,
       172, 235, 229, 170, 208, 162, 131, 36, 115, 166, 142, 120, 95,
       118, 186, 122, 242, 93, 7, 119, 246, 73, 104, 182, 253, 55, 250,
       134, 170, 180, 252, 45, 255, 46, 62, 112, 194, 255, 197, 100, 165,
       220, 233, 181, 240, 173, 107, 69, 143, 250, 251, 176, 120, 223,
       62, 65, 251, 163, 215, 252, 17, 123, 109, 235, 144, 153, 195, 127,
       254, 144, 112, 199, 97, 61, 157, 48, 75, 237, 253, 215, 83, 73,
       75, 125, 58, 26, 60, 254, 166, 201, 154, 150, 26, 223, 50, 120,
       130, 55, 89, 36, 251, 211, 78, 220, 247, 156, 221, 85, 223, 183,
       215, 86, 191, 23, 234, 159, 114, 75, 117, 172, 231, 85, 246, 189,
       106, 249, 237, 121, 191, 171, 255, 229, 215, 54, 255, 212, 55,
       222, 252, 190, 250, 175, 253, 148, 207, 159, 31, 148, 58, 238,
       254, 106, 175, 175, 243, 253, 19, 62, 79, 170, 243, 187, 211, 95,
       255, 146, 92, 143, 95, 172, 158, 141, 191, 252, 167, 78, 248, 22,
       83, 81, 87, 241, 239, 57, 193, 221, 235, 163, 143, 175, 254, 91,
       191, 236, 231, 255, 72, 188, 233, 116, 152, 215, 30, 223, 255,
       162, 42, 45, 187, 188, 218, 215, 247, 253, 103, 153, 75, 103, 119,
       127, 174, 225, 213, 139, 238, 244, 163, 255, 128, 172, 241, 161,
       49, 213, 220, 127, 254, 182, 22, 110, 180, 244, 74, 211, 70, 123,
       120, 188, 97, 243, 230, 60, 238, 253, 165, 61, 175, 178, 239, 111,
       64, 45, 187, 249, 20, 214, 18, 223, 247, 170, 42, 61, 191, 191,
       219, 147, 245, 221, 119, 137, 91, 231, 119, 255, 166, 49, 197,
       139, 202, 220, 243, 127, 148, 172, 240, 165, 49, 131, 222, 47,
       191, 188, 130, 239, 252, 148, 202, 210, 246, 245, 235, 184, 97,
       125, 106, 63, 239, 233, 215, 15, 255, 228, 47, 239, 128, 29, 249,
       177, 249, 122, 72, 166, 156, 13, 213, 145, 71, 143, 85, 134, 3,
       172, 220, 54, 239, 200, 37, 251, 133, 8, 237, 178, 241, 145, 123,
       218, 91, 19, 28, 253, 70, 149, 205, 207, 255, 188, 130, 78, 188,
       86, 130, 222, 214, 241, 227, 184, 97, 95, 234, 62, 238, 233, 253,
       79, 191, 168, 175, 231, 192, 60, 185, 240, 40, 192, 209, 159, 183,
       232, 68, 45, 53, 172, 218, 67, 116, 213, 214, 72, 107, 198, 117,
       123, 227, 241, 92, 211, 0, 197, 162, 254, 136, 8, 48, 165, 57,
       138, 222, 22, 187, 187, 155, 180, 231, 156, 22, 64, 119, 172, 2,
       34, 197, 167, 115, 202, 65, 102, 205, 10, 255, 168, 82, 94, 83,
       18, 28, 169, 143, 60, 253, 241, 203, 206, 97, 207, 216, 86, 210,
       253, 226, 89, 245, 253, 172, 95, 218, 19, 250, 91, 114, 110, 179,
       125, 140, 167, 172, 247, 251, 246, 161, 233, 191, 241, 106, 245,
       173, 71, 255, 119, 233, 248, 92, 179, 249, 84, 176, 217, 202, 6,
       60, 251, 58, 120, 191, 191, 220, 37, 252, 219, 202, 210, 169, 222,
       92, 150, 190, 11, 38, 20, 162, 189, 158, 130, 115, 238, 250, 33,
       207, 225, 103, 238, 99, 44, 197, 11, 171, 145, 242, 91, 19, 18,
       117, 57, 15, 110, 189, 187, 254, 253, 253, 127, 221, 191, 205,
       245, 29, 111, 239, 123, 16, 237, 251, 255, 86, 50, 107, 186, 255,
       255, 255, 23, 107, 210, 223, 231, 251, 207, 96, 162, 152, 170,
       144, 188, 77, 239, 95, 145, 181, 140, 206, 246, 206, 167, 41, 254,
       149, 150, 69, 174, 208, 158, 56, 31, 255, 156, 20, 169, 87, 148,
       78, 215, 95, 170, 47, 173, 136, 188, 22, 163, 248, 205, 103, 141,
       63, 55, 85, 232, 106, 97, 197, 43, 104, 145, 226, 95, 22, 193,
       241, 7, 33, 60, 173, 149, 255, 157, 255, 70, 175, 23, 177, 205, 2,
       255, 247, 104, 224, 217, 254, 251, 152, 59, 218, 123, 191, 235,
       247, 215, 81, 178, 79, 156, 42, 25, 213, 78, 239, 155, 86, 127,
       189, 55, 224, 239, 130, 123, 247, 40, 244, 126, 253, 191, 234,
       105, 216, 125, 191, 255, 239, 167, 4, 62, 178, 168, 56, 44, 45,
       171, 186, 221, 237, 251, 218, 142, 197, 217, 11, 255, 237, 121, 0,
       217, 235, 123, 215, 155, 43, 218, 191, 253, 221, 143, 120, 148,
       203, 247, 242, 43, 178, 41, 155, 125, 221, 241, 248, 31, 125, 148,
       111, 190, 92, 222, 164, 221, 152, 223, 1, 135, 56, 107, 213, 199,
       93, 171, 255, 95, 12, 93, 255, 222, 188, 174, 182, 137, 116, 87,
       250, 187, 255, 158, 189, 106, 253, 95, 31, 165, 215, 253, 151,
       174, 79, 187, 226, 219, 87, 85, 255, 138, 117, 254, 87, 221, 213,
       191, 236, 172, 78, 95, 184, 224, 154, 175, 8, 215, 247, 9, 115,
       183, 213, 125, 106, 105, 65, 187, 45, 243, 235, 101, 20, 32, 243,
       229, 35, 108, 121, 253, 101, 169, 77, 119, 152, 42, 248, 38, 8,
