%YAML:1.0
---
descriptors: !!opencv-matrix
   rows: 106
   cols: 32
   dt: u
   data: [ 61, 223, 99, 206, 124, 7, 207, 248, 69, 72, 253, 230, 83, 193,
       189, 228, 126, 232, 22, 238, 201, 163, 44, 191, 48, 172, 163, 140,
       63, 187, 112, 177, 17, 140, 195, 171, 214, 163, 235, 223, 86, 65,
       218, 70, 113, 234, 184, 96, 121, 170, 31, 157, 155, 187, 45, 255,
       184, 142, 174, 192, 189, 218, 240, 168, 171, 90, 106, 93, 100,
       247, 251, 80, 93, 206, 116, 166, 57, 221, 183, 109, 94, 120, 151,
       79, 225, 182, 36, 234, 70, 123, 162, 128, 95, 189, 116, 253, 214,
       23, 250, 229, 226, 10, 63, 125, 57, 174, 119, 255, 77, 39, 170,
       83, 54, 221, 173, 34, 112, 213, 141, 202, 246, 227, 101, 133, 55,
       242, 133, 115, 220, 104, 150, 244, 9, 10, 70, 158, 179, 178, 130,
       0, 255, 83, 65, 223, 2, 229, 236, 90, 104, 69, 147, 172, 241, 243,
       79, 16, 42, 176, 9, 42, 253, 112, 252, 107, 236, 31, 79, 152, 66,
       186, 181, 10, 83, 93, 217, 59, 93, 212, 118, 122, 200, 118, 253,
       56, 119, 203, 229, 52, 247, 187, 82, 160, 169, 148, 245, 101, 180,
       46, 111, 63, 116, 234, 126, 80, 211, 117, 144, 112, 127, 206, 116,
       42, 185, 248, 125, 14, 237, 239, 37, 132, 103, 234, 210, 121, 242,
       114, 232, 140, 78, 81, 157, 222, 82, 230, 144, 175, 33, 156, 119,
       42, 94, 217, 151, 225, 231, 71, 246, 203, 16, 1, 187, 191, 61,
       125, 62, 223, 43, 209, 165, 209, 237, 93, 228, 151, 79, 251, 22,
       106, 136, 188, 214, 174, 201, 78, 242, 29, 215, 120, 247, 224, 46,
       95, 213, 167, 223, 124, 216, 221, 62, 185, 34, 161, 215, 247, 146,
       202, 22, 229, 216, 171, 8, 220, 118, 128, 253, 153, 147, 245, 158,
       251, 25, 191, 88, 69, 137, 247, 247, 13, 62, 214, 19, 146, 109,
       193, 7, 151, 232, 119, 95, 121, 150, 86, 72, 12, 182, 236, 166, 4,
       190, 141, 151, 189, 53, 213, 30, 127, 154, 215, 23, 12, 249, 13,
       47, 28, 114, 236, 119, 183, 250, 114, 29, 200, 221, 167, 249, 125,
       183, 100, 254, 249, 151, 239, 164, 163, 52, 255, 71, 255, 171,
       131, 55, 239, 125, 247, 62, 92, 100, 255, 127, 183, 218, 208, 221,
       194, 244, 163, 121, 93, 181, 169, 110, 249, 151, 207, 168, 166,
       118, 252, 71, 251, 170, 128, 119, 189, 112, 219, 43, 82, 235, 93,
       100, 84, 189, 84, 205, 206, 126, 230, 120, 220, 183, 111, 126,
       120, 182, 239, 197, 182, 54, 200, 70, 121, 226, 138, 79, 254, 124,
       253, 221, 12, 236, 247, 182, 90, 111, 16, 117, 227, 87, 146, 217,
       63, 155, 111, 55, 212, 253, 190, 249, 212, 237, 170, 239, 235,
       255, 192, 166, 247, 209, 113, 45, 132, 100, 235, 253, 55, 90, 184,
       87, 73, 253, 18, 91, 121, 156, 49, 93, 128, 23, 250, 190, 162,
       121, 149, 79, 223, 161, 220, 247, 171, 240, 130, 110, 249, 244,
       246, 237, 120, 252, 190, 235, 250, 52, 169, 205, 63, 223, 59, 167,
       215, 245, 199, 228, 98, 255, 225, 15, 219, 223, 190, 199, 245,
       211, 95, 210, 221, 62, 236, 138, 68, 31, 253, 148, 22, 132, 147,
       125, 95, 42, 81, 247, 147, 157, 227, 110, 7, 58, 255, 243, 227,
       238, 157, 49, 16, 172, 91, 2, 175, 166, 152, 251, 177, 188, 231,
       159, 23, 152, 191, 172, 174, 102, 140, 239, 187, 235, 149, 54, 75,
       2, 247, 191, 22, 222, 251, 150, 76, 173, 207, 207, 221, 1, 186,
       239, 249, 150, 180, 205, 82, 25, 239, 239, 124, 251, 165, 151, 67,
       158, 103, 247, 32, 126, 247, 164, 80, 15, 254, 222, 127, 137, 213,
       44, 47, 97, 225, 244, 107, 107, 186, 6, 112, 28, 226, 147, 37,
       145, 164, 75, 154, 23, 106, 153, 56, 109, 189, 108, 140, 161, 244,
       182, 235, 84, 240, 15, 183, 122, 131, 246, 189, 190, 241, 205,
       124, 31, 230, 204, 248, 254, 37, 190, 3, 151, 55, 214, 41, 44,
       221, 46, 89, 47, 230, 79, 142, 217, 197, 66, 192, 189, 221, 172,
       114, 157, 143, 90, 191, 30, 48, 216, 60, 221, 106, 147, 87, 61,
       153, 130, 97, 231, 193, 235, 62, 255, 150, 148, 112, 181, 111, 6,
       168, 149, 179, 162, 172, 186, 129, 62, 17, 83, 80, 140, 243, 73,
       74, 167, 91, 59, 145, 19, 88, 155, 240, 141, 150, 30, 198, 132,
       67, 129, 129, 253, 86, 107, 200, 172, 118, 223, 216, 81, 206, 148,
       246, 91, 93, 251, 237, 127, 212, 159, 255, 237, 103, 245, 174,
       242, 107, 239, 220, 63, 253, 252, 117, 47, 251, 228, 247, 237, 84,
       252, 153, 139, 251, 21, 171, 173, 255, 223, 175, 143, 91, 183,
       197, 150, 98, 238, 241, 79, 89, 255, 174, 151, 254, 223, 223, 11,
       12, 98, 255, 119, 247, 250, 88, 21, 66, 92, 130, 121, 127, 183,
       108, 126, 251, 151, 207, 136, 178, 116, 255, 87, 255, 170, 129,
       183, 255, 112, 253, 190, 8, 118, 253, 47, 182, 248, 48, 141, 146,
       243, 130, 205, 127, 53, 79, 238, 241, 63, 227, 188, 231, 83, 236,
       151, 250, 203, 139, 183, 173, 112, 7, 2, 145, 246, 137, 246, 34,
       188, 103, 157, 49, 91, 178, 76, 254, 44, 75, 255, 31, 183, 177,
       176, 209, 0, 196, 28, 58, 218, 198, 149, 76, 161, 211, 43, 82,
       234, 77, 108, 84, 253, 87, 73, 206, 125, 231, 184, 188, 183, 110,
       206, 108, 183, 143, 197, 182, 231, 200, 70, 121, 242, 138, 95,
       254, 116, 253, 3, 183, 226, 147, 247, 49, 188, 239, 59, 119, 116,
       183, 108, 46, 254, 37, 191, 139, 151, 181, 183, 248, 61, 247, 62,
       30, 223, 231, 207, 196, 185, 221, 3, 181, 225, 194, 247, 53, 255,
       255, 27, 239, 93, 254, 40, 110, 222, 164, 63, 219, 151, 189, 183,
       90, 172, 255, 62, 94, 159, 238, 135, 198, 219, 253, 57, 87, 99,
       205, 118, 147, 239, 120, 85, 64, 251, 230, 81, 200, 181, 228, 126,
       172, 22, 239, 205, 179, 36, 223, 50, 44, 162, 128, 127, 174, 112,
       245, 186, 69, 98, 239, 85, 22, 110, 117, 85, 128, 127, 2, 107,
       105, 189, 193, 122, 239, 151, 171, 236, 178, 29, 207, 119, 237,
       166, 129, 103, 254, 120, 136, 157, 93, 62, 179, 182, 59, 254, 247,
       93, 235, 94, 247, 95, 56, 179, 169, 191, 207, 150, 55, 245, 252,
       13, 174, 186, 79, 127, 193, 237, 253, 153, 93, 67, 21, 232, 175,
       166, 57, 176, 3, 79, 121, 95, 227, 204, 56, 190, 104, 247, 15,
       191, 5, 150, 48, 77, 209, 214, 125, 186, 211, 156, 79, 217, 7,
       223, 15, 106, 162, 31, 179, 219, 224, 197, 36, 159, 175, 79, 200,
       51, 64, 122, 161, 159, 103, 172, 39, 45, 190, 250, 69, 171, 253,
       55, 143, 116, 70, 71, 51, 205, 165, 170, 10, 47, 57, 168, 240, 26,
       229, 221, 102, 147, 82, 166, 69, 125, 231, 213, 0, 231, 72, 172,
       33, 47, 148, 172, 242, 131, 241, 93, 113, 236, 245, 162, 90, 109,
       156, 60, 210, 87, 164, 221, 119, 219, 111, 55, 85, 125, 255, 225,
       208, 239, 136, 206, 235, 255, 196, 166, 245, 135, 113, 190, 54,
       224, 233, 147, 114, 91, 218, 19, 119, 252, 183, 9, 175, 247, 220,
       127, 216, 149, 242, 159, 22, 181, 194, 27, 221, 129, 239, 183,
       245, 126, 214, 79, 120, 210, 240, 227, 156, 188, 151, 171, 154,
       54, 40, 172, 151, 71, 254, 167, 127, 183, 80, 198, 92, 130, 224,
       94, 221, 95, 171, 134, 244, 139, 139, 59, 135, 233, 65, 214, 27,
       233, 191, 83, 249, 62, 239, 25, 44, 214, 38, 63, 196, 23, 189,
       157, 250, 101, 206, 62, 79, 165, 228, 239, 172, 210, 221, 27, 233,
       235, 171, 86, 131, 234, 220, 7, 64, 216, 199, 57, 205, 182, 32,
       126, 233, 23, 223, 207, 187, 44, 253, 254, 77, 175, 232, 63, 158,
       113, 249, 136, 208, 56, 187, 84, 197, 187, 206, 30, 5, 120, 19,
       181, 156, 42, 0, 217, 27, 147, 17, 98, 190, 120, 183, 101, 69,
       186, 105, 85, 24, 181, 250, 255, 94, 110, 224, 175, 86, 221, 222,
       85, 254, 150, 255, 27, 29, 247, 239, 239, 213, 159, 183, 237, 247,
       245, 138, 115, 251, 245, 151, 255, 252, 252, 127, 19, 159, 29,
       147, 210, 125, 188, 231, 8, 250, 24, 239, 172, 54, 229, 143, 47,
       219, 151, 133, 229, 90, 20, 232, 180, 2, 255, 178, 157, 124, 139,
       221, 174, 150, 229, 217, 227, 50, 109, 191, 23, 63, 126, 247, 72,
       39, 132, 223, 95, 215, 167, 176, 184, 220, 105, 210, 46, 118, 223,
       199, 183, 245, 164, 117, 154, 220, 174, 254, 45, 213, 93, 252,
