%YAML:1.0
---
descriptors: !!opencv-matrix
   rows: 141
   cols: 32
   dt: u
   data: [ 64, 188, 187, 248, 249, 253, 17, 71, 191, 91, 172, 24, 62,
       159, 100, 56, 161, 59, 218, 16, 23, 79, 178, 243, 219, 215, 18,
       123, 218, 64, 167, 251, 81, 157, 31, 191, 130, 174, 53, 183, 188,
       66, 106, 21, 246, 55, 32, 83, 163, 103, 104, 4, 113, 201, 19, 111,
       225, 167, 122, 0, 8, 96, 161, 90, 205, 49, 254, 101, 100, 14, 123,
       16, 105, 168, 119, 72, 215, 19, 193, 123, 182, 244, 116, 122, 144,
       240, 177, 8, 199, 249, 101, 128, 232, 163, 99, 35, 183, 115, 232,
       167, 174, 27, 222, 121, 107, 238, 183, 239, 207, 92, 223, 131,
       254, 205, 223, 103, 205, 243, 237, 136, 178, 217, 239, 183, 109,
       127, 218, 87, 101, 225, 209, 71, 197, 22, 110, 152, 115, 241, 97,
       76, 82, 226, 221, 190, 89, 204, 32, 126, 201, 114, 252, 96, 47,
       156, 197, 44, 203, 178, 74, 164, 236, 56, 173, 92, 109, 253, 209,
       90, 214, 255, 228, 24, 146, 189, 67, 63, 201, 236, 234, 24, 40,
       103, 243, 18, 95, 27, 81, 63, 210, 125, 86, 242, 80, 189, 63, 62,
       186, 192, 53, 103, 188, 71, 230, 49, 61, 247, 2, 113, 163, 51,
       121, 128, 115, 73, 178, 117, 243, 167, 118, 11, 32, 64, 167, 123,
       201, 249, 181, 83, 241, 14, 111, 183, 57, 123, 54, 116, 156, 51,
       192, 247, 165, 94, 85, 94, 243, 216, 185, 230, 111, 186, 118, 198,
       138, 144, 195, 185, 141, 254, 245, 83, 229, 29, 238, 182, 123,
       122, 58, 92, 248, 104, 221, 180, 141, 66, 118, 78, 231, 252, 105,
       243, 46, 30, 117, 160, 74, 215, 195, 189, 32, 51, 88, 101, 116,
       15, 113, 55, 32, 164, 126, 8, 51, 1, 0, 16, 30, 158, 71, 40, 72,
       184, 81, 12, 71, 141, 48, 1, 97, 138, 70, 138, 127, 189, 246, 255,
       253, 127, 254, 255, 127, 239, 254, 167, 107, 255, 23, 252, 255,
       223, 255, 230, 188, 243, 121, 255, 191, 255, 199, 151, 231, 253,
       254, 215, 130, 153, 191, 219, 223, 199, 187, 215, 158, 93, 80,
       118, 188, 223, 36, 96, 231, 59, 147, 209, 179, 156, 58, 255, 109,
       54, 158, 202, 152, 25, 165, 251, 107, 229, 113, 75, 117, 159, 111,
       189, 125, 72, 246, 76, 235, 73, 156, 244, 158, 140, 94, 110, 201,
       178, 121, 223, 39, 254, 4, 22, 75, 150, 194, 61, 126, 188, 254,
       239, 191, 119, 255, 254, 31, 238, 254, 179, 249, 127, 30, 64, 255,
       223, 255, 163, 168, 219, 233, 255, 255, 255, 239, 151, 183, 255,
       117, 123, 220, 245, 91, 107, 114, 14, 127, 117, 57, 140, 119, 101,
       95, 87, 8, 16, 182, 29, 85, 106, 96, 180, 25, 78, 255, 233, 36,
       68, 106, 146, 163, 179, 95, 164, 150, 186, 141, 185, 244, 203,
       223, 179, 171, 26, 142, 232, 124, 238, 233, 135, 234, 145, 30,
       107, 207, 210, 154, 215, 223, 127, 211, 76, 233, 6, 35, 110, 101,
       71, 125, 27, 238, 236, 89, 224, 248, 206, 235, 104, 151, 164, 222,
       236, 246, 239, 237, 242, 229, 255, 54, 95, 129, 187, 79, 191, 90,
       172, 208, 88, 190, 244, 11, 204, 55, 167, 172, 142, 134, 33, 60,
       183, 33, 82, 166, 119, 237, 64, 96, 205, 130, 110, 241, 167, 126,
       19, 32, 49, 165, 107, 58, 181, 122, 254, 125, 237, 93, 125, 191,
       77, 253, 29, 127, 255, 42, 16, 222, 187, 253, 33, 190, 43, 90,
       247, 243, 255, 16, 91, 122, 78, 166, 219, 208, 189, 191, 254, 146,
       198, 53, 39, 184, 131, 194, 48, 247, 179, 0, 115, 167, 119, 121,
       1, 114, 221, 146, 103, 249, 163, 62, 66, 32, 64, 167, 43, 63, 239,
       224, 139, 95, 19, 190, 232, 94, 240, 216, 203, 233, 232, 87, 161,
       251, 201, 242, 231, 231, 114, 207, 255, 62, 77, 143, 191, 95, 127,
       89, 140, 122, 233, 74, 184, 185, 137, 94, 239, 175, 21, 172, 141,
       175, 235, 98, 16, 235, 171, 221, 197, 78, 11, 202, 245, 250, 223,
       159, 123, 54, 148, 174, 74, 252, 29, 245, 230, 173, 94, 223, 188,
       107, 236, 190, 111, 223, 63, 211, 243, 254, 247, 253, 99, 253, 99,
       251, 168, 251, 249, 239, 191, 110, 255, 87, 123, 65, 173, 173, 53,
       160, 14, 109, 55, 40, 234, 126, 77, 183, 45, 18, 19, 133, 102,
       125, 45, 209, 248, 241, 12, 237, 190, 117, 144, 72, 224, 195, 121,
       202, 180, 181, 250, 185, 237, 17, 223, 191, 31, 189, 61, 174, 255,
       108, 223, 133, 19, 223, 16, 50, 79, 58, 247, 219, 211, 94, 251,
       146, 68, 167, 123, 29, 181, 89, 99, 242, 223, 75, 253, 55, 105,
       125, 236, 87, 119, 136, 112, 23, 154, 22, 126, 255, 154, 125, 63,
       239, 205, 37, 228, 186, 194, 130, 241, 201, 219, 53, 95, 47, 157,
       150, 188, 239, 88, 52, 108, 254, 216, 132, 183, 134, 113, 254, 74,
       199, 108, 250, 253, 167, 249, 101, 186, 90, 190, 9, 61, 90, 188,
       213, 55, 139, 120, 20, 143, 187, 243, 170, 189, 239, 190, 64, 155,
       163, 215, 233, 16, 55, 77, 223, 243, 158, 243, 93, 123, 170, 68,
       139, 30, 234, 120, 234, 212, 231, 84, 188, 71, 185, 206, 84, 163,
       40, 190, 119, 143, 239, 247, 179, 199, 196, 95, 182, 234, 55, 123,
       222, 171, 7, 116, 191, 255, 36, 44, 185, 121, 180, 105, 87, 143,
       122, 175, 124, 56, 183, 181, 65, 56, 145, 90, 100, 24, 26, 120,
       226, 51, 207, 143, 52, 57, 192, 73, 198, 171, 94, 149, 245, 231,
       175, 94, 254, 191, 173, 234, 191, 107, 223, 127, 156, 247, 255,
       215, 253, 47, 249, 195, 249, 238, 255, 255, 239, 150, 102, 254,
       231, 243, 124, 168, 138, 186, 141, 241, 80, 203, 195, 183, 141,
       27, 15, 232, 106, 26, 201, 195, 236, 145, 30, 107, 202, 178, 219,
       199, 213, 127, 241, 77, 62, 2, 213, 112, 157, 247, 172, 47, 206,
       152, 255, 251, 179, 88, 223, 122, 217, 107, 147, 69, 124, 123,
       169, 69, 219, 242, 153, 254, 111, 188, 140, 115, 131, 1, 212, 52,
       222, 118, 170, 104, 53, 41, 56, 182, 39, 56, 215, 215, 72, 27, 35,
       213, 233, 50, 112, 85, 155, 2, 223, 163, 117, 117, 224, 97, 135,
       35, 248, 229, 120, 98, 180, 92, 95, 253, 112, 36, 189, 8, 123, 95,
       216, 48, 58, 222, 85, 234, 234, 50, 248, 63, 243, 237, 164, 125,
       103, 146, 198, 42, 80, 74, 251, 124, 50, 200, 29, 231, 180, 14,
       242, 161, 255, 247, 41, 81, 182, 249, 237, 128, 104, 201, 131, 45,
       249, 231, 126, 137, 224, 176, 39, 123, 22, 15, 107, 252, 94, 211,
       222, 232, 22, 140, 220, 163, 101, 238, 37, 64, 255, 249, 183, 226,
       106, 19, 42, 255, 251, 231, 175, 141, 53, 59, 36, 226, 252, 116,
       29, 246, 170, 107, 85, 185, 184, 186, 183, 56, 87, 119, 73, 59,
       51, 212, 109, 98, 104, 69, 137, 6, 251, 195, 101, 53, 96, 248,
       134, 35, 5, 84, 127, 199, 52, 14, 239, 252, 126, 194, 127, 70,
       213, 247, 189, 97, 115, 108, 63, 238, 193, 240, 57, 200, 101, 235,
       239, 132, 12, 243, 113, 241, 141, 247, 89, 237, 48, 14, 107, 184,
       124, 168, 118, 244, 215, 67, 136, 113, 86, 92, 14, 110, 225, 148,
       117, 30, 228, 249, 39, 132, 44, 128, 65, 177, 77, 22, 21, 103, 36,
       46, 103, 58, 125, 42, 127, 96, 223, 115, 145, 125, 23, 134, 110,
       42, 169, 180, 105, 78, 197, 254, 97, 132, 98, 227, 64, 33, 242,
       249, 218, 232, 219, 209, 153, 69, 27, 101, 164, 139, 12, 159, 102,
       16, 238, 155, 211, 208, 94, 11, 176, 209, 251, 209, 158, 127, 115,
       0, 174, 222, 201, 251, 124, 111, 108, 157, 126, 189, 239, 120, 52,
       108, 191, 8, 214, 179, 134, 99, 126, 79, 199, 44, 239, 245, 102,
       89, 101, 184, 94, 154, 203, 13, 180, 113, 120, 108, 88, 79, 83,
       248, 119, 164, 229, 13, 83, 91, 11, 16, 216, 220, 87, 226, 72, 54,
       121, 30, 243, 205, 37, 61, 121, 179, 70, 210, 160, 168, 126, 92,
       76, 237, 65, 115, 251, 22, 164, 24, 50, 147, 5, 27, 200, 178, 106,
       8, 42, 111, 114, 17, 87, 184, 80, 56, 80, 136, 66, 42, 88, 177,
       153, 232, 40, 205, 81, 84, 162, 53, 172, 8, 191, 147, 64, 90, 162,
       21, 109, 80, 10, 75, 146, 17, 209, 231, 114, 121, 160, 2, 7, 35,
       253, 199, 224, 12, 157, 26, 86, 170, 83, 231, 172, 137, 67, 104,
       95, 222, 217, 206, 232, 116, 222, 114, 237, 178, 58, 127, 5, 63,
       211, 253, 222, 68, 32, 224, 157, 125, 40, 143, 97, 168, 254, 185,
       98, 0, 242, 243, 76, 123, 144, 124, 108, 88, 10, 216, 219, 21,
