%YAML:1.0
---
descriptors: !!opencv-matrix
   rows: 220
   cols: 32
   dt: u
   data: [ 124, 113, 182, 224, 13, 205, 80, 72, 203, 241, 181, 8, 62,
       223, 109, 58, 136, 145, 255, 80, 11, 99, 210, 192, 219, 217, 1,
       123, 194, 27, 70, 18, 193, 0, 253, 101, 52, 110, 105, 19, 120,
       170, 118, 64, 155, 51, 145, 127, 102, 20, 60, 40, 161, 220, 241,
       74, 197, 250, 114, 132, 100, 224, 71, 105, 109, 124, 157, 231, 56,
       79, 87, 184, 51, 250, 171, 8, 247, 83, 73, 50, 145, 252, 124, 122,
       73, 82, 217, 62, 237, 215, 37, 52, 168, 115, 66, 50, 175, 177, 56,
       240, 189, 173, 208, 202, 207, 57, 161, 24, 158, 185, 76, 57, 201,
       130, 91, 20, 58, 107, 90, 148, 223, 217, 17, 126, 210, 9, 82, 34,
       98, 177, 28, 168, 9, 205, 88, 168, 143, 61, 161, 9, 142, 158, 74,
       80, 205, 145, 239, 209, 30, 11, 218, 213, 159, 208, 203, 127, 144,
       6, 142, 82, 124, 109, 244, 70, 141, 89, 87, 253, 195, 182, 188, 8,
       43, 109, 199, 183, 46, 214, 196, 106, 204, 99, 170, 168, 59, 217,
       69, 63, 99, 255, 206, 46, 200, 24, 155, 253, 160, 44, 120, 19, 41,
       138, 114, 80, 191, 55, 1, 91, 230, 55, 125, 0, 17, 220, 145, 72,
       199, 241, 114, 128, 136, 225, 35, 11, 107, 238, 172, 187, 125,
       189, 216, 154, 135, 254, 148, 223, 233, 200, 95, 10, 205, 99, 251,
       149, 174, 100, 206, 179, 78, 87, 157, 249, 223, 141, 88, 198, 44,
       188, 49, 122, 235, 237, 16, 130, 143, 23, 40, 57, 190, 255, 96,
       24, 135, 51, 195, 16, 18, 107, 26, 177, 203, 217, 69, 123, 210,
       121, 135, 179, 240, 56, 156, 120, 40, 173, 81, 86, 235, 31, 164,
       24, 23, 155, 64, 27, 165, 179, 108, 24, 58, 111, 146, 0, 219, 217,
       112, 120, 192, 192, 66, 11, 123, 48, 122, 108, 104, 20, 89, 88,
       33, 72, 244, 173, 57, 159, 214, 48, 150, 157, 245, 236, 143, 3,
       182, 193, 211, 249, 32, 138, 102, 134, 38, 243, 105, 1, 181, 101,
       37, 78, 103, 56, 109, 162, 166, 0, 211, 49, 25, 119, 24, 68, 120,
       106, 72, 240, 113, 8, 197, 251, 69, 20, 66, 251, 86, 98, 0, 186,
       151, 153, 202, 237, 161, 215, 158, 19, 64, 80, 180, 182, 96, 232,
       103, 27, 42, 24, 19, 92, 146, 113, 13, 128, 126, 104, 144, 72,
       133, 168, 88, 185, 26, 120, 91, 197, 81, 254, 171, 29, 172, 9, 62,
       223, 34, 16, 167, 155, 77, 64, 10, 75, 146, 117, 251, 253, 48,
       123, 96, 0, 167, 27, 5, 16, 117, 97, 36, 142, 105, 16, 116, 233,
       119, 64, 211, 21, 144, 121, 22, 28, 52, 88, 129, 176, 117, 0, 197,
       170, 48, 64, 228, 131, 64, 97, 17, 80, 125, 101, 36, 14, 105, 16,
       116, 44, 119, 68, 147, 19, 145, 120, 114, 140, 52, 250, 137, 176,
       117, 8, 199, 169, 32, 0, 107, 179, 68, 97, 41, 188, 29, 249, 240,
       175, 121, 119, 101, 9, 110, 12, 127, 51, 0, 48, 165, 59, 82, 24,
       145, 184, 17, 61, 207, 223, 112, 64, 234, 194, 194, 171, 55, 197,
       229, 63, 141, 119, 143, 172, 86, 247, 137, 151, 209, 108, 95, 42,
       93, 199, 49, 255, 189, 96, 255, 162, 105, 78, 221, 52, 245, 255,
       208, 212, 41, 2, 97, 77, 92, 22, 202, 56, 69, 224, 226, 68, 211,
       0, 21, 244, 92, 140, 18, 238, 201, 182, 117, 14, 5, 188, 129, 20,
       91, 170, 114, 164, 70, 184, 147, 178, 177, 172, 48, 7, 171, 153,
       10, 80, 158, 183, 64, 82, 167, 23, 125, 17, 19, 73, 146, 226, 153,
       212, 30, 110, 128, 2, 163, 3, 109, 51, 104, 69, 120, 28, 251, 24,
       234, 236, 21, 204, 217, 95, 218, 54, 22, 20, 255, 238, 131, 2,
       255, 197, 71, 121, 33, 236, 78, 167, 67, 241, 91, 48, 250, 108,
       105, 84, 120, 88, 171, 204, 214, 173, 60, 159, 182, 52, 182, 189,
       245, 133, 133, 67, 162, 205, 83, 121, 248, 143, 6, 132, 62, 127,
       198, 94, 172, 189, 168, 102, 159, 174, 158, 254, 146, 151, 245,
       110, 83, 75, 197, 103, 249, 199, 244, 205, 127, 234, 233, 3, 255,
       145, 156, 117, 181, 90, 199, 96, 174, 151, 44, 20, 184, 136, 155,
       255, 151, 151, 193, 204, 223, 75, 221, 69, 249, 231, 167, 69, 255,
       224, 2, 123, 219, 150, 205, 255, 25, 84, 253, 124, 249, 102, 36,
       63, 71, 242, 113, 234, 244, 88, 27, 57, 209, 49, 24, 236, 84, 106,
       233, 246, 248, 42, 243, 205, 37, 180, 107, 251, 82, 41, 67, 251,
       173, 17, 100, 157, 169, 158, 78, 121, 86, 196, 176, 4, 214, 100,
       4, 78, 50, 93, 195, 248, 247, 113, 44, 30, 188, 224, 12, 156, 209,
       253, 152, 141, 10, 255, 145, 199, 71, 55, 22, 3, 79, 17, 123, 115,
       34, 81, 81, 170, 10, 8, 106, 152, 89, 63, 227, 231, 20, 1, 50,
       200, 232, 10, 153, 14, 73, 87, 52, 155, 102, 48, 119, 166, 102,
       244, 227, 96, 147, 240, 83, 238, 44, 46, 172, 244, 109, 62, 238,
       239, 37, 0, 230, 240, 64, 4, 155, 223, 23, 191, 54, 150, 189, 37,
       188, 78, 210, 118, 253, 50, 162, 227, 230, 55, 191, 193, 225, 137,
       39, 237, 160, 227, 254, 130, 28, 20, 161, 105, 130, 128, 134, 155,
       189, 177, 184, 67, 158, 89, 211, 115, 172, 206, 44, 204, 233, 43,
       187, 149, 54, 205, 11, 247, 140, 22, 154, 195, 154, 12, 185, 151,
       56, 141, 75, 254, 148, 131, 79, 247, 148, 0, 222, 66, 113, 227,
       176, 64, 121, 170, 14, 200, 26, 187, 40, 191, 248, 239, 166, 64,
       181, 202, 240, 168, 49, 207, 107, 239, 20, 6, 111, 253, 116, 0,
       250, 198, 115, 97, 184, 96, 120, 238, 30, 239, 201, 185, 13, 63,
       248, 175, 166, 128, 61, 186, 240, 168, 205, 88, 189, 229, 32, 110,
       127, 152, 120, 170, 118, 64, 215, 55, 129, 122, 182, 244, 125,
       106, 169, 212, 169, 42, 199, 255, 103, 132, 160, 241, 33, 33, 61,
       123, 120, 96, 53, 157, 86, 88, 65, 168, 188, 10, 27, 217, 97, 48,
       152, 152, 213, 122, 202, 35, 208, 152, 243, 221, 5, 61, 115, 155,
       74, 35, 232, 177, 184, 116, 45, 92, 117, 53, 233, 190, 52, 24,
       190, 159, 66, 59, 132, 80, 101, 74, 208, 101, 178, 0, 195, 217,
       100, 59, 66, 248, 206, 107, 244, 65, 95, 108, 4, 2, 79, 169, 116,
       130, 231, 2, 83, 99, 9, 115, 112, 196, 104, 234, 104, 151, 61, 12,
       241, 235, 197, 20, 33, 187, 228, 32, 120, 143, 86, 110, 179, 186,
       87, 183, 33, 13, 174, 233, 107, 115, 130, 212, 55, 230, 205, 44,
       56, 137, 9, 191, 250, 239, 36, 209, 34, 134, 206, 11, 107, 16, 85,
       64, 83, 206, 75, 16, 57, 104, 162, 108, 90, 23, 132, 244, 52, 148,
       252, 136, 169, 129, 241, 206, 23, 254, 32, 146, 42, 134, 2, 53, 8,
       170, 145, 249, 162, 169, 33, 151, 22, 31, 70, 176, 181, 167, 224,
       72, 115, 58, 34, 24, 19, 216, 35, 51, 204, 135, 126, 200, 176,
       200, 165, 185, 189, 68, 108, 241, 229, 63, 70, 218, 81, 178, 53,
       24, 83, 41, 81, 57, 217, 200, 21, 62, 169, 246, 121, 158, 227,
       219, 213, 52, 243, 249, 90, 128, 45, 148, 236, 117, 245, 63, 212,
       187, 83, 251, 55, 30, 91, 61, 94, 43, 153, 70, 53, 60, 189, 252,
       121, 138, 79, 223, 213, 116, 239, 237, 208, 242, 39, 239, 104, 14,
       124, 153, 70, 248, 71, 104, 189, 204, 227, 96, 159, 180, 28, 202,
       206, 110, 207, 34, 111, 63, 46, 29, 37, 184, 127, 191, 90, 44, 26,
       153, 18, 188, 51, 252, 16, 103, 169, 13, 104, 33, 47, 187, 34,
       208, 166, 187, 133, 128, 22, 155, 2, 213, 147, 245, 26, 75, 50, 6,
       175, 11, 52, 152, 147, 248, 203, 233, 17, 202, 139, 53, 160, 57,
       38, 223, 96, 24, 131, 51, 203, 16, 26, 43, 26, 49, 217, 208, 21,
       127, 208, 73, 39, 243, 80, 56, 159, 240, 8, 237, 81, 87, 170, 27,
       160, 29, 183, 147, 64, 27, 129, 179, 108, 16, 26, 111, 146, 48,
       217, 195, 114, 120, 200, 64, 3, 11, 86, 185, 27, 250, 139, 237,
       17, 206, 171, 151, 32, 56, 190, 247, 97, 24, 167, 59, 73, 16, 19,
       73, 154, 113, 153, 144, 31, 122, 144, 81, 135, 114, 106, 234, 168,
       154, 60, 241, 153, 142, 134, 63, 149, 171, 161, 79, 82, 10, 77,
       243, 239, 149, 10, 74, 235, 245, 207, 81, 191, 249, 22, 141, 20,
       90, 185, 193, 113, 74, 53, 219, 71, 189, 69, 72, 252, 40, 59, 85,
       188, 244, 88, 176, 148, 104, 235, 170, 101, 159, 163, 253, 32, 81,
       115, 158, 84, 108, 239, 100, 165, 181, 13, 38, 200, 8, 147, 242,
       129, 223, 209, 109, 81, 203, 205, 197, 121, 191, 169, 71, 223,
