%YAML:1.0
---
descriptors: !!opencv-matrix
   rows: 442
   cols: 32
   dt: u
   data: [ 207, 188, 183, 250, 232, 237, 121, 159, 190, 91, 178, 120,
       189, 247, 192, 251, 135, 243, 127, 157, 179, 77, 219, 243, 221,
       219, 127, 232, 138, 192, 163, 185, 73, 189, 151, 251, 189, 173,
       124, 223, 191, 91, 188, 124, 191, 247, 232, 190, 167, 115, 255,
       24, 179, 105, 219, 243, 223, 223, 119, 254, 218, 204, 139, 185,
       139, 52, 243, 253, 253, 191, 252, 23, 63, 235, 254, 179, 189, 191,
       150, 36, 239, 191, 255, 133, 181, 188, 241, 223, 231, 255, 158,
       130, 198, 196, 195, 255, 144, 172, 255, 243, 172, 235, 237, 215,
       254, 123, 178, 114, 249, 255, 220, 43, 107, 243, 127, 152, 187,
       237, 107, 115, 221, 154, 247, 196, 197, 208, 229, 249, 205, 156,
       221, 255, 172, 236, 109, 159, 254, 251, 150, 80, 255, 247, 208,
       235, 103, 119, 127, 25, 179, 237, 255, 243, 205, 235, 255, 208,
       142, 216, 145, 57, 107, 191, 220, 219, 252, 189, 116, 191, 223,
       123, 254, 124, 238, 243, 198, 254, 199, 122, 254, 24, 183, 107,
       251, 243, 174, 223, 52, 250, 218, 220, 200, 29, 131, 254, 207,
       189, 236, 177, 236, 255, 191, 83, 246, 247, 173, 174, 211, 255,
       111, 163, 223, 133, 191, 239, 71, 243, 190, 215, 254, 232, 159,
       212, 171, 221, 97, 237, 237, 69, 84, 15, 239, 191, 113, 162, 238,
       12, 243, 33, 20, 53, 24, 196, 122, 110, 233, 248, 245, 14, 103,
       190, 69, 20, 75, 250, 210, 56, 80, 152, 29, 250, 43, 204, 81, 183,
       175, 27, 160, 24, 190, 147, 64, 90, 133, 51, 125, 16, 18, 13, 146,
       115, 217, 247, 82, 122, 152, 0, 131, 43, 99, 255, 254, 94, 252,
       157, 93, 183, 223, 125, 190, 124, 170, 232, 214, 244, 205, 238,
       238, 28, 223, 107, 238, 247, 190, 255, 117, 251, 218, 220, 250,
       205, 99, 255, 126, 222, 253, 157, 255, 246, 239, 76, 254, 47, 42,
       234, 214, 48, 237, 235, 238, 199, 206, 59, 238, 255, 126, 127,
       183, 187, 95, 159, 234, 79, 203, 174, 227, 217, 254, 185, 237,
       119, 255, 215, 214, 222, 189, 174, 244, 237, 103, 175, 63, 157,
       243, 124, 231, 215, 188, 122, 254, 200, 150, 204, 241, 253, 208,
       93, 62, 244, 34, 206, 53, 54, 236, 138, 230, 32, 183, 151, 32, 99,
       166, 119, 108, 66, 96, 141, 50, 47, 241, 227, 122, 19, 32, 56, 37,
       59, 233, 133, 181, 125, 21, 206, 105, 31, 127, 129, 102, 16, 251,
       17, 16, 116, 209, 46, 104, 28, 59, 248, 113, 31, 239, 254, 20, 64,
       202, 128, 194, 40, 137, 180, 252, 255, 77, 126, 248, 91, 254, 51,
       255, 18, 253, 187, 72, 123, 107, 31, 122, 152, 51, 255, 251, 211,
       207, 255, 210, 65, 137, 192, 235, 170, 139, 110, 227, 215, 246,
       155, 238, 246, 125, 226, 122, 230, 249, 239, 149, 180, 126, 239,
       55, 206, 225, 252, 164, 238, 46, 126, 191, 128, 239, 245, 99, 253,
       34, 255, 235, 182, 252, 201, 191, 238, 31, 239, 220, 175, 237,
       237, 254, 0, 223, 255, 247, 215, 203, 123, 239, 247, 124, 87, 255,
       169, 85, 254, 247, 249, 215, 198, 199, 23, 2, 74, 47, 164, 185,
       218, 83, 246, 109, 102, 156, 255, 55, 103, 124, 239, 229, 212,
       173, 239, 36, 42, 254, 128, 47, 247, 163, 253, 37, 173, 79, 251,
       244, 171, 233, 215, 126, 49, 253, 146, 243, 235, 156, 56, 121,
       170, 86, 156, 58, 250, 109, 247, 238, 223, 183, 68, 245, 200, 210,
       232, 13, 232, 149, 83, 228, 43, 100, 156, 118, 179, 38, 92, 215,
       193, 201, 172, 19, 76, 98, 28, 147, 240, 221, 48, 12, 138, 117,
       100, 200, 249, 201, 128, 172, 189, 184, 122, 217, 217, 87, 184,
       90, 55, 45, 8, 234, 241, 79, 16, 153, 122, 192, 66, 106, 98, 250,
       51, 111, 215, 5, 63, 82, 91, 78, 115, 1, 141, 109, 255, 164, 139,
       111, 191, 126, 83, 254, 210, 247, 105, 152, 96, 123, 227, 126,
       142, 249, 184, 111, 255, 238, 239, 246, 192, 117, 136, 241, 232,
       73, 79, 251, 255, 116, 138, 111, 183, 117, 194, 126, 230, 243,
       235, 144, 96, 126, 238, 55, 206, 233, 188, 231, 239, 244, 175,
       182, 128, 109, 248, 240, 40, 45, 113, 48, 69, 117, 31, 230, 184,
       105, 232, 127, 76, 222, 88, 31, 180, 144, 76, 84, 110, 197, 176,
       249, 140, 39, 221, 5, 54, 74, 63, 74, 149, 29, 223, 31, 238, 54,
       135, 123, 248, 124, 200, 223, 102, 127, 211, 177, 96, 254, 107,
       30, 126, 235, 169, 41, 63, 249, 237, 47, 128, 56, 187, 33, 41, 93,
       207, 127, 239, 52, 134, 111, 248, 116, 200, 255, 102, 119, 67,
       185, 96, 118, 228, 62, 238, 201, 145, 41, 63, 240, 239, 167, 128,
       60, 187, 112, 33, 113, 156, 23, 156, 144, 38, 5, 39, 116, 10, 162,
       86, 114, 50, 32, 115, 233, 182, 104, 168, 121, 139, 81, 79, 185,
       162, 214, 82, 8, 96, 232, 14, 93, 79, 115, 79, 116, 10, 111, 184,
       117, 200, 255, 230, 115, 99, 185, 116, 126, 236, 54, 238, 201,
       178, 45, 111, 118, 174, 163, 128, 111, 179, 96, 177, 231, 180,
       148, 186, 219, 45, 214, 237, 191, 115, 185, 25, 254, 254, 76, 73,
       217, 211, 127, 55, 63, 103, 219, 243, 189, 222, 95, 126, 216, 119,
       171, 154, 166, 99, 38, 158, 125, 151, 158, 232, 142, 172, 148,
       143, 236, 200, 63, 195, 216, 97, 251, 231, 198, 199, 206, 253,
       184, 83, 207, 191, 20, 63, 61, 198, 77, 117, 80, 69, 112, 30, 118,
       184, 105, 232, 110, 76, 222, 18, 141, 244, 182, 76, 108, 106, 197,
       176, 249, 12, 38, 253, 37, 4, 74, 51, 75, 37, 246, 102, 228, 246,
       173, 91, 223, 236, 187, 182, 190, 139, 203, 238, 95, 31, 255, 213,
       239, 227, 108, 103, 239, 234, 187, 243, 207, 191, 231, 119, 102,
       118, 214, 244, 181, 146, 203, 249, 182, 200, 191, 243, 137, 58,
       204, 254, 109, 255, 243, 223, 251, 243, 51, 71, 219, 243, 189, 22,
       79, 127, 144, 127, 135, 39, 56, 241, 72, 99, 19, 207, 86, 221, 39,
       32, 236, 205, 19, 215, 64, 144, 120, 216, 213, 114, 78, 178, 216,
       46, 243, 197, 37, 53, 107, 26, 206, 26, 136, 235, 72, 111, 92,
       201, 99, 174, 134, 5, 108, 136, 163, 129, 2, 64, 64, 42, 106, 72,
       66, 40, 66, 55, 229, 133, 0, 57, 112, 138, 76, 170, 248, 56, 184,
       124, 73, 124, 85, 222, 235, 254, 164, 28, 159, 191, 67, 26, 165,
       253, 253, 0, 138, 103, 242, 129, 211, 249, 81, 62, 194, 117, 71,
       251, 38, 239, 238, 191, 252, 234, 254, 207, 63, 181, 250, 131,
       229, 238, 95, 66, 251, 207, 119, 213, 62, 251, 207, 227, 190, 63,
       255, 197, 133, 249, 255, 201, 5, 71, 13, 97, 52, 143, 103, 184,
       100, 40, 122, 76, 211, 65, 153, 48, 16, 4, 76, 110, 201, 176, 73,
       31, 228, 173, 33, 20, 72, 155, 82, 33, 5, 167, 89, 97, 244, 11,
       103, 248, 120, 168, 121, 72, 151, 65, 152, 112, 154, 76, 70, 110,
       225, 176, 201, 14, 108, 188, 39, 36, 72, 163, 67, 160, 103, 214,
       206, 159, 196, 63, 236, 239, 127, 167, 250, 95, 78, 232, 191, 141,
       251, 207, 110, 175, 244, 251, 93, 254, 60, 62, 87, 2, 221, 253,
       251, 132, 167, 165, 212, 223, 237, 119, 236, 255, 61, 251, 254,
       82, 218, 122, 141, 189, 217, 223, 126, 170, 189, 238, 89, 238,
       191, 190, 215, 150, 202, 249, 234, 133, 213, 222, 255, 167, 246,
       46, 127, 158, 119, 251, 122, 247, 213, 63, 138, 96, 119, 223, 126,
       131, 164, 252, 239, 226, 124, 239, 230, 196, 229, 243, 228, 121,
       189, 118, 233, 70, 219, 87, 31, 248, 19, 238, 189, 175, 91, 101,
       155, 180, 31, 220, 213, 238, 237, 118, 125, 190, 123, 79, 165,
       181, 111, 255, 94, 117, 238, 181, 176, 114, 201, 253, 80, 207,
       155, 23, 173, 25, 42, 255, 78, 158, 137, 155, 195, 16, 30, 75,
       250, 243, 27, 216, 21, 127, 194, 76, 206, 198, 88, 168, 255, 94,
       43, 217, 21, 230, 250, 55, 36, 56, 63, 247, 132, 191, 35, 115,
       236, 0, 114, 109, 170, 53, 91, 203, 117, 61, 98, 224, 199, 107,
       206, 149, 255, 247, 252, 123, 255, 191, 63, 127, 255, 179, 221,
       127, 156, 115, 255, 223, 255, 167, 240, 244, 235, 231, 255, 255,
       223, 199, 135, 254, 213, 247, 235, 79, 102, 79, 117, 31, 126, 189,
       125, 104, 246, 205, 235, 73, 159, 245, 62, 204, 255, 110, 237,
       176, 93, 255, 166, 251, 4, 151, 111, 190, 218, 29, 253, 84, 93,
