%YAML:1.0
---
descriptors: !!opencv-matrix
   rows: 228
   cols: 32
   dt: u
   data: [ 144, 190, 222, 179, 172, 185, 252, 215, 191, 127, 246, 247,
       239, 239, 202, 11, 111, 227, 239, 144, 191, 239, 203, 243, 222,
       211, 255, 199, 237, 192, 173, 219, 105, 253, 181, 243, 253, 205,
       109, 183, 255, 251, 126, 56, 255, 247, 192, 244, 199, 126, 255,
       28, 211, 250, 251, 179, 237, 255, 55, 248, 130, 220, 199, 233,
       163, 188, 255, 153, 237, 181, 237, 255, 255, 115, 244, 22, 188,
       190, 86, 127, 239, 235, 126, 157, 179, 255, 246, 243, 93, 26, 223,
       104, 223, 212, 227, 252, 105, 253, 21, 255, 189, 221, 79, 190,
       239, 120, 190, 104, 175, 247, 144, 244, 207, 246, 254, 78, 203,
       171, 235, 253, 175, 251, 213, 178, 90, 223, 202, 125, 138, 164,
       254, 191, 109, 225, 185, 67, 191, 31, 247, 179, 237, 187, 90, 91,
       235, 151, 255, 145, 54, 111, 195, 211, 222, 115, 250, 139, 135,
       68, 167, 203, 55, 255, 234, 207, 244, 157, 255, 248, 79, 236, 252,
       143, 105, 236, 247, 112, 254, 239, 182, 199, 198, 186, 252, 251,
       126, 125, 167, 169, 127, 191, 126, 223, 129, 189, 251, 123, 194,
       249, 117, 215, 127, 199, 122, 181, 167, 236, 214, 24, 51, 239,
       102, 28, 150, 252, 255, 98, 238, 60, 20, 64, 237, 208, 231, 222,
       45, 81, 48, 69, 117, 31, 230, 184, 109, 232, 103, 76, 218, 88, 31,
       180, 144, 76, 82, 110, 193, 176, 89, 12, 37, 253, 1, 20, 74, 63,
       74, 151, 86, 236, 144, 186, 57, 221, 18, 202, 171, 53, 137, 9,
       174, 218, 71, 150, 129, 227, 232, 83, 78, 75, 154, 247, 155, 212,
       29, 59, 18, 15, 15, 14, 77, 113, 16, 69, 112, 30, 118, 184, 105,
       168, 110, 76, 222, 115, 141, 244, 182, 76, 124, 106, 193, 176,
       217, 76, 37, 188, 37, 6, 74, 51, 75, 5, 60, 241, 65, 34, 145, 201,
       86, 221, 39, 192, 232, 205, 27, 223, 73, 144, 24, 216, 213, 114,
       79, 18, 216, 50, 251, 197, 5, 125, 107, 30, 206, 26, 22, 143, 46,
       190, 158, 130, 190, 232, 158, 4, 217, 135, 237, 234, 59, 64, 255,
       107, 147, 231, 230, 131, 14, 255, 168, 103, 175, 137, 20, 119, 57,
       210, 8, 75, 92, 255, 44, 137, 67, 132, 198, 5, 108, 129, 183, 195,
       35, 64, 66, 104, 42, 76, 66, 56, 66, 49, 230, 229, 32, 41, 50,
       155, 72, 136, 188, 109, 58, 110, 85, 91, 87, 232, 86, 4, 237, 10,
       82, 153, 41, 16, 216, 216, 194, 106, 104, 179, 72, 62, 115, 207,
       1, 57, 115, 59, 126, 162, 40, 245, 56, 122, 93, 217, 87, 232, 211,
       132, 173, 9, 234, 209, 75, 16, 153, 122, 193, 66, 106, 35, 218,
       63, 107, 213, 5, 63, 82, 27, 78, 130, 65, 12, 127, 101, 180, 46,
       111, 55, 121, 130, 110, 4, 243, 49, 17, 52, 21, 230, 120, 44, 185,
       188, 113, 110, 231, 191, 4, 0, 202, 243, 194, 40, 80, 184, 156,
       250, 169, 140, 81, 183, 171, 25, 168, 24, 190, 179, 64, 82, 163,
       147, 108, 16, 90, 77, 146, 113, 217, 245, 86, 122, 216, 0, 131,
       43, 208, 89, 63, 244, 34, 206, 53, 54, 172, 136, 230, 32, 191,
       183, 32, 99, 166, 115, 109, 64, 96, 141, 50, 47, 241, 227, 122, 3,
       32, 16, 37, 59, 131, 223, 94, 203, 178, 154, 106, 183, 125, 200,
       126, 246, 253, 115, 180, 112, 54, 103, 30, 252, 165, 156, 45, 110,
       174, 191, 39, 192, 172, 146, 169, 13, 124, 48, 184, 112, 249, 237,
       81, 90, 235, 253, 164, 29, 158, 223, 67, 58, 137, 153, 221, 20,
       154, 111, 242, 48, 219, 221, 21, 123, 194, 65, 198, 114, 2, 77,
       46, 157, 215, 176, 188, 71, 190, 7, 78, 135, 172, 170, 39, 68,
       226, 43, 179, 133, 102, 152, 2, 255, 37, 54, 154, 139, 20, 92, 61,
       206, 248, 240, 184, 116, 41, 76, 85, 156, 235, 94, 164, 29, 159,
       191, 66, 91, 133, 221, 125, 14, 202, 71, 250, 129, 211, 249, 117,
       62, 34, 113, 70, 115, 233, 112, 156, 177, 60, 156, 120, 16, 59,
       89, 242, 125, 223, 26, 3, 153, 134, 133, 252, 21, 175, 116, 209,
       16, 198, 243, 114, 129, 200, 140, 11, 19, 37, 39, 89, 97, 116, 11,
       234, 248, 120, 32, 121, 76, 215, 65, 153, 48, 58, 204, 70, 110,
       177, 178, 72, 94, 44, 158, 35, 100, 76, 171, 67, 160, 248, 237,
       152, 178, 153, 221, 84, 239, 179, 183, 164, 25, 175, 219, 74, 155,
       129, 211, 233, 16, 126, 75, 218, 55, 251, 211, 21, 127, 130, 84,
       143, 10, 237, 108, 149, 49, 173, 111, 64, 194, 251, 250, 34, 25,
       158, 49, 65, 187, 137, 102, 104, 28, 45, 117, 248, 34, 137, 218,
       85, 54, 194, 125, 82, 74, 98, 188, 123, 92, 122, 232, 177, 102,
       168, 71, 104, 169, 60, 191, 36, 80, 167, 127, 227, 0, 19, 27, 178,
       117, 85, 38, 26, 42, 192, 64, 39, 251, 168, 252, 61, 91, 221, 253,
       165, 191, 222, 54, 44, 24, 242, 245, 77, 181, 137, 122, 194, 2,
       99, 108, 122, 63, 45, 27, 69, 59, 208, 120, 198, 227, 117, 53,
       248, 70, 159, 127, 210, 234, 65, 226, 173, 30, 82, 120, 95, 50,
       153, 198, 80, 51, 189, 99, 253, 14, 59, 14, 5, 127, 233, 107, 90,
       6, 207, 254, 192, 23, 178, 26, 63, 189, 62, 231, 79, 252, 204, 98,
       142, 221, 55, 79, 236, 167, 247, 220, 253, 239, 172, 54, 95, 198,
       142, 247, 139, 85, 120, 169, 188, 122, 137, 140, 93, 159, 162, 53,
       164, 25, 191, 247, 74, 26, 1, 214, 121, 156, 26, 75, 218, 49, 219,
       235, 85, 125, 162, 208, 134, 106, 88, 170, 255, 84, 139, 217, 85,
       230, 243, 31, 164, 40, 47, 183, 192, 63, 35, 246, 236, 0, 82, 107,
       162, 53, 219, 227, 117, 123, 227, 128, 135, 235, 47, 241, 237, 79,
       234, 87, 159, 189, 23, 248, 117, 238, 88, 124, 159, 37, 30, 222,
       55, 238, 205, 242, 125, 125, 111, 11, 101, 180, 127, 255, 128,
       245, 237, 252, 237, 69, 236, 78, 111, 190, 82, 250, 22, 94, 211,
       53, 209, 111, 85, 196, 124, 111, 233, 244, 253, 10, 109, 47, 229,
       148, 174, 249, 80, 113, 0, 189, 235, 123, 240, 170, 239, 215, 126,
       67, 122, 245, 183, 236, 148, 48, 59, 255, 95, 149, 179, 248, 221,
       123, 108, 44, 54, 192, 237, 208, 227, 184, 221, 156, 238, 119,
       178, 126, 95, 190, 113, 78, 246, 244, 123, 127, 158, 116, 55, 246,
       253, 170, 185, 133, 61, 47, 234, 239, 37, 212, 239, 245, 230, 113,
       72, 190, 254, 251, 168, 237, 121, 155, 255, 31, 190, 52, 191, 243,
       66, 122, 199, 183, 255, 24, 186, 77, 251, 243, 205, 255, 127, 248,
       130, 192, 231, 105, 143, 190, 222, 179, 172, 187, 252, 151, 190,
       91, 247, 245, 253, 238, 194, 203, 239, 243, 255, 148, 183, 253,
       79, 243, 206, 211, 255, 196, 140, 192, 169, 217, 216, 158, 252,
       191, 174, 169, 125, 159, 190, 63, 182, 245, 255, 247, 194, 91,
       103, 247, 238, 16, 178, 237, 203, 243, 220, 243, 119, 209, 172,
       200, 141, 123, 233, 173, 189, 249, 189, 221, 125, 191, 255, 125,
       190, 24, 175, 231, 210, 246, 207, 170, 254, 24, 251, 107, 243,
       215, 255, 223, 23, 251, 194, 204, 207, 253, 139, 252, 231, 217,
       205, 189, 237, 215, 255, 83, 246, 22, 188, 190, 86, 111, 235, 171,
       127, 140, 179, 127, 247, 211, 223, 90, 222, 72, 223, 92, 227, 252,
       86, 18, 142, 164, 162, 34, 61, 65, 172, 158, 223, 231, 205, 231,
       171, 74, 38, 245, 237, 165, 4, 209, 131, 200, 208, 167, 250, 129,
       132, 118, 45, 83, 99, 253, 122, 204, 252, 217, 127, 254, 95, 110,
       252, 142, 187, 232, 247, 52, 223, 234, 86, 204, 207, 58, 246, 255,
       62, 223, 181, 169, 95, 222, 250, 221, 238, 182, 240, 187, 108,
       161, 249, 90, 191, 31, 253, 177, 205, 239, 202, 91, 207, 151, 239,
       145, 58, 103, 203, 211, 222, 247, 250, 239, 150, 197, 231, 227,
       128, 172, 191, 251, 229, 249, 184, 103, 255, 187, 119, 50, 188,
       191, 64, 107, 227, 63, 255, 16, 50, 252, 227, 211, 207, 251, 254,
       99, 146, 72, 133, 170, 117, 204, 239, 229, 214, 111, 239, 250,
       111, 226, 254, 138, 83, 109, 21, 112, 123, 236, 127, 126, 209,
       178, 125, 254, 127, 239, 167, 4, 245, 251, 80, 224, 50, 255, 107,
       239, 246, 135, 191, 254, 30, 192, 220, 231, 121, 221, 177, 0, 126,
       251, 151, 231, 203, 187, 60, 255, 253, 69, 175, 168, 125, 255,
       244, 249, 247, 110, 230, 150, 173, 191, 118, 232, 255, 254, 191,
