%YAML:1.0
---
descriptors: !!opencv-matrix
   rows: 350
   cols: 32
   dt: u
   data: [ 144, 109, 62, 118, 18, 216, 181, 230, 252, 134, 226, 9, 38,
       174, 39, 51, 162, 115, 232, 64, 100, 237, 32, 110, 243, 227, 86,
       3, 97, 80, 39, 78, 199, 121, 127, 250, 108, 4, 237, 216, 255, 218,
       242, 70, 217, 219, 221, 59, 110, 229, 127, 207, 233, 119, 255,
       240, 215, 249, 231, 136, 111, 177, 226, 33, 146, 173, 214, 223,
       159, 148, 252, 103, 189, 3, 246, 18, 236, 251, 36, 167, 234, 251,
       255, 136, 106, 203, 147, 235, 183, 254, 222, 3, 75, 80, 235, 142,
       85, 35, 153, 166, 184, 3, 14, 205, 106, 169, 137, 105, 199, 226,
       200, 82, 146, 199, 108, 213, 31, 67, 203, 0, 184, 164, 47, 126,
       128, 51, 131, 5, 120, 206, 150, 54, 157, 123, 86, 238, 145, 167,
       165, 25, 102, 232, 42, 21, 153, 247, 228, 32, 44, 239, 8, 175,
       186, 247, 21, 27, 227, 125, 238, 70, 74, 190, 151, 179, 232, 233,
       189, 223, 190, 63, 154, 177, 172, 247, 200, 75, 239, 211, 239,
       145, 50, 75, 203, 241, 252, 210, 255, 239, 134, 80, 167, 187, 141,
       101, 255, 231, 180, 14, 239, 248, 52, 238, 254, 80, 221, 127, 25,
       49, 120, 205, 95, 238, 232, 208, 121, 250, 231, 255, 167, 132,
       224, 243, 98, 227, 188, 111, 60, 239, 236, 15, 127, 252, 126, 174,
       252, 10, 215, 123, 43, 80, 252, 204, 127, 106, 232, 242, 249, 62,
       247, 239, 231, 60, 48, 251, 226, 227, 117, 179, 88, 34, 210, 15,
       86, 221, 39, 168, 233, 105, 23, 219, 72, 16, 156, 219, 69, 114,
       94, 154, 201, 57, 250, 197, 37, 245, 105, 26, 202, 11, 205, 212,
       117, 223, 254, 126, 111, 186, 125, 250, 119, 250, 219, 101, 157,
       237, 127, 204, 126, 46, 225, 244, 237, 238, 62, 186, 231, 132,
       119, 249, 80, 53, 2, 66, 38, 155, 9, 144, 188, 206, 143, 31, 68,
       135, 172, 142, 47, 78, 196, 43, 187, 133, 70, 20, 194, 241, 6, 48,
       154, 139, 22, 20, 53, 222, 17, 135, 106, 169, 148, 159, 238, 55,
       68, 65, 94, 199, 179, 8, 182, 64, 120, 170, 22, 237, 223, 184, 85,
       157, 110, 45, 162, 192, 125, 142, 248, 156, 28, 85, 173, 239, 180,
       70, 223, 184, 20, 238, 159, 3, 213, 127, 59, 96, 93, 85, 63, 227,
       233, 129, 121, 174, 233, 239, 175, 148, 180, 123, 53, 83, 39, 249,
       174, 155, 93, 157, 176, 200, 239, 125, 214, 15, 234, 200, 126,
       192, 232, 169, 250, 85, 142, 123, 223, 241, 158, 88, 143, 123,
       221, 14, 120, 198, 73, 231, 120, 69, 48, 30, 111, 184, 125, 236,
       126, 68, 207, 32, 151, 244, 182, 76, 76, 110, 197, 176, 109, 78,
       230, 253, 37, 132, 74, 166, 75, 109, 126, 103, 104, 6, 237, 91,
       87, 120, 65, 236, 189, 175, 67, 108, 223, 150, 92, 196, 196, 102,
       204, 34, 236, 136, 242, 89, 133, 189, 119, 255, 94, 212, 181, 113,
       104, 79, 124, 27, 194, 108, 86, 168, 245, 173, 115, 200, 223, 48,
       88, 200, 6, 111, 222, 50, 207, 59, 38, 13, 33, 189, 125, 186, 90,
       132, 200, 121, 19, 181, 49, 207, 49, 150, 168, 168, 98, 8, 190,
       147, 1, 80, 162, 117, 76, 72, 65, 153, 144, 32, 237, 212, 22, 0,
       72, 16, 3, 59, 105, 156, 119, 85, 48, 90, 231, 55, 120, 90, 98,
       72, 243, 55, 148, 247, 0, 116, 116, 42, 225, 248, 117, 13, 37,
       250, 96, 16, 75, 160, 70, 188, 121, 158, 111, 102, 178, 30, 95,
       181, 113, 110, 191, 252, 123, 125, 154, 240, 55, 246, 221, 44,
       249, 141, 125, 47, 250, 239, 37, 208, 110, 166, 206, 125, 0, 225,
       148, 217, 221, 137, 160, 239, 206, 49, 32, 88, 180, 146, 104, 128,
       129, 27, 106, 16, 83, 41, 90, 117, 45, 144, 23, 126, 88, 8, 137,
       139, 9, 190, 159, 251, 172, 173, 73, 223, 255, 91, 180, 84, 191,
       243, 208, 123, 199, 163, 126, 28, 187, 109, 234, 243, 207, 223,
       119, 248, 216, 192, 227, 57, 13, 48, 149, 71, 40, 111, 97, 152,
       119, 51, 71, 100, 211, 17, 137, 252, 81, 220, 124, 24, 27, 208,
       121, 0, 141, 254, 49, 68, 170, 131, 0, 33, 193, 170, 159, 249,
       172, 169, 109, 158, 239, 91, 178, 116, 191, 227, 208, 123, 207,
       227, 126, 156, 187, 109, 227, 241, 220, 219, 255, 248, 140, 192,
       161, 41, 131, 182, 223, 251, 230, 168, 185, 87, 62, 91, 83, 246,
       189, 191, 248, 107, 231, 31, 63, 157, 179, 220, 227, 211, 76, 187,
       250, 192, 157, 200, 161, 185, 210, 184, 150, 176, 11, 253, 16, 71,
       191, 23, 160, 25, 174, 158, 70, 223, 163, 179, 249, 16, 54, 79,
       146, 209, 155, 208, 94, 123, 128, 68, 175, 31, 5, 123, 251, 207,
       244, 138, 239, 216, 127, 232, 127, 230, 217, 79, 157, 36, 94, 108,
       22, 254, 193, 176, 237, 254, 110, 190, 175, 132, 79, 187, 83, 241,
       69, 49, 189, 69, 140, 111, 229, 22, 206, 251, 62, 8, 210, 53, 213,
       46, 9, 86, 106, 30, 129, 225, 249, 0, 77, 154, 85, 20, 195, 249,
       65, 50, 84, 209, 127, 230, 222, 75, 127, 249, 175, 48, 251, 139,
       255, 255, 44, 98, 122, 211, 127, 226, 91, 49, 27, 241, 247, 201,
       135, 32, 119, 251, 229, 50, 118, 236, 236, 173, 220, 106, 239,
       234, 111, 246, 250, 3, 207, 110, 83, 82, 249, 205, 127, 243, 30,
       178, 207, 246, 253, 247, 143, 125, 181, 127, 118, 194, 181, 134,
       207, 255, 116, 43, 235, 218, 86, 171, 251, 222, 115, 227, 249,
       105, 121, 236, 54, 140, 185, 246, 237, 186, 220, 175, 243, 228,
       189, 233, 112, 160, 38, 174, 215, 187, 254, 233, 185, 206, 190,
       61, 251, 243, 172, 238, 204, 8, 239, 187, 239, 145, 54, 251, 75,
       243, 92, 22, 63, 199, 213, 77, 231, 203, 45, 161, 97, 195, 213,
       159, 111, 189, 127, 225, 255, 14, 219, 105, 158, 180, 90, 206, 94,
       124, 159, 186, 125, 255, 46, 220, 133, 116, 239, 143, 210, 20,
       252, 223, 249, 102, 180, 94, 95, 189, 49, 238, 191, 237, 91, 61,
       16, 242, 254, 215, 253, 231, 249, 131, 249, 174, 251, 255, 229,
       150, 39, 251, 212, 115, 88, 156, 31, 250, 59, 224, 49, 103, 190,
       25, 236, 48, 188, 215, 32, 113, 227, 59, 234, 0, 35, 9, 34, 117,
       209, 179, 82, 27, 16, 64, 39, 43, 43, 199, 97, 207, 92, 27, 238,
       253, 87, 96, 249, 207, 243, 72, 158, 212, 92, 204, 55, 239, 239,
       186, 125, 191, 62, 127, 135, 228, 125, 158, 218, 220, 134, 253,
       150, 187, 239, 205, 182, 231, 159, 183, 80, 19, 172, 254, 102,
       137, 235, 123, 163, 83, 118, 89, 26, 243, 47, 18, 95, 111, 144,
       93, 141, 203, 145, 157, 63, 245, 54, 207, 113, 54, 236, 200, 102,
       0, 183, 183, 34, 97, 166, 51, 92, 72, 160, 169, 49, 47, 233, 233,
       50, 80, 0, 8, 5, 107, 7, 157, 215, 223, 211, 182, 174, 232, 255,
       64, 123, 198, 108, 226, 173, 228, 255, 107, 178, 206, 231, 147,
       62, 255, 46, 62, 143, 138, 31, 119, 41, 181, 7, 143, 62, 158, 247,
       185, 190, 224, 252, 76, 91, 167, 236, 232, 55, 64, 231, 107, 170,
       199, 230, 185, 14, 255, 126, 54, 15, 139, 29, 127, 41, 199, 181,
       84, 253, 69, 164, 111, 199, 184, 80, 250, 63, 94, 211, 117, 157,
       47, 93, 212, 20, 106, 249, 244, 125, 10, 107, 143, 101, 20, 253,
       251, 208, 113, 200, 180, 149, 241, 169, 236, 49, 151, 187, 183,
       35, 29, 156, 167, 64, 27, 133, 55, 233, 16, 50, 76, 250, 66, 205,
       146, 95, 118, 130, 64, 135, 114, 184, 172, 158, 188, 203, 233, 20,
       239, 146, 23, 164, 25, 134, 243, 34, 27, 129, 115, 233, 0, 124,
       79, 90, 50, 251, 195, 85, 123, 240, 120, 142, 138, 62, 157, 115,
       247, 247, 195, 254, 224, 189, 196, 255, 163, 232, 255, 54, 144,
       239, 243, 255, 195, 120, 179, 72, 239, 255, 223, 143, 131, 7, 111,
       103, 242, 40, 245, 113, 75, 181, 223, 119, 189, 125, 12, 127, 40,
       251, 87, 140, 245, 82, 156, 204, 106, 233, 176, 121, 253, 231,
       249, 5, 7, 98, 150, 198, 127, 33, 238, 67, 105, 80, 171, 99, 23,
       102, 3, 106, 200, 179, 129, 144, 144, 89, 168, 78, 28, 202, 184,
       69, 23, 164, 157, 48, 64, 225, 136, 210, 136, 2, 207, 26, 155,
       245, 211, 183, 231, 30, 13, 92, 34, 172, 243, 162, 68, 251, 59,
       130, 129, 118, 152, 96, 255, 110, 247, 158, 195, 22, 88, 189, 207,
       5, 47, 216, 17, 164, 63, 101, 151, 126, 178, 110, 220, 151, 32,
       211, 41, 19, 110, 34, 28, 247, 248, 245, 34, 236, 141, 53, 36,
