%YAML:1.0
---
descriptors: !!opencv-matrix
   rows: 84
   cols: 32
   dt: u
   data: [ 124, 0, 62, 204, 28, 82, 210, 88, 196, 132, 247, 2, 82, 201,
       189, 192, 88, 180, 171, 106, 8, 163, 18, 140, 83, 169, 131, 29,
       55, 171, 124, 2, 19, 40, 226, 132, 87, 150, 186, 66, 28, 196, 92,
       135, 40, 236, 119, 0, 254, 233, 147, 149, 133, 187, 52, 234, 58,
       12, 143, 139, 205, 36, 59, 220, 5, 178, 19, 137, 236, 165, 184,
       89, 142, 27, 89, 114, 156, 210, 232, 42, 207, 25, 19, 29, 19, 52,
       138, 208, 140, 144, 175, 238, 156, 202, 161, 161, 98, 176, 161,
       160, 239, 101, 185, 207, 138, 123, 153, 127, 156, 188, 92, 10,
       141, 147, 211, 145, 147, 107, 218, 211, 29, 20, 159, 255, 221, 76,
       151, 251, 138, 154, 170, 187, 255, 225, 184, 199, 159, 31, 84,
       183, 172, 205, 54, 72, 239, 59, 151, 149, 54, 62, 2, 247, 222, 87,
       158, 235, 149, 76, 189, 219, 59, 140, 43, 218, 93, 245, 195, 99,
       214, 73, 200, 2, 48, 253, 52, 224, 217, 170, 19, 141, 58, 171, 50,
       255, 115, 63, 154, 73, 19, 11, 112, 234, 90, 159, 158, 185, 147,
       170, 60, 39, 190, 7, 207, 181, 237, 231, 34, 80, 247, 55, 237,
       144, 50, 201, 1, 95, 234, 231, 30, 211, 144, 68, 173, 19, 144,
       219, 31, 171, 54, 199, 83, 112, 4, 76, 211, 102, 118, 87, 168, 65,
       124, 144, 14, 226, 233, 189, 97, 29, 240, 162, 162, 194, 56, 10,
       52, 115, 158, 106, 235, 182, 166, 192, 239, 192, 144, 198, 212,
       163, 41, 205, 243, 8, 126, 233, 151, 199, 232, 215, 174, 234, 208,
       69, 190, 137, 37, 255, 54, 232, 43, 191, 121, 153, 250, 181, 185,
       87, 155, 121, 28, 253, 188, 156, 246, 32, 143, 59, 151, 21, 151,
       42, 98, 213, 110, 93, 62, 234, 220, 76, 135, 247, 247, 126, 239,
       4, 226, 50, 188, 246, 169, 254, 190, 239, 72, 44, 215, 191, 47,
       213, 245, 167, 229, 87, 165, 200, 54, 75, 237, 134, 239, 244, 106,
       93, 23, 134, 107, 193, 150, 171, 233, 91, 22, 97, 95, 246, 89,
       138, 188, 96, 127, 137, 23, 189, 147, 177, 37, 214, 92, 14, 186,
       196, 189, 202, 241, 161, 10, 221, 22, 159, 213, 214, 190, 231, 29,
       79, 90, 19, 236, 126, 38, 193, 249, 123, 179, 131, 116, 152, 27,
       255, 39, 119, 222, 131, 22, 92, 189, 222, 235, 126, 230, 84, 235,
       90, 125, 183, 249, 246, 54, 175, 9, 45, 215, 63, 39, 229, 253,
       239, 228, 93, 164, 200, 118, 123, 93, 183, 103, 244, 94, 95, 162,
       121, 38, 156, 77, 221, 180, 68, 204, 208, 240, 11, 168, 156, 55,
       15, 200, 232, 211, 71, 228, 103, 210, 232, 53, 56, 202, 42, 89,
       61, 123, 222, 189, 151, 102, 8, 180, 159, 238, 113, 85, 104, 211,
       230, 83, 200, 190, 161, 126, 160, 22, 175, 253, 179, 5, 158, 58,
       75, 163, 196, 125, 174, 248, 133, 4, 13, 18, 158, 93, 209, 146,
       98, 94, 4, 88, 3, 164, 200, 55, 64, 200, 107, 130, 67, 6, 170, 10,
       191, 100, 54, 2, 11, 20, 15, 61, 142, 34, 12, 162, 154, 85, 183,
       170, 66, 30, 65, 88, 3, 224, 204, 54, 196, 217, 42, 147, 149, 150,
       186, 70, 255, 37, 62, 138, 203, 149, 14, 120, 198, 60, 0, 66, 236,
       69, 6, 66, 88, 69, 130, 242, 3, 75, 9, 61, 80, 120, 140, 6, 226,
       12, 183, 17, 140, 19, 233, 128, 7, 119, 171, 112, 130, 131, 190,
       98, 19, 83, 180, 184, 67, 124, 69, 87, 151, 169, 140, 54, 37, 46,
       43, 147, 149, 183, 184, 52, 207, 15, 24, 154, 194, 77, 4, 187,
       220, 113, 157, 107, 68, 52, 78, 207, 55, 104, 200, 254, 72, 115,
       61, 150, 48, 24, 230, 84, 110, 217, 184, 117, 15, 97, 173, 160,
       144, 69, 234, 210, 105, 104, 125, 123, 100, 236, 93, 247, 117,
       192, 168, 60, 8, 59, 25, 145, 50, 8, 116, 85, 106, 200, 35, 240,
       168, 103, 201, 37, 56, 99, 250, 210, 171, 151, 102, 225, 177, 198,
       36, 173, 218, 56, 242, 16, 223, 25, 12, 223, 11, 63, 205, 55, 255,
       129, 86, 191, 224, 84, 10, 255, 164, 173, 245, 51, 241, 182, 203,
       115, 192, 223, 217, 190, 97, 169, 164, 181, 171, 12, 140, 116, 1,
       174, 177, 199, 243, 212, 43, 36, 252, 123, 16, 15, 235, 101, 46,
       167, 199, 3, 90, 193, 159, 98, 237, 169, 210, 30, 74, 80, 231,
       189, 142, 183, 236, 39, 105, 55, 199, 135, 20, 55, 243, 4, 22,
       186, 162, 61, 221, 1, 253, 3, 59, 233, 85, 226, 91, 189, 215, 59,
       238, 60, 239, 40, 172, 215, 42, 175, 127, 247, 197, 197, 120, 164,
       224, 14, 29, 255, 163, 207, 244, 95, 253, 98, 122, 226, 212, 231,
       116, 188, 71, 185, 238, 94, 143, 40, 172, 87, 159, 175, 255, 179,
       133, 196, 250, 182, 200, 55, 30, 223, 171, 199, 244, 223, 223,
       162, 73, 10, 158, 77, 213, 156, 69, 157, 14, 208, 27, 172, 202,
       37, 141, 200, 169, 147, 195, 100, 103, 210, 217, 53, 16, 222, 43,
       17, 24, 44, 142, 42, 139, 36, 153, 245, 215, 190, 235, 31, 93, 84,
       35, 236, 252, 54, 196, 221, 59, 147, 209, 246, 184, 107, 255, 45,
       86, 159, 199, 215, 12, 245, 207, 26, 82, 114, 140, 43, 114, 188,
       70, 173, 198, 222, 167, 44, 174, 39, 200, 238, 177, 255, 131, 4,
       131, 50, 200, 211, 247, 90, 139, 135, 116, 37, 223, 2, 141, 20,
       153, 213, 215, 180, 239, 31, 23, 94, 19, 236, 106, 34, 196, 209,
       11, 163, 1, 118, 184, 75, 255, 47, 118, 222, 71, 146, 76, 189,
       142, 67, 141, 112, 218, 254, 132, 184, 231, 139, 25, 24, 114, 188,
       222, 180, 0, 167, 51, 63, 149, 146, 11, 2, 245, 56, 28, 186, 234,
       148, 128, 161, 41, 84, 64, 81, 128, 70, 8, 230, 64, 41, 2, 177,
       10, 142, 10, 41, 64, 106, 128, 14, 234, 64, 34, 64, 192, 180, 148,
       138, 56, 117, 59, 113, 160, 52, 1, 65, 161, 212, 10, 234, 64, 105,
       0, 251, 2, 11, 10, 29, 80, 120, 129, 6, 241, 8, 178, 65, 200, 180,
       140, 130, 0, 229, 26, 112, 128, 52, 73, 80, 225, 85, 2, 74, 96,
       65, 32, 242, 2, 3, 27, 5, 80, 248, 133, 6, 226, 8, 178, 81, 204,
       179, 216, 130, 7, 101, 139, 112, 6, 106, 92, 238, 94, 201, 116,
       220, 167, 161, 206, 206, 5, 104, 254, 23, 122, 205, 247, 249, 135,
       204, 79, 243, 234, 51, 127, 222, 139, 7, 116, 118, 94, 107, 145,
       228, 94, 73, 84, 248, 45, 107, 85, 109, 5, 104, 126, 30, 246, 196,
       151, 177, 133, 150, 10, 247, 193, 23, 126, 218, 203, 31, 6, 234,
       94, 59, 78, 236, 172, 62, 163, 203, 222, 86, 204, 220, 231, 35,
       200, 179, 0, 126, 232, 7, 253, 174, 163, 69, 189, 240, 77, 169,
       156, 253, 253, 120, 205, 28, 20, 19, 233, 148, 231, 99, 80, 20, 9,
       219, 82, 215, 87, 168, 64, 120, 60, 31, 56, 25, 144, 25, 14, 201,
       166, 163, 68, 176, 139, 52, 32, 125, 90, 227, 229, 100, 138, 111,
       16, 69, 202, 254, 230, 113, 99, 177, 110, 126, 228, 54, 238, 201,
       176, 101, 136, 118, 239, 231, 128, 47, 251, 112, 49, 147, 133, 71,
       225, 150, 131, 232, 127, 36, 113, 90, 210, 25, 11, 184, 97, 123,
       135, 31, 188, 51, 152, 5, 213, 252, 136, 186, 196, 181, 136, 161,
       168, 147, 94, 107, 236, 98, 2, 109, 86, 180, 74, 212, 230, 49,
       135, 177, 97, 110, 185, 23, 236, 233, 135, 36, 206, 242, 233, 170,
       136, 53, 240, 32, 249, 131, 187, 105, 251, 246, 153, 191, 247,
       159, 81, 20, 247, 189, 156, 214, 32, 143, 59, 23, 221, 247, 120,
       110, 247, 110, 29, 62, 234, 213, 134, 131, 253, 42, 220, 114, 91,
       87, 253, 248, 71, 127, 15, 116, 19, 40, 220, 52, 228, 251, 59,
       147, 128, 230, 188, 50, 247, 7, 30, 18, 67, 87, 12, 109, 143, 39,
       105, 224, 8, 221, 245, 178, 207, 207, 69, 248, 10, 8, 152, 247,
       164, 216, 25, 146, 113, 134, 35, 118, 209, 61, 28, 139, 111, 213,
       94, 127, 198, 2, 137, 16, 155, 149, 209, 176, 175, 31, 5, 91, 3,
       236, 234, 38, 196, 209, 43, 163, 1, 22, 152, 75, 245, 15, 54, 158,
       67, 18, 14, 29, 206, 33, 157, 122, 68, 116, 62, 207, 55, 65, 232,
       254, 10, 115, 57, 150, 36, 30, 230, 20, 104, 249, 186, 101, 143,
       119, 222, 32, 144, 103, 234, 210, 41, 52, 60, 126, 241, 149, 239,
       210, 70, 221, 171, 188, 28, 54, 57, 37, 17, 169, 179, 87, 48, 58,
       233, 17, 222, 235, 223, 21, 83, 193, 73, 64, 139, 98, 20, 232,
       222, 109, 116, 156, 39, 168, 195, 204, 11, 120, 254, 86, 114, 200,
