%YAML:1.0
---
descriptors: !!opencv-matrix
   rows: 227
   cols: 32
   dt: u
   data: [ 71, 255, 197, 129, 186, 2, 62, 159, 42, 249, 26, 237, 204,
       102, 203, 158, 23, 71, 253, 245, 215, 88, 221, 104, 172, 22, 237,
       246, 140, 246, 139, 221, 134, 254, 151, 243, 170, 239, 61, 210,
       191, 250, 146, 126, 246, 255, 193, 107, 167, 119, 127, 83, 227,
       253, 59, 243, 157, 146, 127, 210, 136, 121, 5, 121, 60, 109, 122,
       119, 212, 202, 111, 244, 117, 132, 127, 2, 83, 247, 51, 112, 120,
       252, 18, 234, 104, 178, 40, 110, 119, 239, 167, 0, 99, 179, 230,
       224, 67, 149, 231, 21, 166, 122, 173, 55, 124, 235, 90, 244, 241,
       44, 150, 239, 55, 103, 124, 45, 245, 216, 165, 74, 12, 62, 127,
       128, 204, 228, 145, 125, 214, 231, 198, 174, 187, 50, 62, 236,
       191, 158, 222, 167, 76, 239, 175, 223, 247, 215, 239, 230, 100,
       67, 143, 254, 186, 118, 207, 159, 182, 247, 173, 95, 139, 216,
       252, 255, 251, 95, 189, 191, 126, 127, 86, 182, 253, 61, 154, 239,
       7, 87, 255, 93, 247, 220, 125, 247, 111, 127, 126, 199, 182, 244,
       141, 253, 120, 52, 187, 100, 105, 108, 17, 107, 168, 150, 164, 56,
       30, 183, 64, 51, 131, 21, 72, 32, 48, 79, 178, 2, 219, 213, 81,
       63, 64, 96, 39, 98, 124, 117, 248, 101, 176, 111, 95, 191, 113,
       238, 254, 8, 243, 117, 139, 48, 60, 222, 116, 106, 232, 242, 249,
       46, 255, 239, 37, 20, 224, 242, 198, 121, 214, 175, 173, 186, 157,
       193, 159, 237, 151, 95, 145, 187, 236, 239, 106, 75, 221, 219,
       255, 145, 58, 75, 203, 243, 249, 83, 223, 191, 148, 124, 181, 123,
       125, 249, 148, 30, 173, 157, 86, 200, 235, 88, 173, 12, 238, 240,
       79, 182, 153, 226, 236, 74, 207, 99, 218, 241, 187, 219, 69, 63,
       90, 119, 202, 7, 147, 201, 2, 186, 147, 130, 62, 231, 182, 65,
       194, 135, 40, 194, 50, 192, 248, 171, 171, 213, 126, 159, 6, 255,
       184, 39, 158, 203, 57, 4, 184, 158, 93, 245, 148, 114, 169, 189,
       87, 190, 239, 59, 174, 24, 238, 243, 200, 255, 135, 215, 236, 90,
       63, 73, 251, 115, 251, 247, 85, 126, 138, 87, 139, 45, 133, 175,
       253, 255, 244, 14, 235, 248, 126, 200, 118, 214, 253, 99, 152, 97,
       62, 239, 126, 238, 177, 240, 237, 255, 204, 239, 103, 132, 237,
       233, 99, 177, 66, 177, 150, 154, 75, 217, 48, 73, 175, 53, 160,
       41, 172, 222, 110, 218, 163, 59, 235, 17, 22, 75, 146, 241, 157,
       144, 90, 123, 144, 4, 143, 79, 3, 104, 239, 225, 104, 0, 232, 24,
       238, 209, 82, 198, 185, 138, 213, 234, 110, 109, 127, 221, 135,
       212, 199, 192, 134, 249, 250, 168, 44, 147, 105, 144, 92, 249,
       158, 166, 155, 70, 30, 253, 162, 224, 142, 35, 125, 255, 67, 66,
       54, 247, 253, 243, 89, 203, 155, 232, 251, 227, 111, 159, 172, 50,
       169, 27, 130, 154, 138, 157, 18, 129, 56, 198, 158, 69, 66, 183,
       172, 234, 34, 64, 231, 43, 179, 149, 38, 156, 2, 255, 164, 54,
       154, 203, 156, 4, 41, 159, 207, 190, 166, 150, 166, 191, 188, 243,
       255, 254, 23, 255, 236, 232, 255, 139, 183, 103, 255, 39, 164,
       245, 143, 255, 190, 123, 127, 166, 206, 253, 153, 69, 178, 71,
       106, 172, 94, 3, 222, 105, 21, 132, 218, 163, 65, 206, 55, 64,
       126, 185, 135, 227, 236, 167, 69, 158, 178, 231, 171, 153, 117,
       190, 60, 198, 33, 101, 65, 69, 116, 27, 226, 125, 117, 232, 251,
       110, 89, 24, 148, 164, 126, 140, 86, 236, 197, 178, 101, 222, 54,
       60, 161, 128, 111, 142, 250, 141, 148, 93, 31, 254, 19, 194, 55,
       104, 188, 134, 99, 2, 118, 247, 41, 81, 242, 253, 11, 98, 97, 135,
       58, 47, 241, 167, 111, 9, 48, 51, 39, 50, 188, 244, 248, 97, 172,
       127, 94, 152, 87, 254, 181, 41, 211, 125, 219, 27, 93, 220, 223,
       122, 172, 102, 249, 146, 239, 217, 165, 253, 247, 251, 94, 211,
       42, 173, 49, 218, 221, 245, 150, 231, 223, 23, 168, 9, 46, 248,
       100, 132, 201, 123, 195, 3, 126, 107, 90, 191, 59, 222, 23, 123,
       83, 92, 214, 142, 83, 255, 69, 71, 186, 27, 78, 189, 171, 232,
       154, 236, 104, 102, 220, 183, 54, 231, 253, 238, 213, 73, 237,
       253, 62, 24, 77, 182, 79, 182, 139, 61, 25, 1, 119, 77, 100, 74,
       105, 49, 101, 96, 119, 66, 147, 3, 144, 117, 106, 132, 62, 168,
       201, 180, 101, 12, 70, 168, 226, 128, 111, 170, 80, 40, 95, 191,
       103, 39, 178, 138, 111, 189, 40, 232, 75, 236, 249, 98, 152, 118,
       54, 103, 125, 255, 209, 216, 237, 109, 236, 46, 47, 196, 46, 167,
       147, 117, 236, 118, 56, 101, 32, 78, 127, 24, 121, 174, 118, 8,
       223, 23, 3, 49, 150, 92, 93, 106, 224, 244, 249, 10, 231, 249, 37,
       128, 64, 243, 70, 243, 120, 205, 18, 190, 157, 212, 86, 230, 151,
       0, 202, 1, 239, 250, 43, 208, 200, 235, 171, 195, 110, 139, 90,
       191, 179, 247, 158, 27, 26, 95, 168, 14, 54, 255, 217, 225, 150,
       111, 79, 218, 123, 255, 185, 78, 91, 107, 95, 24, 251, 207, 68,
       242, 171, 114, 249, 250, 185, 158, 165, 180, 253, 123, 206, 81,
       114, 162, 236, 86, 141, 125, 220, 207, 251, 247, 164, 153, 202,
       236, 94, 31, 137, 198, 237, 21, 62, 111, 255, 224, 155, 91, 85,
       63, 199, 124, 222, 86, 198, 157, 159, 254, 187, 224, 55, 175, 190,
       19, 138, 48, 252, 247, 104, 107, 227, 115, 251, 146, 51, 77, 154,
       243, 249, 183, 95, 75, 152, 81, 165, 58, 92, 77, 18, 190, 149,
       150, 126, 224, 181, 132, 238, 3, 111, 235, 35, 208, 240, 251, 171,
       227, 76, 147, 26, 175, 243, 231, 135, 9, 34, 55, 168, 2, 41, 136,
       156, 222, 77, 253, 214, 202, 207, 82, 172, 8, 182, 249, 39, 190,
       201, 98, 234, 74, 15, 43, 90, 185, 71, 31, 80, 59, 210, 121, 90,
       142, 57, 159, 84, 111, 187, 155, 22, 189, 71, 40, 126, 232, 111,
       109, 130, 180, 22, 242, 204, 96, 220, 169, 77, 189, 170, 213, 37,
       243, 122, 142, 138, 29, 13, 191, 83, 43, 179, 155, 38, 223, 46,
       77, 105, 229, 239, 231, 163, 148, 23, 43, 198, 84, 19, 152, 72,
       61, 236, 199, 37, 192, 250, 198, 131, 217, 246, 253, 254, 90, 237,
       253, 214, 239, 251, 246, 189, 25, 78, 252, 126, 190, 185, 247,
       255, 83, 126, 111, 186, 243, 251, 219, 69, 127, 195, 127, 223,
       246, 72, 44, 152, 117, 24, 236, 65, 23, 238, 141, 238, 8, 183, 51,
       0, 83, 129, 38, 104, 24, 26, 104, 209, 13, 197, 185, 48, 88, 192,
       0, 67, 42, 33, 203, 106, 206, 84, 131, 235, 112, 68, 64, 124, 194,
       49, 201, 182, 96, 120, 168, 19, 239, 202, 186, 36, 253, 114, 12,
       162, 136, 117, 154, 112, 232, 17, 207, 106, 79, 54, 130, 235, 240,
       84, 136, 222, 230, 113, 97, 180, 100, 126, 236, 22, 238, 201, 184,
       45, 127, 124, 44, 167, 192, 61, 139, 112, 169, 221, 45, 182, 246,
       169, 124, 85, 159, 247, 223, 143, 16, 239, 242, 203, 255, 193,
       230, 236, 26, 62, 65, 235, 162, 219, 247, 87, 27, 162, 245, 140,
       102, 98, 168, 240, 90, 205, 245, 208, 231, 219, 93, 164, 25, 42,
       252, 102, 190, 201, 179, 235, 16, 22, 107, 250, 241, 27, 91, 85,
       123, 211, 76, 222, 222, 172, 221, 87, 223, 213, 135, 111, 240, 23,
       170, 126, 82, 120, 243, 181, 213, 121, 238, 55, 234, 97, 190, 121,
       254, 63, 190, 199, 132, 55, 251, 112, 160, 97, 208, 184, 254, 45,
       125, 209, 142, 223, 55, 172, 24, 242, 248, 95, 14, 201, 194, 122,
       13, 14, 34, 251, 179, 151, 222, 80, 63, 88, 91, 80, 110, 164, 109,
       174, 250, 221, 196, 205, 97, 148, 133, 197, 21, 208, 204, 114, 75,
       201, 42, 59, 157, 122, 239, 242, 162, 125, 57, 143, 72, 144, 42,
       244, 242, 135, 248, 187, 251, 133, 197, 191, 215, 30, 83, 68, 18,
       188, 223, 97, 104, 247, 59, 147, 209, 227, 156, 58, 243, 239, 223,
       158, 106, 152, 25, 161, 250, 49, 37, 99, 13, 94, 27, 226, 105, 93,
       224, 249, 202, 67, 8, 148, 164, 122, 140, 82, 239, 197, 178, 101,
       222, 54, 12, 129, 48, 127, 142, 90, 132, 178, 71, 106, 172, 30, 3,
       223, 105, 20, 132, 217, 167, 65, 238, 51, 64, 126, 173, 143, 167,
       236, 135, 69, 158, 240, 167, 171, 157, 53, 42, 52, 80, 98, 184,
       172, 154, 205, 213, 152, 199, 155, 93, 176, 27, 44, 252, 118, 42,
