%YAML:1.0
---
descriptors: !!opencv-matrix
   rows: 286
   cols: 32
   dt: u
   data: [ 2, 154, 10, 189, 114, 129, 56, 198, 190, 5, 66, 167, 172, 199,
       34, 72, 230, 43, 163, 213, 54, 152, 2, 255, 204, 54, 154, 203,
       144, 4, 37, 219, 35, 101, 64, 77, 86, 27, 238, 125, 93, 224, 255,
       206, 91, 8, 158, 164, 122, 140, 86, 237, 197, 178, 69, 222, 54,
       60, 162, 144, 127, 142, 88, 140, 48, 75, 107, 236, 86, 131, 203,
       112, 69, 0, 248, 231, 51, 201, 181, 64, 88, 168, 23, 239, 201,
       179, 68, 157, 242, 233, 162, 136, 125, 139, 112, 136, 57, 157, 33,
       108, 29, 207, 67, 79, 87, 40, 236, 8, 50, 213, 49, 36, 216, 42,
       18, 44, 43, 42, 123, 31, 227, 223, 129, 56, 82, 10, 80, 186, 156,
       93, 31, 254, 19, 198, 55, 224, 188, 130, 107, 0, 126, 247, 33, 81,
       182, 121, 25, 98, 97, 135, 58, 111, 241, 167, 75, 10, 48, 51, 39,
       178, 71, 255, 196, 161, 186, 2, 62, 159, 42, 253, 26, 237, 205,
       38, 195, 150, 23, 71, 253, 181, 215, 88, 205, 72, 172, 86, 175,
       246, 174, 246, 139, 93, 32, 152, 120, 88, 77, 233, 241, 70, 86,
       17, 228, 24, 50, 153, 36, 56, 201, 170, 2, 16, 27, 62, 114, 17,
       85, 141, 16, 121, 89, 8, 214, 170, 186, 148, 114, 241, 229, 127,
       254, 127, 125, 206, 126, 51, 107, 125, 62, 101, 255, 155, 183,
       163, 236, 182, 49, 207, 179, 223, 199, 135, 119, 252, 252, 215,
       230, 248, 188, 250, 221, 253, 214, 207, 222, 251, 165, 29, 246,
       252, 95, 42, 137, 99, 123, 19, 54, 111, 250, 179, 251, 223, 93,
       123, 208, 121, 219, 146, 246, 188, 175, 186, 141, 193, 159, 232,
       159, 215, 145, 187, 238, 253, 106, 11, 233, 251, 253, 19, 122, 79,
       154, 251, 217, 211, 223, 191, 148, 124, 183, 114, 254, 185, 150,
       94, 173, 221, 86, 240, 239, 24, 173, 8, 238, 243, 111, 182, 145,
       250, 236, 74, 91, 99, 218, 241, 187, 249, 5, 59, 90, 183, 106, 39,
       11, 216, 59, 251, 119, 229, 59, 214, 62, 75, 86, 86, 188, 215, 32,
       104, 247, 59, 23, 156, 179, 156, 49, 247, 77, 255, 186, 194, 152,
       1, 161, 251, 116, 252, 191, 252, 155, 109, 247, 235, 251, 178,
       168, 8, 126, 251, 109, 59, 191, 247, 126, 50, 51, 99, 186, 251,
       249, 255, 87, 126, 217, 112, 227, 179, 72, 168, 153, 125, 24, 204,
       97, 7, 238, 49, 162, 8, 183, 179, 64, 115, 160, 54, 104, 24, 3,
       105, 145, 5, 201, 233, 48, 88, 64, 0, 67, 42, 155, 196, 234, 161,
       149, 22, 237, 231, 52, 183, 198, 151, 1, 138, 126, 72, 125, 206,
       163, 189, 254, 253, 53, 198, 123, 47, 158, 68, 173, 216, 248, 216,
       223, 60, 246, 22, 163, 54, 190, 250, 253, 218, 255, 118, 252, 250,
       175, 255, 183, 127, 254, 167, 165, 231, 158, 239, 178, 123, 127,
       142, 207, 117, 43, 151, 21, 181, 190, 242, 220, 141, 234, 217,
       255, 153, 251, 94, 254, 249, 92, 32, 233, 175, 126, 153, 147, 107,
       155, 247, 253, 158, 23, 72, 201, 2, 227, 178, 176, 207, 107, 254,
       6, 193, 207, 228, 212, 68, 248, 227, 51, 204, 181, 65, 126, 235,
       15, 198, 200, 169, 46, 61, 113, 40, 226, 152, 117, 59, 116, 122,
       150, 250, 151, 176, 171, 207, 20, 222, 191, 255, 178, 127, 206,
       191, 97, 11, 175, 247, 239, 81, 57, 111, 27, 242, 219, 210, 127,
       247, 208, 121, 133, 59, 28, 77, 123, 119, 246, 202, 111, 244, 116,
       132, 126, 34, 83, 245, 177, 112, 122, 252, 6, 234, 96, 178, 40,
       110, 127, 239, 167, 0, 103, 243, 230, 224, 45, 8, 148, 222, 77,
       253, 198, 74, 207, 82, 173, 8, 178, 249, 39, 190, 201, 98, 226,
       74, 15, 35, 90, 185, 71, 31, 80, 59, 211, 121, 90, 142, 118, 119,
       233, 78, 155, 113, 158, 217, 139, 94, 157, 175, 72, 252, 63, 36,
       191, 209, 213, 231, 158, 3, 190, 219, 51, 84, 141, 191, 183, 119,
       183, 87, 35, 5, 96, 141, 116, 27, 234, 113, 125, 96, 251, 198,
       203, 8, 158, 228, 122, 140, 22, 173, 221, 178, 69, 206, 38, 124,
       162, 132, 111, 142, 248, 148, 20, 221, 28, 170, 140, 199, 87, 248,
       20, 38, 223, 11, 215, 87, 32, 64, 121, 215, 47, 227, 104, 15, 91,
       63, 249, 199, 175, 85, 52, 59, 180, 2, 165, 193, 71, 213, 76, 15,
       237, 177, 125, 122, 114, 66, 211, 225, 188, 239, 120, 228, 38, 74,
       217, 240, 71, 193, 5, 186, 247, 68, 125, 168, 208, 160, 38, 229,
       122, 76, 221, 71, 255, 237, 219, 132, 232, 11, 66, 252, 62, 16,
       248, 251, 83, 227, 92, 179, 154, 223, 63, 30, 133, 111, 81, 58,
       254, 194, 249, 64, 117, 109, 116, 10, 105, 49, 96, 224, 114, 66,
       147, 19, 144, 119, 106, 164, 62, 168, 169, 184, 117, 12, 70, 168,
       226, 0, 111, 160, 64, 32, 247, 126, 122, 228, 102, 40, 223, 212,
       121, 206, 244, 239, 31, 29, 151, 25, 190, 249, 149, 99, 233, 54,
       164, 234, 242, 217, 100, 186, 109, 243, 102, 217, 133, 174, 255,
       247, 86, 11, 111, 248, 126, 106, 119, 246, 255, 227, 152, 33, 63,
       204, 118, 238, 177, 244, 111, 127, 236, 239, 103, 132, 109, 171,
       99, 177, 34, 188, 226, 218, 221, 213, 216, 231, 219, 93, 244, 31,
       40, 252, 118, 20, 201, 187, 243, 149, 182, 107, 250, 247, 59, 94,
       156, 123, 215, 12, 254, 222, 207, 62, 54, 150, 166, 191, 188, 243,
       253, 254, 23, 255, 238, 232, 191, 15, 183, 111, 127, 39, 164, 245,
       142, 238, 150, 122, 127, 162, 206, 253, 155, 79, 222, 249, 222,
       182, 155, 66, 30, 253, 178, 224, 134, 163, 125, 255, 65, 66, 54,
       245, 253, 243, 104, 203, 155, 232, 251, 227, 111, 191, 172, 50,
       169, 27, 37, 41, 71, 235, 220, 207, 225, 81, 229, 152, 251, 64,
       243, 217, 61, 35, 200, 162, 78, 56, 139, 163, 123, 221, 111, 152,
       131, 64, 193, 170, 112, 160, 28, 93, 82, 174, 151, 150, 126, 228,
       181, 128, 202, 7, 79, 235, 35, 208, 246, 237, 191, 227, 76, 145,
       24, 238, 242, 231, 143, 3, 42, 55, 40, 2, 254, 253, 246, 94, 239,
       251, 214, 207, 251, 250, 189, 56, 78, 252, 102, 191, 187, 247,
       254, 83, 127, 103, 186, 242, 251, 251, 69, 63, 67, 127, 239, 231,
       79, 254, 232, 67, 234, 53, 191, 188, 58, 127, 29, 229, 253, 110,
       219, 40, 55, 91, 183, 255, 135, 80, 175, 113, 110, 15, 111, 236,
       182, 247, 43, 245, 219, 94, 188, 119, 43, 124, 20, 150, 255, 255,
       151, 61, 239, 61, 3, 127, 133, 247, 253, 2, 172, 205, 251, 163,
       195, 251, 116, 147, 162, 125, 140, 127, 59, 125, 186, 126, 187,
       221, 159, 87, 31, 109, 95, 189, 254, 157, 154, 164, 142, 127, 247,
       21, 223, 154, 123, 179, 251, 127, 60, 187, 214, 222, 159, 127, 17,
       207, 99, 207, 22, 131, 235, 244, 84, 0, 222, 198, 113, 192, 181,
       228, 126, 232, 2, 239, 201, 186, 45, 255, 52, 46, 139, 0, 61, 155,
       112, 172, 102, 188, 204, 147, 221, 227, 86, 239, 23, 243, 234,
       159, 102, 238, 74, 24, 219, 207, 235, 16, 62, 218, 223, 247, 63,
       22, 213, 101, 172, 92, 222, 26, 153, 116, 126, 125, 124, 247, 253,
       127, 124, 198, 124, 147, 185, 188, 182, 33, 255, 63, 23, 173, 236,
       252, 117, 223, 103, 239, 187, 129, 117, 248, 239, 219, 39, 183,
       108, 155, 222, 49, 143, 233, 87, 115, 157, 222, 209, 236, 223,
       173, 93, 75, 219, 183, 182, 99, 239, 183, 61, 30, 207, 255, 221,
       127, 184, 245, 73, 187, 237, 87, 54, 218, 191, 53, 120, 237, 95,
       228, 249, 116, 158, 103, 54, 118, 252, 77, 241, 248, 173, 109,
       110, 111, 103, 128, 70, 166, 213, 125, 214, 220, 189, 244, 173,
       108, 220, 174, 187, 186, 178, 185, 255, 127, 93, 91, 135, 215,
       253, 35, 224, 101, 219, 227, 219, 251, 127, 191, 132, 116, 7, 91,
       164, 104, 174, 186, 205, 196, 233, 97, 148, 133, 197, 23, 208,
       236, 114, 75, 201, 170, 35, 157, 122, 231, 250, 130, 93, 59, 143,
       72, 144, 106, 244, 242, 10, 124, 170, 185, 87, 215, 185, 207, 31,
       199, 84, 19, 172, 221, 119, 8, 253, 57, 147, 145, 66, 190, 48,
       210, 111, 87, 159, 47, 151, 92, 53, 250, 51, 37, 99, 69, 86, 27,
       226, 105, 93, 224, 251, 202, 67, 8, 148, 164, 120, 140, 82, 239,
       229, 178, 101, 222, 54, 44, 129, 52, 127, 142, 90, 132, 5, 81,
       157, 101, 36, 14, 97, 28, 100, 232, 114, 100, 215, 19, 136, 114,
