%YAML:1.0
---
descriptors: !!opencv-matrix
   rows: 174
   cols: 32
   dt: u
   data: [ 37, 55, 209, 71, 116, 63, 230, 48, 120, 234, 121, 76, 243, 56,
       221, 180, 156, 110, 86, 110, 229, 240, 253, 46, 46, 220, 37, 160,
       73, 243, 75, 157, 122, 177, 163, 0, 201, 245, 152, 111, 75, 237,
       188, 15, 8, 172, 86, 20, 237, 151, 251, 133, 158, 11, 182, 209,
       91, 92, 217, 255, 211, 68, 254, 94, 7, 187, 161, 131, 213, 213,
       174, 204, 95, 233, 89, 70, 224, 248, 253, 164, 221, 75, 146, 87,
       215, 184, 94, 243, 47, 92, 143, 238, 221, 95, 249, 148, 168, 53,
       123, 99, 240, 134, 107, 116, 49, 140, 111, 28, 57, 135, 192, 21,
       124, 238, 87, 254, 112, 218, 240, 110, 127, 184, 164, 192, 98,
       131, 230, 248, 27, 191, 105, 241, 246, 243, 233, 87, 53, 241, 30,
       247, 153, 14, 214, 160, 111, 171, 23, 157, 187, 184, 101, 230, 78,
       77, 158, 192, 175, 132, 241, 253, 101, 102, 144, 67, 185, 63, 70,
       152, 115, 250, 167, 76, 202, 96, 223, 190, 145, 68, 236, 126, 189,
       118, 201, 58, 174, 223, 69, 118, 202, 247, 74, 5, 192, 94, 19,
       244, 100, 140, 122, 118, 237, 138, 90, 96, 190, 155, 161, 96, 166,
       115, 127, 67, 225, 173, 32, 239, 182, 254, 58, 138, 6, 145, 33,
       43, 1, 151, 125, 175, 54, 203, 175, 189, 76, 104, 93, 230, 253,
       124, 186, 32, 55, 65, 23, 111, 209, 184, 45, 255, 108, 15, 43,
       196, 125, 138, 149, 245, 27, 79, 106, 132, 178, 147, 191, 119,
       173, 142, 158, 167, 109, 174, 183, 4, 62, 165, 143, 165, 228, 137,
       36, 206, 50, 71, 239, 131, 167, 244, 173, 221, 22, 94, 102, 186,
       110, 130, 190, 114, 173, 196, 218, 231, 41, 206, 183, 193, 110,
       169, 151, 215, 196, 143, 6, 236, 48, 97, 234, 201, 53, 151, 53,
       209, 222, 54, 150, 20, 171, 60, 24, 19, 187, 159, 163, 221, 14,
       226, 77, 223, 167, 253, 237, 148, 190, 71, 130, 66, 146, 243, 80,
       154, 138, 101, 171, 21, 5, 79, 74, 187, 112, 175, 239, 248, 60,
       10, 117, 196, 181, 227, 171, 17, 127, 43, 22, 238, 226, 144, 8,
       125, 228, 141, 162, 160, 120, 211, 107, 129, 6, 203, 55, 122, 145,
       156, 175, 165, 190, 21, 43, 4, 237, 238, 108, 192, 181, 115, 170,
       94, 210, 137, 58, 117, 169, 223, 30, 64, 208, 18, 165, 56, 253,
       120, 148, 244, 45, 13, 84, 144, 249, 186, 176, 24, 206, 153, 65,
       27, 129, 228, 108, 126, 104, 103, 218, 128, 211, 219, 85, 62, 66,
       121, 66, 2, 3, 176, 171, 176, 87, 247, 185, 71, 95, 69, 88, 147,
       152, 252, 126, 40, 255, 59, 147, 149, 151, 186, 54, 210, 95, 93,
       154, 231, 197, 12, 247, 255, 146, 90, 194, 158, 34, 192, 56, 214,
       182, 71, 210, 231, 45, 199, 163, 72, 110, 251, 183, 193, 194, 141,
       6, 251, 0, 38, 250, 139, 53, 149, 37, 217, 138, 88, 176, 155, 117,
       213, 178, 204, 31, 7, 84, 19, 172, 220, 47, 204, 217, 121, 147,
       195, 70, 180, 90, 251, 7, 22, 154, 35, 22, 29, 61, 222, 170, 92,
       162, 158, 109, 116, 190, 232, 153, 86, 80, 131, 44, 222, 55, 143,
       204, 121, 179, 199, 228, 86, 222, 233, 23, 122, 218, 171, 23, 125,
       63, 222, 22, 91, 111, 184, 230, 160, 188, 118, 132, 196, 218, 199,
       41, 239, 51, 65, 110, 171, 179, 199, 204, 147, 6, 236, 112, 97,
       202, 136, 61, 252, 53, 216, 4, 140, 190, 91, 244, 166, 183, 246,
       92, 27, 124, 80, 116, 115, 173, 109, 253, 122, 2, 42, 176, 248, 8,
       127, 111, 30, 119, 70, 219, 241, 225, 171, 46, 13, 50, 159, 213,
       215, 190, 99, 31, 4, 73, 3, 236, 252, 55, 196, 216, 59, 147, 3,
       102, 186, 90, 255, 39, 118, 138, 11, 19, 78, 189, 206, 118, 169,
       233, 200, 223, 113, 218, 202, 19, 245, 188, 139, 1, 237, 95, 22,
       121, 221, 179, 209, 26, 99, 255, 242, 123, 68, 141, 127, 181, 109,
       246, 114, 181, 205, 79, 75, 212, 159, 230, 253, 85, 96, 251, 66,
       115, 72, 188, 229, 120, 140, 6, 239, 253, 186, 109, 63, 62, 233,
       165, 68, 125, 138, 248, 132, 34, 161, 0, 219, 157, 229, 128, 15,
       30, 17, 8, 24, 176, 184, 120, 104, 201, 26, 19, 17, 26, 42, 83,
       149, 141, 150, 158, 123, 144, 8, 144, 138, 18, 157, 183, 135, 148,
       70, 191, 229, 60, 181, 218, 3, 244, 182, 44, 64, 249, 223, 47,
       145, 90, 219, 25, 239, 189, 54, 158, 70, 128, 122, 181, 123, 4,
       167, 144, 187, 217, 108, 111, 159, 119, 89, 235, 80, 208, 231, 88,
       110, 221, 218, 106, 217, 154, 122, 219, 99, 237, 148, 150, 108,
       210, 219, 160, 8, 51, 223, 66, 222, 46, 128, 206, 246, 196, 8,
       216, 230, 49, 234, 176, 97, 110, 226, 55, 207, 201, 171, 6, 253,
       48, 40, 234, 136, 61, 154, 112, 25, 130, 169, 20, 152, 253, 201,
       184, 199, 158, 57, 113, 25, 140, 138, 96, 11, 203, 11, 91, 17, 54,
       90, 83, 213, 13, 16, 223, 238, 148, 8, 129, 135, 124, 160, 156,
       246, 137, 108, 85, 130, 162, 59, 175, 24, 243, 243, 72, 122, 193,
       214, 120, 2, 26, 71, 251, 33, 219, 251, 81, 61, 128, 113, 198, 34,
       79, 180, 135, 16, 171, 252, 184, 199, 187, 251, 176, 253, 140,
       182, 206, 159, 167, 71, 253, 148, 55, 77, 178, 224, 152, 122, 127,
       238, 138, 69, 163, 215, 53, 7, 79, 232, 182, 163, 73, 113, 212,
       64, 223, 230, 83, 225, 176, 97, 126, 160, 31, 188, 185, 163, 36,
       156, 216, 175, 170, 192, 189, 170, 112, 49, 162, 233, 42, 90, 93,
       213, 194, 230, 214, 65, 212, 10, 50, 216, 52, 32, 200, 42, 18,
       201, 46, 43, 58, 191, 123, 28, 146, 123, 81, 28, 116, 142, 124,
       103, 236, 37, 137, 75, 71, 152, 115, 238, 189, 173, 67, 101, 219,
       23, 25, 196, 108, 126, 236, 114, 237, 42, 254, 139, 101, 53, 227,
       255, 86, 66, 210, 95, 83, 220, 102, 160, 191, 118, 173, 134, 90,
       230, 60, 255, 161, 96, 166, 123, 191, 67, 224, 139, 178, 239, 240,
       176, 42, 138, 44, 113, 37, 187, 211, 219, 65, 175, 114, 130, 171,
       180, 32, 64, 115, 231, 121, 70, 154, 224, 118, 205, 20, 239, 199,
       156, 173, 239, 180, 44, 170, 128, 45, 130, 43, 221, 38, 71, 235,
       207, 246, 98, 175, 248, 22, 238, 95, 162, 81, 103, 191, 68, 127,
       220, 55, 234, 96, 144, 109, 254, 126, 46, 175, 133, 55, 251, 244,
       241, 91, 29, 247, 244, 243, 214, 190, 83, 185, 202, 126, 98, 28,
       191, 37, 119, 167, 127, 151, 4, 225, 219, 48, 236, 243, 251, 126,
       130, 138, 117, 33, 123, 215, 130, 99, 227, 86, 42, 106, 80, 97,
       81, 243, 246, 19, 9, 156, 104, 106, 133, 23, 159, 185, 180, 69,
       228, 214, 168, 170, 196, 45, 139, 112, 32, 0, 141, 10, 159, 20,
       167, 163, 226, 30, 5, 90, 2, 245, 232, 37, 64, 217, 42, 2, 1, 38,
       184, 89, 63, 109, 39, 162, 64, 156, 75, 53, 154, 130, 120, 244,
       241, 45, 248, 248, 22, 251, 159, 114, 49, 172, 159, 85, 155, 135,
       59, 245, 145, 162, 252, 210, 226, 142, 218, 94, 139, 134, 212, 11,
       31, 58, 173, 114, 122, 219, 241, 80, 231, 187, 21, 188, 185, 46,
       159, 100, 148, 175, 187, 197, 144, 30, 43, 34, 247, 251, 213, 20,
       123, 243, 4, 230, 207, 6, 128, 2, 155, 245, 249, 168, 196, 159,
       81, 241, 183, 140, 206, 110, 204, 251, 139, 138, 149, 23, 61, 14,
       245, 28, 18, 154, 103, 223, 15, 185, 150, 15, 58, 160, 147, 245,
       253, 177, 150, 191, 253, 60, 63, 172, 159, 199, 172, 45, 58, 215,
       20, 151, 120, 246, 242, 15, 85, 22, 227, 138, 13, 223, 255, 50,
       77, 78, 157, 70, 162, 238, 230, 61, 2, 250, 67, 34, 42, 37, 81,
       104, 231, 14, 194, 108, 191, 65, 239, 180, 174, 218, 3, 45, 121,
       120, 142, 31, 51, 109, 101, 38, 182, 121, 24, 109, 232, 95, 230,
       89, 95, 151, 124, 182, 189, 189, 239, 133, 144, 229, 204, 70, 249,
       171, 134, 47, 167, 112, 117, 27, 191, 109, 179, 182, 185, 249,
       151, 94, 121, 30, 247, 189, 44, 214, 32, 47, 11, 23, 157, 183, 56,
       101, 247, 78, 77, 186, 224, 189, 132, 145, 253, 177, 147, 79, 233,
       182, 2, 109, 119, 68, 81, 214, 246, 17, 11, 184, 97, 110, 134, 63,
       172, 249, 155, 37, 213, 250, 235, 250, 196, 61, 136, 240, 121, 65,
       177, 189, 101, 40, 78, 117, 51, 236, 251, 51, 72, 215, 55, 0, 58,
       133, 86, 124, 8, 145, 248, 243, 0, 199, 191, 117, 20, 192, 224,
