%YAML:1.0
---
descriptors: !!opencv-matrix
   rows: 105
   cols: 32
   dt: u
   data: [ 151, 205, 110, 175, 182, 2, 111, 253, 52, 224, 223, 199, 117,
       107, 186, 65, 118, 229, 29, 239, 249, 153, 29, 45, 240, 233, 175,
       128, 45, 178, 177, 25, 27, 143, 87, 227, 178, 162, 111, 183, 37,
       225, 202, 194, 221, 39, 136, 228, 119, 215, 157, 252, 89, 152, 29,
       238, 232, 166, 174, 196, 174, 214, 161, 57, 87, 161, 19, 128, 16,
       2, 2, 232, 42, 160, 171, 204, 214, 98, 41, 84, 248, 205, 76, 247,
       13, 147, 153, 92, 184, 148, 15, 54, 136, 35, 43, 4, 209, 65, 71,
       197, 6, 26, 238, 32, 109, 130, 243, 66, 67, 0, 149, 247, 122, 228,
       110, 234, 233, 245, 101, 204, 180, 170, 195, 20, 101, 187, 112,
       36, 130, 162, 21, 155, 248, 137, 168, 175, 158, 17, 80, 245, 173,
       134, 232, 201, 207, 27, 171, 21, 50, 92, 71, 213, 12, 18, 254,
       232, 156, 136, 137, 153, 2, 185, 186, 156, 67, 212, 176, 103, 187,
       77, 78, 17, 44, 190, 38, 148, 166, 59, 243, 129, 87, 217, 178,
       241, 23, 112, 90, 139, 2, 4, 175, 223, 91, 141, 70, 193, 147, 150,
       110, 183, 37, 137, 222, 194, 73, 35, 180, 228, 113, 198, 156, 252,
       25, 153, 53, 238, 186, 254, 135, 196, 171, 214, 168, 60, 1, 162,
       153, 249, 124, 169, 104, 31, 94, 25, 120, 80, 182, 129, 200, 96,
       195, 10, 6, 28, 147, 56, 67, 19, 76, 156, 50, 104, 152, 136, 81,
       169, 34, 185, 208, 186, 121, 201, 112, 196, 11, 49, 112, 41, 46,
       152, 100, 156, 138, 153, 130, 80, 22, 58, 194, 241, 29, 148, 16,
       107, 208, 10, 79, 143, 0, 189, 159, 188, 219, 197, 53, 231, 190,
       81, 76, 53, 188, 183, 98, 50, 167, 123, 235, 145, 19, 75, 146,
       119, 253, 55, 94, 107, 216, 0, 175, 219, 117, 236, 200, 101, 156,
       42, 78, 175, 115, 179, 232, 8, 67, 34, 84, 50, 89, 198, 64, 186,
       124, 126, 205, 34, 173, 174, 133, 85, 225, 243, 218, 4, 33, 255,
       153, 95, 240, 143, 111, 191, 126, 235, 124, 100, 244, 231, 192,
       244, 213, 126, 38, 92, 195, 24, 251, 51, 44, 191, 53, 240, 216,
       242, 194, 185, 212, 54, 157, 246, 170, 102, 91, 152, 50, 186, 147,
       249, 85, 119, 201, 91, 215, 213, 125, 114, 56, 71, 203, 10, 217,
       163, 237, 188, 160, 227, 36, 35, 89, 157, 28, 110, 153, 174, 82,
       183, 132, 9, 174, 68, 243, 115, 34, 80, 197, 50, 92, 40, 186, 137,
       89, 63, 235, 239, 32, 80, 186, 194, 200, 43, 254, 88, 255, 244,
       44, 108, 125, 16, 169, 158, 182, 62, 127, 127, 133, 91, 230, 245,
       253, 234, 104, 71, 243, 224, 215, 251, 242, 154, 167, 241, 102,
       123, 181, 205, 127, 239, 182, 91, 207, 248, 68, 160, 243, 66, 115,
       109, 189, 225, 122, 196, 30, 238, 233, 177, 109, 62, 177, 235,
       231, 148, 101, 187, 244, 112, 53, 237, 115, 207, 246, 43, 239,
       248, 87, 164, 252, 6, 115, 225, 185, 52, 122, 238, 23, 250, 200,
       178, 109, 191, 124, 172, 165, 132, 255, 251, 246, 160, 221, 201,
       79, 175, 54, 2, 111, 252, 52, 224, 211, 198, 113, 67, 184, 65,
       126, 228, 61, 238, 233, 145, 29, 47, 240, 171, 239, 132, 45, 179,
       240, 113, 220, 148, 26, 186, 57, 228, 90, 216, 187, 29, 177, 25,
       223, 215, 105, 81, 183, 209, 157, 114, 58, 7, 154, 183, 251, 241,
       43, 255, 144, 19, 39, 19, 253, 66, 207, 77, 78, 27, 229, 120, 244,
       162, 246, 238, 83, 225, 149, 107, 120, 228, 110, 234, 233, 247,
       231, 8, 84, 43, 229, 132, 109, 249, 114, 160, 131, 162, 196, 155,
       218, 185, 168, 175, 54, 53, 67, 215, 205, 70, 202, 204, 103, 11,
       106, 156, 55, 88, 239, 85, 12, 6, 159, 228, 188, 132, 137, 220, 0,
       150, 49, 251, 188, 173, 1, 159, 94, 63, 88, 88, 183, 85, 136, 40,
       149, 26, 22, 24, 178, 60, 107, 55, 205, 158, 49, 252, 144, 136,
       133, 233, 240, 219, 127, 237, 36, 74, 103, 188, 52, 236, 246, 103,
       115, 103, 160, 81, 120, 244, 45, 234, 105, 179, 105, 45, 243, 235,
       229, 128, 33, 186, 244, 123, 92, 54, 184, 99, 176, 42, 122, 24,
       122, 187, 59, 121, 223, 123, 201, 26, 183, 221, 125, 51, 188, 112,
       201, 66, 204, 221, 35, 228, 192, 99, 3, 3, 136, 176, 189, 243,
       237, 237, 249, 159, 223, 123, 53, 56, 156, 157, 92, 43, 143, 27,
       127, 17, 179, 124, 251, 209, 207, 219, 119, 246, 214, 72, 133,
       227, 36, 185, 184, 123, 237, 237, 83, 155, 74, 89, 125, 109, 146,
       117, 66, 24, 205, 58, 230, 26, 155, 42, 218, 49, 79, 221, 52, 122,
       216, 75, 202, 147, 156, 65, 221, 231, 83, 78, 126, 184, 37, 160,
       102, 2, 95, 87, 9, 112, 50, 213, 122, 234, 65, 144, 29, 206, 255,
       239, 7, 4, 107, 179, 67, 178, 253, 237, 173, 100, 141, 95, 71,
       190, 82, 242, 172, 8, 115, 113, 81, 179, 89, 230, 120, 110, 249,
       107, 255, 42, 251, 203, 197, 60, 123, 250, 210, 104, 244, 66, 126,
       236, 46, 10, 95, 184, 241, 134, 243, 171, 87, 75, 137, 91, 114,
       197, 109, 226, 108, 199, 207, 10, 242, 235, 229, 157, 37, 179,
       102, 3, 80, 72, 14, 180, 13, 14, 100, 32, 173, 146, 162, 3, 247,
       130, 33, 91, 224, 165, 110, 226, 72, 195, 147, 200, 209, 178, 194,
       16, 0, 40, 112, 10, 237, 112, 188, 239, 45, 13, 68, 152, 111, 250,
       183, 76, 251, 121, 89, 123, 221, 196, 126, 78, 233, 103, 251, 168,
       223, 251, 103, 184, 90, 251, 82, 49, 27, 155, 82, 201, 51, 155,
       120, 55, 127, 5, 126, 166, 47, 3, 166, 228, 54, 59, 158, 140, 214,
       152, 37, 223, 166, 255, 16, 195, 62, 132, 137, 13, 220, 84, 26,
       170, 59, 36, 90, 216, 59, 26, 177, 72, 95, 211, 105, 89, 183, 217,
       157, 114, 42, 71, 154, 21, 219, 241, 43, 127, 178, 51, 39, 3, 2,
       251, 58, 170, 223, 141, 187, 205, 142, 37, 93, 143, 172, 207, 106,
       0, 255, 27, 131, 81, 18, 59, 154, 241, 125, 5, 14, 111, 213, 14,
       135, 218, 1, 162, 24, 249, 116, 137, 224, 26, 94, 49, 113, 216,
       151, 129, 208, 0, 3, 8, 2, 28, 3, 56, 79, 85, 76, 156, 50, 108,
       220, 136, 65, 160, 1, 239, 152, 77, 240, 157, 239, 183, 110, 161,
       110, 72, 179, 226, 212, 52, 21, 110, 122, 28, 211, 184, 245, 63,
       109, 190, 21, 112, 216, 194, 195, 168, 245, 111, 108, 103, 172,
       27, 79, 184, 65, 162, 191, 74, 83, 104, 219, 167, 88, 196, 92,
       110, 205, 163, 109, 168, 186, 217, 165, 52, 111, 251, 88, 4, 221,
       6, 140, 175, 168, 38, 79, 152, 54, 186, 151, 84, 215, 99, 217, 91,
       119, 196, 108, 238, 184, 69, 137, 10, 216, 239, 103, 156, 184,
       243, 33, 1, 0, 176, 189, 243, 236, 237, 249, 159, 207, 123, 61,
       120, 156, 157, 216, 42, 167, 27, 127, 25, 147, 120, 251, 209, 207,
       223, 63, 246, 212, 202, 133, 227, 197, 74, 214, 213, 100, 42, 237,
       16, 232, 146, 114, 246, 221, 162, 181, 111, 98, 100, 110, 238,
       193, 245, 135, 192, 84, 186, 242, 128, 77, 241, 97, 161, 35, 162,
       68, 155, 236, 169, 168, 143, 14, 53, 17, 221, 141, 130, 216, 140,
       15, 11, 106, 29, 19, 92, 79, 209, 12, 16, 31, 252, 156, 136, 137,
       144, 237, 74, 199, 85, 68, 42, 225, 18, 116, 162, 118, 246, 211,
       161, 145, 239, 126, 236, 102, 238, 161, 244, 229, 8, 68, 170, 114,
       128, 239, 249, 112, 161, 180, 205, 111, 111, 158, 15, 71, 248, 36,
       164, 255, 74, 115, 99, 137, 49, 120, 228, 76, 238, 105, 163, 121,
       61, 251, 235, 165, 20, 113, 187, 246, 224, 110, 168, 160, 186,
       205, 244, 176, 199, 138, 211, 136, 25, 172, 252, 87, 138, 201,
       107, 251, 149, 22, 75, 218, 224, 29, 81, 222, 107, 152, 69, 251,
       198, 220, 66, 218, 167, 34, 14, 127, 152, 48, 170, 243, 205, 215,
       43, 153, 90, 118, 213, 125, 238, 200, 215, 205, 8, 208, 235, 239,
       132, 44, 243, 99, 1, 228, 242, 249, 99, 172, 105, 69, 157, 59,
       191, 183, 24, 215, 39, 204, 30, 147, 150, 109, 56, 26, 116, 251,
       18, 205, 218, 117, 116, 192, 248, 198, 115, 101, 243, 241, 65,
       230, 47, 207, 29, 75, 107, 59, 236, 215, 44, 220, 52, 23, 156,
       102, 60, 145, 48, 237, 18, 44, 220, 37, 180, 236, 250, 194, 53,
       100, 48, 185, 96, 237, 237, 113, 19, 107, 249, 37, 24, 150, 145,
       65, 56, 128, 28, 126, 16, 19, 118, 242, 16, 221, 152, 49, 126,
