%YAML:1.0
---
descriptors: !!opencv-matrix
   rows: 231
   cols: 32
   dt: u
   data: [ 129, 143, 159, 249, 200, 205, 37, 183, 182, 19, 74, 80, 181,
       135, 232, 224, 97, 58, 42, 24, 83, 24, 51, 49, 173, 131, 62, 104,
       144, 192, 165, 168, 212, 121, 157, 248, 138, 69, 85, 204, 214,
       182, 160, 9, 86, 211, 73, 91, 225, 213, 108, 114, 74, 103, 219,
       48, 219, 193, 71, 63, 240, 113, 39, 98, 82, 180, 181, 193, 141,
       108, 133, 15, 235, 183, 143, 20, 150, 55, 76, 110, 193, 86, 121,
       24, 27, 73, 241, 192, 205, 186, 223, 118, 128, 64, 149, 114, 102,
       145, 29, 168, 57, 205, 89, 232, 143, 61, 177, 9, 143, 159, 72, 80,
       204, 145, 239, 80, 26, 43, 218, 149, 155, 209, 131, 127, 80, 11,
       6, 82, 61, 60, 184, 240, 189, 173, 80, 218, 203, 185, 189, 24,
       158, 153, 85, 56, 137, 146, 95, 17, 26, 99, 218, 144, 219, 221,
       17, 126, 194, 73, 82, 34, 45, 53, 105, 69, 212, 111, 231, 114, 80,
       226, 127, 106, 83, 125, 153, 48, 28, 222, 22, 235, 185, 178, 116,
       46, 103, 15, 165, 128, 109, 251, 82, 241, 106, 234, 40, 187, 45,
       189, 220, 152, 150, 190, 148, 143, 233, 201, 95, 11, 205, 98, 251,
       157, 142, 96, 206, 181, 78, 81, 175, 185, 22, 156, 92, 196, 32,
       161, 57, 80, 136, 205, 17, 111, 98, 53, 37, 24, 150, 23, 72, 52,
       1, 26, 64, 16, 82, 104, 242, 21, 109, 137, 20, 125, 208, 8, 198,
       106, 205, 88, 189, 231, 40, 46, 123, 24, 120, 202, 118, 68, 247,
       119, 193, 122, 182, 213, 125, 110, 169, 196, 169, 42, 199, 255,
       99, 128, 136, 243, 33, 41, 168, 54, 189, 97, 171, 107, 21, 15, 11,
       190, 36, 8, 182, 53, 67, 58, 131, 50, 239, 16, 32, 108, 243, 26,
       207, 209, 85, 59, 210, 88, 71, 123, 124, 113, 176, 226, 29, 205,
       80, 200, 203, 177, 177, 8, 30, 159, 109, 58, 136, 145, 255, 80,
       11, 99, 218, 208, 219, 217, 1, 127, 218, 11, 71, 18, 253, 73, 87,
       237, 132, 74, 79, 184, 36, 128, 230, 2, 83, 115, 161, 115, 112,
       212, 56, 234, 105, 145, 125, 12, 241, 235, 195, 4, 32, 179, 96,
       32, 2, 203, 6, 159, 19, 128, 60, 231, 190, 21, 74, 133, 172, 198,
       34, 64, 230, 59, 171, 132, 70, 152, 2, 253, 36, 50, 154, 139, 16,
       20, 173, 222, 108, 117, 153, 227, 168, 79, 71, 184, 50, 234, 169,
       8, 215, 87, 73, 50, 145, 252, 124, 122, 73, 82, 216, 58, 253, 215,
       37, 116, 128, 51, 6, 35, 104, 4, 181, 103, 37, 78, 103, 48, 125,
       162, 175, 0, 211, 113, 24, 246, 24, 68, 125, 42, 9, 240, 241, 138,
       239, 255, 69, 20, 66, 250, 84, 98, 181, 69, 75, 76, 20, 15, 71,
       120, 84, 224, 251, 78, 83, 65, 185, 49, 120, 204, 70, 110, 233,
       179, 125, 14, 177, 237, 37, 20, 105, 187, 114, 160, 24, 157, 114,
       248, 115, 252, 112, 119, 169, 13, 124, 40, 47, 191, 32, 209, 166,
       187, 245, 0, 22, 187, 18, 245, 211, 249, 82, 75, 242, 4, 175, 139,
       91, 48, 186, 228, 97, 84, 248, 91, 249, 205, 214, 173, 44, 159,
       214, 62, 166, 157, 245, 133, 132, 207, 162, 193, 211, 125, 248,
       139, 7, 132, 54, 119, 9, 188, 31, 113, 241, 175, 113, 119, 109,
       129, 108, 12, 255, 115, 0, 49, 183, 162, 86, 40, 17, 184, 16, 29,
       239, 223, 20, 64, 234, 194, 195, 170, 167, 106, 193, 129, 108, 31,
       238, 152, 83, 242, 112, 206, 131, 128, 213, 172, 93, 76, 50, 94,
       207, 118, 221, 178, 140, 92, 149, 36, 206, 189, 82, 148, 240, 184,
       186, 112, 72, 173, 81, 83, 235, 31, 164, 24, 55, 155, 64, 27, 165,
       179, 68, 24, 26, 111, 146, 49, 219, 217, 112, 120, 240, 0, 194,
       43, 252, 64, 118, 236, 77, 86, 80, 104, 161, 140, 231, 9, 75, 223,
       39, 219, 232, 181, 253, 98, 76, 71, 242, 140, 211, 251, 193, 31,
       50, 174, 110, 66, 253, 120, 121, 100, 52, 29, 91, 80, 97, 168,
       180, 108, 59, 25, 209, 48, 14, 236, 85, 126, 201, 38, 224, 136,
       210, 217, 33, 184, 111, 185, 82, 41, 3, 205, 35, 223, 23, 151,
       171, 226, 94, 64, 72, 70, 224, 192, 53, 228, 120, 42, 18, 205,
       227, 184, 125, 255, 37, 62, 138, 0, 29, 14, 49, 188, 39, 98, 209,
       65, 100, 43, 232, 88, 123, 162, 113, 90, 82, 73, 221, 24, 63, 140,
       6, 188, 128, 246, 205, 194, 20, 30, 97, 172, 205, 233, 82, 128, 3,
       251, 173, 17, 100, 141, 169, 150, 110, 121, 86, 196, 176, 4, 214,
       102, 5, 78, 122, 93, 131, 216, 247, 113, 12, 30, 252, 224, 12,
       136, 209, 253, 189, 110, 121, 102, 52, 63, 95, 144, 81, 170, 188,
       92, 83, 25, 209, 49, 156, 236, 85, 110, 233, 246, 232, 42, 243,
       221, 37, 180, 106, 251, 82, 57, 198, 92, 172, 180, 136, 102, 159,
       174, 158, 254, 154, 151, 197, 110, 115, 75, 197, 103, 249, 199,
       236, 207, 127, 234, 233, 35, 255, 149, 156, 117, 181, 90, 149,
       183, 108, 173, 52, 139, 207, 184, 68, 224, 155, 230, 247, 89, 147,
       33, 30, 196, 93, 239, 237, 161, 93, 31, 232, 201, 175, 212, 125,
       139, 81, 17, 45, 221, 115, 67, 244, 219, 238, 177, 125, 200, 123,
       198, 219, 236, 148, 164, 126, 168, 22, 238, 221, 184, 124, 253,
       46, 220, 37, 192, 111, 170, 210, 181, 249, 40, 145, 176, 45, 237,
       81, 66, 235, 83, 160, 24, 191, 147, 67, 58, 129, 163, 92, 28, 31,
       111, 242, 144, 147, 217, 16, 123, 226, 0, 66, 110, 244, 73, 87,
       228, 36, 14, 74, 48, 33, 160, 163, 74, 87, 83, 17, 83, 122, 229,
       124, 234, 105, 151, 209, 76, 144, 250, 195, 16, 44, 163, 96, 32,
       86, 177, 132, 184, 139, 116, 16, 203, 139, 253, 137, 13, 76, 254,
       111, 206, 129, 83, 249, 145, 22, 67, 154, 208, 153, 84, 207, 127,
       144, 103, 175, 87, 212, 68, 158, 103, 138, 46, 6, 169, 164, 178,
       171, 0, 215, 99, 1, 91, 53, 85, 104, 106, 105, 197, 153, 10, 233,
       227, 71, 20, 232, 115, 9, 16, 106, 16, 241, 236, 101, 20, 249, 56,
       105, 77, 118, 14, 255, 63, 29, 58, 190, 149, 181, 141, 137, 114,
       243, 193, 199, 255, 218, 138, 207, 166, 99, 251, 10, 136, 150,
       153, 185, 241, 176, 7, 191, 25, 146, 49, 236, 218, 38, 207, 195,
       35, 239, 17, 54, 205, 3, 245, 136, 118, 90, 211, 146, 4, 173, 79,
       51, 143, 75, 254, 182, 131, 234, 247, 212, 8, 222, 198, 113, 235,
       176, 96, 126, 170, 31, 156, 155, 155, 12, 255, 248, 175, 174, 192,
       189, 138, 240, 185, 64, 28, 191, 245, 160, 172, 121, 23, 41, 11,
       126, 48, 189, 55, 128, 122, 134, 55, 61, 24, 17, 216, 241, 72,
       199, 187, 114, 128, 128, 192, 135, 43, 121, 140, 245, 118, 149,
       90, 215, 191, 83, 231, 182, 58, 107, 125, 150, 53, 59, 214, 212,
       40, 252, 250, 45, 174, 123, 223, 85, 87, 231, 236, 222, 110, 24,
       137, 147, 123, 177, 155, 101, 151, 118, 13, 102, 48, 251, 199,
       160, 252, 87, 58, 172, 8, 107, 152, 33, 63, 201, 239, 54, 0, 50,
       192, 164, 41, 45, 71, 65, 78, 60, 31, 198, 120, 69, 232, 253, 76,
       227, 97, 189, 244, 88, 232, 78, 110, 233, 162, 79, 63, 34, 124,
       37, 56, 127, 191, 122, 164, 61, 149, 229, 117, 165, 127, 212, 187,
       83, 251, 63, 27, 91, 61, 94, 47, 153, 206, 53, 60, 185, 248, 121,
       130, 79, 223, 213, 119, 239, 236, 210, 242, 77, 180, 185, 97, 160,
       111, 113, 154, 58, 251, 54, 28, 222, 55, 72, 59, 149, 95, 125, 56,
       51, 80, 185, 82, 207, 223, 117, 116, 200, 128, 135, 115, 81, 141,
       23, 111, 176, 46, 71, 182, 225, 8, 174, 64, 115, 51, 128, 114, 0,
       230, 108, 108, 25, 169, 177, 45, 232, 238, 32, 80, 106, 226, 64,
       41, 197, 113, 21, 71, 67, 94, 118, 48, 104, 226, 99, 72, 218, 18,
       13, 243, 144, 84, 120, 106, 97, 244, 209, 8, 37, 184, 69, 6, 72,
       51, 75, 50, 42, 221, 0, 222, 125, 213, 147, 236, 7, 76, 252, 42,
       170, 221, 38, 132, 200, 250, 147, 67, 75, 43, 122, 191, 63, 85,
       128, 59, 87, 31, 124, 251, 105, 49, 123, 100, 96, 12, 117, 112,
       113, 8, 124, 72, 63, 179, 64, 49, 182, 220, 100, 106, 201, 122,
       178, 0, 215, 233, 96, 40, 106, 160, 66, 171, 246, 248, 187, 248,
       171, 225, 17, 206, 139, 183, 160, 57, 6, 223, 105, 27, 203, 145,
       109, 16, 26, 103, 154, 80, 153, 144, 85, 127, 240, 89, 39, 115,
       167, 122, 225, 209, 126, 177, 173, 223, 90, 250, 48, 254, 8, 140,
