%YAML:1.0
---
descriptors: !!opencv-matrix
   rows: 148
   cols: 32
   dt: u
   data: [ 3, 207, 3, 155, 23, 151, 42, 230, 94, 65, 74, 70, 164, 192,
       52, 228, 253, 43, 154, 197, 231, 152, 93, 255, 37, 54, 154, 2, 24,
       29, 49, 140, 44, 117, 61, 231, 52, 79, 119, 184, 44, 232, 63, 8,
       215, 119, 9, 16, 176, 84, 85, 106, 73, 240, 57, 46, 231, 217, 37,
       21, 74, 187, 70, 178, 49, 207, 79, 237, 86, 131, 239, 255, 84, 0,
       250, 230, 115, 98, 176, 96, 126, 238, 6, 236, 236, 187, 5, 63,
       248, 175, 166, 128, 61, 250, 240, 8, 1, 140, 27, 249, 128, 237,
       33, 223, 86, 19, 68, 80, 183, 215, 160, 105, 65, 58, 34, 24, 19,
       220, 115, 49, 141, 129, 118, 64, 176, 200, 165, 168, 184, 120,
       127, 80, 136, 237, 81, 95, 243, 191, 164, 24, 51, 181, 196, 60, 9,
       178, 100, 56, 56, 111, 242, 18, 89, 202, 117, 124, 225, 232, 198,
       35, 16, 216, 190, 254, 195, 200, 53, 198, 172, 19, 102, 48, 124,
       255, 38, 122, 163, 115, 123, 80, 22, 217, 154, 97, 219, 163, 94,
       67, 224, 80, 165, 154, 124, 181, 125, 70, 172, 109, 199, 252, 192,
       188, 189, 40, 83, 117, 204, 39, 8, 214, 100, 106, 88, 99, 250, 40,
       113, 136, 101, 56, 99, 251, 198, 163, 241, 40, 29, 176, 41, 237,
       81, 66, 235, 91, 160, 24, 159, 146, 66, 127, 165, 163, 92, 28, 15,
       111, 178, 145, 153, 217, 80, 122, 192, 0, 67, 111, 253, 177, 187,
       116, 161, 76, 85, 240, 113, 202, 116, 28, 31, 215, 64, 57, 180,
       221, 244, 74, 73, 118, 178, 2, 211, 233, 116, 44, 106, 177, 66,
       35, 41, 184, 165, 87, 221, 157, 224, 166, 91, 115, 32, 92, 186,
       56, 212, 174, 137, 78, 50, 28, 183, 120, 255, 183, 15, 30, 85,
       114, 219, 12, 218, 156, 145, 85, 108, 173, 52, 11, 207, 56, 68,
       232, 154, 231, 247, 121, 146, 96, 22, 129, 93, 239, 237, 160, 93,
       31, 224, 205, 43, 148, 124, 186, 17, 17, 211, 91, 197, 133, 10,
       22, 140, 37, 141, 242, 130, 207, 233, 46, 151, 239, 102, 229, 121,
       239, 205, 205, 215, 200, 164, 122, 207, 146, 44, 188, 25, 92, 248,
       88, 86, 236, 73, 76, 80, 104, 161, 12, 243, 9, 75, 223, 39, 211,
       200, 245, 237, 98, 76, 39, 210, 140, 147, 251, 64, 31, 50, 174,
       110, 67, 198, 93, 172, 180, 136, 118, 159, 166, 158, 254, 154,
       151, 197, 110, 115, 75, 197, 103, 249, 199, 253, 205, 127, 234,
       233, 3, 255, 145, 156, 117, 189, 94, 45, 235, 104, 33, 124, 27,
       206, 184, 67, 172, 188, 141, 3, 8, 214, 144, 88, 204, 196, 111,
       206, 58, 229, 29, 122, 221, 165, 189, 103, 191, 90, 196, 249, 77,
       83, 174, 21, 70, 70, 39, 21, 130, 202, 3, 103, 99, 33, 208, 240,
       230, 44, 102, 109, 139, 17, 175, 178, 231, 132, 18, 58, 254, 56,
       10, 86, 59, 182, 184, 139, 245, 18, 202, 139, 253, 137, 45, 76,
       254, 107, 202, 133, 83, 249, 145, 22, 67, 154, 240, 155, 84, 15,
       255, 144, 103, 47, 87, 15, 159, 244, 118, 177, 214, 95, 184, 155,
       223, 20, 165, 125, 253, 255, 37, 151, 123, 181, 87, 182, 200, 58,
       191, 107, 223, 125, 199, 150, 244, 148, 127, 47, 126, 224, 192,
       255, 61, 219, 218, 91, 239, 60, 238, 24, 157, 215, 60, 31, 216,
       151, 17, 135, 118, 238, 178, 94, 31, 53, 254, 223, 253, 94, 247,
       168, 180, 61, 97, 169, 109, 17, 191, 58, 255, 36, 24, 158, 55, 64,
       57, 135, 23, 253, 16, 35, 124, 251, 23, 207, 223, 117, 119, 216,
       80, 7, 251, 220, 124, 223, 116, 0, 110, 39, 20, 240, 138, 182, 80,
       123, 151, 197, 59, 38, 245, 108, 66, 41, 229, 177, 106, 81, 235,
       101, 0, 224, 241, 103, 57, 117, 65, 60, 101, 29, 31, 71, 176, 101,
       160, 231, 8, 211, 113, 25, 54, 88, 212, 120, 106, 73, 240, 249,
       12, 183, 251, 69, 21, 98, 186, 90, 32, 60, 96, 252, 114, 45, 221,
       84, 204, 195, 191, 181, 24, 11, 217, 93, 26, 137, 240, 205, 26,
       10, 103, 202, 162, 219, 223, 21, 61, 226, 153, 94, 10, 64, 216,
       159, 178, 146, 224, 49, 198, 174, 21, 66, 51, 180, 183, 96, 74,
       227, 119, 43, 209, 18, 77, 154, 97, 217, 163, 126, 73, 128, 81,
       165, 122, 249, 132, 240, 86, 149, 90, 87, 191, 81, 239, 190, 26,
       107, 125, 158, 55, 153, 214, 212, 40, 188, 239, 237, 175, 123,
       223, 85, 55, 231, 252, 222, 110, 118, 162, 234, 132, 172, 203,
       223, 168, 203, 244, 155, 175, 195, 140, 223, 2, 153, 229, 109,
       247, 142, 99, 237, 156, 250, 16, 173, 253, 132, 47, 22, 70, 193,
       184, 158, 83, 170, 252, 32, 151, 254, 91, 166, 88, 180, 242, 196,
       123, 33, 54, 106, 8, 55, 77, 183, 113, 76, 171, 114, 24, 200, 64,
       139, 157, 56, 249, 123, 120, 91, 205, 81, 246, 235, 28, 236, 8,
       62, 159, 1, 48, 172, 187, 71, 64, 74, 43, 18, 125, 243, 253, 16,
       62, 115, 0, 102, 171, 232, 91, 118, 238, 109, 220, 82, 48, 161,
       12, 245, 41, 107, 223, 35, 87, 204, 180, 239, 98, 76, 39, 194,
       189, 83, 249, 96, 155, 114, 175, 110, 83, 80, 176, 157, 248, 8,
       237, 81, 83, 234, 19, 160, 24, 183, 147, 64, 27, 161, 147, 76, 16,
       26, 111, 146, 17, 217, 201, 114, 120, 192, 64, 131, 3, 221, 84,
       244, 71, 178, 62, 110, 57, 113, 234, 191, 244, 75, 98, 159, 255,
       55, 196, 252, 174, 173, 212, 109, 202, 182, 255, 97, 132, 239,
       247, 104, 21, 32, 180, 172, 251, 153, 237, 84, 47, 30, 61, 137,
       25, 183, 255, 72, 67, 201, 27, 121, 1, 58, 74, 219, 23, 207, 211,
       154, 125, 144, 72, 148, 90, 54, 94, 175, 181, 140, 98, 159, 170,
       214, 246, 138, 3, 209, 124, 95, 107, 249, 69, 121, 231, 232, 229,
       125, 40, 233, 11, 239, 20, 133, 121, 213, 98, 39, 48, 104, 69,
       100, 31, 234, 24, 108, 232, 119, 204, 209, 74, 159, 48, 156, 204,
       86, 238, 133, 176, 125, 72, 70, 28, 163, 164, 77, 179, 90, 212, 2,
       146, 22, 155, 184, 163, 176, 13, 142, 25, 219, 247, 236, 242, 174,
       206, 231, 19, 187, 145, 151, 141, 11, 213, 12, 54, 218, 198, 156,
       14, 165, 21, 67, 104, 239, 85, 44, 110, 233, 6, 234, 242, 6, 128,
       177, 164, 215, 110, 2, 100, 120, 77, 129, 220, 247, 104, 5, 58,
       223, 144, 132, 249, 81, 124, 216, 251, 122, 100, 50, 192, 83, 118,
       161, 12, 252, 168, 63, 151, 160, 16, 38, 251, 197, 192, 74, 139,
       160, 109, 243, 229, 32, 137, 99, 128, 166, 123, 210, 101, 18, 140,
       91, 3, 186, 76, 175, 128, 200, 11, 44, 130, 33, 86, 234, 245, 75,
       241, 32, 11, 144, 238, 177, 180, 10, 27, 145, 19, 47, 138, 78, 60,
       190, 20, 171, 126, 63, 18, 184, 254, 142, 53, 204, 190, 71, 223,
       167, 119, 253, 147, 177, 213, 179, 234, 215, 119, 111, 131, 138,
       117, 47, 83, 40, 189, 189, 121, 11, 237, 87, 191, 95, 123, 44, 24,
       190, 127, 72, 57, 135, 83, 253, 0, 35, 104, 123, 55, 239, 223,
       117, 127, 90, 73, 199, 251, 36, 161, 57, 111, 28, 79, 71, 168,
       118, 40, 235, 8, 211, 49, 8, 48, 152, 220, 72, 106, 72, 178, 121,
       30, 229, 221, 5, 52, 80, 59, 70, 34, 35, 180, 117, 81, 245, 255,
       161, 255, 95, 123, 124, 88, 152, 52, 220, 191, 9, 26, 82, 24, 179,
       248, 127, 245, 13, 26, 85, 102, 211, 204, 214, 245, 15, 184, 252,
       126, 191, 150, 90, 184, 155, 251, 85, 165, 125, 253, 222, 37, 151,
       127, 181, 117, 166, 192, 187, 189, 75, 255, 109, 207, 182, 167,
       92, 119, 143, 253, 19, 154, 137, 253, 22, 196, 206, 73, 137, 8,
       190, 214, 105, 228, 128, 59, 218, 83, 83, 5, 186, 243, 177, 149,
       14, 123, 16, 95, 141, 38, 72, 136, 149, 188, 168, 44, 73, 159,
       175, 25, 138, 89, 255, 115, 8, 90, 135, 87, 109, 21, 26, 73, 195,
       65, 200, 247, 118, 220, 136, 240, 131, 9, 2, 207, 10, 159, 16,
       129, 52, 238, 30, 5, 74, 145, 164, 194, 32, 80, 209, 43, 35, 197,
       102, 152, 3, 127, 37, 38, 154, 67, 16, 16, 165, 138, 173, 239, 4,
       90, 253, 29, 70, 188, 83, 248, 185, 76, 227, 97, 220, 183, 29,
       194, 84, 110, 235, 98, 223, 189, 46, 90, 5, 124, 91, 191, 210, 12,
       39, 52, 229, 81, 245, 127, 232, 218, 91, 251, 117, 126, 8, 120,
       223, 175, 31, 76, 146, 62, 183, 246, 252, 194, 14, 30, 17, 166,
       207, 253, 90, 213, 111, 47, 200, 4, 205, 31, 238, 232, 2, 162,
       168, 207, 65, 40, 87, 147, 76, 198, 194, 239, 220, 115, 220, 168,
