%YAML:1.0
---
descriptors: !!opencv-matrix
   rows: 138
   cols: 32
   dt: u
   data: [ 245, 109, 229, 110, 140, 71, 79, 252, 67, 242, 169, 10, 83,
       125, 89, 51, 89, 196, 88, 110, 233, 99, 255, 58, 251, 200, 197,
       60, 117, 251, 210, 96, 2, 162, 209, 155, 250, 169, 168, 143, 30,
       49, 17, 251, 140, 226, 200, 136, 79, 27, 235, 149, 50, 88, 207,
       213, 12, 18, 222, 252, 148, 136, 137, 152, 241, 65, 70, 205, 14,
       26, 238, 40, 229, 130, 243, 66, 67, 8, 181, 119, 104, 228, 110,
       234, 108, 231, 101, 204, 176, 170, 194, 16, 101, 184, 120, 12, 66,
       170, 145, 155, 249, 233, 48, 135, 190, 53, 64, 49, 172, 146, 64,
       72, 135, 59, 234, 16, 18, 72, 194, 113, 13, 20, 26, 107, 144, 0,
       135, 139, 92, 85, 95, 236, 58, 66, 79, 56, 165, 136, 206, 226, 87,
       119, 161, 113, 118, 244, 108, 234, 105, 129, 33, 12, 241, 227,
       163, 144, 48, 163, 36, 49, 164, 134, 166, 23, 237, 127, 228, 223,
       119, 191, 251, 117, 194, 104, 158, 159, 217, 70, 110, 19, 188,
       253, 75, 34, 45, 190, 117, 195, 203, 125, 214, 151, 252, 201, 122,
       231, 198, 66, 127, 245, 101, 164, 247, 163, 115, 93, 116, 65, 122,
       214, 63, 226, 72, 181, 173, 175, 123, 233, 167, 5, 39, 186, 244,
       170, 45, 103, 65, 69, 100, 27, 71, 50, 69, 160, 254, 200, 147, 9,
       149, 183, 88, 228, 78, 110, 200, 178, 101, 12, 54, 249, 161, 144,
       103, 249, 82, 160, 169, 52, 125, 101, 116, 111, 103, 55, 116, 230,
       127, 24, 243, 49, 144, 49, 91, 254, 70, 40, 185, 252, 113, 14,
       111, 239, 101, 0, 99, 232, 70, 168, 76, 112, 153, 231, 32, 110,
       119, 24, 44, 170, 107, 104, 215, 119, 9, 90, 22, 92, 109, 106, 1,
       208, 185, 8, 197, 253, 33, 4, 32, 243, 7, 35, 245, 217, 110, 175,
       6, 6, 79, 188, 84, 232, 215, 198, 115, 121, 187, 97, 122, 228, 62,
       239, 237, 179, 93, 175, 240, 171, 231, 128, 45, 187, 248, 24, 235,
       105, 101, 64, 45, 213, 81, 21, 231, 252, 182, 12, 138, 157, 214,
       183, 200, 164, 253, 92, 204, 107, 243, 208, 211, 89, 192, 122, 66,
       132, 86, 110, 184, 44, 172, 124, 141, 111, 65, 75, 87, 51, 228,
       24, 243, 249, 20, 59, 201, 234, 104, 8, 56, 111, 115, 190, 219,
       251, 209, 57, 243, 104, 214, 130, 129, 160, 21, 217, 108, 173,
       169, 31, 94, 57, 112, 112, 182, 128, 216, 105, 195, 10, 46, 28,
       147, 124, 67, 81, 140, 152, 50, 108, 216, 136, 65, 169, 219, 178,
       255, 121, 171, 245, 153, 91, 255, 127, 214, 247, 110, 253, 222,
       63, 175, 191, 253, 149, 191, 127, 171, 211, 219, 123, 127, 214,
       207, 196, 55, 127, 0, 253, 191, 188, 251, 197, 53, 231, 190, 221,
       108, 33, 188, 255, 98, 18, 167, 123, 227, 145, 115, 90, 178, 125,
       253, 183, 95, 107, 80, 64, 167, 219, 253, 223, 225, 126, 186, 54,
       79, 252, 147, 234, 188, 254, 115, 245, 185, 51, 29, 246, 116, 238,
       249, 67, 172, 63, 250, 207, 229, 188, 255, 243, 210, 113, 1, 166,
       185, 251, 252, 45, 33, 191, 94, 61, 92, 120, 183, 53, 200, 32,
       135, 26, 38, 8, 19, 56, 107, 23, 205, 158, 48, 116, 80, 136, 133,
       233, 147, 154, 68, 157, 158, 182, 168, 23, 94, 115, 210, 214, 233,
       74, 150, 235, 111, 175, 62, 157, 191, 252, 69, 213, 132, 107, 251,
       192, 189, 140, 249, 140, 161, 184, 135, 217, 205, 183, 232, 95,
       215, 179, 242, 86, 224, 200, 116, 175, 77, 174, 98, 156, 155, 255,
       123, 177, 15, 26, 147, 112, 219, 200, 248, 172, 17, 207, 94, 207,
       178, 210, 46, 247, 37, 64, 254, 226, 121, 103, 160, 96, 118, 247,
       30, 234, 109, 153, 13, 255, 250, 166, 174, 193, 61, 130, 169, 25,
       0, 184, 18, 152, 121, 201, 176, 227, 142, 25, 96, 40, 172, 210,
       96, 80, 201, 59, 130, 16, 18, 43, 66, 245, 157, 20, 26, 107, 144,
       8, 165, 143, 131, 176, 156, 187, 205, 253, 176, 143, 222, 123, 67,
       19, 140, 248, 110, 235, 129, 11, 187, 17, 55, 124, 219, 209, 12,
       83, 95, 111, 156, 76, 153, 143, 48, 173, 30, 170, 149, 167, 66,
       239, 164, 1, 234, 0, 98, 241, 32, 192, 120, 170, 10, 112, 26, 171,
       1, 61, 249, 197, 6, 81, 113, 74, 236, 138, 208, 74, 198, 205, 110,
       10, 229, 32, 236, 54, 242, 246, 203, 0, 181, 79, 106, 228, 110,
       234, 233, 245, 199, 200, 148, 42, 226, 144, 109, 185, 113, 4, 211,
       203, 67, 207, 54, 6, 110, 248, 36, 136, 251, 230, 113, 103, 189,
       244, 126, 228, 63, 238, 201, 147, 45, 239, 48, 170, 175, 128, 45,
       179, 112, 57, 172, 253, 198, 191, 223, 47, 230, 252, 31, 170, 248,
       74, 248, 249, 105, 0, 121, 238, 238, 226, 112, 243, 219, 255, 255,
       199, 207, 124, 183, 123, 241, 130, 117, 219, 111, 175, 6, 6, 111,
       184, 100, 232, 215, 70, 115, 81, 185, 97, 126, 228, 62, 239, 201,
       178, 93, 45, 244, 170, 231, 132, 45, 187, 112, 57, 32, 129, 81,
       75, 212, 137, 227, 141, 71, 33, 105, 8, 83, 113, 76, 48, 88, 154,
       2, 56, 26, 58, 89, 21, 111, 140, 4, 108, 243, 138, 194, 162, 61,
       99, 107, 74, 118, 83, 235, 216, 68, 236, 125, 234, 89, 204, 191,
       240, 126, 204, 22, 254, 197, 179, 44, 28, 126, 13, 167, 164, 55,
       187, 124, 225, 189, 69, 44, 173, 156, 15, 79, 188, 196, 108, 218,
       76, 211, 33, 51, 65, 88, 196, 127, 111, 248, 169, 89, 60, 224,
       235, 101, 20, 124, 251, 208, 104, 154, 251, 83, 174, 246, 145,
       190, 245, 24, 192, 88, 239, 173, 236, 163, 128, 126, 251, 151, 67,
       229, 58, 132, 239, 188, 69, 174, 171, 63, 190, 157, 217, 236, 48,
       182, 244, 141, 246, 80, 64, 199, 188, 167, 25, 74, 249, 97, 203,
       201, 244, 235, 178, 56, 103, 154, 128, 219, 243, 199, 63, 194,
       109, 124, 2, 1, 146, 149, 219, 60, 173, 33, 18, 126, 57, 113, 112,
       190, 19, 136, 236, 135, 10, 46, 28, 147, 60, 67, 117, 140, 158,
       50, 224, 152, 136, 1, 169, 64, 1, 23, 196, 76, 14, 104, 33, 173,
       128, 163, 2, 198, 131, 32, 83, 96, 165, 110, 232, 72, 131, 131,
       200, 149, 176, 202, 16, 0, 42, 97, 0, 240, 137, 30, 189, 143, 130,
       68, 229, 244, 20, 230, 18, 99, 67, 34, 81, 104, 182, 234, 226,
       124, 203, 17, 61, 179, 227, 198, 81, 121, 40, 168, 10, 212, 90,
       111, 180, 42, 14, 125, 180, 164, 30, 198, 183, 215, 23, 35, 91,
       102, 245, 125, 238, 104, 213, 177, 32, 211, 227, 250, 144, 36,
       177, 36, 123, 167, 114, 237, 83, 108, 127, 74, 216, 83, 250, 181,
       254, 66, 77, 223, 191, 93, 200, 150, 126, 169, 118, 237, 178, 14,
       91, 213, 246, 223, 253, 90, 245, 36, 237, 128, 101, 213, 46, 102,
       167, 99, 167, 42, 8, 195, 33, 84, 18, 89, 238, 96, 24, 24, 248,
       217, 46, 45, 206, 149, 117, 225, 122, 210, 138, 180, 221, 111,
       111, 156, 79, 71, 252, 36, 228, 255, 74, 115, 119, 137, 49, 124,
       244, 92, 234, 105, 179, 121, 63, 251, 235, 37, 20, 97, 187, 246,
       248, 33, 237, 232, 77, 176, 159, 239, 183, 110, 225, 110, 200,
       179, 228, 208, 48, 29, 110, 90, 92, 195, 184, 237, 63, 109, 28, 5,
       112, 208, 210, 194, 172, 230, 107, 236, 86, 205, 89, 149, 196,
       203, 182, 180, 171, 34, 200, 199, 27, 74, 240, 226, 82, 76, 103,
       238, 224, 118, 24, 197, 59, 71, 127, 94, 142, 216, 48, 157, 100,
       9, 76, 81, 81, 41, 160, 37, 24, 159, 23, 64, 58, 160, 21, 120, 8,
       9, 69, 179, 0, 211, 249, 80, 56, 106, 0, 7, 59, 80, 150, 140, 165,
       26, 6, 90, 58, 54, 162, 194, 215, 247, 42, 0, 67, 247, 213, 125,
       165, 44, 221, 217, 31, 251, 231, 255, 149, 44, 160, 33, 26, 97,
       176, 136, 88, 77, 189, 192, 79, 203, 59, 164, 92, 178, 216, 84,
       190, 201, 130, 122, 28, 159, 111, 218, 145, 15, 217, 210, 122,
       217, 8, 218, 140, 60, 101, 18, 172, 93, 199, 86, 104, 147, 160,
       233, 9, 66, 217, 44, 144, 216, 248, 194, 98, 76, 35, 90, 138, 179,
       213, 5, 63, 91, 62, 234, 130, 251, 178, 255, 248, 238, 181, 217,
       83, 255, 123, 214, 255, 62, 253, 214, 191, 239, 191, 255, 149,
       191, 127, 227, 209, 219, 123, 123, 238, 207, 196, 171, 119, 68,
       181, 185, 97, 179, 237, 49, 159, 111, 121, 61, 120, 158, 191, 72,
       48, 151, 27, 118, 16, 147, 120, 249, 21, 239, 221, 53, 118, 216,
