%YAML:1.0
---
descriptors: !!opencv-matrix
   rows: 230
   cols: 32
   dt: u
   data: [ 29, 191, 83, 43, 179, 171, 43, 223, 46, 77, 105, 229, 239,
       231, 168, 148, 54, 59, 198, 220, 19, 152, 104, 61, 236, 199, 39,
       192, 250, 199, 163, 217, 125, 49, 241, 101, 252, 15, 71, 253, 107,
       168, 248, 72, 83, 57, 221, 48, 30, 220, 86, 122, 217, 178, 249,
       40, 127, 221, 37, 180, 107, 187, 194, 177, 49, 239, 98, 143, 244,
       159, 238, 247, 86, 140, 92, 199, 99, 232, 182, 132, 122, 234, 22,
       207, 220, 186, 12, 191, 62, 14, 37, 192, 125, 254, 248, 205, 45,
       221, 82, 79, 214, 159, 238, 241, 125, 72, 127, 70, 121, 250, 181,
       164, 126, 234, 22, 234, 197, 186, 60, 255, 62, 174, 39, 128, 111,
       186, 235, 141, 214, 227, 198, 190, 187, 50, 63, 236, 191, 157,
       211, 183, 77, 239, 47, 94, 247, 215, 239, 247, 52, 71, 139, 255,
       186, 118, 207, 159, 183, 247, 173, 87, 71, 255, 197, 161, 186, 42,
       62, 159, 42, 249, 26, 237, 204, 38, 195, 150, 23, 71, 253, 149,
       149, 88, 221, 64, 172, 54, 175, 246, 174, 246, 139, 221, 60, 249,
       25, 230, 63, 205, 83, 200, 207, 240, 176, 8, 254, 217, 65, 50,
       138, 241, 238, 66, 11, 99, 218, 177, 219, 209, 1, 123, 82, 43, 7,
       171, 153, 97, 59, 229, 93, 13, 233, 88, 239, 192, 246, 78, 31,
       201, 80, 50, 232, 141, 74, 236, 131, 179, 178, 221, 215, 249, 3,
       44, 73, 162, 99, 160, 202, 95, 199, 191, 165, 4, 111, 150, 181, 6,
       194, 48, 108, 187, 41, 251, 236, 119, 251, 195, 228, 157, 51, 235,
       35, 118, 222, 2, 150, 245, 228, 232, 69, 31, 239, 5, 164, 62, 175,
       183, 124, 234, 94, 228, 241, 36, 151, 102, 55, 102, 124, 47, 225,
       248, 37, 74, 100, 47, 127, 128, 204, 246, 209, 125, 214, 205, 84,
       219, 219, 208, 110, 239, 191, 19, 233, 18, 104, 242, 44, 244, 97,
       223, 123, 202, 114, 15, 159, 247, 63, 62, 142, 79, 51, 83, 239,
       166, 25, 223, 106, 79, 54, 146, 239, 244, 84, 8, 254, 230, 113,
       97, 176, 96, 126, 236, 22, 238, 201, 184, 29, 63, 126, 173, 167,
       192, 127, 187, 120, 169, 191, 126, 122, 101, 230, 42, 95, 244,
       113, 206, 124, 239, 11, 13, 151, 27, 62, 249, 21, 239, 237, 246,
       36, 170, 226, 219, 101, 162, 111, 255, 66, 217, 41, 83, 125, 103,
       36, 14, 127, 48, 101, 72, 119, 68, 247, 23, 139, 121, 220, 164,
       85, 110, 201, 176, 105, 44, 199, 249, 96, 144, 74, 187, 66, 243,
       51, 5, 96, 79, 118, 27, 234, 113, 93, 96, 255, 198, 123, 8, 156,
       164, 122, 140, 22, 173, 237, 178, 101, 206, 54, 124, 162, 128,
       127, 142, 123, 140, 73, 95, 121, 227, 116, 143, 123, 52, 108, 104,
       127, 108, 159, 23, 128, 112, 54, 188, 86, 110, 193, 184, 97, 45,
       230, 233, 32, 128, 108, 155, 66, 121, 89, 115, 123, 225, 50, 14,
       123, 21, 36, 72, 127, 236, 159, 27, 144, 112, 54, 141, 93, 124,
       137, 184, 165, 14, 246, 237, 34, 192, 44, 131, 163, 121, 17, 207,
       99, 238, 150, 66, 239, 247, 116, 194, 218, 226, 113, 231, 177, 96,
       126, 239, 23, 239, 233, 147, 45, 110, 176, 46, 175, 128, 37, 242,
       165, 185, 43, 207, 230, 23, 116, 26, 238, 183, 85, 231, 94, 198,
       107, 104, 151, 231, 123, 230, 190, 45, 237, 248, 101, 175, 46,
       127, 245, 128, 111, 252, 88, 220, 10, 156, 59, 251, 151, 230, 59,
       39, 29, 7, 78, 18, 188, 183, 32, 96, 247, 59, 155, 128, 51, 152,
       49, 255, 207, 247, 26, 67, 146, 72, 165, 250, 149, 167, 207, 247,
       198, 139, 239, 121, 118, 242, 127, 246, 243, 225, 248, 97, 127,
       238, 62, 46, 249, 240, 111, 207, 252, 207, 231, 128, 109, 234,
       208, 160, 82, 235, 223, 254, 107, 192, 123, 204, 171, 20, 168,
       169, 108, 207, 110, 82, 230, 245, 237, 210, 66, 75, 138, 241, 251,
       241, 143, 251, 1, 38, 167, 107, 86, 253, 255, 166, 170, 72, 23,
       232, 186, 246, 15, 171, 95, 255, 75, 90, 55, 213, 253, 115, 66,
       65, 187, 98, 251, 199, 109, 239, 164, 115, 167, 83, 155, 92, 23,
       246, 3, 254, 177, 96, 172, 130, 195, 50, 238, 214, 33, 239, 166,
       51, 172, 2, 33, 141, 48, 238, 145, 242, 90, 2, 42, 39, 37, 63,
       100, 172, 188, 179, 237, 237, 213, 143, 154, 247, 160, 29, 182,
       252, 71, 27, 137, 107, 107, 20, 54, 111, 218, 51, 239, 159, 85,
       125, 208, 88, 223, 218, 33, 5, 134, 140, 205, 103, 197, 79, 213,
       195, 237, 29, 82, 113, 55, 159, 216, 164, 50, 172, 57, 179, 80,
       202, 19, 62, 208, 4, 219, 124, 242, 150, 73, 159, 253, 87, 182,
       30, 191, 53, 112, 237, 127, 228, 249, 125, 150, 103, 54, 118, 253,
       77, 245, 248, 173, 104, 110, 111, 102, 128, 207, 246, 237, 125,
       97, 140, 145, 229, 84, 46, 233, 59, 26, 163, 107, 74, 52, 179, 80,
       244, 89, 238, 50, 8, 17, 250, 209, 11, 29, 174, 179, 32, 8, 104,
       82, 168, 93, 212, 217, 206, 246, 122, 239, 253, 122, 239, 253,
       110, 255, 118, 155, 228, 59, 238, 110, 170, 97, 103, 173, 234,
       253, 239, 103, 149, 250, 250, 205, 121, 5, 172, 127, 255, 92, 175,
       235, 248, 126, 248, 254, 70, 223, 251, 145, 96, 123, 236, 126,
       236, 177, 250, 251, 253, 221, 239, 227, 68, 237, 171, 113, 160,
       37, 99, 91, 69, 244, 15, 239, 249, 97, 168, 252, 72, 83, 73, 157,
       52, 94, 204, 70, 126, 217, 178, 205, 14, 126, 221, 37, 36, 111,
       186, 210, 169, 189, 198, 72, 107, 60, 31, 66, 248, 86, 44, 253,
       206, 211, 72, 187, 241, 88, 204, 70, 110, 238, 50, 77, 61, 226,
       201, 161, 244, 127, 191, 88, 129, 214, 76, 150, 190, 143, 4, 47,
       132, 189, 18, 195, 18, 236, 226, 41, 79, 241, 119, 123, 195, 99,
       197, 155, 235, 177, 114, 222, 10, 154, 119, 177, 62, 61, 79, 103,
       239, 52, 6, 79, 252, 100, 204, 250, 198, 115, 97, 177, 64, 124,
       228, 61, 238, 201, 177, 45, 44, 240, 172, 167, 128, 45, 187, 112,
       120, 191, 237, 102, 67, 159, 151, 190, 232, 222, 228, 158, 10, 72,
       200, 55, 33, 249, 117, 219, 247, 228, 227, 125, 254, 59, 91, 143,
       55, 71, 63, 118, 180, 222, 118, 135, 158, 43, 98, 158, 104, 153,
       214, 193, 147, 236, 255, 61, 203, 247, 247, 189, 230, 108, 71,
       155, 238, 179, 122, 207, 138, 6, 119, 37, 66, 254, 80, 230, 190,
       171, 6, 95, 252, 181, 94, 215, 183, 77, 111, 27, 91, 255, 213,
       253, 231, 232, 199, 207, 138, 240, 99, 239, 159, 191, 247, 166,
       115, 131, 39, 70, 165, 182, 171, 236, 127, 94, 162, 91, 210, 189,
       40, 176, 128, 63, 171, 63, 173, 176, 252, 69, 222, 172, 14, 187,
       128, 109, 200, 185, 9, 195, 187, 69, 3, 186, 155, 13, 189, 43,
       252, 18, 237, 229, 38, 195, 151, 6, 69, 253, 117, 197, 88, 255,
       124, 172, 18, 237, 244, 12, 166, 131, 93, 212, 71, 95, 228, 50,
       98, 63, 104, 52, 134, 250, 162, 95, 55, 161, 113, 118, 213, 173,
       226, 104, 151, 37, 78, 240, 166, 103, 133, 37, 243, 38, 33, 71,
       255, 103, 79, 178, 18, 111, 189, 33, 224, 222, 228, 249, 103, 154,
       245, 54, 230, 125, 239, 249, 137, 173, 125, 44, 56, 175, 212, 46,
       166, 251, 117, 49, 205, 98, 15, 244, 151, 238, 245, 117, 64, 126,
       70, 113, 232, 182, 164, 126, 234, 18, 239, 215, 186, 12, 255, 62,
       44, 167, 0, 125, 190, 248, 140, 222, 106, 123, 238, 59, 201, 27,
       72, 169, 4, 177, 185, 111, 223, 37, 16, 190, 213, 205, 226, 106,
       7, 138, 255, 243, 241, 11, 59, 97, 35, 39, 163, 36, 109, 123, 87,
       210, 202, 231, 231, 245, 134, 126, 162, 96, 229, 165, 52, 122,
       250, 2, 202, 96, 248, 36, 110, 127, 174, 22, 1, 99, 251, 230, 232,
       244, 124, 25, 238, 93, 205, 83, 72, 207, 160, 169, 24, 254, 211,
       77, 112, 208, 245, 110, 98, 43, 39, 218, 187, 223, 253, 1, 63, 24,
       43, 66, 34, 145, 37, 11, 236, 29, 47, 201, 89, 228, 128, 191, 28,
       155, 201, 56, 32, 248, 137, 94, 172, 233, 167, 243, 222, 241, 217,
       3, 60, 73, 8, 99, 34, 35, 175, 226, 10, 215, 177, 182, 207, 91,
       69, 124, 143, 40, 232, 126, 132, 217, 42, 130, 149, 150, 186, 30,
       243, 62, 28, 157, 107, 223, 94, 250, 206, 9, 158, 19, 91, 50, 155,
       98, 183, 118, 1, 110, 100, 178, 195, 164, 244, 83, 42, 14, 8, 99,
       152, 101, 63, 164, 174, 48, 64, 122, 128, 192, 45, 120, 41, 145,
