%YAML:1.0
---
descriptors: !!opencv-matrix
   rows: 322
   cols: 32
   dt: u
   data: [ 143, 199, 38, 187, 182, 155, 190, 228, 159, 119, 83, 247, 204,
       232, 62, 73, 255, 43, 179, 247, 182, 180, 13, 247, 44, 126, 223,
       199, 221, 95, 249, 197, 42, 190, 114, 89, 115, 211, 248, 119, 113,
       13, 124, 176, 40, 191, 182, 180, 46, 58, 150, 136, 246, 222, 164,
       223, 119, 95, 144, 227, 103, 132, 238, 175, 1, 133, 121, 107, 116,
       10, 235, 53, 100, 65, 127, 96, 211, 1, 152, 112, 58, 14, 6, 110,
       193, 176, 101, 15, 100, 173, 34, 64, 101, 138, 192, 168, 111, 221,
       103, 30, 188, 214, 238, 181, 212, 192, 223, 64, 241, 120, 191,
       224, 88, 98, 52, 255, 239, 162, 110, 191, 42, 62, 175, 136, 95,
       247, 112, 108, 125, 180, 254, 122, 237, 125, 87, 205, 123, 87,
       189, 24, 123, 253, 78, 59, 153, 210, 124, 50, 63, 99, 251, 51,
       251, 223, 85, 127, 217, 123, 206, 114, 46, 208, 182, 242, 253,
       253, 208, 200, 223, 249, 177, 15, 206, 220, 110, 136, 217, 145,
       255, 81, 31, 111, 90, 244, 31, 155, 87, 127, 217, 13, 213, 211, 2,
       74, 142, 187, 16, 129, 57, 71, 62, 4, 66, 135, 164, 194, 35, 72,
       228, 43, 27, 213, 70, 156, 2, 127, 196, 38, 186, 203, 24, 0, 41,
       154, 134, 183, 124, 71, 242, 42, 186, 57, 60, 109, 123, 245, 213,
       109, 140, 17, 54, 23, 85, 102, 241, 152, 77, 111, 110, 174, 40,
       196, 109, 131, 131, 177, 249, 207, 70, 79, 102, 26, 110, 240, 117,
       66, 247, 230, 115, 98, 189, 245, 124, 198, 38, 238, 237, 191, 45,
       255, 54, 234, 226, 128, 63, 162, 120, 29, 37, 76, 113, 71, 116,
       111, 231, 184, 68, 166, 127, 64, 243, 97, 189, 36, 90, 88, 6, 106,
       201, 176, 125, 46, 101, 158, 33, 4, 87, 251, 68, 164, 126, 123,
       244, 255, 235, 124, 92, 204, 171, 191, 61, 45, 46, 191, 71, 218,
       167, 255, 229, 66, 72, 83, 186, 224, 159, 241, 71, 191, 242, 119,
       135, 215, 75, 183, 196, 161, 178, 22, 186, 23, 171, 237, 26, 229,
       205, 38, 202, 150, 55, 103, 253, 149, 151, 216, 221, 206, 172, 84,
       47, 230, 175, 230, 139, 93, 6, 215, 183, 188, 235, 99, 188, 207,
       191, 191, 184, 185, 204, 254, 104, 27, 167, 115, 239, 145, 50, 75,
       170, 240, 185, 214, 95, 239, 144, 112, 167, 243, 252, 252, 253,
       105, 169, 127, 87, 152, 115, 122, 164, 24, 219, 119, 75, 59, 217,
       212, 252, 122, 107, 70, 251, 145, 203, 219, 101, 127, 250, 243,
       70, 115, 207, 250, 124, 97, 56, 182, 90, 152, 239, 120, 151, 197,
       221, 27, 215, 123, 135, 85, 125, 254, 135, 69, 93, 245, 202, 219,
       235, 246, 62, 167, 75, 21, 30, 181, 124, 251, 187, 225, 89, 185,
       167, 53, 189, 185, 207, 119, 74, 89, 207, 147, 239, 176, 58, 74,
       91, 21, 223, 211, 235, 255, 176, 129, 134, 115, 131, 42, 172, 87,
       138, 141, 101, 7, 127, 59, 66, 243, 179, 122, 205, 203, 165, 118,
       255, 4, 162, 212, 207, 99, 132, 42, 118, 160, 176, 248, 216, 136,
       199, 54, 172, 157, 239, 51, 188, 111, 31, 255, 149, 255, 204, 120,
       31, 75, 247, 79, 223, 39, 180, 103, 207, 223, 246, 63, 223, 191,
       157, 124, 153, 215, 44, 214, 236, 251, 168, 52, 222, 191, 22, 95,
       221, 181, 249, 111, 90, 217, 93, 219, 189, 151, 190, 74, 239, 179,
       238, 255, 255, 253, 158, 214, 254, 219, 120, 88, 247, 126, 107,
       217, 53, 198, 191, 7, 230, 40, 46, 247, 37, 252, 166, 251, 238, 0,
       98, 239, 50, 239, 211, 247, 84, 27, 98, 88, 39, 43, 98, 149, 105,
       78, 188, 212, 86, 63, 231, 75, 221, 113, 242, 125, 28, 112, 209,
       50, 253, 1, 223, 169, 115, 127, 235, 255, 180, 219, 26, 194, 246,
       95, 60, 205, 66, 47, 181, 91, 102, 173, 117, 198, 238, 133, 235,
       224, 186, 212, 122, 238, 172, 110, 124, 184, 93, 175, 234, 231,
       133, 17, 119, 254, 222, 84, 45, 111, 227, 195, 244, 2, 111, 216,
       19, 226, 116, 206, 25, 231, 245, 116, 127, 236, 23, 254, 251, 242,
       236, 234, 126, 12, 165, 236, 167, 251, 118, 240, 161, 169, 89, 85,
       100, 207, 97, 51, 121, 224, 102, 8, 51, 17, 20, 49, 136, 170, 18,
       12, 81, 248, 81, 61, 71, 153, 80, 0, 74, 136, 66, 168, 224, 40,
       152, 116, 73, 205, 80, 134, 250, 177, 36, 24, 54, 145, 65, 58,
       128, 244, 108, 72, 26, 105, 210, 49, 219, 153, 85, 121, 64, 8, 74,
       42, 88, 41, 154, 244, 170, 204, 80, 7, 170, 25, 174, 8, 191, 147,
       64, 82, 160, 54, 108, 24, 26, 9, 130, 1, 211, 229, 48, 91, 226, 0,
       135, 42, 139, 96, 251, 237, 108, 4, 120, 220, 239, 89, 80, 65,
       157, 159, 117, 226, 230, 25, 127, 77, 195, 21, 178, 209, 71, 249,
       170, 172, 28, 144, 115, 249, 1, 192, 151, 245, 116, 46, 96, 158,
       122, 139, 243, 82, 247, 113, 168, 236, 249, 238, 46, 136, 169,
       240, 89, 237, 141, 254, 246, 0, 136, 248, 113, 160, 95, 157, 180,
       189, 186, 38, 27, 186, 55, 91, 143, 177, 221, 119, 74, 79, 247,
       87, 125, 181, 186, 73, 203, 243, 216, 243, 235, 222, 146, 229, 33,
       115, 43, 238, 114, 94, 95, 185, 182, 231, 223, 6, 252, 143, 42,
       200, 54, 212, 203, 234, 194, 6, 102, 175, 78, 255, 54, 30, 16, 27,
       91, 94, 88, 142, 37, 189, 177, 109, 253, 255, 198, 250, 207, 232,
       248, 76, 210, 184, 85, 176, 217, 104, 94, 99, 157, 42, 90, 188,
       47, 220, 5, 62, 218, 111, 210, 135, 165, 54, 236, 195, 172, 59,
       223, 24, 86, 254, 183, 239, 211, 109, 223, 11, 93, 236, 95, 191,
       173, 116, 237, 26, 206, 155, 229, 181, 237, 251, 88, 81, 112, 232,
       137, 228, 141, 79, 69, 141, 18, 184, 160, 8, 150, 157, 81, 58,
       153, 220, 113, 81, 91, 126, 219, 0, 249, 129, 141, 124, 64, 56,
       214, 42, 33, 71, 91, 72, 82, 171, 71, 125, 61, 64, 232, 224, 114,
       195, 173, 116, 126, 168, 6, 108, 75, 147, 36, 95, 52, 28, 1, 0,
       120, 242, 96, 44, 205, 38, 239, 37, 164, 58, 109, 25, 120, 234,
       119, 245, 219, 41, 159, 123, 147, 68, 124, 62, 253, 244, 165, 10,
       238, 251, 101, 132, 206, 246, 219, 81, 32, 40, 233, 103, 68, 239,
       99, 80, 114, 228, 97, 13, 179, 141, 81, 25, 152, 236, 2, 78, 136,
       242, 252, 56, 71, 141, 65, 32, 97, 251, 70, 250, 126, 245, 100,
       71, 155, 123, 134, 173, 53, 229, 143, 139, 107, 124, 30, 132, 121,
       214, 249, 227, 124, 243, 253, 175, 59, 102, 133, 87, 103, 127,
       222, 86, 34, 8, 146, 159, 21, 249, 146, 66, 94, 1, 88, 3, 174,
       200, 35, 192, 216, 123, 130, 67, 6, 168, 66, 249, 5, 22, 26, 11,
       209, 95, 61, 142, 42, 142, 210, 30, 223, 185, 182, 227, 223, 7,
       233, 159, 40, 232, 54, 196, 233, 171, 194, 7, 54, 175, 14, 255,
       54, 94, 18, 59, 219, 76, 233, 142, 180, 196, 252, 255, 252, 47,
       79, 248, 86, 186, 185, 82, 211, 115, 121, 107, 89, 204, 23, 250,
       184, 246, 89, 186, 239, 143, 229, 52, 240, 251, 240, 160, 42, 154,
       114, 89, 119, 209, 185, 99, 253, 77, 118, 50, 40, 156, 182, 164,
       239, 59, 147, 129, 182, 190, 38, 255, 7, 94, 154, 195, 87, 132,
       111, 223, 88, 18, 31, 161, 42, 142, 41, 19, 164, 25, 130, 229,
       223, 151, 136, 90, 38, 21, 236, 128, 27, 201, 131, 5, 209, 161,
       122, 192, 40, 0, 165, 57, 29, 197, 121, 103, 52, 14, 111, 180,
       116, 0, 127, 64, 211, 1, 152, 112, 58, 76, 4, 234, 217, 176, 125,
       47, 229, 237, 32, 68, 97, 155, 192, 160, 1, 12, 15, 191, 18, 162,
       43, 54, 180, 65, 74, 199, 245, 98, 33, 64, 118, 103, 59, 173, 37,
       153, 5, 109, 236, 38, 170, 192, 168, 163, 33, 88, 137, 121, 243,
       235, 109, 4, 254, 92, 239, 40, 89, 64, 157, 155, 117, 226, 230,
       25, 127, 219, 195, 21, 155, 241, 103, 249, 42, 172, 30, 147, 123,
       169, 154, 81, 118, 237, 43, 82, 49, 76, 173, 68, 246, 163, 13,
       159, 166, 210, 238, 149, 239, 227, 72, 131, 35, 192, 242, 225, 42,
       131, 55, 54, 37, 227, 58, 48, 127, 232, 211, 227, 25, 67, 189, 69,
       228, 177, 15, 159, 32, 121, 238, 185, 149, 144, 58, 139, 50, 212,
       211, 209, 154, 75, 178, 0, 166, 242, 66, 190, 150, 178, 168, 164,
       20, 71, 174, 59, 154, 245, 174, 178, 96, 203, 199, 87, 239, 17,
       54, 75, 130, 225, 152, 150, 126, 250, 136, 80, 169, 11, 185, 74,
