%YAML:1.0
---
descriptors: !!opencv-matrix
   rows: 363
   cols: 32
   dt: u
   data: [ 149, 122, 255, 219, 126, 124, 251, 216, 255, 219, 181, 246,
       221, 222, 223, 43, 63, 205, 126, 255, 167, 101, 175, 226, 222, 59,
       115, 236, 237, 185, 99, 245, 173, 207, 102, 71, 180, 122, 103,
       180, 117, 230, 111, 132, 227, 96, 159, 245, 83, 206, 110, 110,
       236, 240, 109, 46, 238, 255, 37, 5, 102, 255, 216, 68, 149, 84,
       157, 255, 174, 78, 111, 152, 22, 250, 83, 86, 215, 119, 9, 75,
       119, 76, 61, 126, 97, 212, 89, 42, 229, 171, 103, 148, 184, 249,
       129, 49, 38, 235, 105, 10, 254, 201, 151, 236, 91, 116, 185, 171,
       64, 204, 95, 16, 153, 201, 195, 119, 214, 99, 238, 119, 126, 4, 5,
       255, 85, 31, 214, 214, 208, 89, 62, 244, 34, 206, 53, 102, 172,
       142, 230, 32, 191, 151, 33, 99, 166, 119, 236, 64, 96, 141, 50,
       109, 241, 227, 122, 3, 32, 0, 37, 59, 88, 184, 190, 252, 8, 236,
       81, 30, 166, 181, 166, 9, 247, 135, 66, 90, 193, 183, 109, 16, 10,
       75, 243, 17, 219, 227, 113, 57, 160, 0, 6, 90, 126, 113, 104, 10,
       201, 81, 223, 200, 3, 244, 189, 171, 74, 220, 95, 54, 222, 217,
       223, 247, 206, 35, 254, 208, 123, 89, 141, 191, 119, 255, 86, 119,
       255, 119, 104, 102, 95, 91, 87, 248, 65, 238, 189, 175, 75, 108,
       223, 182, 92, 212, 197, 230, 237, 39, 125, 174, 114, 71, 165, 191,
       103, 255, 94, 245, 60, 113, 75, 99, 145, 73, 86, 221, 51, 192,
       232, 137, 19, 223, 73, 144, 120, 220, 197, 82, 79, 146, 216, 2,
       243, 197, 4, 61, 107, 158, 206, 146, 16, 157, 27, 250, 147, 224,
       50, 238, 190, 1, 104, 32, 124, 247, 40, 112, 167, 123, 138, 208,
       18, 11, 58, 119, 185, 229, 22, 75, 144, 2, 167, 43, 21, 95, 111,
       111, 178, 130, 127, 244, 228, 72, 254, 231, 115, 111, 177, 96,
       118, 246, 31, 238, 201, 153, 45, 109, 242, 175, 162, 128, 61, 179,
       228, 121, 55, 237, 123, 206, 181, 215, 223, 248, 87, 204, 252, 34,
       107, 221, 191, 36, 120, 250, 151, 250, 206, 187, 104, 191, 251,
       221, 167, 155, 119, 255, 246, 231, 216, 174, 127, 88, 250, 201,
       53, 231, 186, 23, 36, 184, 63, 231, 0, 219, 39, 115, 229, 8, 114,
       75, 170, 117, 251, 163, 117, 121, 226, 208, 167, 235, 50, 221,
       107, 202, 189, 215, 219, 236, 197, 72, 253, 3, 114, 220, 53, 96,
       248, 250, 31, 250, 207, 171, 60, 255, 123, 29, 135, 83, 117, 155,
       244, 126, 165, 108, 149, 33, 141, 111, 66, 130, 123, 251, 32, 29,
       150, 24, 65, 155, 137, 68, 64, 94, 61, 116, 217, 34, 141, 218, 85,
       54, 200, 125, 66, 86, 138, 254, 238, 191, 190, 227, 181, 207, 254,
       223, 214, 183, 237, 232, 50, 75, 219, 111, 255, 17, 182, 239, 207,
       191, 254, 115, 255, 243, 39, 252, 191, 203, 252, 166, 222, 114,
       40, 201, 82, 208, 243, 31, 181, 57, 119, 209, 72, 155, 179, 246,
       236, 82, 46, 103, 138, 51, 219, 225, 113, 57, 96, 147, 78, 3, 215,
       6, 239, 151, 226, 58, 173, 189, 56, 214, 87, 246, 245, 102, 159,
       127, 55, 231, 124, 175, 241, 212, 173, 108, 4, 42, 254, 128, 173,
       246, 163, 125, 60, 253, 234, 239, 215, 211, 247, 248, 87, 172,
       252, 10, 107, 253, 119, 52, 120, 250, 151, 202, 202, 178, 248,
       191, 127, 221, 135, 175, 119, 191, 126, 226, 246, 168, 245, 182,
       239, 233, 245, 202, 251, 247, 177, 187, 110, 236, 95, 59, 171,
       255, 239, 147, 54, 103, 238, 243, 221, 82, 95, 255, 197, 125, 135,
       86, 227, 182, 239, 147, 236, 173, 233, 59, 31, 127, 95, 255, 213,
       236, 254, 105, 95, 142, 63, 29, 179, 116, 239, 211, 204, 30, 250,
       236, 156, 204, 209, 245, 73, 133, 126, 109, 180, 14, 107, 53, 125,
       1, 111, 68, 215, 115, 24, 112, 54, 102, 92, 44, 177, 184, 113, 95,
       239, 191, 32, 64, 200, 162, 194, 33, 80, 184, 152, 250, 171, 205,
       80, 151, 171, 17, 168, 24, 191, 187, 64, 26, 167, 179, 124, 16,
       26, 107, 146, 49, 219, 217, 22, 123, 216, 0, 143, 11, 92, 237,
       120, 111, 250, 126, 255, 254, 107, 225, 254, 138, 125, 127, 159,
       48, 62, 207, 215, 238, 193, 51, 189, 255, 127, 237, 39, 173, 231,
       243, 231, 249, 176, 204, 154, 124, 249, 75, 87, 111, 144, 134,
       228, 57, 102, 163, 34, 16, 217, 254, 193, 34, 104, 175, 82, 46,
       249, 167, 4, 59, 80, 120, 174, 170, 252, 101, 26, 110, 217, 91,
       86, 232, 83, 164, 173, 9, 66, 249, 43, 16, 216, 220, 192, 98, 104,
       35, 200, 62, 115, 197, 5, 63, 83, 59, 78, 130, 235, 190, 190, 217,
       253, 188, 252, 247, 223, 59, 252, 118, 172, 170, 246, 253, 239,
       191, 254, 1, 183, 127, 226, 215, 62, 123, 255, 251, 151, 92, 219,
       141, 131, 182, 245, 191, 244, 233, 189, 87, 191, 95, 121, 245,
       189, 174, 192, 75, 239, 59, 183, 149, 179, 220, 231, 211, 12, 215,
       254, 192, 156, 192, 167, 249, 8, 75, 30, 121, 44, 153, 67, 16, 70,
       4, 108, 0, 183, 195, 163, 64, 64, 40, 44, 72, 74, 184, 66, 61,
       194, 253, 32, 9, 18, 155, 76, 136, 124, 236, 222, 114, 171, 233,
       17, 207, 187, 63, 180, 57, 46, 243, 106, 27, 161, 82, 237, 16, 58,
       109, 138, 51, 219, 199, 117, 127, 210, 81, 207, 3, 247, 207, 238,
       150, 141, 63, 118, 232, 255, 246, 151, 31, 74, 104, 63, 207, 235,
       231, 238, 231, 252, 237, 47, 238, 190, 122, 71, 23, 142, 255, 248,
       70, 230, 220, 255, 222, 207, 232, 125, 199, 191, 115, 246, 178,
       252, 247, 100, 127, 111, 255, 239, 16, 51, 95, 251, 243, 221, 179,
       223, 123, 181, 120, 167, 241, 124, 253, 152, 178, 155, 125, 87,
       159, 179, 183, 172, 25, 215, 247, 75, 26, 149, 215, 237, 50, 126,
       67, 250, 34, 251, 199, 69, 125, 162, 123, 142, 82, 20, 48, 189,
       243, 168, 110, 77, 154, 182, 255, 131, 49, 215, 119, 73, 91, 129,
       87, 125, 186, 59, 69, 251, 48, 201, 163, 255, 148, 136, 113, 133,
       115, 236, 88, 184, 126, 105, 204, 87, 2, 146, 22, 165, 56, 246,
       245, 35, 91, 192, 116, 233, 2, 104, 103, 250, 43, 227, 243, 85,
       59, 80, 121, 70, 106, 219, 158, 133, 191, 173, 189, 109, 159, 191,
       127, 210, 87, 255, 230, 94, 223, 229, 231, 127, 28, 191, 77, 251,
       243, 157, 250, 223, 88, 154, 92, 209, 92, 167, 188, 255, 243, 173,
       224, 189, 207, 255, 211, 180, 48, 188, 254, 76, 127, 235, 255,
       126, 144, 51, 239, 251, 241, 141, 250, 223, 86, 201, 81, 231, 247,
       86, 70, 66, 135, 246, 59, 238, 238, 61, 238, 219, 255, 77, 104,
       191, 196, 127, 207, 239, 167, 36, 247, 141, 254, 188, 38, 175,
       133, 175, 255, 253, 84, 77, 103, 228, 7, 176, 58, 111, 168, 127,
       230, 127, 165, 203, 96, 159, 252, 19, 204, 108, 126, 196, 240,
       109, 110, 238, 255, 37, 5, 230, 247, 206, 68, 167, 70, 192, 151,
       188, 55, 238, 253, 125, 170, 247, 86, 201, 106, 159, 189, 253,
       207, 94, 238, 237, 246, 109, 238, 182, 58, 231, 132, 207, 245,
       234, 132, 75, 175, 214, 176, 253, 189, 116, 191, 187, 59, 190,
       121, 175, 251, 202, 210, 167, 255, 239, 21, 62, 105, 194, 247,
       190, 255, 119, 251, 210, 204, 139, 9, 56, 168, 254, 117, 112, 207,
       113, 87, 119, 61, 246, 24, 179, 149, 2, 56, 45, 188, 111, 24, 26,
       252, 225, 1, 223, 239, 112, 113, 99, 136, 198, 235, 141, 207, 208,
       47, 180, 58, 110, 190, 116, 6, 110, 212, 239, 99, 155, 212, 115,
       110, 34, 110, 117, 176, 109, 46, 238, 231, 102, 0, 234, 243, 202,
       132, 120, 169, 190, 116, 104, 236, 89, 23, 178, 53, 230, 25, 55,
       183, 66, 91, 228, 191, 237, 16, 26, 219, 227, 21, 219, 227, 112,
       121, 160, 128, 142, 10, 137, 175, 206, 189, 196, 171, 101, 255,
       118, 3, 110, 82, 181, 227, 128, 204, 123, 106, 34, 140, 115, 188,
       71, 51, 236, 167, 246, 0, 172, 240, 169, 168, 77, 117, 16, 69,
       112, 30, 118, 184, 108, 168, 110, 68, 222, 50, 137, 244, 182, 92,
       76, 106, 193, 176, 121, 76, 167, 253, 37, 6, 74, 179, 67, 53, 45,
       113, 48, 71, 117, 31, 102, 184, 105, 232, 111, 76, 222, 80, 13,
       180, 144, 76, 84, 110, 197, 176, 121, 12, 39, 253, 37, 22, 74, 59,
       75, 151, 54, 108, 232, 142, 93, 95, 214, 104, 91, 230, 241, 11,
