%YAML:1.0
---
descriptors: !!opencv-matrix
   rows: 356
   cols: 32
   dt: u
   data: [ 80, 184, 152, 248, 41, 205, 81, 151, 171, 25, 168, 24, 190,
       191, 64, 18, 167, 179, 124, 16, 26, 107, 146, 113, 219, 217, 20,
       123, 216, 0, 135, 11, 188, 103, 58, 110, 29, 95, 86, 104, 85, 164,
       237, 11, 66, 121, 41, 144, 216, 216, 192, 98, 104, 35, 73, 46,
       115, 197, 1, 59, 115, 59, 126, 2, 124, 190, 254, 122, 137, 237,
       87, 254, 179, 255, 180, 61, 127, 245, 67, 27, 13, 242, 237, 18,
       58, 107, 250, 51, 251, 215, 117, 121, 226, 213, 206, 115, 224,
       216, 61, 126, 8, 77, 85, 174, 218, 30, 164, 24, 182, 55, 0, 115,
       129, 82, 104, 66, 104, 110, 251, 51, 227, 179, 84, 59, 80, 56,
       198, 42, 197, 213, 21, 99, 153, 79, 71, 189, 94, 123, 35, 88, 214,
       119, 8, 251, 145, 84, 104, 122, 123, 68, 121, 53, 169, 154, 69,
       86, 216, 91, 128, 51, 174, 109, 228, 7, 199, 123, 231, 172, 123,
       230, 127, 141, 203, 108, 95, 148, 59, 206, 255, 119, 204, 240,
       253, 234, 110, 95, 69, 5, 231, 255, 222, 214, 222, 190, 158, 187,
       168, 185, 124, 159, 191, 31, 190, 125, 175, 235, 194, 219, 167,
       231, 255, 156, 62, 111, 203, 243, 158, 255, 119, 219, 138, 196,
       175, 79, 88, 173, 222, 243, 252, 189, 124, 223, 191, 31, 190, 57,
       191, 255, 70, 91, 167, 247, 238, 20, 54, 105, 202, 243, 191, 255,
       117, 255, 194, 200, 143, 75, 131, 188, 199, 155, 237, 165, 237,
       223, 191, 91, 244, 86, 184, 238, 86, 191, 237, 239, 127, 156, 179,
       255, 251, 243, 29, 58, 223, 232, 203, 84, 227, 252, 104, 239, 252,
       255, 188, 205, 215, 191, 255, 63, 190, 57, 255, 249, 86, 82, 207,
       251, 239, 16, 254, 107, 203, 247, 239, 223, 55, 121, 198, 216,
       206, 203, 223, 207, 238, 151, 141, 63, 118, 238, 255, 182, 158,
       15, 234, 232, 63, 199, 251, 199, 238, 103, 236, 247, 111, 238,
       186, 255, 71, 23, 134, 255, 120, 78, 54, 108, 232, 230, 92, 95,
       214, 104, 93, 238, 248, 11, 115, 124, 23, 32, 248, 253, 87, 99,
       236, 246, 253, 174, 247, 223, 161, 49, 101, 123, 86, 198, 20, 205,
       24, 175, 156, 7, 86, 232, 22, 0, 203, 3, 247, 243, 41, 64, 217,
       217, 46, 114, 106, 3, 91, 191, 249, 231, 175, 93, 56, 59, 41, 2,
       23, 223, 111, 239, 182, 162, 127, 245, 36, 72, 222, 231, 113, 127,
       182, 96, 126, 255, 31, 231, 221, 153, 45, 253, 242, 237, 175, 128,
       61, 243, 244, 123, 199, 198, 231, 159, 226, 34, 47, 184, 61, 86,
       83, 246, 253, 102, 154, 127, 55, 231, 124, 239, 229, 212, 173,
       110, 4, 42, 254, 128, 44, 247, 161, 245, 217, 188, 119, 112, 169,
       253, 81, 151, 247, 89, 180, 56, 63, 151, 194, 253, 135, 190, 236,
       24, 187, 107, 242, 177, 219, 249, 116, 251, 234, 132, 206, 127,
       69, 85, 213, 101, 32, 46, 79, 56, 112, 170, 187, 76, 211, 51, 129,
       115, 22, 212, 124, 106, 233, 208, 249, 14, 229, 254, 101, 148, 40,
       243, 66, 33, 172, 245, 24, 106, 25, 221, 87, 232, 195, 132, 173,
       9, 234, 217, 107, 148, 152, 114, 193, 114, 106, 35, 218, 191, 235,
       213, 5, 59, 82, 31, 78, 2, 38, 235, 105, 10, 254, 193, 151, 236,
       222, 116, 184, 171, 96, 204, 95, 0, 153, 201, 195, 119, 198, 35,
       110, 247, 125, 4, 45, 253, 85, 31, 215, 214, 8, 75, 56, 251, 44,
       137, 67, 52, 70, 4, 100, 0, 183, 195, 163, 64, 66, 42, 34, 74, 74,
       184, 66, 57, 230, 237, 32, 9, 48, 155, 76, 168, 54, 253, 107, 238,
       220, 215, 255, 252, 197, 192, 248, 143, 121, 220, 55, 96, 252,
       250, 23, 247, 219, 171, 60, 253, 123, 13, 135, 216, 93, 191, 244,
       250, 218, 237, 148, 186, 185, 221, 22, 236, 187, 181, 137, 25,
       174, 254, 74, 150, 129, 123, 232, 83, 110, 75, 218, 243, 187, 209,
       31, 123, 18, 23, 143, 14, 53, 204, 127, 238, 164, 34, 79, 251,
       119, 162, 254, 66, 83, 99, 185, 114, 127, 198, 53, 170, 249, 231,
       41, 63, 250, 175, 231, 196, 53, 243, 240, 160, 141, 207, 102, 103,
       180, 123, 103, 190, 125, 198, 111, 148, 235, 96, 158, 245, 51, 78,
       110, 110, 188, 240, 109, 47, 174, 255, 5, 69, 230, 255, 216, 68,
       185, 230, 205, 167, 60, 51, 78, 248, 86, 226, 219, 215, 83, 104,
       216, 224, 89, 206, 63, 239, 173, 246, 205, 46, 252, 47, 237, 180,
       45, 251, 216, 128, 135, 8, 194, 155, 71, 178, 186, 66, 29, 192,
       66, 199, 172, 202, 55, 205, 254, 41, 179, 215, 167, 220, 23, 232,
       6, 50, 154, 139, 158, 101, 57, 212, 8, 172, 148, 187, 205, 169,
       96, 131, 134, 17, 105, 9, 167, 225, 64, 139, 9, 42, 234, 28, 22,
       104, 218, 49, 206, 193, 85, 121, 242, 200, 201, 138, 133, 6, 146,
       187, 172, 171, 68, 202, 87, 139, 99, 80, 199, 226, 169, 217, 211,
       106, 44, 30, 62, 212, 74, 18, 136, 246, 117, 68, 144, 249, 40, 4,
       55, 237, 250, 207, 213, 215, 95, 252, 71, 236, 253, 10, 107, 253,
       255, 52, 120, 254, 150, 202, 206, 179, 252, 255, 255, 253, 133,
       43, 119, 255, 254, 238, 0, 253, 27, 250, 19, 204, 48, 199, 190, 9,
       104, 16, 188, 243, 40, 112, 163, 59, 138, 16, 19, 137, 26, 119,
       233, 181, 18, 75, 144, 0, 165, 43, 253, 118, 233, 6, 85, 91, 87,
       248, 81, 230, 189, 175, 83, 109, 155, 180, 93, 196, 196, 238, 237,
       182, 125, 174, 122, 71, 165, 181, 111, 255, 94, 245, 156, 236,
       220, 189, 190, 107, 255, 234, 31, 166, 246, 179, 223, 109, 27, 75,
       123, 221, 255, 99, 120, 229, 201, 254, 254, 255, 239, 181, 247,
       249, 213, 66, 157, 207, 194, 47, 146, 58, 110, 190, 125, 71, 110,
       148, 203, 98, 155, 244, 51, 206, 46, 110, 124, 188, 109, 111, 238,
       239, 38, 69, 230, 247, 235, 228, 25, 22, 247, 125, 182, 63, 125,
       63, 119, 111, 246, 117, 223, 125, 152, 105, 255, 223, 127, 173,
       185, 244, 125, 159, 230, 255, 113, 128, 239, 253, 129, 115, 109,
       113, 49, 69, 117, 31, 102, 184, 105, 232, 111, 76, 222, 80, 13,
       180, 144, 76, 84, 110, 193, 176, 217, 12, 39, 253, 37, 20, 74, 59,
       75, 177, 57, 79, 107, 110, 86, 130, 239, 116, 100, 128, 255, 198,
       115, 97, 177, 112, 126, 238, 6, 238, 201, 187, 44, 47, 114, 175,
       166, 128, 111, 250, 112, 169, 17, 143, 99, 223, 86, 146, 239, 118,
       116, 192, 90, 230, 113, 224, 180, 228, 126, 238, 22, 207, 225,
       185, 37, 239, 48, 46, 162, 128, 45, 170, 113, 173, 89, 154, 252,
       119, 38, 63, 249, 155, 119, 251, 87, 254, 251, 124, 222, 105, 63,
       255, 254, 129, 173, 252, 255, 177, 206, 235, 117, 192, 239, 232,
       92, 81, 57, 205, 67, 238, 20, 134, 79, 116, 197, 64, 202, 130,
       115, 227, 48, 112, 120, 234, 30, 238, 73, 147, 60, 189, 241, 237,
       135, 0, 57, 186, 112, 56, 137, 143, 206, 179, 148, 187, 103, 151,
       118, 167, 110, 148, 227, 225, 218, 68, 115, 110, 42, 30, 55, 188,
       109, 35, 238, 231, 53, 64, 174, 217, 200, 172, 253, 213, 253, 69,
       188, 126, 199, 189, 82, 250, 159, 26, 211, 125, 223, 43, 89, 212,
       53, 42, 233, 240, 125, 11, 235, 175, 229, 20, 231, 251, 212, 112,
       120, 162, 156, 248, 8, 141, 89, 27, 166, 53, 134, 25, 183, 199,
       74, 88, 197, 179, 109, 16, 26, 75, 211, 17, 211, 225, 112, 121,
       16, 0, 12, 74, 56, 170, 250, 117, 66, 207, 113, 55, 53, 39, 230,
       24, 183, 187, 2, 24, 45, 190, 237, 8, 56, 254, 193, 15, 199, 239,
       112, 81, 227, 128, 70, 171, 212, 143, 223, 102, 204, 43, 238, 233,
       118, 162, 251, 90, 209, 107, 29, 80, 123, 231, 111, 234, 120, 115,
       77, 126, 60, 142, 231, 12, 229, 243, 224, 32, 248, 172, 154, 180,
       24, 236, 81, 62, 179, 181, 166, 25, 183, 167, 66, 91, 129, 255,
       237, 16, 56, 75, 211, 59, 219, 227, 85, 121, 160, 224, 46, 90,
       248, 77, 118, 79, 101, 95, 86, 189, 125, 4, 254, 8, 235, 89, 159,
       53, 216, 220, 206, 106, 236, 176, 121, 253, 55, 251, 4, 23, 99,
       190, 206, 46, 80, 188, 109, 103, 184, 79, 95, 191, 52, 239, 154,
       205, 243, 63, 18, 17, 159, 231, 125, 173, 185, 201, 121, 47, 251,
       207, 253, 144, 236, 224, 214, 123, 60, 237, 120, 108, 253, 91, 87,
       248, 19, 164, 188, 41, 79, 125, 3, 16, 153, 220, 196, 98, 110, 35,
