%YAML:1.0
---
descriptors: !!opencv-matrix
   rows: 219
   cols: 32
   dt: u
   data: [ 248, 113, 122, 232, 45, 111, 80, 72, 237, 36, 185, 10, 158,
       155, 32, 16, 234, 149, 79, 97, 8, 39, 208, 208, 211, 249, 2, 63,
       113, 11, 86, 2, 91, 235, 170, 34, 189, 157, 94, 205, 235, 109,
       188, 13, 175, 200, 94, 144, 250, 193, 237, 213, 222, 43, 222, 177,
       250, 221, 135, 127, 70, 134, 239, 78, 119, 177, 180, 11, 173, 156,
       244, 141, 235, 253, 187, 13, 202, 250, 94, 254, 200, 71, 238, 85,
       158, 105, 255, 224, 190, 125, 143, 127, 202, 22, 203, 70, 79, 20,
       150, 214, 237, 61, 116, 202, 175, 187, 191, 10, 206, 242, 239,
       254, 225, 214, 238, 10, 21, 97, 187, 240, 159, 254, 87, 23, 138,
       127, 201, 5, 30, 116, 151, 183, 143, 119, 244, 254, 175, 155, 191,
       66, 206, 127, 9, 143, 239, 215, 255, 170, 9, 199, 91, 232, 149,
       211, 95, 22, 227, 127, 171, 179, 37, 166, 196, 213, 108, 57, 232,
       91, 255, 187, 251, 122, 217, 232, 220, 235, 107, 164, 126, 188,
       181, 118, 207, 208, 156, 26, 115, 236, 205, 232, 99, 132, 53, 239,
       73, 239, 126, 139, 239, 252, 84, 224, 252, 238, 243, 73, 145, 32,
       126, 236, 22, 238, 201, 186, 109, 191, 252, 207, 165, 160, 125,
       186, 112, 185, 115, 49, 17, 184, 41, 141, 67, 72, 171, 232, 137,
       237, 230, 214, 67, 148, 196, 161, 236, 69, 79, 3, 218, 145, 144,
       212, 9, 62, 8, 6, 42, 85, 33, 135, 219, 231, 118, 11, 239, 51, 68,
       233, 123, 230, 243, 97, 152, 96, 126, 238, 54, 46, 209, 184, 109,
       47, 108, 172, 163, 192, 109, 170, 208, 185, 44, 187, 149, 122,
       249, 205, 242, 136, 139, 61, 32, 109, 238, 251, 76, 150, 133, 123,
       234, 80, 23, 107, 202, 177, 14, 210, 85, 126, 218, 15, 203, 155,
       182, 119, 106, 166, 190, 107, 254, 236, 61, 206, 251, 187, 110,
       236, 31, 1, 254, 221, 207, 227, 236, 247, 13, 238, 179, 22, 143,
       159, 101, 127, 127, 215, 119, 238, 104, 14, 221, 23, 190, 232, 91,
       238, 253, 143, 72, 236, 31, 212, 253, 205, 239, 231, 236, 35, 207,
       255, 178, 62, 135, 191, 85, 127, 254, 215, 70, 172, 236, 83, 155,
       137, 190, 174, 254, 179, 4, 136, 253, 237, 92, 47, 7, 95, 121,
       155, 178, 72, 222, 241, 111, 30, 95, 125, 132, 208, 135, 44, 131,
       30, 255, 219, 98, 171, 184, 82, 62, 83, 115, 247, 249, 141, 156,
       109, 111, 59, 63, 157, 163, 244, 103, 227, 70, 42, 122, 194, 237,
       201, 33, 181, 110, 97, 104, 64, 237, 85, 222, 136, 15, 244, 181,
       143, 10, 204, 95, 56, 220, 153, 223, 247, 206, 35, 255, 144, 91,
       89, 141, 191, 215, 191, 86, 86, 61, 205, 107, 237, 150, 199, 207,
       254, 84, 74, 254, 194, 243, 109, 179, 96, 127, 235, 31, 239, 233,
       184, 109, 191, 234, 207, 175, 132, 127, 251, 224, 241, 221, 69,
       79, 239, 182, 7, 79, 184, 37, 226, 254, 198, 123, 111, 187, 115,
       126, 228, 124, 238, 233, 163, 61, 174, 242, 235, 229, 144, 63,
       251, 240, 113, 225, 108, 89, 101, 52, 79, 99, 54, 113, 160, 98,
       24, 151, 17, 80, 16, 128, 12, 76, 104, 105, 252, 209, 46, 231,
       221, 52, 0, 64, 144, 194, 40, 67, 36, 130, 152, 184, 161, 184, 67,
       174, 99, 137, 177, 140, 182, 102, 216, 199, 39, 255, 149, 22, 11,
       195, 210, 156, 52, 154, 251, 148, 68, 163, 199, 60, 80, 116, 238,
       91, 71, 18, 120, 7, 68, 229, 39, 95, 255, 43, 208, 254, 209, 183,
       226, 72, 35, 27, 221, 243, 239, 67, 63, 115, 55, 46, 211, 2, 177,
       187, 248, 178, 196, 181, 119, 238, 13, 92, 50, 188, 159, 36, 32,
       238, 59, 147, 129, 210, 171, 50, 213, 227, 133, 58, 75, 81, 0,
       165, 251, 109, 127, 249, 103, 164, 62, 127, 191, 105, 138, 126,
       100, 219, 57, 145, 55, 54, 222, 100, 110, 209, 176, 233, 170, 239,
       249, 100, 128, 226, 242, 194, 161, 167, 202, 107, 187, 100, 171,
       104, 208, 55, 67, 83, 246, 241, 206, 188, 121, 127, 173, 55, 159,
       175, 212, 109, 243, 4, 126, 250, 192, 189, 133, 114, 245, 165,
       150, 127, 105, 118, 139, 235, 250, 126, 73, 126, 246, 85, 75, 157,
       112, 127, 197, 118, 188, 179, 180, 45, 127, 124, 175, 51, 196,
       237, 131, 67, 177, 11, 73, 238, 223, 6, 86, 239, 180, 236, 66, 94,
       130, 249, 119, 183, 110, 102, 230, 63, 207, 193, 216, 63, 233,
       103, 47, 238, 128, 167, 243, 117, 232, 201, 184, 191, 114, 169,
       252, 112, 23, 191, 95, 54, 93, 191, 191, 66, 122, 165, 39, 125,
       28, 183, 105, 178, 35, 223, 255, 112, 74, 202, 192, 195, 123, 255,
       221, 66, 198, 253, 31, 126, 248, 95, 234, 255, 14, 202, 120, 191,
       244, 251, 204, 254, 110, 237, 183, 125, 254, 190, 94, 135, 183,
       94, 191, 120, 84, 73, 251, 189, 116, 170, 221, 53, 183, 239, 249,
       180, 104, 190, 183, 192, 119, 135, 115, 252, 80, 211, 105, 226,
       65, 238, 211, 118, 254, 202, 144, 135, 123, 95, 41, 135, 182, 137,
       244, 140, 195, 174, 209, 139, 16, 207, 254, 85, 234, 225, 99, 120,
       149, 29, 73, 250, 160, 153, 222, 223, 122, 128, 101, 179, 70, 126,
       121, 238, 228, 205, 95, 214, 200, 203, 190, 188, 11, 74, 221, 95,
       26, 136, 212, 245, 99, 76, 99, 155, 160, 179, 217, 197, 63, 199,
       127, 94, 70, 226, 180, 17, 42, 248, 237, 130, 207, 155, 187, 184,
       120, 182, 220, 76, 178, 137, 155, 126, 17, 123, 111, 218, 83, 189,
       148, 29, 126, 81, 72, 7, 185, 63, 98, 98, 164, 54, 27, 234, 120,
       189, 236, 215, 239, 75, 200, 191, 132, 126, 237, 223, 239, 204,
       179, 44, 204, 144, 108, 171, 133, 103, 191, 123, 197, 33, 239,
       107, 239, 118, 139, 239, 253, 125, 64, 127, 230, 121, 75, 156, 48,
       126, 174, 86, 110, 225, 184, 109, 255, 118, 237, 39, 192, 109,
       138, 227, 185, 137, 28, 63, 125, 32, 174, 113, 55, 252, 10, 118,
       80, 191, 51, 0, 123, 132, 48, 125, 8, 161, 188, 51, 11, 199, 187,
       112, 0, 64, 192, 67, 171, 184, 235, 104, 235, 116, 203, 91, 248,
       5, 44, 244, 139, 115, 77, 187, 16, 122, 248, 23, 234, 72, 182,
       104, 63, 247, 205, 161, 161, 117, 171, 118, 250, 60, 89, 104, 238,
       116, 203, 91, 120, 33, 44, 245, 171, 123, 95, 35, 17, 126, 184,
       149, 226, 72, 178, 104, 157, 243, 205, 161, 177, 119, 171, 70,
       146, 124, 235, 104, 170, 52, 221, 90, 252, 97, 236, 252, 15, 63,
       205, 90, 16, 248, 201, 205, 247, 206, 58, 200, 189, 251, 197, 165,
       253, 101, 158, 126, 74, 115, 33, 81, 168, 43, 141, 83, 72, 171,
       100, 168, 137, 174, 214, 71, 180, 158, 161, 216, 100, 15, 3, 242,
       25, 145, 212, 9, 58, 80, 6, 2, 116, 71, 93, 234, 158, 215, 244,
       239, 231, 253, 71, 91, 183, 232, 236, 190, 225, 241, 111, 187,
       135, 245, 201, 174, 239, 52, 62, 222, 138, 173, 119, 253, 220, 76,
       169, 188, 94, 137, 237, 148, 135, 222, 191, 172, 25, 162, 185, 71,
       75, 129, 118, 232, 16, 18, 105, 203, 113, 75, 179, 85, 123, 210,
       88, 205, 10, 94, 49, 148, 207, 171, 126, 118, 206, 175, 153, 191,
       34, 206, 114, 205, 238, 239, 215, 238, 162, 29, 3, 219, 224, 159,
       246, 87, 23, 202, 127, 171, 23, 241, 189, 9, 101, 210, 47, 38,
       127, 48, 170, 234, 106, 243, 49, 128, 49, 125, 222, 86, 44, 232,
       154, 193, 14, 109, 174, 165, 132, 169, 234, 2, 137, 202, 92, 246,
       191, 143, 36, 125, 134, 253, 7, 194, 22, 237, 170, 33, 123, 232,
       119, 235, 193, 33, 205, 55, 235, 161, 118, 222, 2, 140, 117, 52,
       188, 190, 118, 103, 190, 253, 103, 223, 236, 29, 230, 243, 191,
       78, 110, 63, 3, 255, 221, 223, 231, 236, 231, 221, 238, 243, 50,
       207, 159, 101, 125, 246, 210, 17, 135, 91, 231, 52, 42, 107, 59,
       100, 232, 123, 230, 247, 97, 152, 96, 126, 206, 22, 44, 185, 184,
       109, 15, 228, 172, 35, 192, 109, 234, 81, 177, 7, 6, 199, 219,
       226, 171, 168, 19, 62, 19, 91, 246, 209, 239, 188, 104, 127, 59,
       55, 157, 147, 240, 79, 209, 4, 46, 250, 192, 253, 193, 33, 177,
       19, 7, 215, 219, 214, 170, 168, 19, 62, 35, 91, 226, 245, 43, 188,
       72, 119, 47, 55, 157, 146, 248, 7, 85, 12, 46, 122, 192, 173, 200,
       161, 129, 218, 28, 23, 188, 3, 226, 55, 98, 172, 158, 210, 163,
