%YAML:1.0
---
descriptors: !!opencv-matrix
   rows: 173
   cols: 32
   dt: u
   data: [ 129, 220, 28, 251, 60, 173, 3, 158, 86, 27, 68, 84, 183, 19,
       0, 97, 133, 58, 28, 8, 35, 252, 91, 63, 237, 143, 48, 48, 152, 72,
       129, 43, 60, 84, 255, 90, 168, 233, 81, 216, 254, 31, 173, 56,
       115, 245, 9, 59, 17, 242, 110, 26, 42, 39, 42, 51, 211, 203, 113,
       121, 240, 251, 70, 163, 216, 40, 91, 88, 138, 237, 65, 83, 162,
       21, 160, 24, 23, 151, 64, 123, 37, 178, 77, 152, 27, 15, 162, 17,
       219, 129, 112, 120, 178, 128, 38, 42, 219, 93, 103, 93, 23, 86,
       125, 55, 117, 70, 214, 134, 121, 63, 183, 239, 102, 228, 157, 239,
       237, 221, 53, 238, 227, 123, 218, 128, 47, 244, 121, 125, 229,
       100, 185, 111, 40, 47, 79, 184, 18, 186, 169, 24, 247, 119, 73,
       50, 149, 85, 125, 110, 233, 100, 249, 31, 229, 223, 101, 60, 80,
       251, 2, 34, 193, 172, 171, 245, 48, 236, 105, 55, 185, 75, 70, 16,
       183, 183, 144, 113, 131, 46, 125, 28, 59, 220, 224, 47, 207, 255,
       186, 192, 128, 192, 199, 105, 100, 127, 157, 229, 172, 42, 71,
       158, 80, 166, 170, 108, 215, 35, 193, 91, 89, 212, 108, 122, 40,
       240, 193, 42, 236, 167, 101, 20, 128, 249, 86, 33, 128, 138, 255,
       245, 52, 235, 241, 23, 254, 55, 102, 177, 183, 45, 0, 75, 111, 54,
       106, 16, 56, 252, 101, 15, 197, 231, 114, 65, 228, 136, 197, 42,
       82, 249, 58, 252, 219, 205, 53, 238, 175, 69, 164, 11, 62, 223,
       39, 80, 162, 251, 235, 64, 70, 11, 50, 253, 251, 180, 22, 59, 16,
       16, 39, 91, 60, 97, 84, 97, 205, 91, 86, 104, 67, 164, 165, 11,
       75, 25, 77, 150, 89, 212, 195, 114, 8, 99, 219, 156, 95, 209, 133,
       127, 115, 63, 94, 2, 72, 125, 17, 69, 209, 78, 118, 175, 57, 232,
       108, 32, 158, 55, 129, 180, 144, 93, 84, 106, 97, 152, 241, 78,
       47, 189, 37, 6, 74, 48, 135, 187, 37, 111, 128, 7, 116, 31, 230,
       184, 125, 236, 123, 77, 195, 104, 159, 148, 16, 76, 102, 111, 196,
       176, 77, 46, 36, 62, 37, 132, 74, 255, 90, 213, 36, 105, 212, 71,
       84, 219, 230, 228, 127, 164, 124, 8, 227, 233, 149, 20, 26, 108,
       70, 106, 72, 240, 124, 60, 102, 152, 5, 49, 99, 187, 82, 140, 69,
       241, 41, 163, 188, 141, 75, 53, 110, 237, 139, 8, 215, 94, 88,
       114, 148, 77, 125, 127, 221, 80, 249, 52, 237, 188, 47, 112, 0,
       10, 151, 96, 112, 33, 122, 101, 17, 74, 103, 33, 101, 4, 238, 8,
       211, 3, 9, 80, 16, 148, 72, 104, 72, 176, 113, 12, 231, 229, 0,
       21, 98, 162, 70, 34, 104, 73, 120, 101, 116, 11, 119, 32, 105,
       140, 110, 8, 211, 3, 129, 112, 18, 92, 76, 104, 72, 176, 97, 12,
       231, 185, 32, 21, 66, 186, 70, 32, 2, 8, 150, 147, 103, 169, 184,
       71, 237, 1, 91, 18, 172, 138, 4, 78, 226, 43, 107, 17, 22, 184,
       203, 225, 133, 48, 26, 2, 132, 74, 129, 142, 252, 46, 173, 182,
       173, 105, 80, 143, 147, 255, 128, 185, 167, 237, 73, 155, 129,
       214, 253, 17, 58, 79, 202, 34, 219, 195, 245, 123, 160, 104, 150,
       122, 88, 184, 147, 254, 11, 252, 17, 67, 171, 83, 229, 8, 62, 223,
       96, 58, 163, 187, 249, 16, 15, 75, 186, 225, 211, 247, 82, 43,
       170, 66, 39, 26, 56, 133, 253, 101, 196, 110, 117, 183, 100, 55,
       110, 24, 83, 53, 8, 58, 89, 214, 100, 56, 120, 252, 113, 34, 111,
       235, 116, 69, 225, 248, 198, 234, 240, 170, 255, 90, 10, 233, 65,
       87, 162, 23, 164, 56, 51, 151, 64, 31, 7, 178, 76, 152, 58, 79,
       162, 17, 209, 136, 112, 120, 224, 192, 134, 106, 255, 95, 98, 68,
       163, 90, 94, 241, 185, 238, 158, 175, 75, 124, 151, 182, 55, 245,
       253, 231, 237, 181, 172, 234, 114, 127, 69, 151, 111, 247, 254,
       119, 88, 120, 18, 254, 25, 237, 82, 192, 175, 12, 173, 9, 174,
       223, 99, 144, 140, 249, 221, 66, 14, 43, 154, 253, 155, 213, 1,
       59, 82, 7, 47, 27, 88, 243, 63, 112, 185, 204, 81, 190, 162, 29,
       190, 108, 223, 215, 200, 95, 39, 247, 237, 16, 91, 75, 179, 53,
       219, 227, 117, 216, 34, 128, 134, 123, 189, 199, 230, 143, 212,
       31, 199, 252, 85, 234, 255, 78, 83, 232, 191, 228, 121, 204, 38,
       110, 249, 179, 109, 191, 58, 238, 165, 52, 127, 251, 240, 164,
       239, 127, 208, 39, 101, 15, 70, 184, 49, 226, 187, 237, 207, 104,
       73, 151, 30, 197, 228, 102, 237, 244, 221, 170, 164, 242, 69, 54,
       111, 255, 2, 148, 232, 254, 31, 244, 237, 221, 84, 246, 251, 218,
       180, 124, 62, 255, 197, 55, 135, 247, 238, 74, 225, 111, 250, 255,
       255, 219, 117, 186, 74, 248, 198, 123, 129, 190, 206, 211, 230,
       171, 232, 215, 127, 19, 114, 247, 181, 235, 212, 73, 127, 58, 38,
       156, 183, 252, 79, 243, 14, 155, 247, 192, 237, 200, 203, 153, 60,
       205, 252, 115, 213, 79, 87, 182, 113, 55, 166, 24, 83, 57, 2, 57,
       89, 214, 69, 90, 104, 250, 121, 38, 255, 207, 116, 81, 227, 251,
       214, 170, 120, 97, 120, 69, 29, 91, 211, 32, 65, 164, 174, 8, 67,
       17, 21, 180, 88, 220, 192, 106, 72, 178, 241, 140, 119, 217, 5,
       55, 103, 186, 86, 38, 68, 177, 147, 225, 176, 230, 52, 23, 186,
       185, 43, 120, 222, 119, 72, 250, 149, 31, 124, 48, 17, 208, 209,
       66, 237, 244, 63, 230, 136, 64, 163, 51, 52, 225, 185, 72, 253,
       217, 215, 232, 203, 188, 173, 8, 66, 220, 79, 54, 153, 88, 192,
       114, 78, 99, 234, 25, 59, 220, 5, 127, 82, 59, 86, 230, 21, 182,
       25, 99, 176, 175, 65, 27, 118, 57, 59, 80, 215, 19, 200, 120, 21,
       30, 12, 56, 179, 184, 105, 23, 173, 142, 53, 116, 176, 138, 129,
       33, 237, 49, 19, 207, 124, 15, 106, 120, 229, 232, 247, 76, 210,
       211, 61, 244, 216, 172, 94, 106, 201, 163, 217, 156, 151, 248,
       163, 60, 26, 171, 88, 48, 56, 205, 15, 254, 85, 199, 115, 226,
       215, 0, 77, 2, 115, 249, 49, 96, 88, 170, 19, 202, 106, 186, 56,
       191, 227, 239, 130, 1, 49, 154, 116, 170, 249, 168, 158, 56, 169,
       189, 80, 207, 243, 31, 164, 25, 63, 251, 66, 27, 129, 131, 108,
       16, 62, 111, 218, 49, 218, 203, 117, 121, 234, 193, 202, 2, 65,
       57, 191, 53, 161, 206, 117, 55, 233, 232, 46, 9, 182, 60, 3, 50,
       132, 39, 120, 13, 197, 248, 240, 8, 239, 191, 84, 18, 72, 80, 131,
       91, 17, 153, 191, 126, 155, 204, 53, 119, 172, 73, 110, 4, 62,
       183, 34, 112, 166, 51, 123, 0, 19, 137, 50, 119, 243, 173, 22, 66,
       80, 66, 167, 251, 109, 89, 189, 101, 108, 15, 71, 176, 66, 168,
       110, 72, 215, 53, 17, 50, 132, 124, 121, 74, 201, 176, 249, 40,
       229, 187, 101, 48, 192, 187, 82, 161, 108, 108, 153, 101, 184, 47,
       71, 184, 18, 186, 37, 72, 215, 115, 65, 59, 145, 76, 108, 106, 41,
       112, 217, 60, 229, 223, 69, 52, 80, 251, 66, 34, 223, 83, 102, 68,
       35, 18, 126, 57, 33, 226, 191, 230, 73, 46, 159, 247, 54, 197,
       252, 238, 205, 209, 181, 204, 50, 123, 197, 132, 47, 182, 42, 93,
       65, 144, 189, 125, 52, 31, 241, 59, 126, 227, 230, 80, 179, 52,
       20, 99, 133, 52, 104, 8, 189, 252, 113, 13, 207, 255, 81, 80, 200,
       168, 64, 120, 76, 33, 145, 231, 164, 78, 71, 57, 118, 161, 139,
       72, 215, 113, 88, 66, 144, 68, 104, 122, 25, 112, 217, 2, 237,
       238, 39, 112, 200, 43, 209, 34, 76, 48, 149, 103, 12, 47, 131, 56,
       38, 162, 171, 76, 247, 113, 73, 10, 153, 68, 104, 122, 9, 240,
       217, 40, 205, 134, 103, 20, 200, 123, 65, 48, 134, 88, 146, 155,
       85, 246, 186, 64, 30, 6, 83, 18, 236, 218, 33, 200, 248, 57, 147,
       147, 38, 150, 26, 255, 5, 54, 154, 75, 148, 15, 53, 134, 124, 239,
       220, 102, 203, 31, 94, 252, 17, 166, 172, 143, 75, 107, 11, 147,
       63, 197, 225, 102, 108, 243, 221, 46, 250, 199, 69, 53, 107, 255,
       74, 154, 208, 95, 158, 247, 130, 66, 63, 167, 180, 130, 202, 224,
       245, 231, 33, 67, 102, 119, 233, 194, 96, 205, 145, 106, 241, 166,
       126, 129, 32, 112, 165, 42, 1, 139, 24, 251, 48, 141, 67, 159, 86,
       13, 124, 96, 183, 83, 160, 64, 22, 42, 44, 88, 146, 152, 75, 61,
       236, 141, 48, 208, 144, 138, 128, 41, 216, 120, 19, 252, 91, 205,
       50, 82, 173, 136, 226, 74, 62, 215, 33, 180, 162, 185, 78, 64, 65,
