%YAML:1.0
---
descriptors: !!opencv-matrix
   rows: 229
   cols: 32
   dt: u
   data: [ 33, 137, 119, 91, 228, 254, 233, 19, 125, 73, 123, 80, 219,
       17, 148, 252, 89, 174, 102, 24, 155, 184, 117, 116, 15, 186, 50,
       64, 203, 200, 194, 172, 86, 166, 18, 186, 155, 224, 31, 200, 187,
       30, 169, 169, 236, 230, 46, 84, 247, 185, 205, 131, 26, 67, 170,
       219, 177, 246, 143, 187, 144, 119, 167, 99, 56, 159, 90, 234, 149,
       135, 82, 247, 149, 4, 234, 7, 97, 235, 40, 192, 88, 186, 131, 96,
       58, 171, 88, 189, 251, 237, 130, 73, 55, 10, 252, 10, 205, 180,
       189, 87, 164, 110, 97, 186, 86, 251, 7, 92, 211, 121, 216, 43, 21,
       70, 120, 61, 177, 252, 251, 14, 77, 43, 117, 68, 140, 232, 208,
       96, 86, 22, 142, 180, 162, 98, 61, 1, 188, 158, 215, 183, 205,
       231, 43, 75, 167, 245, 237, 181, 48, 197, 131, 72, 208, 163, 122,
       131, 160, 100, 45, 83, 131, 156, 130, 155, 215, 183, 186, 230, 30,
       71, 74, 151, 172, 202, 54, 196, 255, 43, 147, 149, 38, 152, 30,
       255, 44, 54, 154, 67, 159, 76, 185, 222, 191, 223, 253, 69, 234,
       23, 159, 255, 82, 234, 124, 254, 89, 125, 159, 37, 31, 222, 183,
       110, 245, 246, 127, 190, 123, 15, 101, 180, 127, 253, 208, 245,
       210, 189, 25, 186, 27, 229, 19, 200, 190, 21, 136, 48, 188, 215,
       96, 80, 167, 59, 123, 145, 51, 9, 154, 119, 249, 180, 11, 122,
       144, 3, 39, 51, 5, 113, 144, 69, 65, 14, 103, 188, 104, 168, 107,
       76, 214, 48, 9, 52, 148, 76, 96, 110, 197, 176, 217, 0, 37, 188,
       101, 4, 74, 50, 203, 133, 37, 105, 113, 72, 212, 143, 199, 221,
       67, 224, 108, 72, 19, 209, 245, 52, 88, 200, 18, 122, 203, 50,
       124, 60, 127, 140, 5, 108, 115, 155, 226, 168, 9, 134, 59, 87,
       116, 188, 233, 51, 237, 77, 127, 84, 191, 173, 182, 96, 132, 42,
       22, 12, 147, 184, 32, 143, 70, 255, 50, 192, 66, 200, 213, 249,
       101, 75, 81, 203, 116, 110, 111, 24, 125, 104, 127, 72, 223, 67,
       157, 124, 114, 140, 126, 106, 153, 176, 237, 253, 55, 252, 33, 84,
       98, 187, 194, 37, 220, 97, 184, 100, 168, 76, 85, 153, 226, 188,
       166, 40, 223, 199, 65, 83, 130, 213, 108, 106, 72, 67, 235, 0,
       243, 225, 101, 61, 96, 178, 70, 43, 37, 181, 241, 83, 244, 237,
       227, 223, 90, 169, 125, 88, 146, 241, 220, 60, 25, 26, 2, 24, 147,
       250, 248, 50, 45, 158, 53, 108, 193, 202, 198, 160, 200, 22, 216,
       245, 240, 46, 121, 23, 56, 137, 118, 112, 191, 51, 128, 90, 102,
       63, 61, 24, 48, 188, 161, 74, 198, 249, 50, 128, 128, 192, 195,
       41, 44, 100, 248, 112, 77, 125, 81, 216, 195, 191, 180, 8, 19,
       153, 89, 58, 137, 220, 69, 26, 10, 119, 234, 32, 219, 221, 53, 53,
       194, 249, 86, 162, 64, 189, 151, 250, 155, 236, 51, 182, 174, 25,
       11, 16, 188, 247, 96, 66, 167, 119, 123, 16, 3, 73, 154, 119, 237,
       166, 94, 64, 128, 0, 165, 59, 34, 141, 146, 223, 85, 199, 167,
       230, 158, 5, 108, 2, 160, 245, 54, 68, 121, 122, 3, 72, 98, 186,
       50, 255, 37, 30, 146, 10, 83, 29, 245, 174, 219, 94, 70, 189, 2,
       22, 110, 182, 181, 194, 66, 199, 109, 42, 35, 195, 102, 229, 185,
       199, 229, 205, 23, 239, 166, 227, 222, 0, 46, 181, 41, 24, 50, 45,
       82, 152, 85, 197, 150, 106, 159, 140, 248, 11, 42, 216, 38, 148,
       248, 187, 131, 65, 78, 59, 18, 255, 185, 150, 135, 43, 81, 44,
       126, 134, 254, 241, 177, 214, 237, 181, 158, 204, 155, 249, 185,
       123, 108, 252, 92, 191, 143, 219, 213, 83, 182, 99, 154, 240, 59,
       88, 77, 190, 215, 127, 211, 215, 203, 44, 238, 87, 247, 62, 124,
       23, 250, 219, 94, 146, 249, 47, 146, 235, 39, 102, 253, 141, 180,
       220, 167, 226, 111, 111, 254, 129, 174, 228, 219, 217, 0, 189,
       190, 255, 237, 205, 177, 103, 175, 15, 110, 16, 188, 191, 98, 64,
       201, 59, 235, 0, 82, 249, 114, 225, 207, 181, 22, 11, 64, 72, 133,
       234, 33, 95, 20, 95, 125, 157, 66, 48, 205, 8, 121, 76, 246, 80,
       53, 241, 196, 32, 6, 110, 197, 32, 90, 61, 39, 186, 33, 24, 88,
       171, 88, 5, 94, 121, 122, 166, 127, 91, 250, 224, 111, 164, 255,
       143, 76, 221, 55, 0, 250, 253, 255, 227, 132, 163, 31, 220, 243,
       85, 139, 63, 23, 63, 125, 82, 30, 99, 114, 197, 55, 147, 254, 96,
       173, 172, 254, 167, 204, 218, 191, 196, 254, 253, 223, 227, 204,
       179, 140, 204, 182, 92, 139, 131, 71, 183, 47, 199, 194, 125, 62,
       252, 127, 193, 191, 230, 188, 128, 218, 35, 188, 191, 37, 64, 234,
       251, 251, 193, 96, 187, 130, 238, 117, 54, 158, 11, 4, 17, 37,
       171, 32, 157, 30, 250, 212, 167, 210, 243, 132, 9, 205, 3, 112,
       233, 34, 64, 217, 186, 3, 24, 26, 171, 88, 63, 123, 175, 130, 73,
       145, 10, 248, 138, 32, 162, 251, 65, 116, 139, 233, 81, 122, 5,
       116, 232, 147, 129, 212, 48, 90, 8, 70, 24, 210, 184, 228, 81, 78,
       156, 48, 96, 69, 138, 70, 169, 18, 203, 111, 207, 50, 146, 187,
       244, 175, 12, 214, 163, 45, 207, 182, 64, 110, 253, 191, 215, 194,
       153, 38, 253, 127, 105, 170, 193, 37, 134, 37, 233, 61, 125, 106,
       14, 246, 155, 198, 248, 86, 192, 252, 230, 115, 200, 183, 164, 94,
       234, 22, 111, 205, 179, 76, 191, 42, 77, 165, 168, 125, 191, 248,
       149, 154, 149, 122, 248, 219, 192, 17, 99, 173, 17, 237, 50, 44,
       190, 46, 116, 226, 155, 155, 129, 82, 11, 50, 213, 219, 240, 26,
       75, 49, 0, 167, 254, 252, 164, 189, 123, 141, 109, 87, 138, 82,
       119, 173, 24, 215, 125, 73, 59, 153, 214, 117, 58, 58, 102, 251,
       51, 203, 223, 69, 125, 240, 121, 198, 98, 47, 97, 72, 47, 252, 27,
       230, 205, 93, 97, 241, 238, 195, 72, 158, 160, 90, 204, 214, 231,
       221, 178, 237, 204, 54, 93, 162, 179, 111, 191, 218, 132, 216,
       160, 27, 187, 42, 201, 57, 206, 174, 55, 194, 49, 191, 215, 98,
       91, 231, 31, 239, 145, 42, 79, 195, 49, 217, 225, 127, 121, 176,
       0, 37, 235, 73, 60, 19, 101, 49, 110, 118, 55, 121, 66, 106, 24,
       190, 51, 0, 244, 161, 126, 104, 32, 33, 184, 177, 79, 167, 254,
       16, 2, 74, 96, 199, 58, 39, 177, 241, 82, 253, 189, 160, 207, 91,
       249, 113, 92, 136, 216, 220, 172, 137, 11, 82, 29, 151, 122, 222,
       208, 15, 28, 21, 110, 207, 76, 219, 133, 181, 106, 107, 45, 54,
       43, 234, 216, 116, 236, 242, 230, 115, 73, 185, 0, 126, 236, 6,
       239, 137, 182, 101, 62, 244, 141, 163, 128, 117, 187, 114, 225,
       216, 181, 27, 236, 218, 194, 63, 111, 182, 4, 206, 176, 213, 215,
       32, 80, 118, 63, 251, 162, 112, 207, 163, 31, 245, 165, 42, 201,
       48, 2, 165, 115, 102, 188, 233, 251, 154, 225, 155, 138, 150, 55,
       137, 171, 181, 95, 65, 2, 75, 251, 123, 211, 10, 75, 251, 117,
       237, 133, 159, 253, 148, 91, 4, 122, 95, 245, 158, 90, 155, 148,
       54, 252, 251, 25, 165, 4, 108, 242, 110, 246, 181, 83, 248, 90,
       214, 65, 186, 241, 59, 251, 23, 111, 138, 20, 171, 7, 23, 12, 239,
       151, 134, 114, 173, 166, 124, 215, 223, 150, 80, 44, 183, 107, 99,
       71, 59, 159, 181, 216, 53, 224, 76, 46, 254, 128, 173, 117, 241,
       124, 87, 137, 133, 183, 130, 160, 47, 134, 191, 213, 75, 215, 237,
       110, 219, 107, 39, 103, 61, 215, 183, 216, 191, 224, 172, 54, 222,
       192, 172, 119, 161, 92, 167, 170, 236, 31, 236, 29, 236, 238, 91,
       187, 116, 223, 66, 40, 222, 191, 73, 206, 226, 95, 190, 126, 207,
       241, 14, 26, 213, 239, 221, 253, 218, 140, 43, 191, 237, 93, 204,
       23, 237, 191, 86, 250, 92, 198, 121, 109, 215, 39, 31, 238, 51,
       173, 241, 250, 255, 221, 111, 10, 253, 164, 223, 252, 209, 252,
       225, 124, 17, 71, 245, 95, 119, 37, 120, 234, 43, 24, 214, 16, 5,
       180, 144, 124, 64, 106, 97, 244, 249, 46, 37, 158, 5, 50, 64, 59,
       199, 174, 232, 186, 181, 112, 45, 157, 80, 158, 235, 251, 176, 92,
       175, 156, 84, 191, 141, 183, 236, 21, 191, 111, 250, 177, 139,
       219, 85, 126, 202, 140, 202, 63, 231, 178, 149, 113, 173, 29, 200,
       159, 235, 251, 176, 221, 142, 44, 212, 191, 141, 199, 124, 29,
       191, 110, 251, 144, 143, 218, 85, 254, 202, 140, 195, 93, 252,
