%YAML:1.0
---
descriptors: !!opencv-matrix
   rows: 311
   cols: 32
   dt: u
   data: [ 15, 189, 254, 221, 253, 223, 191, 247, 191, 255, 252, 179,
       252, 254, 246, 100, 255, 127, 255, 199, 244, 251, 186, 255, 239,
       127, 223, 163, 135, 252, 175, 255, 252, 52, 185, 186, 168, 237,
       81, 91, 178, 255, 165, 25, 151, 223, 74, 25, 145, 155, 93, 16, 58,
       71, 250, 51, 217, 195, 117, 125, 208, 65, 134, 115, 124, 121, 127,
       107, 68, 237, 119, 212, 103, 20, 239, 8, 211, 215, 72, 120, 104,
       252, 111, 74, 74, 176, 251, 48, 215, 233, 32, 65, 96, 155, 198,
       226, 45, 113, 17, 71, 117, 95, 102, 56, 105, 232, 111, 72, 214,
       80, 13, 180, 144, 84, 80, 106, 65, 176, 249, 12, 37, 184, 1, 22,
       74, 59, 66, 38, 190, 188, 247, 223, 253, 255, 252, 239, 255, 255,
       254, 26, 238, 254, 6, 191, 251, 247, 254, 3, 63, 235, 251, 255,
       191, 58, 223, 119, 195, 124, 223, 255, 77, 113, 17, 71, 113, 14,
       102, 184, 108, 232, 107, 76, 214, 83, 137, 244, 150, 92, 84, 106,
       193, 176, 121, 44, 165, 188, 37, 4, 74, 51, 67, 177, 190, 254,
       127, 251, 255, 223, 127, 252, 63, 238, 246, 127, 111, 255, 215,
       117, 255, 255, 255, 166, 237, 215, 251, 254, 255, 223, 239, 187,
       63, 252, 245, 255, 221, 158, 239, 119, 178, 62, 127, 191, 117,
       203, 86, 244, 123, 119, 139, 120, 55, 238, 60, 46, 185, 212, 45,
       47, 234, 239, 53, 196, 174, 240, 202, 113, 213, 220, 253, 245,
       188, 46, 223, 186, 190, 250, 186, 245, 215, 126, 149, 115, 247,
       215, 125, 39, 233, 229, 249, 31, 235, 235, 111, 148, 76, 248, 65,
       123, 63, 55, 243, 255, 255, 127, 255, 248, 127, 206, 255, 119,
       255, 253, 159, 100, 255, 255, 255, 63, 181, 243, 249, 238, 255,
       255, 39, 131, 239, 255, 247, 247, 133, 188, 255, 223, 230, 171,
       255, 254, 127, 186, 117, 246, 253, 251, 221, 57, 63, 235, 118,
       158, 243, 252, 175, 243, 126, 143, 119, 164, 255, 241, 227, 177,
       216, 190, 158, 183, 171, 249, 125, 207, 191, 247, 190, 21, 175,
       250, 66, 91, 163, 239, 239, 21, 62, 237, 155, 227, 218, 243, 95,
       115, 142, 100, 171, 91, 120, 239, 188, 255, 189, 221, 95, 255,
       255, 13, 254, 9, 239, 239, 2, 80, 217, 255, 236, 90, 122, 43, 235,
       191, 255, 255, 165, 89, 210, 154, 238, 107, 22, 255, 182, 170,
       155, 229, 190, 204, 175, 69, 184, 7, 236, 254, 111, 64, 254, 251,
       255, 243, 2, 35, 154, 241, 185, 212, 15, 59, 217, 119, 167, 219,
       182, 165, 221, 255, 252, 43, 222, 238, 31, 178, 250, 26, 83, 123,
       29, 81, 251, 223, 111, 50, 122, 247, 201, 191, 191, 254, 199, 55,
       245, 121, 210, 130, 221, 204, 150, 183, 173, 63, 118, 254, 247,
       183, 222, 23, 207, 251, 43, 207, 251, 199, 238, 226, 124, 253, 29,
       238, 254, 247, 215, 23, 174, 253, 184, 6, 27, 143, 99, 202, 246,
       179, 234, 244, 205, 72, 217, 230, 121, 206, 180, 228, 126, 235,
       23, 255, 215, 187, 12, 253, 60, 108, 174, 192, 63, 223, 240, 189,
       157, 141, 158, 255, 173, 54, 254, 239, 62, 155, 254, 18, 223, 248,
       57, 235, 249, 119, 238, 163, 125, 235, 91, 174, 186, 247, 223, 69,
       219, 124, 233, 128, 94, 26, 151, 244, 3, 106, 49, 64, 172, 142,
       155, 163, 79, 239, 33, 75, 166, 245, 237, 131, 8, 193, 131, 200,
       145, 227, 107, 147, 32, 115, 37, 51, 60, 105, 104, 98, 81, 217,
       86, 204, 51, 228, 236, 137, 3, 133, 67, 16, 88, 200, 193, 118, 74,
       50, 216, 58, 255, 197, 5, 125, 97, 154, 206, 210, 238, 180, 255,
       254, 253, 127, 255, 255, 127, 255, 255, 26, 255, 255, 127, 123,
       251, 255, 255, 163, 121, 119, 251, 251, 255, 255, 223, 191, 151,
       120, 231, 251, 46, 21, 151, 159, 253, 239, 182, 239, 159, 187,
       249, 90, 76, 247, 45, 221, 249, 127, 235, 42, 113, 243, 26, 255,
       61, 126, 87, 62, 210, 124, 251, 163, 150, 116, 238, 191, 222, 98,
       190, 239, 53, 134, 251, 179, 73, 110, 143, 9, 127, 223, 199, 163,
       60, 223, 77, 238, 186, 167, 223, 143, 229, 121, 175, 214, 191,
       252, 255, 255, 237, 127, 255, 255, 127, 251, 252, 30, 255, 255,
       255, 251, 255, 239, 127, 191, 249, 255, 251, 255, 255, 223, 255,
       236, 223, 252, 227, 249, 245, 71, 98, 135, 212, 63, 238, 250, 127,
       230, 251, 223, 75, 232, 191, 196, 123, 206, 110, 239, 228, 183,
       45, 254, 54, 62, 167, 132, 125, 255, 249, 196, 252, 72, 190, 126,
       9, 68, 87, 32, 176, 134, 229, 8, 98, 243, 33, 91, 200, 244, 233,
       66, 104, 71, 250, 42, 211, 227, 69, 25, 82, 59, 102, 98, 237, 69,
       85, 207, 252, 94, 103, 184, 125, 170, 127, 80, 219, 115, 137, 244,
       121, 220, 38, 106, 105, 212, 249, 238, 63, 255, 167, 36, 58, 251,
       194, 160, 220, 93, 23, 231, 148, 79, 103, 248, 60, 164, 123, 66,
       223, 115, 9, 192, 50, 221, 111, 106, 97, 176, 89, 234, 245, 231,
       39, 4, 34, 251, 37, 34, 124, 190, 252, 122, 168, 237, 85, 223,
       178, 63, 180, 61, 127, 231, 74, 27, 5, 242, 237, 16, 58, 107, 250,
       51, 251, 167, 117, 121, 226, 209, 198, 123, 94, 177, 145, 166,
       155, 52, 26, 200, 131, 185, 137, 72, 78, 254, 73, 186, 149, 223,
       253, 209, 31, 67, 219, 176, 153, 215, 157, 190, 138, 103, 171, 19,
       49, 131, 106, 137, 244, 151, 234, 113, 68, 73, 123, 199, 145, 8,
       182, 224, 124, 138, 22, 253, 223, 184, 69, 221, 44, 13, 162, 192,
       125, 142, 248, 149, 156, 117, 31, 175, 152, 78, 191, 232, 60, 134,
       251, 1, 213, 255, 9, 64, 251, 221, 111, 227, 104, 227, 219, 110,
       245, 167, 239, 20, 65, 115, 39, 130, 98, 189, 22, 158, 221, 212,
       182, 227, 187, 142, 236, 9, 172, 254, 39, 212, 237, 255, 235, 195,
       116, 91, 218, 255, 55, 54, 30, 59, 18, 79, 175, 223, 207, 38, 238,
       87, 230, 58, 173, 176, 120, 238, 87, 246, 249, 111, 155, 107, 55,
       230, 53, 174, 180, 212, 173, 106, 102, 43, 255, 128, 167, 247, 27,
       97, 74, 189, 18, 158, 221, 253, 150, 230, 191, 23, 202, 27, 174,
       254, 38, 196, 233, 251, 251, 67, 54, 11, 154, 247, 187, 54, 30,
       59, 18, 93, 173, 94, 252, 36, 191, 118, 137, 236, 85, 79, 179,
       183, 167, 24, 95, 247, 65, 31, 129, 246, 233, 18, 56, 103, 186,
       34, 217, 243, 85, 57, 194, 113, 198, 98, 248, 72, 151, 252, 13,
       66, 84, 100, 225, 142, 162, 9, 99, 215, 33, 219, 232, 244, 237,
       98, 104, 199, 130, 168, 243, 243, 196, 27, 34, 51, 116, 42, 124,
       69, 80, 111, 93, 27, 86, 168, 97, 164, 235, 9, 67, 67, 9, 208,
       120, 220, 200, 98, 76, 178, 217, 46, 247, 229, 1, 21, 99, 43, 78,
       2, 101, 39, 253, 69, 244, 47, 239, 57, 121, 170, 127, 108, 211,
       97, 156, 54, 28, 196, 126, 46, 241, 240, 233, 78, 110, 190, 101,
       148, 206, 250, 210, 161, 70, 188, 181, 155, 201, 229, 190, 207,
       158, 115, 201, 19, 236, 254, 110, 235, 193, 91, 251, 147, 22, 79,
       251, 243, 189, 54, 223, 127, 144, 87, 181, 222, 60, 185, 121, 122,
       217, 253, 81, 202, 235, 113, 172, 8, 30, 221, 76, 56, 169, 154,
       213, 16, 27, 107, 186, 113, 219, 217, 17, 123, 227, 3, 198, 242,
       217, 188, 220, 191, 173, 252, 188, 143, 255, 91, 182, 53, 239,
       250, 74, 219, 239, 231, 238, 149, 63, 79, 223, 243, 158, 243, 255,
       255, 158, 68, 171, 223, 194, 172, 222, 245, 252, 170, 252, 119,
       63, 179, 250, 146, 189, 171, 20, 91, 239, 175, 127, 129, 48, 254,
       193, 223, 126, 255, 254, 160, 133, 192, 227, 137, 175, 182, 255,
       255, 189, 255, 125, 255, 255, 218, 254, 117, 254, 255, 255, 125,
       255, 255, 255, 45, 191, 227, 235, 251, 255, 251, 231, 158, 158,
       252, 244, 247, 62, 4, 254, 239, 205, 127, 222, 232, 109, 166, 253,
       10, 91, 123, 61, 50, 250, 213, 127, 235, 24, 227, 249, 200, 247,
       255, 199, 29, 247, 123, 246, 162, 54, 249, 105, 2, 223, 203, 151,
       204, 27, 244, 184, 143, 66, 252, 87, 16, 155, 219, 211, 115, 94,
       99, 254, 247, 127, 20, 141, 127, 213, 31, 214, 246, 61, 253, 235,
       206, 213, 93, 247, 252, 87, 238, 253, 10, 123, 253, 119, 180, 121,
       254, 151, 206, 201, 50, 248, 179, 127, 221, 133, 41, 127, 255,
       118, 254, 42, 252, 176, 154, 157, 253, 150, 238, 191, 23, 168, 17,
