%YAML:1.0
---
descriptors: !!opencv-matrix
   rows: 89
   cols: 32
   dt: u
   data: [ 5, 160, 155, 170, 236, 173, 185, 73, 142, 25, 113, 114, 156,
       194, 232, 11, 207, 25, 19, 27, 18, 52, 138, 208, 12, 144, 46, 238,
       148, 75, 161, 129, 98, 180, 185, 168, 239, 101, 152, 207, 139,
       123, 152, 63, 28, 188, 92, 10, 141, 147, 211, 145, 147, 107, 218,
       211, 93, 20, 158, 255, 221, 76, 151, 251, 38, 121, 50, 142, 77,
       149, 178, 64, 201, 132, 213, 10, 12, 216, 55, 135, 232, 177, 211,
       99, 64, 35, 154, 200, 21, 16, 202, 59, 87, 63, 125, 134, 34, 173,
       122, 89, 213, 211, 182, 103, 94, 166, 120, 3, 40, 40, 54, 0, 217,
       59, 131, 1, 246, 184, 100, 223, 47, 30, 151, 99, 85, 8, 213, 142,
       10, 141, 22, 155, 213, 183, 182, 167, 28, 3, 94, 18, 236, 114, 44,
       197, 209, 59, 147, 161, 118, 152, 81, 255, 47, 55, 222, 67, 30,
       76, 185, 142, 10, 149, 114, 91, 247, 159, 186, 119, 125, 77, 125,
       22, 40, 13, 190, 164, 191, 42, 147, 24, 182, 184, 48, 215, 47, 94,
       18, 195, 215, 132, 239, 253, 46, 140, 112, 219, 213, 215, 190,
       239, 31, 11, 124, 19, 104, 252, 62, 5, 217, 123, 147, 179, 118,
       186, 106, 255, 111, 95, 159, 239, 87, 12, 221, 207, 17, 134, 107,
       225, 182, 171, 233, 91, 76, 97, 91, 246, 29, 43, 184, 96, 127,
       138, 23, 188, 147, 176, 37, 214, 220, 205, 186, 196, 189, 202,
       113, 177, 109, 76, 225, 236, 100, 47, 75, 26, 83, 234, 125, 8, 19,
       247, 209, 120, 92, 236, 22, 14, 137, 50, 232, 2, 212, 172, 161,
       168, 246, 251, 66, 241, 35, 140, 34, 154, 85, 163, 162, 98, 94,
       65, 89, 3, 224, 200, 54, 196, 217, 42, 19, 21, 150, 186, 78, 191,
       44, 62, 138, 75, 149, 14, 120, 132, 82, 25, 150, 142, 43, 116,
       182, 130, 174, 10, 138, 32, 236, 254, 37, 206, 230, 119, 253, 195,
       0, 1, 147, 225, 145, 182, 90, 155, 128, 119, 37, 31, 247, 126,
       238, 4, 226, 50, 188, 247, 169, 254, 158, 239, 72, 44, 215, 63,
       39, 197, 253, 167, 229, 71, 165, 200, 54, 75, 253, 166, 239, 245,
       47, 93, 124, 157, 115, 224, 183, 219, 83, 99, 237, 96, 60, 42, 30,
       153, 36, 49, 162, 180, 220, 98, 81, 57, 48, 188, 251, 217, 1, 119,
       122, 41, 199, 51, 43, 140, 43, 254, 29, 229, 195, 98, 151, 73,
       204, 2, 178, 253, 54, 96, 201, 170, 19, 137, 58, 175, 58, 191, 99,
       127, 146, 75, 18, 13, 112, 234, 29, 6, 74, 232, 118, 179, 234, 88,
       84, 9, 249, 226, 89, 202, 185, 96, 126, 168, 22, 184, 155, 183,
       12, 222, 210, 237, 170, 192, 189, 139, 121, 129, 25, 65, 106, 65,
       86, 82, 235, 24, 96, 228, 95, 2, 81, 25, 158, 96, 122, 140, 23,
       232, 136, 176, 53, 204, 119, 45, 162, 132, 39, 162, 116, 224, 137,
       143, 198, 189, 215, 187, 103, 175, 118, 178, 78, 146, 251, 224,
       243, 227, 99, 110, 170, 140, 48, 248, 207, 63, 172, 199, 119, 0,
       182, 236, 217, 136, 116, 64, 66, 128, 69, 0, 98, 64, 41, 0, 242,
       2, 10, 10, 13, 84, 232, 133, 14, 227, 12, 179, 81, 192, 145, 176,
       130, 3, 101, 11, 120, 6, 60, 2, 82, 196, 69, 50, 240, 88, 69, 4,
       247, 3, 73, 137, 57, 200, 120, 140, 131, 168, 12, 183, 17, 200,
       83, 233, 130, 5, 103, 174, 124, 130, 66, 149, 16, 136, 249, 245,
       178, 15, 143, 13, 77, 3, 140, 190, 110, 196, 213, 27, 187, 17, 22,
       10, 90, 213, 61, 20, 138, 111, 146, 78, 141, 215, 39, 161, 98, 73,
       221, 181, 178, 200, 78, 85, 124, 2, 8, 216, 190, 44, 248, 26, 146,
       251, 150, 178, 63, 245, 15, 24, 131, 79, 215, 13, 253, 228, 155,
       86, 123, 236, 98, 131, 189, 117, 181, 66, 244, 227, 61, 207, 161,
       49, 126, 185, 151, 230, 225, 167, 38, 207, 114, 227, 170, 136, 63,
       176, 35, 249, 46, 155, 52, 153, 245, 215, 182, 235, 31, 13, 80,
       35, 236, 124, 54, 197, 223, 59, 147, 1, 246, 184, 107, 255, 47,
       86, 159, 199, 215, 12, 245, 207, 2, 187, 105, 209, 242, 201, 185,
       215, 159, 93, 28, 247, 188, 223, 246, 0, 143, 59, 151, 149, 147,
       8, 34, 247, 110, 93, 62, 234, 156, 140, 135, 249, 138, 217, 166,
       223, 53, 212, 190, 165, 31, 29, 86, 19, 236, 254, 58, 229, 232,
       123, 187, 193, 114, 220, 59, 255, 103, 119, 222, 195, 22, 28, 189,
       222, 63, 63, 110, 40, 60, 179, 202, 88, 84, 200, 221, 231, 115,
       72, 191, 32, 126, 234, 22, 255, 191, 163, 77, 188, 122, 77, 163,
       152, 253, 207, 120, 149, 6, 43, 18, 144, 219, 193, 186, 66, 172,
       148, 56, 163, 44, 142, 97, 3, 174, 251, 195, 209, 18, 171, 130,
       236, 61, 144, 14, 235, 133, 1, 47, 139, 55, 4, 99, 140, 54, 162,
       202, 64, 212, 192, 217, 242, 81, 200, 188, 96, 122, 168, 22, 181,
       153, 183, 36, 142, 48, 46, 171, 128, 189, 170, 112, 196, 36, 77,
       2, 159, 93, 129, 134, 98, 92, 4, 88, 3, 164, 200, 55, 64, 216,
       106, 130, 67, 70, 170, 66, 175, 37, 54, 130, 11, 21, 31, 120, 142,
       98, 107, 226, 84, 231, 124, 188, 71, 57, 230, 118, 143, 40, 172,
       87, 158, 175, 255, 179, 133, 196, 250, 166, 234, 55, 62, 222, 171,
       199, 244, 223, 223, 3, 123, 233, 21, 226, 121, 189, 215, 58, 238,
       28, 239, 137, 172, 215, 42, 175, 127, 183, 213, 133, 120, 164,
       224, 78, 95, 255, 162, 205, 244, 87, 221, 153, 156, 200, 29, 203,
       248, 97, 255, 246, 87, 102, 22, 171, 228, 226, 207, 105, 202, 170,
       24, 63, 252, 255, 55, 207, 195, 247, 97, 187, 76, 252, 216, 132,
       204, 0, 130, 212, 168, 230, 199, 168, 2, 184, 26, 156, 34, 41, 67,
       105, 195, 74, 210, 115, 47, 72, 226, 180, 4, 142, 40, 145, 123,
       225, 128, 164, 205, 0, 131, 196, 168, 166, 231, 168, 19, 184, 18,
       172, 34, 105, 66, 105, 194, 74, 194, 114, 39, 200, 226, 52, 0,
       134, 105, 129, 91, 225, 128, 84, 67, 81, 128, 86, 8, 238, 96, 41,
       0, 185, 74, 142, 10, 40, 64, 106, 129, 14, 226, 72, 35, 64, 200,
       180, 132, 138, 56, 117, 59, 33, 128, 116, 64, 64, 129, 68, 8, 234,
       64, 9, 0, 179, 10, 138, 10, 5, 81, 104, 129, 14, 227, 8, 50, 64,
       192, 148, 144, 130, 17, 101, 59, 112, 128, 196, 140, 18, 190, 252,
       137, 238, 235, 252, 18, 184, 18, 237, 226, 104, 67, 123, 194, 74,
       170, 114, 11, 78, 235, 60, 150, 175, 44, 148, 120, 225, 128, 56,
       121, 150, 228, 13, 77, 84, 85, 169, 184, 176, 9, 46, 157, 69, 159,
       168, 249, 229, 66, 72, 225, 146, 160, 227, 217, 69, 59, 66, 62,
       71, 155, 99, 84, 234, 94, 201, 52, 221, 191, 185, 194, 222, 131,
       120, 255, 31, 123, 205, 247, 249, 135, 205, 71, 243, 234, 119,
       127, 222, 138, 7, 116, 246, 126, 3, 211, 88, 91, 226, 128, 174,
       189, 90, 67, 121, 244, 241, 250, 254, 112, 215, 91, 22, 78, 215,
       30, 206, 243, 44, 62, 190, 238, 93, 131, 203, 157, 9, 34, 91, 184,
       108, 137, 233, 81, 238, 17, 80, 212, 189, 131, 240, 75, 98, 41,
       78, 28, 3, 13, 6, 209, 196, 153, 186, 232, 28, 136, 33, 169, 7,
       59, 225, 129, 182, 43, 238, 152, 11, 241, 24, 231, 157, 45, 209,
       174, 63, 205, 87, 221, 147, 88, 237, 240, 172, 12, 175, 228, 175,
       247, 147, 241, 75, 158, 237, 92, 9, 22, 93, 59, 177, 94, 199, 149,
       120, 63, 22, 127, 197, 213, 253, 174, 237, 68, 243, 201, 87, 123,
       192, 134, 34, 244, 164, 119, 65, 2, 91, 161, 108, 136, 233, 80,
       236, 1, 176, 198, 157, 3, 176, 104, 106, 160, 78, 156, 1, 9, 4,
       192, 212, 145, 186, 232, 12, 136, 97, 160, 152, 156, 166, 25, 203,
       253, 113, 95, 247, 95, 246, 55, 171, 181, 226, 239, 105, 170, 238,
       144, 191, 252, 119, 147, 79, 195, 247, 227, 179, 76, 124, 223, 64,
       73, 243, 222, 116, 172, 107, 150, 233, 9, 124, 64, 181, 167, 177,
       116, 70, 106, 22, 72, 131, 136, 162, 105, 100, 184, 50, 136, 2,
       211, 97, 169, 99, 128, 224, 92, 77, 84, 216, 47, 121, 67, 85, 25,
       40, 190, 30, 246, 200, 151, 179, 129, 214, 74, 242, 193, 23, 62,
       218, 139, 7, 4, 254, 94, 59, 126, 110, 169, 60, 179, 202, 218, 86,
       236, 220, 239, 35, 40, 179, 0, 126, 232, 23, 253, 174, 163, 69,
       191, 114, 77, 169, 188, 255, 255, 120, 221, 28, 20, 179, 169, 20,
       230, 107, 80, 20, 201, 91, 82, 213, 215, 33, 72, 121, 60, 23, 186,
