%YAML:1.0
---
descriptors: !!opencv-matrix
   rows: 168
   cols: 32
   dt: u
   data: [ 189, 102, 96, 224, 245, 47, 78, 216, 83, 170, 189, 95, 67, 9,
       91, 157, 217, 200, 21, 126, 173, 38, 88, 154, 251, 217, 133, 124,
       251, 255, 90, 192, 108, 33, 25, 229, 56, 79, 67, 24, 51, 248, 165,
       8, 215, 119, 73, 48, 145, 220, 124, 106, 9, 64, 249, 24, 237, 217,
       5, 60, 0, 163, 6, 34, 88, 39, 28, 41, 186, 235, 17, 66, 166, 61,
       175, 185, 143, 135, 2, 25, 135, 183, 237, 16, 58, 9, 67, 21, 219,
       227, 56, 247, 240, 1, 15, 67, 41, 157, 30, 101, 241, 47, 119, 183,
       109, 168, 110, 12, 255, 51, 0, 49, 148, 46, 70, 44, 209, 248, 49,
       61, 239, 223, 101, 0, 74, 226, 202, 136, 208, 34, 154, 112, 40,
       172, 80, 87, 171, 27, 176, 57, 183, 147, 64, 91, 163, 167, 76, 16,
       46, 111, 130, 16, 210, 241, 112, 57, 192, 192, 66, 11, 34, 231,
       41, 250, 25, 213, 156, 111, 159, 21, 136, 17, 168, 175, 126, 192,
       205, 155, 219, 133, 126, 11, 250, 215, 235, 215, 158, 123, 18, 4,
       166, 218, 19, 79, 71, 142, 22, 150, 106, 112, 164, 64, 203, 199,
       113, 238, 181, 224, 126, 229, 27, 239, 205, 155, 20, 236, 176, 44,
       138, 128, 45, 167, 57, 84, 44, 116, 25, 231, 52, 79, 119, 24, 45,
       234, 111, 8, 215, 87, 1, 16, 144, 92, 85, 106, 9, 240, 89, 8, 231,
       217, 33, 52, 72, 187, 70, 50, 23, 131, 78, 7, 130, 155, 238, 176,
       52, 96, 223, 230, 195, 68, 158, 228, 126, 14, 254, 254, 207, 144,
       109, 33, 174, 107, 167, 197, 109, 143, 88, 213, 191, 205, 99, 74,
       255, 81, 223, 233, 147, 94, 252, 171, 73, 236, 255, 165, 127, 219,
       151, 255, 255, 39, 46, 250, 58, 73, 175, 239, 247, 255, 254, 244,
       18, 144, 254, 254, 195, 224, 52, 199, 188, 23, 102, 51, 60, 255,
       44, 122, 163, 115, 171, 144, 54, 201, 146, 97, 219, 227, 94, 67,
       161, 80, 165, 154, 210, 189, 21, 250, 139, 237, 17, 231, 187, 21,
       32, 57, 46, 255, 96, 25, 167, 51, 249, 16, 50, 77, 154, 247, 219,
       211, 94, 123, 146, 64, 7, 122, 111, 190, 237, 229, 188, 63, 93,
       191, 95, 251, 22, 253, 219, 61, 222, 46, 151, 78, 125, 29, 191,
       120, 239, 185, 238, 219, 245, 244, 254, 252, 208, 123, 220, 66,
       78, 37, 32, 26, 82, 184, 100, 108, 214, 173, 215, 43, 147, 83,
       114, 196, 108, 99, 44, 212, 205, 12, 226, 227, 224, 209, 44, 179,
       28, 83, 84, 0, 159, 237, 138, 66, 23, 14, 100, 135, 234, 48, 215,
       55, 1, 106, 96, 212, 108, 98, 88, 197, 195, 0, 209, 163, 246, 21,
       160, 114, 165, 2, 41, 129, 123, 73, 244, 207, 99, 17, 117, 1, 127,
       2, 211, 17, 148, 116, 122, 156, 6, 248, 251, 184, 117, 95, 103,
       239, 32, 64, 103, 138, 196, 160, 125, 175, 225, 198, 254, 59, 79,
       248, 81, 234, 255, 238, 115, 104, 150, 180, 123, 230, 84, 174,
       237, 190, 237, 174, 58, 239, 165, 180, 239, 255, 218, 117, 47,
       187, 241, 195, 252, 149, 234, 221, 95, 233, 184, 238, 153, 205,
       245, 160, 254, 153, 151, 221, 147, 58, 202, 242, 62, 93, 175, 252,
       223, 143, 211, 177, 76, 176, 185, 97, 146, 77, 115, 184, 59, 121,
       39, 28, 222, 87, 72, 48, 149, 95, 125, 90, 19, 80, 249, 117, 207,
       223, 53, 116, 200, 129, 135, 243, 247, 68, 229, 213, 142, 50, 143,
       188, 86, 246, 158, 214, 81, 108, 223, 111, 127, 196, 122, 239,
       229, 103, 255, 200, 44, 10, 239, 148, 253, 255, 112, 116, 249, 49,
       185, 116, 97, 76, 85, 112, 114, 10, 116, 12, 63, 179, 64, 57, 148,
       220, 100, 74, 73, 114, 242, 1, 211, 233, 112, 40, 106, 224, 66,
       163, 248, 32, 63, 112, 13, 201, 65, 70, 227, 117, 160, 24, 59,
       157, 66, 187, 136, 146, 204, 16, 31, 111, 242, 17, 211, 217, 16,
       121, 98, 8, 70, 106, 117, 64, 79, 109, 5, 78, 71, 120, 100, 226,
       226, 78, 83, 1, 17, 48, 120, 196, 104, 110, 201, 182, 117, 12,
       245, 233, 64, 16, 105, 187, 114, 32, 191, 207, 98, 250, 246, 145,
       235, 253, 151, 29, 213, 162, 105, 203, 186, 193, 126, 171, 135,
       255, 250, 187, 14, 253, 254, 201, 170, 200, 55, 142, 224, 161, 70,
       145, 173, 186, 206, 100, 190, 140, 154, 247, 9, 159, 196, 237,
       123, 74, 215, 87, 251, 215, 147, 67, 223, 243, 61, 54, 223, 238,
       156, 119, 181, 112, 41, 0, 96, 13, 92, 18, 202, 56, 85, 192, 249,
       206, 243, 72, 149, 180, 88, 236, 86, 239, 201, 162, 77, 29, 6, 44,
       161, 28, 127, 175, 122, 132, 43, 190, 106, 81, 244, 191, 235, 246,
       81, 111, 124, 254, 123, 44, 150, 181, 127, 170, 151, 45, 189, 254,
       101, 255, 102, 95, 180, 192, 239, 220, 218, 253, 61, 124, 60, 117,
       189, 31, 70, 188, 121, 234, 164, 12, 255, 121, 19, 59, 156, 100,
       76, 110, 237, 230, 121, 44, 227, 219, 69, 52, 74, 121, 90, 8, 72,
       189, 155, 182, 176, 44, 120, 151, 171, 25, 171, 125, 255, 243, 72,
       82, 135, 199, 109, 5, 30, 73, 147, 33, 216, 245, 62, 88, 136, 64,
       131, 11, 104, 185, 27, 120, 121, 205, 81, 246, 171, 25, 160, 73,
       62, 147, 64, 16, 133, 187, 77, 0, 74, 43, 18, 117, 251, 221, 16,
       126, 90, 0, 39, 155, 185, 197, 113, 74, 53, 219, 71, 173, 85, 104,
       244, 40, 123, 85, 188, 244, 88, 144, 20, 104, 107, 174, 105, 159,
       163, 221, 36, 119, 115, 154, 212, 108, 148, 140, 158, 190, 130,
       192, 53, 230, 182, 23, 242, 179, 245, 247, 40, 91, 103, 243, 173,
       144, 122, 207, 11, 105, 217, 227, 126, 193, 161, 112, 167, 75,
       161, 253, 97, 69, 212, 79, 239, 183, 117, 225, 118, 86, 112, 124,
       148, 52, 125, 238, 18, 60, 241, 188, 117, 111, 45, 46, 149, 64,
       239, 184, 210, 252, 17, 15, 111, 173, 22, 10, 111, 117, 100, 64,
       250, 198, 115, 33, 176, 96, 122, 230, 28, 239, 217, 185, 69, 15,
       240, 173, 162, 128, 45, 186, 112, 104, 248, 112, 60, 112, 13, 205,
       80, 86, 227, 49, 164, 24, 63, 145, 64, 59, 136, 146, 204, 16, 10,
       111, 210, 17, 211, 209, 80, 121, 106, 8, 78, 58, 45, 175, 72, 226,
       252, 187, 234, 223, 91, 168, 252, 238, 27, 201, 220, 160, 127,
       202, 23, 253, 223, 58, 204, 254, 62, 221, 175, 252, 255, 222, 218,
       153, 32, 142, 26, 170, 84, 183, 146, 226, 31, 5, 73, 3, 228, 232,
       32, 64, 217, 43, 2, 16, 54, 184, 88, 191, 171, 150, 2, 67, 152,
       75, 57, 134, 166, 28, 191, 189, 77, 231, 181, 98, 156, 218, 66,
       19, 252, 63, 33, 75, 201, 115, 187, 35, 33, 231, 82, 238, 69, 50,
       219, 3, 16, 121, 53, 251, 182, 251, 99, 154, 254, 241, 159, 216,
       159, 84, 245, 255, 73, 205, 253, 132, 126, 219, 135, 247, 162, 35,
       174, 241, 58, 4, 175, 255, 247, 255, 244, 245, 126, 178, 172, 179,
       169, 57, 92, 189, 35, 191, 149, 189, 143, 46, 67, 154, 133, 215,
       253, 21, 158, 66, 233, 144, 223, 211, 189, 255, 162, 172, 158, 83,
       134, 141, 174, 183, 231, 106, 189, 167, 60, 183, 90, 147, 204, 46,
       86, 75, 163, 71, 187, 145, 52, 216, 33, 226, 109, 55, 222, 199,
       132, 93, 149, 202, 31, 197, 230, 215, 199, 48, 254, 255, 31, 83,
       87, 211, 72, 126, 252, 239, 127, 211, 183, 190, 178, 208, 47, 227,
       63, 126, 223, 199, 167, 247, 249, 245, 239, 76, 229, 71, 142, 122,
       175, 152, 86, 250, 158, 206, 217, 124, 223, 239, 95, 196, 127,
       255, 169, 96, 239, 234, 76, 46, 239, 180, 167, 255, 80, 116, 55,
       175, 106, 138, 222, 147, 206, 253, 198, 68, 217, 207, 97, 200,
       191, 0, 90, 234, 23, 111, 206, 171, 12, 189, 56, 12, 173, 248,
       125, 158, 88, 204, 96, 233, 120, 78, 108, 201, 215, 236, 202, 20,
       176, 8, 50, 217, 84, 50, 200, 216, 82, 66, 74, 43, 234, 49, 113,
       152, 5, 59, 85, 27, 86, 170, 158, 70, 101, 189, 175, 115, 158,
       232, 134, 254, 148, 243, 201, 108, 159, 171, 239, 213, 253, 231,
       236, 103, 111, 216, 178, 203, 239, 151, 55, 255, 53, 245, 217, 18,
       236, 165, 40, 26, 222, 56, 56, 238, 151, 237, 207, 108, 155, 203,
       159, 197, 253, 103, 236, 244, 237, 8, 202, 243, 237, 145, 164,
       255, 28, 81, 51, 79, 236, 7, 30, 18, 207, 56, 80, 238, 255, 239,
       81, 44, 158, 163, 127, 228, 253, 239, 189, 242, 109, 174, 186,
       111, 229, 148, 111, 239, 218, 213, 232, 113, 185, 101, 172, 77,
