%YAML:1.0
---
descriptors: !!opencv-matrix
   rows: 168
   cols: 32
   dt: u
   data: [ 138, 172, 142, 187, 177, 180, 184, 135, 30, 91, 74, 21, 172,
       186, 50, 200, 193, 43, 179, 149, 54, 220, 83, 247, 140, 119, 222,
       195, 152, 68, 185, 158, 90, 199, 71, 193, 179, 2, 111, 191, 37,
       161, 142, 194, 205, 39, 136, 230, 119, 214, 221, 252, 241, 153,
       53, 237, 252, 228, 142, 196, 166, 214, 165, 57, 200, 181, 21, 113,
       227, 232, 49, 135, 43, 121, 42, 56, 158, 55, 72, 191, 163, 19, 76,
       16, 51, 72, 177, 117, 205, 208, 80, 102, 194, 64, 135, 59, 98, 95,
       102, 78, 108, 18, 215, 112, 225, 140, 252, 104, 98, 249, 181, 183,
       72, 246, 230, 106, 200, 235, 162, 236, 50, 120, 229, 139, 71, 247,
       118, 175, 247, 65, 70, 205, 14, 26, 238, 40, 237, 162, 178, 66,
       67, 8, 149, 247, 104, 228, 110, 238, 236, 231, 69, 204, 176, 42,
       199, 20, 101, 185, 112, 4, 202, 240, 178, 218, 11, 208, 176, 77,
       175, 17, 167, 48, 172, 222, 110, 198, 162, 51, 235, 144, 22, 13,
       154, 211, 155, 245, 26, 91, 154, 6, 173, 31, 171, 172, 130, 153,
       207, 189, 184, 207, 30, 87, 80, 159, 172, 204, 126, 141, 191, 43,
       179, 149, 182, 126, 158, 243, 28, 87, 95, 235, 223, 12, 155, 222,
       64, 165, 82, 136, 220, 41, 224, 79, 30, 1, 232, 10, 148, 130, 112,
       0, 123, 139, 74, 153, 18, 42, 194, 87, 156, 4, 155, 108, 148, 8,
       163, 136, 53, 207, 99, 79, 244, 139, 239, 253, 85, 100, 251, 70,
       115, 97, 189, 228, 122, 238, 23, 250, 217, 178, 109, 191, 60, 236,
       167, 196, 119, 186, 244, 225, 98, 248, 248, 114, 203, 253, 80,
       222, 139, 55, 165, 25, 46, 223, 74, 30, 135, 155, 221, 17, 30,
       107, 218, 241, 219, 209, 21, 127, 210, 92, 142, 223, 200, 188,
       190, 251, 233, 237, 53, 71, 191, 31, 172, 16, 174, 251, 64, 90,
       163, 115, 235, 16, 50, 77, 146, 243, 207, 247, 94, 123, 194, 64,
       167, 139, 9, 107, 51, 97, 116, 140, 115, 87, 105, 232, 124, 76,
       190, 147, 192, 52, 180, 44, 70, 76, 193, 184, 224, 76, 231, 253,
       32, 32, 74, 130, 67, 169, 218, 184, 183, 250, 137, 237, 81, 71,
       187, 91, 160, 24, 190, 254, 68, 59, 161, 179, 253, 16, 51, 79,
       186, 241, 155, 211, 90, 123, 200, 64, 135, 59, 142, 237, 182, 152,
       237, 240, 191, 198, 143, 222, 92, 7, 172, 174, 247, 239, 239, 107,
       187, 199, 70, 88, 186, 240, 174, 81, 207, 171, 22, 253, 45, 254,
       91, 133, 71, 193, 147, 118, 110, 255, 37, 169, 158, 130, 73, 39,
       188, 228, 119, 214, 156, 188, 25, 137, 37, 206, 187, 126, 159,
       197, 175, 214, 169, 60, 0, 91, 123, 229, 116, 206, 111, 176, 61,
       104, 126, 68, 247, 87, 145, 112, 118, 252, 87, 110, 193, 176, 49,
       78, 231, 189, 32, 128, 104, 186, 70, 241, 169, 52, 249, 101, 116,
       111, 103, 55, 113, 230, 126, 24, 243, 53, 144, 49, 91, 254, 70,
       40, 249, 252, 113, 14, 111, 239, 101, 0, 99, 234, 70, 232, 142,
       183, 56, 234, 237, 249, 191, 255, 205, 94, 29, 183, 172, 239, 111,
       194, 175, 75, 206, 50, 246, 1, 186, 210, 127, 209, 15, 175, 150,
       126, 141, 215, 73, 180, 85, 65, 243, 126, 112, 7, 121, 123, 110,
       24, 158, 50, 204, 189, 179, 134, 70, 56, 51, 244, 177, 70, 31,
       222, 80, 70, 202, 64, 195, 167, 196, 232, 191, 254, 108, 141, 116,
       204, 254, 154, 164, 16, 246, 251, 85, 122, 193, 123, 123, 90, 98,
       101, 250, 115, 223, 219, 215, 57, 208, 113, 71, 170, 24, 223, 124,
       111, 48, 206, 67, 183, 100, 12, 238, 32, 243, 83, 160, 112, 64,
       178, 12, 72, 74, 168, 105, 63, 227, 175, 32, 16, 48, 138, 196, 43,
       126, 179, 240, 82, 233, 253, 89, 221, 163, 189, 189, 40, 10, 223,
       206, 190, 143, 210, 213, 26, 154, 107, 234, 240, 219, 220, 21,
       255, 227, 199, 198, 103, 130, 162, 148, 155, 238, 169, 168, 143,
       158, 49, 17, 251, 140, 194, 72, 201, 79, 27, 106, 21, 18, 76, 207,
       209, 12, 18, 223, 252, 156, 8, 137, 136, 131, 169, 163, 149, 199,
       157, 172, 103, 95, 67, 80, 215, 172, 140, 116, 173, 174, 43, 147,
       5, 215, 252, 150, 227, 6, 24, 222, 42, 79, 76, 147, 220, 139, 132,
       149, 187, 149, 249, 176, 143, 30, 83, 66, 19, 236, 252, 110, 232,
       209, 59, 187, 17, 55, 220, 83, 243, 143, 119, 94, 67, 144, 76,
       153, 14, 63, 93, 99, 206, 212, 214, 239, 244, 85, 194, 222, 194,
       113, 252, 181, 100, 126, 236, 23, 239, 233, 179, 60, 238, 48, 46,
       175, 128, 39, 255, 240, 252, 24, 207, 87, 239, 178, 194, 47, 253,
       36, 72, 218, 226, 125, 103, 160, 228, 118, 255, 31, 234, 73, 153,
       13, 255, 248, 230, 175, 128, 39, 178, 165, 57, 221, 203, 71, 239,
       50, 6, 111, 252, 36, 132, 210, 231, 113, 103, 177, 81, 118, 228,
       61, 238, 232, 145, 45, 109, 240, 170, 239, 128, 37, 178, 224, 121,
       174, 205, 170, 254, 223, 115, 183, 236, 159, 230, 253, 27, 232,
       255, 43, 197, 249, 250, 203, 226, 118, 99, 122, 255, 255, 87, 207,
       63, 183, 127, 188, 214, 253, 206, 238, 167, 4, 6, 79, 144, 112,
       126, 199, 87, 83, 97, 27, 91, 76, 196, 61, 207, 232, 214, 221,
       162, 208, 235, 228, 128, 45, 251, 112, 112, 253, 88, 127, 108, 79,
       78, 87, 184, 225, 162, 166, 8, 115, 209, 9, 123, 48, 244, 124,
       106, 105, 103, 187, 40, 243, 235, 69, 28, 99, 179, 98, 34, 62,
       236, 228, 223, 253, 122, 255, 236, 31, 230, 255, 147, 105, 109,
       31, 197, 255, 239, 247, 239, 232, 242, 201, 255, 126, 127, 207,
       149, 247, 255, 252, 193, 108, 34, 220, 97, 168, 40, 81, 138, 35,
       181, 172, 41, 147, 35, 75, 26, 19, 214, 237, 56, 26, 98, 203, 0,
       206, 213, 117, 117, 194, 227, 78, 34, 155, 10, 198, 181, 30, 178,
       232, 23, 254, 243, 210, 215, 233, 10, 150, 235, 111, 231, 126,
       157, 189, 253, 197, 237, 140, 107, 219, 192, 173, 204, 185, 12,
       189, 94, 103, 79, 44, 27, 207, 248, 68, 166, 243, 198, 83, 100,
       157, 231, 122, 212, 126, 234, 233, 183, 125, 46, 49, 234, 229,
       148, 101, 187, 84, 116, 188, 255, 77, 79, 220, 79, 71, 252, 49,
       232, 245, 206, 115, 113, 139, 21, 92, 204, 87, 110, 233, 178, 121,
       60, 120, 136, 165, 180, 107, 187, 210, 177, 25, 151, 80, 201, 179,
       157, 127, 191, 127, 45, 94, 34, 175, 51, 170, 228, 55, 26, 140,
       28, 150, 152, 37, 247, 174, 255, 20, 195, 62, 148, 137, 45, 26,
       191, 65, 225, 179, 155, 110, 190, 63, 97, 154, 230, 173, 39, 128,
       164, 55, 219, 221, 220, 219, 152, 29, 255, 168, 214, 158, 194,
       190, 148, 133, 61, 240, 73, 55, 252, 13, 66, 71, 36, 161, 132,
       226, 11, 98, 55, 33, 215, 224, 244, 104, 226, 72, 139, 51, 172,
       179, 226, 192, 19, 34, 57, 116, 106, 100, 50, 153, 82, 234, 233,
       161, 67, 170, 185, 185, 120, 148, 159, 76, 26, 175, 147, 66, 17,
       19, 99, 202, 80, 29, 4, 59, 124, 193, 65, 135, 161, 208, 203, 22,
       189, 15, 10, 68, 160, 181, 18, 162, 82, 231, 67, 0, 195, 104, 228,
       104, 234, 104, 237, 67, 61, 176, 226, 194, 17, 49, 48, 104, 8, 92,
       112, 153, 165, 32, 14, 111, 56, 44, 170, 219, 96, 215, 87, 137,
       82, 54, 93, 125, 106, 73, 212, 201, 8, 229, 229, 47, 132, 40, 243,
       1, 49, 161, 170, 5, 223, 77, 183, 232, 95, 214, 179, 240, 86, 225,
       200, 52, 173, 201, 238, 98, 140, 159, 255, 127, 181, 5, 58, 211,
       124, 217, 12, 248, 172, 87, 48, 185, 240, 174, 253, 249, 216, 63,
       253, 181, 63, 159, 223, 79, 42, 191, 217, 255, 145, 159, 99, 250,
       210, 223, 223, 59, 255, 157, 73, 7, 243, 214, 207, 174, 191, 186,
       50, 158, 171, 190, 182, 154, 243, 239, 238, 41, 67, 247, 247, 253,
       163, 124, 197, 15, 191, 248, 231, 111, 213, 164, 114, 173, 11, 40,
       176, 53, 91, 221, 221, 209, 175, 95, 121, 37, 24, 190, 152, 76,
       180, 137, 26, 242, 16, 19, 120, 123, 149, 15, 222, 16, 127, 210,
       8, 212, 238, 56, 173, 18, 169, 145, 131, 130, 207, 166, 1, 232, 1,
       39, 192, 32, 208, 216, 170, 138, 49, 26, 171, 16, 63, 185, 196,
       134, 83, 241, 10, 172, 138, 201, 126, 148, 181, 168, 47, 60, 191,
       63, 250, 146, 253, 207, 7, 195, 223, 7, 125, 238, 54, 237, 212,
