%YAML:1.0
---
descriptors: !!opencv-matrix
   rows: 364
   cols: 32
   dt: u
   data: [ 88, 232, 87, 112, 43, 200, 49, 230, 163, 149, 160, 168, 47,
       151, 68, 147, 163, 247, 236, 16, 82, 79, 162, 53, 219, 243, 84,
       123, 98, 128, 167, 43, 117, 117, 190, 174, 188, 79, 86, 252, 159,
       232, 188, 8, 247, 251, 43, 112, 222, 221, 94, 99, 237, 227, 120,
       62, 251, 223, 39, 62, 72, 123, 3, 11, 100, 172, 188, 49, 173, 237,
       85, 143, 251, 183, 36, 24, 134, 48, 65, 63, 129, 86, 104, 17, 114,
       124, 219, 16, 237, 146, 85, 119, 192, 88, 199, 38, 145, 221, 63,
       245, 54, 239, 49, 55, 252, 13, 122, 32, 183, 55, 32, 97, 166, 51,
       14, 0, 160, 169, 49, 45, 233, 233, 54, 0, 0, 8, 133, 43, 214, 180,
       190, 219, 173, 124, 185, 11, 255, 223, 187, 57, 206, 254, 78, 107,
       231, 87, 255, 17, 178, 105, 251, 243, 207, 251, 95, 255, 196, 111,
       165, 87, 126, 115, 104, 10, 205, 85, 219, 200, 7, 244, 181, 143,
       74, 204, 95, 24, 220, 153, 251, 247, 206, 99, 255, 208, 91, 89,
       141, 191, 247, 191, 86, 86, 99, 169, 190, 90, 253, 157, 254, 231,
       235, 89, 184, 8, 170, 250, 118, 242, 201, 235, 254, 80, 223, 107,
       250, 241, 63, 223, 215, 123, 217, 22, 234, 142, 90, 188, 149, 211,
       139, 233, 53, 239, 191, 51, 142, 56, 174, 247, 72, 207, 35, 211,
       238, 16, 51, 73, 139, 241, 159, 214, 87, 127, 162, 84, 133, 43,
       72, 188, 31, 90, 123, 192, 49, 103, 190, 17, 108, 48, 188, 215,
       96, 240, 231, 59, 232, 128, 51, 13, 162, 117, 221, 179, 18, 107,
       16, 0, 167, 187, 55, 172, 210, 155, 221, 189, 248, 207, 255, 55,
       180, 18, 170, 218, 110, 156, 233, 171, 206, 16, 54, 239, 90, 243,
       159, 28, 151, 119, 219, 76, 203, 134, 216, 164, 151, 179, 171,
       233, 189, 207, 191, 191, 186, 177, 143, 247, 72, 143, 235, 215,
       239, 145, 58, 79, 203, 243, 221, 210, 223, 255, 162, 84, 167, 251,
       146, 125, 223, 247, 7, 203, 237, 103, 189, 130, 242, 146, 253,
       255, 4, 1, 106, 247, 127, 129, 105, 253, 17, 235, 245, 163, 222,
       1, 101, 112, 231, 186, 0, 185, 51, 56, 211, 201, 177, 230, 250,
       65, 104, 40, 188, 189, 36, 32, 162, 59, 35, 17, 19, 184, 146, 117,
       61, 36, 26, 74, 193, 0, 167, 187, 72, 180, 243, 126, 210, 224,
       177, 71, 184, 21, 104, 177, 60, 247, 40, 80, 39, 59, 163, 145, 19,
       90, 162, 101, 93, 166, 122, 201, 161, 64, 167, 251, 5, 47, 216,
       81, 180, 191, 103, 151, 126, 227, 110, 84, 147, 32, 211, 120, 19,
       110, 12, 28, 183, 248, 117, 42, 238, 207, 53, 116, 232, 248, 201,
       12, 69, 135, 95, 239, 246, 41, 239, 249, 236, 48, 251, 238, 251,
       235, 184, 115, 122, 206, 126, 238, 209, 243, 143, 253, 252, 169,
       175, 240, 61, 234, 241, 160, 133, 38, 205, 251, 108, 169, 233, 26,
       126, 83, 243, 246, 221, 203, 216, 107, 107, 128, 110, 156, 179,
       116, 111, 243, 220, 159, 243, 204, 237, 137, 97, 160, 69, 91, 251,
       213, 228, 137, 111, 178, 127, 234, 118, 108, 251, 231, 145, 125,
       62, 238, 126, 78, 193, 248, 35, 249, 126, 154, 119, 128, 79, 185,
       65, 249, 129, 166, 223, 243, 228, 168, 237, 23, 126, 83, 115, 244,
       189, 163, 208, 105, 103, 43, 126, 140, 179, 220, 103, 211, 204,
       251, 254, 192, 140, 192, 161, 169, 129, 174, 223, 249, 236, 171,
       109, 23, 254, 83, 246, 246, 189, 163, 208, 123, 103, 175, 126,
       156, 179, 253, 231, 211, 204, 187, 246, 128, 188, 216, 225, 169,
       9, 255, 191, 253, 236, 140, 125, 246, 191, 88, 254, 100, 188, 251,
       144, 51, 205, 99, 127, 76, 195, 233, 227, 245, 231, 187, 246, 128,
       72, 208, 227, 121, 248, 124, 150, 62, 153, 251, 84, 70, 147, 151,
       109, 29, 111, 237, 34, 153, 145, 123, 228, 0, 62, 239, 154, 191,
       203, 243, 85, 123, 242, 125, 206, 91, 193, 142, 223, 249, 172,
       169, 233, 150, 255, 83, 182, 244, 189, 163, 208, 107, 207, 99,
       126, 28, 179, 109, 103, 241, 204, 219, 255, 192, 140, 192, 225,
       41, 141, 117, 221, 229, 180, 14, 239, 184, 124, 232, 255, 100,
       217, 115, 153, 96, 126, 76, 126, 234, 233, 176, 125, 206, 236,
       255, 167, 132, 76, 243, 99, 145, 201, 170, 221, 249, 236, 172,
       105, 159, 255, 91, 118, 116, 191, 235, 240, 123, 231, 79, 126, 28,
       179, 109, 226, 243, 204, 251, 127, 236, 156, 200, 193, 169, 60,
       114, 186, 242, 109, 173, 81, 88, 59, 175, 181, 29, 31, 217, 75,
       27, 141, 217, 85, 20, 138, 103, 250, 128, 219, 223, 85, 59, 194,
       216, 70, 251, 197, 85, 123, 231, 116, 75, 111, 248, 61, 226, 123,
       234, 255, 119, 185, 64, 54, 253, 127, 234, 225, 176, 61, 238, 245,
       239, 39, 128, 101, 250, 37, 241, 141, 126, 69, 95, 48, 170, 103,
       188, 118, 206, 103, 244, 243, 224, 155, 93, 19, 108, 36, 110, 231,
       212, 175, 63, 46, 254, 37, 0, 120, 243, 72, 85, 99, 124, 97, 206,
       125, 27, 206, 236, 91, 232, 240, 110, 106, 56, 157, 164, 222, 237,
       247, 103, 237, 114, 253, 255, 54, 94, 129, 187, 95, 63, 90, 157,
       37, 103, 104, 69, 116, 91, 239, 56, 105, 236, 126, 237, 211, 108,
       151, 48, 24, 76, 196, 111, 205, 176, 237, 12, 102, 125, 37, 149,
       79, 254, 94, 245, 250, 61, 183, 190, 185, 205, 93, 119, 191, 206,
       244, 29, 174, 255, 39, 20, 207, 187, 255, 21, 59, 79, 114, 255,
       251, 215, 31, 187, 210, 124, 39, 123, 202, 181, 188, 242, 173,
       205, 177, 143, 191, 223, 147, 57, 206, 254, 94, 107, 231, 19, 255,
       17, 182, 109, 155, 243, 219, 219, 95, 255, 144, 68, 167, 87, 17,
       159, 104, 169, 148, 159, 230, 53, 68, 73, 222, 199, 179, 8, 178,
       96, 124, 130, 22, 237, 223, 184, 85, 29, 228, 45, 162, 192, 125,
       138, 248, 156, 210, 109, 126, 118, 34, 200, 183, 230, 184, 150,
       246, 185, 47, 174, 167, 19, 162, 243, 236, 66, 100, 205, 162, 110,
       242, 163, 126, 131, 97, 113, 47, 75, 5, 122, 249, 207, 180, 10,
       239, 152, 127, 238, 127, 228, 219, 101, 149, 116, 127, 108, 62,
       110, 193, 240, 237, 254, 108, 190, 39, 132, 207, 251, 81, 241, 28,
       85, 188, 175, 180, 70, 95, 184, 4, 110, 159, 3, 213, 119, 59, 64,
       84, 85, 29, 227, 104, 129, 121, 174, 233, 231, 175, 148, 52, 123,
       53, 83, 225, 191, 16, 177, 53, 143, 96, 23, 191, 233, 178, 93,
       135, 138, 66, 82, 128, 47, 108, 84, 110, 220, 208, 162, 172, 240,
       52, 112, 72, 12, 202, 31, 165, 94, 245, 69, 164, 63, 231, 186, 86,
       250, 62, 66, 211, 57, 149, 47, 31, 68, 54, 110, 233, 244, 125, 14,
       45, 206, 101, 132, 237, 249, 80, 225, 195, 57, 147, 180, 161, 220,
       48, 7, 239, 73, 106, 80, 190, 182, 100, 242, 164, 43, 110, 1, 23,
       137, 146, 99, 141, 180, 30, 74, 136, 0, 139, 61, 133, 15, 134, 31,
       168, 43, 70, 238, 94, 151, 75, 148, 199, 224, 235, 205, 83, 110,
       42, 30, 60, 212, 79, 34, 168, 50, 119, 77, 144, 123, 169, 4, 70,
       220, 252, 251, 45, 125, 248, 138, 191, 191, 179, 17, 236, 255, 95,
       91, 231, 119, 255, 147, 166, 69, 251, 242, 143, 255, 223, 183,
       214, 117, 45, 215, 80, 62, 158, 180, 42, 232, 53, 39, 184, 182,
       142, 57, 247, 252, 66, 123, 167, 119, 237, 1, 44, 73, 131, 40,
       219, 227, 125, 17, 32, 96, 143, 11, 84, 56, 31, 240, 50, 202, 48,
       66, 172, 140, 2, 32, 191, 215, 97, 112, 162, 61, 236, 80, 0, 201,
       162, 44, 217, 229, 43, 195, 160, 32, 37, 35, 206, 234, 215, 186,
       234, 225, 36, 206, 190, 154, 210, 243, 237, 231, 233, 207, 107,
       247, 239, 147, 114, 79, 143, 241, 156, 242, 255, 143, 166, 117,
       165, 41, 130, 165, 150, 215, 205, 224, 164, 207, 254, 155, 82, 18,
       40, 248, 116, 143, 161, 107, 99, 145, 54, 249, 138, 226, 45, 50,
       223, 67, 193, 116, 255, 142, 226, 182, 150, 30, 237, 176, 180,
       135, 217, 159, 248, 117, 172, 248, 108, 207, 207, 119, 234, 3, 54,
       239, 194, 225, 14, 50, 86, 11, 200, 76, 237, 143, 107, 233, 166,
       138, 93, 157, 240, 204, 239, 253, 184, 15, 42, 136, 86, 198, 232,
       199, 234, 85, 158, 43, 219, 245, 159, 28, 31, 123, 219, 14, 250,
       206, 2, 189, 151, 155, 237, 221, 182, 231, 159, 183, 76, 3, 172,
