%YAML:1.0
---
descriptors: !!opencv-matrix
   rows: 169
   cols: 32
   dt: u
   data: [ 60, 113, 176, 226, 13, 221, 82, 216, 227, 168, 181, 8, 30,
       217, 77, 18, 136, 144, 221, 82, 74, 35, 218, 160, 251, 217, 5, 63,
       99, 27, 78, 131, 200, 2, 253, 229, 32, 46, 105, 19, 104, 170, 118,
       16, 183, 51, 129, 123, 6, 36, 60, 24, 161, 220, 161, 72, 198, 251,
       114, 128, 128, 224, 67, 41, 1, 160, 21, 91, 200, 233, 33, 159,
       166, 55, 67, 80, 149, 214, 200, 236, 1, 30, 106, 24, 19, 220, 235,
       49, 13, 160, 55, 100, 144, 192, 133, 160, 131, 132, 239, 159, 98,
       26, 173, 55, 56, 199, 86, 148, 245, 38, 150, 127, 54, 231, 53,
       175, 241, 220, 53, 109, 100, 42, 250, 128, 37, 224, 129, 253, 232,
       40, 56, 113, 52, 203, 65, 7, 48, 45, 247, 56, 178, 17, 130, 19,
       200, 180, 68, 8, 56, 254, 225, 6, 199, 153, 48, 241, 66, 8, 70,
       107, 125, 148, 252, 87, 181, 90, 85, 191, 81, 239, 54, 58, 91, 60,
       154, 189, 25, 214, 212, 40, 253, 248, 109, 174, 107, 207, 117, 85,
       231, 236, 222, 111, 49, 143, 106, 173, 214, 34, 239, 121, 116, 68,
       250, 231, 115, 104, 178, 96, 120, 238, 6, 239, 236, 187, 5, 47,
       252, 175, 166, 192, 125, 170, 112, 200, 3, 162, 209, 241, 236, 45,
       249, 159, 10, 59, 48, 88, 188, 15, 216, 11, 143, 27, 87, 29, 147,
       120, 195, 241, 77, 152, 62, 236, 220, 200, 131, 169, 91, 31, 66,
       190, 178, 182, 110, 115, 180, 202, 218, 231, 105, 238, 179, 192,
       118, 231, 157, 175, 253, 155, 20, 238, 186, 46, 175, 128, 45, 246,
       185, 93, 221, 52, 189, 247, 168, 46, 89, 26, 58, 251, 55, 92, 223,
       119, 65, 123, 133, 119, 125, 24, 177, 64, 251, 34, 207, 235, 115,
       212, 136, 241, 35, 115, 240, 50, 190, 120, 168, 204, 81, 87, 235,
       31, 180, 56, 23, 147, 64, 27, 133, 147, 76, 16, 26, 111, 130, 16,
       219, 217, 112, 121, 224, 128, 198, 43, 51, 63, 106, 138, 118, 147,
       202, 248, 198, 200, 217, 231, 99, 200, 191, 128, 94, 234, 23, 127,
       206, 163, 76, 189, 56, 77, 173, 184, 125, 191, 120, 149, 218, 157,
       123, 216, 219, 208, 21, 103, 173, 21, 204, 179, 44, 190, 36, 116,
       226, 187, 139, 128, 82, 11, 34, 215, 243, 224, 154, 203, 53, 4,
       165, 191, 108, 117, 125, 103, 228, 110, 119, 184, 33, 200, 127,
       40, 215, 127, 137, 112, 146, 212, 125, 106, 73, 240, 249, 44, 231,
       253, 37, 132, 104, 243, 198, 51, 215, 86, 229, 149, 206, 50, 143,
       184, 210, 242, 159, 246, 208, 108, 223, 111, 127, 196, 122, 175,
       229, 103, 239, 200, 60, 42, 239, 148, 189, 255, 113, 117, 134, 4,
       175, 149, 199, 118, 189, 3, 189, 247, 199, 147, 204, 46, 63, 75,
       239, 87, 251, 165, 52, 213, 51, 192, 71, 50, 223, 135, 133, 117,
       181, 214, 108, 101, 29, 231, 201, 79, 71, 184, 115, 248, 173, 8,
       215, 119, 73, 48, 145, 144, 92, 106, 9, 66, 248, 28, 229, 217, 37,
       60, 80, 251, 70, 34, 194, 153, 191, 151, 169, 232, 189, 135, 190,
       255, 2, 177, 140, 182, 68, 79, 167, 119, 235, 145, 48, 205, 163,
       226, 141, 54, 94, 195, 128, 84, 133, 127, 73, 1, 183, 101, 37, 78,
       103, 48, 109, 226, 174, 8, 215, 113, 17, 230, 16, 68, 120, 106,
       73, 240, 241, 10, 231, 255, 69, 16, 66, 250, 68, 98, 85, 25, 158,
       254, 9, 173, 22, 9, 206, 26, 137, 4, 246, 242, 43, 105, 209, 51,
       108, 2, 15, 3, 122, 57, 209, 183, 107, 26, 152, 123, 1, 7, 16,
       144, 158, 188, 138, 224, 53, 207, 188, 19, 98, 51, 124, 255, 42,
       90, 231, 83, 123, 144, 54, 205, 18, 97, 217, 163, 94, 75, 176, 80,
       165, 154, 118, 35, 232, 160, 159, 83, 18, 137, 131, 244, 129, 171,
       195, 172, 83, 27, 89, 237, 249, 243, 78, 75, 239, 144, 186, 65,
       141, 255, 165, 110, 30, 70, 252, 88, 118, 236, 109, 92, 80, 120,
       161, 140, 247, 9, 75, 221, 39, 91, 200, 245, 237, 98, 76, 103,
       210, 140, 211, 251, 65, 27, 114, 174, 110, 67, 71, 162, 249, 225,
       228, 45, 249, 159, 43, 251, 49, 89, 156, 31, 92, 59, 151, 151,
       127, 61, 147, 100, 201, 208, 79, 24, 125, 246, 204, 192, 195, 49,
       248, 201, 71, 237, 6, 2, 111, 165, 100, 0, 226, 2, 115, 35, 16,
       83, 112, 228, 40, 234, 104, 151, 21, 45, 241, 235, 196, 0, 35,
       186, 244, 40, 57, 180, 237, 87, 181, 126, 85, 191, 83, 255, 127,
       26, 123, 125, 218, 175, 17, 206, 180, 29, 189, 248, 255, 165, 75,
       107, 117, 69, 231, 236, 220, 127, 253, 65, 1, 76, 93, 31, 71, 56,
       85, 200, 225, 76, 242, 97, 29, 181, 88, 228, 104, 106, 233, 35,
       123, 28, 33, 250, 65, 60, 91, 187, 82, 36, 189, 4, 253, 247, 229,
       127, 77, 154, 81, 178, 117, 24, 91, 109, 95, 27, 217, 202, 21, 62,
       168, 246, 121, 186, 79, 219, 213, 53, 243, 249, 80, 226, 45, 177,
       236, 119, 213, 95, 84, 187, 83, 251, 55, 30, 91, 125, 94, 43, 153,
       78, 49, 28, 250, 248, 249, 128, 79, 219, 213, 101, 231, 236, 208,
       114, 56, 185, 57, 120, 91, 205, 81, 246, 239, 29, 236, 8, 62, 155,
       32, 16, 169, 187, 71, 64, 74, 43, 18, 117, 115, 221, 16, 62, 83,
       8, 102, 171, 150, 78, 101, 186, 175, 55, 158, 200, 142, 254, 146,
       179, 205, 110, 31, 203, 255, 213, 253, 247, 236, 71, 111, 208,
       145, 195, 239, 151, 183, 127, 53, 119, 1, 159, 62, 124, 52, 188,
       249, 55, 237, 73, 126, 84, 190, 169, 54, 97, 164, 34, 23, 12, 147,
       185, 48, 237, 79, 253, 50, 192, 72, 136, 217, 249, 6, 141, 174,
       183, 229, 106, 189, 135, 60, 183, 90, 147, 140, 62, 86, 75, 227,
       71, 187, 145, 52, 216, 163, 226, 77, 119, 222, 199, 132, 93, 149,
       202, 182, 251, 99, 154, 255, 225, 158, 216, 159, 93, 185, 239, 72,
       205, 255, 140, 127, 203, 135, 247, 210, 35, 174, 241, 56, 20, 143,
       254, 215, 255, 247, 245, 41, 140, 27, 105, 213, 239, 99, 55, 108,
       1, 110, 8, 247, 51, 16, 48, 177, 38, 114, 12, 17, 184, 49, 63,
       239, 239, 32, 64, 202, 130, 194, 170, 134, 214, 63, 159, 44, 34,
       189, 120, 188, 30, 211, 247, 236, 103, 174, 75, 247, 103, 235,
       166, 96, 197, 43, 255, 68, 50, 250, 131, 16, 71, 37, 243, 209,
       197, 11, 175, 149, 134, 78, 165, 20, 97, 203, 2, 113, 119, 56,
       224, 120, 238, 27, 207, 253, 155, 57, 191, 249, 237, 142, 64, 59,
       90, 176, 56, 208, 186, 155, 248, 40, 173, 81, 82, 170, 27, 160,
       93, 151, 147, 64, 27, 133, 147, 76, 16, 10, 79, 146, 17, 217, 193,
       114, 120, 192, 0, 7, 11, 49, 205, 11, 206, 29, 199, 66, 226, 198,
       0, 200, 2, 51, 193, 48, 96, 120, 170, 26, 206, 75, 171, 88, 61,
       177, 172, 130, 24, 57, 10, 112, 170, 34, 141, 26, 170, 212, 167,
       146, 195, 150, 9, 73, 3, 100, 235, 34, 64, 217, 42, 2, 16, 22,
       186, 88, 191, 171, 134, 130, 67, 152, 74, 184, 134, 249, 133, 83,
       238, 85, 66, 70, 111, 21, 2, 235, 19, 99, 235, 40, 213, 120, 174,
       4, 174, 124, 179, 1, 143, 179, 239, 128, 1, 51, 238, 240, 10, 108,
       68, 25, 105, 25, 79, 67, 8, 116, 128, 227, 8, 211, 19, 9, 240,
       216, 220, 104, 106, 73, 162, 121, 12, 229, 255, 0, 20, 80, 59, 70,
       34, 229, 97, 233, 69, 92, 15, 231, 168, 90, 160, 235, 8, 211, 56,
       93, 114, 216, 204, 114, 122, 104, 114, 249, 10, 109, 168, 133, 36,
       65, 123, 82, 160, 221, 5, 45, 173, 20, 15, 79, 56, 84, 106, 154,
       64, 215, 33, 25, 97, 20, 132, 93, 111, 233, 165, 125, 30, 225,
       239, 163, 84, 120, 171, 81, 48, 165, 189, 241, 68, 212, 111, 71,
       255, 83, 234, 124, 8, 114, 113, 213, 52, 89, 202, 2, 122, 233, 50,
       120, 30, 109, 156, 5, 44, 219, 250, 194, 168, 84, 152, 157, 191,
       138, 192, 29, 174, 54, 23, 227, 177, 245, 247, 40, 90, 99, 211,
       61, 146, 58, 74, 203, 33, 201, 227, 126, 201, 176, 80, 165, 59,
       35, 181, 103, 85, 245, 191, 232, 87, 125, 97, 90, 86, 216, 24,
       148, 164, 124, 46, 114, 29, 151, 248, 117, 207, 44, 62, 149, 66,
       207, 204, 248, 188, 81, 113, 88, 5, 35, 26, 54, 248, 109, 136,
       124, 108, 239, 82, 143, 244, 182, 133, 204, 111, 197, 49, 157,
       200, 178, 249, 2, 134, 104, 54, 43, 13, 248, 32, 153, 48, 45, 205,
       81, 71, 227, 81, 164, 24, 63, 147, 64, 186, 128, 130, 92, 8, 15,
