%YAML:1.0
---
descriptors: !!opencv-matrix
   rows: 306
   cols: 32
   dt: u
   data: [ 168, 204, 158, 190, 85, 238, 86, 250, 222, 146, 236, 0, 254,
       243, 43, 81, 89, 242, 162, 42, 106, 231, 26, 63, 251, 231, 103,
       21, 82, 121, 41, 10, 60, 206, 238, 87, 193, 54, 102, 249, 112,
       178, 239, 80, 115, 227, 253, 255, 89, 254, 162, 42, 232, 246, 94,
       42, 127, 207, 231, 5, 227, 251, 234, 162, 206, 12, 166, 183, 141,
       116, 180, 71, 191, 191, 155, 17, 236, 184, 87, 139, 161, 55, 251,
       129, 52, 221, 11, 211, 149, 82, 223, 131, 128, 116, 191, 6, 213,
       12, 253, 231, 182, 43, 111, 184, 125, 226, 255, 194, 255, 111,
       153, 120, 118, 238, 127, 110, 169, 240, 109, 234, 244, 255, 231,
       144, 172, 251, 81, 49, 44, 114, 252, 116, 237, 29, 85, 216, 251,
       255, 180, 29, 63, 221, 79, 26, 141, 236, 199, 94, 206, 118, 250,
       128, 87, 223, 117, 63, 226, 248, 70, 251, 237, 183, 245, 231, 244,
       10, 111, 185, 125, 242, 187, 252, 219, 107, 220, 247, 95, 197,
       126, 190, 249, 246, 237, 206, 190, 250, 231, 196, 206, 242, 226,
       53, 149, 204, 111, 247, 180, 15, 239, 252, 61, 42, 246, 82, 255,
       107, 153, 97, 123, 197, 95, 234, 233, 180, 125, 255, 245, 255,
       239, 132, 101, 177, 225, 40, 114, 227, 82, 206, 254, 155, 238,
       253, 63, 9, 249, 238, 106, 203, 140, 148, 126, 223, 199, 242, 218,
       187, 77, 255, 190, 188, 39, 198, 103, 142, 239, 173, 219, 223,
       199, 165, 98, 18, 108, 182, 57, 250, 82, 247, 125, 38, 145, 247,
       38, 197, 125, 239, 229, 221, 165, 207, 180, 106, 254, 132, 47,
       244, 33, 93, 162, 239, 86, 207, 127, 155, 182, 237, 93, 168, 248,
       42, 104, 216, 180, 164, 250, 251, 198, 99, 230, 187, 72, 255, 60,
       28, 135, 179, 85, 26, 223, 143, 1, 79, 223, 229, 102, 139, 239,
       119, 108, 162, 250, 230, 63, 163, 177, 114, 110, 238, 126, 76,
       193, 189, 165, 238, 244, 239, 191, 128, 61, 250, 209, 168, 105,
       172, 180, 53, 173, 109, 85, 67, 251, 187, 184, 24, 158, 176, 64,
       187, 161, 23, 108, 16, 22, 107, 227, 0, 159, 223, 116, 127, 194,
       64, 199, 43, 162, 205, 14, 175, 93, 195, 182, 236, 158, 164, 248,
       3, 100, 232, 55, 0, 248, 237, 107, 231, 100, 187, 75, 255, 53, 54,
       143, 59, 85, 62, 125, 202, 22, 181, 218, 229, 237, 47, 254, 255,
       61, 130, 250, 10, 207, 239, 13, 64, 255, 251, 127, 160, 24, 179,
       217, 210, 247, 223, 143, 156, 225, 122, 231, 146, 145, 223, 63,
       245, 52, 143, 113, 55, 236, 136, 122, 0, 183, 51, 32, 97, 166, 51,
       76, 8, 160, 185, 49, 45, 233, 233, 54, 64, 0, 8, 133, 43, 80, 171,
       94, 112, 11, 201, 16, 199, 175, 53, 168, 40, 46, 179, 69, 26, 163,
       179, 237, 0, 2, 75, 130, 117, 219, 208, 81, 123, 65, 0, 39, 43,
       120, 249, 147, 224, 185, 205, 82, 198, 171, 185, 172, 8, 159, 159,
       65, 144, 130, 249, 221, 80, 90, 43, 210, 176, 251, 213, 5, 127,
       210, 48, 7, 27, 85, 207, 79, 229, 254, 43, 111, 248, 100, 224,
       254, 238, 211, 225, 177, 99, 126, 204, 110, 238, 137, 179, 237,
       252, 252, 233, 167, 220, 45, 251, 99, 160, 253, 93, 253, 87, 149,
       126, 215, 183, 82, 230, 62, 10, 83, 125, 23, 35, 25, 116, 120,
       106, 233, 240, 121, 46, 251, 175, 101, 20, 195, 251, 212, 114, 37,
       78, 201, 229, 252, 11, 239, 182, 111, 226, 254, 230, 223, 43, 145,
       96, 126, 237, 95, 239, 201, 190, 229, 238, 252, 221, 175, 128,
       237, 243, 98, 169, 61, 119, 104, 6, 93, 91, 79, 248, 65, 230, 189,
       175, 67, 108, 223, 182, 92, 196, 196, 110, 204, 34, 109, 170, 250,
       93, 133, 189, 119, 255, 94, 244, 5, 124, 176, 69, 229, 63, 230,
       154, 121, 234, 106, 76, 222, 56, 23, 188, 153, 76, 98, 126, 161,
       180, 249, 106, 47, 62, 69, 6, 202, 121, 67, 167, 100, 168, 156,
       81, 205, 205, 148, 142, 218, 179, 32, 8, 166, 241, 65, 26, 129,
       90, 106, 16, 2, 105, 218, 49, 141, 150, 85, 127, 208, 120, 75,
       138, 98, 233, 254, 190, 237, 141, 92, 204, 251, 157, 176, 13, 238,
       232, 127, 26, 203, 235, 127, 85, 142, 107, 218, 241, 219, 223, 87,
       59, 216, 126, 75, 202, 133, 106, 223, 251, 110, 169, 233, 220,
       254, 243, 114, 246, 217, 203, 217, 123, 111, 72, 126, 222, 163,
       244, 239, 242, 204, 139, 247, 196, 172, 153, 65, 177, 123, 189,
       156, 250, 169, 253, 92, 175, 187, 123, 180, 24, 175, 250, 70, 255,
       195, 243, 252, 16, 63, 75, 218, 241, 187, 219, 95, 123, 154, 85,
       203, 15, 38, 171, 151, 254, 248, 203, 191, 233, 191, 183, 241,
       137, 236, 231, 40, 82, 221, 243, 111, 226, 56, 107, 202, 255, 253,
       150, 207, 189, 208, 106, 167, 162, 228, 117, 221, 101, 160, 74,
       79, 189, 48, 170, 114, 120, 211, 7, 129, 19, 18, 220, 68, 106,
       105, 244, 217, 10, 229, 251, 101, 132, 104, 240, 66, 49, 142, 204,
       150, 159, 223, 211, 178, 232, 191, 52, 223, 35, 108, 254, 43, 194,
       251, 255, 171, 211, 102, 255, 202, 239, 127, 54, 207, 75, 23, 63,
       61, 206, 76, 156, 237, 247, 168, 111, 125, 159, 190, 123, 126,
       117, 243, 125, 27, 123, 165, 215, 127, 17, 176, 220, 123, 33, 207,
       235, 253, 212, 160, 88, 213, 123, 158, 52, 151, 183, 171, 99, 188,
       203, 191, 155, 179, 115, 206, 247, 73, 207, 239, 215, 255, 144,
       57, 205, 219, 194, 141, 242, 223, 215, 130, 101, 165, 51, 183,
       116, 110, 55, 53, 123, 254, 232, 125, 222, 243, 63, 74, 250, 63,
       141, 249, 205, 206, 231, 236, 231, 127, 238, 178, 251, 207, 159,
       79, 125, 111, 215, 143, 10, 130, 153, 81, 180, 56, 66, 31, 79, 70,
       151, 172, 202, 55, 205, 213, 43, 147, 213, 54, 220, 23, 242, 6,
       119, 154, 203, 158, 5, 57, 222, 244, 94, 252, 95, 75, 46, 61, 152,
       59, 182, 36, 157, 79, 103, 71, 95, 55, 212, 233, 106, 32, 85, 185,
       106, 83, 162, 65, 53, 227, 241, 7, 114, 108, 172, 188, 95, 233,
       253, 149, 143, 154, 59, 44, 24, 190, 245, 77, 27, 129, 114, 235,
       24, 50, 105, 218, 49, 79, 159, 85, 121, 210, 120, 207, 170, 1,
       205, 95, 73, 180, 155, 238, 53, 108, 72, 122, 68, 191, 24, 180,
       225, 234, 43, 22, 109, 247, 184, 52, 125, 38, 217, 34, 192, 92,
       138, 233, 141, 79, 223, 55, 206, 249, 31, 127, 248, 31, 236, 223,
       238, 206, 231, 171, 212, 255, 245, 239, 110, 225, 51, 57, 254,
       191, 118, 39, 180, 10, 255, 5, 117, 188, 229, 109, 103, 138, 91,
       71, 172, 80, 246, 238, 169, 227, 229, 219, 19, 24, 206, 232, 98,
       124, 212, 239, 42, 230, 193, 197, 53, 103, 251, 214, 194, 160,
       158, 28, 30, 232, 41, 21, 255, 158, 118, 228, 189, 182, 55, 34,
       25, 143, 90, 195, 2, 102, 79, 74, 63, 242, 147, 112, 59, 88, 88,
       143, 219, 183, 245, 121, 78, 93, 95, 222, 232, 83, 232, 249, 10,
       122, 124, 156, 180, 220, 221, 87, 227, 233, 115, 249, 255, 51, 95,
       37, 190, 93, 187, 86, 244, 141, 237, 103, 31, 160, 123, 111, 188,
       119, 198, 111, 148, 251, 228, 155, 245, 23, 110, 164, 110, 237,
       212, 63, 63, 110, 255, 101, 4, 118, 247, 212, 124, 45, 93, 113,
       67, 245, 223, 103, 176, 117, 236, 126, 12, 251, 69, 151, 52, 248,
       250, 198, 126, 201, 176, 121, 190, 239, 221, 5, 0, 98, 159, 70,
       250, 199, 247, 165, 18, 171, 245, 63, 191, 191, 127, 28, 253, 236,
       246, 206, 47, 135, 95, 253, 23, 247, 77, 174, 243, 232, 86, 127,
       254, 142, 85, 143, 127, 208, 244, 191, 112, 137, 236, 21, 7, 251,
       159, 165, 24, 150, 182, 196, 127, 129, 183, 108, 0, 58, 79, 178,
       67, 153, 210, 86, 123, 192, 64, 135, 38, 32, 175, 120, 95, 90,
       137, 83, 250, 86, 36, 108, 40, 51, 225, 163, 20, 31, 186, 66, 72,
       34, 56, 106, 63, 109, 143, 33, 41, 113, 138, 78, 171, 125, 150,
       111, 110, 176, 126, 91, 184, 113, 79, 191, 253, 91, 125, 158, 246,
       183, 212, 253, 110, 189, 161, 45, 175, 251, 255, 33, 212, 239,
       247, 206, 113, 17, 239, 223, 231, 86, 139, 239, 119, 100, 224,
       250, 230, 255, 99, 144, 96, 126, 238, 62, 140, 193, 184, 37, 239,
       244, 173, 166, 128, 45, 250, 225, 169, 95, 220, 236, 119, 186, 63,
       191, 191, 63, 255, 223, 246, 255, 126, 159, 239, 63, 215, 253,
