%YAML:1.0
---
descriptors: !!opencv-matrix
   rows: 123
   cols: 32
   dt: u
   data: [ 2, 185, 190, 28, 75, 220, 184, 103, 171, 92, 68, 173, 44, 158,
       102, 22, 166, 59, 243, 129, 70, 89, 178, 241, 95, 81, 90, 171, 18,
       4, 15, 223, 32, 47, 123, 68, 116, 223, 99, 99, 105, 164, 110, 8,
       51, 173, 53, 48, 120, 190, 66, 8, 72, 186, 228, 12, 119, 253, 0,
       9, 97, 234, 70, 168, 88, 172, 26, 124, 25, 140, 81, 103, 191, 5,
       230, 9, 175, 131, 34, 80, 160, 170, 77, 8, 10, 15, 146, 127, 211,
       253, 16, 25, 18, 0, 102, 106, 118, 105, 23, 188, 11, 194, 22, 96,
       137, 128, 192, 11, 38, 210, 33, 87, 226, 253, 106, 99, 76, 67,
       130, 237, 177, 176, 79, 59, 16, 62, 37, 6, 245, 109, 237, 110,
       204, 79, 199, 252, 83, 242, 164, 10, 83, 125, 93, 59, 89, 196,
       112, 106, 233, 103, 255, 58, 121, 138, 197, 60, 113, 251, 214,
       224, 214, 172, 150, 147, 149, 32, 38, 134, 59, 147, 194, 19, 164,
       162, 76, 206, 225, 207, 168, 145, 62, 221, 139, 226, 189, 54, 222,
       71, 128, 93, 185, 14, 137, 134, 196, 155, 218, 169, 40, 191, 62,
       51, 70, 245, 185, 98, 136, 212, 87, 11, 42, 156, 51, 220, 207, 87,
       12, 135, 254, 228, 188, 132, 137, 152, 33, 171, 170, 53, 244, 173,
       233, 23, 94, 237, 122, 205, 179, 168, 214, 0, 137, 46, 103, 29,
       150, 248, 230, 16, 76, 29, 53, 224, 196, 200, 210, 201, 213, 219,
       110, 175, 54, 2, 79, 184, 100, 224, 215, 231, 113, 107, 155, 97,
       126, 229, 125, 239, 237, 145, 13, 109, 240, 171, 239, 128, 45,
       179, 57, 25, 198, 237, 144, 190, 159, 161, 190, 172, 187, 178, 0,
       27, 236, 234, 92, 199, 167, 123, 121, 211, 114, 76, 206, 243, 173,
       86, 207, 251, 132, 119, 131, 4, 2, 130, 132, 153, 248, 169, 168,
       143, 158, 19, 80, 245, 173, 167, 232, 200, 207, 27, 171, 148, 50,
       92, 67, 247, 12, 22, 254, 232, 156, 136, 129, 185, 245, 73, 71,
       204, 13, 18, 70, 104, 229, 130, 242, 66, 67, 104, 181, 247, 104,
       196, 108, 238, 109, 231, 101, 204, 178, 170, 199, 22, 103, 187,
       112, 4, 164, 140, 190, 254, 253, 187, 22, 234, 223, 131, 249, 25,
       238, 249, 36, 73, 211, 123, 239, 34, 48, 103, 74, 191, 235, 255,
       87, 59, 210, 251, 137, 131, 119, 79, 229, 230, 116, 2, 206, 172,
       83, 162, 187, 203, 83, 104, 157, 33, 95, 196, 117, 239, 232, 227,
       205, 190, 56, 46, 229, 148, 109, 251, 210, 32, 154, 185, 178, 156,
       67, 213, 184, 103, 191, 69, 68, 179, 44, 158, 102, 132, 166, 59,
       179, 129, 86, 221, 146, 251, 23, 85, 26, 171, 3, 4, 175, 223, 32,
       12, 123, 108, 85, 233, 225, 67, 101, 1, 109, 8, 51, 189, 52, 48,
       248, 186, 66, 8, 10, 186, 112, 15, 87, 253, 0, 9, 65, 138, 102,
       170, 98, 233, 19, 172, 73, 193, 70, 228, 137, 128, 200, 9, 38,
       210, 33, 86, 232, 249, 106, 65, 74, 11, 130, 253, 181, 52, 15, 59,
       16, 58, 39, 142, 240, 233, 122, 108, 88, 141, 214, 228, 200, 136,
       244, 9, 50, 217, 39, 16, 200, 249, 70, 64, 72, 43, 210, 63, 115,
       141, 4, 57, 81, 56, 110, 138, 168, 185, 248, 96, 253, 221, 240,
       205, 74, 53, 116, 27, 59, 153, 100, 128, 136, 155, 130, 80, 22,
       58, 210, 177, 95, 201, 37, 111, 209, 10, 206, 138, 143, 253, 54,
       217, 237, 181, 190, 222, 143, 90, 156, 103, 172, 222, 247, 239,
       239, 91, 223, 215, 199, 15, 186, 241, 39, 89, 142, 174, 158, 223,
       185, 223, 8, 189, 159, 188, 211, 228, 61, 247, 190, 211, 76, 17,
       188, 247, 34, 123, 167, 123, 179, 129, 115, 218, 18, 111, 253,
       183, 94, 74, 136, 96, 167, 251, 37, 207, 185, 95, 248, 47, 239,
       191, 126, 235, 126, 100, 210, 103, 153, 252, 221, 110, 38, 76,
       209, 184, 105, 50, 44, 191, 117, 84, 218, 242, 202, 185, 248, 89,
       23, 236, 29, 210, 86, 100, 197, 0, 234, 0, 98, 149, 32, 214, 200,
       244, 236, 98, 76, 171, 16, 141, 243, 241, 128, 27, 50, 46, 116,
       10, 2, 190, 161, 26, 121, 237, 19, 156, 154, 93, 25, 233, 236,
       246, 76, 52, 149, 123, 247, 81, 130, 0, 234, 119, 77, 20, 45, 251,
       210, 71, 7, 247, 196, 0, 159, 183, 140, 40, 32, 3, 186, 147, 99,
       80, 213, 227, 65, 203, 97, 119, 106, 16, 48, 244, 139, 64, 141,
       163, 123, 4, 128, 97, 161, 32, 244, 104, 215, 36, 75, 104, 68, 0,
       233, 226, 162, 8, 19, 50, 69, 30, 40, 197, 104, 226, 9, 103, 210,
       64, 145, 176, 65, 57, 225, 113, 98, 2, 196, 40, 209, 209, 230,
       105, 169, 130, 42, 243, 34, 88, 148, 23, 81, 59, 43, 21, 90, 25,
       51, 124, 209, 64, 141, 16, 95, 116, 196, 81, 7, 160, 0, 206, 25,
       251, 48, 143, 71, 190, 86, 13, 70, 32, 183, 195, 160, 96, 85, 58,
       14, 72, 106, 152, 99, 63, 236, 143, 48, 176, 48, 152, 132, 41,
       250, 90, 255, 252, 46, 14, 93, 48, 169, 158, 182, 254, 127, 63,
       133, 91, 230, 245, 253, 234, 233, 71, 227, 200, 211, 251, 246,
       152, 47, 241, 102, 113, 9, 187, 187, 55, 180, 143, 227, 119, 126,
       205, 106, 77, 182, 185, 18, 0, 180, 46, 66, 29, 150, 184, 16, 47,
       237, 173, 52, 64, 72, 10, 211, 203, 198, 236, 148, 151, 213, 160,
       38, 135, 186, 179, 131, 19, 228, 226, 76, 206, 225, 239, 42, 147,
       118, 92, 203, 227, 188, 54, 223, 99, 128, 115, 169, 142, 118, 103,
       237, 239, 156, 3, 206, 173, 83, 162, 250, 202, 83, 105, 157, 16,
       89, 206, 53, 239, 249, 242, 207, 191, 168, 46, 237, 148, 109, 251,
       242, 0, 62, 240, 182, 190, 105, 31, 154, 232, 159, 248, 241, 169,
       78, 255, 47, 145, 223, 221, 247, 102, 12, 195, 202, 217, 251, 219,
       77, 191, 210, 47, 46, 211, 229, 74, 199, 212, 76, 90, 236, 32,
       233, 162, 242, 98, 195, 40, 149, 251, 106, 228, 110, 235, 109,
       247, 229, 200, 20, 58, 226, 144, 101, 113, 112, 4, 10, 162, 196,
       153, 232, 169, 169, 143, 30, 49, 1, 221, 157, 2, 200, 200, 15, 11,
       107, 156, 19, 88, 207, 209, 12, 18, 222, 252, 156, 136, 137, 152,
       252, 74, 199, 69, 78, 122, 229, 88, 244, 226, 246, 234, 83, 160,
       149, 239, 104, 228, 110, 106, 233, 247, 239, 8, 20, 35, 231, 149,
       109, 249, 118, 177, 245, 237, 173, 100, 141, 79, 199, 252, 66,
       242, 168, 10, 115, 121, 81, 35, 89, 230, 120, 110, 249, 107, 255,
       42, 185, 143, 197, 60, 121, 250, 210, 104, 180, 196, 188, 122,
       141, 109, 83, 200, 215, 31, 165, 24, 83, 209, 121, 57, 89, 208,
       94, 122, 58, 39, 106, 51, 219, 139, 97, 125, 241, 123, 118, 34,
       99, 164, 6, 132, 95, 61, 184, 99, 137, 83, 89, 223, 12, 172, 126,
       135, 173, 143, 243, 165, 149, 123, 150, 197, 22, 56, 202, 235,
       207, 76, 187, 214, 16, 93, 71, 237, 18, 66, 79, 54, 5, 0, 218,
       226, 243, 55, 161, 100, 122, 180, 30, 232, 105, 152, 69, 46, 160,
       166, 162, 128, 61, 186, 32, 56, 206, 189, 121, 243, 237, 253, 255,
       210, 169, 94, 188, 17, 188, 255, 95, 114, 239, 219, 223, 211, 211,
       34, 250, 226, 215, 217, 14, 111, 210, 87, 39, 251, 98, 189, 172,
       148, 219, 229, 148, 231, 139, 55, 136, 27, 44, 188, 102, 2, 205,
       243, 219, 129, 54, 107, 210, 235, 121, 22, 222, 59, 209, 92, 191,
       94, 94, 139, 145, 190, 153, 244, 22, 131, 174, 13, 138, 9, 175,
       254, 65, 210, 192, 243, 237, 81, 30, 11, 202, 177, 185, 245, 142,
       91, 176, 71, 173, 71, 85, 68, 249, 231, 36, 82, 111, 184, 100,
       234, 219, 194, 211, 111, 153, 98, 118, 228, 60, 239, 201, 148,
       253, 40, 240, 239, 235, 132, 45, 243, 112, 49, 88, 217, 157, 231,
       168, 66, 21, 188, 38, 189, 138, 33, 255, 55, 8, 90, 0, 85, 109,
       192, 88, 201, 235, 33, 233, 167, 126, 148, 160, 51, 165, 123, 11,
       157, 22, 217, 181, 182, 90, 55, 255, 1, 206, 36, 170, 50, 166,
       244, 193, 178, 158, 152, 191, 137, 113, 223, 170, 255, 150, 83,
       154, 196, 248, 15, 27, 157, 82, 217, 51, 159, 120, 55, 63, 1, 78,
       246, 172, 18, 166, 228, 54, 187, 158, 136, 150, 152, 53, 223, 170,
       255, 18, 195, 58, 132, 169, 13, 68, 178, 157, 161, 160, 47, 113,
       25, 59, 185, 51, 124, 223, 27, 72, 26, 151, 157, 125, 49, 144, 80,
       217, 82, 205, 215, 45, 244, 200, 98, 135, 35, 40, 44, 51, 109, 85,
