%YAML:1.0
---
descriptors: !!opencv-matrix
   rows: 61
   cols: 32
   dt: u
   data: [ 166, 56, 144, 144, 93, 237, 146, 200, 159, 179, 177, 27, 142,
       156, 101, 156, 153, 153, 219, 17, 50, 39, 88, 246, 153, 150, 27,
       127, 210, 13, 79, 134, 162, 105, 34, 156, 77, 157, 180, 68, 204,
       80, 208, 11, 172, 156, 53, 143, 200, 41, 211, 71, 228, 39, 210,
       233, 53, 48, 218, 43, 85, 28, 127, 222, 48, 169, 70, 169, 222,
       129, 174, 239, 164, 0, 248, 3, 40, 138, 52, 64, 104, 171, 75, 229,
       82, 171, 3, 221, 60, 0, 138, 76, 117, 10, 225, 138, 71, 243, 228,
       0, 251, 21, 158, 141, 235, 249, 157, 237, 200, 108, 222, 190, 135,
       197, 253, 215, 151, 66, 239, 240, 46, 88, 13, 255, 207, 183, 203,
       85, 34, 141, 50, 155, 85, 247, 186, 194, 94, 1, 88, 3, 172, 252,
       52, 132, 217, 59, 147, 147, 18, 186, 88, 255, 45, 20, 138, 107,
       151, 79, 125, 158, 42, 173, 82, 158, 85, 211, 186, 105, 23, 196,
       237, 3, 108, 238, 34, 196, 249, 59, 131, 128, 70, 186, 58, 223,
       123, 215, 139, 11, 87, 110, 108, 230, 27, 217, 98, 204, 118, 146,
       233, 119, 69, 72, 214, 230, 57, 139, 182, 96, 110, 169, 23, 205,
       203, 187, 36, 221, 114, 105, 170, 136, 63, 140, 113, 185, 34, 203,
       2, 138, 85, 149, 186, 103, 15, 5, 72, 135, 44, 202, 54, 212, 216,
       171, 131, 197, 70, 186, 4, 255, 52, 20, 138, 107, 21, 14, 59, 206,
       49, 143, 107, 238, 30, 131, 79, 240, 196, 64, 216, 226, 113, 225,
       177, 96, 122, 234, 30, 238, 201, 171, 44, 191, 240, 173, 167, 136,
       61, 187, 112, 168, 19, 15, 75, 174, 150, 130, 239, 242, 148, 192,
       218, 198, 113, 239, 176, 64, 126, 235, 23, 239, 217, 155, 12, 239,
       248, 172, 174, 128, 61, 227, 176, 184, 2, 140, 18, 155, 85, 245,
       186, 230, 30, 5, 88, 3, 172, 186, 38, 196, 217, 59, 147, 129, 54,
       152, 16, 255, 45, 54, 154, 67, 146, 76, 189, 206, 60, 65, 82, 236,
       85, 66, 114, 120, 69, 4, 247, 3, 65, 137, 41, 192, 120, 140, 138,
       234, 76, 179, 17, 142, 119, 237, 162, 5, 51, 191, 124, 130, 131,
       165, 123, 91, 87, 213, 185, 103, 253, 65, 86, 147, 57, 156, 54,
       37, 174, 59, 147, 133, 247, 189, 52, 255, 39, 89, 26, 66, 111,
       132, 179, 220, 6, 4, 2, 155, 149, 227, 160, 73, 30, 3, 75, 18,
       196, 234, 41, 72, 217, 43, 35, 147, 22, 144, 11, 220, 5, 54, 218,
       75, 148, 75, 181, 134, 210, 205, 2, 140, 157, 128, 70, 231, 133,
       2, 154, 11, 43, 130, 32, 65, 232, 228, 79, 227, 104, 15, 128, 255,
       176, 160, 138, 57, 53, 56, 240, 10, 91, 25, 246, 69, 34, 94, 125,
       54, 105, 200, 94, 160, 57, 63, 150, 118, 38, 244, 253, 200, 193,
       249, 183, 200, 70, 127, 100, 130, 174, 244, 100, 125, 99, 77, 227,
       68, 197, 116, 190, 71, 169, 206, 254, 131, 40, 174, 247, 190, 236,
       231, 179, 141, 196, 139, 182, 234, 51, 60, 222, 139, 135, 116,
       118, 254, 42, 185, 224, 16, 201, 217, 208, 71, 75, 229, 188, 173,
       10, 156, 86, 180, 137, 190, 215, 17, 158, 106, 242, 146, 31, 85,
       21, 123, 195, 12, 222, 223, 155, 78, 99, 188, 118, 131, 233, 119,
       181, 64, 214, 246, 57, 143, 176, 97, 110, 169, 23, 173, 233, 191,
       36, 223, 176, 233, 170, 136, 63, 136, 96, 249, 10, 137, 20, 155,
       213, 215, 176, 167, 31, 5, 94, 3, 236, 254, 34, 196, 217, 59, 179,
       1, 86, 152, 91, 253, 13, 118, 218, 67, 22, 12, 61, 206, 55, 63,
       110, 168, 62, 163, 203, 218, 4, 204, 220, 239, 35, 72, 179, 0,
       126, 170, 31, 125, 174, 163, 79, 188, 240, 77, 169, 152, 253, 223,
       112, 197, 17, 135, 67, 193, 150, 170, 232, 91, 100, 97, 90, 246,
       25, 43, 184, 64, 127, 143, 22, 188, 147, 184, 5, 213, 30, 172,
       178, 196, 189, 200, 241, 129, 42, 133, 114, 136, 85, 151, 248,
       111, 31, 1, 252, 3, 45, 138, 62, 68, 250, 137, 147, 161, 6, 171,
       16, 223, 63, 213, 154, 73, 27, 14, 41, 142, 26, 192, 107, 222, 87,
       211, 251, 101, 221, 77, 94, 34, 121, 223, 190, 96, 122, 170, 151,
       137, 10, 187, 32, 223, 243, 237, 162, 193, 55, 10, 117, 235, 89,
       195, 125, 239, 162, 0, 111, 189, 44, 91, 119, 246, 253, 103, 152,
       115, 118, 199, 61, 238, 211, 4, 175, 117, 244, 235, 98, 196, 44,
       146, 161, 113, 189, 27, 110, 9, 182, 155, 234, 112, 84, 232, 214,
       230, 211, 8, 183, 161, 126, 168, 22, 127, 189, 184, 69, 156, 172,
       75, 161, 208, 125, 175, 88, 149, 131, 139, 85, 233, 150, 137, 237,
       183, 14, 113, 82, 214, 157, 10, 176, 96, 103, 131, 31, 157, 211,
       152, 37, 245, 44, 136, 190, 196, 61, 128, 161, 184, 151, 120, 235,
       177, 230, 38, 187, 208, 186, 254, 82, 183, 25, 204, 247, 43, 127,
       109, 55, 223, 180, 247, 182, 224, 92, 9, 235, 228, 141, 245, 55,
       241, 42, 92, 114, 217, 117, 247, 186, 71, 127, 15, 124, 19, 44,
       158, 39, 212, 251, 59, 131, 129, 166, 186, 48, 255, 39, 127, 154,
       3, 211, 76, 237, 207, 40, 146, 42, 170, 93, 151, 218, 88, 215, 13,
       245, 71, 72, 203, 62, 64, 216, 169, 130, 177, 138, 167, 26, 215,
       83, 221, 131, 111, 83, 14, 124, 146, 10, 129, 16, 155, 93, 245,
       178, 36, 15, 5, 95, 3, 236, 254, 46, 196, 208, 59, 179, 81, 22,
       152, 91, 245, 15, 116, 154, 75, 18, 15, 61, 206, 35, 189, 227, 64,
       243, 215, 187, 215, 123, 192, 124, 166, 40, 252, 247, 180, 62,
       123, 147, 221, 151, 186, 180, 238, 62, 28, 143, 234, 207, 246,
       107, 253, 2, 220, 144, 155, 85, 245, 178, 206, 30, 7, 88, 19, 172,
       222, 38, 192, 217, 59, 147, 17, 6, 188, 82, 247, 15, 22, 154, 67,
       148, 28, 61, 206, 52, 76, 210, 220, 205, 34, 236, 103, 185, 130,
       248, 10, 40, 163, 37, 155, 248, 229, 102, 162, 104, 243, 130, 200,
       55, 42, 215, 11, 225, 120, 226, 138, 6, 1, 130, 139, 221, 227,
       162, 72, 14, 129, 89, 3, 196, 234, 41, 76, 216, 123, 35, 211, 18,
       146, 91, 240, 13, 52, 139, 79, 144, 127, 181, 134, 15, 149, 123,
       171, 182, 163, 59, 122, 13, 101, 95, 162, 93, 63, 170, 96, 246,
       19, 23, 253, 146, 152, 45, 220, 239, 217, 171, 196, 180, 139, 37,
       113, 54, 69, 66, 160, 85, 6, 70, 96, 1, 32, 250, 3, 67, 10, 37,
       84, 248, 140, 6, 226, 72, 179, 17, 140, 177, 220, 130, 7, 101, 58,
       112, 134, 128, 29, 31, 240, 202, 233, 180, 230, 140, 18, 176, 58,
       44, 191, 37, 43, 171, 179, 226, 131, 112, 47, 34, 255, 253, 195,
       90, 75, 81, 72, 37, 171, 28, 149, 71, 193, 180, 166, 107, 114, 53,
       73, 219, 118, 81, 119, 184, 228, 127, 150, 31, 184, 185, 145, 57,
       222, 253, 174, 163, 196, 190, 195, 240, 49, 10, 25, 190, 141, 109,
       150, 184, 55, 141, 73, 222, 103, 236, 62, 39, 230, 230, 55, 191,
       1, 148, 153, 83, 253, 39, 119, 218, 131, 158, 14, 57, 159, 30,
       157, 172, 191, 151, 246, 126, 175, 31, 207, 94, 7, 108, 126, 62,
       224, 247, 219, 181, 213, 182, 216, 57, 255, 171, 119, 159, 199,
       158, 86, 173, 95, 35, 249, 226, 76, 83, 212, 186, 231, 75, 193,
       124, 134, 40, 156, 246, 164, 254, 123, 147, 221, 135, 186, 180,
       237, 62, 28, 142, 235, 71, 134, 127, 253, 38, 105, 146, 142, 221,
       229, 182, 196, 142, 0, 216, 3, 172, 242, 101, 196, 216, 123, 131,
       209, 6, 11, 202, 248, 53, 20, 143, 43, 144, 127, 61, 142, 62, 67,
       226, 140, 220, 80, 206, 76, 199, 196, 252, 171, 35, 236, 119, 198,
       88, 232, 131, 245, 76, 163, 38, 136, 50, 69, 143, 153, 247, 254,
       124, 212, 24, 71, 126, 225, 162, 139, 61, 103, 236, 132, 54, 163,
       109, 15, 170, 65, 103, 51, 175, 48, 96, 157, 39, 220, 250, 195,
       126, 195, 55, 136, 37, 41, 5, 157, 87, 192, 244, 230, 107, 210,
       53, 201, 90, 102, 80, 183, 176, 228, 127, 244, 30, 254, 177, 145,
       49, 238, 61, 46, 163, 196, 190, 235, 112, 49, 14, 220, 176, 215,
       149, 119, 182, 239, 31, 231, 156, 19, 236, 124, 46, 164, 253, 91,
       147, 145, 22, 248, 121, 231, 47, 87, 223, 7, 215, 124, 157, 222,
       2, 217, 183, 155, 125, 199, 187, 204, 143, 93, 120, 3, 164, 220,
       60, 68, 204, 27, 19, 209, 86, 184, 122, 241, 45, 88, 158, 66, 209,
       31, 229, 255, 36, 91, 19, 248, 180, 133, 234, 80, 223, 9, 218,
