%YAML:1.0
---
descriptors: !!opencv-matrix
   rows: 200
   cols: 32
   dt: u
   data: [ 64, 152, 29, 250, 139, 204, 17, 183, 174, 25, 160, 24, 190,
       147, 64, 90, 167, 19, 104, 16, 18, 77, 146, 117, 217, 243, 82,
       122, 152, 0, 135, 43, 45, 113, 48, 69, 117, 31, 230, 184, 109,
       232, 126, 76, 222, 88, 31, 180, 148, 76, 84, 110, 197, 176, 121,
       12, 39, 253, 5, 20, 74, 63, 91, 133, 88, 168, 255, 80, 235, 216,
       117, 231, 186, 55, 36, 56, 63, 183, 192, 63, 35, 247, 228, 16,
       114, 105, 162, 117, 91, 227, 116, 107, 227, 0, 199, 235, 124, 241,
       64, 98, 19, 143, 82, 212, 39, 160, 168, 205, 19, 83, 1, 144, 252,
       217, 197, 114, 78, 146, 88, 60, 251, 197, 37, 117, 107, 26, 138,
       27, 93, 158, 126, 103, 178, 122, 95, 190, 113, 206, 190, 244, 123,
       127, 146, 112, 55, 246, 253, 40, 189, 141, 109, 47, 234, 239, 37,
       209, 239, 247, 238, 121, 208, 89, 62, 244, 34, 206, 53, 182, 236,
       138, 166, 32, 183, 183, 33, 99, 166, 119, 124, 64, 96, 141, 50,
       47, 241, 227, 122, 19, 32, 24, 37, 59, 29, 79, 123, 239, 116, 6,
       111, 248, 117, 200, 127, 102, 115, 195, 185, 112, 126, 236, 30,
       238, 201, 145, 41, 191, 244, 173, 167, 128, 60, 187, 112, 33, 133,
       6, 150, 187, 164, 171, 68, 203, 223, 131, 67, 80, 199, 226, 233,
       205, 211, 110, 44, 30, 60, 244, 78, 2, 136, 182, 85, 4, 144, 233,
       168, 132, 127, 111, 230, 158, 125, 191, 118, 232, 255, 230, 191,
       15, 110, 232, 55, 214, 251, 231, 239, 231, 172, 99, 239, 255, 190,
       126, 199, 59, 151, 255, 126, 78, 198, 253, 135, 159, 203, 99, 191,
       238, 158, 183, 136, 179, 204, 254, 109, 75, 217, 127, 251, 195,
       114, 79, 219, 243, 45, 50, 223, 191, 148, 127, 181, 218, 143, 165,
       215, 215, 252, 126, 236, 255, 127, 211, 254, 82, 216, 126, 156,
       189, 123, 198, 126, 168, 181, 255, 125, 238, 63, 154, 215, 196,
       199, 240, 234, 164, 172, 227, 224, 42, 95, 25, 151, 200, 82, 125,
       113, 143, 105, 200, 95, 0, 31, 201, 195, 103, 206, 114, 238, 179,
       126, 77, 45, 189, 119, 63, 94, 199, 29, 79, 103, 79, 116, 18, 111,
       248, 117, 64, 251, 230, 89, 99, 189, 244, 126, 236, 22, 238, 233,
       176, 45, 237, 54, 236, 163, 128, 111, 179, 96, 161, 77, 125, 24,
       69, 112, 30, 118, 184, 109, 168, 110, 68, 222, 51, 141, 244, 150,
       76, 76, 106, 193, 176, 121, 76, 38, 253, 37, 6, 74, 178, 75, 5,
       127, 117, 233, 102, 141, 85, 223, 248, 131, 230, 141, 143, 75, 92,
       95, 54, 220, 212, 221, 231, 204, 3, 253, 136, 123, 89, 141, 191,
       103, 255, 86, 118, 71, 148, 254, 151, 230, 63, 236, 255, 127, 243,
       250, 95, 72, 232, 190, 235, 127, 207, 126, 157, 245, 255, 125,
       238, 62, 62, 87, 68, 253, 252, 249, 220, 55, 227, 34, 138, 93,
       159, 186, 232, 207, 236, 217, 15, 74, 200, 63, 196, 252, 237, 219,
       231, 206, 163, 223, 221, 182, 125, 139, 187, 95, 62, 123, 198, 13,
       113, 17, 229, 49, 15, 103, 188, 45, 168, 106, 76, 222, 83, 9, 148,
       148, 85, 76, 106, 65, 176, 81, 78, 229, 252, 5, 4, 74, 49, 3, 35,
       60, 48, 184, 240, 61, 253, 81, 90, 235, 253, 164, 28, 31, 221, 66,
       58, 141, 153, 221, 24, 10, 103, 242, 144, 219, 221, 21, 123, 210,
       13, 71, 243, 246, 116, 215, 174, 43, 75, 86, 236, 63, 162, 187,
       171, 207, 254, 9, 211, 255, 221, 255, 227, 104, 71, 201, 222, 185,
       214, 79, 191, 37, 126, 39, 27, 58, 125, 107, 239, 246, 195, 191,
       246, 22, 232, 252, 239, 185, 255, 245, 32, 126, 251, 151, 195,
       203, 186, 248, 191, 255, 197, 175, 169, 125, 123, 118, 187, 237,
       104, 254, 251, 77, 109, 97, 200, 255, 187, 245, 26, 222, 219, 121,
       123, 233, 204, 126, 154, 34, 119, 235, 242, 95, 187, 243, 125,
       147, 57, 115, 162, 252, 107, 222, 254, 110, 65, 252, 220, 191,
       146, 181, 42, 255, 223, 73, 59, 106, 213, 239, 226, 72, 103, 203,
       224, 247, 241, 207, 63, 99, 187, 238, 35, 98, 255, 233, 189, 252,
       201, 255, 255, 31, 109, 248, 239, 175, 237, 214, 16, 223, 235,
       247, 197, 203, 58, 231, 247, 254, 119, 190, 169, 85, 220, 214,
       251, 237, 244, 237, 69, 236, 78, 111, 191, 82, 251, 31, 84, 211,
       53, 217, 111, 81, 68, 124, 47, 249, 244, 253, 10, 109, 63, 229,
       180, 174, 248, 208, 113, 48, 227, 88, 99, 80, 143, 86, 252, 33,
       168, 252, 9, 51, 83, 10, 16, 92, 216, 71, 98, 88, 186, 72, 63,
       254, 205, 37, 245, 105, 154, 202, 139, 29, 95, 123, 239, 182, 135,
       127, 248, 84, 232, 255, 102, 87, 115, 169, 96, 126, 237, 31, 238,
       201, 179, 41, 63, 243, 237, 39, 132, 120, 187, 225, 49, 88, 234,
       247, 124, 11, 249, 81, 230, 163, 21, 172, 40, 43, 231, 68, 30,
       167, 243, 237, 0, 2, 75, 162, 117, 91, 243, 84, 123, 98, 128, 103,
       107, 84, 161, 136, 164, 184, 32, 78, 137, 163, 161, 136, 201, 199,
       226, 75, 82, 147, 207, 108, 87, 30, 67, 206, 18, 186, 229, 13, 61,
       160, 242, 138, 2, 245, 44, 149, 49, 173, 237, 69, 135, 251, 243,
       32, 24, 158, 184, 65, 191, 129, 102, 104, 16, 55, 117, 186, 34,
       157, 218, 85, 118, 192, 125, 199, 102, 98, 255, 253, 185, 252,
       217, 221, 191, 239, 125, 248, 253, 175, 236, 214, 80, 207, 175,
       239, 5, 254, 107, 231, 247, 254, 127, 54, 249, 84, 220, 215, 221,
       200, 222, 255, 253, 238, 169, 125, 215, 190, 191, 246, 178, 189,
       167, 226, 91, 111, 191, 239, 152, 178, 255, 167, 211, 220, 235,
       118, 128, 183, 216, 165, 249, 246, 60, 212, 174, 207, 111, 86,
       232, 59, 178, 177, 8, 206, 250, 77, 155, 251, 213, 255, 114, 57,
       99, 219, 250, 189, 223, 207, 62, 248, 115, 106, 3, 137, 190, 254,
       191, 236, 185, 252, 119, 190, 83, 118, 183, 189, 175, 146, 73,
       111, 43, 255, 149, 247, 220, 71, 211, 238, 219, 254, 193, 142,
       196, 169, 217, 141, 186, 223, 249, 172, 249, 237, 159, 254, 255,
       182, 112, 189, 247, 210, 239, 107, 118, 254, 152, 179, 237, 227,
       241, 205, 219, 255, 208, 198, 193, 229, 241, 75, 190, 158, 219,
       172, 188, 121, 155, 255, 91, 188, 52, 190, 243, 194, 254, 135,
       170, 126, 28, 183, 77, 251, 243, 142, 223, 119, 250, 138, 196,
       235, 93, 39, 165, 253, 223, 236, 127, 236, 239, 127, 251, 250, 82,
       216, 126, 156, 59, 249, 206, 118, 152, 183, 250, 127, 234, 63,
       190, 247, 196, 205, 248, 234, 180, 41, 168, 177, 93, 21, 254, 97,
       3, 127, 161, 99, 24, 242, 177, 84, 188, 217, 46, 104, 24, 27, 248,
       251, 147, 143, 254, 81, 80, 202, 8, 210, 166, 194, 188, 158, 176,
       153, 228, 53, 167, 186, 63, 6, 29, 172, 183, 74, 91, 129, 95, 233,
       16, 50, 77, 154, 115, 217, 147, 95, 111, 128, 64, 135, 122, 172,
       252, 189, 91, 201, 253, 181, 191, 218, 55, 44, 24, 190, 245, 69,
       63, 129, 122, 226, 0, 163, 108, 250, 115, 111, 18, 85, 59, 210,
       120, 199, 226, 45, 99, 104, 5, 116, 31, 231, 184, 108, 236, 126,
       77, 203, 8, 151, 180, 148, 76, 70, 111, 197, 176, 109, 12, 102,
       125, 37, 132, 78, 191, 90, 245, 161, 244, 189, 81, 236, 125, 181,
       190, 123, 251, 36, 24, 156, 53, 204, 191, 135, 94, 226, 24, 243,
       124, 249, 114, 111, 26, 85, 102, 194, 216, 199, 253, 92, 29, 94,
       164, 178, 122, 62, 176, 161, 176, 10, 226, 93, 115, 1, 243, 38,
       247, 252, 242, 21, 209, 141, 108, 250, 225, 111, 199, 168, 243,
       171, 19, 164, 28, 183, 213, 237, 111, 101, 219, 63, 255, 254, 90,
       222, 247, 173, 255, 249, 222, 110, 8, 49, 255, 249, 250, 159, 190,
       87, 52, 146, 249, 214, 225, 120, 233, 252, 122, 137, 221, 93, 222,
       163, 49, 164, 24, 63, 247, 74, 26, 1, 214, 253, 216, 26, 75, 218,
       49, 219, 251, 85, 125, 162, 144, 202, 42, 212, 208, 157, 126, 137,
       105, 85, 168, 246, 51, 167, 24, 215, 119, 73, 123, 129, 212, 104,
       98, 43, 69, 251, 51, 217, 227, 85, 116, 240, 113, 134, 50, 49,
       135, 106, 169, 180, 143, 235, 119, 68, 13, 222, 199, 19, 40, 178,
       64, 124, 138, 23, 253, 220, 186, 69, 29, 252, 13, 170, 192, 125,
       138, 248, 201, 21, 134, 146, 27, 176, 46, 70, 143, 126, 171, 235,
