%YAML:1.0
---
descriptors: !!opencv-matrix
   rows: 193
   cols: 32
   dt: u
   data: [ 37, 99, 228, 69, 244, 27, 231, 216, 119, 160, 254, 72, 195,
       105, 221, 52, 24, 204, 70, 126, 136, 242, 109, 28, 46, 152, 101,
       20, 195, 187, 90, 132, 88, 175, 22, 191, 153, 202, 102, 167, 190,
       148, 138, 0, 239, 227, 0, 211, 99, 103, 108, 194, 107, 201, 139,
       63, 168, 231, 239, 16, 40, 112, 141, 8, 56, 30, 235, 253, 86, 167,
       83, 118, 23, 111, 254, 51, 51, 183, 34, 112, 125, 190, 23, 128,
       190, 190, 113, 63, 243, 239, 176, 129, 179, 200, 116, 219, 201,
       109, 172, 37, 172, 30, 109, 63, 122, 234, 174, 93, 179, 40, 211,
       115, 129, 230, 125, 45, 237, 92, 245, 10, 238, 127, 229, 180, 200,
       244, 219, 88, 144, 42, 253, 117, 18, 234, 177, 23, 118, 53, 230,
       178, 179, 5, 0, 75, 47, 55, 234, 16, 56, 252, 117, 29, 205, 163,
       114, 81, 225, 136, 69, 106, 249, 172, 28, 50, 137, 157, 84, 255,
       243, 27, 164, 29, 63, 251, 66, 155, 161, 131, 108, 20, 62, 111,
       154, 55, 218, 219, 85, 125, 234, 4, 202, 2, 252, 46, 173, 182,
       141, 105, 80, 143, 147, 255, 129, 153, 167, 237, 81, 155, 201,
       247, 253, 21, 62, 79, 202, 162, 219, 195, 253, 249, 162, 124, 150,
       90, 232, 172, 184, 116, 248, 105, 81, 15, 19, 191, 172, 56, 182,
       179, 64, 18, 129, 190, 109, 16, 58, 110, 195, 19, 223, 135, 53,
       125, 224, 104, 70, 43, 252, 119, 84, 37, 234, 27, 22, 253, 1, 162,
       185, 239, 75, 41, 203, 147, 222, 213, 196, 98, 108, 115, 201, 42,
       242, 193, 101, 55, 111, 255, 142, 147, 100, 113, 189, 109, 172,
       111, 87, 188, 80, 238, 255, 76, 211, 125, 25, 57, 220, 92, 125,
       106, 201, 114, 249, 44, 229, 191, 101, 52, 208, 251, 214, 115,
       120, 160, 87, 90, 202, 232, 65, 23, 162, 23, 160, 24, 55, 151, 72,
       125, 37, 150, 204, 136, 27, 75, 162, 17, 211, 227, 112, 120, 160,
       192, 166, 122, 217, 156, 30, 254, 177, 236, 113, 55, 189, 91, 102,
       20, 191, 255, 32, 121, 165, 63, 253, 0, 51, 205, 146, 53, 195,
       251, 114, 74, 10, 0, 171, 59, 198, 186, 156, 152, 40, 173, 9, 194,
       174, 31, 128, 125, 172, 210, 68, 95, 135, 51, 107, 149, 18, 79,
       138, 113, 153, 18, 91, 250, 152, 1, 3, 117, 29, 77, 111, 223, 20,
       150, 235, 112, 196, 192, 223, 66, 121, 243, 176, 100, 120, 228,
       62, 234, 201, 153, 61, 239, 243, 175, 170, 192, 55, 187, 113, 36,
       230, 105, 144, 250, 237, 77, 94, 205, 143, 150, 177, 9, 142, 216,
       125, 223, 201, 89, 207, 115, 78, 103, 90, 240, 187, 216, 199, 63,
       146, 127, 254, 134, 6, 200, 18, 184, 237, 165, 250, 200, 175, 25,
       176, 17, 140, 202, 109, 204, 249, 209, 223, 243, 26, 39, 26, 241,
       153, 216, 139, 79, 209, 25, 115, 134, 2, 128, 22, 155, 117, 168,
       184, 65, 173, 17, 115, 18, 236, 202, 44, 64, 227, 43, 43, 17, 18,
       189, 138, 229, 133, 52, 26, 74, 20, 10, 161, 134, 139, 158, 228,
       219, 230, 189, 232, 223, 63, 115, 114, 247, 173, 238, 252, 205,
       111, 171, 183, 156, 179, 252, 79, 243, 12, 218, 254, 226, 255,
       204, 193, 181, 236, 240, 245, 118, 109, 77, 117, 248, 203, 186,
       177, 24, 250, 221, 93, 63, 141, 208, 119, 74, 194, 118, 234, 241,
       31, 218, 117, 190, 82, 255, 86, 171, 130, 8, 18, 147, 117, 137,
       184, 39, 173, 1, 114, 17, 172, 138, 52, 72, 234, 43, 127, 129, 2,
       184, 66, 231, 133, 16, 154, 131, 4, 0, 161, 142, 49, 141, 78, 174,
       148, 195, 78, 251, 132, 64, 255, 3, 115, 243, 178, 64, 120, 234,
       31, 238, 88, 187, 76, 191, 250, 175, 167, 65, 61, 142, 248, 202,
       60, 77, 94, 255, 20, 199, 111, 112, 149, 0, 255, 2, 115, 241, 33,
       96, 120, 250, 23, 234, 40, 185, 24, 191, 107, 239, 163, 65, 51,
       139, 116, 138, 222, 126, 230, 212, 103, 118, 254, 82, 233, 206,
       214, 163, 8, 174, 183, 255, 230, 245, 253, 231, 172, 213, 164,
       234, 19, 127, 202, 131, 167, 245, 127, 87, 137, 180, 188, 241,
       244, 189, 189, 191, 127, 127, 52, 61, 158, 61, 218, 40, 135, 27,
       255, 25, 182, 120, 251, 215, 239, 223, 117, 247, 214, 136, 143,
       251, 5, 127, 17, 7, 244, 14, 103, 184, 124, 236, 123, 76, 247, 96,
       159, 20, 148, 108, 68, 110, 197, 176, 121, 46, 36, 62, 37, 132,
       72, 251, 83, 213, 88, 187, 31, 114, 186, 204, 81, 180, 162, 61,
       190, 108, 255, 151, 192, 219, 38, 247, 237, 88, 91, 73, 171, 53,
       251, 227, 116, 216, 34, 130, 134, 123, 250, 212, 118, 161, 135,
       121, 116, 207, 127, 119, 246, 59, 47, 60, 38, 239, 235, 151, 255,
       161, 46, 255, 85, 241, 147, 243, 90, 55, 175, 92, 175, 222, 192,
       61, 31, 117, 169, 203, 53, 39, 249, 216, 34, 56, 190, 55, 0, 59,
       128, 119, 104, 80, 49, 233, 179, 108, 175, 219, 84, 19, 194, 64,
       135, 43, 254, 255, 193, 167, 75, 14, 86, 184, 17, 162, 171, 237,
       203, 108, 73, 151, 158, 213, 224, 102, 237, 242, 221, 170, 164,
       210, 69, 54, 111, 255, 74, 148, 101, 113, 19, 196, 124, 15, 107,
       88, 109, 168, 255, 72, 219, 211, 185, 244, 124, 140, 126, 234,
       137, 179, 241, 220, 149, 252, 163, 60, 26, 171, 114, 161, 60, 77,
       126, 254, 29, 199, 91, 112, 197, 0, 239, 2, 115, 219, 53, 64, 120,
       240, 27, 234, 72, 169, 27, 189, 115, 239, 130, 1, 51, 171, 116,
       162, 29, 90, 82, 239, 82, 130, 126, 112, 53, 194, 119, 199, 93,
       195, 163, 84, 118, 237, 23, 238, 193, 146, 12, 236, 246, 239, 227,
       128, 47, 183, 41, 145, 18, 249, 58, 190, 27, 197, 145, 231, 175,
       93, 240, 41, 174, 158, 38, 16, 236, 187, 223, 193, 86, 11, 178,
       245, 187, 213, 30, 123, 80, 16, 167, 95, 108, 101, 153, 109, 152,
       47, 71, 184, 82, 170, 37, 8, 215, 115, 65, 25, 145, 204, 104, 106,
       104, 112, 217, 56, 229, 223, 101, 60, 208, 251, 194, 32, 116, 97,
       184, 68, 13, 91, 87, 104, 67, 180, 173, 10, 66, 217, 69, 54, 152,
       212, 192, 98, 72, 99, 251, 152, 59, 221, 5, 63, 83, 59, 70, 166,
       198, 191, 149, 90, 153, 100, 9, 143, 178, 63, 164, 16, 208, 247,
       76, 255, 197, 87, 233, 144, 58, 79, 251, 115, 25, 34, 223, 124,
       144, 65, 167, 114, 214, 62, 230, 208, 199, 246, 184, 66, 185, 214,
       215, 183, 8, 190, 119, 191, 167, 245, 183, 151, 180, 215, 182,
       226, 27, 122, 207, 203, 167, 101, 47, 215, 1, 205, 17, 251, 236,
       201, 111, 188, 94, 51, 73, 0, 183, 99, 216, 96, 83, 74, 34, 74,
       83, 56, 111, 55, 236, 134, 54, 108, 16, 219, 133, 168, 192, 140,
       159, 181, 16, 174, 105, 39, 188, 23, 98, 21, 183, 39, 16, 91, 129,
       55, 105, 12, 56, 252, 83, 7, 205, 182, 80, 80, 192, 8, 129, 58,
       76, 116, 149, 101, 12, 47, 135, 184, 110, 162, 171, 76, 215, 113,
       73, 10, 153, 68, 104, 122, 73, 225, 219, 40, 205, 142, 103, 20,
       200, 123, 65, 50, 53, 182, 185, 107, 186, 235, 194, 222, 86, 41,
       249, 236, 211, 104, 216, 32, 157, 202, 78, 49, 159, 58, 205, 55,
       172, 198, 37, 252, 249, 91, 194, 181, 108, 4, 191, 117, 144, 110,
       117, 23, 52, 167, 239, 16, 211, 55, 72, 91, 81, 86, 107, 56, 56,
       241, 241, 2, 239, 175, 117, 85, 192, 232, 228, 98, 252, 225, 240,
       238, 77, 93, 86, 232, 195, 180, 181, 9, 235, 249, 125, 147, 216,
       208, 197, 98, 124, 99, 218, 184, 235, 217, 197, 61, 115, 191, 94,
       130, 88, 176, 254, 254, 139, 252, 81, 87, 175, 81, 239, 2, 126,
       255, 110, 122, 163, 179, 253, 144, 27, 11, 186, 225, 219, 255, 84,
       75, 227, 66, 175, 58, 64, 241, 185, 65, 148, 78, 103, 191, 106,
       53, 174, 0, 179, 55, 72, 112, 81, 222, 104, 24, 18, 56, 241, 101,
       237, 141, 54, 100, 192, 210, 230, 106, 68, 92, 149, 127, 40, 111,
       65, 154, 191, 62, 166, 24, 247, 119, 9, 127, 129, 212, 108, 10,
       41, 101, 123, 49, 193, 250, 81, 28, 208, 113, 69, 114, 120, 59,
       245, 100, 41, 221, 81, 80, 227, 124, 180, 40, 123, 213, 197, 54,
       134, 180, 236, 64, 139, 99, 242, 1, 211, 249, 97, 187, 98, 130,
       70, 119, 88, 177, 251, 74, 219, 244, 83, 89, 239, 65, 109, 10, 62,
       255, 108, 112, 182, 155, 243, 16, 27, 35, 186, 241, 91, 253, 0,
