%YAML:1.0
---
descriptors: !!opencv-matrix
   rows: 118
   cols: 32
   dt: u
   data: [ 10, 132, 172, 187, 153, 164, 56, 15, 190, 31, 64, 21, 172,
       239, 106, 72, 197, 27, 171, 149, 50, 92, 211, 119, 205, 183, 218,
       73, 144, 64, 173, 218, 253, 96, 233, 66, 204, 7, 207, 216, 82,
       242, 181, 10, 83, 81, 221, 59, 89, 204, 124, 254, 233, 103, 255,
       56, 251, 137, 229, 60, 245, 251, 86, 224, 61, 77, 122, 238, 86,
       151, 254, 248, 85, 128, 254, 2, 115, 249, 189, 224, 120, 236, 151,
       234, 201, 179, 44, 190, 115, 239, 165, 129, 119, 187, 120, 130,
       55, 79, 99, 206, 244, 146, 239, 240, 117, 192, 223, 198, 113, 236,
       181, 228, 126, 236, 23, 239, 237, 179, 60, 238, 56, 46, 175, 128,
       39, 191, 112, 228, 3, 175, 18, 249, 244, 131, 173, 231, 254, 9,
       88, 98, 188, 170, 240, 224, 239, 43, 23, 141, 83, 187, 2, 247, 44,
       156, 190, 194, 20, 136, 161, 169, 165, 255, 105, 238, 254, 15,
       239, 252, 87, 234, 253, 238, 243, 249, 252, 35, 127, 236, 87, 239,
       225, 115, 110, 254, 126, 207, 231, 172, 253, 251, 240, 177, 173,
       77, 249, 101, 212, 78, 111, 57, 117, 166, 126, 8, 211, 55, 145,
       48, 91, 220, 102, 106, 233, 176, 121, 14, 111, 239, 37, 4, 99,
       250, 70, 232, 200, 141, 183, 251, 173, 237, 117, 167, 255, 59,
       110, 16, 190, 249, 96, 123, 129, 98, 106, 28, 50, 121, 219, 177,
       239, 251, 84, 75, 210, 88, 193, 42, 207, 232, 191, 255, 237, 156,
       125, 156, 255, 218, 39, 16, 253, 251, 93, 123, 197, 107, 127, 74,
       227, 69, 187, 243, 207, 219, 215, 42, 146, 241, 97, 170, 160, 123,
       248, 95, 238, 153, 150, 245, 218, 150, 48, 239, 166, 200, 197, 3,
       142, 123, 198, 67, 194, 106, 206, 233, 102, 16, 101, 187, 92, 249,
       207, 157, 2, 145, 151, 223, 75, 192, 177, 109, 174, 81, 107, 48,
       236, 246, 40, 234, 167, 27, 187, 128, 19, 201, 155, 213, 141, 178,
       90, 75, 144, 2, 165, 187, 42, 172, 234, 90, 213, 181, 251, 95, 83,
       9, 125, 10, 56, 249, 116, 36, 121, 170, 147, 153, 146, 186, 174,
       243, 95, 13, 145, 105, 215, 202, 254, 170, 115, 207, 103, 174,
       150, 6, 111, 252, 4, 132, 218, 231, 115, 97, 178, 65, 126, 228,
       31, 239, 232, 155, 13, 189, 240, 42, 175, 128, 61, 190, 240, 104,
       26, 207, 67, 238, 178, 195, 110, 231, 36, 0, 218, 162, 97, 231,
       160, 228, 126, 251, 159, 226, 89, 155, 13, 255, 184, 230, 174,
       193, 55, 226, 180, 56, 10, 128, 140, 187, 185, 165, 57, 15, 30,
       29, 68, 17, 180, 179, 42, 73, 193, 11, 187, 149, 50, 220, 83, 55,
       205, 247, 186, 75, 152, 0, 173, 154, 38, 162, 216, 179, 236, 169,
       184, 203, 139, 53, 177, 187, 140, 142, 76, 10, 143, 27, 239, 17,
       18, 106, 202, 209, 140, 16, 27, 127, 212, 72, 135, 130, 21, 205,
       106, 175, 150, 131, 238, 253, 68, 64, 218, 198, 115, 104, 186, 96,
       126, 234, 22, 239, 221, 184, 13, 191, 124, 45, 175, 192, 125, 154,
       249, 157, 88, 217, 123, 239, 48, 206, 111, 180, 52, 76, 126, 68,
       247, 23, 128, 112, 54, 252, 95, 106, 201, 176, 49, 47, 247, 237,
       32, 128, 96, 179, 71, 121, 172, 123, 216, 191, 238, 137, 182, 244,
       94, 134, 112, 239, 173, 233, 199, 1, 14, 123, 135, 67, 194, 120,
       222, 169, 100, 1, 111, 170, 125, 253, 155, 153, 53, 205, 78, 111,
       150, 19, 238, 253, 68, 64, 250, 198, 115, 120, 190, 96, 122, 238,
       22, 239, 221, 187, 13, 61, 120, 172, 167, 192, 125, 186, 248, 156,
       217, 93, 87, 228, 2, 78, 71, 176, 165, 224, 198, 0, 87, 55, 1,
       119, 98, 244, 124, 106, 105, 217, 49, 44, 241, 235, 100, 0, 42,
       177, 32, 56, 26, 255, 97, 171, 179, 143, 191, 246, 63, 101, 90,
       199, 237, 111, 16, 132, 55, 107, 157, 223, 194, 152, 29, 255, 236,
       86, 143, 224, 55, 215, 149, 249, 124, 244, 121, 105, 61, 79, 87,
       184, 83, 248, 177, 72, 219, 93, 73, 177, 217, 220, 93, 106, 105,
       102, 249, 31, 251, 221, 33, 60, 115, 187, 70, 51, 227, 83, 38, 12,
       79, 23, 166, 104, 196, 250, 242, 239, 96, 200, 191, 199, 120, 228,
       234, 231, 229, 231, 31, 93, 48, 34, 67, 30, 89, 63, 122, 148, 46,
       60, 146, 184, 85, 230, 178, 66, 31, 135, 88, 3, 140, 222, 99, 200,
       217, 57, 131, 17, 4, 182, 80, 202, 149, 214, 158, 43, 151, 126,
       61, 158, 162, 170, 250, 90, 245, 177, 178, 207, 95, 15, 116, 58,
       32, 216, 246, 44, 217, 58, 131, 17, 146, 62, 170, 243, 31, 30,
       147, 235, 213, 76, 254, 175, 66, 52, 59, 250, 203, 225, 180, 199,
       189, 15, 144, 178, 172, 255, 41, 105, 231, 179, 219, 129, 114, 11,
       2, 243, 177, 84, 30, 187, 144, 80, 167, 171, 197, 180, 157, 241,
       176, 46, 49, 183, 58, 187, 3, 84, 214, 51, 72, 123, 181, 23, 124,
       48, 51, 220, 145, 70, 205, 150, 119, 70, 136, 64, 131, 51, 205,
       49, 29, 101, 32, 14, 113, 48, 105, 8, 119, 72, 215, 19, 1, 19,
       148, 21, 76, 106, 1, 176, 49, 8, 199, 249, 96, 4, 64, 163, 66,
       163, 10, 188, 158, 249, 169, 237, 52, 199, 191, 31, 172, 16, 174,
       187, 96, 26, 161, 115, 235, 16, 50, 109, 146, 243, 207, 215, 86,
       123, 146, 64, 175, 139, 250, 217, 111, 254, 47, 86, 93, 229, 185,
       94, 182, 187, 122, 127, 38, 243, 238, 245, 253, 231, 109, 103,
       187, 237, 243, 251, 207, 155, 103, 60, 126, 127, 150, 188, 190,
       191, 186, 243, 62, 232, 190, 246, 158, 179, 253, 254, 43, 67, 183,
       119, 253, 243, 118, 197, 171, 127, 234, 231, 111, 215, 164, 114,
       173, 83, 72, 219, 187, 124, 171, 200, 53, 247, 173, 13, 110, 40,
       46, 183, 32, 116, 166, 119, 237, 64, 82, 169, 162, 97, 243, 245,
       52, 75, 194, 82, 167, 107, 1, 166, 17, 249, 124, 9, 161, 175, 94,
       53, 56, 56, 151, 33, 200, 32, 3, 10, 66, 24, 18, 120, 107, 23, 12,
       148, 53, 124, 80, 136, 133, 233, 245, 109, 229, 102, 204, 71, 71,
       248, 67, 234, 184, 74, 83, 113, 221, 55, 89, 198, 92, 238, 233,
       103, 255, 42, 185, 200, 229, 60, 125, 251, 210, 48, 254, 176, 252,
       240, 239, 253, 185, 218, 139, 255, 181, 63, 158, 255, 78, 43, 175,
       147, 255, 17, 147, 103, 250, 210, 223, 219, 219, 255, 223, 77,
       223, 243, 109, 56, 188, 113, 237, 61, 80, 154, 203, 251, 191, 93,
       210, 153, 95, 154, 141, 68, 125, 28, 143, 100, 219, 176, 79, 219,
       213, 124, 202, 125, 90, 18, 165, 237, 237, 247, 252, 47, 239, 252,
       127, 226, 255, 222, 243, 105, 157, 33, 127, 206, 118, 238, 241,
       246, 253, 255, 124, 175, 231, 148, 237, 251, 243, 160, 26, 221,
       82, 206, 18, 210, 46, 231, 53, 0, 202, 162, 121, 243, 160, 228,
       126, 255, 154, 226, 105, 153, 29, 255, 178, 230, 142, 1, 63, 146,
       169, 10, 76, 160, 21, 155, 219, 233, 49, 203, 46, 53, 193, 58,
       140, 215, 72, 72, 99, 27, 234, 144, 18, 90, 203, 81, 93, 129, 59,
       109, 176, 0, 165, 162, 196, 104, 190, 254, 44, 237, 113, 206, 254,
       154, 160, 24, 244, 219, 105, 123, 225, 125, 123, 18, 34, 101, 218,
       112, 215, 187, 87, 59, 208, 113, 103, 170, 136, 140, 156, 187,
       176, 225, 113, 143, 62, 29, 70, 49, 181, 147, 42, 88, 193, 59, 63,
       144, 58, 220, 67, 55, 205, 247, 186, 203, 144, 0, 173, 75, 2, 162,
       152, 187, 182, 233, 48, 143, 30, 49, 71, 51, 141, 190, 106, 200,
       231, 27, 171, 17, 54, 220, 75, 151, 206, 215, 30, 103, 144, 72,
       141, 131, 162, 184, 176, 155, 223, 185, 176, 207, 95, 31, 80, 63,
       172, 216, 102, 140, 203, 59, 130, 17, 182, 126, 94, 243, 13, 22,
       30, 107, 221, 12, 149, 159, 25, 149, 17, 235, 16, 207, 67, 59,
       118, 41, 239, 64, 247, 51, 8, 112, 81, 18, 92, 40, 123, 136, 121,
       63, 233, 239, 48, 80, 50, 130, 128, 40, 76, 112, 25, 101, 33, 14,
       113, 16, 105, 168, 103, 72, 223, 19, 1, 56, 148, 20, 76, 106, 65,
       176, 177, 0, 199, 249, 96, 20, 74, 162, 66, 35, 124, 72, 251, 116,
       72, 78, 87, 18, 225, 170, 166, 8, 19, 183, 65, 123, 32, 244, 108,
       74, 72, 231, 160, 40, 211, 235, 101, 25, 98, 241, 102, 34, 181,
       75, 109, 111, 6, 74, 79, 184, 68, 226, 242, 66, 115, 104, 153, 97,
       122, 228, 124, 239, 237, 182, 109, 44, 240, 171, 229, 148, 109,
