%YAML:1.0
---
descriptors: !!opencv-matrix
   rows: 151
   cols: 32
   dt: u
   data: [ 165, 217, 23, 110, 61, 15, 71, 189, 220, 232, 224, 76, 214,
       208, 48, 177, 216, 100, 120, 110, 233, 163, 88, 63, 225, 250, 5,
       24, 88, 58, 210, 40, 60, 113, 48, 226, 29, 157, 82, 80, 203, 168,
       181, 8, 31, 153, 105, 178, 136, 145, 213, 82, 74, 35, 90, 144,
       251, 217, 5, 123, 115, 27, 74, 3, 193, 20, 253, 229, 32, 46, 105,
       19, 104, 169, 126, 80, 191, 51, 129, 123, 134, 54, 60, 24, 161,
       220, 177, 72, 199, 251, 50, 128, 128, 224, 67, 41, 208, 201, 79,
       237, 4, 10, 79, 53, 36, 2, 226, 2, 115, 35, 32, 115, 112, 244, 40,
       234, 104, 151, 65, 45, 241, 171, 192, 16, 33, 186, 244, 32, 249,
       70, 236, 165, 46, 26, 30, 56, 32, 230, 151, 175, 211, 108, 154,
       67, 94, 197, 253, 231, 236, 229, 237, 44, 250, 227, 237, 149, 101,
       123, 28, 67, 253, 148, 248, 86, 149, 90, 215, 191, 81, 239, 191,
       58, 91, 124, 154, 183, 25, 198, 212, 43, 253, 235, 125, 142, 251,
       207, 117, 85, 231, 252, 222, 102, 205, 22, 191, 244, 32, 44, 121,
       18, 58, 235, 63, 116, 223, 51, 193, 122, 135, 119, 125, 30, 169,
       84, 171, 34, 215, 251, 115, 128, 136, 241, 35, 35, 237, 100, 45,
       73, 172, 63, 71, 56, 237, 250, 173, 92, 210, 80, 92, 63, 221, 196,
       90, 110, 249, 103, 249, 18, 135, 249, 69, 60, 74, 251, 210, 52,
       53, 68, 95, 101, 4, 14, 79, 240, 100, 162, 226, 66, 83, 1, 25,
       112, 120, 196, 74, 106, 201, 182, 117, 12, 245, 169, 0, 20, 105,
       187, 98, 32, 9, 158, 123, 117, 116, 186, 233, 55, 237, 77, 126,
       244, 187, 41, 148, 96, 14, 46, 22, 12, 177, 184, 100, 143, 110,
       255, 176, 192, 78, 200, 208, 249, 215, 86, 229, 149, 142, 50, 141,
       184, 211, 242, 155, 230, 208, 108, 223, 111, 127, 196, 122, 239,
       229, 199, 255, 202, 44, 10, 207, 150, 173, 255, 81, 117, 189, 108,
       113, 98, 245, 47, 87, 218, 81, 234, 181, 93, 91, 25, 91, 25, 221,
       200, 20, 126, 173, 118, 88, 190, 251, 219, 133, 52, 251, 253, 82,
       240, 60, 121, 120, 234, 89, 205, 82, 216, 7, 240, 172, 9, 27, 159,
       73, 16, 216, 145, 221, 210, 10, 35, 88, 48, 251, 205, 133, 125,
       243, 155, 70, 18, 80, 145, 158, 252, 139, 100, 53, 207, 174, 23,
       226, 18, 124, 255, 42, 90, 227, 83, 123, 144, 18, 73, 147, 65,
       123, 163, 94, 75, 185, 80, 165, 147, 166, 32, 243, 114, 85, 239,
       243, 72, 83, 174, 241, 11, 66, 221, 117, 28, 217, 184, 23, 48, 44,
       246, 122, 218, 31, 222, 129, 110, 211, 175, 118, 230, 240, 178,
       154, 122, 104, 173, 81, 215, 235, 31, 180, 24, 55, 155, 64, 27,
       165, 179, 108, 16, 58, 111, 146, 49, 211, 201, 112, 123, 240, 64,
       198, 43, 106, 170, 168, 155, 61, 157, 217, 155, 142, 61, 149, 143,
       168, 205, 87, 130, 205, 99, 255, 157, 206, 106, 238, 181, 238, 81,
       189, 249, 22, 142, 92, 74, 56, 248, 58, 120, 91, 205, 81, 254,
       227, 29, 172, 8, 62, 223, 67, 48, 169, 155, 69, 64, 74, 11, 50,
       53, 211, 201, 16, 63, 114, 1, 102, 235, 77, 66, 188, 39, 32, 10,
       127, 152, 100, 238, 95, 237, 215, 99, 147, 82, 150, 69, 109, 111,
       140, 144, 201, 12, 230, 247, 97, 149, 40, 243, 14, 81, 108, 35,
       56, 101, 96, 14, 115, 152, 40, 172, 55, 13, 215, 19, 74, 18, 148,
       68, 76, 110, 64, 112, 201, 4, 207, 185, 37, 133, 64, 163, 78, 67,
       172, 103, 144, 229, 237, 31, 86, 189, 127, 172, 179, 77, 207, 41,
       81, 144, 220, 197, 204, 126, 108, 240, 73, 142, 238, 219, 101,
       181, 202, 254, 202, 131, 21, 67, 108, 101, 52, 26, 238, 176, 116,
       100, 215, 230, 211, 72, 159, 224, 54, 196, 254, 239, 237, 240,
       109, 14, 166, 239, 167, 132, 109, 187, 89, 84, 93, 82, 236, 165,
       44, 58, 94, 48, 32, 238, 159, 173, 215, 44, 147, 67, 22, 197, 253,
       103, 236, 208, 237, 8, 206, 227, 239, 149, 108, 251, 28, 81, 63,
       111, 238, 78, 118, 83, 207, 120, 83, 238, 254, 174, 83, 108, 151,
       180, 123, 236, 182, 238, 236, 242, 237, 174, 122, 111, 229, 149,
       103, 191, 122, 197, 249, 164, 241, 70, 244, 123, 199, 190, 112,
       235, 179, 120, 115, 124, 156, 180, 25, 214, 76, 40, 185, 111, 237,
       47, 59, 239, 37, 48, 227, 234, 198, 45, 126, 178, 168, 161, 184,
       123, 88, 156, 35, 253, 149, 189, 207, 46, 203, 154, 133, 213, 253,
       181, 158, 66, 233, 144, 218, 209, 237, 255, 166, 247, 158, 83, 55,
       143, 98, 138, 158, 147, 206, 248, 198, 68, 217, 239, 97, 200, 183,
       0, 90, 234, 22, 111, 206, 163, 14, 189, 120, 12, 173, 184, 125,
       159, 120, 196, 190, 103, 109, 174, 174, 83, 222, 232, 150, 254,
       157, 163, 75, 236, 255, 163, 255, 217, 221, 231, 232, 103, 111,
       158, 187, 201, 239, 189, 117, 255, 252, 227, 100, 113, 25, 99, 56,
       79, 71, 184, 106, 168, 181, 72, 214, 87, 73, 48, 144, 84, 76, 106,
       73, 112, 201, 28, 239, 217, 37, 52, 64, 179, 70, 35, 223, 196,
       229, 197, 142, 114, 143, 184, 86, 242, 151, 246, 217, 108, 223,
       239, 95, 196, 123, 255, 225, 101, 239, 202, 12, 14, 239, 180, 167,
       255, 208, 117, 173, 68, 253, 117, 229, 127, 85, 218, 81, 178, 53,
       26, 91, 125, 89, 59, 153, 206, 23, 46, 168, 246, 121, 170, 79,
       203, 117, 37, 227, 249, 82, 194, 45, 189, 229, 117, 229, 127, 241,
       187, 83, 251, 55, 26, 91, 125, 94, 43, 145, 86, 177, 24, 189, 248,
       251, 128, 79, 223, 85, 103, 239, 237, 216, 242, 193, 180, 155,
       241, 227, 36, 48, 159, 58, 187, 2, 92, 156, 179, 72, 123, 167, 95,
       120, 152, 51, 92, 147, 67, 141, 154, 94, 110, 136, 64, 163, 59,
       26, 157, 59, 250, 219, 244, 49, 103, 189, 81, 236, 50, 60, 183,
       38, 117, 227, 187, 155, 128, 83, 11, 50, 245, 219, 245, 26, 75,
       51, 0, 165, 254, 44, 117, 89, 103, 112, 75, 119, 184, 41, 168,
       127, 40, 215, 119, 137, 48, 146, 92, 85, 106, 65, 176, 169, 46,
       231, 253, 37, 4, 64, 179, 70, 163, 41, 140, 27, 97, 80, 239, 99,
       183, 102, 1, 110, 0, 247, 49, 0, 48, 177, 34, 122, 28, 17, 184,
       17, 63, 239, 175, 32, 64, 200, 130, 194, 170, 125, 105, 45, 109,
       13, 95, 71, 172, 97, 240, 164, 8, 211, 41, 17, 59, 216, 228, 92,
       110, 8, 98, 121, 60, 243, 219, 69, 56, 210, 187, 82, 96, 189, 67,
       71, 76, 93, 31, 71, 56, 85, 136, 248, 76, 83, 97, 61, 245, 88,
       228, 70, 110, 233, 162, 93, 29, 49, 250, 5, 28, 91, 186, 114, 36,
       120, 89, 124, 110, 125, 221, 83, 48, 197, 12, 180, 40, 58, 31, 39,
       117, 72, 176, 237, 106, 72, 35, 114, 189, 243, 249, 32, 25, 114,
       175, 78, 107, 117, 29, 109, 229, 20, 38, 79, 56, 84, 226, 218,
       198, 115, 60, 145, 96, 120, 228, 62, 239, 233, 178, 117, 46, 252,
       238, 167, 144, 45, 251, 112, 120, 71, 176, 185, 225, 244, 47, 249,
       159, 107, 249, 59, 88, 156, 61, 92, 58, 151, 23, 127, 61, 147,
       120, 209, 208, 79, 28, 61, 244, 204, 128, 195, 33, 70, 186, 190,
       146, 171, 240, 184, 135, 170, 157, 23, 181, 236, 254, 78, 206,
       167, 87, 235, 17, 18, 77, 139, 225, 157, 50, 94, 235, 128, 84,
       165, 127, 72, 138, 151, 180, 168, 44, 73, 155, 171, 27, 170, 121,
       223, 179, 65, 90, 131, 215, 109, 16, 26, 73, 195, 1, 204, 247,
       114, 92, 168, 224, 131, 1, 87, 223, 70, 190, 178, 146, 110, 246,
       181, 202, 218, 231, 121, 238, 178, 192, 126, 231, 53, 239, 237,
       155, 4, 238, 186, 110, 175, 128, 45, 247, 185, 93, 209, 79, 95,
       229, 38, 10, 111, 53, 100, 192, 214, 230, 243, 35, 145, 99, 118,
       228, 124, 238, 233, 176, 69, 12, 228, 235, 230, 128, 45, 178, 224,
       41, 40, 107, 16, 229, 229, 15, 84, 62, 45, 172, 186, 77, 143, 41,
       66, 144, 132, 197, 236, 100, 204, 184, 65, 140, 238, 223, 37, 180,
       74, 188, 202, 147, 53, 103, 236, 103, 118, 26, 254, 120, 80, 230,
       255, 239, 67, 108, 159, 35, 126, 228, 213, 239, 236, 242, 109,
       174, 126, 239, 229, 149, 101, 251, 126, 225, 220, 180, 61, 113,
       176, 207, 85, 191, 114, 250, 44, 24, 159, 55, 64, 49, 151, 29, 93,
       56, 179, 120, 185, 22, 235, 207, 53, 116, 202, 160, 135, 115, 73,
