%YAML:1.0
---
descriptors: !!opencv-matrix
   rows: 182
   cols: 32
   dt: u
   data: [ 222, 91, 252, 238, 173, 95, 94, 216, 139, 252, 189, 47, 223,
       255, 91, 115, 222, 213, 253, 231, 204, 67, 251, 184, 243, 217,
       239, 191, 54, 251, 44, 83, 60, 126, 186, 242, 109, 189, 81, 82,
       235, 191, 180, 29, 47, 157, 67, 26, 141, 177, 205, 16, 138, 103,
       122, 178, 219, 221, 21, 59, 194, 93, 71, 243, 144, 109, 62, 118,
       18, 216, 181, 230, 188, 4, 106, 9, 38, 190, 39, 49, 162, 115, 232,
       64, 100, 233, 34, 110, 115, 163, 82, 3, 65, 80, 39, 74, 124, 169,
       172, 250, 137, 196, 93, 143, 163, 53, 172, 25, 63, 243, 74, 26, 1,
       198, 125, 152, 26, 75, 218, 49, 219, 239, 213, 125, 162, 208, 206,
       42, 165, 227, 104, 15, 94, 153, 210, 248, 86, 36, 245, 175, 99,
       200, 158, 0, 90, 200, 2, 111, 206, 54, 222, 51, 118, 13, 37, 61,
       125, 187, 90, 196, 121, 220, 111, 102, 178, 126, 95, 182, 113,
       206, 190, 236, 123, 117, 147, 116, 55, 246, 253, 44, 169, 137, 61,
       46, 250, 255, 37, 146, 238, 246, 70, 127, 145, 221, 63, 245, 54,
       239, 49, 55, 236, 200, 122, 32, 183, 55, 32, 97, 166, 51, 76, 8,
       161, 185, 49, 45, 233, 233, 54, 0, 0, 8, 133, 43, 9, 255, 191,
       253, 188, 141, 109, 246, 239, 89, 254, 68, 191, 235, 145, 48, 237,
       235, 127, 221, 203, 169, 227, 243, 239, 255, 190, 136, 72, 208,
       227, 57, 181, 213, 253, 69, 164, 111, 199, 184, 82, 250, 127, 86,
       211, 117, 157, 47, 93, 212, 52, 106, 249, 244, 125, 14, 109, 203,
       229, 132, 237, 251, 208, 241, 125, 139, 105, 231, 244, 139, 111,
       176, 119, 232, 127, 236, 247, 227, 145, 112, 126, 238, 54, 78,
       201, 176, 237, 63, 254, 237, 167, 160, 61, 187, 82, 185, 62, 115,
       104, 2, 173, 93, 95, 248, 67, 252, 189, 175, 67, 76, 223, 23, 92,
       200, 196, 230, 204, 114, 238, 136, 242, 89, 197, 191, 127, 255,
       94, 84, 113, 149, 81, 68, 212, 30, 71, 57, 113, 170, 235, 92, 83,
       51, 140, 245, 25, 196, 84, 46, 185, 218, 249, 14, 63, 174, 37, 52,
       43, 226, 194, 180, 5, 86, 119, 199, 52, 11, 235, 184, 125, 232,
       255, 230, 219, 105, 157, 101, 126, 196, 126, 238, 233, 180, 109,
       254, 52, 186, 99, 132, 111, 187, 81, 117, 106, 149, 19, 252, 189,
       205, 92, 119, 191, 11, 248, 88, 190, 183, 32, 212, 196, 187, 127,
       8, 115, 75, 210, 215, 177, 254, 94, 58, 18, 72, 227, 59, 172, 189,
       62, 124, 221, 255, 215, 255, 210, 23, 108, 24, 82, 245, 46, 25,
       217, 122, 226, 50, 48, 110, 122, 62, 111, 211, 85, 127, 210, 121,
       198, 242, 99, 125, 120, 206, 125, 95, 215, 104, 91, 226, 252, 11,
       122, 124, 23, 32, 250, 253, 247, 99, 236, 114, 253, 255, 119, 31,
       1, 59, 85, 63, 94, 239, 188, 124, 255, 231, 252, 79, 255, 248, 60,
       226, 246, 18, 217, 127, 9, 49, 255, 245, 95, 226, 105, 247, 121,
       238, 247, 207, 167, 132, 101, 241, 103, 242, 204, 188, 149, 243,
       233, 236, 57, 23, 186, 159, 35, 21, 156, 39, 64, 91, 133, 55, 105,
       16, 51, 204, 242, 66, 205, 242, 95, 98, 130, 64, 135, 114, 236,
       82, 222, 254, 42, 10, 23, 184, 160, 134, 231, 237, 215, 231, 137,
       91, 214, 116, 237, 98, 104, 71, 218, 40, 226, 179, 100, 152, 56,
       243, 14, 49, 140, 60, 123, 97, 241, 239, 115, 208, 121, 72, 103,
       8, 222, 23, 1, 56, 180, 124, 84, 122, 49, 180, 177, 62, 71, 249,
       32, 64, 202, 211, 71, 243, 194, 188, 150, 184, 11, 249, 176, 71,
       187, 23, 160, 57, 172, 158, 100, 159, 163, 51, 235, 17, 54, 79,
       146, 243, 153, 210, 94, 123, 144, 68, 175, 31, 24, 207, 78, 189,
       114, 130, 60, 119, 148, 15, 90, 231, 109, 39, 162, 65, 102, 55,
       167, 165, 224, 153, 4, 95, 240, 231, 254, 193, 53, 200, 173, 137,
       18, 235, 38, 142, 107, 211, 186, 232, 175, 164, 210, 163, 236,
       206, 102, 198, 254, 253, 239, 195, 64, 75, 203, 249, 183, 80, 139,
       187, 22, 38, 45, 223, 165, 36, 236, 159, 236, 47, 236, 219, 118,
       251, 243, 86, 209, 104, 159, 107, 121, 206, 126, 13, 189, 244, 79,
       250, 12, 43, 247, 132, 205, 249, 248, 132, 73, 191, 191, 248, 188,
       141, 125, 55, 254, 89, 188, 92, 191, 251, 96, 112, 199, 43, 127,
       28, 211, 105, 242, 211, 255, 255, 54, 248, 216, 200, 195, 185,
       208, 15, 126, 126, 42, 192, 181, 101, 184, 158, 242, 185, 103,
       238, 163, 27, 162, 179, 109, 128, 106, 207, 130, 111, 240, 163,
       122, 137, 97, 80, 39, 75, 165, 119, 127, 207, 52, 142, 239, 184,
       125, 232, 119, 228, 219, 75, 157, 100, 126, 108, 94, 238, 225,
       176, 109, 254, 230, 186, 167, 132, 79, 187, 67, 177, 212, 204,
       253, 118, 170, 105, 85, 138, 162, 63, 165, 56, 87, 119, 201, 91,
       131, 212, 236, 2, 42, 71, 235, 17, 219, 227, 117, 125, 240, 113,
       6, 99, 57, 237, 101, 207, 94, 27, 239, 252, 85, 226, 255, 230,
       243, 104, 159, 228, 122, 204, 126, 239, 233, 179, 109, 239, 54,
       110, 167, 144, 127, 191, 112, 236, 82, 171, 254, 124, 11, 233, 49,
       230, 167, 21, 160, 168, 46, 167, 68, 26, 167, 243, 237, 128, 10,
       75, 130, 117, 91, 211, 84, 123, 97, 0, 39, 43, 74, 175, 197, 187,
       238, 168, 173, 223, 190, 183, 90, 247, 173, 231, 216, 207, 103,
       79, 127, 157, 178, 88, 207, 241, 236, 118, 255, 196, 174, 212,
       145, 249, 116, 168, 156, 112, 139, 201, 117, 231, 251, 183, 38,
       24, 134, 176, 68, 63, 161, 115, 104, 16, 80, 105, 154, 32, 217,
       146, 85, 127, 192, 88, 199, 46, 1, 164, 189, 81, 141, 125, 173,
       143, 251, 55, 44, 24, 154, 61, 94, 47, 1, 82, 122, 24, 50, 108,
       251, 115, 79, 26, 85, 117, 195, 88, 199, 236, 135, 180, 236, 215,
       236, 62, 236, 155, 255, 251, 251, 86, 217, 234, 223, 107, 239, 71,
       126, 157, 183, 252, 239, 194, 14, 58, 255, 204, 140, 232, 249,
       149, 165, 36, 255, 223, 236, 63, 236, 218, 127, 251, 247, 82, 216,
       250, 189, 239, 111, 206, 126, 14, 177, 245, 251, 210, 31, 186,
       119, 4, 221, 249, 120, 165, 24, 255, 51, 245, 50, 202, 183, 246,
       180, 12, 122, 162, 189, 151, 160, 128, 38, 123, 143, 64, 65, 185,
       32, 111, 225, 229, 46, 129, 99, 144, 165, 251, 59, 213, 120, 79,
       117, 95, 127, 189, 125, 68, 254, 8, 107, 95, 158, 244, 254, 221,
       214, 234, 237, 178, 125, 255, 55, 255, 5, 7, 119, 190, 198, 254,
       36, 253, 184, 251, 93, 207, 183, 232, 30, 54, 76, 10, 244, 251,
       105, 64, 217, 91, 35, 114, 98, 114, 90, 183, 253, 151, 143, 47,
       16, 123, 21, 170, 134, 252, 150, 187, 243, 233, 54, 198, 191, 55,
       66, 49, 172, 247, 97, 201, 163, 123, 163, 80, 50, 220, 10, 247,
       173, 86, 95, 227, 144, 85, 165, 203, 124, 112, 185, 229, 41, 111,
       91, 24, 33, 238, 187, 41, 223, 63, 9, 26, 152, 213, 253, 98, 8,
       176, 249, 8, 199, 253, 97, 148, 98, 251, 70, 115, 25, 165, 40,
       171, 150, 169, 187, 205, 38, 117, 141, 131, 183, 30, 90, 0, 255,
       27, 27, 149, 30, 24, 253, 85, 253, 133, 142, 100, 180, 66, 135,
       202, 5, 120, 221, 79, 108, 31, 102, 24, 102, 160, 71, 108, 147,
       19, 197, 246, 66, 76, 122, 126, 129, 208, 251, 16, 6, 169, 37, 44,
       42, 179, 72, 161, 194, 249, 214, 219, 255, 217, 180, 239, 191, 57,
       182, 56, 174, 242, 228, 166, 235, 243, 238, 80, 55, 75, 203, 241,
       190, 214, 23, 251, 158, 28, 137, 15, 189, 126, 233, 71, 210, 87,
       159, 248, 18, 230, 245, 191, 91, 125, 159, 177, 31, 212, 149, 238,
       237, 246, 125, 174, 123, 79, 101, 180, 111, 255, 94, 245, 8, 248,
       149, 245, 32, 74, 79, 178, 55, 234, 114, 224, 215, 55, 129, 252,
       23, 252, 124, 74, 73, 216, 237, 44, 140, 246, 117, 148, 42, 177,
       4, 57, 225, 148, 245, 69, 116, 94, 70, 56, 112, 234, 187, 120, 83,
       49, 132, 179, 25, 196, 84, 42, 249, 250, 233, 14, 47, 255, 101,
       52, 73, 226, 66, 181, 6, 188, 150, 187, 251, 233, 178, 200, 159,
       190, 81, 35, 236, 255, 99, 9, 251, 123, 167, 83, 34, 221, 10, 247,
       28, 86, 79, 239, 144, 127, 37, 195, 197, 184, 185, 64, 188, 205,
       145, 146, 234, 240, 134, 8, 150, 144, 212, 38, 129, 84, 120, 25,
