%YAML:1.0
---
descriptors: !!opencv-matrix
   rows: 286
   cols: 32
   dt: u
   data: [ 249, 113, 186, 246, 233, 28, 85, 84, 235, 222, 164, 29, 191,
       187, 66, 27, 164, 255, 253, 70, 200, 111, 178, 160, 211, 249, 84,
       59, 106, 116, 78, 251, 33, 169, 16, 216, 221, 141, 176, 239, 207,
       49, 168, 24, 174, 152, 100, 36, 137, 19, 106, 16, 86, 43, 90, 245,
       157, 152, 19, 126, 80, 8, 195, 142, 121, 29, 81, 68, 212, 14, 71,
       57, 113, 170, 238, 76, 82, 49, 132, 244, 16, 228, 116, 110, 57,
       178, 249, 14, 63, 174, 37, 16, 235, 234, 210, 36, 166, 190, 151,
       151, 237, 224, 180, 199, 219, 159, 114, 117, 228, 248, 108, 143,
       201, 103, 234, 17, 54, 253, 138, 226, 12, 50, 95, 67, 201, 92,
       253, 159, 209, 157, 63, 244, 52, 207, 113, 54, 252, 200, 38, 0,
       183, 183, 33, 97, 166, 55, 124, 72, 241, 169, 48, 63, 233, 235,
       98, 80, 32, 8, 5, 107, 148, 85, 169, 167, 180, 70, 175, 184, 20,
       238, 91, 39, 213, 127, 41, 96, 243, 77, 63, 227, 232, 144, 121,
       174, 233, 143, 239, 132, 180, 123, 53, 243, 126, 119, 104, 6, 45,
       91, 95, 248, 65, 236, 189, 175, 67, 108, 223, 150, 92, 196, 205,
       110, 204, 35, 236, 168, 242, 89, 133, 189, 111, 255, 94, 84, 233,
       91, 24, 165, 36, 12, 120, 55, 41, 8, 126, 125, 159, 11, 18, 146,
       134, 5, 236, 13, 220, 56, 145, 2, 230, 253, 50, 149, 72, 160, 203,
       27, 97, 28, 101, 69, 112, 90, 235, 184, 121, 32, 98, 196, 115, 52,
       133, 247, 18, 84, 116, 110, 161, 240, 117, 46, 39, 254, 96, 0, 75,
       179, 66, 188, 73, 197, 247, 164, 146, 70, 109, 183, 53, 245, 202,
       129, 215, 55, 40, 118, 87, 214, 57, 60, 121, 155, 53, 12, 249,
       230, 86, 68, 162, 252, 164, 120, 8, 150, 151, 252, 219, 233, 161,
       103, 158, 7, 248, 56, 174, 247, 32, 128, 175, 59, 234, 17, 50,
       235, 130, 95, 93, 167, 114, 121, 208, 72, 135, 169, 219, 142, 199,
       151, 178, 18, 46, 53, 189, 211, 67, 247, 109, 46, 146, 223, 39,
       103, 251, 231, 181, 221, 13, 237, 30, 34, 218, 192, 175, 167, 169,
       93, 82, 182, 40, 171, 252, 169, 184, 255, 122, 61, 25, 127, 141,
       26, 90, 0, 179, 155, 95, 145, 150, 24, 157, 87, 220, 71, 190, 237,
       157, 6, 159, 131, 126, 113, 232, 2, 205, 85, 222, 200, 135, 244,
       181, 143, 74, 204, 95, 26, 220, 209, 251, 247, 206, 99, 255, 144,
       91, 89, 141, 191, 215, 255, 94, 86, 15, 244, 108, 243, 165, 222,
       253, 189, 127, 255, 87, 183, 251, 125, 159, 237, 55, 110, 255,
       143, 227, 244, 125, 255, 238, 255, 247, 129, 239, 214, 221, 249,
       236, 91, 92, 126, 42, 8, 23, 48, 169, 6, 39, 232, 247, 119, 129,
       119, 70, 116, 236, 98, 96, 4, 203, 45, 224, 243, 96, 26, 50, 178,
       6, 33, 168, 132, 158, 188, 203, 173, 21, 111, 190, 23, 228, 25,
       198, 247, 34, 27, 133, 123, 235, 0, 120, 79, 82, 18, 217, 163, 84,
       59, 240, 88, 142, 139, 29, 181, 233, 239, 254, 95, 255, 189, 126,
       239, 127, 175, 221, 127, 158, 48, 55, 111, 247, 127, 244, 248,
       237, 254, 111, 239, 175, 229, 231, 230, 215, 241, 172, 53, 60, 92,
       221, 253, 215, 63, 218, 182, 108, 28, 250, 245, 7, 29, 153, 122,
       194, 34, 50, 102, 250, 31, 103, 215, 85, 59, 210, 121, 198, 242,
       134, 189, 151, 155, 251, 237, 178, 201, 158, 63, 89, 51, 204, 254,
       104, 73, 251, 59, 163, 18, 50, 89, 26, 243, 141, 16, 27, 111, 144,
       79, 133, 227, 246, 116, 126, 229, 11, 91, 23, 232, 63, 226, 247,
       42, 95, 251, 41, 121, 250, 245, 255, 99, 104, 247, 249, 222, 247,
       211, 75, 63, 49, 59, 7, 163, 98, 143, 38, 186, 253, 157, 216, 103,
       223, 31, 184, 31, 174, 232, 62, 212, 205, 163, 239, 5, 254, 43,
       98, 247, 147, 118, 26, 123, 83, 76, 252, 79, 1, 201, 81, 201, 244,
       219, 174, 119, 93, 73, 120, 66, 185, 10, 180, 164, 94, 27, 22,
       108, 211, 184, 52, 221, 46, 220, 34, 192, 95, 138, 225, 173, 51,
       135, 106, 169, 148, 159, 230, 119, 68, 73, 122, 199, 51, 8, 182,
       96, 124, 138, 22, 173, 223, 184, 69, 157, 62, 109, 162, 192, 125,
       142, 248, 156, 6, 252, 62, 219, 215, 245, 183, 224, 255, 20, 125,
       2, 236, 254, 45, 100, 251, 123, 155, 195, 98, 177, 58, 255, 45,
       54, 142, 75, 16, 83, 37, 238, 7, 157, 15, 159, 85, 237, 190, 224,
       190, 74, 91, 3, 252, 254, 55, 64, 227, 107, 59, 199, 71, 185, 58,
       255, 53, 54, 78, 2, 8, 91, 33, 214, 237, 65, 159, 247, 236, 95,
       110, 248, 252, 186, 247, 88, 223, 243, 109, 251, 225, 212, 110,
       106, 225, 119, 251, 170, 191, 251, 103, 28, 8, 249, 107, 160, 243,
       189, 6, 159, 221, 150, 238, 111, 189, 10, 218, 87, 108, 226, 54,
       215, 232, 239, 255, 141, 124, 219, 211, 239, 181, 54, 222, 138,
       10, 76, 187, 158, 54, 188, 243, 211, 253, 237, 179, 199, 127, 31,
       248, 26, 140, 220, 108, 60, 251, 187, 206, 145, 18, 191, 123, 247,
       157, 158, 159, 127, 211, 73, 231, 231, 45, 103, 40, 5, 116, 31,
       231, 184, 105, 236, 126, 76, 195, 104, 159, 148, 20, 76, 68, 111,
       197, 176, 109, 12, 102, 125, 37, 133, 70, 191, 90, 197, 39, 233,
       38, 157, 93, 159, 186, 232, 206, 248, 212, 79, 232, 200, 119, 230,
       248, 237, 250, 231, 206, 227, 223, 253, 30, 94, 203, 63, 95, 47,
       121, 134, 181, 87, 111, 199, 54, 11, 111, 248, 117, 232, 247, 230,
       83, 65, 157, 117, 126, 204, 30, 238, 233, 182, 109, 254, 110, 170,
       165, 196, 111, 171, 112, 241, 172, 56, 63, 99, 241, 239, 115, 80,
       105, 200, 111, 24, 222, 87, 1, 56, 148, 60, 84, 122, 17, 176, 177,
       52, 207, 249, 32, 64, 202, 211, 71, 243, 45, 111, 105, 239, 116,
       131, 239, 216, 87, 232, 253, 230, 115, 193, 145, 52, 126, 236, 22,
       238, 203, 178, 109, 191, 126, 140, 167, 132, 127, 187, 114, 249,
       143, 180, 214, 215, 239, 59, 188, 203, 127, 243, 247, 118, 216,
       122, 143, 175, 235, 207, 126, 144, 181, 255, 95, 235, 30, 186,
       215, 70, 207, 97, 235, 148, 105, 255, 63, 250, 252, 141, 117, 246,
       239, 89, 252, 76, 191, 249, 64, 50, 207, 243, 126, 13, 219, 107,
       242, 247, 255, 223, 54, 88, 72, 88, 227, 123, 136, 182, 253, 251,
       104, 240, 121, 59, 55, 87, 247, 176, 221, 247, 200, 111, 79, 31,
       255, 138, 58, 220, 239, 211, 207, 219, 250, 197, 166, 193, 167,
       241, 105, 251, 187, 231, 228, 141, 111, 246, 110, 232, 254, 76,
       247, 233, 208, 112, 220, 238, 126, 78, 201, 186, 235, 63, 223,
       221, 37, 184, 88, 155, 208, 185, 130, 174, 150, 152, 235, 225,
       176, 71, 190, 23, 66, 177, 172, 182, 98, 79, 167, 59, 235, 145,
       50, 73, 130, 243, 29, 22, 90, 235, 144, 68, 173, 207, 181, 117,
       248, 239, 223, 111, 87, 88, 61, 162, 251, 10, 86, 123, 9, 112,
       250, 221, 127, 114, 8, 179, 217, 202, 255, 237, 39, 22, 240, 123,
       226, 35, 93, 117, 253, 103, 180, 94, 71, 184, 97, 234, 63, 108,
       211, 117, 153, 55, 22, 212, 92, 106, 233, 240, 253, 46, 231, 235,
       101, 148, 110, 243, 198, 113, 141, 247, 221, 103, 176, 46, 111,
       188, 116, 169, 123, 116, 215, 99, 152, 96, 23, 70, 124, 110, 241,
       176, 93, 63, 236, 175, 37, 132, 236, 243, 193, 49, 44, 252, 189,
       95, 201, 253, 181, 159, 250, 119, 44, 28, 254, 245, 68, 63, 133,
       114, 234, 16, 51, 108, 250, 123, 111, 159, 85, 59, 210, 120, 199,
       242, 133, 164, 253, 81, 205, 127, 237, 175, 123, 183, 36, 24, 154,
       52, 92, 47, 9, 86, 114, 24, 178, 124, 253, 86, 79, 26, 85, 117,
       195, 216, 199, 228, 254, 254, 146, 190, 155, 227, 86, 228, 145,
       237, 161, 61, 102, 237, 46, 16, 153, 247, 196, 98, 60, 103, 200,
       175, 187, 246, 21, 123, 243, 127, 142, 87, 87, 189, 229, 151, 139,
       159, 63, 248, 63, 247, 198, 143, 237, 238, 206, 29, 55, 255, 249,
       215, 247, 216, 255, 255, 191, 86, 79, 231, 174, 247, 135, 84, 80,
       34, 144, 48, 9, 168, 16, 75, 235, 183, 160, 25, 174, 146, 68, 158,
       129, 219, 232, 16, 22, 111, 194, 64, 153, 212, 23, 123, 192, 68,
       139, 14, 225, 85, 245, 69, 116, 94, 70, 57, 112, 234, 250, 104,
       83, 113, 132, 183, 24, 228, 84, 106, 105, 242, 233, 14, 47, 174,
