%YAML:1.0
---
descriptors: !!opencv-matrix
   rows: 108
   cols: 32
   dt: u
   data: [ 33, 157, 82, 79, 246, 159, 238, 245, 125, 72, 122, 102, 121,
       248, 183, 228, 126, 234, 22, 238, 197, 186, 12, 255, 62, 44, 167,
       128, 111, 186, 234, 157, 249, 91, 123, 227, 52, 143, 123, 48, 101,
       104, 119, 108, 159, 23, 128, 113, 22, 172, 85, 110, 201, 184, 97,
       44, 230, 233, 32, 128, 104, 131, 66, 121, 25, 33, 123, 229, 76,
       14, 233, 88, 237, 128, 244, 70, 29, 139, 84, 48, 126, 173, 94,
       237, 129, 179, 144, 200, 215, 249, 3, 40, 73, 130, 99, 160, 2,
       154, 10, 157, 114, 129, 56, 230, 190, 13, 66, 181, 172, 199, 34,
       64, 231, 43, 163, 149, 50, 156, 2, 255, 76, 54, 154, 195, 152, 4,
       37, 219, 21, 79, 75, 239, 22, 10, 111, 120, 100, 160, 251, 230,
       115, 65, 185, 96, 126, 236, 28, 238, 201, 177, 45, 44, 240, 173,
       163, 144, 61, 187, 112, 33, 80, 168, 157, 117, 8, 76, 65, 7, 226,
       177, 162, 8, 151, 179, 64, 115, 129, 118, 104, 8, 9, 108, 209, 1,
       193, 170, 80, 16, 64, 96, 195, 42, 105, 18, 63, 103, 37, 62, 81,
       48, 225, 202, 247, 76, 219, 61, 19, 187, 204, 180, 93, 46, 137,
       178, 113, 12, 199, 251, 96, 144, 74, 235, 66, 115, 35, 5, 99, 79,
       118, 27, 234, 113, 125, 96, 251, 70, 107, 8, 156, 164, 122, 140,
       22, 173, 205, 178, 101, 206, 54, 124, 130, 128, 111, 142, 122,
       141, 87, 79, 6, 143, 53, 150, 174, 160, 237, 74, 202, 230, 236,
       234, 181, 228, 246, 231, 124, 231, 205, 153, 141, 239, 176, 54,
       138, 130, 12, 119, 57, 13, 51, 239, 98, 143, 244, 159, 238, 247,
       86, 228, 88, 207, 99, 232, 182, 132, 123, 234, 23, 239, 222, 186,
       76, 191, 60, 12, 165, 224, 125, 190, 248, 204, 86, 187, 158, 190,
       251, 192, 59, 237, 171, 29, 168, 169, 108, 255, 108, 82, 166, 243,
       253, 208, 18, 75, 138, 241, 251, 241, 15, 251, 130, 38, 167, 115,
       222, 255, 246, 254, 235, 82, 63, 204, 191, 158, 222, 187, 76, 239,
       239, 223, 247, 215, 239, 226, 116, 71, 171, 243, 186, 243, 207,
       255, 182, 247, 175, 71, 238, 253, 246, 90, 237, 253, 214, 206,
       251, 246, 188, 56, 110, 220, 111, 188, 187, 247, 254, 82, 126,
       103, 186, 243, 123, 250, 85, 123, 67, 95, 207, 231, 191, 126, 122,
       100, 102, 58, 94, 246, 113, 206, 124, 239, 59, 13, 151, 59, 62,
       249, 21, 239, 237, 182, 36, 170, 226, 217, 100, 162, 111, 247,
       106, 217, 65, 159, 239, 85, 166, 26, 175, 55, 124, 202, 94, 228,
       241, 36, 150, 102, 39, 102, 124, 45, 241, 248, 37, 106, 100, 47,
       127, 128, 204, 244, 209, 125, 123, 143, 228, 151, 158, 50, 206,
       191, 23, 230, 158, 231, 233, 108, 151, 199, 127, 230, 253, 239,
       236, 201, 239, 238, 46, 111, 239, 145, 167, 254, 252, 92, 28, 159,
       83, 43, 242, 139, 59, 223, 46, 77, 105, 229, 253, 231, 163, 84,
       119, 59, 134, 148, 19, 152, 72, 125, 236, 199, 55, 192, 186, 134,
       163, 217, 96, 176, 57, 90, 77, 205, 209, 77, 203, 61, 101, 24, 50,
       153, 76, 56, 136, 146, 98, 16, 27, 126, 242, 17, 85, 152, 16, 122,
       217, 8, 198, 170, 17, 207, 98, 203, 54, 135, 239, 244, 84, 8, 218,
       230, 113, 64, 180, 100, 126, 232, 22, 239, 233, 185, 45, 127, 60,
       46, 167, 192, 61, 154, 240, 173, 94, 249, 191, 182, 170, 72, 55,
       200, 186, 246, 159, 171, 95, 255, 75, 90, 179, 213, 253, 115, 70,
       65, 170, 224, 251, 199, 111, 255, 164, 115, 173, 83, 177, 5, 72,
       13, 116, 59, 234, 99, 92, 96, 251, 214, 83, 8, 158, 160, 122, 140,
       22, 175, 189, 178, 69, 206, 54, 111, 162, 192, 125, 206, 250, 132,
       212, 71, 91, 236, 18, 98, 31, 120, 53, 134, 254, 162, 83, 55, 161,
       80, 126, 213, 141, 226, 104, 151, 37, 78, 240, 231, 39, 133, 37,
       243, 38, 97, 218, 249, 123, 238, 59, 201, 27, 232, 171, 12, 176,
       41, 46, 223, 45, 16, 182, 217, 205, 98, 98, 39, 138, 255, 243,
       241, 11, 191, 67, 3, 39, 163, 4, 109, 115, 87, 242, 202, 231, 231,
       245, 132, 126, 162, 104, 231, 165, 53, 122, 126, 2, 202, 112, 248,
       44, 110, 125, 46, 6, 1, 103, 242, 231, 232, 248, 120, 25, 238, 61,
       205, 83, 104, 223, 160, 161, 24, 254, 217, 101, 112, 210, 177, 94,
       98, 105, 39, 218, 191, 243, 221, 1, 59, 90, 11, 70, 42, 15, 252,
       232, 67, 234, 53, 191, 156, 42, 125, 28, 231, 253, 118, 219, 44,
       55, 91, 247, 255, 135, 80, 191, 241, 110, 79, 111, 236, 190, 215,
       3, 245, 201, 191, 254, 87, 178, 158, 191, 181, 112, 237, 87, 228,
       249, 124, 158, 39, 54, 118, 252, 237, 241, 248, 173, 108, 110,
       111, 103, 128, 78, 246, 193, 125, 81, 3, 89, 233, 12, 47, 105, 18,
       110, 33, 238, 70, 223, 3, 16, 96, 118, 13, 126, 76, 129, 177, 245,
       144, 199, 237, 34, 16, 56, 139, 65, 40, 71, 191, 111, 15, 178,
       130, 111, 189, 41, 64, 206, 228, 248, 103, 154, 245, 54, 231, 125,
       238, 249, 137, 237, 125, 60, 60, 175, 192, 46, 182, 170, 125, 41,
       160, 1, 153, 109, 157, 128, 153, 206, 121, 52, 76, 146, 192, 92,
       164, 201, 8, 210, 29, 131, 96, 250, 145, 13, 24, 149, 124, 90, 12,
       90, 164, 194, 76, 190, 190, 9, 100, 63, 166, 253, 2, 194, 18, 228,
       226, 35, 79, 233, 119, 59, 195, 99, 205, 155, 235, 181, 50, 222,
       10, 152, 112, 49, 60, 109, 83, 255, 103, 100, 14, 115, 16, 233,
       72, 255, 76, 223, 95, 9, 122, 150, 52, 93, 106, 137, 176, 121, 8,
       199, 249, 96, 144, 74, 187, 66, 115, 118, 253, 250, 94, 235, 249,
       182, 238, 251, 142, 252, 171, 110, 255, 111, 184, 187, 255, 239,
       82, 86, 99, 170, 243, 187, 247, 119, 255, 197, 115, 175, 203, 117,
       71, 107, 237, 54, 10, 79, 56, 100, 224, 251, 230, 83, 67, 153,
       112, 126, 228, 28, 238, 201, 176, 109, 14, 240, 173, 163, 144, 45,
       187, 112, 33, 32, 233, 17, 101, 85, 207, 65, 39, 96, 160, 98, 8,
       178, 17, 64, 48, 152, 188, 64, 120, 89, 184, 240, 12, 101, 152, 4,
       48, 64, 8, 194, 170, 158, 22, 86, 222, 43, 240, 59, 120, 181, 30,
       215, 179, 108, 199, 171, 207, 102, 115, 255, 226, 32, 197, 11,
       253, 210, 115, 250, 139, 50, 215, 45, 115, 88, 168, 151, 117, 8,
       232, 97, 7, 166, 25, 170, 8, 182, 179, 64, 82, 128, 54, 108, 8,
       26, 73, 131, 1, 193, 178, 112, 16, 64, 64, 135, 42, 138, 136, 185,
       251, 213, 229, 185, 199, 30, 23, 68, 18, 188, 159, 32, 104, 201,
       59, 147, 145, 50, 28, 114, 247, 207, 215, 154, 107, 146, 8, 165,
       234, 222, 239, 229, 166, 154, 66, 30, 168, 179, 182, 146, 171, 77,
       111, 73, 203, 55, 213, 253, 243, 106, 71, 175, 234, 251, 199, 239,
       189, 167, 247, 37, 115, 75, 254, 245, 119, 102, 26, 255, 181, 89,
       234, 31, 231, 249, 109, 221, 166, 55, 116, 181, 239, 193, 252,
       173, 168, 110, 223, 245, 164, 39, 190, 85, 249, 49, 173, 98, 154,
       215, 245, 238, 239, 86, 5, 104, 3, 33, 232, 62, 132, 121, 234, 2,
       221, 30, 186, 30, 255, 61, 14, 134, 73, 245, 78, 248, 206, 44,
       237, 147, 218, 221, 173, 102, 207, 31, 161, 104, 8, 254, 241, 105,
       148, 153, 122, 19, 90, 18, 58, 218, 191, 253, 156, 5, 122, 146,
       91, 210, 170, 18, 141, 98, 158, 215, 179, 238, 239, 94, 69, 72,
       135, 105, 232, 54, 196, 122, 234, 19, 221, 246, 186, 30, 255, 61,
       46, 142, 73, 117, 222, 253, 204, 222, 238, 229, 164, 155, 82, 95,
       168, 179, 182, 150, 187, 205, 111, 217, 199, 127, 213, 237, 247,
       104, 71, 239, 202, 184, 195, 239, 253, 166, 245, 53, 113, 131,
       157, 36, 154, 157, 213, 150, 167, 222, 85, 72, 23, 172, 252, 62,
       228, 193, 107, 186, 21, 247, 106, 126, 255, 169, 22, 158, 107,
       156, 12, 189, 94, 1, 30, 15, 191, 50, 162, 43, 54, 180, 64, 74,
       231, 245, 103, 48, 97, 118, 103, 27, 141, 33, 152, 5, 127, 228,
       38, 170, 192, 44, 225, 49, 89, 12, 159, 82, 43, 178, 171, 18, 240,
       173, 76, 121, 237, 238, 195, 170, 144, 182, 107, 206, 118, 151,
       160, 8, 125, 174, 213, 33, 194, 218, 135, 11, 17, 181, 37, 74, 69,
       148, 59, 230, 99, 116, 96, 251, 154, 211, 40, 158, 160, 120, 142,
       90, 239, 253, 178, 69, 30, 182, 237, 131, 17, 109, 235, 217, 132,
