%YAML:1.0
---
descriptors: !!opencv-matrix
   rows: 157
   cols: 32
   dt: u
   data: [ 2, 141, 150, 158, 221, 213, 182, 199, 159, 12, 204, 3, 172,
       218, 39, 196, 201, 123, 171, 83, 70, 171, 90, 255, 53, 54, 158,
       11, 18, 92, 61, 206, 19, 90, 74, 188, 18, 130, 186, 118, 148, 68,
       82, 231, 45, 142, 179, 64, 102, 235, 183, 197, 166, 153, 6, 255,
       112, 39, 186, 128, 61, 149, 57, 89, 250, 76, 112, 239, 55, 126,
       94, 148, 85, 46, 254, 10, 107, 63, 191, 85, 254, 213, 191, 226,
       236, 182, 113, 190, 179, 253, 128, 147, 119, 255, 116, 15, 43,
       189, 98, 89, 213, 213, 248, 71, 91, 65, 124, 2, 40, 156, 246, 164,
       126, 186, 147, 152, 151, 186, 52, 247, 63, 92, 146, 235, 223, 140,
       250, 252, 228, 173, 156, 191, 184, 10, 70, 168, 52, 130, 234, 225,
       247, 99, 9, 211, 91, 238, 108, 99, 120, 240, 201, 47, 172, 182,
       103, 20, 200, 243, 131, 0, 102, 42, 152, 170, 57, 233, 17, 202,
       171, 53, 169, 153, 174, 199, 107, 26, 201, 155, 207, 16, 10, 11,
       202, 241, 217, 212, 26, 127, 144, 7, 7, 66, 104, 190, 156, 190,
       169, 249, 84, 143, 154, 63, 172, 57, 166, 187, 66, 219, 193, 243,
       237, 16, 30, 75, 202, 49, 219, 243, 84, 123, 144, 76, 222, 11, 6,
       51, 98, 129, 246, 144, 184, 89, 41, 244, 85, 231, 8, 140, 247, 14,
       174, 141, 151, 245, 134, 51, 166, 204, 30, 8, 171, 239, 239, 135,
       127, 213, 181, 71, 73, 101, 116, 27, 238, 184, 116, 160, 122, 194,
       211, 32, 149, 160, 122, 204, 70, 110, 233, 176, 109, 14, 38, 175,
       37, 4, 109, 186, 90, 164, 10, 153, 54, 220, 123, 148, 184, 230,
       191, 4, 80, 131, 172, 222, 37, 197, 238, 123, 187, 192, 70, 139,
       18, 253, 47, 50, 218, 139, 18, 5, 45, 159, 202, 188, 181, 243,
       171, 236, 56, 135, 191, 123, 154, 113, 188, 254, 68, 251, 167,
       215, 255, 145, 35, 77, 187, 243, 221, 210, 95, 234, 136, 64, 167,
       123, 150, 253, 254, 182, 175, 251, 183, 239, 222, 247, 95, 183,
       108, 252, 239, 11, 191, 127, 243, 211, 118, 253, 190, 255, 126,
       71, 95, 239, 237, 127, 173, 223, 159, 79, 226, 132, 247, 51, 190,
       87, 173, 228, 158, 167, 73, 234, 183, 132, 62, 229, 159, 229, 132,
       147, 36, 202, 50, 92, 143, 131, 175, 244, 185, 213, 29, 213, 118,
       227, 167, 31, 255, 245, 117, 110, 255, 162, 219, 93, 186, 37, 126,
       208, 151, 239, 232, 176, 61, 173, 231, 203, 230, 197, 119, 190,
       253, 251, 60, 61, 106, 234, 247, 124, 254, 250, 113, 72, 124, 139,
       27, 63, 51, 241, 126, 219, 151, 247, 188, 186, 188, 174, 127, 237,
       166, 233, 247, 255, 254, 211, 194, 152, 183, 245, 174, 102, 189,
       231, 190, 95, 210, 19, 212, 182, 108, 106, 231, 87, 123, 145, 49,
       221, 179, 226, 157, 50, 222, 198, 132, 80, 165, 123, 95, 177, 231,
       103, 55, 86, 249, 56, 119, 216, 87, 162, 249, 127, 159, 102, 54,
       221, 253, 237, 133, 208, 189, 205, 79, 255, 235, 133, 167, 166,
       117, 241, 67, 92, 50, 180, 39, 220, 182, 226, 173, 206, 94, 35,
       172, 222, 39, 196, 166, 113, 255, 67, 68, 173, 178, 239, 179, 252,
       10, 11, 6, 53, 41, 79, 239, 82, 251, 236, 172, 19, 95, 93, 93,
       202, 20, 236, 95, 223, 181, 44, 150, 245, 253, 239, 233, 39, 39,
       202, 226, 255, 229, 158, 62, 180, 192, 117, 14, 94, 102, 154, 75,
       182, 190, 98, 141, 198, 222, 167, 40, 206, 55, 196, 238, 169, 151,
       199, 196, 139, 22, 236, 50, 48, 138, 139, 23, 119, 61, 214, 94,
       92, 242, 244, 163, 246, 54, 242, 189, 206, 222, 35, 28, 191, 39,
       240, 166, 253, 159, 67, 228, 143, 48, 234, 243, 255, 106, 139,
       175, 117, 45, 83, 69, 219, 109, 175, 54, 206, 175, 184, 78, 104,
       91, 231, 221, 108, 154, 96, 54, 69, 63, 239, 209, 56, 61, 255,
       108, 46, 171, 196, 125, 170, 149, 113, 47, 19, 168, 170, 237, 93,
       85, 89, 7, 126, 181, 47, 203, 252, 251, 175, 220, 152, 151, 102,
       205, 34, 126, 144, 211, 217, 229, 191, 154, 255, 222, 215, 187,
       202, 107, 190, 102, 146, 239, 244, 113, 72, 87, 231, 121, 204,
       182, 97, 126, 237, 55, 239, 197, 247, 174, 237, 118, 105, 238,
       136, 103, 183, 243, 245, 216, 184, 183, 250, 169, 253, 81, 207,
       187, 91, 164, 24, 190, 223, 72, 191, 163, 179, 253, 16, 59, 111,
       186, 243, 155, 211, 82, 123, 210, 68, 135, 59, 77, 216, 109, 231,
       54, 94, 235, 184, 68, 108, 87, 230, 221, 125, 146, 96, 54, 245,
       63, 239, 193, 176, 61, 253, 237, 45, 171, 196, 55, 171, 21, 241,
       217, 81, 233, 207, 54, 86, 107, 184, 32, 200, 87, 230, 249, 119,
       155, 231, 118, 244, 61, 238, 193, 148, 237, 233, 102, 233, 175,
       132, 47, 183, 81, 121, 126, 77, 114, 239, 55, 94, 94, 148, 21, 38,
       242, 11, 107, 127, 63, 85, 254, 213, 191, 226, 232, 178, 89, 236,
       179, 254, 196, 151, 119, 255, 124, 15, 182, 52, 18, 130, 205, 119,
       182, 65, 137, 134, 185, 27, 12, 156, 117, 14, 234, 181, 207, 179,
       92, 231, 210, 202, 29, 20, 143, 59, 199, 111, 247, 134, 194, 188,
       149, 179, 171, 236, 45, 199, 191, 251, 186, 80, 252, 246, 64, 239,
       167, 251, 127, 145, 51, 77, 187, 243, 157, 150, 223, 234, 128, 80,
       167, 253, 2, 133, 16, 155, 213, 215, 190, 175, 31, 5, 74, 19, 236,
       126, 46, 196, 217, 19, 147, 161, 118, 152, 89, 255, 45, 54, 158,
       71, 18, 12, 189, 222, 61, 95, 123, 238, 118, 147, 239, 244, 85,
       128, 254, 230, 115, 233, 181, 96, 126, 250, 23, 234, 201, 179, 44,
       191, 114, 237, 167, 136, 127, 187, 112, 177, 24, 205, 63, 237, 48,
       194, 79, 181, 132, 12, 202, 227, 247, 119, 32, 64, 86, 116, 29,
       234, 73, 137, 97, 63, 225, 164, 174, 208, 48, 186, 165, 121, 162,
       49, 181, 156, 79, 245, 152, 107, 203, 158, 176, 95, 44, 188, 116,
       143, 140, 179, 211, 1, 214, 107, 82, 217, 21, 16, 90, 187, 85, 76,
       87, 207, 222, 60, 158, 48, 170, 56, 88, 131, 171, 159, 182, 189,
       143, 174, 67, 27, 167, 215, 237, 21, 62, 77, 146, 0, 218, 227,
       127, 255, 232, 96, 143, 19, 35, 205, 32, 154, 93, 213, 180, 206,
       223, 81, 72, 11, 168, 156, 54, 36, 201, 43, 147, 65, 70, 47, 122,
       245, 37, 24, 158, 43, 81, 28, 221, 206, 60, 157, 228, 231, 245,
       86, 251, 252, 97, 205, 252, 130, 123, 63, 155, 180, 126, 222, 151,
       252, 154, 186, 125, 172, 111, 207, 166, 197, 231, 159, 254, 251,
       210, 93, 50, 156, 67, 244, 190, 98, 173, 134, 90, 163, 172, 254,
       39, 196, 166, 123, 187, 195, 100, 139, 146, 239, 177, 52, 26, 139,
       6, 117, 45, 143, 48, 141, 74, 254, 22, 227, 203, 99, 196, 0, 216,
       130, 113, 233, 49, 96, 90, 170, 10, 201, 26, 171, 94, 63, 248,
       173, 162, 72, 53, 139, 112, 168, 138, 220, 50, 159, 51, 212, 60,
       230, 31, 79, 84, 163, 172, 222, 38, 196, 230, 59, 155, 192, 102,
       156, 50, 255, 39, 119, 154, 139, 18, 20, 45, 223, 155, 112, 244,
       229, 55, 86, 120, 25, 127, 252, 119, 163, 73, 31, 158, 230, 182,
       149, 253, 173, 204, 244, 181, 204, 199, 251, 235, 135, 39, 166,
       124, 87, 17, 141, 107, 255, 244, 162, 239, 247, 117, 79, 254, 246,
       113, 239, 176, 96, 127, 234, 55, 141, 249, 155, 45, 255, 250, 239,
       174, 192, 53, 202, 240, 249, 88, 187, 156, 56, 171, 189, 20, 207,
       175, 61, 184, 45, 174, 189, 66, 154, 135, 211, 236, 16, 30, 107,
       194, 49, 219, 215, 117, 127, 216, 72, 143, 27, 22, 123, 106, 130,
       246, 145, 190, 65, 169, 228, 221, 231, 9, 204, 246, 0, 62, 161,
       215, 247, 212, 51, 44, 204, 54, 4, 175, 171, 109, 135, 191, 213,
       106, 185, 249, 152, 239, 245, 177, 103, 139, 253, 60, 175, 12,
       188, 102, 10, 239, 179, 243, 17, 151, 43, 242, 208, 95, 23, 90,
       251, 215, 76, 151, 255, 53, 99, 105, 69, 28, 11, 199, 248, 86,
       224, 187, 206, 83, 64, 221, 48, 90, 204, 70, 238, 201, 178, 109,
       30, 52, 140, 165, 180, 117, 187, 82, 32, 125, 103, 72, 5, 184, 91,
       71, 168, 99, 228, 174, 168, 67, 97, 139, 18, 88, 196, 236, 110,
       76, 50, 237, 28, 254, 231, 69, 53, 115, 251, 78, 68, 205, 248,
       191, 127, 77, 253, 121, 154, 255, 155, 36, 16, 252, 255, 89, 123,
