%YAML:1.0
---
descriptors: !!opencv-matrix
   rows: 153
   cols: 32
   dt: u
   data: [ 140, 157, 54, 254, 249, 237, 94, 240, 191, 11, 253, 25, 255,
       255, 40, 208, 247, 251, 255, 82, 58, 99, 26, 255, 251, 223, 39,
       251, 146, 215, 231, 147, 238, 188, 118, 210, 239, 221, 252, 99,
       187, 246, 177, 155, 12, 254, 86, 159, 175, 179, 247, 131, 244,
       111, 210, 242, 31, 26, 223, 235, 199, 69, 255, 215, 126, 242, 253,
       250, 235, 121, 84, 139, 203, 191, 188, 185, 142, 254, 207, 191,
       135, 219, 236, 16, 30, 98, 234, 241, 223, 209, 117, 255, 246, 124,
       206, 103, 222, 242, 244, 83, 235, 56, 188, 140, 187, 191, 179,
       255, 204, 175, 207, 223, 167, 215, 239, 150, 54, 87, 139, 240, 30,
       247, 223, 231, 167, 245, 143, 87, 33, 207, 2, 158, 85, 148, 166,
       231, 94, 13, 120, 71, 32, 232, 54, 196, 216, 42, 2, 197, 198, 170,
       18, 255, 48, 62, 158, 10, 25, 28, 248, 140, 56, 207, 0, 175, 92,
       139, 71, 254, 70, 4, 124, 2, 179, 193, 32, 68, 88, 234, 6, 74, 74,
       58, 72, 189, 244, 164, 164, 57, 115, 154, 212, 168, 129, 75, 201,
       249, 36, 131, 109, 212, 95, 2, 80, 210, 189, 131, 241, 104, 122,
       232, 23, 206, 227, 244, 71, 243, 196, 219, 154, 0, 28, 217, 113,
       168, 245, 84, 197, 197, 132, 14, 239, 189, 116, 226, 118, 198,
       115, 97, 213, 127, 127, 236, 62, 238, 233, 244, 253, 138, 102,
       170, 231, 132, 111, 250, 208, 120, 125, 82, 253, 229, 100, 42,
       111, 16, 100, 234, 254, 230, 243, 33, 145, 114, 126, 228, 126,
       110, 137, 180, 229, 8, 228, 171, 224, 128, 109, 251, 80, 113, 59,
       48, 126, 233, 110, 223, 249, 81, 109, 121, 246, 175, 31, 29, 214,
       44, 238, 189, 247, 149, 143, 186, 117, 192, 87, 89, 32, 194, 111,
       140, 116, 255, 88, 178, 59, 32, 43, 92, 85, 55, 225, 93, 182, 124,
       46, 151, 130, 23, 166, 132, 204, 0, 207, 105, 161, 1, 211, 241,
       48, 155, 98, 132, 198, 119, 39, 79, 133, 31, 213, 54, 238, 236,
       95, 226, 219, 70, 232, 104, 189, 164, 217, 110, 50, 239, 237, 242,
       125, 239, 46, 126, 207, 134, 79, 127, 248, 148, 185, 141, 239,
       229, 212, 78, 111, 125, 117, 226, 250, 66, 115, 113, 144, 115,
       120, 198, 126, 238, 249, 248, 125, 15, 117, 170, 229, 4, 109, 250,
       240, 240, 196, 208, 157, 215, 170, 124, 17, 157, 158, 123, 135,
       114, 220, 119, 201, 110, 23, 86, 126, 26, 51, 69, 251, 226, 143,
       182, 119, 94, 146, 202, 133, 113, 183, 95, 110, 38, 180, 146, 78,
       240, 245, 200, 219, 231, 67, 206, 183, 113, 124, 228, 21, 239,
       237, 147, 12, 238, 178, 110, 165, 129, 45, 183, 120, 85, 233, 232,
       188, 119, 141, 221, 100, 175, 251, 243, 38, 24, 246, 248, 88, 179,
       129, 110, 120, 12, 103, 124, 219, 55, 239, 219, 85, 112, 74, 24,
       218, 14, 188, 93, 108, 109, 21, 91, 87, 188, 53, 230, 246, 15, 75,
       93, 19, 149, 120, 228, 236, 106, 108, 182, 121, 174, 247, 235,
       101, 21, 99, 191, 94, 90, 42, 255, 43, 170, 127, 193, 187, 234,
       142, 12, 152, 175, 172, 140, 59, 0, 236, 27, 223, 199, 10, 43, 10,
       255, 241, 20, 138, 191, 85, 15, 55, 218, 174, 251, 246, 90, 237,
       189, 173, 220, 143, 126, 245, 190, 104, 199, 255, 158, 111, 106,
       247, 222, 210, 99, 250, 241, 31, 24, 199, 234, 223, 223, 230, 245,
       77, 180, 156, 115, 153, 252, 97, 139, 234, 177, 175, 24, 158, 240,
       72, 122, 129, 70, 104, 24, 19, 105, 251, 35, 207, 255, 21, 126,
       200, 65, 203, 34, 40, 207, 67, 206, 213, 201, 231, 239, 6, 4, 120,
       170, 34, 165, 160, 132, 88, 106, 130, 72, 66, 186, 104, 191, 53,
       132, 132, 57, 115, 154, 212, 168, 121, 114, 113, 229, 101, 92,
       121, 16, 97, 204, 116, 103, 27, 31, 147, 242, 110, 156, 149, 238,
       201, 54, 240, 128, 215, 249, 162, 168, 111, 182, 102, 251, 242,
       70, 238, 52, 39, 59, 220, 138, 95, 179, 242, 251, 106, 232, 31,
       25, 191, 253, 253, 39, 236, 247, 79, 235, 18, 126, 221, 151, 229,
       125, 120, 15, 56, 241, 123, 104, 122, 205, 87, 245, 99, 13, 252,
       9, 63, 159, 72, 48, 190, 155, 87, 80, 74, 43, 48, 61, 251, 205,
       36, 121, 113, 26, 198, 187, 40, 191, 112, 72, 213, 221, 247, 255,
       83, 109, 124, 14, 8, 221, 246, 180, 24, 154, 146, 88, 214, 58,
       124, 183, 127, 93, 5, 239, 115, 142, 222, 215, 43, 181, 112, 202,
       245, 221, 251, 223, 15, 73, 125, 171, 8, 221, 254, 164, 159, 155,
       151, 81, 215, 58, 122, 245, 47, 92, 13, 239, 215, 14, 214, 247,
       90, 188, 158, 254, 139, 244, 52, 199, 185, 19, 102, 48, 44, 254,
       102, 251, 163, 115, 248, 16, 55, 201, 178, 225, 155, 247, 94, 75,
       130, 84, 175, 30, 19, 149, 107, 205, 114, 210, 109, 119, 117, 76,
       222, 230, 113, 54, 182, 117, 118, 175, 23, 173, 249, 153, 37, 207,
       176, 111, 170, 128, 45, 132, 177, 253, 67, 176, 175, 52, 106, 12,
       185, 51, 169, 217, 51, 125, 220, 63, 148, 123, 166, 213, 125, 133,
       209, 75, 147, 193, 85, 59, 122, 202, 73, 36, 131, 115, 56, 89, 25,
       238, 61, 205, 83, 120, 7, 40, 237, 12, 191, 209, 33, 240, 216,
       184, 78, 74, 75, 35, 88, 189, 243, 221, 1, 56, 122, 59, 82, 58,
       157, 165, 134, 189, 221, 47, 229, 251, 118, 226, 206, 86, 243,
       225, 27, 97, 121, 142, 122, 173, 253, 245, 213, 159, 253, 239,
       199, 20, 235, 232, 241, 128, 10, 184, 167, 158, 121, 245, 185,
       207, 191, 29, 196, 149, 172, 198, 102, 204, 231, 59, 251, 149, 2,
       75, 250, 245, 31, 115, 155, 235, 18, 4, 175, 255, 174, 94, 148,
       183, 173, 63, 180, 135, 159, 183, 2, 49, 238, 121, 69, 203, 205,
       119, 235, 17, 60, 252, 203, 170, 175, 210, 223, 19, 130, 125, 140,
       15, 77, 78, 207, 105, 180, 46, 111, 146, 124, 138, 122, 68, 211,
       64, 145, 120, 209, 100, 46, 62, 136, 180, 101, 10, 196, 255, 48,
       128, 216, 251, 81, 33, 168, 31, 124, 253, 228, 201, 85, 119, 21,
       14, 116, 51, 59, 253, 35, 81, 78, 250, 135, 0, 96, 190, 66, 191,
       103, 235, 116, 41, 115, 216, 204, 155, 26, 34, 111, 233, 106, 217,
       249, 81, 45, 125, 246, 163, 137, 143, 214, 104, 110, 157, 239,
       145, 138, 187, 229, 192, 214, 233, 186, 129, 103, 136, 37, 249,
       91, 50, 110, 169, 110, 155, 121, 83, 37, 125, 214, 167, 171, 143,
       214, 73, 110, 172, 255, 157, 138, 154, 247, 209, 214, 105, 186,
       129, 47, 140, 120, 217, 42, 168, 188, 250, 253, 249, 241, 207,
       159, 61, 181, 25, 172, 223, 78, 14, 201, 27, 251, 17, 22, 107,
       250, 245, 223, 219, 94, 123, 210, 12, 223, 234, 238, 176, 252,
       248, 239, 249, 145, 203, 203, 253, 180, 59, 46, 221, 207, 191,
       143, 155, 255, 17, 22, 111, 234, 209, 95, 209, 55, 255, 247, 76,
       207, 199, 113, 48, 40, 169, 13, 13, 225, 80, 110, 101, 166, 15,
       151, 8, 18, 72, 104, 132, 123, 13, 140, 49, 245, 208, 213, 57, 18,
       48, 89, 140, 91, 68, 234, 186, 244, 212, 111, 185, 48, 87, 139,
       189, 180, 189, 46, 157, 198, 159, 135, 191, 239, 16, 150, 111,
       226, 208, 30, 81, 80, 251, 198, 140, 79, 223, 11, 158, 154, 157,
       242, 240, 185, 87, 190, 71, 94, 183, 172, 166, 230, 204, 103, 59,
       163, 132, 151, 220, 182, 227, 12, 55, 58, 203, 158, 68, 173, 221,
       56, 84, 110, 109, 5, 95, 87, 252, 117, 238, 246, 15, 123, 93, 23,
       48, 120, 252, 253, 106, 237, 183, 113, 174, 243, 239, 100, 145,
       99, 190, 94, 91, 204, 189, 252, 127, 253, 255, 126, 190, 214, 190,
       95, 17, 233, 237, 222, 227, 23, 126, 251, 238, 246, 204, 255, 191,
       111, 111, 229, 165, 182, 247, 204, 211, 26, 143, 122, 188, 18,
       194, 63, 230, 189, 4, 254, 163, 45, 239, 163, 64, 102, 251, 175,
       193, 100, 139, 6, 255, 242, 231, 58, 139, 53, 148, 37, 203, 195,
       184, 167, 149, 99, 252, 184, 71, 191, 251, 82, 247, 172, 190, 214,
       239, 167, 63, 251, 133, 183, 221, 183, 195, 156, 118, 94, 130,
       142, 68, 131, 253, 166, 149, 245, 95, 219, 249, 183, 233, 222, 31,
       121, 50, 108, 244, 172, 228, 27, 122, 162, 2, 115, 252, 107, 247,
       47, 118, 87, 203, 83, 78, 197, 231, 19, 50, 239, 157, 62, 211,
       105, 122, 86, 249, 214, 230, 243, 244, 178, 104, 127, 236, 127,
