%YAML:1.0
---
descriptors: !!opencv-matrix
   rows: 174
   cols: 32
   dt: u
   data: [ 173, 237, 107, 250, 236, 9, 239, 253, 221, 90, 120, 118, 123,
       233, 253, 97, 123, 202, 23, 111, 251, 118, 46, 242, 126, 217, 231,
       172, 253, 251, 240, 161, 131, 143, 103, 137, 246, 147, 174, 255,
       221, 74, 90, 230, 224, 106, 180, 228, 111, 35, 159, 175, 247, 137,
       13, 255, 46, 126, 174, 198, 28, 200, 177, 141, 75, 35, 237, 85,
       238, 24, 249, 59, 123, 241, 84, 250, 185, 45, 212, 47, 46, 63, 55,
       141, 181, 120, 231, 204, 78, 91, 251, 168, 231, 164, 211, 253, 23,
       139, 239, 179, 194, 1, 189, 217, 46, 113, 82, 195, 189, 175, 249,
       105, 103, 27, 63, 221, 211, 88, 47, 241, 220, 11, 254, 196, 181,
       134, 177, 248, 25, 198, 107, 233, 54, 131, 237, 119, 84, 67, 222,
       214, 17, 135, 178, 96, 127, 136, 22, 172, 219, 191, 37, 215, 240,
       207, 186, 196, 181, 136, 240, 249, 236, 52, 25, 231, 56, 79, 67,
       56, 50, 232, 163, 8, 215, 23, 72, 48, 152, 148, 92, 98, 105, 86,
       217, 30, 229, 209, 33, 52, 8, 35, 2, 50, 17, 132, 207, 253, 150,
       162, 233, 87, 116, 3, 211, 82, 89, 131, 184, 104, 121, 206, 55,
       185, 185, 149, 37, 198, 240, 175, 250, 196, 165, 209, 240, 32,
       158, 66, 6, 185, 163, 54, 60, 199, 61, 31, 86, 181, 140, 14, 106,
       205, 231, 15, 189, 149, 118, 221, 1, 192, 130, 243, 222, 195, 134,
       84, 173, 95, 151, 68, 237, 71, 142, 51, 143, 184, 86, 242, 150,
       214, 209, 104, 223, 111, 127, 196, 122, 175, 237, 230, 255, 200,
       44, 10, 255, 180, 189, 251, 80, 244, 198, 226, 182, 147, 171, 228,
       189, 143, 174, 159, 155, 49, 236, 238, 78, 78, 167, 87, 235, 145,
       18, 73, 171, 225, 173, 50, 94, 219, 128, 84, 165, 95, 62, 61, 112,
       222, 126, 241, 187, 88, 159, 72, 93, 235, 124, 252, 191, 36, 254,
       59, 151, 211, 130, 35, 42, 255, 83, 93, 171, 171, 87, 79, 55, 243,
       169, 237, 83, 97, 116, 141, 226, 246, 121, 9, 116, 92, 191, 153,
       208, 180, 146, 42, 86, 92, 243, 188, 144, 47, 45, 220, 36, 104,
       74, 152, 203, 169, 6, 141, 48, 139, 245, 183, 190, 237, 31, 13,
       93, 3, 236, 126, 47, 64, 221, 27, 147, 243, 182, 152, 73, 255, 47,
       20, 142, 199, 150, 95, 189, 143, 97, 93, 175, 85, 164, 94, 69, 55,
       241, 238, 102, 0, 243, 52, 149, 127, 72, 230, 52, 44, 233, 248,
       117, 8, 111, 186, 245, 0, 192, 248, 80, 124, 177, 203, 104, 9, 92,
       147, 202, 252, 71, 116, 180, 207, 131, 8, 150, 212, 88, 200, 70,
       239, 238, 46, 109, 63, 46, 73, 165, 253, 119, 158, 90, 204, 35,
       184, 132, 23, 109, 157, 224, 134, 90, 113, 32, 92, 162, 184, 86,
       174, 137, 106, 114, 93, 183, 120, 223, 177, 14, 27, 85, 114, 217,
       12, 216, 156, 2, 157, 18, 184, 53, 221, 48, 103, 189, 13, 74, 35,
       172, 154, 34, 196, 224, 59, 139, 1, 118, 153, 0, 223, 173, 116,
       26, 67, 16, 12, 189, 15, 212, 130, 158, 247, 164, 10, 77, 176,
       166, 31, 134, 177, 215, 99, 137, 91, 67, 230, 109, 24, 56, 196,
       203, 32, 204, 227, 247, 149, 160, 224, 4, 2, 67, 243, 173, 1, 228,
       31, 173, 159, 110, 121, 82, 196, 144, 4, 222, 38, 4, 78, 126, 93,
       211, 216, 247, 81, 44, 24, 191, 228, 140, 152, 209, 253, 10, 141,
       16, 137, 213, 247, 182, 171, 15, 5, 74, 19, 204, 58, 38, 196, 209,
       27, 179, 1, 86, 152, 89, 255, 45, 54, 154, 71, 146, 78, 189, 134,
       45, 181, 185, 97, 245, 255, 211, 155, 83, 233, 45, 8, 83, 57, 94,
       48, 153, 78, 16, 62, 159, 48, 249, 22, 111, 221, 5, 117, 218, 203,
       218, 226, 154, 92, 38, 189, 67, 246, 188, 71, 157, 6, 194, 147,
       44, 190, 35, 201, 238, 187, 147, 133, 36, 159, 16, 202, 147, 115,
       218, 3, 23, 84, 45, 218, 138, 153, 32, 184, 93, 213, 144, 111,
       159, 28, 192, 3, 172, 158, 98, 193, 200, 59, 147, 129, 118, 15,
       18, 255, 187, 81, 154, 107, 18, 12, 53, 206, 129, 223, 111, 223,
       118, 135, 175, 247, 220, 200, 90, 230, 244, 101, 180, 97, 110,
       106, 23, 239, 241, 184, 45, 127, 108, 10, 238, 128, 29, 138, 177,
       249, 42, 116, 114, 195, 117, 255, 122, 86, 21, 109, 124, 27, 42,
       29, 54, 244, 252, 186, 151, 177, 62, 186, 112, 223, 63, 93, 128,
       227, 55, 142, 222, 223, 129, 159, 79, 159, 110, 134, 175, 182,
       220, 90, 90, 230, 245, 34, 180, 99, 110, 103, 63, 239, 225, 217,
       15, 125, 36, 42, 238, 128, 28, 248, 49, 185, 71, 163, 97, 129,
       252, 13, 237, 21, 78, 233, 91, 238, 209, 196, 220, 164, 86, 12,
       126, 189, 215, 152, 229, 192, 44, 24, 175, 244, 140, 142, 209,
       245, 131, 18, 99, 153, 55, 247, 185, 91, 95, 79, 215, 247, 136,
       204, 183, 108, 254, 41, 151, 181, 183, 165, 53, 223, 6, 30, 154,
       135, 223, 76, 249, 213, 159, 29, 50, 168, 247, 247, 146, 222, 95,
       77, 92, 35, 44, 28, 55, 164, 255, 187, 151, 241, 182, 58, 48, 254,
       187, 92, 14, 235, 247, 29, 45, 207, 103, 123, 249, 68, 228, 29,
       207, 221, 75, 232, 188, 110, 91, 168, 213, 180, 94, 204, 54, 74,
       201, 50, 236, 160, 54, 221, 165, 188, 79, 251, 210, 189, 178, 238,
       104, 1, 92, 219, 199, 239, 87, 228, 164, 155, 3, 8, 86, 17, 89,
       140, 66, 253, 238, 62, 125, 30, 62, 8, 133, 117, 117, 140, 222,
       204, 82, 154, 130, 162, 227, 144, 56, 135, 47, 29, 66, 167, 172,
       46, 106, 220, 231, 131, 175, 149, 22, 24, 3, 224, 158, 118, 158,
       199, 134, 84, 173, 95, 115, 195, 67, 207, 52, 130, 107, 117, 4,
       73, 211, 230, 113, 131, 184, 100, 126, 172, 31, 237, 201, 155, 69,
       157, 240, 172, 170, 192, 61, 138, 240, 57, 77, 53, 189, 225, 160,
       110, 123, 24, 56, 235, 63, 88, 223, 119, 65, 123, 151, 85, 125,
       122, 177, 80, 185, 0, 207, 251, 103, 196, 128, 241, 67, 35, 76,
       249, 189, 97, 168, 77, 119, 186, 42, 121, 52, 28, 222, 55, 72, 50,
       149, 87, 117, 120, 211, 80, 249, 81, 239, 219, 101, 116, 200, 144,
       135, 243, 123, 231, 225, 71, 118, 19, 79, 127, 83, 239, 246, 254,
       91, 109, 150, 180, 127, 238, 182, 172, 188, 250, 237, 142, 126,
       111, 229, 212, 231, 172, 250, 85, 246, 116, 19, 168, 25, 237, 90,
       73, 175, 140, 177, 25, 206, 222, 41, 144, 248, 189, 207, 35, 104,
       39, 146, 222, 145, 240, 11, 63, 80, 38, 39, 130, 191, 167, 111,
       206, 254, 115, 206, 236, 147, 234, 188, 171, 73, 237, 255, 163,
       127, 222, 151, 239, 236, 99, 172, 190, 58, 75, 175, 191, 247, 254,
       118, 253, 81, 135, 207, 231, 150, 34, 233, 57, 38, 161, 155, 230,
       89, 43, 248, 98, 127, 134, 127, 189, 153, 153, 141, 192, 220, 172,
       175, 196, 173, 170, 241, 41, 46, 232, 160, 200, 221, 113, 178,
       202, 31, 53, 76, 3, 140, 252, 126, 128, 217, 89, 147, 209, 22, 50,
       122, 243, 63, 85, 143, 111, 147, 127, 61, 198, 23, 255, 251, 252,
       126, 241, 187, 216, 159, 73, 92, 227, 61, 255, 191, 36, 62, 123,
       151, 197, 131, 35, 46, 255, 114, 77, 171, 170, 245, 223, 49, 253,
       2, 141, 173, 179, 224, 106, 189, 135, 62, 55, 10, 147, 141, 46,
       82, 75, 163, 87, 187, 149, 54, 216, 173, 226, 237, 119, 222, 197,
       132, 84, 149, 202, 182, 243, 235, 170, 254, 129, 239, 216, 23, 93,
       245, 247, 65, 205, 251, 0, 127, 200, 135, 247, 179, 35, 46, 243,
       120, 4, 171, 252, 253, 191, 244, 241, 86, 182, 177, 154, 139, 225,
       25, 206, 187, 31, 128, 185, 236, 254, 78, 22, 167, 211, 237, 145,
       34, 75, 170, 243, 153, 80, 31, 255, 144, 4, 167, 127, 143, 220,
       231, 214, 247, 48, 190, 254, 59, 211, 95, 243, 104, 127, 253, 239,
       55, 211, 183, 255, 243, 209, 47, 239, 62, 94, 223, 198, 175, 247,
       241, 253, 230, 248, 18, 190, 25, 205, 82, 232, 175, 140, 169, 9,
       238, 222, 111, 208, 208, 249, 255, 67, 78, 7, 218, 255, 185, 212,
       11, 59, 16, 47, 39, 86, 113, 205, 103, 254, 141, 212, 207, 253,
       197, 192, 207, 2, 113, 253, 56, 100, 120, 226, 59, 239, 73, 43,
       62, 189, 251, 239, 206, 16, 55, 190, 240, 120, 23, 192, 239, 251,
       150, 134, 109, 197, 116, 1, 195, 130, 81, 227, 57, 104, 121, 204,
       59, 217, 27, 209, 29, 228, 249, 175, 222, 68, 165, 146, 240, 32,
