%YAML:1.0
---
descriptors: !!opencv-matrix
   rows: 194
   cols: 32
   dt: u
   data: [ 104, 166, 180, 120, 45, 189, 81, 75, 239, 63, 165, 24, 143,
       240, 84, 191, 137, 178, 236, 25, 186, 111, 218, 145, 217, 219, 81,
       127, 210, 76, 206, 44, 220, 26, 156, 244, 168, 108, 85, 155, 178,
       191, 182, 56, 223, 243, 67, 91, 133, 215, 109, 24, 56, 69, 203, 2,
       219, 235, 119, 188, 160, 112, 135, 43, 184, 180, 184, 112, 249,
       237, 81, 95, 187, 59, 164, 24, 63, 183, 64, 56, 129, 187, 221, 16,
       58, 111, 242, 19, 251, 223, 20, 123, 226, 64, 198, 43, 88, 185,
       92, 112, 91, 205, 82, 254, 163, 57, 164, 13, 63, 155, 66, 16, 167,
       147, 221, 64, 74, 75, 146, 53, 251, 201, 52, 123, 106, 1, 171, 27,
       41, 171, 218, 105, 240, 143, 127, 87, 115, 9, 124, 76, 31, 179, 0,
       16, 180, 154, 4, 28, 154, 186, 16, 63, 239, 221, 52, 64, 234, 146,
       202, 139, 146, 222, 6, 188, 43, 192, 154, 226, 157, 14, 210, 183,
       45, 143, 39, 65, 238, 99, 191, 199, 100, 143, 2, 255, 146, 115,
       250, 139, 21, 5, 61, 223, 189, 253, 237, 69, 220, 55, 79, 191, 83,
       234, 156, 12, 91, 125, 211, 51, 29, 222, 85, 238, 233, 210, 253,
       46, 107, 79, 229, 180, 239, 247, 210, 240, 22, 71, 22, 135, 221,
       59, 182, 200, 191, 160, 251, 75, 206, 248, 45, 196, 248, 197, 234,
       99, 60, 243, 27, 250, 180, 22, 15, 19, 137, 127, 217, 6, 64, 189,
       159, 242, 155, 236, 51, 167, 186, 25, 10, 16, 188, 247, 96, 66,
       161, 119, 123, 16, 83, 73, 186, 113, 253, 166, 94, 72, 128, 64,
       165, 58, 191, 127, 237, 71, 210, 23, 159, 252, 18, 234, 244, 238,
       83, 124, 159, 33, 31, 220, 149, 238, 237, 246, 125, 46, 123, 15,
       101, 180, 111, 255, 214, 245, 56, 141, 18, 234, 149, 167, 210,
       103, 149, 1, 203, 7, 105, 233, 32, 192, 216, 170, 131, 48, 58,
       187, 88, 191, 251, 245, 130, 65, 62, 14, 252, 130, 45, 148, 253,
       117, 229, 127, 245, 187, 83, 243, 63, 26, 91, 61, 94, 43, 25, 86,
       241, 56, 181, 252, 123, 128, 79, 219, 85, 101, 239, 236, 216, 242,
       126, 232, 2, 190, 13, 205, 23, 232, 143, 52, 129, 11, 110, 216,
       127, 20, 248, 231, 251, 71, 78, 67, 218, 253, 241, 212, 139, 59,
       26, 31, 27, 78, 63, 159, 106, 14, 254, 147, 198, 248, 84, 64, 248,
       231, 99, 200, 191, 160, 126, 234, 22, 239, 223, 163, 12, 191, 58,
       13, 165, 144, 125, 191, 120, 149, 191, 227, 114, 86, 245, 89, 86,
       204, 243, 85, 181, 184, 107, 200, 223, 183, 90, 200, 196, 126, 46,
       103, 236, 187, 50, 217, 5, 63, 99, 191, 206, 68, 189, 108, 124,
       113, 229, 63, 71, 218, 81, 250, 53, 24, 91, 61, 91, 57, 157, 200,
       23, 62, 169, 246, 121, 30, 103, 203, 117, 52, 243, 249, 90, 194,
       201, 184, 159, 179, 41, 238, 104, 23, 183, 81, 226, 17, 255, 151,
       0, 91, 229, 247, 125, 156, 27, 220, 211, 97, 207, 251, 218, 64,
       136, 0, 130, 26, 126, 33, 50, 174, 9, 151, 91, 72, 175, 164, 237,
       137, 207, 230, 43, 148, 220, 245, 205, 227, 8, 131, 219, 156, 145,
       213, 139, 59, 18, 47, 38, 102, 189, 213, 65, 237, 150, 71, 143,
       253, 22, 226, 64, 194, 81, 117, 57, 225, 121, 92, 19, 235, 233,
       246, 93, 30, 233, 131, 175, 36, 61, 250, 177, 176, 204, 66, 140,
       37, 32, 10, 95, 184, 100, 76, 86, 237, 215, 35, 155, 91, 146, 196,
       109, 110, 236, 208, 205, 12, 198, 227, 96, 149, 40, 179, 79, 83,
       207, 115, 237, 69, 226, 50, 127, 152, 121, 250, 23, 244, 217, 39,
       223, 127, 55, 84, 117, 238, 225, 84, 237, 194, 70, 123, 239, 132,
       46, 241, 67, 241, 61, 148, 253, 87, 165, 90, 85, 191, 83, 247, 54,
       58, 91, 125, 222, 175, 51, 222, 180, 41, 253, 248, 61, 142, 107,
       239, 117, 69, 231, 236, 222, 110, 252, 180, 184, 98, 137, 93, 87,
       184, 123, 115, 165, 24, 215, 127, 78, 51, 153, 208, 124, 122, 123,
       102, 251, 51, 219, 219, 69, 125, 88, 203, 206, 50, 112, 5, 71,
       236, 29, 66, 71, 104, 132, 0, 202, 2, 83, 115, 40, 113, 120, 228,
       40, 234, 104, 131, 17, 28, 241, 234, 192, 16, 48, 171, 116, 32,
       183, 102, 236, 7, 30, 19, 143, 120, 80, 238, 159, 239, 65, 44,
       158, 131, 127, 228, 205, 175, 236, 227, 109, 46, 186, 111, 239,
       149, 109, 255, 126, 213, 190, 90, 43, 12, 108, 218, 199, 240, 145,
       78, 214, 237, 66, 204, 183, 1, 220, 228, 229, 103, 201, 167, 230,
       46, 114, 51, 224, 155, 71, 63, 118, 247, 141, 207, 237, 222, 244,
       23, 239, 252, 86, 218, 116, 214, 89, 109, 189, 41, 127, 202, 23,
       238, 225, 118, 47, 255, 111, 15, 239, 172, 255, 251, 241, 224, 81,
       39, 90, 32, 114, 30, 114, 72, 105, 44, 252, 108, 79, 10, 158, 80,
       182, 141, 76, 109, 140, 243, 133, 78, 178, 253, 33, 135, 96, 6,
       107, 5, 201, 132, 238, 87, 228, 48, 249, 23, 250, 87, 95, 146,
       249, 107, 158, 107, 39, 70, 127, 141, 178, 220, 167, 99, 71, 107,
       250, 129, 167, 192, 251, 232, 114, 130, 106, 184, 122, 163, 153,
       105, 156, 13, 212, 171, 5, 143, 34, 80, 127, 151, 239, 181, 26,
       11, 70, 53, 216, 39, 186, 249, 20, 8, 55, 219, 74, 156, 147, 242,
       161, 196, 49, 183, 169, 27, 74, 84, 188, 183, 32, 123, 165, 51,
       61, 16, 83, 201, 146, 225, 137, 242, 94, 74, 136, 64, 165, 59,
       195, 182, 158, 26, 170, 188, 181, 183, 190, 95, 190, 253, 188,
       246, 206, 123, 167, 51, 238, 21, 183, 77, 179, 83, 252, 55, 126,
       218, 200, 208, 163, 125, 89, 188, 158, 120, 168, 172, 85, 214,
       122, 31, 166, 28, 63, 179, 2, 123, 161, 38, 108, 8, 50, 107, 179,
       1, 251, 235, 116, 93, 234, 240, 234, 203, 33, 153, 105, 105, 212,
       222, 225, 55, 116, 73, 254, 66, 243, 24, 148, 96, 120, 174, 38,
       152, 185, 186, 117, 63, 109, 239, 178, 64, 217, 136, 208, 168,
       189, 116, 82, 240, 245, 47, 86, 210, 81, 234, 177, 93, 15, 89, 77,
       153, 153, 171, 4, 50, 109, 102, 24, 190, 178, 219, 5, 62, 107,
       125, 74, 146, 56, 160, 253, 119, 245, 122, 113, 191, 115, 255,
       118, 18, 123, 61, 222, 175, 35, 214, 181, 25, 188, 248, 175, 164,
       79, 235, 117, 69, 231, 236, 212, 111, 124, 32, 120, 161, 45, 89,
       80, 64, 41, 164, 182, 41, 143, 31, 2, 16, 234, 145, 205, 112, 12,
       50, 193, 128, 211, 209, 3, 51, 99, 139, 78, 66, 40, 163, 250, 105,
       244, 143, 127, 85, 115, 5, 108, 4, 55, 163, 74, 16, 18, 138, 2,
       92, 146, 184, 208, 83, 111, 189, 36, 96, 200, 130, 202, 168, 32,
       141, 26, 250, 212, 231, 210, 227, 22, 9, 201, 3, 116, 249, 32, 64,
       217, 186, 3, 16, 58, 170, 88, 191, 235, 183, 130, 75, 144, 10,
       248, 130, 220, 203, 95, 231, 38, 10, 111, 184, 36, 174, 247, 198,
       247, 103, 153, 83, 118, 196, 108, 110, 232, 181, 109, 44, 240,
       235, 101, 148, 36, 187, 196, 97, 117, 133, 218, 166, 196, 61, 110,
       252, 118, 227, 255, 78, 83, 232, 250, 112, 121, 206, 38, 186, 151,
       182, 157, 51, 252, 175, 39, 44, 185, 251, 234, 128, 1, 133, 62,
       124, 52, 188, 249, 51, 237, 73, 127, 84, 190, 189, 190, 100, 164,
       34, 23, 12, 147, 185, 50, 199, 79, 255, 50, 194, 202, 200, 225,
       249, 147, 92, 231, 151, 134, 50, 173, 70, 124, 87, 82, 215, 105,
       42, 182, 107, 103, 71, 59, 143, 181, 221, 53, 234, 148, 42, 222,
       128, 173, 117, 177, 220, 152, 76, 69, 229, 52, 107, 78, 190, 21,
       226, 150, 226, 243, 37, 145, 239, 90, 212, 124, 234, 105, 228,
       109, 142, 160, 234, 245, 148, 46, 248, 80, 56, 116, 97, 185, 69,
       12, 79, 70, 32, 103, 160, 170, 8, 242, 113, 21, 114, 216, 212,
       106, 106, 8, 114, 249, 8, 183, 188, 197, 48, 64, 58, 86, 34, 60,
       237, 56, 122, 217, 221, 86, 237, 195, 21, 172, 9, 63, 249, 74, 16,
       201, 250, 201, 82, 94, 107, 218, 55, 251, 221, 5, 121, 114, 26,
       206, 202, 197, 184, 189, 97, 169, 111, 115, 152, 107, 121, 36, 28,
       222, 119, 73, 58, 151, 85, 125, 120, 147, 112, 249, 114, 207, 219,
       37, 116, 200, 33, 135, 115, 24, 177, 254, 91, 163, 155, 113, 159,
       119, 29, 102, 48, 187, 215, 138, 252, 23, 62, 164, 24, 154, 216,
       35, 21, 207, 235, 116, 65, 178, 196, 140, 121, 77, 177, 155, 225,
