%YAML:1.0
---
descriptors: !!opencv-matrix
   rows: 319
   cols: 32
   dt: u
   data: [ 9, 134, 30, 121, 176, 174, 105, 55, 124, 25, 126, 112, 247,
       51, 160, 121, 163, 42, 6, 28, 50, 184, 33, 76, 205, 191, 50, 64,
       216, 192, 225, 169, 92, 160, 158, 250, 169, 172, 88, 152, 171, 25,
       181, 29, 159, 195, 74, 90, 167, 141, 237, 28, 26, 67, 154, 48,
       219, 249, 112, 237, 202, 129, 42, 19, 173, 85, 17, 71, 48, 95,
       119, 56, 109, 232, 127, 104, 214, 81, 137, 180, 146, 84, 68, 106,
       65, 176, 121, 14, 165, 220, 33, 54, 74, 59, 67, 35, 19, 171, 239,
       189, 226, 163, 237, 255, 62, 217, 90, 231, 253, 46, 176, 121, 126,
       191, 55, 173, 153, 218, 103, 93, 252, 174, 255, 192, 173, 224,
       163, 249, 172, 61, 255, 223, 236, 239, 255, 191, 127, 235, 254,
       120, 223, 253, 156, 120, 255, 255, 127, 10, 243, 254, 251, 242,
       231, 255, 55, 128, 198, 217, 196, 249, 120, 57, 24, 126, 57, 221,
       82, 200, 187, 184, 165, 8, 191, 214, 77, 48, 156, 185, 204, 66,
       15, 67, 250, 57, 147, 217, 1, 59, 80, 51, 14, 30, 93, 74, 28, 187,
       172, 232, 80, 22, 175, 91, 146, 113, 223, 219, 67, 219, 194, 167,
       253, 19, 14, 69, 195, 48, 194, 243, 250, 145, 180, 209, 152, 11,
       56, 150, 62, 122, 61, 157, 80, 119, 255, 29, 60, 93, 174, 251, 32,
       16, 165, 51, 205, 0, 154, 107, 18, 183, 219, 223, 80, 123, 90,
       136, 78, 11, 36, 127, 64, 236, 252, 131, 198, 250, 87, 140, 248,
       110, 66, 249, 165, 144, 216, 232, 6, 226, 26, 35, 202, 243, 94,
       220, 135, 107, 89, 59, 254, 131, 204, 66, 221, 237, 96, 10, 111,
       184, 41, 170, 102, 64, 215, 67, 137, 255, 50, 196, 108, 106, 65,
       212, 193, 72, 166, 251, 101, 4, 34, 242, 66, 33, 101, 218, 90, 71,
       116, 10, 106, 184, 99, 168, 246, 100, 243, 211, 221, 114, 116,
       228, 124, 250, 201, 252, 201, 44, 30, 187, 165, 196, 40, 163, 120,
       33, 52, 119, 146, 234, 212, 131, 230, 200, 87, 140, 249, 110, 98,
       217, 164, 0, 248, 248, 2, 226, 88, 179, 10, 190, 50, 148, 135, 43,
       89, 59, 254, 131, 52, 69, 56, 229, 83, 78, 87, 224, 48, 164, 239,
       8, 70, 115, 1, 84, 120, 220, 192, 98, 72, 178, 121, 14, 241, 165,
       5, 23, 99, 51, 38, 162, 6, 172, 254, 255, 253, 255, 252, 235, 191,
       179, 240, 147, 236, 254, 125, 123, 255, 127, 255, 151, 54, 79,
       155, 245, 63, 251, 223, 255, 148, 117, 235, 151, 52, 69, 122, 71,
       84, 75, 103, 168, 117, 132, 239, 8, 211, 49, 9, 112, 56, 220, 66,
       106, 72, 178, 121, 12, 239, 133, 5, 5, 97, 187, 70, 162, 233, 176,
       253, 81, 124, 205, 121, 27, 255, 251, 182, 24, 186, 183, 84, 127,
       167, 20, 127, 24, 179, 237, 243, 83, 95, 251, 83, 92, 202, 128,
       66, 185, 54, 85, 115, 238, 213, 79, 239, 232, 125, 132, 249, 3,
       94, 253, 45, 20, 250, 221, 87, 227, 72, 179, 25, 254, 241, 254,
       15, 14, 85, 115, 231, 162, 28, 69, 23, 199, 149, 95, 231, 248,
       189, 168, 251, 74, 206, 241, 41, 228, 248, 252, 238, 106, 105,
       179, 57, 254, 177, 214, 131, 22, 67, 127, 37, 164, 13, 4, 248, 77,
       116, 63, 235, 88, 125, 104, 127, 204, 251, 106, 159, 120, 62, 140,
       86, 110, 133, 176, 101, 88, 86, 188, 33, 132, 109, 235, 75, 133,
       119, 119, 114, 174, 253, 55, 158, 232, 57, 142, 249, 47, 79, 250,
       63, 212, 254, 207, 255, 231, 236, 163, 201, 254, 178, 255, 143,
       159, 95, 119, 235, 199, 116, 117, 90, 238, 254, 67, 87, 108, 187,
       174, 249, 43, 86, 254, 39, 80, 250, 253, 95, 226, 108, 35, 218,
       255, 245, 182, 39, 63, 17, 123, 166, 147, 97, 180, 169, 221, 108,
       189, 233, 115, 95, 251, 222, 124, 179, 184, 212, 109, 143, 190,
       126, 25, 179, 124, 247, 215, 79, 63, 242, 248, 220, 200, 83, 253,
       56, 186, 243, 120, 137, 249, 81, 219, 183, 29, 228, 24, 47, 247,
       64, 188, 11, 186, 228, 24, 26, 107, 250, 51, 219, 215, 17, 121,
       242, 128, 70, 235, 92, 178, 157, 250, 232, 236, 81, 159, 162, 255,
       165, 61, 159, 247, 72, 91, 5, 222, 237, 16, 26, 75, 251, 49, 219,
       227, 117, 253, 170, 192, 134, 115, 30, 245, 254, 182, 159, 219,
       183, 232, 255, 196, 191, 43, 110, 248, 111, 6, 187, 237, 238, 115,
       68, 227, 191, 238, 251, 87, 71, 31, 103, 127, 47, 199, 32, 34, 41,
       57, 124, 233, 193, 79, 94, 205, 120, 57, 162, 156, 82, 0, 216, 42,
       194, 17, 30, 174, 194, 31, 69, 20, 48, 123, 80, 12, 214, 202, 218,
       75, 230, 13, 18, 18, 62, 180, 97, 196, 198, 231, 105, 102, 167,
       214, 54, 245, 172, 230, 204, 145, 165, 236, 178, 225, 234, 129,
       39, 182, 45, 93, 140, 142, 156, 255, 184, 173, 86, 146, 94, 26,
       100, 48, 183, 227, 163, 73, 199, 106, 38, 30, 50, 252, 75, 59,
       206, 255, 117, 41, 146, 217, 9, 139, 15, 34, 235, 133, 230, 18,
       237, 17, 57, 230, 22, 231, 201, 46, 215, 174, 126, 205, 23, 189,
       133, 208, 229, 202, 78, 111, 239, 132, 175, 246, 123, 213, 134,
       172, 246, 254, 255, 171, 188, 239, 159, 191, 249, 187, 236, 254,
       108, 207, 255, 119, 255, 1, 54, 111, 138, 243, 191, 254, 95, 191,
       214, 124, 175, 143, 45, 38, 97, 109, 116, 63, 234, 88, 101, 232,
       127, 238, 91, 73, 151, 188, 62, 172, 70, 239, 136, 176, 101, 200,
       22, 253, 163, 132, 103, 239, 122, 229, 217, 90, 91, 205, 100, 11,
       108, 112, 109, 138, 118, 102, 191, 19, 145, 117, 118, 188, 30,
       234, 193, 180, 65, 222, 150, 184, 226, 128, 46, 176, 99, 185, 73,
       90, 82, 69, 116, 26, 107, 58, 109, 168, 126, 228, 251, 19, 133,
       244, 118, 236, 126, 110, 193, 180, 229, 78, 70, 237, 35, 132, 46,
       179, 74, 25, 248, 184, 155, 120, 9, 217, 17, 195, 235, 29, 164,
       24, 62, 215, 68, 250, 129, 179, 236, 16, 11, 79, 178, 113, 155,
       209, 81, 123, 194, 0, 79, 59, 204, 117, 83, 71, 50, 74, 55, 184,
       120, 232, 111, 96, 223, 87, 137, 244, 54, 125, 76, 106, 97, 176,
       56, 110, 167, 237, 37, 4, 98, 179, 7, 177, 17, 203, 79, 237, 176,
       15, 109, 61, 52, 233, 210, 196, 241, 39, 144, 224, 126, 164, 127,
       236, 217, 216, 101, 93, 236, 239, 239, 132, 172, 176, 161, 57, 60,
       113, 105, 99, 209, 203, 67, 217, 51, 164, 237, 140, 19, 197, 75,
       16, 88, 216, 195, 122, 74, 178, 249, 46, 111, 197, 37, 117, 99,
       155, 214, 242, 57, 141, 233, 253, 180, 47, 237, 63, 86, 227, 218,
       70, 243, 33, 145, 97, 89, 238, 62, 172, 187, 248, 117, 31, 237,
       175, 183, 20, 188, 232, 208, 184, 131, 180, 231, 211, 237, 189,
       248, 19, 191, 91, 95, 247, 140, 254, 222, 108, 207, 155, 255, 148,
       182, 248, 247, 211, 15, 94, 218, 226, 142, 204, 212, 215, 13, 165,
       25, 99, 180, 91, 100, 169, 94, 113, 111, 48, 215, 113, 200, 96,
       19, 14, 14, 60, 87, 240, 105, 23, 206, 223, 53, 116, 154, 138,
       201, 0, 62, 116, 102, 78, 221, 123, 215, 232, 85, 230, 253, 15,
       74, 252, 31, 148, 248, 221, 255, 99, 236, 247, 121, 174, 51, 127,
       69, 55, 95, 127, 126, 214, 87, 241, 146, 218, 139, 20, 22, 205,
       235, 25, 137, 84, 204, 242, 108, 246, 247, 91, 120, 209, 215, 67,
       186, 225, 185, 244, 15, 110, 136, 51, 163, 7, 56, 178, 241, 120,
       57, 253, 81, 222, 247, 61, 180, 60, 59, 215, 196, 60, 141, 154,
       228, 16, 155, 111, 250, 145, 219, 221, 49, 127, 243, 128, 70, 251,
       25, 156, 186, 251, 19, 164, 49, 183, 118, 9, 110, 18, 188, 247,
       32, 96, 39, 59, 62, 136, 147, 184, 51, 119, 203, 239, 50, 66, 58,
       0, 161, 43, 70, 187, 190, 178, 248, 237, 184, 207, 171, 253, 156,
       173, 174, 255, 70, 26, 167, 51, 255, 17, 22, 75, 202, 241, 223,
       85, 63, 251, 128, 68, 143, 91, 121, 241, 48, 46, 57, 205, 83, 200,
       227, 56, 161, 8, 127, 219, 75, 181, 152, 153, 204, 98, 78, 99,
       218, 189, 249, 209, 1, 59, 122, 23, 70, 130, 120, 157, 22, 236,
       185, 239, 86, 55, 133, 0, 170, 104, 119, 115, 32, 243, 192, 246,
       236, 98, 89, 171, 82, 61, 243, 241, 5, 27, 122, 234, 232, 26, 220,
       162, 158, 184, 168, 236, 88, 146, 187, 89, 182, 121, 159, 211, 74,
       218, 131, 141, 253, 24, 30, 79, 130, 48, 218, 249, 114, 255, 130,
