%YAML:1.0
---
descriptors: !!opencv-matrix
   rows: 67
   cols: 32
   dt: u
   data: [ 8, 205, 19, 189, 181, 196, 172, 231, 28, 1, 74, 1, 172, 179,
       32, 192, 192, 59, 3, 129, 114, 152, 16, 255, 165, 182, 158, 0, 16,
       88, 165, 138, 141, 94, 103, 69, 36, 10, 111, 48, 108, 234, 126,
       228, 211, 1, 145, 117, 126, 228, 126, 110, 201, 180, 101, 12, 228,
       235, 96, 128, 111, 187, 80, 49, 72, 183, 56, 234, 185, 253, 83,
       219, 239, 45, 189, 41, 174, 254, 74, 16, 151, 155, 239, 16, 30,
       43, 234, 245, 223, 213, 51, 251, 192, 143, 199, 71, 39, 178, 104,
       201, 252, 181, 250, 216, 31, 89, 85, 246, 153, 220, 252, 104, 95,
       153, 23, 189, 151, 34, 127, 215, 14, 92, 171, 236, 157, 143, 249,
       149, 121, 79, 235, 231, 20, 158, 79, 52, 113, 226, 254, 206, 243,
       41, 145, 50, 124, 228, 124, 238, 233, 186, 245, 174, 246, 239,
       229, 144, 111, 250, 210, 40, 47, 221, 97, 15, 240, 151, 239, 252,
       86, 232, 92, 198, 113, 100, 191, 164, 124, 234, 22, 239, 231, 152,
       61, 255, 44, 14, 173, 164, 127, 183, 120, 253, 159, 109, 174, 143,
       221, 63, 246, 232, 255, 230, 223, 31, 206, 232, 63, 1, 249, 239,
       254, 231, 252, 247, 223, 250, 254, 55, 207, 63, 205, 127, 249,
       134, 127, 72, 106, 190, 100, 2, 207, 112, 129, 206, 213, 231, 89,
       203, 183, 81, 108, 229, 23, 239, 237, 135, 12, 236, 242, 105, 234,
       136, 45, 191, 120, 209, 2, 157, 63, 190, 53, 205, 180, 103, 188,
       73, 74, 19, 188, 159, 32, 96, 162, 59, 147, 1, 115, 157, 18, 239,
       229, 119, 30, 3, 64, 8, 173, 219, 50, 207, 106, 159, 214, 129,
       174, 231, 70, 4, 216, 131, 97, 232, 52, 64, 120, 107, 19, 199,
       198, 186, 76, 255, 52, 44, 142, 201, 21, 30, 244, 202, 2, 92, 27,
       252, 53, 204, 57, 103, 188, 9, 70, 16, 188, 183, 32, 96, 224, 59,
       59, 0, 0, 157, 18, 239, 227, 247, 26, 2, 0, 16, 165, 187, 18, 223,
       94, 190, 18, 192, 188, 103, 188, 5, 90, 163, 44, 255, 160, 64,
       102, 59, 143, 129, 98, 137, 2, 255, 240, 103, 58, 131, 53, 16,
       173, 139, 111, 48, 244, 225, 117, 31, 248, 25, 107, 249, 182, 41,
       143, 29, 215, 62, 190, 157, 255, 181, 156, 114, 225, 192, 223,
       217, 65, 246, 231, 164, 71, 199, 56, 249, 57, 106, 216, 205, 87,
       254, 162, 17, 172, 8, 183, 215, 72, 48, 129, 155, 85, 80, 91, 43,
       250, 53, 251, 205, 32, 125, 112, 2, 134, 58, 60, 89, 59, 110, 93,
       207, 83, 112, 97, 128, 237, 8, 95, 219, 33, 48, 216, 188, 84, 106,
       73, 163, 112, 12, 243, 253, 0, 25, 98, 43, 70, 162, 102, 189, 150,
       158, 221, 157, 150, 236, 159, 191, 129, 9, 238, 248, 110, 199,
       217, 239, 235, 67, 126, 107, 218, 253, 185, 54, 95, 63, 208, 125,
       191, 206, 93, 82, 231, 205, 108, 58, 232, 88, 237, 250, 242, 230,
       219, 168, 213, 239, 110, 196, 126, 143, 133, 247, 231, 192, 22,
       106, 243, 128, 239, 249, 121, 189, 214, 98, 172, 183, 168, 40, 92,
       136, 191, 183, 147, 157, 207, 234, 95, 90, 227, 197, 253, 87, 14,
       69, 203, 226, 218, 243, 223, 213, 140, 119, 139, 83, 218, 175,
       230, 254, 203, 176, 60, 239, 191, 151, 220, 183, 109, 239, 110,
       219, 239, 255, 239, 128, 122, 75, 138, 243, 187, 247, 223, 155,
       183, 116, 175, 218, 122, 8, 98, 238, 69, 246, 250, 96, 101, 0,
       247, 131, 107, 157, 55, 224, 254, 189, 159, 231, 140, 179, 48,
       236, 211, 253, 138, 3, 103, 175, 112, 198, 102, 237, 158, 158,
       217, 225, 182, 236, 190, 182, 233, 9, 228, 254, 109, 82, 217, 255,
       235, 227, 102, 67, 203, 127, 189, 55, 143, 63, 144, 123, 175, 138,
       162, 213, 53, 233, 245, 199, 253, 253, 95, 89, 112, 86, 188, 93,
       60, 33, 204, 27, 23, 233, 243, 184, 120, 221, 111, 216, 142, 228,
       95, 8, 213, 251, 37, 245, 233, 75, 244, 23, 207, 189, 87, 225, 93,
       70, 81, 105, 220, 36, 93, 202, 22, 255, 251, 178, 125, 191, 111,
       14, 165, 228, 255, 250, 208, 244, 206, 178, 236, 185, 234, 171,
       40, 91, 63, 53, 215, 247, 201, 142, 218, 73, 127, 143, 255, 149,
       150, 94, 207, 209, 94, 67, 255, 229, 191, 140, 173, 209, 44, 163,
       249, 97, 244, 235, 123, 216, 35, 45, 252, 233, 95, 207, 89, 16,
       30, 218, 7, 120, 154, 178, 200, 57, 255, 221, 37, 236, 243, 219,
       198, 163, 135, 24, 21, 217, 60, 175, 232, 82, 222, 120, 80, 86,
       148, 26, 180, 229, 204, 33, 31, 93, 179, 188, 80, 214, 12, 24,
       171, 242, 156, 137, 81, 181, 122, 32, 244, 101, 101, 90, 248, 73,
       105, 164, 182, 11, 139, 29, 85, 62, 174, 149, 125, 17, 140, 242,
       241, 192, 215, 249, 18, 147, 103, 132, 87, 143, 158, 174, 150,
       253, 25, 67, 185, 232, 190, 182, 194, 147, 204, 239, 41, 65, 253,
       253, 235, 160, 40, 199, 203, 222, 221, 182, 207, 127, 128, 40, 37,
       130, 254, 72, 98, 254, 5, 244, 218, 64, 133, 0, 247, 3, 107, 217,
       61, 249, 216, 241, 151, 235, 44, 167, 88, 172, 211, 249, 130, 27,
       119, 191, 124, 134, 185, 221, 109, 190, 61, 151, 206, 252, 85, 72,
       252, 70, 115, 104, 181, 225, 220, 226, 22, 239, 239, 171, 126,
       191, 179, 251, 132, 24, 127, 190, 120, 28, 56, 121, 114, 100, 247,
       223, 214, 244, 225, 136, 254, 42, 43, 217, 181, 52, 170, 250, 70,
       74, 200, 171, 32, 172, 243, 253, 4, 11, 99, 187, 106, 143, 187,
       223, 110, 222, 60, 150, 79, 182, 212, 76, 220, 231, 113, 107, 178,
       97, 92, 226, 31, 239, 236, 138, 103, 175, 98, 107, 174, 136, 63,
       158, 112, 89, 18, 143, 87, 190, 18, 128, 190, 246, 180, 4, 218,
       231, 45, 239, 160, 192, 110, 243, 175, 197, 108, 139, 6, 255, 176,
       38, 186, 137, 61, 208, 45, 25, 114, 75, 2, 190, 125, 192, 94, 228,
       141, 68, 216, 131, 46, 231, 35, 80, 234, 227, 191, 199, 76, 139,
       10, 237, 241, 112, 138, 155, 52, 63, 53, 90, 11, 92, 59, 245, 49,
       204, 121, 118, 189, 138, 102, 0, 188, 151, 33, 112, 230, 123, 63,
       72, 33, 157, 48, 238, 247, 255, 26, 2, 8, 16, 33, 59, 12, 168,
       150, 191, 89, 197, 51, 232, 190, 180, 192, 9, 236, 246, 105, 80,
       217, 125, 107, 99, 66, 67, 219, 125, 253, 182, 15, 63, 144, 42,
       39, 138, 61, 165, 233, 67, 212, 111, 199, 216, 86, 235, 253, 26,
       83, 125, 221, 32, 89, 206, 22, 122, 185, 178, 125, 58, 127, 143,
       165, 116, 241, 251, 214, 240, 129, 209, 53, 249, 44, 207, 253,
       255, 157, 88, 112, 86, 180, 31, 56, 97, 236, 19, 55, 105, 243, 60,
       115, 223, 165, 154, 254, 198, 24, 24, 213, 251, 191, 151, 118,
       238, 54, 54, 219, 248, 85, 204, 247, 231, 107, 221, 191, 69, 254,
       223, 183, 227, 233, 179, 45, 239, 242, 251, 235, 130, 47, 175,
       112, 249, 134, 140, 12, 155, 157, 181, 180, 175, 158, 23, 66, 23,
       228, 234, 44, 73, 193, 99, 59, 5, 118, 76, 91, 247, 45, 54, 223,
       67, 144, 88, 189, 14, 9, 90, 127, 101, 36, 46, 105, 55, 109, 200,
       126, 100, 187, 3, 145, 112, 38, 44, 62, 44, 129, 184, 37, 76, 198,
       253, 114, 128, 78, 224, 67, 121, 147, 207, 79, 190, 48, 134, 15,
       246, 148, 76, 218, 231, 241, 230, 179, 197, 110, 227, 63, 207,
       233, 139, 39, 255, 176, 38, 170, 136, 60, 181, 48, 125, 218, 79,
       111, 94, 34, 210, 239, 246, 240, 202, 222, 226, 121, 239, 181, 99,
       110, 247, 61, 203, 233, 207, 166, 111, 114, 107, 238, 136, 39,
       241, 100, 121, 18, 89, 91, 252, 51, 192, 55, 230, 173, 128, 90,
       34, 60, 183, 33, 96, 162, 115, 191, 192, 64, 153, 50, 237, 241,
       231, 46, 131, 36, 19, 37, 43, 142, 222, 98, 155, 255, 241, 186,
       216, 159, 93, 85, 247, 12, 206, 191, 205, 239, 219, 151, 215, 182,
       21, 46, 245, 22, 121, 42, 231, 183, 143, 173, 215, 47, 182, 97,
       201, 116, 183, 187, 218, 94, 109, 125, 231, 153, 77, 190, 160, 95,
       10, 151, 189, 151, 178, 109, 223, 110, 93, 163, 196, 223, 207,
       120, 213, 139, 86, 237, 255, 36, 86, 223, 180, 21, 206, 86, 231,
       249, 125, 187, 229, 94, 114, 181, 239, 237, 212, 125, 175, 102,
       127, 252, 129, 62, 254, 28, 125, 61, 158, 109, 239, 62, 50, 219,
       250, 69, 74, 254, 231, 91, 109, 159, 225, 95, 196, 255, 239, 169,
