%YAML:1.0
---
descriptors: !!opencv-matrix
   rows: 320
   cols: 32
   dt: u
   data: [ 64, 187, 27, 232, 122, 141, 51, 240, 174, 8, 248, 72, 180,
       179, 32, 16, 180, 59, 78, 72, 2, 11, 130, 125, 245, 188, 34, 110,
       16, 3, 35, 139, 95, 204, 246, 216, 191, 244, 254, 199, 207, 95,
       222, 19, 108, 254, 62, 228, 231, 243, 191, 213, 150, 137, 34, 243,
       59, 127, 158, 203, 159, 85, 189, 95, 46, 222, 102, 216, 255, 243,
       220, 238, 159, 95, 222, 163, 40, 254, 183, 236, 255, 243, 183,
       145, 134, 171, 35, 221, 59, 95, 223, 199, 151, 220, 252, 199, 189,
       28, 61, 248, 217, 229, 81, 107, 23, 83, 236, 24, 123, 127, 35, 57,
       221, 187, 147, 176, 59, 102, 122, 159, 251, 223, 81, 125, 243,
       233, 102, 242, 69, 13, 61, 233, 156, 239, 95, 179, 206, 118, 14,
       2, 150, 63, 51, 96, 197, 115, 59, 46, 177, 24, 120, 190, 231, 223,
       203, 20, 144, 233, 145, 96, 174, 2, 226, 191, 71, 227, 248, 80,
       17, 198, 117, 131, 65, 205, 51, 8, 120, 168, 151, 167, 8, 182, 14,
       138, 71, 109, 161, 169, 119, 175, 118, 210, 3, 149, 34, 136, 245,
       191, 170, 123, 93, 97, 223, 87, 220, 152, 190, 229, 254, 139, 155,
       173, 245, 185, 21, 223, 60, 28, 138, 194, 31, 14, 249, 212, 254,
       79, 229, 12, 141, 82, 70, 173, 65, 246, 164, 143, 75, 108, 151,
       223, 89, 196, 233, 231, 236, 103, 111, 138, 50, 122, 197, 23, 119,
       255, 116, 92, 49, 239, 59, 170, 116, 143, 110, 244, 124, 200, 120,
       76, 54, 202, 176, 48, 188, 169, 22, 111, 207, 187, 40, 127, 176,
       156, 43, 168, 24, 18, 115, 233, 226, 252, 189, 218, 237, 229, 145,
       215, 139, 127, 148, 56, 180, 191, 68, 46, 141, 51, 215, 145, 179,
       79, 242, 243, 79, 28, 222, 250, 144, 72, 150, 255, 126, 113, 231,
       166, 207, 112, 158, 200, 131, 245, 153, 171, 72, 236, 95, 142,
       123, 213, 243, 243, 29, 99, 158, 224, 59, 65, 207, 255, 239, 127,
       254, 214, 87, 221, 237, 213, 130, 114, 173, 191, 124, 114, 94,
       230, 80, 54, 151, 111, 39, 199, 61, 239, 241, 216, 61, 237, 60,
       42, 255, 132, 173, 241, 177, 125, 190, 71, 106, 236, 34, 83, 95,
       120, 21, 14, 245, 251, 75, 15, 168, 49, 126, 221, 135, 226, 120,
       167, 100, 142, 242, 225, 170, 189, 55, 187, 166, 113, 10, 220, 16,
       153, 21, 151, 184, 206, 31, 5, 88, 7, 172, 206, 34, 192, 221, 57,
       147, 133, 6, 188, 80, 223, 39, 86, 154, 35, 22, 28, 57, 222, 15,
       191, 150, 155, 247, 179, 178, 231, 95, 209, 120, 230, 236, 120,
       191, 173, 223, 107, 130, 17, 183, 248, 78, 253, 44, 22, 223, 67,
       223, 78, 185, 157, 35, 238, 170, 63, 213, 167, 167, 231, 86, 143,
       120, 23, 96, 232, 54, 0, 217, 107, 3, 5, 182, 186, 14, 191, 100,
       47, 143, 41, 213, 126, 251, 206, 205, 76, 7, 189, 36, 14, 104,
       184, 60, 26, 210, 212, 223, 83, 145, 251, 215, 101, 125, 127, 225,
       212, 91, 12, 132, 171, 107, 132, 12, 177, 1, 1, 186, 206, 99, 236,
       120, 18, 207, 119, 21, 14, 220, 195, 41, 46, 180, 65, 124, 155,
       143, 231, 232, 139, 101, 235, 242, 229, 174, 153, 55, 252, 180,
       233, 13, 212, 125, 107, 116, 110, 227, 152, 118, 78, 127, 16, 81,
       85, 169, 96, 55, 80, 62, 122, 163, 180, 57, 63, 71, 175, 33, 68,
       241, 187, 100, 241, 135, 143, 67, 219, 244, 137, 174, 239, 252,
       128, 122, 226, 240, 106, 188, 97, 255, 99, 26, 245, 246, 184, 77,
       127, 44, 14, 143, 68, 213, 42, 225, 140, 3, 159, 23, 191, 176,
       140, 177, 119, 172, 77, 90, 101, 228, 224, 166, 68, 164, 35, 110,
       21, 215, 185, 18, 109, 188, 52, 46, 194, 72, 66, 177, 93, 152,
       156, 55, 255, 147, 230, 49, 190, 52, 83, 66, 82, 253, 55, 32, 105,
       119, 63, 57, 161, 49, 220, 57, 127, 233, 226, 90, 66, 51, 65, 37,
       250, 58, 131, 99, 204, 163, 83, 30, 101, 5, 12, 245, 171, 10, 7,
       32, 208, 126, 151, 135, 226, 88, 155, 32, 205, 179, 241, 170, 211,
       19, 142, 166, 121, 58, 159, 34, 170, 151, 147, 30, 231, 29, 5,
       220, 175, 15, 175, 38, 208, 254, 187, 151, 101, 124, 139, 48, 191,
       187, 87, 154, 219, 55, 14, 188, 223, 100, 56, 248, 225, 212, 238,
       115, 82, 3, 165, 78, 11, 19, 181, 83, 88, 121, 156, 51, 153, 24,
       186, 240, 128, 95, 173, 144, 101, 183, 203, 86, 210, 35, 172, 247,
       87, 85, 255, 161, 103, 127, 163, 106, 80, 184, 176, 148, 164, 137,
       62, 34, 8, 179, 248, 113, 255, 13, 62, 80, 2, 195, 72, 198, 172,
       131, 122, 226, 159, 103, 212, 188, 196, 153, 78, 208, 167, 168,
       140, 119, 10, 238, 105, 147, 199, 198, 166, 182, 235, 22, 60, 218,
       171, 69, 53, 63, 223, 3, 140, 174, 157, 20, 191, 172, 111, 94,
       227, 210, 87, 160, 184, 182, 224, 201, 47, 58, 5, 189, 248, 71,
       159, 172, 126, 223, 194, 157, 76, 217, 140, 183, 93, 70, 172, 166,
       34, 78, 244, 149, 202, 244, 255, 75, 43, 183, 95, 126, 229, 23,
       239, 236, 199, 4, 204, 242, 106, 238, 148, 63, 253, 248, 81, 147,
       151, 119, 85, 50, 158, 125, 51, 57, 203, 83, 247, 124, 60, 148,
       247, 182, 55, 149, 37, 245, 220, 37, 207, 34, 122, 120, 130, 39,
       228, 129, 125, 3, 139, 134, 189, 157, 135, 88, 111, 151, 181, 210,
       135, 164, 170, 114, 67, 205, 175, 59, 149, 62, 219, 199, 223, 220,
       54, 223, 157, 156, 108, 56, 94, 187, 223, 254, 126, 178, 150, 94,
       183, 209, 78, 93, 245, 104, 255, 182, 113, 215, 127, 181, 231,
       236, 143, 174, 239, 226, 127, 252, 138, 63, 246, 188, 95, 143,
       181, 104, 51, 245, 191, 250, 223, 94, 233, 29, 87, 153, 88, 222,
       160, 159, 11, 150, 189, 183, 184, 93, 246, 46, 93, 63, 229, 223,
       207, 217, 149, 58, 149, 118, 236, 187, 82, 23, 111, 149, 4, 252,
       33, 95, 255, 34, 81, 222, 187, 151, 226, 120, 139, 32, 159, 243,
       247, 74, 203, 114, 36, 166, 211, 182, 157, 97, 106, 187, 245, 151,
       232, 23, 73, 189, 63, 122, 124, 190, 165, 157, 211, 213, 119, 255,
       43, 122, 191, 59, 94, 37, 254, 251, 79, 214, 119, 122, 253, 185,
       186, 210, 193, 31, 231, 2, 37, 72, 171, 61, 247, 96, 80, 247, 251,
       183, 209, 90, 26, 250, 51, 253, 197, 191, 235, 176, 82, 167, 122,
       242, 221, 98, 110, 179, 196, 31, 255, 177, 76, 220, 231, 122, 255,
       190, 84, 252, 251, 149, 231, 232, 139, 178, 255, 115, 124, 172,
       138, 63, 246, 246, 127, 223, 99, 10, 174, 24, 135, 78, 120, 36,
       224, 195, 199, 211, 67, 59, 81, 124, 237, 95, 239, 237, 151, 77,
       29, 240, 161, 175, 212, 60, 167, 56, 16, 1, 209, 90, 255, 228,
       140, 109, 149, 173, 17, 119, 68, 191, 131, 40, 113, 102, 42, 55,
       204, 195, 152, 94, 241, 103, 185, 118, 8, 60, 154, 193, 169, 55,
       33, 74, 172, 212, 7, 206, 120, 4, 96, 217, 207, 83, 200, 59, 16,
       248, 237, 23, 239, 205, 179, 28, 156, 242, 109, 171, 172, 61, 63,
       122, 146, 130, 175, 166, 157, 252, 227, 188, 103, 31, 181, 210,
       179, 160, 173, 116, 76, 237, 63, 187, 145, 50, 218, 199, 255, 60,
       54, 222, 163, 148, 76, 180, 222, 3, 175, 166, 31, 221, 189, 176,
       103, 254, 23, 218, 23, 160, 168, 22, 8, 201, 42, 106, 5, 182, 248,
       87, 247, 79, 126, 218, 67, 201, 76, 249, 206, 177, 77, 106, 132,
       228, 25, 230, 247, 109, 192, 186, 239, 59, 8, 183, 97, 106, 226,
       94, 205, 205, 171, 4, 238, 176, 9, 166, 144, 109, 220, 249, 140,
       122, 209, 107, 238, 95, 196, 150, 237, 129, 72, 152, 47, 120, 252,
       62, 194, 252, 243, 247, 227, 205, 43, 218, 191, 243, 101, 142,
       187, 61, 62, 180, 123, 40, 99, 111, 237, 120, 11, 123, 120, 37,
       164, 254, 239, 81, 7, 129, 80, 126, 220, 103, 238, 64, 146, 193,
       76, 118, 175, 225, 133, 33, 170, 102, 210, 129, 220, 51, 253, 102,
       133, 175, 254, 222, 10, 112, 118, 189, 218, 177, 97, 255, 121, 22,
       201, 227, 190, 50, 255, 37, 142, 250, 136, 29, 153, 33, 185, 41,
       235, 82, 108, 85, 155, 102, 244, 118, 32, 116, 72, 187, 193, 176,
       180, 88, 232, 6, 106, 75, 186, 76, 61, 180, 197, 33, 40, 122, 139,
       90, 168, 90, 239, 35, 170, 50, 193, 31, 244, 6, 12, 216, 171, 173,
       231, 96, 80, 246, 251, 151, 211, 74, 154, 136, 189, 249, 196, 175,
