%YAML:1.0
---
descriptors: !!opencv-matrix
   rows: 129
   cols: 32
   dt: u
   data: [ 182, 220, 190, 186, 175, 245, 215, 239, 155, 255, 184, 27,
       110, 252, 111, 11, 235, 243, 181, 147, 62, 111, 122, 243, 251,
       223, 221, 123, 213, 125, 238, 207, 121, 177, 185, 224, 189, 205,
       81, 87, 239, 125, 164, 8, 190, 159, 66, 56, 128, 155, 92, 16, 27,
       43, 242, 145, 219, 221, 16, 123, 210, 0, 199, 107, 132, 191, 93,
       103, 242, 42, 191, 185, 56, 73, 123, 253, 213, 111, 136, 17, 30,
       87, 69, 102, 241, 184, 201, 47, 108, 163, 43, 196, 77, 163, 131,
       145, 80, 30, 254, 102, 34, 34, 90, 50, 164, 140, 158, 229, 247,
       239, 129, 82, 55, 247, 109, 194, 140, 137, 163, 40, 218, 231, 39,
       145, 164, 227, 37, 123, 83, 239, 3, 109, 58, 130, 46, 169, 44,
       160, 202, 225, 117, 202, 20, 64, 182, 117, 125, 231, 196, 153,
       133, 77, 176, 172, 175, 144, 44, 162, 161, 9, 56, 253, 120, 239,
       219, 199, 223, 253, 23, 103, 172, 10, 123, 127, 14, 16, 221, 223,
       211, 226, 106, 42, 123, 191, 123, 207, 133, 127, 115, 218, 198,
       250, 160, 17, 119, 205, 118, 47, 225, 113, 93, 8, 123, 114, 82,
       21, 172, 165, 126, 56, 22, 40, 145, 178, 97, 205, 21, 168, 34,
       128, 127, 136, 224, 177, 143, 126, 239, 183, 162, 114, 191, 150,
       188, 222, 30, 183, 221, 230, 211, 107, 119, 119, 189, 255, 225,
       212, 175, 98, 238, 7, 239, 132, 164, 243, 165, 249, 2, 138, 146,
       186, 250, 160, 56, 198, 190, 7, 202, 161, 172, 131, 32, 88, 227,
       59, 171, 144, 18, 137, 3, 255, 220, 182, 158, 75, 144, 64, 165,
       10, 32, 60, 235, 95, 84, 227, 163, 222, 94, 199, 124, 167, 112,
       253, 119, 16, 125, 122, 19, 8, 130, 190, 122, 127, 109, 14, 183,
       232, 213, 250, 118, 251, 200, 105, 251, 240, 234, 201, 61, 133,
       175, 165, 182, 169, 173, 135, 67, 18, 38, 243, 239, 208, 66, 11,
       226, 112, 255, 145, 190, 249, 100, 144, 167, 122, 201, 185, 19,
       122, 113, 204, 112, 51, 249, 9, 97, 24, 190, 215, 0, 240, 128, 59,
       82, 0, 51, 42, 178, 119, 199, 253, 16, 74, 74, 0, 163, 170, 46,
       57, 252, 118, 169, 221, 221, 212, 155, 255, 180, 173, 175, 253,
       95, 14, 135, 123, 253, 83, 150, 107, 186, 160, 75, 219, 85, 187,
       198, 221, 143, 255, 61, 181, 113, 79, 243, 95, 86, 249, 109, 224,
       255, 8, 74, 125, 140, 180, 190, 220, 204, 106, 205, 178, 125, 222,
       183, 221, 5, 23, 99, 182, 198, 247, 22, 93, 94, 186, 82, 208, 182,
       224, 190, 132, 95, 163, 237, 219, 43, 65, 242, 121, 175, 195, 102,
       145, 138, 253, 247, 243, 175, 139, 52, 51, 45, 131, 180, 28, 223,
       254, 74, 228, 61, 113, 148, 206, 247, 19, 112, 255, 33, 75, 110,
       177, 59, 162, 96, 167, 58, 74, 83, 171, 98, 137, 113, 225, 36,
       243, 133, 148, 59, 94, 211, 254, 183, 251, 124, 75, 123, 80, 252,
       117, 44, 225, 183, 91, 18, 40, 179, 253, 58, 119, 43, 191, 50, 70,
       208, 65, 225, 163, 226, 123, 227, 150, 227, 80, 189, 103, 185,
       206, 80, 255, 40, 172, 215, 175, 174, 255, 183, 135, 229, 95, 182,
       234, 54, 58, 222, 171, 15, 244, 183, 255, 216, 244, 90, 235, 114,
       78, 114, 252, 57, 72, 116, 53, 95, 95, 8, 81, 182, 157, 85, 98,
       101, 150, 24, 95, 247, 233, 32, 69, 104, 146, 103, 155, 189, 223,
       108, 99, 148, 63, 239, 184, 117, 234, 255, 102, 211, 104, 157, 97,
       125, 204, 22, 111, 253, 176, 77, 46, 110, 207, 167, 132, 253, 251,
       216, 133, 252, 177, 62, 238, 137, 76, 87, 249, 169, 28, 165, 24,
       95, 127, 8, 51, 166, 215, 253, 98, 120, 99, 186, 173, 243, 249,
       68, 63, 98, 35, 166, 35, 252, 34, 251, 246, 42, 104, 89, 200, 179,
       182, 165, 153, 95, 239, 73, 27, 63, 221, 237, 178, 40, 71, 170, 2,
       211, 227, 113, 61, 165, 243, 38, 98, 81, 91, 83, 37, 18, 14, 44,
       55, 44, 160, 74, 228, 183, 18, 129, 112, 38, 189, 124, 173, 193,
       152, 197, 12, 180, 164, 42, 128, 44, 160, 3, 41, 62, 48, 184, 240,
       237, 253, 145, 74, 219, 251, 181, 24, 158, 223, 103, 58, 137, 155,
       219, 17, 18, 103, 250, 208, 219, 215, 87, 127, 210, 73, 71, 226,
       221, 118, 190, 245, 33, 52, 121, 18, 123, 223, 86, 20, 255, 255,
       211, 123, 247, 125, 181, 141, 168, 212, 179, 224, 195, 251, 122,
       128, 166, 245, 43, 121, 45, 144, 233, 219, 93, 255, 235, 216, 87,
       103, 245, 150, 243, 220, 189, 108, 89, 218, 50, 123, 187, 180,
       127, 191, 79, 255, 145, 108, 247, 139, 84, 244, 252, 120, 191,
       246, 11, 96, 81, 200, 178, 150, 167, 24, 127, 247, 73, 122, 225,
       245, 237, 194, 10, 71, 250, 34, 219, 227, 223, 63, 160, 115, 38,
       98, 160, 209, 56, 251, 237, 197, 244, 253, 31, 26, 116, 19, 180,
       219, 106, 40, 216, 27, 19, 67, 66, 54, 90, 211, 71, 217, 210, 47,
       16, 24, 248, 138, 220, 113, 220, 118, 171, 72, 21, 41, 171, 180,
       167, 185, 79, 215, 72, 27, 34, 213, 237, 114, 112, 65, 155, 0,
       219, 225, 69, 55, 98, 32, 135, 34, 32, 46, 234, 207, 214, 251,
       255, 214, 86, 207, 125, 7, 113, 233, 246, 16, 123, 234, 2, 156,
       134, 178, 44, 123, 86, 15, 177, 169, 245, 250, 254, 194, 99, 183,
       227, 30, 227, 116, 188, 103, 57, 79, 88, 255, 40, 236, 214, 130,
       255, 255, 179, 133, 213, 90, 182, 195, 23, 62, 218, 170, 69, 228,
       183, 223, 109, 127, 124, 101, 252, 95, 95, 184, 105, 236, 254, 12,
       223, 125, 155, 48, 159, 213, 124, 110, 237, 114, 249, 62, 239,
       255, 101, 149, 98, 251, 198, 115, 221, 221, 126, 236, 35, 78, 31,
       254, 49, 114, 142, 174, 95, 55, 131, 51, 55, 213, 93, 234, 233,
       21, 185, 63, 243, 235, 77, 150, 46, 247, 167, 123, 237, 56, 185,
       242, 237, 44, 235, 152, 123, 242, 37, 12, 220, 219, 89, 62, 149,
       237, 113, 222, 131, 118, 186, 242, 87, 249, 145, 108, 218, 227,
       67, 242, 253, 241, 121, 98, 188, 92, 95, 185, 99, 108, 189, 8, 91,
       93, 218, 48, 62, 212, 93, 254, 219, 35, 249, 53, 251, 233, 165,
       252, 103, 163, 198, 115, 61, 151, 101, 79, 52, 31, 199, 185, 85,
       72, 125, 228, 123, 117, 152, 181, 30, 64, 148, 110, 233, 176, 125,
       159, 34, 255, 97, 148, 127, 254, 88, 245, 20, 21, 191, 181, 128,
       102, 21, 39, 164, 215, 171, 0, 215, 55, 1, 91, 129, 87, 121, 160,
       57, 193, 49, 8, 193, 167, 118, 16, 168, 113, 167, 114, 44, 91, 18,
       190, 57, 141, 146, 64, 156, 4, 233, 7, 174, 200, 34, 192, 220, 57,
       138, 66, 78, 35, 82, 191, 177, 245, 2, 27, 24, 47, 45, 19, 181,
       237, 231, 255, 212, 47, 230, 239, 119, 162, 250, 82, 227, 105, 29,
       97, 121, 238, 110, 234, 106, 242, 77, 255, 189, 238, 135, 4, 229,
       251, 240, 132, 222, 204, 142, 179, 128, 248, 63, 164, 188, 87, 7,
       149, 237, 238, 75, 91, 227, 231, 253, 199, 124, 196, 187, 227,
       236, 243, 222, 193, 132, 117, 173, 90, 176, 236, 120, 104, 90,
       205, 81, 238, 83, 164, 164, 9, 51, 219, 66, 17, 152, 184, 67, 96,
       110, 111, 242, 31, 243, 201, 1, 61, 113, 8, 102, 202, 212, 60,
       189, 245, 160, 110, 57, 18, 186, 251, 147, 84, 149, 183, 65, 43,
       167, 117, 125, 147, 49, 212, 250, 34, 205, 163, 123, 228, 136,
       113, 7, 179, 108, 229, 125, 71, 237, 91, 239, 236, 107, 230, 253,
       138, 219, 125, 223, 54, 123, 222, 102, 234, 105, 114, 253, 234,
       127, 221, 69, 61, 103, 251, 198, 224, 199, 158, 255, 245, 172, 94,
       127, 186, 63, 238, 254, 229, 255, 127, 155, 115, 87, 247, 125, 47,
       249, 241, 255, 174, 238, 255, 103, 150, 236, 248, 5, 113, 48, 189,
       57, 250, 184, 205, 23, 191, 134, 93, 141, 9, 183, 253, 72, 16,
       141, 19, 221, 17, 90, 11, 122, 53, 233, 197, 60, 123, 208, 74,
       150, 123, 35, 182, 235, 158, 118, 244, 184, 98, 59, 91, 81, 247,
       184, 254, 158, 40, 255, 191, 179, 133, 183, 222, 182, 231, 30, 62,
       250, 234, 205, 68, 51, 223, 189, 81, 225, 203, 205, 95, 239, 220,
       87, 112, 213, 10, 211, 220, 125, 108, 121, 216, 50, 123, 207, 242,
       127, 177, 63, 75, 135, 52, 255, 251, 208, 244, 212, 85, 95, 238,
       122, 66, 119, 248, 189, 132, 249, 38, 93, 211, 41, 64, 126, 249,
