%YAML:1.0
---
descriptors: !!opencv-matrix
   rows: 153
   cols: 32
   dt: u
   data: [ 90, 116, 122, 220, 91, 242, 146, 106, 189, 194, 237, 187, 72,
       222, 39, 244, 255, 177, 218, 160, 37, 7, 182, 223, 18, 55, 11, 31,
       31, 100, 47, 150, 84, 181, 159, 250, 202, 232, 71, 152, 163, 18,
       173, 24, 87, 247, 73, 122, 49, 214, 76, 58, 27, 67, 186, 49, 217,
       163, 101, 124, 178, 243, 166, 50, 194, 168, 185, 154, 139, 237,
       185, 207, 170, 93, 152, 25, 172, 204, 110, 74, 167, 19, 251, 21,
       22, 79, 186, 241, 153, 16, 30, 127, 208, 68, 167, 127, 1, 153, 63,
       125, 112, 207, 117, 119, 173, 93, 110, 12, 190, 183, 32, 48, 164,
       59, 78, 12, 209, 185, 50, 77, 247, 223, 86, 2, 72, 64, 135, 251,
       237, 108, 185, 101, 56, 47, 79, 184, 18, 186, 41, 24, 247, 87, 65,
       51, 149, 92, 124, 110, 107, 116, 233, 31, 237, 223, 37, 52, 80,
       251, 66, 32, 108, 127, 157, 225, 172, 46, 71, 154, 112, 190, 162,
       108, 215, 35, 193, 91, 81, 212, 108, 122, 57, 240, 201, 42, 236,
       214, 101, 84, 168, 251, 214, 49, 242, 149, 18, 186, 27, 193, 18,
       107, 159, 1, 233, 57, 100, 210, 44, 212, 240, 187, 202, 192, 126,
       11, 26, 127, 177, 182, 10, 123, 24, 0, 175, 6, 114, 225, 17, 224,
       153, 213, 91, 205, 3, 160, 140, 8, 23, 151, 64, 180, 216, 156,
       221, 248, 75, 75, 250, 149, 187, 213, 133, 127, 34, 130, 6, 106,
       112, 168, 115, 82, 138, 233, 65, 87, 162, 21, 164, 24, 51, 151,
       196, 56, 37, 178, 68, 24, 26, 107, 162, 49, 83, 201, 112, 120,
       224, 128, 198, 106, 36, 116, 49, 71, 81, 111, 103, 40, 125, 162,
       107, 8, 214, 117, 13, 181, 145, 92, 64, 42, 97, 180, 121, 14, 101,
       190, 1, 54, 66, 123, 70, 162, 162, 74, 42, 188, 76, 193, 185, 198,
       158, 70, 208, 163, 164, 140, 35, 73, 232, 185, 131, 195, 70, 143,
       2, 241, 85, 1, 154, 171, 21, 25, 53, 218, 176, 105, 121, 74, 92,
       207, 67, 124, 87, 100, 245, 24, 51, 213, 132, 52, 88, 184, 70,
       122, 107, 55, 112, 63, 115, 204, 32, 120, 115, 138, 70, 232, 134,
       239, 34, 185, 207, 161, 190, 198, 143, 22, 72, 183, 172, 174, 115,
       66, 239, 107, 171, 215, 118, 31, 2, 243, 172, 80, 143, 171, 148,
       93, 189, 206, 151, 191, 3, 187, 18, 132, 42, 192, 190, 65, 67,
       247, 237, 194, 40, 192, 246, 107, 43, 215, 247, 157, 142, 127,
       172, 36, 170, 194, 12, 7, 41, 145, 61, 77, 67, 238, 93, 247, 111,
       113, 132, 64, 207, 2, 121, 231, 49, 196, 120, 250, 27, 234, 72,
       171, 56, 191, 115, 237, 130, 8, 55, 254, 240, 162, 229, 73, 97,
       69, 108, 94, 235, 176, 109, 224, 254, 74, 210, 68, 149, 54, 56,
       196, 126, 110, 193, 180, 253, 234, 21, 56, 1, 20, 71, 187, 82,
       100, 26, 10, 104, 190, 10, 192, 153, 67, 174, 4, 208, 163, 173,
       207, 34, 64, 106, 179, 239, 129, 10, 11, 131, 249, 208, 129, 186,
       153, 53, 4, 39, 234, 92, 148, 189, 246, 168, 108, 85, 191, 160,
       191, 134, 25, 215, 119, 73, 91, 161, 214, 125, 40, 56, 65, 251,
       32, 217, 163, 117, 20, 160, 240, 134, 123, 161, 158, 253, 93, 180,
       126, 101, 59, 125, 234, 246, 84, 243, 124, 132, 115, 149, 118,
       108, 40, 253, 252, 117, 15, 79, 255, 117, 20, 203, 232, 64, 125,
       197, 71, 223, 231, 244, 46, 239, 188, 126, 170, 123, 98, 213, 99,
       153, 105, 119, 79, 62, 254, 241, 240, 205, 126, 236, 174, 111,
       132, 172, 251, 193, 161, 76, 168, 158, 113, 169, 253, 116, 135,
       231, 191, 174, 24, 222, 251, 65, 155, 163, 119, 232, 16, 18, 105,
       139, 48, 207, 219, 85, 127, 194, 112, 207, 10, 173, 232, 252, 247,
       228, 170, 109, 159, 118, 51, 118, 144, 243, 67, 144, 105, 59, 238,
       62, 24, 178, 252, 109, 63, 207, 235, 119, 64, 230, 216, 192, 168,
       242, 156, 246, 186, 207, 189, 212, 231, 185, 87, 242, 31, 46, 248,
       38, 223, 235, 231, 255, 17, 60, 255, 210, 226, 155, 250, 222, 83,
       239, 92, 254, 94, 41, 71, 65, 77, 124, 27, 230, 124, 87, 232, 255,
       72, 243, 88, 157, 180, 88, 204, 6, 106, 205, 178, 109, 159, 38,
       156, 33, 52, 127, 186, 90, 133, 180, 236, 253, 114, 168, 237, 83,
       216, 246, 62, 165, 56, 87, 247, 201, 59, 17, 208, 108, 90, 42,
       103, 106, 51, 219, 203, 101, 60, 225, 243, 70, 99, 16, 153, 63,
       126, 155, 204, 53, 119, 172, 65, 238, 1, 62, 183, 32, 114, 162,
       51, 123, 128, 82, 137, 50, 117, 243, 173, 30, 66, 112, 2, 167,
       123, 80, 189, 62, 252, 147, 196, 53, 119, 172, 21, 202, 0, 60,
       187, 32, 83, 162, 63, 121, 0, 82, 201, 146, 109, 241, 163, 26, 75,
       0, 0, 167, 43, 100, 108, 157, 101, 153, 47, 71, 184, 90, 170, 37,
       72, 215, 51, 65, 59, 145, 100, 108, 106, 40, 80, 217, 30, 229,
       219, 37, 52, 80, 249, 194, 32, 97, 152, 189, 117, 25, 110, 113,
       59, 126, 227, 226, 16, 179, 61, 20, 115, 133, 52, 120, 40, 185,
       253, 113, 15, 207, 190, 80, 20, 200, 40, 65, 58, 65, 141, 159,
       190, 160, 172, 117, 39, 188, 91, 106, 17, 246, 179, 32, 66, 161,
       39, 104, 12, 48, 137, 19, 111, 193, 182, 122, 64, 200, 64, 161,
       26, 101, 160, 217, 68, 84, 15, 67, 152, 115, 161, 36, 8, 51, 211,
       65, 52, 25, 204, 16, 120, 43, 82, 248, 10, 93, 140, 133, 60, 74,
       163, 66, 160, 88, 249, 155, 250, 211, 212, 119, 199, 171, 65, 108,
       8, 62, 223, 96, 48, 166, 187, 211, 80, 94, 43, 178, 243, 243, 221,
       22, 107, 50, 18, 167, 155, 19, 69, 99, 165, 83, 78, 111, 96, 33,
       228, 79, 10, 93, 22, 19, 52, 50, 237, 89, 238, 109, 144, 53, 78,
       181, 236, 139, 4, 33, 182, 35, 228, 44, 116, 53, 71, 113, 111,
       103, 56, 105, 170, 63, 104, 214, 117, 141, 182, 144, 84, 76, 106,
       33, 240, 105, 14, 39, 222, 97, 54, 66, 123, 70, 163, 223, 115,
       238, 4, 230, 18, 255, 125, 233, 238, 150, 239, 73, 12, 215, 187,
       62, 197, 253, 231, 197, 83, 173, 200, 118, 105, 239, 135, 111,
       246, 91, 85, 219, 83, 231, 69, 102, 82, 109, 53, 105, 230, 150,
       230, 105, 14, 159, 255, 38, 197, 253, 238, 229, 213, 165, 200, 54,
       122, 236, 130, 47, 180, 250, 125, 118, 0, 18, 232, 77, 103, 80,
       75, 149, 4, 232, 11, 10, 217, 44, 208, 248, 149, 203, 32, 12, 163,
       80, 212, 147, 244, 130, 95, 83, 12, 126, 6, 58, 1, 114, 204, 93,
       215, 210, 72, 87, 132, 253, 10, 74, 217, 44, 144, 248, 184, 147,
       160, 8, 183, 16, 222, 51, 253, 131, 43, 83, 14, 126, 134, 201,
       212, 29, 121, 185, 15, 85, 191, 127, 63, 46, 92, 246, 51, 8, 117,
       133, 18, 108, 40, 115, 76, 121, 63, 237, 219, 116, 86, 82, 88,
       196, 43, 76, 119, 63, 71, 96, 111, 55, 56, 41, 172, 127, 108, 222,
       119, 137, 22, 150, 84, 228, 98, 129, 240, 185, 76, 103, 183, 101,
       134, 66, 243, 7, 243, 32, 165, 59, 122, 241, 237, 119, 255, 251,
       25, 125, 24, 62, 247, 108, 48, 177, 154, 19, 24, 18, 59, 186, 119,
       127, 221, 16, 107, 210, 66, 230, 235, 113, 93, 22, 174, 25, 38,
       70, 104, 197, 8, 171, 76, 102, 114, 44, 209, 220, 231, 108, 102,
       61, 171, 25, 63, 185, 254, 4, 18, 88, 107, 232, 7, 80, 173, 31,
       61, 154, 224, 48, 111, 182, 17, 74, 113, 37, 187, 32, 208, 163,
       15, 105, 145, 22, 217, 131, 23, 60, 229, 56, 75, 168, 0, 163, 139,
       161, 189, 85, 73, 244, 223, 102, 253, 121, 88, 116, 88, 50, 81,
       140, 181, 24, 26, 82, 120, 179, 186, 112, 61, 47, 152, 5, 100, 91,
       136, 194, 189, 41, 53, 81, 69, 245, 191, 102, 55, 125, 160, 110,
       76, 251, 115, 4, 180, 58, 186, 66, 40, 145, 184, 113, 223, 47,
       220, 5, 0, 234, 202, 194, 172, 212, 79, 199, 55, 162, 34, 47, 176,
       176, 182, 131, 229, 221, 103, 129, 91, 55, 245, 109, 247, 96, 213,
       141, 104, 248, 162, 239, 132, 172, 243, 33, 17, 178, 172, 214,
       178, 237, 237, 248, 199, 187, 31, 176, 27, 46, 250, 108, 155, 233,
       179, 239, 128, 62, 111, 218, 243, 155, 210, 214, 123, 193, 76,
       238, 138, 242, 142, 228, 218, 137, 249, 92, 199, 191, 123, 178,
       187, 174, 46, 6, 255, 235, 179, 239, 145, 62, 111, 199, 243, 159,
       82, 222, 251, 211, 76, 238, 31, 115, 84, 103, 76, 101, 95, 198,
       232, 121, 106, 242, 72, 66, 92, 149, 181, 216, 204, 214, 99, 237,
