%YAML:1.0
---
descriptors: !!opencv-matrix
   rows: 172
   cols: 32
   dt: u
   data: [ 75, 114, 253, 236, 46, 150, 88, 24, 139, 248, 86, 229, 253,
       223, 214, 118, 150, 61, 181, 253, 199, 68, 163, 221, 202, 249,
       233, 174, 62, 164, 1, 119, 63, 118, 202, 5, 114, 2, 175, 248, 50,
       238, 127, 231, 89, 103, 159, 20, 63, 205, 151, 238, 228, 210, 13,
       94, 126, 15, 167, 132, 47, 246, 43, 209, 198, 164, 176, 190, 252,
       161, 190, 173, 155, 179, 25, 217, 237, 234, 92, 66, 151, 127, 121,
       145, 50, 69, 142, 243, 172, 22, 223, 252, 148, 114, 147, 8, 188,
       4, 238, 69, 197, 118, 253, 91, 117, 134, 247, 18, 91, 57, 189,
       237, 120, 156, 151, 168, 184, 183, 53, 136, 83, 235, 226, 133,
       231, 248, 252, 162, 55, 91, 99, 79, 118, 147, 239, 240, 69, 200,
       123, 230, 113, 76, 181, 164, 126, 232, 22, 239, 193, 178, 44, 253,
       52, 12, 163, 128, 127, 191, 112, 253, 11, 170, 134, 31, 25, 149,
       40, 55, 182, 21, 64, 85, 169, 230, 34, 196, 197, 43, 170, 140,
       166, 216, 115, 119, 143, 246, 26, 8, 26, 132, 169, 220, 109, 79,
       93, 101, 52, 10, 111, 184, 109, 168, 126, 104, 211, 65, 145, 115,
       18, 196, 108, 110, 233, 176, 109, 12, 230, 251, 101, 4, 104, 187,
       66, 33, 196, 174, 132, 151, 150, 168, 38, 143, 190, 147, 11, 246,
       229, 226, 73, 66, 113, 110, 42, 146, 51, 84, 206, 227, 172, 38,
       239, 68, 168, 122, 177, 0, 61, 82, 107, 238, 116, 23, 75, 120, 69,
       72, 255, 102, 115, 77, 187, 48, 124, 140, 23, 238, 201, 178, 45,
       141, 243, 237, 160, 128, 127, 171, 112, 113, 178, 182, 182, 251,
       234, 47, 148, 223, 31, 59, 240, 249, 106, 255, 174, 25, 223, 219,
       247, 20, 186, 255, 75, 179, 126, 222, 93, 242, 209, 92, 166, 219,
       32, 161, 145, 155, 255, 201, 180, 239, 94, 121, 89, 56, 148, 188,
       236, 160, 139, 27, 146, 17, 23, 56, 74, 213, 45, 20, 22, 127, 212,
       72, 157, 175, 109, 109, 169, 79, 157, 31, 79, 184, 82, 230, 173,
       12, 211, 101, 89, 48, 89, 196, 120, 238, 233, 114, 253, 62, 239,
       47, 197, 52, 91, 251, 210, 112, 218, 92, 118, 124, 43, 218, 115,
       50, 161, 198, 230, 161, 107, 247, 35, 247, 38, 244, 237, 226, 108,
       141, 179, 172, 243, 251, 64, 3, 34, 181, 44, 95, 40, 153, 127,
       117, 112, 206, 125, 119, 117, 136, 118, 96, 58, 55, 128, 48, 38,
       126, 87, 8, 225, 184, 49, 110, 103, 191, 48, 0, 66, 128, 198, 249,
       183, 195, 234, 142, 116, 22, 234, 248, 84, 133, 247, 215, 65, 200,
       190, 64, 126, 204, 54, 255, 220, 183, 13, 160, 58, 47, 231, 196,
       237, 191, 248, 132, 89, 184, 149, 250, 169, 228, 29, 159, 190,
       123, 144, 84, 188, 183, 96, 234, 231, 87, 253, 17, 211, 79, 155,
       243, 217, 247, 127, 254, 154, 80, 161, 59, 127, 49, 228, 69, 141,
       127, 84, 9, 227, 254, 175, 13, 74, 188, 223, 191, 136, 196, 236,
       52, 141, 99, 255, 128, 159, 89, 69, 55, 227, 254, 94, 118, 23,
       106, 234, 77, 114, 2, 235, 248, 54, 172, 118, 231, 73, 71, 151, 4,
       126, 204, 55, 238, 192, 146, 109, 108, 126, 46, 175, 132, 111,
       182, 98, 241, 137, 76, 110, 81, 150, 187, 233, 22, 84, 162, 94,
       146, 185, 41, 177, 105, 43, 42, 19, 156, 160, 252, 101, 238, 111,
       15, 116, 129, 231, 216, 85, 168, 50, 251, 122, 108, 118, 217, 246,
       118, 237, 76, 124, 175, 43, 156, 182, 48, 190, 251, 215, 64, 198,
       187, 52, 237, 115, 221, 36, 139, 109, 144, 78, 223, 180, 173, 122,
       120, 244, 205, 165, 239, 122, 29, 124, 24, 54, 217, 36, 49, 187,
       27, 70, 121, 114, 107, 34, 87, 121, 137, 39, 109, 81, 8, 231, 163,
       109, 35, 233, 99, 228, 59, 75, 24, 83, 237, 125, 236, 211, 105,
       219, 56, 88, 204, 100, 62, 156, 178, 233, 18, 206, 221, 161, 244,
       198, 235, 82, 225, 133, 164, 221, 241, 236, 41, 233, 27, 190, 179,
       177, 218, 223, 233, 216, 11, 175, 15, 126, 25, 179, 116, 207, 210,
       204, 154, 127, 252, 196, 201, 131, 161, 13, 181, 48, 195, 253, 63,
       241, 217, 127, 253, 191, 62, 222, 89, 202, 172, 191, 139, 254, 58,
       151, 112, 249, 214, 223, 221, 35, 119, 206, 207, 201, 215, 67,
       106, 115, 60, 122, 137, 120, 2, 175, 1, 226, 201, 174, 202, 20,
       84, 166, 185, 127, 5, 134, 9, 198, 209, 148, 124, 26, 58, 84, 128,
       3, 12, 50, 104, 114, 120, 119, 153, 248, 66, 61, 128, 240, 137,
       43, 201, 21, 20, 186, 185, 87, 81, 14, 190, 196, 220, 150, 252, 0,
       59, 103, 140, 66, 142, 1, 164, 149, 243, 236, 173, 172, 191, 94,
       179, 57, 88, 244, 97, 88, 10, 135, 19, 122, 29, 179, 124, 219,
       211, 141, 158, 95, 116, 216, 200, 129, 168, 55, 77, 99, 156, 212,
       214, 239, 244, 245, 192, 218, 66, 113, 254, 181, 228, 120, 236,
       62, 239, 237, 147, 60, 238, 49, 46, 143, 128, 53, 183, 112, 108,
       113, 185, 181, 114, 169, 205, 69, 159, 235, 121, 162, 8, 191, 246,
       200, 118, 129, 215, 108, 24, 27, 105, 251, 49, 153, 254, 87, 126,
       192, 64, 199, 109, 125, 255, 148, 254, 173, 45, 94, 248, 191, 186,
       185, 108, 223, 251, 201, 144, 221, 219, 126, 98, 107, 99, 203,
       251, 184, 215, 111, 190, 216, 123, 139, 1, 188, 107, 40, 42, 221,
       71, 87, 200, 82, 236, 173, 9, 66, 237, 83, 16, 216, 236, 65, 127,
       200, 99, 250, 62, 123, 13, 133, 125, 241, 63, 86, 234, 126, 235,
       105, 238, 60, 73, 75, 248, 7, 236, 188, 239, 243, 205, 219, 16,
       94, 216, 221, 238, 203, 35, 238, 185, 250, 221, 165, 188, 55, 191,
       86, 121, 57, 255, 122, 106, 116, 159, 95, 121, 101, 108, 125, 76,
       63, 217, 178, 48, 188, 40, 22, 110, 203, 186, 40, 31, 243, 205,
       33, 232, 122, 138, 202, 233, 194, 185, 175, 186, 141, 233, 177,
       199, 138, 85, 144, 187, 172, 188, 102, 11, 143, 51, 251, 17, 51,
       107, 178, 241, 217, 83, 222, 251, 132, 76, 151, 250, 3, 141, 119,
       247, 182, 171, 126, 183, 253, 162, 122, 194, 175, 169, 53, 96,
       167, 119, 23, 79, 208, 184, 4, 174, 42, 222, 84, 194, 228, 251,
       209, 13, 97, 194, 209, 212, 116, 10, 232, 56, 123, 208, 178, 198,
       221, 74, 212, 109, 126, 133, 30, 189, 131, 100, 228, 205, 156,
       190, 251, 140, 15, 168, 115, 189, 7, 185, 177, 154, 120, 157, 122,
       152, 207, 217, 81, 72, 252, 222, 253, 176, 135, 121, 123, 95, 135,
       8, 122, 245, 15, 28, 13, 250, 144, 15, 1, 45, 219, 114, 117, 233,
       46, 23, 88, 28, 141, 104, 118, 230, 157, 159, 212, 246, 134, 157,
       117, 239, 193, 148, 167, 208, 194, 249, 168, 170, 62, 151, 67,
       117, 243, 64, 255, 246, 110, 8, 109, 4, 249, 146, 178, 154, 255,
       107, 21, 91, 107, 229, 125, 235, 104, 71, 207, 226, 214, 250, 223,
       152, 37, 241, 99, 40, 199, 44, 255, 243, 238, 40, 249, 210, 251,
       179, 179, 216, 223, 235, 213, 27, 175, 229, 125, 25, 160, 101,
       202, 224, 222, 218, 127, 254, 197, 241, 67, 161, 178, 108, 82,
       121, 71, 169, 80, 70, 61, 0, 232, 11, 43, 136, 21, 20, 234, 187,
       67, 128, 78, 190, 64, 255, 151, 252, 16, 51, 119, 12, 106, 142,
       11, 114, 112, 105, 46, 55, 88, 24, 237, 104, 119, 229, 159, 143,
       213, 190, 134, 29, 117, 207, 129, 180, 167, 208, 130, 249, 32,
       170, 127, 151, 75, 85, 118, 60, 250, 68, 75, 126, 82, 83, 233,
       238, 191, 29, 74, 188, 87, 62, 162, 244, 253, 34, 157, 103, 180,
       194, 23, 121, 65, 63, 235, 111, 94, 87, 118, 24, 255, 84, 106,
       226, 29, 34, 169, 214, 243, 171, 104, 254, 135, 95, 166, 245, 253,
       195, 76, 199, 166, 232, 18, 50, 72, 147, 101, 229, 102, 119, 253,
       141, 111, 230, 160, 86, 111, 176, 48, 200, 231, 0, 83, 119, 187,
       115, 116, 244, 29, 238, 249, 209, 57, 46, 251, 235, 231, 196, 34,
       179, 226, 96, 197, 166, 133, 147, 222, 170, 38, 175, 190, 179, 11,
       214, 237, 226, 200, 65, 115, 239, 42, 190, 115, 84, 143, 255, 44,
       6, 255, 108, 168, 112, 161, 0, 93, 127, 148, 236, 188, 63, 94,
       250, 63, 186, 184, 108, 159, 243, 193, 147, 223, 199, 108, 104,
       233, 99, 195, 190, 184, 223, 111, 190, 202, 248, 11, 1, 237, 239,
       148, 181, 188, 15, 92, 191, 59, 186, 184, 72, 159, 243, 65, 179,
