%YAML:1.0
---
descriptors: !!opencv-matrix
   rows: 208
   cols: 32
   dt: u
   data: [ 110, 184, 245, 255, 253, 223, 253, 234, 191, 255, 244, 50,
       236, 255, 86, 255, 239, 255, 255, 145, 178, 111, 250, 241, 159,
       250, 223, 191, 215, 244, 231, 255, 140, 189, 252, 255, 253, 255,
       255, 255, 255, 254, 253, 26, 254, 255, 75, 107, 251, 255, 255, 10,
       115, 119, 251, 251, 255, 255, 247, 63, 150, 251, 229, 251, 254,
       246, 252, 255, 255, 251, 255, 238, 191, 191, 247, 179, 236, 255,
       78, 86, 255, 255, 255, 147, 118, 220, 235, 255, 255, 255, 223,
       151, 183, 124, 237, 219, 151, 79, 202, 191, 244, 54, 238, 255, 61,
       198, 243, 215, 235, 110, 191, 9, 127, 207, 31, 239, 252, 246, 77,
       238, 182, 63, 255, 140, 229, 253, 251, 212, 229, 197, 115, 207,
       220, 63, 230, 248, 127, 234, 251, 94, 211, 216, 189, 228, 120,
       206, 62, 107, 229, 183, 253, 254, 54, 62, 39, 52, 127, 251, 218,
       132, 51, 151, 106, 169, 148, 179, 234, 115, 68, 73, 223, 199, 67,
       8, 186, 192, 120, 138, 22, 125, 158, 186, 85, 157, 62, 13, 170,
       192, 125, 142, 248, 132, 86, 217, 183, 154, 155, 196, 62, 172,
       175, 85, 131, 7, 236, 222, 46, 195, 228, 247, 251, 211, 94, 75,
       219, 245, 185, 50, 207, 95, 144, 23, 165, 94, 220, 190, 156, 122,
       168, 236, 85, 159, 178, 127, 165, 189, 255, 247, 74, 91, 135, 215,
       237, 20, 58, 79, 250, 51, 219, 163, 125, 252, 168, 208, 134, 83,
       246, 85, 182, 190, 253, 223, 118, 236, 159, 174, 184, 11, 78, 250,
       111, 212, 249, 253, 239, 99, 108, 99, 218, 255, 179, 86, 7, 63,
       18, 127, 44, 199, 8, 168, 152, 251, 172, 169, 64, 135, 150, 23,
       101, 25, 183, 225, 96, 201, 67, 42, 34, 28, 18, 248, 74, 49, 206,
       195, 116, 105, 154, 200, 137, 136, 158, 255, 246, 239, 239, 95,
       222, 248, 63, 254, 254, 255, 207, 255, 159, 183, 255, 223, 255,
       231, 236, 243, 239, 255, 255, 255, 239, 159, 231, 255, 175, 87,
       69, 38, 253, 101, 180, 46, 111, 59, 121, 171, 127, 84, 211, 97,
       156, 52, 23, 70, 108, 60, 177, 240, 233, 78, 238, 190, 37, 196,
       202, 226, 194, 33, 138, 252, 182, 220, 219, 208, 188, 231, 159,
       95, 212, 51, 172, 254, 38, 229, 239, 251, 187, 145, 118, 207, 50,
       255, 63, 119, 158, 203, 147, 84, 173, 222, 244, 188, 185, 176,
       184, 237, 81, 218, 179, 255, 160, 25, 151, 223, 75, 25, 153, 223,
       93, 16, 58, 103, 250, 19, 219, 201, 53, 125, 224, 81, 198, 115,
       235, 220, 190, 252, 253, 255, 253, 246, 191, 223, 118, 25, 172,
       190, 54, 125, 231, 127, 191, 21, 246, 255, 50, 255, 255, 127, 95,
       203, 146, 252, 237, 223, 60, 241, 105, 97, 17, 203, 82, 220, 55,
       100, 236, 137, 19, 205, 75, 144, 120, 152, 193, 112, 78, 178, 89,
       62, 251, 197, 5, 125, 99, 155, 78, 210, 69, 117, 17, 71, 112, 78,
       102, 184, 104, 232, 107, 76, 222, 83, 137, 112, 150, 92, 92, 106,
       193, 144, 249, 76, 165, 188, 37, 6, 72, 179, 67, 177, 61, 143, 79,
       238, 214, 131, 110, 240, 212, 64, 251, 230, 113, 235, 176, 96,
       126, 234, 22, 238, 249, 179, 12, 191, 114, 239, 167, 128, 63, 171,
       240, 184, 253, 135, 206, 191, 141, 63, 84, 255, 247, 182, 223, 31,
       206, 107, 59, 207, 249, 230, 238, 39, 252, 223, 111, 254, 254,
       247, 215, 23, 162, 252, 168, 70, 124, 71, 88, 103, 21, 11, 86,
       168, 37, 164, 239, 9, 203, 99, 11, 208, 88, 204, 232, 98, 76, 178,
       73, 14, 247, 229, 5, 53, 115, 59, 78, 2, 255, 245, 233, 102, 221,
       87, 95, 249, 19, 226, 149, 139, 91, 125, 223, 49, 29, 212, 213,
       239, 237, 70, 125, 142, 123, 79, 165, 189, 39, 246, 86, 246, 104,
       4, 125, 103, 117, 95, 83, 52, 113, 164, 255, 8, 251, 61, 24, 112,
       152, 244, 197, 42, 104, 184, 121, 46, 231, 255, 32, 17, 98, 170,
       86, 234, 90, 90, 151, 188, 3, 226, 63, 98, 172, 158, 211, 163,
       109, 239, 33, 75, 166, 245, 237, 130, 8, 197, 2, 232, 145, 226,
       106, 131, 32, 117, 37, 115, 191, 20, 237, 71, 90, 87, 155, 57, 18,
       230, 245, 174, 91, 125, 159, 165, 95, 220, 181, 174, 237, 246,
       125, 158, 75, 15, 229, 180, 127, 238, 78, 245, 120, 185, 121, 120,
       233, 253, 81, 195, 235, 121, 172, 8, 30, 157, 70, 56, 169, 179,
       213, 16, 27, 43, 178, 53, 219, 221, 16, 123, 243, 6, 198, 251,
       106, 252, 178, 190, 253, 253, 84, 230, 159, 23, 136, 27, 174, 190,
       102, 196, 201, 187, 239, 1, 62, 107, 82, 247, 187, 86, 30, 123,
       146, 92, 140, 94, 184, 121, 122, 254, 91, 213, 18, 224, 149, 68,
       229, 43, 47, 223, 35, 145, 250, 185, 147, 194, 110, 39, 58, 255,
       243, 201, 2, 43, 115, 23, 47, 251, 89, 241, 90, 160, 3, 95, 112,
       220, 35, 97, 166, 14, 95, 26, 74, 48, 182, 149, 124, 112, 13, 211,
       145, 80, 219, 237, 3, 103, 41, 2, 171, 27, 19, 4, 231, 149, 134,
       50, 172, 103, 124, 199, 83, 215, 201, 46, 183, 111, 103, 199, 63,
       141, 181, 216, 53, 232, 132, 46, 222, 128, 173, 117, 177, 92, 95,
       154, 134, 183, 162, 16, 56, 148, 45, 213, 66, 247, 173, 46, 210,
       202, 39, 71, 251, 213, 148, 217, 151, 224, 156, 98, 222, 194, 172,
       213, 169, 93, 109, 241, 253, 71, 252, 94, 71, 189, 67, 249, 127,
       10, 83, 125, 216, 54, 92, 214, 117, 122, 217, 112, 251, 9, 111,
       191, 229, 148, 231, 186, 212, 113, 87, 179, 213, 35, 170, 42, 31,
       153, 43, 121, 187, 237, 206, 102, 204, 222, 183, 215, 108, 118,
       149, 67, 207, 80, 188, 150, 111, 254, 204, 247, 163, 21, 130, 172,
       150, 152, 235, 225, 184, 71, 191, 23, 128, 177, 172, 222, 102,
       223, 227, 59, 235, 145, 54, 79, 130, 243, 153, 18, 90, 123, 144,
       68, 175, 143, 144, 184, 158, 250, 11, 237, 16, 199, 171, 19, 160,
       24, 190, 159, 96, 27, 163, 187, 204, 16, 19, 111, 146, 113, 155,
       209, 82, 123, 216, 0, 11, 27, 216, 184, 119, 112, 171, 252, 85,
       55, 187, 91, 182, 120, 63, 151, 196, 125, 167, 183, 236, 16, 187,
       73, 178, 215, 219, 251, 112, 251, 34, 132, 134, 123, 124, 111, 26,
       46, 153, 75, 86, 236, 52, 172, 236, 41, 102, 227, 3, 16, 216, 252,
       205, 98, 104, 147, 73, 46, 242, 229, 37, 51, 96, 123, 46, 11, 13,
       173, 145, 115, 180, 91, 102, 154, 86, 113, 110, 64, 215, 113, 217,
       236, 19, 74, 34, 94, 19, 120, 111, 51, 172, 143, 37, 100, 218,
       219, 193, 160, 188, 109, 58, 94, 93, 203, 87, 232, 82, 166, 237,
       8, 82, 245, 37, 52, 217, 120, 0, 106, 104, 163, 248, 63, 113, 143,
       5, 63, 82, 123, 86, 162, 124, 188, 188, 122, 233, 237, 85, 159,
       179, 127, 164, 29, 127, 247, 74, 27, 133, 215, 253, 20, 58, 75,
       250, 49, 251, 247, 117, 127, 234, 212, 134, 123, 141, 14, 150,
       191, 184, 175, 66, 146, 215, 139, 99, 112, 231, 227, 169, 216,
       209, 106, 44, 30, 62, 196, 74, 63, 138, 246, 117, 24, 154, 249, 8,
       1, 232, 201, 60, 126, 40, 205, 87, 188, 208, 30, 164, 8, 247, 119,
       33, 115, 192, 242, 236, 66, 104, 110, 250, 61, 227, 243, 116, 57,
       80, 185, 70, 42, 236, 113, 120, 103, 36, 79, 115, 16, 33, 76, 119,
       41, 247, 95, 139, 16, 156, 244, 77, 106, 72, 176, 249, 44, 231,
       249, 33, 145, 96, 179, 70, 115, 13, 113, 17, 69, 117, 31, 102, 56,
       109, 232, 111, 76, 214, 80, 157, 180, 144, 76, 84, 106, 193, 176,
       121, 12, 39, 189, 33, 4, 74, 51, 75, 181, 172, 113, 127, 99, 148,
       111, 119, 152, 117, 4, 111, 8, 211, 85, 9, 56, 88, 220, 110, 122,
       72, 176, 121, 44, 231, 235, 33, 69, 99, 251, 198, 98, 88, 188,
       189, 180, 168, 108, 85, 146, 178, 254, 166, 25, 183, 255, 65, 91,
       133, 247, 125, 18, 107, 79, 251, 32, 217, 227, 117, 56, 160, 112,
       6, 123, 90, 190, 158, 250, 185, 249, 124, 223, 191, 59, 190, 249,
       175, 239, 202, 218, 167, 187, 253, 145, 62, 75, 203, 211, 218,
       223, 127, 251, 198, 196, 175, 27, 130, 165, 247, 255, 253, 237,
       248, 103, 63, 59, 251, 18, 172, 170, 20, 75, 239, 171, 127, 145,
       50, 255, 243, 215, 159, 254, 218, 194, 197, 64, 231, 235, 88, 189,
       210, 240, 189, 253, 92, 191, 255, 191, 190, 57, 175, 255, 66, 212,
