%YAML:1.0
---
descriptors: !!opencv-matrix
   rows: 89
   cols: 32
   dt: u
   data: [ 7, 253, 147, 158, 239, 69, 190, 236, 205, 218, 152, 106, 44,
       250, 253, 39, 239, 91, 31, 227, 199, 67, 170, 225, 56, 88, 207,
       174, 16, 127, 161, 199, 254, 72, 126, 238, 109, 94, 222, 248, 249,
       98, 247, 11, 79, 221, 31, 127, 255, 213, 253, 227, 236, 103, 235,
       234, 243, 251, 199, 191, 103, 191, 126, 71, 230, 176, 249, 192,
       237, 100, 153, 73, 155, 251, 177, 31, 72, 60, 94, 27, 189, 149,
       215, 177, 180, 103, 152, 194, 27, 26, 221, 255, 197, 110, 214,
       119, 127, 48, 252, 101, 117, 126, 248, 216, 121, 206, 246, 175,
       223, 125, 223, 191, 191, 221, 221, 53, 173, 242, 245, 200, 223,
       255, 35, 151, 239, 253, 95, 215, 203, 179, 105, 95, 226, 212, 191,
       185, 62, 79, 85, 244, 253, 254, 222, 100, 23, 123, 183, 143, 215,
       92, 239, 243, 78, 63, 255, 236, 30, 166, 137, 245, 143, 170, 180,
       210, 237, 189, 249, 218, 187, 31, 149, 24, 140, 253, 94, 175, 143,
       67, 255, 29, 182, 103, 170, 226, 31, 91, 95, 251, 198, 77, 219,
       199, 62, 117, 82, 232, 61, 6, 86, 124, 33, 136, 252, 2, 14, 155,
       36, 212, 254, 253, 149, 226, 72, 163, 16, 204, 179, 253, 134, 94,
       35, 50, 98, 3, 133, 160, 27, 235, 236, 173, 184, 89, 142, 27, 81,
       114, 156, 202, 232, 10, 207, 25, 19, 25, 19, 54, 138, 208, 12,
       144, 62, 236, 156, 202, 161, 161, 53, 109, 237, 101, 140, 79, 199,
       188, 65, 224, 190, 10, 83, 121, 221, 39, 88, 196, 118, 110, 201,
       242, 253, 40, 119, 201, 229, 52, 101, 251, 82, 224, 42, 144, 60,
       218, 109, 213, 145, 89, 143, 93, 213, 54, 172, 159, 174, 236, 200,
       26, 159, 0, 7, 47, 114, 213, 87, 241, 242, 251, 18, 12, 29, 255,
       144, 219, 23, 235, 54, 195, 67, 120, 69, 76, 211, 102, 118, 87,
       168, 69, 254, 144, 14, 98, 233, 183, 9, 157, 240, 162, 162, 198,
       56, 138, 48, 51, 206, 162, 232, 177, 236, 153, 248, 91, 143, 61,
       149, 255, 141, 142, 222, 10, 175, 129, 223, 149, 150, 111, 206,
       208, 222, 89, 191, 253, 143, 140, 141, 209, 35, 131, 105, 11, 84,
       149, 170, 239, 95, 73, 88, 199, 32, 236, 190, 36, 220, 11, 19,
       157, 151, 186, 108, 247, 46, 28, 138, 234, 21, 142, 248, 220, 46,
       155, 226, 184, 255, 212, 155, 115, 143, 205, 148, 167, 172, 191,
       246, 196, 206, 179, 159, 213, 159, 11, 114, 228, 219, 81, 190,
       203, 151, 141, 189, 223, 3, 181, 119, 201, 124, 167, 249, 223,
       143, 121, 253, 114, 220, 255, 252, 104, 255, 159, 127, 185, 147,
       1, 235, 213, 143, 216, 187, 222, 151, 200, 241, 241, 67, 154, 189,
       250, 238, 164, 185, 223, 138, 25, 16, 250, 188, 191, 244, 10, 135,
       51, 127, 149, 146, 79, 130, 241, 93, 26, 254, 250, 148, 68, 161,
       187, 60, 205, 82, 238, 157, 135, 86, 232, 21, 128, 235, 11, 99,
       249, 41, 209, 248, 236, 134, 98, 108, 179, 25, 191, 179, 229, 133,
       19, 115, 187, 252, 2, 135, 177, 185, 241, 254, 173, 185, 91, 58,
       249, 81, 252, 156, 191, 220, 40, 191, 27, 87, 157, 147, 122, 218,
       210, 12, 28, 63, 238, 205, 192, 131, 177, 127, 48, 244, 229, 117,
       30, 248, 88, 105, 232, 246, 43, 207, 125, 223, 63, 190, 221, 255,
       53, 140, 243, 225, 200, 215, 251, 75, 151, 199, 173, 87, 215, 90,
       159, 14, 188, 155, 190, 30, 167, 190, 3, 138, 149, 239, 230, 34,
       208, 165, 231, 237, 133, 124, 73, 145, 127, 251, 231, 30, 83, 152,
       68, 169, 26, 194, 159, 20, 155, 169, 244, 60, 167, 142, 121, 138,
       117, 204, 182, 106, 199, 199, 23, 251, 145, 117, 73, 27, 245, 169,
       50, 223, 223, 152, 68, 173, 95, 173, 179, 113, 195, 230, 57, 237,
       217, 91, 251, 53, 252, 221, 204, 220, 173, 63, 25, 22, 59, 211,
       116, 238, 208, 14, 24, 101, 238, 207, 238, 195, 181, 245, 181,
       227, 68, 221, 103, 199, 251, 83, 234, 188, 10, 114, 125, 157, 53,
       89, 214, 84, 175, 249, 227, 125, 142, 123, 14, 197, 60, 231, 250,
       86, 244, 252, 245, 233, 102, 220, 103, 199, 252, 130, 238, 188,
       10, 83, 253, 105, 50, 25, 218, 87, 106, 105, 99, 234, 58, 123,
       141, 165, 60, 113, 251, 214, 98, 165, 91, 119, 69, 36, 10, 111,
       48, 109, 200, 118, 228, 211, 1, 149, 53, 30, 44, 86, 108, 233,
       176, 101, 76, 102, 186, 97, 128, 79, 184, 66, 241, 207, 187, 105,
       209, 246, 212, 251, 186, 122, 127, 84, 246, 153, 110, 214, 228,
       55, 223, 183, 207, 215, 92, 237, 247, 78, 95, 191, 228, 63, 133,
       131, 245, 91, 221, 109, 211, 178, 254, 255, 182, 124, 236, 94,
       166, 249, 63, 151, 97, 55, 215, 191, 253, 165, 216, 45, 255, 126,
       107, 239, 192, 47, 214, 5, 121, 90, 86, 252, 231, 39, 124, 89, 22,
       45, 127, 191, 183, 143, 63, 146, 255, 231, 150, 189, 128, 157,
       188, 245, 224, 215, 251, 242, 147, 174, 205, 204, 123, 38, 114,
       240, 65, 236, 39, 144, 216, 75, 253, 176, 111, 0, 152, 221, 136,
       221, 217, 135, 115, 135, 114, 203, 208, 30, 30, 245, 254, 221,
       127, 94, 151, 54, 104, 131, 146, 135, 163, 166, 64, 22, 130, 219,
       66, 0, 192, 113, 76, 120, 232, 2, 147, 8, 211, 14, 224, 16, 4,
       143, 0, 181, 121, 112, 132, 178, 0, 86, 229, 69, 2, 232, 72, 109,
       128, 227, 2, 75, 10, 61, 70, 250, 133, 51, 161, 8, 183, 1, 204,
       147, 248, 138, 7, 101, 170, 112, 134, 97, 105, 237, 103, 108, 79,
       207, 188, 64, 224, 178, 78, 243, 25, 213, 51, 72, 196, 126, 239,
       201, 102, 253, 40, 116, 137, 229, 180, 109, 187, 210, 56, 55, 141,
       111, 206, 212, 198, 239, 245, 116, 196, 223, 2, 113, 119, 183,
       100, 122, 230, 23, 238, 249, 187, 61, 255, 125, 46, 167, 128, 37,
       187, 244, 224, 2, 152, 119, 216, 127, 213, 184, 98, 159, 93, 240,
       183, 172, 158, 116, 64, 239, 57, 223, 129, 150, 11, 50, 245, 31,
       92, 154, 235, 22, 12, 101, 223, 10, 210, 112, 203, 111, 241, 177,
       92, 15, 77, 117, 183, 172, 159, 174, 236, 238, 25, 159, 16, 151,
       46, 114, 241, 70, 117, 50, 235, 54, 141, 173, 215, 76, 143, 188,
       119, 129, 110, 125, 183, 182, 255, 70, 17, 252, 231, 74, 75, 161,
       87, 121, 16, 50, 216, 187, 35, 239, 231, 126, 69, 160, 112, 133,
       123, 56, 121, 50, 108, 247, 221, 86, 118, 225, 140, 252, 40, 46,
       217, 37, 52, 172, 251, 196, 66, 72, 171, 50, 173, 243, 253, 4, 11,
       99, 58, 110, 139, 122, 203, 66, 190, 93, 192, 94, 228, 133, 4,
       200, 163, 47, 199, 35, 80, 232, 235, 143, 199, 72, 11, 66, 189,
       242, 241, 142, 27, 54, 63, 52, 74, 36, 253, 106, 78, 116, 205,
       214, 249, 67, 68, 253, 11, 114, 221, 183, 20, 124, 250, 7, 106,
       206, 178, 120, 253, 119, 156, 5, 41, 119, 187, 86, 218, 31, 95,
       247, 229, 180, 26, 127, 252, 37, 238, 254, 231, 79, 47, 183, 246,
       254, 213, 189, 230, 201, 243, 41, 234, 242, 255, 231, 134, 47,
       255, 240, 125, 90, 58, 250, 254, 19, 160, 56, 86, 165, 133, 222,
       163, 169, 175, 32, 80, 110, 187, 159, 129, 10, 139, 134, 233, 210,
       229, 154, 139, 39, 198, 45, 27, 191, 87, 127, 238, 246, 18, 255,
       253, 125, 200, 254, 231, 91, 191, 191, 117, 126, 223, 183, 231,
       253, 187, 37, 238, 250, 255, 238, 128, 111, 254, 248, 217, 27,
       191, 236, 195, 182, 18, 255, 251, 119, 125, 222, 230, 121, 127,
       158, 224, 127, 223, 159, 189, 215, 152, 109, 255, 126, 111, 175,
       197, 47, 134, 253, 245, 90, 185, 190, 178, 169, 204, 53, 135, 175,
       127, 142, 17, 172, 191, 70, 74, 161, 87, 249, 17, 18, 73, 179,
       225, 251, 243, 94, 123, 128, 84, 165, 123, 70, 162, 110, 177, 106,
       137, 233, 89, 46, 61, 215, 255, 141, 143, 218, 75, 111, 141, 239,
       149, 146, 90, 199, 209, 220, 65, 251, 228, 181, 140, 37, 209, 65,
       114, 199, 85, 110, 27, 232, 80, 111, 251, 242, 230, 251, 168, 213,
       239, 110, 236, 126, 141, 133, 246, 231, 192, 22, 120, 243, 128,
       237, 188, 121, 157, 47, 185, 196, 95, 237, 157, 206, 184, 219,
       251, 49, 78, 104, 248, 221, 175, 141, 106, 242, 95, 183, 106, 254,
       245, 14, 94, 213, 234, 223, 254, 90, 156, 84, 188, 189, 119, 186,
