%YAML:1.0
---
descriptors: !!opencv-matrix
   rows: 119
   cols: 32
   dt: u
   data: [ 143, 62, 173, 81, 236, 63, 237, 155, 127, 251, 62, 92, 217,
       45, 215, 175, 141, 70, 119, 157, 181, 120, 253, 114, 15, 95, 125,
       244, 202, 245, 211, 245, 244, 117, 168, 12, 27, 95, 87, 252, 83,
       238, 140, 47, 82, 245, 75, 114, 84, 212, 233, 98, 236, 71, 251,
       30, 251, 39, 5, 63, 50, 127, 22, 115, 0, 41, 24, 97, 240, 205,
       113, 87, 41, 9, 120, 8, 183, 19, 64, 16, 130, 59, 69, 24, 82, 184,
       130, 1, 199, 253, 48, 1, 64, 128, 198, 171, 189, 237, 204, 135,
       221, 91, 103, 235, 86, 166, 238, 142, 99, 226, 27, 212, 121, 206,
       234, 238, 105, 243, 223, 190, 124, 167, 199, 29, 255, 251, 250,
       128, 40, 73, 252, 109, 109, 223, 113, 118, 101, 164, 118, 0, 59,
       61, 0, 48, 78, 188, 183, 72, 8, 186, 113, 188, 71, 251, 112, 1,
       115, 185, 70, 234, 53, 9, 30, 254, 29, 214, 66, 65, 197, 136, 207,
       2, 112, 219, 49, 96, 232, 168, 42, 156, 24, 131, 18, 136, 211,
       237, 130, 25, 49, 42, 120, 130, 207, 152, 124, 241, 169, 174, 90,
       178, 235, 122, 167, 85, 223, 63, 84, 251, 135, 85, 125, 239, 183,
       69, 219, 245, 203, 251, 203, 86, 14, 165, 75, 19, 64, 248, 19,
       218, 91, 237, 177, 198, 238, 25, 104, 16, 172, 147, 96, 228, 225,
       59, 106, 80, 18, 41, 178, 241, 29, 20, 26, 107, 144, 1, 165, 171,
       248, 244, 121, 232, 27, 79, 83, 221, 51, 240, 164, 24, 87, 31, 72,
       49, 157, 149, 93, 112, 107, 103, 217, 19, 251, 201, 5, 126, 121,
       0, 198, 51, 87, 180, 143, 183, 160, 38, 108, 144, 186, 251, 139,
       213, 213, 254, 89, 91, 245, 197, 125, 183, 157, 85, 155, 64, 216,
       46, 239, 196, 168, 119, 179, 83, 184, 252, 30, 254, 43, 213, 84,
       239, 179, 30, 180, 57, 111, 255, 35, 145, 175, 243, 205, 130, 110,
       79, 10, 191, 243, 211, 84, 59, 114, 116, 46, 27, 109, 127, 248,
       71, 252, 31, 95, 184, 107, 172, 188, 40, 219, 127, 207, 54, 31,
       212, 118, 106, 200, 114, 233, 232, 110, 221, 37, 180, 99, 251,
       194, 225, 60, 224, 104, 123, 220, 201, 243, 200, 23, 245, 181,
       155, 83, 221, 95, 40, 91, 218, 243, 122, 58, 118, 251, 55, 127,
       207, 21, 125, 247, 155, 214, 242, 56, 133, 24, 250, 221, 197, 86,
       255, 87, 41, 253, 24, 126, 243, 40, 16, 249, 218, 70, 106, 122,
       43, 91, 63, 251, 207, 21, 125, 115, 74, 234, 170, 65, 52, 173, 85,
       236, 63, 237, 159, 126, 251, 62, 92, 153, 45, 213, 43, 141, 70,
       127, 29, 181, 248, 243, 66, 79, 95, 245, 228, 200, 240, 219, 249,
       133, 134, 237, 165, 180, 14, 239, 184, 126, 234, 118, 198, 211,
       105, 155, 97, 127, 204, 46, 175, 233, 240, 109, 206, 238, 175,
       231, 132, 173, 248, 112, 161, 115, 226, 228, 17, 39, 59, 248, 142,
       91, 255, 22, 191, 74, 12, 222, 15, 167, 197, 245, 21, 166, 252,
       175, 194, 14, 94, 85, 199, 231, 220, 220, 95, 170, 238, 171, 187,
       213, 209, 186, 206, 31, 87, 84, 179, 172, 204, 54, 128, 203, 123,
       147, 209, 54, 254, 106, 255, 47, 87, 158, 235, 151, 29, 189, 222,
       200, 252, 26, 248, 217, 253, 52, 231, 191, 91, 172, 24, 188, 183,
       96, 184, 227, 51, 218, 16, 115, 15, 146, 247, 255, 215, 30, 123,
       154, 80, 171, 187, 141, 215, 29, 41, 176, 14, 191, 189, 56, 126,
       114, 245, 221, 119, 138, 17, 151, 85, 85, 103, 241, 148, 57, 63,
       237, 171, 111, 196, 72, 179, 131, 241, 252, 197, 204, 215, 214,
       42, 239, 237, 127, 166, 255, 146, 235, 107, 30, 197, 123, 238,
       110, 238, 104, 246, 205, 239, 188, 175, 199, 1, 109, 251, 251,
       128, 199, 216, 60, 114, 13, 172, 88, 144, 235, 248, 166, 12, 223,
       27, 87, 123, 133, 245, 125, 223, 141, 69, 219, 244, 203, 219, 219,
       84, 136, 179, 75, 26, 195, 176, 189, 87, 169, 124, 49, 31, 187,
       91, 39, 84, 252, 54, 78, 255, 133, 23, 120, 12, 179, 92, 243, 67,
       207, 187, 90, 66, 138, 68, 131, 127, 128, 185, 27, 250, 48, 141,
       113, 55, 60, 13, 97, 28, 191, 147, 32, 16, 160, 59, 4, 0, 82, 156,
       16, 15, 229, 181, 50, 64, 72, 0, 131, 43, 14, 67, 198, 143, 236,
       59, 238, 248, 45, 252, 255, 231, 205, 111, 159, 207, 126, 204,
       239, 238, 196, 243, 77, 232, 190, 35, 231, 132, 231, 255, 124,
       213, 249, 64, 109, 71, 21, 79, 99, 52, 117, 224, 231, 8, 211, 17,
       20, 117, 88, 228, 122, 110, 233, 180, 121, 46, 231, 255, 0, 16,
       107, 186, 80, 56, 13, 103, 71, 199, 244, 159, 110, 240, 253, 232,
       255, 226, 223, 227, 185, 244, 126, 252, 126, 110, 225, 176, 108,
       238, 166, 190, 167, 132, 14, 251, 89, 177, 13, 22, 229, 229, 52,
       14, 235, 56, 116, 234, 115, 102, 219, 33, 144, 101, 127, 236, 62,
       46, 169, 244, 109, 206, 236, 239, 231, 132, 111, 233, 81, 33, 189,
       23, 229, 101, 180, 15, 111, 186, 116, 234, 126, 102, 211, 113,
       145, 113, 127, 236, 62, 46, 233, 244, 109, 14, 236, 239, 231, 132,
       239, 250, 80, 49, 10, 184, 159, 252, 123, 209, 48, 230, 159, 85,
       164, 59, 188, 255, 96, 171, 235, 123, 219, 144, 50, 75, 50, 253,
       223, 215, 94, 59, 146, 72, 175, 250, 237, 168, 184, 243, 77, 172,
       107, 152, 235, 114, 37, 13, 222, 155, 83, 26, 141, 205, 113, 206,
       131, 118, 218, 243, 69, 249, 147, 108, 202, 163, 66, 242, 255,
       124, 253, 231, 164, 122, 126, 184, 125, 230, 254, 229, 223, 127,
       159, 115, 255, 239, 125, 239, 236, 244, 253, 238, 254, 251, 239,
       133, 103, 247, 199, 87, 130, 143, 14, 187, 186, 153, 189, 231,
       158, 29, 84, 247, 173, 238, 170, 65, 231, 43, 175, 21, 118, 216,
       10, 247, 172, 87, 62, 203, 20, 140, 141, 201, 118, 124, 187, 100,
       58, 100, 91, 18, 161, 234, 190, 109, 23, 63, 65, 58, 167, 245,
       125, 209, 137, 199, 241, 106, 211, 237, 174, 144, 168, 113, 39,
       123, 114, 226, 231, 211, 230, 249, 184, 198, 187, 255, 18, 187,
       76, 140, 222, 10, 175, 221, 255, 149, 134, 213, 175, 209, 30, 22,
       255, 231, 229, 156, 213, 255, 45, 253, 49, 255, 188, 141, 247,
       253, 254, 120, 249, 108, 254, 243, 169, 240, 223, 91, 126, 106,
       227, 35, 91, 255, 253, 254, 39, 188, 82, 122, 163, 161, 65, 36,
       173, 119, 228, 109, 249, 23, 122, 251, 62, 24, 181, 61, 82, 42,
       129, 14, 123, 29, 179, 252, 243, 2, 79, 159, 247, 96, 200, 192,
       211, 232, 13, 79, 19, 222, 252, 141, 110, 252, 191, 200, 252, 78,
       252, 243, 185, 244, 252, 233, 126, 110, 225, 35, 90, 255, 181,
       190, 167, 152, 26, 251, 99, 57, 13, 99, 102, 143, 236, 27, 238,
       184, 109, 164, 255, 230, 203, 106, 159, 198, 126, 204, 126, 239,
       196, 178, 77, 204, 182, 106, 231, 132, 103, 255, 122, 197, 106,
       168, 147, 218, 217, 241, 17, 199, 191, 93, 172, 57, 172, 215, 110,
       220, 201, 187, 235, 144, 26, 75, 226, 243, 219, 213, 158, 123,
       146, 4, 166, 122, 91, 92, 253, 245, 34, 90, 95, 252, 49, 226, 134,
       170, 127, 55, 131, 55, 55, 245, 253, 234, 105, 209, 185, 234, 243,
       239, 69, 151, 47, 244, 38, 123, 119, 189, 121, 64, 244, 94, 79,
       248, 97, 232, 188, 8, 83, 29, 159, 52, 54, 220, 85, 254, 249, 59,
       189, 254, 251, 92, 165, 244, 103, 163, 86, 117, 140, 164, 61, 113,
       180, 233, 113, 130, 126, 55, 102, 48, 150, 49, 0, 57, 131, 26, 66,
       24, 50, 124, 99, 55, 205, 139, 112, 69, 192, 81, 199, 162, 207,
       223, 190, 190, 173, 112, 190, 172, 222, 222, 159, 23, 237, 238,
       123, 107, 243, 99, 253, 247, 244, 69, 191, 255, 234, 211, 239,
       221, 156, 119, 189, 87, 66, 185, 190, 248, 91, 221, 176, 231, 191,
       85, 164, 24, 188, 191, 98, 59, 231, 59, 251, 16, 54, 75, 50, 245,
       223, 211, 94, 123, 208, 0, 175, 219, 198, 252, 175, 182, 168, 104,
       126, 152, 190, 223, 3, 149, 253, 238, 75, 91, 179, 111, 125, 199,
       246, 69, 191, 99, 239, 247, 255, 141, 132, 119, 165, 83, 236, 229,
       249, 71, 244, 91, 239, 188, 121, 230, 255, 136, 219, 125, 157, 52,
       123, 212, 86, 106, 105, 178, 253, 238, 127, 223, 5, 53, 103, 251,
       198, 230, 253, 93, 53, 111, 45, 95, 71, 188, 69, 96, 234, 8, 211,
       17, 25, 241, 216, 196, 124, 106, 73, 161, 121, 60, 227, 249, 4,
