%YAML:1.0
---
descriptors: !!opencv-matrix
   rows: 165
   cols: 32
   dt: u
   data: [ 202, 201, 0, 152, 93, 213, 190, 107, 159, 4, 64, 3, 172, 206,
       118, 196, 200, 57, 187, 193, 70, 14, 18, 223, 53, 48, 139, 107,
       22, 12, 189, 222, 1, 157, 43, 171, 244, 135, 175, 119, 92, 232,
       88, 98, 180, 108, 176, 32, 222, 43, 23, 241, 209, 184, 97, 127,
       108, 20, 175, 192, 21, 10, 149, 249, 183, 12, 227, 222, 84, 230,
       239, 113, 212, 202, 219, 194, 81, 255, 177, 101, 120, 228, 63,
       239, 233, 135, 44, 206, 48, 46, 235, 136, 173, 251, 112, 224, 245,
       92, 239, 255, 36, 78, 79, 49, 196, 194, 215, 66, 247, 53, 177,
       107, 102, 228, 62, 78, 233, 181, 245, 40, 241, 171, 230, 144, 45,
       248, 80, 56, 85, 135, 207, 229, 150, 34, 105, 155, 230, 177, 154,
       230, 81, 35, 249, 98, 103, 198, 63, 157, 155, 217, 143, 194, 220,
       174, 239, 132, 173, 226, 113, 41, 6, 141, 32, 139, 213, 243, 187,
       200, 15, 5, 93, 3, 236, 110, 63, 64, 217, 27, 147, 177, 22, 144,
       41, 255, 47, 22, 143, 231, 150, 94, 53, 199, 73, 221, 17, 67, 245,
       204, 103, 182, 127, 121, 46, 68, 150, 55, 64, 116, 129, 70, 124,
       92, 211, 24, 121, 119, 239, 158, 54, 68, 218, 16, 194, 57, 246,
       113, 18, 174, 27, 95, 82, 104, 175, 132, 161, 11, 78, 222, 47,
       208, 248, 185, 203, 227, 76, 39, 154, 222, 147, 208, 131, 63, 17,
       39, 47, 86, 60, 249, 51, 106, 91, 201, 83, 104, 227, 64, 225, 40,
       118, 209, 96, 48, 152, 56, 64, 114, 75, 35, 186, 29, 217, 212, 1,
       122, 88, 2, 70, 162, 118, 249, 50, 186, 25, 213, 22, 232, 175, 20,
       137, 9, 238, 222, 103, 198, 200, 249, 249, 67, 78, 67, 154, 253,
       185, 208, 143, 59, 16, 31, 47, 86, 19, 141, 110, 158, 150, 162,
       239, 247, 213, 64, 222, 198, 113, 234, 183, 96, 120, 234, 63, 143,
       187, 155, 38, 255, 242, 46, 170, 128, 61, 201, 112, 248, 25, 20,
       27, 229, 34, 110, 101, 27, 124, 202, 123, 112, 223, 55, 129, 121,
       54, 61, 126, 42, 161, 176, 49, 74, 197, 239, 114, 0, 104, 240, 35,
       51, 90, 181, 63, 250, 155, 225, 17, 79, 171, 85, 173, 57, 174,
       255, 104, 122, 163, 147, 253, 144, 26, 75, 178, 247, 219, 213, 26,
       123, 146, 0, 167, 123, 13, 66, 67, 67, 52, 31, 106, 24, 125, 1,
       103, 212, 219, 67, 152, 252, 23, 12, 78, 62, 161, 180, 13, 95,
       134, 255, 32, 68, 206, 131, 82, 32, 23, 156, 134, 145, 148, 38,
       173, 183, 252, 215, 154, 215, 200, 40, 151, 207, 103, 70, 57, 189,
       181, 217, 21, 206, 172, 62, 223, 196, 143, 100, 249, 212, 57, 85,
       113, 69, 52, 95, 231, 176, 116, 232, 250, 74, 243, 29, 149, 164,
       126, 244, 86, 106, 201, 176, 117, 46, 39, 236, 33, 0, 103, 187,
       84, 249, 213, 80, 251, 228, 38, 102, 59, 16, 125, 234, 151, 118,
       221, 191, 221, 106, 247, 85, 125, 171, 129, 181, 177, 194, 211,
       254, 243, 134, 174, 227, 97, 115, 212, 84, 254, 182, 44, 126, 124,
       144, 184, 254, 151, 53, 223, 62, 75, 123, 231, 213, 253, 99, 172,
       197, 187, 226, 211, 251, 251, 149, 132, 113, 45, 83, 25, 194, 227,
       248, 52, 130, 109, 85, 213, 67, 211, 214, 89, 207, 188, 96, 127,
       168, 30, 140, 219, 151, 36, 194, 242, 239, 186, 192, 63, 140, 240,
       240, 176, 65, 30, 252, 9, 207, 84, 73, 189, 2, 225, 24, 79, 211,
       41, 25, 152, 185, 206, 98, 104, 71, 82, 24, 145, 243, 81, 59, 80,
       48, 14, 2, 173, 124, 249, 101, 100, 111, 79, 50, 81, 234, 116, 76,
       51, 53, 145, 49, 29, 252, 20, 106, 233, 246, 249, 42, 103, 203,
       101, 160, 107, 249, 82, 241, 80, 49, 115, 68, 114, 202, 49, 96,
       169, 132, 103, 40, 94, 215, 169, 116, 50, 189, 228, 224, 64, 147,
       160, 76, 209, 164, 32, 11, 34, 162, 39, 35, 19, 221, 107, 199, 86,
       70, 239, 253, 116, 232, 94, 198, 113, 38, 183, 100, 126, 207, 23,
       239, 201, 152, 53, 239, 52, 46, 174, 128, 45, 182, 113, 253, 93,
       49, 188, 45, 43, 94, 21, 56, 167, 252, 143, 165, 223, 118, 131,
       255, 133, 84, 252, 110, 173, 193, 255, 28, 203, 243, 101, 151, 42,
       231, 14, 119, 76, 40, 154, 224, 176, 172, 88, 23, 56, 137, 34, 81,
       159, 147, 65, 90, 135, 63, 125, 16, 18, 92, 128, 2, 203, 253, 62,
       75, 136, 64, 43, 3, 125, 124, 187, 96, 157, 237, 83, 214, 227,
       233, 172, 12, 30, 155, 65, 48, 153, 177, 220, 16, 11, 35, 242,
       178, 251, 221, 5, 59, 202, 91, 66, 107, 225, 162, 248, 16, 109,
       185, 208, 11, 251, 247, 164, 25, 42, 168, 214, 158, 137, 198, 234,
       20, 150, 111, 238, 193, 30, 88, 85, 127, 195, 12, 78, 70, 221,
       255, 236, 247, 188, 58, 111, 189, 118, 234, 222, 228, 251, 107,
       155, 114, 119, 206, 124, 238, 253, 212, 237, 63, 254, 239, 231,
       196, 174, 243, 250, 81, 109, 235, 104, 1, 124, 31, 202, 168, 67,
       172, 188, 205, 131, 8, 215, 180, 152, 204, 196, 125, 204, 58, 197,
       156, 46, 93, 165, 181, 95, 190, 90, 197, 163, 252, 165, 95, 221,
       157, 230, 167, 91, 243, 96, 92, 242, 120, 212, 164, 137, 106, 50,
       29, 167, 124, 255, 191, 47, 30, 213, 114, 219, 92, 218, 156, 41,
       189, 58, 101, 116, 143, 115, 55, 104, 73, 126, 36, 183, 31, 130,
       48, 132, 58, 22, 8, 147, 184, 112, 45, 103, 221, 48, 128, 72, 130,
       194, 235, 39, 36, 129, 3, 244, 63, 106, 152, 95, 227, 89, 92, 210,
       0, 221, 172, 93, 72, 18, 28, 139, 54, 125, 146, 12, 28, 133, 116,
       158, 223, 80, 180, 167, 98, 209, 69, 100, 43, 224, 72, 123, 170,
       113, 122, 82, 9, 213, 154, 59, 204, 70, 62, 136, 118, 205, 192,
       22, 24, 97, 172, 77, 251, 82, 133, 8, 34, 126, 125, 96, 176, 121,
       19, 118, 13, 118, 176, 189, 135, 162, 120, 38, 57, 55, 152, 130,
       220, 39, 85, 71, 235, 114, 193, 96, 128, 37, 169, 81, 227, 138,
       160, 178, 6, 56, 199, 168, 189, 146, 231, 5, 170, 82, 82, 230,
       197, 108, 213, 150, 217, 133, 64, 252, 33, 190, 197, 128, 0, 169,
       75, 246, 52, 18, 190, 25, 239, 82, 72, 187, 134, 161, 25, 78, 222,
       47, 213, 248, 185, 203, 35, 108, 39, 154, 223, 145, 212, 11, 59,
       80, 39, 110, 86, 218, 24, 254, 245, 166, 104, 57, 19, 41, 230,
       150, 51, 159, 63, 67, 107, 167, 119, 189, 17, 48, 221, 177, 200,
       219, 227, 126, 195, 164, 224, 165, 75, 188, 21, 122, 236, 28, 118,
       87, 113, 213, 142, 255, 2, 83, 249, 177, 96, 88, 188, 6, 106, 232,
       167, 112, 142, 243, 239, 161, 25, 119, 251, 124, 34, 17, 93, 106,
       141, 118, 14, 238, 180, 124, 72, 94, 230, 241, 8, 151, 96, 126,
       236, 22, 239, 229, 176, 85, 207, 100, 46, 166, 128, 45, 186, 121,
       157, 10, 157, 16, 153, 213, 245, 178, 174, 31, 39, 74, 19, 140,
       190, 46, 196, 217, 27, 179, 17, 54, 152, 81, 247, 13, 22, 154, 71,
       150, 77, 157, 206, 128, 223, 47, 159, 52, 131, 175, 244, 20, 76,
       95, 230, 245, 117, 176, 97, 94, 122, 23, 111, 225, 184, 105, 127,
       100, 3, 238, 192, 20, 154, 181, 249, 42, 52, 114, 193, 117, 247,
       122, 71, 29, 109, 125, 27, 40, 31, 38, 148, 216, 186, 147, 144,
       54, 154, 112, 223, 63, 93, 128, 227, 151, 142, 222, 223, 154, 68,
       38, 188, 71, 214, 188, 103, 157, 6, 192, 147, 44, 158, 54, 193,
       238, 49, 147, 133, 100, 159, 16, 223, 147, 115, 218, 3, 23, 84,
       189, 218, 114, 176, 225, 16, 77, 253, 208, 72, 171, 253, 161, 157,
       10, 156, 86, 62, 137, 148, 249, 17, 142, 111, 250, 208, 27, 80,
       85, 127, 195, 12, 86, 214, 170, 157, 0, 184, 93, 213, 144, 103,
       159, 12, 212, 3, 44, 158, 118, 197, 200, 59, 147, 129, 118, 11,
       82, 223, 179, 81, 154, 235, 18, 12, 61, 142, 95, 83, 245, 100, 43,
       94, 92, 56, 167, 254, 167, 173, 74, 126, 199, 127, 133, 213, 253,
       102, 140, 65, 251, 136, 219, 123, 69, 151, 226, 167, 6, 87, 248,
       73, 98, 110, 79, 90, 71, 224, 97, 4, 180, 11, 107, 65, 39, 212,
       120, 228, 204, 238, 76, 35, 252, 173, 243, 233, 128, 57, 99, 190,
       126, 110, 66, 170, 30, 186, 107, 225, 48, 71, 174, 21, 64, 177,
       172, 151, 98, 88, 167, 59, 235, 128, 22, 75, 130, 241, 209, 48,
       26, 203, 16, 4, 173, 203, 71, 179, 129, 129, 244, 31, 232, 17,
