%YAML:1.0
---
descriptors: !!opencv-matrix
   rows: 161
   cols: 32
   dt: u
   data: [ 253, 255, 225, 71, 222, 19, 79, 249, 83, 238, 189, 238, 115,
       104, 158, 182, 95, 196, 212, 238, 253, 251, 237, 174, 58, 111,
       165, 188, 111, 254, 218, 85, 35, 159, 106, 169, 246, 135, 255,
       247, 29, 204, 88, 167, 53, 77, 179, 32, 127, 171, 23, 245, 247,
       184, 37, 255, 110, 156, 175, 224, 61, 138, 245, 217, 215, 68, 229,
       69, 142, 50, 141, 184, 86, 246, 158, 230, 81, 108, 215, 111, 127,
       196, 122, 175, 237, 100, 239, 200, 60, 10, 255, 148, 175, 255, 80,
       245, 96, 233, 184, 94, 77, 221, 215, 236, 195, 144, 164, 8, 50,
       217, 119, 55, 200, 248, 82, 74, 74, 107, 250, 185, 51, 153, 69,
       59, 81, 58, 94, 174, 65, 241, 185, 65, 202, 216, 53, 159, 238,
       117, 6, 32, 188, 22, 192, 114, 34, 31, 122, 152, 83, 88, 179, 81,
       109, 9, 62, 108, 0, 0, 133, 125, 67, 243, 161, 1, 100, 157, 169,
       159, 110, 121, 22, 204, 176, 132, 222, 38, 132, 78, 122, 93, 211,
       88, 247, 81, 44, 24, 190, 228, 76, 140, 209, 253, 223, 118, 236,
       165, 174, 58, 156, 41, 130, 254, 151, 191, 203, 60, 219, 139, 207,
       197, 253, 167, 236, 197, 239, 138, 218, 227, 255, 151, 167, 124,
       156, 71, 212, 80, 156, 250, 139, 101, 19, 200, 182, 55, 165, 25,
       86, 211, 75, 90, 241, 209, 104, 82, 42, 103, 219, 50, 219, 195,
       87, 127, 240, 49, 45, 2, 76, 0, 183, 101, 165, 78, 101, 48, 228,
       162, 38, 9, 223, 61, 17, 122, 128, 68, 125, 42, 8, 240, 241, 8,
       207, 251, 69, 16, 194, 248, 86, 98, 194, 186, 183, 147, 171, 248,
       189, 135, 190, 255, 18, 49, 204, 182, 70, 207, 167, 119, 235, 145,
       48, 205, 171, 224, 13, 54, 94, 195, 128, 84, 165, 127, 220, 88,
       254, 247, 45, 126, 125, 16, 244, 222, 151, 53, 255, 127, 19, 251,
       230, 117, 253, 106, 172, 197, 179, 170, 195, 235, 122, 145, 38,
       245, 45, 83, 222, 134, 206, 188, 186, 2, 30, 175, 154, 174, 134,
       183, 109, 111, 34, 83, 183, 85, 237, 39, 44, 73, 139, 31, 248,
       231, 127, 159, 164, 100, 13, 75, 6, 4, 239, 181, 199, 102, 189, 7,
       188, 247, 74, 147, 200, 62, 31, 75, 255, 23, 187, 177, 52, 212,
       113, 194, 77, 50, 223, 135, 133, 116, 181, 210, 10, 149, 16, 141,
       213, 215, 178, 43, 29, 1, 75, 3, 236, 58, 46, 197, 216, 19, 147,
       97, 86, 152, 81, 221, 45, 50, 138, 71, 18, 14, 185, 6, 65, 184,
       145, 144, 200, 173, 160, 67, 174, 59, 160, 92, 148, 146, 64, 186,
       129, 3, 106, 16, 19, 79, 210, 81, 156, 16, 27, 122, 152, 64, 131,
       5, 55, 181, 98, 10, 222, 147, 206, 248, 70, 192, 249, 206, 99,
       200, 183, 164, 88, 234, 22, 111, 207, 163, 92, 189, 58, 12, 173,
       188, 125, 191, 88, 149, 45, 39, 99, 77, 84, 11, 227, 112, 97, 160,
       124, 74, 83, 33, 149, 180, 120, 236, 6, 234, 137, 178, 101, 204,
       55, 172, 164, 0, 99, 171, 114, 164, 88, 185, 26, 120, 27, 205, 80,
       223, 167, 29, 164, 9, 62, 223, 64, 16, 167, 155, 77, 64, 66, 11,
       18, 117, 251, 217, 48, 123, 114, 128, 167, 155, 248, 56, 251, 120,
       13, 205, 81, 86, 227, 213, 164, 24, 55, 149, 64, 59, 200, 178,
       200, 16, 11, 107, 242, 0, 219, 193, 20, 59, 98, 8, 70, 106, 59,
       190, 110, 249, 126, 151, 249, 127, 31, 89, 244, 247, 189, 207,
       178, 229, 255, 187, 151, 157, 179, 190, 100, 253, 254, 219, 186,
       192, 127, 140, 249, 249, 61, 68, 107, 101, 68, 94, 71, 120, 101,
       226, 239, 74, 83, 65, 25, 180, 120, 204, 64, 110, 201, 178, 117,
       14, 119, 175, 1, 20, 107, 187, 114, 32, 189, 126, 248, 103, 100,
       47, 95, 82, 81, 170, 117, 92, 83, 41, 147, 57, 29, 236, 4, 106,
       233, 246, 104, 42, 231, 223, 37, 176, 105, 249, 82, 177, 178, 116,
       18, 168, 9, 239, 218, 72, 175, 172, 169, 25, 206, 210, 41, 16,
       248, 185, 207, 227, 12, 7, 146, 222, 145, 240, 139, 63, 80, 43,
       47, 130, 92, 26, 62, 179, 178, 169, 115, 18, 164, 29, 239, 189,
       151, 67, 2, 88, 231, 183, 237, 18, 26, 152, 73, 52, 222, 229, 48,
       209, 160, 131, 46, 19, 222, 59, 190, 177, 163, 240, 180, 7, 171,
       211, 150, 178, 156, 63, 64, 235, 167, 119, 189, 145, 20, 221, 179,
       192, 207, 243, 95, 195, 166, 96, 173, 83, 138, 76, 38, 157, 67,
       214, 188, 103, 157, 6, 198, 147, 172, 159, 54, 205, 236, 59, 147,
       133, 96, 159, 16, 207, 179, 115, 218, 131, 22, 84, 173, 218, 138,
       153, 16, 153, 93, 213, 176, 99, 159, 4, 68, 3, 172, 156, 114, 196,
       200, 59, 139, 1, 118, 46, 18, 223, 175, 81, 138, 107, 18, 12, 61,
       142, 100, 97, 25, 103, 40, 79, 71, 56, 35, 168, 175, 8, 215, 87,
       9, 48, 152, 212, 92, 106, 73, 50, 249, 28, 231, 217, 37, 52, 64,
       179, 70, 34, 151, 190, 230, 150, 215, 242, 190, 231, 153, 211, 85,
       247, 108, 254, 191, 173, 255, 123, 147, 131, 245, 223, 46, 239,
       58, 38, 223, 195, 175, 116, 191, 213, 31, 87, 80, 109, 115, 31,
       94, 56, 41, 8, 121, 237, 79, 75, 137, 144, 182, 185, 197, 238,
       196, 128, 66, 221, 246, 253, 33, 138, 127, 183, 11, 129, 104, 160,
       53, 101, 13, 79, 67, 56, 100, 32, 230, 8, 223, 17, 8, 180, 152,
       148, 104, 104, 8, 176, 241, 13, 197, 251, 64, 20, 66, 42, 70, 34,
       44, 85, 25, 231, 52, 79, 87, 184, 45, 232, 127, 8, 215, 87, 9, 48,
       144, 84, 85, 106, 73, 176, 121, 12, 229, 221, 33, 20, 64, 187, 66,
       50, 39, 225, 99, 170, 254, 145, 235, 216, 68, 73, 217, 230, 17,
       200, 191, 32, 122, 136, 23, 253, 159, 35, 110, 246, 124, 12, 171,
       236, 245, 143, 112, 229, 51, 195, 99, 203, 52, 131, 235, 117, 4,
       1, 219, 226, 113, 131, 184, 100, 122, 172, 23, 205, 203, 154, 37,
       221, 176, 44, 170, 192, 53, 138, 240, 41, 17, 135, 110, 237, 22,
       10, 111, 53, 100, 0, 250, 198, 115, 33, 176, 97, 122, 228, 28,
       239, 201, 177, 5, 13, 240, 169, 162, 128, 45, 186, 112, 40, 157,
       46, 234, 69, 230, 50, 235, 82, 112, 238, 94, 182, 81, 45, 211, 40,
       127, 204, 21, 191, 128, 244, 165, 10, 84, 111, 191, 128, 231, 243,
       119, 225, 80, 50, 152, 240, 40, 141, 89, 26, 166, 61, 164, 24,
       151, 151, 65, 90, 134, 21, 125, 24, 10, 69, 195, 0, 209, 137, 56,
       184, 128, 128, 7, 43, 43, 159, 98, 139, 117, 215, 174, 228, 92,
       72, 80, 103, 232, 72, 182, 228, 252, 43, 150, 231, 231, 184, 44,
       255, 36, 92, 138, 195, 95, 15, 121, 221, 114, 113, 26, 188, 43,
       193, 30, 104, 175, 140, 168, 41, 238, 214, 37, 80, 250, 185, 207,
       195, 74, 3, 154, 89, 177, 241, 11, 59, 16, 51, 39, 18, 30, 238,
       226, 190, 118, 176, 191, 206, 151, 15, 220, 167, 105, 236, 191,
       132, 127, 235, 151, 149, 142, 131, 14, 251, 114, 101, 170, 169,
       183, 255, 61, 205, 190, 231, 101, 174, 254, 83, 206, 237, 151,
       222, 153, 235, 73, 236, 255, 163, 127, 219, 215, 255, 252, 99, 46,
       186, 186, 73, 239, 191, 119, 255, 246, 229, 255, 70, 229, 71, 142,
       114, 143, 184, 66, 242, 151, 230, 209, 44, 215, 111, 95, 196, 125,
       239, 169, 225, 239, 202, 76, 46, 239, 180, 239, 255, 80, 117, 6,
       141, 175, 179, 228, 106, 189, 135, 62, 183, 66, 147, 141, 47, 82,
       75, 227, 71, 59, 149, 54, 216, 41, 226, 109, 55, 222, 199, 132,
       80, 181, 202, 61, 165, 49, 107, 157, 95, 210, 237, 67, 105, 189,
       8, 90, 121, 92, 176, 153, 138, 208, 113, 159, 42, 120, 151, 123,
       221, 5, 127, 211, 14, 214, 102, 243, 205, 43, 174, 149, 196, 79,
       253, 144, 64, 207, 6, 113, 252, 58, 96, 124, 230, 59, 239, 121,
       11, 188, 191, 249, 237, 142, 8, 63, 154, 176, 120, 219, 27, 251,
       253, 110, 176, 249, 87, 173, 77, 94, 246, 61, 239, 182, 98, 102,
       191, 191, 141, 129, 27, 167, 225, 214, 249, 250, 136, 55, 128,
       165, 249, 37, 62, 251, 119, 244, 47, 87, 113, 113, 234, 127, 76,
       83, 121, 17, 57, 157, 174, 22, 46, 185, 240, 112, 14, 231, 223,
       101, 32, 232, 234, 66, 179, 39, 239, 104, 78, 124, 153, 206, 184,
       71, 64, 188, 236, 98, 104, 159, 180, 24, 234, 198, 110, 239, 34,
       111, 63, 58, 31, 37, 185, 117, 159, 90, 68, 43, 178, 248, 251,
