%YAML:1.0
---
descriptors: !!opencv-matrix
   rows: 197
   cols: 32
   dt: u
   data: [ 2, 197, 48, 143, 213, 247, 182, 39, 77, 7, 91, 3, 236, 56, 54,
       196, 217, 27, 130, 35, 84, 184, 89, 255, 37, 54, 158, 71, 22, 78,
       189, 142, 130, 133, 48, 139, 213, 215, 190, 175, 12, 5, 79, 3,
       204, 106, 62, 196, 216, 3, 147, 225, 86, 152, 81, 221, 47, 50,
       138, 67, 22, 14, 189, 70, 6, 135, 48, 139, 213, 167, 190, 205, 15,
       5, 89, 3, 236, 122, 47, 68, 217, 27, 147, 243, 18, 184, 73, 253,
       45, 22, 143, 71, 150, 94, 177, 166, 82, 54, 142, 38, 168, 58, 192,
       2, 239, 182, 139, 239, 230, 232, 91, 203, 147, 71, 236, 21, 140,
       65, 207, 8, 154, 119, 95, 27, 236, 111, 25, 22, 25, 131, 203, 248,
       36, 130, 237, 81, 212, 65, 215, 246, 25, 195, 184, 96, 126, 168,
       22, 172, 217, 151, 36, 195, 210, 239, 186, 4, 61, 136, 240, 176,
       183, 76, 236, 213, 206, 51, 207, 184, 86, 242, 159, 246, 81, 108,
       223, 47, 127, 196, 54, 175, 233, 118, 111, 152, 46, 10, 239, 180,
       253, 249, 120, 244, 88, 180, 59, 250, 155, 237, 17, 75, 175, 85,
       173, 56, 190, 255, 104, 120, 171, 147, 221, 16, 59, 75, 58, 247,
       219, 213, 26, 123, 242, 64, 167, 51, 9, 198, 105, 91, 84, 155,
       233, 247, 92, 73, 118, 242, 185, 8, 182, 100, 111, 10, 22, 153,
       231, 188, 101, 247, 46, 79, 182, 64, 127, 136, 241, 189, 177, 143,
       79, 254, 158, 128, 79, 243, 212, 74, 216, 198, 113, 235, 184, 97,
       95, 226, 63, 175, 235, 11, 46, 191, 240, 175, 174, 136, 61, 234,
       240, 40, 214, 49, 18, 172, 9, 71, 90, 104, 175, 132, 169, 9, 206,
       222, 43, 16, 252, 177, 203, 227, 76, 35, 26, 220, 145, 240, 11,
       63, 80, 46, 47, 210, 220, 94, 254, 247, 44, 126, 126, 152, 185,
       254, 183, 53, 255, 127, 155, 123, 183, 245, 125, 110, 236, 197,
       187, 40, 195, 235, 227, 149, 36, 243, 45, 83, 134, 173, 164, 155,
       149, 247, 190, 207, 95, 53, 73, 19, 236, 232, 127, 141, 217, 75,
       147, 17, 54, 248, 28, 247, 45, 22, 159, 103, 215, 95, 153, 198,
       35, 6, 97, 77, 88, 22, 202, 120, 85, 192, 232, 204, 81, 72, 21,
       244, 92, 172, 18, 238, 205, 178, 85, 158, 23, 124, 129, 8, 95,
       174, 106, 148, 246, 185, 178, 186, 29, 221, 18, 232, 143, 28, 129,
       9, 174, 222, 103, 210, 193, 251, 219, 83, 78, 75, 218, 253, 185,
       212, 15, 123, 16, 15, 47, 94, 244, 96, 30, 60, 11, 205, 20, 77,
       235, 128, 161, 8, 231, 210, 33, 25, 152, 185, 108, 66, 72, 71, 82,
       25, 145, 209, 65, 59, 80, 48, 143, 2, 191, 227, 99, 10, 238, 21,
       223, 216, 71, 92, 244, 231, 89, 204, 255, 60, 126, 201, 151, 247,
       206, 35, 46, 241, 122, 72, 175, 172, 119, 255, 246, 245, 191, 217,
       98, 154, 226, 149, 190, 212, 157, 80, 221, 167, 109, 220, 191,
       165, 126, 251, 151, 215, 247, 147, 62, 227, 50, 73, 143, 202, 63,
       223, 185, 245, 2, 143, 22, 188, 21, 205, 60, 103, 157, 13, 74, 3,
       172, 130, 34, 192, 224, 51, 139, 1, 118, 153, 2, 223, 181, 118,
       154, 195, 16, 12, 189, 15, 216, 188, 148, 250, 171, 237, 84, 255,
       187, 19, 160, 24, 46, 255, 66, 31, 167, 243, 253, 16, 62, 79, 154,
       243, 219, 211, 87, 123, 234, 84, 175, 27, 66, 20, 183, 151, 171,
       108, 176, 7, 174, 219, 147, 117, 236, 190, 79, 207, 167, 55, 255,
       145, 53, 205, 179, 194, 141, 54, 94, 147, 136, 100, 165, 95, 188,
       85, 114, 236, 93, 86, 214, 121, 149, 140, 255, 19, 91, 253, 58,
       192, 88, 188, 135, 234, 108, 179, 16, 142, 243, 237, 162, 5, 119,
       254, 252, 194, 170, 180, 114, 203, 117, 247, 123, 87, 29, 45, 125,
       27, 40, 31, 54, 84, 252, 187, 147, 144, 54, 186, 112, 223, 63, 28,
       128, 227, 151, 140, 222, 223, 125, 7, 105, 70, 228, 57, 206, 184,
       65, 224, 127, 238, 83, 104, 223, 182, 94, 206, 52, 238, 205, 50,
       236, 170, 50, 221, 229, 172, 111, 255, 90, 245, 55, 99, 99, 170,
       252, 161, 202, 216, 70, 65, 217, 234, 19, 204, 253, 32, 126, 136,
       23, 253, 139, 35, 108, 184, 120, 13, 175, 252, 253, 159, 112, 225,
       51, 131, 99, 235, 180, 131, 203, 121, 68, 1, 219, 194, 113, 193,
       184, 100, 126, 168, 31, 205, 219, 186, 101, 157, 176, 172, 170,
       192, 61, 138, 240, 33, 231, 228, 172, 29, 141, 54, 205, 138, 207,
       247, 132, 157, 192, 108, 95, 107, 205, 68, 121, 159, 173, 69, 255,
       208, 15, 26, 221, 188, 156, 253, 80, 84, 83, 154, 172, 147, 179,
       148, 56, 135, 175, 93, 218, 167, 172, 46, 71, 204, 231, 131, 191,
       149, 150, 24, 23, 245, 158, 54, 158, 195, 156, 68, 173, 95, 81,
       135, 207, 229, 150, 34, 235, 115, 102, 225, 155, 198, 81, 43, 240,
       98, 123, 134, 62, 189, 153, 185, 141, 200, 220, 172, 171, 196,
       173, 234, 112, 32, 161, 234, 104, 14, 124, 131, 203, 232, 86, 116,
       180, 141, 241, 200, 223, 16, 89, 232, 66, 239, 238, 38, 110, 63,
       110, 25, 161, 125, 85, 175, 90, 204, 49, 15, 107, 173, 22, 3, 103,
       120, 116, 196, 250, 70, 115, 97, 177, 96, 120, 236, 6, 239, 201,
       187, 101, 30, 240, 173, 162, 0, 125, 170, 112, 168, 55, 254, 106,
       204, 118, 177, 187, 220, 159, 76, 124, 239, 41, 238, 191, 32, 62,
       121, 151, 197, 134, 35, 46, 251, 114, 76, 175, 174, 245, 255, 127,
       221, 27, 159, 105, 173, 242, 0, 189, 247, 24, 91, 92, 247, 61, 47,
       180, 97, 111, 27, 151, 133, 211, 24, 164, 247, 118, 109, 190, 230,
       61, 196, 179, 249, 87, 212, 172, 191, 138, 54, 156, 168, 134, 245,
       139, 143, 245, 236, 94, 10, 151, 199, 121, 167, 205, 65, 255, 41,
       216, 39, 223, 29, 141, 119, 57, 84, 87, 186, 172, 167, 60, 90, 26,
       168, 18, 244, 134, 239, 199, 108, 218, 2, 149, 197, 253, 247, 205,
       64, 239, 56, 138, 71, 239, 245, 172, 63, 29, 92, 225, 249, 17, 83,
       124, 157, 66, 240, 239, 168, 52, 108, 246, 209, 196, 180, 144,
       104, 94, 90, 195, 120, 234, 63, 46, 220, 37, 122, 74, 139, 90, 45,
       25, 222, 74, 233, 54, 179, 104, 247, 85, 9, 218, 230, 19, 3, 176,
       224, 110, 138, 31, 156, 170, 153, 5, 223, 246, 237, 186, 192, 63,
       216, 248, 137, 19, 77, 83, 154, 86, 227, 170, 68, 220, 1, 121,
       194, 121, 202, 181, 228, 122, 171, 2, 221, 35, 187, 4, 255, 48,
       44, 170, 200, 245, 131, 225, 168, 210, 20, 18, 172, 25, 239, 86,
       105, 189, 142, 168, 25, 78, 222, 41, 80, 248, 177, 207, 163, 40,
       39, 18, 222, 177, 208, 131, 63, 80, 111, 39, 82, 46, 252, 242,
       207, 119, 247, 190, 200, 95, 204, 125, 3, 40, 220, 55, 132, 255,
       251, 147, 135, 134, 178, 56, 255, 63, 93, 139, 171, 87, 127, 126,
       215, 151, 182, 230, 150, 214, 114, 191, 234, 91, 194, 85, 247,
       105, 236, 191, 165, 127, 251, 151, 163, 181, 215, 174, 239, 58, 6,
       255, 239, 175, 245, 127, 245, 254, 22, 236, 55, 46, 122, 156, 56,
       224, 246, 151, 255, 203, 108, 158, 131, 111, 197, 253, 167, 188,
       229, 237, 46, 250, 227, 239, 149, 37, 237, 28, 87, 10, 253, 50,
       171, 245, 247, 186, 238, 31, 73, 124, 35, 172, 220, 50, 132, 255,
       123, 151, 209, 6, 186, 56, 255, 47, 85, 143, 235, 151, 95, 61,
       223, 45, 106, 66, 81, 5, 159, 104, 16, 117, 128, 102, 64, 147,
       129, 149, 253, 104, 172, 102, 222, 73, 176, 69, 8, 134, 249, 129,
       0, 75, 191, 90, 160, 190, 231, 99, 202, 254, 115, 207, 233, 211,
       218, 221, 171, 73, 236, 255, 165, 127, 203, 151, 255, 238, 35, 46,
       250, 58, 77, 175, 189, 247, 255, 246, 245, 186, 157, 40, 184, 93,
       213, 144, 99, 158, 28, 196, 19, 172, 158, 34, 65, 200, 59, 147,
       129, 118, 15, 18, 255, 243, 81, 154, 123, 16, 12, 61, 202, 154,
       12, 166, 189, 131, 246, 188, 71, 189, 134, 70, 147, 172, 46, 39,
       201, 239, 179, 155, 133, 52, 220, 17, 232, 199, 115, 218, 131,
       135, 116, 189, 222, 92, 28, 190, 230, 168, 126, 90, 24, 169, 246,
       175, 61, 223, 255, 75, 122, 183, 213, 253, 242, 140, 69, 187, 34,
       211, 239, 103, 21, 160, 243, 47, 83, 134, 64, 134, 145, 69, 119,
       184, 66, 30, 19, 83, 19, 140, 154, 103, 204, 233, 25, 179, 145, 6,
       212, 17, 192, 5, 18, 218, 71, 148, 13, 61, 134, 166, 64, 150, 145,
