%YAML:1.0
---
descriptors: !!opencv-matrix
   rows: 144
   cols: 32
   dt: u
   data: [ 90, 216, 63, 187, 171, 236, 57, 150, 45, 127, 215, 53, 191,
       31, 10, 73, 167, 23, 253, 147, 154, 217, 241, 161, 211, 243, 122,
       211, 160, 81, 133, 123, 168, 185, 63, 118, 112, 206, 119, 113,
       249, 140, 117, 24, 127, 95, 8, 49, 150, 252, 84, 106, 105, 242,
       184, 45, 231, 249, 96, 0, 66, 162, 198, 235, 240, 52, 59, 120, 37,
       237, 81, 99, 185, 78, 45, 25, 55, 221, 34, 17, 161, 58, 77, 0,
       122, 47, 50, 31, 211, 217, 49, 59, 64, 72, 70, 114, 7, 219, 231,
       67, 230, 18, 255, 246, 125, 119, 119, 246, 73, 44, 158, 110, 111,
       223, 183, 223, 245, 248, 45, 224, 62, 126, 246, 198, 239, 247,
       245, 253, 185, 68, 106, 204, 86, 243, 239, 123, 84, 194, 253, 146,
       89, 205, 181, 37, 126, 185, 23, 175, 224, 183, 36, 222, 114, 15,
       171, 129, 119, 237, 112, 224, 54, 92, 174, 186, 228, 231, 253,
       199, 29, 87, 255, 51, 214, 191, 38, 89, 237, 255, 63, 131, 120,
       215, 120, 226, 243, 151, 222, 147, 128, 121, 167, 243, 82, 219,
       238, 148, 235, 80, 188, 166, 171, 212, 214, 163, 108, 238, 119,
       79, 231, 247, 189, 197, 212, 217, 167, 232, 191, 123, 223, 131,
       167, 52, 189, 95, 248, 120, 186, 242, 11, 221, 21, 68, 171, 146,
       180, 24, 62, 157, 99, 59, 168, 177, 223, 66, 74, 103, 178, 224,
       211, 209, 84, 59, 82, 88, 7, 107, 255, 121, 185, 246, 203, 93,
       151, 220, 129, 250, 181, 126, 90, 221, 73, 59, 140, 245, 255, 98,
       201, 103, 250, 160, 119, 217, 101, 190, 107, 63, 198, 243, 162,
       94, 22, 158, 79, 226, 189, 70, 157, 6, 210, 51, 236, 254, 37, 75,
       239, 247, 43, 163, 96, 199, 2, 235, 241, 50, 218, 27, 16, 121,
       165, 138, 61, 5, 115, 204, 150, 151, 239, 248, 213, 192, 255, 194,
       121, 239, 189, 100, 126, 252, 18, 238, 249, 179, 60, 206, 251,
       237, 135, 0, 63, 187, 96, 176, 125, 119, 216, 103, 160, 31, 95,
       184, 97, 174, 191, 44, 223, 115, 203, 50, 158, 220, 220, 106, 204,
       242, 233, 42, 230, 205, 37, 181, 106, 243, 74, 67, 248, 188, 188,
       190, 173, 237, 84, 207, 159, 127, 133, 29, 111, 255, 99, 27, 201,
       227, 253, 5, 62, 79, 218, 179, 219, 211, 93, 59, 178, 92, 158, 90,
       199, 24, 60, 250, 40, 191, 90, 152, 239, 112, 167, 93, 223, 159,
       87, 91, 135, 181, 125, 223, 141, 69, 219, 240, 203, 219, 73, 116,
       24, 163, 11, 18, 3, 210, 115, 79, 100, 132, 173, 117, 124, 73,
       115, 230, 120, 205, 188, 100, 126, 24, 22, 238, 195, 180, 46, 223,
       36, 62, 178, 128, 95, 146, 241, 245, 184, 255, 126, 107, 116, 155,
       118, 248, 117, 12, 244, 43, 123, 75, 0, 145, 126, 250, 199, 234,
       232, 186, 73, 191, 111, 203, 37, 65, 119, 139, 78, 139, 244, 77,
       99, 234, 214, 169, 230, 212, 93, 2, 251, 90, 211, 201, 181, 80,
       122, 234, 70, 202, 249, 179, 77, 238, 54, 236, 34, 8, 125, 219,
       224, 128, 125, 120, 187, 246, 107, 93, 151, 208, 131, 234, 181,
       110, 94, 223, 77, 58, 157, 253, 247, 67, 201, 119, 250, 162, 247,
       217, 101, 190, 67, 123, 6, 243, 251, 60, 122, 92, 99, 255, 155,
       82, 121, 238, 180, 189, 46, 29, 135, 189, 182, 113, 215, 98, 165,
       103, 52, 254, 83, 91, 65, 187, 119, 253, 15, 247, 124, 229, 109,
       106, 253, 75, 95, 232, 3, 244, 189, 169, 95, 77, 91, 19, 155, 212,
       255, 115, 76, 103, 203, 188, 255, 209, 101, 253, 247, 191, 86,
       210, 254, 253, 228, 215, 223, 119, 223, 252, 27, 255, 149, 63,
       108, 254, 94, 175, 173, 215, 255, 211, 185, 91, 251, 242, 63, 95,
       223, 255, 167, 127, 158, 127, 55, 69, 238, 205, 214, 115, 175,
       119, 212, 227, 222, 146, 89, 172, 190, 105, 126, 239, 55, 175,
       185, 243, 37, 204, 117, 47, 254, 128, 229, 249, 241, 240, 36, 216,
       187, 187, 228, 207, 191, 199, 190, 71, 210, 19, 213, 255, 32, 89,
       223, 251, 63, 3, 112, 219, 114, 224, 245, 183, 254, 208, 148, 120,
       165, 243, 86, 217, 187, 187, 138, 204, 59, 148, 190, 81, 131, 17,
       247, 223, 73, 90, 167, 243, 125, 211, 26, 1, 219, 113, 203, 225,
       126, 91, 160, 19, 133, 115, 208, 180, 63, 250, 40, 237, 81, 75,
       187, 95, 177, 57, 119, 223, 40, 25, 183, 155, 93, 32, 58, 103,
       186, 23, 211, 243, 113, 127, 240, 64, 39, 115, 72, 177, 26, 250,
       17, 204, 49, 71, 174, 1, 105, 8, 190, 147, 40, 80, 128, 59, 73,
       16, 82, 137, 16, 87, 241, 181, 26, 74, 8, 2, 167, 42, 191, 167,
       108, 42, 93, 63, 218, 233, 83, 180, 189, 27, 75, 104, 30, 183,
       153, 131, 213, 191, 190, 98, 79, 159, 58, 217, 197, 253, 127, 207,
       90, 132, 75, 48, 156, 174, 108, 44, 216, 25, 171, 91, 53, 93, 220,
       255, 78, 26, 151, 21, 125, 5, 151, 70, 219, 193, 215, 255, 91,
       190, 216, 98, 139, 19, 40, 107, 98, 30, 116, 217, 230, 97, 249,
       204, 125, 137, 163, 204, 150, 132, 136, 40, 198, 13, 68, 186, 230,
       31, 38, 85, 32, 137, 71, 142, 222, 220, 212, 92, 156, 181, 168,
       111, 88, 138, 190, 187, 130, 21, 215, 51, 67, 91, 193, 87, 253,
       17, 44, 69, 91, 50, 203, 243, 127, 85, 152, 121, 9, 18, 23, 203,
       239, 215, 198, 18, 239, 240, 127, 245, 255, 199, 121, 44, 255,
       102, 111, 199, 55, 223, 199, 248, 45, 225, 62, 46, 255, 196, 239,
       247, 113, 252, 189, 79, 101, 39, 180, 62, 111, 184, 117, 234, 254,
       198, 211, 97, 153, 213, 125, 228, 46, 110, 233, 176, 109, 46, 230,
       239, 229, 132, 111, 255, 80, 97, 4, 74, 159, 158, 206, 34, 173,
       198, 188, 135, 210, 227, 244, 227, 33, 75, 255, 127, 43, 131, 48,
       211, 130, 106, 117, 38, 254, 10, 128, 121, 165, 170, 82, 203, 238,
       148, 78, 0, 184, 238, 171, 149, 210, 163, 108, 174, 119, 66, 238,
       245, 63, 197, 196, 203, 130, 225, 121, 58, 222, 139, 5, 52, 53,
       95, 56, 206, 126, 239, 108, 11, 118, 248, 69, 46, 254, 107, 115,
       89, 42, 16, 120, 240, 231, 98, 72, 167, 73, 191, 119, 207, 97,
       145, 119, 186, 92, 139, 189, 13, 103, 206, 149, 198, 79, 97, 213,
       128, 234, 2, 113, 243, 53, 228, 120, 234, 18, 234, 120, 179, 60,
       191, 251, 237, 135, 8, 51, 250, 112, 160, 95, 180, 151, 183, 173,
       125, 92, 207, 175, 251, 186, 93, 207, 254, 73, 235, 237, 215, 253,
       17, 29, 67, 219, 160, 153, 247, 95, 191, 202, 125, 171, 87, 244,
       252, 151, 190, 237, 237, 22, 238, 223, 179, 224, 56, 230, 240, 73,
       223, 209, 254, 234, 18, 63, 111, 219, 179, 189, 246, 85, 127, 216,
       121, 138, 47, 248, 105, 81, 236, 27, 211, 82, 106, 179, 160, 160,
       8, 47, 159, 33, 180, 202, 241, 221, 224, 104, 15, 210, 159, 179,
       245, 5, 59, 114, 36, 46, 42, 252, 120, 189, 230, 41, 111, 83, 152,
       162, 254, 167, 8, 247, 215, 73, 59, 128, 244, 125, 122, 41, 103,
       251, 40, 209, 217, 101, 56, 192, 115, 70, 114, 34, 205, 18, 154,
       93, 197, 150, 231, 159, 4, 216, 3, 172, 216, 36, 196, 200, 187,
       131, 81, 122, 171, 90, 255, 185, 52, 142, 75, 17, 30, 181, 142,
       126, 188, 149, 190, 169, 237, 84, 239, 187, 159, 160, 25, 238,
       247, 65, 155, 201, 243, 237, 16, 58, 79, 218, 177, 219, 215, 93,
       123, 242, 116, 134, 26, 162, 169, 106, 28, 117, 217, 230, 99, 185,
       68, 116, 153, 163, 204, 54, 4, 136, 42, 195, 5, 118, 186, 102, 63,
       102, 85, 0, 41, 70, 140, 223, 222, 29, 221, 62, 237, 161, 30, 95,
       252, 56, 106, 70, 4, 95, 55, 26, 49, 181, 85, 117, 110, 225, 209,
       185, 63, 243, 239, 111, 132, 42, 242, 131, 113, 168, 234, 236, 17,
       93, 187, 193, 198, 215, 190, 180, 25, 2, 137, 87, 27, 9, 236, 203,
       220, 174, 111, 100, 60, 78, 27, 181, 53, 195, 253, 94, 202, 197,
       48, 184, 234, 237, 44, 89, 153, 171, 115, 37, 29, 221, 223, 91,
       26, 135, 205, 113, 31, 147, 70, 218, 209, 215, 249, 75, 124, 216,
       163, 195, 82, 92, 89, 159, 165, 168, 74, 85, 37, 164, 214, 171,
       32, 215, 55, 1, 91, 226, 245, 109, 234, 89, 193, 49, 12, 193, 227,
       102, 16, 168, 115, 167, 114, 203, 112, 229, 85, 98, 94, 168, 27,
       120, 250, 82, 244, 253, 118, 152, 239, 55, 44, 62, 173, 225, 212,
