%YAML:1.0
---
descriptors: !!opencv-matrix
   rows: 114
   cols: 32
   dt: u
   data: [ 88, 188, 158, 244, 152, 108, 81, 23, 178, 151, 172, 25, 23,
       183, 66, 90, 129, 247, 237, 16, 58, 75, 178, 2, 219, 231, 117,
       121, 160, 96, 134, 106, 50, 191, 74, 90, 213, 141, 242, 211, 187,
       5, 236, 7, 34, 201, 54, 16, 188, 42, 130, 84, 150, 171, 18, 127,
       123, 188, 2, 75, 217, 10, 235, 222, 201, 254, 183, 253, 236, 141,
       125, 247, 255, 91, 246, 116, 190, 243, 208, 247, 199, 127, 127,
       12, 227, 111, 227, 243, 239, 251, 118, 168, 74, 208, 227, 233, 56,
       55, 123, 101, 50, 75, 103, 113, 96, 172, 254, 168, 115, 119, 129,
       48, 62, 252, 68, 106, 72, 176, 225, 14, 245, 205, 37, 0, 97, 162,
       70, 225, 166, 142, 214, 214, 247, 163, 166, 162, 219, 178, 179,
       250, 104, 233, 37, 143, 139, 247, 226, 131, 40, 255, 14, 236, 40,
       18, 69, 3, 197, 249, 98, 128, 47, 241, 241, 74, 237, 89, 215, 252,
       123, 125, 253, 169, 106, 253, 222, 180, 159, 218, 215, 87, 222,
       42, 238, 241, 63, 94, 21, 255, 215, 158, 198, 255, 215, 188, 136,
       180, 139, 53, 152, 203, 154, 187, 144, 218, 244, 250, 64, 171,
       197, 223, 253, 145, 43, 79, 219, 243, 153, 17, 159, 254, 141, 96,
       155, 12, 172, 124, 126, 101, 36, 79, 127, 48, 121, 142, 127, 8,
       211, 55, 147, 48, 16, 116, 84, 106, 232, 176, 49, 14, 231, 255,
       96, 0, 66, 243, 70, 243, 89, 219, 123, 230, 98, 70, 111, 240, 161,
       8, 247, 226, 125, 247, 160, 112, 118, 245, 61, 234, 201, 145, 168,
       237, 243, 237, 234, 128, 38, 179, 37, 121, 155, 246, 239, 255,
       190, 59, 239, 254, 54, 174, 222, 247, 217, 239, 149, 73, 127, 239,
       127, 174, 168, 212, 111, 255, 254, 239, 255, 132, 165, 241, 224,
       249, 33, 149, 123, 111, 112, 111, 119, 50, 109, 108, 127, 8, 243,
       127, 12, 48, 156, 250, 70, 42, 217, 184, 113, 45, 103, 188, 32,
       16, 65, 234, 70, 227, 167, 237, 151, 31, 223, 31, 166, 236, 127,
       226, 219, 90, 224, 232, 93, 229, 249, 207, 106, 99, 245, 243, 207,
       254, 60, 62, 79, 78, 205, 127, 249, 132, 90, 62, 110, 191, 251,
       183, 125, 95, 63, 191, 223, 183, 205, 239, 214, 72, 255, 223, 255,
       149, 184, 223, 251, 247, 255, 255, 255, 203, 175, 196, 165, 243,
       120, 186, 156, 58, 57, 221, 80, 251, 163, 189, 173, 13, 47, 255,
       66, 144, 165, 187, 237, 0, 78, 75, 154, 21, 219, 199, 37, 125,
       122, 38, 14, 147, 86, 174, 134, 158, 203, 243, 182, 239, 190, 150,
       193, 155, 108, 230, 43, 223, 249, 247, 235, 163, 124, 75, 138,
       255, 185, 38, 223, 63, 144, 119, 175, 198, 185, 207, 110, 206,
       214, 22, 239, 252, 92, 192, 222, 134, 121, 104, 191, 97, 126, 230,
       59, 239, 241, 187, 61, 255, 122, 43, 239, 128, 29, 186, 248, 104,
       248, 252, 126, 248, 155, 201, 85, 231, 179, 21, 164, 25, 47, 191,
       66, 19, 175, 187, 237, 16, 122, 79, 130, 55, 251, 195, 116, 121,
       50, 0, 142, 75, 80, 9, 123, 236, 22, 74, 112, 35, 100, 4, 238, 2,
       55, 59, 32, 96, 98, 181, 125, 0, 88, 169, 33, 14, 211, 229, 50, 1,
       36, 40, 37, 42, 181, 243, 105, 75, 126, 31, 195, 248, 67, 228,
       181, 238, 83, 76, 223, 48, 94, 204, 22, 110, 205, 50, 125, 156,
       126, 9, 37, 252, 127, 191, 90, 245, 127, 99, 241, 65, 251, 91, 95,
       216, 107, 228, 55, 168, 75, 79, 223, 182, 54, 212, 245, 126, 220,
       210, 237, 200, 126, 221, 5, 247, 231, 183, 70, 117, 176, 119, 127,
       101, 50, 79, 111, 57, 36, 172, 254, 168, 243, 71, 128, 17, 62,
       244, 76, 106, 104, 176, 97, 12, 229, 136, 37, 0, 97, 178, 198,
       113, 2, 205, 63, 254, 26, 207, 94, 230, 21, 160, 202, 139, 247,
       111, 36, 1, 158, 243, 27, 197, 104, 171, 81, 125, 185, 22, 28, 16,
       81, 155, 0, 56, 77, 93, 121, 229, 52, 78, 127, 184, 116, 234, 126,
       104, 247, 119, 137, 112, 86, 221, 125, 106, 233, 176, 225, 47,
       238, 239, 101, 132, 44, 243, 64, 123, 45, 119, 121, 101, 244, 15,
       111, 56, 116, 232, 127, 68, 211, 117, 153, 48, 30, 92, 22, 110,
       225, 176, 121, 14, 103, 175, 37, 132, 107, 242, 66, 241, 49, 173,
       15, 40, 26, 205, 147, 231, 172, 64, 232, 7, 182, 220, 38, 0, 232,
       35, 75, 117, 118, 171, 82, 127, 121, 44, 2, 88, 81, 10, 227, 218,
       19, 169, 11, 189, 148, 135, 239, 103, 46, 64, 232, 7, 54, 206, 52,
       0, 248, 43, 3, 69, 74, 169, 16, 93, 169, 174, 6, 8, 81, 10, 227,
       218, 248, 188, 175, 56, 237, 237, 68, 215, 179, 123, 176, 221,
       167, 173, 80, 155, 137, 162, 237, 21, 63, 111, 210, 51, 155, 243,
       116, 249, 200, 68, 222, 90, 77, 71, 37, 167, 181, 15, 111, 184,
       109, 160, 75, 73, 207, 104, 27, 240, 146, 69, 125, 111, 204, 208,
       237, 172, 237, 254, 15, 20, 6, 247, 151, 228, 221, 172, 156, 184,
       169, 49, 28, 207, 210, 191, 128, 17, 204, 234, 219, 203, 195, 199,
       108, 157, 62, 79, 207, 242, 216, 3, 127, 253, 146, 100, 169, 2,
       60, 239, 132, 167, 141, 63, 206, 188, 23, 170, 187, 207, 194, 97,
       89, 135, 221, 102, 236, 110, 40, 225, 203, 174, 168, 246, 101,
       180, 203, 127, 136, 5, 4, 205, 7, 182, 144, 139, 15, 228, 132,
       128, 202, 200, 247, 103, 33, 1, 92, 243, 91, 239, 105, 169, 81,
       61, 189, 134, 173, 16, 80, 186, 128, 40, 10, 210, 123, 234, 119,
       221, 251, 80, 111, 77, 125, 7, 156, 158, 62, 32, 254, 185, 151,
       149, 135, 55, 56, 213, 87, 93, 138, 234, 87, 14, 37, 247, 253,
       120, 252, 102, 45, 93, 211, 216, 195, 248, 181, 8, 91, 221, 95,
       59, 136, 212, 252, 106, 205, 103, 250, 176, 211, 217, 97, 61, 123,
       187, 90, 210, 63, 114, 226, 168, 117, 63, 210, 74, 91, 207, 253,
       175, 14, 136, 127, 140, 223, 137, 151, 53, 142, 182, 212, 194,
       146, 85, 0, 191, 223, 127, 122, 199, 38, 238, 134, 158, 217, 3,
       186, 232, 159, 183, 224, 139, 236, 234, 109, 68, 253, 223, 235,
       243, 38, 67, 203, 255, 188, 54, 143, 127, 144, 127, 39, 134, 214,
       253, 41, 174, 26, 193, 31, 236, 63, 100, 128, 171, 191, 222, 75,
       32, 183, 219, 221, 215, 79, 15, 186, 255, 185, 197, 143, 187, 60,
       23, 39, 122, 31, 20, 35, 136, 23, 247, 171, 218, 127, 73, 219, 86,
       92, 158, 191, 236, 253, 129, 30, 189, 167, 151, 61, 222, 153, 94,
       154, 198, 150, 7, 53, 117, 35, 91, 66, 77, 118, 158, 234, 244,
       109, 8, 122, 230, 41, 200, 181, 164, 126, 234, 22, 111, 199, 184,
       36, 237, 54, 44, 162, 128, 127, 159, 122, 141, 5, 95, 69, 133,
       180, 2, 110, 184, 52, 232, 91, 230, 209, 98, 153, 224, 94, 204,
       54, 239, 237, 144, 77, 14, 36, 46, 175, 132, 45, 243, 120, 21, 92,
       115, 115, 239, 114, 10, 107, 56, 32, 200, 127, 230, 95, 71, 128,
       112, 54, 253, 21, 238, 193, 144, 165, 76, 244, 173, 35, 128, 47,
       178, 39, 241, 150, 113, 107, 132, 198, 66, 189, 237, 176, 240,
       209, 179, 81, 254, 255, 43, 122, 221, 179, 227, 125, 211, 188,
       192, 61, 0, 207, 165, 45, 117, 183, 246, 120, 181, 16, 48, 27,
       221, 80, 107, 171, 189, 169, 29, 111, 255, 66, 144, 167, 187, 237,
       0, 30, 75, 154, 149, 155, 213, 9, 63, 106, 4, 142, 83, 32, 129,
       98, 9, 85, 219, 224, 69, 71, 69, 254, 139, 163, 204, 54, 196, 88,
       170, 163, 129, 30, 184, 119, 149, 6, 116, 144, 65, 119, 142, 92,
       222, 217, 92, 127, 245, 54, 242, 111, 54, 116, 74, 94, 50, 125,
       55, 161, 225, 118, 246, 60, 168, 225, 157, 53, 47, 227, 239, 34,
       128, 38, 240, 36, 121, 253, 116, 237, 101, 164, 126, 109, 51, 113,
       250, 55, 28, 91, 61, 223, 59, 53, 196, 124, 46, 253, 244, 253, 10,
       71, 235, 117, 148, 239, 241, 218, 113, 60, 225, 105, 235, 30, 15,
       203, 248, 70, 36, 253, 10, 83, 89, 120, 0, 122, 216, 23, 255, 74,
       50, 89, 157, 249, 205, 141, 116, 117, 187, 80, 226, 89, 115, 106,
       37, 35, 26, 126, 16, 33, 232, 6, 237, 95, 7, 131, 242, 54, 196,
       253, 238, 141, 208, 165, 72, 246, 237, 37, 133, 42, 183, 11, 85,
       124, 178, 104, 97, 122, 27, 90, 152, 11, 252, 61, 173, 91, 13,
       222, 144, 23, 221, 213, 126, 132, 112, 205, 20, 78, 201, 37, 245,
