%YAML:1.0
---
descriptors: !!opencv-matrix
   rows: 112
   cols: 32
   dt: u
   data: [ 181, 91, 103, 79, 44, 31, 206, 252, 68, 234, 243, 230, 211,
       76, 189, 227, 126, 244, 94, 238, 233, 181, 109, 44, 48, 235, 231,
       148, 125, 187, 112, 61, 26, 143, 103, 175, 178, 130, 111, 255, 36,
       140, 218, 231, 97, 99, 176, 68, 126, 230, 31, 239, 216, 153, 45,
       253, 248, 174, 175, 192, 55, 150, 180, 105, 138, 186, 136, 185,
       255, 189, 184, 207, 30, 55, 80, 183, 172, 142, 98, 136, 175, 27,
       163, 21, 54, 92, 26, 243, 13, 87, 158, 235, 148, 12, 157, 219, 2,
       162, 92, 187, 236, 169, 184, 143, 142, 49, 17, 251, 172, 194, 76,
       8, 207, 27, 235, 17, 18, 78, 75, 213, 12, 18, 158, 255, 156, 8,
       133, 131, 189, 97, 237, 74, 204, 71, 207, 216, 66, 242, 181, 10,
       83, 93, 93, 43, 89, 196, 112, 122, 233, 103, 255, 48, 123, 201,
       197, 60, 117, 251, 82, 224, 245, 221, 235, 78, 140, 103, 71, 252,
       210, 202, 188, 10, 115, 241, 249, 50, 89, 194, 84, 234, 248, 103,
       58, 42, 123, 143, 229, 60, 245, 251, 246, 99, 102, 111, 103, 78,
       237, 208, 198, 224, 193, 140, 248, 104, 98, 252, 181, 167, 200,
       230, 116, 227, 204, 235, 170, 237, 50, 56, 231, 155, 69, 127, 246,
       231, 243, 67, 70, 205, 15, 18, 78, 105, 229, 128, 243, 66, 67, 8,
       180, 231, 120, 228, 108, 238, 236, 167, 69, 205, 178, 234, 195,
       18, 103, 190, 112, 4, 53, 223, 243, 207, 246, 55, 239, 222, 87,
       73, 123, 230, 113, 229, 189, 228, 126, 206, 22, 254, 145, 184,
       125, 255, 62, 236, 167, 196, 255, 251, 244, 253, 129, 160, 17,
       153, 236, 137, 105, 159, 94, 113, 80, 80, 183, 128, 216, 105, 195,
       10, 106, 28, 147, 120, 67, 81, 140, 24, 54, 108, 152, 136, 209,
       169, 2, 186, 19, 216, 233, 205, 176, 71, 142, 29, 105, 17, 132,
       210, 96, 64, 201, 59, 226, 16, 18, 11, 10, 209, 29, 148, 30, 111,
       144, 8, 165, 131, 64, 189, 190, 188, 219, 236, 48, 255, 255, 217,
       76, 21, 188, 255, 66, 18, 167, 123, 235, 145, 55, 107, 146, 119,
       237, 183, 95, 107, 200, 64, 175, 155, 56, 217, 24, 254, 157, 143,
       87, 181, 198, 8, 236, 0, 247, 209, 34, 80, 208, 112, 141, 72, 90,
       169, 90, 63, 235, 229, 36, 89, 58, 10, 220, 27, 24, 143, 14, 168,
       149, 143, 66, 101, 36, 0, 234, 2, 99, 113, 32, 193, 120, 162, 78,
       248, 120, 185, 1, 61, 248, 193, 134, 80, 97, 10, 248, 10, 118, 96,
       209, 103, 65, 106, 66, 200, 107, 226, 163, 8, 83, 122, 77, 58,
       184, 221, 112, 242, 13, 247, 217, 72, 149, 152, 69, 55, 233, 115,
       66, 134, 252, 96, 218, 102, 160, 106, 83, 216, 32, 174, 179, 41,
       87, 95, 73, 27, 186, 221, 109, 119, 8, 247, 201, 8, 209, 201, 101,
       180, 225, 243, 70, 3, 102, 91, 106, 76, 236, 18, 183, 240, 233,
       140, 248, 100, 96, 248, 181, 35, 222, 244, 231, 99, 204, 163, 166,
       236, 50, 56, 239, 139, 77, 59, 118, 173, 215, 32, 249, 165, 2, 78,
       123, 128, 45, 224, 39, 139, 223, 14, 91, 246, 182, 213, 253, 255,
       197, 212, 181, 192, 157, 248, 10, 6, 37, 167, 3, 116, 253, 237,
       173, 100, 140, 111, 199, 254, 194, 250, 184, 10, 83, 113, 217, 35,
       89, 194, 92, 110, 249, 99, 251, 58, 249, 137, 229, 60, 89, 251,
       210, 168, 188, 221, 253, 118, 184, 102, 87, 252, 210, 230, 45, 24,
       115, 245, 41, 49, 29, 118, 36, 106, 249, 103, 58, 63, 107, 143,
       101, 124, 241, 251, 198, 112, 87, 143, 71, 143, 182, 2, 111, 252,
       37, 140, 218, 231, 113, 99, 184, 213, 126, 230, 63, 238, 248, 153,
       45, 253, 176, 168, 175, 128, 39, 179, 240, 105, 17, 221, 90, 207,
       146, 147, 62, 247, 117, 1, 206, 166, 125, 242, 160, 228, 119, 255,
       154, 248, 119, 153, 29, 255, 186, 238, 6, 66, 63, 146, 169, 12, 1,
       146, 29, 251, 60, 173, 33, 23, 94, 25, 81, 80, 180, 147, 160, 105,
       197, 42, 62, 28, 179, 220, 67, 21, 197, 186, 50, 96, 152, 8, 65,
       169, 80, 8, 94, 196, 76, 10, 104, 33, 173, 128, 226, 2, 198, 3,
       32, 83, 98, 164, 110, 170, 72, 145, 129, 200, 148, 162, 194, 16,
       32, 40, 97, 0, 247, 203, 71, 207, 118, 2, 110, 188, 52, 128, 218,
       230, 113, 99, 181, 241, 126, 228, 63, 238, 233, 147, 45, 111, 52,
       170, 239, 132, 37, 179, 112, 105, 181, 205, 119, 79, 156, 79, 79,
       252, 100, 160, 247, 66, 115, 115, 153, 53, 120, 228, 94, 234, 105,
       179, 121, 61, 241, 235, 165, 20, 107, 187, 226, 160, 60, 174, 128,
       119, 213, 110, 70, 175, 114, 167, 234, 24, 67, 33, 85, 58, 89,
       206, 96, 152, 28, 254, 201, 42, 127, 238, 149, 101, 227, 115, 214,
       130, 209, 201, 14, 189, 132, 14, 100, 165, 117, 18, 226, 82, 99,
       35, 32, 211, 104, 228, 106, 234, 124, 253, 1, 61, 176, 162, 198,
       0, 41, 32, 232, 8, 68, 40, 251, 115, 232, 40, 105, 2, 42, 167, 43,
       136, 149, 163, 65, 26, 51, 110, 104, 156, 16, 80, 174, 96, 77,
       134, 123, 104, 196, 227, 7, 224, 116, 79, 94, 236, 10, 10, 95,
       184, 160, 140, 234, 235, 83, 107, 33, 83, 118, 245, 109, 226, 200,
       131, 141, 44, 242, 233, 229, 148, 37, 179, 102, 1, 125, 80, 249,
       103, 36, 30, 79, 184, 100, 226, 251, 78, 211, 120, 153, 226, 126,
       228, 124, 110, 201, 176, 253, 40, 241, 237, 229, 20, 109, 251, 80,
       32, 44, 180, 153, 187, 188, 109, 17, 27, 31, 57, 57, 121, 158, 29,
       72, 24, 151, 27, 206, 17, 18, 104, 91, 19, 205, 213, 49, 127, 208,
       72, 135, 3, 68, 112, 155, 101, 48, 110, 115, 24, 44, 168, 127,
       104, 215, 119, 137, 112, 22, 84, 108, 106, 1, 144, 177, 8, 229,
       253, 33, 4, 0, 243, 7, 49, 123, 88, 188, 38, 41, 92, 85, 48, 225,
       202, 180, 76, 126, 254, 67, 246, 140, 245, 252, 110, 205, 103,
       250, 32, 211, 249, 69, 186, 106, 182, 74, 127, 232, 120, 61, 99,
       13, 77, 81, 24, 106, 56, 36, 8, 178, 17, 9, 51, 128, 20, 68, 74,
       11, 112, 249, 61, 199, 217, 32, 48, 66, 11, 70, 42, 248, 89, 62,
       222, 13, 209, 150, 104, 196, 140, 229, 35, 106, 253, 37, 192, 216,
       240, 235, 98, 72, 163, 130, 172, 243, 243, 194, 27, 82, 59, 124,
       2, 53, 221, 127, 79, 148, 15, 239, 248, 100, 224, 251, 66, 115,
       117, 189, 224, 126, 238, 22, 238, 233, 176, 125, 61, 191, 173,
       167, 132, 125, 187, 112, 176, 130, 160, 156, 187, 141, 253, 176,
       143, 30, 115, 66, 19, 172, 184, 106, 202, 193, 27, 187, 17, 54,
       92, 91, 147, 207, 215, 91, 103, 144, 76, 157, 138, 26, 140, 138,
       187, 145, 231, 120, 135, 54, 3, 70, 17, 172, 251, 98, 200, 209,
       43, 187, 149, 62, 220, 83, 247, 203, 247, 158, 67, 152, 68, 169,
       2, 114, 189, 125, 68, 207, 121, 215, 239, 193, 190, 188, 43, 42,
       60, 78, 55, 201, 214, 205, 97, 92, 107, 242, 175, 59, 216, 68, 63,
       99, 124, 198, 110, 51, 94, 106, 172, 118, 130, 154, 112, 80, 192,
       210, 231, 39, 204, 179, 1, 126, 189, 23, 103, 205, 190, 148, 141,
       178, 225, 170, 136, 109, 170, 122, 153, 200, 251, 125, 247, 106,
       68, 61, 189, 174, 254, 22, 244, 253, 215, 194, 99, 39, 119, 253,
       206, 225, 92, 171, 125, 101, 139, 127, 168, 42, 176, 133, 249, 27,
       159, 122, 237, 19, 159, 122, 119, 93, 13, 94, 39, 47, 27, 166,
       224, 182, 187, 142, 12, 222, 152, 49, 255, 227, 237, 48, 195, 58,
       140, 173, 79, 77, 12, 222, 119, 160, 58, 106, 130, 120, 130, 111,
       144, 223, 98, 131, 255, 115, 102, 108, 42, 37, 212, 141, 42, 134,
       255, 115, 1, 232, 241, 75, 4, 233, 113, 214, 84, 77, 28, 84, 117,
       225, 154, 164, 76, 106, 249, 69, 159, 136, 228, 224, 110, 204,
       103, 146, 192, 19, 251, 69, 58, 75, 118, 234, 14, 26, 190, 17,
       177, 51, 187, 18, 191, 63, 41, 24, 125, 191, 26, 128, 176, 183,
       27, 220, 16, 183, 137, 9, 55, 170, 215, 57, 247, 170, 132, 139,
       27, 0, 130, 57, 91, 48, 201, 65, 31, 94, 61, 116, 48, 183, 1, 136,
       124, 19, 26, 36, 8, 50, 60, 99, 55, 197, 190, 48, 244, 82, 136,
       197, 105, 82, 251, 17, 186, 59, 205, 11, 234, 171, 88, 136, 233,
       174, 214, 65, 148, 135, 243, 253, 199, 75, 75, 170, 253, 185, 212,
       15, 186, 16, 5, 7, 125, 124, 95, 22, 254, 63, 209, 150, 104, 143,
