%YAML:1.0
---
descriptors: !!opencv-matrix
   rows: 210
   cols: 32
   dt: u
   data: [ 97, 78, 107, 5, 100, 90, 231, 54, 104, 230, 126, 237, 211, 12,
       151, 49, 26, 196, 68, 111, 197, 180, 37, 12, 100, 63, 96, 0, 77,
       188, 86, 252, 167, 206, 230, 155, 212, 179, 238, 222, 87, 215, 84,
       183, 200, 104, 191, 173, 123, 203, 150, 255, 182, 244, 15, 230,
       46, 14, 223, 196, 255, 253, 249, 196, 219, 151, 108, 127, 176,
       242, 95, 55, 53, 79, 95, 181, 251, 255, 154, 81, 119, 255, 189,
       163, 253, 156, 249, 238, 239, 255, 190, 129, 247, 214, 172, 123,
       74, 187, 190, 186, 235, 193, 144, 238, 175, 189, 176, 169, 172,
       254, 106, 18, 207, 211, 239, 209, 86, 107, 202, 241, 219, 211,
       127, 255, 144, 0, 175, 219, 191, 252, 248, 123, 253, 221, 247,
       207, 251, 119, 117, 24, 26, 157, 86, 255, 201, 222, 247, 83, 127,
       126, 250, 179, 255, 253, 149, 111, 243, 29, 222, 230, 155, 215,
       103, 45, 50, 6, 111, 189, 37, 72, 222, 229, 253, 103, 152, 245,
       118, 165, 93, 237, 249, 137, 37, 93, 248, 40, 47, 212, 62, 166,
       35, 121, 106, 105, 147, 86, 81, 212, 110, 68, 163, 133, 239, 0,
       40, 247, 100, 246, 200, 252, 224, 202, 9, 155, 186, 224, 19, 252,
       130, 10, 130, 119, 230, 172, 123, 92, 224, 77, 13, 30, 254, 182,
       103, 238, 190, 6, 139, 168, 215, 246, 104, 228, 254, 203, 205, 47,
       245, 234, 51, 125, 199, 159, 127, 253, 122, 61, 41, 157, 51, 254,
       157, 199, 199, 247, 213, 72, 216, 70, 114, 253, 48, 96, 216, 250,
       26, 74, 251, 171, 122, 191, 243, 255, 134, 8, 26, 74, 240, 186,
       93, 142, 52, 18, 153, 255, 82, 170, 247, 247, 175, 28, 203, 98,
       14, 255, 129, 198, 236, 60, 60, 73, 109, 182, 139, 223, 81, 87,
       162, 197, 78, 70, 249, 223, 70, 207, 100, 22, 110, 184, 117, 74,
       255, 102, 113, 98, 189, 245, 126, 132, 62, 238, 237, 151, 45, 255,
       54, 239, 227, 132, 63, 163, 104, 13, 87, 5, 231, 145, 226, 114,
       174, 208, 61, 217, 91, 214, 89, 126, 253, 239, 55, 199, 63, 255,
       181, 209, 37, 192, 60, 42, 239, 196, 175, 245, 161, 116, 207, 154,
       124, 97, 40, 183, 88, 152, 239, 120, 151, 101, 222, 31, 21, 251,
       135, 21, 253, 247, 143, 69, 91, 213, 194, 219, 105, 246, 30, 167,
       11, 21, 120, 241, 40, 232, 28, 223, 83, 125, 70, 108, 254, 15, 83,
       157, 58, 48, 216, 140, 79, 97, 92, 59, 241, 29, 251, 205, 33, 125,
       113, 10, 254, 82, 188, 125, 107, 101, 86, 71, 95, 112, 48, 228,
       246, 131, 83, 87, 19, 49, 120, 252, 21, 234, 104, 182, 113, 14,
       243, 201, 161, 1, 101, 179, 102, 242, 46, 177, 16, 186, 253, 253,
       208, 201, 159, 53, 161, 25, 142, 222, 106, 152, 201, 155, 195, 17,
       30, 107, 218, 213, 155, 209, 27, 127, 210, 12, 143, 214, 252, 176,
       176, 252, 237, 253, 212, 203, 91, 127, 229, 24, 142, 253, 78, 58,
       217, 223, 245, 0, 62, 126, 250, 179, 219, 251, 81, 127, 210, 109,
       214, 230, 37, 200, 241, 71, 116, 95, 231, 176, 68, 164, 122, 66,
       211, 56, 149, 164, 122, 220, 6, 106, 201, 176, 125, 44, 5, 174,
       36, 4, 103, 187, 84, 172, 105, 180, 60, 119, 124, 254, 120, 55,
       120, 99, 239, 24, 255, 63, 18, 59, 157, 247, 127, 9, 60, 252, 241,
       15, 207, 255, 82, 81, 192, 200, 199, 202, 131, 207, 3, 188, 216,
       163, 174, 239, 156, 2, 216, 215, 244, 226, 48, 65, 125, 171, 3,
       167, 97, 143, 0, 127, 52, 6, 174, 136, 29, 88, 161, 152, 221, 125,
       45, 101, 140, 126, 111, 184, 228, 254, 143, 0, 209, 117, 219, 99,
       32, 100, 125, 239, 193, 65, 255, 12, 239, 233, 237, 148, 46, 243,
       81, 114, 161, 171, 123, 73, 116, 155, 235, 117, 121, 72, 116, 238,
       57, 141, 148, 52, 62, 170, 23, 236, 227, 186, 100, 255, 110, 24,
       32, 160, 111, 136, 82, 253, 180, 228, 157, 247, 188, 47, 70, 216,
       86, 186, 177, 90, 211, 121, 121, 43, 217, 218, 95, 122, 104, 102,
       89, 58, 253, 207, 229, 52, 240, 251, 208, 162, 217, 93, 70, 205,
       100, 54, 238, 121, 117, 98, 242, 198, 123, 104, 183, 247, 126,
       196, 62, 174, 237, 183, 21, 223, 54, 234, 227, 128, 63, 240, 120,
       132, 58, 40, 127, 232, 91, 227, 25, 71, 189, 5, 228, 145, 15, 159,
       36, 121, 238, 185, 147, 144, 26, 139, 50, 220, 211, 209, 154, 75,
       176, 0, 166, 178, 42, 190, 114, 88, 115, 215, 248, 99, 253, 79,
       126, 183, 40, 174, 182, 180, 239, 187, 151, 128, 150, 185, 52,
       223, 7, 126, 146, 195, 103, 132, 238, 223, 62, 182, 190, 186, 185,
       247, 31, 255, 151, 255, 220, 45, 94, 253, 106, 48, 223, 251, 255,
       17, 158, 75, 123, 183, 251, 215, 45, 255, 214, 238, 172, 87, 166,
       176, 54, 80, 235, 221, 180, 255, 187, 123, 181, 61, 140, 158, 76,
       59, 175, 27, 215, 17, 246, 111, 186, 212, 31, 26, 85, 255, 202, 4,
       135, 215, 252, 189, 190, 246, 153, 252, 95, 247, 179, 55, 191, 25,
       239, 191, 66, 215, 233, 215, 237, 130, 122, 107, 251, 227, 251,
       247, 214, 123, 227, 212, 230, 106, 24, 9, 154, 187, 21, 197, 18,
       66, 6, 13, 76, 3, 189, 219, 35, 64, 200, 59, 131, 81, 6, 136, 66,
       189, 231, 229, 170, 9, 176, 11, 61, 138, 150, 127, 90, 174, 186,
       91, 30, 232, 185, 142, 176, 251, 79, 174, 167, 17, 54, 241, 205,
       99, 100, 135, 12, 238, 178, 195, 47, 191, 101, 245, 47, 87, 41,
       125, 107, 101, 100, 126, 239, 55, 104, 236, 126, 172, 147, 13,
       151, 48, 30, 44, 85, 45, 201, 176, 244, 12, 231, 253, 32, 128, 78,
       250, 86, 249, 126, 253, 254, 126, 185, 223, 95, 253, 187, 142,
       188, 41, 126, 255, 42, 115, 151, 247, 253, 99, 250, 75, 186, 255,
       251, 255, 93, 219, 242, 246, 231, 123, 223, 86, 246, 205, 226, 54,
       108, 55, 121, 11, 246, 246, 221, 42, 150, 255, 118, 197, 63, 174,
       245, 220, 165, 206, 246, 250, 254, 196, 175, 244, 171, 5, 236,
       117, 254, 112, 205, 253, 117, 207, 243, 255, 172, 24, 14, 189,
       111, 59, 137, 247, 235, 16, 126, 111, 242, 162, 127, 219, 85, 127,
       194, 92, 206, 250, 45, 123, 236, 231, 164, 15, 207, 188, 82, 238,
       150, 237, 243, 45, 211, 3, 94, 228, 127, 111, 201, 242, 253, 40,
       236, 139, 229, 176, 76, 251, 84, 121, 219, 174, 246, 39, 166, 58,
       124, 183, 121, 255, 54, 253, 207, 40, 223, 159, 39, 199, 237, 29,
       180, 252, 173, 226, 154, 219, 119, 198, 230, 244, 139, 77, 146,
       218, 182, 188, 67, 133, 189, 230, 150, 22, 194, 151, 44, 238, 39,
       201, 236, 251, 163, 193, 98, 223, 18, 241, 49, 162, 222, 11, 17,
       28, 37, 154, 245, 197, 157, 255, 172, 38, 79, 188, 18, 178, 137,
       82, 213, 115, 25, 123, 221, 215, 61, 238, 105, 70, 91, 63, 233,
       170, 239, 20, 24, 243, 240, 34, 40, 187, 59, 232, 116, 207, 83,
       114, 68, 236, 252, 45, 151, 157, 34, 48, 220, 184, 87, 89, 153,
       186, 112, 62, 251, 141, 33, 120, 112, 138, 86, 243, 161, 173, 28,
       69, 69, 237, 225, 35, 109, 17, 110, 16, 178, 49, 20, 53, 136, 10,
       114, 8, 59, 248, 83, 37, 71, 153, 80, 64, 72, 72, 74, 170, 60,
       176, 56, 248, 77, 253, 80, 200, 143, 53, 165, 25, 142, 221, 106,
       152, 201, 153, 203, 16, 30, 43, 90, 213, 219, 209, 17, 127, 210,
       13, 15, 210, 79, 222, 255, 223, 242, 198, 127, 180, 61, 87, 87,
       182, 120, 255, 190, 125, 119, 254, 55, 206, 179, 216, 127, 239,
       111, 63, 247, 194, 167, 215, 228, 241, 171, 60, 247, 215, 247,
       166, 237, 119, 121, 203, 119, 242, 120, 255, 148, 253, 127, 254,
       55, 138, 241, 254, 191, 239, 63, 62, 215, 128, 239, 252, 227, 253,
       237, 162, 192, 67, 221, 60, 66, 136, 115, 187, 173, 92, 75, 104,
       220, 182, 217, 204, 228, 122, 158, 102, 201, 147, 14, 221, 133,
       127, 203, 167, 90, 4, 52, 207, 78, 239, 30, 3, 206, 236, 84, 160,
       218, 194, 115, 233, 57, 0, 122, 232, 14, 235, 104, 179, 13, 158,
       248, 199, 175, 20, 117, 186, 112, 136, 93, 77, 95, 236, 22, 2,
       111, 248, 53, 160, 254, 194, 83, 227, 177, 112, 122, 228, 61, 238,
       73, 147, 45, 238, 242, 239, 163, 4, 39, 179, 96, 32, 222, 118, 70,
       177, 42, 59, 190, 248, 188, 254, 146, 247, 205, 110, 207, 203, 55,
