%YAML:1.0
---
descriptors: !!opencv-matrix
   rows: 87
   cols: 32
   dt: u
   data: [ 26, 135, 87, 227, 178, 66, 111, 183, 37, 225, 202, 194, 221,
       39, 136, 228, 119, 215, 29, 252, 89, 152, 13, 238, 233, 166, 174,
       196, 166, 198, 165, 57, 61, 205, 250, 239, 244, 99, 111, 253, 87,
       165, 127, 2, 115, 105, 187, 48, 122, 238, 23, 234, 216, 178, 109,
       255, 127, 175, 165, 132, 247, 251, 226, 169, 10, 186, 184, 187,
       239, 185, 184, 207, 30, 21, 80, 191, 172, 140, 98, 136, 175, 59,
       131, 17, 22, 122, 90, 241, 77, 85, 26, 235, 148, 12, 157, 219, 34,
       162, 88, 155, 238, 137, 169, 143, 14, 49, 17, 187, 140, 130, 72,
       8, 79, 27, 107, 17, 18, 72, 79, 209, 12, 16, 158, 124, 148, 8,
       129, 136, 241, 67, 78, 77, 78, 27, 231, 104, 228, 166, 242, 230,
       66, 64, 183, 215, 120, 196, 110, 234, 104, 231, 69, 76, 52, 42,
       227, 16, 117, 184, 120, 4, 178, 253, 26, 250, 219, 199, 55, 247,
       177, 29, 164, 57, 60, 247, 42, 17, 229, 187, 195, 240, 114, 75,
       26, 127, 123, 131, 5, 123, 48, 0, 174, 219, 27, 205, 71, 193, 151,
       214, 111, 183, 37, 233, 158, 194, 73, 39, 144, 228, 115, 198, 157,
       252, 91, 153, 5, 237, 187, 238, 143, 196, 167, 214, 185, 40, 7,
       164, 163, 145, 213, 246, 173, 199, 90, 211, 81, 18, 136, 252, 124,
       172, 217, 15, 50, 145, 183, 254, 174, 194, 13, 30, 159, 110, 133,
       76, 245, 230, 34, 186, 18, 152, 121, 205, 176, 199, 143, 29, 112,
       41, 172, 222, 100, 20, 201, 187, 130, 16, 18, 43, 2, 245, 29, 148,
       26, 123, 208, 8, 135, 139, 248, 88, 255, 244, 46, 78, 93, 20, 169,
       222, 182, 126, 123, 63, 133, 91, 110, 245, 125, 234, 233, 71, 243,
       200, 211, 251, 230, 144, 39, 241, 102, 123, 66, 189, 159, 188,
       217, 229, 52, 255, 190, 89, 72, 17, 188, 255, 66, 50, 165, 123,
       251, 145, 151, 75, 146, 119, 221, 183, 95, 107, 136, 64, 175, 155,
       240, 219, 127, 237, 134, 78, 103, 181, 116, 108, 246, 6, 115, 99,
       162, 81, 120, 228, 44, 234, 232, 179, 57, 45, 247, 171, 228, 0,
       41, 186, 244, 123, 240, 180, 157, 184, 202, 102, 93, 191, 51, 63,
       128, 25, 215, 119, 72, 91, 209, 223, 125, 145, 58, 78, 219, 19,
       217, 231, 255, 124, 176, 64, 166, 75, 181, 205, 111, 111, 188, 31,
       199, 252, 84, 164, 243, 66, 115, 113, 189, 161, 120, 212, 78, 234,
       233, 163, 109, 63, 187, 233, 165, 20, 117, 187, 244, 232, 14, 42,
       142, 187, 145, 164, 56, 3, 62, 151, 70, 149, 173, 234, 99, 72,
       229, 59, 171, 149, 54, 216, 147, 98, 205, 247, 218, 73, 128, 65,
       45, 210, 181, 76, 127, 111, 44, 90, 207, 248, 84, 166, 243, 66,
       83, 101, 185, 227, 122, 212, 108, 234, 233, 181, 109, 44, 179,
       235, 231, 20, 117, 187, 116, 32, 9, 176, 189, 243, 236, 237, 249,
       159, 79, 123, 61, 88, 156, 191, 200, 42, 135, 27, 127, 24, 147,
       120, 251, 209, 207, 223, 119, 252, 220, 200, 133, 251, 138, 45,
       22, 153, 173, 241, 188, 206, 206, 150, 28, 1, 172, 130, 99, 207,
       203, 107, 187, 210, 70, 73, 146, 240, 239, 209, 222, 43, 22, 125,
       45, 202, 27, 143, 70, 192, 245, 146, 110, 183, 165, 129, 142, 2,
       40, 35, 182, 228, 105, 166, 158, 152, 221, 153, 37, 236, 62, 126,
       134, 195, 175, 198, 248, 44, 106, 168, 150, 124, 137, 249, 20,
       207, 155, 191, 164, 25, 174, 249, 102, 155, 201, 115, 235, 16, 62,
       107, 194, 177, 219, 243, 85, 123, 210, 76, 142, 139, 221, 68, 222,
       101, 19, 94, 110, 96, 37, 160, 111, 2, 91, 51, 9, 48, 56, 213,
       104, 234, 105, 181, 17, 78, 247, 239, 67, 1, 105, 51, 74, 2, 1,
       178, 153, 249, 124, 173, 177, 27, 94, 25, 113, 112, 180, 147, 224,
       96, 197, 27, 6, 24, 147, 56, 67, 51, 77, 156, 50, 232, 152, 8, 1,
       169, 160, 161, 120, 64, 221, 221, 210, 77, 219, 37, 180, 26, 18,
       153, 110, 48, 248, 154, 194, 80, 54, 47, 210, 19, 127, 141, 4,
       127, 81, 8, 222, 138, 209, 65, 71, 239, 34, 2, 111, 184, 49, 226,
       211, 198, 113, 67, 153, 117, 118, 228, 61, 238, 233, 148, 253,
       110, 244, 170, 239, 132, 45, 179, 112, 121, 178, 253, 30, 186,
       219, 197, 52, 231, 176, 26, 228, 25, 116, 247, 42, 17, 237, 243,
       195, 224, 116, 79, 26, 127, 123, 131, 95, 107, 49, 16, 175, 155,
       52, 141, 127, 239, 182, 199, 239, 248, 68, 128, 255, 66, 115, 105,
       188, 96, 126, 238, 30, 234, 249, 177, 61, 61, 251, 173, 167, 128,
       117, 187, 116, 161, 243, 96, 209, 101, 67, 106, 100, 66, 105, 226,
       162, 24, 23, 26, 85, 187, 168, 197, 88, 176, 45, 246, 209, 64,
       157, 152, 21, 54, 233, 112, 66, 142, 252, 75, 126, 236, 10, 10,
       95, 184, 160, 166, 226, 201, 83, 107, 25, 83, 118, 245, 109, 230,
       200, 195, 141, 40, 242, 235, 229, 148, 37, 179, 98, 0, 10, 185,
       128, 187, 79, 157, 184, 206, 30, 85, 88, 143, 172, 204, 114, 128,
       175, 27, 147, 149, 22, 56, 154, 241, 77, 85, 30, 235, 221, 14,
       139, 218, 95, 51, 63, 152, 107, 84, 57, 88, 172, 92, 151, 175, 28,
       214, 163, 255, 230, 149, 255, 247, 133, 67, 162, 208, 208, 49,
       235, 190, 138, 5, 47, 245, 109, 119, 57, 239, 60, 15, 79, 216,
       111, 232, 189, 76, 223, 121, 153, 112, 220, 196, 126, 110, 137,
       98, 249, 188, 247, 253, 37, 188, 74, 251, 66, 49, 225, 189, 237,
       69, 253, 95, 71, 175, 82, 232, 188, 8, 243, 49, 149, 179, 24, 230,
       124, 104, 121, 106, 249, 47, 43, 207, 101, 48, 233, 120, 210, 42,
       104, 240, 249, 193, 236, 105, 117, 157, 59, 127, 52, 57, 215, 55,
       76, 26, 147, 94, 125, 24, 18, 116, 249, 83, 207, 157, 117, 252,
       194, 216, 198, 123, 134, 73, 150, 185, 169, 213, 62, 197, 175,
       188, 130, 1, 204, 210, 103, 206, 231, 97, 255, 210, 70, 65, 155,
       208, 171, 212, 143, 159, 18, 118, 173, 71, 220, 121, 152, 164,
       171, 23, 94, 252, 6, 172, 148, 10, 191, 159, 99, 147, 246, 217,
       157, 226, 76, 83, 248, 168, 243, 193, 47, 191, 50, 115, 45, 91,
       27, 143, 118, 76, 19, 155, 90, 39, 237, 69, 126, 167, 43, 10, 166,
       212, 166, 163, 156, 132, 206, 153, 37, 223, 178, 255, 18, 131, 63,
       132, 169, 79, 35, 92, 107, 204, 118, 150, 171, 116, 92, 64, 126,
       230, 49, 140, 182, 113, 126, 168, 23, 239, 229, 182, 36, 223, 118,
       40, 162, 136, 125, 138, 112, 253, 245, 101, 89, 74, 156, 43, 71,
       248, 64, 162, 169, 72, 82, 113, 13, 49, 89, 196, 76, 122, 105, 35,
       201, 14, 248, 140, 37, 60, 121, 251, 66, 33, 122, 181, 241, 68,
       223, 93, 87, 255, 73, 111, 188, 58, 74, 124, 14, 55, 185, 215,
       213, 32, 253, 107, 184, 143, 123, 223, 85, 127, 99, 110, 214, 127,
       126, 94, 236, 190, 35, 118, 91, 26, 19, 230, 132, 191, 111, 103,
       3, 93, 23, 245, 181, 134, 172, 196, 57, 170, 211, 231, 249, 147,
       190, 245, 12, 91, 220, 92, 255, 231, 32, 106, 111, 146, 113, 206,
       254, 177, 255, 119, 3, 123, 50, 244, 125, 234, 232, 245, 237, 42,
       195, 235, 97, 144, 103, 243, 102, 123, 84, 54, 156, 167, 170, 42,
       65, 25, 50, 191, 171, 124, 215, 99, 201, 90, 87, 221, 108, 58, 56,
       214, 201, 18, 220, 167, 117, 244, 160, 227, 134, 33, 125, 64, 249,
       101, 36, 110, 67, 24, 96, 166, 255, 74, 211, 97, 153, 122, 122,
       212, 108, 106, 137, 242, 253, 8, 211, 239, 97, 20, 101, 251, 84,
       32, 250, 17, 23, 236, 73, 70, 68, 41, 161, 90, 163, 72, 106, 246,
       32, 247, 192, 244, 236, 98, 105, 71, 146, 137, 177, 242, 64, 27,
       10, 38, 102, 22, 196, 98, 217, 227, 96, 46, 107, 24, 59, 174, 55,
       204, 215, 67, 201, 26, 55, 221, 77, 126, 136, 244, 201, 72, 204,
       217, 37, 164, 224, 243, 66, 33, 114, 186, 150, 60, 203, 201, 144,
       199, 159, 183, 224, 185, 38, 170, 102, 155, 201, 127, 235, 17, 54,
       75, 194, 113, 152, 54, 93, 123, 208, 12, 175, 143, 45, 116, 177,
       67, 77, 127, 99, 152, 123, 250, 39, 72, 214, 85, 77, 62, 145, 92,
       112, 122, 129, 116, 249, 0, 79, 223, 5, 52, 202, 123, 70, 176, 85,
       64, 107, 231, 36, 78, 111, 184, 100, 226, 247, 66, 83, 97, 153,
       112, 126, 228, 60, 234, 201, 180, 125, 10, 244, 175, 229, 132, 45,
