%YAML:1.0
---
descriptors: !!opencv-matrix
   rows: 86
   cols: 32
   dt: u
   data: [ 15, 254, 166, 159, 237, 181, 190, 238, 223, 211, 86, 151, 232,
       232, 255, 175, 223, 107, 251, 215, 247, 105, 31, 247, 46, 94, 223,
       235, 159, 125, 249, 222, 31, 149, 119, 238, 191, 215, 218, 113,
       205, 72, 221, 231, 121, 255, 182, 101, 254, 179, 151, 167, 253,
       171, 46, 223, 83, 223, 171, 202, 55, 174, 116, 247, 27, 155, 127,
       248, 175, 212, 89, 119, 159, 93, 20, 119, 60, 191, 246, 228, 231,
       51, 149, 133, 151, 73, 50, 213, 91, 91, 254, 203, 158, 132, 173,
       127, 1, 150, 121, 205, 116, 214, 161, 51, 94, 193, 94, 230, 244,
       124, 180, 96, 87, 62, 18, 41, 163, 184, 117, 223, 13, 38, 186,
       128, 28, 138, 53, 253, 119, 23, 208, 167, 242, 10, 126, 157, 57,
       169, 243, 231, 79, 107, 201, 210, 119, 223, 141, 118, 151, 210,
       205, 226, 190, 244, 37, 182, 172, 247, 138, 21, 14, 248, 182, 248,
       95, 245, 185, 202, 143, 93, 20, 3, 140, 223, 118, 140, 167, 57,
       147, 209, 22, 72, 58, 245, 75, 87, 155, 239, 150, 13, 13, 215,
       250, 195, 33, 232, 61, 210, 73, 29, 135, 76, 148, 243, 235, 207,
       186, 192, 92, 144, 189, 241, 170, 7, 99, 159, 242, 241, 171, 221,
       54, 156, 244, 113, 216, 88, 215, 213, 34, 66, 45, 150, 180, 138,
       150, 162, 57, 71, 161, 111, 102, 240, 175, 202, 97, 197, 39, 234,
       208, 130, 247, 128, 39, 249, 36, 249, 25, 151, 107, 195, 246, 146,
       235, 55, 108, 73, 95, 230, 25, 47, 190, 96, 126, 138, 23, 253,
       211, 152, 37, 205, 110, 13, 170, 192, 175, 130, 241, 241, 116, 55,
       216, 238, 250, 42, 87, 25, 57, 143, 253, 239, 79, 167, 203, 90,
       118, 222, 165, 98, 0, 211, 201, 2, 242, 229, 37, 159, 167, 243,
       134, 19, 100, 14, 219, 204, 196, 38, 99, 18, 144, 134, 239, 2, 87,
       227, 97, 90, 112, 252, 33, 10, 8, 146, 178, 10, 85, 167, 97, 8,
       160, 251, 100, 96, 90, 131, 142, 166, 131, 72, 92, 37, 161, 1, 75,
       129, 239, 103, 8, 82, 162, 215, 253, 1, 88, 9, 131, 129, 241, 247,
       88, 131, 34, 226, 157, 58, 15, 232, 166, 159, 125, 223, 190, 232,
       223, 248, 218, 207, 232, 232, 255, 230, 255, 111, 250, 199, 135,
       227, 239, 253, 30, 126, 207, 175, 223, 127, 121, 213, 142, 140,
       166, 155, 239, 177, 188, 231, 223, 87, 88, 23, 236, 232, 126, 205,
       207, 107, 179, 151, 182, 252, 95, 247, 46, 86, 223, 195, 159, 92,
       185, 206, 9, 152, 245, 85, 52, 238, 105, 23, 126, 233, 118, 84,
       243, 55, 144, 124, 119, 254, 62, 8, 177, 248, 117, 79, 77, 175,
       242, 192, 230, 136, 68, 249, 253, 93, 237, 69, 236, 31, 207, 188,
       67, 234, 188, 74, 83, 113, 221, 55, 92, 212, 118, 106, 201, 114,
       253, 56, 119, 201, 229, 180, 119, 251, 82, 177, 58, 184, 35, 216,
       223, 245, 153, 87, 139, 93, 148, 63, 44, 188, 118, 174, 237, 179,
       151, 145, 190, 111, 50, 243, 91, 93, 158, 251, 215, 12, 189, 223,
       42, 206, 34, 138, 85, 179, 178, 70, 31, 5, 88, 135, 40, 204, 54,
       196, 217, 40, 147, 149, 2, 186, 8, 255, 37, 20, 138, 195, 151, 78,
       53, 202, 87, 243, 205, 163, 242, 10, 62, 152, 41, 240, 155, 231,
       215, 70, 203, 82, 246, 197, 125, 119, 199, 208, 221, 96, 252, 96,
       47, 214, 172, 179, 131, 81, 255, 86, 106, 232, 109, 116, 219, 88,
       197, 79, 151, 183, 25, 157, 255, 239, 239, 148, 191, 191, 173,
       167, 245, 130, 83, 125, 170, 223, 175, 157, 252, 119, 255, 86,
       107, 236, 47, 118, 91, 88, 85, 78, 215, 246, 89, 157, 186, 237,
       126, 148, 191, 239, 237, 39, 181, 130, 210, 233, 170, 157, 63,
       189, 124, 117, 71, 247, 77, 129, 250, 10, 47, 184, 40, 240, 26,
       230, 213, 70, 219, 115, 54, 69, 92, 255, 199, 193, 237, 108, 188,
       32, 111, 244, 44, 179, 131, 245, 56, 85, 98, 239, 86, 18, 254,
       117, 117, 130, 255, 162, 123, 111, 189, 97, 126, 235, 151, 235,
       232, 178, 45, 174, 246, 235, 166, 128, 103, 254, 240, 137, 138,
       150, 125, 223, 46, 249, 176, 39, 204, 115, 115, 243, 238, 28, 140,
       233, 142, 55, 255, 1, 52, 188, 103, 247, 6, 255, 114, 211, 85,
       140, 205, 207, 100, 187, 168, 215, 236, 108, 181, 153, 90, 255,
       21, 46, 240, 60, 223, 43, 141, 78, 51, 11, 179, 114, 254, 160, 77,
       3, 255, 188, 205, 121, 215, 255, 135, 253, 104, 147, 242, 145,
       190, 247, 27, 113, 124, 255, 172, 142, 246, 165, 175, 139, 151,
       223, 231, 26, 174, 247, 62, 25, 191, 238, 31, 212, 203, 221, 109,
       90, 254, 212, 237, 124, 117, 83, 201, 95, 127, 63, 74, 253, 166,
       255, 205, 112, 183, 10, 197, 55, 178, 160, 83, 251, 96, 139, 90,
       253, 220, 119, 135, 237, 104, 211, 246, 145, 190, 239, 91, 112,
       92, 151, 57, 206, 254, 32, 127, 11, 147, 159, 247, 58, 46, 247,
       62, 29, 191, 236, 151, 222, 251, 221, 126, 90, 242, 222, 71, 112,
       85, 70, 145, 95, 245, 59, 10, 238, 39, 254, 236, 245, 167, 130,
       12, 35, 162, 226, 83, 247, 80, 139, 243, 253, 108, 87, 46, 102,
       162, 153, 85, 243, 186, 74, 31, 71, 88, 147, 40, 204, 127, 140,
       255, 41, 147, 151, 166, 150, 36, 195, 23, 30, 154, 163, 151, 93,
       61, 198, 125, 182, 56, 10, 57, 255, 83, 88, 127, 109, 181, 124,
       94, 86, 138, 244, 213, 128, 204, 60, 191, 135, 121, 31, 219, 223,
       33, 247, 154, 143, 78, 117, 188, 39, 215, 109, 178, 10, 101, 223,
       49, 140, 112, 240, 107, 103, 137, 215, 122, 94, 132, 120, 104,
       248, 193, 10, 188, 224, 100, 129, 227, 240, 230, 169, 77, 123,
       125, 165, 170, 26, 63, 184, 42, 252, 22, 228, 221, 6, 211, 238,
       22, 85, 252, 110, 193, 80, 239, 72, 196, 203, 111, 164, 46, 183,
       3, 241, 10, 61, 54, 218, 61, 245, 185, 86, 143, 221, 28, 37, 172,
       222, 103, 228, 228, 59, 159, 145, 135, 9, 50, 241, 203, 89, 154,
       235, 18, 14, 13, 223, 80, 147, 185, 191, 134, 249, 176, 31, 222,
       11, 90, 251, 255, 121, 40, 72, 247, 147, 191, 1, 150, 48, 67, 209,
       199, 167, 122, 193, 245, 200, 137, 3, 26, 147, 188, 234, 188, 113,
       144, 222, 78, 117, 156, 186, 142, 60, 222, 226, 135, 83, 190, 17,
       150, 107, 127, 208, 251, 85, 31, 127, 212, 94, 141, 127, 255, 82,
       106, 232, 166, 86, 93, 212, 85, 110, 150, 247, 27, 29, 183, 237,
       254, 149, 159, 239, 237, 231, 117, 138, 242, 251, 254, 151, 191,
       253, 252, 119, 65, 9, 29, 85, 40, 79, 232, 42, 254, 234, 178, 72,
       212, 48, 213, 168, 163, 37, 126, 169, 65, 105, 47, 92, 157, 158,
       115, 52, 72, 160, 1, 36, 29, 73, 238, 199, 134, 82, 239, 244, 100,
       228, 222, 130, 121, 63, 183, 98, 126, 228, 63, 239, 193, 185, 37,
       232, 127, 47, 239, 128, 37, 243, 117, 232, 143, 255, 206, 178,
       246, 189, 126, 252, 155, 250, 29, 255, 255, 237, 123, 1, 63, 227,
       151, 119, 246, 109, 44, 255, 238, 87, 111, 229, 174, 255, 153,
       209, 50, 112, 118, 201, 111, 95, 248, 72, 47, 236, 246, 3, 206,
       158, 54, 64, 250, 157, 255, 225, 4, 243, 243, 208, 151, 248, 139,
       147, 87, 14, 119, 215, 39, 64, 227, 217, 118, 177, 235, 90, 95,
       65, 124, 194, 121, 204, 189, 108, 126, 171, 55, 157, 135, 178,
       103, 219, 86, 30, 186, 136, 191, 223, 112, 237, 126, 91, 250, 94,
       231, 116, 247, 211, 203, 95, 125, 47, 8, 253, 231, 254, 163, 126,
       183, 2, 213, 51, 186, 226, 115, 253, 101, 175, 219, 127, 236, 247,
       111, 190, 227, 149, 229, 116, 238, 211, 123, 207, 92, 255, 8, 172,
       214, 190, 239, 239, 151, 159, 215, 126, 228, 226, 30, 126, 190,
       174, 207, 245, 250, 213, 190, 55, 38, 186, 169, 119, 84, 252, 129,
       222, 180, 175, 110, 111, 43, 159, 205, 211, 205, 230, 108, 71,
       122, 172, 242, 211, 223, 159, 54, 95, 62, 95, 14, 58, 246, 211,
       231, 252, 184, 210, 159, 254, 22, 183, 140, 190, 247, 239, 239,
       123, 183, 145, 167, 120, 178, 224, 95, 91, 255, 163, 143, 125, 29,
       223, 175, 118, 97, 73, 106, 63, 107, 152, 55, 254, 117, 236, 91,
       70, 223, 189, 22, 200, 150, 126, 239, 212, 239, 208, 70, 88, 37,
       180, 126, 191, 66, 245, 10, 124, 58, 202, 61, 245, 147, 95, 143,
