%YAML:1.0
---
descriptors: !!opencv-matrix
   rows: 183
   cols: 32
   dt: u
   data: [ 242, 54, 203, 228, 94, 91, 86, 105, 33, 166, 185, 235, 107,
       44, 5, 147, 250, 245, 207, 226, 108, 227, 193, 206, 178, 199, 197,
       179, 101, 122, 126, 30, 71, 16, 30, 186, 44, 189, 184, 72, 207,
       89, 149, 5, 230, 202, 107, 75, 194, 33, 110, 21, 22, 67, 218, 209,
       146, 217, 91, 187, 152, 11, 41, 151, 169, 127, 104, 71, 196, 31,
       230, 244, 100, 234, 254, 70, 179, 40, 151, 162, 104, 206, 86, 111,
       237, 184, 85, 42, 38, 77, 166, 0, 109, 250, 218, 156, 105, 241,
       24, 235, 93, 157, 66, 252, 226, 160, 236, 12, 187, 217, 72, 144,
       216, 192, 202, 120, 79, 42, 208, 188, 255, 221, 4, 121, 90, 154,
       74, 138, 24, 68, 27, 171, 18, 107, 59, 86, 52, 111, 239, 48, 151,
       23, 1, 104, 121, 157, 79, 162, 40, 149, 97, 46, 245, 231, 186, 81,
       176, 211, 37, 227, 80, 154, 190, 184, 56, 173, 121, 22, 174, 31,
       162, 21, 183, 219, 66, 88, 167, 51, 109, 21, 18, 45, 19, 115, 217,
       175, 58, 89, 136, 0, 33, 11, 242, 103, 43, 136, 94, 111, 213, 79,
       141, 36, 216, 31, 6, 140, 54, 81, 248, 137, 207, 39, 104, 39, 48,
       220, 177, 17, 10, 59, 85, 24, 55, 99, 93, 85, 21, 101, 176, 14,
       79, 184, 116, 232, 187, 68, 215, 83, 137, 240, 22, 84, 92, 122,
       233, 144, 89, 46, 233, 239, 39, 148, 40, 243, 1, 49, 159, 18, 246,
       163, 167, 63, 254, 192, 125, 119, 183, 31, 207, 104, 59, 91, 255,
       197, 223, 103, 172, 183, 29, 242, 210, 211, 239, 181, 255, 127,
       25, 70, 157, 143, 227, 71, 180, 22, 110, 191, 125, 234, 250, 246,
       219, 34, 156, 244, 127, 206, 54, 238, 249, 188, 109, 174, 46, 238,
       167, 196, 111, 234, 240, 61, 5, 162, 153, 99, 176, 239, 101, 25,
       126, 57, 115, 112, 215, 19, 200, 104, 23, 14, 36, 56, 51, 240,
       105, 23, 204, 142, 53, 100, 208, 136, 129, 161, 85, 13, 93, 231,
       244, 74, 111, 188, 116, 234, 123, 66, 215, 103, 153, 112, 118,
       206, 54, 106, 233, 240, 109, 46, 236, 174, 103, 132, 164, 251,
       193, 225, 109, 89, 113, 77, 117, 30, 103, 188, 109, 72, 122, 72,
       255, 87, 149, 244, 222, 252, 118, 106, 193, 176, 121, 253, 39,
       252, 34, 130, 90, 187, 67, 173, 42, 245, 20, 155, 205, 221, 188,
       239, 159, 21, 96, 19, 172, 184, 110, 132, 201, 27, 211, 17, 86,
       43, 90, 247, 47, 84, 158, 127, 146, 12, 157, 142, 60, 86, 106,
       108, 82, 18, 127, 248, 52, 132, 255, 231, 89, 239, 187, 80, 126,
       220, 135, 238, 200, 178, 45, 14, 114, 237, 163, 133, 103, 179,
       110, 241, 128, 142, 30, 117, 48, 174, 121, 23, 188, 23, 98, 149,
       183, 43, 0, 75, 167, 55, 106, 16, 48, 252, 81, 15, 205, 247, 82,
       64, 192, 128, 133, 24, 189, 69, 97, 175, 60, 31, 78, 56, 85, 232,
       211, 78, 211, 8, 149, 228, 216, 236, 30, 111, 237, 182, 109, 158,
       176, 223, 173, 180, 63, 191, 80, 69, 82, 153, 18, 186, 27, 193,
       16, 111, 175, 1, 224, 41, 46, 210, 36, 208, 192, 187, 202, 128,
       94, 11, 26, 117, 177, 176, 26, 123, 16, 0, 175, 142, 62, 185, 170,
       162, 213, 209, 178, 197, 7, 101, 157, 143, 8, 220, 126, 4, 249,
       219, 147, 209, 30, 59, 122, 179, 127, 85, 141, 123, 215, 14, 222,
       214, 64, 172, 59, 248, 180, 236, 121, 51, 188, 91, 70, 16, 188,
       183, 16, 113, 161, 63, 125, 28, 50, 201, 162, 119, 203, 189, 50,
       200, 128, 192, 167, 107, 237, 108, 153, 109, 56, 47, 79, 56, 18,
       170, 41, 88, 247, 55, 65, 48, 149, 92, 124, 110, 41, 116, 249, 62,
       229, 223, 37, 52, 80, 251, 66, 32, 225, 45, 173, 53, 180, 110,
       109, 63, 114, 238, 190, 28, 179, 57, 83, 51, 129, 230, 125, 45,
       237, 252, 245, 14, 239, 255, 245, 148, 76, 240, 210, 88, 16, 157,
       63, 126, 131, 205, 53, 119, 173, 93, 110, 13, 190, 183, 34, 48,
       164, 59, 74, 12, 81, 185, 50, 109, 243, 223, 82, 2, 88, 64, 167,
       251, 97, 63, 188, 37, 168, 46, 125, 55, 237, 238, 190, 77, 183,
       45, 19, 27, 132, 102, 124, 12, 205, 248, 241, 12, 239, 255, 117,
       16, 72, 248, 202, 89, 188, 164, 127, 122, 168, 105, 71, 248, 242,
       30, 165, 56, 83, 245, 9, 63, 25, 208, 76, 122, 56, 103, 234, 54,
       217, 203, 101, 93, 226, 235, 70, 162, 29, 29, 121, 111, 182, 47,
       111, 59, 116, 234, 127, 98, 211, 55, 145, 112, 127, 254, 30, 170,
       233, 176, 101, 46, 230, 239, 167, 132, 237, 251, 192, 49, 108, 48,
       184, 114, 201, 108, 81, 154, 179, 183, 173, 24, 31, 247, 75, 158,
       129, 222, 249, 24, 26, 66, 250, 0, 219, 221, 85, 125, 194, 225,
       70, 98, 183, 85, 90, 236, 219, 114, 150, 238, 249, 2, 236, 55, 94,
       254, 47, 121, 255, 219, 134, 226, 125, 135, 58, 238, 243, 167, 78,
       15, 217, 113, 171, 151, 1, 150, 189, 117, 52, 126, 97, 59, 118,
       235, 118, 84, 211, 48, 132, 107, 149, 116, 108, 40, 185, 252, 117,
       14, 207, 255, 117, 4, 200, 232, 64, 121, 120, 241, 56, 114, 217,
       205, 84, 236, 179, 53, 165, 25, 15, 215, 74, 17, 133, 155, 193,
       80, 122, 107, 218, 53, 251, 193, 21, 125, 240, 18, 142, 138, 230,
       252, 27, 218, 235, 241, 54, 206, 143, 31, 185, 187, 172, 215, 109,
       218, 239, 243, 203, 210, 98, 7, 106, 243, 189, 20, 143, 123, 144,
       91, 167, 247, 209, 125, 159, 181, 131, 78, 117, 54, 184, 194, 34,
       4, 246, 179, 65, 83, 163, 103, 104, 88, 97, 221, 144, 42, 233,
       231, 87, 0, 168, 112, 3, 58, 161, 165, 63, 91, 241, 252, 113, 71,
       252, 81, 109, 16, 62, 187, 46, 49, 161, 58, 82, 28, 51, 249, 48,
       95, 79, 249, 16, 64, 216, 64, 227, 170, 60, 65, 101, 173, 21, 207,
       66, 72, 55, 100, 235, 1, 107, 77, 27, 208, 216, 172, 175, 102, 76,
       178, 89, 157, 147, 253, 129, 19, 115, 174, 116, 66, 41, 225, 24,
       106, 93, 207, 83, 236, 66, 164, 173, 8, 211, 209, 2, 16, 216, 232,
       66, 126, 72, 34, 120, 60, 255, 141, 5, 121, 89, 10, 74, 194, 176,
       180, 247, 127, 67, 233, 116, 71, 127, 27, 99, 57, 38, 221, 108,
       25, 163, 26, 102, 0, 58, 252, 130, 35, 7, 178, 80, 11, 224, 72,
       198, 191, 101, 233, 209, 71, 221, 92, 102, 184, 99, 248, 40, 72,
       82, 227, 221, 182, 88, 204, 96, 126, 89, 122, 251, 32, 47, 184,
       133, 44, 75, 187, 90, 164, 81, 141, 31, 190, 130, 228, 53, 103,
       188, 11, 74, 16, 252, 178, 32, 99, 163, 51, 120, 129, 116, 137, 2,
       111, 241, 167, 122, 3, 128, 96, 161, 11, 98, 189, 19, 158, 25,
       193, 22, 239, 158, 29, 128, 57, 228, 214, 40, 212, 193, 59, 202,
       131, 122, 11, 138, 119, 177, 54, 203, 123, 16, 2, 167, 14, 22,
       174, 200, 155, 202, 160, 186, 218, 190, 31, 216, 231, 173, 206,
       255, 72, 111, 235, 255, 215, 134, 14, 79, 243, 94, 5, 190, 137,
       181, 213, 41, 217, 88, 150, 152, 227, 180, 44, 123, 154, 47, 141,
       222, 4, 255, 243, 72, 64, 247, 95, 125, 24, 26, 152, 219, 224,
       237, 245, 63, 20, 168, 226, 129, 43, 130, 92, 55, 158, 89, 228,
       189, 102, 189, 7, 210, 19, 172, 190, 37, 229, 234, 59, 187, 129,
       98, 207, 178, 231, 53, 50, 158, 11, 16, 84, 37, 238, 130, 220, 62,
       155, 105, 197, 181, 239, 158, 31, 64, 19, 172, 223, 34, 64, 201,
       59, 171, 129, 114, 14, 82, 247, 101, 54, 158, 75, 16, 88, 165,
       202, 48, 133, 44, 249, 156, 237, 201, 47, 86, 53, 204, 18, 147,
       57, 48, 97, 201, 130, 27, 57, 58, 42, 115, 157, 235, 223, 146, 89,
       144, 200, 212, 42, 53, 143, 6, 3, 221, 155, 162, 232, 86, 96, 203,
       70, 195, 192, 58, 228, 121, 12, 106, 121, 255, 248, 79, 63, 44, 6,
       1, 69, 121, 11, 248, 132, 6, 179, 232, 19, 250, 193, 155, 221, 11,
       221, 29, 175, 188, 221, 222, 0, 159, 27, 151, 85, 146, 72, 110,
       241, 110, 29, 190, 251, 181, 134, 151, 219, 19, 142, 166, 121,
       138, 163, 56, 203, 119, 19, 74, 243, 1, 169, 244, 76, 231, 159,
       59, 157, 158, 219, 135, 147, 30, 110, 155, 206, 181, 196, 177,
       134, 81, 156, 159, 185, 24, 236, 57, 23, 174, 81, 138, 21, 183,
       155, 66, 90, 167, 55, 125, 145, 22, 77, 147, 17, 201, 167, 58, 88,
       152, 64, 33, 90, 77, 228, 145, 231, 53, 15, 67, 184, 119, 168, 11,
