%YAML:1.0
---
descriptors: !!opencv-matrix
   rows: 211
   cols: 32
   dt: u
   data: [ 90, 158, 158, 191, 155, 173, 24, 167, 190, 23, 134, 181, 175,
       231, 34, 91, 167, 119, 237, 144, 62, 205, 147, 55, 250, 231, 94,
       83, 176, 4, 175, 27, 229, 235, 25, 107, 116, 15, 79, 184, 122, 56,
       53, 76, 215, 81, 201, 48, 150, 72, 68, 110, 227, 52, 233, 63, 236,
       157, 37, 252, 88, 179, 67, 161, 124, 248, 152, 160, 203, 197, 95,
       220, 35, 252, 180, 45, 31, 159, 67, 26, 205, 213, 221, 210, 78,
       67, 250, 48, 251, 197, 173, 255, 176, 19, 38, 91, 66, 207, 110,
       218, 247, 242, 126, 231, 239, 69, 94, 163, 40, 174, 182, 244, 99,
       230, 138, 132, 246, 185, 37, 255, 62, 127, 150, 195, 183, 222,
       252, 76, 122, 175, 50, 248, 219, 209, 148, 231, 171, 21, 184, 169,
       46, 223, 102, 148, 175, 187, 199, 144, 82, 43, 130, 247, 187, 212,
       30, 123, 83, 4, 175, 207, 120, 173, 123, 100, 245, 202, 119, 119,
       113, 13, 126, 8, 63, 177, 0, 112, 48, 254, 68, 40, 24, 186, 160,
       47, 251, 237, 32, 65, 226, 130, 198, 107, 241, 174, 108, 69, 60,
       27, 68, 55, 97, 230, 190, 173, 163, 40, 150, 55, 10, 230, 108, 44,
       252, 248, 229, 12, 46, 58, 97, 145, 101, 168, 82, 76, 69, 77, 222,
       239, 164, 10, 111, 180, 108, 130, 75, 0, 247, 99, 153, 114, 114,
       231, 44, 78, 65, 208, 137, 104, 228, 175, 238, 0, 172, 243, 129,
       40, 58, 253, 48, 248, 221, 221, 84, 231, 143, 37, 172, 9, 174,
       153, 102, 148, 137, 187, 207, 16, 94, 43, 82, 247, 187, 221, 21,
       123, 82, 12, 207, 14, 57, 36, 226, 232, 31, 246, 201, 75, 215,
       193, 204, 2, 25, 233, 51, 232, 120, 168, 19, 189, 10, 163, 54,
       138, 211, 237, 138, 9, 243, 108, 112, 226, 19, 157, 107, 235, 244,
       163, 235, 247, 84, 73, 255, 102, 49, 40, 180, 32, 122, 139, 23,
       189, 187, 185, 37, 255, 124, 79, 174, 192, 253, 138, 241, 249,
       195, 180, 135, 19, 235, 108, 56, 7, 187, 251, 3, 245, 156, 182,
       70, 255, 167, 71, 121, 148, 183, 92, 179, 98, 12, 50, 94, 206,
       136, 68, 131, 93, 131, 148, 237, 81, 232, 61, 173, 191, 126, 115,
       14, 148, 221, 39, 222, 47, 39, 87, 51, 157, 243, 92, 63, 115, 111,
       26, 95, 228, 156, 208, 129, 248, 69, 88, 251, 103, 36, 14, 107,
       16, 105, 200, 119, 100, 211, 83, 145, 122, 54, 252, 125, 110, 201,
       244, 161, 8, 198, 185, 33, 128, 104, 179, 98, 113, 75, 187, 126,
       117, 226, 222, 61, 183, 189, 220, 86, 165, 253, 191, 146, 127, 38,
       119, 255, 140, 209, 216, 167, 229, 78, 123, 126, 192, 46, 132,
       165, 121, 27, 159, 122, 254, 246, 182, 111, 119, 181, 200, 254,
       230, 121, 255, 178, 96, 126, 255, 63, 238, 249, 155, 52, 239, 242,
       239, 174, 128, 47, 242, 161, 241, 15, 127, 187, 238, 178, 198, 63,
       156, 191, 204, 92, 229, 252, 247, 161, 112, 214, 123, 31, 254,
       131, 0, 42, 127, 239, 253, 47, 138, 156, 243, 39, 121, 139, 157,
       254, 253, 246, 54, 120, 183, 125, 89, 86, 247, 249, 63, 182, 97,
       247, 255, 191, 141, 188, 248, 37, 239, 110, 251, 254, 194, 167,
       196, 245, 127, 90, 140, 14, 190, 153, 180, 88, 167, 191, 19, 138,
       149, 175, 238, 34, 210, 229, 231, 253, 133, 62, 77, 147, 247, 219,
       247, 90, 91, 170, 68, 169, 26, 226, 156, 231, 154, 215, 247, 180,
       231, 159, 71, 238, 151, 40, 252, 54, 80, 233, 179, 147, 145, 54,
       175, 48, 255, 123, 54, 158, 75, 211, 76, 245, 94, 29, 125, 35,
       167, 52, 194, 174, 240, 52, 224, 90, 226, 241, 230, 177, 164, 122,
       124, 19, 239, 225, 144, 29, 46, 160, 229, 175, 128, 47, 183, 49,
       184, 133, 110, 121, 67, 116, 15, 111, 184, 122, 188, 53, 76, 211,
       65, 217, 53, 23, 76, 70, 126, 225, 244, 45, 62, 108, 154, 37, 100,
       80, 187, 66, 160, 73, 145, 150, 94, 73, 188, 48, 51, 237, 89, 111,
       68, 254, 250, 46, 254, 164, 39, 250, 0, 149, 169, 178, 225, 7,
       123, 82, 10, 74, 70, 235, 31, 29, 79, 42, 39, 148, 15, 79, 248,
       100, 224, 251, 66, 211, 105, 27, 35, 124, 244, 76, 227, 237, 163,
       77, 40, 240, 225, 165, 20, 109, 251, 34, 16, 69, 201, 216, 239,
       164, 10, 111, 176, 104, 134, 111, 128, 247, 99, 153, 82, 114, 198,
       44, 106, 80, 144, 205, 107, 236, 173, 166, 0, 36, 243, 192, 32,
       53, 12, 171, 254, 29, 245, 75, 64, 213, 198, 205, 2, 112, 199, 59,
       108, 217, 168, 27, 156, 11, 167, 58, 203, 211, 255, 130, 8, 147,
       75, 112, 242, 106, 191, 250, 232, 245, 245, 219, 87, 27, 45, 124,
       143, 47, 143, 118, 16, 159, 187, 151, 149, 154, 58, 176, 210, 127,
       221, 152, 235, 247, 206, 198, 223, 43, 181, 233, 201, 246, 247,
       251, 95, 95, 73, 124, 38, 25, 221, 180, 36, 127, 187, 23, 152,
       151, 186, 52, 223, 127, 93, 177, 226, 247, 140, 246, 255, 66, 187,
       149, 152, 235, 193, 28, 199, 139, 253, 128, 237, 172, 167, 66,
       159, 135, 115, 239, 20, 23, 75, 194, 241, 156, 146, 95, 255, 144,
       84, 143, 91, 6, 249, 151, 26, 169, 205, 149, 204, 191, 93, 160,
       45, 230, 246, 110, 31, 131, 115, 234, 80, 19, 107, 186, 113, 153,
       22, 85, 123, 216, 17, 135, 95, 15, 118, 248, 67, 115, 127, 251,
       152, 107, 236, 63, 175, 221, 93, 223, 188, 55, 93, 215, 127, 133,
       180, 253, 216, 70, 93, 33, 167, 239, 183, 79, 245, 245, 97, 233,
       103, 204, 11, 207, 249, 83, 234, 181, 206, 83, 101, 221, 39, 94,
       204, 20, 238, 233, 114, 237, 8, 242, 201, 229, 188, 125, 251, 80,
       49, 71, 180, 167, 17, 170, 104, 61, 135, 187, 123, 22, 240, 156,
       182, 206, 127, 167, 87, 125, 144, 183, 77, 167, 97, 140, 58, 126,
       238, 140, 68, 167, 117, 221, 181, 90, 175, 246, 198, 115, 184, 33,
       192, 207, 35, 119, 211, 10, 81, 114, 238, 61, 122, 91, 146, 153,
       46, 255, 233, 34, 73, 44, 179, 186, 67, 247, 94, 236, 183, 142,
       67, 159, 172, 150, 246, 147, 183, 241, 108, 27, 11, 127, 199, 121,
       231, 237, 199, 255, 42, 232, 99, 239, 149, 173, 119, 157, 86, 2,
       157, 50, 159, 245, 215, 190, 99, 30, 76, 89, 39, 236, 248, 54,
       196, 222, 59, 147, 3, 102, 186, 90, 255, 37, 54, 142, 139, 28, 14,
       189, 223, 116, 231, 136, 166, 184, 13, 94, 188, 34, 174, 143, 205,
       231, 234, 91, 18, 157, 199, 237, 119, 108, 67, 203, 42, 250, 231,
       173, 189, 0, 251, 138, 67, 60, 99, 8, 161, 56, 31, 76, 154, 38,
       164, 174, 205, 199, 73, 27, 146, 156, 204, 204, 100, 76, 50, 209,
       24, 230, 209, 37, 53, 120, 185, 90, 0, 87, 1, 172, 37, 140, 54,
       140, 169, 134, 247, 130, 133, 209, 108, 87, 234, 141, 197, 249,
       183, 157, 65, 255, 0, 136, 107, 223, 28, 205, 127, 25, 84, 117,
       67, 8, 173, 40, 31, 78, 168, 46, 36, 170, 205, 199, 72, 27, 208,
       212, 197, 236, 103, 204, 32, 213, 20, 128, 245, 129, 53, 24, 43,
       10, 16, 6, 17, 144, 138, 203, 101, 182, 200, 142, 21, 137, 3, 204,
       246, 111, 206, 251, 91, 171, 147, 22, 3, 154, 240, 29, 20, 75,
       111, 144, 119, 173, 135, 15, 253, 183, 223, 255, 246, 175, 173,
       223, 219, 89, 98, 236, 254, 253, 239, 247, 119, 58, 219, 247, 105,
       190, 253, 45, 58, 95, 202, 146, 119, 161, 245, 65, 184, 191, 117,
       172, 76, 85, 150, 250, 250, 178, 24, 215, 189, 64, 59, 133, 119,
       124, 24, 123, 233, 243, 34, 201, 185, 117, 56, 200, 240, 195, 115,
       252, 100, 189, 231, 25, 79, 87, 184, 115, 166, 166, 9, 215, 127,
       73, 19, 145, 212, 105, 122, 104, 86, 249, 42, 255, 203, 69, 53,
       32, 243, 70, 66, 116, 181, 189, 162, 40, 15, 87, 184, 59, 182,
       161, 9, 215, 119, 73, 26, 153, 213, 125, 114, 72, 98, 217, 16,
       251, 223, 69, 62, 208, 123, 70, 98, 143, 120, 226, 190, 69, 116,
       188, 64, 25, 206, 85, 135, 168, 222, 119, 10, 254, 121, 179, 135,
       132, 214, 190, 227, 23, 123, 218, 139, 7, 119, 63, 211, 54, 5, 66,
       160, 196, 14, 230, 96, 33, 0, 251, 138, 11, 46, 45, 20, 124, 132,
       6, 234, 88, 179, 65, 200, 179, 232, 130, 4, 101, 251, 118, 160,
       177, 205, 99, 77, 20, 27, 230, 248, 84, 224, 250, 70, 115, 72,
       181, 160, 120, 236, 22, 239, 237, 178, 101, 159, 54, 109, 165,
