%YAML:1.0
---
descriptors: !!opencv-matrix
   rows: 193
   cols: 32
   dt: u
   data: [ 59, 203, 106, 204, 119, 146, 250, 116, 197, 4, 222, 231, 41,
       136, 182, 196, 110, 168, 151, 205, 206, 187, 4, 253, 114, 109,
       170, 201, 63, 158, 120, 141, 46, 166, 128, 155, 253, 177, 144,
       206, 31, 63, 217, 243, 136, 234, 238, 204, 221, 11, 134, 17, 62,
       26, 75, 247, 142, 215, 191, 239, 150, 77, 252, 133, 77, 177, 173,
       87, 164, 94, 101, 189, 82, 251, 23, 80, 211, 121, 216, 107, 17,
       70, 120, 61, 177, 248, 253, 40, 77, 47, 245, 68, 140, 232, 208,
       97, 82, 60, 27, 154, 27, 229, 19, 106, 174, 81, 137, 25, 244, 247,
       40, 80, 183, 59, 123, 144, 19, 11, 154, 127, 217, 134, 11, 122,
       144, 3, 39, 243, 51, 189, 107, 8, 210, 199, 254, 103, 69, 64, 124,
       7, 48, 158, 54, 112, 120, 171, 19, 197, 223, 186, 52, 125, 51, 44,
       130, 202, 125, 2, 234, 254, 191, 214, 237, 93, 234, 23, 159, 255,
       82, 226, 124, 254, 89, 124, 159, 37, 31, 220, 183, 46, 229, 246,
       125, 158, 106, 11, 101, 148, 127, 252, 208, 245, 61, 223, 98, 14,
       126, 155, 198, 248, 69, 200, 249, 102, 115, 216, 191, 164, 94,
       232, 22, 111, 237, 179, 12, 189, 50, 77, 165, 144, 125, 190, 120,
       133, 82, 6, 142, 181, 162, 34, 189, 7, 188, 158, 214, 183, 205,
       166, 99, 75, 231, 229, 237, 181, 52, 213, 131, 194, 208, 35, 254,
       129, 132, 100, 173, 83, 104, 96, 51, 77, 117, 95, 71, 0, 121, 66,
       111, 8, 218, 53, 4, 244, 144, 28, 224, 106, 73, 176, 241, 14, 39,
       255, 0, 19, 66, 122, 78, 162, 33, 43, 251, 73, 116, 221, 235, 80,
       123, 8, 124, 104, 179, 193, 212, 52, 90, 42, 70, 72, 131, 186,
       224, 67, 102, 156, 32, 40, 67, 138, 66, 161, 72, 49, 17, 97, 49,
       78, 115, 24, 44, 232, 111, 104, 158, 23, 1, 116, 144, 24, 76, 120,
       1, 208, 249, 92, 173, 148, 33, 38, 10, 19, 3, 51, 200, 3, 159,
       229, 160, 174, 121, 23, 40, 137, 118, 84, 191, 51, 128, 91, 166,
       39, 45, 28, 16, 216, 129, 72, 206, 249, 114, 128, 128, 192, 131,
       43, 2, 153, 22, 185, 83, 133, 184, 199, 191, 17, 66, 23, 172, 138,
       100, 65, 231, 59, 171, 133, 86, 152, 18, 213, 13, 54, 26, 67, 24,
       4, 169, 158, 37, 117, 241, 72, 212, 79, 199, 217, 67, 224, 109,
       72, 19, 209, 221, 52, 24, 200, 2, 122, 203, 50, 248, 26, 125, 156,
       5, 108, 243, 251, 226, 160, 34, 44, 82, 220, 93, 161, 162, 70,
       159, 128, 232, 11, 40, 200, 36, 148, 249, 171, 131, 129, 38, 59,
       2, 255, 63, 28, 131, 43, 81, 12, 122, 142, 236, 244, 253, 119,
       173, 109, 117, 23, 222, 247, 39, 24, 222, 253, 66, 59, 131, 118,
       251, 8, 80, 116, 251, 2, 199, 207, 117, 61, 194, 120, 197, 99,
       133, 221, 113, 71, 180, 14, 111, 184, 124, 234, 91, 100, 245, 114,
       153, 100, 119, 78, 30, 110, 241, 148, 125, 110, 172, 190, 39, 132,
       12, 243, 193, 181, 172, 113, 121, 101, 180, 79, 111, 56, 112, 236,
       255, 8, 211, 53, 152, 48, 28, 220, 84, 106, 249, 176, 249, 14,
       231, 253, 37, 84, 97, 187, 70, 240, 124, 112, 181, 102, 45, 77,
       87, 216, 225, 188, 181, 8, 95, 93, 73, 59, 136, 213, 204, 114, 8,
       103, 250, 128, 211, 217, 69, 63, 226, 187, 70, 35, 240, 234, 21,
       144, 77, 137, 128, 73, 139, 179, 160, 218, 134, 192, 64, 159, 73,
       160, 234, 0, 122, 111, 202, 177, 156, 146, 85, 127, 89, 12, 218,
       132, 118, 52, 133, 182, 153, 101, 0, 143, 131, 243, 136, 122, 238,
       118, 72, 191, 193, 247, 253, 145, 59, 75, 219, 128, 153, 214, 221,
       254, 136, 100, 150, 54, 120, 105, 86, 96, 45, 201, 64, 204, 225,
       48, 176, 9, 11, 137, 85, 155, 200, 128, 76, 80, 94, 107, 194, 180,
       154, 208, 1, 123, 99, 138, 94, 10, 3, 179, 237, 77, 202, 23, 173,
       61, 78, 248, 94, 198, 216, 108, 150, 47, 22, 119, 123, 237, 209,
       216, 255, 221, 111, 58, 237, 180, 223, 254, 145, 253, 57, 175,
       106, 14, 116, 159, 206, 248, 85, 64, 252, 198, 115, 200, 190, 164,
       94, 234, 22, 239, 207, 163, 76, 191, 34, 77, 161, 184, 127, 191,
       120, 149, 180, 85, 75, 207, 6, 3, 79, 121, 52, 130, 223, 226, 83,
       101, 185, 97, 120, 252, 30, 234, 105, 179, 61, 14, 240, 160, 225,
       128, 45, 250, 112, 48, 35, 172, 237, 87, 252, 55, 233, 186, 67,
       250, 28, 66, 240, 125, 213, 39, 29, 70, 115, 188, 129, 88, 255,
       221, 79, 62, 245, 228, 207, 226, 82, 252, 49, 110, 74, 205, 54,
       187, 106, 86, 117, 168, 254, 238, 51, 1, 177, 96, 126, 236, 78,
       206, 173, 191, 69, 126, 182, 173, 162, 128, 125, 155, 104, 169,
       236, 50, 148, 97, 173, 63, 80, 25, 99, 189, 181, 92, 207, 57, 72,
       155, 157, 148, 236, 48, 157, 118, 217, 144, 207, 217, 101, 247,
       202, 140, 218, 19, 118, 101, 106, 205, 157, 95, 206, 237, 109,
       128, 252, 2, 219, 248, 29, 32, 120, 196, 127, 235, 216, 35, 215,
       238, 247, 29, 143, 29, 117, 59, 250, 130, 63, 109, 83, 174, 31,
       87, 222, 236, 45, 192, 252, 139, 79, 206, 45, 180, 126, 217, 223,
       238, 73, 163, 125, 254, 179, 253, 139, 158, 119, 191, 43, 244,
       237, 160, 253, 85, 236, 30, 233, 188, 82, 249, 54, 24, 210, 113,
       220, 111, 17, 70, 120, 92, 177, 252, 251, 162, 79, 58, 245, 84,
       194, 168, 208, 97, 23, 12, 239, 151, 134, 114, 173, 167, 124, 215,
       95, 150, 121, 44, 182, 107, 99, 199, 59, 159, 181, 216, 53, 232,
       188, 43, 254, 128, 173, 245, 249, 124, 109, 93, 121, 71, 176, 110,
       103, 184, 116, 170, 127, 64, 211, 119, 137, 112, 50, 220, 52, 106,
       233, 176, 121, 46, 103, 175, 37, 4, 105, 243, 196, 33, 76, 125,
       25, 65, 48, 94, 119, 26, 109, 232, 126, 104, 158, 23, 129, 244,
       134, 28, 220, 104, 129, 152, 113, 92, 231, 253, 32, 134, 74, 145,
       7, 59, 215, 155, 141, 183, 146, 160, 46, 133, 191, 213, 67, 215,
       237, 46, 218, 75, 39, 103, 61, 213, 183, 216, 191, 224, 172, 34,
       222, 192, 172, 245, 169, 92, 179, 73, 99, 222, 86, 209, 235, 240,
       197, 64, 246, 194, 48, 220, 181, 228, 126, 184, 18, 206, 203, 167,
       38, 253, 48, 40, 130, 8, 117, 139, 112, 236, 65, 120, 153, 101,
       32, 46, 97, 158, 42, 170, 106, 68, 158, 51, 65, 122, 132, 84, 124,
       88, 1, 212, 145, 72, 197, 190, 112, 4, 136, 241, 3, 43, 26, 254,
       222, 183, 179, 186, 62, 199, 191, 175, 254, 247, 111, 238, 143,
       154, 183, 255, 237, 133, 164, 217, 140, 235, 250, 247, 95, 135,
       167, 116, 175, 31, 252, 165, 189, 254, 173, 109, 85, 175, 210, 55,
       165, 24, 247, 121, 72, 27, 201, 210, 109, 18, 122, 111, 218, 51,
       251, 219, 85, 121, 208, 89, 198, 34, 79, 243, 154, 90, 185, 148,
       54, 220, 235, 29, 173, 4, 108, 242, 110, 246, 181, 67, 252, 90,
       214, 65, 186, 241, 59, 253, 7, 79, 138, 7, 169, 7, 82, 252, 151,
       186, 131, 228, 49, 198, 191, 19, 0, 17, 188, 215, 96, 123, 167,
       115, 57, 145, 35, 79, 154, 227, 217, 182, 94, 74, 144, 64, 165,
       123, 88, 254, 254, 246, 163, 249, 53, 199, 191, 191, 126, 187,
       111, 255, 99, 26, 163, 127, 237, 16, 2, 249, 171, 163, 219, 247,
       117, 179, 230, 252, 135, 107, 205, 232, 251, 250, 233, 173, 123,
       220, 175, 19, 165, 0, 191, 223, 89, 122, 231, 91, 123, 94, 2, 103,
       154, 241, 223, 217, 87, 108, 210, 147, 35, 170, 43, 179, 232, 146,
       237, 189, 248, 223, 203, 253, 61, 95, 168, 252, 94, 170, 137, 139,
       215, 21, 150, 122, 206, 209, 95, 89, 189, 255, 199, 76, 219, 199,
       93, 5, 26, 165, 53, 27, 102, 56, 109, 232, 254, 68, 223, 51, 83,
       196, 242, 205, 110, 110, 13, 176, 193, 136, 246, 253, 39, 21, 234,
       254, 105, 1, 109, 148, 156, 252, 253, 133, 19, 255, 138, 27, 172,
       76, 254, 251, 40, 242, 213, 115, 251, 16, 179, 107, 90, 255, 233,
       255, 31, 122, 154, 8, 129, 59, 83, 205, 67, 132, 22, 18, 110, 116,
       112, 194, 218, 198, 81, 110, 176, 228, 126, 229, 29, 239, 237,
       147, 45, 206, 176, 46, 175, 128, 45, 246, 48, 124, 251, 93, 102,
       79, 55, 86, 95, 53, 117, 206, 222, 167, 121, 127, 183, 247, 116,
       246, 189, 238, 237, 129, 117, 239, 243, 123, 198, 131, 47, 182,
