%YAML:1.0
---
descriptors: !!opencv-matrix
   rows: 131
   cols: 32
   dt: u
   data: [ 201, 141, 190, 251, 173, 237, 117, 167, 255, 57, 38, 24, 190,
       185, 96, 75, 193, 102, 106, 92, 114, 105, 219, 177, 239, 251, 84,
       115, 210, 88, 193, 42, 99, 56, 146, 242, 253, 253, 208, 71, 159,
       185, 164, 28, 174, 222, 101, 62, 201, 59, 95, 21, 26, 111, 242,
       242, 219, 220, 31, 122, 208, 76, 211, 238, 255, 182, 46, 89, 235,
       253, 181, 123, 255, 95, 246, 61, 10, 253, 198, 189, 165, 30, 255,
       21, 183, 127, 187, 145, 95, 123, 116, 207, 235, 68, 239, 247, 120,
       217, 123, 101, 52, 206, 111, 52, 52, 108, 254, 236, 243, 21, 144,
       112, 62, 236, 125, 110, 201, 184, 113, 45, 231, 237, 32, 128, 96,
       178, 70, 121, 2, 160, 172, 187, 169, 165, 185, 15, 158, 23, 65,
       21, 164, 239, 106, 73, 193, 11, 187, 149, 54, 92, 91, 209, 205,
       247, 218, 79, 144, 64, 149, 154, 173, 125, 121, 101, 244, 79, 111,
       191, 117, 166, 126, 8, 211, 117, 145, 48, 59, 220, 70, 106, 233,
       240, 253, 14, 111, 207, 37, 4, 99, 250, 70, 224, 2, 176, 20, 155,
       234, 233, 176, 79, 142, 49, 177, 187, 140, 146, 76, 73, 207, 27,
       235, 17, 18, 78, 203, 209, 12, 16, 95, 127, 148, 8, 135, 139, 175,
       223, 230, 158, 255, 55, 206, 252, 83, 254, 221, 247, 72, 232, 191,
       213, 127, 239, 183, 239, 244, 214, 143, 255, 62, 126, 207, 238,
       191, 255, 250, 213, 26, 207, 103, 238, 182, 130, 79, 253, 132,
       140, 218, 227, 97, 103, 176, 69, 126, 246, 13, 238, 232, 147, 45,
       173, 240, 166, 175, 129, 55, 186, 180, 105, 26, 230, 227, 161,
       242, 195, 169, 239, 62, 113, 90, 243, 157, 143, 216, 128, 55, 95,
       147, 145, 115, 220, 133, 215, 236, 198, 191, 228, 167, 148, 167,
       249, 162, 251, 248, 94, 238, 153, 151, 247, 203, 156, 56, 239,
       174, 248, 197, 3, 142, 123, 230, 67, 198, 106, 238, 249, 38, 16,
       101, 187, 85, 251, 86, 143, 189, 96, 237, 99, 204, 71, 207, 216,
       82, 246, 181, 10, 83, 77, 217, 43, 89, 204, 124, 254, 233, 102,
       253, 48, 251, 201, 229, 60, 245, 251, 86, 224, 37, 255, 225, 190,
       254, 11, 239, 252, 86, 234, 185, 254, 243, 233, 244, 3, 127, 236,
       95, 239, 249, 115, 204, 254, 124, 14, 231, 188, 253, 251, 240,
       145, 2, 144, 150, 219, 139, 240, 56, 73, 174, 17, 65, 177, 252,
       246, 40, 106, 231, 19, 187, 144, 19, 73, 59, 213, 141, 182, 90,
       79, 144, 2, 165, 178, 26, 143, 99, 174, 178, 227, 175, 231, 52,
       77, 218, 163, 105, 231, 160, 192, 122, 251, 151, 225, 89, 153, 13,
       255, 184, 230, 174, 193, 181, 194, 165, 249, 229, 127, 223, 118,
       244, 62, 207, 252, 123, 234, 255, 254, 123, 107, 157, 49, 127,
       231, 102, 110, 253, 227, 237, 239, 62, 255, 229, 144, 207, 251,
       194, 117, 1, 141, 19, 251, 244, 133, 172, 199, 254, 25, 122, 98,
       188, 234, 176, 228, 239, 59, 51, 157, 83, 184, 2, 245, 60, 188,
       190, 192, 28, 136, 161, 169, 173, 112, 61, 69, 100, 15, 243, 184,
       108, 170, 119, 8, 210, 17, 29, 48, 148, 84, 110, 106, 193, 244,
       121, 72, 71, 155, 101, 4, 64, 187, 67, 163, 124, 244, 121, 105,
       61, 79, 87, 184, 83, 248, 177, 72, 219, 93, 73, 177, 217, 156, 93,
       106, 233, 98, 249, 31, 243, 217, 33, 60, 122, 187, 70, 51, 47,
       188, 228, 159, 221, 159, 206, 248, 223, 243, 212, 94, 232, 232,
       95, 167, 221, 238, 250, 63, 255, 242, 255, 255, 47, 127, 197, 126,
       223, 252, 88, 212, 61, 77, 107, 222, 212, 210, 207, 244, 212, 128,
       255, 2, 115, 249, 181, 96, 88, 250, 22, 234, 233, 171, 108, 175,
       115, 175, 167, 136, 119, 251, 112, 168, 80, 27, 154, 172, 162, 8,
       92, 35, 32, 140, 202, 237, 183, 167, 3, 80, 182, 183, 109, 161,
       76, 27, 129, 8, 240, 229, 44, 153, 160, 96, 39, 91, 7, 173, 18,
       136, 238, 33, 190, 235, 170, 150, 184, 2, 140, 234, 241, 3, 175,
       83, 91, 239, 114, 3, 138, 250, 188, 144, 143, 175, 148, 243, 163,
       129, 228, 172, 140, 247, 156, 174, 104, 138, 254, 179, 227, 24,
       243, 235, 89, 59, 201, 238, 104, 26, 58, 252, 219, 39, 207, 171,
       247, 81, 192, 105, 82, 2, 26, 191, 97, 171, 178, 171, 191, 182,
       63, 36, 90, 231, 237, 103, 145, 132, 55, 123, 157, 207, 130, 152,
       13, 255, 236, 84, 143, 240, 54, 215, 5, 249, 165, 239, 199, 255,
       254, 43, 238, 252, 22, 170, 217, 230, 241, 225, 248, 67, 127, 206,
       127, 238, 249, 243, 79, 190, 188, 142, 239, 188, 253, 251, 208,
       177, 197, 232, 190, 255, 109, 204, 117, 140, 255, 154, 166, 16,
       254, 251, 93, 123, 193, 121, 123, 78, 98, 101, 251, 241, 207, 219,
       215, 58, 144, 113, 99, 170, 53, 205, 78, 111, 150, 11, 206, 252,
       84, 96, 250, 226, 115, 120, 186, 96, 122, 238, 30, 239, 237, 177,
       77, 61, 240, 173, 167, 132, 125, 187, 248, 156, 227, 91, 87, 172,
       104, 66, 71, 124, 29, 204, 242, 237, 70, 228, 165, 85, 222, 229,
       38, 102, 237, 187, 1, 236, 48, 50, 96, 142, 92, 189, 96, 221, 72,
       189, 158, 250, 185, 237, 52, 199, 175, 31, 174, 16, 174, 187, 64,
       26, 161, 115, 235, 16, 50, 105, 155, 241, 255, 215, 86, 123, 210,
       80, 135, 139, 60, 77, 122, 238, 84, 215, 239, 248, 85, 128, 255,
       2, 115, 233, 181, 96, 120, 232, 23, 234, 200, 179, 60, 190, 115,
       239, 167, 129, 119, 187, 116, 162, 253, 89, 38, 175, 140, 15, 71,
       180, 85, 106, 215, 92, 211, 49, 27, 111, 72, 198, 126, 111, 249,
       185, 93, 44, 244, 170, 228, 16, 106, 251, 208, 24, 116, 36, 184,
       114, 168, 109, 81, 27, 178, 191, 165, 24, 22, 55, 72, 26, 1, 150,
       109, 24, 26, 103, 251, 2, 217, 135, 117, 125, 226, 193, 198, 99,
       13, 112, 62, 103, 36, 14, 115, 48, 124, 174, 119, 12, 214, 25, 3,
       48, 148, 116, 110, 106, 193, 244, 249, 10, 71, 187, 33, 20, 74,
       187, 67, 163, 255, 176, 253, 242, 239, 253, 249, 218, 139, 255,
       181, 62, 158, 255, 78, 43, 175, 147, 255, 17, 187, 103, 250, 208,
       223, 219, 251, 255, 221, 77, 223, 243, 253, 105, 237, 106, 140,
       69, 71, 216, 194, 250, 181, 8, 83, 213, 217, 59, 89, 208, 124,
       122, 73, 99, 250, 48, 251, 201, 229, 60, 243, 251, 210, 32, 218,
       138, 158, 185, 42, 168, 56, 22, 190, 31, 146, 181, 191, 131, 194,
       91, 231, 55, 125, 149, 62, 205, 195, 65, 216, 225, 122, 209, 164,
       128, 1, 73, 252, 116, 17, 236, 29, 109, 67, 72, 79, 248, 185, 8,
       254, 215, 77, 182, 217, 144, 126, 106, 75, 103, 251, 159, 177,
       248, 1, 62, 90, 43, 70, 50, 162, 184, 176, 218, 207, 253, 177,
       207, 223, 23, 80, 62, 172, 152, 100, 172, 203, 59, 130, 17, 182,
       126, 242, 243, 13, 20, 30, 107, 215, 12, 215, 175, 34, 62, 164,
       23, 237, 127, 148, 127, 87, 190, 187, 121, 226, 124, 135, 143,
       153, 118, 230, 35, 60, 234, 107, 28, 43, 82, 117, 183, 210, 124,
       158, 223, 214, 134, 206, 182, 138, 34, 28, 235, 180, 214, 194,
       183, 103, 102, 43, 75, 119, 231, 125, 167, 124, 197, 143, 44, 248,
       227, 239, 149, 173, 124, 184, 83, 45, 132, 150, 95, 205, 127, 230,
       143, 239, 31, 107, 16, 226, 96, 12, 222, 169, 70, 106, 28, 16,
       248, 59, 34, 45, 254, 86, 65, 194, 82, 235, 142, 132, 104, 190,
       254, 44, 237, 112, 206, 254, 187, 161, 16, 246, 219, 73, 123, 193,
       125, 123, 18, 34, 101, 218, 48, 223, 251, 87, 57, 192, 113, 67,
       130, 64, 189, 158, 251, 155, 237, 52, 167, 175, 17, 170, 25, 172,
       187, 64, 91, 163, 115, 235, 16, 50, 73, 154, 241, 239, 211, 94,
       123, 208, 80, 141, 11, 169, 112, 57, 101, 33, 79, 113, 16, 109,
       168, 119, 8, 223, 19, 1, 49, 148, 20, 68, 106, 1, 176, 49, 8, 199,
       217, 96, 4, 66, 163, 66, 163, 69, 180, 159, 241, 146, 46, 33, 55,
       58, 187, 3, 84, 214, 55, 72, 122, 55, 87, 120, 56, 49, 220, 145,
       66, 237, 166, 119, 68, 136, 64, 161, 49, 128, 136, 152, 187, 184,
       225, 113, 143, 158, 29, 68, 49, 180, 147, 42, 72, 193, 27, 47, 16,
       50, 92, 83, 55, 207, 247, 254, 75, 144, 0, 165, 219, 4, 146, 156,
       177, 178, 235, 48, 135, 30, 117, 71, 49, 157, 187, 106, 73, 163,
