%YAML:1.0
---
descriptors: !!opencv-matrix
   rows: 339
   cols: 32
   dt: u
   data: [ 127, 150, 255, 102, 186, 126, 91, 184, 113, 79, 191, 253, 123,
       125, 158, 246, 55, 214, 253, 110, 189, 165, 61, 175, 242, 255, 33,
       150, 239, 231, 206, 117, 156, 220, 151, 62, 139, 127, 22, 233,
       212, 146, 225, 1, 255, 253, 41, 187, 249, 115, 138, 35, 100, 231,
       26, 62, 251, 199, 79, 25, 242, 127, 41, 2, 246, 93, 246, 254, 253,
       61, 94, 204, 95, 254, 251, 43, 110, 252, 127, 239, 255, 223, 255,
       243, 254, 119, 219, 251, 187, 126, 141, 187, 183, 255, 252, 87,
       63, 31, 252, 183, 190, 115, 255, 191, 127, 231, 255, 183, 255,
       127, 159, 240, 127, 231, 253, 175, 237, 240, 253, 238, 238, 255,
       247, 133, 239, 247, 250, 241, 172, 149, 226, 118, 193, 54, 118,
       255, 113, 147, 235, 85, 65, 235, 125, 93, 89, 238, 3, 190, 248,
       214, 216, 170, 127, 255, 197, 4, 235, 241, 234, 130, 157, 159,
       109, 179, 244, 255, 126, 187, 63, 250, 127, 247, 255, 127, 130,
       241, 127, 222, 183, 14, 253, 252, 109, 255, 238, 223, 231, 197,
       239, 254, 221, 209, 246, 244, 252, 94, 185, 221, 86, 252, 219,
       255, 189, 61, 106, 252, 94, 51, 159, 211, 253, 83, 239, 103, 250,
       243, 251, 223, 69, 255, 210, 127, 206, 87, 50, 207, 70, 207, 126,
       155, 174, 252, 29, 168, 124, 238, 105, 233, 181, 132, 126, 236,
       167, 238, 225, 186, 13, 255, 54, 6, 175, 162, 127, 190, 123, 189,
       94, 21, 186, 237, 189, 111, 255, 111, 63, 139, 253, 10, 222, 255,
       77, 112, 249, 251, 255, 161, 24, 35, 249, 210, 255, 223, 143, 31,
       195, 122, 231, 131, 100, 232, 156, 113, 141, 141, 84, 167, 235,
       179, 40, 8, 134, 176, 68, 26, 129, 86, 104, 16, 82, 105, 219, 48,
       205, 146, 85, 127, 192, 72, 207, 10, 148, 149, 223, 227, 207, 111,
       183, 200, 174, 178, 179, 26, 222, 253, 105, 123, 251, 209, 126,
       114, 113, 103, 27, 216, 253, 138, 79, 62, 240, 123, 133, 162, 44,
       172, 188, 94, 217, 253, 148, 143, 158, 179, 36, 25, 254, 253, 64,
       27, 141, 114, 235, 24, 50, 106, 218, 49, 111, 223, 85, 123, 210,
       89, 206, 170, 8, 172, 188, 83, 205, 125, 245, 159, 222, 63, 180,
       24, 186, 57, 222, 43, 9, 82, 238, 24, 50, 109, 235, 113, 79, 155,
       117, 125, 211, 89, 198, 170, 135, 191, 237, 87, 242, 47, 175, 191,
       62, 254, 86, 246, 121, 111, 159, 63, 55, 95, 255, 175, 245, 220,
       255, 127, 46, 42, 255, 132, 143, 245, 215, 253, 198, 207, 190,
       158, 95, 193, 182, 236, 222, 134, 210, 35, 236, 232, 111, 65, 250,
       105, 171, 103, 102, 231, 10, 255, 53, 54, 79, 11, 20, 63, 61, 206,
       24, 141, 20, 175, 147, 202, 87, 55, 53, 1, 78, 129, 239, 119, 42,
       212, 22, 106, 204, 12, 90, 136, 81, 175, 225, 247, 20, 81, 50,
       198, 137, 10, 1, 166, 205, 251, 252, 171, 233, 223, 126, 19, 123,
       246, 241, 195, 216, 104, 111, 170, 110, 156, 147, 252, 79, 243,
       76, 159, 183, 196, 253, 200, 243, 160, 160, 222, 60, 92, 104, 41,
       21, 255, 158, 55, 100, 60, 182, 167, 170, 29, 135, 19, 194, 32,
       98, 111, 114, 127, 224, 146, 80, 58, 88, 88, 135, 187, 124, 249,
       185, 232, 153, 205, 83, 218, 163, 185, 172, 9, 31, 223, 64, 16,
       165, 217, 221, 80, 90, 43, 210, 181, 251, 221, 5, 127, 242, 51,
       198, 19, 80, 232, 94, 112, 43, 200, 49, 230, 171, 21, 174, 168,
       46, 151, 64, 22, 163, 51, 236, 16, 2, 75, 130, 117, 219, 242, 80,
       123, 96, 0, 39, 43, 38, 171, 174, 191, 60, 141, 255, 232, 159,
       180, 181, 141, 228, 239, 58, 3, 223, 231, 127, 103, 122, 107, 218,
       253, 253, 150, 207, 189, 212, 47, 87, 242, 212, 252, 188, 82, 140,
       237, 149, 135, 250, 247, 142, 24, 150, 177, 87, 47, 1, 94, 104,
       25, 35, 101, 187, 50, 217, 27, 85, 127, 192, 89, 215, 98, 238, 30,
       253, 215, 239, 116, 95, 144, 187, 255, 191, 126, 236, 127, 159,
       255, 175, 247, 255, 131, 165, 231, 251, 226, 151, 123, 254, 147,
       142, 247, 221, 117, 90, 189, 149, 210, 173, 252, 84, 143, 191,
       179, 174, 24, 174, 247, 76, 255, 227, 119, 252, 16, 59, 73, 251,
       241, 155, 250, 87, 127, 130, 84, 203, 47, 141, 111, 103, 95, 176,
       127, 79, 188, 119, 230, 110, 180, 251, 230, 159, 245, 23, 78, 164,
       110, 225, 212, 175, 62, 226, 255, 101, 4, 106, 247, 192, 124, 1,
       143, 95, 253, 246, 128, 237, 119, 252, 65, 250, 246, 253, 235,
       144, 97, 110, 163, 126, 140, 243, 184, 103, 239, 244, 175, 250,
       128, 109, 128, 225, 169, 85, 135, 79, 225, 222, 43, 239, 248, 108,
       240, 251, 230, 215, 99, 185, 99, 126, 204, 126, 254, 193, 177,
       237, 252, 252, 169, 175, 244, 61, 251, 115, 160, 158, 180, 151,
       183, 171, 96, 189, 207, 191, 183, 179, 179, 205, 247, 72, 207,
       239, 87, 255, 145, 58, 79, 203, 194, 205, 243, 223, 215, 130, 116,
       167, 243, 124, 179, 220, 190, 171, 56, 16, 159, 163, 159, 173,
       253, 207, 227, 74, 218, 135, 199, 237, 16, 30, 75, 203, 33, 218,
       247, 117, 251, 170, 228, 138, 19, 229, 195, 73, 239, 236, 9, 239,
       249, 45, 80, 249, 230, 221, 107, 152, 99, 126, 203, 127, 239, 209,
       114, 239, 225, 244, 217, 239, 172, 125, 243, 226, 161, 120, 235,
       136, 250, 189, 129, 82, 222, 163, 61, 164, 9, 59, 211, 74, 18,
       201, 210, 237, 208, 90, 75, 202, 49, 251, 193, 181, 249, 18, 16,
       206, 11, 195, 150, 172, 219, 172, 237, 125, 159, 191, 127, 158,
       117, 214, 191, 78, 107, 229, 87, 127, 20, 182, 205, 123, 115, 207,
       59, 118, 213, 152, 88, 133, 91, 133, 98, 223, 251, 110, 169, 233,
       220, 254, 242, 114, 246, 219, 195, 217, 123, 111, 168, 126, 222,
       163, 244, 207, 242, 212, 203, 243, 196, 172, 153, 81, 161, 183,
       118, 46, 62, 45, 63, 244, 232, 253, 222, 243, 63, 74, 232, 63,
       143, 249, 205, 207, 167, 236, 231, 111, 254, 146, 219, 255, 159,
       69, 125, 127, 199, 72, 44, 149, 117, 169, 236, 113, 3, 251, 155,
       179, 24, 159, 179, 64, 59, 129, 55, 108, 16, 54, 109, 227, 0, 203,
       255, 112, 91, 194, 64, 7, 43, 126, 252, 190, 186, 189, 213, 159,
       248, 155, 95, 149, 63, 238, 255, 107, 134, 221, 243, 253, 211,
       234, 71, 250, 247, 249, 215, 143, 255, 158, 127, 191, 115, 144,
       223, 63, 245, 52, 239, 49, 55, 252, 141, 122, 0, 183, 51, 32, 97,
       166, 51, 14, 8, 160, 185, 33, 45, 233, 233, 54, 64, 0, 8, 133, 43,
       140, 50, 241, 65, 112, 63, 168, 16, 121, 134, 100, 200, 143, 38,
       5, 190, 150, 89, 194, 56, 165, 240, 245, 74, 15, 217, 0, 0, 195,
       225, 15, 180, 139, 26, 130, 155, 1, 180, 56, 194, 31, 4, 70, 151,
       172, 138, 55, 205, 212, 43, 179, 213, 38, 220, 82, 243, 6, 115,
       154, 203, 158, 5, 57, 222, 1, 143, 104, 169, 148, 143, 238, 55,
       76, 72, 94, 198, 179, 8, 178, 96, 122, 162, 22, 109, 215, 184, 69,
       93, 228, 45, 162, 192, 125, 138, 249, 156, 120, 241, 121, 110, 95,
       79, 215, 124, 91, 228, 181, 11, 123, 220, 28, 48, 154, 221, 119,
       99, 200, 115, 249, 255, 119, 223, 5, 62, 117, 187, 70, 234, 188,
       237, 108, 103, 138, 91, 103, 172, 96, 246, 239, 169, 227, 100,
       219, 51, 24, 238, 232, 98, 124, 240, 239, 43, 230, 193, 197, 61,
       103, 255, 222, 198, 118, 117, 248, 102, 185, 127, 90, 156, 187,
       172, 175, 8, 115, 247, 79, 118, 209, 246, 253, 112, 8, 67, 251,
       186, 251, 255, 197, 63, 130, 243, 94, 115, 64, 31, 213, 125, 178,
       171, 51, 23, 126, 1, 122, 228, 255, 119, 161, 112, 166, 119, 236,
       80, 179, 184, 97, 63, 172, 246, 48, 82, 248, 192, 133, 57, 133,
       166, 223, 241, 110, 171, 233, 218, 254, 51, 243, 246, 219, 193,
       216, 123, 111, 204, 126, 156, 187, 244, 239, 243, 204, 235, 243,
       196, 188, 137, 97, 160, 6, 188, 190, 187, 251, 253, 181, 199, 159,
       55, 76, 19, 172, 254, 103, 72, 227, 123, 163, 17, 54, 88, 58, 247,
       239, 87, 31, 107, 144, 93, 141, 223, 46, 239, 114, 73, 255, 155,
       254, 226, 111, 12, 252, 174, 40, 142, 215, 180, 126, 253, 198,
       194, 204, 186, 230, 250, 54, 93, 135, 171, 103, 183, 110, 205,
       246, 255, 109, 39, 138, 67, 71, 188, 49, 254, 250, 175, 115, 109,
