%YAML:1.0
---
descriptors: !!opencv-matrix
   rows: 321
   cols: 32
   dt: u
   data: [ 133, 206, 219, 233, 118, 11, 235, 216, 126, 65, 122, 246, 85,
       67, 153, 96, 127, 205, 54, 252, 163, 180, 45, 95, 252, 174, 35,
       196, 237, 171, 65, 177, 5, 134, 219, 237, 118, 42, 235, 186, 124,
       193, 123, 230, 247, 99, 152, 96, 127, 108, 54, 44, 145, 184, 109,
       47, 236, 174, 163, 192, 108, 171, 81, 177, 232, 191, 125, 103,
       244, 63, 127, 191, 121, 174, 126, 124, 255, 127, 145, 54, 183, 70,
       108, 42, 241, 248, 169, 14, 239, 255, 37, 132, 194, 242, 199, 185,
       48, 1, 62, 233, 28, 79, 83, 112, 68, 36, 223, 2, 215, 17, 50, 64,
       120, 164, 63, 232, 8, 177, 113, 30, 243, 239, 162, 16, 116, 138,
       84, 98, 190, 85, 118, 227, 247, 115, 254, 255, 85, 231, 255, 179,
       73, 61, 191, 165, 127, 223, 151, 227, 252, 190, 109, 254, 126,
       207, 255, 199, 247, 255, 244, 243, 115, 49, 10, 168, 40, 157, 1,
       72, 173, 224, 168, 141, 150, 150, 66, 52, 220, 165, 220, 101, 15,
       3, 242, 80, 144, 176, 11, 58, 24, 6, 43, 116, 87, 232, 168, 26,
       25, 220, 75, 200, 171, 181, 141, 8, 174, 194, 94, 54, 1, 231, 121,
       223, 74, 75, 254, 113, 153, 48, 15, 121, 0, 7, 7, 108, 135, 6,
       207, 219, 226, 169, 232, 82, 63, 83, 115, 247, 153, 207, 189, 105,
       127, 41, 55, 159, 163, 244, 7, 210, 4, 58, 250, 128, 253, 201, 33,
       177, 169, 94, 63, 117, 32, 143, 121, 54, 125, 74, 118, 80, 191,
       19, 128, 57, 134, 48, 102, 12, 225, 188, 49, 79, 71, 251, 112, 0,
       74, 208, 66, 171, 49, 148, 141, 37, 18, 14, 176, 123, 54, 171,
       226, 115, 118, 53, 0, 113, 125, 188, 126, 165, 41, 252, 65, 30,
       221, 166, 115, 0, 105, 32, 34, 59, 22, 158, 198, 179, 227, 38,
       124, 247, 61, 91, 90, 247, 13, 42, 33, 219, 239, 199, 183, 149,
       189, 216, 9, 226, 190, 246, 254, 198, 169, 85, 169, 223, 27, 22,
       98, 37, 118, 31, 238, 112, 125, 226, 118, 206, 79, 40, 159, 165,
       62, 141, 86, 111, 229, 176, 21, 206, 182, 127, 96, 128, 111, 254,
       91, 149, 75, 157, 252, 58, 187, 253, 188, 191, 255, 127, 190, 189,
       238, 254, 118, 255, 167, 35, 255, 21, 183, 105, 127, 247, 255,
       123, 95, 255, 222, 68, 143, 95, 252, 245, 58, 98, 48, 143, 127,
       176, 109, 136, 247, 72, 255, 95, 8, 16, 182, 244, 93, 106, 233,
       176, 25, 15, 243, 249, 37, 20, 106, 178, 74, 51, 61, 118, 73, 239,
       108, 6, 239, 248, 117, 202, 253, 230, 89, 110, 159, 244, 127, 233,
       22, 238, 201, 178, 109, 255, 54, 239, 167, 140, 127, 251, 106,
       241, 227, 52, 25, 184, 124, 237, 128, 74, 159, 234, 176, 120, 150,
       216, 76, 27, 141, 155, 94, 17, 107, 111, 218, 83, 141, 144, 25,
       126, 88, 72, 11, 155, 62, 84, 246, 236, 91, 114, 22, 232, 151, 22,
       241, 162, 79, 255, 41, 125, 255, 217, 183, 226, 46, 3, 58, 223,
       179, 227, 67, 15, 55, 119, 38, 214, 236, 115, 252, 242, 239, 29,
       85, 216, 219, 190, 181, 31, 10, 205, 79, 31, 223, 192, 199, 126,
       234, 103, 250, 210, 91, 219, 85, 63, 247, 189, 70, 243, 97, 100,
       25, 101, 48, 78, 97, 54, 112, 169, 106, 88, 183, 17, 64, 48, 128,
       78, 76, 8, 105, 248, 209, 46, 229, 189, 52, 80, 72, 144, 194, 40,
       73, 188, 183, 246, 189, 189, 120, 55, 191, 249, 118, 93, 190, 190,
       70, 59, 133, 103, 125, 28, 183, 249, 178, 225, 207, 255, 84, 66,
       202, 68, 195, 91, 101, 102, 223, 245, 36, 46, 109, 18, 125, 226,
       250, 92, 223, 35, 145, 122, 218, 237, 110, 44, 169, 244, 241, 202,
       197, 255, 247, 0, 200, 240, 67, 160, 247, 252, 188, 185, 168, 47,
       79, 191, 59, 251, 180, 252, 223, 102, 211, 63, 223, 223, 125, 63,
       249, 78, 239, 58, 253, 222, 125, 252, 212, 248, 130, 113, 138,
       156, 23, 250, 241, 236, 48, 55, 189, 91, 106, 81, 188, 191, 32,
       209, 165, 51, 187, 16, 55, 157, 18, 255, 207, 255, 90, 66, 138,
       64, 161, 155, 209, 20, 95, 253, 44, 15, 101, 49, 253, 162, 243,
       94, 255, 115, 9, 115, 106, 229, 110, 110, 233, 247, 209, 207, 245,
       251, 98, 16, 40, 40, 66, 40, 189, 118, 105, 5, 118, 91, 207, 248,
       17, 230, 252, 239, 83, 100, 159, 164, 95, 220, 148, 238, 237, 246,
       125, 14, 110, 15, 229, 180, 111, 255, 94, 117, 237, 191, 58, 202,
       233, 61, 31, 251, 190, 202, 189, 188, 254, 246, 235, 247, 223,
       210, 255, 46, 249, 7, 234, 255, 255, 223, 47, 190, 146, 255, 167,
       241, 33, 175, 107, 227, 116, 139, 239, 117, 125, 192, 127, 238,
       251, 73, 148, 48, 126, 170, 86, 238, 209, 186, 109, 255, 110, 221,
       39, 192, 109, 138, 242, 185, 66, 162, 22, 152, 73, 133, 184, 79,
       191, 21, 192, 25, 172, 206, 98, 221, 197, 59, 235, 145, 18, 75,
       210, 213, 157, 18, 218, 123, 16, 4, 167, 222, 177, 207, 109, 239,
       62, 139, 239, 252, 84, 232, 246, 230, 243, 73, 145, 33, 126, 236,
       86, 239, 233, 184, 109, 189, 228, 203, 167, 176, 125, 186, 80,
       185, 75, 249, 247, 241, 170, 220, 61, 183, 175, 85, 78, 133, 189,
       183, 194, 115, 39, 127, 127, 220, 211, 73, 183, 193, 255, 251,
       126, 192, 174, 212, 135, 121, 130, 38, 134, 153, 77, 177, 248, 79,
       175, 151, 246, 147, 172, 170, 70, 159, 237, 177, 255, 144, 38, 79,
       66, 211, 150, 210, 218, 171, 150, 12, 43, 140, 203, 46, 98, 20,
       135, 242, 174, 119, 252, 206, 90, 215, 168, 234, 183, 205, 179,
       239, 251, 167, 245, 205, 164, 238, 54, 111, 222, 137, 175, 117,
       249, 94, 120, 112, 90, 236, 63, 201, 83, 72, 173, 164, 181, 40,
       95, 223, 41, 16, 250, 177, 205, 98, 72, 35, 208, 156, 211, 217, 1,
       63, 115, 43, 70, 99, 40, 50, 122, 173, 126, 67, 185, 88, 46, 225,
       246, 187, 157, 159, 160, 88, 110, 157, 127, 129, 128, 255, 197,
       213, 212, 241, 250, 171, 53, 8, 117, 195, 182, 117, 238, 190, 189,
       123, 254, 236, 189, 207, 250, 187, 79, 236, 62, 5, 255, 251, 255,
       99, 44, 243, 91, 238, 179, 215, 207, 219, 229, 127, 255, 215, 94,
       235, 160, 162, 189, 157, 222, 205, 239, 229, 186, 13, 207, 232,
       94, 146, 234, 199, 239, 213, 158, 43, 207, 240, 186, 221, 143,
       127, 198, 62, 239, 70, 146, 177, 59, 252, 182, 192, 181, 71, 222,
       13, 84, 50, 188, 159, 32, 32, 238, 59, 147, 129, 82, 171, 50, 213,
       227, 225, 58, 11, 85, 0, 165, 251, 156, 116, 150, 247, 173, 127,
       252, 254, 61, 186, 183, 82, 206, 115, 9, 159, 239, 215, 254, 43,
       121, 231, 155, 236, 155, 243, 95, 87, 202, 125, 235, 165, 144, 91,
       62, 245, 52, 143, 113, 55, 252, 8, 114, 32, 183, 177, 33, 97, 166,
       51, 44, 65, 224, 169, 16, 61, 233, 171, 114, 64, 8, 24, 1, 43,
       209, 149, 71, 44, 154, 2, 77, 59, 32, 64, 234, 236, 83, 38, 128,
       119, 54, 134, 108, 172, 249, 139, 245, 77, 176, 170, 96, 132, 45,
       160, 163, 120, 92, 119, 188, 100, 184, 86, 87, 156, 114, 222, 175,
       44, 211, 119, 203, 31, 61, 212, 236, 250, 248, 67, 235, 10, 251,
       231, 229, 221, 227, 243, 238, 113, 93, 173, 29, 37, 144, 107, 79,
       178, 48, 170, 234, 200, 215, 39, 73, 48, 25, 223, 76, 234, 104,
       210, 249, 46, 253, 197, 37, 52, 96, 243, 166, 32, 139, 91, 167,
       191, 229, 34, 109, 246, 181, 7, 194, 112, 44, 186, 33, 251, 232,
       115, 187, 195, 164, 143, 51, 235, 37, 118, 218, 2, 22, 213, 244,
       236, 241, 189, 77, 101, 146, 78, 71, 190, 48, 234, 218, 236, 83,
       53, 1, 49, 30, 214, 125, 98, 233, 248, 221, 14, 253, 162, 229,
       148, 109, 122, 82, 57, 81, 71, 73, 101, 180, 10, 111, 61, 100,
       232, 122, 228, 243, 3, 145, 112, 54, 236, 28, 238, 201, 176, 69,
       12, 228, 168, 167, 128, 44, 178, 192, 57, 68, 136, 158, 245, 169,
       226, 53, 167, 174, 159, 174, 49, 212, 243, 98, 90, 201, 119, 233,
       16, 48, 201, 67, 64, 203, 151, 223, 87, 128, 112, 173, 130, 31,
       64, 99, 197, 117, 86, 107, 80, 61, 224, 87, 194, 89, 23, 156, 244,
       118, 156, 23, 174, 137, 144, 53, 206, 151, 254, 130, 132, 39, 174,
       112, 244, 11, 157, 171, 219, 213, 245, 255, 231, 95, 69, 76, 7,
       188, 255, 54, 228, 217, 59, 147, 149, 151, 186, 114, 247, 111,
