%YAML:1.0
---
descriptors: !!opencv-matrix
   rows: 177
   cols: 32
   dt: u
   data: [ 137, 143, 218, 63, 134, 186, 108, 183, 118, 87, 110, 144, 175,
       227, 210, 116, 115, 106, 38, 28, 119, 188, 239, 51, 238, 231, 118,
       65, 250, 192, 235, 172, 109, 113, 48, 69, 117, 31, 103, 184, 105,
       232, 111, 76, 222, 88, 25, 180, 144, 76, 84, 110, 197, 176, 217,
       12, 37, 253, 37, 20, 74, 59, 75, 148, 252, 205, 229, 111, 215,
       122, 102, 188, 125, 198, 107, 149, 203, 108, 159, 116, 51, 238,
       110, 110, 236, 180, 125, 110, 238, 126, 71, 5, 231, 247, 246, 212,
       124, 77, 56, 110, 217, 107, 86, 232, 82, 166, 236, 8, 66, 177, 35,
       16, 216, 220, 192, 98, 104, 51, 200, 62, 243, 199, 5, 59, 83, 123,
       78, 130, 77, 117, 16, 69, 48, 30, 102, 184, 104, 168, 106, 68,
       222, 114, 137, 112, 150, 76, 76, 110, 197, 144, 249, 76, 167, 189,
       37, 4, 72, 179, 67, 5, 64, 173, 254, 240, 252, 237, 117, 159, 251,
       63, 190, 24, 191, 249, 66, 90, 167, 255, 110, 17, 50, 105, 202,
       243, 223, 223, 55, 123, 192, 200, 199, 75, 45, 102, 193, 101, 116,
       11, 234, 80, 120, 160, 120, 200, 147, 1, 145, 176, 58, 236, 70,
       110, 161, 178, 204, 14, 36, 190, 35, 32, 76, 187, 67, 160, 218,
       158, 214, 179, 174, 187, 188, 159, 191, 251, 210, 247, 239, 238,
       146, 207, 103, 231, 238, 21, 183, 253, 79, 243, 156, 243, 127,
       210, 190, 220, 137, 93, 208, 88, 62, 244, 2, 206, 53, 118, 172,
       142, 134, 34, 191, 159, 33, 99, 166, 117, 236, 66, 96, 141, 48,
       47, 241, 227, 122, 19, 32, 56, 37, 59, 137, 241, 155, 123, 49,
       204, 53, 7, 254, 25, 107, 16, 190, 211, 40, 112, 163, 43, 106, 8,
       19, 184, 50, 103, 229, 189, 18, 74, 200, 0, 131, 170, 199, 130,
       231, 151, 98, 42, 47, 41, 57, 214, 83, 246, 253, 102, 158, 255,
       55, 231, 124, 175, 245, 212, 173, 109, 4, 34, 254, 128, 45, 247,
       163, 245, 214, 212, 181, 219, 139, 233, 53, 204, 159, 179, 131,
       58, 222, 247, 108, 79, 227, 87, 251, 19, 51, 69, 219, 241, 157,
       18, 95, 127, 144, 121, 133, 35, 124, 190, 222, 122, 169, 237, 85,
       255, 178, 127, 164, 61, 95, 247, 66, 27, 141, 242, 237, 18, 122,
       107, 250, 49, 251, 227, 117, 125, 234, 208, 206, 123, 57, 141, 11,
       238, 21, 199, 78, 226, 196, 64, 200, 2, 115, 249, 48, 96, 216,
       234, 19, 239, 73, 171, 24, 191, 243, 239, 138, 8, 56, 138, 112,
       170, 46, 249, 97, 2, 223, 75, 151, 232, 27, 244, 176, 139, 72,
       204, 95, 132, 27, 217, 211, 115, 66, 99, 222, 244, 61, 20, 141,
       127, 215, 63, 87, 246, 82, 3, 142, 165, 162, 34, 189, 69, 172,
       141, 222, 167, 205, 166, 99, 74, 230, 229, 237, 181, 20, 209, 131,
       192, 208, 39, 250, 131, 165, 100, 173, 83, 189, 245, 237, 102,
       212, 87, 95, 248, 83, 232, 149, 10, 89, 125, 223, 49, 29, 220, 21,
       239, 237, 210, 253, 172, 123, 203, 229, 180, 47, 247, 242, 242,
       237, 252, 237, 69, 252, 126, 79, 186, 83, 250, 30, 24, 211, 117,
       219, 54, 93, 212, 117, 123, 233, 244, 253, 10, 111, 175, 229, 148,
       175, 251, 208, 112, 129, 160, 19, 123, 245, 173, 113, 151, 126,
       25, 97, 80, 158, 209, 72, 56, 161, 10, 70, 24, 19, 60, 130, 119,
       205, 185, 50, 72, 192, 0, 195, 163, 124, 181, 72, 99, 208, 15, 86,
       253, 49, 136, 253, 105, 19, 211, 67, 16, 92, 220, 85, 114, 88,
       154, 216, 46, 251, 229, 37, 253, 105, 170, 202, 131, 88, 170, 247,
       84, 139, 217, 53, 246, 179, 23, 164, 56, 47, 167, 192, 63, 39,
       243, 236, 0, 114, 107, 162, 117, 91, 195, 116, 107, 227, 192, 167,
       235, 92, 246, 220, 34, 42, 58, 82, 216, 107, 54, 189, 237, 207,
       227, 202, 219, 183, 213, 236, 114, 158, 71, 143, 1, 154, 227, 97,
       255, 238, 227, 15, 19, 80, 184, 154, 186, 11, 236, 17, 199, 170,
       17, 168, 24, 190, 147, 96, 82, 163, 51, 104, 16, 18, 73, 146, 113,
       217, 177, 26, 123, 152, 0, 167, 26, 33, 140, 247, 87, 21, 174,
       107, 150, 127, 1, 110, 4, 250, 35, 20, 116, 17, 238, 106, 28, 139,
       184, 113, 127, 111, 190, 20, 64, 202, 203, 66, 40, 15, 190, 255,
       255, 252, 139, 255, 251, 255, 251, 246, 246, 253, 255, 220, 99,
       255, 255, 127, 141, 179, 250, 255, 255, 254, 255, 255, 196, 223,
       232, 225, 177, 168, 252, 189, 95, 221, 253, 231, 190, 219, 126,
       44, 24, 246, 245, 69, 53, 129, 122, 98, 2, 163, 108, 250, 55, 45,
       27, 69, 63, 210, 120, 198, 231, 169, 252, 189, 83, 245, 253, 247,
       190, 91, 127, 60, 24, 190, 53, 204, 181, 133, 90, 194, 90, 243,
       124, 249, 55, 111, 27, 117, 102, 210, 217, 198, 249, 124, 184,
       252, 122, 169, 157, 89, 220, 163, 181, 164, 9, 127, 247, 74, 26,
       5, 242, 249, 92, 26, 75, 250, 49, 219, 251, 85, 125, 226, 132, 14,
       122, 99, 48, 164, 129, 205, 63, 176, 75, 127, 251, 240, 31, 136,
       152, 87, 238, 233, 141, 250, 181, 157, 247, 215, 192, 29, 88, 219,
       127, 201, 77, 123, 134, 45, 115, 96, 5, 117, 31, 231, 184, 105,
       236, 118, 76, 219, 72, 155, 180, 148, 76, 68, 110, 205, 176, 121,
       12, 102, 125, 37, 4, 74, 191, 90, 197, 215, 223, 127, 207, 166, 6,
       111, 240, 53, 200, 87, 230, 125, 119, 177, 229, 118, 245, 61, 238,
       241, 153, 45, 236, 178, 234, 239, 128, 45, 179, 161, 49, 2, 46,
       38, 156, 67, 144, 188, 102, 188, 7, 94, 179, 172, 142, 38, 196,
       238, 59, 163, 129, 102, 221, 130, 255, 54, 54, 154, 139, 5, 84,
       189, 206, 33, 205, 8, 219, 85, 197, 67, 238, 86, 65, 108, 2, 178,
       241, 48, 96, 217, 42, 18, 76, 91, 186, 114, 191, 109, 159, 144,
       72, 24, 8, 240, 170, 252, 173, 120, 96, 217, 239, 87, 251, 179,
       166, 172, 25, 19, 247, 67, 16, 25, 254, 201, 56, 120, 107, 210,
       30, 251, 207, 5, 125, 225, 248, 198, 130, 72, 190, 190, 242, 168,
       252, 121, 31, 191, 191, 191, 125, 191, 235, 194, 90, 135, 183,
       239, 144, 62, 75, 203, 211, 222, 255, 127, 221, 202, 192, 239, 27,
       44, 109, 225, 199, 93, 79, 231, 248, 87, 164, 252, 10, 114, 121,
       17, 4, 120, 220, 119, 107, 200, 242, 217, 254, 117, 30, 129, 48,
       103, 251, 86, 162, 248, 60, 158, 188, 141, 255, 148, 70, 190, 182,
       160, 25, 158, 190, 39, 219, 233, 247, 239, 129, 44, 79, 82, 218,
       243, 227, 79, 59, 208, 121, 47, 146, 236, 180, 188, 118, 137, 108,
       85, 159, 51, 183, 164, 25, 215, 119, 75, 27, 145, 214, 105, 24,
       58, 70, 251, 34, 235, 183, 85, 125, 128, 240, 198, 114, 159, 172,
       231, 185, 172, 190, 236, 223, 254, 211, 242, 214, 253, 238, 84,
       239, 239, 103, 127, 159, 183, 237, 127, 241, 141, 250, 223, 212,
       142, 196, 227, 252, 149, 107, 251, 39, 38, 10, 111, 188, 112, 238,
       115, 236, 247, 97, 153, 19, 54, 108, 124, 111, 233, 244, 237, 42,
       228, 171, 101, 148, 108, 251, 195, 233, 59, 237, 107, 205, 245,
       221, 111, 254, 83, 236, 252, 10, 43, 253, 183, 180, 94, 250, 151,
       202, 203, 186, 252, 255, 55, 221, 133, 169, 119, 222, 126, 236,
       51, 237, 107, 206, 213, 215, 255, 254, 87, 236, 252, 10, 59, 252,
       183, 48, 120, 234, 22, 238, 207, 187, 236, 255, 127, 93, 167, 169,
       119, 255, 118, 220, 92, 53, 184, 246, 137, 108, 81, 11, 178, 183,
       173, 25, 151, 247, 75, 26, 129, 215, 105, 16, 58, 75, 218, 34,
       219, 199, 85, 121, 128, 65, 142, 66, 23, 135, 42, 190, 148, 132,
       190, 232, 190, 4, 91, 135, 229, 232, 59, 64, 250, 107, 59, 231,
       246, 179, 30, 255, 248, 39, 143, 73, 29, 47, 57, 210, 124, 48,
       184, 114, 41, 253, 81, 218, 235, 253, 165, 29, 159, 223, 67, 58,
       141, 153, 221, 16, 10, 111, 250, 146, 219, 221, 21, 127, 194, 5,
       70, 115, 49, 135, 106, 169, 180, 159, 234, 115, 68, 73, 127, 231,
       19, 8, 190, 96, 120, 138, 22, 253, 159, 184, 69, 157, 126, 13,
       162, 192, 125, 142, 248, 133, 2, 171, 150, 152, 251, 225, 180,
       231, 158, 21, 88, 187, 172, 190, 100, 136, 235, 59, 235, 145, 54,
       75, 130, 247, 29, 22, 30, 107, 144, 76, 173, 207, 109, 149, 85,
       67, 185, 79, 71, 189, 111, 113, 43, 88, 211, 113, 136, 247, 17,
       212, 104, 106, 249, 48, 121, 21, 45, 154, 69, 116, 210, 139, 194,
