%YAML:1.0
---
descriptors: !!opencv-matrix
   rows: 181
   cols: 32
   dt: u
   data: [ 29, 23, 111, 192, 214, 178, 107, 115, 245, 192, 207, 134, 89,
       231, 52, 228, 126, 162, 27, 188, 185, 147, 52, 222, 219, 239, 139,
       64, 191, 227, 112, 112, 74, 28, 183, 119, 169, 126, 180, 23, 236,
       251, 142, 17, 252, 191, 7, 235, 161, 119, 249, 0, 49, 201, 179,
       192, 195, 251, 86, 19, 130, 116, 133, 122, 188, 75, 118, 109, 69,
       22, 126, 112, 101, 140, 247, 2, 123, 27, 49, 209, 122, 244, 207,
       234, 232, 179, 1, 172, 247, 233, 226, 1, 103, 183, 110, 130, 62,
       205, 224, 231, 247, 82, 254, 178, 123, 133, 126, 131, 105, 127,
       149, 244, 255, 239, 181, 219, 202, 186, 253, 239, 47, 253, 143,
       199, 231, 247, 246, 135, 201, 79, 122, 244, 52, 136, 105, 182,
       253, 200, 54, 100, 191, 139, 177, 113, 198, 35, 127, 76, 161, 157,
       32, 254, 238, 251, 186, 128, 14, 144, 81, 41, 86, 138, 140, 190,
       170, 48, 30, 140, 138, 247, 152, 247, 69, 238, 223, 75, 133, 199,
       237, 215, 156, 65, 239, 50, 186, 99, 239, 191, 148, 119, 188, 85,
       196, 216, 148, 155, 109, 125, 188, 140, 190, 55, 147, 19, 204,
       254, 107, 203, 227, 197, 238, 194, 100, 101, 219, 243, 149, 50,
       223, 63, 148, 125, 5, 70, 53, 15, 79, 250, 22, 163, 75, 114, 212,
       0, 219, 230, 113, 227, 177, 96, 122, 162, 31, 190, 185, 139, 46,
       190, 208, 174, 170, 200, 189, 203, 112, 32, 246, 116, 180, 246,
       45, 52, 92, 154, 155, 250, 149, 185, 78, 253, 95, 123, 199, 213,
       253, 3, 172, 71, 235, 226, 147, 122, 217, 191, 134, 253, 30, 87,
       39, 187, 136, 147, 172, 149, 238, 220, 79, 249, 89, 71, 160, 232,
       127, 168, 221, 75, 22, 87, 151, 58, 206, 240, 46, 29, 191, 239,
       221, 95, 217, 157, 66, 48, 144, 152, 201, 165, 176, 78, 143, 53,
       128, 15, 140, 154, 103, 78, 201, 43, 235, 17, 22, 3, 210, 208,
       157, 20, 154, 127, 146, 93, 13, 206, 137, 240, 55, 190, 53, 143,
       245, 117, 255, 127, 227, 29, 254, 216, 42, 17, 161, 41, 74, 5,
       230, 237, 26, 223, 249, 250, 84, 114, 82, 12, 195, 75, 63, 37,
       107, 232, 159, 247, 201, 75, 213, 193, 204, 2, 17, 139, 51, 104,
       120, 168, 19, 188, 26, 171, 52, 206, 219, 205, 130, 73, 183, 200,
       112, 226, 5, 143, 75, 251, 180, 162, 107, 51, 92, 73, 91, 230,
       243, 99, 176, 96, 91, 170, 30, 156, 187, 152, 101, 63, 236, 174,
       170, 192, 156, 202, 240, 41, 58, 15, 91, 236, 82, 226, 95, 99,
       149, 4, 253, 163, 105, 239, 160, 81, 126, 187, 135, 160, 120, 139,
       36, 223, 114, 229, 170, 137, 55, 230, 38, 227, 51, 141, 106, 94,
       93, 213, 194, 230, 214, 0, 216, 2, 48, 248, 53, 32, 120, 250, 18,
       193, 174, 171, 62, 191, 115, 13, 130, 57, 85, 11, 112, 174, 90,
       185, 191, 118, 171, 248, 21, 135, 171, 215, 142, 49, 238, 255, 68,
       126, 163, 119, 253, 17, 20, 73, 179, 224, 219, 247, 94, 91, 130,
       84, 165, 126, 22, 95, 110, 184, 198, 166, 175, 118, 149, 196, 222,
       231, 41, 207, 183, 65, 126, 171, 179, 199, 192, 155, 22, 236, 114,
       97, 206, 137, 61, 253, 53, 217, 56, 77, 82, 172, 61, 198, 82, 248,
       133, 36, 250, 3, 107, 210, 35, 213, 248, 172, 142, 98, 108, 179,
       17, 189, 179, 249, 130, 19, 49, 159, 124, 78, 188, 1, 86, 109, 69,
       6, 126, 112, 101, 134, 247, 3, 75, 75, 51, 219, 248, 180, 238,
       226, 108, 183, 17, 136, 211, 235, 226, 1, 99, 187, 110, 130, 91,
       29, 191, 244, 243, 158, 191, 87, 189, 202, 118, 70, 60, 191, 37,
       116, 166, 127, 151, 69, 177, 153, 48, 234, 243, 255, 110, 130,
       138, 117, 33, 123, 139, 207, 135, 158, 180, 188, 238, 183, 253,
       75, 90, 114, 252, 248, 180, 237, 166, 107, 62, 15, 247, 189, 6,
       239, 166, 127, 122, 128, 142, 221, 249, 13, 30, 149, 122, 236,
       243, 242, 26, 113, 57, 76, 255, 167, 78, 255, 42, 213, 254, 185,
       151, 161, 188, 187, 48, 206, 187, 245, 2, 199, 127, 166, 169, 215,
       34, 36, 100, 28, 79, 245, 152, 107, 203, 119, 184, 139, 40, 156,
       54, 151, 174, 131, 211, 37, 198, 107, 22, 217, 19, 24, 88, 187,
       87, 76, 127, 223, 117, 38, 140, 36, 137, 63, 78, 154, 18, 234,
       168, 93, 199, 32, 91, 155, 149, 196, 236, 55, 172, 67, 217, 26,
       186, 243, 69, 61, 200, 125, 218, 84, 38, 199, 107, 207, 246, 19,
       255, 248, 20, 174, 127, 163, 81, 103, 191, 64, 127, 92, 151, 238,
       224, 144, 109, 254, 110, 47, 175, 133, 53, 251, 244, 241, 118,
       185, 233, 200, 223, 97, 222, 202, 19, 245, 152, 139, 1, 173, 85,
       2, 121, 223, 177, 209, 27, 107, 253, 242, 123, 68, 141, 255, 181,
       109, 246, 114, 247, 148, 236, 183, 138, 54, 157, 168, 150, 246,
       134, 151, 241, 108, 95, 43, 77, 199, 121, 231, 253, 197, 255, 42,
       236, 99, 223, 149, 141, 125, 157, 86, 10, 157, 48, 159, 117, 211,
       190, 169, 31, 79, 87, 3, 236, 126, 54, 193, 209, 59, 179, 129,
       118, 152, 123, 255, 47, 119, 218, 195, 22, 12, 61, 223, 175, 120,
       226, 191, 109, 116, 190, 64, 24, 206, 81, 135, 168, 220, 119, 139,
       220, 105, 179, 199, 198, 214, 222, 235, 5, 123, 218, 171, 7, 127,
       127, 215, 174, 29, 50, 159, 213, 215, 190, 99, 31, 196, 93, 19,
       236, 252, 54, 68, 254, 59, 147, 131, 102, 186, 122, 255, 39, 119,
       143, 11, 23, 78, 189, 222, 103, 30, 172, 181, 172, 15, 141, 63,
       22, 246, 134, 149, 241, 108, 83, 10, 77, 231, 121, 167, 237, 197,
       255, 42, 204, 39, 255, 148, 140, 248, 153, 88, 39, 133, 145, 186,
       253, 173, 200, 75, 95, 49, 185, 24, 134, 234, 124, 12, 217, 139,
       91, 28, 30, 43, 91, 211, 143, 220, 147, 126, 208, 74, 208, 134,
       83, 92, 127, 252, 98, 224, 183, 118, 173, 194, 90, 102, 60, 223,
       161, 96, 166, 123, 191, 67, 193, 137, 34, 239, 242, 245, 42, 138,
       44, 81, 33, 187, 6, 12, 58, 155, 20, 247, 178, 66, 30, 1, 88, 3,
       244, 220, 49, 64, 217, 59, 19, 17, 38, 184, 88, 255, 173, 39, 138,
       67, 156, 75, 61, 158, 150, 237, 118, 247, 189, 198, 222, 168, 249,
       180, 179, 131, 239, 111, 23, 131, 238, 245, 253, 227, 232, 225,
       93, 237, 171, 250, 207, 23, 103, 183, 111, 6, 26, 141, 118, 254,
       93, 147, 254, 99, 159, 0, 205, 3, 236, 235, 54, 196, 250, 251,
       171, 195, 122, 171, 26, 255, 243, 247, 138, 11, 22, 110, 185, 138,
       164, 244, 94, 115, 96, 202, 125, 48, 169, 242, 39, 49, 117, 87,
       10, 19, 35, 228, 93, 106, 96, 213, 89, 108, 231, 171, 101, 1, 40,
       147, 234, 195, 244, 231, 12, 37, 152, 31, 86, 168, 36, 166, 168,
       205, 195, 106, 91, 19, 152, 196, 76, 100, 108, 82, 193, 28, 226,
       193, 165, 53, 72, 249, 218, 2, 80, 249, 187, 240, 139, 221, 21,
       103, 255, 23, 164, 24, 190, 191, 32, 112, 163, 179, 217, 0, 82,
       75, 50, 113, 243, 211, 86, 59, 192, 80, 143, 123, 186, 205, 230,
       255, 149, 212, 126, 239, 87, 29, 255, 19, 107, 255, 126, 228, 249,
       207, 183, 154, 94, 124, 59, 247, 251, 255, 151, 199, 115, 78, 252,
       78, 147, 205, 79, 190, 18, 132, 42, 230, 148, 64, 192, 131, 61,
       231, 49, 64, 110, 251, 27, 205, 235, 143, 22, 255, 241, 46, 154,
       8, 53, 129, 49, 184, 4, 206, 246, 91, 244, 167, 175, 150, 255, 27,
       119, 80, 248, 243, 253, 111, 67, 114, 34, 90, 178, 252, 11, 243,
       108, 30, 86, 70, 218, 243, 225, 173, 199, 244, 183, 158, 63, 244,
       169, 138, 223, 219, 88, 82, 236, 254, 253, 239, 183, 127, 58, 149,
       231, 69, 190, 243, 45, 58, 79, 238, 144, 118, 33, 229, 1, 188,
       155, 251, 176, 175, 179, 211, 94, 73, 120, 68, 180, 215, 33, 32,
       189, 59, 22, 24, 179, 184, 56, 127, 237, 142, 50, 32, 216, 74, 33,
       187, 30, 255, 113, 227, 182, 155, 255, 253, 93, 232, 124, 231,
       223, 125, 184, 37, 127, 251, 151, 239, 241, 184, 40, 221, 238,
       219, 231, 196, 127, 174, 226, 241, 189, 197, 78, 109, 20, 31, 198,
       248, 84, 224, 254, 78, 83, 72, 185, 225, 120, 196, 30, 239, 237,
       179, 77, 31, 242, 239, 165, 20, 125, 186, 120, 12, 245, 39, 101,
       71, 222, 27, 199, 249, 80, 226, 187, 206, 83, 104, 157, 167, 120,
