%YAML:1.0
---
descriptors: !!opencv-matrix
   rows: 197
   cols: 32
   dt: u
   data: [ 170, 190, 227, 66, 245, 189, 250, 223, 91, 233, 116, 127, 59,
       220, 214, 48, 223, 250, 151, 21, 187, 122, 252, 243, 127, 93, 181,
       234, 207, 204, 214, 255, 88, 185, 26, 120, 123, 205, 81, 254, 163,
       29, 172, 25, 62, 223, 98, 16, 167, 147, 77, 64, 2, 43, 146, 117,
       251, 217, 48, 123, 98, 128, 167, 155, 41, 200, 96, 79, 124, 27,
       202, 184, 87, 96, 240, 204, 243, 72, 157, 180, 88, 204, 86, 238,
       205, 38, 93, 63, 38, 126, 161, 60, 127, 175, 90, 132, 86, 49, 82,
       174, 121, 79, 90, 104, 173, 12, 177, 8, 206, 210, 41, 80, 254,
       145, 207, 226, 76, 3, 90, 204, 145, 176, 10, 63, 16, 34, 47, 3,
       41, 173, 27, 101, 112, 175, 119, 183, 109, 0, 110, 12, 127, 51, 0,
       113, 181, 174, 68, 46, 209, 184, 57, 61, 239, 255, 97, 64, 74,
       194, 194, 168, 220, 20, 190, 247, 168, 126, 124, 16, 185, 254,
       151, 49, 223, 63, 67, 251, 167, 117, 253, 170, 164, 197, 187, 194,
       195, 251, 123, 145, 166, 245, 45, 83, 40, 117, 57, 103, 52, 79,
       119, 48, 36, 232, 111, 9, 247, 23, 9, 48, 144, 220, 85, 106, 73,
       176, 81, 14, 231, 221, 36, 16, 72, 186, 70, 178, 103, 226, 140, 1,
       188, 27, 200, 136, 75, 185, 150, 221, 194, 40, 222, 175, 77, 68,
       236, 125, 158, 69, 207, 144, 14, 88, 205, 253, 142, 172, 216, 4,
       84, 11, 223, 237, 170, 98, 21, 6, 36, 39, 226, 179, 211, 39, 0,
       91, 96, 214, 108, 66, 56, 137, 225, 32, 209, 227, 246, 17, 160,
       249, 228, 42, 233, 105, 252, 101, 172, 14, 199, 61, 65, 236, 60,
       8, 211, 57, 215, 51, 0, 244, 116, 106, 201, 112, 249, 8, 103, 153,
       101, 52, 64, 250, 86, 41, 49, 31, 106, 109, 150, 35, 231, 127, 84,
       32, 250, 102, 83, 104, 182, 96, 120, 206, 6, 238, 157, 187, 21,
       62, 248, 175, 166, 0, 125, 234, 240, 136, 194, 154, 191, 147, 233,
       248, 189, 135, 190, 223, 22, 177, 204, 182, 70, 207, 167, 119,
       251, 145, 48, 221, 171, 226, 13, 54, 94, 195, 128, 84, 133, 127,
       215, 86, 229, 149, 206, 50, 141, 184, 82, 246, 158, 246, 209, 108,
       223, 111, 127, 196, 122, 175, 229, 87, 239, 192, 44, 42, 255, 148,
       189, 255, 112, 245, 6, 4, 237, 177, 195, 102, 189, 15, 58, 247,
       10, 147, 204, 46, 95, 75, 231, 87, 187, 149, 52, 220, 245, 192,
       79, 50, 222, 199, 132, 116, 165, 214, 41, 37, 99, 77, 84, 31, 227,
       112, 97, 32, 121, 78, 83, 33, 181, 180, 120, 204, 6, 236, 137,
       178, 117, 204, 55, 172, 160, 0, 103, 171, 114, 164, 158, 225, 103,
       154, 191, 211, 190, 200, 159, 94, 145, 179, 73, 206, 191, 175,
       126, 217, 223, 247, 231, 199, 46, 255, 50, 73, 239, 207, 87, 191,
       189, 213, 55, 173, 66, 10, 222, 147, 198, 248, 198, 224, 248, 231,
       99, 200, 191, 160, 90, 234, 22, 255, 207, 163, 12, 189, 56, 12,
       165, 180, 125, 191, 120, 132, 125, 174, 225, 198, 254, 19, 79,
       250, 81, 234, 189, 238, 123, 104, 150, 180, 127, 228, 86, 238,
       237, 251, 237, 174, 58, 79, 165, 180, 111, 255, 122, 93, 72, 249,
       253, 81, 106, 208, 49, 182, 174, 117, 38, 160, 188, 151, 194, 114,
       39, 90, 226, 208, 83, 88, 163, 117, 111, 129, 54, 97, 34, 128,
       135, 251, 158, 23, 236, 167, 142, 83, 158, 248, 208, 254, 151,
       247, 73, 108, 151, 131, 127, 199, 253, 231, 236, 231, 109, 172,
       250, 235, 239, 181, 101, 255, 127, 215, 102, 19, 27, 232, 56, 69,
       91, 88, 168, 72, 181, 173, 87, 151, 40, 16, 150, 17, 93, 114, 3,
       3, 26, 4, 209, 177, 40, 252, 16, 131, 39, 115, 191, 205, 99, 74,
       255, 81, 222, 233, 131, 218, 252, 171, 105, 236, 255, 181, 127,
       203, 151, 255, 253, 35, 46, 250, 58, 72, 175, 175, 247, 255, 254,
       213, 120, 201, 124, 76, 29, 221, 83, 244, 197, 12, 188, 8, 59, 85,
       35, 116, 72, 240, 76, 106, 74, 43, 96, 61, 115, 249, 33, 25, 115,
       154, 84, 106, 249, 104, 121, 100, 52, 11, 74, 80, 97, 160, 176,
       104, 51, 9, 209, 48, 14, 236, 84, 110, 200, 54, 196, 8, 242, 217,
       37, 56, 103, 185, 82, 40, 65, 35, 1, 1, 96, 141, 168, 16, 108,
       104, 83, 204, 149, 2, 147, 224, 38, 8, 106, 78, 195, 144, 69, 81,
       4, 8, 34, 128, 8, 131, 1, 145, 84, 161, 9, 247, 56, 192, 123, 136,
       170, 145, 0, 128, 181, 215, 64, 114, 35, 245, 125, 204, 10, 64,
       234, 125, 205, 225, 175, 169, 36, 163, 23, 32, 108, 113, 25, 229,
       40, 79, 87, 184, 35, 104, 173, 8, 215, 55, 73, 48, 144, 212, 92,
       106, 73, 66, 249, 30, 229, 213, 1, 52, 0, 179, 70, 34, 45, 62,
       250, 119, 100, 62, 119, 114, 113, 234, 117, 92, 115, 57, 19, 57,
       29, 238, 20, 46, 169, 244, 240, 10, 71, 203, 113, 160, 106, 249,
       74, 177, 248, 13, 2, 254, 21, 231, 86, 101, 149, 6, 239, 19, 123,
       243, 42, 208, 216, 162, 136, 42, 108, 171, 88, 175, 243, 239, 128,
       9, 50, 110, 244, 10, 67, 72, 197, 149, 44, 30, 172, 6, 233, 242,
       130, 204, 177, 4, 213, 239, 6, 100, 120, 79, 197, 204, 247, 232,
       132, 58, 222, 16, 12, 188, 17, 92, 70, 209, 173, 186, 206, 100,
       190, 140, 142, 243, 139, 159, 212, 238, 123, 74, 213, 87, 251,
       215, 147, 67, 155, 240, 29, 22, 223, 254, 156, 127, 177, 114, 148,
       152, 254, 190, 130, 224, 53, 230, 190, 23, 98, 179, 117, 255, 32,
       90, 163, 243, 161, 145, 50, 203, 139, 97, 217, 227, 126, 75, 161,
       80, 165, 11, 234, 170, 172, 155, 172, 157, 217, 142, 14, 61, 148,
       157, 161, 13, 86, 131, 205, 66, 255, 21, 158, 76, 207, 183, 206,
       81, 189, 253, 22, 140, 222, 74, 119, 162, 168, 1, 172, 25, 200,
       136, 218, 188, 151, 173, 195, 136, 214, 10, 129, 68, 109, 23, 238,
       69, 205, 146, 154, 17, 173, 253, 132, 172, 94, 68, 109, 150, 233,
       193, 236, 11, 239, 251, 95, 250, 180, 254, 223, 45, 211, 107, 127,
       196, 127, 175, 177, 127, 109, 210, 254, 95, 231, 244, 190, 232,
       209, 241, 5, 179, 105, 107, 252, 177, 235, 248, 70, 73, 249, 230,
       145, 200, 253, 32, 126, 136, 23, 251, 159, 58, 110, 244, 94, 28,
       162, 236, 253, 139, 112, 213, 109, 115, 241, 198, 229, 29, 79,
       220, 75, 232, 188, 78, 26, 233, 221, 54, 92, 220, 87, 74, 193, 35,
       232, 224, 119, 221, 165, 188, 203, 251, 82, 181, 208, 34, 56, 96,
       40, 12, 89, 88, 166, 61, 166, 88, 151, 151, 64, 122, 134, 21, 125,
       8, 10, 71, 163, 17, 209, 137, 41, 184, 0, 128, 39, 35, 112, 32,
       189, 101, 13, 95, 65, 16, 101, 161, 175, 8, 211, 49, 16, 246, 8,
       212, 120, 8, 9, 224, 241, 1, 195, 251, 65, 16, 66, 170, 82, 32,
       150, 190, 227, 150, 214, 114, 175, 255, 176, 198, 92, 247, 104,
       236, 255, 165, 127, 251, 147, 167, 245, 215, 44, 239, 56, 6, 239,
       143, 167, 244, 191, 245, 88, 113, 120, 69, 83, 90, 54, 40, 49,
       132, 110, 168, 91, 55, 6, 176, 54, 221, 225, 226, 68, 208, 229,
       78, 119, 229, 5, 3, 99, 182, 15, 34, 17, 141, 74, 237, 22, 10,
       239, 117, 100, 96, 250, 102, 115, 33, 178, 96, 122, 230, 28, 239,
       217, 185, 5, 15, 240, 173, 166, 192, 125, 170, 240, 8, 94, 24,
       190, 241, 167, 234, 53, 23, 171, 191, 22, 51, 156, 191, 67, 75,
       167, 119, 253, 17, 16, 221, 177, 192, 223, 243, 127, 195, 166, 96,
       133, 115, 86, 96, 26, 190, 43, 193, 22, 104, 191, 148, 161, 41,
       110, 222, 32, 80, 254, 177, 239, 195, 74, 3, 138, 249, 177, 209,
       11, 59, 16, 51, 39, 83, 191, 6, 82, 154, 119, 177, 94, 104, 21, 2,
       241, 255, 104, 202, 174, 221, 123, 138, 134, 174, 46, 167, 12,
       255, 50, 91, 192, 139, 63, 223, 120, 132, 172, 109, 102, 90, 206,
       51, 207, 248, 215, 150, 52, 154, 91, 105, 189, 143, 123, 200, 19,
       250, 232, 103, 62, 190, 122, 203, 229, 44, 247, 255, 242, 160,
       236, 111, 16, 101, 245, 15, 94, 186, 123, 170, 48, 93, 239, 107,
       11, 145, 151, 196, 204, 110, 236, 112, 193, 190, 230, 221, 37,
       181, 74, 253, 202, 1, 59, 71, 236, 71, 54, 18, 239, 60, 80, 238,
       247, 239, 81, 44, 159, 163, 126, 228, 253, 239, 173, 247, 109,
       158, 62, 111, 229, 144, 111, 174, 90, 213, 123, 231, 237, 78, 118,
