%YAML:1.0
---
descriptors: !!opencv-matrix
   rows: 120
   cols: 32
   dt: u
   data: [ 25, 188, 63, 127, 113, 175, 123, 119, 109, 72, 104, 13, 255,
       63, 0, 49, 183, 51, 85, 44, 145, 184, 49, 61, 239, 223, 112, 64,
       106, 130, 195, 251, 31, 157, 252, 247, 183, 242, 126, 183, 91, 95,
       55, 179, 249, 127, 159, 45, 55, 211, 149, 223, 254, 248, 45, 239,
       111, 223, 245, 199, 247, 247, 204, 95, 15, 157, 252, 119, 179,
       214, 31, 184, 147, 223, 95, 181, 253, 253, 222, 175, 23, 123, 181,
       94, 247, 92, 191, 191, 111, 223, 125, 199, 182, 246, 141, 125, 40,
       253, 57, 126, 217, 253, 23, 172, 159, 87, 172, 8, 254, 255, 75,
       48, 129, 91, 249, 66, 99, 107, 250, 55, 235, 223, 20, 123, 82, 91,
       134, 123, 2, 207, 26, 29, 242, 155, 50, 239, 63, 1, 74, 177, 164,
       226, 42, 84, 243, 11, 162, 1, 118, 152, 1, 127, 44, 54, 30, 67,
       24, 16, 169, 14, 205, 113, 21, 71, 1, 78, 86, 56, 104, 224, 35,
       72, 223, 23, 9, 115, 146, 84, 104, 106, 97, 212, 217, 76, 165,
       184, 69, 4, 72, 51, 67, 50, 40, 176, 249, 112, 136, 237, 85, 31,
       98, 53, 44, 24, 179, 21, 72, 58, 1, 18, 96, 16, 26, 104, 242, 17,
       233, 149, 20, 121, 192, 72, 198, 42, 60, 113, 114, 224, 61, 221,
       82, 72, 203, 161, 188, 8, 30, 153, 101, 178, 168, 145, 221, 80,
       75, 35, 146, 144, 219, 217, 5, 123, 107, 27, 70, 178, 63, 169,
       160, 92, 221, 213, 210, 206, 195, 241, 172, 10, 42, 152, 118, 166,
       233, 234, 242, 209, 31, 107, 242, 177, 59, 221, 133, 123, 243, 12,
       122, 142, 249, 189, 240, 102, 183, 127, 215, 191, 81, 174, 188,
       58, 107, 125, 219, 166, 59, 214, 196, 40, 252, 107, 188, 174, 251,
       223, 69, 55, 103, 252, 206, 111, 72, 24, 147, 187, 161, 236, 120,
       23, 185, 11, 67, 80, 158, 183, 64, 218, 197, 63, 125, 17, 49, 220,
       144, 194, 141, 244, 58, 66, 136, 64, 161, 51, 60, 44, 180, 240,
       157, 173, 80, 202, 219, 177, 173, 24, 142, 185, 65, 27, 137, 200,
       69, 24, 58, 99, 218, 144, 219, 217, 21, 127, 194, 89, 90, 162, 60,
       241, 88, 226, 89, 205, 82, 220, 7, 164, 172, 9, 27, 159, 65, 16,
       216, 145, 221, 208, 10, 35, 88, 148, 251, 221, 133, 125, 243, 139,
       70, 178, 252, 165, 156, 118, 157, 95, 86, 185, 211, 190, 173, 8,
       195, 241, 75, 31, 153, 214, 104, 122, 122, 99, 251, 59, 251, 210,
       69, 63, 194, 251, 78, 10, 212, 125, 23, 247, 146, 238, 7, 182,
       180, 162, 170, 64, 215, 51, 1, 115, 35, 247, 104, 106, 105, 201,
       25, 46, 249, 226, 71, 16, 168, 115, 33, 42, 212, 209, 21, 229,
       168, 74, 71, 184, 117, 178, 35, 40, 215, 115, 9, 123, 19, 212,
       124, 106, 105, 84, 217, 12, 205, 234, 101, 20, 32, 243, 68, 35,
       109, 65, 181, 103, 37, 78, 103, 48, 117, 162, 239, 8, 211, 117,
       25, 246, 24, 68, 125, 110, 8, 240, 121, 168, 231, 250, 69, 16, 66,
       251, 84, 98, 88, 220, 191, 119, 32, 236, 113, 182, 252, 31, 163,
       17, 247, 63, 8, 123, 163, 247, 109, 16, 42, 237, 187, 39, 193,
       231, 114, 81, 224, 65, 5, 43, 217, 176, 23, 176, 41, 173, 81, 74,
       235, 91, 160, 28, 158, 146, 64, 251, 133, 129, 108, 20, 31, 79,
       178, 209, 153, 216, 82, 122, 74, 0, 3, 71, 101, 48, 188, 212, 141,
       37, 149, 158, 203, 187, 150, 92, 210, 248, 93, 111, 201, 86, 124,
       27, 137, 103, 251, 160, 217, 154, 215, 62, 200, 121, 80, 39, 16,
       141, 18, 158, 150, 163, 166, 231, 150, 1, 88, 66, 100, 234, 32,
       192, 121, 106, 10, 192, 19, 185, 8, 255, 184, 166, 134, 64, 188,
       90, 176, 136, 77, 52, 189, 227, 160, 110, 121, 152, 58, 251, 55,
       92, 223, 119, 73, 59, 151, 87, 125, 56, 179, 84, 249, 66, 207,
       223, 101, 244, 136, 243, 135, 115, 109, 117, 18, 108, 29, 15, 71,
       56, 201, 224, 41, 76, 246, 241, 57, 180, 144, 100, 120, 110, 225,
       161, 218, 30, 225, 254, 69, 56, 90, 59, 83, 32, 54, 237, 43, 190,
       221, 213, 87, 232, 191, 196, 141, 10, 110, 246, 46, 52, 248, 251,
       219, 195, 122, 3, 58, 255, 185, 150, 143, 59, 16, 55, 246, 102,
       81, 157, 19, 108, 48, 14, 71, 55, 228, 8, 170, 64, 247, 51, 128,
       114, 48, 230, 124, 104, 89, 137, 177, 13, 241, 236, 32, 80, 40,
       162, 225, 41, 72, 12, 158, 245, 176, 172, 121, 23, 41, 139, 126,
       80, 191, 51, 128, 90, 166, 55, 61, 24, 16, 156, 129, 74, 199, 255,
       114, 128, 128, 192, 195, 43, 120, 249, 121, 120, 91, 205, 81, 246,
       231, 92, 172, 8, 62, 151, 64, 48, 161, 187, 85, 64, 74, 43, 50,
       117, 251, 253, 16, 126, 114, 0, 102, 235, 5, 113, 177, 65, 33, 77,
       97, 16, 105, 248, 119, 72, 146, 23, 204, 63, 140, 28, 86, 88, 131,
       240, 241, 64, 71, 152, 32, 100, 74, 130, 70, 177, 41, 172, 31,
       109, 85, 239, 115, 119, 101, 65, 110, 8, 127, 59, 0, 48, 185, 178,
       115, 12, 25, 184, 17, 63, 239, 223, 16, 64, 234, 138, 194, 170,
       112, 176, 187, 240, 40, 237, 81, 87, 170, 31, 160, 24, 151, 151,
       64, 123, 129, 147, 76, 0, 10, 111, 178, 17, 217, 193, 114, 120,
       192, 0, 135, 35, 193, 176, 156, 80, 138, 252, 33, 71, 234, 211,
       160, 88, 182, 178, 196, 127, 1, 55, 106, 24, 183, 79, 150, 66,
       156, 154, 86, 120, 200, 64, 139, 28, 118, 103, 232, 164, 156, 75,
       159, 136, 130, 228, 139, 171, 195, 236, 95, 18, 155, 237, 237,
       247, 76, 83, 236, 138, 248, 68, 141, 191, 165, 111, 22, 86, 100,
       117, 29, 103, 56, 79, 71, 184, 35, 168, 189, 8, 215, 119, 73, 48,
       152, 212, 124, 106, 73, 50, 233, 30, 231, 221, 37, 52, 80, 187,
       70, 163, 212, 204, 191, 190, 130, 192, 21, 172, 54, 23, 226, 179,
       245, 247, 40, 91, 99, 243, 45, 209, 122, 206, 11, 33, 217, 163,
       126, 201, 161, 115, 165, 123, 53, 109, 121, 74, 212, 79, 71, 253,
       83, 224, 109, 8, 19, 209, 121, 52, 88, 216, 2, 122, 203, 50, 120,
       62, 127, 140, 37, 108, 113, 187, 66, 168, 124, 37, 53, 103, 157,
       79, 71, 40, 116, 160, 239, 8, 211, 113, 9, 180, 216, 212, 104,
       106, 121, 176, 249, 12, 229, 251, 5, 20, 98, 59, 66, 34, 213, 85,
       61, 173, 60, 15, 79, 56, 68, 232, 155, 196, 215, 113, 153, 97, 22,
       196, 125, 111, 233, 164, 89, 30, 224, 175, 33, 148, 60, 171, 16,
       48, 2, 207, 26, 155, 86, 133, 182, 238, 30, 5, 72, 131, 164, 130,
       38, 64, 248, 59, 2, 192, 102, 152, 67, 255, 37, 54, 154, 3, 16,
       24, 169, 138, 122, 169, 184, 56, 93, 213, 208, 71, 203, 181, 172,
       11, 42, 152, 102, 6, 201, 186, 211, 17, 30, 107, 242, 145, 251,
       221, 21, 123, 83, 12, 254, 206, 45, 101, 65, 78, 93, 15, 71, 248,
       71, 192, 237, 76, 115, 193, 29, 180, 88, 228, 70, 110, 205, 35,
       95, 61, 49, 188, 5, 60, 123, 187, 90, 36, 109, 253, 153, 115, 248,
       15, 68, 159, 123, 185, 44, 76, 151, 179, 193, 58, 145, 94, 108,
       24, 91, 120, 217, 50, 237, 157, 53, 116, 202, 216, 194, 41, 88,
       249, 26, 248, 153, 205, 84, 230, 179, 21, 172, 25, 63, 215, 74,
       16, 161, 251, 205, 80, 78, 75, 154, 55, 251, 197, 21, 123, 50, 16,
       174, 10, 15, 184, 244, 127, 187, 214, 95, 184, 223, 253, 87, 165,
       253, 255, 222, 102, 23, 127, 181, 222, 198, 80, 191, 189, 79, 251,
       109, 239, 182, 167, 13, 117, 82, 187, 146, 190, 35, 196, 24, 71,
       171, 9, 232, 33, 174, 158, 100, 208, 166, 187, 141, 129, 86, 11,
       130, 241, 147, 244, 26, 187, 18, 4, 175, 15, 235, 48, 121, 105,
       122, 84, 89, 24, 41, 72, 117, 237, 153, 31, 150, 48, 14, 157, 85,
       237, 137, 6, 244, 212, 71, 249, 168, 172, 47, 130, 98, 241, 205,
       92, 191, 247, 164, 46, 127, 26, 56, 234, 119, 84, 215, 119, 193,
       123, 183, 117, 125, 122, 169, 212, 185, 42, 199, 251, 103, 128,
       168, 241, 99, 49, 232, 180, 189, 97, 171, 109, 49, 31, 59, 127,
       37, 56, 158, 55, 72, 59, 183, 23, 237, 48, 51, 124, 177, 19, 207,
       219, 84, 119, 194, 64, 135, 123, 35, 189, 51, 26, 253, 149, 254,
       230, 159, 217, 120, 77, 44, 254, 102, 180, 205, 107, 211, 69, 135,
       106, 122, 247, 63, 94, 21, 106, 90, 28, 242, 223, 221, 66, 93,
       247, 44, 26, 109, 184, 236, 250, 183, 240, 223, 115, 153, 251,
