%YAML:1.0
---
descriptors: !!opencv-matrix
   rows: 130
   cols: 32
   dt: u
   data: [ 34, 251, 90, 154, 91, 133, 126, 230, 171, 5, 168, 141, 44,
       143, 38, 20, 238, 187, 195, 192, 70, 11, 146, 247, 51, 20, 16,
       187, 81, 20, 174, 158, 3, 48, 101, 141, 124, 13, 233, 115, 204,
       235, 83, 215, 189, 152, 246, 103, 110, 168, 95, 141, 165, 188,
       119, 216, 4, 28, 186, 160, 60, 140, 121, 221, 42, 189, 122, 203,
       245, 215, 251, 119, 93, 13, 124, 2, 56, 157, 180, 4, 250, 186,
       151, 153, 210, 186, 48, 255, 127, 221, 134, 195, 87, 138, 246,
       139, 17, 205, 110, 236, 20, 6, 79, 252, 68, 72, 218, 70, 115, 99,
       176, 64, 120, 228, 29, 235, 233, 179, 33, 15, 240, 175, 162, 144,
       61, 186, 112, 40, 98, 190, 156, 184, 169, 173, 20, 143, 155, 55,
       136, 125, 166, 170, 66, 27, 197, 83, 237, 17, 30, 75, 218, 49,
       138, 211, 93, 127, 152, 80, 139, 27, 124, 241, 113, 104, 57, 79,
       83, 248, 39, 232, 185, 8, 223, 95, 73, 48, 221, 157, 93, 98, 75,
       35, 249, 157, 243, 221, 1, 62, 115, 171, 102, 51, 41, 61, 121,
       101, 116, 110, 111, 55, 113, 238, 126, 72, 243, 55, 144, 48, 22,
       254, 22, 42, 249, 248, 241, 14, 239, 255, 37, 0, 99, 234, 70, 248,
       198, 221, 191, 191, 170, 238, 182, 175, 190, 247, 74, 55, 244,
       254, 111, 75, 183, 119, 251, 83, 119, 93, 187, 127, 239, 167, 95,
       67, 144, 121, 133, 91, 190, 207, 194, 158, 247, 160, 174, 252,
       150, 2, 217, 247, 105, 234, 189, 196, 127, 235, 151, 247, 242,
       135, 14, 239, 48, 102, 174, 137, 191, 255, 248, 145, 5, 133, 150,
       87, 213, 63, 230, 167, 124, 131, 106, 16, 210, 97, 28, 186, 185,
       110, 98, 28, 49, 248, 25, 110, 47, 190, 84, 64, 200, 242, 195,
       136, 254, 48, 253, 208, 237, 125, 249, 91, 155, 255, 181, 63, 30,
       189, 94, 187, 175, 151, 255, 145, 187, 111, 250, 210, 223, 91,
       221, 255, 207, 77, 222, 243, 95, 177, 230, 101, 55, 82, 121, 56,
       103, 248, 87, 162, 217, 127, 159, 102, 54, 93, 253, 253, 132, 208,
       173, 204, 79, 251, 235, 133, 39, 166, 121, 245, 235, 180, 246,
       216, 253, 245, 152, 123, 155, 255, 156, 189, 12, 253, 254, 167,
       159, 59, 247, 53, 182, 107, 186, 211, 27, 95, 29, 255, 223, 236,
       15, 215, 250, 88, 111, 252, 15, 84, 93, 104, 169, 214, 182, 159,
       107, 159, 55, 95, 238, 245, 253, 230, 105, 103, 243, 201, 211,
       251, 194, 155, 39, 188, 118, 119, 72, 36, 188, 113, 169, 237, 53,
       7, 254, 27, 174, 16, 190, 187, 64, 58, 129, 23, 234, 24, 50, 109,
       179, 67, 207, 255, 86, 91, 194, 64, 143, 43, 181, 213, 105, 206,
       220, 7, 199, 253, 199, 66, 253, 78, 115, 245, 189, 101, 89, 202,
       22, 106, 249, 35, 126, 191, 123, 236, 165, 60, 125, 251, 240, 112,
       12, 119, 126, 103, 112, 14, 127, 176, 124, 238, 127, 100, 223, 59,
       131, 113, 182, 92, 71, 106, 160, 176, 41, 44, 231, 239, 97, 132,
       106, 243, 71, 243, 207, 114, 121, 71, 99, 95, 255, 152, 105, 254,
       55, 172, 223, 93, 223, 191, 22, 92, 245, 110, 229, 244, 253, 200,
       70, 89, 101, 180, 110, 183, 79, 245, 188, 45, 4, 20, 157, 127,
       198, 235, 86, 238, 184, 28, 67, 44, 83, 133, 89, 238, 196, 170,
       108, 114, 121, 62, 57, 66, 229, 53, 67, 125, 222, 214, 149, 205,
       234, 255, 222, 35, 231, 254, 86, 226, 220, 218, 241, 227, 233, 98,
       121, 202, 78, 238, 249, 103, 110, 255, 254, 207, 231, 44, 189,
       251, 240, 136, 134, 188, 255, 254, 252, 235, 255, 238, 255, 183,
       240, 24, 237, 235, 125, 75, 151, 127, 127, 51, 178, 79, 155, 255,
       175, 254, 223, 255, 148, 240, 199, 131, 150, 236, 247, 255, 254,
       171, 254, 239, 255, 179, 242, 210, 125, 235, 125, 75, 255, 239,
       127, 187, 235, 247, 207, 255, 190, 254, 223, 196, 165, 248, 225,
       137, 230, 174, 247, 255, 252, 171, 254, 238, 255, 179, 243, 218,
       237, 235, 92, 81, 255, 239, 127, 139, 186, 255, 207, 255, 190,
       254, 223, 244, 221, 249, 227, 137, 31, 207, 194, 148, 146, 178,
       238, 242, 181, 194, 222, 199, 121, 238, 183, 212, 127, 239, 55,
       207, 237, 219, 12, 238, 58, 111, 175, 128, 47, 245, 184, 93, 198,
       236, 255, 255, 252, 169, 238, 238, 255, 179, 242, 218, 253, 234,
       93, 75, 255, 239, 127, 139, 243, 251, 207, 255, 190, 254, 223,
       200, 132, 241, 225, 160, 164, 188, 222, 159, 205, 111, 230, 239,
       63, 155, 250, 26, 238, 250, 105, 81, 249, 239, 110, 131, 122, 255,
       219, 251, 189, 182, 223, 75, 149, 120, 229, 138, 31, 77, 99, 222,
       212, 150, 239, 244, 245, 192, 222, 198, 121, 236, 181, 100, 120,
       238, 23, 239, 233, 187, 60, 239, 56, 46, 175, 128, 55, 251, 240,
       228, 202, 156, 190, 186, 171, 102, 189, 239, 191, 95, 210, 19,
       204, 191, 98, 75, 231, 87, 187, 145, 48, 223, 179, 226, 223, 119,
       222, 199, 128, 84, 165, 91, 202, 188, 189, 247, 235, 236, 61, 199,
       191, 127, 190, 17, 188, 255, 72, 123, 167, 243, 255, 144, 50, 77,
       187, 243, 255, 215, 95, 235, 128, 80, 167, 123, 103, 0, 232, 88,
       231, 181, 185, 158, 91, 199, 92, 143, 8, 236, 255, 124, 119, 219,
       183, 157, 150, 26, 254, 210, 31, 95, 223, 239, 151, 223, 209, 245,
       212, 213, 222, 254, 186, 102, 127, 248, 176, 186, 191, 50, 89,
       103, 233, 91, 127, 214, 125, 250, 120, 199, 139, 110, 249, 171,
       231, 148, 165, 243, 164, 51, 10, 189, 186, 185, 245, 247, 182,
       239, 31, 205, 124, 35, 172, 190, 98, 64, 251, 123, 179, 209, 22,
       187, 154, 255, 255, 215, 159, 111, 145, 76, 175, 219, 10, 157,
       242, 155, 237, 249, 190, 231, 63, 95, 250, 51, 236, 254, 126, 196,
       239, 251, 191, 145, 214, 122, 219, 247, 63, 62, 222, 203, 151, 94,
       253, 223, 200, 249, 190, 243, 237, 220, 116, 167, 255, 191, 166,
       24, 190, 251, 64, 123, 129, 115, 251, 82, 114, 109, 219, 241, 239,
       251, 87, 123, 0, 24, 199, 11, 46, 191, 50, 140, 125, 219, 191,
       224, 191, 172, 254, 43, 236, 254, 103, 84, 250, 255, 203, 227, 96,
       179, 232, 222, 55, 52, 143, 47, 87, 126, 37, 207, 214, 198, 142,
       190, 154, 2, 30, 172, 148, 150, 194, 167, 199, 111, 43, 67, 243,
       231, 253, 167, 124, 193, 11, 46, 248, 227, 239, 149, 164, 120, 52,
       90, 219, 112, 244, 101, 39, 82, 121, 28, 127, 252, 87, 178, 73,
       31, 150, 119, 182, 149, 253, 237, 204, 212, 165, 204, 199, 251,
       251, 135, 39, 132, 125, 95, 228, 172, 156, 247, 172, 238, 81, 170,
       254, 187, 163, 24, 247, 251, 89, 91, 201, 102, 104, 26, 58, 236,
       219, 35, 205, 171, 245, 81, 192, 105, 82, 2, 207, 222, 229, 21,
       184, 62, 43, 190, 63, 250, 22, 244, 223, 38, 211, 255, 23, 69,
       124, 252, 165, 212, 253, 110, 174, 123, 109, 196, 142, 245, 1, 85,
       193, 126, 149, 49, 168, 47, 60, 23, 62, 250, 146, 253, 207, 7,
       193, 219, 135, 125, 108, 22, 225, 212, 205, 122, 172, 210, 127,
       176, 10, 240, 131, 25, 125, 249, 153, 231, 24, 15, 95, 152, 35,
       168, 169, 76, 215, 83, 73, 178, 157, 220, 125, 122, 73, 114, 217,
       24, 251, 221, 37, 52, 234, 179, 66, 51, 124, 117, 229, 102, 207,
       75, 87, 232, 3, 228, 168, 139, 91, 125, 95, 18, 153, 212, 249, 99,
       76, 99, 251, 56, 123, 199, 69, 63, 247, 127, 86, 114, 124, 181,
       232, 77, 153, 123, 87, 251, 99, 230, 172, 141, 83, 101, 11, 48,
       89, 196, 232, 110, 76, 243, 253, 14, 251, 231, 5, 53, 99, 252, 78,
       114, 34, 189, 18, 170, 247, 253, 186, 71, 63, 13, 120, 171, 172,
       222, 106, 80, 255, 187, 151, 145, 22, 26, 144, 247, 189, 85, 154,
       235, 145, 14, 175, 223, 10, 188, 164, 217, 237, 253, 184, 143,
       175, 223, 92, 19, 172, 254, 86, 239, 239, 59, 251, 149, 150, 124,
       242, 209, 15, 26, 223, 239, 146, 68, 173, 223, 208, 93, 14, 237,
       36, 70, 79, 48, 228, 136, 214, 2, 243, 51, 49, 99, 104, 228, 61,
       234, 105, 129, 113, 44, 241, 235, 234, 144, 36, 187, 116, 42, 95,
       112, 242, 101, 103, 95, 255, 216, 105, 230, 119, 171, 92, 223,
       223, 190, 182, 221, 247, 111, 196, 245, 189, 200, 87, 249, 77,
       167, 103, 183, 79, 247, 37, 81, 123, 71, 116, 78, 239, 56, 101,
