%YAML:1.0
---
descriptors: !!opencv-matrix
   rows: 420
   cols: 32
   dt: u
   data: [ 98, 174, 238, 58, 172, 249, 249, 207, 255, 95, 188, 61, 170,
       236, 222, 26, 203, 171, 239, 149, 190, 111, 238, 243, 222, 223,
       119, 251, 214, 196, 231, 207, 204, 182, 149, 243, 193, 204, 49,
       23, 187, 191, 39, 20, 140, 23, 64, 95, 133, 63, 233, 16, 114, 220,
       242, 66, 205, 210, 31, 102, 130, 0, 135, 115, 137, 190, 222, 217,
       172, 189, 109, 159, 255, 223, 182, 84, 239, 227, 210, 239, 79, 98,
       110, 156, 191, 109, 255, 243, 142, 219, 247, 208, 142, 212, 233,
       93, 199, 174, 254, 91, 172, 249, 121, 159, 255, 255, 182, 253,
       239, 234, 214, 123, 231, 230, 238, 28, 182, 109, 239, 243, 222,
       123, 119, 255, 158, 204, 205, 93, 98, 175, 239, 186, 252, 233,
       249, 207, 191, 95, 188, 189, 175, 236, 222, 10, 171, 163, 255, 21,
       190, 107, 238, 243, 222, 87, 126, 249, 213, 204, 215, 123, 45,
       103, 56, 5, 117, 30, 231, 56, 109, 236, 126, 76, 222, 40, 151,
       148, 180, 76, 70, 110, 196, 176, 105, 12, 102, 125, 37, 4, 74,
       191, 90, 205, 217, 156, 255, 253, 228, 249, 109, 191, 119, 215,
       86, 54, 191, 183, 242, 111, 103, 238, 62, 140, 243, 252, 247, 243,
       222, 251, 247, 64, 190, 252, 169, 252, 73, 245, 88, 69, 113, 30,
       103, 184, 121, 168, 110, 68, 222, 50, 135, 244, 182, 76, 108, 110,
       197, 176, 249, 78, 102, 253, 37, 4, 74, 178, 75, 9, 133, 143, 215,
       101, 180, 42, 111, 187, 118, 162, 106, 64, 211, 99, 153, 96, 51,
       78, 38, 62, 97, 208, 77, 14, 172, 238, 39, 4, 168, 224, 96, 160,
       57, 121, 251, 230, 215, 141, 247, 246, 106, 232, 250, 78, 63, 251,
       97, 112, 254, 255, 119, 74, 203, 187, 250, 243, 255, 205, 39, 42,
       121, 59, 99, 187, 143, 180, 222, 187, 104, 177, 184, 123, 190, 83,
       245, 245, 221, 250, 222, 235, 239, 11, 255, 151, 183, 222, 223,
       211, 78, 223, 250, 205, 159, 197, 235, 145, 136, 142, 250, 255,
       228, 187, 125, 119, 62, 31, 94, 182, 189, 167, 242, 77, 103, 63,
       175, 28, 162, 252, 227, 211, 222, 231, 254, 225, 182, 204, 165,
       233, 61, 255, 123, 239, 244, 143, 239, 216, 102, 232, 125, 70,
       119, 217, 177, 48, 252, 236, 23, 127, 203, 178, 105, 126, 255,
       205, 167, 164, 121, 187, 98, 177, 207, 104, 247, 222, 13, 69, 237,
       220, 255, 242, 177, 146, 251, 207, 125, 239, 106, 225, 127, 223,
       171, 103, 255, 242, 245, 154, 219, 60, 215, 181, 101, 232, 124,
       184, 252, 122, 169, 141, 93, 222, 179, 87, 164, 137, 127, 247, 74,
       27, 135, 243, 253, 92, 26, 75, 218, 49, 219, 235, 117, 121, 242,
       212, 142, 122, 175, 180, 196, 219, 111, 186, 234, 90, 191, 115,
       117, 210, 157, 238, 252, 255, 111, 29, 247, 158, 183, 222, 254,
       243, 30, 127, 203, 236, 158, 229, 107, 148, 66, 248, 183, 124,
       122, 200, 185, 198, 170, 21, 98, 169, 60, 183, 36, 82, 167, 119,
       227, 128, 32, 91, 178, 101, 93, 166, 122, 75, 0, 0, 39, 250, 94,
       246, 242, 231, 187, 75, 254, 252, 111, 175, 191, 42, 207, 255, 93,
       16, 255, 221, 207, 163, 72, 39, 201, 250, 251, 221, 15, 183, 231,
       115, 239, 35, 189, 79, 107, 203, 116, 139, 111, 248, 85, 200, 255,
       230, 115, 65, 185, 117, 126, 232, 22, 238, 233, 178, 109, 189,
       124, 140, 165, 196, 127, 155, 112, 177, 100, 169, 125, 235, 237,
       77, 247, 236, 207, 188, 184, 10, 114, 217, 125, 83, 232, 198, 110,
       122, 94, 107, 235, 253, 255, 153, 199, 125, 16, 59, 212, 130, 168,
       92, 190, 92, 217, 235, 23, 238, 215, 135, 236, 24, 70, 241, 39,
       29, 153, 122, 194, 34, 40, 111, 114, 62, 115, 151, 85, 59, 208,
       121, 198, 170, 226, 157, 119, 222, 253, 214, 119, 231, 253, 13,
       248, 26, 108, 254, 36, 245, 250, 255, 174, 128, 120, 203, 178,
       239, 55, 62, 154, 27, 19, 12, 230, 239, 140, 213, 211, 239, 252,
       105, 111, 248, 61, 170, 127, 122, 223, 245, 153, 87, 63, 222, 127,
       122, 113, 244, 235, 238, 253, 190, 101, 172, 230, 251, 197, 161,
       126, 53, 247, 230, 219, 107, 82, 104, 59, 224, 187, 42, 94, 255,
       77, 244, 251, 213, 255, 243, 57, 99, 217, 222, 191, 246, 5, 127,
       183, 111, 6, 50, 255, 239, 110, 190, 61, 157, 119, 232, 255, 188,
       254, 15, 235, 200, 62, 85, 248, 239, 239, 103, 238, 99, 239, 253,
       250, 249, 135, 59, 22, 191, 120, 78, 31, 253, 26, 251, 189, 157,
       222, 236, 255, 184, 188, 14, 238, 250, 86, 164, 249, 235, 254, 82,
       254, 107, 219, 255, 190, 221, 143, 127, 90, 30, 235, 7, 31, 189,
       144, 219, 255, 221, 54, 239, 191, 185, 252, 66, 236, 243, 197,
       246, 227, 127, 234, 90, 19, 123, 219, 247, 191, 255, 7, 99, 154,
       127, 203, 143, 172, 54, 60, 92, 221, 237, 215, 122, 219, 22, 108,
       24, 230, 241, 37, 17, 153, 122, 194, 34, 50, 102, 250, 31, 103,
       211, 69, 59, 210, 121, 198, 227, 10, 191, 231, 183, 235, 225, 191,
       239, 190, 183, 218, 179, 253, 238, 64, 10, 239, 255, 255, 129, 90,
       219, 203, 243, 253, 182, 255, 201, 133, 84, 165, 218, 91, 133,
       199, 151, 131, 114, 172, 37, 188, 218, 211, 247, 109, 110, 186,
       219, 55, 231, 253, 167, 53, 209, 13, 237, 30, 34, 250, 192, 175,
       230, 169, 221, 167, 166, 199, 215, 228, 58, 236, 255, 127, 179,
       255, 86, 200, 106, 156, 189, 123, 206, 126, 156, 177, 254, 111,
       242, 30, 190, 215, 132, 207, 244, 234, 164, 237, 164, 213, 223,
       238, 58, 109, 187, 127, 243, 247, 86, 223, 99, 153, 253, 123, 206,
       110, 42, 185, 214, 237, 238, 158, 250, 247, 132, 190, 249, 208,
       37, 156, 92, 223, 247, 188, 103, 239, 250, 62, 186, 242, 82, 249,
       123, 29, 25, 251, 197, 127, 171, 105, 247, 89, 238, 245, 203, 255,
       148, 197, 121, 99, 160, 54, 157, 82, 223, 253, 231, 254, 225, 191,
       140, 251, 7, 236, 255, 38, 20, 239, 247, 255, 131, 60, 227, 88,
       255, 191, 254, 143, 131, 195, 119, 239, 211, 237, 44, 149, 49,
       173, 109, 84, 131, 251, 250, 34, 25, 158, 57, 65, 187, 137, 102,
       104, 28, 61, 116, 251, 34, 143, 219, 85, 54, 194, 125, 210, 66,
       41, 109, 97, 71, 92, 95, 230, 56, 83, 224, 184, 74, 243, 120, 85,
       176, 88, 236, 114, 111, 237, 242, 253, 190, 39, 158, 129, 56, 111,
       187, 90, 164, 102, 157, 178, 158, 223, 253, 54, 226, 191, 71, 219,
       11, 172, 190, 39, 208, 239, 255, 251, 195, 54, 155, 154, 255, 189,
       54, 30, 11, 144, 95, 173, 223, 6, 141, 182, 158, 209, 253, 190,
       224, 191, 6, 95, 3, 236, 254, 39, 196, 231, 123, 187, 195, 102,
       153, 58, 255, 63, 54, 143, 131, 18, 127, 45, 214, 88, 184, 247,
       80, 171, 216, 53, 231, 179, 63, 166, 56, 46, 183, 64, 191, 35,
       246, 236, 0, 114, 109, 162, 117, 91, 243, 85, 115, 227, 0, 135,
       171, 124, 179, 136, 163, 146, 13, 86, 253, 35, 168, 253, 109, 19,
       243, 74, 16, 220, 222, 213, 82, 94, 154, 200, 32, 251, 229, 165,
       253, 105, 170, 202, 3, 7, 124, 215, 213, 121, 223, 110, 246, 253,
       200, 250, 64, 174, 243, 165, 244, 232, 232, 254, 202, 33, 187,
       178, 238, 55, 62, 7, 2, 74, 245, 107, 172, 124, 227, 88, 98, 82,
       143, 86, 221, 54, 168, 252, 73, 83, 91, 8, 16, 28, 217, 69, 240,
       78, 178, 73, 63, 250, 205, 37, 117, 105, 26, 138, 11, 160, 116,
       156, 124, 201, 237, 21, 111, 159, 31, 228, 25, 198, 243, 34, 25,
       145, 123, 227, 0, 114, 79, 90, 31, 227, 179, 84, 123, 210, 120,
       142, 170, 199, 56, 183, 69, 99, 126, 179, 48, 121, 200, 99, 124,
       220, 124, 148, 178, 182, 117, 240, 35, 177, 244, 181, 77, 7, 123,
       65, 130, 73, 35, 7, 247, 77, 16, 55, 9, 163, 126, 50, 17, 105, 91,
       103, 61, 222, 52, 7, 184, 183, 21, 232, 50, 149, 180, 189, 82, 7,
       241, 64, 71, 202, 99, 47, 119, 134, 148, 150, 187, 251, 233, 176,
       201, 158, 63, 81, 51, 204, 254, 106, 72, 243, 27, 163, 16, 50, 92,
       10, 215, 13, 22, 91, 239, 144, 78, 133, 195, 205, 102, 85, 101,
       44, 78, 79, 184, 97, 250, 179, 72, 211, 115, 217, 191, 16, 196,
       124, 106, 233, 97, 249, 12, 237, 218, 229, 148, 106, 243, 66, 33,
