%YAML:1.0
---
descriptors: !!opencv-matrix
   rows: 115
   cols: 32
   dt: u
   data: [ 116, 36, 255, 114, 172, 237, 87, 216, 226, 63, 165, 24, 83,
       245, 73, 59, 25, 242, 108, 106, 58, 103, 234, 48, 219, 203, 101,
       61, 226, 235, 198, 35, 100, 127, 157, 229, 172, 42, 71, 150, 48,
       162, 170, 108, 215, 35, 193, 91, 69, 244, 108, 122, 41, 242, 193,
       10, 236, 167, 101, 52, 128, 249, 86, 41, 0, 154, 255, 245, 20,
       171, 113, 23, 252, 23, 98, 145, 183, 7, 0, 72, 7, 55, 106, 0, 48,
       252, 83, 15, 197, 247, 80, 65, 192, 136, 197, 40, 129, 138, 152,
       251, 60, 173, 33, 158, 94, 25, 84, 80, 183, 241, 161, 104, 199,
       58, 6, 24, 162, 60, 66, 51, 205, 143, 50, 40, 152, 136, 1, 169,
       62, 133, 126, 106, 175, 123, 247, 121, 197, 95, 189, 59, 74, 253,
       62, 43, 187, 145, 247, 35, 180, 163, 47, 212, 83, 219, 65, 223,
       247, 239, 246, 227, 240, 186, 254, 120, 138, 233, 81, 215, 242,
       23, 164, 56, 51, 177, 64, 27, 9, 178, 108, 24, 58, 111, 226, 49,
       219, 139, 112, 121, 225, 136, 198, 43, 90, 248, 187, 250, 11, 253,
       17, 71, 171, 83, 172, 8, 62, 223, 96, 186, 163, 187, 217, 16, 3,
       111, 178, 241, 219, 213, 22, 59, 202, 64, 167, 123, 5, 242, 209,
       67, 162, 27, 53, 61, 127, 51, 35, 120, 222, 80, 204, 180, 151, 29,
       224, 48, 195, 244, 121, 17, 44, 214, 5, 102, 74, 138, 139, 165,
       223, 94, 235, 101, 178, 114, 63, 182, 49, 238, 94, 231, 89, 61,
       151, 53, 55, 116, 149, 238, 229, 220, 37, 174, 126, 111, 101, 134,
       175, 245, 7, 121, 233, 109, 237, 37, 188, 46, 109, 63, 114, 238,
       142, 141, 179, 45, 211, 115, 1, 230, 125, 45, 253, 88, 245, 10,
       238, 255, 253, 180, 236, 228, 90, 88, 60, 224, 120, 72, 205, 89,
       82, 200, 83, 180, 165, 10, 66, 217, 76, 157, 89, 152, 195, 114,
       10, 98, 203, 149, 95, 217, 133, 127, 243, 11, 94, 130, 212, 240,
       189, 180, 168, 108, 85, 154, 174, 255, 130, 25, 215, 255, 73, 90,
       133, 213, 125, 19, 58, 71, 251, 34, 217, 227, 127, 124, 128, 113,
       135, 115, 240, 160, 209, 112, 138, 232, 65, 95, 162, 21, 161, 56,
       23, 151, 64, 122, 33, 146, 76, 24, 26, 75, 162, 17, 217, 129, 112,
       120, 224, 192, 198, 106, 208, 35, 27, 232, 10, 65, 57, 72, 164, 4,
       204, 161, 149, 135, 33, 80, 228, 29, 207, 224, 72, 3, 195, 28,
       209, 161, 170, 185, 16, 0, 39, 170, 101, 160, 217, 100, 84, 79,
       67, 24, 115, 161, 36, 8, 19, 179, 64, 52, 25, 204, 16, 56, 42, 86,
       248, 10, 93, 141, 149, 60, 162, 161, 66, 162, 90, 185, 179, 250,
       91, 205, 17, 71, 171, 1, 232, 8, 62, 223, 96, 48, 162, 187, 209,
       16, 18, 43, 178, 241, 219, 213, 18, 107, 194, 2, 167, 107, 0, 140,
       159, 188, 48, 238, 113, 39, 188, 91, 106, 17, 182, 179, 32, 91,
       161, 35, 105, 12, 48, 173, 19, 103, 201, 182, 122, 64, 200, 0,
       161, 90, 84, 61, 157, 122, 136, 106, 71, 184, 162, 146, 171, 24,
       87, 247, 73, 123, 49, 214, 108, 122, 57, 67, 186, 50, 249, 227,
       101, 124, 160, 243, 166, 48, 244, 76, 215, 252, 13, 102, 68, 230,
       177, 150, 234, 27, 99, 171, 37, 91, 233, 244, 109, 226, 104, 231,
       211, 170, 179, 226, 213, 27, 35, 113, 100, 42, 16, 153, 191, 126,
       91, 204, 53, 231, 172, 69, 236, 1, 62, 183, 34, 114, 162, 179,
       123, 192, 18, 139, 50, 101, 243, 165, 18, 11, 112, 2, 167, 251,
       120, 171, 82, 44, 57, 141, 80, 107, 171, 12, 168, 9, 47, 219, 98,
       148, 170, 187, 204, 0, 78, 43, 194, 157, 187, 213, 1, 59, 114, 4,
       10, 11, 122, 234, 236, 32, 173, 57, 216, 206, 203, 190, 180, 191,
       139, 8, 87, 26, 201, 193, 205, 21, 142, 111, 198, 177, 218, 81,
       221, 255, 215, 125, 94, 79, 101, 100, 157, 109, 184, 47, 79, 184,
       18, 170, 165, 24, 215, 115, 9, 51, 145, 92, 104, 106, 105, 96,
       249, 31, 237, 223, 5, 52, 80, 251, 194, 32, 60, 239, 96, 14, 252,
       27, 198, 248, 87, 236, 248, 107, 67, 232, 255, 132, 89, 200, 70,
       111, 238, 51, 111, 63, 58, 78, 37, 189, 119, 255, 94, 197, 193,
       152, 189, 117, 16, 110, 241, 59, 126, 226, 226, 16, 179, 61, 20,
       115, 133, 52, 120, 40, 185, 248, 113, 14, 207, 254, 81, 20, 200,
       40, 65, 56, 61, 79, 96, 143, 220, 31, 198, 252, 87, 236, 254, 79,
       67, 104, 183, 196, 88, 204, 22, 111, 236, 179, 109, 190, 54, 111,
       167, 148, 119, 255, 120, 196, 219, 23, 101, 69, 35, 26, 111, 49,
       33, 224, 150, 230, 121, 39, 150, 247, 54, 197, 253, 238, 229, 209,
       53, 204, 54, 122, 236, 128, 47, 182, 168, 125, 164, 4, 125, 95,
       68, 111, 103, 90, 84, 42, 127, 16, 83, 117, 141, 61, 89, 182, 102,
       42, 41, 182, 121, 14, 69, 174, 112, 0, 243, 249, 70, 224, 28, 13,
       126, 254, 21, 214, 254, 114, 245, 132, 254, 3, 121, 235, 39, 64,
       124, 254, 143, 130, 44, 187, 16, 239, 115, 239, 162, 1, 55, 175,
       108, 10, 205, 225, 33, 229, 53, 14, 79, 184, 115, 160, 75, 72,
       215, 65, 88, 244, 16, 204, 60, 126, 107, 144, 217, 30, 237, 252,
       165, 100, 34, 163, 210, 32, 120, 97, 120, 101, 17, 74, 99, 40,
       101, 164, 239, 8, 219, 3, 8, 80, 50, 220, 104, 106, 72, 144, 225,
       14, 231, 229, 0, 21, 98, 162, 70, 34, 93, 181, 124, 225, 190, 90,
       93, 185, 67, 125, 157, 186, 219, 60, 218, 99, 55, 151, 253, 185,
       254, 104, 237, 148, 255, 203, 175, 245, 39, 142, 223, 119, 250,
       46, 230, 209, 233, 123, 120, 71, 57, 183, 180, 187, 138, 46, 214,
       223, 239, 151, 223, 144, 60, 239, 229, 226, 159, 82, 222, 251,
       199, 212, 238, 252, 27, 101, 43, 164, 85, 70, 111, 96, 113, 164,
       207, 2, 81, 22, 51, 116, 120, 237, 81, 239, 72, 147, 181, 78, 241,
       236, 139, 1, 33, 34, 118, 226, 242, 13, 18, 171, 77, 235, 192,
       103, 45, 33, 235, 27, 46, 152, 36, 208, 232, 167, 202, 145, 24,
       171, 209, 196, 149, 240, 218, 123, 65, 8, 255, 142, 69, 176, 157,
       177, 141, 44, 120, 135, 234, 243, 162, 85, 157, 186, 84, 123, 167,
       199, 120, 149, 151, 88, 211, 64, 205, 251, 94, 100, 136, 64, 131,
       10, 120, 48, 119, 100, 41, 221, 81, 80, 227, 120, 181, 40, 27,
       157, 196, 54, 166, 180, 236, 0, 143, 35, 242, 145, 211, 249, 32,
       59, 99, 130, 70, 119, 41, 31, 82, 69, 116, 63, 238, 122, 125, 170,
       254, 96, 91, 177, 181, 244, 253, 254, 6, 40, 225, 187, 33, 207,
       55, 255, 35, 4, 75, 234, 106, 173, 104, 168, 184, 112, 233, 237,
       81, 7, 35, 181, 37, 24, 22, 151, 64, 30, 129, 150, 105, 24, 26,
       79, 242, 16, 219, 213, 21, 127, 194, 128, 198, 34, 250, 170, 228,
       144, 237, 56, 124, 199, 57, 63, 246, 159, 14, 42, 214, 223, 235,
       135, 239, 149, 190, 255, 225, 225, 150, 122, 222, 243, 167, 204,
       254, 238, 168, 172, 255, 119, 180, 170, 111, 151, 118, 163, 246,
       16, 243, 99, 144, 121, 59, 238, 110, 152, 186, 252, 109, 47, 111,
       175, 55, 64, 225, 248, 224, 168, 220, 125, 159, 38, 178, 106, 55,
       162, 160, 162, 170, 40, 223, 55, 65, 114, 35, 245, 108, 114, 96,
       205, 137, 42, 249, 199, 101, 23, 160, 243, 7, 43, 80, 203, 126,
       254, 114, 192, 55, 229, 164, 4, 234, 161, 117, 223, 32, 80, 230,
       187, 253, 193, 66, 155, 130, 125, 241, 161, 46, 137, 32, 18, 167,
       59, 252, 52, 29, 119, 170, 75, 81, 41, 240, 186, 167, 56, 215, 51,
       137, 27, 145, 84, 108, 42, 121, 101, 233, 14, 217, 235, 101, 52,
       224, 104, 6, 35, 34, 205, 18, 186, 29, 213, 86, 230, 159, 1, 200,
       3, 174, 250, 38, 196, 201, 251, 155, 65, 46, 171, 90, 255, 161,
       214, 154, 27, 18, 29, 188, 142, 127, 86, 103, 175, 103, 90, 94,
       104, 113, 234, 251, 231, 75, 44, 157, 244, 254, 197, 158, 231,
       237, 182, 77, 206, 146, 254, 194, 135, 111, 191, 122, 93, 157,
       221, 119, 231, 118, 222, 123, 240, 237, 192, 127, 198, 93, 223,
       182, 241, 54, 237, 30, 238, 197, 149, 61, 238, 246, 233, 35, 128,
       47, 167, 97, 113, 227, 252, 149, 158, 237, 237, 244, 239, 255,
       115, 176, 26, 190, 186, 68, 255, 235, 247, 254, 1, 47, 111, 219,
       243, 157, 178, 95, 123, 217, 88, 171, 142, 28, 115, 58, 100, 227,
