%YAML:1.0
---
descriptors: !!opencv-matrix
   rows: 220
   cols: 32
   dt: u
   data: [ 7, 222, 239, 158, 215, 86, 239, 229, 253, 79, 83, 247, 233,
       236, 191, 235, 113, 111, 191, 135, 245, 205, 190, 234, 36, 62,
       222, 138, 173, 119, 253, 212, 250, 164, 180, 184, 173, 105, 84,
       143, 155, 63, 160, 25, 174, 189, 74, 155, 129, 18, 233, 17, 58,
       111, 202, 179, 159, 211, 85, 127, 210, 92, 223, 74, 233, 123, 144,
       85, 229, 158, 100, 182, 123, 232, 34, 76, 170, 56, 214, 182, 128,
       108, 108, 76, 205, 252, 240, 42, 175, 217, 85, 50, 74, 180, 202,
       13, 86, 167, 156, 170, 170, 96, 30, 136, 10, 191, 137, 251, 197,
       103, 73, 74, 247, 87, 109, 242, 58, 67, 203, 98, 248, 166, 239,
       255, 180, 115, 165, 3, 101, 241, 209, 71, 88, 77, 103, 188, 106,
       224, 35, 72, 210, 81, 204, 54, 16, 92, 96, 122, 65, 112, 249, 40,
       45, 168, 37, 60, 72, 178, 194, 176, 60, 230, 232, 33, 52, 27, 222,
       222, 83, 174, 188, 141, 3, 73, 83, 16, 89, 200, 133, 119, 206, 54,
       77, 62, 234, 205, 165, 253, 119, 191, 94, 194, 192, 53, 59, 244,
       168, 237, 17, 35, 188, 142, 33, 25, 182, 215, 0, 81, 130, 51, 77,
       0, 51, 77, 178, 31, 193, 129, 50, 56, 64, 64, 7, 115, 41, 165,
       123, 99, 116, 205, 119, 113, 96, 33, 109, 8, 19, 215, 72, 48, 24,
       186, 82, 106, 91, 186, 120, 15, 103, 141, 32, 32, 66, 202, 198,
       226, 3, 66, 103, 141, 100, 50, 232, 91, 116, 232, 91, 231, 209,
       10, 182, 96, 126, 173, 54, 173, 205, 150, 101, 205, 4, 40, 171,
       196, 45, 130, 49, 213, 199, 150, 239, 179, 162, 242, 61, 23, 188,
       223, 79, 245, 221, 254, 138, 91, 231, 127, 189, 149, 181, 220,
       167, 66, 206, 119, 254, 198, 140, 228, 167, 85, 81, 157, 63, 62,
       154, 204, 181, 39, 236, 65, 202, 0, 190, 190, 32, 114, 162, 55,
       120, 1, 83, 137, 178, 101, 241, 164, 26, 66, 0, 64, 165, 107, 168,
       157, 50, 248, 245, 245, 177, 103, 85, 13, 252, 51, 40, 252, 38,
       101, 216, 58, 130, 144, 62, 186, 34, 191, 123, 255, 146, 75, 83,
       76, 244, 222, 135, 219, 98, 27, 71, 157, 186, 208, 109, 80, 119,
       231, 72, 200, 191, 173, 190, 137, 246, 215, 151, 179, 30, 245, 62,
       121, 10, 195, 95, 31, 121, 213, 161, 169, 59, 85, 100, 237, 97,
       51, 125, 64, 102, 8, 54, 147, 0, 49, 136, 42, 18, 8, 83, 248, 114,
       101, 71, 153, 80, 64, 74, 136, 66, 170, 7, 194, 99, 74, 244, 134,
       107, 216, 119, 93, 117, 68, 88, 199, 189, 124, 119, 152, 23, 254,
       147, 22, 46, 247, 95, 62, 163, 236, 151, 135, 118, 245, 107, 48,
       184, 126, 107, 60, 152, 31, 171, 91, 177, 125, 254, 252, 78, 154,
       134, 19, 253, 5, 135, 71, 146, 193, 147, 127, 120, 186, 220, 68,
       11, 27, 124, 232, 137, 228, 77, 77, 65, 204, 18, 184, 160, 8, 151,
       147, 65, 48, 153, 220, 117, 217, 75, 110, 218, 17, 249, 197, 165,
       124, 64, 56, 82, 34, 8, 141, 19, 251, 149, 229, 195, 231, 150, 9,
       200, 0, 188, 247, 32, 224, 217, 59, 27, 25, 51, 169, 114, 191,
       233, 223, 158, 64, 146, 72, 245, 234, 23, 10, 107, 222, 52, 130,
       107, 80, 149, 200, 213, 230, 121, 199, 181, 100, 94, 168, 31, 142,
       169, 135, 36, 206, 242, 255, 162, 136, 30, 170, 112, 240, 64, 185,
       26, 254, 48, 204, 113, 23, 184, 13, 106, 24, 182, 147, 0, 80, 164,
       59, 109, 0, 82, 152, 146, 69, 193, 245, 50, 74, 0, 0, 135, 43,
       124, 120, 255, 100, 8, 116, 83, 24, 160, 254, 159, 44, 83, 255,
       75, 123, 68, 244, 253, 250, 137, 67, 251, 32, 211, 235, 225, 157,
       163, 243, 102, 115, 34, 148, 61, 219, 253, 245, 145, 79, 94, 85,
       124, 50, 172, 220, 54, 97, 207, 59, 131, 17, 183, 58, 114, 245,
       15, 27, 26, 107, 213, 8, 245, 255, 44, 109, 115, 67, 213, 207, 99,
       240, 97, 33, 109, 8, 114, 81, 28, 52, 24, 250, 66, 122, 27, 178,
       120, 45, 111, 157, 1, 112, 195, 155, 198, 160, 8, 28, 30, 252, 35,
       253, 48, 87, 173, 27, 108, 21, 62, 187, 34, 155, 163, 51, 210, 0,
       22, 233, 18, 193, 211, 219, 82, 11, 202, 64, 171, 155, 70, 12,
       191, 221, 131, 240, 60, 134, 252, 198, 206, 130, 188, 166, 53,
       207, 99, 119, 251, 153, 32, 205, 183, 234, 79, 35, 222, 1, 132,
       113, 45, 234, 169, 0, 107, 201, 100, 63, 233, 31, 92, 96, 127, 84,
       147, 16, 150, 224, 94, 12, 22, 60, 209, 180, 117, 142, 70, 57,
       178, 192, 94, 136, 216, 160, 162, 165, 97, 65, 206, 65, 165, 239,
       18, 182, 124, 170, 16, 181, 213, 37, 91, 158, 83, 184, 83, 122,
       247, 85, 125, 8, 197, 108, 119, 232, 214, 248, 178, 205, 115, 222,
       87, 247, 158, 236, 157, 66, 121, 194, 96, 252, 188, 36, 122, 235,
       23, 107, 224, 183, 14, 255, 51, 126, 202, 138, 117, 123, 244, 172,
       8, 141, 145, 251, 189, 221, 70, 231, 95, 1, 204, 16, 190, 243, 32,
       228, 201, 58, 138, 24, 59, 168, 83, 191, 169, 215, 22, 91, 146,
       12, 221, 42, 67, 124, 147, 84, 49, 220, 182, 39, 233, 232, 106,
       72, 174, 146, 69, 180, 162, 127, 72, 0, 69, 169, 176, 107, 161,
       188, 22, 58, 72, 16, 67, 63, 213, 88, 189, 245, 138, 78, 69, 53,
       240, 178, 162, 24, 215, 55, 65, 123, 4, 244, 124, 106, 105, 229,
       249, 10, 225, 235, 101, 16, 96, 113, 0, 43, 137, 70, 111, 169,
       116, 50, 233, 31, 116, 230, 86, 215, 153, 2, 146, 224, 94, 140,
       55, 173, 169, 148, 101, 206, 100, 109, 170, 128, 45, 156, 248,
       241, 31, 220, 166, 158, 223, 150, 174, 228, 252, 203, 82, 167,
       104, 252, 191, 233, 119, 111, 187, 135, 244, 217, 191, 239, 120,
       47, 254, 203, 143, 116, 53, 214, 3, 153, 191, 188, 164, 198, 61,
       119, 180, 202, 214, 102, 244, 247, 34, 105, 220, 55, 63, 129, 217,
       217, 51, 205, 193, 187, 254, 130, 28, 72, 181, 123, 208, 74, 223,
       247, 42, 130, 56, 166, 180, 142, 210, 225, 229, 239, 33, 75, 166,
       117, 109, 192, 104, 205, 131, 106, 208, 227, 126, 129, 36, 176,
       37, 11, 77, 246, 133, 21, 160, 62, 174, 183, 120, 250, 87, 244,
       221, 38, 152, 175, 23, 95, 124, 175, 245, 208, 237, 10, 228, 111,
       126, 132, 206, 245, 139, 181, 252, 124, 121, 122, 189, 237, 87,
       216, 87, 62, 181, 25, 127, 221, 75, 57, 217, 250, 221, 74, 106,
       103, 250, 57, 243, 203, 101, 57, 99, 251, 86, 99, 61, 239, 232,
       83, 157, 255, 214, 158, 87, 253, 173, 13, 139, 136, 222, 180, 25,
       206, 204, 94, 158, 248, 253, 178, 111, 221, 21, 117, 231, 223,
       222, 206, 181, 213, 253, 239, 172, 38, 79, 248, 86, 250, 247, 82,
       211, 119, 249, 123, 93, 220, 63, 254, 249, 246, 123, 62, 237, 171,
       231, 148, 221, 251, 112, 241, 137, 6, 75, 129, 182, 34, 173, 87,
       60, 99, 210, 247, 157, 38, 176, 73, 103, 15, 15, 189, 177, 156, 5,
       74, 100, 35, 250, 132, 173, 208, 169, 217, 183, 255, 106, 10, 223,
       149, 254, 245, 237, 76, 252, 207, 40, 200, 191, 1, 238, 227, 151,
       247, 238, 43, 28, 239, 58, 73, 142, 139, 127, 255, 248, 223, 109,
       237, 152, 83, 233, 189, 102, 180, 242, 155, 109, 8, 251, 241, 207,
       190, 1, 110, 226, 94, 211, 120, 254, 35, 110, 221, 117, 109, 202,
       247, 202, 172, 76, 205, 149, 118, 233, 252, 103, 180, 186, 155,
       47, 88, 255, 243, 200, 247, 3, 102, 238, 90, 113, 76, 234, 98,
       239, 255, 119, 200, 130, 243, 139, 41, 161, 173, 28, 91, 197, 237,
       225, 35, 124, 17, 110, 16, 178, 19, 20, 61, 136, 26, 114, 8, 19,
       184, 115, 117, 71, 153, 80, 64, 72, 72, 202, 170, 94, 253, 63,
       231, 146, 198, 191, 182, 160, 200, 154, 70, 253, 127, 16, 98, 167,
       119, 125, 231, 201, 137, 185, 111, 233, 174, 239, 128, 44, 114,
       181, 123, 173, 235, 104, 175, 156, 219, 71, 248, 214, 228, 212,
       143, 243, 228, 187, 32, 88, 232, 14, 111, 206, 40, 110, 63, 236,
       205, 165, 125, 117, 191, 212, 248, 94, 182, 144, 178, 185, 173,
       16, 203, 171, 63, 169, 29, 143, 203, 72, 218, 133, 147, 237, 16,
       30, 79, 218, 179, 155, 215, 19, 127, 154, 69, 143, 19, 77, 217,
       63, 45, 160, 14, 111, 189, 44, 120, 102, 68, 221, 55, 58, 113,
       182, 85, 113, 110, 193, 208, 57, 61, 229, 175, 111, 132, 90, 178,
