%YAML:1.0
---
descriptors: !!opencv-matrix
   rows: 171
   cols: 32
   dt: u
   data: [ 190, 133, 246, 118, 159, 119, 254, 255, 119, 166, 255, 19, 75,
       125, 29, 33, 251, 215, 255, 163, 248, 243, 125, 238, 187, 255,
       199, 23, 231, 255, 231, 134, 143, 253, 253, 255, 246, 127, 127,
       190, 127, 251, 126, 182, 249, 254, 223, 241, 127, 223, 255, 159,
       183, 252, 255, 251, 110, 255, 247, 196, 167, 245, 201, 253, 159,
       188, 237, 255, 190, 255, 255, 191, 63, 239, 127, 183, 251, 127,
       158, 100, 127, 111, 127, 31, 251, 244, 255, 255, 238, 255, 255,
       196, 239, 245, 209, 241, 255, 191, 122, 174, 254, 115, 223, 255,
       127, 238, 255, 255, 127, 252, 158, 48, 127, 239, 253, 111, 253,
       255, 237, 255, 250, 255, 175, 238, 111, 247, 250, 87, 198, 132,
       132, 145, 141, 236, 180, 143, 191, 187, 2, 19, 204, 122, 72, 207,
       161, 71, 235, 145, 54, 77, 155, 242, 141, 114, 223, 119, 144, 84,
       141, 6, 157, 189, 254, 247, 247, 126, 255, 255, 127, 246, 215, 27,
       127, 124, 154, 105, 127, 223, 255, 111, 252, 252, 189, 254, 255,
       239, 119, 133, 231, 253, 223, 243, 126, 113, 232, 2, 141, 85, 223,
       200, 3, 244, 141, 143, 11, 205, 95, 63, 220, 217, 217, 247, 206,
       99, 255, 240, 123, 89, 141, 191, 87, 255, 86, 86, 221, 127, 243,
       78, 176, 54, 79, 184, 115, 238, 127, 108, 91, 96, 155, 244, 21,
       78, 44, 110, 237, 149, 45, 63, 234, 255, 37, 148, 74, 247, 72,
       117, 166, 239, 134, 158, 137, 169, 6, 236, 159, 150, 200, 157,
       231, 224, 107, 213, 217, 106, 234, 102, 125, 71, 206, 50, 168,
       214, 77, 59, 184, 127, 152, 132, 178, 217, 107, 201, 87, 195, 191,
       244, 5, 68, 84, 163, 48, 157, 36, 37, 126, 56, 147, 225, 99, 187,
       48, 253, 103, 0, 136, 202, 119, 158, 244, 250, 210, 111, 126, 118,
       170, 128, 189, 230, 184, 158, 182, 177, 165, 238, 163, 27, 174,
       243, 237, 192, 108, 207, 130, 109, 240, 163, 126, 153, 101, 80,
       47, 75, 246, 253, 151, 182, 153, 239, 22, 238, 147, 239, 169, 61,
       102, 253, 42, 25, 157, 247, 229, 34, 60, 239, 90, 175, 185, 246,
       85, 123, 208, 127, 134, 95, 1, 157, 106, 169, 180, 155, 238, 53,
       76, 65, 122, 198, 179, 8, 182, 224, 122, 42, 22, 109, 215, 184,
       21, 221, 44, 13, 162, 192, 125, 138, 249, 156, 168, 172, 188, 91,
       205, 189, 245, 143, 222, 63, 60, 24, 186, 57, 86, 47, 9, 90, 226,
       24, 50, 108, 251, 115, 79, 155, 85, 125, 211, 217, 199, 170, 222,
       180, 151, 183, 169, 109, 189, 207, 191, 191, 187, 81, 206, 247,
       72, 207, 239, 87, 255, 145, 58, 237, 219, 226, 157, 242, 95, 223,
       130, 100, 167, 179, 181, 95, 71, 175, 126, 3, 239, 248, 84, 192,
       218, 230, 241, 104, 177, 96, 126, 237, 54, 239, 237, 242, 79, 238,
       52, 46, 239, 128, 125, 191, 112, 157, 145, 93, 63, 245, 52, 207,
       113, 55, 252, 200, 122, 0, 183, 55, 32, 97, 166, 51, 28, 72, 160,
       185, 49, 61, 233, 233, 54, 64, 0, 8, 133, 107, 181, 92, 253, 69,
       164, 111, 199, 190, 80, 234, 190, 94, 211, 49, 149, 41, 89, 212,
       20, 106, 249, 244, 113, 46, 107, 143, 101, 52, 253, 249, 208, 49,
       33, 103, 105, 37, 52, 79, 246, 60, 109, 236, 122, 237, 243, 44,
       151, 48, 156, 76, 68, 111, 204, 176, 109, 12, 231, 188, 37, 128,
       76, 186, 86, 221, 133, 106, 205, 251, 110, 171, 233, 216, 126,
       243, 119, 246, 213, 195, 209, 105, 127, 204, 126, 158, 163, 244,
       239, 242, 220, 235, 243, 196, 189, 153, 81, 161, 165, 157, 173,
       69, 164, 110, 207, 191, 86, 250, 62, 88, 211, 61, 149, 47, 73,
       198, 52, 110, 249, 252, 253, 42, 237, 191, 229, 148, 229, 249,
       208, 113, 88, 232, 127, 120, 43, 201, 17, 230, 175, 53, 172, 40,
       47, 159, 64, 54, 163, 179, 237, 0, 2, 107, 162, 117, 211, 209, 80,
       123, 99, 16, 39, 43, 1, 255, 183, 89, 172, 140, 237, 247, 255, 95,
       254, 84, 188, 247, 148, 52, 205, 34, 126, 12, 243, 233, 99, 247,
       239, 190, 182, 192, 74, 208, 227, 249, 105, 191, 191, 217, 252,
       173, 121, 159, 251, 123, 124, 92, 190, 243, 224, 124, 199, 43,
       127, 28, 179, 122, 226, 243, 207, 191, 54, 248, 218, 200, 193,
       249, 125, 119, 105, 6, 93, 91, 71, 248, 65, 230, 189, 175, 67,
       108, 223, 182, 92, 196, 196, 238, 205, 35, 109, 174, 122, 93, 133,
       189, 111, 255, 94, 244, 173, 61, 149, 97, 241, 111, 103, 152, 123,
       234, 106, 88, 222, 49, 65, 60, 145, 92, 80, 122, 177, 180, 217,
       42, 109, 190, 5, 102, 202, 243, 195, 179, 100, 232, 188, 49, 141,
       205, 85, 143, 203, 183, 160, 24, 134, 176, 64, 63, 129, 70, 104,
       16, 88, 105, 219, 48, 141, 210, 85, 127, 192, 120, 198, 38, 253,
       214, 239, 102, 50, 94, 95, 184, 113, 78, 191, 252, 123, 125, 154,
       116, 55, 246, 221, 110, 237, 165, 61, 47, 242, 255, 37, 144, 111,
       247, 206, 117, 120, 235, 216, 122, 185, 137, 82, 222, 163, 61,
       180, 105, 43, 211, 74, 18, 137, 210, 237, 80, 74, 75, 202, 49,
       218, 213, 181, 125, 34, 128, 78, 11, 191, 159, 126, 255, 246, 123,
       255, 255, 125, 238, 255, 255, 95, 125, 150, 117, 127, 255, 255,
       239, 253, 254, 125, 255, 254, 255, 231, 134, 111, 255, 238, 247,
       103, 187, 149, 182, 171, 28, 20, 143, 171, 255, 128, 253, 174,
       230, 78, 219, 135, 71, 236, 21, 159, 75, 223, 32, 136, 82, 93,
       254, 136, 116, 139, 93, 66, 170, 150, 153, 234, 225, 176, 71, 174,
       21, 66, 177, 172, 150, 96, 74, 167, 59, 235, 145, 18, 89, 130,
       241, 28, 16, 26, 235, 128, 0, 165, 143, 15, 71, 87, 167, 244, 15,
       239, 248, 253, 232, 123, 196, 221, 227, 185, 228, 118, 77, 62,
       110, 225, 177, 13, 206, 164, 254, 175, 132, 14, 183, 33, 165, 61,
       157, 120, 79, 245, 95, 119, 249, 117, 108, 255, 8, 91, 125, 158,
       112, 124, 220, 214, 106, 253, 178, 125, 255, 119, 253, 5, 23, 115,
       191, 206, 230, 154, 223, 78, 189, 50, 146, 110, 247, 180, 0, 82,
       231, 109, 163, 179, 193, 102, 239, 189, 197, 237, 157, 5, 239,
       242, 227, 254, 128, 63, 148, 169, 25, 222, 212, 253, 214, 173,
       119, 223, 220, 191, 254, 191, 127, 94, 127, 223, 207, 255, 215,
       255, 239, 233, 103, 251, 234, 251, 255, 239, 151, 199, 255, 237,
       119, 104, 166, 188, 81, 173, 121, 149, 143, 251, 63, 188, 56, 138,
       184, 204, 47, 137, 86, 236, 24, 26, 109, 235, 81, 207, 219, 85,
       119, 194, 88, 199, 175, 33, 143, 79, 251, 252, 174, 233, 247, 254,
       25, 251, 86, 177, 227, 184, 97, 105, 174, 62, 28, 179, 186, 207,
       247, 220, 175, 186, 192, 189, 200, 241, 160, 104, 233, 188, 94,
       201, 253, 181, 143, 202, 59, 172, 24, 190, 245, 70, 62, 129, 115,
       234, 24, 18, 105, 250, 113, 79, 159, 85, 123, 210, 88, 207, 171,
       246, 221, 147, 182, 219, 111, 23, 236, 155, 235, 185, 125, 118,
       244, 45, 16, 157, 247, 109, 99, 121, 231, 152, 47, 185, 54, 5, 90,
       200, 123, 166, 115, 133, 99, 77, 239, 238, 11, 239, 248, 116, 240,
       243, 230, 211, 195, 217, 123, 126, 204, 126, 238, 201, 242, 239,
       224, 244, 169, 231, 132, 109, 187, 241, 160, 222, 26, 151, 188,
       11, 226, 61, 98, 188, 30, 211, 179, 109, 238, 33, 75, 230, 245,
       237, 131, 32, 197, 130, 200, 209, 227, 106, 131, 32, 101, 37, 83,
       107, 91, 227, 156, 253, 157, 110, 182, 255, 200, 218, 236, 175,
       236, 181, 244, 222, 239, 126, 205, 205, 187, 230, 249, 62, 124,
       133, 170, 30, 220, 90, 93, 137, 130, 255, 255, 164, 168, 109, 23,
       254, 91, 119, 244, 253, 227, 184, 107, 199, 43, 126, 12, 179, 252,
       107, 245, 206, 251, 118, 128, 140, 192, 193, 185, 141, 134, 221,
       251, 236, 169, 105, 59, 254, 91, 119, 244, 253, 227, 152, 107,
       103, 11, 126, 28, 179, 220, 111, 245, 204, 251, 122, 192, 156,
       193, 193, 177, 191, 245, 233, 68, 214, 87, 95, 249, 82, 250, 149,
       14, 89, 127, 223, 49, 31, 220, 21, 254, 233, 214, 125, 222, 123,
       79, 237, 164, 47, 247, 242, 240, 255, 214, 125, 100, 178, 126, 95,
       184, 97, 206, 190, 253, 91, 125, 159, 119, 183, 213, 253, 111,
       173, 133, 109, 239, 242, 255, 101, 150, 110, 247, 70, 119, 73,
