%YAML:1.0
---
descriptors: !!opencv-matrix
   rows: 119
   cols: 32
   dt: u
   data: [ 8, 172, 191, 241, 169, 237, 245, 71, 255, 27, 174, 24, 190,
       187, 64, 58, 161, 51, 106, 24, 50, 109, 179, 83, 207, 223, 86,
       123, 194, 64, 135, 171, 237, 217, 191, 251, 173, 220, 117, 167,
       255, 27, 38, 16, 190, 253, 96, 123, 193, 102, 123, 94, 114, 109,
       251, 177, 239, 251, 86, 90, 146, 88, 208, 42, 205, 236, 191, 127,
       73, 188, 105, 156, 255, 219, 102, 20, 253, 255, 93, 123, 129, 109,
       127, 158, 163, 101, 251, 241, 207, 251, 215, 44, 194, 117, 103,
       242, 189, 80, 101, 79, 12, 83, 207, 248, 68, 162, 243, 226, 83,
       84, 157, 165, 122, 212, 118, 234, 233, 182, 109, 188, 33, 202,
       229, 148, 119, 187, 116, 228, 200, 249, 177, 226, 185, 204, 23,
       149, 174, 205, 130, 16, 190, 247, 64, 98, 132, 119, 121, 81, 19,
       9, 251, 114, 233, 181, 47, 90, 128, 2, 133, 123, 53, 205, 107, 79,
       214, 91, 238, 252, 84, 224, 251, 194, 115, 104, 189, 160, 122,
       236, 22, 239, 237, 178, 125, 191, 54, 237, 167, 128, 125, 187,
       248, 180, 53, 223, 106, 175, 150, 147, 238, 244, 84, 64, 222, 199,
       113, 104, 183, 96, 126, 239, 22, 239, 221, 184, 29, 191, 124, 45,
       175, 128, 125, 187, 248, 157, 53, 239, 201, 238, 222, 35, 231,
       252, 87, 170, 217, 226, 209, 225, 249, 98, 121, 202, 23, 238, 249,
       118, 78, 191, 254, 142, 167, 172, 189, 251, 240, 168, 26, 205, 67,
       238, 178, 194, 47, 237, 52, 64, 218, 162, 117, 231, 160, 96, 122,
       251, 159, 226, 89, 153, 45, 239, 248, 167, 174, 129, 53, 242, 181,
       120, 2, 145, 151, 223, 75, 196, 49, 69, 174, 81, 111, 32, 252,
       243, 40, 110, 166, 19, 250, 144, 19, 201, 187, 209, 13, 178, 90,
       75, 154, 2, 165, 187, 244, 211, 22, 172, 109, 66, 86, 248, 145,
       136, 242, 109, 66, 233, 172, 211, 220, 228, 166, 98, 237, 35, 138,
       172, 50, 242, 101, 159, 90, 63, 250, 23, 10, 166, 225, 177, 242,
       225, 185, 239, 62, 119, 88, 179, 141, 142, 222, 0, 183, 91, 147,
       149, 242, 92, 166, 247, 108, 7, 191, 229, 197, 196, 167, 217, 253,
       96, 233, 106, 204, 103, 79, 216, 82, 246, 181, 10, 83, 69, 217,
       59, 89, 196, 124, 126, 171, 103, 253, 50, 219, 201, 229, 60, 247,
       251, 86, 96, 23, 93, 99, 222, 212, 214, 239, 244, 213, 202, 219,
       194, 113, 252, 181, 228, 120, 238, 23, 239, 237, 187, 60, 239, 56,
       46, 175, 128, 39, 255, 112, 228, 24, 217, 121, 109, 48, 206, 127,
       180, 100, 76, 126, 101, 247, 87, 130, 112, 118, 252, 93, 110, 201,
       184, 113, 61, 231, 237, 32, 128, 96, 186, 71, 123, 2, 176, 172,
       187, 205, 181, 185, 207, 158, 29, 68, 21, 172, 206, 106, 72, 201,
       11, 179, 149, 22, 74, 210, 241, 207, 23, 158, 107, 144, 12, 189,
       218, 239, 176, 253, 208, 239, 253, 249, 219, 159, 255, 181, 126,
       158, 254, 78, 59, 239, 147, 255, 145, 191, 103, 250, 208, 95, 27,
       251, 255, 223, 77, 223, 243, 41, 109, 209, 79, 221, 223, 198, 196,
       123, 160, 104, 8, 50, 176, 21, 180, 136, 110, 66, 74, 65, 58, 88,
       59, 39, 156, 5, 50, 91, 122, 202, 142, 191, 255, 198, 159, 254,
       51, 239, 255, 87, 238, 254, 247, 105, 234, 255, 213, 127, 206,
       183, 175, 253, 210, 207, 255, 62, 62, 239, 196, 175, 255, 250,
       213, 253, 213, 234, 94, 221, 55, 206, 252, 87, 226, 253, 78, 123,
       232, 191, 164, 93, 238, 50, 239, 253, 119, 253, 190, 59, 127, 197,
       60, 255, 255, 248, 148, 250, 88, 111, 254, 47, 86, 93, 164, 185,
       94, 182, 191, 107, 31, 54, 95, 238, 245, 253, 230, 233, 103, 243,
       237, 243, 251, 198, 155, 39, 180, 244, 123, 5, 84, 109, 69, 36,
       78, 239, 56, 109, 232, 127, 64, 211, 5, 157, 100, 90, 68, 22, 238,
       201, 176, 125, 12, 103, 188, 163, 132, 71, 187, 84, 241, 80, 173,
       19, 126, 195, 201, 71, 231, 161, 4, 234, 8, 119, 247, 8, 80, 50,
       250, 109, 66, 88, 139, 138, 63, 241, 166, 100, 9, 32, 82, 166, 42,
       169, 61, 249, 69, 244, 79, 103, 63, 117, 234, 126, 72, 243, 53,
       148, 53, 27, 254, 22, 42, 233, 248, 253, 14, 111, 239, 101, 4, 99,
       250, 70, 232, 19, 207, 19, 255, 118, 134, 191, 247, 62, 9, 90, 66,
       124, 211, 160, 96, 254, 127, 23, 201, 227, 153, 0, 255, 189, 174,
       190, 130, 40, 144, 177, 169, 6, 72, 130, 158, 85, 231, 178, 69,
       30, 130, 81, 3, 236, 220, 33, 76, 217, 121, 131, 17, 2, 182, 82,
       234, 5, 54, 158, 11, 151, 126, 61, 142, 60, 77, 122, 206, 84, 147,
       255, 240, 84, 132, 254, 130, 113, 237, 181, 96, 120, 248, 23, 235,
       232, 179, 44, 255, 114, 239, 167, 129, 119, 251, 116, 178, 0, 176,
       188, 187, 201, 237, 49, 11, 158, 53, 5, 25, 148, 247, 74, 74, 193,
       27, 107, 17, 18, 76, 219, 17, 205, 147, 219, 125, 144, 72, 133,
       194, 227, 91, 83, 172, 232, 2, 86, 252, 153, 204, 242, 237, 70,
       237, 165, 213, 222, 245, 166, 102, 237, 187, 130, 236, 50, 50,
       101, 142, 94, 189, 98, 213, 251, 247, 17, 166, 254, 39, 159, 255,
       137, 174, 184, 106, 220, 254, 237, 2, 159, 83, 93, 35, 241, 99,
       136, 207, 184, 223, 111, 190, 20, 122, 131, 171, 150, 237, 254,
       190, 186, 243, 191, 239, 190, 223, 223, 179, 125, 254, 239, 107,
       127, 123, 255, 147, 118, 205, 175, 255, 250, 71, 255, 207, 181,
       115, 165, 219, 226, 228, 156, 132, 252, 7, 188, 111, 136, 170,
       156, 58, 172, 59, 244, 6, 239, 87, 95, 33, 96, 111, 128, 206, 60,
       95, 255, 190, 21, 120, 185, 137, 197, 54, 151, 241, 176, 46, 97,
       19, 56, 187, 19, 116, 214, 51, 200, 127, 183, 22, 124, 56, 177,
       212, 145, 2, 141, 250, 119, 196, 136, 224, 131, 33, 212, 220, 190,
       191, 186, 107, 23, 171, 62, 246, 158, 179, 247, 254, 43, 67, 183,
       119, 253, 35, 124, 197, 171, 63, 248, 231, 111, 213, 164, 114, 37,
       83, 124, 38, 188, 114, 170, 105, 81, 27, 163, 191, 173, 56, 23,
       183, 73, 26, 35, 151, 109, 16, 26, 67, 170, 0, 219, 195, 117, 125,
       224, 225, 134, 99, 12, 87, 126, 103, 32, 14, 127, 184, 124, 234,
       127, 4, 223, 115, 131, 48, 182, 84, 110, 106, 225, 176, 57, 14,
       231, 255, 97, 132, 74, 179, 67, 179, 27, 191, 97, 171, 178, 139,
       191, 183, 62, 196, 88, 231, 237, 111, 154, 4, 55, 123, 159, 205,
       210, 152, 109, 255, 236, 86, 175, 224, 54, 150, 129, 249, 220,
       127, 148, 181, 186, 11, 21, 125, 50, 190, 176, 253, 223, 35, 193,
       27, 23, 221, 204, 98, 104, 86, 201, 26, 248, 211, 111, 183, 52,
       240, 15, 9, 27, 171, 250, 219, 181, 185, 88, 199, 95, 29, 76, 16,
       170, 226, 230, 236, 247, 42, 166, 28, 158, 216, 39, 247, 170, 223,
       20, 67, 178, 204, 168, 207, 125, 121, 157, 231, 168, 79, 95, 184,
       35, 250, 170, 76, 215, 119, 65, 114, 149, 213, 125, 122, 201, 66,
       217, 42, 251, 207, 101, 52, 168, 243, 66, 49, 74, 170, 182, 216,
       203, 241, 184, 199, 191, 31, 140, 177, 172, 239, 102, 206, 231,
       59, 235, 144, 22, 79, 162, 243, 31, 87, 90, 235, 146, 68, 175,
       206, 86, 244, 239, 215, 186, 70, 15, 248, 50, 247, 211, 226, 125,
       247, 217, 123, 55, 255, 125, 250, 227, 199, 187, 255, 251, 239,
       239, 212, 165, 243, 167, 241, 207, 255, 228, 37, 186, 30, 62, 184,
       63, 250, 150, 245, 223, 102, 211, 214, 23, 69, 125, 254, 165, 212,
       207, 78, 174, 255, 111, 212, 174, 245, 137, 85, 205, 126, 149, 55,
       40, 47, 124, 191, 63, 250, 22, 253, 223, 39, 131, 223, 135, 103,
       110, 46, 229, 212, 219, 126, 140, 242, 117, 180, 138, 244, 9, 93,
       108, 183, 148, 93, 173, 126, 230, 159, 127, 191, 190, 116, 194,
       240, 206, 158, 201, 70, 110, 16, 158, 105, 235, 34, 46, 254, 55,
       215, 202, 120, 206, 151, 84, 172, 158, 247, 156, 175, 97, 170,
       254, 179, 163, 24, 215, 243, 73, 90, 145, 102, 104, 24, 58, 229,
       219, 55, 201, 239, 119, 84, 192, 105, 83, 2, 227, 91, 91, 156,
       234, 135, 47, 119, 29, 200, 242, 237, 118, 172, 167, 117, 222,
       111, 54, 102, 229, 187, 102, 238, 52, 58, 100, 138, 92, 188, 162,
       253, 196, 104, 190, 254, 12, 237, 112, 202, 254, 147, 164, 24,
