%YAML:1.0
---
descriptors: !!opencv-matrix
   rows: 209
   cols: 32
   dt: u
   data: [ 137, 245, 91, 97, 112, 14, 119, 180, 124, 8, 118, 76, 223, 19,
       136, 49, 182, 28, 70, 106, 225, 180, 49, 15, 231, 217, 32, 4, 74,
       146, 107, 187, 92, 63, 216, 165, 170, 8, 22, 159, 58, 175, 30,
       233, 207, 55, 195, 18, 183, 87, 237, 16, 84, 88, 201, 2, 254, 229,
       109, 247, 164, 240, 143, 11, 173, 54, 20, 111, 45, 63, 70, 56, 83,
       234, 177, 76, 219, 24, 23, 181, 220, 172, 92, 46, 237, 38, 89,
       158, 135, 219, 33, 58, 90, 239, 90, 5, 178, 88, 110, 222, 94, 193,
       155, 224, 148, 70, 212, 131, 49, 221, 51, 1, 104, 242, 147, 195,
       34, 167, 58, 255, 83, 3, 200, 153, 117, 155, 116, 250, 65, 173,
       173, 53, 160, 46, 125, 55, 40, 238, 126, 205, 183, 45, 146, 19,
       133, 102, 125, 13, 193, 248, 241, 12, 239, 190, 117, 144, 72, 232,
       195, 217, 163, 32, 245, 89, 93, 223, 193, 79, 87, 105, 228, 24,
       178, 17, 20, 188, 216, 186, 82, 24, 11, 254, 113, 221, 7, 30, 80,
       114, 211, 8, 86, 172, 101, 124, 57, 125, 244, 79, 103, 183, 124,
       234, 98, 76, 150, 53, 1, 57, 148, 124, 81, 106, 225, 248, 241, 40,
       229, 190, 117, 48, 200, 248, 214, 187, 212, 59, 158, 116, 170,
       200, 23, 146, 186, 188, 38, 185, 247, 183, 195, 83, 135, 117, 237,
       82, 32, 73, 136, 40, 248, 243, 101, 179, 128, 241, 7, 99, 226,
       120, 181, 125, 105, 237, 208, 26, 219, 186, 32, 24, 164, 253, 81,
       63, 133, 124, 115, 24, 162, 126, 219, 59, 79, 219, 85, 62, 210,
       248, 70, 175, 80, 189, 63, 120, 147, 236, 53, 119, 188, 81, 110,
       1, 62, 183, 34, 121, 167, 59, 91, 0, 19, 137, 48, 125, 243, 171,
       82, 66, 192, 64, 167, 123, 0, 140, 31, 189, 48, 174, 104, 39, 188,
       23, 98, 149, 183, 35, 32, 73, 133, 35, 106, 20, 48, 252, 17, 111,
       205, 182, 82, 64, 200, 0, 129, 24, 3, 23, 135, 149, 32, 54, 173,
       55, 60, 202, 90, 229, 253, 38, 148, 111, 54, 111, 62, 173, 245,
       216, 53, 204, 36, 58, 254, 128, 140, 228, 161, 253, 160, 100, 253,
       93, 77, 109, 229, 26, 87, 187, 101, 24, 82, 177, 77, 61, 89, 222,
       98, 8, 33, 118, 251, 18, 69, 154, 81, 36, 211, 249, 70, 162, 245,
       201, 20, 190, 141, 28, 70, 165, 225, 176, 162, 12, 235, 104, 23,
       215, 232, 230, 108, 230, 93, 106, 219, 169, 179, 249, 197, 26,
       107, 191, 218, 12, 70, 162, 132, 147, 236, 41, 235, 200, 191, 55,
       177, 253, 204, 226, 218, 15, 203, 195, 110, 159, 54, 118, 206,
       240, 156, 22, 219, 252, 156, 111, 11, 132, 183, 115, 127, 103,
       114, 31, 126, 113, 121, 232, 115, 236, 75, 124, 141, 181, 190,
       253, 212, 98, 229, 240, 61, 140, 46, 219, 69, 167, 103, 247, 206,
       213, 64, 140, 187, 252, 176, 172, 121, 55, 184, 11, 74, 16, 180,
       183, 0, 114, 165, 55, 125, 24, 50, 205, 178, 111, 249, 189, 50,
       194, 0, 64, 167, 43, 237, 108, 145, 101, 56, 47, 79, 154, 82, 170,
       44, 72, 215, 51, 65, 48, 148, 124, 124, 110, 41, 116, 249, 62,
       229, 223, 37, 52, 82, 251, 66, 32, 40, 167, 74, 105, 180, 171,
       100, 183, 116, 1, 106, 212, 179, 1, 176, 16, 89, 170, 70, 56, 251,
       184, 5, 31, 108, 158, 52, 64, 88, 200, 218, 136, 181, 196, 103,
       79, 148, 30, 238, 248, 116, 234, 247, 70, 83, 120, 189, 228, 121,
       204, 54, 238, 233, 180, 125, 14, 39, 239, 231, 4, 73, 251, 112,
       180, 179, 36, 174, 189, 28, 55, 146, 78, 22, 229, 214, 159, 195,
       232, 50, 64, 217, 204, 123, 53, 188, 207, 221, 159, 250, 39, 155,
       213, 28, 44, 248, 66, 120, 165, 148, 54, 137, 125, 84, 175, 187,
       191, 168, 25, 207, 163, 72, 159, 129, 215, 236, 16, 62, 75, 219,
       50, 155, 215, 85, 127, 194, 108, 142, 7, 223, 89, 135, 190, 11,
       212, 30, 42, 189, 202, 130, 87, 236, 254, 35, 227, 196, 247, 249,
       199, 237, 207, 211, 238, 185, 119, 207, 154, 10, 117, 41, 95, 41,
       56, 48, 73, 77, 221, 208, 11, 207, 248, 164, 76, 154, 152, 86,
       166, 200, 40, 250, 13, 159, 42, 215, 209, 7, 89, 17, 63, 91, 12,
       90, 134, 92, 188, 150, 178, 153, 237, 80, 138, 167, 61, 171, 25,
       207, 243, 72, 154, 129, 215, 237, 16, 26, 75, 155, 51, 153, 215,
       85, 127, 194, 71, 142, 3, 173, 54, 117, 69, 100, 62, 234, 56, 125,
       234, 115, 100, 217, 82, 157, 181, 30, 76, 86, 110, 229, 176, 109,
       78, 6, 184, 35, 132, 78, 241, 66, 181, 205, 86, 115, 199, 116, 14,
       107, 56, 125, 232, 127, 100, 223, 83, 137, 116, 54, 220, 62, 110,
       225, 148, 233, 206, 230, 184, 33, 132, 46, 179, 64, 49, 133, 22,
       101, 69, 36, 63, 238, 25, 125, 234, 115, 124, 219, 72, 157, 172,
       62, 12, 86, 47, 165, 180, 109, 222, 6, 94, 97, 132, 79, 239, 91,
       149, 185, 207, 104, 47, 87, 155, 206, 232, 85, 102, 124, 143, 107,
       104, 158, 145, 59, 170, 134, 239, 236, 186, 77, 63, 114, 79, 37,
       165, 119, 174, 90, 204, 50, 249, 104, 206, 127, 91, 223, 236, 27,
       228, 252, 171, 106, 140, 23, 16, 254, 253, 247, 231, 204, 115,
       253, 255, 119, 95, 141, 187, 119, 62, 214, 222, 157, 81, 63, 239,
       48, 14, 127, 56, 44, 232, 87, 68, 223, 87, 169, 96, 118, 85, 127,
       234, 193, 145, 57, 76, 229, 237, 43, 132, 40, 179, 33, 49, 219,
       214, 156, 181, 170, 62, 28, 190, 184, 255, 150, 245, 207, 38, 138,
       219, 167, 69, 253, 165, 173, 197, 215, 130, 130, 227, 127, 151,
       172, 244, 137, 85, 29, 85, 31, 255, 52, 134, 127, 248, 188, 200,
       219, 70, 223, 215, 57, 96, 246, 125, 63, 235, 201, 145, 27, 204,
       233, 239, 175, 4, 56, 179, 33, 179, 6, 253, 191, 187, 95, 197,
       191, 232, 158, 212, 220, 2, 236, 255, 109, 96, 255, 121, 179, 227,
       66, 67, 58, 255, 61, 151, 143, 47, 16, 123, 37, 250, 68, 112, 145,
       101, 35, 104, 81, 2, 107, 234, 34, 56, 158, 183, 65, 58, 163, 116,
       108, 24, 1, 117, 177, 0, 213, 184, 117, 50, 224, 113, 7, 43, 95,
       182, 184, 178, 170, 60, 28, 159, 187, 191, 157, 253, 143, 238, 90,
       10, 135, 87, 253, 21, 158, 65, 203, 162, 218, 213, 127, 255, 140,
       117, 139, 83, 80, 217, 127, 126, 98, 200, 53, 229, 172, 17, 98,
       161, 63, 247, 32, 112, 34, 59, 125, 192, 82, 153, 50, 125, 241,
       163, 118, 11, 112, 2, 167, 251, 16, 121, 191, 119, 3, 207, 119,
       180, 60, 128, 102, 8, 246, 181, 1, 113, 162, 124, 121, 74, 65,
       248, 48, 44, 229, 171, 100, 0, 96, 58, 71, 186, 101, 233, 193, 71,
       221, 92, 230, 172, 99, 240, 40, 76, 66, 192, 220, 182, 72, 204,
       98, 94, 223, 122, 255, 224, 46, 56, 133, 108, 75, 190, 218, 140,
       173, 44, 91, 97, 240, 46, 107, 80, 113, 170, 127, 88, 87, 3, 145,
       16, 183, 12, 4, 62, 57, 180, 1, 14, 239, 207, 37, 68, 232, 163,
       66, 161, 216, 156, 59, 126, 19, 236, 85, 39, 249, 11, 167, 24, 63,
       183, 32, 115, 161, 183, 221, 0, 120, 79, 178, 47, 243, 255, 16,
       91, 34, 64, 167, 107, 216, 125, 159, 164, 178, 74, 55, 166, 160,
       226, 170, 32, 255, 55, 65, 114, 35, 247, 108, 114, 97, 201, 161,
       42, 248, 167, 103, 2, 160, 114, 39, 123, 68, 115, 153, 165, 160,
       78, 109, 60, 44, 172, 50, 109, 215, 7, 9, 82, 150, 85, 109, 100,
       73, 208, 217, 8, 229, 241, 47, 132, 0, 240, 7, 123, 84, 79, 255,
       117, 162, 2, 63, 150, 164, 134, 138, 225, 237, 39, 161, 91, 38,
       247, 237, 242, 96, 193, 165, 104, 248, 226, 111, 129, 160, 243,
       37, 43, 185, 160, 136, 121, 149, 111, 84, 159, 86, 39, 230, 25,
       147, 33, 90, 88, 217, 142, 104, 28, 58, 252, 81, 23, 207, 207, 84,
       85, 226, 200, 218, 10, 14, 179, 233, 131, 242, 251, 186, 89, 11,
       237, 25, 239, 205, 76, 222, 132, 63, 27, 151, 245, 151, 16, 45,
       210, 46, 4, 175, 231, 189, 143, 159, 213, 52, 205, 237, 175, 150,
       235, 111, 166, 20, 246, 202, 131, 99, 101, 59, 64, 121, 238, 51,
       239, 120, 154, 125, 175, 252, 103, 205, 65, 181, 255, 212, 248,
       254, 253, 254, 231, 191, 86, 94, 252, 31, 238, 254, 47, 123, 125,
       31, 112, 253, 215, 253, 227, 236, 227, 249, 190, 251, 255, 175,
       151, 247, 127, 244, 127, 32, 189, 122, 240, 252, 237, 85, 215,
