%YAML:1.0
---
descriptors: !!opencv-matrix
   rows: 138
   cols: 32
   dt: u
   data: [ 42, 238, 240, 139, 110, 81, 182, 232, 95, 242, 220, 235, 109,
       252, 215, 165, 127, 217, 247, 227, 198, 114, 207, 249, 62, 65,
       239, 175, 119, 255, 61, 207, 182, 7, 175, 172, 188, 111, 223, 111,
       29, 142, 249, 155, 70, 237, 54, 1, 253, 191, 71, 37, 120, 227, 0,
       142, 249, 247, 79, 159, 213, 104, 183, 83, 67, 158, 135, 149, 32,
       54, 172, 55, 172, 219, 90, 245, 252, 102, 150, 207, 167, 103, 255,
       141, 181, 216, 133, 205, 4, 62, 254, 128, 12, 228, 169, 93, 169,
       244, 30, 97, 112, 31, 114, 244, 125, 40, 118, 76, 159, 19, 139,
       49, 180, 24, 70, 106, 229, 180, 49, 47, 231, 217, 32, 4, 74, 155,
       74, 139, 65, 189, 44, 37, 160, 14, 125, 55, 104, 234, 126, 77,
       183, 61, 18, 51, 133, 111, 124, 13, 213, 248, 241, 12, 231, 191,
       116, 16, 72, 224, 195, 89, 0, 157, 63, 126, 147, 205, 53, 119,
       172, 93, 110, 13, 190, 183, 32, 113, 164, 51, 75, 4, 211, 153, 50,
       109, 243, 143, 86, 2, 200, 64, 167, 123, 101, 165, 217, 96, 208,
       77, 67, 154, 115, 224, 44, 8, 19, 243, 73, 48, 25, 204, 80, 248,
       27, 82, 248, 10, 255, 141, 5, 60, 170, 243, 66, 160, 44, 53, 149,
       119, 140, 47, 167, 56, 110, 178, 171, 84, 243, 113, 24, 11, 153,
       70, 106, 122, 49, 240, 217, 44, 77, 174, 119, 20, 200, 123, 209,
       160, 218, 131, 6, 58, 139, 144, 60, 47, 183, 87, 199, 181, 239,
       198, 170, 221, 230, 139, 236, 132, 126, 205, 175, 85, 178, 243,
       90, 75, 50, 4, 173, 94, 237, 108, 153, 229, 56, 47, 79, 58, 18,
       170, 44, 88, 215, 55, 65, 48, 148, 92, 124, 106, 41, 116, 249, 63,
       229, 223, 33, 52, 80, 251, 2, 32, 190, 28, 110, 254, 94, 225, 219,
       80, 148, 70, 213, 131, 113, 205, 51, 65, 106, 176, 147, 195, 32,
       167, 62, 191, 83, 35, 224, 153, 119, 175, 124, 250, 178, 111, 191,
       236, 8, 71, 95, 236, 159, 174, 176, 139, 102, 255, 33, 19, 254,
       245, 239, 226, 104, 199, 107, 250, 241, 211, 175, 59, 17, 123, 39,
       235, 181, 62, 124, 247, 54, 239, 251, 24, 126, 236, 118, 167, 247,
       127, 159, 104, 127, 189, 63, 189, 161, 240, 125, 94, 207, 175,
       163, 196, 101, 171, 93, 241, 29, 221, 108, 247, 245, 223, 253,
       182, 117, 125, 254, 166, 235, 125, 159, 237, 127, 255, 255, 223,
       191, 250, 125, 237, 255, 251, 231, 129, 239, 220, 236, 117, 191,
       123, 119, 99, 99, 31, 254, 240, 113, 232, 115, 238, 75, 92, 149,
       181, 190, 125, 214, 102, 229, 240, 61, 172, 47, 219, 69, 166, 111,
       183, 74, 213, 129, 144, 253, 85, 52, 30, 113, 59, 126, 241, 230,
       84, 211, 117, 132, 107, 149, 20, 108, 40, 185, 248, 115, 28, 207,
       251, 113, 84, 200, 168, 64, 56, 88, 21, 125, 229, 52, 110, 127,
       60, 52, 236, 255, 165, 247, 119, 155, 96, 94, 212, 125, 174, 233,
       176, 121, 15, 239, 239, 167, 128, 36, 242, 69, 123, 175, 249, 112,
       94, 125, 157, 227, 252, 87, 64, 117, 14, 104, 216, 254, 164, 88,
       232, 146, 74, 231, 50, 126, 255, 54, 28, 1, 42, 95, 159, 90, 140,
       248, 120, 57, 188, 45, 205, 83, 196, 159, 214, 164, 9, 190, 157,
       67, 27, 200, 248, 237, 66, 106, 103, 242, 176, 211, 209, 65, 59,
       112, 57, 86, 122, 68, 147, 190, 254, 168, 172, 52, 159, 238, 151,
       168, 33, 228, 251, 96, 90, 199, 119, 105, 16, 18, 105, 147, 96,
       201, 182, 86, 91, 144, 112, 165, 3, 93, 236, 145, 197, 53, 30, 66,
       184, 119, 168, 14, 72, 255, 81, 217, 244, 16, 204, 124, 122, 75,
       52, 217, 171, 171, 252, 5, 116, 10, 187, 90, 32, 173, 46, 60, 103,
       108, 63, 86, 48, 123, 46, 179, 93, 231, 9, 23, 25, 156, 132, 69,
       111, 236, 244, 89, 158, 199, 219, 97, 50, 64, 251, 90, 195, 57,
       91, 111, 239, 102, 14, 111, 52, 100, 64, 254, 230, 115, 47, 145,
       112, 110, 230, 63, 206, 201, 184, 101, 173, 118, 239, 226, 128,
       111, 186, 112, 249, 92, 185, 144, 178, 153, 205, 84, 175, 167, 53,
       171, 25, 239, 243, 72, 208, 129, 151, 237, 16, 90, 75, 219, 21,
       251, 245, 31, 127, 226, 2, 175, 10, 86, 104, 170, 133, 5, 118,
       111, 64, 112, 164, 198, 2, 81, 146, 83, 124, 120, 253, 121, 251,
       8, 215, 165, 72, 209, 169, 143, 5, 33, 51, 55, 38, 171, 251, 105,
       187, 254, 149, 154, 253, 31, 73, 84, 239, 189, 76, 214, 32, 142,
       43, 151, 85, 247, 168, 110, 255, 110, 29, 175, 234, 92, 142, 153,
       221, 216, 145, 191, 254, 139, 196, 17, 39, 175, 21, 175, 16, 254,
       255, 32, 114, 162, 55, 253, 0, 90, 9, 178, 193, 211, 241, 82, 91,
       50, 2, 167, 107, 118, 96, 204, 163, 76, 13, 236, 204, 43, 182,
       163, 143, 199, 202, 87, 155, 248, 237, 235, 119, 76, 119, 219,
       224, 157, 209, 207, 60, 193, 59, 82, 194, 125, 133, 70, 238, 149,
       62, 86, 168, 117, 132, 239, 13, 91, 105, 58, 208, 216, 230, 237,
       110, 44, 163, 89, 190, 251, 255, 133, 85, 106, 191, 232, 2, 177,
       172, 30, 59, 140, 191, 176, 207, 94, 115, 242, 82, 211, 24, 22,
       105, 217, 14, 106, 17, 191, 253, 85, 54, 140, 43, 115, 81, 221,
       72, 249, 140, 224, 180, 156, 112, 220, 237, 81, 207, 250, 59, 164,
       24, 22, 179, 72, 27, 129, 146, 106, 24, 58, 107, 210, 19, 223,
       159, 85, 124, 192, 72, 194, 42, 216, 209, 61, 237, 8, 79, 87, 57,
       164, 12, 166, 8, 247, 19, 0, 115, 128, 84, 125, 106, 104, 165,
       113, 29, 225, 235, 96, 16, 112, 178, 198, 42, 100, 165, 156, 114,
       137, 237, 65, 11, 162, 187, 173, 24, 211, 247, 72, 58, 201, 150,
       108, 18, 26, 99, 234, 52, 205, 199, 117, 125, 192, 65, 206, 34,
       92, 213, 63, 174, 146, 70, 95, 184, 180, 132, 207, 2, 95, 127, 43,
       113, 246, 213, 237, 227, 104, 129, 57, 140, 243, 231, 39, 5, 32,
       179, 37, 99, 169, 133, 109, 87, 180, 63, 234, 191, 119, 97, 119,
       86, 243, 104, 156, 229, 125, 206, 54, 173, 189, 248, 125, 255, 46,
       255, 183, 68, 237, 200, 216, 188, 197, 81, 115, 79, 112, 78, 107,
       184, 125, 136, 119, 68, 121, 87, 173, 116, 118, 220, 62, 106, 193,
       148, 57, 238, 119, 188, 39, 132, 42, 179, 100, 49, 133, 22, 108,
       55, 36, 62, 234, 56, 124, 234, 115, 245, 223, 104, 159, 41, 254,
       5, 126, 47, 165, 244, 77, 206, 132, 123, 107, 132, 77, 229, 91,
       149, 165, 86, 113, 71, 116, 30, 234, 184, 121, 200, 115, 68, 217,
       90, 157, 245, 118, 204, 22, 238, 229, 180, 253, 238, 38, 56, 35,
       128, 77, 179, 75, 165, 60, 245, 169, 51, 221, 239, 215, 204, 18,
       253, 189, 29, 211, 253, 90, 24, 217, 218, 213, 247, 186, 114, 120,
       50, 235, 207, 165, 253, 209, 95, 214, 242, 228, 161, 232, 14, 217,
       89, 87, 136, 211, 245, 165, 9, 66, 229, 79, 114, 89, 206, 232,
       122, 62, 99, 254, 51, 127, 5, 69, 125, 242, 251, 222, 86, 110, 38,
       227, 82, 227, 112, 125, 207, 59, 191, 61, 187, 73, 239, 207, 158,
       63, 223, 247, 144, 16, 82, 174, 194, 30, 95, 213, 175, 167, 245,
       238, 245, 110, 180, 241, 82, 235, 121, 184, 207, 123, 243, 61,
       186, 8, 190, 207, 190, 63, 223, 242, 144, 23, 122, 174, 210, 30,
       94, 85, 239, 231, 228, 207, 247, 180, 239, 105, 163, 196, 233,
       230, 199, 116, 68, 122, 135, 147, 233, 91, 0, 121, 234, 34, 91,
       94, 176, 85, 34, 101, 193, 164, 1, 229, 251, 212, 202, 111, 180,
       240, 18, 223, 253, 176, 207, 91, 243, 61, 63, 8, 252, 94, 190,
       191, 91, 242, 21, 151, 122, 254, 210, 31, 95, 21, 127, 207, 76,
       219, 223, 135, 251, 121, 203, 126, 149, 251, 252, 94, 104, 21,
       230, 253, 93, 222, 32, 30, 25, 23, 255, 227, 56, 127, 255, 110,
       153, 175, 224, 61, 138, 145, 249, 208, 249, 190, 118, 3, 204, 53,
       103, 168, 5, 110, 0, 62, 255, 32, 114, 162, 51, 121, 65, 64, 249,
       178, 109, 241, 225, 94, 3, 96, 16, 167, 107, 28, 73, 126, 175,
       187, 67, 95, 104, 22, 132, 223, 163, 207, 127, 35, 64, 250, 245,
       191, 227, 104, 131, 73, 188, 250, 231, 175, 149, 52, 59, 45, 83,
       149, 159, 91, 97, 240, 175, 115, 115, 61, 170, 123, 88, 87, 51, 0,
       49, 183, 61, 6, 42, 113, 188, 17, 30, 237, 207, 33, 68, 96, 224,
