%YAML:1.0
---
descriptors: !!opencv-matrix
   rows: 171
   cols: 32
   dt: u
   data: [ 114, 89, 235, 124, 19, 212, 31, 246, 177, 204, 222, 39, 58,
       253, 55, 80, 236, 247, 149, 195, 205, 139, 178, 235, 115, 109,
       172, 155, 47, 116, 118, 91, 6, 237, 134, 191, 156, 3, 46, 233,
       158, 178, 203, 135, 228, 233, 57, 65, 209, 111, 123, 247, 98, 211,
       207, 255, 188, 54, 207, 6, 156, 126, 177, 128, 15, 228, 227, 209,
       230, 127, 189, 223, 30, 251, 92, 210, 157, 255, 251, 172, 127, 27,
       151, 157, 195, 246, 126, 210, 111, 95, 255, 228, 159, 252, 181,
       245, 171, 244, 251, 213, 238, 125, 188, 95, 58, 247, 124, 178,
       157, 191, 250, 43, 127, 95, 55, 29, 244, 118, 246, 194, 127, 91,
       255, 173, 199, 252, 231, 241, 227, 246, 112, 92, 249, 252, 124,
       151, 251, 95, 124, 188, 40, 222, 222, 255, 199, 187, 254, 28, 183,
       111, 246, 243, 55, 120, 20, 251, 94, 212, 206, 85, 52, 12, 203,
       250, 54, 162, 235, 64, 148, 129, 219, 162, 113, 255, 161, 64, 122,
       184, 19, 152, 26, 179, 0, 140, 216, 165, 171, 64, 181, 235, 112,
       160, 43, 254, 230, 24, 237, 249, 252, 215, 255, 95, 244, 191, 40,
       236, 182, 159, 239, 235, 231, 149, 182, 111, 38, 243, 30, 94, 212,
       235, 223, 220, 254, 223, 181, 9, 67, 65, 222, 153, 226, 192, 69,
       32, 182, 202, 19, 8, 181, 228, 104, 228, 74, 126, 221, 179, 69,
       226, 54, 8, 131, 112, 127, 171, 122, 132, 90, 249, 50, 186, 27,
       213, 22, 232, 171, 21, 168, 41, 174, 222, 102, 176, 230, 243, 253,
       211, 94, 11, 186, 245, 187, 213, 15, 123, 16, 23, 167, 95, 245,
       64, 67, 201, 78, 29, 232, 64, 69, 48, 243, 218, 147, 136, 188,
       230, 108, 136, 90, 254, 203, 55, 109, 192, 22, 232, 130, 36, 119,
       139, 112, 164, 2, 137, 54, 155, 245, 211, 188, 173, 29, 29, 82, 3,
       236, 110, 46, 197, 216, 3, 179, 193, 86, 152, 67, 253, 47, 114,
       222, 195, 22, 12, 189, 78, 11, 56, 251, 251, 228, 173, 249, 83,
       191, 89, 124, 118, 189, 191, 244, 42, 239, 187, 55, 157, 147, 122,
       226, 225, 223, 223, 254, 234, 157, 72, 163, 251, 41, 159, 127,
       109, 116, 174, 127, 55, 116, 76, 126, 68, 191, 55, 128, 112, 6,
       54, 86, 12, 177, 184, 113, 31, 239, 239, 32, 192, 107, 192, 194,
       249, 45, 253, 123, 235, 172, 221, 238, 245, 109, 64, 251, 66, 211,
       88, 156, 224, 120, 206, 126, 123, 223, 176, 253, 230, 182, 253,
       166, 64, 239, 219, 248, 132, 105, 110, 212, 101, 52, 46, 102, 63,
       112, 170, 122, 72, 211, 33, 145, 178, 93, 196, 108, 60, 169, 244,
       197, 14, 172, 239, 101, 4, 234, 248, 90, 168, 50, 42, 198, 133,
       22, 2, 200, 74, 22, 165, 194, 199, 1, 2, 48, 201, 120, 172, 35,
       205, 8, 222, 69, 156, 24, 34, 250, 64, 45, 136, 56, 8, 138, 140,
       47, 249, 181, 234, 233, 39, 188, 67, 78, 145, 189, 175, 48, 64,
       227, 59, 155, 21, 51, 156, 16, 239, 197, 119, 154, 65, 134, 196,
       149, 248, 131, 150, 23, 186, 112, 174, 184, 18, 252, 91, 67, 85,
       220, 222, 40, 249, 165, 35, 58, 29, 183, 221, 50, 87, 13, 58, 90,
       66, 152, 0, 161, 85, 249, 69, 148, 101, 168, 11, 109, 171, 112,
       162, 226, 8, 195, 35, 145, 151, 89, 196, 104, 44, 104, 246, 197,
       14, 188, 174, 101, 52, 104, 248, 74, 136, 131, 216, 90, 220, 109,
       149, 172, 246, 221, 74, 84, 70, 40, 154, 183, 101, 238, 107, 22,
       207, 231, 47, 54, 253, 50, 121, 218, 139, 31, 156, 121, 141, 201,
       81, 107, 109, 38, 84, 125, 53, 225, 196, 87, 166, 185, 79, 154,
       103, 54, 49, 221, 238, 193, 128, 182, 205, 103, 233, 166, 136, 39,
       182, 245, 121, 29, 20, 124, 227, 180, 54, 239, 184, 84, 166, 223,
       2, 81, 127, 187, 97, 127, 212, 29, 186, 169, 180, 61, 142, 235,
       207, 167, 68, 189, 251, 124, 48, 50, 141, 6, 184, 157, 227, 147,
       238, 159, 4, 216, 3, 110, 232, 34, 65, 248, 187, 139, 97, 62, 171,
       18, 253, 185, 214, 139, 91, 81, 14, 53, 206, 242, 89, 235, 190,
       95, 192, 151, 228, 129, 68, 208, 143, 34, 252, 55, 82, 200, 243,
       217, 195, 204, 43, 246, 175, 115, 101, 136, 155, 117, 63, 52, 90,
       69, 1, 110, 79, 92, 15, 239, 248, 70, 164, 223, 2, 209, 225, 191,
       100, 120, 236, 58, 238, 201, 176, 127, 92, 125, 47, 231, 4, 5,
       187, 120, 160, 39, 97, 99, 141, 92, 3, 235, 104, 102, 224, 219,
       194, 209, 194, 157, 100, 120, 205, 122, 239, 205, 146, 239, 220,
       52, 44, 143, 172, 61, 175, 48, 228, 13, 97, 126, 77, 116, 11, 231,
       120, 100, 160, 119, 2, 211, 121, 157, 96, 120, 76, 106, 106, 192,
       240, 125, 76, 102, 175, 99, 4, 111, 187, 120, 160, 155, 159, 2,
       185, 211, 146, 46, 119, 52, 67, 95, 247, 237, 226, 178, 196, 119,
       43, 179, 149, 247, 156, 4, 255, 172, 103, 190, 192, 175, 196, 185,
       213, 34, 75, 110, 158, 108, 193, 183, 228, 130, 84, 208, 171, 32,
       236, 55, 1, 200, 235, 179, 67, 76, 43, 238, 185, 118, 48, 200,
       187, 85, 63, 118, 218, 120, 249, 122, 234, 27, 213, 86, 244, 171,
       4, 172, 41, 47, 223, 98, 144, 254, 251, 213, 194, 78, 43, 154,
       189, 251, 213, 7, 123, 50, 23, 175, 11, 242, 93, 107, 126, 27,
       196, 159, 246, 145, 76, 212, 167, 48, 221, 55, 113, 236, 243, 149,
       195, 233, 139, 176, 239, 115, 41, 172, 155, 37, 55, 118, 123, 34,
       167, 10, 139, 210, 137, 174, 103, 46, 5, 250, 227, 160, 38, 8, 80,
       108, 187, 203, 148, 82, 155, 69, 205, 188, 36, 142, 193, 129, 74,
       167, 200, 9, 157, 62, 254, 177, 222, 124, 55, 173, 72, 126, 44,
       191, 191, 130, 241, 166, 55, 221, 0, 81, 185, 48, 237, 231, 251,
       38, 130, 74, 132, 139, 27, 10, 140, 62, 186, 181, 236, 177, 103,
       189, 15, 94, 17, 172, 187, 50, 65, 161, 43, 131, 9, 50, 153, 34,
       255, 207, 119, 26, 67, 146, 68, 165, 235, 181, 77, 66, 65, 212,
       137, 230, 226, 100, 160, 178, 202, 35, 8, 53, 113, 104, 224, 74,
       218, 77, 191, 68, 238, 52, 12, 130, 16, 109, 185, 122, 132, 78,
       201, 134, 154, 201, 212, 28, 239, 159, 21, 136, 17, 236, 238, 110,
       222, 201, 219, 235, 209, 30, 75, 218, 241, 187, 118, 223, 123,
       146, 85, 175, 78, 250, 92, 122, 126, 46, 148, 159, 246, 145, 74,
       244, 39, 60, 223, 183, 113, 206, 241, 149, 199, 232, 143, 50, 235,
       115, 121, 252, 154, 31, 245, 50, 123, 82, 230, 235, 190, 122, 208,
       189, 111, 191, 31, 221, 179, 45, 174, 170, 81, 111, 155, 207, 129,
       102, 11, 166, 209, 242, 103, 254, 139, 53, 212, 165, 251, 58, 37,
       230, 12, 159, 115, 190, 107, 247, 198, 140, 131, 106, 236, 127,
       132, 123, 234, 235, 247, 76, 227, 63, 248, 186, 87, 207, 59, 119,
       126, 126, 222, 130, 129, 36, 137, 221, 215, 188, 45, 143, 16, 90,
       3, 236, 206, 54, 196, 220, 59, 179, 225, 86, 24, 67, 213, 47, 112,
       138, 79, 20, 14, 189, 142, 118, 168, 132, 190, 29, 149, 218, 232,
       143, 180, 128, 15, 238, 200, 127, 198, 233, 233, 251, 215, 78, 79,
       218, 245, 155, 112, 143, 63, 23, 47, 29, 206, 205, 82, 252, 255,
       38, 62, 124, 24, 127, 218, 119, 246, 223, 105, 155, 121, 54, 237,
       126, 79, 133, 244, 111, 217, 198, 251, 99, 128, 238, 243, 73, 17,
       118, 167, 130, 168, 153, 103, 30, 207, 15, 5, 168, 137, 14, 238,
       46, 208, 217, 219, 203, 241, 30, 11, 192, 242, 185, 180, 142, 127,
       144, 94, 174, 70, 3, 188, 35, 137, 244, 247, 171, 239, 94, 105,
       88, 198, 188, 174, 188, 164, 127, 11, 19, 141, 183, 152, 52, 247,
       44, 30, 190, 196, 29, 76, 177, 253, 253, 212, 231, 207, 84, 78,
       107, 252, 119, 225, 247, 214, 91, 119, 184, 116, 127, 220, 63,
       254, 233, 247, 61, 206, 255, 238, 167, 68, 175, 187, 112, 113,
       142, 206, 224, 255, 163, 114, 95, 190, 25, 6, 94, 147, 233, 111,
       189, 205, 87, 95, 181, 239, 240, 220, 237, 235, 111, 255, 222,
       131, 183, 245, 149, 249, 77, 50, 254, 225, 236, 28, 121, 153, 237,
       219, 118, 100, 157, 251, 219, 123, 231, 13, 127, 60, 147, 241,
       227, 192, 206, 249, 55, 198, 142, 164, 33, 241, 251, 255, 98, 182,
       127, 146, 254, 254, 63, 238, 222, 239, 104, 238, 183, 213, 254,
