%YAML:1.0
---
descriptors: !!opencv-matrix
   rows: 140
   cols: 32
   dt: u
   data: [ 198, 172, 191, 222, 188, 32, 174, 175, 218, 179, 24, 208, 252,
       234, 252, 2, 151, 127, 121, 159, 179, 77, 139, 251, 168, 62, 255,
       252, 140, 243, 129, 41, 120, 205, 92, 105, 29, 223, 82, 172, 71,
       164, 174, 9, 211, 1, 0, 209, 72, 228, 108, 106, 104, 42, 89, 61,
       235, 223, 5, 93, 114, 154, 84, 42, 208, 123, 219, 38, 170, 10, 87,
       245, 232, 238, 178, 45, 247, 11, 195, 19, 166, 245, 76, 103, 225,
       103, 128, 106, 240, 229, 103, 184, 104, 178, 135, 89, 56, 237, 26,
       115, 53, 205, 119, 228, 238, 140, 110, 9, 191, 217, 34, 16, 176,
       122, 135, 90, 82, 185, 154, 63, 235, 205, 36, 113, 66, 26, 207,
       138, 69, 54, 249, 103, 224, 46, 105, 24, 106, 187, 63, 92, 213,
       119, 201, 122, 151, 93, 124, 62, 145, 208, 249, 66, 205, 191, 99,
       164, 136, 227, 67, 161, 2, 166, 153, 153, 236, 169, 188, 175, 30,
       51, 25, 253, 148, 226, 200, 8, 207, 27, 107, 21, 51, 72, 207, 215,
       76, 22, 126, 252, 156, 72, 129, 153, 245, 201, 70, 206, 31, 66,
       198, 232, 197, 0, 243, 2, 99, 72, 60, 103, 120, 196, 110, 234,
       104, 167, 77, 237, 177, 170, 199, 20, 117, 187, 112, 44, 234, 188,
       238, 18, 221, 249, 181, 135, 155, 87, 166, 187, 170, 172, 86, 10,
       139, 179, 251, 17, 62, 109, 246, 227, 79, 87, 220, 91, 199, 76,
       214, 94, 1, 191, 59, 169, 242, 175, 59, 55, 126, 77, 120, 237,
       191, 183, 128, 80, 167, 59, 86, 1, 146, 152, 128, 127, 236, 149,
       58, 194, 204, 192, 131, 219, 177, 141, 74, 253, 212, 170, 111,
       231, 116, 2, 238, 2, 35, 161, 176, 113, 104, 238, 2, 234, 120,
       191, 4, 47, 244, 175, 198, 1, 101, 248, 248, 8, 50, 253, 250, 252,
       125, 149, 94, 238, 27, 128, 248, 11, 42, 255, 100, 16, 217, 251,
       151, 64, 74, 59, 218, 255, 123, 221, 149, 63, 113, 26, 126, 138,
       124, 122, 152, 166, 40, 73, 82, 152, 163, 191, 164, 41, 207, 239,
       75, 26, 151, 213, 237, 82, 14, 67, 203, 48, 219, 197, 101, 189,
       160, 243, 14, 3, 13, 181, 24, 195, 253, 61, 225, 153, 110, 249,
       191, 94, 222, 24, 218, 174, 187, 10, 222, 58, 151, 112, 249, 212,
       207, 221, 35, 116, 202, 15, 201, 247, 136, 136, 185, 251, 48, 237,
       83, 159, 22, 15, 68, 48, 183, 23, 160, 112, 85, 58, 61, 24, 58,
       156, 99, 63, 235, 143, 48, 144, 178, 200, 196, 107, 124, 54, 122,
       103, 208, 46, 123, 112, 33, 174, 175, 140, 75, 103, 75, 18, 61,
       213, 77, 186, 56, 147, 185, 78, 255, 237, 165, 164, 227, 227, 38,
       240, 197, 175, 211, 158, 252, 32, 174, 175, 218, 179, 25, 208,
       253, 226, 249, 66, 19, 111, 106, 191, 51, 77, 143, 251, 172, 54,
       191, 108, 140, 243, 129, 168, 245, 81, 95, 236, 44, 14, 95, 56,
       165, 200, 243, 110, 91, 119, 45, 119, 246, 213, 124, 226, 233,
       131, 121, 140, 179, 251, 225, 158, 58, 187, 96, 49, 98, 32, 241,
       225, 100, 40, 248, 3, 105, 177, 50, 155, 143, 11, 85, 26, 174,
       157, 125, 153, 154, 240, 193, 192, 158, 216, 155, 162, 197, 192,
       67, 132, 179, 91, 99, 79, 118, 147, 175, 116, 85, 200, 115, 230,
       113, 76, 181, 229, 126, 168, 22, 239, 193, 182, 44, 255, 52, 40,
       171, 128, 127, 190, 112, 253, 250, 188, 51, 184, 59, 205, 82, 66,
       175, 4, 160, 9, 46, 159, 32, 16, 166, 185, 223, 66, 74, 15, 18,
       253, 211, 209, 10, 59, 82, 5, 39, 91, 117, 248, 151, 54, 45, 77,
       69, 196, 235, 250, 160, 8, 255, 214, 69, 63, 137, 229, 108, 74,
       75, 103, 250, 161, 145, 250, 85, 58, 64, 58, 194, 109, 181, 31,
       66, 179, 214, 59, 231, 231, 61, 99, 251, 254, 155, 40, 135, 237,
       105, 207, 142, 167, 61, 190, 101, 238, 180, 142, 158, 16, 237, 89,
       249, 252, 240, 223, 94, 237, 178, 2, 95, 181, 49, 4, 254, 230,
       119, 31, 128, 113, 54, 245, 61, 226, 248, 152, 5, 61, 250, 233,
       100, 208, 61, 160, 166, 59, 132, 143, 22, 222, 252, 171, 134, 239,
       222, 178, 248, 88, 254, 225, 44, 65, 211, 111, 106, 43, 48, 111,
       75, 127, 168, 182, 87, 124, 212, 121, 193, 137, 60, 93, 53, 254,
       29, 207, 86, 176, 197, 72, 233, 72, 254, 117, 33, 240, 196, 114,
       221, 98, 107, 169, 122, 63, 227, 255, 33, 26, 90, 58, 64, 59, 65,
       193, 77, 43, 56, 138, 79, 188, 102, 49, 235, 128, 247, 99, 136,
       80, 82, 198, 108, 106, 75, 144, 93, 61, 228, 239, 96, 84, 56, 147,
       192, 0, 129, 203, 71, 67, 176, 222, 111, 183, 36, 96, 98, 192,
       185, 7, 132, 245, 46, 214, 70, 206, 249, 184, 113, 117, 37, 168,
       54, 192, 99, 146, 226, 184, 40, 57, 127, 85, 112, 206, 253, 119,
       125, 140, 118, 96, 54, 55, 128, 48, 38, 62, 118, 72, 129, 184, 49,
       108, 103, 190, 48, 128, 66, 128, 71, 233, 162, 176, 152, 184, 237,
       237, 176, 79, 159, 63, 32, 57, 142, 159, 108, 152, 201, 27, 195,
       17, 50, 110, 194, 209, 159, 211, 18, 127, 210, 8, 143, 139, 93,
       184, 151, 254, 139, 228, 49, 223, 175, 89, 142, 76, 254, 247, 97,
       255, 165, 119, 124, 24, 19, 75, 187, 241, 217, 251, 95, 122, 138,
       66, 161, 59, 7, 160, 193, 139, 252, 41, 169, 79, 30, 49, 49, 218,
       157, 2, 216, 136, 43, 11, 106, 29, 19, 88, 207, 213, 12, 16, 31,
       124, 156, 136, 129, 128, 142, 180, 48, 18, 249, 249, 184, 207,
       187, 127, 29, 189, 140, 156, 78, 12, 143, 27, 243, 21, 22, 110,
       250, 215, 207, 86, 31, 239, 198, 4, 143, 215, 16, 15, 78, 124,
       148, 138, 102, 231, 244, 134, 234, 2, 99, 33, 49, 81, 104, 230,
       44, 200, 120, 187, 4, 47, 240, 239, 246, 1, 97, 248, 224, 8, 113,
       121, 191, 110, 45, 77, 71, 220, 235, 248, 164, 8, 183, 210, 65,
       54, 128, 245, 108, 74, 201, 35, 250, 33, 145, 253, 5, 58, 64, 50,
       71, 109, 228, 172, 213, 243, 205, 111, 64, 170, 215, 187, 179, 88,
       195, 121, 76, 139, 201, 70, 106, 18, 63, 108, 219, 178, 13, 218,
       85, 126, 240, 233, 208, 2, 197, 238, 207, 155, 220, 42, 103, 191,
       246, 147, 72, 214, 241, 226, 233, 64, 115, 110, 42, 190, 115, 220,
       143, 127, 172, 134, 175, 108, 172, 243, 129, 160, 252, 9, 126,
       110, 165, 30, 71, 113, 240, 136, 247, 8, 115, 217, 185, 115, 120,
       228, 44, 106, 120, 181, 41, 46, 115, 233, 229, 17, 115, 187, 254,
       34, 210, 56, 19, 184, 43, 237, 16, 67, 169, 28, 160, 57, 46, 158,
       33, 25, 162, 177, 223, 1, 42, 15, 18, 221, 147, 208, 26, 59, 16,
       1, 39, 187, 22, 231, 107, 12, 90, 83, 175, 232, 22, 132, 200, 131,
       97, 206, 189, 32, 126, 217, 130, 231, 70, 3, 175, 93, 48, 4, 143,
       141, 117, 51, 39, 212, 109, 75, 125, 101, 36, 10, 111, 52, 101,
       168, 126, 76, 243, 33, 145, 113, 18, 228, 108, 110, 201, 176, 101,
       44, 230, 249, 97, 0, 104, 187, 66, 41, 153, 74, 106, 77, 36, 91,
       103, 48, 117, 70, 102, 130, 227, 8, 151, 53, 122, 236, 6, 110,
       236, 180, 101, 40, 198, 233, 64, 1, 103, 187, 94, 236, 93, 36,
       216, 229, 230, 46, 106, 24, 50, 163, 107, 80, 215, 51, 73, 122,
       115, 77, 60, 58, 16, 208, 153, 2, 206, 237, 99, 4, 168, 227, 107,
       128, 34, 169, 122, 120, 125, 221, 208, 119, 83, 13, 252, 27, 42,
       157, 52, 48, 217, 186, 215, 0, 222, 42, 242, 183, 119, 253, 144,
       107, 83, 136, 222, 202, 50, 184, 135, 184, 122, 143, 184, 106, 63,
       187, 242, 235, 118, 255, 228, 24, 255, 185, 255, 149, 58, 251, 67,
       221, 156, 22, 95, 230, 201, 172, 34, 153, 208, 90, 223, 172, 42,
       2, 31, 48, 168, 198, 182, 237, 181, 15, 131, 83, 38, 245, 125,
       230, 225, 71, 164, 43, 208, 227, 107, 152, 44, 177, 39, 89, 196,
       112, 159, 68, 72, 111, 33, 218, 230, 186, 167, 24, 214, 247, 73,
       123, 1, 92, 106, 58, 1, 103, 187, 0, 85, 169, 101, 60, 192, 113,
       39, 163, 116, 118, 255, 100, 34, 106, 87, 28, 96, 142, 255, 120,
       87, 125, 193, 58, 182, 245, 125, 34, 136, 245, 161, 8, 211, 175,
       101, 132, 225, 241, 102, 51, 185, 115, 107, 161, 102, 127, 233,
       86, 109, 237, 191, 254, 31, 28, 210, 160, 46, 141, 215, 221, 137,
       54, 181, 208, 214, 137, 170, 228, 109, 139, 223, 241, 127, 112,
