%YAML:1.0
---
descriptors: !!opencv-matrix
   rows: 144
   cols: 32
   dt: u
   data: [ 104, 89, 123, 103, 116, 78, 111, 180, 52, 236, 126, 76, 247,
       85, 145, 112, 86, 252, 127, 110, 201, 176, 121, 45, 231, 173, 32,
       0, 96, 187, 70, 121, 245, 97, 233, 98, 204, 71, 79, 216, 67, 246,
       181, 10, 83, 77, 221, 59, 89, 196, 124, 126, 233, 103, 255, 48,
       251, 137, 229, 60, 245, 251, 86, 224, 243, 69, 102, 204, 23, 18,
       206, 96, 197, 32, 250, 2, 99, 104, 55, 229, 120, 228, 236, 235,
       236, 163, 5, 205, 178, 234, 194, 19, 119, 62, 120, 12, 138, 172,
       174, 185, 145, 164, 56, 71, 54, 31, 66, 21, 172, 239, 34, 72, 197,
       59, 163, 149, 54, 220, 83, 119, 207, 247, 154, 75, 144, 0, 173,
       218, 43, 164, 234, 72, 215, 185, 251, 95, 95, 1, 124, 138, 56,
       249, 246, 52, 123, 186, 147, 29, 146, 186, 254, 219, 127, 13, 17,
       105, 215, 206, 254, 238, 143, 248, 191, 255, 109, 156, 125, 156,
       255, 218, 102, 84, 253, 255, 95, 123, 229, 123, 123, 206, 231, 69,
       186, 243, 79, 219, 223, 40, 10, 245, 99, 250, 34, 251, 248, 223,
       238, 137, 150, 254, 75, 148, 56, 239, 174, 232, 197, 3, 142, 123,
       231, 67, 198, 106, 206, 249, 38, 16, 101, 187, 85, 249, 87, 143,
       14, 113, 182, 251, 173, 221, 188, 212, 175, 92, 21, 37, 140, 222,
       127, 235, 166, 27, 255, 83, 194, 65, 58, 241, 199, 217, 74, 235,
       150, 31, 133, 215, 233, 137, 183, 255, 173, 220, 116, 183, 255,
       27, 102, 16, 254, 253, 116, 123, 193, 102, 123, 92, 242, 120, 251,
       161, 239, 251, 86, 66, 210, 216, 208, 106, 118, 185, 184, 178,
       139, 205, 81, 221, 139, 61, 173, 9, 14, 221, 74, 26, 133, 211,
       221, 17, 30, 107, 218, 177, 219, 209, 21, 127, 242, 15, 142, 83,
       252, 112, 255, 100, 11, 78, 87, 152, 113, 162, 167, 8, 95, 243,
       65, 123, 50, 212, 124, 106, 105, 119, 185, 8, 211, 235, 101, 52,
       99, 243, 70, 34, 130, 245, 54, 136, 239, 93, 188, 239, 143, 214,
       156, 27, 140, 254, 111, 3, 239, 19, 219, 33, 118, 45, 58, 210, 63,
       80, 79, 63, 86, 126, 133, 223, 41, 181, 121, 69, 244, 79, 103, 63,
       117, 234, 126, 72, 211, 53, 149, 53, 121, 220, 22, 42, 233, 248,
       125, 14, 111, 239, 101, 4, 99, 250, 86, 248, 142, 189, 50, 236,
       239, 117, 190, 235, 139, 218, 188, 175, 140, 254, 119, 34, 175,
       115, 223, 227, 212, 11, 186, 242, 251, 217, 207, 191, 22, 119,
       167, 215, 72, 188, 190, 249, 169, 237, 52, 199, 191, 31, 174, 16,
       174, 187, 64, 90, 163, 115, 238, 16, 50, 77, 146, 243, 207, 215,
       86, 123, 194, 80, 135, 171, 26, 175, 97, 163, 179, 187, 47, 254,
       47, 101, 90, 194, 173, 39, 144, 132, 55, 91, 157, 206, 75, 152,
       45, 255, 173, 214, 143, 192, 54, 199, 133, 121, 158, 117, 62, 234,
       175, 85, 188, 221, 143, 220, 157, 35, 204, 223, 111, 43, 166, 91,
       223, 115, 198, 65, 186, 208, 251, 217, 79, 191, 22, 126, 165, 219,
       124, 73, 253, 101, 8, 74, 71, 136, 98, 164, 166, 8, 211, 67, 65,
       114, 50, 244, 104, 106, 72, 176, 249, 40, 231, 233, 69, 53, 98,
       179, 70, 98, 248, 65, 119, 236, 13, 94, 87, 48, 229, 8, 166, 10,
       123, 55, 32, 243, 224, 244, 252, 106, 104, 131, 49, 140, 243, 235,
       64, 17, 34, 170, 116, 42, 227, 91, 83, 140, 106, 6, 55, 116, 185,
       204, 242, 237, 86, 182, 167, 85, 222, 245, 38, 102, 237, 187, 182,
       76, 48, 50, 96, 138, 92, 188, 34, 125, 72, 189, 19, 124, 249, 205,
       53, 39, 105, 9, 110, 40, 190, 183, 0, 180, 128, 51, 228, 0, 83,
       40, 178, 109, 111, 254, 84, 75, 194, 0, 134, 59, 204, 141, 190,
       251, 173, 205, 116, 167, 239, 29, 174, 16, 174, 251, 96, 123, 129,
       119, 106, 80, 114, 105, 219, 241, 239, 251, 86, 123, 210, 88, 197,
       42, 53, 141, 75, 111, 148, 211, 238, 253, 84, 192, 250, 194, 115,
       104, 188, 96, 122, 238, 22, 238, 221, 184, 109, 61, 62, 173, 167,
       196, 125, 187, 248, 156, 41, 176, 53, 219, 237, 221, 208, 207,
       223, 113, 37, 24, 158, 216, 78, 173, 137, 10, 250, 17, 23, 108,
       122, 149, 15, 90, 85, 127, 218, 12, 218, 198, 32, 233, 57, 250,
       93, 205, 83, 238, 222, 29, 104, 8, 182, 217, 65, 48, 137, 123, 71,
       66, 42, 42, 74, 55, 231, 213, 48, 59, 80, 25, 70, 170, 245, 125,
       237, 100, 140, 7, 79, 248, 65, 226, 188, 78, 83, 105, 221, 51, 89,
       196, 116, 239, 233, 99, 253, 42, 251, 203, 229, 60, 109, 251, 82,
       48, 0, 186, 152, 185, 44, 173, 16, 31, 30, 25, 80, 84, 182, 131,
       96, 73, 193, 11, 46, 16, 18, 108, 67, 177, 141, 210, 122, 120,
       152, 8, 129, 139, 34, 190, 234, 91, 213, 181, 179, 203, 95, 15,
       124, 58, 40, 216, 254, 36, 249, 186, 147, 153, 146, 62, 174, 243,
       63, 28, 155, 235, 215, 78, 254, 175, 10, 174, 131, 187, 245, 241,
       184, 199, 31, 91, 80, 51, 172, 222, 54, 200, 217, 43, 147, 149,
       54, 28, 10, 247, 173, 86, 158, 235, 150, 12, 189, 207, 38, 162,
       85, 187, 236, 169, 152, 11, 143, 49, 177, 251, 142, 140, 76, 10,
       143, 19, 207, 17, 18, 110, 202, 209, 140, 16, 31, 255, 148, 8,
       151, 131, 243, 65, 102, 140, 15, 18, 78, 104, 229, 134, 178, 3,
       67, 8, 55, 87, 232, 197, 108, 227, 236, 231, 85, 204, 178, 170,
       194, 19, 45, 62, 120, 6, 70, 162, 149, 129, 202, 233, 168, 11,
       142, 53, 145, 154, 140, 134, 72, 10, 43, 155, 106, 145, 19, 114,
       203, 208, 156, 16, 31, 124, 148, 8, 133, 128, 154, 142, 26, 187,
       177, 242, 16, 167, 62, 9, 74, 49, 175, 187, 34, 192, 211, 43, 191,
       145, 62, 156, 67, 191, 234, 231, 190, 195, 144, 4, 173, 11, 2,
       190, 176, 155, 247, 177, 178, 199, 94, 23, 80, 183, 172, 200, 118,
       4, 223, 59, 131, 17, 182, 190, 94, 247, 140, 22, 159, 234, 221,
       12, 149, 159, 34, 186, 250, 90, 253, 181, 178, 206, 95, 15, 116,
       126, 160, 200, 246, 44, 221, 59, 131, 17, 150, 62, 126, 243, 31,
       28, 155, 107, 221, 78, 127, 159, 90, 121, 184, 168, 175, 69, 158,
       204, 143, 236, 156, 11, 191, 159, 107, 2, 246, 83, 255, 243, 74,
       3, 154, 240, 251, 209, 47, 191, 16, 127, 165, 91, 125, 72, 237,
       103, 36, 27, 79, 152, 68, 226, 187, 206, 211, 96, 153, 226, 90,
       196, 108, 234, 201, 179, 109, 40, 176, 237, 225, 20, 109, 251, 80,
       32, 99, 89, 123, 156, 98, 146, 47, 119, 25, 64, 118, 238, 53, 166,
       167, 117, 94, 125, 54, 110, 193, 154, 228, 125, 52, 58, 98, 136,
       125, 188, 35, 253, 26, 134, 145, 153, 147, 191, 176, 175, 31, 63,
       74, 151, 172, 172, 44, 196, 247, 27, 138, 17, 54, 156, 33, 247,
       173, 118, 30, 71, 146, 76, 133, 77, 244, 233, 93, 74, 156, 203,
       71, 236, 226, 176, 160, 8, 211, 81, 77, 51, 88, 208, 72, 122, 122,
       99, 235, 60, 249, 136, 5, 124, 113, 58, 198, 42, 217, 85, 127,
       236, 8, 70, 69, 53, 229, 192, 238, 0, 115, 55, 160, 119, 96, 182,
       124, 232, 105, 137, 49, 12, 243, 235, 100, 0, 34, 160, 224, 40,
       116, 36, 249, 97, 211, 111, 81, 9, 123, 177, 175, 24, 87, 49, 77,
       58, 59, 156, 72, 50, 56, 112, 217, 2, 223, 222, 5, 119, 224, 227,
       198, 162, 244, 120, 146, 100, 77, 79, 192, 64, 97, 224, 163, 10,
       3, 153, 69, 158, 184, 252, 64, 242, 77, 247, 145, 10, 145, 216, 5,
       55, 105, 51, 74, 150, 120, 157, 30, 110, 29, 214, 86, 180, 197, 0,
       174, 8, 123, 115, 32, 243, 192, 246, 252, 98, 89, 139, 89, 61,
       251, 235, 37, 89, 58, 42, 108, 26, 0, 241, 25, 107, 248, 205, 163,
       221, 42, 61, 125, 40, 181, 215, 72, 48, 27, 26, 2, 88, 18, 56,
       234, 49, 109, 133, 54, 108, 208, 2, 135, 169, 116, 50, 153, 100,
       72, 111, 67, 24, 162, 188, 173, 12, 87, 215, 73, 18, 20, 212, 108,
       58, 9, 67, 250, 24, 217, 165, 37, 60, 224, 163, 6, 51, 155, 186,
       254, 121, 43, 157, 153, 87, 255, 91, 212, 247, 62, 157, 214, 63,
       175, 191, 253, 5, 191, 111, 162, 209, 219, 123, 122, 210, 207,
       132, 167, 127, 237, 177, 57, 176, 173, 253, 208, 200, 207, 113,
       165, 29, 158, 156, 78, 186, 137, 0, 251, 85, 31, 107, 250, 144,
       223, 217, 1, 127, 218, 15, 91, 214, 196, 104, 190, 255, 44, 237,
