%YAML:1.0
---
descriptors: !!opencv-matrix
   rows: 320
   cols: 32
   dt: u
   data: [ 35, 39, 230, 13, 245, 51, 238, 122, 95, 234, 89, 231, 72, 104,
       159, 172, 31, 78, 178, 175, 229, 242, 15, 223, 46, 62, 205, 134,
       79, 255, 90, 213, 82, 184, 190, 178, 139, 197, 61, 238, 187, 87,
       128, 25, 44, 190, 98, 91, 167, 83, 249, 209, 86, 79, 186, 241,
       219, 211, 222, 255, 128, 84, 165, 94, 192, 217, 191, 127, 160,
       236, 181, 151, 236, 31, 102, 16, 180, 191, 32, 106, 161, 119, 123,
       16, 146, 249, 178, 96, 111, 187, 86, 66, 192, 80, 165, 235, 204,
       60, 147, 177, 161, 236, 125, 23, 185, 155, 67, 112, 159, 183, 64,
       219, 167, 55, 125, 16, 49, 220, 145, 194, 141, 242, 126, 194, 136,
       64, 163, 51, 125, 113, 27, 71, 48, 95, 119, 248, 104, 232, 111,
       104, 86, 85, 141, 48, 178, 84, 68, 106, 65, 176, 57, 60, 115, 157,
       37, 54, 72, 187, 67, 33, 126, 177, 48, 232, 57, 205, 90, 232, 131,
       61, 181, 41, 143, 223, 74, 16, 216, 145, 205, 208, 26, 11, 218,
       149, 219, 213, 129, 127, 82, 135, 6, 82, 60, 181, 184, 240, 157,
       237, 80, 202, 207, 177, 173, 24, 158, 217, 76, 58, 137, 147, 83,
       16, 26, 107, 90, 144, 219, 217, 17, 127, 210, 73, 74, 34, 241,
       164, 241, 68, 92, 123, 199, 59, 80, 226, 176, 24, 115, 48, 128,
       182, 25, 246, 76, 42, 185, 111, 237, 14, 57, 142, 101, 48, 97,
       234, 214, 100, 252, 224, 253, 99, 136, 75, 71, 216, 96, 178, 167,
       8, 83, 117, 73, 59, 25, 212, 108, 122, 43, 102, 235, 32, 217, 203,
       101, 124, 225, 251, 70, 32, 60, 163, 152, 35, 176, 143, 90, 216,
       107, 13, 109, 13, 215, 225, 74, 16, 176, 14, 68, 92, 30, 184, 137,
       18, 234, 253, 37, 69, 200, 131, 74, 130, 212, 125, 29, 110, 136,
       110, 71, 189, 96, 234, 235, 104, 87, 119, 137, 113, 17, 246, 108,
       106, 121, 3, 251, 58, 241, 175, 101, 60, 232, 243, 134, 49, 135,
       174, 158, 31, 236, 169, 108, 203, 255, 179, 105, 145, 231, 226,
       215, 11, 195, 106, 106, 28, 54, 124, 207, 115, 140, 158, 87, 43,
       212, 249, 195, 140, 86, 175, 197, 255, 154, 224, 63, 137, 166,
       148, 143, 163, 97, 231, 201, 86, 55, 91, 233, 210, 26, 64, 171,
       113, 110, 230, 143, 237, 167, 243, 164, 96, 248, 76, 238, 118,
       144, 70, 95, 183, 112, 134, 254, 137, 115, 109, 19, 19, 120, 246,
       101, 234, 232, 255, 145, 46, 115, 175, 228, 129, 97, 240, 238, 90,
       61, 84, 19, 76, 93, 95, 71, 104, 68, 226, 237, 8, 82, 209, 45,
       180, 216, 92, 80, 106, 73, 163, 121, 12, 51, 253, 1, 26, 90, 59,
       98, 162, 116, 61, 254, 100, 166, 111, 87, 248, 64, 166, 191, 43,
       83, 125, 155, 59, 62, 212, 85, 106, 216, 241, 173, 12, 251, 143,
       101, 53, 231, 251, 86, 99, 158, 156, 228, 91, 161, 174, 105, 150,
       63, 23, 167, 149, 207, 71, 31, 95, 103, 14, 125, 156, 186, 197,
       123, 247, 199, 250, 210, 84, 202, 197, 65, 112, 126, 49, 188, 226,
       89, 221, 80, 64, 139, 177, 164, 8, 14, 223, 101, 58, 138, 153,
       255, 80, 26, 43, 218, 208, 219, 217, 1, 123, 211, 11, 7, 162, 65,
       0, 249, 229, 52, 46, 105, 19, 120, 136, 118, 0, 151, 55, 129, 123,
       102, 156, 61, 56, 129, 220, 161, 72, 199, 249, 50, 128, 164, 224,
       69, 41, 77, 51, 147, 228, 240, 46, 104, 17, 57, 187, 43, 116, 222,
       51, 193, 250, 151, 117, 124, 56, 145, 208, 145, 66, 141, 188, 103,
       132, 136, 227, 163, 33, 83, 190, 222, 184, 170, 184, 28, 151, 187,
       87, 192, 253, 175, 238, 2, 219, 167, 255, 237, 21, 191, 79, 150,
       35, 154, 247, 122, 251, 172, 196, 139, 93, 126, 115, 80, 238, 121,
       2, 94, 120, 59, 132, 225, 229, 110, 203, 7, 208, 222, 249, 237,
       226, 76, 3, 218, 223, 178, 245, 143, 155, 26, 182, 46, 19, 244,
       69, 71, 236, 20, 70, 79, 56, 164, 128, 203, 2, 83, 115, 48, 97,
       112, 244, 56, 234, 105, 145, 49, 12, 241, 234, 194, 4, 48, 187,
       116, 32, 82, 161, 19, 186, 25, 173, 16, 79, 175, 17, 169, 73, 174,
       130, 104, 84, 135, 187, 78, 16, 30, 11, 74, 245, 152, 212, 26,
       123, 208, 6, 163, 14, 36, 255, 112, 222, 109, 203, 215, 224, 95,
       60, 249, 42, 66, 216, 229, 20, 217, 252, 166, 66, 74, 50, 74, 189,
       63, 220, 133, 63, 85, 59, 86, 167, 92, 160, 152, 186, 9, 184, 16,
       138, 162, 17, 131, 25, 143, 218, 75, 218, 129, 215, 237, 17, 30,
       79, 218, 49, 219, 225, 90, 127, 168, 5, 11, 2, 34, 205, 2, 223,
       93, 213, 174, 204, 159, 25, 89, 3, 232, 216, 62, 196, 217, 106,
       147, 199, 66, 186, 26, 247, 37, 30, 158, 11, 19, 95, 249, 142,
       141, 85, 61, 239, 48, 14, 111, 188, 61, 234, 254, 100, 223, 87,
       137, 113, 150, 93, 93, 238, 233, 144, 121, 174, 231, 249, 47, 132,
       42, 242, 71, 121, 85, 116, 187, 239, 188, 38, 223, 248, 124, 234,
       251, 0, 255, 126, 25, 112, 253, 221, 127, 174, 233, 183, 249, 238,
       253, 191, 175, 20, 64, 115, 33, 112, 93, 149, 121, 161, 182, 47,
       111, 185, 60, 232, 218, 78, 223, 119, 89, 112, 118, 206, 127, 110,
       249, 176, 249, 142, 253, 237, 39, 148, 44, 251, 209, 113, 116, 93,
       94, 234, 218, 78, 118, 236, 190, 166, 249, 10, 215, 254, 45, 80,
       250, 255, 127, 227, 104, 131, 216, 254, 253, 231, 175, 25, 17,
       123, 230, 146, 224, 168, 191, 219, 200, 236, 113, 199, 170, 19,
       172, 24, 180, 247, 64, 123, 161, 126, 123, 24, 18, 111, 186, 113,
       93, 184, 87, 120, 144, 64, 231, 170, 138, 125, 62, 180, 219, 243,
       190, 230, 189, 6, 254, 35, 172, 191, 35, 65, 238, 121, 235, 195,
       100, 153, 50, 254, 247, 247, 143, 3, 2, 117, 39, 202, 45, 125, 17,
       71, 113, 95, 87, 184, 127, 104, 111, 72, 214, 117, 5, 180, 144,
       92, 70, 106, 65, 176, 121, 60, 39, 223, 33, 54, 74, 59, 71, 163,
       8, 253, 27, 69, 241, 79, 119, 247, 105, 232, 126, 104, 190, 23,
       128, 176, 146, 89, 70, 104, 65, 184, 113, 124, 239, 221, 37, 134,
       74, 48, 135, 187, 86, 77, 158, 182, 155, 203, 126, 236, 191, 166,
       223, 11, 206, 255, 47, 64, 250, 251, 255, 227, 104, 163, 26, 254,
       179, 214, 143, 31, 145, 123, 173, 82, 102, 237, 98, 154, 223, 219,
       254, 232, 223, 166, 249, 139, 78, 234, 62, 212, 251, 239, 255,
       227, 108, 99, 222, 254, 63, 86, 143, 59, 23, 127, 254, 134, 37,
       55, 224, 71, 244, 63, 239, 120, 93, 234, 255, 236, 211, 104, 159,
       36, 94, 204, 86, 255, 189, 178, 237, 206, 110, 30, 167, 180, 207,
       255, 242, 213, 213, 199, 199, 167, 190, 11, 238, 252, 62, 178,
       251, 231, 223, 225, 169, 192, 127, 206, 110, 254, 226, 241, 13,
       254, 188, 166, 167, 148, 125, 251, 217, 129, 34, 205, 255, 215,
       220, 198, 239, 230, 189, 34, 250, 2, 252, 63, 4, 112, 255, 255,
       127, 232, 96, 154, 248, 239, 253, 190, 223, 128, 1, 114, 231, 232,
       0, 37, 121, 101, 100, 77, 103, 48, 105, 104, 127, 8, 215, 55, 8,
       50, 16, 220, 84, 106, 9, 176, 209, 12, 231, 217, 32, 0, 66, 163,
       66, 162, 108, 65, 120, 103, 36, 74, 87, 168, 96, 164, 39, 8, 83,
       99, 137, 114, 18, 84, 76, 106, 72, 180, 233, 8, 227, 233, 37, 21,
       114, 187, 78, 32, 22, 197, 118, 159, 219, 130, 190, 237, 191, 5,
       249, 231, 108, 254, 44, 196, 255, 123, 147, 231, 114, 147, 10,
       223, 56, 62, 143, 198, 85, 118, 161, 135, 213, 109, 151, 198, 150,
       79, 238, 242, 126, 226, 250, 66, 255, 243, 177, 97, 58, 214, 126,
       106, 225, 241, 29, 238, 245, 174, 103, 0, 105, 251, 225, 32, 1,
       165, 17, 171, 252, 13, 172, 189, 94, 121, 89, 112, 213, 49, 200,
       160, 19, 10, 18, 28, 19, 120, 75, 21, 44, 156, 55, 108, 152, 138,
       145, 161, 252, 98, 54, 98, 45, 61, 80, 88, 225, 152, 181, 24, 11,
       153, 93, 187, 136, 144, 109, 90, 136, 103, 202, 128, 211, 217, 96,
       95, 99, 171, 74, 3, 248, 141, 23, 236, 29, 194, 86, 101, 133, 0,
       170, 2, 67, 115, 32, 211, 232, 182, 233, 226, 120, 139, 17, 156,
       251, 227, 192, 81, 50, 42, 124, 34, 34, 129, 96, 138, 221, 217,
       252, 109, 15, 5, 253, 27, 44, 218, 46, 64, 249, 139, 131, 129, 86,
       42, 90, 215, 61, 84, 154, 123, 85, 14, 253, 206, 88, 234, 30, 126,
