%YAML:1.0
---
descriptors: !!opencv-matrix
   rows: 228
   cols: 32
   dt: u
   data: [ 252, 241, 186, 244, 169, 92, 85, 216, 171, 31, 165, 29, 31,
       251, 74, 27, 133, 221, 237, 66, 154, 103, 186, 161, 211, 249, 85,
       62, 226, 113, 199, 243, 168, 189, 56, 91, 121, 253, 23, 186, 91,
       63, 45, 60, 190, 117, 66, 17, 133, 122, 194, 82, 99, 124, 250, 63,
       111, 219, 85, 123, 82, 217, 198, 251, 130, 180, 154, 155, 247,
       233, 180, 207, 30, 63, 81, 179, 204, 254, 234, 72, 243, 27, 135,
       17, 54, 220, 11, 215, 140, 22, 63, 231, 148, 76, 141, 195, 181,
       207, 147, 186, 180, 139, 70, 232, 23, 130, 235, 68, 199, 224, 169,
       213, 209, 106, 12, 126, 122, 243, 75, 62, 168, 182, 69, 86, 152,
       251, 160, 4, 50, 175, 206, 191, 236, 192, 237, 239, 191, 191, 186,
       215, 237, 238, 86, 26, 239, 255, 127, 133, 94, 235, 203, 243, 252,
       182, 255, 201, 133, 212, 247, 217, 45, 103, 40, 5, 117, 31, 103,
       184, 109, 236, 126, 76, 223, 96, 159, 180, 148, 76, 68, 110, 197,
       176, 105, 12, 102, 253, 37, 132, 74, 191, 91, 197, 208, 25, 63,
       244, 54, 207, 53, 54, 236, 140, 134, 32, 183, 183, 32, 97, 166,
       119, 124, 65, 96, 169, 49, 45, 225, 227, 114, 18, 0, 8, 5, 43,
       126, 113, 104, 2, 205, 85, 223, 200, 131, 244, 181, 143, 74, 204,
       95, 27, 220, 209, 255, 247, 206, 99, 255, 208, 123, 89, 141, 191,
       87, 255, 86, 86, 189, 79, 103, 207, 52, 2, 239, 248, 117, 232,
       247, 230, 113, 67, 189, 101, 126, 236, 30, 238, 233, 178, 109,
       189, 230, 232, 163, 128, 127, 187, 112, 177, 60, 241, 88, 34, 145,
       143, 86, 221, 39, 168, 234, 201, 19, 219, 0, 144, 28, 248, 213,
       114, 94, 154, 217, 44, 251, 197, 37, 53, 107, 26, 202, 10, 127,
       103, 104, 6, 173, 91, 71, 248, 65, 236, 189, 175, 67, 108, 223,
       150, 92, 196, 196, 110, 204, 34, 237, 136, 242, 217, 133, 189,
       111, 255, 94, 84, 124, 169, 188, 58, 169, 141, 93, 255, 179, 115,
       164, 153, 63, 247, 74, 27, 135, 243, 253, 92, 26, 75, 218, 49,
       251, 235, 85, 121, 226, 212, 142, 122, 233, 4, 181, 117, 149, 111,
       101, 63, 127, 226, 102, 24, 243, 49, 20, 61, 153, 238, 104, 44,
       121, 252, 113, 15, 239, 254, 85, 0, 202, 232, 210, 40, 88, 248,
       247, 80, 11, 217, 53, 230, 235, 55, 36, 40, 46, 183, 68, 63, 35,
       246, 236, 0, 82, 109, 162, 53, 219, 195, 117, 123, 227, 0, 135,
       171, 85, 107, 145, 166, 184, 21, 78, 205, 235, 169, 137, 105, 39,
       226, 201, 146, 147, 231, 108, 85, 14, 67, 203, 56, 184, 212, 47,
       63, 128, 51, 171, 13, 21, 255, 59, 239, 244, 143, 255, 248, 110,
       232, 125, 70, 119, 217, 49, 32, 254, 237, 23, 111, 195, 178, 121,
       255, 255, 205, 167, 164, 121, 187, 227, 177, 173, 44, 149, 49,
       173, 111, 68, 131, 123, 250, 34, 25, 158, 57, 65, 155, 137, 70,
       104, 28, 45, 116, 219, 34, 143, 219, 85, 53, 194, 125, 82, 66,
       201, 142, 250, 189, 230, 190, 253, 119, 62, 55, 86, 183, 189, 171,
       242, 73, 103, 191, 191, 157, 178, 252, 231, 211, 222, 235, 254,
       192, 190, 204, 169, 217, 136, 238, 255, 249, 236, 235, 237, 87,
       190, 95, 246, 242, 189, 183, 128, 43, 111, 179, 127, 152, 179,
       221, 99, 211, 236, 139, 254, 192, 199, 208, 231, 233, 169, 85,
       117, 79, 117, 95, 103, 189, 125, 0, 246, 8, 251, 83, 157, 245,
       216, 156, 78, 106, 233, 176, 121, 191, 167, 251, 4, 20, 114, 186,
       198, 44, 45, 108, 97, 111, 77, 95, 230, 120, 85, 226, 249, 74,
       243, 104, 21, 164, 216, 236, 82, 111, 205, 178, 253, 190, 55, 94,
       129, 56, 111, 251, 82, 164, 69, 176, 185, 65, 140, 205, 161, 136,
       234, 240, 134, 8, 214, 148, 212, 39, 1, 68, 120, 89, 195, 97, 255,
       64, 141, 24, 5, 124, 68, 8, 87, 108, 252, 168, 30, 122, 44, 205,
       83, 240, 226, 27, 181, 25, 115, 243, 74, 18, 145, 230, 108, 106,
       26, 103, 202, 49, 219, 233, 97, 57, 224, 99, 74, 2, 36, 100, 252,
       85, 228, 111, 229, 22, 68, 250, 54, 8, 210, 37, 213, 59, 13, 80,
       70, 62, 225, 244, 105, 8, 71, 154, 117, 52, 203, 249, 82, 185, 28,
       221, 248, 239, 184, 70, 95, 189, 54, 238, 190, 131, 251, 127, 27,
       82, 127, 215, 125, 234, 200, 80, 249, 58, 235, 239, 231, 149, 245,
       243, 236, 83, 233, 48, 152, 165, 44, 12, 120, 26, 41, 136, 190,
       125, 159, 43, 67, 19, 134, 197, 236, 44, 12, 112, 211, 0, 198,
       249, 96, 157, 72, 168, 74, 19, 33, 2, 91, 93, 100, 174, 225, 115,
       124, 2, 114, 88, 190, 129, 132, 48, 170, 32, 102, 8, 17, 188, 2,
       79, 68, 186, 112, 0, 72, 128, 99, 169, 229, 213, 173, 71, 188,
       126, 207, 189, 86, 250, 31, 16, 211, 125, 223, 47, 89, 214, 61,
       127, 233, 244, 253, 10, 237, 175, 229, 148, 229, 251, 212, 112,
       212, 80, 189, 116, 8, 108, 85, 16, 224, 210, 167, 16, 215, 183,
       65, 123, 65, 212, 124, 74, 9, 101, 251, 0, 211, 235, 112, 28, 224,
       113, 39, 34, 76, 113, 17, 101, 49, 15, 103, 186, 41, 172, 98, 76,
       159, 19, 1, 148, 148, 92, 76, 106, 65, 176, 209, 14, 229, 252, 37,
       4, 66, 177, 130, 35, 45, 227, 224, 42, 95, 157, 151, 248, 82, 116,
       117, 143, 107, 200, 126, 128, 31, 203, 131, 119, 198, 114, 238,
       179, 126, 77, 37, 127, 119, 63, 218, 199, 181, 84, 253, 69, 164,
       47, 199, 184, 84, 250, 117, 82, 211, 117, 157, 47, 93, 212, 20,
       106, 249, 244, 125, 14, 111, 139, 101, 20, 237, 251, 210, 177, 65,
       113, 145, 69, 96, 78, 119, 56, 105, 232, 104, 72, 222, 19, 4, 50,
       144, 92, 84, 106, 65, 176, 241, 72, 101, 184, 37, 36, 72, 179, 67,
       177, 66, 60, 150, 144, 203, 241, 176, 71, 191, 23, 8, 49, 172,
       190, 102, 223, 163, 59, 235, 145, 54, 79, 130, 243, 157, 18, 90,
       107, 130, 68, 47, 207, 188, 37, 231, 243, 229, 255, 252, 214, 125,
       63, 254, 18, 235, 127, 159, 249, 127, 255, 183, 152, 190, 250,
       109, 238, 255, 255, 246, 129, 231, 220, 238, 234, 49, 135, 106,
       169, 180, 171, 235, 119, 68, 69, 94, 231, 19, 8, 178, 64, 126,
       138, 23, 253, 158, 184, 69, 221, 252, 13, 170, 192, 125, 142, 248,
       193, 60, 176, 184, 242, 61, 253, 81, 218, 239, 253, 173, 29, 142,
       221, 74, 24, 141, 155, 205, 16, 154, 39, 122, 178, 219, 221, 21,
       127, 210, 11, 70, 115, 85, 85, 29, 97, 48, 14, 71, 56, 228, 40,
       171, 68, 215, 19, 9, 113, 20, 4, 92, 106, 201, 161, 89, 28, 225,
       169, 33, 20, 104, 179, 67, 33, 208, 109, 62, 118, 18, 200, 181,
       103, 184, 134, 226, 169, 36, 238, 39, 19, 162, 115, 105, 1, 96,
       237, 130, 110, 241, 163, 126, 27, 65, 80, 39, 74, 127, 214, 127,
       102, 185, 126, 95, 188, 225, 236, 191, 237, 123, 125, 158, 247,
       55, 246, 253, 238, 173, 141, 125, 175, 251, 255, 101, 208, 111,
       247, 206, 125, 56, 239, 88, 99, 80, 143, 86, 253, 49, 168, 240,
       41, 51, 83, 2, 16, 252, 248, 71, 226, 88, 186, 73, 61, 126, 141,
       37, 241, 105, 138, 202, 139, 201, 56, 148, 181, 40, 12, 120, 23,
       185, 250, 50, 93, 159, 27, 66, 27, 135, 45, 108, 4, 165, 108, 211,
       2, 134, 251, 112, 26, 72, 132, 75, 27, 195, 158, 255, 219, 172,
       253, 121, 159, 255, 255, 182, 221, 255, 238, 222, 123, 167, 231,
       126, 28, 183, 109, 255, 243, 222, 251, 119, 216, 142, 204, 193,
       93, 98, 253, 235, 252, 252, 201, 255, 247, 47, 75, 252, 175, 189,
       255, 180, 80, 223, 251, 255, 129, 91, 58, 242, 255, 255, 221, 190,
       169, 31, 216, 212, 123, 69, 181, 25, 65, 240, 95, 54, 168, 120,
       107, 103, 24, 222, 117, 12, 57, 145, 94, 96, 122, 113, 244, 249,
       54, 47, 191, 69, 100, 200, 115, 195, 163, 137, 188, 255, 253, 172,
       250, 125, 183, 255, 223, 118, 48, 191, 183, 146, 111, 103, 110,
       126, 24, 183, 252, 231, 193, 206, 251, 118, 193, 166, 216, 197,
       253, 2, 191, 237, 179, 188, 233, 249, 223, 191, 127, 190, 253,
       255, 237, 222, 10, 175, 191, 255, 21, 187, 107, 235, 243, 204, 87,
       127, 249, 204, 204, 215, 249, 72, 133, 148, 187, 169, 237, 49,
       175, 190, 31, 74, 17, 190, 247, 104, 64, 129, 27, 107, 16, 50, 72,
       219, 19, 205, 246, 90, 125, 144, 64, 133, 43, 136, 190, 255, 251,
