%YAML:1.0
---
descriptors: !!opencv-matrix
   rows: 62
   cols: 32
   dt: u
   data: [ 17, 143, 106, 203, 54, 130, 235, 242, 84, 136, 222, 230, 113,
       96, 188, 100, 127, 238, 22, 254, 131, 184, 45, 127, 124, 44, 167,
       196, 45, 139, 112, 173, 178, 205, 6, 254, 141, 197, 133, 175, 156,
       90, 230, 17, 242, 114, 46, 71, 201, 98, 123, 238, 104, 201, 91,
       191, 169, 250, 222, 91, 16, 84, 241, 74, 28, 223, 83, 43, 179,
       155, 50, 255, 38, 13, 123, 237, 239, 199, 168, 148, 54, 58, 198,
       84, 19, 184, 77, 61, 232, 197, 37, 192, 250, 142, 143, 185, 32,
       160, 88, 88, 77, 201, 209, 79, 86, 57, 100, 24, 50, 153, 68, 56,
       201, 186, 98, 16, 26, 62, 98, 23, 87, 141, 16, 123, 81, 8, 198,
       138, 120, 159, 84, 111, 187, 155, 22, 189, 39, 104, 190, 237, 111,
       108, 134, 180, 22, 247, 204, 102, 253, 169, 77, 189, 186, 245, 37,
       243, 122, 174, 139, 29, 252, 117, 124, 111, 120, 78, 95, 120, 53,
       140, 255, 0, 91, 87, 11, 81, 222, 220, 77, 106, 104, 178, 121, 14,
       243, 239, 33, 4, 98, 179, 102, 243, 252, 54, 246, 126, 105, 121,
       81, 91, 187, 191, 181, 56, 74, 247, 207, 159, 235, 254, 237, 16,
       40, 103, 234, 194, 211, 255, 113, 187, 227, 229, 70, 99, 239, 221,
       215, 221, 230, 54, 110, 254, 89, 91, 126, 246, 88, 242, 189, 255,
       127, 207, 54, 250, 245, 214, 174, 226, 54, 62, 239, 204, 159, 245,
       232, 149, 79, 191, 103, 103, 182, 2, 111, 189, 96, 232, 79, 228,
       253, 108, 154, 114, 54, 103, 125, 239, 245, 216, 253, 109, 236,
       44, 175, 196, 46, 167, 147, 113, 207, 251, 101, 71, 250, 18, 110,
       189, 169, 232, 159, 236, 232, 103, 220, 183, 54, 231, 253, 238,
       241, 193, 189, 109, 62, 26, 237, 182, 47, 182, 139, 125, 67, 149,
       165, 21, 164, 62, 173, 55, 126, 251, 90, 244, 245, 44, 150, 230,
       151, 103, 124, 45, 149, 216, 245, 74, 140, 62, 255, 132, 204, 228,
       145, 125, 79, 188, 182, 190, 175, 61, 148, 207, 223, 223, 144, 61,
       206, 248, 110, 143, 135, 115, 255, 17, 182, 107, 218, 240, 186,
       119, 93, 255, 222, 124, 155, 223, 2, 154, 14, 189, 50, 129, 56,
       198, 62, 13, 66, 167, 172, 194, 34, 72, 231, 43, 187, 149, 22,
       156, 2, 255, 76, 54, 154, 203, 24, 4, 41, 219, 188, 86, 118, 100,
       230, 26, 86, 119, 113, 138, 124, 106, 59, 61, 149, 51, 190, 252,
       149, 98, 232, 182, 0, 142, 114, 233, 101, 129, 103, 253, 214, 139,
       12, 157, 59, 249, 149, 255, 179, 18, 158, 125, 94, 22, 156, 189,
       98, 96, 197, 59, 155, 17, 146, 184, 48, 246, 207, 213, 27, 107,
       144, 73, 5, 243, 37, 55, 121, 71, 116, 14, 235, 248, 97, 232, 127,
       230, 115, 71, 157, 52, 126, 236, 22, 238, 201, 176, 109, 110, 102,
       140, 163, 132, 111, 187, 98, 177, 168, 115, 115, 239, 104, 91,
       127, 92, 125, 140, 119, 120, 223, 151, 129, 245, 22, 156, 223,
       106, 232, 183, 227, 222, 230, 249, 33, 139, 98, 146, 102, 171, 70,
       234, 182, 222, 233, 225, 28, 238, 191, 159, 176, 185, 236, 255,
       110, 91, 205, 215, 239, 146, 122, 75, 138, 241, 187, 246, 95, 255,
       130, 84, 167, 75, 61, 78, 198, 151, 20, 50, 104, 218, 117, 195,
       246, 214, 115, 98, 183, 237, 127, 236, 44, 172, 173, 247, 5, 238,
       26, 239, 247, 128, 175, 253, 120, 12, 78, 188, 17, 186, 187, 173,
       178, 128, 190, 25, 139, 116, 236, 210, 104, 200, 135, 59, 234,
       147, 23, 9, 90, 245, 140, 212, 26, 122, 152, 71, 33, 21, 175, 220,
       199, 223, 231, 54, 238, 246, 91, 219, 122, 246, 72, 190, 245, 255,
       127, 255, 182, 154, 245, 222, 237, 234, 62, 126, 223, 198, 143,
       245, 248, 157, 16, 212, 63, 251, 52, 195, 181, 103, 140, 105, 219,
       35, 212, 223, 40, 64, 243, 51, 63, 33, 83, 153, 27, 85, 185, 166,
       62, 198, 16, 10, 165, 51, 35, 143, 98, 157, 246, 179, 238, 247,
       86, 5, 88, 199, 33, 232, 182, 196, 126, 234, 19, 205, 150, 186, 4,
       255, 60, 46, 142, 192, 245, 205, 249, 204, 66, 240, 253, 249, 79,
       205, 249, 204, 175, 57, 180, 10, 190, 222, 93, 58, 235, 221, 127,
       145, 66, 103, 251, 209, 221, 219, 95, 63, 69, 24, 103, 170, 236,
       118, 119, 207, 107, 91, 127, 121, 61, 14, 119, 248, 79, 207, 141,
       245, 54, 157, 198, 106, 224, 246, 107, 222, 118, 251, 97, 143,
       119, 183, 102, 165, 154, 202, 22, 184, 67, 129, 188, 230, 183, 22,
       80, 131, 44, 203, 35, 73, 237, 187, 163, 193, 98, 159, 2, 247,
       179, 193, 218, 11, 51, 20, 45, 218, 57, 64, 198, 221, 4, 22, 108,
       30, 87, 18, 118, 66, 81, 128, 181, 237, 120, 236, 54, 204, 201,
       244, 71, 129, 134, 235, 243, 4, 63, 184, 120, 172, 14, 185, 170,
       186, 199, 240, 184, 199, 187, 213, 76, 183, 44, 255, 118, 200,
       235, 123, 179, 145, 22, 218, 178, 226, 95, 117, 158, 235, 135, 68,
       181, 218, 50, 173, 34, 152, 221, 245, 196, 231, 86, 5, 200, 27,
       34, 252, 54, 0, 217, 170, 3, 145, 30, 186, 114, 191, 57, 6, 148,
       107, 209, 92, 252, 206, 3, 187, 182, 159, 235, 155, 184, 238, 191,
       249, 82, 229, 236, 254, 214, 239, 167, 127, 255, 213, 151, 217,
       223, 241, 14, 50, 95, 231, 204, 100, 9, 157, 79, 251, 236, 247,
       230, 26, 255, 181, 81, 234, 23, 226, 249, 125, 213, 35, 55, 116,
       181, 127, 192, 252, 237, 170, 110, 251, 253, 162, 39, 190, 212,
       109, 154, 206, 2, 186, 19, 129, 56, 230, 191, 79, 198, 183, 44,
       198, 34, 196, 229, 107, 171, 213, 102, 207, 2, 255, 186, 119, 158,
       203, 26, 20, 185, 223, 3, 221, 39, 30, 159, 213, 150, 231, 222,
       65, 200, 6, 96, 252, 54, 100, 221, 99, 18, 197, 247, 43, 62, 255,
       57, 62, 142, 74, 95, 78, 249, 94, 214, 255, 152, 186, 153, 133,
       22, 205, 171, 24, 152, 105, 238, 211, 105, 83, 193, 243, 237, 82,
       90, 75, 202, 113, 249, 208, 47, 251, 16, 81, 175, 11, 31, 188,
       247, 247, 247, 254, 239, 246, 127, 231, 250, 6, 237, 127, 157,
       244, 127, 239, 255, 159, 249, 248, 253, 239, 191, 254, 223, 198,
       175, 247, 231, 253, 127, 220, 247, 247, 247, 106, 255, 231, 125,
       211, 254, 178, 255, 63, 151, 127, 107, 255, 127, 155, 121, 255,
       253, 238, 253, 254, 255, 194, 167, 253, 245, 255, 2, 184, 189,
       187, 237, 237, 177, 199, 158, 127, 80, 49, 172, 188, 102, 9, 141,
       59, 179, 17, 50, 124, 58, 243, 77, 22, 94, 235, 208, 76, 149, 251,
       2, 156, 149, 189, 240, 165, 61, 159, 62, 27, 88, 112, 188, 179,
       96, 104, 199, 123, 55, 16, 51, 216, 67, 243, 141, 190, 62, 194,
       152, 64, 129, 171, 194, 235, 156, 191, 42, 233, 185, 204, 174,
       188, 149, 185, 237, 206, 66, 91, 199, 119, 239, 83, 2, 71, 203,
       113, 221, 241, 111, 255, 16, 1, 15, 219, 75, 235, 233, 199, 118,
       87, 239, 189, 106, 228, 31, 198, 249, 31, 215, 36, 62, 204, 55,
       207, 193, 24, 253, 250, 111, 13, 175, 164, 47, 178, 115, 248, 218,
       200, 167, 184, 143, 197, 148, 207, 159, 86, 192, 27, 174, 221, 98,
       205, 233, 251, 251, 131, 122, 79, 82, 243, 145, 115, 223, 91, 22,
       92, 181, 122, 90, 226, 249, 231, 118, 90, 254, 53, 73, 164, 95,
       162, 121, 125, 221, 162, 54, 125, 181, 75, 192, 240, 173, 172,
       110, 239, 165, 129, 39, 190, 92, 233, 194, 255, 23, 190, 170, 193,
       134, 236, 158, 248, 152, 237, 244, 198, 97, 67, 150, 119, 111, 67,
       115, 73, 219, 123, 184, 16, 47, 190, 24, 115, 129, 25, 92, 225,
       251, 231, 87, 90, 254, 225, 65, 228, 111, 130, 123, 77, 94, 164,
       58, 252, 179, 235, 205, 176, 189, 237, 127, 237, 133, 1, 103, 191,
       252, 210, 15, 191, 103, 129, 180, 30, 239, 191, 61, 121, 90, 230,
       221, 46, 158, 228, 127, 207, 127, 253, 245, 216, 125, 255, 172,
       126, 239, 196, 143, 214, 161, 253, 168, 252, 63, 121, 236, 237,
       117, 255, 255, 31, 116, 24, 190, 243, 64, 59, 131, 26, 127, 8,
       114, 109, 242, 119, 79, 155, 118, 104, 194, 208, 199, 171, 63,
       110, 64, 82, 189, 189, 86, 200, 243, 174, 173, 8, 235, 232, 87,
       180, 153, 238, 204, 78, 46, 99, 250, 191, 179, 223, 1, 123, 226,
       223, 90, 68, 50, 189, 104, 190, 223, 209, 87, 233, 151, 116, 189,
