%YAML:1.0
---
descriptors: !!opencv-matrix
   rows: 214
   cols: 32
   dt: u
   data: [ 193, 184, 191, 81, 172, 237, 161, 23, 254, 123, 162, 24, 182,
       145, 68, 47, 163, 55, 122, 24, 179, 109, 243, 113, 13, 152, 85,
       82, 200, 72, 195, 41, 192, 152, 151, 222, 201, 236, 97, 151, 175,
       19, 166, 24, 254, 243, 64, 127, 161, 118, 104, 24, 19, 77, 179,
       113, 157, 250, 82, 90, 138, 64, 227, 42, 61, 249, 58, 120, 217,
       204, 81, 223, 167, 93, 236, 4, 30, 215, 66, 48, 165, 155, 85, 88,
       91, 43, 50, 53, 251, 253, 37, 124, 122, 16, 226, 243, 189, 148,
       237, 115, 149, 127, 85, 191, 83, 251, 61, 26, 91, 125, 94, 47,
       153, 206, 21, 63, 253, 244, 121, 130, 107, 223, 213, 119, 255,
       252, 210, 114, 189, 85, 115, 77, 20, 14, 71, 120, 101, 224, 255,
       66, 83, 21, 153, 117, 124, 212, 94, 106, 233, 178, 125, 12, 183,
       233, 33, 20, 107, 187, 96, 32, 221, 96, 232, 103, 38, 90, 127,
       152, 96, 246, 55, 138, 91, 31, 219, 59, 54, 212, 253, 238, 232,
       84, 237, 72, 87, 235, 229, 180, 103, 179, 86, 97, 108, 69, 165,
       231, 45, 78, 103, 184, 69, 162, 239, 8, 211, 113, 25, 118, 88,
       196, 127, 110, 72, 240, 89, 136, 231, 251, 69, 20, 66, 251, 84,
       34, 145, 151, 109, 173, 60, 11, 79, 184, 68, 232, 159, 230, 247,
       93, 152, 97, 22, 68, 93, 111, 233, 160, 77, 29, 224, 169, 175,
       212, 60, 170, 17, 113, 193, 188, 159, 89, 202, 237, 161, 7, 190,
       59, 67, 80, 148, 182, 192, 106, 37, 27, 106, 24, 51, 93, 163, 83,
       13, 134, 126, 108, 144, 64, 129, 161, 77, 176, 149, 225, 224, 46,
       108, 23, 58, 187, 35, 84, 220, 51, 72, 250, 135, 31, 124, 24, 147,
       212, 209, 64, 205, 249, 119, 68, 136, 96, 131, 33, 124, 241, 88,
       224, 25, 205, 90, 216, 7, 160, 173, 9, 27, 159, 65, 16, 216, 153,
       221, 240, 10, 34, 88, 148, 251, 221, 133, 125, 243, 139, 70, 50,
       144, 153, 191, 254, 131, 236, 53, 231, 188, 23, 98, 17, 124, 255,
       40, 91, 163, 115, 49, 0, 48, 217, 18, 97, 241, 163, 94, 67, 192,
       81, 165, 155, 205, 54, 189, 227, 160, 110, 123, 152, 122, 251, 55,
       92, 223, 55, 73, 123, 151, 85, 125, 58, 177, 212, 249, 66, 207,
       223, 101, 196, 136, 243, 131, 115, 64, 22, 253, 229, 36, 46, 105,
       19, 120, 140, 118, 48, 159, 51, 129, 122, 102, 180, 125, 24, 128,
       220, 225, 74, 199, 191, 50, 128, 160, 224, 71, 41, 60, 113, 112,
       224, 29, 221, 82, 88, 195, 160, 181, 8, 31, 217, 111, 176, 136,
       145, 221, 82, 15, 35, 250, 144, 219, 217, 1, 127, 123, 15, 78, 50,
       204, 63, 189, 103, 160, 76, 55, 145, 56, 250, 55, 124, 222, 119,
       201, 59, 149, 87, 125, 122, 241, 200, 249, 42, 205, 251, 101, 182,
       136, 242, 135, 123, 39, 53, 225, 69, 246, 55, 238, 89, 85, 235,
       115, 110, 80, 56, 149, 164, 126, 206, 22, 237, 229, 178, 117, 206,
       36, 30, 161, 130, 239, 254, 210, 181, 21, 207, 222, 223, 182, 130,
       239, 252, 126, 4, 122, 230, 125, 235, 189, 64, 127, 239, 46, 238,
       224, 177, 13, 255, 248, 174, 103, 132, 109, 251, 161, 137, 20,
       239, 158, 167, 188, 91, 247, 237, 159, 166, 255, 171, 206, 253,
       111, 196, 251, 198, 239, 119, 96, 241, 75, 250, 188, 215, 7, 23,
       196, 127, 221, 99, 118, 229, 232, 128, 155, 83, 30, 204, 67, 244,
       140, 175, 67, 236, 87, 22, 219, 205, 249, 243, 222, 67, 239, 178,
       186, 84, 141, 255, 165, 118, 158, 86, 222, 215, 240, 231, 183, 91,
       254, 252, 127, 174, 255, 98, 207, 121, 159, 68, 191, 223, 255,
       227, 228, 243, 173, 238, 254, 255, 111, 135, 111, 119, 239, 135,
       86, 109, 47, 158, 159, 215, 79, 232, 189, 196, 205, 10, 111, 246,
       63, 52, 249, 233, 91, 227, 105, 131, 58, 254, 177, 118, 143, 27,
       33, 119, 55, 118, 61, 125, 115, 239, 246, 35, 239, 252, 116, 224,
       251, 198, 217, 119, 185, 96, 126, 206, 22, 238, 201, 178, 125,
       174, 228, 205, 167, 132, 239, 243, 227, 177, 213, 81, 125, 239,
       38, 30, 78, 184, 109, 226, 183, 230, 215, 113, 153, 243, 118, 196,
       124, 110, 233, 165, 125, 172, 178, 235, 103, 148, 44, 187, 209,
       49, 73, 81, 149, 69, 48, 14, 66, 24, 107, 169, 42, 68, 214, 51,
       73, 246, 148, 84, 124, 72, 137, 144, 209, 0, 165, 188, 37, 16, 10,
       179, 65, 33, 81, 157, 159, 101, 32, 14, 69, 55, 228, 138, 174, 68,
       247, 51, 128, 115, 36, 102, 108, 106, 233, 201, 17, 45, 225, 171,
       100, 16, 40, 242, 65, 40, 53, 93, 27, 110, 29, 79, 70, 232, 68,
       232, 234, 8, 82, 208, 33, 48, 216, 76, 80, 106, 73, 179, 121, 44,
       241, 189, 5, 18, 72, 59, 114, 162, 64, 249, 158, 254, 217, 196,
       183, 231, 174, 17, 232, 16, 181, 247, 32, 114, 201, 123, 123, 193,
       82, 11, 154, 119, 229, 167, 30, 106, 16, 16, 167, 186, 81, 29,
       255, 239, 36, 142, 109, 51, 97, 136, 122, 98, 243, 119, 177, 114,
       118, 252, 61, 168, 201, 248, 161, 76, 229, 174, 231, 128, 44, 234,
       112, 41, 49, 2, 123, 236, 126, 11, 107, 88, 101, 160, 247, 238,
       83, 75, 177, 112, 126, 164, 94, 238, 137, 179, 69, 204, 214, 233,
       163, 148, 111, 170, 98, 161, 244, 229, 28, 90, 140, 15, 70, 232,
       215, 182, 165, 8, 66, 97, 73, 27, 153, 196, 104, 122, 110, 103,
       219, 61, 187, 146, 69, 63, 112, 123, 86, 2, 112, 96, 189, 109, 12,
       111, 80, 88, 96, 34, 167, 8, 83, 17, 9, 27, 216, 212, 105, 106, 8,
       247, 217, 8, 211, 233, 64, 21, 97, 251, 102, 42, 158, 223, 240,
       243, 183, 62, 254, 183, 121, 95, 127, 183, 107, 47, 159, 237, 63,
       211, 149, 143, 252, 252, 45, 238, 239, 255, 246, 195, 231, 245,
       220, 95, 15, 158, 244, 119, 177, 148, 31, 188, 219, 223, 87, 181,
       253, 255, 255, 239, 23, 123, 181, 94, 247, 220, 191, 191, 111,
       255, 125, 197, 134, 247, 141, 125, 26, 145, 29, 253, 135, 207, 21,
       35, 31, 113, 141, 26, 158, 53, 0, 161, 130, 19, 217, 0, 91, 200,
       113, 149, 195, 241, 88, 83, 18, 8, 133, 114, 33, 237, 105, 69,
       116, 75, 239, 248, 64, 224, 124, 10, 51, 85, 180, 48, 90, 200, 22,
       106, 201, 178, 100, 14, 102, 141, 165, 36, 119, 187, 86, 224, 72,
       188, 155, 245, 176, 172, 121, 23, 168, 9, 118, 113, 191, 151, 0,
       90, 134, 63, 61, 24, 18, 216, 144, 64, 207, 255, 54, 192, 136,
       192, 131, 11, 185, 180, 237, 117, 149, 126, 85, 191, 83, 255, 118,
       26, 91, 125, 154, 175, 17, 198, 180, 24, 189, 252, 253, 142, 111,
       239, 117, 69, 231, 236, 220, 125, 189, 4, 252, 115, 229, 63, 85,
       154, 85, 250, 53, 24, 91, 121, 91, 187, 217, 206, 23, 62, 185,
       244, 121, 138, 79, 219, 117, 52, 243, 249, 80, 226, 108, 228, 25,
       103, 40, 79, 71, 184, 35, 186, 181, 8, 215, 119, 73, 50, 145, 212,
       124, 106, 105, 102, 233, 62, 239, 217, 37, 52, 66, 179, 70, 35,
       60, 36, 176, 240, 189, 189, 80, 202, 207, 189, 172, 24, 14, 153,
       65, 26, 137, 128, 71, 24, 10, 99, 74, 144, 219, 221, 21, 127, 210,
       89, 94, 2, 37, 237, 113, 74, 212, 79, 207, 248, 83, 224, 109, 72,
       18, 241, 245, 52, 89, 200, 18, 122, 235, 50, 120, 30, 127, 140, 5,
       44, 123, 251, 114, 164, 76, 189, 159, 255, 154, 192, 55, 129, 174,
       21, 11, 34, 252, 247, 97, 75, 35, 115, 123, 210, 83, 73, 186, 113,
       253, 163, 126, 73, 160, 19, 39, 122, 98, 239, 40, 187, 44, 209,
       159, 174, 6, 117, 156, 171, 163, 13, 214, 3, 73, 219, 253, 195,
       74, 74, 239, 181, 255, 17, 255, 185, 21, 155, 22, 122, 138, 223,
       248, 251, 254, 169, 183, 222, 31, 15, 92, 247, 236, 239, 163, 64,
       255, 123, 135, 82, 178, 188, 74, 255, 230, 247, 62, 163, 150, 217,
       141, 155, 104, 124, 189, 113, 137, 237, 21, 7, 27, 255, 172, 24,
       182, 53, 67, 58, 137, 62, 233, 16, 41, 126, 241, 58, 239, 215, 85,
       51, 210, 88, 198, 122, 118, 231, 232, 160, 158, 75, 159, 232, 82,
       244, 136, 171, 195, 140, 87, 2, 219, 205, 125, 247, 76, 67, 237,
       156, 248, 6, 141, 255, 37, 62, 22, 94, 25, 114, 80, 37, 113, 31,
       98, 112, 109, 8, 126, 76, 239, 18, 147, 180, 182, 205, 204, 111,
       133, 176, 21, 140, 182, 253, 0, 2, 106, 55, 75, 133, 232, 177,
