%YAML:1.0
---
descriptors: !!opencv-matrix
   rows: 146
   cols: 32
   dt: u
   data: [ 33, 77, 99, 69, 84, 30, 238, 118, 101, 192, 122, 70, 51, 24,
       149, 228, 120, 236, 22, 111, 205, 184, 117, 174, 38, 44, 160, 0,
       111, 190, 88, 172, 189, 103, 107, 99, 213, 31, 66, 216, 97, 232,
       255, 76, 67, 73, 221, 180, 120, 204, 196, 127, 205, 178, 237, 44,
       187, 233, 165, 68, 107, 191, 90, 116, 201, 148, 23, 95, 53, 188,
       96, 51, 253, 27, 103, 84, 254, 115, 8, 245, 165, 54, 108, 8, 177,
       252, 179, 229, 135, 251, 82, 66, 74, 0, 107, 61, 165, 70, 117, 69,
       116, 11, 239, 184, 117, 170, 246, 224, 211, 81, 157, 53, 94, 212,
       86, 110, 233, 180, 109, 76, 100, 170, 97, 132, 103, 187, 66, 161,
       124, 123, 152, 32, 218, 11, 86, 152, 35, 188, 168, 205, 87, 227,
       65, 18, 149, 221, 204, 114, 74, 114, 219, 56, 250, 197, 37, 125,
       232, 243, 14, 3, 34, 251, 82, 216, 91, 137, 190, 231, 171, 5, 168,
       139, 44, 207, 102, 20, 238, 187, 195, 192, 70, 11, 130, 247, 59,
       20, 28, 123, 83, 20, 174, 222, 233, 110, 228, 21, 236, 63, 237,
       55, 90, 254, 178, 125, 153, 40, 215, 27, 205, 230, 126, 13, 228,
       252, 229, 26, 78, 11, 245, 176, 207, 252, 82, 201, 88, 167, 152,
       235, 184, 239, 89, 27, 54, 45, 239, 25, 215, 199, 74, 80, 213,
       159, 109, 144, 26, 138, 235, 23, 201, 247, 49, 85, 144, 130, 134,
       98, 62, 173, 16, 176, 221, 221, 212, 231, 159, 53, 168, 25, 142,
       184, 102, 148, 137, 155, 203, 17, 94, 107, 90, 247, 187, 212, 21,
       127, 210, 12, 222, 142, 45, 95, 115, 69, 116, 78, 111, 180, 117,
       232, 126, 100, 243, 81, 149, 52, 62, 236, 22, 110, 201, 176, 117,
       110, 38, 188, 37, 128, 111, 187, 66, 185, 255, 231, 204, 63, 170,
       48, 94, 174, 235, 210, 153, 253, 235, 108, 223, 187, 135, 199,
       252, 247, 191, 71, 207, 171, 170, 123, 109, 191, 239, 247, 138,
       21, 3, 50, 97, 141, 124, 153, 232, 114, 204, 115, 81, 247, 189,
       138, 242, 106, 110, 136, 31, 157, 165, 60, 118, 195, 140, 28, 186,
       232, 156, 141, 121, 221, 218, 176, 189, 250, 139, 253, 17, 207,
       187, 83, 165, 24, 174, 223, 72, 187, 163, 147, 253, 16, 59, 79,
       186, 241, 155, 211, 90, 123, 146, 64, 167, 59, 228, 32, 91, 101,
       96, 14, 98, 16, 57, 138, 115, 104, 215, 51, 129, 159, 176, 212,
       108, 106, 105, 244, 129, 72, 134, 248, 96, 128, 72, 163, 66, 33,
       175, 66, 231, 199, 98, 18, 235, 152, 53, 166, 83, 231, 201, 70,
       157, 207, 126, 236, 55, 238, 169, 212, 109, 232, 6, 42, 235, 132,
       47, 183, 112, 244, 218, 188, 190, 250, 169, 253, 81, 199, 187, 83,
       164, 24, 190, 255, 70, 191, 163, 179, 253, 16, 63, 111, 186, 243,
       155, 211, 80, 123, 210, 64, 135, 122, 165, 20, 200, 135, 116, 34,
       111, 56, 16, 226, 95, 246, 81, 99, 159, 116, 92, 236, 23, 238,
       169, 150, 77, 142, 100, 46, 163, 132, 45, 251, 80, 145, 105, 255,
       141, 60, 201, 116, 5, 190, 162, 221, 188, 108, 251, 230, 195, 158,
       1, 198, 236, 64, 143, 74, 255, 33, 109, 231, 117, 189, 202, 117,
       110, 251, 5, 239, 224, 223, 222, 27, 238, 252, 214, 226, 157, 210,
       241, 227, 249, 98, 121, 234, 94, 238, 240, 37, 110, 255, 254, 206,
       167, 172, 247, 251, 240, 200, 98, 191, 156, 190, 169, 165, 20,
       207, 139, 31, 168, 109, 166, 250, 66, 155, 201, 115, 237, 17, 30,
       75, 218, 49, 154, 243, 92, 123, 216, 80, 142, 27, 173, 67, 121,
       103, 52, 26, 239, 184, 116, 224, 114, 226, 243, 76, 157, 160, 62,
       204, 118, 106, 233, 180, 109, 46, 36, 239, 103, 4, 101, 187, 82,
       161, 125, 109, 220, 39, 168, 26, 71, 172, 113, 230, 175, 172, 195,
       98, 203, 214, 83, 196, 232, 110, 108, 210, 237, 42, 254, 231, 69,
       53, 98, 247, 206, 68, 120, 49, 121, 232, 57, 79, 83, 88, 3, 40,
       177, 8, 27, 93, 77, 16, 220, 157, 93, 98, 10, 35, 249, 157, 211,
       220, 1, 62, 113, 171, 102, 115, 220, 62, 158, 52, 171, 44, 24, 18,
       186, 151, 166, 157, 143, 166, 67, 91, 167, 247, 236, 18, 172, 71,
       146, 34, 211, 227, 123, 57, 232, 113, 47, 19, 215, 182, 141, 177,
       139, 45, 56, 191, 186, 243, 130, 221, 206, 62, 78, 203, 167, 71,
       249, 21, 183, 77, 219, 210, 140, 82, 95, 118, 136, 100, 137, 87,
       124, 252, 236, 118, 139, 86, 87, 188, 179, 254, 173, 141, 123,
       253, 95, 59, 49, 214, 253, 102, 236, 67, 255, 42, 251, 99, 69,
       191, 163, 119, 222, 82, 199, 148, 133, 145, 136, 62, 173, 191,
       190, 123, 19, 85, 220, 126, 94, 107, 165, 71, 121, 189, 247, 85,
       191, 66, 141, 58, 255, 196, 136, 116, 129, 116, 124, 241, 217,
       238, 184, 79, 87, 152, 35, 248, 161, 12, 223, 119, 73, 114, 215,
       213, 125, 242, 75, 67, 251, 16, 251, 221, 37, 124, 186, 179, 6,
       51, 70, 188, 191, 191, 190, 255, 55, 175, 158, 247, 71, 55, 244,
       255, 107, 75, 247, 127, 251, 19, 118, 73, 187, 255, 239, 231, 95,
       111, 144, 113, 133, 91, 122, 54, 230, 80, 219, 127, 209, 87, 115,
       239, 244, 191, 10, 60, 6, 189, 237, 182, 247, 132, 189, 255, 245,
       214, 31, 95, 80, 243, 227, 76, 222, 223, 238, 176, 189, 208, 237,
       253, 185, 91, 143, 255, 181, 30, 156, 159, 78, 191, 239, 147, 255,
       145, 179, 111, 250, 210, 223, 27, 223, 255, 223, 77, 223, 243, 90,
       189, 188, 183, 187, 204, 125, 231, 63, 91, 182, 4, 188, 62, 66,
       115, 167, 215, 255, 145, 55, 89, 187, 243, 255, 247, 95, 67, 136,
       80, 167, 91, 165, 172, 173, 247, 252, 238, 105, 150, 247, 187,
       102, 16, 243, 249, 89, 59, 201, 238, 125, 152, 186, 252, 251, 163,
       207, 251, 213, 64, 193, 249, 82, 34, 13, 248, 189, 255, 73, 253,
       121, 218, 255, 251, 166, 16, 252, 255, 93, 123, 193, 119, 123, 30,
       163, 69, 251, 241, 79, 251, 215, 44, 146, 117, 71, 250, 22, 222,
       143, 191, 138, 226, 31, 166, 158, 151, 194, 179, 245, 246, 33, 75,
       197, 119, 169, 131, 112, 205, 11, 47, 233, 167, 254, 17, 144, 113,
       165, 74, 200, 249, 191, 251, 173, 220, 117, 183, 255, 27, 166, 16,
       190, 189, 64, 123, 193, 118, 251, 90, 114, 109, 251, 177, 239,
       251, 86, 123, 130, 88, 193, 170, 109, 107, 216, 101, 176, 27, 103,
       184, 113, 168, 126, 72, 219, 65, 131, 180, 16, 76, 236, 106, 73,
       176, 193, 12, 174, 255, 37, 21, 74, 177, 74, 1, 101, 113, 17, 71,
       48, 14, 102, 184, 104, 168, 107, 76, 215, 113, 137, 116, 144, 76,
       108, 106, 201, 176, 217, 12, 231, 188, 37, 4, 74, 179, 66, 32, 42,
       188, 178, 172, 253, 255, 190, 239, 31, 207, 216, 7, 172, 238, 102,
       64, 253, 251, 183, 145, 6, 187, 219, 255, 63, 213, 143, 239, 146,
       93, 191, 223, 234, 182, 188, 240, 237, 189, 184, 95, 155, 123,
       181, 127, 156, 158, 86, 43, 239, 147, 255, 17, 183, 111, 226, 211,
       223, 91, 255, 254, 223, 76, 143, 223, 111, 24, 225, 90, 236, 181,
       120, 219, 223, 75, 84, 171, 24, 253, 247, 108, 215, 82, 183, 28,
       150, 30, 110, 242, 95, 94, 213, 238, 151, 205, 212, 119, 202, 126,
       210, 158, 126, 184, 174, 214, 189, 206, 246, 247, 237, 238, 171,
       223, 126, 97, 206, 230, 164, 231, 166, 234, 182, 247, 254, 138,
       134, 245, 47, 221, 76, 62, 218, 178, 228, 251, 250, 210, 189, 238,
       246, 175, 205, 238, 227, 72, 127, 231, 206, 242, 4, 247, 44, 238,
       222, 215, 127, 201, 197, 251, 47, 211, 105, 255, 169, 13, 249,
       124, 23, 159, 34, 253, 188, 237, 186, 52, 194, 182, 5, 94, 252,
       12, 143, 74, 251, 49, 239, 101, 37, 191, 202, 246, 206, 255, 109,
       103, 64, 71, 212, 27, 70, 168, 97, 160, 107, 136, 195, 96, 153,
       180, 24, 204, 66, 110, 76, 178, 205, 28, 46, 140, 5, 52, 107, 187,
       90, 132, 180, 86, 93, 77, 108, 11, 199, 248, 86, 42, 181, 104, 83,
       81, 141, 21, 88, 220, 70, 106, 104, 38, 105, 31, 118, 138, 97, 60,
       115, 187, 86, 161, 104, 167, 113, 79, 112, 203, 103, 127, 101, 45,
       238, 104, 51, 21, 140, 180, 24, 158, 70, 40, 91, 186, 97, 31, 119,
       188, 48, 80, 67, 130, 198, 169, 34, 255, 114, 88, 217, 197, 156,
       231, 159, 21, 184, 139, 40, 142, 100, 148, 237, 187, 195, 128, 86,
