%YAML:1.0
---
descriptors: !!opencv-matrix
   rows: 304
   cols: 32
   dt: u
   data: [ 156, 111, 40, 59, 133, 249, 70, 136, 127, 23, 78, 17, 227,
       193, 91, 220, 81, 234, 234, 90, 30, 244, 127, 49, 135, 225, 4, 65,
       242, 95, 220, 70, 2, 158, 138, 189, 50, 128, 56, 230, 62, 13, 66,
       181, 164, 226, 34, 64, 231, 43, 51, 149, 54, 156, 2, 255, 108, 54,
       154, 195, 156, 4, 185, 219, 108, 62, 184, 119, 184, 62, 83, 154,
       251, 172, 110, 72, 223, 243, 195, 122, 149, 92, 108, 90, 148, 209,
       251, 50, 203, 255, 37, 117, 194, 227, 78, 35, 49, 75, 75, 236, 22,
       130, 75, 112, 68, 128, 251, 198, 115, 195, 177, 97, 122, 172, 30,
       238, 201, 179, 4, 12, 240, 169, 162, 0, 61, 171, 112, 40, 212, 93,
       27, 254, 18, 192, 55, 224, 180, 134, 235, 32, 124, 247, 41, 81,
       50, 121, 201, 98, 96, 135, 186, 127, 241, 231, 15, 11, 48, 115,
       39, 51, 2, 157, 18, 221, 211, 244, 184, 39, 29, 65, 110, 2, 172,
       182, 36, 228, 192, 59, 147, 0, 23, 152, 82, 223, 47, 54, 26, 75,
       26, 76, 173, 158, 147, 205, 2, 158, 147, 130, 62, 231, 182, 65,
       194, 199, 40, 194, 50, 192, 248, 171, 155, 213, 126, 139, 6, 255,
       56, 39, 158, 203, 61, 4, 184, 30, 49, 65, 107, 236, 86, 135, 235,
       112, 68, 64, 249, 198, 51, 201, 53, 96, 122, 168, 19, 239, 201,
       179, 20, 221, 241, 169, 130, 8, 125, 139, 112, 160, 37, 221, 83,
       78, 246, 215, 238, 245, 125, 200, 123, 98, 121, 254, 188, 244,
       126, 250, 22, 234, 213, 186, 44, 255, 62, 172, 39, 192, 127, 170,
       235, 173, 57, 13, 41, 108, 29, 199, 67, 111, 87, 232, 236, 10,
       114, 81, 49, 4, 216, 170, 18, 44, 43, 43, 121, 31, 251, 207, 129,
       56, 114, 10, 80, 234, 115, 142, 236, 21, 158, 179, 140, 167, 22,
       231, 150, 179, 225, 44, 150, 195, 111, 231, 253, 133, 188, 220,
       231, 191, 46, 103, 255, 209, 165, 140, 220, 92, 178, 36, 62, 244,
       139, 105, 181, 107, 185, 150, 176, 27, 78, 255, 37, 25, 249, 187,
       207, 163, 104, 103, 162, 220, 211, 211, 91, 63, 65, 120, 167, 226,
       28, 111, 251, 119, 246, 202, 111, 244, 116, 166, 126, 34, 83, 245,
       177, 112, 122, 252, 6, 234, 96, 182, 40, 110, 119, 175, 39, 1,
       101, 243, 230, 224, 32, 136, 121, 120, 77, 233, 241, 70, 86, 25,
       116, 24, 50, 153, 84, 56, 201, 170, 98, 0, 27, 62, 242, 51, 87,
       141, 48, 105, 209, 8, 86, 138, 24, 159, 83, 43, 179, 155, 50, 223,
       46, 13, 121, 229, 239, 231, 160, 212, 55, 59, 198, 20, 19, 152,
       73, 61, 236, 197, 39, 192, 250, 134, 163, 185, 17, 165, 31, 252,
       197, 47, 239, 247, 253, 19, 248, 30, 158, 169, 60, 57, 249, 207,
       90, 175, 249, 251, 146, 238, 253, 255, 86, 108, 201, 80, 227, 160,
       101, 168, 133, 83, 249, 77, 225, 153, 170, 185, 33, 88, 150, 49,
       92, 58, 137, 66, 114, 28, 19, 120, 251, 48, 13, 24, 21, 116, 200,
       73, 210, 160, 29, 243, 121, 231, 242, 15, 127, 248, 54, 232, 117,
       238, 255, 95, 152, 48, 54, 217, 87, 126, 219, 176, 9, 63, 254,
       205, 39, 164, 108, 163, 163, 177, 148, 205, 47, 171, 140, 207, 94,
       248, 20, 34, 219, 67, 215, 123, 56, 64, 121, 243, 63, 227, 120,
       185, 91, 191, 249, 199, 239, 84, 53, 171, 148, 2, 253, 243, 147,
       62, 237, 93, 70, 248, 251, 234, 177, 76, 206, 241, 76, 150, 153,
       232, 238, 106, 217, 103, 218, 242, 185, 217, 69, 62, 90, 119, 202,
       167, 173, 189, 249, 77, 252, 63, 191, 154, 90, 239, 125, 188, 217,
       125, 215, 164, 95, 94, 183, 30, 179, 248, 253, 170, 110, 223, 165,
       244, 215, 255, 214, 241, 133, 177, 223, 247, 68, 15, 239, 248,
       126, 241, 247, 94, 255, 251, 88, 107, 123, 239, 126, 238, 177,
       242, 251, 253, 221, 255, 103, 36, 233, 241, 99, 160, 37, 74, 125,
       79, 100, 15, 111, 184, 101, 138, 255, 100, 243, 105, 145, 52, 92,
       228, 102, 110, 201, 178, 105, 44, 70, 255, 225, 132, 123, 187, 66,
       161, 1, 193, 103, 221, 108, 15, 237, 125, 239, 56, 114, 66, 251,
       201, 188, 111, 106, 164, 126, 72, 193, 240, 195, 209, 5, 186, 243,
       4, 79, 168, 80, 160, 36, 169, 71, 235, 252, 143, 97, 113, 229, 24,
       251, 64, 243, 201, 57, 35, 200, 48, 110, 120, 27, 225, 91, 221,
       111, 184, 195, 72, 64, 170, 112, 160, 162, 176, 247, 81, 253, 255,
       145, 95, 223, 223, 245, 57, 10, 188, 198, 62, 207, 186, 255, 17,
       190, 239, 243, 194, 31, 94, 85, 255, 199, 12, 214, 255, 67, 96,
       231, 205, 108, 24, 232, 24, 238, 209, 82, 196, 185, 138, 213, 234,
       110, 109, 127, 207, 195, 84, 247, 192, 6, 248, 234, 168, 13, 177,
       97, 172, 207, 221, 215, 223, 122, 214, 238, 252, 59, 82, 121, 246,
       121, 247, 189, 244, 119, 255, 183, 238, 227, 150, 191, 255, 55,
       126, 202, 142, 63, 247, 227, 181, 173, 1, 134, 156, 205, 247, 228,
       73, 213, 195, 229, 16, 210, 249, 63, 238, 216, 168, 50, 189, 25,
       163, 82, 130, 19, 63, 198, 24, 219, 124, 248, 134, 88, 185, 184,
       240, 155, 228, 81, 143, 187, 247, 164, 24, 190, 183, 66, 122, 129,
       223, 253, 144, 62, 75, 242, 225, 219, 249, 22, 123, 160, 64, 175,
       122, 54, 191, 217, 225, 150, 111, 79, 218, 123, 239, 185, 78, 95,
       107, 95, 16, 251, 207, 5, 242, 139, 50, 217, 250, 185, 158, 167,
       180, 253, 243, 206, 17, 73, 80, 87, 69, 116, 78, 105, 48, 101,
       104, 119, 66, 147, 51, 144, 119, 110, 132, 62, 232, 169, 176, 117,
       76, 70, 170, 226, 132, 109, 160, 96, 57, 126, 247, 225, 14, 155,
       245, 30, 217, 131, 94, 157, 175, 106, 252, 175, 52, 151, 209, 213,
       231, 223, 3, 190, 219, 51, 119, 13, 191, 183, 247, 182, 87, 125,
       113, 249, 101, 244, 79, 79, 185, 97, 232, 254, 8, 83, 85, 209, 48,
       30, 220, 84, 122, 201, 178, 249, 44, 255, 237, 37, 164, 105, 187,
       194, 49, 133, 206, 237, 255, 252, 15, 111, 249, 126, 234, 119,
       214, 243, 227, 208, 96, 127, 236, 126, 46, 249, 252, 111, 254,
       236, 239, 247, 132, 188, 234, 208, 160, 178, 71, 106, 172, 94, 3,
       158, 105, 20, 164, 219, 167, 65, 236, 51, 64, 124, 173, 151, 231,
       236, 147, 4, 158, 242, 103, 171, 149, 53, 190, 60, 193, 58, 238,
       46, 186, 9, 221, 80, 198, 167, 31, 164, 137, 46, 207, 99, 149,
       169, 251, 205, 64, 14, 75, 42, 181, 219, 211, 93, 123, 114, 21,
       46, 218, 254, 253, 246, 90, 207, 253, 246, 207, 251, 247, 189, 24,
       110, 252, 110, 191, 171, 251, 254, 18, 118, 111, 186, 243, 123,
       251, 85, 123, 83, 93, 207, 199, 7, 93, 23, 158, 60, 134, 174, 236,
       253, 72, 218, 102, 228, 242, 165, 228, 246, 97, 58, 227, 197, 129,
       31, 255, 176, 54, 138, 138, 24, 59, 41, 53, 92, 125, 190, 166,
       186, 66, 22, 237, 170, 242, 142, 171, 95, 247, 67, 82, 183, 215,
       253, 243, 73, 65, 155, 42, 251, 199, 109, 191, 164, 115, 173, 83,
       90, 185, 180, 176, 41, 205, 16, 71, 171, 61, 168, 9, 174, 222, 66,
       210, 128, 19, 249, 17, 22, 75, 210, 209, 153, 209, 31, 123, 144,
       4, 143, 94, 149, 175, 111, 237, 246, 42, 111, 251, 126, 194, 122,
       246, 253, 99, 144, 97, 127, 206, 54, 174, 177, 248, 111, 223, 252,
       239, 231, 196, 109, 226, 99, 177, 126, 232, 228, 178, 159, 249,
       159, 140, 155, 245, 136, 155, 239, 236, 95, 158, 139, 215, 253,
       213, 30, 111, 239, 177, 251, 87, 223, 127, 247, 95, 151, 94, 129,
       65, 135, 205, 76, 13, 236, 93, 238, 56, 242, 64, 155, 129, 244,
       230, 104, 44, 110, 72, 195, 181, 147, 209, 5, 248, 242, 4, 72,
       186, 209, 168, 133, 33, 223, 253, 108, 47, 233, 248, 126, 232,
       247, 66, 223, 251, 217, 105, 123, 205, 126, 174, 161, 242, 251,
       221, 220, 251, 103, 68, 108, 224, 99, 161, 254, 241, 228, 178,
       143, 113, 149, 205, 219, 247, 129, 187, 202, 236, 95, 138, 169,
       215, 253, 145, 62, 111, 255, 240, 219, 87, 223, 127, 231, 126,
       151, 86, 45, 113, 121, 101, 116, 79, 111, 121, 97, 236, 126, 72,
       115, 85, 145, 48, 94, 252, 86, 110, 201, 178, 249, 12, 127, 173,
       37, 164, 107, 186, 66, 249, 253, 111, 152, 126, 173, 157, 86, 248,
       255, 254, 181, 108, 239, 232, 207, 183, 159, 234, 236, 102, 239,
