%YAML:1.0
---
descriptors: !!opencv-matrix
   rows: 384
   cols: 32
   dt: u
   data: [ 57, 77, 11, 174, 21, 215, 238, 102, 213, 8, 218, 2, 115, 249,
       48, 192, 120, 234, 23, 239, 110, 187, 8, 255, 243, 239, 163, 129,
       53, 26, 120, 138, 8, 155, 212, 205, 118, 10, 109, 55, 53, 169,
       118, 230, 123, 39, 128, 116, 126, 190, 62, 136, 201, 184, 101,
       205, 254, 255, 244, 128, 47, 136, 224, 57, 21, 199, 71, 101, 52,
       11, 102, 156, 116, 32, 106, 196, 211, 96, 153, 144, 26, 76, 4,
       110, 41, 176, 77, 31, 164, 174, 37, 4, 109, 179, 82, 164, 196, 62,
       253, 247, 252, 111, 111, 190, 63, 235, 254, 124, 255, 119, 201,
       123, 119, 223, 127, 170, 185, 246, 251, 238, 239, 255, 119, 192,
       172, 249, 133, 249, 216, 182, 255, 255, 172, 207, 253, 254, 191,
       127, 246, 255, 255, 255, 154, 107, 255, 255, 127, 141, 185, 255,
       251, 243, 223, 251, 255, 208, 229, 216, 229, 123, 139, 120, 114,
       197, 116, 158, 232, 53, 125, 200, 118, 230, 185, 26, 150, 244,
       110, 172, 30, 204, 197, 188, 117, 223, 6, 125, 178, 128, 47, 132,
       123, 141, 233, 186, 171, 219, 108, 173, 233, 82, 255, 91, 241, 92,
       191, 136, 214, 104, 205, 170, 126, 29, 183, 126, 242, 241, 206,
       255, 242, 248, 216, 136, 115, 153, 5, 117, 81, 71, 114, 94, 118,
       184, 120, 232, 111, 96, 222, 115, 137, 180, 178, 93, 84, 106, 97,
       176, 121, 110, 165, 188, 37, 6, 72, 179, 75, 177, 165, 112, 57,
       71, 36, 95, 99, 56, 108, 232, 39, 104, 214, 84, 141, 48, 144, 84,
       68, 106, 65, 176, 121, 12, 39, 153, 33, 54, 64, 59, 71, 39, 190,
       158, 111, 253, 44, 95, 255, 114, 61, 110, 246, 247, 221, 111, 150,
       177, 254, 245, 223, 167, 237, 183, 117, 239, 215, 255, 235, 145,
       71, 228, 119, 241, 206, 180, 188, 242, 169, 108, 21, 15, 187, 191,
       165, 25, 206, 255, 78, 27, 129, 23, 237, 16, 58, 77, 219, 130,
       207, 211, 85, 123, 130, 80, 143, 19, 65, 240, 29, 251, 104, 141,
       57, 144, 239, 89, 181, 124, 158, 147, 200, 127, 166, 25, 126, 88,
       131, 103, 242, 241, 199, 217, 114, 250, 218, 129, 131, 179, 44,
       227, 216, 107, 116, 138, 123, 216, 35, 133, 109, 137, 151, 195,
       90, 16, 26, 76, 68, 124, 26, 176, 200, 10, 238, 253, 37, 109, 224,
       131, 74, 130, 126, 253, 180, 254, 141, 119, 214, 232, 247, 183,
       191, 11, 75, 249, 31, 143, 249, 212, 255, 227, 56, 99, 123, 248,
       251, 223, 199, 63, 247, 127, 254, 2, 90, 237, 190, 191, 205, 253,
       117, 239, 223, 215, 252, 27, 110, 253, 118, 102, 233, 247, 251,
       145, 124, 107, 251, 251, 255, 247, 87, 123, 147, 124, 175, 238,
       240, 104, 253, 64, 138, 105, 65, 150, 99, 49, 160, 8, 19, 21, 197,
       59, 1, 208, 108, 88, 11, 111, 227, 16, 219, 201, 101, 124, 225,
       249, 70, 32, 252, 77, 60, 254, 188, 200, 87, 48, 132, 148, 167,
       40, 247, 247, 32, 83, 192, 242, 236, 98, 120, 43, 75, 61, 243,
       227, 100, 25, 50, 171, 196, 42, 128, 217, 61, 187, 108, 141, 185,
       218, 142, 60, 208, 34, 180, 223, 49, 98, 205, 27, 127, 193, 66,
       41, 123, 241, 197, 153, 251, 244, 16, 9, 17, 235, 211, 219, 111,
       28, 50, 144, 63, 183, 172, 72, 70, 230, 61, 150, 162, 113, 38,
       119, 125, 207, 229, 153, 37, 109, 240, 35, 46, 128, 36, 148, 165,
       125, 238, 173, 182, 214, 237, 247, 180, 239, 187, 183, 175, 25,
       110, 255, 110, 223, 233, 119, 251, 17, 62, 235, 155, 247, 251,
       211, 223, 119, 130, 124, 255, 198, 23, 20, 107, 255, 22, 230, 187,
       88, 28, 71, 79, 151, 85, 255, 62, 104, 127, 187, 19, 191, 177,
       148, 60, 206, 215, 46, 155, 64, 189, 203, 53, 240, 140, 14, 154,
       251, 180, 191, 86, 145, 86, 139, 125, 80, 247, 227, 168, 72, 209,
       106, 12, 30, 58, 160, 74, 59, 234, 255, 53, 89, 146, 235, 232, 33,
       56, 189, 25, 122, 153, 221, 86, 239, 223, 25, 168, 24, 190, 254,
       100, 48, 201, 187, 206, 0, 63, 43, 122, 255, 243, 213, 3, 123, 80,
       40, 207, 2, 105, 221, 50, 186, 93, 205, 87, 239, 207, 88, 172, 9,
       190, 217, 42, 116, 200, 163, 74, 83, 70, 35, 90, 255, 241, 52, 6,
       59, 90, 30, 235, 142, 216, 176, 154, 120, 168, 172, 88, 23, 186,
       29, 183, 29, 191, 215, 74, 91, 167, 145, 109, 28, 10, 69, 146, 17,
       219, 249, 50, 233, 138, 128, 139, 27, 95, 153, 182, 159, 171, 245,
       184, 223, 175, 91, 158, 183, 236, 254, 46, 238, 231, 119, 255,
       145, 149, 201, 59, 241, 159, 114, 95, 211, 142, 117, 169, 95, 112,
       186, 254, 120, 170, 233, 81, 215, 162, 31, 180, 184, 51, 183, 194,
       26, 7, 178, 109, 24, 26, 107, 162, 49, 218, 207, 116, 249, 226,
       192, 198, 235, 187, 190, 254, 189, 125, 255, 248, 254, 255, 255,
       254, 55, 104, 254, 54, 250, 237, 255, 255, 145, 175, 239, 251,
       255, 223, 255, 255, 215, 199, 93, 126, 223, 199, 92, 39, 151, 236,
       174, 236, 183, 253, 250, 82, 86, 252, 108, 181, 239, 237, 102,
       127, 175, 241, 253, 123, 236, 45, 58, 255, 192, 12, 124, 209, 253,
       134, 172, 244, 223, 255, 187, 190, 239, 159, 179, 248, 147, 236,
       254, 125, 231, 247, 127, 255, 7, 182, 77, 202, 251, 47, 126, 223,
       191, 151, 252, 219, 159, 102, 185, 252, 243, 250, 137, 184, 207,
       171, 185, 124, 249, 172, 223, 196, 26, 175, 123, 247, 17, 82, 122,
       202, 224, 14, 17, 63, 239, 204, 8, 143, 155, 221, 67, 108, 229,
       22, 10, 110, 56, 117, 162, 247, 194, 91, 43, 153, 115, 126, 197,
       125, 238, 232, 180, 205, 206, 246, 235, 227, 132, 103, 179, 98,
       32, 127, 103, 202, 142, 221, 22, 111, 252, 53, 134, 253, 15, 72,
       235, 191, 212, 123, 205, 230, 238, 236, 179, 175, 238, 126, 191,
       135, 141, 103, 247, 230, 196, 56, 247, 2, 232, 85, 135, 226, 252,
       87, 141, 249, 110, 98, 217, 168, 192, 248, 170, 2, 226, 10, 179,
       74, 191, 120, 132, 131, 105, 121, 10, 122, 131, 62, 213, 119, 238,
       253, 71, 239, 236, 125, 142, 250, 66, 90, 255, 61, 132, 248, 221,
       119, 227, 233, 179, 25, 238, 177, 254, 135, 14, 81, 123, 103, 163,
       252, 246, 253, 122, 232, 108, 85, 159, 178, 191, 165, 61, 95, 247,
       72, 91, 5, 214, 237, 26, 58, 71, 251, 51, 219, 227, 117, 253, 162,
       241, 166, 115, 52, 79, 26, 231, 145, 74, 71, 224, 36, 132, 239, 8,
       67, 99, 9, 16, 120, 252, 72, 98, 72, 178, 73, 46, 245, 167, 5, 21,
       97, 59, 102, 34, 54, 117, 90, 238, 223, 71, 87, 233, 159, 166,
       249, 11, 94, 255, 47, 80, 250, 253, 95, 226, 108, 35, 88, 255,
       253, 182, 7, 63, 17, 123, 230, 147, 48, 143, 2, 206, 20, 195, 199,
       228, 84, 12, 252, 98, 98, 249, 180, 100, 248, 168, 6, 233, 74,
       187, 8, 191, 176, 172, 131, 13, 81, 26, 116, 171, 118, 237, 98,
       174, 223, 51, 222, 237, 61, 198, 253, 135, 74, 234, 63, 212, 255,
       207, 223, 231, 108, 35, 91, 254, 179, 255, 143, 159, 119, 119,
       254, 198, 50, 188, 153, 250, 185, 253, 80, 207, 187, 57, 172, 24,
       46, 247, 76, 178, 141, 219, 205, 16, 11, 75, 250, 245, 155, 213,
       21, 127, 144, 64, 142, 186, 63, 39, 224, 79, 125, 123, 202, 72,
       89, 164, 251, 138, 202, 104, 159, 164, 250, 237, 198, 231, 140,
       178, 229, 234, 54, 126, 139, 19, 215, 127, 126, 134, 56, 157, 26,
       234, 157, 231, 83, 55, 196, 1, 238, 0, 247, 243, 32, 112, 81, 178,
       8, 56, 57, 169, 88, 63, 235, 231, 36, 81, 186, 202, 252, 58, 204,
       109, 183, 126, 139, 107, 23, 172, 245, 18, 163, 24, 219, 117, 13,
       187, 131, 214, 104, 98, 97, 97, 107, 40, 171, 251, 69, 23, 194,
       113, 199, 34, 126, 172, 190, 190, 137, 252, 20, 206, 159, 151,
       165, 25, 238, 254, 111, 219, 201, 127, 233, 19, 46, 111, 218, 177,
       219, 243, 87, 127, 210, 93, 174, 78, 198, 236, 246, 191, 189, 171,
       126, 239, 191, 183, 67, 19, 236, 235, 44, 75, 243, 127, 251, 51,
       114, 93, 138, 255, 173, 246, 223, 103, 150, 125, 149, 134, 133,
       237, 211, 154, 236, 169, 174, 236, 222, 146, 24, 216, 253, 227,
       249, 66, 19, 107, 106, 122, 115, 103, 142, 243, 44, 150, 79, 108,
       156, 251, 161, 160, 71, 187, 138, 183, 248, 12, 168, 159, 186,
