%YAML:1.0
---
descriptors: !!opencv-matrix
   rows: 189
   cols: 32
   dt: u
   data: [ 139, 80, 115, 89, 119, 215, 168, 72, 95, 73, 117, 86, 120,
       220, 183, 236, 126, 41, 150, 141, 167, 180, 54, 223, 6, 94, 131,
       198, 95, 12, 105, 213, 122, 157, 112, 168, 93, 247, 90, 115, 7,
       173, 220, 11, 47, 159, 114, 80, 220, 191, 151, 177, 30, 26, 209,
       220, 255, 213, 129, 251, 54, 142, 124, 91, 10, 201, 144, 153, 29,
       213, 178, 161, 31, 21, 66, 3, 172, 222, 38, 196, 216, 59, 187,
       193, 70, 24, 91, 245, 47, 117, 143, 75, 18, 12, 189, 94, 245, 91,
       205, 253, 140, 6, 79, 49, 68, 234, 214, 198, 243, 35, 145, 107,
       76, 228, 61, 238, 233, 156, 245, 40, 244, 171, 230, 144, 61, 248,
       112, 57, 169, 254, 121, 123, 116, 141, 227, 242, 125, 72, 124, 76,
       190, 209, 176, 180, 182, 42, 6, 78, 227, 188, 24, 127, 37, 221,
       32, 40, 88, 155, 67, 169, 49, 207, 107, 175, 150, 6, 239, 254,
       116, 4, 250, 198, 115, 99, 177, 96, 120, 206, 14, 239, 232, 187,
       5, 47, 248, 175, 166, 128, 61, 250, 112, 137, 153, 145, 234, 248,
       164, 146, 237, 81, 85, 75, 215, 246, 89, 218, 186, 104, 120, 169,
       31, 172, 219, 151, 36, 195, 210, 239, 186, 196, 61, 168, 240, 241,
       205, 124, 189, 229, 160, 110, 127, 24, 57, 234, 55, 100, 221, 119,
       201, 59, 151, 85, 125, 250, 161, 212, 249, 96, 205, 187, 111, 128,
       136, 243, 3, 115, 146, 252, 89, 250, 123, 197, 27, 228, 155, 72,
       48, 42, 60, 215, 96, 48, 166, 187, 215, 210, 99, 15, 186, 255,
       251, 213, 42, 250, 56, 3, 39, 187, 66, 224, 252, 251, 124, 200,
       249, 143, 43, 29, 54, 163, 189, 31, 78, 82, 231, 155, 189, 144,
       66, 76, 227, 225, 207, 253, 190, 203, 4, 0, 197, 107, 114, 192,
       252, 239, 242, 72, 185, 135, 42, 29, 118, 51, 181, 55, 10, 90,
       227, 151, 191, 144, 18, 88, 227, 193, 223, 231, 254, 195, 160, 0,
       167, 235, 79, 35, 236, 227, 174, 56, 248, 17, 239, 245, 31, 231,
       205, 46, 223, 170, 175, 21, 253, 149, 148, 112, 175, 192, 14, 221,
       239, 199, 231, 231, 221, 213, 2, 235, 26, 158, 91, 192, 60, 103,
       172, 5, 194, 161, 172, 134, 34, 80, 230, 59, 235, 129, 70, 139,
       130, 253, 179, 113, 26, 139, 16, 20, 173, 203, 2, 178, 114, 147,
       230, 253, 184, 198, 173, 93, 122, 247, 140, 158, 118, 96, 238, 59,
       215, 145, 150, 189, 166, 224, 20, 24, 26, 195, 69, 12, 231, 223,
       118, 57, 22, 170, 11, 95, 218, 232, 175, 164, 225, 11, 206, 214,
       47, 84, 248, 189, 203, 227, 76, 3, 154, 220, 145, 240, 139, 63,
       81, 39, 47, 70, 94, 247, 248, 225, 178, 10, 61, 157, 59, 189, 14,
       185, 141, 7, 202, 26, 183, 223, 221, 176, 82, 88, 137, 194, 254,
       197, 63, 229, 166, 132, 135, 113, 220, 20, 190, 246, 41, 126, 120,
       16, 185, 222, 151, 49, 207, 127, 11, 219, 167, 245, 253, 163, 172,
       197, 187, 194, 147, 251, 123, 147, 134, 241, 45, 83, 107, 51, 106,
       44, 79, 149, 152, 72, 206, 236, 157, 239, 169, 204, 247, 162, 142,
       161, 255, 197, 198, 35, 238, 209, 18, 89, 11, 255, 93, 46, 123,
       213, 62, 144, 122, 107, 195, 112, 177, 77, 111, 87, 239, 179, 75,
       92, 46, 88, 251, 155, 131, 49, 30, 51, 61, 209, 83, 229, 26, 71,
       245, 78, 228, 246, 2, 186, 119, 169, 127, 233, 248, 70, 45, 121,
       242, 127, 142, 156, 116, 130, 238, 153, 255, 145, 146, 190, 65,
       209, 148, 16, 154, 227, 85, 12, 149, 219, 43, 155, 127, 249, 118,
       167, 249, 223, 31, 93, 252, 246, 57, 159, 182, 96, 255, 187, 151,
       149, 186, 186, 96, 255, 94, 221, 186, 192, 55, 140, 244, 249, 1,
       10, 27, 249, 118, 131, 41, 82, 22, 9, 82, 210, 181, 131, 160, 72,
       126, 43, 38, 156, 19, 156, 71, 81, 196, 136, 186, 192, 28, 136,
       33, 161, 121, 235, 104, 33, 116, 27, 71, 220, 67, 228, 188, 169,
       3, 9, 210, 16, 24, 140, 196, 124, 204, 58, 229, 30, 126, 205, 165,
       189, 103, 190, 222, 64, 167, 96, 193, 129, 229, 31, 238, 152, 95,
       242, 97, 204, 195, 64, 221, 172, 89, 76, 50, 126, 237, 118, 221,
       146, 140, 94, 197, 36, 206, 191, 90, 148, 173, 126, 248, 101, 100,
       47, 79, 242, 80, 234, 116, 92, 147, 61, 147, 49, 29, 236, 20, 110,
       233, 246, 232, 42, 103, 207, 101, 176, 107, 249, 82, 241, 215, 80,
       237, 183, 142, 20, 159, 136, 142, 246, 135, 151, 209, 238, 95, 75,
       94, 197, 249, 231, 204, 69, 255, 224, 195, 107, 207, 156, 13, 191,
       53, 84, 42, 186, 251, 248, 229, 253, 248, 215, 91, 93, 124, 255,
       158, 157, 246, 56, 255, 187, 151, 21, 151, 126, 250, 211, 95, 93,
       183, 235, 223, 204, 207, 223, 163, 172, 173, 95, 204, 189, 205,
       167, 90, 247, 5, 31, 241, 108, 94, 43, 205, 98, 115, 29, 183, 124,
       255, 179, 47, 95, 221, 112, 221, 93, 216, 252, 55, 197, 237, 175,
       156, 55, 207, 171, 70, 247, 137, 135, 81, 108, 95, 42, 89, 198,
       59, 255, 157, 99, 127, 178, 105, 15, 205, 20, 253, 255, 240, 84,
       86, 249, 18, 154, 29, 221, 150, 236, 175, 20, 129, 9, 238, 254,
       107, 214, 248, 249, 235, 67, 78, 67, 154, 253, 185, 20, 143, 59,
       16, 63, 45, 86, 240, 162, 152, 112, 172, 173, 80, 83, 171, 59,
       176, 93, 150, 155, 64, 26, 129, 163, 108, 20, 30, 107, 210, 17,
       219, 217, 112, 122, 192, 72, 66, 3, 99, 233, 56, 78, 77, 221, 215,
       236, 203, 20, 172, 8, 42, 252, 118, 183, 200, 242, 218, 74, 78,
       107, 250, 241, 51, 89, 68, 59, 83, 58, 222, 174, 97, 160, 153,
       181, 108, 141, 160, 2, 234, 185, 115, 88, 148, 144, 192, 58, 141,
       108, 106, 24, 19, 122, 195, 0, 12, 128, 123, 104, 200, 8, 3, 160,
       98, 179, 242, 16, 239, 249, 176, 71, 235, 119, 188, 185, 172, 172,
       86, 142, 139, 51, 235, 17, 22, 107, 166, 193, 15, 84, 90, 251,
       199, 68, 159, 223, 189, 83, 103, 108, 28, 15, 71, 120, 85, 232,
       247, 76, 83, 64, 153, 53, 88, 196, 108, 110, 233, 179, 125, 12,
       240, 170, 97, 20, 107, 187, 114, 48, 33, 225, 123, 105, 116, 207,
       111, 252, 114, 104, 124, 8, 51, 17, 152, 48, 62, 136, 22, 108,
       195, 186, 48, 127, 103, 141, 36, 100, 83, 152, 194, 169, 208, 227,
       120, 225, 238, 200, 125, 157, 42, 61, 52, 179, 29, 159, 78, 82,
       119, 157, 61, 208, 90, 84, 233, 209, 255, 201, 175, 229, 53, 146,
       197, 99, 16, 221, 75, 254, 150, 131, 111, 246, 150, 0, 218, 226,
       49, 239, 177, 96, 126, 250, 23, 201, 27, 155, 8, 255, 248, 231,
       174, 128, 61, 218, 176, 185, 89, 16, 191, 228, 38, 110, 121, 22,
       172, 206, 30, 2, 191, 191, 99, 107, 230, 117, 61, 56, 129, 213,
       177, 136, 219, 235, 126, 128, 164, 248, 53, 121, 146, 55, 107,
       232, 122, 225, 27, 73, 142, 12, 93, 171, 61, 215, 161, 112, 118,
       185, 151, 162, 98, 7, 170, 223, 241, 197, 171, 187, 52, 34, 39,
       243, 161, 223, 111, 223, 244, 135, 175, 247, 92, 200, 90, 230,
       241, 124, 176, 97, 94, 43, 23, 111, 241, 184, 109, 127, 108, 8,
       175, 192, 29, 138, 241, 249, 138, 137, 32, 152, 93, 213, 176, 99,
       159, 4, 68, 3, 172, 156, 118, 196, 200, 59, 147, 65, 86, 58, 82,
       223, 167, 81, 138, 107, 18, 12, 189, 222, 42, 52, 98, 193, 117,
       247, 122, 87, 21, 109, 125, 31, 40, 31, 54, 208, 252, 186, 151,
       144, 62, 154, 80, 223, 127, 93, 128, 227, 183, 143, 222, 219, 158,
       93, 50, 168, 247, 247, 82, 222, 95, 77, 92, 51, 46, 221, 51, 160,
       255, 59, 151, 113, 166, 186, 48, 255, 251, 93, 14, 239, 246, 220,
       45, 223, 88, 174, 62, 247, 48, 201, 115, 51, 166, 156, 175, 41,
       183, 215, 66, 80, 35, 179, 109, 18, 74, 216, 107, 61, 207, 199,
       55, 1, 96, 130, 5, 107, 5, 161, 104, 75, 244, 145, 234, 248, 70,
       88, 125, 66, 145, 200, 252, 32, 122, 136, 23, 251, 215, 58, 46,
       245, 78, 25, 163, 236, 85, 139, 240, 229, 205, 80, 253, 231, 36,
       46, 111, 152, 120, 234, 119, 96, 215, 115, 137, 123, 214, 212,
       124, 110, 233, 212, 249, 10, 197, 255, 99, 132, 32, 243, 64, 33,
       86, 154, 14, 147, 163, 180, 56, 135, 45, 93, 158, 167, 140, 46,
       15, 72, 231, 3, 191, 149, 150, 153, 23, 245, 154, 118, 222, 195,
