%YAML:1.0
---
descriptors: !!opencv-matrix
   rows: 122
   cols: 32
   dt: u
   data: [ 252, 245, 113, 104, 57, 79, 83, 248, 39, 248, 181, 8, 91, 93,
       73, 49, 221, 213, 93, 114, 107, 103, 249, 159, 251, 217, 37, 125,
       115, 171, 102, 115, 173, 109, 121, 101, 244, 79, 103, 189, 113,
       164, 126, 8, 211, 53, 145, 48, 24, 220, 68, 106, 233, 176, 249,
       14, 239, 207, 37, 4, 99, 250, 198, 248, 61, 77, 107, 222, 252,
       147, 207, 244, 213, 192, 252, 2, 115, 233, 181, 100, 88, 234, 22,
       234, 233, 171, 110, 191, 114, 175, 167, 136, 119, 251, 112, 168,
       237, 201, 191, 251, 237, 140, 117, 167, 255, 27, 102, 16, 190,
       249, 68, 123, 193, 110, 123, 94, 114, 109, 251, 177, 239, 251, 84,
       66, 210, 88, 210, 170, 16, 165, 46, 233, 20, 135, 195, 103, 100,
       0, 234, 2, 115, 89, 48, 0, 120, 186, 89, 249, 10, 185, 17, 29,
       249, 197, 138, 65, 225, 2, 116, 170, 10, 180, 227, 177, 242, 225,
       184, 239, 62, 115, 88, 243, 157, 175, 200, 128, 63, 31, 147, 145,
       51, 220, 148, 215, 108, 7, 191, 229, 165, 196, 167, 251, 2, 162,
       172, 187, 217, 164, 57, 15, 158, 23, 68, 17, 164, 239, 106, 72,
       197, 27, 235, 149, 50, 76, 211, 115, 205, 179, 218, 105, 144, 0,
       165, 202, 200, 249, 177, 175, 155, 204, 51, 156, 174, 193, 130,
       80, 253, 215, 64, 118, 134, 119, 121, 80, 83, 13, 251, 51, 237,
       244, 15, 120, 0, 18, 133, 123, 166, 104, 146, 152, 197, 230, 178,
       64, 157, 134, 80, 18, 140, 202, 97, 72, 217, 121, 131, 81, 0, 182,
       82, 194, 149, 54, 158, 11, 149, 121, 61, 130, 2, 144, 159, 251,
       75, 192, 49, 73, 174, 17, 73, 48, 236, 247, 40, 106, 231, 27, 251,
       144, 19, 73, 155, 213, 77, 182, 90, 79, 152, 2, 165, 179, 3, 203,
       23, 219, 244, 135, 173, 215, 190, 9, 90, 98, 188, 155, 176, 228,
       237, 59, 55, 157, 211, 249, 2, 247, 60, 190, 190, 194, 152, 136,
       161, 169, 253, 253, 230, 158, 221, 55, 206, 253, 87, 226, 222,
       222, 91, 232, 191, 229, 93, 238, 54, 239, 253, 246, 125, 190, 56,
       47, 197, 20, 239, 255, 248, 20, 250, 217, 111, 254, 47, 86, 93,
       101, 185, 126, 182, 191, 107, 95, 54, 87, 238, 245, 253, 231, 105,
       103, 59, 237, 243, 251, 198, 155, 63, 60, 244, 119, 8, 137, 23,
       241, 129, 239, 37, 103, 172, 25, 106, 0, 190, 55, 32, 29, 129, 51,
       33, 8, 16, 216, 18, 125, 205, 150, 90, 64, 130, 64, 135, 170, 253,
       216, 44, 183, 132, 14, 71, 180, 117, 114, 199, 76, 211, 17, 27,
       107, 89, 196, 126, 111, 233, 244, 93, 34, 244, 170, 228, 80, 104,
       187, 248, 16, 64, 93, 123, 101, 116, 79, 111, 176, 53, 104, 126,
       108, 247, 85, 145, 112, 54, 252, 95, 106, 201, 176, 113, 47, 229,
       173, 33, 128, 104, 179, 70, 113, 244, 207, 206, 247, 244, 42, 207,
       252, 123, 162, 255, 254, 123, 233, 157, 17, 123, 239, 102, 235,
       248, 247, 205, 254, 126, 255, 229, 20, 237, 251, 226, 176, 53,
       205, 74, 175, 150, 146, 238, 252, 68, 192, 222, 198, 113, 104,
       186, 96, 126, 238, 22, 239, 205, 184, 93, 191, 124, 45, 175, 132,
       125, 186, 248, 156, 35, 188, 178, 250, 253, 237, 80, 71, 255, 25,
       168, 29, 174, 255, 102, 158, 201, 171, 223, 17, 26, 107, 210, 243,
       155, 220, 22, 122, 218, 76, 211, 30, 133, 120, 191, 255, 109, 189,
       121, 218, 255, 186, 164, 16, 252, 223, 121, 123, 193, 101, 123,
       26, 162, 101, 250, 240, 207, 251, 215, 58, 208, 113, 99, 162, 53,
       205, 111, 111, 150, 91, 238, 252, 84, 224, 251, 194, 115, 120,
       189, 97, 122, 236, 22, 235, 237, 177, 109, 61, 176, 173, 167, 148,
       125, 187, 248, 148, 181, 239, 234, 254, 222, 43, 230, 252, 86,
       162, 249, 250, 115, 233, 173, 33, 125, 254, 70, 106, 248, 119, 78,
       190, 124, 142, 231, 60, 245, 251, 242, 160, 18, 207, 67, 238, 178,
       194, 46, 228, 36, 72, 218, 226, 97, 231, 176, 224, 126, 255, 143,
       234, 89, 155, 13, 239, 184, 164, 175, 129, 53, 178, 180, 57, 17,
       221, 82, 239, 147, 130, 54, 246, 53, 0, 74, 230, 125, 243, 32, 96,
       127, 251, 154, 224, 121, 153, 28, 255, 184, 230, 142, 66, 45, 18,
       161, 154, 19, 223, 26, 223, 246, 134, 191, 247, 190, 9, 94, 98,
       60, 211, 160, 100, 254, 59, 54, 220, 226, 153, 32, 255, 253, 238,
       190, 194, 16, 144, 161, 169, 215, 177, 147, 202, 27, 196, 147,
       200, 239, 17, 161, 20, 220, 214, 104, 244, 246, 17, 248, 210, 19,
       7, 154, 211, 153, 240, 11, 126, 152, 3, 33, 35, 231, 91, 83, 172,
       234, 66, 22, 252, 153, 206, 242, 237, 70, 236, 165, 213, 222, 237,
       166, 102, 237, 187, 146, 238, 48, 50, 101, 142, 92, 189, 98, 213,
       124, 117, 121, 105, 45, 79, 87, 56, 83, 248, 189, 72, 219, 93, 73,
       177, 216, 156, 93, 106, 233, 98, 249, 28, 243, 217, 33, 60, 122,
       187, 70, 51, 194, 52, 51, 218, 235, 225, 181, 71, 173, 3, 152, 50,
       172, 222, 41, 109, 227, 179, 219, 129, 114, 15, 162, 243, 177, 20,
       26, 235, 144, 80, 165, 171, 124, 237, 64, 198, 222, 11, 71, 252,
       51, 160, 253, 170, 115, 97, 139, 20, 120, 204, 71, 234, 120, 178,
       233, 63, 122, 140, 37, 52, 111, 187, 210, 160, 141, 53, 62, 103,
       36, 78, 247, 48, 124, 140, 127, 0, 223, 115, 137, 48, 148, 84,
       110, 106, 161, 176, 121, 14, 103, 251, 97, 4, 66, 187, 71, 163,
       12, 113, 57, 101, 48, 78, 119, 56, 108, 168, 127, 72, 215, 19, 9,
       48, 148, 92, 68, 106, 193, 176, 121, 12, 231, 249, 32, 4, 64, 179,
       70, 163, 27, 191, 97, 171, 178, 171, 175, 183, 47, 229, 90, 231,
       237, 111, 144, 132, 55, 123, 159, 221, 146, 152, 77, 255, 236, 84,
       175, 192, 55, 198, 133, 249, 170, 178, 176, 187, 237, 253, 176,
       207, 222, 89, 80, 59, 172, 156, 126, 136, 201, 27, 243, 17, 22,
       111, 194, 241, 15, 81, 94, 123, 144, 12, 159, 207, 209, 252, 25,
       242, 49, 204, 66, 190, 59, 122, 192, 88, 190, 151, 72, 245, 149,
       93, 92, 88, 107, 94, 216, 127, 185, 240, 23, 126, 26, 16, 3, 57,
       227, 236, 156, 196, 124, 53, 158, 238, 137, 174, 152, 58, 172, 62,
       245, 2, 207, 119, 95, 161, 96, 111, 128, 238, 124, 30, 191, 186,
       20, 120, 49, 137, 141, 68, 22, 247, 32, 15, 172, 56, 188, 178, 83,
       82, 221, 115, 168, 203, 39, 85, 106, 42, 113, 212, 11, 78, 132,
       163, 127, 4, 8, 97, 9, 161, 255, 56, 253, 242, 239, 125, 249, 218,
       171, 255, 181, 30, 158, 191, 71, 59, 175, 211, 255, 145, 191, 103,
       250, 224, 223, 219, 223, 255, 207, 109, 95, 243, 220, 127, 20,
       177, 170, 11, 87, 221, 63, 190, 176, 253, 207, 7, 195, 155, 55,
       221, 204, 114, 232, 86, 201, 26, 252, 211, 111, 191, 60, 240, 143,
       17, 253, 97, 237, 106, 204, 69, 71, 216, 83, 250, 181, 10, 83,
       213, 217, 63, 89, 192, 124, 122, 107, 103, 235, 48, 249, 201, 229,
       60, 243, 251, 86, 96, 125, 125, 153, 103, 56, 15, 79, 184, 51,
       168, 175, 76, 211, 115, 65, 50, 149, 220, 124, 122, 201, 114, 217,
       10, 255, 205, 37, 52, 104, 179, 74, 32, 169, 61, 253, 103, 116,
       111, 103, 54, 117, 226, 126, 8, 243, 53, 144, 49, 90, 254, 118,
       42, 249, 248, 113, 46, 111, 239, 101, 0, 99, 234, 70, 232, 39,
       174, 172, 159, 221, 149, 206, 168, 223, 179, 192, 15, 232, 232,
       95, 139, 221, 106, 251, 95, 254, 106, 219, 255, 47, 127, 223, 122,
       158, 126, 216, 142, 227, 89, 91, 156, 234, 195, 47, 119, 25, 196,
       116, 237, 116, 230, 167, 117, 94, 127, 54, 102, 229, 186, 230,
       110, 52, 58, 100, 138, 92, 188, 35, 253, 116, 172, 158, 247, 156,
       239, 97, 171, 246, 187, 163, 24, 215, 243, 9, 91, 145, 102, 104,
       56, 59, 233, 219, 63, 201, 231, 119, 84, 200, 105, 210, 2, 93,
       116, 17, 170, 155, 37, 90, 216, 47, 88, 161, 76, 95, 210, 105,
       121, 245, 217, 204, 242, 143, 7, 154, 148, 187, 217, 11, 126, 184,
       51, 35, 3, 211, 14, 204, 181, 14, 42, 108, 63, 52, 242, 194, 247,
       247, 40, 146, 75, 103, 231, 124, 165, 188, 221, 199, 14, 140, 226,
       255, 144, 45, 224, 49, 76, 192, 189, 158, 250, 153, 237, 52, 167,
       175, 29, 170, 17, 174, 251, 64, 91, 161, 115, 234, 80, 50, 73,
