%YAML:1.0
---
descriptors: !!opencv-matrix
   rows: 203
   cols: 32
   dt: u
   data: [ 13, 176, 57, 99, 97, 77, 225, 16, 43, 89, 101, 8, 159, 215,
       72, 53, 156, 24, 86, 90, 3, 112, 250, 64, 71, 217, 64, 100, 74,
       130, 71, 242, 61, 253, 56, 120, 217, 205, 87, 255, 231, 93, 236,
       12, 62, 247, 74, 48, 181, 155, 85, 72, 75, 43, 50, 55, 251, 253,
       37, 124, 122, 16, 226, 243, 90, 241, 26, 50, 57, 141, 84, 231,
       171, 29, 172, 157, 175, 199, 74, 16, 165, 187, 205, 16, 74, 75,
       154, 53, 251, 213, 23, 127, 88, 16, 175, 155, 64, 184, 183, 88,
       169, 236, 33, 7, 235, 17, 162, 24, 190, 247, 68, 126, 163, 55,
       120, 24, 19, 77, 178, 113, 153, 186, 82, 122, 194, 64, 135, 170,
       162, 164, 173, 251, 137, 245, 88, 15, 159, 91, 129, 25, 164, 223,
       92, 73, 205, 155, 251, 145, 62, 79, 219, 213, 143, 211, 218, 127,
       144, 72, 172, 90, 212, 96, 156, 186, 140, 109, 81, 200, 150, 183,
       161, 27, 215, 211, 75, 91, 201, 196, 105, 82, 14, 103, 219, 48,
       219, 131, 69, 127, 240, 57, 100, 2, 220, 244, 153, 167, 168, 79,
       87, 156, 114, 250, 170, 56, 215, 119, 73, 122, 145, 212, 108, 114,
       105, 68, 249, 34, 237, 245, 101, 124, 128, 114, 134, 35, 189, 244,
       225, 119, 149, 127, 86, 191, 83, 251, 188, 26, 91, 125, 95, 181,
       217, 198, 149, 45, 253, 126, 121, 191, 235, 223, 213, 119, 247,
       252, 222, 238, 205, 180, 151, 241, 240, 46, 124, 19, 59, 187, 35,
       84, 222, 51, 200, 251, 149, 31, 124, 56, 179, 212, 217, 64, 141,
       251, 119, 70, 136, 96, 163, 33, 113, 60, 113, 68, 92, 123, 199,
       63, 64, 226, 184, 56, 115, 60, 132, 166, 25, 246, 68, 42, 185, 47,
       237, 46, 57, 142, 37, 48, 97, 234, 214, 109, 192, 173, 159, 89,
       200, 237, 33, 19, 190, 59, 2, 80, 148, 183, 192, 239, 1, 58, 106,
       24, 51, 77, 178, 83, 13, 2, 123, 104, 128, 64, 135, 160, 60, 44,
       176, 240, 253, 173, 80, 202, 203, 185, 173, 24, 14, 217, 65, 26,
       137, 192, 69, 24, 26, 103, 218, 144, 219, 221, 21, 127, 194, 73,
       94, 2, 0, 217, 190, 255, 195, 204, 53, 231, 188, 19, 98, 16, 124,
       255, 32, 122, 163, 119, 123, 16, 18, 217, 146, 97, 201, 163, 94,
       67, 200, 80, 165, 155, 64, 48, 249, 229, 164, 46, 105, 23, 104,
       169, 118, 48, 159, 51, 128, 122, 38, 52, 125, 24, 145, 220, 225,
       72, 207, 191, 50, 128, 128, 192, 195, 41, 60, 113, 240, 224, 61,
       221, 82, 72, 203, 160, 180, 8, 31, 221, 101, 176, 168, 145, 221,
       82, 11, 35, 154, 144, 219, 217, 1, 127, 107, 15, 70, 50, 86, 199,
       222, 166, 58, 2, 31, 168, 18, 166, 134, 175, 71, 103, 10, 82, 55,
       213, 237, 227, 44, 71, 137, 14, 248, 231, 109, 191, 164, 226, 45,
       83, 209, 240, 20, 56, 9, 140, 64, 22, 233, 27, 160, 92, 174, 146,
       0, 255, 135, 135, 76, 12, 239, 111, 146, 113, 144, 248, 82, 10,
       72, 0, 43, 13, 53, 93, 27, 78, 13, 95, 70, 232, 68, 234, 238, 8,
       82, 48, 37, 48, 216, 76, 80, 106, 73, 179, 121, 46, 177, 190, 5,
       18, 72, 59, 114, 166, 77, 55, 17, 37, 49, 14, 102, 56, 105, 168,
       107, 76, 206, 50, 8, 180, 182, 69, 76, 108, 133, 240, 217, 76,
       172, 254, 7, 6, 74, 38, 11, 5, 112, 169, 152, 56, 9, 137, 80, 207,
       3, 53, 164, 9, 39, 153, 66, 18, 137, 146, 205, 0, 14, 107, 203,
       49, 219, 209, 17, 63, 112, 8, 78, 10, 69, 81, 149, 71, 48, 14, 67,
       152, 106, 169, 43, 68, 246, 115, 9, 246, 20, 84, 124, 72, 129,
       128, 217, 40, 165, 172, 37, 20, 40, 179, 67, 33, 217, 122, 25,
       101, 40, 76, 71, 180, 96, 248, 166, 108, 183, 215, 193, 115, 4,
       252, 108, 122, 235, 197, 241, 41, 227, 225, 37, 184, 42, 177, 2,
       57, 21, 207, 255, 207, 182, 130, 175, 252, 126, 132, 122, 231,
       125, 235, 189, 64, 127, 239, 38, 239, 224, 177, 15, 255, 248, 174,
       39, 132, 101, 243, 161, 169, 87, 253, 47, 82, 217, 215, 143, 248,
       254, 254, 140, 12, 252, 246, 95, 52, 189, 237, 91, 239, 233, 67,
       186, 125, 249, 18, 207, 62, 8, 119, 51, 118, 81, 141, 43, 237,
       180, 174, 111, 55, 116, 72, 94, 68, 243, 49, 144, 96, 116, 102,
       28, 45, 185, 184, 53, 15, 224, 46, 162, 192, 44, 194, 240, 41, 37,
       84, 253, 199, 244, 62, 127, 184, 125, 170, 255, 72, 219, 115, 157,
       116, 126, 212, 126, 106, 233, 180, 249, 238, 231, 255, 97, 148,
       102, 251, 66, 33, 52, 119, 105, 235, 214, 38, 111, 248, 50, 170,
       253, 110, 83, 211, 185, 112, 127, 204, 23, 234, 201, 146, 237, 62,
       253, 173, 167, 172, 189, 243, 230, 177, 1, 185, 35, 133, 212, 6,
       111, 53, 118, 232, 74, 68, 241, 51, 144, 100, 92, 110, 50, 205,
       217, 152, 241, 9, 45, 44, 175, 128, 8, 162, 242, 248, 198, 189,
       182, 147, 155, 228, 180, 167, 190, 151, 10, 177, 236, 254, 67, 75,
       231, 119, 235, 209, 50, 77, 155, 235, 45, 54, 223, 67, 128, 84,
       165, 219, 53, 85, 115, 77, 20, 79, 103, 120, 68, 224, 255, 66, 83,
       21, 153, 240, 124, 220, 22, 106, 201, 178, 117, 12, 55, 237, 33,
       16, 121, 187, 96, 176, 80, 249, 59, 254, 24, 192, 187, 228, 168,
       1, 233, 1, 245, 223, 40, 66, 232, 123, 123, 195, 66, 139, 154,
       101, 241, 165, 138, 73, 0, 18, 39, 186, 124, 253, 187, 250, 153,
       213, 23, 236, 159, 95, 172, 40, 126, 255, 107, 48, 193, 251, 233,
       66, 106, 107, 250, 191, 251, 215, 20, 59, 82, 90, 38, 123, 93, 49,
       16, 167, 51, 30, 38, 56, 125, 168, 123, 108, 207, 114, 138, 244,
       182, 197, 204, 111, 197, 240, 221, 204, 180, 253, 3, 6, 106, 38,
       11, 5, 116, 100, 189, 103, 29, 95, 71, 56, 119, 160, 175, 8, 211,
       113, 25, 118, 88, 212, 120, 106, 8, 242, 249, 46, 247, 255, 69,
       16, 98, 251, 86, 34, 45, 148, 252, 119, 165, 127, 245, 187, 83,
       251, 55, 26, 219, 125, 94, 47, 153, 78, 177, 28, 185, 248, 251,
       128, 79, 223, 85, 101, 239, 236, 216, 242, 173, 4, 253, 115, 229,
       127, 117, 154, 85, 242, 117, 24, 91, 125, 91, 59, 217, 206, 23,
       62, 168, 246, 121, 186, 79, 203, 117, 36, 243, 249, 80, 226, 37,
       101, 113, 72, 212, 79, 71, 248, 83, 224, 109, 8, 19, 209, 253, 52,
       88, 216, 18, 122, 203, 50, 120, 30, 127, 140, 5, 44, 115, 251,
       114, 232, 118, 227, 233, 160, 138, 67, 159, 168, 2, 244, 136, 171,
       193, 236, 95, 10, 219, 197, 249, 247, 78, 67, 239, 16, 248, 4,
       143, 255, 165, 127, 150, 82, 244, 77, 31, 236, 157, 66, 71, 104,
       196, 128, 234, 2, 83, 115, 33, 113, 120, 228, 40, 234, 120, 131,
       25, 12, 241, 169, 197, 16, 49, 59, 116, 34, 189, 156, 237, 85,
       149, 126, 85, 191, 83, 255, 118, 26, 91, 125, 158, 175, 17, 206,
       180, 56, 189, 252, 125, 142, 107, 239, 117, 69, 231, 236, 220,
       126, 52, 97, 82, 46, 77, 203, 70, 232, 195, 160, 169, 11, 66, 217,
       109, 148, 248, 232, 202, 226, 76, 99, 218, 188, 179, 212, 133, 63,
       113, 59, 126, 134, 136, 228, 183, 91, 161, 249, 37, 151, 54, 31,
       102, 48, 185, 183, 200, 253, 3, 26, 168, 24, 50, 220, 163, 51,
       239, 235, 116, 64, 178, 192, 133, 233, 96, 161, 57, 96, 217, 237,
       81, 7, 96, 53, 173, 24, 22, 23, 72, 58, 129, 158, 64, 0, 26, 122,
       240, 5, 199, 141, 16, 117, 192, 0, 198, 34, 45, 85, 49, 108, 61,
       143, 71, 188, 221, 200, 104, 76, 246, 240, 49, 180, 144, 104, 88,
       110, 193, 160, 122, 31, 161, 254, 5, 58, 90, 58, 82, 14, 197, 113,
       17, 69, 49, 14, 102, 184, 104, 168, 43, 72, 214, 19, 9, 119, 148,
       92, 92, 106, 65, 144, 217, 12, 229, 184, 37, 4, 72, 51, 67, 49,
       130, 223, 250, 219, 254, 169, 183, 222, 31, 15, 124, 247, 236,
       235, 166, 64, 255, 123, 135, 16, 50, 188, 10, 255, 110, 183, 62,
       171, 150, 216, 141, 155, 200, 180, 189, 101, 41, 110, 17, 57, 59,
       255, 47, 60, 222, 119, 72, 51, 149, 21, 253, 48, 49, 116, 249, 2,
       207, 211, 101, 182, 194, 98, 135, 115, 41, 109, 105, 65, 116, 75,
       111, 249, 64, 236, 124, 10, 51, 69, 153, 48, 88, 200, 22, 106,
       200, 178, 100, 14, 103, 141, 165, 32, 103, 250, 86, 232, 53, 223,
       77, 239, 180, 15, 239, 248, 100, 232, 255, 230, 211, 119, 153,
       224, 126, 222, 30, 234, 201, 176, 109, 62, 232, 205, 167, 132,
