%YAML:1.0
---
descriptors: !!opencv-matrix
   rows: 139
   cols: 32
   dt: u
   data: [ 136, 248, 187, 249, 99, 204, 57, 214, 190, 89, 102, 16, 189,
       215, 96, 120, 247, 57, 62, 208, 3, 220, 178, 113, 197, 241, 26,
       64, 0, 1, 39, 187, 85, 215, 185, 229, 164, 78, 95, 184, 114, 234,
       254, 76, 215, 119, 89, 114, 215, 221, 124, 106, 249, 208, 249, 10,
       253, 239, 101, 148, 168, 242, 0, 113, 189, 80, 107, 238, 53, 87,
       90, 88, 21, 204, 247, 47, 123, 223, 59, 176, 252, 189, 149, 231,
       141, 151, 56, 159, 211, 253, 171, 141, 63, 167, 124, 83, 255, 83,
       244, 101, 239, 30, 95, 152, 99, 254, 183, 111, 75, 121, 219, 191,
       63, 196, 253, 238, 205, 114, 249, 128, 154, 251, 69, 183, 239,
       247, 78, 87, 135, 164, 163, 153, 198, 162, 173, 75, 126, 71, 71,
       146, 216, 230, 254, 109, 119, 47, 59, 157, 179, 212, 175, 194, 29,
       62, 223, 196, 132, 64, 165, 244, 49, 134, 197, 37, 84, 10, 225,
       43, 118, 162, 242, 210, 211, 32, 144, 192, 121, 140, 34, 45, 41,
       252, 69, 14, 140, 38, 51, 4, 109, 168, 120, 168, 50, 100, 114,
       204, 91, 211, 158, 105, 151, 160, 233, 139, 105, 195, 33, 148,
       120, 189, 203, 226, 72, 3, 156, 223, 179, 164, 139, 57, 115, 42,
       38, 138, 62, 22, 118, 109, 119, 126, 89, 121, 81, 204, 119, 230,
       75, 125, 191, 52, 126, 188, 149, 40, 169, 178, 53, 140, 219, 255,
       161, 135, 111, 174, 118, 245, 138, 198, 2, 186, 147, 166, 175,
       231, 190, 7, 75, 215, 237, 231, 42, 196, 119, 43, 163, 133, 242,
       156, 26, 255, 44, 39, 190, 200, 30, 68, 169, 152, 92, 240, 158,
       242, 235, 196, 19, 243, 179, 29, 165, 57, 29, 215, 106, 91, 167,
       219, 221, 144, 122, 71, 154, 36, 251, 195, 127, 255, 162, 1, 175,
       83, 201, 141, 245, 255, 228, 10, 110, 191, 127, 130, 250, 114,
       251, 123, 145, 243, 127, 239, 62, 174, 249, 248, 207, 235, 254,
       255, 247, 0, 175, 240, 225, 168, 34, 170, 250, 153, 94, 165, 184,
       79, 30, 17, 80, 215, 164, 136, 116, 8, 239, 59, 51, 149, 146, 254,
       194, 209, 12, 16, 218, 234, 157, 8, 115, 143, 247, 181, 49, 68,
       219, 71, 159, 251, 19, 234, 184, 10, 80, 124, 52, 180, 157, 213,
       81, 175, 233, 235, 57, 158, 57, 14, 77, 190, 217, 106, 50, 124,
       195, 176, 183, 218, 105, 237, 121, 80, 239, 95, 49, 16, 14, 223,
       108, 63, 167, 17, 127, 16, 23, 109, 58, 209, 159, 218, 82, 106,
       210, 5, 39, 231, 128, 136, 63, 90, 21, 236, 241, 198, 254, 83,
       102, 16, 190, 213, 36, 121, 129, 58, 122, 24, 50, 109, 50, 119,
       203, 255, 18, 73, 208, 1, 69, 106, 161, 213, 125, 69, 116, 79,
       231, 180, 116, 110, 118, 40, 243, 21, 159, 53, 26, 152, 86, 106,
       233, 180, 113, 31, 103, 155, 32, 0, 67, 184, 70, 249, 73, 110,
       149, 197, 52, 46, 96, 62, 120, 168, 58, 76, 211, 51, 129, 163, 92,
       68, 110, 108, 169, 248, 197, 14, 172, 190, 103, 4, 200, 248, 67,
       161, 44, 105, 122, 106, 213, 221, 87, 208, 195, 132, 108, 9, 59,
       221, 99, 16, 168, 250, 131, 90, 78, 43, 58, 57, 115, 205, 37, 41,
       115, 155, 110, 202, 231, 224, 183, 90, 109, 237, 112, 192, 239,
       27, 177, 88, 142, 219, 109, 191, 135, 145, 127, 82, 7, 103, 186,
       241, 23, 24, 80, 126, 210, 129, 102, 167, 7, 164, 171, 155, 214,
       162, 169, 67, 126, 67, 91, 210, 152, 230, 252, 108, 119, 47, 50,
       157, 179, 220, 172, 210, 28, 62, 159, 198, 132, 64, 165, 228, 129,
       142, 11, 189, 150, 163, 170, 127, 22, 131, 66, 214, 245, 35, 32,
       64, 123, 42, 34, 156, 51, 156, 69, 31, 236, 167, 190, 64, 184, 8,
       161, 168, 165, 55, 250, 65, 240, 47, 233, 95, 118, 233, 126, 246,
       17, 165, 210, 24, 127, 142, 23, 28, 179, 250, 241, 66, 126, 175,
       53, 228, 237, 232, 226, 145, 205, 180, 157, 123, 233, 44, 87, 216,
       59, 90, 181, 92, 255, 119, 9, 123, 181, 87, 124, 10, 171, 102,
       251, 51, 223, 255, 117, 28, 202, 243, 67, 243, 5, 66, 199, 69, 70,
       27, 238, 232, 108, 162, 251, 194, 211, 104, 157, 226, 122, 204,
       106, 239, 197, 176, 237, 72, 52, 46, 199, 4, 109, 186, 121, 132,
       127, 115, 120, 101, 45, 95, 94, 156, 99, 236, 188, 172, 75, 12,
       223, 50, 158, 196, 253, 110, 204, 114, 229, 16, 246, 217, 37, 183,
       111, 191, 94, 87, 176, 33, 2, 168, 93, 139, 226, 72, 117, 32, 224,
       10, 3, 200, 53, 80, 120, 172, 74, 225, 12, 183, 196, 222, 149, 36,
       131, 57, 113, 43, 114, 134, 57, 15, 66, 77, 20, 178, 70, 119, 117,
       0, 254, 198, 107, 32, 183, 244, 120, 174, 14, 172, 237, 185, 37,
       255, 178, 238, 128, 0, 127, 236, 248, 12, 124, 127, 236, 165, 200,
       74, 95, 178, 35, 228, 156, 175, 3, 77, 83, 18, 76, 196, 205, 231,
       204, 82, 224, 41, 243, 193, 173, 181, 37, 247, 94, 83, 22, 12,
       210, 158, 87, 160, 178, 66, 159, 130, 89, 131, 36, 250, 37, 72,
       250, 249, 3, 147, 6, 179, 10, 232, 16, 116, 138, 11, 149, 107, 41,
       134, 220, 184, 190, 250, 171, 192, 25, 216, 163, 21, 133, 185, 29,
       215, 106, 91, 247, 215, 253, 178, 122, 71, 154, 17, 219, 195, 47,
       127, 162, 131, 174, 83, 55, 18, 127, 111, 116, 30, 122, 120, 69,
       168, 127, 226, 75, 125, 189, 53, 254, 189, 151, 238, 140, 178, 44,
       140, 82, 251, 193, 134, 103, 171, 96, 183, 73, 132, 213, 253, 100,
       10, 108, 175, 119, 163, 242, 82, 235, 107, 24, 208, 123, 207, 42,
       136, 120, 254, 197, 207, 156, 254, 215, 64, 167, 232, 224, 136, 3,
       160, 131, 145, 194, 225, 168, 79, 62, 115, 91, 215, 12, 238, 120,
       204, 255, 139, 19, 149, 151, 218, 142, 211, 28, 22, 159, 230, 141,
       68, 163, 213, 33, 55, 121, 69, 116, 15, 111, 59, 118, 234, 126,
       76, 211, 51, 149, 48, 94, 140, 22, 44, 225, 248, 117, 14, 109,
       142, 37, 132, 105, 232, 66, 185, 242, 223, 176, 254, 219, 197,
       150, 231, 147, 142, 152, 43, 108, 252, 37, 1, 253, 243, 149, 195,
       108, 75, 26, 255, 185, 118, 205, 187, 17, 124, 190, 27, 126, 121,
       168, 172, 138, 68, 95, 216, 131, 247, 132, 139, 95, 255, 115, 75,
       223, 221, 253, 211, 76, 67, 219, 160, 251, 225, 239, 189, 180,
       249, 188, 83, 220, 151, 230, 44, 155, 82, 23, 251, 119, 230, 238,
       135, 75, 100, 43, 214, 113, 198, 232, 164, 236, 211, 61, 14, 251,
       231, 69, 7, 99, 116, 108, 94, 31, 82, 99, 133, 114, 22, 235, 88,
       61, 224, 87, 231, 89, 78, 191, 236, 54, 141, 23, 255, 133, 148,
       45, 204, 22, 108, 171, 132, 47, 183, 33, 245, 229, 236, 180, 27,
       173, 221, 132, 143, 222, 123, 176, 24, 178, 216, 94, 171, 201, 66,
       122, 17, 255, 109, 239, 51, 173, 91, 87, 125, 80, 92, 217, 12, 73,
       57, 23, 117, 100, 140, 232, 55, 109, 137, 114, 68, 190, 147, 144,
       245, 134, 39, 126, 9, 145, 248, 209, 76, 132, 186, 114, 128, 72,
       128, 195, 41, 9, 6, 68, 37, 52, 59, 225, 51, 116, 163, 71, 212,
       243, 32, 146, 196, 121, 44, 34, 44, 185, 252, 69, 14, 140, 167,
       48, 64, 111, 136, 90, 168, 23, 6, 107, 199, 86, 50, 234, 120, 117,
       224, 223, 198, 81, 232, 189, 100, 126, 236, 51, 239, 169, 177, 61,
       206, 22, 46, 139, 132, 47, 163, 120, 180, 43, 245, 113, 89, 245,
       221, 229, 255, 91, 77, 124, 8, 42, 181, 252, 180, 217, 26, 146, 8,
       211, 58, 112, 245, 47, 92, 20, 106, 83, 92, 214, 253, 1, 201, 25,
       189, 52, 129, 111, 55, 86, 64, 88, 70, 181, 195, 176, 96, 90, 42,
       38, 204, 195, 184, 70, 253, 228, 190, 178, 8, 28, 152, 161, 168,
       77, 149, 249, 229, 244, 78, 79, 187, 114, 234, 126, 108, 215, 119,
       193, 112, 87, 220, 124, 44, 233, 210, 225, 14, 239, 239, 37, 164,
       108, 240, 66, 113, 0, 92, 127, 109, 100, 239, 119, 246, 236, 14,
       126, 0, 119, 183, 33, 49, 182, 116, 127, 106, 64, 177, 49, 109,
       71, 191, 96, 0, 64, 243, 71, 251, 102, 96, 123, 88, 236, 109, 252,
       204, 235, 18, 176, 9, 130, 218, 125, 59, 203, 209, 122, 83, 6,
       103, 154, 208, 23, 24, 67, 62, 209, 123, 67, 134, 17, 141, 15,
       237, 52, 174, 75, 55, 116, 1, 202, 196, 243, 35, 128, 96, 80, 46,
       12, 172, 57, 152, 85, 15, 232, 174, 162, 64, 56, 130, 224, 40,
