%YAML:1.0
---
descriptors: !!opencv-matrix
   rows: 210
   cols: 32
   dt: u
   data: [ 57, 77, 11, 174, 21, 215, 238, 102, 213, 8, 218, 2, 115, 249,
       48, 192, 120, 234, 23, 239, 110, 187, 8, 255, 243, 239, 163, 129,
       53, 26, 120, 138, 216, 182, 255, 255, 172, 207, 253, 254, 191,
       127, 246, 255, 255, 255, 154, 107, 255, 255, 127, 141, 185, 255,
       251, 243, 223, 251, 255, 208, 229, 216, 229, 123, 139, 120, 114,
       197, 116, 158, 232, 53, 125, 200, 118, 230, 185, 26, 150, 244,
       110, 172, 30, 204, 197, 188, 117, 223, 6, 125, 178, 128, 47, 132,
       123, 141, 5, 117, 81, 71, 114, 94, 118, 184, 120, 232, 111, 96,
       222, 115, 137, 180, 178, 93, 84, 106, 97, 176, 121, 110, 165, 188,
       37, 6, 72, 179, 75, 177, 190, 158, 111, 253, 44, 95, 255, 114, 61,
       110, 246, 247, 221, 111, 150, 177, 254, 245, 223, 167, 237, 183,
       117, 239, 215, 255, 235, 145, 71, 228, 119, 241, 90, 237, 190,
       191, 205, 253, 117, 239, 223, 215, 252, 27, 110, 253, 118, 102,
       233, 247, 251, 145, 124, 107, 251, 251, 255, 247, 87, 123, 147,
       124, 175, 238, 252, 77, 60, 254, 188, 200, 87, 48, 132, 148, 167,
       40, 247, 247, 32, 83, 192, 242, 236, 98, 120, 43, 75, 61, 243,
       227, 100, 25, 50, 171, 196, 42, 128, 217, 61, 187, 108, 141, 185,
       218, 142, 60, 208, 34, 180, 223, 49, 98, 205, 27, 127, 193, 66,
       41, 123, 241, 197, 153, 251, 244, 16, 9, 17, 235, 23, 20, 107,
       255, 22, 230, 187, 88, 28, 71, 79, 151, 85, 255, 62, 104, 127,
       187, 19, 191, 177, 148, 60, 206, 215, 46, 155, 64, 189, 203, 53,
       240, 216, 176, 154, 120, 168, 172, 88, 23, 186, 29, 183, 29, 191,
       215, 74, 91, 167, 145, 109, 28, 10, 69, 146, 17, 219, 249, 50,
       233, 138, 128, 139, 27, 95, 153, 182, 159, 171, 245, 184, 223,
       175, 91, 158, 183, 236, 254, 46, 238, 231, 119, 255, 145, 149,
       201, 59, 241, 159, 114, 95, 211, 142, 117, 169, 95, 199, 92, 39,
       151, 236, 174, 236, 183, 253, 250, 82, 86, 252, 108, 181, 239,
       237, 102, 127, 175, 241, 253, 123, 236, 45, 58, 255, 192, 12, 124,
       209, 253, 221, 67, 108, 229, 22, 10, 110, 56, 117, 162, 247, 194,
       91, 43, 153, 115, 126, 197, 125, 238, 232, 180, 205, 206, 246,
       235, 227, 132, 103, 179, 98, 32, 252, 246, 253, 122, 232, 108, 85,
       159, 178, 191, 165, 61, 95, 247, 72, 91, 5, 214, 237, 26, 58, 71,
       251, 51, 219, 227, 117, 253, 162, 241, 166, 115, 52, 79, 26, 231,
       145, 74, 71, 224, 36, 132, 239, 8, 67, 99, 9, 16, 120, 252, 72,
       98, 72, 178, 73, 46, 245, 167, 5, 21, 97, 59, 102, 34, 118, 237,
       98, 174, 223, 51, 222, 237, 61, 198, 253, 135, 74, 234, 63, 212,
       255, 207, 223, 231, 108, 35, 91, 254, 179, 255, 143, 159, 119,
       119, 254, 198, 56, 157, 26, 234, 157, 231, 83, 55, 196, 1, 238, 0,
       247, 243, 32, 112, 81, 178, 8, 56, 57, 169, 88, 63, 235, 231, 36,
       81, 186, 202, 252, 58, 71, 187, 138, 183, 248, 12, 168, 159, 186,
       249, 90, 253, 189, 234, 209, 90, 167, 127, 119, 149, 151, 88, 139,
       224, 156, 176, 255, 236, 140, 224, 139, 153, 56, 236, 58, 243,
       101, 255, 87, 215, 119, 174, 124, 24, 63, 157, 66, 184, 153, 56,
       215, 10, 106, 246, 96, 191, 231, 223, 53, 49, 98, 216, 206, 171,
       250, 190, 254, 253, 239, 126, 253, 127, 191, 223, 254, 51, 236,
       255, 102, 95, 239, 255, 255, 133, 250, 255, 235, 243, 223, 251,
       223, 255, 151, 108, 231, 247, 207, 115, 118, 135, 237, 91, 255,
       216, 125, 246, 247, 183, 205, 238, 223, 239, 127, 205, 255, 239,
       245, 247, 253, 226, 246, 251, 207, 135, 142, 255, 237, 247, 207,
       113, 231, 255, 207, 127, 254, 248, 255, 238, 247, 183, 201, 255,
       159, 111, 127, 253, 255, 231, 173, 244, 255, 238, 255, 123, 199,
       135, 111, 255, 253, 215, 124, 65, 120, 101, 84, 75, 119, 168, 96,
       164, 239, 8, 83, 67, 11, 80, 56, 220, 192, 106, 72, 178, 89, 14,
       231, 229, 5, 21, 99, 187, 78, 162, 13, 229, 17, 187, 252, 73, 167,
       172, 94, 113, 41, 24, 213, 113, 200, 228, 19, 74, 42, 122, 83,
       112, 107, 55, 172, 134, 55, 124, 144, 155, 129, 160, 240, 220, 23,
       252, 137, 102, 84, 239, 177, 26, 170, 24, 102, 247, 32, 215, 201,
       247, 236, 34, 105, 79, 146, 175, 179, 242, 84, 27, 16, 120, 228,
       26, 6, 158, 127, 223, 246, 226, 189, 254, 188, 159, 119, 242, 252,
       254, 172, 107, 127, 123, 55, 163, 178, 255, 43, 253, 108, 59, 255,
       193, 149, 241, 165, 251, 88, 248, 59, 120, 9, 221, 17, 214, 239,
       89, 164, 8, 190, 215, 68, 177, 129, 179, 236, 16, 67, 111, 178,
       49, 219, 217, 85, 123, 66, 0, 79, 43, 238, 168, 182, 250, 141,
       221, 212, 239, 159, 183, 165, 25, 238, 255, 110, 155, 201, 243,
       235, 17, 62, 79, 218, 243, 219, 215, 95, 127, 210, 76, 175, 2, 32,
       253, 82, 200, 124, 135, 214, 206, 87, 1, 248, 142, 34, 201, 36, 0,
       217, 186, 130, 112, 75, 186, 90, 159, 122, 156, 133, 126, 93, 154,
       250, 144, 104, 185, 24, 244, 253, 141, 80, 87, 219, 41, 248, 28,
       162, 169, 100, 16, 200, 186, 198, 0, 26, 122, 210, 177, 95, 221,
       16, 122, 90, 136, 218, 155, 214, 236, 150, 254, 141, 207, 86, 238,
       191, 179, 226, 25, 238, 251, 105, 91, 249, 247, 123, 83, 122, 239,
       219, 251, 185, 246, 223, 127, 192, 121, 160, 10, 51, 250, 106, 77,
       118, 154, 232, 117, 125, 96, 118, 230, 49, 8, 150, 112, 126, 172,
       22, 205, 205, 190, 229, 207, 22, 44, 178, 192, 109, 136, 123, 205,
       49, 234, 235, 77, 118, 11, 233, 127, 118, 236, 250, 230, 115, 168,
       180, 96, 126, 236, 38, 189, 204, 187, 229, 78, 126, 46, 39, 128,
       101, 168, 114, 201, 120, 185, 154, 248, 253, 237, 80, 87, 235, 25,
       188, 29, 62, 185, 32, 24, 165, 179, 204, 16, 26, 107, 146, 241,
       219, 253, 16, 123, 218, 200, 202, 19, 69, 152, 183, 215, 228, 238,
       173, 183, 124, 219, 82, 118, 252, 247, 177, 239, 247, 111, 62, 15,
       177, 248, 171, 224, 13, 62, 127, 128, 140, 121, 177, 249, 141,
       117, 17, 103, 36, 79, 119, 56, 124, 232, 119, 104, 214, 80, 137,
       48, 146, 92, 68, 106, 225, 244, 121, 14, 101, 153, 33, 54, 72,
       187, 67, 49, 203, 26, 255, 253, 109, 95, 249, 115, 61, 238, 246,
       255, 223, 63, 150, 191, 238, 181, 255, 173, 185, 255, 113, 206,
       215, 255, 251, 128, 111, 172, 119, 241, 197, 112, 159, 251, 234,
       236, 57, 212, 175, 89, 55, 80, 157, 151, 201, 123, 166, 25, 127,
       216, 147, 69, 186, 241, 215, 185, 122, 234, 136, 131, 163, 177, 6,
       141, 30, 254, 249, 197, 190, 233, 190, 8, 249, 3, 236, 254, 41,
       64, 255, 123, 171, 195, 114, 35, 10, 255, 185, 182, 15, 11, 80,
       99, 165, 163, 6, 252, 178, 154, 95, 213, 150, 232, 158, 182, 152,
       11, 236, 252, 125, 130, 221, 121, 251, 115, 230, 99, 218, 243,
       189, 22, 15, 63, 93, 127, 29, 159, 162, 191, 122, 90, 253, 253,
       151, 254, 251, 94, 188, 61, 42, 223, 174, 48, 239, 179, 215, 66,
       254, 47, 42, 255, 115, 221, 50, 251, 83, 213, 199, 223, 204, 50,
       159, 178, 40, 232, 88, 17, 171, 81, 163, 121, 223, 211, 72, 251,
       135, 133, 253, 17, 158, 69, 155, 129, 219, 241, 122, 93, 128, 129,
       15, 67, 232, 141, 61, 126, 185, 200, 23, 167, 186, 20, 108, 57,
       230, 247, 32, 83, 128, 115, 233, 64, 114, 75, 234, 63, 235, 243,
       85, 123, 80, 112, 135, 107, 61, 79, 67, 173, 190, 11, 79, 248, 86,
       172, 218, 238, 83, 97, 185, 0, 127, 236, 14, 110, 249, 179, 77,
       62, 248, 207, 165, 148, 245, 251, 208, 97, 196, 186, 191, 86, 233,
       237, 53, 182, 251, 190, 55, 120, 206, 247, 77, 63, 133, 119, 236,
       2, 32, 101, 170, 98, 15, 243, 117, 159, 192, 113, 135, 51, 37,
       225, 17, 131, 221, 207, 166, 204, 78, 113, 168, 10, 214, 112, 72,
       164, 57, 202, 74, 122, 83, 112, 93, 117, 61, 0, 7, 124, 217, 27,
       219, 164, 125, 176, 181, 120, 169, 29, 81, 155, 243, 189, 180, 56,
       251, 255, 76, 63, 143, 214, 108, 24, 186, 111, 251, 145, 203, 219,
       85, 126, 226, 224, 70, 115, 41, 125, 115, 112, 115, 255, 114, 210,
