%YAML:1.0
---
descriptors: !!opencv-matrix
   rows: 53
   cols: 32
   dt: u
   data: [ 17, 141, 122, 252, 54, 130, 233, 103, 244, 64, 94, 130, 61,
       249, 48, 96, 126, 171, 23, 141, 67, 185, 20, 255, 240, 173, 154,
       0, 61, 136, 113, 168, 34, 145, 106, 74, 93, 209, 178, 109, 15, 5,
       109, 131, 40, 204, 46, 132, 248, 27, 131, 145, 86, 58, 50, 213,
       63, 85, 130, 107, 83, 14, 254, 222, 43, 169, 80, 170, 93, 145,
       216, 237, 79, 1, 120, 15, 42, 136, 126, 148, 216, 139, 130, 213,
       94, 58, 94, 245, 30, 92, 152, 111, 91, 142, 250, 142, 10, 141, 50,
       139, 85, 245, 186, 238, 30, 5, 89, 3, 172, 220, 36, 196, 216, 59,
       147, 17, 6, 58, 88, 255, 45, 20, 138, 107, 20, 14, 61, 142, 19,
       26, 71, 133, 34, 130, 41, 16, 172, 200, 210, 231, 157, 7, 161, 78,
       38, 165, 127, 141, 129, 145, 5, 204, 132, 34, 234, 128, 44, 165,
       33, 113, 33, 225, 80, 75, 244, 137, 232, 69, 79, 1, 120, 66, 188,
       138, 244, 164, 218, 42, 2, 88, 215, 186, 64, 213, 44, 156, 22,
       104, 93, 138, 219, 140, 73, 29, 247, 69, 34, 90, 61, 54, 101, 202,
       94, 228, 253, 119, 146, 231, 54, 118, 253, 175, 193, 216, 181,
       205, 230, 127, 110, 128, 46, 244, 1, 125, 95, 251, 224, 1, 251,
       58, 94, 152, 43, 245, 156, 175, 73, 108, 223, 158, 55, 197, 253,
       247, 158, 64, 237, 224, 126, 92, 13, 255, 239, 247, 15, 87, 61,
       87, 99, 71, 116, 31, 230, 248, 101, 232, 251, 238, 115, 88, 157,
       180, 124, 236, 22, 238, 201, 178, 109, 14, 52, 172, 165, 148, 111,
       187, 114, 181, 221, 80, 255, 231, 38, 110, 123, 152, 96, 238, 247,
       166, 83, 119, 155, 123, 126, 212, 61, 234, 169, 244, 253, 8, 215,
       235, 227, 132, 45, 251, 100, 113, 2, 156, 26, 219, 147, 243, 178,
       71, 31, 1, 78, 54, 188, 182, 38, 96, 251, 59, 155, 144, 55, 156,
       49, 247, 15, 182, 154, 67, 152, 72, 173, 158, 194, 184, 182, 156,
       237, 164, 188, 207, 158, 31, 144, 19, 172, 254, 102, 75, 207, 115,
       251, 129, 50, 79, 154, 241, 29, 18, 223, 187, 148, 76, 189, 3,
       130, 156, 180, 152, 237, 173, 188, 207, 159, 31, 144, 27, 140,
       248, 102, 11, 207, 115, 219, 1, 54, 109, 90, 241, 143, 18, 223,
       251, 148, 76, 157, 143, 25, 132, 74, 236, 22, 194, 233, 108, 244,
       1, 222, 2, 121, 203, 56, 96, 122, 168, 23, 172, 43, 185, 20, 223,
       208, 173, 178, 192, 61, 136, 113, 168, 147, 14, 75, 254, 6, 162,
       235, 115, 52, 66, 219, 198, 57, 131, 176, 97, 110, 169, 23, 143,
       233, 159, 36, 239, 208, 169, 170, 128, 61, 203, 33, 168, 10, 200,
       24, 155, 85, 197, 178, 206, 30, 5, 88, 3, 172, 158, 42, 128, 217,
       27, 147, 17, 6, 190, 88, 247, 13, 21, 154, 107, 16, 14, 61, 138,
       63, 151, 229, 1, 246, 59, 238, 187, 83, 255, 31, 255, 73, 108,
       222, 166, 127, 198, 151, 181, 183, 112, 237, 214, 62, 79, 165,
       244, 239, 254, 216, 213, 153, 70, 207, 253, 6, 34, 233, 114, 244,
       130, 82, 242, 57, 171, 177, 105, 110, 164, 55, 172, 233, 181, 36,
       202, 86, 235, 242, 128, 45, 232, 112, 168, 38, 60, 48, 138, 85,
       245, 178, 66, 94, 5, 121, 11, 40, 220, 53, 132, 216, 57, 147, 19,
       6, 50, 88, 255, 21, 20, 138, 107, 213, 15, 93, 134, 36, 33, 226,
       72, 85, 115, 226, 72, 75, 37, 125, 11, 0, 200, 127, 4, 248, 136,
       130, 49, 150, 50, 60, 210, 31, 28, 129, 111, 215, 111, 126, 134,
       6, 76, 166, 158, 77, 229, 186, 200, 158, 22, 89, 3, 236, 220, 47,
       205, 217, 121, 187, 67, 6, 38, 90, 241, 5, 18, 203, 43, 144, 127,
       53, 198, 34, 156, 10, 152, 21, 229, 128, 71, 150, 1, 200, 18, 176,
       154, 32, 64, 217, 42, 19, 145, 58, 191, 16, 159, 169, 20, 154, 67,
       144, 8, 240, 138, 34, 187, 106, 0, 119, 217, 178, 103, 43, 77,
       124, 175, 40, 140, 214, 20, 190, 187, 135, 21, 150, 58, 164, 247,
       62, 85, 16, 235, 103, 142, 222, 223, 10, 220, 50, 155, 117, 245,
       186, 206, 31, 79, 92, 19, 172, 222, 38, 204, 221, 59, 147, 17, 38,
       188, 115, 255, 7, 119, 154, 195, 146, 29, 61, 223, 6, 161, 155,
       179, 178, 132, 59, 153, 174, 17, 91, 128, 221, 199, 104, 64, 183,
       27, 59, 152, 18, 16, 26, 245, 205, 148, 47, 196, 144, 2, 161, 33,
       166, 108, 136, 152, 76, 161, 174, 198, 154, 162, 80, 155, 36, 200,
       113, 9, 217, 105, 19, 211, 96, 118, 138, 250, 52, 4, 207, 45, 149,
       121, 17, 136, 19, 7, 106, 173, 118, 130, 234, 112, 84, 204, 219,
       230, 113, 202, 182, 96, 126, 172, 23, 237, 172, 179, 5, 206, 114,
       45, 171, 128, 61, 170, 120, 193, 130, 159, 46, 187, 182, 163, 187,
       239, 30, 13, 94, 183, 229, 104, 58, 65, 255, 43, 151, 245, 182,
       184, 13, 255, 238, 7, 175, 195, 157, 76, 189, 203, 46, 74, 226,
       30, 237, 243, 214, 65, 223, 198, 236, 139, 106, 204, 55, 220, 216,
       161, 139, 7, 76, 163, 110, 248, 18, 118, 149, 27, 87, 127, 124,
       70, 134, 184, 150, 155, 239, 245, 180, 199, 159, 159, 80, 19, 172,
       254, 98, 79, 227, 123, 187, 17, 54, 93, 154, 241, 13, 82, 95, 107,
       146, 92, 173, 143, 162, 184, 152, 155, 109, 229, 144, 75, 158, 25,
       80, 17, 164, 216, 96, 9, 201, 42, 19, 17, 18, 110, 82, 177, 5, 16,
       154, 106, 144, 8, 49, 139, 46, 157, 166, 218, 223, 245, 191, 207,
       159, 91, 220, 19, 172, 254, 126, 4, 239, 251, 147, 147, 118, 11,
       58, 243, 127, 87, 223, 235, 151, 93, 181, 255, 36, 63, 106, 248,
       236, 165, 199, 218, 214, 138, 252, 74, 178, 233, 117, 41, 220,
       250, 6, 123, 169, 35, 82, 190, 103, 157, 167, 184, 217, 251, 90,
       161, 23, 193, 207, 234, 146, 2, 111, 253, 188, 89, 215, 214, 93,
       231, 184, 98, 118, 197, 31, 254, 241, 145, 44, 198, 248, 175, 238,
       196, 173, 178, 161, 49, 43, 59, 98, 76, 87, 212, 107, 81, 113, 68,
       124, 135, 40, 143, 182, 244, 126, 168, 151, 204, 135, 154, 52,
       221, 119, 125, 128, 201, 39, 134, 126, 252, 6, 233, 147, 128, 68,
       132, 43, 196, 174, 145, 64, 66, 180, 211, 97, 74, 104, 89, 35,
       216, 3, 26, 146, 224, 189, 132, 142, 104, 128, 19, 33, 168, 54,
       44, 130, 164, 212, 35, 174, 66, 150, 162, 88, 131, 52, 168, 113,
       8, 121, 106, 19, 149, 16, 179, 0, 138, 8, 4, 143, 160, 197, 121,
       49, 128, 34, 73, 144, 142, 253, 229, 190, 199, 11, 13, 216, 43,
       44, 254, 103, 196, 216, 251, 147, 65, 70, 58, 194, 251, 53, 20,
       142, 171, 147, 126, 173, 143, 177, 73, 111, 109, 20, 31, 206, 120,
       84, 232, 242, 70, 115, 88, 149, 225, 124, 228, 94, 238, 237, 183,
       117, 12, 178, 233, 161, 148, 109, 186, 112, 188, 78, 157, 190,
       254, 255, 212, 191, 254, 159, 217, 156, 39, 124, 255, 118, 96,
       239, 243, 191, 209, 242, 75, 186, 255, 123, 95, 175, 235, 23, 102,
       165, 219, 53, 31, 79, 248, 172, 131, 79, 241, 212, 12, 220, 102,
       209, 227, 177, 65, 92, 232, 14, 238, 249, 35, 110, 158, 224, 141,
       167, 220, 189, 251, 240, 177, 124, 141, 82, 236, 149, 86, 86, 161,
       165, 4, 239, 1, 75, 123, 34, 213, 208, 244, 173, 226, 124, 131,
       17, 172, 243, 249, 196, 75, 50, 183, 236, 2, 179, 32, 47, 160, 84,
       150, 233, 115, 80, 232, 215, 83, 17, 140, 180, 32, 236, 173, 23,
       157, 157, 255, 53, 142, 91, 89, 171, 192, 77, 140, 112, 244, 177,
       11, 79, 236, 22, 130, 111, 114, 196, 64, 210, 230, 49, 137, 177,
       97, 106, 228, 30, 239, 217, 171, 36, 189, 240, 169, 162, 128, 61,
       169, 112, 40, 10, 29, 178, 139, 181, 247, 182, 71, 31, 77, 220, 3,
       172, 254, 38, 196, 220, 59, 155, 17, 22, 184, 113, 255, 167, 87,
       158, 3, 146, 94, 189, 223, 57, 155, 127, 232, 54, 214, 51, 114,
       213, 76, 254, 231, 25, 159, 162, 96, 238, 189, 159, 224, 221, 155,
       49, 159, 251, 237, 162, 194, 63, 140, 36, 251, 161, 26, 237, 255,
       124, 141, 201, 62, 86, 200, 212, 110, 179, 9, 145, 32, 76, 162,
       23, 93, 139, 44, 103, 175, 204, 217, 186, 184, 93, 136, 80, 185,
       17, 74, 79, 236, 38, 130, 111, 242, 228, 74, 218, 230, 17, 131,
       177, 96, 110, 228, 62, 238, 201, 153, 37, 204, 240, 171, 234, 128,
       45, 185, 112, 33, 42, 177, 240, 202, 247, 217, 178, 205, 11, 45,
