%YAML:1.0
---
descriptors: !!opencv-matrix
   rows: 140
   cols: 32
   dt: u
   data: [ 213, 217, 110, 174, 150, 6, 79, 188, 84, 192, 210, 199, 115,
       104, 187, 97, 126, 228, 60, 239, 237, 179, 29, 175, 240, 171, 239,
       128, 45, 187, 248, 24, 99, 255, 61, 6, 252, 128, 76, 183, 232,
       204, 186, 236, 246, 236, 213, 51, 198, 231, 124, 37, 205, 75, 230,
       76, 170, 62, 237, 152, 4, 242, 214, 109, 221, 1, 225, 71, 164,
       122, 235, 25, 121, 255, 147, 242, 211, 108, 221, 110, 127, 212,
       124, 187, 153, 240, 237, 130, 141, 232, 239, 196, 230, 235, 244,
       101, 2, 160, 19, 248, 201, 205, 176, 207, 142, 29, 97, 27, 140,
       215, 104, 72, 233, 27, 194, 16, 18, 75, 26, 211, 29, 148, 31, 111,
       144, 8, 165, 170, 129, 162, 149, 185, 236, 141, 225, 159, 94, 121,
       112, 80, 182, 128, 216, 104, 195, 10, 38, 28, 147, 124, 107, 145,
       140, 152, 54, 108, 208, 136, 193, 173, 72, 188, 188, 249, 169,
       237, 52, 199, 191, 31, 174, 16, 174, 187, 64, 90, 131, 115, 234,
       16, 50, 77, 210, 243, 207, 255, 86, 123, 194, 80, 143, 139, 45,
       81, 97, 71, 116, 30, 239, 48, 117, 232, 123, 100, 211, 88, 157,
       228, 92, 204, 22, 238, 201, 176, 125, 142, 36, 252, 161, 132, 111,
       187, 80, 181, 45, 117, 121, 109, 124, 79, 71, 56, 67, 232, 189,
       72, 83, 89, 217, 48, 28, 220, 84, 106, 201, 50, 121, 30, 231, 205,
       33, 52, 123, 187, 66, 179, 70, 185, 190, 16, 195, 253, 184, 198,
       171, 255, 6, 189, 12, 254, 71, 159, 167, 127, 243, 145, 22, 93,
       186, 240, 31, 83, 95, 231, 131, 69, 175, 223, 169, 180, 253, 101,
       116, 111, 103, 55, 116, 230, 126, 24, 243, 53, 144, 49, 89, 254,
       102, 40, 185, 248, 113, 14, 111, 239, 101, 0, 103, 232, 70, 232,
       86, 150, 190, 189, 186, 83, 30, 169, 62, 166, 150, 163, 255, 254,
       11, 67, 247, 215, 253, 163, 108, 193, 143, 31, 250, 231, 111, 213,
       164, 96, 45, 67, 142, 173, 26, 138, 207, 113, 190, 234, 168, 150,
       28, 135, 173, 234, 123, 2, 111, 67, 203, 243, 118, 3, 158, 242,
       255, 209, 143, 175, 151, 119, 47, 199, 112, 9, 86, 172, 13, 10,
       68, 96, 229, 160, 162, 2, 67, 2, 33, 215, 104, 244, 108, 234, 72,
       131, 1, 140, 145, 226, 194, 18, 33, 58, 112, 36, 72, 189, 159,
       188, 219, 197, 53, 231, 190, 217, 76, 33, 188, 247, 66, 18, 167,
       123, 251, 145, 19, 74, 178, 119, 255, 183, 95, 107, 128, 64, 167,
       219, 196, 232, 190, 254, 44, 205, 116, 140, 254, 154, 164, 24,
       246, 251, 93, 91, 193, 107, 123, 90, 98, 101, 218, 115, 223, 219,
       87, 61, 208, 113, 71, 138, 63, 167, 194, 66, 245, 55, 78, 216,
       115, 233, 249, 78, 75, 232, 255, 180, 253, 206, 148, 254, 175,
       179, 157, 186, 58, 93, 133, 182, 203, 247, 122, 20, 196, 237, 190,
       251, 173, 205, 116, 167, 239, 189, 162, 25, 238, 251, 64, 91, 129,
       115, 235, 82, 114, 105, 218, 241, 239, 251, 87, 123, 208, 88, 141,
       10, 101, 165, 192, 103, 220, 46, 78, 175, 99, 179, 169, 72, 211,
       32, 92, 50, 89, 198, 80, 126, 90, 82, 205, 44, 173, 158, 133, 116,
       229, 243, 210, 32, 37, 255, 185, 79, 240, 143, 239, 191, 110, 173,
       126, 68, 246, 247, 193, 180, 221, 126, 38, 92, 211, 184, 249, 63,
       109, 159, 37, 244, 218, 242, 194, 185, 233, 4, 95, 108, 100, 31,
       96, 48, 228, 128, 103, 72, 211, 83, 136, 243, 80, 180, 66, 42,
       161, 182, 113, 12, 71, 169, 96, 0, 96, 168, 74, 160, 88, 233, 19,
       234, 17, 207, 67, 240, 165, 0, 227, 0, 183, 211, 40, 208, 48, 184,
       72, 74, 74, 145, 25, 61, 241, 197, 2, 80, 114, 131, 39, 42, 32,
       181, 61, 235, 253, 109, 145, 175, 31, 125, 53, 25, 150, 61, 76,
       48, 137, 27, 83, 16, 51, 120, 121, 23, 109, 158, 21, 118, 208, 72,
       199, 251, 157, 73, 93, 229, 3, 78, 127, 56, 109, 160, 102, 128,
       223, 35, 1, 246, 54, 85, 114, 106, 65, 176, 85, 108, 167, 239, 71,
       0, 107, 179, 67, 160, 130, 187, 162, 149, 103, 185, 188, 103, 24,
       81, 80, 247, 172, 168, 118, 143, 174, 43, 147, 5, 214, 248, 150,
       225, 6, 17, 218, 171, 13, 76, 155, 159, 25, 207, 87, 207, 178,
       194, 46, 245, 36, 64, 254, 226, 121, 103, 176, 96, 126, 247, 30,
       234, 73, 153, 13, 255, 248, 167, 175, 128, 63, 146, 169, 57, 196,
       48, 189, 115, 186, 109, 49, 19, 126, 191, 167, 56, 214, 55, 72,
       59, 135, 23, 108, 24, 50, 220, 251, 0, 205, 146, 117, 116, 192,
       65, 135, 99, 59, 190, 255, 121, 187, 255, 153, 223, 255, 123, 246,
       255, 62, 253, 214, 63, 175, 191, 255, 149, 191, 251, 35, 211, 219,
       123, 125, 242, 207, 196, 183, 127, 129, 224, 148, 163, 164, 43,
       104, 142, 126, 51, 2, 144, 199, 3, 216, 203, 51, 14, 106, 56, 50,
       212, 205, 18, 140, 199, 127, 100, 132, 216, 137, 8, 212, 221, 31,
       230, 188, 207, 71, 180, 132, 248, 142, 64, 247, 119, 160, 115,
       100, 246, 125, 106, 121, 137, 57, 61, 251, 169, 101, 80, 48, 186,
       196, 57, 10, 172, 2, 187, 215, 245, 184, 207, 30, 125, 80, 151,
       172, 206, 114, 136, 191, 43, 147, 149, 54, 124, 26, 247, 140, 87,
       159, 235, 157, 12, 187, 218, 241, 64, 70, 204, 14, 10, 228, 40,
       237, 130, 178, 66, 67, 8, 21, 127, 104, 196, 110, 235, 109, 231,
       197, 204, 176, 42, 194, 16, 109, 56, 112, 4, 30, 140, 138, 187,
       177, 242, 24, 7, 62, 195, 74, 21, 172, 250, 98, 200, 209, 43, 187,
       149, 62, 216, 83, 246, 234, 247, 158, 195, 152, 68, 169, 26, 2,
       162, 212, 155, 234, 169, 168, 143, 30, 53, 17, 187, 141, 130, 200,
       136, 79, 27, 234, 149, 18, 92, 207, 209, 12, 18, 159, 253, 148, 8,
       137, 128, 125, 237, 237, 100, 221, 119, 199, 190, 81, 250, 188,
       14, 115, 121, 213, 51, 89, 230, 92, 110, 233, 99, 253, 46, 251,
       207, 229, 60, 127, 251, 210, 56, 249, 91, 84, 46, 41, 28, 94, 184,
       161, 250, 182, 109, 107, 127, 3, 147, 142, 229, 252, 102, 205, 99,
       251, 41, 242, 249, 101, 184, 107, 182, 74, 89, 198, 48, 182, 80,
       251, 212, 184, 87, 171, 221, 20, 61, 172, 222, 71, 63, 167, 51,
       255, 145, 150, 79, 178, 192, 91, 80, 31, 235, 130, 4, 167, 223, 1,
       93, 123, 109, 116, 142, 111, 180, 117, 72, 126, 68, 243, 87, 145,
       116, 126, 252, 86, 110, 201, 176, 113, 46, 229, 172, 32, 128, 106,
       179, 98, 185, 8, 189, 187, 253, 243, 193, 55, 231, 62, 193, 78,
       32, 188, 183, 96, 112, 183, 123, 179, 129, 83, 152, 178, 127, 237,
       247, 30, 75, 128, 2, 167, 251, 181, 223, 111, 111, 60, 79, 71,
       252, 100, 236, 247, 110, 83, 117, 157, 49, 124, 244, 124, 238,
       233, 179, 125, 61, 243, 235, 101, 148, 121, 187, 246, 113, 33,
       173, 169, 69, 240, 157, 238, 183, 110, 161, 110, 72, 183, 227,
       208, 48, 21, 110, 90, 28, 211, 184, 253, 51, 111, 157, 5, 112,
       208, 210, 195, 168, 197, 44, 222, 247, 36, 42, 104, 2, 122, 147,
       99, 80, 255, 99, 193, 251, 51, 101, 104, 26, 32, 212, 143, 106,
       132, 191, 115, 0, 128, 241, 107, 0, 117, 90, 239, 103, 4, 94, 71,
       184, 100, 234, 243, 110, 115, 125, 153, 98, 126, 212, 124, 106,
       201, 182, 253, 42, 241, 175, 229, 148, 109, 251, 80, 49, 120, 89,
       190, 252, 13, 197, 148, 102, 207, 13, 236, 9, 174, 253, 38, 66,
       200, 114, 233, 65, 74, 47, 210, 185, 243, 243, 82, 27, 82, 24,
       252, 10, 0, 162, 61, 251, 60, 201, 97, 159, 94, 61, 117, 56, 151,
       3, 200, 32, 3, 26, 2, 24, 18, 124, 107, 23, 205, 158, 49, 100,
       208, 136, 133, 233, 72, 252, 152, 185, 57, 205, 17, 158, 31, 59,
       48, 8, 190, 23, 64, 16, 133, 91, 238, 81, 2, 40, 91, 51, 205, 215,
       52, 123, 216, 88, 7, 27, 121, 207, 96, 76, 57, 26, 79, 189, 97,
       108, 190, 236, 107, 37, 150, 244, 22, 196, 252, 110, 201, 43, 237,
       189, 242, 253, 32, 144, 111, 166, 74, 125, 236, 48, 61, 123, 45,
       77, 81, 24, 107, 58, 165, 8, 242, 81, 9, 59, 128, 16, 76, 10, 43,
       100, 251, 57, 199, 219, 96, 54, 64, 3, 70, 35, 125, 49, 249, 103,
       164, 126, 75, 25, 64, 228, 187, 74, 211, 125, 217, 122, 90, 212,
       124, 122, 153, 242, 253, 8, 221, 237, 165, 212, 229, 235, 84, 113,
