%YAML:1.0
---
descriptors: !!opencv-matrix
   rows: 202
   cols: 32
   dt: u
   data: [ 133, 208, 155, 91, 228, 189, 238, 152, 126, 91, 115, 84, 219,
       248, 253, 168, 157, 74, 50, 94, 183, 244, 63, 114, 15, 159, 86,
       68, 216, 217, 217, 148, 178, 216, 110, 222, 76, 193, 219, 246,
       150, 78, 244, 163, 48, 221, 185, 33, 72, 242, 151, 195, 107, 47,
       58, 191, 115, 3, 248, 185, 117, 153, 116, 250, 2, 138, 158, 191,
       138, 160, 56, 198, 190, 23, 194, 177, 172, 195, 32, 73, 231, 123,
       171, 144, 18, 77, 130, 241, 196, 178, 218, 11, 144, 64, 165, 138,
       210, 154, 206, 21, 42, 146, 24, 51, 187, 222, 210, 245, 237, 46,
       135, 219, 135, 103, 253, 133, 228, 205, 135, 79, 136, 50, 255,
       131, 12, 164, 41, 93, 161, 17, 83, 77, 116, 15, 226, 121, 92, 40,
       115, 98, 115, 81, 164, 229, 94, 60, 6, 40, 233, 182, 97, 158, 36,
       190, 33, 0, 95, 170, 96, 173, 88, 121, 249, 96, 219, 193, 57, 197,
       175, 165, 164, 171, 28, 151, 65, 24, 42, 183, 235, 208, 18, 11,
       242, 112, 223, 133, 30, 123, 225, 16, 167, 122, 100, 191, 93, 105,
       242, 174, 186, 176, 56, 105, 123, 237, 213, 111, 136, 17, 150, 87,
       69, 102, 177, 152, 201, 47, 108, 167, 43, 196, 76, 163, 11, 145,
       60, 55, 115, 99, 241, 95, 119, 248, 101, 228, 255, 12, 74, 125,
       157, 180, 190, 222, 205, 110, 216, 179, 121, 238, 127, 252, 5, 22,
       99, 191, 198, 247, 110, 119, 113, 79, 125, 95, 254, 253, 95, 232,
       249, 74, 74, 92, 157, 180, 220, 213, 215, 99, 193, 51, 105, 254,
       55, 126, 5, 55, 87, 191, 214, 181, 148, 212, 191, 255, 50, 203,
       55, 224, 188, 6, 231, 0, 223, 247, 41, 96, 242, 249, 127, 226, 96,
       149, 58, 222, 245, 199, 79, 7, 32, 51, 39, 226, 92, 124, 122, 174,
       187, 110, 95, 168, 113, 230, 239, 9, 95, 187, 3, 80, 243, 221,
       125, 226, 76, 147, 249, 170, 243, 255, 5, 31, 42, 247, 38, 82,
       157, 87, 104, 107, 148, 63, 239, 152, 116, 72, 127, 70, 211, 72,
       159, 96, 122, 200, 22, 127, 239, 176, 77, 62, 100, 237, 167, 132,
       111, 251, 216, 133, 39, 245, 84, 203, 111, 25, 182, 232, 207, 240,
       185, 106, 252, 248, 253, 166, 91, 201, 114, 99, 199, 98, 222, 247,
       62, 94, 15, 126, 95, 63, 91, 133, 82, 235, 46, 109, 58, 138, 78,
       169, 172, 160, 202, 193, 231, 202, 48, 64, 182, 125, 125, 230,
       204, 137, 141, 61, 178, 236, 175, 148, 44, 162, 129, 1, 234, 127,
       103, 20, 235, 80, 188, 119, 185, 222, 94, 255, 40, 190, 150, 183,
       166, 247, 245, 167, 229, 79, 182, 232, 55, 122, 222, 139, 79, 244,
       175, 223, 10, 57, 252, 114, 173, 253, 221, 151, 155, 255, 52, 173,
       175, 189, 87, 43, 135, 123, 253, 17, 150, 105, 250, 160, 79, 223,
       93, 187, 231, 85, 207, 127, 156, 237, 198, 167, 221, 91, 102, 254,
       118, 230, 238, 142, 99, 226, 11, 87, 121, 206, 110, 234, 125, 243,
       189, 190, 254, 199, 135, 53, 111, 127, 252, 220, 125, 45, 199,
       151, 221, 114, 103, 239, 86, 166, 239, 30, 99, 98, 11, 212, 121,
       230, 106, 174, 121, 251, 253, 190, 252, 167, 135, 21, 235, 123,
       248, 168, 60, 93, 123, 126, 252, 207, 215, 252, 214, 132, 252, 2,
       127, 253, 53, 96, 252, 250, 2, 106, 224, 35, 58, 127, 115, 239, 5,
       8, 115, 251, 117, 171, 136, 241, 122, 104, 112, 206, 119, 244,
       121, 8, 116, 76, 31, 87, 10, 49, 182, 24, 85, 120, 226, 180, 48,
       15, 239, 233, 36, 205, 106, 146, 239, 187, 86, 30, 238, 111, 42,
       34, 94, 50, 164, 142, 218, 229, 103, 111, 131, 82, 231, 231, 125,
       166, 140, 201, 131, 44, 218, 231, 238, 145, 173, 227, 36, 91, 181,
       135, 72, 46, 220, 23, 206, 248, 86, 226, 251, 206, 83, 104, 191,
       161, 93, 206, 54, 238, 253, 243, 93, 191, 58, 239, 165, 52, 125,
       251, 120, 148, 43, 244, 97, 69, 105, 95, 198, 45, 75, 234, 184,
       76, 106, 28, 212, 180, 217, 140, 214, 46, 205, 38, 245, 223, 35,
       92, 5, 62, 91, 62, 210, 252, 221, 58, 190, 245, 162, 54, 121, 18,
       121, 222, 86, 180, 221, 191, 211, 123, 183, 125, 181, 157, 165,
       212, 167, 224, 207, 251, 122, 128, 134, 245, 47, 123, 164, 253,
       220, 67, 232, 15, 127, 216, 43, 186, 181, 104, 219, 95, 205, 55,
       223, 221, 87, 122, 201, 118, 217, 112, 127, 217, 37, 190, 75, 251,
       202, 177, 52, 204, 215, 251, 204, 171, 238, 231, 127, 179, 226,
       82, 211, 107, 29, 89, 121, 238, 110, 210, 104, 244, 75, 242, 188,
       254, 215, 68, 229, 251, 240, 136, 15, 239, 166, 155, 253, 157,
       238, 200, 223, 20, 88, 71, 236, 232, 63, 196, 249, 74, 51, 79,
       198, 48, 91, 243, 46, 86, 143, 110, 94, 95, 121, 204, 104, 39, 90,
       101, 116, 204, 113, 55, 33, 13, 124, 56, 183, 27, 0, 16, 130, 186,
       71, 8, 90, 184, 193, 7, 199, 253, 48, 1, 96, 128, 70, 171, 22,
       168, 147, 248, 163, 233, 50, 67, 239, 1, 234, 32, 174, 215, 100,
       244, 227, 59, 174, 16, 18, 187, 130, 243, 153, 212, 14, 107, 128,
       66, 165, 171, 135, 126, 255, 179, 162, 98, 63, 150, 190, 254, 30,
       181, 213, 247, 203, 106, 55, 95, 125, 247, 161, 208, 175, 98, 236,
       7, 111, 196, 164, 243, 165, 241, 232, 176, 149, 116, 169, 77, 69,
       191, 59, 179, 162, 24, 158, 183, 64, 191, 1, 212, 236, 24, 57, 78,
       243, 0, 159, 219, 85, 126, 194, 160, 198, 58, 231, 234, 193, 65,
       253, 61, 200, 206, 91, 249, 48, 220, 139, 168, 221, 190, 157, 205,
       102, 125, 175, 126, 214, 146, 12, 92, 133, 254, 207, 125, 82, 148,
       137, 185, 27, 122, 209, 205, 114, 115, 249, 73, 97, 24, 190, 223,
       32, 176, 164, 59, 210, 0, 51, 175, 48, 95, 71, 223, 16, 74, 90, 0,
       231, 163, 238, 177, 56, 146, 249, 221, 176, 205, 171, 61, 53, 25,
       140, 222, 110, 147, 136, 27, 227, 81, 86, 107, 218, 209, 31, 81,
       15, 127, 210, 4, 143, 214, 200, 25, 63, 244, 160, 200, 53, 166,
       188, 140, 70, 32, 188, 183, 33, 83, 166, 119, 237, 128, 112, 205,
       162, 111, 233, 243, 126, 67, 0, 16, 37, 123, 121, 48, 185, 240,
       169, 237, 81, 71, 235, 125, 172, 8, 190, 159, 74, 58, 133, 147,
       220, 16, 27, 107, 242, 145, 219, 221, 16, 123, 194, 64, 199, 123,
       79, 145, 252, 91, 171, 92, 125, 189, 234, 125, 175, 172, 217, 127,
       206, 122, 39, 87, 253, 156, 148, 72, 255, 117, 95, 127, 125, 221,
       154, 167, 207, 115, 160, 156, 235, 91, 214, 231, 167, 223, 94,
       202, 112, 246, 48, 253, 181, 32, 93, 58, 19, 152, 243, 188, 124,
       127, 109, 14, 183, 224, 213, 202, 245, 249, 41, 173, 146, 233,
       245, 191, 114, 199, 127, 1, 104, 0, 191, 155, 112, 144, 216, 42,
       2, 28, 30, 184, 16, 187, 239, 221, 6, 97, 250, 206, 218, 138, 91,
       16, 251, 244, 119, 221, 121, 83, 223, 221, 22, 255, 62, 253, 246,
       47, 167, 177, 157, 5, 167, 101, 54, 193, 219, 95, 113, 170, 190,
       204, 149, 119, 215, 83, 127, 109, 34, 22, 95, 188, 225, 202, 214,
       228, 253, 127, 153, 115, 54, 245, 125, 238, 233, 197, 173, 236,
       226, 235, 239, 144, 46, 179, 33, 113, 236, 48, 185, 240, 237, 253,
       145, 75, 219, 243, 165, 24, 158, 157, 110, 58, 201, 25, 219, 17,
       55, 103, 250, 210, 219, 223, 87, 127, 210, 73, 207, 226, 152, 244,
       91, 97, 114, 78, 114, 252, 57, 72, 116, 45, 127, 31, 10, 81, 182,
       153, 85, 106, 101, 150, 24, 63, 247, 201, 32, 69, 104, 147, 39,
       155, 252, 177, 62, 108, 137, 76, 87, 233, 161, 28, 165, 24, 95,
       255, 10, 51, 162, 213, 221, 98, 120, 103, 186, 173, 243, 249, 69,
       63, 98, 48, 135, 35, 161, 106, 42, 31, 116, 157, 228, 117, 249,
       76, 116, 77, 162, 200, 151, 16, 136, 40, 70, 77, 228, 190, 230,
       63, 38, 60, 32, 41, 65, 156, 75, 205, 91, 147, 131, 164, 162, 70,
       173, 61, 56, 239, 211, 229, 221, 126, 74, 210, 182, 197, 125, 229,
       209, 208, 177, 64, 248, 227, 239, 132, 12, 54, 163, 81, 88, 114,
       153, 165, 114, 78, 73, 156, 50, 232, 86, 237, 223, 39, 201, 16,
       54, 221, 37, 124, 73, 218, 153, 8, 252, 229, 61, 164, 168, 176,
       11, 89, 90, 241, 252, 242, 45, 221, 217, 156, 171, 253, 180, 9,
       191, 223, 94, 34, 134, 81, 253, 81, 218, 105, 250, 161, 203, 217,
