%YAML:1.0
---
descriptors: !!opencv-matrix
   rows: 165
   cols: 32
   dt: u
   data: [ 1, 79, 223, 229, 102, 139, 239, 119, 108, 162, 250, 230, 63,
       163, 177, 114, 110, 238, 126, 76, 193, 189, 165, 238, 244, 239,
       191, 128, 61, 250, 209, 168, 145, 223, 63, 245, 52, 143, 113, 55,
       236, 136, 122, 0, 183, 51, 32, 97, 166, 51, 76, 8, 160, 185, 49,
       45, 233, 233, 54, 64, 0, 8, 133, 43, 80, 171, 94, 112, 11, 201,
       16, 199, 175, 53, 168, 40, 46, 179, 69, 26, 163, 179, 237, 0, 2,
       75, 130, 117, 219, 208, 81, 123, 65, 0, 39, 43, 120, 249, 147,
       224, 185, 205, 82, 198, 171, 185, 172, 8, 159, 159, 65, 144, 130,
       249, 221, 80, 90, 43, 210, 176, 251, 213, 5, 127, 210, 48, 7, 27,
       37, 78, 201, 229, 252, 11, 239, 182, 111, 226, 254, 230, 223, 43,
       145, 96, 126, 237, 95, 239, 201, 190, 229, 238, 252, 221, 175,
       128, 237, 243, 98, 169, 61, 119, 104, 6, 93, 91, 79, 248, 65, 230,
       189, 175, 67, 108, 223, 182, 92, 196, 196, 110, 204, 34, 109, 170,
       250, 93, 133, 189, 119, 255, 94, 244, 5, 124, 176, 69, 229, 63,
       230, 154, 121, 234, 106, 76, 222, 56, 23, 188, 153, 76, 98, 126,
       161, 180, 249, 106, 47, 62, 69, 6, 202, 121, 67, 167, 100, 168,
       156, 81, 205, 205, 148, 142, 218, 179, 32, 8, 166, 241, 65, 26,
       129, 90, 106, 16, 2, 105, 218, 49, 141, 150, 85, 127, 208, 120,
       75, 138, 133, 106, 223, 251, 110, 169, 233, 220, 254, 243, 114,
       246, 217, 203, 217, 123, 111, 72, 126, 222, 163, 244, 239, 242,
       204, 139, 247, 196, 172, 153, 65, 177, 123, 189, 156, 250, 169,
       253, 92, 175, 187, 123, 180, 24, 175, 250, 70, 255, 195, 243, 252,
       16, 63, 75, 218, 241, 187, 219, 95, 123, 154, 85, 203, 15, 158,
       52, 151, 183, 171, 99, 188, 203, 191, 155, 179, 115, 206, 247, 73,
       207, 239, 215, 255, 144, 57, 205, 219, 194, 141, 242, 223, 215,
       130, 101, 165, 51, 183, 116, 110, 55, 53, 123, 254, 232, 125, 222,
       243, 63, 74, 250, 63, 141, 249, 205, 206, 231, 236, 231, 127, 238,
       178, 251, 207, 159, 79, 125, 111, 215, 244, 94, 252, 95, 75, 46,
       61, 152, 59, 182, 36, 157, 79, 103, 71, 95, 55, 212, 233, 106, 32,
       85, 185, 106, 83, 162, 65, 53, 227, 241, 7, 114, 108, 172, 188,
       95, 233, 253, 149, 143, 154, 59, 44, 24, 190, 245, 77, 27, 129,
       114, 235, 24, 50, 105, 218, 49, 79, 159, 85, 121, 210, 120, 207,
       170, 1, 205, 95, 73, 180, 155, 238, 53, 108, 72, 122, 68, 191, 24,
       180, 225, 234, 43, 22, 109, 247, 184, 52, 125, 38, 217, 34, 192,
       92, 138, 233, 141, 141, 237, 103, 31, 160, 123, 111, 188, 119,
       198, 111, 148, 251, 228, 155, 245, 23, 110, 164, 110, 237, 212,
       63, 63, 110, 255, 101, 4, 118, 247, 212, 124, 199, 247, 165, 18,
       171, 245, 63, 191, 191, 127, 28, 253, 236, 246, 206, 47, 135, 95,
       253, 23, 247, 77, 174, 243, 232, 86, 127, 254, 142, 85, 143, 127,
       95, 220, 236, 119, 186, 63, 191, 191, 63, 255, 223, 246, 255, 126,
       159, 239, 63, 215, 253, 191, 189, 216, 125, 239, 255, 255, 255,
       214, 239, 247, 141, 117, 191, 127, 123, 230, 254, 119, 223, 252,
       29, 238, 255, 255, 127, 127, 191, 36, 255, 247, 255, 239, 233,
       183, 57, 238, 250, 223, 239, 178, 239, 255, 231, 253, 195, 94,
       239, 87, 230, 62, 237, 55, 120, 202, 94, 214, 241, 38, 151, 123,
       55, 102, 61, 175, 225, 212, 181, 106, 100, 43, 254, 128, 45, 240,
       59, 121, 72, 179, 150, 114, 169, 188, 52, 51, 255, 159, 187, 124,
       174, 179, 200, 223, 167, 55, 236, 16, 18, 73, 130, 193, 218, 242,
       126, 251, 202, 64, 143, 27, 143, 190, 237, 223, 177, 94, 255, 190,
       63, 255, 119, 247, 216, 126, 158, 253, 127, 95, 255, 191, 241,
       220, 125, 255, 239, 127, 255, 196, 143, 247, 212, 245, 215, 109,
       223, 103, 3, 74, 111, 228, 248, 226, 7, 10, 125, 119, 81, 51, 50,
       245, 121, 234, 65, 213, 189, 106, 245, 171, 77, 32, 37, 242, 3,
       40, 212, 159, 95, 110, 50, 202, 51, 48, 185, 192, 111, 229, 127,
       247, 161, 81, 118, 117, 172, 98, 97, 145, 189, 111, 208, 163, 99,
       2, 40, 163, 39, 121, 191, 245, 237, 68, 212, 87, 207, 248, 82,
       242, 181, 142, 89, 127, 223, 53, 63, 204, 21, 254, 233, 86, 125,
       222, 123, 15, 237, 172, 191, 247, 242, 240, 124, 125, 253, 102,
       181, 94, 87, 184, 81, 226, 14, 10, 91, 125, 27, 34, 17, 244, 181,
       106, 233, 242, 249, 174, 251, 239, 197, 53, 231, 251, 86, 122,
       248, 249, 19, 224, 27, 205, 82, 230, 171, 168, 168, 8, 46, 159,
       97, 16, 168, 185, 205, 80, 74, 43, 146, 255, 251, 213, 6, 123,
       114, 16, 7, 26, 97, 43, 164, 69, 228, 31, 228, 55, 105, 186, 126,
       77, 234, 40, 151, 190, 136, 102, 100, 15, 196, 248, 197, 104, 38,
       122, 117, 144, 67, 254, 218, 141, 233, 118, 93, 101, 32, 14, 109,
       63, 48, 170, 118, 124, 215, 19, 129, 187, 23, 212, 108, 42, 233,
       212, 193, 10, 229, 251, 101, 132, 104, 240, 66, 57, 124, 247, 236,
       103, 57, 95, 95, 188, 55, 236, 255, 45, 251, 125, 91, 147, 221,
       221, 253, 98, 109, 243, 251, 158, 251, 255, 37, 181, 107, 254, 78,
       91, 95, 255, 189, 215, 187, 126, 31, 185, 155, 254, 159, 253, 206,
       127, 207, 191, 215, 215, 253, 115, 236, 67, 251, 234, 255, 223,
       111, 191, 134, 247, 135, 119, 2, 187, 30, 153, 226, 161, 184, 71,
       190, 21, 66, 247, 172, 134, 96, 72, 39, 59, 171, 145, 18, 221,
       130, 113, 28, 0, 58, 203, 144, 0, 165, 155, 5, 174, 205, 251, 252,
       169, 233, 223, 254, 115, 123, 246, 189, 235, 216, 104, 107, 170,
       110, 156, 147, 184, 111, 243, 204, 221, 183, 192, 253, 202, 241,
       160, 33, 143, 79, 251, 254, 170, 233, 247, 126, 113, 251, 246,
       177, 227, 184, 96, 123, 174, 62, 156, 187, 184, 207, 247, 236,
       175, 178, 192, 189, 200, 208, 168, 72, 251, 188, 95, 185, 153,
       148, 159, 234, 61, 188, 56, 174, 241, 198, 26, 129, 114, 239, 24,
       18, 105, 218, 113, 111, 159, 117, 123, 210, 80, 207, 11, 197, 231,
       245, 229, 172, 43, 237, 189, 127, 242, 179, 220, 223, 106, 220,
       127, 127, 198, 126, 46, 233, 240, 237, 192, 172, 250, 231, 180,
       76, 248, 195, 181, 17, 175, 79, 255, 214, 138, 239, 247, 124, 67,
       122, 230, 241, 227, 144, 96, 122, 174, 62, 140, 219, 152, 199,
       255, 244, 239, 186, 192, 45, 138, 241, 168, 246, 223, 155, 134,
       250, 47, 151, 248, 24, 234, 184, 124, 86, 244, 41, 16, 221, 215,
       92, 99, 97, 227, 153, 47, 185, 38, 45, 214, 200, 123, 162, 51,
       220, 252, 189, 191, 185, 204, 87, 188, 182, 255, 167, 21, 255,
       255, 75, 91, 135, 119, 125, 86, 106, 77, 251, 191, 235, 255, 119,
       213, 162, 243, 5, 123, 54, 175, 66, 202, 254, 155, 238, 252, 63,
       32, 249, 238, 107, 200, 188, 148, 126, 203, 198, 231, 246, 186,
       77, 255, 62, 60, 167, 236, 127, 143, 234, 149, 45, 245, 153, 235,
       124, 15, 231, 248, 86, 250, 249, 76, 215, 248, 249, 32, 217, 72,
       22, 106, 239, 114, 123, 191, 237, 157, 39, 124, 88, 187, 65, 131,
       205, 236, 236, 95, 153, 252, 111, 190, 118, 250, 79, 18, 121, 245,
       219, 255, 49, 110, 248, 238, 243, 92, 255, 63, 111, 79, 229, 109,
       179, 247, 220, 244, 67, 251, 149, 150, 171, 156, 1, 142, 171, 253,
       128, 237, 174, 230, 206, 222, 135, 71, 236, 85, 151, 75, 255, 97,
       140, 114, 95, 254, 136, 6, 139, 93, 95, 49, 135, 180, 169, 246,
       140, 131, 174, 243, 138, 213, 205, 242, 117, 238, 133, 103, 248,
       149, 157, 193, 191, 192, 136, 214, 223, 22, 138, 117, 171, 84, 17,
       79, 79, 239, 126, 139, 239, 119, 108, 224, 250, 230, 243, 35, 145,
       114, 110, 238, 94, 236, 201, 184, 197, 236, 252, 237, 167, 128,
       45, 250, 64, 168, 245, 83, 125, 110, 46, 22, 199, 56, 96, 236,
       245, 236, 83, 105, 159, 51, 94, 196, 100, 239, 236, 162, 237, 12,
       114, 169, 97, 140, 101, 163, 98, 97, 85, 79, 77, 229, 238, 43,
       111, 254, 100, 240, 250, 230, 211, 33, 145, 99, 126, 236, 110,
       238, 201, 178, 237, 236, 252, 233, 167, 132, 45, 251, 98, 160,
       133, 99, 207, 247, 238, 11, 239, 217, 126, 242, 243, 246, 219,
