%YAML:1.0
---
descriptors: !!opencv-matrix
   rows: 287
   cols: 32
   dt: u
   data: [ 151, 82, 235, 248, 22, 102, 187, 216, 30, 71, 67, 151, 85,
       207, 57, 105, 127, 217, 19, 247, 163, 213, 62, 119, 209, 46, 139,
       68, 189, 169, 53, 240, 72, 185, 157, 90, 137, 200, 21, 167, 171,
       89, 162, 24, 190, 247, 64, 244, 129, 55, 104, 16, 19, 75, 250,
       113, 187, 187, 84, 123, 144, 0, 166, 58, 32, 34, 1, 133, 108, 9,
       224, 72, 78, 184, 177, 232, 198, 0, 201, 24, 25, 128, 78, 98, 8,
       55, 72, 80, 148, 128, 225, 52, 81, 43, 82, 128, 161, 156, 237,
       253, 244, 191, 237, 255, 126, 251, 126, 246, 179, 176, 145, 105,
       111, 110, 54, 12, 227, 252, 103, 223, 236, 175, 246, 192, 188,
       216, 208, 185, 126, 177, 161, 162, 155, 99, 22, 235, 3, 245, 137,
       139, 14, 255, 65, 146, 249, 223, 253, 209, 26, 75, 219, 176, 185,
       196, 141, 255, 162, 103, 182, 122, 104, 251, 151, 254, 45, 141,
       84, 87, 237, 21, 248, 93, 174, 185, 0, 211, 200, 162, 110, 0, 127,
       107, 210, 225, 179, 250, 86, 26, 74, 216, 206, 26, 39, 177, 229,
       5, 74, 23, 173, 121, 15, 248, 151, 238, 88, 108, 223, 166, 30,
       197, 122, 237, 197, 241, 255, 220, 12, 26, 205, 182, 95, 174, 17,
       245, 47, 185, 237, 85, 84, 87, 207, 249, 82, 234, 118, 10, 81,
       125, 151, 49, 93, 252, 55, 236, 233, 214, 245, 76, 127, 11, 229,
       164, 103, 172, 86, 240, 60, 227, 72, 35, 112, 217, 82, 200, 39,
       165, 237, 141, 3, 201, 90, 16, 26, 200, 197, 84, 30, 186, 205, 42,
       238, 197, 33, 121, 231, 143, 94, 194, 130, 157, 62, 255, 149, 238,
       188, 39, 60, 7, 91, 18, 236, 62, 36, 64, 227, 63, 187, 129, 114,
       184, 81, 239, 229, 55, 158, 3, 132, 64, 181, 138, 7, 158, 16, 155,
       252, 181, 186, 202, 31, 25, 89, 119, 204, 250, 238, 200, 223, 27,
       147, 149, 183, 26, 91, 247, 12, 22, 155, 238, 156, 79, 169, 149,
       90, 188, 151, 248, 187, 237, 16, 199, 187, 17, 168, 56, 174, 191,
       96, 26, 163, 179, 237, 16, 58, 75, 18, 243, 155, 215, 18, 123,
       210, 64, 167, 27, 123, 183, 255, 253, 125, 255, 251, 250, 191,
       254, 254, 239, 251, 255, 223, 246, 255, 255, 255, 165, 175, 243,
       251, 219, 223, 255, 239, 191, 255, 236, 118, 247, 230, 220, 18,
       222, 253, 239, 87, 232, 159, 190, 249, 27, 110, 255, 47, 81, 253,
       251, 111, 98, 106, 103, 90, 255, 251, 190, 5, 190, 18, 127, 102,
       7, 63, 190, 246, 245, 191, 95, 253, 250, 127, 254, 246, 174, 219,
       253, 223, 103, 255, 253, 255, 173, 173, 243, 255, 221, 255, 223,
       231, 183, 255, 236, 118, 255, 197, 66, 157, 229, 32, 14, 109, 184,
       96, 170, 98, 104, 215, 99, 137, 123, 18, 212, 108, 106, 104, 212,
       193, 8, 228, 251, 101, 4, 32, 176, 66, 33, 252, 172, 252, 122,
       153, 237, 87, 223, 178, 151, 173, 24, 123, 247, 72, 27, 1, 250,
       236, 26, 58, 111, 250, 51, 251, 231, 117, 125, 227, 209, 198, 34,
       109, 78, 92, 79, 100, 26, 110, 184, 125, 106, 246, 236, 203, 67,
       151, 245, 118, 196, 110, 110, 237, 180, 237, 253, 182, 250, 97,
       22, 106, 191, 74, 93, 50, 13, 106, 254, 214, 134, 239, 119, 244,
       0, 250, 134, 113, 235, 53, 64, 120, 234, 23, 140, 232, 155, 20,
       255, 120, 174, 170, 192, 61, 138, 112, 168, 87, 27, 196, 183, 162,
       40, 60, 150, 45, 215, 91, 247, 237, 46, 154, 75, 39, 103, 191,
       149, 148, 216, 143, 224, 140, 99, 254, 194, 172, 215, 169, 93, 12,
       103, 87, 231, 244, 82, 238, 248, 117, 160, 251, 64, 221, 99, 153,
       180, 122, 221, 126, 250, 201, 178, 237, 206, 172, 255, 175, 132,
       7, 243, 103, 161, 252, 182, 189, 114, 168, 236, 85, 159, 178, 63,
       183, 124, 119, 247, 200, 91, 5, 214, 237, 16, 58, 79, 250, 51,
       219, 163, 117, 253, 162, 209, 134, 115, 191, 179, 236, 253, 125,
       95, 121, 250, 63, 220, 212, 239, 127, 255, 222, 246, 255, 221,
       255, 189, 175, 115, 255, 221, 222, 255, 239, 223, 63, 172, 124,
       255, 147, 30, 231, 151, 134, 50, 172, 54, 124, 99, 91, 246, 233,
       46, 182, 111, 103, 199, 63, 143, 181, 220, 37, 234, 132, 42, 254,
       128, 173, 213, 185, 93, 252, 61, 250, 116, 213, 94, 87, 115, 81,
       166, 180, 11, 107, 125, 87, 19, 152, 244, 213, 106, 232, 99, 240,
       138, 123, 223, 197, 59, 103, 252, 86, 106, 222, 191, 254, 254,
       239, 253, 125, 255, 191, 255, 255, 255, 237, 255, 238, 126, 255,
       247, 255, 149, 182, 75, 235, 243, 223, 255, 255, 223, 135, 252,
       173, 87, 19, 151, 106, 129, 244, 179, 234, 115, 68, 73, 91, 231,
       25, 8, 190, 64, 124, 138, 23, 189, 158, 184, 5, 220, 124, 12, 170,
       196, 253, 142, 248, 213, 60, 124, 184, 99, 181, 63, 82, 218, 115,
       172, 60, 8, 31, 221, 83, 186, 157, 248, 215, 58, 138, 242, 248,
       170, 235, 221, 37, 53, 227, 251, 78, 227, 171, 114, 118, 237, 109,
       95, 249, 95, 191, 238, 247, 183, 219, 223, 246, 253, 254, 253,
       255, 164, 255, 247, 191, 223, 215, 251, 187, 175, 111, 140, 238,
       247, 254, 38, 252, 214, 251, 54, 79, 255, 55, 183, 255, 23, 75,
       99, 143, 94, 123, 198, 239, 174, 56, 215, 249, 234, 126, 255, 215,
       133, 163, 245, 226, 98, 190, 241, 123, 100, 95, 95, 150, 249, 27,
       232, 180, 47, 90, 220, 95, 176, 252, 221, 215, 227, 237, 103, 242,
       156, 251, 201, 45, 191, 69, 60, 86, 243, 48, 159, 106, 206, 244,
       131, 231, 252, 84, 0, 248, 98, 113, 251, 176, 96, 120, 170, 2,
       234, 202, 187, 12, 255, 112, 172, 131, 8, 117, 186, 244, 168, 143,
       182, 246, 223, 237, 127, 255, 254, 127, 254, 246, 183, 236, 254,
       191, 111, 255, 255, 255, 165, 167, 246, 239, 255, 127, 127, 255,
       142, 159, 252, 101, 247, 60, 181, 113, 96, 177, 205, 83, 104, 97,
       224, 189, 8, 27, 125, 68, 180, 152, 144, 196, 120, 27, 43, 184,
       30, 187, 221, 1, 126, 227, 131, 70, 98, 252, 135, 60, 126, 232,
       30, 87, 184, 249, 190, 181, 24, 95, 123, 10, 51, 151, 214, 125,
       106, 120, 99, 235, 47, 251, 235, 101, 29, 96, 241, 198, 99, 145,
       141, 199, 189, 150, 130, 230, 246, 212, 194, 90, 70, 113, 240, 48,
       64, 121, 110, 34, 136, 121, 249, 4, 47, 168, 174, 166, 0, 61, 248,
       240, 136, 220, 176, 156, 178, 169, 173, 80, 154, 175, 63, 163, 29,
       191, 211, 73, 219, 135, 151, 237, 16, 14, 71, 219, 49, 219, 243,
       81, 126, 138, 65, 134, 19, 220, 160, 183, 118, 137, 109, 85, 233,
       179, 183, 165, 24, 94, 247, 72, 63, 129, 214, 232, 18, 56, 103,
       187, 50, 219, 251, 85, 127, 194, 113, 198, 98, 240, 180, 152, 250,
       172, 237, 80, 201, 254, 191, 165, 29, 247, 249, 74, 25, 145, 131,
       109, 19, 62, 103, 123, 51, 219, 223, 85, 127, 208, 74, 143, 74, 0,
       235, 56, 249, 60, 141, 97, 191, 94, 61, 108, 0, 183, 3, 192, 0, 1,
       26, 6, 8, 66, 56, 99, 53, 237, 159, 48, 96, 80, 136, 197, 169,
       252, 94, 30, 126, 25, 134, 86, 48, 245, 138, 226, 85, 114, 243,
       33, 209, 212, 224, 12, 106, 108, 135, 65, 62, 243, 255, 37, 18,
       26, 185, 104, 3, 124, 69, 88, 111, 81, 11, 86, 168, 96, 164, 237,
       9, 67, 65, 11, 80, 88, 220, 192, 98, 72, 178, 201, 14, 247, 229,
       1, 53, 115, 187, 78, 2, 124, 190, 253, 122, 169, 253, 85, 223,
       179, 191, 180, 60, 123, 247, 74, 31, 5, 214, 237, 24, 59, 107,
       250, 51, 219, 247, 117, 125, 226, 209, 198, 123, 88, 186, 121,
       112, 169, 221, 81, 151, 179, 95, 180, 124, 63, 215, 192, 189, 167,
       190, 236, 16, 187, 79, 178, 51, 219, 247, 113, 251, 226, 128, 142,
       123, 121, 188, 113, 112, 45, 253, 81, 86, 235, 105, 188, 40, 58,
       253, 134, 54, 133, 178, 204, 0, 143, 43, 242, 191, 211, 223, 49,
       59, 227, 204, 70, 127, 189, 14, 146, 254, 177, 174, 86, 186, 215,
       139, 227, 85, 231, 243, 41, 208, 213, 106, 12, 62, 60, 132, 75,
       62, 170, 255, 53, 24, 186, 251, 8, 3, 105, 248, 190, 84, 13, 221,
       113, 246, 235, 121, 188, 12, 182, 216, 66, 50, 128, 122, 252, 88,
       199, 107, 178, 49, 219, 217, 53, 59, 74, 0, 75, 255, 73, 248, 189,
       120, 9, 220, 17, 183, 235, 89, 164, 40, 190, 215, 70, 118, 129,
