%YAML:1.0
---
descriptors: !!opencv-matrix
   rows: 155
   cols: 32
   dt: u
   data: [ 90, 2, 142, 165, 162, 34, 188, 31, 172, 223, 214, 231, 205,
       39, 35, 75, 38, 5, 237, 165, 20, 209, 133, 192, 208, 35, 254, 129,
       173, 244, 173, 83, 254, 125, 249, 228, 205, 71, 87, 249, 65, 166,
       188, 11, 75, 253, 85, 2, 217, 244, 213, 99, 104, 103, 248, 170,
       123, 221, 133, 63, 103, 251, 86, 98, 218, 248, 16, 186, 57, 221,
       80, 228, 191, 29, 160, 25, 174, 223, 102, 149, 131, 123, 253, 82,
       78, 111, 154, 245, 155, 209, 22, 123, 82, 4, 47, 95, 37, 6, 249,
       69, 180, 46, 111, 24, 125, 170, 127, 104, 219, 33, 157, 116, 22,
       76, 110, 110, 161, 176, 105, 78, 230, 254, 33, 132, 194, 243, 66,
       33, 60, 109, 26, 226, 155, 79, 87, 224, 52, 164, 239, 11, 103,
       113, 11, 16, 120, 252, 201, 98, 72, 179, 217, 46, 241, 199, 5, 21,
       96, 59, 46, 34, 13, 167, 17, 251, 180, 205, 71, 189, 86, 57, 93,
       80, 215, 113, 200, 100, 17, 74, 6, 90, 115, 120, 107, 55, 237,
       222, 53, 116, 146, 219, 128, 161, 200, 60, 157, 117, 137, 236, 87,
       131, 186, 59, 162, 24, 182, 55, 1, 123, 129, 119, 104, 18, 49,
       205, 241, 34, 235, 243, 84, 17, 192, 113, 134, 42, 252, 190, 253,
       126, 137, 237, 87, 223, 242, 159, 164, 24, 123, 247, 72, 27, 9,
       242, 236, 26, 58, 111, 250, 51, 251, 139, 117, 125, 227, 241, 198,
       107, 116, 182, 157, 114, 232, 108, 85, 191, 178, 63, 183, 125,
       119, 231, 200, 91, 5, 215, 109, 24, 58, 79, 250, 51, 217, 163,
       117, 252, 160, 240, 134, 123, 101, 113, 17, 71, 37, 95, 99, 24,
       105, 232, 35, 72, 214, 17, 13, 176, 144, 92, 68, 106, 65, 176,
       249, 24, 39, 152, 33, 54, 74, 59, 66, 35, 120, 149, 151, 250, 189,
       237, 80, 91, 235, 29, 185, 29, 191, 251, 108, 154, 205, 147, 238,
       16, 62, 107, 210, 177, 219, 251, 112, 123, 210, 72, 202, 19, 76,
       127, 179, 103, 113, 78, 119, 156, 41, 204, 126, 108, 254, 119,
       133, 180, 150, 252, 166, 106, 193, 176, 249, 234, 103, 253, 37,
       130, 226, 247, 71, 121, 190, 116, 38, 254, 221, 119, 214, 232,
       159, 142, 241, 27, 107, 255, 47, 157, 217, 251, 247, 35, 110, 103,
       122, 191, 187, 255, 199, 59, 211, 125, 126, 210, 254, 255, 50,
       182, 159, 251, 86, 232, 223, 190, 180, 59, 110, 252, 111, 148,
       251, 255, 239, 99, 108, 103, 10, 255, 187, 215, 5, 63, 114, 127,
       12, 71, 205, 102, 238, 119, 230, 58, 126, 159, 126, 219, 95, 246,
       217, 111, 154, 235, 55, 70, 125, 190, 180, 212, 175, 234, 110,
       239, 254, 132, 175, 247, 251, 21, 107, 253, 243, 71, 240, 30, 110,
       253, 123, 234, 126, 104, 123, 255, 212, 180, 63, 254, 246, 202,
       197, 58, 255, 235, 62, 255, 37, 168, 107, 242, 202, 173, 205, 141,
       215, 246, 173, 30, 79, 191, 185, 186, 166, 88, 255, 99, 128, 247,
       69, 246, 108, 106, 121, 201, 251, 239, 255, 251, 85, 20, 162, 248,
       192, 41, 214, 190, 158, 190, 171, 237, 188, 239, 191, 151, 176,
       145, 237, 254, 110, 75, 239, 243, 255, 144, 118, 79, 218, 243,
       155, 210, 95, 255, 144, 113, 167, 223, 252, 73, 63, 126, 41, 204,
       86, 48, 209, 142, 165, 9, 115, 245, 33, 83, 192, 244, 236, 66,
       104, 103, 202, 57, 243, 243, 101, 25, 114, 186, 78, 34, 141, 14,
       148, 191, 169, 175, 86, 146, 214, 138, 97, 85, 255, 227, 33, 216,
       149, 107, 44, 30, 46, 204, 75, 63, 202, 255, 53, 24, 154, 249, 8,
       1, 220, 228, 183, 118, 137, 109, 85, 207, 187, 183, 167, 24, 94,
       247, 73, 63, 161, 86, 232, 2, 96, 101, 187, 50, 219, 243, 85, 63,
       194, 113, 199, 34, 208, 184, 151, 250, 11, 205, 16, 199, 171, 19,
       160, 24, 190, 151, 96, 155, 163, 179, 236, 0, 67, 79, 146, 241,
       145, 210, 94, 59, 80, 64, 7, 43, 60, 113, 104, 99, 209, 203, 87,
       117, 48, 196, 237, 137, 19, 69, 11, 16, 88, 188, 195, 114, 74,
       178, 248, 14, 247, 197, 37, 33, 99, 154, 198, 242, 77, 113, 81,
       69, 114, 78, 118, 184, 104, 232, 111, 108, 223, 83, 137, 112, 50,
       93, 92, 106, 193, 176, 25, 76, 229, 188, 37, 4, 74, 179, 67, 49,
       57, 205, 74, 238, 22, 131, 70, 252, 197, 0, 218, 2, 115, 227, 48,
       96, 120, 226, 14, 234, 73, 171, 28, 191, 240, 237, 130, 8, 61,
       186, 112, 40, 110, 173, 182, 254, 157, 213, 222, 238, 159, 55,
       172, 25, 238, 255, 111, 115, 201, 251, 251, 208, 122, 75, 250,
       255, 251, 255, 223, 127, 146, 116, 238, 78, 248, 166, 120, 116,
       232, 44, 85, 190, 49, 174, 116, 25, 127, 99, 2, 27, 145, 246, 101,
       42, 104, 126, 194, 15, 247, 251, 117, 61, 98, 240, 78, 139, 157,
       68, 158, 255, 173, 63, 246, 239, 61, 154, 253, 82, 206, 250, 43,
       169, 249, 255, 238, 35, 125, 231, 91, 254, 187, 247, 95, 31, 218,
       125, 171, 133, 174, 156, 151, 222, 253, 231, 86, 235, 159, 187,
       249, 90, 110, 255, 45, 221, 221, 251, 255, 34, 57, 231, 90, 255,
       57, 222, 87, 62, 147, 125, 230, 167, 54, 188, 190, 254, 237, 239,
       215, 234, 159, 158, 249, 57, 110, 253, 47, 25, 221, 251, 255, 35,
       110, 103, 90, 255, 251, 246, 221, 63, 208, 121, 230, 211, 187,
       248, 252, 253, 63, 127, 249, 218, 31, 252, 244, 191, 223, 255,
       247, 109, 255, 221, 255, 21, 173, 127, 251, 220, 223, 251, 255,
       191, 95, 189, 87, 223, 47, 182, 255, 253, 252, 191, 251, 250, 223,
       251, 244, 123, 254, 255, 189, 105, 255, 255, 255, 181, 162, 247,
       235, 223, 223, 255, 255, 254, 215, 237, 99, 247, 216, 254, 63,
       120, 43, 221, 85, 150, 167, 94, 182, 60, 63, 151, 192, 253, 39,
       182, 204, 8, 75, 79, 178, 53, 211, 241, 112, 187, 34, 208, 134,
       123, 244, 220, 60, 126, 9, 109, 87, 184, 214, 18, 165, 24, 246,
       119, 9, 123, 1, 82, 104, 106, 107, 101, 123, 63, 227, 163, 85, 31,
       88, 123, 68, 58, 0, 203, 24, 249, 56, 141, 65, 191, 86, 29, 108,
       0, 183, 131, 128, 96, 1, 26, 6, 8, 66, 56, 99, 53, 237, 157, 48,
       104, 16, 136, 133, 169, 120, 221, 60, 126, 185, 205, 87, 190, 197,
       24, 172, 40, 247, 119, 1, 119, 64, 242, 108, 106, 73, 41, 123, 61,
       227, 235, 100, 25, 122, 155, 196, 58, 61, 206, 18, 110, 181, 134,
       86, 248, 85, 10, 235, 69, 67, 243, 41, 208, 213, 232, 12, 126,
       108, 135, 73, 191, 226, 255, 37, 80, 186, 219, 232, 3, 49, 135,
       106, 169, 212, 151, 234, 113, 68, 68, 223, 199, 19, 8, 178, 64,
       124, 138, 23, 125, 158, 186, 5, 157, 122, 13, 162, 192, 125, 138,
       248, 196, 121, 185, 121, 96, 125, 221, 83, 121, 75, 232, 189, 12,
       26, 156, 86, 52, 152, 154, 84, 122, 219, 43, 120, 151, 251, 221,
       5, 126, 123, 14, 70, 118, 124, 69, 88, 101, 83, 75, 87, 232, 116,
       164, 239, 10, 67, 97, 11, 80, 120, 220, 200, 98, 72, 178, 89, 14,
       243, 197, 5, 53, 99, 187, 78, 34, 112, 161, 147, 250, 237, 205,
       69, 119, 239, 27, 184, 24, 190, 249, 124, 82, 201, 163, 110, 0,
       91, 107, 210, 241, 155, 220, 180, 120, 82, 200, 198, 43, 71, 154,
       239, 151, 162, 144, 57, 176, 190, 209, 83, 231, 253, 238, 223,
       235, 55, 103, 61, 157, 151, 216, 175, 225, 140, 50, 255, 192, 140,
       164, 41, 85, 212, 195, 93, 237, 34, 10, 111, 57, 52, 38, 231, 228,
       215, 39, 136, 83, 118, 212, 108, 238, 104, 212, 237, 14, 228, 235,
       97, 132, 36, 178, 196, 33, 190, 118, 54, 190, 187, 243, 94, 232,
       191, 134, 253, 191, 110, 238, 47, 149, 255, 251, 239, 163, 110,
       103, 170, 255, 187, 214, 207, 155, 83, 127, 174, 87, 60, 103, 248,
       97, 181, 63, 86, 94, 119, 172, 188, 8, 31, 89, 83, 152, 153, 250,
       199, 58, 10, 242, 72, 154, 235, 221, 37, 53, 243, 255, 78, 3, 12,
       170, 156, 123, 188, 169, 82, 154, 70, 21, 108, 0, 183, 227, 194,
       64, 3, 42, 34, 28, 18, 56, 75, 49, 206, 223, 53, 105, 242, 203,
       200, 136, 112, 153, 31, 108, 40, 202, 86, 45, 133, 0, 170, 40,
       119, 247, 32, 83, 192, 246, 236, 98, 73, 43, 82, 61, 243, 225, 97,
       27, 112, 58, 228, 26, 33, 181, 185, 103, 248, 111, 71, 159, 114,
       234, 172, 8, 247, 119, 75, 48, 25, 222, 86, 40, 9, 50, 249, 63,
       239, 221, 37, 52, 216, 243, 198, 186, 13, 169, 213, 1, 220, 203,
