%YAML:1.0
---
descriptors: !!opencv-matrix
   rows: 355
   cols: 32
   dt: u
   data: [ 21, 199, 95, 247, 182, 142, 239, 244, 124, 128, 126, 198, 247,
       225, 185, 96, 55, 110, 46, 110, 225, 177, 47, 111, 248, 175, 103,
       0, 100, 250, 225, 169, 40, 182, 26, 254, 125, 173, 80, 119, 249,
       15, 125, 93, 175, 249, 0, 16, 137, 58, 196, 0, 58, 43, 82, 183,
       211, 223, 16, 123, 218, 200, 206, 139, 180, 52, 24, 120, 41, 255,
       82, 72, 187, 138, 165, 8, 222, 222, 37, 56, 216, 185, 204, 34, 45,
       39, 122, 30, 211, 215, 1, 59, 208, 97, 78, 130, 104, 27, 16, 252,
       253, 143, 68, 119, 215, 172, 184, 109, 162, 153, 5, 144, 200, 190,
       206, 0, 72, 42, 64, 156, 166, 217, 149, 59, 90, 8, 222, 27, 248,
       157, 22, 252, 157, 247, 86, 39, 149, 130, 166, 16, 123, 243, 32,
       211, 192, 246, 233, 98, 120, 175, 82, 191, 243, 243, 69, 91, 58,
       104, 252, 18, 254, 253, 238, 95, 201, 126, 119, 189, 51, 254, 255,
       191, 106, 253, 207, 255, 125, 254, 253, 242, 255, 247, 255, 171,
       123, 255, 213, 143, 227, 119, 252, 119, 4, 140, 157, 187, 140,
       235, 176, 143, 158, 179, 170, 25, 231, 235, 64, 11, 137, 83, 107,
       17, 50, 105, 75, 51, 141, 214, 95, 117, 208, 72, 133, 138, 60,
       123, 16, 236, 125, 133, 198, 250, 87, 12, 248, 111, 34, 217, 37,
       16, 216, 248, 198, 224, 74, 35, 74, 159, 50, 148, 129, 63, 89, 58,
       126, 146, 190, 253, 191, 214, 191, 254, 159, 254, 155, 239, 189,
       63, 110, 253, 95, 39, 191, 247, 245, 119, 188, 231, 187, 238, 251,
       95, 93, 247, 199, 127, 134, 87, 172, 34, 86, 103, 37, 11, 80, 8,
       97, 24, 243, 8, 75, 9, 29, 155, 152, 128, 101, 106, 72, 182, 201,
       128, 194, 217, 96, 21, 98, 171, 90, 2, 32, 223, 34, 222, 117, 209,
       167, 226, 214, 12, 120, 34, 160, 248, 165, 228, 217, 122, 130,
       195, 66, 186, 10, 255, 36, 22, 131, 43, 83, 27, 116, 175, 110,
       254, 237, 222, 253, 119, 223, 255, 27, 254, 221, 63, 120, 255,
       190, 117, 221, 223, 183, 167, 255, 95, 251, 255, 123, 127, 253,
       255, 159, 255, 246, 119, 160, 34, 128, 160, 109, 41, 64, 64, 11,
       177, 177, 89, 131, 8, 76, 159, 200, 128, 70, 0, 44, 118, 72, 144,
       148, 144, 209, 59, 81, 8, 82, 4, 66, 236, 183, 252, 184, 175, 124,
       167, 191, 179, 154, 153, 254, 254, 64, 251, 207, 255, 127, 145,
       59, 219, 211, 255, 189, 190, 95, 114, 128, 120, 161, 10, 52, 117,
       22, 167, 29, 79, 231, 232, 223, 172, 186, 78, 206, 232, 73, 132,
       184, 205, 238, 99, 73, 241, 89, 254, 181, 150, 3, 55, 73, 59, 77,
       18, 60, 163, 200, 35, 180, 139, 91, 216, 35, 5, 111, 141, 195,
       225, 90, 16, 24, 204, 69, 92, 26, 184, 201, 10, 234, 221, 37, 69,
       226, 131, 78, 194, 52, 103, 107, 239, 20, 75, 239, 248, 6, 228,
       251, 163, 83, 69, 185, 96, 122, 220, 15, 235, 72, 179, 109, 60,
       241, 197, 167, 148, 117, 187, 116, 224, 2, 205, 34, 157, 125, 213,
       174, 230, 159, 9, 88, 19, 168, 250, 54, 196, 201, 107, 179, 197,
       102, 184, 82, 255, 37, 22, 158, 11, 18, 28, 185, 142, 177, 239,
       75, 234, 244, 135, 239, 229, 16, 8, 248, 106, 51, 209, 176, 16,
       88, 234, 23, 251, 123, 187, 72, 127, 124, 12, 175, 232, 93, 138,
       242, 168, 126, 53, 169, 166, 155, 99, 82, 74, 3, 229, 137, 171,
       119, 127, 73, 146, 217, 215, 253, 179, 14, 67, 219, 186, 251, 199,
       141, 191, 161, 119, 22, 82, 158, 62, 191, 251, 173, 127, 253, 222,
       191, 255, 254, 55, 159, 191, 98, 107, 239, 255, 255, 151, 184,
       207, 251, 242, 255, 255, 255, 255, 183, 253, 245, 115, 68, 236,
       157, 191, 188, 111, 127, 186, 190, 191, 155, 17, 247, 127, 9, 75,
       211, 87, 127, 43, 58, 205, 219, 255, 237, 183, 127, 84, 144, 123,
       133, 34, 54, 213, 114, 230, 181, 71, 255, 224, 125, 46, 251, 11,
       94, 255, 63, 112, 251, 223, 127, 227, 200, 163, 121, 238, 249,
       222, 15, 142, 65, 115, 231, 131, 172, 100, 183, 87, 129, 123, 215,
       168, 125, 50, 111, 8, 222, 117, 9, 191, 153, 84, 104, 106, 97,
       228, 121, 40, 39, 219, 69, 23, 66, 121, 198, 38, 135, 254, 251,
       222, 252, 244, 191, 255, 155, 202, 125, 247, 124, 255, 254, 33,
       255, 251, 183, 135, 243, 107, 186, 255, 123, 31, 255, 170, 159,
       247, 163, 251, 222, 254, 238, 222, 221, 208, 255, 252, 247, 198,
       255, 167, 105, 238, 191, 228, 121, 238, 238, 198, 239, 119, 191,
       255, 126, 119, 167, 143, 247, 246, 108, 220, 130, 77, 26, 158, 93,
       149, 190, 230, 158, 5, 88, 3, 172, 238, 39, 192, 204, 123, 179,
       193, 102, 152, 18, 255, 53, 54, 158, 11, 16, 93, 61, 206, 21, 219,
       218, 239, 178, 10, 63, 189, 54, 161, 126, 162, 247, 225, 138, 96,
       54, 253, 38, 104, 215, 184, 45, 61, 238, 165, 37, 129, 237, 186,
       169, 153, 69, 125, 83, 71, 242, 218, 54, 176, 232, 200, 107, 96,
       255, 243, 137, 176, 50, 125, 68, 106, 65, 144, 184, 110, 165, 188,
       37, 2, 104, 179, 131, 177, 5, 113, 27, 71, 48, 91, 118, 184, 104,
       232, 127, 104, 214, 81, 141, 48, 144, 84, 68, 106, 65, 240, 57,
       44, 39, 157, 33, 54, 72, 59, 67, 161, 62, 109, 226, 174, 159, 115,
       222, 232, 61, 198, 253, 143, 79, 236, 63, 132, 255, 221, 255, 231,
       108, 35, 155, 254, 179, 223, 143, 31, 119, 127, 111, 214, 214, 85,
       26, 182, 219, 255, 62, 232, 159, 166, 155, 11, 110, 254, 111, 192,
       255, 253, 255, 227, 110, 35, 26, 255, 179, 149, 15, 63, 16, 123,
       173, 86, 118, 85, 90, 174, 250, 238, 118, 104, 191, 174, 233, 11,
       126, 223, 47, 80, 247, 255, 127, 99, 102, 67, 218, 255, 247, 183,
       15, 63, 16, 123, 175, 3, 38, 37, 252, 79, 254, 123, 215, 72, 89,
       230, 253, 171, 203, 124, 159, 48, 218, 205, 247, 99, 172, 178,
       237, 206, 116, 62, 131, 187, 229, 127, 86, 199, 134, 189, 254,
       254, 255, 223, 188, 239, 191, 191, 240, 51, 204, 254, 110, 59,
       191, 127, 255, 83, 118, 79, 155, 243, 191, 251, 95, 255, 133, 120,
       239, 135, 231, 109, 205, 159, 220, 10, 111, 200, 27, 178, 249,
       194, 209, 226, 157, 240, 121, 238, 54, 254, 104, 82, 207, 254, 60,
       46, 239, 172, 181, 251, 242, 164, 82, 191, 158, 184, 170, 184, 28,
       247, 179, 83, 168, 253, 175, 239, 130, 91, 167, 167, 205, 21, 191,
       75, 146, 49, 218, 243, 124, 219, 172, 192, 171, 91, 238, 189, 246,
       255, 235, 215, 254, 238, 191, 191, 244, 187, 108, 255, 118, 215,
       255, 255, 255, 193, 246, 75, 235, 251, 63, 126, 223, 187, 151,
       228, 175, 223, 21, 141, 26, 250, 220, 231, 78, 233, 86, 2, 201, 2,
       245, 243, 41, 96, 217, 249, 59, 218, 122, 18, 90, 191, 253, 207,
       175, 44, 16, 123, 161, 162, 198, 180, 157, 151, 140, 111, 165,
       143, 63, 255, 151, 62, 204, 119, 78, 207, 185, 71, 239, 145, 49,
       252, 251, 211, 141, 150, 95, 54, 136, 120, 159, 243, 240, 125, 93,
       108, 136, 74, 69, 183, 114, 178, 164, 24, 19, 55, 0, 51, 33, 150,
       108, 8, 121, 75, 177, 24, 251, 171, 117, 20, 96, 240, 198, 40, 94,
       60, 191, 254, 40, 237, 93, 19, 191, 155, 195, 25, 255, 255, 33,
       91, 231, 247, 125, 131, 58, 77, 251, 121, 211, 251, 255, 152, 144,
       97, 39, 115, 40, 49, 57, 77, 125, 91, 87, 120, 109, 104, 46, 8,
       222, 53, 4, 180, 152, 60, 198, 106, 65, 176, 121, 31, 103, 253,
       33, 51, 66, 42, 70, 171, 232, 180, 253, 81, 236, 205, 241, 123,
       191, 123, 182, 120, 190, 181, 196, 63, 237, 150, 127, 24, 179,
       111, 243, 211, 95, 186, 117, 246, 194, 200, 70, 187, 205, 66, 217,
       239, 96, 10, 111, 184, 105, 162, 99, 64, 215, 67, 137, 251, 82,
       196, 108, 106, 73, 212, 201, 72, 164, 251, 101, 4, 34, 179, 66,
       32, 90, 188, 230, 255, 191, 247, 188, 239, 159, 255, 218, 187,
       238, 255, 62, 207, 255, 255, 255, 133, 190, 75, 203, 255, 191,
       255, 223, 191, 151, 124, 253, 95, 157, 119, 84, 167, 52, 31, 127,
       188, 61, 168, 247, 101, 255, 75, 155, 213, 214, 233, 93, 111, 233,
       148, 73, 254, 230, 219, 175, 128, 110, 183, 11, 25, 182, 103, 6,
       182, 85, 199, 231, 232, 245, 156, 243, 23, 74, 200, 63, 143, 248,
