%YAML:1.0
---
descriptors: !!opencv-matrix
   rows: 133
   cols: 32
   dt: u
   data: [ 0, 170, 159, 185, 86, 163, 169, 111, 30, 129, 82, 214, 181,
       226, 32, 72, 123, 43, 34, 145, 50, 216, 67, 95, 76, 134, 191, 64,
       156, 72, 49, 136, 165, 68, 199, 71, 102, 27, 238, 232, 124, 162,
       115, 194, 211, 72, 157, 227, 122, 204, 102, 238, 205, 244, 237,
       106, 36, 42, 231, 4, 109, 251, 121, 132, 22, 185, 146, 170, 155,
       243, 178, 200, 239, 161, 169, 171, 76, 250, 108, 48, 250, 221,
       202, 243, 22, 3, 136, 244, 153, 20, 11, 127, 241, 39, 39, 134, 25,
       143, 66, 109, 52, 26, 110, 122, 117, 66, 222, 198, 123, 33, 176,
       228, 126, 238, 20, 238, 233, 184, 5, 175, 178, 239, 162, 128, 111,
       190, 120, 44, 92, 240, 158, 242, 235, 192, 19, 250, 163, 93, 165,
       57, 31, 215, 106, 82, 247, 211, 253, 144, 90, 71, 154, 37, 219,
       195, 127, 255, 162, 1, 175, 83, 239, 180, 229, 72, 109, 125, 192,
       152, 75, 255, 181, 124, 74, 124, 223, 191, 153, 208, 246, 62, 191,
       103, 255, 209, 15, 90, 65, 127, 219, 173, 94, 245, 255, 84, 244,
       230, 239, 62, 95, 152, 97, 254, 183, 110, 79, 123, 219, 191, 63,
       212, 253, 234, 189, 103, 249, 162, 254, 251, 69, 191, 239, 247,
       74, 87, 62, 22, 118, 101, 119, 126, 91, 120, 81, 236, 119, 230,
       75, 127, 191, 180, 126, 188, 149, 42, 169, 178, 49, 140, 219, 255,
       161, 135, 111, 174, 94, 245, 151, 103, 235, 198, 214, 2, 239, 248,
       119, 230, 219, 230, 81, 234, 255, 96, 127, 205, 55, 255, 236, 211,
       173, 238, 122, 46, 175, 196, 173, 243, 112, 196, 131, 164, 147,
       147, 195, 185, 184, 79, 63, 115, 115, 215, 140, 238, 108, 205,
       191, 11, 179, 149, 55, 220, 154, 211, 28, 82, 95, 230, 203, 68,
       171, 221, 161, 220, 119, 77, 116, 75, 231, 180, 125, 74, 118, 40,
       211, 21, 148, 53, 30, 156, 86, 106, 225, 180, 117, 95, 101, 186,
       96, 4, 103, 186, 70, 249, 37, 253, 121, 71, 240, 15, 111, 248,
       118, 232, 127, 108, 211, 115, 221, 48, 31, 204, 86, 110, 233, 176,
       121, 62, 110, 143, 37, 228, 105, 243, 66, 177, 198, 228, 7, 191,
       216, 131, 110, 236, 60, 162, 195, 211, 228, 227, 25, 65, 121, 239,
       123, 239, 96, 213, 203, 127, 188, 34, 207, 4, 4, 112, 177, 128,
       70, 233, 191, 198, 44, 140, 190, 144, 238, 152, 155, 96, 244, 223,
       221, 66, 198, 119, 127, 67, 193, 225, 202, 224, 157, 56, 111, 154,
       12, 51, 33, 43, 1, 61, 113, 101, 48, 143, 104, 23, 109, 169, 122,
       64, 187, 25, 84, 113, 134, 63, 95, 12, 209, 184, 209, 72, 199,
       252, 48, 144, 72, 192, 67, 137, 50, 97, 18, 204, 91, 209, 158,
       105, 151, 132, 233, 11, 104, 195, 33, 148, 248, 185, 203, 226, 72,
       39, 154, 223, 243, 164, 139, 59, 115, 42, 46, 138, 53, 71, 235,
       230, 214, 34, 239, 248, 84, 194, 251, 230, 83, 232, 191, 96, 124,
       236, 6, 254, 220, 179, 44, 14, 120, 175, 167, 132, 253, 251, 240,
       192, 37, 141, 183, 87, 85, 247, 195, 238, 247, 149, 238, 0, 114,
       241, 61, 52, 217, 122, 98, 216, 42, 250, 123, 63, 43, 158, 213,
       64, 195, 107, 100, 174, 117, 65, 22, 12, 77, 27, 134, 104, 237, 0,
       235, 10, 66, 232, 60, 247, 248, 196, 106, 99, 76, 35, 215, 205,
       49, 56, 67, 31, 81, 46, 120, 6, 37, 181, 235, 81, 244, 47, 237,
       95, 118, 233, 126, 246, 17, 165, 214, 56, 125, 142, 22, 28, 179,
       250, 229, 66, 126, 15, 53, 228, 205, 200, 242, 241, 1, 142, 9,
       173, 148, 163, 107, 55, 22, 163, 74, 214, 247, 35, 128, 96, 81,
       46, 6, 156, 57, 156, 69, 31, 236, 230, 190, 64, 184, 136, 177,
       168, 119, 251, 236, 67, 239, 95, 222, 216, 107, 252, 181, 172, 75,
       76, 223, 63, 62, 196, 245, 126, 204, 99, 237, 224, 58, 217, 101,
       183, 103, 183, 94, 85, 103, 96, 223, 90, 108, 173, 240, 192, 235,
       19, 49, 88, 148, 216, 125, 59, 139, 1, 122, 19, 7, 103, 154, 241,
       23, 24, 82, 106, 216, 9, 67, 132, 92, 184, 190, 250, 171, 96, 25,
       216, 163, 21, 133, 185, 95, 223, 106, 90, 247, 213, 253, 178, 30,
       71, 154, 129, 219, 227, 143, 127, 162, 163, 174, 83, 7, 164, 171,
       217, 212, 226, 169, 67, 126, 195, 95, 18, 208, 226, 188, 108, 123,
       47, 51, 157, 147, 156, 172, 194, 28, 62, 159, 196, 133, 64, 177,
       228, 128, 160, 139, 155, 100, 173, 168, 67, 30, 17, 81, 215, 181,
       136, 120, 9, 203, 43, 51, 149, 19, 252, 194, 81, 76, 0, 186, 224,
       157, 8, 145, 136, 127, 91, 254, 70, 239, 26, 94, 152, 97, 238,
       183, 238, 74, 111, 215, 255, 62, 196, 253, 238, 237, 99, 189, 232,
       178, 251, 197, 183, 239, 247, 126, 87, 216, 205, 210, 255, 215,
       10, 110, 239, 119, 163, 234, 18, 235, 233, 56, 212, 123, 238, 42,
       136, 120, 254, 207, 235, 190, 238, 215, 1, 231, 248, 232, 136,
       242, 221, 178, 254, 155, 196, 158, 231, 145, 14, 152, 59, 110,
       254, 37, 49, 253, 243, 149, 195, 104, 79, 10, 255, 187, 118, 205,
       187, 17, 124, 166, 95, 202, 156, 188, 217, 201, 244, 185, 147,
       190, 95, 70, 17, 188, 191, 38, 107, 197, 55, 187, 129, 50, 92,
       115, 247, 79, 115, 250, 195, 146, 68, 165, 251, 55, 16, 126, 103,
       118, 30, 122, 120, 65, 200, 127, 226, 75, 125, 189, 52, 126, 188,
       151, 238, 140, 176, 45, 140, 18, 251, 193, 134, 103, 175, 106,
       149, 244, 33, 2, 168, 93, 131, 194, 72, 245, 0, 224, 11, 2, 216,
       53, 208, 248, 168, 74, 225, 12, 163, 146, 220, 145, 48, 131, 59,
       81, 43, 122, 134, 118, 114, 113, 238, 62, 15, 90, 120, 95, 136,
       177, 107, 254, 222, 173, 96, 222, 241, 95, 99, 202, 39, 235, 223,
       241, 252, 43, 190, 52, 43, 3, 55, 34, 178, 186, 251, 246, 169,
       176, 199, 30, 37, 121, 179, 164, 190, 108, 64, 255, 27, 131, 17,
       22, 186, 11, 211, 157, 149, 26, 103, 148, 10, 165, 203, 25, 15,
       78, 141, 146, 178, 47, 99, 228, 4, 206, 162, 177, 163, 162, 196,
       114, 46, 170, 140, 20, 153, 165, 78, 126, 165, 174, 193, 39, 224,
       169, 232, 41, 142, 64, 103, 52, 186, 98, 55, 116, 161, 127, 212,
       243, 33, 144, 228, 26, 46, 36, 12, 185, 184, 101, 15, 140, 239,
       48, 0, 111, 136, 90, 168, 254, 217, 168, 172, 136, 69, 95, 216,
       130, 254, 148, 139, 87, 239, 115, 75, 205, 213, 253, 211, 108, 71,
       219, 176, 251, 195, 237, 189, 180, 249, 60, 82, 93, 91, 230, 103,
       35, 90, 95, 56, 37, 236, 223, 230, 107, 127, 147, 247, 54, 244,
       253, 234, 201, 209, 173, 232, 242, 235, 229, 129, 47, 183, 108,
       121, 50, 165, 186, 171, 244, 225, 177, 79, 30, 9, 249, 51, 180,
       159, 106, 64, 251, 27, 23, 145, 26, 186, 74, 211, 221, 133, 186,
       235, 149, 10, 245, 203, 156, 149, 206, 12, 155, 82, 23, 251, 118,
       230, 238, 165, 106, 244, 163, 215, 49, 196, 232, 32, 109, 195,
       191, 30, 250, 103, 101, 7, 227, 100, 44, 94, 69, 221, 249, 231,
       244, 78, 111, 188, 114, 234, 127, 108, 215, 119, 217, 112, 87,
       220, 124, 110, 249, 208, 249, 42, 239, 175, 101, 164, 40, 243,
       194, 113, 69, 164, 149, 81, 189, 253, 48, 143, 234, 187, 38, 88,
       158, 182, 204, 191, 129, 86, 104, 24, 51, 109, 251, 115, 15, 154,
       85, 126, 194, 72, 199, 38, 4, 168, 138, 25, 200, 201, 33, 227,
       164, 23, 194, 16, 160, 226, 106, 75, 105, 162, 106, 152, 51, 91,
       223, 81, 28, 38, 222, 73, 128, 40, 41, 128, 255, 95, 237, 63, 151,
       54, 86, 187, 81, 234, 210, 255, 115, 124, 28, 240, 124, 247, 253,
       229, 189, 246, 125, 175, 187, 111, 165, 210, 239, 189, 216, 87, 9,
       201, 83, 189, 52, 129, 111, 182, 86, 0, 88, 66, 181, 131, 177,
       192, 74, 106, 38, 204, 195, 184, 70, 189, 164, 190, 178, 8, 28,
       152, 32, 168, 22, 30, 150, 190, 95, 224, 162, 66, 142, 140, 217,
       71, 36, 218, 33, 64, 232, 235, 2, 147, 6, 171, 18, 235, 17, 36,
       138, 11, 153, 75, 41, 130, 41, 181, 187, 222, 221, 221, 196, 111,
       223, 75, 168, 8, 178, 248, 56, 164, 217, 58, 90, 9, 95, 43, 242,
       155, 185, 127, 150, 59, 80, 72, 250, 142, 105, 163, 196, 23, 85,
       154, 96, 39, 105, 165, 231, 8, 171, 32, 146, 150, 106, 166, 234,
       12, 28, 248, 229, 141, 134, 243, 16, 17, 98, 142, 79, 76, 210,
