%YAML:1.0
---
descriptors: !!opencv-matrix
   rows: 319
   cols: 32
   dt: u
   data: [ 216, 53, 223, 118, 170, 233, 21, 19, 178, 25, 171, 56, 63,
       183, 0, 123, 35, 182, 108, 16, 57, 75, 170, 0, 217, 139, 116, 89,
       224, 192, 135, 35, 0, 149, 63, 113, 176, 174, 113, 55, 124, 25,
       126, 80, 189, 51, 32, 121, 167, 58, 6, 24, 179, 184, 17, 103, 205,
       143, 114, 64, 216, 192, 225, 171, 52, 109, 24, 229, 211, 78, 87,
       224, 48, 132, 238, 8, 71, 115, 1, 80, 120, 220, 64, 226, 72, 179,
       217, 46, 241, 165, 5, 5, 97, 51, 102, 162, 124, 65, 120, 103, 116,
       75, 87, 168, 100, 166, 239, 8, 211, 65, 9, 80, 26, 220, 192, 106,
       72, 176, 73, 12, 231, 201, 37, 53, 114, 187, 78, 34, 172, 34, 112,
       105, 37, 11, 82, 8, 97, 8, 241, 8, 203, 9, 29, 146, 216, 128, 69,
       106, 8, 54, 201, 128, 198, 217, 32, 21, 99, 187, 90, 2, 248, 157,
       30, 252, 157, 231, 86, 55, 148, 138, 230, 16, 115, 243, 32, 209,
       216, 242, 205, 32, 120, 239, 80, 63, 251, 227, 5, 83, 58, 104,
       252, 26, 9, 215, 153, 249, 176, 175, 69, 159, 86, 57, 124, 80,
       247, 51, 136, 100, 21, 26, 12, 24, 179, 184, 105, 23, 237, 207,
       52, 116, 144, 200, 129, 41, 188, 190, 246, 114, 153, 249, 81, 219,
       243, 183, 164, 24, 107, 245, 72, 190, 25, 222, 236, 24, 58, 111,
       251, 51, 219, 223, 85, 127, 227, 232, 198, 98, 92, 178, 189, 250,
       168, 108, 85, 159, 178, 255, 167, 253, 255, 247, 201, 91, 5, 214,
       237, 18, 58, 67, 251, 49, 217, 227, 117, 252, 162, 240, 134, 115,
       104, 168, 183, 88, 75, 217, 49, 195, 255, 51, 230, 24, 254, 213,
       4, 181, 129, 54, 232, 0, 3, 111, 178, 17, 31, 251, 81, 123, 66, 8,
       199, 170, 208, 252, 190, 255, 188, 143, 95, 252, 191, 255, 247,
       19, 255, 255, 58, 106, 255, 247, 127, 135, 250, 239, 251, 255,
       251, 255, 255, 148, 148, 250, 165, 123, 32, 34, 41, 57, 124, 235,
       193, 79, 94, 205, 120, 57, 162, 157, 18, 0, 216, 42, 66, 1, 26,
       186, 67, 31, 69, 20, 48, 123, 80, 8, 214, 234, 135, 180, 190, 255,
       172, 143, 254, 237, 191, 251, 247, 27, 255, 254, 62, 107, 255,
       127, 127, 167, 252, 255, 251, 255, 255, 255, 255, 247, 212, 120,
       173, 211, 37, 21, 88, 77, 116, 63, 106, 24, 109, 232, 127, 204,
       219, 88, 151, 120, 22, 44, 94, 46, 149, 176, 117, 76, 6, 189, 33,
       128, 111, 235, 74, 149, 70, 172, 254, 223, 253, 251, 190, 234,
       191, 179, 248, 25, 236, 255, 125, 123, 255, 127, 255, 147, 54, 99,
       155, 251, 191, 127, 95, 63, 148, 121, 171, 134, 201, 122, 67, 233,
       36, 207, 107, 248, 37, 232, 210, 96, 191, 23, 145, 245, 54, 188,
       95, 238, 225, 148, 97, 221, 245, 217, 163, 128, 46, 144, 51, 41,
       101, 218, 223, 197, 52, 90, 99, 184, 113, 232, 254, 108, 211, 119,
       152, 246, 118, 244, 108, 106, 201, 244, 233, 108, 174, 255, 101,
       132, 46, 163, 64, 49, 68, 33, 139, 135, 207, 106, 167, 200, 112,
       162, 203, 2, 209, 112, 73, 42, 121, 222, 106, 250, 0, 209, 201, 0,
       253, 36, 231, 5, 161, 123, 245, 160, 70, 33, 193, 133, 214, 74,
       238, 136, 42, 160, 169, 10, 197, 98, 93, 18, 58, 205, 104, 251,
       65, 114, 157, 72, 188, 36, 143, 36, 229, 35, 83, 128, 165, 85, 17,
       71, 52, 95, 102, 184, 108, 232, 111, 104, 214, 81, 137, 48, 144,
       92, 68, 106, 65, 176, 121, 14, 37, 156, 33, 54, 72, 59, 67, 163,
       130, 159, 152, 223, 186, 169, 183, 222, 31, 15, 124, 247, 172,
       239, 166, 64, 255, 123, 135, 4, 50, 56, 74, 255, 102, 151, 50,
       171, 218, 93, 141, 155, 245, 207, 233, 253, 252, 38, 207, 255, 86,
       227, 248, 214, 243, 233, 189, 96, 89, 238, 62, 172, 251, 126, 239,
       63, 124, 175, 167, 220, 189, 248, 240, 184, 154, 183, 230, 255,
       239, 244, 184, 119, 191, 95, 214, 183, 173, 190, 150, 110, 239,
       19, 255, 133, 182, 205, 183, 215, 95, 127, 218, 211, 135, 196,
       255, 223, 92, 176, 154, 122, 168, 172, 89, 210, 186, 31, 181, 61,
       159, 199, 75, 91, 135, 153, 237, 28, 26, 71, 154, 49, 219, 251,
       112, 253, 218, 193, 43, 19, 78, 190, 182, 182, 175, 120, 188, 135,
       187, 255, 150, 185, 236, 254, 71, 91, 231, 119, 253, 17, 182, 77,
       203, 225, 158, 115, 95, 187, 142, 116, 143, 95, 120, 183, 26, 250,
       173, 141, 80, 119, 251, 31, 188, 29, 175, 249, 64, 16, 141, 178,
       236, 16, 122, 105, 210, 183, 219, 215, 20, 123, 202, 200, 206, 27,
       158, 181, 230, 159, 223, 219, 255, 248, 183, 254, 215, 183, 233,
       255, 155, 95, 121, 238, 255, 166, 252, 211, 255, 253, 255, 123,
       207, 183, 175, 255, 254, 215, 52, 127, 10, 232, 253, 199, 198,
       250, 87, 140, 248, 110, 2, 153, 37, 16, 216, 232, 134, 194, 74,
       43, 74, 191, 127, 220, 133, 123, 91, 57, 126, 131, 52, 223, 18,
       206, 85, 199, 230, 248, 87, 12, 249, 98, 98, 217, 180, 0, 248,
       184, 6, 226, 72, 179, 8, 191, 115, 156, 163, 107, 89, 59, 252,
       163, 125, 69, 24, 175, 221, 22, 86, 248, 103, 160, 255, 78, 79,
       250, 171, 240, 248, 204, 238, 226, 205, 131, 221, 254, 182, 247,
       143, 29, 59, 127, 250, 4, 4, 199, 126, 221, 250, 135, 191, 237,
       188, 12, 127, 166, 108, 247, 172, 68, 254, 59, 130, 234, 98, 179,
       42, 223, 125, 175, 39, 194, 81, 114, 165, 225, 62, 71, 114, 174,
       253, 19, 254, 232, 61, 142, 249, 171, 75, 254, 63, 212, 254, 221,
       223, 231, 108, 163, 73, 254, 179, 255, 143, 143, 119, 119, 239,
       199, 11, 77, 194, 189, 87, 210, 190, 102, 189, 192, 90, 67, 44,
       250, 55, 228, 234, 107, 179, 197, 100, 155, 22, 238, 54, 119, 158,
       131, 63, 93, 57, 142, 118, 117, 90, 190, 221, 207, 86, 104, 159,
       174, 249, 11, 118, 254, 47, 80, 250, 253, 111, 227, 108, 3, 218,
       254, 179, 183, 15, 59, 16, 123, 174, 18, 39, 103, 96, 71, 252, 59,
       239, 72, 93, 230, 255, 254, 203, 104, 158, 52, 218, 204, 102, 190,
       157, 178, 237, 206, 52, 62, 130, 184, 205, 255, 242, 197, 189,
       172, 196, 95, 207, 115, 70, 251, 87, 230, 236, 159, 99, 224, 31,
       166, 121, 238, 234, 174, 124, 246, 255, 191, 63, 206, 197, 45,
       243, 254, 220, 198, 60, 225, 107, 99, 84, 203, 103, 253, 53, 4,
       109, 136, 19, 69, 8, 20, 120, 152, 67, 122, 74, 178, 121, 47, 111,
       141, 5, 81, 99, 155, 214, 242, 118, 177, 152, 230, 56, 103, 87,
       156, 3, 169, 141, 45, 119, 247, 72, 18, 149, 223, 253, 16, 26, 67,
       219, 34, 251, 213, 173, 190, 168, 115, 138, 19, 60, 65, 120, 103,
       21, 75, 103, 168, 100, 164, 239, 8, 195, 65, 11, 16, 56, 220, 192,
       106, 72, 176, 73, 46, 231, 133, 1, 21, 99, 187, 78, 34, 9, 229,
       81, 187, 220, 73, 103, 172, 86, 113, 105, 24, 247, 113, 200, 228,
       19, 74, 34, 90, 83, 56, 111, 55, 173, 134, 21, 108, 144, 155, 193,
       168, 124, 97, 80, 103, 13, 11, 86, 40, 97, 36, 237, 9, 203, 73, 9,
       144, 88, 212, 192, 98, 72, 178, 201, 140, 230, 241, 1, 53, 119,
       191, 94, 2, 52, 97, 56, 78, 29, 89, 86, 232, 67, 180, 173, 10, 66,
       217, 111, 20, 152, 216, 192, 98, 74, 99, 90, 157, 123, 209, 5, 63,
       83, 59, 78, 6, 248, 156, 23, 252, 137, 102, 84, 231, 177, 26, 170,
       24, 98, 183, 32, 219, 193, 246, 236, 32, 109, 207, 147, 143, 179,
       242, 212, 27, 35, 120, 244, 10, 120, 157, 30, 110, 185, 239, 86,
       183, 133, 0, 170, 104, 247, 243, 32, 208, 192, 242, 236, 98, 89,
       43, 90, 61, 251, 247, 5, 91, 122, 42, 136, 26, 188, 207, 56, 110,
       188, 135, 86, 188, 214, 14, 239, 64, 115, 81, 43, 80, 213, 250,
       12, 122, 234, 167, 73, 63, 235, 239, 37, 89, 178, 219, 232, 3,
       248, 184, 245, 124, 169, 125, 81, 219, 243, 189, 180, 60, 123,
       247, 204, 63, 141, 214, 236, 16, 187, 111, 250, 49, 219, 251, 117,
       255, 227, 224, 198, 123, 198, 172, 158, 254, 236, 171, 188, 238,
       190, 178, 242, 25, 252, 250, 109, 91, 251, 127, 127, 145, 54, 239,
       219, 251, 255, 183, 95, 61, 132, 121, 171, 138, 226, 172, 254,
       222, 233, 241, 188, 207, 191, 179, 240, 25, 236, 255, 109, 218,
       255, 255, 255, 129, 38, 79, 203, 251, 191, 254, 223, 187, 148,
