%YAML:1.0
---
descriptors: !!opencv-matrix
   rows: 376
   cols: 32
   dt: u
   data: [ 89, 169, 188, 182, 169, 172, 93, 159, 179, 243, 164, 25, 191,
       247, 74, 27, 133, 247, 253, 28, 30, 75, 218, 49, 219, 251, 85,
       121, 162, 212, 138, 90, 88, 232, 255, 84, 43, 217, 17, 230, 171,
       53, 164, 40, 47, 183, 196, 183, 35, 118, 236, 0, 66, 111, 162, 53,
       91, 227, 117, 123, 99, 128, 7, 107, 60, 249, 65, 34, 49, 203, 66,
       204, 39, 160, 168, 201, 143, 79, 73, 144, 152, 217, 205, 112, 79,
       2, 217, 190, 187, 213, 5, 119, 106, 158, 206, 26, 94, 191, 214,
       178, 187, 185, 22, 207, 187, 191, 186, 253, 79, 235, 74, 155, 167,
       247, 237, 16, 54, 73, 139, 96, 186, 195, 117, 255, 234, 85, 143,
       19, 97, 249, 186, 125, 17, 221, 117, 39, 250, 97, 102, 24, 182,
       184, 6, 48, 129, 62, 104, 0, 101, 248, 240, 31, 239, 255, 20, 19,
       72, 0, 199, 202, 188, 165, 58, 126, 221, 251, 87, 235, 83, 134,
       109, 24, 98, 241, 43, 53, 217, 250, 130, 106, 122, 246, 122, 63,
       123, 207, 5, 63, 83, 121, 246, 162, 13, 239, 152, 65, 180, 47,
       103, 158, 86, 241, 110, 84, 211, 97, 217, 236, 17, 78, 2, 124,
       179, 240, 93, 55, 172, 143, 53, 100, 154, 219, 216, 128, 109, 113,
       16, 69, 117, 31, 102, 184, 105, 232, 126, 76, 222, 80, 159, 180,
       148, 76, 68, 110, 197, 176, 249, 12, 102, 253, 37, 52, 74, 183,
       74, 133, 201, 158, 150, 251, 172, 189, 120, 159, 255, 123, 86,
       244, 255, 243, 208, 239, 39, 119, 254, 28, 179, 124, 251, 243,
       206, 251, 127, 200, 142, 204, 137, 41, 203, 190, 158, 211, 168,
       189, 120, 159, 255, 59, 246, 116, 174, 243, 194, 255, 135, 238,
       254, 156, 191, 93, 235, 243, 142, 251, 119, 234, 138, 196, 235,
       141, 233, 156, 223, 253, 238, 236, 109, 223, 254, 127, 118, 114,
       189, 183, 240, 251, 103, 255, 126, 152, 179, 254, 227, 243, 92,
       171, 255, 224, 180, 216, 229, 249, 136, 190, 254, 253, 232, 167,
       253, 215, 190, 31, 246, 246, 189, 183, 194, 107, 111, 191, 127,
       152, 178, 222, 99, 83, 220, 171, 254, 128, 133, 192, 231, 249,
       139, 156, 222, 189, 230, 187, 188, 119, 62, 115, 94, 247, 189,
       174, 178, 233, 103, 63, 191, 5, 183, 220, 215, 211, 206, 251, 254,
       192, 158, 204, 153, 217, 34, 191, 237, 191, 172, 235, 157, 239,
       159, 255, 220, 187, 231, 237, 210, 11, 79, 247, 255, 5, 187, 234,
       239, 243, 253, 119, 255, 253, 212, 252, 151, 251, 237, 32, 239,
       219, 108, 173, 233, 216, 255, 55, 215, 30, 217, 203, 127, 127,
       121, 204, 127, 158, 178, 118, 255, 210, 95, 190, 219, 108, 150,
       137, 80, 224, 124, 255, 87, 230, 223, 75, 118, 237, 175, 164, 187,
       171, 111, 215, 105, 211, 254, 247, 239, 98, 72, 51, 201, 253, 253,
       193, 143, 55, 51, 63, 133, 43, 119, 92, 150, 140, 253, 127, 86,
       202, 223, 250, 250, 10, 78, 248, 55, 252, 249, 205, 254, 115, 45,
       103, 219, 254, 191, 126, 207, 63, 154, 125, 120, 7, 45, 237, 33,
       218, 93, 199, 198, 248, 87, 178, 249, 74, 243, 249, 125, 164, 217,
       200, 18, 122, 235, 114, 123, 191, 61, 158, 133, 60, 91, 123, 80,
       160, 61, 239, 123, 239, 180, 143, 111, 248, 84, 232, 255, 70, 119,
       65, 185, 112, 124, 232, 31, 110, 201, 177, 41, 63, 254, 205, 37,
       196, 120, 187, 208, 177, 233, 109, 83, 205, 93, 207, 103, 242,
       255, 160, 250, 74, 158, 179, 145, 228, 106, 236, 126, 106, 33,
       185, 240, 254, 189, 190, 135, 36, 18, 253, 66, 164, 190, 76, 183,
       196, 157, 255, 246, 238, 223, 186, 186, 10, 206, 188, 101, 236,
       249, 245, 238, 99, 101, 229, 59, 254, 187, 86, 71, 55, 210, 125,
       5, 46, 45, 108, 97, 239, 93, 95, 199, 120, 87, 224, 249, 10, 115,
       121, 85, 36, 216, 236, 83, 111, 233, 114, 251, 190, 119, 94, 129,
       60, 87, 187, 82, 228, 246, 124, 176, 238, 173, 103, 94, 232, 31,
       178, 216, 11, 238, 254, 109, 208, 217, 221, 255, 227, 104, 71,
       219, 250, 189, 214, 207, 31, 48, 127, 52, 26, 211, 168, 238, 180,
       11, 248, 104, 198, 187, 209, 134, 154, 175, 182, 86, 251, 35, 215,
       249, 149, 46, 79, 182, 97, 155, 97, 219, 57, 164, 68, 47, 108,
       158, 253, 54, 191, 219, 223, 190, 225, 191, 196, 255, 147, 236,
       255, 38, 128, 239, 253, 255, 227, 108, 163, 27, 255, 191, 247,
       143, 139, 71, 118, 175, 211, 182, 245, 183, 167, 189, 75, 182,
       237, 31, 230, 185, 43, 206, 252, 76, 131, 251, 213, 255, 99, 104,
       99, 201, 222, 187, 214, 79, 63, 117, 126, 215, 214, 159, 253, 22,
       191, 189, 159, 254, 236, 191, 152, 246, 2, 239, 218, 78, 229, 251,
       255, 254, 195, 110, 105, 91, 255, 187, 211, 143, 91, 107, 55, 169,
       142, 6, 175, 198, 191, 236, 161, 238, 255, 191, 159, 250, 231,
       237, 238, 86, 2, 239, 207, 127, 149, 214, 251, 79, 227, 188, 62,
       255, 197, 197, 92, 247, 217, 39, 190, 236, 159, 238, 47, 236, 255,
       127, 255, 250, 215, 204, 234, 158, 75, 255, 206, 123, 13, 245,
       250, 223, 243, 60, 54, 255, 198, 157, 124, 219, 220, 182, 252,
       254, 255, 189, 103, 222, 234, 61, 254, 246, 27, 219, 126, 23, 25,
       251, 247, 127, 163, 108, 231, 121, 238, 247, 251, 223, 159, 209,
       121, 239, 195, 126, 115, 105, 2, 201, 85, 223, 200, 3, 244, 189,
       143, 74, 204, 95, 26, 220, 217, 255, 247, 206, 35, 255, 208, 123,
       89, 141, 191, 87, 255, 86, 118, 252, 122, 184, 116, 169, 44, 85,
       152, 171, 158, 180, 29, 159, 251, 67, 27, 133, 213, 237, 70, 216,
       103, 250, 32, 219, 249, 117, 126, 194, 113, 71, 115, 174, 227, 96,
       58, 95, 153, 151, 204, 86, 124, 85, 143, 96, 200, 127, 128, 221,
       202, 131, 103, 198, 118, 110, 187, 126, 77, 45, 189, 119, 31, 86,
       207, 125, 119, 104, 6, 125, 91, 95, 248, 65, 230, 189, 175, 67,
       108, 223, 182, 92, 196, 197, 110, 204, 35, 237, 174, 250, 93, 133,
       189, 103, 255, 94, 84, 124, 32, 218, 118, 44, 233, 83, 16, 163,
       185, 189, 41, 119, 209, 74, 26, 144, 230, 108, 90, 8, 99, 202, 32,
       219, 233, 101, 57, 224, 195, 78, 2, 172, 189, 184, 122, 249, 253,
       87, 190, 91, 61, 45, 28, 190, 245, 74, 20, 157, 122, 128, 82, 114,
       122, 250, 55, 111, 223, 21, 123, 210, 91, 198, 251, 93, 253, 254,
       247, 254, 126, 255, 222, 119, 255, 254, 183, 121, 253, 158, 122,
       127, 255, 255, 223, 165, 250, 255, 239, 127, 239, 247, 129, 237,
       241, 255, 217, 252, 108, 154, 190, 169, 171, 86, 239, 182, 166,
       172, 185, 102, 227, 43, 153, 217, 246, 237, 34, 124, 103, 138, 62,
       250, 199, 85, 59, 240, 120, 174, 10, 92, 167, 202, 167, 176, 42,
       126, 158, 39, 37, 207, 161, 207, 71, 74, 80, 118, 223, 237, 240,
       26, 144, 201, 178, 254, 245, 175, 149, 166, 211, 174, 67, 208,
       153, 62, 244, 50, 206, 53, 54, 236, 136, 166, 32, 183, 183, 33,
       99, 166, 55, 108, 64, 96, 173, 50, 45, 241, 227, 114, 19, 32, 56,
       37, 43, 107, 175, 254, 185, 188, 157, 253, 183, 255, 127, 254,
       189, 175, 232, 246, 80, 207, 175, 239, 21, 254, 107, 231, 247,
       238, 255, 118, 251, 212, 204, 223, 223, 98, 239, 235, 190, 252,
       201, 255, 230, 175, 78, 222, 171, 43, 237, 150, 80, 239, 251, 255,
       197, 74, 59, 239, 255, 255, 215, 190, 169, 71, 222, 246, 250, 139,
       166, 229, 219, 124, 189, 233, 91, 255, 119, 247, 212, 221, 238,
       220, 111, 111, 11, 127, 157, 179, 220, 239, 211, 14, 126, 250,
       196, 150, 197, 227, 228, 125, 221, 237, 70, 140, 118, 223, 188,
       82, 234, 158, 10, 211, 125, 95, 35, 93, 214, 53, 234, 233, 98,
       249, 174, 107, 239, 229, 61, 199, 251, 212, 122, 14, 141, 98, 158,
       215, 218, 190, 225, 189, 196, 95, 163, 236, 238, 190, 196, 115,
       123, 187, 199, 118, 241, 142, 239, 62, 38, 143, 131, 55, 127, 189,
       199, 236, 36, 157, 122, 201, 108, 81, 138, 50, 55, 173, 24, 215,
       115, 73, 58, 145, 214, 121, 24, 58, 70, 251, 18, 207, 255, 85,
       125, 192, 113, 198, 34, 181, 207, 107, 239, 116, 3, 111, 248, 85,
       200, 255, 230, 115, 67, 185, 117, 126, 236, 22, 238, 233, 178,
       109, 189, 246, 169, 167, 128, 127, 187, 240, 177, 194, 60, 150,
