%YAML:1.0
---
descriptors: !!opencv-matrix
   rows: 114
   cols: 32
   dt: u
   data: [ 44, 239, 194, 222, 222, 43, 166, 252, 146, 166, 253, 170, 225,
       225, 232, 133, 121, 226, 206, 226, 48, 111, 204, 255, 62, 199,
       231, 61, 183, 255, 244, 128, 213, 91, 102, 166, 6, 6, 79, 188,
       113, 230, 214, 199, 113, 99, 155, 87, 126, 196, 61, 239, 233, 215,
       157, 238, 240, 170, 239, 132, 45, 179, 112, 120, 111, 107, 225,
       68, 172, 20, 79, 188, 107, 234, 190, 108, 251, 124, 215, 190, 150,
       68, 124, 110, 205, 98, 239, 200, 34, 127, 229, 188, 206, 246, 210,
       125, 115, 125, 103, 76, 56, 222, 222, 116, 233, 200, 248, 205,
       106, 109, 149, 147, 174, 229, 93, 239, 237, 227, 144, 237, 50,
       248, 0, 154, 111, 182, 106, 94, 186, 175, 254, 190, 202, 224, 93,
       207, 163, 148, 236, 145, 45, 239, 99, 91, 230, 251, 229, 208, 122,
       75, 138, 33, 219, 225, 238, 171, 48, 192, 166, 203, 245, 109, 229,
       102, 140, 71, 79, 248, 209, 226, 168, 10, 83, 121, 85, 51, 89,
       196, 88, 110, 233, 99, 253, 42, 187, 138, 197, 60, 109, 251, 210,
       96, 217, 207, 71, 231, 178, 6, 111, 181, 37, 176, 154, 198, 221,
       39, 152, 199, 102, 214, 63, 254, 249, 153, 61, 236, 236, 232, 238,
       196, 38, 150, 161, 121, 223, 223, 103, 175, 150, 6, 111, 252, 37,
       164, 218, 231, 121, 99, 185, 65, 118, 229, 61, 238, 232, 145, 61,
       237, 240, 170, 175, 128, 47, 179, 176, 120, 1, 136, 189, 217, 44,
       169, 105, 159, 94, 91, 80, 80, 182, 131, 240, 105, 195, 10, 38,
       28, 147, 124, 67, 49, 204, 154, 114, 104, 144, 136, 193, 169, 2,
       162, 208, 155, 250, 169, 168, 143, 30, 49, 81, 253, 140, 198, 200,
       136, 207, 27, 107, 21, 18, 88, 207, 209, 12, 18, 254, 252, 156,
       136, 129, 152, 76, 48, 153, 101, 32, 110, 115, 24, 44, 168, 111,
       72, 215, 55, 9, 122, 22, 84, 108, 106, 1, 208, 185, 8, 197, 253,
       33, 4, 128, 243, 7, 35, 233, 169, 225, 69, 52, 26, 79, 59, 97,
       224, 62, 236, 155, 40, 214, 182, 22, 196, 124, 237, 205, 120, 229,
       136, 238, 249, 229, 180, 111, 164, 90, 108, 121, 17, 225, 77, 61,
       86, 75, 57, 97, 232, 190, 205, 219, 44, 151, 246, 80, 196, 252,
       237, 205, 42, 245, 137, 111, 125, 165, 156, 79, 166, 94, 124, 1,
       160, 157, 217, 108, 173, 185, 27, 94, 57, 112, 112, 180, 131, 200,
       104, 135, 11, 46, 28, 147, 56, 67, 81, 204, 158, 50, 108, 152,
       136, 1, 169, 34, 185, 18, 152, 121, 201, 176, 196, 143, 25, 112,
       40, 174, 210, 100, 28, 202, 187, 130, 80, 22, 42, 66, 241, 29, 20,
       26, 107, 208, 8, 7, 143, 2, 189, 191, 188, 251, 196, 52, 231, 190,
       219, 72, 49, 188, 254, 66, 34, 167, 123, 251, 145, 119, 73, 178,
       119, 253, 183, 95, 75, 128, 64, 167, 219, 12, 204, 253, 113, 52,
       227, 99, 152, 246, 240, 159, 2, 211, 119, 241, 121, 115, 220, 127,
       250, 9, 129, 105, 60, 207, 143, 163, 213, 180, 243, 116, 99, 104,
       135, 110, 174, 232, 129, 127, 253, 164, 28, 253, 173, 97, 239,
       106, 19, 204, 227, 239, 230, 92, 75, 202, 181, 122, 211, 229, 249,
       105, 174, 238, 218, 101, 236, 192, 69, 220, 42, 78, 175, 115, 179,
       168, 8, 195, 34, 81, 58, 89, 206, 120, 170, 124, 92, 221, 42, 175,
       238, 213, 117, 161, 243, 218, 4, 37, 239, 153, 79, 248, 143, 78,
       158, 46, 169, 124, 68, 243, 231, 200, 180, 93, 126, 102, 92, 211,
       56, 235, 51, 44, 191, 53, 244, 216, 242, 202, 185, 241, 66, 70,
       197, 14, 26, 228, 32, 237, 166, 178, 66, 67, 8, 149, 127, 104,
       196, 110, 235, 108, 231, 197, 200, 180, 42, 194, 16, 101, 59, 112,
       4, 99, 114, 209, 184, 104, 109, 89, 26, 43, 119, 244, 237, 190,
       22, 194, 127, 207, 153, 126, 5, 143, 98, 251, 209, 212, 18, 89,
       186, 94, 132, 2, 125, 52, 205, 115, 207, 246, 3, 239, 248, 84,
       164, 255, 70, 115, 97, 188, 228, 122, 206, 23, 234, 201, 178, 125,
       189, 63, 236, 167, 196, 117, 187, 244, 224, 236, 120, 189, 118,
       105, 124, 83, 208, 243, 254, 37, 76, 91, 215, 73, 63, 133, 124,
       228, 90, 233, 102, 250, 32, 199, 251, 101, 62, 194, 243, 70, 243,
       131, 144, 140, 187, 45, 249, 176, 142, 30, 83, 64, 19, 172, 184,
       110, 203, 193, 11, 187, 17, 39, 92, 83, 145, 132, 115, 218, 35,
       156, 92, 153, 142, 155, 186, 255, 123, 43, 253, 121, 214, 255,
       127, 214, 245, 254, 253, 214, 47, 167, 63, 253, 5, 175, 253, 167,
       243, 203, 123, 116, 195, 239, 196, 119, 255, 130, 173, 54, 156,
       237, 240, 188, 230, 143, 158, 92, 1, 172, 174, 103, 67, 199, 123,
       179, 129, 38, 24, 146, 243, 175, 80, 222, 171, 22, 124, 45, 223,
       168, 180, 253, 103, 116, 111, 103, 54, 117, 174, 126, 24, 243, 53,
       144, 49, 91, 254, 102, 40, 57, 252, 113, 14, 111, 239, 113, 0, 99,
       232, 70, 232, 120, 15, 69, 101, 116, 42, 68, 51, 101, 162, 254,
       232, 211, 33, 149, 179, 74, 164, 108, 44, 249, 186, 69, 12, 46,
       239, 100, 16, 111, 232, 82, 8, 63, 195, 123, 75, 54, 82, 95, 120,
       101, 72, 251, 227, 91, 94, 188, 112, 126, 145, 31, 230, 205, 131,
       45, 221, 242, 237, 161, 212, 55, 162, 100, 101, 108, 9, 127, 97,
       126, 235, 99, 152, 230, 240, 127, 34, 81, 117, 177, 120, 115, 244,
       123, 250, 1, 48, 105, 28, 95, 235, 225, 197, 183, 163, 84, 163,
       160, 165, 120, 72, 244, 205, 211, 207, 90, 45, 116, 26, 18, 153,
       110, 17, 217, 154, 7, 88, 114, 63, 96, 23, 127, 137, 32, 125, 81,
       136, 222, 139, 8, 189, 179, 189, 251, 193, 55, 231, 174, 193, 74,
       33, 188, 247, 96, 96, 167, 123, 187, 145, 83, 152, 178, 255, 237,
       247, 62, 75, 0, 2, 165, 251, 100, 173, 192, 101, 213, 46, 70, 167,
       114, 163, 234, 8, 195, 32, 85, 18, 89, 238, 96, 152, 28, 152, 221,
       42, 109, 238, 149, 85, 161, 114, 210, 10, 1, 237, 152, 69, 240,
       141, 110, 183, 46, 161, 110, 0, 179, 227, 212, 48, 21, 110, 42,
       28, 211, 152, 217, 123, 108, 188, 21, 112, 216, 210, 203, 136, 76,
       180, 185, 97, 249, 237, 49, 155, 106, 249, 61, 60, 158, 181, 72,
       48, 151, 31, 228, 16, 19, 120, 251, 18, 205, 133, 53, 118, 200,
       72, 135, 179, 246, 34, 237, 227, 142, 107, 85, 73, 3, 182, 157,
       155, 67, 101, 91, 31, 25, 196, 109, 62, 24, 86, 235, 0, 223, 195,
       229, 245, 165, 235, 214, 226, 71, 183, 215, 193, 178, 138, 174,
       183, 172, 241, 26, 228, 220, 54, 204, 230, 39, 87, 92, 184, 211,
       201, 181, 70, 172, 54, 47, 198, 140, 194, 129, 53, 241, 76, 238,
       127, 6, 10, 103, 180, 113, 134, 230, 18, 115, 99, 131, 91, 113,
       228, 108, 238, 108, 244, 229, 42, 246, 235, 228, 0, 97, 241, 100,
       74, 254, 124, 167, 246, 47, 66, 23, 204, 131, 182, 132, 171, 87,
       253, 97, 11, 155, 212, 249, 98, 104, 71, 154, 170, 241, 194, 205,
       63, 38, 251, 22, 114, 48, 175, 94, 169, 178, 179, 83, 239, 52, 37,
       238, 162, 103, 99, 162, 64, 122, 190, 142, 240, 62, 187, 37, 61,
       250, 229, 166, 81, 181, 202, 172, 136, 10, 251, 26, 251, 218, 133,
       187, 222, 158, 5, 92, 135, 189, 199, 106, 0, 126, 59, 131, 209, 2,
       26, 26, 241, 253, 197, 174, 233, 180, 138, 165, 187, 10, 233, 138,
       187, 197, 213, 186, 205, 158, 121, 89, 135, 172, 206, 122, 128,
       253, 43, 147, 213, 22, 58, 154, 241, 79, 85, 159, 239, 221, 14,
       187, 218, 202, 88, 158, 190, 43, 100, 121, 150, 171, 31, 6, 49,
       188, 183, 67, 91, 231, 117, 125, 130, 0, 69, 147, 224, 215, 243,
       250, 139, 130, 113, 37, 75, 51, 94, 103, 174, 118, 146, 174, 118,
       204, 68, 120, 231, 105, 76, 182, 192, 110, 169, 151, 231, 197,
       187, 4, 253, 52, 111, 170, 130, 125, 142, 123, 221, 27, 139, 114,
       89, 19, 155, 120, 103, 127, 5, 126, 183, 40, 10, 166, 212, 38,
       171, 143, 132, 150, 153, 37, 223, 54, 125, 18, 195, 55, 132, 137,
       79, 136, 249, 26, 250, 223, 133, 187, 245, 150, 29, 84, 18, 189,
       199, 96, 0, 124, 59, 19, 218, 114, 27, 58, 247, 253, 197, 175,
       233, 48, 10, 165, 186, 197, 106, 223, 215, 100, 40, 233, 82, 248,
       150, 115, 214, 221, 226, 241, 75, 103, 108, 42, 142, 133, 245,
