%YAML:1.0
---
descriptors: !!opencv-matrix
   rows: 269
   cols: 32
   dt: u
   data: [ 189, 106, 121, 96, 52, 13, 90, 80, 97, 168, 180, 72, 31, 153,
       209, 50, 142, 232, 85, 122, 203, 39, 192, 136, 211, 217, 33, 184,
       111, 185, 66, 169, 170, 164, 161, 250, 153, 213, 156, 111, 159,
       31, 129, 29, 168, 239, 126, 193, 205, 27, 251, 133, 126, 11, 251,
       211, 239, 215, 222, 123, 18, 76, 180, 222, 2, 235, 6, 159, 27,
       128, 60, 199, 190, 21, 78, 133, 172, 198, 34, 64, 228, 43, 163,
       133, 70, 152, 2, 247, 100, 54, 154, 139, 20, 20, 173, 218, 255,
       245, 233, 98, 189, 127, 214, 175, 83, 250, 188, 27, 90, 125, 95,
       55, 217, 194, 85, 111, 253, 39, 249, 186, 251, 223, 197, 63, 255,
       126, 214, 126, 44, 117, 57, 103, 52, 79, 119, 184, 61, 232, 127,
       9, 215, 127, 9, 48, 144, 92, 85, 106, 73, 240, 89, 14, 231, 223,
       37, 20, 72, 187, 70, 178, 248, 73, 126, 108, 29, 215, 83, 112,
       197, 12, 230, 10, 123, 223, 35, 115, 72, 244, 237, 106, 72, 35,
       114, 189, 243, 233, 96, 25, 115, 171, 108, 106, 174, 104, 243, 84,
       77, 93, 210, 64, 211, 166, 245, 10, 106, 221, 117, 191, 88, 252,
       211, 122, 72, 119, 250, 200, 83, 88, 65, 59, 67, 191, 126, 166,
       212, 112, 156, 250, 138, 101, 81, 200, 182, 183, 165, 25, 214,
       211, 75, 90, 227, 213, 104, 114, 10, 71, 219, 50, 219, 131, 87,
       127, 241, 49, 103, 2, 77, 84, 189, 231, 32, 46, 127, 152, 120,
       138, 118, 100, 247, 115, 137, 123, 22, 196, 125, 106, 169, 212,
       169, 8, 198, 251, 99, 132, 168, 243, 65, 41, 212, 133, 156, 191,
       170, 96, 16, 43, 254, 19, 161, 49, 215, 122, 8, 91, 147, 151, 108,
       1, 62, 71, 203, 19, 200, 163, 114, 93, 144, 64, 167, 3, 164, 188,
       61, 121, 201, 109, 21, 158, 27, 119, 36, 24, 150, 117, 72, 57,
       129, 26, 233, 48, 51, 108, 251, 19, 79, 219, 69, 126, 82, 121,
       199, 243, 108, 241, 29, 167, 40, 79, 71, 184, 34, 248, 161, 8,
       215, 119, 73, 50, 145, 212, 124, 106, 73, 66, 217, 29, 237, 211,
       101, 60, 0, 51, 6, 34, 120, 168, 216, 120, 138, 137, 80, 207, 130,
       53, 172, 25, 7, 131, 66, 16, 131, 155, 229, 16, 26, 107, 194, 49,
       219, 193, 53, 125, 240, 8, 142, 10, 47, 187, 225, 227, 252, 141,
       251, 221, 15, 233, 184, 238, 153, 205, 213, 160, 222, 139, 23,
       221, 147, 58, 250, 240, 127, 92, 175, 252, 223, 142, 210, 209, 60,
       113, 240, 224, 45, 221, 80, 72, 203, 177, 181, 8, 30, 159, 109,
       58, 136, 153, 221, 80, 11, 35, 242, 192, 219, 217, 1, 59, 203, 27,
       70, 50, 181, 203, 98, 218, 246, 129, 235, 253, 87, 21, 213, 226,
       57, 202, 188, 97, 126, 155, 23, 221, 218, 59, 46, 245, 126, 200,
       170, 236, 53, 138, 241, 161, 60, 67, 80, 101, 103, 26, 238, 48, 5,
       160, 123, 199, 75, 9, 29, 192, 126, 205, 134, 238, 204, 176, 5,
       140, 38, 233, 160, 133, 111, 191, 104, 129, 232, 121, 184, 101,
       172, 77, 85, 21, 200, 170, 52, 8, 191, 17, 211, 59, 140, 116, 100,
       74, 200, 112, 240, 8, 231, 217, 101, 48, 66, 248, 206, 43, 1, 113,
       113, 65, 96, 204, 105, 16, 108, 104, 91, 68, 149, 147, 209, 224,
       38, 12, 94, 202, 193, 144, 245, 64, 4, 136, 34, 128, 44, 131, 65,
       161, 1, 80, 125, 65, 36, 206, 105, 16, 116, 24, 119, 64, 147, 23,
       145, 120, 118, 28, 52, 88, 131, 176, 117, 0, 69, 168, 178, 192,
       100, 131, 64, 33, 173, 62, 249, 119, 100, 62, 111, 114, 113, 234,
       127, 92, 83, 125, 153, 57, 29, 252, 21, 46, 169, 244, 121, 10, 71,
       207, 97, 160, 239, 249, 82, 177, 221, 84, 29, 253, 44, 31, 204,
       184, 204, 186, 179, 80, 211, 92, 157, 235, 133, 212, 124, 106,
       233, 229, 127, 29, 129, 235, 227, 20, 88, 185, 65, 48, 109, 65,
       181, 101, 173, 78, 103, 184, 109, 226, 166, 0, 211, 117, 17, 118,
       153, 68, 124, 106, 72, 240, 249, 8, 229, 251, 69, 20, 194, 251,
       212, 98, 210, 95, 251, 214, 102, 32, 111, 119, 233, 194, 222, 226,
       125, 175, 177, 114, 102, 247, 127, 203, 225, 135, 164, 234, 244,
       173, 234, 136, 37, 243, 37, 121, 212, 20, 61, 228, 58, 70, 95, 48,
       161, 170, 191, 104, 86, 55, 128, 119, 164, 213, 125, 170, 169, 71,
       177, 14, 249, 170, 109, 144, 42, 227, 6, 51, 32, 249, 89, 232, 80,
       207, 71, 117, 37, 36, 96, 8, 54, 23, 32, 81, 16, 184, 7, 106, 74,
       146, 112, 29, 245, 136, 32, 112, 48, 138, 198, 234, 169, 249, 49,
       106, 85, 141, 227, 240, 111, 64, 104, 76, 190, 209, 17, 52, 156,
       40, 82, 110, 195, 54, 88, 63, 245, 221, 1, 40, 90, 11, 67, 168,
       105, 182, 237, 101, 172, 63, 221, 159, 87, 251, 22, 255, 251, 61,
       222, 171, 151, 70, 253, 61, 191, 124, 239, 147, 78, 219, 245, 244,
       254, 252, 208, 121, 64, 160, 151, 89, 200, 237, 33, 143, 190, 51,
       66, 80, 148, 151, 192, 235, 37, 27, 106, 152, 51, 92, 179, 81, 13,
       128, 126, 104, 144, 64, 133, 168, 172, 185, 177, 122, 171, 237,
       81, 208, 139, 19, 33, 25, 190, 253, 97, 27, 131, 51, 227, 18, 19,
       99, 186, 177, 203, 217, 69, 127, 210, 105, 199, 51, 110, 163, 28,
       168, 41, 205, 88, 232, 143, 61, 177, 9, 143, 143, 74, 80, 205,
       145, 239, 80, 30, 11, 202, 149, 159, 209, 203, 127, 144, 7, 14,
       82, 35, 249, 140, 19, 205, 157, 232, 158, 94, 121, 48, 93, 160,
       40, 86, 175, 137, 78, 114, 93, 151, 120, 223, 177, 14, 27, 213,
       116, 220, 12, 216, 156, 235, 170, 172, 191, 109, 149, 220, 152,
       135, 254, 148, 223, 233, 200, 86, 139, 205, 99, 251, 141, 174,
       102, 222, 185, 78, 91, 157, 185, 95, 188, 88, 212, 90, 162, 238,
       190, 43, 240, 185, 202, 135, 150, 148, 179, 109, 207, 230, 207,
       111, 115, 239, 129, 6, 67, 174, 241, 90, 99, 175, 171, 183, 164,
       37, 99, 90, 134, 156, 164, 58, 2, 30, 168, 154, 174, 158, 191, 77,
       106, 2, 66, 183, 213, 237, 167, 44, 75, 143, 30, 250, 231, 239,
       159, 164, 102, 45, 67, 124, 113, 168, 228, 41, 77, 92, 72, 131,
       228, 165, 9, 191, 159, 67, 26, 136, 252, 253, 82, 72, 67, 218,
       128, 219, 209, 197, 57, 34, 63, 86, 82, 193, 4, 253, 101, 36, 106,
       105, 19, 120, 170, 118, 64, 147, 51, 145, 119, 54, 148, 60, 40,
       161, 148, 225, 74, 197, 186, 98, 132, 100, 224, 71, 105, 200, 25,
       155, 253, 160, 108, 120, 19, 56, 138, 118, 81, 191, 55, 1, 91,
       166, 55, 125, 8, 49, 220, 145, 8, 199, 251, 114, 128, 128, 225,
       35, 27, 107, 50, 105, 108, 104, 20, 88, 24, 43, 72, 212, 173, 57,
       159, 150, 50, 150, 157, 253, 237, 134, 3, 247, 197, 83, 249, 168,
       143, 38, 134, 110, 119, 88, 157, 26, 248, 115, 236, 48, 103, 173,
       13, 126, 32, 175, 191, 34, 81, 166, 187, 253, 0, 18, 155, 18, 221,
       251, 249, 50, 75, 178, 0, 175, 139, 55, 213, 229, 55, 140, 118,
       143, 188, 86, 247, 139, 135, 209, 108, 95, 106, 93, 79, 49, 255,
       157, 96, 255, 178, 105, 78, 223, 116, 181, 255, 208, 212, 9, 188,
       31, 121, 112, 175, 121, 247, 109, 3, 108, 12, 191, 115, 0, 48,
       183, 42, 86, 44, 147, 186, 48, 61, 239, 223, 48, 64, 104, 194,
       226, 171, 60, 106, 241, 100, 44, 13, 82, 80, 227, 188, 176, 72,
       23, 25, 81, 154, 136, 228, 76, 94, 8, 99, 192, 8, 211, 217, 33,
       60, 98, 185, 66, 11, 60, 235, 104, 41, 116, 27, 79, 248, 67, 228,
       188, 175, 3, 9, 211, 16, 26, 204, 196, 111, 206, 58, 229, 31, 126,
       77, 165, 189, 119, 190, 94, 192, 198, 220, 172, 181, 168, 102,
       159, 174, 158, 254, 146, 151, 213, 110, 83, 75, 197, 103, 249,
       199, 245, 77, 127, 234, 233, 3, 255, 145, 156, 117, 181, 90, 86,
       3, 142, 164, 168, 50, 60, 65, 168, 141, 155, 231, 198, 234, 255,
       74, 247, 229, 236, 181, 156, 193, 134, 64, 216, 39, 239, 223, 132,
       102, 185, 69, 8, 217, 58, 254, 113, 204, 49, 117, 173, 73, 103, 8,
       62, 159, 34, 80, 164, 59, 209, 0, 66, 185, 16, 109, 243, 253, 18,
       11, 10, 2, 175, 187, 39, 96, 193, 1, 116, 63, 234, 156, 95, 226,
       80, 220, 131, 64, 221, 172, 93, 200, 18, 95, 175, 116, 125, 146,
       12, 30, 149, 100, 158, 253, 88, 180, 86, 177, 165, 176, 139, 117,
