%YAML:1.0
---
descriptors: !!opencv-matrix
   rows: 196
   cols: 32
   dt: u
   data: [ 94, 249, 50, 174, 27, 209, 18, 232, 171, 144, 172, 41, 238,
       223, 107, 212, 162, 249, 255, 211, 78, 35, 218, 253, 187, 213, 7,
       59, 83, 55, 47, 7, 110, 204, 212, 94, 205, 249, 102, 230, 255,
       146, 238, 26, 104, 241, 125, 255, 121, 234, 234, 26, 51, 126, 27,
       251, 63, 30, 85, 11, 211, 125, 224, 174, 193, 58, 221, 101, 36,
       174, 104, 51, 125, 171, 114, 84, 183, 59, 84, 112, 134, 63, 125,
       9, 209, 248, 209, 72, 133, 184, 114, 128, 76, 192, 66, 41, 67,
       191, 162, 132, 181, 188, 172, 51, 235, 235, 154, 221, 188, 12,
       214, 134, 133, 79, 125, 29, 151, 105, 209, 198, 184, 60, 31, 250,
       140, 12, 155, 85, 53, 69, 40, 174, 84, 143, 198, 104, 68, 224,
       248, 79, 115, 72, 50, 0, 88, 232, 6, 111, 204, 178, 92, 31, 240,
       172, 165, 60, 125, 59, 82, 128, 44, 71, 58, 111, 224, 79, 127,
       184, 117, 78, 127, 9, 223, 99, 11, 16, 148, 204, 111, 110, 72,
       176, 41, 14, 231, 255, 100, 5, 66, 243, 78, 195, 16, 157, 31, 190,
       28, 197, 154, 230, 148, 64, 216, 67, 245, 127, 33, 65, 220, 123,
       31, 224, 42, 169, 2, 189, 241, 231, 170, 128, 20, 8, 53, 56, 20,
       135, 9, 175, 48, 11, 110, 184, 36, 0, 219, 197, 247, 99, 25, 64,
       114, 205, 111, 238, 10, 144, 201, 29, 236, 229, 175, 132, 40, 227,
       33, 0, 61, 13, 238, 239, 118, 10, 239, 56, 86, 160, 127, 194, 115,
       105, 145, 225, 122, 236, 54, 238, 169, 240, 77, 142, 110, 239,
       229, 4, 111, 187, 120, 160, 169, 126, 115, 85, 101, 95, 231, 120,
       89, 234, 118, 88, 186, 113, 149, 165, 24, 124, 22, 106, 225, 246,
       240, 172, 101, 219, 101, 32, 66, 248, 86, 233, 3, 236, 35, 159,
       85, 247, 170, 230, 222, 64, 88, 2, 168, 252, 52, 164, 121, 107,
       18, 141, 167, 187, 62, 255, 53, 30, 154, 138, 29, 92, 113, 252,
       178, 70, 90, 142, 195, 99, 94, 109, 25, 6, 241, 186, 74, 46, 44,
       17, 223, 149, 135, 163, 120, 167, 72, 206, 177, 182, 218, 159,
       113, 123, 174, 2, 167, 144, 175, 152, 244, 150, 232, 91, 30, 89,
       87, 215, 84, 237, 190, 232, 221, 14, 55, 61, 151, 223, 123, 151,
       10, 127, 251, 198, 140, 140, 248, 213, 206, 79, 105, 227, 160,
       173, 111, 151, 45, 14, 190, 253, 143, 15, 147, 89, 206, 19, 95,
       14, 176, 12, 100, 226, 230, 217, 186, 184, 134, 217, 199, 241,
       141, 44, 228, 119, 183, 190, 126, 183, 119, 246, 94, 23, 249, 57,
       211, 47, 39, 110, 183, 142, 228, 252, 61, 170, 110, 207, 245, 129,
       175, 244, 216, 202, 1, 142, 127, 69, 180, 143, 233, 55, 125, 169,
       126, 100, 179, 33, 148, 100, 23, 38, 126, 44, 177, 184, 101, 14,
       236, 255, 38, 192, 238, 136, 193, 121, 90, 212, 123, 252, 51, 208,
       61, 111, 189, 7, 204, 179, 44, 255, 32, 81, 227, 187, 207, 128,
       96, 15, 162, 223, 243, 231, 94, 139, 52, 80, 167, 123, 218, 238,
       150, 158, 139, 210, 188, 230, 191, 55, 194, 147, 108, 254, 46,
       223, 231, 119, 235, 145, 54, 93, 155, 247, 157, 54, 223, 83, 146,
       116, 175, 94, 17, 0, 28, 229, 50, 46, 104, 35, 45, 161, 226, 82,
       151, 51, 4, 83, 230, 149, 124, 13, 40, 152, 65, 78, 204, 174, 18,
       4, 96, 8, 64, 40, 175, 106, 168, 17, 100, 63, 233, 214, 90, 254,
       20, 157, 138, 137, 215, 11, 141, 108, 215, 29, 164, 244, 228, 234,
       78, 31, 245, 181, 199, 253, 90, 233, 143, 206, 172, 179, 165, 47,
       191, 191, 30, 255, 7, 149, 197, 46, 18, 203, 221, 71, 179, 151,
       180, 220, 89, 178, 237, 87, 223, 213, 144, 125, 157, 90, 11, 18,
       174, 173, 125, 155, 184, 91, 95, 249, 214, 103, 249, 216, 182,
       232, 254, 173, 254, 181, 135, 251, 71, 221, 30, 123, 251, 197, 95,
       12, 121, 157, 137, 4, 89, 207, 124, 59, 106, 25, 237, 200, 255,
       198, 219, 194, 189, 244, 126, 44, 94, 46, 133, 165, 237, 222, 22,
       221, 163, 188, 63, 171, 73, 37, 50, 227, 3, 140, 75, 192, 154,
       105, 142, 4, 193, 163, 100, 198, 109, 214, 220, 189, 235, 195, 74,
       3, 138, 221, 176, 52, 139, 191, 16, 38, 39, 204, 37, 247, 113, 73,
       244, 139, 231, 253, 127, 13, 125, 240, 80, 85, 188, 52, 31, 26, 6,
       56, 211, 184, 45, 87, 110, 158, 37, 196, 87, 138, 198, 225, 142,
       208, 54, 158, 109, 87, 180, 233, 159, 94, 213, 51, 204, 222, 42,
       239, 253, 25, 187, 34, 100, 119, 123, 215, 215, 115, 223, 79, 18,
       44, 189, 247, 143, 160, 170, 217, 228, 181, 169, 91, 94, 219, 85,
       18, 220, 238, 254, 104, 127, 43, 51, 157, 179, 220, 63, 210, 79,
       15, 255, 196, 149, 236, 177, 225, 36, 55, 121, 193, 240, 167, 121,
       91, 19, 189, 125, 124, 20, 215, 200, 53, 119, 30, 23, 56, 178,
       122, 232, 86, 127, 152, 37, 236, 130, 130, 230, 241, 181, 148,
       232, 162, 228, 63, 200, 89, 84, 123, 181, 254, 211, 104, 218, 123,
       95, 132, 94, 191, 189, 119, 93, 0, 218, 203, 242, 244, 253, 203,
       250, 145, 82, 207, 234, 190, 122, 240, 189, 103, 189, 15, 221,
       179, 45, 175, 170, 81, 111, 179, 207, 129, 98, 11, 166, 251, 242,
       103, 254, 139, 53, 212, 165, 235, 2, 182, 210, 155, 227, 185, 184,
       207, 63, 23, 116, 247, 172, 202, 110, 77, 255, 59, 163, 149, 54,
       252, 10, 211, 30, 22, 94, 111, 222, 76, 171, 159, 227, 188, 225,
       144, 239, 249, 188, 199, 59, 127, 48, 255, 172, 188, 214, 191,
       175, 139, 247, 149, 183, 126, 246, 243, 30, 26, 222, 238, 221, 68,
       159, 223, 253, 181, 172, 190, 156, 39, 95, 248, 22, 226, 151, 95,
       115, 253, 26, 96, 93, 199, 125, 175, 173, 199, 255, 191, 249, 239,
       239, 148, 189, 249, 184, 80, 2, 158, 178, 155, 229, 249, 176, 199,
       63, 31, 122, 51, 172, 254, 110, 200, 251, 59, 163, 17, 22, 188,
       234, 243, 143, 86, 94, 99, 150, 76, 149, 207, 21, 132, 151, 255,
       188, 239, 230, 43, 222, 203, 217, 114, 215, 252, 188, 225, 211,
       110, 94, 43, 177, 233, 8, 31, 169, 239, 111, 124, 148, 234, 209,
       161, 34, 168, 186, 187, 245, 241, 176, 199, 30, 75, 220, 51, 174,
       190, 102, 72, 249, 59, 183, 145, 30, 186, 195, 243, 159, 247, 154,
       67, 144, 76, 253, 207, 19, 142, 194, 189, 146, 130, 111, 255, 54,
       66, 218, 247, 113, 227, 187, 64, 127, 238, 55, 157, 169, 218, 13,
       127, 188, 46, 191, 132, 189, 244, 176, 152, 33, 174, 99, 93, 228,
       139, 237, 127, 126, 235, 118, 246, 177, 33, 148, 37, 127, 46, 54,
       140, 177, 248, 101, 95, 44, 142, 183, 192, 239, 168, 243, 189, 73,
       31, 55, 229, 180, 142, 109, 55, 105, 200, 90, 68, 191, 62, 144,
       112, 166, 39, 124, 45, 213, 152, 49, 13, 165, 253, 38, 128, 10,
       224, 211, 121, 65, 159, 62, 101, 180, 142, 253, 55, 236, 73, 126,
       68, 191, 59, 150, 96, 134, 38, 126, 12, 209, 184, 113, 111, 239,
       191, 50, 192, 74, 200, 201, 121, 51, 148, 47, 237, 52, 118, 184,
       251, 20, 121, 218, 114, 119, 62, 60, 97, 253, 7, 125, 33, 191,
       217, 49, 157, 171, 239, 186, 214, 12, 8, 241, 243, 2, 182, 147,
       184, 243, 169, 48, 91, 63, 77, 121, 245, 142, 238, 110, 148, 151,
       59, 134, 17, 23, 154, 2, 215, 140, 212, 26, 234, 216, 68, 171,
       151, 27, 109, 230, 117, 183, 190, 124, 183, 255, 227, 94, 131,
       235, 249, 151, 38, 183, 111, 181, 141, 253, 248, 151, 239, 110,
       255, 213, 131, 239, 244, 216, 14, 188, 48, 247, 193, 79, 113, 177,
       81, 103, 253, 247, 178, 8, 156, 254, 175, 252, 156, 166, 144, 143,
       247, 183, 192, 95, 73, 183, 167, 231, 12, 244, 247, 201, 86, 120,
       179, 228, 44, 109, 119, 125, 75, 191, 245, 159, 43, 154, 89, 231,
       131, 95, 141, 241, 190, 97, 226, 246, 223, 190, 192, 142, 212,
       235, 217, 201, 188, 151, 247, 116, 174, 232, 23, 252, 11, 122, 84,
       190, 19, 128, 240, 134, 63, 126, 24, 179, 188, 209, 79, 197, 190,
       58, 0, 202, 192, 195, 41, 206, 103, 101, 195, 239, 120, 239, 214,
       105, 55, 189, 154, 137, 42, 220, 191, 43, 215, 215, 219, 245, 118,
       238, 224, 55, 121, 254, 237, 231, 215, 247, 228, 220, 176, 158,
       178, 171, 240, 16, 233, 179, 31, 165, 57, 31, 215, 106, 218, 231,
