%YAML:1.0
---
descriptors: !!opencv-matrix
   rows: 123
   cols: 32
   dt: u
   data: [ 77, 180, 189, 97, 176, 110, 113, 145, 59, 249, 47, 92, 222,
       119, 72, 58, 149, 21, 125, 56, 147, 208, 249, 66, 207, 223, 117,
       100, 136, 227, 131, 115, 56, 144, 59, 232, 54, 239, 145, 117, 172,
       13, 223, 58, 222, 157, 40, 0, 190, 31, 215, 33, 146, 179, 48, 133,
       211, 237, 58, 211, 81, 10, 135, 243, 45, 202, 96, 77, 124, 27,
       202, 184, 71, 96, 245, 236, 83, 73, 157, 180, 92, 204, 86, 238,
       205, 54, 77, 159, 54, 60, 129, 60, 127, 174, 90, 132, 118, 33,
       210, 142, 89, 79, 90, 232, 175, 132, 160, 9, 206, 222, 45, 84,
       250, 149, 219, 227, 12, 3, 218, 220, 145, 176, 139, 63, 17, 39,
       111, 134, 137, 249, 59, 103, 116, 140, 99, 244, 109, 64, 106, 76,
       182, 147, 16, 180, 172, 232, 82, 78, 195, 188, 176, 111, 245, 253,
       2, 0, 74, 130, 99, 168, 226, 234, 248, 187, 126, 200, 249, 142,
       170, 29, 180, 163, 175, 159, 78, 80, 226, 155, 189, 209, 2, 108,
       195, 241, 207, 245, 182, 203, 4, 128, 68, 107, 222, 28, 190, 246,
       40, 126, 88, 16, 185, 222, 151, 53, 223, 63, 3, 219, 167, 245,
       253, 166, 164, 197, 187, 194, 147, 251, 123, 147, 164, 241, 45,
       83, 150, 220, 173, 189, 168, 102, 157, 174, 158, 214, 130, 151,
       245, 110, 83, 75, 197, 119, 57, 215, 245, 77, 123, 250, 233, 35,
       255, 148, 156, 113, 181, 90, 85, 81, 213, 84, 136, 78, 69, 48,
       224, 210, 162, 72, 87, 51, 129, 123, 0, 212, 108, 106, 105, 97,
       179, 8, 177, 170, 101, 16, 104, 241, 66, 48, 66, 203, 18, 158, 91,
       192, 180, 102, 172, 5, 232, 161, 172, 150, 32, 208, 166, 59, 203,
       128, 66, 11, 2, 253, 181, 52, 26, 11, 16, 20, 167, 203, 241, 25,
       109, 237, 172, 6, 79, 54, 68, 234, 210, 102, 51, 55, 177, 99, 76,
       230, 61, 238, 233, 187, 117, 40, 240, 171, 230, 144, 61, 248, 112,
       121, 114, 233, 122, 94, 77, 221, 214, 228, 203, 152, 180, 10, 34,
       220, 119, 182, 200, 248, 210, 74, 78, 107, 250, 233, 51, 89, 197,
       59, 83, 58, 94, 174, 10, 217, 32, 153, 93, 212, 190, 161, 143, 68,
       68, 3, 168, 222, 54, 196, 200, 57, 187, 193, 70, 24, 114, 245, 47,
       117, 143, 75, 22, 12, 188, 78, 3, 251, 161, 1, 108, 157, 169, 190,
       46, 121, 82, 228, 176, 4, 214, 100, 5, 78, 62, 221, 215, 88, 247,
       117, 12, 28, 190, 228, 12, 132, 145, 253, 109, 117, 157, 165, 184,
       79, 87, 184, 50, 232, 163, 8, 215, 115, 73, 115, 145, 213, 125,
       122, 105, 82, 217, 28, 237, 243, 37, 52, 136, 51, 2, 50, 59, 190,
       106, 251, 116, 147, 249, 95, 87, 89, 244, 118, 57, 207, 176, 100,
       127, 171, 23, 153, 179, 186, 108, 255, 126, 221, 186, 224, 127,
       136, 241, 249, 84, 14, 220, 247, 164, 42, 109, 178, 100, 23, 242,
       242, 195, 35, 137, 75, 99, 198, 108, 138, 56, 244, 69, 40, 196,
       227, 246, 145, 164, 248, 244, 40, 6, 164, 144, 139, 189, 253, 176,
       207, 14, 61, 9, 27, 140, 220, 110, 192, 193, 27, 235, 17, 22, 41,
       91, 210, 45, 20, 31, 127, 144, 78, 149, 70, 173, 126, 248, 119,
       100, 47, 79, 178, 81, 234, 124, 76, 83, 53, 145, 57, 29, 236, 20,
       46, 233, 246, 248, 46, 71, 207, 97, 160, 107, 251, 82, 185, 55,
       213, 233, 175, 140, 55, 207, 156, 82, 247, 152, 135, 209, 108, 95,
       42, 93, 198, 57, 255, 157, 96, 255, 178, 105, 15, 205, 148, 189,
       255, 244, 116, 24, 145, 122, 41, 135, 248, 177, 207, 109, 85, 254,
       179, 175, 28, 42, 104, 255, 155, 147, 17, 158, 56, 49, 209, 215,
       229, 26, 71, 245, 76, 229, 250, 88, 248, 26, 124, 75, 197, 82,
       250, 163, 24, 228, 9, 62, 223, 33, 16, 166, 187, 221, 66, 66, 107,
       146, 117, 211, 217, 16, 59, 98, 0, 47, 155, 167, 98, 192, 129,
       237, 31, 234, 216, 95, 226, 64, 204, 195, 64, 221, 172, 93, 204,
       18, 127, 143, 118, 221, 146, 140, 94, 133, 36, 222, 191, 90, 148,
       88, 157, 126, 124, 115, 236, 112, 119, 173, 9, 126, 32, 63, 191,
       32, 208, 166, 51, 215, 0, 16, 184, 18, 93, 247, 249, 48, 75, 114,
       128, 175, 139, 163, 50, 104, 76, 79, 181, 152, 88, 203, 232, 189,
       207, 41, 204, 247, 160, 220, 185, 215, 181, 207, 39, 246, 219, 18,
       89, 129, 191, 93, 142, 122, 213, 86, 241, 18, 158, 93, 213, 54,
       232, 175, 148, 129, 11, 238, 254, 111, 214, 248, 241, 251, 227,
       78, 67, 218, 253, 177, 180, 143, 59, 16, 63, 47, 6, 88, 82, 191,
       228, 38, 110, 121, 22, 168, 142, 86, 35, 191, 191, 49, 107, 230,
       117, 61, 41, 128, 245, 161, 136, 211, 235, 126, 128, 164, 248, 37,
       123, 154, 156, 62, 188, 11, 214, 188, 103, 157, 70, 244, 151, 61,
       190, 38, 67, 238, 177, 151, 161, 124, 143, 50, 207, 243, 243, 218,
       131, 23, 36, 173, 223, 138, 153, 32, 216, 93, 213, 176, 99, 159,
       4, 68, 3, 172, 158, 118, 196, 200, 59, 155, 193, 86, 10, 114, 255,
       63, 80, 138, 107, 18, 12, 189, 206, 46, 49, 152, 226, 221, 109,
       112, 200, 11, 189, 101, 11, 14, 255, 111, 26, 216, 216, 147, 80,
       18, 114, 218, 192, 95, 217, 133, 111, 146, 43, 86, 210, 4, 145,
       107, 75, 244, 209, 234, 217, 70, 89, 117, 98, 145, 217, 252, 96,
       120, 25, 23, 219, 211, 186, 47, 213, 79, 25, 170, 204, 85, 138,
       241, 161, 14, 160, 176, 203, 223, 113, 186, 202, 31, 85, 77, 2,
       140, 254, 126, 132, 217, 91, 147, 211, 22, 50, 122, 243, 15, 85,
       143, 111, 151, 95, 181, 198, 205, 88, 157, 101, 34, 78, 55, 148,
       104, 234, 118, 108, 222, 19, 193, 59, 146, 116, 108, 106, 225,
       244, 241, 106, 197, 187, 101, 2, 72, 115, 67, 51, 200, 177, 189,
       99, 233, 111, 53, 61, 59, 255, 37, 24, 222, 55, 72, 59, 149, 23,
       241, 48, 51, 116, 249, 0, 207, 211, 85, 118, 194, 64, 135, 243,
       208, 242, 120, 171, 110, 136, 125, 157, 43, 61, 52, 187, 191, 143,
       78, 80, 247, 153, 61, 193, 74, 116, 203, 241, 246, 193, 190, 253,
       53, 152, 213, 107, 108, 113, 25, 231, 96, 79, 119, 56, 53, 232,
       119, 8, 215, 55, 9, 16, 144, 84, 125, 106, 73, 240, 89, 44, 229,
       219, 101, 20, 72, 187, 70, 50, 100, 117, 153, 231, 56, 79, 71,
       152, 47, 232, 173, 8, 215, 55, 73, 112, 145, 220, 92, 106, 9, 82,
       249, 24, 229, 221, 37, 52, 64, 115, 70, 34, 21, 79, 111, 237, 148,
       2, 111, 244, 100, 192, 250, 198, 211, 97, 177, 96, 120, 230, 28,
       238, 233, 177, 5, 12, 240, 173, 167, 132, 45, 186, 112, 40, 205,
       80, 189, 229, 160, 110, 127, 24, 120, 234, 119, 96, 215, 115, 201,
       122, 150, 85, 125, 122, 161, 212, 233, 74, 199, 255, 103, 132,
       128, 243, 67, 33, 108, 0, 181, 103, 37, 78, 71, 24, 103, 227, 175,
       8, 215, 53, 88, 246, 144, 68, 120, 8, 8, 240, 249, 128, 207, 255,
       69, 20, 194, 251, 86, 98, 75, 26, 251, 255, 102, 160, 185, 87,
       173, 77, 214, 246, 189, 175, 180, 106, 102, 239, 63, 141, 145,
       159, 167, 225, 86, 121, 250, 136, 37, 128, 165, 249, 94, 52, 182,
       180, 171, 116, 56, 11, 187, 255, 147, 49, 204, 190, 79, 223, 167,
       87, 253, 145, 52, 69, 179, 194, 155, 243, 95, 223, 130, 101, 173,
       87, 171, 186, 241, 251, 246, 189, 249, 223, 95, 121, 244, 254,
       187, 205, 244, 168, 127, 187, 23, 157, 147, 254, 238, 243, 94,
       221, 183, 232, 255, 136, 243, 249, 0, 176, 25, 225, 74, 237, 177,
       71, 174, 113, 41, 88, 148, 151, 64, 40, 161, 27, 74, 16, 19, 28,
       144, 17, 205, 132, 58, 102, 152, 8, 133, 187, 169, 149, 109, 75,
       186, 107, 207, 191, 31, 125, 61, 254, 211, 109, 156, 101, 31, 18,
       23, 60, 243, 56, 125, 31, 110, 203, 101, 244, 119, 202, 212, 121,
       169, 109, 123, 109, 116, 78, 101, 63, 113, 232, 116, 8, 147, 23,
       145, 49, 72, 188, 22, 104, 233, 190, 241, 14, 103, 185, 32, 0, 99,
       160, 118, 232, 246, 112, 18, 172, 13, 79, 82, 72, 175, 164, 169,
       11, 78, 222, 45, 148, 248, 189, 203, 227, 72, 39, 146, 222, 145,
       244, 139, 63, 81, 47, 103, 6, 103, 160, 173, 179, 140, 111, 205,
       139, 210, 243, 131, 25, 208, 60, 94, 43, 201, 70, 121, 159, 185,
       116, 255, 16, 205, 26, 221, 116, 140, 105, 208, 114, 86, 76, 173,
