%YAML:1.0
---
descriptors: !!opencv-matrix
   rows: 100
   cols: 32
   dt: u
   data: [ 2, 79, 14, 156, 91, 128, 60, 230, 188, 5, 72, 165, 172, 198,
       34, 192, 230, 59, 171, 192, 70, 139, 2, 253, 180, 49, 26, 139, 16,
       20, 45, 202, 241, 91, 77, 237, 172, 6, 79, 63, 68, 234, 210, 230,
       51, 35, 177, 99, 78, 228, 60, 238, 233, 175, 117, 40, 240, 170,
       230, 144, 61, 248, 112, 57, 88, 249, 26, 120, 91, 197, 82, 222,
       163, 29, 236, 9, 63, 223, 32, 80, 166, 251, 221, 64, 74, 43, 146,
       117, 243, 253, 48, 123, 98, 0, 47, 155, 39, 98, 209, 69, 100, 43,
       232, 72, 91, 162, 113, 90, 64, 8, 221, 24, 121, 140, 66, 62, 129,
       246, 205, 74, 20, 12, 225, 36, 205, 251, 82, 132, 212, 208, 156,
       250, 11, 97, 16, 136, 182, 55, 165, 17, 214, 211, 75, 91, 195,
       213, 232, 242, 30, 71, 219, 112, 219, 195, 83, 127, 240, 113, 45,
       2, 63, 30, 198, 167, 103, 62, 232, 80, 225, 218, 255, 231, 75, 42,
       151, 222, 110, 228, 181, 239, 141, 246, 197, 232, 22, 255, 194,
       130, 175, 255, 122, 213, 185, 89, 121, 197, 112, 6, 109, 119, 53,
       237, 126, 70, 25, 7, 148, 116, 110, 189, 23, 204, 217, 186, 113,
       78, 119, 237, 162, 128, 47, 128, 162, 249, 8, 140, 21, 223, 93,
       229, 97, 47, 150, 21, 68, 16, 176, 247, 32, 101, 73, 58, 34, 8,
       51, 152, 115, 119, 77, 190, 210, 64, 18, 8, 132, 168, 118, 49, 18,
       136, 73, 79, 58, 232, 171, 132, 160, 9, 204, 246, 41, 209, 248,
       245, 251, 227, 68, 67, 218, 248, 149, 48, 207, 63, 16, 39, 47,
       134, 79, 51, 228, 99, 173, 60, 254, 25, 233, 237, 63, 229, 201,
       111, 223, 138, 39, 197, 253, 190, 148, 97, 143, 192, 78, 221, 175,
       197, 239, 231, 203, 21, 88, 191, 190, 115, 184, 203, 87, 247, 182,
       189, 174, 40, 183, 63, 67, 16, 201, 247, 109, 80, 122, 249, 105,
       50, 251, 199, 53, 85, 224, 88, 133, 107, 96, 164, 185, 97, 169,
       105, 21, 15, 107, 191, 36, 24, 214, 55, 76, 58, 147, 22, 192, 48,
       18, 120, 225, 18, 79, 214, 21, 119, 192, 72, 199, 99, 84, 11, 220,
       247, 164, 10, 101, 167, 100, 23, 242, 242, 243, 35, 145, 74, 98,
       230, 108, 136, 56, 248, 229, 32, 196, 227, 246, 17, 165, 248, 244,
       40, 222, 28, 190, 247, 40, 126, 120, 18, 185, 254, 151, 53, 223,
       63, 3, 219, 167, 245, 253, 35, 36, 197, 179, 194, 211, 251, 123,
       151, 164, 241, 45, 83, 227, 164, 237, 19, 140, 55, 204, 15, 82,
       243, 135, 159, 209, 44, 94, 43, 205, 134, 57, 157, 191, 126, 253,
       19, 79, 27, 221, 116, 157, 220, 216, 92, 61, 85, 67, 108, 28, 15,
       70, 120, 101, 232, 251, 76, 83, 65, 185, 52, 88, 196, 76, 110,
       201, 179, 125, 12, 176, 168, 37, 20, 107, 187, 114, 48, 34, 105,
       248, 94, 77, 221, 214, 236, 203, 156, 180, 10, 34, 220, 117, 183,
       200, 248, 194, 74, 74, 107, 234, 233, 51, 25, 69, 59, 83, 58, 94,
       174, 205, 62, 216, 17, 226, 42, 51, 146, 122, 251, 54, 252, 213,
       181, 195, 27, 23, 126, 102, 60, 161, 244, 204, 98, 78, 15, 117,
       228, 236, 241, 11, 145, 41, 190, 121, 101, 112, 175, 115, 119,
       108, 41, 110, 68, 127, 51, 0, 48, 183, 42, 6, 44, 145, 184, 49,
       61, 239, 207, 49, 64, 74, 130, 194, 171, 173, 126, 249, 101, 100,
       47, 95, 210, 81, 234, 116, 92, 179, 9, 145, 49, 28, 236, 84, 110,
       233, 246, 232, 42, 231, 221, 37, 176, 107, 249, 82, 177, 70, 249,
       150, 158, 13, 205, 182, 232, 174, 148, 129, 9, 236, 222, 107, 195,
       249, 247, 235, 67, 70, 67, 154, 253, 189, 48, 143, 59, 16, 55, 47,
       70, 75, 48, 250, 100, 97, 84, 120, 88, 233, 205, 86, 173, 60, 159,
       214, 54, 182, 189, 245, 133, 132, 83, 178, 201, 83, 121, 248, 139,
       6, 132, 46, 95, 88, 147, 62, 246, 48, 137, 81, 49, 166, 172, 191,
       41, 247, 211, 98, 80, 146, 179, 109, 0, 74, 57, 74, 29, 219, 199,
       37, 49, 96, 170, 12, 43, 169, 213, 109, 107, 250, 107, 207, 189,
       29, 125, 61, 252, 83, 125, 156, 53, 22, 18, 23, 108, 243, 48, 109,
       31, 110, 219, 37, 212, 119, 218, 208, 113, 49, 207, 75, 237, 20,
       6, 111, 245, 100, 72, 250, 70, 115, 33, 176, 96, 124, 206, 30,
       238, 201, 185, 21, 63, 240, 173, 166, 128, 61, 250, 112, 136, 94,
       52, 182, 181, 171, 116, 56, 3, 187, 255, 139, 17, 204, 190, 79,
       219, 167, 87, 253, 145, 52, 69, 179, 194, 155, 243, 95, 223, 130,
       101, 173, 87, 93, 39, 232, 96, 182, 62, 254, 25, 105, 237, 191,
       239, 217, 111, 223, 18, 54, 199, 221, 191, 156, 33, 173, 200, 254,
       205, 175, 253, 239, 231, 203, 81, 98, 164, 41, 250, 137, 229, 88,
       15, 158, 31, 141, 25, 166, 255, 72, 88, 205, 27, 251, 145, 26, 11,
       218, 147, 203, 213, 154, 127, 144, 72, 158, 74, 77, 80, 253, 231,
       32, 46, 127, 152, 112, 234, 119, 100, 247, 115, 137, 123, 86, 197,
       125, 110, 169, 212, 233, 10, 199, 239, 99, 132, 40, 243, 65, 57,
       108, 0, 181, 101, 13, 79, 71, 49, 103, 162, 167, 8, 211, 113, 24,
       246, 24, 212, 120, 106, 25, 240, 241, 8, 199, 251, 69, 16, 66,
       234, 86, 34, 5, 129, 106, 203, 228, 149, 235, 249, 78, 89, 113,
       198, 145, 200, 254, 96, 122, 9, 23, 223, 210, 184, 46, 213, 110,
       28, 170, 236, 93, 138, 241, 149, 203, 10, 219, 254, 102, 32, 237,
       87, 185, 195, 86, 246, 189, 235, 242, 114, 102, 239, 63, 141, 129,
       155, 166, 227, 214, 253, 186, 136, 47, 224, 161, 249, 120, 184,
       187, 112, 45, 233, 80, 70, 227, 83, 164, 24, 31, 157, 64, 187,
       137, 178, 204, 16, 27, 111, 242, 17, 219, 209, 80, 123, 226, 72,
       70, 58, 39, 207, 64, 79, 124, 155, 70, 184, 87, 72, 189, 236, 227,
       104, 157, 180, 24, 234, 198, 110, 207, 34, 79, 63, 34, 124, 5,
       190, 127, 191, 90, 133, 120, 249, 27, 120, 89, 197, 81, 214, 163,
       24, 232, 77, 62, 151, 1, 16, 132, 187, 85, 64, 74, 43, 146, 119,
       243, 253, 16, 122, 90, 0, 38, 155, 103, 164, 173, 179, 140, 111,
       205, 139, 90, 243, 131, 25, 208, 60, 90, 43, 201, 70, 123, 191,
       185, 116, 255, 16, 205, 26, 223, 116, 140, 105, 208, 114, 26, 153,
       18, 252, 115, 204, 112, 103, 173, 5, 104, 33, 47, 191, 32, 208,
       166, 187, 133, 128, 20, 155, 18, 197, 211, 245, 82, 75, 34, 2,
       175, 139, 86, 76, 175, 165, 140, 102, 143, 170, 198, 246, 138, 3,
       209, 60, 83, 107, 249, 69, 121, 167, 252, 209, 253, 8, 233, 35,
       207, 20, 133, 121, 149, 114, 246, 113, 18, 172, 9, 205, 82, 104,
       175, 172, 161, 9, 206, 214, 107, 148, 248, 189, 203, 227, 76, 7,
       154, 218, 145, 240, 139, 59, 80, 47, 47, 6, 45, 44, 249, 119, 244,
       47, 119, 83, 113, 234, 119, 76, 115, 121, 17, 57, 157, 238, 23,
       46, 169, 240, 120, 14, 199, 223, 113, 32, 232, 233, 66, 161, 250,
       234, 74, 186, 25, 144, 90, 96, 161, 12, 164, 175, 43, 203, 34,
       145, 236, 185, 205, 199, 110, 15, 130, 191, 242, 209, 138, 251,
       51, 4, 46, 74, 161, 217, 103, 69, 116, 203, 231, 180, 125, 112,
       114, 64, 243, 84, 180, 37, 26, 72, 86, 104, 225, 176, 117, 221,
       37, 154, 37, 4, 87, 152, 84, 189, 118, 47, 72, 132, 205, 29, 238,
       234, 128, 166, 172, 143, 67, 104, 87, 18, 124, 230, 227, 239, 220,
       51, 220, 40, 126, 1, 141, 61, 73, 126, 90, 148, 25, 5, 83, 77,
       242, 250, 119, 99, 253, 2, 125, 96, 94, 243, 169, 245, 50, 59, 22,
       42, 113, 177, 36, 78, 54, 252, 34, 2, 115, 242, 163, 163, 12, 151,
       58, 234, 244, 227, 91, 89, 149, 13, 253, 48, 95, 223, 170, 88,
       223, 153, 23, 59, 24, 163, 40, 86, 211, 253, 32, 205, 212, 203,
       165, 163, 72, 19, 26, 166, 48, 139, 113, 49, 183, 141, 255, 189,
       255, 195, 42, 80, 22, 185, 237, 32, 88, 129, 130, 31, 194, 245,
       33, 153, 112, 130, 142, 3, 169, 151, 125, 111, 238, 75, 223, 189,
       29, 126, 61, 186, 119, 125, 158, 51, 22, 214, 119, 110, 241, 60,
       109, 31, 111, 235, 101, 180, 119, 234, 212, 249, 108, 113, 157,
       231, 112, 78, 119, 184, 41, 168, 119, 40, 215, 87, 9, 112, 146,
       92, 125, 106, 1, 144, 217, 40, 229, 253, 37, 4, 96, 179, 70, 35,
       100, 113, 153, 103, 56, 79, 71, 184, 122, 168, 175, 72, 215, 115,
