%YAML:1.0
---
descriptors: !!opencv-matrix
   rows: 318
   cols: 32
   dt: u
   data: [ 108, 189, 190, 126, 169, 253, 148, 135, 154, 151, 172, 57,
       206, 255, 102, 219, 193, 119, 233, 16, 50, 107, 218, 177, 79, 247,
       85, 123, 210, 125, 207, 210, 220, 182, 157, 242, 168, 108, 85,
       191, 178, 191, 167, 125, 215, 247, 201, 91, 7, 214, 237, 18, 58,
       71, 235, 51, 217, 163, 117, 252, 160, 241, 134, 115, 251, 125,
       111, 172, 45, 255, 223, 120, 173, 228, 254, 165, 255, 223, 167,
       150, 238, 165, 255, 110, 201, 165, 243, 222, 179, 249, 139, 179,
       23, 191, 127, 125, 252, 141, 62, 254, 60, 203, 87, 176, 132, 12,
       175, 8, 247, 117, 32, 115, 64, 242, 108, 106, 120, 43, 123, 61,
       243, 227, 100, 25, 48, 171, 228, 42, 108, 189, 150, 254, 189, 238,
       148, 207, 155, 63, 162, 17, 78, 249, 108, 223, 201, 87, 233, 18,
       58, 107, 218, 177, 251, 242, 85, 127, 210, 124, 238, 139, 188,
       172, 255, 122, 201, 237, 85, 223, 242, 183, 164, 24, 91, 245, 73,
       59, 9, 210, 228, 26, 58, 111, 250, 51, 251, 207, 117, 125, 227,
       248, 198, 170, 198, 173, 148, 255, 205, 236, 238, 206, 251, 179,
       169, 18, 236, 250, 125, 75, 249, 223, 106, 243, 54, 117, 155, 243,
       189, 190, 223, 61, 145, 123, 217, 138, 63, 194, 238, 223, 244,
       154, 235, 212, 95, 73, 118, 227, 251, 76, 158, 108, 127, 238, 55,
       221, 150, 182, 111, 229, 94, 111, 178, 192, 231, 159, 240, 229,
       207, 158, 190, 244, 60, 135, 249, 248, 255, 187, 178, 120, 220,
       255, 105, 97, 255, 117, 127, 33, 160, 103, 203, 222, 252, 190,
       239, 254, 212, 168, 99, 163, 77, 117, 25, 71, 114, 78, 118, 184,
       104, 232, 107, 104, 222, 83, 137, 48, 178, 92, 92, 106, 65, 144,
       249, 78, 229, 188, 37, 6, 72, 179, 67, 49, 236, 244, 183, 118,
       137, 109, 117, 168, 249, 183, 167, 24, 223, 245, 73, 63, 161, 86,
       232, 98, 57, 101, 187, 34, 219, 251, 85, 29, 194, 113, 198, 34,
       193, 188, 189, 254, 124, 45, 251, 121, 238, 251, 185, 124, 254,
       251, 216, 51, 207, 102, 126, 46, 177, 111, 235, 255, 252, 223,
       119, 248, 220, 234, 195, 169, 60, 229, 192, 103, 221, 27, 198,
       248, 87, 162, 255, 138, 203, 97, 155, 164, 89, 204, 194, 107, 105,
       178, 93, 190, 174, 215, 133, 53, 127, 255, 218, 148, 45, 229, 225,
       103, 244, 11, 231, 168, 126, 228, 123, 8, 219, 104, 157, 144, 26,
       204, 98, 110, 224, 240, 205, 46, 108, 159, 37, 36, 71, 191, 66,
       160, 197, 190, 221, 247, 250, 47, 59, 186, 191, 163, 59, 244, 253,
       247, 200, 114, 39, 119, 127, 154, 177, 77, 235, 110, 254, 191,
       127, 232, 172, 227, 3, 185, 248, 180, 156, 126, 169, 253, 84, 255,
       179, 27, 164, 24, 255, 255, 8, 59, 153, 179, 204, 0, 63, 111, 250,
       55, 243, 211, 85, 59, 242, 80, 143, 10, 120, 55, 186, 242, 173,
       189, 80, 87, 237, 31, 252, 28, 174, 251, 72, 26, 141, 178, 236,
       16, 186, 235, 210, 162, 219, 255, 116, 91, 202, 72, 206, 11, 5,
       228, 17, 251, 252, 205, 167, 188, 94, 57, 121, 120, 245, 241, 200,
       160, 151, 90, 50, 90, 115, 120, 107, 55, 237, 159, 55, 108, 144,
       219, 129, 169, 126, 53, 161, 162, 155, 100, 22, 206, 131, 253,
       137, 11, 78, 255, 73, 154, 209, 215, 253, 145, 11, 67, 219, 176,
       185, 197, 141, 127, 162, 118, 54, 122, 151, 20, 106, 255, 86, 167,
       251, 72, 28, 71, 79, 151, 117, 255, 58, 96, 127, 185, 19, 175, 51,
       150, 60, 255, 215, 47, 139, 64, 189, 203, 53, 240, 48, 255, 66,
       232, 84, 131, 230, 126, 87, 137, 248, 110, 34, 217, 176, 64, 120,
       170, 6, 192, 218, 186, 66, 191, 122, 132, 167, 41, 125, 10, 246,
       154, 251, 178, 238, 253, 109, 127, 121, 122, 127, 253, 255, 55,
       203, 252, 214, 254, 255, 221, 255, 181, 173, 246, 255, 219, 223,
       251, 239, 231, 111, 172, 124, 119, 246, 101, 230, 238, 77, 86,
       222, 236, 173, 158, 185, 19, 74, 254, 63, 215, 232, 213, 255, 227,
       108, 103, 219, 236, 179, 251, 207, 159, 115, 119, 126, 198, 57,
       205, 3, 174, 149, 195, 70, 230, 213, 8, 218, 66, 115, 249, 177,
       96, 120, 234, 30, 239, 72, 171, 0, 191, 176, 239, 163, 128, 53,
       58, 112, 138, 3, 77, 83, 223, 214, 146, 238, 102, 125, 192, 82,
       198, 40, 242, 181, 228, 122, 110, 18, 204, 229, 152, 36, 238, 54,
       62, 150, 130, 31, 156, 105, 172, 39, 54, 225, 111, 124, 123, 250,
       72, 121, 236, 249, 239, 203, 108, 159, 184, 222, 237, 215, 103,
       141, 178, 237, 234, 22, 125, 163, 179, 69, 111, 86, 213, 228, 240,
       158, 158, 205, 207, 113, 200, 191, 191, 225, 27, 94, 254, 111, 91,
       249, 253, 111, 17, 38, 87, 218, 243, 93, 50, 87, 63, 144, 121, 70,
       130, 201, 66, 221, 229, 32, 10, 109, 184, 104, 170, 98, 64, 215,
       67, 137, 123, 18, 212, 108, 106, 105, 212, 225, 8, 196, 251, 103,
       132, 32, 176, 66, 33, 54, 103, 69, 143, 186, 82, 175, 232, 59,
       134, 249, 226, 205, 230, 141, 244, 122, 221, 238, 227, 105, 227,
       239, 254, 180, 54, 143, 143, 69, 247, 103, 228, 9, 111, 87, 205,
       214, 146, 238, 240, 124, 160, 250, 226, 217, 99, 145, 180, 126,
       253, 126, 234, 225, 144, 237, 238, 52, 239, 175, 132, 111, 242,
       107, 164, 126, 188, 246, 254, 253, 87, 222, 249, 95, 251, 246,
       191, 110, 253, 191, 111, 255, 247, 255, 39, 188, 227, 235, 255,
       251, 255, 255, 223, 199, 252, 247, 119, 90, 184, 23, 250, 139,
       205, 16, 231, 175, 17, 168, 57, 174, 191, 96, 48, 163, 179, 221,
       16, 90, 75, 146, 245, 219, 209, 30, 123, 146, 0, 167, 27, 117, 65,
       75, 69, 86, 27, 231, 56, 101, 224, 255, 202, 83, 33, 157, 52, 120,
       204, 38, 238, 201, 178, 109, 12, 118, 172, 165, 4, 111, 187, 112,
       164, 48, 190, 127, 120, 42, 233, 81, 119, 226, 31, 180, 56, 55,
       181, 192, 50, 11, 178, 108, 8, 26, 111, 162, 17, 217, 139, 112,
       248, 97, 192, 198, 43, 14, 189, 254, 223, 239, 244, 191, 234, 191,
       142, 255, 34, 108, 255, 103, 98, 247, 127, 191, 195, 114, 219,
       186, 235, 127, 63, 239, 139, 151, 115, 165, 251, 62, 111, 86, 206,
       221, 83, 246, 232, 125, 172, 251, 35, 74, 235, 45, 212, 248, 207,
       239, 226, 108, 163, 201, 254, 179, 254, 135, 31, 99, 119, 110,
       134, 239, 190, 246, 255, 251, 191, 254, 248, 159, 254, 246, 185,
       108, 255, 159, 61, 255, 255, 255, 119, 244, 243, 235, 255, 127,
       255, 77, 183, 214, 253, 135, 215, 31, 249, 227, 163, 246, 184,
       238, 212, 63, 65, 222, 167, 249, 204, 223, 192, 126, 239, 191,
       223, 207, 180, 237, 227, 118, 109, 174, 192, 175, 159, 248, 244,
       16, 77, 107, 222, 214, 134, 111, 118, 117, 128, 206, 130, 113,
       227, 177, 96, 120, 234, 2, 238, 232, 155, 52, 255, 113, 175, 166,
       0, 55, 250, 112, 40, 198, 204, 247, 255, 236, 232, 254, 238, 191,
       147, 243, 146, 237, 239, 125, 91, 247, 255, 127, 195, 114, 220,
       203, 251, 127, 254, 223, 139, 150, 245, 229, 136, 77, 69, 67, 255,
       244, 142, 111, 180, 60, 160, 94, 198, 241, 227, 185, 68, 112, 108,
       55, 110, 97, 208, 209, 238, 228, 190, 167, 128, 46, 251, 80, 168,
       191, 255, 238, 223, 207, 119, 182, 255, 95, 223, 223, 183, 104,
       252, 182, 231, 255, 255, 247, 199, 244, 251, 191, 239, 123, 123,
       207, 131, 39, 127, 253, 215, 184, 89, 90, 238, 83, 199, 94, 240,
       53, 4, 253, 11, 127, 223, 41, 16, 254, 249, 199, 226, 12, 147, 24,
       63, 243, 205, 33, 17, 115, 179, 46, 138, 94, 188, 182, 255, 235,
       255, 63, 250, 191, 254, 220, 167, 236, 255, 111, 95, 255, 255,
       255, 231, 231, 211, 251, 251, 127, 247, 95, 171, 146, 117, 39,
       255, 60, 113, 104, 99, 80, 203, 103, 221, 48, 228, 237, 141, 19,
       69, 11, 16, 88, 216, 67, 122, 74, 178, 248, 62, 127, 197, 37, 117,
       99, 155, 214, 250, 41, 166, 246, 221, 125, 123, 234, 251, 95, 229,
       252, 6, 235, 233, 191, 228, 123, 238, 238, 60, 183, 248, 127, 223,
       126, 223, 135, 69, 255, 236, 124, 236, 220, 243, 255, 80, 187,
       202, 21, 245, 186, 23, 39, 184, 79, 231, 196, 146, 39, 253, 236,
       48, 112, 79, 170, 82, 123, 231, 101, 111, 98, 144, 167, 115, 126,
