%YAML:1.0
---
descriptors: !!opencv-matrix
   rows: 350
   cols: 32
   dt: u
   data: [ 220, 253, 191, 231, 188, 94, 95, 189, 251, 236, 190, 44, 255,
       127, 201, 115, 213, 246, 125, 110, 233, 233, 251, 171, 251, 251,
       231, 148, 2, 242, 246, 123, 254, 188, 254, 254, 235, 241, 124,
       239, 187, 31, 180, 185, 110, 255, 46, 223, 239, 251, 255, 128, 58,
       79, 138, 243, 251, 223, 95, 187, 211, 212, 175, 243, 173, 36, 151,
       255, 253, 63, 174, 235, 252, 138, 251, 82, 239, 252, 61, 169, 217,
       123, 238, 35, 101, 231, 91, 239, 165, 255, 207, 3, 217, 125, 251,
       164, 157, 190, 252, 251, 178, 111, 253, 255, 62, 251, 254, 183,
       255, 127, 138, 123, 55, 127, 95, 152, 182, 252, 123, 255, 239,
       239, 127, 196, 238, 240, 167, 251, 44, 71, 120, 111, 116, 75, 127,
       184, 100, 8, 127, 96, 255, 87, 137, 48, 18, 220, 87, 106, 64, 176,
       105, 46, 231, 237, 37, 133, 102, 179, 78, 163, 108, 222, 190, 212,
       237, 223, 55, 243, 191, 255, 166, 29, 186, 181, 102, 127, 205,
       126, 251, 2, 241, 255, 250, 251, 127, 255, 87, 127, 154, 252, 237,
       255, 10, 156, 182, 188, 219, 248, 53, 231, 191, 87, 204, 177, 172,
       190, 34, 255, 231, 59, 235, 1, 54, 203, 162, 211, 255, 119, 94,
       43, 146, 92, 175, 255, 200, 188, 191, 251, 155, 240, 177, 166,
       255, 87, 174, 48, 188, 255, 70, 107, 227, 119, 251, 145, 54, 109,
       187, 247, 79, 243, 94, 75, 130, 68, 165, 123, 200, 220, 61, 127,
       153, 207, 87, 188, 86, 51, 165, 56, 246, 119, 8, 117, 129, 82,
       104, 106, 43, 108, 123, 63, 233, 171, 84, 82, 18, 27, 196, 58,
       188, 190, 252, 122, 153, 237, 87, 223, 242, 183, 165, 24, 91, 241,
       72, 27, 9, 210, 236, 26, 58, 111, 250, 51, 251, 207, 117, 125,
       243, 249, 198, 34, 49, 150, 18, 174, 49, 135, 82, 248, 213, 11,
       235, 84, 70, 243, 40, 208, 213, 45, 12, 50, 189, 167, 25, 191,
       176, 254, 1, 82, 26, 11, 232, 3, 60, 105, 72, 33, 88, 201, 83,
       204, 34, 164, 236, 137, 3, 133, 67, 16, 88, 204, 193, 116, 78,
       178, 200, 42, 255, 197, 5, 125, 97, 155, 78, 210, 108, 99, 112,
       103, 117, 26, 66, 40, 97, 160, 227, 8, 203, 75, 29, 144, 216, 204,
       76, 106, 8, 178, 201, 140, 230, 249, 129, 21, 99, 179, 74, 130,
       116, 99, 80, 99, 52, 11, 66, 8, 105, 160, 163, 169, 195, 8, 13,
       144, 152, 132, 68, 98, 72, 242, 201, 12, 160, 208, 1, 55, 65, 187,
       82, 4, 160, 34, 1, 129, 108, 11, 224, 8, 110, 176, 161, 232, 131,
       0, 193, 137, 24, 132, 74, 106, 72, 119, 205, 28, 156, 0, 227, 52,
       80, 58, 82, 128, 60, 101, 26, 229, 153, 75, 87, 232, 52, 164, 238,
       11, 71, 99, 3, 16, 120, 252, 201, 98, 72, 179, 73, 30, 243, 197,
       5, 21, 97, 59, 46, 2, 24, 188, 153, 249, 155, 237, 80, 215, 191,
       27, 44, 25, 190, 159, 96, 24, 163, 59, 221, 16, 54, 45, 18, 247,
       235, 223, 20, 107, 242, 64, 135, 155, 9, 15, 115, 79, 52, 14, 111,
       188, 125, 136, 126, 96, 255, 99, 149, 116, 182, 110, 110, 126,
       225, 176, 41, 126, 239, 254, 39, 128, 66, 242, 67, 41, 2, 140, 59,
       219, 245, 235, 187, 71, 61, 5, 94, 19, 172, 191, 36, 68, 227, 59,
       131, 144, 50, 152, 48, 255, 111, 182, 154, 67, 144, 72, 165, 234,
       17, 79, 83, 255, 86, 130, 239, 119, 116, 1, 122, 226, 121, 227,
       176, 96, 126, 255, 23, 141, 225, 185, 4, 238, 116, 174, 190, 128,
       61, 186, 161, 168, 59, 50, 255, 252, 253, 223, 221, 127, 223, 239,
       246, 119, 255, 255, 182, 116, 255, 255, 255, 133, 253, 255, 123,
       223, 251, 255, 255, 155, 31, 172, 229, 251, 60, 185, 123, 96, 185,
       217, 211, 65, 227, 109, 188, 40, 27, 157, 70, 52, 138, 179, 196,
       80, 26, 43, 178, 48, 219, 217, 0, 123, 227, 131, 206, 115, 205,
       22, 238, 71, 166, 58, 120, 57, 112, 219, 95, 244, 249, 107, 154,
       235, 55, 70, 125, 174, 165, 212, 175, 202, 78, 107, 255, 132, 175,
       230, 235, 113, 216, 240, 155, 120, 169, 237, 81, 150, 166, 93,
       166, 120, 191, 215, 192, 250, 4, 190, 236, 16, 11, 73, 243, 49,
       211, 225, 52, 184, 162, 192, 39, 59, 191, 244, 233, 68, 221, 87,
       95, 249, 19, 230, 148, 138, 91, 125, 223, 49, 93, 220, 213, 172,
       237, 86, 125, 142, 123, 79, 229, 181, 55, 252, 86, 242, 124, 65,
       80, 103, 25, 27, 86, 168, 37, 164, 239, 137, 67, 67, 9, 208, 80,
       220, 232, 98, 72, 178, 201, 12, 247, 229, 1, 53, 98, 187, 78, 2,
       252, 188, 60, 114, 249, 253, 81, 250, 243, 250, 165, 24, 31, 219,
       74, 57, 145, 155, 212, 50, 127, 103, 218, 63, 251, 219, 117, 127,
       122, 65, 206, 147, 190, 223, 244, 255, 239, 126, 254, 250, 95,
       254, 252, 179, 106, 253, 191, 115, 255, 255, 255, 227, 236, 119,
       107, 255, 63, 127, 71, 151, 119, 252, 228, 215, 254, 125, 248,
       228, 157, 95, 215, 233, 81, 166, 190, 11, 75, 125, 87, 3, 216,
       244, 221, 98, 108, 99, 248, 138, 251, 221, 197, 63, 103, 255, 86,
       98, 107, 104, 68, 103, 100, 139, 118, 188, 105, 96, 246, 169, 235,
       89, 151, 84, 58, 228, 125, 110, 204, 182, 205, 253, 182, 250, 1,
       146, 110, 159, 90, 15, 221, 68, 158, 191, 189, 63, 86, 254, 247,
       162, 223, 23, 207, 250, 59, 203, 249, 231, 238, 39, 252, 245, 93,
       254, 242, 247, 223, 21, 174, 253, 184, 6, 77, 113, 17, 71, 112,
       14, 118, 56, 104, 168, 107, 68, 222, 83, 137, 244, 178, 92, 92,
       106, 193, 144, 249, 12, 165, 188, 37, 6, 74, 179, 67, 49, 106,
       233, 20, 190, 27, 201, 22, 166, 143, 17, 40, 41, 174, 248, 64,
       144, 129, 115, 233, 67, 70, 106, 74, 189, 175, 214, 93, 59, 82,
       29, 11, 14, 128, 172, 156, 251, 232, 173, 176, 142, 158, 59, 52,
       24, 180, 179, 64, 11, 135, 91, 106, 24, 50, 108, 202, 115, 76,
       155, 118, 120, 208, 73, 139, 139, 174, 20, 119, 222, 255, 231,
       183, 238, 159, 170, 121, 91, 124, 247, 45, 213, 255, 255, 131, 35,
       96, 247, 24, 254, 53, 62, 71, 14, 147, 127, 231, 227, 206, 189,
       244, 255, 249, 191, 190, 255, 191, 251, 223, 179, 252, 255, 92,
       106, 255, 127, 255, 151, 242, 219, 235, 251, 255, 127, 255, 230,
       150, 245, 161, 219, 27, 183, 126, 252, 127, 127, 249, 126, 127,
       237, 254, 190, 95, 237, 182, 141, 63, 207, 255, 173, 191, 251, 61,
       223, 255, 255, 179, 133, 111, 205, 237, 123, 42, 182, 255, 254,
       127, 253, 249, 250, 191, 223, 253, 63, 236, 255, 254, 181, 255,
       251, 255, 129, 183, 107, 250, 253, 223, 219, 251, 251, 31, 228,
       103, 247, 173, 253, 253, 255, 252, 59, 239, 252, 127, 234, 255,
       254, 251, 109, 157, 113, 255, 207, 127, 175, 249, 243, 239, 255,
       254, 255, 231, 252, 223, 251, 210, 241, 82, 2, 158, 165, 162, 34,
       189, 3, 172, 191, 214, 183, 205, 167, 43, 74, 54, 53, 237, 165,
       16, 213, 129, 200, 208, 163, 122, 133, 164, 96, 165, 83, 71, 182,
       157, 146, 170, 44, 61, 159, 59, 95, 187, 253, 220, 230, 202, 95,
       183, 87, 108, 54, 183, 65, 235, 64, 188, 54, 127, 254, 136, 210,
       163, 117, 207, 252, 254, 255, 252, 187, 255, 254, 191, 251, 254,
       56, 254, 255, 221, 115, 255, 255, 255, 31, 242, 255, 235, 255,
       254, 255, 127, 254, 214, 254, 163, 249, 188, 78, 30, 126, 52, 134,
       86, 56, 245, 138, 242, 65, 227, 195, 33, 209, 208, 40, 12, 110,
       108, 133, 65, 62, 226, 255, 37, 17, 18, 184, 104, 3, 120, 157, 31,
       126, 9, 210, 86, 37, 133, 8, 174, 8, 115, 247, 32, 243, 192, 242,
       236, 98, 88, 43, 90, 61, 243, 243, 69, 27, 48, 58, 236, 26, 171,
       221, 146, 154, 223, 213, 186, 238, 159, 89, 84, 23, 172, 254, 54,
       204, 237, 123, 179, 213, 183, 47, 18, 247, 63, 119, 158, 235, 159,
       28, 185, 223, 8, 174, 156, 251, 172, 169, 64, 147, 86, 23, 109, 1,
       183, 225, 130, 73, 3, 42, 42, 28, 18, 248, 75, 53, 206, 207, 117,
       105, 242, 200, 200, 136, 204, 144, 188, 251, 169, 244, 177, 159,
       191, 31, 167, 16, 220, 255, 104, 91, 229, 19, 251, 16, 50, 77,
       155, 211, 203, 251, 90, 87, 210, 64, 173, 35, 240, 156, 23, 252,
       137, 102, 84, 175, 149, 26, 162, 80, 102, 54, 32, 255, 193, 247,
       104, 32, 121, 207, 19, 141, 185, 242, 84, 26, 24, 104, 164, 30,
