%YAML:1.0
---
descriptors: !!opencv-matrix
   rows: 274
   cols: 32
   dt: u
   data: [ 245, 223, 159, 150, 216, 39, 135, 248, 26, 170, 184, 124, 118,
       119, 9, 17, 221, 215, 110, 98, 121, 231, 89, 63, 185, 38, 101,
       214, 200, 123, 170, 49, 109, 239, 114, 143, 252, 170, 239, 248,
       124, 142, 251, 71, 221, 106, 183, 64, 127, 238, 78, 239, 244, 179,
       237, 239, 252, 63, 167, 196, 85, 251, 115, 129, 87, 145, 150, 199,
       175, 125, 52, 141, 239, 185, 190, 10, 206, 242, 108, 254, 226, 87,
       238, 24, 23, 41, 251, 224, 159, 252, 87, 127, 154, 126, 201, 7,
       140, 12, 220, 127, 203, 249, 116, 3, 150, 178, 101, 26, 235, 105,
       1, 139, 33, 114, 225, 10, 48, 116, 91, 59, 71, 235, 81, 49, 243,
       249, 204, 130, 216, 135, 13, 254, 25, 132, 77, 189, 180, 20, 134,
       212, 231, 71, 8, 199, 68, 210, 233, 236, 106, 201, 115, 61, 163,
       243, 214, 16, 18, 128, 164, 120, 89, 233, 42, 162, 61, 157, 90,
       252, 231, 108, 184, 13, 175, 202, 90, 16, 216, 193, 204, 213, 206,
       43, 216, 177, 250, 217, 167, 125, 106, 134, 234, 78, 53, 207, 73,
       239, 94, 3, 239, 252, 86, 224, 254, 230, 115, 105, 177, 96, 126,
       236, 38, 238, 201, 178, 111, 191, 244, 207, 167, 164, 125, 187,
       112, 168, 33, 239, 107, 231, 244, 143, 239, 245, 125, 192, 250,
       78, 123, 73, 156, 48, 122, 238, 86, 111, 227, 186, 109, 255, 126,
       253, 37, 0, 109, 154, 242, 168, 74, 171, 150, 184, 219, 193, 176,
       239, 175, 21, 160, 41, 172, 215, 96, 82, 231, 59, 235, 144, 82,
       11, 130, 245, 249, 208, 30, 123, 18, 4, 167, 203, 164, 236, 236,
       191, 205, 45, 229, 238, 31, 182, 176, 31, 227, 104, 87, 11, 233,
       198, 111, 79, 108, 127, 219, 185, 93, 219, 215, 60, 85, 121, 86,
       202, 120, 251, 16, 186, 57, 137, 82, 216, 163, 56, 160, 109, 175,
       195, 65, 210, 192, 227, 236, 82, 79, 75, 218, 181, 154, 208, 129,
       123, 10, 7, 42, 27, 156, 139, 147, 252, 17, 15, 114, 248, 55, 4,
       224, 65, 231, 229, 57, 68, 221, 218, 46, 24, 14, 231, 27, 191,
       219, 215, 7, 77, 242, 168, 36, 130, 3, 239, 107, 249, 244, 139,
       239, 246, 127, 78, 126, 130, 185, 173, 183, 96, 127, 251, 23, 205,
       234, 190, 100, 255, 237, 207, 190, 128, 117, 216, 119, 232, 8,
       255, 122, 251, 244, 159, 254, 247, 126, 12, 126, 70, 185, 201,
       180, 112, 251, 106, 23, 89, 226, 184, 174, 255, 111, 255, 190,
       193, 30, 216, 251, 171, 87, 32, 110, 77, 26, 143, 185, 105, 190,
       180, 199, 139, 220, 206, 214, 48, 55, 61, 127, 173, 130, 209, 175,
       93, 221, 14, 11, 180, 37, 162, 7, 224, 29, 117, 247, 231, 191, 27,
       239, 248, 117, 228, 255, 6, 207, 115, 11, 244, 126, 197, 238, 234,
       232, 179, 125, 238, 254, 254, 7, 4, 111, 247, 227, 227, 108, 185,
       156, 90, 233, 157, 144, 158, 142, 153, 60, 105, 174, 249, 64, 154,
       129, 114, 239, 88, 18, 107, 202, 49, 79, 223, 117, 251, 210, 88,
       207, 139, 144, 91, 62, 245, 52, 143, 113, 55, 236, 137, 114, 0,
       183, 51, 32, 97, 166, 51, 78, 72, 160, 185, 49, 47, 233, 233, 54,
       0, 0, 152, 133, 43, 126, 123, 254, 228, 143, 95, 215, 232, 203,
       182, 191, 11, 75, 249, 95, 26, 186, 213, 229, 99, 200, 99, 187,
       160, 251, 217, 69, 55, 103, 255, 94, 70, 222, 70, 215, 191, 36,
       42, 126, 24, 61, 142, 251, 245, 239, 231, 137, 222, 127, 245, 237,
       166, 104, 212, 207, 234, 148, 247, 251, 145, 38, 247, 37, 33, 5,
       174, 201, 251, 244, 169, 233, 158, 126, 83, 127, 246, 147, 195,
       217, 104, 127, 138, 54, 156, 147, 188, 111, 243, 204, 223, 183,
       196, 252, 201, 193, 177, 56, 157, 108, 125, 177, 151, 87, 191, 22,
       142, 110, 133, 123, 119, 34, 80, 81, 126, 165, 46, 120, 152, 123,
       63, 107, 239, 229, 149, 51, 230, 236, 123, 1, 143, 107, 255, 244,
       128, 109, 119, 124, 65, 127, 246, 241, 227, 152, 97, 126, 174, 62,
       140, 219, 152, 231, 101, 228, 169, 186, 192, 45, 192, 225, 185,
       188, 81, 91, 110, 82, 67, 87, 120, 4, 64, 245, 174, 83, 85, 171,
       16, 122, 248, 7, 234, 72, 179, 120, 28, 115, 233, 33, 28, 123,
       187, 110, 242, 137, 222, 231, 125, 196, 54, 236, 55, 116, 194, 86,
       86, 57, 41, 180, 193, 103, 110, 51, 140, 225, 252, 53, 239, 102,
       239, 246, 128, 47, 240, 248, 152, 65, 165, 215, 213, 228, 43, 109,
       127, 255, 251, 254, 218, 223, 227, 216, 111, 127, 207, 126, 152,
       177, 242, 239, 192, 220, 186, 119, 132, 175, 224, 227, 161, 6,
       188, 188, 147, 233, 253, 176, 207, 158, 63, 13, 17, 172, 246, 104,
       75, 225, 91, 235, 17, 50, 89, 154, 243, 205, 19, 95, 111, 144, 73,
       141, 179, 146, 177, 187, 248, 211, 212, 181, 103, 222, 77, 84, 50,
       188, 159, 36, 32, 238, 59, 147, 129, 211, 171, 50, 213, 99, 197,
       58, 75, 85, 0, 165, 251, 24, 223, 94, 173, 50, 130, 60, 119, 52,
       15, 90, 231, 109, 35, 162, 64, 102, 55, 167, 164, 244, 152, 5,
       223, 240, 231, 254, 129, 53, 212, 173, 89, 172, 114, 252, 82, 237,
       29, 85, 216, 211, 190, 181, 29, 26, 205, 95, 26, 141, 192, 199,
       94, 234, 118, 250, 240, 95, 219, 117, 61, 194, 249, 70, 243, 54,
       107, 158, 178, 201, 77, 151, 192, 139, 190, 181, 43, 78, 205, 103,
       27, 172, 241, 207, 83, 76, 103, 10, 240, 211, 211, 69, 63, 209,
       127, 15, 195, 99, 47, 236, 21, 228, 27, 100, 39, 107, 238, 126,
       169, 234, 40, 215, 191, 139, 238, 228, 12, 220, 248, 229, 236, 38,
       122, 117, 145, 70, 252, 218, 205, 35, 37, 235, 220, 247, 251, 255,
       111, 31, 195, 124, 138, 25, 238, 183, 228, 123, 59, 151, 172, 21,
       186, 52, 222, 55, 95, 159, 171, 215, 254, 231, 253, 194, 191, 158,
       154, 242, 225, 180, 103, 190, 23, 74, 243, 172, 230, 100, 201,
       167, 59, 235, 145, 50, 217, 130, 119, 28, 6, 126, 203, 128, 64,
       173, 139, 17, 79, 95, 231, 38, 138, 109, 55, 108, 192, 94, 230,
       247, 35, 144, 96, 118, 175, 62, 140, 193, 152, 37, 108, 228, 175,
       246, 128, 44, 146, 161, 185, 181, 83, 121, 47, 110, 22, 199, 56,
       96, 238, 245, 238, 83, 72, 159, 51, 30, 196, 100, 239, 237, 166,
       237, 12, 114, 171, 97, 140, 109, 179, 98, 193, 183, 239, 137, 62,
       220, 15, 71, 254, 31, 206, 121, 223, 98, 224, 39, 129, 157, 235,
       70, 103, 253, 111, 8, 127, 56, 6, 5, 60, 249, 123, 200, 92, 244,
       253, 237, 229, 130, 75, 71, 188, 48, 226, 158, 239, 211, 101, 217,
       19, 30, 212, 125, 99, 105, 244, 253, 10, 225, 162, 229, 180, 101,
       251, 86, 114, 100, 123, 253, 68, 236, 77, 237, 248, 203, 252, 188,
       8, 26, 205, 213, 63, 140, 208, 119, 110, 193, 99, 234, 224, 95,
       24, 101, 60, 67, 251, 86, 245, 25, 95, 111, 255, 150, 171, 111,
       246, 116, 100, 222, 226, 243, 183, 177, 96, 126, 238, 62, 202,
       233, 184, 117, 191, 228, 239, 167, 128, 53, 250, 244, 232, 6, 180,
       156, 242, 233, 237, 48, 207, 159, 63, 188, 24, 172, 254, 104, 14,
       141, 91, 251, 17, 50, 75, 218, 243, 157, 214, 95, 127, 144, 73,
       141, 191, 0, 223, 110, 255, 244, 159, 239, 247, 254, 78, 126, 6,
       253, 233, 179, 96, 127, 235, 23, 141, 226, 184, 62, 255, 231, 223,
       190, 128, 125, 218, 245, 184, 219, 223, 70, 188, 178, 146, 110,
       183, 181, 64, 82, 231, 109, 34, 162, 193, 102, 231, 189, 197, 237,
       153, 5, 239, 176, 227, 254, 128, 63, 180, 169, 25, 5, 135, 79,
       251, 244, 170, 105, 186, 126, 81, 127, 246, 241, 227, 184, 96,
       127, 142, 62, 156, 155, 184, 111, 247, 204, 175, 178, 192, 188,
       203, 240, 177, 201, 184, 191, 126, 169, 236, 121, 215, 251, 95,
       182, 24, 191, 255, 66, 123, 165, 119, 125, 28, 179, 109, 178, 49,
       219, 251, 112, 88, 194, 192, 135, 123, 106, 188, 151, 250, 249,
       237, 253, 223, 191, 91, 184, 88, 158, 255, 104, 248, 205, 219,
       255, 17, 179, 107, 218, 247, 253, 223, 30, 254, 218, 88, 131, 187,
       185, 234, 19, 113, 34, 143, 54, 180, 254, 170, 50, 236, 191, 129,
       128, 48, 38, 104, 110, 78, 225, 252, 36, 63, 230, 203, 53, 48, 74,
       152, 67, 41, 146, 14, 14, 188, 46, 160, 187, 98, 156, 78, 210,
