%YAML:1.0
---
descriptors: !!opencv-matrix
   rows: 201
   cols: 32
   dt: u
   data: [ 34, 181, 48, 30, 91, 217, 148, 239, 223, 21, 40, 9, 46, 252,
       38, 132, 137, 59, 194, 1, 86, 42, 122, 183, 63, 22, 21, 59, 83,
       76, 143, 222, 37, 115, 217, 226, 236, 45, 238, 216, 11, 184, 121,
       106, 148, 219, 233, 0, 191, 89, 119, 91, 211, 50, 202, 240, 92,
       156, 47, 172, 221, 123, 195, 161, 40, 180, 185, 225, 145, 239,
       113, 95, 127, 105, 109, 16, 158, 151, 104, 32, 185, 27, 2, 24, 19,
       184, 49, 151, 205, 221, 16, 102, 210, 74, 199, 186, 122, 188, 238,
       50, 143, 253, 144, 135, 139, 87, 142, 159, 170, 188, 86, 139, 201,
       179, 249, 145, 62, 79, 246, 161, 155, 83, 220, 123, 199, 76, 158,
       94, 131, 104, 227, 149, 86, 207, 173, 71, 94, 226, 80, 146, 177,
       12, 247, 44, 59, 40, 18, 157, 227, 244, 53, 202, 37, 14, 159, 160,
       229, 120, 209, 236, 190, 191, 167, 190, 233, 255, 182, 247, 55,
       127, 240, 253, 46, 254, 166, 29, 253, 255, 247, 6, 254, 255, 234,
       167, 251, 115, 117, 251, 203, 124, 166, 215, 182, 237, 229, 255,
       157, 71, 206, 189, 87, 176, 243, 27, 83, 121, 92, 35, 217, 222,
       117, 123, 250, 250, 219, 191, 43, 250, 197, 118, 119, 187, 208,
       34, 167, 230, 245, 222, 252, 35, 220, 189, 219, 187, 57, 240, 124,
       233, 220, 10, 151, 87, 119, 47, 177, 229, 139, 223, 46, 62, 125,
       220, 205, 226, 195, 129, 166, 204, 246, 254, 252, 171, 150, 238,
       223, 147, 248, 25, 238, 249, 37, 105, 215, 123, 127, 32, 48, 111,
       74, 191, 186, 254, 87, 126, 212, 249, 129, 143, 41, 187, 58, 64,
       244, 221, 247, 119, 105, 108, 124, 44, 186, 156, 150, 52, 156, 42,
       214, 72, 215, 184, 160, 61, 127, 221, 36, 161, 67, 154, 206, 237,
       3, 138, 130, 157, 25, 148, 40, 119, 182, 5, 70, 85, 173, 166, 34,
       197, 228, 43, 170, 140, 166, 222, 146, 127, 15, 246, 154, 72, 26,
       4, 41, 220, 237, 75, 217, 101, 36, 14, 111, 184, 101, 170, 118,
       108, 211, 97, 145, 115, 18, 196, 108, 110, 201, 180, 237, 40, 230,
       249, 97, 4, 106, 187, 66, 33, 180, 133, 153, 154, 220, 45, 199,
       236, 90, 51, 161, 24, 214, 113, 105, 25, 217, 194, 10, 114, 122,
       99, 90, 63, 185, 150, 69, 124, 208, 123, 130, 162, 196, 143, 132,
       151, 150, 136, 166, 135, 190, 147, 74, 210, 229, 226, 73, 202,
       115, 234, 42, 152, 114, 252, 143, 227, 172, 38, 255, 68, 173, 122,
       177, 0, 10, 190, 178, 19, 241, 252, 189, 39, 191, 95, 86, 53, 172,
       190, 70, 140, 167, 59, 243, 17, 54, 216, 178, 231, 15, 118, 94,
       195, 130, 68, 143, 223, 33, 101, 89, 100, 85, 79, 70, 235, 113,
       162, 104, 8, 19, 49, 17, 48, 88, 156, 16, 40, 105, 178, 208, 14,
       117, 204, 5, 36, 97, 184, 82, 160, 10, 180, 179, 153, 211, 225,
       184, 71, 159, 87, 72, 179, 172, 190, 38, 204, 167, 59, 147, 145,
       54, 217, 18, 215, 15, 86, 154, 203, 146, 68, 165, 223, 56, 173,
       91, 108, 84, 207, 71, 119, 97, 128, 232, 8, 55, 145, 0, 48, 184,
       184, 68, 96, 89, 186, 208, 29, 241, 205, 4, 56, 96, 10, 198, 170,
       80, 168, 155, 120, 185, 200, 80, 163, 171, 27, 170, 41, 151, 243,
       64, 90, 193, 183, 108, 16, 26, 11, 195, 19, 217, 247, 53, 123,
       128, 0, 134, 35, 85, 17, 159, 225, 186, 6, 43, 25, 44, 153, 75,
       68, 221, 247, 200, 122, 118, 85, 124, 248, 145, 129, 155, 64, 205,
       169, 47, 196, 136, 227, 161, 49, 161, 100, 125, 71, 84, 15, 231,
       112, 85, 164, 245, 74, 115, 17, 148, 53, 88, 188, 66, 106, 233,
       190, 117, 46, 103, 138, 0, 16, 103, 139, 86, 168, 133, 227, 29,
       235, 180, 143, 111, 249, 86, 56, 113, 64, 215, 195, 169, 97, 94,
       8, 14, 126, 243, 180, 73, 62, 172, 136, 39, 68, 24, 155, 193, 161,
       242, 197, 108, 124, 139, 67, 85, 239, 149, 54, 130, 139, 83, 125,
       38, 81, 249, 149, 249, 163, 120, 79, 123, 29, 251, 227, 197, 87,
       53, 40, 244, 98, 40, 253, 127, 117, 116, 206, 117, 119, 116, 204,
       118, 68, 63, 55, 128, 112, 172, 126, 118, 12, 225, 184, 49, 111,
       103, 175, 48, 0, 66, 160, 102, 249, 149, 54, 89, 225, 242, 38, 57,
       123, 59, 170, 59, 116, 93, 55, 200, 48, 183, 157, 21, 176, 177,
       146, 153, 94, 253, 206, 39, 230, 168, 224, 163, 179, 92, 185, 155,
       234, 251, 197, 83, 255, 171, 137, 172, 72, 62, 247, 64, 242, 165,
       251, 253, 80, 19, 11, 154, 117, 251, 253, 7, 122, 170, 2, 163, 59,
       90, 184, 157, 186, 139, 229, 29, 151, 143, 123, 144, 91, 190, 191,
       96, 74, 229, 119, 253, 145, 27, 75, 218, 241, 217, 211, 127, 250,
       144, 80, 165, 123, 13, 181, 16, 195, 253, 61, 241, 89, 79, 121,
       61, 92, 222, 88, 218, 172, 159, 139, 254, 60, 151, 112, 123, 212,
       207, 221, 39, 244, 222, 142, 201, 245, 82, 82, 111, 205, 106, 70,
       27, 60, 165, 76, 214, 231, 125, 23, 131, 119, 102, 213, 253, 230,
       193, 135, 103, 77, 212, 34, 234, 146, 47, 183, 37, 123, 27, 243,
       109, 41, 180, 151, 219, 57, 68, 236, 215, 231, 209, 92, 158, 32,
       94, 137, 31, 255, 221, 152, 125, 157, 234, 73, 171, 212, 125, 142,
       244, 85, 199, 17, 239, 133, 170, 90, 189, 57, 188, 230, 151, 246,
       221, 190, 215, 107, 54, 85, 123, 239, 225, 213, 181, 72, 68, 43,
       111, 148, 44, 240, 5, 113, 226, 184, 238, 26, 141, 249, 176, 199,
       171, 87, 164, 185, 174, 188, 86, 11, 139, 179, 249, 17, 62, 105,
       178, 241, 155, 115, 222, 123, 199, 76, 215, 94, 220, 216, 151,
       255, 3, 78, 37, 152, 63, 203, 195, 80, 252, 119, 8, 254, 181, 213,
       248, 130, 65, 213, 155, 227, 209, 230, 91, 6, 170, 49, 37, 50,
       214, 75, 110, 20, 186, 82, 94, 33, 185, 204, 150, 175, 107, 110,
       151, 87, 38, 245, 253, 231, 252, 207, 173, 236, 186, 99, 237, 211,
       39, 181, 174, 87, 59, 48, 125, 232, 46, 87, 217, 25, 75, 252, 119,
       237, 31, 157, 150, 56, 134, 29, 181, 21, 157, 250, 179, 212, 195,
       249, 57, 246, 87, 141, 85, 119, 91, 114, 124, 237, 46, 86, 89, 24,
       171, 252, 119, 165, 221, 223, 214, 118, 134, 189, 181, 237, 207,
       84, 183, 209, 195, 249, 169, 175, 39, 134, 71, 119, 184, 17, 27,
       254, 201, 197, 84, 109, 177, 7, 229, 25, 127, 255, 40, 88, 216,
       187, 133, 0, 122, 135, 26, 147, 211, 247, 80, 59, 114, 2, 238,
       130, 41, 187, 123, 78, 246, 217, 245, 119, 125, 76, 124, 168, 62,
       188, 182, 52, 54, 58, 150, 8, 214, 184, 36, 77, 118, 61, 36, 195,
       71, 142, 199, 237, 29, 65, 121, 101, 82, 78, 123, 24, 109, 224,
       111, 129, 223, 31, 10, 112, 54, 157, 86, 110, 197, 176, 117, 12,
       197, 205, 1, 4, 103, 162, 67, 240, 66, 162, 164, 31, 89, 148, 40,
       61, 54, 29, 65, 213, 232, 230, 30, 196, 213, 27, 235, 133, 150,
       88, 203, 85, 15, 118, 218, 73, 18, 132, 173, 220, 194, 175, 214,
       158, 254, 161, 174, 175, 154, 179, 24, 218, 237, 234, 208, 67, 19,
       111, 123, 189, 50, 77, 142, 255, 172, 22, 159, 236, 140, 112, 147,
       8, 166, 204, 150, 254, 252, 171, 158, 239, 223, 147, 240, 24, 206,
       233, 36, 73, 211, 123, 111, 1, 48, 111, 74, 255, 184, 190, 87,
       126, 212, 249, 129, 137, 226, 20, 20, 245, 79, 39, 185, 119, 16,
       186, 147, 126, 252, 61, 0, 175, 109, 183, 115, 161, 241, 254, 83,
       140, 21, 66, 251, 146, 13, 104, 49, 187, 3, 149, 107, 152, 242,
       212, 189, 119, 190, 77, 92, 182, 156, 222, 182, 100, 166, 59, 151,
       141, 151, 152, 54, 215, 108, 60, 186, 200, 21, 132, 165, 245, 8,
       180, 177, 225, 151, 239, 177, 91, 127, 105, 125, 48, 158, 23, 72,
       172, 187, 27, 134, 16, 19, 180, 113, 210, 207, 220, 18, 102, 251,
       72, 197, 179, 109, 67, 241, 101, 36, 10, 111, 184, 97, 162, 118,
       204, 211, 33, 145, 119, 58, 196, 108, 110, 201, 176, 229, 8, 230,
       248, 97, 4, 102, 187, 66, 32, 185, 123, 109, 33, 71, 253, 112, 23,
       101, 92, 126, 231, 131, 29, 147, 124, 44, 154, 231, 84, 207, 184,
       117, 160, 199, 241, 48, 195, 107, 140, 246, 255, 60, 239, 17, 161,
       210, 203, 39, 232, 22, 33, 104, 202, 151, 3, 72, 148, 123, 217, 6,
       250, 91, 58, 73, 55, 189, 132, 39, 116, 177, 27, 135, 160, 55,
