%YAML:1.0
---
descriptors: !!opencv-matrix
   rows: 186
   cols: 32
   dt: u
   data: [ 127, 150, 255, 102, 186, 126, 91, 184, 113, 79, 191, 253, 123,
       125, 158, 246, 55, 214, 253, 110, 189, 165, 61, 175, 242, 255, 33,
       150, 239, 231, 206, 117, 100, 232, 156, 113, 141, 141, 84, 167,
       235, 179, 40, 8, 134, 176, 68, 26, 129, 86, 104, 16, 82, 105, 219,
       48, 205, 146, 85, 127, 192, 72, 207, 10, 44, 172, 188, 94, 217,
       253, 148, 143, 158, 179, 36, 25, 254, 253, 64, 27, 141, 114, 235,
       24, 50, 106, 218, 49, 111, 223, 85, 123, 210, 89, 206, 170, 8,
       172, 188, 83, 205, 125, 245, 159, 222, 63, 180, 24, 186, 57, 222,
       43, 9, 82, 238, 24, 50, 109, 235, 113, 79, 155, 117, 125, 211, 89,
       198, 170, 135, 191, 237, 87, 242, 47, 175, 191, 62, 254, 86, 246,
       121, 111, 159, 63, 55, 95, 255, 175, 245, 220, 255, 127, 46, 42,
       255, 132, 143, 245, 215, 253, 124, 249, 185, 232, 153, 205, 83,
       218, 163, 185, 172, 9, 31, 223, 64, 16, 165, 217, 221, 80, 90, 43,
       210, 181, 251, 221, 5, 127, 242, 51, 198, 19, 80, 232, 94, 112,
       43, 200, 49, 230, 171, 21, 174, 168, 46, 151, 64, 22, 163, 51,
       236, 16, 2, 75, 130, 117, 219, 242, 80, 123, 96, 0, 39, 43, 90,
       189, 149, 210, 173, 252, 84, 143, 191, 179, 174, 24, 174, 247, 76,
       255, 227, 119, 252, 16, 59, 73, 251, 241, 155, 250, 87, 127, 130,
       84, 203, 47, 141, 111, 103, 95, 176, 127, 79, 188, 119, 230, 110,
       180, 251, 230, 159, 245, 23, 78, 164, 110, 225, 212, 175, 62, 226,
       255, 101, 4, 106, 247, 192, 124, 1, 143, 95, 253, 246, 128, 237,
       119, 252, 65, 250, 246, 253, 235, 144, 97, 110, 163, 126, 140,
       243, 184, 103, 239, 244, 175, 250, 128, 109, 128, 225, 169, 85,
       135, 79, 225, 222, 43, 239, 248, 108, 240, 251, 230, 215, 99, 185,
       99, 126, 204, 126, 254, 193, 177, 237, 252, 252, 169, 175, 244,
       61, 251, 115, 160, 158, 180, 151, 183, 171, 96, 189, 207, 191,
       183, 179, 179, 205, 247, 72, 207, 239, 87, 255, 145, 58, 79, 203,
       194, 205, 243, 223, 215, 130, 116, 167, 243, 124, 179, 220, 190,
       171, 56, 16, 159, 163, 159, 173, 253, 207, 227, 74, 218, 135, 199,
       237, 16, 30, 75, 203, 33, 218, 247, 117, 251, 170, 228, 138, 19,
       229, 195, 73, 239, 236, 9, 239, 249, 45, 80, 249, 230, 221, 107,
       152, 99, 126, 203, 127, 239, 209, 114, 239, 225, 244, 217, 239,
       172, 125, 243, 226, 161, 120, 235, 136, 250, 189, 129, 82, 222,
       163, 61, 164, 9, 59, 211, 74, 18, 201, 210, 237, 208, 90, 75, 202,
       49, 251, 193, 181, 249, 18, 16, 206, 11, 195, 150, 172, 219, 172,
       237, 125, 159, 191, 127, 158, 117, 214, 191, 78, 107, 229, 87,
       127, 20, 182, 205, 123, 115, 207, 59, 118, 213, 152, 88, 133, 91,
       183, 118, 46, 62, 45, 63, 244, 232, 253, 222, 243, 63, 74, 232,
       63, 143, 249, 205, 207, 167, 236, 231, 111, 254, 146, 219, 255,
       159, 69, 125, 127, 199, 126, 252, 190, 186, 189, 213, 159, 248,
       155, 95, 149, 63, 238, 255, 107, 134, 221, 243, 253, 211, 234, 71,
       250, 247, 249, 215, 143, 255, 158, 127, 191, 115, 144, 223, 63,
       245, 52, 239, 49, 55, 252, 141, 122, 0, 183, 51, 32, 97, 166, 51,
       14, 8, 160, 185, 33, 45, 233, 233, 54, 64, 0, 8, 133, 43, 139, 26,
       130, 155, 1, 180, 56, 194, 31, 4, 70, 151, 172, 138, 55, 205, 212,
       43, 179, 213, 38, 220, 82, 243, 6, 115, 154, 203, 158, 5, 57, 222,
       1, 143, 104, 169, 148, 143, 238, 55, 76, 72, 94, 198, 179, 8, 178,
       96, 122, 162, 22, 109, 215, 184, 69, 93, 228, 45, 162, 192, 125,
       138, 249, 156, 188, 237, 108, 103, 138, 91, 103, 172, 96, 246,
       239, 169, 227, 100, 219, 51, 24, 238, 232, 98, 124, 240, 239, 43,
       230, 193, 197, 61, 103, 255, 222, 198, 118, 117, 248, 102, 185,
       127, 90, 156, 187, 172, 175, 8, 115, 247, 79, 118, 209, 246, 253,
       112, 8, 67, 251, 186, 251, 255, 197, 63, 130, 243, 94, 115, 133,
       166, 223, 241, 110, 171, 233, 218, 254, 51, 243, 246, 219, 193,
       216, 123, 111, 204, 126, 156, 187, 244, 239, 243, 204, 235, 243,
       196, 188, 137, 97, 160, 254, 253, 246, 238, 255, 87, 254, 248,
       255, 238, 191, 43, 203, 253, 95, 230, 255, 215, 255, 227, 252, 99,
       255, 254, 255, 255, 207, 255, 231, 255, 236, 87, 254, 255, 253,
       230, 185, 86, 95, 188, 51, 254, 159, 189, 239, 127, 202, 183, 215,
       214, 253, 118, 253, 67, 251, 170, 251, 223, 109, 191, 134, 247,
       142, 119, 191, 191, 126, 247, 247, 123, 95, 255, 125, 238, 255,
       191, 95, 125, 158, 48, 127, 223, 223, 239, 253, 255, 125, 255,
       250, 255, 229, 245, 231, 255, 222, 117, 153, 220, 55, 124, 36,
       220, 236, 244, 252, 82, 98, 80, 255, 24, 52, 225, 228, 33, 26,
       107, 225, 173, 55, 255, 161, 251, 82, 0, 80, 152, 97, 108, 60,
       239, 239, 37, 164, 74, 103, 172, 117, 230, 110, 169, 195, 100,
       155, 19, 26, 204, 108, 102, 108, 240, 237, 14, 226, 227, 101, 37,
       102, 254, 86, 196, 120, 251, 88, 250, 41, 137, 82, 248, 163, 60,
       172, 109, 175, 211, 66, 146, 195, 210, 237, 82, 78, 75, 202, 177,
       218, 213, 33, 127, 58, 131, 74, 11, 107, 251, 149, 182, 171, 156,
       16, 142, 171, 253, 128, 237, 174, 230, 74, 154, 135, 71, 236, 85,
       159, 75, 222, 97, 152, 82, 93, 254, 136, 20, 139, 93, 49, 143, 79,
       251, 254, 170, 233, 255, 126, 49, 251, 246, 177, 227, 184, 97,
       127, 174, 62, 156, 187, 184, 207, 255, 220, 175, 178, 192, 189,
       200, 208, 168, 179, 239, 70, 143, 126, 155, 174, 253, 31, 168,
       251, 230, 105, 200, 188, 133, 126, 238, 215, 238, 229, 179, 79,
       255, 54, 14, 175, 160, 127, 191, 249, 157, 231, 249, 254, 250,
       237, 157, 82, 204, 235, 89, 185, 9, 238, 250, 94, 50, 203, 235,
       124, 83, 222, 107, 218, 241, 251, 221, 7, 123, 88, 18, 74, 79,
       218, 90, 151, 180, 11, 194, 63, 98, 172, 142, 210, 179, 239, 255,
       33, 75, 166, 245, 237, 194, 104, 197, 2, 232, 209, 227, 106, 131,
       32, 113, 37, 59, 86, 180, 149, 243, 169, 249, 124, 143, 191, 187,
       158, 176, 206, 247, 72, 223, 231, 215, 239, 144, 59, 73, 203, 224,
       143, 247, 223, 223, 130, 68, 173, 55, 104, 233, 188, 91, 169, 221,
       149, 143, 206, 63, 188, 56, 190, 241, 198, 62, 129, 114, 238, 24,
       18, 105, 202, 113, 79, 159, 117, 123, 210, 88, 207, 43, 222, 12,
       254, 86, 11, 46, 61, 210, 187, 182, 167, 157, 79, 167, 79, 95, 39,
       213, 233, 174, 32, 215, 154, 72, 83, 171, 81, 53, 235, 245, 39,
       122, 61, 157, 121, 99, 241, 95, 95, 248, 117, 236, 255, 8, 91,
       125, 31, 116, 220, 222, 214, 106, 221, 178, 121, 190, 127, 255, 5,
       21, 99, 187, 70, 247, 237, 126, 221, 101, 160, 47, 111, 190, 48,
       170, 54, 108, 215, 51, 129, 187, 23, 84, 124, 106, 105, 244, 209,
       10, 231, 219, 101, 148, 202, 240, 74, 57, 227, 180, 120, 26, 252,
       61, 212, 143, 91, 107, 189, 93, 210, 120, 94, 57, 221, 195, 94,
       53, 191, 111, 223, 119, 54, 30, 81, 123, 217, 89, 218, 31, 124,
       125, 249, 103, 133, 94, 215, 188, 81, 226, 46, 10, 83, 61, 81, 35,
       145, 252, 49, 106, 233, 242, 249, 174, 123, 239, 197, 52, 231,
       250, 86, 122, 191, 253, 237, 71, 220, 87, 79, 184, 83, 250, 28,
       140, 81, 127, 223, 51, 29, 206, 21, 238, 233, 210, 253, 62, 111,
       15, 237, 164, 175, 243, 82, 240, 252, 245, 69, 103, 57, 95, 95,
       188, 55, 238, 255, 44, 251, 119, 11, 144, 221, 212, 237, 226, 105,
       210, 249, 191, 255, 207, 229, 181, 106, 255, 78, 123, 64, 169,
       148, 52, 106, 201, 176, 194, 254, 177, 32, 41, 166, 241, 64, 26,
       163, 127, 234, 80, 2, 105, 130, 49, 156, 130, 117, 59, 192, 40, 7,
       139, 183, 245, 237, 85, 234, 87, 159, 253, 19, 250, 116, 254, 81,
       124, 159, 45, 31, 220, 182, 238, 237, 246, 125, 30, 110, 11, 101,
       180, 127, 252, 212, 245, 206, 255, 190, 242, 173, 253, 159, 220,
       187, 255, 189, 61, 220, 255, 94, 47, 159, 215, 253, 83, 183, 99,
       250, 243, 251, 219, 223, 255, 206, 119, 143, 83, 33, 111, 65, 101,
