%YAML:1.0
---
descriptors: !!opencv-matrix
   rows: 149
   cols: 32
   dt: u
   data: [ 21, 126, 241, 65, 178, 235, 179, 150, 126, 115, 122, 240, 157,
       28, 149, 40, 55, 29, 119, 17, 162, 188, 101, 118, 108, 46, 48,
       198, 229, 209, 7, 165, 42, 249, 252, 118, 169, 92, 221, 151, 235,
       255, 52, 141, 173, 253, 94, 46, 135, 123, 253, 145, 134, 104, 250,
       160, 79, 217, 92, 187, 231, 212, 207, 223, 220, 248, 191, 246, 11,
       64, 23, 228, 160, 150, 167, 9, 127, 247, 65, 123, 224, 245, 249,
       226, 104, 71, 186, 32, 219, 227, 207, 31, 32, 51, 39, 122, 62,
       159, 122, 78, 253, 95, 215, 248, 85, 108, 253, 11, 74, 189, 63,
       180, 220, 206, 215, 110, 252, 163, 125, 190, 115, 125, 5, 63, 119,
       255, 126, 215, 92, 114, 159, 116, 170, 107, 21, 156, 171, 190,
       166, 249, 87, 247, 73, 27, 183, 212, 237, 34, 96, 213, 137, 0,
       211, 195, 117, 55, 224, 249, 7, 35, 74, 107, 174, 242, 248, 200,
       125, 215, 175, 157, 86, 161, 173, 135, 99, 90, 198, 121, 239, 212,
       2, 216, 162, 240, 238, 245, 190, 225, 130, 148, 135, 235, 215, 91,
       127, 109, 46, 22, 95, 56, 225, 202, 214, 228, 249, 127, 149, 115,
       54, 245, 125, 238, 233, 197, 165, 200, 226, 251, 239, 144, 46,
       179, 33, 113, 33, 111, 98, 7, 100, 157, 230, 112, 233, 204, 124,
       77, 162, 232, 151, 148, 152, 104, 70, 111, 196, 186, 230, 45, 38,
       88, 33, 56, 67, 190, 90, 197, 215, 94, 143, 55, 128, 38, 124, 144,
       186, 250, 131, 213, 213, 110, 91, 91, 181, 197, 125, 183, 189,
       213, 157, 66, 216, 235, 239, 196, 136, 119, 41, 83, 221, 94, 191,
       189, 32, 52, 121, 22, 121, 95, 86, 85, 255, 246, 147, 251, 247,
       109, 52, 15, 165, 212, 183, 160, 195, 251, 122, 128, 138, 245, 35,
       125, 185, 237, 86, 245, 69, 15, 230, 101, 217, 162, 226, 31, 107,
       57, 22, 147, 232, 228, 66, 98, 124, 255, 17, 175, 183, 251, 197,
       19, 107, 188, 218, 142, 137, 185, 27, 122, 241, 205, 114, 115,
       249, 65, 97, 24, 190, 211, 32, 176, 132, 59, 210, 0, 51, 174, 50,
       127, 71, 255, 16, 74, 90, 0, 227, 162, 32, 147, 117, 203, 230, 75,
       229, 245, 109, 89, 123, 114, 148, 21, 136, 52, 111, 154, 23, 24,
       211, 186, 97, 229, 101, 184, 54, 194, 239, 138, 230, 177, 148,
       220, 187, 186, 174, 237, 151, 239, 190, 23, 168, 25, 246, 255, 43,
       9, 175, 115, 91, 23, 114, 111, 58, 115, 249, 135, 126, 122, 208,
       121, 135, 203, 206, 62, 148, 243, 169, 172, 57, 146, 190, 159, 39,
       116, 236, 247, 73, 90, 167, 119, 232, 16, 178, 77, 186, 242, 205,
       183, 90, 107, 136, 67, 5, 59, 56, 205, 120, 94, 221, 215, 215,
       253, 87, 8, 252, 2, 123, 113, 45, 100, 121, 250, 50, 106, 107, 43,
       59, 127, 123, 239, 7, 24, 115, 250, 224, 168, 199, 6, 101, 159,
       246, 59, 236, 248, 61, 254, 119, 247, 221, 106, 155, 205, 127,
       207, 127, 175, 228, 244, 77, 254, 190, 122, 255, 132, 247, 245,
       105, 197, 141, 54, 100, 195, 244, 31, 238, 184, 126, 162, 243,
       214, 217, 106, 157, 229, 127, 204, 126, 238, 237, 212, 125, 254,
       38, 126, 167, 132, 47, 243, 115, 132, 61, 245, 250, 110, 121, 95,
       87, 248, 117, 236, 253, 12, 75, 255, 190, 180, 94, 220, 214, 106,
       204, 179, 120, 142, 243, 255, 37, 31, 115, 255, 110, 247, 157,
       221, 29, 45, 130, 78, 159, 253, 56, 110, 96, 85, 87, 63, 10, 17,
       181, 85, 85, 103, 241, 149, 57, 63, 241, 171, 111, 68, 120, 51,
       163, 241, 0, 189, 185, 186, 184, 237, 21, 143, 158, 127, 140, 57,
       182, 189, 72, 0, 133, 27, 253, 17, 58, 72, 122, 51, 233, 215, 60,
       123, 144, 72, 151, 123, 12, 111, 55, 254, 124, 204, 239, 240, 188,
       142, 123, 64, 253, 247, 41, 96, 248, 121, 127, 234, 96, 179, 42,
       238, 245, 254, 231, 8, 64, 179, 103, 227, 10, 252, 186, 184, 235,
       241, 61, 231, 159, 87, 140, 185, 172, 191, 98, 11, 239, 51, 219,
       145, 118, 79, 178, 243, 255, 87, 158, 187, 146, 92, 175, 219, 68,
       255, 63, 254, 124, 141, 119, 248, 190, 28, 233, 69, 255, 247, 41,
       80, 252, 123, 111, 66, 226, 3, 250, 191, 245, 246, 39, 40, 24,
       123, 39, 251, 86, 71, 198, 165, 178, 2, 62, 41, 172, 180, 219,
       231, 77, 174, 154, 211, 38, 229, 237, 231, 212, 209, 133, 200,
       186, 96, 239, 131, 37, 166, 169, 5, 90, 241, 252, 102, 45, 92,
       223, 157, 171, 125, 189, 41, 255, 253, 94, 50, 134, 213, 253, 81,
       211, 105, 250, 161, 239, 217, 125, 191, 231, 150, 199, 251, 175,
       245, 55, 94, 249, 213, 159, 232, 158, 216, 153, 8, 120, 220, 237,
       167, 221, 89, 211, 115, 227, 103, 250, 255, 57, 90, 15, 254, 90,
       55, 167, 245, 221, 56, 191, 183, 163, 118, 89, 18, 123, 223, 86,
       52, 159, 246, 195, 255, 247, 127, 180, 149, 175, 212, 183, 224,
       203, 251, 122, 130, 170, 117, 47, 119, 87, 52, 143, 180, 160, 102,
       120, 154, 186, 243, 139, 221, 221, 247, 75, 91, 183, 197, 125,
       180, 45, 85, 153, 64, 218, 239, 255, 180, 168, 113, 11, 83, 3,
       183, 235, 142, 246, 84, 191, 83, 59, 207, 89, 247, 40, 236, 254,
       0, 126, 251, 151, 133, 215, 154, 182, 195, 54, 60, 190, 171, 77,
       198, 183, 221, 159, 69, 239, 255, 166, 43, 126, 191, 127, 195,
       127, 243, 251, 255, 157, 97, 127, 255, 63, 239, 232, 244, 77, 254,
       230, 251, 247, 128, 231, 254, 224, 168, 179, 204, 214, 246, 77,
       79, 102, 102, 205, 162, 170, 27, 106, 249, 54, 146, 233, 229, 234,
       34, 108, 229, 17, 239, 179, 254, 65, 19, 75, 126, 122, 142, 37,
       129, 209, 193, 246, 43, 234, 249, 109, 49, 251, 226, 89, 51, 204,
       180, 127, 158, 82, 184, 145, 186, 77, 196, 28, 140, 6, 68, 247,
       202, 226, 160, 135, 191, 237, 247, 180, 126, 127, 190, 127, 254,
       254, 245, 219, 125, 155, 111, 127, 86, 255, 110, 253, 244, 237,
       238, 239, 251, 231, 146, 238, 253, 212, 119, 255, 189, 177, 30,
       249, 253, 23, 232, 155, 254, 173, 57, 110, 244, 207, 181, 149,
       254, 252, 102, 171, 67, 250, 191, 187, 86, 5, 62, 146, 127, 6,
       119, 5, 153, 31, 155, 180, 195, 175, 253, 92, 72, 82, 70, 244,
       244, 176, 97, 120, 57, 18, 253, 209, 184, 63, 125, 45, 2, 239,
       192, 93, 10, 181, 241, 17, 159, 11, 167, 146, 134, 47, 187, 54,
       192, 75, 197, 245, 103, 0, 80, 55, 239, 49, 191, 123, 216, 157,
       63, 236, 167, 175, 192, 172, 34, 163, 120, 209, 90, 255, 228, 40,
       6, 93, 190, 233, 218, 182, 100, 23, 31, 145, 123, 198, 213, 125,
       239, 233, 197, 243, 72, 211, 251, 239, 148, 12, 177, 98, 121, 149,
       134, 237, 245, 180, 10, 111, 184, 116, 234, 127, 230, 211, 105,
       153, 97, 127, 204, 62, 174, 249, 244, 109, 207, 238, 239, 231,
       132, 173, 250, 112, 33, 98, 172, 248, 152, 219, 233, 145, 207,
       159, 55, 140, 187, 140, 175, 98, 72, 107, 27, 203, 17, 50, 75,
       226, 215, 253, 23, 158, 127, 148, 76, 133, 234, 221, 220, 252,
       173, 3, 78, 23, 254, 49, 102, 198, 175, 95, 55, 131, 55, 55, 213,
       253, 238, 233, 213, 185, 43, 241, 239, 109, 148, 111, 117, 39,
       123, 173, 97, 113, 71, 101, 95, 231, 240, 113, 104, 117, 8, 83,
       17, 157, 181, 88, 204, 22, 106, 201, 182, 120, 44, 39, 217, 32, 0,
       75, 187, 82, 164, 252, 104, 191, 246, 9, 100, 83, 200, 179, 182,
       167, 25, 87, 215, 73, 91, 249, 245, 237, 210, 40, 71, 186, 32,
       211, 227, 195, 61, 160, 115, 38, 114, 112, 12, 158, 166, 76, 40,
       242, 66, 168, 146, 170, 11, 119, 248, 37, 11, 233, 231, 106, 35,
       4, 103, 130, 104, 145, 161, 67, 25, 193, 123, 113, 10, 61, 151,
       113, 111, 50, 31, 79, 185, 85, 72, 125, 228, 123, 117, 156, 181,
       30, 8, 148, 110, 249, 176, 125, 159, 34, 219, 33, 132, 127, 190,
       202, 245, 10, 153, 190, 254, 251, 213, 177, 230, 159, 213, 180,
       43, 172, 191, 102, 43, 239, 243, 219, 145, 50, 75, 50, 253, 219,
       215, 94, 59, 146, 76, 39, 251, 198, 56, 191, 114, 232, 236, 117,
       144, 186, 255, 167, 61, 151, 191, 67, 27, 135, 117, 125, 83, 177,
       69, 186, 96, 219, 219, 117, 253, 192, 113, 135, 115, 79, 66, 224,
       135, 102, 27, 234, 248, 111, 161, 119, 199, 201, 106, 159, 204,
