%YAML:1.0
---
descriptors: !!opencv-matrix
   rows: 91
   cols: 32
   dt: u
   data: [ 122, 24, 98, 236, 103, 95, 251, 114, 197, 228, 255, 143, 27,
       157, 55, 224, 126, 181, 247, 99, 140, 187, 53, 206, 211, 237, 130,
       145, 111, 175, 124, 251, 59, 22, 106, 236, 54, 102, 219, 120, 17,
       236, 223, 174, 27, 63, 183, 96, 126, 157, 29, 174, 141, 147, 181,
       136, 211, 237, 170, 148, 39, 175, 114, 241, 30, 162, 206, 161,
       234, 163, 185, 219, 47, 61, 151, 247, 205, 131, 250, 72, 111, 141,
       239, 148, 150, 215, 207, 209, 222, 65, 251, 228, 189, 140, 169,
       209, 77, 48, 184, 240, 52, 252, 121, 16, 235, 221, 55, 28, 159,
       215, 195, 122, 135, 61, 93, 28, 131, 68, 178, 192, 207, 253, 51,
       236, 138, 129, 103, 113, 172, 93, 55, 254, 253, 237, 126, 244,
       191, 142, 253, 1, 255, 255, 41, 112, 223, 251, 255, 66, 106, 163,
       26, 255, 251, 255, 39, 11, 210, 247, 231, 179, 238, 180, 250, 240,
       238, 229, 189, 99, 187, 191, 53, 187, 157, 255, 94, 27, 143, 59,
       247, 149, 178, 126, 154, 243, 95, 95, 251, 235, 197, 196, 143,
       211, 253, 99, 232, 100, 206, 3, 207, 216, 66, 228, 180, 143, 83,
       73, 223, 10, 90, 204, 109, 255, 204, 98, 237, 24, 114, 9, 229,
       188, 117, 251, 88, 64, 211, 79, 111, 220, 70, 18, 109, 103, 241,
       196, 214, 162, 113, 34, 183, 119, 98, 231, 60, 237, 233, 155, 165,
       237, 176, 234, 238, 128, 37, 176, 243, 44, 153, 205, 86, 253, 116,
       132, 108, 183, 197, 8, 242, 66, 121, 27, 180, 225, 110, 162, 63,
       236, 233, 169, 3, 253, 38, 235, 230, 128, 63, 152, 248, 9, 34,
       249, 120, 202, 247, 221, 150, 239, 27, 13, 248, 43, 44, 156, 118,
       16, 220, 155, 151, 209, 94, 42, 64, 247, 127, 93, 156, 251, 85,
       12, 223, 223, 17, 0, 103, 81, 6, 235, 96, 23, 118, 33, 114, 242,
       243, 0, 144, 232, 122, 174, 110, 152, 155, 248, 101, 25, 132, 170,
       50, 64, 229, 136, 85, 168, 39, 9, 170, 221, 213, 182, 168, 3, 93,
       201, 95, 2, 240, 248, 182, 108, 216, 46, 50, 157, 149, 184, 52,
       202, 15, 62, 158, 194, 143, 110, 249, 164, 50, 207, 10, 174, 214,
       193, 142, 230, 6, 4, 88, 131, 37, 236, 48, 64, 120, 123, 131, 195,
       90, 186, 10, 189, 161, 37, 158, 41, 85, 26, 189, 138, 191, 17,
       106, 231, 54, 118, 91, 112, 49, 228, 215, 146, 91, 31, 147, 33,
       126, 157, 149, 239, 169, 183, 53, 142, 211, 233, 170, 128, 39,
       175, 126, 113, 58, 9, 114, 236, 31, 23, 218, 96, 133, 160, 249,
       11, 11, 153, 53, 196, 232, 189, 219, 234, 76, 163, 144, 204, 147,
       253, 139, 27, 55, 47, 120, 134, 56, 121, 114, 116, 87, 206, 86,
       114, 225, 136, 254, 10, 42, 217, 37, 180, 168, 248, 196, 66, 72,
       171, 146, 232, 243, 253, 5, 11, 99, 59, 102, 43, 37, 183, 225, 65,
       252, 63, 239, 153, 82, 225, 93, 198, 209, 108, 221, 164, 95, 204,
       22, 191, 187, 112, 253, 146, 46, 30, 165, 228, 255, 238, 208, 244,
       75, 98, 243, 197, 110, 56, 248, 80, 233, 217, 178, 238, 191, 138,
       213, 255, 238, 197, 126, 157, 133, 99, 230, 192, 150, 121, 250,
       168, 205, 188, 107, 157, 14, 178, 104, 161, 110, 137, 249, 80,
       175, 61, 151, 239, 141, 139, 222, 10, 111, 129, 223, 157, 150,
       107, 207, 209, 222, 89, 187, 252, 143, 140, 9, 209, 141, 50, 199,
       85, 110, 59, 232, 90, 127, 251, 210, 246, 251, 184, 213, 239, 126,
       204, 126, 157, 141, 246, 231, 192, 22, 106, 243, 128, 237, 253,
       121, 157, 9, 90, 119, 69, 36, 10, 239, 50, 109, 202, 126, 228,
       211, 33, 149, 116, 94, 228, 126, 108, 201, 176, 101, 8, 228, 248,
       96, 128, 110, 248, 64, 113, 30, 246, 96, 231, 119, 86, 250, 248,
       119, 78, 223, 230, 105, 93, 158, 229, 127, 217, 151, 239, 234,
       182, 173, 255, 247, 253, 171, 135, 47, 167, 124, 247, 121, 205,
       107, 101, 148, 14, 110, 55, 113, 232, 250, 78, 115, 105, 144, 48,
       120, 230, 124, 238, 201, 184, 117, 47, 242, 239, 229, 128, 111,
       250, 242, 40, 60, 89, 123, 110, 93, 207, 83, 112, 229, 128, 237,
       8, 95, 223, 33, 16, 216, 184, 196, 106, 73, 163, 80, 12, 211, 249,
       0, 25, 99, 43, 70, 162, 9, 149, 121, 235, 182, 239, 107, 159, 95,
       1, 126, 82, 251, 115, 168, 112, 115, 186, 22, 152, 179, 184, 121,
       223, 239, 207, 182, 64, 190, 202, 225, 169, 137, 18, 119, 205, 52,
       10, 233, 51, 124, 72, 118, 228, 191, 7, 181, 101, 118, 36, 30, 44,
       225, 188, 37, 204, 132, 255, 162, 128, 76, 168, 97, 249, 159, 126,
       74, 162, 104, 144, 111, 80, 164, 206, 215, 231, 73, 199, 243, 203,
       108, 233, 159, 239, 204, 135, 142, 232, 242, 73, 171, 136, 47,
       247, 56, 209, 167, 173, 166, 159, 157, 187, 190, 239, 223, 243,
       217, 83, 200, 232, 62, 164, 249, 111, 250, 181, 183, 241, 95, 255,
       60, 86, 223, 87, 221, 124, 249, 132, 193, 28, 151, 69, 32, 46,
       105, 16, 125, 74, 115, 116, 254, 54, 129, 254, 22, 117, 124, 40,
       161, 212, 241, 75, 132, 190, 98, 130, 136, 225, 3, 61, 7, 231, 64,
       139, 254, 147, 174, 253, 22, 113, 89, 247, 217, 238, 222, 164, 95,
       203, 23, 189, 247, 82, 79, 215, 44, 14, 175, 236, 189, 150, 185,
       213, 58, 220, 148, 254, 141, 215, 86, 239, 159, 58, 244, 19, 110,
       247, 40, 199, 249, 255, 181, 194, 106, 207, 27, 251, 251, 247,
       223, 55, 18, 124, 172, 59, 44, 167, 113, 233, 244, 203, 127, 216,
       103, 41, 124, 232, 27, 223, 253, 52, 94, 218, 23, 120, 154, 178,
       104, 252, 127, 221, 37, 236, 247, 155, 198, 227, 96, 241, 56, 106,
       216, 205, 87, 253, 34, 33, 172, 8, 23, 215, 72, 48, 149, 154, 83,
       88, 91, 42, 122, 53, 251, 141, 5, 124, 120, 146, 198, 186, 14,
       176, 251, 251, 244, 237, 249, 91, 31, 61, 117, 146, 157, 255, 112,
       8, 63, 27, 23, 153, 18, 248, 186, 240, 77, 221, 187, 236, 151,
       201, 135, 243, 193, 16, 243, 93, 114, 126, 41, 18, 125, 75, 118,
       80, 157, 23, 133, 126, 38, 53, 126, 8, 161, 212, 245, 74, 133,
       190, 114, 128, 130, 161, 3, 117, 18, 143, 87, 190, 50, 128, 190,
       230, 180, 8, 218, 231, 45, 239, 160, 192, 102, 243, 143, 193, 100,
       139, 6, 255, 176, 166, 186, 139, 61, 148, 45, 25, 122, 203, 2,
       190, 73, 192, 94, 228, 137, 68, 200, 139, 44, 199, 35, 208, 234,
       227, 171, 199, 72, 11, 138, 253, 177, 240, 138, 27, 20, 63, 60,
       90, 15, 75, 233, 7, 244, 23, 239, 188, 101, 236, 94, 198, 89, 38,
       223, 36, 62, 206, 23, 239, 193, 144, 45, 232, 108, 12, 175, 132,
       61, 247, 241, 253, 216, 93, 111, 86, 38, 194, 191, 246, 240, 202,
       214, 162, 121, 191, 181, 99, 102, 244, 189, 202, 233, 205, 164,
       238, 114, 107, 230, 129, 39, 240, 117, 59, 90, 171, 198, 254, 203,
       209, 62, 237, 191, 23, 240, 131, 108, 239, 108, 223, 239, 247,
       239, 194, 90, 75, 138, 245, 251, 246, 223, 251, 179, 20, 175, 26,
       137, 92, 59, 244, 51, 206, 121, 86, 189, 202, 102, 0, 188, 151,
       33, 112, 166, 123, 27, 88, 33, 157, 48, 238, 227, 255, 26, 2, 8,
       16, 33, 186, 245, 188, 225, 94, 221, 71, 199, 248, 83, 234, 188,
       10, 114, 117, 61, 53, 93, 246, 80, 170, 233, 99, 121, 191, 121,
       14, 197, 60, 223, 250, 114, 184, 194, 142, 148, 159, 169, 224, 61,
       175, 191, 31, 202, 48, 236, 178, 44, 79, 193, 87, 107, 129, 54,
       77, 203, 247, 141, 50, 222, 71, 144, 68, 165, 46, 191, 214, 119,
       230, 52, 54, 222, 248, 29, 206, 255, 231, 123, 76, 191, 97, 254,
       223, 151, 231, 237, 179, 109, 239, 242, 255, 174, 130, 47, 207,
       112, 221, 41, 26, 123, 69, 36, 46, 105, 19, 125, 200, 126, 228,
       187, 33, 149, 116, 6, 44, 126, 12, 193, 184, 97, 8, 198, 253, 98,
       128, 74, 232, 66, 121, 122, 19, 114, 236, 47, 10, 88, 72, 41, 44,
       250, 111, 15, 139, 52, 82, 250, 149, 237, 161, 12, 163, 129, 192,
       147, 248, 138, 155, 103, 14, 102, 3, 53, 45, 225, 69, 244, 127,
       231, 219, 87, 234, 254, 74, 83, 124, 213, 44, 89, 206, 54, 62,
       185, 242, 125, 138, 47, 142, 165, 36, 239, 235, 80, 228, 173, 52,
       229, 197, 212, 127, 235, 91, 86, 234, 91, 86, 211, 120, 213, 172,
