%YAML:1.0
---
descriptors: !!opencv-matrix
   rows: 261
   cols: 32
   dt: u
   data: [ 81, 219, 79, 79, 50, 2, 111, 176, 32, 200, 242, 228, 113, 102,
       148, 115, 118, 229, 124, 238, 193, 145, 45, 109, 48, 170, 227,
       128, 45, 162, 97, 125, 208, 68, 70, 157, 87, 130, 100, 103, 244,
       2, 227, 18, 33, 130, 32, 65, 104, 174, 42, 168, 120, 191, 20, 206,
       245, 166, 146, 1, 33, 8, 232, 138, 172, 94, 124, 125, 236, 111,
       87, 122, 86, 254, 117, 29, 83, 45, 19, 25, 29, 220, 71, 46, 232,
       246, 121, 30, 71, 203, 113, 53, 113, 249, 70, 211, 2, 186, 214,
       29, 18, 146, 56, 119, 188, 5, 66, 245, 173, 166, 162, 196, 102,
       59, 170, 128, 38, 216, 166, 79, 14, 102, 58, 131, 34, 132, 45,
       221, 200, 61, 62, 117, 112, 206, 125, 182, 116, 140, 118, 8, 191,
       183, 2, 113, 164, 188, 125, 40, 32, 248, 177, 15, 239, 235, 33, 0,
       98, 160, 78, 99, 45, 77, 99, 67, 244, 223, 239, 212, 117, 64, 127,
       66, 81, 17, 157, 244, 122, 138, 22, 222, 217, 178, 125, 230, 55,
       172, 160, 0, 111, 219, 240, 172, 254, 234, 100, 238, 77, 5, 79,
       252, 197, 146, 181, 10, 235, 203, 29, 113, 216, 224, 127, 234,
       200, 103, 202, 189, 243, 251, 199, 61, 55, 187, 118, 138, 40, 108,
       226, 77, 87, 26, 236, 87, 112, 3, 124, 18, 57, 153, 16, 176, 42,
       174, 19, 136, 194, 188, 132, 203, 103, 237, 182, 1, 103, 208, 239,
       170, 23, 119, 97, 135, 114, 26, 111, 184, 57, 224, 91, 236, 253,
       102, 159, 116, 54, 205, 20, 239, 205, 146, 125, 110, 180, 60, 175,
       132, 44, 183, 51, 253, 131, 97, 163, 149, 68, 79, 173, 71, 94,
       226, 82, 18, 48, 156, 246, 166, 56, 169, 18, 141, 229, 252, 53,
       202, 53, 14, 158, 160, 69, 60, 209, 236, 34, 43, 98, 30, 105, 241,
       248, 99, 175, 84, 125, 165, 40, 238, 246, 149, 234, 43, 179, 135,
       214, 203, 166, 249, 7, 121, 202, 139, 23, 229, 127, 222, 53, 95,
       42, 175, 52, 135, 207, 252, 86, 204, 216, 231, 243, 232, 179, 0,
       92, 233, 23, 239, 204, 163, 76, 63, 224, 45, 175, 144, 125, 187,
       112, 201, 131, 86, 111, 76, 114, 54, 43, 112, 61, 192, 207, 230,
       88, 70, 183, 116, 118, 165, 91, 239, 165, 135, 53, 206, 54, 46,
       170, 132, 15, 167, 57, 245, 157, 126, 239, 101, 162, 122, 123,
       152, 113, 238, 54, 238, 91, 125, 211, 191, 62, 212, 213, 254, 173,
       244, 173, 200, 198, 203, 101, 164, 239, 247, 78, 241, 132, 41,
       223, 255, 206, 171, 226, 72, 126, 178, 99, 18, 215, 227, 233, 72,
       123, 237, 98, 186, 48, 246, 207, 125, 156, 162, 195, 76, 229, 235,
       97, 160, 80, 176, 185, 184, 235, 237, 17, 67, 171, 63, 164, 25,
       158, 159, 106, 26, 143, 147, 239, 17, 26, 79, 242, 80, 219, 211,
       90, 127, 208, 64, 7, 123, 248, 216, 23, 126, 0, 78, 79, 176, 225,
       74, 230, 64, 115, 87, 33, 119, 64, 244, 44, 106, 105, 151, 241,
       45, 243, 170, 226, 0, 42, 178, 100, 56, 217, 5, 255, 101, 135,
       110, 125, 99, 125, 134, 238, 18, 95, 63, 16, 115, 48, 150, 122,
       168, 48, 249, 49, 78, 215, 235, 66, 1, 227, 224, 231, 98, 120,
       173, 184, 225, 157, 239, 86, 135, 67, 165, 172, 9, 131, 41, 80,
       16, 201, 230, 76, 24, 26, 43, 209, 186, 239, 221, 133, 125, 242,
       250, 214, 10, 195, 76, 214, 247, 226, 42, 109, 7, 125, 3, 98, 18,
       189, 43, 21, 91, 99, 231, 123, 136, 96, 220, 5, 234, 180, 186,
       222, 0, 165, 208, 227, 136, 140, 242, 188, 114, 233, 237, 177,
       216, 191, 189, 53, 61, 142, 221, 207, 11, 135, 25, 247, 21, 146,
       100, 138, 112, 76, 89, 125, 255, 194, 13, 15, 211, 109, 67, 93,
       229, 100, 10, 111, 184, 97, 160, 118, 192, 211, 99, 153, 115, 114,
       196, 108, 106, 73, 176, 205, 44, 230, 169, 97, 4, 110, 187, 66,
       32, 216, 88, 151, 247, 41, 108, 49, 22, 190, 251, 67, 80, 254,
       183, 65, 239, 165, 119, 253, 0, 33, 221, 155, 226, 201, 242, 94,
       2, 138, 97, 37, 59, 2, 170, 134, 31, 19, 148, 56, 119, 188, 5, 66,
       213, 173, 134, 34, 204, 102, 59, 170, 132, 134, 152, 6, 117, 7,
       118, 26, 75, 2, 132, 45, 220, 29, 201, 43, 127, 85, 140, 111, 176,
       100, 8, 110, 64, 243, 65, 25, 112, 120, 224, 34, 234, 201, 176,
       120, 109, 101, 173, 130, 0, 113, 187, 96, 40, 72, 169, 187, 116,
       129, 204, 113, 199, 236, 5, 110, 8, 190, 191, 0, 48, 160, 50, 120,
       88, 18, 169, 178, 99, 227, 253, 16, 75, 194, 0, 199, 106, 50, 40,
       188, 241, 141, 249, 144, 198, 207, 183, 180, 27, 134, 152, 71, 11,
       201, 122, 233, 17, 30, 111, 194, 176, 155, 208, 87, 123, 192, 88,
       95, 142, 57, 66, 98, 238, 52, 23, 74, 120, 97, 140, 247, 74, 107,
       73, 61, 112, 248, 172, 21, 234, 204, 179, 0, 141, 243, 253, 160,
       145, 103, 171, 122, 9, 168, 164, 60, 249, 109, 233, 17, 111, 158,
       63, 53, 57, 142, 159, 106, 9, 137, 27, 203, 17, 50, 110, 66, 151,
       207, 209, 80, 127, 80, 8, 143, 131, 198, 98, 252, 39, 234, 40,
       184, 152, 170, 255, 61, 253, 157, 207, 219, 155, 39, 93, 253, 95,
       198, 116, 207, 64, 206, 209, 111, 172, 236, 243, 15, 209, 123,
       100, 197, 5, 73, 27, 68, 43, 113, 226, 230, 136, 67, 96, 149, 191,
       25, 196, 232, 46, 109, 246, 245, 142, 150, 254, 69, 23, 99, 236,
       90, 68, 144, 70, 71, 159, 198, 130, 100, 103, 244, 3, 99, 146, 97,
       227, 56, 65, 104, 174, 42, 142, 112, 189, 7, 111, 52, 162, 210, 0,
       49, 88, 225, 136, 181, 54, 91, 229, 116, 46, 111, 122, 113, 138,
       114, 84, 87, 51, 1, 113, 126, 204, 22, 44, 233, 246, 17, 14, 241,
       239, 32, 0, 104, 241, 98, 161, 165, 121, 89, 99, 164, 15, 103,
       176, 108, 104, 115, 76, 151, 17, 129, 113, 16, 8, 94, 110, 233,
       176, 121, 60, 229, 153, 32, 52, 120, 187, 66, 177, 246, 88, 255,
       238, 44, 70, 95, 248, 41, 234, 243, 110, 91, 127, 141, 123, 254,
       213, 125, 226, 233, 199, 249, 232, 179, 250, 231, 146, 45, 179,
       98, 51, 129, 76, 215, 215, 230, 168, 172, 230, 252, 18, 66, 210,
       237, 163, 49, 75, 35, 103, 106, 156, 96, 221, 7, 106, 172, 170,
       94, 0, 132, 240, 161, 136, 181, 77, 103, 79, 20, 31, 206, 244, 84,
       96, 243, 66, 83, 24, 189, 165, 120, 196, 22, 239, 237, 176, 117,
       172, 54, 106, 162, 0, 125, 155, 248, 164, 80, 13, 190, 116, 133,
       230, 117, 103, 245, 7, 238, 16, 19, 187, 32, 91, 233, 183, 105,
       136, 56, 251, 177, 78, 243, 239, 82, 65, 193, 96, 230, 42, 114,
       107, 140, 188, 14, 96, 158, 200, 130, 148, 152, 163, 101, 239, 67,
       11, 234, 213, 233, 195, 8, 67, 138, 41, 209, 225, 239, 185, 165,
       121, 63, 138, 57, 249, 27, 104, 91, 221, 114, 220, 239, 8, 236,
       12, 62, 209, 96, 176, 180, 187, 198, 72, 67, 43, 58, 61, 251, 221,
       5, 59, 123, 2, 107, 187, 140, 51, 184, 113, 168, 169, 184, 89,
       190, 191, 53, 125, 142, 221, 203, 139, 135, 27, 253, 17, 178, 100,
       202, 82, 206, 209, 125, 255, 192, 192, 143, 211, 13, 181, 24, 227,
       253, 109, 241, 217, 79, 121, 189, 94, 222, 57, 216, 172, 191, 27,
       94, 57, 147, 112, 217, 210, 205, 157, 59, 244, 206, 75, 137, 177,
       214, 241, 99, 162, 214, 194, 191, 101, 160, 196, 203, 163, 89,
       207, 48, 65, 122, 253, 147, 243, 89, 147, 20, 204, 120, 32, 143,
       205, 37, 54, 183, 242, 223, 5, 110, 77, 74, 54, 255, 121, 228,
       198, 207, 134, 89, 110, 191, 103, 126, 36, 123, 175, 165, 131, 53,
       204, 119, 43, 202, 128, 39, 231, 122, 244, 82, 242, 239, 190, 43,
       228, 153, 95, 143, 95, 148, 231, 44, 255, 175, 75, 231, 147, 253,
       129, 135, 79, 243, 193, 211, 114, 250, 155, 21, 84, 37, 95, 130,
       109, 210, 127, 52, 168, 232, 198, 253, 0, 122, 192, 169, 171, 53,
       0, 170, 107, 23, 216, 34, 184, 4, 239, 38, 252, 146, 0, 229, 208,
       99, 136, 31, 119, 65, 165, 242, 22, 110, 249, 53, 224, 91, 230,
       121, 102, 153, 180, 126, 205, 22, 239, 237, 146, 61, 206, 36, 110,
       175, 132, 47, 246, 34, 245, 131, 108, 174, 149, 86, 255, 173, 71,
       92, 231, 86, 18, 176, 8, 183, 45, 42, 42, 27, 157, 162, 252, 53,
       202, 101, 14, 158, 128, 165, 88, 213, 236, 119, 242, 145, 160,
