%YAML:1.0
---
descriptors: !!opencv-matrix
   rows: 162
   cols: 32
   dt: u
   data: [ 198, 236, 183, 190, 188, 32, 174, 174, 218, 179, 24, 208, 237,
       234, 244, 2, 151, 119, 125, 159, 242, 77, 143, 251, 172, 30, 255,
       252, 140, 241, 129, 9, 118, 114, 144, 168, 169, 33, 16, 200, 171,
       251, 160, 253, 142, 214, 205, 30, 223, 153, 204, 49, 143, 71, 202,
       210, 152, 212, 31, 254, 152, 85, 171, 23, 5, 131, 89, 235, 180,
       139, 106, 217, 86, 1, 115, 66, 183, 195, 184, 96, 122, 10, 6, 92,
       179, 184, 77, 63, 172, 140, 162, 100, 156, 139, 240, 160, 237, 75,
       217, 101, 100, 10, 111, 56, 105, 170, 119, 104, 211, 99, 153, 115,
       18, 196, 108, 110, 201, 176, 237, 8, 230, 249, 97, 132, 106, 187,
       66, 33, 159, 114, 231, 101, 34, 126, 127, 88, 113, 238, 183, 238,
       91, 127, 215, 191, 63, 245, 213, 190, 169, 244, 229, 200, 222,
       219, 229, 132, 239, 247, 70, 245, 124, 183, 121, 97, 114, 74, 59,
       57, 32, 236, 124, 237, 29, 7, 130, 16, 54, 93, 213, 120, 208, 152,
       161, 28, 110, 237, 37, 228, 103, 162, 134, 243, 106, 188, 230, 18,
       141, 249, 180, 135, 171, 87, 166, 153, 170, 172, 86, 143, 139, 51,
       251, 17, 62, 109, 246, 225, 31, 82, 220, 91, 199, 76, 223, 94, 2,
       142, 134, 29, 18, 148, 56, 119, 180, 5, 66, 213, 169, 166, 38,
       196, 102, 59, 170, 132, 166, 216, 182, 111, 15, 38, 154, 64, 2,
       132, 173, 220, 37, 99, 153, 234, 236, 173, 174, 216, 10, 185, 121,
       74, 148, 219, 249, 56, 223, 91, 86, 91, 131, 50, 202, 112, 92,
       156, 47, 172, 220, 91, 67, 161, 244, 201, 100, 254, 13, 5, 78,
       236, 199, 178, 160, 10, 99, 203, 61, 19, 216, 212, 110, 226, 72,
       103, 218, 187, 179, 250, 199, 61, 113, 186, 246, 10, 213, 76, 94,
       183, 162, 42, 110, 182, 60, 130, 106, 192, 255, 35, 145, 91, 38,
       231, 28, 238, 96, 148, 5, 106, 228, 235, 126, 0, 164, 243, 1, 8,
       13, 181, 17, 195, 253, 109, 241, 25, 79, 121, 61, 88, 222, 89, 88,
       172, 159, 155, 94, 57, 147, 112, 251, 210, 141, 157, 31, 124, 142,
       74, 147, 177, 190, 148, 239, 197, 213, 114, 253, 247, 117, 231,
       118, 18, 89, 61, 156, 111, 123, 214, 183, 153, 184, 252, 53, 226,
       127, 239, 246, 197, 231, 220, 244, 234, 40, 180, 184, 240, 219,
       233, 49, 79, 27, 63, 125, 57, 156, 159, 74, 24, 171, 155, 135, 16,
       18, 62, 242, 211, 95, 213, 58, 239, 208, 72, 135, 235, 53, 143,
       78, 167, 52, 22, 238, 240, 100, 64, 219, 198, 113, 40, 191, 225,
       126, 206, 22, 239, 237, 176, 77, 172, 46, 105, 174, 128, 109, 238,
       120, 156, 207, 114, 253, 115, 232, 56, 184, 152, 171, 249, 49,
       252, 156, 222, 221, 187, 135, 93, 253, 215, 135, 100, 234, 192,
       142, 89, 127, 238, 196, 245, 11, 241, 57, 203, 41, 173, 124, 135,
       207, 253, 84, 140, 240, 231, 243, 233, 178, 0, 92, 232, 7, 111,
       232, 190, 101, 63, 228, 175, 165, 184, 117, 186, 208, 233, 180,
       233, 212, 247, 205, 15, 70, 173, 83, 178, 176, 26, 67, 249, 77,
       27, 217, 214, 100, 114, 122, 110, 219, 179, 175, 218, 85, 126,
       241, 248, 212, 130, 197, 238, 211, 158, 252, 160, 174, 174, 154,
       179, 24, 214, 253, 226, 240, 192, 19, 111, 107, 223, 115, 77, 143,
       255, 172, 22, 191, 252, 140, 241, 129, 8, 197, 238, 197, 147, 214,
       168, 102, 174, 190, 147, 10, 214, 233, 226, 233, 198, 115, 238,
       42, 158, 51, 88, 142, 255, 172, 166, 239, 108, 172, 243, 225, 0,
       10, 170, 166, 31, 17, 148, 40, 87, 182, 21, 66, 213, 168, 198, 34,
       204, 196, 59, 171, 132, 150, 220, 83, 117, 7, 114, 26, 72, 18,
       132, 173, 220, 119, 114, 145, 0, 168, 45, 25, 206, 43, 251, 176,
       253, 134, 22, 197, 30, 207, 217, 76, 20, 143, 71, 219, 208, 152,
       148, 29, 254, 216, 85, 3, 125, 72, 189, 62, 125, 240, 206, 117,
       55, 125, 13, 126, 16, 191, 183, 2, 80, 164, 191, 119, 8, 112, 248,
       177, 47, 239, 239, 52, 192, 96, 128, 231, 235, 53, 133, 99, 67,
       244, 30, 239, 240, 85, 64, 123, 66, 83, 112, 189, 228, 122, 200,
       22, 238, 209, 176, 125, 238, 62, 236, 166, 196, 255, 235, 112,
       164, 218, 112, 124, 237, 47, 220, 121, 24, 171, 204, 55, 163, 121,
       223, 214, 118, 54, 181, 245, 237, 200, 84, 247, 217, 199, 249,
       161, 129, 39, 166, 78, 115, 59, 49, 125, 237, 47, 255, 217, 24,
       203, 236, 117, 175, 159, 221, 214, 166, 134, 189, 245, 61, 159,
       112, 183, 208, 195, 249, 33, 239, 119, 143, 86, 119, 116, 73, 174,
       172, 10, 96, 159, 204, 162, 132, 136, 171, 119, 255, 33, 82, 120,
       245, 125, 227, 8, 67, 139, 41, 241, 161, 239, 185, 117, 115, 55,
       74, 122, 48, 244, 229, 39, 254, 217, 24, 171, 252, 52, 139, 255,
       223, 87, 54, 190, 253, 181, 241, 142, 112, 186, 217, 203, 217,
       203, 167, 103, 167, 71, 119, 63, 183, 65, 165, 242, 22, 110, 249,
       53, 224, 91, 231, 89, 102, 153, 244, 126, 205, 22, 239, 237, 146,
       125, 206, 38, 111, 175, 132, 47, 230, 42, 213, 213, 79, 95, 255,
       22, 42, 111, 180, 244, 2, 98, 194, 241, 67, 185, 107, 114, 228,
       42, 238, 97, 148, 13, 111, 228, 170, 226, 0, 45, 243, 97, 40, 133,
       227, 89, 235, 180, 139, 238, 201, 86, 32, 121, 194, 147, 193, 185,
       64, 122, 10, 2, 126, 91, 176, 77, 63, 172, 136, 167, 68, 124, 155,
       241, 160, 246, 89, 127, 238, 46, 70, 95, 184, 165, 234, 243, 238,
       95, 127, 165, 115, 254, 213, 125, 226, 233, 199, 123, 236, 243,
       250, 229, 150, 45, 187, 100, 113, 50, 36, 98, 105, 118, 139, 202,
       96, 125, 32, 251, 139, 67, 9, 20, 20, 58, 173, 23, 45, 8, 178, 69,
       222, 182, 252, 1, 80, 101, 138, 82, 128, 199, 49, 111, 69, 42, 74,
       189, 121, 236, 230, 7, 130, 221, 174, 215, 43, 54, 117, 123, 239,
       225, 213, 181, 72, 87, 43, 207, 132, 37, 225, 53, 240, 128, 146,
       49, 219, 54, 217, 177, 31, 94, 29, 84, 242, 175, 140, 236, 236,
       95, 26, 166, 17, 178, 60, 103, 151, 12, 150, 50, 239, 246, 136,
       149, 237, 102, 40, 238, 82, 237, 248, 208, 65, 233, 222, 183, 25,
       74, 200, 87, 191, 136, 224, 238, 22, 28, 231, 230, 224, 27, 122,
       85, 91, 195, 125, 222, 70, 19, 68, 99, 140, 85, 214, 232, 119,
       117, 65, 219, 214, 81, 254, 190, 228, 120, 172, 62, 173, 189, 151,
       53, 206, 49, 46, 138, 192, 47, 134, 240, 116, 203, 215, 102, 5,
       224, 30, 252, 183, 233, 123, 246, 245, 72, 40, 158, 247, 39, 199,
       253, 173, 245, 253, 245, 199, 62, 123, 254, 196, 79, 164, 250, 93,
       42, 206, 114, 26, 91, 245, 178, 206, 223, 87, 124, 23, 40, 204,
       62, 148, 235, 171, 131, 133, 134, 47, 62, 247, 63, 92, 18, 107,
       215, 28, 111, 207, 88, 185, 58, 118, 179, 220, 55, 230, 169, 13,
       110, 0, 62, 159, 34, 112, 162, 115, 205, 64, 82, 139, 178, 103,
       243, 245, 16, 75, 194, 16, 175, 171, 116, 112, 157, 182, 137, 108,
       87, 136, 163, 255, 137, 41, 215, 247, 75, 27, 145, 213, 109, 115,
       14, 67, 218, 32, 217, 209, 109, 63, 128, 115, 7, 83, 161, 68, 125,
       71, 100, 143, 235, 48, 84, 162, 119, 72, 243, 1, 152, 53, 88, 172,
       86, 110, 233, 180, 117, 44, 102, 139, 224, 0, 111, 138, 82, 168,
       74, 184, 178, 184, 219, 241, 184, 71, 191, 29, 204, 49, 172, 191,
       102, 220, 231, 59, 251, 145, 22, 75, 146, 243, 159, 119, 154, 107,
       146, 68, 173, 223, 54, 128, 241, 245, 117, 79, 248, 96, 59, 176,
       177, 10, 254, 127, 93, 24, 251, 241, 31, 241, 10, 115, 88, 205,
       159, 218, 207, 119, 197, 42, 103, 162, 37, 68, 109, 69, 68, 47,
       231, 48, 69, 162, 254, 0, 243, 65, 156, 37, 88, 228, 66, 106, 233,
       180, 117, 44, 71, 154, 192, 16, 103, 185, 82, 160, 120, 185, 177,
       96, 169, 205, 65, 157, 171, 61, 174, 8, 191, 182, 192, 118, 130,
       159, 108, 24, 27, 11, 242, 49, 157, 253, 53, 120, 130, 130, 135,
       109, 57, 175, 122, 106, 116, 141, 83, 253, 117, 12, 125, 12, 59,
       211, 178, 48, 62, 170, 6, 104, 202, 58, 40, 63, 251, 205, 37, 104,
       114, 138, 202, 169, 158, 235, 99, 163, 6, 2, 239, 232, 52, 100,
       211, 227, 65, 207, 187, 65, 126, 205, 23, 239, 232, 151, 44, 252,
