%YAML:1.0
---
descriptors: !!opencv-matrix
   rows: 64
   cols: 32
   dt: u
   data: [ 37, 77, 3, 216, 85, 167, 202, 82, 198, 0, 200, 6, 51, 201, 49,
       96, 88, 170, 18, 221, 139, 163, 50, 189, 49, 156, 130, 8, 153, 91,
       112, 160, 3, 187, 234, 5, 118, 154, 184, 119, 121, 193, 94, 199,
       169, 140, 150, 164, 46, 47, 147, 157, 151, 184, 36, 207, 46, 28,
       154, 128, 79, 132, 155, 221, 162, 121, 18, 156, 109, 213, 156, 68,
       157, 4, 208, 11, 172, 158, 35, 205, 204, 185, 155, 195, 102, 7,
       82, 249, 53, 80, 202, 59, 18, 29, 61, 143, 10, 184, 187, 249, 147,
       229, 177, 71, 158, 67, 68, 22, 188, 159, 96, 104, 239, 59, 147,
       145, 19, 156, 50, 243, 205, 151, 154, 99, 152, 72, 165, 250, 58,
       249, 43, 154, 219, 213, 151, 231, 150, 93, 148, 175, 44, 220, 102,
       0, 205, 59, 147, 209, 215, 43, 58, 245, 123, 69, 158, 251, 95, 12,
       183, 223, 118, 81, 114, 206, 77, 82, 214, 64, 201, 132, 253, 10,
       106, 220, 55, 135, 216, 177, 207, 227, 76, 35, 88, 200, 51, 120,
       139, 27, 87, 63, 126, 134, 53, 143, 75, 238, 150, 131, 79, 244,
       196, 64, 223, 230, 113, 225, 177, 96, 126, 234, 22, 238, 201, 187,
       44, 189, 240, 173, 167, 128, 61, 187, 240, 185, 19, 143, 75, 238,
       182, 162, 239, 247, 148, 64, 218, 230, 57, 231, 176, 96, 126, 235,
       23, 239, 219, 155, 12, 239, 248, 172, 174, 128, 61, 210, 176, 185,
       89, 30, 255, 85, 162, 90, 61, 55, 101, 202, 94, 228, 249, 53, 147,
       111, 39, 118, 253, 170, 209, 216, 183, 232, 230, 251, 118, 128,
       46, 244, 133, 121, 71, 179, 228, 2, 251, 21, 190, 141, 139, 249,
       29, 239, 204, 236, 222, 174, 135, 199, 247, 215, 151, 74, 239,
       241, 62, 92, 15, 255, 207, 135, 139, 213, 208, 203, 2, 172, 12,
       128, 110, 101, 141, 0, 154, 203, 47, 194, 48, 192, 120, 228, 78,
       231, 76, 3, 132, 253, 176, 224, 142, 56, 52, 58, 177, 8, 60, 0,
       82, 224, 85, 66, 226, 72, 69, 160, 251, 3, 75, 25, 61, 192, 248,
       140, 6, 227, 12, 179, 1, 140, 51, 237, 130, 7, 103, 43, 124, 130,
       60, 66, 114, 228, 71, 82, 118, 120, 69, 164, 247, 163, 75, 13, 57,
       64, 122, 220, 135, 234, 76, 179, 1, 136, 114, 233, 160, 5, 103,
       187, 124, 131, 209, 151, 127, 239, 166, 10, 109, 61, 108, 73, 87,
       246, 255, 35, 184, 97, 118, 135, 60, 174, 243, 152, 45, 125, 244,
       235, 114, 192, 60, 130, 225, 121, 3, 123, 235, 81, 230, 188, 189,
       87, 251, 230, 28, 207, 56, 172, 87, 42, 175, 127, 147, 29, 197,
       250, 180, 234, 111, 29, 29, 162, 207, 244, 215, 221, 3, 28, 225,
       155, 98, 237, 171, 146, 62, 78, 92, 230, 189, 198, 183, 44, 55,
       107, 23, 157, 135, 20, 119, 251, 132, 14, 186, 160, 188, 213, 1,
       253, 98, 109, 227, 84, 69, 116, 190, 70, 169, 198, 252, 131, 40,
       174, 119, 190, 238, 255, 179, 133, 196, 139, 182, 232, 55, 60,
       222, 139, 199, 116, 126, 254, 162, 81, 24, 158, 77, 213, 148, 109,
       140, 30, 208, 27, 164, 222, 39, 131, 200, 179, 147, 99, 100, 39,
       82, 221, 55, 16, 206, 59, 16, 24, 141, 206, 18, 151, 90, 225, 246,
       163, 233, 87, 15, 49, 90, 246, 29, 11, 184, 64, 127, 139, 23, 156,
       147, 152, 5, 212, 76, 140, 186, 196, 189, 200, 161, 169, 151, 34,
       234, 129, 230, 54, 185, 80, 123, 254, 85, 215, 89, 140, 255, 43,
       63, 205, 55, 255, 149, 116, 172, 192, 94, 9, 239, 228, 237, 245,
       51, 245, 146, 121, 203, 188, 78, 64, 173, 110, 144, 196, 208, 163,
       49, 255, 113, 3, 122, 249, 179, 225, 73, 203, 150, 200, 112, 33,
       206, 137, 45, 60, 54, 250, 39, 233, 96, 72, 221, 245, 184, 206,
       207, 93, 124, 2, 8, 152, 247, 172, 232, 24, 146, 241, 150, 43, 54,
       209, 63, 24, 135, 111, 215, 95, 125, 230, 10, 153, 22, 155, 85,
       211, 176, 103, 31, 5, 95, 3, 236, 254, 34, 196, 217, 59, 179, 129,
       22, 184, 91, 253, 15, 118, 218, 67, 22, 14, 61, 206, 155, 216,
       107, 188, 86, 195, 235, 115, 149, 72, 214, 247, 57, 143, 178, 97,
       110, 169, 23, 205, 233, 143, 36, 223, 242, 233, 170, 136, 61, 136,
       112, 249, 91, 27, 247, 69, 34, 30, 125, 55, 233, 200, 94, 160,
       249, 63, 151, 118, 38, 117, 253, 200, 209, 201, 167, 200, 71, 127,
       116, 130, 166, 244, 101, 125, 119, 251, 224, 0, 255, 24, 218, 220,
       43, 229, 156, 143, 9, 76, 223, 52, 62, 205, 213, 245, 222, 2, 189,
       240, 62, 92, 141, 255, 239, 183, 223, 85, 6, 4, 130, 155, 213,
       227, 176, 73, 30, 7, 91, 19, 196, 202, 41, 72, 217, 43, 163, 145,
       20, 146, 11, 220, 5, 54, 154, 75, 148, 79, 189, 134, 54, 64, 64,
       129, 69, 12, 234, 64, 9, 0, 187, 2, 10, 10, 44, 212, 104, 145, 14,
       227, 72, 179, 81, 192, 149, 140, 138, 19, 101, 26, 112, 128, 54,
       65, 82, 224, 21, 2, 206, 64, 5, 160, 251, 3, 3, 10, 37, 80, 248,
       141, 6, 226, 76, 179, 1, 142, 177, 220, 130, 3, 101, 155, 112, 2,
       38, 120, 150, 144, 77, 253, 144, 192, 143, 179, 176, 11, 142, 158,
       101, 142, 169, 177, 203, 83, 6, 103, 26, 240, 29, 22, 27, 127,
       210, 29, 15, 134, 221, 211, 125, 239, 162, 8, 111, 189, 100, 91,
       119, 246, 223, 103, 152, 113, 118, 215, 61, 238, 251, 24, 45, 117,
       244, 171, 98, 196, 53, 131, 161, 113, 230, 133, 116, 218, 223,
       249, 176, 107, 157, 53, 185, 27, 76, 126, 46, 149, 201, 147, 195,
       48, 52, 43, 10, 223, 63, 18, 67, 127, 209, 77, 205, 134, 171, 208,
       98, 218, 205, 245, 216, 207, 223, 87, 228, 19, 40, 220, 54, 236,
       201, 170, 179, 129, 166, 47, 126, 247, 23, 95, 218, 123, 27, 12,
       248, 222, 10, 92, 114, 219, 247, 247, 186, 71, 63, 15, 124, 3, 40,
       222, 55, 204, 255, 59, 147, 128, 38, 186, 48, 255, 39, 62, 154,
       131, 215, 85, 237, 223, 10, 137, 48, 139, 85, 245, 178, 76, 15, 5,
       95, 3, 236, 222, 110, 196, 192, 59, 163, 81, 22, 152, 91, 245, 15,
       116, 154, 75, 18, 15, 61, 142, 2, 220, 50, 155, 85, 245, 178, 206,
       31, 5, 88, 19, 172, 222, 38, 196, 217, 59, 131, 17, 38, 156, 114,
       255, 45, 54, 154, 67, 144, 12, 61, 222, 47, 189, 227, 64, 247,
       215, 187, 215, 123, 193, 124, 230, 40, 252, 247, 164, 63, 251,
       147, 221, 151, 186, 180, 234, 62, 28, 143, 235, 207, 214, 251,
       253, 209, 77, 2, 156, 76, 8, 108, 103, 252, 2, 250, 66, 186, 130,
       49, 83, 104, 228, 14, 235, 104, 95, 132, 235, 180, 34, 206, 8, 53,
       120, 177, 136, 38, 76, 199, 212, 196, 34, 108, 231, 49, 130, 250,
       11, 96, 226, 37, 155, 121, 239, 34, 162, 104, 243, 6, 232, 52, 42,
       214, 8, 97, 121, 226, 136, 6, 1, 130, 138, 221, 225, 186, 201, 14,
       129, 91, 3, 204, 250, 105, 72, 248, 123, 179, 211, 22, 146, 10,
       192, 61, 20, 143, 79, 144, 111, 181, 130, 96, 133, 104, 68, 116,
       95, 207, 119, 65, 172, 252, 10, 114, 61, 182, 36, 88, 242, 22, 42,
       216, 58, 244, 207, 119, 156, 164, 57, 103, 234, 214, 124, 28, 149,
       119, 225, 180, 166, 107, 113, 53, 73, 223, 82, 83, 119, 184, 101,
       126, 150, 31, 190, 185, 145, 57, 156, 249, 174, 162, 196, 182,
       203, 244, 49, 142, 253, 160, 151, 149, 115, 158, 239, 93, 199, 92,
       19, 236, 124, 63, 172, 217, 91, 147, 163, 60, 252, 120, 238, 47,
       87, 223, 7, 151, 125, 221, 222, 36, 11, 19, 234, 244, 226, 106,
       81, 213, 9, 219, 66, 228, 219, 176, 96, 216, 42, 55, 152, 26, 155,
       2, 221, 155, 252, 170, 192, 146, 11, 240, 131, 14, 252, 48, 138,
       221, 245, 178, 206, 31, 13, 92, 27, 172, 222, 110, 196, 217, 27,
       147, 19, 86, 58, 120, 247, 63, 84, 158, 111, 146, 95, 157, 198, 1,
       76, 194, 157, 198, 162, 110, 103, 124, 130, 90, 66, 189, 162, 49,
       64, 106, 239, 2, 140, 64, 152, 132, 234, 52, 166, 158, 0, 164,
       240, 35, 136, 2, 73, 194, 149, 70, 10, 236, 103, 56, 130, 122, 2,
       40, 170, 37, 88, 106, 237, 34, 204, 64, 250, 132, 200, 20, 38,
       222, 0, 133, 120, 99, 136, 6, 105, 146, 138, 221, 229, 182, 196,
       142, 129, 88, 11, 172, 248, 97, 192, 216, 123, 131, 81, 22, 50,
       218, 240, 53, 20, 143, 43, 144, 127, 61, 130, 62, 75, 230, 136,
       220, 82, 206, 69, 199, 196, 220, 131, 3, 232, 247, 198, 88, 224,
