%YAML:1.0
---
descriptors: !!opencv-matrix
   rows: 284
   cols: 32
   dt: u
   data: [ 60, 99, 72, 35, 116, 9, 114, 200, 38, 4, 109, 137, 135, 129,
       83, 16, 26, 200, 196, 124, 30, 178, 205, 10, 238, 197, 33, 125,
       102, 139, 78, 194, 7, 240, 229, 13, 74, 23, 169, 184, 79, 248, 16,
       230, 88, 108, 223, 175, 63, 77, 51, 237, 197, 112, 255, 217, 12,
       26, 207, 182, 93, 188, 17, 245, 126, 177, 161, 162, 155, 67, 18,
       233, 3, 229, 137, 171, 79, 127, 72, 146, 221, 215, 253, 209, 30,
       75, 251, 188, 185, 196, 141, 255, 167, 39, 150, 114, 91, 10, 198,
       183, 162, 42, 60, 22, 45, 215, 82, 231, 141, 39, 130, 75, 39, 71,
       253, 148, 148, 217, 135, 224, 142, 227, 126, 195, 174, 213, 169,
       93, 45, 7, 119, 103, 244, 11, 107, 57, 109, 136, 127, 104, 211,
       33, 156, 52, 54, 76, 102, 126, 217, 176, 105, 76, 230, 254, 32,
       196, 70, 162, 194, 33, 60, 109, 24, 231, 21, 75, 87, 232, 48, 132,
       239, 11, 215, 97, 11, 16, 120, 252, 200, 226, 72, 178, 89, 46,
       245, 231, 5, 17, 97, 51, 102, 162, 13, 167, 145, 251, 172, 141,
       103, 188, 94, 59, 89, 112, 247, 113, 200, 32, 21, 90, 38, 90, 83,
       120, 107, 51, 237, 159, 53, 108, 144, 219, 129, 169, 120, 29, 30,
       238, 29, 231, 87, 50, 196, 0, 238, 0, 115, 243, 32, 112, 208, 242,
       204, 96, 73, 171, 88, 63, 235, 231, 36, 89, 58, 234, 236, 50, 220,
       182, 157, 242, 168, 100, 85, 159, 179, 191, 175, 253, 87, 247,
       202, 91, 7, 215, 237, 146, 58, 69, 235, 51, 217, 163, 117, 252,
       170, 208, 134, 115, 239, 188, 255, 223, 237, 253, 249, 218, 191,
       219, 244, 187, 252, 255, 254, 127, 255, 255, 255, 141, 183, 127,
       251, 243, 95, 123, 255, 238, 150, 237, 103, 247, 8, 174, 152, 251,
       172, 169, 113, 158, 94, 31, 108, 16, 183, 225, 195, 73, 3, 106,
       34, 28, 18, 124, 75, 49, 204, 155, 116, 105, 144, 201, 9, 136, 77,
       113, 17, 71, 50, 78, 118, 184, 105, 232, 111, 64, 222, 83, 137,
       240, 178, 92, 92, 106, 65, 144, 249, 76, 167, 189, 37, 6, 74, 179,
       67, 49, 45, 113, 49, 69, 117, 95, 67, 40, 105, 232, 111, 8, 214,
       21, 13, 176, 144, 92, 64, 106, 65, 176, 249, 8, 39, 217, 1, 54,
       66, 43, 70, 163, 13, 175, 199, 251, 236, 154, 111, 253, 39, 249,
       223, 242, 249, 231, 216, 230, 123, 238, 62, 222, 251, 216, 239,
       242, 110, 253, 175, 196, 174, 215, 240, 185, 92, 33, 223, 178,
       185, 233, 80, 223, 175, 121, 181, 121, 159, 215, 75, 218, 163,
       131, 253, 28, 30, 73, 11, 49, 218, 209, 53, 255, 210, 201, 143,
       67, 135, 156, 83, 219, 246, 173, 184, 242, 63, 27, 120, 114, 188,
       254, 172, 236, 255, 59, 150, 144, 179, 190, 2, 247, 28, 62, 26,
       234, 223, 201, 171, 181, 58, 146, 254, 253, 127, 211, 249, 119,
       63, 253, 246, 166, 253, 255, 150, 229, 255, 191, 255, 128, 173,
       251, 115, 221, 255, 255, 255, 195, 239, 172, 61, 253, 6, 188, 187,
       186, 213, 229, 185, 222, 62, 73, 90, 19, 188, 255, 105, 72, 253,
       187, 51, 149, 19, 27, 27, 243, 221, 22, 155, 108, 145, 73, 37,
       250, 223, 100, 220, 183, 169, 62, 94, 191, 49, 226, 183, 21, 207,
       115, 11, 223, 251, 199, 252, 174, 124, 199, 221, 234, 250, 255,
       215, 151, 170, 247, 234, 6, 166, 252, 23, 254, 253, 239, 119, 232,
       191, 46, 249, 57, 126, 255, 45, 85, 255, 253, 127, 98, 98, 103,
       90, 255, 253, 62, 7, 62, 16, 121, 231, 227, 51, 141, 2, 142, 213,
       199, 238, 231, 212, 8, 218, 2, 113, 234, 180, 96, 248, 234, 23,
       206, 125, 171, 8, 255, 56, 46, 170, 200, 17, 10, 240, 138, 18,
       141, 107, 223, 214, 194, 255, 119, 125, 5, 90, 131, 57, 175, 52,
       64, 123, 255, 51, 141, 240, 152, 4, 239, 124, 46, 190, 128, 37,
       224, 245, 168, 39, 38, 227, 71, 124, 59, 235, 24, 125, 232, 251,
       236, 203, 108, 157, 188, 222, 204, 118, 127, 141, 178, 237, 202,
       4, 126, 35, 178, 207, 255, 82, 245, 23, 77, 87, 135, 255, 15, 230,
       232, 61, 162, 218, 74, 254, 241, 49, 196, 122, 237, 127, 111, 97,
       177, 25, 254, 180, 30, 15, 50, 102, 127, 1, 32, 49, 135, 106, 137,
       244, 183, 234, 115, 69, 73, 223, 199, 19, 8, 186, 192, 124, 138,
       22, 125, 157, 186, 5, 157, 124, 13, 160, 192, 253, 142, 248, 140,
       61, 53, 17, 96, 53, 191, 66, 112, 123, 233, 185, 76, 30, 25, 76,
       180, 152, 200, 68, 124, 159, 58, 248, 158, 187, 221, 5, 126, 235,
       15, 82, 213, 150, 116, 58, 166, 223, 255, 126, 232, 191, 174, 251,
       59, 78, 255, 47, 1, 255, 253, 255, 227, 108, 247, 26, 254, 187,
       215, 15, 63, 97, 121, 47, 215, 189, 30, 144, 191, 185, 175, 86,
       154, 215, 138, 99, 85, 239, 243, 41, 216, 213, 107, 12, 22, 62,
       132, 74, 63, 170, 255, 53, 26, 186, 123, 8, 3, 184, 79, 30, 127,
       52, 143, 86, 53, 215, 12, 226, 85, 246, 211, 32, 80, 212, 106, 44,
       78, 110, 173, 75, 63, 226, 255, 33, 17, 26, 184, 72, 3, 180, 244,
       123, 203, 78, 77, 183, 120, 173, 62, 243, 127, 214, 223, 108, 83,
       239, 157, 110, 98, 105, 183, 251, 210, 181, 168, 3, 46, 121, 42,
       103, 243, 236, 224, 183, 118, 137, 109, 85, 140, 243, 183, 166,
       24, 222, 245, 73, 63, 129, 214, 232, 18, 58, 103, 186, 34, 219,
       219, 85, 127, 194, 113, 198, 98, 207, 219, 126, 239, 108, 222,
       123, 248, 175, 236, 247, 237, 255, 223, 191, 242, 246, 245, 255,
       206, 205, 135, 235, 251, 254, 249, 239, 154, 30, 183, 111, 121,
       15, 235, 70, 223, 244, 154, 110, 253, 239, 248, 86, 230, 249, 227,
       252, 231, 111, 238, 126, 254, 243, 216, 239, 253, 46, 255, 175,
       196, 46, 178, 248, 173, 0, 207, 56, 121, 48, 141, 65, 190, 86, 13,
       108, 0, 183, 3, 128, 80, 21, 10, 12, 8, 106, 168, 99, 63, 239,
       191, 48, 16, 80, 136, 68, 41, 240, 156, 23, 252, 137, 102, 68,
       175, 165, 146, 170, 24, 102, 55, 32, 223, 233, 247, 108, 34, 121,
       239, 19, 173, 177, 242, 212, 19, 32, 120, 228, 58, 29, 207, 215,
       243, 182, 155, 111, 253, 127, 225, 94, 230, 255, 225, 177, 228,
       119, 238, 54, 92, 179, 248, 237, 254, 254, 239, 39, 196, 175, 254,
       241, 161, 118, 98, 80, 162, 9, 11, 70, 72, 3, 160, 161, 233, 194,
       0, 77, 150, 216, 196, 202, 98, 76, 99, 203, 156, 184, 144, 5, 59,
       105, 47, 74, 6, 124, 65, 88, 103, 25, 11, 86, 168, 36, 164, 239,
       9, 67, 65, 11, 80, 88, 220, 200, 98, 72, 178, 73, 46, 247, 197, 5,
       53, 99, 187, 78, 2, 29, 143, 195, 127, 182, 43, 111, 254, 119,
       226, 250, 198, 251, 97, 145, 236, 127, 238, 62, 238, 185, 248,
       109, 127, 236, 238, 39, 128, 239, 251, 224, 161, 71, 146, 239,
       151, 34, 148, 41, 184, 190, 209, 83, 231, 253, 238, 250, 107, 55,
       109, 61, 221, 151, 208, 175, 225, 140, 42, 255, 196, 140, 165, 41,
       85, 7, 216, 237, 221, 236, 23, 237, 249, 222, 248, 20, 70, 216,
       253, 245, 47, 93, 64, 51, 255, 193, 112, 127, 216, 79, 26, 239,
       132, 223, 186, 113, 228, 221, 4, 44, 187, 141, 189, 68, 137, 166,
       182, 131, 25, 215, 218, 89, 219, 201, 199, 125, 183, 127, 71, 251,
       48, 249, 251, 207, 61, 152, 120, 144, 82, 60, 97, 104, 99, 208,
       75, 103, 221, 48, 228, 237, 137, 19, 69, 11, 16, 120, 200, 195,
       122, 74, 178, 248, 30, 119, 197, 37, 53, 99, 154, 198, 242, 67,
       113, 101, 141, 45, 23, 169, 41, 207, 248, 144, 206, 216, 140, 215,
       166, 142, 37, 123, 237, 197, 67, 247, 216, 4, 56, 203, 190, 29,
       46, 17, 245, 145, 156, 111, 253, 244, 175, 109, 247, 127, 227, 94,
       82, 183, 177, 144, 97, 107, 254, 55, 136, 241, 252, 117, 255, 253,
       175, 246, 128, 189, 216, 241, 184, 126, 177, 145, 166, 155, 71,
       18, 216, 3, 169, 137, 105, 94, 255, 73, 146, 213, 223, 221, 241,
       27, 67, 219, 186, 187, 197, 173, 255, 168, 35, 42, 19, 59, 50,
       230, 253, 127, 255, 249, 91, 63, 253, 247, 191, 157, 191, 86, 252,
       255, 191, 255, 149, 151, 251, 243, 213, 223, 251, 251, 231, 239,
       141, 255, 247, 21, 72, 171, 233, 20, 102, 235, 200, 20, 67, 202,
       2, 81, 87, 49, 104, 121, 217, 51, 255, 9, 150, 121, 46, 209, 174,
