%YAML:1.0
---
descriptors: !!opencv-matrix
   rows: 341
   cols: 32
   dt: u
   data: [ 87, 255, 175, 158, 250, 223, 111, 240, 191, 122, 249, 236,
       110, 246, 175, 117, 191, 243, 94, 231, 237, 147, 46, 126, 188, 18,
       47, 190, 152, 119, 167, 245, 74, 253, 246, 254, 189, 247, 158,
       238, 159, 191, 208, 179, 236, 255, 61, 207, 255, 127, 255, 167,
       46, 75, 139, 255, 187, 254, 223, 191, 151, 124, 189, 223, 83, 190,
       158, 188, 170, 176, 28, 167, 187, 83, 194, 253, 175, 230, 130,
       219, 167, 239, 253, 5, 191, 75, 150, 225, 144, 243, 90, 250, 172,
       196, 171, 93, 16, 149, 127, 205, 150, 70, 191, 253, 60, 128, 254,
       2, 92, 247, 40, 96, 127, 223, 50, 250, 113, 147, 59, 222, 253,
       175, 175, 4, 81, 242, 165, 169, 222, 156, 159, 254, 169, 237, 93,
       163, 190, 154, 131, 88, 255, 255, 1, 123, 133, 247, 125, 131, 107,
       77, 219, 127, 217, 243, 255, 152, 136, 113, 35, 59, 1, 156, 152,
       255, 48, 173, 87, 182, 86, 11, 108, 68, 183, 243, 33, 96, 85, 122,
       14, 8, 106, 168, 123, 63, 237, 175, 52, 16, 184, 88, 0, 43, 77,
       124, 159, 101, 1, 110, 55, 34, 120, 234, 110, 8, 222, 55, 1, 59,
       177, 116, 88, 42, 65, 244, 177, 72, 197, 255, 69, 2, 200, 113, 67,
       51, 104, 31, 16, 236, 237, 143, 70, 119, 199, 172, 184, 77, 162,
       185, 36, 144, 200, 190, 206, 0, 88, 43, 64, 154, 179, 221, 149,
       59, 90, 72, 222, 11, 248, 133, 23, 236, 13, 66, 86, 101, 165, 16,
       170, 11, 67, 119, 32, 211, 232, 244, 232, 226, 120, 203, 17, 141,
       179, 227, 192, 19, 50, 42, 116, 10, 58, 255, 230, 223, 253, 95,
       252, 255, 159, 127, 222, 191, 104, 253, 62, 207, 221, 223, 255,
       167, 238, 251, 251, 253, 127, 123, 223, 255, 215, 252, 252, 223,
       38, 6, 252, 207, 252, 123, 222, 72, 93, 231, 255, 187, 203, 104,
       159, 184, 218, 205, 247, 247, 188, 178, 109, 202, 54, 255, 231,
       147, 199, 255, 222, 199, 232, 188, 255, 113, 248, 110, 241, 219,
       59, 251, 190, 120, 94, 183, 64, 63, 173, 150, 255, 16, 51, 239,
       243, 195, 95, 255, 117, 246, 202, 232, 70, 187, 40, 57, 61, 77,
       125, 95, 83, 56, 111, 104, 46, 8, 250, 85, 5, 180, 152, 60, 198,
       98, 73, 48, 113, 31, 103, 221, 33, 51, 82, 43, 78, 171, 151, 238,
       59, 235, 11, 85, 190, 224, 108, 50, 243, 210, 137, 14, 124, 225,
       237, 153, 202, 227, 237, 183, 117, 243, 181, 193, 138, 21, 81, 91,
       175, 148, 240, 125, 159, 108, 136, 78, 69, 63, 34, 170, 172, 88,
       23, 183, 64, 114, 1, 182, 108, 40, 121, 75, 176, 10, 251, 165,
       117, 124, 224, 240, 134, 57, 208, 148, 255, 253, 252, 110, 127,
       191, 127, 171, 250, 120, 223, 255, 144, 115, 247, 255, 127, 171,
       185, 255, 251, 239, 253, 255, 119, 196, 228, 241, 165, 57, 111,
       78, 244, 79, 108, 59, 254, 216, 125, 46, 255, 238, 203, 104, 159,
       253, 126, 196, 246, 110, 172, 182, 109, 234, 54, 255, 225, 151,
       199, 255, 74, 133, 248, 29, 22, 252, 157, 215, 86, 103, 149, 130,
       166, 24, 123, 243, 33, 211, 216, 246, 233, 98, 120, 239, 18, 191,
       243, 243, 69, 27, 58, 56, 252, 26, 61, 253, 236, 159, 223, 219,
       127, 248, 127, 246, 239, 134, 235, 229, 211, 244, 127, 238, 174,
       94, 255, 248, 127, 191, 238, 215, 199, 69, 191, 255, 252, 244, 37,
       207, 207, 207, 252, 14, 78, 188, 85, 202, 250, 198, 115, 96, 189,
       96, 89, 230, 46, 110, 249, 163, 77, 47, 62, 62, 165, 144, 253,
       251, 240, 36, 116, 117, 120, 234, 250, 102, 119, 232, 59, 166,
       253, 11, 94, 255, 47, 80, 255, 223, 127, 226, 100, 67, 219, 254,
       255, 190, 7, 63, 145, 115, 230, 211, 252, 232, 253, 99, 138, 75,
       71, 248, 98, 178, 165, 8, 83, 117, 201, 59, 25, 208, 108, 122,
       107, 102, 235, 57, 251, 203, 101, 124, 225, 187, 70, 32, 1, 229,
       17, 251, 252, 201, 165, 191, 94, 49, 73, 80, 183, 51, 200, 224,
       19, 74, 34, 8, 83, 56, 107, 55, 172, 158, 54, 108, 16, 218, 129,
       168, 30, 101, 50, 166, 159, 127, 254, 232, 189, 230, 255, 139, 79,
       236, 63, 132, 254, 221, 255, 231, 108, 163, 153, 254, 179, 247,
       79, 31, 103, 127, 47, 214, 93, 159, 81, 227, 180, 45, 110, 184,
       124, 200, 251, 76, 223, 232, 216, 240, 118, 207, 126, 238, 219,
       176, 205, 238, 252, 253, 39, 84, 14, 235, 233, 1, 52, 101, 26,
       229, 211, 74, 87, 224, 32, 132, 238, 8, 83, 115, 9, 80, 120, 220,
       72, 226, 72, 178, 105, 14, 245, 165, 5, 5, 97, 51, 102, 162, 130,
       13, 190, 252, 251, 230, 191, 99, 188, 134, 218, 3, 172, 190, 33,
       65, 231, 123, 187, 195, 112, 157, 50, 234, 253, 183, 222, 139, 0,
       97, 165, 234, 37, 117, 59, 71, 116, 95, 103, 184, 108, 232, 127,
       104, 214, 80, 137, 48, 144, 92, 68, 106, 65, 176, 57, 46, 101,
       157, 33, 54, 72, 59, 67, 167, 250, 116, 252, 217, 239, 125, 125,
       223, 191, 255, 180, 63, 8, 191, 198, 251, 239, 215, 255, 160, 189,
       111, 251, 218, 119, 251, 247, 191, 191, 252, 238, 255, 220, 184,
       158, 122, 169, 172, 88, 147, 187, 31, 36, 29, 191, 199, 74, 91,
       167, 155, 237, 20, 58, 77, 154, 51, 219, 217, 48, 121, 202, 128,
       139, 19, 76, 69, 51, 207, 245, 79, 239, 252, 239, 40, 155, 74,
       206, 245, 57, 228, 248, 212, 254, 106, 73, 179, 185, 255, 181,
       252, 143, 48, 82, 63, 213, 96, 223, 223, 231, 158, 253, 219, 247,
       248, 247, 110, 255, 167, 232, 238, 175, 244, 121, 238, 238, 234,
       239, 119, 255, 255, 62, 255, 135, 175, 119, 247, 108, 215, 182,
       219, 30, 187, 237, 207, 181, 228, 159, 254, 242, 63, 70, 252, 47,
       141, 253, 125, 238, 99, 109, 247, 59, 188, 157, 210, 223, 23, 89,
       125, 60, 215, 20, 141, 26, 186, 158, 225, 30, 201, 30, 166, 201,
       11, 229, 247, 105, 64, 249, 123, 59, 243, 106, 19, 74, 191, 249,
       199, 143, 45, 144, 123, 53, 130, 124, 65, 120, 103, 84, 75, 103,
       168, 116, 164, 111, 8, 211, 67, 9, 81, 18, 220, 72, 106, 104, 176,
       105, 12, 231, 141, 5, 21, 97, 187, 70, 34, 112, 79, 198, 236, 71,
       2, 70, 164, 225, 130, 234, 98, 99, 107, 37, 83, 120, 228, 44, 226,
       76, 179, 129, 169, 48, 238, 198, 2, 45, 115, 120, 10, 25, 249, 91,
       237, 114, 6, 47, 116, 44, 192, 102, 230, 125, 7, 160, 212, 54,
       253, 4, 238, 65, 152, 53, 111, 244, 229, 38, 128, 46, 178, 43,
       185, 217, 204, 156, 183, 188, 14, 109, 190, 190, 187, 130, 80,
       247, 115, 0, 75, 193, 119, 108, 153, 120, 205, 219, 175, 237, 243,
       255, 16, 136, 112, 161, 42, 52, 87, 18, 204, 117, 129, 246, 252,
       87, 12, 248, 106, 98, 217, 173, 128, 248, 248, 130, 98, 74, 179,
       2, 191, 51, 148, 131, 43, 89, 59, 126, 131, 85, 79, 222, 191, 230,
       11, 238, 252, 127, 162, 218, 226, 255, 105, 145, 96, 59, 231, 126,
       239, 228, 240, 13, 235, 252, 46, 111, 128, 45, 251, 41, 9, 30,
       111, 114, 207, 159, 147, 254, 236, 61, 164, 253, 35, 110, 251, 63,
       148, 123, 239, 223, 227, 104, 179, 205, 254, 250, 222, 143, 139,
       103, 247, 111, 135, 85, 69, 24, 103, 140, 14, 78, 184, 116, 162,
       171, 68, 215, 99, 9, 80, 80, 196, 104, 110, 73, 161, 89, 42, 232,
       172, 5, 20, 104, 243, 96, 0, 77, 66, 217, 231, 96, 10, 111, 184,
       105, 162, 98, 64, 215, 99, 137, 251, 22, 196, 108, 106, 73, 212,
       193, 72, 164, 251, 101, 4, 2, 179, 66, 33, 117, 87, 89, 103, 244,
       14, 71, 184, 80, 232, 187, 110, 83, 113, 153, 112, 92, 196, 4,
       110, 201, 50, 253, 46, 240, 174, 37, 148, 105, 251, 82, 49, 129,
       239, 103, 247, 164, 10, 238, 254, 124, 162, 250, 230, 249, 107,
       145, 225, 127, 239, 127, 239, 225, 248, 77, 239, 172, 254, 239,
       128, 109, 243, 35, 169, 146, 140, 135, 157, 131, 163, 172, 199,
       191, 179, 130, 147, 172, 174, 36, 79, 233, 231, 107, 149, 54, 205,
       19, 247, 188, 50, 223, 66, 129, 84, 161, 12, 188, 190, 154, 250,
       181, 183, 86, 191, 215, 139, 255, 85, 227, 243, 40, 208, 213, 106,
       140, 56, 62, 171, 74, 63, 235, 255, 53, 82, 154, 202, 232, 3, 176,
       148, 95, 224, 169, 127, 84, 231, 21, 59, 254, 24, 91, 191, 44,
       184, 221, 149, 134, 32, 125, 179, 113, 130, 179, 223, 84, 23, 225,
