%YAML:1.0
---
descriptors: !!opencv-matrix
   rows: 143
   cols: 32
   dt: u
   data: [ 252, 221, 62, 254, 172, 201, 87, 176, 196, 28, 166, 8, 119,
       119, 32, 83, 192, 242, 236, 106, 104, 43, 122, 61, 243, 227, 100,
       25, 48, 187, 100, 42, 109, 113, 17, 71, 53, 79, 119, 24, 104, 232,
       47, 8, 214, 21, 137, 180, 144, 84, 68, 106, 65, 240, 249, 24, 37,
       216, 33, 54, 66, 59, 66, 163, 5, 117, 25, 71, 112, 94, 102, 184,
       104, 232, 111, 64, 222, 83, 137, 48, 178, 92, 84, 106, 65, 176,
       121, 78, 167, 189, 37, 6, 72, 51, 67, 177, 73, 78, 157, 229, 32,
       46, 111, 26, 41, 170, 114, 72, 215, 51, 129, 123, 134, 84, 108,
       42, 65, 212, 225, 0, 197, 251, 96, 132, 2, 241, 66, 41, 1, 213,
       29, 105, 188, 207, 71, 191, 71, 41, 174, 72, 182, 53, 8, 112, 145,
       18, 92, 24, 219, 40, 113, 63, 239, 222, 20, 86, 16, 24, 192, 41,
       212, 246, 189, 122, 232, 108, 85, 159, 178, 191, 167, 125, 87,
       231, 73, 91, 5, 214, 109, 16, 58, 71, 235, 51, 217, 227, 117, 252,
       160, 208, 134, 115, 88, 188, 147, 250, 187, 237, 16, 231, 187, 17,
       168, 24, 190, 191, 96, 16, 163, 187, 253, 16, 26, 107, 146, 247,
       219, 213, 22, 123, 210, 64, 167, 59, 130, 189, 38, 155, 253, 167,
       188, 111, 159, 95, 216, 23, 172, 238, 54, 64, 221, 59, 187, 149,
       246, 223, 123, 255, 45, 22, 159, 234, 152, 76, 165, 223, 252, 125,
       251, 116, 213, 94, 215, 240, 81, 174, 244, 11, 123, 125, 21, 51,
       153, 252, 149, 106, 232, 250, 248, 174, 123, 239, 229, 57, 103,
       248, 86, 235, 72, 184, 155, 116, 73, 221, 17, 115, 235, 217, 164,
       8, 190, 247, 70, 180, 129, 51, 236, 8, 11, 107, 178, 49, 219, 217,
       17, 59, 74, 0, 79, 59, 52, 109, 10, 101, 145, 75, 87, 228, 36,
       164, 238, 11, 67, 99, 3, 16, 120, 252, 201, 98, 72, 179, 73, 46,
       243, 167, 5, 21, 97, 59, 102, 34, 124, 190, 253, 122, 153, 253,
       81, 222, 179, 191, 180, 60, 123, 247, 75, 159, 13, 250, 236, 24,
       58, 107, 250, 51, 219, 215, 117, 125, 226, 224, 70, 115, 206, 188,
       189, 250, 169, 253, 21, 175, 191, 191, 172, 57, 238, 255, 76, 218,
       135, 115, 237, 18, 114, 109, 218, 243, 251, 247, 87, 127, 146, 81,
       135, 27, 52, 96, 80, 166, 79, 11, 66, 104, 3, 160, 161, 11, 66,
       72, 77, 149, 216, 196, 194, 98, 72, 99, 75, 156, 176, 208, 5, 63,
       115, 63, 78, 134, 18, 141, 3, 190, 212, 134, 174, 230, 148, 0,
       218, 67, 124, 235, 48, 64, 248, 235, 19, 197, 96, 153, 18, 239,
       241, 38, 154, 0, 21, 8, 49, 138, 236, 169, 183, 86, 137, 109, 85,
       172, 251, 183, 167, 24, 254, 245, 73, 191, 129, 214, 232, 82, 57,
       103, 251, 34, 139, 219, 85, 63, 194, 113, 198, 34, 124, 241, 152,
       166, 170, 36, 94, 152, 131, 169, 157, 105, 223, 255, 72, 18, 151,
       221, 253, 17, 26, 67, 218, 49, 219, 197, 45, 191, 168, 115, 138,
       19, 60, 113, 104, 97, 80, 203, 119, 253, 48, 100, 236, 141, 19,
       69, 11, 16, 120, 152, 67, 242, 74, 178, 248, 28, 127, 197, 37,
       117, 99, 154, 214, 250, 207, 100, 150, 247, 237, 61, 116, 206,
       255, 187, 215, 88, 206, 250, 235, 239, 233, 215, 238, 18, 165,
       245, 155, 226, 150, 243, 95, 31, 138, 125, 169, 132, 227, 180,
       255, 220, 238, 253, 253, 255, 191, 254, 244, 63, 156, 255, 246,
       123, 239, 255, 255, 132, 231, 111, 251, 241, 223, 251, 255, 191,
       150, 252, 231, 255, 45, 253, 185, 83, 245, 221, 247, 182, 91, 251,
       60, 56, 190, 56, 70, 188, 129, 74, 214, 88, 247, 120, 249, 51,
       111, 95, 53, 103, 202, 89, 219, 255, 5, 225, 201, 131, 220, 73,
       230, 172, 94, 113, 32, 8, 213, 112, 72, 164, 49, 74, 106, 122, 83,
       112, 223, 53, 44, 140, 7, 124, 152, 26, 195, 160, 112, 12, 151,
       220, 137, 108, 5, 231, 184, 150, 170, 26, 38, 183, 1, 91, 233,
       246, 104, 0, 121, 75, 179, 104, 177, 166, 86, 27, 128, 112, 164,
       42, 222, 254, 174, 190, 187, 213, 190, 239, 191, 255, 144, 191,
       236, 238, 110, 11, 167, 119, 255, 215, 118, 79, 154, 243, 187,
       115, 95, 251, 150, 85, 175, 95, 8, 174, 220, 123, 172, 169, 98,
       158, 86, 23, 108, 1, 183, 35, 3, 88, 3, 106, 42, 28, 18, 56, 91,
       49, 206, 207, 84, 97, 240, 201, 76, 138, 121, 56, 115, 96, 117,
       221, 82, 86, 123, 104, 188, 104, 63, 157, 132, 52, 158, 190, 212,
       0, 135, 59, 240, 179, 115, 223, 17, 58, 67, 132, 70, 63, 236, 174,
       184, 119, 224, 108, 119, 184, 114, 190, 117, 25, 255, 235, 74, 27,
       151, 94, 229, 74, 58, 118, 202, 33, 207, 235, 117, 109, 224, 241,
       206, 163, 222, 254, 182, 250, 171, 253, 150, 238, 191, 191, 149,
       185, 238, 255, 111, 27, 175, 243, 255, 19, 110, 79, 234, 243, 251,
       215, 95, 251, 146, 93, 143, 91, 65, 56, 59, 124, 40, 253, 17, 83,
       235, 88, 180, 56, 190, 151, 198, 48, 133, 51, 204, 0, 135, 107,
       178, 17, 211, 217, 48, 59, 72, 0, 71, 123, 56, 225, 82, 104, 93,
       151, 214, 236, 133, 4, 232, 11, 106, 217, 32, 145, 216, 184, 195,
       226, 76, 171, 24, 189, 123, 217, 133, 27, 67, 14, 250, 130, 61,
       69, 99, 77, 86, 75, 231, 120, 69, 224, 255, 234, 83, 73, 189, 52,
       120, 204, 6, 234, 201, 178, 109, 30, 118, 44, 161, 4, 127, 187,
       114, 160, 112, 157, 31, 108, 153, 198, 86, 37, 133, 0, 170, 40,
       115, 247, 32, 81, 208, 246, 236, 98, 89, 139, 80, 61, 243, 225,
       64, 27, 58, 42, 236, 26, 60, 181, 97, 73, 209, 79, 231, 249, 5,
       236, 253, 104, 82, 85, 140, 52, 92, 216, 198, 106, 217, 186, 121,
       60, 125, 140, 37, 116, 67, 10, 198, 243, 116, 125, 221, 103, 138,
       78, 71, 176, 96, 160, 170, 8, 115, 55, 1, 51, 16, 244, 108, 106,
       73, 242, 249, 40, 241, 168, 101, 16, 97, 242, 70, 48, 25, 71, 79,
       143, 86, 138, 111, 252, 116, 192, 91, 194, 93, 227, 185, 96, 122,
       236, 54, 238, 225, 177, 13, 206, 244, 46, 167, 4, 45, 186, 113,
       128, 61, 219, 199, 255, 182, 10, 111, 252, 119, 226, 247, 230, 83,
       97, 185, 237, 127, 204, 62, 238, 249, 240, 109, 189, 252, 239,
       231, 196, 47, 250, 240, 49, 220, 175, 127, 112, 171, 217, 85, 115,
       179, 151, 164, 184, 43, 199, 194, 183, 39, 183, 236, 24, 122, 111,
       162, 119, 251, 227, 117, 107, 99, 160, 167, 99, 124, 180, 188, 99,
       168, 111, 87, 152, 114, 190, 165, 25, 215, 113, 75, 27, 25, 212,
       108, 122, 58, 102, 249, 19, 207, 203, 101, 125, 240, 251, 78, 98,
       17, 141, 31, 254, 16, 166, 38, 247, 180, 130, 202, 64, 181, 227,
       32, 81, 96, 238, 42, 136, 97, 223, 16, 111, 184, 166, 158, 0, 8,
       80, 161, 40, 92, 164, 142, 178, 141, 253, 64, 203, 166, 51, 139,
       25, 151, 251, 74, 219, 201, 131, 125, 17, 30, 75, 219, 49, 219,
       193, 223, 117, 160, 73, 158, 2, 52, 105, 249, 239, 126, 11, 239,
       216, 95, 160, 248, 234, 211, 73, 17, 32, 126, 220, 87, 107, 136,
       178, 77, 254, 118, 13, 163, 32, 117, 251, 82, 128, 254, 37, 82,
       174, 223, 123, 246, 232, 63, 162, 245, 187, 78, 251, 43, 213, 251,
       223, 255, 227, 108, 231, 203, 222, 186, 246, 79, 63, 127, 127,
       170, 134, 246, 110, 62, 190, 157, 251, 214, 235, 255, 166, 249,
       27, 110, 236, 47, 25, 249, 255, 239, 35, 108, 231, 90, 255, 187,
       246, 79, 63, 209, 125, 238, 198, 2, 157, 151, 187, 221, 165, 184,
       239, 31, 123, 218, 83, 236, 254, 40, 196, 253, 59, 187, 149, 51,
       219, 91, 247, 189, 246, 158, 66, 152, 76, 161, 187, 166, 174, 234,
       219, 205, 241, 185, 207, 191, 247, 244, 187, 8, 238, 126, 8, 233,
       219, 227, 145, 54, 127, 234, 243, 31, 22, 223, 239, 213, 77, 231,
       246, 44, 38, 184, 227, 245, 255, 86, 187, 87, 175, 125, 24, 123,
       121, 91, 144, 153, 186, 199, 58, 42, 242, 73, 190, 239, 223, 37,
       49, 226, 219, 222, 131, 202, 140, 190, 183, 137, 228, 61, 199,
       191, 159, 134, 19, 172, 190, 98, 107, 225, 119, 251, 145, 50, 205,
       179, 226, 217, 243, 222, 83, 128, 116, 165, 126, 68, 185, 189, 67,
       104, 76, 51, 184, 106, 57, 37, 72, 214, 215, 200, 50, 144, 92,
       100, 88, 83, 104, 251, 33, 205, 190, 37, 124, 64, 162, 70, 33, 82,
