%YAML:1.0
---
descriptors: !!opencv-matrix
   rows: 107
   cols: 32
   dt: u
   data: [ 117, 249, 151, 186, 173, 205, 71, 220, 235, 217, 176, 72, 254,
       242, 64, 118, 129, 227, 108, 94, 27, 107, 250, 241, 153, 222, 87,
       122, 200, 19, 195, 45, 54, 239, 229, 239, 188, 39, 206, 188, 83,
       184, 249, 74, 99, 105, 92, 2, 217, 206, 53, 251, 202, 114, 207,
       189, 42, 254, 197, 244, 245, 251, 208, 12, 52, 207, 213, 190, 252,
       7, 198, 237, 83, 187, 185, 74, 67, 104, 93, 31, 217, 206, 36, 123,
       122, 114, 75, 191, 184, 222, 197, 124, 221, 122, 210, 132, 6, 165,
       20, 139, 221, 125, 180, 239, 30, 53, 57, 27, 140, 112, 74, 132,
       187, 27, 226, 17, 22, 120, 91, 215, 13, 20, 31, 119, 144, 76, 141,
       134, 164, 13, 150, 254, 253, 171, 86, 239, 223, 130, 121, 80, 238,
       233, 37, 193, 211, 107, 106, 34, 112, 111, 74, 191, 168, 254, 87,
       26, 212, 249, 193, 141, 6, 164, 156, 155, 250, 105, 185, 11, 30,
       51, 17, 154, 156, 242, 72, 9, 139, 27, 106, 17, 50, 110, 219, 209,
       141, 22, 95, 127, 148, 72, 133, 160, 129, 164, 156, 155, 219, 237,
       33, 175, 62, 51, 65, 16, 212, 242, 72, 105, 99, 11, 106, 16, 50,
       88, 219, 87, 77, 167, 94, 109, 144, 64, 129, 162, 208, 248, 190,
       184, 170, 201, 17, 195, 190, 63, 132, 57, 151, 159, 66, 91, 163,
       49, 237, 17, 62, 77, 178, 51, 217, 195, 123, 123, 128, 0, 143, 67,
       246, 207, 102, 174, 29, 82, 70, 104, 229, 132, 146, 3, 107, 104,
       50, 211, 232, 228, 237, 227, 108, 163, 13, 141, 179, 226, 199, 19,
       39, 62, 124, 70, 88, 161, 50, 105, 185, 154, 124, 55, 47, 41, 207,
       128, 175, 131, 16, 240, 162, 63, 125, 136, 210, 153, 197, 85, 175,
       253, 54, 209, 34, 132, 139, 11, 104, 24, 151, 190, 137, 197, 20,
       7, 143, 211, 168, 9, 238, 246, 96, 122, 193, 115, 232, 0, 30, 15,
       218, 177, 209, 247, 94, 59, 144, 122, 133, 10, 240, 74, 255, 246,
       78, 72, 109, 48, 249, 210, 178, 250, 127, 111, 149, 123, 98, 245,
       125, 234, 233, 71, 231, 234, 212, 235, 254, 152, 37, 241, 102, 56,
       77, 36, 155, 231, 224, 46, 104, 25, 58, 179, 107, 80, 221, 179,
       73, 250, 51, 79, 124, 56, 49, 208, 153, 66, 221, 239, 99, 4, 136,
       227, 99, 161, 60, 105, 114, 110, 113, 223, 86, 112, 225, 132, 237,
       8, 107, 223, 3, 148, 184, 248, 197, 106, 72, 163, 58, 236, 243,
       253, 1, 27, 98, 191, 110, 226, 74, 186, 207, 13, 34, 54, 56, 51,
       168, 89, 86, 245, 221, 39, 130, 219, 38, 85, 253, 132, 149, 216,
       167, 65, 70, 99, 250, 128, 10, 228, 43, 81, 196, 236, 133, 147,
       148, 168, 38, 141, 182, 147, 75, 18, 224, 226, 72, 74, 113, 110,
       42, 152, 114, 92, 219, 227, 173, 38, 223, 68, 128, 122, 177, 0,
       246, 80, 214, 174, 77, 70, 86, 104, 185, 142, 227, 11, 78, 254,
       47, 223, 248, 213, 237, 227, 108, 199, 155, 202, 145, 178, 207,
       31, 1, 63, 126, 70, 198, 164, 145, 190, 254, 161, 174, 169, 154,
       179, 9, 154, 204, 234, 88, 11, 147, 111, 123, 179, 114, 71, 142,
       215, 172, 22, 207, 252, 148, 98, 147, 128, 69, 103, 85, 103, 178,
       11, 110, 184, 118, 170, 107, 228, 211, 99, 153, 116, 55, 76, 44,
       238, 225, 208, 205, 30, 44, 174, 101, 132, 44, 243, 96, 161, 34,
       239, 17, 186, 220, 133, 182, 239, 158, 1, 72, 75, 164, 219, 108,
       0, 254, 59, 3, 81, 82, 26, 90, 245, 189, 20, 158, 106, 16, 10,
       165, 138, 141, 180, 253, 241, 236, 233, 233, 27, 126, 115, 55,
       252, 157, 241, 216, 43, 175, 11, 126, 24, 179, 124, 239, 211, 204,
       219, 119, 228, 220, 200, 193, 177, 117, 248, 187, 250, 57, 141,
       67, 216, 239, 248, 172, 72, 254, 210, 65, 118, 133, 225, 108, 90,
       203, 107, 250, 113, 153, 220, 7, 122, 64, 3, 67, 109, 245, 255,
       205, 102, 154, 99, 79, 252, 82, 226, 185, 238, 115, 105, 217, 51,
       31, 230, 93, 234, 249, 99, 173, 46, 250, 207, 229, 188, 253, 243,
       242, 49, 56, 233, 114, 108, 85, 221, 119, 246, 99, 13, 124, 8, 59,
       157, 167, 180, 88, 250, 150, 72, 74, 58, 112, 191, 115, 221, 4,
       41, 115, 158, 126, 234, 213, 64, 204, 165, 32, 14, 111, 24, 96,
       166, 195, 3, 215, 3, 25, 91, 118, 197, 109, 239, 72, 212, 205, 8,
       208, 235, 231, 4, 36, 243, 35, 96, 1, 141, 150, 252, 213, 134,
       238, 119, 236, 128, 234, 66, 189, 227, 48, 240, 232, 111, 42, 200,
       80, 139, 18, 239, 169, 254, 206, 8, 8, 168, 233, 136, 112, 111,
       142, 61, 157, 154, 102, 167, 244, 134, 234, 69, 163, 160, 3, 211,
       72, 238, 232, 78, 108, 251, 199, 46, 160, 231, 84, 17, 73, 120,
       234, 140, 130, 233, 21, 187, 221, 133, 166, 237, 158, 17, 192, 83,
       164, 194, 40, 65, 200, 59, 10, 83, 114, 11, 90, 253, 173, 144,
       142, 122, 24, 24, 161, 170, 94, 188, 188, 122, 169, 253, 20, 143,
       187, 63, 164, 25, 174, 255, 66, 27, 131, 115, 237, 16, 26, 75,
       218, 49, 219, 211, 85, 123, 210, 84, 143, 11, 104, 152, 145, 190,
       9, 205, 18, 135, 159, 67, 160, 25, 174, 247, 96, 88, 193, 51, 232,
       0, 22, 15, 218, 179, 209, 247, 25, 123, 146, 8, 5, 90, 29, 103,
       85, 69, 176, 14, 111, 184, 116, 168, 126, 228, 211, 99, 153, 116,
       54, 76, 36, 238, 233, 208, 205, 14, 164, 174, 37, 132, 110, 243,
       64, 33, 226, 184, 230, 250, 201, 252, 176, 199, 187, 95, 144, 157,
       170, 252, 118, 155, 237, 179, 255, 17, 191, 111, 178, 243, 27,
       115, 222, 251, 223, 76, 255, 95, 93, 53, 147, 225, 178, 46, 108,
       31, 59, 187, 107, 80, 223, 51, 200, 254, 183, 31, 60, 56, 51, 208,
       145, 66, 140, 238, 55, 68, 170, 224, 163, 33, 38, 52, 146, 131,
       205, 126, 178, 72, 59, 175, 185, 27, 76, 254, 79, 158, 249, 221,
       203, 179, 20, 243, 217, 194, 29, 22, 11, 55, 193, 103, 111, 198,
       45, 93, 21, 238, 61, 223, 86, 48, 197, 136, 251, 68, 255, 115, 33,
       240, 212, 114, 92, 106, 201, 161, 89, 63, 227, 255, 33, 18, 90,
       187, 64, 19, 75, 48, 174, 53, 41, 246, 57, 23, 171, 221, 6, 213,
       189, 62, 70, 127, 135, 87, 253, 148, 149, 73, 179, 64, 71, 123,
       122, 194, 138, 132, 163, 125, 196, 164, 132, 147, 220, 168, 39,
       173, 246, 155, 11, 82, 240, 226, 72, 67, 113, 106, 42, 154, 115,
       84, 203, 119, 44, 6, 207, 100, 136, 98, 161, 128, 253, 127, 28,
       101, 184, 31, 86, 186, 59, 168, 188, 76, 223, 115, 65, 179, 157,
       196, 124, 104, 233, 98, 209, 62, 251, 223, 37, 60, 74, 241, 74, 3,
       108, 175, 196, 103, 157, 15, 198, 190, 83, 185, 184, 77, 195, 105,
       88, 130, 217, 70, 108, 82, 30, 104, 203, 178, 47, 223, 133, 124,
       235, 255, 216, 128, 114, 33, 240, 228, 110, 40, 248, 0, 233, 128,
       185, 138, 15, 11, 85, 18, 174, 149, 93, 217, 138, 32, 198, 192,
       151, 216, 138, 187, 103, 163, 67, 6, 89, 125, 157, 229, 184, 15,
       92, 191, 59, 162, 170, 72, 159, 51, 65, 146, 151, 215, 124, 40,
       105, 218, 209, 30, 239, 255, 37, 52, 40, 240, 138, 9, 242, 67, 70,
       140, 14, 2, 198, 104, 229, 164, 178, 167, 98, 72, 55, 87, 232,
       229, 236, 227, 108, 231, 69, 205, 176, 162, 203, 19, 101, 62, 124,
       14, 77, 75, 29, 101, 36, 14, 111, 180, 109, 168, 126, 68, 223, 49,
       145, 114, 150, 100, 108, 110, 193, 176, 225, 44, 230, 251, 101,
       128, 74, 243, 67, 41, 41, 181, 120, 75, 245, 221, 231, 119, 95,
       77, 125, 8, 58, 252, 182, 180, 88, 170, 146, 28, 215, 186, 116,
       151, 47, 93, 20, 106, 211, 206, 222, 252, 93, 96, 220, 165, 32,
       46, 75, 24, 96, 166, 167, 0, 215, 35, 89, 90, 114, 197, 125, 238,
       8, 212, 201, 8, 197, 233, 99, 20, 160, 243, 43, 32, 164, 237, 21,
       187, 153, 141, 134, 236, 158, 17, 160, 88, 166, 66, 40, 129, 201,
       67, 74, 115, 123, 75, 90, 61, 169, 144, 15, 124, 24, 24, 137, 136,
       122, 185, 188, 122, 169, 249, 85, 143, 171, 61, 172, 41, 175, 255,
       66, 26, 129, 243, 237, 16, 26, 75, 202, 49, 219, 215, 85, 123,
       210, 68, 143, 75, 114, 174, 247, 26, 207, 245, 152, 199, 219, 95,
       176, 155, 44, 236, 118, 223, 235, 163, 235, 149, 150, 111, 170,
       241, 27, 90, 222, 251, 215, 68, 231, 223, 104, 184, 25, 250, 73,
