%YAML:1.0
---
descriptors: !!opencv-matrix
   rows: 189
   cols: 32
   dt: u
   data: [ 202, 62, 244, 21, 234, 50, 188, 55, 185, 255, 18, 253, 140,
       46, 199, 159, 167, 119, 237, 129, 164, 220, 231, 200, 6, 115, 127,
       131, 134, 244, 143, 95, 222, 52, 181, 242, 169, 125, 93, 134, 171,
       255, 158, 57, 206, 63, 75, 191, 135, 215, 253, 17, 40, 69, 251,
       224, 219, 211, 93, 247, 130, 117, 135, 119, 93, 83, 194, 103, 163,
       26, 111, 156, 33, 224, 191, 238, 91, 103, 219, 214, 54, 228, 252,
       238, 201, 209, 189, 136, 114, 239, 229, 132, 175, 247, 104, 117,
       216, 56, 188, 52, 169, 253, 17, 15, 235, 255, 182, 57, 174, 188,
       70, 159, 129, 247, 236, 16, 62, 111, 227, 0, 219, 211, 117, 127,
       194, 76, 143, 95, 44, 71, 250, 111, 180, 94, 119, 184, 125, 140,
       127, 0, 223, 123, 11, 16, 184, 76, 102, 110, 232, 176, 41, 42,
       231, 255, 36, 5, 66, 251, 110, 195, 32, 165, 241, 85, 245, 221,
       229, 231, 123, 7, 124, 24, 160, 177, 148, 52, 217, 26, 2, 8, 115,
       186, 112, 247, 47, 30, 20, 98, 67, 72, 199, 172, 7, 140, 153, 223,
       244, 175, 254, 43, 94, 139, 89, 82, 245, 232, 188, 224, 211, 107,
       23, 47, 177, 248, 74, 255, 174, 143, 111, 232, 156, 235, 153, 128,
       39, 160, 174, 152, 180, 182, 184, 123, 30, 73, 95, 215, 213, 254,
       190, 104, 223, 29, 55, 61, 151, 219, 43, 151, 203, 175, 251, 212,
       156, 138, 241, 209, 218, 207, 126, 252, 42, 208, 29, 183, 161, 14,
       212, 179, 41, 175, 162, 243, 102, 243, 189, 194, 112, 13, 38, 255,
       243, 227, 254, 139, 55, 132, 175, 123, 41, 92, 123, 79, 116, 239,
       235, 248, 84, 66, 124, 2, 113, 85, 55, 96, 124, 104, 18, 106, 161,
       180, 56, 63, 103, 143, 32, 0, 83, 155, 100, 233, 71, 203, 245,
       239, 174, 138, 254, 160, 239, 144, 155, 226, 254, 248, 213, 66,
       166, 245, 127, 71, 192, 225, 207, 224, 188, 56, 239, 154, 4, 187,
       81, 1, 32, 109, 250, 90, 244, 205, 247, 215, 239, 12, 124, 8, 50,
       217, 101, 16, 184, 106, 2, 90, 66, 186, 58, 123, 103, 157, 36, 41,
       209, 155, 102, 170, 75, 149, 97, 124, 249, 212, 93, 63, 29, 77,
       92, 161, 253, 191, 190, 116, 215, 63, 181, 141, 210, 24, 246, 159,
       103, 127, 254, 202, 22, 198, 180, 127, 130, 12, 166, 190, 133,
       237, 180, 71, 189, 31, 66, 17, 174, 173, 55, 79, 233, 35, 235, 5,
       48, 253, 18, 235, 133, 118, 90, 3, 128, 92, 157, 74, 18, 14, 199,
       141, 90, 242, 186, 103, 173, 1, 218, 163, 105, 230, 160, 192, 127,
       191, 175, 160, 0, 155, 4, 237, 180, 38, 170, 131, 37, 134, 45,
       136, 53, 71, 235, 174, 214, 6, 239, 240, 212, 196, 255, 135, 83,
       233, 63, 64, 120, 204, 6, 238, 216, 179, 60, 46, 121, 175, 167, 4,
       245, 251, 112, 224, 95, 219, 113, 255, 62, 216, 159, 184, 77, 204,
       149, 230, 255, 126, 159, 228, 86, 113, 223, 111, 199, 33, 111,
       255, 238, 255, 47, 154, 62, 191, 5, 125, 17, 142, 75, 189, 116,
       163, 226, 247, 86, 65, 250, 199, 113, 232, 180, 96, 121, 174, 38,
       141, 191, 186, 7, 127, 124, 46, 162, 192, 125, 136, 240, 136, 129,
       61, 177, 113, 36, 143, 105, 23, 127, 169, 122, 80, 190, 25, 84,
       48, 134, 63, 127, 25, 193, 252, 209, 90, 133, 188, 48, 128, 200,
       192, 67, 57, 60, 19, 119, 231, 117, 94, 107, 120, 53, 236, 119,
       230, 91, 71, 191, 181, 126, 252, 149, 106, 137, 176, 41, 140, 126,
       255, 33, 132, 111, 175, 110, 241, 53, 21, 115, 202, 214, 166, 235,
       81, 85, 192, 125, 66, 81, 249, 181, 100, 126, 186, 23, 189, 185,
       178, 32, 206, 121, 44, 162, 200, 247, 234, 112, 161, 53, 13, 66,
       222, 212, 178, 234, 99, 212, 192, 249, 194, 113, 232, 181, 225,
       120, 170, 18, 223, 189, 171, 4, 238, 56, 46, 138, 72, 253, 171,
       120, 132, 160, 217, 106, 95, 70, 193, 255, 244, 20, 68, 116, 131,
       49, 205, 51, 1, 126, 250, 19, 202, 66, 186, 58, 125, 103, 9, 160,
       41, 117, 155, 118, 250, 25, 133, 110, 235, 182, 147, 255, 255, 76,
       69, 222, 130, 249, 127, 186, 96, 126, 147, 159, 237, 218, 184,
       101, 253, 255, 237, 170, 193, 55, 142, 245, 232, 26, 197, 242,
       204, 219, 208, 188, 231, 175, 197, 222, 163, 45, 254, 102, 224,
       127, 187, 187, 145, 86, 139, 166, 207, 58, 101, 158, 203, 183, 86,
       173, 223, 186, 21, 122, 236, 214, 82, 95, 113, 85, 66, 255, 162,
       91, 95, 190, 244, 126, 189, 149, 170, 120, 178, 36, 206, 243, 237,
       160, 131, 119, 166, 238, 246, 31, 79, 64, 7, 181, 19, 110, 121,
       111, 168, 191, 230, 79, 40, 151, 228, 119, 100, 174, 110, 196,
       177, 13, 222, 186, 94, 7, 196, 239, 183, 105, 5, 143, 140, 172,
       179, 149, 63, 190, 167, 30, 247, 71, 21, 204, 108, 26, 203, 213,
       79, 179, 23, 180, 216, 123, 174, 173, 87, 223, 71, 144, 125, 157,
       94, 54, 223, 27, 138, 253, 215, 151, 248, 158, 236, 253, 103, 126,
       252, 175, 132, 253, 251, 159, 227, 251, 163, 56, 255, 248, 23,
       175, 255, 93, 59, 125, 243, 34, 221, 123, 90, 222, 197, 175, 247,
       140, 68, 124, 2, 48, 221, 52, 36, 108, 122, 19, 202, 227, 59, 58,
       127, 61, 14, 142, 42, 81, 26, 245, 252, 62, 114, 243, 193, 239,
       80, 177, 81, 117, 255, 247, 183, 8, 220, 254, 174, 252, 221, 166,
       179, 223, 247, 183, 192, 95, 89, 167, 239, 231, 109, 246, 247,
       135, 207, 234, 179, 228, 169, 239, 247, 172, 30, 218, 247, 177,
       235, 221, 67, 111, 235, 95, 159, 243, 150, 78, 226, 228, 60, 174,
       192, 188, 208, 225, 217, 149, 213, 107, 230, 214, 66, 239, 248,
       116, 224, 219, 198, 81, 237, 185, 96, 123, 252, 22, 251, 233, 179,
       61, 110, 249, 174, 175, 68, 45, 187, 112, 176, 7, 140, 163, 155,
       214, 178, 171, 199, 127, 67, 75, 146, 208, 230, 190, 108, 119,
       111, 51, 157, 179, 220, 45, 239, 44, 62, 159, 194, 132, 70, 177,
       244, 11, 191, 203, 21, 242, 186, 191, 247, 58, 231, 94, 237, 44,
       172, 199, 150, 55, 111, 245, 21, 149, 216, 180, 106, 46, 22, 63,
       162, 207, 244, 175, 221, 119, 105, 112, 238, 62, 154, 90, 248,
       121, 192, 213, 235, 127, 127, 157, 116, 118, 249, 93, 111, 236, 3,
       236, 237, 242, 252, 35, 186, 38, 167, 114, 85, 202, 186, 188, 144,
       235, 249, 181, 7, 187, 191, 20, 189, 140, 190, 198, 31, 167, 63,
       255, 17, 54, 76, 194, 208, 78, 83, 125, 255, 198, 68, 143, 223,
       127, 95, 227, 70, 183, 82, 111, 181, 161, 204, 254, 230, 105, 231,
       151, 246, 54, 228, 252, 238, 205, 145, 189, 170, 50, 253, 165,
       129, 47, 246, 248, 117, 11, 182, 131, 187, 227, 177, 184, 207, 63,
       67, 115, 247, 140, 238, 110, 204, 255, 43, 179, 149, 23, 220, 14,
       211, 28, 86, 159, 230, 155, 68, 171, 221, 133, 223, 127, 219, 230,
       184, 238, 151, 236, 26, 122, 246, 177, 250, 221, 97, 111, 250, 62,
       222, 243, 176, 111, 227, 36, 184, 38, 192, 253, 219, 225, 165,
       252, 167, 236, 56, 168, 173, 93, 255, 163, 31, 188, 157, 55, 227,
       90, 27, 173, 130, 229, 28, 94, 75, 138, 49, 218, 203, 116, 253,
       242, 192, 206, 203, 93, 219, 99, 166, 179, 18, 111, 180, 37, 200,
       206, 230, 89, 103, 178, 228, 118, 228, 188, 238, 201, 145, 173,
       172, 242, 237, 175, 128, 46, 182, 184, 121, 7, 174, 83, 211, 238,
       153, 174, 224, 253, 18, 242, 210, 173, 104, 221, 235, 239, 219,
       94, 147, 246, 49, 77, 226, 60, 28, 142, 66, 245, 248, 233, 132,
       109, 101, 217, 231, 240, 14, 111, 184, 50, 170, 123, 72, 215, 115,
       201, 80, 23, 220, 117, 122, 105, 208, 201, 42, 236, 175, 37, 164,
       232, 243, 194, 161, 2, 178, 154, 219, 247, 169, 177, 199, 62, 39,
       126, 179, 172, 237, 110, 72, 255, 59, 131, 17, 18, 184, 200, 211,
       95, 87, 30, 99, 148, 72, 173, 139, 33, 165, 176, 11, 221, 255,
       176, 111, 79, 121, 121, 26, 130, 184, 94, 36, 217, 10, 66, 17,
       151, 186, 95, 213, 15, 30, 22, 103, 217, 78, 218, 134, 32, 172,
       187, 187, 245, 225, 241, 199, 94, 73, 248, 18, 190, 158, 106, 96,
       249, 171, 23, 145, 30, 186, 98, 243, 221, 213, 186, 107, 149, 72,
       245, 203, 56, 5, 226, 239, 197, 111, 86, 99, 21, 134, 109, 27,
