%YAML:1.0
---
descriptors: !!opencv-matrix
   rows: 156
   cols: 32
   dt: u
   data: [ 69, 38, 248, 231, 224, 46, 107, 24, 122, 171, 63, 88, 215, 99,
       201, 122, 55, 84, 125, 186, 160, 208, 217, 66, 196, 175, 99, 132,
       136, 243, 67, 33, 2, 166, 152, 155, 254, 137, 188, 175, 30, 51,
       25, 251, 140, 162, 200, 138, 207, 27, 203, 21, 114, 76, 75, 215,
       12, 22, 159, 254, 156, 72, 137, 152, 247, 201, 102, 239, 15, 82,
       78, 224, 229, 160, 178, 2, 99, 72, 61, 247, 120, 228, 124, 235,
       108, 231, 13, 173, 178, 234, 199, 23, 103, 190, 112, 12, 237, 79,
       89, 101, 52, 14, 111, 184, 108, 168, 126, 108, 211, 65, 145, 49,
       30, 68, 76, 110, 201, 176, 233, 44, 230, 249, 33, 132, 74, 179,
       66, 33, 113, 12, 71, 213, 212, 34, 111, 39, 117, 162, 238, 18,
       115, 35, 176, 101, 123, 230, 50, 174, 121, 252, 101, 175, 118,
       174, 198, 0, 47, 248, 240, 40, 198, 175, 180, 190, 190, 161, 158,
       175, 154, 179, 25, 216, 236, 234, 84, 66, 151, 119, 121, 151, 178,
       77, 142, 243, 168, 22, 223, 252, 132, 113, 145, 9, 1, 191, 26,
       169, 178, 143, 63, 183, 60, 73, 122, 236, 191, 183, 130, 112, 182,
       59, 94, 85, 211, 184, 132, 127, 236, 189, 46, 192, 12, 192, 131,
       185, 1, 140, 28, 203, 181, 191, 74, 183, 87, 1, 110, 68, 247, 99,
       176, 244, 81, 42, 10, 28, 59, 184, 81, 191, 174, 254, 20, 80, 154,
       216, 216, 44, 58, 109, 98, 108, 93, 221, 214, 118, 101, 4, 252,
       11, 43, 157, 54, 20, 248, 186, 215, 192, 206, 186, 116, 239, 119,
       221, 144, 11, 103, 158, 126, 206, 3, 190, 189, 241, 236, 173, 185,
       159, 191, 123, 48, 92, 156, 175, 208, 43, 135, 11, 127, 29, 179,
       124, 251, 243, 79, 219, 127, 236, 220, 200, 129, 249, 231, 48,
       253, 245, 236, 44, 237, 27, 249, 251, 183, 244, 221, 191, 220,
       123, 239, 197, 127, 13, 177, 86, 231, 194, 214, 251, 255, 172,
       140, 224, 195, 241, 73, 95, 31, 110, 40, 12, 71, 56, 96, 138, 250,
       108, 247, 115, 137, 115, 150, 102, 108, 110, 232, 227, 195, 45,
       224, 251, 98, 152, 96, 243, 98, 41, 41, 123, 127, 101, 112, 206,
       111, 118, 125, 136, 114, 96, 60, 55, 128, 48, 166, 62, 86, 72,
       193, 184, 49, 108, 103, 190, 48, 128, 66, 128, 71, 169, 57, 185,
       59, 234, 93, 221, 123, 221, 107, 73, 253, 76, 62, 147, 104, 240,
       248, 153, 86, 72, 155, 59, 186, 145, 247, 253, 32, 110, 106, 2,
       234, 187, 252, 98, 190, 116, 77, 12, 85, 88, 243, 190, 180, 25,
       90, 217, 69, 27, 136, 244, 109, 106, 104, 103, 138, 0, 83, 219,
       85, 63, 67, 249, 70, 2, 77, 37, 152, 229, 224, 46, 104, 25, 58,
       179, 107, 80, 215, 115, 73, 250, 183, 93, 124, 60, 17, 208, 153,
       2, 206, 237, 99, 68, 168, 227, 203, 129, 59, 40, 114, 88, 117,
       153, 208, 64, 127, 64, 244, 168, 42, 220, 151, 180, 190, 184, 151,
       65, 142, 186, 102, 253, 151, 253, 0, 59, 119, 140, 94, 174, 89,
       250, 151, 250, 171, 164, 56, 223, 174, 27, 150, 84, 252, 247, 96,
       234, 167, 115, 253, 16, 163, 77, 155, 241, 217, 251, 127, 218,
       154, 80, 161, 59, 66, 42, 113, 92, 120, 157, 120, 2, 191, 9, 240,
       233, 174, 223, 132, 116, 182, 185, 255, 0, 130, 42, 194, 251, 151,
       124, 18, 170, 82, 132, 71, 127, 45, 177, 16, 195, 253, 125, 241,
       25, 79, 121, 61, 28, 222, 89, 218, 172, 159, 139, 222, 56, 151,
       112, 249, 212, 207, 221, 37, 118, 206, 15, 219, 247, 124, 93, 23,
       236, 29, 207, 86, 56, 197, 200, 170, 72, 126, 253, 33, 241, 208,
       240, 92, 98, 73, 163, 90, 157, 227, 249, 5, 26, 90, 58, 64, 51,
       146, 240, 32, 27, 75, 241, 177, 204, 22, 93, 212, 191, 44, 220,
       110, 141, 239, 27, 211, 209, 134, 103, 191, 241, 17, 80, 218, 235,
       87, 13, 63, 223, 98, 172, 175, 26, 253, 249, 177, 199, 171, 87,
       176, 185, 174, 236, 118, 11, 139, 51, 235, 17, 54, 107, 166, 241,
       91, 82, 94, 251, 196, 76, 215, 222, 201, 252, 127, 85, 107, 222,
       119, 182, 225, 206, 230, 4, 107, 151, 135, 247, 38, 116, 248, 106,
       197, 205, 182, 61, 103, 251, 69, 27, 98, 180, 78, 255, 253, 64,
       246, 103, 5, 30, 70, 188, 97, 170, 231, 8, 91, 89, 25, 123, 216,
       196, 108, 106, 104, 247, 249, 136, 231, 251, 229, 21, 98, 178,
       242, 34, 122, 176, 244, 232, 37, 86, 216, 27, 11, 125, 55, 185,
       15, 157, 222, 184, 151, 157, 181, 21, 158, 254, 187, 213, 203,
       251, 153, 247, 71, 132, 221, 119, 34, 168, 10, 136, 92, 233, 144,
       71, 142, 97, 72, 11, 166, 152, 98, 0, 200, 43, 194, 17, 22, 58,
       210, 87, 149, 20, 26, 123, 80, 8, 27, 206, 54, 123, 250, 70, 118,
       219, 254, 192, 233, 204, 254, 171, 42, 220, 183, 48, 190, 249,
       215, 66, 204, 179, 44, 232, 114, 28, 37, 139, 69, 179, 110, 223,
       185, 87, 43, 12, 84, 87, 199, 125, 84, 108, 222, 110, 114, 148,
       178, 161, 92, 140, 222, 110, 237, 187, 53, 31, 115, 41, 160, 145,
       123, 190, 252, 249, 236, 172, 245, 255, 237, 47, 66, 154, 83, 186,
       177, 88, 211, 121, 93, 11, 217, 198, 127, 90, 58, 102, 219, 179,
       15, 219, 213, 124, 243, 249, 80, 130, 164, 141, 23, 254, 252, 43,
       150, 239, 223, 163, 249, 88, 246, 233, 44, 65, 219, 111, 110, 34,
       112, 111, 11, 255, 184, 190, 87, 126, 212, 249, 225, 169, 221,
       119, 21, 238, 172, 15, 94, 248, 63, 186, 184, 108, 223, 243, 73,
       179, 223, 213, 124, 98, 233, 99, 203, 252, 185, 219, 111, 190, 88,
       123, 139, 1, 213, 143, 205, 147, 146, 168, 102, 174, 182, 147, 74,
       210, 241, 227, 201, 64, 113, 234, 42, 222, 115, 92, 143, 127, 172,
       166, 167, 68, 169, 115, 225, 32, 42, 173, 106, 88, 221, 221, 212,
       119, 87, 45, 252, 11, 43, 157, 54, 48, 217, 186, 151, 8, 218, 58,
       114, 183, 119, 93, 144, 107, 119, 136, 222, 238, 253, 89, 95, 236,
       44, 94, 95, 56, 177, 226, 247, 10, 91, 55, 37, 115, 254, 213, 124,
       234, 105, 199, 177, 204, 243, 251, 197, 28, 35, 179, 98, 49, 228,
       106, 254, 86, 109, 13, 213, 64, 203, 190, 180, 24, 98, 201, 85,
       27, 136, 240, 110, 74, 104, 103, 202, 160, 83, 217, 69, 63, 67,
       185, 70, 162, 10, 149, 118, 218, 115, 157, 186, 101, 157, 65, 79,
       183, 236, 238, 46, 228, 246, 59, 155, 0, 151, 153, 54, 255, 39,
       119, 26, 67, 30, 142, 173, 92, 45, 177, 240, 193, 253, 63, 243,
       217, 79, 253, 189, 30, 222, 24, 222, 174, 187, 140, 222, 62, 151,
       112, 121, 208, 207, 221, 7, 118, 206, 143, 219, 247, 110, 235,
       173, 238, 40, 65, 95, 252, 135, 252, 156, 169, 195, 207, 219, 82,
       220, 212, 255, 230, 202, 3, 235, 177, 250, 213, 175, 189, 22, 191,
       22, 121, 182, 241, 41, 168, 171, 85, 156, 205, 143, 121, 145, 191,
       140, 220, 126, 47, 223, 25, 223, 247, 207, 67, 250, 209, 147, 80,
       143, 255, 21, 22, 167, 215, 95, 28, 186, 68, 43, 124, 87, 82, 233,
       238, 190, 45, 42, 188, 135, 182, 166, 244, 236, 110, 173, 163,
       180, 106, 211, 125, 0, 27, 226, 247, 78, 87, 122, 92, 118, 92, 11,
       248, 118, 34, 225, 198, 238, 161, 42, 191, 7, 246, 166, 247, 253,
       194, 204, 137, 178, 233, 83, 251, 64, 155, 99, 245, 110, 127, 171,
       218, 110, 94, 125, 208, 209, 102, 213, 76, 244, 32, 34, 24, 183,
       229, 200, 162, 238, 64, 236, 175, 103, 191, 82, 123, 242, 155, 87,
       156, 124, 207, 89, 185, 158, 254, 171, 180, 80, 159, 239, 89, 174,
       68, 254, 243, 67, 254, 167, 119, 252, 16, 135, 75, 187, 241, 155,
       255, 87, 90, 154, 82, 43, 63, 125, 103, 20, 236, 188, 31, 94, 255,
       63, 170, 184, 104, 159, 115, 193, 147, 221, 197, 108, 104, 233,
       99, 195, 158, 184, 219, 111, 190, 90, 248, 139, 1, 100, 172, 213,
       243, 173, 111, 64, 154, 211, 187, 176, 88, 195, 249, 89, 15, 201,
       70, 106, 26, 59, 100, 219, 179, 15, 218, 213, 126, 202, 249, 80,
       2, 50, 186, 199, 189, 122, 139, 184, 234, 63, 179, 242, 235, 118,
       255, 164, 25, 255, 189, 255, 21, 42, 251, 67, 221, 156, 22, 95,
       246, 197, 172, 34, 185, 2, 32, 249, 225, 102, 169, 248, 2, 105,
       177, 48, 155, 140, 11, 84, 26, 174, 153, 95, 145, 146, 124, 211,
