%YAML:1.0
---
descriptors: !!opencv-matrix
   rows: 119
   cols: 32
   dt: u
   data: [ 38, 205, 194, 158, 221, 43, 166, 236, 155, 162, 185, 10, 224,
       232, 108, 135, 249, 230, 202, 227, 100, 99, 216, 255, 61, 134,
       207, 63, 151, 127, 210, 134, 2, 160, 148, 155, 218, 169, 40, 175,
       62, 55, 65, 183, 140, 226, 72, 201, 119, 27, 170, 144, 51, 88, 91,
       87, 12, 6, 94, 103, 188, 0, 137, 144, 2, 42, 142, 187, 137, 180,
       184, 6, 190, 31, 66, 149, 172, 238, 115, 201, 197, 43, 171, 149,
       38, 220, 83, 243, 77, 119, 218, 203, 144, 69, 61, 218, 2, 162,
       148, 155, 250, 169, 184, 143, 30, 49, 17, 253, 140, 198, 72, 136,
       79, 27, 235, 17, 18, 76, 203, 213, 12, 18, 95, 254, 148, 8, 133,
       145, 246, 123, 166, 86, 237, 80, 199, 225, 225, 140, 245, 104, 98,
       248, 189, 55, 216, 244, 244, 227, 204, 99, 170, 232, 50, 120, 229,
       187, 69, 123, 246, 231, 18, 143, 71, 239, 178, 162, 111, 253, 36,
       140, 218, 231, 97, 103, 176, 68, 126, 231, 31, 239, 216, 153, 45,
       253, 248, 164, 175, 192, 39, 242, 180, 105, 247, 255, 227, 110,
       218, 55, 207, 252, 194, 234, 185, 238, 83, 224, 253, 54, 29, 198,
       85, 238, 249, 67, 174, 58, 56, 206, 237, 188, 125, 243, 242, 117,
       252, 239, 250, 238, 143, 119, 70, 252, 195, 154, 189, 10, 67, 249,
       121, 19, 217, 194, 85, 234, 120, 99, 154, 186, 251, 201, 229, 61,
       115, 251, 254, 2, 129, 160, 17, 153, 108, 141, 160, 159, 222, 121,
       80, 84, 180, 144, 216, 105, 195, 11, 106, 28, 151, 124, 67, 209,
       140, 152, 62, 122, 152, 8, 129, 173, 89, 73, 87, 236, 13, 2, 66,
       32, 165, 128, 226, 2, 75, 59, 33, 247, 104, 244, 108, 234, 73,
       131, 49, 140, 179, 233, 194, 16, 35, 170, 116, 32, 64, 189, 191,
       188, 219, 228, 53, 239, 187, 219, 168, 21, 188, 255, 66, 18, 167,
       119, 235, 145, 19, 107, 146, 115, 221, 183, 95, 107, 200, 64, 175,
       219, 13, 181, 18, 225, 211, 183, 184, 215, 46, 169, 94, 114, 157,
       215, 64, 164, 55, 59, 147, 153, 19, 152, 144, 214, 237, 197, 47,
       228, 138, 68, 171, 145, 102, 155, 250, 76, 236, 18, 246, 113, 233,
       140, 255, 108, 96, 248, 181, 19, 220, 252, 231, 227, 200, 243,
       130, 200, 50, 56, 231, 143, 77, 58, 254, 183, 56, 217, 58, 254,
       189, 207, 87, 181, 198, 8, 204, 0, 247, 209, 34, 96, 208, 122, 12,
       72, 90, 171, 90, 63, 235, 229, 36, 89, 56, 10, 220, 59, 117, 90,
       111, 103, 36, 26, 79, 184, 68, 234, 251, 106, 211, 124, 153, 226,
       94, 212, 124, 106, 201, 181, 109, 40, 178, 235, 229, 148, 109,
       251, 80, 33, 117, 48, 241, 100, 97, 110, 83, 88, 59, 250, 177, 28,
       94, 119, 73, 58, 177, 220, 85, 62, 41, 247, 185, 64, 219, 220, 69,
       54, 234, 115, 66, 243, 25, 221, 86, 206, 146, 130, 62, 246, 117,
       0, 250, 230, 125, 114, 160, 96, 118, 247, 30, 224, 109, 153, 29,
       127, 186, 174, 38, 192, 61, 146, 169, 12, 118, 96, 209, 103, 1,
       106, 70, 200, 107, 226, 163, 8, 83, 127, 77, 62, 184, 213, 96,
       242, 13, 247, 217, 8, 145, 216, 69, 55, 233, 115, 66, 134, 122,
       173, 150, 92, 203, 249, 148, 199, 159, 183, 232, 59, 46, 185, 102,
       159, 201, 255, 235, 17, 126, 107, 194, 179, 187, 119, 85, 123,
       211, 92, 174, 142, 76, 180, 152, 59, 185, 109, 16, 139, 95, 57,
       57, 57, 158, 28, 72, 8, 133, 27, 206, 17, 18, 104, 219, 19, 205,
       213, 17, 127, 208, 72, 135, 131, 53, 223, 123, 79, 182, 83, 238,
       252, 100, 200, 250, 230, 115, 117, 189, 224, 126, 238, 22, 238,
       217, 184, 45, 63, 62, 173, 167, 196, 125, 251, 240, 185, 245, 219,
       79, 175, 102, 6, 111, 188, 52, 236, 211, 230, 113, 67, 185, 81,
       126, 228, 61, 238, 233, 147, 45, 47, 244, 170, 231, 132, 45, 187,
       240, 113, 232, 120, 57, 123, 13, 77, 81, 24, 123, 16, 37, 24, 178,
       19, 0, 56, 128, 24, 64, 8, 11, 110, 243, 55, 199, 221, 16, 24, 66,
       0, 70, 34, 215, 225, 121, 129, 3, 94, 127, 160, 45, 224, 167, 130,
       221, 14, 94, 246, 54, 213, 121, 255, 213, 212, 181, 192, 189, 120,
       15, 70, 37, 167, 3, 100, 245, 207, 193, 86, 156, 38, 206, 252,
       211, 226, 185, 78, 115, 96, 189, 55, 89, 230, 4, 110, 249, 99,
       156, 63, 56, 142, 197, 60, 253, 251, 210, 20, 83, 207, 71, 207,
       178, 2, 110, 252, 36, 136, 218, 230, 113, 103, 176, 85, 126, 230,
       63, 238, 249, 153, 45, 253, 176, 170, 175, 128, 37, 179, 240, 121,
       69, 176, 189, 65, 172, 108, 217, 159, 106, 251, 183, 16, 211, 53,
       220, 107, 133, 84, 125, 56, 155, 100, 251, 64, 207, 187, 119, 244,
       192, 192, 213, 49, 138, 184, 128, 187, 79, 189, 184, 207, 30, 127,
       80, 159, 172, 204, 122, 136, 191, 11, 147, 149, 22, 124, 26, 243,
       28, 87, 27, 235, 221, 12, 155, 218, 142, 12, 142, 187, 177, 178,
       56, 11, 62, 91, 70, 21, 172, 250, 98, 201, 193, 43, 187, 149, 54,
       220, 67, 242, 206, 247, 158, 195, 152, 69, 185, 218, 189, 105,
       237, 234, 140, 69, 71, 216, 194, 250, 181, 10, 83, 213, 121, 43,
       89, 208, 124, 250, 235, 103, 254, 48, 249, 137, 229, 60, 241, 251,
       116, 112, 64, 0, 87, 197, 76, 10, 96, 33, 172, 130, 226, 66, 244,
       3, 33, 91, 98, 164, 106, 40, 64, 209, 193, 200, 148, 178, 210, 16,
       0, 168, 97, 8, 116, 174, 192, 97, 213, 46, 70, 175, 115, 163, 234,
       0, 195, 41, 85, 56, 89, 206, 96, 152, 24, 248, 205, 42, 111, 238,
       149, 101, 225, 114, 214, 138, 5, 173, 249, 83, 240, 189, 239, 151,
       126, 227, 110, 136, 177, 230, 212, 52, 31, 110, 50, 28, 147, 184,
       237, 115, 109, 30, 21, 96, 212, 210, 195, 172, 88, 184, 157, 112,
       9, 205, 81, 87, 161, 25, 164, 24, 159, 151, 64, 59, 133, 149, 92,
       24, 11, 79, 178, 0, 219, 217, 80, 122, 234, 0, 6, 59, 68, 40, 186,
       97, 224, 40, 43, 3, 42, 183, 47, 144, 149, 227, 193, 26, 51, 79,
       104, 24, 18, 80, 170, 66, 204, 134, 63, 108, 128, 227, 7, 160,
       244, 120, 146, 100, 13, 78, 70, 64, 225, 226, 162, 8, 19, 153, 65,
       191, 168, 244, 112, 226, 77, 247, 144, 8, 147, 248, 69, 55, 105,
       113, 106, 22, 252, 99, 222, 102, 34, 10, 95, 216, 33, 162, 179,
       233, 87, 67, 201, 27, 58, 213, 109, 234, 72, 247, 141, 8, 208,
       233, 101, 148, 101, 179, 102, 33, 222, 121, 176, 232, 171, 85, 30,
       204, 175, 188, 148, 34, 143, 214, 107, 206, 183, 81, 239, 210, 78,
       1, 171, 240, 179, 213, 47, 191, 18, 119, 37, 79, 241, 66, 70, 197,
       14, 10, 229, 32, 237, 2, 243, 70, 66, 8, 149, 255, 104, 196, 110,
       235, 237, 231, 69, 204, 180, 42, 194, 16, 109, 56, 112, 4, 6, 162,
       92, 139, 238, 233, 168, 137, 142, 49, 17, 155, 141, 130, 72, 138,
       79, 27, 234, 17, 18, 76, 79, 209, 140, 16, 159, 253, 156, 8, 137,
       128, 245, 237, 237, 236, 172, 71, 71, 253, 66, 250, 184, 74, 83,
       117, 209, 55, 89, 226, 124, 238, 201, 99, 251, 56, 249, 138, 229,
       60, 125, 251, 210, 96, 245, 89, 79, 175, 38, 10, 111, 184, 116,
       232, 214, 230, 115, 81, 153, 97, 126, 228, 62, 239, 201, 180, 77,
       47, 244, 170, 231, 132, 45, 187, 112, 49, 182, 175, 246, 255, 255,
       27, 254, 252, 127, 174, 251, 90, 107, 233, 29, 245, 255, 239, 255,
       115, 252, 243, 79, 255, 190, 254, 199, 199, 231, 255, 196, 5, 124,
       79, 78, 236, 18, 66, 79, 184, 160, 140, 234, 235, 115, 99, 161,
       82, 114, 245, 109, 234, 72, 131, 5, 44, 242, 239, 229, 144, 53,
       179, 102, 11, 27, 189, 18, 225, 147, 183, 56, 119, 39, 41, 92, 2,
       141, 183, 98, 164, 47, 59, 151, 152, 87, 152, 16, 215, 235, 213,
       158, 231, 170, 6, 171, 159, 8, 162, 57, 251, 60, 141, 97, 159, 94,
       61, 81, 56, 183, 5, 200, 36, 135, 26, 38, 24, 18, 56, 107, 17,
       205, 156, 49, 116, 80, 136, 133, 233, 76, 113, 153, 229, 32, 78,
       103, 24, 44, 168, 111, 104, 223, 55, 137, 114, 22, 92, 108, 106,
       1, 144, 177, 8, 229, 253, 33, 4, 0, 243, 7, 49, 78, 88, 158, 190,
       45, 100, 125, 150, 171, 27, 70, 49, 253, 247, 43, 90, 231, 117,
       253, 131, 4, 69, 138, 225, 211, 243, 250, 139, 130, 117, 45, 11,
       20, 65, 95, 229, 3, 74, 106, 96, 173, 128, 239, 2, 95, 227, 49,
