%YAML:1.0
---
descriptors: !!opencv-matrix
   rows: 344
   cols: 32
   dt: u
   data: [ 137, 143, 218, 63, 134, 186, 108, 183, 118, 87, 110, 144, 175,
       227, 210, 116, 115, 106, 38, 28, 119, 188, 239, 51, 238, 231, 118,
       65, 250, 192, 235, 172, 17, 188, 238, 59, 176, 234, 113, 159, 54,
       127, 254, 181, 211, 55, 130, 88, 91, 78, 125, 156, 59, 220, 251,
       55, 230, 239, 246, 208, 140, 192, 194, 91, 109, 113, 48, 69, 117,
       31, 103, 184, 105, 232, 111, 76, 222, 88, 25, 180, 144, 76, 84,
       110, 197, 176, 217, 12, 37, 253, 37, 20, 74, 59, 75, 148, 237,
       223, 255, 255, 252, 63, 239, 255, 127, 251, 255, 254, 255, 235,
       157, 121, 127, 231, 126, 238, 243, 250, 111, 255, 254, 255, 255,
       132, 239, 251, 209, 249, 252, 205, 229, 111, 215, 122, 102, 188,
       125, 198, 107, 149, 203, 108, 159, 116, 51, 238, 110, 110, 236,
       180, 125, 110, 238, 126, 71, 5, 231, 247, 246, 212, 124, 77, 56,
       110, 217, 107, 86, 232, 82, 166, 236, 8, 66, 177, 35, 16, 216,
       220, 192, 98, 104, 51, 200, 62, 243, 199, 5, 59, 83, 123, 78, 130,
       77, 117, 16, 69, 48, 30, 102, 184, 104, 168, 106, 68, 222, 114,
       137, 112, 150, 76, 76, 110, 197, 144, 249, 76, 167, 189, 37, 4,
       72, 179, 67, 5, 2, 180, 182, 184, 253, 229, 188, 239, 159, 31, 24,
       49, 172, 255, 108, 1, 135, 19, 251, 17, 50, 79, 18, 215, 13, 22,
       90, 235, 144, 68, 165, 187, 183, 190, 237, 215, 180, 114, 254,
       186, 55, 235, 246, 246, 81, 111, 157, 45, 255, 214, 125, 174, 169,
       252, 105, 238, 110, 255, 247, 196, 205, 225, 82, 249, 238, 252,
       229, 186, 237, 105, 92, 142, 159, 115, 161, 57, 238, 255, 108,
       223, 203, 219, 255, 147, 59, 71, 250, 241, 159, 210, 223, 127,
       150, 125, 214, 126, 64, 173, 254, 240, 252, 237, 117, 159, 251,
       63, 190, 24, 191, 249, 66, 90, 167, 255, 110, 17, 50, 105, 202,
       243, 223, 223, 55, 123, 192, 200, 199, 75, 45, 102, 193, 101, 116,
       11, 234, 80, 120, 160, 120, 200, 147, 1, 145, 176, 58, 236, 70,
       110, 161, 178, 204, 14, 36, 190, 35, 32, 76, 187, 67, 160, 218,
       158, 214, 179, 174, 187, 188, 159, 191, 251, 210, 247, 239, 238,
       146, 207, 103, 231, 238, 21, 183, 253, 79, 243, 156, 243, 127,
       210, 190, 220, 137, 93, 104, 173, 188, 249, 188, 201, 245, 191,
       255, 189, 190, 25, 255, 249, 82, 82, 203, 103, 239, 25, 122, 107,
       251, 183, 239, 223, 119, 121, 198, 216, 215, 235, 208, 88, 62,
       244, 2, 206, 53, 118, 172, 142, 134, 34, 191, 159, 33, 99, 166,
       117, 236, 66, 96, 141, 48, 47, 241, 227, 122, 19, 32, 56, 37, 59,
       17, 159, 218, 121, 178, 186, 106, 151, 63, 137, 126, 244, 253,
       199, 160, 244, 55, 127, 30, 156, 179, 156, 5, 110, 174, 255, 54,
       128, 174, 208, 169, 57, 248, 46, 152, 180, 24, 166, 89, 23, 179,
       183, 228, 29, 55, 163, 66, 27, 205, 175, 105, 4, 62, 223, 210, 11,
       219, 227, 85, 121, 160, 224, 110, 74, 169, 236, 255, 221, 237,
       243, 253, 207, 254, 83, 244, 18, 189, 247, 68, 127, 107, 255, 126,
       136, 35, 255, 243, 243, 255, 159, 223, 1, 195, 208, 231, 232, 229,
       140, 229, 159, 236, 188, 109, 223, 95, 115, 118, 222, 249, 230,
       222, 127, 125, 238, 62, 157, 183, 94, 255, 243, 28, 58, 223, 104,
       158, 252, 242, 244, 141, 189, 199, 255, 220, 47, 239, 252, 191,
       208, 250, 70, 253, 235, 153, 99, 123, 239, 78, 254, 243, 240, 95,
       254, 252, 247, 239, 68, 237, 250, 99, 184, 170, 182, 190, 187,
       253, 181, 184, 95, 255, 27, 249, 117, 172, 170, 222, 218, 237, 31,
       255, 145, 182, 239, 195, 211, 14, 127, 250, 203, 139, 68, 235,
       143, 191, 119, 233, 102, 95, 87, 87, 248, 81, 238, 189, 175, 75,
       124, 223, 54, 93, 212, 149, 230, 237, 39, 125, 174, 122, 77, 165,
       191, 127, 255, 94, 247, 137, 241, 155, 123, 49, 204, 53, 7, 254,
       25, 107, 16, 190, 211, 40, 112, 163, 43, 106, 8, 19, 184, 50, 103,
       229, 189, 18, 74, 200, 0, 131, 170, 71, 48, 182, 129, 77, 63, 232,
       75, 111, 251, 179, 94, 136, 152, 86, 239, 253, 133, 250, 189, 151,
       119, 213, 208, 30, 90, 219, 102, 203, 76, 121, 150, 188, 109, 254,
       247, 246, 219, 255, 230, 126, 166, 254, 130, 121, 63, 151, 58,
       111, 255, 247, 206, 224, 255, 173, 238, 127, 239, 247, 129, 231,
       245, 103, 233, 233, 16, 28, 185, 61, 172, 120, 26, 63, 91, 114,
       93, 223, 185, 0, 153, 143, 5, 252, 21, 47, 116, 211, 151, 206,
       251, 114, 221, 202, 141, 75, 19, 173, 251, 110, 83, 238, 155, 255,
       252, 255, 248, 247, 238, 251, 220, 223, 33, 62, 192, 126, 95, 215,
       249, 111, 241, 126, 89, 39, 244, 109, 191, 217, 245, 63, 125, 248,
       207, 223, 211, 254, 216, 79, 196, 253, 14, 75, 254, 215, 116, 122,
       236, 150, 206, 205, 178, 253, 248, 126, 253, 133, 43, 127, 191,
       126, 244, 62, 188, 246, 251, 255, 253, 184, 223, 255, 115, 249,
       87, 172, 255, 108, 136, 239, 123, 255, 17, 183, 235, 90, 247, 159,
       223, 23, 127, 223, 76, 235, 151, 151, 126, 239, 223, 110, 34, 171,
       216, 54, 223, 214, 247, 249, 207, 153, 105, 127, 253, 63, 207,
       171, 214, 239, 239, 84, 43, 250, 200, 165, 181, 53, 249, 55, 255,
       107, 202, 244, 215, 255, 216, 79, 236, 253, 135, 105, 204, 183,
       32, 254, 234, 151, 255, 207, 179, 124, 255, 126, 77, 167, 172,
       127, 191, 126, 212, 97, 249, 62, 125, 5, 223, 245, 191, 250, 100,
       102, 12, 182, 184, 18, 48, 128, 46, 120, 40, 197, 248, 179, 13,
       231, 251, 85, 48, 72, 56, 195, 90, 54, 255, 107, 238, 246, 135,
       187, 248, 6, 192, 221, 231, 121, 221, 54, 32, 126, 251, 151, 247,
       219, 187, 62, 253, 125, 13, 175, 232, 125, 159, 244, 241, 199,
       130, 231, 151, 98, 42, 47, 41, 57, 214, 83, 246, 253, 102, 158,
       255, 55, 231, 124, 175, 245, 212, 173, 109, 4, 34, 254, 128, 45,
       247, 163, 245, 8, 172, 196, 187, 141, 249, 96, 131, 150, 19, 97,
       9, 175, 225, 64, 201, 1, 42, 170, 28, 22, 120, 90, 49, 206, 199,
       85, 105, 242, 204, 200, 130, 214, 212, 181, 219, 139, 233, 53,
       204, 159, 179, 131, 58, 222, 247, 108, 79, 227, 87, 251, 19, 51,
       69, 219, 241, 157, 18, 95, 127, 144, 121, 133, 35, 138, 183, 252,
       255, 252, 123, 255, 253, 127, 239, 245, 179, 239, 255, 158, 33,
       255, 223, 223, 167, 178, 238, 109, 255, 238, 223, 223, 235, 199,
       213, 255, 223, 143, 190, 252, 255, 238, 57, 254, 255, 63, 251,
       252, 247, 253, 255, 221, 107, 255, 223, 255, 143, 243, 250, 239,
       243, 190, 255, 255, 238, 191, 252, 233, 213, 80, 184, 158, 240,
       169, 172, 80, 23, 171, 57, 162, 28, 158, 179, 64, 90, 165, 151,
       108, 16, 26, 73, 146, 81, 219, 251, 86, 122, 128, 0, 131, 11, 124,
       190, 222, 122, 169, 237, 85, 255, 178, 127, 164, 61, 95, 247, 66,
       27, 141, 242, 237, 18, 122, 107, 250, 49, 251, 227, 117, 125, 234,
       208, 206, 123, 7, 165, 119, 91, 215, 214, 174, 232, 126, 64, 121,
       66, 104, 234, 189, 228, 123, 105, 146, 250, 247, 178, 62, 255, 46,
       62, 143, 6, 95, 119, 105, 164, 139, 15, 66, 157, 87, 146, 174,
       102, 125, 128, 90, 199, 40, 170, 182, 196, 106, 107, 178, 205,
       231, 152, 6, 239, 54, 62, 154, 138, 31, 4, 41, 140, 8, 139, 24,
       187, 44, 137, 80, 182, 6, 20, 108, 9, 167, 193, 98, 64, 2, 42, 34,
       76, 66, 56, 66, 53, 230, 197, 48, 41, 80, 138, 73, 138, 57, 141,
       11, 238, 21, 199, 78, 226, 196, 64, 200, 2, 115, 249, 48, 96, 216,
       234, 19, 239, 73, 171, 24, 191, 243, 239, 138, 8, 56, 138, 112,
       170, 252, 253, 221, 255, 238, 110, 255, 255, 127, 190, 254, 18,
       252, 255, 29, 115, 251, 255, 127, 171, 105, 247, 251, 255, 245,
       191, 239, 133, 117, 113, 231, 171, 197, 143, 237, 199, 252, 11,
       110, 188, 126, 162, 186, 202, 211, 107, 157, 114, 127, 215, 127,
       238, 249, 250, 77, 126, 188, 174, 239, 212, 237, 251, 97, 41, 88,
       185, 115, 112, 171, 252, 81, 150, 163, 91, 182, 120, 31, 151, 196,
       117, 167, 183, 236, 0, 159, 73, 178, 145, 211, 249, 48, 187, 106,
       196, 38, 127, 250, 124, 54, 156, 79, 223, 180, 226, 191, 38, 226,
