%YAML:1.0
---
descriptors: !!opencv-matrix
   rows: 150
   cols: 32
   dt: u
   data: [ 65, 185, 191, 187, 232, 236, 33, 131, 254, 87, 78, 16, 180,
       246, 66, 122, 161, 63, 122, 25, 19, 88, 178, 113, 205, 39, 126,
       104, 144, 64, 135, 226, 233, 188, 189, 117, 253, 110, 117, 191,
       114, 251, 14, 24, 242, 61, 80, 107, 17, 118, 121, 24, 177, 252,
       251, 43, 79, 175, 117, 116, 202, 232, 212, 106, 173, 124, 49, 69,
       133, 95, 199, 173, 125, 234, 98, 24, 214, 21, 5, 189, 145, 84, 96,
       106, 97, 244, 113, 14, 39, 254, 69, 54, 66, 57, 198, 35, 87, 126,
       234, 69, 146, 62, 111, 186, 49, 230, 254, 207, 123, 108, 151, 53,
       63, 228, 245, 175, 237, 212, 189, 238, 122, 111, 133, 128, 239,
       247, 122, 84, 63, 253, 237, 95, 202, 23, 223, 188, 82, 226, 125,
       206, 121, 125, 159, 35, 31, 222, 183, 238, 237, 242, 253, 188,
       111, 47, 229, 148, 127, 255, 208, 241, 90, 153, 22, 186, 121, 141,
       16, 98, 173, 9, 224, 89, 46, 218, 32, 208, 128, 51, 202, 16, 22,
       43, 18, 245, 155, 240, 16, 75, 90, 4, 43, 7, 120, 168, 119, 88,
       138, 232, 65, 23, 162, 23, 166, 56, 23, 151, 64, 127, 39, 182,
       108, 24, 26, 79, 162, 17, 219, 225, 112, 88, 224, 192, 166, 106,
       211, 155, 135, 181, 130, 50, 172, 135, 60, 247, 66, 215, 141, 46,
       210, 235, 39, 71, 59, 149, 181, 216, 181, 224, 140, 98, 222, 196,
       172, 117, 169, 92, 124, 57, 253, 78, 41, 77, 81, 88, 227, 156,
       229, 8, 127, 245, 9, 62, 16, 180, 236, 72, 24, 97, 250, 25, 211,
       249, 97, 57, 226, 162, 70, 227, 169, 124, 21, 87, 225, 95, 117,
       167, 121, 226, 34, 24, 214, 53, 5, 185, 145, 124, 96, 42, 97, 252,
       249, 42, 39, 218, 85, 54, 66, 120, 199, 42, 216, 252, 190, 242,
       168, 236, 85, 150, 179, 31, 166, 25, 55, 183, 2, 91, 7, 247, 109,
       80, 58, 79, 146, 39, 251, 227, 116, 121, 162, 208, 166, 123, 240,
       170, 254, 122, 138, 233, 81, 215, 163, 31, 164, 56, 51, 247, 64,
       27, 39, 178, 108, 24, 58, 111, 162, 49, 219, 235, 116, 121, 225,
       192, 198, 43, 236, 127, 192, 39, 225, 15, 70, 188, 17, 166, 186,
       205, 203, 41, 73, 155, 28, 220, 225, 102, 236, 246, 221, 42, 166,
       209, 69, 52, 107, 255, 218, 144, 76, 57, 153, 245, 209, 230, 115,
       19, 41, 138, 43, 80, 158, 55, 65, 58, 133, 125, 125, 26, 17, 216,
       209, 96, 205, 245, 39, 66, 138, 97, 35, 51, 249, 173, 140, 58,
       185, 173, 80, 206, 251, 29, 160, 29, 47, 169, 82, 155, 161, 130,
       108, 28, 62, 107, 154, 53, 219, 211, 20, 121, 226, 69, 194, 74,
       37, 176, 125, 67, 124, 31, 227, 248, 126, 184, 119, 64, 211, 209,
       220, 36, 25, 72, 118, 122, 163, 240, 251, 63, 111, 223, 39, 100,
       219, 171, 67, 161, 105, 188, 253, 87, 253, 110, 245, 191, 91, 187,
       46, 24, 242, 57, 84, 43, 129, 118, 112, 24, 177, 248, 251, 34, 79,
       191, 85, 116, 194, 232, 212, 170, 56, 6, 146, 184, 53, 143, 66,
       75, 23, 139, 242, 81, 199, 195, 32, 200, 209, 40, 12, 28, 60, 189,
       65, 142, 162, 255, 48, 80, 154, 140, 104, 3, 101, 111, 161, 7,
       116, 14, 231, 176, 104, 232, 123, 77, 211, 40, 147, 148, 180, 76,
       100, 111, 197, 240, 233, 46, 100, 60, 37, 132, 74, 191, 82, 213,
       236, 215, 124, 76, 252, 31, 215, 253, 65, 106, 188, 108, 82, 125,
       172, 177, 223, 212, 222, 106, 249, 39, 121, 31, 115, 255, 101,
       156, 95, 250, 218, 49, 44, 241, 106, 78, 245, 215, 246, 252, 113,
       206, 125, 46, 72, 217, 124, 144, 120, 252, 135, 234, 200, 178,
       176, 234, 119, 77, 165, 141, 111, 187, 254, 146, 248, 228, 65,
       229, 213, 79, 110, 191, 53, 162, 250, 26, 219, 59, 24, 112, 121,
       207, 95, 168, 120, 191, 201, 159, 255, 239, 167, 85, 99, 160, 230,
       130, 159, 143, 238, 215, 134, 242, 175, 180, 124, 215, 87, 146,
       121, 108, 158, 107, 115, 230, 187, 223, 180, 252, 47, 230, 111,
       43, 254, 193, 167, 247, 253, 100, 124, 59, 253, 102, 57, 93, 83,
       88, 227, 172, 181, 44, 123, 215, 129, 182, 54, 180, 236, 90, 139,
       35, 250, 25, 211, 249, 33, 187, 98, 163, 70, 243, 200, 189, 23,
       85, 193, 255, 53, 39, 249, 90, 102, 24, 190, 183, 4, 187, 161,
       118, 96, 0, 49, 248, 178, 108, 47, 219, 84, 3, 194, 65, 199, 170,
       214, 204, 238, 247, 198, 162, 122, 162, 114, 147, 75, 147, 121,
       107, 88, 107, 115, 247, 57, 219, 52, 220, 143, 226, 95, 111, 223,
       69, 165, 243, 177, 2, 240, 52, 111, 109, 18, 66, 75, 57, 115, 228,
       238, 164, 83, 103, 130, 112, 116, 236, 108, 172, 168, 211, 237,
       31, 243, 239, 161, 148, 97, 160, 102, 113, 70, 251, 158, 158, 251,
       145, 54, 232, 175, 156, 157, 173, 108, 239, 111, 86, 247, 121,
       235, 242, 70, 67, 138, 253, 126, 54, 7, 255, 18, 55, 47, 215, 240,
       157, 23, 188, 137, 102, 68, 231, 177, 162, 234, 10, 6, 54, 37,
       211, 233, 247, 104, 160, 105, 235, 211, 42, 177, 178, 212, 27, 0,
       112, 102, 46, 17, 156, 56, 127, 186, 175, 83, 191, 86, 41, 110, 4,
       183, 51, 128, 112, 21, 18, 12, 24, 154, 136, 89, 63, 235, 175, 48,
       80, 184, 200, 128, 43, 254, 60, 149, 182, 169, 105, 80, 7, 155,
       251, 129, 120, 183, 254, 64, 187, 129, 215, 253, 17, 63, 79, 219,
       160, 153, 211, 221, 251, 136, 108, 158, 50, 248, 203, 61, 126, 41,
       200, 84, 181, 144, 30, 164, 57, 247, 247, 1, 91, 192, 244, 237,
       66, 104, 79, 234, 57, 243, 227, 116, 57, 114, 184, 134, 43, 36,
       253, 185, 82, 157, 221, 215, 184, 219, 237, 61, 8, 234, 253, 77,
       52, 153, 122, 196, 82, 199, 96, 250, 179, 111, 221, 5, 127, 82,
       59, 70, 119, 5, 7, 67, 39, 112, 14, 239, 176, 52, 232, 123, 196,
       209, 39, 145, 112, 126, 204, 23, 238, 225, 144, 77, 78, 100, 174,
       175, 132, 109, 179, 99, 240, 120, 37, 51, 76, 61, 91, 211, 105,
       83, 164, 173, 8, 74, 149, 44, 180, 152, 156, 192, 104, 104, 35,
       232, 158, 115, 221, 1, 63, 83, 42, 70, 230, 124, 32, 58, 100, 25,
       75, 83, 64, 52, 164, 239, 40, 70, 151, 33, 80, 240, 156, 200, 98,
       8, 131, 145, 12, 209, 165, 1, 31, 98, 35, 38, 98, 68, 126, 55, 87,
       96, 234, 55, 50, 168, 142, 127, 236, 236, 247, 129, 22, 134, 117,
       205, 66, 64, 208, 232, 108, 229, 180, 97, 130, 66, 243, 7, 243,
       101, 101, 67, 7, 244, 26, 110, 188, 125, 232, 123, 141, 211, 100,
       159, 180, 24, 76, 84, 110, 201, 176, 125, 14, 36, 60, 37, 4, 78,
       255, 90, 220, 40, 170, 150, 82, 85, 144, 224, 231, 247, 159, 118,
       80, 40, 227, 228, 149, 105, 234, 130, 152, 34, 250, 130, 101, 30,
       154, 84, 75, 195, 0, 234, 174, 177, 151, 125, 107, 190, 79, 214,
       189, 116, 120, 247, 112, 243, 92, 136, 33, 94, 146, 78, 106, 253,
       168, 109, 63, 228, 171, 103, 212, 113, 138, 200, 33, 25, 62, 249,
       191, 50, 42, 123, 30, 63, 77, 127, 245, 255, 47, 130, 112, 150,
       255, 149, 4, 175, 216, 109, 175, 198, 255, 48, 128, 166, 197, 7,
       217, 246, 97, 58, 174, 93, 95, 210, 104, 237, 204, 241, 11, 78,
       222, 47, 16, 248, 141, 206, 99, 76, 39, 56, 220, 179, 241, 139,
       63, 81, 43, 110, 198, 216, 44, 147, 253, 181, 171, 112, 103, 127,
       161, 242, 123, 175, 185, 0, 217, 249, 190, 238, 16, 56, 254, 193,
       142, 158, 247, 54, 83, 162, 136, 92, 10, 218, 185, 182, 222, 169,
       252, 92, 183, 175, 95, 182, 56, 46, 247, 198, 255, 167, 183, 253,
       24, 62, 75, 163, 241, 155, 251, 84, 219, 130, 196, 174, 95, 163,
       188, 234, 88, 236, 221, 244, 215, 123, 127, 124, 29, 58, 252, 214,
       48, 159, 170, 246, 21, 214, 126, 246, 243, 127, 93, 21, 107, 199,
       204, 222, 223, 226, 178, 244, 217, 111, 169, 144, 75, 207, 53,
       177, 127, 166, 136, 68, 10, 143, 23, 235, 17, 150, 111, 203, 209,
       12, 16, 17, 127, 221, 8, 71, 143, 218, 142, 212, 241, 177, 250,
       88, 151, 55, 23, 150, 177, 239, 47, 2, 207, 231, 151, 237, 144,
       62, 205, 65, 191, 139, 243, 214, 211, 166, 196, 172, 15, 143, 230,
       226, 160, 230, 52, 188, 215, 59, 243, 95, 247, 93, 174, 222, 170,
       63, 223, 147, 189, 180, 214, 172, 194, 126, 79, 191, 164, 167,
