%YAML:1.0
---
descriptors: !!opencv-matrix
   rows: 69
   cols: 32
   dt: u
   data: [ 47, 144, 248, 244, 117, 92, 217, 184, 251, 221, 180, 167, 253,
       127, 223, 61, 191, 241, 149, 189, 166, 96, 56, 205, 203, 223, 223,
       199, 199, 164, 71, 119, 247, 103, 229, 207, 28, 7, 206, 184, 83,
       170, 251, 74, 83, 105, 157, 57, 217, 204, 117, 239, 233, 242, 207,
       191, 43, 126, 197, 148, 109, 187, 210, 4, 75, 112, 252, 237, 47,
       214, 89, 24, 139, 252, 52, 165, 125, 223, 214, 182, 150, 189, 181,
       189, 135, 80, 190, 221, 203, 249, 233, 175, 47, 164, 78, 119, 236,
       192, 214, 254, 45, 137, 86, 236, 223, 130, 112, 9, 239, 249, 33,
       193, 215, 113, 111, 103, 100, 101, 74, 191, 163, 251, 71, 27, 86,
       191, 137, 11, 70, 172, 144, 190, 159, 169, 190, 175, 187, 146, 8,
       10, 237, 235, 88, 198, 183, 123, 121, 147, 82, 72, 218, 251, 173,
       22, 159, 186, 132, 115, 147, 14, 181, 134, 193, 154, 220, 43, 198,
       236, 83, 178, 177, 222, 195, 96, 205, 25, 89, 194, 70, 126, 121,
       99, 76, 63, 184, 150, 229, 124, 217, 123, 210, 128, 86, 140, 150,
       151, 149, 32, 166, 134, 126, 147, 138, 18, 164, 162, 64, 78, 225,
       206, 42, 210, 30, 216, 203, 226, 189, 38, 222, 67, 128, 113, 185,
       14, 200, 152, 149, 190, 9, 205, 21, 163, 143, 90, 164, 25, 190,
       247, 0, 223, 193, 115, 249, 2, 99, 77, 90, 49, 193, 243, 80, 59,
       26, 8, 5, 27, 118, 231, 228, 111, 172, 7, 206, 184, 87, 186, 243,
       74, 67, 105, 93, 195, 217, 204, 125, 235, 232, 242, 207, 191, 46,
       254, 197, 180, 255, 251, 208, 4, 77, 67, 125, 101, 36, 14, 111,
       184, 108, 168, 126, 100, 211, 97, 145, 115, 22, 68, 108, 110, 201,
       176, 109, 12, 230, 251, 103, 132, 74, 243, 66, 33, 180, 207, 196,
       183, 204, 47, 70, 168, 83, 187, 184, 94, 195, 104, 77, 159, 217,
       198, 100, 118, 121, 118, 75, 186, 168, 218, 197, 116, 249, 251,
       216, 132, 79, 18, 175, 13, 34, 20, 56, 16, 168, 92, 86, 229, 220,
       47, 134, 82, 167, 85, 253, 132, 133, 192, 177, 65, 71, 51, 106,
       198, 8, 165, 43, 81, 6, 165, 16, 131, 221, 109, 184, 73, 30, 53,
       185, 27, 204, 56, 74, 8, 187, 27, 203, 49, 22, 114, 91, 214, 29,
       20, 31, 127, 148, 14, 157, 134, 240, 74, 207, 252, 78, 8, 109,
       112, 233, 178, 178, 90, 91, 35, 129, 91, 106, 229, 108, 234, 105,
       103, 199, 224, 208, 171, 255, 24, 37, 249, 114, 32, 74, 174, 174,
       221, 185, 248, 177, 7, 190, 87, 78, 177, 172, 230, 130, 110, 37,
       54, 234, 20, 50, 216, 167, 119, 77, 55, 94, 65, 130, 68, 141, 126,
       244, 132, 205, 181, 172, 106, 237, 41, 120, 183, 163, 153, 199,
       32, 220, 91, 51, 132, 108, 61, 120, 212, 205, 0, 204, 186, 253,
       84, 132, 232, 211, 64, 66, 188, 146, 152, 233, 245, 184, 199, 143,
       31, 136, 27, 172, 190, 102, 142, 237, 59, 235, 145, 22, 75, 146,
       241, 157, 20, 158, 251, 146, 76, 173, 223, 66, 188, 18, 152, 185,
       253, 176, 71, 175, 29, 136, 57, 172, 182, 102, 220, 227, 51, 235,
       17, 22, 75, 146, 243, 153, 20, 26, 123, 146, 68, 173, 79, 93, 32,
       220, 165, 32, 42, 74, 24, 96, 166, 135, 128, 223, 35, 219, 90,
       114, 205, 124, 254, 8, 212, 205, 8, 198, 237, 99, 21, 164, 243,
       11, 64, 13, 162, 221, 243, 236, 169, 233, 27, 238, 51, 63, 216,
       157, 227, 216, 42, 35, 15, 110, 28, 147, 120, 239, 209, 204, 223,
       119, 228, 220, 200, 193, 161, 96, 216, 152, 254, 121, 205, 18,
       150, 155, 73, 40, 12, 190, 215, 64, 80, 133, 59, 253, 16, 7, 10,
       218, 51, 231, 213, 16, 59, 24, 8, 15, 27, 246, 76, 210, 142, 77,
       86, 118, 72, 185, 142, 243, 11, 74, 254, 39, 219, 248, 213, 239,
       227, 76, 231, 219, 234, 147, 58, 195, 31, 1, 127, 126, 70, 168,
       61, 26, 120, 89, 198, 83, 80, 201, 200, 232, 12, 182, 210, 32, 48,
       200, 185, 194, 112, 59, 171, 210, 30, 251, 249, 0, 123, 88, 10,
       98, 147, 237, 1, 199, 197, 13, 14, 73, 49, 37, 161, 231, 84, 211,
       35, 16, 242, 88, 132, 122, 174, 153, 214, 241, 64, 199, 251, 195,
       84, 10, 162, 242, 32, 253, 112, 149, 232, 13, 15, 86, 216, 47,
       184, 181, 76, 223, 83, 73, 187, 157, 213, 124, 106, 41, 102, 219,
       176, 251, 217, 101, 62, 90, 59, 74, 35, 68, 76, 222, 190, 42, 11,
       158, 232, 158, 162, 240, 9, 239, 234, 45, 195, 211, 101, 110, 35,
       100, 103, 11, 251, 176, 247, 79, 63, 84, 120, 9, 136, 50, 176, 86,
       172, 123, 3, 152, 104, 189, 160, 240, 169, 78, 223, 44, 21, 222,
       157, 223, 101, 104, 195, 65, 221, 154, 122, 11, 222, 84, 44, 35,
       151, 101, 105, 57, 238, 61, 141, 67, 216, 111, 168, 189, 72, 255,
       210, 137, 52, 144, 233, 108, 106, 203, 35, 121, 61, 185, 253, 35,
       120, 64, 163, 67, 37, 98, 33, 241, 225, 108, 8, 248, 1, 233, 145,
       177, 139, 141, 11, 92, 26, 238, 149, 87, 217, 154, 34, 194, 192,
       134, 216, 138, 234, 69, 130, 83, 128, 61, 82, 237, 101, 118, 11,
       75, 24, 117, 232, 247, 238, 211, 5, 153, 48, 94, 204, 118, 238,
       137, 178, 101, 12, 198, 233, 161, 148, 109, 171, 82, 241, 125,
       235, 56, 102, 52, 157, 67, 184, 97, 236, 189, 72, 255, 192, 219,
       176, 144, 236, 76, 106, 203, 34, 232, 61, 251, 221, 37, 56, 98,
       155, 70, 97, 80, 0, 158, 189, 40, 11, 24, 75, 30, 162, 242, 8,
       255, 162, 33, 203, 214, 5, 110, 33, 40, 227, 67, 8, 144, 231, 123,
       16, 152, 40, 41, 9, 102, 235, 196, 71, 45, 13, 198, 184, 203, 184,
       179, 77, 195, 105, 93, 6, 217, 196, 108, 118, 206, 98, 203, 176,
       174, 220, 197, 126, 203, 191, 90, 28, 121, 121, 28, 100, 169, 15,
       84, 246, 99, 168, 180, 12, 159, 19, 65, 178, 140, 181, 108, 8, 73,
       123, 209, 24, 251, 217, 53, 52, 74, 184, 74, 11, 88, 39, 156, 231,
       168, 44, 69, 159, 174, 189, 174, 12, 223, 227, 200, 90, 195, 230,
       108, 28, 26, 9, 235, 32, 233, 255, 119, 20, 136, 226, 129, 33,
       192, 166, 156, 183, 168, 43, 101, 186, 190, 183, 135, 28, 215,
       227, 202, 91, 195, 70, 108, 14, 40, 197, 203, 35, 204, 243, 127,
       20, 136, 225, 129, 32, 75, 48, 41, 33, 32, 212, 57, 19, 40, 93,
       22, 37, 156, 158, 194, 114, 134, 21, 253, 141, 135, 73, 177, 64,
       79, 121, 170, 202, 12, 132, 167, 115, 6, 181, 18, 131, 221, 111,
       178, 201, 63, 189, 191, 27, 204, 252, 74, 140, 187, 157, 203, 51,
       54, 115, 25, 214, 157, 20, 11, 119, 197, 15, 157, 198, 237, 191,
       63, 250, 236, 173, 255, 147, 235, 90, 60, 124, 221, 251, 217, 35,
       135, 99, 127, 31, 179, 32, 234, 242, 110, 153, 39, 232, 206, 218,
       203, 161, 213, 74, 223, 247, 110, 40, 237, 22, 235, 146, 182, 222,
       255, 171, 209, 91, 107, 229, 127, 142, 169, 103, 231, 224, 212,
       187, 254, 152, 165, 241, 99, 40, 88, 19, 14, 189, 58, 143, 57, 24,
       166, 29, 199, 165, 223, 199, 2, 88, 102, 189, 127, 212, 10, 219,
       219, 85, 220, 227, 187, 193, 32, 131, 165, 83, 77, 179, 152, 225,
       240, 47, 121, 25, 43, 185, 55, 124, 223, 23, 72, 26, 151, 21, 93,
       56, 146, 80, 201, 80, 207, 217, 37, 244, 200, 130, 131, 51, 240,
       164, 199, 124, 154, 35, 68, 107, 86, 163, 226, 90, 115, 225, 128,
       17, 25, 238, 96, 168, 56, 223, 199, 31, 184, 174, 213, 84, 225,
       232, 114, 40, 132, 207, 148, 151, 145, 160, 166, 166, 58, 151, 11,
       16, 228, 98, 13, 11, 49, 99, 0, 114, 114, 216, 8, 111, 45, 6, 95,
       69, 128, 115, 165, 138, 14, 4, 149, 21, 193, 106, 52, 143, 191,
       63, 90, 17, 204, 34, 8, 223, 129, 87, 162, 16, 52, 216, 67, 226,
       45, 114, 124, 199, 130, 116, 141, 135, 189, 235, 105, 98, 116,
       203, 71, 252, 112, 224, 116, 104, 51, 65, 146, 48, 24, 204, 6,
       110, 203, 186, 108, 63, 126, 205, 37, 36, 101, 155, 210, 232, 18,
       2, 222, 173, 42, 11, 184, 67, 44, 33, 210, 242, 141, 22, 128, 201,
       110, 29, 127, 129, 0, 216, 69, 196, 148, 224, 122, 194, 4, 8, 41,
       137, 88, 178, 22, 157, 10, 19, 160, 123, 62, 160, 194, 230, 205,
       226, 128, 193, 114, 13, 234, 168, 37, 209, 135, 93, 152, 199, 251,
       5, 47, 32, 41, 156, 253, 232, 148, 32, 45, 15, 66, 154, 107, 186,
