%YAML:1.0
---
descriptors: !!opencv-matrix
   rows: 166
   cols: 32
   dt: u
   data: [ 188, 101, 82, 102, 31, 11, 82, 104, 65, 164, 233, 11, 67, 25,
       9, 144, 216, 196, 192, 98, 76, 163, 217, 172, 243, 193, 1, 63, 99,
       63, 126, 2, 77, 117, 17, 69, 114, 30, 102, 184, 104, 168, 106, 76,
       222, 82, 137, 244, 150, 92, 92, 106, 193, 176, 217, 76, 39, 188,
       37, 4, 72, 51, 75, 53, 224, 217, 61, 126, 45, 205, 85, 174, 192,
       28, 164, 8, 182, 53, 1, 115, 192, 114, 104, 74, 104, 111, 243, 61,
       225, 179, 80, 27, 16, 24, 68, 42, 194, 140, 211, 189, 204, 173,
       236, 239, 191, 19, 248, 83, 36, 250, 52, 27, 235, 227, 106, 129,
       54, 127, 194, 243, 189, 50, 222, 42, 209, 88, 227, 142, 191, 252,
       127, 255, 189, 87, 255, 248, 127, 122, 247, 103, 223, 255, 159,
       53, 255, 223, 255, 227, 239, 247, 249, 255, 251, 251, 239, 215,
       111, 255, 102, 255, 84, 124, 189, 239, 168, 110, 159, 188, 174,
       250, 186, 101, 215, 119, 73, 107, 199, 85, 125, 115, 241, 197,
       219, 40, 237, 170, 127, 148, 136, 115, 135, 179, 138, 255, 190,
       188, 255, 159, 190, 246, 191, 206, 222, 179, 172, 190, 54, 97,
       231, 127, 255, 197, 228, 205, 178, 255, 255, 127, 223, 171, 7, 92,
       173, 223, 254, 117, 233, 102, 221, 87, 95, 248, 1, 230, 157, 139,
       91, 125, 95, 54, 29, 213, 221, 231, 236, 3, 252, 170, 123, 93,
       141, 191, 103, 255, 86, 118, 170, 221, 98, 222, 253, 209, 190,
       231, 223, 69, 92, 51, 168, 252, 54, 100, 203, 123, 179, 209, 230,
       11, 34, 255, 47, 126, 158, 203, 23, 92, 253, 223, 46, 255, 227,
       207, 254, 195, 239, 248, 79, 232, 248, 239, 106, 236, 253, 180,
       254, 251, 151, 198, 207, 50, 236, 251, 60, 28, 167, 174, 95, 191,
       246, 245, 154, 254, 222, 191, 191, 235, 255, 239, 191, 191, 247,
       179, 238, 255, 46, 90, 255, 255, 255, 131, 122, 205, 11, 255, 255,
       247, 223, 215, 181, 124, 237, 91, 173, 252, 255, 247, 253, 127,
       239, 255, 127, 251, 255, 22, 223, 255, 221, 253, 123, 207, 126,
       190, 251, 247, 251, 255, 255, 223, 247, 116, 207, 249, 227, 240,
       252, 54, 222, 62, 40, 249, 82, 88, 243, 159, 181, 57, 127, 211,
       202, 155, 163, 243, 236, 2, 110, 103, 138, 49, 210, 211, 113, 187,
       98, 195, 78, 3, 63, 65, 112, 79, 125, 95, 86, 237, 109, 36, 254,
       8, 107, 89, 31, 180, 216, 220, 206, 106, 204, 178, 121, 189, 183,
       251, 4, 23, 115, 190, 222, 206, 58, 97, 32, 174, 77, 93, 214, 108,
       219, 164, 176, 11, 106, 220, 127, 148, 216, 249, 215, 99, 204, 99,
       218, 255, 51, 92, 5, 59, 87, 63, 94, 206, 216, 94, 31, 244, 42,
       202, 54, 98, 164, 142, 178, 35, 191, 255, 32, 195, 166, 117, 237,
       194, 104, 205, 2, 109, 243, 227, 122, 147, 32, 49, 37, 27, 141,
       46, 146, 187, 172, 171, 68, 138, 214, 131, 99, 81, 231, 227, 41,
       201, 211, 106, 44, 30, 60, 196, 74, 58, 138, 247, 117, 24, 178,
       249, 8, 0, 6, 252, 144, 154, 221, 221, 182, 236, 159, 21, 8, 27,
       236, 222, 110, 132, 201, 91, 227, 83, 118, 74, 218, 243, 61, 22,
       31, 111, 146, 94, 141, 222, 238, 189, 255, 247, 188, 127, 255,
       255, 191, 254, 190, 57, 253, 255, 221, 123, 255, 255, 255, 183,
       241, 251, 251, 234, 255, 251, 239, 246, 134, 246, 199, 243, 21,
       215, 71, 238, 54, 130, 111, 248, 117, 192, 218, 230, 115, 227,
       184, 96, 126, 228, 30, 238, 233, 179, 45, 237, 240, 234, 167, 128,
       61, 186, 112, 49, 127, 190, 247, 255, 111, 127, 127, 248, 93, 238,
       255, 239, 123, 125, 159, 119, 255, 255, 255, 239, 237, 243, 251,
       239, 255, 255, 231, 147, 47, 255, 116, 119, 128, 143, 139, 189,
       178, 162, 175, 247, 62, 11, 90, 246, 181, 163, 176, 64, 103, 43,
       7, 157, 178, 152, 4, 127, 236, 166, 190, 128, 164, 208, 161, 169,
       45, 113, 16, 69, 117, 31, 103, 184, 109, 232, 102, 76, 222, 16,
       151, 180, 144, 76, 84, 110, 197, 176, 121, 12, 38, 253, 33, 4, 74,
       179, 75, 133, 65, 184, 191, 125, 89, 221, 53, 55, 234, 89, 38, 28,
       182, 157, 70, 48, 128, 58, 108, 8, 71, 109, 178, 89, 239, 185, 52,
       43, 72, 0, 199, 251, 181, 134, 150, 190, 176, 175, 70, 139, 85,
       139, 235, 84, 198, 226, 168, 220, 213, 111, 12, 60, 60, 133, 9,
       30, 168, 254, 53, 86, 152, 104, 168, 5, 244, 212, 61, 123, 137,
       109, 23, 184, 254, 51, 167, 24, 214, 119, 8, 123, 129, 86, 104,
       98, 97, 69, 251, 55, 201, 170, 85, 118, 80, 113, 196, 50, 124,
       184, 188, 122, 169, 157, 93, 254, 179, 63, 164, 25, 127, 247, 74,
       27, 133, 242, 253, 28, 26, 75, 250, 49, 219, 219, 85, 121, 194,
       212, 142, 123, 231, 85, 83, 199, 221, 31, 102, 224, 127, 162, 255,
       90, 74, 242, 173, 244, 122, 252, 238, 234, 229, 183, 249, 222, 54,
       127, 7, 6, 11, 255, 104, 164, 248, 73, 31, 108, 41, 200, 86, 37,
       129, 136, 160, 41, 103, 247, 33, 210, 192, 244, 237, 98, 72, 35,
       194, 61, 243, 231, 100, 27, 114, 58, 238, 42, 173, 255, 185, 83,
       245, 221, 247, 190, 90, 127, 60, 56, 190, 52, 204, 180, 141, 90,
       130, 90, 243, 120, 249, 51, 111, 159, 53, 119, 210, 25, 222, 255,
       161, 76, 127, 71, 52, 15, 111, 52, 125, 130, 102, 76, 243, 1, 149,
       53, 16, 236, 106, 110, 233, 180, 113, 110, 103, 190, 0, 0, 74,
       187, 66, 40, 204, 164, 252, 243, 110, 43, 120, 90, 63, 59, 223,
       186, 223, 255, 216, 123, 127, 157, 127, 26, 50, 244, 203, 211,
       222, 239, 243, 228, 180, 201, 81, 129, 74, 223, 254, 188, 247,
       213, 191, 247, 191, 206, 222, 167, 44, 190, 55, 96, 239, 251, 255,
       193, 244, 251, 50, 239, 251, 127, 158, 139, 199, 124, 173, 223,
       57, 255, 106, 238, 246, 147, 254, 254, 86, 72, 220, 231, 121, 249,
       183, 128, 126, 251, 151, 231, 206, 187, 12, 255, 122, 77, 175,
       173, 127, 255, 248, 153, 44, 105, 122, 115, 100, 207, 83, 148,
       117, 132, 231, 8, 243, 215, 1, 56, 88, 252, 111, 90, 74, 182, 249,
       45, 199, 203, 32, 81, 99, 155, 198, 226, 6, 253, 30, 154, 221,
       213, 182, 232, 158, 17, 232, 1, 236, 254, 111, 192, 201, 123, 235,
       67, 38, 43, 90, 247, 61, 22, 15, 107, 24, 31, 45, 158, 221, 159,
       126, 102, 178, 126, 95, 190, 113, 238, 190, 252, 123, 127, 147,
       115, 55, 214, 253, 110, 253, 141, 109, 47, 250, 239, 37, 148, 110,
       244, 206, 121, 89, 189, 187, 240, 189, 253, 117, 175, 255, 249,
       190, 56, 191, 247, 66, 114, 163, 191, 252, 16, 63, 107, 243, 215,
       251, 223, 55, 123, 194, 200, 143, 123, 200, 176, 189, 246, 136,
       108, 81, 159, 162, 189, 175, 24, 215, 247, 72, 90, 129, 214, 109,
       24, 26, 79, 251, 3, 217, 247, 117, 124, 128, 162, 134, 114, 12,
       171, 152, 251, 236, 169, 98, 131, 142, 5, 109, 9, 167, 193, 96,
       130, 67, 42, 234, 28, 22, 40, 74, 49, 206, 205, 17, 121, 210, 202,
       201, 130, 61, 240, 237, 103, 86, 87, 223, 252, 83, 248, 181, 10,
       89, 127, 223, 49, 29, 220, 21, 239, 237, 210, 125, 188, 127, 75,
       229, 180, 111, 183, 86, 242, 39, 114, 237, 79, 106, 23, 139, 252,
       79, 248, 85, 230, 88, 76, 223, 39, 62, 93, 55, 239, 193, 240, 255,
       253, 12, 10, 109, 180, 125, 191, 1, 245, 252, 120, 189, 240, 44,
       77, 81, 216, 178, 254, 160, 25, 215, 23, 65, 27, 141, 149, 125,
       114, 40, 103, 250, 16, 217, 195, 113, 60, 160, 169, 6, 115, 25,
       87, 107, 237, 54, 18, 111, 124, 37, 192, 222, 230, 89, 103, 176,
       228, 126, 228, 31, 238, 201, 145, 37, 205, 242, 237, 163, 128, 47,
       179, 41, 57, 238, 173, 228, 159, 237, 249, 252, 235, 251, 247,
       189, 187, 238, 238, 94, 183, 251, 247, 239, 129, 62, 107, 239,
       243, 159, 115, 79, 127, 199, 100, 239, 214, 121, 120, 146, 180,
       41, 76, 84, 70, 171, 251, 160, 29, 47, 187, 67, 154, 129, 239,
       236, 4, 13, 111, 146, 128, 147, 253, 85, 59, 234, 116, 75, 74,
       221, 84, 29, 231, 168, 46, 71, 184, 116, 186, 163, 92, 215, 115,
       137, 123, 21, 212, 124, 106, 105, 196, 249, 14, 225, 235, 101, 20,
       40, 241, 64, 49, 194, 172, 150, 154, 235, 225, 176, 199, 190, 23,
       192, 177, 172, 190, 102, 223, 227, 59, 235, 145, 54, 79, 130, 243,
