%YAML:1.0
---
descriptors: !!opencv-matrix
   rows: 96
   cols: 32
   dt: u
   data: [ 84, 36, 27, 188, 128, 235, 85, 67, 60, 6, 201, 25, 247, 247,
       33, 89, 243, 187, 79, 35, 40, 7, 48, 31, 209, 135, 107, 57, 16,
       113, 167, 98, 213, 76, 78, 167, 38, 2, 110, 188, 100, 226, 215,
       199, 115, 123, 155, 99, 126, 196, 61, 239, 237, 213, 221, 44, 244,
       171, 239, 132, 45, 179, 120, 24, 241, 66, 71, 76, 77, 90, 229,
       104, 196, 182, 226, 10, 98, 64, 183, 223, 120, 196, 106, 106, 104,
       231, 239, 12, 52, 42, 193, 21, 97, 57, 112, 164, 253, 109, 229,
       78, 204, 79, 71, 248, 67, 242, 164, 10, 83, 117, 93, 55, 89, 196,
       88, 122, 233, 99, 255, 42, 123, 136, 197, 60, 115, 251, 210, 96,
       162, 178, 184, 152, 239, 233, 176, 207, 158, 29, 20, 187, 172,
       220, 110, 8, 143, 27, 243, 17, 22, 110, 202, 241, 93, 17, 222,
       235, 212, 12, 159, 203, 242, 189, 26, 122, 219, 197, 23, 247, 177,
       13, 172, 25, 60, 215, 34, 17, 173, 59, 203, 144, 114, 11, 154,
       127, 123, 149, 4, 123, 80, 0, 174, 155, 137, 199, 20, 189, 252,
       11, 174, 255, 22, 56, 84, 114, 245, 99, 168, 199, 95, 74, 50, 110,
       114, 28, 75, 191, 236, 235, 110, 228, 26, 152, 137, 137, 27, 205,
       70, 193, 147, 214, 110, 183, 37, 169, 158, 194, 73, 39, 176, 228,
       119, 214, 157, 252, 89, 137, 53, 238, 187, 254, 143, 196, 171,
       134, 168, 60, 10, 186, 184, 187, 238, 233, 185, 207, 30, 21, 92,
       187, 172, 143, 98, 8, 207, 27, 147, 17, 22, 120, 194, 241, 77, 85,
       158, 235, 148, 8, 159, 219, 241, 64, 198, 197, 14, 26, 236, 32,
       105, 162, 242, 66, 67, 8, 149, 255, 106, 196, 110, 234, 108, 247,
       229, 200, 148, 42, 194, 16, 101, 59, 120, 4, 69, 65, 139, 204, 92,
       6, 163, 248, 212, 128, 202, 66, 208, 242, 245, 224, 80, 108, 42,
       250, 65, 131, 189, 76, 61, 44, 175, 28, 0, 59, 49, 160, 246, 96,
       209, 101, 3, 110, 76, 72, 105, 226, 162, 8, 83, 59, 93, 191, 184,
       221, 112, 242, 9, 247, 209, 72, 145, 216, 69, 54, 233, 113, 66,
       150, 140, 145, 181, 253, 168, 98, 53, 153, 174, 249, 155, 113,
       252, 119, 73, 74, 135, 87, 127, 17, 19, 200, 75, 83, 205, 167,
       127, 212, 144, 96, 133, 115, 21, 97, 10, 164, 18, 6, 42, 232, 40,
       160, 227, 196, 87, 130, 41, 80, 248, 205, 6, 231, 13, 147, 29, 92,
       184, 132, 171, 4, 41, 35, 43, 128, 0, 130, 157, 249, 108, 169, 96,
       159, 94, 25, 120, 84, 183, 129, 200, 64, 195, 10, 38, 28, 147, 56,
       67, 19, 76, 156, 48, 104, 216, 136, 193, 169, 52, 205, 243, 239,
       214, 199, 239, 252, 119, 133, 254, 66, 115, 241, 189, 116, 122,
       238, 23, 250, 153, 186, 61, 255, 127, 172, 165, 192, 247, 251,
       244, 168, 64, 189, 159, 188, 217, 236, 53, 255, 190, 89, 72, 21,
       188, 255, 66, 18, 167, 123, 123, 145, 19, 75, 146, 115, 237, 183,
       95, 106, 200, 64, 175, 219, 220, 4, 159, 190, 170, 104, 71, 152,
       182, 146, 3, 48, 215, 247, 105, 91, 51, 213, 44, 98, 57, 69, 139,
       34, 217, 227, 111, 28, 176, 243, 37, 32, 34, 168, 18, 152, 125,
       205, 178, 194, 159, 13, 120, 42, 172, 222, 100, 16, 217, 187, 130,
       17, 18, 58, 2, 247, 29, 20, 26, 107, 208, 8, 39, 171, 92, 209,
       149, 181, 169, 70, 21, 191, 180, 159, 130, 33, 223, 119, 8, 91,
       133, 87, 125, 224, 56, 201, 11, 44, 233, 230, 127, 149, 160, 112,
       165, 123, 27, 155, 80, 201, 51, 155, 88, 55, 63, 1, 94, 166, 47,
       19, 166, 228, 54, 59, 156, 136, 198, 152, 53, 223, 162, 255, 16,
       147, 62, 132, 137, 13, 73, 189, 157, 191, 217, 229, 49, 47, 190,
       89, 72, 17, 188, 247, 66, 112, 133, 59, 251, 145, 19, 74, 242,
       115, 205, 183, 94, 106, 152, 64, 167, 251, 95, 244, 24, 170, 59,
       245, 82, 216, 47, 24, 161, 40, 222, 214, 107, 217, 247, 217, 157,
       114, 30, 7, 154, 245, 153, 241, 43, 239, 176, 19, 43, 3, 116, 174,
       192, 119, 213, 106, 70, 175, 114, 163, 234, 24, 67, 32, 84, 26,
       89, 206, 96, 152, 28, 216, 201, 42, 109, 238, 149, 101, 225, 114,
       214, 138, 33, 173, 216, 75, 240, 157, 110, 183, 126, 161, 108,
       136, 243, 227, 212, 48, 31, 110, 34, 28, 211, 184, 239, 115, 108,
       158, 21, 96, 208, 210, 202, 168, 221, 79, 79, 207, 114, 18, 110,
       176, 52, 128, 127, 226, 121, 103, 177, 241, 118, 252, 38, 238,
       225, 144, 45, 109, 246, 235, 227, 128, 47, 179, 104, 57, 32, 189,
       221, 119, 184, 107, 81, 159, 55, 53, 172, 40, 183, 55, 72, 26, 3,
       215, 109, 152, 26, 90, 91, 49, 205, 135, 117, 116, 160, 192, 134,
       171, 248, 88, 239, 231, 38, 74, 103, 180, 48, 206, 246, 39, 115,
       119, 129, 83, 114, 228, 109, 234, 105, 246, 177, 42, 243, 235,
       230, 128, 97, 178, 102, 123, 220, 4, 157, 247, 168, 98, 79, 152,
       51, 186, 131, 120, 215, 115, 201, 91, 55, 220, 108, 122, 56, 87,
       203, 10, 217, 227, 101, 52, 176, 225, 36, 33, 120, 157, 22, 110,
       25, 70, 86, 40, 165, 8, 170, 8, 123, 115, 32, 243, 192, 244, 252,
       98, 109, 139, 27, 173, 251, 227, 64, 27, 58, 38, 104, 26, 92, 50,
       184, 35, 176, 46, 123, 24, 106, 170, 179, 109, 223, 75, 201, 26,
       183, 221, 109, 115, 152, 244, 201, 66, 204, 213, 35, 164, 232,
       227, 3, 1, 9, 176, 189, 251, 236, 237, 249, 159, 79, 123, 61, 120,
       158, 191, 200, 42, 143, 27, 127, 25, 147, 120, 251, 209, 207, 223,
       126, 252, 212, 200, 133, 251, 44, 52, 185, 67, 221, 111, 67, 152,
       91, 183, 45, 24, 214, 53, 73, 62, 145, 92, 96, 122, 17, 112, 249,
       2, 79, 159, 1, 116, 194, 107, 70, 226, 2, 160, 69, 139, 206, 169,
       168, 207, 14, 49, 17, 155, 141, 6, 72, 136, 107, 11, 107, 21, 19,
       88, 79, 209, 140, 16, 155, 125, 156, 8, 137, 144, 214, 90, 255,
       244, 46, 108, 125, 16, 169, 222, 182, 127, 223, 191, 197, 91, 231,
       245, 125, 130, 169, 71, 163, 192, 215, 251, 254, 152, 165, 241,
       103, 123, 229, 74, 198, 213, 108, 10, 236, 0, 232, 134, 242, 226,
       195, 42, 149, 123, 98, 228, 110, 235, 196, 245, 197, 200, 148, 58,
       234, 144, 5, 249, 113, 4, 10, 187, 168, 187, 223, 141, 184, 207,
       14, 53, 88, 135, 173, 143, 106, 0, 175, 59, 131, 85, 22, 56, 26,
       241, 223, 69, 30, 107, 157, 14, 157, 154, 215, 89, 67, 239, 38, 6,
       111, 184, 37, 226, 211, 198, 113, 67, 145, 116, 118, 228, 61, 238,
       233, 148, 125, 239, 244, 174, 239, 132, 45, 179, 112, 113, 125,
       113, 57, 237, 61, 15, 87, 216, 111, 232, 180, 76, 223, 91, 25, 48,
       156, 204, 92, 110, 201, 34, 249, 186, 243, 221, 37, 180, 72, 185,
       66, 49, 17, 206, 28, 221, 36, 31, 108, 63, 87, 58, 90, 102, 167,
       51, 160, 228, 87, 14, 36, 12, 205, 152, 67, 157, 166, 250, 118,
       132, 58, 248, 137, 141, 52, 197, 127, 239, 180, 79, 239, 248, 116,
       164, 255, 66, 115, 113, 188, 96, 122, 238, 22, 234, 233, 176, 125,
       61, 239, 237, 167, 68, 117, 186, 244, 224, 181, 197, 127, 111, 52,
       95, 207, 252, 68, 160, 243, 66, 115, 81, 153, 97, 122, 244, 94,
       106, 233, 177, 125, 61, 245, 235, 167, 20, 117, 187, 116, 96, 75,
       50, 174, 152, 105, 212, 185, 88, 174, 220, 215, 167, 220, 214,
       227, 239, 236, 181, 255, 245, 133, 67, 179, 208, 209, 33, 235,
       155, 22, 5, 61, 119, 2, 45, 150, 159, 173, 245, 188, 199, 142,
       158, 152, 1, 172, 154, 103, 207, 226, 107, 235, 67, 86, 73, 139,
       241, 173, 144, 94, 59, 18, 125, 173, 207, 99, 157, 102, 200, 221,
       150, 122, 39, 237, 5, 238, 135, 40, 58, 182, 244, 201, 167, 154,
       144, 214, 139, 117, 255, 62, 60, 150, 67, 7, 132, 248, 76, 253,
       75, 79, 228, 40, 6, 79, 176, 32, 174, 242, 205, 83, 35, 145, 83,
       118, 228, 109, 238, 200, 215, 193, 40, 240, 235, 231, 148, 45,
       179, 98, 1, 27, 159, 114, 205, 19, 159, 90, 55, 109, 69, 254, 183,
       43, 10, 166, 244, 102, 171, 158, 128, 254, 153, 37, 223, 178, 255,
       18, 195, 63, 132, 169, 79, 42, 169, 42, 186, 221, 197, 187, 199,
       158, 53, 92, 31, 156, 207, 122, 0, 233, 27, 147, 213, 18, 59, 154,
       243, 125, 21, 159, 109, 153, 14, 175, 218, 125, 64, 249, 103, 36,
