%YAML:1.0
---
descriptors: !!opencv-matrix
   rows: 171
   cols: 32
   dt: u
   data: [ 219, 151, 107, 160, 242, 98, 185, 115, 41, 107, 94, 247, 29,
       175, 190, 65, 127, 151, 151, 165, 177, 27, 164, 215, 126, 109,
       170, 230, 191, 196, 179, 241, 46, 57, 240, 206, 119, 245, 186,
       200, 31, 77, 89, 171, 108, 254, 63, 160, 190, 123, 147, 195, 134,
       50, 60, 255, 23, 29, 10, 171, 213, 95, 15, 223, 87, 222, 158, 147,
       179, 176, 188, 135, 172, 95, 146, 247, 140, 26, 11, 75, 231, 3,
       191, 149, 182, 204, 5, 247, 174, 54, 222, 195, 140, 84, 169, 95,
       27, 36, 235, 224, 215, 230, 233, 91, 21, 197, 222, 135, 25, 143,
       53, 40, 126, 169, 19, 189, 155, 187, 53, 206, 91, 77, 138, 64,
       167, 204, 116, 240, 132, 221, 254, 91, 224, 231, 191, 247, 92, 31,
       124, 16, 124, 119, 175, 109, 119, 90, 2, 26, 243, 252, 58, 127,
       111, 30, 118, 68, 210, 241, 229, 235, 213, 90, 253, 231, 38, 78,
       111, 188, 112, 238, 246, 166, 243, 119, 145, 115, 118, 244, 125,
       238, 233, 212, 245, 40, 247, 235, 231, 128, 45, 179, 100, 121, 40,
       163, 33, 43, 252, 201, 235, 101, 238, 109, 121, 137, 183, 140, 84,
       0, 138, 43, 67, 5, 210, 58, 110, 53, 108, 25, 42, 232, 85, 142,
       215, 248, 137, 216, 106, 81, 150, 155, 229, 247, 94, 65, 86, 246,
       153, 8, 190, 100, 111, 138, 22, 157, 247, 188, 101, 215, 46, 79,
       182, 192, 127, 140, 241, 237, 159, 140, 123, 252, 18, 162, 123,
       99, 189, 65, 71, 146, 125, 231, 32, 112, 119, 253, 59, 156, 49,
       157, 60, 206, 250, 239, 139, 64, 167, 128, 161, 160, 10, 110, 162,
       191, 21, 176, 170, 198, 23, 7, 88, 135, 233, 238, 63, 0, 127, 235,
       147, 135, 134, 146, 14, 235, 32, 102, 158, 137, 151, 95, 61, 206,
       71, 252, 181, 223, 223, 246, 191, 174, 223, 251, 90, 66, 236, 254,
       253, 230, 245, 127, 58, 145, 167, 65, 191, 255, 45, 62, 207, 238,
       158, 118, 49, 125, 223, 86, 213, 37, 170, 58, 30, 184, 61, 250,
       178, 229, 207, 102, 143, 223, 87, 85, 236, 102, 173, 196, 205,
       238, 170, 242, 111, 150, 174, 245, 9, 21, 75, 33, 236, 197, 207,
       86, 248, 115, 107, 245, 84, 154, 136, 60, 214, 47, 46, 141, 115,
       141, 148, 120, 183, 192, 95, 59, 219, 231, 231, 164, 215, 253,
       199, 116, 237, 23, 234, 46, 175, 184, 169, 242, 19, 246, 221, 102,
       159, 127, 55, 197, 127, 239, 229, 212, 239, 104, 36, 58, 239, 132,
       173, 243, 3, 117, 187, 201, 96, 188, 31, 209, 221, 111, 215, 68,
       192, 2, 57, 204, 50, 96, 104, 168, 187, 129, 78, 47, 54, 159, 243,
       109, 139, 57, 55, 12, 240, 78, 88, 181, 31, 250, 155, 237, 17, 75,
       175, 81, 173, 24, 190, 255, 104, 56, 167, 179, 253, 16, 27, 75,
       58, 247, 219, 215, 18, 123, 218, 64, 167, 51, 88, 69, 94, 110, 18,
       202, 71, 101, 164, 128, 235, 128, 119, 114, 32, 209, 114, 245, 72,
       226, 105, 177, 17, 45, 176, 165, 7, 0, 105, 50, 234, 8, 17, 95,
       75, 45, 18, 10, 111, 125, 116, 164, 234, 230, 81, 34, 145, 112,
       126, 196, 6, 238, 236, 184, 37, 78, 116, 174, 167, 4, 109, 242,
       98, 8, 49, 92, 117, 69, 36, 95, 231, 52, 116, 236, 254, 74, 243,
       21, 149, 53, 126, 244, 94, 106, 233, 180, 117, 12, 37, 234, 32, 0,
       103, 187, 86, 249, 254, 116, 18, 174, 89, 213, 82, 104, 179, 140,
       169, 9, 110, 223, 43, 208, 248, 249, 223, 227, 110, 39, 154, 255,
       179, 217, 3, 59, 83, 39, 110, 86, 56, 140, 14, 254, 29, 225, 83,
       230, 151, 13, 204, 2, 32, 251, 33, 64, 201, 250, 171, 128, 58,
       143, 2, 191, 243, 247, 154, 75, 144, 9, 116, 138, 186, 204, 99,
       252, 95, 209, 197, 103, 215, 70, 192, 18, 40, 156, 48, 225, 104,
       171, 147, 129, 110, 175, 54, 159, 243, 97, 154, 59, 55, 12, 244,
       202, 145, 143, 79, 255, 36, 131, 239, 245, 20, 74, 214, 246, 113,
       65, 184, 65, 90, 34, 23, 235, 233, 188, 109, 63, 96, 139, 238,
       128, 61, 152, 240, 169, 198, 108, 59, 146, 238, 104, 183, 231,
       184, 187, 24, 59, 132, 190, 101, 11, 163, 83, 91, 35, 114, 109,
       138, 226, 61, 22, 222, 175, 132, 113, 151, 207, 139, 12, 102, 177,
       162, 242, 189, 103, 189, 194, 86, 179, 169, 47, 183, 233, 111,
       187, 159, 149, 180, 220, 36, 234, 230, 123, 222, 129, 167, 244,
       177, 221, 23, 126, 235, 190, 116, 166, 171, 80, 23, 202, 217, 231,
       249, 207, 243, 8, 125, 169, 23, 157, 139, 135, 38, 202, 82, 15,
       171, 136, 173, 255, 49, 241, 10, 141, 0, 143, 213, 211, 190, 39,
       31, 5, 75, 3, 236, 234, 46, 196, 217, 27, 131, 129, 118, 152, 25,
       255, 47, 54, 142, 67, 22, 78, 189, 134, 202, 190, 244, 247, 171,
       248, 189, 151, 191, 255, 22, 181, 172, 191, 230, 207, 167, 87,
       239, 17, 178, 93, 171, 243, 206, 211, 127, 199, 134, 212, 133,
       123, 199, 244, 173, 181, 168, 53, 141, 140, 146, 246, 128, 157,
       211, 108, 91, 75, 197, 69, 121, 183, 189, 71, 255, 16, 201, 67,
       223, 188, 140, 117, 23, 84, 114, 3, 203, 140, 154, 66, 29, 111,
       129, 132, 184, 171, 13, 174, 100, 82, 126, 149, 239, 128, 88, 11,
       132, 200, 248, 228, 142, 159, 181, 164, 166, 91, 247, 76, 172,
       183, 140, 103, 205, 174, 146, 247, 131, 159, 243, 108, 91, 43,
       141, 199, 121, 183, 188, 231, 255, 42, 201, 107, 221, 20, 140,
       121, 148, 88, 83, 39, 202, 197, 54, 34, 235, 27, 98, 225, 155,
       230, 89, 43, 208, 98, 118, 135, 125, 189, 147, 153, 141, 206, 220,
       172, 171, 196, 173, 131, 113, 33, 38, 248, 128, 136, 77, 245, 178,
       202, 10, 177, 72, 11, 140, 220, 117, 132, 217, 89, 179, 211, 6,
       122, 218, 241, 29, 20, 143, 111, 149, 127, 61, 142, 11, 161, 100,
       81, 231, 220, 184, 101, 107, 117, 86, 155, 168, 28, 214, 47, 174,
       47, 115, 157, 214, 248, 183, 209, 15, 121, 218, 227, 71, 132, 215,
       253, 119, 188, 172, 165, 156, 94, 92, 168, 18, 246, 138, 143, 211,
       108, 91, 34, 221, 197, 121, 181, 253, 64, 255, 0, 235, 71, 207,
       245, 172, 108, 20, 86, 144, 0, 195, 225, 23, 39, 104, 87, 22, 35,
       194, 146, 25, 131, 120, 72, 121, 136, 19, 156, 171, 180, 21, 194,
       153, 142, 154, 68, 189, 136, 112, 32, 56, 159, 31, 46, 26, 198,
       71, 248, 164, 76, 255, 100, 119, 247, 170, 80, 124, 226, 204, 226,
       251, 171, 59, 61, 240, 167, 32, 152, 121, 34, 174, 115, 71, 33,
       172, 167, 140, 6, 141, 57, 130, 245, 143, 141, 211, 108, 91, 74,
       221, 199, 121, 175, 157, 65, 255, 0, 201, 111, 207, 60, 141, 122,
       17, 80, 146, 211, 79, 232, 66, 0, 61, 117, 164, 85, 210, 231, 9,
       135, 168, 64, 110, 153, 191, 164, 219, 155, 39, 209, 240, 161,
       170, 140, 61, 132, 165, 249, 252, 120, 236, 100, 10, 95, 87, 216,
       227, 238, 182, 45, 83, 253, 195, 51, 28, 244, 253, 98, 237, 247,
       253, 40, 243, 201, 101, 183, 105, 251, 94, 83, 46, 124, 242, 206,
       117, 247, 190, 72, 95, 204, 125, 35, 40, 220, 63, 164, 255, 121,
       147, 131, 194, 178, 56, 255, 55, 92, 143, 171, 87, 127, 126, 215,
       219, 251, 254, 118, 169, 212, 95, 189, 225, 204, 150, 45, 127,
       255, 223, 179, 150, 119, 253, 71, 236, 75, 170, 173, 251, 249,
       109, 154, 102, 182, 166, 127, 160, 228, 94, 243, 112, 202, 125,
       49, 177, 242, 103, 49, 117, 87, 10, 83, 50, 172, 93, 238, 96, 212,
       73, 109, 230, 171, 101, 193, 40, 128, 234, 195, 73, 19, 150, 109,
       36, 30, 104, 49, 109, 8, 127, 68, 254, 115, 144, 244, 180, 36,
       126, 44, 145, 176, 19, 9, 135, 250, 96, 128, 10, 162, 73, 33, 252,
       124, 18, 254, 89, 253, 86, 120, 189, 142, 233, 25, 110, 223, 43,
       145, 216, 185, 205, 34, 44, 39, 90, 159, 243, 219, 1, 59, 82, 127,
       110, 82, 7, 254, 137, 187, 184, 237, 19, 159, 30, 125, 28, 253,
       214, 214, 202, 72, 215, 91, 254, 21, 155, 92, 235, 55, 172, 151,
       63, 254, 156, 139, 141, 121, 117, 169, 173, 167, 140, 110, 77,
       175, 162, 245, 138, 9, 243, 109, 91, 42, 129, 198, 121, 31, 156,
       65, 251, 32, 201, 175, 221, 20, 128, 122, 212, 106, 85, 171, 75,
       225, 182, 130, 235, 115, 236, 161, 91, 230, 17, 171, 240, 96, 102,
