%YAML:1.0
---
descriptors: !!opencv-matrix
   rows: 198
   cols: 32
   dt: u
   data: [ 253, 95, 207, 158, 135, 114, 71, 240, 212, 198, 207, 134, 99,
       228, 179, 239, 120, 228, 170, 110, 237, 231, 62, 170, 242, 103,
       231, 25, 63, 255, 60, 116, 45, 49, 51, 69, 117, 91, 83, 32, 121,
       72, 111, 8, 218, 21, 13, 180, 152, 28, 192, 106, 25, 176, 241, 12,
       39, 253, 0, 19, 66, 46, 78, 166, 56, 248, 18, 250, 107, 205, 86,
       242, 171, 25, 177, 73, 63, 219, 65, 144, 167, 251, 221, 66, 79,
       111, 154, 179, 251, 221, 16, 59, 122, 21, 75, 155, 61, 104, 233,
       101, 52, 95, 78, 152, 71, 234, 188, 74, 83, 73, 209, 160, 89, 236,
       22, 126, 201, 182, 121, 170, 235, 205, 165, 180, 239, 251, 88, 32,
       1, 157, 25, 251, 188, 205, 71, 189, 86, 25, 89, 80, 246, 83, 136,
       96, 209, 26, 22, 10, 115, 184, 123, 55, 237, 159, 52, 112, 24, 10,
       145, 169, 108, 116, 49, 69, 113, 79, 103, 4, 120, 234, 43, 8, 214,
       21, 5, 180, 144, 84, 64, 106, 1, 244, 241, 14, 37, 190, 5, 54, 66,
       59, 71, 171, 188, 93, 99, 126, 213, 211, 87, 254, 21, 198, 124,
       167, 99, 237, 37, 212, 89, 250, 135, 106, 105, 186, 124, 191, 119,
       239, 133, 3, 119, 255, 116, 250, 173, 221, 122, 95, 246, 183, 190,
       246, 85, 74, 124, 118, 120, 253, 183, 161, 95, 122, 23, 78, 227,
       184, 42, 255, 102, 127, 112, 130, 95, 249, 104, 253, 201, 184,
       189, 85, 172, 78, 97, 187, 86, 251, 23, 92, 210, 113, 216, 107,
       149, 70, 120, 25, 177, 252, 251, 34, 77, 59, 117, 84, 142, 168,
       208, 97, 9, 41, 18, 201, 21, 158, 106, 86, 109, 0, 110, 64, 187,
       242, 180, 244, 240, 170, 30, 72, 27, 184, 16, 237, 167, 220, 130,
       0, 10, 130, 104, 44, 24, 153, 19, 253, 21, 237, 98, 23, 55, 9,
       110, 64, 190, 211, 32, 228, 112, 58, 46, 8, 27, 184, 19, 191, 131,
       252, 16, 2, 50, 10, 160, 40, 1, 160, 121, 65, 52, 207, 107, 152,
       119, 233, 119, 16, 211, 83, 156, 52, 17, 12, 54, 56, 187, 248,
       121, 31, 239, 158, 53, 68, 242, 128, 66, 161, 2, 177, 26, 152,
       219, 249, 176, 103, 191, 117, 165, 27, 142, 222, 110, 196, 167,
       27, 235, 1, 22, 43, 146, 211, 155, 84, 26, 127, 82, 4, 173, 94,
       94, 31, 214, 183, 179, 187, 190, 227, 191, 163, 186, 255, 205,
       238, 39, 210, 183, 247, 239, 183, 180, 217, 29, 238, 186, 118, 79,
       243, 239, 119, 137, 23, 191, 255, 109, 85, 202, 23, 223, 190, 82,
       226, 118, 142, 89, 124, 151, 37, 31, 222, 179, 110, 245, 246, 253,
       30, 111, 11, 101, 148, 111, 252, 208, 253, 252, 122, 176, 102, 61,
       31, 83, 120, 235, 172, 181, 76, 239, 216, 85, 182, 156, 252, 204,
       99, 200, 119, 216, 156, 187, 209, 5, 55, 90, 62, 78, 62, 94, 6,
       142, 181, 130, 34, 188, 7, 168, 215, 154, 247, 205, 38, 67, 202,
       39, 71, 237, 149, 20, 221, 135, 192, 216, 39, 254, 193, 140, 116,
       173, 83, 219, 92, 103, 239, 48, 86, 111, 52, 229, 202, 214, 198,
       121, 47, 179, 247, 118, 228, 61, 239, 237, 149, 53, 236, 242, 235,
       170, 128, 47, 183, 112, 125, 8, 184, 21, 250, 139, 237, 177, 199,
       174, 25, 32, 48, 188, 151, 96, 72, 195, 51, 107, 16, 18, 75, 82,
       113, 221, 129, 62, 106, 144, 0, 167, 171, 7, 31, 231, 143, 246,
       34, 175, 115, 125, 194, 91, 231, 108, 110, 183, 100, 55, 239, 23,
       175, 181, 153, 61, 238, 60, 62, 143, 130, 173, 247, 177, 245, 252,
       237, 188, 250, 173, 253, 84, 239, 219, 159, 177, 24, 254, 249, 72,
       27, 201, 243, 204, 19, 126, 111, 250, 51, 251, 211, 117, 123, 208,
       88, 206, 35, 131, 22, 167, 157, 199, 54, 172, 103, 252, 70, 210,
       215, 73, 170, 191, 239, 123, 37, 59, 173, 165, 213, 53, 202, 20,
       34, 218, 134, 141, 116, 57, 220, 61, 205, 202, 111, 212, 150, 206,
       248, 85, 138, 124, 70, 107, 233, 187, 116, 120, 238, 6, 238, 237,
       178, 29, 191, 114, 239, 165, 1, 127, 251, 120, 140, 2, 206, 0,
       155, 251, 157, 184, 231, 159, 21, 92, 183, 172, 142, 102, 132,
       175, 11, 179, 149, 214, 8, 2, 247, 60, 20, 158, 235, 150, 12, 141,
       221, 76, 121, 25, 105, 48, 78, 55, 50, 45, 104, 118, 104, 158, 23,
       129, 244, 166, 29, 204, 96, 65, 152, 113, 92, 231, 249, 33, 134,
       74, 177, 7, 49, 45, 84, 49, 69, 117, 95, 115, 16, 125, 106, 127,
       8, 218, 16, 143, 180, 144, 28, 196, 106, 133, 176, 113, 10, 103,
       253, 32, 51, 74, 63, 74, 247, 33, 37, 251, 65, 116, 233, 235, 66,
       106, 9, 120, 104, 147, 136, 148, 48, 58, 40, 70, 8, 129, 178, 228,
       66, 38, 156, 32, 40, 69, 138, 70, 165, 89, 249, 26, 248, 11, 157,
       84, 254, 187, 17, 160, 76, 63, 155, 65, 144, 167, 219, 220, 64,
       79, 107, 146, 55, 251, 221, 19, 59, 122, 16, 11, 27, 1, 192, 117,
       73, 52, 223, 107, 152, 127, 105, 115, 68, 211, 80, 156, 100, 82,
       12, 54, 92, 143, 176, 125, 95, 142, 158, 33, 68, 92, 139, 80, 245,
       68, 252, 149, 95, 154, 97, 142, 142, 54, 179, 140, 176, 240, 247,
       201, 254, 85, 86, 234, 144, 35, 66, 239, 115, 45, 134, 223, 125,
       179, 241, 39, 40, 205, 188, 189, 85, 172, 126, 225, 154, 122, 251,
       54, 24, 218, 49, 212, 111, 1, 86, 120, 24, 177, 252, 251, 98, 79,
       58, 117, 116, 194, 168, 80, 96, 205, 176, 180, 21, 156, 15, 224,
       154, 226, 241, 34, 92, 210, 185, 210, 34, 1, 68, 120, 29, 147,
       120, 223, 0, 12, 9, 117, 116, 202, 168, 81, 16, 130, 140, 2, 155,
       147, 181, 186, 198, 30, 7, 72, 151, 172, 202, 54, 196, 253, 43,
       131, 149, 38, 156, 26, 255, 45, 54, 154, 67, 152, 93, 169, 222,
       37, 69, 23, 222, 92, 135, 231, 232, 246, 0, 249, 66, 240, 242, 41,
       96, 120, 248, 34, 234, 67, 179, 90, 95, 53, 166, 135, 8, 80, 59,
       96, 160, 87, 15, 199, 183, 178, 130, 46, 51, 60, 129, 91, 246,
       253, 42, 144, 96, 38, 239, 63, 207, 241, 216, 133, 108, 188, 46,
       238, 192, 172, 242, 177, 1, 4, 237, 25, 186, 92, 207, 55, 232, 30,
       176, 121, 11, 246, 243, 105, 64, 217, 88, 2, 98, 98, 114, 90, 191,
       253, 134, 39, 60, 16, 59, 1, 138, 6, 177, 182, 154, 219, 240, 184,
       67, 191, 213, 195, 147, 140, 206, 102, 206, 235, 59, 235, 145, 22,
       75, 178, 215, 31, 22, 155, 75, 128, 4, 173, 214, 5, 69, 2, 157,
       84, 142, 238, 224, 252, 128, 123, 70, 112, 234, 61, 192, 120, 236,
       34, 239, 69, 179, 142, 207, 52, 44, 143, 0, 13, 59, 121, 128, 54,
       105, 120, 109, 125, 79, 218, 232, 95, 44, 248, 11, 106, 121, 21,
       16, 222, 221, 199, 99, 204, 178, 81, 253, 119, 252, 1, 51, 117,
       59, 94, 131, 32, 157, 26, 250, 156, 167, 210, 247, 150, 13, 204,
       7, 178, 249, 34, 64, 201, 42, 2, 24, 26, 171, 26, 63, 107, 159,
       130, 91, 144, 74, 248, 138, 69, 184, 191, 147, 137, 237, 33, 150,
       254, 115, 6, 24, 190, 246, 66, 127, 161, 51, 122, 8, 179, 73, 186,
       113, 205, 18, 83, 122, 136, 65, 7, 254, 236, 225, 250, 235, 201,
       77, 127, 204, 175, 18, 172, 0, 223, 215, 121, 91, 249, 217, 123,
       254, 74, 103, 218, 241, 255, 217, 199, 44, 114, 243, 98, 170, 18,
       145, 118, 252, 219, 208, 181, 103, 173, 17, 228, 178, 44, 159, 46,
       116, 234, 187, 131, 128, 82, 11, 34, 213, 179, 240, 26, 75, 51, 0,
       167, 175, 3, 227, 237, 77, 206, 23, 173, 189, 206, 248, 28, 198,
       120, 236, 215, 38, 54, 71, 123, 239, 209, 104, 191, 217, 109, 62,
       239, 188, 159, 254, 209, 253, 216, 165, 87, 235, 58, 66, 63, 239,
       38, 36, 203, 176, 213, 215, 160, 80, 118, 31, 111, 226, 80, 159,
       235, 31, 245, 166, 43, 201, 52, 130, 165, 243, 76, 16, 219, 117,
       160, 106, 109, 152, 55, 171, 118, 96, 215, 247, 193, 88, 23, 124,
       108, 24, 9, 208, 217, 10, 207, 239, 117, 132, 232, 241, 66, 51,
       88, 184, 27, 185, 170, 233, 17, 75, 174, 55, 130, 33, 159, 151,
       96, 91, 231, 55, 111, 145, 26, 75, 131, 17, 217, 225, 123, 121,
       160, 0, 167, 115, 23, 141, 239, 215, 134, 114, 239, 166, 124, 215,
       95, 146, 121, 108, 183, 239, 99, 70, 59, 159, 181, 248, 45, 232,
       110, 43, 254, 193, 165, 247, 249, 236, 191, 215, 105, 236, 124,
       18, 223, 254, 65, 234, 156, 238, 91, 109, 190, 38, 94, 196, 23,
