%YAML:1.0
---
descriptors: !!opencv-matrix
   rows: 313
   cols: 32
   dt: u
   data: [ 216, 212, 190, 183, 168, 76, 125, 183, 180, 203, 70, 49, 255,
       247, 35, 115, 231, 119, 253, 5, 96, 205, 147, 47, 237, 231, 126,
       129, 160, 240, 165, 91, 48, 13, 115, 104, 176, 203, 195, 124, 117,
       36, 250, 160, 83, 135, 164, 176, 94, 190, 70, 248, 88, 187, 33,
       30, 123, 237, 32, 64, 115, 130, 230, 248, 33, 231, 102, 4, 116,
       159, 225, 117, 233, 236, 126, 77, 202, 136, 150, 20, 152, 172, 70,
       109, 196, 190, 36, 76, 62, 92, 37, 77, 67, 172, 103, 205, 195,
       241, 187, 236, 108, 20, 254, 221, 239, 72, 148, 64, 157, 159, 244,
       98, 230, 85, 127, 205, 199, 5, 182, 211, 119, 121, 170, 188, 28,
       176, 163, 253, 238, 245, 250, 70, 249, 92, 119, 248, 225, 142,
       188, 40, 90, 127, 207, 182, 157, 214, 221, 106, 232, 35, 232, 174,
       127, 221, 133, 191, 67, 247, 206, 247, 153, 65, 71, 237, 52, 26,
       104, 56, 101, 96, 243, 70, 83, 3, 184, 229, 122, 132, 14, 238,
       233, 180, 101, 221, 246, 234, 226, 132, 127, 170, 112, 32, 172,
       158, 236, 235, 156, 55, 222, 190, 22, 95, 157, 181, 217, 46, 218,
       73, 221, 223, 157, 183, 190, 78, 239, 183, 238, 207, 255, 253,
       151, 213, 254, 211, 165, 118, 236, 227, 172, 59, 222, 152, 86,
       254, 181, 239, 211, 109, 223, 11, 95, 228, 127, 255, 173, 118,
       125, 26, 78, 203, 229, 180, 253, 251, 88, 81, 36, 153, 23, 251,
       228, 143, 225, 185, 191, 16, 99, 64, 254, 243, 36, 121, 233, 171,
       34, 90, 91, 248, 27, 245, 205, 186, 83, 64, 80, 9, 97, 162, 20,
       190, 125, 73, 178, 187, 179, 154, 126, 31, 127, 244, 205, 100,
       143, 124, 55, 31, 206, 48, 178, 180, 109, 119, 78, 38, 35, 199,
       228, 209, 135, 245, 46, 208, 190, 218, 237, 221, 241, 200, 223,
       57, 181, 26, 142, 220, 110, 44, 217, 145, 255, 81, 18, 111, 58,
       213, 95, 91, 215, 127, 211, 13, 221, 183, 87, 41, 231, 129, 162,
       118, 173, 255, 61, 217, 90, 247, 93, 110, 223, 255, 55, 199, 127,
       253, 181, 217, 47, 192, 188, 10, 239, 196, 173, 245, 161, 85, 46,
       177, 48, 250, 253, 253, 144, 203, 139, 53, 177, 25, 142, 222, 110,
       153, 201, 155, 243, 17, 30, 107, 218, 213, 155, 209, 27, 127, 210,
       12, 143, 198, 3, 72, 14, 185, 16, 131, 56, 70, 62, 65, 66, 199,
       180, 202, 54, 72, 236, 43, 59, 149, 167, 156, 7, 255, 68, 38, 154,
       128, 28, 4, 57, 218, 53, 5, 74, 73, 84, 59, 162, 97, 84, 97, 251,
       118, 83, 24, 190, 164, 120, 140, 22, 175, 189, 178, 69, 142, 54,
       109, 162, 64, 93, 175, 248, 132, 65, 141, 27, 61, 176, 236, 124,
       39, 120, 73, 106, 1, 183, 59, 16, 80, 128, 47, 125, 13, 101, 152,
       209, 79, 231, 189, 54, 0, 72, 64, 195, 26, 73, 251, 175, 13, 232,
       150, 49, 156, 230, 221, 206, 229, 240, 246, 195, 98, 68, 118, 250,
       220, 135, 201, 175, 112, 78, 37, 47, 174, 138, 151, 61, 125, 40,
       140, 122, 203, 86, 183, 242, 118, 84, 1, 126, 2, 113, 217, 180,
       96, 120, 170, 2, 24, 146, 184, 53, 191, 111, 175, 160, 64, 247,
       138, 112, 136, 176, 71, 106, 172, 28, 2, 79, 125, 20, 132, 222,
       231, 85, 7, 179, 64, 124, 140, 15, 231, 232, 147, 69, 14, 240,
       167, 170, 133, 53, 170, 52, 104, 95, 146, 124, 105, 42, 63, 90,
       184, 175, 120, 149, 229, 223, 95, 31, 251, 135, 21, 253, 231, 143,
       69, 91, 213, 195, 219, 105, 246, 30, 167, 11, 23, 198, 174, 4,
       159, 238, 176, 188, 235, 159, 22, 209, 183, 236, 238, 255, 207,
       247, 111, 191, 167, 38, 69, 202, 255, 180, 50, 223, 191, 148, 117,
       189, 87, 200, 112, 127, 103, 32, 78, 119, 48, 233, 218, 55, 88,
       223, 23, 9, 179, 132, 84, 93, 106, 233, 244, 49, 44, 199, 217, 96,
       132, 74, 179, 66, 59, 80, 1, 158, 116, 8, 232, 81, 23, 166, 25,
       174, 8, 182, 179, 64, 90, 32, 54, 108, 8, 24, 73, 131, 33, 209,
       163, 112, 81, 32, 64, 139, 42, 126, 253, 188, 190, 187, 87, 30,
       238, 147, 252, 140, 47, 108, 255, 103, 150, 159, 247, 253, 227,
       110, 75, 186, 191, 251, 87, 13, 191, 19, 119, 175, 95, 18, 143,
       42, 78, 177, 196, 94, 103, 245, 13, 206, 1, 42, 187, 52, 112, 248,
       187, 221, 153, 222, 137, 32, 127, 235, 63, 150, 131, 0, 194, 254,
       78, 120, 41, 57, 96, 21, 93, 64, 67, 112, 32, 226, 8, 147, 155, 5,
       176, 152, 176, 68, 72, 9, 58, 241, 30, 147, 221, 16, 59, 64, 8,
       66, 42, 189, 213, 125, 251, 252, 38, 111, 249, 117, 90, 253, 86,
       89, 127, 185, 113, 127, 203, 30, 254, 251, 134, 121, 255, 239,
       239, 175, 68, 184, 243, 224, 241, 45, 188, 145, 251, 253, 173, 67,
       222, 31, 225, 141, 12, 246, 245, 64, 4, 217, 106, 123, 28, 27, 58,
       250, 179, 237, 156, 133, 124, 154, 75, 208, 122, 88, 248, 155,
       248, 27, 200, 17, 86, 166, 1, 166, 40, 190, 151, 96, 208, 162, 51,
       237, 80, 74, 9, 146, 113, 217, 229, 18, 123, 32, 0, 39, 42, 66,
       92, 190, 205, 208, 164, 127, 6, 229, 194, 206, 132, 60, 166, 33,
       86, 110, 119, 171, 145, 64, 137, 51, 234, 229, 182, 158, 2, 140,
       112, 61, 158, 189, 228, 185, 235, 172, 111, 79, 216, 87, 250, 253,
       26, 215, 247, 121, 40, 217, 200, 23, 126, 251, 118, 123, 178, 255,
       223, 39, 60, 240, 251, 192, 224, 88, 120, 187, 244, 99, 206, 51,
       214, 191, 142, 238, 40, 62, 183, 33, 88, 166, 255, 111, 80, 0,
       223, 178, 234, 209, 182, 52, 2, 130, 81, 37, 123, 59, 207, 97,
       141, 119, 145, 238, 183, 79, 73, 88, 231, 169, 44, 182, 228, 250,
       171, 151, 205, 207, 184, 100, 253, 46, 124, 142, 194, 63, 140,
       217, 221, 31, 92, 242, 255, 242, 180, 126, 246, 61, 202, 126, 161,
       125, 255, 163, 112, 183, 123, 183, 198, 166, 152, 171, 239, 255,
       255, 62, 138, 230, 247, 39, 251, 45, 120, 241, 105, 245, 255, 194,
       214, 127, 232, 122, 72, 30, 180, 197, 180, 155, 124, 228, 90, 9,
       186, 241, 190, 159, 253, 37, 98, 195, 251, 70, 173, 135, 206, 102,
       147, 231, 147, 174, 232, 223, 115, 91, 215, 232, 232, 254, 196,
       127, 75, 187, 247, 230, 181, 15, 255, 44, 26, 207, 196, 223, 159,
       249, 212, 51, 29, 75, 190, 68, 199, 206, 118, 149, 194, 220, 70,
       49, 217, 55, 37, 88, 234, 19, 207, 205, 170, 118, 171, 51, 152,
       142, 138, 125, 251, 114, 220, 177, 77, 66, 93, 84, 154, 230, 230,
       116, 0, 106, 194, 35, 40, 181, 229, 122, 234, 2, 232, 109, 184, 4,
       175, 38, 239, 146, 0, 125, 216, 120, 140, 21, 30, 223, 71, 66,
       126, 186, 16, 124, 162, 123, 210, 89, 62, 141, 122, 55, 117, 34,
       162, 165, 180, 189, 106, 7, 174, 114, 0, 233, 243, 105, 181, 216,
       85, 62, 183, 142, 110, 85, 55, 244, 190, 219, 51, 255, 127, 11,
       99, 163, 247, 125, 163, 108, 221, 75, 191, 227, 227, 254, 17, 32,
       114, 157, 11, 169, 164, 188, 249, 93, 253, 121, 95, 87, 21, 252,
       26, 187, 159, 80, 164, 201, 154, 211, 152, 10, 254, 115, 151, 207,
       223, 144, 107, 242, 136, 84, 170, 220, 220, 249, 119, 34, 108,
       239, 151, 62, 107, 182, 114, 243, 51, 205, 66, 119, 196, 125, 142,
       233, 20, 225, 67, 245, 175, 254, 148, 233, 240, 197, 105, 116,
       253, 251, 122, 235, 121, 182, 206, 251, 142, 252, 171, 78, 253,
       109, 56, 187, 211, 238, 82, 86, 35, 170, 243, 243, 231, 55, 191,
       197, 115, 167, 195, 214, 231, 238, 142, 203, 3, 63, 237, 191, 150,
       216, 191, 77, 239, 111, 223, 247, 215, 239, 246, 98, 71, 142, 251,
       58, 50, 79, 143, 55, 247, 167, 89, 169, 112, 157, 97, 97, 63, 116,
       19, 127, 234, 38, 88, 222, 19, 65, 187, 149, 52, 254, 56, 225,
       244, 113, 8, 199, 219, 117, 54, 202, 112, 75, 187, 94, 167, 18,
       168, 187, 36, 26, 202, 175, 28, 136, 225, 79, 202, 41, 208, 247,
       217, 205, 245, 22, 3, 138, 223, 152, 245, 11, 255, 144, 101, 43,
       3, 245, 109, 235, 230, 214, 6, 79, 216, 19, 162, 222, 202, 83,
       229, 241, 96, 125, 254, 23, 254, 233, 178, 221, 170, 252, 173,
       165, 172, 183, 251, 112, 32, 94, 75, 206, 164, 2, 146, 62, 32,
       164, 132, 203, 163, 77, 234, 35, 194, 54, 229, 233, 231, 68, 145,
       133, 204, 178, 101, 207, 135, 37, 119, 45, 2, 29, 71, 79, 237, 22,
