%YAML:1.0
---
descriptors: !!opencv-matrix
   rows: 68
   cols: 32
   dt: u
   data: [ 248, 88, 255, 244, 44, 78, 93, 180, 169, 222, 182, 127, 127,
       127, 135, 91, 230, 245, 125, 226, 105, 199, 243, 232, 243, 251,
       230, 144, 47, 241, 102, 123, 119, 199, 201, 196, 222, 3, 206, 232,
       19, 162, 185, 202, 113, 104, 29, 0, 91, 197, 87, 239, 40, 103, 77,
       222, 56, 46, 237, 180, 245, 251, 82, 32, 164, 69, 254, 252, 125,
       139, 214, 108, 223, 134, 249, 8, 239, 249, 44, 65, 211, 113, 111,
       98, 32, 99, 10, 159, 251, 255, 71, 63, 84, 251, 69, 139, 70, 228,
       144, 190, 191, 161, 186, 172, 155, 176, 17, 11, 237, 234, 92, 199,
       147, 111, 121, 211, 38, 65, 138, 243, 172, 86, 207, 255, 148, 55,
       155, 6, 214, 236, 150, 151, 149, 224, 166, 134, 63, 51, 139, 19,
       228, 226, 76, 206, 233, 207, 170, 147, 126, 216, 203, 227, 189,
       54, 223, 71, 128, 127, 185, 14, 210, 249, 57, 178, 58, 193, 27,
       196, 190, 101, 128, 25, 191, 159, 66, 16, 166, 241, 93, 209, 122,
       15, 186, 115, 249, 149, 15, 251, 0, 16, 7, 122, 84, 153, 159, 247,
       128, 106, 53, 167, 174, 31, 74, 33, 213, 183, 72, 75, 161, 87, 41,
       144, 16, 216, 155, 37, 233, 163, 126, 69, 128, 114, 165, 122, 119,
       97, 238, 68, 205, 94, 239, 200, 99, 164, 175, 10, 81, 121, 95, 62,
       56, 196, 123, 250, 152, 243, 173, 64, 127, 45, 133, 69, 227, 179,
       246, 228, 125, 117, 57, 238, 189, 15, 87, 248, 127, 232, 189, 76,
       223, 125, 9, 48, 221, 213, 126, 106, 137, 99, 249, 159, 251, 255,
       37, 254, 72, 187, 67, 51, 241, 252, 161, 116, 29, 111, 71, 254,
       82, 226, 168, 74, 115, 113, 81, 176, 89, 192, 88, 111, 233, 103,
       121, 62, 185, 142, 133, 60, 89, 121, 82, 40, 100, 164, 253, 83,
       136, 107, 81, 143, 51, 55, 173, 24, 211, 55, 72, 59, 25, 150, 105,
       48, 58, 100, 251, 17, 79, 151, 85, 117, 227, 192, 198, 226, 125,
       23, 69, 71, 52, 14, 78, 56, 96, 232, 187, 108, 83, 112, 157, 178,
       20, 196, 92, 110, 233, 161, 253, 14, 52, 174, 37, 148, 111, 242,
       82, 49, 92, 217, 157, 183, 8, 70, 19, 180, 166, 157, 130, 1, 247,
       119, 8, 74, 161, 119, 109, 66, 88, 201, 59, 45, 201, 231, 255, 85,
       160, 50, 37, 123, 212, 50, 152, 35, 176, 42, 250, 24, 58, 187,
       179, 121, 215, 123, 201, 26, 183, 93, 93, 51, 24, 112, 201, 2,
       204, 197, 43, 228, 192, 99, 3, 131, 121, 223, 108, 108, 56, 26,
       79, 190, 96, 68, 174, 204, 115, 103, 146, 114, 54, 230, 108, 110,
       169, 137, 61, 63, 242, 175, 33, 144, 107, 162, 98, 121, 93, 39,
       218, 165, 178, 58, 122, 27, 121, 163, 91, 247, 79, 42, 203, 218,
       55, 77, 172, 181, 180, 208, 133, 202, 218, 231, 47, 196, 172, 225,
       169, 1, 240, 221, 63, 239, 132, 70, 103, 245, 52, 64, 230, 2, 115,
       55, 32, 113, 120, 246, 57, 234, 121, 187, 57, 47, 241, 235, 228,
       0, 57, 42, 228, 122, 9, 166, 29, 155, 252, 189, 169, 255, 30, 57,
       84, 212, 157, 131, 218, 228, 55, 11, 50, 28, 179, 88, 47, 215,
       140, 31, 62, 236, 158, 136, 137, 169, 38, 32, 86, 172, 107, 11,
       152, 72, 159, 160, 240, 137, 78, 207, 44, 145, 222, 157, 255, 101,
       12, 195, 67, 220, 146, 218, 11, 191, 84, 46, 43, 131, 213, 82, 75,
       239, 34, 14, 111, 56, 52, 202, 87, 230, 209, 71, 153, 113, 118,
       204, 61, 238, 233, 148, 109, 78, 228, 171, 235, 132, 45, 179, 112,
       49, 70, 239, 132, 151, 221, 136, 166, 168, 190, 178, 1, 3, 236,
       226, 72, 199, 241, 111, 234, 243, 38, 64, 138, 255, 172, 22, 143,
       111, 128, 119, 141, 134, 9, 165, 49, 225, 188, 89, 101, 175, 94,
       49, 109, 24, 215, 37, 216, 164, 19, 26, 34, 56, 19, 120, 111, 23,
       175, 223, 53, 101, 242, 200, 197, 164, 104, 168, 188, 120, 169,
       233, 16, 143, 139, 55, 164, 57, 174, 255, 66, 27, 131, 115, 233,
       16, 18, 75, 202, 49, 219, 211, 93, 123, 210, 68, 143, 11, 53, 205,
       127, 239, 52, 15, 239, 248, 100, 160, 255, 66, 83, 97, 185, 97,
       126, 252, 31, 238, 233, 176, 125, 60, 252, 233, 167, 196, 109,
       187, 96, 161, 221, 82, 253, 229, 36, 14, 111, 24, 96, 234, 247,
       100, 211, 113, 145, 123, 118, 196, 124, 238, 201, 244, 237, 8,
       198, 235, 227, 132, 109, 243, 80, 33, 249, 105, 235, 110, 93, 212,
       86, 197, 83, 200, 228, 9, 51, 249, 115, 48, 216, 234, 20, 207, 79,
       42, 250, 43, 243, 237, 165, 57, 121, 50, 122, 202, 208, 91, 95,
       244, 34, 202, 84, 52, 165, 136, 130, 224, 255, 55, 160, 115, 38,
       245, 236, 98, 105, 137, 33, 45, 243, 243, 98, 147, 40, 176, 37,
       59, 48, 157, 59, 232, 148, 231, 83, 223, 150, 73, 232, 1, 118,
       245, 32, 32, 217, 58, 27, 48, 59, 171, 56, 63, 249, 135, 35, 64,
       208, 74, 164, 251, 160, 184, 187, 186, 232, 233, 145, 199, 158,
       95, 116, 57, 182, 253, 98, 24, 201, 59, 231, 17, 54, 111, 250, 51,
       219, 215, 53, 123, 208, 72, 166, 251, 125, 115, 28, 239, 45, 15,
       78, 184, 127, 168, 183, 76, 223, 123, 25, 115, 220, 196, 124, 110,
       201, 99, 217, 188, 243, 251, 103, 60, 90, 59, 90, 3, 1, 177, 185,
       227, 252, 173, 249, 159, 79, 57, 57, 120, 159, 153, 216, 48, 183,
       27, 127, 25, 147, 56, 203, 211, 205, 221, 63, 246, 220, 202, 129,
       161, 220, 69, 26, 100, 17, 70, 103, 104, 53, 162, 238, 10, 91, 19,
       1, 113, 184, 213, 104, 226, 109, 215, 145, 74, 243, 225, 135, 5,
       97, 113, 110, 2, 208, 72, 215, 252, 46, 40, 124, 64, 169, 178,
       242, 154, 255, 235, 65, 91, 111, 245, 127, 138, 104, 103, 195,
       224, 213, 250, 222, 8, 37, 249, 35, 40, 124, 32, 88, 161, 16, 107,
       82, 96, 32, 164, 239, 9, 87, 19, 1, 80, 120, 204, 72, 114, 24,
       178, 217, 12, 255, 197, 1, 85, 224, 43, 78, 2, 90, 88, 175, 180,
       34, 100, 61, 18, 168, 222, 198, 165, 253, 183, 35, 91, 38, 117,
       253, 206, 64, 197, 178, 232, 211, 227, 250, 136, 38, 245, 37, 123,
       163, 181, 97, 75, 125, 13, 203, 189, 91, 93, 124, 92, 176, 113,
       156, 52, 216, 10, 19, 108, 243, 58, 249, 191, 47, 60, 164, 254,
       95, 142, 210, 253, 69, 86, 121, 231, 36, 46, 107, 56, 96, 234,
       127, 228, 215, 55, 153, 123, 54, 196, 60, 238, 169, 144, 237, 8,
       196, 169, 227, 132, 44, 243, 83, 49, 92, 231, 140, 37, 172, 14,
       70, 170, 114, 190, 170, 9, 195, 97, 219, 154, 145, 196, 108, 124,
       124, 97, 201, 2, 248, 247, 101, 53, 192, 241, 218, 0, 80, 0, 158,
       172, 40, 11, 88, 105, 60, 160, 242, 9, 207, 35, 0, 203, 210, 149,
       110, 32, 8, 227, 67, 204, 144, 247, 123, 21, 16, 40, 41, 10, 74,
       16, 188, 241, 37, 204, 120, 19, 61, 25, 83, 113, 159, 31, 0, 120,
       230, 157, 253, 145, 2, 156, 209, 193, 199, 241, 250, 195, 4, 0, 5,
       43, 244, 120, 253, 228, 60, 79, 87, 152, 7, 162, 182, 40, 83, 23,
       197, 58, 94, 212, 125, 250, 105, 229, 89, 10, 243, 143, 165, 52,
       253, 251, 80, 50, 5, 12, 251, 93, 182, 234, 99, 19, 127, 195, 106,
       16, 182, 245, 133, 120, 243, 126, 34, 24, 51, 248, 97, 42, 141,
       190, 16, 0, 224, 225, 100, 105, 120, 235, 98, 106, 57, 221, 83,
       80, 227, 13, 188, 9, 43, 137, 146, 148, 136, 160, 196, 68, 142,
       43, 32, 177, 242, 221, 0, 59, 99, 142, 78, 79, 75, 88, 123, 233,
       110, 20, 249, 18, 109, 72, 118, 163, 157, 31, 150, 108, 134, 17,
       95, 207, 192, 180, 117, 192, 71, 249, 170, 130, 39, 132, 83, 247,
       162, 162, 234, 218, 109, 177, 184, 69, 155, 87, 213, 187, 104,
       204, 254, 142, 235, 171, 195, 151, 54, 103, 174, 243, 30, 95, 152,
       235, 223, 78, 254, 222, 80, 233, 155, 202, 75, 205, 70, 197, 170,
       25, 140, 10, 54, 215, 96, 112, 160, 251, 123, 216, 10, 11, 154,
       113, 249, 133, 12, 121, 48, 3, 166, 42, 1, 132, 79, 25, 180, 143,
       104, 183, 118, 123, 66, 84, 211, 161, 188, 97, 117, 14, 54, 29,
       187, 220, 29, 87, 108, 62, 183, 196, 156, 128, 208, 24, 129, 176,
       31, 217, 180, 173, 56, 215, 94, 121, 82, 86, 188, 146, 232, 104,
       183, 11, 50, 28, 183, 220, 58, 215, 205, 158, 62, 228, 152, 136,
       129, 157, 73, 61, 26, 245, 49, 141, 84, 55, 237, 169, 234, 24,
