%YAML:1.0
---
descriptors: !!opencv-matrix
   rows: 156
   cols: 32
   dt: u
   data: [ 67, 191, 91, 229, 242, 186, 62, 55, 60, 72, 122, 228, 157, 46,
       132, 240, 38, 127, 94, 172, 213, 152, 133, 78, 166, 253, 43, 192,
       12, 208, 139, 153, 89, 13, 199, 213, 86, 10, 111, 51, 117, 130,
       110, 2, 113, 51, 177, 100, 122, 238, 50, 238, 249, 248, 37, 238,
       102, 174, 198, 0, 39, 240, 112, 40, 6, 173, 17, 186, 252, 193,
       178, 239, 142, 29, 152, 107, 164, 223, 104, 0, 217, 27, 67, 81,
       18, 11, 74, 247, 61, 20, 159, 127, 144, 10, 133, 139, 246, 72, 87,
       254, 12, 2, 78, 32, 185, 18, 179, 26, 123, 107, 5, 91, 106, 229,
       125, 226, 104, 199, 201, 232, 211, 250, 194, 16, 37, 177, 114, 2,
       56, 220, 57, 127, 48, 207, 83, 182, 22, 9, 238, 0, 243, 87, 32,
       112, 85, 178, 29, 72, 235, 136, 97, 63, 227, 175, 48, 144, 16,
       136, 100, 107, 132, 94, 126, 39, 34, 107, 187, 24, 60, 238, 95,
       235, 213, 119, 131, 41, 54, 125, 127, 99, 160, 212, 173, 78, 68,
       3, 107, 129, 101, 243, 15, 241, 245, 241, 149, 236, 169, 13, 94,
       253, 187, 186, 176, 72, 223, 251, 104, 51, 223, 217, 127, 99, 107,
       99, 218, 177, 185, 216, 103, 62, 88, 120, 195, 147, 162, 140, 215,
       254, 252, 171, 222, 239, 223, 130, 112, 88, 238, 249, 36, 65, 211,
       123, 111, 34, 48, 111, 74, 255, 168, 190, 87, 26, 212, 248, 193,
       137, 243, 221, 233, 246, 214, 38, 158, 247, 16, 162, 154, 250,
       125, 127, 148, 33, 127, 247, 245, 163, 249, 239, 197, 239, 56, 46,
       237, 154, 109, 253, 178, 57, 243, 196, 237, 238, 220, 38, 143,
       191, 16, 163, 152, 218, 121, 63, 28, 32, 93, 215, 91, 173, 249,
       47, 81, 239, 57, 46, 158, 184, 77, 248, 242, 56, 182, 36, 229,
       255, 157, 39, 72, 152, 83, 179, 241, 90, 83, 121, 93, 26, 217,
       204, 117, 187, 186, 118, 219, 186, 11, 218, 197, 116, 255, 233,
       80, 0, 122, 189, 16, 176, 57, 253, 80, 235, 171, 61, 168, 9, 174,
       159, 66, 147, 167, 147, 221, 17, 94, 75, 210, 245, 155, 209, 27,
       127, 18, 4, 15, 27, 62, 64, 90, 232, 71, 89, 249, 72, 45, 4, 180,
       10, 11, 11, 55, 156, 122, 153, 223, 225, 8, 35, 112, 216, 147,
       217, 139, 189, 119, 173, 126, 224, 151, 117, 114, 22, 83, 219,
       178, 224, 253, 192, 114, 58, 110, 216, 47, 165, 190, 235, 210,
       115, 231, 247, 28, 255, 58, 72, 5, 11, 111, 55, 43, 135, 122, 56,
       172, 53, 143, 253, 144, 7, 153, 255, 150, 191, 42, 188, 86, 10,
       237, 183, 253, 129, 188, 239, 243, 130, 83, 119, 216, 179, 231,
       76, 222, 95, 203, 249, 125, 255, 110, 148, 127, 56, 227, 216, 21,
       226, 253, 95, 155, 35, 38, 113, 253, 238, 197, 64, 254, 221, 103,
       251, 235, 160, 38, 166, 81, 241, 245, 13, 69, 77, 221, 31, 70,
       180, 85, 224, 230, 72, 83, 113, 149, 245, 88, 228, 42, 110, 249,
       186, 113, 46, 63, 235, 197, 16, 123, 187, 216, 44, 77, 112, 24,
       97, 53, 14, 114, 24, 104, 72, 47, 76, 222, 81, 9, 176, 144, 4, 76,
       110, 195, 176, 209, 13, 199, 249, 33, 20, 74, 35, 75, 3, 122, 233,
       114, 72, 245, 221, 94, 198, 235, 12, 252, 9, 42, 157, 119, 180,
       248, 250, 199, 80, 206, 59, 176, 249, 51, 221, 4, 59, 99, 158,
       110, 222, 38, 189, 17, 186, 248, 137, 162, 239, 142, 33, 120, 107,
       164, 219, 104, 128, 217, 187, 3, 81, 19, 42, 74, 245, 189, 148,
       15, 110, 152, 10, 129, 139, 39, 123, 250, 14, 102, 143, 254, 66,
       233, 200, 249, 111, 56, 220, 183, 48, 190, 249, 87, 67, 196, 163,
       174, 104, 115, 60, 39, 138, 77, 179, 103, 215, 15, 181, 112, 195,
       253, 61, 240, 217, 79, 125, 61, 27, 206, 92, 94, 44, 191, 139,
       223, 61, 150, 112, 251, 212, 95, 216, 19, 127, 214, 143, 209, 199,
       195, 170, 254, 26, 203, 180, 184, 199, 251, 95, 180, 21, 40, 234,
       118, 222, 231, 35, 234, 148, 150, 111, 174, 243, 27, 127, 86, 251,
       211, 68, 235, 79, 46, 46, 237, 191, 174, 99, 223, 158, 22, 247,
       157, 187, 209, 109, 219, 11, 79, 214, 255, 247, 186, 67, 239, 176,
       206, 71, 253, 189, 245, 255, 148, 240, 202, 17, 117, 237, 46, 148,
       121, 56, 169, 200, 86, 162, 249, 223, 149, 39, 54, 53, 253, 238,
       192, 68, 166, 221, 71, 251, 233, 136, 55, 166, 65, 113, 1, 63,
       239, 65, 212, 187, 225, 87, 84, 160, 94, 66, 177, 57, 213, 40, 41,
       42, 18, 153, 161, 184, 53, 110, 111, 15, 182, 64, 237, 216, 81,
       168, 196, 172, 133, 147, 214, 168, 46, 174, 186, 147, 8, 82, 252,
       226, 72, 66, 113, 235, 42, 152, 50, 88, 138, 243, 172, 6, 159,
       108, 160, 112, 161, 136, 172, 226, 212, 119, 237, 15, 70, 152, 83,
       186, 177, 89, 195, 105, 73, 139, 217, 196, 108, 122, 108, 102,
       219, 176, 79, 219, 85, 60, 243, 249, 88, 130, 198, 172, 216, 190,
       252, 161, 174, 142, 154, 179, 24, 218, 253, 234, 88, 2, 179, 111,
       123, 145, 50, 73, 142, 243, 172, 22, 159, 236, 148, 112, 147, 136,
       106, 50, 126, 200, 109, 217, 249, 83, 233, 93, 244, 173, 140, 157,
       150, 62, 238, 149, 247, 20, 133, 62, 246, 208, 87, 121, 82, 251,
       87, 140, 111, 255, 61, 5, 21, 39, 53, 79, 66, 56, 101, 232, 187,
       72, 223, 49, 25, 240, 144, 132, 92, 110, 173, 161, 121, 14, 163,
       255, 33, 16, 106, 171, 66, 97, 29, 243, 151, 242, 179, 150, 59,
       113, 172, 200, 83, 102, 92, 210, 224, 225, 244, 125, 189, 210,
       209, 209, 170, 204, 185, 169, 47, 202, 138, 38, 161, 35, 9, 25,
       119, 77, 48, 142, 235, 54, 109, 8, 126, 100, 188, 51, 132, 244,
       166, 118, 118, 72, 129, 184, 49, 109, 103, 190, 34, 128, 74, 128,
       65, 169, 202, 191, 151, 248, 184, 164, 57, 223, 159, 187, 16, 116,
       156, 183, 224, 203, 167, 31, 127, 16, 179, 75, 130, 208, 216, 152,
       127, 238, 152, 192, 161, 177, 50, 41, 82, 220, 77, 153, 248, 66,
       109, 0, 240, 11, 46, 152, 20, 148, 170, 169, 87, 65, 14, 186, 194,
       249, 151, 120, 16, 59, 87, 12, 74, 142, 23, 23, 111, 165, 50, 46,
       254, 57, 61, 226, 91, 231, 93, 46, 159, 228, 54, 197, 53, 239,
       165, 208, 37, 206, 182, 126, 235, 132, 173, 247, 43, 85, 123, 124,
       254, 68, 43, 92, 87, 242, 225, 238, 174, 45, 42, 188, 135, 55,
       166, 228, 252, 70, 205, 107, 182, 232, 115, 121, 69, 155, 99, 245,
       110, 127, 127, 75, 108, 135, 22, 26, 79, 184, 0, 228, 158, 239,
       91, 96, 159, 212, 118, 196, 189, 239, 205, 144, 237, 172, 246,
       109, 165, 148, 47, 191, 88, 85, 112, 37, 121, 101, 52, 78, 71, 61,
       96, 164, 254, 8, 211, 53, 137, 48, 26, 214, 68, 106, 120, 178,
       249, 14, 237, 173, 37, 20, 97, 242, 198, 224, 160, 253, 21, 168,
       156, 135, 134, 236, 158, 32, 168, 74, 180, 218, 32, 129, 216, 59,
       2, 115, 99, 43, 88, 189, 168, 144, 15, 126, 24, 10, 129, 136, 2,
       136, 151, 220, 252, 11, 152, 235, 159, 19, 240, 88, 236, 234, 36,
       73, 215, 127, 110, 0, 32, 235, 75, 221, 152, 186, 95, 122, 212,
       40, 33, 137, 242, 96, 245, 229, 103, 74, 248, 0, 105, 162, 178,
       155, 143, 11, 85, 27, 170, 149, 125, 145, 8, 244, 149, 192, 151,
       248, 218, 135, 101, 160, 71, 134, 233, 46, 148, 180, 184, 175, 92,
       63, 187, 171, 184, 92, 191, 51, 64, 146, 135, 231, 124, 28, 57,
       111, 211, 158, 184, 223, 119, 186, 136, 200, 139, 9, 92, 177, 185,
       97, 161, 95, 99, 144, 99, 253, 191, 24, 91, 53, 200, 180, 57, 212,
       253, 120, 25, 112, 169, 16, 255, 221, 37, 116, 195, 131, 198, 115,
       220, 99, 204, 37, 136, 10, 111, 56, 160, 182, 166, 205, 211, 1, 1,
       27, 34, 196, 108, 110, 104, 229, 205, 8, 228, 225, 101, 20, 96,
       243, 74, 8, 40, 187, 152, 91, 185, 253, 82, 215, 103, 25, 236, 40,
       174, 51, 192, 180, 137, 26, 194, 24, 30, 58, 75, 49, 143, 213, 20,
       123, 210, 10, 206, 143, 242, 74, 199, 190, 12, 10, 101, 224, 249,
       150, 178, 94, 66, 106, 53, 223, 104, 229, 108, 227, 104, 103, 143,
       232, 177, 162, 206, 16, 37, 56, 113, 44, 77, 79, 123, 103, 52, 10,
       111, 176, 97, 200, 126, 236, 243, 97, 145, 115, 18, 228, 108, 110,
       201, 176, 237, 44, 230, 249, 37, 128, 108, 187, 194, 40, 241, 85,
