%YAML:1.0
---
descriptors: !!opencv-matrix
   rows: 161
   cols: 32
   dt: u
   data: [ 67, 127, 123, 229, 50, 158, 62, 50, 45, 72, 122, 228, 189,
       159, 133, 240, 166, 61, 95, 204, 193, 152, 181, 238, 166, 253, 42,
       130, 12, 128, 35, 189, 254, 72, 246, 230, 77, 86, 95, 176, 49,
       166, 166, 10, 75, 55, 7, 255, 114, 244, 253, 234, 104, 199, 249,
       234, 211, 235, 199, 29, 35, 183, 126, 34, 7, 161, 112, 195, 253,
       121, 240, 9, 127, 113, 189, 25, 206, 93, 94, 172, 187, 27, 255,
       49, 150, 120, 255, 214, 15, 92, 21, 127, 214, 142, 213, 198, 57,
       93, 59, 238, 29, 215, 86, 48, 196, 200, 239, 68, 254, 253, 33,
       224, 212, 114, 28, 106, 201, 163, 120, 63, 227, 255, 37, 24, 122,
       59, 112, 43, 252, 245, 21, 238, 253, 79, 94, 252, 59, 186, 176,
       73, 223, 255, 8, 51, 223, 223, 93, 98, 107, 99, 91, 189, 249, 219,
       101, 190, 88, 122, 198, 27, 198, 172, 216, 190, 254, 160, 190,
       175, 186, 147, 24, 154, 236, 234, 92, 66, 183, 107, 123, 147, 50,
       76, 142, 243, 172, 22, 223, 236, 148, 96, 129, 0, 166, 140, 215,
       254, 252, 171, 222, 239, 223, 131, 241, 88, 238, 233, 52, 73, 211,
       107, 111, 34, 48, 111, 74, 191, 170, 254, 87, 26, 212, 248, 209,
       141, 194, 173, 245, 220, 174, 163, 156, 175, 222, 179, 18, 210,
       236, 238, 84, 11, 135, 119, 123, 149, 176, 109, 143, 247, 40, 30,
       223, 250, 133, 240, 129, 137, 249, 226, 229, 255, 108, 7, 78, 185,
       87, 186, 241, 82, 115, 105, 88, 195, 89, 196, 117, 235, 232, 102,
       203, 191, 111, 251, 197, 60, 119, 185, 80, 128, 58, 190, 174, 62,
       219, 255, 148, 255, 23, 127, 244, 63, 106, 255, 110, 29, 253, 251,
       231, 148, 190, 251, 251, 179, 123, 247, 117, 191, 219, 76, 230,
       219, 246, 100, 243, 229, 39, 42, 248, 8, 105, 130, 186, 139, 111,
       127, 93, 58, 190, 221, 125, 187, 172, 246, 197, 202, 151, 248,
       203, 135, 231, 245, 99, 134, 139, 251, 108, 255, 110, 219, 127,
       184, 227, 244, 21, 167, 249, 95, 155, 35, 38, 113, 253, 239, 230,
       64, 239, 189, 103, 235, 233, 161, 55, 166, 85, 241, 202, 170, 238,
       22, 173, 248, 252, 135, 251, 87, 38, 149, 170, 168, 246, 222, 163,
       98, 232, 28, 182, 109, 166, 227, 14, 127, 86, 75, 198, 196, 239,
       78, 122, 180, 177, 244, 127, 84, 152, 255, 27, 123, 180, 59, 124,
       61, 28, 55, 157, 215, 223, 161, 179, 111, 249, 207, 91, 95, 95,
       254, 207, 12, 183, 127, 69, 81, 30, 65, 178, 14, 115, 152, 108,
       168, 110, 68, 222, 18, 141, 112, 182, 85, 124, 122, 145, 176, 57,
       76, 239, 189, 35, 70, 200, 51, 67, 3, 17, 77, 222, 213, 20, 142,
       111, 54, 124, 128, 126, 2, 253, 35, 176, 116, 114, 108, 62, 238,
       192, 184, 5, 238, 228, 238, 230, 0, 39, 242, 97, 168, 109, 49, 23,
       101, 108, 95, 98, 120, 105, 232, 121, 72, 223, 82, 8, 240, 148, 4,
       86, 110, 197, 50, 249, 12, 7, 253, 33, 4, 66, 170, 66, 193, 34,
       253, 17, 186, 223, 129, 182, 206, 158, 1, 120, 75, 164, 218, 104,
       0, 217, 123, 3, 81, 83, 26, 74, 245, 189, 148, 15, 110, 24, 27,
       129, 139, 178, 190, 167, 188, 234, 175, 176, 231, 191, 123, 240,
       249, 62, 191, 36, 25, 237, 255, 255, 17, 186, 219, 194, 253, 153,
       82, 95, 250, 193, 76, 166, 251, 196, 236, 133, 147, 212, 168, 38,
       135, 190, 147, 74, 82, 228, 226, 73, 74, 113, 234, 42, 154, 114,
       92, 139, 227, 188, 38, 159, 68, 128, 112, 161, 136, 14, 178, 163,
       249, 61, 215, 184, 217, 30, 73, 80, 231, 236, 222, 60, 232, 255,
       57, 151, 149, 151, 146, 123, 209, 31, 126, 187, 206, 150, 12, 53,
       247, 242, 75, 103, 142, 15, 2, 70, 228, 241, 150, 178, 27, 99, 40,
       53, 83, 104, 228, 108, 231, 108, 231, 197, 236, 177, 162, 198, 19,
       37, 56, 116, 14, 50, 40, 80, 154, 79, 137, 248, 70, 175, 49, 240,
       11, 46, 136, 84, 20, 170, 171, 123, 129, 14, 59, 194, 241, 151,
       88, 26, 59, 71, 12, 83, 142, 115, 176, 181, 216, 125, 119, 152,
       95, 27, 121, 181, 59, 92, 29, 220, 60, 223, 151, 245, 17, 151,
       107, 249, 213, 91, 122, 89, 246, 215, 12, 195, 119, 77, 33, 155,
       231, 242, 46, 104, 17, 58, 179, 107, 80, 221, 115, 73, 250, 183,
       95, 124, 56, 51, 208, 153, 66, 207, 239, 119, 68, 168, 227, 139,
       161, 248, 89, 86, 236, 13, 86, 86, 236, 177, 174, 230, 11, 107,
       55, 35, 215, 248, 244, 237, 226, 108, 71, 179, 172, 243, 243, 198,
       27, 35, 63, 124, 10, 13, 111, 86, 71, 178, 26, 110, 184, 118, 168,
       107, 228, 209, 227, 153, 244, 54, 108, 110, 238, 193, 208, 205,
       46, 46, 174, 101, 128, 46, 179, 72, 129, 9, 75, 86, 69, 52, 155,
       238, 118, 109, 12, 126, 96, 171, 33, 150, 180, 42, 38, 110, 108,
       132, 184, 37, 79, 38, 255, 34, 0, 75, 128, 75, 141, 77, 50, 157,
       145, 237, 60, 233, 17, 170, 253, 182, 76, 156, 166, 211, 159, 173,
       165, 110, 157, 131, 97, 179, 192, 205, 153, 255, 40, 202, 228, 11,
       241, 36, 106, 154, 242, 205, 45, 112, 200, 219, 187, 161, 24, 6,
       217, 109, 26, 137, 216, 99, 18, 10, 103, 202, 176, 95, 153, 81,
       127, 209, 121, 70, 130, 252, 89, 126, 110, 9, 86, 87, 112, 225,
       134, 167, 8, 123, 255, 35, 115, 104, 244, 253, 234, 104, 99, 186,
       44, 243, 235, 69, 25, 99, 178, 102, 34, 141, 178, 229, 145, 236,
       221, 121, 155, 127, 127, 53, 252, 141, 167, 202, 47, 39, 14, 238,
       28, 183, 92, 255, 211, 206, 87, 119, 229, 158, 204, 133, 245, 116,
       231, 92, 101, 154, 75, 7, 232, 32, 164, 170, 170, 83, 97, 1, 18,
       58, 212, 108, 98, 72, 179, 205, 12, 249, 161, 37, 53, 97, 122, 6,
       34, 77, 11, 145, 101, 180, 62, 103, 187, 122, 201, 122, 76, 247,
       96, 153, 240, 146, 70, 108, 108, 153, 240, 239, 39, 164, 255, 101,
       4, 200, 227, 195, 33, 122, 233, 114, 76, 125, 221, 82, 230, 235,
       9, 252, 9, 42, 251, 38, 148, 232, 170, 199, 72, 78, 43, 210, 253,
       179, 252, 4, 59, 67, 142, 78, 14, 89, 187, 57, 101, 176, 206, 65,
       31, 100, 205, 238, 68, 183, 23, 0, 112, 20, 62, 92, 120, 155, 136,
       241, 12, 233, 173, 36, 208, 104, 128, 199, 113, 80, 207, 158, 253,
       20, 138, 102, 39, 244, 5, 238, 0, 163, 161, 48, 80, 104, 234, 42,
       200, 72, 170, 67, 111, 226, 239, 214, 9, 81, 128, 232, 8, 132,
       237, 21, 187, 217, 141, 166, 236, 158, 17, 168, 74, 180, 210, 40,
       133, 220, 91, 2, 81, 115, 11, 90, 253, 173, 144, 15, 126, 24, 26,
       129, 136, 93, 99, 83, 69, 54, 30, 98, 16, 105, 232, 51, 108, 94,
       24, 149, 180, 50, 140, 76, 110, 197, 176, 133, 76, 54, 60, 33, 6,
       107, 166, 75, 5, 133, 164, 221, 241, 236, 41, 233, 91, 254, 179,
       51, 218, 157, 171, 216, 43, 43, 15, 110, 24, 51, 124, 207, 210,
       204, 155, 127, 100, 204, 201, 131, 160, 40, 171, 184, 27, 217,
       217, 87, 165, 239, 93, 108, 8, 162, 248, 6, 16, 200, 234, 194, 80,
       30, 42, 106, 61, 111, 221, 4, 123, 210, 6, 206, 198, 248, 88, 249,
       109, 42, 74, 71, 56, 112, 170, 230, 104, 115, 55, 129, 123, 114,
       212, 124, 106, 105, 212, 237, 43, 247, 235, 97, 20, 32, 243, 70,
       41, 178, 32, 245, 225, 71, 74, 232, 65, 105, 176, 179, 26, 15, 11,
       85, 27, 170, 149, 93, 177, 8, 246, 209, 192, 159, 216, 155, 39,
       101, 160, 67, 6, 107, 48, 133, 164, 109, 28, 233, 16, 171, 252,
       180, 76, 158, 134, 87, 190, 140, 133, 252, 28, 139, 99, 242, 192,
       149, 217, 203, 56, 74, 164, 75, 244, 162, 184, 151, 188, 106, 131,
       184, 99, 191, 177, 242, 249, 44, 191, 36, 25, 239, 187, 255, 129,
       58, 219, 66, 253, 156, 18, 94, 234, 212, 12, 35, 185, 203, 83,
       126, 109, 42, 30, 93, 52, 173, 110, 86, 173, 157, 191, 151, 127,
       134, 21, 253, 111, 196, 133, 165, 128, 66, 249, 104, 155, 54, 181,
       5, 123, 244, 72, 207, 190, 78, 8, 109, 168, 185, 146, 178, 90,
       123, 99, 1, 91, 107, 229, 110, 234, 104, 103, 207, 234, 212, 170,
       251, 24, 37, 121, 114, 32, 2, 200, 151, 252, 62, 139, 184, 206,
       223, 179, 242, 120, 238, 250, 36, 77, 223, 117, 110, 17, 32, 239,
       11, 221, 152, 186, 95, 82, 212, 40, 33, 137, 236, 163, 36, 65,
