%YAML:1.0
---
descriptors: !!opencv-matrix
   rows: 56
   cols: 32
   dt: u
   data: [ 198, 169, 148, 182, 253, 136, 238, 168, 187, 144, 17, 11, 237,
       234, 92, 199, 163, 107, 121, 211, 102, 72, 138, 243, 173, 210,
       207, 239, 134, 39, 27, 134, 165, 167, 193, 142, 220, 1, 198, 248,
       194, 162, 185, 238, 81, 96, 249, 2, 89, 194, 74, 238, 121, 103,
       78, 190, 56, 134, 175, 60, 221, 250, 114, 160, 204, 172, 188, 122,
       171, 253, 20, 142, 155, 31, 165, 25, 238, 249, 71, 27, 129, 115,
       233, 18, 34, 111, 202, 51, 203, 211, 85, 123, 210, 85, 143, 11,
       244, 82, 30, 174, 40, 2, 86, 120, 160, 142, 199, 168, 83, 211,
       169, 91, 214, 244, 108, 98, 108, 71, 138, 8, 242, 227, 231, 153,
       4, 187, 62, 3, 122, 144, 45, 123, 173, 245, 153, 159, 27, 125,
       181, 127, 10, 28, 94, 61, 205, 155, 245, 149, 159, 110, 251, 209,
       155, 89, 24, 247, 219, 12, 222, 87, 2, 153, 191, 165, 172, 192,
       181, 133, 142, 93, 154, 51, 180, 255, 98, 66, 194, 115, 123, 81,
       18, 9, 227, 97, 205, 53, 254, 211, 132, 10, 133, 251, 240, 72,
       215, 252, 46, 10, 124, 52, 169, 146, 178, 154, 127, 43, 21, 91,
       110, 245, 125, 234, 104, 199, 195, 234, 243, 251, 198, 16, 37,
       176, 96, 8, 172, 4, 150, 254, 191, 171, 154, 74, 159, 178, 241,
       25, 206, 235, 37, 203, 215, 119, 111, 51, 52, 103, 74, 254, 138,
       251, 83, 63, 212, 121, 41, 131, 85, 101, 25, 231, 48, 14, 111, 56,
       109, 172, 255, 8, 255, 83, 137, 116, 182, 213, 108, 106, 73, 176,
       233, 76, 165, 254, 39, 4, 0, 179, 7, 33, 193, 220, 159, 220, 108,
       108, 229, 166, 252, 82, 230, 16, 248, 183, 36, 123, 193, 116, 106,
       138, 97, 101, 243, 225, 85, 186, 82, 8, 80, 112, 97, 40, 209, 88,
       63, 116, 12, 78, 69, 180, 240, 250, 166, 24, 247, 113, 1, 123, 1,
       228, 124, 110, 105, 101, 251, 43, 241, 171, 117, 16, 104, 240, 66,
       40, 5, 160, 29, 161, 236, 105, 168, 155, 126, 113, 49, 88, 149,
       20, 200, 40, 131, 27, 82, 57, 19, 120, 75, 80, 12, 152, 63, 100,
       212, 136, 131, 161, 5, 162, 217, 241, 236, 169, 249, 27, 255, 51,
       51, 88, 157, 169, 220, 42, 171, 15, 126, 25, 147, 124, 203, 211,
       204, 158, 127, 116, 212, 200, 195, 161, 72, 152, 25, 123, 57, 141,
       16, 191, 15, 57, 40, 72, 190, 22, 64, 80, 133, 19, 238, 0, 2, 40,
       83, 55, 205, 215, 16, 122, 80, 8, 129, 27, 246, 64, 214, 204, 77,
       110, 222, 72, 169, 166, 243, 11, 78, 186, 39, 94, 248, 245, 239,
       227, 76, 231, 209, 200, 145, 186, 203, 27, 5, 127, 126, 6, 44, 48,
       185, 67, 213, 111, 67, 152, 123, 255, 45, 8, 210, 21, 77, 58, 145,
       92, 64, 122, 129, 112, 249, 0, 79, 221, 5, 116, 194, 123, 70, 114,
       38, 161, 80, 131, 237, 111, 184, 73, 63, 177, 185, 27, 204, 26,
       92, 8, 187, 159, 111, 49, 18, 115, 91, 212, 157, 16, 159, 119,
       149, 10, 135, 134, 101, 231, 132, 19, 141, 15, 70, 184, 234, 179,
       163, 92, 211, 96, 93, 191, 145, 70, 104, 126, 255, 97, 223, 48,
       173, 26, 69, 124, 200, 251, 218, 4, 112, 44, 222, 180, 236, 41,
       88, 74, 187, 179, 178, 25, 143, 170, 70, 90, 235, 239, 109, 17,
       60, 107, 203, 160, 156, 242, 215, 59, 192, 104, 66, 14, 134, 141,
       148, 151, 197, 126, 180, 175, 190, 247, 74, 17, 236, 111, 74, 75,
       161, 71, 163, 21, 54, 216, 155, 227, 47, 119, 95, 71, 130, 84,
       141, 206, 125, 117, 25, 237, 61, 15, 86, 254, 127, 168, 184, 72,
       223, 123, 1, 176, 220, 213, 92, 106, 233, 50, 81, 158, 251, 223,
       37, 54, 74, 248, 74, 3, 198, 236, 148, 151, 221, 136, 166, 168,
       190, 146, 129, 18, 236, 226, 76, 199, 241, 235, 106, 211, 102, 68,
       154, 255, 189, 22, 207, 107, 0, 51, 169, 6, 53, 230, 196, 191,
       204, 11, 198, 168, 83, 178, 177, 239, 99, 104, 221, 2, 89, 204,
       100, 114, 78, 114, 207, 155, 172, 158, 229, 60, 253, 251, 90, 132,
       11, 186, 17, 153, 252, 141, 169, 255, 30, 121, 80, 212, 189, 130,
       248, 196, 199, 11, 50, 28, 147, 24, 83, 247, 12, 158, 62, 232, 24,
       136, 129, 185, 5, 167, 217, 225, 252, 169, 249, 91, 111, 49, 185,
       88, 159, 169, 220, 40, 191, 11, 94, 25, 147, 56, 201, 211, 204,
       156, 63, 252, 220, 202, 193, 161, 92, 36, 191, 112, 169, 108, 81,
       7, 163, 191, 167, 57, 159, 183, 64, 26, 167, 151, 237, 16, 26, 79,
       162, 0, 219, 195, 125, 127, 160, 64, 166, 99, 125, 71, 64, 69, 52,
       26, 78, 186, 117, 232, 126, 228, 83, 96, 159, 244, 54, 204, 44,
       110, 205, 176, 101, 14, 166, 238, 37, 132, 111, 242, 88, 5, 245,
       124, 137, 101, 13, 111, 98, 72, 98, 162, 167, 26, 82, 17, 81, 114,
       184, 196, 104, 106, 41, 117, 217, 10, 211, 237, 129, 20, 105, 35,
       74, 34, 121, 61, 24, 101, 184, 143, 84, 55, 123, 168, 174, 8, 159,
       59, 0, 176, 132, 191, 92, 8, 105, 250, 209, 30, 239, 223, 52, 48,
       74, 200, 203, 11, 70, 224, 150, 156, 79, 139, 168, 232, 190, 146,
       192, 2, 236, 226, 105, 207, 179, 109, 106, 163, 98, 65, 138, 221,
       156, 6, 207, 47, 0, 32, 43, 134, 102, 227, 196, 143, 220, 11, 194,
       168, 67, 176, 177, 239, 194, 104, 221, 134, 217, 196, 110, 119,
       78, 98, 203, 145, 14, 30, 197, 124, 221, 187, 82, 132, 66, 237,
       148, 151, 201, 140, 52, 174, 190, 179, 10, 17, 236, 242, 68, 203,
       129, 119, 233, 81, 114, 88, 219, 115, 45, 54, 95, 71, 128, 112,
       133, 138, 50, 32, 214, 172, 107, 3, 152, 72, 175, 32, 240, 139,
       12, 142, 36, 146, 254, 157, 127, 33, 4, 131, 131, 192, 144, 240,
       75, 191, 20, 44, 35, 135, 88, 144, 28, 241, 45, 204, 120, 19, 62,
       57, 146, 80, 191, 27, 0, 73, 228, 181, 253, 129, 10, 92, 211, 213,
       199, 243, 250, 211, 168, 0, 5, 11, 125, 99, 123, 101, 52, 31, 67,
       56, 97, 236, 255, 8, 219, 65, 153, 52, 218, 204, 76, 106, 201,
       178, 109, 12, 167, 253, 33, 20, 98, 171, 66, 33, 114, 96, 112,
       237, 111, 74, 248, 8, 233, 4, 242, 3, 143, 138, 20, 86, 238, 157,
       183, 227, 204, 162, 135, 208, 151, 248, 138, 139, 103, 143, 117,
       7, 116, 165, 206, 62, 158, 3, 70, 232, 82, 162, 194, 136, 115,
       225, 25, 145, 19, 238, 32, 110, 120, 195, 143, 63, 184, 166, 69,
       84, 229, 226, 82, 0, 74, 144, 23, 186, 57, 236, 56, 3, 191, 27,
       83, 48, 172, 159, 40, 200, 135, 51, 253, 17, 51, 77, 146, 247,
       141, 247, 26, 203, 128, 0, 133, 59, 18, 34, 214, 173, 42, 11, 184,
       67, 44, 33, 210, 234, 141, 14, 0, 202, 110, 29, 127, 129, 0, 155,
       69, 192, 148, 224, 122, 146, 4, 8, 41, 129, 73, 146, 156, 181, 58,
       142, 56, 35, 60, 57, 130, 112, 191, 50, 128, 203, 230, 53, 108, 0,
       52, 220, 193, 197, 140, 247, 122, 82, 136, 0, 9, 11, 118, 227,
       192, 103, 61, 11, 194, 200, 79, 168, 185, 201, 195, 200, 93, 150,
       216, 205, 236, 118, 78, 35, 203, 152, 154, 220, 133, 127, 71, 47,
       90, 4, 16, 34, 134, 157, 30, 19, 160, 104, 190, 160, 194, 226,
       204, 226, 161, 207, 115, 45, 234, 160, 36, 193, 135, 221, 152, 38,
       219, 7, 8, 36, 41, 140, 73, 61, 26, 245, 177, 205, 84, 55, 253,
       169, 42, 24, 190, 179, 0, 240, 128, 55, 108, 0, 105, 248, 208, 30,
       231, 255, 20, 50, 74, 64, 139, 11, 88, 173, 152, 181, 184, 169,
       105, 19, 174, 165, 190, 8, 183, 163, 66, 80, 227, 175, 108, 24,
       26, 152, 195, 0, 236, 245, 63, 112, 128, 64, 131, 33, 120, 33, 16,
       161, 155, 9, 80, 34, 33, 33, 162, 9, 15, 3, 64, 210, 160, 133,
       232, 16, 28, 26, 193, 4, 219, 193, 0, 117, 160, 0, 78, 2, 225, 42,
       149, 16, 40, 169, 64, 2, 235, 178, 162, 120, 182, 130, 193, 27,
       137, 164, 108, 28, 8, 103, 194, 80, 152, 144, 113, 56, 192, 9, 66,
       0, 240, 72, 223, 253, 46, 8, 237, 164, 185, 18, 178, 90, 255, 107,
       21, 91, 107, 229, 127, 170, 96, 103, 195, 227, 212, 186, 250, 24,
       37, 248, 113, 8, 30, 16, 115, 225, 102, 93, 249, 80, 45, 68, 55,
       131, 29, 31, 157, 36, 174, 145, 151, 237, 137, 176, 53, 192, 215,
       217, 138, 194, 103, 134, 103, 241, 82, 149, 23, 186, 155, 224, 49,
       103, 191, 21, 201, 51, 172, 247, 40, 68, 227, 59, 251, 128, 50, 9,
