%YAML:1.0
---
descriptors: !!opencv-matrix
   rows: 67
   cols: 32
   dt: u
   data: [ 118, 199, 197, 246, 244, 2, 206, 168, 19, 162, 179, 202, 83,
       104, 156, 1, 91, 197, 117, 239, 40, 227, 77, 223, 56, 46, 237,
       148, 237, 250, 114, 0, 214, 173, 150, 151, 149, 128, 166, 134, 59,
       19, 139, 19, 164, 226, 76, 78, 225, 207, 42, 211, 118, 216, 203,
       227, 189, 54, 222, 67, 128, 85, 189, 14, 127, 85, 109, 71, 226,
       94, 111, 188, 97, 230, 103, 128, 91, 111, 159, 127, 54, 196, 125,
       238, 233, 240, 253, 108, 119, 43, 197, 132, 103, 243, 82, 112, 2,
       142, 133, 153, 248, 161, 168, 191, 30, 27, 88, 245, 164, 167, 224,
       192, 79, 59, 43, 148, 51, 92, 66, 247, 44, 22, 190, 232, 156, 200,
       161, 185, 70, 236, 244, 222, 190, 129, 170, 168, 223, 176, 25,
       130, 236, 234, 93, 6, 183, 103, 123, 211, 194, 97, 142, 243, 44,
       30, 207, 254, 149, 115, 17, 4, 208, 249, 153, 234, 58, 205, 19,
       164, 174, 105, 138, 9, 181, 215, 72, 114, 166, 113, 125, 208, 67,
       13, 186, 51, 249, 133, 47, 121, 16, 2, 7, 59, 69, 33, 25, 199, 52,
       15, 103, 56, 109, 168, 119, 8, 223, 83, 133, 116, 146, 68, 76,
       106, 201, 176, 105, 76, 165, 184, 35, 48, 64, 179, 67, 37, 192,
       68, 222, 254, 125, 43, 158, 236, 159, 130, 240, 25, 206, 235, 45,
       91, 211, 117, 111, 35, 36, 231, 10, 223, 227, 242, 87, 31, 212,
       121, 9, 139, 249, 31, 94, 110, 42, 30, 95, 60, 225, 200, 174, 236,
       123, 103, 130, 243, 54, 230, 236, 110, 233, 195, 165, 45, 242,
       233, 100, 144, 107, 242, 106, 121, 16, 174, 169, 177, 178, 235,
       171, 159, 54, 101, 90, 243, 183, 37, 192, 0, 55, 27, 21, 17, 18,
       152, 65, 55, 237, 135, 63, 228, 244, 216, 135, 249, 129, 176, 189,
       243, 236, 173, 248, 159, 207, 59, 49, 120, 158, 217, 220, 43, 143,
       27, 127, 25, 179, 124, 75, 209, 207, 218, 127, 246, 220, 200, 129,
       163, 38, 161, 144, 131, 205, 109, 184, 203, 46, 53, 57, 27, 204,
       58, 76, 10, 187, 159, 235, 17, 22, 120, 219, 208, 29, 18, 95, 119,
       148, 14, 135, 134, 248, 72, 254, 254, 110, 10, 92, 180, 169, 178,
       182, 154, 123, 127, 5, 123, 110, 245, 125, 234, 104, 71, 203, 232,
       215, 251, 230, 152, 39, 241, 98, 41, 246, 64, 214, 140, 77, 126,
       222, 72, 185, 166, 243, 27, 78, 186, 39, 223, 248, 213, 239, 227,
       108, 231, 209, 202, 145, 186, 203, 27, 1, 127, 126, 6, 53, 9, 213,
       101, 3, 75, 107, 168, 111, 160, 106, 136, 223, 35, 1, 246, 50, 85,
       104, 106, 1, 176, 93, 8, 143, 255, 69, 20, 228, 179, 67, 160, 245,
       60, 33, 100, 157, 111, 71, 250, 82, 226, 168, 72, 115, 113, 89,
       177, 25, 198, 88, 122, 169, 103, 121, 62, 185, 142, 5, 60, 249,
       251, 82, 104, 253, 252, 49, 98, 157, 109, 71, 248, 194, 248, 172,
       8, 115, 241, 89, 182, 25, 210, 88, 122, 107, 39, 250, 50, 185,
       205, 5, 124, 211, 123, 82, 32, 70, 40, 217, 65, 224, 106, 232, 2,
       107, 243, 178, 88, 158, 62, 85, 186, 171, 245, 124, 57, 1, 116,
       212, 64, 157, 158, 69, 52, 197, 113, 75, 160, 76, 176, 157, 33,
       176, 111, 120, 25, 58, 185, 43, 24, 223, 87, 72, 26, 147, 29, 93,
       49, 18, 80, 217, 84, 205, 209, 63, 117, 192, 2, 135, 3, 74, 168,
       188, 122, 169, 253, 17, 175, 171, 63, 164, 25, 174, 255, 66, 27,
       129, 115, 233, 16, 18, 73, 218, 113, 219, 211, 85, 123, 210, 68,
       143, 10, 8, 177, 25, 59, 57, 205, 16, 175, 14, 57, 48, 25, 190,
       31, 72, 16, 133, 27, 238, 1, 18, 40, 91, 55, 205, 215, 48, 123,
       80, 8, 135, 43, 253, 71, 192, 71, 52, 30, 78, 184, 117, 234, 251,
       236, 83, 96, 157, 240, 22, 196, 108, 110, 237, 176, 77, 46, 174,
       239, 37, 148, 111, 243, 90, 5, 209, 216, 29, 116, 8, 78, 69, 188,
       224, 250, 166, 28, 215, 51, 1, 123, 1, 196, 124, 110, 105, 101,
       251, 41, 241, 171, 101, 20, 104, 176, 66, 56, 246, 72, 215, 252,
       110, 40, 124, 20, 169, 146, 178, 218, 255, 43, 5, 91, 231, 245,
       125, 202, 104, 71, 195, 192, 214, 250, 250, 152, 37, 241, 99, 41,
       104, 60, 59, 245, 245, 239, 113, 55, 57, 203, 254, 57, 191, 63, 0,
       48, 197, 191, 253, 0, 57, 248, 241, 142, 207, 255, 48, 194, 194,
       192, 6, 123, 216, 250, 191, 179, 58, 192, 187, 166, 142, 85, 138,
       179, 181, 223, 98, 66, 231, 115, 121, 81, 82, 13, 139, 51, 205,
       165, 47, 81, 4, 10, 37, 123, 125, 253, 28, 237, 189, 15, 86, 250,
       111, 168, 188, 72, 223, 121, 1, 48, 220, 221, 92, 106, 233, 34,
       81, 190, 251, 223, 37, 52, 74, 249, 74, 3, 198, 173, 132, 159,
       157, 136, 166, 232, 190, 146, 129, 3, 236, 226, 77, 199, 241, 235,
       234, 211, 102, 73, 139, 255, 189, 22, 207, 107, 128, 55, 41, 6,
       38, 32, 86, 172, 107, 3, 152, 104, 159, 160, 240, 137, 204, 222,
       44, 145, 222, 29, 255, 101, 68, 195, 67, 220, 146, 250, 79, 255,
       84, 44, 43, 135, 173, 252, 149, 115, 197, 31, 71, 189, 83, 242,
       36, 24, 210, 113, 89, 189, 153, 76, 80, 62, 235, 118, 249, 58,
       173, 222, 85, 116, 202, 120, 218, 32, 3, 162, 133, 153, 252, 141,
       168, 159, 30, 57, 80, 212, 189, 130, 248, 192, 199, 11, 58, 28,
       151, 88, 71, 247, 12, 22, 190, 236, 156, 136, 137, 153, 51, 151,
       200, 93, 150, 18, 78, 191, 118, 35, 218, 246, 113, 40, 156, 240,
       127, 198, 20, 173, 255, 250, 77, 63, 62, 46, 245, 196, 173, 192,
       250, 29, 109, 231, 148, 55, 157, 47, 70, 152, 251, 187, 171, 76,
       195, 96, 89, 154, 145, 70, 108, 126, 190, 97, 203, 34, 173, 254,
       101, 124, 200, 115, 202, 4, 69, 48, 152, 161, 176, 47, 121, 24,
       42, 185, 55, 92, 215, 19, 72, 26, 151, 157, 124, 50, 25, 212, 217,
       64, 205, 213, 47, 100, 168, 227, 131, 51, 5, 165, 153, 225, 252,
       169, 233, 159, 110, 49, 59, 88, 159, 163, 216, 32, 191, 11, 110,
       24, 19, 56, 203, 211, 204, 156, 63, 116, 220, 202, 129, 161, 152,
       58, 127, 119, 42, 202, 113, 48, 124, 181, 247, 176, 255, 23, 128,
       123, 102, 253, 236, 80, 56, 252, 235, 44, 221, 227, 112, 81, 96,
       129, 7, 35, 109, 52, 248, 243, 164, 46, 119, 156, 121, 115, 167,
       60, 223, 59, 9, 121, 151, 79, 93, 43, 251, 112, 217, 234, 230,
       255, 85, 54, 206, 241, 194, 32, 105, 61, 24, 101, 184, 143, 84,
       55, 123, 170, 174, 8, 159, 59, 0, 48, 134, 191, 92, 8, 104, 250,
       209, 30, 239, 223, 52, 48, 72, 200, 202, 11, 103, 227, 196, 143,
       92, 11, 194, 168, 15, 176, 177, 238, 194, 104, 205, 150, 89, 196,
       110, 118, 74, 99, 203, 145, 60, 26, 197, 118, 121, 59, 80, 4, 16,
       0, 158, 173, 42, 11, 152, 72, 174, 176, 242, 137, 207, 138, 33,
       202, 222, 21, 110, 33, 8, 227, 67, 220, 144, 247, 123, 23, 208,
       40, 41, 9, 64, 42, 187, 253, 234, 104, 177, 18, 254, 151, 102, 48,
       188, 183, 225, 106, 227, 127, 50, 24, 19, 92, 163, 226, 77, 190,
       90, 10, 128, 97, 37, 171, 3, 178, 145, 153, 252, 141, 168, 223,
       158, 121, 80, 84, 188, 130, 248, 172, 167, 11, 50, 29, 151, 88,
       27, 209, 12, 26, 62, 236, 152, 136, 137, 189, 203, 112, 123, 225,
       36, 21, 248, 16, 109, 104, 87, 199, 157, 31, 148, 96, 134, 157,
       223, 237, 133, 181, 181, 192, 198, 249, 170, 130, 47, 135, 115,
       213, 122, 178, 166, 154, 11, 245, 24, 68, 139, 93, 149, 63, 42,
       156, 102, 142, 236, 163, 213, 151, 158, 75, 186, 241, 211, 89,
       216, 251, 183, 15, 62, 223, 70, 165, 150, 31, 152, 131, 6, 168,
       150, 176, 67, 1, 224, 224, 77, 67, 145, 111, 104, 114, 98, 208,
       139, 61, 40, 182, 77, 110, 144, 34, 0, 6, 18, 174, 207, 29, 50,
       138, 32, 38, 54, 137, 82, 227, 103, 96, 128, 81, 55, 255, 39, 1,
       170, 216, 199, 63, 172, 38, 116, 128, 37, 128, 32, 13, 202, 144,
       22, 178, 49, 236, 56, 2, 191, 25, 83, 49, 172, 159, 32, 200, 135,
       51, 255, 17, 51, 77, 146, 245, 133, 247, 122, 195, 136, 0, 5, 27,
       253, 99, 121, 101, 116, 27, 67, 248, 113, 172, 244, 8, 83, 65,
       145, 48, 24, 220, 68, 106, 201, 178, 229, 14, 247, 237, 33, 52,
       97, 187, 86, 160, 18, 2, 86, 173, 10, 11, 184, 64, 44, 49, 211,
       203, 141, 14, 0, 200, 238, 29, 127, 129, 8, 155, 65, 192, 148,
