%YAML:1.0
---
descriptors: !!opencv-matrix
   rows: 81
   cols: 32
   dt: u
   data: [ 248, 217, 62, 124, 137, 86, 87, 253, 225, 150, 166, 8, 123,
       255, 34, 115, 232, 244, 253, 226, 104, 99, 178, 45, 243, 233, 197,
       25, 99, 50, 230, 122, 124, 225, 18, 234, 59, 205, 86, 224, 171,
       12, 249, 9, 79, 219, 107, 212, 242, 249, 205, 98, 78, 3, 154, 241,
       179, 252, 5, 63, 98, 55, 39, 67, 128, 203, 19, 187, 146, 137, 39,
       239, 190, 1, 72, 80, 180, 211, 32, 64, 98, 59, 10, 64, 99, 152,
       11, 127, 172, 160, 14, 64, 24, 16, 161, 168, 50, 180, 183, 186,
       233, 45, 156, 79, 31, 123, 241, 185, 110, 255, 108, 29, 223, 155,
       247, 21, 58, 75, 203, 211, 187, 94, 92, 254, 210, 76, 162, 223,
       200, 152, 149, 190, 9, 205, 21, 163, 143, 91, 160, 25, 190, 247,
       32, 90, 129, 115, 232, 0, 3, 13, 218, 51, 193, 246, 88, 59, 16, 8,
       5, 123, 61, 103, 196, 71, 176, 26, 78, 184, 118, 168, 123, 228,
       83, 96, 157, 240, 54, 76, 36, 110, 233, 240, 205, 46, 172, 175,
       37, 132, 109, 243, 88, 5, 246, 28, 237, 255, 138, 98, 159, 152,
       146, 247, 159, 178, 209, 119, 201, 107, 95, 215, 253, 178, 57, 71,
       255, 162, 76, 163, 255, 148, 189, 251, 164, 115, 130, 141, 150,
       252, 255, 171, 156, 239, 159, 147, 240, 24, 174, 234, 36, 205,
       199, 123, 110, 1, 48, 111, 2, 255, 152, 250, 87, 122, 212, 105,
       161, 141, 116, 230, 196, 227, 252, 11, 198, 168, 67, 187, 185,
       203, 195, 105, 93, 134, 217, 196, 100, 114, 94, 98, 203, 179, 46,
       222, 197, 126, 255, 251, 88, 128, 196, 164, 149, 151, 220, 168,
       172, 175, 190, 147, 1, 18, 236, 226, 72, 66, 115, 107, 42, 144,
       50, 84, 202, 211, 173, 22, 159, 108, 128, 96, 129, 128, 77, 52,
       151, 229, 240, 46, 120, 27, 58, 179, 107, 80, 221, 115, 73, 251,
       179, 95, 124, 56, 49, 208, 153, 66, 223, 239, 123, 4, 136, 227,
       35, 129, 240, 72, 223, 188, 78, 10, 109, 32, 249, 146, 178, 90,
       95, 34, 21, 91, 98, 229, 108, 234, 105, 199, 195, 234, 180, 170,
       207, 16, 37, 113, 99, 32, 4, 161, 16, 131, 221, 109, 176, 73, 30,
       49, 57, 26, 204, 120, 72, 8, 185, 155, 234, 177, 22, 114, 219,
       214, 29, 20, 31, 111, 144, 10, 141, 130, 105, 2, 118, 70, 109,
       216, 121, 16, 233, 93, 119, 173, 143, 15, 150, 191, 206, 165, 238,
       78, 132, 114, 227, 225, 86, 121, 114, 131, 66, 135, 79, 223, 93,
       96, 156, 165, 32, 42, 106, 24, 104, 162, 195, 64, 215, 99, 217,
       90, 118, 205, 124, 239, 8, 212, 205, 8, 196, 233, 107, 4, 172,
       243, 43, 0, 65, 230, 156, 37, 164, 46, 109, 191, 106, 187, 42, 92,
       215, 32, 216, 59, 135, 70, 124, 28, 208, 248, 213, 0, 236, 190,
       117, 20, 200, 240, 211, 8, 213, 88, 61, 118, 40, 78, 69, 176, 240,
       250, 166, 92, 215, 83, 1, 123, 36, 244, 124, 106, 233, 101, 187,
       41, 241, 171, 101, 16, 104, 176, 66, 49, 88, 168, 188, 112, 169,
       205, 21, 143, 187, 63, 164, 25, 175, 183, 74, 27, 129, 211, 237,
       16, 90, 77, 171, 49, 219, 211, 93, 127, 194, 80, 135, 107, 141,
       164, 221, 177, 236, 43, 233, 91, 126, 179, 49, 90, 157, 163, 216,
       43, 35, 14, 110, 28, 51, 124, 239, 210, 204, 151, 119, 100, 252,
       200, 195, 160, 118, 88, 214, 140, 77, 102, 118, 104, 169, 142,
       242, 11, 78, 254, 39, 223, 248, 245, 239, 99, 76, 103, 218, 200,
       149, 50, 203, 31, 1, 127, 110, 130, 4, 181, 18, 131, 221, 111,
       176, 201, 62, 61, 155, 26, 204, 216, 106, 12, 249, 157, 234, 50,
       50, 115, 25, 214, 29, 20, 11, 119, 193, 11, 141, 134, 120, 157,
       61, 127, 185, 207, 83, 183, 71, 13, 174, 0, 183, 119, 32, 116,
       193, 50, 93, 24, 186, 137, 121, 63, 235, 255, 52, 82, 178, 138,
       196, 107, 121, 253, 29, 237, 185, 15, 86, 255, 63, 170, 188, 76,
       159, 59, 1, 176, 157, 223, 92, 106, 233, 122, 81, 159, 227, 223,
       37, 52, 74, 248, 194, 163, 77, 111, 49, 239, 48, 14, 79, 184, 109,
       140, 255, 72, 255, 115, 129, 112, 144, 252, 108, 106, 73, 144,
       233, 44, 165, 255, 39, 16, 0, 179, 7, 33, 45, 65, 17, 101, 117,
       15, 103, 56, 109, 232, 123, 72, 223, 83, 25, 176, 148, 196, 78,
       110, 205, 176, 121, 12, 167, 221, 37, 52, 66, 187, 66, 101, 141,
       164, 93, 187, 236, 233, 41, 143, 30, 51, 17, 184, 221, 195, 200,
       105, 19, 11, 106, 24, 51, 92, 207, 211, 204, 147, 127, 124, 148,
       200, 129, 160, 181, 239, 111, 218, 254, 33, 79, 252, 214, 146,
       180, 210, 83, 227, 249, 127, 123, 202, 14, 254, 235, 103, 46, 62,
       248, 136, 231, 60, 181, 251, 240, 160, 124, 180, 253, 97, 147,
       111, 83, 59, 115, 167, 167, 24, 83, 53, 8, 57, 25, 150, 104, 56,
       57, 246, 121, 14, 219, 239, 21, 87, 227, 107, 198, 34, 190, 184,
       233, 90, 13, 253, 81, 139, 207, 117, 37, 157, 138, 220, 126, 191,
       137, 26, 133, 16, 159, 108, 254, 241, 139, 89, 80, 127, 210, 13,
       220, 86, 60, 40, 188, 243, 205, 47, 240, 200, 79, 179, 161, 26,
       30, 217, 105, 26, 169, 220, 99, 24, 26, 115, 218, 176, 223, 219,
       81, 127, 209, 107, 86, 162, 116, 111, 206, 37, 148, 138, 70, 230,
       228, 166, 238, 137, 99, 160, 19, 82, 120, 230, 232, 110, 76, 179,
       197, 42, 240, 231, 197, 17, 97, 251, 254, 10, 27, 93, 123, 228,
       82, 214, 191, 112, 45, 64, 90, 231, 61, 159, 164, 96, 182, 125,
       151, 231, 193, 153, 48, 238, 247, 237, 42, 130, 45, 147, 37, 121,
       73, 128, 141, 247, 116, 44, 105, 55, 125, 251, 103, 84, 177, 35,
       144, 123, 225, 174, 126, 140, 177, 220, 209, 108, 204, 191, 114,
       0, 136, 192, 217, 152, 195, 174, 148, 216, 236, 185, 169, 95, 255,
       187, 52, 244, 140, 162, 244, 239, 135, 43, 126, 156, 179, 77, 139,
       210, 140, 218, 127, 236, 158, 192, 169, 173, 249, 120, 30, 101,
       13, 111, 80, 216, 246, 240, 166, 12, 118, 145, 65, 59, 152, 196,
       120, 106, 41, 247, 153, 29, 217, 219, 65, 54, 72, 59, 90, 58, 3,
       190, 149, 209, 172, 181, 185, 151, 222, 255, 156, 116, 188, 178,
       230, 111, 231, 47, 126, 28, 151, 73, 227, 240, 141, 219, 127, 242,
       152, 64, 161, 173, 98, 184, 183, 250, 201, 236, 177, 215, 171, 91,
       144, 61, 188, 253, 100, 142, 207, 51, 255, 17, 147, 111, 146, 241,
       29, 58, 222, 250, 142, 76, 183, 251, 66, 184, 191, 152, 237, 224,
       189, 199, 171, 95, 176, 189, 44, 252, 118, 90, 227, 179, 251, 145,
       22, 111, 178, 241, 91, 18, 94, 123, 209, 68, 167, 94, 236, 106,
       186, 118, 77, 45, 213, 200, 211, 190, 180, 8, 2, 217, 101, 26,
       137, 112, 111, 90, 8, 103, 218, 34, 211, 217, 85, 59, 194, 121,
       70, 170, 80, 181, 145, 193, 146, 14, 47, 191, 62, 161, 10, 80,
       149, 51, 200, 116, 55, 223, 44, 184, 83, 216, 145, 102, 173, 166,
       63, 68, 168, 208, 161, 40, 197, 217, 29, 94, 40, 141, 39, 184,
       234, 152, 36, 104, 246, 115, 137, 115, 6, 118, 108, 106, 97, 65,
       251, 125, 229, 184, 103, 56, 88, 179, 3, 41, 253, 109, 21, 36,
       173, 15, 70, 190, 123, 186, 168, 76, 191, 113, 65, 179, 145, 196,
       108, 110, 237, 99, 211, 63, 187, 219, 69, 62, 90, 121, 66, 0, 118,
       227, 164, 227, 61, 31, 214, 184, 67, 188, 189, 13, 195, 105, 93,
       134, 217, 196, 236, 122, 206, 99, 201, 156, 170, 220, 133, 127,
       206, 191, 90, 6, 18, 176, 215, 129, 106, 139, 184, 74, 47, 49,
       210, 234, 140, 158, 68, 12, 238, 157, 255, 17, 2, 123, 67, 209,
       156, 16, 91, 246, 85, 12, 35, 161, 123, 0, 162, 228, 108, 28, 72,
       88, 161, 232, 183, 201, 139, 12, 214, 118, 204, 148, 253, 237,
       140, 35, 229, 192, 147, 249, 130, 157, 103, 174, 122, 84, 9, 75,
       99, 69, 52, 26, 235, 180, 109, 224, 126, 228, 251, 35, 149, 100,
       54, 108, 52, 110, 193, 184, 37, 238, 110, 252, 162, 128, 110, 163,
       65, 169, 244, 122, 143, 191, 74, 42, 33, 216, 50, 190, 199, 247,
       81, 229, 203, 75, 109, 252, 106, 134, 40, 215, 235, 34, 84, 163,
       243, 160, 161, 249, 50, 146, 117, 191, 77, 102, 158, 35, 78, 254,
       80, 162, 186, 206, 83, 97, 145, 51, 95, 230, 124, 238, 249, 227,
       221, 46, 248, 142, 229, 180, 109, 251, 210, 56, 248, 121, 190,
