%YAML:1.0
---
descriptors: !!opencv-matrix
   rows: 62
   cols: 32
   dt: u
   data: [ 198, 236, 144, 182, 109, 136, 174, 136, 187, 146, 17, 26, 236,
       234, 89, 207, 183, 123, 121, 195, 98, 68, 138, 243, 173, 22, 223,
       187, 4, 112, 11, 14, 214, 236, 150, 147, 145, 104, 38, 198, 59,
       147, 194, 19, 164, 34, 69, 206, 225, 206, 42, 208, 58, 220, 203,
       226, 189, 54, 222, 71, 128, 121, 181, 14, 128, 182, 153, 187, 252,
       173, 161, 159, 30, 27, 80, 84, 180, 183, 104, 9, 205, 27, 35, 25,
       51, 124, 67, 183, 205, 150, 126, 232, 152, 72, 129, 185, 2, 173,
       17, 154, 217, 201, 176, 239, 158, 1, 104, 75, 164, 194, 104, 64,
       233, 59, 3, 17, 18, 11, 26, 117, 189, 148, 30, 123, 144, 8, 135,
       138, 202, 252, 188, 122, 169, 217, 21, 174, 171, 63, 164, 57, 174,
       247, 66, 27, 131, 115, 233, 80, 114, 77, 202, 49, 255, 211, 93,
       123, 210, 84, 143, 11, 9, 164, 149, 187, 236, 173, 173, 159, 30,
       59, 80, 112, 180, 179, 200, 109, 197, 26, 50, 28, 51, 92, 75, 147,
       204, 147, 126, 236, 144, 200, 129, 169, 61, 103, 196, 71, 176, 26,
       79, 184, 118, 170, 127, 228, 83, 97, 157, 116, 55, 76, 36, 110,
       233, 240, 205, 62, 170, 239, 101, 132, 111, 243, 88, 1, 77, 33,
       155, 247, 226, 46, 120, 25, 58, 179, 99, 80, 221, 243, 73, 250,
       183, 31, 125, 24, 17, 208, 153, 66, 205, 239, 127, 68, 136, 227,
       131, 33, 252, 132, 253, 99, 149, 111, 83, 41, 113, 163, 175, 24,
       83, 53, 8, 48, 25, 150, 72, 56, 56, 178, 121, 14, 251, 239, 5, 85,
       227, 106, 198, 34, 69, 108, 29, 197, 52, 15, 111, 184, 109, 168,
       62, 72, 215, 18, 129, 52, 150, 68, 76, 106, 201, 176, 249, 12,
       165, 184, 39, 52, 64, 179, 67, 37, 134, 134, 148, 215, 197, 46,
       180, 135, 62, 51, 74, 19, 196, 61, 12, 75, 129, 87, 35, 17, 48,
       252, 75, 226, 45, 50, 86, 71, 192, 88, 213, 138, 198, 236, 148,
       151, 89, 168, 34, 142, 190, 146, 131, 18, 236, 226, 77, 223, 177,
       235, 106, 147, 38, 84, 155, 251, 157, 22, 223, 43, 128, 113, 43,
       14, 27, 93, 123, 229, 114, 214, 63, 112, 45, 200, 94, 230, 124,
       159, 162, 112, 54, 125, 151, 226, 197, 152, 52, 236, 119, 237, 42,
       130, 46, 178, 45, 249, 121, 253, 157, 101, 184, 15, 84, 186, 63,
       168, 188, 72, 159, 59, 65, 176, 141, 221, 125, 104, 201, 122, 209,
       30, 231, 223, 37, 52, 74, 248, 66, 35, 13, 221, 17, 255, 52, 143,
       86, 178, 215, 8, 121, 68, 255, 113, 33, 224, 148, 122, 28, 74,
       235, 168, 89, 63, 227, 255, 33, 16, 90, 155, 73, 43, 6, 165, 144,
       131, 221, 109, 184, 73, 62, 55, 185, 27, 204, 122, 72, 8, 187,
       159, 106, 49, 50, 115, 219, 214, 157, 22, 31, 119, 144, 74, 135,
       130, 248, 121, 254, 116, 77, 68, 85, 117, 225, 150, 166, 8, 114,
       253, 7, 115, 232, 244, 121, 234, 104, 103, 178, 8, 115, 251, 69,
       27, 99, 48, 230, 106, 89, 165, 147, 225, 178, 46, 104, 159, 62,
       185, 106, 80, 223, 51, 72, 252, 183, 95, 60, 24, 51, 216, 129, 70,
       173, 222, 55, 68, 162, 192, 163, 161, 240, 72, 223, 190, 76, 72,
       109, 228, 185, 146, 178, 90, 123, 99, 5, 91, 106, 229, 110, 226,
       105, 103, 195, 232, 148, 170, 246, 24, 33, 120, 98, 40, 135, 237,
       148, 95, 217, 134, 70, 172, 219, 179, 75, 16, 224, 242, 77, 47,
       145, 111, 32, 218, 118, 220, 139, 127, 45, 62, 221, 70, 128, 115,
       128, 14, 60, 36, 252, 243, 205, 111, 241, 202, 95, 179, 165, 26,
       26, 185, 73, 58, 169, 220, 115, 24, 58, 114, 217, 178, 95, 207,
       81, 117, 243, 105, 86, 162, 246, 76, 214, 158, 77, 110, 214, 200,
       185, 166, 242, 11, 78, 250, 39, 95, 249, 245, 239, 227, 108, 231,
       217, 234, 145, 182, 203, 27, 1, 127, 126, 6, 5, 164, 221, 241,
       236, 169, 233, 27, 238, 51, 49, 88, 157, 225, 216, 42, 163, 15,
       110, 29, 19, 120, 203, 209, 204, 154, 127, 116, 220, 200, 195,
       161, 6, 204, 132, 23, 133, 166, 230, 166, 122, 179, 74, 17, 104,
       104, 93, 139, 177, 79, 32, 19, 114, 220, 27, 107, 45, 22, 215, 71,
       192, 117, 217, 142, 178, 32, 113, 225, 39, 40, 248, 2, 105, 160,
       186, 139, 175, 11, 85, 50, 174, 149, 93, 157, 138, 36, 197, 194,
       151, 217, 138, 162, 103, 132, 67, 14, 73, 176, 24, 251, 57, 141,
       16, 159, 31, 57, 32, 92, 190, 23, 72, 56, 133, 27, 222, 0, 3, 40,
       91, 19, 207, 213, 48, 126, 88, 8, 131, 27, 183, 179, 125, 251,
       238, 253, 217, 215, 143, 121, 181, 255, 30, 157, 222, 59, 143,
       155, 215, 21, 159, 58, 106, 241, 91, 89, 57, 254, 221, 140, 215,
       115, 117, 71, 64, 69, 52, 30, 78, 184, 117, 232, 250, 228, 83, 96,
       157, 244, 54, 204, 108, 108, 205, 176, 69, 14, 38, 174, 37, 148,
       111, 178, 90, 5, 249, 249, 31, 60, 9, 199, 23, 105, 237, 138, 234,
       12, 214, 209, 32, 114, 216, 120, 232, 98, 105, 167, 146, 14, 241,
       241, 3, 26, 72, 58, 34, 59, 209, 92, 159, 118, 40, 108, 69, 148,
       240, 210, 166, 24, 119, 243, 65, 123, 33, 244, 124, 10, 105, 101,
       251, 34, 209, 171, 113, 24, 96, 241, 66, 42, 60, 106, 158, 112,
       13, 45, 209, 194, 194, 191, 164, 8, 22, 249, 97, 10, 201, 120,
       107, 26, 8, 103, 154, 32, 219, 223, 85, 127, 193, 121, 78, 162,
       81, 245, 145, 193, 178, 14, 47, 190, 62, 33, 10, 208, 149, 51,
       200, 116, 55, 95, 92, 152, 83, 152, 153, 103, 173, 166, 62, 196,
       168, 144, 161, 41, 225, 42, 153, 146, 40, 173, 64, 2, 234, 59,
       162, 88, 150, 131, 64, 26, 129, 38, 108, 24, 11, 111, 194, 80,
       152, 146, 115, 56, 200, 72, 67, 32, 8, 140, 57, 121, 180, 239, 83,
       159, 87, 13, 172, 24, 183, 53, 128, 116, 145, 26, 28, 24, 58, 168,
       97, 63, 235, 255, 52, 80, 210, 200, 196, 107, 101, 227, 132, 37,
       173, 13, 70, 184, 239, 178, 161, 76, 211, 224, 89, 150, 145, 196,
       108, 126, 207, 99, 219, 49, 169, 218, 69, 124, 200, 123, 90, 4,
       109, 237, 148, 37, 185, 15, 70, 186, 107, 176, 170, 76, 151, 33,
       81, 178, 145, 196, 108, 124, 239, 98, 211, 31, 171, 255, 69, 124,
       74, 241, 74, 0, 105, 61, 152, 229, 185, 143, 84, 55, 127, 168,
       174, 8, 159, 59, 1, 176, 132, 191, 108, 8, 105, 250, 209, 30, 239,
       255, 52, 48, 74, 216, 74, 43, 0, 226, 134, 157, 95, 32, 162, 200,
       190, 146, 64, 66, 236, 226, 105, 206, 115, 109, 106, 162, 34, 85,
       143, 219, 28, 38, 207, 45, 128, 113, 33, 128, 102, 227, 192, 101,
       12, 15, 198, 184, 67, 184, 185, 73, 195, 233, 93, 150, 216, 204,
       108, 114, 142, 98, 203, 144, 174, 220, 133, 127, 199, 187, 90, 4,
       80, 128, 158, 185, 40, 11, 24, 107, 62, 49, 178, 88, 159, 162, 32,
       203, 231, 21, 110, 49, 16, 235, 67, 212, 152, 247, 123, 84, 144,
       40, 41, 1, 125, 99, 59, 103, 52, 31, 67, 56, 97, 236, 255, 72,
       223, 65, 153, 48, 144, 204, 76, 106, 201, 178, 105, 12, 245, 253,
       33, 52, 98, 187, 70, 33, 245, 143, 207, 44, 142, 35, 78, 251, 198,
       242, 152, 239, 83, 224, 249, 227, 127, 198, 108, 239, 249, 99,
       143, 26, 184, 203, 229, 188, 125, 250, 120, 25, 205, 182, 57, 235,
       188, 45, 223, 186, 127, 27, 56, 124, 254, 123, 221, 59, 149, 83,
       93, 63, 179, 100, 251, 243, 239, 217, 46, 252, 216, 113, 195, 51,
       114, 48, 116, 233, 111, 110, 248, 8, 233, 32, 243, 2, 143, 154,
       84, 218, 238, 157, 183, 227, 156, 178, 211, 208, 151, 248, 138,
       207, 101, 139, 101, 7, 113, 151, 197, 101, 222, 106, 199, 191,
       114, 99, 186, 250, 211, 53, 152, 179, 31, 214, 124, 169, 249, 122,
       237, 31, 236, 175, 181, 244, 101, 218, 214, 105, 18, 32, 215, 129,
       10, 11, 184, 66, 44, 49, 210, 234, 141, 10, 68, 138, 110, 157,
       127, 145, 10, 155, 197, 192, 148, 32, 186, 146, 37, 8, 35, 137,
       82, 149, 19, 186, 155, 228, 49, 103, 189, 21, 201, 17, 172, 255,
       32, 84, 167, 59, 251, 129, 50, 11, 18, 247, 209, 247, 26, 75, 16,
       68, 165, 122, 73, 146, 156, 177, 58, 138, 56, 7, 62, 57, 211, 240,
       191, 22, 128, 203, 230, 53, 254, 0, 50, 220, 193, 213, 140, 247,
       122, 210, 136, 8, 9, 11, 72, 61, 19, 244, 177, 205, 116, 39, 189,
