%YAML:1.0
---
descriptors: !!opencv-matrix
   rows: 101
   cols: 32
   dt: u
   data: [ 185, 87, 104, 101, 54, 94, 235, 121, 97, 236, 254, 134, 91,
       77, 147, 96, 126, 132, 21, 236, 233, 176, 53, 142, 118, 237, 161,
       132, 111, 174, 126, 113, 89, 183, 121, 105, 186, 254, 121, 31,
       126, 109, 78, 180, 159, 55, 146, 112, 55, 30, 221, 60, 183, 216,
       229, 87, 255, 239, 51, 244, 166, 196, 135, 113, 166, 12, 150, 252,
       189, 171, 150, 239, 223, 131, 240, 88, 238, 249, 36, 201, 215,
       123, 111, 35, 48, 235, 10, 255, 170, 250, 87, 26, 212, 232, 129,
       143, 36, 165, 144, 131, 221, 109, 176, 107, 30, 53, 57, 26, 204,
       112, 72, 136, 187, 11, 194, 17, 22, 120, 91, 214, 29, 20, 31, 111,
       208, 74, 143, 134, 93, 21, 89, 101, 51, 110, 50, 24, 104, 200, 99,
       96, 94, 23, 136, 115, 50, 85, 124, 98, 17, 144, 177, 76, 215, 233,
       34, 6, 106, 35, 3, 51, 15, 144, 163, 216, 189, 247, 184, 73, 31,
       77, 209, 103, 204, 222, 62, 232, 255, 59, 191, 149, 150, 155, 51,
       209, 31, 126, 187, 206, 150, 12, 53, 215, 72, 176, 213, 97, 98,
       72, 48, 9, 107, 89, 114, 40, 159, 23, 200, 58, 2, 29, 236, 0, 3,
       112, 227, 65, 7, 240, 96, 6, 74, 128, 7, 179, 75, 181, 126, 115,
       179, 222, 125, 55, 125, 109, 127, 181, 191, 63, 150, 112, 167, 63,
       255, 12, 246, 152, 245, 93, 239, 255, 54, 195, 38, 196, 135, 127,
       11, 127, 123, 237, 114, 158, 59, 118, 61, 72, 94, 228, 189, 159,
       162, 112, 166, 61, 151, 204, 197, 152, 52, 238, 246, 253, 42, 128,
       14, 128, 41, 249, 84, 66, 139, 165, 38, 46, 108, 24, 32, 162, 195,
       229, 215, 35, 81, 91, 118, 197, 125, 175, 136, 214, 197, 0, 196,
       231, 107, 132, 36, 243, 35, 1, 2, 173, 17, 154, 216, 141, 182,
       239, 14, 1, 104, 75, 164, 242, 108, 0, 221, 27, 3, 17, 82, 11, 90,
       245, 61, 20, 30, 106, 144, 10, 135, 138, 233, 34, 246, 117, 105,
       158, 121, 19, 233, 253, 118, 61, 142, 11, 150, 191, 166, 165, 238,
       12, 132, 124, 227, 192, 86, 251, 114, 139, 74, 132, 79, 205, 5,
       103, 70, 71, 176, 27, 110, 184, 118, 168, 111, 228, 211, 98, 153,
       244, 54, 76, 44, 238, 205, 208, 237, 62, 46, 238, 101, 132, 110,
       243, 72, 5, 61, 6, 111, 71, 70, 50, 239, 120, 116, 226, 119, 194,
       113, 109, 187, 121, 126, 140, 23, 174, 233, 180, 45, 76, 86, 43,
       225, 128, 103, 243, 114, 241, 51, 123, 107, 26, 124, 197, 219,
       196, 249, 204, 240, 15, 2, 204, 54, 16, 190, 233, 87, 87, 198,
       231, 190, 76, 115, 56, 7, 170, 69, 23, 119, 215, 77, 32, 153, 225,
       224, 46, 104, 25, 58, 179, 107, 80, 221, 51, 73, 250, 183, 95,
       124, 24, 19, 208, 155, 64, 207, 235, 119, 68, 136, 227, 139, 161,
       248, 217, 126, 102, 9, 86, 87, 240, 225, 150, 166, 8, 123, 255, 2,
       115, 232, 244, 249, 234, 104, 103, 186, 41, 243, 235, 197, 25, 99,
       178, 102, 122, 93, 187, 154, 103, 113, 141, 122, 208, 43, 169,
       255, 77, 255, 251, 74, 16, 180, 255, 237, 22, 142, 242, 219, 49,
       219, 253, 37, 40, 72, 130, 74, 11, 219, 81, 118, 236, 45, 22, 89,
       56, 201, 248, 86, 224, 223, 223, 182, 103, 134, 53, 253, 239, 205,
       196, 167, 221, 195, 251, 233, 142, 38, 164, 81, 117, 60, 117, 17,
       237, 189, 79, 87, 248, 63, 168, 248, 72, 223, 123, 9, 48, 220,
       221, 93, 98, 105, 163, 89, 190, 251, 255, 37, 62, 90, 123, 194,
       51, 192, 164, 133, 147, 222, 160, 172, 175, 190, 147, 10, 82, 236,
       226, 72, 66, 113, 107, 42, 152, 50, 92, 218, 247, 172, 6, 159,
       108, 128, 80, 161, 136, 198, 164, 255, 213, 238, 43, 174, 107,
       218, 179, 27, 210, 205, 232, 92, 10, 55, 71, 115, 187, 176, 101,
       143, 210, 12, 30, 127, 236, 133, 105, 129, 160, 242, 56, 170, 244,
       139, 253, 145, 23, 187, 127, 150, 63, 186, 189, 70, 42, 237, 183,
       253, 145, 190, 111, 243, 226, 219, 118, 220, 251, 239, 76, 150,
       127, 101, 113, 17, 101, 117, 31, 103, 57, 105, 232, 123, 72, 215,
       82, 25, 52, 144, 132, 94, 110, 205, 176, 249, 12, 165, 248, 33,
       54, 72, 178, 66, 229, 65, 230, 156, 101, 172, 14, 109, 191, 106,
       187, 42, 92, 215, 32, 216, 123, 149, 70, 124, 60, 212, 252, 213,
       0, 236, 190, 117, 84, 200, 240, 209, 1, 88, 188, 188, 115, 137,
       237, 17, 142, 171, 61, 172, 25, 174, 55, 66, 27, 129, 83, 237, 16,
       26, 73, 250, 49, 219, 211, 85, 123, 210, 64, 135, 107, 133, 164,
       205, 241, 236, 169, 233, 91, 126, 51, 49, 90, 157, 227, 216, 43,
       35, 14, 110, 28, 51, 124, 207, 210, 204, 147, 119, 100, 156, 200,
       195, 160, 246, 88, 214, 172, 77, 70, 86, 200, 185, 142, 242, 11,
       78, 254, 39, 219, 248, 245, 239, 227, 76, 231, 154, 232, 145, 50,
       207, 27, 1, 127, 126, 70, 240, 72, 207, 190, 76, 8, 101, 228, 184,
       178, 178, 90, 119, 227, 9, 91, 104, 228, 110, 234, 105, 103, 203,
       234, 212, 162, 246, 24, 41, 56, 115, 32, 85, 164, 145, 225, 178,
       46, 104, 31, 59, 161, 107, 80, 223, 51, 200, 252, 183, 31, 60, 56,
       51, 216, 145, 66, 172, 254, 55, 70, 168, 192, 163, 33, 203, 48,
       173, 53, 1, 86, 57, 52, 169, 220, 86, 85, 221, 62, 150, 127, 164,
       85, 253, 204, 133, 208, 179, 64, 71, 123, 126, 130, 74, 164, 35,
       117, 118, 189, 237, 215, 168, 98, 79, 152, 146, 247, 151, 186,
       209, 119, 217, 107, 93, 214, 253, 250, 185, 67, 239, 162, 232,
       183, 239, 252, 165, 251, 148, 113, 108, 231, 228, 99, 189, 15,
       194, 184, 71, 184, 191, 73, 195, 105, 89, 130, 89, 196, 236, 122,
       202, 99, 201, 154, 111, 223, 165, 117, 207, 255, 88, 2, 3, 140,
       151, 156, 190, 139, 184, 231, 159, 179, 242, 80, 238, 162, 36,
       207, 199, 119, 110, 1, 112, 239, 3, 253, 152, 178, 95, 90, 220,
       40, 161, 141, 67, 50, 148, 145, 109, 221, 121, 19, 171, 253, 52,
       252, 140, 134, 198, 190, 134, 165, 238, 156, 135, 88, 226, 192,
       142, 208, 90, 235, 142, 132, 15, 253, 114, 33, 241, 225, 39, 106,
       248, 0, 105, 160, 187, 11, 143, 11, 85, 26, 170, 149, 125, 241, 8,
       240, 213, 192, 151, 216, 139, 39, 101, 163, 67, 6, 73, 49, 81, 65,
       98, 74, 49, 16, 105, 232, 50, 104, 158, 17, 196, 182, 38, 149,
       108, 104, 129, 176, 149, 64, 7, 184, 32, 70, 75, 162, 3, 165, 226,
       184, 167, 208, 203, 236, 177, 23, 187, 91, 146, 191, 190, 189, 68,
       43, 205, 179, 255, 145, 187, 111, 242, 227, 95, 50, 222, 251, 205,
       76, 151, 123, 210, 174, 186, 26, 239, 244, 152, 199, 251, 95, 180,
       59, 44, 238, 118, 95, 231, 163, 239, 149, 182, 111, 170, 243, 91,
       123, 94, 251, 211, 68, 239, 79, 67, 174, 149, 216, 236, 165, 185,
       95, 159, 187, 176, 112, 156, 179, 228, 239, 167, 63, 127, 29, 179,
       79, 130, 208, 152, 218, 127, 254, 154, 64, 169, 173, 103, 178,
       237, 145, 110, 153, 112, 75, 127, 121, 176, 255, 142, 156, 198,
       56, 239, 157, 255, 21, 150, 122, 231, 208, 158, 18, 123, 230, 212,
       12, 23, 215, 34, 160, 149, 185, 104, 137, 152, 205, 31, 57, 240,
       249, 44, 255, 108, 24, 223, 27, 119, 149, 18, 91, 75, 209, 28, 26,
       90, 254, 213, 12, 163, 155, 77, 107, 17, 239, 48, 30, 79, 56, 109,
       140, 255, 72, 255, 83, 129, 112, 148, 253, 108, 106, 73, 144, 249,
       44, 167, 253, 39, 16, 2, 178, 71, 33, 120, 160, 28, 176, 9, 201,
       80, 71, 162, 53, 160, 25, 135, 155, 64, 210, 233, 147, 237, 1, 30,
       107, 210, 17, 219, 193, 80, 121, 96, 0, 206, 10, 244, 167, 203,
       236, 254, 99, 198, 235, 210, 162, 184, 170, 99, 225, 249, 51, 123,
       194, 76, 42, 125, 99, 142, 158, 248, 199, 229, 61, 245, 250, 222,
       8, 242, 88, 214, 188, 77, 86, 86, 96, 169, 142, 242, 11, 110, 190,
       39, 223, 232, 245, 239, 195, 76, 231, 210, 232, 147, 178, 206, 27,
       1, 125, 126, 79, 181, 76, 252, 251, 142, 35, 77, 252, 86, 242,
       180, 254, 83, 35, 209, 91, 127, 196, 126, 238, 233, 103, 79, 58,
       250, 139, 245, 180, 189, 249, 96, 33, 102, 187, 173, 231, 172, 74,
       79, 156, 10, 248, 159, 232, 211, 103, 217, 106, 93, 246, 125, 250,
       217, 64, 235, 160, 238, 255, 237, 252, 132, 251, 214, 113, 213,
