%YAML:1.0
---
descriptors: !!opencv-matrix
   rows: 65
   cols: 32
   dt: u
   data: [ 114, 71, 229, 236, 92, 3, 206, 40, 19, 163, 243, 202, 83, 108,
       149, 17, 91, 205, 117, 237, 232, 231, 77, 223, 56, 46, 237, 148,
       101, 235, 114, 0, 1, 162, 17, 251, 252, 205, 161, 159, 94, 121,
       80, 112, 149, 23, 200, 96, 151, 27, 54, 24, 211, 60, 107, 23, 141,
       158, 62, 244, 144, 136, 133, 233, 249, 215, 86, 110, 171, 30, 94,
       61, 225, 202, 174, 236, 123, 103, 130, 247, 38, 228, 236, 110,
       237, 67, 237, 45, 242, 235, 100, 152, 107, 182, 234, 89, 61, 102,
       228, 71, 52, 26, 79, 184, 118, 170, 127, 228, 115, 97, 159, 244,
       50, 204, 36, 110, 233, 240, 237, 46, 238, 239, 101, 132, 111, 243,
       88, 33, 246, 64, 214, 156, 77, 106, 246, 200, 185, 166, 243, 11,
       78, 250, 109, 94, 249, 245, 239, 227, 44, 103, 219, 200, 145, 50,
       203, 31, 129, 127, 127, 134, 242, 72, 215, 244, 14, 10, 108, 52,
       185, 146, 178, 154, 127, 107, 21, 91, 106, 245, 125, 234, 104, 71,
       211, 232, 211, 251, 222, 144, 39, 241, 98, 40, 124, 132, 249, 97,
       149, 107, 67, 9, 115, 163, 175, 24, 83, 53, 8, 48, 25, 150, 72,
       56, 57, 178, 121, 14, 251, 239, 21, 85, 227, 74, 198, 34, 58, 146,
       109, 59, 175, 253, 145, 159, 31, 125, 181, 63, 10, 28, 30, 25,
       205, 155, 245, 149, 158, 110, 251, 213, 91, 89, 216, 247, 215, 12,
       222, 87, 214, 236, 132, 147, 213, 128, 166, 165, 187, 179, 130,
       18, 236, 226, 77, 71, 225, 235, 42, 211, 110, 92, 202, 243, 189,
       54, 223, 99, 128, 80, 185, 14, 134, 12, 214, 252, 255, 171, 154,
       106, 159, 146, 241, 25, 206, 235, 37, 201, 215, 125, 111, 51, 52,
       103, 10, 254, 138, 250, 71, 127, 212, 105, 9, 131, 3, 190, 21,
       185, 252, 141, 169, 255, 30, 91, 88, 213, 188, 163, 248, 64, 199,
       11, 51, 29, 179, 88, 83, 247, 108, 22, 62, 232, 152, 200, 129,
       153, 64, 153, 191, 173, 168, 192, 181, 133, 142, 29, 10, 51, 148,
       191, 96, 74, 194, 87, 107, 81, 18, 73, 131, 97, 237, 183, 126,
       195, 144, 26, 165, 123, 69, 65, 27, 229, 48, 14, 111, 56, 125,
       168, 251, 72, 223, 51, 129, 116, 178, 221, 108, 106, 73, 144, 233,
       76, 165, 248, 35, 4, 0, 179, 7, 33, 116, 49, 155, 44, 157, 198,
       87, 96, 245, 136, 194, 4, 214, 241, 33, 81, 216, 124, 104, 114,
       72, 235, 146, 12, 249, 243, 134, 26, 72, 42, 118, 34, 252, 82, 26,
       172, 44, 6, 87, 56, 32, 138, 231, 105, 83, 83, 9, 91, 248, 212,
       109, 226, 104, 199, 201, 8, 241, 227, 227, 157, 32, 179, 102, 3,
       72, 184, 188, 122, 139, 253, 21, 142, 171, 63, 164, 25, 174, 255,
       67, 27, 131, 115, 237, 16, 18, 75, 218, 49, 219, 211, 85, 123,
       210, 81, 143, 11, 5, 160, 221, 241, 236, 169, 233, 27, 238, 179,
       49, 88, 157, 227, 216, 10, 171, 143, 110, 29, 51, 124, 203, 208,
       140, 154, 127, 100, 220, 200, 195, 161, 38, 160, 80, 131, 253,
       109, 184, 73, 31, 49, 177, 27, 204, 58, 76, 8, 187, 155, 107, 49,
       18, 112, 91, 212, 157, 22, 223, 119, 148, 10, 197, 130, 118, 169,
       222, 181, 172, 169, 97, 138, 171, 183, 186, 25, 151, 234, 67, 26,
       235, 239, 111, 17, 30, 99, 203, 66, 221, 214, 63, 60, 192, 104, 3,
       2, 125, 117, 28, 109, 189, 15, 86, 186, 111, 168, 184, 76, 223,
       121, 9, 176, 220, 212, 92, 106, 233, 99, 81, 30, 251, 223, 37, 60,
       74, 187, 74, 3, 101, 99, 56, 101, 52, 31, 123, 56, 109, 236, 127,
       8, 223, 18, 143, 116, 146, 204, 76, 106, 201, 176, 105, 76, 229,
       157, 37, 20, 64, 179, 67, 101, 130, 140, 148, 151, 197, 102, 52,
       167, 58, 179, 74, 19, 76, 62, 4, 203, 161, 79, 161, 145, 54, 216,
       27, 227, 45, 54, 223, 71, 128, 116, 173, 142, 242, 205, 71, 236,
       157, 66, 71, 229, 229, 12, 162, 35, 99, 57, 36, 87, 232, 244, 236,
       227, 104, 163, 1, 173, 179, 226, 198, 19, 33, 58, 244, 46, 101,
       231, 132, 19, 141, 15, 70, 188, 234, 187, 171, 92, 195, 96, 93,
       155, 17, 198, 108, 126, 254, 97, 223, 48, 173, 154, 85, 124, 200,
       123, 218, 4, 88, 185, 188, 112, 171, 217, 17, 143, 171, 61, 172,
       9, 174, 183, 66, 26, 131, 147, 237, 16, 26, 75, 202, 113, 219,
       211, 93, 127, 210, 64, 143, 75, 5, 164, 217, 225, 236, 169, 233,
       27, 110, 49, 187, 88, 159, 227, 216, 40, 59, 143, 110, 28, 19,
       120, 207, 211, 204, 156, 63, 116, 220, 202, 195, 160, 117, 71,
       224, 69, 180, 30, 78, 184, 113, 232, 254, 236, 83, 96, 159, 112,
       22, 196, 108, 108, 205, 176, 69, 14, 46, 238, 37, 148, 111, 242,
       90, 5, 232, 121, 31, 252, 9, 196, 86, 112, 253, 136, 224, 12, 182,
       211, 32, 113, 192, 112, 232, 66, 104, 239, 210, 15, 225, 241, 0,
       26, 80, 56, 38, 35, 209, 88, 189, 118, 8, 76, 69, 180, 224, 242,
       166, 24, 119, 115, 1, 123, 1, 244, 124, 74, 105, 101, 187, 40,
       209, 171, 117, 24, 104, 241, 66, 42, 37, 112, 177, 69, 100, 79,
       231, 152, 106, 232, 51, 72, 210, 21, 221, 62, 148, 92, 84, 122,
       129, 240, 249, 8, 69, 156, 101, 52, 200, 251, 82, 177, 244, 72,
       223, 245, 110, 40, 237, 6, 187, 146, 178, 90, 255, 171, 85, 91,
       107, 229, 127, 138, 32, 103, 195, 224, 148, 186, 250, 24, 165,
       241, 115, 168, 237, 191, 62, 250, 236, 173, 253, 151, 175, 90, 60,
       92, 158, 251, 91, 43, 141, 35, 127, 95, 243, 33, 122, 242, 111,
       153, 102, 248, 218, 219, 203, 177, 70, 161, 80, 129, 253, 111,
       248, 73, 63, 181, 179, 27, 204, 24, 92, 8, 187, 157, 255, 177, 18,
       114, 217, 208, 157, 16, 31, 119, 133, 8, 199, 130, 72, 50, 187,
       117, 32, 216, 177, 19, 40, 76, 22, 229, 188, 159, 194, 114, 134,
       117, 253, 0, 129, 76, 161, 64, 70, 53, 58, 130, 14, 128, 39, 115,
       68, 224, 134, 159, 77, 139, 166, 232, 190, 178, 128, 2, 236, 226,
       105, 199, 113, 109, 234, 163, 102, 69, 138, 253, 188, 6, 207, 47,
       16, 52, 57, 134, 16, 0, 158, 169, 42, 11, 152, 74, 60, 177, 178,
       137, 143, 138, 97, 202, 254, 53, 111, 17, 8, 235, 67, 200, 152,
       243, 123, 86, 196, 8, 41, 9, 50, 0, 214, 172, 107, 11, 152, 72,
       143, 176, 240, 139, 14, 142, 36, 146, 238, 157, 127, 5, 12, 131,
       195, 192, 144, 248, 75, 187, 85, 44, 43, 135, 66, 237, 148, 151,
       137, 136, 180, 174, 190, 179, 10, 17, 236, 242, 68, 203, 161, 119,
       232, 80, 114, 88, 155, 115, 45, 54, 95, 71, 128, 113, 133, 142,
       134, 205, 148, 151, 217, 170, 6, 172, 154, 179, 73, 16, 228, 98,
       73, 155, 145, 103, 32, 83, 114, 216, 75, 127, 45, 54, 93, 70, 128,
       115, 129, 12, 242, 96, 112, 232, 111, 10, 248, 8, 233, 132, 243,
       3, 143, 138, 86, 86, 238, 157, 183, 227, 200, 164, 131, 208, 151,
       248, 138, 139, 103, 143, 117, 7, 117, 172, 215, 62, 154, 3, 70,
       168, 82, 162, 226, 72, 115, 225, 9, 17, 17, 238, 96, 46, 104, 211,
       143, 63, 40, 174, 69, 84, 161, 226, 66, 0, 240, 74, 79, 156, 78,
       74, 101, 36, 160, 150, 178, 191, 115, 39, 129, 91, 104, 228, 110,
       226, 104, 103, 195, 201, 244, 162, 238, 16, 33, 56, 116, 120, 68,
       236, 150, 31, 152, 131, 6, 168, 214, 178, 66, 1, 96, 224, 77, 67,
       145, 110, 104, 114, 98, 209, 139, 61, 40, 162, 69, 44, 144, 115,
       80, 2, 66, 144, 23, 186, 57, 236, 56, 3, 191, 31, 67, 16, 172,
       159, 40, 200, 133, 51, 255, 17, 51, 77, 146, 247, 137, 247, 26,
       203, 144, 0, 165, 59, 189, 97, 105, 101, 116, 11, 67, 248, 113,
       228, 245, 8, 83, 73, 155, 48, 24, 236, 68, 106, 201, 178, 109, 30,
       247, 205, 33, 52, 101, 187, 86, 224, 18, 34, 212, 173, 42, 11,
       184, 66, 44, 49, 211, 234, 141, 14, 0, 202, 238, 29, 127, 129, 0,
       154, 197, 192, 148, 225, 250, 146, 4, 8, 41, 129, 91, 146, 156,
       177, 58, 138, 56, 3, 60, 49, 146, 112, 175, 18, 128, 203, 230, 53,
       124, 16, 12, 220, 193, 196, 140, 247, 122, 210, 136, 8, 9, 9, 16,
       34, 134, 157, 14, 19, 160, 104, 190, 176, 194, 226, 204, 226, 161,
       207, 114, 45, 234, 168, 36, 193, 135, 221, 152, 2, 251, 53, 8, 32,
       41, 140, 89, 61, 22, 245, 177, 205, 84, 39, 189, 169, 106, 24,
