%YAML:1.0
---
descriptors: !!opencv-matrix
   rows: 232
   cols: 32
   dt: u
   data: [ 101, 109, 57, 101, 188, 47, 79, 146, 18, 170, 34, 72, 215, 49,
       81, 57, 145, 124, 124, 110, 73, 240, 209, 60, 229, 159, 101, 52,
       192, 249, 194, 32, 97, 148, 191, 117, 21, 78, 113, 51, 124, 227,
       230, 16, 183, 61, 4, 115, 165, 52, 104, 40, 185, 252, 113, 14,
       207, 255, 80, 4, 72, 168, 65, 58, 236, 127, 157, 229, 164, 14, 71,
       180, 50, 170, 170, 76, 215, 33, 65, 91, 149, 100, 108, 126, 121,
       244, 217, 10, 237, 215, 101, 52, 136, 248, 66, 56, 17, 185, 63,
       124, 131, 206, 53, 119, 172, 89, 110, 0, 182, 183, 32, 112, 166,
       51, 89, 12, 82, 153, 50, 85, 211, 191, 82, 66, 64, 66, 231, 107,
       128, 136, 31, 117, 16, 172, 97, 39, 188, 21, 98, 17, 183, 15, 32,
       74, 129, 35, 105, 4, 50, 236, 19, 39, 197, 182, 82, 64, 200, 0,
       133, 26, 104, 125, 121, 101, 100, 79, 127, 182, 121, 234, 126, 12,
       183, 23, 129, 48, 132, 252, 84, 72, 193, 184, 113, 46, 231, 189,
       36, 0, 74, 184, 70, 121, 64, 121, 191, 117, 33, 222, 181, 39, 248,
       202, 102, 8, 190, 188, 39, 59, 160, 127, 249, 1, 69, 249, 176,
       108, 231, 247, 86, 3, 64, 80, 15, 255, 117, 164, 216, 96, 80, 111,
       75, 216, 115, 160, 172, 8, 19, 243, 67, 48, 25, 204, 80, 56, 10,
       90, 248, 14, 251, 141, 37, 60, 225, 226, 66, 162, 49, 141, 107,
       233, 148, 198, 111, 247, 21, 65, 222, 2, 179, 187, 52, 96, 120,
       174, 31, 205, 91, 187, 113, 253, 251, 253, 130, 64, 53, 138, 240,
       232, 88, 193, 149, 167, 172, 78, 71, 157, 166, 169, 171, 64, 215,
       49, 8, 74, 129, 70, 108, 24, 25, 233, 91, 32, 233, 230, 117, 20,
       224, 122, 193, 42, 109, 136, 81, 95, 244, 222, 110, 152, 127, 227,
       114, 80, 211, 211, 212, 252, 83, 110, 54, 88, 179, 248, 253, 235,
       47, 190, 183, 68, 206, 153, 210, 164, 45, 97, 113, 65, 252, 91,
       230, 216, 111, 224, 253, 72, 211, 80, 221, 180, 122, 204, 70, 122,
       203, 178, 125, 126, 62, 221, 37, 100, 123, 187, 74, 164, 122, 17,
       22, 236, 45, 86, 92, 120, 169, 200, 247, 75, 95, 255, 44, 247,
       254, 213, 253, 226, 73, 131, 147, 136, 147, 249, 194, 159, 42, 46,
       42, 51, 90, 24, 158, 190, 11, 180, 22, 34, 164, 202, 202, 231,
       236, 254, 35, 202, 228, 247, 249, 199, 13, 203, 147, 233, 145,
       103, 218, 155, 168, 117, 41, 91, 148, 166, 92, 177, 180, 47, 121,
       59, 62, 191, 178, 157, 159, 47, 74, 25, 191, 143, 109, 53, 62,
       252, 65, 22, 204, 215, 127, 245, 212, 8, 133, 83, 203, 88, 231,
       84, 98, 30, 125, 180, 57, 218, 22, 238, 249, 14, 151, 255, 38,
       245, 253, 238, 229, 212, 181, 200, 102, 123, 124, 128, 46, 244,
       11, 125, 247, 82, 78, 173, 46, 26, 84, 104, 121, 230, 243, 175,
       71, 10, 151, 91, 254, 229, 236, 231, 237, 247, 221, 200, 146, 243,
       207, 23, 45, 61, 122, 87, 87, 87, 238, 4, 226, 26, 191, 124, 41,
       238, 191, 239, 73, 46, 159, 55, 54, 197, 253, 231, 197, 209, 173,
       200, 50, 105, 239, 151, 111, 247, 47, 85, 59, 92, 66, 222, 22,
       178, 91, 114, 213, 128, 254, 166, 105, 211, 167, 68, 126, 170,
       158, 174, 174, 139, 12, 255, 50, 239, 162, 129, 63, 255, 120, 28,
       65, 153, 151, 91, 168, 236, 33, 151, 230, 89, 106, 80, 182, 179,
       192, 124, 35, 62, 104, 24, 19, 184, 179, 49, 141, 172, 48, 64,
       192, 192, 163, 40, 36, 49, 121, 97, 244, 79, 99, 57, 98, 232, 191,
       72, 211, 87, 201, 48, 31, 156, 85, 58, 217, 242, 249, 14, 237,
       140, 37, 116, 232, 170, 70, 177, 119, 114, 225, 231, 44, 42, 202,
       24, 75, 232, 251, 238, 211, 72, 221, 62, 126, 205, 116, 255, 141,
       242, 205, 200, 156, 252, 161, 180, 237, 171, 82, 21, 122, 48, 112,
       108, 77, 95, 210, 104, 91, 228, 176, 11, 106, 216, 23, 180, 152,
       245, 215, 97, 204, 103, 245, 253, 19, 90, 1, 59, 119, 45, 94, 206,
       4, 168, 31, 251, 237, 165, 177, 206, 222, 25, 81, 16, 188, 211,
       104, 72, 201, 43, 50, 24, 18, 94, 74, 241, 205, 151, 123, 110,
       144, 8, 161, 163, 88, 233, 177, 227, 60, 141, 67, 188, 102, 169,
       138, 8, 247, 209, 88, 96, 144, 126, 125, 89, 75, 41, 217, 51, 233,
       252, 39, 112, 32, 2, 83, 42, 110, 254, 176, 154, 237, 213, 158,
       204, 143, 61, 144, 31, 172, 238, 110, 222, 205, 219, 235, 83, 118,
       75, 218, 243, 61, 22, 223, 127, 146, 94, 157, 223, 10, 253, 22,
       154, 249, 209, 182, 204, 191, 29, 248, 49, 172, 254, 46, 132, 235,
       123, 203, 195, 22, 75, 10, 243, 63, 54, 158, 235, 82, 87, 175,
       223, 219, 40, 175, 244, 13, 119, 80, 43, 18, 243, 134, 25, 186,
       188, 82, 234, 137, 247, 249, 133, 61, 107, 243, 128, 219, 251,
       221, 63, 136, 108, 44, 90, 106, 189, 178, 248, 203, 245, 16, 195,
       155, 23, 164, 59, 44, 255, 100, 26, 239, 187, 243, 144, 54, 107,
       146, 243, 95, 215, 90, 123, 146, 77, 175, 219, 145, 199, 82, 79,
       118, 18, 110, 188, 101, 136, 126, 230, 113, 98, 180, 244, 126,
       228, 54, 238, 237, 186, 109, 255, 54, 172, 39, 192, 125, 162, 104,
       13, 101, 151, 79, 37, 32, 106, 103, 57, 96, 236, 123, 236, 211,
       96, 154, 115, 22, 196, 108, 110, 217, 240, 229, 13, 228, 171, 97,
       148, 108, 226, 82, 113, 61, 223, 96, 10, 252, 23, 198, 252, 87,
       124, 188, 111, 66, 248, 255, 132, 217, 202, 86, 111, 206, 35, 79,
       191, 58, 76, 165, 252, 127, 191, 216, 197, 145, 95, 119, 229, 54,
       10, 111, 117, 101, 224, 250, 230, 123, 15, 145, 112, 62, 228, 125,
       238, 201, 184, 37, 236, 242, 232, 230, 128, 111, 178, 224, 121,
       117, 104, 233, 197, 102, 43, 235, 216, 98, 224, 255, 206, 83, 36,
       217, 62, 126, 204, 126, 254, 137, 242, 237, 72, 148, 44, 163, 180,
       237, 251, 82, 240, 17, 141, 111, 237, 20, 198, 111, 247, 37, 64,
       254, 2, 187, 63, 48, 97, 110, 239, 31, 236, 251, 153, 53, 255,
       243, 173, 174, 0, 53, 146, 224, 232, 234, 96, 248, 80, 105, 253,
       240, 203, 251, 183, 36, 24, 10, 152, 71, 191, 137, 153, 226, 16,
       102, 103, 242, 208, 23, 89, 85, 47, 195, 92, 78, 198, 249, 51,
       252, 101, 37, 30, 101, 63, 97, 236, 126, 108, 159, 37, 146, 246,
       54, 68, 236, 44, 205, 248, 229, 8, 230, 251, 112, 133, 106, 228,
       206, 125, 185, 12, 110, 253, 86, 178, 111, 115, 117, 66, 254, 198,
       113, 43, 182, 97, 120, 172, 54, 174, 173, 188, 101, 142, 118, 239,
       226, 0, 47, 168, 112, 200, 246, 68, 214, 172, 13, 70, 86, 104,
       181, 134, 227, 3, 71, 250, 33, 83, 248, 245, 237, 227, 108, 199,
       17, 142, 177, 243, 203, 19, 37, 127, 60, 6, 41, 93, 59, 117, 96,
       206, 117, 55, 248, 200, 126, 8, 191, 183, 1, 49, 134, 62, 87, 8,
       193, 184, 48, 14, 231, 253, 48, 0, 64, 144, 66, 251, 150, 31, 86,
       133, 242, 10, 190, 113, 189, 166, 123, 247, 77, 234, 167, 135, 54,
       117, 239, 231, 228, 213, 13, 206, 52, 34, 111, 135, 101, 230, 47,
       133, 120, 233, 252, 103, 116, 75, 71, 180, 67, 165, 62, 8, 115,
       49, 132, 54, 24, 246, 100, 104, 72, 248, 225, 40, 107, 239, 101,
       49, 99, 186, 214, 106, 80, 217, 254, 254, 50, 192, 53, 229, 172,
       1, 98, 161, 61, 255, 32, 80, 162, 59, 125, 193, 66, 153, 130, 125,
       241, 161, 126, 139, 32, 18, 167, 59, 151, 85, 105, 69, 50, 14,
       239, 184, 52, 224, 95, 230, 81, 6, 159, 96, 54, 77, 21, 239, 225,
       148, 61, 78, 36, 14, 175, 132, 45, 179, 65, 117, 208, 79, 151,
       127, 2, 66, 62, 39, 180, 130, 202, 193, 229, 231, 33, 83, 102,
       119, 233, 226, 104, 201, 5, 106, 241, 166, 126, 1, 32, 112, 165,
       42, 69, 147, 183, 71, 170, 38, 39, 189, 102, 73, 91, 228, 212,
       119, 136, 118, 84, 86, 126, 110, 145, 144, 175, 33, 108, 38, 39,
       196, 138, 243, 161, 113, 208, 166, 215, 229, 114, 74, 52, 59, 56,
       162, 106, 248, 23, 51, 129, 83, 51, 85, 108, 32, 96, 221, 129, 14,
       252, 162, 103, 20, 96, 96, 7, 43, 64, 189, 255, 95, 154, 232, 33,
       151, 230, 25, 110, 32, 242, 245, 128, 124, 35, 54, 104, 24, 19,
       185, 179, 51, 77, 172, 48, 64, 224, 192, 231, 41, 229, 237, 64,
       70, 221, 28, 198, 172, 67, 224, 168, 76, 34, 72, 212, 182, 216,
