%YAML:1.0
---
descriptors: !!opencv-matrix
   rows: 269
   cols: 32
   dt: u
   data: [ 200, 168, 21, 123, 43, 249, 49, 3, 191, 31, 101, 56, 190, 151,
       0, 253, 35, 59, 236, 0, 50, 76, 162, 117, 199, 243, 112, 107, 50,
       0, 135, 43, 166, 229, 128, 142, 223, 17, 166, 236, 150, 166, 249,
       27, 224, 242, 106, 3, 121, 202, 194, 226, 108, 103, 74, 190, 189,
       6, 143, 63, 53, 127, 184, 134, 230, 109, 192, 182, 253, 59, 230,
       236, 27, 160, 185, 155, 201, 104, 31, 129, 123, 198, 215, 99, 116,
       103, 205, 255, 60, 94, 207, 61, 87, 127, 251, 134, 31, 207, 103,
       175, 182, 130, 111, 252, 37, 140, 218, 231, 97, 99, 186, 69, 126,
       230, 31, 239, 232, 153, 45, 253, 248, 44, 175, 192, 39, 183, 240,
       105, 98, 163, 238, 24, 202, 176, 184, 103, 170, 21, 140, 185, 32,
       138, 118, 210, 167, 43, 249, 149, 150, 75, 134, 213, 26, 55, 218,
       251, 213, 4, 187, 143, 0, 160, 29, 155, 205, 237, 48, 207, 222,
       57, 1, 24, 134, 144, 104, 33, 129, 27, 106, 16, 22, 120, 90, 209,
       141, 144, 21, 111, 208, 8, 133, 142, 76, 157, 149, 249, 169, 238,
       53, 159, 174, 187, 10, 64, 220, 247, 1, 75, 199, 119, 123, 16, 19,
       201, 91, 96, 205, 162, 127, 70, 136, 82, 133, 51, 1, 162, 149,
       185, 236, 169, 96, 159, 94, 89, 112, 213, 182, 130, 200, 200, 193,
       10, 38, 28, 23, 124, 67, 17, 140, 156, 54, 108, 152, 200, 193,
       217, 219, 69, 102, 237, 7, 18, 78, 41, 101, 0, 210, 2, 75, 104,
       52, 247, 120, 228, 124, 239, 108, 163, 5, 140, 178, 235, 195, 21,
       39, 190, 120, 4, 142, 114, 22, 155, 171, 221, 56, 204, 143, 29,
       17, 48, 140, 210, 235, 207, 167, 25, 191, 82, 6, 69, 10, 241, 134,
       208, 94, 239, 146, 19, 173, 135, 255, 223, 103, 174, 102, 6, 79,
       252, 21, 140, 211, 231, 97, 99, 186, 213, 126, 228, 61, 238, 232,
       147, 13, 175, 240, 42, 239, 132, 47, 191, 240, 105, 10, 129, 151,
       223, 75, 208, 56, 109, 175, 21, 67, 177, 236, 246, 44, 239, 231,
       27, 251, 128, 18, 201, 139, 213, 13, 178, 90, 203, 146, 2, 173,
       158, 32, 180, 57, 251, 253, 205, 221, 175, 31, 113, 45, 24, 150,
       63, 72, 48, 153, 27, 83, 24, 115, 56, 123, 151, 239, 158, 21, 126,
       208, 8, 199, 250, 253, 101, 237, 110, 142, 71, 79, 216, 66, 242,
       189, 10, 83, 249, 123, 35, 121, 196, 85, 239, 200, 99, 191, 56,
       251, 201, 229, 60, 119, 251, 242, 98, 124, 25, 27, 186, 200, 205,
       181, 97, 188, 144, 225, 9, 215, 247, 33, 89, 248, 185, 123, 51,
       88, 115, 26, 28, 221, 163, 79, 72, 208, 34, 39, 162, 32, 220, 56,
       255, 60, 141, 23, 191, 22, 13, 76, 0, 182, 209, 35, 96, 197, 122,
       22, 72, 98, 40, 123, 63, 229, 175, 52, 56, 16, 153, 133, 235, 15,
       141, 130, 187, 145, 182, 184, 7, 62, 11, 75, 149, 140, 234, 38,
       204, 245, 43, 179, 149, 54, 216, 27, 214, 173, 119, 158, 195, 154,
       68, 169, 22, 105, 56, 209, 69, 112, 30, 235, 56, 121, 200, 120,
       72, 251, 51, 149, 180, 158, 220, 20, 168, 137, 186, 177, 74, 15,
       254, 34, 0, 203, 162, 66, 168, 77, 62, 150, 254, 237, 52, 188, 27,
       146, 154, 221, 80, 220, 251, 65, 235, 221, 127, 177, 155, 152, 70,
       218, 128, 207, 243, 255, 236, 138, 105, 187, 131, 116, 99, 238,
       102, 168, 110, 95, 216, 224, 160, 191, 9, 83, 111, 91, 59, 56,
       212, 109, 242, 12, 227, 200, 40, 243, 233, 101, 53, 225, 243, 70,
       18, 116, 170, 152, 96, 200, 44, 81, 218, 162, 189, 172, 8, 55,
       231, 64, 22, 33, 254, 101, 24, 26, 75, 138, 16, 217, 133, 53, 125,
       224, 161, 6, 163, 53, 223, 115, 79, 246, 31, 239, 252, 84, 232,
       251, 230, 115, 101, 189, 228, 126, 238, 22, 238, 217, 186, 109,
       255, 62, 236, 167, 196, 127, 187, 240, 253, 10, 154, 151, 223, 91,
       192, 184, 70, 174, 21, 66, 163, 172, 143, 36, 206, 230, 51, 171,
       144, 2, 201, 162, 225, 13, 178, 218, 203, 130, 4, 37, 251, 245,
       119, 205, 14, 206, 7, 135, 220, 130, 254, 153, 238, 83, 228, 249,
       35, 125, 196, 76, 254, 201, 99, 190, 48, 120, 8, 237, 188, 125,
       123, 178, 241, 118, 177, 249, 80, 233, 201, 81, 99, 235, 189, 177,
       57, 2, 159, 76, 27, 139, 155, 71, 16, 26, 111, 234, 212, 27, 152,
       21, 127, 193, 0, 198, 231, 29, 221, 59, 107, 180, 143, 87, 240,
       244, 200, 110, 68, 247, 117, 33, 96, 180, 123, 93, 106, 251, 169,
       57, 63, 235, 207, 37, 64, 120, 187, 193, 51, 250, 49, 115, 108,
       41, 93, 89, 88, 103, 108, 182, 41, 11, 159, 6, 180, 220, 149, 253,
       224, 141, 35, 241, 153, 211, 249, 128, 187, 99, 133, 110, 119, 68,
       164, 145, 67, 248, 105, 169, 11, 42, 181, 41, 24, 212, 7, 72, 58,
       179, 31, 74, 57, 18, 112, 233, 66, 13, 22, 31, 100, 192, 67, 135,
       224, 166, 237, 130, 158, 221, 35, 182, 236, 31, 166, 249, 11, 224,
       226, 107, 1, 249, 234, 66, 226, 116, 119, 74, 255, 61, 6, 207, 63,
       149, 127, 188, 130, 53, 221, 127, 79, 182, 31, 238, 252, 84, 224,
       251, 198, 115, 100, 189, 224, 126, 238, 22, 238, 233, 176, 125,
       61, 62, 237, 167, 132, 125, 187, 240, 185, 26, 140, 142, 187, 145,
       246, 60, 167, 62, 91, 202, 21, 236, 250, 34, 192, 241, 43, 187,
       149, 63, 216, 27, 247, 169, 247, 158, 67, 152, 68, 169, 26, 2,
       162, 28, 155, 236, 169, 169, 143, 30, 49, 17, 217, 156, 66, 72,
       137, 143, 27, 107, 21, 19, 88, 207, 209, 12, 18, 127, 124, 156,
       136, 137, 152, 26, 158, 26, 187, 18, 133, 58, 207, 30, 5, 64, 151,
       173, 239, 34, 64, 255, 59, 163, 129, 54, 156, 19, 255, 239, 199,
       154, 73, 176, 8, 173, 155, 41, 235, 123, 97, 116, 143, 107, 87,
       105, 9, 126, 104, 187, 3, 148, 52, 146, 40, 70, 92, 131, 184, 225,
       93, 238, 221, 32, 64, 202, 136, 66, 169, 141, 177, 130, 241, 181,
       151, 244, 223, 50, 185, 86, 24, 153, 179, 90, 164, 153, 94, 213,
       153, 58, 90, 216, 130, 239, 197, 191, 237, 138, 68, 186, 138, 124,
       55, 240, 114, 251, 125, 89, 215, 163, 189, 189, 57, 15, 159, 202,
       158, 7, 214, 221, 24, 26, 75, 234, 128, 219, 221, 21, 255, 227,
       199, 206, 115, 100, 178, 153, 192, 234, 233, 161, 75, 170, 61,
       185, 120, 148, 156, 76, 24, 175, 19, 66, 17, 19, 43, 202, 80, 29,
       4, 63, 124, 193, 10, 135, 161, 0, 160, 25, 145, 205, 237, 176,
       207, 206, 57, 41, 24, 134, 208, 104, 8, 129, 27, 98, 16, 18, 56,
       90, 85, 13, 148, 23, 111, 208, 8, 133, 130, 16, 155, 57, 107, 48,
       207, 67, 182, 86, 45, 238, 32, 179, 17, 160, 96, 80, 58, 12, 72,
       10, 184, 97, 61, 225, 175, 48, 16, 48, 138, 68, 41, 0, 131, 57,
       249, 184, 141, 37, 191, 94, 61, 92, 56, 183, 17, 200, 32, 151, 26,
       38, 8, 66, 56, 107, 55, 205, 159, 52, 124, 80, 136, 133, 233, 206,
       141, 61, 122, 153, 245, 25, 171, 143, 21, 141, 17, 252, 255, 46,
       115, 129, 51, 249, 145, 62, 73, 58, 245, 235, 219, 79, 127, 146,
       4, 133, 98, 29, 21, 147, 233, 147, 182, 110, 83, 53, 139, 223,
       118, 75, 243, 160, 236, 117, 190, 156, 184, 57, 145, 49, 206, 170,
       255, 143, 198, 170, 228, 169, 36, 120, 221, 30, 238, 25, 198, 87,
       50, 196, 0, 238, 4, 115, 115, 32, 112, 64, 246, 92, 106, 40, 137,
       89, 63, 227, 239, 33, 81, 58, 10, 104, 58, 32, 181, 61, 251, 252,
       77, 225, 175, 30, 121, 49, 24, 214, 55, 72, 49, 153, 27, 87, 24,
       115, 120, 121, 23, 237, 158, 53, 116, 208, 8, 197, 242, 244, 32,
       215, 84, 72, 104, 97, 2, 233, 182, 163, 24, 210, 166, 69, 59, 43,
       245, 104, 146, 8, 103, 231, 64, 149, 162, 83, 56, 225, 113, 102,
       96, 124, 116, 245, 101, 101, 110, 115, 216, 107, 242, 163, 8, 94,
       87, 73, 58, 185, 220, 117, 122, 9, 246, 249, 2, 223, 221, 69, 54,
       234, 115, 66, 178, 108, 73, 81, 197, 100, 78, 99, 56, 125, 128,
       98, 8, 223, 19, 0, 244, 114, 180, 46, 106, 89, 184, 113, 12, 157,
       254, 65, 64, 34, 170, 64, 32, 32, 255, 177, 93, 249, 141, 167,
       191, 30, 173, 120, 76, 180, 246, 196, 52, 221, 126, 38, 24, 195,
       24, 250, 51, 45, 158, 183, 238, 216, 122, 199, 187, 169, 224, 217,
       101, 116, 30, 98, 48, 112, 160, 99, 72, 83, 112, 152, 240, 120,
