%YAML:1.0
---
descriptors: !!opencv-matrix
   rows: 269
   cols: 32
   dt: u
   data: [ 53, 109, 236, 68, 204, 7, 207, 252, 64, 250, 188, 78, 83, 105,
       223, 51, 120, 196, 95, 111, 205, 99, 127, 8, 122, 9, 229, 60, 125,
       251, 250, 240, 35, 172, 234, 74, 215, 249, 235, 79, 95, 65, 124,
       138, 56, 237, 246, 36, 127, 186, 19, 157, 147, 186, 254, 255, 127,
       29, 133, 104, 215, 206, 246, 236, 100, 249, 179, 112, 205, 207,
       87, 165, 235, 190, 170, 40, 86, 245, 64, 48, 177, 246, 100, 66,
       65, 107, 186, 56, 127, 222, 69, 63, 64, 122, 198, 43, 243, 197,
       70, 206, 23, 83, 70, 104, 69, 0, 251, 2, 99, 104, 60, 229, 120,
       228, 140, 234, 108, 163, 45, 141, 178, 232, 195, 23, 119, 62, 120,
       4, 139, 148, 132, 187, 181, 250, 176, 143, 30, 83, 74, 21, 236,
       186, 62, 201, 209, 11, 179, 21, 54, 220, 91, 215, 140, 119, 218,
       71, 156, 76, 153, 158, 2, 162, 149, 187, 248, 137, 168, 143, 158,
       49, 16, 241, 164, 163, 200, 72, 207, 27, 107, 17, 50, 92, 75, 215,
       140, 22, 126, 236, 156, 8, 129, 169, 84, 241, 157, 114, 152, 205,
       83, 184, 162, 176, 171, 8, 247, 247, 72, 50, 17, 244, 108, 90, 11,
       65, 251, 53, 233, 130, 37, 124, 96, 163, 6, 34, 206, 253, 114,
       206, 239, 116, 158, 234, 139, 158, 156, 171, 44, 254, 127, 134,
       239, 211, 223, 227, 224, 3, 170, 250, 59, 92, 207, 191, 23, 127,
       47, 255, 149, 79, 7, 191, 178, 130, 46, 179, 52, 8, 74, 228, 245,
       99, 129, 64, 54, 103, 124, 238, 241, 152, 69, 63, 164, 174, 42,
       128, 40, 243, 161, 41, 17, 156, 210, 222, 147, 194, 54, 247, 60,
       1, 206, 130, 125, 243, 32, 228, 115, 255, 26, 128, 51, 153, 29,
       255, 185, 230, 14, 66, 191, 90, 169, 186, 162, 59, 248, 223, 238,
       137, 150, 247, 219, 148, 120, 239, 172, 232, 197, 11, 206, 123,
       135, 67, 198, 106, 206, 249, 38, 16, 119, 187, 84, 248, 215, 143,
       76, 156, 183, 255, 170, 102, 189, 147, 174, 155, 10, 96, 220, 119,
       0, 107, 199, 119, 123, 144, 16, 201, 123, 112, 205, 166, 127, 192,
       144, 98, 165, 51, 212, 48, 149, 244, 137, 108, 84, 11, 171, 183,
       163, 25, 206, 183, 73, 91, 161, 213, 237, 18, 24, 69, 219, 64,
       219, 242, 81, 63, 160, 97, 6, 34, 213, 223, 110, 167, 22, 6, 111,
       244, 36, 228, 210, 231, 115, 99, 155, 65, 126, 228, 61, 239, 232,
       147, 29, 46, 240, 170, 239, 128, 45, 187, 112, 121, 53, 207, 99,
       79, 246, 91, 239, 253, 84, 96, 250, 70, 115, 100, 189, 228, 122,
       206, 22, 238, 217, 186, 125, 63, 63, 172, 167, 196, 117, 251, 240,
       236, 9, 253, 187, 255, 180, 207, 167, 247, 118, 73, 88, 64, 183,
       247, 32, 32, 181, 123, 22, 73, 227, 184, 48, 63, 233, 175, 62, 0,
       88, 90, 161, 185, 61, 114, 225, 99, 172, 35, 75, 152, 66, 243,
       145, 238, 83, 69, 217, 42, 95, 204, 117, 254, 155, 102, 239, 16,
       216, 205, 165, 252, 255, 251, 82, 81, 25, 253, 63, 103, 176, 206,
       71, 182, 228, 136, 174, 0, 247, 115, 1, 48, 32, 118, 92, 106, 73,
       169, 49, 45, 233, 239, 37, 16, 104, 179, 192, 43, 249, 77, 94,
       238, 44, 86, 71, 56, 228, 0, 238, 0, 115, 115, 35, 115, 80, 244,
       124, 234, 105, 163, 113, 44, 243, 233, 224, 17, 50, 187, 120, 42,
       216, 249, 145, 234, 59, 205, 19, 156, 190, 105, 130, 24, 189, 151,
       64, 112, 166, 117, 121, 80, 115, 15, 187, 115, 249, 160, 46, 120,
       24, 16, 135, 123, 2, 145, 150, 159, 11, 192, 184, 109, 174, 21,
       75, 161, 236, 254, 46, 74, 231, 19, 187, 129, 22, 201, 11, 209,
       141, 50, 90, 67, 144, 6, 173, 159, 32, 233, 57, 250, 221, 205, 87,
       230, 223, 29, 168, 8, 190, 251, 65, 48, 137, 251, 67, 66, 74, 42,
       90, 183, 239, 223, 20, 59, 80, 25, 71, 170, 22, 207, 111, 175,
       150, 2, 111, 252, 36, 132, 218, 231, 97, 103, 177, 64, 126, 230,
       15, 238, 232, 153, 45, 109, 240, 172, 175, 128, 37, 179, 180, 105,
       252, 245, 121, 104, 61, 79, 83, 248, 67, 104, 181, 8, 91, 93, 77,
       49, 216, 220, 93, 106, 107, 39, 249, 159, 243, 217, 33, 60, 115,
       171, 70, 51, 240, 237, 28, 242, 9, 237, 92, 236, 51, 57, 169, 25,
       183, 219, 73, 27, 161, 219, 101, 66, 106, 78, 218, 53, 251, 219,
       85, 121, 96, 83, 6, 10, 181, 96, 237, 99, 140, 103, 79, 152, 82,
       242, 181, 206, 83, 68, 217, 59, 93, 196, 124, 254, 169, 102, 253,
       48, 220, 203, 229, 188, 253, 251, 82, 112, 95, 190, 175, 90, 251,
       253, 181, 254, 255, 95, 214, 61, 104, 253, 223, 61, 165, 127, 255,
       21, 167, 207, 187, 255, 123, 127, 125, 203, 203, 84, 127, 255,
       201, 249, 191, 251, 237, 156, 116, 183, 255, 27, 38, 16, 254, 253,
       116, 235, 193, 103, 123, 94, 115, 105, 251, 177, 239, 251, 87, 91,
       146, 89, 193, 234, 146, 10, 110, 189, 10, 162, 104, 79, 190, 149,
       210, 151, 237, 194, 50, 74, 103, 103, 125, 141, 132, 205, 135,
       221, 128, 227, 251, 193, 36, 132, 189, 72, 242, 160, 212, 255,
       205, 107, 224, 207, 87, 179, 226, 19, 105, 235, 92, 79, 233, 206,
       107, 144, 62, 127, 219, 241, 31, 242, 215, 119, 179, 104, 216,
       142, 99, 184, 146, 210, 221, 237, 176, 199, 159, 25, 160, 24, 190,
       219, 101, 24, 201, 59, 123, 17, 19, 107, 210, 240, 157, 152, 30,
       123, 152, 72, 195, 154, 60, 77, 106, 206, 212, 151, 207, 244, 213,
       132, 252, 2, 115, 233, 183, 100, 88, 250, 22, 234, 232, 187, 60,
       191, 115, 239, 167, 136, 119, 251, 124, 168, 1, 93, 123, 101, 116,
       78, 111, 48, 117, 104, 126, 100, 243, 23, 145, 112, 126, 252, 86,
       110, 201, 176, 113, 46, 229, 173, 32, 128, 104, 187, 70, 113, 206,
       173, 144, 140, 233, 113, 190, 235, 171, 150, 184, 25, 172, 234,
       119, 135, 203, 219, 219, 163, 52, 11, 154, 218, 63, 84, 143, 63,
       210, 100, 175, 134, 108, 164, 249, 97, 237, 105, 81, 11, 107, 181,
       173, 56, 214, 63, 72, 58, 155, 158, 77, 48, 26, 122, 233, 18, 207,
       215, 21, 119, 226, 66, 198, 162, 60, 77, 122, 238, 212, 146, 255,
       252, 85, 132, 255, 2, 121, 233, 181, 224, 120, 236, 151, 234, 232,
       179, 60, 190, 115, 239, 167, 129, 119, 251, 252, 162, 180, 207,
       218, 254, 222, 35, 190, 236, 30, 162, 249, 187, 101, 227, 41, 1,
       127, 255, 79, 226, 96, 247, 73, 255, 252, 198, 239, 188, 181, 251,
       181, 130, 53, 205, 127, 79, 182, 27, 238, 252, 100, 224, 250, 66,
       115, 64, 189, 225, 122, 228, 30, 110, 233, 176, 109, 61, 63, 237,
       167, 148, 101, 187, 240, 161, 2, 162, 29, 155, 236, 169, 169, 143,
       158, 49, 17, 249, 148, 194, 72, 8, 207, 27, 106, 17, 19, 92, 203,
       209, 140, 144, 190, 252, 156, 8, 129, 168, 242, 195, 70, 204, 31,
       82, 70, 104, 197, 4, 242, 2, 66, 72, 52, 117, 120, 228, 110, 226,
       108, 163, 69, 221, 176, 42, 195, 23, 113, 58, 116, 4, 24, 230,
       203, 161, 54, 66, 107, 254, 52, 105, 218, 226, 181, 7, 216, 64,
       127, 220, 29, 254, 75, 156, 13, 175, 232, 231, 190, 196, 37, 131,
       53, 121, 72, 249, 51, 90, 217, 205, 87, 247, 231, 13, 236, 8, 58,
       215, 36, 52, 128, 242, 230, 80, 90, 43, 50, 125, 123, 252, 4, 75,
       114, 2, 166, 107, 221, 84, 245, 101, 8, 110, 77, 56, 160, 250,
       163, 88, 83, 119, 137, 123, 53, 212, 125, 170, 233, 197, 185, 8,
       241, 170, 101, 20, 40, 243, 66, 49, 102, 177, 184, 250, 201, 205,
       81, 207, 139, 61, 173, 25, 38, 221, 78, 26, 129, 211, 233, 16, 26,
       75, 218, 49, 223, 81, 21, 127, 208, 10, 134, 91, 252, 88, 255,
       100, 11, 78, 87, 184, 225, 162, 167, 8, 95, 247, 1, 123, 50, 244,
       108, 106, 105, 103, 187, 8, 211, 235, 101, 61, 98, 177, 70, 34,
       170, 59, 208, 159, 110, 137, 190, 113, 30, 134, 81, 239, 173, 200,
       230, 1, 30, 123, 135, 71, 192, 250, 222, 233, 100, 0, 111, 170,
       93, 255, 139, 153, 33, 141, 17, 252, 157, 199, 67, 231, 86, 1,
       232, 0, 178, 241, 48, 96, 217, 42, 10, 24, 10, 170, 83, 63, 233,
       190, 146, 88, 144, 8, 240, 42, 34, 172, 170, 90, 213, 245, 163,
       207, 95, 13, 124, 26, 32, 216, 246, 36, 249, 186, 19, 153, 146,
       58, 46, 243, 31, 30, 159, 235, 213, 76, 247, 174, 197, 104, 191,
