%YAML:1.0
---
descriptors: !!opencv-matrix
   rows: 312
   cols: 32
   dt: u
   data: [ 76, 156, 151, 253, 169, 238, 49, 151, 174, 59, 75, 64, 252,
       55, 0, 107, 231, 119, 127, 16, 17, 217, 19, 101, 205, 162, 126,
       208, 128, 65, 165, 35, 18, 207, 99, 175, 178, 2, 111, 253, 36, 4,
       218, 231, 97, 103, 176, 64, 126, 238, 15, 239, 216, 153, 45, 255,
       252, 164, 175, 128, 37, 242, 181, 233, 60, 79, 122, 238, 84, 146,
       238, 240, 85, 128, 255, 2, 83, 233, 181, 192, 120, 252, 151, 234,
       232, 179, 44, 174, 114, 239, 167, 129, 119, 187, 112, 130, 39,
       199, 194, 190, 254, 43, 190, 252, 159, 226, 249, 239, 236, 232,
       255, 3, 255, 203, 87, 231, 164, 107, 78, 254, 188, 30, 175, 188,
       157, 255, 177, 149, 245, 221, 78, 167, 54, 6, 79, 188, 68, 224,
       214, 199, 115, 105, 155, 65, 126, 228, 61, 239, 237, 177, 93, 44,
       240, 171, 239, 144, 45, 187, 120, 24, 238, 173, 16, 140, 233, 116,
       190, 235, 171, 158, 188, 40, 140, 250, 103, 151, 207, 83, 223,
       227, 86, 11, 138, 242, 63, 89, 207, 191, 18, 119, 47, 143, 60, 41,
       123, 99, 212, 207, 99, 208, 96, 172, 102, 8, 19, 149, 129, 52, 24,
       252, 68, 122, 9, 184, 48, 44, 107, 233, 32, 84, 99, 171, 70, 168,
       152, 224, 203, 161, 146, 66, 173, 229, 54, 225, 66, 242, 213, 151,
       72, 64, 127, 93, 17, 241, 83, 216, 149, 70, 237, 199, 191, 196,
       173, 144, 181, 184, 88, 173, 63, 120, 155, 238, 85, 247, 165, 5,
       174, 8, 63, 183, 0, 48, 37, 179, 232, 144, 26, 169, 178, 61, 251,
       231, 20, 75, 226, 192, 166, 106, 100, 248, 145, 98, 233, 109, 55,
       140, 122, 187, 40, 8, 150, 149, 73, 60, 145, 92, 100, 90, 83, 112,
       248, 50, 45, 156, 5, 126, 192, 123, 199, 163, 93, 93, 63, 230,
       148, 207, 71, 176, 228, 200, 174, 72, 247, 119, 33, 115, 32, 118,
       92, 106, 233, 169, 57, 61, 241, 233, 37, 16, 106, 187, 68, 50, 84,
       176, 157, 114, 8, 237, 67, 152, 162, 176, 175, 8, 247, 247, 73,
       50, 17, 212, 108, 90, 11, 65, 187, 16, 217, 136, 37, 60, 98, 243,
       6, 42, 124, 117, 105, 101, 48, 78, 111, 56, 36, 236, 254, 228,
       211, 87, 145, 112, 62, 220, 93, 110, 201, 176, 241, 14, 229, 173,
       32, 128, 104, 179, 70, 113, 16, 173, 26, 233, 148, 162, 194, 79,
       100, 9, 234, 3, 115, 25, 32, 0, 248, 142, 76, 241, 30, 185, 1, 13,
       249, 229, 162, 65, 225, 66, 240, 10, 40, 237, 57, 254, 221, 205,
       87, 230, 159, 20, 224, 8, 190, 249, 97, 48, 201, 251, 67, 66, 98,
       42, 90, 191, 231, 223, 20, 59, 80, 25, 70, 170, 207, 253, 114,
       140, 239, 116, 190, 238, 137, 158, 156, 43, 204, 254, 119, 135,
       239, 211, 223, 227, 244, 3, 170, 242, 57, 92, 207, 191, 23, 119,
       47, 207, 28, 133, 211, 225, 147, 66, 47, 247, 52, 193, 78, 210,
       221, 103, 168, 228, 119, 125, 157, 184, 25, 152, 21, 206, 233,
       230, 175, 196, 174, 246, 165, 48, 25, 157, 210, 255, 147, 143, 54,
       247, 55, 1, 74, 70, 125, 243, 32, 228, 115, 255, 18, 184, 115,
       153, 24, 255, 185, 230, 22, 66, 187, 74, 169, 139, 34, 191, 248,
       223, 238, 153, 150, 247, 203, 148, 56, 239, 174, 232, 199, 3, 206,
       123, 231, 67, 198, 106, 206, 241, 46, 16, 101, 187, 84, 248, 95,
       143, 216, 249, 145, 170, 187, 205, 19, 149, 174, 105, 130, 24,
       191, 215, 64, 112, 182, 209, 125, 208, 83, 13, 186, 115, 249, 229,
       46, 126, 16, 2, 165, 123, 237, 233, 191, 251, 173, 140, 117, 167,
       255, 59, 38, 16, 254, 251, 116, 123, 193, 102, 123, 94, 114, 233,
       251, 177, 239, 251, 86, 91, 146, 89, 209, 42, 33, 141, 15, 94, 29,
       135, 67, 239, 214, 1, 232, 0, 51, 224, 48, 64, 217, 234, 10, 12,
       15, 171, 83, 63, 121, 190, 2, 88, 88, 10, 240, 10, 169, 45, 121,
       101, 244, 79, 111, 59, 113, 230, 126, 8, 211, 53, 145, 49, 90,
       220, 102, 42, 233, 248, 245, 14, 111, 207, 37, 4, 99, 250, 70,
       248, 124, 164, 152, 234, 157, 45, 82, 200, 3, 55, 173, 27, 67,
       121, 74, 27, 217, 130, 76, 50, 62, 98, 219, 147, 219, 223, 193,
       127, 243, 75, 254, 2, 180, 118, 233, 106, 206, 35, 206, 216, 3,
       186, 177, 239, 83, 108, 221, 171, 127, 220, 85, 247, 201, 103,
       207, 56, 58, 8, 229, 188, 245, 251, 114, 129, 253, 96, 237, 99,
       204, 71, 79, 216, 66, 242, 181, 10, 83, 69, 217, 59, 89, 204, 124,
       254, 233, 102, 255, 48, 251, 137, 229, 60, 245, 251, 114, 96, 127,
       190, 174, 90, 251, 221, 53, 255, 251, 127, 126, 253, 122, 252,
       206, 247, 165, 126, 253, 20, 247, 219, 191, 191, 123, 127, 117,
       235, 235, 212, 239, 247, 32, 173, 18, 168, 81, 169, 178, 71, 14,
       1, 104, 1, 36, 154, 32, 80, 248, 187, 2, 128, 22, 154, 0, 127,
       125, 164, 154, 107, 145, 10, 171, 138, 2, 162, 29, 187, 248, 169,
       168, 143, 158, 49, 16, 249, 180, 167, 200, 8, 207, 27, 107, 17,
       18, 88, 74, 215, 140, 22, 126, 236, 148, 8, 133, 169, 139, 132,
       148, 155, 253, 249, 176, 143, 94, 115, 74, 51, 172, 184, 110, 204,
       209, 11, 179, 21, 55, 220, 75, 211, 12, 118, 90, 71, 158, 76, 153,
       142, 247, 69, 102, 236, 23, 82, 78, 104, 101, 160, 226, 2, 107,
       104, 53, 231, 120, 228, 252, 235, 108, 163, 45, 141, 179, 234,
       195, 19, 103, 191, 120, 4, 25, 253, 59, 103, 176, 206, 71, 182,
       100, 9, 110, 64, 183, 55, 1, 32, 48, 126, 92, 88, 107, 169, 49,
       47, 233, 239, 36, 64, 224, 210, 135, 57, 0, 169, 130, 157, 210,
       169, 34, 231, 46, 129, 74, 2, 36, 162, 32, 192, 48, 46, 42, 24,
       18, 152, 2, 125, 60, 36, 30, 65, 144, 64, 185, 136, 40, 175, 234,
       219, 213, 245, 242, 255, 87, 173, 124, 2, 40, 249, 124, 128, 121,
       234, 147, 152, 18, 186, 8, 255, 127, 77, 149, 105, 211, 138, 254,
       138, 43, 164, 106, 72, 246, 185, 251, 95, 95, 65, 124, 138, 56,
       205, 254, 52, 127, 186, 19, 29, 146, 186, 246, 223, 127, 29, 17,
       104, 215, 142, 242, 236, 166, 223, 226, 158, 247, 164, 238, 196,
       31, 6, 89, 215, 104, 234, 61, 196, 255, 235, 19, 215, 246, 158,
       156, 235, 52, 52, 142, 170, 159, 223, 240, 157, 1, 189, 51, 255,
       240, 197, 167, 246, 126, 73, 120, 64, 181, 247, 32, 96, 181, 123,
       18, 73, 227, 184, 50, 63, 237, 174, 62, 8, 88, 64, 163, 185, 244,
       98, 237, 234, 206, 99, 75, 200, 18, 242, 145, 170, 83, 69, 217,
       42, 91, 196, 85, 255, 43, 71, 207, 48, 216, 131, 237, 252, 245,
       187, 118, 32, 99, 184, 19, 154, 237, 237, 240, 199, 191, 89, 168,
       24, 190, 218, 100, 124, 201, 43, 123, 16, 19, 107, 242, 243, 157,
       30, 90, 122, 152, 72, 195, 190, 152, 158, 26, 187, 18, 164, 59,
       247, 62, 7, 70, 151, 189, 231, 34, 64, 119, 59, 131, 128, 50, 156,
       18, 255, 231, 231, 58, 193, 48, 0, 173, 154, 35, 57, 227, 87, 91,
       144, 174, 67, 249, 192, 248, 204, 168, 232, 213, 166, 46, 110, 82,
       205, 197, 251, 182, 234, 36, 28, 142, 170, 207, 164, 115, 252, 13,
       93, 123, 103, 116, 206, 111, 176, 53, 232, 126, 100, 211, 23, 145,
       112, 54, 252, 23, 106, 201, 176, 121, 46, 229, 173, 36, 128, 104,
       179, 70, 241, 72, 189, 51, 120, 217, 204, 87, 167, 163, 13, 236,
       8, 62, 183, 0, 52, 128, 179, 236, 64, 90, 42, 162, 125, 123, 246,
       20, 75, 226, 0, 166, 107, 30, 205, 101, 154, 27, 219, 75, 168,
       143, 132, 140, 139, 238, 69, 30, 133, 2, 227, 223, 239, 106, 9,
       111, 253, 185, 88, 13, 91, 54, 15, 21, 108, 169, 79, 103, 77, 52,
       26, 233, 55, 109, 72, 126, 68, 187, 1, 148, 181, 10, 32, 86, 108,
       225, 184, 37, 13, 102, 249, 32, 128, 79, 168, 90, 169, 167, 207,
       128, 159, 213, 181, 174, 231, 31, 2, 73, 215, 224, 234, 61, 196,
       221, 107, 19, 255, 247, 158, 72, 255, 44, 118, 143, 42, 157, 127,
       185, 148, 0, 162, 20, 249, 172, 169, 96, 159, 94, 59, 96, 116,
       183, 2, 200, 72, 193, 10, 46, 24, 18, 124, 67, 17, 140, 210, 114,
       108, 152, 136, 193, 137, 142, 229, 54, 137, 237, 253, 188, 207,
       143, 150, 28, 3, 140, 206, 111, 143, 235, 11, 211, 49, 86, 97, 26,
       208, 39, 81, 79, 47, 22, 94, 141, 207, 32, 141, 25, 184, 29, 207,
