%YAML:1.0
---
descriptors: !!opencv-matrix
   rows: 319
   cols: 32
   dt: u
   data: [ 4, 184, 145, 176, 216, 201, 177, 65, 142, 177, 161, 88, 148,
       151, 64, 43, 169, 25, 74, 17, 19, 107, 154, 80, 29, 144, 27, 126,
       208, 9, 135, 162, 17, 13, 87, 239, 22, 66, 79, 57, 36, 0, 203, 66,
       115, 103, 160, 96, 114, 246, 28, 234, 121, 153, 57, 13, 241, 237,
       163, 0, 52, 170, 240, 40, 0, 136, 21, 153, 202, 201, 161, 207,
       222, 17, 96, 112, 180, 146, 104, 232, 35, 59, 34, 24, 19, 24, 2,
       81, 141, 128, 62, 104, 144, 8, 129, 168, 61, 69, 91, 229, 20, 18,
       110, 120, 100, 160, 254, 66, 83, 35, 177, 96, 120, 204, 14, 234,
       233, 178, 53, 142, 246, 239, 163, 4, 109, 187, 120, 32, 127, 83,
       96, 74, 207, 19, 222, 216, 71, 248, 180, 42, 74, 216, 255, 252,
       127, 200, 255, 255, 206, 35, 207, 240, 58, 73, 165, 255, 255, 255,
       122, 7, 71, 59, 111, 35, 50, 204, 187, 16, 168, 236, 31, 165, 245,
       79, 211, 50, 6, 53, 125, 95, 193, 144, 236, 44, 206, 41, 43, 208,
       36, 131, 23, 241, 50, 174, 234, 154, 95, 225, 155, 198, 150, 71,
       220, 163, 40, 237, 55, 64, 91, 251, 147, 147, 10, 15, 110, 255,
       123, 5, 158, 251, 181, 79, 53, 250, 123, 176, 161, 116, 33, 84,
       88, 63, 123, 235, 212, 29, 58, 188, 86, 189, 157, 159, 245, 133,
       141, 90, 241, 193, 219, 95, 216, 170, 79, 4, 126, 127, 75, 48,
       170, 84, 99, 92, 121, 112, 57, 204, 86, 173, 56, 159, 214, 52,
       182, 189, 245, 132, 133, 219, 178, 201, 83, 127, 121, 171, 6, 164,
       46, 255, 25, 189, 27, 114, 241, 173, 87, 119, 49, 42, 108, 76,
       191, 115, 0, 177, 181, 187, 84, 42, 121, 90, 16, 61, 251, 219, 5,
       106, 106, 64, 130, 59, 81, 70, 236, 39, 58, 18, 146, 40, 20, 236,
       147, 167, 83, 44, 142, 99, 246, 101, 253, 101, 172, 229, 237, 46,
       250, 239, 109, 149, 37, 43, 57, 83, 240, 170, 158, 120, 172, 173,
       80, 87, 235, 31, 180, 25, 55, 147, 64, 27, 161, 163, 76, 24, 58,
       111, 146, 17, 219, 217, 112, 121, 224, 128, 206, 11, 250, 64, 210,
       236, 13, 6, 88, 72, 177, 6, 227, 11, 75, 219, 47, 222, 248, 213,
       233, 226, 76, 199, 146, 139, 147, 251, 195, 31, 35, 54, 126, 6,
       63, 246, 230, 84, 214, 18, 207, 248, 83, 238, 245, 230, 73, 104,
       182, 133, 127, 236, 166, 239, 173, 251, 45, 206, 58, 78, 229, 181,
       239, 247, 126, 221, 215, 135, 172, 166, 174, 82, 158, 232, 154,
       254, 159, 171, 71, 108, 146, 195, 183, 69, 253, 103, 252, 195, 47,
       14, 250, 227, 111, 151, 37, 118, 61, 75, 125, 37, 225, 196, 223,
       19, 79, 248, 65, 234, 189, 238, 91, 96, 215, 182, 123, 196, 212,
       238, 237, 35, 237, 142, 186, 207, 165, 188, 127, 254, 122, 125,
       191, 99, 99, 10, 207, 85, 223, 216, 195, 220, 252, 175, 73, 204,
       255, 188, 126, 201, 151, 247, 207, 35, 174, 240, 122, 89, 143,
       175, 247, 255, 254, 213, 84, 132, 156, 187, 138, 97, 16, 138, 167,
       19, 169, 48, 197, 251, 74, 90, 203, 147, 234, 146, 62, 99, 203,
       115, 219, 231, 83, 127, 240, 67, 175, 3, 188, 67, 127, 229, 100,
       15, 102, 56, 101, 136, 243, 72, 211, 11, 25, 49, 152, 212, 70,
       106, 232, 182, 81, 140, 231, 251, 97, 20, 96, 186, 70, 160, 125,
       65, 88, 173, 28, 79, 83, 232, 37, 36, 237, 9, 215, 27, 11, 80,
       216, 209, 77, 98, 8, 179, 89, 12, 247, 205, 1, 21, 96, 35, 66, 98,
       55, 37, 98, 8, 222, 147, 134, 253, 68, 232, 249, 110, 114, 248,
       183, 164, 88, 232, 22, 239, 221, 187, 76, 157, 58, 12, 165, 244,
       95, 174, 248, 132, 248, 141, 26, 238, 21, 198, 86, 183, 20, 128,
       206, 3, 115, 99, 33, 208, 112, 230, 136, 108, 104, 155, 17, 47,
       243, 231, 132, 1, 50, 250, 120, 10, 33, 1, 127, 101, 20, 79, 227,
       48, 124, 224, 231, 8, 211, 49, 5, 112, 216, 204, 106, 106, 9, 176,
       121, 12, 231, 250, 0, 20, 65, 171, 70, 226, 97, 1, 125, 101, 52,
       79, 227, 56, 108, 200, 127, 0, 215, 57, 20, 114, 248, 68, 126, 46,
       201, 176, 113, 12, 199, 255, 98, 20, 72, 170, 65, 226, 151, 86,
       229, 95, 206, 51, 175, 248, 86, 246, 23, 246, 65, 104, 191, 239,
       127, 196, 58, 239, 225, 231, 111, 234, 56, 10, 239, 132, 191, 255,
       241, 245, 237, 64, 165, 229, 173, 78, 101, 56, 100, 230, 166, 0,
       223, 53, 17, 107, 200, 68, 125, 110, 72, 244, 249, 8, 205, 251,
       69, 20, 194, 249, 84, 98, 11, 183, 82, 138, 215, 147, 190, 109,
       28, 201, 89, 230, 236, 250, 174, 224, 254, 43, 146, 177, 85, 147,
       12, 238, 46, 84, 142, 131, 159, 14, 185, 157, 102, 160, 13, 168,
       57, 205, 89, 200, 143, 61, 161, 137, 143, 151, 76, 24, 201, 145,
       239, 208, 26, 75, 74, 148, 155, 213, 219, 127, 144, 15, 6, 114,
       171, 159, 49, 235, 244, 149, 223, 255, 87, 77, 124, 102, 184, 95,
       182, 36, 221, 26, 151, 220, 251, 58, 104, 191, 111, 221, 182, 234,
       87, 140, 244, 251, 200, 25, 155, 253, 160, 238, 121, 19, 168, 138,
       102, 112, 191, 55, 1, 91, 166, 55, 125, 24, 16, 220, 145, 72, 199,
       249, 114, 128, 128, 193, 39, 59, 37, 172, 241, 78, 253, 111, 199,
       255, 83, 234, 124, 8, 114, 241, 188, 52, 89, 238, 18, 42, 249, 58,
       120, 47, 47, 30, 5, 60, 83, 250, 210, 172, 208, 166, 158, 182,
       186, 226, 25, 175, 186, 159, 6, 177, 237, 231, 106, 91, 179, 119,
       237, 176, 50, 77, 139, 127, 216, 227, 255, 221, 160, 96, 133, 83,
       27, 159, 99, 141, 182, 18, 190, 183, 13, 64, 90, 230, 105, 46,
       182, 224, 118, 199, 159, 231, 213, 152, 37, 239, 60, 110, 175,
       134, 62, 254, 177, 125, 124, 165, 105, 100, 244, 91, 207, 245, 65,
       236, 125, 168, 83, 45, 156, 48, 24, 222, 85, 106, 217, 186, 236,
       14, 243, 205, 165, 188, 103, 250, 214, 240, 134, 86, 38, 154, 47,
       120, 190, 200, 141, 94, 151, 183, 204, 222, 63, 207, 231, 81, 255,
       227, 38, 69, 43, 245, 131, 115, 219, 215, 150, 127, 61, 87, 228,
       102, 76, 229, 44, 15, 70, 112, 109, 170, 240, 72, 211, 17, 9, 51,
       220, 212, 78, 106, 232, 246, 65, 12, 132, 154, 97, 52, 64, 187,
       82, 160, 139, 121, 98, 154, 87, 209, 186, 64, 159, 69, 85, 147,
       108, 222, 62, 132, 190, 249, 147, 215, 22, 147, 60, 245, 55, 92,
       154, 235, 23, 15, 189, 214, 32, 167, 64, 137, 212, 163, 234, 75,
       78, 33, 120, 66, 48, 202, 116, 0, 121, 170, 2, 153, 18, 186, 64,
       223, 44, 12, 175, 96, 221, 74, 242, 136, 65, 112, 19, 205, 108,
       78, 175, 120, 108, 200, 203, 66, 148, 146, 161, 98, 114, 28, 74,
       234, 193, 151, 245, 74, 52, 40, 170, 0, 8, 178, 33, 161, 86, 53,
       26, 186, 187, 249, 18, 200, 175, 13, 185, 41, 14, 222, 104, 144,
       254, 177, 207, 83, 6, 3, 138, 209, 177, 209, 11, 127, 144, 3, 175,
       71, 45, 103, 24, 107, 112, 30, 114, 208, 125, 8, 110, 72, 223, 19,
       1, 176, 182, 12, 68, 126, 1, 176, 17, 14, 231, 253, 32, 4, 74,
       179, 106, 131, 45, 245, 212, 87, 253, 218, 230, 184, 254, 250,
       127, 96, 251, 240, 221, 246, 123, 124, 230, 106, 231, 240, 239,
       157, 46, 235, 103, 4, 235, 239, 74, 165, 39, 99, 34, 156, 93, 151,
       150, 104, 206, 104, 185, 15, 204, 232, 63, 164, 216, 101, 250,
       103, 196, 99, 222, 220, 48, 48, 207, 187, 93, 62, 123, 134, 107,
       176, 250, 100, 104, 148, 89, 120, 161, 200, 212, 173, 121, 223,
       222, 54, 150, 189, 245, 141, 142, 67, 166, 197, 91, 121, 233, 138,
       6, 164, 38, 127, 88, 2, 158, 182, 32, 40, 120, 22, 160, 7, 239,
       185, 255, 55, 10, 90, 167, 215, 109, 0, 24, 200, 195, 32, 211,
       231, 114, 81, 160, 195, 143, 11, 38, 44, 210, 242, 93, 237, 82,
       200, 147, 164, 224, 11, 66, 217, 101, 28, 217, 248, 35, 114, 10,
       119, 218, 242, 31, 220, 5, 127, 243, 123, 102, 134, 72, 168, 157,
       127, 163, 216, 121, 150, 182, 29, 100, 48, 189, 247, 192, 248, 3,
       122, 160, 152, 50, 88, 170, 51, 207, 231, 117, 105, 178, 128, 134,
       107, 244, 228, 156, 240, 157, 31, 70, 168, 147, 178, 165, 24, 70,
       113, 73, 191, 17, 212, 104, 122, 106, 103, 219, 23, 187, 211, 69,
       127, 242, 251, 218, 36, 57, 185, 31, 111, 225, 175, 117, 119, 97,
