%YAML:1.0
---
descriptors: !!opencv-matrix
   rows: 219
   cols: 32
   dt: u
   data: [ 91, 173, 120, 113, 187, 218, 124, 55, 127, 97, 206, 144, 159,
       183, 146, 116, 39, 191, 253, 140, 144, 216, 245, 87, 239, 255, 51,
       197, 166, 196, 143, 123, 230, 244, 186, 90, 201, 253, 148, 207,
       154, 63, 165, 25, 66, 252, 111, 26, 217, 219, 227, 17, 62, 103,
       186, 51, 27, 22, 85, 127, 209, 125, 238, 215, 77, 48, 157, 101,
       97, 92, 113, 40, 104, 88, 102, 8, 254, 113, 9, 59, 128, 20, 120,
       42, 65, 112, 177, 8, 71, 249, 64, 2, 74, 34, 67, 179, 254, 69,
       103, 238, 157, 82, 70, 236, 229, 4, 218, 3, 107, 104, 57, 215,
       120, 228, 237, 227, 108, 163, 13, 173, 179, 226, 199, 19, 39, 190,
       116, 14, 65, 77, 247, 205, 116, 10, 111, 50, 117, 130, 254, 66,
       241, 51, 177, 116, 122, 236, 62, 234, 233, 184, 101, 238, 100,
       174, 231, 0, 39, 248, 112, 168, 2, 171, 25, 186, 124, 193, 182,
       238, 142, 5, 88, 35, 164, 255, 104, 64, 203, 59, 3, 65, 82, 26,
       74, 245, 61, 20, 158, 107, 16, 26, 165, 203, 118, 32, 241, 229,
       118, 40, 248, 2, 107, 145, 187, 155, 143, 31, 85, 58, 174, 223,
       93, 157, 142, 244, 197, 194, 159, 216, 155, 134, 231, 229, 83,
       134, 2, 221, 17, 187, 248, 201, 38, 239, 46, 9, 72, 97, 180, 242,
       96, 80, 193, 59, 43, 0, 83, 24, 194, 119, 45, 180, 30, 106, 24,
       82, 161, 171, 247, 231, 229, 255, 156, 7, 78, 189, 83, 184, 177,
       74, 99, 105, 92, 3, 89, 198, 117, 239, 232, 114, 203, 189, 171,
       250, 197, 180, 127, 171, 208, 0, 111, 128, 244, 212, 53, 94, 216,
       184, 251, 220, 52, 131, 107, 239, 255, 191, 159, 241, 181, 253,
       174, 100, 62, 205, 139, 223, 215, 159, 199, 164, 94, 69, 165, 204,
       182, 254, 252, 163, 214, 239, 223, 131, 248, 88, 238, 249, 44,
       109, 223, 123, 127, 44, 180, 239, 74, 191, 186, 254, 87, 26, 214,
       248, 241, 141, 252, 117, 17, 238, 253, 79, 86, 248, 59, 168, 185,
       72, 223, 255, 73, 16, 221, 217, 221, 98, 105, 35, 90, 190, 251,
       215, 37, 190, 90, 251, 66, 51, 74, 170, 238, 30, 173, 248, 248,
       135, 235, 87, 38, 177, 170, 168, 246, 222, 163, 98, 238, 28, 182,
       109, 166, 227, 14, 127, 86, 75, 198, 196, 254, 78, 45, 93, 57,
       254, 61, 223, 86, 176, 212, 200, 253, 64, 255, 249, 33, 224, 212,
       114, 28, 106, 203, 160, 120, 63, 227, 255, 33, 24, 90, 251, 112,
       35, 122, 56, 238, 53, 139, 253, 145, 7, 161, 247, 134, 159, 170,
       188, 86, 42, 201, 247, 249, 145, 190, 239, 246, 162, 95, 119, 220,
       251, 231, 76, 222, 94, 122, 144, 188, 252, 53, 86, 153, 127, 27,
       121, 181, 63, 90, 61, 158, 60, 221, 151, 245, 17, 190, 107, 57,
       215, 91, 127, 121, 247, 199, 12, 246, 127, 1, 79, 70, 69, 52, 155,
       232, 39, 124, 0, 122, 192, 235, 0, 148, 164, 58, 36, 66, 124, 192,
       184, 5, 221, 36, 126, 18, 0, 76, 152, 89, 172, 34, 160, 170, 152,
       215, 225, 184, 75, 30, 87, 89, 147, 44, 172, 126, 8, 233, 27, 131,
       149, 22, 58, 22, 211, 93, 7, 154, 235, 149, 76, 189, 218, 90, 178,
       148, 185, 171, 249, 48, 143, 174, 31, 130, 177, 174, 190, 106,
       202, 227, 19, 237, 17, 22, 77, 131, 209, 139, 243, 90, 115, 146,
       68, 133, 75, 88, 165, 18, 224, 147, 236, 99, 67, 99, 129, 170, 10,
       27, 179, 64, 80, 248, 159, 73, 240, 26, 59, 144, 196, 249, 196, 7,
       107, 107, 66, 230, 2, 82, 165, 118, 115, 179, 202, 124, 55, 253,
       33, 107, 153, 175, 191, 20, 112, 166, 191, 125, 128, 210, 216,
       149, 87, 255, 253, 20, 195, 102, 132, 199, 15, 24, 157, 19, 249,
       147, 199, 49, 55, 190, 65, 74, 32, 188, 151, 32, 64, 231, 59, 153,
       145, 83, 153, 17, 223, 233, 246, 30, 66, 50, 0, 165, 123, 9, 156,
       16, 73, 176, 190, 108, 55, 125, 11, 126, 68, 190, 51, 128, 244,
       167, 62, 28, 8, 211, 152, 49, 95, 162, 255, 48, 192, 26, 192, 169,
       41, 181, 204, 107, 79, 86, 3, 239, 248, 85, 74, 119, 198, 81, 69,
       184, 37, 124, 232, 22, 238, 233, 182, 44, 127, 118, 40, 161, 132,
       111, 171, 114, 240, 120, 233, 82, 106, 121, 221, 86, 212, 171, 4,
       253, 9, 46, 223, 38, 148, 168, 186, 205, 74, 74, 43, 154, 241,
       243, 252, 0, 59, 98, 150, 206, 78, 67, 93, 123, 229, 50, 142, 187,
       118, 61, 200, 90, 228, 253, 159, 180, 224, 182, 125, 63, 205, 193,
       153, 165, 238, 164, 253, 42, 128, 12, 146, 33, 57, 9, 79, 254,
       229, 118, 134, 110, 118, 252, 128, 110, 66, 253, 179, 177, 96,
       118, 127, 58, 232, 192, 152, 0, 238, 247, 190, 206, 0, 38, 242,
       97, 168, 65, 244, 148, 213, 172, 110, 108, 158, 123, 251, 2, 92,
       182, 48, 201, 123, 133, 86, 124, 24, 167, 92, 211, 33, 143, 158,
       117, 180, 136, 216, 217, 25, 34, 253, 17, 170, 220, 197, 178, 239,
       158, 1, 104, 107, 180, 211, 108, 64, 218, 59, 3, 81, 18, 10, 74,
       245, 61, 148, 142, 106, 16, 10, 165, 139, 245, 239, 135, 250, 172,
       197, 78, 204, 194, 26, 185, 74, 83, 227, 249, 235, 89, 194, 126,
       254, 107, 99, 138, 177, 184, 137, 231, 188, 145, 251, 240, 160,
       125, 247, 205, 102, 142, 7, 71, 248, 80, 234, 185, 78, 83, 113,
       217, 51, 89, 196, 108, 234, 233, 99, 219, 46, 248, 207, 229, 60,
       125, 251, 242, 48, 110, 172, 188, 122, 137, 253, 16, 142, 155, 63,
       164, 25, 174, 255, 66, 26, 129, 115, 233, 18, 34, 79, 218, 51,
       203, 215, 93, 123, 210, 69, 143, 10, 232, 152, 149, 190, 9, 237,
       21, 162, 142, 91, 160, 25, 190, 247, 34, 122, 193, 115, 232, 0, 7,
       79, 218, 51, 193, 247, 91, 59, 144, 104, 5, 11, 129, 163, 151,
       217, 172, 140, 172, 159, 255, 27, 50, 112, 172, 194, 252, 255,
       167, 11, 110, 24, 243, 109, 138, 209, 140, 250, 127, 206, 138,
       192, 139, 173, 246, 88, 86, 236, 13, 86, 86, 104, 185, 142, 227,
       11, 74, 223, 39, 223, 248, 245, 237, 226, 108, 199, 155, 206, 179,
       242, 199, 31, 34, 63, 108, 6, 242, 72, 223, 246, 78, 8, 109, 164,
       249, 146, 178, 90, 127, 106, 21, 91, 98, 229, 125, 234, 104, 71,
       203, 234, 149, 186, 222, 16, 37, 241, 98, 40, 244, 48, 250, 240,
       205, 45, 112, 216, 203, 179, 165, 26, 26, 217, 69, 58, 169, 221,
       115, 82, 10, 119, 154, 192, 95, 217, 69, 127, 225, 121, 70, 130,
       178, 30, 119, 93, 91, 114, 169, 102, 117, 166, 242, 146, 65, 14,
       5, 253, 107, 181, 202, 160, 105, 252, 117, 206, 53, 162, 218, 3,
       101, 112, 103, 172, 77, 37, 155, 229, 242, 46, 104, 19, 58, 179,
       107, 80, 221, 51, 73, 250, 183, 95, 124, 56, 17, 208, 153, 66,
       207, 237, 119, 68, 136, 225, 139, 161, 102, 165, 112, 131, 253,
       109, 240, 9, 95, 55, 185, 27, 206, 120, 92, 136, 187, 155, 203,
       49, 54, 114, 219, 214, 29, 22, 31, 119, 212, 15, 223, 134, 56,
       221, 57, 255, 57, 207, 83, 183, 22, 13, 238, 0, 183, 119, 32, 112,
       193, 58, 29, 24, 122, 136, 113, 63, 235, 239, 52, 80, 50, 136,
       196, 107, 226, 184, 238, 58, 141, 248, 177, 135, 187, 87, 134,
       157, 170, 172, 118, 26, 137, 179, 249, 17, 190, 109, 246, 227,
       219, 119, 220, 91, 199, 76, 222, 94, 126, 50, 253, 224, 182, 58,
       217, 24, 27, 185, 53, 171, 223, 223, 213, 58, 151, 221, 181, 177,
       144, 224, 170, 208, 202, 219, 123, 254, 215, 165, 7, 113, 90, 98,
       252, 245, 38, 10, 92, 24, 171, 210, 52, 227, 127, 207, 215, 26,
       190, 253, 181, 239, 200, 116, 142, 200, 194, 219, 235, 132, 39,
       247, 82, 113, 203, 50, 207, 13, 34, 30, 56, 51, 40, 201, 87, 245,
       221, 39, 130, 210, 38, 85, 253, 132, 149, 220, 165, 72, 70, 115,
       126, 128, 10, 164, 171, 81, 122, 178, 253, 232, 61, 87, 217, 27,
       91, 121, 181, 249, 94, 29, 220, 60, 159, 157, 245, 17, 155, 111,
       43, 213, 219, 219, 121, 247, 214, 140, 215, 119, 196, 172, 149,
       151, 212, 168, 38, 175, 186, 147, 2, 82, 236, 226, 73, 66, 113,
       107, 42, 144, 34, 92, 202, 243, 172, 6, 159, 108, 128, 112, 161,
       136, 90, 32, 252, 236, 45, 214, 216, 24, 203, 212, 54, 131, 107,
       207, 214, 46, 150, 181, 181, 157, 142, 224, 183, 221, 195, 251,
       193, 143, 103, 164, 92, 71, 166, 140, 214, 254, 253, 171, 156,
