%YAML:1.0
---
descriptors: !!opencv-matrix
   rows: 250
   cols: 32
   dt: u
   data: [ 143, 125, 243, 21, 255, 242, 174, 230, 248, 202, 218, 246,
       168, 252, 149, 174, 175, 103, 240, 215, 245, 239, 166, 234, 56,
       62, 15, 130, 207, 117, 251, 253, 226, 169, 154, 180, 73, 237, 84,
       71, 171, 151, 164, 25, 46, 255, 70, 27, 160, 243, 233, 16, 94, 79,
       146, 225, 211, 209, 86, 59, 64, 100, 207, 10, 1, 162, 155, 250,
       237, 165, 177, 223, 222, 25, 81, 82, 188, 211, 104, 72, 221, 59,
       54, 152, 19, 47, 74, 241, 205, 158, 187, 238, 152, 8, 161, 163,
       40, 185, 120, 96, 112, 205, 115, 81, 107, 172, 253, 8, 187, 151,
       194, 16, 30, 184, 71, 88, 218, 58, 248, 29, 255, 221, 33, 120, 66,
       138, 206, 163, 252, 68, 214, 166, 13, 102, 86, 248, 181, 170, 251,
       3, 79, 251, 41, 91, 248, 245, 45, 227, 108, 231, 25, 142, 179,
       243, 199, 23, 37, 123, 116, 2, 185, 78, 110, 237, 86, 18, 235,
       114, 117, 64, 246, 70, 83, 41, 178, 97, 120, 172, 22, 174, 233,
       190, 37, 143, 246, 239, 226, 0, 127, 168, 120, 128, 128, 186, 126,
       121, 42, 236, 57, 19, 174, 29, 118, 177, 191, 159, 194, 27, 166,
       31, 253, 16, 146, 220, 163, 81, 199, 249, 50, 193, 64, 128, 135,
       251, 252, 61, 188, 252, 172, 111, 85, 191, 146, 190, 180, 40, 151,
       55, 67, 91, 197, 246, 109, 32, 120, 107, 235, 24, 251, 251, 117,
       189, 208, 248, 70, 107, 176, 207, 115, 69, 20, 223, 111, 182, 45,
       8, 126, 72, 183, 51, 132, 180, 34, 244, 78, 104, 105, 184, 97,
       111, 167, 252, 33, 16, 99, 176, 70, 41, 15, 178, 188, 115, 171,
       253, 49, 223, 255, 253, 53, 61, 142, 255, 202, 189, 151, 27, 255,
       21, 183, 92, 186, 242, 207, 223, 125, 239, 202, 69, 143, 247, 78,
       37, 166, 213, 141, 124, 40, 3, 187, 179, 143, 19, 204, 247, 75,
       222, 225, 183, 251, 144, 16, 195, 219, 194, 223, 247, 223, 79,
       130, 100, 191, 130, 17, 153, 63, 124, 147, 204, 53, 119, 172, 73,
       110, 8, 190, 183, 32, 48, 166, 51, 123, 12, 83, 153, 50, 109, 243,
       175, 82, 2, 64, 0, 167, 123, 65, 61, 191, 117, 164, 206, 117, 55,
       232, 234, 78, 8, 182, 56, 18, 51, 129, 39, 121, 13, 213, 248, 241,
       12, 239, 187, 84, 0, 64, 64, 211, 106, 109, 109, 57, 109, 152, 47,
       79, 186, 18, 170, 96, 72, 215, 51, 1, 49, 145, 124, 124, 110, 104,
       112, 217, 60, 229, 255, 101, 52, 208, 249, 194, 32, 45, 33, 81,
       105, 60, 91, 194, 24, 87, 224, 251, 72, 211, 80, 217, 228, 88,
       204, 46, 123, 137, 178, 237, 10, 140, 252, 33, 20, 236, 171, 88,
       36, 42, 185, 50, 146, 245, 221, 176, 231, 159, 77, 68, 25, 172,
       158, 102, 132, 133, 59, 147, 81, 54, 217, 50, 247, 107, 85, 28,
       123, 18, 12, 157, 223, 236, 127, 159, 229, 164, 14, 103, 182, 120,
       170, 42, 76, 215, 35, 65, 19, 145, 100, 108, 120, 105, 220, 217,
       42, 237, 211, 101, 16, 136, 240, 66, 56, 65, 16, 189, 93, 60, 30,
       225, 59, 126, 241, 230, 64, 147, 29, 20, 107, 148, 20, 104, 44,
       137, 252, 241, 13, 207, 251, 81, 20, 72, 168, 65, 56, 64, 140, 30,
       191, 32, 172, 112, 39, 188, 23, 106, 21, 246, 171, 32, 72, 165,
       35, 107, 20, 50, 173, 19, 119, 201, 182, 82, 64, 200, 0, 161, 26,
       105, 199, 225, 77, 116, 90, 71, 189, 71, 224, 251, 74, 211, 32,
       156, 244, 88, 204, 110, 106, 217, 178, 237, 30, 44, 172, 165, 20,
       119, 186, 208, 44, 65, 152, 151, 89, 168, 236, 33, 23, 238, 83,
       98, 80, 178, 178, 192, 126, 33, 62, 104, 24, 19, 252, 179, 17, 13,
       174, 114, 64, 200, 192, 193, 41, 65, 152, 28, 185, 40, 173, 16, 7,
       190, 93, 0, 21, 190, 154, 34, 73, 133, 35, 111, 21, 22, 9, 82,
       113, 205, 179, 122, 123, 152, 72, 129, 91, 55, 233, 66, 2, 84, 19,
       238, 248, 69, 224, 222, 198, 81, 72, 223, 164, 120, 204, 22, 239,
       205, 179, 61, 236, 58, 12, 175, 132, 47, 191, 122, 212, 117, 45,
       216, 100, 88, 79, 75, 27, 99, 160, 173, 8, 19, 243, 67, 48, 25,
       204, 80, 56, 11, 122, 248, 10, 255, 141, 37, 124, 232, 162, 66,
       160, 83, 50, 216, 181, 44, 56, 120, 19, 235, 249, 146, 245, 143,
       186, 215, 91, 226, 37, 108, 21, 149, 216, 199, 192, 150, 241, 250,
       147, 140, 64, 9, 87, 219, 83, 103, 69, 34, 18, 111, 53, 97, 238,
       150, 230, 121, 14, 151, 247, 54, 196, 253, 239, 229, 213, 165,
       204, 54, 122, 238, 128, 47, 180, 248, 125, 223, 83, 230, 4, 102,
       82, 255, 53, 233, 238, 150, 239, 73, 14, 151, 183, 62, 229, 253,
       239, 205, 215, 165, 200, 50, 122, 239, 134, 47, 182, 122, 93, 6,
       169, 30, 187, 218, 199, 190, 232, 190, 21, 217, 3, 237, 214, 45,
       64, 251, 123, 139, 195, 118, 195, 26, 253, 165, 247, 139, 75, 16,
       51, 37, 130, 6, 233, 128, 154, 221, 197, 182, 206, 158, 61, 72,
       11, 172, 222, 111, 68, 217, 75, 163, 83, 70, 66, 218, 241, 61, 18,
       143, 111, 144, 93, 157, 198, 223, 93, 122, 117, 243, 50, 126, 182,
       113, 234, 94, 167, 89, 63, 151, 183, 55, 247, 149, 239, 229, 220,
       164, 238, 122, 255, 229, 131, 175, 245, 43, 93, 47, 97, 87, 215,
       225, 214, 110, 245, 189, 160, 242, 64, 200, 243, 141, 245, 126,
       253, 214, 234, 65, 146, 252, 236, 39, 254, 198, 130, 3, 183, 226,
       164, 117, 207, 115, 71, 182, 10, 111, 189, 96, 168, 254, 238, 83,
       97, 157, 112, 126, 196, 84, 238, 217, 178, 109, 60, 124, 168, 165,
       148, 109, 243, 194, 161, 200, 120, 27, 242, 49, 204, 115, 18, 171,
       29, 54, 25, 191, 159, 65, 24, 132, 61, 221, 82, 34, 125, 144, 51,
       199, 217, 50, 35, 66, 1, 71, 43, 217, 209, 122, 238, 54, 214, 127,
       53, 37, 64, 246, 130, 123, 207, 176, 240, 118, 183, 157, 234, 201,
       153, 49, 237, 243, 233, 166, 128, 47, 146, 233, 57, 88, 185, 155,
       234, 155, 221, 87, 69, 171, 1, 172, 8, 62, 159, 96, 48, 162, 187,
       220, 80, 91, 43, 178, 241, 243, 245, 22, 123, 66, 2, 167, 59, 112,
       1, 62, 172, 44, 77, 80, 105, 140, 188, 177, 9, 151, 152, 46, 91,
       200, 149, 237, 97, 92, 99, 194, 0, 209, 225, 250, 61, 16, 40, 222,
       67, 154, 76, 86, 159, 78, 243, 190, 224, 149, 22, 240, 179, 109,
       202, 39, 197, 123, 249, 130, 226, 100, 183, 14, 255, 22, 194, 203,
       1, 55, 253, 45, 142, 207, 255, 254, 250, 239, 253, 255, 252, 175,
       222, 157, 231, 221, 255, 255, 107, 255, 251, 255, 247, 215, 99,
       186, 240, 255, 217, 239, 191, 158, 255, 173, 115, 79, 92, 182,
       190, 61, 221, 150, 162, 207, 90, 156, 33, 238, 222, 167, 228, 199,
       115, 238, 66, 102, 15, 106, 251, 163, 247, 15, 59, 18, 95, 13, 71,
       18, 206, 159, 190, 138, 224, 60, 231, 182, 31, 210, 179, 173, 230,
       32, 73, 231, 123, 175, 129, 114, 203, 2, 247, 161, 230, 254, 139,
       53, 80, 165, 219, 85, 77, 81, 231, 180, 10, 78, 188, 36, 160, 250,
       74, 215, 99, 153, 241, 118, 196, 124, 238, 73, 176, 201, 44, 184,
       236, 165, 148, 44, 251, 192, 33, 61, 30, 127, 239, 118, 179, 107,
       112, 101, 200, 127, 230, 123, 107, 176, 112, 126, 168, 22, 174,
       153, 184, 47, 191, 198, 239, 227, 128, 63, 171, 96, 177, 52, 172,
       239, 253, 252, 11, 239, 251, 118, 162, 242, 234, 115, 237, 156,
       97, 123, 239, 127, 163, 248, 251, 205, 191, 254, 239, 231, 196,
       229, 248, 240, 129, 16, 217, 126, 126, 50, 200, 53, 229, 172, 0,
       106, 161, 125, 215, 32, 112, 162, 187, 125, 192, 66, 153, 2, 125,
       241, 225, 38, 139, 32, 2, 167, 59, 3, 106, 103, 89, 107, 144, 170,
       64, 236, 136, 114, 230, 168, 138, 181, 172, 238, 121, 162, 214,
       129, 182, 134, 232, 6, 56, 202, 138, 89, 61, 97, 181, 23, 94, 106,
       222, 86, 178, 254, 242, 215, 66, 222, 167, 105, 234, 183, 96, 127,
       171, 30, 174, 174, 155, 12, 255, 114, 47, 163, 129, 191, 255, 120,
       156, 56, 165, 59, 106, 241, 236, 83, 119, 97, 73, 125, 8, 63, 251,
       8, 48, 176, 186, 4, 24, 26, 186, 184, 55, 251, 253, 32, 105, 98,
       194, 230, 163, 185, 79, 110, 47, 87, 59, 206, 248, 85, 38, 253,
       207, 107, 104, 191, 145, 58, 234, 134, 239, 236, 182, 12, 191,
       114, 79, 161, 129, 119, 255, 122, 204, 195, 58, 191, 145, 164,
