%YAML:1.0
---
descriptors: !!opencv-matrix
   rows: 244
   cols: 32
   dt: u
   data: [ 181, 114, 237, 99, 236, 51, 202, 152, 83, 250, 181, 238, 83,
       77, 219, 46, 95, 204, 124, 254, 139, 102, 237, 18, 94, 207, 229,
       252, 255, 251, 90, 245, 8, 188, 23, 249, 241, 239, 17, 103, 188,
       27, 104, 8, 190, 55, 0, 93, 129, 58, 72, 16, 17, 219, 50, 61, 201,
       146, 80, 98, 210, 64, 7, 171, 8, 125, 187, 101, 165, 74, 87, 7,
       232, 203, 110, 40, 159, 181, 65, 58, 130, 86, 76, 80, 89, 189,
       176, 34, 233, 237, 52, 1, 192, 112, 199, 43, 100, 45, 211, 76,
       213, 111, 199, 147, 96, 168, 110, 72, 82, 181, 5, 180, 24, 254,
       66, 122, 25, 178, 240, 42, 55, 172, 5, 56, 195, 123, 214, 160,
       207, 248, 191, 255, 77, 188, 124, 156, 255, 218, 103, 20, 252,
       255, 93, 127, 193, 127, 123, 154, 227, 101, 251, 243, 207, 251,
       215, 42, 138, 113, 99, 186, 18, 140, 174, 158, 143, 163, 158, 230,
       158, 23, 194, 151, 100, 236, 51, 73, 233, 123, 171, 7, 52, 201,
       27, 191, 249, 39, 222, 19, 148, 93, 189, 90, 8, 188, 189, 249,
       171, 237, 181, 71, 190, 27, 172, 16, 190, 191, 64, 58, 163, 51,
       251, 16, 50, 109, 146, 243, 207, 223, 86, 123, 194, 64, 135, 139,
       175, 254, 175, 119, 233, 95, 191, 242, 245, 126, 86, 253, 249,
       252, 154, 47, 143, 126, 247, 7, 245, 244, 255, 175, 111, 123, 101,
       227, 238, 245, 158, 247, 253, 96, 237, 98, 140, 39, 79, 216, 83,
       246, 181, 26, 83, 77, 221, 59, 89, 204, 124, 254, 169, 102, 255,
       50, 219, 137, 229, 124, 245, 187, 86, 96, 10, 156, 170, 185, 145,
       165, 188, 103, 190, 23, 74, 149, 172, 238, 34, 201, 229, 59, 187,
       149, 54, 216, 18, 247, 237, 247, 158, 203, 152, 68, 173, 218, 245,
       223, 221, 255, 244, 42, 207, 252, 123, 234, 250, 238, 123, 107,
       157, 112, 127, 231, 118, 110, 249, 243, 237, 239, 254, 190, 231,
       148, 237, 251, 226, 121, 103, 127, 123, 232, 239, 36, 158, 236,
       139, 154, 152, 234, 92, 255, 109, 163, 239, 83, 223, 243, 193, 67,
       138, 240, 57, 24, 239, 190, 21, 119, 171, 179, 213, 64, 79, 167,
       38, 26, 110, 184, 100, 226, 211, 230, 211, 104, 155, 99, 126, 196,
       60, 239, 237, 244, 77, 44, 244, 171, 239, 148, 45, 187, 120, 17,
       116, 239, 120, 239, 244, 11, 79, 188, 113, 160, 255, 142, 83, 97,
       155, 80, 122, 204, 69, 238, 200, 178, 205, 47, 244, 173, 165, 52,
       109, 187, 194, 32, 27, 156, 147, 219, 177, 182, 90, 23, 55, 11,
       207, 80, 238, 243, 160, 228, 119, 58, 188, 152, 63, 156, 25, 255,
       171, 254, 20, 66, 186, 196, 168, 45, 37, 182, 237, 67, 252, 63,
       75, 152, 83, 255, 189, 220, 211, 109, 222, 58, 93, 204, 93, 254,
       187, 98, 253, 18, 78, 31, 229, 252, 223, 235, 210, 112, 2, 145,
       150, 255, 131, 192, 176, 103, 174, 81, 98, 32, 236, 246, 40, 250,
       230, 59, 235, 128, 19, 201, 147, 241, 141, 182, 90, 67, 136, 0,
       165, 155, 112, 169, 26, 176, 153, 201, 84, 239, 35, 177, 168, 9,
       39, 219, 66, 17, 168, 255, 109, 208, 94, 91, 202, 53, 251, 209, 5,
       127, 32, 2, 174, 10, 26, 12, 2, 185, 149, 247, 90, 67, 31, 5, 223,
       19, 140, 27, 35, 204, 241, 187, 159, 144, 62, 129, 17, 222, 147,
       214, 154, 211, 150, 93, 61, 70, 53, 207, 107, 207, 182, 218, 238,
       248, 84, 192, 250, 198, 115, 76, 189, 224, 126, 236, 22, 239, 205,
       176, 109, 191, 54, 237, 167, 132, 125, 187, 120, 181, 21, 95, 110,
       175, 54, 2, 111, 252, 36, 132, 218, 231, 113, 99, 187, 65, 126,
       228, 63, 239, 232, 145, 13, 109, 240, 43, 175, 128, 45, 179, 112,
       89, 252, 245, 113, 104, 61, 79, 83, 248, 67, 232, 189, 8, 91, 95,
       72, 48, 216, 156, 93, 106, 75, 35, 249, 31, 243, 221, 33, 124,
       123, 171, 70, 115, 189, 207, 103, 79, 52, 90, 239, 248, 116, 224,
       251, 194, 115, 100, 157, 229, 126, 228, 22, 238, 233, 176, 109,
       44, 54, 232, 167, 148, 103, 187, 112, 164, 162, 251, 248, 222,
       238, 153, 148, 255, 203, 158, 56, 239, 174, 248, 199, 3, 206, 123,
       231, 67, 198, 106, 238, 241, 38, 16, 100, 187, 85, 248, 222, 143,
       237, 201, 183, 255, 237, 204, 117, 167, 255, 27, 38, 16, 254, 253,
       104, 123, 193, 118, 123, 94, 114, 109, 251, 177, 239, 251, 87, 90,
       210, 88, 210, 170, 124, 241, 249, 237, 184, 79, 87, 152, 34, 184,
       173, 44, 87, 119, 73, 50, 93, 212, 125, 122, 11, 66, 251, 26, 251,
       205, 37, 60, 184, 179, 70, 115, 169, 45, 121, 69, 244, 79, 111,
       63, 117, 230, 126, 8, 211, 37, 145, 52, 18, 222, 22, 110, 233,
       248, 241, 14, 111, 223, 37, 4, 99, 234, 198, 248, 189, 102, 76,
       103, 124, 11, 75, 248, 48, 160, 181, 237, 83, 65, 155, 17, 122,
       204, 69, 110, 104, 246, 201, 62, 242, 201, 37, 181, 109, 187, 90,
       128, 253, 223, 224, 30, 221, 55, 206, 252, 83, 226, 253, 222, 123,
       248, 191, 245, 93, 238, 178, 239, 253, 115, 252, 255, 58, 127,
       197, 60, 255, 255, 248, 212, 143, 124, 169, 209, 234, 127, 59,
       146, 62, 254, 20, 132, 157, 23, 211, 41, 39, 121, 23, 222, 161,
       84, 252, 112, 207, 11, 239, 236, 142, 241, 3, 241, 216, 252, 123,
       101, 34, 78, 53, 54, 232, 234, 110, 40, 159, 23, 0, 51, 34, 124,
       108, 106, 97, 253, 177, 13, 193, 233, 112, 16, 98, 32, 71, 59,
       100, 176, 145, 96, 232, 105, 16, 139, 74, 185, 41, 104, 214, 49,
       72, 18, 145, 20, 100, 48, 18, 50, 202, 17, 205, 150, 37, 127, 208,
       106, 198, 163, 244, 155, 23, 172, 236, 70, 86, 248, 49, 72, 243,
       111, 66, 251, 172, 209, 248, 196, 166, 98, 253, 35, 139, 141, 178,
       242, 225, 142, 91, 43, 250, 23, 214, 252, 243, 214, 242, 102, 63,
       255, 187, 202, 25, 242, 125, 247, 173, 117, 55, 255, 21, 238, 241,
       71, 184, 255, 59, 174, 239, 174, 167, 243, 167, 241, 125, 117,
       121, 101, 116, 79, 79, 56, 49, 232, 255, 12, 211, 21, 129, 48, 92,
       252, 84, 106, 201, 178, 249, 14, 231, 205, 165, 180, 105, 187, 70,
       241, 158, 39, 227, 177, 214, 194, 173, 69, 28, 197, 83, 147, 221,
       239, 120, 72, 127, 61, 19, 149, 49, 212, 133, 194, 237, 166, 191,
       196, 165, 224, 181, 240, 173, 36, 230, 85, 197, 62, 228, 71, 117,
       183, 107, 24, 227, 40, 21, 189, 57, 238, 98, 44, 60, 244, 117, 10,
       39, 254, 84, 1, 195, 248, 202, 132, 16, 133, 110, 233, 22, 199,
       219, 97, 100, 0, 234, 3, 215, 91, 48, 97, 120, 135, 93, 249, 56,
       169, 21, 28, 251, 237, 138, 81, 101, 130, 113, 2, 84, 221, 243,
       206, 194, 68, 111, 212, 168, 28, 123, 66, 125, 247, 169, 86, 118,
       250, 5, 122, 67, 147, 186, 232, 241, 168, 39, 4, 167, 243, 165,
       225, 165, 172, 158, 247, 149, 47, 75, 162, 119, 179, 227, 24, 243,
       107, 25, 59, 217, 238, 116, 158, 58, 254, 219, 175, 205, 255, 215,
       80, 193, 249, 210, 32, 3, 207, 19, 221, 116, 134, 235, 246, 62, 9,
       90, 66, 188, 155, 176, 100, 255, 107, 23, 153, 195, 216, 0, 255,
       172, 190, 190, 192, 8, 128, 49, 169, 40, 173, 106, 90, 215, 183,
       234, 79, 87, 5, 124, 10, 57, 249, 118, 36, 121, 186, 147, 153,
       146, 186, 190, 255, 127, 13, 145, 105, 247, 206, 254, 170, 127,
       247, 178, 234, 239, 5, 158, 237, 139, 154, 185, 107, 108, 254,
       109, 131, 159, 83, 223, 99, 194, 35, 138, 251, 185, 221, 111, 190,
       20, 127, 139, 147, 24, 157, 83, 239, 150, 202, 191, 230, 52, 1,
       74, 162, 125, 247, 32, 96, 119, 255, 147, 224, 115, 153, 29, 255,
       248, 166, 142, 64, 61, 18, 161, 186, 56, 238, 97, 175, 54, 131,
       203, 248, 6, 238, 217, 231, 243, 73, 185, 0, 94, 232, 15, 239,
       202, 167, 77, 63, 192, 132, 171, 184, 117, 171, 116, 233, 207,
       235, 228, 159, 172, 152, 238, 189, 191, 254, 22, 213, 249, 238,
       222, 207, 7, 102, 127, 223, 246, 76, 207, 243, 46, 123, 255, 228,
       6, 181, 217, 84, 214, 0, 198, 247, 141, 2, 108, 65, 245, 146, 227,
       19, 75, 171, 124, 79, 233, 197, 107, 131, 124, 247, 193, 194, 151,
       250, 214, 3, 165, 72, 248, 6, 240, 113, 181, 236, 31, 207, 81, 88,
       207, 248, 165, 8, 126, 215, 96, 118, 120, 180, 127, 72, 11, 103,
