%YAML:1.0
---
descriptors: !!opencv-matrix
   rows: 447
   cols: 32
   dt: u
   data: [ 244, 84, 93, 119, 160, 106, 71, 63, 112, 162, 103, 24, 83,
       115, 137, 121, 19, 214, 68, 42, 105, 244, 121, 46, 243, 171, 117,
       20, 96, 241, 198, 32, 3, 8, 239, 21, 98, 58, 173, 55, 184, 215,
       86, 230, 253, 38, 151, 111, 38, 103, 117, 141, 177, 220, 165, 104,
       68, 43, 126, 128, 164, 240, 3, 253, 56, 215, 106, 232, 92, 151,
       203, 124, 7, 4, 252, 135, 115, 207, 48, 0, 92, 184, 135, 243, 74,
       179, 120, 159, 243, 197, 163, 121, 117, 138, 116, 176, 217, 220,
       13, 189, 60, 206, 92, 190, 54, 114, 194, 87, 247, 51, 24, 81, 217,
       199, 125, 173, 237, 221, 209, 191, 247, 235, 223, 16, 56, 24, 56,
       26, 173, 226, 82, 82, 121, 157, 96, 221, 251, 184, 53, 92, 10,
       193, 206, 183, 128, 160, 238, 88, 119, 111, 138, 210, 62, 216, 5,
       127, 74, 156, 202, 133, 12, 177, 49, 107, 217, 125, 146, 136, 78,
       117, 33, 24, 222, 60, 76, 184, 149, 27, 194, 48, 19, 112, 123, 20,
       141, 213, 17, 127, 208, 11, 135, 242, 192, 56, 191, 117, 64, 236,
       113, 7, 186, 147, 102, 16, 180, 151, 64, 59, 161, 63, 97, 16, 34,
       252, 178, 64, 71, 171, 82, 1, 192, 64, 103, 170, 88, 248, 10, 177,
       13, 141, 116, 198, 175, 53, 130, 5, 175, 139, 66, 65, 225, 167,
       239, 5, 78, 233, 211, 241, 245, 241, 158, 17, 40, 28, 11, 90, 56,
       9, 74, 237, 21, 206, 254, 246, 165, 4, 238, 3, 59, 171, 35, 208,
       104, 246, 131, 200, 76, 185, 16, 172, 243, 237, 130, 1, 99, 178,
       108, 138, 85, 71, 3, 143, 178, 10, 47, 168, 108, 128, 203, 196,
       206, 98, 155, 212, 50, 69, 106, 238, 65, 145, 141, 76, 180, 36,
       15, 4, 12, 115, 33, 68, 218, 168, 21, 155, 11, 233, 56, 195, 159,
       55, 160, 155, 174, 198, 77, 159, 233, 179, 235, 128, 34, 111, 122,
       243, 149, 210, 91, 59, 146, 76, 7, 238, 230, 252, 251, 94, 253,
       245, 247, 232, 223, 158, 223, 10, 96, 249, 125, 135, 217, 250,
       251, 74, 226, 103, 186, 227, 127, 63, 197, 43, 199, 219, 118, 43,
       220, 93, 188, 79, 153, 87, 127, 120, 247, 238, 253, 11, 123, 255,
       63, 100, 112, 254, 255, 234, 232, 23, 251, 255, 247, 255, 207,
       189, 51, 247, 239, 242, 66, 253, 189, 248, 187, 197, 29, 166, 175,
       243, 140, 41, 172, 183, 96, 115, 199, 247, 249, 208, 99, 75, 242,
       245, 249, 243, 223, 123, 144, 16, 37, 58, 45, 119, 121, 103, 116,
       15, 239, 56, 108, 224, 127, 76, 211, 111, 25, 48, 94, 92, 87, 111,
       201, 176, 241, 14, 101, 253, 38, 32, 77, 187, 82, 240, 53, 87, 89,
       237, 116, 15, 79, 56, 87, 224, 255, 238, 83, 37, 185, 112, 94,
       204, 62, 110, 201, 178, 125, 30, 230, 238, 165, 20, 125, 187, 80,
       49, 168, 238, 122, 105, 112, 143, 123, 244, 116, 4, 116, 20, 179,
       1, 18, 17, 62, 40, 6, 110, 226, 188, 17, 63, 111, 137, 36, 96,
       104, 128, 74, 168, 88, 28, 222, 253, 8, 46, 125, 54, 165, 218,
       230, 69, 255, 103, 1, 91, 103, 247, 125, 142, 105, 205, 211, 236,
       215, 251, 250, 144, 40, 241, 40, 27, 48, 248, 30, 112, 104, 13,
       81, 246, 227, 61, 164, 12, 55, 147, 66, 17, 165, 146, 69, 72, 74,
       107, 16, 53, 235, 201, 52, 57, 96, 145, 66, 171, 57, 93, 109, 101,
       20, 78, 103, 188, 37, 104, 254, 100, 243, 23, 129, 113, 124, 212,
       92, 234, 233, 176, 113, 44, 231, 235, 164, 128, 99, 187, 86, 121,
       250, 60, 63, 252, 73, 193, 27, 102, 191, 252, 164, 41, 174, 255,
       97, 81, 205, 243, 255, 194, 122, 11, 250, 249, 219, 209, 207, 59,
       16, 49, 7, 251, 110, 235, 168, 155, 109, 153, 222, 152, 131, 60,
       157, 175, 233, 204, 223, 130, 205, 98, 255, 199, 206, 98, 206,
       189, 110, 81, 173, 185, 23, 191, 92, 70, 64, 208, 190, 254, 131,
       236, 53, 215, 172, 31, 102, 16, 252, 255, 42, 106, 167, 115, 123,
       16, 22, 233, 146, 97, 111, 243, 86, 75, 128, 80, 165, 155, 204,
       29, 147, 189, 160, 172, 124, 19, 185, 139, 66, 112, 159, 51, 0,
       219, 231, 55, 125, 17, 49, 220, 145, 194, 133, 243, 122, 192, 136,
       64, 161, 35, 216, 94, 31, 252, 42, 192, 30, 98, 164, 14, 218, 179,
       189, 191, 33, 67, 230, 245, 237, 195, 108, 141, 2, 111, 243, 227,
       122, 131, 0, 113, 37, 27, 0, 184, 179, 112, 226, 233, 177, 71,
       234, 21, 112, 40, 52, 157, 96, 8, 171, 59, 67, 17, 18, 122, 178,
       112, 93, 134, 122, 104, 193, 65, 135, 251, 41, 123, 50, 64, 113,
       150, 54, 119, 229, 204, 238, 101, 32, 150, 39, 240, 204, 56, 134,
       196, 205, 187, 32, 108, 115, 125, 38, 203, 74, 22, 46, 223, 61,
       60, 184, 240, 221, 173, 81, 202, 219, 185, 189, 24, 30, 185, 77,
       58, 137, 152, 87, 16, 26, 99, 218, 182, 219, 221, 17, 127, 194,
       73, 82, 162, 98, 176, 251, 94, 74, 224, 57, 79, 170, 23, 225, 185,
       52, 215, 108, 91, 163, 179, 99, 144, 2, 79, 162, 65, 89, 32, 122,
       169, 129, 80, 167, 251, 126, 161, 17, 232, 57, 205, 91, 168, 139,
       61, 169, 9, 143, 95, 76, 20, 200, 145, 237, 208, 26, 11, 218, 149,
       155, 209, 129, 127, 82, 2, 70, 50, 29, 132, 171, 173, 242, 167,
       191, 251, 22, 234, 123, 135, 213, 252, 59, 96, 223, 109, 23, 175,
       213, 182, 124, 31, 237, 239, 47, 164, 253, 123, 161, 208, 117,
       125, 57, 227, 20, 15, 127, 180, 117, 96, 238, 12, 255, 71, 19,
       112, 60, 204, 127, 238, 73, 178, 121, 124, 247, 255, 5, 16, 106,
       155, 66, 122, 205, 180, 147, 241, 232, 44, 120, 19, 170, 185, 3,
       92, 220, 243, 72, 251, 135, 21, 124, 24, 177, 86, 147, 66, 205,
       187, 63, 236, 136, 96, 163, 33, 133, 4, 221, 247, 224, 106, 109,
       190, 116, 179, 119, 80, 213, 115, 137, 107, 35, 86, 58, 42, 49,
       252, 121, 46, 77, 170, 119, 68, 136, 243, 225, 160, 41, 137, 115,
       81, 244, 143, 227, 23, 125, 1, 126, 64, 243, 9, 148, 116, 120,
       158, 102, 56, 187, 184, 117, 127, 103, 255, 48, 64, 227, 136, 194,
       168, 50, 225, 8, 168, 93, 199, 210, 201, 23, 233, 200, 11, 34,
       217, 118, 128, 216, 168, 211, 101, 30, 43, 90, 159, 251, 213, 143,
       63, 83, 14, 218, 138, 188, 127, 122, 110, 189, 91, 215, 252, 87,
       174, 229, 41, 74, 249, 35, 16, 217, 250, 192, 114, 120, 39, 72,
       62, 123, 213, 5, 63, 82, 251, 206, 2, 10, 179, 53, 219, 186, 153,
       153, 191, 31, 125, 29, 253, 236, 94, 142, 36, 151, 27, 255, 1,
       211, 72, 107, 213, 206, 87, 56, 246, 22, 132, 135, 127, 18, 79,
       82, 148, 86, 130, 174, 103, 188, 0, 210, 226, 45, 138, 181, 69,
       102, 253, 14, 194, 96, 153, 4, 236, 48, 36, 170, 129, 37, 176, 33,
       141, 35, 178, 160, 136, 121, 148, 65, 90, 43, 93, 192, 36, 36,
       198, 207, 60, 220, 9, 206, 149, 143, 11, 242, 209, 152, 52, 154,
       254, 152, 4, 38, 253, 165, 153, 27, 110, 221, 31, 70, 253, 205,
       72, 227, 76, 242, 240, 36, 241, 216, 102, 58, 106, 249, 171, 80,
       61, 35, 249, 0, 90, 88, 42, 248, 38, 57, 97, 120, 74, 93, 89, 210,
       68, 75, 32, 241, 10, 27, 216, 94, 176, 248, 136, 214, 83, 95, 58,
       116, 144, 223, 221, 0, 107, 103, 138, 90, 134, 5, 241, 16, 37, 49,
       15, 66, 184, 121, 136, 96, 76, 222, 18, 8, 180, 182, 77, 76, 110,
       197, 244, 217, 222, 172, 252, 3, 6, 74, 39, 3, 5, 13, 168, 17, 81,
       180, 175, 98, 155, 86, 249, 118, 116, 147, 17, 192, 248, 21, 10,
       6, 28, 147, 248, 73, 22, 140, 206, 53, 100, 186, 200, 200, 1, 58,
       159, 22, 170, 151, 163, 178, 231, 133, 1, 218, 67, 109, 248, 32,
       192, 218, 187, 139, 49, 30, 171, 88, 191, 187, 246, 138, 75, 190,
       78, 184, 10, 9, 143, 42, 62, 241, 159, 184, 115, 246, 95, 247, 31,
       169, 172, 178, 240, 237, 171, 134, 133, 246, 171, 46, 255, 123,
       111, 54, 73, 83, 76, 173, 78, 88, 143, 174, 188, 246, 219, 189,
       247, 182, 71, 214, 187, 191, 237, 50, 65, 39, 187, 223, 5, 246,
       235, 36, 159, 251, 103, 61, 249, 55, 204, 189, 90, 45, 37, 97, 71,
       212, 14, 111, 249, 113, 196, 127, 78, 83, 99, 157, 116, 122, 206,
       6, 252, 139, 178, 125, 46, 118, 172, 164, 0, 111, 187, 242, 224,
       192, 0, 253, 101, 36, 42, 105, 18, 96, 134, 118, 0, 147, 35, 129,
