%YAML:1.0
---
descriptors: !!opencv-matrix
   rows: 323
   cols: 32
   dt: u
   data: [ 116, 122, 19, 172, 41, 7, 6, 248, 134, 170, 176, 109, 102,
       192, 97, 145, 216, 233, 238, 99, 77, 99, 202, 29, 176, 192, 45,
       191, 88, 58, 10, 27, 140, 246, 126, 123, 242, 110, 121, 117, 60,
       143, 119, 53, 95, 95, 10, 25, 183, 25, 87, 56, 240, 244, 57, 70,
       239, 235, 116, 197, 226, 240, 231, 243, 57, 201, 125, 103, 52,
       207, 231, 181, 116, 40, 254, 72, 115, 81, 156, 52, 88, 244, 110,
       106, 233, 176, 125, 63, 231, 239, 37, 16, 103, 186, 214, 168, 59,
       253, 59, 252, 217, 213, 87, 238, 159, 192, 236, 9, 190, 255, 39,
       112, 217, 251, 155, 65, 79, 43, 114, 255, 243, 253, 159, 58, 154,
       126, 34, 250, 136, 162, 186, 243, 108, 141, 121, 80, 255, 29, 117,
       28, 175, 203, 220, 31, 138, 43, 70, 94, 146, 106, 170, 241, 196,
       217, 114, 104, 210, 137, 71, 161, 202, 40, 151, 148, 169, 252, 48,
       66, 189, 158, 130, 25, 172, 183, 97, 223, 229, 119, 235, 144, 32,
       79, 178, 226, 151, 115, 90, 27, 130, 117, 47, 126, 249, 91, 5, 60,
       72, 78, 71, 61, 49, 238, 226, 205, 115, 71, 0, 215, 84, 228, 108,
       110, 233, 71, 243, 45, 177, 162, 101, 24, 34, 176, 198, 121, 219,
       104, 7, 188, 89, 180, 88, 230, 187, 97, 128, 9, 175, 150, 1, 208,
       160, 227, 217, 197, 47, 15, 146, 255, 145, 246, 154, 58, 42, 21,
       35, 94, 205, 119, 189, 19, 171, 253, 55, 150, 190, 127, 31, 253,
       156, 246, 203, 255, 135, 119, 252, 126, 181, 69, 250, 178, 231,
       81, 109, 246, 154, 245, 143, 247, 60, 109, 82, 238, 85, 207, 66,
       200, 67, 164, 237, 10, 99, 193, 45, 148, 120, 232, 198, 242, 10,
       179, 216, 189, 187, 205, 133, 61, 227, 59, 126, 130, 229, 183, 93,
       39, 242, 14, 191, 185, 56, 75, 115, 253, 213, 103, 136, 17, 22,
       87, 85, 110, 241, 212, 201, 47, 228, 171, 109, 196, 76, 163, 131,
       241, 146, 16, 90, 152, 87, 167, 184, 65, 20, 65, 215, 151, 76,
       219, 46, 72, 254, 41, 147, 133, 53, 179, 16, 222, 18, 39, 154,
       195, 61, 14, 57, 211, 189, 71, 109, 39, 182, 42, 239, 184, 116,
       194, 255, 246, 83, 105, 153, 97, 127, 206, 62, 239, 249, 176, 109,
       46, 252, 175, 231, 132, 237, 251, 240, 33, 165, 81, 125, 69, 52,
       15, 111, 56, 116, 232, 119, 100, 211, 21, 157, 53, 30, 220, 86,
       106, 233, 180, 125, 14, 100, 169, 33, 4, 101, 187, 66, 241, 215,
       89, 255, 110, 42, 70, 95, 184, 224, 222, 150, 228, 247, 127, 155,
       115, 22, 245, 125, 238, 233, 197, 191, 40, 227, 235, 239, 144, 44,
       179, 37, 113, 201, 251, 175, 91, 250, 220, 63, 190, 238, 93, 142,
       228, 249, 247, 218, 98, 39, 118, 251, 204, 211, 73, 190, 247, 111,
       107, 63, 201, 14, 148, 167, 249, 254, 232, 188, 90, 155, 241, 80,
       233, 147, 245, 165, 25, 106, 253, 127, 63, 137, 243, 241, 19, 62,
       111, 186, 179, 219, 91, 85, 127, 243, 125, 222, 126, 56, 157, 89,
       238, 219, 199, 87, 233, 151, 0, 233, 11, 126, 255, 32, 16, 222,
       187, 211, 226, 91, 43, 90, 191, 251, 223, 1, 58, 123, 10, 166,
       178, 126, 55, 230, 231, 213, 122, 126, 91, 115, 231, 255, 151, 75,
       111, 222, 126, 123, 206, 255, 190, 189, 242, 253, 138, 255, 255,
       199, 199, 231, 239, 246, 214, 79, 62, 249, 243, 248, 62, 123, 154,
       59, 251, 31, 244, 221, 191, 209, 254, 183, 253, 125, 157, 147,
       212, 239, 226, 206, 223, 187, 236, 142, 229, 35, 241, 252, 176,
       252, 114, 171, 121, 81, 25, 251, 247, 165, 185, 75, 62, 78, 59,
       135, 151, 237, 48, 190, 69, 255, 2, 219, 195, 117, 119, 226, 229,
       206, 115, 253, 191, 78, 174, 221, 87, 87, 253, 53, 236, 246, 126,
       107, 117, 171, 117, 120, 204, 206, 234, 253, 255, 125, 191, 251,
       227, 165, 157, 107, 63, 254, 243, 95, 152, 124, 120, 41, 191, 88,
       184, 239, 120, 133, 93, 223, 159, 87, 251, 135, 21, 253, 103, 159,
       69, 219, 213, 203, 251, 73, 246, 30, 167, 11, 19, 223, 227, 226,
       26, 189, 217, 222, 204, 255, 85, 181, 25, 106, 200, 255, 156, 185,
       194, 234, 94, 182, 103, 174, 243, 58, 93, 21, 127, 215, 31, 254,
       70, 202, 181, 185, 250, 217, 221, 21, 207, 255, 243, 140, 24, 158,
       255, 76, 122, 129, 27, 251, 17, 115, 75, 251, 243, 255, 215, 31,
       127, 154, 64, 135, 58, 239, 165, 241, 67, 253, 31, 194, 169, 123,
       185, 169, 72, 74, 113, 221, 183, 153, 206, 84, 122, 59, 114, 217,
       221, 63, 88, 133, 126, 195, 102, 82, 36, 115, 57, 243, 237, 189,
       57, 238, 199, 111, 169, 184, 238, 138, 170, 85, 244, 238, 231,
       254, 209, 159, 43, 245, 210, 188, 252, 143, 190, 197, 126, 243,
       204, 45, 73, 120, 97, 52, 95, 71, 180, 96, 96, 254, 8, 155, 17,
       145, 48, 90, 204, 20, 110, 201, 178, 113, 14, 230, 237, 32, 20,
       107, 187, 66, 56, 86, 94, 206, 247, 34, 2, 94, 182, 164, 142, 218,
       229, 101, 111, 129, 75, 166, 245, 109, 227, 40, 205, 131, 110,
       202, 230, 127, 128, 173, 243, 33, 27, 106, 238, 104, 184, 125,
       253, 80, 199, 27, 254, 180, 25, 175, 141, 83, 24, 137, 187, 231,
       5, 46, 126, 226, 179, 223, 215, 21, 191, 210, 92, 94, 219, 6, 201,
       132, 151, 141, 132, 190, 164, 158, 179, 91, 3, 236, 248, 120, 66,
       201, 107, 179, 211, 86, 120, 219, 241, 45, 22, 223, 67, 148, 123,
       153, 142, 24, 212, 43, 168, 29, 195, 179, 104, 164, 76, 218, 39,
       245, 222, 34, 64, 248, 33, 43, 227, 78, 135, 35, 175, 241, 229,
       170, 89, 16, 15, 53, 219, 222, 128, 230, 241, 135, 114, 104, 1,
       191, 181, 199, 147, 201, 78, 95, 207, 115, 133, 253, 186, 28, 213,
       189, 192, 158, 251, 203, 69, 167, 165, 45, 86, 63, 154, 43, 0,
       101, 93, 177, 113, 121, 79, 244, 111, 26, 28, 166, 29, 236, 145,
       199, 53, 221, 171, 48, 192, 86, 21, 58, 222, 203, 12, 110, 255,
       125, 68, 235, 231, 118, 10, 239, 120, 121, 194, 247, 74, 91, 123,
       157, 116, 122, 205, 55, 238, 233, 178, 237, 206, 246, 255, 227,
       132, 103, 187, 114, 225, 149, 134, 205, 167, 182, 10, 111, 184,
       118, 234, 91, 230, 217, 107, 155, 65, 127, 196, 62, 238, 241, 240,
       109, 239, 236, 175, 231, 132, 173, 251, 112, 225, 110, 233, 188,
       118, 137, 240, 21, 166, 243, 215, 172, 25, 110, 253, 78, 63, 129,
       115, 249, 83, 62, 75, 186, 161, 203, 211, 85, 123, 130, 117, 142,
       106, 104, 169, 96, 30, 125, 217, 231, 103, 249, 68, 228, 141, 35,
       12, 22, 148, 136, 162, 195, 69, 78, 170, 116, 61, 54, 87, 16, 25,
       87, 140, 94, 222, 42, 174, 163, 154, 245, 241, 186, 199, 31, 69,
       88, 163, 44, 204, 55, 132, 223, 171, 147, 149, 38, 186, 106, 255,
       63, 86, 158, 171, 215, 95, 61, 222, 75, 48, 156, 190, 104, 45,
       184, 25, 171, 91, 61, 93, 252, 255, 94, 10, 151, 19, 117, 5, 135,
       66, 155, 193, 215, 223, 123, 186, 204, 66, 11, 147, 91, 87, 239,
       71, 50, 26, 239, 181, 100, 232, 94, 230, 249, 39, 155, 98, 54, 71,
       125, 239, 193, 144, 165, 108, 102, 111, 239, 128, 47, 246, 129,
       121, 254, 189, 60, 184, 157, 157, 84, 238, 159, 127, 132, 29, 175,
       249, 106, 147, 201, 195, 253, 21, 126, 111, 218, 183, 251, 211,
       93, 127, 218, 76, 159, 90, 239, 242, 96, 2, 122, 25, 30, 152, 235,
       126, 181, 237, 239, 76, 223, 180, 23, 73, 220, 119, 231, 103, 238,
       247, 46, 93, 37, 254, 110, 183, 11, 85, 71, 156, 181, 95, 142,
       102, 173, 191, 222, 242, 87, 70, 240, 124, 191, 111, 119, 102, 58,
       47, 241, 248, 127, 253, 109, 58, 87, 6, 221, 121, 209, 245, 114,
       188, 167, 86, 207, 253, 144, 195, 155, 127, 181, 31, 106, 188, 78,
       159, 173, 247, 249, 19, 191, 111, 250, 225, 31, 114, 88, 251, 195,
       77, 214, 127, 252, 6, 122, 238, 255, 43, 86, 89, 249, 134, 189,
       57, 95, 123, 41, 25, 186, 177, 207, 34, 56, 39, 72, 138, 247, 215,
       33, 57, 247, 250, 238, 3, 34, 141, 66, 142, 221, 195, 174, 228,
       157, 4, 216, 3, 100, 232, 52, 64, 248, 251, 147, 225, 120, 171, 8,
       255, 57, 54, 142, 203, 85, 10, 244, 138, 95, 123, 213, 165, 170,
       90, 108, 191, 47, 240, 250, 231, 221, 98, 193, 243, 38, 197, 126,
