%YAML:1.0
---
descriptors: !!opencv-matrix
   rows: 142
   cols: 32
   dt: u
   data: [ 2, 162, 24, 153, 28, 173, 176, 207, 143, 21, 236, 19, 164,
       143, 46, 72, 201, 27, 171, 16, 22, 11, 82, 245, 15, 20, 26, 123,
       144, 8, 141, 138, 44, 176, 153, 113, 245, 237, 240, 207, 95, 185,
       56, 27, 142, 153, 100, 152, 153, 27, 130, 16, 22, 122, 82, 18, 15,
       221, 21, 127, 209, 72, 206, 138, 134, 156, 188, 19, 225, 248, 183,
       167, 190, 119, 78, 49, 236, 60, 78, 75, 133, 87, 162, 19, 54, 220,
       59, 99, 47, 55, 95, 67, 128, 84, 141, 222, 74, 145, 150, 250, 139,
       208, 48, 71, 175, 17, 75, 33, 236, 246, 46, 206, 230, 51, 251,
       144, 23, 73, 18, 245, 155, 242, 90, 75, 146, 6, 173, 158, 70, 44,
       209, 101, 232, 104, 236, 130, 169, 243, 168, 216, 150, 63, 85, 59,
       163, 215, 89, 17, 17, 120, 208, 64, 157, 24, 15, 54, 196, 240, 67,
       168, 252, 34, 16, 96, 157, 63, 82, 88, 67, 172, 173, 8, 14, 137,
       73, 158, 184, 156, 196, 122, 8, 103, 216, 130, 219, 217, 5, 127,
       227, 127, 78, 162, 120, 97, 253, 64, 207, 93, 212, 237, 203, 180,
       172, 10, 10, 188, 125, 59, 200, 210, 224, 97, 78, 99, 242, 128,
       123, 89, 84, 63, 115, 94, 214, 206, 93, 70, 202, 165, 2, 58, 78,
       40, 36, 162, 251, 234, 87, 42, 129, 202, 122, 197, 236, 163, 76,
       182, 197, 10, 148, 231, 235, 21, 109, 251, 40, 0, 118, 231, 229,
       214, 246, 3, 206, 168, 19, 162, 251, 202, 83, 104, 148, 16, 91,
       197, 117, 239, 248, 227, 205, 254, 56, 46, 237, 148, 229, 234,
       242, 0, 65, 150, 20, 89, 185, 157, 16, 191, 159, 57, 52, 92, 174,
       19, 78, 21, 133, 19, 238, 16, 50, 108, 83, 117, 239, 218, 116,
       126, 90, 8, 137, 15, 34, 175, 130, 154, 221, 193, 130, 231, 150,
       13, 216, 41, 162, 232, 54, 132, 217, 42, 131, 17, 30, 43, 74, 191,
       169, 22, 157, 123, 208, 14, 254, 206, 209, 73, 87, 197, 6, 26,
       110, 32, 237, 130, 242, 66, 75, 2, 181, 255, 106, 228, 108, 234,
       233, 245, 37, 204, 178, 234, 198, 16, 39, 185, 112, 36, 246, 64,
       214, 166, 77, 86, 94, 232, 185, 166, 179, 27, 74, 250, 47, 223,
       248, 213, 237, 227, 108, 199, 155, 234, 147, 250, 199, 31, 37,
       119, 126, 6, 134, 164, 16, 147, 253, 109, 184, 75, 46, 49, 57, 27,
       204, 56, 72, 8, 187, 155, 235, 17, 54, 120, 219, 215, 13, 22, 31,
       127, 212, 78, 143, 134, 128, 29, 63, 117, 112, 238, 117, 55, 124,
       137, 122, 80, 183, 55, 0, 113, 132, 62, 86, 8, 161, 184, 49, 78,
       229, 190, 48, 0, 64, 192, 199, 171, 2, 170, 133, 185, 248, 137,
       168, 175, 158, 17, 80, 245, 172, 163, 232, 64, 207, 11, 107, 21,
       50, 72, 66, 247, 172, 22, 190, 232, 156, 136, 129, 153, 0, 137,
       24, 171, 24, 173, 146, 202, 142, 5, 201, 1, 180, 139, 34, 64, 192,
       59, 235, 81, 22, 9, 91, 53, 205, 165, 58, 89, 144, 11, 173, 138,
       38, 105, 211, 72, 77, 221, 178, 192, 203, 180, 120, 11, 8, 216,
       117, 142, 200, 249, 130, 81, 6, 35, 210, 240, 29, 28, 5, 63, 209,
       63, 86, 134, 60, 205, 39, 238, 23, 82, 86, 232, 197, 132, 234, 3,
       75, 121, 32, 197, 248, 228, 140, 227, 76, 171, 25, 189, 179, 227,
       135, 83, 51, 46, 116, 14, 136, 182, 157, 187, 252, 173, 169, 159,
       30, 27, 88, 112, 180, 183, 232, 72, 205, 27, 54, 24, 51, 120, 67,
       183, 204, 151, 62, 236, 152, 200, 129, 169, 4, 159, 159, 177, 162,
       98, 53, 55, 172, 223, 91, 225, 213, 119, 0, 75, 167, 119, 109,
       176, 17, 216, 3, 12, 205, 163, 127, 196, 128, 96, 165, 115, 253,
       223, 216, 86, 188, 55, 70, 252, 211, 170, 189, 204, 115, 225, 239,
       151, 31, 230, 196, 110, 249, 103, 156, 63, 186, 143, 101, 60, 251,
       251, 202, 17, 246, 76, 214, 142, 77, 110, 246, 200, 185, 166, 243,
       27, 78, 250, 77, 219, 249, 245, 239, 227, 44, 231, 217, 234, 149,
       54, 203, 31, 129, 119, 127, 134, 80, 137, 30, 174, 24, 132, 18,
       37, 164, 5, 207, 1, 247, 227, 34, 64, 192, 51, 233, 65, 94, 137,
       83, 61, 227, 229, 42, 89, 48, 2, 173, 10, 141, 141, 156, 87, 225,
       190, 182, 167, 122, 187, 78, 16, 232, 115, 76, 111, 129, 118, 160,
       26, 50, 216, 75, 227, 111, 255, 215, 71, 130, 113, 137, 143, 216,
       92, 31, 244, 3, 206, 53, 55, 188, 130, 98, 16, 190, 183, 33, 89,
       163, 119, 72, 0, 97, 221, 48, 47, 241, 162, 86, 0, 96, 80, 135,
       58, 177, 76, 83, 87, 84, 206, 235, 117, 116, 34, 231, 80, 50, 19,
       164, 181, 120, 44, 18, 234, 97, 189, 16, 47, 37, 174, 176, 0, 107,
       128, 98, 168, 244, 81, 30, 174, 40, 66, 87, 56, 160, 142, 231, 40,
       83, 215, 43, 83, 208, 244, 108, 226, 104, 71, 187, 44, 241, 227,
       231, 25, 48, 59, 118, 99, 129, 249, 123, 104, 242, 204, 119, 245,
       122, 73, 124, 40, 63, 215, 224, 48, 54, 26, 22, 88, 83, 56, 32,
       119, 123, 141, 36, 232, 112, 130, 231, 251, 242, 230, 220, 186,
       237, 185, 124, 206, 187, 19, 178, 25, 239, 234, 78, 219, 235, 195,
       237, 7, 126, 71, 202, 241, 150, 250, 215, 127, 224, 93, 202, 6,
       125, 109, 229, 102, 141, 79, 199, 244, 194, 226, 172, 10, 115,
       117, 81, 34, 9, 228, 120, 106, 201, 99, 255, 42, 121, 206, 197,
       60, 227, 251, 86, 104, 198, 237, 148, 151, 221, 128, 166, 164,
       186, 179, 137, 3, 228, 226, 77, 70, 241, 239, 106, 211, 102, 92,
       218, 243, 189, 22, 223, 107, 128, 115, 171, 142, 37, 135, 193,
       158, 220, 35, 134, 232, 18, 179, 185, 254, 211, 96, 233, 1, 89,
       194, 66, 250, 123, 99, 79, 191, 184, 6, 231, 124, 253, 251, 240,
       128, 133, 162, 221, 243, 236, 169, 233, 155, 239, 51, 49, 120,
       223, 249, 220, 43, 171, 11, 126, 25, 179, 124, 203, 209, 204, 154,
       119, 116, 212, 200, 193, 161, 74, 190, 156, 122, 169, 189, 20,
       143, 187, 63, 172, 57, 174, 255, 66, 27, 131, 115, 233, 16, 50,
       79, 202, 115, 203, 211, 93, 123, 210, 69, 143, 11, 134, 13, 214,
       254, 253, 43, 158, 232, 159, 130, 248, 9, 207, 235, 45, 201, 211,
       127, 111, 98, 100, 103, 10, 255, 186, 246, 71, 63, 212, 123, 41,
       131, 236, 78, 199, 85, 78, 42, 229, 80, 116, 166, 246, 246, 99,
       160, 149, 207, 104, 236, 98, 238, 168, 246, 231, 42, 84, 43, 225,
       128, 103, 249, 118, 161, 8, 166, 196, 153, 218, 137, 41, 175, 54,
       21, 70, 148, 173, 162, 202, 69, 103, 11, 42, 156, 50, 216, 215,
       119, 44, 166, 30, 72, 184, 128, 129, 156, 182, 231, 228, 255, 156,
       3, 206, 168, 83, 176, 243, 202, 67, 104, 29, 0, 89, 205, 53, 251,
       232, 242, 207, 191, 56, 174, 205, 244, 117, 187, 80, 0, 192, 40,
       151, 80, 104, 232, 169, 66, 170, 182, 32, 24, 180, 151, 196, 59,
       135, 55, 89, 25, 35, 109, 162, 64, 13, 24, 127, 104, 192, 32, 7,
       232, 45, 248, 253, 119, 103, 95, 117, 148, 112, 243, 118, 24, 219,
       29, 211, 187, 35, 84, 116, 90, 225, 244, 253, 32, 111, 203, 117,
       4, 231, 185, 198, 234, 101, 97, 155, 231, 56, 15, 67, 248, 109,
       168, 191, 72, 255, 82, 137, 116, 148, 213, 124, 106, 201, 163,
       233, 12, 177, 220, 39, 52, 64, 51, 67, 37, 197, 74, 222, 213, 100,
       42, 237, 18, 252, 130, 118, 86, 253, 163, 181, 107, 98, 100, 46,
       238, 225, 245, 135, 232, 20, 186, 114, 128, 12, 241, 97, 41, 3,
       162, 68, 153, 248, 137, 169, 175, 30, 49, 80, 221, 173, 130, 200,
       196, 79, 11, 107, 156, 51, 72, 207, 213, 12, 22, 190, 252, 156,
       136, 137, 152, 245, 237, 75, 110, 204, 37, 71, 252, 194, 210, 141,
       74, 83, 241, 249, 50, 89, 194, 92, 126, 201, 35, 158, 58, 249,
       136, 101, 60, 121, 251, 242, 160, 203, 85, 127, 108, 42, 86, 93,
       55, 165, 110, 214, 189, 93, 61, 182, 119, 134, 21, 253, 111, 229,
       135, 37, 140, 115, 251, 104, 147, 38, 180, 164, 119, 66, 188, 150,
       152, 139, 253, 176, 199, 191, 31, 136, 25, 172, 190, 102, 206,
       227, 51, 235, 17, 22, 75, 146, 243, 153, 22, 94, 123, 144, 68,
       173, 78, 240, 91, 31, 142, 8, 66, 151, 232, 132, 164, 162, 43, 98,
       240, 37, 83, 200, 245, 236, 227, 104, 99, 11, 125, 176, 34, 79,
       31, 81, 58, 36, 51, 25, 216, 236, 183, 39, 70, 93, 180, 23, 230,
