%YAML:1.0
---
descriptors: !!opencv-matrix
   rows: 342
   cols: 32
   dt: u
   data: [ 194, 160, 51, 218, 107, 192, 184, 105, 191, 25, 241, 48, 156,
       211, 108, 117, 226, 25, 127, 128, 83, 75, 162, 213, 155, 48, 222,
       239, 16, 0, 39, 171, 40, 187, 120, 105, 224, 172, 115, 83, 113,
       13, 124, 44, 19, 179, 192, 16, 182, 142, 6, 24, 154, 186, 32, 20,
       239, 253, 32, 68, 224, 194, 194, 163, 188, 252, 183, 126, 137,
       239, 22, 191, 155, 223, 120, 125, 110, 253, 37, 27, 157, 127, 229,
       2, 126, 239, 218, 191, 171, 246, 85, 59, 210, 125, 196, 91, 165,
       205, 99, 91, 228, 75, 239, 254, 124, 82, 126, 210, 240, 225, 221,
       37, 123, 74, 50, 78, 227, 180, 111, 227, 44, 56, 167, 132, 119,
       251, 209, 236, 222, 222, 153, 254, 173, 100, 95, 186, 19, 142,
       157, 22, 77, 227, 105, 73, 213, 213, 173, 138, 104, 71, 234, 226,
       251, 231, 255, 189, 182, 249, 180, 51, 161, 171, 156, 179, 236,
       173, 161, 215, 158, 191, 116, 120, 165, 177, 210, 12, 77, 58, 118,
       25, 114, 126, 202, 179, 76, 210, 125, 248, 208, 200, 155, 169, 17,
       206, 12, 189, 26, 19, 156, 238, 158, 126, 150, 167, 231, 110, 131,
       75, 255, 197, 253, 167, 236, 205, 111, 63, 250, 231, 255, 149,
       189, 120, 25, 91, 200, 178, 149, 81, 233, 63, 180, 31, 59, 251,
       51, 253, 138, 45, 76, 142, 7, 22, 234, 20, 179, 124, 219, 210, 78,
       250, 85, 118, 202, 196, 138, 147, 173, 20, 253, 119, 164, 110,
       197, 186, 80, 250, 126, 24, 211, 121, 21, 43, 25, 214, 52, 42,
       185, 252, 121, 42, 111, 235, 117, 20, 235, 249, 80, 35, 190, 86,
       111, 188, 12, 7, 95, 112, 148, 202, 214, 247, 115, 77, 179, 97,
       92, 241, 157, 231, 233, 199, 53, 158, 242, 195, 235, 144, 61, 189,
       52, 112, 37, 151, 76, 235, 252, 15, 234, 249, 109, 97, 251, 206,
       223, 104, 158, 33, 126, 142, 94, 111, 181, 176, 93, 221, 108, 252,
       35, 68, 109, 138, 219, 144, 210, 90, 151, 180, 42, 226, 63, 34,
       164, 142, 210, 179, 109, 255, 33, 203, 166, 245, 237, 195, 104,
       197, 2, 104, 209, 227, 106, 131, 32, 113, 37, 83, 69, 176, 155,
       106, 78, 13, 163, 89, 106, 17, 121, 104, 212, 208, 72, 160, 187,
       27, 114, 35, 83, 50, 154, 81, 21, 132, 42, 110, 89, 2, 163, 179,
       47, 161, 86, 139, 223, 191, 234, 217, 109, 113, 121, 79, 78, 233,
       30, 149, 58, 139, 211, 63, 183, 178, 29, 213, 62, 88, 1, 102, 239,
       142, 219, 132, 206, 62, 149, 183, 171, 112, 184, 147, 186, 243, 3,
       243, 236, 255, 73, 203, 167, 87, 249, 147, 54, 93, 139, 227, 222,
       115, 95, 163, 142, 101, 13, 83, 48, 79, 83, 236, 116, 46, 79, 118,
       101, 138, 122, 66, 55, 173, 49, 16, 252, 250, 6, 110, 201, 186,
       16, 46, 241, 237, 34, 0, 105, 251, 112, 185, 196, 177, 57, 225,
       241, 111, 113, 152, 63, 121, 37, 88, 222, 23, 72, 120, 149, 28,
       94, 58, 19, 24, 121, 22, 205, 152, 33, 118, 146, 11, 133, 115, 35,
       205, 56, 140, 221, 213, 190, 231, 205, 64, 248, 11, 172, 220, 54,
       128, 200, 59, 211, 195, 198, 43, 82, 253, 55, 17, 138, 59, 85, 30,
       185, 142, 252, 227, 156, 122, 185, 157, 82, 217, 235, 29, 189, 13,
       111, 219, 107, 146, 173, 195, 236, 114, 78, 99, 138, 49, 219, 217,
       37, 127, 114, 15, 107, 3, 87, 75, 195, 140, 214, 18, 238, 224,
       133, 192, 219, 230, 73, 236, 189, 228, 126, 229, 30, 239, 205,
       131, 4, 204, 48, 36, 175, 136, 47, 191, 57, 244, 18, 190, 168,
       171, 54, 161, 187, 219, 30, 61, 93, 231, 173, 204, 250, 0, 191,
       11, 151, 149, 150, 24, 45, 247, 228, 69, 186, 161, 149, 79, 189,
       219, 207, 191, 252, 23, 186, 152, 191, 189, 190, 215, 135, 189,
       236, 230, 138, 247, 55, 79, 234, 95, 247, 77, 255, 251, 254, 51,
       79, 251, 142, 215, 143, 117, 118, 36, 170, 236, 153, 214, 67, 96,
       245, 132, 198, 10, 83, 242, 42, 112, 248, 253, 89, 241, 40, 131,
       176, 14, 241, 231, 138, 27, 161, 35, 118, 102, 255, 195, 225, 70,
       110, 26, 207, 248, 81, 230, 183, 238, 75, 108, 159, 183, 62, 196,
       212, 239, 249, 227, 237, 174, 54, 111, 229, 148, 103, 255, 90,
       101, 16, 82, 95, 229, 34, 194, 54, 101, 188, 138, 82, 163, 93,
       215, 33, 81, 54, 125, 239, 98, 64, 149, 0, 78, 240, 227, 110, 131,
       32, 50, 165, 27, 135, 205, 115, 95, 236, 56, 239, 255, 255, 210,
       120, 198, 248, 236, 181, 231, 107, 66, 94, 238, 225, 124, 110,
       255, 44, 30, 239, 172, 87, 249, 209, 237, 41, 134, 107, 85, 116,
       186, 233, 51, 124, 75, 127, 240, 179, 45, 150, 96, 15, 46, 22, 12,
       187, 188, 101, 15, 70, 191, 176, 192, 231, 136, 80, 249, 232, 188,
       51, 250, 237, 173, 225, 247, 250, 27, 176, 93, 190, 252, 116, 155,
       201, 123, 111, 17, 179, 111, 218, 243, 29, 25, 118, 120, 216, 72,
       195, 187, 194, 156, 158, 155, 171, 228, 60, 183, 191, 27, 66, 80,
       140, 183, 104, 79, 231, 95, 251, 145, 51, 77, 147, 227, 205, 178,
       94, 203, 128, 64, 165, 27, 207, 114, 249, 97, 226, 60, 127, 153,
       51, 255, 21, 253, 221, 63, 219, 59, 23, 93, 245, 190, 165, 84,
       237, 194, 78, 91, 125, 164, 174, 245, 135, 113, 217, 220, 13, 189,
       44, 142, 108, 190, 182, 114, 194, 87, 247, 127, 16, 81, 205, 167,
       127, 141, 237, 221, 211, 191, 247, 251, 251, 16, 56, 152, 56, 90,
       74, 184, 183, 178, 129, 197, 56, 198, 187, 127, 0, 25, 188, 159,
       104, 26, 165, 91, 253, 145, 54, 77, 154, 241, 219, 211, 94, 127,
       130, 4, 135, 91, 54, 56, 186, 186, 91, 233, 16, 72, 159, 23, 165,
       187, 110, 223, 107, 24, 143, 185, 203, 17, 14, 7, 90, 179, 219,
       215, 25, 123, 242, 5, 15, 223, 139, 20, 158, 87, 162, 62, 172, 55,
       124, 83, 86, 212, 221, 42, 151, 239, 167, 103, 54, 141, 181, 220,
       21, 234, 134, 251, 254, 128, 140, 244, 169, 157, 64, 171, 218,
       133, 212, 8, 234, 151, 122, 161, 122, 198, 181, 226, 88, 80, 114,
       79, 110, 201, 3, 248, 197, 99, 188, 164, 174, 0, 12, 50, 163, 136,
       126, 161, 16, 234, 57, 205, 90, 232, 131, 61, 169, 9, 139, 207,
       72, 16, 200, 145, 205, 210, 26, 11, 202, 149, 219, 213, 129, 127,
       82, 7, 198, 18, 161, 211, 204, 191, 44, 15, 237, 253, 30, 230,
       119, 215, 243, 97, 154, 1, 126, 238, 126, 78, 229, 252, 127, 173,
       228, 203, 231, 128, 125, 186, 216, 216, 61, 44, 184, 240, 221,
       173, 80, 218, 203, 185, 173, 24, 30, 153, 73, 59, 137, 216, 87,
       24, 26, 103, 218, 176, 219, 217, 17, 127, 194, 73, 82, 162, 186,
       13, 230, 223, 29, 83, 197, 104, 215, 255, 247, 27, 96, 120, 54,
       175, 249, 236, 123, 233, 236, 247, 109, 157, 123, 106, 213, 21,
       71, 45, 116, 230, 131, 189, 139, 155, 242, 208, 185, 119, 62, 65,
       90, 247, 188, 166, 166, 100, 55, 59, 147, 149, 247, 156, 54, 255,
       60, 38, 186, 194, 12, 4, 173, 253, 245, 92, 109, 103, 36, 78, 111,
       56, 117, 234, 247, 200, 211, 117, 145, 115, 126, 244, 124, 106,
       233, 180, 125, 40, 231, 235, 225, 128, 111, 251, 70, 241, 138,
       186, 22, 145, 123, 153, 176, 103, 191, 61, 116, 249, 172, 158,
       230, 143, 167, 59, 207, 17, 182, 253, 130, 213, 142, 83, 90, 243,
       198, 4, 15, 143, 42, 205, 114, 206, 221, 213, 134, 231, 201, 12,
       252, 10, 40, 220, 55, 148, 200, 187, 211, 67, 66, 43, 114, 253,
       55, 24, 132, 59, 83, 30, 246, 238, 98, 60, 243, 216, 221, 245,
       249, 67, 187, 135, 232, 10, 40, 255, 101, 126, 233, 191, 251, 144,
       27, 107, 178, 192, 31, 252, 18, 59, 211, 104, 103, 254, 186, 184,
       60, 185, 63, 201, 209, 103, 143, 61, 180, 57, 174, 157, 66, 11,
       203, 51, 239, 17, 46, 111, 98, 149, 223, 211, 122, 251, 86, 12,
       15, 203, 34, 205, 122, 78, 221, 197, 215, 229, 201, 12, 252, 11,
       42, 253, 54, 52, 200, 242, 211, 67, 78, 43, 114, 253, 119, 24,
       132, 59, 83, 26, 254, 206, 89, 179, 42, 44, 114, 213, 185, 115,
       228, 76, 220, 175, 185, 189, 178, 32, 46, 161, 223, 173, 212, 171,
       180, 93, 91, 77, 42, 185, 119, 134, 47, 219, 128, 255, 158, 189,
       250, 132, 52, 239, 190, 30, 232, 33, 189, 227, 33, 83, 231, 59,
