%YAML:1.0
---
descriptors: !!opencv-matrix
   rows: 236
   cols: 32
   dt: u
   data: [ 188, 112, 120, 104, 116, 109, 83, 216, 22, 108, 245, 25, 83,
       221, 107, 56, 60, 216, 23, 122, 42, 54, 120, 18, 83, 201, 33, 109,
       241, 187, 102, 243, 54, 1, 197, 205, 171, 83, 76, 77, 5, 241, 245,
       162, 201, 55, 161, 254, 94, 157, 183, 160, 25, 146, 103, 136, 130,
       242, 220, 159, 183, 246, 164, 180, 253, 113, 193, 202, 142, 3, 71,
       216, 67, 242, 181, 206, 83, 65, 217, 175, 120, 196, 124, 254, 73,
       103, 223, 56, 120, 136, 229, 60, 127, 251, 122, 48, 245, 253, 237,
       78, 142, 55, 79, 252, 195, 250, 188, 78, 83, 240, 249, 55, 89,
       196, 84, 234, 233, 99, 190, 58, 249, 136, 229, 60, 125, 251, 242,
       48, 253, 105, 233, 98, 204, 71, 71, 216, 67, 246, 165, 10, 83, 81,
       89, 59, 89, 196, 124, 122, 233, 103, 255, 56, 251, 201, 229, 60,
       119, 251, 86, 96, 31, 149, 87, 225, 147, 38, 111, 183, 37, 129,
       206, 194, 221, 55, 168, 228, 119, 215, 157, 184, 57, 152, 21, 206,
       168, 230, 142, 196, 174, 198, 161, 48, 132, 28, 63, 95, 100, 110,
       113, 50, 252, 26, 103, 16, 246, 113, 33, 123, 161, 118, 106, 10,
       33, 244, 51, 104, 71, 187, 112, 0, 192, 241, 71, 171, 125, 79,
       110, 68, 36, 90, 119, 116, 225, 204, 254, 233, 75, 125, 151, 55,
       58, 228, 236, 110, 204, 163, 37, 12, 242, 255, 96, 147, 103, 191,
       126, 103, 122, 189, 60, 238, 219, 244, 90, 255, 163, 212, 236, 13,
       63, 127, 2, 83, 199, 251, 213, 144, 30, 10, 218, 173, 251, 241,
       140, 59, 186, 98, 174, 91, 2, 139, 134, 153, 75, 128, 184, 66,
       174, 21, 64, 167, 172, 206, 102, 200, 230, 59, 171, 213, 2, 155,
       130, 241, 4, 48, 218, 203, 20, 4, 45, 219, 244, 73, 71, 78, 13,
       67, 199, 232, 197, 164, 163, 10, 66, 224, 45, 87, 88, 228, 106,
       98, 104, 227, 63, 61, 49, 34, 69, 31, 81, 59, 116, 6, 72, 28, 149,
       247, 168, 110, 57, 23, 174, 187, 11, 64, 221, 55, 0, 107, 135, 87,
       125, 24, 17, 217, 83, 96, 205, 166, 126, 196, 136, 99, 129, 35,
       227, 121, 79, 28, 104, 158, 206, 112, 233, 192, 242, 205, 122,
       204, 23, 147, 142, 229, 125, 231, 237, 99, 146, 105, 50, 56, 76,
       26, 77, 53, 106, 92, 2, 162, 157, 155, 252, 169, 184, 143, 158,
       57, 16, 253, 164, 135, 200, 8, 207, 27, 123, 21, 18, 72, 66, 247,
       12, 22, 62, 252, 156, 8, 129, 153, 247, 65, 102, 236, 15, 18, 78,
       104, 229, 162, 162, 2, 67, 106, 53, 247, 120, 228, 124, 235, 108,
       231, 21, 140, 179, 234, 195, 21, 39, 191, 120, 4, 64, 169, 18,
       154, 249, 249, 176, 199, 174, 29, 160, 56, 172, 214, 96, 124, 201,
       59, 234, 16, 18, 43, 130, 247, 157, 20, 30, 123, 208, 8, 167, 139,
       24, 207, 239, 161, 146, 66, 111, 246, 36, 141, 218, 227, 23, 39,
       176, 66, 126, 214, 29, 255, 120, 153, 37, 44, 248, 229, 174, 196,
       165, 210, 181, 121, 149, 207, 78, 175, 182, 2, 111, 252, 36, 224,
       218, 199, 113, 107, 155, 97, 126, 229, 29, 239, 237, 145, 29, 61,
       240, 233, 175, 128, 45, 178, 248, 25, 0, 241, 57, 251, 248, 141,
       165, 191, 30, 61, 88, 56, 182, 21, 72, 32, 149, 27, 18, 9, 66,
       120, 123, 55, 237, 133, 52, 124, 80, 8, 133, 251, 7, 120, 169, 19,
       144, 255, 239, 216, 126, 230, 15, 4, 209, 220, 247, 104, 53, 105,
       19, 223, 165, 212, 127, 58, 207, 79, 175, 228, 156, 243, 17, 244,
       213, 88, 76, 167, 38, 2, 110, 184, 96, 226, 215, 199, 211, 107,
       155, 99, 118, 196, 124, 239, 237, 212, 221, 44, 244, 171, 239,
       132, 45, 179, 120, 17, 129, 170, 57, 217, 44, 173, 97, 159, 94,
       95, 112, 84, 182, 131, 240, 104, 193, 42, 38, 12, 130, 60, 99, 53,
       206, 154, 114, 104, 16, 136, 193, 169, 25, 156, 30, 238, 17, 167,
       83, 179, 196, 8, 207, 68, 247, 115, 32, 80, 85, 50, 12, 24, 58,
       137, 89, 63, 227, 239, 32, 16, 186, 74, 40, 59, 250, 88, 94, 190,
       44, 78, 93, 180, 169, 222, 182, 59, 127, 31, 35, 91, 238, 245,
       253, 226, 104, 199, 241, 232, 243, 251, 238, 147, 37, 185, 116,
       123, 61, 205, 243, 207, 244, 79, 239, 253, 85, 164, 255, 2, 115,
       97, 185, 116, 122, 238, 23, 234, 217, 186, 125, 175, 125, 172,
       165, 132, 231, 251, 244, 168, 73, 11, 225, 101, 32, 26, 79, 58,
       97, 226, 62, 236, 219, 34, 215, 182, 22, 196, 124, 238, 221, 88,
       229, 10, 238, 255, 229, 132, 110, 231, 90, 117, 125, 214, 173,
       111, 184, 6, 87, 184, 102, 123, 159, 100, 83, 117, 154, 114, 85,
       84, 125, 239, 217, 128, 127, 31, 232, 239, 229, 212, 63, 179, 240,
       113, 9, 170, 177, 249, 44, 173, 97, 31, 94, 25, 120, 80, 182, 147,
       224, 104, 193, 10, 38, 28, 147, 56, 67, 17, 204, 158, 50, 104, 24,
       136, 193, 169, 32, 185, 16, 154, 249, 201, 144, 199, 207, 25, 224,
       40, 174, 210, 96, 84, 201, 59, 130, 17, 22, 42, 66, 245, 157, 20,
       26, 123, 208, 8, 143, 143, 95, 149, 198, 193, 145, 182, 78, 119,
       37, 137, 222, 70, 75, 35, 180, 244, 113, 246, 156, 184, 121, 137,
       49, 206, 186, 255, 135, 198, 171, 230, 232, 52, 244, 104, 215, 20,
       74, 104, 97, 0, 248, 178, 162, 24, 214, 230, 69, 59, 41, 245, 104,
       146, 41, 103, 226, 64, 149, 162, 87, 56, 225, 113, 103, 32, 244,
       48, 184, 99, 160, 106, 114, 216, 122, 190, 179, 57, 215, 127, 89,
       26, 187, 205, 125, 115, 12, 246, 201, 2, 222, 201, 97, 245, 225,
       115, 71, 195, 181, 205, 127, 79, 148, 75, 239, 252, 116, 160, 242,
       66, 115, 97, 189, 225, 122, 244, 94, 234, 233, 179, 125, 44, 179,
       235, 229, 20, 101, 187, 244, 224, 32, 181, 56, 187, 189, 205, 144,
       175, 158, 121, 56, 25, 190, 28, 74, 0, 133, 27, 203, 17, 86, 40,
       91, 183, 173, 213, 16, 123, 80, 8, 133, 91, 194, 126, 50, 152,
       251, 241, 190, 231, 189, 6, 152, 179, 172, 190, 37, 197, 239, 179,
       203, 129, 118, 15, 2, 242, 177, 84, 30, 235, 144, 84, 175, 159,
       213, 73, 79, 167, 38, 10, 111, 184, 116, 226, 214, 198, 243, 75,
       155, 97, 118, 228, 61, 239, 237, 148, 93, 47, 244, 171, 239, 132,
       45, 179, 120, 25, 15, 172, 142, 187, 145, 180, 184, 3, 62, 211,
       66, 21, 172, 234, 114, 200, 209, 43, 179, 149, 54, 220, 83, 242,
       140, 119, 222, 67, 152, 69, 185, 150, 1, 128, 93, 187, 218, 137,
       41, 175, 30, 17, 64, 144, 181, 99, 136, 68, 87, 11, 42, 156, 51,
       88, 71, 55, 204, 166, 254, 96, 188, 136, 129, 168, 253, 237, 249,
       74, 205, 93, 71, 252, 195, 250, 188, 8, 82, 113, 217, 63, 89, 194,
       84, 122, 107, 99, 250, 58, 123, 201, 101, 60, 115, 251, 210, 160,
       90, 237, 133, 193, 153, 207, 79, 175, 167, 57, 142, 64, 106, 119,
       152, 180, 49, 194, 93, 248, 91, 9, 41, 255, 185, 220, 133, 246,
       178, 22, 134, 44, 245, 205, 209, 126, 156, 39, 70, 253, 83, 234,
       185, 78, 115, 112, 185, 55, 89, 230, 20, 110, 249, 99, 60, 63, 56,
       206, 229, 60, 255, 251, 242, 37, 33, 65, 107, 77, 92, 6, 167, 104,
       68, 32, 243, 66, 112, 193, 189, 100, 120, 76, 34, 110, 193, 179,
       53, 76, 53, 46, 162, 0, 89, 186, 112, 168, 119, 119, 197, 4, 206,
       23, 206, 248, 66, 226, 152, 206, 83, 104, 221, 166, 93, 196, 116,
       239, 205, 99, 253, 42, 56, 12, 229, 188, 125, 255, 122, 180, 135,
       177, 181, 67, 233, 223, 125, 25, 111, 113, 45, 28, 158, 150, 76,
       60, 149, 31, 122, 24, 215, 120, 251, 209, 15, 216, 21, 102, 218,
       130, 131, 180, 33, 153, 57, 251, 188, 141, 83, 181, 86, 13, 236,
       0, 183, 209, 160, 96, 192, 122, 12, 88, 154, 168, 115, 63, 233,
       237, 36, 88, 16, 138, 212, 105, 161, 167, 237, 195, 220, 47, 237,
       255, 87, 243, 121, 90, 211, 109, 92, 36, 89, 206, 18, 188, 249,
       120, 125, 222, 45, 30, 149, 116, 213, 250, 208, 236, 232, 184, 61,
       123, 29, 205, 81, 26, 114, 20, 164, 24, 54, 87, 0, 51, 129, 50,
       64, 72, 42, 110, 250, 63, 195, 233, 16, 56, 82, 9, 70, 170, 125,
       237, 229, 68, 221, 127, 71, 254, 81, 250, 172, 10, 115, 113, 213,
       183, 89, 230, 84, 110, 249, 107, 253, 46, 123, 202, 197, 60, 123,
       251, 210, 40, 249, 219, 79, 237, 36, 15, 103, 181, 116, 108, 246,
