%YAML:1.0
---
descriptors: !!opencv-matrix
   rows: 335
   cols: 32
   dt: u
   data: [ 70, 34, 154, 190, 123, 229, 186, 73, 143, 149, 201, 171, 204,
       239, 96, 74, 230, 57, 235, 176, 18, 75, 138, 209, 221, 180, 31,
       127, 144, 75, 45, 3, 52, 94, 106, 94, 78, 98, 151, 250, 84, 70,
       220, 167, 115, 253, 179, 96, 121, 250, 131, 235, 232, 163, 125,
       63, 115, 39, 225, 9, 117, 251, 124, 242, 45, 168, 234, 191, 228,
       177, 237, 214, 127, 243, 126, 135, 249, 251, 211, 57, 95, 239, 55,
       157, 158, 242, 206, 225, 78, 251, 255, 160, 239, 247, 235, 129,
       245, 107, 200, 165, 102, 10, 110, 184, 105, 226, 183, 239, 219,
       74, 219, 59, 62, 197, 124, 239, 205, 215, 205, 104, 244, 233, 239,
       180, 109, 179, 107, 149, 54, 99, 233, 66, 110, 91, 110, 216, 19,
       226, 181, 234, 83, 205, 253, 56, 122, 220, 38, 250, 73, 118, 236,
       112, 22, 9, 165, 189, 125, 251, 94, 177, 69, 114, 153, 231, 32,
       14, 111, 152, 40, 170, 115, 96, 215, 23, 201, 190, 22, 92, 92,
       106, 193, 212, 249, 72, 229, 190, 103, 132, 8, 179, 3, 49, 77, 13,
       252, 223, 228, 170, 239, 150, 255, 130, 191, 222, 249, 233, 253,
       104, 123, 231, 127, 207, 241, 98, 78, 250, 126, 31, 239, 136, 223,
       251, 241, 160, 203, 58, 238, 85, 98, 62, 57, 54, 120, 219, 86,
       244, 253, 54, 150, 250, 39, 119, 253, 141, 129, 220, 165, 74, 70,
       47, 126, 128, 142, 228, 43, 253, 151, 175, 238, 211, 214, 171,
       239, 253, 254, 147, 159, 218, 221, 107, 154, 33, 123, 227, 95,
       255, 176, 107, 238, 254, 252, 47, 239, 236, 165, 251, 177, 160,
       188, 22, 149, 117, 141, 63, 20, 27, 51, 251, 247, 253, 203, 37,
       129, 159, 29, 150, 236, 44, 185, 244, 209, 136, 134, 242, 81, 150,
       234, 237, 138, 147, 165, 149, 107, 222, 214, 69, 175, 253, 94,
       202, 89, 70, 112, 252, 125, 97, 253, 91, 19, 227, 243, 114, 30,
       127, 61, 12, 175, 172, 29, 122, 245, 177, 220, 175, 238, 247, 222,
       169, 239, 245, 116, 167, 223, 210, 241, 233, 251, 99, 121, 238,
       107, 238, 178, 251, 237, 239, 126, 205, 175, 232, 167, 251, 240,
       192, 145, 236, 187, 223, 206, 201, 175, 255, 254, 242, 215, 178,
       253, 231, 250, 99, 123, 239, 126, 238, 241, 127, 173, 255, 252,
       15, 127, 164, 52, 219, 161, 232, 191, 223, 237, 76, 218, 87, 159,
       252, 18, 238, 244, 238, 91, 117, 159, 161, 31, 220, 181, 110, 237,
       246, 125, 190, 123, 15, 101, 180, 127, 253, 216, 245, 220, 18,
       156, 246, 41, 108, 81, 16, 171, 191, 167, 24, 223, 179, 64, 91,
       133, 213, 109, 24, 24, 77, 219, 32, 219, 243, 115, 95, 128, 33, 7,
       35, 98, 137, 22, 250, 237, 205, 212, 231, 203, 25, 184, 9, 174,
       249, 36, 213, 200, 163, 207, 65, 94, 107, 82, 245, 191, 248, 210,
       123, 18, 12, 222, 142, 34, 105, 162, 252, 77, 213, 212, 71, 85,
       13, 240, 11, 42, 152, 52, 136, 216, 171, 135, 193, 78, 43, 82,
       227, 55, 28, 150, 43, 81, 28, 254, 142, 236, 244, 189, 122, 201,
       109, 81, 200, 243, 55, 173, 25, 215, 253, 74, 27, 153, 146, 233,
       50, 58, 103, 250, 17, 219, 211, 85, 125, 208, 91, 198, 98, 54, 33,
       72, 229, 85, 31, 210, 64, 45, 36, 247, 11, 203, 25, 31, 144, 216,
       200, 215, 246, 76, 178, 81, 140, 215, 221, 130, 19, 107, 47, 90,
       146, 68, 163, 88, 227, 242, 202, 127, 25, 49, 41, 127, 32, 221,
       83, 138, 81, 54, 159, 127, 184, 16, 144, 201, 92, 254, 173, 163,
       196, 160, 130, 167, 227, 102, 56, 162, 174, 93, 13, 152, 72, 142,
       101, 177, 15, 238, 220, 63, 138, 200, 5, 251, 87, 12, 35, 218,
       192, 19, 119, 75, 59, 217, 47, 127, 210, 120, 172, 181, 250, 137,
       237, 81, 207, 155, 55, 169, 25, 174, 253, 73, 158, 129, 147, 233,
       1, 58, 111, 218, 179, 219, 215, 85, 59, 146, 77, 134, 42, 56, 143,
       18, 170, 189, 131, 86, 231, 133, 1, 250, 67, 111, 235, 32, 192,
       216, 163, 142, 96, 94, 171, 74, 189, 178, 229, 130, 75, 54, 14,
       184, 10, 191, 253, 233, 100, 217, 87, 95, 252, 83, 226, 148, 142,
       91, 125, 95, 53, 29, 214, 149, 239, 233, 82, 253, 190, 123, 79,
       237, 188, 191, 247, 210, 240, 195, 62, 223, 21, 42, 170, 169, 22,
       187, 255, 22, 253, 212, 166, 214, 62, 39, 119, 126, 29, 183, 220,
       165, 66, 12, 60, 63, 192, 204, 228, 3, 125, 88, 177, 154, 240,
       187, 156, 84, 247, 187, 153, 166, 93, 159, 211, 64, 210, 165, 255,
       253, 16, 94, 73, 146, 128, 251, 241, 55, 251, 170, 32, 171, 19,
       222, 171, 214, 144, 219, 209, 184, 194, 191, 181, 166, 159, 12,
       142, 102, 158, 39, 253, 203, 208, 54, 223, 134, 192, 31, 80, 31,
       239, 163, 5, 175, 214, 232, 177, 188, 250, 137, 237, 17, 71, 191,
       29, 165, 24, 190, 159, 72, 27, 129, 187, 239, 16, 58, 75, 210,
       209, 219, 211, 90, 123, 210, 0, 135, 58, 167, 161, 68, 139, 253,
       15, 238, 121, 239, 113, 245, 223, 207, 105, 30, 151, 58, 138, 83,
       125, 183, 178, 223, 213, 62, 88, 1, 100, 207, 142, 219, 150, 61,
       107, 107, 43, 212, 135, 239, 248, 102, 192, 122, 194, 243, 195,
       177, 64, 120, 232, 7, 239, 203, 178, 77, 61, 236, 237, 167, 192,
       101, 187, 226, 224, 218, 90, 159, 252, 43, 226, 63, 98, 164, 158,
       210, 179, 237, 175, 33, 75, 230, 245, 237, 195, 40, 197, 2, 232,
       209, 227, 106, 131, 32, 113, 37, 83, 222, 22, 205, 164, 138, 96,
       13, 27, 16, 230, 159, 183, 89, 39, 219, 123, 127, 213, 253, 167,
       169, 71, 245, 194, 210, 227, 251, 156, 167, 245, 60, 112, 207, 50,
       237, 197, 226, 62, 125, 152, 56, 250, 23, 252, 221, 39, 219, 123,
       55, 84, 125, 254, 161, 84, 173, 194, 70, 43, 237, 164, 174, 245,
       19, 113, 225, 21, 19, 76, 125, 158, 70, 48, 220, 200, 225, 68,
       242, 240, 60, 113, 208, 96, 50, 110, 245, 163, 82, 29, 33, 184, 1,
       24, 88, 170, 72, 37, 56, 248, 56, 116, 105, 141, 87, 254, 39, 184,
       188, 12, 63, 151, 65, 16, 167, 155, 213, 74, 74, 75, 16, 63, 251,
       205, 49, 57, 106, 144, 78, 187, 252, 187, 148, 58, 169, 157, 82,
       217, 171, 29, 189, 93, 111, 203, 74, 146, 165, 195, 236, 86, 94,
       67, 154, 49, 219, 217, 101, 127, 210, 7, 238, 3, 199, 6, 237, 181,
       172, 46, 109, 23, 57, 247, 151, 215, 143, 47, 147, 75, 39, 199,
       125, 173, 188, 68, 245, 202, 230, 127, 254, 148, 172, 253, 145,
       80, 68, 78, 229, 197, 110, 34, 107, 146, 127, 174, 254, 230, 201,
       3, 149, 94, 115, 228, 110, 222, 130, 208, 237, 234, 212, 190, 175,
       132, 167, 243, 117, 105, 199, 103, 66, 7, 178, 27, 46, 168, 124,
       224, 207, 237, 197, 228, 155, 244, 118, 70, 234, 110, 245, 145,
       237, 110, 180, 52, 15, 148, 14, 247, 139, 84, 230, 190, 151, 62,
       137, 239, 22, 175, 155, 251, 248, 125, 102, 253, 109, 31, 149,
       127, 245, 19, 120, 239, 218, 191, 169, 246, 85, 186, 200, 124,
       134, 123, 195, 183, 185, 242, 240, 173, 185, 159, 59, 91, 49, 125,
       156, 31, 92, 57, 135, 27, 213, 21, 179, 78, 186, 247, 207, 223,
       62, 254, 140, 0, 131, 243, 38, 237, 112, 99, 244, 139, 222, 233,
       91, 160, 57, 201, 195, 73, 92, 17, 159, 157, 87, 127, 250, 114,
       205, 159, 44, 220, 5, 118, 85, 138, 210, 132, 169, 197, 115, 65,
       244, 155, 239, 55, 125, 1, 118, 216, 243, 1, 156, 116, 90, 190,
       70, 56, 251, 184, 101, 95, 103, 255, 48, 64, 103, 138, 214, 169,
       130, 158, 22, 152, 203, 145, 188, 199, 191, 23, 64, 183, 172, 206,
       102, 205, 231, 59, 171, 145, 118, 15, 130, 241, 31, 114, 94, 203,
       146, 4, 173, 207, 87, 28, 255, 69, 38, 118, 251, 186, 105, 234,
       95, 0, 93, 62, 149, 118, 55, 213, 125, 171, 161, 19, 189, 206,
       241, 190, 235, 134, 165, 243, 39, 125, 245, 70, 103, 205, 6, 2,
       207, 120, 85, 194, 215, 198, 83, 97, 189, 101, 126, 196, 53, 238,
       233, 183, 37, 142, 48, 234, 227, 132, 47, 187, 112, 244, 182, 207,
       54, 222, 173, 115, 151, 235, 149, 30, 148, 50, 96, 253, 47, 239,
       217, 210, 223, 227, 120, 103, 42, 190, 187, 82, 207, 63, 211, 125,
       252, 231, 37, 151, 76, 175, 252, 143, 238, 249, 108, 97, 251, 198,
