%YAML:1.0
---
descriptors: !!opencv-matrix
   rows: 330
   cols: 32
   dt: u
   data: [ 212, 80, 157, 84, 8, 78, 69, 56, 241, 250, 166, 24, 215, 23,
       65, 63, 0, 212, 108, 106, 105, 71, 243, 0, 145, 250, 81, 22, 72,
       49, 71, 50, 112, 164, 188, 112, 136, 237, 85, 239, 234, 55, 172,
       24, 22, 183, 72, 26, 129, 26, 104, 16, 26, 107, 226, 17, 203, 155,
       85, 127, 192, 64, 198, 162, 203, 122, 247, 205, 42, 16, 57, 92,
       175, 89, 86, 230, 157, 159, 228, 106, 230, 29, 255, 197, 131, 29,
       167, 193, 6, 57, 250, 142, 22, 182, 37, 249, 201, 246, 59, 8, 40,
       87, 147, 120, 180, 110, 212, 245, 158, 149, 170, 225, 94, 28, 222,
       111, 237, 23, 101, 23, 242, 33, 43, 180, 90, 188, 47, 241, 94,
       186, 210, 52, 147, 48, 184, 91, 51, 173, 95, 231, 13, 174, 198,
       222, 55, 223, 229, 149, 150, 89, 142, 192, 218, 229, 255, 237,
       167, 164, 47, 221, 210, 232, 7, 186, 9, 197, 0, 230, 191, 21, 128,
       25, 174, 178, 96, 87, 225, 243, 120, 193, 46, 79, 154, 247, 153,
       242, 222, 123, 16, 4, 167, 110, 113, 161, 56, 42, 9, 205, 83, 104,
       226, 4, 169, 8, 54, 211, 11, 50, 128, 161, 108, 74, 14, 35, 250,
       61, 209, 253, 1, 57, 80, 3, 71, 74, 36, 1, 122, 79, 116, 15, 231,
       121, 68, 136, 127, 0, 83, 81, 189, 32, 26, 24, 7, 106, 208, 176,
       121, 28, 103, 141, 33, 4, 81, 170, 68, 161, 58, 189, 59, 238, 123,
       199, 187, 123, 27, 237, 157, 111, 60, 191, 98, 32, 255, 191, 215,
       145, 241, 219, 249, 222, 123, 93, 47, 186, 31, 78, 39, 251, 204,
       162, 159, 231, 32, 78, 107, 152, 50, 188, 135, 64, 221, 231, 201,
       122, 55, 212, 125, 254, 9, 85, 249, 64, 207, 251, 231, 228, 130,
       163, 36, 113, 221, 60, 253, 247, 170, 38, 31, 191, 50, 250, 190,
       252, 95, 119, 193, 59, 55, 215, 125, 170, 233, 70, 251, 42, 249,
       207, 253, 180, 173, 241, 134, 113, 253, 95, 122, 102, 243, 94, 95,
       188, 33, 238, 254, 173, 91, 127, 159, 242, 182, 247, 253, 230,
       252, 147, 185, 174, 243, 255, 37, 149, 103, 246, 238, 115, 131,
       219, 125, 133, 34, 218, 173, 51, 172, 252, 86, 228, 220, 6, 130,
       103, 38, 53, 126, 77, 193, 216, 229, 68, 164, 57, 106, 192, 12,
       164, 129, 117, 160, 188, 189, 247, 148, 239, 229, 247, 94, 171,
       56, 18, 247, 57, 48, 33, 217, 122, 19, 25, 112, 248, 80, 175, 237,
       223, 215, 48, 193, 120, 209, 170, 220, 105, 183, 229, 173, 14,
       103, 176, 230, 184, 130, 72, 215, 49, 81, 230, 0, 116, 124, 122,
       72, 241, 225, 40, 233, 251, 229, 20, 2, 57, 80, 34, 196, 126, 158,
       127, 234, 42, 186, 202, 190, 179, 99, 241, 76, 194, 193, 90, 55,
       125, 234, 82, 50, 212, 139, 119, 28, 162, 123, 206, 224, 97, 39,
       129, 58, 180, 96, 4, 31, 123, 81, 75, 83, 231, 181, 159, 74, 172,
       94, 52, 249, 140, 205, 53, 190, 111, 247, 223, 219, 95, 145, 63,
       247, 12, 94, 94, 202, 150, 54, 158, 113, 248, 56, 39, 189, 95, 87,
       181, 172, 238, 174, 221, 167, 51, 255, 5, 182, 205, 34, 231, 6,
       118, 90, 203, 134, 196, 141, 95, 31, 242, 119, 26, 171, 244, 59,
       216, 175, 93, 87, 183, 205, 222, 174, 238, 183, 89, 191, 118, 151,
       85, 62, 245, 207, 127, 90, 207, 182, 151, 173, 247, 206, 181, 176,
       146, 187, 249, 50, 233, 191, 61, 173, 57, 206, 223, 78, 214, 179,
       215, 235, 19, 54, 75, 219, 243, 191, 212, 15, 127, 130, 14, 135,
       71, 148, 220, 61, 251, 156, 207, 95, 184, 22, 58, 211, 18, 215,
       125, 41, 97, 221, 17, 63, 107, 104, 165, 121, 63, 225, 207, 235,
       20, 16, 123, 21, 98, 121, 179, 123, 232, 246, 139, 107, 121, 125,
       105, 255, 238, 91, 79, 148, 112, 126, 173, 119, 188, 155, 186,
       101, 221, 126, 255, 163, 196, 255, 138, 226, 241, 211, 156, 175,
       181, 188, 166, 79, 183, 22, 226, 214, 223, 245, 63, 16, 107, 85,
       247, 125, 175, 249, 220, 249, 190, 237, 235, 253, 144, 172, 248,
       144, 121, 77, 173, 23, 103, 169, 60, 78, 176, 233, 176, 175, 76,
       255, 227, 24, 247, 0, 230, 108, 110, 217, 105, 219, 105, 189, 249,
       71, 24, 10, 243, 203, 48, 38, 249, 248, 219, 237, 233, 150, 136,
       79, 51, 185, 43, 194, 220, 95, 124, 219, 219, 191, 83, 214, 34,
       79, 241, 47, 29, 69, 127, 213, 95, 220, 199, 154, 148, 246, 246,
       55, 246, 248, 113, 61, 95, 119, 23, 104, 127, 62, 237, 191, 183,
       181, 131, 182, 253, 59, 237, 219, 251, 218, 131, 167, 198, 253,
       127, 91, 178, 246, 236, 63, 91, 250, 120, 191, 236, 247, 167, 205,
       255, 190, 230, 254, 221, 255, 165, 156, 245, 239, 203, 222, 127,
       171, 215, 103, 166, 127, 119, 93, 61, 234, 71, 181, 54, 251, 154,
       107, 237, 159, 14, 219, 45, 215, 178, 54, 204, 221, 255, 136, 241,
       189, 234, 251, 205, 167, 133, 239, 247, 123, 112, 145, 92, 90,
       255, 52, 139, 103, 254, 22, 0, 220, 194, 179, 147, 161, 96, 120,
       42, 6, 202, 107, 184, 25, 63, 224, 175, 162, 0, 60, 154, 40, 168,
       139, 187, 253, 109, 59, 222, 121, 23, 127, 253, 126, 181, 157,
       191, 214, 54, 135, 63, 245, 29, 151, 216, 247, 193, 79, 249, 56,
       135, 231, 196, 79, 127, 85, 77, 239, 236, 54, 2, 111, 248, 117,
       192, 255, 226, 83, 103, 185, 114, 118, 196, 60, 238, 233, 147, 45,
       14, 242, 239, 231, 132, 37, 179, 96, 96, 199, 183, 77, 39, 242,
       14, 175, 185, 56, 75, 115, 253, 213, 111, 154, 49, 54, 71, 85,
       111, 243, 212, 237, 111, 228, 171, 42, 196, 77, 163, 131, 241, 56,
       31, 247, 101, 229, 31, 246, 127, 81, 142, 126, 102, 59, 57, 148,
       135, 61, 70, 151, 42, 241, 184, 33, 138, 102, 255, 244, 128, 239,
       248, 248, 155, 226, 188, 188, 216, 169, 245, 149, 151, 159, 91,
       182, 125, 190, 190, 102, 235, 205, 179, 253, 17, 191, 79, 243,
       241, 155, 26, 220, 251, 216, 92, 140, 95, 62, 189, 243, 222, 253,
       255, 254, 239, 159, 239, 248, 26, 106, 252, 44, 148, 253, 251,
       223, 18, 127, 171, 186, 255, 59, 126, 149, 127, 211, 95, 254, 254,
       74, 176, 252, 97, 233, 125, 120, 223, 43, 121, 52, 61, 30, 31,
       222, 58, 167, 23, 245, 17, 150, 120, 179, 209, 223, 217, 117, 231,
       194, 132, 207, 251, 126, 50, 230, 68, 11, 223, 81, 88, 99, 236,
       181, 175, 74, 220, 87, 190, 252, 188, 253, 86, 142, 103, 247, 208,
       211, 89, 1, 251, 99, 45, 94, 87, 227, 180, 188, 216, 233, 173,
       157, 23, 159, 95, 184, 125, 188, 190, 110, 27, 133, 19, 255, 17,
       182, 77, 243, 209, 93, 27, 126, 251, 152, 76, 133, 91, 122, 243,
       239, 65, 169, 93, 85, 21, 231, 125, 182, 173, 26, 157, 206, 115,
       236, 149, 253, 84, 223, 123, 243, 128, 211, 121, 100, 215, 107,
       158, 254, 119, 105, 244, 57, 107, 185, 127, 93, 29, 127, 105, 127,
       72, 223, 55, 140, 188, 151, 30, 236, 56, 147, 176, 121, 53, 231,
       255, 48, 112, 210, 195, 195, 49, 109, 237, 22, 102, 153, 60, 78,
       174, 233, 186, 174, 8, 235, 227, 91, 247, 129, 230, 236, 110, 124,
       107, 218, 111, 187, 255, 69, 121, 74, 119, 202, 12, 105, 29, 125,
       101, 112, 78, 127, 51, 109, 232, 126, 72, 255, 55, 128, 112, 148,
       118, 125, 40, 217, 184, 113, 46, 231, 255, 32, 128, 74, 160, 194,
       187, 75, 122, 245, 207, 106, 144, 189, 20, 47, 61, 87, 230, 189,
       159, 213, 110, 102, 61, 63, 222, 195, 148, 175, 224, 102, 121,
       170, 128, 6, 146, 33, 249, 183, 37, 110, 139, 207, 57, 238, 201,
       109, 114, 219, 222, 195, 200, 223, 239, 120, 206, 222, 255, 255,
       183, 221, 242, 54, 105, 194, 117, 109, 95, 248, 148, 38, 253, 233,
       227, 221, 125, 214, 236, 95, 123, 184, 11, 234, 121, 95, 48, 153,
       218, 215, 115, 222, 50, 255, 243, 127, 28, 5, 63, 247, 254, 214,
       207, 115, 23, 232, 135, 246, 114, 250, 51, 75, 225, 223, 166, 232,
       124, 222, 230, 127, 238, 190, 157, 157, 154, 253, 202, 46, 62,
       159, 131, 175, 238, 248, 93, 175, 231, 246, 86, 236, 29, 204, 252,
       217, 190, 181, 108, 235, 232, 223, 183, 218, 234, 86, 110, 236,
       99, 234, 168, 182, 217, 69, 187, 79, 255, 90, 133, 37, 13, 113,
       71, 116, 11, 227, 176, 68, 0, 127, 74, 211, 113, 157, 36, 90, 248,
