%YAML:1.0
---
descriptors: !!opencv-matrix
   rows: 343
   cols: 32
   dt: u
   data: [ 105, 59, 232, 101, 116, 42, 107, 56, 101, 224, 126, 238, 219,
       41, 146, 48, 126, 204, 22, 236, 137, 186, 245, 44, 230, 237, 160,
       132, 111, 171, 66, 249, 232, 34, 106, 237, 100, 18, 105, 82, 49,
       36, 246, 231, 137, 3, 147, 84, 94, 140, 23, 172, 136, 150, 228,
       202, 214, 249, 162, 168, 38, 164, 118, 241, 87, 23, 89, 237, 2,
       46, 63, 120, 60, 230, 91, 231, 93, 103, 169, 80, 118, 253, 63,
       230, 225, 144, 61, 74, 246, 167, 43, 132, 61, 243, 5, 113, 9, 34,
       19, 201, 125, 148, 106, 80, 45, 72, 255, 68, 186, 211, 212, 180,
       248, 172, 94, 236, 139, 179, 241, 217, 151, 252, 131, 8, 67, 131,
       98, 164, 9, 3, 93, 205, 44, 159, 232, 25, 109, 232, 114, 66, 223,
       8, 148, 228, 166, 37, 126, 44, 197, 184, 103, 220, 134, 249, 34,
       128, 127, 136, 73, 141, 78, 255, 149, 94, 57, 209, 50, 136, 187,
       184, 157, 96, 236, 243, 205, 214, 149, 124, 237, 218, 3, 65, 138,
       251, 46, 214, 39, 255, 18, 183, 15, 165, 190, 48, 115, 64, 87,
       211, 178, 72, 95, 224, 245, 42, 72, 217, 181, 180, 126, 189, 147,
       227, 131, 183, 60, 222, 23, 92, 1, 39, 127, 175, 110, 231, 104,
       185, 115, 69, 52, 95, 227, 49, 109, 172, 126, 8, 251, 21, 148, 52,
       30, 252, 108, 106, 201, 184, 241, 143, 231, 253, 33, 16, 99, 170,
       70, 97, 60, 69, 106, 236, 84, 199, 78, 120, 85, 0, 254, 3, 115,
       233, 56, 80, 120, 232, 6, 234, 72, 179, 16, 159, 243, 237, 160, 1,
       119, 186, 112, 130, 115, 64, 236, 173, 14, 10, 192, 56, 95, 236,
       210, 239, 195, 104, 151, 64, 94, 236, 127, 77, 140, 244, 199, 153,
       214, 111, 227, 148, 125, 172, 88, 92, 10, 166, 56, 251, 244, 237,
       185, 191, 31, 63, 93, 112, 236, 251, 232, 96, 149, 27, 151, 17,
       50, 152, 107, 247, 239, 215, 63, 231, 146, 72, 133, 171, 105, 216,
       114, 73, 96, 158, 111, 180, 125, 72, 126, 104, 223, 83, 151, 116,
       54, 228, 126, 110, 193, 144, 229, 127, 246, 255, 32, 192, 74, 155,
       66, 105, 41, 89, 120, 101, 116, 79, 125, 54, 108, 236, 126, 8,
       191, 21, 131, 48, 134, 60, 86, 72, 193, 184, 113, 44, 231, 249,
       32, 0, 74, 184, 66, 251, 95, 81, 66, 166, 83, 22, 126, 113, 165,
       200, 251, 199, 79, 238, 186, 212, 126, 229, 159, 231, 205, 147,
       28, 205, 178, 228, 139, 132, 47, 166, 41, 20, 72, 121, 191, 117,
       131, 222, 53, 39, 236, 204, 110, 0, 190, 188, 39, 115, 160, 119,
       248, 64, 69, 249, 176, 108, 231, 243, 86, 3, 192, 112, 7, 126,
       129, 176, 151, 219, 206, 175, 164, 215, 110, 27, 242, 114, 180,
       210, 129, 232, 105, 58, 106, 152, 19, 188, 91, 113, 28, 128, 62,
       64, 217, 72, 161, 169, 199, 169, 166, 151, 135, 168, 176, 168,
       223, 240, 83, 167, 236, 248, 126, 75, 243, 111, 179, 215, 134,
       244, 143, 241, 140, 50, 207, 199, 12, 109, 25, 87, 0, 185, 63,
       108, 147, 206, 53, 119, 173, 65, 110, 4, 62, 183, 34, 48, 166, 51,
       91, 12, 19, 153, 50, 109, 243, 253, 18, 66, 64, 2, 167, 251, 109,
       89, 189, 101, 108, 79, 103, 180, 74, 232, 106, 72, 215, 53, 17,
       58, 148, 124, 123, 106, 193, 176, 249, 56, 101, 186, 101, 52, 192,
       187, 82, 161, 177, 183, 109, 71, 110, 15, 79, 124, 84, 250, 176,
       254, 115, 37, 156, 51, 95, 246, 86, 238, 249, 246, 125, 46, 108,
       138, 229, 180, 109, 249, 82, 177, 80, 189, 59, 124, 16, 236, 117,
       55, 168, 13, 110, 0, 190, 179, 0, 115, 160, 63, 125, 8, 210, 217,
       178, 109, 243, 191, 50, 74, 0, 64, 167, 107, 237, 101, 153, 239,
       153, 47, 71, 24, 19, 170, 173, 24, 215, 115, 73, 49, 145, 220,
       120, 106, 104, 102, 217, 26, 237, 159, 5, 52, 80, 251, 194, 34, 3,
       67, 103, 204, 52, 66, 239, 121, 228, 204, 219, 98, 80, 242, 189,
       100, 120, 52, 63, 235, 201, 145, 45, 204, 48, 46, 175, 132, 5,
       178, 117, 229, 236, 125, 157, 229, 164, 14, 103, 150, 48, 162, 34,
       76, 215, 33, 65, 91, 133, 116, 104, 126, 57, 244, 209, 42, 237,
       243, 101, 20, 136, 249, 67, 56, 188, 223, 232, 190, 214, 67, 223,
       253, 18, 238, 156, 171, 115, 108, 155, 1, 93, 250, 149, 231, 236,
       114, 108, 191, 121, 7, 237, 189, 53, 254, 212, 123, 128, 140, 31,
       53, 144, 174, 105, 55, 188, 23, 106, 21, 183, 39, 32, 91, 133, 39,
       105, 12, 48, 252, 19, 15, 205, 182, 82, 64, 200, 0, 129, 26, 206,
       208, 83, 218, 115, 196, 51, 80, 185, 9, 115, 114, 124, 215, 44,
       241, 230, 57, 151, 210, 19, 151, 154, 231, 83, 177, 34, 202, 8, 3,
       39, 179, 125, 165, 152, 224, 88, 95, 82, 57, 66, 160, 173, 8, 19,
       211, 64, 48, 17, 220, 84, 184, 27, 74, 248, 30, 251, 205, 37, 125,
       160, 162, 74, 34, 181, 23, 94, 172, 118, 199, 86, 121, 20, 200,
       255, 231, 83, 201, 170, 65, 94, 168, 6, 110, 237, 179, 28, 28,
       114, 171, 39, 128, 125, 170, 120, 211, 14, 144, 151, 251, 181,
       239, 177, 91, 30, 57, 93, 118, 156, 159, 32, 140, 255, 27, 147,
       17, 51, 184, 57, 215, 205, 215, 26, 70, 158, 10, 157, 179, 9, 151,
       20, 219, 176, 191, 59, 51, 95, 105, 111, 244, 253, 115, 170, 244,
       247, 27, 142, 28, 183, 152, 61, 223, 238, 255, 50, 198, 154, 136,
       129, 53, 188, 71, 99, 78, 240, 38, 79, 252, 117, 166, 255, 222,
       83, 37, 181, 21, 93, 220, 6, 238, 105, 182, 105, 46, 115, 174,
       165, 4, 99, 251, 230, 240, 84, 252, 188, 244, 200, 102, 95, 190,
       147, 246, 142, 9, 247, 255, 67, 123, 21, 215, 121, 211, 168, 75,
       251, 58, 249, 167, 85, 60, 128, 113, 38, 122, 94, 216, 165, 190,
       173, 121, 151, 136, 142, 127, 151, 41, 238, 124, 91, 78, 131, 83,
       253, 67, 14, 97, 123, 177, 147, 243, 95, 159, 150, 127, 149, 87,
       189, 91, 109, 232, 60, 131, 67, 248, 86, 232, 180, 238, 83, 197,
       225, 97, 92, 144, 14, 126, 251, 39, 111, 156, 248, 137, 165, 252,
       61, 169, 112, 113, 2, 184, 144, 248, 45, 237, 144, 71, 143, 27,
       184, 57, 174, 154, 100, 158, 207, 51, 207, 17, 22, 79, 82, 209,
       153, 208, 27, 127, 208, 72, 167, 143, 172, 165, 117, 101, 228, 75,
       231, 189, 119, 246, 119, 24, 211, 117, 220, 53, 123, 222, 102,
       106, 121, 240, 237, 55, 125, 234, 101, 100, 103, 187, 198, 240,
       150, 157, 109, 169, 182, 231, 190, 255, 20, 74, 216, 243, 81, 127,
       189, 96, 255, 139, 31, 167, 249, 135, 57, 255, 243, 175, 170, 132,
       181, 120, 181, 243, 198, 84, 146, 220, 255, 233, 182, 238, 159,
       151, 200, 58, 236, 251, 97, 76, 243, 123, 251, 34, 54, 71, 154,
       255, 183, 54, 95, 63, 146, 121, 165, 134, 171, 174, 232, 69, 245,
       123, 255, 119, 93, 238, 125, 183, 40, 44, 182, 36, 255, 42, 151,
       141, 245, 190, 100, 206, 110, 95, 188, 131, 215, 204, 216, 221,
       98, 137, 18, 216, 237, 173, 232, 71, 175, 25, 240, 25, 172, 138,
       116, 80, 201, 171, 79, 1, 22, 43, 210, 243, 29, 188, 154, 107,
       144, 8, 251, 138, 143, 221, 12, 155, 237, 181, 190, 255, 158, 94,
       29, 151, 232, 232, 255, 71, 213, 66, 187, 247, 246, 69, 94, 242,
       110, 31, 175, 255, 158, 127, 216, 219, 242, 54, 175, 214, 36, 36,
       111, 20, 152, 202, 219, 103, 112, 254, 165, 99, 228, 247, 61, 167,
       233, 199, 146, 235, 145, 62, 250, 138, 12, 122, 112, 123, 198,
       124, 178, 252, 235, 225, 158, 206, 159, 143, 152, 59, 204, 255,
       37, 13, 223, 243, 255, 163, 96, 103, 194, 251, 177, 86, 95, 191,
       214, 121, 165, 155, 18, 186, 237, 181, 14, 194, 185, 63, 22, 245,
       86, 183, 181, 174, 242, 73, 119, 63, 191, 149, 180, 216, 247, 221,
       206, 39, 251, 193, 181, 132, 61, 219, 1, 136, 27, 187, 124, 141,
       232, 207, 222, 9, 89, 2, 188, 195, 168, 64, 241, 43, 42, 136, 18,
       24, 10, 245, 197, 148, 186, 72, 144, 10, 161, 168, 42, 184, 240,
       90, 109, 253, 240, 202, 91, 55, 117, 24, 8, 217, 110, 156, 137,
       26, 162, 24, 22, 126, 218, 243, 31, 93, 16, 111, 211, 77, 78, 134,
       253, 126, 239, 7, 100, 126, 251, 216, 112, 238, 254, 191, 91, 124,
       215, 123, 127, 244, 253, 127, 173, 247, 189, 170, 90, 111, 101,
