%YAML:1.0
---
descriptors: !!opencv-matrix
   rows: 341
   cols: 32
   dt: u
   data: [ 17, 13, 78, 63, 16, 182, 106, 50, 52, 192, 206, 198, 115, 227,
       178, 116, 112, 238, 60, 172, 173, 153, 21, 47, 234, 239, 166, 128,
       46, 224, 120, 28, 35, 31, 104, 71, 245, 191, 254, 119, 89, 228,
       125, 110, 40, 56, 182, 36, 222, 170, 147, 47, 228, 186, 100, 238,
       46, 95, 132, 163, 95, 238, 218, 239, 225, 196, 76, 101, 16, 14,
       110, 189, 53, 162, 126, 197, 243, 99, 27, 81, 59, 196, 108, 110,
       105, 244, 93, 14, 238, 175, 37, 4, 107, 242, 74, 26, 33, 185, 115,
       65, 116, 223, 227, 113, 105, 44, 252, 8, 59, 92, 148, 52, 154,
       184, 70, 104, 219, 186, 244, 79, 55, 220, 1, 112, 103, 138, 198,
       237, 77, 62, 222, 245, 170, 62, 122, 18, 173, 203, 254, 229, 223,
       239, 131, 90, 167, 245, 255, 134, 149, 209, 211, 224, 214, 255,
       123, 129, 238, 241, 43, 17, 230, 115, 21, 168, 234, 77, 20, 217,
       143, 88, 184, 237, 158, 215, 99, 211, 206, 153, 255, 98, 199, 67,
       202, 208, 178, 208, 111, 191, 24, 126, 7, 219, 134, 20, 16, 218,
       239, 233, 182, 203, 223, 178, 137, 51, 172, 251, 101, 204, 243,
       59, 235, 2, 34, 5, 26, 255, 183, 20, 27, 59, 154, 89, 133, 134,
       75, 171, 0, 158, 93, 148, 170, 232, 143, 192, 201, 199, 236, 234,
       118, 196, 212, 107, 187, 215, 199, 11, 222, 253, 60, 116, 143,
       234, 30, 38, 57, 12, 167, 229, 101, 67, 213, 123, 166, 236, 124,
       66, 123, 82, 200, 120, 157, 165, 123, 74, 242, 255, 245, 176, 111,
       226, 46, 30, 7, 70, 207, 255, 251, 164, 98, 137, 146, 218, 237,
       173, 244, 71, 251, 27, 240, 24, 174, 152, 36, 216, 201, 163, 207,
       1, 58, 43, 210, 243, 151, 188, 210, 123, 208, 76, 223, 142, 50,
       12, 146, 168, 213, 197, 246, 79, 31, 142, 248, 2, 42, 216, 38, 4,
       249, 187, 134, 128, 26, 186, 0, 255, 187, 220, 131, 107, 85, 10,
       246, 174, 174, 2, 174, 187, 141, 121, 183, 201, 142, 23, 189, 51,
       204, 248, 110, 74, 217, 67, 235, 51, 54, 101, 75, 243, 75, 23, 95,
       95, 209, 127, 221, 198, 56, 140, 122, 248, 85, 215, 250, 227, 87,
       9, 120, 3, 57, 221, 50, 192, 249, 170, 130, 145, 30, 186, 0, 191,
       243, 239, 163, 9, 243, 170, 252, 130, 60, 13, 122, 255, 20, 199,
       115, 115, 84, 4, 255, 2, 115, 241, 50, 64, 120, 186, 7, 168, 42,
       184, 56, 63, 235, 239, 162, 64, 183, 138, 248, 162, 21, 18, 187,
       159, 94, 4, 169, 80, 108, 105, 247, 230, 221, 87, 251, 105, 126,
       161, 94, 173, 129, 151, 109, 200, 212, 32, 235, 192, 173, 162, 33,
       241, 40, 189, 249, 225, 244, 175, 251, 215, 94, 237, 120, 15, 191,
       189, 114, 0, 191, 59, 23, 21, 147, 184, 80, 254, 111, 221, 53,
       224, 221, 202, 211, 251, 219, 22, 238, 190, 32, 52, 124, 22, 176,
       79, 215, 245, 121, 247, 179, 95, 38, 103, 253, 142, 173, 135, 162,
       235, 194, 107, 250, 136, 46, 245, 190, 115, 25, 12, 139, 191, 54,
       162, 106, 83, 52, 64, 95, 198, 253, 227, 176, 228, 119, 110, 62,
       140, 169, 152, 29, 238, 228, 231, 170, 192, 188, 162, 41, 152, 45,
       47, 115, 103, 124, 27, 226, 112, 125, 160, 249, 232, 235, 104,
       157, 180, 218, 236, 198, 107, 205, 178, 197, 236, 36, 216, 32,
       176, 79, 175, 91, 133, 20, 231, 126, 252, 82, 194, 255, 248, 54,
       4, 253, 163, 113, 227, 41, 64, 122, 249, 3, 226, 98, 147, 10, 95,
       115, 167, 171, 9, 113, 179, 103, 242, 124, 244, 154, 250, 137,
       189, 84, 222, 163, 19, 172, 29, 63, 219, 74, 155, 167, 211, 236,
       18, 14, 99, 154, 49, 219, 217, 85, 127, 250, 81, 170, 11, 102, 13,
       126, 202, 221, 247, 86, 225, 207, 140, 252, 11, 98, 249, 37, 80,
       200, 242, 203, 112, 30, 43, 90, 254, 123, 61, 133, 91, 209, 43,
       252, 2, 199, 158, 188, 183, 171, 190, 22, 186, 250, 219, 18, 117,
       206, 250, 203, 107, 151, 119, 252, 51, 245, 77, 154, 255, 232,
       119, 127, 254, 136, 117, 137, 23, 33, 167, 43, 235, 92, 141, 227,
       80, 100, 9, 255, 98, 147, 147, 184, 112, 248, 168, 94, 218, 154,
       187, 224, 37, 245, 173, 162, 200, 65, 11, 242, 163, 198, 205, 247,
       220, 143, 88, 190, 238, 201, 210, 174, 2, 237, 246, 109, 231, 235,
       243, 234, 226, 97, 97, 186, 235, 187, 242, 71, 31, 151, 120, 101,
       190, 153, 65, 75, 231, 22, 141, 111, 117, 100, 40, 255, 66, 179,
       3, 176, 96, 120, 172, 30, 238, 201, 176, 101, 61, 245, 233, 162,
       128, 37, 138, 97, 168, 70, 172, 191, 178, 139, 229, 189, 230, 158,
       247, 136, 129, 204, 254, 102, 10, 197, 115, 251, 147, 18, 75, 154,
       245, 221, 22, 95, 127, 144, 84, 167, 122, 41, 48, 144, 51, 85,
       173, 96, 85, 123, 65, 97, 93, 190, 209, 74, 156, 145, 10, 66, 28,
       7, 176, 216, 83, 14, 28, 16, 98, 202, 198, 202, 140, 25, 86, 183,
       189, 39, 250, 121, 26, 237, 78, 95, 165, 239, 198, 187, 236, 115,
       105, 172, 174, 199, 132, 47, 207, 130, 247, 122, 131, 54, 135, 45,
       213, 34, 148, 41, 24, 93, 245, 145, 107, 199, 93, 245, 27, 32,
       252, 62, 1, 201, 155, 147, 133, 158, 47, 122, 149, 91, 17, 139,
       127, 85, 12, 244, 214, 65, 74, 81, 73, 112, 138, 107, 188, 45, 40,
       126, 236, 255, 67, 133, 84, 22, 133, 110, 110, 201, 144, 197, 255,
       166, 252, 32, 208, 26, 147, 66, 41, 105, 89, 59, 101, 116, 142,
       125, 55, 109, 200, 126, 72, 191, 23, 144, 112, 134, 44, 92, 44,
       201, 184, 113, 14, 231, 249, 48, 128, 74, 144, 66, 121, 210, 184,
       144, 184, 137, 237, 16, 198, 191, 31, 160, 25, 142, 159, 65, 159,
       161, 187, 237, 16, 62, 111, 210, 243, 155, 208, 90, 123, 146, 68,
       47, 31, 113, 93, 110, 254, 60, 198, 95, 120, 212, 76, 215, 2, 113,
       223, 187, 113, 88, 240, 63, 234, 232, 163, 127, 47, 243, 175, 226,
       137, 53, 187, 116, 107, 112, 217, 126, 238, 44, 205, 83, 208, 166,
       204, 164, 13, 87, 223, 98, 18, 200, 241, 109, 82, 72, 35, 90, 48,
       219, 233, 32, 121, 112, 171, 102, 75, 203, 55, 143, 246, 100, 38,
       175, 81, 184, 138, 219, 246, 124, 119, 145, 235, 246, 119, 61,
       175, 177, 195, 131, 234, 112, 47, 234, 128, 140, 243, 177, 49,
       143, 221, 255, 86, 178, 54, 190, 254, 252, 218, 63, 114, 124, 126,
       189, 239, 183, 115, 30, 234, 245, 197, 47, 239, 43, 127, 111, 142,
       135, 115, 169, 37, 27, 220, 58, 222, 87, 247, 54, 230, 159, 78,
       94, 7, 108, 250, 39, 228, 255, 187, 154, 130, 103, 139, 58, 255,
       51, 127, 138, 11, 26, 95, 45, 95, 210, 188, 182, 50, 185, 252,
       144, 198, 251, 191, 186, 57, 174, 186, 70, 95, 129, 247, 236, 17,
       126, 109, 154, 226, 187, 222, 30, 127, 202, 68, 175, 15, 49, 185,
       121, 65, 116, 223, 227, 116, 121, 100, 252, 8, 59, 28, 148, 48,
       126, 188, 70, 104, 219, 186, 116, 143, 55, 221, 33, 96, 103, 138,
       86, 252, 101, 123, 153, 42, 232, 13, 150, 217, 142, 74, 185, 237,
       150, 223, 225, 240, 222, 153, 222, 82, 195, 3, 200, 82, 212, 149,
       39, 190, 88, 123, 35, 145, 185, 13, 110, 229, 20, 42, 111, 114,
       117, 226, 247, 7, 91, 43, 55, 65, 120, 228, 44, 238, 236, 177, 21,
       142, 242, 239, 226, 0, 111, 249, 120, 64, 35, 151, 109, 199, 148,
       191, 191, 115, 205, 228, 187, 135, 232, 108, 62, 34, 223, 99, 19,
       39, 180, 169, 125, 239, 111, 30, 142, 18, 85, 238, 213, 222, 189,
       122, 77, 232, 62, 131, 65, 120, 23, 236, 180, 238, 51, 197, 177,
       33, 94, 160, 14, 110, 233, 111, 103, 156, 250, 201, 225, 188, 125,
       169, 80, 121, 129, 88, 94, 253, 13, 135, 44, 56, 133, 18, 198,
       150, 245, 67, 40, 239, 110, 48, 186, 234, 233, 133, 87, 253, 133,
       243, 210, 0, 62, 153, 56, 48, 169, 180, 103, 69, 116, 95, 225, 59,
       117, 230, 110, 220, 147, 60, 148, 180, 121, 156, 102, 40, 249,
       252, 245, 30, 15, 254, 17, 68, 67, 168, 70, 252, 17, 13, 75, 189,
       150, 198, 110, 119, 52, 64, 74, 198, 113, 243, 176, 96, 118, 238,
       62, 172, 173, 153, 53, 239, 168, 174, 174, 128, 60, 130, 185, 240,
       101, 119, 27, 234, 252, 141, 179, 216, 68, 8, 253, 108, 151, 209,
       233, 80, 254, 152, 78, 126, 139, 35, 136, 22, 240, 173, 34, 252,
