%YAML:1.0
---
descriptors: !!opencv-matrix
   rows: 245
   cols: 32
   dt: u
   data: [ 69, 113, 25, 99, 48, 14, 99, 184, 105, 168, 111, 76, 222, 18,
       157, 116, 182, 76, 76, 110, 193, 176, 185, 108, 164, 248, 33, 4,
       72, 163, 67, 37, 244, 207, 102, 206, 157, 18, 70, 232, 197, 164,
       179, 2, 99, 104, 52, 101, 120, 228, 76, 235, 104, 163, 13, 189,
       177, 234, 199, 19, 113, 59, 116, 44, 89, 13, 223, 253, 86, 10,
       111, 35, 117, 130, 110, 2, 115, 51, 177, 97, 122, 238, 50, 238,
       104, 248, 37, 238, 246, 174, 198, 0, 39, 248, 112, 40, 125, 165,
       77, 227, 180, 102, 75, 57, 32, 169, 191, 66, 83, 119, 152, 241,
       92, 214, 85, 250, 185, 176, 121, 12, 237, 173, 165, 196, 165, 227,
       242, 32, 198, 164, 223, 182, 188, 160, 238, 175, 186, 178, 25,
       210, 252, 235, 124, 66, 179, 111, 121, 155, 114, 77, 138, 243,
       172, 54, 223, 236, 132, 113, 145, 9, 196, 172, 133, 147, 150, 168,
       102, 135, 250, 147, 10, 82, 252, 226, 73, 74, 113, 239, 42, 144,
       114, 92, 203, 227, 172, 38, 223, 68, 160, 114, 241, 8, 21, 151,
       88, 171, 178, 143, 2, 189, 30, 41, 75, 247, 215, 67, 168, 64, 119,
       10, 14, 124, 251, 152, 77, 63, 168, 134, 39, 212, 56, 139, 129,
       17, 245, 72, 78, 188, 76, 2, 76, 32, 185, 50, 179, 154, 123, 74,
       21, 91, 104, 228, 108, 238, 104, 199, 205, 232, 144, 170, 195, 20,
       45, 177, 114, 0, 45, 177, 48, 203, 253, 61, 241, 25, 79, 125, 61,
       60, 206, 93, 222, 36, 159, 10, 254, 60, 151, 120, 123, 213, 79,
       217, 55, 246, 154, 142, 217, 247, 252, 112, 250, 224, 73, 45, 80,
       192, 163, 178, 166, 24, 78, 153, 71, 58, 169, 213, 253, 114, 12,
       103, 152, 130, 219, 217, 69, 55, 227, 121, 78, 2, 31, 32, 90, 129,
       119, 153, 248, 64, 45, 0, 183, 10, 10, 10, 63, 169, 250, 137, 222,
       245, 15, 35, 64, 212, 148, 153, 138, 253, 109, 13, 107, 132, 122,
       144, 188, 220, 61, 118, 152, 127, 27, 109, 180, 63, 106, 61, 158,
       60, 221, 151, 245, 5, 191, 107, 49, 223, 27, 127, 216, 215, 79,
       12, 126, 95, 118, 253, 21, 254, 173, 13, 86, 249, 187, 138, 185,
       108, 255, 251, 105, 51, 223, 251, 255, 99, 107, 99, 218, 251, 177,
       246, 79, 190, 88, 123, 131, 19, 111, 144, 244, 248, 181, 118, 216,
       184, 91, 221, 53, 57, 95, 255, 191, 189, 151, 213, 181, 53, 181,
       224, 58, 220, 203, 219, 121, 255, 215, 165, 79, 87, 147, 100, 227,
       85, 86, 95, 237, 79, 86, 226, 118, 26, 49, 148, 213, 44, 57, 136,
       18, 157, 227, 244, 53, 202, 45, 14, 157, 36, 229, 120, 211, 236,
       122, 56, 236, 52, 143, 253, 144, 71, 147, 255, 150, 191, 42, 188,
       86, 10, 237, 183, 253, 145, 188, 111, 242, 130, 83, 119, 216, 251,
       231, 76, 150, 95, 63, 120, 122, 64, 101, 219, 246, 208, 225, 204,
       252, 40, 74, 220, 183, 52, 186, 236, 212, 106, 205, 179, 172, 204,
       50, 255, 5, 131, 111, 183, 106, 215, 109, 79, 95, 103, 36, 14,
       111, 180, 108, 136, 126, 104, 243, 97, 145, 112, 22, 100, 108,
       110, 201, 176, 105, 46, 230, 253, 101, 128, 72, 179, 66, 41, 56,
       108, 226, 101, 87, 118, 108, 71, 115, 163, 104, 18, 43, 11, 80,
       144, 57, 204, 145, 152, 74, 190, 145, 138, 119, 237, 148, 33, 227,
       240, 254, 138, 74, 216, 183, 94, 201, 212, 180, 231, 191, 75, 226,
       16, 60, 254, 36, 248, 229, 123, 251, 128, 99, 207, 18, 255, 57,
       55, 94, 75, 11, 20, 175, 187, 3, 253, 91, 229, 178, 158, 190, 247,
       60, 72, 90, 228, 189, 182, 160, 112, 166, 127, 31, 204, 209, 152,
       176, 239, 236, 253, 46, 128, 12, 176, 163, 185, 50, 253, 114, 64,
       85, 221, 214, 231, 67, 165, 252, 11, 42, 157, 86, 16, 248, 187,
       199, 81, 222, 59, 208, 253, 123, 92, 4, 123, 115, 14, 246, 206,
       38, 173, 17, 170, 221, 137, 166, 239, 142, 41, 248, 107, 172, 219,
       108, 128, 217, 187, 3, 81, 82, 43, 74, 247, 189, 148, 15, 126,
       216, 10, 129, 139, 252, 98, 254, 116, 77, 12, 85, 88, 241, 190,
       180, 24, 90, 217, 69, 63, 136, 244, 101, 106, 104, 103, 130, 8,
       83, 217, 69, 63, 67, 185, 102, 35, 50, 104, 114, 92, 101, 153,
       240, 66, 127, 0, 240, 10, 42, 152, 21, 180, 170, 185, 87, 65, 14,
       186, 198, 217, 151, 120, 16, 59, 103, 12, 74, 142, 15, 177, 49,
       227, 253, 61, 241, 217, 95, 117, 189, 63, 206, 92, 222, 44, 191,
       139, 255, 60, 150, 112, 121, 213, 223, 89, 19, 118, 214, 143, 213,
       215, 152, 204, 57, 123, 48, 207, 83, 190, 86, 13, 238, 0, 183, 87,
       160, 112, 209, 58, 29, 72, 106, 140, 107, 63, 227, 239, 48, 16,
       18, 136, 68, 107, 23, 23, 103, 37, 50, 62, 254, 57, 61, 226, 91,
       231, 93, 46, 159, 252, 54, 173, 53, 175, 133, 144, 53, 206, 134,
       126, 75, 134, 175, 231, 11, 213, 123, 88, 118, 84, 43, 222, 87,
       246, 225, 238, 174, 40, 106, 190, 135, 247, 166, 244, 252, 66,
       205, 207, 182, 233, 243, 251, 65, 147, 99, 245, 110, 127, 253,
       125, 148, 238, 173, 15, 94, 248, 63, 170, 185, 72, 255, 243, 9,
       179, 213, 247, 124, 98, 105, 103, 219, 187, 177, 247, 103, 190,
       88, 123, 139, 1, 196, 174, 215, 158, 254, 162, 238, 175, 186, 179,
       25, 210, 253, 226, 112, 66, 51, 111, 107, 187, 114, 77, 142, 251,
       172, 22, 191, 108, 132, 113, 147, 168, 236, 236, 213, 119, 205,
       15, 70, 188, 87, 187, 179, 88, 195, 105, 93, 27, 217, 196, 110,
       122, 110, 100, 219, 178, 47, 219, 213, 124, 251, 249, 216, 10,
       166, 140, 215, 254, 252, 171, 206, 239, 223, 147, 248, 88, 239,
       232, 60, 201, 211, 107, 110, 43, 50, 111, 74, 255, 168, 190, 87,
       124, 212, 120, 193, 136, 183, 188, 183, 127, 250, 175, 180, 255,
       63, 187, 241, 249, 126, 255, 172, 25, 255, 255, 247, 4, 186, 255,
       75, 255, 30, 222, 93, 182, 209, 124, 163, 219, 125, 229, 237, 111,
       141, 94, 79, 184, 65, 194, 237, 8, 211, 113, 26, 55, 88, 196, 112,
       110, 205, 98, 255, 41, 227, 233, 197, 60, 115, 251, 210, 96, 118,
       32, 241, 225, 103, 8, 248, 64, 105, 177, 178, 155, 143, 11, 85,
       31, 174, 157, 93, 153, 136, 244, 213, 192, 159, 216, 155, 162,
       231, 164, 67, 134, 86, 160, 188, 176, 139, 120, 144, 138, 170,
       183, 129, 185, 206, 232, 78, 27, 131, 87, 233, 17, 22, 65, 138,
       224, 152, 83, 95, 127, 128, 101, 159, 70, 1, 166, 153, 155, 252,
       41, 169, 175, 30, 51, 17, 216, 157, 226, 200, 73, 7, 11, 106, 28,
       51, 88, 207, 211, 76, 22, 127, 252, 148, 200, 129, 160, 214, 198,
       101, 254, 170, 96, 15, 173, 23, 95, 217, 243, 105, 231, 168, 75,
       95, 211, 175, 162, 122, 71, 111, 247, 240, 230, 255, 221, 181,
       219, 165, 113, 126, 230, 237, 191, 156, 65, 79, 188, 23, 255, 157,
       239, 105, 239, 91, 66, 95, 197, 239, 247, 202, 67, 239, 185, 254,
       87, 239, 253, 183, 255, 52, 89, 45, 181, 185, 235, 221, 45, 71,
       221, 75, 123, 45, 28, 210, 121, 88, 50, 217, 74, 82, 62, 27, 34,
       250, 147, 239, 157, 133, 124, 218, 91, 210, 178, 57, 233, 26, 103,
       53, 159, 78, 253, 107, 233, 254, 76, 255, 218, 90, 48, 220, 239,
       124, 92, 143, 186, 241, 189, 251, 221, 37, 50, 74, 154, 202, 13,
       9, 89, 119, 69, 52, 15, 239, 54, 124, 136, 122, 64, 186, 51, 148,
       164, 164, 116, 118, 108, 193, 184, 49, 109, 101, 190, 34, 128, 74,
       168, 65, 185, 203, 186, 149, 248, 168, 164, 61, 223, 190, 27, 176,
       116, 156, 179, 96, 235, 231, 95, 127, 24, 243, 79, 139, 209, 217,
       187, 127, 238, 152, 64, 161, 187, 114, 186, 175, 176, 139, 237,
       144, 87, 187, 127, 146, 191, 170, 188, 70, 10, 205, 179, 255, 145,
       190, 111, 210, 227, 95, 118, 222, 251, 205, 76, 151, 95, 92, 180,
       189, 97, 129, 111, 103, 177, 99, 255, 47, 28, 219, 53, 88, 58, 49,
       196, 108, 58, 153, 240, 185, 0, 207, 203, 101, 116, 227, 227, 199,
       114, 55, 123, 122, 70, 118, 203, 254, 64, 233, 204, 250, 169, 42,
       220, 183, 48, 190, 249, 87, 67, 204, 163, 44, 232, 114, 28, 37,
       139, 69, 187, 102, 199, 120, 29, 62, 110, 25, 70, 87, 48, 225,
       140, 239, 8, 122, 247, 35, 115, 192, 246, 125, 106, 104, 163, 242,
