%YAML:1.0
---
descriptors: !!opencv-matrix
   rows: 258
   cols: 32
   dt: u
   data: [ 8, 60, 191, 121, 169, 237, 181, 71, 254, 27, 174, 16, 190,
       191, 64, 59, 161, 51, 234, 16, 50, 109, 178, 83, 207, 223, 86,
       123, 192, 64, 135, 171, 233, 217, 189, 251, 141, 220, 117, 183,
       255, 27, 166, 16, 190, 185, 64, 123, 193, 102, 123, 94, 115, 109,
       251, 177, 239, 251, 87, 90, 130, 88, 209, 170, 2, 155, 174, 191,
       139, 227, 180, 167, 158, 23, 66, 179, 228, 254, 35, 73, 197, 123,
       171, 193, 52, 201, 75, 191, 237, 39, 222, 3, 144, 88, 173, 218,
       47, 190, 174, 82, 249, 223, 191, 250, 255, 254, 22, 189, 252, 252,
       222, 189, 151, 95, 255, 87, 247, 217, 190, 247, 127, 95, 125, 243,
       206, 245, 143, 247, 2, 91, 10, 189, 18, 128, 185, 103, 188, 5, 90,
       167, 172, 135, 34, 64, 102, 43, 163, 133, 66, 152, 2, 255, 100,
       39, 186, 139, 52, 20, 165, 219, 47, 62, 169, 123, 249, 127, 191,
       248, 119, 127, 93, 189, 217, 253, 155, 173, 159, 94, 215, 47, 181,
       240, 253, 186, 111, 95, 109, 166, 206, 247, 158, 247, 151, 74,
       203, 218, 182, 131, 239, 212, 23, 202, 214, 230, 113, 207, 181,
       104, 127, 232, 23, 222, 235, 183, 46, 234, 114, 143, 175, 128,
       189, 248, 112, 249, 194, 16, 188, 149, 79, 100, 184, 74, 187, 183,
       129, 19, 140, 190, 71, 75, 167, 85, 249, 145, 36, 71, 147, 194,
       149, 50, 90, 47, 128, 113, 39, 214, 127, 94, 249, 96, 43, 55, 219,
       220, 1, 234, 180, 107, 94, 29, 213, 58, 223, 213, 253, 247, 169,
       39, 225, 234, 219, 221, 109, 190, 239, 255, 50, 123, 184, 248,
       153, 120, 91, 205, 81, 198, 51, 55, 164, 24, 63, 151, 64, 16, 137,
       153, 197, 16, 106, 15, 210, 51, 211, 213, 16, 123, 114, 16, 134,
       186, 190, 47, 154, 186, 185, 165, 80, 66, 155, 174, 169, 25, 46,
       143, 103, 26, 201, 187, 197, 17, 46, 7, 128, 210, 211, 209, 10,
       59, 146, 93, 46, 203, 8, 105, 156, 217, 73, 194, 101, 150, 134,
       24, 76, 32, 180, 147, 33, 94, 64, 58, 42, 88, 66, 152, 67, 49,
       197, 161, 114, 1, 50, 144, 45, 171, 22, 51, 234, 128, 246, 146,
       186, 65, 169, 229, 89, 231, 12, 140, 247, 2, 46, 189, 151, 245,
       134, 179, 172, 204, 30, 4, 175, 231, 229, 135, 63, 215, 222, 152,
       181, 248, 169, 237, 17, 202, 171, 123, 164, 24, 158, 255, 64, 127,
       131, 179, 253, 16, 59, 79, 250, 241, 219, 243, 91, 127, 210, 65,
       135, 51, 250, 176, 181, 248, 169, 245, 89, 207, 139, 31, 165, 25,
       14, 255, 110, 91, 205, 147, 253, 145, 58, 79, 250, 209, 219, 243,
       216, 127, 146, 76, 166, 115, 53, 207, 97, 71, 118, 11, 111, 248,
       117, 236, 255, 238, 115, 101, 157, 117, 126, 204, 23, 238, 233,
       178, 109, 47, 116, 172, 165, 132, 103, 187, 114, 225, 1, 4, 222,
       85, 196, 63, 237, 55, 125, 130, 110, 24, 211, 104, 149, 61, 57,
       110, 66, 44, 176, 244, 117, 78, 39, 190, 84, 0, 193, 241, 202,
       164, 98, 150, 252, 20, 235, 249, 145, 39, 203, 247, 188, 171, 8,
       172, 70, 31, 207, 183, 243, 17, 148, 107, 230, 196, 95, 23, 92,
       251, 215, 76, 206, 95, 242, 52, 239, 0, 11, 114, 217, 111, 187,
       254, 180, 187, 8, 190, 119, 59, 175, 149, 221, 177, 236, 79, 178,
       222, 91, 95, 223, 191, 167, 68, 38, 95, 250, 188, 179, 250, 169,
       236, 145, 71, 187, 91, 180, 24, 174, 255, 108, 190, 235, 179, 255,
       17, 59, 111, 178, 243, 155, 211, 94, 123, 210, 68, 167, 251, 53,
       223, 97, 207, 118, 30, 239, 184, 117, 232, 123, 230, 243, 84, 189,
       228, 126, 236, 22, 238, 201, 176, 109, 255, 38, 172, 167, 132,
       127, 187, 112, 245, 64, 188, 156, 184, 170, 169, 20, 143, 154, 55,
       160, 189, 167, 235, 64, 27, 135, 83, 233, 17, 54, 79, 218, 51,
       204, 211, 95, 127, 152, 64, 143, 26, 248, 52, 121, 104, 25, 109,
       83, 88, 99, 236, 181, 41, 27, 93, 73, 48, 220, 144, 95, 162, 75,
       39, 249, 159, 211, 217, 33, 63, 115, 171, 70, 115, 237, 237, 253,
       238, 252, 43, 207, 252, 91, 162, 255, 222, 91, 105, 157, 16, 123,
       231, 118, 111, 249, 247, 205, 239, 124, 191, 101, 20, 205, 251,
       210, 32, 125, 103, 200, 39, 185, 91, 86, 168, 99, 166, 175, 169,
       75, 97, 203, 150, 25, 196, 232, 110, 92, 114, 237, 42, 250, 231,
       69, 53, 99, 247, 206, 70, 216, 110, 127, 116, 42, 76, 93, 150,
       176, 158, 182, 185, 55, 135, 195, 91, 39, 245, 109, 162, 104, 71,
       163, 8, 211, 227, 112, 153, 97, 177, 38, 107, 212, 54, 190, 178,
       138, 44, 89, 147, 178, 191, 151, 253, 79, 175, 67, 27, 165, 213,
       237, 146, 184, 71, 139, 2, 219, 195, 125, 253, 160, 225, 15, 83,
       215, 122, 142, 180, 168, 38, 28, 18, 186, 223, 131, 213, 199, 239,
       67, 75, 165, 101, 125, 151, 172, 197, 147, 98, 216, 243, 255, 148,
       136, 117, 41, 83, 124, 245, 232, 70, 155, 89, 87, 236, 131, 246,
       173, 137, 67, 253, 95, 50, 153, 212, 233, 114, 94, 99, 254, 48,
       123, 69, 69, 127, 227, 127, 222, 86, 253, 255, 230, 86, 212, 55,
       206, 255, 87, 226, 254, 206, 91, 104, 159, 165, 125, 206, 126,
       239, 253, 243, 253, 191, 58, 111, 197, 148, 239, 254, 248, 20,
       191, 239, 230, 159, 254, 51, 78, 251, 87, 238, 254, 255, 105, 234,
       191, 213, 127, 207, 183, 175, 252, 214, 207, 255, 62, 110, 237,
       196, 175, 254, 250, 213, 70, 188, 190, 190, 255, 251, 183, 236,
       158, 247, 87, 187, 236, 252, 111, 75, 179, 127, 251, 19, 118, 73,
       187, 243, 125, 119, 95, 255, 148, 125, 157, 223, 222, 56, 244,
       218, 31, 241, 154, 200, 207, 117, 157, 159, 8, 206, 127, 206, 239,
       145, 191, 213, 158, 3, 126, 241, 155, 89, 139, 255, 183, 135, 45,
       86, 155, 95, 198, 132, 215, 22, 252, 119, 237, 224, 158, 199, 8,
       174, 183, 166, 110, 165, 151, 173, 229, 159, 20, 202, 54, 24, 143,
       135, 47, 252, 121, 221, 34, 186, 144, 154, 125, 217, 144, 239,
       159, 31, 184, 57, 172, 250, 102, 132, 203, 59, 203, 1, 6, 43, 202,
       247, 29, 22, 26, 59, 82, 12, 15, 143, 61, 77, 107, 94, 252, 147,
       207, 240, 213, 138, 252, 98, 115, 233, 181, 96, 88, 250, 22, 234,
       233, 171, 46, 190, 114, 175, 165, 152, 119, 251, 112, 169, 158,
       214, 25, 249, 10, 39, 152, 27, 54, 50, 81, 247, 221, 95, 72, 8,
       63, 145, 181, 179, 42, 20, 91, 23, 197, 199, 187, 196, 53, 193,
       39, 179, 10, 149, 32, 139, 213, 215, 190, 239, 29, 69, 78, 23,
       236, 110, 62, 196, 221, 27, 147, 161, 118, 152, 89, 223, 47, 22,
       142, 71, 22, 14, 189, 222, 134, 104, 30, 146, 79, 193, 188, 224,
       140, 146, 80, 19, 140, 214, 97, 11, 234, 121, 179, 226, 64, 84,
       146, 224, 21, 16, 222, 171, 20, 57, 61, 130, 62, 80, 238, 248,
       169, 84, 217, 220, 135, 95, 180, 183, 10, 158, 127, 238, 205, 145,
       159, 209, 158, 71, 122, 224, 219, 91, 158, 223, 215, 29, 236, 87,
       223, 240, 238, 101, 34, 86, 121, 56, 103, 216, 86, 167, 249, 95,
       154, 231, 54, 85, 253, 237, 199, 212, 183, 205, 79, 235, 235, 133,
       39, 164, 45, 113, 102, 97, 82, 130, 237, 121, 188, 69, 168, 133,
       185, 27, 142, 152, 86, 30, 234, 165, 223, 19, 84, 231, 146, 192,
       29, 16, 15, 107, 197, 78, 255, 134, 226, 41, 212, 140, 109, 120,
       178, 72, 169, 164, 241, 11, 174, 154, 7, 155, 234, 213, 238, 227,
       4, 103, 211, 232, 149, 48, 74, 63, 80, 111, 111, 134, 61, 23, 233,
       238, 237, 117, 95, 121, 129, 236, 189, 239, 91, 125, 251, 183, 94,
       208, 151, 110, 221, 35, 110, 136, 243, 217, 229, 191, 63, 255,
       220, 241, 79, 123, 233, 231, 48, 84, 111, 24, 42, 200, 86, 228,
       253, 215, 211, 114, 118, 124, 61, 222, 193, 208, 255, 232, 108,
       173, 175, 128, 174, 183, 25, 249, 44, 168, 190, 118, 53, 223, 211,
       224, 219, 159, 119, 8, 242, 253, 127, 42, 153, 122, 117, 27, 24,
       233, 170, 172, 203, 223, 213, 91, 194, 123, 86, 106, 150, 89, 22,
       156, 107, 244, 190, 98, 173, 192, 218, 163, 44, 254, 39, 228, 230,
       121, 191, 195, 68, 139, 178, 249, 179, 48, 10, 139, 4, 37, 45, 87,
       61, 126, 109, 100, 110, 127, 95, 250, 65, 238, 188, 238, 91, 109,
