%YAML:1.0
---
descriptors: !!opencv-matrix
   rows: 317
   cols: 32
   dt: u
   data: [ 17, 143, 75, 254, 148, 131, 107, 247, 212, 9, 218, 98, 113,
       227, 176, 96, 121, 170, 30, 140, 187, 155, 4, 191, 248, 175, 166,
       192, 61, 138, 240, 168, 223, 172, 225, 178, 221, 248, 124, 138,
       251, 211, 134, 145, 239, 254, 91, 255, 227, 235, 249, 21, 63, 69,
       254, 225, 159, 243, 87, 127, 162, 228, 78, 94, 189, 156, 253, 117,
       164, 46, 213, 63, 80, 187, 126, 16, 211, 57, 144, 43, 29, 118, 52,
       40, 185, 252, 113, 10, 75, 239, 117, 4, 235, 232, 192, 41, 219,
       105, 97, 133, 50, 90, 59, 34, 40, 196, 78, 160, 157, 22, 151, 244,
       38, 29, 217, 237, 129, 152, 165, 206, 180, 121, 10, 130, 6, 165,
       7, 117, 245, 67, 93, 71, 40, 26, 78, 184, 97, 160, 255, 200, 83,
       98, 157, 247, 118, 196, 108, 238, 201, 146, 237, 8, 178, 233, 225,
       148, 101, 179, 74, 36, 161, 157, 31, 108, 253, 31, 71, 253, 220,
       72, 234, 76, 210, 241, 36, 113, 216, 102, 26, 106, 249, 171, 112,
       62, 105, 191, 4, 94, 88, 42, 224, 34, 29, 245, 16, 163, 53, 95,
       118, 253, 117, 104, 255, 8, 223, 90, 10, 240, 248, 200, 220, 99,
       77, 178, 89, 190, 247, 221, 7, 23, 106, 54, 202, 6, 62, 177, 180,
       242, 29, 205, 144, 200, 143, 249, 161, 8, 142, 222, 108, 186, 168,
       145, 207, 80, 30, 107, 26, 208, 155, 208, 19, 127, 210, 11, 7,
       151, 191, 127, 237, 71, 246, 87, 159, 252, 16, 234, 253, 239, 83,
       125, 159, 33, 95, 220, 149, 238, 237, 242, 125, 46, 122, 15, 229,
       180, 111, 255, 214, 245, 131, 12, 239, 151, 98, 26, 173, 55, 56,
       66, 86, 214, 253, 38, 150, 119, 38, 231, 53, 173, 225, 220, 37,
       237, 36, 42, 250, 128, 45, 228, 161, 253, 208, 197, 71, 236, 148,
       66, 79, 57, 36, 0, 203, 2, 83, 39, 48, 113, 112, 244, 56, 234,
       121, 145, 53, 12, 241, 170, 194, 20, 36, 178, 240, 32, 69, 71,
       150, 143, 178, 10, 47, 168, 108, 164, 203, 192, 196, 98, 153, 212,
       50, 68, 106, 238, 68, 145, 141, 108, 164, 38, 47, 4, 0, 179, 33,
       4, 90, 59, 220, 53, 42, 26, 52, 55, 43, 166, 6, 237, 207, 42, 199,
       198, 166, 119, 237, 5, 196, 233, 149, 200, 154, 243, 95, 147, 46,
       228, 11, 29, 120, 245, 232, 228, 76, 76, 87, 176, 161, 228, 174,
       9, 83, 183, 66, 18, 24, 212, 249, 98, 72, 35, 210, 40, 243, 233,
       197, 57, 98, 251, 86, 114, 60, 77, 90, 238, 21, 215, 86, 96, 133,
       4, 238, 3, 123, 251, 35, 208, 248, 250, 135, 226, 76, 179, 16,
       189, 243, 239, 135, 9, 51, 186, 124, 194, 216, 30, 191, 244, 34,
       224, 54, 34, 180, 142, 210, 179, 191, 191, 33, 75, 166, 245, 237,
       131, 40, 205, 130, 106, 211, 227, 106, 147, 32, 113, 37, 27, 209,
       184, 150, 94, 42, 172, 1, 87, 235, 19, 160, 92, 182, 178, 64, 63,
       167, 167, 108, 0, 31, 111, 146, 113, 144, 186, 82, 58, 200, 64,
       11, 13, 210, 189, 170, 176, 139, 192, 61, 230, 171, 87, 130, 147,
       44, 190, 98, 67, 167, 83, 249, 209, 118, 75, 146, 243, 185, 81,
       222, 239, 128, 20, 181, 95, 112, 184, 247, 80, 109, 237, 80, 83,
       235, 123, 184, 72, 22, 156, 68, 58, 139, 177, 108, 16, 143, 47,
       178, 115, 27, 28, 16, 123, 201, 8, 198, 63, 197, 66, 92, 231, 36,
       14, 111, 184, 116, 170, 247, 68, 211, 67, 155, 91, 86, 196, 44,
       110, 232, 244, 205, 10, 228, 235, 231, 148, 44, 187, 80, 33, 64,
       208, 190, 254, 131, 236, 53, 199, 172, 23, 110, 17, 124, 255, 42,
       106, 167, 115, 123, 0, 54, 233, 50, 97, 103, 227, 86, 67, 128, 80,
       165, 27, 198, 237, 157, 219, 137, 252, 14, 174, 190, 249, 134, 16,
       156, 231, 76, 247, 193, 126, 232, 218, 35, 77, 250, 243, 171, 243,
       223, 127, 138, 17, 139, 60, 53, 127, 91, 239, 118, 130, 238, 240,
       52, 168, 121, 230, 81, 51, 153, 240, 126, 253, 22, 234, 201, 178,
       76, 238, 180, 173, 175, 132, 45, 243, 98, 161, 253, 107, 201, 231,
       44, 13, 79, 148, 65, 164, 178, 141, 227, 77, 95, 19, 216, 196, 76,
       110, 77, 227, 217, 168, 242, 217, 133, 48, 111, 187, 82, 88, 21,
       71, 94, 103, 182, 11, 110, 248, 100, 168, 255, 102, 83, 66, 187,
       49, 126, 196, 78, 110, 237, 177, 13, 60, 244, 233, 39, 148, 109,
       187, 72, 1, 61, 108, 184, 112, 125, 45, 81, 210, 219, 187, 180,
       24, 31, 153, 65, 58, 137, 248, 85, 24, 10, 103, 218, 162, 219,
       221, 21, 63, 194, 121, 82, 163, 60, 177, 17, 232, 57, 201, 91,
       200, 135, 53, 173, 9, 139, 159, 72, 16, 216, 153, 237, 208, 26, 3,
       90, 148, 219, 213, 129, 127, 210, 139, 6, 50, 205, 30, 191, 247,
       36, 46, 121, 18, 248, 202, 119, 116, 255, 119, 129, 122, 167, 117,
       124, 14, 161, 212, 161, 42, 199, 255, 114, 128, 136, 225, 99, 97,
       24, 56, 190, 252, 9, 205, 81, 114, 183, 141, 228, 57, 191, 159,
       34, 27, 136, 177, 237, 1, 40, 239, 50, 61, 211, 247, 114, 27, 112,
       40, 7, 251, 82, 184, 251, 148, 74, 224, 49, 71, 187, 215, 162,
       185, 36, 183, 102, 91, 167, 247, 105, 144, 22, 79, 130, 96, 89,
       34, 90, 235, 128, 64, 39, 91, 240, 189, 117, 70, 108, 125, 199,
       190, 193, 174, 188, 40, 115, 116, 196, 55, 8, 246, 100, 106, 248,
       107, 252, 44, 121, 136, 101, 56, 99, 250, 198, 237, 21, 85, 63,
       167, 20, 143, 111, 240, 172, 200, 91, 70, 247, 227, 57, 96, 48,
       105, 59, 110, 193, 177, 59, 46, 229, 175, 47, 0, 40, 187, 97, 240,
       60, 99, 84, 110, 13, 91, 86, 232, 65, 160, 169, 11, 66, 73, 9,
       148, 216, 196, 204, 98, 76, 35, 217, 189, 179, 209, 5, 63, 115,
       63, 94, 2, 5, 136, 145, 121, 180, 175, 67, 159, 86, 123, 118, 120,
       215, 113, 200, 236, 21, 10, 12, 28, 187, 184, 105, 63, 140, 206,
       53, 116, 250, 136, 192, 33, 152, 184, 29, 122, 121, 205, 81, 218,
       163, 52, 160, 12, 62, 211, 64, 19, 167, 147, 69, 16, 10, 111, 26,
       49, 217, 153, 17, 56, 96, 0, 6, 43, 45, 69, 165, 103, 37, 79, 231,
       56, 100, 234, 127, 0, 223, 125, 25, 98, 88, 68, 127, 110, 72, 240,
       121, 14, 229, 251, 101, 20, 66, 251, 84, 226, 9, 139, 24, 251, 48,
       159, 82, 22, 87, 8, 100, 65, 175, 195, 32, 208, 212, 42, 140, 76,
       94, 168, 66, 61, 226, 255, 48, 89, 90, 139, 72, 10, 197, 188, 205,
       23, 170, 107, 237, 191, 63, 247, 50, 253, 247, 100, 206, 143, 7,
       79, 110, 20, 179, 252, 239, 115, 12, 18, 117, 244, 236, 232, 195,
       121, 74, 174, 166, 155, 203, 160, 57, 7, 175, 29, 202, 183, 172,
       207, 98, 78, 231, 51, 251, 149, 22, 73, 131, 243, 77, 54, 154,
       203, 150, 68, 165, 91, 248, 236, 191, 112, 136, 236, 85, 215, 178,
       159, 164, 25, 23, 247, 65, 27, 1, 246, 109, 24, 122, 79, 170, 35,
       249, 227, 117, 121, 224, 208, 134, 107, 9, 213, 17, 105, 176, 207,
       69, 191, 94, 41, 42, 88, 246, 17, 136, 116, 145, 18, 12, 56, 251,
       184, 121, 31, 173, 158, 52, 84, 18, 8, 192, 41, 211, 188, 151,
       183, 203, 172, 56, 215, 191, 211, 66, 214, 125, 255, 64, 219, 39,
       255, 251, 148, 183, 221, 159, 243, 159, 46, 95, 66, 169, 64, 161,
       157, 204, 112, 153, 231, 56, 79, 83, 184, 34, 248, 171, 8, 215,
       87, 65, 50, 145, 221, 124, 114, 9, 82, 217, 58, 237, 241, 37, 116,
       40, 51, 6, 50, 20, 163, 220, 163, 186, 203, 93, 239, 166, 53, 143,
       161, 215, 103, 74, 0, 35, 3, 109, 20, 26, 137, 11, 53, 232, 135,
       63, 85, 228, 130, 133, 66, 149, 148, 61, 83, 157, 127, 225, 175,
       127, 119, 39, 30, 210, 48, 94, 109, 185, 134, 106, 56, 59, 124,
       123, 21, 45, 138, 85, 118, 209, 72, 213, 230, 55, 63, 67, 73, 246,
       147, 198, 121, 84, 224, 249, 238, 83, 88, 181, 164, 94, 232, 22,
       239, 221, 187, 109, 156, 58, 12, 165, 244, 127, 190, 250, 133,
       105, 176, 121, 66, 105, 221, 209, 89, 235, 121, 53, 8, 58, 149,
       76, 182, 136, 144, 214, 72, 147, 47, 250, 81, 95, 217, 16, 122,
       83, 138, 66, 175, 217, 72, 135, 188, 76, 6, 108, 124, 48, 202,
       194, 66, 211, 227, 49, 251, 88, 236, 52, 239, 233, 214, 231, 138,
       145, 235, 254, 136, 42, 176, 48, 168, 3, 171, 10, 185, 205, 181,
       184, 199, 158, 81, 72, 151, 172, 206, 114, 200, 205, 43, 187, 149,
