%YAML:1.0
---
descriptors: !!opencv-matrix
   rows: 372
   cols: 32
   dt: u
   data: [ 134, 207, 140, 151, 212, 38, 62, 167, 30, 31, 90, 215, 228,
       46, 110, 203, 229, 71, 171, 23, 54, 220, 9, 231, 45, 54, 223, 199,
       132, 125, 189, 223, 39, 127, 120, 201, 212, 141, 187, 222, 94,
       100, 104, 207, 24, 136, 119, 0, 254, 9, 19, 127, 199, 58, 124,
       255, 127, 28, 131, 108, 93, 155, 83, 216, 41, 185, 115, 65, 116,
       223, 99, 113, 105, 12, 124, 104, 59, 29, 148, 180, 30, 184, 70,
       104, 219, 186, 240, 253, 39, 220, 32, 96, 99, 138, 70, 173, 18,
       189, 188, 158, 139, 209, 148, 239, 159, 151, 172, 171, 236, 254,
       78, 26, 235, 123, 235, 145, 86, 75, 234, 241, 251, 22, 223, 187,
       145, 68, 175, 206, 169, 99, 115, 233, 125, 140, 235, 88, 171, 72,
       241, 68, 187, 195, 89, 180, 252, 140, 95, 236, 139, 163, 210, 221,
       149, 216, 131, 44, 75, 130, 98, 160, 157, 94, 117, 91, 191, 243,
       179, 216, 94, 126, 213, 119, 200, 92, 191, 109, 247, 17, 142, 115,
       239, 180, 109, 191, 102, 203, 171, 215, 127, 29, 93, 87, 124, 245,
       120, 226, 222, 71, 86, 252, 2, 180, 173, 11, 87, 127, 75, 16, 223,
       221, 209, 114, 110, 99, 219, 54, 251, 133, 133, 125, 244, 243,
       254, 146, 117, 164, 216, 100, 92, 111, 67, 216, 115, 160, 173, 8,
       19, 243, 75, 48, 25, 220, 80, 56, 42, 70, 248, 14, 251, 141, 37,
       61, 160, 162, 74, 162, 37, 112, 113, 67, 64, 79, 227, 80, 101,
       224, 101, 76, 19, 21, 133, 61, 28, 156, 82, 126, 137, 182, 113, 0,
       5, 136, 0, 4, 91, 171, 66, 176, 194, 184, 147, 184, 233, 237, 48,
       194, 175, 183, 160, 57, 172, 158, 101, 218, 133, 59, 235, 17, 22,
       79, 146, 242, 157, 144, 94, 123, 144, 69, 7, 223, 117, 109, 76,
       101, 128, 15, 110, 184, 33, 226, 254, 205, 211, 97, 27, 19, 56,
       196, 109, 110, 105, 240, 221, 44, 230, 171, 101, 20, 105, 243, 74,
       18, 41, 191, 2, 11, 213, 189, 98, 211, 125, 97, 104, 77, 162, 1,
       18, 148, 153, 10, 66, 28, 151, 184, 80, 55, 46, 28, 16, 96, 202,
       14, 218, 140, 174, 110, 180, 250, 171, 103, 158, 239, 159, 158,
       184, 187, 204, 255, 45, 9, 223, 243, 223, 163, 96, 103, 202, 250,
       243, 215, 95, 191, 215, 125, 175, 219, 230, 165, 182, 218, 249,
       118, 254, 239, 253, 155, 233, 16, 204, 250, 60, 127, 221, 71, 91,
       163, 244, 79, 154, 226, 187, 62, 222, 75, 144, 116, 171, 134, 233,
       93, 121, 101, 116, 78, 109, 55, 109, 232, 126, 8, 151, 23, 145,
       48, 134, 180, 84, 108, 201, 184, 113, 14, 231, 253, 32, 144, 64,
       184, 66, 121, 227, 163, 192, 86, 237, 29, 100, 39, 123, 185, 54,
       92, 42, 40, 214, 182, 129, 142, 238, 28, 215, 122, 229, 193, 30,
       24, 84, 51, 202, 132, 202, 141, 238, 238, 161, 178, 221, 229, 156,
       235, 155, 182, 128, 153, 108, 206, 95, 155, 205, 251, 251, 135,
       118, 71, 202, 255, 63, 81, 143, 191, 16, 85, 159, 194, 198, 212,
       20, 222, 175, 233, 182, 234, 223, 22, 136, 19, 236, 250, 109, 205,
       243, 115, 234, 2, 34, 5, 154, 251, 183, 54, 91, 63, 144, 121, 141,
       6, 199, 205, 183, 220, 205, 88, 174, 238, 205, 146, 168, 2, 236,
       254, 117, 231, 107, 243, 234, 98, 101, 103, 62, 235, 191, 26, 207,
       63, 87, 120, 37, 174, 167, 229, 225, 75, 221, 121, 174, 236, 92,
       65, 123, 214, 200, 248, 221, 165, 123, 202, 210, 255, 247, 176,
       253, 227, 46, 60, 135, 70, 221, 127, 249, 132, 95, 132, 141, 186,
       138, 102, 77, 186, 150, 95, 215, 215, 221, 231, 43, 75, 101, 195,
       63, 158, 41, 3, 11, 240, 217, 35, 254, 204, 176, 125, 33, 115,
       141, 142, 173, 241, 168, 46, 205, 158, 26, 191, 186, 84, 209, 39,
       217, 107, 205, 86, 125, 188, 184, 220, 235, 34, 205, 191, 255,
       212, 128, 240, 213, 241, 214, 4, 188, 30, 173, 121, 150, 136, 223,
       159, 181, 27, 194, 248, 127, 10, 153, 65, 232, 115, 54, 101, 171,
       242, 219, 127, 69, 127, 211, 127, 221, 70, 124, 252, 158, 250,
       201, 189, 84, 222, 163, 31, 172, 29, 63, 251, 74, 155, 135, 211,
       236, 16, 30, 99, 154, 49, 219, 211, 87, 127, 250, 81, 171, 11, 86,
       31, 220, 166, 142, 36, 31, 158, 130, 181, 155, 135, 77, 227, 105,
       75, 103, 215, 189, 210, 26, 67, 219, 224, 216, 130, 239, 188, 172,
       115, 181, 18, 12, 91, 110, 251, 206, 89, 175, 244, 4, 100, 214,
       162, 241, 143, 187, 99, 104, 202, 123, 234, 194, 179, 109, 249,
       118, 141, 174, 129, 53, 251, 244, 233, 129, 14, 30, 155, 236, 175,
       164, 87, 78, 59, 218, 86, 180, 162, 160, 205, 105, 46, 106, 12,
       50, 189, 65, 243, 180, 34, 251, 16, 152, 72, 249, 136, 128, 188,
       19, 219, 206, 169, 164, 199, 62, 59, 250, 114, 180, 209, 192, 168,
       109, 154, 74, 152, 51, 190, 219, 115, 60, 164, 58, 32, 201, 88,
       163, 169, 198, 230, 151, 220, 57, 231, 15, 168, 191, 158, 141,
       112, 236, 243, 205, 212, 149, 126, 237, 250, 98, 71, 138, 223,
       169, 118, 39, 190, 18, 119, 7, 165, 195, 186, 173, 241, 169, 173,
       41, 150, 186, 255, 130, 93, 182, 182, 85, 59, 133, 127, 125, 28,
       183, 77, 243, 50, 141, 147, 127, 252, 136, 89, 151, 121, 210, 188,
       182, 188, 139, 253, 21, 71, 251, 87, 160, 29, 174, 178, 70, 159,
       167, 51, 232, 1, 51, 79, 146, 209, 145, 210, 94, 58, 200, 84, 163,
       94, 50, 12, 98, 232, 85, 211, 226, 78, 87, 132, 248, 2, 42, 250,
       54, 0, 249, 234, 135, 128, 14, 187, 0, 255, 59, 220, 131, 43, 245,
       46, 126, 142, 35, 42, 230, 19, 250, 187, 248, 79, 123, 245, 121,
       157, 106, 200, 214, 28, 191, 239, 98, 29, 150, 250, 207, 125, 30,
       90, 85, 98, 207, 132, 203, 196, 243, 126, 231, 246, 36, 38, 78,
       55, 185, 138, 251, 229, 112, 255, 133, 115, 196, 245, 61, 134,
       169, 199, 192, 202, 144, 190, 250, 154, 12, 240, 114, 57, 191,
       255, 104, 6, 253, 29, 222, 252, 209, 238, 189, 159, 107, 108, 223,
       3, 157, 194, 213, 231, 252, 99, 124, 175, 122, 77, 165, 255, 111,
       255, 222, 215, 22, 249, 159, 238, 9, 197, 147, 192, 175, 128, 168,
       8, 254, 223, 108, 34, 232, 241, 255, 194, 75, 3, 154, 225, 187,
       213, 15, 59, 72, 51, 39, 178, 97, 202, 113, 201, 116, 155, 107,
       180, 125, 8, 254, 232, 255, 1, 156, 116, 118, 212, 110, 106, 129,
       176, 229, 255, 54, 190, 32, 144, 102, 155, 66, 45, 70, 239, 222,
       87, 178, 90, 55, 164, 187, 159, 47, 176, 105, 115, 143, 255, 23,
       118, 232, 90, 114, 200, 238, 107, 46, 126, 101, 199, 134, 247,
       238, 237, 126, 188, 232, 90, 223, 245, 144, 235, 139, 221, 189,
       191, 10, 252, 126, 150, 141, 155, 215, 145, 190, 107, 186, 211,
       27, 92, 141, 255, 215, 78, 222, 215, 9, 147, 29, 185, 52, 191, 57,
       27, 30, 29, 95, 118, 253, 83, 170, 224, 247, 27, 142, 24, 179,
       152, 97, 151, 206, 247, 58, 192, 154, 136, 169, 49, 89, 2, 83,
       205, 52, 159, 234, 24, 109, 104, 251, 206, 203, 138, 148, 228,
       126, 172, 126, 172, 133, 176, 101, 220, 150, 253, 35, 144, 95,
       138, 73, 149, 11, 220, 50, 223, 53, 149, 126, 246, 95, 15, 94, 6,
       172, 210, 166, 228, 215, 106, 158, 74, 230, 156, 58, 255, 39, 127,
       22, 195, 26, 156, 41, 143, 94, 11, 142, 174, 153, 210, 74, 99,
       164, 196, 203, 135, 233, 238, 51, 192, 248, 231, 233, 197, 28,
       139, 135, 237, 240, 231, 202, 9, 172, 39, 60, 18, 0, 140, 31, 189,
       176, 172, 113, 39, 188, 23, 98, 21, 182, 35, 32, 73, 133, 35, 105,
       12, 50, 237, 19, 71, 205, 182, 82, 64, 200, 0, 161, 26, 90, 29,
       134, 190, 139, 242, 30, 34, 164, 192, 202, 135, 232, 254, 35, 194,
       200, 247, 249, 195, 13, 139, 215, 237, 144, 103, 206, 27, 44, 103,
       60, 94, 108, 40, 155, 254, 249, 253, 118, 194, 191, 139, 104, 24,
       238, 251, 97, 248, 209, 255, 251, 16, 54, 75, 202, 251, 223, 247,
       87, 107, 146, 121, 175, 131, 31, 214, 122, 221, 55, 218, 123, 216,
       127, 87, 86, 167, 237, 207, 191, 101, 119, 8, 174, 174, 230, 180,
       47, 223, 194, 255, 35, 135, 54, 190, 45, 117, 16, 153, 191, 110,
       19, 205, 55, 119, 172, 69, 110, 8, 62, 183, 32, 48, 166, 51, 123,
