%YAML:1.0
---
descriptors: !!opencv-matrix
   rows: 307
   cols: 32
   dt: u
   data: [ 61, 67, 99, 46, 220, 3, 79, 248, 5, 192, 251, 239, 115, 229,
       185, 212, 124, 236, 87, 239, 201, 163, 77, 173, 240, 237, 165,
       152, 111, 191, 112, 120, 252, 221, 110, 238, 20, 214, 91, 248,
       244, 204, 223, 2, 81, 223, 59, 97, 120, 244, 191, 235, 236, 199,
       62, 174, 251, 239, 231, 197, 39, 171, 124, 98, 60, 204, 111, 235,
       220, 243, 239, 254, 4, 102, 222, 130, 209, 141, 171, 64, 105, 202,
       43, 238, 234, 178, 111, 183, 119, 205, 175, 205, 53, 219, 244,
       248, 246, 84, 150, 174, 173, 86, 86, 228, 153, 142, 251, 3, 79,
       254, 47, 223, 216, 245, 237, 99, 108, 231, 152, 170, 177, 242,
       199, 19, 32, 127, 174, 7, 2, 190, 141, 157, 146, 174, 172, 167,
       30, 31, 80, 247, 164, 174, 0, 73, 133, 123, 163, 145, 246, 216,
       67, 111, 45, 54, 222, 131, 144, 80, 133, 223, 104, 121, 57, 101,
       112, 206, 125, 55, 104, 232, 126, 8, 191, 19, 1, 112, 132, 54, 85,
       8, 193, 184, 113, 14, 231, 253, 48, 128, 64, 144, 66, 107, 205,
       189, 59, 174, 202, 96, 47, 245, 252, 194, 223, 178, 253, 119, 185,
       99, 127, 235, 95, 234, 241, 179, 109, 239, 252, 229, 239, 136,
       165, 243, 161, 97, 247, 98, 203, 198, 94, 19, 78, 216, 3, 232,
       151, 238, 83, 197, 189, 63, 124, 236, 95, 238, 201, 151, 237, 8,
       50, 40, 165, 180, 45, 187, 122, 52, 135, 182, 179, 248, 106, 164,
       184, 72, 59, 27, 81, 123, 28, 223, 124, 25, 247, 153, 151, 145,
       178, 86, 138, 211, 31, 24, 123, 238, 149, 69, 35, 147, 77, 174,
       173, 241, 172, 46, 137, 191, 150, 255, 159, 84, 213, 47, 88, 106,
       197, 87, 125, 157, 187, 88, 251, 50, 205, 255, 255, 244, 128, 97,
       149, 113, 17, 153, 63, 124, 131, 206, 53, 119, 172, 73, 110, 0,
       190, 183, 32, 112, 166, 51, 121, 0, 16, 137, 50, 93, 243, 255, 82,
       66, 64, 64, 167, 123, 108, 109, 145, 109, 188, 47, 71, 152, 82,
       170, 37, 72, 215, 115, 65, 57, 145, 92, 116, 106, 41, 112, 217,
       56, 229, 222, 101, 52, 210, 249, 194, 34, 53, 23, 91, 168, 246,
       199, 86, 121, 21, 64, 251, 231, 87, 204, 43, 80, 222, 172, 6, 118,
       237, 179, 24, 158, 242, 239, 163, 196, 125, 170, 112, 209, 137,
       35, 104, 169, 116, 50, 121, 83, 53, 77, 220, 245, 157, 11, 146,
       84, 126, 141, 23, 188, 156, 150, 196, 194, 198, 253, 170, 228, 46,
       133, 122, 193, 94, 216, 165, 179, 173, 121, 151, 132, 142, 119,
       151, 49, 207, 124, 79, 139, 139, 83, 253, 67, 124, 101, 123, 177,
       227, 211, 95, 215, 198, 127, 149, 127, 199, 158, 188, 183, 160,
       188, 23, 186, 250, 191, 18, 117, 236, 122, 203, 75, 151, 103, 253,
       23, 246, 73, 138, 239, 232, 119, 127, 214, 140, 245, 153, 87, 128,
       140, 31, 117, 16, 174, 105, 55, 188, 7, 98, 21, 247, 39, 0, 73,
       133, 55, 104, 12, 48, 252, 81, 7, 197, 182, 82, 64, 192, 128, 133,
       56, 120, 249, 123, 238, 61, 221, 211, 77, 139, 136, 188, 41, 59,
       221, 100, 112, 200, 184, 223, 64, 75, 43, 250, 185, 243, 221, 133,
       63, 83, 10, 246, 59, 210, 220, 83, 254, 203, 98, 22, 239, 189, 2,
       248, 187, 76, 254, 40, 253, 251, 219, 223, 130, 120, 207, 10, 251,
       185, 214, 94, 255, 49, 116, 175, 31, 175, 229, 69, 71, 213, 59,
       166, 232, 92, 96, 123, 86, 216, 120, 157, 166, 249, 78, 242, 111,
       245, 240, 125, 226, 46, 29, 135, 6, 207, 127, 251, 132, 134, 156,
       18, 222, 221, 253, 54, 234, 159, 22, 136, 17, 236, 250, 109, 204,
       227, 115, 234, 2, 34, 5, 154, 255, 167, 54, 11, 63, 144, 121, 141,
       6, 76, 52, 149, 119, 140, 47, 167, 48, 238, 178, 163, 92, 247,
       113, 72, 11, 145, 118, 104, 42, 97, 224, 219, 40, 205, 174, 119,
       16, 200, 122, 193, 58, 39, 127, 120, 193, 212, 141, 187, 223, 78,
       36, 120, 207, 24, 140, 119, 0, 254, 57, 19, 117, 198, 58, 116,
       222, 127, 28, 135, 108, 85, 154, 83, 216, 163, 158, 232, 197, 244,
       115, 253, 119, 93, 239, 92, 183, 41, 60, 182, 36, 223, 43, 23,
       173, 245, 188, 101, 206, 110, 95, 191, 131, 223, 236, 220, 221,
       117, 36, 216, 228, 88, 95, 91, 25, 19, 161, 173, 8, 23, 243, 65,
       48, 25, 220, 80, 56, 11, 66, 248, 10, 219, 141, 37, 125, 160, 162,
       74, 34, 198, 165, 182, 158, 249, 118, 254, 239, 253, 139, 249, 17,
       204, 250, 62, 87, 253, 199, 95, 163, 116, 79, 154, 238, 187, 54,
       222, 75, 128, 116, 171, 134, 94, 185, 191, 58, 187, 233, 25, 230,
       175, 213, 168, 169, 174, 255, 98, 18, 167, 179, 255, 145, 18, 75,
       154, 241, 219, 215, 95, 123, 192, 70, 167, 123, 181, 59, 79, 168,
       60, 131, 195, 248, 7, 236, 144, 238, 83, 196, 161, 1, 88, 168, 14,
       124, 73, 35, 109, 156, 248, 193, 165, 252, 61, 171, 116, 241, 180,
       79, 99, 78, 240, 38, 79, 253, 117, 166, 254, 222, 83, 37, 177, 52,
       124, 204, 6, 238, 233, 182, 121, 46, 113, 174, 165, 4, 99, 251,
       230, 248, 126, 188, 232, 90, 203, 117, 146, 203, 139, 255, 189,
       159, 74, 252, 127, 62, 141, 211, 245, 147, 158, 99, 250, 243, 91,
       95, 205, 255, 247, 110, 94, 215, 235, 185, 208, 87, 105, 157, 100,
       55, 251, 171, 102, 92, 170, 177, 196, 182, 128, 170, 226, 8, 199,
       126, 242, 227, 47, 88, 84, 42, 74, 132, 202, 45, 29, 94, 227, 175,
       53, 248, 115, 18, 101, 204, 94, 167, 239, 214, 187, 116, 118, 104,
       156, 246, 143, 144, 37, 175, 230, 245, 162, 131, 174, 231, 61,
       127, 130, 184, 18, 184, 237, 237, 208, 71, 175, 27, 177, 25, 174,
       219, 100, 152, 233, 179, 207, 16, 18, 111, 146, 211, 155, 208, 18,
       123, 208, 72, 175, 11, 213, 23, 95, 237, 34, 42, 63, 88, 61, 230,
       123, 231, 95, 103, 169, 88, 54, 221, 47, 230, 225, 149, 53, 78,
       246, 231, 107, 132, 60, 243, 5, 113, 215, 77, 243, 220, 207, 120,
       230, 238, 203, 210, 172, 10, 238, 254, 117, 239, 251, 243, 250,
       234, 117, 99, 190, 234, 191, 190, 207, 63, 215, 127, 101, 238, 65,
       142, 30, 155, 236, 191, 164, 247, 92, 59, 218, 86, 244, 130, 160,
       205, 105, 46, 42, 12, 55, 186, 67, 119, 52, 42, 115, 64, 152, 200,
       169, 136, 194, 184, 147, 184, 41, 237, 48, 198, 171, 63, 160, 57,
       172, 150, 96, 223, 133, 59, 235, 16, 54, 79, 146, 241, 153, 208,
       90, 123, 144, 4, 175, 143, 236, 126, 157, 229, 164, 14, 103, 182,
       56, 162, 34, 76, 215, 35, 65, 91, 133, 100, 104, 126, 105, 252,
       209, 42, 237, 210, 69, 20, 136, 241, 66, 56, 32, 140, 18, 152,
       253, 237, 240, 71, 239, 25, 248, 24, 174, 154, 100, 216, 201, 35,
       78, 16, 18, 43, 82, 211, 157, 148, 154, 123, 208, 72, 195, 139,
       65, 176, 147, 82, 137, 252, 32, 6, 254, 123, 98, 88, 190, 178, 72,
       252, 129, 30, 104, 24, 7, 120, 243, 19, 157, 252, 18, 106, 200,
       64, 3, 44, 194, 40, 148, 145, 171, 236, 48, 7, 175, 21, 130, 17,
       172, 146, 64, 223, 163, 55, 235, 17, 22, 77, 211, 209, 141, 112,
       90, 123, 128, 4, 133, 15, 9, 151, 21, 187, 176, 191, 51, 59, 95,
       125, 111, 116, 255, 114, 170, 225, 215, 11, 14, 60, 183, 152, 105,
       223, 238, 247, 50, 194, 154, 136, 137, 21, 247, 205, 132, 150,
       221, 23, 142, 237, 26, 246, 153, 207, 96, 232, 127, 133, 217, 230,
       55, 111, 252, 75, 91, 255, 184, 30, 207, 254, 157, 126, 216, 92,
       150, 221, 111, 233, 182, 231, 223, 255, 148, 74, 216, 199, 217,
       126, 189, 96, 254, 147, 31, 231, 249, 129, 57, 255, 161, 111, 170,
       196, 181, 223, 181, 241, 137, 188, 23, 219, 222, 175, 160, 215,
       62, 59, 242, 114, 180, 82, 128, 229, 105, 58, 74, 152, 51, 190,
       91, 115, 60, 132, 62, 64, 217, 72, 161, 169, 180, 233, 60, 170,
       153, 221, 86, 236, 143, 53, 168, 9, 55, 223, 106, 16, 136, 211,
       237, 83, 94, 43, 90, 53, 251, 193, 37, 127, 112, 27, 142, 74, 205,
       150, 205, 241, 244, 127, 105, 152, 95, 255, 23, 126, 219, 34, 218,
       233, 51, 134, 62, 186, 181, 84, 125, 214, 142, 223, 251, 244, 190,
       233, 217, 85, 185, 78, 110, 237, 84, 18, 231, 120, 84, 198, 246,
       198, 83, 169, 179, 65, 120, 236, 6, 238, 232, 183, 53, 142, 114,
