%YAML:1.0
---
descriptors: !!opencv-matrix
   rows: 280
   cols: 32
   dt: u
   data: [ 76, 20, 159, 255, 170, 102, 53, 51, 172, 27, 75, 64, 212, 119,
       8, 107, 167, 87, 125, 32, 17, 201, 27, 13, 205, 162, 126, 64, 136,
       98, 165, 51, 33, 46, 33, 37, 116, 175, 235, 50, 94, 174, 90, 77,
       179, 41, 145, 0, 157, 46, 71, 13, 168, 188, 69, 62, 196, 30, 161,
       240, 196, 249, 82, 225, 208, 248, 157, 239, 58, 200, 59, 172, 174,
       21, 130, 48, 181, 215, 64, 114, 162, 117, 125, 208, 66, 13, 187,
       51, 217, 165, 47, 121, 0, 2, 37, 59, 245, 99, 233, 74, 142, 3,
       206, 216, 66, 178, 149, 206, 83, 73, 221, 187, 126, 196, 85, 255,
       200, 67, 239, 48, 122, 137, 237, 188, 125, 251, 114, 128, 88, 145,
       26, 122, 243, 140, 116, 103, 169, 9, 111, 5, 174, 251, 42, 208,
       162, 179, 237, 0, 86, 137, 154, 229, 243, 245, 18, 75, 106, 6,
       171, 11, 213, 223, 78, 175, 54, 2, 111, 184, 52, 224, 211, 199,
       113, 107, 155, 97, 126, 228, 61, 239, 237, 144, 29, 63, 244, 235,
       239, 132, 45, 179, 48, 17, 120, 205, 144, 190, 217, 157, 86, 239,
       151, 16, 232, 73, 47, 227, 33, 209, 192, 251, 143, 67, 78, 11,
       218, 189, 179, 241, 30, 59, 58, 94, 10, 138, 88, 132, 30, 186, 25,
       237, 80, 3, 191, 93, 199, 25, 239, 211, 42, 88, 161, 167, 237, 20,
       62, 77, 147, 23, 211, 247, 26, 91, 58, 4, 43, 18, 194, 202, 190,
       154, 107, 208, 184, 70, 175, 29, 216, 179, 172, 206, 106, 194,
       230, 51, 235, 209, 6, 15, 130, 241, 157, 112, 154, 203, 16, 6, 45,
       223, 208, 52, 27, 254, 114, 229, 17, 75, 184, 142, 169, 57, 247,
       215, 41, 89, 213, 187, 79, 162, 42, 7, 176, 31, 209, 135, 43, 185,
       48, 97, 39, 115, 0, 168, 19, 154, 249, 253, 176, 199, 158, 61,
       168, 24, 172, 214, 104, 148, 137, 59, 194, 16, 18, 43, 74, 243,
       157, 20, 31, 123, 208, 8, 143, 163, 117, 97, 197, 167, 142, 39,
       79, 216, 2, 242, 153, 207, 83, 108, 219, 43, 93, 196, 125, 255,
       205, 99, 253, 24, 248, 202, 229, 188, 253, 255, 114, 80, 245, 65,
       103, 204, 5, 18, 78, 104, 101, 160, 243, 66, 67, 104, 53, 231,
       120, 228, 108, 234, 109, 161, 61, 141, 179, 234, 195, 16, 111,
       187, 112, 36, 192, 248, 154, 190, 27, 204, 49, 71, 175, 5, 162,
       25, 172, 159, 98, 82, 162, 51, 233, 80, 66, 45, 146, 227, 249,
       181, 18, 123, 0, 0, 39, 75, 228, 69, 254, 254, 252, 195, 94, 232,
       221, 134, 253, 0, 239, 249, 60, 113, 218, 120, 127, 106, 96, 227,
       74, 191, 243, 255, 71, 27, 86, 251, 244, 162, 212, 77, 93, 167,
       178, 202, 110, 164, 180, 16, 131, 242, 247, 119, 137, 99, 98, 247,
       108, 234, 121, 148, 77, 46, 228, 227, 238, 16, 36, 243, 129, 32,
       86, 204, 150, 183, 145, 96, 182, 134, 63, 151, 130, 19, 228, 162,
       76, 206, 233, 199, 170, 211, 62, 221, 139, 227, 189, 54, 223, 67,
       128, 125, 173, 14, 102, 32, 209, 97, 232, 106, 232, 8, 43, 241,
       161, 216, 150, 31, 85, 58, 187, 221, 121, 49, 1, 118, 209, 64,
       157, 152, 69, 54, 197, 241, 67, 132, 165, 76, 127, 119, 100, 111,
       105, 176, 252, 82, 103, 16, 243, 81, 25, 59, 3, 100, 114, 46, 97,
       244, 57, 47, 71, 187, 112, 0, 72, 241, 66, 168, 252, 88, 255, 244,
       44, 78, 93, 16, 169, 254, 182, 58, 91, 63, 133, 123, 238, 245,
       253, 226, 105, 199, 243, 232, 211, 251, 231, 146, 39, 241, 102,
       115, 32, 176, 57, 187, 108, 237, 177, 191, 30, 61, 25, 88, 182,
       213, 72, 0, 133, 27, 19, 1, 19, 120, 123, 53, 77, 144, 56, 124,
       80, 8, 133, 251, 66, 145, 150, 154, 139, 208, 184, 109, 174, 21,
       195, 179, 236, 254, 110, 202, 231, 51, 251, 145, 22, 9, 155, 209,
       157, 51, 90, 75, 144, 6, 173, 158, 124, 157, 30, 110, 25, 134, 83,
       50, 164, 12, 239, 68, 115, 115, 34, 80, 212, 178, 12, 104, 168,
       137, 89, 63, 251, 239, 32, 80, 186, 34, 104, 58, 108, 94, 22, 146,
       252, 227, 16, 150, 159, 250, 186, 109, 64, 169, 229, 217, 205,
       118, 238, 16, 53, 235, 11, 188, 58, 215, 117, 223, 154, 255, 124,
       27, 124, 137, 122, 106, 241, 156, 115, 197, 47, 13, 109, 8, 46,
       171, 42, 16, 168, 154, 134, 88, 26, 43, 26, 117, 123, 253, 16, 75,
       227, 131, 230, 42, 62, 220, 208, 163, 213, 86, 222, 229, 57, 47,
       187, 3, 74, 58, 14, 213, 249, 211, 135, 131, 108, 178, 89, 224,
       191, 223, 206, 19, 227, 118, 238, 198, 82, 161, 26, 170, 187, 248,
       80, 207, 171, 25, 235, 25, 14, 179, 10, 216, 163, 135, 237, 16,
       30, 11, 130, 117, 155, 245, 26, 91, 162, 71, 175, 11, 53, 19, 124,
       45, 110, 3, 149, 89, 100, 68, 249, 39, 87, 122, 167, 120, 254,
       137, 6, 227, 156, 178, 103, 28, 208, 139, 99, 140, 125, 51, 99,
       211, 50, 73, 21, 190, 89, 141, 6, 228, 143, 8, 200, 73, 174, 194,
       33, 212, 192, 235, 142, 67, 79, 139, 90, 189, 176, 240, 14, 59,
       24, 62, 41, 142, 52, 75, 90, 110, 25, 133, 86, 240, 165, 132, 236,
       1, 99, 195, 35, 16, 200, 242, 235, 66, 78, 43, 90, 63, 243, 245,
       6, 25, 123, 186, 106, 10, 1, 160, 153, 249, 124, 169, 105, 159,
       94, 57, 120, 80, 183, 129, 200, 96, 131, 10, 6, 28, 19, 56, 67,
       19, 204, 156, 48, 108, 216, 136, 193, 169, 80, 72, 6, 180, 13, 14,
       100, 32, 172, 146, 130, 2, 246, 130, 33, 91, 232, 228, 106, 226,
       72, 229, 19, 204, 209, 162, 202, 16, 0, 56, 49, 42, 34, 185, 144,
       186, 249, 201, 112, 198, 11, 57, 112, 41, 46, 152, 100, 156, 136,
       185, 130, 80, 22, 58, 202, 241, 29, 148, 21, 123, 208, 8, 79, 143,
       206, 189, 56, 186, 205, 253, 182, 194, 169, 22, 188, 25, 174, 222,
       75, 83, 235, 211, 207, 147, 118, 38, 216, 243, 119, 81, 10, 43,
       210, 87, 47, 198, 0, 189, 159, 188, 251, 195, 52, 231, 255, 209,
       78, 49, 188, 255, 32, 97, 167, 123, 234, 129, 119, 249, 178, 127,
       255, 167, 87, 75, 88, 64, 173, 219, 53, 229, 200, 109, 220, 34,
       78, 143, 115, 51, 233, 146, 67, 98, 92, 50, 89, 206, 64, 186, 126,
       86, 205, 2, 46, 142, 133, 53, 165, 243, 218, 4, 96, 176, 253, 83,
       168, 105, 225, 159, 51, 55, 167, 56, 211, 55, 204, 63, 11, 22,
       104, 56, 19, 116, 251, 17, 79, 154, 85, 117, 194, 192, 198, 242,
       91, 157, 6, 193, 145, 182, 78, 183, 37, 137, 206, 66, 75, 35, 160,
       244, 113, 214, 156, 184, 57, 153, 17, 206, 186, 254, 135, 196,
       170, 198, 168, 60, 68, 32, 223, 21, 200, 104, 233, 2, 234, 178,
       162, 8, 151, 167, 65, 59, 35, 229, 104, 24, 1, 101, 230, 64, 157,
       162, 83, 40, 192, 113, 71, 224, 118, 44, 196, 181, 205, 59, 216,
       202, 27, 179, 178, 155, 14, 168, 85, 143, 235, 207, 239, 145, 62,
       251, 199, 224, 158, 86, 221, 55, 231, 109, 94, 134, 124, 112, 248,
       103, 96, 106, 123, 216, 96, 174, 183, 41, 87, 127, 89, 26, 187,
       221, 117, 118, 136, 246, 153, 8, 215, 201, 101, 165, 225, 243, 70,
       195, 236, 172, 188, 122, 169, 253, 20, 207, 155, 151, 164, 25,
       238, 249, 106, 27, 129, 115, 233, 16, 50, 111, 218, 51, 203, 211,
       85, 123, 210, 124, 143, 10, 25, 139, 16, 249, 55, 159, 104, 159,
       94, 9, 94, 96, 189, 131, 162, 228, 119, 10, 166, 28, 147, 152, 35,
       149, 206, 239, 50, 192, 186, 140, 137, 169, 8, 177, 56, 185, 57,
       205, 144, 143, 30, 121, 40, 25, 190, 28, 72, 0, 133, 27, 223, 1,
       2, 40, 83, 53, 173, 213, 16, 127, 80, 8, 135, 91, 254, 88, 255,
       244, 108, 108, 125, 16, 169, 222, 182, 58, 255, 127, 133, 123,
       230, 245, 253, 226, 169, 71, 227, 232, 215, 251, 250, 154, 167,
       241, 102, 123, 57, 217, 56, 110, 60, 135, 71, 181, 198, 12, 236,
       4, 247, 241, 34, 112, 208, 50, 12, 72, 202, 170, 114, 63, 235,
       237, 36, 24, 58, 10, 212, 107, 140, 4, 254, 125, 172, 110, 117,
       27, 254, 159, 39, 16, 222, 115, 9, 123, 161, 22, 126, 8, 48, 229,
       59, 64, 71, 187, 113, 21, 194, 225, 199, 162, 44, 48, 149, 241,
       233, 111, 81, 152, 55, 59, 161, 24, 223, 87, 73, 59, 153, 153, 71,
       50, 59, 102, 89, 16, 205, 218, 113, 124, 240, 97, 70, 178, 137,
       239, 21, 249, 180, 143, 45, 183, 94, 57, 82, 116, 149, 3, 200,
