%YAML:1.0
---
descriptors: !!opencv-matrix
   rows: 282
   cols: 32
   dt: u
   data: [ 240, 68, 91, 140, 220, 38, 69, 75, 17, 194, 233, 87, 2, 226,
       37, 93, 248, 140, 14, 38, 41, 7, 16, 206, 177, 180, 130, 30, 57,
       121, 242, 52, 120, 91, 87, 237, 12, 2, 78, 48, 197, 10, 210, 102,
       99, 59, 32, 83, 96, 228, 45, 226, 73, 139, 65, 141, 178, 235, 226,
       146, 47, 170, 112, 11, 26, 0, 122, 233, 119, 202, 248, 80, 45, 0,
       244, 34, 159, 31, 53, 73, 238, 153, 159, 225, 10, 178, 64, 204,
       215, 217, 170, 145, 103, 137, 127, 163, 50, 41, 122, 68, 93, 221,
       210, 102, 105, 36, 252, 11, 42, 188, 22, 148, 250, 187, 199, 0,
       140, 187, 246, 237, 55, 221, 0, 59, 71, 14, 94, 206, 113, 140,
       199, 221, 84, 34, 111, 167, 117, 34, 238, 2, 113, 35, 176, 117,
       123, 230, 50, 174, 105, 248, 101, 174, 118, 174, 210, 0, 39, 240,
       240, 40, 38, 237, 17, 154, 249, 193, 182, 238, 143, 57, 136, 107,
       164, 255, 105, 0, 217, 123, 75, 83, 82, 11, 74, 247, 189, 20, 15,
       127, 144, 27, 5, 138, 188, 68, 227, 97, 213, 110, 236, 103, 125,
       43, 251, 83, 11, 40, 20, 9, 249, 135, 23, 161, 188, 254, 81, 142,
       55, 239, 214, 2, 229, 121, 240, 130, 73, 71, 91, 101, 52, 10, 111,
       188, 108, 136, 126, 224, 243, 67, 153, 112, 90, 196, 76, 110, 201,
       176, 109, 47, 230, 237, 37, 4, 104, 179, 66, 41, 63, 99, 72, 165,
       114, 2, 106, 56, 48, 224, 87, 231, 89, 3, 147, 16, 126, 205, 23,
       239, 205, 210, 205, 76, 110, 47, 175, 132, 47, 182, 58, 209, 37,
       108, 163, 82, 213, 199, 231, 197, 214, 167, 212, 18, 208, 208,
       245, 44, 89, 40, 18, 153, 171, 182, 60, 250, 41, 30, 151, 46, 215,
       27, 244, 228, 196, 175, 129, 147, 214, 168, 166, 135, 186, 147,
       74, 82, 245, 226, 73, 66, 113, 110, 42, 146, 114, 216, 206, 227,
       172, 38, 175, 68, 160, 114, 209, 0, 33, 92, 127, 77, 116, 142,
       105, 54, 125, 8, 126, 96, 62, 55, 128, 52, 54, 60, 86, 40, 193,
       184, 33, 77, 103, 191, 48, 128, 66, 160, 66, 169, 198, 166, 247,
       254, 190, 160, 190, 174, 219, 179, 17, 208, 237, 234, 124, 66,
       151, 119, 125, 159, 178, 77, 142, 243, 172, 62, 95, 236, 132, 241,
       129, 9, 160, 117, 124, 65, 84, 15, 231, 117, 84, 164, 101, 30, 19,
       1, 20, 53, 92, 188, 2, 232, 233, 190, 117, 30, 103, 137, 128, 100,
       123, 138, 214, 184, 240, 201, 102, 236, 13, 23, 70, 96, 197, 132,
       243, 2, 99, 104, 52, 231, 120, 228, 108, 235, 108, 163, 29, 141,
       179, 234, 195, 19, 113, 58, 116, 6, 253, 96, 148, 231, 9, 124, 88,
       158, 35, 179, 166, 24, 27, 19, 73, 127, 193, 196, 120, 88, 58, 87,
       241, 160, 219, 249, 212, 85, 170, 209, 98, 34, 98, 188, 189, 90,
       219, 237, 145, 71, 175, 31, 168, 25, 54, 191, 100, 27, 141, 179,
       227, 16, 50, 107, 114, 119, 95, 151, 84, 123, 209, 72, 167, 251,
       254, 96, 241, 229, 39, 56, 248, 0, 105, 163, 183, 155, 143, 47,
       93, 62, 174, 221, 125, 157, 140, 244, 133, 192, 151, 249, 219,
       131, 231, 245, 67, 134, 69, 97, 123, 97, 112, 14, 99, 176, 109,
       232, 111, 68, 223, 18, 141, 116, 178, 76, 76, 110, 193, 176, 61,
       76, 228, 252, 33, 4, 104, 179, 67, 33, 1, 187, 90, 249, 242, 139,
       51, 215, 127, 73, 120, 237, 191, 59, 130, 112, 183, 59, 78, 20,
       151, 184, 68, 118, 236, 223, 54, 194, 204, 192, 139, 137, 200,
       250, 159, 250, 40, 172, 57, 222, 190, 27, 50, 116, 190, 247, 96,
       107, 165, 115, 127, 16, 163, 77, 155, 117, 201, 251, 127, 202,
       136, 80, 33, 59, 27, 189, 210, 209, 147, 182, 56, 215, 63, 129,
       78, 214, 157, 55, 96, 228, 119, 159, 155, 144, 51, 216, 53, 198,
       175, 231, 158, 68, 175, 196, 169, 188, 63, 120, 122, 84, 101, 223,
       247, 242, 225, 204, 254, 12, 43, 216, 183, 180, 170, 232, 214, 78,
       205, 179, 182, 168, 115, 223, 4, 155, 111, 191, 90, 223, 26, 2,
       94, 233, 103, 27, 249, 64, 45, 4, 180, 2, 139, 11, 53, 200, 106,
       145, 223, 193, 10, 179, 65, 192, 214, 217, 138, 209, 119, 141,
       121, 130, 248, 90, 227, 100, 100, 2, 106, 112, 225, 138, 254, 110,
       51, 27, 149, 82, 104, 228, 109, 234, 201, 151, 132, 138, 82, 233,
       160, 128, 111, 162, 98, 27, 177, 31, 107, 108, 118, 198, 79, 112,
       116, 72, 125, 230, 115, 71, 177, 48, 126, 168, 22, 238, 233, 178,
       36, 46, 114, 173, 160, 128, 125, 162, 114, 241, 52, 12, 202, 179,
       148, 106, 231, 230, 125, 39, 251, 18, 26, 56, 61, 9, 249, 199, 6,
       163, 56, 191, 25, 234, 157, 174, 222, 65, 229, 121, 117, 170, 1,
       191, 91, 161, 242, 143, 59, 55, 124, 73, 122, 228, 191, 35, 128,
       112, 166, 59, 30, 93, 209, 184, 4, 127, 236, 221, 38, 192, 108,
       128, 131, 153, 38, 253, 144, 250, 253, 137, 150, 239, 158, 41,
       248, 107, 44, 250, 108, 144, 219, 251, 3, 17, 66, 43, 90, 247,
       188, 148, 15, 126, 216, 90, 131, 139, 226, 188, 188, 88, 233, 253,
       17, 199, 187, 95, 164, 61, 46, 191, 70, 31, 137, 187, 239, 16, 62,
       75, 242, 241, 91, 210, 84, 123, 210, 68, 198, 95, 244, 0, 222,
       212, 238, 40, 109, 25, 249, 178, 179, 26, 223, 43, 221, 123, 107,
       197, 125, 170, 56, 71, 239, 194, 212, 187, 251, 28, 165, 225, 99,
       32, 244, 106, 254, 116, 109, 13, 85, 76, 227, 190, 181, 24, 66,
       217, 69, 27, 137, 244, 103, 122, 104, 103, 138, 0, 83, 217, 69,
       61, 195, 249, 70, 131, 50, 40, 82, 236, 87, 155, 208, 64, 127,
       160, 240, 10, 46, 152, 21, 180, 250, 185, 215, 65, 12, 186, 192,
       220, 147, 252, 1, 51, 103, 12, 90, 142, 13, 177, 49, 195, 253, 61,
       240, 217, 127, 125, 181, 62, 206, 92, 222, 172, 191, 137, 254, 62,
       151, 112, 249, 212, 223, 221, 3, 246, 206, 143, 201, 215, 124, 13,
       62, 110, 185, 174, 87, 50, 225, 12, 190, 8, 123, 115, 3, 115, 196,
       246, 109, 106, 104, 43, 234, 45, 243, 251, 96, 25, 114, 226, 102,
       43, 35, 219, 99, 79, 118, 147, 174, 113, 69, 192, 80, 230, 104,
       200, 181, 164, 126, 104, 22, 239, 197, 186, 44, 255, 36, 12, 175,
       128, 127, 190, 112, 189, 136, 140, 57, 121, 48, 207, 85, 159, 86,
       47, 102, 16, 183, 23, 128, 112, 81, 26, 28, 8, 58, 156, 99, 55,
       239, 207, 48, 80, 18, 136, 196, 105, 124, 93, 55, 238, 29, 199,
       86, 48, 197, 200, 235, 72, 255, 253, 33, 240, 212, 240, 220, 98,
       73, 163, 90, 189, 227, 255, 1, 26, 122, 59, 64, 51, 125, 60, 246,
       68, 41, 126, 87, 24, 225, 238, 191, 44, 74, 252, 135, 190, 172,
       228, 236, 110, 141, 103, 189, 136, 211, 249, 65, 55, 107, 255, 78,
       87, 251, 92, 118, 84, 43, 222, 87, 182, 225, 206, 166, 44, 106,
       151, 135, 247, 38, 244, 252, 106, 236, 143, 178, 237, 243, 251,
       64, 147, 34, 181, 46, 127, 252, 96, 246, 98, 73, 30, 84, 156, 225,
       186, 167, 24, 83, 83, 73, 127, 209, 196, 108, 122, 104, 103, 217,
       0, 243, 249, 197, 61, 226, 243, 194, 34, 83, 201, 21, 62, 27, 205,
       3, 230, 175, 81, 168, 8, 174, 150, 0, 148, 160, 35, 104, 65, 79,
       9, 50, 117, 185, 148, 24, 90, 80, 6, 7, 124, 11, 154, 112, 219,
       51, 191, 57, 23, 127, 109, 93, 54, 172, 154, 166, 228, 167, 59,
       151, 0, 150, 152, 33, 215, 206, 255, 26, 227, 30, 132, 137, 207,
       15, 189, 21, 26, 187, 157, 154, 168, 158, 65, 73, 141, 236, 230,
       138, 164, 151, 123, 219, 87, 247, 8, 62, 127, 172, 86, 15, 122,
       158, 7, 139, 84, 125, 127, 148, 238, 172, 45, 86, 252, 191, 186,
       184, 76, 255, 250, 73, 146, 223, 219, 126, 106, 106, 99, 219, 187,
       185, 215, 111, 190, 216, 123, 11, 1, 130, 184, 186, 145, 109, 229,
       184, 70, 190, 95, 84, 51, 172, 158, 102, 11, 175, 59, 247, 145,
       150, 94, 146, 241, 15, 18, 250, 235, 128, 4, 47, 219, 54, 190,
       183, 58, 232, 175, 180, 222, 63, 123, 240, 249, 110, 255, 172, 25,
       255, 255, 255, 21, 190, 223, 203, 243, 186, 82, 93, 254, 193, 93,
       166, 215, 34, 175, 212, 85, 150, 155, 166, 167, 122, 167, 58, 238,
       32, 160, 199, 132, 35, 110, 224, 80, 244, 248, 135, 63, 44, 6,
       117, 243, 205, 252, 219, 141, 0, 164, 213, 155, 252, 105, 168,
