%YAML:1.0
---
descriptors: !!opencv-matrix
   rows: 296
   cols: 32
   dt: u
   data: [ 216, 91, 254, 237, 167, 30, 125, 127, 101, 188, 222, 231, 207,
       47, 163, 67, 110, 245, 175, 224, 204, 216, 245, 136, 246, 235,
       239, 135, 39, 252, 60, 57, 195, 146, 47, 95, 60, 206, 233, 58,
       238, 95, 151, 52, 240, 84, 158, 111, 197, 22, 126, 29, 243, 237,
       255, 117, 205, 58, 250, 208, 4, 0, 213, 117, 153, 14, 79, 255, 22,
       170, 110, 119, 117, 66, 118, 198, 123, 43, 176, 97, 122, 236, 38,
       174, 237, 188, 37, 238, 246, 239, 226, 0, 47, 232, 120, 136, 93,
       163, 107, 225, 84, 10, 105, 28, 33, 229, 254, 195, 91, 13, 218,
       80, 122, 140, 29, 189, 136, 176, 229, 132, 222, 237, 167, 196, 39,
       170, 240, 64, 190, 223, 187, 186, 189, 127, 151, 238, 31, 127,
       189, 187, 78, 239, 111, 157, 223, 211, 143, 115, 122, 103, 122,
       255, 251, 215, 207, 255, 146, 127, 133, 247, 67, 155, 199, 143,
       178, 6, 171, 183, 44, 73, 90, 229, 253, 38, 138, 230, 38, 71, 126,
       205, 215, 152, 167, 111, 36, 54, 170, 192, 12, 134, 161, 93, 13,
       168, 89, 251, 244, 137, 235, 223, 30, 1, 121, 80, 189, 195, 104,
       64, 251, 11, 6, 24, 19, 58, 90, 247, 204, 213, 50, 108, 152, 138,
       129, 168, 90, 107, 26, 202, 29, 144, 18, 64, 238, 12, 155, 98,
       172, 219, 97, 66, 232, 180, 239, 211, 74, 3, 130, 209, 211, 49,
       171, 187, 26, 11, 61, 3, 13, 93, 239, 71, 182, 22, 255, 54, 112,
       238, 94, 230, 249, 47, 147, 107, 55, 246, 181, 239, 225, 208, 37,
       236, 102, 111, 239, 128, 175, 247, 113, 249, 157, 221, 119, 47,
       147, 34, 55, 246, 117, 66, 235, 54, 219, 49, 41, 229, 127, 215,
       46, 171, 249, 183, 125, 238, 240, 238, 86, 6, 255, 243, 160, 34,
       82, 97, 42, 168, 25, 213, 75, 64, 173, 8, 173, 10, 14, 210, 115,
       112, 232, 169, 93, 235, 72, 3, 128, 208, 241, 244, 138, 185, 32,
       3, 39, 38, 61, 72, 107, 46, 12, 110, 194, 88, 69, 204, 245, 11,
       115, 233, 59, 80, 88, 228, 110, 111, 140, 179, 109, 40, 211, 235,
       97, 17, 113, 251, 118, 96, 232, 117, 59, 98, 205, 253, 87, 196,
       225, 78, 173, 24, 58, 157, 73, 186, 200, 146, 200, 90, 75, 39,
       240, 34, 243, 217, 0, 59, 66, 91, 198, 234, 220, 106, 201, 174,
       42, 121, 95, 152, 55, 118, 151, 141, 207, 103, 139, 31, 54, 213,
       237, 239, 108, 84, 237, 42, 210, 193, 109, 181, 38, 247, 15, 113,
       60, 94, 83, 239, 118, 3, 82, 248, 37, 168, 252, 226, 79, 71, 169,
       149, 126, 216, 134, 98, 232, 182, 77, 252, 244, 193, 35, 132, 119,
       187, 38, 161, 97, 225, 125, 107, 245, 159, 127, 189, 125, 0, 247,
       8, 251, 89, 28, 49, 190, 152, 78, 106, 223, 184, 121, 253, 119,
       249, 4, 16, 67, 154, 194, 46, 136, 116, 91, 229, 114, 78, 119,
       184, 48, 74, 118, 100, 215, 23, 9, 81, 54, 29, 85, 106, 97, 148,
       17, 14, 229, 169, 32, 4, 104, 179, 39, 179, 248, 124, 60, 172,
       139, 103, 149, 238, 174, 190, 184, 10, 159, 191, 33, 19, 235, 213,
       255, 225, 104, 75, 81, 28, 249, 195, 111, 61, 80, 120, 39, 19,
       220, 176, 190, 189, 139, 77, 23, 250, 118, 146, 166, 24, 159, 243,
       72, 75, 243, 213, 236, 99, 104, 103, 211, 130, 209, 227, 111, 61,
       50, 113, 39, 35, 43, 108, 96, 207, 125, 15, 239, 252, 93, 224,
       252, 74, 251, 105, 149, 36, 88, 236, 87, 111, 201, 178, 197, 255,
       246, 28, 129, 56, 79, 255, 82, 236, 97, 41, 173, 37, 164, 206,
       109, 55, 236, 233, 106, 13, 182, 53, 16, 50, 132, 38, 125, 13,
       209, 248, 241, 14, 197, 191, 52, 0, 200, 224, 195, 120, 88, 217,
       255, 126, 34, 200, 55, 229, 180, 9, 102, 33, 127, 247, 32, 81, 34,
       251, 125, 194, 64, 217, 2, 109, 241, 231, 118, 137, 96, 50, 167,
       123, 92, 180, 189, 48, 170, 110, 21, 153, 162, 255, 165, 25, 215,
       127, 73, 27, 167, 213, 125, 51, 58, 69, 251, 0, 217, 195, 109,
       117, 224, 113, 135, 115, 170, 181, 96, 1, 221, 219, 196, 103, 103,
       100, 236, 157, 35, 12, 22, 149, 8, 186, 194, 1, 252, 190, 117, 31,
       39, 80, 20, 115, 99, 12, 222, 222, 46, 142, 212, 179, 228, 47,
       232, 130, 63, 55, 179, 157, 143, 40, 86, 155, 207, 199, 102, 21,
       62, 254, 93, 244, 140, 218, 211, 118, 205, 205, 90, 128, 100, 236,
       150, 119, 221, 142, 100, 134, 251, 177, 98, 8, 118, 177, 1, 91,
       129, 110, 104, 24, 16, 248, 138, 36, 207, 190, 85, 81, 128, 121,
       194, 42, 126, 49, 104, 224, 155, 215, 91, 91, 19, 237, 157, 171,
       27, 159, 82, 176, 94, 157, 213, 177, 154, 26, 240, 158, 219, 205,
       169, 253, 183, 134, 254, 115, 23, 15, 83, 204, 159, 83, 206, 104,
       95, 192, 249, 194, 72, 234, 181, 228, 254, 233, 182, 227, 237,
       163, 111, 223, 178, 255, 143, 143, 23, 39, 41, 132, 124, 149, 23,
       110, 185, 246, 87, 191, 165, 79, 239, 124, 83, 119, 44, 244, 213,
       246, 236, 34, 57, 131, 120, 63, 179, 247, 4, 90, 178, 123, 228,
       119, 220, 125, 223, 166, 162, 106, 55, 160, 170, 250, 170, 40,
       223, 55, 193, 83, 35, 245, 108, 114, 97, 201, 169, 40, 248, 193,
       101, 17, 160, 243, 7, 107, 116, 161, 152, 107, 153, 205, 67, 137,
       99, 169, 173, 8, 211, 243, 72, 48, 216, 146, 108, 88, 26, 34, 234,
       49, 249, 221, 33, 125, 209, 11, 198, 34, 190, 30, 106, 222, 71,
       119, 94, 242, 85, 46, 254, 94, 123, 105, 183, 249, 127, 252, 151,
       170, 173, 183, 125, 238, 211, 239, 227, 145, 127, 253, 126, 139,
       184, 76, 14, 125, 5, 47, 71, 250, 85, 38, 230, 24, 115, 65, 51,
       80, 89, 160, 78, 110, 104, 183, 81, 63, 243, 207, 241, 17, 122,
       249, 88, 10, 48, 48, 113, 65, 84, 79, 195, 80, 101, 165, 255, 8,
       83, 5, 148, 52, 120, 156, 6, 40, 9, 178, 113, 12, 23, 156, 1, 64,
       227, 138, 102, 176, 95, 113, 158, 234, 173, 85, 94, 216, 171, 220,
       157, 12, 207, 223, 107, 191, 183, 217, 253, 242, 78, 67, 186, 176,
       187, 217, 79, 191, 186, 247, 174, 87, 66, 189, 156, 151, 169, 237,
       156, 47, 159, 191, 155, 59, 172, 190, 66, 3, 135, 119, 255, 145,
       54, 73, 219, 195, 153, 82, 223, 255, 128, 76, 141, 91, 86, 79,
       255, 119, 162, 2, 31, 150, 164, 134, 130, 225, 229, 39, 161, 91,
       38, 247, 237, 226, 232, 193, 5, 104, 240, 226, 110, 129, 164, 241,
       37, 43, 184, 236, 28, 121, 84, 143, 71, 125, 116, 40, 244, 24,
       243, 81, 34, 17, 88, 136, 71, 106, 104, 254, 81, 61, 231, 203,
       101, 112, 112, 136, 218, 170, 71, 220, 156, 187, 170, 188, 60,
       167, 174, 91, 130, 245, 253, 246, 203, 203, 199, 87, 253, 151,
       119, 73, 203, 97, 168, 179, 127, 210, 136, 81, 169, 25, 223, 255,
       122, 194, 227, 126, 223, 254, 125, 110, 254, 30, 159, 63, 159,
       255, 111, 223, 223, 255, 249, 191, 253, 234, 255, 47, 62, 213,
       231, 245, 175, 121, 212, 52, 191, 119, 138, 106, 85, 184, 120,
       178, 167, 24, 215, 119, 73, 59, 163, 84, 108, 50, 48, 244, 251,
       34, 205, 163, 117, 117, 224, 97, 198, 35, 252, 248, 188, 58, 168,
       89, 85, 141, 194, 191, 164, 57, 199, 249, 75, 27, 137, 211, 236,
       16, 62, 111, 203, 49, 219, 195, 117, 125, 240, 120, 142, 75, 122,
       172, 72, 186, 157, 137, 94, 239, 187, 149, 172, 139, 175, 235, 98,
       80, 235, 171, 221, 133, 30, 11, 194, 191, 250, 213, 159, 59, 182,
       84, 186, 10, 140, 20, 89, 231, 98, 106, 119, 49, 52, 74, 119, 176,
       223, 55, 137, 121, 54, 29, 85, 34, 97, 148, 49, 14, 199, 227, 96,
       132, 42, 242, 39, 243, 173, 120, 57, 202, 205, 253, 84, 212, 199,
       122, 189, 24, 146, 157, 125, 187, 200, 154, 86, 90, 95, 39, 114,
       176, 215, 217, 192, 123, 90, 91, 218, 214, 161, 125, 121, 71, 116,
       207, 227, 176, 116, 228, 246, 8, 179, 29, 149, 48, 90, 252, 70,
       106, 201, 184, 117, 63, 229, 140, 32, 48, 101, 139, 70, 232, 190,
       247, 96, 98, 147, 127, 215, 216, 51, 109, 253, 175, 67, 221, 95,
       188, 125, 218, 213, 247, 223, 178, 124, 178, 59, 77, 133, 247,
       231, 127, 222, 87, 126, 113, 226, 70, 187, 120, 31, 136, 171, 196,
       174, 173, 75, 236, 95, 254, 55, 221, 253, 243, 134, 3, 190, 226,
       122, 125, 5, 191, 231, 247, 238, 87, 191, 255, 108, 115, 177, 221,
