%YAML:1.0
---
descriptors: !!opencv-matrix
   rows: 310
   cols: 32
   dt: u
   data: [ 213, 223, 78, 175, 182, 2, 111, 189, 36, 164, 218, 231, 115,
       107, 155, 65, 126, 228, 29, 239, 232, 145, 29, 45, 240, 170, 239,
       128, 45, 178, 240, 81, 120, 40, 248, 96, 10, 141, 81, 91, 162,
       164, 164, 8, 7, 145, 64, 18, 9, 180, 196, 16, 10, 111, 218, 16,
       219, 197, 53, 125, 96, 0, 70, 34, 116, 160, 221, 112, 168, 200,
       65, 185, 162, 181, 165, 8, 87, 215, 72, 50, 17, 244, 108, 56, 10,
       67, 170, 17, 219, 128, 101, 124, 226, 162, 6, 42, 166, 109, 198,
       190, 221, 123, 222, 236, 27, 166, 249, 27, 78, 104, 63, 137, 249,
       231, 247, 227, 124, 227, 72, 255, 63, 94, 207, 63, 85, 127, 255,
       198, 26, 237, 229, 139, 147, 207, 143, 167, 47, 53, 136, 131, 173,
       103, 16, 132, 35, 227, 89, 221, 26, 8, 93, 255, 233, 20, 143, 112,
       182, 214, 149, 104, 206, 45, 18, 140, 233, 53, 158, 235, 171, 158,
       188, 8, 140, 254, 103, 151, 205, 211, 255, 227, 68, 11, 138, 242,
       63, 88, 207, 191, 18, 103, 43, 135, 33, 157, 184, 249, 252, 141,
       149, 191, 30, 61, 92, 24, 182, 177, 74, 32, 133, 26, 18, 8, 18,
       56, 115, 55, 237, 150, 48, 120, 80, 72, 133, 233, 53, 207, 99, 79,
       244, 91, 238, 253, 84, 224, 250, 226, 115, 100, 189, 228, 122,
       238, 22, 238, 217, 186, 109, 47, 63, 236, 167, 196, 117, 187, 240,
       236, 213, 88, 78, 167, 38, 2, 111, 184, 100, 226, 214, 199, 115,
       99, 155, 67, 118, 228, 61, 239, 205, 212, 221, 40, 240, 171, 239,
       148, 45, 187, 120, 17, 109, 85, 105, 103, 112, 78, 111, 184, 53,
       108, 126, 204, 243, 87, 153, 112, 62, 220, 93, 110, 201, 176, 249,
       47, 231, 173, 36, 128, 104, 187, 70, 121, 240, 172, 191, 250, 217,
       233, 49, 238, 190, 23, 164, 25, 183, 255, 104, 89, 233, 251, 123,
       16, 58, 79, 186, 119, 217, 199, 94, 121, 208, 65, 167, 234, 70,
       73, 178, 218, 239, 240, 190, 196, 207, 92, 84, 3, 140, 222, 111,
       207, 230, 75, 179, 214, 70, 67, 186, 241, 23, 112, 206, 235, 150,
       87, 165, 215, 38, 237, 146, 190, 221, 99, 190, 236, 158, 166, 209,
       27, 236, 238, 106, 1, 249, 251, 131, 227, 36, 103, 74, 255, 189,
       86, 207, 63, 149, 127, 189, 198, 238, 61, 176, 204, 239, 117, 158,
       234, 139, 190, 156, 171, 108, 255, 119, 151, 239, 243, 223, 227,
       196, 67, 186, 248, 63, 88, 207, 191, 23, 127, 63, 255, 30, 133,
       211, 225, 147, 102, 111, 55, 53, 129, 206, 210, 221, 103, 168,
       228, 119, 255, 157, 184, 57, 152, 21, 206, 169, 230, 143, 196,
       174, 214, 165, 48, 149, 205, 79, 103, 54, 90, 238, 252, 68, 224,
       242, 194, 243, 104, 157, 227, 126, 228, 94, 238, 237, 181, 109,
       44, 178, 235, 231, 148, 109, 187, 120, 52, 0, 132, 148, 155, 218,
       137, 44, 175, 62, 51, 72, 176, 181, 226, 72, 64, 115, 27, 42, 144,
       115, 88, 207, 87, 172, 134, 94, 100, 152, 64, 137, 136, 100, 53,
       185, 99, 253, 111, 81, 9, 51, 185, 165, 24, 210, 55, 73, 59, 153,
       158, 85, 56, 59, 114, 249, 2, 207, 219, 21, 117, 194, 99, 86, 162,
       18, 171, 186, 60, 58, 153, 144, 71, 238, 69, 152, 169, 166, 140,
       38, 0, 174, 51, 237, 5, 30, 43, 134, 115, 240, 101, 58, 155, 85,
       4, 175, 95, 252, 89, 63, 102, 45, 79, 87, 176, 229, 184, 167, 8,
       119, 117, 9, 115, 160, 244, 124, 106, 105, 225, 57, 60, 243, 235,
       101, 16, 98, 187, 68, 34, 165, 132, 111, 187, 196, 239, 177, 107,
       92, 87, 81, 23, 208, 108, 62, 73, 249, 11, 51, 39, 182, 244, 127,
       151, 69, 47, 250, 68, 213, 77, 245, 194, 200, 141, 182, 251, 173,
       204, 116, 167, 255, 25, 110, 16, 254, 185, 100, 91, 193, 118, 106,
       88, 114, 120, 219, 177, 239, 251, 86, 75, 210, 88, 192, 10, 243,
       71, 70, 204, 23, 18, 78, 104, 69, 164, 250, 66, 99, 106, 52, 229,
       120, 228, 12, 234, 236, 163, 45, 141, 178, 232, 195, 19, 119, 190,
       120, 4, 11, 140, 130, 185, 145, 182, 184, 39, 62, 75, 75, 21, 172,
       234, 54, 204, 209, 43, 179, 149, 54, 216, 19, 247, 172, 119, 158,
       195, 154, 68, 185, 22, 2, 166, 148, 155, 248, 137, 168, 175, 158,
       19, 88, 241, 172, 166, 104, 192, 207, 27, 107, 17, 50, 88, 75,
       215, 140, 22, 254, 236, 156, 8, 129, 137, 245, 97, 237, 66, 140,
       71, 79, 216, 82, 242, 181, 10, 83, 69, 217, 59, 89, 196, 84, 126,
       233, 103, 253, 56, 249, 136, 229, 60, 117, 251, 86, 224, 164, 253,
       21, 76, 56, 199, 67, 120, 33, 136, 160, 72, 22, 87, 128, 181, 26,
       112, 68, 122, 105, 135, 120, 30, 169, 152, 5, 62, 90, 162, 102,
       177, 32, 141, 25, 153, 149, 205, 80, 143, 94, 17, 104, 16, 178,
       208, 36, 64, 217, 42, 2, 16, 54, 56, 91, 55, 237, 158, 20, 122,
       208, 8, 208, 138, 9, 163, 59, 97, 244, 143, 115, 85, 105, 77, 124,
       76, 191, 129, 144, 52, 180, 14, 70, 124, 147, 184, 160, 77, 239,
       253, 32, 96, 74, 130, 195, 233, 200, 184, 188, 243, 237, 124, 253,
       159, 226, 187, 54, 20, 184, 61, 88, 107, 133, 86, 251, 24, 146,
       108, 251, 225, 79, 251, 116, 69, 202, 216, 213, 59, 252, 160, 252,
       106, 141, 117, 82, 200, 67, 61, 165, 27, 83, 89, 91, 26, 89, 192,
       69, 122, 30, 103, 251, 145, 219, 201, 129, 125, 243, 235, 86, 66,
       7, 241, 27, 162, 242, 143, 175, 117, 174, 57, 59, 106, 212, 223,
       104, 0, 190, 29, 87, 115, 211, 59, 24, 85, 61, 0, 47, 236, 73, 2,
       131, 163, 125, 101, 239, 110, 206, 69, 207, 252, 130, 242, 157,
       138, 83, 253, 251, 35, 61, 196, 89, 239, 201, 99, 190, 56, 123, 9,
       229, 188, 127, 251, 242, 112, 61, 181, 97, 103, 244, 31, 111, 248,
       113, 224, 123, 78, 91, 120, 157, 180, 62, 206, 20, 238, 217, 178,
       125, 63, 173, 205, 37, 36, 111, 187, 242, 180, 252, 239, 194, 238,
       143, 1, 86, 252, 131, 158, 185, 78, 67, 233, 105, 147, 89, 208,
       197, 226, 72, 99, 138, 186, 251, 201, 229, 189, 127, 251, 242, 2,
       108, 76, 189, 229, 188, 110, 87, 186, 97, 162, 238, 8, 215, 115,
       9, 114, 17, 212, 108, 106, 72, 176, 249, 42, 255, 175, 101, 20,
       224, 251, 196, 34, 25, 156, 56, 254, 148, 135, 67, 183, 86, 13,
       206, 68, 243, 115, 32, 112, 81, 50, 12, 24, 186, 137, 121, 63,
       233, 239, 52, 80, 184, 10, 176, 59, 100, 52, 253, 99, 253, 111,
       113, 8, 123, 179, 189, 24, 210, 55, 73, 58, 153, 220, 116, 58, 59,
       114, 249, 2, 207, 223, 5, 119, 194, 99, 70, 162, 120, 157, 62,
       110, 25, 199, 83, 183, 196, 8, 174, 12, 115, 115, 32, 112, 208,
       242, 220, 106, 58, 139, 89, 63, 235, 239, 37, 80, 58, 10, 200, 58,
       1, 166, 57, 249, 252, 173, 161, 191, 30, 61, 24, 120, 182, 49,
       200, 32, 135, 26, 38, 8, 18, 120, 107, 23, 205, 148, 53, 124, 80,
       136, 133, 233, 120, 77, 126, 110, 61, 203, 87, 48, 228, 12, 174,
       8, 115, 115, 34, 113, 64, 246, 236, 106, 104, 169, 72, 61, 227,
       235, 33, 17, 114, 170, 76, 42, 0, 162, 156, 185, 108, 173, 104,
       159, 94, 25, 80, 116, 182, 131, 232, 72, 193, 10, 46, 28, 19, 120,
       67, 145, 140, 144, 50, 104, 152, 136, 145, 153, 166, 205, 158,
       190, 221, 99, 190, 236, 158, 134, 217, 27, 236, 254, 43, 1, 249,
       251, 203, 227, 112, 103, 90, 255, 189, 22, 207, 127, 145, 127,
       189, 138, 85, 72, 202, 167, 36, 10, 111, 184, 96, 226, 222, 199,
       115, 105, 155, 114, 126, 228, 60, 239, 205, 148, 205, 40, 244,
       175, 231, 132, 45, 179, 120, 17, 181, 207, 111, 79, 180, 27, 239,
       253, 84, 224, 251, 226, 115, 64, 189, 225, 126, 236, 30, 110, 233,
       176, 109, 63, 172, 233, 167, 196, 117, 186, 240, 165, 252, 80,
       255, 116, 73, 78, 87, 184, 241, 162, 167, 8, 87, 213, 9, 123, 176,
       244, 108, 106, 105, 103, 186, 10, 243, 235, 69, 28, 98, 179, 70,
       34, 116, 77, 243, 100, 148, 75, 71, 175, 103, 160, 110, 8, 115,
       243, 1, 116, 80, 254, 100, 106, 88, 186, 249, 46, 253, 188, 5, 4,
       226, 250, 198, 42, 73, 189, 21, 81, 243, 237, 53, 135, 107, 121,
       42, 56, 190, 55, 64, 191, 131, 19, 108, 16, 51, 104, 243, 117,
       173, 218, 84, 106, 202, 80, 135, 59, 30, 149, 131, 193, 149, 242,
