%YAML:1.0
---
descriptors: !!opencv-matrix
   rows: 292
   cols: 32
   dt: u
   data: [ 245, 97, 233, 66, 204, 71, 207, 216, 67, 242, 181, 10, 83, 81,
       221, 43, 89, 196, 84, 122, 201, 103, 255, 56, 121, 136, 197, 60,
       117, 251, 118, 224, 116, 162, 249, 114, 200, 77, 81, 216, 162,
       189, 164, 8, 119, 199, 72, 26, 1, 214, 109, 24, 26, 67, 170, 48,
       217, 128, 53, 60, 224, 131, 166, 34, 32, 141, 61, 249, 220, 205,
       93, 174, 30, 51, 44, 24, 182, 55, 8, 48, 193, 91, 83, 8, 98, 40,
       115, 55, 239, 159, 20, 120, 16, 8, 199, 234, 108, 48, 189, 97,
       221, 110, 67, 24, 115, 243, 167, 24, 210, 55, 73, 58, 153, 220,
       121, 58, 59, 242, 249, 2, 207, 223, 129, 116, 194, 99, 70, 162,
       57, 53, 115, 97, 116, 191, 234, 80, 113, 97, 122, 78, 155, 8, 149,
       176, 62, 140, 22, 124, 139, 178, 117, 46, 38, 237, 32, 32, 111,
       131, 82, 180, 252, 221, 63, 102, 188, 207, 71, 180, 229, 184, 174,
       72, 247, 113, 8, 115, 128, 246, 124, 106, 105, 97, 121, 61, 243,
       251, 101, 16, 64, 187, 192, 42, 96, 88, 187, 237, 100, 78, 97, 16,
       103, 45, 111, 8, 215, 151, 0, 120, 80, 212, 110, 8, 73, 188, 243,
       5, 197, 191, 48, 64, 0, 130, 68, 34, 56, 1, 121, 76, 146, 75, 67,
       25, 97, 37, 237, 8, 19, 53, 5, 52, 26, 156, 68, 120, 24, 186, 241,
       8, 243, 237, 32, 49, 243, 139, 198, 162, 216, 168, 151, 122, 203,
       233, 21, 71, 190, 31, 101, 24, 62, 215, 96, 27, 161, 59, 232, 0,
       18, 79, 170, 113, 209, 129, 80, 123, 82, 1, 135, 98, 82, 171, 174,
       24, 42, 144, 184, 103, 170, 21, 152, 161, 164, 174, 22, 2, 175,
       51, 249, 129, 22, 11, 134, 85, 218, 37, 186, 219, 69, 0, 175, 207,
       54, 220, 110, 192, 180, 227, 83, 218, 199, 189, 158, 34, 66, 19,
       161, 68, 89, 144, 143, 184, 58, 131, 41, 222, 251, 150, 163, 215,
       182, 217, 124, 35, 7, 179, 27, 226, 242, 143, 190, 97, 170, 40,
       187, 107, 20, 221, 108, 0, 190, 153, 87, 119, 209, 43, 8, 84, 61,
       12, 47, 254, 73, 2, 131, 163, 18, 207, 75, 207, 146, 131, 111,
       239, 36, 12, 218, 227, 97, 231, 176, 64, 126, 235, 15, 238, 88,
       153, 45, 127, 184, 38, 175, 192, 53, 210, 180, 105, 2, 162, 149,
       187, 252, 169, 168, 143, 158, 49, 80, 249, 164, 166, 72, 8, 207,
       27, 107, 17, 50, 94, 74, 215, 12, 22, 254, 236, 156, 8, 129, 153,
       53, 223, 115, 79, 182, 27, 238, 252, 84, 232, 250, 230, 115, 96,
       189, 228, 126, 238, 22, 238, 217, 184, 109, 191, 46, 236, 167,
       196, 125, 187, 240, 189, 15, 235, 178, 155, 239, 208, 191, 200,
       143, 93, 85, 167, 140, 206, 251, 207, 230, 75, 179, 223, 198, 84,
       170, 241, 198, 81, 206, 239, 150, 151, 173, 213, 26, 197, 87, 225,
       147, 98, 47, 191, 36, 161, 206, 194, 221, 39, 136, 228, 119, 87,
       29, 184, 121, 153, 53, 206, 233, 230, 174, 196, 166, 198, 165, 56,
       205, 201, 182, 251, 237, 220, 124, 183, 255, 27, 102, 16, 254,
       255, 108, 91, 197, 102, 123, 90, 118, 120, 251, 177, 239, 251, 86,
       67, 146, 88, 209, 74, 14, 210, 54, 155, 175, 217, 57, 204, 239,
       93, 21, 49, 204, 210, 235, 207, 166, 25, 175, 82, 6, 69, 58, 241,
       198, 209, 90, 207, 146, 31, 141, 247, 72, 148, 151, 255, 169, 230,
       53, 23, 174, 27, 75, 68, 252, 119, 40, 75, 197, 55, 123, 144, 19,
       201, 83, 65, 205, 182, 126, 128, 152, 66, 165, 59, 216, 249, 179,
       250, 27, 197, 19, 164, 174, 69, 130, 17, 189, 215, 64, 114, 166,
       113, 121, 208, 115, 13, 187, 51, 249, 225, 47, 123, 16, 18, 165,
       123, 252, 237, 236, 110, 143, 87, 198, 252, 195, 186, 189, 74, 83,
       249, 125, 35, 89, 208, 69, 234, 72, 99, 138, 56, 123, 201, 229,
       61, 115, 251, 242, 130, 169, 37, 121, 101, 212, 79, 111, 59, 117,
       166, 126, 8, 211, 39, 149, 48, 91, 204, 86, 40, 233, 184, 241, 14,
       111, 239, 37, 4, 99, 250, 70, 248, 0, 192, 29, 153, 157, 205, 48,
       239, 94, 17, 72, 16, 182, 144, 104, 96, 193, 10, 34, 16, 86, 56,
       83, 183, 141, 150, 20, 107, 16, 8, 213, 142, 143, 248, 191, 255,
       109, 220, 254, 156, 255, 219, 118, 80, 253, 255, 95, 122, 165,
       123, 127, 219, 230, 85, 186, 243, 79, 219, 223, 168, 194, 245,
       101, 234, 9, 163, 59, 97, 116, 141, 115, 87, 105, 77, 124, 76,
       159, 147, 192, 52, 180, 44, 70, 92, 211, 184, 160, 72, 239, 253,
       36, 96, 74, 130, 195, 233, 25, 253, 59, 251, 180, 207, 183, 247,
       126, 72, 124, 64, 181, 213, 32, 32, 181, 123, 22, 89, 195, 184,
       50, 63, 237, 207, 54, 64, 216, 24, 165, 251, 33, 161, 125, 69,
       252, 15, 99, 49, 96, 168, 191, 8, 243, 17, 208, 50, 56, 244, 86,
       120, 217, 184, 249, 12, 111, 136, 37, 116, 73, 138, 210, 168, 239,
       127, 160, 172, 239, 37, 158, 250, 139, 254, 156, 239, 44, 254,
       119, 135, 239, 243, 223, 231, 198, 67, 154, 240, 61, 25, 207, 190,
       29, 127, 59, 219, 79, 48, 253, 177, 42, 61, 185, 16, 111, 119,
       151, 188, 157, 30, 219, 62, 167, 21, 255, 29, 135, 116, 253, 208,
       196, 91, 91, 180, 198, 229, 3, 117, 166, 237, 130, 158, 221, 115,
       190, 236, 159, 162, 185, 27, 232, 234, 111, 133, 249, 235, 202,
       227, 116, 103, 90, 255, 61, 22, 207, 127, 151, 127, 185, 142, 80,
       157, 29, 227, 184, 199, 95, 183, 166, 105, 142, 96, 247, 55, 128,
       96, 71, 86, 93, 248, 91, 137, 121, 61, 235, 167, 175, 208, 48,
       210, 129, 57, 80, 157, 95, 236, 48, 199, 71, 184, 164, 8, 202,
       224, 119, 119, 160, 112, 84, 244, 76, 98, 121, 137, 113, 61, 241,
       231, 163, 144, 56, 170, 36, 49, 159, 177, 146, 241, 181, 178, 22,
       159, 23, 145, 143, 52, 206, 242, 104, 172, 217, 94, 188, 16, 63,
       192, 250, 130, 170, 213, 159, 79, 138, 124, 184, 7, 21, 157, 157,
       225, 180, 111, 79, 151, 6, 169, 142, 64, 215, 55, 128, 96, 211,
       246, 28, 56, 25, 137, 113, 14, 233, 175, 167, 212, 184, 234, 128,
       49, 18, 144, 117, 57, 54, 203, 176, 239, 127, 121, 83, 243, 68,
       120, 188, 65, 179, 13, 55, 33, 183, 248, 13, 213, 14, 62, 123,
       199, 60, 12, 209, 23, 235, 160, 252, 217, 171, 189, 152, 75, 174,
       51, 164, 153, 191, 158, 94, 187, 207, 23, 251, 157, 190, 79, 255,
       209, 223, 123, 219, 121, 150, 132, 139, 108, 11, 172, 2, 187, 87,
       189, 186, 207, 30, 67, 88, 151, 172, 204, 118, 132, 255, 43, 147,
       149, 55, 158, 26, 247, 172, 86, 154, 235, 157, 76, 185, 222, 24,
       158, 26, 191, 18, 161, 59, 247, 22, 7, 76, 183, 189, 199, 34, 64,
       119, 59, 131, 144, 50, 156, 18, 255, 231, 231, 186, 193, 176, 128,
       45, 155, 243, 65, 71, 140, 15, 18, 78, 40, 229, 134, 178, 70, 67,
       10, 53, 87, 104, 228, 108, 226, 108, 231, 85, 204, 177, 170, 194,
       18, 37, 58, 112, 4, 94, 188, 190, 191, 186, 211, 182, 232, 158,
       247, 214, 163, 253, 254, 107, 201, 247, 127, 253, 179, 118, 201,
       139, 191, 251, 231, 255, 255, 180, 112, 13, 67, 174, 255, 130,
       159, 213, 183, 174, 238, 31, 19, 73, 215, 232, 234, 61, 133, 253,
       107, 147, 231, 246, 214, 26, 255, 44, 86, 207, 174, 159, 127, 185,
       150, 2, 160, 157, 187, 236, 169, 168, 143, 30, 49, 49, 249, 157,
       130, 72, 138, 143, 27, 107, 21, 19, 76, 203, 209, 12, 16, 63, 252,
       156, 136, 139, 128, 142, 237, 38, 184, 237, 240, 191, 206, 143,
       94, 28, 3, 172, 206, 115, 207, 235, 75, 155, 215, 70, 67, 186,
       240, 231, 81, 207, 175, 22, 127, 61, 222, 27, 140, 131, 187, 145,
       246, 62, 167, 63, 75, 202, 81, 172, 250, 50, 192, 209, 43, 155,
       149, 63, 136, 73, 247, 169, 247, 158, 195, 152, 68, 185, 14, 11,
       132, 149, 155, 181, 251, 176, 143, 94, 83, 74, 82, 172, 60, 60,
       236, 209, 11, 186, 17, 55, 216, 71, 247, 141, 118, 26, 67, 146,
       76, 153, 14, 200, 189, 25, 88, 233, 249, 21, 199, 235, 27, 172,
       56, 190, 183, 192, 63, 131, 19, 236, 16, 19, 75, 178, 113, 223,
       145, 112, 123, 210, 65, 167, 171, 41, 235, 115, 97, 116, 143, 107,
       119, 105, 73, 124, 76, 159, 129, 148, 52, 178, 44, 70, 92, 195,
       184, 160, 13, 110, 253, 32, 96, 74, 128, 194, 169, 9, 160, 148,
