%YAML:1.0
---
descriptors: !!opencv-matrix
   rows: 365
   cols: 32
   dt: u
   data: [ 53, 77, 127, 110, 20, 198, 199, 240, 84, 192, 255, 2, 115,
       121, 177, 96, 88, 246, 26, 234, 233, 187, 61, 62, 113, 175, 167,
       0, 117, 251, 116, 40, 45, 78, 234, 191, 222, 169, 238, 214, 254,
       194, 254, 199, 249, 105, 151, 43, 105, 234, 110, 207, 231, 245,
       127, 255, 126, 207, 231, 0, 253, 251, 249, 200, 157, 245, 123,
       211, 218, 65, 175, 253, 244, 227, 215, 242, 221, 243, 216, 99,
       127, 203, 127, 234, 241, 255, 237, 231, 252, 139, 239, 232, 37,
       243, 161, 241, 188, 143, 111, 255, 206, 163, 111, 248, 20, 19,
       223, 246, 241, 239, 249, 98, 125, 254, 63, 238, 186, 243, 239,
       163, 118, 237, 175, 196, 183, 251, 240, 240, 23, 77, 71, 157, 148,
       134, 111, 242, 180, 192, 218, 198, 81, 227, 177, 100, 112, 236,
       63, 239, 233, 153, 53, 238, 184, 46, 175, 128, 45, 243, 112, 116,
       116, 89, 105, 103, 20, 78, 111, 184, 101, 236, 246, 10, 243, 85,
       153, 112, 124, 252, 93, 110, 201, 176, 121, 44, 231, 173, 161,
       144, 101, 187, 86, 121, 186, 92, 182, 222, 75, 212, 180, 198, 185,
       22, 228, 3, 44, 254, 37, 93, 233, 251, 131, 193, 102, 239, 50,
       235, 179, 243, 222, 11, 83, 92, 39, 238, 53, 135, 103, 173, 188,
       3, 207, 249, 71, 164, 217, 231, 67, 225, 187, 196, 90, 204, 15,
       239, 200, 163, 109, 31, 248, 108, 165, 148, 119, 190, 112, 225,
       133, 20, 253, 119, 164, 110, 229, 187, 80, 251, 119, 16, 211, 121,
       157, 43, 25, 86, 60, 42, 185, 252, 121, 10, 79, 171, 117, 4, 233,
       248, 208, 32, 57, 7, 98, 173, 116, 35, 235, 121, 86, 236, 251,
       231, 83, 200, 179, 64, 126, 172, 6, 239, 140, 178, 77, 158, 244,
       236, 163, 132, 117, 175, 112, 193, 94, 136, 182, 144, 159, 251,
       184, 194, 175, 183, 134, 18, 204, 254, 103, 111, 163, 117, 235,
       49, 52, 97, 58, 208, 155, 87, 79, 71, 130, 125, 37, 70, 105, 234,
       80, 253, 236, 188, 236, 183, 127, 107, 246, 208, 187, 202, 216,
       233, 123, 239, 62, 141, 167, 252, 199, 179, 142, 255, 255, 136,
       239, 216, 219, 141, 120, 241, 185, 120, 201, 77, 85, 239, 83, 53,
       164, 25, 31, 125, 74, 19, 137, 219, 233, 80, 122, 107, 251, 17,
       251, 207, 85, 125, 240, 24, 198, 106, 191, 124, 233, 68, 219, 87,
       223, 254, 17, 230, 188, 175, 91, 125, 159, 181, 95, 212, 149, 238,
       237, 246, 125, 174, 123, 79, 165, 180, 127, 255, 86, 119, 41, 40,
       232, 173, 228, 179, 237, 214, 119, 197, 125, 167, 185, 235, 211,
       156, 127, 235, 55, 143, 138, 186, 206, 241, 206, 255, 254, 160,
       255, 214, 107, 217, 50, 77, 18, 156, 85, 193, 214, 110, 31, 140,
       248, 11, 46, 218, 37, 4, 248, 185, 134, 65, 72, 171, 2, 255, 177,
       212, 131, 59, 17, 58, 126, 142, 141, 93, 23, 203, 252, 31, 166,
       252, 68, 42, 211, 102, 212, 176, 161, 229, 120, 12, 106, 106, 97,
       179, 83, 243, 52, 134, 35, 0, 26, 123, 169, 165, 141, 193, 88,
       105, 242, 11, 109, 61, 60, 113, 119, 133, 221, 67, 138, 81, 54,
       12, 86, 124, 211, 176, 109, 93, 238, 233, 38, 196, 126, 130, 203,
       209, 253, 241, 28, 120, 137, 157, 84, 253, 171, 28, 173, 13, 127,
       219, 106, 146, 165, 195, 236, 82, 78, 103, 154, 145, 251, 217, 69,
       127, 114, 18, 234, 3, 222, 94, 107, 246, 175, 38, 31, 250, 19,
       142, 148, 182, 109, 239, 225, 73, 127, 247, 189, 234, 104, 71,
       170, 251, 243, 231, 255, 189, 54, 251, 52, 51, 218, 90, 31, 252,
       43, 224, 63, 98, 180, 158, 210, 179, 173, 175, 33, 75, 166, 245,
       237, 194, 104, 205, 2, 232, 209, 227, 106, 131, 32, 113, 37, 91,
       61, 78, 83, 111, 244, 59, 110, 246, 117, 226, 255, 238, 123, 99,
       153, 180, 63, 234, 6, 46, 249, 182, 109, 174, 246, 207, 36, 128,
       239, 250, 202, 169, 196, 115, 121, 229, 36, 14, 111, 56, 40, 170,
       83, 236, 215, 23, 137, 35, 54, 92, 127, 110, 193, 240, 217, 8,
       228, 169, 111, 132, 44, 179, 3, 177, 208, 157, 31, 246, 176, 238,
       87, 55, 236, 203, 170, 16, 246, 181, 32, 115, 129, 55, 120, 40,
       121, 233, 16, 47, 233, 255, 86, 80, 72, 64, 197, 58, 120, 49, 62,
       248, 41, 205, 80, 67, 171, 29, 164, 9, 47, 159, 65, 27, 128, 177,
       237, 16, 10, 99, 146, 145, 211, 209, 16, 59, 114, 0, 6, 3, 76, 58,
       254, 245, 168, 44, 121, 146, 173, 143, 254, 197, 159, 175, 3, 90,
       231, 247, 127, 132, 152, 201, 211, 192, 215, 255, 122, 144, 172,
       241, 43, 19, 217, 220, 13, 189, 12, 222, 124, 190, 182, 122, 194,
       87, 247, 126, 19, 99, 229, 231, 127, 133, 237, 222, 211, 255, 215,
       251, 251, 16, 56, 152, 56, 90, 58, 48, 240, 6, 91, 93, 145, 72,
       67, 229, 165, 31, 106, 220, 78, 180, 153, 152, 194, 33, 159, 103,
       254, 149, 31, 85, 17, 123, 243, 15, 206, 214, 51, 77, 99, 15, 212,
       150, 78, 253, 101, 224, 206, 198, 113, 102, 179, 244, 124, 238,
       30, 238, 205, 146, 125, 191, 183, 108, 143, 4, 63, 246, 120, 92,
       171, 157, 99, 27, 215, 247, 170, 239, 95, 73, 120, 118, 40, 156,
       180, 165, 255, 11, 146, 149, 183, 186, 60, 255, 47, 92, 158, 226,
       223, 12, 241, 253, 146, 239, 110, 189, 26, 144, 29, 231, 183, 69,
       198, 183, 169, 142, 54, 65, 230, 35, 157, 133, 238, 13, 39, 255,
       226, 225, 190, 139, 53, 84, 189, 95, 2, 168, 151, 152, 235, 233,
       176, 71, 174, 21, 72, 51, 172, 150, 96, 74, 231, 59, 235, 16, 18,
       73, 130, 241, 157, 20, 26, 107, 144, 64, 165, 139, 98, 137, 18,
       216, 253, 173, 112, 103, 203, 9, 248, 25, 174, 153, 36, 208, 200,
       171, 74, 1, 22, 43, 82, 215, 31, 188, 146, 123, 82, 12, 222, 142,
       164, 63, 83, 131, 206, 73, 167, 225, 60, 162, 248, 234, 180, 117,
       9, 0, 127, 251, 75, 227, 97, 183, 201, 110, 61, 36, 46, 32, 65,
       122, 231, 177, 60, 77, 114, 252, 85, 199, 222, 226, 87, 8, 248, 3,
       107, 217, 49, 192, 248, 249, 134, 227, 78, 186, 16, 191, 243, 237,
       131, 9, 115, 190, 124, 130, 34, 173, 2, 220, 93, 137, 244, 103,
       159, 13, 248, 11, 170, 152, 36, 208, 200, 171, 199, 129, 94, 59,
       194, 223, 53, 52, 154, 59, 81, 8, 254, 142, 60, 87, 122, 106, 84,
       31, 91, 120, 85, 172, 253, 15, 83, 13, 57, 48, 124, 156, 134, 234,
       200, 178, 125, 30, 115, 205, 33, 5, 119, 187, 102, 226, 222, 71,
       236, 166, 143, 107, 151, 204, 159, 182, 191, 139, 75, 252, 127,
       75, 255, 197, 237, 114, 44, 99, 143, 138, 250, 219, 71, 63, 247,
       127, 237, 71, 56, 248, 58, 113, 49, 205, 113, 246, 51, 185, 60, 8,
       63, 151, 66, 16, 165, 154, 197, 72, 66, 88, 16, 55, 251, 223, 52,
       49, 106, 145, 78, 187, 79, 188, 184, 114, 237, 252, 159, 216, 235,
       223, 29, 61, 140, 252, 95, 190, 135, 91, 253, 19, 151, 99, 186,
       226, 203, 93, 31, 255, 202, 119, 143, 215, 186, 76, 230, 223, 29,
       83, 199, 108, 87, 255, 246, 58, 98, 249, 54, 175, 217, 236, 243,
       225, 172, 231, 111, 189, 59, 107, 213, 23, 103, 44, 116, 238, 7,
       94, 127, 219, 174, 211, 191, 248, 220, 94, 87, 230, 217, 76, 191,
       105, 215, 49, 158, 115, 231, 129, 47, 252, 100, 27, 171, 214, 28,
       159, 21, 85, 11, 174, 98, 187, 247, 183, 250, 87, 31, 13, 93, 183,
       40, 200, 62, 132, 255, 171, 151, 149, 182, 152, 68, 247, 78, 95,
       154, 227, 159, 204, 249, 207, 255, 245, 233, 102, 221, 87, 95,
       252, 83, 226, 148, 10, 91, 125, 95, 52, 93, 216, 213, 239, 233,
       70, 120, 190, 123, 223, 197, 188, 191, 247, 210, 242, 124, 248,
       61, 184, 45, 205, 81, 233, 143, 125, 165, 25, 174, 221, 66, 27,
       201, 145, 237, 17, 26, 107, 250, 181, 219, 211, 81, 127, 210, 12,
       198, 114, 248, 160, 158, 248, 41, 237, 80, 67, 187, 57, 160, 24,
       174, 155, 68, 26, 137, 177, 238, 16, 26, 111, 210, 145, 155, 219,
       80, 123, 208, 8, 78, 34, 46, 61, 179, 88, 217, 228, 177, 67, 255,
       197, 237, 8, 60, 255, 101, 62, 233, 191, 251, 144, 19, 235, 178,
       208, 29, 244, 31, 107, 195, 108, 102, 254, 246, 250, 130, 184,
       203, 128, 188, 197, 191, 208, 192, 255, 12, 202, 102, 202, 236,
