%YAML:1.0
---
descriptors: !!opencv-matrix
   rows: 189
   cols: 32
   dt: u
   data: [ 212, 172, 132, 147, 149, 160, 38, 134, 122, 179, 203, 18, 228,
       226, 73, 78, 233, 207, 42, 211, 62, 92, 155, 227, 189, 38, 223,
       71, 128, 83, 177, 14, 124, 245, 185, 110, 169, 79, 87, 248, 51,
       234, 185, 9, 223, 127, 73, 80, 157, 221, 221, 98, 73, 99, 219, 27,
       251, 223, 37, 63, 114, 251, 198, 51, 198, 236, 176, 254, 126, 160,
       170, 140, 155, 178, 17, 26, 236, 234, 93, 74, 147, 111, 121, 211,
       34, 68, 142, 243, 140, 22, 207, 172, 132, 115, 17, 0, 162, 133,
       214, 254, 253, 171, 156, 237, 223, 3, 121, 25, 238, 249, 44, 205,
       215, 123, 111, 32, 54, 111, 10, 223, 170, 254, 87, 59, 214, 222,
       137, 143, 2, 161, 28, 155, 221, 205, 160, 239, 30, 53, 17, 27,
       140, 130, 72, 64, 187, 11, 106, 16, 82, 88, 91, 215, 13, 20, 159,
       103, 144, 8, 133, 130, 246, 197, 247, 254, 254, 3, 158, 232, 91,
       160, 153, 202, 124, 126, 60, 17, 63, 253, 53, 231, 232, 195, 13,
       223, 184, 62, 207, 150, 61, 227, 163, 1, 134, 141, 180, 87, 225,
       122, 181, 167, 254, 183, 78, 176, 204, 60, 74, 239, 135, 87, 226,
       17, 54, 220, 43, 226, 44, 54, 94, 71, 134, 84, 133, 239, 190, 52,
       182, 184, 233, 47, 152, 202, 159, 234, 240, 185, 78, 191, 101, 31,
       223, 223, 247, 53, 188, 215, 202, 202, 155, 94, 93, 254, 210, 253,
       34, 215, 134, 22, 182, 213, 203, 46, 180, 135, 254, 183, 66, 17,
       204, 42, 76, 203, 165, 87, 162, 144, 48, 252, 19, 194, 13, 50, 94,
       71, 192, 116, 133, 166, 136, 180, 183, 241, 235, 173, 177, 87, 62,
       63, 117, 56, 156, 151, 64, 143, 167, 59, 243, 9, 50, 124, 178, 17,
       69, 195, 122, 232, 194, 68, 135, 233, 220, 64, 202, 167, 14, 74,
       111, 8, 32, 134, 195, 130, 215, 99, 27, 91, 114, 197, 108, 239,
       72, 215, 221, 8, 209, 227, 238, 25, 36, 243, 47, 96, 87, 93, 255,
       229, 182, 14, 127, 244, 189, 200, 126, 66, 125, 127, 53, 118, 246,
       119, 63, 234, 225, 153, 49, 236, 119, 255, 79, 128, 38, 242, 225,
       185, 9, 221, 57, 127, 61, 143, 86, 182, 94, 8, 120, 68, 255, 113,
       33, 224, 149, 122, 30, 74, 131, 168, 91, 63, 231, 255, 36, 16, 90,
       155, 65, 43, 34, 239, 17, 154, 221, 193, 182, 239, 158, 5, 72, 11,
       164, 203, 108, 0, 235, 59, 3, 17, 82, 11, 18, 245, 189, 20, 158,
       107, 16, 8, 133, 138, 0, 237, 17, 155, 155, 201, 36, 239, 190, 1,
       72, 64, 164, 146, 96, 192, 160, 59, 74, 0, 83, 24, 210, 117, 173,
       164, 30, 106, 16, 0, 129, 138, 192, 152, 28, 255, 41, 205, 20,
       191, 143, 89, 164, 28, 190, 183, 0, 94, 133, 51, 232, 0, 3, 8, 83,
       55, 131, 215, 80, 59, 26, 8, 13, 59, 149, 103, 204, 103, 48, 11,
       111, 184, 118, 170, 95, 228, 243, 97, 153, 112, 54, 76, 44, 110,
       233, 208, 237, 30, 110, 238, 101, 132, 110, 179, 64, 1, 117, 240,
       139, 36, 29, 15, 199, 253, 118, 168, 163, 76, 82, 177, 112, 2,
       153, 68, 106, 127, 249, 127, 153, 24, 249, 159, 5, 116, 72, 42,
       210, 50, 246, 64, 214, 140, 77, 78, 214, 72, 169, 166, 243, 11,
       74, 186, 47, 219, 249, 213, 239, 227, 108, 103, 219, 202, 145, 58,
       195, 31, 1, 127, 126, 6, 245, 133, 209, 38, 154, 103, 79, 249, 18,
       226, 185, 202, 115, 101, 233, 178, 31, 214, 84, 110, 121, 103, 44,
       62, 185, 206, 101, 60, 245, 251, 194, 112, 67, 114, 189, 85, 42,
       30, 189, 16, 168, 222, 54, 229, 220, 39, 135, 123, 134, 85, 253,
       132, 129, 197, 179, 64, 71, 59, 122, 128, 200, 240, 11, 89, 180,
       231, 197, 158, 220, 3, 198, 168, 83, 179, 177, 238, 195, 104, 221,
       155, 89, 206, 36, 115, 107, 98, 207, 191, 184, 150, 229, 124, 221,
       123, 82, 128, 132, 223, 156, 247, 176, 166, 158, 190, 26, 147, 9,
       85, 244, 115, 73, 11, 149, 115, 49, 210, 114, 92, 26, 111, 105,
       150, 221, 70, 136, 115, 129, 43, 134, 221, 157, 183, 210, 230,
       150, 174, 26, 147, 9, 147, 116, 126, 73, 11, 151, 115, 49, 83,
       119, 220, 26, 175, 105, 6, 93, 70, 140, 115, 145, 26, 101, 49,
       155, 230, 44, 15, 67, 120, 109, 232, 253, 72, 222, 210, 137, 116,
       148, 125, 124, 106, 201, 163, 123, 8, 153, 156, 35, 60, 64, 163,
       67, 37, 2, 130, 140, 155, 232, 137, 169, 143, 30, 17, 80, 245,
       173, 130, 200, 204, 79, 11, 42, 156, 19, 88, 199, 245, 12, 150,
       190, 232, 156, 136, 137, 152, 198, 141, 172, 22, 149, 226, 135,
       174, 218, 147, 13, 24, 228, 112, 121, 39, 145, 114, 49, 115, 122,
       70, 154, 63, 233, 22, 205, 127, 128, 115, 149, 38, 134, 205, 165,
       55, 147, 226, 142, 172, 26, 211, 9, 17, 244, 124, 93, 43, 145,
       115, 49, 211, 114, 216, 14, 63, 41, 6, 221, 196, 133, 115, 149,
       106, 117, 96, 201, 107, 142, 35, 74, 216, 71, 176, 181, 234, 83,
       73, 221, 58, 127, 220, 125, 254, 139, 103, 207, 176, 250, 205,
       165, 252, 253, 251, 122, 32, 134, 141, 156, 87, 225, 172, 188,
       167, 186, 191, 70, 17, 236, 111, 78, 75, 133, 119, 161, 150, 54,
       216, 155, 99, 111, 30, 95, 67, 136, 113, 141, 155, 213, 216, 29,
       116, 40, 78, 69, 188, 224, 242, 166, 28, 215, 115, 0, 123, 33,
       196, 124, 106, 233, 101, 187, 41, 241, 171, 117, 20, 104, 176, 66,
       56, 66, 188, 146, 154, 187, 253, 176, 71, 191, 21, 136, 25, 172,
       214, 102, 220, 227, 51, 235, 17, 22, 79, 146, 243, 157, 20, 26,
       123, 144, 68, 173, 78, 57, 18, 24, 100, 48, 15, 88, 89, 105, 168,
       242, 92, 223, 11, 136, 48, 148, 133, 92, 44, 152, 178, 81, 14,
       211, 253, 33, 148, 74, 160, 11, 1, 190, 160, 228, 90, 173, 217,
       85, 207, 207, 119, 37, 157, 138, 204, 126, 175, 195, 10, 173, 16,
       222, 111, 126, 209, 203, 89, 85, 127, 246, 204, 220, 86, 217, 223,
       44, 36, 227, 84, 53, 183, 165, 78, 150, 247, 219, 55, 130, 247,
       100, 150, 255, 44, 253, 143, 113, 174, 247, 107, 118, 147, 42,
       212, 172, 127, 124, 107, 200, 167, 148, 11, 70, 200, 68, 164, 171,
       138, 67, 97, 219, 82, 120, 204, 108, 254, 88, 243, 205, 40, 252,
       197, 165, 53, 229, 251, 220, 0, 1, 164, 149, 179, 252, 233, 169,
       143, 30, 51, 17, 152, 157, 163, 200, 42, 131, 11, 106, 24, 51, 88,
       75, 211, 204, 151, 127, 124, 156, 200, 129, 160, 27, 91, 123, 229,
       114, 214, 63, 112, 45, 200, 94, 230, 125, 159, 162, 112, 54, 61,
       151, 230, 193, 145, 53, 205, 247, 237, 42, 130, 46, 178, 37, 121,
       52, 111, 134, 36, 141, 191, 70, 224, 224, 166, 234, 77, 227, 224,
       19, 155, 72, 228, 232, 102, 76, 243, 204, 40, 176, 199, 69, 49,
       73, 127, 90, 132, 120, 157, 61, 110, 153, 238, 83, 183, 197, 13,
       174, 0, 242, 119, 32, 116, 193, 50, 93, 40, 58, 139, 113, 63, 235,
       255, 0, 82, 146, 74, 228, 107, 208, 172, 150, 179, 172, 169, 225,
       7, 190, 55, 179, 25, 183, 226, 66, 27, 235, 167, 111, 1, 42, 109,
       203, 51, 220, 210, 126, 120, 192, 72, 131, 170, 213, 76, 31, 127,
       0, 174, 99, 48, 180, 130, 227, 80, 247, 67, 161, 81, 112, 100,
       104, 110, 105, 197, 43, 47, 192, 166, 99, 0, 32, 243, 32, 40, 242,
       75, 103, 172, 12, 66, 70, 237, 197, 172, 178, 35, 98, 106, 37, 83,
       248, 245, 236, 227, 104, 163, 1, 172, 177, 226, 207, 19, 49, 58,
       116, 14, 5, 164, 157, 241, 236, 169, 185, 27, 238, 51, 49, 88,
       156, 233, 216, 42, 163, 11, 110, 29, 51, 124, 203, 211, 204, 158,
       127, 244, 220, 200, 195, 161, 125, 117, 24, 109, 189, 15, 86, 184,
       111, 168, 188, 76, 223, 115, 9, 176, 220, 220, 76, 106, 201, 98,
       89, 62, 247, 223, 37, 60, 74, 59, 74, 35, 196, 172, 132, 151, 221,
       168, 162, 136, 190, 146, 10, 18, 228, 226, 73, 207, 113, 110, 106,
       146, 34, 84, 218, 255, 45, 6, 207, 110, 128, 115, 49, 134, 64,
       152, 152, 254, 57, 205, 18, 183, 143, 75, 40, 12, 190, 247, 64,
       112, 133, 59, 252, 0, 67, 8, 218, 51, 167, 215, 16, 58, 24, 8, 11,
       27, 6, 165, 16, 131, 221, 109, 184, 73, 46, 53, 185, 27, 204, 90,
       72, 8, 187, 27, 203, 177, 18, 115, 91, 214, 157, 20, 159, 127,
       148, 10, 133, 130, 125, 71, 192, 69, 52, 14, 78, 184, 112, 234,
