%YAML:1.0
---
descriptors: !!opencv-matrix
   rows: 308
   cols: 32
   dt: u
   data: [ 161, 169, 27, 115, 244, 237, 113, 51, 121, 1, 102, 24, 182,
       147, 0, 57, 128, 58, 18, 8, 83, 248, 16, 109, 71, 153, 80, 64, 72,
       128, 75, 170, 194, 56, 150, 222, 73, 252, 48, 66, 187, 158, 134,
       24, 172, 182, 37, 255, 224, 119, 235, 16, 32, 79, 178, 232, 151,
       243, 90, 27, 130, 117, 47, 190, 205, 122, 47, 17, 161, 253, 49,
       146, 175, 127, 95, 189, 159, 151, 195, 127, 5, 60, 252, 30, 151,
       84, 191, 176, 199, 121, 97, 247, 138, 245, 141, 119, 140, 246,
       126, 113, 242, 14, 125, 113, 57, 142, 119, 53, 95, 87, 10, 25,
       183, 28, 71, 40, 240, 244, 57, 78, 231, 235, 100, 196, 98, 224,
       231, 243, 141, 224, 184, 123, 108, 141, 113, 80, 239, 29, 117, 24,
       158, 219, 238, 63, 142, 41, 70, 94, 146, 100, 234, 241, 196, 217,
       114, 106, 210, 137, 67, 161, 45, 54, 170, 25, 241, 249, 177, 95,
       86, 207, 124, 183, 169, 236, 227, 172, 93, 58, 130, 21, 183, 190,
       118, 146, 78, 71, 62, 235, 223, 204, 189, 245, 190, 206, 162, 190,
       253, 241, 158, 239, 155, 182, 188, 187, 110, 236, 127, 129, 249,
       227, 143, 167, 124, 103, 106, 255, 251, 87, 207, 191, 151, 127,
       156, 222, 88, 64, 59, 173, 3, 72, 107, 16, 36, 68, 235, 135, 223,
       135, 1, 80, 114, 165, 237, 238, 72, 145, 177, 12, 209, 229, 170,
       1, 34, 163, 37, 114, 221, 81, 127, 102, 42, 70, 95, 56, 224, 202,
       151, 228, 255, 127, 155, 115, 86, 245, 125, 238, 233, 197, 189,
       40, 227, 235, 239, 144, 44, 179, 36, 113, 34, 252, 233, 242, 245,
       252, 219, 134, 27, 235, 189, 27, 126, 253, 94, 40, 153, 223, 181,
       17, 154, 126, 250, 227, 75, 95, 157, 251, 199, 92, 214, 255, 188,
       63, 122, 107, 230, 169, 119, 83, 48, 14, 253, 123, 59, 203, 199,
       24, 126, 186, 135, 42, 40, 182, 104, 91, 119, 205, 35, 41, 115,
       235, 110, 163, 104, 169, 96, 30, 125, 217, 230, 99, 249, 68, 228,
       141, 35, 12, 22, 148, 136, 162, 195, 69, 78, 43, 244, 61, 54, 85,
       16, 17, 71, 140, 94, 222, 183, 52, 189, 244, 237, 111, 213, 90,
       25, 250, 181, 30, 222, 127, 77, 57, 221, 147, 23, 34, 185, 102,
       122, 216, 209, 155, 83, 62, 216, 121, 3, 243, 90, 49, 50, 108, 11,
       208, 26, 56, 164, 0, 142, 169, 253, 215, 128, 112, 54, 181, 253,
       226, 64, 1, 167, 95, 211, 229, 43, 139, 34, 134, 39, 99, 56, 31,
       126, 237, 246, 27, 127, 127, 84, 238, 126, 166, 83, 61, 179, 33,
       126, 222, 151, 234, 236, 179, 37, 30, 118, 207, 167, 133, 61, 248,
       108, 249, 62, 128, 111, 225, 118, 11, 249, 240, 87, 240, 246, 194,
       91, 45, 189, 33, 127, 157, 23, 237, 137, 242, 45, 220, 222, 207,
       231, 196, 247, 170, 112, 161, 207, 152, 60, 112, 41, 183, 90, 184,
       239, 112, 135, 5, 223, 159, 87, 123, 135, 117, 253, 207, 133, 69,
       155, 245, 203, 251, 73, 118, 154, 165, 11, 18, 102, 169, 238, 205,
       204, 41, 239, 201, 175, 173, 254, 10, 146, 227, 223, 86, 106, 214,
       127, 216, 24, 59, 227, 224, 125, 60, 135, 150, 157, 251, 244, 244,
       212, 51, 220, 229, 234, 10, 21, 29, 42, 184, 51, 232, 215, 99, 73,
       18, 182, 213, 109, 97, 80, 112, 201, 2, 252, 225, 109, 244, 232,
       178, 131, 57, 45, 101, 234, 109, 246, 10, 239, 88, 100, 160, 125,
       130, 89, 199, 177, 48, 126, 220, 19, 254, 192, 178, 109, 78, 103,
       141, 165, 4, 103, 251, 114, 160, 185, 239, 110, 251, 214, 155,
       254, 253, 117, 244, 247, 146, 123, 13, 190, 33, 126, 238, 151,
       234, 236, 254, 45, 253, 254, 235, 231, 193, 103, 157, 252, 202,
       57, 0, 86, 232, 23, 166, 216, 64, 213, 193, 222, 130, 89, 219, 52,
       104, 122, 172, 19, 60, 25, 179, 20, 204, 211, 238, 130, 68, 175,
       136, 112, 160, 75, 220, 18, 184, 155, 245, 20, 247, 159, 127, 172,
       29, 174, 191, 35, 93, 207, 187, 219, 16, 102, 15, 82, 243, 251,
       215, 30, 123, 154, 92, 171, 95, 124, 109, 194, 174, 29, 233, 66,
       200, 99, 164, 169, 11, 103, 226, 107, 208, 120, 236, 200, 242, 14,
       35, 216, 175, 185, 229, 133, 61, 225, 123, 110, 2, 62, 181, 144,
       210, 217, 253, 16, 203, 159, 49, 189, 25, 14, 159, 110, 156, 201,
       155, 207, 16, 30, 107, 90, 243, 155, 213, 17, 127, 210, 76, 143,
       6, 95, 62, 239, 247, 46, 126, 251, 154, 123, 247, 254, 182, 221,
       127, 223, 110, 127, 245, 255, 157, 173, 244, 255, 234, 207, 255,
       243, 132, 167, 245, 101, 113, 73, 251, 175, 91, 254, 212, 61, 159,
       238, 93, 206, 228, 249, 247, 218, 226, 103, 118, 251, 220, 147,
       73, 191, 241, 111, 111, 191, 201, 142, 214, 173, 249, 157, 220,
       189, 255, 188, 6, 95, 188, 142, 178, 175, 80, 255, 123, 57, 99,
       135, 87, 125, 106, 233, 197, 123, 189, 235, 251, 79, 20, 152, 243,
       1, 41, 215, 229, 247, 227, 246, 14, 236, 255, 63, 187, 250, 90,
       91, 121, 220, 51, 127, 207, 127, 189, 248, 250, 205, 198, 62, 222,
       255, 196, 165, 218, 241, 169, 56, 93, 83, 238, 95, 199, 87, 125,
       149, 132, 232, 11, 127, 255, 33, 80, 254, 251, 3, 226, 105, 171,
       90, 191, 241, 239, 5, 26, 115, 58, 164, 250, 254, 232, 188, 114,
       155, 249, 17, 204, 219, 245, 164, 25, 106, 253, 111, 62, 137, 251,
       241, 17, 62, 111, 170, 179, 219, 219, 85, 127, 211, 93, 222, 110,
       185, 201, 117, 71, 52, 207, 231, 180, 116, 8, 246, 72, 243, 81,
       157, 52, 24, 244, 110, 106, 201, 176, 125, 63, 101, 239, 37, 16,
       103, 187, 86, 40, 18, 37, 66, 236, 94, 7, 234, 104, 47, 160, 250,
       227, 68, 139, 36, 64, 254, 221, 63, 225, 72, 243, 129, 222, 176,
       164, 139, 134, 37, 42, 49, 128, 247, 127, 48, 202, 237, 29, 222,
       252, 143, 250, 188, 106, 222, 254, 231, 183, 223, 209, 255, 227,
       205, 99, 234, 248, 187, 216, 239, 190, 86, 127, 170, 79, 106, 165,
       185, 186, 253, 221, 209, 111, 155, 29, 181, 25, 174, 220, 46, 145,
       201, 155, 207, 1, 62, 107, 226, 245, 211, 81, 16, 123, 82, 12,
       214, 206, 151, 77, 254, 255, 254, 146, 254, 216, 191, 138, 255,
       227, 253, 255, 253, 123, 255, 125, 127, 127, 224, 195, 175, 250,
       254, 251, 239, 158, 167, 251, 33, 209, 59, 125, 59, 248, 89, 247,
       87, 230, 159, 200, 236, 13, 190, 255, 39, 112, 216, 187, 147, 192,
       13, 171, 114, 255, 243, 253, 155, 58, 90, 126, 42, 218, 125, 71,
       84, 68, 152, 31, 71, 184, 69, 168, 174, 76, 83, 97, 153, 247, 80,
       196, 76, 110, 233, 163, 109, 14, 178, 238, 37, 20, 107, 251, 72,
       36, 242, 184, 229, 86, 89, 253, 144, 198, 155, 127, 180, 191, 42,
       188, 86, 191, 141, 247, 253, 1, 191, 111, 242, 227, 27, 126, 88,
       187, 199, 76, 214, 127, 33, 37, 149, 141, 92, 15, 130, 105, 94,
       160, 232, 74, 212, 120, 52, 96, 88, 125, 122, 33, 129, 251, 201,
       93, 60, 46, 79, 60, 85, 42, 115, 136, 141, 96, 186, 251, 108, 221,
       121, 208, 255, 29, 245, 24, 159, 203, 255, 61, 142, 9, 110, 94,
       131, 101, 250, 241, 199, 217, 82, 120, 210, 155, 199, 225, 62, 80,
       54, 238, 77, 87, 214, 232, 197, 62, 181, 11, 66, 220, 47, 151,
       248, 240, 230, 99, 108, 39, 90, 157, 179, 203, 65, 63, 115, 63,
       126, 214, 250, 238, 190, 190, 137, 245, 92, 238, 191, 30, 164, 25,
       239, 255, 99, 155, 205, 243, 237, 130, 46, 79, 218, 191, 219, 243,
       223, 59, 146, 85, 46, 74, 54, 142, 174, 190, 254, 195, 158, 235,
       154, 190, 180, 171, 117, 239, 43, 11, 251, 243, 239, 163, 108, 75,
       106, 127, 251, 135, 255, 191, 149, 104, 55, 219, 34, 189, 105, 88,
       85, 217, 240, 230, 59, 101, 252, 141, 34, 156, 22, 48, 204, 186,
       211, 1, 223, 186, 116, 181, 87, 80, 16, 243, 103, 12, 94, 222, 56,
       64, 127, 229, 102, 30, 249, 88, 105, 160, 247, 74, 91, 9, 189,
       112, 126, 157, 55, 233, 136, 178, 245, 204, 215, 233, 162, 132,
       103, 170, 114, 160, 2, 252, 58, 186, 117, 173, 176, 103, 191, 45,
       124, 13, 174, 156, 38, 16, 137, 59, 199, 21, 6, 184, 16, 255, 175,
       87, 26, 99, 208, 14, 143, 207, 77, 134, 205, 229, 116, 10, 111,
       184, 118, 170, 118, 230, 211, 97, 145, 65, 127, 204, 46, 174, 233,
