%YAML:1.0
---
descriptors: !!opencv-matrix
   rows: 196
   cols: 32
   dt: u
   data: [ 157, 91, 195, 250, 182, 131, 239, 212, 215, 202, 212, 230,
       113, 203, 241, 104, 126, 232, 23, 222, 235, 183, 46, 234, 178,
       207, 167, 128, 191, 249, 112, 185, 222, 156, 60, 248, 185, 237,
       17, 138, 171, 123, 164, 24, 94, 191, 65, 127, 131, 179, 253, 16,
       59, 79, 250, 245, 155, 211, 91, 127, 146, 65, 7, 51, 250, 144,
       181, 248, 169, 245, 89, 235, 155, 63, 165, 25, 14, 255, 110, 95,
       197, 151, 237, 16, 58, 79, 250, 243, 155, 243, 218, 127, 146, 76,
       134, 118, 43, 221, 99, 15, 85, 223, 162, 226, 95, 64, 92, 6, 168,
       220, 183, 164, 220, 107, 146, 71, 199, 184, 124, 255, 38, 30, 130,
       3, 95, 31, 121, 204, 63, 77, 99, 222, 212, 146, 239, 240, 213,
       194, 223, 198, 113, 252, 181, 228, 120, 236, 23, 239, 233, 179,
       44, 238, 50, 110, 175, 128, 47, 255, 112, 244, 21, 95, 110, 167,
       54, 2, 111, 252, 36, 132, 218, 231, 113, 105, 179, 65, 126, 228,
       31, 239, 236, 145, 13, 109, 240, 43, 175, 128, 45, 179, 112, 89,
       8, 188, 23, 121, 161, 239, 1, 231, 172, 27, 104, 8, 190, 55, 0,
       125, 131, 50, 72, 8, 17, 201, 50, 61, 201, 210, 80, 66, 210, 64,
       135, 171, 181, 207, 103, 71, 116, 26, 239, 248, 116, 224, 243,
       198, 115, 100, 157, 165, 126, 236, 86, 238, 233, 176, 109, 44, 38,
       232, 165, 148, 103, 187, 114, 229, 41, 125, 177, 78, 241, 141, 55,
       190, 123, 232, 104, 76, 190, 241, 5, 52, 148, 106, 82, 78, 195,
       56, 250, 59, 37, 28, 5, 58, 74, 118, 195, 253, 195, 60, 182, 176,
       237, 253, 113, 199, 175, 251, 164, 28, 190, 186, 103, 58, 169,
       179, 251, 17, 19, 111, 178, 242, 217, 220, 95, 122, 202, 76, 131,
       126, 16, 37, 106, 233, 150, 227, 235, 101, 100, 1, 254, 2, 243,
       11, 48, 32, 122, 143, 29, 249, 10, 185, 5, 28, 241, 237, 138, 1,
       229, 194, 229, 130, 50, 111, 3, 158, 84, 135, 230, 101, 189, 0,
       233, 72, 98, 192, 36, 20, 248, 235, 66, 195, 73, 187, 72, 127,
       176, 180, 130, 26, 81, 26, 242, 140, 202, 174, 157, 254, 201, 229,
       60, 199, 190, 31, 196, 17, 236, 231, 96, 75, 197, 123, 235, 144,
       50, 79, 234, 245, 207, 243, 95, 123, 144, 64, 165, 234, 10, 145,
       150, 255, 203, 192, 176, 103, 174, 81, 99, 32, 188, 246, 40, 251,
       166, 59, 171, 128, 19, 217, 19, 245, 141, 178, 90, 75, 128, 0,
       173, 155, 165, 172, 174, 247, 148, 110, 107, 162, 115, 179, 227,
       24, 243, 107, 29, 59, 217, 238, 117, 156, 58, 254, 219, 175, 143,
       255, 215, 64, 193, 249, 242, 32, 13, 56, 191, 243, 235, 191, 185,
       218, 239, 251, 167, 20, 220, 223, 107, 239, 231, 93, 251, 20, 151,
       87, 251, 240, 95, 219, 91, 110, 154, 237, 37, 247, 126, 48, 249,
       242, 239, 253, 217, 218, 139, 255, 181, 126, 158, 254, 79, 186,
       239, 147, 255, 17, 155, 99, 250, 208, 223, 153, 219, 255, 221,
       109, 95, 243, 57, 159, 99, 223, 244, 183, 239, 119, 87, 75, 222,
       70, 121, 233, 180, 100, 127, 170, 23, 137, 251, 186, 44, 255, 126,
       239, 174, 192, 63, 202, 240, 169, 165, 36, 198, 87, 197, 63, 228,
       71, 117, 182, 107, 24, 227, 96, 21, 61, 57, 174, 98, 40, 60, 244,
       117, 14, 39, 254, 85, 0, 195, 248, 202, 132, 201, 213, 83, 101,
       48, 78, 99, 61, 120, 104, 99, 88, 119, 17, 136, 113, 50, 12, 76,
       40, 97, 188, 49, 31, 249, 168, 32, 64, 104, 130, 195, 41, 27, 143,
       107, 223, 246, 178, 239, 119, 117, 75, 254, 246, 121, 235, 182,
       100, 127, 171, 23, 141, 251, 187, 36, 255, 254, 239, 190, 192, 63,
       202, 240, 249, 70, 20, 189, 255, 168, 110, 189, 11, 174, 251, 155,
       112, 220, 190, 64, 107, 135, 87, 127, 17, 19, 205, 251, 112, 201,
       178, 127, 214, 144, 97, 133, 115, 208, 249, 153, 162, 153, 205,
       23, 141, 174, 109, 128, 25, 190, 223, 64, 80, 164, 243, 125, 81,
       91, 15, 250, 115, 249, 149, 47, 122, 16, 18, 135, 123, 255, 253,
       198, 159, 221, 55, 206, 251, 87, 226, 222, 222, 123, 232, 255,
       245, 93, 238, 54, 239, 253, 246, 255, 190, 62, 110, 197, 132, 175,
       254, 248, 92, 5, 241, 27, 227, 242, 143, 173, 117, 174, 57, 27,
       106, 212, 211, 72, 32, 183, 29, 83, 57, 83, 185, 136, 84, 125, 0,
       47, 228, 200, 2, 163, 161, 158, 254, 246, 158, 239, 243, 182, 238,
       159, 247, 95, 179, 108, 252, 239, 203, 183, 127, 235, 211, 118,
       109, 175, 255, 62, 119, 95, 239, 151, 127, 173, 223, 230, 255,
       242, 238, 239, 37, 158, 233, 139, 154, 185, 107, 92, 254, 253,
       162, 159, 115, 223, 99, 240, 39, 138, 251, 56, 92, 111, 190, 213,
       126, 171, 83, 252, 255, 24, 160, 168, 73, 23, 239, 186, 188, 184,
       105, 159, 243, 73, 16, 155, 217, 76, 113, 90, 99, 202, 18, 248,
       197, 39, 253, 224, 112, 135, 3, 50, 239, 106, 90, 95, 217, 214,
       230, 203, 68, 188, 171, 42, 204, 183, 180, 136, 162, 198, 64, 206,
       43, 38, 255, 50, 93, 0, 59, 119, 158, 94, 222, 116, 169, 253, 122,
       168, 237, 95, 216, 163, 29, 164, 8, 23, 247, 64, 26, 13, 242, 77,
       26, 26, 107, 250, 49, 219, 203, 117, 125, 224, 209, 230, 114, 180,
       188, 4, 16, 221, 103, 198, 234, 87, 174, 168, 27, 66, 108, 69,
       133, 25, 206, 194, 35, 104, 103, 89, 30, 57, 66, 213, 63, 115,
       109, 86, 214, 3, 171, 19, 219, 116, 135, 175, 247, 62, 9, 90, 98,
       60, 155, 176, 228, 255, 59, 23, 141, 195, 152, 2, 255, 28, 190,
       186, 128, 28, 0, 177, 169, 14, 177, 153, 195, 181, 213, 186, 205,
       143, 185, 29, 2, 172, 223, 104, 140, 217, 59, 147, 145, 19, 152,
       90, 240, 143, 213, 159, 247, 150, 78, 157, 190, 42, 172, 234, 90,
       213, 241, 235, 199, 87, 5, 124, 10, 56, 249, 118, 36, 121, 186,
       19, 153, 146, 186, 190, 255, 127, 13, 151, 105, 247, 202, 254,
       170, 34, 172, 186, 218, 213, 241, 179, 199, 94, 5, 124, 18, 32,
       248, 118, 36, 217, 122, 131, 24, 50, 186, 42, 247, 127, 30, 151,
       107, 211, 72, 246, 174, 45, 84, 97, 69, 36, 30, 239, 48, 116, 232,
       251, 230, 211, 24, 157, 228, 94, 196, 22, 238, 201, 176, 125, 142,
       36, 238, 161, 132, 111, 187, 80, 181, 124, 116, 121, 96, 60, 79,
       83, 184, 83, 232, 181, 72, 219, 93, 73, 177, 92, 156, 85, 106,
       233, 102, 121, 28, 243, 217, 33, 60, 123, 187, 66, 51, 97, 81,
       123, 101, 116, 78, 111, 48, 53, 104, 126, 108, 243, 85, 145, 112,
       126, 252, 87, 106, 201, 176, 113, 14, 231, 173, 32, 128, 96, 187,
       70, 241, 124, 113, 249, 101, 184, 79, 95, 184, 35, 232, 189, 76,
       83, 119, 65, 50, 93, 220, 125, 122, 201, 82, 249, 26, 251, 205,
       37, 60, 104, 179, 66, 51, 170, 251, 240, 191, 238, 137, 182, 242,
       94, 134, 80, 239, 173, 232, 231, 129, 78, 123, 135, 67, 198, 120,
       78, 249, 100, 1, 127, 170, 93, 255, 29, 153, 254, 247, 182, 238,
       175, 37, 158, 237, 139, 170, 153, 106, 204, 254, 109, 131, 191,
       83, 221, 99, 240, 99, 138, 218, 185, 221, 111, 190, 20, 126, 171,
       131, 47, 188, 230, 157, 221, 151, 206, 248, 215, 251, 212, 79,
       104, 232, 63, 247, 221, 236, 114, 189, 175, 242, 223, 223, 46,
       127, 197, 124, 159, 172, 90, 212, 169, 61, 121, 69, 244, 79, 103,
       63, 113, 238, 126, 72, 243, 53, 149, 49, 24, 254, 22, 42, 233,
       248, 113, 14, 111, 207, 37, 4, 99, 248, 70, 232, 216, 127, 144,
       177, 186, 11, 28, 23, 63, 174, 144, 253, 175, 34, 195, 145, 135,
       63, 204, 16, 236, 92, 193, 90, 252, 209, 127, 180, 8, 240, 139,
       25, 88, 190, 91, 188, 170, 202, 55, 183, 164, 6, 106, 169, 55,
       183, 0, 80, 39, 183, 109, 2, 80, 137, 130, 59, 240, 167, 116, 137,
       32, 240, 166, 107, 202, 145, 158, 138, 27, 192, 176, 73, 174, 17,
       161, 16, 252, 215, 104, 194, 166, 19, 251, 144, 23, 13, 155, 243,
       153, 181, 10, 95, 152, 2, 175, 146, 166, 207, 192, 154, 221, 181,
       142, 239, 23, 19, 217, 215, 224, 234, 61, 197, 93, 203, 131, 247,
       254, 78, 78, 255, 42, 118, 143, 238, 159, 255, 184, 132, 51, 143,
       107, 255, 244, 162, 235, 119, 117, 75, 254, 246, 121, 234, 180,
       96, 127, 171, 23, 141, 187, 187, 36, 255, 254, 174, 186, 192, 61,
