%YAML:1.0
---
descriptors: !!opencv-matrix
   rows: 382
   cols: 32
   dt: u
   data: [ 42, 141, 150, 158, 221, 213, 182, 231, 159, 12, 204, 3, 172,
       250, 39, 196, 201, 59, 171, 3, 70, 43, 90, 255, 183, 118, 158, 11,
       18, 76, 61, 142, 188, 227, 88, 104, 92, 75, 67, 248, 67, 32, 233,
       72, 83, 81, 9, 16, 216, 136, 70, 106, 74, 34, 73, 31, 241, 205,
       129, 61, 113, 187, 82, 130, 124, 117, 249, 229, 0, 79, 118, 152,
       32, 32, 238, 9, 215, 63, 9, 80, 212, 213, 253, 98, 9, 146, 217, 8,
       231, 239, 37, 21, 224, 243, 78, 82, 95, 185, 228, 101, 55, 86,
       121, 57, 103, 248, 87, 162, 217, 127, 159, 102, 54, 93, 189, 253,
       132, 208, 189, 205, 79, 251, 239, 196, 39, 166, 113, 113, 237,
       113, 241, 67, 242, 78, 103, 24, 115, 234, 53, 104, 90, 23, 197,
       52, 30, 252, 84, 122, 193, 118, 249, 106, 111, 156, 37, 172, 99,
       243, 70, 241, 252, 245, 236, 102, 205, 121, 215, 248, 83, 246,
       173, 141, 83, 237, 94, 19, 153, 212, 233, 99, 110, 103, 255, 59,
       123, 65, 69, 125, 247, 255, 214, 114, 188, 93, 82, 174, 245, 111,
       222, 236, 29, 106, 184, 47, 78, 126, 51, 129, 255, 243, 206, 227,
       105, 167, 24, 254, 177, 151, 143, 63, 117, 123, 244, 211, 241, 36,
       157, 165, 28, 110, 83, 58, 116, 235, 194, 26, 119, 115, 24, 115,
       81, 196, 124, 40, 61, 218, 249, 14, 251, 238, 245, 16, 40, 232,
       80, 67, 34, 251, 74, 190, 123, 129, 26, 230, 171, 0, 248, 173, 44,
       206, 39, 144, 238, 235, 199, 199, 70, 11, 2, 253, 54, 20, 138,
       187, 89, 23, 42, 159, 53, 67, 105, 77, 30, 11, 207, 184, 70, 228,
       189, 238, 83, 97, 213, 36, 90, 196, 102, 238, 201, 50, 109, 28,
       116, 140, 161, 180, 119, 187, 82, 96, 225, 167, 237, 69, 20, 11,
       109, 35, 112, 166, 234, 216, 243, 40, 20, 51, 26, 230, 104, 44,
       252, 248, 229, 14, 236, 170, 65, 16, 101, 232, 82, 12, 177, 71,
       77, 69, 86, 27, 230, 112, 84, 32, 114, 202, 83, 8, 144, 161, 122,
       204, 6, 111, 237, 176, 69, 30, 52, 47, 33, 4, 109, 186, 88, 132,
       220, 180, 184, 186, 155, 133, 83, 219, 187, 93, 165, 29, 62, 223,
       74, 16, 181, 155, 221, 144, 58, 79, 250, 115, 219, 209, 31, 127,
       242, 4, 167, 115, 233, 47, 229, 85, 36, 11, 109, 51, 124, 234,
       178, 124, 243, 40, 148, 51, 8, 230, 124, 44, 236, 252, 229, 8,
       196, 42, 245, 144, 76, 232, 210, 9, 33, 54, 189, 85, 32, 62, 229,
       55, 108, 250, 118, 84, 210, 53, 144, 59, 143, 102, 110, 46, 241,
       252, 113, 76, 71, 187, 117, 0, 74, 224, 203, 185, 117, 148, 189,
       183, 140, 110, 87, 190, 208, 223, 164, 21, 215, 125, 91, 43, 217,
       70, 121, 63, 249, 227, 251, 34, 233, 235, 247, 84, 200, 121, 246,
       114, 248, 44, 110, 116, 36, 233, 85, 51, 177, 70, 182, 29, 55,
       237, 18, 19, 11, 164, 253, 13, 40, 111, 242, 43, 211, 235, 112,
       25, 101, 224, 214, 114, 19, 248, 19, 176, 9, 205, 85, 119, 169,
       72, 160, 13, 190, 158, 2, 48, 128, 171, 93, 5, 79, 11, 50, 85,
       177, 216, 30, 58, 8, 20, 131, 95, 24, 157, 35, 169, 150, 194, 47,
       183, 20, 64, 74, 226, 213, 87, 32, 64, 118, 59, 31, 233, 121, 152,
       17, 31, 225, 166, 174, 192, 48, 10, 181, 250, 130, 91, 10, 189,
       18, 128, 185, 102, 188, 5, 74, 167, 172, 135, 35, 64, 102, 43,
       179, 197, 66, 156, 2, 239, 100, 38, 186, 137, 28, 20, 45, 219,
       248, 56, 232, 180, 13, 77, 83, 50, 131, 228, 134, 63, 55, 61, 66,
       19, 136, 246, 253, 3, 109, 111, 210, 34, 219, 193, 229, 57, 45,
       40, 94, 90, 239, 93, 102, 126, 233, 246, 95, 253, 197, 206, 223,
       181, 91, 253, 183, 103, 207, 118, 255, 103, 253, 71, 254, 174,
       123, 251, 229, 143, 22, 255, 244, 247, 239, 83, 249, 236, 172, 19,
       95, 29, 93, 202, 148, 234, 223, 221, 181, 44, 150, 209, 221, 239,
       233, 39, 103, 138, 226, 251, 237, 156, 54, 188, 192, 113, 237,
       126, 164, 117, 164, 47, 237, 150, 82, 250, 58, 92, 211, 49, 209,
       63, 25, 100, 116, 63, 169, 244, 229, 42, 236, 223, 245, 180, 202,
       253, 82, 169, 186, 108, 153, 234, 57, 233, 83, 206, 187, 21, 168,
       25, 143, 223, 109, 24, 201, 185, 205, 16, 10, 7, 234, 147, 211,
       213, 26, 63, 208, 81, 6, 106, 40, 243, 29, 171, 76, 141, 37, 93,
       134, 61, 76, 66, 181, 195, 104, 66, 68, 27, 163, 17, 66, 24, 194,
       17, 197, 129, 62, 32, 16, 26, 133, 171, 124, 249, 48, 172, 57, 15,
       87, 232, 111, 180, 169, 9, 223, 91, 74, 18, 153, 197, 125, 99, 74,
       99, 219, 61, 249, 209, 5, 63, 80, 39, 6, 98, 107, 179, 232, 72,
       113, 245, 89, 27, 67, 205, 124, 173, 24, 220, 246, 180, 159, 185,
       183, 149, 159, 26, 246, 209, 95, 93, 161, 239, 223, 134, 126, 119,
       242, 157, 249, 252, 143, 241, 223, 202, 159, 22, 188, 27, 46, 191,
       61, 83, 239, 211, 191, 193, 106, 43, 50, 243, 179, 249, 218, 59,
       87, 125, 101, 106, 226, 46, 236, 20, 203, 249, 152, 7, 155, 215,
       180, 157, 168, 46, 86, 159, 143, 163, 251, 133, 180, 78, 230, 194,
       31, 91, 216, 187, 199, 204, 206, 94, 236, 134, 220, 237, 244, 10,
       100, 171, 62, 162, 234, 104, 247, 99, 9, 81, 19, 220, 110, 40,
       104, 244, 201, 30, 236, 183, 101, 4, 232, 248, 66, 0, 155, 95,
       230, 132, 215, 22, 188, 119, 173, 232, 222, 231, 9, 170, 183, 198,
       110, 165, 191, 165, 228, 159, 20, 206, 50, 92, 143, 131, 47, 244,
       185, 221, 142, 131, 108, 154, 155, 241, 90, 72, 207, 85, 181, 151,
       8, 206, 126, 77, 237, 129, 171, 149, 30, 35, 62, 245, 27, 88, 139,
       111, 183, 7, 45, 86, 72, 133, 156, 103, 184, 46, 81, 59, 50, 183,
       175, 8, 215, 99, 72, 90, 21, 214, 109, 56, 24, 72, 219, 15, 205,
       167, 117, 85, 160, 226, 134, 34, 217, 232, 81, 251, 58, 140, 107,
       16, 191, 136, 183, 72, 191, 211, 193, 116, 54, 61, 127, 92, 131,
       68, 218, 253, 223, 253, 35, 248, 42, 130, 67, 33, 14, 95, 102,
       154, 207, 182, 191, 98, 173, 196, 218, 135, 40, 206, 55, 197, 238,
       169, 179, 199, 196, 155, 22, 236, 48, 112, 202, 138, 15, 127, 61,
       214, 30, 93, 254, 244, 243, 246, 55, 210, 185, 206, 126, 35, 28,
       191, 39, 241, 230, 255, 151, 65, 177, 155, 48, 232, 243, 251, 110,
       131, 167, 117, 165, 243, 221, 223, 174, 134, 209, 86, 255, 253,
       48, 238, 254, 15, 89, 246, 187, 244, 125, 198, 254, 238, 253, 119,
       185, 238, 127, 103, 239, 133, 235, 119, 173, 119, 221, 255, 170,
       135, 195, 126, 183, 253, 48, 238, 253, 191, 89, 254, 171, 167, 61,
       206, 246, 238, 245, 247, 188, 234, 127, 103, 103, 175, 235, 255,
       175, 247, 34, 237, 17, 152, 221, 137, 132, 239, 159, 49, 168, 89,
       134, 186, 108, 148, 201, 139, 74, 1, 126, 43, 74, 247, 189, 20,
       29, 127, 80, 8, 135, 134, 215, 54, 140, 177, 136, 45, 184, 27,
       186, 251, 131, 95, 204, 238, 91, 139, 165, 7, 249, 149, 183, 69,
       155, 194, 153, 210, 223, 118, 136, 100, 137, 86, 162, 233, 32, 90,
       93, 221, 178, 230, 223, 1, 96, 10, 160, 248, 52, 32, 201, 123,
       147, 65, 38, 58, 122, 255, 63, 28, 18, 107, 81, 13, 95, 142, 88,
       201, 151, 247, 142, 136, 108, 148, 46, 49, 210, 66, 253, 51, 72,
       74, 98, 215, 127, 217, 27, 217, 203, 225, 253, 231, 254, 64, 160,
       146, 161, 42, 199, 56, 142, 181, 173, 52, 188, 146, 188, 219, 146,
       85, 213, 170, 87, 203, 197, 101, 125, 159, 165, 197, 147, 226,
       128, 123, 255, 144, 136, 117, 57, 84, 163, 76, 34, 159, 85, 215,
       186, 98, 157, 64, 64, 131, 172, 220, 55, 97, 248, 107, 147, 199,
       228, 158, 22, 255, 39, 54, 138, 11, 23, 13, 53, 222, 9, 211, 125,
       239, 38, 94, 255, 188, 76, 124, 95, 166, 253, 125, 186, 34, 62,
       87, 183, 239, 193, 48, 47, 253, 230, 239, 111, 132, 126, 190, 21,
       121, 203, 123, 201, 247, 50, 68, 111, 56, 56, 200, 86, 230, 249,
       215, 147, 99, 86, 124, 53, 238, 193, 208, 255, 104, 100, 169, 175,
       136, 44, 179, 81, 249, 218, 92, 122, 180, 103, 180, 63, 98, 173,
       196, 94, 35, 44, 254, 39, 64, 166, 121, 255, 67, 96, 137, 178,
       239, 243, 252, 10, 11, 38, 53, 45, 219, 28, 209, 112, 239, 39, 31,
