%YAML:1.0
---
descriptors: !!opencv-matrix
   rows: 465
   cols: 32
   dt: u
   data: [ 56, 140, 187, 250, 29, 229, 81, 71, 215, 31, 236, 16, 34, 223,
       34, 96, 201, 186, 139, 16, 42, 47, 114, 191, 243, 247, 144, 27,
       146, 72, 244, 106, 244, 239, 140, 182, 156, 73, 86, 206, 178, 191,
       132, 185, 71, 224, 74, 19, 161, 198, 237, 65, 62, 75, 207, 35,
       250, 195, 53, 123, 160, 120, 158, 74, 3, 158, 114, 27, 54, 151,
       170, 112, 126, 77, 87, 246, 104, 200, 190, 228, 255, 41, 150, 189,
       167, 180, 45, 223, 4, 30, 43, 198, 93, 12, 121, 213, 61, 36, 170,
       252, 93, 247, 201, 74, 149, 0, 220, 2, 57, 249, 51, 236, 120, 168,
       19, 188, 10, 163, 50, 156, 211, 205, 131, 9, 243, 111, 120, 226,
       39, 120, 226, 159, 69, 244, 187, 64, 31, 194, 85, 135, 168, 220,
       119, 172, 220, 105, 147, 151, 132, 182, 254, 234, 5, 28, 138, 139,
       135, 127, 63, 246, 215, 239, 140, 152, 170, 48, 14, 204, 186, 255,
       136, 247, 197, 238, 219, 203, 85, 71, 237, 247, 190, 65, 143, 242,
       186, 99, 207, 255, 156, 247, 185, 84, 23, 182, 236, 23, 138, 53,
       188, 232, 190, 254, 151, 183, 100, 236, 223, 11, 183, 103, 249,
       167, 164, 69, 175, 107, 8, 7, 255, 151, 173, 117, 155, 85, 83, 4,
       18, 172, 18, 162, 10, 98, 164, 1, 203, 193, 93, 226, 32, 208, 250,
       189, 8, 161, 28, 155, 16, 78, 184, 228, 138, 68, 136, 2, 43, 0,
       22, 235, 235, 154, 242, 193, 191, 199, 150, 5, 200, 163, 45, 207,
       224, 64, 127, 251, 131, 208, 18, 11, 14, 243, 124, 4, 158, 235,
       181, 146, 165, 250, 148, 125, 175, 251, 156, 47, 95, 149, 116,
       219, 131, 17, 215, 220, 89, 107, 205, 223, 93, 83, 255, 231, 123,
       34, 225, 193, 174, 16, 224, 91, 180, 114, 55, 31, 236, 191, 202,
       19, 156, 184, 150, 246, 150, 175, 65, 108, 151, 11, 79, 199, 255,
       231, 236, 225, 127, 40, 106, 3, 237, 149, 253, 244, 28, 95, 7,
       251, 138, 131, 84, 149, 250, 216, 30, 200, 92, 71, 164, 200, 127,
       0, 220, 105, 19, 221, 135, 18, 94, 219, 14, 29, 143, 238, 157,
       174, 56, 213, 181, 180, 171, 183, 156, 100, 223, 242, 112, 215,
       172, 21, 211, 125, 91, 43, 221, 219, 93, 183, 253, 227, 248, 34,
       235, 195, 239, 117, 192, 123, 246, 242, 168, 165, 97, 43, 124,
       201, 171, 101, 206, 97, 185, 153, 185, 205, 92, 144, 138, 187,
       219, 85, 51, 58, 92, 63, 125, 21, 32, 120, 69, 14, 215, 250, 238,
       88, 117, 119, 111, 121, 180, 179, 137, 250, 53, 184, 142, 61, 213,
       175, 135, 53, 253, 3, 225, 100, 235, 144, 71, 219, 113, 191, 86,
       252, 71, 127, 128, 220, 187, 91, 244, 174, 247, 247, 124, 11, 124,
       80, 116, 115, 173, 105, 181, 122, 2, 8, 240, 188, 24, 127, 111,
       190, 118, 0, 217, 240, 225, 171, 103, 106, 132, 5, 136, 30, 68,
       154, 243, 182, 134, 205, 130, 32, 211, 158, 77, 196, 232, 109,
       141, 76, 199, 32, 140, 48, 197, 54, 202, 253, 26, 148, 79, 239,
       132, 23, 173, 59, 142, 172, 242, 246, 152, 237, 235, 104, 215,
       175, 25, 198, 252, 239, 173, 65, 239, 186, 44, 94, 239, 180, 142,
       247, 218, 84, 56, 121, 104, 101, 200, 75, 95, 181, 34, 164, 172,
       137, 59, 55, 66, 16, 78, 214, 213, 232, 72, 90, 120, 58, 255, 205,
       165, 177, 35, 178, 206, 250, 67, 163, 140, 21, 184, 58, 224, 131,
       231, 241, 138, 239, 195, 40, 222, 203, 193, 198, 236, 21, 157,
       201, 207, 0, 156, 122, 223, 214, 204, 238, 216, 21, 60, 110, 225,
       37, 150, 47, 99, 218, 118, 237, 122, 79, 23, 45, 17, 16, 59, 204,
       7, 127, 138, 186, 65, 46, 249, 207, 37, 68, 229, 251, 86, 225, 89,
       227, 140, 165, 140, 153, 68, 141, 234, 185, 146, 237, 231, 232,
       214, 218, 32, 196, 236, 213, 158, 73, 207, 36, 174, 5, 229, 241,
       172, 22, 154, 13, 83, 57, 187, 164, 21, 79, 115, 112, 57, 232, 2,
       13, 190, 22, 18, 48, 180, 5, 93, 79, 129, 154, 49, 72, 229, 24,
       11, 50, 8, 2, 19, 115, 96, 164, 234, 41, 52, 232, 121, 55, 49, 69,
       236, 157, 147, 37, 18, 16, 3, 174, 85, 28, 26, 200, 176, 6, 207,
       175, 52, 65, 228, 192, 214, 242, 65, 88, 149, 149, 109, 140, 36,
       39, 238, 232, 2, 76, 188, 178, 65, 247, 128, 39, 106, 12, 69, 120,
       208, 72, 165, 186, 86, 2, 8, 0, 3, 12, 154, 141, 46, 179, 183,
       149, 253, 103, 221, 196, 222, 131, 172, 188, 54, 161, 238, 187,
       155, 213, 182, 184, 54, 255, 255, 95, 158, 195, 23, 12, 189, 206,
       92, 33, 202, 160, 212, 54, 120, 83, 51, 197, 223, 19, 29, 175,
       123, 90, 117, 207, 21, 181, 28, 211, 144, 194, 219, 229, 190, 197,
       164, 225, 185, 82, 58, 141, 38, 254, 31, 245, 94, 230, 151, 5,
       204, 2, 40, 231, 39, 96, 201, 234, 11, 192, 42, 171, 114, 255,
       243, 239, 154, 9, 51, 12, 116, 234, 87, 135, 207, 225, 134, 34,
       237, 251, 228, 179, 218, 230, 81, 99, 249, 106, 123, 198, 62, 189,
       153, 209, 141, 192, 248, 174, 239, 132, 173, 250, 240, 32, 10, 16,
       174, 209, 229, 246, 184, 71, 53, 15, 87, 19, 200, 159, 42, 205,
       241, 63, 179, 145, 18, 208, 33, 196, 7, 118, 218, 199, 134, 85,
       173, 243, 14, 185, 166, 147, 199, 80, 188, 207, 62, 127, 87, 147,
       140, 190, 126, 77, 239, 75, 179, 211, 214, 216, 47, 224, 95, 91,
       222, 199, 151, 85, 189, 202, 16, 205, 62, 238, 23, 135, 191, 230,
       86, 0, 72, 130, 117, 249, 48, 64, 104, 115, 19, 195, 67, 185, 29,
       191, 249, 167, 142, 64, 61, 155, 177, 152, 101, 19, 236, 239, 236,
       111, 95, 153, 91, 123, 253, 92, 211, 108, 31, 123, 221, 212, 54,
       38, 189, 114, 121, 48, 199, 175, 101, 52, 217, 251, 208, 81, 86,
       70, 78, 168, 138, 98, 157, 203, 133, 150, 216, 163, 77, 230, 43,
       91, 127, 211, 207, 226, 72, 131, 0, 200, 240, 162, 238, 159, 181,
       119, 166, 67, 8, 135, 53, 59, 53, 45, 161, 190, 126, 95, 122, 85,
       191, 37, 24, 196, 39, 10, 111, 13, 179, 184, 67, 183, 197, 254,
       50, 196, 210, 204, 71, 249, 55, 15, 79, 238, 54, 163, 75, 113,
       132, 64, 219, 230, 115, 227, 176, 96, 94, 162, 31, 238, 153, 139,
       46, 156, 216, 239, 170, 216, 189, 171, 112, 33, 58, 156, 123, 126,
       83, 240, 27, 98, 149, 66, 124, 162, 41, 255, 164, 84, 111, 187,
       131, 130, 40, 139, 34, 255, 114, 239, 130, 139, 119, 227, 38, 187,
       146, 0, 130, 185, 5, 35, 160, 67, 22, 19, 210, 18, 132, 10, 112,
       73, 105, 8, 51, 145, 62, 244, 65, 194, 149, 2, 218, 69, 148, 8,
       177, 128, 46, 189, 50, 155, 245, 245, 178, 206, 31, 13, 124, 3,
       236, 220, 39, 132, 217, 123, 131, 17, 2, 186, 120, 255, 47, 84,
       143, 107, 215, 79, 61, 206, 179, 88, 125, 251, 44, 143, 95, 180,
       141, 104, 178, 234, 255, 31, 189, 113, 238, 177, 127, 254, 235,
       157, 105, 253, 242, 218, 184, 208, 63, 154, 208, 57, 61, 28, 103,
       218, 87, 182, 107, 82, 229, 196, 239, 134, 121, 239, 55, 228, 108,
       162, 154, 156, 185, 139, 52, 238, 91, 239, 138, 72, 191, 207, 112,
       116, 17, 205, 91, 254, 21, 134, 239, 230, 212, 4, 74, 2, 117, 171,
       48, 64, 120, 234, 42, 201, 98, 185, 21, 191, 241, 174, 130, 64,
       56, 26, 176, 40, 2, 132, 16, 157, 197, 215, 180, 47, 29, 7, 75,
       19, 236, 62, 46, 197, 217, 27, 147, 129, 116, 156, 81, 223, 37,
       54, 218, 67, 22, 12, 189, 206, 38, 140, 34, 155, 85, 247, 186,
       226, 95, 69, 93, 3, 236, 236, 55, 196, 217, 43, 147, 145, 6, 186,
       56, 255, 47, 54, 139, 67, 151, 15, 61, 214, 62, 159, 82, 144, 215,
       155, 182, 225, 191, 36, 175, 47, 78, 202, 102, 196, 251, 185, 139,
       243, 84, 187, 24, 254, 189, 149, 143, 103, 87, 47, 253, 134, 174,
       16, 182, 187, 117, 247, 176, 64, 29, 7, 119, 19, 204, 206, 62,
       200, 252, 57, 163, 17, 52, 182, 18, 222, 71, 119, 146, 67, 23, 45,
       61, 210, 40, 248, 111, 89, 100, 203, 245, 103, 236, 87, 240, 157,
       178, 12, 22, 59, 203, 179, 71, 1, 242, 238, 118, 85, 79, 26, 116,
       80, 69, 8, 214, 250, 237, 94, 127, 249, 160, 186, 95, 178, 93,
       234, 126, 228, 155, 63, 181, 121, 71, 253, 181, 206, 233, 188,
       101, 190, 238, 251, 101, 192, 254, 249, 64, 121, 71, 179, 173,
