%YAML:1.0
---
descriptors: !!opencv-matrix
   rows: 298
   cols: 32
   dt: u
   data: [ 239, 230, 76, 71, 116, 63, 206, 184, 121, 226, 255, 220, 203,
       104, 159, 183, 31, 196, 124, 110, 236, 244, 253, 175, 38, 95, 197,
       148, 111, 255, 218, 4, 112, 99, 74, 160, 28, 137, 82, 69, 34, 172,
       188, 41, 39, 131, 66, 16, 56, 164, 77, 80, 94, 11, 192, 48, 250,
       197, 165, 249, 33, 154, 206, 74, 7, 185, 166, 147, 195, 85, 188,
       205, 47, 121, 86, 131, 140, 190, 127, 239, 239, 91, 187, 215, 214,
       216, 63, 240, 31, 26, 222, 231, 135, 86, 173, 222, 105, 241, 178,
       58, 157, 141, 149, 223, 254, 189, 168, 29, 158, 184, 98, 16, 137,
       47, 94, 21, 94, 107, 210, 210, 249, 220, 22, 122, 216, 12, 195,
       202, 3, 18, 114, 73, 118, 151, 170, 74, 94, 73, 116, 118, 104,
       216, 182, 228, 127, 41, 150, 173, 167, 180, 37, 223, 6, 30, 171,
       134, 95, 12, 105, 133, 40, 181, 97, 43, 124, 201, 171, 101, 142,
       97, 185, 169, 177, 204, 28, 144, 138, 187, 219, 65, 211, 43, 92,
       191, 109, 21, 40, 120, 85, 14, 215, 250, 27, 36, 227, 160, 213,
       119, 233, 75, 21, 193, 222, 131, 25, 141, 55, 44, 125, 141, 19,
       157, 153, 251, 53, 206, 91, 77, 154, 192, 167, 204, 116, 240, 162,
       167, 33, 91, 89, 165, 169, 126, 31, 5, 232, 20, 160, 199, 44, 212,
       220, 26, 2, 156, 186, 138, 112, 255, 47, 220, 154, 74, 18, 0, 102,
       252, 19, 223, 109, 169, 182, 131, 206, 247, 6, 104, 88, 231, 49,
       77, 181, 0, 126, 171, 23, 253, 219, 184, 5, 253, 120, 200, 175,
       192, 63, 138, 185, 153, 208, 211, 111, 237, 14, 2, 173, 119, 228,
       17, 146, 246, 49, 11, 176, 67, 108, 132, 127, 233, 232, 173, 37,
       205, 240, 171, 254, 148, 37, 152, 241, 40, 11, 92, 241, 222, 119,
       245, 186, 206, 27, 77, 88, 171, 172, 188, 247, 164, 159, 123, 147,
       71, 134, 58, 58, 243, 7, 92, 154, 171, 215, 95, 23, 255, 29, 124,
       154, 175, 54, 235, 179, 192, 100, 224, 251, 162, 223, 248, 163,
       32, 123, 253, 94, 49, 13, 177, 13, 30, 248, 165, 39, 21, 237, 251,
       41, 19, 124, 176, 185, 168, 139, 68, 83, 216, 35, 221, 168, 29,
       95, 223, 74, 82, 245, 213, 221, 242, 94, 67, 250, 17, 219, 193,
       39, 127, 162, 35, 166, 83, 47, 235, 168, 154, 252, 149, 234, 220,
       70, 217, 216, 71, 184, 232, 255, 128, 221, 74, 151, 223, 158, 58,
       206, 241, 14, 29, 191, 232, 157, 191, 88, 157, 87, 201, 133, 159,
       143, 99, 142, 140, 142, 242, 152, 139, 196, 252, 125, 10, 201, 71,
       123, 199, 13, 65, 79, 249, 169, 22, 207, 190, 149, 127, 17, 76,
       253, 38, 78, 182, 165, 58, 92, 57, 113, 174, 247, 29, 207, 10, 27,
       89, 217, 204, 204, 175, 252, 214, 205, 140, 210, 251, 240, 149,
       38, 231, 250, 66, 75, 177, 228, 213, 127, 84, 248, 123, 107, 245,
       20, 138, 40, 124, 214, 47, 47, 213, 243, 173, 181, 122, 183, 204,
       95, 26, 223, 175, 199, 164, 95, 237, 253, 223, 108, 103, 244, 94,
       127, 180, 97, 236, 246, 173, 115, 61, 147, 115, 102, 230, 29, 110,
       233, 184, 237, 44, 246, 233, 101, 128, 102, 187, 92, 121, 57, 200,
       74, 232, 84, 3, 107, 244, 69, 64, 244, 198, 19, 11, 176, 81, 120,
       136, 6, 238, 105, 190, 85, 189, 114, 201, 160, 4, 127, 155, 114,
       168, 237, 101, 228, 71, 221, 27, 206, 160, 83, 230, 191, 140, 227,
       104, 222, 183, 24, 230, 122, 110, 236, 246, 253, 170, 46, 94, 197,
       48, 111, 255, 218, 4, 48, 201, 124, 252, 14, 129, 199, 246, 196,
       0, 240, 66, 49, 137, 52, 64, 72, 162, 6, 201, 202, 45, 2, 189,
       112, 168, 178, 24, 125, 152, 240, 168, 173, 70, 134, 79, 181, 62,
       110, 184, 125, 202, 119, 84, 219, 97, 159, 253, 181, 68, 124, 110,
       229, 244, 13, 239, 166, 255, 101, 132, 202, 247, 90, 21, 129, 141,
       9, 249, 221, 229, 228, 239, 222, 81, 72, 16, 180, 178, 112, 97,
       201, 42, 2, 156, 59, 42, 82, 247, 237, 159, 158, 104, 152, 72,
       241, 170, 10, 156, 50, 155, 245, 247, 186, 231, 29, 13, 94, 3,
       172, 254, 38, 68, 249, 59, 131, 144, 54, 184, 113, 255, 47, 55,
       158, 67, 146, 14, 189, 207, 176, 2, 130, 153, 68, 43, 160, 66, 84,
       35, 114, 147, 0, 136, 113, 73, 104, 8, 3, 17, 42, 244, 65, 194,
       20, 2, 210, 1, 245, 8, 116, 140, 53, 141, 90, 78, 240, 243, 74,
       232, 85, 192, 253, 170, 83, 114, 174, 113, 90, 255, 6, 226, 61,
       147, 108, 63, 186, 239, 167, 93, 249, 235, 234, 148, 106, 145,
       188, 245, 232, 46, 21, 191, 59, 255, 54, 61, 214, 61, 74, 27, 133,
       86, 125, 21, 248, 88, 209, 0, 237, 191, 117, 182, 202, 112, 146,
       123, 226, 235, 15, 222, 108, 213, 78, 254, 191, 24, 244, 200, 162,
       167, 180, 213, 204, 210, 255, 206, 107, 75, 234, 253, 187, 51,
       222, 187, 16, 137, 126, 125, 81, 131, 71, 173, 22, 2, 110, 33, 36,
       0, 202, 199, 195, 34, 176, 192, 114, 199, 44, 239, 93, 152, 69,
       204, 164, 174, 234, 68, 45, 162, 184, 0, 90, 181, 31, 250, 155,
       237, 17, 71, 175, 89, 173, 56, 174, 247, 104, 122, 163, 51, 251,
       16, 19, 75, 178, 213, 219, 215, 26, 123, 144, 0, 167, 187, 82,
       183, 22, 190, 187, 128, 48, 111, 173, 29, 233, 49, 236, 250, 40,
       215, 166, 51, 232, 128, 86, 11, 138, 213, 144, 240, 26, 75, 24, 6,
       171, 15, 23, 3, 103, 129, 182, 147, 170, 81, 85, 209, 211, 231,
       73, 204, 254, 173, 126, 137, 55, 255, 213, 242, 5, 196, 30, 10,
       239, 196, 173, 141, 249, 213, 49, 4, 7, 31, 21, 163, 195, 104, 86,
       128, 235, 2, 98, 96, 61, 228, 89, 168, 2, 45, 43, 179, 93, 31,
       161, 6, 129, 0, 81, 42, 112, 164, 36, 235, 157, 95, 184, 244, 170,
       204, 250, 57, 225, 80, 176, 206, 92, 58, 221, 91, 66, 208, 175,
       90, 234, 49, 175, 185, 191, 117, 208, 3, 207, 180, 213, 82, 253,
       101, 38, 78, 79, 152, 96, 238, 54, 236, 211, 68, 155, 59, 22, 196,
       108, 110, 237, 244, 237, 8, 224, 171, 101, 148, 109, 179, 71, 113,
       161, 0, 135, 157, 85, 135, 226, 72, 214, 2, 99, 82, 65, 200, 61,
       164, 120, 40, 2, 169, 37, 181, 23, 158, 5, 142, 131, 0, 121, 43,
       112, 132, 221, 112, 191, 181, 42, 44, 25, 152, 190, 222, 151, 245,
       223, 215, 203, 107, 167, 85, 124, 95, 137, 69, 187, 98, 192, 243,
       122, 156, 136, 241, 37, 113, 6, 17, 182, 155, 133, 214, 188, 197,
       28, 19, 83, 2, 204, 254, 62, 73, 253, 31, 179, 211, 22, 208, 25,
       192, 5, 50, 222, 71, 148, 95, 189, 150, 33, 149, 29, 187, 221,
       205, 241, 239, 222, 25, 169, 16, 180, 251, 104, 33, 201, 10, 90,
       17, 51, 106, 91, 85, 77, 158, 158, 127, 152, 8, 209, 170, 34, 193,
       0, 136, 156, 129, 140, 229, 132, 0, 80, 3, 32, 8, 52, 64, 72, 2,
       19, 193, 90, 43, 0, 189, 32, 32, 142, 72, 20, 26, 240, 8, 147, 34,
       202, 209, 134, 35, 104, 87, 54, 51, 82, 214, 25, 11, 112, 104,
       127, 136, 19, 157, 171, 188, 21, 194, 157, 143, 158, 68, 173, 136,
       241, 136, 10, 133, 16, 143, 213, 246, 182, 35, 15, 7, 75, 19, 236,
       62, 38, 196, 217, 27, 163, 131, 86, 152, 89, 247, 37, 54, 154, 67,
       146, 78, 189, 206, 3, 190, 177, 176, 254, 161, 185, 214, 158, 83,
       24, 244, 188, 157, 240, 40, 135, 59, 19, 21, 131, 76, 2, 243, 76,
       28, 30, 234, 156, 204, 129, 249, 58, 181, 120, 233, 117, 247, 91,
       115, 21, 237, 93, 15, 42, 31, 50, 84, 220, 190, 151, 176, 187,
       154, 112, 221, 127, 221, 128, 235, 54, 142, 84, 251, 138, 201, 34,
       140, 93, 213, 156, 107, 159, 68, 196, 3, 44, 223, 54, 196, 200,
       57, 187, 129, 70, 15, 114, 223, 243, 117, 138, 43, 22, 12, 252,
       94, 147, 223, 111, 220, 174, 131, 236, 247, 132, 90, 218, 230,
       113, 43, 176, 65, 102, 163, 63, 175, 249, 137, 7, 253, 48, 40,
       238, 128, 61, 248, 176, 25, 129, 73, 115, 81, 228, 175, 237, 23,
       125, 202, 118, 80, 184, 128, 181, 109, 74, 42, 6, 28, 227, 252,
       37, 234, 36, 24, 54, 0, 79, 216, 193, 173, 254, 92, 114, 245, 71,
       46, 254, 208, 121, 174, 247, 19, 75, 27, 55, 91, 126, 253, 255,
       234, 232, 247, 153, 234, 215, 251, 227, 133, 103, 249, 114, 131,
       2, 26, 114, 218, 82, 163, 186, 66, 93, 9, 121, 230, 45, 222, 165,
