%YAML:1.0
---
descriptors: !!opencv-matrix
   rows: 235
   cols: 32
   dt: u
   data: [ 254, 156, 61, 248, 171, 253, 17, 138, 171, 123, 164, 24, 142,
       223, 96, 251, 131, 179, 253, 16, 59, 79, 250, 240, 219, 211, 91,
       123, 146, 65, 15, 18, 96, 190, 156, 188, 168, 161, 20, 143, 154,
       23, 128, 61, 166, 227, 64, 27, 135, 83, 237, 17, 62, 79, 218, 49,
       200, 243, 95, 59, 152, 80, 143, 27, 107, 188, 50, 144, 157, 253,
       240, 199, 191, 251, 172, 25, 174, 190, 102, 156, 201, 43, 91, 16,
       55, 107, 242, 246, 159, 223, 31, 123, 218, 76, 195, 222, 208, 110,
       255, 52, 10, 108, 89, 18, 176, 158, 182, 25, 55, 135, 67, 27, 39,
       245, 109, 66, 40, 71, 162, 32, 209, 163, 112, 185, 96, 177, 38,
       107, 248, 116, 121, 104, 25, 77, 83, 88, 67, 232, 181, 40, 91, 93,
       73, 48, 222, 152, 95, 226, 75, 39, 249, 159, 243, 221, 33, 61,
       115, 171, 70, 179, 112, 48, 189, 236, 111, 207, 81, 88, 79, 240,
       245, 10, 246, 215, 96, 118, 122, 188, 126, 72, 11, 99, 243, 157,
       221, 184, 65, 62, 82, 42, 5, 227, 233, 45, 249, 101, 244, 79, 111,
       63, 121, 230, 126, 8, 211, 53, 145, 48, 22, 252, 84, 106, 233,
       248, 241, 14, 239, 255, 37, 4, 106, 242, 70, 248, 223, 240, 238,
       101, 34, 86, 121, 56, 103, 220, 87, 167, 249, 95, 158, 102, 54,
       85, 253, 252, 135, 212, 191, 205, 79, 235, 235, 197, 39, 166, 37,
       113, 171, 180, 240, 88, 249, 181, 152, 123, 223, 255, 148, 189,
       12, 253, 246, 164, 159, 59, 223, 37, 190, 79, 242, 223, 91, 95,
       93, 191, 214, 236, 31, 215, 205, 104, 183, 127, 105, 189, 121,
       154, 255, 219, 102, 16, 253, 255, 93, 123, 133, 127, 123, 158,
       163, 84, 251, 241, 207, 251, 215, 44, 194, 245, 99, 250, 2, 223,
       10, 189, 82, 128, 185, 231, 60, 5, 66, 167, 44, 135, 50, 64, 102,
       43, 179, 133, 102, 152, 2, 255, 100, 39, 186, 129, 60, 20, 173,
       219, 151, 90, 235, 250, 166, 147, 238, 212, 87, 202, 210, 230,
       113, 206, 177, 104, 127, 248, 23, 223, 235, 183, 46, 234, 242,
       207, 175, 128, 189, 248, 112, 185, 127, 126, 249, 232, 44, 23,
       219, 220, 11, 234, 188, 111, 92, 191, 213, 58, 159, 213, 253, 247,
       137, 39, 227, 210, 242, 223, 237, 254, 223, 247, 34, 115, 123,
       198, 110, 78, 118, 16, 239, 244, 121, 76, 119, 230, 121, 204, 190,
       113, 126, 237, 55, 239, 229, 246, 172, 237, 118, 107, 234, 136,
       111, 183, 251, 253, 184, 124, 217, 120, 27, 233, 83, 198, 179, 21,
       164, 25, 63, 223, 73, 56, 137, 185, 197, 80, 42, 39, 210, 179,
       211, 213, 0, 63, 242, 81, 6, 170, 8, 73, 156, 251, 75, 194, 101,
       150, 134, 152, 76, 32, 181, 147, 97, 126, 64, 58, 34, 88, 2, 152,
       67, 49, 197, 225, 114, 1, 50, 144, 45, 171, 162, 106, 170, 84,
       100, 153, 165, 71, 248, 255, 114, 191, 32, 172, 247, 43, 169, 42,
       130, 21, 166, 254, 38, 96, 20, 18, 84, 35, 193, 92, 254, 253, 73,
       219, 125, 231, 46, 82, 255, 188, 206, 124, 31, 230, 253, 124, 154,
       96, 54, 85, 63, 239, 193, 48, 63, 253, 100, 239, 107, 132, 125,
       178, 5, 113, 79, 123, 233, 239, 126, 68, 111, 152, 42, 200, 86,
       230, 253, 215, 211, 242, 86, 124, 61, 222, 193, 192, 255, 234,
       110, 173, 175, 136, 46, 179, 81, 249, 189, 189, 106, 235, 244, 82,
       254, 249, 113, 204, 252, 163, 25, 63, 183, 241, 126, 219, 151,
       255, 188, 186, 124, 236, 127, 201, 166, 225, 247, 239, 254, 219,
       203, 126, 59, 100, 113, 222, 255, 246, 233, 238, 188, 173, 191,
       159, 151, 183, 166, 117, 221, 110, 229, 15, 176, 238, 119, 253,
       37, 186, 74, 181, 79, 255, 230, 113, 114, 130, 237, 127, 180, 69,
       233, 165, 187, 26, 142, 152, 92, 158, 234, 181, 223, 17, 84, 231,
       210, 192, 61, 24, 15, 111, 71, 78, 255, 134, 134, 120, 30, 152,
       77, 197, 188, 64, 140, 150, 80, 19, 140, 222, 97, 75, 234, 121,
       179, 227, 68, 215, 18, 192, 21, 16, 207, 43, 20, 61, 61, 146, 165,
       239, 201, 230, 222, 43, 231, 252, 214, 226, 189, 254, 211, 233,
       249, 35, 121, 236, 70, 238, 233, 103, 238, 175, 254, 207, 231,
       188, 253, 251, 242, 160, 159, 28, 145, 255, 179, 191, 78, 155, 55,
       11, 78, 80, 239, 115, 161, 236, 87, 122, 180, 24, 59, 156, 89,
       191, 139, 255, 21, 2, 186, 213, 168, 45, 2, 143, 174, 191, 137,
       225, 188, 231, 158, 23, 66, 147, 228, 238, 34, 73, 205, 123, 163,
       1, 54, 216, 27, 191, 45, 39, 222, 3, 144, 88, 157, 218, 142, 220,
       244, 250, 253, 241, 254, 175, 223, 30, 88, 179, 236, 255, 63, 197,
       167, 123, 191, 129, 246, 108, 158, 247, 47, 122, 223, 171, 150,
       212, 141, 223, 250, 160, 181, 250, 233, 245, 16, 207, 155, 31,
       165, 25, 46, 255, 108, 223, 205, 147, 237, 145, 26, 79, 250, 211,
       155, 243, 218, 127, 146, 76, 167, 98, 254, 141, 248, 252, 175,
       208, 223, 202, 155, 22, 180, 11, 46, 253, 55, 113, 239, 211, 149,
       193, 122, 43, 242, 241, 243, 249, 204, 59, 247, 125, 116, 110,
       250, 52, 236, 16, 11, 119, 89, 111, 27, 255, 180, 187, 40, 62, 86,
       63, 175, 151, 221, 133, 172, 79, 37, 222, 91, 95, 220, 179, 167,
       196, 118, 95, 173, 6, 252, 69, 228, 46, 253, 25, 84, 190, 247, 86,
       211, 61, 153, 43, 95, 212, 55, 174, 184, 244, 121, 2, 71, 171,
       225, 148, 231, 251, 80, 177, 213, 95, 78, 167, 38, 10, 110, 184,
       100, 226, 215, 231, 83, 104, 155, 97, 126, 228, 60, 239, 237, 180,
       77, 174, 244, 235, 239, 132, 45, 187, 120, 17, 193, 37, 47, 5, 52,
       158, 226, 49, 232, 192, 102, 76, 243, 88, 150, 243, 128, 100, 120,
       109, 181, 232, 245, 13, 166, 121, 160, 64, 76, 129, 90, 68, 62,
       208, 231, 216, 169, 212, 88, 220, 135, 95, 244, 183, 10, 158, 127,
       238, 205, 209, 159, 209, 158, 71, 122, 224, 219, 95, 150, 207,
       211, 21, 236, 215, 53, 223, 97, 79, 54, 26, 238, 184, 116, 200,
       251, 230, 115, 76, 157, 228, 126, 236, 22, 238, 233, 176, 109,
       191, 36, 237, 167, 132, 111, 187, 112, 245, 19, 207, 111, 175, 54,
       2, 239, 241, 36, 4, 218, 231, 97, 107, 179, 64, 126, 236, 31, 239,
       200, 145, 45, 237, 244, 44, 175, 128, 37, 179, 240, 65, 127, 128,
       173, 164, 157, 87, 75, 233, 83, 237, 142, 8, 83, 253, 122, 36,
       217, 212, 49, 189, 88, 187, 123, 159, 217, 95, 141, 85, 147, 110,
       84, 96, 1, 140, 207, 181, 244, 131, 232, 247, 126, 1, 90, 210,
       253, 162, 176, 96, 123, 238, 58, 157, 183, 248, 7, 255, 60, 62,
       186, 64, 133, 136, 185, 136, 94, 245, 172, 6, 137, 92, 23, 189,
       178, 254, 141, 41, 90, 247, 203, 51, 181, 214, 253, 102, 252, 71,
       171, 59, 251, 239, 101, 255, 226, 119, 142, 115, 183, 207, 226,
       142, 246, 164, 238, 220, 149, 8, 217, 231, 97, 200, 189, 192, 127,
       235, 23, 255, 222, 131, 14, 235, 48, 44, 175, 136, 189, 255, 240,
       145, 2, 188, 144, 154, 249, 217, 148, 238, 159, 63, 168, 57, 174,
       190, 102, 196, 203, 59, 203, 1, 102, 107, 194, 243, 189, 86, 30,
       123, 80, 92, 143, 143, 158, 253, 254, 183, 191, 251, 183, 239,
       159, 247, 95, 183, 108, 252, 111, 75, 183, 127, 187, 147, 118,
       253, 191, 255, 126, 103, 95, 135, 175, 127, 173, 223, 191, 255,
       198, 159, 254, 51, 239, 251, 87, 254, 222, 255, 105, 232, 191,
       213, 127, 206, 55, 175, 253, 214, 207, 255, 62, 110, 237, 196,
       191, 254, 250, 221, 253, 255, 198, 206, 212, 54, 206, 251, 87,
       226, 222, 222, 91, 104, 159, 229, 125, 206, 54, 239, 253, 242,
       253, 191, 58, 47, 229, 148, 255, 254, 248, 21, 124, 165, 249, 104,
       168, 76, 89, 216, 162, 188, 172, 8, 83, 215, 72, 18, 21, 214, 109,
       136, 90, 67, 250, 17, 251, 201, 37, 124, 98, 194, 198, 114, 122,
       188, 179, 250, 253, 245, 208, 79, 155, 31, 188, 27, 46, 255, 110,
       190, 207, 187, 247, 145, 30, 107, 242, 243, 155, 215, 158, 123,
       211, 76, 175, 239, 45, 84, 97, 69, 36, 94, 239, 48, 100, 232, 123,
       230, 211, 20, 149, 228, 126, 228, 22, 238, 201, 176, 125, 140, 36,
       238, 163, 132, 111, 187, 112, 181, 65, 169, 157, 191, 168, 237,
       21, 175, 170, 255, 128, 41, 182, 182, 66, 91, 133, 115, 236, 21,
