%YAML:1.0
---
descriptors: !!opencv-matrix
   rows: 234
   cols: 32
   dt: u
   data: [ 63, 96, 90, 232, 117, 9, 232, 64, 45, 4, 176, 10, 15, 90, 61,
       153, 250, 137, 223, 227, 10, 35, 64, 220, 148, 217, 138, 191, 117,
       143, 106, 128, 121, 13, 206, 253, 84, 10, 111, 38, 117, 130, 238,
       2, 115, 33, 177, 117, 122, 238, 34, 174, 104, 184, 5, 174, 246,
       174, 194, 0, 103, 248, 112, 40, 2, 173, 17, 154, 248, 193, 182,
       238, 142, 25, 72, 107, 164, 247, 104, 64, 217, 123, 3, 81, 18, 26,
       202, 247, 189, 20, 158, 106, 144, 26, 165, 171, 73, 49, 57, 69,
       53, 14, 115, 24, 104, 72, 47, 76, 222, 81, 9, 48, 144, 4, 124,
       104, 195, 176, 241, 13, 199, 189, 33, 20, 72, 35, 67, 35, 232,
       252, 188, 127, 169, 253, 22, 142, 155, 55, 36, 57, 174, 125, 79,
       187, 135, 115, 249, 82, 102, 108, 234, 49, 239, 219, 85, 59, 210,
       93, 15, 79, 229, 79, 76, 78, 220, 191, 70, 180, 85, 160, 238, 76,
       98, 96, 181, 245, 88, 230, 34, 110, 253, 186, 125, 190, 62, 123,
       133, 88, 123, 251, 88, 12, 69, 81, 27, 67, 48, 14, 115, 152, 108,
       40, 111, 68, 222, 19, 141, 112, 182, 68, 108, 122, 193, 176, 185,
       76, 229, 188, 33, 68, 72, 163, 67, 33, 246, 72, 207, 244, 76, 2,
       76, 32, 249, 178, 179, 26, 91, 75, 21, 91, 106, 229, 125, 226,
       104, 71, 211, 232, 147, 250, 194, 144, 37, 177, 98, 32, 128, 166,
       145, 155, 252, 169, 172, 143, 30, 51, 89, 249, 148, 226, 200, 136,
       207, 27, 74, 17, 51, 88, 203, 83, 12, 22, 63, 236, 156, 72, 129,
       169, 79, 48, 240, 97, 97, 28, 120, 16, 105, 249, 52, 185, 159, 63,
       215, 190, 134, 157, 213, 156, 134, 116, 228, 192, 199, 217, 49,
       163, 199, 133, 79, 247, 75, 170, 230, 30, 237, 248, 252, 199, 235,
       95, 54, 177, 170, 172, 246, 222, 163, 99, 238, 28, 182, 109, 166,
       227, 14, 127, 86, 203, 194, 196, 239, 78, 180, 196, 133, 186, 221,
       15, 198, 172, 83, 187, 177, 88, 67, 96, 76, 27, 217, 206, 36, 122,
       122, 118, 91, 178, 185, 222, 213, 124, 249, 123, 210, 128, 196,
       173, 132, 147, 150, 168, 38, 134, 62, 19, 75, 82, 228, 98, 72, 74,
       97, 206, 42, 218, 50, 216, 203, 99, 172, 38, 222, 64, 128, 83,
       161, 8, 19, 100, 227, 81, 86, 111, 237, 79, 86, 227, 126, 26, 17,
       28, 213, 44, 57, 136, 18, 189, 227, 244, 53, 202, 45, 14, 157, 36,
       229, 120, 209, 236, 122, 56, 239, 113, 139, 253, 145, 7, 187, 87,
       134, 191, 170, 188, 86, 42, 201, 183, 249, 145, 190, 111, 246,
       162, 79, 119, 220, 219, 231, 76, 222, 94, 41, 29, 57, 255, 189,
       205, 83, 50, 86, 72, 125, 68, 255, 253, 32, 96, 213, 122, 30, 90,
       171, 168, 122, 63, 235, 255, 33, 24, 82, 11, 5, 171, 182, 39, 66,
       69, 82, 2, 107, 112, 49, 164, 246, 167, 73, 7, 159, 84, 126, 204,
       23, 238, 232, 150, 229, 78, 116, 44, 171, 132, 39, 183, 118, 240,
       6, 151, 173, 21, 201, 102, 181, 135, 142, 255, 10, 49, 196, 60,
       74, 74, 129, 71, 251, 21, 48, 216, 235, 98, 109, 54, 222, 199,
       128, 84, 149, 219, 2, 189, 19, 219, 152, 141, 38, 239, 46, 9, 72,
       64, 180, 242, 108, 64, 209, 59, 34, 80, 83, 24, 90, 119, 172, 180,
       30, 106, 24, 82, 161, 138, 9, 189, 57, 121, 52, 173, 114, 190,
       126, 121, 120, 88, 191, 27, 64, 160, 133, 91, 86, 88, 163, 56, 91,
       63, 239, 223, 52, 100, 90, 200, 195, 171, 89, 171, 128, 225, 133,
       6, 109, 255, 50, 185, 158, 92, 145, 163, 208, 178, 105, 206, 125,
       152, 152, 218, 225, 66, 237, 207, 191, 228, 171, 96, 210, 136, 3,
       127, 91, 229, 178, 142, 62, 55, 60, 72, 90, 228, 189, 150, 160,
       112, 182, 127, 31, 204, 197, 152, 37, 110, 228, 253, 46, 128, 44,
       144, 171, 185, 17, 77, 222, 221, 20, 138, 111, 103, 116, 134, 110,
       2, 99, 163, 177, 112, 122, 238, 42, 202, 104, 185, 5, 238, 246,
       174, 230, 0, 101, 248, 232, 136, 133, 164, 221, 241, 236, 171,
       233, 27, 126, 51, 49, 90, 157, 171, 216, 43, 43, 15, 110, 28, 51,
       124, 207, 210, 204, 154, 127, 100, 156, 200, 129, 160, 244, 98,
       190, 116, 77, 13, 85, 208, 227, 190, 181, 24, 74, 217, 69, 27,
       137, 244, 103, 122, 104, 103, 138, 8, 83, 219, 69, 63, 195, 121,
       70, 163, 50, 40, 82, 156, 69, 137, 248, 66, 127, 32, 240, 11, 46,
       152, 20, 20, 186, 169, 83, 1, 14, 186, 194, 249, 151, 92, 24, 59,
       69, 12, 82, 142, 69, 53, 152, 225, 224, 46, 120, 25, 58, 185, 107,
       80, 213, 51, 72, 122, 183, 93, 125, 56, 17, 208, 153, 64, 77, 169,
       103, 100, 136, 227, 139, 131, 143, 181, 112, 195, 253, 125, 240,
       201, 95, 113, 189, 27, 206, 92, 94, 172, 191, 155, 255, 63, 150,
       112, 253, 214, 159, 217, 3, 119, 198, 143, 209, 199, 197, 112,
       147, 92, 72, 76, 5, 88, 232, 218, 160, 72, 214, 247, 105, 123,
       128, 116, 106, 106, 97, 103, 186, 0, 209, 170, 117, 56, 64, 121,
       7, 163, 184, 220, 57, 251, 48, 207, 83, 182, 22, 13, 238, 0, 183,
       87, 32, 112, 85, 58, 29, 72, 106, 140, 113, 63, 227, 239, 48, 16,
       18, 137, 68, 107, 196, 172, 133, 147, 214, 168, 38, 143, 190, 147,
       10, 82, 228, 226, 73, 66, 113, 234, 42, 152, 50, 92, 203, 243,
       172, 38, 159, 100, 160, 112, 161, 136, 198, 172, 144, 158, 222,
       161, 174, 175, 186, 179, 16, 90, 236, 234, 88, 75, 51, 111, 123,
       145, 50, 76, 142, 243, 172, 22, 223, 236, 148, 112, 131, 136, 132,
       141, 214, 254, 252, 171, 150, 239, 223, 147, 112, 88, 238, 232,
       36, 73, 211, 107, 110, 33, 48, 111, 10, 255, 168, 182, 87, 122,
       212, 121, 129, 137, 242, 73, 71, 174, 14, 2, 71, 168, 245, 22,
       178, 19, 99, 74, 61, 83, 104, 229, 108, 227, 108, 231, 205, 237,
       176, 170, 195, 20, 37, 56, 112, 14, 77, 75, 89, 101, 36, 14, 111,
       184, 108, 168, 254, 100, 243, 97, 145, 114, 22, 228, 108, 110,
       201, 176, 233, 40, 230, 249, 37, 128, 72, 179, 66, 33, 11, 141,
       130, 243, 181, 158, 104, 55, 61, 137, 94, 86, 137, 35, 144, 228,
       97, 175, 159, 156, 83, 152, 33, 206, 175, 255, 190, 192, 138, 132,
       169, 44, 222, 150, 85, 250, 170, 97, 30, 232, 22, 83, 153, 242,
       89, 119, 168, 233, 127, 211, 191, 178, 59, 71, 15, 247, 248, 227,
       251, 255, 189, 195, 164, 19, 252, 65, 126, 236, 15, 86, 95, 56,
       181, 166, 231, 10, 91, 127, 41, 119, 122, 213, 253, 234, 104, 199,
       123, 204, 243, 235, 199, 21, 35, 191, 116, 34, 216, 88, 63, 118,
       11, 95, 81, 48, 244, 86, 167, 48, 255, 23, 3, 123, 162, 181, 236,
       66, 105, 69, 59, 61, 211, 227, 112, 19, 98, 33, 15, 122, 26, 150,
       180, 187, 171, 249, 176, 143, 191, 31, 130, 177, 172, 190, 110,
       207, 227, 19, 237, 17, 54, 77, 131, 211, 137, 242, 94, 243, 146,
       68, 141, 79, 182, 230, 105, 33, 252, 67, 203, 232, 82, 244, 145,
       187, 83, 76, 223, 1, 89, 204, 71, 247, 250, 118, 237, 22, 124, 0,
       173, 253, 117, 187, 214, 240, 129, 217, 21, 159, 24, 139, 38, 188,
       190, 16, 194, 64, 244, 211, 168, 229, 80, 107, 10, 74, 99, 136,
       73, 127, 172, 160, 46, 64, 24, 18, 161, 169, 121, 179, 154, 102,
       53, 159, 90, 221, 107, 233, 253, 76, 255, 250, 90, 176, 148, 207,
       124, 92, 143, 251, 248, 161, 251, 253, 37, 122, 202, 2, 202, 13,
       251, 125, 246, 68, 43, 126, 87, 82, 225, 238, 174, 12, 42, 188,
       135, 182, 164, 228, 236, 102, 141, 99, 180, 234, 51, 121, 65, 59,
       107, 247, 110, 95, 244, 99, 204, 101, 138, 11, 71, 184, 32, 164,
       166, 169, 211, 97, 201, 19, 26, 196, 108, 106, 72, 240, 205, 8,
       228, 161, 101, 21, 100, 186, 70, 32, 58, 41, 114, 72, 85, 221, 90,
       103, 107, 4, 252, 8, 42, 223, 119, 180, 248, 186, 134, 72, 206,
       58, 48, 253, 59, 221, 4, 123, 115, 142, 110, 158, 110, 198, 237,
       191, 188, 67, 95, 188, 151, 255, 151, 243, 193, 239, 218, 74, 95,
       214, 255, 247, 250, 71, 239, 179, 238, 247, 239, 253, 183, 255,
       244, 113, 97, 205, 78, 92, 221, 159, 102, 231, 223, 165, 238, 10,
       99, 232, 54, 113, 216, 226, 66, 92, 172, 186, 116, 61, 62, 63, 5,
       17, 217, 216, 216, 140, 8, 173, 147, 126, 145, 223, 71, 231, 247,
