%YAML:1.0
---
descriptors: !!opencv-matrix
   rows: 398
   cols: 32
   dt: u
   data: [ 19, 27, 255, 95, 162, 186, 101, 23, 127, 75, 127, 228, 243,
       36, 146, 108, 118, 126, 54, 12, 149, 248, 103, 41, 142, 254, 116,
       128, 238, 205, 192, 125, 57, 30, 108, 85, 54, 59, 207, 59, 117,
       226, 222, 254, 123, 45, 151, 189, 63, 230, 85, 173, 169, 248, 101,
       207, 114, 15, 241, 144, 239, 228, 88, 121, 40, 249, 32, 186, 125,
       205, 115, 252, 207, 28, 60, 9, 174, 221, 106, 128, 137, 42, 134,
       66, 78, 43, 26, 253, 237, 209, 135, 123, 82, 31, 94, 202, 230, 48,
       253, 114, 234, 125, 49, 24, 186, 255, 183, 61, 94, 125, 79, 59,
       167, 213, 253, 22, 177, 103, 251, 0, 95, 75, 117, 247, 192, 97,
       71, 115, 222, 254, 22, 190, 155, 213, 28, 97, 187, 30, 161, 185,
       111, 223, 98, 147, 239, 179, 205, 144, 126, 79, 138, 255, 251,
       211, 95, 123, 51, 4, 175, 3, 222, 148, 156, 190, 139, 116, 16, 43,
       190, 83, 131, 49, 207, 254, 10, 219, 199, 215, 253, 129, 62, 77,
       219, 243, 155, 243, 90, 95, 152, 69, 173, 82, 246, 253, 228, 94,
       251, 219, 126, 248, 187, 226, 185, 239, 106, 254, 21, 241, 255,
       247, 255, 102, 237, 195, 254, 255, 63, 254, 199, 190, 239, 255,
       102, 215, 201, 255, 191, 154, 186, 220, 63, 255, 174, 93, 140,
       244, 252, 247, 202, 114, 103, 243, 255, 220, 215, 73, 190, 247,
       254, 37, 191, 232, 138, 132, 167, 249, 212, 51, 217, 230, 242, 10,
       101, 25, 34, 184, 51, 236, 87, 227, 201, 18, 54, 213, 109, 97, 64,
       112, 137, 8, 252, 161, 101, 180, 236, 162, 131, 33, 217, 50, 172,
       117, 35, 255, 113, 16, 247, 125, 87, 189, 203, 157, 138, 254, 134,
       28, 253, 20, 149, 212, 189, 144, 195, 251, 113, 215, 42, 133, 12,
       119, 172, 112, 125, 101, 100, 79, 113, 24, 125, 170, 119, 72, 215,
       85, 137, 57, 148, 28, 70, 106, 225, 244, 121, 8, 71, 217, 97, 20,
       72, 187, 70, 179, 230, 255, 171, 158, 252, 111, 158, 239, 155,
       238, 152, 187, 78, 239, 107, 131, 253, 243, 223, 243, 120, 103,
       106, 254, 191, 151, 207, 191, 149, 123, 149, 243, 106, 241, 244,
       118, 169, 93, 221, 156, 235, 221, 53, 45, 173, 253, 94, 191, 135,
       91, 253, 81, 151, 104, 250, 161, 79, 219, 84, 187, 231, 214, 207,
       127, 252, 126, 78, 191, 79, 55, 86, 252, 21, 170, 247, 119, 99,
       97, 163, 85, 121, 196, 238, 226, 108, 247, 93, 191, 243, 231, 229,
       21, 107, 255, 124, 158, 184, 238, 78, 255, 71, 75, 239, 252, 117,
       166, 246, 94, 123, 73, 57, 209, 120, 236, 14, 235, 105, 247, 77,
       255, 244, 235, 231, 1, 111, 185, 248, 136, 253, 33, 152, 166, 180,
       24, 74, 200, 114, 132, 237, 10, 111, 194, 75, 208, 120, 236, 76,
       251, 42, 50, 200, 46, 248, 197, 143, 61, 32, 43, 74, 0, 50, 39,
       102, 172, 86, 7, 250, 104, 47, 168, 250, 227, 78, 207, 52, 64,
       254, 253, 127, 227, 76, 243, 137, 222, 185, 180, 143, 134, 37, 42,
       39, 158, 37, 119, 235, 69, 246, 14, 239, 216, 101, 228, 127, 166,
       81, 247, 183, 52, 126, 204, 23, 238, 193, 178, 117, 76, 103, 45,
       165, 132, 103, 243, 118, 241, 58, 188, 233, 115, 245, 255, 219,
       158, 83, 105, 124, 27, 107, 61, 94, 52, 157, 218, 149, 21, 175,
       250, 125, 191, 127, 95, 149, 231, 231, 206, 86, 255, 195, 132,
       199, 147, 147, 178, 168, 183, 63, 115, 83, 247, 200, 46, 214, 231,
       103, 15, 59, 157, 183, 220, 165, 199, 30, 62, 222, 198, 175, 196,
       177, 93, 56, 68, 88, 239, 116, 11, 111, 252, 85, 38, 125, 2, 91,
       65, 185, 144, 122, 204, 6, 238, 104, 180, 105, 159, 118, 207, 161,
       5, 119, 250, 122, 160, 57, 109, 58, 106, 93, 215, 214, 232, 195,
       12, 252, 10, 58, 217, 53, 16, 216, 249, 83, 107, 110, 35, 58, 191,
       115, 221, 1, 57, 81, 27, 90, 138, 91, 173, 135, 176, 137, 189, 76,
       198, 171, 243, 136, 9, 175, 182, 65, 223, 165, 231, 249, 149, 15,
       75, 146, 229, 153, 246, 94, 58, 170, 85, 35, 76, 203, 252, 24,
       184, 217, 253, 20, 199, 159, 123, 172, 29, 190, 183, 99, 249, 205,
       179, 219, 16, 103, 15, 82, 243, 255, 215, 31, 123, 154, 92, 171,
       26, 180, 237, 74, 239, 212, 139, 102, 237, 117, 36, 251, 74, 67,
       233, 28, 209, 120, 238, 78, 250, 59, 187, 217, 191, 188, 233, 135,
       84, 109, 187, 248, 128, 45, 54, 138, 25, 245, 189, 161, 95, 94,
       207, 124, 148, 168, 228, 251, 172, 89, 42, 130, 28, 183, 178, 118,
       18, 14, 15, 49, 105, 218, 204, 217, 244, 194, 190, 20, 155, 107,
       185, 56, 142, 191, 87, 80, 253, 172, 198, 234, 221, 167, 59, 239,
       21, 183, 92, 130, 243, 140, 50, 90, 235, 156, 68, 139, 157, 192,
       188, 157, 61, 43, 233, 16, 14, 190, 63, 176, 57, 174, 188, 66, 27,
       131, 51, 237, 1, 54, 108, 195, 51, 221, 211, 112, 59, 208, 72, 7,
       75, 234, 133, 41, 186, 221, 253, 209, 111, 223, 95, 189, 25, 174,
       253, 62, 192, 201, 155, 223, 1, 62, 43, 98, 247, 211, 213, 26,
       123, 82, 76, 159, 206, 253, 64, 197, 102, 44, 78, 79, 184, 33,
       186, 167, 72, 211, 67, 201, 255, 16, 196, 108, 106, 73, 68, 251,
       8, 215, 235, 229, 28, 34, 187, 82, 32, 57, 1, 107, 233, 86, 71,
       233, 88, 69, 96, 247, 10, 27, 25, 188, 32, 126, 141, 23, 233, 137,
       179, 53, 220, 211, 205, 162, 132, 119, 138, 112, 162, 56, 221, 89,
       126, 91, 197, 87, 252, 23, 4, 236, 9, 127, 255, 45, 80, 254, 251,
       67, 226, 74, 43, 91, 63, 243, 239, 5, 27, 115, 122, 230, 218, 250,
       176, 228, 87, 57, 246, 81, 63, 249, 253, 183, 189, 42, 60, 30,
       191, 133, 150, 253, 20, 189, 238, 247, 133, 75, 123, 80, 211, 226,
       4, 222, 95, 128, 96, 152, 211, 108, 173, 241, 64, 255, 29, 181,
       24, 191, 139, 222, 29, 138, 41, 78, 24, 18, 101, 234, 241, 196,
       216, 82, 120, 208, 137, 67, 161, 93, 65, 122, 228, 102, 82, 110,
       80, 225, 196, 255, 130, 95, 207, 187, 240, 118, 253, 148, 234,
       141, 147, 52, 200, 243, 237, 171, 133, 45, 179, 104, 16, 160, 59,
       27, 241, 116, 141, 113, 119, 60, 13, 114, 88, 183, 147, 0, 16,
       148, 59, 4, 0, 90, 188, 16, 11, 197, 221, 48, 32, 64, 8, 199, 171,
       224, 172, 149, 188, 189, 237, 81, 15, 151, 191, 160, 57, 182, 245,
       64, 91, 201, 186, 108, 16, 58, 111, 194, 23, 201, 210, 85, 123,
       208, 72, 134, 107, 135, 14, 199, 156, 229, 50, 172, 35, 253, 194,
       83, 247, 72, 238, 181, 239, 253, 103, 51, 133, 181, 220, 39, 202,
       14, 126, 223, 194, 141, 100, 241, 84, 122, 188, 229, 20, 95, 253,
       209, 103, 203, 255, 188, 159, 42, 188, 86, 22, 169, 247, 245, 5,
       188, 111, 246, 227, 27, 86, 80, 59, 199, 76, 214, 94, 223, 245,
       248, 238, 143, 127, 150, 252, 171, 234, 189, 110, 223, 255, 109,
       246, 183, 215, 221, 99, 225, 7, 186, 234, 251, 223, 111, 190, 190,
       127, 171, 51, 254, 125, 249, 230, 253, 119, 94, 248, 25, 234, 189,
       63, 95, 127, 15, 178, 255, 215, 221, 226, 253, 103, 249, 174, 251,
       223, 37, 189, 235, 255, 110, 115, 11, 89, 237, 71, 34, 26, 255,
       180, 44, 196, 94, 230, 249, 47, 155, 226, 54, 118, 181, 238, 193,
       208, 109, 236, 102, 107, 238, 128, 47, 182, 29, 249, 79, 176, 184,
       110, 105, 44, 216, 25, 43, 115, 37, 93, 223, 255, 94, 58, 151, 17,
       241, 37, 151, 66, 219, 209, 215, 253, 89, 44, 216, 98, 139, 18,
       93, 200, 150, 135, 45, 25, 166, 232, 174, 162, 170, 64, 238, 226,
       73, 214, 251, 196, 234, 107, 72, 33, 203, 121, 184, 167, 79, 21,
       0, 123, 43, 0, 40, 233, 104, 90, 93, 217, 198, 231, 121, 68, 236,
       141, 35, 12, 22, 16, 8, 170, 195, 67, 78, 186, 116, 61, 119, 89,
       16, 89, 87, 12, 94, 222, 129, 127, 122, 133, 100, 30, 237, 119,
       125, 234, 254, 70, 152, 58, 151, 116, 110, 175, 126, 140, 229,
       255, 117, 206, 182, 63, 182, 132, 79, 140, 106, 221, 188, 95, 110,
       237, 246, 19, 119, 255, 84, 174, 254, 226, 83, 45, 179, 97, 126,
       220, 190, 234, 236, 179, 101, 30, 118, 239, 231, 133, 53, 248,
       124, 233, 54, 185, 202, 219, 228, 143, 255, 205, 31, 173, 246,
       167, 91, 175, 254, 76, 125, 218, 23, 156, 26, 250, 121, 240, 222,
