%YAML:1.0
---
descriptors: !!opencv-matrix
   rows: 277
   cols: 32
   dt: u
   data: [ 172, 124, 187, 242, 237, 253, 85, 212, 201, 91, 180, 26, 30,
       157, 107, 47, 201, 18, 222, 26, 114, 39, 242, 162, 87, 217, 20,
       123, 210, 89, 222, 227, 101, 232, 209, 68, 84, 15, 75, 152, 115,
       161, 36, 8, 51, 243, 197, 52, 25, 204, 0, 120, 43, 82, 248, 10,
       93, 140, 133, 44, 235, 163, 66, 160, 76, 16, 149, 117, 140, 111,
       165, 58, 174, 179, 170, 84, 247, 113, 73, 11, 129, 102, 104, 26,
       1, 244, 211, 32, 205, 175, 119, 16, 200, 121, 193, 176, 67, 150,
       135, 157, 56, 166, 184, 55, 172, 73, 91, 245, 252, 166, 150, 198,
       167, 39, 127, 141, 149, 137, 147, 199, 132, 54, 186, 194, 136, 4,
       169, 93, 255, 175, 236, 18, 205, 25, 208, 107, 203, 246, 189, 189,
       10, 168, 214, 151, 137, 164, 238, 20, 254, 107, 238, 208, 26, 89,
       197, 127, 231, 238, 94, 70, 67, 31, 135, 133, 160, 22, 173, 55,
       172, 203, 90, 229, 252, 38, 146, 230, 166, 103, 125, 141, 213,
       216, 181, 204, 44, 62, 254, 128, 140, 228, 161, 125, 254, 189,
       233, 216, 207, 245, 150, 203, 139, 255, 188, 191, 8, 252, 127, 59,
       141, 211, 247, 209, 190, 107, 186, 243, 123, 81, 221, 255, 215,
       125, 214, 215, 128, 140, 159, 181, 16, 174, 105, 39, 188, 23, 98,
       17, 247, 35, 0, 75, 129, 39, 104, 12, 48, 252, 19, 103, 205, 182,
       82, 64, 200, 0, 129, 24, 196, 127, 159, 165, 164, 14, 103, 182,
       240, 170, 34, 76, 215, 35, 65, 27, 149, 100, 104, 124, 121, 221,
       209, 42, 237, 150, 69, 20, 136, 112, 66, 56, 46, 243, 96, 74, 245,
       249, 230, 216, 127, 69, 125, 157, 203, 205, 254, 188, 27, 202,
       135, 86, 158, 50, 188, 243, 46, 93, 5, 109, 247, 223, 222, 246,
       222, 90, 255, 119, 171, 252, 125, 148, 173, 94, 23, 181, 110, 127,
       199, 127, 167, 247, 253, 83, 197, 197, 187, 224, 215, 123, 94,
       131, 238, 247, 173, 119, 101, 108, 153, 101, 184, 47, 79, 154, 82,
       170, 38, 72, 215, 51, 65, 57, 145, 124, 124, 110, 41, 112, 249,
       62, 229, 222, 37, 52, 80, 249, 194, 32, 65, 44, 173, 53, 52, 78,
       109, 55, 104, 235, 110, 8, 183, 61, 18, 51, 129, 38, 124, 13, 213,
       248, 241, 12, 207, 191, 116, 16, 72, 224, 211, 106, 90, 252, 21,
       184, 171, 201, 20, 239, 175, 63, 160, 57, 174, 150, 104, 211, 199,
       155, 239, 0, 106, 79, 210, 245, 185, 209, 94, 127, 16, 20, 135,
       123, 16, 153, 191, 126, 147, 204, 53, 119, 172, 69, 110, 4, 190,
       183, 32, 112, 166, 51, 123, 0, 83, 137, 50, 109, 241, 175, 86, 66,
       80, 2, 167, 123, 1, 214, 111, 71, 180, 67, 167, 189, 92, 107, 91,
       114, 208, 112, 156, 33, 27, 68, 62, 43, 241, 244, 109, 31, 44, 14,
       231, 196, 69, 234, 241, 165, 62, 185, 242, 80, 251, 253, 80, 71,
       171, 157, 180, 25, 46, 157, 102, 190, 171, 187, 213, 16, 22, 107,
       178, 240, 27, 217, 20, 123, 195, 68, 206, 207, 250, 48, 178, 118,
       73, 220, 84, 53, 249, 223, 167, 25, 110, 223, 78, 223, 165, 183,
       253, 2, 124, 79, 186, 162, 211, 251, 80, 59, 66, 132, 78, 94, 9,
       1, 106, 57, 36, 153, 232, 49, 124, 74, 115, 100, 243, 200, 146,
       105, 50, 40, 62, 79, 213, 176, 71, 81, 198, 123, 112, 192, 124,
       136, 217, 133, 195, 222, 43, 95, 52, 220, 239, 53, 124, 79, 215,
       60, 240, 116, 158, 101, 116, 254, 125, 235, 249, 252, 253, 111,
       229, 62, 186, 128, 4, 130, 247, 125, 216, 96, 89, 233, 50, 203,
       83, 48, 37, 36, 247, 168, 191, 23, 129, 81, 118, 157, 205, 226,
       72, 151, 225, 29, 211, 225, 34, 149, 34, 131, 36, 35, 126, 34, 70,
       239, 109, 91, 66, 72, 71, 164, 247, 170, 75, 200, 157, 212, 122,
       140, 238, 226, 12, 183, 207, 157, 150, 249, 129, 19, 103, 175,
       120, 132, 54, 180, 60, 240, 189, 237, 208, 202, 143, 189, 184, 25,
       158, 221, 78, 10, 201, 147, 223, 17, 30, 107, 90, 212, 219, 217,
       29, 127, 209, 73, 78, 211, 64, 177, 24, 186, 237, 237, 145, 235,
       142, 61, 177, 25, 158, 255, 104, 65, 201, 155, 107, 1, 18, 43, 90,
       213, 221, 145, 91, 127, 80, 8, 133, 147, 225, 33, 41, 97, 109,
       127, 225, 71, 66, 104, 241, 24, 147, 24, 84, 169, 200, 140, 118,
       29, 153, 250, 241, 16, 87, 217, 16, 112, 73, 8, 210, 160, 60, 28,
       115, 238, 7, 103, 211, 112, 101, 14, 241, 10, 14, 31, 37, 29, 238,
       185, 215, 227, 40, 163, 16, 204, 147, 255, 66, 10, 115, 111, 99,
       163, 54, 4, 31, 172, 100, 111, 114, 105, 237, 170, 243, 10, 86,
       216, 33, 25, 248, 181, 78, 35, 41, 179, 16, 220, 147, 250, 65, 19,
       80, 107, 120, 39, 246, 121, 220, 244, 169, 76, 92, 234, 171, 190,
       180, 25, 31, 191, 71, 27, 141, 213, 253, 66, 76, 71, 211, 128,
       211, 251, 101, 191, 32, 120, 78, 83, 51, 2, 66, 201, 118, 34, 233,
       94, 21, 69, 212, 246, 9, 3, 180, 204, 126, 136, 23, 188, 169, 158,
       101, 222, 20, 46, 186, 196, 191, 132, 112, 253, 19, 24, 98, 159,
       55, 155, 176, 64, 190, 68, 83, 167, 108, 216, 182, 68, 122, 41,
       191, 133, 4, 177, 6, 221, 20, 38, 43, 195, 45, 46, 57, 215, 122,
       32, 230, 188, 95, 87, 80, 105, 151, 164, 231, 11, 106, 237, 38,
       214, 248, 189, 239, 161, 12, 227, 187, 157, 219, 247, 193, 31, 99,
       46, 124, 198, 101, 169, 157, 119, 201, 142, 101, 185, 234, 177,
       102, 0, 242, 243, 73, 123, 129, 70, 120, 88, 19, 216, 251, 49, 79,
       251, 85, 68, 136, 162, 194, 162, 191, 213, 106, 251, 151, 213,
       247, 220, 21, 93, 93, 183, 107, 221, 190, 229, 125, 218, 151, 243,
       223, 176, 127, 181, 39, 73, 134, 195, 191, 223, 252, 255, 40, 57,
       120, 67, 116, 207, 235, 80, 109, 44, 125, 8, 187, 23, 149, 52, 30,
       184, 70, 122, 155, 186, 112, 127, 103, 157, 32, 112, 99, 139, 70,
       161, 238, 124, 230, 148, 207, 124, 189, 214, 137, 250, 148, 255,
       56, 61, 85, 143, 236, 245, 215, 199, 225, 103, 210, 232, 117, 51,
       206, 187, 79, 125, 127, 251, 238, 226, 233, 18, 237, 121, 157,
       203, 219, 255, 177, 189, 8, 236, 95, 26, 143, 207, 255, 21, 150,
       103, 238, 242, 95, 31, 253, 255, 213, 125, 214, 87, 47, 242, 229,
       11, 107, 89, 155, 152, 139, 236, 21, 237, 255, 204, 223, 190, 22,
       73, 247, 127, 199, 96, 239, 145, 14, 93, 41, 190, 126, 191, 11,
       245, 41, 32, 53, 89, 77, 223, 192, 11, 71, 241, 225, 72, 138, 24,
       84, 173, 200, 168, 122, 25, 143, 106, 119, 149, 15, 90, 209, 126,
       91, 12, 80, 164, 227, 149, 120, 25, 108, 221, 208, 175, 95, 121,
       176, 29, 178, 24, 30, 49, 137, 130, 114, 13, 247, 62, 127, 87, 95,
       26, 80, 126, 93, 8, 210, 94, 146, 206, 134, 191, 178, 162, 60,
       231, 188, 31, 218, 243, 173, 230, 161, 73, 231, 123, 143, 129, 98,
       205, 6, 239, 160, 166, 254, 131, 148, 84, 165, 137, 64, 161, 153,
       122, 137, 253, 76, 175, 162, 49, 173, 8, 183, 167, 72, 59, 129,
       154, 104, 8, 26, 107, 250, 49, 219, 219, 80, 121, 208, 210, 206,
       40, 81, 9, 191, 228, 172, 76, 80, 31, 235, 216, 170, 8, 151, 188,
       81, 122, 128, 133, 124, 1, 141, 105, 179, 0, 219, 253, 127, 28,
       224, 96, 67, 110, 120, 158, 255, 126, 178, 106, 87, 183, 49, 15,
       254, 240, 115, 119, 136, 113, 23, 246, 108, 40, 56, 216, 33, 47,
       250, 239, 100, 209, 226, 224, 230, 43, 183, 121, 126, 101, 167,
       31, 254, 96, 253, 234, 179, 207, 75, 124, 21, 187, 190, 245, 213,
       231, 237, 245, 29, 236, 186, 91, 109, 151, 109, 247, 43, 149, 242,
       6, 238, 241, 134, 98, 253, 239, 20, 55, 215, 147, 81, 47, 58, 75,
       125, 215, 59, 164, 56, 247, 161, 198, 83, 235, 254, 133, 165, 217,
       244, 234, 56, 238, 110, 59, 84, 243, 231, 238, 86, 230, 252, 171,
       99, 109, 190, 17, 57, 234, 131, 231, 238, 190, 45, 63, 122, 79,
       165, 97, 119, 252, 126, 202, 91, 191, 18, 37, 50, 155, 62, 55, 57,
       232, 90, 237, 175, 6, 130, 212, 182, 63, 196, 4, 213, 152, 132,
       255, 190, 245, 44, 162, 14, 134, 139, 29, 101, 229, 192, 78, 221,
       28, 194, 141, 67, 161, 173, 12, 66, 104, 222, 246, 217, 206, 104,
       124, 222, 42, 221, 162, 58, 124, 5, 126, 203, 238, 218, 4, 31, 94,
