%YAML:1.0
---
descriptors: !!opencv-matrix
   rows: 270
   cols: 32
   dt: u
   data: [ 9, 200, 145, 249, 188, 143, 71, 159, 94, 3, 64, 80, 183, 65,
       16, 232, 209, 42, 34, 28, 115, 60, 91, 63, 229, 158, 55, 48, 152,
       216, 209, 168, 113, 68, 75, 136, 220, 98, 71, 79, 49, 194, 225,
       127, 18, 2, 37, 89, 248, 132, 78, 166, 57, 135, 0, 206, 176, 38,
       146, 30, 153, 121, 242, 244, 113, 140, 71, 221, 212, 34, 111, 231,
       117, 34, 238, 130, 115, 35, 176, 117, 123, 230, 50, 174, 105, 184,
       101, 175, 118, 174, 194, 0, 103, 248, 240, 40, 128, 172, 157, 241,
       236, 169, 249, 159, 222, 51, 48, 88, 157, 163, 208, 11, 131, 11,
       110, 24, 51, 124, 79, 243, 204, 154, 119, 236, 148, 200, 129, 161,
       22, 227, 247, 69, 82, 91, 175, 232, 47, 164, 115, 226, 73, 206,
       237, 164, 62, 93, 230, 226, 192, 177, 45, 221, 60, 0, 39, 134,
       103, 178, 39, 181, 31, 98, 72, 167, 114, 2, 106, 120, 49, 232,
       119, 231, 89, 39, 147, 16, 62, 205, 23, 238, 236, 210, 205, 78,
       126, 47, 173, 132, 47, 182, 42, 209, 214, 0, 220, 181, 236, 40,
       108, 9, 249, 178, 179, 27, 223, 43, 92, 91, 99, 197, 125, 163,
       120, 71, 215, 194, 213, 187, 251, 148, 165, 96, 227, 0, 89, 79,
       91, 101, 52, 10, 111, 189, 116, 160, 126, 224, 211, 99, 145, 112,
       114, 228, 76, 110, 233, 176, 109, 14, 230, 237, 37, 4, 109, 179,
       194, 41, 173, 181, 16, 227, 253, 125, 241, 25, 78, 121, 61, 28,
       222, 88, 202, 172, 159, 10, 222, 56, 183, 120, 123, 215, 207, 223,
       55, 124, 222, 14, 153, 245, 244, 73, 103, 238, 29, 82, 70, 232,
       197, 164, 242, 2, 67, 104, 52, 231, 120, 228, 108, 235, 108, 163,
       13, 173, 177, 234, 198, 19, 113, 58, 116, 6, 101, 112, 159, 22,
       44, 79, 69, 68, 249, 250, 166, 88, 246, 240, 71, 63, 137, 228,
       108, 14, 233, 231, 242, 104, 149, 186, 87, 16, 200, 121, 67, 124,
       186, 190, 163, 186, 249, 255, 150, 247, 55, 111, 252, 253, 126,
       255, 162, 21, 253, 255, 247, 18, 190, 255, 234, 175, 251, 87, 117,
       251, 203, 92, 230, 219, 198, 164, 245, 254, 190, 160, 190, 175,
       219, 179, 24, 210, 237, 234, 124, 66, 151, 119, 125, 157, 178, 77,
       142, 251, 172, 62, 95, 252, 156, 240, 129, 9, 54, 69, 98, 193,
       199, 110, 238, 231, 125, 43, 250, 2, 11, 57, 21, 25, 251, 207, 23,
       162, 221, 186, 17, 236, 183, 206, 214, 134, 239, 251, 242, 138,
       196, 175, 132, 147, 214, 168, 166, 142, 186, 147, 106, 210, 229,
       226, 73, 66, 115, 234, 42, 216, 114, 216, 207, 227, 172, 38, 143,
       68, 160, 115, 209, 0, 78, 178, 147, 186, 219, 193, 16, 71, 171,
       25, 129, 249, 140, 150, 104, 222, 197, 155, 235, 145, 30, 75, 138,
       208, 153, 208, 30, 127, 144, 4, 167, 23, 1, 255, 218, 169, 246,
       139, 119, 247, 127, 77, 122, 237, 191, 187, 128, 16, 183, 43, 70,
       4, 214, 184, 64, 127, 236, 221, 54, 194, 108, 128, 195, 137, 197,
       122, 191, 118, 42, 44, 181, 148, 234, 186, 162, 104, 190, 216, 65,
       59, 166, 117, 108, 82, 165, 101, 187, 96, 149, 249, 101, 58, 192,
       113, 3, 9, 203, 242, 116, 244, 47, 18, 92, 56, 235, 222, 20, 165,
       237, 223, 214, 183, 150, 125, 181, 239, 196, 68, 174, 221, 194,
       219, 233, 175, 46, 164, 89, 85, 122, 144, 180, 248, 53, 86, 216,
       127, 27, 125, 181, 63, 78, 61, 158, 156, 223, 149, 181, 17, 190,
       107, 41, 213, 91, 127, 89, 215, 215, 12, 254, 95, 167, 104, 163,
       154, 229, 213, 167, 197, 222, 206, 81, 82, 144, 220, 245, 172,
       201, 40, 18, 219, 227, 246, 110, 242, 45, 30, 159, 42, 212, 29,
       244, 228, 82, 250, 159, 250, 169, 164, 61, 223, 174, 27, 144, 116,
       188, 255, 96, 107, 167, 83, 127, 16, 195, 77, 154, 241, 217, 211,
       126, 250, 152, 80, 165, 59, 176, 236, 124, 73, 84, 15, 197, 125,
       85, 164, 244, 26, 19, 1, 150, 53, 120, 156, 2, 234, 233, 190, 117,
       30, 119, 139, 37, 36, 127, 168, 82, 168, 85, 211, 93, 171, 56,
       143, 70, 185, 14, 56, 219, 228, 215, 83, 169, 80, 214, 4, 46, 110,
       203, 144, 73, 29, 228, 175, 33, 212, 56, 154, 0, 17, 240, 67, 70,
       204, 13, 66, 71, 232, 229, 4, 242, 2, 99, 72, 53, 87, 120, 228,
       108, 226, 108, 231, 77, 140, 177, 226, 195, 19, 113, 59, 116, 6,
       102, 32, 241, 229, 100, 104, 248, 2, 105, 179, 178, 152, 143, 43,
       85, 27, 170, 149, 93, 145, 24, 240, 193, 192, 159, 216, 155, 163,
       197, 224, 67, 128, 244, 172, 213, 255, 237, 47, 66, 186, 83, 187,
       177, 90, 195, 121, 93, 11, 217, 198, 100, 58, 58, 102, 219, 179,
       143, 218, 213, 116, 251, 233, 80, 130, 1, 89, 127, 77, 112, 206,
       109, 119, 109, 9, 118, 96, 54, 55, 128, 116, 166, 54, 86, 72, 193,
       184, 49, 108, 103, 190, 48, 128, 66, 128, 71, 169, 81, 141, 78,
       221, 148, 170, 111, 231, 116, 134, 238, 2, 51, 33, 48, 112, 104,
       238, 42, 202, 120, 185, 5, 47, 244, 239, 214, 1, 101, 248, 240,
       40, 34, 189, 146, 232, 253, 137, 150, 239, 31, 161, 248, 107, 46,
       250, 100, 144, 217, 251, 131, 17, 82, 59, 90, 255, 61, 212, 15,
       127, 217, 90, 131, 138, 85, 60, 222, 55, 18, 42, 115, 146, 120,
       234, 250, 244, 87, 114, 147, 59, 51, 228, 124, 186, 173, 244, 157,
       106, 220, 175, 119, 132, 237, 241, 99, 17, 182, 190, 183, 58, 232,
       175, 156, 255, 63, 123, 240, 249, 110, 255, 172, 57, 255, 255,
       255, 21, 190, 223, 203, 247, 186, 82, 93, 250, 192, 220, 166, 223,
       98, 188, 188, 120, 233, 253, 145, 215, 187, 95, 180, 61, 174, 190,
       70, 27, 133, 147, 253, 16, 183, 79, 242, 241, 91, 83, 84, 251,
       218, 68, 135, 127, 162, 175, 214, 21, 182, 155, 182, 167, 218,
       166, 26, 255, 96, 232, 199, 132, 35, 110, 224, 64, 116, 248, 133,
       63, 46, 6, 117, 211, 205, 93, 219, 141, 3, 143, 66, 139, 247, 147,
       174, 231, 205, 64, 88, 231, 40, 200, 182, 132, 254, 43, 147, 197,
       214, 186, 4, 253, 46, 92, 142, 195, 95, 14, 249, 157, 166, 140,
       150, 222, 252, 43, 158, 239, 223, 147, 248, 88, 238, 233, 60, 73,
       223, 123, 111, 1, 48, 111, 75, 255, 184, 190, 87, 62, 212, 248,
       225, 137, 244, 106, 190, 116, 77, 13, 85, 76, 243, 190, 180, 24,
       82, 217, 69, 27, 137, 244, 111, 122, 104, 103, 138, 0, 83, 219,
       85, 63, 195, 249, 70, 42, 51, 249, 122, 76, 118, 217, 246, 242,
       237, 204, 252, 47, 43, 156, 182, 48, 170, 249, 87, 66, 204, 187,
       54, 237, 115, 221, 36, 139, 103, 180, 102, 207, 50, 104, 82, 236,
       87, 139, 218, 64, 95, 160, 224, 10, 42, 152, 21, 180, 250, 185,
       87, 65, 12, 187, 64, 222, 147, 220, 129, 51, 119, 12, 90, 142,
       162, 176, 144, 184, 233, 237, 176, 79, 159, 63, 0, 25, 172, 158,
       106, 136, 201, 27, 235, 17, 18, 111, 194, 209, 157, 80, 26, 127,
       208, 76, 143, 143, 13, 181, 112, 195, 253, 127, 241, 217, 127,
       253, 181, 126, 222, 92, 218, 175, 191, 136, 222, 58, 183, 112,
       249, 212, 223, 219, 35, 247, 207, 143, 219, 247, 111, 162, 172,
       97, 172, 63, 203, 153, 3, 191, 189, 220, 211, 105, 219, 190, 93,
       196, 127, 63, 153, 98, 237, 146, 142, 223, 165, 252, 222, 239, 90,
       97, 2, 184, 186, 155, 103, 245, 184, 67, 191, 95, 84, 55, 172,
       158, 102, 140, 175, 59, 179, 145, 18, 94, 146, 241, 15, 81, 218,
       235, 128, 4, 47, 223, 198, 207, 229, 254, 186, 96, 15, 174, 151,
       31, 217, 243, 233, 239, 168, 75, 95, 211, 175, 226, 250, 75, 239,
       247, 168, 246, 255, 221, 181, 243, 180, 113, 136, 241, 185, 235,
       253, 237, 177, 207, 78, 61, 52, 56, 174, 28, 72, 168, 131, 27,
       202, 16, 50, 120, 121, 145, 237, 213, 21, 119, 208, 88, 135, 171,
       136, 140, 185, 121, 48, 237, 83, 158, 22, 15, 100, 16, 183, 23,
       128, 120, 85, 26, 60, 8, 42, 156, 99, 55, 207, 143, 48, 80, 146,
       136, 196, 105, 245, 119, 20, 236, 172, 15, 86, 252, 63, 186, 184,
       108, 223, 122, 9, 147, 223, 221, 126, 106, 232, 99, 219, 255, 177,
       219, 111, 190, 88, 123, 131, 1, 93, 103, 151, 238, 173, 63, 102,
       216, 127, 170, 177, 76, 207, 226, 137, 255, 221, 204, 110, 110,
