%YAML:1.0
---
descriptors: !!opencv-matrix
   rows: 185
   cols: 32
   dt: u
   data: [ 54, 167, 229, 239, 188, 39, 202, 188, 83, 184, 248, 74, 99,
       105, 92, 2, 89, 206, 53, 185, 138, 122, 207, 189, 42, 254, 197,
       244, 247, 235, 80, 12, 242, 78, 247, 236, 126, 3, 222, 104, 27,
       162, 218, 234, 95, 125, 181, 25, 191, 253, 53, 231, 232, 215, 13,
       255, 186, 126, 237, 150, 45, 243, 35, 17, 198, 165, 177, 190, 252,
       161, 188, 173, 155, 179, 17, 155, 236, 234, 92, 11, 151, 127, 121,
       149, 242, 69, 142, 211, 172, 30, 223, 254, 148, 102, 145, 4, 53,
       199, 197, 182, 252, 7, 198, 172, 83, 187, 184, 74, 67, 104, 93,
       27, 217, 206, 36, 255, 123, 98, 75, 191, 184, 158, 213, 124, 217,
       250, 210, 128, 4, 165, 20, 139, 221, 125, 180, 111, 30, 53, 89,
       26, 204, 82, 74, 128, 249, 11, 162, 16, 54, 120, 91, 213, 45, 20,
       159, 103, 144, 12, 141, 134, 240, 64, 223, 244, 78, 10, 109, 4,
       249, 146, 178, 90, 123, 42, 21, 91, 106, 229, 108, 234, 104, 199,
       195, 202, 149, 186, 214, 16, 37, 113, 98, 40, 201, 255, 125, 255,
       126, 156, 127, 184, 226, 248, 21, 226, 253, 95, 155, 39, 54, 112,
       125, 238, 227, 80, 239, 157, 110, 233, 171, 160, 54, 166, 81, 241,
       166, 156, 150, 252, 252, 171, 150, 239, 223, 131, 240, 120, 238,
       249, 36, 205, 215, 123, 127, 32, 50, 111, 10, 255, 186, 254, 87,
       122, 214, 249, 161, 135, 89, 186, 156, 247, 169, 13, 93, 183, 59,
       187, 191, 92, 255, 51, 66, 82, 167, 247, 253, 0, 218, 95, 219, 51,
       255, 255, 117, 178, 234, 192, 139, 27, 94, 46, 213, 245, 101, 106,
       104, 2, 57, 166, 242, 194, 239, 107, 85, 159, 186, 237, 109, 179,
       41, 240, 145, 202, 132, 246, 203, 3, 239, 113, 103, 142, 196, 54,
       249, 229, 232, 46, 105, 24, 58, 187, 63, 92, 213, 35, 201, 122,
       23, 93, 125, 60, 177, 208, 217, 66, 205, 189, 103, 164, 136, 227,
       67, 33, 2, 187, 25, 186, 254, 193, 178, 238, 142, 5, 88, 35, 164,
       191, 96, 64, 203, 59, 3, 65, 22, 26, 66, 245, 189, 20, 26, 107,
       16, 10, 165, 139, 134, 142, 181, 87, 224, 42, 188, 167, 126, 59,
       66, 112, 204, 60, 92, 239, 167, 87, 35, 17, 48, 252, 43, 226, 45,
       54, 94, 70, 132, 81, 133, 175, 247, 123, 229, 34, 142, 19, 78,
       216, 67, 242, 144, 238, 83, 92, 217, 63, 124, 212, 93, 255, 201,
       99, 239, 56, 242, 8, 229, 188, 125, 251, 114, 112, 110, 252, 156,
       122, 185, 221, 22, 137, 155, 23, 173, 25, 238, 251, 110, 155, 131,
       115, 233, 18, 102, 75, 218, 51, 235, 215, 85, 123, 82, 87, 143,
       10, 0, 173, 17, 153, 248, 233, 52, 239, 46, 1, 74, 97, 180, 178,
       96, 64, 129, 59, 106, 0, 18, 24, 194, 119, 45, 180, 30, 106, 144,
       64, 129, 138, 102, 48, 233, 114, 108, 233, 153, 10, 171, 255, 191,
       185, 84, 157, 93, 42, 143, 149, 251, 17, 2, 103, 250, 208, 95, 85,
       89, 255, 197, 79, 87, 123, 218, 182, 148, 187, 171, 248, 17, 142,
       174, 31, 130, 177, 174, 254, 74, 202, 167, 19, 237, 17, 62, 77,
       131, 243, 137, 243, 90, 115, 144, 68, 13, 75, 91, 165, 114, 123,
       179, 190, 120, 55, 253, 9, 79, 209, 173, 191, 16, 244, 39, 63,
       125, 140, 178, 153, 133, 215, 239, 255, 50, 192, 34, 132, 131, 9,
       27, 91, 123, 229, 50, 214, 187, 114, 45, 72, 94, 231, 188, 159,
       164, 100, 182, 61, 159, 197, 129, 153, 48, 239, 247, 253, 42, 130,
       14, 134, 37, 121, 53, 227, 131, 234, 172, 149, 78, 220, 198, 88,
       185, 66, 83, 192, 249, 234, 220, 200, 62, 254, 203, 99, 170, 176,
       185, 201, 229, 252, 144, 251, 240, 160, 1, 15, 254, 229, 246, 142,
       110, 119, 252, 128, 126, 66, 125, 179, 49, 114, 118, 117, 58, 106,
       224, 153, 17, 238, 245, 174, 207, 0, 46, 242, 33, 168, 2, 235, 17,
       154, 216, 141, 162, 239, 158, 1, 72, 75, 164, 247, 104, 0, 237,
       59, 3, 17, 18, 26, 26, 245, 189, 20, 30, 106, 144, 10, 133, 170,
       225, 68, 204, 37, 236, 46, 108, 191, 122, 179, 50, 92, 211, 32,
       218, 123, 71, 70, 124, 60, 252, 244, 197, 2, 44, 186, 117, 180,
       236, 248, 208, 1, 200, 216, 157, 190, 9, 205, 17, 162, 142, 91,
       160, 25, 190, 247, 98, 90, 129, 51, 249, 0, 39, 79, 218, 51, 193,
       247, 88, 59, 16, 8, 5, 91, 85, 103, 196, 71, 176, 27, 110, 184,
       118, 168, 107, 228, 211, 96, 153, 112, 50, 76, 36, 110, 205, 208,
       237, 62, 46, 239, 101, 132, 111, 243, 72, 5, 177, 252, 141, 111,
       25, 15, 195, 188, 86, 226, 162, 12, 242, 73, 25, 32, 221, 212,
       106, 106, 235, 100, 217, 63, 117, 143, 5, 60, 121, 59, 90, 24,
       246, 92, 214, 158, 77, 70, 86, 232, 185, 142, 227, 11, 78, 254,
       47, 223, 248, 245, 239, 99, 108, 71, 154, 202, 145, 50, 207, 31,
       1, 127, 110, 70, 52, 176, 184, 243, 221, 47, 241, 200, 91, 177,
       33, 27, 30, 217, 76, 58, 185, 217, 83, 16, 26, 118, 218, 144, 95,
       217, 81, 127, 241, 105, 86, 130, 77, 37, 155, 229, 242, 46, 104,
       19, 58, 179, 107, 80, 221, 51, 73, 250, 183, 95, 124, 60, 49, 208,
       153, 66, 207, 237, 119, 68, 136, 227, 195, 161, 45, 93, 23, 238,
       61, 207, 86, 48, 197, 136, 251, 68, 255, 249, 33, 240, 212, 114,
       92, 106, 201, 161, 88, 63, 227, 255, 37, 26, 90, 59, 64, 51, 250,
       56, 234, 208, 139, 253, 145, 23, 187, 127, 150, 191, 170, 189, 70,
       46, 237, 183, 253, 145, 190, 111, 242, 226, 219, 119, 220, 251,
       231, 76, 158, 95, 75, 50, 135, 53, 34, 62, 60, 51, 56, 207, 94,
       245, 221, 46, 130, 250, 166, 87, 253, 132, 149, 208, 177, 74, 6,
       103, 126, 128, 138, 228, 171, 81, 107, 178, 185, 252, 125, 149,
       152, 127, 27, 121, 149, 127, 60, 28, 30, 56, 207, 23, 245, 21,
       183, 107, 225, 215, 27, 127, 250, 254, 223, 12, 247, 95, 60, 117,
       17, 238, 189, 15, 86, 248, 63, 170, 249, 72, 223, 91, 9, 176, 220,
       221, 92, 98, 105, 231, 89, 190, 243, 255, 5, 60, 74, 187, 66, 51,
       196, 172, 133, 147, 148, 168, 166, 137, 190, 147, 11, 82, 228,
       226, 72, 79, 113, 110, 42, 154, 114, 92, 203, 243, 172, 38, 223,
       68, 128, 106, 177, 0, 203, 83, 124, 237, 110, 19, 93, 57, 201,
       234, 21, 226, 221, 223, 144, 35, 134, 53, 253, 239, 192, 196, 231,
       157, 70, 251, 233, 140, 55, 164, 69, 243, 198, 164, 145, 159, 220,
       168, 174, 169, 154, 179, 17, 18, 236, 234, 88, 67, 51, 111, 123,
       147, 114, 68, 202, 211, 172, 22, 223, 108, 148, 98, 145, 128, 36,
       174, 196, 243, 252, 47, 198, 185, 83, 187, 185, 77, 67, 105, 93,
       150, 217, 206, 100, 18, 30, 126, 203, 179, 47, 222, 197, 116, 233,
       250, 216, 128, 124, 117, 153, 229, 188, 15, 94, 184, 59, 170, 184,
       104, 223, 127, 73, 16, 149, 221, 125, 114, 121, 82, 217, 62, 251,
       223, 37, 180, 74, 241, 194, 51, 130, 140, 214, 252, 251, 171, 156,
       239, 159, 147, 248, 88, 238, 251, 36, 205, 199, 123, 110, 16, 50,
       111, 2, 255, 184, 254, 87, 122, 212, 249, 161, 141, 117, 112, 23,
       162, 45, 15, 67, 248, 233, 232, 173, 72, 222, 210, 72, 118, 148,
       193, 92, 122, 201, 35, 122, 72, 153, 216, 5, 126, 64, 35, 67, 101,
       38, 32, 241, 241, 100, 8, 248, 0, 235, 177, 177, 139, 141, 11, 85,
       59, 174, 157, 95, 157, 134, 114, 192, 192, 158, 216, 155, 163,
       199, 160, 67, 134, 242, 79, 103, 174, 149, 2, 78, 224, 229, 132,
       210, 3, 99, 104, 53, 215, 120, 228, 109, 227, 108, 163, 5, 172,
       179, 226, 198, 19, 39, 190, 116, 14, 198, 38, 174, 149, 200, 98,
       173, 143, 186, 183, 11, 177, 192, 42, 95, 91, 97, 71, 105, 145,
       48, 212, 207, 64, 12, 34, 223, 135, 132, 113, 191, 6, 74, 179,
       123, 121, 243, 220, 125, 55, 125, 77, 127, 84, 175, 139, 22, 212,
       166, 175, 127, 137, 211, 152, 181, 213, 63, 252, 54, 194, 46, 132,
       235, 93, 48, 111, 26, 173, 28, 199, 198, 111, 70, 140, 248, 67,
       179, 216, 33, 0, 216, 170, 14, 32, 78, 171, 64, 63, 241, 135, 167,
       57, 113, 26, 118, 138, 66, 190, 150, 248, 253, 165, 152, 95, 159,
       187, 176, 120, 188, 191, 228, 207, 231, 63, 255, 17, 178, 79, 130,
       242, 152, 219, 127, 250, 152, 64, 163, 169, 27, 93, 123, 228, 114,
