%YAML:1.0
---
descriptors: !!opencv-matrix
   rows: 280
   cols: 32
   dt: u
   data: [ 99, 31, 6, 142, 149, 178, 142, 119, 164, 64, 202, 199, 96,
       232, 52, 196, 92, 226, 171, 231, 237, 139, 92, 191, 184, 38, 138,
       202, 28, 102, 184, 28, 28, 20, 62, 191, 130, 224, 189, 65, 164,
       142, 223, 163, 221, 247, 35, 75, 102, 59, 143, 162, 48, 144, 32,
       72, 213, 227, 234, 129, 160, 113, 45, 211, 11, 192, 123, 75, 119,
       215, 187, 220, 79, 77, 124, 6, 57, 206, 190, 100, 127, 9, 22, 221,
       195, 184, 63, 245, 103, 93, 18, 196, 95, 154, 97, 253, 237, 62,
       132, 5, 168, 58, 78, 56, 119, 242, 67, 212, 211, 98, 209, 231, 81,
       108, 104, 238, 237, 212, 223, 130, 172, 58, 197, 52, 10, 245, 90,
       52, 49, 141, 111, 236, 30, 131, 205, 119, 68, 97, 218, 198, 113,
       173, 176, 96, 126, 164, 31, 173, 217, 187, 37, 159, 240, 174, 178,
       144, 61, 170, 240, 120, 231, 190, 238, 22, 242, 50, 190, 248, 81,
       215, 21, 255, 73, 108, 222, 175, 183, 79, 179, 183, 181, 199, 191,
       239, 62, 107, 205, 239, 173, 245, 187, 213, 182, 182, 236, 55,
       138, 51, 189, 235, 151, 254, 149, 183, 100, 108, 159, 11, 191, 67,
       239, 167, 228, 69, 15, 125, 44, 3, 253, 151, 181, 244, 158, 221,
       21, 135, 207, 229, 134, 34, 237, 187, 100, 243, 218, 230, 81, 43,
       217, 106, 123, 198, 62, 189, 153, 248, 13, 192, 220, 174, 239,
       132, 173, 250, 112, 40, 14, 143, 48, 139, 245, 183, 186, 205, 31,
       13, 93, 35, 236, 126, 47, 196, 223, 27, 147, 241, 22, 152, 73,
       255, 47, 86, 143, 199, 150, 95, 189, 199, 49, 71, 110, 109, 84, 6,
       239, 122, 116, 0, 250, 70, 81, 106, 183, 112, 120, 204, 38, 239,
       236, 178, 101, 14, 116, 175, 162, 132, 125, 171, 112, 128, 46, 63,
       251, 222, 127, 245, 187, 208, 31, 77, 89, 171, 44, 252, 181, 32,
       222, 123, 151, 83, 134, 35, 42, 251, 119, 93, 170, 171, 213, 79,
       55, 255, 41, 67, 65, 77, 120, 22, 206, 56, 113, 200, 244, 196,
       243, 66, 149, 180, 92, 236, 68, 238, 205, 178, 197, 13, 38, 252,
       163, 128, 91, 162, 106, 133, 165, 120, 178, 21, 101, 30, 230, 150,
       123, 234, 38, 76, 178, 152, 87, 190, 128, 108, 64, 78, 197, 244,
       144, 42, 39, 156, 85, 48, 74, 121, 75, 141, 25, 214, 74, 233, 54,
       131, 237, 87, 84, 11, 222, 246, 25, 9, 180, 96, 127, 136, 23, 157,
       219, 188, 37, 214, 246, 205, 190, 196, 253, 136, 240, 185, 125,
       111, 197, 199, 206, 19, 79, 252, 65, 226, 189, 238, 83, 97, 211,
       182, 94, 196, 92, 238, 205, 242, 237, 168, 190, 205, 229, 180,
       111, 254, 90, 125, 130, 159, 99, 153, 244, 147, 190, 255, 29, 72,
       90, 231, 236, 110, 180, 196, 223, 35, 151, 229, 242, 152, 73, 255,
       46, 126, 174, 194, 22, 14, 177, 157, 56, 221, 114, 236, 117, 86,
       94, 125, 85, 12, 254, 3, 123, 253, 50, 192, 248, 254, 151, 234,
       204, 187, 17, 143, 243, 237, 166, 129, 119, 190, 124, 202, 254,
       246, 140, 182, 155, 114, 22, 171, 178, 247, 139, 183, 199, 236,
       74, 138, 147, 71, 237, 183, 62, 69, 207, 163, 248, 231, 239, 255,
       164, 117, 191, 87, 219, 31, 114, 228, 98, 26, 124, 119, 41, 202,
       254, 238, 61, 31, 151, 246, 230, 181, 255, 140, 225, 159, 164,
       202, 246, 249, 186, 128, 47, 228, 107, 89, 2, 201, 32, 157, 29,
       209, 184, 43, 143, 4, 66, 3, 172, 216, 54, 196, 216, 41, 187, 193,
       70, 40, 27, 221, 173, 116, 143, 75, 22, 12, 53, 142, 188, 103,
       144, 225, 253, 47, 94, 216, 127, 188, 188, 72, 207, 43, 73, 24,
       153, 192, 76, 122, 44, 114, 73, 186, 235, 219, 37, 180, 194, 249,
       202, 129, 72, 43, 24, 229, 181, 10, 100, 39, 109, 168, 234, 76,
       143, 0, 21, 80, 128, 134, 108, 12, 76, 216, 193, 12, 164, 255, 52,
       21, 8, 224, 90, 10, 116, 171, 140, 42, 56, 11, 88, 232, 38, 53,
       160, 169, 199, 66, 10, 16, 218, 197, 109, 214, 72, 11, 203, 52,
       216, 225, 97, 125, 112, 34, 10, 10, 9, 249, 51, 42, 118, 141, 243,
       208, 234, 200, 120, 76, 190, 217, 96, 16, 182, 41, 86, 95, 195,
       56, 154, 125, 229, 220, 35, 42, 88, 3, 3, 235, 247, 86, 237, 87,
       142, 50, 143, 154, 82, 242, 157, 246, 81, 100, 223, 111, 127, 198,
       54, 254, 169, 246, 239, 170, 126, 10, 231, 164, 191, 255, 120,
       117, 1, 140, 75, 233, 52, 166, 107, 55, 116, 1, 74, 70, 241, 35,
       176, 96, 85, 42, 30, 188, 185, 152, 85, 31, 228, 174, 162, 192,
       184, 138, 160, 40, 3, 159, 113, 137, 244, 195, 191, 255, 13, 232,
       88, 231, 164, 108, 180, 4, 222, 59, 23, 241, 211, 184, 97, 255,
       44, 28, 175, 194, 29, 10, 177, 221, 198, 249, 18, 159, 15, 205,
       190, 232, 174, 180, 129, 3, 236, 222, 99, 198, 233, 125, 235, 243,
       70, 71, 218, 249, 189, 48, 143, 63, 16, 55, 47, 134, 34, 184, 251,
       218, 237, 253, 249, 215, 95, 89, 124, 127, 190, 222, 127, 56, 255,
       187, 151, 17, 147, 122, 250, 241, 95, 93, 190, 234, 223, 205, 199,
       255, 49, 207, 111, 254, 190, 128, 79, 241, 196, 74, 221, 230, 113,
       227, 184, 97, 126, 226, 62, 206, 235, 43, 46, 191, 240, 239, 238,
       136, 61, 186, 240, 57, 241, 91, 79, 236, 44, 2, 77, 254, 68, 202,
       210, 230, 51, 35, 177, 99, 72, 228, 60, 238, 233, 139, 101, 136,
       240, 170, 230, 144, 61, 248, 112, 57, 210, 249, 89, 202, 123, 213,
       27, 232, 175, 64, 172, 168, 60, 222, 100, 48, 166, 185, 223, 194,
       67, 15, 186, 243, 251, 213, 9, 251, 24, 2, 39, 63, 38, 81, 22,
       140, 77, 85, 188, 64, 141, 132, 209, 3, 140, 222, 47, 207, 200,
       57, 155, 227, 68, 163, 82, 192, 21, 112, 202, 155, 23, 63, 61,
       134, 75, 163, 236, 69, 94, 26, 248, 123, 107, 241, 20, 202, 25,
       44, 214, 47, 47, 7, 119, 173, 181, 120, 167, 205, 94, 11, 251,
       172, 175, 164, 83, 253, 20, 36, 60, 113, 48, 235, 81, 18, 54, 45,
       255, 16, 151, 31, 0, 40, 233, 189, 109, 144, 58, 144, 97, 20, 205,
       205, 171, 85, 224, 65, 4, 99, 218, 184, 191, 250, 187, 224, 17,
       71, 191, 29, 172, 49, 172, 191, 96, 90, 229, 51, 233, 144, 50, 75,
       178, 241, 219, 211, 90, 123, 146, 64, 167, 123, 8, 220, 115, 88,
       83, 215, 177, 246, 93, 3, 100, 18, 60, 55, 36, 181, 127, 59, 146,
       8, 51, 188, 48, 255, 127, 47, 18, 74, 83, 0, 231, 187, 31, 38,
       224, 227, 182, 62, 250, 19, 105, 231, 125, 230, 201, 111, 223,
       174, 55, 205, 149, 191, 144, 240, 173, 200, 142, 221, 175, 196,
       239, 231, 219, 245, 25, 97, 111, 173, 14, 203, 107, 16, 102, 97,
       222, 198, 211, 9, 146, 96, 106, 140, 126, 221, 159, 184, 245, 4,
       214, 237, 163, 0, 45, 139, 112, 64, 22, 3, 198, 128, 195, 114,
       156, 235, 41, 30, 154, 163, 12, 46, 39, 222, 239, 151, 207, 161,
       72, 131, 33, 200, 144, 214, 222, 151, 167, 116, 166, 103, 222, 52,
       182, 181, 171, 126, 56, 11, 185, 223, 151, 53, 206, 62, 75, 223,
       167, 85, 253, 19, 180, 197, 179, 192, 139, 243, 95, 151, 130, 101,
       45, 87, 74, 199, 124, 170, 110, 25, 252, 189, 201, 53, 148, 175,
       141, 10, 58, 83, 239, 147, 223, 161, 230, 41, 70, 213, 246, 241,
       250, 253, 52, 156, 141, 75, 18, 149, 91, 224, 179, 98, 49, 113,
       41, 9, 251, 114, 94, 127, 172, 113, 254, 159, 151, 160, 57, 147,
       16, 207, 251, 228, 42, 199, 57, 34, 165, 51, 55, 115, 234, 10,
       238, 17, 222, 216, 67, 84, 181, 239, 73, 204, 255, 60, 127, 201,
       151, 255, 207, 39, 191, 240, 58, 73, 167, 236, 255, 183, 250, 213,
       49, 193, 111, 239, 52, 139, 235, 117, 68, 73, 222, 70, 113, 33,
       184, 96, 124, 164, 31, 205, 201, 185, 37, 13, 240, 172, 186, 192,
       61, 138, 240, 40, 14, 232, 160, 131, 205, 113, 186, 202, 31, 245,
       77, 3, 140, 252, 126, 132, 251, 91, 147, 211, 22, 50, 122, 241,
       15, 85, 143, 111, 151, 127, 61, 198, 7, 255, 241, 222, 118, 225,
       187, 216, 159, 73, 88, 239, 124, 252, 191, 32, 190, 123, 151, 199,
       131, 35, 62, 251, 114, 93, 171, 170, 223, 223, 55, 253, 27, 151,
       105, 173, 230, 0, 189, 127, 10, 83, 92, 247, 61, 47, 240, 32, 47,
       27, 151, 133, 211, 24, 164, 211, 118, 109, 190, 236, 61, 196, 179,
