%YAML:1.0
---
descriptors: !!opencv-matrix
   rows: 283
   cols: 32
   dt: u
   data: [ 27, 79, 230, 132, 215, 146, 191, 119, 173, 198, 222, 167, 105,
       238, 183, 70, 126, 229, 159, 173, 228, 131, 36, 202, 114, 95, 143,
       139, 175, 244, 185, 221, 61, 37, 66, 75, 84, 159, 226, 252, 85,
       232, 249, 70, 83, 88, 189, 164, 120, 136, 22, 127, 223, 179, 93,
       156, 62, 76, 37, 68, 127, 159, 122, 132, 80, 133, 45, 239, 144,
       78, 97, 63, 116, 9, 207, 80, 243, 55, 8, 112, 113, 150, 44, 184,
       59, 152, 113, 31, 237, 166, 178, 64, 32, 130, 196, 104, 173, 241,
       97, 73, 252, 31, 207, 184, 87, 224, 121, 204, 211, 84, 221, 180,
       88, 204, 86, 110, 233, 50, 125, 30, 44, 156, 165, 116, 95, 187,
       82, 244, 35, 161, 127, 93, 60, 151, 136, 105, 86, 160, 113, 194,
       112, 216, 180, 33, 158, 56, 50, 125, 193, 248, 127, 29, 43, 14,
       69, 70, 85, 170, 80, 164, 1, 157, 31, 251, 180, 175, 111, 51, 124,
       72, 91, 68, 245, 119, 32, 96, 244, 51, 31, 60, 241, 152, 17, 63,
       237, 174, 42, 192, 152, 138, 161, 49, 163, 204, 226, 156, 100, 18,
       188, 101, 120, 198, 80, 135, 40, 232, 54, 33, 254, 237, 179, 231,
       196, 250, 166, 233, 22, 56, 202, 138, 77, 44, 123, 205, 21, 69,
       55, 68, 168, 46, 239, 105, 172, 142, 251, 4, 222, 226, 189, 110,
       180, 100, 108, 46, 225, 161, 51, 76, 161, 254, 99, 20, 72, 115,
       97, 52, 37, 227, 113, 65, 80, 91, 234, 188, 102, 160, 122, 192,
       211, 4, 221, 180, 62, 220, 6, 248, 203, 176, 109, 92, 44, 140, 37,
       4, 97, 178, 70, 172, 10, 77, 50, 158, 221, 215, 182, 101, 158, 4,
       76, 3, 236, 252, 39, 64, 216, 123, 131, 1, 102, 187, 90, 255, 55,
       54, 143, 11, 19, 126, 189, 142, 79, 186, 229, 103, 54, 18, 251,
       56, 119, 248, 87, 231, 249, 127, 222, 102, 54, 93, 253, 223, 197,
       208, 173, 204, 78, 251, 235, 196, 47, 167, 113, 249, 94, 253, 149,
       179, 179, 204, 246, 231, 63, 249, 186, 65, 252, 127, 64, 210, 171,
       247, 127, 208, 83, 120, 155, 247, 189, 214, 95, 66, 130, 112, 167,
       251, 30, 94, 102, 154, 79, 224, 191, 98, 141, 206, 222, 167, 40,
       207, 55, 65, 238, 185, 183, 199, 192, 139, 6, 236, 112, 49, 138,
       203, 21, 55, 53, 219, 53, 73, 99, 222, 84, 150, 203, 112, 197,
       192, 215, 194, 113, 220, 181, 228, 120, 232, 22, 207, 137, 163,
       54, 232, 50, 40, 170, 136, 63, 171, 112, 228, 60, 9, 106, 238, 78,
       194, 75, 80, 197, 128, 247, 2, 115, 233, 181, 96, 88, 248, 23,
       234, 200, 163, 126, 140, 83, 173, 163, 136, 119, 171, 116, 160,
       138, 121, 162, 158, 111, 84, 188, 64, 153, 204, 80, 131, 168, 222,
       119, 175, 238, 121, 179, 199, 196, 214, 150, 232, 21, 56, 218,
       171, 7, 53, 63, 222, 101, 117, 209, 71, 96, 126, 230, 60, 121,
       234, 121, 108, 122, 118, 221, 183, 22, 252, 84, 106, 193, 242,
       253, 106, 47, 188, 37, 160, 75, 243, 66, 189, 73, 141, 29, 251,
       48, 234, 107, 182, 61, 65, 107, 192, 253, 39, 168, 112, 6, 51, 62,
       206, 19, 152, 57, 127, 228, 190, 58, 64, 16, 131, 161, 104, 97,
       38, 237, 69, 60, 11, 64, 35, 96, 230, 186, 200, 227, 40, 148, 51,
       10, 228, 108, 44, 188, 250, 229, 12, 174, 170, 97, 48, 101, 232,
       82, 76, 47, 185, 161, 195, 213, 215, 163, 200, 95, 225, 88, 66,
       232, 252, 125, 164, 217, 122, 18, 217, 215, 176, 124, 240, 45, 92,
       143, 102, 211, 94, 81, 252, 93, 97, 149, 166, 168, 2, 79, 169, 41,
       138, 171, 96, 223, 99, 201, 214, 51, 196, 108, 106, 72, 193, 203,
       8, 184, 255, 103, 20, 130, 242, 43, 33, 216, 181, 188, 180, 142,
       61, 29, 127, 2, 231, 158, 31, 255, 61, 66, 34, 143, 247, 253, 5,
       157, 107, 249, 130, 219, 195, 93, 59, 44, 104, 141, 83, 84, 20,
       29, 229, 48, 38, 91, 58, 48, 43, 235, 33, 215, 119, 128, 112, 247,
       213, 125, 174, 56, 208, 193, 14, 241, 239, 171, 132, 160, 227, 34,
       35, 118, 177, 160, 18, 219, 117, 16, 205, 155, 125, 141, 27, 74,
       252, 78, 30, 157, 155, 249, 53, 30, 67, 250, 208, 27, 84, 29, 255,
       211, 79, 222, 87, 30, 54, 234, 161, 246, 115, 249, 83, 21, 229,
       222, 247, 25, 15, 246, 168, 127, 157, 147, 157, 154, 219, 37, 194,
       90, 77, 158, 197, 167, 196, 189, 240, 226, 22, 245, 216, 239, 125,
       153, 219, 155, 123, 48, 127, 12, 188, 119, 59, 167, 147, 247, 5,
       165, 109, 178, 211, 19, 90, 93, 191, 215, 124, 87, 127, 63, 36,
       226, 140, 95, 119, 216, 74, 23, 197, 236, 131, 9, 141, 55, 204,
       122, 168, 147, 189, 14, 163, 52, 138, 147, 237, 138, 45, 183, 237,
       120, 206, 122, 177, 227, 96, 249, 245, 153, 95, 11, 77, 188, 175,
       8, 188, 118, 52, 156, 155, 181, 129, 159, 43, 178, 209, 91, 93,
       137, 239, 215, 6, 246, 119, 118, 51, 106, 128, 246, 146, 187, 89,
       169, 236, 29, 175, 8, 140, 247, 12, 190, 181, 215, 247, 198, 51,
       172, 216, 30, 24, 175, 231, 231, 134, 127, 215, 66, 49, 144, 152,
       217, 181, 144, 79, 139, 157, 140, 15, 172, 154, 103, 74, 232, 187,
       203, 145, 22, 11, 210, 192, 209, 20, 154, 59, 144, 77, 13, 78, 6,
       139, 234, 139, 242, 161, 191, 199, 14, 13, 88, 231, 133, 238, 255,
       64, 255, 27, 7, 149, 150, 152, 46, 119, 44, 4, 190, 205, 148, 210,
       165, 193, 109, 31, 87, 36, 162, 42, 30, 48, 169, 234, 187, 237,
       95, 110, 135, 219, 151, 101, 236, 102, 189, 195, 205, 40, 18, 250,
       97, 150, 238, 247, 42, 81, 129, 205, 84, 223, 112, 200, 111, 248,
       191, 88, 124, 4, 252, 211, 173, 85, 211, 106, 23, 78, 99, 136, 10,
       127, 100, 186, 34, 138, 26, 147, 99, 187, 34, 176, 235, 145, 117,
       243, 185, 70, 95, 93, 92, 179, 8, 156, 126, 40, 255, 27, 147, 149,
       150, 186, 52, 215, 79, 93, 154, 239, 197, 12, 247, 223, 245, 124,
       157, 240, 45, 109, 81, 10, 251, 178, 161, 24, 222, 153, 69, 59,
       129, 197, 124, 18, 41, 103, 218, 242, 219, 218, 81, 127, 200, 121,
       67, 34, 173, 189, 232, 226, 244, 48, 250, 240, 115, 197, 125, 171,
       89, 111, 247, 112, 255, 219, 151, 252, 180, 58, 236, 174, 126,
       205, 167, 233, 247, 231, 102, 241, 59, 24, 182, 92, 173, 245, 112,
       91, 207, 93, 93, 5, 142, 252, 102, 238, 207, 42, 183, 4, 159, 218,
       246, 129, 203, 127, 80, 235, 178, 237, 252, 215, 127, 107, 108,
       21, 169, 153, 86, 172, 235, 252, 174, 13, 107, 200, 151, 182, 144,
       228, 236, 110, 204, 99, 239, 61, 58, 123, 69, 59, 67, 182, 74, 76,
       242, 232, 153, 186, 41, 241, 80, 207, 171, 23, 169, 153, 174, 222,
       106, 88, 201, 153, 237, 3, 74, 7, 234, 243, 145, 212, 26, 63, 16,
       86, 6, 110, 254, 54, 150, 16, 235, 60, 16, 87, 187, 243, 163, 253,
       14, 162, 78, 223, 167, 215, 233, 20, 55, 79, 154, 66, 154, 242,
       94, 126, 138, 69, 139, 23, 8, 190, 156, 184, 172, 45, 17, 190,
       142, 61, 152, 125, 151, 177, 72, 2, 199, 83, 108, 17, 10, 107,
       203, 49, 200, 149, 55, 254, 216, 88, 133, 59, 134, 91, 98, 188,
       79, 164, 190, 103, 156, 196, 222, 135, 44, 239, 51, 69, 238, 251,
       179, 199, 192, 139, 18, 236, 113, 112, 202, 139, 23, 124, 53, 218,
       252, 88, 242, 174, 69, 118, 82, 80, 113, 130, 243, 19, 75, 217,
       51, 223, 248, 236, 189, 227, 172, 247, 145, 138, 147, 233, 195, 3,
       231, 255, 126, 130, 60, 100, 120, 106, 61, 99, 83, 216, 67, 45,
       189, 8, 83, 89, 109, 24, 217, 216, 4, 122, 10, 39, 72, 54, 251,
       205, 37, 125, 243, 187, 102, 35, 34, 255, 18, 152, 219, 197, 156,
       231, 191, 21, 184, 187, 44, 206, 102, 148, 175, 187, 195, 128, 86,
       11, 2, 245, 59, 20, 30, 123, 81, 12, 175, 207, 112, 96, 157, 253,
       28, 15, 64, 56, 118, 224, 163, 72, 215, 49, 0, 123, 208, 212, 104,
       104, 40, 243, 217, 28, 219, 239, 113, 16, 0, 169, 84, 34, 73, 152,
       151, 117, 37, 14, 165, 55, 248, 26, 114, 84, 190, 49, 0, 255, 166,
       102, 108, 8, 241, 252, 179, 9, 197, 250, 112, 0, 74, 96, 195, 171,
       13, 154, 125, 237, 54, 90, 235, 184, 70, 104, 95, 166, 221, 125,
       186, 100, 62, 180, 183, 239, 193, 176, 45, 221, 230, 237, 235,
       196, 55, 174, 21, 241, 194, 172, 144, 158, 253, 184, 188, 7, 155,
