%YAML:1.0
---
descriptors: !!opencv-matrix
   rows: 331
   cols: 32
   dt: u
   data: [ 180, 71, 75, 237, 118, 2, 235, 120, 116, 160, 242, 230, 81, 3,
       177, 65, 126, 204, 6, 238, 232, 178, 5, 12, 116, 170, 162, 128,
       101, 171, 112, 160, 163, 197, 99, 89, 196, 187, 173, 119, 92, 115,
       122, 210, 177, 132, 180, 164, 121, 10, 50, 12, 227, 188, 101, 211,
       37, 24, 150, 128, 87, 200, 208, 172, 49, 65, 75, 225, 116, 15,
       235, 85, 84, 96, 251, 198, 51, 8, 145, 96, 122, 140, 22, 237, 201,
       178, 85, 15, 180, 140, 162, 128, 109, 138, 112, 168, 66, 177, 179,
       202, 57, 65, 176, 105, 239, 57, 177, 32, 172, 219, 108, 116, 234,
       149, 95, 128, 19, 11, 154, 213, 155, 24, 11, 63, 16, 2, 39, 35,
       252, 119, 236, 165, 182, 75, 127, 253, 48, 164, 190, 171, 87, 111,
       91, 19, 59, 220, 125, 242, 236, 210, 233, 14, 255, 195, 165, 181,
       165, 242, 222, 75, 120, 181, 189, 250, 137, 109, 85, 207, 147, 55,
       173, 25, 127, 253, 72, 27, 153, 211, 233, 16, 58, 107, 251, 51,
       219, 215, 85, 125, 210, 73, 198, 106, 102, 189, 151, 190, 184,
       175, 22, 239, 155, 187, 248, 121, 118, 244, 44, 17, 157, 127, 117,
       17, 121, 203, 138, 63, 169, 54, 85, 254, 216, 120, 130, 63, 126,
       88, 170, 238, 77, 5, 154, 204, 143, 20, 176, 143, 234, 205, 119,
       10, 204, 245, 251, 215, 72, 39, 218, 224, 211, 113, 203, 63, 89,
       63, 127, 210, 237, 180, 189, 87, 180, 126, 71, 191, 82, 251, 15,
       26, 211, 57, 92, 35, 17, 214, 117, 41, 249, 252, 249, 42, 111,
       239, 245, 20, 238, 248, 212, 120, 185, 194, 68, 223, 13, 27, 236,
       125, 94, 98, 246, 214, 235, 73, 158, 197, 126, 108, 255, 78, 201,
       244, 87, 191, 230, 203, 230, 144, 127, 156, 216, 200, 191, 94,
       233, 100, 219, 87, 95, 252, 17, 230, 188, 175, 91, 125, 159, 181,
       95, 212, 149, 110, 237, 246, 125, 174, 123, 79, 165, 183, 127,
       255, 94, 119, 33, 1, 105, 237, 52, 139, 235, 48, 68, 224, 250,
       194, 179, 17, 145, 96, 90, 172, 30, 108, 137, 184, 117, 28, 229,
       172, 162, 80, 109, 138, 80, 168, 41, 161, 53, 237, 29, 207, 71,
       127, 198, 33, 232, 72, 247, 247, 56, 230, 216, 126, 122, 104, 11,
       35, 243, 157, 237, 254, 131, 60, 18, 26, 240, 168, 34, 41, 130,
       188, 93, 213, 210, 79, 23, 140, 112, 11, 42, 216, 39, 148, 216,
       187, 131, 0, 14, 59, 2, 191, 55, 213, 147, 43, 81, 12, 118, 142,
       113, 141, 110, 174, 190, 10, 78, 53, 108, 64, 251, 198, 115, 42,
       182, 112, 126, 231, 94, 238, 221, 185, 85, 207, 242, 239, 166,
       144, 61, 170, 224, 8, 197, 115, 153, 229, 32, 14, 111, 184, 40,
       170, 83, 228, 215, 87, 137, 50, 22, 92, 125, 106, 193, 212, 201,
       8, 228, 169, 103, 164, 44, 179, 3, 177, 37, 120, 248, 65, 86, 27,
       182, 200, 70, 162, 53, 238, 81, 216, 253, 56, 127, 220, 18, 250,
       197, 182, 125, 56, 118, 141, 165, 36, 253, 187, 106, 128, 45, 170,
       202, 175, 228, 183, 237, 214, 119, 39, 252, 71, 249, 235, 154, 24,
       127, 238, 23, 142, 158, 178, 205, 241, 222, 239, 247, 160, 239,
       246, 250, 192, 36, 245, 19, 139, 222, 73, 167, 224, 60, 32, 249,
       106, 244, 117, 9, 4, 126, 219, 67, 107, 97, 179, 193, 111, 53, 36,
       46, 52, 81, 123, 231, 177, 45, 191, 121, 97, 244, 223, 83, 248,
       123, 236, 60, 237, 159, 93, 222, 180, 159, 94, 215, 126, 247, 122,
       232, 190, 110, 221, 37, 246, 78, 142, 94, 253, 81, 105, 75, 206,
       92, 23, 110, 124, 101, 192, 254, 66, 115, 179, 180, 112, 120, 236,
       126, 238, 201, 187, 119, 124, 183, 173, 167, 8, 41, 179, 232, 172,
       60, 97, 72, 233, 21, 31, 218, 224, 13, 36, 244, 15, 75, 9, 23, 16,
       216, 136, 207, 102, 72, 178, 81, 136, 243, 221, 128, 17, 121, 47,
       90, 18, 202, 180, 252, 241, 174, 248, 53, 159, 251, 55, 6, 48,
       205, 255, 76, 239, 135, 87, 253, 16, 183, 76, 251, 243, 143, 219,
       87, 111, 134, 208, 133, 111, 248, 94, 247, 92, 73, 12, 69, 183,
       179, 182, 164, 152, 106, 231, 37, 95, 37, 244, 232, 10, 104, 71,
       186, 67, 81, 186, 85, 60, 67, 240, 70, 120, 252, 243, 148, 58,
       169, 157, 86, 249, 171, 29, 173, 13, 239, 219, 74, 146, 165, 195,
       236, 82, 94, 99, 154, 177, 219, 217, 37, 127, 114, 6, 235, 3, 180,
       233, 74, 235, 22, 195, 238, 248, 21, 160, 212, 226, 115, 197, 185,
       36, 122, 248, 23, 239, 105, 182, 93, 191, 176, 197, 165, 129, 125,
       187, 120, 176, 70, 172, 196, 255, 93, 129, 234, 168, 215, 144, 1,
       3, 233, 235, 124, 199, 225, 107, 235, 210, 38, 105, 154, 243, 47,
       242, 143, 47, 51, 35, 88, 134, 222, 90, 151, 180, 11, 226, 61, 66,
       188, 158, 211, 179, 111, 231, 33, 91, 166, 245, 237, 194, 32, 197,
       130, 232, 209, 227, 107, 147, 32, 113, 37, 83, 127, 105, 8, 174,
       93, 205, 151, 232, 159, 36, 129, 11, 238, 216, 58, 80, 248, 237,
       91, 103, 68, 35, 218, 253, 241, 52, 11, 59, 24, 62, 59, 206, 217,
       220, 13, 189, 44, 142, 124, 190, 182, 114, 194, 87, 247, 127, 18,
       91, 204, 167, 127, 141, 237, 221, 211, 189, 231, 251, 250, 16, 56,
       152, 25, 26, 95, 71, 238, 172, 139, 99, 158, 233, 150, 206, 155,
       175, 111, 238, 63, 10, 255, 229, 253, 231, 236, 195, 143, 138,
       242, 231, 239, 155, 53, 127, 165, 87, 190, 78, 74, 189, 116, 251,
       254, 98, 21, 166, 242, 191, 3, 237, 51, 89, 121, 236, 135, 167,
       108, 182, 68, 174, 118, 231, 237, 129, 55, 253, 126, 208, 233, 93,
       23, 92, 125, 159, 70, 48, 205, 72, 232, 76, 242, 208, 52, 245,
       208, 96, 42, 110, 229, 162, 82, 63, 33, 186, 0, 88, 90, 42, 72, 5,
       130, 218, 134, 155, 203, 161, 184, 199, 158, 21, 64, 183, 172,
       142, 98, 72, 231, 59, 163, 133, 22, 221, 2, 241, 29, 16, 154, 203,
       16, 28, 173, 223, 143, 86, 140, 190, 174, 131, 158, 252, 159, 234,
       145, 247, 237, 248, 171, 11, 223, 97, 151, 103, 237, 101, 75, 190,
       232, 83, 239, 155, 125, 127, 25, 157, 199, 223, 93, 150, 202, 107,
       255, 252, 185, 114, 189, 254, 253, 110, 188, 121, 127, 211, 127,
       239, 243, 103, 110, 255, 252, 27, 255, 236, 93, 115, 163, 225, 8,
       123, 91, 96, 114, 200, 115, 88, 35, 13, 124, 236, 63, 151, 128,
       144, 54, 189, 196, 208, 83, 154, 160, 121, 214, 229, 32, 163, 106,
       130, 14, 179, 98, 137, 18, 152, 205, 205, 64, 71, 143, 25, 160,
       25, 166, 216, 36, 221, 201, 163, 235, 1, 30, 43, 210, 241, 149,
       144, 146, 123, 16, 8, 218, 142, 186, 249, 225, 66, 223, 221, 211,
       205, 155, 253, 181, 191, 10, 252, 118, 53, 152, 155, 215, 81, 190,
       107, 254, 242, 123, 89, 5, 255, 215, 12, 222, 127, 72, 58, 190,
       253, 40, 46, 125, 182, 173, 218, 246, 197, 253, 175, 3, 91, 231,
       183, 127, 140, 136, 201, 211, 192, 215, 255, 250, 152, 168, 240,
       35, 51, 34, 168, 16, 184, 205, 237, 80, 71, 175, 25, 168, 25, 174,
       152, 100, 152, 201, 187, 203, 17, 30, 107, 210, 209, 155, 208, 18,
       123, 208, 76, 207, 10, 21, 77, 75, 236, 84, 198, 111, 112, 37, 64,
       106, 198, 113, 215, 33, 80, 124, 172, 51, 206, 73, 147, 16, 236,
       243, 174, 162, 0, 57, 178, 96, 240, 26, 50, 120, 97, 114, 219, 57,
       112, 41, 228, 117, 173, 47, 23, 130, 148, 54, 185, 196, 96, 133,
       146, 36, 221, 214, 213, 32, 195, 110, 134, 15, 245, 86, 121, 227,
       197, 210, 10, 190, 189, 43, 224, 90, 231, 125, 110, 85, 242, 54,
       253, 253, 213, 209, 217, 149, 202, 61, 44, 175, 132, 173, 182, 39,
       121, 173, 16, 25, 99, 176, 111, 99, 152, 110, 232, 51, 108, 215,
       83, 201, 120, 149, 28, 92, 122, 145, 180, 121, 20, 205, 221, 33,
       244, 216, 171, 65, 49, 130, 190, 22, 184, 201, 164, 56, 71, 190,
       23, 64, 149, 172, 198, 98, 65, 231, 59, 171, 145, 50, 77, 130,
       243, 173, 50, 158, 75, 144, 68, 165, 202, 241, 93, 106, 70, 214,
       26, 239, 117, 112, 162, 255, 174, 115, 56, 149, 48, 122, 246, 84,
       234, 237, 186, 252, 46, 50, 46, 229, 128, 109, 186, 250, 140, 237,
       20, 253, 119, 228, 110, 229, 187, 112, 187, 55, 24, 211, 121, 25,
       43, 25, 86, 116, 42, 177, 252, 249, 42, 79, 175, 117, 4, 227, 249,
