%YAML:1.0
---
descriptors: !!opencv-matrix
   rows: 267
   cols: 32
   dt: u
   data: [ 45, 53, 105, 71, 212, 127, 235, 50, 80, 224, 125, 238, 83,
       125, 145, 48, 29, 238, 22, 187, 185, 186, 125, 46, 111, 14, 165,
       192, 237, 171, 210, 241, 202, 248, 183, 240, 129, 229, 53, 198,
       187, 119, 0, 49, 188, 159, 104, 91, 167, 83, 249, 144, 98, 77,
       146, 243, 219, 209, 94, 111, 130, 80, 167, 122, 193, 56, 156, 16,
       168, 189, 33, 82, 254, 115, 160, 92, 182, 178, 128, 127, 161, 3,
       74, 24, 183, 111, 54, 97, 152, 26, 82, 58, 200, 65, 11, 5, 127,
       102, 224, 71, 86, 18, 78, 56, 49, 162, 223, 238, 91, 33, 156, 181,
       124, 236, 213, 238, 169, 210, 205, 174, 62, 111, 165, 208, 111,
       175, 90, 52, 237, 98, 152, 101, 37, 29, 80, 24, 107, 190, 53, 93,
       31, 25, 75, 26, 128, 68, 76, 94, 142, 100, 217, 0, 207, 217, 37,
       53, 202, 185, 74, 131, 220, 133, 172, 190, 174, 82, 158, 168, 154,
       254, 157, 135, 247, 108, 59, 67, 151, 69, 253, 103, 108, 65, 47,
       62, 232, 227, 239, 149, 148, 122, 29, 90, 126, 162, 128, 160, 169,
       57, 88, 171, 11, 189, 149, 189, 143, 78, 206, 159, 205, 205, 237,
       53, 30, 67, 207, 144, 154, 211, 157, 255, 158, 13, 158, 85, 151,
       94, 119, 223, 47, 118, 191, 240, 253, 222, 214, 119, 108, 94, 55,
       111, 231, 117, 253, 227, 229, 197, 58, 238, 131, 250, 202, 131,
       31, 117, 37, 119, 144, 216, 190, 254, 195, 232, 52, 199, 172, 19,
       102, 48, 60, 191, 44, 122, 163, 115, 251, 144, 22, 221, 146, 99,
       219, 227, 94, 67, 224, 80, 165, 154, 86, 240, 128, 154, 155, 144,
       152, 207, 159, 85, 133, 191, 204, 238, 78, 223, 199, 211, 233,
       149, 118, 79, 223, 241, 154, 82, 223, 255, 156, 68, 175, 86, 193,
       80, 245, 77, 36, 42, 105, 27, 120, 130, 118, 96, 179, 51, 145,
       119, 118, 164, 60, 40, 161, 180, 229, 72, 196, 170, 98, 4, 109,
       240, 64, 33, 126, 177, 29, 232, 57, 205, 89, 200, 135, 53, 161, 9,
       143, 151, 72, 16, 201, 145, 237, 208, 26, 11, 90, 148, 155, 209,
       137, 127, 210, 3, 6, 50, 171, 159, 49, 202, 253, 149, 223, 245,
       87, 77, 124, 102, 184, 29, 182, 36, 204, 154, 151, 204, 223, 58,
       106, 191, 111, 221, 190, 234, 83, 142, 244, 253, 66, 186, 182,
       147, 139, 204, 176, 134, 174, 29, 2, 17, 236, 254, 78, 78, 167,
       119, 235, 17, 86, 73, 154, 225, 13, 18, 94, 107, 128, 84, 133, 79,
       1, 146, 21, 217, 234, 237, 33, 215, 222, 61, 64, 80, 181, 150,
       104, 232, 3, 27, 106, 24, 19, 88, 58, 17, 141, 128, 63, 108, 144,
       8, 133, 169, 60, 108, 176, 242, 125, 173, 80, 202, 219, 187, 180,
       24, 159, 153, 85, 58, 137, 200, 93, 28, 42, 103, 202, 162, 219,
       221, 21, 127, 194, 217, 82, 162, 218, 94, 150, 183, 41, 126, 188,
       3, 172, 218, 138, 49, 238, 62, 7, 207, 167, 55, 253, 1, 36, 197,
       131, 194, 129, 243, 90, 19, 130, 116, 45, 15, 246, 237, 113, 70,
       253, 125, 214, 238, 203, 242, 188, 11, 122, 120, 95, 182, 137,
       210, 213, 99, 252, 43, 250, 187, 59, 92, 5, 63, 87, 126, 214, 78,
       53, 69, 83, 69, 20, 10, 111, 112, 100, 160, 226, 66, 83, 1, 189,
       240, 122, 204, 6, 234, 201, 178, 101, 12, 53, 168, 166, 4, 101,
       186, 96, 160, 248, 188, 255, 116, 11, 72, 85, 183, 163, 254, 172,
       173, 63, 135, 65, 19, 39, 247, 205, 16, 105, 75, 186, 72, 251,
       195, 117, 62, 98, 112, 6, 123, 53, 39, 67, 73, 212, 19, 198, 248,
       85, 224, 249, 78, 83, 72, 181, 164, 92, 200, 22, 126, 221, 178,
       109, 158, 58, 12, 165, 116, 127, 159, 242, 165, 91, 15, 202, 188,
       178, 166, 62, 247, 181, 206, 222, 231, 41, 235, 179, 208, 103,
       231, 181, 197, 252, 139, 4, 239, 250, 39, 190, 136, 173, 244, 57,
       89, 220, 18, 190, 247, 168, 78, 89, 21, 52, 23, 231, 17, 215, 87,
       10, 90, 230, 149, 109, 16, 88, 197, 115, 0, 209, 227, 114, 81, 32,
       128, 164, 98, 56, 249, 58, 122, 121, 205, 83, 244, 229, 29, 236,
       8, 126, 215, 10, 48, 160, 26, 84, 72, 66, 43, 58, 55, 243, 221,
       48, 91, 66, 0, 230, 235, 23, 23, 110, 236, 158, 22, 238, 248, 20,
       234, 218, 199, 81, 110, 181, 192, 127, 197, 31, 239, 237, 147, 61,
       206, 186, 239, 175, 132, 45, 250, 41, 88, 145, 247, 104, 171, 54,
       143, 187, 248, 86, 97, 88, 231, 247, 88, 154, 32, 62, 203, 23,
       253, 175, 176, 77, 63, 236, 141, 171, 148, 125, 138, 81, 211, 45,
       65, 165, 101, 165, 78, 103, 48, 100, 226, 231, 0, 219, 49, 25, 55,
       24, 68, 121, 106, 72, 240, 113, 8, 197, 251, 69, 20, 66, 251, 86,
       98, 252, 237, 156, 115, 157, 93, 71, 168, 147, 182, 172, 24, 195,
       241, 75, 159, 25, 222, 232, 122, 122, 99, 219, 51, 235, 211, 69,
       61, 242, 251, 206, 2, 91, 178, 43, 116, 105, 84, 56, 123, 185,
       206, 22, 237, 44, 189, 214, 52, 182, 189, 253, 133, 133, 75, 178,
       201, 83, 127, 249, 139, 7, 164, 38, 119, 208, 92, 190, 52, 42,
       108, 21, 54, 176, 222, 162, 57, 247, 55, 67, 123, 167, 117, 125,
       3, 104, 69, 179, 2, 209, 227, 118, 17, 32, 112, 7, 123, 25, 189,
       29, 242, 169, 237, 85, 119, 189, 90, 232, 76, 191, 119, 0, 49,
       165, 51, 92, 40, 121, 122, 18, 63, 249, 219, 87, 106, 90, 64, 131,
       59, 106, 166, 160, 186, 221, 133, 221, 175, 159, 31, 200, 29, 168,
       238, 126, 66, 205, 11, 251, 133, 254, 10, 250, 215, 239, 86, 154,
       123, 18, 76, 148, 222, 159, 205, 228, 243, 247, 126, 127, 183,
       117, 95, 126, 146, 89, 63, 158, 233, 55, 219, 149, 190, 188, 248,
       61, 238, 111, 223, 244, 197, 231, 213, 252, 251, 208, 178, 154,
       112, 104, 141, 81, 87, 227, 31, 180, 24, 55, 147, 64, 26, 165,
       179, 76, 24, 10, 111, 146, 17, 219, 217, 112, 121, 224, 128, 199,
       43, 81, 92, 30, 254, 13, 229, 18, 104, 222, 26, 129, 0, 246, 208,
       43, 97, 201, 50, 106, 66, 47, 39, 90, 63, 145, 243, 67, 27, 24,
       107, 49, 14, 67, 186, 185, 250, 108, 133, 185, 158, 138, 89, 16,
       94, 188, 31, 80, 34, 135, 123, 55, 157, 131, 74, 202, 241, 77,
       153, 190, 232, 156, 8, 129, 185, 49, 141, 75, 238, 150, 163, 203,
       247, 214, 0, 216, 230, 113, 235, 176, 96, 122, 170, 22, 205, 155,
       187, 44, 191, 248, 239, 162, 192, 189, 202, 240, 168, 23, 103, 78,
       7, 26, 27, 174, 240, 52, 96, 223, 230, 193, 68, 159, 228, 126, 76,
       254, 238, 197, 144, 237, 42, 38, 109, 167, 133, 109, 191, 120,
       213, 92, 87, 78, 39, 48, 10, 118, 184, 36, 108, 223, 165, 215, 67,
       139, 80, 114, 196, 108, 103, 236, 144, 205, 30, 230, 231, 167,
       149, 44, 179, 28, 83, 76, 103, 92, 103, 32, 14, 127, 56, 40, 172,
       111, 45, 215, 99, 139, 82, 146, 68, 108, 110, 72, 144, 201, 12,
       230, 249, 97, 5, 64, 179, 75, 67, 253, 213, 225, 198, 223, 19, 79,
       248, 81, 238, 191, 238, 123, 104, 159, 180, 127, 196, 212, 238,
       253, 179, 237, 174, 58, 111, 165, 188, 111, 255, 122, 117, 63,
       255, 228, 94, 214, 19, 207, 248, 83, 238, 253, 175, 105, 108, 150,
       181, 127, 236, 166, 238, 173, 243, 109, 255, 58, 111, 237, 149,
       239, 255, 126, 213, 61, 113, 112, 224, 93, 157, 86, 88, 195, 168,
       181, 12, 31, 153, 77, 176, 152, 153, 213, 114, 74, 35, 216, 128,
       243, 217, 5, 63, 99, 155, 74, 131, 198, 4, 175, 149, 203, 102,
       189, 11, 188, 247, 139, 147, 204, 62, 95, 75, 231, 87, 187, 177,
       52, 213, 179, 194, 79, 50, 223, 135, 133, 117, 165, 210, 182, 237,
       98, 10, 239, 113, 222, 232, 211, 218, 252, 171, 72, 236, 255, 164,
       255, 219, 151, 247, 254, 35, 174, 251, 59, 92, 143, 175, 119, 255,
       254, 198, 205, 60, 191, 245, 164, 46, 121, 18, 248, 155, 119, 80,
       223, 179, 65, 123, 167, 119, 124, 26, 185, 212, 179, 34, 207, 251,
       114, 0, 128, 225, 35, 35, 109, 97, 25, 103, 248, 79, 71, 184, 103,
       168, 173, 8, 215, 87, 73, 48, 144, 220, 76, 106, 73, 50, 121, 30,
       231, 221, 37, 52, 64, 187, 66, 34, 47, 178, 130, 138, 126, 33,
       187, 200, 30, 77, 93, 167, 236, 232, 190, 0, 255, 75, 135, 247,
       22, 51, 10, 247, 92, 21, 171, 239, 221, 15, 57, 211, 86, 176, 176,
