%YAML:1.0
---
descriptors: !!opencv-matrix
   rows: 261
   cols: 32
   dt: u
   data: [ 36, 69, 91, 101, 84, 79, 103, 56, 117, 192, 239, 8, 215, 19,
       9, 48, 216, 220, 74, 106, 73, 178, 121, 14, 247, 253, 0, 20, 64,
       187, 70, 226, 220, 103, 172, 164, 170, 86, 30, 233, 130, 254, 151,
       175, 79, 110, 91, 11, 253, 213, 253, 231, 236, 71, 235, 128, 250,
       195, 239, 191, 160, 127, 61, 91, 49, 141, 67, 190, 148, 167, 107,
       247, 214, 9, 218, 198, 113, 227, 176, 96, 121, 234, 14, 140, 187,
       171, 12, 191, 248, 174, 162, 192, 61, 202, 240, 168, 41, 72, 115,
       73, 68, 223, 105, 80, 125, 4, 118, 64, 187, 129, 148, 244, 122,
       184, 38, 88, 203, 180, 117, 85, 7, 248, 176, 64, 115, 138, 68,
       168, 107, 170, 160, 187, 109, 157, 218, 152, 199, 61, 149, 143,
       233, 200, 94, 130, 205, 98, 251, 215, 142, 96, 206, 177, 78, 89,
       141, 249, 23, 143, 88, 86, 209, 184, 28, 90, 170, 188, 1, 23, 254,
       19, 160, 92, 182, 178, 128, 127, 135, 55, 72, 24, 51, 79, 242,
       113, 152, 186, 82, 122, 136, 0, 171, 13, 18, 144, 190, 254, 139,
       228, 53, 199, 172, 19, 102, 17, 124, 255, 42, 106, 163, 115, 251,
       144, 22, 201, 18, 97, 103, 227, 94, 75, 128, 80, 165, 155, 126,
       177, 25, 232, 57, 205, 91, 200, 143, 53, 169, 9, 139, 159, 72, 16,
       204, 145, 239, 208, 26, 11, 90, 148, 219, 209, 137, 127, 210, 11,
       70, 50, 112, 189, 117, 70, 108, 121, 199, 243, 192, 180, 188, 40,
       115, 60, 196, 39, 8, 214, 100, 106, 216, 107, 226, 45, 121, 136,
       101, 56, 97, 235, 214, 236, 185, 188, 29, 120, 237, 189, 84, 215,
       237, 26, 188, 92, 63, 153, 0, 153, 165, 179, 204, 24, 171, 111,
       50, 145, 211, 219, 48, 24, 202, 200, 194, 139, 201, 0, 253, 101,
       36, 46, 105, 27, 104, 130, 118, 96, 179, 35, 145, 123, 118, 164,
       60, 168, 161, 244, 229, 72, 199, 235, 98, 132, 101, 224, 70, 97,
       75, 25, 71, 151, 19, 26, 40, 39, 45, 227, 74, 247, 109, 46, 130,
       215, 38, 103, 251, 133, 229, 216, 21, 236, 6, 38, 90, 128, 47,
       164, 9, 93, 148, 65, 127, 231, 38, 75, 103, 240, 252, 2, 119, 162,
       87, 87, 169, 97, 50, 244, 94, 106, 97, 181, 45, 46, 241, 235, 103,
       4, 101, 187, 69, 97, 253, 68, 253, 111, 44, 106, 71, 56, 116, 226,
       243, 40, 211, 117, 153, 123, 88, 212, 108, 106, 233, 244, 253, 42,
       215, 239, 97, 16, 109, 251, 80, 32, 228, 4, 190, 93, 77, 110, 65,
       2, 228, 158, 167, 24, 210, 49, 1, 91, 73, 228, 106, 10, 41, 231,
       243, 0, 85, 170, 80, 16, 200, 105, 66, 34, 36, 176, 145, 176, 88,
       205, 177, 73, 142, 61, 161, 24, 148, 151, 104, 8, 137, 17, 74, 17,
       18, 107, 122, 84, 157, 16, 27, 126, 208, 8, 7, 162, 0, 162, 145,
       251, 216, 205, 161, 207, 142, 53, 64, 80, 180, 199, 232, 98, 37,
       27, 74, 24, 83, 88, 186, 81, 45, 128, 62, 108, 16, 8, 133, 168,
       126, 162, 128, 160, 185, 59, 88, 136, 11, 189, 144, 189, 207, 8,
       203, 154, 153, 205, 237, 21, 30, 66, 207, 144, 154, 209, 173, 255,
       134, 175, 154, 84, 212, 133, 172, 172, 170, 82, 158, 168, 154,
       254, 157, 133, 247, 108, 51, 3, 151, 85, 253, 103, 124, 65, 63,
       14, 248, 227, 239, 149, 180, 122, 61, 90, 125, 101, 228, 199, 207,
       19, 79, 249, 67, 224, 189, 206, 91, 112, 215, 183, 94, 196, 254,
       238, 205, 114, 237, 168, 186, 73, 229, 180, 127, 254, 88, 109,
       252, 115, 172, 166, 139, 26, 86, 41, 34, 246, 131, 143, 231, 44,
       91, 155, 27, 229, 237, 231, 204, 103, 221, 8, 251, 227, 237, 181,
       173, 126, 158, 90, 88, 18, 190, 36, 50, 26, 56, 55, 168, 172, 22,
       237, 79, 174, 195, 210, 166, 117, 236, 33, 196, 217, 165, 77, 154,
       231, 123, 215, 36, 160, 15, 75, 84, 133, 95, 236, 150, 66, 79,
       105, 164, 0, 202, 2, 83, 115, 32, 97, 120, 230, 8, 234, 120, 153,
       49, 28, 241, 235, 130, 20, 48, 186, 240, 32, 49, 85, 83, 69, 118,
       6, 110, 120, 100, 192, 243, 98, 83, 17, 188, 116, 126, 220, 22,
       234, 233, 178, 53, 12, 52, 168, 162, 4, 109, 186, 96, 160, 17, 20,
       85, 69, 114, 110, 106, 50, 109, 73, 123, 102, 217, 55, 144, 240,
       54, 149, 30, 188, 145, 152, 117, 76, 5, 172, 34, 192, 172, 131,
       97, 49, 55, 224, 234, 10, 255, 16, 250, 200, 75, 84, 245, 135, 72,
       204, 255, 188, 255, 201, 151, 247, 142, 39, 174, 243, 58, 60, 143,
       239, 247, 191, 126, 214, 191, 127, 106, 194, 230, 245, 190, 212,
       141, 68, 125, 183, 72, 221, 191, 164, 254, 123, 151, 215, 215,
       179, 62, 226, 115, 89, 14, 203, 103, 223, 181, 247, 230, 253, 97,
       110, 237, 125, 215, 238, 203, 250, 188, 10, 58, 121, 95, 178, 137,
       210, 215, 115, 255, 43, 250, 186, 59, 92, 5, 63, 215, 127, 214,
       110, 214, 179, 164, 154, 187, 208, 152, 173, 171, 85, 133, 189,
       204, 238, 78, 223, 199, 211, 233, 149, 126, 75, 223, 241, 154, 82,
       223, 255, 158, 68, 175, 86, 205, 54, 191, 247, 160, 46, 121, 18,
       120, 202, 119, 84, 223, 119, 65, 122, 135, 119, 125, 26, 177, 208,
       161, 66, 207, 255, 115, 128, 136, 225, 35, 99, 60, 60, 208, 224,
       245, 173, 83, 194, 123, 169, 120, 24, 30, 153, 97, 24, 185, 155,
       4, 16, 26, 62, 24, 146, 217, 220, 21, 106, 243, 75, 66, 35, 57,
       177, 58, 120, 89, 205, 83, 253, 231, 89, 236, 24, 126, 215, 10,
       48, 149, 154, 84, 74, 75, 43, 122, 53, 251, 253, 48, 77, 66, 128,
       198, 235, 170, 170, 224, 24, 95, 153, 183, 207, 91, 127, 52, 159,
       40, 200, 126, 0, 155, 139, 195, 5, 182, 110, 238, 243, 126, 13,
       29, 255, 87, 12, 215, 207, 53, 105, 200, 166, 12, 9, 79, 140, 129,
       176, 164, 137, 243, 68, 95, 26, 200, 224, 76, 110, 76, 103, 222,
       168, 241, 217, 133, 60, 96, 191, 90, 108, 101, 20, 149, 69, 172,
       46, 103, 154, 56, 186, 43, 88, 214, 115, 65, 255, 145, 86, 120,
       62, 177, 81, 185, 10, 141, 190, 69, 52, 138, 251, 80, 32, 248,
       252, 251, 116, 11, 76, 29, 183, 179, 254, 164, 140, 63, 247, 64,
       22, 37, 246, 237, 128, 107, 75, 178, 98, 251, 227, 117, 184, 34,
       176, 134, 123, 66, 188, 147, 184, 203, 233, 176, 199, 255, 210,
       98, 57, 172, 178, 96, 220, 163, 123, 250, 65, 53, 73, 146, 242,
       149, 246, 94, 43, 152, 84, 165, 143, 77, 99, 28, 111, 32, 14, 115,
       56, 97, 12, 127, 45, 215, 67, 139, 80, 182, 196, 108, 106, 76,
       144, 137, 12, 198, 251, 33, 5, 0, 163, 74, 3, 54, 176, 48, 242,
       77, 205, 16, 72, 143, 113, 161, 8, 14, 223, 108, 60, 136, 177,
       223, 80, 26, 107, 90, 208, 155, 208, 81, 127, 210, 11, 7, 2, 101,
       36, 229, 69, 204, 94, 110, 152, 119, 242, 239, 72, 211, 53, 221,
       254, 89, 196, 126, 126, 137, 114, 253, 200, 63, 190, 197, 20, 194,
       251, 80, 36, 109, 65, 181, 101, 37, 78, 231, 48, 124, 226, 103, 0,
       223, 53, 25, 115, 216, 68, 124, 106, 104, 240, 113, 12, 229, 251,
       101, 16, 66, 251, 84, 98, 170, 166, 161, 251, 201, 149, 220, 191,
       159, 23, 137, 25, 136, 239, 92, 192, 205, 27, 251, 149, 254, 10,
       251, 211, 239, 215, 222, 127, 146, 76, 150, 250, 129, 170, 153,
       251, 180, 137, 107, 159, 30, 57, 112, 244, 189, 3, 192, 104, 23,
       11, 22, 28, 51, 28, 75, 243, 140, 156, 54, 224, 156, 136, 129,
       169, 212, 124, 191, 53, 42, 110, 21, 18, 176, 190, 130, 25, 215,
       55, 65, 27, 163, 117, 109, 3, 40, 197, 147, 2, 209, 227, 127, 21,
       224, 113, 7, 83, 91, 50, 170, 100, 99, 84, 89, 123, 57, 206, 214,
       191, 46, 189, 86, 54, 180, 189, 245, 133, 140, 79, 179, 195, 211,
       127, 216, 139, 39, 164, 54, 95, 244, 229, 156, 114, 157, 31, 70,
       168, 147, 182, 165, 8, 66, 113, 73, 31, 17, 212, 104, 122, 106,
       103, 219, 30, 187, 211, 69, 127, 242, 251, 90, 38, 70, 186, 182,
       158, 27, 249, 176, 202, 174, 180, 128, 185, 236, 254, 103, 78,
       167, 115, 235, 17, 6, 73, 154, 241, 157, 18, 31, 123, 16, 21, 15,
       95, 60, 69, 59, 101, 21, 79, 71, 40, 116, 160, 235, 8, 211, 21, 9,
       48, 216, 212, 104, 106, 105, 178, 121, 14, 231, 239, 1, 20, 64,
       59, 70, 162, 61, 97, 121, 96, 212, 79, 71, 216, 66, 160, 173, 8,
