%YAML:1.0
---
descriptors: !!opencv-matrix
   rows: 352
   cols: 32
   dt: u
   data: [ 14, 20, 182, 149, 165, 118, 180, 3, 61, 63, 223, 19, 204, 62,
       47, 207, 233, 23, 171, 129, 52, 220, 81, 194, 7, 118, 218, 3, 130,
       108, 189, 214, 83, 135, 207, 229, 134, 34, 237, 59, 102, 179, 155,
       230, 89, 43, 217, 98, 99, 199, 63, 189, 145, 216, 143, 194, 220,
       174, 239, 132, 173, 234, 113, 40, 147, 70, 6, 153, 180, 162, 236,
       87, 20, 3, 211, 82, 81, 138, 184, 105, 121, 174, 63, 189, 184,
       213, 1, 198, 128, 46, 250, 196, 133, 217, 240, 0, 199, 238, 132,
       149, 137, 62, 78, 186, 83, 182, 130, 221, 192, 96, 211, 198, 93,
       230, 232, 159, 173, 69, 207, 234, 172, 86, 207, 62, 174, 245, 26,
       212, 6, 141, 16, 139, 149, 167, 186, 201, 30, 5, 89, 3, 236, 104,
       63, 68, 221, 11, 147, 177, 22, 144, 73, 255, 45, 20, 143, 231,
       148, 95, 189, 199, 67, 163, 229, 197, 94, 88, 185, 123, 107, 249,
       20, 139, 185, 60, 214, 47, 46, 21, 247, 173, 149, 120, 167, 221,
       30, 26, 251, 172, 7, 132, 23, 245, 3, 61, 240, 218, 119, 181, 187,
       216, 31, 77, 93, 167, 44, 254, 181, 36, 190, 123, 151, 215, 131,
       58, 56, 255, 39, 28, 138, 170, 215, 95, 3, 255, 54, 3, 71, 204,
       139, 98, 29, 235, 133, 30, 216, 163, 76, 174, 45, 219, 255, 151,
       207, 162, 72, 131, 0, 200, 145, 118, 206, 159, 181, 116, 167, 83,
       232, 149, 125, 229, 52, 111, 97, 51, 125, 105, 111, 120, 215, 53,
       128, 113, 22, 150, 124, 40, 57, 184, 241, 31, 205, 235, 33, 80,
       96, 138, 68, 115, 86, 231, 196, 167, 139, 50, 142, 174, 19, 255,
       155, 231, 195, 108, 95, 134, 93, 199, 237, 167, 173, 73, 207, 171,
       168, 119, 255, 215, 172, 127, 158, 93, 2, 133, 0, 143, 213, 215,
       190, 47, 14, 7, 91, 3, 236, 56, 54, 196, 209, 27, 147, 129, 84,
       152, 89, 213, 37, 54, 154, 67, 20, 78, 189, 142, 127, 98, 128, 5,
       8, 25, 76, 186, 3, 164, 130, 205, 130, 96, 83, 150, 85, 196, 236,
       125, 205, 99, 197, 24, 188, 112, 197, 182, 74, 188, 10, 5, 143,
       82, 98, 25, 55, 149, 184, 72, 95, 76, 81, 199, 236, 200, 191, 172,
       250, 41, 146, 213, 199, 180, 46, 221, 6, 88, 139, 139, 95, 12,
       121, 213, 40, 173, 97, 43, 124, 201, 227, 101, 206, 101, 249, 169,
       179, 140, 84, 16, 202, 170, 195, 5, 83, 58, 124, 61, 124, 29, 32,
       121, 85, 142, 214, 250, 15, 60, 227, 186, 116, 226, 235, 80, 148,
       193, 221, 195, 249, 220, 247, 40, 127, 169, 23, 157, 143, 179, 52,
       202, 68, 77, 171, 136, 167, 239, 48, 245, 14, 252, 178, 139, 245,
       255, 178, 206, 31, 77, 124, 35, 172, 252, 102, 4, 255, 123, 147,
       17, 22, 186, 122, 255, 47, 85, 159, 235, 146, 95, 173, 223, 22,
       139, 74, 186, 178, 128, 43, 212, 134, 29, 217, 231, 97, 198, 186,
       64, 126, 203, 15, 214, 154, 139, 14, 117, 248, 36, 174, 200, 181,
       147, 165, 89, 112, 171, 202, 164, 156, 9, 86, 197, 35, 37, 168, 9,
       3, 131, 66, 16, 184, 196, 205, 80, 90, 11, 136, 32, 250, 197, 165,
       125, 97, 138, 222, 2, 136, 249, 29, 248, 253, 197, 149, 223, 158,
       25, 92, 20, 190, 157, 32, 96, 205, 59, 162, 1, 115, 42, 114, 183,
       173, 215, 30, 123, 88, 8, 133, 187, 216, 184, 150, 186, 139, 253,
       84, 199, 171, 23, 160, 25, 174, 255, 98, 155, 163, 179, 253, 16,
       62, 75, 154, 241, 219, 211, 94, 123, 210, 68, 175, 90, 6, 236,
       164, 155, 213, 245, 190, 207, 95, 55, 73, 19, 172, 248, 123, 140,
       201, 91, 147, 147, 54, 252, 88, 242, 45, 20, 159, 111, 147, 93,
       153, 206, 105, 149, 61, 109, 116, 78, 101, 55, 105, 105, 111, 120,
       247, 23, 136, 112, 80, 38, 124, 40, 121, 184, 241, 29, 229, 255,
       112, 80, 10, 136, 210, 123, 49, 29, 78, 76, 84, 55, 102, 122, 116,
       64, 254, 70, 115, 106, 182, 113, 120, 198, 6, 238, 237, 187, 85,
       62, 62, 175, 164, 64, 125, 251, 120, 4, 243, 68, 111, 232, 222,
       98, 125, 103, 53, 2, 251, 179, 80, 31, 52, 89, 249, 134, 63, 166,
       124, 183, 65, 206, 54, 174, 178, 68, 181, 216, 240, 98, 215, 220,
       229, 215, 182, 62, 252, 231, 121, 87, 58, 211, 236, 62, 148, 127,
       167, 215, 127, 149, 182, 252, 173, 226, 189, 126, 222, 194, 237,
       117, 215, 93, 226, 170, 233, 16, 204, 105, 241, 207, 90, 247, 176,
       153, 2, 172, 86, 26, 137, 206, 99, 21, 182, 126, 238, 18, 93, 6,
       117, 125, 197, 108, 214, 202, 21, 153, 235, 250, 54, 194, 108, 81,
       212, 67, 195, 114, 89, 215, 176, 104, 126, 185, 27, 138, 217, 151,
       6, 192, 210, 239, 138, 0, 61, 170, 240, 176, 11, 94, 98, 218, 117,
       182, 123, 214, 221, 199, 222, 102, 40, 198, 183, 236, 239, 233,
       147, 220, 175, 143, 36, 238, 18, 127, 154, 10, 159, 159, 121, 253,
       180, 72, 25, 126, 89, 205, 82, 96, 239, 0, 225, 8, 111, 211, 33,
       145, 136, 185, 64, 66, 74, 39, 90, 61, 147, 209, 1, 59, 112, 35,
       78, 162, 130, 100, 199, 197, 196, 46, 173, 71, 124, 163, 251, 82,
       144, 56, 85, 11, 111, 79, 123, 171, 177, 253, 209, 202, 52, 46,
       223, 0, 205, 121, 241, 184, 61, 87, 65, 77, 80, 22, 79, 120, 117,
       192, 234, 196, 81, 70, 157, 244, 92, 220, 16, 234, 201, 182, 117,
       78, 51, 236, 131, 4, 107, 178, 98, 180, 143, 28, 181, 215, 175,
       54, 188, 191, 221, 218, 26, 118, 204, 126, 189, 239, 135, 119,
       190, 167, 181, 197, 63, 234, 41, 122, 223, 134, 158, 117, 177,
       117, 46, 248, 210, 143, 245, 221, 190, 204, 27, 207, 125, 15, 108,
       252, 110, 132, 255, 123, 147, 147, 70, 190, 250, 243, 63, 92, 159,
       239, 215, 127, 239, 223, 193, 128, 255, 93, 168, 46, 117, 15, 254,
       91, 34, 16, 220, 114, 12, 91, 163, 71, 108, 8, 178, 109, 147, 65,
       197, 186, 114, 84, 208, 96, 129, 3, 184, 192, 75, 233, 84, 3, 103,
       244, 21, 8, 116, 34, 19, 9, 184, 145, 120, 136, 6, 234, 105, 190,
       0, 189, 118, 201, 160, 69, 119, 154, 122, 170, 87, 239, 148, 186,
       171, 169, 62, 238, 191, 19, 184, 252, 239, 242, 73, 219, 231, 211,
       206, 210, 118, 75, 202, 243, 184, 214, 94, 250, 152, 115, 171,
       137, 32, 205, 108, 216, 28, 131, 134, 231, 196, 0, 80, 2, 161, 8,
       52, 1, 200, 35, 19, 99, 242, 40, 12, 189, 40, 11, 142, 81, 85, 24,
       249, 138, 73, 89, 187, 87, 113, 204, 105, 54, 233, 200, 126, 12,
       182, 183, 17, 52, 160, 126, 116, 76, 193, 184, 176, 104, 103, 253,
       50, 0, 74, 16, 67, 248, 79, 141, 228, 119, 171, 26, 94, 180, 243,
       243, 7, 144, 249, 125, 223, 111, 7, 87, 253, 78, 244, 201, 175,
       169, 235, 251, 85, 151, 166, 247, 129, 124, 38, 176, 168, 154, 79,
       181, 176, 72, 143, 125, 149, 191, 12, 221, 110, 15, 237, 137, 211,
       149, 22, 71, 218, 209, 31, 80, 155, 255, 151, 13, 61, 214, 195,
       159, 71, 159, 226, 10, 47, 183, 56, 202, 82, 244, 244, 102, 148,
       115, 182, 111, 124, 239, 229, 220, 173, 111, 36, 34, 110, 130, 44,
       240, 163, 125, 140, 117, 123, 234, 240, 6, 127, 216, 49, 158, 117,
       141, 93, 199, 9, 25, 63, 217, 87, 254, 42, 82, 56, 126, 127, 143,
       167, 236, 169, 243, 166, 243, 175, 32, 225, 19, 77, 249, 224, 72,
       235, 245, 241, 159, 139, 200, 87, 175, 234, 136, 226, 151, 151,
       118, 254, 208, 30, 80, 155, 111, 199, 13, 95, 196, 146, 28, 158,
       249, 170, 243, 56, 86, 191, 155, 22, 50, 157, 183, 161, 111, 167,
       51, 126, 152, 34, 205, 35, 208, 207, 210, 90, 131, 186, 208, 41,
       139, 215, 246, 172, 55, 136, 55, 13, 190, 18, 246, 134, 157, 195,
       236, 223, 107, 197, 199, 253, 183, 173, 71, 255, 48, 171, 99, 239,
       252, 156, 117, 28, 84, 29, 249, 51, 106, 85, 141, 227, 240, 238,
       200, 121, 76, 126, 209, 104, 52, 184, 40, 86, 95, 195, 51, 26, 63,
       249, 221, 1, 122, 90, 11, 67, 163, 210, 119, 80, 165, 34, 10, 62,
       61, 41, 172, 26, 237, 237, 34, 135, 83, 54, 213, 237, 231, 196,
       81, 133, 104, 180, 48, 111, 130, 44, 182, 139, 29, 97, 120, 8, 49,
       37, 159, 64, 6, 237, 160, 162, 77, 135, 128, 83, 152, 128, 46,
       104, 29, 133, 120, 209, 8, 132, 209, 18, 48, 72, 28, 91, 28, 24,
       193, 235, 232, 182, 194, 109, 71, 148, 73, 211, 178, 25, 159, 176,
