%YAML:1.0
---
descriptors: !!opencv-matrix
   rows: 178
   cols: 32
   dt: u
   data: [ 28, 71, 238, 161, 146, 34, 255, 254, 36, 133, 222, 167, 85,
       47, 186, 64, 126, 199, 141, 245, 152, 153, 5, 12, 248, 229, 190,
       197, 165, 214, 181, 105, 104, 79, 251, 110, 116, 141, 231, 119,
       109, 132, 254, 8, 179, 169, 53, 48, 200, 254, 66, 72, 200, 187,
       112, 44, 119, 253, 0, 0, 67, 218, 102, 232, 40, 141, 156, 188, 91,
       205, 86, 238, 151, 21, 236, 9, 46, 179, 34, 208, 192, 251, 131,
       64, 70, 11, 18, 189, 255, 247, 20, 59, 50, 8, 140, 138, 188, 89,
       90, 111, 83, 159, 82, 248, 37, 4, 229, 11, 127, 91, 33, 144, 190,
       249, 198, 98, 72, 179, 25, 63, 243, 237, 33, 17, 123, 171, 78,
       138, 61, 100, 237, 234, 140, 119, 79, 216, 82, 242, 149, 10, 83,
       93, 217, 43, 89, 204, 84, 255, 169, 103, 255, 48, 249, 203, 229,
       60, 245, 251, 114, 224, 2, 134, 213, 155, 218, 169, 40, 175, 62,
       17, 64, 245, 173, 99, 136, 196, 71, 11, 34, 156, 51, 88, 71, 119,
       12, 22, 254, 224, 156, 128, 129, 184, 241, 65, 71, 76, 13, 82,
       198, 104, 229, 130, 227, 2, 67, 72, 181, 247, 120, 228, 108, 234,
       109, 231, 125, 140, 178, 234, 195, 23, 103, 59, 112, 36, 119, 231,
       233, 198, 246, 3, 206, 168, 27, 162, 187, 203, 83, 104, 156, 16,
       91, 197, 117, 239, 232, 227, 205, 222, 56, 46, 237, 148, 229, 251,
       210, 32, 70, 236, 144, 182, 191, 160, 174, 170, 187, 179, 9, 10,
       236, 234, 93, 198, 179, 111, 121, 211, 38, 64, 202, 243, 172, 86,
       143, 255, 132, 119, 25, 4, 21, 99, 73, 171, 140, 3, 79, 216, 70,
       176, 248, 226, 83, 195, 249, 105, 123, 202, 38, 254, 75, 114, 79,
       176, 248, 128, 231, 44, 61, 251, 240, 160, 86, 173, 144, 151, 133,
       224, 166, 134, 187, 179, 139, 19, 228, 226, 76, 206, 225, 207, 42,
       211, 54, 88, 203, 227, 189, 54, 223, 103, 128, 119, 185, 14, 65,
       185, 152, 89, 203, 180, 48, 215, 234, 17, 108, 68, 188, 178, 68,
       120, 167, 63, 114, 152, 151, 26, 178, 81, 95, 189, 18, 106, 152,
       64, 171, 159, 1, 189, 26, 88, 223, 181, 176, 87, 122, 9, 124, 78,
       60, 154, 102, 48, 174, 187, 18, 24, 151, 58, 178, 83, 127, 156,
       18, 106, 217, 64, 235, 143, 36, 48, 145, 65, 253, 105, 208, 136,
       75, 241, 177, 56, 150, 25, 77, 26, 155, 144, 110, 48, 23, 98, 219,
       80, 140, 152, 17, 126, 200, 9, 67, 130, 41, 61, 81, 101, 116, 14,
       111, 50, 120, 168, 122, 64, 223, 51, 0, 176, 18, 124, 22, 104, 49,
       184, 81, 14, 229, 254, 33, 0, 106, 160, 66, 161, 118, 96, 209, 97,
       168, 106, 232, 10, 43, 243, 160, 152, 159, 31, 85, 62, 171, 213,
       121, 17, 1, 114, 209, 64, 157, 152, 77, 54, 197, 241, 67, 160, 34,
       169, 153, 186, 253, 237, 208, 199, 155, 61, 120, 9, 174, 146, 100,
       148, 201, 187, 130, 16, 18, 58, 74, 243, 29, 148, 21, 123, 208, 8,
       199, 142, 172, 69, 62, 254, 253, 155, 150, 233, 223, 134, 245, 41,
       238, 249, 45, 65, 222, 121, 255, 98, 96, 103, 10, 191, 243, 255,
       71, 63, 86, 191, 173, 139, 64, 149, 157, 245, 136, 238, 53, 191,
       174, 27, 138, 0, 245, 119, 8, 107, 129, 119, 121, 32, 17, 201,
       123, 21, 205, 167, 127, 80, 136, 96, 133, 50, 213, 70, 205, 167,
       38, 2, 110, 184, 96, 234, 159, 198, 215, 107, 153, 99, 118, 197,
       124, 239, 237, 212, 253, 106, 244, 235, 239, 132, 45, 243, 105,
       17, 39, 179, 97, 91, 250, 145, 170, 249, 95, 89, 121, 244, 136,
       204, 252, 180, 223, 11, 22, 95, 215, 50, 238, 245, 44, 28, 47,
       238, 221, 143, 227, 245, 2, 157, 191, 188, 211, 194, 60, 231, 191,
       211, 88, 181, 188, 191, 34, 19, 231, 251, 179, 129, 119, 219, 18,
       127, 253, 55, 94, 203, 168, 96, 175, 219, 248, 88, 255, 244, 46,
       14, 93, 84, 169, 146, 182, 186, 127, 63, 133, 123, 110, 245, 125,
       234, 104, 199, 227, 200, 211, 251, 246, 152, 39, 241, 102, 59,
       182, 253, 44, 26, 153, 213, 150, 232, 151, 254, 184, 43, 98, 252,
       111, 1, 157, 219, 211, 115, 126, 99, 90, 191, 59, 86, 141, 127,
       209, 127, 158, 215, 25, 191, 51, 33, 149, 143, 99, 183, 110, 201,
       106, 76, 183, 17, 16, 4, 176, 46, 76, 93, 147, 184, 49, 63, 233,
       204, 36, 64, 74, 10, 211, 107, 1, 177, 155, 123, 210, 164, 49, 23,
       126, 65, 107, 20, 189, 178, 76, 112, 211, 63, 50, 144, 147, 152,
       242, 115, 205, 173, 18, 74, 216, 66, 163, 139, 132, 204, 222, 254,
       127, 139, 158, 233, 159, 130, 241, 25, 238, 235, 44, 65, 211, 121,
       111, 98, 96, 103, 10, 255, 243, 254, 71, 63, 84, 122, 141, 131,
       54, 165, 197, 237, 156, 3, 206, 168, 83, 162, 251, 202, 83, 104,
       29, 16, 91, 205, 53, 235, 121, 242, 205, 159, 184, 46, 237, 212,
       109, 251, 114, 0, 244, 67, 126, 254, 110, 10, 86, 184, 225, 134,
       231, 41, 87, 251, 137, 91, 210, 245, 109, 98, 108, 199, 203, 8,
       242, 235, 229, 157, 36, 179, 110, 3, 188, 76, 90, 110, 19, 207,
       82, 248, 53, 0, 231, 11, 123, 219, 41, 145, 56, 249, 199, 226,
       108, 183, 24, 63, 243, 233, 33, 17, 115, 187, 106, 138, 32, 13,
       123, 110, 85, 205, 231, 103, 109, 5, 236, 8, 179, 173, 52, 48,
       216, 186, 66, 8, 74, 186, 112, 45, 119, 253, 16, 8, 81, 202, 70,
       232, 42, 201, 22, 190, 91, 201, 20, 103, 143, 0, 200, 35, 46, 186,
       32, 208, 224, 179, 203, 65, 70, 11, 2, 253, 179, 245, 24, 27, 18,
       14, 45, 138, 1, 161, 81, 233, 124, 137, 96, 191, 94, 33, 120, 192,
       183, 129, 216, 224, 91, 10, 6, 28, 19, 56, 71, 21, 140, 156, 48,
       108, 92, 136, 209, 168, 112, 201, 58, 108, 25, 204, 215, 230, 175,
       12, 236, 8, 163, 187, 39, 80, 200, 242, 236, 64, 74, 43, 114, 61,
       243, 253, 6, 27, 80, 26, 111, 42, 209, 72, 7, 156, 13, 68, 68, 32,
       172, 146, 162, 0, 230, 210, 33, 91, 232, 228, 106, 106, 104, 231,
       19, 237, 145, 178, 210, 24, 0, 56, 112, 42, 40, 185, 208, 105,
       253, 205, 240, 205, 79, 57, 112, 11, 42, 153, 100, 128, 136, 155,
       130, 80, 22, 58, 210, 177, 95, 221, 20, 127, 211, 10, 206, 139,
       216, 184, 158, 186, 42, 224, 144, 7, 174, 31, 134, 185, 173, 158,
       66, 91, 167, 51, 237, 145, 22, 79, 195, 81, 208, 241, 122, 251,
       152, 64, 45, 91, 184, 201, 110, 111, 92, 215, 203, 232, 102, 12,
       245, 2, 115, 90, 53, 112, 248, 184, 118, 235, 74, 167, 43, 63,
       115, 233, 163, 5, 113, 35, 118, 170, 1, 181, 59, 123, 211, 165,
       177, 119, 126, 65, 105, 84, 188, 154, 108, 48, 254, 43, 18, 17,
       147, 186, 48, 119, 109, 141, 50, 106, 88, 2, 163, 139, 61, 53, 57,
       238, 189, 95, 214, 248, 109, 232, 253, 76, 223, 125, 25, 48, 220,
       213, 94, 122, 153, 35, 121, 190, 251, 221, 37, 62, 202, 123, 82,
       51, 245, 199, 129, 158, 222, 35, 134, 232, 18, 178, 153, 254, 211,
       96, 201, 3, 89, 194, 74, 254, 121, 99, 79, 63, 184, 6, 231, 124,
       249, 123, 178, 160, 254, 92, 56, 162, 205, 253, 54, 199, 173, 47,
       191, 27, 142, 30, 75, 220, 233, 147, 207, 147, 126, 7, 88, 226,
       247, 85, 158, 123, 146, 95, 175, 86, 62, 48, 50, 172, 121, 31,
       146, 72, 63, 232, 241, 169, 78, 253, 46, 144, 252, 157, 215, 36,
       172, 179, 73, 158, 243, 223, 5, 191, 83, 174, 46, 211, 244, 74,
       71, 221, 12, 74, 229, 32, 237, 166, 242, 226, 67, 0, 181, 127,
       106, 228, 110, 234, 105, 231, 229, 200, 180, 42, 227, 16, 101,
       185, 112, 36, 253, 207, 192, 94, 188, 55, 207, 252, 83, 170, 189,
       222, 99, 96, 253, 183, 29, 198, 68, 110, 248, 99, 44, 63, 58, 206,
       101, 60, 247, 251, 218, 36, 13, 233, 155, 119, 180, 142, 103, 180,
       116, 138, 103, 80, 247, 243, 128, 112, 48, 108, 96, 74, 112, 248,
       139, 46, 229, 175, 37, 64, 192, 179, 131, 160, 220, 214, 31, 245,
       162, 110, 21, 191, 180, 222, 142, 245, 215, 119, 136, 91, 183,
       119, 125, 34, 249, 197, 33, 14, 225, 227, 127, 148, 40, 240, 133,
       115, 88, 42, 154, 184, 187, 233, 16, 199, 191, 25, 132, 57, 174,
       155, 99, 88, 163, 187, 207, 17, 30, 79, 130, 83, 219, 213, 26,
       123, 144, 0, 175, 11, 88, 151, 159, 245, 162, 106, 53, 191, 188,
